Result <-
list(DEPDC2_SNP1 = structure(c(0L, 0L, 4L, 0L, 2L, 74L, 7633L, 
18L, 0L, 0L, 1L, 0L, 0L, 50L, 8570L, 31L, 0L, 0L, 277L, 0L), dim = 4:5, dimnames = structure(list(
    c("-2", "-1", "0", "1"), c("A", "C", "G", "T", NA)), names = c("", 
""))), GM01_SNP1 = structure(c(1L, 1L, 342L, 11009L, 50L, 0L, 
0L, 1L, 11L, 0L, 0L, 0L, 6L, 166L, 0L), dim = c(5L, 3L), dimnames = structure(list(
    c("-3", "-2", "-1", "0", "1"), c("A", "G", NA)), names = c("", 
""))), GM07_SNP1 = structure(c(0L, 0L, 3L, 12L, 1L, 0L, 0L, 1L, 
5L, 339L, 6028L, 167L, 5L, 1L, 0L, 0L, 0L, 1L, 0L, 0L, 0L, 0L, 
0L, 0L, 1L, 0L, 0L, 0L, 0L, 0L, 10L, 168L, 5L, 0L, 0L), dim = c(7L, 
5L), dimnames = structure(list(c("-3", "-2", "-1", "0", "1", 
"2", "3"), c("A", "G", "N", "T", NA)), names = c("", ""))), GM09_SNP1 = structure(c(2L, 
260L, 0L, 107L, 18719L, 35L, 0L, 2L, 0L, 0L, 192L, 1L), dim = 3:4, dimnames = structure(list(
    c("-1", "0", "1"), c("A", "G", "T", NA)), names = c("", ""
))), GM11_SNP1 = structure(c(0L, 2L, 83L, 1L, 2L, 27L, 5005L, 
21L, 0L, 1L, 67L, 0L), dim = 4:3, dimnames = structure(list(c("-2", 
"-1", "0", "1"), c("A", "G", NA)), names = c("", ""))), GM14_SNP1 = structure(c(0L, 
0L, 1L, 0L, 0L, 10L, 276L, 8547L, 68L, 3L, 0L, 1L, 7L, 0L, 0L, 
0L, 1L, 144L, 2L, 0L), dim = 5:4, dimnames = structure(list(c("-2", 
"-1", "0", "1", "2"), c("A", "C", "T", NA)), names = c("", ""
))), GM17_SNP1 = structure(c(3L, 58L, 4471L, 7L, 2L, 104L, 4036L, 
10L, 0L, 2L, 86L, 0L), dim = 4:3, dimnames = structure(list(c("-2", 
"-1", "0", "1"), c("C", "T", NA)), names = c("", ""))), GM22_SNP1 = structure(c(5L, 
261L, 7624L, 52L, 0L, 0L, 4L, 0L, 0L, 0L, 2L, 0L, 0L, 1L, 107L, 
0L), dim = c(4L, 4L), dimnames = structure(list(c("-2", "-1", 
"0", "1"), c("A", "G", "T", NA)), names = c("", ""))), GM26_SNP1 = structure(c(0L, 
13L, 2728L, 10L, 1L, 16L, 2448L, 7L, 0L, 0L, 1L, 0L, 0L, 0L, 
80L, 0L), dim = c(4L, 4L), dimnames = structure(list(c("-3", 
"-1", "0", "1"), c("A", "G", "T", NA)), names = c("", ""))), 
    GM29_SNP1 = structure(c(2L, 69L, 4496L, 11L, 1L, 104L, 2L, 
    0L, 0L, 0L, 1L, 0L, 0L, 0L, 49L, 0L), dim = c(4L, 4L), dimnames = structure(list(
        c("-2", "-1", "0", "1"), c("A", "G", "T", NA)), names = c("", 
    ""))), IM16_SNP1 = structure(c(1L, 50L, 4592L, 99L, 1L, 0L, 
    1L, 257L, 1L, 0L, 0L, 0L, 1L, 0L, 0L, 0L, 1L, 82L, 5L, 0L
    ), dim = 5:4, dimnames = structure(list(c("-2", "-1", "0", 
    "1", "2"), c("A", "G", "T", NA)), names = c("", ""))), IM49_SNP1 = structure(c(3L, 
    118L, 3377L, 50L, 1L, 100L, 3274L, 58L, 0L, 8L, 280L, 5L), dim = 4:3, dimnames = structure(list(
        c("-2", "-1", "0", "1"), c("C", "G", NA)), names = c("", 
    ""))), LR10_SNP1 = structure(c(0L, 0L, 1L, 0L, 1L, 64L, 2681L, 
    18L, 1L, 41L, 2826L, 10L, 0L, 0L, 71L, 2L), dim = c(4L, 4L
    ), dimnames = structure(list(c("-2", "-1", "0", "1"), c("A", 
    "C", "T", NA)), names = c("", ""))), LR11_SNP1 = structure(c(0L, 
    2L, 90L, 4910L, 59L, 1L, 1L, 1L, 55L, 2535L, 15L, 0L, 0L, 
    0L, 0L, 1L, 0L, 0L, 0L, 0L, 0L, 1L, 0L, 0L, 0L, 0L, 5L, 150L, 
    1L, 0L), dim = 6:5, dimnames = structure(list(c("-3", "-2", 
    "-1", "0", "1", "2"), c("A", "C", "G", "T", NA)), names = c("", 
    ""))), LR17_SNP1 = structure(c(1L, 9L, 322L, 5056L, 208L, 
    3L, 0L, 0L, 0L, 4L, 0L, 0L, 0L, 0L, 0L, 1L, 0L, 0L, 0L, 0L, 
    28L, 515L, 4L, 0L), dim = c(6L, 4L), dimnames = structure(list(
        c("-3", "-2", "-1", "0", "1", "2"), c("A", "G", "T", 
        NA)), names = c("", ""))), LR20_SNP1 = structure(c(11L, 
    6301L, 49L, 45L, 105L, 0L, 0L, 32L, 0L), dim = c(3L, 3L), dimnames = structure(list(
        c("-1", "0", "1"), c("A", "G", NA)), names = c("", ""
    ))), LR24_SNP1 = structure(c(88L, 18284L, 41L, 0L, 123L, 
    1L, 0L, 4L, 0L, 1L, 152L, 3L), dim = 3:4, dimnames = structure(list(
        c("-1", "0", "1"), c("A", "G", "T", NA)), names = c("", 
    ""))), LR36_SNP1 = structure(c(0L, 0L, 0L, 21L, 0L, 0L, 0L, 
    0L, 0L, 1L, 0L, 0L, 0L, 0L, 0L, 1L, 0L, 0L, 3L, 16L, 199L, 
    9978L, 82L, 1L, 0L, 0L, 5L, 564L, 3L, 0L), dim = 6:5, dimnames = structure(list(
        c("-3", "-2", "-1", "0", "1", "3"), c("A", "C", "G", 
        "T", NA)), names = c("", ""))), LR40_SNP1 = structure(c(0L, 
    0L, 1L, 0L, 2L, 30L, 4751L, 10L, 0L, 1L, 38L, 3L), dim = 4:3, dimnames = structure(list(
        c("-2", "-1", "0", "1"), c("A", "C", NA)), names = c("", 
    ""))), LR44_SNP1 = structure(c(2L, 17L, 442L, 3696L, 40L, 
    1L, 0L, 0L, 0L, 2L, 40L, 1L, 0L, 0L, 0L, 0L, 0L, 3L, 0L, 
    0L, 0L, 1L, 10L, 478L, 3916L, 61L, 5L, 1L, 0L, 2L, 15L, 252L, 
    3L, 1L, 0L), dim = c(7L, 5L), dimnames = structure(list(c("-3", 
    "-2", "-1", "0", "1", "2", "3"), c("C", "G", "N", "T", NA
    )), names = c("", ""))), LR46_SNP1 = structure(c(0L, 0L, 
    1L, 0L, 0L, 0L, 0L, 83L, 0L, 0L, 1L, 10L, 4103L, 16L, 1L, 
    0L, 0L, 43L, 0L, 0L), dim = 5:4, dimnames = structure(list(
        c("-2", "-1", "0", "1", "2"), c("A", "G", "T", NA)), names = c("", 
    ""))), LR48_SNP1 = structure(c(0L, 0L, 2L, 0L, 0L, 5L, 181L, 
    6592L, 105L, 1L, 0L, 0L, 1L, 0L, 0L, 0L, 5L, 212L, 1L, 0L
    ), dim = 5:4, dimnames = structure(list(c("-2", "-1", "0", 
    "1", "2"), c("A", "C", "T", NA)), names = c("", ""))), LR49_SNP1 = structure(c(13L, 
    5185L, 0L, 10L, 4044L, 2L, 0L, 1L, 0L, 0L, 155L, 1L), dim = 3:4, dimnames = structure(list(
        c("-1", "0", "1"), c("A", "G", "T", NA)), names = c("", 
    ""))), LR52_SNP1 = structure(c(0L, 0L, 0L, 0L, 1L, 0L, 1L, 
    4L, 27L, 457L, 3380L, 21L, 0L, 0L, 0L, 2L, 10L, 0L, 0L, 0L, 
    6L, 77L, 1739L, 12L), dim = c(6L, 4L), dimnames = structure(list(
        c("-4", "-3", "-2", "-1", "0", "1"), c("A", "C", "T", 
        NA)), names = c("", ""))))
