Result <-
list(DEPDC2_SNP1 = structure(c(0L, 4L, 0L, 35L, 3236L, 9L, 0L, 
1L, 0L, 97L, 11071L, 48L, 1L, 199L, 2L), dim = c(3L, 5L), dimnames = structure(list(
    c("-1", "0", "1"), c("A", "C", "G", "T", NA)), names = c("", 
""))), GM01_SNP1 = structure(c(0L, 34L, 1239L, 4L, 1L, 109L, 
4208L, 29L, 0L, 5L, 75L, 3L), dim = 4:3, dimnames = structure(list(
    c("-2", "-1", "0", "1"), c("A", "G", NA)), names = c("", 
""))), GM07_SNP1 = structure(c(2L, 94L, 1436L, 63L, 8L, 1L, 193L, 
3201L, 202L, 14L, 0L, 0L, 1L, 0L, 0L, 0L, 0L, 3L, 0L, 0L, 0L, 
5L, 110L, 7L, 1L), dim = c(5L, 5L), dimnames = structure(list(
    c("-2", "-1", "0", "1", "2"), c("A", "G", "N", "T", NA)), names = c("", 
""))), GM09_SNP1 = structure(c(62L, 9046L, 74L, 1L, 11L, 1997L, 
5L, 0L, 0L, 1L, 0L, 0L, 1L, 90L, 0L, 0L), dim = c(4L, 4L), dimnames = structure(list(
    c("-1", "0", "1", "2"), c("A", "G", "T", NA)), names = c("", 
""))), GM11_SNP1 = structure(c(1L, 4L, 2157L, 12L, 0L, 3L, 643L, 
7L, 0L, 0L, 1L, 0L, 0L, 0L, 24L, 0L), dim = c(4L, 4L), dimnames = structure(list(
    c("-2", "-1", "0", "1"), c("A", "G", "T", NA)), names = c("", 
""))), GM14_SNP1 = structure(c(0L, 0L, 1L, 0L, 0L, 0L, 2L, 9L, 
0L, 0L, 10L, 277L, 7535L, 107L, 1L, 0L, 2L, 156L, 1L, 1L), dim = 5:4, dimnames = structure(list(
    c("-2", "-1", "0", "1", "2"), c("-", "C", "T", NA)), names = c("", 
""))), GM17_SNP1 = structure(c(0L, 0L, 4L, 0L, 3L, 141L, 8325L, 
65L, 0L, 2L, 61L, 0L), dim = 4:3, dimnames = structure(list(c("-2", 
"-1", "0", "1"), c("C", "T", NA)), names = c("", ""))), GM22_SNP1 = structure(c(1L, 
67L, 3682L, 24L, 1L, 0L, 13L, 918L, 2L, 0L, 0L, 1L, 68L, 1L, 
0L), dim = c(5L, 3L), dimnames = structure(list(c("-2", "-1", 
"0", "1", "2"), c("A", "G", NA)), names = c("", ""))), GM26_SNP1 = structure(c(3L, 
32L, 4306L, 19L, 1L, 7L, 918L, 3L, 0L, 1L, 50L, 0L), dim = 4:3, dimnames = structure(list(
    c("-2", "-1", "0", "1"), c("A", "G", NA)), names = c("", 
""))), GM29_SNP1 = structure(c(1L, 47L, 3876L, 11L, 1L, 15L, 
782L, 1L, 0L, 1L, 44L, 0L), dim = 4:3, dimnames = structure(list(
    c("-2", "-1", "0", "1"), c("A", "G", NA)), names = c("", 
""))), IM16_SNP1 = structure(c(0L, 4L, 0L, 0L, 0L, 26L, 3182L, 
48L, 2L, 0L, 0L, 1L, 0L, 0L, 0L, 0L, 50L, 3L, 0L, 1L), dim = 5:4, dimnames = structure(list(
    c("-1", "0", "1", "2", "3"), c("A", "G", "T", NA)), names = c("", 
""))), IM49_SNP1 = structure(c(0L, 0L, 0L, 1L, 0L, 0L, 3L, 143L, 
119L, 6L, 9L, 607L, 10252L, 412L, 10L, 0L, 15L, 554L, 45L, 2L
), dim = 5:4, dimnames = structure(list(c("-2", "-1", "0", "1", 
"2"), c("A", "C", "G", NA)), names = c("", ""))), LR10_SNP1 = structure(c(0L, 
0L, 1L, 0L, 1L, 159L, 4341L, 25L, 0L, 0L, 58L, 1L), dim = 4:3, dimnames = structure(list(
    c("-2", "-1", "0", "1"), c("C", "T", NA)), names = c("", 
""))), LR11_SNP1 = structure(c(1L, 120L, 3549L, 54L, 0L, 17L, 
770L, 7L, 0L, 0L, 1L, 0L, 0L, 3L, 74L, 0L), dim = c(4L, 4L), dimnames = structure(list(
    c("-2", "-1", "0", "1"), c("A", "C", "T", NA)), names = c("", 
""))), LR17_SNP1 = structure(c(8L, 323L, 4170L, 157L, 4L, 0L, 
0L, 3L, 0L, 0L, 0L, 20L, 373L, 1L, 0L), dim = c(5L, 3L), dimnames = structure(list(
    c("-2", "-1", "0", "1", "2"), c("A", "G", NA)), names = c("", 
""))), LR20_SNP1 = structure(c(1L, 144L, 1L, 9L, 4514L, 44L, 
1L, 43L, 1L), dim = c(3L, 3L), dimnames = structure(list(c("-1", 
"0", "1"), c("A", "G", NA)), names = c("", ""))), LR24_SNP1 = structure(c(55L, 
7299L, 29L, 0L, 27L, 0L, 1L, 99L, 2L), dim = c(3L, 3L), dimnames = structure(list(
    c("-1", "0", "1"), c("A", "G", NA)), names = c("", ""))), 
    LR36_SNP1 = structure(c(0L, 0L, 0L, 1L, 0L, 0L, 2L, 5L, 129L, 
    5435L, 74L, 0L, 0L, 0L, 0L, 1L, 0L, 0L, 0L, 0L, 0L, 3L, 0L, 
    0L, 0L, 0L, 0L, 1L, 0L, 0L, 0L, 3L, 22L, 1282L, 20L, 1L, 
    0L, 0L, 2L, 200L, 2L, 0L), dim = 6:7, dimnames = structure(list(
        c("-3", "-2", "-1", "0", "1", "2"), c("-", "A", "C", 
        "G", "N", "T", NA)), names = c("", ""))), LR40_SNP1 = structure(c(190L, 
    2364L, 10L, 2L, 16L, 0L), dim = 3:2, dimnames = structure(list(
        c("-1", "0", "1"), c("C", NA)), names = c("", ""))), 
    LR44_SNP1 = structure(c(0L, 0L, 1L, 0L, 0L, 0L, 0L, 3L, 65L, 
    203L, 1L, 0L, 0L, 0L, 0L, 2L, 0L, 0L, 3L, 23L, 732L, 5565L, 
    142L, 4L, 0L, 1L, 9L, 129L, 5L, 0L), dim = 6:5, dimnames = structure(list(
        c("-3", "-2", "-1", "0", "1", "2"), c("A", "C", "N", 
        "T", NA)), names = c("", ""))), LR46_SNP1 = structure(c(4L, 
    749L, 4L, 4L, 2242L, 7L, 0L, 28L, 0L), dim = c(3L, 3L), dimnames = structure(list(
        c("-1", "0", "1"), c("G", "T", NA)), names = c("", ""
    ))), LR48_SNP1 = structure(c(0L, 0L, 1L, 0L, 0L, 0L, 0L, 
    3L, 0L, 0L, 11L, 273L, 7194L, 198L, 3L, 1L, 5L, 386L, 9L, 
    0L), dim = 5:4, dimnames = structure(list(c("-2", "-1", "0", 
    "1", "2"), c("A", "C", "T", NA)), names = c("", ""))), LR49_SNP1 = structure(c(0L, 
    15L, 0L, 24L, 6804L, 8L, 0L, 58L, 0L), dim = c(3L, 3L), dimnames = structure(list(
        c("-1", "0", "1"), c("A", "G", NA)), names = c("", ""
    ))), LR52_SNP1 = structure(c(0L, 0L, 0L, 0L, 1L, 0L, 1L, 
    4L, 72L, 674L, 707L, 12L, 0L, 0L, 0L, 0L, 7L, 0L, 0L, 0L, 
    2L, 103L, 327L, 4L), dim = c(6L, 4L), dimnames = structure(list(
        c("-4", "-3", "-2", "-1", "0", "1"), c("A", "C", "T", 
        NA)), names = c("", ""))))
