Result <-
list(DEPDC2_SNP1 = structure(c(0L, 0L, 5L, 0L, 1L, 42L, 6041L, 
36L, 1034L, 48L, 6131L, 26L, 4L, 0L, 221L, 1L), dim = c(4L, 4L
), dimnames = structure(list(c("-2", "-1", "0", "1"), c("A", 
"C", "T", NA)), names = c("", ""))), GM01_SNP1 = structure(c(0L, 
0L, 0L, 13L, 0L, 1L, 3L, 1466L, 5724L, 22L, 0L, 0L, 1L, 65L, 
1L), dim = c(5L, 3L), dimnames = structure(list(c("-3", "-2", 
"-1", "0", "1"), c("A", "G", NA)), names = c("", ""))), GM07_SNP1 = structure(c(1L, 
25L, 837L, 1618L, 49L, 0L, 0L, 11L, 812L, 1339L, 27L, 1L, 0L, 
0L, 13L, 58L, 0L, 0L), dim = c(6L, 3L), dimnames = structure(list(
    c("-3", "-2", "-1", "0", "1", "2"), c("A", "G", NA)), names = c("", 
""))), GM09_SNP1 = structure(c(42L, 5352L, 5L, 232L, 4942L, 5L, 
0L, 1L, 0L, 0L, 70L, 2L), dim = 3:4, dimnames = structure(list(
    c("-1", "0", "1"), c("A", "G", "T", NA)), names = c("", ""
))), GM11_SNP1 = structure(c(0L, 59L, 2526L, 10L, 1L, 38L, 2054L, 
12L, 0L, 0L, 2L, 0L, 0L, 0L, 30L, 0L), dim = c(4L, 4L), dimnames = structure(list(
    c("-2", "-1", "0", "1"), c("A", "G", "T", NA)), names = c("", 
""))), GM14_SNP1 = structure(c(0L, 0L, 2L, 0L, 0L, 9L, 368L, 
6266L, 61L, 2L, 1L, 0L, 26L, 0L, 0L, 0L, 1L, 65L, 0L, 0L), dim = 5:4, dimnames = structure(list(
    c("-2", "-1", "0", "1", "2"), c("-", "C", "T", NA)), names = c("", 
""))), GM17_SNP1 = structure(c(0L, 0L, 18L, 0L, 1L, 67L, 6242L, 
18L, 0L, 1L, 61L, 1L), dim = 4:3, dimnames = structure(list(c("-2", 
"-1", "0", "1"), c("C", "T", NA)), names = c("", ""))), GM22_SNP1 = structure(c(0L, 
0L, 42L, 0L, 0L, 428L, 3843L, 25L, 0L, 0L, 1L, 0L, 1L, 9L, 103L, 
0L), dim = c(4L, 4L), dimnames = structure(list(c("-2", "-1", 
"0", "1"), c("A", "G", "T", NA)), names = c("", ""))), GM26_SNP1 = structure(c(1L, 
48L, 2161L, 7L, 0L, 37L, 1778L, 6L, 0L, 0L, 1L, 0L, 0L, 0L, 63L, 
0L), dim = c(4L, 4L), dimnames = structure(list(c("-2", "-1", 
"0", "1"), c("A", "G", "T", NA)), names = c("", ""))), GM29_SNP1 = structure(c(16L, 
1500L, 3294L, 11L, 0L, 0L, 4L, 0L, 0L, 0L, 1L, 0L, 0L, 11L, 44L, 
1L), dim = c(4L, 4L), dimnames = structure(list(c("-2", "-1", 
"0", "1"), c("A", "G", "T", NA)), names = c("", ""))), IM16_SNP1 = structure(c(3L, 
822L, 1586L, 29L, 0L, 59L, 2288L, 32L, 0L, 8L, 68L, 4L), dim = 4:3, dimnames = structure(list(
    c("-2", "-1", "0", "1"), c("A", "G", NA)), names = c("", 
""))), IM49_SNP1 = structure(c(1L, 187L, 1452L, 5949L, 145L, 
3L, 0L, 0L, 0L, 21L, 0L, 0L, 0L, 1L, 8L, 144L, 1L, 1L), dim = c(6L, 
3L), dimnames = structure(list(c("-3", "-2", "-1", "0", "1", 
"2"), c("C", "G", NA)), names = c("", ""))), LR10_SNP1 = structure(c(0L, 
0L, 2L, 0L, 0L, 45L, 2186L, 34L, 1L, 39L, 2291L, 12L, 0L, 1L, 
61L, 1L), dim = c(4L, 4L), dimnames = structure(list(c("-2", 
"-1", "0", "1"), c("-", "C", "T", NA)), names = c("", ""))), 
    LR11_SNP1 = structure(c(1L, 15L, 7L, 0L, 0L, 105L, 958L, 
    3934L, 38L, 2L, 0L, 0L, 1L, 0L, 0L, 0L, 0L, 2L, 0L, 0L, 1L, 
    18L, 143L, 3L, 0L), dim = c(5L, 5L), dimnames = structure(list(
        c("-2", "-1", "0", "1", "2"), c("A", "C", "G", "T", NA
        )), names = c("", ""))), LR17_SNP1 = structure(c(1L, 
    49L, 1318L, 2581L, 56L, 0L, 0L, 3L, 2L, 0L, 0L, 0L, 69L, 
    201L, 0L), dim = c(5L, 3L), dimnames = structure(list(c("-3", 
    "-2", "-1", "0", "1"), c("A", "G", NA)), names = c("", ""
    ))), LR20_SNP1 = structure(c(9L, 2344L, 6L, 2L, 2357L, 3L, 
    0L, 1L, 0L, 0L, 29L, 0L), dim = 3:4, dimnames = structure(list(
        c("-1", "0", "1"), c("A", "G", "T", NA)), names = c("", 
    ""))), LR24_SNP1 = structure(c(99L, 2379L, 7947L, 23L, 0L, 
    4L, 7L, 0L, 0L, 13L, 48L, 1L), dim = 4:3, dimnames = structure(list(
        c("-2", "-1", "0", "1"), c("A", "G", NA)), names = c("", 
    ""))), LR36_SNP1 = structure(c(0L, 0L, 0L, 1L, 0L, 0L, 3L, 
    136L, 1124L, 4882L, 59L, 1L, 0L, 0L, 0L, 12L, 0L, 0L, 0L, 
    1L, 7L, 114L, 1L, 0L), dim = c(6L, 4L), dimnames = structure(list(
        c("-3", "-2", "-1", "0", "1", "2"), c("-", "A", "T", 
        NA)), names = c("", ""))), LR40_SNP1 = structure(c(0L, 
    2L, 0L, 0L, 41L, 3544L, 11L, 1L, 0L, 19L, 0L, 0L), dim = 4:3, dimnames = structure(list(
        c("-1", "0", "1", "2"), c("A", "C", NA)), names = c("", 
    ""))), LR44_SNP1 = structure(c(0L, 0L, 0L, 1L, 24L, 3L, 0L, 
    0L, 50L, 111L, 814L, 1597L, 30L, 0L, 0L, 0L, 0L, 36L, 289L, 
    2473L, 46L, 0L, 1L, 1L, 1L, 1L, 12L, 95L, 1L, 0L, 0L, 0L), dim = c(8L, 
    4L), dimnames = structure(list(c("-3", "-2", "-1", "0", "1", 
    "2", "3", "8"), c("-", "C", "T", NA)), names = c("", ""))), 
    LR46_SNP1 = structure(c(47L, 4266L, 9L, 0L, 8L, 0L, 0L, 38L, 
    0L), dim = c(3L, 3L), dimnames = structure(list(c("-1", "0", 
    "1"), c("G", "T", NA)), names = c("", ""))), LR48_SNP1 = structure(c(0L, 
    0L, 1L, 0L, 0L, 0L, 6L, 68L, 0L, 0L, 128L, 626L, 3031L, 39L, 
    1L, 1L, 7L, 87L, 2L, 0L), dim = 5:4, dimnames = structure(list(
        c("-2", "-1", "0", "1", "2"), c("A", "C", "T", NA)), names = c("", 
    ""))), LR49_SNP1 = structure(c(0L, 277L, 2724L, 2L, 0L, 0L, 
    1L, 0L, 5L, 516L, 2381L, 2L, 0L, 1L, 0L, 0L, 0L, 5L, 65L, 
    0L), dim = 4:5, dimnames = structure(list(c("-2", "-1", "0", 
    "1"), c("A", "C", "G", "T", NA)), names = c("", ""))), LR52_SNP1 = structure(c(0L, 
    0L, 0L, 0L, 1L, 0L, 21L, 143L, 267L, 387L, 1078L, 10L, 1L, 
    23L, 427L, 217L, 1462L, 28L, 0L, 0L, 8L, 37L, 293L, 4L), dim = c(6L, 
    4L), dimnames = structure(list(c("-4", "-3", "-2", "-1", 
    "0", "1"), c("A", "C", "T", NA)), names = c("", ""))))
