Result <-
list(DEPDC2_SNP1 = structure(c(0L, 0L, 4L, 0L, 0L, 106L, 12L, 
0L, 3L, 153L, 18135L, 53L, 0L, 0L, 209L, 1L), dim = c(4L, 4L), dimnames = structure(list(
    c("-2", "-1", "0", "1"), c("A", "C", "T", NA)), names = c("", 
""))), GM01_SNP1 = structure(c(0L, 90L, 4766L, 20L, 2L, 47L, 
3498L, 17L, 0L, 0L, 1L, 0L, 0L, 7L, 124L, 1L), dim = c(4L, 4L
), dimnames = structure(list(c("-2", "-1", "0", "1"), c("A", 
"G", "T", NA)), names = c("", ""))), GM07_SNP1 = structure(c(55L, 
269L, 3429L, 111L, 1L, 4L, 243L, 3719L, 70L, 1L, 0L, 0L, 1L, 
0L, 0L, 1L, 6L, 164L, 0L, 0L), dim = 5:4, dimnames = structure(list(
    c("-2", "-1", "0", "1", "2"), c("A", "G", "T", NA)), names = c("", 
""))), GM09_SNP1 = structure(c(79L, 7554L, 11L, 0L, 1L, 0L, 29L, 
7291L, 4L, 0L, 1L, 0L, 3L, 172L, 0L), dim = c(3L, 5L), dimnames = structure(list(
    c("-1", "0", "1"), c("A", "C", "G", "T", NA)), names = c("", 
""))), GM11_SNP1 = structure(c(17L, 3051L, 8L, 22L, 2403L, 14L, 
0L, 46L, 0L), dim = c(3L, 3L), dimnames = structure(list(c("-1", 
"0", "1"), c("A", "G", NA)), names = c("", ""))), GM14_SNP1 = structure(c(1L, 
9L, 149L, 4499L, 49L, 2L, 1L, 3L, 99L, 3872L, 62L, 1L, 0L, 0L, 
0L, 161L, 0L, 0L), dim = c(6L, 3L), dimnames = structure(list(
    c("-3", "-2", "-1", "0", "1", "2"), c("C", "T", NA)), names = c("", 
""))), GM17_SNP1 = structure(c(0L, 2L, 138L, 0L, 1L, 95L, 7281L, 
30L, 0L, 0L, 66L, 1L), dim = 4:3, dimnames = structure(list(c("-3", 
"-1", "0", "1"), c("C", "T", NA)), names = c("", ""))), GM22_SNP1 = structure(c(4L, 
118L, 7578L, 67L, 3L, 0L, 0L, 2L, 0L, 0L, 0L, 3L, 110L, 1L, 0L
), dim = c(5L, 3L), dimnames = structure(list(c("-2", "-1", "0", 
"1", "2"), c("A", "G", NA)), names = c("", ""))), GM26_SNP1 = structure(c(1L, 
73L, 4834L, 17L, 0L, 0L, 1L, 0L, 0L, 0L, 47L, 0L), dim = 4:3, dimnames = structure(list(
    c("-2", "-1", "0", "1"), c("A", "G", NA)), names = c("", 
""))), GM29_SNP1 = structure(c(1L, 52L, 4692L, 13L, 0L, 0L, 2L, 
0L, 0L, 3L, 32L, 0L), dim = 4:3, dimnames = structure(list(c("-2", 
"-1", "0", "1"), c("A", "G", NA)), names = c("", ""))), IM16_SNP1 = structure(c(23L, 
2789L, 36L, 1L, 24L, 3056L, 44L, 1L, 2L, 102L, 5L, 0L), dim = 4:3, dimnames = structure(list(
    c("-1", "0", "1", "2"), c("A", "G", NA)), names = c("", ""
))), IM49_SNP1 = structure(c(7L, 303L, 6175L, 116L, 2L, 0L, 0L, 
2L, 1L, 0L, 0L, 1L, 1L, 0L, 0L, 0L, 7L, 160L, 5L, 1L), dim = 5:4, dimnames = structure(list(
    c("-2", "-1", "0", "1", "2"), c("C", "G", "T", NA)), names = c("", 
""))), LR10_SNP1 = structure(c(0L, 0L, 2L, 0L, 2L, 118L, 2781L, 
18L, 2L, 93L, 4103L, 18L, 1L, 3L, 99L, 3L), dim = c(4L, 4L), dimnames = structure(list(
    c("-2", "-1", "0", "1"), c("A", "C", "T", NA)), names = c("", 
""))), LR11_SNP1 = structure(c(0L, 1L, 5L, 0L, 4L, 94L, 4327L, 
33L, 0L, 0L, 162L, 0L), dim = 4:3, dimnames = structure(list(
    c("-2", "-1", "0", "1"), c("A", "C", NA)), names = c("", 
""))), LR17_SNP1 = structure(c(7L, 150L, 3912L, 57L, 1L, 0L, 
10L, 360L, 2L, 0L), dim = c(5L, 2L), dimnames = structure(list(
    c("-2", "-1", "0", "1", "2"), c("A", NA)), names = c("", 
""))), LR20_SNP1 = structure(c(9L, 3054L, 2L, 4L, 3382L, 6L, 
0L, 43L, 0L), dim = c(3L, 3L), dimnames = structure(list(c("-1", 
"0", "1"), c("A", "G", NA)), names = c("", ""))), LR24_SNP1 = structure(c(1L, 
27L, 7003L, 22L, 1L, 28L, 5864L, 13L, 0L, 0L, 1L, 0L, 0L, 2L, 
111L, 0L), dim = c(4L, 4L), dimnames = structure(list(c("-2", 
"-1", "0", "1"), c("A", "G", "T", NA)), names = c("", ""))), 
    LR36_SNP1 = structure(c(0L, 0L, 1L, 9L, 0L, 0L, 0L, 0L, 0L, 
    1L, 0L, 0L, 0L, 0L, 0L, 1L, 0L, 0L, 1L, 7L, 90L, 5716L, 56L, 
    1L, 0L, 0L, 2L, 309L, 4L, 0L), dim = 6:5, dimnames = structure(list(
        c("-3", "-2", "-1", "0", "1", "2"), c("A", "C", "G", 
        "T", NA)), names = c("", ""))), LR40_SNP1 = structure(c(0L, 
    2L, 65L, 0L, 1L, 88L, 4717L, 16L, 1L, 0L, 45L, 0L), dim = 4:3, dimnames = structure(list(
        c("-2", "-1", "0", "1"), c("A", "C", NA)), names = c("", 
    ""))), LR44_SNP1 = structure(c(0L, 0L, 0L, 1L, 0L, 0L, 0L, 
    5L, 240L, 3457L, 41L, 0L, 2L, 7L, 297L, 3556L, 66L, 1L, 0L, 
    0L, 8L, 195L, 6L, 0L), dim = c(6L, 4L), dimnames = structure(list(
        c("-3", "-2", "-1", "0", "1", "4"), c("A", "C", "T", 
        NA)), names = c("", ""))), LR46_SNP1 = structure(c(0L, 
    6L, 1L, 13L, 6150L, 20L, 0L, 58L, 0L), dim = c(3L, 3L), dimnames = structure(list(
        c("-1", "0", "1"), c("G", "T", NA)), names = c("", ""
    ))), LR48_SNP1 = structure(c(4L, 231L, 6109L, 97L, 0L, 4L, 
    175L, 5L), dim = c(4L, 2L), dimnames = structure(list(c("-2", 
    "-1", "0", "1"), c("C", NA)), names = c("", ""))), LR49_SNP1 = structure(c(0L, 
    1L, 0L, 16L, 6816L, 4L, 1L, 13L, 0L, 0L, 1L, 0L, 0L, 138L, 
    0L), dim = c(3L, 5L), dimnames = structure(list(c("-1", "0", 
    "1"), c("-", "A", "G", "T", NA)), names = c("", ""))), LR52_SNP1 = structure(c(0L, 
    0L, 0L, 3L, 0L, 3L, 31L, 387L, 2378L, 23L, 0L, 0L, 0L, 11L, 
    0L, 0L, 0L, 47L, 1147L, 5L), dim = 5:4, dimnames = structure(list(
        c("-3", "-2", "-1", "0", "1"), c("A", "C", "T", NA)), names = c("", 
    ""))))
