Result <-
list(DEPDC2_SNP1 = structure(c(0L, 0L, 1L, 0L, 0L, 0L, 20L, 0L, 
1L, 123L, 12383L, 49L, 0L, 1L, 173L, 0L), dim = c(4L, 4L), dimnames = structure(list(
    c("-2", "-1", "0", "1"), c("A", "C", "T", NA)), names = c("", 
""))), GM01_SNP1 = structure(c(2L, 82L, 6239L, 42L, 1L, 0L, 1L, 
7L, 0L, 0L, 0L, 6L, 90L, 2L, 0L), dim = c(5L, 3L), dimnames = structure(list(
    c("-2", "-1", "0", "1", "2"), c("A", "G", NA)), names = c("", 
""))), GM07_SNP1 = structure(c(0L, 0L, 0L, 1L, 0L, 0L, 1L, 1498L, 
522L, 496L, 22L, 0L, 0L, 5L, 553L, 1502L, 98L, 9L, 0L, 0L, 0L, 
0L, 0L, 0L, 0L, 10L, 11L, 58L, 3L, 0L), dim = 6:5, dimnames = structure(list(
    c("-3", "-2", "-1", "0", "1", "2"), c("-", "A", "G", "T", 
    NA)), names = c("", ""))), GM09_SNP1 = structure(c(0L, 34L, 
5249L, 4L, 1L, 26L, 4408L, 15L, 0L, 0L, 1L, 0L, 0L, 0L, 117L, 
1L), dim = c(4L, 4L), dimnames = structure(list(c("-2", "-1", 
"0", "1"), c("A", "G", "T", NA)), names = c("", ""))), GM11_SNP1 = structure(c(47L, 
4754L, 14L, 0L, 67L, 1L, 0L, 50L, 1L), dim = c(3L, 3L), dimnames = structure(list(
    c("-1", "0", "1"), c("A", "G", NA)), names = c("", ""))), 
    GM14_SNP1 = structure(c(0L, 0L, 0L, 1L, 0L, 0L, 1L, 41L, 
    2026L, 1087L, 91L, 2L, 0L, 6L, 138L, 3698L, 27L, 0L, 0L, 
    0L, 6L, 90L, 0L, 0L), dim = c(6L, 4L), dimnames = structure(list(
        c("-3", "-2", "-1", "0", "1", "2"), c("A", "C", "T", 
        NA)), names = c("", ""))), GM17_SNP1 = structure(c(0L, 
    0L, 9L, 0L, 1L, 70L, 6633L, 25L, 0L, 2L, 54L, 1L), dim = 4:3, dimnames = structure(list(
        c("-3", "-1", "0", "1"), c("C", "T", NA)), names = c("", 
    ""))), GM22_SNP1 = structure(c(0L, 46L, 2761L, 12L, 7L, 2231L, 
    424L, 2L, 0L, 0L, 0L, 0L, 1L, 18L, 51L, 2L), dim = c(4L, 
    4L), dimnames = structure(list(c("-2", "-1", "0", "1"), c("A", 
    "G", "T", NA)), names = c("", ""))), GM26_SNP1 = structure(c(1L, 
    153L, 6254L, 26L, 0L, 0L, 2L, 0L, 0L, 2L, 57L, 0L), dim = 4:3, dimnames = structure(list(
        c("-2", "-1", "0", "1"), c("A", "G", NA)), names = c("", 
    ""))), GM29_SNP1 = structure(c(1L, 43L, 2299L, 7L, 2L, 48L, 
    1705L, 3L, 0L, 0L, 45L, 1L), dim = 4:3, dimnames = structure(list(
        c("-2", "-1", "0", "1"), c("A", "G", NA)), names = c("", 
    ""))), IM16_SNP1 = structure(c(20L, 2265L, 32L, 1L, 0L, 1L, 
    0L, 0L, 167L, 1711L, 25L, 0L, 4L, 88L, 4L, 0L), dim = c(4L, 
    4L), dimnames = structure(list(c("-1", "0", "1", "2"), c("A", 
    "C", "G", NA)), names = c("", ""))), IM49_SNP1 = structure(c(1L, 
    2L, 216L, 2764L, 4155L, 85L, 2L, 0L, 0L, 0L, 4L, 6L, 0L, 
    0L, 0L, 0L, 2L, 23L, 108L, 5L, 0L), dim = c(7L, 3L), dimnames = structure(list(
        c("-4", "-3", "-2", "-1", "0", "1", "2"), c("C", "G", 
        NA)), names = c("", ""))), LR10_SNP1 = structure(c(0L, 
    1L, 0L, 0L, 1L, 0L, 56L, 2356L, 69L, 0L, 1L, 0L, 56L, 2704L, 
    37L, 3L, 67L, 2L), dim = c(3L, 6L), dimnames = structure(list(
        c("-1", "0", "1"), c("-", "A", "C", "G", "T", NA)), names = c("", 
    ""))), LR11_SNP1 = structure(c(0L, 0L, 6L, 0L, 0L, 5L, 200L, 
    4258L, 38L, 1L, 1L, 2L, 153L, 0L, 0L), dim = c(5L, 3L), dimnames = structure(list(
        c("-2", "-1", "0", "1", "2"), c("A", "C", NA)), names = c("", 
    ""))), LR17_SNP1 = structure(c(6L, 193L, 2575L, 69L, 1L, 
    13L, 253L, 6L), dim = c(4L, 2L), dimnames = structure(list(
        c("-2", "-1", "0", "1"), c("A", NA)), names = c("", ""
    ))), LR20_SNP1 = structure(c(11L, 2312L, 5L, 0L, 1L, 0L, 
    6L, 2588L, 6L, 0L, 28L, 0L), dim = 3:4, dimnames = structure(list(
        c("-1", "0", "1"), c("A", "C", "G", NA)), names = c("", 
    ""))), LR24_SNP1 = structure(c(192L, 9465L, 24L, 2L, 144L, 
    1L, 2L, 88L, 2L), dim = c(3L, 3L), dimnames = structure(list(
        c("-1", "0", "1"), c("A", "G", NA)), names = c("", ""
    ))), LR36_SNP1 = structure(c(1L, 0L, 37L, 1359L, 1066L, 14L, 
    0L, 0L, 0L, 0L, 1L, 0L, 0L, 0L, 0L, 0L, 1L, 0L, 0L, 1L, 3L, 
    104L, 2334L, 24L, 0L, 0L, 0L, 11L, 178L, 4L), dim = 6:5, dimnames = structure(list(
        c("-4", "-3", "-2", "-1", "0", "1"), c("A", "C", "N", 
        "T", NA)), names = c("", ""))), LR40_SNP1 = structure(c(1L, 
    1L, 2L, 96L, 1L, 0L, 0L, 35L, 3448L, 11L, 0L, 0L, 0L, 31L, 
    0L), dim = c(5L, 3L), dimnames = structure(list(c("-5", "-2", 
    "-1", "0", "1"), c("A", "C", NA)), names = c("", ""))), LR44_SNP1 = structure(c(1L, 
    60L, 1803L, 1825L, 4357L, 73L, 3L, 0L, 0L, 0L, 3L, 39L, 2L, 
    0L, 0L, 0L, 12L, 28L, 168L, 3L, 0L), dim = c(7L, 3L), dimnames = structure(list(
        c("-4", "-3", "-2", "-1", "0", "1", "2"), c("C", "T", 
        NA)), names = c("", ""))), LR46_SNP1 = structure(c(1L, 
    2L, 695L, 4119L, 14L, 1L, 0L, 0L, 1L, 2L, 0L, 0L, 0L, 0L, 
    4L, 36L, 0L, 0L), dim = c(6L, 3L), dimnames = structure(list(
        c("-3", "-2", "-1", "0", "1", "2"), c("G", "T", NA)), names = c("", 
    ""))), LR48_SNP1 = structure(c(0L, 9L, 414L, 1693L, 28L, 
    1L, 2L, 80L, 2617L, 38L, 0L, 0L, 8L, 195L, 2L), dim = c(5L, 
    3L), dimnames = structure(list(c("-3", "-2", "-1", "0", "1"
    ), c("C", "T", NA)), names = c("", ""))), LR49_SNP1 = structure(c(48L, 
    2932L, 1L, 4L, 2144L, 1L, 1L, 81L, 0L), dim = c(3L, 3L), dimnames = structure(list(
        c("-1", "0", "1"), c("A", "G", NA)), names = c("", ""
    ))), LR52_SNP1 = structure(c(0L, 0L, 0L, 0L, 1L, 0L, 0L, 
    2L, 62L, 287L, 997L, 19L, 1L, 1L, 36L, 440L, 1584L, 16L, 
    0L, 0L, 2L, 46L, 650L, 16L), dim = c(6L, 4L), dimnames = structure(list(
        c("-4", "-3", "-2", "-1", "0", "1"), c("A", "C", "T", 
        NA)), names = c("", ""))))
