Result <-
list(DEPDC2_SNP1 = structure(c(0L, 0L, 1L, 0L, 0L, 0L, 9L, 0L, 
2L, 93L, 9613L, 71L, 0L, 0L, 134L, 0L), dim = c(4L, 4L), dimnames = structure(list(
    c("-2", "-1", "0", "1"), c("A", "C", "T", NA)), names = c("", 
""))), GM01_SNP1 = structure(c(0L, 0L, 1L, 0L, 0L, 4L, 165L, 
8931L, 33L, 0L, 0L, 2L, 5L, 0L, 0L, 0L, 2L, 120L, 0L, 1L), dim = 5:4, dimnames = structure(list(
    c("-2", "-1", "0", "1", "2"), c("-", "A", "G", NA)), names = c("", 
""))), GM07_SNP1 = structure(c(0L, 0L, 17L, 0L, 0L, 42L, 830L, 
4862L, 159L, 2L, 0L, 10L, 125L, 4L, 0L), dim = c(5L, 3L), dimnames = structure(list(
    c("-2", "-1", "0", "1", "2"), c("A", "G", NA)), names = c("", 
""))), GM09_SNP1 = structure(c(102L, 9244L, 18L, 0L, 0L, 1L, 
0L, 0L, 74L, 6134L, 10L, 1L, 0L, 1L, 0L, 0L, 1L, 146L, 0L, 0L
), dim = 4:5, dimnames = structure(list(c("-1", "0", "1", "2"
), c("A", "C", "G", "T", NA)), names = c("", ""))), GM11_SNP1 = structure(c(1L, 
79L, 3724L, 14L, 0L, 0L, 7L, 0L, 0L, 0L, 1L, 0L, 0L, 1L, 29L, 
0L), dim = c(4L, 4L), dimnames = structure(list(c("-2", "-1", 
"0", "1"), c("A", "G", "T", NA)), names = c("", ""))), GM14_SNP1 = structure(c(1L, 
146L, 1597L, 7371L, 61L, 1L, 0L, 19L, 30L, 9L, 0L, 0L, 0L, 0L, 
2L, 110L, 0L, 0L), dim = c(6L, 3L), dimnames = structure(list(
    c("-3", "-2", "-1", "0", "1", "2"), c("C", "T", NA)), names = c("", 
""))), GM17_SNP1 = structure(c(0L, 129L, 4503L, 12L, 1L, 57L, 
4984L, 20L, 0L, 0L, 94L, 0L), dim = 4:3, dimnames = structure(list(
    c("-2", "-1", "0", "1"), c("C", "T", NA)), names = c("", 
""))), GM22_SNP1 = structure(c(3L, 184L, 6660L, 37L, 1L, 0L, 
0L, 3L, 0L, 0L, 0L, 0L, 2L, 0L, 0L, 0L, 4L, 107L, 1L, 0L), dim = 5:4, dimnames = structure(list(
    c("-2", "-1", "0", "1", "2"), c("A", "G", "T", NA)), names = c("", 
""))), GM26_SNP1 = structure(c(1L, 30L, 4189L, 7L, 0L, 1L, 4L, 
0L, 0L, 3L, 84L, 0L), dim = 4:3, dimnames = structure(list(c("-2", 
"-1", "0", "1"), c("A", "G", NA)), names = c("", ""))), GM29_SNP1 = structure(c(0L, 
2L, 103L, 3006L, 7L, 1L, 0L, 0L, 44L, 3465L, 12L, 0L, 1L, 0L, 
1L, 84L, 0L, 0L), dim = c(6L, 3L), dimnames = structure(list(
    c("-3", "-2", "-1", "0", "1", "2"), c("A", "G", NA)), names = c("", 
""))), IM16_SNP1 = structure(c(72L, 2806L, 44L, 0L, 24L, 3184L, 
92L, 3L, 1L, 111L, 4L, 0L), dim = 4:3, dimnames = structure(list(
    c("-1", "0", "1", "2"), c("A", "G", NA)), names = c("", ""
))), IM49_SNP1 = structure(c(33L, 416L, 5841L, 151L, 5L, 6L, 
271L, 4583L, 163L, 6L, 0L, 0L, 1L, 1L, 0L, 0L, 7L, 352L, 10L, 
0L), dim = 5:4, dimnames = structure(list(c("-2", "-1", "0", 
"1", "2"), c("C", "G", "T", NA)), names = c("", ""))), LR10_SNP1 = structure(c(0L, 
9L, 1L, 109L, 4665L, 16L, 0L, 59L, 1L), dim = c(3L, 3L), dimnames = structure(list(
    c("-1", "0", "1"), c("C", "T", NA)), names = c("", ""))), 
    LR11_SNP1 = structure(c(0L, 0L, 1L, 0L, 0L, 4L, 293L, 3473L, 
    20L, 1L, 3L, 65L, 2580L, 13L, 1L, 1L, 5L, 109L, 1L, 0L), dim = 5:4, dimnames = structure(list(
        c("-2", "-1", "0", "1", "2"), c("-", "A", "C", NA)), names = c("", 
    ""))), LR17_SNP1 = structure(c(1L, 46L, 2019L, 5184L, 88L, 
    2L, 0L, 0L, 0L, 3L, 0L, 0L, 0L, 1L, 0L, 0L, 0L, 0L, 0L, 0L, 
    79L, 394L, 2L, 0L), dim = c(6L, 4L), dimnames = structure(list(
        c("-3", "-2", "-1", "0", "1", "2"), c("A", "G", "T", 
        NA)), names = c("", ""))), LR20_SNP1 = structure(c(0L, 
    0L, 1L, 0L, 1L, 39L, 6843L, 11L, 0L, 0L, 5L, 0L, 0L, 0L, 
    28L, 0L), dim = c(4L, 4L), dimnames = structure(list(c("-3", 
    "-1", "0", "1"), c("-", "A", "G", NA)), names = c("", ""))), 
    LR24_SNP1 = structure(c(4L, 605L, 21860L, 46L, 0L, 0L, 32L, 
    0L, 0L, 1L, 3L, 0L, 0L, 3L, 219L, 4L), dim = c(4L, 4L), dimnames = structure(list(
        c("-2", "-1", "0", "1"), c("A", "G", "T", NA)), names = c("", 
    ""))), LR36_SNP1 = structure(c(0L, 0L, 0L, 0L, 45L, 0L, 0L, 
    1L, 1L, 14L, 317L, 8707L, 114L, 1L, 0L, 0L, 1L, 19L, 603L, 
    7L, 0L), dim = c(7L, 3L), dimnames = structure(list(c("-4", 
    "-3", "-2", "-1", "0", "1", "2"), c("A", "T", NA)), names = c("", 
    ""))), LR40_SNP1 = structure(c(0L, 1L, 0L, 89L, 5851L, 19L, 
    0L, 1L, 0L, 2L, 42L, 0L), dim = 3:4, dimnames = structure(list(
        c("-1", "0", "1"), c("A", "C", "T", NA)), names = c("", 
    ""))), LR44_SNP1 = structure(c(0L, 0L, 0L, 5L, 0L, 0L, 1L, 
    33L, 22L, 0L, 9L, 193L, 1764L, 3442L, 76L, 0L, 1L, 43L, 81L, 
    1L, 0L, 3L, 27L, 106L, 2L), dim = c(5L, 5L), dimnames = structure(list(
        c("-3", "-2", "-1", "0", "1"), c("-", "A", "C", "T", 
        NA)), names = c("", ""))), LR46_SNP1 = structure(c(0L, 
    0L, 1L, 0L, 0L, 0L, 1L, 0L, 0L, 0L, 2L, 0L, 1L, 38L, 3464L, 
    9L, 0L, 67L, 3227L, 13L, 0L, 0L, 55L, 0L), dim = c(4L, 6L
    ), dimnames = structure(list(c("-2", "-1", "0", "1"), c("-", 
    "A", "C", "G", "T", NA)), names = c("", ""))), LR48_SNP1 = structure(c(54L, 
    1796L, 4205L, 81L, 1L, 1L, 19L, 125L, 0L, 0L), dim = c(5L, 
    2L), dimnames = structure(list(c("-2", "-1", "0", "1", "2"
    ), c("C", NA)), names = c("", ""))), LR49_SNP1 = structure(c(0L, 
    16L, 157L, 7512L, 1L, 47L), dim = 2:3, dimnames = structure(list(
        c("-1", "0"), c("A", "G", NA)), names = c("", ""))), 
    LR52_SNP1 = structure(c(0L, 0L, 0L, 3L, 0L, 20L, 216L, 468L, 
    1565L, 16L, 3L, 33L, 349L, 2089L, 39L, 0L, 8L, 43L, 429L, 
    7L), dim = 5:4, dimnames = structure(list(c("-3", "-2", "-1", 
    "0", "1"), c("A", "C", "T", NA)), names = c("", ""))))
