Result <-
list(DEPDC2_SNP1 = structure(c(0L, 0L, 0L, 2L, 0L, 0L, 0L, 1L, 
115L, 0L, 1L, 2L, 252L, 18065L, 185L, 0L, 0L, 2L, 223L, 1L), dim = 5:4, dimnames = structure(list(
    c("-3", "-2", "-1", "0", "1"), c("A", "C", "T", NA)), names = c("", 
""))), GM01_SNP1 = structure(c(0L, 0L, 1L, 0L, 0L, 1L, 317L, 
10308L, 41L, 2L, 0L, 0L, 12L, 0L, 0L, 0L, 0L, 1L, 0L, 0L, 0L, 
9L, 120L, 0L, 0L), dim = c(5L, 5L), dimnames = structure(list(
    c("-2", "-1", "0", "1", "2"), c("-", "A", "G", "T", NA)), names = c("", 
""))), GM07_SNP1 = structure(c(0L, 1L, 1L, 0L, 0L, 0L, 1L, 40L, 
2424L, 771L, 20L, 0L, 0L, 14L, 983L, 3305L, 104L, 6L, 0L, 4L, 
28L, 101L, 0L, 0L), dim = c(6L, 4L), dimnames = structure(list(
    c("-3", "-2", "-1", "0", "1", "2"), c("-", "A", "G", NA)), names = c("", 
""))), GM09_SNP1 = structure(c(0L, 37L, 0L, 87L, 18488L, 28L, 
0L, 1L, 0L, 3L, 215L, 1L), dim = 3:4, dimnames = structure(list(
    c("-1", "0", "1"), c("A", "G", "T", NA)), names = c("", ""
))), GM11_SNP1 = structure(c(1L, 39L, 2618L, 6L, 0L, 0L, 0L, 
8L, 720L, 2493L, 81L, 2L, 0L, 0L, 0L, 1L, 0L, 0L, 0L, 1L, 40L, 
45L, 0L, 0L), dim = c(6L, 4L), dimnames = structure(list(c("-2", 
"-1", "0", "1", "2", "3"), c("A", "G", "T", NA)), names = c("", 
""))), GM14_SNP1 = structure(c(0L, 0L, 0L, 2L, 0L, 0L, 11L, 364L, 
4537L, 57L, 1L, 3L, 292L, 4917L, 33L, 0L, 0L, 3L, 172L, 2L), dim = 5:4, dimnames = structure(list(
    c("-4", "-2", "-1", "0", "1"), c("A", "C", "T", NA)), names = c("", 
""))), GM17_SNP1 = structure(c(0L, 122L, 4894L, 19L, 0L, 0L, 
1L, 0L, 2L, 118L, 5505L, 20L, 0L, 0L, 76L, 0L), dim = c(4L, 4L
), dimnames = structure(list(c("-2", "-1", "0", "1"), c("C", 
"N", "T", NA)), names = c("", ""))), GM22_SNP1 = structure(c(1L, 
2L, 108L, 7193L, 26L, 1L, 0L, 0L, 3L, 187L, 0L, 0L, 0L, 0L, 2L, 
101L, 1L, 0L), dim = c(6L, 3L), dimnames = structure(list(c("-3", 
"-2", "-1", "0", "1", "2"), c("A", "G", NA)), names = c("", ""
))), GM26_SNP1 = structure(c(1L, 13L, 2910L, 7L, 0L, 31L, 3407L, 
10L, 0L, 0L, 0L, 0L, 0L, 3L, 80L, 0L), dim = c(4L, 4L), dimnames = structure(list(
    c("-3", "-1", "0", "1"), c("A", "G", "T", NA)), names = c("", 
""))), GM29_SNP1 = structure(c(4L, 270L, 2117L, 5L, 0L, 2L, 36L, 
2525L, 7L, 1L, 0L, 1L, 54L, 0L, 0L), dim = c(5L, 3L), dimnames = structure(list(
    c("-2", "-1", "0", "1", "2"), c("A", "G", NA)), names = c("", 
""))), IM16_SNP1 = structure(c(1L, 443L, 3962L, 47L, 1L, 0L, 
0L, 1L, 0L, 0L, 0L, 109L, 4178L, 68L, 0L, 0L, 0L, 135L, 5L, 0L
), dim = 5:4, dimnames = structure(list(c("-2", "-1", "0", "1", 
"2"), c("A", "C", "G", NA)), names = c("", ""))), IM49_SNP1 = structure(c(3L, 
185L, 3712L, 1097L, 57L, 1L, 0L, 14L, 292L, 5054L, 90L, 1L, 0L, 
2L, 36L, 352L, 11L, 0L), dim = c(6L, 3L), dimnames = structure(list(
    c("-3", "-2", "-1", "0", "1", "2"), c("C", "G", NA)), names = c("", 
""))), LR10_SNP1 = structure(c(0L, 0L, 9L, 0L, 5L, 144L, 7489L, 
23L, 0L, 0L, 123L, 2L), dim = 4:3, dimnames = structure(list(
    c("-2", "-1", "0", "1"), c("C", "T", NA)), names = c("", 
""))), LR11_SNP1 = structure(c(0L, 0L, 0L, 0L, 5L, 0L, 1L, 2L, 
210L, 2372L, 4610L, 37L, 0L, 0L, 0L, 1L, 0L, 0L, 0L, 0L, 2L, 
25L, 167L, 4L), dim = c(6L, 4L), dimnames = structure(list(c("-4", 
"-3", "-2", "-1", "0", "1"), c("A", "C", "T", NA)), names = c("", 
""))), LR17_SNP1 = structure(c(7L, 2136L, 216L, 2816L, 63L, 0L, 
0L, 0L, 1L, 0L, 0L, 38L, 11L, 249L, 0L), dim = c(5L, 3L), dimnames = structure(list(
    c("-3", "-2", "-1", "0", "1"), c("A", "G", NA)), names = c("", 
""))), LR20_SNP1 = structure(c(12L, 7301L, 11L, 0L, 12L, 0L, 
0L, 33L, 0L), dim = c(3L, 3L), dimnames = structure(list(c("-1", 
"0", "1"), c("A", "G", NA)), names = c("", ""))), LR24_SNP1 = structure(c(3L, 
201L, 15130L, 39L, 1L, 1L, 253L, 8320L, 16L, 0L, 0L, 0L, 2L, 
0L, 0L, 0L, 3L, 212L, 2L, 0L), dim = 5:4, dimnames = structure(list(
    c("-2", "-1", "0", "1", "2"), c("A", "G", "T", NA)), names = c("", 
""))), LR36_SNP1 = structure(c(3L, 4L, 136L, 3948L, 28L, 0L, 
0L, 0L, 0L, 2L, 0L, 0L, 0L, 0L, 0L, 2L, 0L, 0L, 0L, 0L, 0L, 1L, 
0L, 0L, 2L, 11L, 267L, 4495L, 41L, 1L, 0L, 0L, 12L, 342L, 0L, 
0L), dim = c(6L, 6L), dimnames = structure(list(c("-3", "-2", 
"-1", "0", "1", "2"), c("A", "C", "G", "N", "T", NA)), names = c("", 
""))), LR40_SNP1 = structure(c(0L, 1L, 106L, 0L, 2L, 68L, 6041L, 
25L, 0L, 0L, 1L, 0L, 0L, 0L, 1L, 0L, 0L, 0L, 43L, 0L), dim = 4:5, dimnames = structure(list(
    c("-2", "-1", "0", "1"), c("A", "C", "G", "T", NA)), names = c("", 
""))), LR44_SNP1 = structure(c(0L, 0L, 0L, 1L, 0L, 0L, 5L, 198L, 
1090L, 8741L, 121L, 4L, 0L, 0L, 1L, 0L, 0L, 0L, 0L, 0L, 0L, 3L, 
0L, 0L, 0L, 2L, 14L, 127L, 2L, 1L, 0L, 2L, 21L, 340L, 7L, 0L), dim = c(6L, 
6L), dimnames = structure(list(c("-3", "-2", "-1", "0", "1", 
"2"), c("A", "C", "G", "N", "T", NA)), names = c("", ""))), LR46_SNP1 = structure(c(49L, 
5266L, 16L, 0L, 11L, 0L, 0L, 46L, 0L), dim = c(3L, 3L), dimnames = structure(list(
    c("-1", "0", "1"), c("G", "T", NA)), names = c("", ""))), 
    LR48_SNP1 = structure(c(21L, 1173L, 5787L, 79L, 1L, 0L, 0L, 
    5L, 0L, 0L, 0L, 12L, 185L, 0L, 0L), dim = c(5L, 3L), dimnames = structure(list(
        c("-2", "-1", "0", "1", "2"), c("C", "T", NA)), names = c("", 
    ""))), LR49_SNP1 = structure(c(35L, 4149L, 2L, 9L, 4332L, 
    2L, 0L, 145L, 0L), dim = c(3L, 3L), dimnames = structure(list(
        c("-1", "0", "1"), c("A", "G", NA)), names = c("", ""
    ))), LR52_SNP1 = structure(c(0L, 0L, 0L, 1L, 0L, 14L, 383L, 
    901L, 1321L, 40L, 3L, 14L, 259L, 2751L, 39L, 0L, 16L, 174L, 
    913L, 22L), dim = 5:4, dimnames = structure(list(c("-3", 
    "-2", "-1", "0", "1"), c("A", "C", "T", NA)), names = c("", 
    ""))))
