Result <-
list(DEPDC2_SNP1 = structure(c(0L, 4L, 0L, 41L, 6436L, 26L, 0L, 
2L, 0L, 63L, 9446L, 28L, 2L, 330L, 1L), dim = c(3L, 5L), dimnames = structure(list(
    c("-1", "0", "1"), c("A", "C", "G", "T", NA)), names = c("", 
""))), GM01_SNP1 = structure(c(0L, 1L, 0L, 0L, 75L, 4122L, 18L, 
0L, 203L, 9185L, 42L, 1L, 6L, 167L, 1L, 0L), dim = c(4L, 4L), dimnames = structure(list(
    c("-1", "0", "1", "2"), c("-", "A", "G", NA)), names = c("", 
""))), GM07_SNP1 = structure(c(0L, 0L, 0L, 1L, 1L, 0L, 0L, 1L, 
1L, 58L, 2040L, 1157L, 31L, 0L, 0L, 0L, 3L, 236L, 2816L, 62L, 
3L, 0L, 0L, 1L, 15L, 82L, 1L, 0L), dim = c(7L, 4L), dimnames = structure(list(
    c("-4", "-3", "-2", "-1", "0", "1", "2"), c("-", "A", "G", 
    NA)), names = c("", ""))), GM09_SNP1 = structure(c(2L, 6739L, 
5382L, 6L, 0L, 0L, 35L, 0L, 0L, 2L, 1L, 0L, 0L, 32L, 78L, 0L), dim = c(4L, 
4L), dimnames = structure(list(c("-2", "-1", "0", "1"), c("A", 
"G", "T", NA)), names = c("", ""))), GM11_SNP1 = structure(c(3L, 
2313L, 7L, 1L, 20L, 2477L, 10L, 0L, 0L, 33L, 1L, 0L), dim = 4:3, dimnames = structure(list(
    c("-1", "0", "1", "2"), c("A", "G", NA)), names = c("", ""
))), GM14_SNP1 = structure(c(0L, 0L, 0L, 1L, 0L, 0L, 1L, 8L, 
260L, 9301L, 74L, 1L, 0L, 0L, 1L, 12L, 0L, 0L, 0L, 0L, 0L, 103L, 
0L, 0L), dim = c(6L, 4L), dimnames = structure(list(c("-3", "-2", 
"-1", "0", "1", "2"), c("A", "C", "T", NA)), names = c("", ""
))), GM17_SNP1 = structure(c(1L, 1322L, 3414L, 4L, 3L, 45L, 3830L, 
11L, 0L, 7L, 72L, 0L), dim = 4:3, dimnames = structure(list(c("-2", 
"-1", "0", "1"), c("C", "T", NA)), names = c("", ""))), GM22_SNP1 = structure(c(4L, 
272L, 8486L, 37L, 0L, 1L, 5L, 0L, 0L, 0L, 1L, 0L, 0L, 6L, 158L, 
0L), dim = c(4L, 4L), dimnames = structure(list(c("-2", "-1", 
"0", "1"), c("A", "G", "T", NA)), names = c("", ""))), GM26_SNP1 = structure(c(7L, 
1168L, 1068L, 3L, 0L, 9L, 2299L, 6L, 0L, 0L, 1L, 0L, 0L, 18L, 
68L, 0L), dim = c(4L, 4L), dimnames = structure(list(c("-2", 
"-1", "0", "1"), c("A", "G", "T", NA)), names = c("", ""))), 
    GM29_SNP1 = structure(c(0L, 0L, 0L, 1L, 0L, 1L, 6L, 2035L, 
    3343L, 8L, 0L, 0L, 0L, 1L, 0L, 0L, 0L, 0L, 255L, 1L, 0L, 
    0L, 5L, 48L, 0L), dim = c(5L, 5L), dimnames = structure(list(
        c("-3", "-2", "-1", "0", "1"), c("-", "A", "C", "G", 
        NA)), names = c("", ""))), IM16_SNP1 = structure(c(3L, 
    161L, 0L, 0L, 321L, 7859L, 79L, 2L, 0L, 1L, 0L, 0L, 0L, 147L, 
    6L, 0L), dim = c(4L, 4L), dimnames = structure(list(c("-1", 
    "0", "1", "2"), c("A", "G", "T", NA)), names = c("", ""))), 
    IM49_SNP1 = structure(c(21L, 3140L, 631L, 2731L, 59L, 2L, 
    14L, 1745L, 846L, 1521L, 17L, 0L, 0L, 28L, 16L, 144L, 3L, 
    0L), dim = c(6L, 3L), dimnames = structure(list(c("-3", "-2", 
    "-1", "0", "1", "2"), c("C", "G", NA)), names = c("", ""))), 
    LR10_SNP1 = structure(c(0L, 0L, 1L, 0L, 0L, 0L, 244L, 3263L, 
    41L, 1L, 1L, 183L, 2886L, 6L, 1L, 0L, 1L, 63L, 1L, 0L), dim = 5:4, dimnames = structure(list(
        c("-2", "-1", "0", "1", "2"), c("A", "C", "T", NA)), names = c("", 
    ""))), LR11_SNP1 = structure(c(1L, 1L, 69L, 2812L, 1235L, 
    9L, 0L, 0L, 3L, 144L, 2611L, 15L, 0L, 0L, 0L, 1L, 0L, 0L, 
    0L, 0L, 0L, 18L, 98L, 2L), dim = c(6L, 4L), dimnames = structure(list(
        c("-4", "-3", "-2", "-1", "0", "1"), c("A", "C", "G", 
        NA)), names = c("", ""))), LR17_SNP1 = structure(c(36L, 
    1613L, 3923L, 43L, 0L, 1L, 0L, 0L, 0L, 1L, 0L, 0L, 0L, 71L, 
    279L, 0L), dim = c(4L, 4L), dimnames = structure(list(c("-2", 
    "-1", "0", "1"), c("A", "G", "T", NA)), names = c("", ""))), 
    LR20_SNP1 = structure(c(12L, 4481L, 3L, 10L, 41L, 0L, 1L, 
    6L, 3411L, 9L, 0L, 0L, 0L, 0L, 0L, 59L, 0L, 0L, 4L, 1L, 0L
    ), dim = c(7L, 3L), dimnames = structure(list(c("-1", "0", 
    "1", "3", "4", "5", "6"), c("A", "G", NA)), names = c("", 
    ""))), LR24_SNP1 = structure(c(1L, 42L, 7163L, 16L, 0L, 1L, 
    0L, 0L, 1L, 429L, 5523L, 8L, 0L, 2L, 110L, 0L), dim = c(4L, 
    4L), dimnames = structure(list(c("-2", "-1", "0", "1"), c("A", 
    "C", "G", NA)), names = c("", ""))), LR36_SNP1 = structure(c(0L, 
    0L, 1L, 14L, 0L, 0L, 0L, 0L, 1L, 0L, 6L, 267L, 3261L, 2683L, 
    28L, 0L, 3L, 128L, 185L, 2L), dim = 5:4, dimnames = structure(list(
        c("-3", "-2", "-1", "0", "1"), c("A", "G", "T", NA)), names = c("", 
    ""))), LR40_SNP1 = structure(c(0L, 0L, 3L, 0L, 1L, 98L, 4758L, 
    16L, 0L, 0L, 34L, 0L), dim = 4:3, dimnames = structure(list(
        c("-2", "-1", "0", "1"), c("A", "C", NA)), names = c("", 
    ""))), LR44_SNP1 = structure(c(0L, 0L, 0L, 0L, 1L, 0L, 0L, 
    0L, 0L, 1L, 0L, 5L, 0L, 0L, 1L, 32L, 1978L, 606L, 5137L, 
    79L, 1L, 0L, 0L, 15L, 9L, 91L, 0L, 0L), dim = c(7L, 4L), dimnames = structure(list(
        c("-4", "-3", "-2", "-1", "0", "1", "2"), c("A", "C", 
        "T", NA)), names = c("", ""))), LR46_SNP1 = structure(c(1L, 
    21L, 6246L, 8L, 0L, 0L, 5L, 0L, 0L, 0L, 53L, 0L), dim = 4:3, dimnames = structure(list(
        c("-2", "-1", "0", "1"), c("G", "T", NA)), names = c("", 
    ""))), LR48_SNP1 = structure(c(0L, 0L, 0L, 1L, 0L, 1L, 11L, 
    781L, 2032L, 28L, 0L, 1L, 60L, 1762L, 22L, 0L, 0L, 6L, 105L, 
    1L), dim = 5:4, dimnames = structure(list(c("-3", "-2", "-1", 
    "0", "1"), c("A", "C", "T", NA)), names = c("", ""))), LR49_SNP1 = structure(c(7L, 
    3665L, 0L, 0L, 1L, 0L, 8L, 3184L, 1L, 0L, 1L, 0L, 0L, 106L, 
    0L), dim = c(3L, 5L), dimnames = structure(list(c("-1", "0", 
    "1"), c("A", "C", "G", "T", NA)), names = c("", ""))), LR52_SNP1 = structure(c(19L, 
    220L, 1899L, 3395L, 18L, 0L, 1L, 18L, 222L, 1L, 0L, 2L, 114L, 
    767L, 1L), dim = c(5L, 3L), dimnames = structure(list(c("-3", 
    "-2", "-1", "0", "1"), c("C", "T", NA)), names = c("", ""
    ))))
