Result <-
list(DEPDC2_SNP1 = structure(c(0L, 0L, 2L, 0L, 0L, 0L, 30L, 0L, 
3L, 231L, 10321L, 75L, 0L, 2L, 140L, 0L), dim = c(4L, 4L), dimnames = structure(list(
    c("-2", "-1", "0", "1"), c("A", "C", "T", NA)), names = c("", 
""))), GM01_SNP1 = structure(c(88L, 2834L, 12L, 50L, 2423L, 11L, 
1L, 52L, 0L), dim = c(3L, 3L), dimnames = structure(list(c("-1", 
"0", "1"), c("A", "G", NA)), names = c("", ""))), GM07_SNP1 = structure(c(0L, 
0L, 1L, 1L, 0L, 0L, 0L, 74L, 2146L, 980L, 44L, 0L, 1L, 6L, 259L, 
2327L, 111L, 3L, 0L, 1L, 10L, 60L, 2L, 0L), dim = c(6L, 4L), dimnames = structure(list(
    c("-3", "-2", "-1", "0", "1", "2"), c("-", "A", "G", NA)), names = c("", 
""))), GM09_SNP1 = structure(c(0L, 0L, 91L, 0L, 1L, 148L, 11555L, 
22L, 0L, 0L, 1L, 0L, 0L, 1L, 123L, 1L), dim = c(4L, 4L), dimnames = structure(list(
    c("-2", "-1", "0", "1"), c("A", "G", "T", NA)), names = c("", 
""))), GM11_SNP1 = structure(c(24L, 1122L, 4L, 6L, 539L, 2L, 
0L, 1L, 0L, 1L, 17L, 0L), dim = 3:4, dimnames = structure(list(
    c("-1", "0", "1"), c("A", "G", "T", NA)), names = c("", ""
))), GM14_SNP1 = structure(c(0L, 0L, 16L, 0L, 0L, 8L, 482L, 3706L, 
49L, 0L, 3L, 245L, 3569L, 41L, 1L, 0L, 1L, 89L, 0L, 0L), dim = 5:4, dimnames = structure(list(
    c("-2", "-1", "0", "1", "2"), c("A", "C", "T", NA)), names = c("", 
""))), GM17_SNP1 = structure(c(2L, 10L, 3272L, 12480L, 40L, 0L, 
0L, 1L, 0L, 0L, 0L, 0L, 53L, 27L, 0L, 0L, 1L, 13L, 125L, 1L), dim = 5:4, dimnames = structure(list(
    c("-3", "-2", "-1", "0", "1"), c("C", "G", "T", NA)), names = c("", 
""))), GM22_SNP1 = structure(c(2L, 82L, 5679L, 16L, 0L, 0L, 1L, 
0L, 0L, 2L, 74L, 0L), dim = 4:3, dimnames = structure(list(c("-2", 
"-1", "0", "1"), c("A", "G", NA)), names = c("", ""))), GM26_SNP1 = structure(c(2L, 
32L, 3344L, 15L, 0L, 0L, 1L, 0L, 0L, 0L, 63L, 0L), dim = 4:3, dimnames = structure(list(
    c("-2", "-1", "0", "1"), c("A", "G", NA)), names = c("", 
""))), GM29_SNP1 = structure(c(4L, 108L, 3686L, 12L, 51L, 2736L, 
1111L, 8L, 0L, 8L, 66L, 0L), dim = 4:3, dimnames = structure(list(
    c("-2", "-1", "0", "1"), c("A", "G", NA)), names = c("", 
""))), IM16_SNP1 = structure(c(0L, 10L, 0L, 158L, 2722L, 31L, 
0L, 23L, 0L, 0L, 40L, 0L), dim = 3:4, dimnames = structure(list(
    c("-1", "0", "1"), c("A", "G", "T", NA)), names = c("", ""
))), IM49_SNP1 = structure(c(0L, 0L, 0L, 4L, 0L, 0L, 0L, 0L, 
20L, 756L, 13854L, 580L, 17L, 1L, 1L, 110L, 1381L, 11095L, 330L, 
6L, 1L, 0L, 0L, 0L, 1L, 0L, 0L, 0L, 0L, 2L, 23L, 781L, 36L, 0L, 
0L), dim = c(7L, 5L), dimnames = structure(list(c("-3", "-2", 
"-1", "0", "1", "2", "3"), c("A", "C", "G", "T", NA)), names = c("", 
""))), LR10_SNP1 = structure(c(3L, 62L, 2229L, 18L, 0L, 35L, 
2771L, 21L, 0L, 1L, 54L, 1L), dim = 4:3, dimnames = structure(list(
    c("-2", "-1", "0", "1"), c("C", "T", NA)), names = c("", 
""))), LR11_SNP1 = structure(c(0L, 0L, 8L, 0L, 0L, 2L, 70L, 1478L, 
1469L, 29L, 0L, 0L, 0L, 2L, 0L, 0L, 1L, 49L, 43L, 2L), dim = 5:4, dimnames = structure(list(
    c("-2", "-1", "0", "1", "2"), c("A", "C", "T", NA)), names = c("", 
""))), LR17_SNP1 = structure(c(0L, 0L, 1L, 0L, 0L, 6L, 458L, 
4682L, 124L, 3L, 0L, 0L, 2L, 0L, 0L, 0L, 15L, 291L, 9L, 0L), dim = 5:4, dimnames = structure(list(
    c("-2", "-1", "0", "1", "2"), c("-", "A", "G", NA)), names = c("", 
""))), LR20_SNP1 = structure(c(0L, 6L, 0L, 58L, 4004L, 6L, 0L, 
1L, 0L, 1L, 45L, 0L), dim = 3:4, dimnames = structure(list(c("-1", 
"0", "1"), c("A", "G", "T", NA)), names = c("", ""))), LR24_SNP1 = structure(c(0L, 
2L, 34L, 4849L, 9L, 1L, 0L, 59L, 4793L, 17L, 0L, 0L, 1L, 71L, 
1L), dim = c(5L, 3L), dimnames = structure(list(c("-3", "-2", 
"-1", "0", "1"), c("A", "G", NA)), names = c("", ""))), LR36_SNP1 = structure(c(0L, 
0L, 1L, 1L, 23L, 0L, 4L, 81L, 1278L, 1695L, 6045L, 66L, 0L, 4L, 
20L, 80L, 399L, 7L), dim = c(6L, 3L), dimnames = structure(list(
    c("-4", "-3", "-2", "-1", "0", "1"), c("A", "T", NA)), names = c("", 
""))), LR40_SNP1 = structure(c(27L, 1256L, 8L, 20L, 917L, 13L, 
0L, 17L, 0L), dim = c(3L, 3L), dimnames = structure(list(c("-1", 
"0", "1"), c("A", "C", NA)), names = c("", ""))), LR44_SNP1 = structure(c(2L, 
43L, 821L, 1291L, 29L, 2L, 0L, 0L, 0L, 33L, 0L, 0L, 0L, 0L, 2L, 
38L, 1L, 0L, 0L, 1L, 11L, 38L, 0L, 0L), dim = c(6L, 4L), dimnames = structure(list(
    c("-3", "-2", "-1", "0", "1", "2"), c("C", "G", "T", NA)), names = c("", 
""))), LR46_SNP1 = structure(c(0L, 1L, 0L, 64L, 5025L, 20L, 0L, 
59L, 0L, 0L, 56L, 0L), dim = 3:4, dimnames = structure(list(c("-1", 
"0", "1"), c("A", "G", "T", NA)), names = c("", ""))), LR48_SNP1 = structure(c(19L, 
907L, 2373L, 53L, 1L, 0L, 0L, 4L, 0L, 0L, 1L, 5L, 53L, 1L, 0L
), dim = c(5L, 3L), dimnames = structure(list(c("-2", "-1", "0", 
"1", "2"), c("C", "T", NA)), names = c("", ""))), LR49_SNP1 = structure(c(17L, 
6475L, 3L, 0L, 61L, 0L, 0L, 1L, 0L, 1L, 119L, 0L), dim = 3:4, dimnames = structure(list(
    c("-1", "0", "1"), c("A", "G", "T", NA)), names = c("", ""
))), LR52_SNP1 = structure(c(0L, 0L, 2L, 22L, 0L, 10L, 265L, 
1123L, 636L, 10L, 0L, 5L, 26L, 36L, 1L), dim = c(5L, 3L), dimnames = structure(list(
    c("-3", "-2", "-1", "0", "1"), c("C", "T", NA)), names = c("", 
""))))
