Result <-
list(DEPDC2_SNP1 = structure(c(0L, 0L, 4L, 0L, 0L, 48L, 7066L, 
28L, 0L, 0L, 1L, 0L, 1L, 69L, 8600L, 26L, 0L, 3L, 307L, 2L), dim = 4:5, dimnames = structure(list(
    c("-2", "-1", "0", "1"), c("A", "C", "G", "T", NA)), names = c("", 
""))), GM01_SNP1 = structure(c(0L, 0L, 1L, 0L, 1L, 161L, 10153L, 
36L, 0L, 2L, 7L, 0L, 0L, 0L, 1L, 0L, 0L, 5L, 130L, 0L), dim = 4:5, dimnames = structure(list(
    c("-2", "-1", "0", "1"), c("-", "A", "G", "T", NA)), names = c("", 
""))), GM07_SNP1 = structure(c(0L, 1L, 13L, 0L, 0L, 0L, 0L, 1L, 
0L, 0L, 6L, 381L, 6138L, 167L, 6L, 0L, 0L, 154L, 3L, 0L), dim = 5:4, dimnames = structure(list(
    c("-2", "-1", "0", "1", "2"), c("A", "C", "G", NA)), names = c("", 
""))), GM09_SNP1 = structure(c(1L, 60L, 11916L, 17L, 0L, 0L, 
1L, 0L, 0L, 0L, 27L, 0L, 0L, 0L, 2L, 0L, 0L, 0L, 111L, 0L), dim = 4:5, dimnames = structure(list(
    c("-2", "-1", "0", "1"), c("A", "C", "G", "T", NA)), names = c("", 
""))), GM11_SNP1 = structure(c(3L, 23L, 6104L, 19L, 0L, 0L, 13L, 
1L, 0L, 0L, 65L, 1L), dim = 4:3, dimnames = structure(list(c("-2", 
"-1", "0", "1"), c("A", "G", NA)), names = c("", ""))), GM14_SNP1 = structure(c(1L, 
7L, 117L, 3919L, 56L, 0L, 0L, 1L, 123L, 4241L, 49L, 0L, 0L, 0L, 
1L, 122L, 0L, 1L), dim = c(6L, 3L), dimnames = structure(list(
    c("-4", "-2", "-1", "0", "1", "2"), c("C", "T", NA)), names = c("", 
""))), GM17_SNP1 = structure(c(0L, 0L, 1L, 0L, 1L, 109L, 7789L, 
13L, 0L, 0L, 23L, 0L, 0L, 1L, 86L, 1L), dim = c(4L, 4L), dimnames = structure(list(
    c("-2", "-1", "0", "1"), c("A", "C", "T", NA)), names = c("", 
""))), GM22_SNP1 = structure(c(1L, 38L, 3167L, 13L, 2L, 32L, 
2668L, 13L, 0L, 0L, 2L, 0L, 0L, 1L, 138L, 1L), dim = c(4L, 4L
), dimnames = structure(list(c("-2", "-1", "0", "1"), c("A", 
"G", "T", NA)), names = c("", ""))), GM26_SNP1 = structure(c(1L, 
28L, 5050L, 11L, 1L, 0L, 0L, 4L, 0L, 0L, 0L, 0L, 1L, 0L, 0L, 
0L, 3L, 68L, 0L, 0L), dim = 5:4, dimnames = structure(list(c("-2", 
"-1", "0", "1", "2"), c("A", "G", "T", NA)), names = c("", ""
))), GM29_SNP1 = structure(c(0L, 0L, 26L, 2760L, 11L, 1L, 1L, 
2L, 32L, 2851L, 12L, 0L, 0L, 0L, 0L, 1L, 0L, 0L, 0L, 0L, 1L, 
72L, 2L, 0L), dim = c(6L, 4L), dimnames = structure(list(c("-3", 
"-2", "-1", "0", "1", "2"), c("A", "G", "T", NA)), names = c("", 
""))), IM16_SNP1 = structure(c(29L, 4162L, 49L, 1L, 40L, 4313L, 
62L, 0L, 0L, 1L, 0L, 0L, 0L, 128L, 0L, 0L), dim = c(4L, 4L), dimnames = structure(list(
    c("-1", "0", "1", "2"), c("A", "G", "T", NA)), names = c("", 
""))), IM49_SNP1 = structure(c(0L, 0L, 0L, 1L, 0L, 0L, 0L, 2L, 
90L, 3218L, 53L, 3L, 1L, 3L, 117L, 3441L, 58L, 0L, 0L, 0L, 3L, 
239L, 4L, 0L), dim = c(6L, 4L), dimnames = structure(list(c("-3", 
"-2", "-1", "0", "1", "2"), c("A", "C", "G", NA)), names = c("", 
""))), LR10_SNP1 = structure(c(0L, 0L, 2L, 0L, 0L, 0L, 8L, 0L, 
1L, 99L, 6675L, 32L, 1L, 0L, 63L, 1L), dim = c(4L, 4L), dimnames = structure(list(
    c("-2", "-1", "0", "1"), c("A", "C", "T", NA)), names = c("", 
""))), LR11_SNP1 = structure(c(0L, 1L, 112L, 1L, 0L, 2L, 100L, 
4366L, 40L, 1L, 0L, 0L, 1L, 0L, 0L, 0L, 3L, 141L, 3L, 0L), dim = 5:4, dimnames = structure(list(
    c("-2", "-1", "0", "1", "2"), c("A", "C", "G", NA)), names = c("", 
""))), LR17_SNP1 = structure(c(6L, 161L, 5026L, 61L, 6L, 0L, 
0L, 3L, 0L, 0L, 0L, 4L, 293L, 0L, 0L), dim = c(5L, 3L), dimnames = structure(list(
    c("-2", "-1", "0", "1", "3"), c("A", "G", NA)), names = c("", 
""))), LR20_SNP1 = structure(c(1L, 2622L, 4L, 7L, 3889L, 3L, 
0L, 1L, 0L, 0L, 55L, 0L), dim = 3:4, dimnames = structure(list(
    c("-1", "0", "1"), c("A", "G", "T", NA)), names = c("", ""
))), LR24_SNP1 = structure(c(0L, 0L, 0L, 1L, 0L, 1L, 2L, 44L, 
7010L, 9L, 1L, 0L, 33L, 7037L, 10L, 0L, 0L, 0L, 2L, 0L, 0L, 0L, 
0L, 118L, 1L), dim = c(5L, 5L), dimnames = structure(list(c("-3", 
"-2", "-1", "0", "1"), c("-", "A", "G", "T", NA)), names = c("", 
""))), LR36_SNP1 = structure(c(1L, 0L, 2L, 108L, 4294L, 92L, 
0L, 0L, 0L, 0L, 1L, 0L, 0L, 0L, 10L, 84L, 3401L, 25L, 0L, 1L, 
2L, 7L, 311L, 1L), dim = c(6L, 4L), dimnames = structure(list(
    c("-4", "-3", "-2", "-1", "0", "1"), c("A", "G", "T", NA)), names = c("", 
""))), LR40_SNP1 = structure(c(1L, 1L, 58L, 5798L, 17L, 0L, 0L, 
0L, 42L, 0L), dim = c(5L, 2L), dimnames = structure(list(c("-3", 
"-2", "-1", "0", "1"), c("C", NA)), names = c("", ""))), LR44_SNP1 = structure(c(1L, 
1L, 11L, 329L, 3690L, 58L, 3L, 0L, 0L, 0L, 0L, 2L, 0L, 0L, 0L, 
1L, 8L, 259L, 3684L, 55L, 1L, 0L, 0L, 1L, 7L, 172L, 5L, 1L), dim = c(7L, 
4L), dimnames = structure(list(c("-4", "-3", "-2", "-1", "0", 
"1", "2"), c("C", "G", "T", NA)), names = c("", ""))), LR46_SNP1 = structure(c(0L, 
0L, 1L, 0L, 1L, 23L, 7519L, 18L, 0L, 0L, 12L, 0L, 0L, 0L, 77L, 
0L), dim = c(4L, 4L), dimnames = structure(list(c("-2", "-1", 
"0", "1"), c("A", "G", "T", NA)), names = c("", ""))), LR48_SNP1 = structure(c(0L, 
0L, 1L, 0L, 3L, 78L, 1877L, 20L, 4L, 75L, 2600L, 23L, 1L, 3L, 
130L, 2L), dim = c(4L, 4L), dimnames = structure(list(c("-2", 
"-1", "0", "1"), c("A", "C", "T", NA)), names = c("", ""))), 
    LR49_SNP1 = structure(c(16L, 7723L, 2L, 1L, 20L, 0L, 0L, 
    1L, 0L, 0L, 135L, 0L), dim = 3:4, dimnames = structure(list(
        c("-1", "0", "1"), c("A", "G", "T", NA)), names = c("", 
    ""))), LR52_SNP1 = structure(c(2L, 47L, 433L, 2165L, 17L, 
    2L, 13L, 226L, 2401L, 17L, 0L, 2L, 33L, 543L, 5L), dim = c(5L, 
    3L), dimnames = structure(list(c("-3", "-2", "-1", "0", "1"
    ), c("C", "T", NA)), names = c("", ""))))
