Result <-
list(DEPDC2_SNP1 = structure(c(0L, 0L, 0L, 1L, 0L, 0L, 0L, 0L, 
0L, 20L, 0L, 0L, 0L, 0L, 0L, 1L, 0L, 0L, 1L, 1L, 269L, 15979L, 
165L, 1L, 0L, 0L, 3L, 207L, 0L, 0L), dim = 6:5, dimnames = structure(list(
    c("-4", "-2", "-1", "0", "1", "2"), c("A", "C", "G", "T", 
    NA)), names = c("", ""))), GM01_SNP1 = structure(c(0L, 0L, 
0L, 4L, 0L, 0L, 1L, 6L, 1750L, 5990L, 44L, 1L, 0L, 0L, 7L, 72L, 
0L, 0L), dim = c(6L, 3L), dimnames = structure(list(c("-3", "-2", 
"-1", "0", "1", "2"), c("A", "G", NA)), names = c("", ""))), 
    GM07_SNP1 = structure(c(0L, 0L, 0L, 3L, 0L, 0L, 1L, 144L, 
    2554L, 2953L, 197L, 8L, 0L, 0L, 0L, 1L, 0L, 0L, 0L, 2L, 25L, 
    59L, 2L, 0L), dim = c(6L, 4L), dimnames = structure(list(
        c("-4", "-2", "-1", "0", "1", "2"), c("-", "A", "G", 
        NA)), names = c("", ""))), GM09_SNP1 = structure(c(168L, 
    12142L, 28L, 0L, 27L, 0L, 0L, 3L, 0L, 3L, 122L, 0L), dim = 3:4, dimnames = structure(list(
        c("-1", "0", "1"), c("A", "G", "T", NA)), names = c("", 
    ""))), GM11_SNP1 = structure(c(15L, 1529L, 5L, 84L, 1454L, 
    16L, 1L, 25L, 0L), dim = c(3L, 3L), dimnames = structure(list(
        c("-1", "0", "1"), c("A", "G", NA)), names = c("", ""
    ))), GM14_SNP1 = structure(c(1L, 8L, 493L, 3646L, 102L, 2L, 
    1L, 5L, 114L, 3427L, 45L, 0L, 0L, 0L, 0L, 118L, 2L, 2L), dim = c(6L, 
    3L), dimnames = structure(list(c("-3", "-2", "-1", "0", "1", 
    "2"), c("C", "T", NA)), names = c("", ""))), GM17_SNP1 = structure(c(1L, 
    2L, 172L, 9600L, 48L, 2L, 0L, 0L, 0L, 10L, 0L, 0L, 0L, 0L, 
    1L, 72L, 1L, 0L), dim = c(6L, 3L), dimnames = structure(list(
        c("-3", "-2", "-1", "0", "1", "2"), c("C", "T", NA)), names = c("", 
    ""))), GM22_SNP1 = structure(c(0L, 34L, 2320L, 12L, 0L, 0L, 
    1L, 0L, 1L, 176L, 2390L, 6L, 0L, 1L, 0L, 0L, 0L, 3L, 78L, 
    0L), dim = 4:5, dimnames = structure(list(c("-2", "-1", "0", 
    "1"), c("A", "C", "G", "T", NA)), names = c("", ""))), GM26_SNP1 = structure(c(3L, 
    762L, 4810L, 23L, 0L, 0L, 2L, 0L, 0L, 7L, 32L, 1L), dim = 4:3, dimnames = structure(list(
        c("-2", "-1", "0", "1"), c("A", "G", NA)), names = c("", 
    ""))), GM29_SNP1 = structure(c(1L, 183L, 6079L, 25L, 0L, 
    0L, 54L, 2L, 0L, 3L, 61L, 0L), dim = 4:3, dimnames = structure(list(
        c("-2", "-1", "0", "1"), c("A", "G", NA)), names = c("", 
    ""))), IM16_SNP1 = structure(c(19L, 1082L, 53L, 1L, 30L, 
    900L, 27L, 0L, 0L, 2L, 0L, 0L, 0L, 34L, 4L, 0L), dim = c(4L, 
    4L), dimnames = structure(list(c("-1", "0", "1", "3"), c("A", 
    "G", "T", NA)), names = c("", ""))), IM49_SNP1 = structure(c(0L, 
    0L, 1L, 0L, 0L, 0L, 30L, 658L, 5427L, 292L, 12L, 0L, 11L, 
    339L, 3626L, 1253L, 71L, 2L, 0L, 9L, 389L, 97L, 8L, 2L), dim = c(6L, 
    4L), dimnames = structure(list(c("-2", "-1", "0", "1", "2", 
    "3"), c("A", "C", "G", NA)), names = c("", ""))), LR10_SNP1 = structure(c(0L, 
    0L, 0L, 7L, 0L, 0L, 1L, 5L, 765L, 4047L, 94L, 1L, 0L, 0L, 
    1L, 48L, 9L, 0L), dim = c(6L, 3L), dimnames = structure(list(
        c("-3", "-2", "-1", "0", "1", "2"), c("C", "T", NA)), names = c("", 
    ""))), LR11_SNP1 = structure(c(0L, 2L, 218L, 2587L, 74L, 
    0L, 1L, 10L, 541L, 1695L, 66L, 4L, 0L, 0L, 0L, 1L, 0L, 0L, 
    0L, 0L, 3L, 90L, 1L, 0L), dim = c(6L, 4L), dimnames = structure(list(
        c("-4", "-2", "-1", "0", "1", "2"), c("A", "C", "G", 
        NA)), names = c("", ""))), LR17_SNP1 = structure(c(1L, 
    136L, 1313L, 2384L, 57L, 2L, 0L, 0L, 0L, 3L, 0L, 0L, 0L, 
    1L, 102L, 190L, 0L, 0L), dim = c(6L, 3L), dimnames = structure(list(
        c("-3", "-2", "-1", "0", "1", "2"), c("A", "G", NA)), names = c("", 
    ""))), LR20_SNP1 = structure(c(8L, 2247L, 9L, 1L, 1919L, 
    2L, 0L, 38L, 1L, 0L, 30L, 0L), dim = 3:4, dimnames = structure(list(
        c("-1", "0", "1"), c("A", "G", "T", NA)), names = c("", 
    ""))), LR24_SNP1 = structure(c(4L, 224L, 15277L, 58L, 0L, 
    0L, 15L, 0L, 0L, 0L, 2L, 0L, 0L, 4L, 144L, 0L), dim = c(4L, 
    4L), dimnames = structure(list(c("-2", "-1", "0", "1"), c("A", 
    "G", "T", NA)), names = c("", ""))), LR36_SNP1 = structure(c(0L, 
    0L, 7L, 0L, 0L, 0L, 0L, 2L, 0L, 0L, 0L, 0L, 1L, 0L, 0L, 0L, 
    0L, 1L, 0L, 0L, 14L, 704L, 3528L, 80L, 3L, 0L, 15L, 206L, 
    2L, 0L), dim = 5:6, dimnames = structure(list(c("-2", "-1", 
    "0", "1", "2"), c("A", "C", "G", "N", "T", NA)), names = c("", 
    ""))), LR40_SNP1 = structure(c(0L, 0L, 1L, 0L, 1L, 51L, 1066L, 
    3L, 0L, 0L, 1L, 0L, 0L, 0L, 7L, 0L), dim = c(4L, 4L), dimnames = structure(list(
        c("-2", "-1", "0", "1"), c("A", "C", "G", NA)), names = c("", 
    ""))), LR44_SNP1 = structure(c(0L, 0L, 0L, 0L, 76L, 0L, 0L, 
    5L, 1L, 16L, 824L, 2159L, 4450L, 126L, 3L, 0L, 0L, 0L, 0L, 
    2L, 2L, 0L, 0L, 0L, 0L, 0L, 4L, 144L, 768L, 35L, 2L, 0L, 
    0L, 0L, 7L, 26L, 204L, 7L, 0L, 0L), dim = c(8L, 5L), dimnames = structure(list(
        c("-5", "-3", "-2", "-1", "0", "1", "2", "7"), c("A", 
        "C", "N", "T", NA)), names = c("", ""))), LR46_SNP1 = structure(c(0L, 
    0L, 1L, 0L, 0L, 0L, 58L, 2856L, 14L, 0L, 2L, 425L, 1955L, 
    7L, 1L, 0L, 3L, 51L, 0L, 0L), dim = 5:4, dimnames = structure(list(
        c("-2", "-1", "0", "1", "2"), c("A", "G", "T", NA)), names = c("", 
    ""))), LR48_SNP1 = structure(c(0L, 1L, 0L, 0L, 0L, 0L, 1L, 
    1L, 0L, 0L, 23L, 838L, 3424L, 165L, 6L, 0L, 11L, 185L, 2L, 
    3L), dim = 5:4, dimnames = structure(list(c("-2", "-1", "0", 
    "1", "2"), c("A", "C", "T", NA)), names = c("", ""))), LR49_SNP1 = structure(c(83L, 
    4444L, 2L, 14L, 4805L, 2L, 0L, 1L, 0L, 1L, 149L, 0L), dim = 3:4, dimnames = structure(list(
        c("-1", "0", "1"), c("A", "G", "T", NA)), names = c("", 
    ""))), LR52_SNP1 = structure(c(0L, 0L, 0L, 0L, 1L, 0L, 0L, 
    1L, 7L, 193L, 933L, 454L, 5L, 0L, 1L, 3L, 29L, 369L, 2542L, 
    54L, 0L, 0L, 0L, 7L, 148L, 454L, 6L, 1L), dim = c(7L, 4L), dimnames = structure(list(
        c("-4", "-3", "-2", "-1", "0", "1", "2"), c("A", "C", 
        "T", NA)), names = c("", ""))))
