Result <-
list(DEPDC2_SNP1 = structure(c(0L, 0L, 3L, 0L, 0L, 1L, 56L, 0L, 
1L, 72L, 9299L, 62L, 0L, 0L, 147L, 1L), dim = c(4L, 4L), dimnames = structure(list(
    c("-2", "-1", "0", "1"), c("A", "C", "T", NA)), names = c("", 
""))), GM01_SNP1 = structure(c(2L, 218L, 2347L, 10L, 0L, 21L, 
1970L, 9L, 0L, 3L, 56L, 1L), dim = 4:3, dimnames = structure(list(
    c("-2", "-1", "0", "1"), c("A", "G", NA)), names = c("", 
""))), GM07_SNP1 = structure(c(0L, 1L, 14L, 0L, 0L, 3L, 418L, 
4352L, 166L, 7L, 0L, 0L, 2L, 0L, 0L, 1L, 5L, 101L, 5L, 0L), dim = 5:4, dimnames = structure(list(
    c("-2", "-1", "0", "1", "2"), c("A", "G", "T", NA)), names = c("", 
""))), GM09_SNP1 = structure(c(21L, 5292L, 6L, 145L, 4159L, 8L, 
0L, 1L, 0L, 2L, 102L, 0L), dim = 3:4, dimnames = structure(list(
    c("-1", "0", "1"), c("A", "G", "T", NA)), names = c("", ""
))), GM11_SNP1 = structure(c(776L, 1819L, 6L, 0L, 11L, 0L, 3L, 
11L, 0L), dim = c(3L, 3L), dimnames = structure(list(c("-1", 
"0", "1"), c("A", "G", NA)), names = c("", ""))), GM14_SNP1 = structure(c(0L, 
0L, 0L, 1L, 0L, 0L, 1L, 6L, 198L, 6553L, 57L, 1L, 0L, 1L, 113L, 
17L, 0L, 0L, 0L, 0L, 3L, 91L, 1L, 0L), dim = c(6L, 4L), dimnames = structure(list(
    c("-3", "-2", "-1", "0", "1", "2"), c("A", "C", "T", NA)), names = c("", 
""))), GM17_SNP1 = structure(c(4L, 40L, 2922L, 6L, 0L, 61L, 2833L, 
9L, 0L, 1L, 65L, 0L), dim = 4:3, dimnames = structure(list(c("-2", 
"-1", "0", "1"), c("C", "T", NA)), names = c("", ""))), GM22_SNP1 = structure(c(0L, 
1L, 31L, 0L, 2L, 121L, 2841L, 22L, 0L, 0L, 84L, 1L), dim = 4:3, dimnames = structure(list(
    c("-2", "-1", "0", "1"), c("A", "G", NA)), names = c("", 
""))), GM26_SNP1 = structure(c(0L, 16L, 0L, 11L, 2199L, 8L, 0L, 
1L, 0L, 0L, 51L, 0L), dim = 3:4, dimnames = structure(list(c("-1", 
"0", "1"), c("A", "G", "T", NA)), names = c("", ""))), GM29_SNP1 = structure(c(1L, 
6L, 962L, 2289L, 15L, 0L, 0L, 1L, 18L, 0L, 0L, 0L, 4L, 21L, 0L
), dim = c(5L, 3L), dimnames = structure(list(c("-3", "-2", "-1", 
"0", "1"), c("A", "G", NA)), names = c("", ""))), IM16_SNP1 = structure(c(24L, 
3172L, 41L, 1L, 1L, 19L, 0L, 0L, 0L, 2L, 0L, 0L, 0L, 57L, 1L, 
0L), dim = c(4L, 4L), dimnames = structure(list(c("-1", "0", 
"1", "2"), c("A", "G", "T", NA)), names = c("", ""))), IM49_SNP1 = structure(c(0L, 
1L, 113L, 3550L, 3237L, 92L, 1L, 1L, 0L, 4L, 254L, 5330L, 143L, 
5L, 0L, 0L, 0L, 1L, 0L, 0L, 0L, 0L, 0L, 1L, 43L, 347L, 6L, 0L
), dim = c(7L, 4L), dimnames = structure(list(c("-4", "-3", "-2", 
"-1", "0", "1", "2"), c("C", "G", "T", NA)), names = c("", ""
))), LR10_SNP1 = structure(c(1L, 25L, 1701L, 15L, 0L, 22L, 2134L, 
13L, 0L, 1L, 55L, 1L), dim = 4:3, dimnames = structure(list(c("-2", 
"-1", "0", "1"), c("C", "T", NA)), names = c("", ""))), LR11_SNP1 = structure(c(4L, 
528L, 4983L, 68L, 2L, 1L, 4L, 25L, 0L, 0L, 0L, 1L, 60L, 0L, 0L
), dim = c(5L, 3L), dimnames = structure(list(c("-2", "-1", "0", 
"1", "2"), c("A", "C", NA)), names = c("", ""))), LR17_SNP1 = structure(c(1L, 
28L, 1364L, 3230L, 62L, 0L, 0L, 1L, 0L, 0L, 0L, 0L, 60L, 226L, 
1L), dim = c(5L, 3L), dimnames = structure(list(c("-3", "-2", 
"-1", "0", "1"), c("A", "G", NA)), names = c("", ""))), LR20_SNP1 = structure(c(0L, 
4L, 1783L, 5L, 1L, 1L, 2011L, 3L, 0L, 1L, 29L, 0L), dim = 4:3, dimnames = structure(list(
    c("-2", "-1", "0", "1"), c("A", "G", NA)), names = c("", 
""))), LR24_SNP1 = structure(c(1L, 332L, 9631L, 24L, 2L, 0L, 
56L, 5099L, 8L, 0L, 0L, 0L, 2L, 0L, 0L, 0L, 1L, 135L, 0L, 0L), dim = 5:4, dimnames = structure(list(
    c("-2", "-1", "0", "1", "2"), c("A", "G", "T", NA)), names = c("", 
""))), LR36_SNP1 = structure(c(1L, 2L, 5L, 172L, 4100L, 45L, 
0L, 0L, 0L, 0L, 0L, 1L, 0L, 0L, 0L, 1L, 8L, 303L, 2912L, 25L, 
1L, 0L, 0L, 1L, 12L, 301L, 1L, 0L), dim = c(7L, 4L), dimnames = structure(list(
    c("-4", "-3", "-2", "-1", "0", "1", "2"), c("A", "G", "T", 
    NA)), names = c("", ""))), LR40_SNP1 = structure(c(10L, 1336L, 
5L, 62L, 1251L, 2L, 0L, 1L, 0L, 1L, 16L, 0L), dim = 3:4, dimnames = structure(list(
    c("-1", "0", "1"), c("A", "C", "T", NA)), names = c("", ""
))), LR44_SNP1 = structure(c(0L, 0L, 1L, 0L, 0L, 0L, 6L, 167L, 
2151L, 3386L, 108L, 2L, 0L, 0L, 21L, 29L, 1L, 0L, 0L, 0L, 30L, 
104L, 3L, 1L), dim = c(6L, 4L), dimnames = structure(list(c("-3", 
"-2", "-1", "0", "1", "2"), c("A", "C", "T", NA)), names = c("", 
""))), LR46_SNP1 = structure(c(0L, 1L, 0L, 53L, 2398L, 7L, 0L, 
5L, 0L, 2L, 25L, 0L), dim = 3:4, dimnames = structure(list(c("-1", 
"0", "1"), c("A", "G", "T", NA)), names = c("", ""))), LR48_SNP1 = structure(c(8L, 
168L, 2927L, 68L, 0L, 0L, 8L, 0L, 0L, 5L, 81L, 0L), dim = 4:3, dimnames = structure(list(
    c("-2", "-1", "0", "1"), c("C", "T", NA)), names = c("", 
""))), LR49_SNP1 = structure(c(3L, 2243L, 8L, 2373L, 0L, 71L), dim = 2:3, dimnames = structure(list(
    c("-1", "0"), c("A", "G", NA)), names = c("", ""))), LR52_SNP1 = structure(c(0L, 
0L, 0L, 0L, 0L, 0L, 1L, 101L, 669L, 285L, 100L, 1L, 2L, 6L, 135L, 
856L, 10L, 0L, 0L, 1L, 54L, 123L, 26L, 0L), dim = c(6L, 4L), dimnames = structure(list(
    c("-3", "-2", "-1", "0", "1", "2"), c("A", "C", "T", NA)), names = c("", 
""))))
