Result <-
list(DEPDC2_SNP1 = structure(c(0L, 0L, 2L, 0L, 0L, 0L, 8L, 0L, 
0L, 0L, 1L, 0L, 1L, 1382L, 15290L, 46L, 0L, 8L, 195L, 1L), dim = 4:5, dimnames = structure(list(
    c("-2", "-1", "0", "1"), c("A", "C", "G", "T", NA)), names = c("", 
""))), GM01_SNP1 = structure(c(0L, 43L, 3000L, 9L, 1L, 52L, 3218L, 
18L, 0L, 0L, 81L, 1L), dim = 4:3, dimnames = structure(list(c("-2", 
"-1", "0", "1"), c("A", "G", NA)), names = c("", ""))), GM07_SNP1 = structure(c(2L, 
2L, 53L, 4L, 0L, 59L, 3110L, 2738L, 90L, 3L, 0L, 0L, 4L, 0L, 
0L, 2L, 51L, 92L, 1L, 0L), dim = 5:4, dimnames = structure(list(
    c("-2", "-1", "0", "1", "2"), c("A", "G", "T", NA)), names = c("", 
""))), GM09_SNP1 = structure(c(1L, 70L, 5017L, 7L, 0L, 24L, 4973L, 
4L, 0L, 0L, 94L, 0L), dim = 4:3, dimnames = structure(list(c("-2", 
"-1", "0", "1"), c("A", "G", NA)), names = c("", ""))), GM11_SNP1 = structure(c(6L, 
1298L, 3L, 18L, 950L, 2L, 1L, 21L, 0L), dim = c(3L, 3L), dimnames = structure(list(
    c("-1", "0", "1"), c("A", "G", NA)), names = c("", ""))), 
    GM14_SNP1 = structure(c(0L, 0L, 0L, 0L, 1L, 0L, 1L, 20L, 
    1513L, 6684L, 2743L, 54L, 0L, 0L, 0L, 1L, 2L, 0L, 0L, 0L, 
    5L, 15L, 59L, 0L), dim = c(6L, 4L), dimnames = structure(list(
        c("-4", "-3", "-2", "-1", "0", "1"), c("-", "C", "T", 
        NA)), names = c("", ""))), GM17_SNP1 = structure(c(4L, 
    2891L, 5509L, 16L, 0L, 0L, 6L, 0L, 0L, 11L, 39L, 0L), dim = 4:3, dimnames = structure(list(
        c("-2", "-1", "0", "1"), c("C", "T", NA)), names = c("", 
    ""))), GM22_SNP1 = structure(c(2L, 56L, 4977L, 19L, 0L, 0L, 
    50L, 1L, 0L, 0L, 1L, 0L, 0L, 2L, 63L, 0L), dim = c(4L, 4L
    ), dimnames = structure(list(c("-2", "-1", "0", "1"), c("A", 
    "G", "T", NA)), names = c("", ""))), GM26_SNP1 = structure(c(1L, 
    15L, 1832L, 14L, 0L, 11L, 1896L, 5L, 0L, 0L, 58L, 0L), dim = 4:3, dimnames = structure(list(
        c("-2", "-1", "0", "1"), c("A", "G", NA)), names = c("", 
    ""))), GM29_SNP1 = structure(c(15L, 1730L, 2919L, 12L, 0L, 
    4L, 29L, 1L), dim = c(4L, 2L), dimnames = structure(list(
        c("-2", "-1", "0", "1"), c("A", NA)), names = c("", ""
    ))), IM16_SNP1 = structure(c(1L, 82L, 3972L, 156L, 3L, 0L, 
    2L, 115L, 1L, 0L, 0L, 0L, 87L, 8L, 0L), dim = c(5L, 3L), dimnames = structure(list(
        c("-2", "-1", "0", "1", "2"), c("A", "G", NA)), names = c("", 
    ""))), IM49_SNP1 = structure(c(1L, 105L, 2707L, 1912L, 33L, 
    2L, 62L, 2781L, 525L, 8L, 0L, 1L, 84L, 96L, 3L), dim = c(5L, 
    3L), dimnames = structure(list(c("-3", "-2", "-1", "0", "1"
    ), c("C", "G", NA)), names = c("", ""))), LR10_SNP1 = structure(c(0L, 
    1L, 0L, 145L, 5157L, 17L, 0L, 69L, 0L), dim = c(3L, 3L), dimnames = structure(list(
        c("-1", "0", "1"), c("C", "T", NA)), names = c("", ""
    ))), LR11_SNP1 = structure(c(0L, 0L, 0L, 1L, 0L, 0L, 1L, 
    2L, 329L, 3637L, 27L, 1L, 0L, 0L, 0L, 1L, 0L, 0L, 0L, 0L, 
    7L, 168L, 2L, 0L), dim = c(6L, 4L), dimnames = structure(list(
        c("-3", "-2", "-1", "0", "1", "2"), c("A", "C", "T", 
        NA)), names = c("", ""))), LR17_SNP1 = structure(c(1L, 
    10L, 248L, 5596L, 82L, 1L, 0L, 0L, 1L, 2L, 0L, 0L, 0L, 0L, 
    19L, 545L, 2L, 0L), dim = c(6L, 3L), dimnames = structure(list(
        c("-3", "-2", "-1", "0", "1", "2"), c("A", "G", NA)), names = c("", 
    ""))), LR20_SNP1 = structure(c(0L, 1L, 0L, 4L, 2584L, 3L, 
    4L, 3377L, 11L, 0L, 1L, 0L, 0L, 45L, 1L), dim = c(3L, 5L), dimnames = structure(list(
        c("-1", "0", "1"), c("-", "A", "G", "T", NA)), names = c("", 
    ""))), LR24_SNP1 = structure(c(1L, 7L, 5857L, 12003L, 27L, 
    0L, 1L, 53L, 7732L, 17L, 0L, 0L, 0L, 1L, 0L, 0L, 0L, 0L, 
    2L, 0L, 0L, 0L, 36L, 195L, 1L), dim = c(5L, 5L), dimnames = structure(list(
        c("-3", "-2", "-1", "0", "1"), c("A", "G", "N", "T", 
        NA)), names = c("", ""))), LR36_SNP1 = structure(c(0L, 
    0L, 0L, 0L, 8L, 0L, 0L, 0L, 0L, 0L, 1L, 0L, 1L, 14L, 1324L, 
    1519L, 3386L, 36L, 0L, 0L, 23L, 42L, 228L, 3L), dim = c(6L, 
    4L), dimnames = structure(list(c("-4", "-3", "-2", "-1", 
    "0", "1"), c("A", "G", "T", NA)), names = c("", ""))), LR40_SNP1 = structure(c(0L, 
    0L, 1L, 0L, 2L, 1042L, 2440L, 9L, 0L, 0L, 1L, 0L, 0L, 2L, 
    15L, 1L), dim = c(4L, 4L), dimnames = structure(list(c("-2", 
    "-1", "0", "1"), c("A", "C", "T", NA)), names = c("", ""))), 
    LR44_SNP1 = structure(c(2L, 82L, 3575L, 3257L, 1709L, 43L, 
    0L, 0L, 3L, 71L, 1L, 0L, 0L, 0L, 34L, 39L, 67L, 2L), dim = c(6L, 
    3L), dimnames = structure(list(c("-4", "-3", "-2", "-1", 
    "0", "1"), c("C", "T", NA)), names = c("", ""))), LR46_SNP1 = structure(c(0L, 
    1L, 0L, 0L, 0L, 0L, 2L, 0L, 0L, 1L, 0L, 0L, 0L, 1L, 6L, 0L, 
    5L, 3352L, 4377L, 15L, 0L, 39L, 60L, 0L), dim = c(4L, 6L), dimnames = structure(list(
        c("-2", "-1", "0", "1"), c("-", "A", "C", "G", "T", NA
        )), names = c("", ""))), LR48_SNP1 = structure(c(0L, 
    0L, 1L, 0L, 0L, 32L, 2063L, 1335L, 58L, 1L, 18L, 937L, 1517L, 
    18L, 1L, 2L, 35L, 146L, 6L, 0L), dim = 5:4, dimnames = structure(list(
        c("-2", "-1", "0", "1", "2"), c("A", "C", "T", NA)), names = c("", 
    ""))), LR49_SNP1 = structure(c(246L, 6194L, 1L, 1L, 96L, 
    0L, 0L, 1L, 0L, 1L, 136L, 1L), dim = 3:4, dimnames = structure(list(
        c("-1", "0", "1"), c("A", "G", "T", NA)), names = c("", 
    ""))), LR52_SNP1 = structure(c(0L, 19L, 616L, 392L, 185L, 
    2L, 1L, 272L, 1151L, 197L, 912L, 10L, 0L, 1L, 28L, 92L, 161L, 
    0L), dim = c(6L, 3L), dimnames = structure(list(c("-4", "-3", 
    "-2", "-1", "0", "1"), c("C", "T", NA)), names = c("", ""
    ))))
