Result <-
list(DEPDC2_SNP1 = structure(c(0L, 3L, 0L, 0L, 32L, 0L, 96L, 
12508L, 122L, 1L, 215L, 1L), dim = 3:4, dimnames = structure(list(
    c("-1", "0", "1"), c("A", "C", "T", NA)), names = c("", ""
))), GM01_SNP1 = structure(c(0L, 0L, 1L, 0L, 1L, 102L, 6892L, 
26L, 0L, 1L, 31L, 0L, 0L, 0L, 106L, 0L), dim = c(4L, 4L), dimnames = structure(list(
    c("-2", "-1", "0", "1"), c("-", "A", "G", NA)), names = c("", 
""))), GM07_SNP1 = structure(c(0L, 0L, 1L, 0L, 0L, 0L, 2L, 115L, 
1771L, 970L, 30L, 1L, 0L, 27L, 503L, 2111L, 63L, 2L, 0L, 2L, 
18L, 57L, 0L, 0L), dim = c(6L, 4L), dimnames = structure(list(
    c("-3", "-2", "-1", "0", "1", "2"), c("-", "A", "G", NA)), names = c("", 
""))), GM09_SNP1 = structure(c(3L, 3605L, 2474L, 9L, 0L, 38L, 
5974L, 8L, 0L, 0L, 1L, 0L, 0L, 27L, 100L, 0L), dim = c(4L, 4L
), dimnames = structure(list(c("-2", "-1", "0", "1"), c("A", 
"G", "T", NA)), names = c("", ""))), GM11_SNP1 = structure(c(1L, 
1L, 108L, 3833L, 6L, 0L, 0L, 0L, 10L, 0L, 0L, 0L, 0L, 1L, 0L, 
0L, 0L, 1L, 26L, 0L), dim = 5:4, dimnames = structure(list(c("-3", 
"-2", "-1", "0", "1"), c("A", "G", "T", NA)), names = c("", ""
))), GM14_SNP1 = structure(c(0L, 6L, 319L, 3800L, 43L, 1L, 7L, 
211L, 3739L, 29L, 0L, 0L, 3L, 113L, 2L), dim = c(5L, 3L), dimnames = structure(list(
    c("-3", "-2", "-1", "0", "1"), c("C", "T", NA)), names = c("", 
""))), GM17_SNP1 = structure(c(0L, 0L, 1L, 0L, 10L, 1946L, 923L, 
6L, 2L, 49L, 3383L, 20L, 0L, 15L, 46L, 0L), dim = c(4L, 4L), dimnames = structure(list(
    c("-2", "-1", "0", "1"), c("A", "C", "T", NA)), names = c("", 
""))), GM22_SNP1 = structure(c(2L, 100L, 4833L, 39L, 2L, 0L, 
0L, 4L, 0L, 0L, 0L, 4L, 83L, 1L, 0L), dim = c(5L, 3L), dimnames = structure(list(
    c("-2", "-1", "0", "1", "2"), c("A", "G", NA)), names = c("", 
""))), GM26_SNP1 = structure(c(0L, 0L, 22L, 0L, 1L, 24L, 4754L, 
21L, 0L, 0L, 1L, 0L, 0L, 1L, 92L, 0L), dim = c(4L, 4L), dimnames = structure(list(
    c("-2", "-1", "0", "1"), c("A", "G", "T", NA)), names = c("", 
""))), GM29_SNP1 = structure(c(0L, 35L, 2458L, 12L, 0L, 0L, 1L, 
0L, 2L, 254L, 1345L, 6L, 0L, 1L, 52L, 0L), dim = c(4L, 4L), dimnames = structure(list(
    c("-2", "-1", "0", "1"), c("A", "C", "G", NA)), names = c("", 
""))), IM16_SNP1 = structure(c(4L, 2212L, 1044L, 14L, 0L, 1L, 
133L, 1642L, 615L, 17L, 0L, 18L, 50L, 27L, 5L), dim = c(5L, 3L
), dimnames = structure(list(c("-2", "-1", "0", "1", "2"), c("A", 
"G", NA)), names = c("", ""))), IM49_SNP1 = structure(c(0L, 0L, 
0L, 0L, 0L, 1L, 93L, 3409L, 1339L, 40L, 0L, 135L, 3333L, 892L, 
47L, 0L, 6L, 66L, 97L, 3L), dim = 5:4, dimnames = structure(list(
    c("-3", "-2", "-1", "0", "1"), c("A", "C", "G", NA)), names = c("", 
""))), LR10_SNP1 = structure(c(1L, 60L, 2580L, 31L, 19L, 2131L, 
828L, 5L, 0L, 6L, 48L, 1L), dim = 4:3, dimnames = structure(list(
    c("-2", "-1", "0", "1"), c("C", "T", NA)), names = c("", 
""))), LR11_SNP1 = structure(c(0L, 39L, 2465L, 932L, 11L, 1L, 
60L, 2634L, 859L, 7L, 0L, 1L, 62L, 56L, 0L), dim = c(5L, 3L), dimnames = structure(list(
    c("-3", "-2", "-1", "0", "1"), c("A", "C", NA)), names = c("", 
""))), LR17_SNP1 = structure(c(1L, 66L, 1858L, 2233L, 32L, 2L, 
0L, 0L, 0L, 2L, 0L, 0L, 0L, 0L, 94L, 154L, 0L, 0L), dim = c(6L, 
3L), dimnames = structure(list(c("-3", "-2", "-1", "0", "1", 
"2"), c("A", "G", NA)), names = c("", ""))), LR20_SNP1 = structure(c(2L, 
1626L, 946L, 4L, 0L, 0L, 20L, 2449L, 5L, 1L, 0L, 5L, 27L, 0L, 
0L), dim = c(5L, 3L), dimnames = structure(list(c("-2", "-1", 
"0", "1", "2"), c("A", "G", NA)), names = c("", ""))), LR24_SNP1 = structure(c(3L, 
4855L, 62L, 8018L, 17L, 1L, 0L, 0L, 0L, 37L, 0L, 0L, 0L, 0L, 
0L, 1L, 0L, 0L, 0L, 23L, 0L, 65L, 0L, 0L), dim = c(6L, 4L), dimnames = structure(list(
    c("-3", "-2", "-1", "0", "1", "2"), c("A", "G", "T", NA)), names = c("", 
""))), LR36_SNP1 = structure(c(4L, 64L, 2314L, 1085L, 13L, 0L, 
0L, 0L, 0L, 0L, 1L, 0L, 0L, 0L, 0L, 1L, 28L, 1059L, 1976L, 77L, 
2L, 0L, 2L, 11L, 152L, 139L, 7L, 0L), dim = c(7L, 4L), dimnames = structure(list(
    c("-3", "-2", "-1", "0", "1", "2", "3"), c("A", "G", "T", 
    NA)), names = c("", ""))), LR40_SNP1 = structure(c(2L, 433L, 
3781L, 9L, 0L, 0L, 1L, 0L, 0L, 1L, 25L, 0L), dim = 4:3, dimnames = structure(list(
    c("-2", "-1", "0", "1"), c("C", "T", NA)), names = c("", 
""))), LR44_SNP1 = structure(c(9L, 108L, 2551L, 85L, 693L, 17L, 
0L, 0L, 0L, 9L, 1L, 5L, 0L, 0L, 3L, 117L, 2745L, 112L, 890L, 
18L, 2L, 0L, 1L, 29L, 3L, 31L, 2L, 0L), dim = c(7L, 4L), dimnames = structure(list(
    c("-4", "-3", "-2", "-1", "0", "1", "2"), c("C", "G", "T", 
    NA)), names = c("", ""))), LR46_SNP1 = structure(c(0L, 0L, 
1L, 0L, 0L, 0L, 14L, 0L, 1L, 1336L, 2279L, 7L, 0L, 8L, 25L, 0L
), dim = c(4L, 4L), dimnames = structure(list(c("-2", "-1", "0", 
"1"), c("C", "G", "T", NA)), names = c("", ""))), LR48_SNP1 = structure(c(0L, 
0L, 0L, 1L, 0L, 0L, 1L, 63L, 1988L, 2166L, 61L, 2L, 0L, 0L, 0L, 
2L, 0L, 0L, 0L, 1L, 20L, 49L, 0L, 0L), dim = c(6L, 4L), dimnames = structure(list(
    c("-3", "-2", "-1", "0", "1", "2"), c("A", "C", "T", NA)), names = c("", 
""))), LR49_SNP1 = structure(c(1L, 26L, 0L, 115L, 5443L, 3L, 
0L, 1L, 0L, 0L, 51L, 0L), dim = 3:4, dimnames = structure(list(
    c("-1", "0", "1"), c("A", "G", "T", NA)), names = c("", ""
))), LR52_SNP1 = structure(c(0L, 0L, 0L, 0L, 1L, 0L, 114L, 3693L, 
741L, 114L, 920L, 13L, 0L, 1L, 0L, 0L, 0L, 0L, 0L, 1L, 1L, 3L, 
39L, 1L, 0L, 12L, 7L, 6L, 222L, 3L), dim = 6:5, dimnames = structure(list(
    c("-4", "-3", "-2", "-1", "0", "1"), c("-", "C", "G", "T", 
    NA)), names = c("", ""))))
