Result <-
list(DEPDC2_SNP1 = structure(c(0L, 0L, 14L, 28L, 0L, 0L, 2L, 
2L, 120L, 13211L, 66L, 2L, 0L, 0L, 0L, 72L, 1L, 0L, 0L, 0L, 5L, 
277L, 0L, 0L), dim = c(6L, 4L), dimnames = structure(list(c("-3", 
"-2", "-1", "0", "1", "2"), c("A", "C", "T", NA)), names = c("", 
""))), GM01_SNP1 = structure(c(1L, 332L, 7067L, 19L, 0L, 0L, 
8L, 0L, 0L, 8L, 121L, 0L), dim = 4:3, dimnames = structure(list(
    c("-2", "-1", "0", "1"), c("A", "G", NA)), names = c("", 
""))), GM07_SNP1 = structure(c(0L, 0L, 13L, 2L, 0L, 58L, 3016L, 
5098L, 159L, 5L, 0L, 1L, 0L, 0L, 0L, 3L, 43L, 172L, 6L, 0L), dim = 5:4, dimnames = structure(list(
    c("-2", "-1", "0", "1", "2"), c("A", "G", "T", NA)), names = c("", 
""))), GM09_SNP1 = structure(c(0L, 1L, 0L, 51L, 6061L, 10L, 45L, 
14286L, 52L, 0L, 2L, 0L, 3L, 214L, 2L), dim = c(3L, 5L), dimnames = structure(list(
    c("-1", "0", "1"), c("-", "A", "G", "T", NA)), names = c("", 
""))), GM11_SNP1 = structure(c(0L, 6L, 1L, 21L, 3479L, 17L, 0L, 
46L, 1L), dim = c(3L, 3L), dimnames = structure(list(c("-1", 
"0", "1"), c("A", "G", NA)), names = c("", ""))), GM14_SNP1 = structure(c(7L, 
114L, 3108L, 72L, 1L, 3L, 162L, 2856L, 10L, 0L, 1L, 0L, 104L, 
0L, 0L), dim = c(5L, 3L), dimnames = structure(list(c("-2", "-1", 
"0", "1", "2"), c("C", "T", NA)), names = c("", ""))), GM17_SNP1 = structure(c(1L, 
54L, 4074L, 13L, 0L, 0L, 1L, 0L, 1L, 81L, 3707L, 12L, 0L, 1L, 
80L, 0L), dim = c(4L, 4L), dimnames = structure(list(c("-2", 
"-1", "0", "1"), c("C", "N", "T", NA)), names = c("", ""))), 
    GM22_SNP1 = structure(c(1L, 93L, 2453L, 11L, 0L, 0L, 1L, 
    0L, 0L, 41L, 2797L, 14L, 0L, 0L, 119L, 0L), dim = c(4L, 4L
    ), dimnames = structure(list(c("-2", "-1", "0", "1"), c("A", 
    "C", "G", NA)), names = c("", ""))), GM26_SNP1 = structure(c(0L, 
    6L, 1563L, 897L, 1L, 1L, 1L, 13L, 2359L, 90L, 0L, 0L, 7L, 
    83L, 1L), dim = c(5L, 3L), dimnames = structure(list(c("-3", 
    "-2", "-1", "0", "1"), c("A", "G", NA)), names = c("", ""
    ))), GM29_SNP1 = structure(c(6L, 1468L, 587L, 1L, 2L, 1620L, 
    694L, 3L, 1L, 9L, 13L, 0L), dim = 4:3, dimnames = structure(list(
        c("-2", "-1", "0", "1"), c("A", "G", NA)), names = c("", 
    ""))), IM16_SNP1 = structure(c(16L, 2645L, 80L, 3L, 39L, 
    2909L, 38L, 1L, 0L, 4L, 0L, 0L, 1L, 86L, 6L, 1L), dim = c(4L, 
    4L), dimnames = structure(list(c("-1", "0", "1", "2"), c("A", 
    "G", "T", NA)), names = c("", ""))), IM49_SNP1 = structure(c(0L, 
    3L, 214L, 3151L, 111L, 4L, 172L, 1412L, 1344L, 20L, 0L, 3L, 
    39L, 198L, 8L), dim = c(5L, 3L), dimnames = structure(list(
        c("-3", "-2", "-1", "0", "1"), c("C", "G", NA)), names = c("", 
    ""))), LR10_SNP1 = structure(c(0L, 0L, 2L, 0L, 1L, 51L, 2749L, 
    21L, 0L, 56L, 3272L, 7L, 0L, 2L, 80L, 1L), dim = c(4L, 4L
    ), dimnames = structure(list(c("-2", "-1", "0", "1"), c("A", 
    "C", "T", NA)), names = c("", ""))), LR11_SNP1 = structure(c(1L, 
    4L, 216L, 2320L, 12L, 0L, 8L, 43L, 1738L, 14L, 0L, 0L, 0L, 
    1L, 0L, 0L, 0L, 1L, 0L, 0L, 0L, 0L, 3L, 79L, 0L), dim = c(5L, 
    5L), dimnames = structure(list(c("-3", "-2", "-1", "0", "1"
    ), c("A", "C", "G", "T", NA)), names = c("", ""))), LR17_SNP1 = structure(c(1L, 
    5L, 219L, 3117L, 26L, 0L, 0L, 0L, 2L, 0L, 0L, 0L, 13L, 278L, 
    1L), dim = c(5L, 3L), dimnames = structure(list(c("-3", "-2", 
    "-1", "0", "1"), c("A", "G", NA)), names = c("", ""))), LR20_SNP1 = structure(c(0L, 
    1L, 2L, 0L, 0L, 0L, 1L, 0L, 3L, 2074L, 4548L, 3L, 0L, 1L, 
    1L, 0L, 0L, 22L, 43L, 1L), dim = 4:5, dimnames = structure(list(
        c("-2", "-1", "0", "1"), c("A", "C", "G", "T", NA)), names = c("", 
    ""))), LR24_SNP1 = structure(c(5L, 105L, 20736L, 31L, 0L, 
    0L, 1L, 0L, 0L, 0L, 12L, 0L, 0L, 0L, 1L, 0L, 0L, 0L, 1L, 
    0L, 0L, 3L, 194L, 3L), dim = c(4L, 6L), dimnames = structure(list(
        c("-2", "-1", "0", "1"), c("A", "C", "G", "N", "T", NA
        )), names = c("", ""))), LR36_SNP1 = structure(c(2L, 
    7L, 136L, 3052L, 24L, 1L, 30L, 1456L, 1311L, 6L, 0L, 2L, 
    39L, 155L, 1L), dim = c(5L, 3L), dimnames = structure(list(
        c("-3", "-2", "-1", "0", "1"), c("A", "T", NA)), names = c("", 
    ""))), LR40_SNP1 = structure(c(25L, 2012L, 3L, 34L, 2157L, 
    5L, 0L, 1L, 0L, 1L, 37L, 0L), dim = 3:4, dimnames = structure(list(
        c("-1", "0", "1"), c("A", "C", "T", NA)), names = c("", 
    ""))), LR44_SNP1 = structure(c(0L, 1L, 1L, 17L, 0L, 0L, 1L, 
    10L, 403L, 2661L, 54L, 1L, 0L, 0L, 1L, 2L, 0L, 0L, 4L, 27L, 
    833L, 5088L, 71L, 0L, 0L, 0L, 16L, 208L, 5L, 0L), dim = 6:5, dimnames = structure(list(
        c("-3", "-2", "-1", "0", "1", "2"), c("A", "C", "N", 
        "T", NA)), names = c("", ""))), LR46_SNP1 = structure(c(38L, 
    8449L, 21L, 0L, 5L, 0L, 0L, 105L, 0L), dim = c(3L, 3L), dimnames = structure(list(
        c("-1", "0", "1"), c("G", "T", NA)), names = c("", ""
    ))), LR48_SNP1 = structure(c(58L, 1324L, 956L, 10L, 4L, 77L, 
    1278L, 16L, 1L, 6L, 124L, 1L), dim = 4:3, dimnames = structure(list(
        c("-2", "-1", "0", "1"), c("C", "T", NA)), names = c("", 
    ""))), LR49_SNP1 = structure(c(0L, 17L, 0L, 41L, 6368L, 4L, 
    0L, 1L, 0L, 1L, 44L, 0L), dim = 3:4, dimnames = structure(list(
        c("-1", "0", "1"), c("A", "G", "T", NA)), names = c("", 
    ""))), LR52_SNP1 = structure(c(0L, 0L, 0L, 0L, 1L, 0L, 1L, 
    11L, 261L, 1320L, 1979L, 7L, 0L, 0L, 1L, 6L, 79L, 1L, 0L, 
    0L, 15L, 192L, 1028L, 2L), dim = c(6L, 4L), dimnames = structure(list(
        c("-4", "-3", "-2", "-1", "0", "1"), c("A", "C", "T", 
        NA)), names = c("", ""))))
