Result <-
list(DEPDC2_SNP1 = structure(c(0L, 6L, 0L, 0L, 26L, 0L, 50L, 
10311L, 53L, 3L, 161L, 0L), dim = 3:4, dimnames = structure(list(
    c("-1", "0", "1"), c("A", "C", "T", NA)), names = c("", ""
))), GM01_SNP1 = structure(c(1L, 196L, 3108L, 16L, 0L, 0L, 1L, 
0L, 0L, 83L, 2612L, 13L, 0L, 7L, 84L, 0L), dim = c(4L, 4L), dimnames = structure(list(
    c("-3", "-1", "0", "1"), c("A", "C", "G", NA)), names = c("", 
""))), GM07_SNP1 = structure(c(0L, 0L, 2L, 0L, 0L, 2L, 171L, 
1647L, 43L, 2L, 47L, 681L, 1165L, 25L, 0L, 0L, 9L, 55L, 1L, 0L
), dim = 5:4, dimnames = structure(list(c("-2", "-1", "0", "1", 
"2"), c("-", "A", "G", NA)), names = c("", ""))), GM09_SNP1 = structure(c(127L, 
10576L, 11L, 3L, 86L, 0L, 0L, 1L, 0L, 1L, 97L, 0L), dim = 3:4, dimnames = structure(list(
    c("-1", "0", "1"), c("A", "G", "T", NA)), names = c("", ""
))), GM11_SNP1 = structure(c(30L, 711L, 1L, 8L, 1521L, 9L, 0L, 
1L, 0L, 0L, 19L, 1L), dim = 3:4, dimnames = structure(list(c("-1", 
"0", "1"), c("A", "G", "T", NA)), names = c("", ""))), GM14_SNP1 = structure(c(1L, 
9L, 244L, 6369L, 149L, 3L, 1L, 0L, 0L, 0L, 26L, 0L, 0L, 0L, 0L, 
0L, 1L, 68L, 1L, 0L, 0L), dim = c(7L, 3L), dimnames = structure(list(
    c("-3", "-2", "-1", "0", "1", "2", "3"), c("C", "T", NA)), names = c("", 
""))), GM17_SNP1 = structure(c(0L, 1L, 65L, 0L, 1L, 124L, 5384L, 
13L, 0L, 1L, 56L, 0L), dim = 4:3, dimnames = structure(list(c("-2", 
"-1", "0", "1"), c("C", "T", NA)), names = c("", ""))), GM22_SNP1 = structure(c(0L, 
31L, 2130L, 12L, 1L, 28L, 2019L, 15L, 0L, 0L, 1L, 0L, 0L, 3L, 
101L, 1L), dim = c(4L, 4L), dimnames = structure(list(c("-2", 
"-1", "0", "1"), c("A", "G", "T", NA)), names = c("", ""))), 
    GM26_SNP1 = structure(c(1L, 4L, 39L, 3359L, 6L, 0L, 0L, 0L, 
    4L, 0L, 0L, 0L, 0L, 1L, 0L, 0L, 0L, 0L, 65L, 0L), dim = 5:4, dimnames = structure(list(
        c("-3", "-2", "-1", "0", "1"), c("A", "G", "T", NA)), names = c("", 
    ""))), GM29_SNP1 = structure(c(0L, 44L, 1866L, 7L, 2L, 78L, 
    1987L, 4L, 0L, 1L, 51L, 0L), dim = 4:3, dimnames = structure(list(
        c("-2", "-1", "0", "1"), c("A", "G", NA)), names = c("", 
    ""))), IM16_SNP1 = structure(c(9L, 1672L, 29L, 0L, 18L, 2066L, 
    47L, 1L, 0L, 72L, 8L, 0L), dim = 4:3, dimnames = structure(list(
        c("-1", "0", "1", "2"), c("A", "G", NA)), names = c("", 
    ""))), IM49_SNP1 = structure(c(0L, 4L, 98L, 2L, 0L, 11L, 
    637L, 8765L, 201L, 8L, 0L, 0L, 1L, 0L, 0L, 0L, 12L, 427L, 
    11L, 0L), dim = 5:4, dimnames = structure(list(c("-2", "-1", 
    "0", "1", "2"), c("C", "G", "T", NA)), names = c("", ""))), 
    LR10_SNP1 = structure(c(0L, 1L, 0L, 0L, 20L, 1710L, 21L, 
    1L, 41L, 1928L, 10L, 0L, 1L, 42L, 1L, 0L), dim = c(4L, 4L
    ), dimnames = structure(list(c("-1", "0", "1", "2"), c("-", 
    "C", "T", NA)), names = c("", ""))), LR11_SNP1 = structure(c(1L, 
    1L, 62L, 3339L, 30L, 0L, 0L, 2L, 196L, 2328L, 24L, 1L, 0L, 
    0L, 0L, 1L, 0L, 0L, 0L, 0L, 1L, 117L, 0L, 0L), dim = c(6L, 
    4L), dimnames = structure(list(c("-3", "-2", "-1", "0", "1", 
    "2"), c("A", "C", "G", NA)), names = c("", ""))), LR17_SNP1 = structure(c(2L, 
    151L, 4512L, 61L, 2L, 0L, 6L, 309L, 3L, 0L), dim = c(5L, 
    2L), dimnames = structure(list(c("-2", "-1", "0", "1", "2"
    ), c("A", NA)), names = c("", ""))), LR20_SNP1 = structure(c(0L, 
    1L, 0L, 7L, 3143L, 5L, 0L, 28L, 0L, 0L, 1L, 0L, 0L, 13L, 
    0L), dim = c(3L, 5L), dimnames = structure(list(c("-1", "0", 
    "1"), c("-", "A", "G", "T", NA)), names = c("", ""))), LR24_SNP1 = structure(c(0L, 
    0L, 1L, 0L, 0L, 3L, 135L, 0L, 0L, 0L, 1L, 0L, 3L, 120L, 15705L, 
    50L, 0L, 0L, 149L, 1L), dim = 4:5, dimnames = structure(list(
        c("-2", "-1", "0", "1"), c("-", "A", "C", "G", NA)), names = c("", 
    ""))), LR36_SNP1 = structure(c(0L, 0L, 0L, 44L, 0L, 0L, 0L, 
    0L, 0L, 3L, 0L, 0L, 2L, 20L, 375L, 8125L, 122L, 2L, 0L, 0L, 
    20L, 530L, 9L, 0L), dim = c(6L, 4L), dimnames = structure(list(
        c("-3", "-2", "-1", "0", "1", "2"), c("A", "G", "T", 
        NA)), names = c("", ""))), LR40_SNP1 = structure(c(0L, 
    0L, 3L, 0L, 1L, 31L, 3026L, 7L, 0L, 0L, 2L, 0L, 0L, 0L, 29L, 
    1L), dim = c(4L, 4L), dimnames = structure(list(c("-2", "-1", 
    "0", "1"), c("A", "C", "T", NA)), names = c("", ""))), LR44_SNP1 = structure(c(0L, 
    0L, 0L, 23L, 0L, 0L, 165L, 531L, 948L, 2729L, 50L, 3L, 0L, 
    0L, 0L, 14L, 0L, 0L, 1L, 8L, 8L, 41L, 0L, 0L, 4L, 11L, 13L, 
    84L, 0L, 0L), dim = 6:5, dimnames = structure(list(c("-3", 
    "-2", "-1", "0", "1", "2"), c("A", "C", "G", "T", NA)), names = c("", 
    ""))), LR46_SNP1 = structure(c(0L, 1L, 0L, 12L, 2997L, 17L, 
    0L, 27L, 0L, 0L, 36L, 0L), dim = 3:4, dimnames = structure(list(
        c("-1", "0", "1"), c("A", "G", "T", NA)), names = c("", 
    ""))), LR48_SNP1 = structure(c(0L, 0L, 0L, 1L, 0L, 0L, 1L, 
    11L, 533L, 2845L, 90L, 1L, 0L, 0L, 1L, 11L, 0L, 0L, 0L, 0L, 
    4L, 81L, 2L, 0L), dim = c(6L, 4L), dimnames = structure(list(
        c("-3", "-2", "-1", "0", "1", "2"), c("A", "C", "T", 
        NA)), names = c("", ""))), LR49_SNP1 = structure(c(1L, 
    829L, 4788L, 2L, 0L, 0L, 1L, 0L, 0L, 0L, 63L, 0L, 0L, 8L, 
    111L, 0L), dim = c(4L, 4L), dimnames = structure(list(c("-2", 
    "-1", "0", "1"), c("A", "C", "G", NA)), names = c("", ""))), 
    LR52_SNP1 = structure(c(1L, 8L, 161L, 847L, 1953L, 13L, 1L, 
    0L, 0L, 0L, 0L, 1L, 0L, 0L, 0L, 0L, 0L, 2L, 7L, 0L, 0L, 0L, 
    0L, 0L, 55L, 428L, 4L, 0L), dim = c(7L, 4L), dimnames = structure(list(
        c("-4", "-3", "-2", "-1", "0", "1", "2"), c("C", "G", 
        "T", NA)), names = c("", ""))))
