Result <-
list(DEPDC2_SNP1 = structure(c(0L, 0L, 1L, 0L, 0L, 0L, 0L, 2L, 
0L, 0L, 1L, 86L, 9086L, 54L, 0L, 0L, 46L, 5245L, 38L, 0L, 0L, 
2L, 307L, 2L, 1L), dim = c(5L, 5L), dimnames = structure(list(
    c("-2", "-1", "0", "1", "2"), c("-", "A", "C", "T", NA)), names = c("", 
""))), GM01_SNP1 = structure(c(0L, 54L, 2523L, 8L, 0L, 1L, 40L, 
2026L, 5L, 1L, 0L, 1L, 54L, 0L, 0L), dim = c(5L, 3L), dimnames = structure(list(
    c("-2", "-1", "0", "1", "2"), c("A", "G", NA)), names = c("", 
""))), GM07_SNP1 = structure(c(0L, 0L, 1L, 0L, 0L, 4L, 271L, 
4210L, 182L, 10L, 0L, 0L, 9L, 0L, 0L, 0L, 2L, 43L, 1L, 0L), dim = 5:4, dimnames = structure(list(
    c("-2", "-1", "0", "1", "2"), c("-", "A", "G", NA)), names = c("", 
""))), GM09_SNP1 = structure(c(1L, 50L, 5752L, 12L, 0L, 40L, 
4842L, 7L, 0L, 0L, 1L, 0L, 0L, 0L, 84L, 0L), dim = c(4L, 4L), dimnames = structure(list(
    c("-2", "-1", "0", "1"), c("A", "G", "T", NA)), names = c("", 
""))), GM11_SNP1 = structure(c(1L, 3L, 1102L, 6L, 0L, 5L, 1314L, 
9L, 0L, 0L, 28L, 0L), dim = 4:3, dimnames = structure(list(c("-2", 
"-1", "0", "1"), c("A", "G", NA)), names = c("", ""))), GM14_SNP1 = structure(c(0L, 
0L, 0L, 1L, 0L, 0L, 0L, 3L, 62L, 0L, 1L, 2L, 142L, 5539L, 44L, 
0L, 0L, 0L, 83L, 1L), dim = 5:4, dimnames = structure(list(c("-3", 
"-2", "-1", "0", "1"), c("A", "C", "T", NA)), names = c("", ""
))), GM17_SNP1 = structure(c(0L, 1L, 0L, 114L, 7616L, 39L, 1L, 
46L, 0L, 1L, 81L, 0L), dim = 3:4, dimnames = structure(list(c("-1", 
"0", "1"), c("A", "C", "T", NA)), names = c("", ""))), GM22_SNP1 = structure(c(1L, 
27L, 2178L, 13L, 1L, 34L, 1928L, 11L, 0L, 0L, 84L, 2L), dim = 4:3, dimnames = structure(list(
    c("-2", "-1", "0", "1"), c("A", "G", NA)), names = c("", 
""))), GM26_SNP1 = structure(c(18L, 1988L, 6L, 17L, 1897L, 10L, 
0L, 72L, 0L), dim = c(3L, 3L), dimnames = structure(list(c("-1", 
"0", "1"), c("A", "G", NA)), names = c("", ""))), GM29_SNP1 = structure(c(77L, 
5099L, 18L, 0L, 1L, 0L, 1L, 62L, 1L), dim = c(3L, 3L), dimnames = structure(list(
    c("-1", "0", "1"), c("A", "G", NA)), names = c("", ""))), 
    IM16_SNP1 = structure(c(21L, 1505L, 36L, 0L, 17L, 1829L, 
    39L, 1L, 0L, 1L, 0L, 0L, 1L, 55L, 5L, 0L), dim = c(4L, 4L
    ), dimnames = structure(list(c("-1", "0", "1", "2"), c("A", 
    "G", "T", NA)), names = c("", ""))), IM49_SNP1 = structure(c(1L, 
    11L, 195L, 4852L, 145L, 4L, 0L, 3L, 150L, 4331L, 143L, 7L, 
    0L, 0L, 4L, 297L, 9L, 0L), dim = c(6L, 3L), dimnames = structure(list(
        c("-3", "-2", "-1", "0", "1", "2"), c("C", "G", NA)), names = c("", 
    ""))), LR10_SNP1 = structure(c(0L, 6L, 0L, 62L, 3556L, 13L, 
    2L, 33L, 3L), dim = c(3L, 3L), dimnames = structure(list(
        c("-1", "0", "1"), c("C", "T", NA)), names = c("", ""
    ))), LR11_SNP1 = structure(c(4L, 44L, 2105L, 28L, 0L, 3L, 
    47L, 1583L, 22L, 0L, 0L, 0L, 71L, 0L, 1L), dim = c(5L, 3L
    ), dimnames = structure(list(c("-2", "-1", "0", "1", "2"), 
        c("A", "C", NA)), names = c("", ""))), LR17_SNP1 = structure(c(5L, 
    188L, 3739L, 71L, 1L, 0L, 0L, 2L, 0L, 0L, 0L, 0L, 1L, 0L, 
    0L, 0L, 11L, 253L, 0L, 0L), dim = 5:4, dimnames = structure(list(
        c("-2", "-1", "0", "1", "2"), c("A", "G", "T", NA)), names = c("", 
    ""))), LR20_SNP1 = structure(c(14L, 3014L, 5L, 1L, 7L, 0L, 
    0L, 11L, 0L), dim = c(3L, 3L), dimnames = structure(list(
        c("-1", "0", "1"), c("A", "G", NA)), names = c("", ""
    ))), LR24_SNP1 = structure(c(54L, 7714L, 18L, 0L, 18L, 0L, 
    0L, 1L, 0L, 0L, 65L, 0L), dim = 3:4, dimnames = structure(list(
        c("-1", "0", "1"), c("A", "G", "T", NA)), names = c("", 
    ""))), LR36_SNP1 = structure(c(0L, 0L, 2L, 19L, 0L, 0L, 0L, 
    0L, 0L, 2L, 0L, 0L, 1L, 11L, 103L, 5150L, 65L, 0L, 0L, 0L, 
    7L, 337L, 4L, 1L), dim = c(6L, 4L), dimnames = structure(list(
        c("-3", "-2", "-1", "0", "1", "6"), c("A", "G", "T", 
        NA)), names = c("", ""))), LR40_SNP1 = structure(c(46L, 
    2369L, 9L, 0L, 18L, 0L), dim = 3:2, dimnames = structure(list(
        c("-1", "0", "1"), c("C", NA)), names = c("", ""))), 
    LR44_SNP1 = structure(c(0L, 4L, 101L, 1101L, 27L, 1L, 0L, 
    3L, 140L, 1067L, 26L, 0L, 1L, 1L, 2L, 50L, 2L, 0L), dim = c(6L, 
    3L), dimnames = structure(list(c("-4", "-2", "-1", "0", "1", 
    "2"), c("C", "T", NA)), names = c("", ""))), LR46_SNP1 = structure(c(14L, 
    2947L, 8L, 0L, 35L, 0L, 1L, 35L, 0L), dim = c(3L, 3L), dimnames = structure(list(
        c("-1", "0", "1"), c("G", "T", NA)), names = c("", ""
    ))), LR48_SNP1 = structure(c(0L, 0L, 0L, 1L, 0L, 1L, 3L, 
    131L, 3346L, 62L, 0L, 0L, 0L, 1L, 0L, 0L, 0L, 0L, 77L, 0L
    ), dim = 5:4, dimnames = structure(list(c("-4", "-2", "-1", 
    "0", "1"), c("A", "C", "T", NA)), names = c("", ""))), LR49_SNP1 = structure(c(0L, 
    26L, 0L, 15L, 5256L, 3L, 0L, 28L, 0L), dim = c(3L, 3L), dimnames = structure(list(
        c("-1", "0", "1"), c("A", "G", NA)), names = c("", ""
    ))), LR52_SNP1 = structure(c(1L, 0L, 3L, 0L, 0L, 19L, 245L, 
    2299L, 40L, 2L, 1L, 7L, 121L, 5L, 0L), dim = c(5L, 3L), dimnames = structure(list(
        c("-2", "-1", "0", "1", "2"), c("C", "T", NA)), names = c("", 
    ""))))
