Result <-
list(DEPDC2_SNP1 = structure(c(0L, 0L, 3L, 0L, 0L, 56L, 8196L, 
35L, 1L, 116L, 7783L, 25L, 0L, 1L, 270L, 2L), dim = c(4L, 4L), dimnames = structure(list(
    c("-2", "-1", "0", "1"), c("A", "C", "T", NA)), names = c("", 
""))), GM01_SNP1 = structure(c(2L, 69L, 5155L, 12L, 1L, 1L, 94L, 
5017L, 22L, 0L, 0L, 0L, 1L, 0L, 0L, 0L, 7L, 142L, 0L, 0L), dim = 5:4, dimnames = structure(list(
    c("-2", "-1", "0", "1", "2"), c("A", "G", "T", NA)), names = c("", 
""))), GM07_SNP1 = structure(c(0L, 0L, 1L, 0L, 0L, 0L, 9L, 663L, 
5544L, 167L, 3L, 1L, 0L, 0L, 5L, 0L, 0L, 0L, 0L, 1L, 0L, 0L, 
0L, 0L, 0L, 8L, 106L, 4L, 0L, 0L), dim = 6:5, dimnames = structure(list(
    c("-2", "-1", "0", "1", "2", "3"), c("-", "A", "G", "T", 
    NA)), names = c("", ""))), GM09_SNP1 = structure(c(1L, 243L, 
16459L, 27L, 0L, 0L, 68L, 0L, 0L, 0L, 3L, 0L, 0L, 2L, 132L, 1L
), dim = c(4L, 4L), dimnames = structure(list(c("-2", "-1", "0", 
"1"), c("A", "G", "T", NA)), names = c("", ""))), GM11_SNP1 = structure(c(33L, 
5446L, 16L, 1L, 0L, 2L, 2L, 0L, 0L, 1L, 0L, 0L, 0L, 65L, 2L, 
0L), dim = c(4L, 4L), dimnames = structure(list(c("-1", "0", 
"1", "2"), c("A", "G", "T", NA)), names = c("", ""))), GM14_SNP1 = structure(c(0L, 
0L, 1L, 0L, 0L, 0L, 0L, 1L, 0L, 0L, 10L, 218L, 4558L, 76L, 4L, 
0L, 92L, 4303L, 19L, 0L, 0L, 1L, 157L, 1L, 0L), dim = c(5L, 5L
), dimnames = structure(list(c("-2", "-1", "0", "1", "2"), c("-", 
"A", "C", "T", NA)), names = c("", ""))), GM17_SNP1 = structure(c(0L, 
0L, 1L, 0L, 0L, 0L, 4L, 0L, 1L, 120L, 9111L, 39L, 0L, 3L, 57L, 
0L), dim = c(4L, 4L), dimnames = structure(list(c("-2", "-1", 
"0", "1"), c("A", "C", "T", NA)), names = c("", ""))), GM22_SNP1 = structure(c(5L, 
84L, 7181L, 41L, 0L, 0L, 3L, 0L, 0L, 4L, 102L, 0L), dim = 4:3, dimnames = structure(list(
    c("-2", "-1", "0", "1"), c("A", "G", NA)), names = c("", 
""))), GM26_SNP1 = structure(c(1L, 32L, 3631L, 15L, 0L, 0L, 51L, 
3296L, 13L, 1L, 0L, 0L, 1L, 0L, 0L, 0L, 3L, 123L, 0L, 0L), dim = 5:4, dimnames = structure(list(
    c("-2", "-1", "0", "1", "2"), c("A", "G", "T", NA)), names = c("", 
""))), GM29_SNP1 = structure(c(0L, 0L, 0L, 5L, 0L, 0L, 0L, 0L, 
1L, 0L, 1L, 3L, 392L, 4821L, 14L, 0L, 0L, 3L, 50L, 0L), dim = 5:4, dimnames = structure(list(
    c("-3", "-2", "-1", "0", "1"), c("A", "C", "G", NA)), names = c("", 
""))), IM16_SNP1 = structure(c(68L, 6873L, 126L, 6L, 1L, 20L, 
2L, 0L, 0L, 114L, 10L, 0L), dim = 4:3, dimnames = structure(list(
    c("-1", "0", "1", "2"), c("A", "G", NA)), names = c("", ""
))), IM49_SNP1 = structure(c(49L, 443L, 3846L, 84L, 1L, 7L, 211L, 
3460L, 82L, 2L, 0L, 0L, 1L, 0L, 0L, 0L, 9L, 278L, 9L, 0L), dim = 5:4, dimnames = structure(list(
    c("-2", "-1", "0", "1", "2"), c("C", "G", "T", NA)), names = c("", 
""))), LR10_SNP1 = structure(c(1L, 62L, 3568L, 13L, 1L, 0L, 60L, 
3627L, 15L, 0L, 0L, 0L, 94L, 1L, 0L), dim = c(5L, 3L), dimnames = structure(list(
    c("-2", "-1", "0", "1", "2"), c("C", "T", NA)), names = c("", 
""))), LR11_SNP1 = structure(c(2L, 86L, 4433L, 25L, 2L, 2L, 152L, 
3881L, 51L, 2L, 0L, 2L, 210L, 5L, 0L), dim = c(5L, 3L), dimnames = structure(list(
    c("-2", "-1", "0", "1", "2"), c("A", "C", NA)), names = c("", 
""))), LR17_SNP1 = structure(c(9L, 455L, 3919L, 61L, 0L, 0L, 
1L, 0L, 0L, 28L, 355L, 2L), dim = 4:3, dimnames = structure(list(
    c("-2", "-1", "0", "1"), c("A", "T", NA)), names = c("", 
""))), LR20_SNP1 = structure(c(15L, 7623L, 11L, 0L, 4L, 0L, 0L, 
1L, 0L, 0L, 27L, 0L), dim = 3:4, dimnames = structure(list(c("-1", 
"0", "1"), c("A", "G", "T", NA)), names = c("", ""))), LR24_SNP1 = structure(c(0L, 
0L, 1L, 0L, 0L, 38L, 8597L, 21L, 27L, 1410L, 8994L, 26L, 0L, 
0L, 1L, 0L, 0L, 21L, 179L, 1L), dim = 4:5, dimnames = structure(list(
    c("-2", "-1", "0", "1"), c("-", "A", "G", "T", NA)), names = c("", 
""))), LR36_SNP1 = structure(c(0L, 0L, 0L, 13L, 0L, 0L, 0L, 0L, 
0L, 2L, 0L, 0L, 0L, 0L, 0L, 1L, 0L, 0L, 2L, 11L, 300L, 7390L, 
77L, 2L, 0L, 1L, 13L, 423L, 3L, 0L), dim = 6:5, dimnames = structure(list(
    c("-3", "-2", "-1", "0", "1", "2"), c("A", "G", "N", "T", 
    NA)), names = c("", ""))), LR40_SNP1 = structure(c(0L, 0L, 
4L, 0L, 1L, 50L, 5441L, 14L, 0L, 0L, 1L, 0L, 0L, 1L, 34L, 2L), dim = c(4L, 
4L), dimnames = structure(list(c("-2", "-1", "0", "1"), c("A", 
"C", "T", NA)), names = c("", ""))), LR44_SNP1 = structure(c(0L, 
0L, 0L, 1L, 21L, 0L, 0L, 4L, 2L, 42L, 1157L, 2469L, 51L, 3L, 
0L, 0L, 0L, 0L, 4L, 0L, 0L, 0L, 0L, 5L, 280L, 3066L, 51L, 0L, 
0L, 0L, 1L, 20L, 189L, 2L, 0L), dim = c(7L, 5L), dimnames = structure(list(
    c("-4", "-3", "-2", "-1", "0", "1", "2"), c("A", "C", "N", 
    "T", NA)), names = c("", ""))), LR46_SNP1 = structure(c(0L, 
1L, 0L, 8L, 3165L, 9L, 43L, 2509L, 7L, 0L, 48L, 0L), dim = 3:4, dimnames = structure(list(
    c("-1", "0", "1"), c("C", "G", "T", NA)), names = c("", ""
))), LR48_SNP1 = structure(c(6L, 392L, 5417L, 90L, 0L, 0L, 1L, 
0L, 0L, 0L, 1L, 0L, 0L, 1L, 155L, 2L), dim = c(4L, 4L), dimnames = structure(list(
    c("-2", "-1", "0", "1"), c("C", "G", "T", NA)), names = c("", 
""))), LR49_SNP1 = structure(c(0L, 12L, 0L, 246L, 8408L, 6L, 
1L, 53L, 0L), dim = c(3L, 3L), dimnames = structure(list(c("-1", 
"0", "1"), c("A", "G", NA)), names = c("", ""))), LR52_SNP1 = structure(c(0L, 
0L, 0L, 1L, 0L, 0L, 15L, 221L, 1442L, 9L, 1L, 22L, 179L, 2184L, 
17L, 0L, 2L, 37L, 789L, 7L), dim = 5:4, dimnames = structure(list(
    c("-3", "-2", "-1", "0", "1"), c("A", "C", "T", NA)), names = c("", 
""))))
