Result <-
list(DEPDC2_SNP1 = structure(c(0L, 0L, 3L, 0L, 0L, 0L, 24L, 0L, 
2L, 77L, 14895L, 64L, 0L, 0L, 234L, 1L), dim = c(4L, 4L), dimnames = structure(list(
    c("-4", "-1", "0", "1"), c("A", "C", "T", NA)), names = c("", 
""))), GM01_SNP1 = structure(c(56L, 4043L, 15L, 86L, 4409L, 11L, 
4L, 117L, 1L), dim = c(3L, 3L), dimnames = structure(list(c("-1", 
"0", "1"), c("A", "G", NA)), names = c("", ""))), GM07_SNP1 = structure(c(0L, 
1L, 0L, 0L, 0L, 3L, 254L, 4852L, 199L, 7L, 1L, 3L, 20L, 2L, 0L, 
0L, 0L, 1L, 0L, 0L, 0L, 4L, 57L, 0L, 0L), dim = c(5L, 5L), dimnames = structure(list(
    c("-2", "-1", "0", "1", "2"), c("-", "A", "G", "T", NA)), names = c("", 
""))), GM09_SNP1 = structure(c(80L, 13303L, 21L, 1L, 2L, 283L, 
0L, 0L, 0L, 1L, 0L, 0L, 3L, 99L, 0L, 0L), dim = c(4L, 4L), dimnames = structure(list(
    c("-1", "0", "1", "2"), c("A", "G", "T", NA)), names = c("", 
""))), GM11_SNP1 = structure(c(0L, 2L, 815L, 2L, 0L, 6L, 1284L, 
9L, 1L, 0L, 20L, 0L), dim = 4:3, dimnames = structure(list(c("-2", 
"-1", "0", "1"), c("A", "G", NA)), names = c("", ""))), GM14_SNP1 = structure(c(2L, 
8L, 219L, 8383L, 79L, 0L, 0L, 1L, 57L, 0L, 0L, 0L, 2L, 85L, 1L
), dim = c(5L, 3L), dimnames = structure(list(c("-3", "-2", "-1", 
"0", "1"), c("C", "T", NA)), names = c("", ""))), GM17_SNP1 = structure(c(0L, 
0L, 1L, 0L, 1L, 108L, 8168L, 22L, 0L, 0L, 2L, 0L, 0L, 1L, 22L, 
0L, 0L, 1L, 99L, 0L), dim = 4:5, dimnames = structure(list(c("-2", 
"-1", "0", "1"), c("A", "C", "G", "T", NA)), names = c("", ""
))), GM22_SNP1 = structure(c(3L, 255L, 6655L, 33L, 0L, 1L, 7L, 
0L, 0L, 6L, 116L, 1L), dim = 4:3, dimnames = structure(list(c("-2", 
"-1", "0", "1"), c("A", "G", NA)), names = c("", ""))), GM26_SNP1 = structure(c(1L, 
12L, 1361L, 11L, 0L, 7L, 1215L, 1L, 0L, 1L, 40L, 0L), dim = 4:3, dimnames = structure(list(
    c("-2", "-1", "0", "1"), c("A", "G", NA)), names = c("", 
""))), GM29_SNP1 = structure(c(1L, 80L, 5833L, 8L, 0L, 0L, 4L, 
0L, 0L, 1L, 81L, 0L), dim = 4:3, dimnames = structure(list(c("-2", 
"-1", "0", "1"), c("A", "G", NA)), names = c("", ""))), IM16_SNP1 = structure(c(19L, 
2395L, 23L, 22L, 2950L, 37L, 0L, 65L, 1L), dim = c(3L, 3L), dimnames = structure(list(
    c("-1", "0", "1"), c("A", "G", NA)), names = c("", ""))), 
    IM49_SNP1 = structure(c(0L, 0L, 2L, 0L, 0L, 9L, 363L, 8936L, 
    217L, 3L, 4L, 312L, 7870L, 255L, 6L, 0L, 0L, 3L, 0L, 0L, 
    0L, 18L, 586L, 19L, 0L), dim = c(5L, 5L), dimnames = structure(list(
        c("-2", "-1", "0", "1", "2"), c("A", "C", "G", "T", NA
        )), names = c("", ""))), LR10_SNP1 = structure(c(3L, 
    82L, 4349L, 32L, 0L, 4L, 296L, 1L, 0L, 0L, 62L, 0L), dim = 4:3, dimnames = structure(list(
        c("-2", "-1", "0", "1"), c("C", "T", NA)), names = c("", 
    ""))), LR11_SNP1 = structure(c(1L, 45L, 2343L, 25L, 1L, 50L, 
    2655L, 15L, 0L, 0L, 1L, 0L, 0L, 4L, 110L, 2L), dim = c(4L, 
    4L), dimnames = structure(list(c("-2", "-1", "0", "1"), c("A", 
    "C", "T", NA)), names = c("", ""))), LR17_SNP1 = structure(c(5L, 
    284L, 6643L, 87L, 0L, 1L, 3L, 0L, 0L, 14L, 384L, 4L), dim = 4:3, dimnames = structure(list(
        c("-2", "-1", "0", "1"), c("A", "G", NA)), names = c("", 
    ""))), LR20_SNP1 = structure(c(0L, 1L, 0L, 4L, 2913L, 5L, 
    3L, 4094L, 6L, 0L, 67L, 0L), dim = 3:4, dimnames = structure(list(
        c("-1", "0", "1"), c("-", "A", "G", NA)), names = c("", 
    ""))), LR24_SNP1 = structure(c(2L, 35L, 8672L, 26L, 0L, 1L, 
    58L, 7914L, 22L, 1L, 0L, 2L, 119L, 1L, 0L), dim = c(5L, 3L
    ), dimnames = structure(list(c("-2", "-1", "0", "1", "2"), 
        c("A", "G", NA)), names = c("", ""))), LR36_SNP1 = structure(c(0L, 
    0L, 1L, 1L, 40L, 0L, 0L, 0L, 0L, 0L, 0L, 2L, 0L, 0L, 0L, 
    0L, 0L, 0L, 4L, 0L, 0L, 1L, 2L, 17L, 194L, 10236L, 105L, 
    1L, 0L, 0L, 0L, 14L, 678L, 6L, 0L), dim = c(7L, 5L), dimnames = structure(list(
        c("-4", "-3", "-2", "-1", "0", "1", "2"), c("A", "C", 
        "G", "T", NA)), names = c("", ""))), LR40_SNP1 = structure(c(0L, 
    0L, 2L, 0L, 3L, 123L, 5143L, 13L, 0L, 1L, 37L, 0L), dim = 4:3, dimnames = structure(list(
        c("-2", "-1", "0", "1"), c("A", "C", NA)), names = c("", 
    ""))), LR44_SNP1 = structure(c(0L, 0L, 0L, 3L, 0L, 1L, 7L, 
    322L, 3907L, 60L, 1L, 9L, 283L, 3243L, 92L, 0L, 2L, 13L, 
    286L, 5L), dim = 5:4, dimnames = structure(list(c("-3", "-2", 
    "-1", "0", "1"), c("A", "C", "T", NA)), names = c("", ""))), 
    LR46_SNP1 = structure(c(0L, 223L, 2L, 18L, 4719L, 13L, 0L, 
    38L, 1L), dim = c(3L, 3L), dimnames = structure(list(c("-1", 
    "0", "1"), c("G", "T", NA)), names = c("", ""))), LR48_SNP1 = structure(c(5L, 
    128L, 3057L, 48L, 0L, 4L, 65L, 2414L, 31L, 1L, 0L, 1L, 139L, 
    1L, 0L), dim = c(5L, 3L), dimnames = structure(list(c("-2", 
    "-1", "0", "1", "2"), c("C", "T", NA)), names = c("", ""))), 
    LR49_SNP1 = structure(c(4L, 3003L, 1L, 0L, 1L, 0L, 7L, 2837L, 
    0L, 0L, 86L, 0L), dim = 3:4, dimnames = structure(list(c("-1", 
    "0", "1"), c("A", "C", "G", NA)), names = c("", ""))), LR52_SNP1 = structure(c(20L, 
    279L, 1744L, 13L, 5L, 100L, 1243L, 8L, 0L, 15L, 442L, 6L), dim = 4:3, dimnames = structure(list(
        c("-2", "-1", "0", "1"), c("C", "T", NA)), names = c("", 
    ""))))
