Result <-
list(DEPDC2_SNP1 = structure(c(0L, 0L, 4L, 0L, 0L, 0L, 26L, 0L, 
3L, 373L, 13422L, 75L, 0L, 1L, 185L, 1L), dim = c(4L, 4L), dimnames = structure(list(
    c("-2", "-1", "0", "1"), c("A", "C", "T", NA)), names = c("", 
""))), GM01_SNP1 = structure(c(110L, 4336L, 14L, 0L, 85L, 5574L, 
30L, 2L, 3L, 124L, 3L, 0L), dim = 4:3, dimnames = structure(list(
    c("-1", "0", "1", "2"), c("A", "G", NA)), names = c("", ""
))), GM07_SNP1 = structure(c(0L, 0L, 1L, 14L, 2L, 0L, 30L, 27L, 
852L, 4552L, 164L, 5L, 0L, 0L, 0L, 1L, 0L, 0L, 0L, 0L, 6L, 121L, 
3L, 0L), dim = c(6L, 4L), dimnames = structure(list(c("-3", "-2", 
"-1", "0", "1", "2"), c("A", "G", "T", NA)), names = c("", ""
))), GM09_SNP1 = structure(c(101L, 8320L, 13L, 45L, 7103L, 12L, 
0L, 3L, 0L, 1L, 118L, 0L), dim = 3:4, dimnames = structure(list(
    c("-1", "0", "1"), c("A", "G", "T", NA)), names = c("", ""
))), GM11_SNP1 = structure(c(11L, 1878L, 244L, 95L, 2233L, 25L, 
0L, 32L, 2L), dim = c(3L, 3L), dimnames = structure(list(c("-1", 
"0", "1"), c("A", "G", NA)), names = c("", ""))), GM14_SNP1 = structure(c(1L, 
5L, 41L, 2L, 0L, 10L, 313L, 9936L, 51L, 2L, 1L, 1L, 160L, 0L, 
0L), dim = c(5L, 3L), dimnames = structure(list(c("-2", "-1", 
"0", "1", "2"), c("C", "T", NA)), names = c("", ""))), GM17_SNP1 = structure(c(0L, 
0L, 2L, 0L, 0L, 82L, 3366L, 13L, 0L, 0L, 1L, 0L, 38L, 65L, 4418L, 
15L, 0L, 2L, 65L, 1L), dim = 4:5, dimnames = structure(list(c("-2", 
"-1", "0", "1"), c("A", "C", "G", "T", NA)), names = c("", ""
))), GM22_SNP1 = structure(c(3L, 94L, 5788L, 23L, 0L, 1L, 8L, 
0L, 0L, 0L, 1L, 0L, 0L, 1L, 78L, 0L), dim = c(4L, 4L), dimnames = structure(list(
    c("-2", "-1", "0", "1"), c("A", "G", "T", NA)), names = c("", 
""))), GM26_SNP1 = structure(c(0L, 0L, 38L, 2755L, 15L, 1L, 3L, 
35L, 2972L, 8L, 0L, 0L, 0L, 1L, 0L, 0L, 0L, 1L, 92L, 1L), dim = 5:4, dimnames = structure(list(
    c("-3", "-2", "-1", "0", "1"), c("A", "G", "T", NA)), names = c("", 
""))), GM29_SNP1 = structure(c(1L, 83L, 4807L, 15L, 0L, 0L, 10L, 
0L, 0L, 1L, 56L, 0L), dim = 4:3, dimnames = structure(list(c("-2", 
"-1", "0", "1"), c("A", "G", NA)), names = c("", ""))), IM16_SNP1 = structure(c(89L, 
5689L, 203L, 3L, 2L, 55L, 0L, 0L, 2L, 72L, 5L, 0L), dim = 4:3, dimnames = structure(list(
    c("-1", "0", "1", "2"), c("A", "G", NA)), names = c("", ""
))), IM49_SNP1 = structure(c(0L, 0L, 0L, 1L, 0L, 0L, 2L, 155L, 
536L, 10882L, 880L, 28L, 0L, 0L, 5L, 16L, 1L, 0L, 0L, 0L, 0L, 
2L, 1L, 0L, 0L, 0L, 2L, 265L, 23L, 0L), dim = 6:5, dimnames = structure(list(
    c("-3", "-2", "-1", "0", "1", "2"), c("A", "C", "G", "T", 
    NA)), names = c("", ""))), LR10_SNP1 = structure(c(0L, 5L, 
20L, 0L, 1L, 107L, 5972L, 33L, 0L, 0L, 65L, 1L), dim = 4:3, dimnames = structure(list(
    c("-2", "-1", "0", "1"), c("C", "T", NA)), names = c("", 
""))), LR11_SNP1 = structure(c(0L, 0L, 0L, 1L, 0L, 0L, 2L, 39L, 
671L, 4687L, 37L, 2L, 1L, 2L, 185L, 3525L, 69L, 3L, 0L, 0L, 0L, 
1L, 0L, 0L, 0L, 0L, 4L, 165L, 5L, 0L), dim = 6:5, dimnames = structure(list(
    c("-3", "-2", "-1", "0", "1", "2"), c("-", "A", "C", "G", 
    NA)), names = c("", ""))), LR17_SNP1 = structure(c(8L, 333L, 
5158L, 96L, 3L, 0L, 0L, 1L, 0L, 0L, 0L, 0L, 2L, 0L, 0L, 0L, 20L, 
358L, 1L, 0L), dim = 5:4, dimnames = structure(list(c("-2", "-1", 
"0", "1", "2"), c("A", "C", "G", NA)), names = c("", ""))), LR20_SNP1 = structure(c(0L, 
108L, 2715L, 2L, 1L, 3L, 2947L, 8L, 0L, 0L, 1L, 0L, 0L, 1L, 41L, 
0L), dim = c(4L, 4L), dimnames = structure(list(c("-2", "-1", 
"0", "1"), c("A", "G", "T", NA)), names = c("", ""))), LR24_SNP1 = structure(c(0L, 
0L, 0L, 1L, 0L, 0L, 0L, 4L, 144L, 0L, 1L, 4L, 178L, 17847L, 51L, 
0L, 0L, 0L, 1L, 0L, 0L, 0L, 0L, 148L, 1L), dim = c(5L, 5L), dimnames = structure(list(
    c("-3", "-2", "-1", "0", "1"), c("-", "A", "G", "T", NA)), names = c("", 
""))), LR36_SNP1 = structure(c(0L, 0L, 0L, 0L, 1L, 0L, 0L, 0L, 
1L, 4L, 34L, 890L, 4329L, 34L, 1L, 0L, 0L, 0L, 0L, 0L, 3L, 0L, 
0L, 0L, 0L, 1L, 83L, 471L, 4409L, 42L, 0L, 2L, 0L, 0L, 3L, 26L, 
382L, 5L, 0L, 0L), dim = c(8L, 5L), dimnames = structure(list(
    c("-4", "-3", "-2", "-1", "0", "1", "2", "4"), c("-", "A", 
    "G", "T", NA)), names = c("", ""))), LR40_SNP1 = structure(c(0L, 
2L, 0L, 50L, 4275L, 13L, 0L, 1L, 0L, 0L, 24L, 0L), dim = 3:4, dimnames = structure(list(
    c("-1", "0", "1"), c("A", "C", "T", NA)), names = c("", ""
))), LR44_SNP1 = structure(c(0L, 0L, 0L, 0L, 15L, 0L, 0L, 0L, 
0L, 0L, 0L, 0L, 0L, 2L, 0L, 0L, 0L, 0L, 1L, 3L, 17L, 467L, 4888L, 
91L, 6L, 0L, 13L, 0L, 0L, 0L, 1L, 38L, 1L, 0L, 0L, 0L, 0L, 0L, 
0L, 7L, 92L, 0L, 0L, 1L, 0L, 0L, 0L, 0L, 7L, 150L, 6L, 0L, 0L, 
0L), dim = c(9L, 6L), dimnames = structure(list(c("-4", "-3", 
"-2", "-1", "0", "1", "2", "3", "4"), c("-", "A", "C", "G", "T", 
NA)), names = c("", ""))), LR46_SNP1 = structure(c(0L, 26L, 0L, 
91L, 4340L, 35L, 0L, 38L, 0L), dim = c(3L, 3L), dimnames = structure(list(
    c("-1", "0", "1"), c("G", "T", NA)), names = c("", ""))), 
    LR48_SNP1 = structure(c(0L, 0L, 1L, 0L, 0L, 0L, 0L, 1L, 0L, 
    0L, 5L, 199L, 2728L, 65L, 1L, 6L, 167L, 2605L, 60L, 1L, 0L, 
    4L, 154L, 6L, 0L), dim = c(5L, 5L), dimnames = structure(list(
        c("-2", "-1", "0", "1", "2"), c("-", "A", "C", "T", NA
        )), names = c("", ""))), LR49_SNP1 = structure(c(22L, 
    3379L, 1L, 22L, 3588L, 4L, 2L, 94L, 0L), dim = c(3L, 3L), dimnames = structure(list(
        c("-1", "0", "1"), c("A", "G", NA)), names = c("", ""
    ))), LR52_SNP1 = structure(c(0L, 0L, 1L, 0L, 7L, 0L, 1L, 
    13L, 229L, 962L, 4481L, 44L, 0L, 0L, 2L, 20L, 181L, 2L), dim = c(6L, 
    3L), dimnames = structure(list(c("-4", "-3", "-2", "-1", 
    "0", "1"), c("C", "T", NA)), names = c("", ""))))
