Result <-
list(DEPDC2_SNP1 = structure(c(0L, 0L, 35L, 0L, 2L, 43L, 5732L, 
27L, 0L, 39L, 5803L, 14L, 0L, 2L, 228L, 3L), dim = c(4L, 4L), dimnames = structure(list(
    c("-2", "-1", "0", "1"), c("A", "C", "T", NA)), names = c("", 
""))), GM01_SNP1 = structure(c(1L, 136L, 8555L, 32L, 0L, 0L, 
33L, 0L, 0L, 4L, 120L, 2L), dim = 4:3, dimnames = structure(list(
    c("-2", "-1", "0", "1"), c("A", "G", NA)), names = c("", 
""))), GM07_SNP1 = structure(c(0L, 2L, 13L, 1L, 0L, 0L, 5L, 319L, 
4357L, 286L, 15L, 1L, 0L, 0L, 1L, 0L, 0L, 0L, 1L, 13L, 124L, 
3L, 0L, 0L), dim = c(6L, 4L), dimnames = structure(list(c("-2", 
"-1", "0", "1", "2", "4"), c("A", "G", "T", NA)), names = c("", 
""))), GM09_SNP1 = structure(c(31L, 5708L, 6L, 17L, 6558L, 9L, 
0L, 1L, 0L, 3L, 133L, 2L), dim = 3:4, dimnames = structure(list(
    c("-1", "0", "1"), c("A", "G", "T", NA)), names = c("", ""
))), GM11_SNP1 = structure(c(16L, 3986L, 28L, 0L, 3L, 0L, 0L, 
35L, 0L), dim = c(3L, 3L), dimnames = structure(list(c("-1", 
"0", "1"), c("A", "G", NA)), names = c("", ""))), GM14_SNP1 = structure(c(1L, 
103L, 232L, 7314L, 118L, 2L, 1L, 0L, 0L, 3L, 130L, 2L, 0L, 0L, 
0L, 0L, 0L, 107L, 1L, 0L, 0L), dim = c(7L, 3L), dimnames = structure(list(
    c("-3", "-2", "-1", "0", "1", "2", "3"), c("C", "T", NA)), names = c("", 
""))), GM17_SNP1 = structure(c(0L, 0L, 8L, 0L, 2L, 92L, 7322L, 
30L, 0L, 2L, 52L, 0L), dim = 4:3, dimnames = structure(list(c("-2", 
"-1", "0", "1"), c("C", "T", NA)), names = c("", ""))), GM22_SNP1 = structure(c(3L, 
236L, 6461L, 23L, 0L, 0L, 5L, 0L, 0L, 2L, 83L, 0L), dim = 4:3, dimnames = structure(list(
    c("-2", "-1", "0", "1"), c("A", "G", NA)), names = c("", 
""))), GM26_SNP1 = structure(c(3L, 3L, 69L, 5569L, 137L, 0L, 
0L, 0L, 3L, 0L, 0L, 0L, 0L, 45L, 0L), dim = c(5L, 3L), dimnames = structure(list(
    c("-3", "-2", "-1", "0", "1"), c("A", "G", NA)), names = c("", 
""))), GM29_SNP1 = structure(c(0L, 0L, 44L, 2438L, 8L, 1L, 1L, 
1L, 46L, 2518L, 6L, 0L, 0L, 0L, 0L, 42L, 0L, 0L), dim = c(6L, 
3L), dimnames = structure(list(c("-3", "-2", "-1", "0", "1", 
"2"), c("A", "G", NA)), names = c("", ""))), IM16_SNP1 = structure(c(0L, 
21L, 2998L, 42L, 0L, 2L, 139L, 2952L, 40L, 1L, 0L, 1L, 88L, 5L, 
0L), dim = c(5L, 3L), dimnames = structure(list(c("-2", "-1", 
"0", "1", "2"), c("A", "G", NA)), names = c("", ""))), IM49_SNP1 = structure(c(0L, 
0L, 2L, 0L, 0L, 5L, 292L, 5163L, 129L, 9L, 0L, 5L, 129L, 0L, 
0L, 0L, 4L, 167L, 5L, 0L), dim = 5:4, dimnames = structure(list(
    c("-2", "-1", "0", "1", "2"), c("A", "C", "G", NA)), names = c("", 
""))), LR10_SNP1 = structure(c(0L, 1L, 0L, 0L, 0L, 7L, 0L, 0L, 
107L, 7204L, 30L, 1L, 0L, 80L, 0L, 0L), dim = c(4L, 4L), dimnames = structure(list(
    c("-1", "0", "1", "2"), c("A", "C", "T", NA)), names = c("", 
""))), LR11_SNP1 = structure(c(1L, 5L, 162L, 7230L, 69L, 1L, 
0L, 0L, 0L, 3L, 0L, 0L, 0L, 0L, 1L, 74L, 0L, 0L), dim = c(6L, 
3L), dimnames = structure(list(c("-3", "-2", "-1", "0", "1", 
"2"), c("A", "C", NA)), names = c("", ""))), LR17_SNP1 = structure(c(6L, 
187L, 3670L, 41L, 1L, 0L, 0L, 2L, 0L, 0L, 0L, 0L, 1L, 0L, 0L, 
0L, 8L, 349L, 1L, 0L), dim = 5:4, dimnames = structure(list(c("-2", 
"-1", "0", "1", "2"), c("A", "G", "T", NA)), names = c("", ""
))), LR20_SNP1 = structure(c(0L, 6L, 0L, 14L, 5329L, 12L, 0L, 
26L, 0L, 0L, 45L, 0L), dim = 3:4, dimnames = structure(list(c("-1", 
"0", "1"), c("A", "G", "T", NA)), names = c("", ""))), LR24_SNP1 = structure(c(0L, 
0L, 43L, 5899L, 10L, 1L, 2L, 21L, 6475L, 14L, 0L, 0L, 0L, 1L, 
0L, 0L, 0L, 0L, 1L, 0L, 0L, 0L, 1L, 118L, 1L), dim = c(5L, 5L
), dimnames = structure(list(c("-3", "-2", "-1", "0", "1"), c("A", 
"G", "N", "T", NA)), names = c("", ""))), LR36_SNP1 = structure(c(0L, 
6L, 358L, 2425L, 48L, 2L, 0L, 0L, 0L, 1L, 0L, 0L, 0L, 0L, 0L, 
2L, 0L, 0L, 3L, 6L, 80L, 3785L, 36L, 0L, 0L, 0L, 6L, 259L, 2L, 
0L), dim = 6:5, dimnames = structure(list(c("-3", "-2", "-1", 
"0", "1", "2"), c("A", "C", "N", "T", NA)), names = c("", ""))), 
    LR40_SNP1 = structure(c(15L, 1743L, 5L, 1L, 217L, 1590L, 
    7L, 0L, 0L, 25L, 0L, 0L), dim = 4:3, dimnames = structure(list(
        c("-1", "0", "1", "2"), c("A", "C", NA)), names = c("", 
    ""))), LR44_SNP1 = structure(c(17L, 303L, 3938L, 122L, 5L, 
    0L, 0L, 4L, 0L, 0L, 13L, 348L, 3949L, 59L, 3L, 0L, 12L, 245L, 
    6L, 0L), dim = 5:4, dimnames = structure(list(c("-2", "-1", 
    "0", "1", "2"), c("C", "N", "T", NA)), names = c("", ""))), 
    LR46_SNP1 = structure(c(6L, 3159L, 9L, 0L, 5L, 1720L, 3L, 
    1L, 0L, 51L, 0L, 0L), dim = 4:3, dimnames = structure(list(
        c("-1", "0", "1", "2"), c("G", "T", NA)), names = c("", 
    ""))), LR48_SNP1 = structure(c(0L, 0L, 1L, 0L, 0L, 0L, 2L, 
    62L, 2205L, 46L, 1L, 4L, 179L, 2263L, 65L, 0L, 2L, 6L, 185L, 
    4L), dim = 5:4, dimnames = structure(list(c("-3", "-2", "-1", 
    "0", "1"), c("A", "C", "T", NA)), names = c("", ""))), LR49_SNP1 = structure(c(10L, 
    3200L, 0L, 4L, 2909L, 2L, 0L, 1L, 0L, 2L, 110L, 0L), dim = 3:4, dimnames = structure(list(
        c("-1", "0", "1"), c("A", "G", "T", NA)), names = c("", 
    ""))), LR52_SNP1 = structure(c(0L, 0L, 0L, 1L, 0L, 0L, 0L, 
    0L, 0L, 5L, 0L, 0L, 3L, 46L, 683L, 4578L, 46L, 3L, 0L, 0L, 
    33L, 374L, 2L, 0L), dim = c(6L, 4L), dimnames = structure(list(
        c("-3", "-2", "-1", "0", "1", "2"), c("A", "C", "T", 
        NA)), names = c("", ""))))
