Result <-
list(DEPDC2_SNP1 = structure(c(0L, 0L, 0L, 1L, 0L, 0L, 1L, 0L, 
88L, 1L, 0L, 0L, 0L, 1L, 0L, 1L, 2L, 155L, 20949L, 61L, 0L, 0L, 
2L, 284L, 0L), dim = c(5L, 5L), dimnames = structure(list(c("-4", 
"-2", "-1", "0", "1"), c("A", "C", "G", "T", NA)), names = c("", 
""))), GM01_SNP1 = structure(c(67L, 4856L, 27L, 72L, 4736L, 29L, 
3L, 136L, 0L), dim = c(3L, 3L), dimnames = structure(list(c("-1", 
"0", "1"), c("A", "G", NA)), names = c("", ""))), GM07_SNP1 = structure(c(0L, 
0L, 0L, 1L, 0L, 0L, 0L, 1L, 134L, 3042L, 103L, 0L, 1L, 5L, 206L, 
3589L, 99L, 1L, 0L, 0L, 0L, 1L, 0L, 0L, 0L, 0L, 0L, 1L, 0L, 0L, 
0L, 0L, 3L, 170L, 5L, 0L), dim = c(6L, 6L), dimnames = structure(list(
    c("-3", "-2", "-1", "0", "1", "2"), c("-", "A", "G", "N", 
    "T", NA)), names = c("", ""))), GM09_SNP1 = structure(c(54L, 
10227L, 7L, 76L, 8786L, 18L, 0L, 5L, 0L, 1L, 187L, 0L), dim = 3:4, dimnames = structure(list(
    c("-1", "0", "1"), c("A", "G", "T", NA)), names = c("", ""
))), GM11_SNP1 = structure(c(10L, 1553L, 3L, 11L, 2026L, 10L, 
0L, 40L, 0L), dim = c(3L, 3L), dimnames = structure(list(c("-1", 
"0", "1"), c("A", "G", NA)), names = c("", ""))), GM14_SNP1 = structure(c(1L, 
1L, 10L, 363L, 9157L, 128L, 2L, 0L, 0L, 0L, 0L, 19L, 0L, 0L, 
0L, 0L, 0L, 0L, 126L, 1L, 0L), dim = c(7L, 3L), dimnames = structure(list(
    c("-4", "-3", "-2", "-1", "0", "1", "2"), c("C", "T", NA)), names = c("", 
""))), GM17_SNP1 = structure(c(2L, 103L, 8532L, 20L, 0L, 0L, 
1L, 0L, 0L, 8L, 373L, 2L, 0L, 1L, 76L, 0L), dim = c(4L, 4L), dimnames = structure(list(
    c("-2", "-1", "0", "1"), c("C", "G", "T", NA)), names = c("", 
""))), GM22_SNP1 = structure(c(1L, 59L, 4101L, 16L, 1L, 45L, 
3803L, 22L, 0L, 6L, 148L, 2L), dim = 4:3, dimnames = structure(list(
    c("-2", "-1", "0", "1"), c("A", "G", NA)), names = c("", 
""))), GM26_SNP1 = structure(c(1L, 2L, 35L, 5391L, 23L, 1L, 0L, 
0L, 0L, 1L, 0L, 0L, 0L, 0L, 2L, 52L, 0L, 0L), dim = c(6L, 3L), dimnames = structure(list(
    c("-3", "-2", "-1", "0", "1", "2"), c("A", "G", NA)), names = c("", 
""))), GM29_SNP1 = structure(c(1L, 149L, 4647L, 15L, 0L, 21L, 
1529L, 5L, 0L, 1L, 64L, 0L), dim = 4:3, dimnames = structure(list(
    c("-2", "-1", "0", "1"), c("A", "G", NA)), names = c("", 
""))), IM16_SNP1 = structure(c(0L, 4L, 287L, 5L, 0L, 2L, 54L, 
7914L, 121L, 2L, 0L, 0L, 1L, 0L, 0L, 0L, 2L, 114L, 7L, 0L), dim = 5:4, dimnames = structure(list(
    c("-2", "-1", "0", "1", "2"), c("A", "G", "T", NA)), names = c("", 
""))), IM49_SNP1 = structure(c(0L, 3L, 100L, 3742L, 61L, 0L, 
1L, 10L, 452L, 7099L, 201L, 3L, 0L, 0L, 0L, 1L, 0L, 0L, 0L, 0L, 
5L, 516L, 16L, 0L), dim = c(6L, 4L), dimnames = structure(list(
    c("-3", "-2", "-1", "0", "1", "2"), c("C", "G", "T", NA)), names = c("", 
""))), LR10_SNP1 = structure(c(0L, 48L, 2823L, 16L, 2L, 355L, 
4322L, 13L, 0L, 3L, 95L, 1L), dim = 4:3, dimnames = structure(list(
    c("-2", "-1", "0", "1"), c("C", "T", NA)), names = c("", 
""))), LR11_SNP1 = structure(c(1L, 3L, 245L, 10140L, 97L, 0L, 
0L, 3L, 139L, 1L, 0L, 0L, 0L, 2L, 0L, 0L, 0L, 1L, 110L, 3L), dim = 5:4, dimnames = structure(list(
    c("-3", "-2", "-1", "0", "1"), c("A", "C", "G", NA)), names = c("", 
""))), LR17_SNP1 = structure(c(1L, 6L, 277L, 7675L, 101L, 1L, 
0L, 0L, 0L, 3L, 0L, 0L, 0L, 1L, 21L, 788L, 2L, 0L), dim = c(6L, 
3L), dimnames = structure(list(c("-4", "-2", "-1", "0", "1", 
"2"), c("A", "G", NA)), names = c("", ""))), LR20_SNP1 = structure(c(9L, 
2461L, 5L, 1L, 9L, 5008L, 6L, 0L, 0L, 1L, 0L, 0L, 0L, 55L, 0L, 
0L), dim = c(4L, 4L), dimnames = structure(list(c("-1", "0", 
"1", "2"), c("A", "G", "T", NA)), names = c("", ""))), LR24_SNP1 = structure(c(0L, 
0L, 3L, 0L, 0L, 5L, 57L, 10674L, 27L, 0L, 2L, 81L, 16605L, 36L, 
1L, 0L, 0L, 1L, 0L, 0L, 0L, 3L, 262L, 0L, 0L), dim = c(5L, 5L
), dimnames = structure(list(c("-2", "-1", "0", "1", "2"), c("-", 
"A", "G", "T", NA)), names = c("", ""))), LR36_SNP1 = structure(c(0L, 
0L, 0L, 0L, 30L, 0L, 0L, 0L, 0L, 0L, 0L, 1L, 0L, 0L, 0L, 0L, 
0L, 0L, 1L, 0L, 0L, 1L, 3L, 18L, 194L, 9258L, 117L, 6L, 0L, 0L, 
2L, 7L, 563L, 6L, 0L), dim = c(7L, 5L), dimnames = structure(list(
    c("-4", "-3", "-2", "-1", "0", "1", "2"), c("A", "G", "N", 
    "T", NA)), names = c("", ""))), LR40_SNP1 = structure(c(0L, 
0L, 3L, 0L, 1L, 47L, 4234L, 17L, 0L, 0L, 37L, 1L), dim = 4:3, dimnames = structure(list(
    c("-2", "-1", "0", "1"), c("A", "C", NA)), names = c("", 
""))), LR44_SNP1 = structure(c(0L, 0L, 0L, 1L, 0L, 0L, 61L, 32L, 
727L, 3978L, 50L, 1L, 0L, 0L, 0L, 3L, 0L, 0L, 2L, 11L, 334L, 
5070L, 86L, 4L, 1L, 0L, 15L, 255L, 2L, 2L), dim = 6:5, dimnames = structure(list(
    c("-3", "-2", "-1", "0", "1", "2"), c("A", "C", "N", "T", 
    NA)), names = c("", ""))), LR46_SNP1 = structure(c(1L, 9L, 
2624L, 4L, 0L, 3L, 2176L, 8L, 0L, 1L, 54L, 0L), dim = 4:3, dimnames = structure(list(
    c("-2", "-1", "0", "1"), c("G", "T", NA)), names = c("", 
""))), LR48_SNP1 = structure(c(0L, 0L, 1L, 0L, 0L, 3L, 90L, 3271L, 
61L, 1L, 2L, 73L, 2473L, 27L, 1L, 0L, 2L, 242L, 1L, 0L), dim = 5:4, dimnames = structure(list(
    c("-2", "-1", "0", "1", "2"), c("A", "C", "T", NA)), names = c("", 
""))), LR49_SNP1 = structure(c(13L, 4304L, 1L, 5L, 4812L, 0L, 
0L, 124L, 0L), dim = c(3L, 3L), dimnames = structure(list(c("-1", 
"0", "1"), c("A", "G", NA)), names = c("", ""))), LR52_SNP1 = structure(c(0L, 
0L, 0L, 2L, 0L, 0L, 1L, 0L, 1L, 0L, 2L, 31L, 434L, 3737L, 25L, 
0L, 0L, 0L, 9L, 0L, 1L, 0L, 65L, 1909L, 9L), dim = c(5L, 5L), dimnames = structure(list(
    c("-3", "-2", "-1", "0", "1"), c("-", "A", "C", "T", NA)), names = c("", 
""))))
