Result <-
list(DEPDC2_SNP1 = structure(c(0L, 0L, 2L, 0L, 2L, 67L, 6547L, 
20L, 0L, 39L, 6616L, 28L, 0L, 0L, 288L, 1L), dim = c(4L, 4L), dimnames = structure(list(
    c("-2", "-1", "0", "1"), c("A", "C", "T", NA)), names = c("", 
""))), GM01_SNP1 = structure(c(97L, 6367L, 42L, 1L, 38L, 0L, 
0L, 2L, 0L, 1L, 82L, 0L), dim = 3:4, dimnames = structure(list(
    c("-1", "0", "1"), c("A", "G", "T", NA)), names = c("", ""
))), GM07_SNP1 = structure(c(0L, 0L, 1L, 0L, 0L, 4L, 330L, 5680L, 
166L, 2L, 0L, 0L, 7L, 0L, 0L, 0L, 4L, 60L, 2L, 0L), dim = 5:4, dimnames = structure(list(
    c("-2", "-1", "0", "1", "2"), c("-", "A", "G", NA)), names = c("", 
""))), GM09_SNP1 = structure(c(28L, 5668L, 10L, 1L, 34L, 5476L, 
6L, 0L, 0L, 2L, 0L, 0L, 0L, 104L, 0L, 0L), dim = c(4L, 4L), dimnames = structure(list(
    c("-1", "0", "1", "2"), c("A", "G", "T", NA)), names = c("", 
""))), GM11_SNP1 = structure(c(1L, 81L, 3394L, 14L, 0L, 0L, 4L, 
0L, 1L, 0L, 35L, 0L), dim = 4:3, dimnames = structure(list(c("-2", 
"-1", "0", "1"), c("A", "G", NA)), names = c("", ""))), GM14_SNP1 = structure(c(6L, 
208L, 5817L, 51L, 0L, 0L, 5L, 0L, 0L, 1L, 76L, 1L), dim = 4:3, dimnames = structure(list(
    c("-2", "-1", "0", "1"), c("C", "T", NA)), names = c("", 
""))), GM17_SNP1 = structure(c(63L, 5475L, 15L, 1L, 0L, 15L, 
0L, 0L, 3L, 63L, 0L, 0L), dim = 4:3, dimnames = structure(list(
    c("-1", "0", "1", "2"), c("C", "T", NA)), names = c("", ""
))), GM22_SNP1 = structure(c(1L, 45L, 2424L, 8L, 1L, 0L, 38L, 
2746L, 12L, 0L, 0L, 0L, 1L, 0L, 0L, 0L, 2L, 117L, 1L, 0L), dim = 5:4, dimnames = structure(list(
    c("-2", "-1", "0", "1", "2"), c("A", "G", "T", NA)), names = c("", 
""))), GM26_SNP1 = structure(c(2L, 20L, 1980L, 7L, 1L, 0L, 14L, 
2076L, 11L, 0L, 0L, 2L, 86L, 1L, 0L), dim = c(5L, 3L), dimnames = structure(list(
    c("-2", "-1", "0", "1", "2"), c("A", "G", NA)), names = c("", 
""))), GM29_SNP1 = structure(c(0L, 22L, 2141L, 9L, 1L, 26L, 2358L, 
4L, 0L, 2L, 52L, 0L), dim = 4:3, dimnames = structure(list(c("-2", 
"-1", "0", "1"), c("A", "G", NA)), names = c("", ""))), IM16_SNP1 = structure(c(22L, 
2120L, 37L, 1L, 21L, 2420L, 37L, 0L, 0L, 78L, 1L, 0L), dim = 4:3, dimnames = structure(list(
    c("-1", "0", "1", "2"), c("A", "G", NA)), names = c("", ""
))), IM49_SNP1 = structure(c(0L, 0L, 0L, 1L, 0L, 0L, 1L, 0L, 
199L, 5704L, 98L, 2L, 0L, 5L, 170L, 5773L, 133L, 4L, 0L, 0L, 
0L, 1L, 0L, 0L, 0L, 0L, 7L, 392L, 14L, 1L), dim = 6:5, dimnames = structure(list(
    c("-4", "-2", "-1", "0", "1", "2"), c("A", "C", "G", "T", 
    NA)), names = c("", ""))), LR10_SNP1 = structure(c(0L, 74L, 
0L, 45L, 3735L, 18L, 0L, 40L, 1L), dim = c(3L, 3L), dimnames = structure(list(
    c("-1", "0", "1"), c("C", "T", NA)), names = c("", ""))), 
    LR11_SNP1 = structure(c(0L, 0L, 5L, 0L, 1L, 114L, 4784L, 
    60L, 0L, 5L, 155L, 2L), dim = 4:3, dimnames = structure(list(
        c("-2", "-1", "0", "1"), c("A", "C", NA)), names = c("", 
    ""))), LR17_SNP1 = structure(c(4L, 187L, 4128L, 61L, 0L, 
    7L, 272L, 1L), dim = c(4L, 2L), dimnames = structure(list(
        c("-2", "-1", "0", "1"), c("A", NA)), names = c("", ""
    ))), LR20_SNP1 = structure(c(2L, 2413L, 12L, 2L, 1985L, 5L, 
    0L, 27L, 0L), dim = c(3L, 3L), dimnames = structure(list(
        c("-1", "0", "1"), c("A", "G", NA)), names = c("", ""
    ))), LR24_SNP1 = structure(c(0L, 0L, 2L, 0L, 0L, 27L, 6288L, 
    11L, 1L, 30L, 7053L, 15L, 1L, 2L, 101L, 0L), dim = c(4L, 
    4L), dimnames = structure(list(c("-2", "-1", "0", "1"), c("-", 
    "A", "G", NA)), names = c("", ""))), LR36_SNP1 = structure(c(0L, 
    0L, 0L, 23L, 0L, 0L, 0L, 0L, 0L, 1L, 0L, 0L, 2L, 10L, 172L, 
    7140L, 65L, 1L, 0L, 1L, 8L, 473L, 6L, 0L), dim = c(6L, 4L
    ), dimnames = structure(list(c("-3", "-2", "-1", "0", "1", 
    "2"), c("A", "G", "T", NA)), names = c("", ""))), LR40_SNP1 = structure(c(0L, 
    1L, 0L, 98L, 3826L, 14L, 0L, 1L, 0L, 0L, 27L, 0L), dim = 3:4, dimnames = structure(list(
        c("-1", "0", "1"), c("A", "C", "T", NA)), names = c("", 
    ""))), LR44_SNP1 = structure(c(0L, 0L, 1L, 27L, 0L, 0L, 0L, 
    6L, 161L, 2161L, 36L, 1L, 0L, 0L, 4L, 22L, 0L, 0L, 1L, 10L, 
    301L, 3325L, 56L, 1L, 0L, 0L, 5L, 152L, 5L, 0L), dim = 6:5, dimnames = structure(list(
        c("-3", "-2", "-1", "0", "1", "2"), c("A", "C", "G", 
        "T", NA)), names = c("", ""))), LR46_SNP1 = structure(c(1L, 
    16L, 2338L, 3L, 0L, 0L, 24L, 1727L, 55L, 1L, 0L, 0L, 54L, 
    0L, 0L), dim = c(5L, 3L), dimnames = structure(list(c("-2", 
    "-1", "0", "1", "2"), c("G", "T", NA)), names = c("", ""))), 
    LR48_SNP1 = structure(c(9L, 106L, 3324L, 55L, 0L, 1L, 5L, 
    0L, 0L, 3L, 99L, 1L), dim = 4:3, dimnames = structure(list(
        c("-2", "-1", "0", "1"), c("C", "T", NA)), names = c("", 
    ""))), LR49_SNP1 = structure(c(0L, 8L, 0L, 21L, 7399L, 1L, 
    0L, 1L, 0L, 1L, 66L, 0L), dim = 3:4, dimnames = structure(list(
        c("-1", "0", "1"), c("A", "G", "T", NA)), names = c("", 
    ""))), LR52_SNP1 = structure(c(1L, 2L, 40L, 438L, 3367L, 
    31L, 0L, 0L, 0L, 3L, 32L, 0L, 0L, 0L, 1L, 34L, 710L, 8L), dim = c(6L, 
    3L), dimnames = structure(list(c("-4", "-3", "-2", "-1", 
    "0", "1"), c("C", "T", NA)), names = c("", ""))))
