Result <-
list(DEPDC2_SNP1 = structure(c(0L, 1L, 0L, 0L, 109L, 0L, 649L, 
4612L, 34L, 4L, 90L, 1L), dim = 3:4, dimnames = structure(list(
    c("-1", "0", "1"), c("A", "C", "T", NA)), names = c("", ""
))), GM01_SNP1 = structure(c(112L, 6303L, 30L, 0L, 13L, 0L, 0L, 
67L, 1L), dim = c(3L, 3L), dimnames = structure(list(c("-1", 
"0", "1"), c("A", "G", NA)), names = c("", ""))), GM07_SNP1 = structure(c(0L, 
2L, 33L, 1L, 0L, 0L, 5L, 286L, 2974L, 449L, 26L, 3L, 0L, 2L, 
83L, 4L, 0L, 0L), dim = c(6L, 3L), dimnames = structure(list(
    c("-2", "-1", "0", "1", "2", "3"), c("A", "G", NA)), names = c("", 
""))), GM09_SNP1 = structure(c(142L, 12394L, 27L, 1L, 1L, 91L, 
0L, 0L, 0L, 1L, 0L, 0L, 0L, 88L, 1L, 0L), dim = c(4L, 4L), dimnames = structure(list(
    c("-1", "0", "1", "2"), c("A", "G", "T", NA)), names = c("", 
""))), GM11_SNP1 = structure(c(1L, 5L, 728L, 2L, 0L, 0L, 1L, 
0L, 0L, 5L, 736L, 4L, 0L, 0L, 12L, 0L), dim = c(4L, 4L), dimnames = structure(list(
    c("-2", "-1", "0", "1"), c("A", "C", "G", NA)), names = c("", 
""))), GM14_SNP1 = structure(c(0L, 0L, 4L, 0L, 0L, 4L, 138L, 
2920L, 35L, 1L, 1L, 45L, 1925L, 11L, 1L, 0L, 0L, 57L, 1L, 0L), dim = 5:4, dimnames = structure(list(
    c("-2", "-1", "0", "1", "2"), c("A", "C", "T", NA)), names = c("", 
""))), GM17_SNP1 = structure(c(1L, 2L, 298L, 13571L, 49L, 1L, 
0L, 0L, 0L, 1L, 0L, 0L, 0L, 0L, 0L, 187L, 0L, 0L, 0L, 0L, 1L, 
113L, 0L, 0L), dim = c(6L, 4L), dimnames = structure(list(c("-3", 
"-2", "-1", "0", "1", "2"), c("C", "G", "T", NA)), names = c("", 
""))), GM22_SNP1 = structure(c(6L, 106L, 5559L, 26L, 1L, 0L, 
0L, 6L, 0L, 0L, 0L, 0L, 1L, 0L, 0L, 0L, 0L, 93L, 1L, 0L), dim = 5:4, dimnames = structure(list(
    c("-2", "-1", "0", "1", "2"), c("A", "G", "T", NA)), names = c("", 
""))), GM26_SNP1 = structure(c(0L, 3L, 769L, 0L, 0L, 81L, 982L, 
3L, 1L, 0L, 33L, 0L), dim = 4:3, dimnames = structure(list(c("-2", 
"-1", "0", "1"), c("A", "G", NA)), names = c("", ""))), GM29_SNP1 = structure(c(2L, 
66L, 4278L, 11L, 0L, 0L, 5L, 0L, 0L, 3L, 46L, 0L), dim = 4:3, dimnames = structure(list(
    c("-2", "-1", "0", "1"), c("A", "G", NA)), names = c("", 
""))), IM16_SNP1 = structure(c(1L, 207L, 1001L, 15L, 1L, 0L, 
15L, 1771L, 34L, 0L, 0L, 0L, 2L, 0L, 0L, 0L, 1L, 55L, 1L, 0L), dim = 5:4, dimnames = structure(list(
    c("-2", "-1", "0", "1", "2"), c("A", "G", "T", NA)), names = c("", 
""))), IM49_SNP1 = structure(c(0L, 0L, 2L, 0L, 0L, 26L, 1099L, 
17955L, 600L, 18L, 0L, 2L, 72L, 1L, 0L, 0L, 18L, 383L, 6L, 0L
), dim = 5:4, dimnames = structure(list(c("-2", "-1", "0", "1", 
"2"), c("A", "C", "G", NA)), names = c("", ""))), LR10_SNP1 = structure(c(1L, 
230L, 1418L, 12L, 1L, 24L, 1714L, 6L, 1L, 2L, 43L, 1L), dim = 4:3, dimnames = structure(list(
    c("-2", "-1", "0", "1"), c("C", "T", NA)), names = c("", 
""))), LR11_SNP1 = structure(c(0L, 0L, 0L, 6L, 0L, 1L, 5L, 218L, 
2961L, 21L, 0L, 0L, 0L, 1L, 0L, 0L, 0L, 5L, 91L, 1L), dim = 5:4, dimnames = structure(list(
    c("-3", "-2", "-1", "0", "1"), c("A", "C", "T", NA)), names = c("", 
""))), LR17_SNP1 = structure(c(1L, 6L, 278L, 5762L, 134L, 2L, 
0L, 0L, 1L, 0L, 0L, 0L, 0L, 0L, 12L, 324L, 8L, 0L), dim = c(6L, 
3L), dimnames = structure(list(c("-3", "-2", "-1", "0", "1", 
"2"), c("A", "G", NA)), names = c("", ""))), LR20_SNP1 = structure(c(32L, 
3010L, 7L, 8L, 2787L, 8L, 1L, 39L, 1L), dim = c(3L, 3L), dimnames = structure(list(
    c("-1", "0", "1"), c("A", "G", NA)), names = c("", ""))), 
    LR24_SNP1 = structure(c(3L, 80L, 10276L, 20L, 0L, 0L, 50L, 
    0L, 0L, 1L, 93L, 0L), dim = 4:3, dimnames = structure(list(
        c("-2", "-1", "0", "1"), c("A", "G", NA)), names = c("", 
    ""))), LR36_SNP1 = structure(c(0L, 0L, 0L, 0L, 2L, 21L, 0L, 
    0L, 0L, 0L, 0L, 0L, 0L, 3L, 0L, 0L, 1L, 1L, 11L, 571L, 1227L, 
    6794L, 77L, 1L, 0L, 0L, 0L, 11L, 53L, 473L, 4L, 0L), dim = c(8L, 
    4L), dimnames = structure(list(c("-5", "-4", "-3", "-2", 
    "-1", "0", "1", "2"), c("A", "G", "T", NA)), names = c("", 
    ""))), LR40_SNP1 = structure(c(45L, 3183L, 12L, 0L, 20L, 
    0L), dim = 3:2, dimnames = structure(list(c("-1", "0", "1"
    ), c("C", NA)), names = c("", ""))), LR44_SNP1 = structure(c(0L, 
    0L, 1L, 0L, 0L, 7L, 146L, 1510L, 20L, 1L, 8L, 226L, 1458L, 
    36L, 1L, 0L, 7L, 63L, 1L, 0L), dim = 5:4, dimnames = structure(list(
        c("-2", "-1", "0", "1", "2"), c("A", "C", "T", NA)), names = c("", 
    ""))), LR46_SNP1 = structure(c(0L, 3L, 0L, 94L, 2623L, 11L, 
    1L, 15L, 0L), dim = c(3L, 3L), dimnames = structure(list(
        c("-1", "0", "1"), c("G", "T", NA)), names = c("", ""
    ))), LR48_SNP1 = structure(c(0L, 0L, 1L, 0L, 0L, 10L, 437L, 
    2393L, 90L, 2L, 0L, 3L, 61L, 3L, 0L), dim = c(5L, 3L), dimnames = structure(list(
        c("-2", "-1", "0", "1", "2"), c("A", "C", NA)), names = c("", 
    ""))), LR49_SNP1 = structure(c(0L, 7L, 8L, 3525L, 0L, 24L
    ), dim = 2:3, dimnames = structure(list(c("-1", "0"), c("A", 
    "G", NA)), names = c("", ""))), LR52_SNP1 = structure(c(0L, 
    1L, 0L, 2L, 0L, 0L, 2L, 115L, 312L, 1124L, 19L, 1L, 0L, 0L, 
    11L, 68L, 2L, 0L), dim = c(6L, 3L), dimnames = structure(list(
        c("-3", "-2", "-1", "0", "1", "2"), c("C", "T", NA)), names = c("", 
    ""))))
