Result <-
list(DEPDC2_SNP1 = structure(c(0L, 1L, 0L, 0L, 58L, 5338L, 24L, 
1L, 0L, 54L, 0L, 0L, 2L, 137L, 0L, 0L), dim = c(4L, 4L), dimnames = structure(list(
    c("-1", "0", "1", "2"), c("A", "C", "T", NA)), names = c("", 
""))), GM01_SNP1 = structure(c(0L, 0L, 8L, 0L, 2L, 73L, 3688L, 
14L, 0L, 2L, 48L, 0L), dim = 4:3, dimnames = structure(list(c("-2", 
"-1", "0", "1"), c("A", "G", NA)), names = c("", ""))), GM07_SNP1 = structure(c(1L, 
3L, 92L, 1563L, 69L, 3L, 0L, 0L, 3L, 108L, 1626L, 78L, 2L, 2L, 
0L, 0L, 3L, 67L, 2L, 0L, 0L), dim = c(7L, 3L), dimnames = structure(list(
    c("-3", "-2", "-1", "0", "1", "2", "3"), c("A", "G", NA)), names = c("", 
""))), GM09_SNP1 = structure(c(55L, 7089L, 13L, 0L, 1L, 0L, 38L, 
5990L, 8L, 0L, 2L, 0L, 2L, 137L, 0L), dim = c(3L, 5L), dimnames = structure(list(
    c("-1", "0", "1"), c("A", "C", "G", "T", NA)), names = c("", 
""))), GM11_SNP1 = structure(c(32L, 474L, 0L, 8L, 515L, 3L, 0L, 
11L, 0L), dim = c(3L, 3L), dimnames = structure(list(c("-1", 
"0", "1"), c("A", "G", NA)), names = c("", ""))), GM14_SNP1 = structure(c(0L, 
0L, 0L, 1L, 0L, 0L, 0L, 0L, 0L, 1L, 0L, 0L, 1L, 6L, 181L, 3949L, 
60L, 2L, 0L, 0L, 0L, 13L, 0L, 0L, 0L, 0L, 1L, 44L, 0L, 0L), dim = 6:5, dimnames = structure(list(
    c("-3", "-2", "-1", "0", "1", "2"), c("-", "A", "C", "T", 
    NA)), names = c("", ""))), GM17_SNP1 = structure(c(1L, 1L, 
132L, 7436L, 31L, 0L, 2L, 100L, 6393L, 17L, 0L, 0L, 2L, 144L, 
0L), dim = c(5L, 3L), dimnames = structure(list(c("-3", "-2", 
"-1", "0", "1"), c("C", "T", NA)), names = c("", ""))), GM22_SNP1 = structure(c(1L, 
54L, 3606L, 45L, 2L, 0L, 0L, 3L, 0L, 0L, 0L, 2L, 63L, 0L, 0L), dim = c(5L, 
3L), dimnames = structure(list(c("-2", "-1", "0", "1", "2"), 
    c("A", "G", NA)), names = c("", ""))), GM26_SNP1 = structure(c(10L, 
779L, 0L, 4L, 646L, 2L, 2L, 27L, 1L), dim = c(3L, 3L), dimnames = structure(list(
    c("-1", "0", "1"), c("A", "G", NA)), names = c("", ""))), 
    GM29_SNP1 = structure(c(0L, 1L, 30L, 0L, 2L, 108L, 5120L, 
    29L, 0L, 1L, 56L, 0L), dim = 4:3, dimnames = structure(list(
        c("-2", "-1", "0", "1"), c("A", "G", NA)), names = c("", 
    ""))), IM16_SNP1 = structure(c(20L, 1213L, 19L, 21L, 1245L, 
    40L, 0L, 1L, 0L, 0L, 38L, 1L), dim = 3:4, dimnames = structure(list(
        c("-1", "0", "1"), c("A", "G", "T", NA)), names = c("", 
    ""))), IM49_SNP1 = structure(c(0L, 0L, 1L, 1L, 0L, 0L, 1L, 
    12L, 872L, 18600L, 695L, 25L, 0L, 0L, 2L, 24L, 1L, 0L, 0L, 
    0L, 0L, 2L, 0L, 0L, 0L, 1L, 5L, 437L, 13L, 0L), dim = 6:5, dimnames = structure(list(
        c("-3", "-2", "-1", "0", "1", "2"), c("A", "C", "G", 
        "T", NA)), names = c("", ""))), LR10_SNP1 = structure(c(0L, 
    13L, 884L, 16L, 1L, 16L, 896L, 3L, 0L, 0L, 24L, 1L), dim = 4:3, dimnames = structure(list(
        c("-2", "-1", "0", "1"), c("C", "T", NA)), names = c("", 
    ""))), LR11_SNP1 = structure(c(0L, 0L, 26L, 0L, 0L, 1L, 107L, 
    2550L, 33L, 1L, 0L, 0L, 1L, 0L, 0L, 0L, 4L, 76L, 2L, 0L), dim = 5:4, dimnames = structure(list(
        c("-2", "-1", "0", "1", "2"), c("A", "C", "T", NA)), names = c("", 
    ""))), LR17_SNP1 = structure(c(1L, 6L, 194L, 3702L, 94L, 
    0L, 0L, 0L, 2L, 0L, 0L, 0L, 7L, 257L, 1L), dim = c(5L, 3L
    ), dimnames = structure(list(c("-3", "-2", "-1", "0", "1"
    ), c("A", "G", NA)), names = c("", ""))), LR20_SNP1 = structure(c(6L, 
    1657L, 3L, 3L, 1641L, 4L, 0L, 27L, 0L), dim = c(3L, 3L), dimnames = structure(list(
        c("-1", "0", "1"), c("A", "G", NA)), names = c("", ""
    ))), LR24_SNP1 = structure(c(0L, 2L, 96L, 0L, 1L, 55L, 8322L, 
    29L, 0L, 1L, 65L, 1L), dim = 4:3, dimnames = structure(list(
        c("-2", "-1", "0", "1"), c("A", "G", NA)), names = c("", 
    ""))), LR36_SNP1 = structure(c(0L, 0L, 0L, 34L, 0L, 0L, 0L, 
    0L, 1L, 0L, 2L, 17L, 204L, 6829L, 94L, 0L, 1L, 12L, 460L, 
    9L), dim = 5:4, dimnames = structure(list(c("-3", "-2", "-1", 
    "0", "1"), c("A", "G", "T", NA)), names = c("", ""))), LR40_SNP1 = structure(c(1L, 
    21L, 1210L, 6L, 0L, 22L, 1152L, 3L, 0L, 0L, 26L, 0L), dim = 4:3, dimnames = structure(list(
        c("-2", "-1", "0", "1"), c("A", "C", NA)), names = c("", 
    ""))), LR44_SNP1 = structure(c(0L, 0L, 1L, 0L, 0L, 2L, 66L, 
    838L, 18L, 2L, 0L, 0L, 1L, 0L, 0L, 5L, 94L, 881L, 23L, 0L, 
    0L, 0L, 52L, 3L, 0L), dim = c(5L, 5L), dimnames = structure(list(
        c("-2", "-1", "0", "1", "2"), c("A", "C", "G", "T", NA
        )), names = c("", ""))), LR46_SNP1 = structure(c(10L, 
    1336L, 3L, 6L, 1405L, 6L, 0L, 28L, 0L), dim = c(3L, 3L), dimnames = structure(list(
        c("-1", "0", "1"), c("G", "T", NA)), names = c("", ""
    ))), LR48_SNP1 = structure(c(0L, 1L, 22L, 0L, 4L, 70L, 1621L, 
    44L, 0L, 0L, 62L, 1L), dim = 4:3, dimnames = structure(list(
        c("-2", "-1", "0", "1"), c("C", "T", NA)), names = c("", 
    ""))), LR49_SNP1 = structure(c(0L, 21L, 13L, 3654L, 0L, 29L
    ), dim = 2:3, dimnames = structure(list(c("-1", "0"), c("A", 
    "G", NA)), names = c("", ""))), LR52_SNP1 = structure(c(3L, 
    7L, 82L, 779L, 7L, 0L, 0L, 3L, 23L, 2L, 0L, 0L, 4L, 215L, 
    3L), dim = c(5L, 3L), dimnames = structure(list(c("-3", "-2", 
    "-1", "0", "1"), c("C", "T", NA)), names = c("", ""))))
