Result <-
list(DEPDC2_SNP1 = structure(c(0L, 0L, 11L, 0L, 2L, 60L, 6361L, 
28L, 0L, 0L, 0L, 1L, 1L, 70L, 7015L, 43L, 0L, 3L, 278L, 2L), dim = 4:5, dimnames = structure(list(
    c("-2", "-1", "0", "1"), c("A", "C", "G", "T", NA)), names = c("", 
""))), GM01_SNP1 = structure(c(90L, 2977L, 19L, 2L, 51L, 2781L, 
17L, 0L, 3L, 77L, 0L, 0L), dim = 4:3, dimnames = structure(list(
    c("-1", "0", "1", "2"), c("A", "G", NA)), names = c("", ""
))), GM07_SNP1 = structure(c(0L, 0L, 7L, 0L, 0L, 0L, 4L, 302L, 
4042L, 171L, 9L, 0L, 4L, 195L, 3484L, 134L, 9L, 1L, 0L, 3L, 138L, 
9L, 1L, 0L), dim = c(6L, 4L), dimnames = structure(list(c("-2", 
"-1", "0", "1", "2", "3"), c("-", "A", "G", NA)), names = c("", 
""))), GM09_SNP1 = structure(c(84L, 9812L, 24L, 98L, 7219L, 12L, 
0L, 2L, 0L, 3L, 173L, 0L), dim = 3:4, dimnames = structure(list(
    c("-1", "0", "1"), c("A", "G", "T", NA)), names = c("", ""
))), GM11_SNP1 = structure(c(1L, 22L, 2597L, 14L, 1L, 0L, 0L, 
6L, 0L, 0L, 0L, 0L, 25L, 0L, 0L), dim = c(5L, 3L), dimnames = structure(list(
    c("-2", "-1", "0", "1", "2"), c("A", "G", NA)), names = c("", 
""))), GM14_SNP1 = structure(c(13L, 357L, 8590L, 124L, 0L, 2L, 
46L, 0L, 0L, 2L, 101L, 5L), dim = 4:3, dimnames = structure(list(
    c("-2", "-1", "0", "1"), c("C", "T", NA)), names = c("", 
""))), GM17_SNP1 = structure(c(0L, 2L, 0L, 205L, 11804L, 48L, 
0L, 74L, 0L, 2L, 140L, 0L), dim = 3:4, dimnames = structure(list(
    c("-1", "0", "1"), c("A", "C", "T", NA)), names = c("", ""
))), GM22_SNP1 = structure(c(4L, 99L, 5749L, 31L, 1L, 0L, 0L, 
20L, 1L, 0L, 0L, 0L, 1L, 0L, 0L, 0L, 0L, 99L, 0L, 0L), dim = 5:4, dimnames = structure(list(
    c("-2", "-1", "0", "1", "2"), c("A", "G", "T", NA)), names = c("", 
""))), GM26_SNP1 = structure(c(0L, 0L, 0L, 31L, 0L, 0L, 0L, 0L, 
1L, 0L, 1L, 3L, 46L, 6192L, 21L, 0L, 0L, 0L, 1L, 0L, 0L, 0L, 
1L, 114L, 0L), dim = c(5L, 5L), dimnames = structure(list(c("-3", 
"-2", "-1", "0", "1"), c("A", "C", "G", "T", NA)), names = c("", 
""))), GM29_SNP1 = structure(c(1L, 2L, 147L, 7862L, 42L, 1L, 
0L, 0L, 0L, 89L, 0L, 0L, 0L, 0L, 0L, 1L, 0L, 0L, 0L, 0L, 3L, 
99L, 1L, 0L), dim = c(6L, 4L), dimnames = structure(list(c("-3", 
"-2", "-1", "0", "1", "2"), c("A", "G", "T", NA)), names = c("", 
""))), IM16_SNP1 = structure(c(1L, 10L, 1663L, 44L, 0L, 0L, 23L, 
1984L, 46L, 1L, 0L, 1L, 11L, 0L, 0L, 0L, 1L, 62L, 2L, 0L), dim = 5:4, dimnames = structure(list(
    c("-2", "-1", "0", "1", "2"), c("A", "G", "T", NA)), names = c("", 
""))), IM49_SNP1 = structure(c(0L, 0L, 1L, 0L, 0L, 0L, 5L, 377L, 
9170L, 273L, 5L, 1L, 14L, 398L, 7775L, 274L, 3L, 0L, 2L, 10L, 
601L, 22L, 0L, 0L), dim = c(6L, 4L), dimnames = structure(list(
    c("-2", "-1", "0", "1", "2", "3"), c("A", "C", "G", NA)), names = c("", 
""))), LR10_SNP1 = structure(c(0L, 0L, 1L, 0L, 2L, 150L, 5021L, 
49L, 0L, 0L, 1L, 0L, 0L, 1L, 107L, 0L, 0L, 2L, 57L, 0L), dim = 4:5, dimnames = structure(list(
    c("-2", "-1", "0", "1"), c("-", "C", "G", "T", NA)), names = c("", 
""))), LR11_SNP1 = structure(c(4L, 100L, 3345L, 36L, 1L, 86L, 
1663L, 18L, 0L, 0L, 1L, 0L, 0L, 3L, 106L, 1L), dim = c(4L, 4L
), dimnames = structure(list(c("-2", "-1", "0", "1"), c("A", 
"C", "T", NA)), names = c("", ""))), LR17_SNP1 = structure(c(1L, 
8L, 234L, 4539L, 78L, 2L, 0L, 0L, 0L, 4L, 0L, 0L, 0L, 0L, 9L, 
297L, 2L, 0L), dim = c(6L, 3L), dimnames = structure(list(c("-3", 
"-2", "-1", "0", "1", "2"), c("A", "G", NA)), names = c("", ""
))), LR20_SNP1 = structure(c(2L, 2122L, 4L, 1L, 1936L, 1L, 1L, 
21L, 1L), dim = c(3L, 3L), dimnames = structure(list(c("-1", 
"0", "1"), c("A", "G", NA)), names = c("", ""))), LR24_SNP1 = structure(c(0L, 
0L, 2L, 0L, 0L, 1L, 28L, 7048L, 26L, 1L, 1L, 42L, 7586L, 24L, 
0L, 0L, 0L, 1L, 0L, 0L, 0L, 3L, 116L, 1L, 0L), dim = c(5L, 5L
), dimnames = structure(list(c("-2", "-1", "0", "1", "2"), c("-", 
"A", "G", "T", NA)), names = c("", ""))), LR36_SNP1 = structure(c(0L, 
0L, 1L, 0L, 0L, 10L, 114L, 4856L, 62L, 1L, 0L, 0L, 0L, 0L, 0L, 
10L, 115L, 4406L, 66L, 0L, 0L, 6L, 391L, 5L, 0L), dim = c(5L, 
5L), dimnames = structure(list(c("-2", "-1", "0", "1", "2"), 
    c("-", "A", "G", "T", NA)), names = c("", ""))), LR40_SNP1 = structure(c(0L, 
0L, 2L, 0L, 1L, 43L, 2983L, 9L, 0L, 0L, 28L, 0L), dim = 4:3, dimnames = structure(list(
    c("-2", "-1", "0", "1"), c("A", "C", NA)), names = c("", 
""))), LR44_SNP1 = structure(c(0L, 0L, 0L, 1L, 0L, 0L, 1L, 15L, 
330L, 3483L, 70L, 2L, 0L, 0L, 5L, 50L, 0L, 1L, 0L, 1L, 10L, 126L, 
4L, 0L), dim = c(6L, 4L), dimnames = structure(list(c("-3", "-2", 
"-1", "0", "1", "2"), c("A", "C", "T", NA)), names = c("", ""
))), LR46_SNP1 = structure(c(0L, 0L, 1L, 0L, 0L, 0L, 1L, 0L, 
1L, 15L, 3293L, 15L, 0L, 10L, 2689L, 19L, 0L, 0L, 55L, 0L), dim = 4:5, dimnames = structure(list(
    c("-2", "-1", "0", "1"), c("A", "C", "G", "T", NA)), names = c("", 
""))), LR48_SNP1 = structure(c(1L, 4L, 88L, 2164L, 51L, 0L, 0L, 
3L, 65L, 1865L, 43L, 0L, 0L, 0L, 1L, 133L, 2L, 1L), dim = c(6L, 
3L), dimnames = structure(list(c("-3", "-2", "-1", "0", "1", 
"2"), c("C", "T", NA)), names = c("", ""))), LR49_SNP1 = structure(c(0L, 
93L, 0L, 27L, 9264L, 3L, 1L, 63L, 1L), dim = c(3L, 3L), dimnames = structure(list(
    c("-1", "0", "1"), c("A", "G", NA)), names = c("", ""))), 
    LR52_SNP1 = structure(c(0L, 0L, 0L, 1L, 0L, 0L, 1L, 20L, 
    211L, 1395L, 11L, 2L, 2L, 16L, 210L, 1565L, 29L, 1L, 0L, 
    0L, 16L, 404L, 5L, 0L), dim = c(6L, 4L), dimnames = structure(list(
        c("-3", "-2", "-1", "0", "1", "2"), c("A", "C", "T", 
        NA)), names = c("", ""))))
