Result <-
list(DEPDC2_SNP1 = structure(c(0L, 0L, 10L, 0L, 1L, 1L, 132L, 
12951L, 77L, 0L, 0L, 1L, 164L, 1L, 0L), dim = c(5L, 3L), dimnames = structure(list(
    c("-2", "-1", "0", "1", "2"), c("C", "T", NA)), names = c("", 
""))), GM01_SNP1 = structure(c(1L, 55L, 3456L, 13L, 1L, 3L, 109L, 
3984L, 21L, 0L, 0L, 0L, 1L, 0L, 0L, 0L, 4L, 103L, 1L, 0L), dim = 5:4, dimnames = structure(list(
    c("-2", "-1", "0", "1", "2"), c("A", "G", "T", NA)), names = c("", 
""))), GM07_SNP1 = structure(c(0L, 0L, 1L, 0L, 0L, 4L, 139L, 
2252L, 128L, 5L, 0L, 114L, 1862L, 62L, 2L, 0L, 0L, 1L, 0L, 0L, 
0L, 6L, 83L, 0L, 0L), dim = c(5L, 5L), dimnames = structure(list(
    c("-2", "-1", "0", "1", "2"), c("-", "A", "G", "T", NA)), names = c("", 
""))), GM09_SNP1 = structure(c(45L, 6981L, 14L, 35L, 5347L, 20L, 
0L, 2L, 0L, 2L, 117L, 0L), dim = 3:4, dimnames = structure(list(
    c("-1", "0", "1"), c("A", "G", "T", NA)), names = c("", ""
))), GM11_SNP1 = structure(c(0L, 5L, 1421L, 9L, 1L, 15L, 1707L, 
11L, 0L, 0L, 39L, 1L), dim = 4:3, dimnames = structure(list(c("-2", 
"-1", "0", "1"), c("A", "G", NA)), names = c("", ""))), GM14_SNP1 = structure(c(1L, 
6L, 155L, 4045L, 67L, 0L, 0L, 0L, 0L, 1L, 0L, 0L, 0L, 6L, 108L, 
3785L, 33L, 1L, 0L, 0L, 2L, 140L, 0L, 0L), dim = c(6L, 4L), dimnames = structure(list(
    c("-3", "-2", "-1", "0", "1", "3"), c("C", "G", "T", NA)), names = c("", 
""))), GM17_SNP1 = structure(c(0L, 0L, 3L, 0L, 0L, 0L, 13L, 1L, 
2L, 109L, 7044L, 47L, 0L, 0L, 66L, 0L), dim = c(4L, 4L), dimnames = structure(list(
    c("-2", "-1", "0", "1"), c("A", "C", "T", NA)), names = c("", 
""))), GM22_SNP1 = structure(c(0L, 66L, 2822L, 16L, 1L, 0L, 0L, 
1L, 0L, 0L, 1L, 59L, 2778L, 18L, 0L, 0L, 7L, 113L, 2L, 0L), dim = 5:4, dimnames = structure(list(
    c("-2", "-1", "0", "1", "2"), c("A", "C", "G", NA)), names = c("", 
""))), GM26_SNP1 = structure(c(0L, 2L, 0L, 48L, 5125L, 20L, 0L, 
1L, 0L, 1L, 128L, 2L), dim = 3:4, dimnames = structure(list(c("-1", 
"0", "1"), c("A", "G", "T", NA)), names = c("", ""))), GM29_SNP1 = structure(c(0L, 
1L, 0L, 48L, 2635L, 6L, 32L, 2520L, 18L, 2L, 44L, 0L), dim = 3:4, dimnames = structure(list(
    c("-1", "0", "1"), c("-", "A", "G", NA)), names = c("", ""
))), IM16_SNP1 = structure(c(0L, 0L, 6L, 0L, 0L, 1L, 60L, 4392L, 
83L, 1L, 0L, 0L, 49L, 4L, 0L), dim = c(5L, 3L), dimnames = structure(list(
    c("-2", "-1", "0", "1", "2"), c("A", "G", NA)), names = c("", 
""))), IM49_SNP1 = structure(c(5L, 297L, 7219L, 273L, 4L, 0L, 
0L, 5L, 0L, 0L, 0L, 1L, 0L, 0L, 0L, 0L, 3L, 196L, 7L, 1L), dim = 5:4, dimnames = structure(list(
    c("-2", "-1", "0", "1", "2"), c("C", "G", "T", NA)), names = c("", 
""))), LR10_SNP1 = structure(c(2L, 127L, 6458L, 68L, 1L, 0L, 
0L, 1L, 0L, 0L, 0L, 0L, 16L, 1L, 0L, 0L, 0L, 68L, 0L, 0L), dim = 5:4, dimnames = structure(list(
    c("-2", "-1", "0", "1", "2"), c("C", "G", "T", NA)), names = c("", 
""))), LR11_SNP1 = structure(c(0L, 0L, 6L, 0L, 0L, 6L, 167L, 
6508L, 97L, 2L, 0L, 0L, 1L, 0L, 0L, 1L, 3L, 200L, 3L, 0L), dim = 5:4, dimnames = structure(list(
    c("-2", "-1", "0", "1", "2"), c("A", "C", "T", NA)), names = c("", 
""))), LR17_SNP1 = structure(c(1L, 201L, 3494L, 82L, 1L, 0L, 
0L, 2L, 0L, 0L, 0L, 0L, 1L, 0L, 0L, 0L, 10L, 355L, 4L, 0L), dim = 5:4, dimnames = structure(list(
    c("-2", "-1", "0", "1", "2"), c("A", "G", "T", NA)), names = c("", 
""))), LR20_SNP1 = structure(c(0L, 1L, 0L, 9L, 4972L, 16L, 0L, 
14L, 0L, 0L, 20L, 0L), dim = 3:4, dimnames = structure(list(c("-1", 
"0", "1"), c("-", "A", "G", NA)), names = c("", ""))), LR24_SNP1 = structure(c(0L, 
0L, 2L, 0L, 0L, 1L, 1L, 83L, 0L, 0L, 0L, 63L, 11384L, 32L, 1L, 
0L, 1L, 117L, 0L, 0L), dim = 5:4, dimnames = structure(list(c("-2", 
"-1", "0", "1", "2"), c("-", "A", "G", NA)), names = c("", ""
))), LR36_SNP1 = structure(c(0L, 0L, 1L, 12L, 0L, 0L, 0L, 0L, 
0L, 1L, 0L, 0L, 0L, 0L, 0L, 2L, 0L, 0L, 0L, 0L, 0L, 1L, 0L, 0L, 
2L, 5L, 156L, 6462L, 89L, 1L, 0L, 0L, 6L, 355L, 7L, 0L), dim = c(6L, 
6L), dimnames = structure(list(c("-3", "-2", "-1", "0", "1", 
"2"), c("A", "C", "G", "N", "T", NA)), names = c("", ""))), LR40_SNP1 = structure(c(0L, 
0L, 1L, 0L, 0L, 1L, 24L, 2488L, 17L, 1L, 0L, 0L, 1L, 0L, 0L, 
0L, 0L, 22L, 0L, 0L), dim = 5:4, dimnames = structure(list(c("-2", 
"-1", "0", "1", "2"), c("A", "C", "G", NA)), names = c("", ""
))), LR44_SNP1 = structure(c(0L, 0L, 0L, 11L, 0L, 0L, 0L, 0L, 
0L, 1L, 0L, 0L, 1L, 24L, 542L, 5009L, 108L, 2L, 0L, 0L, 0L, 1L, 
0L, 0L, 0L, 0L, 1L, 10L, 1L, 0L, 0L, 0L, 8L, 198L, 5L, 0L), dim = c(6L, 
6L), dimnames = structure(list(c("-3", "-2", "-1", "0", "1", 
"2"), c("-", "A", "C", "N", "T", NA)), names = c("", ""))), LR46_SNP1 = structure(c(15L, 
3712L, 17L, 4L, 20L, 0L, 0L, 43L, 0L), dim = c(3L, 3L), dimnames = structure(list(
    c("-1", "0", "1"), c("G", "T", NA)), names = c("", ""))), 
    LR48_SNP1 = structure(c(0L, 0L, 1L, 0L, 0L, 0L, 0L, 2L, 0L, 
    0L, 0L, 3L, 5L, 0L, 0L, 9L, 209L, 4708L, 121L, 3L, 0L, 0L, 
    203L, 1L, 0L), dim = c(5L, 5L), dimnames = structure(list(
        c("-2", "-1", "0", "1", "2"), c("-", "A", "C", "T", NA
        )), names = c("", ""))), LR49_SNP1 = structure(c(12L, 
    3072L, 1L, 13L, 2966L, 2L, 0L, 1L, 0L, 2L, 85L, 0L), dim = 3:4, dimnames = structure(list(
        c("-1", "0", "1"), c("A", "G", "T", NA)), names = c("", 
    ""))), LR52_SNP1 = structure(c(1L, 1L, 20L, 251L, 1550L, 
    28L, 0L, 1L, 0L, 17L, 204L, 1909L, 24L, 0L, 0L, 0L, 4L, 39L, 
    898L, 14L, 1L), dim = c(7L, 3L), dimnames = structure(list(
        c("-4", "-3", "-2", "-1", "0", "1", "2"), c("C", "T", 
        NA)), names = c("", ""))))
