Result <-
list(DEPDC2_SNP1 = structure(c(0L, 0L, 2L, 0L, 0L, 0L, 19L, 0L, 
1L, 138L, 16082L, 52L, 0L, 0L, 235L, 1L), dim = c(4L, 4L), dimnames = structure(list(
    c("-2", "-1", "0", "1"), c("A", "C", "T", NA)), names = c("", 
""))), GM01_SNP1 = structure(c(0L, 1L, 24L, 0L, 0L, 1L, 109L, 
7121L, 22L, 1L, 0L, 0L, 1L, 0L, 0L, 0L, 3L, 80L, 0L, 0L), dim = 5:4, dimnames = structure(list(
    c("-2", "-1", "0", "1", "2"), c("A", "G", "T", NA)), names = c("", 
""))), GM07_SNP1 = structure(c(0L, 43L, 20L, 0L, 0L, 9L, 386L, 
7514L, 197L, 3L, 0L, 0L, 1L, 0L, 0L, 0L, 11L, 210L, 2L, 0L), dim = 5:4, dimnames = structure(list(
    c("-2", "-1", "0", "1", "2"), c("A", "G", "T", NA)), names = c("", 
""))), GM09_SNP1 = structure(c(0L, 31L, 0L, 100L, 12125L, 12L, 
0L, 2L, 0L, 0L, 107L, 0L), dim = 3:4, dimnames = structure(list(
    c("-1", "0", "1"), c("A", "G", "T", NA)), names = c("", ""
))), GM11_SNP1 = structure(c(0L, 1L, 0L, 27L, 3498L, 11L, 1L, 
4L, 0L, 0L, 26L, 0L), dim = 3:4, dimnames = structure(list(c("-1", 
"0", "1"), c("-", "A", "G", NA)), names = c("", ""))), GM14_SNP1 = structure(c(0L, 
0L, 0L, 0L, 0L, 1L, 0L, 1L, 2L, 17L, 368L, 8511L, 74L, 1L, 0L, 
0L, 0L, 0L, 8L, 0L, 0L, 0L, 0L, 0L, 0L, 90L, 0L, 0L), dim = c(7L, 
4L), dimnames = structure(list(c("-4", "-3", "-2", "-1", "0", 
"1", "2"), c("A", "C", "T", NA)), names = c("", ""))), GM17_SNP1 = structure(c(0L, 
0L, 1L, 0L, 1L, 137L, 7996L, 22L, 0L, 0L, 23L, 0L, 0L, 1L, 68L, 
0L), dim = c(4L, 4L), dimnames = structure(list(c("-2", "-1", 
"0", "1"), c("A", "C", "T", NA)), names = c("", ""))), GM22_SNP1 = structure(c(2L, 
43L, 2924L, 12L, 1L, 43L, 2665L, 8L, 0L, 2L, 114L, 4L), dim = 4:3, dimnames = structure(list(
    c("-2", "-1", "0", "1"), c("A", "G", NA)), names = c("", 
""))), GM26_SNP1 = structure(c(1L, 32L, 4266L, 14L, 0L, 0L, 5L, 
0L, 0L, 1L, 64L, 0L), dim = 4:3, dimnames = structure(list(c("-2", 
"-1", "0", "1"), c("A", "G", NA)), names = c("", ""))), GM29_SNP1 = structure(c(2L, 
93L, 6711L, 23L, 0L, 0L, 1L, 0L, 0L, 0L, 11L, 0L, 0L, 0L, 61L, 
0L), dim = c(4L, 4L), dimnames = structure(list(c("-2", "-1", 
"0", "1"), c("A", "C", "G", NA)), names = c("", ""))), IM16_SNP1 = structure(c(2L, 
58L, 5756L, 74L, 1L, 0L, 0L, 16L, 0L, 0L, 0L, 0L, 1L, 0L, 0L, 
0L, 0L, 71L, 2L, 0L), dim = 5:4, dimnames = structure(list(c("-2", 
"-1", "0", "1", "2"), c("A", "G", "T", NA)), names = c("", ""
))), IM49_SNP1 = structure(c(0L, 0L, 0L, 1L, 1L, 0L, 2L, 4L, 
227L, 6875L, 120L, 2L, 0L, 4L, 282L, 6717L, 179L, 6L, 0L, 0L, 
0L, 1L, 0L, 0L, 0L, 0L, 8L, 435L, 15L, 0L), dim = 6:5, dimnames = structure(list(
    c("-3", "-2", "-1", "0", "1", "2"), c("A", "C", "G", "T", 
    NA)), names = c("", ""))), LR10_SNP1 = structure(c(0L, 1L, 
0L, 45L, 2400L, 32L, 30L, 2409L, 7L, 1L, 65L, 1L), dim = 3:4, dimnames = structure(list(
    c("-1", "0", "1"), c("A", "C", "T", NA)), names = c("", ""
))), LR11_SNP1 = structure(c(0L, 1L, 103L, 3453L, 22L, 1L, 1L, 
45L, 2289L, 15L, 0L, 0L, 0L, 1L, 0L, 0L, 0L, 6L, 125L, 0L), dim = 5:4, dimnames = structure(list(
    c("-3", "-2", "-1", "0", "1"), c("A", "C", "T", NA)), names = c("", 
""))), LR17_SNP1 = structure(c(1L, 1L, 278L, 6202L, 74L, 3L, 
0L, 0L, 0L, 1L, 0L, 0L, 0L, 0L, 0L, 1L, 0L, 0L, 0L, 0L, 10L, 
426L, 2L, 0L), dim = c(6L, 4L), dimnames = structure(list(c("-3", 
"-2", "-1", "0", "1", "2"), c("A", "C", "G", NA)), names = c("", 
""))), LR20_SNP1 = structure(c(9L, 3221L, 2L, 5L, 2621L, 7L, 
0L, 40L, 0L), dim = c(3L, 3L), dimnames = structure(list(c("-1", 
"0", "1"), c("A", "G", NA)), names = c("", ""))), LR24_SNP1 = structure(c(3L, 
82L, 16375L, 46L, 0L, 0L, 1L, 0L, 0L, 1L, 15L, 0L, 0L, 0L, 1L, 
0L, 0L, 0L, 137L, 0L), dim = 4:5, dimnames = structure(list(c("-2", 
"-1", "0", "1"), c("A", "C", "G", "T", NA)), names = c("", ""
))), LR36_SNP1 = structure(c(0L, 1L, 36L, 0L, 0L, 0L, 0L, 2L, 
0L, 0L, 17L, 241L, 9321L, 68L, 1L, 2L, 14L, 656L, 9L, 0L), dim = 5:4, dimnames = structure(list(
    c("-2", "-1", "0", "1", "2"), c("A", "G", "T", NA)), names = c("", 
""))), LR40_SNP1 = structure(c(0L, 1L, 0L, 51L, 4559L, 17L, 0L, 
1L, 0L, 1L, 31L, 1L), dim = 3:4, dimnames = structure(list(c("-1", 
"0", "1"), c("A", "C", "T", NA)), names = c("", ""))), LR44_SNP1 = structure(c(0L, 
0L, 0L, 1L, 0L, 0L, 0L, 1L, 17L, 438L, 4636L, 82L, 2L, 0L, 0L, 
9L, 215L, 2816L, 56L, 2L, 2L, 0L, 0L, 17L, 187L, 3L, 0L, 0L), dim = c(7L, 
4L), dimnames = structure(list(c("-3", "-2", "-1", "0", "1", 
"2", "6"), c("A", "C", "T", NA)), names = c("", ""))), LR46_SNP1 = structure(c(0L, 
1L, 0L, 7L, 1999L, 9L, 15L, 2713L, 4L, 0L, 35L, 0L), dim = 3:4, dimnames = structure(list(
    c("-1", "0", "1"), c("-", "G", "T", NA)), names = c("", ""
))), LR48_SNP1 = structure(c(0L, 0L, 1L, 0L, 0L, 66L, 2259L, 
30L, 3L, 80L, 3009L, 44L, 1L, 2L, 128L, 0L), dim = c(4L, 4L), dimnames = structure(list(
    c("-2", "-1", "0", "1"), c("A", "C", "T", NA)), names = c("", 
""))), LR49_SNP1 = structure(c(0L, 0L, 21L, 0L, 1L, 25L, 9043L, 
6L, 0L, 0L, 64L, 0L), dim = 4:3, dimnames = structure(list(c("-2", 
"-1", "0", "1"), c("A", "G", NA)), names = c("", ""))), LR52_SNP1 = structure(c(1L, 
2L, 26L, 275L, 1283L, 5L, 2L, 30L, 234L, 1968L, 35L, 1L, 0L, 
0L, 6L, 190L, 279L, 5L), dim = c(6L, 3L), dimnames = structure(list(
    c("-3", "-2", "-1", "0", "1", "2"), c("C", "T", NA)), names = c("", 
""))))
