Result <-
list(DEPDC2_SNP1 = structure(c(0L, 0L, 0L, 1L, 0L, 0L, 0L, 0L, 
11L, 0L, 1L, 3L, 95L, 9990L, 44L, 0L, 0L, 0L, 152L, 2L), dim = 5:4, dimnames = structure(list(
    c("-4", "-2", "-1", "0", "1"), c("A", "C", "T", NA)), names = c("", 
""))), GM01_SNP1 = structure(c(0L, 43L, 2602L, 12L, 1L, 61L, 
3352L, 10L, 0L, 0L, 1L, 0L, 0L, 3L, 59L, 2L), dim = c(4L, 4L), dimnames = structure(list(
    c("-2", "-1", "0", "1"), c("A", "G", "T", NA)), names = c("", 
""))), GM07_SNP1 = structure(c(5L, 383L, 2049L, 79L, 1L, 2L, 
221L, 2099L, 59L, 2L, 0L, 0L, 1L, 0L, 0L, 0L, 3L, 84L, 1L, 0L
), dim = 5:4, dimnames = structure(list(c("-2", "-1", "0", "1", 
"2"), c("A", "G", "T", NA)), names = c("", ""))), GM09_SNP1 = structure(c(1L, 
27L, 6680L, 48L, 3L, 992L, 6214L, 11L, 0L, 8L, 128L, 1L), dim = 4:3, dimnames = structure(list(
    c("-2", "-1", "0", "1"), c("A", "G", NA)), names = c("", 
""))), GM11_SNP1 = structure(c(1L, 270L, 1742L, 4L, 1L, 0L, 0L, 
6L, 0L, 0L, 0L, 2L, 15L, 0L, 0L), dim = c(5L, 3L), dimnames = structure(list(
    c("-2", "-1", "0", "1", "2"), c("A", "G", NA)), names = c("", 
""))), GM14_SNP1 = structure(c(1L, 10L, 363L, 5546L, 108L, 1L, 
0L, 0L, 0L, 8L, 0L, 0L, 0L, 0L, 1L, 66L, 0L, 0L), dim = c(6L, 
3L), dimnames = structure(list(c("-3", "-2", "-1", "0", "1", 
"2"), c("C", "T", NA)), names = c("", ""))), GM17_SNP1 = structure(c(0L, 
0L, 3L, 0L, 2L, 166L, 7409L, 33L, 0L, 647L, 6966L, 25L, 0L, 2L, 
128L, 0L), dim = c(4L, 4L), dimnames = structure(list(c("-2", 
"-1", "0", "1"), c("A", "C", "T", NA)), names = c("", ""))), 
    GM22_SNP1 = structure(c(3L, 59L, 4588L, 12L, 0L, 0L, 4L, 
    0L, 0L, 0L, 74L, 0L), dim = 4:3, dimnames = structure(list(
        c("-2", "-1", "0", "1"), c("A", "G", NA)), names = c("", 
    ""))), GM26_SNP1 = structure(c(0L, 4L, 0L, 23L, 2764L, 6L, 
    0L, 51L, 0L), dim = c(3L, 3L), dimnames = structure(list(
        c("-1", "0", "1"), c("A", "G", NA)), names = c("", ""
    ))), GM29_SNP1 = structure(c(417L, 4431L, 8L, 1L, 4L, 0L, 
    0L, 1L, 0L, 3L, 49L, 0L), dim = 3:4, dimnames = structure(list(
        c("-1", "0", "1"), c("A", "G", "T", NA)), names = c("", 
    ""))), IM16_SNP1 = structure(c(1L, 365L, 2337L, 44L, 2L, 
    0L, 1L, 54L, 1L, 0L, 0L, 3L, 28L, 2L, 0L), dim = c(5L, 3L
    ), dimnames = structure(list(c("-2", "-1", "0", "1", "2"), 
        c("A", "G", NA)), names = c("", ""))), IM49_SNP1 = structure(c(0L, 
    0L, 0L, 1L, 0L, 0L, 0L, 0L, 15L, 71L, 4L, 1L, 2L, 143L, 2085L, 
    15812L, 448L, 14L, 0L, 0L, 0L, 1L, 0L, 0L, 0L, 1L, 30L, 739L, 
    34L, 0L), dim = 6:5, dimnames = structure(list(c("-3", "-2", 
    "-1", "0", "1", "2"), c("-", "C", "G", "T", NA)), names = c("", 
    ""))), LR10_SNP1 = structure(c(2L, 86L, 3344L, 31L, 1L, 0L, 
    0L, 0L, 0L, 0L, 0L, 1L, 7L, 0L, 0L, 0L, 1L, 45L, 0L, 0L), dim = 5:4, dimnames = structure(list(
        c("-2", "-1", "0", "1", "2"), c("C", "G", "T", NA)), names = c("", 
    ""))), LR11_SNP1 = structure(c(0L, 0L, 5L, 0L, 0L, 2L, 104L, 
    4618L, 101L, 2L, 0L, 0L, 1L, 0L, 0L, 0L, 6L, 154L, 1L, 0L
    ), dim = 5:4, dimnames = structure(list(c("-2", "-1", "0", 
    "1", "2"), c("A", "C", "G", NA)), names = c("", ""))), LR17_SNP1 = structure(c(1L, 
    8L, 277L, 4819L, 100L, 2L, 0L, 0L, 0L, 4L, 0L, 0L, 0L, 0L, 
    0L, 1L, 0L, 0L, 0L, 0L, 10L, 325L, 2L, 0L), dim = c(6L, 4L
    ), dimnames = structure(list(c("-3", "-2", "-1", "0", "1", 
    "2"), c("A", "G", "T", NA)), names = c("", ""))), LR20_SNP1 = structure(c(0L, 
    1L, 0L, 9L, 4687L, 10L, 0L, 7L, 0L, 0L, 16L, 0L), dim = 3:4, dimnames = structure(list(
        c("-1", "0", "1"), c("-", "A", "G", NA)), names = c("", 
    ""))), LR24_SNP1 = structure(c(1L, 2L, 242L, 11605L, 29L, 
    0L, 0L, 0L, 17L, 0L, 0L, 0L, 1L, 0L, 0L, 0L, 0L, 2L, 103L, 
    0L), dim = 5:4, dimnames = structure(list(c("-3", "-2", "-1", 
    "0", "1"), c("A", "G", "T", NA)), names = c("", ""))), LR36_SNP1 = structure(c(0L, 
    0L, 0L, 25L, 0L, 0L, 0L, 0L, 1L, 1L, 0L, 0L, 0L, 0L, 0L, 
    4L, 0L, 0L, 10L, 908L, 208L, 5771L, 73L, 1L, 0L, 11L, 14L, 
    416L, 7L, 0L), dim = 6:5, dimnames = structure(list(c("-3", 
    "-2", "-1", "0", "1", "2"), c("A", "C", "G", "T", NA)), names = c("", 
    ""))), LR40_SNP1 = structure(c(22L, 1457L, 4L, 13L, 1377L, 
    1L, 0L, 18L, 0L), dim = c(3L, 3L), dimnames = structure(list(
        c("-1", "0", "1"), c("A", "C", NA)), names = c("", ""
    ))), LR44_SNP1 = structure(c(67L, 613L, 2903L, 46L, 1L, 0L, 
    1L, 5L, 0L, 0L, 0L, 8L, 97L, 0L, 0L), dim = c(5L, 3L), dimnames = structure(list(
        c("-2", "-1", "0", "1", "2"), c("C", "T", NA)), names = c("", 
    ""))), LR46_SNP1 = structure(c(0L, 1L, 0L, 25L, 1897L, 5L, 
    12L, 1452L, 3L, 0L, 26L, 0L), dim = 3:4, dimnames = structure(list(
        c("-1", "0", "1"), c("A", "G", "T", NA)), names = c("", 
    ""))), LR48_SNP1 = structure(c(1L, 4L, 250L, 2282L, 39L, 
    0L, 0L, 0L, 2L, 1L, 0L, 0L, 0L, 69L, 1L), dim = c(5L, 3L), dimnames = structure(list(
        c("-3", "-2", "-1", "0", "1"), c("C", "T", NA)), names = c("", 
    ""))), LR49_SNP1 = structure(c(52L, 2824L, 1L, 16L, 2731L, 
    1L, 0L, 75L, 0L), dim = c(3L, 3L), dimnames = structure(list(
        c("-1", "0", "1"), c("A", "G", NA)), names = c("", ""
    ))), LR52_SNP1 = structure(c(0L, 5L, 76L, 345L, 854L, 12L, 
    217L, 83L, 3L, 85L, 883L, 11L, 0L, 0L, 1L, 23L, 212L, 5L), dim = c(6L, 
    3L), dimnames = structure(list(c("-4", "-3", "-2", "-1", 
    "0", "1"), c("C", "T", NA)), names = c("", ""))))
