Result <-
list(DEPDC2_SNP1 = structure(c(0L, 4L, 0L, 42L, 6880L, 23L, 51L, 
7644L, 36L, 1L, 341L, 0L), dim = 3:4, dimnames = structure(list(
    c("-1", "0", "1"), c("A", "C", "T", NA)), names = c("", ""
))), GM01_SNP1 = structure(c(3L, 105L, 7653L, 19L, 0L, 0L, 11L, 
0L, 0L, 2L, 100L, 0L), dim = 4:3, dimnames = structure(list(c("-2", 
"-1", "0", "1"), c("A", "G", NA)), names = c("", ""))), GM07_SNP1 = structure(c(0L, 
0L, 3L, 0L, 0L, 0L, 1L, 294L, 6206L, 156L, 4L, 1L, 0L, 2L, 34L, 
0L, 0L, 0L, 0L, 3L, 79L, 1L, 0L, 0L), dim = c(6L, 4L), dimnames = structure(list(
    c("-2", "-1", "0", "1", "2", "3"), c("-", "A", "G", NA)), names = c("", 
""))), GM09_SNP1 = structure(c(116L, 10053L, 13L, 1L, 39L, 0L, 
0L, 1L, 0L, 1L, 90L, 0L), dim = 3:4, dimnames = structure(list(
    c("-1", "0", "1"), c("A", "G", "T", NA)), names = c("", ""
))), GM11_SNP1 = structure(c(2L, 18L, 4056L, 19L, 0L, 1L, 6L, 
0L, 0L, 0L, 27L, 0L), dim = 4:3, dimnames = structure(list(c("-2", 
"-1", "0", "1"), c("A", "G", NA)), names = c("", ""))), GM14_SNP1 = structure(c(0L, 
0L, 0L, 1L, 0L, 0L, 0L, 0L, 0L, 0L, 3L, 0L, 2L, 0L, 2L, 97L, 
3788L, 22L, 0L, 1L, 26L, 1197L, 2678L, 10L, 0L, 0L, 1L, 4L, 119L, 
0L), dim = 6:5, dimnames = structure(list(c("-4", "-3", "-2", 
"-1", "0", "1"), c("-", "A", "C", "T", NA)), names = c("", ""
))), GM17_SNP1 = structure(c(0L, 0L, 2L, 0L, 0L, 2L, 129L, 4585L, 
18L, 0L, 0L, 44L, 4198L, 8L, 1L, 0L, 1L, 68L, 1L, 0L), dim = 5:4, dimnames = structure(list(
    c("-2", "-1", "0", "1", "2"), c("-", "C", "T", NA)), names = c("", 
""))), GM22_SNP1 = structure(c(1L, 40L, 2769L, 6L, 1L, 0L, 36L, 
2515L, 27L, 0L, 0L, 0L, 1L, 0L, 0L, 0L, 2L, 119L, 1L, 0L), dim = 5:4, dimnames = structure(list(
    c("-2", "-1", "0", "1", "2"), c("A", "G", "T", NA)), names = c("", 
""))), GM26_SNP1 = structure(c(30L, 5458L, 11L, 0L, 34L, 0L, 
2L, 101L, 1L), dim = c(3L, 3L), dimnames = structure(list(c("-1", 
"0", "1"), c("A", "G", NA)), names = c("", ""))), GM29_SNP1 = structure(c(0L, 
30L, 2373L, 11L, 1L, 20L, 2034L, 2L, 0L, 2L, 52L, 1L), dim = 4:3, dimnames = structure(list(
    c("-2", "-1", "0", "1"), c("A", "G", NA)), names = c("", 
""))), IM16_SNP1 = structure(c(0L, 0L, 16L, 0L, 2L, 88L, 6249L, 
193L, 0L, 3L, 124L, 9L), dim = 4:3, dimnames = structure(list(
    c("-2", "-1", "0", "1"), c("A", "G", NA)), names = c("", 
""))), IM49_SNP1 = structure(c(1L, 106L, 3178L, 493L, 10L, 1L, 
100L, 2983L, 790L, 18L, 0L, 5L, 247L, 61L, 3L), dim = c(5L, 3L
), dimnames = structure(list(c("-2", "-1", "0", "1", "2"), c("C", 
"G", NA)), names = c("", ""))), LR10_SNP1 = structure(c(0L, 1L, 
0L, 0L, 57L, 2935L, 24L, 1L, 56L, 3485L, 11L, 0L, 0L, 86L, 1L, 
0L), dim = c(4L, 4L), dimnames = structure(list(c("-1", "0", 
"1", "2"), c("A", "C", "T", NA)), names = c("", ""))), LR11_SNP1 = structure(c(0L, 
0L, 1L, 0L, 0L, 0L, 2L, 42L, 2284L, 18L, 0L, 1L, 1L, 71L, 1387L, 
11L, 1L, 0L, 0L, 0L, 2L, 0L, 0L, 0L, 0L, 2L, 75L, 2L, 0L, 0L), dim = 6:5, dimnames = structure(list(
    c("-2", "-1", "0", "1", "2", "3"), c("-", "A", "C", "T", 
    NA)), names = c("", ""))), LR17_SNP1 = structure(c(2L, 7L, 
297L, 4984L, 590L, 14L, 0L, 0L, 0L, 1L, 0L, 0L, 0L, 0L, 0L, 1L, 
0L, 0L, 0L, 0L, 17L, 343L, 13L, 0L), dim = c(6L, 4L), dimnames = structure(list(
    c("-3", "-2", "-1", "0", "1", "2"), c("A", "G", "T", NA)), names = c("", 
""))), LR20_SNP1 = structure(c(1L, 1L, 2507L, 4L, 0L, 2L, 2787L, 
7L, 0L, 0L, 1L, 0L, 0L, 0L, 50L, 0L), dim = c(4L, 4L), dimnames = structure(list(
    c("-2", "-1", "0", "1"), c("A", "G", "T", NA)), names = c("", 
""))), LR24_SNP1 = structure(c(27L, 6120L, 9L, 1L, 32L, 6602L, 
17L, 0L, 1L, 1L, 0L, 0L, 0L, 129L, 0L, 0L), dim = c(4L, 4L), dimnames = structure(list(
    c("-1", "0", "1", "2"), c("A", "G", "T", NA)), names = c("", 
""))), LR36_SNP1 = structure(c(1L, 0L, 4L, 58L, 2909L, 31L, 0L, 
0L, 0L, 0L, 0L, 1L, 0L, 0L, 0L, 0L, 0L, 0L, 2L, 0L, 0L, 0L, 1L, 
15L, 188L, 3573L, 26L, 1L, 0L, 0L, 0L, 4L, 294L, 3L, 0L), dim = c(7L, 
5L), dimnames = structure(list(c("-4", "-3", "-2", "-1", "0", 
"1", "2"), c("A", "C", "G", "T", NA)), names = c("", ""))), LR40_SNP1 = structure(c(1L, 
75L, 5713L, 44L, 0L, 0L, 41L, 2L), dim = c(4L, 2L), dimnames = structure(list(
    c("-2", "-1", "0", "1"), c("C", NA)), names = c("", ""))), 
    LR44_SNP1 = structure(c(0L, 0L, 0L, 2L, 0L, 0L, 0L, 3L, 220L, 
    2954L, 51L, 2L, 0L, 0L, 1L, 35L, 1L, 0L, 2L, 6L, 259L, 3562L, 
    46L, 0L, 0L, 0L, 12L, 154L, 6L, 0L), dim = 6:5, dimnames = structure(list(
        c("-3", "-2", "-1", "0", "1", "2"), c("A", "C", "G", 
        "T", NA)), names = c("", ""))), LR46_SNP1 = structure(c(0L, 
    11L, 2645L, 4L, 1L, 11L, 3641L, 5L, 0L, 0L, 46L, 0L), dim = 4:3, dimnames = structure(list(
        c("-2", "-1", "0", "1"), c("G", "T", NA)), names = c("", 
    ""))), LR48_SNP1 = structure(c(0L, 0L, 1L, 0L, 0L, 6L, 139L, 
    5144L, 83L, 3L, 0L, 1L, 4L, 0L, 0L, 0L, 2L, 133L, 2L, 0L), dim = 5:4, dimnames = structure(list(
        c("-2", "-1", "0", "1", "2"), c("A", "C", "T", NA)), names = c("", 
    ""))), LR49_SNP1 = structure(c(1L, 15L, 0L, 21L, 7574L, 1L, 
    0L, 44L, 0L), dim = c(3L, 3L), dimnames = structure(list(
        c("-1", "0", "1"), c("A", "G", NA)), names = c("", ""
    ))), LR52_SNP1 = structure(c(0L, 1L, 1L, 3L, 0L, 14L, 336L, 
    562L, 5003L, 43L, 0L, 9L, 13L, 260L, 3L), dim = c(5L, 3L), dimnames = structure(list(
        c("-3", "-2", "-1", "0", "1"), c("C", "T", NA)), names = c("", 
    ""))))
