Result <-
list(DEPDC2_SNP1 = structure(c(0L, 1L, 0L, 0L, 27L, 0L, 83L, 
12804L, 52L, 0L, 165L, 0L), dim = 3:4, dimnames = structure(list(
    c("-1", "0", "1"), c("A", "C", "T", NA)), names = c("", ""
))), GM01_SNP1 = structure(c(97L, 8366L, 37L, 1L, 7L, 0L, 3L, 
88L, 0L), dim = c(3L, 3L), dimnames = structure(list(c("-1", 
"0", "1"), c("A", "G", NA)), names = c("", ""))), GM07_SNP1 = structure(c(0L, 
1L, 0L, 0L, 0L, 8L, 898L, 2098L, 38L, 1L, 4L, 312L, 2584L, 55L, 
1L, 0L, 0L, 1L, 0L, 0L, 0L, 9L, 77L, 2L, 0L), dim = c(5L, 5L), dimnames = structure(list(
    c("-2", "-1", "0", "1", "2"), c("-", "A", "G", "T", NA)), names = c("", 
""))), GM09_SNP1 = structure(c(0L, 1L, 32L, 0L, 0L, 0L, 1L, 0L, 
1L, 187L, 14557L, 19L, 0L, 0L, 1L, 0L, 0L, 3L, 148L, 0L), dim = 4:5, dimnames = structure(list(
    c("-2", "-1", "0", "1"), c("A", "C", "G", "T", NA)), names = c("", 
""))), GM11_SNP1 = structure(c(7L, 3604L, 12L, 1L, 10L, 0L, 1L, 
33L, 0L), dim = c(3L, 3L), dimnames = structure(list(c("-1", 
"0", "1"), c("A", "G", NA)), names = c("", ""))), GM14_SNP1 = structure(c(0L, 
0L, 2L, 0L, 0L, 6L, 124L, 3230L, 39L, 0L, 3L, 154L, 3192L, 17L, 
1L, 0L, 0L, 86L, 0L, 0L), dim = 5:4, dimnames = structure(list(
    c("-2", "-1", "0", "1", "2"), c("A", "C", "T", NA)), names = c("", 
""))), GM17_SNP1 = structure(c(0L, 0L, 0L, 1L, 0L, 0L, 0L, 0L, 
1L, 11L, 0L, 0L, 1L, 2L, 1419L, 6438L, 13L, 1L, 0L, 0L, 7L, 62L, 
0L, 0L), dim = c(6L, 4L), dimnames = structure(list(c("-3", "-2", 
"-1", "0", "1", "2"), c("A", "C", "T", NA)), names = c("", ""
))), GM22_SNP1 = structure(c(0L, 34L, 2583L, 5L, 6L, 1201L, 2342L, 
8L, 0L, 16L, 124L, 0L), dim = 4:3, dimnames = structure(list(
    c("-2", "-1", "0", "1"), c("A", "G", NA)), names = c("", 
""))), GM26_SNP1 = structure(c(0L, 1L, 17L, 2062L, 9L, 1L, 0L, 
19L, 2008L, 4L, 0L, 0L, 0L, 2L, 0L, 0L, 0L, 1L, 54L, 0L), dim = 5:4, dimnames = structure(list(
    c("-3", "-2", "-1", "0", "1"), c("A", "G", "T", NA)), names = c("", 
""))), GM29_SNP1 = structure(c(0L, 0L, 1L, 0L, 1L, 581L, 3659L, 
10L, 0L, 0L, 15L, 0L, 0L, 3L, 42L, 2L), dim = c(4L, 4L), dimnames = structure(list(
    c("-2", "-1", "0", "1"), c("-", "A", "G", NA)), names = c("", 
""))), IM16_SNP1 = structure(c(13L, 1975L, 33L, 1L, 130L, 2635L, 
22L, 0L, 0L, 69L, 5L, 0L), dim = 4:3, dimnames = structure(list(
    c("-1", "0", "1", "2"), c("A", "G", NA)), names = c("", ""
))), IM49_SNP1 = structure(c(0L, 0L, 1L, 0L, 0L, 164L, 2907L, 
11366L, 206L, 4L, 0L, 2L, 46L, 0L, 0L, 1L, 17L, 273L, 11L, 0L
), dim = 5:4, dimnames = structure(list(c("-2", "-1", "0", "1", 
"2"), c("A", "C", "G", NA)), names = c("", ""))), LR10_SNP1 = structure(c(0L, 
0L, 1L, 0L, 1L, 170L, 2853L, 22L, 0L, 37L, 3223L, 5L, 0L, 0L, 
83L, 0L), dim = c(4L, 4L), dimnames = structure(list(c("-2", 
"-1", "0", "1"), c("A", "C", "T", NA)), names = c("", ""))), 
    LR11_SNP1 = structure(c(82L, 947L, 2680L, 12L, 0L, 8L, 915L, 
    1821L, 70L, 2L, 0L, 0L, 2L, 0L, 0L, 0L, 23L, 100L, 1L, 0L
    ), dim = 5:4, dimnames = structure(list(c("-2", "-1", "0", 
    "1", "2"), c("A", "C", "G", NA)), names = c("", ""))), LR17_SNP1 = structure(c(44L, 
    2354L, 5774L, 74L, 1L, 0L, 0L, 1L, 0L, 0L, 0L, 105L, 376L, 
    2L, 0L), dim = c(5L, 3L), dimnames = structure(list(c("-2", 
    "-1", "0", "1", "2"), c("A", "G", NA)), names = c("", ""))), 
    LR20_SNP1 = structure(c(1L, 7L, 3904L, 5L, 0L, 7L, 3884L, 
    5L, 0L, 1L, 63L, 0L), dim = 4:3, dimnames = structure(list(
        c("-2", "-1", "0", "1"), c("A", "G", NA)), names = c("", 
    ""))), LR24_SNP1 = structure(c(0L, 1L, 152L, 0L, 0L, 2L, 
    284L, 19662L, 52L, 1L, 0L, 1L, 155L, 0L, 0L), dim = c(5L, 
    3L), dimnames = structure(list(c("-2", "-1", "0", "1", "2"
    ), c("A", "G", NA)), names = c("", ""))), LR36_SNP1 = structure(c(0L, 
    1L, 10L, 137L, 4301L, 29L, 0L, 0L, 0L, 0L, 1L, 0L, 1L, 1L, 
    10L, 893L, 2556L, 16L, 0L, 0L, 0L, 44L, 297L, 2L), dim = c(6L, 
    4L), dimnames = structure(list(c("-5", "-3", "-2", "-1", 
    "0", "1"), c("A", "C", "T", NA)), names = c("", ""))), LR40_SNP1 = structure(c(4L, 
    833L, 1577L, 6L, 0L, 13L, 2332L, 6L, 0L, 3L, 29L, 0L), dim = 4:3, dimnames = structure(list(
        c("-2", "-1", "0", "1"), c("A", "C", NA)), names = c("", 
    ""))), LR44_SNP1 = structure(c(22L, 759L, 197L, 2320L, 37L, 
    2L, 2L, 250L, 1356L, 1921L, 21L, 0L, 0L, 9L, 17L, 109L, 2L, 
    0L), dim = c(6L, 3L), dimnames = structure(list(c("-3", "-2", 
    "-1", "0", "1", "2"), c("C", "T", NA)), names = c("", ""))), 
    LR46_SNP1 = structure(c(0L, 1L, 0L, 0L, 0L, 9L, 0L, 0L, 89L, 
    6075L, 11L, 1L, 1L, 54L, 0L, 0L), dim = c(4L, 4L), dimnames = structure(list(
        c("-1", "0", "1", "2"), c("-", "G", "T", NA)), names = c("", 
    ""))), LR48_SNP1 = structure(c(251L, 370L, 4634L, 141L, 3L, 
    0L, 0L, 8L, 0L, 0L, 1L, 4L, 114L, 4L, 0L), dim = c(5L, 3L
    ), dimnames = structure(list(c("-2", "-1", "0", "1", "2"), 
        c("C", "T", NA)), names = c("", ""))), LR49_SNP1 = structure(c(3L, 
    33L, 0L, 1041L, 5303L, 1L, 1L, 0L, 0L, 3L, 27L, 0L), dim = 3:4, dimnames = structure(list(
        c("-1", "0", "1"), c("A", "G", "T", NA)), names = c("", 
    ""))), LR52_SNP1 = structure(c(0L, 0L, 0L, 0L, 1L, 0L, 0L, 
    1L, 33L, 993L, 264L, 1414L, 7L, 0L, 0L, 26L, 709L, 148L, 
    1796L, 22L, 2L, 0L, 0L, 27L, 19L, 338L, 7L, 1L), dim = c(7L, 
    4L), dimnames = structure(list(c("-5", "-3", "-2", "-1", 
    "0", "1", "2"), c("A", "C", "T", NA)), names = c("", ""))))
