Result <-
list(DEPDC2_SNP1 = structure(c(0L, 5L, 0L, 0L, 49L, 7722L, 24L, 
0L, 69L, 7769L, 37L, 1L, 1L, 288L, 2L, 0L), dim = c(4L, 4L), dimnames = structure(list(
    c("-1", "0", "1", "2"), c("A", "C", "T", NA)), names = c("", 
""))), GM01_SNP1 = structure(c(0L, 0L, 1L, 0L, 0L, 1L, 63L, 3647L, 
16L, 0L, 0L, 35L, 2784L, 7L, 1L, 0L, 2L, 78L, 1L, 0L), dim = 5:4, dimnames = structure(list(
    c("-2", "-1", "0", "1", "2"), c("-", "A", "G", NA)), names = c("", 
""))), GM07_SNP1 = structure(c(4L, 134L, 3157L, 89L, 3L, 1L, 
132L, 1907L, 44L, 0L, 0L, 0L, 0L, 1L, 0L, 1L, 4L, 76L, 0L, 0L
), dim = 5:4, dimnames = structure(list(c("-2", "-1", "0", "1", 
"2"), c("A", "G", "T", NA)), names = c("", ""))), GM09_SNP1 = structure(c(29L, 
5175L, 9L, 0L, 1L, 0L, 28L, 4701L, 6L, 0L, 1L, 0L, 0L, 82L, 1L
), dim = c(3L, 5L), dimnames = structure(list(c("-1", "0", "1"
), c("A", "C", "G", "T", NA)), names = c("", ""))), GM11_SNP1 = structure(c(0L, 
6L, 0L, 26L, 2999L, 26L, 0L, 33L, 1L), dim = c(3L, 3L), dimnames = structure(list(
    c("-1", "0", "1"), c("A", "G", NA)), names = c("", ""))), 
    GM14_SNP1 = structure(c(2L, 7L, 248L, 7637L, 54L, 2L, 0L, 
    0L, 0L, 10L, 0L, 0L, 0L, 0L, 0L, 87L, 0L, 0L), dim = c(6L, 
    3L), dimnames = structure(list(c("-3", "-2", "-1", "0", "1", 
    "2"), c("C", "T", NA)), names = c("", ""))), GM17_SNP1 = structure(c(1L, 
    45L, 4699L, 19L, 0L, 47L, 2532L, 10L, 0L, 0L, 90L, 1L), dim = 4:3, dimnames = structure(list(
        c("-2", "-1", "0", "1"), c("C", "T", NA)), names = c("", 
    ""))), GM22_SNP1 = structure(c(1L, 74L, 5787L, 21L, 2L, 0L, 
    2L, 147L, 1L, 0L, 0L, 0L, 1L, 0L, 0L, 0L, 2L, 73L, 2L, 0L
    ), dim = 5:4, dimnames = structure(list(c("-2", "-1", "0", 
    "1", "2"), c("A", "G", "T", NA)), names = c("", ""))), GM26_SNP1 = structure(c(1L, 
    19L, 3161L, 11L, 0L, 0L, 6L, 0L, 0L, 0L, 1L, 0L, 0L, 1L, 
    42L, 0L), dim = c(4L, 4L), dimnames = structure(list(c("-2", 
    "-1", "0", "1"), c("A", "G", "T", NA)), names = c("", ""))), 
    GM29_SNP1 = structure(c(0L, 15L, 1966L, 3L, 2L, 47L, 2935L, 
    7L, 0L, 1L, 56L, 0L), dim = 4:3, dimnames = structure(list(
        c("-2", "-1", "0", "1"), c("A", "G", NA)), names = c("", 
    ""))), IM16_SNP1 = structure(c(0L, 5L, 0L, 38L, 4161L, 41L, 
    1L, 69L, 3L), dim = c(3L, 3L), dimnames = structure(list(
        c("-1", "0", "1"), c("A", "G", NA)), names = c("", ""
    ))), IM49_SNP1 = structure(c(0L, 0L, 1L, 0L, 0L, 5L, 298L, 
    6299L, 91L, 0L, 3L, 291L, 6992L, 138L, 1L, 0L, 1L, 1L, 0L, 
    0L, 0L, 4L, 425L, 5L, 0L), dim = c(5L, 5L), dimnames = structure(list(
        c("-2", "-1", "0", "1", "2"), c("A", "C", "G", "T", NA
        )), names = c("", ""))), LR10_SNP1 = structure(c(0L, 
    0L, 0L, 1L, 0L, 1L, 2L, 326L, 5971L, 33L, 0L, 0L, 0L, 27L, 
    2L, 0L, 0L, 5L, 78L, 0L), dim = 5:4, dimnames = structure(list(
        c("-4", "-2", "-1", "0", "1"), c("A", "C", "T", NA)), names = c("", 
    ""))), LR11_SNP1 = structure(c(0L, 2L, 75L, 14L, 0L, 1L, 
    3L, 296L, 3570L, 21L, 0L, 0L, 6L, 102L, 2L), dim = c(5L, 
    3L), dimnames = structure(list(c("-3", "-2", "-1", "0", "1"
    ), c("A", "C", NA)), names = c("", ""))), LR17_SNP1 = structure(c(1L, 
    6L, 196L, 5426L, 77L, 0L, 0L, 0L, 1L, 0L, 0L, 0L, 5L, 318L, 
    1L), dim = c(5L, 3L), dimnames = structure(list(c("-3", "-2", 
    "-1", "0", "1"), c("A", "G", NA)), names = c("", ""))), LR20_SNP1 = structure(c(4L, 
    1886L, 1L, 4L, 2918L, 3L, 2L, 33L, 0L), dim = c(3L, 3L), dimnames = structure(list(
        c("-1", "0", "1"), c("A", "G", NA)), names = c("", ""
    ))), LR24_SNP1 = structure(c(47L, 10963L, 21L, 0L, 22L, 0L, 
    0L, 2L, 0L, 1L, 84L, 0L), dim = 3:4, dimnames = structure(list(
        c("-1", "0", "1"), c("A", "G", "T", NA)), names = c("", 
    ""))), LR36_SNP1 = structure(c(0L, 0L, 0L, 1L, 34L, 0L, 0L, 
    0L, 0L, 0L, 1L, 0L, 0L, 0L, 0L, 0L, 1L, 0L, 1L, 3L, 16L, 
    345L, 8914L, 94L, 0L, 0L, 1L, 24L, 565L, 8L), dim = 6:5, dimnames = structure(list(
        c("-4", "-3", "-2", "-1", "0", "1"), c("A", "C", "G", 
        "T", NA)), names = c("", ""))), LR40_SNP1 = structure(c(0L, 
    2L, 0L, 40L, 3737L, 8L, 0L, 19L, 0L), dim = c(3L, 3L), dimnames = structure(list(
        c("-1", "0", "1"), c("A", "C", NA)), names = c("", ""
    ))), LR44_SNP1 = structure(c(0L, 0L, 1L, 0L, 0L, 15L, 415L, 
    4086L, 88L, 6L, 68L, 287L, 3279L, 93L, 2L, 2L, 11L, 185L, 
    6L, 0L), dim = 5:4, dimnames = structure(list(c("-2", "-1", 
    "0", "1", "2"), c("A", "C", "T", NA)), names = c("", ""))), 
    LR46_SNP1 = structure(c(0L, 1L, 0L, 4L, 1932L, 5L, 2L, 2304L, 
    10L, 0L, 44L, 0L), dim = 3:4, dimnames = structure(list(c("-1", 
    "0", "1"), c("C", "G", "T", NA)), names = c("", ""))), LR48_SNP1 = structure(c(2L, 
    71L, 2760L, 28L, 0L, 0L, 2L, 0L, 0L, 1L, 85L, 1L), dim = 4:3, dimnames = structure(list(
        c("-2", "-1", "0", "1"), c("C", "T", NA)), names = c("", 
    ""))), LR49_SNP1 = structure(c(8L, 3831L, 3L, 4L, 2901L, 
    69L, 0L, 1L, 0L, 0L, 104L, 0L), dim = 3:4, dimnames = structure(list(
        c("-1", "0", "1"), c("A", "G", "T", NA)), names = c("", 
    ""))), LR52_SNP1 = structure(c(0L, 0L, 0L, 1L, 0L, 0L, 2L, 
    8L, 120L, 1169L, 6L, 0L, 1L, 10L, 196L, 2245L, 21L, 1L, 0L, 
    1L, 11L, 334L, 2L, 0L), dim = c(6L, 4L), dimnames = structure(list(
        c("-3", "-2", "-1", "0", "1", "2"), c("A", "C", "T", 
        NA)), names = c("", ""))))
