Result <-
list(DEPDC2_SNP1 = structure(c(0L, 0L, 0L, 4L, 0L, 0L, 1L, 0L, 
84L, 6381L, 39L, 0L, 0L, 0L, 0L, 1L, 0L, 0L, 0L, 2L, 244L, 7101L, 
33L, 4L, 0L, 0L, 4L, 283L, 2L, 0L), dim = 6:5, dimnames = structure(list(
    c("-3", "-2", "-1", "0", "1", "2"), c("A", "C", "G", "T", 
    NA)), names = c("", ""))), GM01_SNP1 = structure(c(3L, 164L, 
10636L, 35L, 0L, 2L, 354L, 1L, 0L, 0L, 1L, 0L, 0L, 5L, 160L, 
1L), dim = c(4L, 4L), dimnames = structure(list(c("-2", "-1", 
"0", "1"), c("A", "G", "T", NA)), names = c("", ""))), GM07_SNP1 = structure(c(2L, 
214L, 2117L, 1239L, 37L, 1L, 1L, 77L, 2231L, 816L, 28L, 1L, 0L, 
7L, 29L, 49L, 1L, 0L), dim = c(6L, 3L), dimnames = structure(list(
    c("-3", "-2", "-1", "0", "1", "2"), c("A", "G", NA)), names = c("", 
""))), GM09_SNP1 = structure(c(0L, 33L, 6337L, 10L, 2L, 3860L, 
1624L, 2L, 0L, 0L, 1L, 0L, 0L, 33L, 81L, 0L), dim = c(4L, 4L), dimnames = structure(list(
    c("-2", "-1", "0", "1"), c("A", "G", "T", NA)), names = c("", 
""))), GM11_SNP1 = structure(c(77L, 3568L, 13L, 0L, 5L, 0L, 0L, 
2L, 0L, 0L, 28L, 0L), dim = 3:4, dimnames = structure(list(c("-1", 
"0", "1"), c("A", "G", "T", NA)), names = c("", ""))), GM14_SNP1 = structure(c(0L, 
0L, 1L, 0L, 18L, 350L, 7543L, 56L, 0L, 2L, 15L, 0L, 0L, 1L, 76L, 
0L), dim = c(4L, 4L), dimnames = structure(list(c("-2", "-1", 
"0", "1"), c("A", "C", "T", NA)), names = c("", ""))), GM17_SNP1 = structure(c(0L, 
3L, 56L, 4220L, 11L, 1L, 3L, 52L, 4499L, 10L, 0L, 0L, 1L, 69L, 
0L), dim = c(5L, 3L), dimnames = structure(list(c("-3", "-2", 
"-1", "0", "1"), c("C", "T", NA)), names = c("", ""))), GM22_SNP1 = structure(c(0L, 
2L, 56L, 0L, 4L, 68L, 4496L, 31L, 0L, 2L, 128L, 1L), dim = 4:3, dimnames = structure(list(
    c("-2", "-1", "0", "1"), c("A", "G", NA)), names = c("", 
""))), GM26_SNP1 = structure(c(89L, 4910L, 20L, 0L, 13L, 0L, 
1L, 64L, 0L), dim = c(3L, 3L), dimnames = structure(list(c("-1", 
"0", "1"), c("A", "G", NA)), names = c("", ""))), GM29_SNP1 = structure(c(0L, 
1L, 0L, 134L, 5484L, 16L, 0L, 12L, 0L, 0L, 1L, 0L, 1L, 55L, 0L
), dim = c(3L, 5L), dimnames = structure(list(c("-1", "0", "1"
), c("-", "A", "G", "T", NA)), names = c("", ""))), IM16_SNP1 = structure(c(0L, 
0L, 180L, 0L, 1L, 111L, 6231L, 64L, 0L, 2L, 87L, 4L), dim = 4:3, dimnames = structure(list(
    c("-2", "-1", "0", "1"), c("A", "G", NA)), names = c("", 
""))), IM49_SNP1 = structure(c(1L, 103L, 4545L, 1829L, 27L, 0L, 
0L, 1L, 8L, 358L, 5512L, 124L, 5L, 1L, 0L, 2L, 37L, 282L, 5L, 
0L, 0L), dim = c(7L, 3L), dimnames = structure(list(c("-3", "-2", 
"-1", "0", "1", "2", "3"), c("C", "G", NA)), names = c("", ""
))), LR10_SNP1 = structure(c(0L, 2L, 0L, 0L, 1L, 21L, 0L, 0L, 
0L, 1L, 0L, 0L, 174L, 7657L, 33L, 1L, 0L, 92L, 1L, 0L), dim = 4:5, dimnames = structure(list(
    c("-1", "0", "1", "2"), c("A", "C", "G", "T", NA)), names = c("", 
""))), LR11_SNP1 = structure(c(3L, 26L, 2649L, 492L, 4L, 0L, 
1L, 116L, 1852L, 10L, 0L, 0L, 1L, 1L, 0L, 0L, 0L, 14L, 66L, 0L
), dim = 5:4, dimnames = structure(list(c("-3", "-2", "-1", "0", 
"1"), c("A", "C", "T", NA)), names = c("", ""))), LR17_SNP1 = structure(c(4L, 
247L, 4952L, 2121L, 45L, 0L, 0L, 2L, 0L, 0L, 0L, 7L, 327L, 65L, 
0L), dim = c(5L, 3L), dimnames = structure(list(c("-2", "-1", 
"0", "1", "2"), c("A", "G", NA)), names = c("", ""))), LR20_SNP1 = structure(c(6L, 
3894L, 5L, 0L, 1L, 0L, 7L, 4513L, 11L, 0L, 69L, 0L), dim = 3:4, dimnames = structure(list(
    c("-1", "0", "1"), c("A", "C", "G", NA)), names = c("", ""
))), LR24_SNP1 = structure(c(1L, 7L, 4773L, 13279L, 25L, 0L, 
0L, 0L, 1L, 0L, 0L, 0L, 0L, 29L, 0L, 0L, 0L, 25L, 108L, 1L), dim = 5:4, dimnames = structure(list(
    c("-3", "-2", "-1", "0", "1"), c("A", "C", "G", NA)), names = c("", 
""))), LR36_SNP1 = structure(c(1L, 3L, 41L, 2442L, 4809L, 48L, 
0L, 0L, 0L, 1L, 1L, 0L, 0L, 0L, 0L, 2L, 117L, 0L, 0L, 0L, 0L, 
11L, 136L, 3L), dim = c(6L, 4L), dimnames = structure(list(c("-4", 
"-3", "-2", "-1", "0", "1"), c("A", "G", "T", NA)), names = c("", 
""))), LR40_SNP1 = structure(c(0L, 8L, 0L, 104L, 4937L, 10L, 
0L, 1L, 0L, 0L, 29L, 0L), dim = 3:4, dimnames = structure(list(
    c("-1", "0", "1"), c("A", "C", "T", NA)), names = c("", ""
))), LR44_SNP1 = structure(c(0L, 0L, 0L, 0L, 0L, 0L, 0L, 4L, 
66L, 135L, 2L, 0L, 3L, 287L, 2847L, 5473L, 64L, 2L, 0L, 2L, 27L, 
101L, 5L, 0L), dim = c(6L, 4L), dimnames = structure(list(c("-3", 
"-2", "-1", "0", "1", "2"), c("A", "C", "T", NA)), names = c("", 
""))), LR46_SNP1 = structure(c(0L, 47L, 0L, 65L, 4976L, 14L, 
1L, 261L, 0L, 0L, 56L, 0L), dim = 3:4, dimnames = structure(list(
    c("-1", "0", "1"), c("A", "G", "T", NA)), names = c("", ""
))), LR48_SNP1 = structure(c(7L, 303L, 3613L, 34L, 4L, 134L, 
2620L, 31L, 0L, 1L, 152L, 3L), dim = 4:3, dimnames = structure(list(
    c("-2", "-1", "0", "1"), c("C", "T", NA)), names = c("", 
""))), LR49_SNP1 = structure(c(17L, 4346L, 0L, 15L, 3751L, 1L, 
0L, 2L, 0L, 0L, 105L, 0L), dim = 3:4, dimnames = structure(list(
    c("-1", "0", "1"), c("A", "G", "T", NA)), names = c("", ""
))), LR52_SNP1 = structure(c(3L, 59L, 827L, 3L, 0L, 17L, 209L, 
2253L, 39L, 2L, 0L, 13L, 298L, 4L, 0L), dim = c(5L, 3L), dimnames = structure(list(
    c("-2", "-1", "0", "1", "2"), c("C", "T", NA)), names = c("", 
""))))
