Result <-
list(DEPDC2_SNP1 = structure(c(0L, 1L, 0L, 1L, 111L, 1L, 38L, 
4125L, 24L, 0L, 50L, 0L), dim = 3:4, dimnames = structure(list(
    c("-1", "0", "1"), c("A", "C", "T", NA)), names = c("", ""
))), GM01_SNP1 = structure(c(44L, 2510L, 872L, 7L, 1L, 45L, 0L, 
0L, 1L, 41L, 6L, 0L), dim = 4:3, dimnames = structure(list(c("-1", 
"0", "1", "2"), c("A", "G", NA)), names = c("", ""))), GM07_SNP1 = structure(c(6L, 
269L, 917L, 37L, 2L, 1L, 4L, 211L, 1062L, 72L, 1L, 0L, 1L, 5L, 
40L, 4L, 0L, 0L), dim = c(6L, 3L), dimnames = structure(list(
    c("-2", "-1", "0", "1", "2", "3"), c("A", "G", NA)), names = c("", 
""))), GM09_SNP1 = structure(c(26L, 5147L, 126L, 22L, 2762L, 
13L, 0L, 1L, 0L, 1L, 52L, 1L), dim = 3:4, dimnames = structure(list(
    c("-1", "0", "1"), c("A", "G", "T", NA)), names = c("", ""
))), GM11_SNP1 = structure(c(4L, 927L, 44L, 2L, 155L, 1L, 0L, 
7L, 0L), dim = c(3L, 3L), dimnames = structure(list(c("-1", "0", 
"1"), c("A", "G", NA)), names = c("", ""))), GM14_SNP1 = structure(c(9L, 
108L, 1592L, 23L, 2L, 142L, 1113L, 8L, 0L, 0L, 31L, 0L), dim = 4:3, dimnames = structure(list(
    c("-2", "-1", "0", "1"), c("C", "T", NA)), names = c("", 
""))), GM17_SNP1 = structure(c(0L, 2L, 262L, 4491L, 15L, 0L, 
0L, 0L, 1L, 0L, 1L, 3L, 101L, 4875L, 21L, 0L, 0L, 4L, 97L, 0L
), dim = 5:4, dimnames = structure(list(c("-3", "-2", "-1", "0", 
"1"), c("C", "G", "T", NA)), names = c("", ""))), GM22_SNP1 = structure(c(2L, 
41L, 2342L, 6L, 0L, 32L, 229L, 1L, 0L, 0L, 37L, 1L), dim = 4:3, dimnames = structure(list(
    c("-2", "-1", "0", "1"), c("A", "G", NA)), names = c("", 
""))), GM26_SNP1 = structure(c(1L, 11L, 1414L, 99L, 1L, 0L, 0L, 
8L, 0L, 0L, 0L, 0L, 22L, 0L, 0L), dim = c(5L, 3L), dimnames = structure(list(
    c("-2", "-1", "0", "1", "2"), c("A", "G", NA)), names = c("", 
""))), GM29_SNP1 = structure(c(0L, 13L, 560L, 36L, 1L, 89L, 2583L, 
13L, 0L, 0L, 20L, 0L), dim = 4:3, dimnames = structure(list(c("-2", 
"-1", "0", "1"), c("A", "G", NA)), names = c("", ""))), IM16_SNP1 = structure(c(0L, 
51L, 724L, 6L, 0L, 313L, 275L, 3L, 1L, 1L, 24L, 1L), dim = 4:3, dimnames = structure(list(
    c("-2", "-1", "0", "1"), c("A", "G", NA)), names = c("", 
""))), IM49_SNP1 = structure(c(0L, 0L, 0L, 1L, 0L, 0L, 0L, 0L, 
46L, 614L, 7696L, 297L, 7L, 0L, 1L, 20L, 715L, 6641L, 252L, 25L, 
1L, 0L, 0L, 1L, 2L, 0L, 0L, 0L, 0L, 0L, 13L, 446L, 22L, 2L, 0L
), dim = c(7L, 5L), dimnames = structure(list(c("-3", "-2", "-1", 
"0", "1", "2", "3"), c("A", "C", "G", "T", NA)), names = c("", 
""))), LR10_SNP1 = structure(c(0L, 8L, 282L, 3L, 0L, 1L, 51L, 
2674L, 14L, 1L, 0L, 1L, 28L, 0L, 0L), dim = c(5L, 3L), dimnames = structure(list(
    c("-2", "-1", "0", "1", "2"), c("C", "T", NA)), names = c("", 
""))), LR11_SNP1 = structure(c(2L, 199L, 1172L, 17L, 1L, 46L, 
930L, 10L, 0L, 2L, 43L, 2L), dim = 4:3, dimnames = structure(list(
    c("-2", "-1", "0", "1"), c("A", "C", NA)), names = c("", 
""))), LR17_SNP1 = structure(c(4L, 221L, 3038L, 53L, 0L, 0L, 
3L, 0L, 0L, 8L, 206L, 5L), dim = 4:3, dimnames = structure(list(
    c("-2", "-1", "0", "1"), c("A", "G", NA)), names = c("", 
""))), LR20_SNP1 = structure(c(6L, 2524L, 9L, 0L, 49L, 0L, 0L, 
11L, 0L), dim = c(3L, 3L), dimnames = structure(list(c("-1", 
"0", "1"), c("A", "G", NA)), names = c("", ""))), LR24_SNP1 = structure(c(0L, 
0L, 1L, 0L, 0L, 0L, 24L, 2696L, 9L, 1L, 2L, 219L, 6055L, 14L, 
0L, 0L, 0L, 78L, 1L, 0L), dim = 5:4, dimnames = structure(list(
    c("-2", "-1", "0", "1", "2"), c("-", "A", "G", NA)), names = c("", 
""))), LR36_SNP1 = structure(c(1L, 1L, 15L, 117L, 2488L, 102L, 
1L, 0L, 0L, 0L, 0L, 1L, 0L, 0L, 1L, 7L, 996L, 222L, 1361L, 20L, 
0L, 0L, 0L, 15L, 8L, 162L, 0L, 0L), dim = c(7L, 4L), dimnames = structure(list(
    c("-4", "-3", "-2", "-1", "0", "1", "2"), c("A", "G", "T", 
    NA)), names = c("", ""))), LR40_SNP1 = structure(c(12L, 905L, 
5L, 104L, 835L, 4L, 0L, 1L, 0L, 0L, 15L, 0L), dim = 3:4, dimnames = structure(list(
    c("-1", "0", "1"), c("A", "C", "G", NA)), names = c("", ""
))), LR44_SNP1 = structure(c(27L, 307L, 1095L, 13L, 0L, 27L, 
274L, 4L, 1L, 5L, 36L, 0L), dim = 4:3, dimnames = structure(list(
    c("-2", "-1", "0", "1"), c("C", "T", NA)), names = c("", 
""))), LR46_SNP1 = structure(c(0L, 1L, 0L, 0L, 1L, 0L, 11L, 976L, 
2L, 6L, 1414L, 8L, 0L, 20L, 0L), dim = c(3L, 5L), dimnames = structure(list(
    c("-1", "0", "1"), c("-", "A", "G", "T", NA)), names = c("", 
""))), LR48_SNP1 = structure(c(2L, 77L, 1670L, 28L, 0L, 0L, 7L, 
0L, 0L, 0L, 51L, 2L), dim = 4:3, dimnames = structure(list(c("-2", 
"-1", "0", "1"), c("C", "T", NA)), names = c("", ""))), LR49_SNP1 = structure(c(0L, 
9L, 0L, 122L, 2547L, 1L, 1L, 22L, 0L), dim = c(3L, 3L), dimnames = structure(list(
    c("-1", "0", "1"), c("A", "G", NA)), names = c("", ""))), 
    LR52_SNP1 = structure(c(2L, 33L, 276L, 346L, 3L, 0L, 26L, 
    192L, 176L, 2L, 0L, 0L, 23L, 81L, 5L), dim = c(5L, 3L), dimnames = structure(list(
        c("-3", "-2", "-1", "0", "1"), c("C", "T", NA)), names = c("", 
    ""))))
