Result <-
list(DEPDC2_SNP1 = structure(c(0L, 3L, 0L, 0L, 13L, 0L, 0L, 2L, 
0L, 157L, 18214L, 83L, 1L, 262L, 0L), dim = c(3L, 5L), dimnames = structure(list(
    c("-1", "0", "1"), c("A", "C", "G", "T", NA)), names = c("", 
""))), GM01_SNP1 = structure(c(90L, 6198L, 29L, 83L, 5172L, 18L, 
4L, 149L, 2L), dim = c(3L, 3L), dimnames = structure(list(c("-1", 
"0", "1"), c("A", "G", NA)), names = c("", ""))), GM07_SNP1 = structure(c(0L, 
0L, 2L, 0L, 0L, 2L, 234L, 5319L, 162L, 2L, 6L, 206L, 3612L, 90L, 
1L, 0L, 0L, 1L, 0L, 0L, 1L, 7L, 142L, 4L, 0L), dim = c(5L, 5L
), dimnames = structure(list(c("-2", "-1", "0", "1", "2"), c("-", 
"A", "G", "T", NA)), names = c("", ""))), GM09_SNP1 = structure(c(125L, 
15302L, 22L, 1L, 31L, 0L, 0L, 1L, 0L, 1L, 118L, 1L), dim = 3:4, dimnames = structure(list(
    c("-1", "0", "1"), c("A", "G", "T", NA)), names = c("", ""
))), GM11_SNP1 = structure(c(0L, 1L, 52L, 0L, 1L, 45L, 6255L, 
28L, 0L, 0L, 33L, 1L), dim = 4:3, dimnames = structure(list(c("-2", 
"-1", "0", "1"), c("A", "G", NA)), names = c("", ""))), GM14_SNP1 = structure(c(6L, 
149L, 5878L, 51L, 1L, 8L, 241L, 5178L, 23L, 1L, 0L, 2L, 159L, 
0L, 0L), dim = c(5L, 3L), dimnames = structure(list(c("-2", "-1", 
"0", "1", "2"), c("C", "T", NA)), names = c("", ""))), GM17_SNP1 = structure(c(146L, 
8381L, 27L, 0L, 22L, 0L, 1L, 86L, 0L), dim = c(3L, 3L), dimnames = structure(list(
    c("-1", "0", "1"), c("C", "T", NA)), names = c("", ""))), 
    GM22_SNP1 = structure(c(4L, 148L, 8188L, 46L, 0L, 0L, 5L, 
    0L, 0L, 0L, 1L, 0L, 0L, 1L, 125L, 4L), dim = c(4L, 4L), dimnames = structure(list(
        c("-2", "-1", "0", "1"), c("A", "G", "T", NA)), names = c("", 
    ""))), GM26_SNP1 = structure(c(1L, 25L, 3031L, 15L, 0L, 18L, 
    2836L, 11L, 0L, 0L, 1L, 0L, 0L, 0L, 110L, 0L), dim = c(4L, 
    4L), dimnames = structure(list(c("-2", "-1", "0", "1"), c("A", 
    "G", "T", NA)), names = c("", ""))), GM29_SNP1 = structure(c(4L, 
    84L, 6140L, 20L, 0L, 0L, 6L, 0L, 0L, 1L, 61L, 0L), dim = 4:3, dimnames = structure(list(
        c("-2", "-1", "0", "1"), c("A", "G", NA)), names = c("", 
    ""))), IM16_SNP1 = structure(c(1L, 79L, 9310L, 116L, 0L, 
    0L, 10L, 0L, 0L, 0L, 5L, 0L, 0L, 2L, 105L, 2L), dim = c(4L, 
    4L), dimnames = structure(list(c("-2", "-1", "0", "1"), c("A", 
    "G", "T", NA)), names = c("", ""))), IM49_SNP1 = structure(c(0L, 
    2L, 37L, 1L, 0L, 9L, 422L, 9158L, 169L, 2L, 0L, 7L, 388L, 
    5L, 0L), dim = c(5L, 3L), dimnames = structure(list(c("-2", 
    "-1", "0", "1", "2"), c("C", "G", NA)), names = c("", ""))), 
    LR10_SNP1 = structure(c(0L, 0L, 1L, 0L, 1L, 0L, 17L, 1L, 
    1L, 151L, 7500L, 19L, 0L, 0L, 82L, 2L), dim = c(4L, 4L), dimnames = structure(list(
        c("-2", "-1", "0", "1"), c("A", "C", "T", NA)), names = c("", 
    ""))), LR11_SNP1 = structure(c(0L, 0L, 1L, 0L, 0L, 0L, 79L, 
    4116L, 40L, 1L, 2L, 74L, 3438L, 67L, 4L, 0L, 0L, 2L, 0L, 
    0L, 0L, 0L, 3L, 0L, 0L, 0L, 3L, 141L, 2L, 0L), dim = 5:6, dimnames = structure(list(
        c("-2", "-1", "0", "1", "2"), c("-", "A", "C", "G", "T", 
        NA)), names = c("", ""))), LR17_SNP1 = structure(c(11L, 
    387L, 7301L, 91L, 2L, 0L, 0L, 2L, 0L, 0L, 1L, 20L, 433L, 
    3L, 0L), dim = c(5L, 3L), dimnames = structure(list(c("-2", 
    "-1", "0", "1", "2"), c("A", "G", NA)), names = c("", ""))), 
    LR20_SNP1 = structure(c(6L, 3822L, 6L, 0L, 1L, 0L, 6L, 3587L, 
    2L, 0L, 46L, 0L), dim = 3:4, dimnames = structure(list(c("-1", 
    "0", "1"), c("A", "C", "G", NA)), names = c("", ""))), LR24_SNP1 = structure(c(0L, 
    0L, 0L, 2L, 0L, 0L, 0L, 3L, 40L, 8691L, 17L, 0L, 0L, 0L, 
    0L, 2L, 0L, 0L, 1L, 0L, 47L, 9531L, 27L, 1L, 0L, 0L, 0L, 
    189L, 2L, 0L), dim = 6:5, dimnames = structure(list(c("-3", 
    "-2", "-1", "0", "1", "2"), c("-", "A", "C", "G", NA)), names = c("", 
    ""))), LR36_SNP1 = structure(c(1L, 3L, 2L, 106L, 4582L, 32L, 
    0L, 0L, 0L, 0L, 0L, 2L, 0L, 0L, 0L, 6L, 3L, 80L, 4444L, 28L, 
    2L, 0L, 0L, 1L, 8L, 383L, 5L, 0L), dim = c(7L, 4L), dimnames = structure(list(
        c("-4", "-3", "-2", "-1", "0", "1", "2"), c("A", "G", 
        "T", NA)), names = c("", ""))), LR40_SNP1 = structure(c(0L, 
    1L, 0L, 88L, 8122L, 25L, 0L, 1L, 0L, 0L, 30L, 0L), dim = 3:4, dimnames = structure(list(
        c("-1", "0", "1"), c("A", "C", "G", NA)), names = c("", 
    ""))), LR44_SNP1 = structure(c(0L, 0L, 7L, 67L, 2L, 1L, 21L, 
    631L, 8960L, 130L, 0L, 1L, 11L, 241L, 7L, 0L, 1L, 20L, 320L, 
    3L), dim = 5:4, dimnames = structure(list(c("-3", "-2", "-1", 
    "0", "1"), c("A", "C", "T", NA)), names = c("", ""))), LR46_SNP1 = structure(c(0L, 
    0L, 13L, 0L, 0L, 48L, 7698L, 15L, 1L, 0L, 47L, 2L), dim = 4:3, dimnames = structure(list(
        c("-2", "-1", "0", "1"), c("G", "T", NA)), names = c("", 
    ""))), LR48_SNP1 = structure(c(0L, 1L, 0L, 0L, 188L, 6212L, 
    93L, 1L, 0L, 6L, 1L, 0L, 3L, 138L, 4L, 0L), dim = c(4L, 4L
    ), dimnames = structure(list(c("-1", "0", "1", "2"), c("A", 
    "C", "T", NA)), names = c("", ""))), LR49_SNP1 = structure(c(11L, 
    4511L, 1L, 6L, 3897L, 3L, 0L, 2L, 0L, 1L, 112L, 0L), dim = 3:4, dimnames = structure(list(
        c("-1", "0", "1"), c("A", "G", "T", NA)), names = c("", 
    ""))), LR52_SNP1 = structure(c(0L, 0L, 0L, 1L, 0L, 0L, 3L, 
    49L, 738L, 6720L, 57L, 1L, 0L, 0L, 7L, 91L, 1L, 0L, 0L, 0L, 
    47L, 1423L, 7L, 0L), dim = c(6L, 4L), dimnames = structure(list(
        c("-3", "-2", "-1", "0", "1", "2"), c("A", "C", "T", 
        NA)), names = c("", ""))))
