Result <-
list(DEPDC2_SNP1 = structure(c(0L, 5L, 0L, 91L, 8601L, 60L, 95L, 
8087L, 62L, 3L, 379L, 2L), dim = 3:4, dimnames = structure(list(
    c("-1", "0", "1"), c("A", "C", "T", NA)), names = c("", ""
))), GM01_SNP1 = structure(c(3L, 99L, 4303L, 50L, 1L, 0L, 0L, 
1L, 0L, 0L, 1L, 86L, 3546L, 18L, 0L, 0L, 1L, 96L, 0L, 0L), dim = 5:4, dimnames = structure(list(
    c("-2", "-1", "0", "1", "2"), c("A", "C", "G", NA)), names = c("", 
""))), GM07_SNP1 = structure(c(0L, 0L, 0L, 6L, 0L, 0L, 0L, 1L, 
8L, 309L, 4220L, 168L, 5L, 0L, 0L, 8L, 292L, 3768L, 211L, 11L, 
1L, 0L, 0L, 4L, 145L, 9L, 0L, 0L), dim = c(7L, 4L), dimnames = structure(list(
    c("-3", "-2", "-1", "0", "1", "2", "3"), c("-", "A", "G", 
    NA)), names = c("", ""))), GM09_SNP1 = structure(c(42L, 6896L, 
35L, 1L, 44L, 7065L, 15L, 0L, 3L, 133L, 1L, 0L), dim = 4:3, dimnames = structure(list(
    c("-1", "0", "1", "2"), c("A", "G", NA)), names = c("", ""
))), GM11_SNP1 = structure(c(1L, 12L, 1789L, 8L, 1L, 0L, 20L, 
2001L, 16L, 0L, 0L, 0L, 26L, 0L, 0L), dim = c(5L, 3L), dimnames = structure(list(
    c("-2", "-1", "0", "1", "2"), c("A", "G", NA)), names = c("", 
""))), GM14_SNP1 = structure(c(0L, 0L, 0L, 2L, 0L, 0L, 2L, 18L, 
417L, 10397L, 167L, 4L, 0L, 1L, 61L, 10L, 0L, 0L, 1L, 0L, 0L, 
119L, 3L, 0L), dim = c(6L, 4L), dimnames = structure(list(c("-3", 
"-2", "-1", "0", "1", "2"), c("A", "C", "T", NA)), names = c("", 
""))), GM17_SNP1 = structure(c(0L, 2L, 115L, 6345L, 27L, 0L, 
0L, 0L, 1L, 0L, 1L, 2L, 70L, 6379L, 28L, 0L, 0L, 3L, 115L, 0L
), dim = 5:4, dimnames = structure(list(c("-3", "-2", "-1", "0", 
"1"), c("C", "G", "T", NA)), names = c("", ""))), GM22_SNP1 = structure(c(0L, 
0L, 67L, 1L, 1L, 6L, 134L, 5200L, 22L, 1L, 0L, 5L, 123L, 1L, 
0L), dim = c(5L, 3L), dimnames = structure(list(c("-2", "-1", 
"0", "1", "2"), c("A", "G", NA)), names = c("", ""))), GM26_SNP1 = structure(c(0L, 
45L, 4346L, 13L, 1L, 76L, 3591L, 16L, 0L, 0L, 1L, 0L, 0L, 3L, 
148L, 0L), dim = c(4L, 4L), dimnames = structure(list(c("-2", 
"-1", "0", "1"), c("A", "G", "T", NA)), names = c("", ""))), 
    GM29_SNP1 = structure(c(2L, 170L, 6684L, 37L, 0L, 0L, 1L, 
    0L, 0L, 1L, 146L, 1L, 0L, 0L, 1L, 0L, 0L, 4L, 94L, 0L), dim = 4:5, dimnames = structure(list(
        c("-2", "-1", "0", "1"), c("A", "C", "G", "T", NA)), names = c("", 
    ""))), IM16_SNP1 = structure(c(0L, 0L, 39L, 1L, 0L, 1L, 54L, 
    3483L, 95L, 2L, 0L, 1L, 79L, 4L, 1L), dim = c(5L, 3L), dimnames = structure(list(
        c("-2", "-1", "0", "1", "2"), c("A", "G", NA)), names = c("", 
    ""))), IM49_SNP1 = structure(c(0L, 0L, 1L, 0L, 0L, 5L, 309L, 
    6444L, 253L, 4L, 6L, 217L, 4797L, 192L, 8L, 0L, 0L, 2L, 0L, 
    0L, 1L, 8L, 369L, 10L, 1L), dim = c(5L, 5L), dimnames = structure(list(
        c("-2", "-1", "0", "1", "2"), c("A", "C", "G", "T", NA
        )), names = c("", ""))), LR10_SNP1 = structure(c(0L, 
    0L, 0L, 0L, 0L, 2L, 147L, 3631L, 38L, 1L, 1L, 38L, 3123L, 
    33L, 0L, 0L, 1L, 81L, 0L, 0L), dim = 5:4, dimnames = structure(list(
        c("-2", "-1", "0", "1", "2"), c("A", "C", "T", NA)), names = c("", 
    ""))), LR11_SNP1 = structure(c(0L, 2L, 63L, 0L, 0L, 4L, 107L, 
    3801L, 63L, 1L, 0L, 0L, 1L, 0L, 0L, 0L, 2L, 122L, 1L, 0L), dim = 5:4, dimnames = structure(list(
        c("-2", "-1", "0", "1", "2"), c("A", "C", "T", NA)), names = c("", 
    ""))), LR17_SNP1 = structure(c(4L, 202L, 3854L, 84L, 3L, 
    0L, 9L, 227L, 3L, 0L), dim = c(5L, 2L), dimnames = structure(list(
        c("-2", "-1", "0", "1", "2"), c("A", NA)), names = c("", 
    ""))), LR20_SNP1 = structure(c(16L, 5910L, 12L, 1L, 126L, 
    0L, 0L, 1L, 0L, 1L, 15L, 1L), dim = 3:4, dimnames = structure(list(
        c("-1", "0", "1"), c("A", "G", "T", NA)), names = c("", 
    ""))), LR24_SNP1 = structure(c(0L, 125L, 1L, 48L, 9748L, 
    71L, 0L, 78L, 1L), dim = c(3L, 3L), dimnames = structure(list(
        c("-1", "0", "1"), c("A", "G", NA)), names = c("", ""
    ))), LR36_SNP1 = structure(c(0L, 1L, 6L, 64L, 2712L, 44L, 
    0L, 1L, 1L, 8L, 77L, 3263L, 47L, 2L, 0L, 0L, 1L, 3L, 275L, 
    4L, 0L), dim = c(7L, 3L), dimnames = structure(list(c("-4", 
    "-3", "-2", "-1", "0", "1", "2"), c("A", "T", NA)), names = c("", 
    ""))), LR40_SNP1 = structure(c(23L, 1318L, 14L, 14L, 1094L, 
    5L, 0L, 20L, 0L), dim = c(3L, 3L), dimnames = structure(list(
        c("-1", "0", "1"), c("A", "C", NA)), names = c("", ""
    ))), LR44_SNP1 = structure(c(13L, 182L, 2263L, 36L, 0L, 0L, 
    13L, 301L, 2516L, 80L, 6L, 2L, 0L, 6L, 114L, 4L, 0L, 0L), dim = c(6L, 
    3L), dimnames = structure(list(c("-2", "-1", "0", "1", "2", 
    "7"), c("C", "T", NA)), names = c("", ""))), LR46_SNP1 = structure(c(26L, 
    5431L, 25L, 0L, 48L, 0L, 0L, 40L, 0L), dim = c(3L, 3L), dimnames = structure(list(
        c("-1", "0", "1"), c("G", "T", NA)), names = c("", ""
    ))), LR48_SNP1 = structure(c(0L, 0L, 1L, 0L, 0L, 13L, 262L, 
    5478L, 133L, 1L, 1L, 8L, 144L, 4L, 0L, 0L, 3L, 165L, 3L, 
    0L), dim = 5:4, dimnames = structure(list(c("-2", "-1", "0", 
    "1", "2"), c("A", "C", "T", NA)), names = c("", ""))), LR49_SNP1 = structure(c(0L, 
    72L, 1L, 0L, 2L, 0L, 56L, 9443L, 3L, 1L, 72L, 0L), dim = 3:4, dimnames = structure(list(
        c("-1", "0", "1"), c("A", "C", "G", NA)), names = c("", 
    ""))), LR52_SNP1 = structure(c(1L, 2L, 7L, 101L, 659L, 4304L, 
    77L, 0L, 0L, 0L, 0L, 5L, 18L, 157L, 6L, 0L, 0L, 0L, 0L, 0L, 
    47L, 870L, 17L, 2L), dim = c(8L, 3L), dimnames = structure(list(
        c("-5", "-4", "-3", "-2", "-1", "0", "1", "2"), c("C", 
        "T", NA)), names = c("", ""))))
