Result <-
list(DEPDC2_SNP1 = structure(c(0L, 6L, 0L, 0L, 57L, 0L, 0L, 2L, 
0L, 204L, 22791L, 82L, 1L, 284L, 0L), dim = c(3L, 5L), dimnames = structure(list(
    c("-1", "0", "1"), c("A", "C", "G", "T", NA)), names = c("", 
""))), GM01_SNP1 = structure(c(2L, 86L, 5006L, 10L, 5L, 84L, 
5542L, 31L, 0L, 5L, 126L, 0L), dim = 4:3, dimnames = structure(list(
    c("-2", "-1", "0", "1"), c("A", "G", NA)), names = c("", 
""))), GM07_SNP1 = structure(c(0L, 0L, 2L, 0L, 0L, 0L, 43L, 460L, 
4016L, 104L, 2L, 1L, 1L, 184L, 3429L, 101L, 1L, 0L, 2L, 5L, 184L, 
3L, 0L, 0L), dim = c(6L, 4L), dimnames = structure(list(c("-2", 
"-1", "0", "1", "2", "3"), c("-", "A", "G", NA)), names = c("", 
""))), GM09_SNP1 = structure(c(3L, 450L, 0L, 0L, 1L, 0L, 106L, 
20016L, 26L, 0L, 1L, 0L, 2L, 240L, 0L), dim = c(3L, 5L), dimnames = structure(list(
    c("-1", "0", "1"), c("A", "C", "G", "T", NA)), names = c("", 
""))), GM11_SNP1 = structure(c(1L, 30L, 5740L, 20L, 0L, 0L, 5L, 
1L, 0L, 0L, 1L, 0L, 0L, 0L, 65L, 0L), dim = c(4L, 4L), dimnames = structure(list(
    c("-2", "-1", "0", "1"), c("A", "G", "T", NA)), names = c("", 
""))), GM14_SNP1 = structure(c(0L, 0L, 1L, 0L, 0L, 5L, 187L, 
4783L, 47L, 1L, 6L, 238L, 5557L, 27L, 0L, 0L, 2L, 192L, 0L, 0L
), dim = 5:4, dimnames = structure(list(c("-2", "-1", "0", "1", 
"2"), c("A", "C", "T", NA)), names = c("", ""))), GM17_SNP1 = structure(c(2L, 
148L, 10444L, 36L, 0L, 2L, 132L, 0L, 0L, 1L, 127L, 1L), dim = 4:3, dimnames = structure(list(
    c("-2", "-1", "0", "1"), c("C", "T", NA)), names = c("", 
""))), GM22_SNP1 = structure(c(2L, 239L, 10311L, 35L, 1L, 0L, 
0L, 1L, 0L, 0L, 0L, 0L, 5L, 0L, 0L, 0L, 4L, 149L, 5L, 0L), dim = 5:4, dimnames = structure(list(
    c("-2", "-1", "0", "1", "2"), c("A", "G", "T", NA)), names = c("", 
""))), GM26_SNP1 = structure(c(3L, 66L, 6886L, 25L, 0L, 1L, 2L, 
0L, 0L, 3L, 57L, 1L), dim = 4:3, dimnames = structure(list(c("-2", 
"-1", "0", "1"), c("A", "G", NA)), names = c("", ""))), GM29_SNP1 = structure(c(0L, 
0L, 1L, 0L, 1L, 59L, 3892L, 13L, 3L, 43L, 3139L, 5L, 0L, 0L, 
2L, 0L, 0L, 3L, 78L, 0L), dim = 4:5, dimnames = structure(list(
    c("-2", "-1", "0", "1"), c("-", "A", "G", "T", NA)), names = c("", 
""))), IM16_SNP1 = structure(c(1L, 34L, 4291L, 56L, 1L, 0L, 67L, 
4727L, 107L, 0L, 0L, 0L, 1L, 0L, 0L, 0L, 2L, 138L, 8L, 0L), dim = 5:4, dimnames = structure(list(
    c("-2", "-1", "0", "1", "2"), c("A", "G", "T", NA)), names = c("", 
""))), IM49_SNP1 = structure(c(5L, 249L, 5510L, 88L, 1L, 5L, 
202L, 4391L, 59L, 2L, 1L, 8L, 364L, 7L, 0L), dim = c(5L, 3L), dimnames = structure(list(
    c("-2", "-1", "0", "1", "2"), c("C", "G", NA)), names = c("", 
""))), LR10_SNP1 = structure(c(0L, 0L, 3L, 0L, 0L, 0L, 0L, 8L, 
0L, 0L, 2L, 172L, 7848L, 44L, 2L, 0L, 2L, 119L, 6L, 0L), dim = 5:4, dimnames = structure(list(
    c("-2", "-1", "0", "1", "2"), c("A", "C", "T", NA)), names = c("", 
""))), LR11_SNP1 = structure(c(0L, 0L, 0L, 1L, 0L, 0L, 1L, 4L, 
170L, 9257L, 57L, 1L, 0L, 0L, 1L, 86L, 3L, 0L, 0L, 0L, 0L, 2L, 
0L, 0L, 0L, 0L, 0L, 1L, 0L, 0L, 0L, 0L, 3L, 110L, 0L, 0L), dim = c(6L, 
6L), dimnames = structure(list(c("-4", "-2", "-1", "0", "1", 
"2"), c("-", "A", "C", "G", "T", NA)), names = c("", ""))), LR17_SNP1 = structure(c(6L, 
239L, 5291L, 79L, 1L, 0L, 0L, 3L, 0L, 0L, 0L, 22L, 474L, 4L, 
0L), dim = c(5L, 3L), dimnames = structure(list(c("-2", "-1", 
"0", "1", "2"), c("A", "G", NA)), names = c("", ""))), LR20_SNP1 = structure(c(0L, 
0L, 1L, 0L, 1L, 19L, 7980L, 9L, 0L, 0L, 4L, 0L, 0L, 0L, 32L, 
0L), dim = c(4L, 4L), dimnames = structure(list(c("-2", "-1", 
"0", "1"), c("-", "A", "G", NA)), names = c("", ""))), LR24_SNP1 = structure(c(0L, 
0L, 2L, 0L, 0L, 0L, 0L, 149L, 3L, 0L, 2L, 76L, 19327L, 42L, 0L, 
0L, 0L, 1L, 0L, 0L, 0L, 6L, 199L, 0L, 1L), dim = c(5L, 5L), dimnames = structure(list(
    c("-2", "-1", "0", "1", "2"), c("-", "A", "G", "T", NA)), names = c("", 
""))), LR36_SNP1 = structure(c(0L, 0L, 0L, 0L, 2L, 0L, 2L, 2L, 
15L, 397L, 10791L, 93L, 0L, 0L, 0L, 0L, 1L, 0L, 0L, 0L, 1L, 209L, 
99L, 2L, 0L, 0L, 0L, 10L, 197L, 1L), dim = 6:5, dimnames = structure(list(
    c("-4", "-3", "-2", "-1", "0", "1"), c("-", "A", "N", "T", 
    NA)), names = c("", ""))), LR40_SNP1 = structure(c(0L, 38L, 
3115L, 11L, 1L, 114L, 3083L, 7L, 0L, 0L, 1L, 0L, 0L, 1L, 40L, 
0L), dim = c(4L, 4L), dimnames = structure(list(c("-2", "-1", 
"0", "1"), c("A", "C", "G", NA)), names = c("", ""))), LR44_SNP1 = structure(c(0L, 
0L, 0L, 1L, 0L, 0L, 1L, 23L, 568L, 7575L, 112L, 4L, 0L, 0L, 1L, 
1L, 0L, 0L, 0L, 18L, 390L, 148L, 1L, 0L, 0L, 0L, 8L, 291L, 8L, 
0L), dim = 6:5, dimnames = structure(list(c("-3", "-2", "-1", 
"0", "1", "2"), c("A", "C", "N", "T", NA)), names = c("", ""))), 
    LR46_SNP1 = structure(c(0L, 2L, 0L, 0L, 89L, 0L, 18L, 6377L, 
    29L, 0L, 57L, 0L), dim = 3:4, dimnames = structure(list(c("-1", 
    "0", "1"), c("C", "G", "T", NA)), names = c("", ""))), LR48_SNP1 = structure(c(13L, 
    264L, 7266L, 109L, 4L, 0L, 8L, 218L, 3L, 0L), dim = c(5L, 
    2L), dimnames = structure(list(c("-2", "-1", "0", "1", "2"
    ), c("C", NA)), names = c("", ""))), LR49_SNP1 = structure(c(0L, 
    99L, 0L, 12L, 10891L, 4L, 0L, 93L, 0L), dim = c(3L, 3L), dimnames = structure(list(
        c("-1", "0", "1"), c("A", "G", NA)), names = c("", ""
    ))), LR52_SNP1 = structure(c(0L, 0L, 0L, 1L, 0L, 0L, 0L, 
    0L, 2L, 0L, 4L, 47L, 639L, 4734L, 40L, 5L, 77L, 25L, 250L, 
    2L, 0L, 2L, 99L, 2030L, 18L), dim = c(5L, 5L), dimnames = structure(list(
        c("-3", "-2", "-1", "0", "1"), c("-", "A", "C", "T", 
        NA)), names = c("", ""))))
