Result <-
list(DEPDC2_SNP1 = structure(c(0L, 0L, 19L, 0L, 2L, 93L, 10099L, 
61L, 0L, 0L, 127L, 0L), dim = 4:3, dimnames = structure(list(
    c("-2", "-1", "0", "1"), c("C", "T", NA)), names = c("", 
""))), GM01_SNP1 = structure(c(66L, 3497L, 24L, 103L, 3968L, 
14L, 1L, 100L, 2L), dim = c(3L, 3L), dimnames = structure(list(
    c("-1", "0", "1"), c("A", "G", NA)), names = c("", ""))), 
    GM07_SNP1 = structure(c(0L, 0L, 1L, 0L, 0L, 3L, 182L, 3573L, 
    148L, 7L, 4L, 194L, 2876L, 131L, 7L, 0L, 6L, 109L, 4L, 0L
    ), dim = 5:4, dimnames = structure(list(c("-2", "-1", "0", 
    "1", "2"), c("-", "A", "G", NA)), names = c("", ""))), GM09_SNP1 = structure(c(1L, 
    161L, 21857L, 49L, 0L, 1L, 60L, 0L, 0L, 0L, 1L, 0L, 0L, 2L, 
    170L, 0L), dim = c(4L, 4L), dimnames = structure(list(c("-2", 
    "-1", "0", "1"), c("A", "G", "T", NA)), names = c("", ""))), 
    GM11_SNP1 = structure(c(1L, 33L, 1340L, 4L, 0L, 0L, 18L, 
    1678L, 5L, 1L, 0L, 0L, 22L, 0L, 0L), dim = c(5L, 3L), dimnames = structure(list(
        c("-2", "-1", "0", "1", "2"), c("A", "G", NA)), names = c("", 
    ""))), GM14_SNP1 = structure(c(0L, 0L, 0L, 1L, 0L, 0L, 2L, 
    11L, 413L, 9830L, 149L, 2L, 0L, 0L, 0L, 14L, 0L, 0L, 0L, 
    0L, 0L, 107L, 2L, 0L), dim = c(6L, 4L), dimnames = structure(list(
        c("-3", "-2", "-1", "0", "1", "2"), c("A", "C", "T", 
        NA)), names = c("", ""))), GM17_SNP1 = structure(c(0L, 
    0L, 1L, 0L, 0L, 5L, 259L, 18252L, 79L, 1L, 0L, 0L, 37L, 0L, 
    0L, 0L, 3L, 187L, 0L, 0L), dim = 5:4, dimnames = structure(list(
        c("-2", "-1", "0", "1", "2"), c("A", "C", "T", NA)), names = c("", 
    ""))), GM22_SNP1 = structure(c(6L, 147L, 9020L, 50L, 0L, 
    2L, 8L, 0L, 0L, 0L, 1L, 0L, 0L, 3L, 167L, 4L), dim = c(4L, 
    4L), dimnames = structure(list(c("-2", "-1", "0", "1"), c("A", 
    "G", "T", NA)), names = c("", ""))), GM26_SNP1 = structure(c(46L, 
    3664L, 25L, 1L, 0L, 3L, 0L, 0L, 0L, 61L, 0L, 0L), dim = 4:3, dimnames = structure(list(
        c("-1", "0", "1", "2"), c("A", "G", NA)), names = c("", 
    ""))), GM29_SNP1 = structure(c(0L, 1L, 111L, 4507L, 23L, 
    0L, 0L, 0L, 1L, 0L, 1L, 1L, 85L, 4816L, 20L, 0L, 0L, 0L, 
    2L, 0L, 0L, 0L, 4L, 129L, 2L), dim = c(5L, 5L), dimnames = structure(list(
        c("-3", "-2", "-1", "0", "1"), c("A", "C", "G", "T", 
        NA)), names = c("", ""))), IM16_SNP1 = structure(c(1L, 
    31L, 2609L, 37L, 0L, 0L, 0L, 1L, 0L, 0L, 1L, 19L, 2483L, 
    51L, 2L, 0L, 0L, 87L, 6L, 0L), dim = 5:4, dimnames = structure(list(
        c("-2", "-1", "0", "1", "2"), c("A", "C", "G", NA)), names = c("", 
    ""))), IM49_SNP1 = structure(c(0L, 0L, 1L, 0L, 0L, 0L, 0L, 
    1L, 0L, 0L, 12L, 497L, 11525L, 317L, 7L, 14L, 453L, 10049L, 
    360L, 10L, 0L, 0L, 1L, 0L, 0L, 0L, 16L, 680L, 27L, 1L), dim = 5:6, dimnames = structure(list(
        c("-2", "-1", "0", "1", "2"), c("-", "A", "C", "G", "T", 
        NA)), names = c("", ""))), LR10_SNP1 = structure(c(0L, 
    0L, 22L, 0L, 1L, 109L, 5798L, 42L, 0L, 0L, 60L, 4L), dim = 4:3, dimnames = structure(list(
        c("-2", "-1", "0", "1"), c("C", "T", NA)), names = c("", 
    ""))), LR11_SNP1 = structure(c(2L, 107L, 2952L, 25L, 1L, 
    91L, 2121L, 30L, 0L, 1L, 104L, 2L), dim = 4:3, dimnames = structure(list(
        c("-2", "-1", "0", "1"), c("A", "C", NA)), names = c("", 
    ""))), LR17_SNP1 = structure(c(3L, 418L, 7725L, 197L, 8L, 
    0L, 0L, 1L, 0L, 0L, 0L, 0L, 1L, 0L, 0L, 1L, 15L, 425L, 6L, 
    0L), dim = 5:4, dimnames = structure(list(c("-2", "-1", "0", 
    "1", "2"), c("A", "G", "T", NA)), names = c("", ""))), LR20_SNP1 = structure(c(0L, 
    0L, 1L, 0L, 0L, 4L, 3148L, 5L, 0L, 0L, 1L, 0L, 1L, 5L, 3021L, 
    7L, 0L, 0L, 1L, 0L, 0L, 0L, 51L, 1L), dim = c(4L, 6L), dimnames = structure(list(
        c("-2", "-1", "0", "1"), c("-", "A", "C", "G", "T", NA
        )), names = c("", ""))), LR24_SNP1 = structure(c(0L, 
    0L, 1L, 0L, 0L, 2L, 113L, 8395L, 18L, 1L, 0L, 0L, 2L, 0L, 
    0L, 0L, 43L, 7684L, 7L, 0L, 0L, 0L, 1L, 0L, 0L, 0L, 0L, 132L, 
    1L, 0L), dim = 5:6, dimnames = structure(list(c("-2", "-1", 
    "0", "1", "2"), c("-", "A", "C", "G", "T", NA)), names = c("", 
    ""))), LR36_SNP1 = structure(c(0L, 0L, 2L, 69L, 0L, 0L, 0L, 
    0L, 0L, 6L, 0L, 0L, 0L, 0L, 0L, 3L, 0L, 0L, 3L, 32L, 426L, 
    12083L, 154L, 2L, 0L, 1L, 21L, 713L, 16L, 0L), dim = 6:5, dimnames = structure(list(
        c("-3", "-2", "-1", "0", "1", "2"), c("A", "C", "G", 
        "T", NA)), names = c("", ""))), LR40_SNP1 = structure(c(50L, 
    4891L, 20L, 0L, 1L, 0L, 0L, 32L, 0L), dim = c(3L, 3L), dimnames = structure(list(
        c("-1", "0", "1"), c("C", "T", NA)), names = c("", ""
    ))), LR44_SNP1 = structure(c(0L, 0L, 1L, 126L, 1498L, 13L, 
    0L, 1L, 0L, 0L, 0L, 0L, 16L, 0L, 0L, 0L, 1L, 2L, 23L, 205L, 
    1673L, 29L, 2L, 0L, 0L, 0L, 0L, 2L, 74L, 0L, 0L, 0L), dim = c(8L, 
    4L), dimnames = structure(list(c("-4", "-3", "-2", "-1", 
    "0", "1", "2", "3"), c("C", "G", "T", NA)), names = c("", 
    ""))), LR46_SNP1 = structure(c(0L, 1L, 0L, 21L, 5116L, 16L, 
    0L, 13L, 0L, 1L, 55L, 0L), dim = 3:4, dimnames = structure(list(
        c("-1", "0", "1"), c("A", "G", "T", NA)), names = c("", 
    ""))), LR48_SNP1 = structure(c(9L, 224L, 4215L, 82L, 1L, 
    0L, 0L, 4L, 0L, 0L, 1L, 5L, 115L, 2L, 0L), dim = c(5L, 3L
    ), dimnames = structure(list(c("-2", "-1", "0", "1", "2"), 
        c("C", "T", NA)), names = c("", ""))), LR49_SNP1 = structure(c(80L, 
    3530L, 3L, 10L, 3411L, 2L, 0L, 2L, 0L, 2L, 91L, 0L), dim = 3:4, dimnames = structure(list(
        c("-1", "0", "1"), c("A", "G", "T", NA)), names = c("", 
    ""))), LR52_SNP1 = structure(c(0L, 17L, 225L, 1663L, 19L, 
    2L, 14L, 188L, 1548L, 31L, 0L, 0L, 26L, 420L, 7L), dim = c(5L, 
    3L), dimnames = structure(list(c("-3", "-2", "-1", "0", "1"
    ), c("C", "T", NA)), names = c("", ""))))
