Result <-
list(DEPDC2_SNP1 = structure(c(0L, 0L, 1L, 0L, 0L, 4L, 288L, 
1L, 1L, 120L, 12337L, 62L, 0L, 0L, 190L, 0L), dim = c(4L, 4L), dimnames = structure(list(
    c("-2", "-1", "0", "1"), c("A", "C", "T", NA)), names = c("", 
""))), GM01_SNP1 = structure(c(2L, 104L, 5339L, 12L, 2L, 42L, 
3724L, 37L, 0L, 2L, 115L, 2L), dim = 4:3, dimnames = structure(list(
    c("-2", "-1", "0", "1"), c("A", "G", NA)), names = c("", 
""))), GM07_SNP1 = structure(c(0L, 0L, 4L, 0L, 0L, 35L, 877L, 
2350L, 47L, 3L, 0L, 126L, 95L, 2L, 0L, 0L, 5L, 28L, 0L, 0L), dim = 5:4, dimnames = structure(list(
    c("-2", "-1", "0", "1", "2"), c("-", "A", "G", NA)), names = c("", 
""))), GM09_SNP1 = structure(c(35L, 6508L, 11L, 25L, 4712L, 8L, 
0L, 1L, 0L, 1L, 103L, 1L), dim = 3:4, dimnames = structure(list(
    c("-1", "0", "1"), c("A", "G", "T", NA)), names = c("", ""
))), GM11_SNP1 = structure(c(338L, 537L, 1L, 10L, 1470L, 6L, 
3L, 17L, 0L), dim = c(3L, 3L), dimnames = structure(list(c("-1", 
"0", "1"), c("A", "G", NA)), names = c("", ""))), GM14_SNP1 = structure(c(0L, 
0L, 0L, 1L, 0L, 0L, 2L, 30L, 550L, 6097L, 183L, 1L, 0L, 2L, 185L, 
52L, 0L, 0L, 0L, 0L, 1L, 67L, 1L, 0L), dim = c(6L, 4L), dimnames = structure(list(
    c("-3", "-2", "-1", "0", "1", "2"), c("A", "C", "T", NA)), names = c("", 
""))), GM17_SNP1 = structure(c(0L, 0L, 0L, 1L, 0L, 1L, 2L, 122L, 
5273L, 11L, 0L, 0L, 1L, 79L, 0L, 0L, 0L, 1L, 55L, 0L), dim = 5:4, dimnames = structure(list(
    c("-3", "-2", "-1", "0", "1"), c("A", "C", "T", NA)), names = c("", 
""))), GM22_SNP1 = structure(c(4L, 85L, 5535L, 27L, 0L, 0L, 13L, 
0L, 0L, 0L, 2L, 0L, 0L, 1L, 99L, 0L), dim = c(4L, 4L), dimnames = structure(list(
    c("-2", "-1", "0", "1"), c("A", "G", "T", NA)), names = c("", 
""))), GM26_SNP1 = structure(c(21L, 3271L, 11L, 1L, 0L, 8L, 0L, 
0L, 1L, 60L, 0L, 0L), dim = 4:3, dimnames = structure(list(c("-1", 
"0", "1", "2"), c("A", "G", NA)), names = c("", ""))), GM29_SNP1 = structure(c(47L, 
2687L, 8L, 12L, 1013L, 0L, 0L, 52L, 0L), dim = c(3L, 3L), dimnames = structure(list(
    c("-1", "0", "1"), c("A", "G", NA)), names = c("", ""))), 
    IM16_SNP1 = structure(c(0L, 12L, 1782L, 27L, 2L, 326L, 634L, 
    5L, 0L, 0L, 1L, 0L, 0L, 0L, 33L, 2L), dim = c(4L, 4L), dimnames = structure(list(
        c("-2", "-1", "0", "1"), c("A", "G", "T", NA)), names = c("", 
    ""))), IM49_SNP1 = structure(c(0L, 1L, 0L, 0L, 0L, 0L, 56L, 
    1036L, 3264L, 73L, 1L, 0L, 11L, 1014L, 2229L, 43L, 0L, 1L, 
    0L, 0L, 1L, 0L, 0L, 0L, 1L, 30L, 181L, 4L, 0L, 0L), dim = 6:5, dimnames = structure(list(
        c("-2", "-1", "0", "1", "2", "3"), c("A", "C", "G", "T", 
        NA)), names = c("", ""))), LR10_SNP1 = structure(c(0L, 
    0L, 1L, 0L, 0L, 9L, 502L, 3L, 1L, 94L, 6751L, 18L, 0L, 3L, 
    61L, 4L), dim = c(4L, 4L), dimnames = structure(list(c("-2", 
    "-1", "0", "1"), c("A", "C", "T", NA)), names = c("", ""))), 
    LR11_SNP1 = structure(c(1L, 143L, 178L, 1L, 11L, 476L, 4037L, 
    42L, 0L, 10L, 125L, 2L), dim = 4:3, dimnames = structure(list(
        c("-2", "-1", "0", "1"), c("A", "C", NA)), names = c("", 
    ""))), LR17_SNP1 = structure(c(12L, 371L, 4113L, 42L, 0L, 
    0L, 1L, 0L, 0L, 0L, 1L, 0L, 0L, 13L, 276L, 2L), dim = c(4L, 
    4L), dimnames = structure(list(c("-2", "-1", "0", "1"), c("A", 
    "G", "T", NA)), names = c("", ""))), LR20_SNP1 = structure(c(145L, 
    1790L, 1L, 2L, 1835L, 5L, 0L, 25L, 0L), dim = c(3L, 3L), dimnames = structure(list(
        c("-1", "0", "1"), c("A", "G", NA)), names = c("", ""
    ))), LR24_SNP1 = structure(c(0L, 0L, 2L, 0L, 0L, 1L, 190L, 
    0L, 0L, 0L, 2L, 0L, 1L, 387L, 11645L, 47L, 0L, 3L, 90L, 1L
    ), dim = 4:5, dimnames = structure(list(c("-2", "-1", "0", 
    "1"), c("-", "A", "C", "G", NA)), names = c("", ""))), LR36_SNP1 = structure(c(0L, 
    0L, 0L, 1L, 0L, 0L, 0L, 0L, 0L, 65L, 1L, 0L, 0L, 0L, 0L, 
    2L, 0L, 0L, 0L, 0L, 0L, 2L, 0L, 0L, 5L, 147L, 125L, 6735L, 
    61L, 1L, 0L, 2L, 8L, 444L, 5L, 0L), dim = c(6L, 6L), dimnames = structure(list(
        c("-3", "-2", "-1", "0", "1", "2"), c("-", "A", "C", 
        "G", "T", NA)), names = c("", ""))), LR40_SNP1 = structure(c(0L, 
    3L, 156L, 0L, 2L, 23L, 3002L, 8L, 0L, 0L, 24L, 0L), dim = 4:3, dimnames = structure(list(
        c("-2", "-1", "0", "1"), c("A", "C", NA)), names = c("", 
    ""))), LR44_SNP1 = structure(c(0L, 0L, 0L, 6L, 1L, 5L, 114L, 
    1L, 0L, 5L, 200L, 3109L, 120L, 2L, 0L, 0L, 2L, 11L, 768L, 
    2879L, 65L, 1L, 0L, 0L, 0L, 1L, 17L, 168L, 3L, 0L, 5L, 0L
    ), dim = c(8L, 4L), dimnames = structure(list(c("-3", "-2", 
    "-1", "0", "1", "2", "3", "5"), c("A", "C", "T", NA)), names = c("", 
    ""))), LR46_SNP1 = structure(c(6L, 2235L, 5L, 8L, 2225L, 
    3L, 0L, 44L, 0L), dim = c(3L, 3L), dimnames = structure(list(
        c("-1", "0", "1"), c("G", "T", NA)), names = c("", ""
    ))), LR48_SNP1 = structure(c(0L, 0L, 2L, 0L, 0L, 8L, 389L, 
    1987L, 191L, 3L, 10L, 423L, 1843L, 23L, 0L, 0L, 3L, 125L, 
    1L, 0L), dim = 5:4, dimnames = structure(list(c("-2", "-1", 
    "0", "1", "2"), c("A", "C", "T", NA)), names = c("", ""))), 
    LR49_SNP1 = structure(c(1L, 2257L, 0L, 96L, 3296L, 1L, 2L, 
    70L, 0L), dim = c(3L, 3L), dimnames = structure(list(c("-1", 
    "0", "1"), c("A", "G", NA)), names = c("", ""))), LR52_SNP1 = structure(c(0L, 
    0L, 0L, 2L, 0L, 8L, 267L, 1064L, 3337L, 41L, 0L, 4L, 5L, 
    48L, 0L, 0L, 4L, 67L, 759L, 15L), dim = 5:4, dimnames = structure(list(
        c("-3", "-2", "-1", "0", "1"), c("A", "C", "T", NA)), names = c("", 
    ""))))
