Result <-
list(DEPDC2_SNP1 = structure(c(0L, 0L, 0L, 3L, 0L, 1L, 1L, 168L, 
13282L, 76L, 0L, 0L, 0L, 68L, 0L, 0L, 0L, 4L, 370L, 0L), dim = 5:4, dimnames = structure(list(
    c("-4", "-2", "-1", "0", "1"), c("A", "C", "T", NA)), names = c("", 
""))), GM01_SNP1 = structure(c(0L, 0L, 1L, 0L, 2L, 143L, 8946L, 
50L, 0L, 0L, 31L, 0L, 0L, 1L, 97L, 1L), dim = c(4L, 4L), dimnames = structure(list(
    c("-2", "-1", "0", "1"), c("-", "A", "G", NA)), names = c("", 
""))), GM07_SNP1 = structure(c(0L, 0L, 0L, 1L, 0L, 0L, 1L, 7L, 
790L, 9656L, 448L, 13L, 0L, 2L, 1L, 17L, 0L, 0L, 0L, 0L, 0L, 
1L, 0L, 0L, 0L, 0L, 3L, 105L, 4L, 0L), dim = 6:5, dimnames = structure(list(
    c("-3", "-2", "-1", "0", "1", "2"), c("-", "A", "G", "T", 
    NA)), names = c("", ""))), GM09_SNP1 = structure(c(0L, 0L, 
1L, 0L, 4L, 143L, 22235L, 46L, 0L, 0L, 1L, 0L, 0L, 2L, 64L, 0L, 
0L, 2L, 195L, 0L), dim = 4:5, dimnames = structure(list(c("-2", 
"-1", "0", "1"), c("-", "A", "C", "G", NA)), names = c("", ""
))), GM11_SNP1 = structure(c(38L, 1861L, 8L, 24L, 1998L, 13L, 
0L, 25L, 0L), dim = c(3L, 3L), dimnames = structure(list(c("-1", 
"0", "1"), c("A", "G", NA)), names = c("", ""))), GM14_SNP1 = structure(c(0L, 
0L, 0L, 1L, 0L, 0L, 1L, 3L, 49L, 0L, 1L, 7L, 296L, 9643L, 92L, 
0L, 0L, 1L, 159L, 2L), dim = 5:4, dimnames = structure(list(c("-3", 
"-2", "-1", "0", "1"), c("A", "C", "T", NA)), names = c("", ""
))), GM17_SNP1 = structure(c(0L, 0L, 1L, 32L, 0L, 1L, 1L, 365L, 
16395L, 67L, 0L, 0L, 5L, 153L, 2L), dim = c(5L, 3L), dimnames = structure(list(
    c("-3", "-2", "-1", "0", "1"), c("C", "T", NA)), names = c("", 
""))), GM22_SNP1 = structure(c(2L, 188L, 9071L, 48L, 0L, 0L, 
8L, 0L, 0L, 0L, 1L, 0L, 0L, 2L, 146L, 1L), dim = c(4L, 4L), dimnames = structure(list(
    c("-2", "-1", "0", "1"), c("A", "G", "T", NA)), names = c("", 
""))), GM26_SNP1 = structure(c(1L, 60L, 6978L, 27L, 0L, 0L, 10L, 
0L, 0L, 3L, 101L, 0L), dim = 4:3, dimnames = structure(list(c("-2", 
"-1", "0", "1"), c("A", "G", NA)), names = c("", ""))), GM29_SNP1 = structure(c(2L, 
4L, 244L, 11010L, 31L, 1L, 0L, 0L, 0L, 10L, 0L, 0L, 0L, 0L, 0L, 
1L, 0L, 0L, 0L, 0L, 5L, 155L, 0L, 0L), dim = c(6L, 4L), dimnames = structure(list(
    c("-3", "-2", "-1", "0", "1", "2"), c("A", "G", "T", NA)), names = c("", 
""))), IM16_SNP1 = structure(c(1L, 93L, 5190L, 103L, 0L, 0L, 
9L, 0L, 0L, 0L, 2L, 0L, 0L, 2L, 64L, 3L), dim = c(4L, 4L), dimnames = structure(list(
    c("-2", "-1", "0", "1"), c("A", "G", "T", NA)), names = c("", 
""))), IM49_SNP1 = structure(c(0L, 0L, 1L, 0L, 0L, 0L, 0L, 1L, 
0L, 0L, 0L, 1L, 49L, 0L, 0L, 24L, 814L, 16402L, 527L, 10L, 0L, 
0L, 1L, 0L, 0L, 0L, 20L, 726L, 34L, 1L), dim = 5:6, dimnames = structure(list(
    c("-2", "-1", "0", "1", "2"), c("-", "A", "C", "G", "T", 
    NA)), names = c("", ""))), LR10_SNP1 = structure(c(1L, 161L, 
6151L, 56L, 0L, 3L, 33L, 0L, 0L, 3L, 79L, 1L), dim = 4:3, dimnames = structure(list(
    c("-2", "-1", "0", "1"), c("C", "T", NA)), names = c("", 
""))), LR11_SNP1 = structure(c(1L, 180L, 3553L, 34L, 1L, 4L, 
126L, 2962L, 38L, 1L, 0L, 6L, 112L, 0L, 0L), dim = c(5L, 3L), dimnames = structure(list(
    c("-2", "-1", "0", "1", "2"), c("A", "C", NA)), names = c("", 
""))), LR17_SNP1 = structure(c(9L, 459L, 8671L, 192L, 5L, 0L, 
0L, 4L, 0L, 0L, 1L, 21L, 578L, 6L, 0L), dim = c(5L, 3L), dimnames = structure(list(
    c("-2", "-1", "0", "1", "2"), c("A", "G", NA)), names = c("", 
""))), LR20_SNP1 = structure(c(8L, 1915L, 4L, 4L, 1987L, 8L, 
0L, 1L, 0L, 0L, 27L, 0L), dim = 3:4, dimnames = structure(list(
    c("-1", "0", "1"), c("A", "G", "T", NA)), names = c("", ""
))), LR24_SNP1 = structure(c(2L, 36L, 7432L, 22L, 0L, 57L, 7410L, 
21L, 0L, 0L, 3L, 0L, 0L, 0L, 131L, 0L), dim = c(4L, 4L), dimnames = structure(list(
    c("-2", "-1", "0", "1"), c("A", "G", "T", NA)), names = c("", 
""))), LR36_SNP1 = structure(c(0L, 0L, 0L, 0L, 3L, 0L, 0L, 1L, 
3L, 21L, 350L, 12924L, 211L, 1L, 0L, 0L, 0L, 0L, 1L, 0L, 0L, 
0L, 0L, 0L, 1L, 30L, 0L, 0L, 0L, 0L, 0L, 6L, 333L, 4L, 0L), dim = c(7L, 
5L), dimnames = structure(list(c("-5", "-3", "-2", "-1", "0", 
"1", "2"), c("-", "A", "G", "T", NA)), names = c("", ""))), LR40_SNP1 = structure(c(0L, 
0L, 4L, 0L, 1L, 108L, 4249L, 21L, 0L, 0L, 1L, 0L, 0L, 1L, 34L, 
1L), dim = c(4L, 4L), dimnames = structure(list(c("-2", "-1", 
"0", "1"), c("A", "C", "G", NA)), names = c("", ""))), LR44_SNP1 = structure(c(4L, 
130L, 1263L, 23L, 0L, 4L, 8L, 0L, 7L, 191L, 1506L, 40L, 0L, 2L, 
66L, 1L), dim = c(4L, 4L), dimnames = structure(list(c("-2", 
"-1", "0", "1"), c("C", "G", "T", NA)), names = c("", ""))), 
    LR46_SNP1 = structure(c(0L, 1L, 0L, 26L, 4096L, 16L, 28L, 
    3634L, 18L, 1L, 62L, 0L), dim = 3:4, dimnames = structure(list(
        c("-1", "0", "1"), c("A", "G", "T", NA)), names = c("", 
    ""))), LR48_SNP1 = structure(c(0L, 8L, 145L, 3086L, 73L, 
    5L, 2L, 4L, 129L, 2629L, 47L, 2L, 0L, 0L, 3L, 178L, 2L, 1L
    ), dim = c(6L, 3L), dimnames = structure(list(c("-3", "-2", 
    "-1", "0", "1", "2"), c("C", "T", NA)), names = c("", ""))), 
    LR49_SNP1 = structure(c(0L, 36L, 0L, 35L, 9822L, 2L, 1L, 
    55L, 0L), dim = c(3L, 3L), dimnames = structure(list(c("-1", 
    "0", "1"), c("A", "G", NA)), names = c("", ""))), LR52_SNP1 = structure(c(0L, 
    0L, 0L, 0L, 1L, 0L, 1L, 7L, 94L, 707L, 4123L, 52L, 0L, 0L, 
    1L, 5L, 12L, 0L, 0L, 0L, 4L, 49L, 941L, 12L), dim = c(6L, 
    4L), dimnames = structure(list(c("-4", "-3", "-2", "-1", 
    "0", "1"), c("A", "C", "T", NA)), names = c("", ""))))
