Result <-
list(DEPDC2_SNP1 = structure(c(0L, 0L, 1L, 0L, 0L, 0L, 15L, 0L, 
0L, 0L, 0L, 1L, 1L, 129L, 17775L, 52L, 0L, 2L, 189L, 0L), dim = 4:5, dimnames = structure(list(
    c("-2", "-1", "0", "1"), c("A", "C", "G", "T", NA)), names = c("", 
""))), GM01_SNP1 = structure(c(0L, 1L, 0L, 0L, 162L, 10420L, 
41L, 1L, 0L, 2L, 0L, 0L, 5L, 218L, 2L, 0L), dim = c(4L, 4L), dimnames = structure(list(
    c("-1", "0", "1", "2"), c("-", "A", "G", NA)), names = c("", 
""))), GM07_SNP1 = structure(c(0L, 0L, 3L, 0L, 0L, 3L, 217L, 
2981L, 154L, 2L, 2L, 162L, 2848L, 94L, 2L, 0L, 0L, 2L, 0L, 0L, 
0L, 7L, 123L, 3L, 0L), dim = c(5L, 5L), dimnames = structure(list(
    c("-2", "-1", "0", "1", "2"), c("-", "A", "G", "T", NA)), names = c("", 
""))), GM09_SNP1 = structure(c(0L, 0L, 18L, 0L, 0L, 0L, 1L, 0L, 
2L, 83L, 16760L, 23L, 0L, 0L, 1L, 0L, 0L, 1L, 160L, 0L), dim = 4:5, dimnames = structure(list(
    c("-2", "-1", "0", "1"), c("A", "C", "G", "T", NA)), names = c("", 
""))), GM11_SNP1 = structure(c(0L, 0L, 6L, 0L, 0L, 2L, 43L, 5632L, 
18L, 1L, 0L, 0L, 83L, 1L, 0L), dim = c(5L, 3L), dimnames = structure(list(
    c("-2", "-1", "0", "1", "2"), c("A", "G", NA)), names = c("", 
""))), GM14_SNP1 = structure(c(0L, 0L, 0L, 1L, 0L, 0L, 1L, 6L, 
172L, 5843L, 124L, 1L, 0L, 2L, 120L, 5278L, 32L, 0L, 0L, 0L, 
0L, 185L, 3L, 0L), dim = c(6L, 4L), dimnames = structure(list(
    c("-3", "-2", "-1", "0", "1", "2"), c("-", "C", "T", NA)), names = c("", 
""))), GM17_SNP1 = structure(c(0L, 0L, 0L, 2L, 0L, 1L, 1L, 52L, 
5124L, 17L, 0L, 1L, 58L, 4454L, 11L, 0L, 0L, 1L, 83L, 0L), dim = 5:4, dimnames = structure(list(
    c("-3", "-2", "-1", "0", "1"), c("A", "C", "T", NA)), names = c("", 
""))), GM22_SNP1 = structure(c(1L, 68L, 4988L, 17L, 0L, 73L, 
4312L, 25L, 0L, 4L, 208L, 3L), dim = 4:3, dimnames = structure(list(
    c("-2", "-1", "0", "1"), c("A", "G", NA)), names = c("", 
""))), GM26_SNP1 = structure(c(1L, 39L, 6341L, 22L, 0L, 0L, 5L, 
0L, 0L, 1L, 62L, 0L), dim = 4:3, dimnames = structure(list(c("-2", 
"-1", "0", "1"), c("A", "G", NA)), names = c("", ""))), GM29_SNP1 = structure(c(1L, 
88L, 5619L, 17L, 0L, 0L, 2L, 0L, 0L, 0L, 45L, 1L), dim = 4:3, dimnames = structure(list(
    c("-2", "-1", "0", "1"), c("A", "G", NA)), names = c("", 
""))), IM16_SNP1 = structure(c(0L, 0L, 1L, 0L, 0L, 0L, 0L, 1L, 
0L, 0L, 2L, 55L, 6247L, 109L, 3L, 0L, 0L, 1L, 0L, 0L, 0L, 0L, 
102L, 9L, 1L), dim = c(5L, 5L), dimnames = structure(list(c("-2", 
"-1", "0", "1", "2"), c("A", "C", "G", "T", NA)), names = c("", 
""))), IM49_SNP1 = structure(c(0L, 1L, 0L, 0L, 0L, 5L, 128L, 
4228L, 98L, 4L, 3L, 77L, 2614L, 63L, 2L, 0L, 3L, 272L, 11L, 0L
), dim = 5:4, dimnames = structure(list(c("-2", "-1", "0", "1", 
"2"), c("A", "C", "G", NA)), names = c("", ""))), LR10_SNP1 = structure(c(71L, 
4042L, 30L, 0L, 1L, 0L, 53L, 3646L, 10L, 0L, 98L, 2L), dim = 3:4, dimnames = structure(list(
    c("-1", "0", "1"), c("C", "G", "T", NA)), names = c("", ""
))), LR11_SNP1 = structure(c(8L, 330L, 11992L, 97L, 2L, 0L, 0L, 
5L, 1L, 0L, 0L, 0L, 2L, 0L, 0L, 0L, 0L, 1L, 0L, 0L, 0L, 5L, 127L, 
2L, 0L), dim = c(5L, 5L), dimnames = structure(list(c("-2", "-1", 
"0", "1", "2"), c("A", "C", "G", "T", NA)), names = c("", ""))), 
    LR17_SNP1 = structure(c(7L, 301L, 5567L, 84L, 1L, 0L, 1L, 
    5L, 0L, 0L, 0L, 16L, 505L, 1L, 0L), dim = c(5L, 3L), dimnames = structure(list(
        c("-2", "-1", "0", "1", "2"), c("A", "G", NA)), names = c("", 
    ""))), LR20_SNP1 = structure(c(0L, 5L, 0L, 0L, 0L, 1L, 0L, 
    0L, 5L, 6229L, 11L, 1L, 2L, 67L, 0L, 0L), dim = c(4L, 4L), dimnames = structure(list(
        c("-1", "0", "1", "2"), c("A", "C", "G", NA)), names = c("", 
    ""))), LR24_SNP1 = structure(c(2L, 89L, 19165L, 52L, 0L, 
    0L, 12L, 0L, 0L, 0L, 1L, 0L, 0L, 1L, 188L, 0L), dim = c(4L, 
    4L), dimnames = structure(list(c("-2", "-1", "0", "1"), c("A", 
    "G", "T", NA)), names = c("", ""))), LR36_SNP1 = structure(c(0L, 
    0L, 0L, 0L, 1L, 0L, 0L, 0L, 0L, 1L, 0L, 9L, 65L, 4237L, 44L, 
    2L, 0L, 0L, 0L, 0L, 0L, 0L, 1L, 0L, 0L, 0L, 0L, 0L, 1L, 14L, 
    119L, 5122L, 48L, 0L, 2L, 1L, 0L, 0L, 1L, 7L, 442L, 4L, 0L, 
    0L, 0L), dim = c(9L, 5L), dimnames = structure(list(c("-4", 
    "-3", "-2", "-1", "0", "1", "2", "4", "5"), c("-", "A", "N", 
    "T", NA)), names = c("", ""))), LR40_SNP1 = structure(c(1L, 
    34L, 2900L, 6L, 0L, 11L, 1407L, 6L, 0L, 0L, 1L, 0L, 0L, 1L, 
    26L, 0L), dim = c(4L, 4L), dimnames = structure(list(c("-2", 
    "-1", "0", "1"), c("A", "C", "T", NA)), names = c("", ""))), 
    LR44_SNP1 = structure(c(0L, 0L, 0L, 1L, 0L, 0L, 0L, 16L, 
    316L, 3418L, 39L, 2L, 0L, 0L, 0L, 2L, 0L, 0L, 1L, 15L, 391L, 
    4198L, 85L, 3L, 0L, 1L, 9L, 213L, 3L, 0L), dim = 6:5, dimnames = structure(list(
        c("-3", "-2", "-1", "0", "1", "2"), c("A", "C", "N", 
        "T", NA)), names = c("", ""))), LR46_SNP1 = structure(c(1L, 
    131L, 4686L, 9L, 0L, 0L, 4L, 0L, 0L, 1L, 46L, 0L), dim = 4:3, dimnames = structure(list(
        c("-2", "-1", "0", "1"), c("G", "T", NA)), names = c("", 
    ""))), LR48_SNP1 = structure(c(0L, 0L, 0L, 0L, 1L, 0L, 1L, 
    6L, 220L, 6347L, 88L, 2L, 0L, 0L, 0L, 4L, 0L, 0L, 0L, 0L, 
    5L, 201L, 3L, 0L), dim = c(6L, 4L), dimnames = structure(list(
        c("-3", "-2", "-1", "0", "1", "2"), c("A", "C", "T", 
        NA)), names = c("", ""))), LR49_SNP1 = structure(c(15L, 
    3784L, 0L, 7L, 3926L, 1L, 0L, 3L, 0L, 1L, 109L, 0L), dim = 3:4, dimnames = structure(list(
        c("-1", "0", "1"), c("A", "G", "T", NA)), names = c("", 
    ""))), LR52_SNP1 = structure(c(0L, 0L, 0L, 1L, 0L, 0L, 0L, 
    0L, 0L, 2L, 0L, 0L, 1L, 19L, 243L, 1961L, 18L, 0L, 1L, 13L, 
    206L, 2417L, 21L, 1L, 0L, 2L, 51L, 1105L, 7L, 0L), dim = 6:5, dimnames = structure(list(
        c("-3", "-2", "-1", "0", "1", "2"), c("-", "A", "C", 
        "T", NA)), names = c("", ""))))
