Result <-
list(DEPDC2_SNP1 = structure(c(0L, 3L, 0L, 59L, 7751L, 26L, 0L, 
2L, 0L, 65L, 7719L, 25L, 1L, 283L, 0L), dim = c(3L, 5L), dimnames = structure(list(
    c("-1", "0", "1"), c("A", "C", "G", "T", NA)), names = c("", 
""))), GM01_SNP1 = structure(c(2L, 126L, 9854L, 48L, 0L, 0L, 
1L, 0L, 0L, 1L, 6L, 0L, 0L, 3L, 133L, 2L), dim = c(4L, 4L), dimnames = structure(list(
    c("-2", "-1", "0", "1"), c("A", "C", "G", NA)), names = c("", 
""))), GM07_SNP1 = structure(c(0L, 0L, 2L, 0L, 0L, 1L, 220L, 
4567L, 148L, 1L, 3L, 96L, 2201L, 53L, 2L, 0L, 0L, 2L, 0L, 0L, 
0L, 0L, 2L, 0L, 0L, 1L, 3L, 137L, 1L, 0L), dim = 5:6, dimnames = structure(list(
    c("-2", "-1", "0", "1", "2"), c("-", "A", "G", "N", "T", 
    NA)), names = c("", ""))), GM09_SNP1 = structure(c(41L, 9837L, 
11L, 53L, 9112L, 13L, 0L, 2L, 0L, 1L, 179L, 1L), dim = 3:4, dimnames = structure(list(
    c("-1", "0", "1"), c("A", "G", "T", NA)), names = c("", ""
))), GM11_SNP1 = structure(c(1L, 6L, 1218L, 0L, 0L, 1L, 12L, 
1987L, 31L, 1L, 0L, 0L, 42L, 1L, 0L), dim = c(5L, 3L), dimnames = structure(list(
    c("-2", "-1", "0", "1", "2"), c("A", "G", NA)), names = c("", 
""))), GM14_SNP1 = structure(c(10L, 420L, 10512L, 134L, 2L, 0L, 
3L, 139L, 1L, 0L, 0L, 0L, 143L, 6L, 0L), dim = c(5L, 3L), dimnames = structure(list(
    c("-2", "-1", "0", "1", "2"), c("C", "T", NA)), names = c("", 
""))), GM17_SNP1 = structure(c(0L, 0L, 0L, 1L, 0L, 1L, 1L, 140L, 
8771L, 29L, 0L, 0L, 0L, 3L, 0L, 0L, 0L, 0L, 83L, 1L), dim = 5:4, dimnames = structure(list(
    c("-3", "-2", "-1", "0", "1"), c("A", "C", "T", NA)), names = c("", 
""))), GM22_SNP1 = structure(c(7L, 99L, 8671L, 50L, 0L, 0L, 7L, 
0L, 0L, 3L, 110L, 3L), dim = 4:3, dimnames = structure(list(c("-2", 
"-1", "0", "1"), c("A", "G", NA)), names = c("", ""))), GM26_SNP1 = structure(c(1L, 
1L, 27L, 3562L, 15L, 1L, 0L, 1L, 13L, 2001L, 6L, 0L, 0L, 0L, 
2L, 66L, 1L, 0L), dim = c(6L, 3L), dimnames = structure(list(
    c("-3", "-2", "-1", "0", "1", "2"), c("A", "G", NA)), names = c("", 
""))), GM29_SNP1 = structure(c(0L, 25L, 2031L, 8L, 0L, 1L, 14L, 
2046L, 3L, 1L, 0L, 0L, 45L, 0L, 0L), dim = c(5L, 3L), dimnames = structure(list(
    c("-2", "-1", "0", "1", "2"), c("A", "G", NA)), names = c("", 
""))), IM16_SNP1 = structure(c(28L, 3624L, 59L, 3L, 28L, 3604L, 
80L, 0L, 0L, 1L, 0L, 0L, 1L, 119L, 8L, 2L), dim = c(4L, 4L), dimnames = structure(list(
    c("-1", "0", "1", "2"), c("A", "G", "T", NA)), names = c("", 
""))), IM49_SNP1 = structure(c(12L, 379L, 8775L, 171L, 2L, 1L, 
1L, 2L, 0L, 0L, 0L, 1L, 0L, 0L, 0L, 0L, 6L, 252L, 1L, 1L), dim = 5:4, dimnames = structure(list(
    c("-2", "-1", "0", "1", "2"), c("C", "G", "T", NA)), names = c("", 
""))), LR10_SNP1 = structure(c(0L, 1L, 0L, 189L, 3641L, 22L, 
76L, 3751L, 17L, 5L, 106L, 3L), dim = 3:4, dimnames = structure(list(
    c("-1", "0", "1"), c("A", "C", "T", NA)), names = c("", ""
))), LR11_SNP1 = structure(c(6L, 160L, 4984L, 25L, 1L, 4L, 50L, 
2116L, 13L, 0L, 0L, 0L, 1L, 0L, 0L, 0L, 6L, 164L, 0L, 0L), dim = 5:4, dimnames = structure(list(
    c("-2", "-1", "0", "1", "2"), c("A", "C", "G", NA)), names = c("", 
""))), LR17_SNP1 = structure(c(1L, 7L, 279L, 8082L, 136L, 2L, 
0L, 0L, 0L, 1L, 0L, 0L, 0L, 0L, 20L, 735L, 6L, 0L), dim = c(6L, 
3L), dimnames = structure(list(c("-3", "-2", "-1", "0", "1", 
"2"), c("A", "G", NA)), names = c("", ""))), LR20_SNP1 = structure(c(0L, 
0L, 2L, 0L, 1L, 11L, 3903L, 3L, 0L, 2L, 2956L, 7L, 0L, 0L, 1L, 
0L, 0L, 0L, 37L, 1L), dim = 4:5, dimnames = structure(list(c("-2", 
"-1", "0", "1"), c("-", "A", "G", "T", NA)), names = c("", ""
))), LR24_SNP1 = structure(c(1L, 106L, 20625L, 49L, 0L, 0L, 1L, 
0L, 0L, 0L, 17L, 0L, 0L, 0L, 1L, 0L, 0L, 1L, 190L, 1L), dim = 4:5, dimnames = structure(list(
    c("-2", "-1", "0", "1"), c("A", "C", "G", "N", NA)), names = c("", 
""))), LR36_SNP1 = structure(c(0L, 0L, 0L, 2L, 0L, 0L, 1L, 17L, 
167L, 10073L, 98L, 3L, 0L, 0L, 0L, 2L, 0L, 0L, 0L, 0L, 0L, 1L, 
0L, 0L, 0L, 0L, 1L, 16L, 0L, 0L, 0L, 0L, 5L, 195L, 2L, 0L), dim = c(6L, 
6L), dimnames = structure(list(c("-3", "-2", "-1", "0", "1", 
"2"), c("-", "A", "G", "N", "T", NA)), names = c("", ""))), LR40_SNP1 = structure(c(0L, 
3L, 0L, 44L, 4496L, 19L, 0L, 1L, 0L, 0L, 32L, 1L), dim = 3:4, dimnames = structure(list(
    c("-1", "0", "1"), c("A", "C", "G", NA)), names = c("", ""
))), LR44_SNP1 = structure(c(0L, 0L, 0L, 2L, 0L, 0L, 1L, 7L, 
271L, 3948L, 129L, 2L, 0L, 0L, 1L, 2L, 0L, 0L, 0L, 6L, 273L, 
3485L, 50L, 0L, 0L, 1L, 6L, 200L, 10L, 0L), dim = 6:5, dimnames = structure(list(
    c("-3", "-2", "-1", "0", "1", "2"), c("A", "C", "N", "T", 
    NA)), names = c("", ""))), LR46_SNP1 = structure(c(0L, 1L, 
0L, 0L, 1L, 0L, 16L, 2507L, 4L, 3L, 1883L, 8L, 1L, 46L, 0L), dim = c(3L, 
5L), dimnames = structure(list(c("-1", "0", "1"), c("A", "C", 
"G", "T", NA)), names = c("", ""))), LR48_SNP1 = structure(c(0L, 
0L, 0L, 1L, 0L, 0L, 1L, 5L, 130L, 5403L, 106L, 4L, 0L, 0L, 0L, 
273L, 0L, 0L, 0L, 0L, 2L, 153L, 3L, 0L), dim = c(6L, 4L), dimnames = structure(list(
    c("-3", "-2", "-1", "0", "1", "2"), c("-", "C", "T", NA)), names = c("", 
""))), LR49_SNP1 = structure(c(0L, 14L, 0L, 16L, 6856L, 3L, 1L, 
55L, 0L), dim = c(3L, 3L), dimnames = structure(list(c("-1", 
"0", "1"), c("A", "G", NA)), names = c("", ""))), LR52_SNP1 = structure(c(0L, 
0L, 0L, 1L, 0L, 0L, 0L, 0L, 1L, 0L, 3L, 141L, 357L, 3180L, 23L, 
0L, 3L, 8L, 89L, 0L, 0L, 1L, 49L, 1456L, 7L), dim = c(5L, 5L), dimnames = structure(list(
    c("-3", "-2", "-1", "0", "1"), c("-", "A", "C", "T", NA)), names = c("", 
""))))
