Result <-
list(DEPDC2_SNP1 = structure(c(0L, 0L, 1L, 0L, 0L, 0L, 6L, 1L, 
2L, 121L, 14879L, 80L, 0L, 1L, 240L, 2L), dim = c(4L, 4L), dimnames = structure(list(
    c("-2", "-1", "0", "1"), c("A", "C", "T", NA)), names = c("", 
""))), GM01_SNP1 = structure(c(0L, 0L, 1L, 0L, 1L, 132L, 7680L, 
34L, 0L, 0L, 22L, 0L, 0L, 1L, 100L, 0L), dim = c(4L, 4L), dimnames = structure(list(
    c("-2", "-1", "0", "1"), c("-", "A", "G", NA)), names = c("", 
""))), GM07_SNP1 = structure(c(0L, 0L, 2L, 0L, 0L, 17L, 458L, 
7347L, 297L, 11L, 0L, 2L, 25L, 0L, 0L, 0L, 3L, 86L, 3L, 0L), dim = 5:4, dimnames = structure(list(
    c("-2", "-1", "0", "1", "2"), c("-", "A", "G", NA)), names = c("", 
""))), GM09_SNP1 = structure(c(1L, 143L, 22323L, 23L, 0L, 2L, 
62L, 0L, 0L, 0L, 1L, 0L, 0L, 1L, 188L, 0L), dim = c(4L, 4L), dimnames = structure(list(
    c("-2", "-1", "0", "1"), c("A", "G", "T", NA)), names = c("", 
""))), GM11_SNP1 = structure(c(11L, 1767L, 8L, 1L, 28L, 2035L, 
18L, 0L, 0L, 26L, 0L, 0L), dim = 4:3, dimnames = structure(list(
    c("-1", "0", "1", "2"), c("A", "G", NA)), names = c("", ""
))), GM14_SNP1 = structure(c(0L, 0L, 2L, 0L, 0L, 6L, 180L, 4691L, 
80L, 0L, 4L, 129L, 4361L, 36L, 1L, 0L, 1L, 139L, 1L, 0L), dim = 5:4, dimnames = structure(list(
    c("-2", "-1", "0", "1", "2"), c("A", "C", "T", NA)), names = c("", 
""))), GM17_SNP1 = structure(c(0L, 0L, 4L, 0L, 1L, 91L, 5878L, 
25L, 2L, 85L, 6040L, 35L, 0L, 0L, 122L, 3L), dim = c(4L, 4L), dimnames = structure(list(
    c("-2", "-1", "0", "1"), c("A", "C", "T", NA)), names = c("", 
""))), GM22_SNP1 = structure(c(4L, 132L, 7499L, 49L, 0L, 1L, 
10L, 0L, 0L, 3L, 127L, 0L), dim = 4:3, dimnames = structure(list(
    c("-2", "-1", "0", "1"), c("A", "G", NA)), names = c("", 
""))), GM26_SNP1 = structure(c(2L, 38L, 4724L, 17L, 0L, 0L, 8L, 
0L, 0L, 4L, 74L, 0L), dim = 4:3, dimnames = structure(list(c("-2", 
"-1", "0", "1"), c("A", "G", NA)), names = c("", ""))), GM29_SNP1 = structure(c(0L, 
0L, 14L, 0L, 0L, 0L, 2L, 0L, 3L, 143L, 9420L, 38L, 0L, 1L, 110L, 
2L), dim = c(4L, 4L), dimnames = structure(list(c("-2", "-1", 
"0", "1"), c("A", "C", "G", NA)), names = c("", ""))), IM16_SNP1 = structure(c(0L, 
0L, 11L, 0L, 0L, 1L, 54L, 5957L, 101L, 1L, 0L, 0L, 94L, 10L, 
0L), dim = c(5L, 3L), dimnames = structure(list(c("-2", "-1", 
"0", "1", "2"), c("A", "G", NA)), names = c("", ""))), IM49_SNP1 = structure(c(0L, 
0L, 0L, 1L, 0L, 26L, 832L, 19251L, 538L, 7L, 0L, 7L, 26L, 0L, 
0L, 0L, 0L, 1L, 0L, 0L, 0L, 10L, 496L, 13L, 0L), dim = c(5L, 
5L), dimnames = structure(list(c("-2", "-1", "0", "1", "2"), 
    c("A", "C", "G", "T", NA)), names = c("", ""))), LR10_SNP1 = structure(c(0L, 
0L, 8L, 0L, 2L, 91L, 5347L, 37L, 0L, 1L, 61L, 1L), dim = 4:3, dimnames = structure(list(
    c("-2", "-1", "0", "1"), c("C", "T", NA)), names = c("", 
""))), LR11_SNP1 = structure(c(7L, 1L, 10L, 0L, 0L, 5L, 183L, 
5752L, 78L, 1L, 0L, 0L, 2L, 0L, 0L, 0L, 9L, 199L, 4L, 0L), dim = 5:4, dimnames = structure(list(
    c("-2", "-1", "0", "1", "2"), c("A", "C", "T", NA)), names = c("", 
""))), LR17_SNP1 = structure(c(2L, 13L, 317L, 7015L, 139L, 2L, 
0L, 0L, 0L, 3L, 0L, 0L, 0L, 0L, 17L, 443L, 6L, 0L), dim = c(6L, 
3L), dimnames = structure(list(c("-3", "-2", "-1", "0", "1", 
"2"), c("A", "G", NA)), names = c("", ""))), LR20_SNP1 = structure(c(0L, 
13L, 2112L, 5L, 1L, 3L, 2292L, 7L, 0L, 0L, 52L, 0L), dim = 4:3, dimnames = structure(list(
    c("-2", "-1", "0", "1"), c("A", "G", NA)), names = c("", 
""))), LR24_SNP1 = structure(c(0L, 0L, 1L, 0L, 0L, 6L, 1L, 179L, 
0L, 0L, 2L, 106L, 17461L, 50L, 1L, 0L, 0L, 1L, 0L, 0L, 0L, 0L, 
161L, 3L, 0L), dim = c(5L, 5L), dimnames = structure(list(c("-2", 
"-1", "0", "1", "2"), c("-", "A", "G", "T", NA)), names = c("", 
""))), LR36_SNP1 = structure(c(0L, 0L, 1L, 46L, 0L, 0L, 0L, 0L, 
0L, 5L, 0L, 0L, 0L, 0L, 0L, 3L, 0L, 0L, 4L, 29L, 272L, 12024L, 
124L, 1L, 0L, 1L, 15L, 802L, 10L, 0L), dim = 6:5, dimnames = structure(list(
    c("-3", "-2", "-1", "0", "1", "2"), c("A", "C", "G", "T", 
    NA)), names = c("", ""))), LR40_SNP1 = structure(c(0L, 0L, 
1L, 0L, 0L, 0L, 69L, 5411L, 19L, 1L, 0L, 0L, 1L, 0L, 0L, 1L, 
0L, 32L, 0L, 0L), dim = 5:4, dimnames = structure(list(c("-2", 
"-1", "0", "1", "2"), c("A", "C", "T", NA)), names = c("", ""
))), LR44_SNP1 = structure(c(11L, 9L, 154L, 1890L, 65L, 1L, 0L, 
0L, 0L, 3L, 0L, 0L, 1L, 5L, 185L, 1946L, 65L, 1L, 0L, 0L, 3L, 
102L, 1L, 0L), dim = c(6L, 4L), dimnames = structure(list(c("-3", 
"-2", "-1", "0", "1", "2"), c("C", "G", "T", NA)), names = c("", 
""))), LR46_SNP1 = structure(c(0L, 7L, 0L, 23L, 5382L, 24L, 0L, 
42L, 0L), dim = c(3L, 3L), dimnames = structure(list(c("-1", 
"0", "1"), c("G", "T", NA)), names = c("", ""))), LR48_SNP1 = structure(c(6L, 
176L, 4384L, 98L, 3L, 0L, 0L, 2L, 0L, 0L, 0L, 3L, 142L, 4L, 0L
), dim = c(5L, 3L), dimnames = structure(list(c("-2", "-1", "0", 
"1", "2"), c("C", "T", NA)), names = c("", ""))), LR49_SNP1 = structure(c(0L, 
39L, 0L, 31L, 8571L, 5L, 0L, 49L, 0L), dim = c(3L, 3L), dimnames = structure(list(
    c("-1", "0", "1"), c("A", "G", NA)), names = c("", ""))), 
    LR52_SNP1 = structure(c(3L, 31L, 372L, 2995L, 43L, 0L, 0L, 
    5L, 35L, 0L, 0L, 1L, 22L, 680L, 11L), dim = c(5L, 3L), dimnames = structure(list(
        c("-3", "-2", "-1", "0", "1"), c("C", "T", NA)), names = c("", 
    ""))))
