Result <-
list(DEPDC2_SNP1 = structure(c(0L, 0L, 4L, 0L, 2L, 64L, 7251L, 
20L, 0L, 0L, 1L, 0L, 0L, 34L, 6814L, 18L, 0L, 0L, 282L, 3L), dim = 4:5, dimnames = structure(list(
    c("-2", "-1", "0", "1"), c("A", "C", "G", "T", NA)), names = c("", 
""))), GM01_SNP1 = structure(c(0L, 29L, 1L, 119L, 5797L, 25L, 
2L, 68L, 1L), dim = c(3L, 3L), dimnames = structure(list(c("-1", 
"0", "1"), c("A", "G", NA)), names = c("", ""))), GM07_SNP1 = structure(c(0L, 
0L, 1L, 0L, 0L, 2L, 212L, 3634L, 83L, 2L, 2L, 154L, 2861L, 89L, 
3L, 0L, 4L, 106L, 0L, 0L), dim = 5:4, dimnames = structure(list(
    c("-2", "-1", "0", "1", "2"), c("-", "A", "G", NA)), names = c("", 
""))), GM09_SNP1 = structure(c(2L, 38L, 0L, 45L, 9057L, 48L, 
0L, 105L, 0L), dim = c(3L, 3L), dimnames = structure(list(c("-1", 
"0", "1"), c("A", "G", NA)), names = c("", ""))), GM11_SNP1 = structure(c(0L, 
25L, 0L, 22L, 3072L, 36L, 0L, 24L, 1L), dim = c(3L, 3L), dimnames = structure(list(
    c("-1", "0", "1"), c("A", "G", NA)), names = c("", ""))), 
    GM14_SNP1 = structure(c(0L, 0L, 0L, 2L, 0L, 0L, 2L, 9L, 238L, 
    8897L, 70L, 1L, 0L, 0L, 0L, 16L, 0L, 0L, 0L, 0L, 0L, 95L, 
    1L, 0L), dim = c(6L, 4L), dimnames = structure(list(c("-3", 
    "-2", "-1", "0", "1", "2"), c("A", "C", "T", NA)), names = c("", 
    ""))), GM17_SNP1 = structure(c(1L, 24L, 2994L, 4L, 0L, 29L, 
    4013L, 11L, 0L, 1L, 60L, 1L), dim = 4:3, dimnames = structure(list(
        c("-2", "-1", "0", "1"), c("C", "T", NA)), names = c("", 
    ""))), GM22_SNP1 = structure(c(4L, 106L, 6681L, 18L, 0L, 
    0L, 14L, 0L, 0L, 0L, 1L, 0L, 0L, 3L, 93L, 1L), dim = c(4L, 
    4L), dimnames = structure(list(c("-2", "-1", "0", "1"), c("A", 
    "G", "T", NA)), names = c("", ""))), GM26_SNP1 = structure(c(2L, 
    28L, 4606L, 11L, 0L, 0L, 12L, 0L, 0L, 2L, 60L, 0L), dim = 4:3, dimnames = structure(list(
        c("-2", "-1", "0", "1"), c("A", "G", NA)), names = c("", 
    ""))), GM29_SNP1 = structure(c(3L, 180L, 5094L, 12L, 0L, 
    0L, 12L, 0L, 0L, 0L, 1L, 0L, 0L, 1L, 55L, 1L), dim = c(4L, 
    4L), dimnames = structure(list(c("-2", "-1", "0", "1"), c("A", 
    "G", "T", NA)), names = c("", ""))), IM16_SNP1 = structure(c(0L, 
    23L, 0L, 0L, 41L, 4778L, 65L, 1L, 0L, 1L, 0L, 0L, 0L, 73L, 
    2L, 0L), dim = c(4L, 4L), dimnames = structure(list(c("-1", 
    "0", "1", "2"), c("A", "G", "T", NA)), names = c("", ""))), 
    IM49_SNP1 = structure(c(2L, 60L, 2297L, 49L, 2L, 7L, 265L, 
    8761L, 196L, 5L, 0L, 1L, 412L, 11L, 1L), dim = c(5L, 3L), dimnames = structure(list(
        c("-2", "-1", "0", "1", "2"), c("C", "G", NA)), names = c("", 
    ""))), LR10_SNP1 = structure(c(0L, 0L, 1L, 0L, 1L, 51L, 3027L, 
    32L, 0L, 13L, 1158L, 4L, 0L, 1L, 49L, 3L), dim = c(4L, 4L
    ), dimnames = structure(list(c("-2", "-1", "0", "1"), c("A", 
    "C", "T", NA)), names = c("", ""))), LR11_SNP1 = structure(c(0L, 
    0L, 2L, 0L, 0L, 11L, 474L, 6L, 3L, 42L, 3167L, 25L, 0L, 0L, 
    1L, 0L, 0L, 3L, 99L, 1L), dim = 4:5, dimnames = structure(list(
        c("-2", "-1", "0", "1"), c("-", "A", "C", "T", NA)), names = c("", 
    ""))), LR17_SNP1 = structure(c(9L, 161L, 4824L, 57L, 2L, 
    0L, 0L, 1L, 0L, 0L, 0L, 7L, 358L, 0L, 0L), dim = c(5L, 3L
    ), dimnames = structure(list(c("-2", "-1", "0", "1", "2"), 
        c("A", "G", NA)), names = c("", ""))), LR20_SNP1 = structure(c(1L, 
    23L, 0L, 0L, 10L, 4688L, 8L, 1L, 0L, 1L, 0L, 0L, 0L, 70L, 
    0L, 0L), dim = c(4L, 4L), dimnames = structure(list(c("-1", 
    "0", "1", "2"), c("A", "G", "T", NA)), names = c("", ""))), 
    LR24_SNP1 = structure(c(0L, 0L, 0L, 4L, 0L, 0L, 0L, 0L, 4L, 
    240L, 2L, 0L, 2L, 1L, 69L, 16264L, 36L, 2L, 0L, 0L, 0L, 133L, 
    0L, 0L), dim = c(6L, 4L), dimnames = structure(list(c("-3", 
    "-2", "-1", "0", "1", "2"), c("-", "A", "G", NA)), names = c("", 
    ""))), LR36_SNP1 = structure(c(7L, 54L, 3856L, 39L, 2L, 0L, 
    0L, 1L, 0L, 0L, 9L, 79L, 3428L, 29L, 1L, 0L, 2L, 340L, 3L, 
    0L), dim = 5:4, dimnames = structure(list(c("-2", "-1", "0", 
    "1", "2"), c("A", "G", "T", NA)), names = c("", ""))), LR40_SNP1 = structure(c(0L, 
    0L, 3L, 0L, 1L, 47L, 5767L, 18L, 0L, 1L, 36L, 0L), dim = 4:3, dimnames = structure(list(
        c("-3", "-1", "0", "1"), c("A", "C", NA)), names = c("", 
    ""))), LR44_SNP1 = structure(c(0L, 0L, 0L, 1L, 0L, 0L, 0L, 
    0L, 4L, 13L, 0L, 0L, 1L, 23L, 637L, 5658L, 98L, 4L, 0L, 0L, 
    5L, 90L, 3L, 0L), dim = c(6L, 4L), dimnames = structure(list(
        c("-3", "-2", "-1", "0", "1", "2"), c("A", "C", "T", 
        NA)), names = c("", ""))), LR46_SNP1 = structure(c(0L, 
    1L, 0L, 7L, 2506L, 4L, 7L, 1786L, 4L, 1L, 23L, 0L), dim = 3:4, dimnames = structure(list(
        c("-1", "0", "1"), c("-", "G", "T", NA)), names = c("", 
    ""))), LR48_SNP1 = structure(c(0L, 2L, 21L, 0L, 6L, 149L, 
    4485L, 42L, 0L, 1L, 138L, 1L), dim = 4:3, dimnames = structure(list(
        c("-2", "-1", "0", "1"), c("C", "T", NA)), names = c("", 
    ""))), LR49_SNP1 = structure(c(3L, 4339L, 4L, 1L, 1023L, 
    0L, 2L, 83L, 0L), dim = c(3L, 3L), dimnames = structure(list(
        c("-1", "0", "1"), c("A", "G", NA)), names = c("", ""
    ))), LR52_SNP1 = structure(c(1L, 0L, 0L, 1L, 0L, 0L, 22L, 
    234L, 3048L, 24L, 0L, 0L, 7L, 138L, 3L), dim = c(5L, 3L), dimnames = structure(list(
        c("-3", "-2", "-1", "0", "1"), c("C", "T", NA)), names = c("", 
    ""))))
