Result <-
list(DEPDC2_SNP1 = structure(c(0L, 3L, 0L, 66L, 7740L, 36L, 71L, 
8863L, 35L, 1L, 247L, 2L), dim = 3:4, dimnames = structure(list(
    c("-1", "0", "1"), c("A", "C", "T", NA)), names = c("", ""
))), GM01_SNP1 = structure(c(1L, 144L, 9284L, 40L, 0L, 0L, 12L, 
0L, 0L, 0L, 111L, 1L), dim = 4:3, dimnames = structure(list(c("-2", 
"-1", "0", "1"), c("A", "G", NA)), names = c("", ""))), GM07_SNP1 = structure(c(7L, 
299L, 3695L, 121L, 4L, 4L, 239L, 4484L, 132L, 3L, 0L, 0L, 1L, 
0L, 0L, 0L, 13L, 201L, 1L, 0L), dim = 5:4, dimnames = structure(list(
    c("-2", "-1", "0", "1", "2"), c("A", "G", "T", NA)), names = c("", 
""))), GM09_SNP1 = structure(c(0L, 22L, 0L, 121L, 18294L, 36L, 
0L, 1L, 0L, 0L, 201L, 0L), dim = 3:4, dimnames = structure(list(
    c("-1", "0", "1"), c("A", "G", "T", NA)), names = c("", ""
))), GM11_SNP1 = structure(c(17L, 2539L, 10L, 22L, 2337L, 18L, 
0L, 53L, 1L), dim = c(3L, 3L), dimnames = structure(list(c("-1", 
"0", "1"), c("A", "G", NA)), names = c("", ""))), GM14_SNP1 = structure(c(0L, 
0L, 0L, 1L, 0L, 0L, 1L, 17L, 391L, 8985L, 72L, 1L, 0L, 0L, 0L, 
2L, 0L, 0L, 0L, 0L, 0L, 142L, 1L, 0L), dim = c(6L, 4L), dimnames = structure(list(
    c("-3", "-2", "-1", "0", "1", "2"), c("A", "C", "T", NA)), names = c("", 
""))), GM17_SNP1 = structure(c(0L, 1L, 9L, 0L, 0L, 0L, 1L, 0L, 
1L, 120L, 10638L, 32L, 0L, 1L, 84L, 2L), dim = c(4L, 4L), dimnames = structure(list(
    c("-2", "-1", "0", "1"), c("C", "G", "T", NA)), names = c("", 
""))), GM22_SNP1 = structure(c(3L, 114L, 7506L, 32L, 0L, 0L, 
3L, 0L, 0L, 2L, 99L, 2L), dim = 4:3, dimnames = structure(list(
    c("-2", "-1", "0", "1"), c("A", "G", NA)), names = c("", 
""))), GM26_SNP1 = structure(c(1L, 2L, 30L, 4189L, 16L, 1L, 0L, 
0L, 0L, 1L, 0L, 0L, 0L, 0L, 0L, 36L, 0L, 0L), dim = c(6L, 3L), dimnames = structure(list(
    c("-3", "-2", "-1", "0", "1", "2"), c("A", "G", NA)), names = c("", 
""))), GM29_SNP1 = structure(c(1L, 55L, 3114L, 11L, 0L, 0L, 1L, 
0L, 1L, 63L, 3228L, 11L, 0L, 1L, 51L, 0L), dim = c(4L, 4L), dimnames = structure(list(
    c("-2", "-1", "0", "1"), c("A", "C", "G", NA)), names = c("", 
""))), IM16_SNP1 = structure(c(0L, 0L, 85L, 0L, 0L, 1L, 84L, 
7638L, 94L, 1L, 0L, 0L, 101L, 3L, 0L), dim = c(5L, 3L), dimnames = structure(list(
    c("-2", "-1", "0", "1", "2"), c("A", "G", NA)), names = c("", 
""))), IM49_SNP1 = structure(c(4L, 180L, 4396L, 101L, 0L, 3L, 
142L, 3452L, 81L, 4L, 0L, 0L, 1L, 0L, 0L, 0L, 3L, 340L, 15L, 
0L), dim = 5:4, dimnames = structure(list(c("-2", "-1", "0", 
"1", "2"), c("C", "G", "T", NA)), names = c("", ""))), LR10_SNP1 = structure(c(0L, 
0L, 2L, 0L, 2L, 139L, 3337L, 16L, 1L, 60L, 3339L, 8L, 0L, 2L, 
86L, 0L), dim = c(4L, 4L), dimnames = structure(list(c("-2", 
"-1", "0", "1"), c("A", "C", "T", NA)), names = c("", ""))), 
    LR11_SNP1 = structure(c(2L, 96L, 4186L, 75L, 2L, 4L, 168L, 
    2785L, 19L, 0L, 0L, 0L, 2L, 0L, 0L, 0L, 0L, 2L, 0L, 0L, 0L, 
    6L, 154L, 1L, 0L), dim = c(5L, 5L), dimnames = structure(list(
        c("-2", "-1", "0", "1", "2"), c("A", "C", "G", "T", NA
        )), names = c("", ""))), LR17_SNP1 = structure(c(3L, 
    5L, 283L, 6476L, 77L, 0L, 0L, 0L, 3L, 0L, 0L, 0L, 17L, 649L, 
    2L), dim = c(5L, 3L), dimnames = structure(list(c("-3", "-2", 
    "-1", "0", "1"), c("A", "G", NA)), names = c("", ""))), LR20_SNP1 = structure(c(0L, 
    2L, 0L, 15L, 9855L, 18L, 0L, 3L, 0L, 0L, 103L, 1L), dim = 3:4, dimnames = structure(list(
        c("-1", "0", "1"), c("A", "G", "T", NA)), names = c("", 
    ""))), LR24_SNP1 = structure(c(1L, 6L, 78L, 18182L, 44L, 
    0L, 0L, 0L, 1L, 0L, 0L, 0L, 0L, 16L, 0L, 0L, 0L, 0L, 2L, 
    0L, 0L, 0L, 3L, 142L, 0L), dim = c(5L, 5L), dimnames = structure(list(
        c("-3", "-2", "-1", "0", "1"), c("A", "C", "G", "T", 
        NA)), names = c("", ""))), LR36_SNP1 = structure(c(0L, 
    0L, 0L, 0L, 25L, 0L, 0L, 0L, 0L, 0L, 0L, 1L, 0L, 0L, 0L, 
    0L, 0L, 0L, 1L, 0L, 0L, 2L, 1L, 24L, 236L, 11389L, 191L, 
    1L, 0L, 0L, 0L, 5L, 676L, 11L, 0L), dim = c(7L, 5L), dimnames = structure(list(
        c("-4", "-3", "-2", "-1", "0", "1", "2"), c("A", "C", 
        "N", "T", NA)), names = c("", ""))), LR40_SNP1 = structure(c(1L, 
    2L, 0L, 68L, 6794L, 19L, 0L, 1L, 0L, 0L, 49L, 1L), dim = 3:4, dimnames = structure(list(
        c("-1", "0", "1"), c("A", "C", "T", NA)), names = c("", 
    ""))), LR44_SNP1 = structure(c(0L, 0L, 0L, 3L, 0L, 0L, 1L, 
    18L, 337L, 3973L, 51L, 0L, 0L, 0L, 0L, 1L, 0L, 0L, 0L, 0L, 
    0L, 2L, 0L, 0L, 0L, 21L, 553L, 5314L, 99L, 1L, 0L, 1L, 13L, 
    281L, 6L, 0L), dim = c(6L, 6L), dimnames = structure(list(
        c("-3", "-2", "-1", "0", "1", "2"), c("A", "C", "G", 
        "N", "T", NA)), names = c("", ""))), LR46_SNP1 = structure(c(45L, 
    3374L, 15L, 11L, 3832L, 20L, 2L, 60L, 1L), dim = c(3L, 3L
    ), dimnames = structure(list(c("-1", "0", "1"), c("G", "T", 
    NA)), names = c("", ""))), LR48_SNP1 = structure(c(5L, 217L, 
    2987L, 49L, 0L, 2L, 115L, 3080L, 54L, 2L, 0L, 2L, 267L, 2L, 
    0L), dim = c(5L, 3L), dimnames = structure(list(c("-2", "-1", 
    "0", "1", "2"), c("C", "T", NA)), names = c("", ""))), LR49_SNP1 = structure(c(0L, 
    78L, 0L, 22L, 10354L, 4L, 0L, 2L, 0L, 0L, 73L, 0L), dim = 3:4, dimnames = structure(list(
        c("-1", "0", "1"), c("A", "G", "T", NA)), names = c("", 
    ""))), LR52_SNP1 = structure(c(0L, 0L, 0L, 0L, 1L, 0L, 0L, 
    0L, 0L, 0L, 0L, 2L, 0L, 0L, 1L, 1L, 26L, 281L, 2096L, 17L, 
    1L, 0L, 1L, 14L, 290L, 2616L, 37L, 1L, 0L, 0L, 1L, 62L, 1246L, 
    6L, 0L), dim = c(7L, 5L), dimnames = structure(list(c("-4", 
    "-3", "-2", "-1", "0", "1", "2"), c("-", "A", "C", "T", NA
    )), names = c("", ""))))
