Result <-
list(DEPDC2_SNP1 = structure(c(0L, 0L, 3L, 0L, 1L, 93L, 12818L, 
55L, 0L, 0L, 1L, 0L, 0L, 0L, 48L, 0L, 0L, 3L, 341L, 0L), dim = 4:5, dimnames = structure(list(
    c("-2", "-1", "0", "1"), c("A", "C", "G", "T", NA)), names = c("", 
""))), GM01_SNP1 = structure(c(0L, 90L, 6366L, 21L, 1L, 1L, 8L, 
750L, 4L, 0L, 0L, 0L, 1L, 0L, 0L, 0L, 7L, 96L, 0L, 0L), dim = 5:4, dimnames = structure(list(
    c("-2", "-1", "0", "1", "2"), c("A", "G", "T", NA)), names = c("", 
""))), GM07_SNP1 = structure(c(0L, 0L, 1L, 0L, 0L, 10L, 288L, 
6073L, 186L, 6L, 0L, 0L, 5L, 1L, 0L, 0L, 0L, 117L, 1L, 0L), dim = 5:4, dimnames = structure(list(
    c("-2", "-1", "0", "1", "2"), c("-", "A", "G", NA)), names = c("", 
""))), GM09_SNP1 = structure(c(0L, 1L, 0L, 82L, 18727L, 28L, 
1L, 29L, 0L, 0L, 7L, 0L, 0L, 185L, 0L), dim = c(3L, 5L), dimnames = structure(list(
    c("-1", "0", "1"), c("-", "A", "G", "T", NA)), names = c("", 
""))), GM11_SNP1 = structure(c(1L, 30L, 5206L, 15L, 0L, 0L, 8L, 
0L, 0L, 0L, 45L, 0L), dim = 4:3, dimnames = structure(list(c("-2", 
"-1", "0", "1"), c("A", "G", NA)), names = c("", ""))), GM14_SNP1 = structure(c(0L, 
0L, 0L, 1L, 0L, 0L, 2L, 10L, 390L, 10980L, 202L, 4L, 0L, 0L, 
0L, 7L, 0L, 0L, 0L, 0L, 1L, 167L, 4L, 0L), dim = c(6L, 4L), dimnames = structure(list(
    c("-3", "-2", "-1", "0", "1", "2"), c("A", "C", "T", NA)), names = c("", 
""))), GM17_SNP1 = structure(c(3L, 125L, 9153L, 26L, 0L, 0L, 
17L, 0L, 0L, 2L, 107L, 0L), dim = 4:3, dimnames = structure(list(
    c("-2", "-1", "0", "1"), c("C", "T", NA)), names = c("", 
""))), GM22_SNP1 = structure(c(2L, 95L, 4850L, 20L, 0L, 1L, 85L, 
4697L, 39L, 1L, 0L, 0L, 1L, 0L, 0L, 0L, 5L, 187L, 2L, 0L), dim = 5:4, dimnames = structure(list(
    c("-2", "-1", "0", "1", "2"), c("A", "G", "T", NA)), names = c("", 
""))), GM26_SNP1 = structure(c(45L, 6353L, 22L, 0L, 2L, 0L, 0L, 
56L, 0L), dim = c(3L, 3L), dimnames = structure(list(c("-1", 
"0", "1"), c("A", "G", NA)), names = c("", ""))), GM29_SNP1 = structure(c(3L, 
78L, 4325L, 15L, 0L, 1L, 44L, 0L), dim = c(4L, 2L), dimnames = structure(list(
    c("-2", "-1", "0", "1"), c("A", NA)), names = c("", ""))), 
    IM16_SNP1 = structure(c(41L, 6032L, 97L, 2L, 1L, 13L, 0L, 
    0L, 0L, 107L, 6L, 0L), dim = 4:3, dimnames = structure(list(
        c("-1", "0", "1", "2"), c("A", "G", NA)), names = c("", 
    ""))), IM49_SNP1 = structure(c(0L, 0L, 1L, 0L, 0L, 0L, 1L, 
    5L, 0L, 0L, 2L, 148L, 3807L, 110L, 1L, 0L, 2L, 235L, 6L, 
    0L), dim = 5:4, dimnames = structure(list(c("-2", "-1", "0", 
    "1", "2"), c("A", "C", "G", NA)), names = c("", ""))), LR10_SNP1 = structure(c(0L, 
    72L, 4237L, 29L, 1L, 1L, 226L, 3678L, 13L, 0L, 0L, 1L, 89L, 
    3L, 0L), dim = c(5L, 3L), dimnames = structure(list(c("-2", 
    "-1", "0", "1", "2"), c("C", "T", NA)), names = c("", ""))), 
    LR11_SNP1 = structure(c(4L, 100L, 5217L, 51L, 3L, 94L, 2714L, 
    41L, 0L, 0L, 1L, 0L, 0L, 2L, 154L, 0L), dim = c(4L, 4L), dimnames = structure(list(
        c("-2", "-1", "0", "1"), c("A", "C", "T", NA)), names = c("", 
    ""))), LR17_SNP1 = structure(c(1L, 6L, 236L, 4737L, 60L, 
    1L, 0L, 0L, 10L, 426L, 5L, 1L), dim = c(6L, 2L), dimnames = structure(list(
        c("-3", "-2", "-1", "0", "1", "2"), c("A", NA)), names = c("", 
    ""))), LR20_SNP1 = structure(c(7L, 7370L, 16L, 0L, 10L, 0L, 
    0L, 21L, 0L), dim = c(3L, 3L), dimnames = structure(list(
        c("-1", "0", "1"), c("A", "G", NA)), names = c("", ""
    ))), LR24_SNP1 = structure(c(1L, 57L, 8676L, 17L, 1L, 35L, 
    7928L, 19L, 0L, 0L, 1L, 0L, 0L, 0L, 1L, 0L, 0L, 3L, 174L, 
    0L), dim = 4:5, dimnames = structure(list(c("-3", "-1", "0", 
    "1"), c("A", "G", "N", "T", NA)), names = c("", ""))), LR36_SNP1 = structure(c(0L, 
    0L, 15L, 0L, 0L, 0L, 0L, 1L, 0L, 0L, 0L, 0L, 2L, 0L, 0L, 
    0L, 0L, 1L, 0L, 0L, 13L, 163L, 8227L, 65L, 1L, 1L, 4L, 545L, 
    9L, 0L), dim = 5:6, dimnames = structure(list(c("-2", "-1", 
    "0", "1", "2"), c("A", "C", "G", "N", "T", NA)), names = c("", 
    ""))), LR40_SNP1 = structure(c(18L, 2733L, 14L, 1L, 26L, 
    2585L, 19L, 0L, 0L, 1L, 0L, 0L, 0L, 35L, 0L, 0L), dim = c(4L, 
    4L), dimnames = structure(list(c("-1", "0", "1", "2"), c("A", 
    "C", "G", NA)), names = c("", ""))), LR44_SNP1 = structure(c(0L, 
    0L, 0L, 2L, 1L, 0L, 0L, 1L, 4L, 215L, 5196L, 4802L, 66L, 
    7L, 0L, 0L, 0L, 3L, 2L, 1L, 0L, 0L, 0L, 5L, 67L, 142L, 1L, 
    0L, 0L, 0L, 6L, 55L, 174L, 2L, 0L), dim = c(7L, 5L), dimnames = structure(list(
        c("-4", "-3", "-2", "-1", "0", "1", "2"), c("A", "C", 
        "N", "T", NA)), names = c("", ""))), LR46_SNP1 = structure(c(0L, 
    0L, 5L, 0L, 1L, 21L, 3712L, 12L, 0L, 0L, 34L, 0L), dim = 4:3, dimnames = structure(list(
        c("-2", "-1", "0", "1"), c("G", "T", NA)), names = c("", 
    ""))), LR48_SNP1 = structure(c(1L, 8L, 255L, 6705L, 183L, 
    13L, 0L, 0L, 1L, 2L, 0L, 0L, 0L, 0L, 2L, 233L, 6L, 0L), dim = c(6L, 
    3L), dimnames = structure(list(c("-5", "-2", "-1", "0", "1", 
    "2"), c("C", "T", NA)), names = c("", ""))), LR49_SNP1 = structure(c(24L, 
    4155L, 7L, 3164L, 0L, 2L, 0L, 122L), dim = c(2L, 4L), dimnames = structure(list(
        c("-1", "0"), c("A", "G", "T", NA)), names = c("", ""
    ))), LR52_SNP1 = structure(c(0L, 0L, 0L, 2L, 0L, 0L, 0L, 
    1L, 7L, 1L, 0L, 0L, 2L, 27L, 643L, 4142L, 60L, 3L, 0L, 1L, 
    80L, 314L, 8L, 0L), dim = c(6L, 4L), dimnames = structure(list(
        c("-2", "-1", "0", "1", "2", "3"), c("A", "C", "T", NA
        )), names = c("", ""))))
