Result <-
list(DEPDC2_SNP1 = structure(c(0L, 0L, 1L, 0L, 0L, 0L, 1L, 8L, 
0L, 0L, 1L, 83L, 7592L, 52L, 1L, 0L, 0L, 120L, 0L, 0L), dim = 5:4, dimnames = structure(list(
    c("-2", "-1", "0", "1", "2"), c("A", "C", "T", NA)), names = c("", 
""))), GM01_SNP1 = structure(c(207L, 5685L, 17L, 0L, 8L, 0L, 
0L, 2L, 0L, 1L, 72L, 1L), dim = 3:4, dimnames = structure(list(
    c("-1", "0", "1"), c("A", "G", "T", NA)), names = c("", ""
))), GM07_SNP1 = structure(c(4L, 216L, 2610L, 229L, 5L, 13L, 
470L, 2978L, 129L, 7L, 0L, 0L, 3L, 0L, 0L, 0L, 3L, 103L, 2L, 
0L), dim = 5:4, dimnames = structure(list(c("-2", "-1", "0", 
"1", "2"), c("A", "G", "T", NA)), names = c("", ""))), GM09_SNP1 = structure(c(2L, 
164L, 0L, 85L, 10971L, 13L, 2L, 126L, 0L), dim = c(3L, 3L), dimnames = structure(list(
    c("-1", "0", "1"), c("A", "G", NA)), names = c("", ""))), 
    GM11_SNP1 = structure(c(6L, 1550L, 8L, 0L, 4L, 0L, 0L, 10L, 
    0L), dim = c(3L, 3L), dimnames = structure(list(c("-1", "0", 
    "1"), c("A", "G", NA)), names = c("", ""))), GM14_SNP1 = structure(c(1L, 
    163L, 1306L, 6663L, 85L, 1L, 0L, 0L, 0L, 11L, 0L, 0L, 0L, 
    0L, 2L, 95L, 1L, 0L), dim = c(6L, 3L), dimnames = structure(list(
        c("-3", "-2", "-1", "0", "1", "2"), c("C", "T", NA)), names = c("", 
    ""))), GM17_SNP1 = structure(c(0L, 0L, 2L, 0L, 1L, 158L, 
    8525L, 33L, 0L, 0L, 1L, 0L, 1L, 164L, 9211L, 41L, 0L, 4L, 
    174L, 0L), dim = 4:5, dimnames = structure(list(c("-2", "-1", 
    "0", "1"), c("A", "C", "G", "T", NA)), names = c("", ""))), 
    GM22_SNP1 = structure(c(3L, 85L, 4239L, 76L, 0L, 0L, 50L, 
    0L, 0L, 0L, 1L, 0L, 0L, 2L, 67L, 2L), dim = c(4L, 4L), dimnames = structure(list(
        c("-2", "-1", "0", "1"), c("A", "G", "T", NA)), names = c("", 
    ""))), GM26_SNP1 = structure(c(0L, 72L, 1717L, 4L, 1L, 12L, 
    1109L, 1L, 0L, 2L, 47L, 1L), dim = 4:3, dimnames = structure(list(
        c("-2", "-1", "0", "1"), c("A", "G", NA)), names = c("", 
    ""))), GM29_SNP1 = structure(c(0L, 124L, 3695L, 20L, 1L, 
    79L, 3978L, 12L, 0L, 4L, 96L, 1L), dim = 4:3, dimnames = structure(list(
        c("-2", "-1", "0", "1"), c("A", "G", NA)), names = c("", 
    ""))), IM16_SNP1 = structure(c(0L, 0L, 9L, 0L, 0L, 3L, 336L, 
    3503L, 55L, 3L, 0L, 0L, 66L, 7L, 0L), dim = c(5L, 3L), dimnames = structure(list(
        c("-2", "-1", "0", "1", "2"), c("A", "G", NA)), names = c("", 
    ""))), IM49_SNP1 = structure(c(0L, 0L, 1L, 0L, 0L, 0L, 0L, 
    0L, 3L, 0L, 0L, 0L, 0L, 4L, 84L, 2L, 0L, 0L, 139L, 3961L, 
    22876L, 855L, 26L, 4L, 0L, 0L, 1L, 0L, 0L, 0L, 2L, 66L, 1136L, 
    41L, 4L, 0L), dim = c(6L, 6L), dimnames = structure(list(
        c("-2", "-1", "0", "1", "2", "3"), c("-", "A", "C", "G", 
        "T", NA)), names = c("", ""))), LR10_SNP1 = structure(c(0L, 
    10L, 0L, 73L, 3940L, 17L, 1L, 49L, 0L), dim = c(3L, 3L), dimnames = structure(list(
        c("-1", "0", "1"), c("C", "T", NA)), names = c("", ""
    ))), LR11_SNP1 = structure(c(0L, 2L, 93L, 1L, 1L, 45L, 2421L, 
    48L, 0L, 2L, 81L, 5L), dim = 4:3, dimnames = structure(list(
        c("-2", "-1", "0", "1"), c("A", "C", NA)), names = c("", 
    ""))), LR17_SNP1 = structure(c(8L, 304L, 4785L, 142L, 4L, 
    0L, 0L, 1L, 0L, 0L, 0L, 9L, 294L, 4L, 0L), dim = c(5L, 3L
    ), dimnames = structure(list(c("-2", "-1", "0", "1", "2"), 
        c("A", "G", NA)), names = c("", ""))), LR20_SNP1 = structure(c(0L, 
    0L, 1L, 0L, 0L, 10L, 2036L, 6L, 1L, 7L, 2829L, 8L, 0L, 1L, 
    41L, 1L), dim = c(4L, 4L), dimnames = structure(list(c("-2", 
    "-1", "0", "1"), c("-", "A", "G", NA)), names = c("", ""))), 
    LR24_SNP1 = structure(c(0L, 0L, 1L, 0L, 1L, 126L, 5300L, 
    11L, 0L, 0L, 1L, 0L, 2L, 1179L, 4408L, 11L, 0L, 0L, 1L, 0L, 
    0L, 0L, 95L, 0L), dim = c(4L, 6L), dimnames = structure(list(
        c("-2", "-1", "0", "1"), c("-", "A", "C", "G", "T", NA
        )), names = c("", ""))), LR36_SNP1 = structure(c(4L, 
    75L, 1386L, 4854L, 49L, 0L, 0L, 0L, 0L, 1L, 0L, 0L, 0L, 1L, 
    0L, 4L, 0L, 0L, 3L, 12L, 424L, 5526L, 55L, 1L, 0L, 1L, 28L, 
    496L, 7L, 0L), dim = 6:5, dimnames = structure(list(c("-3", 
    "-2", "-1", "0", "1", "2"), c("A", "C", "G", "T", NA)), names = c("", 
    ""))), LR40_SNP1 = structure(c(0L, 1L, 0L, 50L, 2607L, 9L, 
    0L, 2L, 0L, 0L, 24L, 0L), dim = 3:4, dimnames = structure(list(
        c("-1", "0", "1"), c("A", "C", "T", NA)), names = c("", 
    ""))), LR44_SNP1 = structure(c(0L, 0L, 0L, 1L, 0L, 1L, 37L, 
    547L, 2383L, 36L, 0L, 0L, 1L, 27L, 0L, 0L, 0L, 5L, 89L, 0L
    ), dim = 5:4, dimnames = structure(list(c("-3", "-2", "-1", 
    "0", "1"), c("A", "C", "T", NA)), names = c("", ""))), LR46_SNP1 = structure(c(0L, 
    1L, 0L, 0L, 16L, 0L, 14L, 3538L, 15L, 0L, 39L, 0L), dim = 3:4, dimnames = structure(list(
        c("-1", "0", "1"), c("-", "G", "T", NA)), names = c("", 
    ""))), LR48_SNP1 = structure(c(14L, 567L, 1114L, 20L, 3L, 
    163L, 1217L, 33L, 0L, 9L, 74L, 0L), dim = 4:3, dimnames = structure(list(
        c("-2", "-1", "0", "1"), c("C", "T", NA)), names = c("", 
    ""))), LR49_SNP1 = structure(c(6L, 3199L, 2L, 8L, 2259L, 
    1L, 0L, 1L, 0L, 0L, 73L, 0L), dim = 3:4, dimnames = structure(list(
        c("-1", "0", "1"), c("A", "G", "T", NA)), names = c("", 
    ""))), LR52_SNP1 = structure(c(1L, 27L, 168L, 959L, 7L, 0L, 
    1L, 3L, 24L, 1L, 0L, 1L, 13L, 214L, 1L), dim = c(5L, 3L), dimnames = structure(list(
        c("-3", "-2", "-1", "0", "1"), c("C", "T", NA)), names = c("", 
    ""))))
