Result <-
list(DEPDC2_SNP1 = structure(c(0L, 0L, 2L, 0L, 0L, 0L, 17L, 3L, 
0L, 0L, 1L, 0L, 1L, 113L, 20776L, 95L, 0L, 0L, 295L, 3L), dim = 4:5, dimnames = structure(list(
    c("-2", "-1", "0", "1"), c("A", "C", "G", "T", NA)), names = c("", 
""))), GM01_SNP1 = structure(c(143L, 9636L, 21L, 1L, 2L, 9L, 
0L, 0L, 0L, 1L, 0L, 0L, 3L, 151L, 1L, 0L), dim = c(4L, 4L), dimnames = structure(list(
    c("-1", "0", "1", "2"), c("A", "G", "T", NA)), names = c("", 
""))), GM07_SNP1 = structure(c(0L, 0L, 2L, 0L, 0L, 0L, 145L, 
3130L, 64L, 1L, 3L, 176L, 3983L, 106L, 1L, 0L, 0L, 1L, 0L, 0L, 
0L, 0L, 1L, 0L, 0L, 0L, 4L, 194L, 1L, 0L), dim = 5:6, dimnames = structure(list(
    c("-2", "-1", "0", "1", "2"), c("-", "A", "G", "N", "T", 
    NA)), names = c("", ""))), GM09_SNP1 = structure(c(78L, 15621L, 
37L, 55L, 9580L, 18L, 0L, 2L, 0L, 3L, 279L, 0L), dim = 3:4, dimnames = structure(list(
    c("-1", "0", "1"), c("A", "G", "T", NA)), names = c("", ""
))), GM11_SNP1 = structure(c(0L, 0L, 19L, 1L, 1L, 30L, 3890L, 
22L, 0L, 0L, 42L, 1L), dim = 4:3, dimnames = structure(list(c("-2", 
"-1", "0", "1"), c("A", "G", NA)), names = c("", ""))), GM14_SNP1 = structure(c(0L, 
0L, 0L, 1L, 0L, 0L, 0L, 5L, 174L, 5154L, 55L, 1L, 1L, 5L, 138L, 
6777L, 37L, 1L, 0L, 0L, 2L, 236L, 0L, 0L), dim = c(6L, 4L), dimnames = structure(list(
    c("-3", "-2", "-1", "0", "1", "2"), c("A", "C", "T", NA)), names = c("", 
""))), GM17_SNP1 = structure(c(0L, 0L, 0L, 19L, 1L, 1L, 1L, 160L, 
8793L, 20L, 0L, 0L, 3L, 81L, 1L), dim = c(5L, 3L), dimnames = structure(list(
    c("-3", "-2", "-1", "0", "1"), c("C", "T", NA)), names = c("", 
""))), GM22_SNP1 = structure(c(1L, 124L, 8978L, 30L, 1L, 0L, 
0L, 4L, 0L, 0L, 0L, 0L, 1L, 0L, 0L, 0L, 2L, 116L, 0L, 0L), dim = 5:4, dimnames = structure(list(
    c("-2", "-1", "0", "1", "2"), c("A", "G", "T", NA)), names = c("", 
""))), GM26_SNP1 = structure(c(1L, 24L, 2482L, 12L, 1L, 0L, 1L, 
30L, 0L, 0L, 0L, 34L, 2832L, 5L, 0L, 0L, 2L, 97L, 0L, 0L), dim = 5:4, dimnames = structure(list(
    c("-2", "-1", "0", "1", "2"), c("A", "C", "G", NA)), names = c("", 
""))), GM29_SNP1 = structure(c(1L, 71L, 5615L, 18L, 0L, 1L, 10L, 
0L, 0L, 0L, 1L, 0L, 0L, 1L, 91L, 0L), dim = c(4L, 4L), dimnames = structure(list(
    c("-2", "-1", "0", "1"), c("A", "G", "T", NA)), names = c("", 
""))), IM16_SNP1 = structure(c(17L, 1492L, 15L, 24L, 3218L, 27L, 
1L, 85L, 7L), dim = c(3L, 3L), dimnames = structure(list(c("-1", 
"0", "1"), c("A", "G", NA)), names = c("", ""))), IM49_SNP1 = structure(c(8L, 
293L, 8821L, 148L, 1L, 0L, 4L, 8L, 0L, 0L, 0L, 6L, 244L, 4L, 
0L), dim = c(5L, 3L), dimnames = structure(list(c("-2", "-1", 
"0", "1", "2"), c("C", "G", NA)), names = c("", ""))), LR10_SNP1 = structure(c(0L, 
0L, 1L, 0L, 0L, 79L, 2491L, 11L, 1L, 46L, 3650L, 13L, 0L, 0L, 
75L, 3L), dim = c(4L, 4L), dimnames = structure(list(c("-2", 
"-1", "0", "1"), c("A", "C", "T", NA)), names = c("", ""))), 
    LR11_SNP1 = structure(c(1L, 1L, 52L, 3099L, 29L, 0L, 1L, 
    52L, 3050L, 19L, 0L, 0L, 2L, 154L, 1L), dim = c(5L, 3L), dimnames = structure(list(
        c("-4", "-2", "-1", "0", "1"), c("A", "C", NA)), names = c("", 
    ""))), LR17_SNP1 = structure(c(17L, 185L, 5286L, 88L, 5L, 
    0L, 0L, 2L, 0L, 0L, 0L, 0L, 2L, 0L, 0L, 0L, 14L, 513L, 9L, 
    0L), dim = 5:4, dimnames = structure(list(c("-2", "-1", "0", 
    "1", "2"), c("A", "G", "T", NA)), names = c("", ""))), LR20_SNP1 = structure(c(0L, 
    0L, 3L, 0L, 1L, 10L, 8056L, 11L, 0L, 0L, 7L, 0L, 0L, 1L, 
    35L, 0L), dim = c(4L, 4L), dimnames = structure(list(c("-2", 
    "-1", "0", "1"), c("-", "A", "G", NA)), names = c("", ""))), 
    LR24_SNP1 = structure(c(2L, 118L, 25304L, 46L, 0L, 0L, 26L, 
    0L, 0L, 0L, 2L, 0L, 0L, 4L, 254L, 0L), dim = c(4L, 4L), dimnames = structure(list(
        c("-2", "-1", "0", "1"), c("A", "G", "T", NA)), names = c("", 
    ""))), LR36_SNP1 = structure(c(0L, 0L, 0L, 0L, 16L, 0L, 0L, 
    0L, 0L, 0L, 0L, 1L, 0L, 0L, 0L, 0L, 0L, 0L, 1L, 0L, 0L, 0L, 
    0L, 0L, 0L, 1L, 0L, 0L, 1L, 1L, 16L, 191L, 9512L, 105L, 2L, 
    0L, 0L, 1L, 10L, 612L, 6L, 0L), dim = 7:6, dimnames = structure(list(
        c("-4", "-3", "-2", "-1", "0", "1", "2"), c("A", "C", 
        "G", "N", "T", NA)), names = c("", ""))), LR40_SNP1 = structure(c(0L, 
    2L, 0L, 86L, 5181L, 27L, 0L, 43L, 0L), dim = c(3L, 3L), dimnames = structure(list(
        c("-1", "0", "1"), c("A", "C", NA)), names = c("", ""
    ))), LR44_SNP1 = structure(c(0L, 0L, 4L, 14L, 0L, 0L, 0L, 
    0L, 1L, 0L, 1L, 14L, 574L, 6787L, 128L, 0L, 0L, 10L, 182L, 
    3L), dim = 5:4, dimnames = structure(list(c("-3", "-2", "-1", 
    "0", "1"), c("C", "N", "T", NA)), names = c("", ""))), LR46_SNP1 = structure(c(0L, 
    0L, 1L, 0L, 1L, 28L, 7730L, 20L, 0L, 0L, 2L, 0L, 0L, 0L, 
    93L, 0L), dim = c(4L, 4L), dimnames = structure(list(c("-2", 
    "-1", "0", "1"), c("A", "G", "T", NA)), names = c("", ""))), 
    LR48_SNP1 = structure(c(2L, 160L, 5893L, 96L, 2L, 0L, 0L, 
    2L, 0L, 0L, 0L, 0L, 183L, 0L, 1L), dim = c(5L, 3L), dimnames = structure(list(
        c("-2", "-1", "0", "1", "2"), c("C", "T", NA)), names = c("", 
    ""))), LR49_SNP1 = structure(c(48L, 4417L, 3L, 1506L, 0L, 
    106L), dim = 2:3, dimnames = structure(list(c("-1", "0"), 
        c("A", "G", NA)), names = c("", ""))), LR52_SNP1 = structure(c(2L, 
    20L, 307L, 2290L, 11L, 0L, 2L, 33L, 27L, 0L, 0L, 0L, 46L, 
    1143L, 3L), dim = c(5L, 3L), dimnames = structure(list(c("-3", 
    "-2", "-1", "0", "1"), c("C", "T", NA)), names = c("", ""
    ))))
