Result <-
list(DEPDC2_SNP1 = structure(c(0L, 0L, 1L, 0L, 1L, 52L, 6576L, 
35L, 0L, 43L, 7719L, 34L, 0L, 2L, 296L, 1L), dim = c(4L, 4L), dimnames = structure(list(
    c("-3", "-1", "0", "1"), c("A", "C", "T", NA)), names = c("", 
""))), GM01_SNP1 = structure(c(2L, 138L, 8168L, 40L, 0L, 0L, 
12L, 1L, 0L, 0L, 1L, 0L, 0L, 3L, 107L, 1L), dim = c(4L, 4L), dimnames = structure(list(
    c("-2", "-1", "0", "1"), c("A", "G", "T", NA)), names = c("", 
""))), GM07_SNP1 = structure(c(1L, 0L, 5L, 0L, 0L, 0L, 11L, 661L, 
7196L, 371L, 16L, 1L, 0L, 0L, 1L, 0L, 0L, 0L, 0L, 1L, 203L, 3L, 
0L, 0L), dim = c(6L, 4L), dimnames = structure(list(c("-2", "-1", 
"0", "1", "2", "3"), c("A", "G", "T", NA)), names = c("", ""))), 
    GM09_SNP1 = structure(c(1L, 47L, 7984L, 30L, 0L, 63L, 7518L, 
    19L, 0L, 0L, 1L, 0L, 0L, 1L, 150L, 0L), dim = c(4L, 4L), dimnames = structure(list(
        c("-2", "-1", "0", "1"), c("A", "G", "T", NA)), names = c("", 
    ""))), GM11_SNP1 = structure(c(18L, 3610L, 17L, 0L, 11L, 
    0L, 0L, 16L, 0L), dim = c(3L, 3L), dimnames = structure(list(
        c("-1", "0", "1"), c("A", "G", NA)), names = c("", ""
    ))), GM14_SNP1 = structure(c(0L, 0L, 1L, 0L, 0L, 0L, 0L, 
    2L, 0L, 0L, 15L, 394L, 9985L, 194L, 4L, 0L, 12L, 9L, 0L, 
    0L, 0L, 1L, 115L, 1L, 0L), dim = c(5L, 5L), dimnames = structure(list(
        c("-2", "-1", "0", "1", "2"), c("-", "A", "C", "T", NA
        )), names = c("", ""))), GM17_SNP1 = structure(c(1L, 
    81L, 5373L, 20L, 2L, 75L, 5705L, 37L, 0L, 4L, 123L, 1L), dim = 4:3, dimnames = structure(list(
        c("-2", "-1", "0", "1"), c("C", "T", NA)), names = c("", 
    ""))), GM22_SNP1 = structure(c(0L, 0L, 25L, 1L, 0L, 1L, 117L, 
    5440L, 27L, 1L, 0L, 0L, 1L, 0L, 0L, 0L, 5L, 153L, 4L, 0L), dim = 5:4, dimnames = structure(list(
        c("-2", "-1", "0", "1", "2"), c("A", "G", "T", NA)), names = c("", 
    ""))), GM26_SNP1 = structure(c(3L, 45L, 6002L, 28L, 1L, 0L, 
    0L, 9L, 0L, 0L, 0L, 2L, 104L, 0L, 0L), dim = c(5L, 3L), dimnames = structure(list(
        c("-2", "-1", "0", "1", "2"), c("A", "G", NA)), names = c("", 
    ""))), GM29_SNP1 = structure(c(2L, 59L, 3702L, 13L, 1L, 73L, 
    3846L, 14L, 0L, 0L, 2L, 0L, 0L, 1L, 91L, 0L), dim = c(4L, 
    4L), dimnames = structure(list(c("-2", "-1", "0", "1"), c("A", 
    "G", "T", NA)), names = c("", ""))), IM16_SNP1 = structure(c(0L, 
    8L, 0L, 0L, 59L, 4780L, 73L, 1L, 0L, 1L, 0L, 0L, 0L, 76L, 
    5L, 0L), dim = c(4L, 4L), dimnames = structure(list(c("-1", 
    "0", "1", "2"), c("A", "G", "T", NA)), names = c("", ""))), 
    IM49_SNP1 = structure(c(1L, 2L, 26L, 1L, 0L, 0L, 11L, 569L, 
    12115L, 389L, 9L, 3L, 0L, 0L, 1L, 0L, 0L, 0L, 1L, 8L, 544L, 
    14L, 1L, 0L), dim = c(6L, 4L), dimnames = structure(list(
        c("-2", "-1", "0", "1", "2", "3"), c("C", "G", "T", NA
        )), names = c("", ""))), LR10_SNP1 = structure(c(0L, 
    1L, 0L, 67L, 3217L, 35L, 53L, 3120L, 18L, 3L, 58L, 3L), dim = 3:4, dimnames = structure(list(
        c("-1", "0", "1"), c("A", "C", "T", NA)), names = c("", 
    ""))), LR11_SNP1 = structure(c(0L, 79L, 2770L, 47L, 1L, 1L, 
    61L, 2145L, 33L, 1L, 0L, 0L, 1L, 0L, 0L, 0L, 0L, 104L, 1L, 
    0L), dim = 5:4, dimnames = structure(list(c("-2", "-1", "0", 
    "1", "2"), c("A", "C", "G", NA)), names = c("", ""))), LR17_SNP1 = structure(c(10L, 
    262L, 4988L, 130L, 1L, 0L, 0L, 2L, 0L, 0L, 0L, 6L, 320L, 
    3L, 0L), dim = c(5L, 3L), dimnames = structure(list(c("-2", 
    "-1", "0", "1", "2"), c("A", "G", NA)), names = c("", ""))), 
    LR20_SNP1 = structure(c(0L, 1L, 0L, 3L, 1214L, 3L, 7L, 3034L, 
    9L, 1L, 35L, 0L), dim = 3:4, dimnames = structure(list(c("-1", 
    "0", "1"), c("-", "A", "G", NA)), names = c("", ""))), LR24_SNP1 = structure(c(2L, 
    61L, 9967L, 35L, 0L, 0L, 32L, 0L, 0L, 0L, 1L, 0L, 0L, 0L, 
    99L, 0L), dim = c(4L, 4L), dimnames = structure(list(c("-2", 
    "-1", "0", "1"), c("A", "G", "T", NA)), names = c("", ""))), 
    LR36_SNP1 = structure(c(0L, 0L, 0L, 1L, 32L, 0L, 0L, 0L, 
    0L, 0L, 2L, 2L, 0L, 0L, 0L, 0L, 0L, 0L, 2L, 0L, 0L, 2L, 1L, 
    54L, 2649L, 6486L, 129L, 3L, 0L, 0L, 2L, 105L, 457L, 9L, 
    0L), dim = c(7L, 5L), dimnames = structure(list(c("-4", "-3", 
    "-2", "-1", "0", "1", "2"), c("A", "C", "G", "T", NA)), names = c("", 
    ""))), LR40_SNP1 = structure(c(0L, 27L, 1798L, 7L, 1L, 31L, 
    1562L, 7L, 0L, 0L, 19L, 0L), dim = 4:3, dimnames = structure(list(
        c("-2", "-1", "0", "1"), c("A", "C", NA)), names = c("", 
    ""))), LR44_SNP1 = structure(c(0L, 0L, 0L, 8L, 0L, 0L, 0L, 
    0L, 0L, 1L, 11L, 179L, 1732L, 46L, 2L, 0L, 0L, 0L, 0L, 9L, 
    198L, 1747L, 43L, 1L, 2L, 5L, 1L, 0L, 0L, 7L, 99L, 1L, 0L, 
    0L, 0L, 0L), dim = c(9L, 4L), dimnames = structure(list(c("-3", 
    "-2", "-1", "0", "1", "2", "3", "4", "5"), c("A", "C", "T", 
    NA)), names = c("", ""))), LR46_SNP1 = structure(c(0L, 1L, 
    0L, 10L, 2546L, 3L, 11L, 2499L, 10L, 1L, 44L, 1L), dim = 3:4, dimnames = structure(list(
        c("-1", "0", "1"), c("C", "G", "T", NA)), names = c("", 
    ""))), LR48_SNP1 = structure(c(0L, 0L, 1L, 0L, 0L, 0L, 13L, 
    201L, 5399L, 226L, 5L, 1L, 0L, 0L, 6L, 0L, 0L, 0L, 0L, 3L, 
    127L, 5L, 0L, 0L), dim = c(6L, 4L), dimnames = structure(list(
        c("-2", "-1", "0", "1", "2", "3"), c("A", "C", "T", NA
        )), names = c("", ""))), LR49_SNP1 = structure(c(34L, 
    4435L, 4L, 11L, 4592L, 4L, 0L, 1L, 0L, 1L, 129L, 0L), dim = 3:4, dimnames = structure(list(
        c("-1", "0", "1"), c("A", "G", "T", NA)), names = c("", 
    ""))), LR52_SNP1 = structure(c(0L, 0L, 0L, 1L, 0L, 0L, 4L, 
    26L, 239L, 1189L, 15L, 1L, 0L, 3L, 87L, 759L, 812L, 16L, 
    0L, 0L, 18L, 311L, 71L, 0L), dim = c(6L, 4L), dimnames = structure(list(
        c("-3", "-2", "-1", "0", "1", "2"), c("A", "C", "T", 
        NA)), names = c("", ""))))
