Result <-
list(DEPDC2_SNP1 = structure(c(0L, 0L, 0L, 4L, 0L, 0L, 0L, 0L, 
11L, 0L, 0L, 0L, 0L, 1L, 0L, 2L, 2L, 150L, 17832L, 75L, 0L, 0L, 
3L, 223L, 1L), dim = c(5L, 5L), dimnames = structure(list(c("-3", 
"-2", "-1", "0", "1"), c("A", "C", "G", "T", NA)), names = c("", 
""))), GM01_SNP1 = structure(c(265L, 12016L, 73L, 1L, 0L, 8L, 
0L, 0L, 3L, 159L, 1L, 0L), dim = 4:3, dimnames = structure(list(
    c("-1", "0", "1", "2"), c("A", "G", NA)), names = c("", ""
))), GM07_SNP1 = structure(c(0L, 0L, 2L, 0L, 0L, 0L, 6L, 416L, 
6536L, 308L, 19L, 2L, 0L, 2L, 2L, 0L, 0L, 0L, 0L, 0L, 1L, 0L, 
0L, 0L, 0L, 0L, 1L, 0L, 0L, 0L, 1L, 5L, 119L, 7L, 0L, 0L), dim = c(6L, 
6L), dimnames = structure(list(c("-2", "-1", "0", "1", "2", "3"
), c("-", "A", "G", "N", "T", NA)), names = c("", ""))), GM09_SNP1 = structure(c(77L, 
12135L, 22L, 73L, 10696L, 28L, 0L, 3L, 0L, 4L, 205L, 1L), dim = 3:4, dimnames = structure(list(
    c("-1", "0", "1"), c("A", "G", "T", NA)), names = c("", ""
))), GM11_SNP1 = structure(c(33L, 5520L, 50L, 1L, 0L, 11L, 0L, 
0L, 0L, 52L, 1L, 0L), dim = 4:3, dimnames = structure(list(c("-1", 
"0", "1", "2"), c("A", "G", NA)), names = c("", ""))), GM14_SNP1 = structure(c(1L, 
6L, 225L, 5448L, 96L, 1L, 1L, 1L, 155L, 4996L, 39L, 0L, 0L, 0L, 
0L, 193L, 4L, 0L), dim = c(6L, 3L), dimnames = structure(list(
    c("-3", "-2", "-1", "0", "1", "2"), c("C", "T", NA)), names = c("", 
""))), GM17_SNP1 = structure(c(2L, 72L, 4642L, 24L, 1L, 17L, 
100L, 5340L, 27L, 1L, 0L, 3L, 75L, 0L, 0L), dim = c(5L, 3L), dimnames = structure(list(
    c("-2", "-1", "0", "1", "2"), c("C", "T", NA)), names = c("", 
""))), GM22_SNP1 = structure(c(3L, 62L, 3980L, 23L, 1L, 3L, 54L, 
3393L, 8L, 0L, 0L, 5L, 127L, 6L, 0L), dim = c(5L, 3L), dimnames = structure(list(
    c("-2", "-1", "0", "1", "2"), c("A", "G", NA)), names = c("", 
""))), GM26_SNP1 = structure(c(4L, 73L, 8081L, 38L, 1L, 0L, 1L, 
82L, 1L, 0L), dim = c(5L, 2L), dimnames = structure(list(c("-2", 
"-1", "0", "1", "2"), c("A", NA)), names = c("", ""))), GM29_SNP1 = structure(c(1L, 
103L, 7055L, 20L, 1L, 0L, 0L, 4L, 0L, 0L, 0L, 1L, 60L, 0L, 0L
), dim = c(5L, 3L), dimnames = structure(list(c("-2", "-1", "0", 
"1", "2"), c("A", "G", NA)), names = c("", ""))), IM16_SNP1 = structure(c(0L, 
0L, 7L, 0L, 0L, 2L, 106L, 7754L, 142L, 4L, 0L, 1L, 105L, 16L, 
2L), dim = c(5L, 3L), dimnames = structure(list(c("-2", "-1", 
"0", "1", "2"), c("A", "G", NA)), names = c("", ""))), IM49_SNP1 = structure(c(5L, 
138L, 3665L, 161L, 4L, 3L, 125L, 2793L, 91L, 4L, 0L, 0L, 1L, 
0L, 0L, 0L, 6L, 328L, 17L, 1L), dim = 5:4, dimnames = structure(list(
    c("-2", "-1", "0", "1", "2"), c("C", "G", "T", NA)), names = c("", 
""))), LR10_SNP1 = structure(c(0L, 0L, 1L, 0L, 1L, 211L, 9718L, 
101L, 0L, 0L, 32L, 0L, 0L, 0L, 108L, 1L), dim = c(4L, 4L), dimnames = structure(list(
    c("-3", "-1", "0", "1"), c("-", "C", "T", NA)), names = c("", 
""))), LR11_SNP1 = structure(c(0L, 0L, 0L, 10L, 0L, 0L, 1L, 4L, 
321L, 9370L, 107L, 5L, 0L, 0L, 0L, 1L, 0L, 0L, 0L, 0L, 0L, 2L, 
0L, 0L, 0L, 0L, 8L, 341L, 6L, 1L), dim = 6:5, dimnames = structure(list(
    c("-3", "-2", "-1", "0", "1", "2"), c("A", "C", "G", "T", 
    NA)), names = c("", ""))), LR17_SNP1 = structure(c(5L, 276L, 
5412L, 180L, 3L, 0L, 1L, 2L, 0L, 0L, 1L, 22L, 509L, 5L, 0L), dim = c(5L, 
3L), dimnames = structure(list(c("-2", "-1", "0", "1", "2"), 
    c("A", "G", NA)), names = c("", ""))), LR20_SNP1 = structure(c(0L, 
1L, 0L, 1L, 5L, 0L, 13L, 8019L, 14L, 0L, 78L, 0L), dim = 3:4, dimnames = structure(list(
    c("-1", "0", "1"), c("-", "A", "G", NA)), names = c("", ""
))), LR24_SNP1 = structure(c(0L, 0L, 2L, 0L, 1L, 67L, 9033L, 
31L, 1L, 52L, 9091L, 32L, 0L, 0L, 1L, 0L, 0L, 0L, 1L, 0L, 0L, 
3L, 177L, 1L), dim = c(4L, 6L), dimnames = structure(list(c("-2", 
"-1", "0", "1"), c("-", "A", "G", "N", "T", NA)), names = c("", 
""))), LR36_SNP1 = structure(c(0L, 0L, 1L, 32L, 0L, 0L, 0L, 0L, 
0L, 1L, 0L, 0L, 0L, 0L, 0L, 6L, 0L, 0L, 0L, 0L, 0L, 3L, 0L, 0L, 
8L, 18L, 265L, 10310L, 137L, 2L, 0L, 2L, 7L, 583L, 16L, 0L), dim = c(6L, 
6L), dimnames = structure(list(c("-3", "-2", "-1", "0", "1", 
"2"), c("A", "C", "G", "N", "T", NA)), names = c("", ""))), LR40_SNP1 = structure(c(1L, 
73L, 5250L, 26L, 0L, 0L, 1L, 0L, 0L, 1L, 33L, 0L), dim = 4:3, dimnames = structure(list(
    c("-2", "-1", "0", "1"), c("C", "T", NA)), names = c("", 
""))), LR44_SNP1 = structure(c(1L, 28L, 666L, 7077L, 172L, 1L, 
0L, 0L, 1L, 3L, 0L, 0L, 0L, 0L, 4L, 28L, 1L, 0L, 0L, 0L, 9L, 
248L, 7L, 0L), dim = c(6L, 4L), dimnames = structure(list(c("-3", 
"-2", "-1", "0", "1", "2"), c("C", "N", "T", NA)), names = c("", 
""))), LR46_SNP1 = structure(c(0L, 1L, 0L, 11L, 2095L, 7L, 9L, 
2329L, 12L, 0L, 47L, 0L), dim = 3:4, dimnames = structure(list(
    c("-1", "0", "1"), c("C", "G", "T", NA)), names = c("", ""
))), LR48_SNP1 = structure(c(0L, 0L, 0L, 5L, 0L, 0L, 1L, 10L, 
344L, 6776L, 139L, 1L, 0L, 0L, 4L, 348L, 5L, 0L), dim = c(6L, 
3L), dimnames = structure(list(c("-3", "-2", "-1", "0", "1", 
"2"), c("C", "T", NA)), names = c("", ""))), LR49_SNP1 = structure(c(0L, 
0L, 28L, 0L, 1L, 40L, 9090L, 5L, 0L, 0L, 1L, 0L, 0L, 1L, 74L, 
0L), dim = c(4L, 4L), dimnames = structure(list(c("-2", "-1", 
"0", "1"), c("A", "G", "T", NA)), names = c("", ""))), LR52_SNP1 = structure(c(0L, 
1L, 33L, 314L, 2147L, 16L, 2L, 4L, 24L, 367L, 3355L, 52L, 0L, 
0L, 2L, 56L, 1330L, 10L), dim = c(6L, 3L), dimnames = structure(list(
    c("-4", "-3", "-2", "-1", "0", "1"), c("C", "T", NA)), names = c("", 
""))))
