Result <-
list(DEPDC2_SNP1 = structure(c(0L, 3L, 0L, 89L, 8919L, 42L, 52L, 
7115L, 65L, 3L, 316L, 1L), dim = 3:4, dimnames = structure(list(
    c("-1", "0", "1"), c("A", "C", "T", NA)), names = c("", ""
))), GM01_SNP1 = structure(c(2L, 9L, 1954L, 4961L, 19L, 0L, 1L, 
117L, 5103L, 21L, 0L, 0L, 0L, 3L, 0L, 0L, 1L, 16L, 139L, 2L), dim = 5:4, dimnames = structure(list(
    c("-3", "-2", "-1", "0", "1"), c("A", "G", "T", NA)), names = c("", 
""))), GM07_SNP1 = structure(c(0L, 1L, 1L, 0L, 0L, 51L, 2178L, 
2192L, 58L, 0L, 4L, 364L, 5082L, 116L, 1L, 0L, 1L, 0L, 0L, 0L, 
0L, 14L, 161L, 6L, 0L), dim = c(5L, 5L), dimnames = structure(list(
    c("-2", "-1", "0", "1", "2"), c("-", "A", "G", "T", NA)), names = c("", 
""))), GM09_SNP1 = structure(c(0L, 2L, 94L, 0L, 59L, 11088L, 
7569L, 6L, 0L, 1L, 0L, 0L, 0L, 59L, 103L, 0L), dim = c(4L, 4L
), dimnames = structure(list(c("-2", "-1", "0", "1"), c("A", 
"G", "T", NA)), names = c("", ""))), GM11_SNP1 = structure(c(1L, 
15L, 2951L, 64L, 1L, 0L, 2L, 86L, 1L, 0L, 0L, 0L, 13L, 0L, 0L
), dim = c(5L, 3L), dimnames = structure(list(c("-2", "-1", "0", 
"1", "2"), c("A", "G", NA)), names = c("", ""))), GM14_SNP1 = structure(c(0L, 
0L, 1L, 0L, 0L, 7L, 221L, 6381L, 116L, 5L, 15L, 226L, 3261L, 
18L, 0L, 0L, 1L, 153L, 1L, 0L), dim = 5:4, dimnames = structure(list(
    c("-2", "-1", "0", "1", "2"), c("A", "C", "T", NA)), names = c("", 
""))), GM17_SNP1 = structure(c(3L, 240L, 9827L, 24L, 0L, 0L, 
98L, 1L, 0L, 0L, 94L, 0L), dim = 4:3, dimnames = structure(list(
    c("-2", "-1", "0", "1"), c("C", "T", NA)), names = c("", 
""))), GM22_SNP1 = structure(c(2L, 114L, 5378L, 24L, 0L, 0L, 
1L, 0L, 0L, 1L, 100L, 0L), dim = 4:3, dimnames = structure(list(
    c("-2", "-1", "0", "1"), c("A", "G", NA)), names = c("", 
""))), GM26_SNP1 = structure(c(0L, 3L, 446L, 0L, 0L, 3L, 32L, 
3340L, 9L, 1L, 0L, 0L, 68L, 0L, 0L), dim = c(5L, 3L), dimnames = structure(list(
    c("-2", "-1", "0", "1", "2"), c("A", "G", NA)), names = c("", 
""))), GM29_SNP1 = structure(c(1L, 33L, 2059L, 8L, 1L, 83L, 4196L, 
9L, 0L, 0L, 67L, 0L), dim = 4:3, dimnames = structure(list(c("-2", 
"-1", "0", "1"), c("A", "G", NA)), names = c("", ""))), IM16_SNP1 = structure(c(3L, 
419L, 8L, 0L, 1L, 0L, 106L, 5179L, 48L, 0L, 1L, 0L, 0L, 96L, 
9L), dim = c(3L, 5L), dimnames = structure(list(c("-1", "0", 
"1"), c("A", "C", "G", "T", NA)), names = c("", ""))), IM49_SNP1 = structure(c(0L, 
2L, 195L, 3001L, 4524L, 77L, 1L, 1L, 2L, 196L, 2842L, 615L, 11L, 
0L, 0L, 0L, 6L, 62L, 166L, 3L, 0L), dim = c(7L, 3L), dimnames = structure(list(
    c("-4", "-3", "-2", "-1", "0", "1", "2"), c("C", "G", NA)), names = c("", 
""))), LR10_SNP1 = structure(c(1L, 64L, 1L, 114L, 5989L, 15L, 
0L, 70L, 0L), dim = c(3L, 3L), dimnames = structure(list(c("-1", 
"0", "1"), c("C", "T", NA)), names = c("", ""))), LR11_SNP1 = structure(c(3L, 
428L, 10193L, 100L, 0L, 3L, 64L, 1L, 0L, 0L, 1L, 0L, 0L, 3L, 
137L, 0L), dim = c(4L, 4L), dimnames = structure(list(c("-2", 
"-1", "0", "1"), c("A", "C", "G", NA)), names = c("", ""))), 
    LR17_SNP1 = structure(c(1L, 42L, 2212L, 3910L, 67L, 2L, 0L, 
    0L, 108L, 261L, 2L, 0L), dim = c(6L, 2L), dimnames = structure(list(
        c("-3", "-2", "-1", "0", "1", "2"), c("A", NA)), names = c("", 
    ""))), LR20_SNP1 = structure(c(42L, 6480L, 9L, 0L, 14L, 0L, 
    0L, 15L, 1L), dim = c(3L, 3L), dimnames = structure(list(
        c("-1", "0", "1"), c("A", "G", NA)), names = c("", ""
    ))), LR24_SNP1 = structure(c(1L, 210L, 24508L, 68L, 0L, 1L, 
    115L, 0L, 0L, 0L, 2L, 0L, 0L, 2L, 218L, 1L), dim = c(4L, 
    4L), dimnames = structure(list(c("-3", "-1", "0", "1"), c("A", 
    "G", "T", NA)), names = c("", ""))), LR36_SNP1 = structure(c(0L, 
    0L, 0L, 0L, 1L, 0L, 0L, 1L, 0L, 8L, 191L, 3501L, 59L, 1L, 
    0L, 0L, 0L, 0L, 1L, 0L, 0L, 0L, 0L, 0L, 1L, 0L, 0L, 0L, 2L, 
    3L, 31L, 3030L, 757L, 5L, 0L, 0L, 1L, 0L, 133L, 164L, 1L, 
    0L), dim = 7:6, dimnames = structure(list(c("-4", "-3", "-2", 
    "-1", "0", "1", "2"), c("-", "A", "C", "G", "T", NA)), names = c("", 
    ""))), LR40_SNP1 = structure(c(0L, 0L, 4L, 0L, 0L, 1L, 171L, 
    7074L, 23L, 1L, 0L, 1L, 48L, 0L, 0L), dim = c(5L, 3L), dimnames = structure(list(
        c("-2", "-1", "0", "1", "2"), c("A", "C", NA)), names = c("", 
    ""))), LR44_SNP1 = structure(c(0L, 0L, 0L, 12L, 0L, 0L, 0L, 
    104L, 462L, 3627L, 1446L, 1291L, 51L, 1L, 0L, 3L, 35L, 0L, 
    0L, 0L, 0L, 1L, 66L, 59L, 56L, 19L, 1L, 0L, 2L, 6L, 46L, 
    59L, 29L, 1L, 0L), dim = c(7L, 5L), dimnames = structure(list(
        c("-3", "-2", "-1", "0", "1", "2", "3"), c("A", "C", 
        "G", "T", NA)), names = c("", ""))), LR46_SNP1 = structure(c(0L, 
    0L, 1L, 0L, 1L, 105L, 6220L, 10L, 0L, 0L, 65L, 0L, 0L, 0L, 
    52L, 0L), dim = c(4L, 4L), dimnames = structure(list(c("-2", 
    "-1", "0", "1"), c("A", "G", "T", NA)), names = c("", ""))), 
    LR48_SNP1 = structure(c(1L, 8L, 439L, 5994L, 90L, 1L, 0L, 
    0L, 0L, 3L, 1L, 0L, 0L, 0L, 4L, 150L, 1L, 0L), dim = c(6L, 
    3L), dimnames = structure(list(c("-3", "-2", "-1", "0", "1", 
    "2"), c("C", "T", NA)), names = c("", ""))), LR49_SNP1 = structure(c(15L, 
    6235L, 47L, 55L, 3264L, 0L, 0L, 2L, 0L, 1L, 160L, 0L), dim = 3:4, dimnames = structure(list(
        c("-1", "0", "1"), c("A", "G", "T", NA)), names = c("", 
    ""))), LR52_SNP1 = structure(c(1L, 1L, 2L, 34L, 462L, 2900L, 
    30L, 0L, 0L, 0L, 3L, 21L, 270L, 2127L, 22L, 1L, 0L, 0L, 0L, 
    1L, 43L, 783L, 7L, 1L), dim = c(8L, 3L), dimnames = structure(list(
        c("-5", "-4", "-3", "-2", "-1", "0", "1", "2"), c("C", 
        "T", NA)), names = c("", ""))))
