Result <-
list(DEPDC2_SNP1 = structure(c(0L, 0L, 4L, 0L, 2L, 130L, 13766L, 
63L, 0L, 0L, 2L, 0L, 0L, 0L, 22L, 0L, 0L, 1L, 335L, 0L), dim = 4:5, dimnames = structure(list(
    c("-2", "-1", "0", "1"), c("A", "C", "G", "T", NA)), names = c("", 
""))), GM01_SNP1 = structure(c(1L, 126L, 7068L, 34L, 0L, 0L, 
9L, 0L, 0L, 3L, 101L, 2L), dim = 4:3, dimnames = structure(list(
    c("-2", "-1", "0", "1"), c("A", "G", NA)), names = c("", 
""))), GM07_SNP1 = structure(c(0L, 0L, 5L, 0L, 0L, 7L, 232L, 
2983L, 168L, 3L, 2L, 154L, 2122L, 110L, 6L, 0L, 1L, 2L, 0L, 0L, 
1L, 10L, 138L, 1L, 0L), dim = c(5L, 5L), dimnames = structure(list(
    c("-2", "-1", "0", "1", "2"), c("-", "A", "G", "T", NA)), names = c("", 
""))), GM09_SNP1 = structure(c(153L, 15770L, 35L, 1L, 25L, 0L, 
0L, 4L, 0L, 2L, 149L, 0L), dim = 3:4, dimnames = structure(list(
    c("-1", "0", "1"), c("A", "G", "T", NA)), names = c("", ""
))), GM11_SNP1 = structure(c(28L, 2879L, 13L, 0L, 7L, 1L, 0L, 
26L, 0L), dim = c(3L, 3L), dimnames = structure(list(c("-1", 
"0", "1"), c("A", "G", NA)), names = c("", ""))), GM14_SNP1 = structure(c(0L, 
2L, 9L, 0L, 0L, 8L, 229L, 8088L, 74L, 1L, 0L, 0L, 130L, 2L, 0L
), dim = c(5L, 3L), dimnames = structure(list(c("-2", "-1", "0", 
"1", "2"), c("C", "T", NA)), names = c("", ""))), GM17_SNP1 = structure(c(1L, 
1L, 108L, 7102L, 33L, 0L, 0L, 0L, 7L, 0L, 0L, 0L, 1L, 66L, 0L
), dim = c(5L, 3L), dimnames = structure(list(c("-3", "-2", "-1", 
"0", "1"), c("C", "T", NA)), names = c("", ""))), GM22_SNP1 = structure(c(0L, 
41L, 2668L, 16L, 0L, 0L, 1L, 0L, 3L, 33L, 2547L, 19L, 0L, 2L, 
80L, 1L), dim = c(4L, 4L), dimnames = structure(list(c("-2", 
"-1", "0", "1"), c("A", "C", "G", NA)), names = c("", ""))), 
    GM26_SNP1 = structure(c(3L, 30L, 4503L, 15L, 0L, 1L, 34L, 
    1L), dim = c(4L, 2L), dimnames = structure(list(c("-2", "-1", 
    "0", "1"), c("A", NA)), names = c("", ""))), GM29_SNP1 = structure(c(1L, 
    52L, 2836L, 12L, 1L, 54L, 2972L, 10L, 0L, 0L, 54L, 0L), dim = 4:3, dimnames = structure(list(
        c("-2", "-1", "0", "1"), c("A", "G", NA)), names = c("", 
    ""))), IM16_SNP1 = structure(c(20L, 1753L, 43L, 1L, 44L, 
    2511L, 38L, 0L, 0L, 70L, 6L, 0L), dim = 4:3, dimnames = structure(list(
        c("-1", "0", "1", "2"), c("A", "G", NA)), names = c("", 
    ""))), IM49_SNP1 = structure(c(0L, 0L, 1L, 0L, 0L, 0L, 1L, 
    159L, 4752L, 160L, 16L, 1L, 7L, 183L, 3753L, 123L, 6L, 1L, 
    0L, 0L, 1L, 0L, 0L, 0L, 0L, 6L, 300L, 9L, 1L, 0L), dim = 6:5, dimnames = structure(list(
        c("-2", "-1", "0", "1", "2", "3"), c("A", "C", "G", "T", 
        NA)), names = c("", ""))), LR10_SNP1 = structure(c(0L, 
    0L, 1L, 0L, 1L, 51L, 2318L, 20L, 0L, 32L, 2302L, 18L, 0L, 
    0L, 46L, 2L), dim = c(4L, 4L), dimnames = structure(list(
        c("-2", "-1", "0", "1"), c("A", "C", "T", NA)), names = c("", 
    ""))), LR11_SNP1 = structure(c(1L, 5L, 175L, 7083L, 85L, 
    1L, 0L, 0L, 0L, 2L, 0L, 0L, 0L, 0L, 0L, 1L, 0L, 0L, 0L, 0L, 
    1L, 79L, 0L, 0L), dim = c(6L, 4L), dimnames = structure(list(
        c("-3", "-2", "-1", "0", "1", "2"), c("A", "C", "T", 
        NA)), names = c("", ""))), LR17_SNP1 = structure(c(7L, 
    235L, 4093L, 79L, 3L, 0L, 0L, 2L, 0L, 0L, 0L, 17L, 403L, 
    5L, 0L), dim = c(5L, 3L), dimnames = structure(list(c("-2", 
    "-1", "0", "1", "2"), c("A", "G", NA)), names = c("", ""))), 
    LR20_SNP1 = structure(c(9L, 1716L, 4L, 2L, 2209L, 6L, 0L, 
    34L, 0L), dim = c(3L, 3L), dimnames = structure(list(c("-1", 
    "0", "1"), c("A", "G", NA)), names = c("", ""))), LR24_SNP1 = structure(c(0L, 
    0L, 0L, 1L, 0L, 1L, 1L, 33L, 6787L, 17L, 0L, 1L, 45L, 8532L, 
    14L, 0L, 0L, 0L, 1L, 0L, 0L, 1L, 2L, 142L, 1L), dim = c(5L, 
    5L), dimnames = structure(list(c("-3", "-2", "-1", "0", "1"
    ), c("-", "A", "G", "T", NA)), names = c("", ""))), LR36_SNP1 = structure(c(0L, 
    0L, 0L, 22L, 0L, 0L, 0L, 0L, 0L, 1L, 0L, 0L, 0L, 0L, 0L, 
    1L, 0L, 0L, 5L, 21L, 184L, 8602L, 119L, 1L, 1L, 0L, 6L, 504L, 
    4L, 1L), dim = 6:5, dimnames = structure(list(c("-3", "-2", 
    "-1", "0", "1", "2"), c("A", "G", "N", "T", NA)), names = c("", 
    ""))), LR40_SNP1 = structure(c(0L, 1L, 0L, 29L, 2059L, 5L, 
    0L, 21L, 0L), dim = c(3L, 3L), dimnames = structure(list(
        c("-1", "0", "1"), c("A", "C", NA)), names = c("", ""
    ))), LR44_SNP1 = structure(c(1L, 14L, 443L, 4374L, 90L, 0L, 
    50L, 4L, 0L, 0L, 0L, 1L, 0L, 0L, 0L, 0L, 0L, 0L, 0L, 25L, 
    0L, 0L, 0L, 0L, 0L, 0L, 4L, 162L, 1L, 1L, 0L, 0L), dim = c(8L, 
    4L), dimnames = structure(list(c("-3", "-2", "-1", "0", "1", 
    "3", "13", "14"), c("C", "N", "T", NA)), names = c("", ""
    ))), LR46_SNP1 = structure(c(20L, 3420L, 9L, 0L, 3L, 0L, 
    0L, 40L, 0L), dim = c(3L, 3L), dimnames = structure(list(
        c("-1", "0", "1"), c("G", "T", NA)), names = c("", ""
    ))), LR48_SNP1 = structure(c(6L, 193L, 4777L, 110L, 3L, 1L, 
    1L, 259L, 2L, 0L), dim = c(5L, 2L), dimnames = structure(list(
        c("-2", "-1", "0", "1", "2"), c("T", NA)), names = c("", 
    ""))), LR49_SNP1 = structure(c(0L, 52L, 0L, 34L, 8977L, 7L, 
    0L, 1L, 0L, 0L, 70L, 0L), dim = 3:4, dimnames = structure(list(
        c("-1", "0", "1"), c("A", "G", "T", NA)), names = c("", 
    ""))), LR52_SNP1 = structure(c(3L, 26L, 330L, 2432L, 21L, 
    0L, 0L, 0L, 6L, 0L, 0L, 0L, 46L, 1271L, 15L), dim = c(5L, 
    3L), dimnames = structure(list(c("-3", "-2", "-1", "0", "1"
    ), c("C", "T", NA)), names = c("", ""))))
