Result <-
list(DEPDC2_SNP1 = structure(c(0L, 0L, 21L, 0L, 1L, 88L, 11751L, 
84L, 0L, 0L, 186L, 1L), dim = 4:3, dimnames = structure(list(
    c("-2", "-1", "0", "1"), c("C", "T", NA)), names = c("", 
""))), GM01_SNP1 = structure(c(46L, 3623L, 11L, 0L, 1L, 0L, 342L, 
3350L, 11L, 4L, 104L, 0L), dim = 3:4, dimnames = structure(list(
    c("-1", "0", "1"), c("A", "C", "G", NA)), names = c("", ""
))), GM07_SNP1 = structure(c(0L, 0L, 2L, 28L, 0L, 0L, 1L, 38L, 
1512L, 2912L, 67L, 2L, 0L, 0L, 16L, 97L, 2L, 0L), dim = c(6L, 
3L), dimnames = structure(list(c("-3", "-2", "-1", "0", "1", 
"2"), c("A", "G", NA)), names = c("", ""))), GM09_SNP1 = structure(c(0L, 
34L, 7005L, 8L, 0L, 0L, 2L, 0L, 1L, 35L, 6158L, 5L, 0L, 0L, 1L, 
0L, 0L, 0L, 122L, 0L), dim = 4:5, dimnames = structure(list(c("-2", 
"-1", "0", "1"), c("A", "C", "G", "T", NA)), names = c("", ""
))), GM11_SNP1 = structure(c(39L, 3502L, 8L, 1L, 138L, 2L, 1L, 
36L, 0L), dim = c(3L, 3L), dimnames = structure(list(c("-1", 
"0", "1"), c("A", "G", NA)), names = c("", ""))), GM14_SNP1 = structure(c(0L, 
0L, 1L, 0L, 0L, 9L, 242L, 7270L, 61L, 5L, 0L, 0L, 1L, 0L, 0L, 
0L, 0L, 16L, 0L, 0L, 0L, 2L, 102L, 0L, 0L), dim = c(5L, 5L), dimnames = structure(list(
    c("-2", "-1", "0", "1", "2"), c("A", "C", "G", "T", NA)), names = c("", 
""))), GM17_SNP1 = structure(c(0L, 0L, 1L, 0L, 0L, 3L, 1867L, 
4250L, 12L, 1L, 0L, 1L, 24L, 0L, 0L, 0L, 8L, 58L, 1L, 0L), dim = 5:4, dimnames = structure(list(
    c("-2", "-1", "0", "1", "2"), c("A", "C", "T", NA)), names = c("", 
""))), GM22_SNP1 = structure(c(0L, 0L, 33L, 0L, 1L, 87L, 5576L, 
21L, 0L, 4L, 159L, 1L), dim = 4:3, dimnames = structure(list(
    c("-2", "-1", "0", "1"), c("A", "G", NA)), names = c("", 
""))), GM26_SNP1 = structure(c(1L, 67L, 3877L, 9L, 1L, 0L, 0L, 
2L, 0L, 0L, 0L, 1L, 64L, 0L, 0L), dim = c(5L, 3L), dimnames = structure(list(
    c("-2", "-1", "0", "1", "2"), c("A", "G", NA)), names = c("", 
""))), GM29_SNP1 = structure(c(2L, 125L, 3351L, 7L, 1L, 0L, 0L, 
12L, 0L, 0L, 0L, 0L, 37L, 0L, 0L), dim = c(5L, 3L), dimnames = structure(list(
    c("-2", "-1", "0", "1", "2"), c("A", "G", NA)), names = c("", 
""))), IM16_SNP1 = structure(c(0L, 0L, 4L, 1L, 0L, 2L, 83L, 4545L, 
45L, 1L, 0L, 0L, 86L, 4L, 0L), dim = c(5L, 3L), dimnames = structure(list(
    c("-2", "-1", "0", "1", "2"), c("A", "G", NA)), names = c("", 
""))), IM49_SNP1 = structure(c(2L, 142L, 2663L, 53L, 0L, 3L, 
202L, 2950L, 55L, 1L, 0L, 9L, 201L, 4L, 0L), dim = c(5L, 3L), dimnames = structure(list(
    c("-2", "-1", "0", "1", "2"), c("C", "G", NA)), names = c("", 
""))), LR10_SNP1 = structure(c(0L, 104L, 3576L, 21L, 2L, 41L, 
2849L, 7L, 0L, 0L, 87L, 1L), dim = 4:3, dimnames = structure(list(
    c("-2", "-1", "0", "1"), c("C", "T", NA)), names = c("", 
""))), LR11_SNP1 = structure(c(0L, 2L, 38L, 0L, 0L, 2L, 269L, 
4602L, 48L, 1L, 0L, 0L, 1L, 0L, 0L, 1L, 3L, 167L, 0L, 0L), dim = 5:4, dimnames = structure(list(
    c("-2", "-1", "0", "1", "2"), c("A", "C", "T", NA)), names = c("", 
""))), LR17_SNP1 = structure(c(9L, 379L, 4166L, 59L, 0L, 0L, 
2L, 0L, 0L, 18L, 321L, 0L), dim = 4:3, dimnames = structure(list(
    c("-2", "-1", "0", "1"), c("A", "G", NA)), names = c("", 
""))), LR20_SNP1 = structure(c(0L, 17L, 0L, 0L, 1L, 0L, 8L, 6027L, 
2L, 0L, 1L, 0L, 0L, 73L, 0L), dim = c(3L, 5L), dimnames = structure(list(
    c("-1", "0", "1"), c("A", "C", "G", "T", NA)), names = c("", 
""))), LR24_SNP1 = structure(c(0L, 0L, 1L, 0L, 0L, 0L, 0L, 150L, 
5249L, 14L, 1L, 23L, 3011L, 2084L, 2L, 0L, 0L, 0L, 1L, 0L, 0L, 
0L, 6L, 84L, 0L), dim = c(5L, 5L), dimnames = structure(list(
    c("-3", "-2", "-1", "0", "1"), c("-", "A", "G", "T", NA)), names = c("", 
""))), LR36_SNP1 = structure(c(0L, 1L, 1L, 34L, 0L, 0L, 0L, 0L, 
0L, 0L, 0L, 0L, 1L, 0L, 0L, 0L, 0L, 0L, 0L, 0L, 0L, 1L, 0L, 0L, 
0L, 0L, 0L, 2L, 15L, 311L, 5009L, 46L, 1L, 2L, 34L, 1L, 0L, 1L, 
10L, 344L, 5L, 0L, 0L, 0L, 0L), dim = c(9L, 5L), dimnames = structure(list(
    c("-3", "-2", "-1", "0", "1", "2", "3", "4", "6"), c("A", 
    "C", "G", "T", NA)), names = c("", ""))), LR40_SNP1 = structure(c(1L, 
1L, 0L, 56L, 3018L, 10L, 2L, 20L, 0L), dim = c(3L, 3L), dimnames = structure(list(
    c("-1", "0", "1"), c("A", "C", NA)), names = c("", ""))), 
    LR44_SNP1 = structure(c(0L, 0L, 3L, 34L, 1L, 0L, 0L, 1L, 
    3L, 208L, 2226L, 3324L, 37L, 1L, 0L, 0L, 2L, 64L, 61L, 3L, 
    0L, 0L, 0L, 3L, 32L, 117L, 1L, 0L), dim = c(7L, 4L), dimnames = structure(list(
        c("-5", "-3", "-2", "-1", "0", "1", "2"), c("A", "C", 
        "T", NA)), names = c("", ""))), LR46_SNP1 = structure(c(6L, 
    1830L, 4L, 4L, 1146L, 3L, 0L, 24L, 1L), dim = c(3L, 3L), dimnames = structure(list(
        c("-1", "0", "1"), c("G", "T", NA)), names = c("", ""
    ))), LR48_SNP1 = structure(c(26L, 1163L, 3067L, 33L, 0L, 
    0L, 0L, 1L, 0L, 0L, 0L, 4L, 66L, 0L, 0L, 0L, 13L, 121L, 1L, 
    1L), dim = 5:4, dimnames = structure(list(c("-2", "-1", "0", 
    "1", "2"), c("C", "G", "T", NA)), names = c("", ""))), LR49_SNP1 = structure(c(0L, 
    27L, 17L, 6684L, 0L, 1L, 1L, 36L), dim = c(2L, 4L), dimnames = structure(list(
        c("-1", "0"), c("A", "G", "T", NA)), names = c("", ""
    ))), LR52_SNP1 = structure(c(70L, 340L, 1833L, 108L, 577L, 
    7L, 0L, 5L, 197L, 1478L, 967L, 6L, 2L, 0L, 27L, 59L, 189L, 
    0L), dim = c(6L, 3L), dimnames = structure(list(c("-4", "-3", 
    "-2", "-1", "0", "1"), c("C", "T", NA)), names = c("", ""
    ))))
