Result <-
list(DEPDC2_SNP1 = structure(c(0L, 2L, 69L, 0L, 6L, 1517L, 4670L, 
132L, 0L, 12L, 89L, 0L), dim = 4:3, dimnames = structure(list(
    c("-2", "-1", "0", "1"), c("C", "T", NA)), names = c("", 
""))), GM01_SNP1 = structure(c(1L, 32L, 1321L, 5L, 1L, 54L, 2656L, 
13L, 0L, 0L, 1L, 0L, 0L, 1L, 57L, 0L), dim = c(4L, 4L), dimnames = structure(list(
    c("-2", "-1", "0", "1"), c("A", "G", "T", NA)), names = c("", 
""))), GM07_SNP1 = structure(c(0L, 0L, 0L, 1L, 0L, 0L, 1L, 21L, 
976L, 2835L, 114L, 6L, 0L, 0L, 3L, 22L, 1L, 0L, 0L, 1L, 11L, 
34L, 1L, 0L), dim = c(6L, 4L), dimnames = structure(list(c("-3", 
"-2", "-1", "0", "1", "2"), c("-", "A", "G", NA)), names = c("", 
""))), GM09_SNP1 = structure(c(43L, 4294L, 4L, 18L, 4369L, 8L, 
1L, 70L, 0L), dim = c(3L, 3L), dimnames = structure(list(c("-1", 
"0", "1"), c("A", "G", NA)), names = c("", ""))), GM11_SNP1 = structure(c(2L, 
707L, 0L, 3L, 532L, 3L, 0L, 16L, 0L), dim = c(3L, 3L), dimnames = structure(list(
    c("-1", "0", "1"), c("A", "G", NA)), names = c("", ""))), 
    GM14_SNP1 = structure(c(0L, 0L, 0L, 1L, 0L, 2L, 16L, 362L, 
    4181L, 47L, 0L, 0L, 0L, 13L, 1L, 0L, 0L, 0L, 46L, 0L), dim = 5:4, dimnames = structure(list(
        c("-3", "-2", "-1", "0", "1"), c("A", "C", "T", NA)), names = c("", 
    ""))), GM17_SNP1 = structure(c(0L, 148L, 6891L, 35L, 0L, 
    0L, 0L, 1L, 0L, 0L, 58L, 2583L, 5420L, 23L, 1L, 2L, 15L, 
    175L, 0L, 0L), dim = 5:4, dimnames = structure(list(c("-2", 
    "-1", "0", "1", "2"), c("C", "G", "T", NA)), names = c("", 
    ""))), GM22_SNP1 = structure(c(8L, 699L, 2545L, 9L, 1L, 0L, 
    0L, 8L, 0L, 0L, 1L, 4L, 57L, 0L, 0L), dim = c(5L, 3L), dimnames = structure(list(
        c("-2", "-1", "0", "1", "2"), c("A", "G", NA)), names = c("", 
    ""))), GM26_SNP1 = structure(c(13L, 2147L, 6L, 0L, 2L, 0L, 
    0L, 37L, 0L), dim = c(3L, 3L), dimnames = structure(list(
        c("-1", "0", "1"), c("A", "G", NA)), names = c("", ""
    ))), GM29_SNP1 = structure(c(2L, 935L, 3505L, 11L, 0L, 0L, 
    10L, 0L, 0L, 9L, 51L, 0L), dim = 4:3, dimnames = structure(list(
        c("-2", "-1", "0", "1"), c("A", "G", NA)), names = c("", 
    ""))), IM16_SNP1 = structure(c(42L, 2171L, 31L, 0L, 0L, 27L, 
    1L, 0L, 1L, 36L, 0L, 1L), dim = 4:3, dimnames = structure(list(
        c("-1", "0", "1", "2"), c("A", "G", NA)), names = c("", 
    ""))), IM49_SNP1 = structure(c(0L, 0L, 0L, 2L, 0L, 0L, 1L, 
    135L, 1155L, 10794L, 339L, 9L, 32L, 3371L, 297L, 6737L, 251L, 
    8L, 0L, 0L, 0L, 1L, 0L, 0L, 0L, 48L, 20L, 610L, 21L, 0L), dim = 6:5, dimnames = structure(list(
        c("-3", "-2", "-1", "0", "1", "2"), c("A", "C", "G", 
        "T", NA)), names = c("", ""))), LR10_SNP1 = structure(c(0L, 
    0L, 1L, 0L, 0L, 1L, 26L, 0L, 1L, 373L, 1684L, 3L, 0L, 2L, 
    13L, 0L), dim = c(4L, 4L), dimnames = structure(list(c("-2", 
    "-1", "0", "1"), c("A", "C", "T", NA)), names = c("", ""))), 
    LR11_SNP1 = structure(c(0L, 55L, 1185L, 13L, 0L, 1L, 85L, 
    264L, 662L, 13L, 1L, 0L, 0L, 6L, 33L, 1L, 0L, 0L), dim = c(6L, 
    3L), dimnames = structure(list(c("-2", "-1", "0", "1", "2", 
    "3"), c("A", "C", NA)), names = c("", ""))), LR17_SNP1 = structure(c(1L, 
    20L, 815L, 3223L, 48L, 4L, 0L, 0L, 0L, 1L, 0L, 0L, 0L, 0L, 
    40L, 216L, 2L, 0L), dim = c(6L, 3L), dimnames = structure(list(
        c("-3", "-2", "-1", "0", "1", "2"), c("A", "T", NA)), names = c("", 
    ""))), LR20_SNP1 = structure(c(3L, 1490L, 2L, 43L, 1248L, 
    1L, 0L, 2L, 0L, 0L, 26L, 0L), dim = 3:4, dimnames = structure(list(
        c("-1", "0", "1"), c("A", "G", "T", NA)), names = c("", 
    ""))), LR24_SNP1 = structure(c(0L, 0L, 1L, 0L, 1L, 73L, 2804L, 
    6L, 0L, 9L, 2918L, 6L, 0L, 1L, 49L, 0L), dim = c(4L, 4L), dimnames = structure(list(
        c("-2", "-1", "0", "1"), c("-", "A", "G", NA)), names = c("", 
    ""))), LR36_SNP1 = structure(c(0L, 0L, 0L, 0L, 1L, 28L, 0L, 
    0L, 0L, 0L, 0L, 0L, 0L, 1L, 0L, 0L, 1L, 1L, 4L, 45L, 1533L, 
    6020L, 69L, 2L, 0L, 0L, 0L, 1L, 81L, 387L, 2L, 0L), dim = c(8L, 
    4L), dimnames = structure(list(c("-5", "-4", "-3", "-2", 
    "-1", "0", "1", "2"), c("A", "G", "T", NA)), names = c("", 
    ""))), LR40_SNP1 = structure(c(406L, 934L, 1L, 3L, 10L, 0L
    ), dim = 3:2, dimnames = structure(list(c("-1", "0", "1"), 
        c("C", NA)), names = c("", ""))), LR44_SNP1 = structure(c(2L, 
    44L, 65L, 445L, 8L, 0L, 8L, 108L, 383L, 8L, 0L, 1L, 1L, 23L, 
    0L), dim = c(5L, 3L), dimnames = structure(list(c("-3", "-2", 
    "-1", "0", "1"), c("C", "T", NA)), names = c("", ""))), LR46_SNP1 = structure(c(10L, 
    3499L, 24L, 0L, 23L, 0L, 1L, 38L, 1L), dim = c(3L, 3L), dimnames = structure(list(
        c("-1", "0", "1"), c("G", "T", NA)), names = c("", ""
    ))), LR48_SNP1 = structure(c(7L, 103L, 1319L, 26L, 4L, 205L, 
    746L, 9L, 0L, 5L, 63L, 1L), dim = 4:3, dimnames = structure(list(
        c("-2", "-1", "0", "1"), c("C", "T", NA)), names = c("", 
    ""))), LR49_SNP1 = structure(c(6L, 1625L, 1L, 69L, 1665L, 
    2L, 0L, 1L, 0L, 0L, 59L, 0L), dim = 3:4, dimnames = structure(list(
        c("-1", "0", "1"), c("A", "G", "T", NA)), names = c("", 
    ""))), LR52_SNP1 = structure(c(6L, 198L, 209L, 580L, 8L, 
    0L, 1L, 2L, 12L, 0L, 0L, 0L, 11L, 120L, 1L), dim = c(5L, 
    3L), dimnames = structure(list(c("-3", "-2", "-1", "0", "1"
    ), c("C", "T", NA)), names = c("", ""))))
