Result <-
list(DEPDC2_SNP1 = structure(c(0L, 0L, 1L, 0L, 0L, 0L, 3L, 0L, 
0L, 64L, 5743L, 20L, 1L, 42L, 5683L, 42L, 0L, 1L, 250L, 0L), dim = 4:5, dimnames = structure(list(
    c("-2", "-1", "0", "1"), c("-", "A", "C", "T", NA)), names = c("", 
""))), GM01_SNP1 = structure(c(102L, 7462L, 28L, 0L, 15L, 0L, 
3L, 92L, 1L), dim = c(3L, 3L), dimnames = structure(list(c("-1", 
"0", "1"), c("A", "G", NA)), names = c("", ""))), GM07_SNP1 = structure(c(1L, 
132L, 2725L, 59L, 1L, 2L, 115L, 2467L, 52L, 2L, 1L, 1L, 107L, 
1L, 0L), dim = c(5L, 3L), dimnames = structure(list(c("-2", "-1", 
"0", "1", "2"), c("A", "G", NA)), names = c("", ""))), GM09_SNP1 = structure(c(96L, 
19684L, 33L, 2L, 156L, 1L, 0L, 2L, 0L, 1L, 190L, 0L), dim = 3:4, dimnames = structure(list(
    c("-1", "0", "1"), c("A", "G", "T", NA)), names = c("", ""
))), GM11_SNP1 = structure(c(0L, 0L, 1L, 0L, 1L, 11L, 1840L, 
6L, 0L, 8L, 1727L, 9L, 0L, 0L, 25L, 0L), dim = c(4L, 4L), dimnames = structure(list(
    c("-2", "-1", "0", "1"), c("-", "A", "G", NA)), names = c("", 
""))), GM14_SNP1 = structure(c(0L, 4L, 120L, 3191L, 28L, 0L, 
1L, 1L, 73L, 2763L, 15L, 1L, 0L, 0L, 0L, 85L, 0L, 0L), dim = c(6L, 
3L), dimnames = structure(list(c("-3", "-2", "-1", "0", "1", 
"2"), c("C", "T", NA)), names = c("", ""))), GM17_SNP1 = structure(c(0L, 
0L, 1L, 0L, 0L, 59L, 5208L, 15L, 1L, 83L, 6079L, 13L, 0L, 3L, 
118L, 2L), dim = c(4L, 4L), dimnames = structure(list(c("-3", 
"-1", "0", "1"), c("A", "C", "T", NA)), names = c("", ""))), 
    GM22_SNP1 = structure(c(0L, 48L, 3429L, 6L, 1L, 42L, 3292L, 
    16L, 0L, 0L, 147L, 2L), dim = 4:3, dimnames = structure(list(
        c("-2", "-1", "0", "1"), c("A", "G", NA)), names = c("", 
    ""))), GM26_SNP1 = structure(c(0L, 11L, 1978L, 6L, 1L, 8L, 
    1689L, 10L, 0L, 1L, 83L, 0L), dim = 4:3, dimnames = structure(list(
        c("-2", "-1", "0", "1"), c("A", "G", NA)), names = c("", 
    ""))), GM29_SNP1 = structure(c(1L, 0L, 69L, 3070L, 11L, 0L, 
    1L, 37L, 3091L, 5L, 0L, 0L, 0L, 2L, 0L, 0L, 0L, 0L, 71L, 
    0L), dim = 5:4, dimnames = structure(list(c("-3", "-2", "-1", 
    "0", "1"), c("A", "G", "T", NA)), names = c("", ""))), IM16_SNP1 = structure(c(0L, 
    2L, 239L, 6L, 0L, 0L, 1L, 0L, 1L, 53L, 6489L, 78L, 0L, 0L, 
    2L, 0L, 0L, 0L, 102L, 5L), dim = 4:5, dimnames = structure(list(
        c("-2", "-1", "0", "1"), c("A", "C", "G", "T", NA)), names = c("", 
    ""))), IM49_SNP1 = structure(c(0L, 0L, 0L, 1L, 0L, 0L, 1L, 
    5L, 351L, 7259L, 146L, 1L, 0L, 5L, 226L, 5854L, 94L, 0L, 
    0L, 0L, 0L, 1L, 0L, 0L, 0L, 0L, 7L, 431L, 9L, 0L), dim = 6:5, dimnames = structure(list(
        c("-4", "-2", "-1", "0", "1", "2"), c("A", "C", "G", 
        "T", NA)), names = c("", ""))), LR10_SNP1 = structure(c(0L, 
    1L, 0L, 0L, 14L, 0L, 73L, 5577L, 9L, 1L, 59L, 2L), dim = 3:4, dimnames = structure(list(
        c("-1", "0", "1"), c("A", "C", "T", NA)), names = c("", 
    ""))), LR11_SNP1 = structure(c(0L, 1L, 0L, 0L, 0L, 3L, 146L, 
    3101L, 19L, 0L, 0L, 57L, 2324L, 22L, 2L, 0L, 0L, 1L, 0L, 
    0L, 0L, 3L, 138L, 1L, 0L), dim = c(5L, 5L), dimnames = structure(list(
        c("-2", "-1", "0", "1", "2"), c("-", "A", "C", "G", NA
        )), names = c("", ""))), LR17_SNP1 = structure(c(6L, 
    273L, 5954L, 73L, 2L, 0L, 0L, 5L, 0L, 0L, 0L, 12L, 378L, 
    2L, 0L), dim = c(5L, 3L), dimnames = structure(list(c("-2", 
    "-1", "0", "1", "2"), c("A", "G", NA)), names = c("", ""))), 
    LR20_SNP1 = structure(c(0L, 3L, 0L, 10L, 7409L, 6L, 0L, 1L, 
    0L, 0L, 10L, 0L, 0L, 25L, 0L), dim = c(3L, 5L), dimnames = structure(list(
        c("-1", "0", "1"), c("-", "A", "C", "G", NA)), names = c("", 
    ""))), LR24_SNP1 = structure(c(0L, 0L, 0L, 1L, 0L, 1L, 1L, 
    34L, 8090L, 15L, 0L, 0L, 0L, 2L, 0L, 1L, 2L, 50L, 8637L, 
    22L, 0L, 0L, 0L, 1L, 0L, 0L, 0L, 1L, 152L, 1L), dim = 5:6, dimnames = structure(list(
        c("-3", "-2", "-1", "0", "1"), c("-", "A", "C", "G", 
        "T", NA)), names = c("", ""))), LR36_SNP1 = structure(c(0L, 
    0L, 0L, 0L, 0L, 2L, 0L, 0L, 0L, 1L, 7L, 92L, 5176L, 37L, 
    0L, 0L, 0L, 0L, 0L, 1L, 0L, 1L, 1L, 0L, 10L, 89L, 4729L, 
    33L, 0L, 0L, 0L, 1L, 10L, 457L, 5L), dim = c(7L, 5L), dimnames = structure(list(
        c("-5", "-4", "-3", "-2", "-1", "0", "1"), c("-", "A", 
        "C", "T", NA)), names = c("", ""))), LR40_SNP1 = structure(c(0L, 
    3L, 0L, 0L, 52L, 5393L, 13L, 1L, 0L, 1L, 0L, 0L, 0L, 40L, 
    0L, 0L), dim = c(4L, 4L), dimnames = structure(list(c("-1", 
    "0", "1", "2"), c("A", "C", "T", NA)), names = c("", ""))), 
    LR44_SNP1 = structure(c(0L, 0L, 1L, 0L, 0L, 17L, 372L, 4573L, 
    73L, 2L, 0L, 0L, 21L, 0L, 0L, 0L, 10L, 142L, 1L, 0L), dim = 5:4, dimnames = structure(list(
        c("-2", "-1", "0", "1", "2"), c("A", "C", "T", NA)), names = c("", 
    ""))), LR46_SNP1 = structure(c(0L, 0L, 2L, 0L, 1L, 22L, 4297L, 
    7L, 0L, 0L, 6L, 0L, 0L, 0L, 47L, 0L), dim = c(4L, 4L), dimnames = structure(list(
        c("-2", "-1", "0", "1"), c("A", "G", "T", NA)), names = c("", 
    ""))), LR48_SNP1 = structure(c(2L, 3L, 212L, 5197L, 71L, 
    0L, 0L, 1L, 142L, 2L), dim = c(5L, 2L), dimnames = structure(list(
        c("-3", "-2", "-1", "0", "1"), c("C", NA)), names = c("", 
    ""))), LR49_SNP1 = structure(c(0L, 19L, 0L, 7L, 5381L, 1L, 
    0L, 40L, 0L), dim = c(3L, 3L), dimnames = structure(list(
        c("-1", "0", "1"), c("A", "G", NA)), names = c("", ""
    ))), LR52_SNP1 = structure(c(0L, 0L, 0L, 2L, 0L, 1L, 26L, 
    219L, 1920L, 22L, 0L, 12L, 248L, 1372L, 17L, 0L, 1L, 29L, 
    441L, 4L), dim = 5:4, dimnames = structure(list(c("-3", "-2", 
    "-1", "0", "1"), c("A", "C", "T", NA)), names = c("", ""))))
