Result <-
list(DEPDC2_SNP1 = structure(c(0L, 3L, 0L, 1L, 37L, 0L, 125L, 
15736L, 57L, 1L, 233L, 0L), dim = 3:4, dimnames = structure(list(
    c("-1", "0", "1"), c("A", "C", "T", NA)), names = c("", ""
))), GM01_SNP1 = structure(c(1L, 1L, 278L, 1L, 2L, 157L, 10451L, 
38L, 0L, 0L, 130L, 0L), dim = 4:3, dimnames = structure(list(
    c("-2", "-1", "0", "1"), c("A", "G", NA)), names = c("", 
""))), GM07_SNP1 = structure(c(0L, 0L, 1L, 0L, 0L, 1L, 167L, 
3206L, 78L, 1L, 5L, 165L, 2874L, 84L, 2L, 0L, 0L, 2L, 0L, 0L, 
0L, 6L, 105L, 0L, 0L), dim = c(5L, 5L), dimnames = structure(list(
    c("-2", "-1", "0", "1", "2"), c("-", "A", "G", "T", NA)), names = c("", 
""))), GM09_SNP1 = structure(c(0L, 2L, 321L, 0L, 1L, 72L, 16035L, 
24L, 0L, 1L, 2L, 0L, 0L, 0L, 176L, 0L), dim = c(4L, 4L), dimnames = structure(list(
    c("-2", "-1", "0", "1"), c("A", "G", "T", NA)), names = c("", 
""))), GM11_SNP1 = structure(c(0L, 0L, 2L, 0L, 1L, 7L, 2275L, 
8L, 0L, 24L, 2553L, 23L, 0L, 0L, 1L, 0L, 0L, 0L, 33L, 1L), dim = 4:5, dimnames = structure(list(
    c("-2", "-1", "0", "1"), c("-", "A", "G", "T", NA)), names = c("", 
""))), GM14_SNP1 = structure(c(0L, 0L, 1L, 0L, 0L, 2L, 140L, 
4438L, 34L, 0L, 7L, 87L, 4027L, 18L, 1L, 0L, 0L, 126L, 2L, 0L
), dim = 5:4, dimnames = structure(list(c("-2", "-1", "0", "1", 
"2"), c("A", "C", "T", NA)), names = c("", ""))), GM17_SNP1 = structure(c(1L, 
94L, 8068L, 20L, 1L, 0L, 5L, 92L, 2L, 0L, 0L, 0L, 97L, 0L, 0L
), dim = c(5L, 3L), dimnames = structure(list(c("-2", "-1", "0", 
"1", "2"), c("C", "T", NA)), names = c("", ""))), GM22_SNP1 = structure(c(0L, 
0L, 111L, 0L, 0L, 1L, 79L, 6132L, 22L, 1L, 0L, 3L, 188L, 2L, 
0L), dim = c(5L, 3L), dimnames = structure(list(c("-2", "-1", 
"0", "1", "2"), c("A", "G", NA)), names = c("", ""))), GM26_SNP1 = structure(c(0L, 
13L, 1973L, 5L, 1L, 12L, 2371L, 23L, 0L, 0L, 74L, 0L), dim = 4:3, dimnames = structure(list(
    c("-2", "-1", "0", "1"), c("A", "G", NA)), names = c("", 
""))), GM29_SNP1 = structure(c(1L, 1L, 82L, 6389L, 20L, 0L, 0L, 
0L, 1L, 0L, 0L, 0L, 3L, 48L, 1L, 0L, 0L, 0L, 1L, 0L, 0L, 0L, 
1L, 77L, 0L), dim = c(5L, 5L), dimnames = structure(list(c("-3", 
"-2", "-1", "0", "1"), c("A", "C", "G", "T", NA)), names = c("", 
""))), IM16_SNP1 = structure(c(0L, 3L, 0L, 0L, 49L, 6130L, 74L, 
1L, 0L, 95L, 4L, 0L), dim = 4:3, dimnames = structure(list(c("-1", 
"0", "1", "2"), c("A", "G", NA)), names = c("", ""))), IM49_SNP1 = structure(c(0L, 
0L, 2L, 0L, 0L, 7L, 342L, 5699L, 119L, 2L, 9L, 271L, 6110L, 112L, 
2L, 0L, 0L, 2L, 0L, 0L, 1L, 10L, 429L, 9L, 1L), dim = c(5L, 5L
), dimnames = structure(list(c("-2", "-1", "0", "1", "2"), c("A", 
"C", "G", "T", NA)), names = c("", ""))), LR10_SNP1 = structure(c(0L, 
0L, 1L, 0L, 2L, 80L, 3219L, 22L, 0L, 0L, 1L, 0L, 0L, 88L, 3731L, 
12L, 0L, 2L, 78L, 1L), dim = 4:5, dimnames = structure(list(c("-2", 
"-1", "0", "1"), c("A", "C", "G", "T", NA)), names = c("", ""
))), LR11_SNP1 = structure(c(0L, 0L, 0L, 14L, 0L, 0L, 0L, 1L, 
5L, 206L, 5694L, 34L, 2L, 1L, 0L, 0L, 6L, 186L, 3L, 0L, 0L), dim = c(7L, 
3L), dimnames = structure(list(c("-3", "-2", "-1", "0", "1", 
"2", "3"), c("A", "C", NA)), names = c("", ""))), LR17_SNP1 = structure(c(2L, 
4L, 276L, 6242L, 84L, 1L, 0L, 0L, 1L, 4L, 0L, 0L, 0L, 0L, 6L, 
506L, 5L, 0L), dim = c(6L, 3L), dimnames = structure(list(c("-3", 
"-2", "-1", "0", "1", "2"), c("A", "G", NA)), names = c("", ""
))), LR20_SNP1 = structure(c(4L, 3133L, 6L, 8L, 3138L, 5L, 0L, 
51L, 1L), dim = c(3L, 3L), dimnames = structure(list(c("-1", 
"0", "1"), c("A", "G", NA)), names = c("", ""))), LR24_SNP1 = structure(c(32L, 
8486L, 31L, 0L, 1L, 0L, 29L, 8289L, 17L, 0L, 140L, 2L), dim = 3:4, dimnames = structure(list(
    c("-1", "0", "1"), c("A", "C", "G", NA)), names = c("", ""
))), LR36_SNP1 = structure(c(0L, 0L, 0L, 1L, 40L, 0L, 0L, 0L, 
0L, 0L, 0L, 2L, 0L, 0L, 1L, 4L, 84L, 221L, 10074L, 114L, 1L, 
0L, 1L, 3L, 15L, 678L, 8L, 0L), dim = c(7L, 4L), dimnames = structure(list(
    c("-6", "-3", "-2", "-1", "0", "1", "2"), c("A", "C", "T", 
    NA)), names = c("", ""))), LR40_SNP1 = structure(c(1L, 36L, 
0L, 55L, 5098L, 13L, 0L, 34L, 0L), dim = c(3L, 3L), dimnames = structure(list(
    c("-1", "0", "1"), c("A", "C", NA)), names = c("", ""))), 
    LR44_SNP1 = structure(c(0L, 0L, 0L, 1L, 0L, 0L, 0L, 25L, 
    394L, 3482L, 59L, 1L, 0L, 0L, 0L, 1L, 0L, 0L, 1L, 22L, 337L, 
    4522L, 63L, 2L, 0L, 2L, 10L, 184L, 3L, 0L), dim = 6:5, dimnames = structure(list(
        c("-3", "-2", "-1", "0", "1", "2"), c("A", "C", "G", 
        "T", NA)), names = c("", ""))), LR46_SNP1 = structure(c(0L, 
    1L, 0L, 18L, 5082L, 20L, 0L, 49L, 0L, 0L, 52L, 1L), dim = 3:4, dimnames = structure(list(
        c("-1", "0", "1"), c("C", "G", "T", NA)), names = c("", 
    ""))), LR48_SNP1 = structure(c(0L, 0L, 1L, 0L, 0L, 7L, 243L, 
    6355L, 97L, 2L, 0L, 0L, 2L, 0L, 0L, 0L, 3L, 162L, 1L, 0L), dim = 5:4, dimnames = structure(list(
        c("-2", "-1", "0", "1", "2"), c("A", "C", "T", NA)), names = c("", 
    ""))), LR49_SNP1 = structure(c(9L, 4634L, 0L, 0L, 1L, 0L, 
    13L, 4984L, 2L, 0L, 2L, 0L, 1L, 123L, 0L), dim = c(3L, 5L
    ), dimnames = structure(list(c("-1", "0", "1"), c("A", "C", 
    "G", "T", NA)), names = c("", ""))), LR52_SNP1 = structure(c(0L, 
    0L, 0L, 2L, 0L, 4L, 35L, 494L, 4073L, 30L, 0L, 2L, 3L, 34L, 
    0L, 0L, 0L, 37L, 956L, 10L), dim = 5:4, dimnames = structure(list(
        c("-3", "-2", "-1", "0", "1"), c("A", "C", "T", NA)), names = c("", 
    ""))))
