Result <-
list(DEPDC2_SNP1 = structure(c(0L, 0L, 49L, 0L, 1L, 105L, 15816L, 
80L, 0L, 0L, 265L, 2L), dim = 4:3, dimnames = structure(list(
    c("-2", "-1", "0", "1"), c("C", "T", NA)), names = c("", 
""))), GM01_SNP1 = structure(c(0L, 67L, 4120L, 15L, 2L, 1L, 56L, 
4340L, 14L, 0L, 0L, 3L, 98L, 3L, 0L), dim = c(5L, 3L), dimnames = structure(list(
    c("-2", "-1", "0", "1", "2"), c("A", "G", NA)), names = c("", 
""))), GM07_SNP1 = structure(c(9L, 259L, 3752L, 83L, 1L, 2L, 
125L, 2879L, 82L, 2L, 0L, 0L, 1L, 0L, 0L, 1L, 11L, 114L, 1L, 
0L), dim = 5:4, dimnames = structure(list(c("-2", "-1", "0", 
"1", "2"), c("A", "G", "T", NA)), names = c("", ""))), GM09_SNP1 = structure(c(0L, 
1L, 0L, 74L, 12977L, 24L, 1L, 24L, 0L, 0L, 1L, 0L, 1L, 113L, 
0L), dim = c(3L, 5L), dimnames = structure(list(c("-1", "0", 
"1"), c("-", "A", "G", "T", NA)), names = c("", ""))), GM11_SNP1 = structure(c(28L, 
2046L, 6L, 14L, 2050L, 6L, 0L, 42L, 0L), dim = c(3L, 3L), dimnames = structure(list(
    c("-1", "0", "1"), c("A", "G", NA)), names = c("", ""))), 
    GM14_SNP1 = structure(c(0L, 0L, 0L, 1L, 0L, 2L, 11L, 247L, 
    7497L, 58L, 0L, 0L, 1L, 63L, 1L, 0L, 0L, 0L, 103L, 0L), dim = 5:4, dimnames = structure(list(
        c("-3", "-2", "-1", "0", "1"), c("A", "C", "T", NA)), names = c("", 
    ""))), GM17_SNP1 = structure(c(0L, 1L, 117L, 10150L, 29L, 
    0L, 0L, 0L, 1L, 0L, 1L, 2L, 40L, 3702L, 11L, 0L, 0L, 3L, 
    162L, 0L), dim = 5:4, dimnames = structure(list(c("-3", "-2", 
    "-1", "0", "1"), c("C", "G", "T", NA)), names = c("", ""))), 
    GM22_SNP1 = structure(c(1L, 30L, 2605L, 8L, 1L, 0L, 34L, 
    2449L, 16L, 0L, 0L, 3L, 103L, 1L, 0L), dim = c(5L, 3L), dimnames = structure(list(
        c("-2", "-1", "0", "1", "2"), c("A", "G", NA)), names = c("", 
    ""))), GM26_SNP1 = structure(c(3L, 32L, 5008L, 17L, 2L, 0L, 
    0L, 6L, 0L, 0L, 0L, 0L, 1L, 0L, 0L, 0L, 0L, 94L, 1L, 0L), dim = 5:4, dimnames = structure(list(
        c("-2", "-1", "0", "1", "2"), c("A", "G", "T", NA)), names = c("", 
    ""))), GM29_SNP1 = structure(c(1L, 0L, 55L, 2480L, 5L, 1L, 
    0L, 1L, 42L, 2641L, 10L, 0L, 0L, 0L, 1L, 59L, 0L, 0L), dim = c(6L, 
    3L), dimnames = structure(list(c("-3", "-2", "-1", "0", "1", 
    "2"), c("A", "G", NA)), names = c("", ""))), IM16_SNP1 = structure(c(1L, 
    38L, 5841L, 68L, 3L, 0L, 0L, 22L, 0L, 0L, 0L, 0L, 3L, 0L, 
    0L, 0L, 0L, 88L, 1L, 0L), dim = 5:4, dimnames = structure(list(
        c("-2", "-1", "0", "1", "2"), c("A", "G", "T", NA)), names = c("", 
    ""))), IM49_SNP1 = structure(c(0L, 0L, 1L, 0L, 0L, 9L, 183L, 
    4506L, 83L, 0L, 3L, 125L, 4008L, 82L, 1L, 0L, 5L, 261L, 9L, 
    2L), dim = 5:4, dimnames = structure(list(c("-2", "-1", "0", 
    "1", "2"), c("A", "C", "G", NA)), names = c("", ""))), LR10_SNP1 = structure(c(0L, 
    85L, 2735L, 20L, 1L, 64L, 3796L, 12L, 0L, 3L, 70L, 1L), dim = 4:3, dimnames = structure(list(
        c("-2", "-1", "0", "1"), c("C", "T", NA)), names = c("", 
    ""))), LR11_SNP1 = structure(c(0L, 69L, 1L, 0L, 100L, 4712L, 
    37L, 1L, 0L, 1L, 0L, 0L, 2L, 165L, 2L, 0L), dim = c(4L, 4L
    ), dimnames = structure(list(c("-1", "0", "1", "2"), c("A", 
    "C", "T", NA)), names = c("", ""))), LR17_SNP1 = structure(c(4L, 
    218L, 5710L, 87L, 1L, 0L, 0L, 1L, 0L, 0L, 1L, 11L, 401L, 
    3L, 0L), dim = c(5L, 3L), dimnames = structure(list(c("-2", 
    "-1", "0", "1", "2"), c("A", "G", NA)), names = c("", ""))), 
    LR20_SNP1 = structure(c(0L, 8L, 0L, 14L, 7213L, 8L, 0L, 1L, 
    0L, 0L, 88L, 0L), dim = 3:4, dimnames = structure(list(c("-1", 
    "0", "1"), c("A", "G", "T", NA)), names = c("", ""))), LR24_SNP1 = structure(c(0L, 
    27L, 6322L, 16L, 0L, 23L, 6340L, 52L, 1L, 1L, 121L, 0L), dim = 4:3, dimnames = structure(list(
        c("-2", "-1", "0", "1"), c("A", "G", NA)), names = c("", 
    ""))), LR36_SNP1 = structure(c(0L, 0L, 0L, 39L, 0L, 0L, 0L, 
    0L, 0L, 2L, 0L, 0L, 1L, 17L, 133L, 6441L, 64L, 2L, 0L, 0L, 
    13L, 465L, 4L, 0L), dim = c(6L, 4L), dimnames = structure(list(
        c("-5", "-2", "-1", "0", "1", "2"), c("A", "G", "T", 
        NA)), names = c("", ""))), LR40_SNP1 = structure(c(47L, 
    4450L, 19L, 0L, 1L, 0L, 0L, 32L, 0L), dim = c(3L, 3L), dimnames = structure(list(
        c("-1", "0", "1"), c("C", "G", NA)), names = c("", ""
    ))), LR44_SNP1 = structure(c(0L, 0L, 30L, 0L, 0L, 9L, 239L, 
    3223L, 62L, 3L, 0L, 0L, 52L, 1L, 0L, 11L, 300L, 2931L, 67L, 
    0L, 0L, 9L, 162L, 1L, 0L), dim = c(5L, 5L), dimnames = structure(list(
        c("-2", "-1", "0", "1", "2"), c("A", "C", "G", "T", NA
        )), names = c("", ""))), LR46_SNP1 = structure(c(0L, 
    1L, 0L, 0L, 1L, 0L, 14L, 3069L, 10L, 11L, 2745L, 7L, 0L, 
    49L, 1L), dim = c(3L, 5L), dimnames = structure(list(c("-1", 
    "0", "1"), c("A", "C", "G", "T", NA)), names = c("", ""))), 
    LR48_SNP1 = structure(c(0L, 0L, 0L, 1L, 0L, 0L, 1L, 3L, 122L, 
    2781L, 66L, 1L, 0L, 4L, 86L, 3066L, 37L, 0L, 0L, 1L, 4L, 
    162L, 7L, 0L), dim = c(6L, 4L), dimnames = structure(list(
        c("-3", "-2", "-1", "0", "1", "2"), c("A", "C", "T", 
        NA)), names = c("", ""))), LR49_SNP1 = structure(c(11L, 
    7732L, 6L, 0L, 74L, 0L, 0L, 2L, 0L, 0L, 160L, 0L), dim = 3:4, dimnames = structure(list(
        c("-1", "0", "1"), c("A", "G", "T", NA)), names = c("", 
    ""))), LR52_SNP1 = structure(c(0L, 1L, 0L, 6L, 0L, 2L, 21L, 
    273L, 3515L, 41L, 0L, 0L, 7L, 177L, 3L), dim = c(5L, 3L), dimnames = structure(list(
        c("-3", "-2", "-1", "0", "1"), c("C", "T", NA)), names = c("", 
    ""))))
