Result <-
list(DEPDC2_SNP1 = structure(c(0L, 5L, 0L, 0L, 0L, 49L, 0L, 0L, 
177L, 11003L, 364L, 4L, 1L, 162L, 3L, 0L), dim = c(4L, 4L), dimnames = structure(list(
    c("-1", "0", "1", "2"), c("A", "C", "T", NA)), names = c("", 
""))), GM01_SNP1 = structure(c(1L, 75L, 4021L, 11L, 1L, 0L, 75L, 
3645L, 8L, 0L, 0L, 7L, 97L, 1L, 0L), dim = c(5L, 3L), dimnames = structure(list(
    c("-2", "-1", "0", "1", "2"), c("A", "G", NA)), names = c("", 
""))), GM07_SNP1 = structure(c(0L, 0L, 1L, 0L, 0L, 27L, 330L, 
2052L, 46L, 0L, 7L, 256L, 1717L, 56L, 1L, 0L, 4L, 70L, 1L, 0L
), dim = 5:4, dimnames = structure(list(c("-2", "-1", "0", "1", 
"2"), c("-", "A", "G", NA)), names = c("", ""))), GM09_SNP1 = structure(c(50L, 
6158L, 8L, 0L, 1L, 0L, 17L, 5269L, 5L, 0L, 1L, 0L, 0L, 104L, 
0L), dim = c(3L, 5L), dimnames = structure(list(c("-1", "0", 
"1"), c("A", "C", "G", "T", NA)), names = c("", ""))), GM11_SNP1 = structure(c(0L, 
3L, 55L, 0L, 0L, 0L, 1L, 0L, 2L, 60L, 3914L, 14L, 0L, 0L, 2L, 
0L, 0L, 0L, 28L, 0L), dim = 4:5, dimnames = structure(list(c("-2", 
"-1", "0", "1"), c("A", "C", "G", "T", NA)), names = c("", ""
))), GM14_SNP1 = structure(c(0L, 0L, 3L, 0L, 0L, 3L, 67L, 1L, 
9L, 305L, 6757L, 36L, 0L, 1L, 125L, 0L), dim = c(4L, 4L), dimnames = structure(list(
    c("-2", "-1", "0", "1"), c("A", "C", "T", NA)), names = c("", 
""))), GM17_SNP1 = structure(c(0L, 54L, 3142L, 12L, 1L, 46L, 
3594L, 8L, 0L, 3L, 67L, 0L), dim = 4:3, dimnames = structure(list(
    c("-2", "-1", "0", "1"), c("C", "T", NA)), names = c("", 
""))), GM22_SNP1 = structure(c(0L, 0L, 83L, 0L, 8L, 253L, 5926L, 
19L, 0L, 4L, 163L, 2L), dim = 4:3, dimnames = structure(list(
    c("-2", "-1", "0", "1"), c("A", "G", NA)), names = c("", 
""))), GM26_SNP1 = structure(c(2L, 58L, 1860L, 2L, 0L, 32L, 2142L, 
4L, 0L, 3L, 81L, 1L), dim = 4:3, dimnames = structure(list(c("-2", 
"-1", "0", "1"), c("A", "G", NA)), names = c("", ""))), GM29_SNP1 = structure(c(1L, 
139L, 1907L, 7L, 0L, 124L, 1947L, 4L, 0L, 0L, 2L, 0L, 0L, 1L, 
46L, 0L), dim = c(4L, 4L), dimnames = structure(list(c("-2", 
"-1", "0", "1"), c("A", "G", "T", NA)), names = c("", ""))), 
    IM16_SNP1 = structure(c(0L, 1L, 41L, 1L, 0L, 0L, 1L, 0L, 
    3L, 213L, 5383L, 100L, 0L, 0L, 116L, 6L), dim = c(4L, 4L), dimnames = structure(list(
        c("-2", "-1", "0", "1"), c("A", "C", "G", NA)), names = c("", 
    ""))), IM49_SNP1 = structure(c(38L, 323L, 2121L, 38L, 1L, 
    4L, 132L, 1818L, 34L, 1L, 0L, 5L, 148L, 1L, 0L), dim = c(5L, 
    3L), dimnames = structure(list(c("-2", "-1", "0", "1", "2"
    ), c("C", "G", NA)), names = c("", ""))), LR10_SNP1 = structure(c(68L, 
    2863L, 36L, 23L, 0L, 1L, 0L, 0L, 60L, 2945L, 11L, 0L, 2L, 
    67L, 2L, 2L), dim = c(4L, 4L), dimnames = structure(list(
        c("-1", "0", "1", "2"), c("C", "G", "T", NA)), names = c("", 
    ""))), LR11_SNP1 = structure(c(0L, 0L, 1L, 0L, 0L, 7L, 473L, 
    6150L, 43L, 1L, 0L, 2L, 73L, 1L, 0L, 0L, 0L, 1L, 0L, 0L, 
    0L, 4L, 76L, 0L, 0L), dim = c(5L, 5L), dimnames = structure(list(
        c("-2", "-1", "0", "1", "2"), c("-", "A", "C", "G", NA
        )), names = c("", ""))), LR17_SNP1 = structure(c(11L, 
    523L, 5120L, 72L, 2L, 0L, 1L, 2L, 0L, 0L, 0L, 21L, 345L, 
    1L, 0L), dim = c(5L, 3L), dimnames = structure(list(c("-2", 
    "-1", "0", "1", "2"), c("A", "G", NA)), names = c("", ""))), 
    LR20_SNP1 = structure(c(0L, 53L, 0L, 21L, 6571L, 8L, 0L, 
    2L, 0L, 2L, 85L, 0L), dim = 3:4, dimnames = structure(list(
        c("-1", "0", "1"), c("A", "G", "T", NA)), names = c("", 
    ""))), LR24_SNP1 = structure(c(0L, 0L, 151L, 8293L, 24L, 
    1L, 0L, 132L, 5638L, 13L, 0L, 0L, 1L, 0L, 0L, 0L, 1L, 1L, 
    129L, 0L), dim = 5:4, dimnames = structure(list(c("-3", "-2", 
    "-1", "0", "1"), c("A", "G", "T", NA)), names = c("", ""))), 
    LR36_SNP1 = structure(c(0L, 0L, 0L, 0L, 1L, 0L, 0L, 0L, 0L, 
    1L, 3L, 35L, 0L, 0L, 0L, 0L, 0L, 1L, 2L, 0L, 0L, 0L, 0L, 
    0L, 0L, 2L, 0L, 0L, 1L, 3L, 127L, 892L, 5152L, 48L, 2L, 0L, 
    0L, 2L, 39L, 351L, 2L, 0L), dim = 7:6, dimnames = structure(list(
        c("-4", "-3", "-2", "-1", "0", "1", "2"), c("-", "A", 
        "C", "G", "T", NA)), names = c("", ""))), LR40_SNP1 = structure(c(18L, 
    1941L, 5L, 35L, 1945L, 5L, 0L, 2L, 0L, 1L, 26L, 1L), dim = 3:4, dimnames = structure(list(
        c("-1", "0", "1"), c("A", "C", "T", NA)), names = c("", 
    ""))), LR44_SNP1 = structure(c(0L, 0L, 0L, 2L, 25L, 0L, 0L, 
    1L, 3L, 70L, 633L, 4349L, 55L, 4L, 0L, 0L, 0L, 2L, 52L, 0L, 
    0L, 0L, 0L, 0L, 0L, 40L, 1L, 0L, 0L, 0L, 0L, 8L, 142L, 1L, 
    0L), dim = c(7L, 5L), dimnames = structure(list(c("-4", "-3", 
    "-2", "-1", "0", "1", "2"), c("A", "C", "G", "T", NA)), names = c("", 
    ""))), LR46_SNP1 = structure(c(0L, 2L, 0L, 0L, 1L, 0L, 16L, 
    2520L, 8L, 193L, 2421L, 5L, 3L, 38L, 0L), dim = c(3L, 5L), dimnames = structure(list(
        c("-1", "0", "1"), c("-", "A", "G", "T", NA)), names = c("", 
    ""))), LR48_SNP1 = structure(c(8L, 547L, 5108L, 85L, 3L, 
    0L, 3L, 18L, 1L, 0L, 0L, 6L, 149L, 2L, 0L), dim = c(5L, 3L
    ), dimnames = structure(list(c("-2", "-1", "0", "1", "2"), 
        c("C", "T", NA)), names = c("", ""))), LR49_SNP1 = structure(c(20L, 
    3236L, 3L, 28L, 3067L, 1L, 0L, 1L, 0L, 0L, 81L, 0L), dim = 3:4, dimnames = structure(list(
        c("-1", "0", "1"), c("A", "G", "T", NA)), names = c("", 
    ""))), LR52_SNP1 = structure(c(0L, 0L, 0L, 1L, 0L, 0L, 2L, 
    56L, 549L, 1815L, 35L, 0L, 2L, 26L, 301L, 2229L, 40L, 1L, 
    0L, 0L, 46L, 554L, 11L, 0L), dim = c(6L, 4L), dimnames = structure(list(
        c("-3", "-2", "-1", "0", "1", "2"), c("A", "C", "T", 
        NA)), names = c("", ""))))
