Result <-
list(DEPDC2_SNP1 = structure(c(0L, 3L, 0L, 1L, 12L, 0L, 236L, 
10508L, 42L, 1L, 161L, 0L), dim = 3:4, dimnames = structure(list(
    c("-1", "0", "1"), c("A", "C", "T", NA)), names = c("", ""
))), GM01_SNP1 = structure(c(1L, 43L, 2483L, 9L, 0L, 0L, 1L, 
0L, 0L, 22L, 2357L, 8L, 0L, 0L, 59L, 1L), dim = c(4L, 4L), dimnames = structure(list(
    c("-2", "-1", "0", "1"), c("A", "C", "G", NA)), names = c("", 
""))), GM07_SNP1 = structure(c(0L, 1L, 262L, 1479L, 33L, 0L, 
1L, 76L, 244L, 1507L, 44L, 2L, 0L, 0L, 0L, 1L, 0L, 0L, 0L, 0L, 
6L, 53L, 1L, 0L), dim = c(6L, 4L), dimnames = structure(list(
    c("-3", "-2", "-1", "0", "1", "2"), c("A", "G", "T", NA)), names = c("", 
""))), GM09_SNP1 = structure(c(0L, 1L, 198L, 156L, 4L, 1L, 1L, 
29L, 8360L, 18L, 1L, 0L, 0L, 0L, 1L, 0L, 0L, 0L, 0L, 1L, 95L, 
1L, 0L, 0L), dim = c(6L, 4L), dimnames = structure(list(c("-2", 
"-1", "0", "1", "2", "3"), c("A", "G", "T", NA)), names = c("", 
""))), GM11_SNP1 = structure(c(1L, 3L, 743L, 0L, 0L, 9L, 1581L, 
5L, 0L, 0L, 16L, 0L), dim = 4:3, dimnames = structure(list(c("-2", 
"-1", "0", "1"), c("A", "G", NA)), names = c("", ""))), GM14_SNP1 = structure(c(0L, 
0L, 2L, 0L, 0L, 8L, 392L, 5178L, 28L, 2L, 1L, 13L, 599L, 0L, 
0L, 0L, 0L, 71L, 1L, 0L), dim = 5:4, dimnames = structure(list(
    c("-2", "-1", "0", "1", "2"), c("A", "C", "T", NA)), names = c("", 
""))), GM17_SNP1 = structure(c(1L, 108L, 5032L, 15L, 0L, 1L, 
27L, 0L, 0L, 1L, 58L, 1L), dim = 4:3, dimnames = structure(list(
    c("-2", "-1", "0", "1"), c("C", "T", NA)), names = c("", 
""))), GM22_SNP1 = structure(c(1L, 17L, 2232L, 15L, 0L, 6L, 1137L, 
5L, 0L, 2L, 65L, 1L), dim = 4:3, dimnames = structure(list(c("-2", 
"-1", "0", "1"), c("A", "G", NA)), names = c("", ""))), GM26_SNP1 = structure(c(26L, 
3080L, 8L, 0L, 5L, 0L, 1L, 49L, 0L), dim = c(3L, 3L), dimnames = structure(list(
    c("-1", "0", "1"), c("A", "G", NA)), names = c("", ""))), 
    GM29_SNP1 = structure(c(1L, 3L, 128L, 3066L, 10L, 0L, 0L, 
    0L, 12L, 0L, 0L, 0L, 0L, 35L, 0L), dim = c(5L, 3L), dimnames = structure(list(
        c("-3", "-2", "-1", "0", "1"), c("A", "G", NA)), names = c("", 
    ""))), IM16_SNP1 = structure(c(17L, 1176L, 20L, 0L, 327L, 
    1954L, 22L, 1L, 2L, 42L, 0L, 0L), dim = 4:3, dimnames = structure(list(
        c("-1", "0", "1", "2"), c("A", "G", NA)), names = c("", 
    ""))), IM49_SNP1 = structure(c(9L, 713L, 105L, 2783L, 45L, 
    1L, 0L, 1L, 5L, 400L, 2419L, 48L, 0L, 1L, 1L, 2L, 8L, 190L, 
    1L, 0L, 0L), dim = c(7L, 3L), dimnames = structure(list(c("-3", 
    "-2", "-1", "0", "1", "2", "4"), c("C", "G", NA)), names = c("", 
    ""))), LR10_SNP1 = structure(c(40L, 1494L, 16L, 23L, 1486L, 
    4L, 0L, 38L, 0L), dim = c(3L, 3L), dimnames = structure(list(
        c("-1", "0", "1"), c("C", "T", NA)), names = c("", ""
    ))), LR11_SNP1 = structure(c(0L, 1L, 13L, 0L, 0L, 4L, 60L, 
    3772L, 32L, 1L, 0L, 3L, 108L, 0L, 0L), dim = c(5L, 3L), dimnames = structure(list(
        c("-2", "-1", "0", "1", "2"), c("A", "C", NA)), names = c("", 
    ""))), LR17_SNP1 = structure(c(12L, 394L, 3968L, 212L, 5L, 
    0L, 0L, 3L, 0L, 0L, 0L, 33L, 236L, 1L, 0L), dim = c(5L, 3L
    ), dimnames = structure(list(c("-2", "-1", "0", "1", "2"), 
        c("A", "G", NA)), names = c("", ""))), LR20_SNP1 = structure(c(0L, 
    147L, 0L, 0L, 1L, 0L, 4L, 2743L, 6L, 0L, 27L, 0L), dim = 3:4, dimnames = structure(list(
        c("-1", "0", "1"), c("A", "C", "G", NA)), names = c("", 
    ""))), LR24_SNP1 = structure(c(2L, 768L, 10382L, 22L, 0L, 
    0L, 1L, 0L, 0L, 1L, 21L, 1L, 0L, 6L, 105L, 1L), dim = c(4L, 
    4L), dimnames = structure(list(c("-2", "-1", "0", "1"), c("A", 
    "C", "G", NA)), names = c("", ""))), LR36_SNP1 = structure(c(0L, 
    1L, 24L, 0L, 0L, 0L, 4L, 0L, 8L, 99L, 5169L, 49L, 0L, 7L, 
    326L, 3L), dim = c(4L, 4L), dimnames = structure(list(c("-2", 
    "-1", "0", "1"), c("A", "G", "T", NA)), names = c("", ""))), 
    LR40_SNP1 = structure(c(0L, 0L, 5L, 0L, 1L, 163L, 2363L, 
    2L, 0L, 0L, 14L, 0L), dim = 4:3, dimnames = structure(list(
        c("-2", "-1", "0", "1"), c("A", "C", NA)), names = c("", 
    ""))), LR44_SNP1 = structure(c(0L, 0L, 1L, 0L, 0L, 31L, 562L, 
    4852L, 125L, 1L, 0L, 0L, 1L, 0L, 0L, 1L, 54L, 850L, 30L, 
    0L, 1L, 19L, 144L, 2L, 0L), dim = c(5L, 5L), dimnames = structure(list(
        c("-2", "-1", "0", "1", "2"), c("A", "C", "G", "T", NA
        )), names = c("", ""))), LR46_SNP1 = structure(c(0L, 
    1L, 0L, 16L, 3532L, 7L, 4L, 365L, 3L, 1L, 28L, 0L), dim = 3:4, dimnames = structure(list(
        c("-1", "0", "1"), c("C", "G", "T", NA)), names = c("", 
    ""))), LR48_SNP1 = structure(c(0L, 0L, 1L, 0L, 12L, 908L, 
    106L, 1L, 1L, 132L, 4264L, 51L, 0L, 12L, 145L, 1L), dim = c(4L, 
    4L), dimnames = structure(list(c("-2", "-1", "0", "1"), c("A", 
    "C", "T", NA)), names = c("", ""))), LR49_SNP1 = structure(c(4L, 
    2672L, 0L, 4L, 2642L, 2L, 0L, 1L, 0L, 0L, 68L, 0L), dim = 3:4, dimnames = structure(list(
        c("-1", "0", "1"), c("A", "G", "T", NA)), names = c("", 
    ""))), LR52_SNP1 = structure(c(0L, 0L, 0L, 1L, 0L, 2L, 6L, 
    165L, 1536L, 17L, 3L, 215L, 174L, 1512L, 7L, 0L, 1L, 18L, 
    396L, 3L), dim = 5:4, dimnames = structure(list(c("-3", "-2", 
    "-1", "0", "1"), c("A", "C", "T", NA)), names = c("", ""))))
