Result <-
list(DEPDC2_SNP1 = structure(c(0L, 0L, 2L, 0L, 1L, 177L, 9973L, 
34L, 1L, 81L, 13046L, 53L, 0L, 5L, 381L, 0L), dim = c(4L, 4L), dimnames = structure(list(
    c("-2", "-1", "0", "1"), c("A", "C", "T", NA)), names = c("", 
""))), GM01_SNP1 = structure(c(1L, 82L, 3918L, 18L, 0L, 0L, 112L, 
4965L, 149L, 1L, 0L, 0L, 82L, 1L, 0L), dim = c(5L, 3L), dimnames = structure(list(
    c("-2", "-1", "0", "1", "2"), c("A", "G", NA)), names = c("", 
""))), GM07_SNP1 = structure(c(0L, 0L, 2L, 0L, 0L, 0L, 6L, 336L, 
5322L, 245L, 11L, 0L, 5L, 240L, 4546L, 199L, 16L, 1L, 0L, 0L, 
1L, 0L, 0L, 0L, 0L, 3L, 139L, 4L, 1L, 0L), dim = 6:5, dimnames = structure(list(
    c("-2", "-1", "0", "1", "2", "3"), c("-", "A", "G", "T", 
    NA)), names = c("", ""))), GM09_SNP1 = structure(c(143L, 
17083L, 20L, 3L, 71L, 0L, 1L, 110L, 0L), dim = c(3L, 3L), dimnames = structure(list(
    c("-1", "0", "1"), c("A", "G", NA)), names = c("", ""))), 
    GM11_SNP1 = structure(c(1L, 134L, 0L, 36L, 4933L, 45L, 0L, 
    41L, 0L), dim = c(3L, 3L), dimnames = structure(list(c("-1", 
    "0", "1"), c("A", "G", NA)), names = c("", ""))), GM14_SNP1 = structure(c(0L, 
    0L, 1L, 0L, 0L, 0L, 0L, 0L, 0L, 1L, 0L, 0L, 1L, 4L, 220L, 
    5401L, 45L, 4L, 0L, 0L, 0L, 1L, 0L, 0L, 3L, 8L, 331L, 4905L, 
    30L, 0L, 0L, 0L, 1L, 143L, 1L, 0L), dim = c(6L, 6L), dimnames = structure(list(
        c("-3", "-2", "-1", "0", "1", "2"), c("-", "A", "C", 
        "G", "T", NA)), names = c("", ""))), GM17_SNP1 = structure(c(0L, 
    0L, 1L, 0L, 0L, 0L, 10L, 396L, 0L, 0L, 4L, 125L, 10727L, 
    40L, 2L, 0L, 2L, 75L, 1L, 0L), dim = 5:4, dimnames = structure(list(
        c("-2", "-1", "0", "1", "2"), c("A", "C", "T", NA)), names = c("", 
    ""))), GM22_SNP1 = structure(c(3L, 121L, 8333L, 60L, 1L, 
    0L, 0L, 1L, 0L, 0L, 0L, 0L, 3L, 0L, 0L, 0L, 1L, 144L, 1L, 
    0L), dim = 5:4, dimnames = structure(list(c("-2", "-1", "0", 
    "1", "2"), c("A", "C", "G", NA)), names = c("", ""))), GM26_SNP1 = structure(c(0L, 
    76L, 4365L, 11L, 0L, 3L, 39L, 4658L, 20L, 2L, 0L, 4L, 153L, 
    0L, 0L), dim = c(5L, 3L), dimnames = structure(list(c("-2", 
    "-1", "0", "1", "2"), c("A", "G", NA)), names = c("", ""))), 
    GM29_SNP1 = structure(c(300L, 7638L, 31L, 0L, 5L, 0L, 2L, 
    91L, 0L), dim = c(3L, 3L), dimnames = structure(list(c("-1", 
    "0", "1"), c("A", "G", NA)), names = c("", ""))), IM16_SNP1 = structure(c(29L, 
    2462L, 24L, 3L, 26L, 2446L, 113L, 1L, 0L, 2L, 0L, 0L, 0L, 
    68L, 7L, 0L), dim = c(4L, 4L), dimnames = structure(list(
        c("-1", "0", "1", "2"), c("A", "G", "T", NA)), names = c("", 
    ""))), IM49_SNP1 = structure(c(2L, 386L, 7101L, 177L, 4L, 
    9L, 429L, 5471L, 201L, 3L, 0L, 0L, 3L, 0L, 0L, 0L, 11L, 351L, 
    20L, 0L), dim = 5:4, dimnames = structure(list(c("-2", "-1", 
    "0", "1", "2"), c("C", "G", "T", NA)), names = c("", ""))), 
    LR10_SNP1 = structure(c(1L, 261L, 9496L, 81L, 0L, 2L, 29L, 
    0L, 0L, 4L, 137L, 1L), dim = 4:3, dimnames = structure(list(
        c("-2", "-1", "0", "1"), c("C", "T", NA)), names = c("", 
    ""))), LR11_SNP1 = structure(c(5L, 118L, 4102L, 54L, 7L, 
    90L, 2875L, 20L, 0L, 0L, 2L, 0L, 1L, 7L, 124L, 1L), dim = c(4L, 
    4L), dimnames = structure(list(c("-2", "-1", "0", "1"), c("A", 
    "C", "T", NA)), names = c("", ""))), LR17_SNP1 = structure(c(4L, 
    120L, 2848L, 99L, 3L, 0L, 0L, 1L, 0L, 0L, 0L, 0L, 1L, 0L, 
    0L, 0L, 5L, 184L, 1L, 0L), dim = 5:4, dimnames = structure(list(
        c("-2", "-1", "0", "1", "2"), c("A", "G", "T", NA)), names = c("", 
    ""))), LR20_SNP1 = structure(c(11L, 6639L, 15L, 0L, 356L, 
    1L, 0L, 20L, 0L), dim = c(3L, 3L), dimnames = structure(list(
        c("-1", "0", "1"), c("A", "G", NA)), names = c("", ""
    ))), LR24_SNP1 = structure(c(0L, 0L, 1L, 0L, 0L, 28L, 5819L, 
    17L, 1L, 16L, 5786L, 20L, 0L, 0L, 1L, 0L, 0L, 1L, 73L, 0L
    ), dim = 4:5, dimnames = structure(list(c("-2", "-1", "0", 
    "1"), c("-", "A", "G", "T", NA)), names = c("", ""))), LR36_SNP1 = structure(c(0L, 
    0L, 1L, 32L, 0L, 0L, 0L, 0L, 1L, 0L, 0L, 0L, 0L, 0L, 0L, 
    1L, 0L, 0L, 4L, 10L, 160L, 8481L, 142L, 1L, 0L, 0L, 8L, 566L, 
    10L, 0L), dim = 6:5, dimnames = structure(list(c("-3", "-2", 
    "-1", "0", "1", "2"), c("A", "C", "G", "T", NA)), names = c("", 
    ""))), LR40_SNP1 = structure(c(13L, 1447L, 5L, 0L, 20L, 1548L, 
    6L, 1L, 0L, 1L, 0L, 0L, 1L, 24L, 0L, 0L), dim = c(4L, 4L), dimnames = structure(list(
        c("-1", "0", "1", "2"), c("A", "C", "T", NA)), names = c("", 
    ""))), LR44_SNP1 = structure(c(0L, 0L, 0L, 1L, 0L, 0L, 0L, 
    0L, 2L, 49L, 873L, 10161L, 319L, 3L, 0L, 0L, 0L, 0L, 0L, 
    1L, 0L, 0L, 0L, 0L, 0L, 1L, 4L, 37L, 0L, 0L, 2L, 1L, 0L, 
    0L, 17L, 305L, 6L, 0L, 0L, 0L), dim = c(8L, 5L), dimnames = structure(list(
        c("-3", "-2", "-1", "0", "1", "2", "3", "5"), c("A", 
        "C", "G", "T", NA)), names = c("", ""))), LR46_SNP1 = structure(c(0L, 
    1L, 0L, 12L, 4186L, 16L, 27L, 4916L, 14L, 0L, 78L, 0L), dim = 3:4, dimnames = structure(list(
        c("-1", "0", "1"), c("A", "G", "T", NA)), names = c("", 
    ""))), LR48_SNP1 = structure(c(0L, 0L, 1L, 0L, 0L, 13L, 379L, 
    9339L, 267L, 5L, 0L, 0L, 1L, 0L, 0L, 0L, 0L, 7L, 0L, 0L, 
    0L, 3L, 216L, 10L, 0L), dim = c(5L, 5L), dimnames = structure(list(
        c("-2", "-1", "0", "1", "2"), c("A", "C", "G", "T", NA
        )), names = c("", ""))), LR49_SNP1 = structure(c(24L, 
    11488L, 5L, 0L, 1L, 0L, 1L, 69L, 0L, 0L, 2L, 0L, 2L, 181L, 
    0L), dim = c(3L, 5L), dimnames = structure(list(c("-1", "0", 
    "1"), c("A", "C", "G", "T", NA)), names = c("", ""))), LR52_SNP1 = structure(c(0L, 
    0L, 0L, 0L, 2L, 0L, 0L, 1L, 2L, 40L, 425L, 3508L, 25L, 0L, 
    0L, 2L, 30L, 356L, 3215L, 49L, 2L, 0L, 0L, 2L, 33L, 931L, 
    19L, 0L), dim = c(7L, 4L), dimnames = structure(list(c("-4", 
    "-3", "-2", "-1", "0", "1", "2"), c("A", "C", "T", NA)), names = c("", 
    ""))))
