Result <-
list(DEPDC2_SNP1 = structure(c(0L, 0L, 3L, 0L, 0L, 0L, 17L, 0L, 
1L, 126L, 14991L, 71L, 0L, 0L, 216L, 1L), dim = c(4L, 4L), dimnames = structure(list(
    c("-2", "-1", "0", "1"), c("A", "C", "T", NA)), names = c("", 
""))), GM01_SNP1 = structure(c(0L, 0L, 55L, 0L, 0L, 1L, 154L, 
9543L, 27L, 1L, 0L, 3L, 110L, 3L, 0L), dim = c(5L, 3L), dimnames = structure(list(
    c("-2", "-1", "0", "1", "2"), c("A", "G", NA)), names = c("", 
""))), GM07_SNP1 = structure(c(0L, 2L, 16L, 0L, 0L, 6L, 276L, 
5257L, 138L, 1L, 0L, 0L, 1L, 0L, 0L, 0L, 6L, 143L, 0L, 0L), dim = 5:4, dimnames = structure(list(
    c("-2", "-1", "0", "1", "2"), c("A", "G", "T", NA)), names = c("", 
""))), GM09_SNP1 = structure(c(52L, 8079L, 9L, 0L, 1L, 0L, 37L, 
6975L, 6L, 2L, 131L, 0L), dim = 3:4, dimnames = structure(list(
    c("-1", "0", "1"), c("A", "C", "G", NA)), names = c("", ""
))), GM11_SNP1 = structure(c(1L, 10L, 4620L, 12L, 0L, 0L, 10L, 
0L, 0L, 0L, 1L, 0L, 0L, 0L, 35L, 0L), dim = c(4L, 4L), dimnames = structure(list(
    c("-2", "-1", "0", "1"), c("A", "G", "T", NA)), names = c("", 
""))), GM14_SNP1 = structure(c(0L, 0L, 0L, 0L, 1L, 0L, 0L, 0L, 
0L, 0L, 4L, 24L, 0L, 0L, 1L, 4L, 5L, 178L, 7240L, 25L, 0L, 0L, 
0L, 0L, 0L, 125L, 1L, 1L), dim = c(7L, 4L), dimnames = structure(list(
    c("-4", "-3", "-2", "-1", "0", "1", "2"), c("A", "C", "T", 
    NA)), names = c("", ""))), GM17_SNP1 = structure(c(0L, 3L, 
29L, 0L, 1L, 106L, 6916L, 26L, 0L, 1L, 73L, 1L), dim = 4:3, dimnames = structure(list(
    c("-3", "-1", "0", "1"), c("C", "T", NA)), names = c("", 
""))), GM22_SNP1 = structure(c(2L, 136L, 7494L, 32L, 0L, 1L, 
5L, 0L, 0L, 5L, 101L, 0L), dim = 4:3, dimnames = structure(list(
    c("-2", "-1", "0", "1"), c("A", "G", NA)), names = c("", 
""))), GM26_SNP1 = structure(c(58L, 3121L, 9L, 19L, 2455L, 13L, 
3L, 92L, 0L), dim = c(3L, 3L), dimnames = structure(list(c("-1", 
"0", "1"), c("A", "G", NA)), names = c("", ""))), GM29_SNP1 = structure(c(2L, 
30L, 1964L, 5L, 1L, 46L, 2617L, 6L, 0L, 1L, 38L, 0L, 0L, 1L, 
52L, 1L), dim = c(4L, 4L), dimnames = structure(list(c("-2", 
"-1", "0", "1"), c("A", "G", "T", NA)), names = c("", ""))), 
    IM16_SNP1 = structure(c(0L, 0L, 11L, 1L, 0L, 2L, 84L, 5582L, 
    65L, 1L, 0L, 0L, 100L, 5L, 0L), dim = c(5L, 3L), dimnames = structure(list(
        c("-2", "-1", "0", "1", "2"), c("A", "G", NA)), names = c("", 
    ""))), IM49_SNP1 = structure(c(5L, 224L, 6523L, 118L, 2L, 
    0L, 1L, 16L, 0L, 0L, 0L, 5L, 157L, 5L, 0L), dim = c(5L, 3L
    ), dimnames = structure(list(c("-2", "-1", "0", "1", "2"), 
        c("C", "G", NA)), names = c("", ""))), LR10_SNP1 = structure(c(0L, 
    0L, 2L, 0L, 1L, 66L, 3277L, 33L, 2L, 56L, 3967L, 12L, 0L, 
    1L, 94L, 0L), dim = c(4L, 4L), dimnames = structure(list(
        c("-2", "-1", "0", "1"), c("-", "C", "T", NA)), names = c("", 
    ""))), LR11_SNP1 = structure(c(0L, 0L, 7L, 0L, 0L, 6L, 246L, 
    6392L, 39L, 3L, 0L, 0L, 3L, 0L, 0L, 0L, 1L, 191L, 1L, 0L), dim = 5:4, dimnames = structure(list(
        c("-2", "-1", "0", "1", "2"), c("A", "C", "T", NA)), names = c("", 
    ""))), LR17_SNP1 = structure(c(1L, 1L, 197L, 5468L, 105L, 
    1L, 0L, 0L, 1L, 5L, 0L, 0L, 0L, 0L, 7L, 348L, 3L, 0L), dim = c(6L, 
    3L), dimnames = structure(list(c("-3", "-2", "-1", "0", "1", 
    "2"), c("A", "G", NA)), names = c("", ""))), LR20_SNP1 = structure(c(0L, 
    14L, 0L, 0L, 2L, 0L, 11L, 6705L, 9L, 0L, 1L, 0L, 1L, 76L, 
    1L), dim = c(3L, 5L), dimnames = structure(list(c("-1", "0", 
    "1"), c("A", "C", "G", "T", NA)), names = c("", ""))), LR24_SNP1 = structure(c(2L, 
    85L, 14111L, 23L, 0L, 0L, 22L, 0L, 0L, 0L, 2L, 0L, 0L, 1L, 
    104L, 1L), dim = c(4L, 4L), dimnames = structure(list(c("-2", 
    "-1", "0", "1"), c("A", "G", "T", NA)), names = c("", ""))), 
    LR36_SNP1 = structure(c(0L, 0L, 0L, 1L, 0L, 2L, 3L, 68L, 
    3811L, 26L, 0L, 0L, 0L, 1L, 0L, 0L, 0L, 0L, 2L, 0L, 0L, 6L, 
    69L, 3360L, 29L, 0L, 1L, 4L, 305L, 4L), dim = 5:6, dimnames = structure(list(
        c("-3", "-2", "-1", "0", "1"), c("-", "A", "C", "G", 
        "T", NA)), names = c("", ""))), LR40_SNP1 = structure(c(0L, 
    0L, 1L, 0L, 14L, 45L, 5078L, 12L, 0L, 0L, 31L, 0L), dim = 4:3, dimnames = structure(list(
        c("-2", "-1", "0", "1"), c("A", "C", NA)), names = c("", 
    ""))), LR44_SNP1 = structure(c(0L, 0L, 0L, 6L, 0L, 0L, 1L, 
    25L, 516L, 6749L, 94L, 2L, 0L, 0L, 5L, 47L, 0L, 0L, 1L, 0L, 
    1L, 24L, 0L, 0L, 0L, 1L, 11L, 194L, 4L, 0L), dim = 6:5, dimnames = structure(list(
        c("-3", "-2", "-1", "0", "1", "2"), c("-", "C", "G", 
        "T", NA)), names = c("", ""))), LR46_SNP1 = structure(c(0L, 
    0L, 1L, 0L, 1L, 37L, 5873L, 4L, 0L, 0L, 5L, 0L, 0L, 0L, 42L, 
    0L), dim = c(4L, 4L), dimnames = structure(list(c("-2", "-1", 
    "0", "1"), c("C", "G", "T", NA)), names = c("", ""))), LR48_SNP1 = structure(c(3L, 
    129L, 2851L, 34L, 0L, 0L, 83L, 3269L, 49L, 1L, 0L, 1L, 178L, 
    4L, 0L), dim = c(5L, 3L), dimnames = structure(list(c("-2", 
    "-1", "0", "1", "2"), c("C", "T", NA)), names = c("", ""))), 
    LR49_SNP1 = structure(c(8L, 4041L, 0L, 7L, 4059L, 3L, 0L, 
    2L, 0L, 0L, 100L, 0L), dim = 3:4, dimnames = structure(list(
        c("-1", "0", "1"), c("A", "G", "T", NA)), names = c("", 
    ""))), LR52_SNP1 = structure(c(3L, 40L, 313L, 2988L, 1427L, 
    6L, 0L, 0L, 0L, 8L, 0L, 0L, 0L, 0L, 24L, 643L, 286L, 13L), dim = c(6L, 
    3L), dimnames = structure(list(c("-3", "-2", "-1", "0", "1", 
    "2"), c("C", "T", NA)), names = c("", ""))))
