Result <-
list(DEPDC2_SNP1 = structure(c(0L, 1L, 0L, 27L, 3145L, 12L, 44L, 
3890L, 37L, 1L, 146L, 3L), dim = 3:4, dimnames = structure(list(
    c("-1", "0", "1"), c("A", "C", "T", NA)), names = c("", ""
))), GM01_SNP1 = structure(c(41L, 2885L, 29L, 0L, 57L, 3180L, 
22L, 1L, 0L, 1L, 0L, 0L, 2L, 69L, 1L, 0L), dim = c(4L, 4L), dimnames = structure(list(
    c("-1", "0", "1", "2"), c("A", "G", "T", NA)), names = c("", 
""))), GM07_SNP1 = structure(c(1L, 1L, 12L, 0L, 0L, 3L, 203L, 
3676L, 127L, 6L, 0L, 0L, 1L, 0L, 0L, 0L, 3L, 98L, 5L, 1L), dim = 5:4, dimnames = structure(list(
    c("-2", "-1", "0", "1", "2"), c("A", "G", "T", NA)), names = c("", 
""))), GM09_SNP1 = structure(c(0L, 40L, 0L, 105L, 13025L, 37L, 
0L, 2L, 0L, 0L, 140L, 0L), dim = 3:4, dimnames = structure(list(
    c("-1", "0", "1"), c("A", "G", "T", NA)), names = c("", ""
))), GM11_SNP1 = structure(c(7L, 1921L, 4L, 1L, 7L, 0L, 0L, 16L, 
0L), dim = c(3L, 3L), dimnames = structure(list(c("-1", "0", 
"1"), c("A", "G", NA)), names = c("", ""))), GM14_SNP1 = structure(c(0L, 
0L, 0L, 0L, 1L, 0L, 0L, 0L, 1L, 7L, 136L, 3517L, 32L, 1L, 1L, 
0L, 3L, 129L, 2976L, 24L, 1L, 0L, 0L, 0L, 4L, 93L, 0L, 0L), dim = c(7L, 
4L), dimnames = structure(list(c("-5", "-3", "-2", "-1", "0", 
"1", "2"), c("A", "C", "T", NA)), names = c("", ""))), GM17_SNP1 = structure(c(0L, 
0L, 1L, 0L, 0L, 2L, 167L, 13262L, 48L, 1L, 0L, 0L, 1L, 0L, 0L, 
0L, 2L, 34L, 0L, 0L, 0L, 1L, 141L, 0L, 0L), dim = c(5L, 5L), dimnames = structure(list(
    c("-2", "-1", "0", "1", "2"), c("A", "C", "G", "T", NA)), names = c("", 
""))), GM22_SNP1 = structure(c(2L, 27L, 2140L, 11L, 1L, 36L, 
2493L, 10L, 0L, 3L, 126L, 1L), dim = 4:3, dimnames = structure(list(
    c("-2", "-1", "0", "1"), c("A", "G", NA)), names = c("", 
""))), GM26_SNP1 = structure(c(22L, 2649L, 15L, 0L, 2L, 0L, 0L, 
1L, 0L, 0L, 39L, 1L), dim = 3:4, dimnames = structure(list(c("-1", 
"0", "1"), c("A", "G", "T", NA)), names = c("", ""))), GM29_SNP1 = structure(c(1L, 
57L, 2790L, 10L, 1L, 55L, 2486L, 11L, 0L, 1L, 66L, 0L), dim = 4:3, dimnames = structure(list(
    c("-2", "-1", "0", "1"), c("A", "G", NA)), names = c("", 
""))), IM16_SNP1 = structure(c(32L, 3151L, 56L, 0L, 0L, 5L, 0L, 
0L, 0L, 2L, 0L, 0L, 0L, 60L, 2L, 1L), dim = c(4L, 4L), dimnames = structure(list(
    c("-1", "0", "1", "2"), c("A", "G", "T", NA)), names = c("", 
""))), IM49_SNP1 = structure(c(0L, 2L, 27L, 0L, 0L, 35L, 1177L, 
27555L, 768L, 15L, 0L, 3L, 40L, 2L, 0L, 0L, 0L, 3L, 0L, 0L, 0L, 
16L, 660L, 19L, 0L), dim = c(5L, 5L), dimnames = structure(list(
    c("-2", "-1", "0", "1", "2"), c("A", "C", "G", "T", NA)), names = c("", 
""))), LR10_SNP1 = structure(c(0L, 9L, 0L, 67L, 3701L, 22L, 0L, 
38L, 0L), dim = c(3L, 3L), dimnames = structure(list(c("-1", 
"0", "1"), c("C", "T", NA)), names = c("", ""))), LR11_SNP1 = structure(c(0L, 
0L, 8L, 0L, 3L, 133L, 3663L, 36L, 0L, 0L, 1L, 0L, 1L, 3L, 124L, 
2L), dim = c(4L, 4L), dimnames = structure(list(c("-2", "-1", 
"0", "1"), c("A", "C", "T", NA)), names = c("", ""))), LR17_SNP1 = structure(c(1L, 
11L, 330L, 5281L, 89L, 2L, 0L, 0L, 0L, 3L, 0L, 0L, 0L, 0L, 13L, 
337L, 9L, 0L), dim = c(6L, 3L), dimnames = structure(list(c("-3", 
"-2", "-1", "0", "1", "2"), c("A", "G", NA)), names = c("", ""
))), LR20_SNP1 = structure(c(0L, 13L, 0L, 0L, 8L, 4496L, 8L, 
1L, 0L, 1L, 0L, 0L, 0L, 54L, 0L, 0L), dim = c(4L, 4L), dimnames = structure(list(
    c("-1", "0", "1", "2"), c("A", "G", "T", NA)), names = c("", 
""))), LR24_SNP1 = structure(c(0L, 0L, 0L, 1L, 0L, 1L, 1L, 29L, 
5836L, 21L, 1L, 1L, 37L, 6001L, 21L, 0L, 0L, 0L, 1L, 0L, 0L, 
0L, 1L, 130L, 2L), dim = c(5L, 5L), dimnames = structure(list(
    c("-3", "-2", "-1", "0", "1"), c("-", "A", "G", "T", NA)), names = c("", 
""))), LR36_SNP1 = structure(c(0L, 0L, 0L, 1L, 0L, 2L, 11L, 163L, 
5766L, 73L, 0L, 0L, 0L, 1L, 0L, 0L, 0L, 0L, 2L, 0L, 0L, 9L, 123L, 
5083L, 50L, 0L, 0L, 10L, 516L, 5L), dim = 5:6, dimnames = structure(list(
    c("-3", "-2", "-1", "0", "1"), c("-", "A", "C", "G", "T", 
    NA)), names = c("", ""))), LR40_SNP1 = structure(c(0L, 1L, 
0L, 35L, 2897L, 10L, 0L, 21L, 0L), dim = c(3L, 3L), dimnames = structure(list(
    c("-1", "0", "1"), c("A", "C", NA)), names = c("", ""))), 
    LR44_SNP1 = structure(c(0L, 0L, 0L, 1L, 0L, 0L, 0L, 1L, 10L, 
    280L, 2660L, 58L, 2L, 1L, 0L, 0L, 0L, 1L, 0L, 0L, 0L, 0L, 
    0L, 0L, 2L, 0L, 0L, 0L, 0L, 0L, 4L, 67L, 4L, 0L, 0L), dim = c(7L, 
    5L), dimnames = structure(list(c("-3", "-2", "-1", "0", "1", 
    "2", "3"), c("A", "C", "G", "T", NA)), names = c("", ""))), 
    LR46_SNP1 = structure(c(1L, 6L, 1475L, 6L, 0L, 5L, 1603L, 
    7L, 0L, 0L, 23L, 0L), dim = 4:3, dimnames = structure(list(
        c("-2", "-1", "0", "1"), c("G", "T", NA)), names = c("", 
    ""))), LR48_SNP1 = structure(c(3L, 11L, 1L, 87L, 2408L, 55L, 
    0L, 74L, 0L), dim = c(3L, 3L), dimnames = structure(list(
        c("-1", "0", "1"), c("C", "T", NA)), names = c("", ""
    ))), LR49_SNP1 = structure(c(15L, 5495L, 3L, 0L, 44L, 0L, 
    0L, 2L, 0L, 0L, 128L, 0L), dim = 3:4, dimnames = structure(list(
        c("-1", "0", "1"), c("A", "G", "T", NA)), names = c("", 
    ""))), LR52_SNP1 = structure(c(0L, 0L, 0L, 1L, 0L, 0L, 16L, 
    152L, 1011L, 6L, 1L, 2L, 84L, 616L, 10L, 0L, 0L, 19L, 246L, 
    3L), dim = 5:4, dimnames = structure(list(c("-3", "-2", "-1", 
    "0", "1"), c("A", "C", "T", NA)), names = c("", ""))))
