Result <-
list(DEPDC2_SNP1 = structure(c(0L, 1L, 0L, 0L, 27L, 3233L, 21L, 
1L, 29L, 4090L, 24L, 0L, 1L, 169L, 0L, 0L), dim = c(4L, 4L), dimnames = structure(list(
    c("-1", "0", "1", "2"), c("A", "C", "T", NA)), names = c("", 
""))), GM01_SNP1 = structure(c(0L, 1L, 0L, 60L, 3204L, 10L, 45L, 
3411L, 21L, 1L, 73L, 1L), dim = 3:4, dimnames = structure(list(
    c("-1", "0", "1"), c("-", "A", "G", NA)), names = c("", ""
))), GM07_SNP1 = structure(c(0L, 0L, 0L, 3L, 0L, 0L, 0L, 2L, 
13L, 418L, 6813L, 325L, 14L, 2L, 0L, 0L, 0L, 5L, 0L, 0L, 0L, 
0L, 0L, 0L, 1L, 0L, 0L, 0L, 0L, 0L, 1L, 72L, 7L, 0L, 0L), dim = c(7L, 
5L), dimnames = structure(list(c("-3", "-2", "-1", "0", "1", 
"2", "3"), c("-", "A", "G", "T", NA)), names = c("", ""))), GM09_SNP1 = structure(c(68L, 
8077L, 12L, 44L, 6897L, 15L, 0L, 2L, 0L, 0L, 137L, 0L), dim = 3:4, dimnames = structure(list(
    c("-1", "0", "1"), c("A", "G", "T", NA)), names = c("", ""
))), GM11_SNP1 = structure(c(4L, 1080L, 5L, 13L, 1411L, 9L, 0L, 
15L, 0L), dim = c(3L, 3L), dimnames = structure(list(c("-1", 
"0", "1"), c("A", "G", NA)), names = c("", ""))), GM14_SNP1 = structure(c(0L, 
0L, 1L, 0L, 0L, 6L, 241L, 6177L, 80L, 1L, 0L, 1L, 75L, 0L, 0L, 
0L, 0L, 67L, 1L, 0L), dim = 5:4, dimnames = structure(list(c("-2", 
"-1", "0", "1", "2"), c("A", "C", "T", NA)), names = c("", ""
))), GM17_SNP1 = structure(c(0L, 0L, 5L, 0L, 3L, 118L, 8097L, 
32L, 1L, 114L, 9576L, 43L, 0L, 3L, 153L, 1L), dim = c(4L, 4L), dimnames = structure(list(
    c("-2", "-1", "0", "1"), c("A", "C", "T", NA)), names = c("", 
""))), GM22_SNP1 = structure(c(1L, 63L, 3125L, 21L, 2L, 2L, 44L, 
3027L, 19L, 0L, 0L, 1L, 127L, 1L, 0L), dim = c(5L, 3L), dimnames = structure(list(
    c("-2", "-1", "0", "1", "2"), c("A", "G", NA)), names = c("", 
""))), GM26_SNP1 = structure(c(12L, 1363L, 1L, 12L, 1417L, 6L, 
2L, 52L, 0L), dim = c(3L, 3L), dimnames = structure(list(c("-1", 
"0", "1"), c("A", "G", NA)), names = c("", ""))), GM29_SNP1 = structure(c(0L, 
0L, 1L, 0L, 0L, 0L, 71L, 4502L, 21L, 1L, 0L, 0L, 1L, 0L, 0L, 
1L, 75L, 4265L, 13L, 0L, 0L, 0L, 1L, 0L, 0L, 0L, 1L, 94L, 1L, 
0L), dim = 5:6, dimnames = structure(list(c("-3", "-1", "0", 
"1", "2"), c("-", "A", "C", "G", "T", NA)), names = c("", ""))), 
    IM16_SNP1 = structure(c(0L, 18L, 1784L, 63L, 4L, 0L, 48L, 
    2668L, 44L, 3L, 1L, 2L, 57L, 4L, 0L), dim = c(5L, 3L), dimnames = structure(list(
        c("-2", "-1", "0", "1", "2"), c("A", "G", NA)), names = c("", 
    ""))), IM49_SNP1 = structure(c(1L, 12L, 869L, 18608L, 599L, 
    17L, 0L, 1L, 3L, 10L, 0L, 0L, 0L, 0L, 0L, 464L, 11L, 1L), dim = c(6L, 
    3L), dimnames = structure(list(c("-4", "-2", "-1", "0", "1", 
    "2"), c("C", "G", NA)), names = c("", ""))), LR10_SNP1 = structure(c(94L, 
    3773L, 45L, 1L, 39L, 1L, 2L, 51L, 3L), dim = c(3L, 3L), dimnames = structure(list(
        c("-1", "0", "1"), c("C", "T", NA)), names = c("", ""
    ))), LR11_SNP1 = structure(c(0L, 34L, 1588L, 15L, 0L, 3L, 
    48L, 1211L, 20L, 1L, 0L, 0L, 1L, 0L, 0L, 1L, 1L, 51L, 1L, 
    0L), dim = 5:4, dimnames = structure(list(c("-2", "-1", "0", 
    "1", "2"), c("A", "C", "G", NA)), names = c("", ""))), LR17_SNP1 = structure(c(10L, 
    358L, 6251L, 133L, 1L, 0L, 1L, 0L, 0L, 0L, 0L, 15L, 418L, 
    2L, 0L), dim = c(5L, 3L), dimnames = structure(list(c("-2", 
    "-1", "0", "1", "2"), c("A", "G", NA)), names = c("", ""))), 
    LR20_SNP1 = structure(c(0L, 2L, 0L, 11L, 5242L, 8L, 0L, 4L, 
    0L, 0L, 19L, 0L), dim = 3:4, dimnames = structure(list(c("-1", 
    "0", "1"), c("-", "A", "G", NA)), names = c("", ""))), LR24_SNP1 = structure(c(0L, 
    36L, 7300L, 16L, 3L, 42L, 7521L, 18L, 0L, 0L, 2L, 0L, 1L, 
    1L, 102L, 2L), dim = c(4L, 4L), dimnames = structure(list(
        c("-2", "-1", "0", "1"), c("A", "G", "T", NA)), names = c("", 
    ""))), LR36_SNP1 = structure(c(0L, 0L, 0L, 2L, 0L, 0L, 0L, 
    2L, 4L, 143L, 6670L, 99L, 1L, 0L, 2L, 8L, 148L, 3966L, 2076L, 
    56L, 2L, 0L, 0L, 8L, 485L, 125L, 2L, 0L), dim = c(7L, 4L), dimnames = structure(list(
        c("-3", "-2", "-1", "0", "1", "2", "3"), c("-", "A", 
        "T", NA)), names = c("", ""))), LR40_SNP1 = structure(c(0L, 
    2L, 0L, 52L, 4289L, 12L, 0L, 20L, 0L), dim = c(3L, 3L), dimnames = structure(list(
        c("-1", "0", "1"), c("A", "C", NA)), names = c("", ""
    ))), LR44_SNP1 = structure(c(0L, 0L, 3L, 0L, 0L, 7L, 183L, 
    2104L, 31L, 1L, 0L, 1L, 16L, 0L, 0L, 0L, 0L, 6L, 0L, 0L, 
    0L, 3L, 77L, 3L, 1L), dim = c(5L, 5L), dimnames = structure(list(
        c("-2", "-1", "0", "1", "2"), c("A", "C", "G", "T", NA
        )), names = c("", ""))), LR46_SNP1 = structure(c(10L, 
    2145L, 5L, 11L, 2258L, 10L, 0L, 40L, 0L), dim = c(3L, 3L), dimnames = structure(list(
        c("-1", "0", "1"), c("G", "T", NA)), names = c("", ""
    ))), LR48_SNP1 = structure(c(1L, 7L, 146L, 3306L, 95L, 0L, 
    0L, 0L, 1L, 0L, 0L, 0L, 0L, 98L, 1L), dim = c(5L, 3L), dimnames = structure(list(
        c("-3", "-2", "-1", "0", "1"), c("C", "T", NA)), names = c("", 
    ""))), LR49_SNP1 = structure(c(11L, 3217L, 1L, 6L, 2865L, 
    0L, 0L, 1L, 0L, 1L, 68L, 1L), dim = 3:4, dimnames = structure(list(
        c("-1", "0", "1"), c("A", "G", "T", NA)), names = c("", 
    ""))), LR52_SNP1 = structure(c(0L, 1L, 3L, 28L, 1L, 0L, 1L, 
    22L, 238L, 1861L, 29L, 1L, 0L, 0L, 9L, 84L, 1L, 0L), dim = c(6L, 
    3L), dimnames = structure(list(c("-3", "-2", "-1", "0", "1", 
    "2"), c("C", "T", NA)), names = c("", ""))))
