Result <-
list(DEPDC2_SNP1 = structure(c(0L, 0L, 1L, 0L, 0L, 1L, 272L, 
1L, 1L, 79L, 12374L, 95L, 0L, 2L, 198L, 1L), dim = c(4L, 4L), dimnames = structure(list(
    c("-4", "-1", "0", "1"), c("A", "C", "T", NA)), names = c("", 
""))), GM01_SNP1 = structure(c(0L, 0L, 1L, 0L, 0L, 1L, 334L, 
10133L, 31L, 1L, 0L, 0L, 25L, 0L, 0L, 0L, 1L, 127L, 1L, 0L), dim = 5:4, dimnames = structure(list(
    c("-2", "-1", "0", "1", "2"), c("-", "A", "G", NA)), names = c("", 
""))), GM07_SNP1 = structure(c(0L, 0L, 1L, 0L, 4L, 326L, 2326L, 
59L, 9L, 382L, 2233L, 41L, 0L, 0L, 1L, 0L, 0L, 3L, 100L, 1L), dim = 4:5, dimnames = structure(list(
    c("-2", "-1", "0", "1"), c("-", "A", "G", "T", NA)), names = c("", 
""))), GM09_SNP1 = structure(c(0L, 4L, 171L, 1L, 0L, 0L, 1L, 
0L, 1L, 134L, 9522L, 14L, 0L, 1L, 117L, 0L, 0L, 3L, 108L, 0L), dim = 4:5, dimnames = structure(list(
    c("-2", "-1", "0", "1"), c("A", "C", "G", "T", NA)), names = c("", 
""))), GM11_SNP1 = structure(c(36L, 2293L, 4L, 2L, 277L, 0L, 
1L, 23L, 0L), dim = c(3L, 3L), dimnames = structure(list(c("-1", 
"0", "1"), c("A", "G", NA)), names = c("", ""))), GM14_SNP1 = structure(c(0L, 
0L, 0L, 1L, 0L, 6L, 10L, 358L, 6818L, 63L, 0L, 0L, 10L, 457L, 
1L, 0L, 0L, 1L, 81L, 0L), dim = 5:4, dimnames = structure(list(
    c("-3", "-2", "-1", "0", "1"), c("-", "C", "T", NA)), names = c("", 
""))), GM17_SNP1 = structure(c(0L, 0L, 1L, 0L, 0L, 3L, 140L, 
1L, 3L, 68L, 7921L, 26L, 0L, 0L, 91L, 0L), dim = c(4L, 4L), dimnames = structure(list(
    c("-2", "-1", "0", "1"), c("A", "C", "T", NA)), names = c("", 
""))), GM22_SNP1 = structure(c(1L, 39L, 3063L, 13L, 0L, 0L, 1L, 
0L, 2L, 39L, 3726L, 13L, 0L, 0L, 2L, 0L, 0L, 5L, 152L, 2L), dim = 4:5, dimnames = structure(list(
    c("-2", "-1", "0", "1"), c("A", "C", "G", "T", NA)), names = c("", 
""))), GM26_SNP1 = structure(c(1L, 14L, 3108L, 8L, 0L, 0L, 2L, 
0L, 0L, 0L, 2L, 0L, 0L, 1L, 41L, 0L), dim = c(4L, 4L), dimnames = structure(list(
    c("-3", "-1", "0", "1"), c("A", "G", "T", NA)), names = c("", 
""))), GM29_SNP1 = structure(c(0L, 0L, 26L, 0L, 7L, 216L, 4495L, 
13L, 0L, 2L, 61L, 2L), dim = 4:3, dimnames = structure(list(c("-2", 
"-1", "0", "1"), c("A", "G", NA)), names = c("", ""))), IM16_SNP1 = structure(c(1L, 
31L, 2129L, 62L, 1L, 0L, 16L, 1620L, 15L, 0L, 0L, 0L, 5L, 0L, 
0L, 0L, 0L, 53L, 1L, 0L), dim = 5:4, dimnames = structure(list(
    c("-2", "-1", "0", "1", "2"), c("A", "G", "T", NA)), names = c("", 
""))), IM49_SNP1 = structure(c(4L, 218L, 6590L, 1837L, 33L, 0L, 
0L, 9L, 602L, 7170L, 201L, 4L, 0L, 0L, 0L, 2L, 0L, 0L, 0L, 3L, 
62L, 400L, 16L, 0L), dim = c(6L, 4L), dimnames = structure(list(
    c("-3", "-2", "-1", "0", "1", "2"), c("C", "G", "T", NA)), names = c("", 
""))), LR10_SNP1 = structure(c(0L, 1L, 0L, 137L, 4969L, 20L, 
1L, 117L, 1L, 0L, 65L, 0L), dim = 3:4, dimnames = structure(list(
    c("-1", "0", "1"), c("A", "C", "T", NA)), names = c("", ""
))), LR11_SNP1 = structure(c(0L, 6L, 384L, 3L, 1L, 83L, 2950L, 
19L, 0L, 3L, 106L, 1L), dim = 4:3, dimnames = structure(list(
    c("-2", "-1", "0", "1"), c("A", "C", NA)), names = c("", 
""))), LR17_SNP1 = structure(c(5L, 126L, 3972L, 36L, 3L, 0L, 
9L, 281L, 0L, 0L), dim = c(5L, 2L), dimnames = structure(list(
    c("-2", "-1", "0", "1", "2"), c("A", NA)), names = c("", 
""))), LR20_SNP1 = structure(c(1L, 5L, 4913L, 7L, 0L, 1L, 336L, 
2L, 0L, 0L, 15L, 0L), dim = 4:3, dimnames = structure(list(c("-2", 
"-1", "0", "1"), c("A", "G", NA)), names = c("", ""))), LR24_SNP1 = structure(c(0L, 
0L, 92L, 6050L, 6L, 1L, 1L, 120L, 5605L, 12L, 0L, 0L, 0L, 1L, 
0L, 0L, 0L, 1L, 106L, 0L), dim = 5:4, dimnames = structure(list(
    c("-3", "-2", "-1", "0", "1"), c("A", "G", "T", NA)), names = c("", 
""))), LR36_SNP1 = structure(c(2L, 10L, 166L, 5201L, 145L, 2L, 
0L, 0L, 1L, 0L, 0L, 0L, 9L, 55L, 2787L, 1389L, 12L, 0L, 0L, 3L, 
112L, 243L, 0L, 0L), dim = c(6L, 4L), dimnames = structure(list(
    c("-3", "-2", "-1", "0", "1", "2"), c("A", "G", "T", NA)), names = c("", 
""))), LR40_SNP1 = structure(c(0L, 1L, 2L, 0L, 2L, 38L, 3576L, 
8L, 0L, 0L, 25L, 1L), dim = 4:3, dimnames = structure(list(c("-2", 
"-1", "0", "1"), c("A", "C", NA)), names = c("", ""))), LR44_SNP1 = structure(c(0L, 
18L, 228L, 2571L, 63L, 4L, 3L, 172L, 2599L, 2029L, 47L, 1L, 0L, 
1L, 35L, 128L, 3L, 0L), dim = c(6L, 3L), dimnames = structure(list(
    c("-3", "-2", "-1", "0", "1", "2"), c("C", "T", NA)), names = c("", 
""))), LR46_SNP1 = structure(c(728L, 1084L, 4L, 12L, 3550L, 7L, 
3L, 41L, 0L), dim = c(3L, 3L), dimnames = structure(list(c("-1", 
"0", "1"), c("G", "T", NA)), names = c("", ""))), LR48_SNP1 = structure(c(10L, 
237L, 2416L, 39L, 1L, 4L, 63L, 2323L, 134L, 3L, 0L, 5L, 139L, 
2L, 0L), dim = c(5L, 3L), dimnames = structure(list(c("-2", "-1", 
"0", "1", "2"), c("C", "T", NA)), names = c("", ""))), LR49_SNP1 = structure(c(9L, 
6856L, 3L, 2L, 109L, 0L, 0L, 149L, 0L), dim = c(3L, 3L), dimnames = structure(list(
    c("-1", "0", "1"), c("A", "G", NA)), names = c("", ""))), 
    LR52_SNP1 = structure(c(6L, 106L, 643L, 818L, 10L, 0L, 15L, 
    189L, 974L, 10L, 0L, 3L, 63L, 196L, 8L), dim = c(5L, 3L), dimnames = structure(list(
        c("-3", "-2", "-1", "0", "1"), c("C", "T", NA)), names = c("", 
    ""))))
