Result <-
list(DEPDC2_SNP1 = structure(c(14L, 0L, 0L, 0L, 0L, 0L, 0L, 0L, 
0L, 5L, 0L, 0L, 0L, 2L, 103L, 9295L, 39L, 1L, 0L, 0L, 3L, 86L, 
0L, 0L, 0L, 0L, 1L, 262L, 0L, 0L), dim = 6:5, dimnames = structure(list(
    c("-8", "-2", "-1", "0", "1", "2"), c("-", "A", "C", "T", 
    NA)), names = c("", ""))), GM01_SNP1 = structure(c(1L, 134L, 
7090L, 51L, 0L, 0L, 1L, 0L, 0L, 0L, 15L, 0L, 0L, 0L, 1L, 0L, 
0L, 3L, 94L, 1L), dim = 4:5, dimnames = structure(list(c("-2", 
"-1", "0", "1"), c("A", "C", "G", "T", NA)), names = c("", ""
))), GM07_SNP1 = structure(c(6L, 451L, 6691L, 330L, 13L, 1L, 
0L, 2L, 39L, 0L, 0L, 0L, 0L, 4L, 79L, 4L, 0L, 0L), dim = c(6L, 
3L), dimnames = structure(list(c("-2", "-1", "0", "1", "2", "3"
), c("A", "G", NA)), names = c("", ""))), GM09_SNP1 = structure(c(0L, 
0L, 1L, 0L, 1L, 122L, 17629L, 47L, 0L, 0L, 175L, 0L, 0L, 0L, 
1L, 0L, 0L, 1L, 148L, 0L), dim = 4:5, dimnames = structure(list(
    c("-2", "-1", "0", "1"), c("-", "A", "G", "T", NA)), names = c("", 
""))), GM11_SNP1 = structure(c(2L, 13L, 0L, 0L, 17L, 2667L, 34L, 
1L, 0L, 12L, 0L, 0L), dim = 4:3, dimnames = structure(list(c("-1", 
"0", "1", "2"), c("A", "G", NA)), names = c("", ""))), GM14_SNP1 = structure(c(0L, 
0L, 0L, 1L, 0L, 1L, 0L, 2L, 85L, 0L, 1L, 9L, 220L, 7802L, 74L, 
0L, 0L, 1L, 131L, 1L), dim = 5:4, dimnames = structure(list(c("-3", 
"-2", "-1", "0", "1"), c("A", "C", "T", NA)), names = c("", ""
))), GM17_SNP1 = structure(c(0L, 0L, 2L, 0L, 0L, 0L, 79L, 7026L, 
25L, 0L, 1L, 108L, 6923L, 32L, 1L, 0L, 2L, 144L, 2L, 0L), dim = 5:4, dimnames = structure(list(
    c("-2", "-1", "0", "1", "2"), c("A", "C", "T", NA)), names = c("", 
""))), GM22_SNP1 = structure(c(0L, 0L, 1L, 0L, 2L, 98L, 5520L, 
28L, 0L, 2L, 33L, 0L, 0L, 1L, 96L, 2L), dim = c(4L, 4L), dimnames = structure(list(
    c("-2", "-1", "0", "1"), c("-", "A", "G", NA)), names = c("", 
""))), GM26_SNP1 = structure(c(1L, 23L, 3663L, 18L, 0L, 0L, 73L, 
0L, 0L, 0L, 61L, 0L), dim = 4:3, dimnames = structure(list(c("-2", 
"-1", "0", "1"), c("A", "G", NA)), names = c("", ""))), GM29_SNP1 = structure(c(0L, 
2L, 107L, 0L, 1L, 130L, 8658L, 36L, 0L, 0L, 1L, 0L, 0L, 1L, 90L, 
0L), dim = c(4L, 4L), dimnames = structure(list(c("-2", "-1", 
"0", "1"), c("A", "G", "T", NA)), names = c("", ""))), IM16_SNP1 = structure(c(0L, 
49L, 2L, 0L, 0L, 1L, 0L, 0L, 31L, 3322L, 80L, 1L, 0L, 66L, 0L, 
0L), dim = c(4L, 4L), dimnames = structure(list(c("-1", "0", 
"1", "2"), c("A", "C", "G", NA)), names = c("", ""))), IM49_SNP1 = structure(c(0L, 
0L, 0L, 1L, 0L, 0L, 1L, 11L, 437L, 10708L, 367L, 18L, 0L, 4L, 
421L, 9452L, 317L, 7L, 0L, 0L, 8L, 660L, 24L, 2L), dim = c(6L, 
4L), dimnames = structure(list(c("-3", "-2", "-1", "0", "1", 
"2"), c("A", "C", "G", NA)), names = c("", ""))), LR10_SNP1 = structure(c(0L, 
6L, 63L, 1L, 0L, 1L, 97L, 4989L, 28L, 1L, 0L, 0L, 70L, 4L, 0L
), dim = c(5L, 3L), dimnames = structure(list(c("-2", "-1", "0", 
"1", "2"), c("C", "T", NA)), names = c("", ""))), LR11_SNP1 = structure(c(0L, 
1L, 2L, 23L, 1L, 0L, 1L, 7L, 143L, 4824L, 50L, 1L, 0L, 0L, 0L, 
1L, 0L, 0L, 0L, 0L, 3L, 150L, 2L, 0L), dim = c(6L, 4L), dimnames = structure(list(
    c("-4", "-2", "-1", "0", "1", "2"), c("A", "C", "T", NA)), names = c("", 
""))), LR17_SNP1 = structure(c(1L, 6L, 290L, 6068L, 150L, 4L, 
0L, 0L, 0L, 1L, 0L, 0L, 0L, 0L, 0L, 2L, 0L, 0L, 0L, 0L, 17L, 
397L, 7L, 0L), dim = c(6L, 4L), dimnames = structure(list(c("-3", 
"-2", "-1", "0", "1", "2"), c("A", "G", "T", NA)), names = c("", 
""))), LR20_SNP1 = structure(c(0L, 0L, 73L, 0L, 1L, 11L, 5214L, 
12L, 0L, 0L, 1L, 0L, 0L, 0L, 49L, 0L), dim = c(4L, 4L), dimnames = structure(list(
    c("-2", "-1", "0", "1"), c("A", "G", "T", NA)), names = c("", 
""))), LR24_SNP1 = structure(c(1L, 40L, 6005L, 15L, 0L, 1L, 41L, 
6394L, 22L, 1L, 0L, 1L, 107L, 1L, 0L), dim = c(5L, 3L), dimnames = structure(list(
    c("-2", "-1", "0", "1", "2"), c("A", "G", NA)), names = c("", 
""))), LR36_SNP1 = structure(c(1L, 3L, 13L, 155L, 6649L, 73L, 
1L, 0L, 0L, 0L, 0L, 1L, 0L, 0L, 0L, 5L, 10L, 144L, 5435L, 64L, 
0L, 0L, 0L, 1L, 7L, 517L, 9L, 0L), dim = c(7L, 4L), dimnames = structure(list(
    c("-4", "-3", "-2", "-1", "0", "1", "2"), c("A", "G", "T", 
    NA)), names = c("", ""))), LR40_SNP1 = structure(c(0L, 0L, 
2L, 0L, 0L, 2L, 37L, 3437L, 13L, 1L, 0L, 0L, 1L, 0L, 0L, 0L, 
0L, 1L, 0L, 0L, 0L, 0L, 28L, 1L, 0L), dim = c(5L, 5L), dimnames = structure(list(
    c("-2", "-1", "0", "1", "2"), c("A", "C", "G", "T", NA)), names = c("", 
""))), LR44_SNP1 = structure(c(5L, 154L, 1325L, 31L, 0L, 8L, 
130L, 1362L, 44L, 1L, 1L, 2L, 62L, 1L, 0L), dim = c(5L, 3L), dimnames = structure(list(
    c("-2", "-1", "0", "1", "2"), c("C", "T", NA)), names = c("", 
""))), LR46_SNP1 = structure(c(0L, 1L, 0L, 24L, 4872L, 25L, 0L, 
38L, 0L, 0L, 45L, 0L), dim = 3:4, dimnames = structure(list(c("-1", 
"0", "1"), c("C", "G", "T", NA)), names = c("", ""))), LR48_SNP1 = structure(c(6L, 
175L, 3999L, 87L, 0L, 1L, 19L, 0L, 0L, 2L, 117L, 3L), dim = 4:3, dimnames = structure(list(
    c("-2", "-1", "0", "1"), c("C", "T", NA)), names = c("", 
""))), LR49_SNP1 = structure(c(0L, 51L, 20L, 6287L, 0L, 40L), dim = 2:3, dimnames = structure(list(
    c("-1", "0"), c("A", "G", NA)), names = c("", ""))), LR52_SNP1 = structure(c(0L, 
0L, 1L, 0L, 5L, 128L, 949L, 14L, 14L, 130L, 982L, 18L, 1L, 12L, 
272L, 7L), dim = c(4L, 4L), dimnames = structure(list(c("-2", 
"-1", "0", "1"), c("A", "C", "T", NA)), names = c("", ""))))
