Result <-
list(DEPDC2_SNP1 = structure(c(0L, 0L, 1L, 0L, 0L, 1L, 129L, 
14470L, 172L, 0L, 0L, 0L, 2L, 0L, 0L, 0L, 2L, 158L, 100L, 2L, 
0L, 2L, 365L, 8L, 0L), dim = c(5L, 5L), dimnames = structure(list(
    c("-2", "-1", "0", "1", "2"), c("A", "C", "G", "T", NA)), names = c("", 
""))), GM01_SNP1 = structure(c(0L, 1L, 0L, 132L, 8533L, 25L, 
0L, 7L, 0L, 2L, 120L, 1L), dim = 3:4, dimnames = structure(list(
    c("-1", "0", "1"), c("-", "A", "G", NA)), names = c("", ""
))), GM07_SNP1 = structure(c(0L, 0L, 143L, 2859L, 92L, 0L, 1L, 
2L, 195L, 2290L, 73L, 0L, 0L, 0L, 2L, 90L, 2L, 1L), dim = c(6L, 
3L), dimnames = structure(list(c("-3", "-2", "-1", "0", "1", 
"2"), c("A", "G", NA)), names = c("", ""))), GM09_SNP1 = structure(c(1L, 
99L, 12148L, 17L, 0L, 0L, 23L, 0L, 0L, 2L, 76L, 0L), dim = 4:3, dimnames = structure(list(
    c("-2", "-1", "0", "1"), c("A", "G", NA)), names = c("", 
""))), GM11_SNP1 = structure(c(5L, 2494L, 6L, 0L, 5L, 0L, 0L, 
13L, 0L), dim = c(3L, 3L), dimnames = structure(list(c("-1", 
"0", "1"), c("A", "G", NA)), names = c("", ""))), GM14_SNP1 = structure(c(0L, 
0L, 0L, 1L, 0L, 0L, 1L, 14L, 266L, 7970L, 81L, 1L, 0L, 2L, 4L, 
149L, 1L, 0L, 0L, 0L, 0L, 104L, 2L, 0L), dim = c(6L, 4L), dimnames = structure(list(
    c("-3", "-2", "-1", "0", "1", "2"), c("A", "C", "T", NA)), names = c("", 
""))), GM17_SNP1 = structure(c(0L, 0L, 1L, 0L, 0L, 4L, 90L, 6655L, 
18L, 1L, 0L, 0L, 1L, 0L, 0L, 0L, 2L, 227L, 0L, 0L, 0L, 1L, 55L, 
0L, 0L), dim = c(5L, 5L), dimnames = structure(list(c("-2", "-1", 
"0", "1", "2"), c("A", "C", "G", "T", NA)), names = c("", ""))), 
    GM22_SNP1 = structure(c(2L, 90L, 6142L, 23L, 0L, 1L, 202L, 
    2L, 0L, 2L, 103L, 0L), dim = 4:3, dimnames = structure(list(
        c("-2", "-1", "0", "1"), c("A", "G", NA)), names = c("", 
    ""))), GM26_SNP1 = structure(c(1L, 1L, 17L, 3413L, 7L, 0L, 
    0L, 17L, 1843L, 6L, 0L, 0L, 0L, 1L, 0L, 0L, 0L, 4L, 104L, 
    0L), dim = 5:4, dimnames = structure(list(c("-3", "-2", "-1", 
    "0", "1"), c("A", "G", "T", NA)), names = c("", ""))), GM29_SNP1 = structure(c(1L, 
    56L, 3807L, 9L, 0L, 0L, 5L, 0L, 0L, 2L, 47L, 0L), dim = 4:3, dimnames = structure(list(
        c("-2", "-1", "0", "1"), c("A", "G", NA)), names = c("", 
    ""))), IM16_SNP1 = structure(c(15L, 2247L, 19L, 1L, 18L, 
    2286L, 31L, 0L, 1L, 60L, 2L, 0L), dim = 4:3, dimnames = structure(list(
        c("-1", "0", "1", "2"), c("A", "G", NA)), names = c("", 
    ""))), IM49_SNP1 = structure(c(4L, 247L, 4557L, 109L, 1L, 
    2L, 136L, 3824L, 48L, 1L, 0L, 0L, 1L, 0L, 0L, 1L, 8L, 352L, 
    6L, 0L), dim = 5:4, dimnames = structure(list(c("-2", "-1", 
    "0", "1", "2"), c("C", "G", "T", NA)), names = c("", ""))), 
    LR10_SNP1 = structure(c(159L, 7069L, 64L, 0L, 1L, 0L, 0L, 
    35L, 0L, 0L, 99L, 1L), dim = 3:4, dimnames = structure(list(
        c("-1", "0", "1"), c("C", "G", "T", NA)), names = c("", 
    ""))), LR11_SNP1 = structure(c(0L, 1L, 99L, 4201L, 35L, 1L, 
    1L, 58L, 3333L, 22L, 0L, 0L, 0L, 1L, 0L, 0L, 0L, 1L, 131L, 
    1L), dim = 5:4, dimnames = structure(list(c("-3", "-2", "-1", 
    "0", "1"), c("A", "C", "G", NA)), names = c("", ""))), LR17_SNP1 = structure(c(1L, 
    6L, 163L, 3997L, 62L, 0L, 0L, 11L, 247L, 3L), dim = c(5L, 
    2L), dimnames = structure(list(c("-3", "-2", "-1", "0", "1"
    ), c("A", NA)), names = c("", ""))), LR20_SNP1 = structure(c(5L, 
    5109L, 14L, 0L, 1L, 0L, 1L, 196L, 0L, 0L, 18L, 0L), dim = 3:4, dimnames = structure(list(
        c("-1", "0", "1"), c("A", "C", "G", NA)), names = c("", 
    ""))), LR24_SNP1 = structure(c(4L, 82L, 17142L, 31L, 1L, 
    0L, 1L, 23L, 0L, 0L, 0L, 0L, 2L, 0L, 0L, 0L, 2L, 202L, 1L, 
    0L), dim = 5:4, dimnames = structure(list(c("-2", "-1", "0", 
    "1", "2"), c("A", "G", "T", NA)), names = c("", ""))), LR36_SNP1 = structure(c(0L, 
    0L, 0L, 1L, 0L, 0L, 1L, 6L, 96L, 3686L, 32L, 1L, 0L, 0L, 
    0L, 1L, 0L, 0L, 0L, 0L, 0L, 3L, 0L, 0L, 2L, 2L, 63L, 2821L, 
    43L, 0L, 0L, 0L, 7L, 297L, 4L, 0L), dim = c(6L, 6L), dimnames = structure(list(
        c("-3", "-2", "-1", "0", "1", "2"), c("-", "A", "C", 
        "G", "T", NA)), names = c("", ""))), LR40_SNP1 = structure(c(0L, 
    0L, 2L, 0L, 1L, 40L, 3754L, 11L, 0L, 0L, 36L, 0L), dim = 4:3, dimnames = structure(list(
        c("-2", "-1", "0", "1"), c("A", "C", NA)), names = c("", 
    ""))), LR44_SNP1 = structure(c(0L, 0L, 0L, 0L, 2L, 0L, 0L, 
    1L, 4L, 22L, 747L, 8689L, 102L, 2L, 0L, 0L, 0L, 7L, 99L, 
    1L, 0L, 0L, 0L, 0L, 8L, 253L, 4L, 0L), dim = c(7L, 4L), dimnames = structure(list(
        c("-4", "-3", "-2", "-1", "0", "1", "2"), c("A", "C", 
        "T", NA)), names = c("", ""))), LR46_SNP1 = structure(c(10L, 
    2326L, 7L, 4L, 1802L, 4L, 0L, 28L, 0L), dim = c(3L, 3L), dimnames = structure(list(
        c("-1", "0", "1"), c("G", "T", NA)), names = c("", ""
    ))), LR48_SNP1 = structure(c(7L, 332L, 4144L, 48L, 2L, 2L, 
    98L, 2792L, 31L, 0L, 0L, 6L, 172L, 1L, 0L), dim = c(5L, 3L
    ), dimnames = structure(list(c("-2", "-1", "0", "1", "2"), 
        c("C", "T", NA)), names = c("", ""))), LR49_SNP1 = structure(c(5L, 
    2706L, 2L, 12L, 3923L, 0L, 0L, 1L, 0L, 1L, 71L, 0L), dim = 3:4, dimnames = structure(list(
        c("-1", "0", "1"), c("A", "G", "T", NA)), names = c("", 
    ""))), LR52_SNP1 = structure(c(0L, 0L, 1L, 3L, 0L, 1L, 18L, 
    415L, 4492L, 42L, 0L, 0L, 9L, 214L, 3L), dim = c(5L, 3L), dimnames = structure(list(
        c("-3", "-2", "-1", "0", "1"), c("C", "T", NA)), names = c("", 
    ""))))
