Result <-
list(DEPDC2_SNP1 = structure(c(0L, 0L, 1L, 0L, 0L, 33L, 5591L, 
19L, 1L, 15L, 5793L, 25L, 0L, 1L, 239L, 2L), dim = c(4L, 4L), dimnames = structure(list(
    c("-3", "-1", "0", "1"), c("A", "C", "T", NA)), names = c("", 
""))), GM01_SNP1 = structure(c(0L, 0L, 1L, 0L, 1L, 108L, 7176L, 
33L, 0L, 0L, 145L, 0L, 0L, 1L, 83L, 0L), dim = c(4L, 4L), dimnames = structure(list(
    c("-2", "-1", "0", "1"), c("-", "A", "G", NA)), names = c("", 
""))), GM07_SNP1 = structure(c(0L, 0L, 1L, 0L, 0L, 4L, 323L, 
5680L, 167L, 5L, 0L, 2L, 9L, 2L, 0L, 0L, 2L, 59L, 3L, 0L), dim = 5:4, dimnames = structure(list(
    c("-2", "-1", "0", "1", "2"), c("-", "A", "G", NA)), names = c("", 
""))), GM09_SNP1 = structure(c(0L, 67L, 0L, 167L, 10351L, 16L, 
0L, 1L, 0L, 1L, 101L, 0L), dim = 3:4, dimnames = structure(list(
    c("-1", "0", "1"), c("A", "G", "T", NA)), names = c("", ""
))), GM11_SNP1 = structure(c(0L, 14L, 2636L, 5L, 3L, 12L, 1652L, 
5L, 0L, 0L, 36L, 0L), dim = 4:3, dimnames = structure(list(c("-2", 
"-1", "0", "1"), c("A", "G", NA)), names = c("", ""))), GM14_SNP1 = structure(c(3L, 
112L, 3815L, 33L, 2L, 123L, 3905L, 15L, 0L, 0L, 90L, 0L), dim = 4:3, dimnames = structure(list(
    c("-2", "-1", "0", "1"), c("C", "T", NA)), names = c("", 
""))), GM17_SNP1 = structure(c(0L, 0L, 0L, 1L, 0L, 0L, 0L, 6L, 
203L, 0L, 2L, 2L, 97L, 6760L, 31L, 0L, 0L, 1L, 64L, 0L), dim = 5:4, dimnames = structure(list(
    c("-3", "-2", "-1", "0", "1"), c("A", "C", "T", NA)), names = c("", 
""))), GM22_SNP1 = structure(c(1L, 51L, 3676L, 15L, 0L, 74L, 
2893L, 16L, 0L, 1L, 118L, 2L), dim = 4:3, dimnames = structure(list(
    c("-2", "-1", "0", "1"), c("A", "G", NA)), names = c("", 
""))), GM26_SNP1 = structure(c(1L, 34L, 5647L, 12L, 0L, 0L, 8L, 
0L, 0L, 2L, 104L, 0L), dim = 4:3, dimnames = structure(list(c("-2", 
"-1", "0", "1"), c("A", "G", NA)), names = c("", ""))), GM29_SNP1 = structure(c(0L, 
13L, 1866L, 5L, 4L, 44L, 2803L, 11L, 0L, 1L, 54L, 0L), dim = 4:3, dimnames = structure(list(
    c("-2", "-1", "0", "1"), c("A", "G", NA)), names = c("", 
""))), IM16_SNP1 = structure(c(50L, 6236L, 118L, 4L, 0L, 16L, 
0L, 0L, 0L, 77L, 2L, 0L), dim = 4:3, dimnames = structure(list(
    c("-1", "0", "1", "2"), c("A", "G", NA)), names = c("", ""
))), IM49_SNP1 = structure(c(72L, 238L, 6466L, 130L, 3L, 0L, 
5L, 48L, 1L, 0L, 0L, 1L, 136L, 2L, 1L), dim = c(5L, 3L), dimnames = structure(list(
    c("-2", "-1", "0", "1", "2"), c("C", "G", NA)), names = c("", 
""))), LR10_SNP1 = structure(c(0L, 2L, 0L, 47L, 2714L, 13L, 78L, 
3070L, 22L, 2L, 64L, 0L), dim = 3:4, dimnames = structure(list(
    c("-1", "0", "1"), c("A", "C", "T", NA)), names = c("", ""
))), LR11_SNP1 = structure(c(0L, 0L, 11L, 0L, 0L, 1L, 77L, 3607L, 
22L, 1L, 0L, 0L, 1L, 1L, 0L, 0L, 5L, 112L, 2L, 0L), dim = 5:4, dimnames = structure(list(
    c("-2", "-1", "0", "1", "2"), c("A", "C", "T", NA)), names = c("", 
""))), LR17_SNP1 = structure(c(1L, 113L, 2718L, 38L, 1L, 0L, 
0L, 1L, 0L, 0L, 0L, 6L, 189L, 1L, 0L), dim = c(5L, 3L), dimnames = structure(list(
    c("-2", "-1", "0", "1", "2"), c("A", "G", NA)), names = c("", 
""))), LR20_SNP1 = structure(c(5L, 5531L, 11L, 0L, 11L, 0L, 0L, 
17L, 1L), dim = c(3L, 3L), dimnames = structure(list(c("-1", 
"0", "1"), c("A", "G", NA)), names = c("", ""))), LR24_SNP1 = structure(c(1L, 
2L, 70L, 10691L, 25L, 0L, 0L, 0L, 49L, 0L, 0L, 0L, 0L, 1L, 0L, 
0L, 0L, 2L, 85L, 2L), dim = 5:4, dimnames = structure(list(c("-3", 
"-2", "-1", "0", "1"), c("A", "G", "T", NA)), names = c("", ""
))), LR36_SNP1 = structure(c(0L, 0L, 0L, 1L, 0L, 0L, 5L, 62L, 
2623L, 42L, 1L, 1L, 35L, 2095L, 18L, 0L, 0L, 2L, 226L, 3L), dim = 5:4, dimnames = structure(list(
    c("-3", "-2", "-1", "0", "1"), c("-", "A", "T", NA)), names = c("", 
""))), LR40_SNP1 = structure(c(0L, 1L, 0L, 76L, 4203L, 11L, 0L, 
1L, 0L, 0L, 35L, 1L), dim = 3:4, dimnames = structure(list(c("-1", 
"0", "1"), c("A", "C", "T", NA)), names = c("", ""))), LR44_SNP1 = structure(c(0L, 
15L, 348L, 5177L, 81L, 3L, 0L, 0L, 4L, 15L, 1L, 0L, 55L, 3L, 
263L, 2113L, 53L, 1L, 0L, 0L, 9L, 190L, 1L, 0L), dim = c(6L, 
4L), dimnames = structure(list(c("-3", "-2", "-1", "0", "1", 
"2"), c("C", "G", "T", NA)), names = c("", ""))), LR46_SNP1 = structure(c(0L, 
2L, 0L, 0L, 0L, 2L, 0L, 0L, 10L, 2878L, 7L, 1L, 4L, 2539L, 15L, 
0L, 0L, 51L, 0L, 0L), dim = 4:5, dimnames = structure(list(c("-1", 
"0", "1", "2"), c("A", "C", "G", "T", NA)), names = c("", ""))), 
    LR48_SNP1 = structure(c(0L, 0L, 2L, 0L, 0L, 2L, 136L, 4717L, 
    55L, 1L, 0L, 0L, 2L, 0L, 0L, 0L, 1L, 122L, 1L, 0L), dim = 5:4, dimnames = structure(list(
        c("-2", "-1", "0", "1", "2"), c("A", "C", "T", NA)), names = c("", 
    ""))), LR49_SNP1 = structure(c(0L, 14L, 0L, 17L, 7681L, 5L, 
    0L, 2L, 0L, 1L, 38L, 0L), dim = 3:4, dimnames = structure(list(
        c("-1", "0", "1"), c("A", "G", "T", NA)), names = c("", 
    ""))), LR52_SNP1 = structure(c(0L, 17L, 203L, 2100L, 19L, 
    1L, 21L, 376L, 3451L, 44L, 0L, 0L, 19L, 683L, 8L), dim = c(5L, 
    3L), dimnames = structure(list(c("-3", "-2", "-1", "0", "1"
    ), c("C", "T", NA)), names = c("", ""))))
