Result <-
list(DEPDC2_SNP1 = structure(c(1, 279, 2, 1, 316, 0), dim = 3:2, dimnames = list(
    c("-1", "0", "1"), c("C", "T"))), GM01_SNP1 = structure(c(0, 
0, 0, 0, 0, 69, 316, 0), dim = c(4L, 2L), dimnames = list(c("-2", 
"-1", "0", "1"), c("A", "G"))), GM07_SNP1 = structure(c(12, 16, 
71, 8, 0, 0, 8, 80, 29, 1), dim = c(5L, 2L), dimnames = list(
    c("-2", "-1", "0", "1", "2"), c("A", "G"))), GM09_SNP1 = structure(c(0, 
77, 407, 0, 0, 0, 0, 0), dim = c(4L, 2L), dimnames = list(c("-2", 
"-1", "0", "1"), c("A", "G"))), GM11_SNP1 = structure(c(0, 4, 
167, 0), dim = c(4L, 1L), dimnames = list(c("-2", "-1", "0", 
"1"), "A")), GM14_SNP1 = structure(c(0, 23, 286, 0, 0, 0, 0, 
0), dim = c(4L, 2L), dimnames = list(c("-2", "-1", "0", "1"), 
    c("C", "T"))), GM17_SNP1 = structure(c(0, 0, 296, 0, 0, 0, 
0, 0), dim = c(4L, 2L), dimnames = list(c("-2", "-1", "0", "1"
), c("C", "T"))), GM22_SNP1 = structure(c(7, 37, 200, 0, 0, 0, 
0, 0), dim = c(4L, 2L), dimnames = list(c("-2", "-1", "0", "1"
), c("A", "G"))), GM26_SNP1 = structure(c(0, 0, 0, 0, 0, 0, 1, 
228, 0), dim = c(3L, 3L), dimnames = list(c("-1", "0", "1"), 
    c("A", "C", "G"))), GM29_SNP1 = structure(c(0, 0, 110, 0, 
0, 1, 132, 0), dim = c(4L, 2L), dimnames = list(c("-2", "-1", 
"0", "1"), c("A", "G"))), IM16_SNP1 = structure(c(0, 0, 0, 0, 
0, 0, 236, 1), dim = c(4L, 2L), dimnames = list(c("-2", "-1", 
"0", "1"), c("A", "G"))), IM49_SNP1 = structure(c(0, 0, 0, 0, 
0, 0, 0, 1, 2, 130, 42, 0, 0, 2, 62, 90, 0, 0), dim = c(6L, 3L
), dimnames = list(c("-3", "-2", "-1", "0", "1", "2"), c("A", 
"C", "G"))), LR10_SNP1 = structure(c(0, 0, 106, 0, 0, 0, 137, 
0), dim = c(4L, 2L), dimnames = list(c("-2", "-1", "0", "1"), 
    c("C", "T"))), LR11_SNP1 = structure(c(0, 0, 0, 0, 0, 5, 
265, 1, 0, 0, 0, 0), dim = 4:3, dimnames = list(c("-2", "-1", 
"0", "1"), c("A", "C", "T"))), LR17_SNP1 = structure(c(0, 0, 
42, 152, 1), dim = c(5L, 1L), dimnames = list(c("-3", "-2", "-1", 
"0", "1"), "A")), LR20_SNP1 = structure(c(0, 64, 85, 0, 0, 1, 
145, 0, 0, 0, 0, 0), dim = 4:3, dimnames = list(c("-3", "-1", 
"0", "1"), c("A", "G", "T"))), LR24_SNP1 = structure(c(0, 7, 
771, 0, 0, 0, 0, 0, 0, 0, 0, 0), dim = 4:3, dimnames = list(c("-2", 
"-1", "0", "1"), c("A", "G", "T"))), LR36_SNP1 = structure(c(0, 
0, 0, 0, 0, 1, 17, 78, 172, 0), dim = c(5L, 2L), dimnames = list(
    c("-3", "-2", "-1", "0", "1"), c("A", "T"))), LR40_SNP1 = structure(c(4, 
217, 0, 0, 0, 0), dim = 3:2, dimnames = list(c("-1", "0", "1"
), c("C", "T"))), LR44_SNP1 = structure(c(0, 0, 0, 0, 0, 0, 0, 
0, 0, 0, 0, 79, 91, 0, 0, 0, 0, 0, 3, 71, 139, 0, 0, 0), dim = c(8L, 
3L), dimnames = list(c("-4", "-3", "-2", "-1", "0", "1", "2", 
"3"), c("A", "C", "T"))), LR46_SNP1 = structure(c(0, 211, 0, 
0, 0, 0), dim = 3:2, dimnames = list(c("-1", "0", "1"), c("G", 
"T"))), LR48_SNP1 = structure(c(0, 0, 0, 0, 0, 0, 0, 66, 108, 
0), dim = c(5L, 2L), dimnames = list(c("-3", "-2", "-1", "0", 
"1"), c("C", "T"))), LR49_SNP1 = structure(c(121, 275, 0, 0, 
0, 0), dim = 3:2, dimnames = list(c("-1", "0", "1"), c("A", "G"
))), LR52_SNP1 = structure(c(11, 32, 39, 130, 0, 0, 0, 1, 4, 
0), dim = c(5L, 2L), dimnames = list(c("-3", "-2", "-1", "0", 
"1"), c("C", "T"))))
