Result <-
list(DEPDC2_SNP1 = structure(c(0, 0, 0, 0, 0, 0, 0, 0, 0, 0, 
1, 40, 1543, 34, 0), dim = c(5L, 3L), dimnames = list(c("-2", 
"-1", "0", "1", "2"), c("A", "C", "T"))), GM01_SNP1 = structure(c(0, 
10, 1008, 1, 0, 0, 0, 0, 0, 0), dim = c(5L, 2L), dimnames = list(
    c("-2", "-1", "0", "1", "2"), c("A", "G"))), GM07_SNP1 = structure(c(0, 
0, 0, 0, 0, 9, 159, 578, 2, 0, 0, 0, 0, 0, 0), dim = c(5L, 3L
), dimnames = list(c("-2", "-1", "0", "1", "2"), c("-", "A", 
"G"))), GM09_SNP1 = structure(c(3, 383, 48, 2, 0, 0, 0, 0, 0, 
0, 0, 0), dim = 4:3, dimnames = list(c("-2", "-1", "0", "1"), 
    c("A", "G", "T"))), GM11_SNP1 = structure(c(0, 18, 598, 1
), dim = c(4L, 1L), dimnames = list(c("-2", "-1", "0", "1"), 
    "A")), GM14_SNP1 = structure(c(0, 0, 0, 0, 2, 211, 644, 3, 
0, 0, 0, 0), dim = 4:3, dimnames = list(c("-2", "-1", "0", "1"
), c("-", "C", "T"))), GM17_SNP1 = structure(c(1, 370, 0, 2, 
355, 0), dim = 3:2, dimnames = list(c("-1", "0", "1"), c("C", 
"T"))), GM22_SNP1 = structure(c(0, 6, 713, 1, 0, 0, 0, 0, 0, 
0, 0, 0), dim = 4:3, dimnames = list(c("-2", "-1", "0", "1"), 
    c("A", "G", "T"))), GM26_SNP1 = structure(c(0, 2, 410, 0, 
0, 0, 368, 0, 0, 0, 1, 0), dim = 4:3, dimnames = list(c("-2", 
"-1", "0", "1"), c("A", "G", "T"))), GM29_SNP1 = structure(c(0, 
6, 593, 1, 0, 0, 0, 0, 0, 0, 0, 0), dim = 4:3, dimnames = list(
    c("-2", "-1", "0", "1"), c("A", "G", "T"))), IM16_SNP1 = structure(c(0, 
1, 256, 76, 2, 0, 3, 340, 0, 0), dim = c(5L, 2L), dimnames = list(
    c("-2", "-1", "0", "1", "2"), c("A", "G"))), IM49_SNP1 = structure(c(0, 
0, 0, 0, 0, 0, 0, 128, 73, 195, 1, 0), dim = c(6L, 2L), dimnames = list(
    c("-3", "-2", "-1", "0", "1", "2"), c("C", "G"))), LR10_SNP1 = structure(c(0, 
102, 298, 6, 0, 0, 3, 416, 0, 0), dim = c(5L, 2L), dimnames = list(
    c("-2", "-1", "0", "1", "2"), c("C", "T"))), LR11_SNP1 = structure(c(0, 
0, 55, 774, 2, 0, 0, 0, 0, 1, 0, 0, 0, 0, 0, 0, 0, 0), dim = c(6L, 
3L), dimnames = list(c("-3", "-2", "-1", "0", "1", "2"), c("A", 
"C", "T"))), LR17_SNP1 = structure(c(2, 114, 406, 3, 0), dim = c(5L, 
1L), dimnames = list(c("-2", "-1", "0", "1", "2"), "A")), LR20_SNP1 = structure(c(5, 
331, 0, 22, 354, 0, 0, 0, 0), dim = c(3L, 3L), dimnames = list(
    c("-1", "0", "1"), c("A", "G", "T"))), LR24_SNP1 = structure(c(0, 
0, 0, 3, 0, 0, 0, 7, 1493, 2), dim = c(5L, 2L), dimnames = list(
    c("-3", "-2", "-1", "0", "1"), c("A", "G"))), LR36_SNP1 = structure(c(0, 
0, 0, 0, 0, 0, 0, 0, 5, 147, 53, 494, 16, 0), dim = c(7L, 2L), dimnames = list(
    c("-4", "-3", "-2", "-1", "0", "1", "2"), c("A", "T"))), 
    LR40_SNP1 = structure(c(0, 134, 458, 0, 0, 0, 0, 0), dim = c(4L, 
    2L), dimnames = list(c("-2", "-1", "0", "1"), c("C", "T"))), 
    LR44_SNP1 = structure(c(0, 0, 0, 0, 0, 0, 0, 0, 1, 0, 0, 
    0, 0, 0, 0, 0, 0, 0, 0, 75, 91, 38, 605, 2, 0, 0, 0, 0, 0, 
    0, 0, 1, 0, 0, 0, 0, 0, 1, 0, 0, 4, 0, 0, 0, 0), dim = c(9L, 
    5L), dimnames = list(c("-4", "-3", "-2", "-1", "0", "1", 
    "2", "7", "8"), c("-", "A", "C", "G", "T"))), LR46_SNP1 = structure(c(0, 
    0, 3, 367, 0, 0, 0, 0, 376, 0), dim = c(5L, 2L), dimnames = list(
        c("-3", "-2", "-1", "0", "1"), c("G", "T"))), LR48_SNP1 = structure(c(26, 
    271, 341, 0, 0, 0, 0, 0), dim = c(4L, 2L), dimnames = list(
        c("-2", "-1", "0", "1"), c("C", "T"))), LR49_SNP1 = structure(c(0, 
    3, 0, 1, 1066, 0), dim = 3:2, dimnames = list(c("-1", "0", 
    "1"), c("A", "G"))), LR52_SNP1 = structure(c(0, 7, 82, 82, 
    17, 119, 0, 1, 14, 80, 57, 213, 0, 0), dim = c(7L, 2L), dimnames = list(
        c("-4", "-3", "-2", "-1", "0", "1", "2"), c("C", "T"))))
