Result <-
list(DEPDC2_SNP1 = structure(c(0, 0, 0, 0, 0, 0, 0, 0, 0, 0, 
0, 0, 0, 0, 0, 0, 0, 0, 0, 0, 4, 1195, 71, 1), dim = c(6L, 4L
), dimnames = list(c("-3", "-2", "-1", "0", "1", "2"), c("A", 
"C", "G", "T"))), GM01_SNP1 = structure(c(0, 0, 0, 0, 0, 0, 0, 
19, 601, 2, 0, 0, 0, 0, 3, 0, 0, 0), dim = c(6L, 3L), dimnames = list(
    c("-2", "-1", "0", "1", "2", "3"), c("-", "A", "G"))), GM07_SNP1 = structure(c(0, 
0, 0, 0, 0, 0, 0, 0, 0, 0, 11, 49, 2, 0, 0, 0, 0, 22, 1, 42, 
4, 1, 0, 0), dim = c(8L, 3L), dimnames = list(c("-3", "-2", "-1", 
"0", "1", "2", "3", "4"), c("-", "A", "G"))), GM09_SNP1 = structure(c(0, 
1, 615, 0, 0, 0, 4, 617, 0, 0), dim = c(5L, 2L), dimnames = list(
    c("-2", "-1", "0", "1", "2"), c("A", "G"))), GM11_SNP1 = structure(c(3, 
508, 0, 0, 1, 0, 0, 0), dim = c(4L, 2L), dimnames = list(c("-1", 
"0", "1", "2"), c("A", "G"))), GM14_SNP1 = structure(c(0, 0, 
0, 0, 0, 0, 0, 0, 0, 3, 145, 5, 1, 0, 0, 1, 4, 135, 1, 0, 0), dim = c(7L, 
3L), dimnames = list(c("-3", "-2", "-1", "0", "1", "2", "3"), 
    c("A", "C", "T"))), GM17_SNP1 = structure(c(0, 0, 3, 0, 0, 
0, 102, 562, 2, 0), dim = c(5L, 2L), dimnames = list(c("-2", 
"-1", "0", "1", "2"), c("C", "T"))), GM22_SNP1 = structure(c(0, 
11, 125, 0, 0, 0, 0, 0, 0, 0), dim = c(5L, 2L), dimnames = list(
    c("-2", "-1", "0", "1", "2"), c("A", "G"))), GM26_SNP1 = structure(c(0, 
1, 436, 3, 0, 0, 0, 0, 0, 0, 0, 0, 0, 0, 0, 0, 0, 0, 0, 0), dim = 5:4, dimnames = list(
    c("-2", "-1", "0", "1", "2"), c("A", "C", "G", "T"))), GM29_SNP1 = structure(c(0, 
0, 1, 0, 0, 0, 5, 316, 0, 0), dim = c(5L, 2L), dimnames = list(
    c("-2", "-1", "0", "1", "2"), c("A", "G"))), IM16_SNP1 = structure(c(0, 
0, 0, 0, 1, 38, 0, 0), dim = c(4L, 2L), dimnames = list(c("-1", 
"0", "1", "2"), c("A", "G"))), IM49_SNP1 = structure(c(0, 0, 
0, 0, 0, 0, 0, 0, 16, 333, 7, 0, 0, 0, 3, 61, 171, 9, 0, 0, 0, 
0, 0, 0, 0, 0, 0, 0), dim = c(7L, 4L), dimnames = list(c("-2", 
"-1", "0", "1", "2", "3", "4"), c("A", "C", "G", "T"))), LR10_SNP1 = structure(c(0, 
1, 1, 0, 0, 0, 2, 267, 2, 0), dim = c(5L, 2L), dimnames = list(
    c("-2", "-1", "0", "1", "2"), c("C", "T"))), LR11_SNP1 = structure(c(0, 
0, 1, 2, 0, 0, 0, 0, 0, 23, 453, 7, 0, 0, 0, 0, 0, 0, 0, 0, 0
), dim = c(7L, 3L), dimnames = list(c("-3", "-2", "-1", "0", 
"1", "2", "3"), c("A", "C", "T"))), LR17_SNP1 = structure(c(1, 
29, 335, 6, 0, 0, 0, 0, 0, 0, 0, 0, 0, 0, 0, 0, 0, 0), dim = c(6L, 
3L), dimnames = list(c("-2", "-1", "0", "1", "2", "3"), c("A", 
"C", "G"))), LR20_SNP1 = structure(c(5, 889, 3, 0, 0, 2, 0, 0
), dim = c(4L, 2L), dimnames = list(c("-1", "0", "1", "2"), c("A", 
"G"))), LR24_SNP1 = structure(c(0, 0, 0, 0, 0, 0, 2, 1016, 4, 
0, 0, 1, 923, 2, 0), dim = c(5L, 3L), dimnames = list(c("-2", 
"-1", "0", "1", "2"), c("-", "A", "G"))), LR36_SNP1 = structure(c(0, 
0, 4, 85, 1, 0, 0, 0, 0, 4, 75, 4, 0, 0), dim = c(7L, 2L), dimnames = list(
    c("-4", "-2", "-1", "0", "1", "2", "3"), c("A", "T"))), LR40_SNP1 = structure(c(0, 
0, 0, 0, 20, 303, 0, 0), dim = c(4L, 2L), dimnames = list(c("-1", 
"0", "1", "2"), c("A", "C"))), LR44_SNP1 = structure(c(0, 0, 
0, 0, 0, 1, 0, 0, 0, 0, 0, 0, 1, 6, 26, 517, 79, 4, 0, 1, 0, 
0, 0, 0, 0, 1, 0, 0, 0, 0, 0, 0, 0, 0, 0, 1, 1, 0, 0, 0), dim = c(10L, 
4L), dimnames = list(c("-5", "-4", "-3", "-2", "-1", "0", "1", 
"2", "3", "4"), c("A", "C", "G", "T"))), LR46_SNP1 = structure(c(0, 
0, 0, 0, 0, 0, 0, 0, 0, 0, 0, 0, 333, 1, 0, 1, 63, 247, 1, 0), dim = 5:4, dimnames = list(
    c("-2", "-1", "0", "1", "2"), c("-", "A", "G", "T"))), LR48_SNP1 = structure(c(0, 
0, 0, 0, 0, 0, 0, 0, 0, 0, 0, 0, 0, 0, 0, 0, 100, 321, 3, 0, 
0), dim = c(7L, 3L), dimnames = list(c("-3", "-2", "-1", "0", 
"1", "2", "3"), c("A", "C", "T"))), LR49_SNP1 = structure(c(0, 
3, 546, 0, 0, 9, 549, 0, 0, 0, 0, 0), dim = 4:3, dimnames = list(
    c("-2", "-1", "0", "1"), c("A", "G", "T"))), LR52_SNP1 = structure(c(0, 
0, 1, 0, 4, 0, 0, 0, 0, 0, 7, 66, 344, 13, 1, 0), dim = c(8L, 
2L), dimnames = list(c("-4", "-3", "-2", "-1", "0", "1", "2", 
"3"), c("C", "T"))))
