Result <-
list(DEPDC2_SNP1 = structure(c(0, 0, 0, 0, 667, 2), dim = 3:2, dimnames = list(
    c("-1", "0", "1"), c("C", "T"))), GM01_SNP1 = structure(c(0, 
0, 0, 0, 0, 0, 189, 0, 0, 2, 214, 0), dim = 4:3, dimnames = list(
    c("-2", "-1", "0", "1"), c("-", "A", "G"))), GM07_SNP1 = structure(c(0, 
14, 1, 135, 0, 0, 1, 15, 1, 141, 0, 0), dim = c(6L, 2L), dimnames = list(
    c("-3", "-2", "-1", "0", "1", "2"), c("A", "G"))), GM09_SNP1 = structure(c(0, 
315, 0, 1, 275, 0), dim = 3:2, dimnames = list(c("-1", "0", "1"
), c("A", "G"))), GM11_SNP1 = structure(c(0, 115, 0, 0, 0, 82, 
14, 0), dim = c(4L, 2L), dimnames = list(c("-1", "0", "1", "2"
), c("A", "G"))), GM14_SNP1 = structure(c(0, 0, 1, 351, 0, 0, 
0, 0, 0, 0, 0, 0), dim = c(6L, 2L), dimnames = list(c("-3", "-2", 
"-1", "0", "1", "2"), c("C", "T"))), GM17_SNP1 = structure(c(0, 
352, 0, 0, 0, 0), dim = 3:2, dimnames = list(c("-1", "0", "1"
), c("C", "T"))), GM22_SNP1 = structure(c(0, 0, 125, 0, 0, 0, 
0, 130, 1, 0), dim = c(5L, 2L), dimnames = list(c("-2", "-1", 
"0", "1", "2"), c("A", "G"))), GM26_SNP1 = structure(c(0, 183, 
0, 0, 0, 0), dim = 3:2, dimnames = list(c("-1", "0", "1"), c("A", 
"G"))), GM29_SNP1 = structure(c(0, 0, 134, 0, 0, 6, 132, 0), dim = c(4L, 
2L), dimnames = list(c("-2", "-1", "0", "1"), c("A", "G"))), 
    IM16_SNP1 = structure(c(0, 0, 0, 1, 280, 1), dim = 3:2, dimnames = list(
        c("-1", "0", "1"), c("A", "G"))), IM49_SNP1 = structure(c(0, 
    40, 559, 1, 0), dim = c(5L, 1L), dimnames = list(c("-2", 
    "-1", "0", "1", "2"), "G")), LR10_SNP1 = structure(c(16, 
    110, 0, 0, 137, 0), dim = 3:2, dimnames = list(c("-1", "0", 
    "1"), c("C", "T"))), LR11_SNP1 = structure(c(0, 3, 177, 0, 
    2, 16, 144, 0), dim = c(4L, 2L), dimnames = list(c("-2", 
    "-1", "0", "1"), c("A", "C"))), LR17_SNP1 = structure(c(0, 
    0, 39, 326, 0, 0, 0, 0, 0, 0, 0, 0, 0, 0, 0, 0, 0, 0), dim = c(6L, 
    3L), dimnames = list(c("-3", "-2", "-1", "0", "1", "2"), 
        c("A", "G", "T"))), LR20_SNP1 = structure(c(0, 141, 0, 
    16, 124, 1), dim = 3:2, dimnames = list(c("-1", "0", "1"), 
        c("A", "G"))), LR24_SNP1 = structure(c(62, 918, 0, 0, 
    0, 0, 0, 0, 0), dim = c(3L, 3L), dimnames = list(c("-1", 
    "0", "1"), c("A", "G", "T"))), LR36_SNP1 = structure(c(0, 
    0, 0, 0, 0, 0, 1, 36, 365, 0), dim = c(5L, 2L), dimnames = list(
        c("-3", "-2", "-1", "0", "1"), c("A", "T"))), LR40_SNP1 = structure(c(0, 
    0, 0, 0, 247, 0), dim = 3:2, dimnames = list(c("-1", "0", 
    "1"), c("A", "C"))), LR44_SNP1 = structure(c(0, 0, 0, 0, 
    0, 0, 0, 1, 0, 0, 0, 7, 165, 0, 0, 1, 5, 129, 1, 0), dim = 5:4, dimnames = list(
        c("-2", "-1", "0", "1", "2"), c("-", "A", "C", "T"))), 
    LR46_SNP1 = structure(c(0, 123, 0, 0, 119, 0), dim = 3:2, dimnames = list(
        c("-1", "0", "1"), c("G", "T"))), LR48_SNP1 = structure(c(0, 
    4, 100, 0, 0, 3, 103, 0), dim = c(4L, 2L), dimnames = list(
        c("-2", "-1", "0", "1"), c("C", "T"))), LR49_SNP1 = structure(c(20, 
    199, 0, 177), dim = c(2L, 2L), dimnames = list(c("-1", "0"
    ), c("A", "G"))), LR52_SNP1 = structure(c(0, 0, 0, 0, 0, 
    0, 1, 6, 1, 15, 181, 0, 0, 0, 0, 0, 0, 0), dim = c(6L, 3L
    ), dimnames = list(c("-4", "-3", "-2", "-1", "0", "1"), c("-", 
    "C", "T"))))
