Result <-
list(DEPDC2_SNP1 = structure(c(0, 0, 0, 1, 310, 2, 0, 326, 1), dim = c(3L, 
3L), dimnames = list(c("-1", "0", "1"), c("A", "C", "T"))), GM01_SNP1 = structure(c(1, 
19, 145, 0, 0, 0, 154, 0), dim = c(4L, 2L), dimnames = list(c("-2", 
"-1", "0", "1"), c("A", "G"))), GM07_SNP1 = structure(c(0, 0, 
0, 0, 0, 0, 20, 38, 155, 0), dim = c(5L, 2L), dimnames = list(
    c("-3", "-2", "-1", "0", "1"), c("A", "G"))), GM09_SNP1 = structure(c(2, 
243, 0, 0, 265, 0), dim = 3:2, dimnames = list(c("-1", "0", "1"
), c("A", "G"))), GM11_SNP1 = structure(c(0, 0, 65, 25, 0, 28, 
75, 0), dim = c(4L, 2L), dimnames = list(c("-2", "-1", "0", "1"
), c("A", "G"))), GM14_SNP1 = structure(c(0, 0, 0, 0, 0, 0, 0, 
23, 24, 1, 113, 0, 0, 0, 3, 42, 86, 0), dim = c(6L, 3L), dimnames = list(
    c("-4", "-3", "-2", "-1", "0", "1"), c("-", "C", "T"))), 
    GM17_SNP1 = structure(c(0, 0, 0, 0, 0, 0, 8, 267, 0), dim = c(3L, 
    3L), dimnames = list(c("-1", "0", "1"), c("A", "C", "T"))), 
    GM22_SNP1 = structure(c(3, 219, 0, 0, 1, 0), dim = 3:2, dimnames = list(
        c("-1", "0", "1"), c("A", "G"))), GM26_SNP1 = structure(c(19, 
    152, 0, 0, 0, 0), dim = 3:2, dimnames = list(c("-1", "0", 
    "1"), c("A", "G"))), GM29_SNP1 = structure(c(0, 2, 106, 0, 
    0, 0, 2, 111, 0, 0, 0, 0, 0, 0, 0), dim = c(5L, 3L), dimnames = list(
        c("-2", "-1", "0", "1", "2"), c("A", "G", "T"))), IM16_SNP1 = structure(c(0, 
    31, 86, 0, 0, 2, 119, 0), dim = c(4L, 2L), dimnames = list(
        c("-2", "-1", "0", "1"), c("A", "G"))), IM49_SNP1 = structure(c(0, 
    4, 79, 191, 1, 0, 0, 30, 61, 164, 0, 0), dim = c(6L, 2L), dimnames = list(
        c("-3", "-2", "-1", "0", "1", "2"), c("C", "G"))), LR10_SNP1 = structure(c(0, 
    3, 210, 1, 0, 0, 0, 0), dim = c(4L, 2L), dimnames = list(
        c("-2", "-1", "0", "1"), c("C", "T"))), LR11_SNP1 = structure(c(0, 
    0, 0, 0, 0, 3, 241, 0), dim = c(4L, 2L), dimnames = list(
        c("-2", "-1", "0", "1"), c("A", "C"))), LR17_SNP1 = structure(c(0, 
    19, 59, 229, 1, 0, 0, 0, 0, 0, 0, 0, 0, 0, 0), dim = c(5L, 
    3L), dimnames = list(c("-3", "-2", "-1", "0", "1"), c("A", 
    "C", "G"))), LR20_SNP1 = structure(c(0, 0, 0, 0, 1, 38, 238, 
    0, 0, 0, 0, 0), dim = 4:3, dimnames = list(c("-2", "-1", 
    "0", "1"), c("A", "G", "T"))), LR24_SNP1 = structure(c(0, 
    5, 382, 0, 0, 8, 394, 0), dim = c(4L, 2L), dimnames = list(
        c("-2", "-1", "0", "1"), c("A", "G"))), LR36_SNP1 = structure(c(0, 
    0, 0, 0, 0, 0, 0, 0, 0, 0, 0, 0, 0, 0, 0, 0, 3, 63, 293, 
    1), dim = 5:4, dimnames = list(c("-3", "-2", "-1", "0", "1"
    ), c("A", "C", "G", "T"))), LR40_SNP1 = structure(c(0, 0, 
    0, 0, 0, 30, 176, 0, 0, 0, 0, 0, 0, 0, 0, 0), dim = c(4L, 
    4L), dimnames = list(c("-2", "-1", "0", "1"), c("A", "C", 
    "G", "T"))), LR44_SNP1 = structure(c(1, 2, 45, 0, 95, 0, 
    0, 0, 0, 0, 3, 126, 22, 0), dim = c(7L, 2L), dimnames = list(
        c("-4", "-3", "-2", "-1", "0", "1", "2"), c("C", "T"))), 
    LR46_SNP1 = structure(c(0, 0, 0, 0, 193, 0, 0, 0, 0), dim = c(3L, 
    3L), dimnames = list(c("-1", "0", "1"), c("A", "G", "T"))), 
    LR48_SNP1 = structure(c(0, 10, 19, 117, 0), dim = c(5L, 1L
    ), dimnames = list(c("-3", "-2", "-1", "0", "1"), "C")), 
    LR49_SNP1 = structure(c(7, 56, 129, 0, 2, 165), dim = 3:2, dimnames = list(
        c("-2", "-1", "0"), c("A", "G"))), LR52_SNP1 = structure(c(0, 
    0, 0, 0, 0, 0, 0, 4, 27, 3, 65, 0, 0, 18, 0, 1, 74, 0), dim = c(6L, 
    3L), dimnames = list(c("-4", "-3", "-2", "-1", "0", "1"), 
        c("-", "C", "T"))))
