Result <-
list(DEPDC2_SNP1 = structure(c(0, 0, 389, 75, 1, 0, 0, 429, 0, 
0), dim = c(5L, 2L), dimnames = list(c("-2", "-1", "0", "1", 
"2"), c("C", "T"))), GM01_SNP1 = structure(c(0, 0, 423, 0, 0, 
0, 0, 0, 0, 0), dim = c(5L, 2L), dimnames = list(c("-2", "-1", 
"0", "1", "2"), c("A", "G"))), GM07_SNP1 = structure(c(0, 0, 
0, 0, 0, 4, 112, 278, 1, 0), dim = c(5L, 2L), dimnames = list(
    c("-2", "-1", "0", "1", "2"), c("A", "G"))), GM09_SNP1 = structure(c(0, 
0, 0, 3, 544, 0), dim = 3:2, dimnames = list(c("-1", "0", "1"
), c("A", "G"))), GM11_SNP1 = structure(c(0, 74, 0, 7, 83, 0), dim = 3:2, dimnames = list(
    c("-1", "0", "1"), c("A", "G"))), GM14_SNP1 = structure(c(0, 
0, 0, 0, 0, 0, 0, 1, 0, 0, 9, 15, 414, 15, 1, 0, 0, 0, 0, 0), dim = 5:4, dimnames = list(
    c("-2", "-1", "0", "1", "2"), c("-", "A", "C", "T"))), GM17_SNP1 = structure(c(0, 
0, 0, 0, 0, 0, 0, 0, 0, 123, 409, 1), dim = 4:3, dimnames = list(
    c("-2", "-1", "0", "1"), c("A", "C", "T"))), GM22_SNP1 = structure(c(0, 
1, 137, 0, 0, 0, 131, 0), dim = c(4L, 2L), dimnames = list(c("-2", 
"-1", "0", "1"), c("A", "G"))), GM26_SNP1 = structure(c(0, 262, 
0, 0, 0, 0), dim = 3:2, dimnames = list(c("-1", "0", "1"), c("A", 
"G"))), GM29_SNP1 = structure(c(0, 3, 205, 0, 0, 18, 144, 0), dim = c(4L, 
2L), dimnames = list(c("-2", "-1", "0", "1"), c("A", "G"))), 
    IM16_SNP1 = structure(c(1, 28, 88, 0, 0, 0, 0, 108, 0, 0), dim = c(5L, 
    2L), dimnames = list(c("-2", "-1", "0", "1", "2"), c("A", 
    "G"))), IM49_SNP1 = structure(c(0, 13, 124, 648, 0, 0, 0, 
    0, 0, 1, 0, 0), dim = c(6L, 2L), dimnames = list(c("-3", 
    "-2", "-1", "0", "1", "2"), c("C", "G"))), LR10_SNP1 = structure(c(0, 
    0, 0, 0, 0, 30, 282, 4), dim = c(4L, 2L), dimnames = list(
        c("-2", "-1", "0", "1"), c("C", "T"))), LR11_SNP1 = structure(c(0, 
    0, 0, 0, 0, 0, 0, 3, 169, 20, 1, 0), dim = c(6L, 2L), dimnames = list(
        c("-2", "-1", "0", "1", "2", "3"), c("A", "C"))), LR17_SNP1 = structure(c(0, 
    39, 179, 0, 0), dim = c(5L, 1L), dimnames = list(c("-2", 
    "-1", "0", "1", "2"), "A")), LR20_SNP1 = structure(c(0, 0, 
    0, 32, 146, 0, 0, 193, 0, 0, 0, 0), dim = 3:4, dimnames = list(
        c("-1", "0", "1"), c("-", "A", "G", "T"))), LR24_SNP1 = structure(c(0, 
    0, 0, 0, 0, 26, 394, 0, 2, 72, 308, 0, 0, 0, 0, 0), dim = c(4L, 
    4L), dimnames = list(c("-2", "-1", "0", "1"), c("-", "A", 
    "G", "T"))), LR36_SNP1 = structure(c(0, 0, 0, 0, 0, 0, 0, 
    0, 0, 0, 0, 0, 0, 0, 0, 0, 17, 105, 414, 1, 0), dim = c(7L, 
    3L), dimnames = list(c("-4", "-3", "-2", "-1", "0", "1", 
    "2"), c("A", "C", "T"))), LR40_SNP1 = structure(c(3, 160, 
    0, 0, 0, 0), dim = 3:2, dimnames = list(c("-1", "0", "1"), 
        c("C", "T"))), LR44_SNP1 = structure(c(0, 0, 0, 1, 2, 
    0, 0, 0, 0, 4, 44, 281, 0, 0, 0, 0, 0, 0, 0, 0, 0, 0, 0, 
    0, 0, 4, 0, 1), dim = c(7L, 4L), dimnames = list(c("-4", 
    "-3", "-2", "-1", "0", "1", "2"), c("A", "C", "G", "T"))), 
    LR46_SNP1 = structure(c(1, 126, 0, 30, 100, 0), dim = 3:2, dimnames = list(
        c("-1", "0", "1"), c("G", "T"))), LR48_SNP1 = structure(c(0, 
    0, 0, 0, 0, 0, 1, 102, 0, 0, 0, 32, 97, 0, 0), dim = c(5L, 
    3L), dimnames = list(c("-2", "-1", "0", "1", "2"), c("A", 
    "C", "T"))), LR49_SNP1 = structure(c(0, 1, 0, 2, 531, 0), dim = 3:2, dimnames = list(
        c("-1", "0", "1"), c("A", "G"))), LR52_SNP1 = structure(c(0, 
    3, 18, 61, 0, 0, 0, 0, 13, 72, 0, 0), dim = c(6L, 2L), dimnames = list(
        c("-3", "-2", "-1", "0", "1", "2"), c("C", "T"))))
