Result <-
list(DEPDC2_SNP1 = structure(c(0, 0, 0, 0, 0, 0, 0, 0, 0, 0, 
0, 0, 1, 2029, 2), dim = c(5L, 3L), dimnames = list(c("-3", "-2", 
"-1", "0", "1"), c("A", "C", "T"))), GM01_SNP1 = structure(c(0, 
1298, 1, 0, 0, 0, 0, 0), dim = c(4L, 2L), dimnames = list(c("-1", 
"0", "1", "2"), c("A", "G"))), GM07_SNP1 = structure(c(0, 0, 
0, 0, 0, 1, 21, 590, 6, 0, 1, 26, 525, 2, 0), dim = c(5L, 3L), dimnames = list(
    c("-2", "-1", "0", "1", "2"), c("-", "A", "G"))), GM09_SNP1 = structure(c(0, 
2, 1209, 0, 0, 0, 0, 1059, 0, 0, 0, 0, 0, 0, 0), dim = c(5L, 
3L), dimnames = list(c("-2", "-1", "0", "1", "2"), c("A", "G", 
"T"))), GM11_SNP1 = structure(c(0, 0, 305, 1, 0, 2, 304, 1), dim = c(4L, 
2L), dimnames = list(c("-2", "-1", "0", "1"), c("A", "G"))), 
    GM14_SNP1 = structure(c(0, 14, 693, 6, 0, 6, 662, 0), dim = c(4L, 
    2L), dimnames = list(c("-2", "-1", "0", "1"), c("C", "T"))), 
    GM17_SNP1 = structure(c(0, 0, 0, 0, 0, 2, 1155, 1, 0, 4, 
    1148, 0), dim = 4:3, dimnames = list(c("-2", "-1", "0", "1"
    ), c("-", "C", "T"))), GM22_SNP1 = structure(c(0, 3, 643, 
    1, 0, 4, 641, 0, 0, 0, 0, 0), dim = 4:3, dimnames = list(
        c("-2", "-1", "0", "1"), c("A", "G", "T"))), GM26_SNP1 = structure(c(0, 
    885, 0, 0, 0, 0), dim = 3:2, dimnames = list(c("-1", "0", 
    "1"), c("A", "G"))), GM29_SNP1 = structure(c(0, 0, 25, 1125, 
    1, 0, 0, 0, 0, 0, 0, 0), dim = c(6L, 2L), dimnames = list(
        c("-3", "-2", "-1", "0", "1", "2"), c("A", "G"))), IM16_SNP1 = structure(c(9, 
    872, 3, 0, 0, 1, 0, 0), dim = c(4L, 2L), dimnames = list(
        c("-1", "0", "1", "2"), c("A", "G"))), IM49_SNP1 = structure(c(0, 
    8, 274, 628, 4, 0, 0, 0, 3, 246, 514, 1, 0, 0), dim = c(7L, 
    2L), dimnames = list(c("-3", "-2", "-1", "0", "1", "2", "3"
    ), c("C", "G"))), LR10_SNP1 = structure(c(2, 1088, 1, 0, 
    0, 0), dim = 3:2, dimnames = list(c("-1", "0", "1"), c("C", 
    "T"))), LR11_SNP1 = structure(c(0, 0, 0, 0, 0, 1, 162, 913, 
    0, 0), dim = c(5L, 2L), dimnames = list(c("-2", "-1", "0", 
    "1", "2"), c("A", "C"))), LR17_SNP1 = structure(c(0, 5, 227, 
    1049, 9, 0, 0, 0, 0, 0, 0, 0), dim = c(6L, 2L), dimnames = list(
        c("-3", "-2", "-1", "0", "1", "2"), c("A", "G"))), LR20_SNP1 = structure(c(0, 
    0, 0, 0, 2, 868, 1, 0), dim = c(4L, 2L), dimnames = list(
        c("-1", "0", "1", "2"), c("A", "G"))), LR24_SNP1 = structure(c(0, 
    0, 0, 0, 0, 0, 0, 1066, 0, 0, 0, 3, 1022, 0, 0), dim = c(5L, 
    3L), dimnames = list(c("-2", "-1", "0", "1", "2"), c("-", 
    "A", "G"))), LR36_SNP1 = structure(c(0, 0, 0, 0, 0, 0, 2, 
    236, 1455, 1, 0, 0, 0, 0, 0, 0, 0, 0, 1, 0), dim = 5:4, dimnames = list(
        c("-3", "-2", "-1", "0", "1"), c("-", "A", "G", "T"))), 
    LR40_SNP1 = structure(c(0, 0, 0, 0, 0, 6, 809, 0, 0, 0, 0, 
    0), dim = 4:3, dimnames = list(c("-2", "-1", "0", "1"), c("A", 
    "C", "T"))), LR44_SNP1 = structure(c(0, 0, 0, 0, 0, 0, 1, 
    89, 3, 160, 2, 0, 0, 4, 37, 254, 0, 0), dim = c(6L, 3L), dimnames = list(
        c("-3", "-2", "-1", "0", "1", "2"), c("A", "C", "T"))), 
    LR46_SNP1 = structure(c(1, 973, 1, 0, 0, 0), dim = 3:2, dimnames = list(
        c("-1", "0", "1"), c("G", "T"))), LR48_SNP1 = structure(c(0, 
    6, 800, 2, 0), dim = c(5L, 1L), dimnames = list(c("-2", "-1", 
    "0", "1", "2"), "C")), LR49_SNP1 = structure(c(0, 0, 0, 3, 
    1445, 0, 0, 0, 0), dim = c(3L, 3L), dimnames = list(c("-1", 
    "0", "1"), c("-", "A", "G"))), LR52_SNP1 = structure(c(0, 
    4, 44, 285, 2, 0, 0, 7, 318, 1), dim = c(5L, 2L), dimnames = list(
        c("-3", "-2", "-1", "0", "1"), c("C", "T"))))
