Result <-
list(DEPDC2_SNP1 = structure(c(0, 0, 0, 0, 2, 250, 86, 4, 0, 
324, 1, 1), dim = 4:3, dimnames = list(c("-1", "0", "1", "2"), 
    c("A", "C", "T"))), GM01_SNP1 = structure(c(0, 0, 0, 0, 0, 
1, 321, 0, 0, 0, 0, 0, 0, 0, 0, 0), dim = c(4L, 4L), dimnames = list(
    c("-2", "-1", "0", "1"), c("-", "A", "G", "T"))), GM07_SNP1 = structure(c(0, 
0, 0, 0, 0, 3, 66, 171, 1, 0), dim = c(5L, 2L), dimnames = list(
    c("-2", "-1", "0", "1", "2"), c("A", "G"))), GM09_SNP1 = structure(c(0, 
0, 0, 4, 28, 0, 0, 0, 0), dim = c(3L, 3L), dimnames = list(c("-1", 
"0", "1"), c("A", "G", "T"))), GM11_SNP1 = structure(c(0, 0, 
0, 0, 68, 0, 11, 61, 0), dim = c(3L, 3L), dimnames = list(c("-1", 
"0", "1"), c("-", "A", "G"))), GM14_SNP1 = structure(c(0, 0, 
0, 0, 0, 0, 0, 2, 13, 343, 7, 0, 0, 0, 0, 2, 0, 0), dim = c(6L, 
3L), dimnames = list(c("-3", "-2", "-1", "0", "1", "2"), c("A", 
"C", "T"))), GM17_SNP1 = structure(c(0, 0, 0, 0, 0, 80, 228, 
0), dim = c(4L, 2L), dimnames = list(c("-2", "-1", "0", "1"), 
    c("C", "T"))), GM22_SNP1 = structure(c(0, 3, 121, 0, 0, 1, 
112, 0), dim = c(4L, 2L), dimnames = list(c("-2", "-1", "0", 
"1"), c("A", "G"))), GM26_SNP1 = structure(c(0, 141, 0, 0, 0, 
0), dim = 3:2, dimnames = list(c("-1", "0", "1"), c("A", "G"))), 
    GM29_SNP1 = structure(c(0, 3, 110, 0, 0, 14, 94, 0), dim = c(4L, 
    2L), dimnames = list(c("-2", "-1", "0", "1"), c("A", "G"))), 
    IM16_SNP1 = structure(c(3, 27, 69, 0, 0, 0, 3, 106, 0, 0), dim = c(5L, 
    2L), dimnames = list(c("-2", "-1", "0", "1", "2"), c("A", 
    "G"))), IM49_SNP1 = structure(c(0, 20, 131, 638, 0, 0, 0, 
    0, 0, 0, 0, 0), dim = c(6L, 2L), dimnames = list(c("-3", 
    "-2", "-1", "0", "1", "2"), c("C", "G"))), LR10_SNP1 = structure(c(0, 
    0, 0, 0, 0, 27, 164, 0), dim = c(4L, 2L), dimnames = list(
        c("-2", "-1", "0", "1"), c("C", "T"))), LR11_SNP1 = structure(c(0, 
    0, 0, 0, 0, 0, 5, 222, 18, 0, 0, 0, 0, 0, 0), dim = c(5L, 
    3L), dimnames = list(c("-2", "-1", "0", "1", "2"), c("A", 
    "C", "T"))), LR17_SNP1 = structure(c(0, 1, 35, 170, 0, 0, 
    0, 0, 0, 0), dim = c(5L, 2L), dimnames = list(c("-3", "-2", 
    "-1", "0", "1"), c("A", "T"))), LR20_SNP1 = structure(c(27, 
    72, 0, 0, 130, 0), dim = 3:2, dimnames = list(c("-1", "0", 
    "1"), c("A", "G"))), LR24_SNP1 = structure(c(0, 0, 15, 385, 
    0, 0, 1, 104, 249, 0, 0, 0, 0, 0, 0), dim = c(5L, 3L), dimnames = list(
        c("-3", "-2", "-1", "0", "1"), c("A", "G", "T"))), LR36_SNP1 = structure(c(0, 
    0, 0, 0, 0, 0, 0, 0, 0, 0, 0, 0, 0, 0, 0, 0, 8, 109, 301, 
    2), dim = 5:4, dimnames = list(c("-3", "-2", "-1", "0", "1"
    ), c("A", "C", "G", "T"))), LR40_SNP1 = structure(c(6, 149, 
    2), dim = c(3L, 1L), dimnames = list(c("-1", "0", "1"), "C")), 
    LR44_SNP1 = structure(c(0, 0, 0, 0, 0, 0, 0, 0, 0, 1, 0, 
    0, 0, 12, 44, 211, 6, 0, 0, 0, 0, 1, 0, 0, 0, 0, 1, 11, 0, 
    0), dim = 6:5, dimnames = list(c("-3", "-2", "-1", "0", "1", 
    "2"), c("-", "A", "C", "G", "T"))), LR46_SNP1 = structure(c(1, 
    82, 0, 18, 47, 0), dim = 3:2, dimnames = list(c("-1", "0", 
    "1"), c("G", "T"))), LR48_SNP1 = structure(c(0, 4, 76, 0, 
    0, 0, 0, 0, 0, 11, 56, 0), dim = 4:3, dimnames = list(c("-2", 
    "-1", "0", "1"), c("C", "G", "T"))), LR49_SNP1 = structure(c(0, 
    0, 0, 7, 328, 0), dim = 3:2, dimnames = list(c("-1", "0", 
    "1"), c("A", "G"))), LR52_SNP1 = structure(c(0, 3, 17, 40, 
    0, 0, 0, 0, 0, 0, 0, 0, 0, 2, 5, 52, 0, 0), dim = c(6L, 3L
    ), dimnames = list(c("-3", "-2", "-1", "0", "1", "2"), c("C", 
    "G", "T"))))
