Result <-
list(DEPDC2_SNP1 = structure(c(0, 0, 0, 0, 0, 0, 0, 0, 1, 0, 
0, 0, 6, 1393, 2), dim = c(5L, 3L), dimnames = list(c("-3", "-2", 
"-1", "0", "1"), c("A", "C", "T"))), GM01_SNP1 = structure(c(0, 
0, 0, 3, 854, 1, 0, 0, 0, 0, 1, 0, 0, 0, 0), dim = c(3L, 5L), dimnames = list(
    c("-1", "0", "1"), c("-", "A", "C", "G", "T"))), GM07_SNP1 = structure(c(0, 
66, 298, 1, 0, 0, 1, 66, 292, 5, 0, 0), dim = c(6L, 2L), dimnames = list(
    c("-2", "-1", "0", "1", "2", "3"), c("A", "G"))), GM09_SNP1 = structure(c(1, 
630, 0, 10, 544, 1), dim = 3:2, dimnames = list(c("-1", "0", 
"1"), c("A", "G"))), GM11_SNP1 = structure(c(0, 0, 495, 18, 0, 
0, 0, 1, 0, 0), dim = c(5L, 2L), dimnames = list(c("-2", "-1", 
"0", "1", "2"), c("A", "G"))), GM14_SNP1 = structure(c(0, 0, 
8, 897, 0, 0, 0, 0, 0, 0), dim = c(5L, 2L), dimnames = list(c("-3", 
"-2", "-1", "0", "1"), c("C", "T"))), GM17_SNP1 = structure(c(1, 
3, 909, 73, 0, 0, 0, 0, 0, 0, 0, 0, 0, 0, 0), dim = c(5L, 3L), dimnames = list(
    c("-2", "-1", "0", "1", "2"), c("C", "G", "T"))), GM22_SNP1 = structure(c(1, 
3, 711, 0, 0, 0, 0, 0, 0, 0), dim = c(5L, 2L), dimnames = list(
    c("-2", "-1", "0", "1", "2"), c("A", "G"))), GM26_SNP1 = structure(c(0, 
58, 493, 0, 0, 0, 1, 0), dim = c(4L, 2L), dimnames = list(c("-2", 
"-1", "0", "1"), c("A", "G"))), GM29_SNP1 = structure(c(20, 543, 
0, 0, 0, 0, 0, 0, 0), dim = c(3L, 3L), dimnames = list(c("-1", 
"0", "1"), c("A", "G", "T"))), IM16_SNP1 = structure(c(6, 596, 
2, 0, 0, 1, 0, 0), dim = c(4L, 2L), dimnames = list(c("-1", "0", 
"1", "2"), c("A", "G"))), IM49_SNP1 = structure(c(0, 1, 0, 0, 
0, 0, 8, 471, 1, 0, 0, 65, 315, 0, 0), dim = c(5L, 3L), dimnames = list(
    c("-2", "-1", "0", "1", "2"), c("-", "C", "G"))), LR10_SNP1 = structure(c(0, 
2, 359, 1, 0, 0, 342, 1), dim = c(4L, 2L), dimnames = list(c("-2", 
"-1", "0", "1"), c("C", "T"))), LR11_SNP1 = structure(c(0, 1, 
72, 691, 1, 0, 0, 0, 0, 2, 0, 0), dim = c(6L, 2L), dimnames = list(
    c("-4", "-2", "-1", "0", "1", "2"), c("A", "C"))), LR17_SNP1 = structure(c(10, 
18, 30, 487, 2, 0, 0, 0, 0, 0, 0, 0, 0, 0, 0, 0, 0, 0), dim = c(6L, 
3L), dimnames = list(c("-3", "-2", "-1", "0", "1", "2"), c("A", 
"G", "T"))), LR20_SNP1 = structure(c(0, 0, 0, 1, 848, 0), dim = 3:2, dimnames = list(
    c("-1", "0", "1"), c("A", "G"))), LR24_SNP1 = structure(c(0, 
0, 0, 0, 0, 2, 658, 1, 0, 0, 0, 0, 0, 19, 724, 0), dim = c(4L, 
4L), dimnames = list(c("-3", "-1", "0", "1"), c("-", "A", "C", 
"G"))), LR36_SNP1 = structure(c(0, 0, 0, 0, 0, 0, 0, 1, 7, 49, 
8, 662, 3, 0, 0, 0, 0, 0, 0, 0, 0), dim = c(7L, 3L), dimnames = list(
    c("-4", "-3", "-2", "-1", "0", "1", "2"), c("-", "A", "T"
    ))), LR40_SNP1 = structure(c(2, 545, 0, 0, 0, 0), dim = 3:2, dimnames = list(
    c("-1", "0", "1"), c("C", "T"))), LR44_SNP1 = structure(c(0, 
0, 0, 0, 0, 0, 0, 1, 3, 0, 0, 51, 68, 467, 1), dim = c(5L, 3L
), dimnames = list(c("-3", "-2", "-1", "0", "1"), c("A", "C", 
"T"))), LR46_SNP1 = structure(c(1, 523, 0, 0, 0, 0), dim = 3:2, dimnames = list(
    c("-1", "0", "1"), c("G", "T"))), LR48_SNP1 = structure(c(0, 
54, 449, 2, 0, 0, 0, 0), dim = c(4L, 2L), dimnames = list(c("-2", 
"-1", "0", "1"), c("C", "T"))), LR49_SNP1 = structure(c(0, 428, 
2, 404, 0, 0), dim = 2:3, dimnames = list(c("-1", "0"), c("A", 
"G", "T"))), LR52_SNP1 = structure(c(0, 27, 26, 7, 250, 2, 0, 
1, 46, 2, 240, 0), dim = c(6L, 2L), dimnames = list(c("-4", "-3", 
"-2", "-1", "0", "1"), c("C", "T"))))
