Result <-
list(DEPDC2_SNP1 = structure(c(0, 0, 0, 0, 0, 0, 0, 7, 2094, 
2), dim = c(5L, 2L), dimnames = list(c("-3", "-2", "-1", "0", 
"1"), c("C", "T"))), GM01_SNP1 = structure(c(0, 0, 0, 0, 0, 0, 
3, 1693, 1, 0), dim = c(5L, 2L), dimnames = list(c("-2", "-1", 
"0", "1", "2"), c("A", "G"))), GM07_SNP1 = structure(c(0, 0, 
0, 0, 0, 0, 0, 18, 253, 917, 59, 0), dim = c(6L, 2L), dimnames = list(
    c("-3", "-2", "-1", "0", "1", "2"), c("A", "G"))), GM09_SNP1 = structure(c(10, 
87, 2, 0, 0, 0, 11, 74, 0, 0, 0, 0), dim = 3:4, dimnames = list(
    c("-1", "0", "1"), c("A", "C", "G", "T"))), GM11_SNP1 = structure(c(0, 
3, 763, 1, 0, 0, 0, 0), dim = c(4L, 2L), dimnames = list(c("-3", 
"-1", "0", "1"), c("A", "G"))), GM14_SNP1 = structure(c(0, 0, 
0, 0, 0, 0, 0, 18, 271, 1275, 0, 0), dim = c(6L, 2L), dimnames = list(
    c("-3", "-2", "-1", "0", "1", "2"), c("C", "T"))), GM17_SNP1 = structure(c(0, 
0, 0, 0, 0, 14, 756, 1, 0, 8, 709, 0), dim = 4:3, dimnames = list(
    c("-2", "-1", "0", "1"), c("A", "C", "T"))), GM22_SNP1 = structure(c(0, 
2, 628, 0, 0, 26, 483, 0, 0, 0, 0, 0), dim = 4:3, dimnames = list(
    c("-2", "-1", "0", "1"), c("A", "G", "T"))), GM26_SNP1 = structure(c(0, 
1, 362, 0, 0, 1, 357, 0), dim = c(4L, 2L), dimnames = list(c("-2", 
"-1", "0", "1"), c("A", "G"))), GM29_SNP1 = structure(c(0, 6, 
1031, 0, 0, 0, 0, 0, 0, 0, 1, 0, 0, 0, 0, 0), dim = c(4L, 4L), dimnames = list(
    c("-2", "-1", "0", "1"), c("A", "C", "G", "T"))), IM16_SNP1 = structure(c(2, 
325, 604, 1, 0, 0, 0, 1, 0, 0), dim = c(5L, 2L), dimnames = list(
    c("-2", "-1", "0", "1", "2"), c("A", "G"))), IM49_SNP1 = structure(c(0, 
8, 298, 483, 1, 0, 0, 49, 248, 470, 0, 0), dim = c(6L, 2L), dimnames = list(
    c("-3", "-2", "-1", "0", "1", "2"), c("C", "G"))), LR10_SNP1 = structure(c(0, 
0, 1, 0, 0, 14, 1251, 0), dim = c(4L, 2L), dimnames = list(c("-2", 
"-1", "0", "1"), c("C", "T"))), LR11_SNP1 = structure(c(0, 0, 
0, 0, 0, 0, 0, 0, 232, 997, 0, 0), dim = c(6L, 2L), dimnames = list(
    c("-3", "-2", "-1", "0", "1", "2"), c("A", "C"))), LR17_SNP1 = structure(c(0, 
1, 275, 1051, 6, 0, 0, 0, 0, 0), dim = c(5L, 2L), dimnames = list(
    c("-3", "-2", "-1", "0", "1"), c("A", "G"))), LR20_SNP1 = structure(c(0, 
0, 0, 0, 0, 220, 903, 0), dim = c(4L, 2L), dimnames = list(c("-2", 
"-1", "0", "1"), c("A", "G"))), LR24_SNP1 = structure(c(12, 873, 
1616, 0, 0, 1, 0, 0, 0, 0, 0, 0), dim = 4:3, dimnames = list(
    c("-2", "-1", "0", "1"), c("A", "G", "T"))), LR36_SNP1 = structure(c(0, 
0, 0, 0, 0, 0, 0, 0, 0, 40, 293, 591, 1, 0, 0, 0, 0, 0, 0, 0, 
0, 0, 0, 0, 31, 914, 7, 0), dim = c(7L, 4L), dimnames = list(
    c("-4", "-3", "-2", "-1", "0", "1", "2"), c("-", "A", "G", 
    "T"))), LR40_SNP1 = structure(c(0, 0, 2, 415, 0, 0, 1, 145, 
298, 1), dim = c(5L, 2L), dimnames = list(c("-3", "-2", "-1", 
"0", "1"), c("A", "C"))), LR44_SNP1 = structure(c(0, 0, 0, 2, 
0, 0, 0, 0, 1, 2, 0, 0, 1, 40, 120, 620, 3, 0, 0, 0, 0, 4, 0, 
0, 0, 1, 1, 18, 0, 0), dim = 6:5, dimnames = list(c("-3", "-2", 
"-1", "0", "1", "2"), c("-", "A", "C", "G", "T"))), LR46_SNP1 = structure(c(0, 
0, 0, 0, 0, 49, 932, 0, 0, 0, 0, 0), dim = 4:3, dimnames = list(
    c("-2", "-1", "0", "1"), c("A", "G", "T"))), LR48_SNP1 = structure(c(0, 
0, 0, 0, 0, 0, 0, 16, 160, 281, 1, 0, 0, 0, 51, 315, 0, 0), dim = c(6L, 
3L), dimnames = list(c("-3", "-2", "-1", "0", "1", "2"), c("A", 
"C", "T"))), LR49_SNP1 = structure(c(0, 45, 652, 0, 0, 6, 597, 
0), dim = c(4L, 2L), dimnames = list(c("-2", "-1", "0", "1"), 
    c("A", "G"))), LR52_SNP1 = structure(c(0, 0, 0, 0, 0, 0, 
0, 10, 64, 677, 77, 0, 0, 0, 0, 2, 0, 0), dim = c(6L, 3L), dimnames = list(
    c("-3", "-2", "-1", "0", "1", "2"), c("A", "C", "T"))))
