Result <-
list(DEPDC2_SNP1 = structure(c(0, 0, 0, 0, 1, 2, 0, 0, 4, 1364, 
33, 0), dim = 4:3, dimnames = list(c("-1", "0", "1", "2"), c("A", 
"C", "T"))), GM01_SNP1 = structure(c(0, 1, 7, 0, 0, 0, 153, 614, 
1, 0), dim = c(5L, 2L), dimnames = list(c("-2", "-1", "0", "1", 
"2"), c("A", "G"))), GM07_SNP1 = structure(c(0, 0, 0, 0, 0, 0, 
0, 0, 0, 18, 301, 41, 2, 0, 0, 123, 1, 222, 1, 0, 0, 0, 0, 0, 
0, 0, 0, 0), dim = c(7L, 4L), dimnames = list(c("-3", "-2", "-1", 
"0", "1", "2", "3"), c("-", "A", "G", "T"))), GM09_SNP1 = structure(c(0, 
2, 0, 2, 1078, 0), dim = 3:2, dimnames = list(c("-1", "0", "1"
), c("A", "G"))), GM11_SNP1 = structure(c(0, 0, 0, 0, 0, 3, 285, 
0), dim = c(4L, 2L), dimnames = list(c("-2", "-1", "0", "1"), 
    c("A", "G"))), GM14_SNP1 = structure(c(0, 0, 0, 0, 0, 0, 
0, 0, 0, 9, 378, 0, 0, 0, 0, 1, 138, 293, 0, 0, 0), dim = c(7L, 
3L), dimnames = list(c("-3", "-2", "-1", "0", "1", "2", "3"), 
    c("A", "C", "T"))), GM17_SNP1 = structure(c(0, 0, 0, 0, 0, 
0, 0, 0, 0, 0, 0, 0, 0, 0, 0, 2, 0, 0, 0, 0, 12, 900, 1, 0), dim = c(6L, 
4L), dimnames = list(c("-3", "-2", "-1", "0", "1", "2"), c("-", 
"A", "C", "T"))), GM22_SNP1 = structure(c(0, 29, 540, 4, 0, 0, 
0, 1, 0, 0), dim = c(5L, 2L), dimnames = list(c("-2", "-1", "0", 
"1", "2"), c("A", "G"))), GM26_SNP1 = structure(c(0, 0, 292, 
0, 0, 0, 2, 274, 1, 0, 0, 0, 1, 0, 0), dim = c(5L, 3L), dimnames = list(
    c("-2", "-1", "0", "1", "2"), c("A", "G", "T"))), GM29_SNP1 = structure(c(0, 
95, 179, 0, 0, 8, 287, 0, 0, 0, 0, 0), dim = 4:3, dimnames = list(
    c("-2", "-1", "0", "1"), c("A", "G", "T"))), IM16_SNP1 = structure(c(0, 
92, 316, 0, 0, 0, 0, 1, 0, 0, 0, 0, 0, 0, 0), dim = c(5L, 3L), dimnames = list(
    c("-2", "-1", "0", "1", "2"), c("A", "G", "T"))), IM49_SNP1 = structure(c(0, 
0, 0, 1, 0, 0, 0, 0, 0, 2, 0, 0, 0, 1, 11, 1088, 9, 0), dim = c(6L, 
3L), dimnames = list(c("-3", "-2", "-1", "0", "1", "2"), c("A", 
"C", "G"))), LR10_SNP1 = structure(c(0, 0, 0, 0, 0, 0, 5, 606, 
96, 0), dim = c(5L, 2L), dimnames = list(c("-2", "-1", "0", "1", 
"2"), c("C", "T"))), LR11_SNP1 = structure(c(0, 0, 0, 0, 0, 1, 
25, 446, 0, 0, 0, 0, 0, 0, 0), dim = c(5L, 3L), dimnames = list(
    c("-2", "-1", "0", "1", "2"), c("A", "C", "T"))), LR17_SNP1 = structure(c(0, 
12, 134, 307, 3, 0, 0, 0, 0, 0, 0, 0), dim = c(6L, 2L), dimnames = list(
    c("-3", "-2", "-1", "0", "1", "2"), c("A", "G"))), LR20_SNP1 = structure(c(0, 
260, 1, 1, 253, 0), dim = 3:2, dimnames = list(c("-1", "0", "1"
), c("A", "G"))), LR24_SNP1 = structure(c(0, 0, 4, 581, 0, 0, 
0, 1, 181, 373, 0, 0), dim = c(6L, 2L), dimnames = list(c("-3", 
"-2", "-1", "0", "1", "2"), c("A", "G"))), LR36_SNP1 = structure(c(0, 
0, 0, 0, 1, 0, 0, 0, 0, 0, 0, 0, 0, 0, 0, 0, 0, 0, 0, 0, 0, 0, 
0, 44, 102, 503, 9, 1), dim = c(7L, 4L), dimnames = list(c("-4", 
"-3", "-2", "-1", "0", "1", "2"), c("A", "C", "G", "T"))), LR40_SNP1 = structure(c(0, 
2, 287, 0), dim = c(4L, 1L), dimnames = list(c("-2", "-1", "0", 
"1"), "C")), LR44_SNP1 = structure(c(0, 0, 0, 0, 0, 0, 0, 49, 
23, 107, 0, 0, 0, 22, 64, 131, 0, 0), dim = c(6L, 3L), dimnames = list(
    c("-3", "-2", "-1", "0", "1", "2"), c("A", "C", "T"))), LR46_SNP1 = structure(c(0, 
0, 0, 1, 243, 0, 0, 275, 0), dim = c(3L, 3L), dimnames = list(
    c("-1", "0", "1"), c("-", "G", "T"))), LR48_SNP1 = structure(c(0, 
0, 61, 190, 1, 0, 0, 0, 9, 210, 2, 0), dim = c(6L, 2L), dimnames = list(
    c("-3", "-2", "-1", "0", "1", "2"), c("C", "T"))), LR49_SNP1 = structure(c(4, 
878, 0, 0, 3, 0), dim = 3:2, dimnames = list(c("-1", "0", "1"
), c("A", "G"))), LR52_SNP1 = structure(c(0, 0, 0, 0, 0, 0, 1, 
3, 79, 71, 320, 0, 0, 0, 0, 1, 5, 0), dim = c(6L, 3L), dimnames = list(
    c("-4", "-3", "-2", "-1", "0", "1"), c("A", "C", "T"))))
