Result <-
list(DEPDC2_SNP1 = structure(c(0, 1, 342, 7, 4, 4, 1, 8, 558, 
32, 1, 0), dim = c(6L, 2L), dimnames = list(c("-2", "-1", "0", 
"1", "2", "3"), c("C", "T"))), GM01_SNP1 = structure(c(0, 0, 
0, 0, 3, 270, 955, 2, 0, 0, 0, 0), dim = 4:3, dimnames = list(
    c("-2", "-1", "0", "1"), c("A", "G", "T"))), GM07_SNP1 = structure(c(0, 
0, 1, 0, 0, 48, 221, 449, 3, 0), dim = c(5L, 2L), dimnames = list(
    c("-2", "-1", "0", "1", "2"), c("A", "G"))), GM09_SNP1 = structure(c(0, 
424, 1595, 1, 0, 0, 0, 0, 0, 0, 0, 0), dim = 4:3, dimnames = list(
    c("-2", "-1", "0", "1"), c("A", "G", "T"))), GM11_SNP1 = structure(c(0, 
5, 580, 14, 1, 0, 0, 0, 0, 0), dim = c(5L, 2L), dimnames = list(
    c("-2", "-1", "0", "1", "2"), c("A", "G"))), GM14_SNP1 = structure(c(3, 
158, 63, 170, 665, 65, 0, 0, 0, 0, 0, 0, 0, 0), dim = c(7L, 2L
), dimnames = list(c("-4", "-3", "-2", "-1", "0", "1", "2"), 
    c("C", "T"))), GM17_SNP1 = structure(c(0, 0, 0, 0, 0, 0, 
0, 0, 38, 1657, 93, 0), dim = c(6L, 2L), dimnames = list(c("-3", 
"-2", "-1", "0", "1", "2"), c("C", "T"))), GM22_SNP1 = structure(c(0, 
60, 881, 13, 0, 0, 0, 0, 0, 0, 0, 0, 1, 0, 0), dim = c(5L, 3L
), dimnames = list(c("-2", "-1", "0", "1", "2"), c("A", "C", 
"G"))), GM26_SNP1 = structure(c(0, 3, 202, 0, 0, 22, 162, 0), dim = c(4L, 
2L), dimnames = list(c("-2", "-1", "0", "1"), c("A", "G"))), 
    GM29_SNP1 = structure(c(7, 188, 580, 0, 0, 0, 0, 0), dim = c(4L, 
    2L), dimnames = list(c("-2", "-1", "0", "1"), c("A", "G"))), 
    IM16_SNP1 = structure(c(0, 2, 154, 275, 0, 0, 0, 0, 8, 454, 
    5, 0, 0, 0, 0, 2, 0, 0), dim = c(6L, 3L), dimnames = list(
        c("-3", "-2", "-1", "0", "1", "2"), c("A", "G", "T"))), 
    IM49_SNP1 = structure(c(0, 39, 75, 484, 909, 2, 0, 0, 0, 
    0, 0, 2, 0, 0, 0, 0, 0, 0, 0, 0, 0), dim = c(7L, 3L), dimnames = list(
        c("-4", "-3", "-2", "-1", "0", "1", "2"), c("C", "G", 
        "T"))), LR10_SNP1 = structure(c(0, 23, 338, 0, 0, 72, 
    374, 0), dim = c(4L, 2L), dimnames = list(c("-2", "-1", "0", 
    "1"), c("C", "T"))), LR11_SNP1 = structure(c(0, 2, 46, 478, 
    35, 0, 0, 11, 116, 343, 0, 0), dim = c(6L, 2L), dimnames = list(
        c("-3", "-2", "-1", "0", "1", "2"), c("A", "C"))), LR17_SNP1 = structure(c(0, 
    0, 0, 0, 0, 0, 0, 134, 217, 673, 3, 0, 0, 0, 0, 0, 0, 0), dim = c(6L, 
    3L), dimnames = list(c("-3", "-2", "-1", "0", "1", "2"), 
        c("-", "A", "G"))), LR20_SNP1 = structure(c(0, 0, 1, 
    0, 0, 200, 967, 0), dim = c(4L, 2L), dimnames = list(c("-2", 
    "-1", "0", "1"), c("A", "G"))), LR24_SNP1 = structure(c(0, 
    0, 0, 0, 0, 151, 940, 1, 3, 54, 1050, 0, 0, 0, 0, 0), dim = c(4L, 
    4L), dimnames = list(c("-2", "-1", "0", "1"), c("-", "A", 
    "G", "T"))), LR36_SNP1 = structure(c(0, 0, 0, 0, 0, 0, 0, 
    20, 2, 90, 274, 935, 0, 0), dim = c(7L, 2L), dimnames = list(
        c("-4", "-3", "-2", "-1", "0", "1", "2"), c("A", "T"))), 
    LR40_SNP1 = structure(c(0, 0, 0, 0, 0, 0, 0, 27, 774, 0), dim = c(5L, 
    2L), dimnames = list(c("-3", "-2", "-1", "0", "1"), c("A", 
    "C"))), LR44_SNP1 = structure(c(0, 0, 0, 0, 1, 0, 0, 0, 0, 
    71, 20, 3, 125, 0, 0, 0, 0, 0, 0, 0, 0, 1, 0, 0, 0, 3, 55, 
    14, 197, 1, 1, 0), dim = c(8L, 4L), dimnames = list(c("-4", 
    "-3", "-2", "-1", "0", "1", "2", "3"), c("A", "C", "G", "T"
    ))), LR46_SNP1 = structure(c(0, 0, 0, 0, 0, 0, 0, 0, 0, 0, 
    1, 0, 0, 90, 546, 0), dim = c(4L, 4L), dimnames = list(c("-2", 
    "-1", "0", "1"), c("-", "A", "G", "T"))), LR48_SNP1 = structure(c(62, 
    58, 450, 0, 0, 0, 0, 1, 0, 0), dim = c(5L, 2L), dimnames = list(
        c("-2", "-1", "0", "1", "2"), c("C", "T"))), LR49_SNP1 = structure(c(1, 
    25, 166, 574, 0, 0, 0, 0, 1, 0, 0, 0, 0, 0, 0), dim = c(5L, 
    3L), dimnames = list(c("-3", "-2", "-1", "0", "1"), c("A", 
    "G", "T"))), LR52_SNP1 = structure(c(7, 10, 23, 48, 127, 
    0, 0, 3, 45, 30, 138, 0), dim = c(6L, 2L), dimnames = list(
        c("-4", "-3", "-2", "-1", "0", "1"), c("C", "T"))))
