Result <-
list(DEPDC2_SNP1 = structure(c(0, 2, 0, 5, 751, 0, 0, 4, 0), dim = c(3L, 
3L), dimnames = list(c("-1", "0", "1"), c("A", "C", "T"))), GM01_SNP1 = structure(c(14, 
157, 0, 1, 175, 0), dim = 3:2, dimnames = list(c("-1", "0", "1"
), c("A", "G"))), GM07_SNP1 = structure(c(0, 0, 0, 0, 0, 0, 4, 
14, 2, 276, 0, 0), dim = c(6L, 2L), dimnames = list(c("-3", "-2", 
"-1", "0", "1", "2"), c("A", "G"))), GM09_SNP1 = structure(c(0, 
568, 0, 0, 1, 0, 0, 0, 0), dim = c(3L, 3L), dimnames = list(c("-1", 
"0", "1"), c("A", "G", "T"))), GM11_SNP1 = structure(c(0, 5, 
0, 0, 181, 0), dim = 3:2, dimnames = list(c("-1", "0", "1"), 
    c("A", "G"))), GM14_SNP1 = structure(c(0, 0, 0, 0, 1, 16, 
195, 0, 0, 16, 166, 0), dim = 4:3, dimnames = list(c("-2", "-1", 
"0", "1"), c("A", "C", "T"))), GM17_SNP1 = structure(c(1, 3, 
0, 8, 399, 0), dim = 3:2, dimnames = list(c("-1", "0", "1"), 
    c("C", "T"))), GM22_SNP1 = structure(c(0, 267, 2, 0, 1, 0, 
0, 0, 0), dim = c(3L, 3L), dimnames = list(c("-1", "0", "1"), 
    c("A", "G", "T"))), GM26_SNP1 = structure(c(0, 0, 86, 0, 
0, 2, 99, 0), dim = c(4L, 2L), dimnames = list(c("-2", "-1", 
"0", "1"), c("A", "G"))), GM29_SNP1 = structure(c(0, 0, 128, 
0, 0, 0, 97, 0), dim = c(4L, 2L), dimnames = list(c("-3", "-1", 
"0", "1"), c("A", "G"))), IM16_SNP1 = structure(c(0, 2, 0, 12, 
230, 2), dim = 3:2, dimnames = list(c("-1", "0", "1"), c("A", 
"G"))), IM49_SNP1 = structure(c(8, 17, 275, 1, 2, 3, 268, 2, 
0, 0, 0, 0), dim = 4:3, dimnames = list(c("-2", "-1", "0", "1"
), c("C", "G", "T"))), LR10_SNP1 = structure(c(0, 2, 234, 0, 
0, 0, 2, 0), dim = c(4L, 2L), dimnames = list(c("-2", "-1", "0", 
"1"), c("C", "T"))), LR11_SNP1 = structure(c(0, 0, 0, 0, 0, 0, 
139, 1, 0, 8, 111, 1), dim = 4:3, dimnames = list(c("-2", "-1", 
"0", "1"), c("-", "A", "C"))), LR17_SNP1 = structure(c(0, 13, 
212, 0, 0, 0, 0, 0, 0, 0), dim = c(5L, 2L), dimnames = list(c("-2", 
"-1", "0", "1", "2"), c("A", "G"))), LR20_SNP1 = structure(c(0, 
0, 0, 0, 176, 0, 1, 164, 0), dim = c(3L, 3L), dimnames = list(
    c("-1", "0", "1"), c("-", "A", "G"))), LR24_SNP1 = structure(c(0, 
6, 351, 0, 0, 6, 355, 0), dim = c(4L, 2L), dimnames = list(c("-2", 
"-1", "0", "1"), c("A", "G"))), LR36_SNP1 = structure(c(0, 0, 
10, 166, 0, 0, 2, 10, 158, 1), dim = c(5L, 2L), dimnames = list(
    c("-3", "-2", "-1", "0", "1"), c("A", "T"))), LR40_SNP1 = structure(c(0, 
0, 2, 204, 0), dim = c(5L, 1L), dimnames = list(c("-4", "-2", 
"-1", "0", "1"), "C")), LR44_SNP1 = structure(c(0, 0, 1, 4, 0, 
0, 0, 0, 1, 0, 0, 11, 10, 286, 1), dim = c(5L, 3L), dimnames = list(
    c("-3", "-2", "-1", "0", "1"), c("C", "G", "T"))), LR46_SNP1 = structure(c(5, 
78, 0, 0, 85, 0), dim = 3:2, dimnames = list(c("-1", "0", "1"
), c("G", "T"))), LR48_SNP1 = structure(c(0, 15, 181, 2, 0, 0, 
1, 0), dim = c(4L, 2L), dimnames = list(c("-2", "-1", "0", "1"
), c("C", "T"))), LR49_SNP1 = structure(c(0, 3, 0, 5, 373, 0), dim = 3:2, dimnames = list(
    c("-1", "0", "1"), c("A", "G"))), LR52_SNP1 = structure(c(0, 
5, 0, 5, 73, 0, 0, 0, 2, 6, 75, 1), dim = c(6L, 2L), dimnames = list(
    c("-4", "-3", "-2", "-1", "0", "1"), c("C", "T"))))
