Result <-
list(DEPDC2_SNP1 = structure(c(0, 359, 4, 8, 363, 0), dim = 3:2, dimnames = list(
    c("-1", "0", "1"), c("C", "T"))), GM01_SNP1 = structure(c(0, 
32, 381, 1, 0, 0, 1, 0), dim = c(4L, 2L), dimnames = list(c("-2", 
"-1", "0", "1"), c("A", "G"))), GM07_SNP1 = structure(c(0, 0, 
0, 0, 0, 2, 61, 255, 2, 0, 0, 0, 0, 0, 0), dim = c(5L, 3L), dimnames = list(
    c("-2", "-1", "0", "1", "2"), c("A", "G", "T"))), GM09_SNP1 = structure(c(0, 
708, 0, 0, 1, 0), dim = 3:2, dimnames = list(c("-1", "0", "1"
), c("A", "G"))), GM11_SNP1 = structure(c(3, 183, 0, 0, 0, 0), dim = 3:2, dimnames = list(
    c("-1", "0", "1"), c("A", "G"))), GM14_SNP1 = structure(c(0, 
3, 35, 387, 0, 0, 0, 0, 0, 0, 0, 0), dim = c(6L, 2L), dimnames = list(
    c("-5", "-2", "-1", "0", "1", "2"), c("C", "T"))), GM17_SNP1 = structure(c(0, 
3, 0, 51, 405, 0), dim = 3:2, dimnames = list(c("-1", "0", "1"
), c("C", "T"))), GM22_SNP1 = structure(c(0, 3, 165, 0, 0, 1, 
157, 0, 0, 0, 0, 0), dim = 4:3, dimnames = list(c("-2", "-1", 
"0", "1"), c("A", "G", "T"))), GM26_SNP1 = structure(c(0, 0, 
115, 0, 0, 0, 22, 103, 0, 0, 0, 0, 0, 0, 0), dim = c(5L, 3L), dimnames = list(
    c("-2", "-1", "0", "1", "2"), c("A", "G", "T"))), GM29_SNP1 = structure(c(1, 
132, 0, 0, 124, 0), dim = 3:2, dimnames = list(c("-1", "0", "1"
), c("A", "G"))), IM16_SNP1 = structure(c(0, 0, 0, 0, 0, 0, 39, 
268, 0, 0), dim = c(5L, 2L), dimnames = list(c("-2", "-1", "0", 
"1", "2"), c("A", "G"))), IM49_SNP1 = structure(c(0, 0, 0, 0, 
0, 0, 0, 12, 109, 515, 2, 0), dim = c(6L, 2L), dimnames = list(
    c("-3", "-2", "-1", "0", "1", "2"), c("C", "G"))), LR10_SNP1 = structure(c(0, 
2, 159, 0, 0, 0, 165, 0), dim = c(4L, 2L), dimnames = list(c("-2", 
"-1", "0", "1"), c("C", "T"))), LR11_SNP1 = structure(c(0, 0, 
1, 206, 0, 0, 0, 8, 137, 2, 0, 0, 0, 0, 0), dim = c(5L, 3L), dimnames = list(
    c("-3", "-2", "-1", "0", "1"), c("A", "C", "T"))), LR17_SNP1 = structure(c(0, 
0, 0, 0, 2, 34, 255, 0, 0, 0, 0, 0), dim = 4:3, dimnames = list(
    c("-2", "-1", "0", "1"), c("-", "A", "T"))), LR20_SNP1 = structure(c(0, 
0, 0, 29, 281, 0, 0, 0, 0), dim = c(3L, 3L), dimnames = list(
    c("-1", "0", "1"), c("-", "A", "G"))), LR24_SNP1 = structure(c(13, 
884, 0, 1, 0, 0), dim = 3:2, dimnames = list(c("-1", "0", "1"
), c("A", "G"))), LR36_SNP1 = structure(c(0, 5, 252, 2, 0, 0, 
0, 0, 0, 0, 0, 0, 5, 41, 211, 2), dim = c(4L, 4L), dimnames = list(
    c("-2", "-1", "0", "1"), c("A", "C", "G", "T"))), LR40_SNP1 = structure(c(0, 
0, 0, 1, 236, 0, 0, 0, 0), dim = c(3L, 3L), dimnames = list(c("-1", 
"0", "1"), c("A", "C", "T"))), LR44_SNP1 = structure(c(0, 0, 
0, 0, 0, 0, 0, 1, 16, 155, 2, 0, 0, 19, 4, 127, 0, 0), dim = c(6L, 
3L), dimnames = list(c("-3", "-2", "-1", "0", "1", "2"), c("A", 
"C", "T"))), LR46_SNP1 = structure(c(0, 0, 0, 0, 100, 0, 18, 
88, 0), dim = c(3L, 3L), dimnames = list(c("-1", "0", "1"), c("A", 
"G", "T"))), LR48_SNP1 = structure(c(0, 0, 0, 0, 3, 12, 97, 0, 
0, 0, 110, 0), dim = 4:3, dimnames = list(c("-2", "-1", "0", 
"1"), c("-", "C", "T"))), LR49_SNP1 = structure(c(1, 400, 0, 
0, 0, 0), dim = 3:2, dimnames = list(c("-1", "0", "1"), c("A", 
"G"))), LR52_SNP1 = structure(c(0, 2, 15, 97, 0, 0, 5, 10, 90, 
0), dim = c(5L, 2L), dimnames = list(c("-3", "-2", "-1", "0", 
"1"), c("C", "T"))))
