Result <-
list(DEPDC2_SNP1 = structure(c(0, 0, 0, 0, 0, 0, 0, 743, 161, 
0, 0, 0, 0, 0, 0, 0, 3, 1054, 2, 0), dim = 5:4, dimnames = list(
    c("-3", "-1", "0", "1", "2"), c("A", "C", "G", "T"))), GM01_SNP1 = structure(c(0, 
0, 0, 0, 0, 0, 7, 1200, 3, 0, 0, 0, 1, 0, 0, 0, 0, 0, 0, 0), dim = 5:4, dimnames = list(
    c("-2", "-1", "0", "1", "2"), c("-", "A", "G", "T"))), GM07_SNP1 = structure(c(0, 
0, 0, 0, 0, 0, 0, 1, 107, 361, 0, 0, 0, 1, 20, 443, 0, 0, 0, 
0, 0, 0, 0, 0), dim = c(6L, 4L), dimnames = list(c("-3", "-2", 
"-1", "0", "1", "2"), c("-", "A", "G", "T"))), GM11_SNP1 = structure(c(0, 
1, 419, 0, 0, 0, 4, 409, 0, 0, 0, 0, 0, 0, 0), dim = c(5L, 3L
), dimnames = list(c("-2", "-1", "0", "1", "2"), c("A", "G", 
"T"))), GM14_SNP1 = structure(c(0, 0, 0, 0, 0, 0, 0, 16, 286, 
986, 0, 0, 0, 0, 0, 1, 0, 0), dim = c(6L, 3L), dimnames = list(
    c("-3", "-2", "-1", "0", "1", "2"), c("A", "C", "T"))), GM17_SNP1 = structure(c(0, 
1, 1288, 0, 0, 0, 0, 0, 0, 0, 0, 0, 0, 0, 0), dim = c(5L, 3L), dimnames = list(
    c("-2", "-1", "0", "1", "2"), c("C", "G", "T"))), GM22_SNP1 = structure(c(0, 
0, 0, 0, 0, 0, 0, 521, 0, 0, 0, 0, 0, 0, 0, 0, 2, 446, 0, 0), dim = 5:4, dimnames = list(
    c("-2", "-1", "0", "1", "2"), c("-", "A", "C", "G"))), GM26_SNP1 = structure(c(0, 
0, 19, 881, 0, 0, 0, 0, 0, 0, 0, 0, 0, 0, 0), dim = c(5L, 3L), dimnames = list(
    c("-3", "-2", "-1", "0", "1"), c("A", "G", "T"))), GM29_SNP1 = structure(c(0, 
0, 3, 723, 0, 0, 0, 0, 0, 0, 0, 0, 0, 0, 0, 0, 0, 0), dim = c(6L, 
3L), dimnames = list(c("-3", "-2", "-1", "0", "1", "2"), c("A", 
"C", "G"))), IM16_SNP1 = structure(c(0, 0, 0, 0, 0, 0, 0, 0, 
114, 386, 1, 0, 0, 0, 0, 0, 0, 0, 0, 0, 123, 380, 1, 0, 0, 0, 
0, 0, 0, 0), dim = 6:5, dimnames = list(c("-3", "-2", "-1", "0", 
"1", "2"), c("-", "A", "C", "G", "T"))), IM49_SNP1 = structure(c(0, 
0, 0, 0, 0, 0, 0, 4, 137, 459, 1, 0, 2, 1, 145, 401, 0, 0), dim = c(6L, 
3L), dimnames = list(c("-3", "-2", "-1", "0", "1", "2"), c("A", 
"C", "G"))), LR10_SNP1 = structure(c(0, 0, 0, 0, 0, 0, 0, 1, 
123, 921, 0, 0, 0, 0, 0, 0, 0, 0), dim = c(6L, 3L), dimnames = list(
    c("-3", "-2", "-1", "0", "1", "2"), c("A", "C", "T"))), LR11_SNP1 = structure(c(0, 
0, 0, 0, 0, 0, 0, 0, 13, 1107, 1, 0, 0, 0, 0, 0, 0, 0, 0, 0, 
0, 0, 0, 0, 0, 0, 0, 0, 0, 0), dim = 6:5, dimnames = list(c("-3", 
"-2", "-1", "0", "1", "2"), c("-", "A", "C", "G", "T"))), LR17_SNP1 = structure(c(0, 
1, 90, 587, 1, 0, 0, 0, 0, 0, 0, 0, 0, 0, 0, 0, 0, 0, 0, 0, 0
), dim = c(7L, 3L), dimnames = list(c("-3", "-2", "-1", "0", 
"1", "2", "3"), c("A", "G", "T"))), LR20_SNP1 = structure(c(0, 
0, 0, 0, 0, 1, 1003, 0, 0, 0, 1, 0), dim = 4:3, dimnames = list(
    c("-2", "-1", "0", "1"), c("-", "A", "G"))), LR24_SNP1 = structure(c(0, 
0, 0, 0, 0, 0, 0, 6, 0, 0, 0, 3, 2419, 0, 0, 0, 0, 0, 0, 0), dim = 5:4, dimnames = list(
    c("-2", "-1", "0", "1", "2"), c("-", "A", "G", "T"))), LR36_SNP1 = structure(c(0, 
0, 0, 0, 1, 0, 0, 0, 0, 0, 0, 0, 0, 0, 0, 0, 0, 0, 0, 0, 0, 0, 
0, 0, 0, 0, 0, 0, 0, 0, 0, 0, 14, 251, 814, 0, 0, 0, 0, 0), dim = c(10L, 
4L), dimnames = list(c("-5", "-3", "-2", "-1", "0", "1", "2", 
"3", "5", "6"), c("A", "C", "G", "T"))), LR40_SNP1 = structure(c(0, 
0, 106, 324, 0, 0, 0, 0, 391, 0, 0, 0, 0, 0, 0), dim = c(5L, 
3L), dimnames = list(c("-3", "-2", "-1", "0", "1"), c("A", "C", 
"T"))), LR44_SNP1 = structure(c(0, 0, 0, 0, 0, 0, 0, 105, 2, 
274, 0, 0, 0, 7, 104, 359, 0, 0), dim = c(6L, 3L), dimnames = list(
    c("-3", "-2", "-1", "0", "1", "2"), c("A", "C", "T"))), LR46_SNP1 = structure(c(0, 
0, 0, 0, 0, 0, 0, 3, 742, 0, 0, 0, 0, 1, 0), dim = c(5L, 3L), dimnames = list(
    c("-3", "-2", "-1", "0", "1"), c("C", "G", "T"))), LR48_SNP1 = structure(c(0, 
0, 10, 315, 0, 0, 0, 0, 0, 0, 0, 0, 0, 0, 3, 339, 0, 0), dim = c(6L, 
3L), dimnames = list(c("-3", "-2", "-1", "0", "1", "2"), c("C", 
"G", "T"))), LR49_SNP1 = structure(c(10, 1249, 0, 0, 0, 0, 0, 
0, 0, 0, 0, 0), dim = 3:4, dimnames = list(c("-1", "0", "1"), 
    c("A", "C", "G", "T"))), LR52_SNP1 = structure(c(0, 0, 0, 
0, 0, 0, 0, 0, 0, 8, 144, 84, 639, 0, 0, 0, 0, 0, 1, 3, 0), dim = c(7L, 
3L), dimnames = list(c("-5", "-4", "-3", "-2", "-1", "0", "1"
), c("A", "C", "T"))))
