Result <-
list(DEPDC2_SNP1 = structure(c(0, 0, 0, 0, 426, 0, 0, 0, 0), dim = c(3L, 
3L), dimnames = list(c("-1", "0", "1"), c("A", "C", "T"))), GM01_SNP1 = structure(c(0, 
0, 0, 0, 154, 0, 0, 0, 0), dim = c(3L, 3L), dimnames = list(c("-1", 
"0", "1"), c("-", "A", "G"))), GM07_SNP1 = structure(c(0, 0, 
0, 0, 0, 0, 0, 0, 0, 277, 0, 0, 0, 0, 0, 125, 0, 0), dim = c(6L, 
3L), dimnames = list(c("-3", "-2", "-1", "0", "1", "2"), c("-", 
"A", "G"))), GM09_SNP1 = structure(c(0, 158, 0, 0, 164, 0), dim = 3:2, dimnames = list(
    c("-1", "0", "1"), c("A", "G"))), GM11_SNP1 = structure(c(0, 
5, 0, 8), dim = c(2L, 2L), dimnames = list(c("-1", "0"), c("A", 
"G"))), GM14_SNP1 = structure(c(0, 0, 124, 0, 0, 1, 132, 0), dim = c(4L, 
2L), dimnames = list(c("-2", "-1", "0", "1"), c("C", "T"))), 
    GM17_SNP1 = structure(c(0, 0, 0, 0, 0, 1, 502, 0, 0, 0, 179, 
    0), dim = 4:3, dimnames = list(c("-2", "-1", "0", "1"), c("A", 
    "C", "T"))), GM22_SNP1 = structure(c(0, 1, 2, 0, 0, 0, 2, 
    418, 0, 0), dim = c(5L, 2L), dimnames = list(c("-2", "-1", 
    "0", "1", "2"), c("A", "G"))), GM26_SNP1 = structure(c(0, 
    0, 407, 0, 0, 0, 0, 0, 0, 0, 0, 0), dim = 4:3, dimnames = list(
        c("-2", "-1", "0", "1"), c("A", "G", "T"))), GM29_SNP1 = structure(c(0, 
    0, 0, 429, 0, 0, 0, 0, 1, 0), dim = c(5L, 2L), dimnames = list(
        c("-3", "-2", "-1", "0", "1"), c("A", "G"))), IM16_SNP1 = structure(c(0, 
    31, 0, 0, 0, 0), dim = 3:2, dimnames = list(c("-1", "0", 
    "1"), c("A", "G"))), IM49_SNP1 = structure(c(0, 0, 0, 0, 
    0, 0, 0, 0, 1, 0, 0, 7, 485, 3, 0, 0), dim = c(8L, 2L), dimnames = list(
        c("-4", "-3", "-2", "-1", "0", "1", "2", "3"), c("C", 
        "G"))), LR10_SNP1 = structure(c(0, 0, 0, 0, 243, 0, 0, 
    192, 1), dim = c(3L, 3L), dimnames = list(c("-1", "0", "1"
    ), c("A", "C", "T"))), LR11_SNP1 = structure(c(0, 13, 0, 
    0, 0, 0), dim = 3:2, dimnames = list(c("-1", "0", "1"), c("A", 
    "C"))), LR17_SNP1 = structure(c(0, 0, 3, 696, 0, 0, 0, 0, 
    0, 0, 0, 0, 0, 0, 0, 0, 0, 0, 0, 0, 0, 0, 0, 0), dim = c(6L, 
    4L), dimnames = list(c("-3", "-2", "-1", "0", "1", "2"), 
        c("A", "C", "G", "T"))), LR20_SNP1 = structure(c(10, 
    12), dim = 1:2, dimnames = list("0", c("A", "G"))), LR24_SNP1 = structure(c(0, 
    0, 0, 0, 1, 0, 0, 66, 0), dim = c(3L, 3L), dimnames = list(
        c("-1", "0", "1"), c("-", "A", "G"))), LR36_SNP1 = structure(c(0, 
    0, 0, 0, 227, 1, 0, 0, 0, 0, 0, 0, 0, 0, 0, 0, 125, 0), dim = c(6L, 
    3L), dimnames = list(c("-4", "-3", "-2", "-1", "0", "1"), 
        c("A", "G", "T"))), LR44_SNP1 = structure(c(0, 1, 48, 
    0, 0, 0, 0, 84, 0, 0), dim = c(5L, 2L), dimnames = list(c("-2", 
    "-1", "0", "1", "2"), c("C", "T"))), LR46_SNP1 = structure(c(0, 
    0, 0, 2, 361, 1), dim = 3:2, dimnames = list(c("-1", "0", 
    "1"), c("G", "T"))), LR48_SNP1 = structure(c(0, 0, 0, 0, 
    0, 0, 0, 0, 0, 436, 0, 0, 0, 0, 0, 0, 0, 0, 0, 0, 0, 0, 0, 
    0), dim = c(6L, 4L), dimnames = list(c("-3", "-2", "-1", 
    "0", "1", "2"), c("A", "C", "G", "T"))), LR49_SNP1 = structure(c(0, 
    326, 0, 0, 0, 0, 0, 342, 0, 0, 0, 0), dim = 3:4, dimnames = list(
        c("-1", "0", "1"), c("A", "C", "G", "T"))), LR52_SNP1 = structure(c(0, 
    0, 0, 0, 0, 0, 0, 0, 0, 4, 313, 0, 0, 0, 0, 0, 3, 0), dim = c(6L, 
    3L), dimnames = list(c("-4", "-3", "-2", "-1", "0", "1"), 
        c("A", "C", "T"))))
