Result <-
list(DEPDC2_SNP1 = structure(c(2, 260, 0, 0, 0, 0, 0, 229, 0), dim = c(3L, 
3L), dimnames = list(c("-1", "0", "1"), c("C", "G", "T"))), GM01_SNP1 = structure(c(0, 
0, 2, 0, 0, 0, 87, 0), dim = c(4L, 2L), dimnames = list(c("-2", 
"-1", "0", "1"), c("A", "G"))), GM07_SNP1 = structure(c(0, 0, 
0, 0, 0, 0, 2, 304, 2, 0, 0, 0, 0, 0, 0), dim = c(5L, 3L), dimnames = list(
    c("-2", "-1", "0", "1", "2"), c("A", "G", "T"))), GM09_SNP1 = structure(c(0, 
289, 0, 0, 0, 0, 0, 0, 0), dim = c(3L, 3L), dimnames = list(c("-1", 
"0", "1"), c("A", "G", "T"))), GM14_SNP1 = structure(c(0, 0, 
153, 0, 0, 0, 0, 0), dim = c(4L, 2L), dimnames = list(c("-2", 
"-1", "0", "1"), c("C", "T"))), GM17_SNP1 = structure(c(0, 1, 
273, 0, 0, 0, 263, 0), dim = c(4L, 2L), dimnames = list(c("-2", 
"-1", "0", "1"), c("C", "T"))), GM22_SNP1 = structure(c(0, 1, 
446, 1, 0, 0, 3, 0), dim = c(4L, 2L), dimnames = list(c("-2", 
"-1", "0", "1"), c("A", "G"))), GM26_SNP1 = structure(c(0, 0, 
401, 0, 0, 0, 0, 0), dim = c(4L, 2L), dimnames = list(c("-2", 
"-1", "0", "1"), c("A", "G"))), GM29_SNP1 = structure(c(0, 0, 
0, 0, 0, 1, 462, 0, 0, 0, 0, 0, 0, 0, 0, 0), dim = c(4L, 4L), dimnames = list(
    c("-2", "-1", "0", "1"), c("-", "A", "G", "T"))), IM16_SNP1 = structure(c(0, 
0, 0, 0, 21, 0), dim = 3:2, dimnames = list(c("-1", "0", "1"), 
    c("A", "G"))), IM49_SNP1 = structure(c(0, 0, 0, 0, 0, 0, 
0, 0, 0, 0, 0, 0, 0, 0, 2, 552, 1, 0, 0, 0, 0, 0, 0, 0), dim = c(6L, 
4L), dimnames = list(c("-3", "-2", "-1", "0", "1", "2"), c("-", 
"C", "G", "T"))), LR10_SNP1 = structure(c(0, 0, 0, 0, 0, 0, 206, 
0, 0, 0, 181, 0), dim = 4:3, dimnames = list(c("-2", "-1", "0", 
"1"), c("-", "C", "T"))), LR11_SNP1 = structure(c(0, 9, 0, 0, 
7, 0), dim = 3:2, dimnames = list(c("-1", "0", "1"), c("A", "C"
))), LR17_SNP1 = structure(c(0, 0, 1, 676, 1, 0, 0, 0, 0, 0, 
0, 0, 0, 0, 0, 0, 0, 0), dim = c(6L, 3L), dimnames = list(c("-3", 
"-2", "-1", "0", "1", "2"), c("A", "C", "G"))), LR20_SNP1 = structure(c(0, 
14), dim = 1:2, dimnames = list("0", c("A", "G"))), LR24_SNP1 = structure(c(0, 
46, 0, 0, 0, 0), dim = 3:2, dimnames = list(c("-1", "0", "1"), 
    c("A", "G"))), LR36_SNP1 = structure(c(0, 0, 1, 206, 0, 0, 
0, 0, 0, 0, 0, 0, 0, 0, 1, 117, 0, 0), dim = c(6L, 3L), dimnames = list(
    c("-3", "-2", "-1", "0", "1", "2"), c("A", "C", "T"))), LR40_SNP1 = structure(c(1, 
17), dim = 1:2, dimnames = list("0", c("A", "C"))), LR44_SNP1 = structure(c(0, 
0, 2, 63, 0, 0, 0, 0, 1, 0, 0, 0, 0, 2, 0), dim = c(5L, 3L), dimnames = list(
    c("-3", "-2", "-1", "0", "1"), c("C", "G", "T"))), LR46_SNP1 = structure(c(0, 
0, 369, 0, 0, 0, 2, 0), dim = c(4L, 2L), dimnames = list(c("-2", 
"-1", "0", "1"), c("G", "T"))), LR48_SNP1 = structure(c(0, 0, 
0, 0, 0, 0, 0, 0, 0, 0, 0, 1, 426, 0, 0, 0, 0, 0, 0, 0, 0, 0, 
0, 0, 0), dim = c(5L, 5L), dimnames = list(c("-2", "-1", "0", 
"1", "2"), c("-", "A", "C", "G", "T"))), LR49_SNP1 = structure(c(0, 
0, 0, 0, 712, 0, 0, 1, 0, 0, 0, 0), dim = 3:4, dimnames = list(
    c("-1", "0", "1"), c("-", "A", "G", "T"))), LR52_SNP1 = structure(c(0, 
0, 0, 5, 178, 0, 0, 0, 0, 0, 3, 107, 0, 0), dim = c(7L, 2L), dimnames = list(
    c("-4", "-3", "-2", "-1", "0", "1", "2"), c("C", "T"))))
