Result <-
list(DEPDC2_SNP1 = structure(c(0, 0, 0, 0, 1, 0, 1, 496, 0), dim = c(3L, 
3L), dimnames = list(c("-1", "0", "1"), c("A", "C", "T"))), GM01_SNP1 = structure(c(0, 
0, 0, 0, 0, 0, 0, 433, 0, 0), dim = c(5L, 2L), dimnames = list(
    c("-2", "-1", "0", "1", "2"), c("A", "G"))), GM07_SNP1 = structure(c(0, 
0, 0, 0, 0, 0, 74, 325, 2, 0, 0, 0, 0, 0, 0), dim = c(5L, 3L), dimnames = list(
    c("-2", "-1", "0", "1", "2"), c("A", "G", "T"))), GM09_SNP1 = structure(c(1, 
533, 0, 0, 2, 0, 0, 0, 0), dim = c(3L, 3L), dimnames = list(c("-1", 
"0", "1"), c("A", "G", "T"))), GM11_SNP1 = structure(c(0, 13, 
0, 0, 13, 0, 0, 0, 0), dim = c(3L, 3L), dimnames = list(c("-1", 
"0", "1"), c("A", "G", "T"))), GM14_SNP1 = structure(c(0, 0, 
0, 0, 0, 0, 1, 191, 0, 0, 0, 0, 206, 0, 0), dim = c(5L, 3L), dimnames = list(
    c("-2", "-1", "0", "1", "2"), c("A", "C", "T"))), GM17_SNP1 = structure(c(0, 
0, 0, 0, 0, 0, 0, 297, 0, 0, 0, 0, 305, 0, 0), dim = c(5L, 3L
), dimnames = list(c("-2", "-1", "0", "1", "2"), c("A", "C", 
"T"))), GM22_SNP1 = structure(c(0, 0, 563, 0, 0, 0, 0, 2, 0, 
0, 0, 0, 0, 0, 0), dim = c(5L, 3L), dimnames = list(c("-2", "-1", 
"0", "1", "2"), c("A", "G", "T"))), GM26_SNP1 = structure(c(0, 
0, 505, 0, 0, 0, 0, 0, 0, 0, 0, 0), dim = 4:3, dimnames = list(
    c("-2", "-1", "0", "1"), c("A", "G", "T"))), GM29_SNP1 = structure(c(0, 
0, 0, 0, 0, 0, 0, 3, 516, 0, 0, 0, 0, 1, 0), dim = c(5L, 3L), dimnames = list(
    c("-3", "-2", "-1", "0", "1"), c("-", "A", "G"))), IM16_SNP1 = structure(c(24, 
91, 0, 0, 0, 85, 0, 0, 0, 0, 0, 0), dim = 4:3, dimnames = list(
    c("-1", "0", "1", "2"), c("A", "G", "T"))), IM49_SNP1 = structure(c(0, 
0, 0, 0, 0, 0, 0, 5, 477, 2, 0, 0, 0, 0, 1, 0, 0, 0), dim = c(6L, 
3L), dimnames = list(c("-2", "-1", "0", "1", "2", "3"), c("A", 
"C", "G"))), LR10_SNP1 = structure(c(0, 0, 0, 0, 0, 3, 545, 1, 
0, 0, 1, 0), dim = 4:3, dimnames = list(c("-2", "-1", "0", "1"
), c("A", "C", "T"))), LR11_SNP1 = structure(c(0, 0, 0, 0, 0, 
0, 26, 0), dim = c(4L, 2L), dimnames = list(c("-2", "-1", "0", 
"1"), c("A", "C"))), LR17_SNP1 = structure(c(0, 1, 54, 598, 1, 
0, 0, 0, 0, 0, 0, 0), dim = c(6L, 2L), dimnames = list(c("-3", 
"-2", "-1", "0", "1", "2"), c("A", "G"))), LR20_SNP1 = structure(c(0, 
76, 0, 0, 0, 0), dim = 3:2, dimnames = list(c("-1", "0", "1"), 
    c("A", "G"))), LR24_SNP1 = structure(c(0, 0, 0, 0, 3, 0, 
0, 247, 0), dim = c(3L, 3L), dimnames = list(c("-1", "0", "1"
), c("-", "A", "G"))), LR36_SNP1 = structure(c(0, 0, 1, 208, 
1, 0, 0, 0, 0, 0, 0, 10, 43, 176, 0), dim = c(5L, 3L), dimnames = list(
    c("-3", "-2", "-1", "0", "1"), c("A", "G", "T"))), LR40_SNP1 = structure(c(0, 
19, 0, 0, 0, 0), dim = 3:2, dimnames = list(c("-1", "0", "1"), 
    c("A", "C"))), LR44_SNP1 = structure(c(0, 0, 0, 0, 0, 0, 
0, 0, 0, 2, 0, 0, 0, 0, 11, 301, 0, 0), dim = c(6L, 3L), dimnames = list(
    c("-3", "-2", "-1", "0", "1", "2"), c("A", "C", "T"))), LR46_SNP1 = structure(c(0, 
0, 0, 0, 0, 1, 403, 0, 0, 0, 4, 0), dim = 4:3, dimnames = list(
    c("-2", "-1", "0", "1"), c("A", "G", "T"))), LR48_SNP1 = structure(c(0, 
0, 0, 0, 0, 0, 0, 0, 0, 0, 0, 0, 0, 0, 1, 232, 0, 0, 0, 0, 8, 
230, 1, 0), dim = c(6L, 4L), dimnames = list(c("-4", "-2", "-1", 
"0", "1", "2"), c("-", "A", "C", "T"))), LR49_SNP1 = structure(c(0, 
3, 0, 1, 717, 0), dim = 3:2, dimnames = list(c("-1", "0", "1"
), c("A", "G"))), LR52_SNP1 = structure(c(0, 0, 0, 0, 0, 0, 0, 
0, 0, 0, 0, 0, 0, 0, 5, 175, 2, 0, 0, 0, 15, 184, 0, 0), dim = c(6L, 
4L), dimnames = list(c("-3", "-2", "-1", "0", "1", "2"), c("-", 
"A", "C", "T"))))
