Result <-
list(DEPDC2_SNP1 = structure(c(0, 0, 0, 0, 0, 1, 1006, 1, 0, 
0, 0, 0), dim = 4:3, dimnames = list(c("-4", "-1", "0", "1"), 
    c("A", "C", "T"))), GM01_SNP1 = structure(c(0, 138, 0, 0, 
0, 0), dim = 3:2, dimnames = list(c("-1", "0", "1"), c("A", "G"
))), GM07_SNP1 = structure(c(0, 1, 399, 3, 0, 0, 3, 377, 0, 0
), dim = c(5L, 2L), dimnames = list(c("-2", "-1", "0", "1", "2"
), c("A", "G"))), GM09_SNP1 = structure(c(0, 187, 0, 0, 221, 
0, 0, 0, 0), dim = c(3L, 3L), dimnames = list(c("-1", "0", "1"
), c("A", "G", "T"))), GM11_SNP1 = structure(c(49, 0, 0, 0), dim = c(2L, 
2L), dimnames = list(c("0", "1"), c("A", "G"))), GM14_SNP1 = structure(c(0, 
1, 110, 0, 0, 1, 99, 0), dim = c(4L, 2L), dimnames = list(c("-2", 
"-1", "0", "1"), c("C", "T"))), GM17_SNP1 = structure(c(0, 0, 
0, 0, 0, 0, 2, 1343, 0, 0, 0, 0, 0, 0, 0), dim = c(5L, 3L), dimnames = list(
    c("-2", "-1", "0", "1", "2"), c("A", "C", "T"))), GM22_SNP1 = structure(c(0, 
0, 571, 0, 0, 1, 427, 0), dim = c(4L, 2L), dimnames = list(c("-2", 
"-1", "0", "1"), c("A", "G"))), GM26_SNP1 = structure(c(0, 0, 
1, 566, 0, 0, 0, 0, 0, 0, 0, 0, 0, 0, 0, 0, 0, 531, 0, 0, 0, 
0, 0, 0, 0, 0, 0, 0), dim = c(7L, 4L), dimnames = list(c("-3", 
"-2", "-1", "0", "1", "2", "3"), c("A", "C", "G", "T"))), GM29_SNP1 = structure(c(0, 
0, 517, 0, 0, 1, 485, 0, 0, 0, 1, 0), dim = 4:3, dimnames = list(
    c("-2", "-1", "0", "1"), c("A", "G", "T"))), IM16_SNP1 = structure(c(0, 
32, 0, 0, 31, 0, 0, 0, 0), dim = c(3L, 3L), dimnames = list(c("-1", 
"0", "1"), c("A", "G", "T"))), IM49_SNP1 = structure(c(0, 3, 
583, 2, 0, 0, 9, 541, 3, 0), dim = c(5L, 2L), dimnames = list(
    c("-2", "-1", "0", "1", "2"), c("C", "G"))), LR10_SNP1 = structure(c(0, 
0, 0, 0, 0, 1, 415, 0, 0, 0, 501, 0), dim = 4:3, dimnames = list(
    c("-2", "-1", "0", "1"), c("A", "C", "T"))), LR11_SNP1 = structure(c(0, 
59, 0, 0, 50, 0), dim = 3:2, dimnames = list(c("-1", "0", "1"
), c("A", "C"))), LR17_SNP1 = structure(c(0, 8, 939, 3, 0, 0, 
0, 0, 0, 0), dim = c(5L, 2L), dimnames = list(c("-2", "-1", "0", 
"1", "2"), c("A", "G"))), LR20_SNP1 = structure(c(0, 57, 0, 0, 
45, 0), dim = 3:2, dimnames = list(c("-1", "0", "1"), c("A", 
"G"))), LR24_SNP1 = structure(c(1, 147, 0, 0, 0, 0), dim = 3:2, dimnames = list(
    c("-1", "0", "1"), c("A", "G"))), LR36_SNP1 = structure(c(0, 
0, 0, 0, 0, 0, 0, 0, 0, 0, 0, 0, 2, 656, 0), dim = c(5L, 3L), dimnames = list(
    c("-3", "-2", "-1", "0", "1"), c("A", "C", "T"))), LR40_SNP1 = structure(c(0, 
32, 0, 40), dim = c(2L, 2L), dimnames = list(c("-1", "0"), c("A", 
"C"))), LR44_SNP1 = structure(c(0, 1, 66, 0, 0, 0, 0, 0), dim = c(4L, 
2L), dimnames = list(c("-2", "-1", "0", "1"), c("C", "T"))), 
    LR46_SNP1 = structure(c(0, 0, 0, 0, 0, 0, 0, 620, 0, 0, 461, 
    1), dim = 3:4, dimnames = list(c("-1", "0", "1"), c("-", 
    "A", "G", "T"))), LR48_SNP1 = structure(c(0, 0, 0, 435, 1, 
    0, 0, 0, 1, 490, 0, 0), dim = c(6L, 2L), dimnames = list(
        c("-3", "-2", "-1", "0", "1", "2"), c("C", "T"))), LR49_SNP1 = structure(c(0, 
    0, 0, 0, 0, 0, 0, 0, 0, 0, 1611, 0, 0, 0, 0, 0), dim = c(4L, 
    4L), dimnames = list(c("-2", "-1", "0", "1"), c("A", "C", 
    "G", "T"))), LR52_SNP1 = structure(c(0, 0, 0, 0, 0, 0, 0, 
    2, 0, 1, 0, 0, 0, 2, 14, 692, 2, 0), dim = c(6L, 3L), dimnames = list(
        c("-3", "-2", "-1", "0", "1", "2"), c("A", "C", "T"))))
