Result <-
list(DEPDC2_SNP1 = structure(c(0, 0, 0, 1, 680, 1, 0, 1292, 0
), dim = c(3L, 3L), dimnames = list(c("-1", "0", "1"), c("A", 
"C", "T"))), GM01_SNP1 = structure(c(0, 0, 328, 0, 0, 0, 50, 
0), dim = c(4L, 2L), dimnames = list(c("-2", "-1", "0", "1"), 
    c("A", "G"))), GM07_SNP1 = structure(c(0, 0, 0, 0, 0, 1, 
5, 583, 3, 0, 0, 4, 558, 0, 0), dim = c(5L, 3L), dimnames = list(
    c("-2", "-1", "0", "1", "2"), c("-", "A", "G"))), GM09_SNP1 = structure(c(0, 
0, 0, 0, 0, 757, 0, 0, 0, 346, 0, 0, 0, 0, 0, 0), dim = c(4L, 
4L), dimnames = list(c("-1", "0", "1", "2"), c("-", "A", "G", 
"T"))), GM11_SNP1 = structure(c(0, 71, 0, 0, 0, 0, 0, 0, 0), dim = c(3L, 
3L), dimnames = list(c("-1", "0", "1"), c("A", "G", "T"))), GM14_SNP1 = structure(c(0, 
2, 908, 1, 0, 0, 0, 0, 0, 0), dim = c(5L, 2L), dimnames = list(
    c("-2", "-1", "0", "1", "2"), c("C", "T"))), GM17_SNP1 = structure(c(0, 
0, 0, 0, 0, 2, 1287, 1, 0, 0, 0, 0), dim = 4:3, dimnames = list(
    c("-2", "-1", "0", "1"), c("A", "C", "T"))), GM22_SNP1 = structure(c(0, 
1, 647, 0, 0, 1, 529, 0, 0, 0, 0, 0), dim = 4:3, dimnames = list(
    c("-2", "-1", "0", "1"), c("A", "G", "T"))), GM26_SNP1 = structure(c(0, 
538, 0, 0, 503, 0, 0, 0, 0), dim = c(3L, 3L), dimnames = list(
    c("-1", "0", "1"), c("A", "G", "T"))), GM29_SNP1 = structure(c(0, 
0, 0, 0, 0, 0, 0, 2, 1248, 0, 0, 0, 0, 0, 0, 0, 0, 0, 0, 0), dim = 5:4, dimnames = list(
    c("-3", "-2", "-1", "0", "1"), c("-", "A", "G", "T"))), IM16_SNP1 = structure(c(0, 
121, 1, 0, 1, 0), dim = 3:2, dimnames = list(c("-1", "0", "1"
), c("A", "G"))), IM49_SNP1 = structure(c(0, 0, 0, 0, 0, 0, 0, 
0, 0, 0, 0, 9, 604, 1, 0, 0, 5, 777, 3, 0, 0, 0, 0, 0, 0), dim = c(5L, 
5L), dimnames = list(c("-2", "-1", "0", "1", "2"), c("-", "A", 
"C", "G", "T"))), LR10_SNP1 = structure(c(0, 0, 0, 0, 0, 0, 0, 
0, 0, 3, 1216, 0), dim = 4:3, dimnames = list(c("-2", "-1", "0", 
"1"), c("A", "C", "T"))), LR11_SNP1 = structure(c(0, 0, 0, 0, 
0, 1, 135, 0, 0, 0, 0, 0), dim = 4:3, dimnames = list(c("-2", 
"-1", "0", "1"), c("A", "C", "T"))), LR17_SNP1 = structure(c(1, 
12, 1135, 1, 0, 0, 0, 0, 0, 0, 0, 0, 0, 0, 0), dim = c(5L, 3L
), dimnames = list(c("-2", "-1", "0", "1", "2"), c("A", "G", 
"T"))), LR20_SNP1 = structure(c(0, 0, 0, 0, 150, 0), dim = 3:2, dimnames = list(
    c("-1", "0", "1"), c("A", "G"))), LR24_SNP1 = structure(c(1, 
192, 0, 0, 118, 0), dim = 3:2, dimnames = list(c("-1", "0", "1"
), c("A", "G"))), LR36_SNP1 = structure(c(0, 0, 0, 0, 0, 0, 232, 
0), dim = c(4L, 2L), dimnames = list(c("-2", "-1", "0", "1"), 
    c("A", "T"))), LR40_SNP1 = structure(c(0, 0, 0, 0, 78, 1), dim = 3:2, dimnames = list(
    c("-1", "0", "1"), c("A", "C"))), LR44_SNP1 = structure(c(0, 
3, 228, 0, 0, 0, 1, 0, 0, 0, 1, 0), dim = 4:3, dimnames = list(
    c("-2", "-1", "0", "1"), c("C", "G", "T"))), LR46_SNP1 = structure(c(0, 
0, 0, 0, 0, 2, 0, 0, 1, 1126, 1, 0), dim = 4:3, dimnames = list(
    c("-1", "0", "1", "2"), c("-", "G", "T"))), LR48_SNP1 = structure(c(0, 
0, 0, 0, 0, 0, 0, 0, 1, 1120, 1, 0, 0, 0, 0, 0, 0, 0, 0, 0, 0, 
0, 0, 0), dim = c(6L, 4L), dimnames = list(c("-3", "-2", "-1", 
"0", "1", "2"), c("A", "C", "G", "T"))), LR49_SNP1 = structure(c(0, 
0, 2, 0, 0, 1, 1405, 0), dim = c(4L, 2L), dimnames = list(c("-2", 
"-1", "0", "1"), c("A", "G"))), LR52_SNP1 = structure(c(0, 0, 
0, 0, 0, 0, 0, 0, 0, 0, 0, 1, 0, 0, 0, 0, 0, 14, 724, 0, 0), dim = c(7L, 
3L), dimnames = list(c("-4", "-3", "-2", "-1", "0", "1", "2"), 
    c("A", "C", "T"))))
