Result <-
list(DEPDC2_SNP1 = structure(c(0, 0, 0, 0, 0, 0, 0, 0, 260, 0, 
0, 0, 0, 454, 1), dim = c(5L, 3L), dimnames = list(c("-4", "-2", 
"-1", "0", "1"), c("A", "C", "T"))), GM01_SNP1 = structure(c(0, 
0, 0, 0, 0, 0, 748, 1, 0, 0, 0, 0, 0, 0, 0, 0), dim = c(4L, 4L
), dimnames = list(c("-2", "-1", "0", "1"), c("-", "A", "G", 
"T"))), GM07_SNP1 = structure(c(0, 1, 210, 3, 0, 0, 0, 217, 3, 
0), dim = c(5L, 2L), dimnames = list(c("-2", "-1", "0", "1", 
"2"), c("A", "G"))), GM09_SNP1 = structure(c(0, 0, 0, 0, 893, 
0), dim = 3:2, dimnames = list(c("-1", "0", "1"), c("A", "G"))), 
    GM11_SNP1 = structure(c(0, 384, 1, 0, 0, 0, 0, 0, 0), dim = c(3L, 
    3L), dimnames = list(c("-1", "0", "1"), c("A", "G", "T"))), 
    GM14_SNP1 = structure(c(0, 0, 0, 0, 0, 0, 0, 0, 265, 1, 0, 
    0, 0, 300, 0), dim = c(5L, 3L), dimnames = list(c("-3", "-2", 
    "-1", "0", "1"), c("A", "C", "T"))), GM17_SNP1 = structure(c(0, 
    0, 0, 1, 267, 0, 0, 0, 0, 0, 259, 0), dim = 3:4, dimnames = list(
        c("-1", "0", "1"), c("A", "C", "G", "T"))), GM22_SNP1 = structure(c(0, 
    1, 254, 0, 0, 2, 303, 0), dim = c(4L, 2L), dimnames = list(
        c("-2", "-1", "0", "1"), c("A", "G"))), GM26_SNP1 = structure(c(0, 
    0, 267, 0, 0, 0, 2, 0, 0, 0, 0, 0), dim = 4:3, dimnames = list(
        c("-2", "-1", "0", "1"), c("A", "G", "T"))), GM29_SNP1 = structure(c(0, 
    1, 255, 0, 0, 1, 261, 0, 0, 0, 0, 0), dim = 4:3, dimnames = list(
        c("-2", "-1", "0", "1"), c("A", "G", "T"))), IM16_SNP1 = structure(c(0, 
    0, 0, 0, 0, 0, 0, 0, 0, 0, 0, 0, 400, 0, 0, 0, 0, 0, 0, 0
    ), dim = 5:4, dimnames = list(c("-2", "-1", "0", "1", "2"
    ), c("A", "C", "G", "T"))), IM49_SNP1 = structure(c(1, 0, 
    372, 0, 0, 0, 1, 288, 0, 0, 0, 0, 0, 0, 0), dim = c(5L, 3L
    ), dimnames = list(c("-2", "-1", "0", "1", "2"), c("C", "G", 
    "T"))), LR10_SNP1 = structure(c(0, 1, 165, 1, 0, 0, 0, 0, 
    0, 0, 200, 0), dim = 4:3, dimnames = list(c("-2", "-1", "0", 
    "1"), c("C", "G", "T"))), LR11_SNP1 = structure(c(0, 0, 0, 
    0, 0, 0, 4, 984, 0, 0, 0, 0, 0, 0, 0, 0, 0, 0, 0, 0), dim = 5:4, dimnames = list(
        c("-2", "-1", "0", "1", "2"), c("-", "A", "C", "G"))), 
    LR17_SNP1 = structure(c(0, 5, 833, 3, 0, 0, 0, 0, 0, 0), dim = c(5L, 
    2L), dimnames = list(c("-2", "-1", "0", "1", "2"), c("A", 
    "G"))), LR20_SNP1 = structure(c(0, 210, 0, 0, 186, 0, 0, 
    0, 0), dim = c(3L, 3L), dimnames = list(c("-1", "0", "1"), 
        c("A", "G", "T"))), LR24_SNP1 = structure(c(0, 0, 0, 
    0, 0, 0, 4, 0, 0, 0, 828, 1), dim = 4:3, dimnames = list(
        c("-2", "-1", "0", "1"), c("-", "A", "G"))), LR36_SNP1 = structure(c(0, 
    0, 0, 0, 0, 0, 0, 0, 0, 0, 0, 0, 0, 0, 0, 0, 0, 0, 0, 0, 
    0, 0, 0, 0, 0, 0, 0, 0, 0, 0, 665, 1, 0, 0, 1, 0), dim = c(9L, 
    4L), dimnames = list(c("-3", "-2", "-1", "0", "1", "2", "3", 
    "4", "5"), c("A", "C", "G", "T"))), LR40_SNP1 = structure(c(0, 
    0, 0, 3, 0, 0, 0, 1, 464, 0), dim = c(5L, 2L), dimnames = list(
        c("-3", "-2", "-1", "0", "1"), c("A", "C"))), LR44_SNP1 = structure(c(0, 
    0, 0, 0, 0, 0, 1, 144, 0, 0, 0, 0, 1, 0, 0, 0, 2, 168, 0, 
    0), dim = 5:4, dimnames = list(c("-2", "-1", "0", "1", "2"
    ), c("A", "C", "G", "T"))), LR46_SNP1 = structure(c(0, 0, 
    454, 0, 0, 0, 0, 0, 0, 0), dim = c(5L, 2L), dimnames = list(
        c("-2", "-1", "0", "1", "2"), c("G", "T"))), LR48_SNP1 = structure(c(0, 
    0, 0, 0, 0, 0, 0, 1, 1, 470, 2, 0, 0, 0, 0, 0, 0, 0), dim = c(6L, 
    3L), dimnames = list(c("-3", "-2", "-1", "0", "1", "2"), 
        c("A", "C", "T"))), LR49_SNP1 = structure(c(0, 0, 0, 
    317, 0, 343, 0, 0), dim = c(2L, 4L), dimnames = list(c("-1", 
    "0"), c("-", "A", "G", "T"))), LR52_SNP1 = structure(c(0, 
    0, 0, 0, 0, 0, 0, 4, 170, 0, 0, 0, 4, 190, 0), dim = c(5L, 
    3L), dimnames = list(c("-3", "-2", "-1", "0", "1"), c("A", 
    "C", "T"))))
