Result <-
list(DEPDC2_SNP1 = structure(c(0, 0, 0, 0, 0, 0, 1, 743, 2), dim = c(3L, 
3L), dimnames = list(c("-1", "0", "1"), c("A", "C", "T"))), GM01_SNP1 = structure(c(0, 
0, 0, 0, 0, 1, 141, 751, 0, 0, 0, 0, 1, 0, 0), dim = c(5L, 3L
), dimnames = list(c("-2", "-1", "0", "1", "2"), c("-", "A", 
"G"))), GM07_SNP1 = structure(c(0, 0, 0, 0, 0, 0, 146, 390, 0, 
0, 0, 0, 0, 0, 0), dim = c(5L, 3L), dimnames = list(c("-2", "-1", 
"0", "1", "2"), c("-", "A", "G"))), GM09_SNP1 = structure(c(13, 
435, 0, 0, 394, 0), dim = 3:2, dimnames = list(c("-1", "0", "1"
), c("A", "G"))), GM11_SNP1 = structure(c(0, 1, 173, 0, 0, 0, 
0, 0, 0, 0, 1, 2, 192, 0, 0), dim = c(5L, 3L), dimnames = list(
    c("-2", "-1", "0", "1", "2"), c("A", "C", "G"))), GM14_SNP1 = structure(c(0, 
0, 0, 0, 0, 4, 83, 192, 0, 0, 0, 73, 199, 1, 0), dim = c(5L, 
3L), dimnames = list(c("-2", "-1", "0", "1", "2"), c("A", "C", 
"T"))), GM17_SNP1 = structure(c(0, 4, 554, 0, 0, 0, 0, 0), dim = c(4L, 
2L), dimnames = list(c("-2", "-1", "0", "1"), c("C", "T"))), 
    GM22_SNP1 = structure(c(0, 3, 427, 0, 0, 1, 370, 0, 0, 0, 
    1, 0), dim = 4:3, dimnames = list(c("-2", "-1", "0", "1"), 
        c("A", "G", "T"))), GM26_SNP1 = structure(c(0, 2, 285, 
    0, 0, 0, 0, 215, 85, 0), dim = c(5L, 2L), dimnames = list(
        c("-2", "-1", "0", "1", "2"), c("A", "G"))), GM29_SNP1 = structure(c(0, 
    83, 508, 0, 0, 0, 0, 0, 0, 0, 0, 0), dim = 4:3, dimnames = list(
        c("-2", "-1", "0", "1"), c("A", "G", "T"))), IM16_SNP1 = structure(c(0, 
    219, 76, 0, 0, 2, 236, 90, 0, 0, 0, 1, 0, 0, 0), dim = c(5L, 
    3L), dimnames = list(c("-1", "0", "1", "2", "3"), c("A", 
    "G", "T"))), IM49_SNP1 = structure(c(0, 4, 64, 149, 0, 0, 
    0, 0, 1, 163, 0, 0), dim = c(6L, 2L), dimnames = list(c("-3", 
    "-2", "-1", "0", "1", "2"), c("C", "G"))), LR10_SNP1 = structure(c(0, 
    0, 0, 0, 0, 0, 102, 273, 0, 0, 0, 2, 373, 0, 0), dim = c(5L, 
    3L), dimnames = list(c("-2", "-1", "0", "1", "2"), c("A", 
    "C", "T"))), LR11_SNP1 = structure(c(0, 0, 0, 0, 0, 0, 3, 
    354, 1, 0, 2, 28, 229, 0, 0), dim = c(5L, 3L), dimnames = list(
        c("-2", "-1", "0", "1", "2"), c("-", "A", "C"))), LR17_SNP1 = structure(c(1, 
    8, 161, 744, 0, 0, 0, 0, 0, 0, 0, 0, 0, 0, 0, 0, 0, 0), dim = c(6L, 
    3L), dimnames = list(c("-3", "-2", "-1", "0", "1", "2"), 
        c("A", "G", "T"))), LR20_SNP1 = structure(c(0, 0, 0, 
    60, 359, 0, 0, 1, 0), dim = c(3L, 3L), dimnames = list(c("-1", 
    "0", "1"), c("-", "A", "G"))), LR24_SNP1 = structure(c(0, 
    159, 374, 0, 0, 3, 392, 0), dim = c(4L, 2L), dimnames = list(
        c("-2", "-1", "0", "1"), c("A", "G"))), LR36_SNP1 = structure(c(0, 
    0, 83, 0, 3, 238, 0, 0, 0, 0, 0, 0, 0, 0, 0, 0, 0, 29, 69, 
    207, 0), dim = c(7L, 3L), dimnames = list(c("-8", "-4", "-3", 
    "-2", "-1", "0", "1"), c("A", "C", "T"))), LR40_SNP1 = structure(c(0, 
    0, 1, 0, 0, 44, 304, 0), dim = c(4L, 2L), dimnames = list(
        c("-2", "-1", "0", "1"), c("A", "C"))), LR44_SNP1 = structure(c(0, 
    0, 21, 239, 0, 0, 0, 0, 1, 0, 1, 5, 100, 184, 0), dim = c(5L, 
    3L), dimnames = list(c("-3", "-2", "-1", "0", "1"), c("C", 
    "G", "T"))), LR46_SNP1 = structure(c(0, 0, 0, 0, 0, 0, 1, 
    291, 0, 0, 290, 0), dim = 3:4, dimnames = list(c("-1", "0", 
    "1"), c("-", "A", "G", "T"))), LR48_SNP1 = structure(c(0, 
    0, 0, 0, 0, 0, 0, 3, 176, 430, 0, 0, 0, 0, 0, 0, 0, 0, 0, 
    0, 0, 0, 0, 0), dim = c(6L, 4L), dimnames = list(c("-3", 
    "-2", "-1", "0", "1", "2"), c("-", "C", "G", "T"))), LR49_SNP1 = structure(c(16, 
    420, 0, 159, 317, 0, 0, 0, 0), dim = c(3L, 3L), dimnames = list(
        c("-1", "0", "1"), c("A", "G", "T"))), LR52_SNP1 = structure(c(0, 
    0, 0, 0, 0, 0, 0, 4, 100, 5, 201, 0, 0, 0, 11, 77, 219, 0
    ), dim = c(6L, 3L), dimnames = list(c("-4", "-3", "-2", "-1", 
    "0", "1"), c("A", "C", "T"))))
