Result <-
list(DEPDC2_SNP1 = structure(c(0, 0, 0, 0, 0, 1, 433, 1), dim = c(4L, 
2L), dimnames = list(c("-2", "-1", "0", "1"), c("C", "T"))), 
    GM01_SNP1 = structure(c(0, 1, 300, 0, 0, 0, 0, 0, 0, 0, 0, 
    1, 366, 0, 0, 0, 0, 0, 0, 0), dim = 5:4, dimnames = list(
        c("-2", "-1", "0", "1", "2"), c("A", "C", "G", "T"))), 
    GM07_SNP1 = structure(c(0, 0, 0, 0, 0, 1, 56, 289, 0, 0, 
    0, 0, 0, 0, 0), dim = c(5L, 3L), dimnames = list(c("-2", 
    "-1", "0", "1", "2"), c("A", "G", "T"))), GM09_SNP1 = structure(c(0, 
    314, 93, 0, 0, 270, 0, 0), dim = c(4L, 2L), dimnames = list(
        c("-1", "0", "1", "2"), c("A", "G"))), GM11_SNP1 = structure(c(0, 
    28, 144, 0, 0, 2, 197, 0), dim = c(4L, 2L), dimnames = list(
        c("-2", "-1", "0", "1"), c("A", "G"))), GM14_SNP1 = structure(c(0, 
    0, 0, 0, 0, 0, 1, 55, 404, 1), dim = c(5L, 2L), dimnames = list(
        c("-3", "-2", "-1", "0", "1"), c("C", "T"))), GM17_SNP1 = structure(c(0, 
    0, 0, 0, 0, 0, 206, 0, 0, 0, 212, 0), dim = 4:3, dimnames = list(
        c("-2", "-1", "0", "1"), c("A", "C", "T"))), GM22_SNP1 = structure(c(0, 
    1, 290, 0, 0, 2, 280, 0, 0, 0, 0, 0), dim = 4:3, dimnames = list(
        c("-2", "-1", "0", "1"), c("A", "G", "T"))), GM26_SNP1 = structure(c(0, 
    1, 389, 0, 0, 0, 0, 0), dim = c(4L, 2L), dimnames = list(
        c("-2", "-1", "0", "1"), c("A", "G"))), GM29_SNP1 = structure(c(0, 
    4, 384, 0, 0, 0, 0, 0), dim = c(4L, 2L), dimnames = list(
        c("-2", "-1", "0", "1"), c("A", "G"))), IM16_SNP1 = structure(c(10, 
    195, 1, 2, 256, 1), dim = 3:2, dimnames = list(c("-1", "0", 
    "1"), c("A", "G"))), IM49_SNP1 = structure(c(0, 0, 1, 0, 
    0, 30, 352, 0), dim = c(4L, 2L), dimnames = list(c("-2", 
    "-1", "0", "1"), c("C", "G"))), LR10_SNP1 = structure(c(0, 
    3, 252, 0, 0, 0, 261, 0), dim = c(4L, 2L), dimnames = list(
        c("-2", "-1", "0", "1"), c("C", "T"))), LR11_SNP1 = structure(c(0, 
    0, 0, 0, 0, 0, 0, 0, 6, 667, 0, 0), dim = c(6L, 2L), dimnames = list(
        c("-3", "-2", "-1", "0", "1", "2"), c("A", "C"))), LR17_SNP1 = structure(c(1, 
    1, 112, 646, 0, 0, 0, 0, 0, 0, 0, 0), dim = c(6L, 2L), dimnames = list(
        c("-3", "-2", "-1", "0", "1", "2"), c("A", "G"))), LR20_SNP1 = structure(c(1, 
    481, 1, 0, 0, 0), dim = 3:2, dimnames = list(c("-1", "0", 
    "1"), c("A", "T"))), LR24_SNP1 = structure(c(0, 57, 306, 
    0, 0, 73, 314, 1), dim = c(4L, 2L), dimnames = list(c("-2", 
    "-1", "0", "1"), c("A", "G"))), LR36_SNP1 = structure(c(0, 
    0, 0, 0, 0, 0, 0, 0, 0, 0, 0, 0, 0, 0, 34, 485, 1, 0), dim = c(6L, 
    3L), dimnames = list(c("-3", "-2", "-1", "0", "1", "2"), 
        c("A", "G", "T"))), LR40_SNP1 = structure(c(0, 0, 1, 
    0, 0, 87, 339, 0, 0, 0, 0, 0), dim = 4:3, dimnames = list(
        c("-2", "-1", "0", "1"), c("A", "C", "T"))), LR44_SNP1 = structure(c(0, 
    13, 44, 308, 2, 0, 0, 0, 0, 6, 0, 0), dim = c(6L, 2L), dimnames = list(
        c("-3", "-2", "-1", "0", "1", "2"), c("C", "T"))), LR46_SNP1 = structure(c(0, 
    0, 0, 7, 318, 1, 0, 0, 0), dim = c(3L, 3L), dimnames = list(
        c("-1", "0", "1"), c("A", "G", "T"))), LR48_SNP1 = structure(c(0, 
    0, 0, 0, 0, 0, 0, 20, 1, 153, 0, 0, 0, 0, 4, 194, 0, 0), dim = c(6L, 
    3L), dimnames = list(c("-3", "-2", "-1", "0", "1", "2"), 
        c("A", "C", "T"))), LR49_SNP1 = structure(c(0, 1, 564, 
    0, 0, 0, 0, 0), dim = c(4L, 2L), dimnames = list(c("-2", 
    "-1", "0", "1"), c("A", "G"))), LR52_SNP1 = structure(c(3, 
    24, 6, 175, 0, 0, 0, 27, 2, 178, 0, 0), dim = c(6L, 2L), dimnames = list(
        c("-3", "-2", "-1", "0", "1", "2"), c("C", "T"))))
