Result <-
list(DEPDC2_SNP1 = structure(c(0, 0, 0, 0, 0, 395, 46, 0), dim = c(4L, 
2L), dimnames = list(c("-1", "0", "1", "2"), c("C", "T"))), GM01_SNP1 = structure(c(0, 
0, 0, 0, 0, 102, 664, 0, 0, 0, 1, 0), dim = 4:3, dimnames = list(
    c("-2", "-1", "0", "1"), c("-", "A", "G"))), GM07_SNP1 = structure(c(0, 
2, 48, 167, 1, 0, 0, 0, 0, 64, 142, 0, 0, 0, 0, 0, 0, 0, 0, 0, 
0), dim = c(7L, 3L), dimnames = list(c("-3", "-2", "-1", "0", 
"1", "2", "3"), c("A", "G", "T"))), GM09_SNP1 = structure(c(1, 
391, 0, 2, 328, 1), dim = 3:2, dimnames = list(c("-1", "0", "1"
), c("A", "G"))), GM11_SNP1 = structure(c(0, 0, 0, 0, 12, 342, 
4, 0, 0, 0, 0, 0), dim = 4:3, dimnames = list(c("-1", "0", "1", 
"2"), c("-", "A", "G"))), GM14_SNP1 = structure(c(5, 29, 29, 
200, 0, 0, 0, 1, 47, 167, 0, 0), dim = c(6L, 2L), dimnames = list(
    c("-3", "-2", "-1", "0", "1", "2"), c("C", "T"))), GM17_SNP1 = structure(c(0, 
0, 0, 0, 0, 3, 277, 0, 0, 0, 253, 0), dim = 4:3, dimnames = list(
    c("-2", "-1", "0", "1"), c("A", "C", "T"))), GM22_SNP1 = structure(c(1, 
2, 651, 0, 0, 0, 0, 0), dim = c(4L, 2L), dimnames = list(c("-2", 
"-1", "0", "1"), c("A", "G"))), GM26_SNP1 = structure(c(4, 384, 
0, 0, 0, 0, 0, 0), dim = c(4L, 2L), dimnames = list(c("-1", "0", 
"1", "2"), c("A", "G"))), GM29_SNP1 = structure(c(0, 19, 433, 
0, 0, 0, 0, 0, 0, 0, 0, 0), dim = 4:3, dimnames = list(c("-2", 
"-1", "0", "1"), c("A", "G", "T"))), IM16_SNP1 = structure(c(0, 
111, 347, 1, 0, 0, 0, 0, 0, 0), dim = c(5L, 2L), dimnames = list(
    c("-2", "-1", "0", "1", "2"), c("A", "G"))), IM49_SNP1 = structure(c(3, 
78, 56, 370, 1, 0, 0, 0, 0, 0, 0, 0), dim = c(6L, 2L), dimnames = list(
    c("-3", "-2", "-1", "0", "1", "2"), c("C", "G"))), LR10_SNP1 = structure(c(1, 
47, 480, 0, 0, 0, 0, 0, 0, 0), dim = c(5L, 2L), dimnames = list(
    c("-2", "-1", "0", "1", "2"), c("C", "T"))), LR11_SNP1 = structure(c(1, 
47, 40, 306, 2, 0, 0, 3, 320, 0, 0, 0, 0, 0, 0, 0, 0, 0, 0, 0
), dim = 5:4, dimnames = list(c("-3", "-2", "-1", "0", "1"), 
    c("A", "C", "G", "T"))), LR17_SNP1 = structure(c(0, 1, 241, 
671, 2, 0, 0, 0, 0, 0), dim = c(5L, 2L), dimnames = list(c("-3", 
"-2", "-1", "0", "1"), c("A", "G"))), LR20_SNP1 = structure(c(0, 
0, 0, 0, 0, 83, 391, 0, 0, 0, 0, 0), dim = 4:3, dimnames = list(
    c("-2", "-1", "0", "1"), c("A", "G", "T"))), LR24_SNP1 = structure(c(55, 
150, 608, 0, 0, 0, 1, 0), dim = c(4L, 2L), dimnames = list(c("-2", 
"-1", "0", "1"), c("A", "G"))), LR36_SNP1 = structure(c(0, 0, 
0, 8, 287, 0, 0, 0, 0, 0, 0, 0, 0, 7, 51, 2, 196, 0), dim = c(6L, 
3L), dimnames = list(c("-4", "-3", "-2", "-1", "0", "1"), c("A", 
"G", "T"))), LR40_SNP1 = structure(c(63, 373, 0), dim = c(3L, 
1L), dimnames = list(c("-1", "0", "1"), "C")), LR44_SNP1 = structure(c(2, 
65, 35, 229, 1, 0, 0, 0, 0, 0, 0, 0, 1, 4, 0), dim = c(5L, 3L
), dimnames = list(c("-3", "-2", "-1", "0", "1"), c("C", "G", 
"T"))), LR46_SNP1 = structure(c(0, 0, 0, 4, 392, 0, 0, 0, 0), dim = c(3L, 
3L), dimnames = list(c("-1", "0", "1"), c("A", "G", "T"))), LR48_SNP1 = structure(c(0, 
0, 0, 0, 0, 6, 114, 321, 0, 0, 0, 0, 1, 0, 0), dim = c(5L, 3L
), dimnames = list(c("-2", "-1", "0", "1", "2"), c("A", "C", 
"T"))), LR49_SNP1 = structure(c(0, 3, 317, 0, 8, 77, 218, 0, 
0, 0, 0, 0), dim = 4:3, dimnames = list(c("-2", "-1", "0", "1"
), c("A", "G", "T"))), LR52_SNP1 = structure(c(0, 0, 0, 0, 0, 
0, 0, 0, 0, 3, 27, 24, 1, 198, 0, 0, 0, 0, 42, 0, 1, 156, 0, 
0), dim = c(8L, 3L), dimnames = list(c("-5", "-4", "-3", "-2", 
"-1", "0", "1", "2"), c("A", "C", "T"))))
