Result <-
list(DEPDC2_SNP1 = structure(c(0, 0, 0, 1, 158, 0, 0, 187, 0), dim = c(3L, 
3L), dimnames = list(c("-1", "0", "1"), c("A", "C", "T"))), GM01_SNP1 = structure(c(0, 
0, 0, 0, 0, 0, 0, 0, 1, 582, 0, 0), dim = c(6L, 2L), dimnames = list(
    c("-3", "-2", "-1", "0", "1", "2"), c("A", "G"))), GM07_SNP1 = structure(c(0, 
0, 0, 0, 0, 0, 0, 1, 66, 265, 0, 0), dim = c(6L, 2L), dimnames = list(
    c("-3", "-2", "-1", "0", "1", "2"), c("A", "G"))), GM09_SNP1 = structure(c(0, 
53, 245, 0, 0, 0, 248, 0), dim = c(4L, 2L), dimnames = list(c("-2", 
"-1", "0", "1"), c("A", "G"))), GM11_SNP1 = structure(c(0, 5, 
268, 0, 0, 0, 0, 0), dim = c(4L, 2L), dimnames = list(c("-2", 
"-1", "0", "1"), c("A", "G"))), GM14_SNP1 = structure(c(1, 62, 
37, 294, 0, 0, 0, 0, 0, 0, 0, 0), dim = c(6L, 2L), dimnames = list(
    c("-3", "-2", "-1", "0", "1", "2"), c("C", "T"))), GM17_SNP1 = structure(c(0, 
51, 141, 0, 0, 0, 202, 0), dim = c(4L, 2L), dimnames = list(c("-2", 
"-1", "0", "1"), c("C", "T"))), GM22_SNP1 = structure(c(0, 67, 
442, 0, 0, 0, 0, 0), dim = c(4L, 2L), dimnames = list(c("-2", 
"-1", "0", "1"), c("A", "G"))), GM26_SNP1 = structure(c(0, 1, 
0, 3, 281, 1), dim = 3:2, dimnames = list(c("-1", "0", "1"), 
    c("A", "G"))), GM29_SNP1 = structure(c(0, 0, 1, 0, 0, 10, 
325, 0), dim = c(4L, 2L), dimnames = list(c("-2", "-1", "0", 
"1"), c("A", "G"))), IM16_SNP1 = structure(c(0, 0, 0, 0, 8, 339, 
0, 0), dim = c(4L, 2L), dimnames = list(c("-1", "0", "1", "2"
), c("A", "G"))), IM49_SNP1 = structure(c(0, 2, 2, 270, 1, 0, 
0, 0, 38, 203, 0, 0), dim = c(6L, 2L), dimnames = list(c("-3", 
"-2", "-1", "0", "1", "2"), c("C", "G"))), LR10_SNP1 = structure(c(0, 
0, 0, 0, 0, 41, 345, 0, 0, 0, 1, 0), dim = 4:3, dimnames = list(
    c("-2", "-1", "0", "1"), c("-", "C", "T"))), LR11_SNP1 = structure(c(0, 
0, 0, 0, 0, 0, 1, 10, 247, 0, 0, 1, 81, 194, 1, 0, 0, 0, 0, 0
), dim = 5:4, dimnames = list(c("-3", "-2", "-1", "0", "1"), 
    c("-", "A", "C", "G"))), LR17_SNP1 = structure(c(0, 0, 0, 
0, 0, 0, 0, 129, 18, 593, 1, 0, 0, 0, 0, 0, 0, 0), dim = c(6L, 
3L), dimnames = list(c("-3", "-2", "-1", "0", "1", "2"), c("-", 
"A", "G"))), LR20_SNP1 = structure(c(0, 211, 0, 1, 179, 0), dim = 3:2, dimnames = list(
    c("-1", "0", "1"), c("A", "G"))), LR24_SNP1 = structure(c(0, 
6, 324, 0, 1, 107, 240, 0, 0, 0, 0, 0), dim = 4:3, dimnames = list(
    c("-2", "-1", "0", "1"), c("A", "G", "T"))), LR36_SNP1 = structure(c(0, 
1, 56, 0, 173, 0, 0, 0, 7, 58, 182, 0), dim = c(6L, 2L), dimnames = list(
    c("-4", "-3", "-2", "-1", "0", "1"), c("A", "T"))), LR40_SNP1 = structure(c(0, 
0, 0, 0, 0, 37, 289, 0, 0, 0, 0, 0), dim = 4:3, dimnames = list(
    c("-2", "-1", "0", "1"), c("A", "C", "G"))), LR44_SNP1 = structure(c(0, 
0, 0, 0, 2, 0, 0, 0, 0, 0, 0, 0, 0, 0, 1, 33, 28, 18, 232, 0, 
0), dim = c(7L, 3L), dimnames = list(c("-4", "-3", "-2", "-1", 
"0", "1", "2"), c("C", "G", "T"))), LR46_SNP1 = structure(c(0, 
2, 157, 0, 0, 47, 99, 0), dim = c(4L, 2L), dimnames = list(c("-2", 
"-1", "0", "1"), c("G", "T"))), LR48_SNP1 = structure(c(0, 0, 
0, 0, 0, 3, 154, 0, 0, 46, 110, 0), dim = 4:3, dimnames = list(
    c("-2", "-1", "0", "1"), c("A", "C", "T"))), LR49_SNP1 = structure(c(4, 
571, 0, 0, 0, 0, 0, 0, 0), dim = c(3L, 3L), dimnames = list(c("-1", 
"0", "1"), c("A", "G", "T"))), LR52_SNP1 = structure(c(0, 0, 
0, 0, 0, 0, 0, 3, 26, 20, 109, 0, 9, 39, 0, 1, 106, 0), dim = c(6L, 
3L), dimnames = list(c("-4", "-3", "-2", "-1", "0", "1"), c("A", 
"C", "T"))))
