Result <-
list(DEPDC2_SNP1 = structure(c(0, 0, 0, 0, 0, 0, 0, 1, 316, 5
), dim = c(5L, 2L), dimnames = list(c("-4", "-2", "-1", "0", 
"1"), c("C", "T"))), GM01_SNP1 = structure(c(0, 0, 174, 0, 1, 
26, 170, 0), dim = c(4L, 2L), dimnames = list(c("-2", "-1", "0", 
"1"), c("A", "G"))), GM07_SNP1 = structure(c(1, 80, 61, 0, 10, 
44, 93, 0, 0, 0, 0, 0), dim = 4:3, dimnames = list(c("-2", "-1", 
"0", "1"), c("A", "G", "T"))), GM09_SNP1 = structure(c(0, 54, 
290, 0, 0, 0, 0, 0), dim = c(4L, 2L), dimnames = list(c("-2", 
"-1", "0", "1"), c("A", "G"))), GM11_SNP1 = structure(c(6, 24, 
0, 3, 2, 0, 0, 0, 0, 0, 0, 0), dim = c(6L, 2L), dimnames = list(
    c("-1", "0", "1", "2", "3", "4"), c("A", "G"))), GM14_SNP1 = structure(c(0, 
0, 0, 0, 0, 0, 0, 0, 56, 83, 0, 0, 0, 0, 4, 134, 0, 0), dim = c(6L, 
3L), dimnames = list(c("-3", "-2", "-1", "0", "1", "2"), c("A", 
"C", "T"))), GM17_SNP1 = structure(c(0, 0, 0, 0, 0, 90, 225, 
1, 0, 1, 9, 0), dim = 4:3, dimnames = list(c("-2", "-1", "0", 
"1"), c("A", "C", "T"))), GM22_SNP1 = structure(c(0, 1, 335, 
0, 0, 0, 3, 0, 0, 0, 0, 0), dim = 4:3, dimnames = list(c("-2", 
"-1", "0", "1"), c("A", "G", "T"))), GM26_SNP1 = structure(c(0, 
0, 2, 244, 0, 0, 0, 0, 0, 6, 0, 0, 0, 0, 0, 0, 0, 0), dim = c(6L, 
3L), dimnames = list(c("-3", "-2", "-1", "0", "1", "3"), c("A", 
"G", "T"))), GM29_SNP1 = structure(c(0, 37, 295, 0, 0, 0, 0, 
0, 0, 0, 0, 0), dim = 4:3, dimnames = list(c("-2", "-1", "0", 
"1"), c("A", "G", "T"))), IM16_SNP1 = structure(c(1, 83, 0, 5, 
85, 3), dim = 3:2, dimnames = list(c("-1", "0", "1"), c("A", 
"G"))), IM49_SNP1 = structure(c(0, 5, 144, 0, 0, 0, 0, 7, 255, 
0, 0, 0), dim = c(6L, 2L), dimnames = list(c("-2", "-1", "0", 
"1", "2", "3"), c("C", "G"))), LR10_SNP1 = structure(c(0, 22, 
264, 1, 0, 0, 0, 2, 0, 0), dim = c(5L, 2L), dimnames = list(c("-2", 
"-1", "0", "1", "2"), c("C", "T"))), LR11_SNP1 = structure(c(3, 
0, 4, 0, 0, 24, 52, 0), dim = c(4L, 2L), dimnames = list(c("-2", 
"-1", "0", "1"), c("A", "C"))), LR17_SNP1 = structure(c(0, 0, 
114, 33, 387, 3, 0, 0, 0, 0, 0, 0, 0, 0, 0, 0, 0, 0, 0, 0, 0), dim = c(7L, 
3L), dimnames = list(c("-4", "-3", "-2", "-1", "0", "1", "2"), 
    c("A", "C", "G"))), LR20_SNP1 = structure(c(0, 18, 10, 0, 
0, 17, 15, 0), dim = c(4L, 2L), dimnames = list(c("-2", "-1", 
"0", "1"), c("A", "G"))), LR24_SNP1 = structure(c(4, 227, 0, 
0, 0, 0, 0, 0, 0, 1, 0, 0), dim = 4:3, dimnames = list(c("-1", 
"0", "1", "2"), c("A", "C", "G"))), LR36_SNP1 = structure(c(0, 
0, 80, 0, 67, 0, 0, 0, 0, 0, 0, 0, 25, 7, 44, 5, 103, 0), dim = c(6L, 
3L), dimnames = list(c("-4", "-3", "-2", "-1", "0", "1"), c("A", 
"G", "T"))), LR40_SNP1 = structure(c(0, 40, 1, 0, 3, 0), dim = 3:2, dimnames = list(
    c("-1", "0", "1"), c("A", "C"))), LR44_SNP1 = structure(c(0, 
0, 0, 0, 0, 0, 1, 39, 40, 87, 0, 0, 5, 8, 13, 108, 0, 0), dim = c(6L, 
3L), dimnames = list(c("-3", "-2", "-1", "0", "1", "2"), c("A", 
"C", "T"))), LR46_SNP1 = structure(c(0, 0, 0, 0, 136, 0, 0, 141, 
0), dim = c(3L, 3L), dimnames = list(c("-1", "0", "1"), c("A", 
"G", "T"))), LR48_SNP1 = structure(c(0, 3, 107, 16, 0, 0, 19, 
61, 47, 0), dim = c(5L, 2L), dimnames = list(c("-2", "-1", "0", 
"1", "2"), c("C", "T"))), LR49_SNP1 = structure(c(0, 206, 0, 
2, 250, 0), dim = 3:2, dimnames = list(c("-1", "0", "1"), c("A", 
"G"))), LR52_SNP1 = structure(c(0, 0, 0, 0, 0, 0, 0, 1, 27, 31, 
53, 0, 0, 0, 3, 26, 91, 0), dim = c(6L, 3L), dimnames = list(
    c("-4", "-3", "-2", "-1", "0", "1"), c("-", "C", "T"))))
