Result <-
list(DEPDC2_SNP1 = structure(c(0, 0, 0, 0, 0, 0, 296, 0, 0, 0, 
314, 2), dim = 4:3, dimnames = list(c("-2", "-1", "0", "1"), 
    c("A", "C", "T"))), GM01_SNP1 = structure(c(61, 843, 0, 0, 
0, 0), dim = 3:2, dimnames = list(c("-1", "0", "1"), c("A", "G"
))), GM07_SNP1 = structure(c(0, 0, 0, 0, 0, 0, 37, 174, 0, 0, 
0, 44, 181, 1, 0, 0, 0, 0, 0, 0), dim = 5:4, dimnames = list(
    c("-2", "-1", "0", "1", "2"), c("-", "A", "G", "T"))), GM09_SNP1 = structure(c(0, 
507, 0, 0, 438, 0), dim = 3:2, dimnames = list(c("-1", "0", "1"
), c("A", "G"))), GM11_SNP1 = structure(c(7, 498, 0, 0, 0, 0), dim = 3:2, dimnames = list(
    c("-1", "0", "1"), c("A", "G"))), GM14_SNP1 = structure(c(0, 
0, 0, 0, 0, 0, 0, 0, 0, 0, 1, 0, 0, 0, 0, 8, 726, 2, 0, 0, 0, 
0, 23, 0), dim = c(6L, 4L), dimnames = list(c("-4", "-3", "-2", 
"-1", "0", "1"), c("-", "A", "C", "T"))), GM17_SNP1 = structure(c(0, 
1, 297, 0, 0, 0, 312, 0), dim = c(4L, 2L), dimnames = list(c("-2", 
"-1", "0", "1"), c("C", "T"))), GM22_SNP1 = structure(c(0, 0, 
782, 1, 0, 0, 0, 0, 0, 0, 0, 0, 0, 0, 0), dim = c(5L, 3L), dimnames = list(
    c("-2", "-1", "0", "1", "2"), c("A", "G", "T"))), GM26_SNP1 = structure(c(0, 
0, 440, 0), dim = c(4L, 1L), dimnames = list(c("-2", "-1", "0", 
"1"), "A")), GM29_SNP1 = structure(c(0, 0, 581, 0, 0, 0, 0, 0, 
0, 0), dim = c(5L, 2L), dimnames = list(c("-2", "-1", "0", "1", 
"2"), c("A", "G"))), IM16_SNP1 = structure(c(0, 0, 0, 1, 652, 
3, 0, 0, 0), dim = c(3L, 3L), dimnames = list(c("-1", "0", "1"
), c("A", "G", "T"))), IM49_SNP1 = structure(c(0, 2, 302, 0, 
0, 0, 0, 3, 257, 26, 3, 0, 0, 0, 0, 0, 0, 0), dim = c(6L, 3L), dimnames = list(
    c("-2", "-1", "0", "1", "2", "3"), c("C", "G", "T"))), LR10_SNP1 = structure(c(0, 
2, 327, 0, 0, 30, 334, 0), dim = c(4L, 2L), dimnames = list(c("-2", 
"-1", "0", "1"), c("C", "T"))), LR11_SNP1 = structure(c(0, 0, 
0, 0, 0, 0, 0, 1, 90, 1086, 1, 0, 0, 0, 0, 0, 0, 0, 0, 0, 0, 
0, 0, 0), dim = c(6L, 4L), dimnames = list(c("-3", "-2", "-1", 
"0", "1", "2"), c("-", "A", "C", "G"))), LR17_SNP1 = structure(c(0, 
0, 0, 0, 0, 0, 88, 1022, 78, 0, 0, 0, 0, 0, 0, 0, 0, 0, 0, 0), dim = 5:4, dimnames = list(
    c("-2", "-1", "0", "1", "2"), c("-", "A", "G", "T"))), LR20_SNP1 = structure(c(0, 
0, 0, 1, 512, 0, 0, 0, 0, 0, 0, 0), dim = 3:4, dimnames = list(
    c("-1", "0", "1"), c("-", "A", "G", "T"))), LR24_SNP1 = structure(c(0, 
0, 558, 0, 0, 0, 496, 0, 0, 0, 0, 0), dim = 4:3, dimnames = list(
    c("-2", "-1", "0", "1"), c("A", "G", "T"))), LR36_SNP1 = structure(c(0, 
0, 0, 0, 0, 0, 0, 0, 0, 0, 0, 0, 0, 0, 0, 0, 0, 110, 665, 0), dim = 5:4, dimnames = list(
    c("-3", "-2", "-1", "0", "1"), c("A", "C", "G", "T"))), LR40_SNP1 = structure(c(0, 
1, 526, 1, 0, 0, 0, 0), dim = c(4L, 2L), dimnames = list(c("-2", 
"-1", "0", "1"), c("C", "T"))), LR44_SNP1 = structure(c(18, 10, 
1, 151, 1, 0, 1, 1, 0, 0, 0, 0, 0, 0, 0, 2, 43, 181, 0, 0, 0), dim = c(7L, 
3L), dimnames = list(c("-3", "-2", "-1", "0", "1", "2", "19"), 
    c("C", "G", "T"))), LR46_SNP1 = structure(c(0, 0, 0, 0, 418, 
0, 0, 2, 0), dim = c(3L, 3L), dimnames = list(c("-1", "0", "1"
), c("A", "G", "T"))), LR48_SNP1 = structure(c(0, 0, 0, 0, 0, 
35, 262, 1, 0, 33, 245, 1), dim = 4:3, dimnames = list(c("-2", 
"-1", "0", "1"), c("A", "C", "T"))), LR49_SNP1 = structure(c(6, 
50, 356, 0, 0, 1, 388, 0, 0, 0, 0, 0), dim = 4:3, dimnames = list(
    c("-2", "-1", "0", "1"), c("A", "G", "T"))), LR52_SNP1 = structure(c(0, 
0, 1, 11, 259, 0, 0, 0, 0, 10, 23, 172, 1, 0), dim = c(7L, 2L
), dimnames = list(c("-4", "-3", "-2", "-1", "0", "1", "2"), 
    c("C", "T"))))
