Result <-
list(DEPDC2_SNP1 = structure(c(0, 1, 0, 0, 207, 0, 1, 205, 0), dim = c(3L, 
3L), dimnames = list(c("-1", "0", "1"), c("A", "C", "T"))), GM01_SNP1 = structure(c(0, 
0, 0, 0, 0, 0, 1, 920, 1, 0, 0, 0, 0, 0, 0, 0, 0, 1, 0, 0), dim = 5:4, dimnames = list(
    c("-2", "-1", "0", "1", "2"), c("-", "A", "C", "G"))), GM07_SNP1 = structure(c(0, 
2, 285, 2, 0, 0, 0, 5, 262, 1, 0, 0), dim = c(6L, 2L), dimnames = list(
    c("-2", "-1", "0", "1", "2", "3"), c("A", "G"))), GM09_SNP1 = structure(c(0, 
522, 1, 0, 427, 1), dim = 3:2, dimnames = list(c("-1", "0", "1"
), c("A", "G"))), GM11_SNP1 = structure(c(0, 2, 204, 0, 0, 0, 
0, 242, 1, 0, 0, 0, 1, 0, 0), dim = c(5L, 3L), dimnames = list(
    c("-2", "-1", "0", "1", "2"), c("A", "G", "T"))), GM14_SNP1 = structure(c(0, 
0, 0, 0, 0, 0, 0, 0, 0, 337, 0, 0, 0, 0, 0, 0, 0, 0, 0, 0, 0, 
346, 0, 0), dim = c(6L, 4L), dimnames = list(c("-3", "-2", "-1", 
"0", "1", "2"), c("A", "C", "G", "T"))), GM17_SNP1 = structure(c(0, 
0, 0, 0, 0, 0, 0, 0, 0, 0, 1074, 0), dim = 4:3, dimnames = list(
    c("-2", "-1", "0", "1"), c("A", "C", "T"))), GM22_SNP1 = structure(c(0, 
1, 235, 0, 0, 0, 397, 0, 0, 0, 0, 0), dim = 4:3, dimnames = list(
    c("-2", "-1", "0", "1"), c("A", "G", "T"))), GM26_SNP1 = structure(c(0, 
0, 129, 0, 0, 0, 71, 0), dim = c(4L, 2L), dimnames = list(c("-2", 
"-1", "0", "1"), c("A", "G"))), GM29_SNP1 = structure(c(0, 1, 
770, 2, 0, 0, 0, 0), dim = c(4L, 2L), dimnames = list(c("-2", 
"-1", "0", "1"), c("A", "G"))), IM16_SNP1 = structure(c(0, 477, 
2, 0, 0, 0, 0, 0), dim = c(4L, 2L), dimnames = list(c("-1", "0", 
"1", "2"), c("A", "G"))), IM49_SNP1 = structure(c(0, 0, 0, 1, 
0, 0, 1, 1115, 3, 0, 0, 0, 0, 0, 0, 0, 0, 0, 0, 0), dim = 5:4, dimnames = list(
    c("-2", "-1", "0", "1", "2"), c("A", "C", "G", "T"))), LR10_SNP1 = structure(c(2, 
557, 0, 0, 0, 0, 0, 0, 0), dim = c(3L, 3L), dimnames = list(c("-1", 
"0", "1"), c("C", "G", "T"))), LR11_SNP1 = structure(c(0, 0, 
0, 0, 0, 0, 0, 299, 0, 0, 0, 2, 305, 1, 0, 0, 0, 0, 0, 0), dim = 5:4, dimnames = list(
    c("-2", "-1", "0", "1", "2"), c("-", "A", "C", "G"))), LR17_SNP1 = structure(c(0, 
0, 6, 1168, 2, 0, 0, 0, 0, 0, 0, 0), dim = c(6L, 2L), dimnames = list(
    c("-3", "-2", "-1", "0", "1", "2"), c("A", "G"))), LR20_SNP1 = structure(c(0, 
0, 0, 0, 821, 0, 0, 0, 0), dim = c(3L, 3L), dimnames = list(c("-1", 
"0", "1"), c("-", "A", "G"))), LR24_SNP1 = structure(c(0, 0, 
0, 0, 0, 487, 0, 0, 0, 486, 0, 0), dim = 4:3, dimnames = list(
    c("-1", "0", "1", "2"), c("-", "A", "G"))), LR36_SNP1 = structure(c(0, 
0, 0, 0, 0, 0, 0, 0, 0, 0, 1, 1266, 1, 0, 0, 0, 0, 0, 0, 0, 0, 
0, 0, 0, 0, 0, 0, 0), dim = c(7L, 4L), dimnames = list(c("-4", 
"-3", "-2", "-1", "0", "1", "2"), c("-", "A", "G", "T"))), LR40_SNP1 = structure(c(0, 
0, 0, 0, 0, 1, 589, 0, 0, 0, 0, 0, 0, 0, 0, 0), dim = c(4L, 4L
), dimnames = list(c("-2", "-1", "0", "1"), c("A", "C", "G", 
"T"))), LR44_SNP1 = structure(c(0, 0, 0, 0, 0, 0, 0, 0, 0, 0, 
0, 0, 0, 0, 9, 216, 4, 0), dim = c(6L, 3L), dimnames = list(c("-3", 
"-2", "-1", "0", "1", "2"), c("C", "G", "T"))), LR46_SNP1 = structure(c(0, 
0, 0, 0, 0, 0, 0, 488, 0, 0, 1, 0), dim = 3:4, dimnames = list(
    c("-1", "0", "1"), c("A", "C", "G", "T"))), LR48_SNP1 = structure(c(0, 
0, 0, 0, 0, 0, 0, 0, 0, 499, 0, 0, 0, 0, 0, 1, 0, 0), dim = c(6L, 
3L), dimnames = list(c("-3", "-2", "-1", "0", "1", "2"), c("A", 
"C", "T"))), LR49_SNP1 = structure(c(0, 0, 0, 0, 590, 0, 0, 0, 
0), dim = c(3L, 3L), dimnames = list(c("-1", "0", "1"), c("A", 
"G", "T"))), LR52_SNP1 = structure(c(0, 1, 14, 316, 2, 0, 0, 
1, 1, 0), dim = c(5L, 2L), dimnames = list(c("-3", "-2", "-1", 
"0", "1"), c("C", "T"))))
