Result <-
list(DEPDC2_SNP1 = structure(c(0, 0, 0, 0, 0, 267, 239, 9, 0, 
1, 0, 0), dim = 4:3, dimnames = list(c("-1", "0", "1", "2"), 
    c("A", "C", "T"))), GM01_SNP1 = structure(c(0, 116, 560, 
0, 0, 0, 0, 0), dim = c(4L, 2L), dimnames = list(c("-2", "-1", 
"0", "1"), c("A", "G"))), GM07_SNP1 = structure(c(0, 8, 190, 
163, 0, 0, 0, 89, 3, 147, 2, 0), dim = c(6L, 2L), dimnames = list(
    c("-3", "-2", "-1", "0", "1", "2"), c("A", "G"))), GM09_SNP1 = structure(c(1, 
480, 0, 0, 415, 0, 0, 0, 0), dim = c(3L, 3L), dimnames = list(
    c("-1", "0", "1"), c("A", "G", "T"))), GM11_SNP1 = structure(c(3, 
469, 0), dim = c(3L, 1L), dimnames = list(c("-1", "0", "1"), 
    "A")), GM14_SNP1 = structure(c(0, 13, 342, 0, 0, 0, 7, 342, 
1, 0), dim = c(5L, 2L), dimnames = list(c("-2", "-1", "0", "1", 
"2"), c("C", "T"))), GM17_SNP1 = structure(c(0, 344, 0, 3, 360, 
1), dim = 3:2, dimnames = list(c("-1", "0", "1"), c("C", "T"))), 
    GM22_SNP1 = structure(c(0, 18, 239, 0, 0, 4, 209, 0), dim = c(4L, 
    2L), dimnames = list(c("-2", "-1", "0", "1"), c("A", "G"))), 
    GM26_SNP1 = structure(c(0, 10, 372, 0, 0, 0, 0, 0), dim = c(4L, 
    2L), dimnames = list(c("-2", "-1", "0", "1"), c("A", "G"))), 
    GM29_SNP1 = structure(c(0, 1, 75, 136, 0, 0, 0, 2, 236, 0
    ), dim = c(5L, 2L), dimnames = list(c("-3", "-2", "-1", "0", 
    "1"), c("A", "G"))), IM16_SNP1 = structure(c(1, 201, 364, 
    2, 0, 0, 0, 0), dim = c(4L, 2L), dimnames = list(c("-2", 
    "-1", "0", "1"), c("A", "G"))), IM49_SNP1 = structure(c(2, 
    36, 564, 1, 0, 0, 0, 0, 0, 0), dim = c(5L, 2L), dimnames = list(
        c("-2", "-1", "0", "1", "2"), c("C", "G"))), LR10_SNP1 = structure(c(1, 
    290, 1, 0, 343, 0), dim = 3:2, dimnames = list(c("-1", "0", 
    "1"), c("C", "T"))), LR11_SNP1 = structure(c(0, 0, 5, 309, 
    0, 1, 79, 2, 169, 0), dim = c(5L, 2L), dimnames = list(c("-3", 
    "-2", "-1", "0", "1"), c("A", "C"))), LR17_SNP1 = structure(c(3, 
    204, 837, 1), dim = c(4L, 1L), dimnames = list(c("-2", "-1", 
    "0", "1"), "A")), LR20_SNP1 = structure(c(0, 0, 0, 3, 668, 
    0, 0, 2, 0), dim = c(3L, 3L), dimnames = list(c("-1", "0", 
    "1"), c("A", "G", "T"))), LR24_SNP1 = structure(c(5, 17, 
    665, 1, 0, 56, 583, 0), dim = c(4L, 2L), dimnames = list(
        c("-2", "-1", "0", "1"), c("A", "G"))), LR36_SNP1 = structure(c(0, 
    4, 134, 213, 0, 0, 0, 0, 0, 0, 0, 0, 0, 0, 4, 340, 1, 1), dim = c(6L, 
    3L), dimnames = list(c("-3", "-2", "-1", "0", "1", "4"), 
        c("A", "G", "T"))), LR40_SNP1 = structure(c(0, 0, 0, 
    0, 82, 77, 356, 0), dim = c(4L, 2L), dimnames = list(c("-2", 
    "-1", "0", "1"), c("A", "C"))), LR44_SNP1 = structure(c(0, 
    0, 0, 0, 0, 0, 0, 0, 0, 0, 0, 1, 0, 0, 0, 0, 5, 106, 22, 
    303, 0, 0, 0, 0, 0, 0, 0, 3, 0, 0, 0, 0, 0, 2, 0, 8, 0, 0, 
    0, 0), dim = c(8L, 5L), dimnames = list(c("-3", "-2", "-1", 
    "0", "1", "2", "6", "7"), c("-", "A", "C", "G", "T"))), LR46_SNP1 = structure(c(0, 
    0, 0, 0, 0, 89, 416, 0), dim = c(4L, 2L), dimnames = list(
        c("-2", "-1", "0", "1"), c("G", "T"))), LR48_SNP1 = structure(c(0, 
    0, 5, 228, 0, 0, 1, 85, 166, 0), dim = c(5L, 2L), dimnames = list(
        c("-3", "-2", "-1", "0", "1"), c("C", "T"))), LR49_SNP1 = structure(c(7, 
    250, 447, 0, 0, 0, 0, 0, 0, 0, 0, 0), dim = 4:3, dimnames = list(
        c("-2", "-1", "0", "1"), c("A", "G", "T"))), LR52_SNP1 = structure(c(1, 
    13, 64, 4, 142, 0, 0, 4, 76, 3, 147, 0), dim = c(6L, 2L), dimnames = list(
        c("-4", "-3", "-2", "-1", "0", "1"), c("C", "T"))))
