Result <-
list(DEPDC2_SNP1 = structure(c(0, 0, 0, 0, 0, 2, 303, 0, 1, 16, 
334, 0), dim = 4:3, dimnames = list(c("-2", "-1", "0", "1"), 
    c("A", "C", "T"))), GM01_SNP1 = structure(c(0, 0, 0, 0, 0, 
2, 705, 1, 0, 0, 0, 0, 0, 5, 717, 0, 0, 0, 0, 0), dim = 4:5, dimnames = list(
    c("-2", "-1", "0", "1"), c("-", "A", "C", "G", "T"))), GM07_SNP1 = structure(c(94, 
61, 224, 508, 1, 0, 0, 0, 0, 0, 0, 0, 0, 0, 0, 0, 0, 0, 0, 0, 
0, 0, 0, 0), dim = c(6L, 4L), dimnames = list(c("-3", "-2", "-1", 
"0", "1", "2"), c("A", "C", "G", "T"))), GM09_SNP1 = structure(c(0, 
3, 811, 0, 0, 8, 919, 0, 0, 0, 0, 0), dim = 4:3, dimnames = list(
    c("-2", "-1", "0", "1"), c("A", "G", "T"))), GM11_SNP1 = structure(c(0, 
54, 826, 1, 0, 0, 0, 0), dim = c(4L, 2L), dimnames = list(c("-3", 
"-1", "0", "1"), c("A", "G"))), GM14_SNP1 = structure(c(0, 0, 
0, 0, 0, 0, 0, 0, 213, 83, 3, 689, 2, 0, 0, 0, 0, 0, 0, 0, 0), dim = c(7L, 
3L), dimnames = list(c("-4", "-3", "-2", "-1", "0", "1", "2"), 
    c("-", "C", "T"))), GM17_SNP1 = structure(c(0, 0, 0, 0, 0, 
0, 0, 0, 0, 0, 0, 0, 0, 0, 0, 0, 0, 0, 0, 0, 11, 1542, 79, 0), dim = c(6L, 
4L), dimnames = list(c("-3", "-2", "-1", "0", "1", "2"), c("-", 
"A", "C", "T"))), GM22_SNP1 = structure(c(0, 78, 520, 0, 0, 0, 
3, 658, 1, 0, 0, 0, 0, 0, 0), dim = c(5L, 3L), dimnames = list(
    c("-2", "-1", "0", "1", "2"), c("A", "G", "T"))), GM26_SNP1 = structure(c(0, 
0, 0, 40, 573, 0, 0, 0, 0, 0, 0, 0, 0, 0), dim = c(7L, 2L), dimnames = list(
    c("-4", "-3", "-2", "-1", "0", "1", "2"), c("A", "G"))), 
    GM29_SNP1 = structure(c(0, 0, 0, 0, 0, 0, 0, 10, 1035, 0), dim = c(5L, 
    2L), dimnames = list(c("-3", "-2", "-1", "0", "1"), c("A", 
    "G"))), IM16_SNP1 = structure(c(2, 149, 424, 1, 0, 0, 10, 
    523, 61, 1, 0, 0, 0, 0, 0), dim = c(5L, 3L), dimnames = list(
        c("-2", "-1", "0", "1", "2"), c("A", "G", "T"))), IM49_SNP1 = structure(c(0, 
    0, 0, 0, 0, 0, 1, 101, 72, 460, 2, 0, 0, 194, 2, 400, 2, 
    0, 0, 0, 0, 0, 0, 0), dim = c(6L, 4L), dimnames = list(c("-3", 
    "-2", "-1", "0", "1", "2"), c("A", "C", "G", "T"))), LR10_SNP1 = structure(c(0, 
    0, 0, 0, 0, 0, 0, 0, 0, 13, 919, 0), dim = 4:3, dimnames = list(
        c("-2", "-1", "0", "1"), c("A", "C", "T"))), LR11_SNP1 = structure(c(0, 
    0, 0, 0, 0, 0, 0, 0, 13, 798, 1, 0, 0, 2, 193, 488, 0, 0, 
    0, 0, 0, 0, 0, 0, 0, 0, 0, 0, 0, 0), dim = 6:5, dimnames = list(
        c("-3", "-2", "-1", "0", "1", "2"), c("-", "A", "C", 
        "G", "T"))), LR17_SNP1 = structure(c(0, 0, 0, 0, 0, 0, 
    0, 20, 687, 1431, 2, 0, 0, 0, 0, 0, 0, 0, 0, 0, 0, 0, 0, 
    0, 0, 0, 0, 0, 0, 0), dim = 6:5, dimnames = list(c("-3", 
    "-2", "-1", "0", "1", "2"), c("-", "A", "C", "G", "T"))), 
    LR20_SNP1 = structure(c(0, 0, 0, 16, 534, 1, 1, 542, 0), dim = c(3L, 
    3L), dimnames = list(c("-1", "0", "1"), c("-", "A", "G"))), 
    LR24_SNP1 = structure(c(0, 2, 0, 109, 1246, 0), dim = 3:2, dimnames = list(
        c("-1", "0", "1"), c("A", "G"))), LR36_SNP1 = structure(c(0, 
    0, 0, 0, 0, 12, 4, 126, 534, 2, 0, 0, 0, 0, 0, 0, 0, 0, 0, 
    0, 0, 3, 31, 679, 1), dim = c(5L, 5L), dimnames = list(c("-3", 
    "-2", "-1", "0", "1"), c("-", "A", "C", "G", "T"))), LR40_SNP1 = structure(c(0, 
    2, 143, 828, 0, 0, 0, 0, 0, 0), dim = c(5L, 2L), dimnames = list(
        c("-3", "-2", "-1", "0", "1"), c("C", "T"))), LR44_SNP1 = structure(c(0, 
    0, 0, 0, 0, 0, 1, 23, 29, 110, 0, 1, 1, 30, 28, 116, 0, 0
    ), dim = c(6L, 3L), dimnames = list(c("-3", "-2", "-1", "0", 
    "1", "3"), c("A", "C", "T"))), LR46_SNP1 = structure(c(0, 
    84, 423, 1, 0, 43, 376, 1), dim = c(4L, 2L), dimnames = list(
        c("-2", "-1", "0", "1"), c("G", "T"))), LR48_SNP1 = structure(c(0, 
    0, 0, 1, 0, 0, 0, 44, 148, 640, 59, 0, 0, 0, 0, 0, 0, 0), dim = c(6L, 
    3L), dimnames = list(c("-3", "-2", "-1", "0", "1", "2"), 
        c("A", "C", "T"))), LR49_SNP1 = structure(c(0, 1, 0, 
    0, 6, 139, 980, 0, 0, 0, 0, 0), dim = 4:3, dimnames = list(
        c("-2", "-1", "0", "1"), c("A", "G", "T"))), LR52_SNP1 = structure(c(0, 
    0, 0, 0, 0, 0, 0, 0, 0, 0, 1, 0, 37, 30, 41, 51, 420, 2), dim = c(6L, 
    3L), dimnames = list(c("-4", "-3", "-2", "-1", "0", "1"), 
        c("A", "C", "T"))))
