Result <-
list(DEPDC2_SNP1 = structure(c(0, 0, 0, 0, 0, 0, 130, 985, 23, 
2, 0, 0, 0, 0, 0), dim = c(5L, 3L), dimnames = list(c("-2", "-1", 
"0", "1", "2"), c("A", "C", "T"))), GM01_SNP1 = structure(c(0, 
0, 0, 0, 0, 0, 8, 2212, 0, 0, 0, 0, 0, 0, 0, 0, 0, 3, 0, 0, 0, 
0, 0, 0, 0), dim = c(5L, 5L), dimnames = list(c("-2", "-1", "0", 
"1", "2"), c("-", "A", "C", "G", "T"))), GM07_SNP1 = structure(c(0, 
0, 0, 0, 0, 0, 0, 19, 255, 470, 2, 0, 0, 19, 216, 454, 1, 0, 
0, 0, 0, 0, 0, 0), dim = c(6L, 4L), dimnames = list(c("-3", "-2", 
"-1", "0", "1", "2"), c("-", "A", "G", "T"))), GM09_SNP1 = structure(c(0, 
0, 1, 0, 0, 0, 0, 0, 0, 276, 1553, 0), dim = 4:3, dimnames = list(
    c("-2", "-1", "0", "1"), c("A", "C", "G"))), GM11_SNP1 = structure(c(0, 
0, 0, 0, 0, 0, 0, 2, 258, 1246, 0, 0, 0, 0, 0, 0, 0, 0, 0, 0, 
0, 0, 0, 0), dim = c(6L, 4L), dimnames = list(c("-3", "-2", "-1", 
"0", "1", "2"), c("-", "A", "G", "T"))), GM14_SNP1 = structure(c(0, 
0, 0, 0, 0, 0, 0, 0, 34, 203, 2, 425, 1, 0, 0, 0, 9, 254, 482, 
0, 0), dim = c(7L, 3L), dimnames = list(c("-4", "-3", "-2", "-1", 
"0", "1", "2"), c("A", "C", "T"))), GM17_SNP1 = structure(c(0, 
0, 0, 0, 0, 0, 1, 26, 2175, 0, 0, 0, 0, 0, 0), dim = c(5L, 3L
), dimnames = list(c("-3", "-2", "-1", "0", "1"), c("A", "C", 
"T"))), GM22_SNP1 = structure(c(0, 0, 0, 650, 263, 0, 0, 0, 23, 
883, 0, 0), dim = c(6L, 2L), dimnames = list(c("-3", "-2", "-1", 
"0", "1", "2"), c("A", "G"))), GM26_SNP1 = structure(c(0, 27, 
603, 1, 12, 207, 417, 0), dim = c(4L, 2L), dimnames = list(c("-2", 
"-1", "0", "1"), c("A", "G"))), GM29_SNP1 = structure(c(0, 17, 
695, 0, 0, 18, 685, 0, 0, 0, 0, 0), dim = 4:3, dimnames = list(
    c("-2", "-1", "0", "1"), c("A", "G", "T"))), IM16_SNP1 = structure(c(0, 
0, 0, 0, 0, 0, 0, 0, 0, 0, 0, 0, 0, 3, 285, 1306, 1, 0, 0, 0, 
0, 0, 0, 0), dim = c(6L, 4L), dimnames = list(c("-3", "-2", "-1", 
"0", "1", "2"), c("A", "C", "G", "T"))), IM49_SNP1 = structure(c(0, 
0, 0, 0, 0, 0, 2, 335, 75, 732, 0, 0, 0, 0, 0, 2, 0, 0), dim = c(6L, 
3L), dimnames = list(c("-3", "-2", "-1", "0", "1", "2"), c("A", 
"C", "G"))), LR10_SNP1 = structure(c(0, 195, 1433, 1, 0, 0, 0, 
1, 0, 0), dim = c(5L, 2L), dimnames = list(c("-2", "-1", "0", 
"1", "2"), c("C", "T"))), LR11_SNP1 = structure(c(0, 0, 0, 0, 
1, 310, 1419, 0, 0, 0, 0, 0, 0, 0, 0, 0), dim = c(4L, 4L), dimnames = list(
    c("-2", "-1", "0", "1"), c("A", "C", "G", "T"))), LR17_SNP1 = structure(c(0, 
9, 665, 1664, 2, 0, 0, 0, 0, 0, 0, 0), dim = c(6L, 2L), dimnames = list(
    c("-3", "-2", "-1", "0", "1", "2"), c("A", "G"))), LR20_SNP1 = structure(c(0, 
0, 0, 0, 0, 4, 715, 1, 2, 282, 496, 0), dim = 4:3, dimnames = list(
    c("-2", "-1", "0", "1"), c("-", "A", "G"))), LR24_SNP1 = structure(c(0, 
266, 1151, 0, 0, 0, 0, 0, 0, 0, 0, 0), dim = 4:3, dimnames = list(
    c("-2", "-1", "0", "1"), c("A", "G", "T"))), LR36_SNP1 = structure(c(0, 
0, 0, 0, 0, 0, 0, 0, 21, 1662, 0, 0, 0, 0, 0, 0, 0, 0, 0, 0, 
0, 0, 0, 0), dim = c(6L, 4L), dimnames = list(c("-3", "-2", "-1", 
"0", "1", "2"), c("-", "A", "G", "T"))), LR40_SNP1 = structure(c(0, 
0, 0, 0, 0, 0, 62, 1115, 158, 0, 0, 0, 0, 0, 0, 0, 0, 0, 0, 0
), dim = 5:4, dimnames = list(c("-2", "-1", "0", "1", "2"), c("A", 
"C", "G", "T"))), LR44_SNP1 = structure(c(0, 0, 0, 1, 0, 0, 0, 
13, 83, 18, 350, 4, 0, 0), dim = c(7L, 2L), dimnames = list(c("-3", 
"-2", "-1", "0", "1", "2", "3"), c("C", "T"))), LR46_SNP1 = structure(c(0, 
0, 0, 0, 0, 235, 1217, 0, 0, 0, 1, 0), dim = 4:3, dimnames = list(
    c("-2", "-1", "0", "1"), c("A", "G", "T"))), LR48_SNP1 = structure(c(0, 
0, 0, 0, 0, 0, 0, 14, 289, 477, 0, 0, 0, 0, 10, 573, 68, 0), dim = c(6L, 
3L), dimnames = list(c("-3", "-2", "-1", "0", "1", "2"), c("A", 
"C", "T"))), LR49_SNP1 = structure(c(2, 571, 1025, 0, 0, 0, 0, 
0, 0, 0, 0, 0, 0, 0, 0, 0), dim = c(4L, 4L), dimnames = list(
    c("-2", "-1", "0", "1"), c("A", "C", "G", "T"))), LR52_SNP1 = structure(c(0, 
9, 119, 116, 405, 1, 0, 0, 0, 0, 0, 0, 0, 41, 195, 6, 424, 0), dim = c(6L, 
3L), dimnames = list(c("-4", "-3", "-2", "-1", "0", "1"), c("C", 
"G", "T"))))
