Result <-
list(DEPDC2_SNP1 = structure(c(0, 0, 0, 0, 0, 0, 144, 1, 402, 
0, 0, 0, 6, 648, 1), dim = c(5L, 3L), dimnames = list(c("-3", 
"-2", "-1", "0", "1"), c("A", "C", "T"))), GM01_SNP1 = structure(c(0, 
8, 1076, 1, 0, 0, 0, 0, 0, 0, 0, 3, 1123, 0, 0, 0, 0, 0, 0, 0
), dim = 5:4, dimnames = list(c("-2", "-1", "0", "1", "2"), c("A", 
"C", "G", "T"))), GM07_SNP1 = structure(c(0, 0, 0, 0, 0, 0, 0, 
187, 203, 1083, 0, 0, 0, 0, 0, 0, 0, 0), dim = c(6L, 3L), dimnames = list(
    c("-3", "-2", "-1", "0", "1", "2"), c("A", "G", "T"))), GM09_SNP1 = structure(c(0, 
0, 0, 5, 1933, 0, 0, 0, 0), dim = c(3L, 3L), dimnames = list(
    c("-1", "0", "1"), c("A", "G", "T"))), GM11_SNP1 = structure(c(1, 
122, 1267, 0, 0, 0, 0, 0, 0, 0, 0, 0), dim = 4:3, dimnames = list(
    c("-2", "-1", "0", "1"), c("A", "G", "T"))), GM14_SNP1 = structure(c(0, 
0, 19, 180, 542, 0, 0, 0, 0, 0, 184, 582, 3, 0), dim = c(7L, 
2L), dimnames = list(c("-4", "-3", "-2", "-1", "0", "1", "2"), 
    c("C", "T"))), GM17_SNP1 = structure(c(0, 0, 0, 0, 0, 0, 
0, 60, 862, 0, 0, 0, 3, 1010, 0), dim = c(5L, 3L), dimnames = list(
    c("-3", "-2", "-1", "0", "1"), c("A", "C", "T"))), GM22_SNP1 = structure(c(1, 
87, 1719, 184, 0, 0, 0, 0, 0, 0, 0, 0, 0, 0, 0), dim = c(5L, 
3L), dimnames = list(c("-2", "-1", "0", "1", "2"), c("A", "G", 
"T"))), GM26_SNP1 = structure(c(0, 1, 530, 1, 0, 8, 547, 0), dim = c(4L, 
2L), dimnames = list(c("-2", "-1", "0", "1"), c("A", "G"))), 
    GM29_SNP1 = structure(c(0, 145, 1217, 0, 0, 0, 0, 0, 0, 0, 
    0, 0), dim = 4:3, dimnames = list(c("-2", "-1", "0", "1"), 
        c("A", "G", "T"))), IM16_SNP1 = structure(c(0, 24, 797, 
    1, 0, 0, 1, 219, 664, 2, 0, 0, 0, 0, 0, 0, 0, 0), dim = c(6L, 
    3L), dimnames = list(c("-2", "-1", "0", "1", "2", "3"), c("A", 
    "G", "T"))), IM49_SNP1 = structure(c(0, 0, 15, 563, 1, 0, 
    0, 3, 157, 372, 0, 0), dim = c(6L, 2L), dimnames = list(c("-3", 
    "-2", "-1", "0", "1", "2"), c("C", "G"))), LR10_SNP1 = structure(c(0, 
    0, 0, 0, 0, 0, 1, 0, 0, 9, 1592, 1), dim = 4:3, dimnames = list(
        c("-2", "-1", "0", "1"), c("A", "C", "T"))), LR11_SNP1 = structure(c(0, 
    0, 0, 0, 0, 15, 1784, 0, 0, 0, 0, 0), dim = 4:3, dimnames = list(
        c("-2", "-1", "0", "1"), c("A", "C", "T"))), LR17_SNP1 = structure(c(0, 
    3, 319, 2372, 3, 0, 0, 0, 0, 0, 0, 0, 0, 0, 0, 0, 0, 0, 0, 
    0, 0, 0, 0, 0), dim = c(6L, 4L), dimnames = list(c("-3", 
    "-2", "-1", "0", "1", "2"), c("A", "C", "G", "T"))), LR20_SNP1 = structure(c(0, 
    0, 0, 0, 0, 0, 1, 0, 0, 183, 1463, 0, 0, 0, 0, 0), dim = c(4L, 
    4L), dimnames = list(c("-2", "-1", "0", "1"), c("-", "A", 
    "G", "T"))), LR24_SNP1 = structure(c(0, 180, 18, 1481, 0, 
    0, 0, 0, 0, 0, 0, 0, 0, 0, 0, 0, 0, 0, 0, 0), dim = 5:4, dimnames = list(
        c("-3", "-2", "-1", "0", "1"), c("A", "C", "G", "T"))), 
    LR36_SNP1 = structure(c(0, 0, 0, 0, 0, 0, 0, 0, 0, 0, 0, 
    0, 12, 912, 3, 0, 0, 0, 0, 0, 0, 0, 0, 0, 0, 216, 0, 0, 3, 
    620, 0, 0), dim = c(8L, 4L), dimnames = list(c("-5", "-4", 
    "-3", "-2", "-1", "0", "1", "2"), c("-", "A", "G", "T"))), 
    LR40_SNP1 = structure(c(0, 0, 0, 0, 0, 8, 1469, 1, 0, 0, 
    0, 0, 0, 0, 0, 0), dim = c(4L, 4L), dimnames = list(c("-2", 
    "-1", "0", "1"), c("A", "C", "G", "T"))), LR44_SNP1 = structure(c(0, 
    0, 0, 2, 0, 0, 0, 5, 70, 3, 173, 0, 0, 0, 0, 0, 0, 3, 0, 
    0, 0, 0, 4, 29, 235, 1, 0, 0), dim = c(7L, 4L), dimnames = list(
        c("-3", "-2", "-1", "0", "1", "2", "10"), c("A", "C", 
        "G", "T"))), LR46_SNP1 = structure(c(0, 0, 0, 0, 0, 0, 
    11, 1372, 0, 0, 0, 0, 2, 0, 0), dim = c(5L, 3L), dimnames = list(
        c("-2", "-1", "0", "1", "2"), c("A", "G", "T"))), LR48_SNP1 = structure(c(0, 
    0, 0, 0, 0, 0, 0, 0, 0, 0, 0, 0, 0, 1, 212, 1303, 0, 0, 0, 
    0, 0, 0, 0, 0), dim = c(6L, 4L), dimnames = list(c("-3", 
    "-2", "-1", "0", "1", "2"), c("-", "A", "C", "T"))), LR49_SNP1 = structure(c(0, 
    9, 844, 0, 0, 0, 716, 0, 0, 0, 0, 0), dim = 4:3, dimnames = list(
        c("-2", "-1", "0", "1"), c("A", "G", "T"))), LR52_SNP1 = structure(c(0, 
    0, 0, 0, 0, 0, 0, 0, 0, 0, 0, 0, 0, 0, 66, 17, 105, 145, 
    1053, 1, 1), dim = c(7L, 3L), dimnames = list(c("-4", "-3", 
    "-2", "-1", "0", "1", "2"), c("A", "C", "T"))))
