Result <-
list(DEPDC2_SNP1 = structure(c(0, 0, 0, 0, 0, 1, 3, 90, 642, 
4), dim = c(5L, 2L), dimnames = list(c("-3", "-2", "-1", "0", 
"1"), c("C", "T"))), GM01_SNP1 = structure(c(0, 0, 0, 0, 0, 166, 
1203, 1, 0, 0, 1, 0, 0, 0, 0, 0), dim = c(4L, 4L), dimnames = list(
    c("-2", "-1", "0", "1"), c("-", "A", "G", "T"))), GM07_SNP1 = structure(c(0, 
145, 18, 313, 1, 0, 12, 118, 303, 1, 0, 0, 0, 0, 0), dim = c(5L, 
3L), dimnames = list(c("-3", "-2", "-1", "0", "1"), c("A", "G", 
"T"))), GM09_SNP1 = structure(c(19, 662, 0, 5, 609, 0, 0, 0, 
0), dim = c(3L, 3L), dimnames = list(c("-1", "0", "1"), c("A", 
"G", "T"))), GM11_SNP1 = structure(c(0, 0, 0, 0, 1, 152, 538, 
1), dim = c(4L, 2L), dimnames = list(c("-2", "-1", "0", "1"), 
    c("A", "G"))), GM14_SNP1 = structure(c(0, 6, 65, 425, 1, 
0, 0, 2, 21, 471, 2, 0), dim = c(6L, 2L), dimnames = list(c("-4", 
"-2", "-1", "0", "1", "3"), c("C", "T"))), GM17_SNP1 = structure(c(0, 
0, 0, 0, 0, 0, 0, 0, 2, 187, 1261, 1), dim = 4:3, dimnames = list(
    c("-2", "-1", "0", "1"), c("A", "C", "T"))), GM22_SNP1 = structure(c(0, 
0, 2, 0, 0, 0, 132, 1065, 0, 0, 0, 0, 0, 0, 0), dim = c(5L, 3L
), dimnames = list(c("-2", "-1", "0", "1", "2"), c("A", "G", 
"T"))), GM26_SNP1 = structure(c(0, 3, 202, 0, 0, 0, 0, 222, 0, 
0, 0, 0, 0, 0, 0), dim = c(5L, 3L), dimnames = list(c("-2", "-1", 
"0", "1", "2"), c("A", "G", "T"))), GM29_SNP1 = structure(c(9, 
165, 901, 0, 0, 0, 2, 0, 0, 0, 0, 0), dim = 4:3, dimnames = list(
    c("-2", "-1", "0", "1"), c("A", "G", "T"))), IM16_SNP1 = structure(c(0, 
0, 0, 0, 0, 0, 0, 0, 0, 0, 70, 111, 883, 5, 0), dim = c(5L, 3L
), dimnames = list(c("-2", "-1", "0", "1", "2"), c("A", "C", 
"G"))), IM49_SNP1 = structure(c(1, 184, 2, 495, 0, 0, 0, 1, 38, 
592, 2, 0, 0, 0, 0, 0, 0, 0), dim = c(6L, 3L), dimnames = list(
    c("-3", "-2", "-1", "0", "1", "2"), c("C", "G", "T"))), LR10_SNP1 = structure(c(0, 
0, 0, 0, 5, 52, 327, 0, 4, 104, 271, 4), dim = 4:3, dimnames = list(
    c("-2", "-1", "0", "1"), c("-", "C", "T"))), LR11_SNP1 = structure(c(0, 
1, 38, 519, 0, 0, 0, 5, 143, 359, 0, 0, 0, 0, 0, 0, 0, 0), dim = c(6L, 
3L), dimnames = list(c("-3", "-2", "-1", "0", "1", "2"), c("A", 
"C", "T"))), LR17_SNP1 = structure(c(0, 4, 295, 1529, 5, 0, 0, 
0, 0, 0, 0, 0), dim = c(6L, 2L), dimnames = list(c("-3", "-2", 
"-1", "0", "1", "2"), c("A", "G"))), LR20_SNP1 = structure(c(10, 
502, 0, 2, 518, 0, 0, 0, 0), dim = c(3L, 3L), dimnames = list(
    c("-1", "0", "1"), c("A", "G", "T"))), LR24_SNP1 = structure(c(10, 
176, 470, 0, 0, 20, 662, 0), dim = c(4L, 2L), dimnames = list(
    c("-2", "-1", "0", "1"), c("A", "G"))), LR36_SNP1 = structure(c(0, 
0, 0, 0, 0, 0, 0, 15, 197, 589, 0, 0, 0, 0, 0, 0, 0, 0, 0, 0, 
0, 0, 0, 0, 0, 19, 173, 607, 0, 0), dim = 6:5, dimnames = list(
    c("-3", "-2", "-1", "0", "1", "2"), c("-", "A", "C", "G", 
    "T"))), LR40_SNP1 = structure(c(0, 0, 0, 0, 4, 179, 692, 
0), dim = c(4L, 2L), dimnames = list(c("-2", "-1", "0", "1"), 
    c("A", "C"))), LR44_SNP1 = structure(c(0, 0, 0, 1, 0, 0, 
0, 4, 17, 135, 0, 0, 0, 0, 0, 0, 0, 0, 2, 31, 17, 133, 1, 0), dim = c(6L, 
4L), dimnames = list(c("-3", "-2", "-1", "0", "1", "2"), c("A", 
"C", "G", "T"))), LR46_SNP1 = structure(c(0, 0, 0, 0, 17, 722, 
1, 0, 0, 1, 0, 0), dim = 4:3, dimnames = list(c("-1", "0", "1", 
"2"), c("A", "G", "T"))), LR48_SNP1 = structure(c(0, 0, 0, 0, 
0, 0, 0, 0, 17, 371, 2, 0, 0, 0, 22, 319, 1, 0), dim = c(6L, 
3L), dimnames = list(c("-3", "-2", "-1", "0", "1", "2"), c("A", 
"C", "T"))), LR49_SNP1 = structure(c(0, 0, 0, 0, 8, 190, 819, 
0, 0, 0, 0, 0), dim = 4:3, dimnames = list(c("-2", "-1", "0", 
"1"), c("A", "G", "T"))), LR52_SNP1 = structure(c(0, 17, 67, 
42, 7, 412, 0, 0, 0, 1, 0, 0, 3, 0), dim = c(7L, 2L), dimnames = list(
    c("-5", "-4", "-3", "-2", "-1", "0", "1"), c("C", "T"))))
