Result <-
list(DEPDC2_SNP1 = structure(c(0, 0, 0, 0, 0, 0, 0, 0, 0, 120, 
403, 52), dim = 4:3, dimnames = list(c("-2", "-1", "0", "1"), 
    c("A", "C", "T"))), GM01_SNP1 = structure(c(14, 505, 0, 0, 
2, 0), dim = 3:2, dimnames = list(c("-1", "0", "1"), c("A", "G"
))), GM07_SNP1 = structure(c(2, 127, 34, 219, 0, 0, 0, 0, 0, 
2, 0, 0, 0, 0), dim = c(7L, 2L), dimnames = list(c("-3", "-2", 
"-1", "0", "1", "2", "3"), c("A", "G"))), GM09_SNP1 = structure(c(0, 
1, 320, 2, 1, 128, 160, 0), dim = c(4L, 2L), dimnames = list(
    c("-2", "-1", "0", "1"), c("A", "G"))), GM11_SNP1 = structure(c(0, 
62, 247, 0, 0, 0, 0, 0), dim = c(4L, 2L), dimnames = list(c("-2", 
"-1", "0", "1"), c("A", "G"))), GM14_SNP1 = structure(c(0, 0, 
0, 1, 0, 0, 3, 141, 354, 0), dim = c(5L, 2L), dimnames = list(
    c("-3", "-2", "-1", "0", "1"), c("C", "T"))), GM17_SNP1 = structure(c(0, 
84, 395, 0), dim = c(4L, 1L), dimnames = list(c("-2", "-1", "0", 
"1"), "C")), GM22_SNP1 = structure(c(0, 39, 331, 0, 0, 0, 0, 
0), dim = c(4L, 2L), dimnames = list(c("-2", "-1", "0", "1"), 
    c("A", "G"))), GM26_SNP1 = structure(c(0, 36, 272, 0), dim = c(4L, 
1L), dimnames = list(c("-2", "-1", "0", "1"), "A")), GM29_SNP1 = structure(c(36, 
129, 0, 67, 90, 0), dim = 3:2, dimnames = list(c("-1", "0", "1"
), c("A", "G"))), IM16_SNP1 = structure(c(0, 0, 186, 0, 8, 87, 
118, 0), dim = c(4L, 2L), dimnames = list(c("-2", "-1", "0", 
"1"), c("A", "G"))), IM49_SNP1 = structure(c(0, 0, 0, 0, 0, 0, 
48, 126, 243, 0, 0, 0, 0, 0, 0), dim = c(5L, 3L), dimnames = list(
    c("-3", "-2", "-1", "0", "1"), c("A", "C", "G"))), LR10_SNP1 = structure(c(0, 
4, 223, 3, 0, 2, 259, 1), dim = c(4L, 2L), dimnames = list(c("-2", 
"-1", "0", "1"), c("C", "T"))), LR11_SNP1 = structure(c(0, 0, 
157, 0, 1, 144, 151, 1), dim = c(4L, 2L), dimnames = list(c("-2", 
"-1", "0", "1"), c("A", "C"))), LR17_SNP1 = structure(c(0, 43, 
257, 353, 0, 0, 0, 0, 0, 0), dim = c(5L, 2L), dimnames = list(
    c("-3", "-2", "-1", "0", "1"), c("A", "G"))), LR20_SNP1 = structure(c(30, 
403, 0, 0, 1, 0), dim = 3:2, dimnames = list(c("-1", "0", "1"
), c("A", "G"))), LR24_SNP1 = structure(c(0, 17, 440, 0, 18, 
170, 236, 0), dim = c(4L, 2L), dimnames = list(c("-2", "-1", 
"0", "1"), c("A", "G"))), LR36_SNP1 = structure(c(0, 0, 52, 161, 
43, 0, 0, 0, 0, 18, 176, 21, 0, 0), dim = c(7L, 2L), dimnames = list(
    c("-3", "-2", "-1", "0", "1", "2", "3"), c("A", "T"))), LR40_SNP1 = structure(c(87, 
243, 27, 0), dim = c(4L, 1L), dimnames = list(c("-1", "0", "1", 
"2"), "C")), LR44_SNP1 = structure(c(0, 0, 0, 1, 0, 18, 79, 86, 
192, 1, 1, 0, 1, 6, 0), dim = c(5L, 3L), dimnames = list(c("-3", 
"-2", "-1", "0", "1"), c("-", "C", "T"))), LR46_SNP1 = structure(c(0, 
86, 122, 0, 0, 0, 210, 0), dim = c(4L, 2L), dimnames = list(c("-2", 
"-1", "0", "1"), c("G", "T"))), LR48_SNP1 = structure(c(0, 19, 
79, 103, 0, 0, 33, 43, 105, 0), dim = c(5L, 2L), dimnames = list(
    c("-3", "-2", "-1", "0", "1"), c("C", "T"))), LR49_SNP1 = structure(c(0, 
0, 1, 1, 12, 509), dim = 3:2, dimnames = list(c("-2", "-1", "0"
), c("A", "G"))), LR52_SNP1 = structure(c(0, 2, 35, 63, 115, 
0, 0, 56, 25, 2, 130, 0), dim = c(6L, 2L), dimnames = list(c("-4", 
"-3", "-2", "-1", "0", "1"), c("C", "T"))))
