Result <-
list(DEPDC2_SNP1 = structure(c(0, 0, 0, 0, 0, 190, 641, 17), dim = c(4L, 
2L), dimnames = list(c("-2", "-1", "0", "1"), c("C", "T"))), 
    GM01_SNP1 = structure(c(6, 768, 0, 0, 0, 0), dim = 3:2, dimnames = list(
        c("-1", "0", "1"), c("A", "G"))), GM07_SNP1 = structure(c(0, 
    14, 97, 164, 1, 0, 3, 197, 3, 133, 1, 0), dim = c(6L, 2L), dimnames = list(
        c("-3", "-2", "-1", "0", "1", "2"), c("A", "G"))), GM09_SNP1 = structure(c(0, 
    42, 0, 1, 24, 0), dim = 3:2, dimnames = list(c("-1", "0", 
    "1"), c("A", "G"))), GM11_SNP1 = structure(c(1, 188, 324, 
    0, 0, 0, 0, 0), dim = c(4L, 2L), dimnames = list(c("-2", 
    "-1", "0", "1"), c("A", "T"))), GM14_SNP1 = structure(c(0, 
    0, 0, 0, 1, 0, 0, 0, 0, 161, 20, 649, 0, 0, 0, 0, 0, 0, 0, 
    0, 0), dim = c(7L, 3L), dimnames = list(c("-4", "-3", "-2", 
    "-1", "0", "1", "2"), c("A", "C", "T"))), GM17_SNP1 = structure(c(0, 
    0, 0, 0, 1, 157, 616, 0), dim = c(4L, 2L), dimnames = list(
        c("-2", "-1", "0", "1"), c("A", "T"))), GM22_SNP1 = structure(c(1, 
    276, 1, 0, 255, 0), dim = 3:2, dimnames = list(c("-1", "0", 
    "1"), c("A", "G"))), GM26_SNP1 = structure(c(0, 0, 208, 0, 
    0, 84, 129, 0, 0, 0, 0, 0), dim = 4:3, dimnames = list(c("-2", 
    "-1", "0", "1"), c("A", "G", "T"))), GM29_SNP1 = structure(c(0, 
    0, 0, 0, 0, 190, 292, 0), dim = c(4L, 2L), dimnames = list(
        c("-2", "-1", "0", "1"), c("A", "G"))), IM16_SNP1 = structure(c(130, 
    198, 0, 11, 302, 0, 0, 0, 0), dim = c(3L, 3L), dimnames = list(
        c("-1", "0", "1"), c("A", "G", "T"))), IM49_SNP1 = structure(c(0, 
    3, 177, 212, 0, 0, 4, 140, 216, 0, 0, 0, 0, 0, 0), dim = c(5L, 
    3L), dimnames = list(c("-3", "-2", "-1", "0", "1"), c("C", 
    "G", "T"))), LR10_SNP1 = structure(c(2, 138, 192, 1, 0, 0, 
    1, 368, 0, 0), dim = c(5L, 2L), dimnames = list(c("-2", "-1", 
    "0", "1", "2"), c("C", "T"))), LR11_SNP1 = structure(c(0, 
    0, 0, 0, 1, 132, 486, 0), dim = c(4L, 2L), dimnames = list(
        c("-2", "-1", "0", "1"), c("A", "C"))), LR17_SNP1 = structure(c(0, 
    4, 498, 699, 3, 0, 0, 0, 0, 0), dim = c(5L, 2L), dimnames = list(
        c("-3", "-2", "-1", "0", "1"), c("A", "G"))), LR20_SNP1 = structure(c(0, 
    62, 240, 0, 0, 0, 293, 0), dim = c(4L, 2L), dimnames = list(
        c("-2", "-1", "0", "1"), c("A", "G"))), LR24_SNP1 = structure(c(0, 
    4, 0, 14, 1437, 0), dim = 3:2, dimnames = list(c("-1", "0", 
    "1"), c("A", "G"))), LR36_SNP1 = structure(c(0, 0, 0, 0, 
    0, 0, 0, 1, 3, 3, 139, 238, 0, 0, 0, 0, 0, 0, 0, 0, 0, 0, 
    0, 0, 20, 348, 1, 0), dim = c(7L, 4L), dimnames = list(c("-4", 
    "-3", "-2", "-1", "0", "1", "6"), c("-", "A", "G", "T"))), 
    LR40_SNP1 = structure(c(2, 99, 434, 0), dim = c(4L, 1L), dimnames = list(
        c("-2", "-1", "0", "1"), "C")), LR44_SNP1 = structure(c(0, 
    0, 7, 186, 1, 0, 0, 0, 0, 0, 0, 1, 84, 114, 0), dim = c(5L, 
    3L), dimnames = list(c("-3", "-2", "-1", "0", "1"), c("C", 
    "G", "T"))), LR46_SNP1 = structure(c(0, 117, 5, 439, 0, 0, 
    0, 0, 0, 0), dim = c(5L, 2L), dimnames = list(c("-3", "-2", 
    "-1", "0", "1"), c("G", "T"))), LR48_SNP1 = structure(c(0, 
    23, 201, 377, 0), dim = c(5L, 1L), dimnames = list(c("-3", 
    "-2", "-1", "0", "1"), "C")), LR49_SNP1 = structure(c(0, 
    1, 0, 0, 0, 0, 0, 0, 1, 167, 617, 0, 0, 0, 0, 0), dim = c(4L, 
    4L), dimnames = list(c("-2", "-1", "0", "1"), c("A", "C", 
    "G", "T"))), LR52_SNP1 = structure(c(2, 183, 66, 10, 326, 
    0, 0, 0, 1, 0, 3, 0), dim = c(6L, 2L), dimnames = list(c("-4", 
    "-3", "-2", "-1", "0", "1"), c("C", "T"))))
