Result <-
list(DEPDC2_SNP1 = structure(c(35, 688, 2), dim = c(3L, 1L), dimnames = list(
    c("-1", "0", "1"), "T")), GM01_SNP1 = structure(c(0, 6, 275, 
0, 0, 0, 300, 0), dim = c(4L, 2L), dimnames = list(c("-2", "-1", 
"0", "1"), c("A", "G"))), GM07_SNP1 = structure(c(0, 0, 0, 0, 
0, 0, 1, 156, 29, 335, 0, 0), dim = c(6L, 2L), dimnames = list(
    c("-3", "-2", "-1", "0", "1", "2"), c("A", "G"))), GM09_SNP1 = structure(c(2, 
19, 0, 5, 14, 0), dim = 3:2, dimnames = list(c("-1", "0", "1"
), c("A", "G"))), GM11_SNP1 = structure(c(0, 89, 305, 0), dim = c(4L, 
1L), dimnames = list(c("-2", "-1", "0", "1"), "A")), GM14_SNP1 = structure(c(2, 
108, 39, 396, 0), dim = c(5L, 1L), dimnames = list(c("-3", "-2", 
"-1", "0", "1"), "C")), GM17_SNP1 = structure(c(2, 277, 0, 0, 
1, 241, 40, 0), dim = c(4L, 2L), dimnames = list(c("-1", "0", 
"1", "2"), c("C", "T"))), GM22_SNP1 = structure(c(0, 4, 411, 
1), dim = c(4L, 1L), dimnames = list(c("-2", "-1", "0", "1"), 
    "A")), GM26_SNP1 = structure(c(0, 0, 49, 294, 0, 0, 0, 0, 
0, 0), dim = c(5L, 2L), dimnames = list(c("-3", "-2", "-1", "0", 
"1"), c("A", "G"))), GM29_SNP1 = structure(c(0, 1, 39, 155, 0, 
0, 2, 41, 139, 0), dim = c(5L, 2L), dimnames = list(c("-3", "-2", 
"-1", "0", "1"), c("A", "G"))), IM16_SNP1 = structure(c(0, 1, 
223, 1, 1, 58, 189, 0), dim = c(4L, 2L), dimnames = list(c("-2", 
"-1", "0", "1"), c("A", "G"))), IM49_SNP1 = structure(c(0, 48, 
50, 343, 0, 0, 0, 0, 0, 1, 0, 0), dim = c(6L, 2L), dimnames = list(
    c("-3", "-2", "-1", "0", "1", "2"), c("C", "G"))), LR10_SNP1 = structure(c(1, 
269, 0, 0, 3, 245, 1, 0), dim = c(4L, 2L), dimnames = list(c("-1", 
"0", "1", "2"), c("C", "T"))), LR11_SNP1 = structure(c(0, 13, 
55, 197, 0, 0, 0, 52, 161, 0), dim = c(5L, 2L), dimnames = list(
    c("-3", "-2", "-1", "0", "1"), c("A", "C"))), LR17_SNP1 = structure(c(1, 
114, 722, 3, 0, 0, 0, 0, 0, 0), dim = c(5L, 2L), dimnames = list(
    c("-2", "-1", "0", "1", "2"), c("A", "G"))), LR20_SNP1 = structure(c(61, 
517, 1, 0, 0, 0), dim = 3:2, dimnames = list(c("-1", "0", "1"
), c("A", "G"))), LR24_SNP1 = structure(c(0, 123, 375, 0, 0, 
110, 366, 0), dim = c(4L, 2L), dimnames = list(c("-2", "-1", 
"0", "1"), c("A", "G"))), LR36_SNP1 = structure(c(0, 0, 189, 
63, 0, 33, 47, 215, 0, 0), dim = c(5L, 2L), dimnames = list(c("-2", 
"-1", "0", "1", "2"), c("A", "T"))), LR40_SNP1 = structure(c(1, 
108, 351, 1), dim = c(4L, 1L), dimnames = list(c("-2", "-1", 
"0", "1"), "C")), LR44_SNP1 = structure(c(3, 79, 18, 207, 0, 
0, 3, 0, 7, 0), dim = c(5L, 2L), dimnames = list(c("-3", "-2", 
"-1", "0", "1"), c("C", "T"))), LR46_SNP1 = structure(c(51, 409, 
0), dim = c(3L, 1L), dimnames = list(c("-1", "0", "1"), "G")), 
    LR48_SNP1 = structure(c(45, 1, 182, 0, 0, 1, 65, 175, 0, 
    0), dim = c(5L, 2L), dimnames = list(c("-2", "-1", "0", "1", 
    "2"), c("C", "T"))), LR49_SNP1 = structure(c(0, 3, 280, 88, 
    206, 0, 0, 0, 0), dim = c(3L, 3L), dimnames = list(c("-2", 
    "-1", "0"), c("A", "G", "T"))), LR52_SNP1 = structure(c(5, 
    49, 9, 159, 0, 24, 30, 1, 157, 0), dim = c(5L, 2L), dimnames = list(
        c("-3", "-2", "-1", "0", "1"), c("C", "T"))))
