Result <-
list(DEPDC2_SNP1 = structure(c(2, 238, 19, 0, 96, 154, 1, 0), dim = c(4L, 
2L), dimnames = list(c("-1", "0", "1", "2"), c("C", "T"))), GM01_SNP1 = structure(c(0, 
0, 2, 200, 0, 0, 0, 102, 108, 0, 0, 0, 0, 0, 0), dim = c(5L, 
3L), dimnames = list(c("-3", "-2", "-1", "0", "1"), c("A", "G", 
"T"))), GM07_SNP1 = structure(c(0, 0, 0, 0, 0, 0, 0, 2, 29, 130, 
1, 0, 0, 17, 61, 82, 1, 0), dim = c(6L, 3L), dimnames = list(
    c("-3", "-2", "-1", "0", "1", "2"), c("-", "A", "G"))), GM09_SNP1 = structure(c(8, 
303, 0, 2, 277, 0), dim = 3:2, dimnames = list(c("-1", "0", "1"
), c("A", "G"))), GM11_SNP1 = structure(c(2, 216, 0), dim = c(3L, 
1L), dimnames = list(c("-1", "0", "1"), "A")), GM14_SNP1 = structure(c(0, 
9, 50, 369, 1, 0, 0, 0, 0, 0, 0, 0), dim = c(6L, 2L), dimnames = list(
    c("-3", "-2", "-1", "0", "1", "2"), c("C", "T"))), GM17_SNP1 = structure(c(1, 
195, 0, 5, 197, 2), dim = 3:2, dimnames = list(c("-1", "0", "1"
), c("C", "T"))), GM22_SNP1 = structure(c(0, 75, 205, 0, 0, 0, 
0, 0), dim = c(4L, 2L), dimnames = list(c("-2", "-1", "0", "1"
), c("A", "G"))), GM26_SNP1 = structure(c(0, 0, 10, 105, 0, 0, 
0, 0, 124, 0, 0, 0, 0, 0, 0), dim = c(5L, 3L), dimnames = list(
    c("-3", "-2", "-1", "0", "1"), c("A", "G", "T"))), GM29_SNP1 = structure(c(0, 
11, 129, 0, 0, 3, 122, 0), dim = c(4L, 2L), dimnames = list(c("-2", 
"-1", "0", "1"), c("A", "G"))), IM16_SNP1 = structure(c(8, 128, 
12, 0, 4, 151, 0, 0, 0, 0, 0, 0), dim = 4:3, dimnames = list(
    c("-1", "0", "1", "2"), c("A", "G", "T"))), IM49_SNP1 = structure(c(0, 
9, 19, 241, 0, 0, 1, 3, 24, 248, 1, 0), dim = c(6L, 2L), dimnames = list(
    c("-3", "-2", "-1", "0", "1", "2"), c("C", "G"))), LR10_SNP1 = structure(c(1, 
83, 84, 0, 0, 0, 0, 0, 0, 2, 208, 0), dim = 4:3, dimnames = list(
    c("-2", "-1", "0", "1"), c("C", "G", "T"))), LR11_SNP1 = structure(c(0, 
0, 0, 0, 0, 0, 16, 169, 193, 1), dim = c(5L, 2L), dimnames = list(
    c("-4", "-2", "-1", "0", "1"), c("A", "C"))), LR17_SNP1 = structure(c(0, 
3, 182, 405, 2, 0), dim = c(6L, 1L), dimnames = list(c("-3", 
"-2", "-1", "0", "1", "2"), "A")), LR20_SNP1 = structure(c(34, 
355, 0, 0, 0, 0), dim = 3:2, dimnames = list(c("-1", "0", "1"
), c("A", "G"))), LR24_SNP1 = structure(c(6, 58, 871, 0, 0, 0, 
0, 0), dim = c(4L, 2L), dimnames = list(c("-2", "-1", "0", "1"
), c("A", "G"))), LR36_SNP1 = structure(c(0, 0, 0, 0, 0, 0, 96, 
13, 360, 0), dim = c(5L, 2L), dimnames = list(c("-3", "-2", "-1", 
"0", "1"), c("A", "T"))), LR40_SNP1 = structure(c(2, 21, 288, 
0), dim = c(4L, 1L), dimnames = list(c("-2", "-1", "0", "1"), 
    "C")), LR44_SNP1 = structure(c(0, 0, 0, 0, 0, 0, 0, 0, 0, 
0, 0, 2, 0, 0, 0, 0, 0, 0, 1, 0, 0, 3, 22, 78, 20, 233, 0, 0), dim = c(7L, 
4L), dimnames = list(c("-4", "-3", "-2", "-1", "0", "1", "10"
), c("-", "C", "G", "T"))), LR46_SNP1 = structure(c(112, 237, 
0, 0, 0, 0), dim = 3:2, dimnames = list(c("-1", "0", "1"), c("G", 
"T"))), LR48_SNP1 = structure(c(0, 16, 131, 1, 0, 18, 143, 0), dim = c(4L, 
2L), dimnames = list(c("-2", "-1", "0", "1"), c("C", "T"))), 
    LR49_SNP1 = structure(c(0, 1, 0, 1, 152, 340), dim = 3:2, dimnames = list(
        c("-2", "-1", "0"), c("A", "G"))), LR52_SNP1 = structure(c(0, 
    61, 3, 2, 67, 0, 0, 0, 21, 54, 1, 68, 0, 0), dim = c(7L, 
    2L), dimnames = list(c("-4", "-3", "-2", "-1", "0", "1", 
    "2"), c("C", "T"))))
