Result <-
list(DEPDC2_SNP1 = structure(c(0, 1, 415, 1, 0, 19, 346, 0), dim = c(4L, 
2L), dimnames = list(c("-4", "-1", "0", "1"), c("C", "T"))), 
    GM01_SNP1 = structure(c(0, 1, 372, 0, 0, 22, 317, 0), dim = c(4L, 
    2L), dimnames = list(c("-2", "-1", "0", "1"), c("A", "G"))), 
    GM07_SNP1 = structure(c(0, 0, 0, 0, 0, 0, 0, 0, 12, 245, 
    1, 0, 0, 13, 3, 253, 1, 0), dim = c(6L, 3L), dimnames = list(
        c("-3", "-2", "-1", "0", "1", "2"), c("-", "A", "G"))), 
    GM09_SNP1 = structure(c(0, 1, 0, 1, 885, 21, 0, 0, 0), dim = c(3L, 
    3L), dimnames = list(c("-1", "0", "1"), c("A", "G", "T"))), 
    GM11_SNP1 = structure(c(17, 410, 0), dim = c(3L, 1L), dimnames = list(
        c("-1", "0", "1"), "A")), GM14_SNP1 = structure(c(0, 
    43, 2, 679, 0), dim = c(5L, 1L), dimnames = list(c("-3", 
    "-2", "-1", "0", "1"), "C")), GM17_SNP1 = structure(c(0, 
    23, 295, 0, 0, 23, 300, 0), dim = c(4L, 2L), dimnames = list(
        c("-2", "-1", "0", "1"), c("C", "T"))), GM22_SNP1 = structure(c(0, 
    25, 464, 0, 0), dim = c(5L, 1L), dimnames = list(c("-2", 
    "-1", "0", "1", "2"), "A")), GM26_SNP1 = structure(c(0, 1, 
    197, 0, 0, 0, 192, 0), dim = c(4L, 2L), dimnames = list(c("-2", 
    "-1", "0", "1"), c("A", "G"))), GM29_SNP1 = structure(c(9, 
    1, 436, 0, 0, 0, 0, 0), dim = c(4L, 2L), dimnames = list(
        c("-2", "-1", "0", "1"), c("A", "G"))), IM16_SNP1 = structure(c(1, 
    12, 247, 0, 0, 0, 15, 274, 0, 0), dim = c(5L, 2L), dimnames = list(
        c("-2", "-1", "0", "1", "2"), c("A", "G"))), IM49_SNP1 = structure(c(0, 
    0, 0, 0, 0, 0, 0, 30, 4, 564, 0, 0), dim = c(6L, 2L), dimnames = list(
        c("-3", "-2", "-1", "0", "1", "2"), c("C", "G"))), LR10_SNP1 = structure(c(0, 
    28, 616, 0, 0, 0, 0, 0), dim = c(4L, 2L), dimnames = list(
        c("-2", "-1", "0", "1"), c("C", "T"))), LR11_SNP1 = structure(c(0, 
    16, 324, 0, 0, 0, 14, 259, 0, 0), dim = c(5L, 2L), dimnames = list(
        c("-2", "-1", "0", "1", "2"), c("A", "C"))), LR17_SNP1 = structure(c(0, 
    59, 975, 4, 0, 0, 0, 0, 0, 0), dim = c(5L, 2L), dimnames = list(
        c("-2", "-1", "0", "1", "2"), c("A", "G"))), LR20_SNP1 = structure(c(0, 
    1, 0, 2, 599, 0), dim = 3:2, dimnames = list(c("-1", "0", 
    "1"), c("A", "G"))), LR24_SNP1 = structure(c(0, 0, 5, 0, 
    0, 0, 0, 0, 1, 43, 1244, 0), dim = 4:3, dimnames = list(c("-2", 
    "-1", "0", "1"), c("A", "C", "G"))), LR36_SNP1 = structure(c(0, 
    0, 0, 0, 0, 0, 1, 26, 382, 1, 0, 0, 0, 34, 0), dim = c(5L, 
    3L), dimnames = list(c("-3", "-2", "-1", "0", "1"), c("-", 
    "A", "T"))), LR40_SNP1 = structure(c(0, 0, 0, 15, 479, 0), dim = 3:2, dimnames = list(
        c("-1", "0", "1"), c("A", "C"))), LR44_SNP1 = structure(c(0, 
    13, 2, 173, 1, 0, 0, 0, 3, 0, 0, 16, 8, 200, 0), dim = c(5L, 
    3L), dimnames = list(c("-3", "-2", "-1", "0", "1"), c("C", 
    "G", "T"))), LR46_SNP1 = structure(c(0, 15, 503, 1), dim = c(4L, 
    1L), dimnames = list(c("-2", "-1", "0", "1"), "G")), LR48_SNP1 = structure(c(1, 
    16, 8, 519, 0, 0, 0, 0, 0, 0), dim = c(5L, 2L), dimnames = list(
        c("-3", "-2", "-1", "0", "1"), c("C", "T"))), LR49_SNP1 = structure(c(1, 
    364, 0, 0, 0, 0, 1, 367, 0), dim = c(3L, 3L), dimnames = list(
        c("-1", "0", "1"), c("A", "C", "G"))), LR52_SNP1 = structure(c(0, 
    30, 3, 14, 499, 2, 0, 0, 0, 0, 1, 0), dim = c(6L, 2L), dimnames = list(
        c("-4", "-3", "-2", "-1", "0", "1"), c("C", "T"))))
