Result <-
list(DEPDC2_SNP1 = structure(c(0, 143, 47, 2, 0, 0, 0, 0, 0, 
258, 1, 0), dim = 4:3, dimnames = list(c("-1", "0", "1", "2"), 
    c("C", "G", "T"))), GM01_SNP1 = structure(c(0, 0, 0, 2, 350, 
0, 0, 0, 0), dim = c(3L, 3L), dimnames = list(c("-1", "0", "1"
), c("-", "A", "G"))), GM07_SNP1 = structure(c(0, 0, 0, 0, 0, 
0, 2, 118, 124, 0, 0, 0, 0, 0, 0), dim = c(5L, 3L), dimnames = list(
    c("-3", "-2", "-1", "0", "1"), c("-", "A", "G"))), GM09_SNP1 = structure(c(3, 
319, 0, 0, 156, 0), dim = 3:2, dimnames = list(c("-1", "0", "1"
), c("A", "G"))), GM11_SNP1 = structure(c(15, 22, 44, 0, 0, 2, 
86, 0), dim = c(4L, 2L), dimnames = list(c("-2", "-1", "0", "1"
), c("A", "G"))), GM14_SNP1 = structure(c(2, 112, 51, 225, 2, 
0, 0, 0, 0, 0), dim = c(5L, 2L), dimnames = list(c("-3", "-2", 
"-1", "0", "1"), c("C", "T"))), GM17_SNP1 = structure(c(0, 7, 
318, 0, 0, 0, 0, 0), dim = c(4L, 2L), dimnames = list(c("-2", 
"-1", "0", "1"), c("C", "T"))), GM22_SNP1 = structure(c(0, 0, 
205, 0, 0, 0, 0, 0), dim = c(4L, 2L), dimnames = list(c("-2", 
"-1", "0", "1"), c("A", "T"))), GM26_SNP1 = structure(c(0, 42, 
38, 0, 0, 0, 87, 0), dim = c(4L, 2L), dimnames = list(c("-2", 
"-1", "0", "1"), c("A", "G"))), GM29_SNP1 = structure(c(5, 227, 
0), dim = c(3L, 1L), dimnames = list(c("-1", "0", "1"), "A")), 
    IM16_SNP1 = structure(c(1, 86, 58, 0, 0, 4, 133, 2), dim = c(4L, 
    2L), dimnames = list(c("-2", "-1", "0", "1"), c("A", "G"))), 
    IM49_SNP1 = structure(c(0, 40, 72, 240, 0, 0, 0, 1, 19, 305, 
    3, 0), dim = c(6L, 2L), dimnames = list(c("-3", "-2", "-1", 
    "0", "1", "2"), c("C", "G"))), LR10_SNP1 = structure(c(0, 
    0, 0, 0, 0, 1, 140, 1, 0, 13, 130, 0), dim = 4:3, dimnames = list(
        c("-2", "-1", "0", "1"), c("A", "C", "T"))), LR11_SNP1 = structure(c(0, 
    0, 10, 254, 2, 0, 0, 0, 33, 160, 1, 0), dim = c(6L, 2L), dimnames = list(
        c("-3", "-2", "-1", "0", "1", "2"), c("A", "C"))), LR17_SNP1 = structure(c(6, 
    118, 473, 2, 0, 0, 0, 0, 0, 0, 0, 0, 0, 0, 0), dim = c(5L, 
    3L), dimnames = list(c("-2", "-1", "0", "1", "2"), c("A", 
    "G", "T"))), LR20_SNP1 = structure(c(26, 98, 0, 1, 143, 0
    ), dim = 3:2, dimnames = list(c("-1", "0", "1"), c("A", "G"
    ))), LR24_SNP1 = structure(c(0, 0, 0, 0, 1, 0, 23, 983, 0, 
    0, 0, 0), dim = 3:4, dimnames = list(c("-1", "0", "1"), c("-", 
    "A", "G", "T"))), LR36_SNP1 = structure(c(0, 0, 0, 0, 0, 
    0, 0, 0, 0, 59, 59, 0, 130, 0, 0, 0, 0, 1, 55, 174, 1), dim = c(7L, 
    3L), dimnames = list(c("-5", "-4", "-3", "-2", "-1", "0", 
    "1"), c("-", "A", "T"))), LR40_SNP1 = structure(c(0, 58, 
    144, 0), dim = c(4L, 1L), dimnames = list(c("-2", "-1", "0", 
    "1"), "C")), LR44_SNP1 = structure(c(0, 1, 0, 0, 0, 0, 29, 
    61, 0, 47, 1, 0, 0, 9, 97, 66, 0, 1), dim = c(6L, 3L), dimnames = list(
        c("-3", "-2", "-1", "0", "1", "6"), c("A", "C", "T"))), 
    LR46_SNP1 = structure(c(11, 72, 0, 53, 41, 0), dim = 3:2, dimnames = list(
        c("-1", "0", "1"), c("G", "T"))), LR48_SNP1 = structure(c(1, 
    58, 68, 104, 0, 0, 0, 0, 0, 0), dim = c(5L, 2L), dimnames = list(
        c("-3", "-2", "-1", "0", "1"), c("C", "T"))), LR49_SNP1 = structure(c(0, 
    0, 0, 0, 0, 0, 82, 383, 0), dim = c(3L, 3L), dimnames = list(
        c("-1", "0", "1"), c("A", "C", "G"))), LR52_SNP1 = structure(c(0, 
    2, 46, 0, 2, 46, 0, 0, 0, 4, 19, 29, 51, 0), dim = c(7L, 
    2L), dimnames = list(c("-5", "-4", "-3", "-2", "-1", "0", 
    "1"), c("C", "T"))))
