Result <-
list(DEPDC2_SNP1 = structure(c(0, 0, 0, 0, 0, 0, 8, 425, 1), dim = c(3L, 
3L), dimnames = list(c("-1", "0", "1"), c("A", "C", "T"))), GM01_SNP1 = structure(c(7, 
189, 0, 2, 227, 0), dim = 3:2, dimnames = list(c("-1", "0", "1"
), c("A", "G"))), GM07_SNP1 = structure(c(1, 34, 93, 1, 0, 15, 
136, 0, 0, 0, 0, 0), dim = 4:3, dimnames = list(c("-2", "-1", 
"0", "1"), c("A", "G", "T"))), GM09_SNP1 = structure(c(3, 288, 
0, 0, 276, 0), dim = 3:2, dimnames = list(c("-1", "0", "1"), 
    c("A", "G"))), GM11_SNP1 = structure(c(18, 1, 152, 0), dim = c(4L, 
1L), dimnames = list(c("-2", "-1", "0", "1"), "G")), GM14_SNP1 = structure(c(0, 
0, 0, 0, 0, 55, 346, 0), dim = c(4L, 2L), dimnames = list(c("-2", 
"-1", "0", "1"), c("C", "T"))), GM17_SNP1 = structure(c(1, 49, 
306, 0), dim = c(4L, 1L), dimnames = list(c("-2", "-1", "0", 
"1"), "C")), GM22_SNP1 = structure(c(0, 0, 124, 0, 1, 12, 87, 
0), dim = c(4L, 2L), dimnames = list(c("-2", "-1", "0", "1"), 
    c("A", "G"))), GM26_SNP1 = structure(c(0, 16, 137, 0), dim = c(4L, 
1L), dimnames = list(c("-2", "-1", "0", "1"), "G")), GM29_SNP1 = structure(c(5, 
269, 0), dim = c(3L, 1L), dimnames = list(c("-1", "0", "1"), 
    "A")), IM16_SNP1 = structure(c(7, 33, 99, 0, 0, 0, 127, 0
), dim = c(4L, 2L), dimnames = list(c("-2", "-1", "0", "1"), 
    c("A", "G"))), IM49_SNP1 = structure(c(4, 76, 213, 0, 0, 
0, 3, 275, 0, 0, 0, 0, 0, 0, 0), dim = c(5L, 3L), dimnames = list(
    c("-2", "-1", "0", "1", "2"), c("C", "G", "T"))), LR10_SNP1 = structure(c(0, 
1, 171, 1, 0, 0, 0, 164, 0, 0), dim = c(5L, 2L), dimnames = list(
    c("-2", "-1", "0", "1", "2"), c("C", "T"))), LR11_SNP1 = structure(c(0, 
0, 0, 0, 8, 45, 308, 0), dim = c(4L, 2L), dimnames = list(c("-2", 
"-1", "0", "1"), c("A", "C"))), LR17_SNP1 = structure(c(0, 13, 
134, 432, 1, 0, 0, 0, 0, 0, 0, 0), dim = c(6L, 2L), dimnames = list(
    c("-3", "-2", "-1", "0", "1", "2"), c("A", "G"))), LR20_SNP1 = structure(c(40, 
99, 0, 0, 138, 0), dim = 3:2, dimnames = list(c("-1", "0", "1"
), c("A", "G"))), LR24_SNP1 = structure(c(2, 124, 329, 0, 1, 
118, 379, 0), dim = c(4L, 2L), dimnames = list(c("-2", "-1", 
"0", "1"), c("A", "G"))), LR36_SNP1 = structure(c(0, 0, 0, 0, 
0, 0, 51, 74, 299, 2), dim = c(5L, 2L), dimnames = list(c("-3", 
"-2", "-1", "0", "1"), c("A", "T"))), LR40_SNP1 = structure(c(0, 
0, 2, 127, 0, 0, 0, 0, 94, 2), dim = c(5L, 2L), dimnames = list(
    c("-3", "-2", "-1", "0", "1"), c("A", "C"))), LR44_SNP1 = structure(c(0, 
2, 8, 131, 1, 0, 0, 0, 5, 132, 0, 0), dim = c(6L, 2L), dimnames = list(
    c("-3", "-2", "-1", "0", "1", "2"), c("C", "T"))), LR46_SNP1 = structure(c(1, 
109, 0, 0, 102, 0), dim = 3:2, dimnames = list(c("-1", "0", "1"
), c("G", "T"))), LR48_SNP1 = structure(c(2, 41, 189, 0, 0, 0, 
0, 0, 0, 0), dim = c(5L, 2L), dimnames = list(c("-2", "-1", "0", 
"1", "2"), c("C", "T"))), LR49_SNP1 = structure(c(0, 61, 137, 
0, 58, 148), dim = 3:2, dimnames = list(c("-2", "-1", "0"), c("A", 
"G"))), LR52_SNP1 = structure(c(0, 1, 8, 20, 78, 0, 0, 2, 19, 
0, 1, 64, 0, 0), dim = c(7L, 2L), dimnames = list(c("-4", "-3", 
"-2", "-1", "0", "1", "2"), c("C", "T"))))
