Result <-
list(DEPDC2_SNP1 = structure(c(0, 0, 0, 0, 0, 0, 0, 0, 0, 6, 
717, 2), dim = 4:3, dimnames = list(c("-2", "-1", "0", "1"), 
    c("A", "C", "T"))), GM01_SNP1 = structure(c(0, 0, 0, 0, 0, 
0, 133, 418, 1, 0, 0, 0, 0, 0, 0), dim = c(5L, 3L), dimnames = list(
    c("-2", "-1", "0", "1", "2"), c("A", "G", "T"))), GM07_SNP1 = structure(c(0, 
97, 102, 0, 0, 0, 8, 184, 0, 0), dim = c(5L, 2L), dimnames = list(
    c("-2", "-1", "0", "1", "2"), c("A", "G"))), GM09_SNP1 = structure(c(0, 
218, 203, 0, 0, 0, 404, 0), dim = c(4L, 2L), dimnames = list(
    c("-2", "-1", "0", "1"), c("A", "G"))), GM11_SNP1 = structure(c(86, 
0, 90, 0, 4, 93, 96, 0), dim = c(4L, 2L), dimnames = list(c("-2", 
"-1", "0", "1"), c("A", "G"))), GM14_SNP1 = structure(c(0, 0, 
0, 1, 0, 0, 1, 282, 241, 0, 0, 0, 0, 0, 0), dim = c(5L, 3L), dimnames = list(
    c("-3", "-2", "-1", "0", "1"), c("-", "C", "T"))), GM17_SNP1 = structure(c(2, 
272, 0, 28, 282, 0), dim = 3:2, dimnames = list(c("-1", "0", 
"1"), c("C", "T"))), GM22_SNP1 = structure(c(1, 224, 1, 1, 200, 
0), dim = 3:2, dimnames = list(c("-1", "0", "1"), c("A", "G"))), 
    GM26_SNP1 = structure(c(0, 84, 305, 1, 0, 0, 0, 0), dim = c(4L, 
    2L), dimnames = list(c("-2", "-1", "0", "1"), c("A", "G"))), 
    GM29_SNP1 = structure(c(0, 84, 296, 0, 0, 0, 0, 0), dim = c(4L, 
    2L), dimnames = list(c("-2", "-1", "0", "1"), c("A", "G"))), 
    IM16_SNP1 = structure(c(0, 0, 98, 116, 1, 0, 119, 0, 111, 
    0), dim = c(5L, 2L), dimnames = list(c("-3", "-2", "-1", 
    "0", "1"), c("A", "G"))), IM49_SNP1 = structure(c(0, 142, 
    0, 157, 0, 0, 0, 143, 1, 135, 0, 0), dim = c(6L, 2L), dimnames = list(
        c("-3", "-2", "-1", "0", "1", "2"), c("C", "G"))), LR10_SNP1 = structure(c(0, 
    2, 271, 0, 0, 0, 286, 0), dim = c(4L, 2L), dimnames = list(
        c("-2", "-1", "0", "1"), c("C", "T"))), LR11_SNP1 = structure(c(0, 
    148, 0, 2, 181, 0, 0, 0, 0, 133, 116, 0), dim = c(6L, 2L), dimnames = list(
        c("-4", "-3", "-2", "-1", "0", "1"), c("A", "C"))), LR17_SNP1 = structure(c(7, 
    117, 350, 145, 0), dim = c(5L, 1L), dimnames = list(c("-2", 
    "-1", "0", "1", "2"), "A")), LR20_SNP1 = structure(c(0, 247, 
    0, 0, 194, 0), dim = 3:2, dimnames = list(c("-1", "0", "1"
    ), c("A", "G"))), LR24_SNP1 = structure(c(0, 1, 7, 0, 0, 
    3, 256, 819, 1, 0), dim = c(5L, 2L), dimnames = list(c("-2", 
    "-1", "0", "1", "2"), c("A", "G"))), LR36_SNP1 = structure(c(0, 
    0, 0, 0, 0, 0, 0, 0, 0, 0, 0, 9, 190, 383, 1), dim = c(5L, 
    3L), dimnames = list(c("-3", "-2", "-1", "0", "1"), c("A", 
    "C", "T"))), LR40_SNP1 = structure(c(83, 297, 0), dim = c(3L, 
    1L), dimnames = list(c("-1", "0", "1"), "C")), LR44_SNP1 = structure(c(0, 
    0, 0, 0, 1, 0, 0, 0, 82, 149, 6, 234, 0, 0), dim = c(7L, 
    2L), dimnames = list(c("-4", "-3", "-2", "-1", "0", "1", 
    "2"), c("C", "T"))), LR46_SNP1 = structure(c(7, 406, 0, 0, 
    0, 0), dim = 3:2, dimnames = list(c("-1", "0", "1"), c("G", 
    "T"))), LR48_SNP1 = structure(c(1, 81, 340, 0), dim = c(4L, 
    1L), dimnames = list(c("-2", "-1", "0", "1"), "C")), LR49_SNP1 = structure(c(6, 
    294, 0, 306), dim = c(2L, 2L), dimnames = list(c("-1", "0"
    ), c("A", "G"))), LR52_SNP1 = structure(c(4, 114, 89, 190, 
    0), dim = c(5L, 1L), dimnames = list(c("-3", "-2", "-1", 
    "0", "1"), "T")))
