Result <-
list(DEPDC2_SNP1 = structure(c(0, 628, 0, 0, 0, 0, 1, 2, 0), dim = c(3L, 
3L), dimnames = list(c("-1", "0", "1"), c("C", "G", "T"))), GM01_SNP1 = structure(c(0, 
2, 593, 0, 0, 0, 0, 0), dim = c(4L, 2L), dimnames = list(c("-2", 
"-1", "0", "1"), c("A", "G"))), GM07_SNP1 = structure(c(0, 0, 
0, 0, 0, 0, 1, 34, 386, 15, 3, 0, 0, 0, 0, 0, 0, 0, 0, 0, 0, 
0, 0, 0), dim = c(6L, 4L), dimnames = list(c("-2", "-1", "0", 
"1", "2", "3"), c("-", "A", "G", "T"))), GM09_SNP1 = structure(c(0, 
78, 772, 1, 0, 0, 0, 0, 0, 0, 0, 0), dim = 4:3, dimnames = list(
    c("-2", "-1", "0", "1"), c("A", "G", "T"))), GM11_SNP1 = structure(c(1, 
178, 0, 0, 230, 0), dim = 3:2, dimnames = list(c("-1", "0", "1"
), c("A", "G"))), GM14_SNP1 = structure(c(0, 0, 0, 0, 0, 21, 
540, 0, 0, 0, 2, 0), dim = 4:3, dimnames = list(c("-2", "-1", 
"0", "1"), c("A", "C", "T"))), GM17_SNP1 = structure(c(0, 49, 
244, 0, 0, 3, 289, 0), dim = c(4L, 2L), dimnames = list(c("-2", 
"-1", "0", "1"), c("C", "T"))), GM22_SNP1 = structure(c(0, 391, 
0, 0, 1, 0), dim = 3:2, dimnames = list(c("-1", "0", "1"), c("A", 
"G"))), GM26_SNP1 = structure(c(0, 5, 370, 0, 0, 0, 0, 0), dim = c(4L, 
2L), dimnames = list(c("-2", "-1", "0", "1"), c("A", "G"))), 
    GM29_SNP1 = structure(c(0, 3, 395, 0, 0, 0, 0, 0, 0, 0, 0, 
    0), dim = 4:3, dimnames = list(c("-2", "-1", "0", "1"), c("A", 
    "G", "T"))), IM16_SNP1 = structure(c(0, 0, 0, 0, 1, 475, 
    5, 0), dim = c(4L, 2L), dimnames = list(c("-1", "0", "1", 
    "2"), c("A", "G"))), IM49_SNP1 = structure(c(1, 39, 246, 
    0, 2, 34, 247, 1, 0, 0, 0, 0), dim = 4:3, dimnames = list(
        c("-2", "-1", "0", "1"), c("C", "G", "T"))), LR10_SNP1 = structure(c(0, 
    0, 0, 0, 579, 0), dim = 3:2, dimnames = list(c("-1", "0", 
    "1"), c("C", "T"))), LR11_SNP1 = structure(c(6, 41, 241, 
    0, 0, 0, 3, 233, 1, 0), dim = c(5L, 2L), dimnames = list(
        c("-2", "-1", "0", "1", "2"), c("A", "C"))), LR17_SNP1 = structure(c(1, 
    64, 785, 10, 0, 0, 0, 0, 0, 0), dim = c(5L, 2L), dimnames = list(
        c("-2", "-1", "0", "1", "2"), c("A", "G"))), LR20_SNP1 = structure(c(0, 
    269, 0, 0, 247, 0), dim = 3:2, dimnames = list(c("-1", "0", 
    "1"), c("A", "G"))), LR24_SNP1 = structure(c(6, 565, 0, 13, 
    553, 0), dim = 3:2, dimnames = list(c("-1", "0", "1"), c("A", 
    "G"))), LR36_SNP1 = structure(c(0, 1, 51, 243, 0, 0, 0, 0, 
    0, 0, 0, 0, 0, 0, 0, 0, 0, 0, 272, 4), dim = 5:4, dimnames = list(
        c("-3", "-2", "-1", "0", "1"), c("A", "C", "G", "T"))), 
    LR40_SNP1 = structure(c(32, 181, 0, 0, 1, 224, 0, 0, 0, 0, 
    0, 0), dim = 4:3, dimnames = list(c("-1", "0", "1", "2"), 
        c("A", "C", "T"))), LR44_SNP1 = structure(c(0, 0, 11, 
    223, 1, 0, 0, 0, 1, 0, 0, 21, 24, 208, 0), dim = c(5L, 3L
    ), dimnames = list(c("-3", "-2", "-1", "0", "1"), c("C", 
    "G", "T"))), LR46_SNP1 = structure(c(0, 0, 0, 0, 0, 35, 412, 
    0, 0, 0, 0, 0), dim = 4:3, dimnames = list(c("-3", "-1", 
    "0", "1"), c("A", "G", "T"))), LR48_SNP1 = structure(c(0, 
    1, 0, 0, 0, 0, 1, 431, 0, 0), dim = c(5L, 2L), dimnames = list(
        c("-2", "-1", "0", "1", "2"), c("C", "T"))), LR49_SNP1 = structure(c(0, 
    60, 251, 0, 0, 3, 292, 0), dim = c(4L, 2L), dimnames = list(
        c("-2", "-1", "0", "1"), c("A", "G"))), LR52_SNP1 = structure(c(0, 
    0, 0, 0, 0, 0, 0, 0, 0, 5, 33, 200, 0, 0, 0, 4, 25, 13, 202, 
    0, 0), dim = c(7L, 3L), dimnames = list(c("-5", "-3", "-2", 
    "-1", "0", "1", "2"), c("A", "C", "T"))))
