Result <-
list(DEPDC2_SNP1 = structure(c(0, 33, 265, 0, 0, 140, 160, 0), dim = c(4L, 
2L), dimnames = list(c("-2", "-1", "0", "1"), c("C", "T"))), 
    GM01_SNP1 = structure(c(32, 519, 0, 0, 0, 0), dim = 3:2, dimnames = list(
        c("-1", "0", "1"), c("A", "G"))), GM07_SNP1 = structure(c(0, 
    2, 38, 176, 3, 1, 0, 18, 168, 92, 1, 0), dim = c(6L, 2L), dimnames = list(
        c("-3", "-2", "-1", "0", "1", "2"), c("A", "G"))), GM09_SNP1 = structure(c(0, 
    339, 0, 2, 415, 0, 0, 0, 0), dim = c(3L, 3L), dimnames = list(
        c("-1", "0", "1"), c("A", "G", "T"))), GM11_SNP1 = structure(c(2, 
    155, 197, 0, 0, 0, 0, 0, 0, 0, 0, 0), dim = 4:3, dimnames = list(
        c("-2", "-1", "0", "1"), c("A", "G", "T"))), GM14_SNP1 = structure(c(3, 
    142, 55, 361, 0, 0, 0, 0, 0, 0), dim = c(5L, 2L), dimnames = list(
        c("-3", "-2", "-1", "0", "1"), c("C", "T"))), GM17_SNP1 = structure(c(0, 
    0, 0, 8, 550, 0), dim = 3:2, dimnames = list(c("-1", "0", 
    "1"), c("C", "T"))), GM22_SNP1 = structure(c(0, 2, 190, 0, 
    0, 99, 91, 0), dim = c(4L, 2L), dimnames = list(c("-2", "-1", 
    "0", "1"), c("A", "G"))), GM26_SNP1 = structure(c(1, 89, 
    235, 0), dim = c(4L, 1L), dimnames = list(c("-2", "-1", "0", 
    "1"), "A")), GM29_SNP1 = structure(c(0, 76, 292, 0), dim = c(4L, 
    1L), dimnames = list(c("-2", "-1", "0", "1"), "A")), IM16_SNP1 = structure(c(0, 
    163, 59, 0, 112, 107, 1, 0), dim = c(4L, 2L), dimnames = list(
        c("-1", "0", "1", "2"), c("A", "G"))), IM49_SNP1 = structure(c(8, 
    153, 132, 0, 3, 122, 115, 0), dim = c(4L, 2L), dimnames = list(
        c("-2", "-1", "0", "1"), c("C", "G"))), LR10_SNP1 = structure(c(9, 
    249, 0, 2, 268, 0), dim = 3:2, dimnames = list(c("-1", "0", 
    "1"), c("C", "T"))), LR11_SNP1 = structure(c(0, 0, 0, 0, 
    0, 1, 16, 476, 2, 0), dim = c(5L, 2L), dimnames = list(c("-2", 
    "-1", "0", "1", "2"), c("A", "C"))), LR17_SNP1 = structure(c(3, 
    252, 34, 520, 49, 0, 0, 0, 0, 0, 0, 0), dim = c(6L, 2L), dimnames = list(
        c("-3", "-2", "-1", "0", "1", "2"), c("A", "G"))), LR20_SNP1 = structure(c(2, 
    135, 356, 0, 0, 0, 0, 0), dim = c(4L, 2L), dimnames = list(
        c("-2", "-1", "0", "1"), c("A", "G"))), LR24_SNP1 = structure(c(0, 
    1, 1, 0, 3, 243, 842, 1), dim = c(4L, 2L), dimnames = list(
        c("-2", "-1", "0", "1"), c("A", "G"))), LR36_SNP1 = structure(c(0, 
    0, 10, 145, 157, 0, 0, 37, 74, 2, 143, 0), dim = c(6L, 2L
    ), dimnames = list(c("-4", "-3", "-2", "-1", "0", "1"), c("A", 
    "T"))), LR40_SNP1 = structure(c(7, 398, 0), dim = c(3L, 1L
    ), dimnames = list(c("-1", "0", "1"), "C")), LR44_SNP1 = structure(c(0, 
    115, 0, 1, 104, 1, 0, 0, 0, 0, 0, 0, 0, 0, 0, 5, 105, 2, 
    120, 0, 1), dim = c(7L, 3L), dimnames = list(c("-4", "-3", 
    "-2", "-1", "0", "1", "4"), c("C", "G", "T"))), LR46_SNP1 = structure(c(0, 
    258, 0, 2, 166, 0), dim = 3:2, dimnames = list(c("-1", "0", 
    "1"), c("G", "T"))), LR48_SNP1 = structure(c(0, 8, 390, 8, 
    0, 0, 0, 0), dim = c(4L, 2L), dimnames = list(c("-2", "-1", 
    "0", "1"), c("C", "T"))), LR49_SNP1 = structure(c(0, 302, 
    0, 2, 264, 0, 0, 0, 0), dim = c(3L, 3L), dimnames = list(
        c("-1", "0", "1"), c("A", "G", "T"))), LR52_SNP1 = structure(c(0, 
    21, 114, 2, 127, 0, 0, 8, 95, 5, 116, 0), dim = c(6L, 2L), dimnames = list(
        c("-4", "-3", "-2", "-1", "0", "1"), c("C", "T"))))
