Result <-
list(DEPDC2_SNP1 = structure(c(2, 227, 1, 0, 276, 0), dim = 3:2, dimnames = list(
    c("-1", "0", "1"), c("C", "T"))), GM01_SNP1 = structure(c(1, 
176, 0, 13, 359, 0), dim = 3:2, dimnames = list(c("-1", "0", 
"1"), c("A", "G"))), GM07_SNP1 = structure(c(0, 42, 52, 139, 
1, 0, 0, 4, 55, 123, 0, 0), dim = c(6L, 2L), dimnames = list(
    c("-3", "-2", "-1", "0", "1", "2"), c("A", "G"))), GM09_SNP1 = structure(c(2, 
326, 0, 3, 277, 0), dim = 3:2, dimnames = list(c("-1", "0", "1"
), c("A", "G"))), GM11_SNP1 = structure(c(0, 3, 273, 16, 30, 
0, 0, 0, 0, 0, 0, 0), dim = c(6L, 2L), dimnames = list(c("-2", 
"-1", "0", "1", "2", "3"), c("A", "G"))), GM14_SNP1 = structure(c(0, 
0, 0, 0, 0, 0, 0, 82, 75, 361, 1, 0), dim = c(6L, 2L), dimnames = list(
    c("-3", "-2", "-1", "0", "1", "2"), c("A", "C"))), GM17_SNP1 = structure(c(5, 
62, 481, 1, 0, 0, 1, 0), dim = c(4L, 2L), dimnames = list(c("-2", 
"-1", "0", "1"), c("C", "T"))), GM22_SNP1 = structure(c(3, 346, 
0, 0, 0, 0), dim = 3:2, dimnames = list(c("-1", "0", "1"), c("A", 
"G"))), GM26_SNP1 = structure(c(0, 219, 0, 0, 0, 0), dim = 3:2, dimnames = list(
    c("-1", "0", "1"), c("A", "G"))), GM29_SNP1 = structure(c(0, 
16, 137, 1, 0, 2, 180, 0), dim = c(4L, 2L), dimnames = list(c("-2", 
"-1", "0", "1"), c("A", "G"))), IM16_SNP1 = structure(c(0, 1, 
175, 0, 0, 0, 0, 0, 0, 0, 0, 60, 151, 0, 0, 0, 0, 0, 0, 0), dim = 5:4, dimnames = list(
    c("-2", "-1", "0", "1", "2"), c("A", "C", "G", "T"))), IM49_SNP1 = structure(c(0, 
14, 55, 164, 0, 0, 0, 1, 31, 225, 0, 0), dim = c(6L, 2L), dimnames = list(
    c("-3", "-2", "-1", "0", "1", "2"), c("C", "G"))), LR10_SNP1 = structure(c(1, 
229, 0, 0, 246, 0), dim = 3:2, dimnames = list(c("-1", "0", "1"
), c("C", "T"))), LR11_SNP1 = structure(c(3, 76, 323, 1), dim = c(4L, 
1L), dimnames = list(c("-2", "-1", "0", "1"), "C")), LR17_SNP1 = structure(c(2, 
56, 666, 3, 0, 0, 0, 0), dim = c(4L, 2L), dimnames = list(c("-2", 
"-1", "0", "1"), c("A", "G"))), LR20_SNP1 = structure(c(0, 220, 
0, 0, 233, 0), dim = 3:2, dimnames = list(c("-1", "0", "1"), 
    c("A", "G"))), LR24_SNP1 = structure(c(0, 1, 0, 16, 948, 
0), dim = 3:2, dimnames = list(c("-1", "0", "1"), c("A", "G"))), 
    LR36_SNP1 = structure(c(0, 0, 0, 0, 0, 1, 81, 40, 410, 0), dim = c(5L, 
    2L), dimnames = list(c("-3", "-2", "-1", "0", "1"), c("A", 
    "T"))), LR40_SNP1 = structure(c(0, 5, 363, 0), dim = c(4L, 
    1L), dimnames = list(c("-3", "-1", "0", "1"), "C")), LR44_SNP1 = structure(c(0, 
    16, 63, 9, 246, 3, 0, 0, 0, 0, 0, 0, 2, 0, 0, 0, 0, 0, 1, 
    0, 6, 0, 0, 0), dim = c(8L, 3L), dimnames = list(c("-4", 
    "-3", "-2", "-1", "0", "1", "2", "3"), c("C", "G", "T"))), 
    LR46_SNP1 = structure(c(45, 134, 0, 51, 122, 0), dim = 3:2, dimnames = list(
        c("-1", "0", "1"), c("G", "T"))), LR48_SNP1 = structure(c(1, 
    99, 255, 0), dim = c(4L, 1L), dimnames = list(c("-2", "-1", 
    "0", "1"), "C")), LR49_SNP1 = structure(c(0, 0, 0, 5, 469, 
    0), dim = 3:2, dimnames = list(c("-1", "0", "1"), c("A", 
    "G"))), LR52_SNP1 = structure(c(0, 24, 6, 20, 3, 127, 0, 
    0, 0, 0, 30, 12, 141, 0), dim = c(7L, 2L), dimnames = list(
        c("-5", "-4", "-3", "-2", "-1", "0", "1"), c("C", "T"
        ))))
