Result <-
list(DEPDC2_SNP1 = structure(c(0, 0, 0, 0, 508, 1), dim = 3:2, dimnames = list(
    c("-1", "0", "1"), c("C", "T"))), GM01_SNP1 = structure(c(112, 
304, 0, 0, 0, 0), dim = 3:2, dimnames = list(c("-1", "0", "1"
), c("A", "G"))), GM07_SNP1 = structure(c(0, 89, 90, 215, 1, 
0, 0, 0, 0, 0), dim = c(5L, 2L), dimnames = list(c("-3", "-2", 
"-1", "0", "1"), c("A", "G"))), GM09_SNP1 = structure(c(1, 551, 
0, 0, 1, 0), dim = 3:2, dimnames = list(c("-1", "0", "1"), c("A", 
"G"))), GM11_SNP1 = structure(c(11, 283, 0, 0, 0, 0), dim = 3:2, dimnames = list(
    c("-1", "0", "1"), c("A", "G"))), GM14_SNP1 = structure(c(0, 
31, 207, 0, 1, 101, 119, 0), dim = c(4L, 2L), dimnames = list(
    c("-2", "-1", "0", "1"), c("C", "T"))), GM17_SNP1 = structure(c(0, 
0, 1, 0, 0, 3, 465, 1), dim = c(4L, 2L), dimnames = list(c("-2", 
"-1", "0", "1"), c("C", "T"))), GM22_SNP1 = structure(c(1, 239, 
53, 0, 0, 0, 0, 0), dim = c(4L, 2L), dimnames = list(c("-1", 
"0", "1", "2"), c("A", "G"))), GM26_SNP1 = structure(c(0, 4, 
280, 1, 0, 0, 1, 0), dim = c(4L, 2L), dimnames = list(c("-2", 
"-1", "0", "1"), c("A", "G"))), GM29_SNP1 = structure(c(0, 2, 
133, 0, 0, 0, 128, 0), dim = c(4L, 2L), dimnames = list(c("-3", 
"-1", "0", "1"), c("A", "G"))), IM16_SNP1 = structure(c(0, 0, 
1, 0, 102, 4, 252, 0), dim = c(4L, 2L), dimnames = list(c("-2", 
"-1", "0", "1"), c("A", "G"))), IM49_SNP1 = structure(c(0, 14, 
206, 1, 0, 0, 16, 164, 9, 0), dim = c(5L, 2L), dimnames = list(
    c("-2", "-1", "0", "1", "2"), c("C", "G"))), LR10_SNP1 = structure(c(9, 
91, 111, 0, 0, 103, 133, 0), dim = c(4L, 2L), dimnames = list(
    c("-2", "-1", "0", "1"), c("C", "T"))), LR11_SNP1 = structure(c(0, 
0, 0, 0, 0, 0, 3, 426, 1, 0, 0, 0, 0, 0, 0, 0, 0, 0, 0, 0), dim = 5:4, dimnames = list(
    c("-2", "-1", "0", "1", "2"), c("-", "A", "C", "G"))), LR17_SNP1 = structure(c(0, 
156, 531, 0, 0, 0, 0, 0), dim = c(4L, 2L), dimnames = list(c("-2", 
"-1", "0", "1"), c("A", "C"))), LR20_SNP1 = structure(c(0, 1, 
0, 0, 0, 0, 100, 308, 0, 0, 0, 0), dim = 3:4, dimnames = list(
    c("-1", "0", "1"), c("A", "C", "G", "T"))), LR24_SNP1 = structure(c(2, 
178, 592, 1, 0, 0, 0, 0), dim = c(4L, 2L), dimnames = list(c("-2", 
"-1", "0", "1"), c("A", "G"))), LR36_SNP1 = structure(c(0, 95, 
2, 233, 83, 5, 0, 0, 0, 0, 0, 0, 0, 0), dim = c(7L, 2L), dimnames = list(
    c("-3", "-2", "-1", "0", "1", "2", "3"), c("A", "T"))), LR40_SNP1 = structure(c(0, 
4, 152, 0, 0, 83, 85, 0, 0, 0, 0, 0), dim = 4:3, dimnames = list(
    c("-2", "-1", "0", "1"), c("A", "C", "T"))), LR44_SNP1 = structure(c(0, 
0, 0, 1, 0, 0, 23, 73, 255, 0, 0, 0, 0, 2, 0, 0, 0, 0, 4, 0), dim = 5:4, dimnames = list(
    c("-3", "-2", "-1", "0", "1"), c("-", "C", "G", "T"))), LR46_SNP1 = structure(c(0, 
155, 1, 2, 169, 0), dim = 3:2, dimnames = list(c("-1", "0", "1"
), c("G", "T"))), LR48_SNP1 = structure(c(0, 0, 9, 143, 0, 0, 
0, 32, 193, 0), dim = c(5L, 2L), dimnames = list(c("-3", "-2", 
"-1", "0", "1"), c("C", "T"))), LR49_SNP1 = structure(c(0, 0, 
229, 0, 128, 111, 0, 0, 0), dim = c(3L, 3L), dimnames = list(
    c("-2", "-1", "0"), c("A", "G", "T"))), LR52_SNP1 = structure(c(0, 
0, 0, 0, 0, 0, 0, 0, 81, 5, 98, 0, 0, 3, 72, 1, 97, 0), dim = c(6L, 
3L), dimnames = list(c("-4", "-3", "-2", "-1", "0", "1"), c("-", 
"C", "T"))))
