Result <-
list(DEPDC2_SNP1 = structure(c(0, 0, 0, 0, 1, 254, 440, 1), dim = c(4L, 
2L), dimnames = list(c("-2", "-1", "0", "1"), c("C", "T"))), 
    GM01_SNP1 = structure(c(2, 347, 1, 0, 1, 389, 12, 0), dim = c(4L, 
    2L), dimnames = list(c("-1", "0", "1", "2"), c("A", "G"))), 
    GM07_SNP1 = structure(c(0, 0, 1, 0, 0, 51, 249, 338, 2, 1
    ), dim = c(5L, 2L), dimnames = list(c("-2", "-1", "0", "1", 
    "2"), c("A", "G"))), GM09_SNP1 = structure(c(2, 453, 0, 3, 
    360, 0), dim = 3:2, dimnames = list(c("-1", "0", "1"), c("A", 
    "G"))), GM11_SNP1 = structure(c(0, 134, 606, 1, 0, 0, 0, 
    0), dim = c(4L, 2L), dimnames = list(c("-2", "-1", "0", "1"
    ), c("A", "G"))), GM14_SNP1 = structure(c(0, 0, 0, 0, 0, 
    0, 0, 0, 0, 1, 0, 52, 196, 542, 0), dim = c(5L, 3L), dimnames = list(
        c("-3", "-2", "-1", "0", "1"), c("A", "C", "T"))), GM17_SNP1 = structure(c(0, 
    14, 355, 0, 0, 0, 1, 385, 0, 0), dim = c(5L, 2L), dimnames = list(
        c("-2", "-1", "0", "1", "2"), c("C", "T"))), GM22_SNP1 = structure(c(0, 
    151, 478, 0, 0, 0, 0, 0, 0, 0), dim = c(5L, 2L), dimnames = list(
        c("-2", "-1", "0", "1", "2"), c("A", "G"))), GM26_SNP1 = structure(c(0, 
    230, 0, 0, 225, 0), dim = 3:2, dimnames = list(c("-1", "0", 
    "1"), c("A", "G"))), GM29_SNP1 = structure(c(25, 220, 0, 
    2, 266, 0), dim = 3:2, dimnames = list(c("-1", "0", "1"), 
        c("A", "G"))), IM16_SNP1 = structure(c(0, 0, 0, 0, 0, 
    3, 158, 449, 2, 0), dim = c(5L, 2L), dimnames = list(c("-2", 
    "-1", "0", "1", "2"), c("A", "G"))), IM49_SNP1 = structure(c(0, 
    0, 0, 0, 0, 0, 1, 210, 111, 613, 1, 0, 0, 0, 0, 1, 0, 0, 
    0, 0, 0, 0, 0, 0), dim = c(6L, 4L), dimnames = list(c("-3", 
    "-2", "-1", "0", "1", "2"), c("A", "C", "G", "T"))), LR10_SNP1 = structure(c(0, 
    0, 0, 0, 0, 68, 1079, 0), dim = c(4L, 2L), dimnames = list(
        c("-2", "-1", "0", "1"), c("C", "T"))), LR11_SNP1 = structure(c(0, 
    0, 0, 1, 0, 0, 0, 214, 697, 0, 0, 0, 0, 0, 0, 0, 0, 0, 0, 
    0), dim = 5:4, dimnames = list(c("-3", "-2", "-1", "0", "1"
    ), c("A", "C", "G", "T"))), LR17_SNP1 = structure(c(0, 0, 
    0, 0, 0, 0, 0, 0, 3, 254, 263, 506, 0, 0), dim = c(7L, 2L
    ), dimnames = list(c("-4", "-3", "-2", "-1", "0", "1", "2"
    ), c("-", "A"))), LR20_SNP1 = structure(c(0, 5, 307, 0, 0, 
    1, 314, 0), dim = c(4L, 2L), dimnames = list(c("-3", "-1", 
    "0", "1"), c("A", "G"))), LR24_SNP1 = structure(c(0, 248, 
    849, 0, 0, 0, 0, 0, 0, 0, 0, 0), dim = 4:3, dimnames = list(
        c("-2", "-1", "0", "1"), c("A", "G", "T"))), LR36_SNP1 = structure(c(0, 
    6, 143, 193, 0, 0, 0, 0, 0, 0, 0, 40, 104, 166, 1), dim = c(5L, 
    3L), dimnames = list(c("-3", "-2", "-1", "0", "1"), c("A", 
    "C", "T"))), LR40_SNP1 = structure(c(0, 62, 424, 1), dim = c(4L, 
    1L), dimnames = list(c("-2", "-1", "0", "1"), "C")), LR44_SNP1 = structure(c(0, 
    0, 0, 1, 0, 0, 0, 0, 0, 8, 84, 211, 0, 0, 0, 0, 0, 0, 1, 
    2, 0, 0, 0, 0, 0, 0, 25, 329, 1, 0, 1, 0), dim = c(8L, 4L
    ), dimnames = list(c("-3", "-2", "-1", "0", "1", "2", "3", 
    "5"), c("-", "C", "G", "T"))), LR46_SNP1 = structure(c(0, 
    0, 0, 0, 0, 0, 0, 0, 0, 0, 0, 0, 0, 9, 715, 1), dim = c(4L, 
    4L), dimnames = list(c("-2", "-1", "0", "1"), c("A", "C", 
    "G", "T"))), LR48_SNP1 = structure(c(0, 1, 99, 114, 0, 0, 
    0, 102, 23, 123, 0, 0), dim = c(6L, 2L), dimnames = list(
        c("-3", "-2", "-1", "0", "1", "2"), c("C", "T"))), LR49_SNP1 = structure(c(0, 
    0, 0, 181, 501, 0, 0, 0, 0), dim = c(3L, 3L), dimnames = list(
        c("-1", "0", "1"), c("A", "G", "T"))), LR52_SNP1 = structure(c(0, 
    0, 0, 0, 0, 0, 0, 6, 172, 116, 3, 328, 0, 0), dim = c(7L, 
    2L), dimnames = list(c("-4", "-3", "-2", "-1", "0", "1", 
    "2"), c("C", "T"))))
