Result <-
list(DEPDC2_SNP1 = structure(c(0, 0, 0, 0, 2, 306, 1, 0, 0, 329, 
0, 0), dim = 4:3, dimnames = list(c("-1", "0", "1", "2"), c("A", 
"C", "T"))), GM01_SNP1 = structure(c(3, 768, 1, 0, 1, 0), dim = 3:2, dimnames = list(
    c("-1", "0", "1"), c("A", "G"))), GM07_SNP1 = structure(c(0, 
0, 0, 0, 0, 1, 155, 170, 2, 0, 13, 167, 145, 0, 0), dim = c(5L, 
3L), dimnames = list(c("-2", "-1", "0", "1", "2"), c("-", "A", 
"G"))), GM09_SNP1 = structure(c(5, 52, 1, 0, 0, 1, 0, 0), dim = c(4L, 
2L), dimnames = list(c("-1", "0", "1", "2"), c("A", "G"))), GM11_SNP1 = structure(c(0, 
214, 533, 1, 0, 0, 1, 0), dim = c(4L, 2L), dimnames = list(c("-2", 
"-1", "0", "1"), c("A", "G"))), GM14_SNP1 = structure(c(0, 0, 
0, 0, 0, 7, 386, 395, 0, 0), dim = c(5L, 2L), dimnames = list(
    c("-2", "-1", "0", "1", "2"), c("C", "T"))), GM17_SNP1 = structure(c(3, 
397, 0, 17, 413, 0), dim = 3:2, dimnames = list(c("-1", "0", 
"1"), c("C", "T"))), GM22_SNP1 = structure(c(0, 5, 723, 0, 0, 
0, 0, 0), dim = c(4L, 2L), dimnames = list(c("-2", "-1", "0", 
"1"), c("A", "G"))), GM26_SNP1 = structure(c(0, 119, 367, 0, 
0, 0, 0, 0), dim = c(4L, 2L), dimnames = list(c("-2", "-1", "0", 
"1"), c("A", "G"))), GM29_SNP1 = structure(c(0, 0, 4, 275, 0, 
0, 140, 0, 125, 0), dim = c(5L, 2L), dimnames = list(c("-3", 
"-2", "-1", "0", "1"), c("A", "G"))), IM16_SNP1 = structure(c(0, 
1, 0, 0, 3, 604, 1, 0), dim = c(4L, 2L), dimnames = list(c("-1", 
"0", "1", "2"), c("A", "G"))), IM49_SNP1 = structure(c(0, 172, 
18, 160, 0, 0, 0, 0, 8, 313, 2, 0), dim = c(6L, 2L), dimnames = list(
    c("-3", "-2", "-1", "0", "1", "2"), c("C", "G"))), LR10_SNP1 = structure(c(9, 
570, 2, 0, 0, 0, 5, 553, 0), dim = c(3L, 3L), dimnames = list(
    c("-1", "0", "1"), c("C", "G", "T"))), LR11_SNP1 = structure(c(0, 
0, 0, 1, 0, 0, 0, 1, 23, 828, 7, 0), dim = c(6L, 2L), dimnames = list(
    c("-3", "-2", "-1", "0", "1", "2"), c("A", "C"))), LR17_SNP1 = structure(c(13, 
467, 407, 3, 0, 0, 0, 0, 0, 0, 0, 0), dim = 4:3, dimnames = list(
    c("-2", "-1", "0", "1"), c("A", "G", "T"))), LR20_SNP1 = structure(c(0, 
0, 0, 0, 0, 140, 470, 0), dim = c(4L, 2L), dimnames = list(c("-2", 
"-1", "0", "1"), c("A", "G"))), LR24_SNP1 = structure(c(0, 0, 
0, 1, 0, 0, 0, 240, 1006, 0), dim = c(5L, 2L), dimnames = list(
    c("-3", "-2", "-1", "0", "1"), c("A", "G"))), LR36_SNP1 = structure(c(0, 
0, 0, 0, 0, 0, 0, 0, 0, 2, 447, 12, 133, 2), dim = c(7L, 2L), dimnames = list(
    c("-3", "-2", "-1", "0", "1", "2", "3"), c("A", "T"))), LR40_SNP1 = structure(c(130, 
356, 0), dim = c(3L, 1L), dimnames = list(c("-1", "0", "1"), 
    "C")), LR44_SNP1 = structure(c(0, 0, 1, 0, 0, 0, 0, 0, 0, 
0, 0, 1, 1, 0, 0, 0, 0, 8, 116, 3, 147, 1, 0, 0, 0, 0, 0, 0, 
1, 0, 0, 0, 0, 0, 4, 56, 236, 3, 0, 0), dim = c(8L, 5L), dimnames = list(
    c("-4", "-3", "-2", "-1", "0", "1", "2", "4"), c("-", "A", 
    "C", "G", "T"))), LR46_SNP1 = structure(c(0, 38, 866, 0, 
0, 0, 0, 0), dim = c(4L, 2L), dimnames = list(c("-2", "-1", "0", 
"1"), c("G", "T"))), LR48_SNP1 = structure(c(0, 1, 160, 451, 
0, 0, 0, 0, 0, 0, 0, 0), dim = c(6L, 2L), dimnames = list(c("-3", 
"-2", "-1", "0", "1", "2"), c("C", "T"))), LR49_SNP1 = structure(c(1, 
186, 442, 0, 0, 1), dim = 3:2, dimnames = list(c("-2", "-1", 
"0"), c("A", "G"))), LR52_SNP1 = structure(c(0, 11, 179, 5, 143, 
0, 0, 9, 167, 6, 135, 0), dim = c(6L, 2L), dimnames = list(c("-4", 
"-3", "-2", "-1", "0", "1"), c("C", "T"))))
