Result <-
list(DEPDC2_SNP1 = structure(c(0, 0, 0, 0, 1, 608, 7, 0), dim = c(4L, 
2L), dimnames = list(c("-1", "0", "1", "2"), c("C", "T"))), GM01_SNP1 = structure(c(0, 
217, 711, 1, 0, 0, 0, 0), dim = c(4L, 2L), dimnames = list(c("-2", 
"-1", "0", "1"), c("A", "G"))), GM07_SNP1 = structure(c(0, 0, 
0, 0, 0, 26, 231, 385, 2, 0), dim = c(5L, 2L), dimnames = list(
    c("-2", "-1", "0", "1", "2"), c("A", "G"))), GM09_SNP1 = structure(c(213, 
272, 0, 0, 461, 0), dim = 3:2, dimnames = list(c("-1", "0", "1"
), c("A", "G"))), GM11_SNP1 = structure(c(0, 109, 355, 0, 0, 
179, 279, 1), dim = c(4L, 2L), dimnames = list(c("-2", "-1", 
"0", "1"), c("A", "G"))), GM14_SNP1 = structure(c(1, 196, 1, 
211, 1, 0, 1, 59, 330, 0), dim = c(5L, 2L), dimnames = list(c("-3", 
"-2", "-1", "0", "1"), c("C", "T"))), GM17_SNP1 = structure(c(1, 
17, 377, 0, 0, 0, 19, 358, 0, 0), dim = c(5L, 2L), dimnames = list(
    c("-2", "-1", "0", "1", "2"), c("C", "T"))), GM22_SNP1 = structure(c(0, 
48, 730, 1, 0, 0, 0, 0), dim = c(4L, 2L), dimnames = list(c("-2", 
"-1", "0", "1"), c("A", "G"))), GM26_SNP1 = structure(c(1, 39, 
560, 0, 0, 0, 1, 0), dim = c(4L, 2L), dimnames = list(c("-2", 
"-1", "0", "1"), c("A", "G"))), GM29_SNP1 = structure(c(0, 118, 
415, 3, 0, 0, 0, 0), dim = c(4L, 2L), dimnames = list(c("-2", 
"-1", "0", "1"), c("A", "G"))), IM16_SNP1 = structure(c(0, 0, 
0, 0, 131, 615, 25, 0), dim = c(4L, 2L), dimnames = list(c("-1", 
"0", "1", "2"), c("A", "G"))), IM49_SNP1 = structure(c(29, 129, 
337, 1, 0, 0, 1, 0), dim = c(4L, 2L), dimnames = list(c("-2", 
"-1", "0", "1"), c("C", "G"))), LR10_SNP1 = structure(c(0, 0, 
0, 0, 0, 0, 0, 0, 0, 0, 0, 139, 190, 842, 0), dim = c(5L, 3L), dimnames = list(
    c("-3", "-2", "-1", "0", "1"), c("A", "C", "T"))), LR11_SNP1 = structure(c(0, 
14, 563, 1, 0, 0, 120, 351, 0, 0), dim = c(5L, 2L), dimnames = list(
    c("-2", "-1", "0", "1", "2"), c("A", "C"))), LR17_SNP1 = structure(c(1, 
22, 423, 672, 2, 0, 0, 0, 0, 0), dim = c(5L, 2L), dimnames = list(
    c("-3", "-2", "-1", "0", "1"), c("A", "G"))), LR20_SNP1 = structure(c(2, 
359, 1, 179, 201, 0), dim = 3:2, dimnames = list(c("-1", "0", 
"1"), c("A", "G"))), LR24_SNP1 = structure(c(0, 0, 1, 0, 0, 0, 
43, 976, 0, 0), dim = c(5L, 2L), dimnames = list(c("-2", "-1", 
"0", "1", "2"), c("A", "G"))), LR36_SNP1 = structure(c(1, 56, 
115, 420, 9, 0, 0, 0, 0, 0, 0, 0), dim = c(6L, 2L), dimnames = list(
    c("-3", "-2", "-1", "0", "1", "2"), c("A", "T"))), LR40_SNP1 = structure(c(0, 
0, 0, 0, 51, 127, 391, 1), dim = c(4L, 2L), dimnames = list(c("-2", 
"-1", "0", "1"), c("A", "C"))), LR44_SNP1 = structure(c(0, 0, 
0, 1, 0, 0, 2, 53, 101, 370, 2, 0, 0, 0, 0, 0, 0, 0, 0, 1, 4, 
7, 1, 0), dim = c(6L, 4L), dimnames = list(c("-3", "-2", "-1", 
"0", "1", "2"), c("A", "C", "G", "T"))), LR46_SNP1 = structure(c(0, 
0, 0, 0, 0, 1, 452, 1, 0, 230, 214, 1), dim = 4:3, dimnames = list(
    c("-2", "-1", "0", "1"), c("C", "G", "T"))), LR48_SNP1 = structure(c(0, 
0, 1, 0, 0, 0, 4, 133, 480, 1, 0, 0, 0, 1, 0), dim = c(5L, 3L
), dimnames = list(c("-3", "-2", "-1", "0", "1"), c("A", "C", 
"T"))), LR49_SNP1 = structure(c(0, 0, 1, 2, 169, 502), dim = 3:2, dimnames = list(
    c("-2", "-1", "0"), c("A", "G"))), LR52_SNP1 = structure(c(0, 
99, 179, 443, 3, 0, 0, 0, 1, 0), dim = c(5L, 2L), dimnames = list(
    c("-3", "-2", "-1", "0", "1"), c("C", "T"))))
