Result <-
list(DEPDC2_SNP1 = structure(c(2, 344, 0, 0, 402, 0), dim = 3:2, dimnames = list(
    c("-1", "0", "1"), c("C", "T"))), GM01_SNP1 = structure(c(1, 
672, 0, 0, 0, 0, 0, 0), dim = c(4L, 2L), dimnames = list(c("-1", 
"0", "1", "2"), c("A", "G"))), GM07_SNP1 = structure(c(0, 0, 
0, 0, 0, 0, 4, 258, 0, 0, 0, 1, 243, 0, 0), dim = c(5L, 3L), dimnames = list(
    c("-2", "-1", "0", "1", "2"), c("-", "A", "G"))), GM09_SNP1 = structure(c(0, 
966, 0, 0, 0, 0), dim = 3:2, dimnames = list(c("-1", "0", "1"
), c("A", "G"))), GM11_SNP1 = structure(c(0, 0, 228, 0, 0, 0, 
199, 1), dim = c(4L, 2L), dimnames = list(c("-2", "-1", "0", 
"1"), c("A", "G"))), GM14_SNP1 = structure(c(0, 0, 0, 277, 0, 
0, 0, 0, 1, 317, 0, 0), dim = c(6L, 2L), dimnames = list(c("-3", 
"-2", "-1", "0", "1", "2"), c("C", "T"))), GM17_SNP1 = structure(c(0, 
0, 0, 0, 0, 0, 311, 0, 0, 0, 0, 0, 0, 1, 328, 0), dim = c(4L, 
4L), dimnames = list(c("-2", "-1", "0", "1"), c("A", "C", "G", 
"T"))), GM22_SNP1 = structure(c(0, 0, 243, 0, 0, 1, 238, 0), dim = c(4L, 
2L), dimnames = list(c("-2", "-1", "0", "1"), c("A", "G"))), 
    GM26_SNP1 = structure(c(0, 0, 223, 0, 0, 0, 202, 0), dim = c(4L, 
    2L), dimnames = list(c("-2", "-1", "0", "1"), c("A", "G"))), 
    GM29_SNP1 = structure(c(0, 2, 230, 0, 0, 0, 224, 0), dim = c(4L, 
    2L), dimnames = list(c("-2", "-1", "0", "1"), c("A", "G"))), 
    IM16_SNP1 = structure(c(0, 0, 0, 0, 0, 520, 2, 0, 0, 0, 0, 
    0), dim = 4:3, dimnames = list(c("-1", "0", "1", "2"), c("A", 
    "G", "T"))), IM49_SNP1 = structure(c(0, 0, 0, 0, 0, 0, 4, 
    615, 2, 0), dim = c(5L, 2L), dimnames = list(c("-2", "-1", 
    "0", "1", "2"), c("C", "G"))), LR10_SNP1 = structure(c(0, 
    0, 0, 0, 654, 1), dim = 3:2, dimnames = list(c("-1", "0", 
    "1"), c("C", "T"))), LR11_SNP1 = structure(c(0, 0, 1, 347, 
    1, 0, 0, 2, 246, 0), dim = c(5L, 2L), dimnames = list(c("-3", 
    "-2", "-1", "0", "1"), c("A", "C"))), LR17_SNP1 = structure(c(0, 
    0, 5, 784, 2), dim = c(5L, 1L), dimnames = list(c("-3", "-2", 
    "-1", "0", "1"), "A")), LR20_SNP1 = structure(c(0, 502, 0, 
    0, 0, 0, 0, 0), dim = c(4L, 2L), dimnames = list(c("-1", 
    "0", "1", "2"), c("A", "G"))), LR24_SNP1 = structure(c(1, 
    1183, 0, 0, 1, 0), dim = 3:2, dimnames = list(c("-1", "0", 
    "1"), c("A", "G"))), LR36_SNP1 = structure(c(0, 0, 0, 0, 
    0, 4, 698, 0), dim = c(4L, 2L), dimnames = list(c("-2", "-1", 
    "0", "1"), c("A", "T"))), LR40_SNP1 = structure(c(0, 0, 445, 
    0, 0), dim = c(5L, 1L), dimnames = list(c("-2", "-1", "0", 
    "1", "2"), "C")), LR44_SNP1 = structure(c(0, 0, 0, 1, 0, 
    0, 0, 0, 5, 465, 1, 0, 0, 0, 0, 1, 0, 0, 0, 0, 0, 5, 0, 0
    ), dim = c(6L, 4L), dimnames = list(c("-3", "-2", "-1", "0", 
    "1", "2"), c("A", "C", "G", "T"))), LR46_SNP1 = structure(c(0, 
    0, 0, 0, 535, 0, 0, 0, 0), dim = c(3L, 3L), dimnames = list(
        c("-1", "0", "1"), c("A", "G", "T"))), LR48_SNP1 = structure(c(0, 
    1, 226, 0, 0, 1, 289, 1), dim = c(4L, 2L), dimnames = list(
        c("-2", "-1", "0", "1"), c("C", "T"))), LR49_SNP1 = structure(c(0, 
    0, 0, 1, 750, 0), dim = 3:2, dimnames = list(c("-1", "0", 
    "1"), c("A", "G"))), LR52_SNP1 = structure(c(0, 7, 260, 0, 
    0, 1, 247, 0), dim = c(4L, 2L), dimnames = list(c("-2", "-1", 
    "0", "1"), c("C", "T"))))
