Result <-
list(DEPDC2_SNP1 = structure(c(0, 0, 0, 1, 123, 0, 0, 128, 0), dim = c(3L, 
3L), dimnames = list(c("-1", "0", "1"), c("A", "C", "T"))), GM01_SNP1 = structure(c(0, 
0, 146, 0, 0, 0, 0, 1), dim = c(4L, 2L), dimnames = list(c("-2", 
"-1", "0", "1"), c("A", "G"))), GM07_SNP1 = structure(c(0, 0, 
183, 1, 0, 0, 0, 1, 0, 0), dim = c(5L, 2L), dimnames = list(c("-2", 
"-1", "0", "1", "2"), c("A", "G"))), GM09_SNP1 = structure(c(0, 
0, 0, 0, 0, 339, 0, 0, 0, 0, 0, 0), dim = 4:3, dimnames = list(
    c("-1", "0", "1", "2"), c("A", "G", "T"))), GM11_SNP1 = structure(c(0, 
28, 0, 0, 80, 0), dim = 3:2, dimnames = list(c("-1", "0", "1"
), c("A", "G"))), GM14_SNP1 = structure(c(0, 0, 0, 1, 1, 0, 0, 
0, 0, 198, 0, 0), dim = c(6L, 2L), dimnames = list(c("-3", "-2", 
"-1", "0", "1", "2"), c("C", "T"))), GM17_SNP1 = structure(c(0, 
0, 0, 0, 0, 0, 0, 149, 0, 0, 0, 1, 97, 0, 0), dim = c(5L, 3L), dimnames = list(
    c("-2", "-1", "0", "1", "2"), c("A", "C", "T"))), GM22_SNP1 = structure(c(0, 
0, 209, 0, 0, 0, 0, 0, 0, 0, 0, 0), dim = 4:3, dimnames = list(
    c("-2", "-1", "0", "1"), c("A", "G", "T"))), GM26_SNP1 = structure(c(0, 
74, 0, 0, 0, 0), dim = 3:2, dimnames = list(c("-1", "0", "1"), 
    c("A", "G"))), GM29_SNP1 = structure(c(0, 0, 0, 0, 0, 1, 
202, 0, 0, 0, 1, 0), dim = 4:3, dimnames = list(c("-2", "-1", 
"0", "1"), c("-", "A", "G"))), IM16_SNP1 = structure(c(0, 170, 
1, 0, 0, 121, 1, 0, 0, 0, 0, 0), dim = 4:3, dimnames = list(c("-1", 
"0", "1", "2"), c("A", "G", "T"))), IM49_SNP1 = structure(c(0, 
0, 0, 0, 0, 0, 0, 1, 0, 0, 0, 4, 379, 0, 0), dim = c(5L, 3L), dimnames = list(
    c("-2", "-1", "0", "1", "2"), c("A", "C", "G"))), LR10_SNP1 = structure(c(0, 
0, 0, 0, 0, 1, 53, 0, 0, 1, 90, 0), dim = 4:3, dimnames = list(
    c("-2", "-1", "0", "1"), c("A", "C", "T"))), LR11_SNP1 = structure(c(0, 
0, 0, 0, 0, 0, 0, 0, 0, 229, 0, 0, 0, 0, 0, 0, 0, 0), dim = c(6L, 
3L), dimnames = list(c("-3", "-2", "-1", "0", "1", "2"), c("A", 
"C", "T"))), LR17_SNP1 = structure(c(0, 2, 448, 2, 0, 0, 0, 0
), dim = c(4L, 2L), dimnames = list(c("-2", "-1", "0", "1"), 
    c("A", "G"))), LR20_SNP1 = structure(c(0, 0, 159, 0, 0, 0, 
0, 0, 0, 0, 99, 0), dim = 4:3, dimnames = list(c("-2", "-1", 
"0", "1"), c("A", "C", "G"))), LR24_SNP1 = structure(c(0, 0, 
0, 0, 219, 0, 0, 232, 0, 0, 0, 0), dim = 3:4, dimnames = list(
    c("-1", "0", "1"), c("-", "A", "G", "T"))), LR36_SNP1 = structure(c(0, 
0, 0, 0, 0, 0, 0, 0, 0, 0, 0, 0, 1, 273, 1), dim = c(5L, 3L), dimnames = list(
    c("-5", "-2", "-1", "0", "1"), c("A", "C", "T"))), LR40_SNP1 = structure(c(0, 
41, 0, 1, 86, 0, 0, 0, 0, 0, 0, 0), dim = 3:4, dimnames = list(
    c("-1", "0", "1"), c("A", "C", "G", "T"))), LR44_SNP1 = structure(c(0, 
3, 116, 0, 0, 0, 4, 0), dim = c(4L, 2L), dimnames = list(c("-2", 
"-1", "0", "1"), c("C", "T"))), LR46_SNP1 = structure(c(0, 173, 
0, 0, 1, 0), dim = 3:2, dimnames = list(c("-1", "0", "1"), c("G", 
"T"))), LR48_SNP1 = structure(c(0, 0, 0, 0, 0, 0, 0, 0, 2, 169, 
0, 0, 0, 0, 0, 0, 0, 0), dim = c(6L, 3L), dimnames = list(c("-3", 
"-2", "-1", "0", "1", "2"), c("A", "C", "T"))), LR49_SNP1 = structure(c(0, 
0, 162, 0, 0, 0, 131, 0, 0, 0, 0, 0), dim = 4:3, dimnames = list(
    c("-2", "-1", "0", "1"), c("A", "G", "T"))), LR52_SNP1 = structure(c(0, 
0, 0, 72, 0, 0, 0, 0, 37, 0), dim = c(5L, 2L), dimnames = list(
    c("-3", "-2", "-1", "0", "1"), c("C", "T"))))
