Result <-
list(DEPDC2_SNP1 = structure(c(0, 226, 0, 0, 226, 0), dim = 3:2, dimnames = list(
    c("-1", "0", "1"), c("C", "T"))), GM01_SNP1 = structure(c(0, 
0, 0, 0, 0, 0, 515, 0, 0, 0, 0, 0), dim = 4:3, dimnames = list(
    c("-2", "-1", "0", "1"), c("-", "A", "G"))), GM07_SNP1 = structure(c(0, 
1, 159, 1, 0, 0, 2, 202, 0, 0), dim = c(5L, 2L), dimnames = list(
    c("-2", "-1", "0", "1", "2"), c("A", "G"))), GM09_SNP1 = structure(c(0, 
0, 0, 3, 591, 0, 0, 0, 0), dim = c(3L, 3L), dimnames = list(c("-1", 
"0", "1"), c("A", "G", "T"))), GM11_SNP1 = structure(c(0, 1, 
214, 1, 0, 0, 143, 0), dim = c(4L, 2L), dimnames = list(c("-2", 
"-1", "0", "1"), c("A", "G"))), GM14_SNP1 = structure(c(0, 1, 
213, 0, 0, 0, 160, 0), dim = c(4L, 2L), dimnames = list(c("-2", 
"-1", "0", "1"), c("C", "T"))), GM17_SNP1 = structure(c(0, 0, 
0, 0, 0, 0, 504, 0), dim = c(4L, 2L), dimnames = list(c("-2", 
"-1", "0", "1"), c("C", "T"))), GM22_SNP1 = structure(c(0, 1, 
484, 0, 0, 0, 1, 0, 0, 0, 0, 0), dim = 4:3, dimnames = list(c("-2", 
"-1", "0", "1"), c("A", "G", "T"))), GM26_SNP1 = structure(c(0, 
315, 0, 0, 0, 0), dim = 3:2, dimnames = list(c("-1", "0", "1"
), c("A", "G"))), GM29_SNP1 = structure(c(0, 1, 467, 0, 0, 0, 
0, 0, 0, 0, 0, 0, 0, 0, 0), dim = c(5L, 3L), dimnames = list(
    c("-2", "-1", "0", "1", "2"), c("A", "G", "T"))), IM16_SNP1 = structure(c(0, 
0, 418, 0, 0, 0, 0, 1, 0, 0, 0, 0, 0, 0, 0), dim = c(5L, 3L), dimnames = list(
    c("-2", "-1", "0", "1", "2"), c("A", "G", "T"))), IM49_SNP1 = structure(c(0, 
0, 0, 0, 0, 0, 1, 0, 0, 2, 502, 3), dim = 4:3, dimnames = list(
    c("-2", "-1", "0", "1"), c("A", "C", "G"))), LR10_SNP1 = structure(c(0, 
0, 0, 0, 0, 2, 167, 0, 0, 0, 203, 0), dim = 4:3, dimnames = list(
    c("-2", "-1", "0", "1"), c("A", "C", "T"))), LR11_SNP1 = structure(c(0, 
0, 292, 0, 0, 0, 1, 266, 0, 0, 0, 0, 0, 0, 0), dim = c(5L, 3L
), dimnames = list(c("-2", "-1", "0", "1", "2"), c("A", "C", 
"G"))), LR17_SNP1 = structure(c(0, 3, 705, 1, 0, 0, 0, 0, 0, 
0), dim = c(5L, 2L), dimnames = list(c("-2", "-1", "0", "1", 
"2"), c("A", "G"))), LR20_SNP1 = structure(c(0, 0, 0, 0, 0, 1, 
234, 0, 0, 0, 222, 0, 0, 0, 0, 0), dim = c(4L, 4L), dimnames = list(
    c("-2", "-1", "0", "1"), c("-", "A", "G", "T"))), LR24_SNP1 = structure(c(0, 
0, 0, 699, 1, 0, 0, 0, 0, 1, 0, 0), dim = c(6L, 2L), dimnames = list(
    c("-3", "-2", "-1", "0", "1", "2"), c("A", "G"))), LR36_SNP1 = structure(c(0, 
0, 0, 0, 0, 0, 0, 0, 410, 1), dim = c(5L, 2L), dimnames = list(
    c("-3", "-2", "-1", "0", "1"), c("A", "T"))), LR40_SNP1 = structure(c(0, 
0, 0, 170, 0, 0, 0, 0, 197, 0), dim = c(5L, 2L), dimnames = list(
    c("-3", "-2", "-1", "0", "1"), c("A", "C"))), LR44_SNP1 = structure(c(0, 
2, 257, 0, 0, 0, 0, 2, 0, 0), dim = c(5L, 2L), dimnames = list(
    c("-2", "-1", "0", "1", "2"), c("C", "T"))), LR46_SNP1 = structure(c(0, 
0, 0, 0, 0, 0, 315, 0, 0, 0, 0, 0), dim = 4:3, dimnames = list(
    c("-2", "-1", "0", "1"), c("A", "G", "T"))), LR48_SNP1 = structure(c(0, 
0, 0, 0, 0, 0, 0, 320, 0, 0), dim = c(5L, 2L), dimnames = list(
    c("-2", "-1", "0", "1", "2"), c("A", "C"))), LR49_SNP1 = structure(c(0, 
1, 0, 0, 515, 0), dim = 3:2, dimnames = list(c("-1", "0", "1"
), c("A", "G"))), LR52_SNP1 = structure(c(0, 0, 0, 0, 0, 0, 2, 
286, 1, 0, 0, 0, 2, 0, 0), dim = c(5L, 3L), dimnames = list(c("-2", 
"-1", "0", "1", "2"), c("A", "C", "T"))))
