Result <-
list(DEPDC2_SNP1 = structure(c(0, 0, 96, 33, 11, 0, 0, 139, 0, 
0), dim = c(5L, 2L), dimnames = list(c("-2", "-1", "0", "1", 
"2"), c("C", "T"))), GM01_SNP1 = structure(c(0, 57, 0, 0, 0, 
93, 10, 0, 0, 0, 0, 0), dim = 4:3, dimnames = list(c("-1", "0", 
"1", "2"), c("A", "G", "T"))), GM07_SNP1 = structure(c(0, 0, 
0, 0, 0, 1, 50, 162, 1, 0), dim = c(5L, 2L), dimnames = list(
    c("-2", "-1", "0", "1", "2"), c("A", "G"))), GM09_SNP1 = structure(c(0, 
0, 0, 2, 268, 0), dim = 3:2, dimnames = list(c("-1", "0", "1"
), c("A", "G"))), GM11_SNP1 = structure(c(0, 3, 0, 0, 0, 0), dim = 3:2, dimnames = list(
    c("-1", "0", "1"), c("A", "G"))), GM14_SNP1 = structure(c(0, 
0, 0, 0, 0, 1, 101, 0, 0, 3, 113, 0), dim = 4:3, dimnames = list(
    c("-2", "-1", "0", "1"), c("A", "C", "T"))), GM17_SNP1 = structure(c(0, 
17, 284, 0, 0, 0, 1, 0), dim = c(4L, 2L), dimnames = list(c("-2", 
"-1", "0", "1"), c("C", "T"))), GM22_SNP1 = structure(c(0, 52, 
224, 0, 0, 0, 0, 0), dim = c(4L, 2L), dimnames = list(c("-2", 
"-1", "0", "1"), c("A", "G"))), GM26_SNP1 = structure(c(0, 0, 
0, 90, 0, 0, 0, 0, 102, 0), dim = c(5L, 2L), dimnames = list(
    c("-3", "-2", "-1", "0", "1"), c("A", "G"))), GM29_SNP1 = structure(c(1, 
29, 112, 0, 0, 0, 111, 0, 0, 0, 0, 0), dim = 4:3, dimnames = list(
    c("-2", "-1", "0", "1"), c("A", "G", "T"))), IM16_SNP1 = structure(c(0, 
0, 0, 0, 29, 0), dim = 3:2, dimnames = list(c("-1", "0", "1"), 
    c("A", "G"))), IM49_SNP1 = structure(c(0, 9, 553, 2, 0, 1, 
0, 0, 0, 0, 0, 0), dim = c(6L, 2L), dimnames = list(c("-2", "-1", 
"0", "1", "2", "3"), c("C", "G"))), LR10_SNP1 = structure(c(0, 
0, 0, 0, 1, 2, 240, 2), dim = c(4L, 2L), dimnames = list(c("-2", 
"-1", "0", "1"), c("C", "T"))), LR11_SNP1 = structure(c(0, 0, 
0, 0, 0, 0, 9, 2), dim = c(4L, 2L), dimnames = list(c("-2", "-1", 
"0", "1"), c("A", "C"))), LR17_SNP1 = structure(c(0, 0, 28, 453, 
1, 0, 0, 0, 0, 0, 0, 0), dim = c(6L, 2L), dimnames = list(c("-3", 
"-2", "-1", "0", "1", "2"), c("A", "G"))), LR20_SNP1 = structure(c(0, 
1, 0, 9), dim = c(2L, 2L), dimnames = list(c("-1", "0"), c("A", 
"G"))), LR24_SNP1 = structure(c(0, 0, 38, 0, 0, 0, 35, 0), dim = c(4L, 
2L), dimnames = list(c("-2", "-1", "0", "1"), c("A", "G"))), 
    LR36_SNP1 = structure(c(0, 0, 0, 0, 0, 0, 0, 0, 0, 0, 0, 
    0, 0, 0, 0, 0, 0, 0, 0, 0, 0, 0, 0, 0, 0, 0, 0, 1, 238, 1, 
    0, 0), dim = c(8L, 4L), dimnames = list(c("-4", "-3", "-2", 
    "-1", "0", "1", "2", "4"), c("A", "C", "G", "T"))), LR40_SNP1 = structure(c(0, 
    3), dim = 2:1, dimnames = list(c("-1", "0"), "C")), LR44_SNP1 = structure(c(0, 
    0, 0, 0, 0, 0, 0, 0, 4, 88, 9, 0), dim = c(6L, 2L), dimnames = list(
        c("-3", "-2", "-1", "0", "1", "2"), c("C", "T"))), LR46_SNP1 = structure(c(0, 
    0, 0, 0, 93, 0, 0, 67, 0), dim = c(3L, 3L), dimnames = list(
        c("-1", "0", "1"), c("-", "G", "T"))), LR48_SNP1 = structure(c(0, 
    0, 0, 0, 0, 0, 3, 178, 38, 0, 0, 0, 0, 0, 0), dim = c(5L, 
    3L), dimnames = list(c("-2", "-1", "0", "1", "2"), c("A", 
    "C", "T"))), LR49_SNP1 = structure(c(0, 0, 0, 3, 248, 0, 
    0, 124, 0), dim = c(3L, 3L), dimnames = list(c("-1", "0", 
    "1"), c("-", "A", "G"))), LR52_SNP1 = structure(c(0, 0, 0, 
    0, 1, 0, 0, 0, 0, 0, 0, 0, 0, 1, 26, 17, 78, 0), dim = c(6L, 
    3L), dimnames = list(c("-4", "-3", "-2", "-1", "0", "1"), 
        c("C", "G", "T"))))
