Result <-
list(DEPDC2_SNP1 = structure(c(0, 335, 1, 1, 198, 0), dim = 3:2, dimnames = list(
    c("-1", "0", "1"), c("C", "T"))), GM01_SNP1 = structure(c(0, 
332, 0, 0, 0, 0, 0, 312, 0), dim = c(3L, 3L), dimnames = list(
    c("-1", "0", "1"), c("A", "C", "G"))), GM07_SNP1 = structure(c(0, 
3, 379, 3, 0, 0, 0, 0, 0, 0, 0, 0, 0, 0, 0), dim = c(5L, 3L), dimnames = list(
    c("-2", "-1", "0", "1", "2"), c("A", "G", "T"))), GM09_SNP1 = structure(c(0, 
367, 0, 0, 0, 0, 1, 311, 0, 0, 0, 0), dim = 3:4, dimnames = list(
    c("-1", "0", "1"), c("A", "C", "G", "T"))), GM11_SNP1 = structure(c(0, 
1, 0, 0, 0, 0, 0, 331, 0, 0, 1, 0), dim = 3:4, dimnames = list(
    c("-1", "0", "1"), c("A", "C", "G", "T"))), GM14_SNP1 = structure(c(0, 
0, 4, 477, 0, 0, 0, 0, 0, 0, 0, 0), dim = c(6L, 2L), dimnames = list(
    c("-3", "-2", "-1", "0", "1", "2"), c("C", "T"))), GM17_SNP1 = structure(c(0, 
0, 0, 0, 0, 1, 553, 0), dim = c(4L, 2L), dimnames = list(c("-2", 
"-1", "0", "1"), c("C", "T"))), GM22_SNP1 = structure(c(1, 425, 
0, 0, 0, 0), dim = 3:2, dimnames = list(c("-1", "0", "1"), c("A", 
"G"))), GM26_SNP1 = structure(c(0, 0, 244, 0, 0, 0, 0, 0), dim = c(4L, 
2L), dimnames = list(c("-2", "-1", "0", "1"), c("A", "G"))), 
    GM29_SNP1 = structure(c(0, 1, 405, 0, 0, 0, 2, 0), dim = c(4L, 
    2L), dimnames = list(c("-2", "-1", "0", "1"), c("A", "G"))), 
    IM16_SNP1 = structure(c(0, 0, 0, 0, 0, 0, 1, 426, 1, 0, 0, 
    0), dim = 3:4, dimnames = list(c("-1", "0", "1"), c("A", 
    "C", "G", "T"))), IM49_SNP1 = structure(c(0, 0, 0, 1, 0, 
    0, 0, 0, 0, 1, 261, 0, 0, 0, 0, 0, 1, 223, 2, 0, 0), dim = c(7L, 
    3L), dimnames = list(c("-3", "-2", "-1", "0", "1", "2", "3"
    ), c("A", "C", "G"))), LR10_SNP1 = structure(c(0, 0, 0, 0, 
    0, 201, 0, 0, 0, 223, 0, 0), dim = 4:3, dimnames = list(c("-1", 
    "0", "1", "2"), c("A", "C", "T"))), LR11_SNP1 = structure(c(0, 
    0, 0, 0, 0, 0, 0, 0, 0, 584, 1, 0, 0, 0, 0, 0, 0, 0), dim = c(6L, 
    3L), dimnames = list(c("-3", "-2", "-1", "0", "1", "2"), 
        c("A", "C", "T"))), LR17_SNP1 = structure(c(0, 0, 5, 
    700, 1, 0, 0, 0, 0, 0, 0, 0), dim = c(6L, 2L), dimnames = list(
        c("-3", "-2", "-1", "0", "1", "2"), c("A", "G"))), LR20_SNP1 = structure(c(0, 
    216, 0, 0, 240, 0), dim = 3:2, dimnames = list(c("-1", "0", 
    "1"), c("A", "G"))), LR24_SNP1 = structure(c(0, 261, 0, 0, 
    0, 265, 0, 0), dim = c(4L, 2L), dimnames = list(c("-1", "0", 
    "1", "2"), c("A", "G"))), LR36_SNP1 = structure(c(0, 0, 0, 
    1, 0, 0, 0, 0, 0, 0, 0, 0, 0, 0, 0, 478, 1, 0), dim = c(6L, 
    3L), dimnames = list(c("-3", "-2", "-1", "0", "1", "5"), 
        c("A", "G", "T"))), LR40_SNP1 = structure(c(0, 0, 2, 
    0, 0, 1, 302, 0), dim = c(4L, 2L), dimnames = list(c("-2", 
    "-1", "0", "1"), c("A", "C"))), LR44_SNP1 = structure(c(0, 
    0, 0, 0, 0, 0, 2, 124, 0, 0, 0, 0, 1, 0, 0, 0, 5, 171, 0, 
    0), dim = 5:4, dimnames = list(c("-2", "-1", "0", "1", "2"
    ), c("A", "C", "G", "T"))), LR46_SNP1 = structure(c(1, 272, 
    0, 1, 2, 0), dim = 3:2, dimnames = list(c("-1", "0", "1"), 
        c("G", "T"))), LR48_SNP1 = structure(c(0, 0, 258, 0, 
    0, 1, 177, 0), dim = c(4L, 2L), dimnames = list(c("-2", "-1", 
    "0", "1"), c("C", "T"))), LR49_SNP1 = structure(c(0, 1, 1, 
    440), dim = c(2L, 2L), dimnames = list(c("-1", "0"), c("A", 
    "G"))), LR52_SNP1 = structure(c(0, 0, 9, 125, 0, 0, 0, 1, 
    126, 1), dim = c(5L, 2L), dimnames = list(c("-3", "-2", "-1", 
    "0", "1"), c("C", "T"))))
