Result <-
list(DEPDC2_SNP1 = structure(c(0, 0, 0, 0, 186, 1, 0, 0, 0, 0, 
879, 1), dim = 3:4, dimnames = list(c("-1", "0", "1"), c("A", 
"C", "G", "T"))), GM01_SNP1 = structure(c(0, 1, 613, 0, 0, 1, 
856, 0, 0, 0, 0, 0), dim = 4:3, dimnames = list(c("-2", "-1", 
"0", "1"), c("A", "G", "T"))), GM07_SNP1 = structure(c(0, 0, 
0, 0, 0, 0, 4, 500, 2, 0, 0, 3, 340, 0, 0, 0, 0, 0, 0, 0), dim = 5:4, dimnames = list(
    c("-2", "-1", "0", "1", "2"), c("-", "A", "G", "T"))), GM09_SNP1 = structure(c(3, 
934, 0, 0, 453, 0), dim = 3:2, dimnames = list(c("-1", "0", "1"
), c("A", "G"))), GM11_SNP1 = structure(c(0, 0, 0, 0, 0, 0, 0, 
0, 0, 1, 1049, 0, 0, 0, 0, 0), dim = c(4L, 4L), dimnames = list(
    c("-2", "-1", "0", "1"), c("A", "C", "G", "T"))), GM14_SNP1 = structure(c(0, 
0, 0, 0, 0, 0, 0, 0, 4, 1076, 1, 0, 0, 0, 0, 0, 0, 0, 0, 0, 0, 
1, 0, 0), dim = c(6L, 4L), dimnames = list(c("-3", "-2", "-1", 
"0", "1", "2"), c("A", "C", "G", "T"))), GM17_SNP1 = structure(c(0, 
0, 0, 0, 0, 2, 1144, 0, 0, 0, 1, 0), dim = 4:3, dimnames = list(
    c("-2", "-1", "0", "1"), c("A", "C", "T"))), GM22_SNP1 = structure(c(0, 
0, 657, 0, 0, 0, 0, 443, 0, 0), dim = c(5L, 2L), dimnames = list(
    c("-2", "-1", "0", "1", "2"), c("A", "G"))), GM26_SNP1 = structure(c(0, 
1, 764, 0, 0, 0, 0, 0, 0, 0), dim = c(5L, 2L), dimnames = list(
    c("-2", "-1", "0", "1", "2"), c("A", "G"))), GM29_SNP1 = structure(c(0, 
1, 815, 0, 0, 0, 0, 0), dim = c(4L, 2L), dimnames = list(c("-2", 
"-1", "0", "1"), c("A", "G"))), IM16_SNP1 = structure(c(1, 637, 
0, 1, 253, 0, 0, 0, 0), dim = c(3L, 3L), dimnames = list(c("-1", 
"0", "1"), c("A", "G", "T"))), IM49_SNP1 = structure(c(0, 3, 
298, 2, 0, 0, 1, 292, 0, 0), dim = c(5L, 2L), dimnames = list(
    c("-2", "-1", "0", "1", "2"), c("C", "G"))), LR10_SNP1 = structure(c(0, 
0, 1, 435, 0, 0, 0, 0, 1, 471, 0, 0), dim = c(6L, 2L), dimnames = list(
    c("-3", "-2", "-1", "0", "1", "2"), c("C", "T"))), LR11_SNP1 = structure(c(0, 
1, 578, 0, 0, 0, 2, 915, 1, 0), dim = c(5L, 2L), dimnames = list(
    c("-2", "-1", "0", "1", "2"), c("A", "C"))), LR17_SNP1 = structure(c(0, 
0, 8, 1296, 0, 0, 0, 0, 0, 0, 0, 0, 0, 0, 0, 0, 0, 0), dim = c(6L, 
3L), dimnames = list(c("-3", "-2", "-1", "0", "1", "2"), c("A", 
"G", "T"))), LR20_SNP1 = structure(c(0, 0, 0, 0, 0, 0, 436, 0, 
0, 1, 482, 0, 0, 0, 0, 0), dim = c(4L, 4L), dimnames = list(c("-2", 
"-1", "0", "1"), c("-", "A", "G", "T"))), LR24_SNP1 = structure(c(2, 
1233, 1, 0, 0, 0, 0, 0, 0), dim = c(3L, 3L), dimnames = list(
    c("-1", "0", "1"), c("A", "C", "G"))), LR36_SNP1 = structure(c(0, 
0, 0, 0, 0, 0, 5, 718, 2, 0, 0, 0, 0, 0, 0, 0, 0, 216, 1, 0), dim = 5:4, dimnames = list(
    c("-2", "-1", "0", "1", "3"), c("-", "A", "G", "T"))), LR40_SNP1 = structure(c(0, 
0, 1, 957, 0), dim = c(5L, 1L), dimnames = list(c("-3", "-2", 
"-1", "0", "1"), "C")), LR44_SNP1 = structure(c(0, 0, 2, 1, 0, 
0, 1, 0, 0, 14, 413, 5), dim = 4:3, dimnames = list(c("-2", "-1", 
"0", "1"), c("C", "G", "T"))), LR46_SNP1 = structure(c(0, 0, 
0, 0, 0, 0, 0, 577, 0, 0, 271, 0), dim = 3:4, dimnames = list(
    c("-1", "0", "1"), c("-", "C", "G", "T"))), LR48_SNP1 = structure(c(0, 
0, 0, 0, 0, 0, 0, 0, 5, 944, 1, 0, 0, 0, 0, 0, 0, 0), dim = c(6L, 
3L), dimnames = list(c("-3", "-2", "-1", "0", "1", "3"), c("A", 
"C", "T"))), LR49_SNP1 = structure(c(0, 0, 0, 0, 0, 0, 961, 0, 
0, 0, 0, 0), dim = 4:3, dimnames = list(c("-2", "-1", "0", "1"
), c("A", "G", "T"))), LR52_SNP1 = structure(c(0, 0, 2, 12, 310, 
0, 0, 0, 0, 1, 9, 337, 1, 0), dim = c(7L, 2L), dimnames = list(
    c("-4", "-3", "-2", "-1", "0", "1", "2"), c("C", "T"))))
