Result <-
list(DEPDC2_SNP1 = structure(c(0, 0, 0, 0, 171, 0, 0, 215, 0), dim = c(3L, 
3L), dimnames = list(c("-1", "0", "1"), c("A", "C", "T"))), GM01_SNP1 = structure(c(0, 
0, 652, 0, 0, 0, 0, 0, 0, 0, 0, 0, 0, 0, 0, 0), dim = c(4L, 4L
), dimnames = list(c("-2", "-1", "0", "1"), c("A", "C", "G", 
"T"))), GM07_SNP1 = structure(c(0, 0, 168, 2, 0, 0, 1, 165, 1, 
0), dim = c(5L, 2L), dimnames = list(c("-2", "-1", "0", "1", 
"2"), c("A", "G"))), GM09_SNP1 = structure(c(1, 508, 0, 0, 0, 
0), dim = 3:2, dimnames = list(c("-1", "0", "1"), c("A", "G"))), 
    GM11_SNP1 = structure(c(0, 324, 0, 0, 0, 0), dim = 3:2, dimnames = list(
        c("-1", "0", "1"), c("A", "G"))), GM14_SNP1 = structure(c(0, 
    0, 0, 0, 0, 0, 125, 0, 0, 0, 199, 0), dim = 4:3, dimnames = list(
        c("-2", "-1", "0", "1"), c("A", "C", "T"))), GM17_SNP1 = structure(c(0, 
    0, 0, 0, 0, 0, 1, 481, 0, 0), dim = c(5L, 2L), dimnames = list(
        c("-2", "-1", "0", "1", "2"), c("C", "T"))), GM22_SNP1 = structure(c(0, 
    0, 0, 0, 0, 0, 1, 412, 0, 0, 0, 0, 0, 0, 0), dim = c(5L, 
    3L), dimnames = list(c("-2", "-1", "0", "1", "2"), c("-", 
    "A", "G"))), GM26_SNP1 = structure(c(0, 195, 0, 0, 0, 0), dim = 3:2, dimnames = list(
        c("-1", "0", "1"), c("A", "G"))), GM29_SNP1 = structure(c(0, 
    0, 375, 0, 0, 0, 1, 0, 0, 0, 0, 0), dim = 4:3, dimnames = list(
        c("-2", "-1", "0", "1"), c("A", "G", "T"))), IM16_SNP1 = structure(c(0, 
    0, 0, 0, 0, 0, 0, 0, 0, 0, 0, 1, 382, 0, 0, 0, 0, 0, 0, 0
    ), dim = 5:4, dimnames = list(c("-2", "-1", "0", "1", "2"
    ), c("A", "C", "G", "T"))), IM49_SNP1 = structure(c(0, 2, 
    371, 1, 0, 0, 0, 1, 0, 0), dim = c(5L, 2L), dimnames = list(
        c("-2", "-1", "0", "1", "2"), c("C", "G"))), LR10_SNP1 = structure(c(0, 
    0, 0, 0, 355, 0, 0, 1, 0), dim = c(3L, 3L), dimnames = list(
        c("-1", "0", "1"), c("A", "C", "T"))), LR11_SNP1 = structure(c(0, 
    2, 514, 0, 0, 0, 0, 0, 0, 0, 0, 0, 0, 0, 0, 0), dim = c(4L, 
    4L), dimnames = list(c("-2", "-1", "0", "1"), c("A", "C", 
    "G", "T"))), LR17_SNP1 = structure(c(0, 0, 5, 616, 2, 0, 
    0, 0, 0, 0, 0, 0), dim = c(6L, 2L), dimnames = list(c("-3", 
    "-2", "-1", "0", "1", "2"), c("A", "G"))), LR20_SNP1 = structure(c(0, 
    195, 0, 0, 0, 0, 0, 223, 0), dim = c(3L, 3L), dimnames = list(
        c("-1", "0", "1"), c("A", "C", "G"))), LR24_SNP1 = structure(c(0, 
    0, 0, 0, 0, 269, 0, 0, 1, 206, 0, 0), dim = 4:3, dimnames = list(
        c("-1", "0", "1", "2"), c("-", "A", "G"))), LR36_SNP1 = structure(c(0, 
    0, 1, 232, 1, 0, 0, 0, 0, 0, 0, 0, 2, 258, 0), dim = c(5L, 
    3L), dimnames = list(c("-3", "-2", "-1", "0", "1"), c("A", 
    "G", "T"))), LR40_SNP1 = structure(c(0, 0, 0, 0, 0, 0, 0, 
    314, 0, 0), dim = c(5L, 2L), dimnames = list(c("-2", "-1", 
    "0", "1", "2"), c("A", "C"))), LR44_SNP1 = structure(c(0, 
    0, 0, 0, 0, 0, 0, 4, 195, 1, 0, 0, 0, 2, 0, 0, 0, 0, 4, 0
    ), dim = 5:4, dimnames = list(c("-3", "-2", "-1", "0", "1"
    ), c("A", "C", "G", "T"))), LR46_SNP1 = structure(c(0, 116, 
    0, 0, 133, 0), dim = 3:2, dimnames = list(c("-1", "0", "1"
    ), c("G", "T"))), LR48_SNP1 = structure(c(0, 0, 0, 0, 0, 
    0, 0, 162, 0, 0, 0, 0, 153, 0, 0), dim = c(5L, 3L), dimnames = list(
        c("-2", "-1", "0", "1", "2"), c("A", "C", "T"))), LR49_SNP1 = structure(c(0, 
    0, 0, 1, 372, 0), dim = 3:2, dimnames = list(c("-1", "0", 
    "1"), c("A", "G"))), LR52_SNP1 = structure(c(0, 0, 0, 0, 
    0, 0, 0, 0, 0, 2, 127, 1, 0, 0, 0, 1, 131, 1), dim = c(6L, 
    3L), dimnames = list(c("-4", "-3", "-2", "-1", "0", "1"), 
        c("A", "C", "T"))))
