Result <-
list(DEPDC2_SNP1 = structure(c(0, 0, 0, 1, 148, 0), dim = 3:2, dimnames = list(
    c("-1", "0", "1"), c("C", "T"))), GM01_SNP1 = structure(c(0, 
0, 110, 0, 0, 0, 0, 121, 1, 0), dim = c(5L, 2L), dimnames = list(
    c("-2", "-1", "0", "1", "2"), c("A", "G"))), GM07_SNP1 = structure(c(0, 
1, 78, 0, 0, 0, 1, 80, 0, 0), dim = c(5L, 2L), dimnames = list(
    c("-2", "-1", "0", "1", "2"), c("A", "G"))), GM09_SNP1 = structure(c(0, 
114, 0, 0, 140, 0), dim = 3:2, dimnames = list(c("-1", "0", "1"
), c("A", "G"))), GM11_SNP1 = structure(c(0, 0, 82, 0, 0, 0, 
0, 0), dim = c(4L, 2L), dimnames = list(c("-2", "-1", "0", "1"
), c("A", "G"))), GM14_SNP1 = structure(c(0, 0, 0, 0, 0, 0, 0, 
139, 0, 0, 0, 0, 88, 0, 0), dim = c(5L, 3L), dimnames = list(
    c("-2", "-1", "0", "1", "2"), c("-", "C", "T"))), GM17_SNP1 = structure(c(0, 
0, 149, 0, 0, 0, 176, 0), dim = c(4L, 2L), dimnames = list(c("-2", 
"-1", "0", "1"), c("C", "T"))), GM22_SNP1 = structure(c(0, 0, 
0, 177, 0, 0, 0, 0, 5, 0), dim = c(5L, 2L), dimnames = list(c("-3", 
"-2", "-1", "0", "1"), c("A", "G"))), GM26_SNP1 = structure(c(0, 
0, 57, 0, 0, 0, 0, 0), dim = c(4L, 2L), dimnames = list(c("-2", 
"-1", "0", "1"), c("A", "G"))), GM29_SNP1 = structure(c(0, 0, 
235, 0, 0, 0, 0, 0), dim = c(4L, 2L), dimnames = list(c("-2", 
"-1", "0", "1"), c("A", "G"))), IM16_SNP1 = structure(c(0, 50, 
1, 0, 0, 0, 58, 1, 0, 0), dim = c(5L, 2L), dimnames = list(c("-1", 
"0", "1", "2", "3"), c("A", "G"))), IM49_SNP1 = structure(c(0, 
0, 0, 0, 0, 0, 0, 0, 1, 336, 1, 0, 0, 0, 2, 281, 0, 0), dim = c(6L, 
3L), dimnames = list(c("-3", "-2", "-1", "0", "1", "2"), c("A", 
"C", "G"))), LR10_SNP1 = structure(c(0, 0, 0, 0, 147, 0), dim = 3:2, dimnames = list(
    c("-1", "0", "1"), c("C", "T"))), LR11_SNP1 = structure(c(0, 
0, 80, 0, 0, 0, 2, 96, 0, 0), dim = c(5L, 2L), dimnames = list(
    c("-2", "-1", "0", "1", "2"), c("A", "C"))), LR17_SNP1 = structure(c(0, 
0, 0, 0, 369, 0, 0, 0, 0, 0, 0, 0, 0, 0), dim = c(7L, 2L), dimnames = list(
    c("-4", "-3", "-2", "-1", "0", "1", "2"), c("A", "G"))), 
    LR20_SNP1 = structure(c(0, 2, 0, 0, 172, 0), dim = 3:2, dimnames = list(
        c("-1", "0", "1"), c("A", "G"))), LR24_SNP1 = structure(c(0, 
    0, 151, 0, 0, 0, 134, 0, 0, 0, 0, 0), dim = 4:3, dimnames = list(
        c("-2", "-1", "0", "1"), c("A", "G", "T"))), LR36_SNP1 = structure(c(0, 
    0, 0, 0, 168, 1, 0, 0, 0, 0, 0, 0, 0, 0, 0, 0, 0, 1, 150, 
    0, 0), dim = c(7L, 3L), dimnames = list(c("-4", "-3", "-2", 
    "-1", "0", "1", "2"), c("A", "G", "T"))), LR40_SNP1 = structure(c(0, 
    2, 0, 1, 113, 0), dim = 3:2, dimnames = list(c("-1", "0", 
    "1"), c("A", "C"))), LR44_SNP1 = structure(c(0, 0, 0, 0, 
    0, 0, 0, 0, 2, 37, 0, 0, 0, 0, 1, 45, 0, 0), dim = c(6L, 
    3L), dimnames = list(c("-3", "-2", "-1", "0", "1", "2"), 
        c("A", "C", "T"))), LR46_SNP1 = structure(c(0, 41, 0, 
    0, 47, 0), dim = 3:2, dimnames = list(c("-1", "0", "1"), 
        c("G", "T"))), LR48_SNP1 = structure(c(0, 1, 122, 0, 
    0, 0, 0, 0, 0, 0), dim = c(5L, 2L), dimnames = list(c("-2", 
    "-1", "0", "1", "2"), c("C", "T"))), LR49_SNP1 = structure(c(0, 
    0, 92, 0, 0, 0, 1, 0, 0, 0, 91, 0, 0, 0, 0, 0), dim = c(4L, 
    4L), dimnames = list(c("-2", "-1", "0", "1"), c("A", "C", 
    "G", "T"))), LR52_SNP1 = structure(c(0, 0, 0, 30, 0, 0, 1, 
    0, 34, 0), dim = c(5L, 2L), dimnames = list(c("-3", "-2", 
    "-1", "0", "1"), c("C", "T"))))
