Result <-
list(DEPDC2_SNP1 = structure(c(0, 0, 0, 0, 0, 0, 4, 1120, 1), dim = c(3L, 
3L), dimnames = list(c("-1", "0", "1"), c("A", "C", "T"))), GM01_SNP1 = structure(c(0, 
0, 84, 0, 0, 0, 81, 0, 0, 0, 0, 0), dim = 4:3, dimnames = list(
    c("-2", "-1", "0", "1"), c("A", "G", "T"))), GM07_SNP1 = structure(c(0, 
0, 0, 0, 0, 0, 0, 0, 5, 365, 2, 0, 0, 0, 0, 0, 0, 0, 0, 0, 10, 
534, 1, 0), dim = c(6L, 4L), dimnames = list(c("-3", "-2", "-1", 
"0", "1", "2"), c("-", "A", "C", "G"))), GM09_SNP1 = structure(c(0, 
0, 0, 0, 0, 385, 0, 0), dim = c(4L, 2L), dimnames = list(c("-1", 
"0", "1", "2"), c("A", "G"))), GM11_SNP1 = structure(c(0, 23, 
0, 0, 24, 0), dim = 3:2, dimnames = list(c("-1", "0", "1"), c("A", 
"G"))), GM14_SNP1 = structure(c(0, 0, 250, 0, 0, 0, 0, 0, 0, 
0), dim = c(5L, 2L), dimnames = list(c("-2", "-1", "0", "1", 
"2"), c("C", "T"))), GM17_SNP1 = structure(c(0, 0, 0, 0, 0, 0, 
1, 1384, 0, 0, 0, 0, 2, 0, 0), dim = c(5L, 3L), dimnames = list(
    c("-2", "-1", "0", "1", "2"), c("A", "C", "T"))), GM22_SNP1 = structure(c(0, 
2, 1031, 0, 0, 0, 0, 0, 0, 0, 0, 0, 0, 0, 0, 0, 0, 0), dim = c(6L, 
3L), dimnames = list(c("-2", "-1", "0", "1", "2", "3"), c("A", 
"G", "T"))), GM26_SNP1 = structure(c(0, 0, 917, 0, 0, 0, 2, 0, 
0, 0, 0, 0), dim = 4:3, dimnames = list(c("-2", "-1", "0", "1"
), c("A", "G", "T"))), GM29_SNP1 = structure(c(0, 1, 1041, 0, 
0, 0, 1, 0), dim = c(4L, 2L), dimnames = list(c("-2", "-1", "0", 
"1"), c("A", "G"))), IM16_SNP1 = structure(c(0, 0, 0, 0, 46, 
0), dim = 3:2, dimnames = list(c("-1", "0", "1"), c("A", "G"))), 
    IM49_SNP1 = structure(c(0, 0, 0, 0, 0, 0, 0, 0, 0, 2, 0, 
    0, 0, 0, 10, 1388, 7, 0), dim = c(6L, 3L), dimnames = list(
        c("-3", "-2", "-1", "0", "1", "2"), c("A", "C", "G"))), 
    LR10_SNP1 = structure(c(0, 0, 0, 0, 0, 3, 353, 0, 0, 2, 442, 
    0), dim = 4:3, dimnames = list(c("-2", "-1", "0", "1"), c("A", 
    "C", "T"))), LR11_SNP1 = structure(c(0, 0, 0, 0, 70, 0), dim = 3:2, dimnames = list(
        c("-1", "0", "1"), c("A", "C"))), LR17_SNP1 = structure(c(0, 
    4, 10, 1098, 0, 0, 0, 0, 0, 0, 0, 0, 0, 0, 0, 0, 0, 0), dim = c(6L, 
    3L), dimnames = list(c("-3", "-2", "-1", "0", "1", "2"), 
        c("A", "G", "T"))), LR20_SNP1 = structure(c(0, 73, 0, 
    64), dim = c(2L, 2L), dimnames = list(c("-1", "0"), c("A", 
    "G"))), LR24_SNP1 = structure(c(0, 169, 0, 0, 0, 0), dim = 3:2, dimnames = list(
        c("-1", "0", "1"), c("A", "G"))), LR36_SNP1 = structure(c(0, 
    0, 219, 202, 0, 0, 0, 0, 0, 0, 0, 0, 0, 0, 0, 0, 0, 1, 424, 
    1), dim = 5:4, dimnames = list(c("-3", "-2", "-1", "0", "1"
    ), c("A", "C", "G", "T"))), LR40_SNP1 = structure(c(0, 79, 
    0), dim = c(3L, 1L), dimnames = list(c("-1", "0", "1"), "C")), 
    LR44_SNP1 = structure(c(0, 1, 41, 0, 0, 0, 2, 38, 0, 0), dim = c(5L, 
    2L), dimnames = list(c("-2", "-1", "0", "1", "2"), c("C", 
    "T"))), LR46_SNP1 = structure(c(0, 0, 0, 0, 191, 0, 1, 432, 
    1), dim = c(3L, 3L), dimnames = list(c("-1", "0", "1"), c("A", 
    "G", "T"))), LR48_SNP1 = structure(c(0, 0, 0, 0, 0, 0, 7, 
    1065, 1, 0, 0, 0, 0, 0, 0, 0, 0, 1, 0, 0), dim = 5:4, dimnames = list(
        c("-2", "-1", "0", "1", "2"), c("A", "C", "G", "T"))), 
    LR49_SNP1 = structure(c(1, 386, 0, 3, 822, 0, 0, 0, 0), dim = c(3L, 
    3L), dimnames = list(c("-1", "0", "1"), c("A", "G", "T"))), 
    LR52_SNP1 = structure(c(0, 0, 0, 0, 0, 0, 0, 0, 0, 0, 0, 
    1, 23, 653, 0, 0, 0, 0, 13, 0), dim = 5:4, dimnames = list(
        c("-3", "-2", "-1", "0", "1"), c("-", "A", "C", "T"))))
