Result <-
list(DEPDC2_SNP1 = structure(c(0, 86, 0, 0, 0, 0), dim = 3:2, dimnames = list(
    c("-1", "0", "1"), c("C", "T"))), GM01_SNP1 = structure(c(0, 
20, 18, 0, 0, 21, 21, 0), dim = c(4L, 2L), dimnames = list(c("-2", 
"-1", "0", "1"), c("A", "G"))), GM07_SNP1 = structure(c(0, 0, 
0, 0, 0, 0, 14, 21, 0, 0, 0, 0, 0, 0, 0, 16, 0, 10, 0, 0, 0, 
0, 0, 0, 0), dim = c(5L, 5L), dimnames = list(c("-2", "-1", "0", 
"1", "2"), c("-", "A", "C", "G", "T"))), GM09_SNP1 = structure(c(0, 
73, 0, 0, 0, 0, 22, 25, 0, 0, 0, 0), dim = 3:4, dimnames = list(
    c("-1", "0", "1"), c("A", "C", "G", "T"))), GM11_SNP1 = structure(c(0, 
7, 7, 0, 0, 0, 0, 23, 2, 0), dim = c(5L, 2L), dimnames = list(
    c("-2", "-1", "0", "1", "2"), c("A", "G"))), GM14_SNP1 = structure(c(0, 
0, 14, 3, 64, 0, 0, 0, 0, 0, 0, 0), dim = c(6L, 2L), dimnames = list(
    c("-5", "-3", "-2", "-1", "0", "1"), c("C", "T"))), GM17_SNP1 = structure(c(0, 
0, 0, 0, 0, 0, 0, 33, 61, 0), dim = c(5L, 2L), dimnames = list(
    c("-3", "-2", "-1", "0", "1"), c("C", "T"))), GM22_SNP1 = structure(c(0, 
1, 61, 12, 0, 0, 0, 0, 0, 0), dim = c(5L, 2L), dimnames = list(
    c("-2", "-1", "0", "1", "2"), c("A", "G"))), GM26_SNP1 = structure(c(0, 
37, 0, 0, 0, 0), dim = 3:2, dimnames = list(c("-1", "0", "1"), 
    c("A", "G"))), GM29_SNP1 = structure(c(0, 0, 0, 0, 0, 0, 
0, 21, 72, 0), dim = c(5L, 2L), dimnames = list(c("-4", "-2", 
"-1", "0", "1"), c("A", "G"))), IM16_SNP1 = structure(c(0, 0, 
0, 0, 0, 0, 18, 49, 0, 0), dim = c(5L, 2L), dimnames = list(c("-2", 
"-1", "0", "1", "2"), c("A", "G"))), IM49_SNP1 = structure(c(0, 
0, 0, 0, 0, 0, 0, 3, 126, 137, 1, 0, 0, 0, 0, 0, 0, 0, 0, 0, 
0, 0, 0, 0), dim = c(6L, 4L), dimnames = list(c("-3", "-2", "-1", 
"0", "1", "2"), c("A", "C", "G", "T"))), LR10_SNP1 = structure(c(0, 
0, 1, 0, 0, 1, 59, 0), dim = c(4L, 2L), dimnames = list(c("-2", 
"-1", "0", "1"), c("C", "T"))), LR11_SNP1 = structure(c(0, 0, 
17, 89, 0, 0, 0, 0, 0, 0, 0, 0), dim = c(6L, 2L), dimnames = list(
    c("-3", "-2", "-1", "0", "1", "2"), c("A", "C"))), LR17_SNP1 = structure(c(1, 
34, 0, 113, 0, 0, 0, 0, 0, 0, 0, 0, 0, 0, 0, 0, 0, 0, 0, 0), dim = 5:4, dimnames = list(
    c("-3", "-2", "-1", "0", "1"), c("A", "C", "G", "T"))), LR20_SNP1 = structure(c(0, 
0, 0, 0, 1, 0, 0, 80, 0), dim = c(3L, 3L), dimnames = list(c("-1", 
"0", "1"), c("-", "A", "G"))), LR24_SNP1 = structure(c(0, 0, 
0, 0, 0, 0, 0, 27, 90, 0, 0, 0, 0, 0, 0), dim = c(5L, 3L), dimnames = list(
    c("-3", "-2", "-1", "0", "1"), c("A", "G", "T"))), LR36_SNP1 = structure(c(0, 
0, 0, 0, 0, 0, 0, 0, 0, 0, 0, 0, 0, 0, 0, 0, 0, 0, 0, 0, 0, 0, 
0, 0, 0, 1, 20, 20, 64, 0, 0, 1), dim = c(8L, 4L), dimnames = list(
    c("-4", "-3", "-2", "-1", "0", "1", "2", "3"), c("A", "C", 
    "G", "T"))), LR40_SNP1 = structure(c(0, 17, 0, 6, 9, 0), dim = 3:2, dimnames = list(
    c("-1", "0", "1"), c("A", "C"))), LR44_SNP1 = structure(c(0, 
0, 0, 0, 0, 0, 0, 0, 0, 9, 1, 18, 47, 0, 0, 0, 0, 0, 0, 0, 0, 
0, 0, 0, 0, 0, 0, 0), dim = c(7L, 4L), dimnames = list(c("-5", 
"-4", "-3", "-2", "-1", "0", "1"), c("A", "C", "G", "T"))), LR46_SNP1 = structure(c(0, 
0, 0, 0, 0, 14, 31, 0), dim = c(4L, 2L), dimnames = list(c("-2", 
"-1", "0", "1"), c("A", "G"))), LR48_SNP1 = structure(c(0, 0, 
0, 0, 0, 0, 0, 9, 13, 32, 0, 0, 0, 0, 0, 0, 0, 0), dim = c(6L, 
3L), dimnames = list(c("-3", "-2", "-1", "0", "1", "4"), c("A", 
"C", "T"))), LR49_SNP1 = structure(c(0, 0, 51, 0, 0, 33, 28, 
0), dim = c(4L, 2L), dimnames = list(c("-2", "-1", "0", "1"), 
    c("A", "G"))), LR52_SNP1 = structure(c(0, 1, 7, 2, 6, 0, 
0, 0, 0, 0, 8, 0), dim = c(6L, 2L), dimnames = list(c("-4", "-3", 
"-2", "-1", "0", "1"), c("C", "T"))))
