Result <-
list(DEPDC2_SNP1 = structure(c(0, 0, 0, 0, 121, 1, 1, 132, 1), dim = c(3L, 
3L), dimnames = list(c("-1", "0", "1"), c("A", "C", "T"))), GM01_SNP1 = structure(c(0, 
119, 207, 0, 0, 0, 0, 0), dim = c(4L, 2L), dimnames = list(c("-2", 
"-1", "0", "1"), c("A", "G"))), GM07_SNP1 = structure(c(0, 0, 
0, 0, 0, 0, 0, 0, 42, 63, 0, 0, 0, 0, 52, 63, 0, 0), dim = c(6L, 
3L), dimnames = list(c("-3", "-2", "-1", "0", "1", "2"), c("-", 
"A", "G"))), GM09_SNP1 = structure(c(0, 197, 0, 1, 188, 0, 0, 
0, 0), dim = c(3L, 3L), dimnames = list(c("-1", "0", "1"), c("A", 
"G", "T"))), GM11_SNP1 = structure(c(0, 36, 49, 3, 0, 33, 55, 
1, 0, 0, 0, 0), dim = 4:3, dimnames = list(c("-2", "-1", "0", 
"1"), c("A", "G", "T"))), GM14_SNP1 = structure(c(0, 0, 0, 0, 
0, 0, 3, 3, 179, 170, 1, 0, 0, 0, 0, 1, 0, 0), dim = c(6L, 3L
), dimnames = list(c("-3", "-2", "-1", "0", "1", "2"), c("-", 
"C", "T"))), GM17_SNP1 = structure(c(0, 1, 0, 0, 269, 0), dim = 3:2, dimnames = list(
    c("-1", "0", "1"), c("C", "T"))), GM22_SNP1 = structure(c(0, 
2, 146, 0, 0, 0, 0, 123, 0, 0), dim = c(5L, 2L), dimnames = list(
    c("-2", "-1", "0", "1", "2"), c("A", "G"))), GM26_SNP1 = structure(c(0, 
64, 1, 2, 78, 0), dim = 3:2, dimnames = list(c("-1", "0", "1"
), c("A", "G"))), GM29_SNP1 = structure(c(0, 0, 0, 140, 0, 0, 
0, 1, 136, 0), dim = c(5L, 2L), dimnames = list(c("-3", "-2", 
"-1", "0", "1"), c("A", "G"))), IM16_SNP1 = structure(c(0, 2, 
54, 77, 0, 0, 1, 58, 0, 58, 0, 0, 0, 0, 0, 0, 0, 0), dim = c(6L, 
3L), dimnames = list(c("-3", "-2", "-1", "0", "1", "2"), c("A", 
"G", "T"))), IM49_SNP1 = structure(c(0, 0, 0, 0, 0, 0, 0, 2, 
8, 302, 2, 0, 0, 10, 136, 160, 0, 0), dim = c(6L, 3L), dimnames = list(
    c("-3", "-2", "-1", "0", "1", "2"), c("A", "C", "G"))), LR10_SNP1 = structure(c(0, 
0, 0, 3, 119, 0, 0, 105, 0), dim = c(3L, 3L), dimnames = list(
    c("-1", "0", "1"), c("A", "C", "T"))), LR11_SNP1 = structure(c(6, 
102, 125, 1, 1, 22, 136, 1, 0, 0, 0, 0, 0, 0, 0, 0), dim = c(4L, 
4L), dimnames = list(c("-2", "-1", "0", "1"), c("A", "C", "G", 
"T"))), LR17_SNP1 = structure(c(0, 105, 13, 381, 0, 0, 0, 0, 
0, 0, 0, 0), dim = c(6L, 2L), dimnames = list(c("-3", "-2", "-1", 
"0", "1", "2"), c("A", "G"))), LR20_SNP1 = structure(c(2, 263, 
0, 0, 0, 0), dim = 3:2, dimnames = list(c("-1", "0", "1"), c("A", 
"G"))), LR24_SNP1 = structure(c(0, 0, 0, 0, 0, 0, 0, 13, 238, 
0, 0, 0, 4, 251, 0), dim = c(5L, 3L), dimnames = list(c("-3", 
"-2", "-1", "0", "1"), c("-", "A", "G"))), LR36_SNP1 = structure(c(0, 
0, 0, 0, 0, 0, 0, 0, 0, 0, 0, 0, 0, 56, 7, 96, 233, 0), dim = c(6L, 
3L), dimnames = list(c("-4", "-3", "-2", "-1", "0", "1"), c("A", 
"G", "T"))), LR40_SNP1 = structure(c(0, 0, 0, 0, 0, 0, 47, 3, 
192, 0, 0, 0, 0, 0, 0), dim = c(5L, 3L), dimnames = list(c("-3", 
"-2", "-1", "0", "1"), c("A", "C", "T"))), LR44_SNP1 = structure(c(0, 
0, 0, 1, 0, 0, 0, 61, 0, 1, 64, 0, 0, 0, 0, 50, 82, 1), dim = c(6L, 
3L), dimnames = list(c("-5", "-3", "-2", "-1", "0", "1"), c("A", 
"C", "T"))), LR46_SNP1 = structure(c(0, 1, 110, 0, 0, 51, 61, 
0), dim = c(4L, 2L), dimnames = list(c("-2", "-1", "0", "1"), 
    c("G", "T"))), LR48_SNP1 = structure(c(2, 54, 62, 0, 4, 82, 
51, 0), dim = c(4L, 2L), dimnames = list(c("-2", "-1", "0", "1"
), c("C", "T"))), LR49_SNP1 = structure(c(0, 0, 0, 0, 0, 0, 0, 
0, 1, 115, 286, 0, 0, 0, 0, 0), dim = c(4L, 4L), dimnames = list(
    c("-2", "-1", "0", "1"), c("A", "C", "G", "T"))), LR52_SNP1 = structure(c(0, 
0, 7, 34, 51, 0, 2, 36, 1, 0, 29, 0), dim = c(6L, 2L), dimnames = list(
    c("-4", "-3", "-2", "-1", "0", "1"), c("C", "T"))))
