Result <-
list(DEPDC2_SNP1 = structure(c(0, 0, 0, 0, 0, 0, 1, 403, 0), dim = c(3L, 
3L), dimnames = list(c("-1", "0", "1"), c("A", "C", "T"))), GM01_SNP1 = structure(c(0, 
0, 0, 0, 0, 1, 653, 0, 0, 0, 1, 0), dim = 4:3, dimnames = list(
    c("-2", "-1", "0", "1"), c("-", "A", "G"))), GM07_SNP1 = structure(c(1, 
46, 293, 1, 0, 0, 0, 0, 0, 0, 0, 0, 0, 0, 0), dim = c(5L, 3L), dimnames = list(
    c("-2", "-1", "0", "1", "2"), c("A", "G", "T"))), GM09_SNP1 = structure(c(2, 
356, 0, 0, 324, 0, 0, 0, 0), dim = c(3L, 3L), dimnames = list(
    c("-1", "0", "1"), c("A", "G", "T"))), GM11_SNP1 = structure(c(0, 
0, 1, 0, 0, 9, 28, 353, 1, 0), dim = c(5L, 2L), dimnames = list(
    c("-2", "-1", "0", "1", "2"), c("A", "G"))), GM14_SNP1 = structure(c(0, 
0, 0, 0, 0, 0, 11, 221, 2, 0, 0, 0, 0, 0, 0, 0, 0, 230, 0, 0), dim = 5:4, dimnames = list(
    c("-2", "-1", "0", "1", "2"), c("A", "C", "G", "T"))), GM17_SNP1 = structure(c(0, 
0, 0, 30, 400, 0, 0, 1, 0), dim = c(3L, 3L), dimnames = list(
    c("-1", "0", "1"), c("A", "C", "T"))), GM22_SNP1 = structure(c(0, 
58, 215, 0, 0, 1, 46, 209, 0, 0), dim = c(5L, 2L), dimnames = list(
    c("-2", "-1", "0", "1", "2"), c("A", "G"))), GM26_SNP1 = structure(c(0, 
310, 0, 0, 0, 0), dim = 3:2, dimnames = list(c("-1", "0", "1"
), c("A", "G"))), GM29_SNP1 = structure(c(0, 0, 391, 0, 0, 0, 
0, 0), dim = c(4L, 2L), dimnames = list(c("-2", "-1", "0", "1"
), c("A", "G"))), IM16_SNP1 = structure(c(0, 389, 1, 0, 0, 0, 
0, 0), dim = c(4L, 2L), dimnames = list(c("-1", "0", "1", "2"
), c("A", "G"))), IM49_SNP1 = structure(c(0, 0, 0, 0, 0, 1, 67, 
414, 4, 0), dim = c(5L, 2L), dimnames = list(c("-2", "-1", "0", 
"1", "2"), c("C", "G"))), LR10_SNP1 = structure(c(0, 1, 239, 
3, 0, 0, 45, 184, 0, 0), dim = c(5L, 2L), dimnames = list(c("-2", 
"-1", "0", "1", "2"), c("C", "T"))), LR11_SNP1 = structure(c(0, 
0, 0, 0, 0, 0, 0, 0, 2, 417, 0, 0, 0, 0, 67, 234, 1, 0, 0, 0, 
0, 0, 0, 0), dim = c(6L, 4L), dimnames = list(c("-3", "-2", "-1", 
"0", "1", "2"), c("-", "A", "C", "G"))), LR17_SNP1 = structure(c(0, 
8, 67, 740, 1, 0, 0, 0, 0, 0, 0, 0, 0, 0, 0), dim = c(5L, 3L), dimnames = list(
    c("-3", "-2", "-1", "0", "1"), c("A", "G", "T"))), LR20_SNP1 = structure(c(37, 
348, 0, 0, 0, 0), dim = 3:2, dimnames = list(c("-1", "0", "1"
), c("A", "G"))), LR24_SNP1 = structure(c(0, 40, 773, 0, 0, 0, 
0, 0, 0, 0, 0, 0), dim = 4:3, dimnames = list(c("-2", "-1", "0", 
"1"), c("A", "C", "G"))), LR36_SNP1 = structure(c(0, 0, 0, 0, 
0, 0, 0, 0, 0, 0, 0, 0, 0, 0, 0, 0, 0, 0, 0, 0, 0, 0, 0, 7, 105, 
476, 0, 0), dim = c(7L, 4L), dimnames = list(c("-4", "-3", "-2", 
"-1", "0", "1", "2"), c("A", "C", "G", "T"))), LR40_SNP1 = structure(c(33, 
0, 324, 0, 0, 0, 0, 0), dim = c(4L, 2L), dimnames = list(c("-2", 
"-1", "0", "1"), c("A", "C"))), LR44_SNP1 = structure(c(0, 0, 
0, 0, 0, 0, 0, 0, 25, 100, 0, 0, 0, 0, 0, 1, 0, 0, 0, 3, 32, 
109, 0, 0), dim = c(6L, 4L), dimnames = list(c("-3", "-2", "-1", 
"0", "1", "2"), c("A", "C", "G", "T"))), LR46_SNP1 = structure(c(0, 
0, 0, 147, 0, 0, 0, 37, 110, 0), dim = c(5L, 2L), dimnames = list(
    c("-3", "-2", "-1", "0", "1"), c("G", "T"))), LR48_SNP1 = structure(c(0, 
0, 0, 0, 0, 37, 1, 327, 0, 0, 0, 0, 0, 0, 0), dim = c(5L, 3L), dimnames = list(
    c("-2", "-1", "0", "1", "2"), c("A", "C", "T"))), LR49_SNP1 = structure(c(72, 
260, 0, 0, 281, 0), dim = 3:2, dimnames = list(c("-1", "0", "1"
), c("A", "G"))), LR52_SNP1 = structure(c(0, 0, 0, 0, 0, 0, 0, 
14, 59, 8, 280, 0, 0, 0, 0, 0, 2, 0), dim = c(6L, 3L), dimnames = list(
    c("-4", "-3", "-2", "-1", "0", "1"), c("-", "C", "T"))))
