Result <-
list(DEPDC2_SNP1 = structure(c(0, 0, 0, 0, 0, 0, 0, 0, 0, 299, 
27, 2), dim = 4:3, dimnames = list(c("-1", "0", "1", "2"), c("A", 
"C", "T"))), GM01_SNP1 = structure(c(0, 0, 305, 0, 0, 68, 211, 
0), dim = c(4L, 2L), dimnames = list(c("-2", "-1", "0", "1"), 
    c("A", "G"))), GM07_SNP1 = structure(c(0, 0, 0, 0, 0, 0, 
76, 256, 2, 0, 0, 0, 0, 0, 0), dim = c(5L, 3L), dimnames = list(
    c("-2", "-1", "0", "1", "2"), c("-", "A", "G"))), GM09_SNP1 = structure(c(1, 
566, 0, 0, 0, 0, 0, 0, 0), dim = c(3L, 3L), dimnames = list(c("-1", 
"0", "1"), c("A", "G", "T"))), GM11_SNP1 = structure(c(0, 33, 
122, 0, 0, 2, 159, 0), dim = c(4L, 2L), dimnames = list(c("-3", 
"-1", "0", "1"), c("A", "G"))), GM14_SNP1 = structure(c(0, 0, 
0, 0, 0, 0, 0, 1, 0, 0, 1, 37, 153, 0, 0, 2, 46, 152, 0, 0), dim = 5:4, dimnames = list(
    c("-2", "-1", "0", "1", "2"), c("-", "A", "C", "T"))), GM17_SNP1 = structure(c(0, 
0, 0, 0, 0, 2, 211, 0, 0, 2, 242, 0), dim = 4:3, dimnames = list(
    c("-2", "-1", "0", "1"), c("-", "C", "T"))), GM22_SNP1 = structure(c(0, 
0, 243, 0, 0, 0, 0, 0, 0, 0, 227, 0, 0, 0, 0, 0), dim = c(4L, 
4L), dimnames = list(c("-2", "-1", "0", "1"), c("A", "C", "G", 
"T"))), GM26_SNP1 = structure(c(0, 0, 108, 0, 0, 0, 122, 0), dim = c(4L, 
2L), dimnames = list(c("-2", "-1", "0", "1"), c("A", "G"))), 
    GM29_SNP1 = structure(c(0, 1, 351, 0, 0, 0, 0, 0), dim = c(4L, 
    2L), dimnames = list(c("-2", "-1", "0", "1"), c("A", "G"))), 
    IM16_SNP1 = structure(c(0, 1, 159, 1, 0, 0, 179, 0), dim = c(4L, 
    2L), dimnames = list(c("-2", "-1", "0", "1"), c("A", "G"))), 
    IM49_SNP1 = structure(c(0, 74, 588, 1, 0, 0, 0, 0, 0, 0), dim = c(5L, 
    2L), dimnames = list(c("-2", "-1", "0", "1", "2"), c("C", 
    "G"))), LR10_SNP1 = structure(c(0, 0, 0, 0, 0, 0, 1, 192, 
    2, 0, 0, 52, 160, 0, 0), dim = c(5L, 3L), dimnames = list(
        c("-2", "-1", "0", "1", "2"), c("A", "C", "T"))), LR11_SNP1 = structure(c(0, 
    0, 0, 0, 0, 0, 0, 0, 40, 442, 0, 0, 0, 0, 0, 0, 0, 0), dim = c(6L, 
    3L), dimnames = list(c("-3", "-2", "-1", "0", "1", "2"), 
        c("A", "C", "T"))), LR17_SNP1 = structure(c(0, 1, 195, 
    642, 0, 0, 0, 0, 0, 0, 0, 0), dim = c(6L, 2L), dimnames = list(
        c("-3", "-2", "-1", "0", "1", "2"), c("A", "G"))), LR20_SNP1 = structure(c(0, 
    0, 0, 0, 337, 0, 0, 0, 0), dim = c(3L, 3L), dimnames = list(
        c("-1", "0", "1"), c("-", "A", "G"))), LR24_SNP1 = structure(c(0, 
    17, 736, 0, 0, 0, 0, 0, 0, 0, 0, 0), dim = 4:3, dimnames = list(
        c("-2", "-1", "0", "1"), c("A", "G", "T"))), LR36_SNP1 = structure(c(0, 
    0, 0, 0, 0, 0, 0, 0, 0, 0, 191, 53, 0, 0, 0, 0, 0, 0, 0, 
    0, 0, 0, 0, 0, 0, 0, 0, 0, 0, 0, 8, 222, 0, 0, 0), dim = c(7L, 
    5L), dimnames = list(c("-3", "-2", "-1", "0", "1", "2", "3"
    ), c("-", "A", "C", "G", "T"))), LR40_SNP1 = structure(c(0, 
    189, 0, 41, 122, 0, 0, 0, 0), dim = c(3L, 3L), dimnames = list(
        c("-1", "0", "1"), c("A", "C", "G"))), LR44_SNP1 = structure(c(0, 
    0, 0, 1, 0, 0, 13, 50, 221, 0, 0, 0, 0, 0, 0, 0, 0, 0, 5, 
    0), dim = 5:4, dimnames = list(c("-3", "-2", "-1", "0", "1"
    ), c("-", "C", "G", "T"))), LR46_SNP1 = structure(c(0, 0, 
    0, 0, 0, 0, 0, 1, 0, 0, 263, 0), dim = 3:4, dimnames = list(
        c("-1", "0", "1"), c("-", "C", "G", "T"))), LR48_SNP1 = structure(c(0, 
    0, 0, 0, 0, 0, 33, 319, 1, 0, 0, 0, 0, 0, 0), dim = c(5L, 
    3L), dimnames = list(c("-2", "-1", "0", "1", "2"), c("A", 
    "C", "T"))), LR49_SNP1 = structure(c(0, 0, 0, 0, 507, 0, 
    0, 0, 0), dim = c(3L, 3L), dimnames = list(c("-1", "0", "1"
    ), c("A", "G", "T"))), LR52_SNP1 = structure(c(0, 3, 21, 
    47, 226, 0, 0, 0, 0, 0, 0, 0, 0, 0, 0, 0, 0, 0, 0, 0, 0), dim = c(7L, 
    3L), dimnames = list(c("-4", "-3", "-2", "-1", "0", "1", 
    "2"), c("C", "G", "T"))))
