Result <-
list(DEPDC2_SNP1 = structure(c(0, 377, 0, 0, 366, 0), dim = 3:2, dimnames = list(
    c("-1", "0", "1"), c("C", "T"))), GM01_SNP1 = structure(c(0, 
0, 0, 0, 0, 2, 493, 0, 0, 2, 499, 0, 0, 0, 0, 0), dim = c(4L, 
4L), dimnames = list(c("-2", "-1", "0", "1"), c("-", "A", "G", 
"T"))), GM07_SNP1 = structure(c(0, 0, 216, 117, 1, 0, 2, 188, 
115, 0), dim = c(5L, 2L), dimnames = list(c("-3", "-2", "-1", 
"0", "1"), c("A", "G"))), GM09_SNP1 = structure(c(0, 654, 0, 
1, 535, 0), dim = 3:2, dimnames = list(c("-1", "0", "1"), c("A", 
"G"))), GM11_SNP1 = structure(c(0, 0, 0, 0, 0, 2, 603, 0), dim = c(4L, 
2L), dimnames = list(c("-2", "-1", "0", "1"), c("A", "G"))), 
    GM14_SNP1 = structure(c(0, 0, 0, 0, 0, 6, 818, 0), dim = c(4L, 
    2L), dimnames = list(c("-2", "-1", "0", "1"), c("C", "T"))), 
    GM17_SNP1 = structure(c(0, 0, 0, 2, 1049, 1, 0, 0, 0), dim = c(3L, 
    3L), dimnames = list(c("-1", "0", "1"), c("A", "C", "T"))), 
    GM22_SNP1 = structure(c(0, 3, 1035, 1, 0, 0, 0, 0, 0, 0, 
    0, 0), dim = 4:3, dimnames = list(c("-2", "-1", "0", "1"), 
        c("A", "G", "T"))), GM26_SNP1 = structure(c(0, 242, 0, 
    1, 256, 0), dim = 3:2, dimnames = list(c("-1", "0", "1"), 
        c("A", "G"))), GM29_SNP1 = structure(c(0, 0, 0, 0, 0, 
    3, 779, 0, 0, 0, 0, 0), dim = 4:3, dimnames = list(c("-2", 
    "-1", "0", "1"), c("-", "A", "G"))), IM16_SNP1 = structure(c(0, 
    0, 0, 0, 0, 1, 229, 555, 1, 0, 0, 0, 0, 0, 0), dim = c(5L, 
    3L), dimnames = list(c("-2", "-1", "0", "1", "2"), c("A", 
    "G", "T"))), IM49_SNP1 = structure(c(0, 1, 810, 524, 1, 0, 
    0, 0, 0, 0, 0, 0, 0, 0, 0, 0, 0, 0), dim = c(6L, 3L), dimnames = list(
        c("-3", "-2", "-1", "0", "1", "2"), c("C", "G", "T"))), 
    LR10_SNP1 = structure(c(1, 2, 0, 6, 659, 0), dim = 3:2, dimnames = list(
        c("-1", "0", "1"), c("C", "T"))), LR11_SNP1 = structure(c(0, 
    0, 0, 0, 0, 0, 0, 3, 780, 500, 1, 0, 0, 0, 0, 1, 0, 0, 0, 
    0, 0, 0, 0, 0), dim = c(6L, 4L), dimnames = list(c("-3", 
    "-2", "-1", "0", "1", "2"), c("-", "A", "C", "G"))), LR17_SNP1 = structure(c(0, 
    1, 543, 997, 1, 0, 0, 0, 1, 0, 0, 0), dim = c(6L, 2L), dimnames = list(
        c("-3", "-2", "-1", "0", "1", "2"), c("A", "G"))), LR20_SNP1 = structure(c(0, 
    0, 0, 3, 751, 0, 0, 0, 0), dim = c(3L, 3L), dimnames = list(
        c("-1", "0", "1"), c("A", "G", "T"))), LR24_SNP1 = structure(c(0, 
    3, 1355, 0, 0, 0, 0, 0), dim = c(4L, 2L), dimnames = list(
        c("-2", "-1", "0", "1"), c("A", "G"))), LR36_SNP1 = structure(c(0, 
    0, 0, 0, 0, 0, 0, 0, 2, 254, 410, 228, 41, 1), dim = c(7L, 
    2L), dimnames = list(c("-3", "-2", "-1", "0", "1", "2", "3"
    ), c("A", "T"))), LR40_SNP1 = structure(c(0, 0, 0, 2, 658, 
    0, 0, 0, 0, 0, 0, 0), dim = 3:4, dimnames = list(c("-1", 
    "0", "1"), c("A", "C", "G", "T"))), LR44_SNP1 = structure(c(0, 
    0, 0, 0, 0, 0, 1, 0, 0, 0, 1, 0, 0, 0, 0, 0, 0, 1, 0, 0, 
    0, 2, 5, 132, 291, 0, 0, 0), dim = c(7L, 4L), dimnames = list(
        c("-3", "-2", "-1", "0", "1", "2", "3"), c("A", "C", 
        "G", "T"))), LR46_SNP1 = structure(c(0, 0, 0, 0, 2, 0, 
    6, 558, 0), dim = c(3L, 3L), dimnames = list(c("-1", "0", 
    "1"), c("-", "G", "T"))), LR48_SNP1 = structure(c(0, 0, 0, 
    0, 0, 0, 12, 640, 0, 0, 0, 0, 0, 0, 0), dim = c(5L, 3L), dimnames = list(
        c("-2", "-1", "0", "1", "2"), c("A", "C", "T"))), LR49_SNP1 = structure(c(0, 
    1, 0, 0, 0, 0, 8, 988, 0), dim = c(3L, 3L), dimnames = list(
        c("-1", "0", "1"), c("A", "C", "G"))), LR52_SNP1 = structure(c(0, 
    5, 46, 472, 0, 0, 0, 0, 0, 2, 0, 0), dim = c(6L, 2L), dimnames = list(
        c("-3", "-2", "-1", "0", "1", "2"), c("C", "T"))))
