Result <-
list(DEPDC2_SNP1 = structure(c(2, 293, 1, 0, 0, 0, 0, 0, 0), dim = c(3L, 
3L), dimnames = list(c("-1", "0", "1"), c("C", "G", "T"))), GM01_SNP1 = structure(c(0, 
0, 171, 0, 0, 0, 8, 190, 0, 0), dim = c(5L, 2L), dimnames = list(
    c("-3", "-1", "0", "1", "2"), c("A", "G"))), GM07_SNP1 = structure(c(0, 
0, 0, 0, 0, 0, 0, 5, 63, 80, 0, 0, 0, 50, 0, 67, 0, 0), dim = c(6L, 
3L), dimnames = list(c("-3", "-2", "-1", "0", "1", "2"), c("-", 
"A", "G"))), GM09_SNP1 = structure(c(1, 206, 0, 0, 0, 0, 2, 196, 
0), dim = c(3L, 3L), dimnames = list(c("-1", "0", "1"), c("A", 
"C", "G"))), GM11_SNP1 = structure(c(0, 14, 48, 0, 0, 0, 0, 0
), dim = c(4L, 2L), dimnames = list(c("-2", "-1", "0", "1"), 
    c("A", "T"))), GM14_SNP1 = structure(c(0, 0, 4, 66, 82, 0, 
0, 0, 0, 0, 3, 126, 0, 0), dim = c(7L, 2L), dimnames = list(c("-4", 
"-3", "-2", "-1", "0", "1", "2"), c("C", "T"))), GM17_SNP1 = structure(c(0, 
0, 0, 11, 324, 0), dim = 3:2, dimnames = list(c("-1", "0", "1"
), c("C", "T"))), GM22_SNP1 = structure(c(0, 98, 282, 0, 0, 0, 
1, 0, 0, 0, 0, 0), dim = 4:3, dimnames = list(c("-2", "-1", "0", 
"1"), c("A", "G", "T"))), GM26_SNP1 = structure(c(7, 247, 0, 
0, 0, 0, 0, 0, 0), dim = c(3L, 3L), dimnames = list(c("-1", "0", 
"1"), c("A", "G", "T"))), GM29_SNP1 = structure(c(0, 0, 67, 83, 
0, 0, 0, 59, 86, 0), dim = c(5L, 2L), dimnames = list(c("-3", 
"-2", "-1", "0", "1"), c("A", "G"))), IM16_SNP1 = structure(c(0, 
2, 79, 0, 0, 0, 0, 0, 0, 0, 0, 40, 72, 0, 0), dim = c(5L, 3L), dimnames = list(
    c("-2", "-1", "0", "1", "2"), c("A", "C", "G"))), IM49_SNP1 = structure(c(0, 
1, 35, 172, 1, 0, 3, 69, 130, 0), dim = c(5L, 2L), dimnames = list(
    c("-3", "-2", "-1", "0", "1"), c("C", "G"))), LR10_SNP1 = structure(c(0, 
0, 0, 0, 0, 7, 154, 0, 0, 0, 0, 0, 0, 7, 173, 0), dim = c(4L, 
4L), dimnames = list(c("-2", "-1", "0", "1"), c("A", "C", "G", 
"T"))), LR11_SNP1 = structure(c(0, 0, 0, 0, 0, 66, 58, 0), dim = c(4L, 
2L), dimnames = list(c("-2", "-1", "0", "1"), c("A", "C"))), 
    LR17_SNP1 = structure(c(0, 4, 234, 295, 0, 0, 0, 0, 0, 0, 
    0, 0), dim = c(6L, 2L), dimnames = list(c("-3", "-2", "-1", 
    "0", "1", "2"), c("A", "G"))), LR20_SNP1 = structure(c(0, 
    0, 0, 3, 98, 0), dim = 3:2, dimnames = list(c("-1", "0", 
    "1"), c("A", "G"))), LR24_SNP1 = structure(c(0, 0, 0, 0, 
    4, 178, 236, 0), dim = c(4L, 2L), dimnames = list(c("-2", 
    "-1", "0", "1"), c("A", "G"))), LR36_SNP1 = structure(c(0, 
    0, 0, 0, 0, 0, 0, 0, 0, 0, 0, 0, 0, 19, 301, 1), dim = c(4L, 
    4L), dimnames = list(c("-2", "-1", "0", "1"), c("A", "C", 
    "G", "T"))), LR40_SNP1 = structure(c(2, 42), dim = 2:1, dimnames = list(
        c("-1", "0"), "C")), LR44_SNP1 = structure(c(0, 0, 0, 
    0, 0, 0, 0, 1, 18, 119, 1, 0, 4, 57, 1, 98, 0, 0), dim = c(6L, 
    3L), dimnames = list(c("-3", "-2", "-1", "0", "1", "2"), 
        c("A", "C", "T"))), LR46_SNP1 = structure(c(1, 123, 0, 
    0, 112, 0), dim = 3:2, dimnames = list(c("-1", "0", "1"), 
        c("G", "T"))), LR48_SNP1 = structure(c(0, 0, 0, 0, 0, 
    0, 0, 0, 0, 0, 0, 0, 0, 0, 2, 0, 0, 0, 0, 0, 57, 167, 0, 
    0), dim = c(6L, 4L), dimnames = list(c("-3", "-2", "-1", 
    "0", "1", "2"), c("-", "A", "C", "T"))), LR49_SNP1 = structure(c(0, 
    0, 0, 0, 1, 130, 322, 0), dim = c(4L, 2L), dimnames = list(
        c("-2", "-1", "0", "1"), c("A", "G"))), LR52_SNP1 = structure(c(0, 
    0, 0, 0, 0, 6, 23, 65, 125, 0, 0, 0, 0, 0, 0), dim = c(5L, 
    3L), dimnames = list(c("-3", "-2", "-1", "0", "1"), c("-", 
    "C", "T"))))
