Result <-
list(DEPDC2_SNP1 = structure(c(0, 0, 0, 0, 0, 1, 165, 17), dim = c(4L, 
2L), dimnames = list(c("-2", "-1", "0", "1"), c("C", "T"))), 
    GM01_SNP1 = structure(c(0, 0, 0, 0, 4, 112, 0, 0, 1, 122, 
    0, 0), dim = 4:3, dimnames = list(c("-1", "0", "1", "2"), 
        c("-", "A", "G"))), GM07_SNP1 = structure(c(0, 0, 0, 
    0, 10, 87, 100, 2, 0, 0, 0, 0), dim = 4:3, dimnames = list(
        c("-2", "-1", "0", "1"), c("A", "G", "T"))), GM09_SNP1 = structure(c(1, 
    1, 119, 0, 0, 1, 102, 0), dim = c(4L, 2L), dimnames = list(
        c("-2", "-1", "0", "1"), c("A", "G"))), GM11_SNP1 = structure(c(4, 
    30, 0, 0, 0, 0), dim = 3:2, dimnames = list(c("-1", "0", 
    "1"), c("A", "G"))), GM14_SNP1 = structure(c(3, 37, 57, 0, 
    7, 34, 55, 0), dim = c(4L, 2L), dimnames = list(c("-2", "-1", 
    "0", "1"), c("C", "T"))), GM17_SNP1 = structure(c(0, 0, 0, 
    0, 0, 0, 52, 178, 4, 0), dim = c(5L, 2L), dimnames = list(
        c("-2", "-1", "0", "1", "2"), c("C", "T"))), GM22_SNP1 = structure(c(0, 
    1, 124, 0, 0, 0, 109, 0), dim = c(4L, 2L), dimnames = list(
        c("-2", "-1", "0", "1"), c("A", "G"))), GM26_SNP1 = structure(c(4, 
    1, 116, 0, 0, 0, 0, 0), dim = c(4L, 2L), dimnames = list(
        c("-2", "-1", "0", "1"), c("A", "G"))), GM29_SNP1 = structure(c(0, 
    4, 237, 0, 0, 0, 1, 0), dim = c(4L, 2L), dimnames = list(
        c("-2", "-1", "0", "1"), c("A", "G"))), IM16_SNP1 = structure(c(0, 
    4, 58, 0, 0, 0, 4, 79, 1, 0), dim = c(5L, 2L), dimnames = list(
        c("-2", "-1", "0", "1", "2"), c("A", "G"))), IM49_SNP1 = structure(c(0, 
    0, 31, 62, 118, 1, 0, 0, 78, 0, 0, 86, 1, 0, 0, 0, 0, 0, 
    1, 0, 0), dim = c(7L, 3L), dimnames = list(c("-4", "-3", 
    "-2", "-1", "0", "1", "2"), c("C", "G", "T"))), LR10_SNP1 = structure(c(0, 
    0, 0, 0, 0, 0, 1, 0, 0, 1, 147, 0), dim = 4:3, dimnames = list(
        c("-2", "-1", "0", "1"), c("A", "C", "T"))), LR11_SNP1 = structure(c(0, 
    0, 10, 40, 0, 0, 1, 13, 39, 0, 0, 0, 0, 0, 0), dim = c(5L, 
    3L), dimnames = list(c("-3", "-2", "-1", "0", "1"), c("A", 
    "C", "G"))), LR17_SNP1 = structure(c(0, 0, 39, 407, 0, 0, 
    0, 0, 0, 0, 0, 0, 0, 0, 0, 0, 0, 0), dim = c(6L, 3L), dimnames = list(
        c("-3", "-2", "-1", "0", "1", "2"), c("A", "G", "T"))), 
    LR20_SNP1 = structure(c(0, 46, 0, 1, 41, 0, 0, 0, 0), dim = c(3L, 
    3L), dimnames = list(c("-1", "0", "1"), c("A", "G", "T"))), 
    LR24_SNP1 = structure(c(0, 0, 0, 0, 12, 128, 0, 0, 5, 126, 
    0, 0), dim = 4:3, dimnames = list(c("-1", "0", "1", "2"), 
        c("-", "A", "G"))), LR36_SNP1 = structure(c(0, 0, 8, 
    112, 32, 0, 0, 0, 0, 0, 0, 0, 0, 18, 35, 76, 0, 0), dim = c(6L, 
    3L), dimnames = list(c("-3", "-2", "-1", "0", "1", "2"), 
        c("A", "G", "T"))), LR40_SNP1 = structure(c(1, 24, 0), dim = c(3L, 
    1L), dimnames = list(c("-1", "0", "1"), "C")), LR44_SNP1 = structure(c(0, 
    0, 0, 0, 1, 0, 0, 0, 0, 0, 0, 0, 0, 0, 0, 1, 0, 0, 1, 8, 
    54, 44, 120, 0), dim = c(6L, 4L), dimnames = list(c("-4", 
    "-3", "-2", "-1", "0", "1"), c("-", "A", "C", "T"))), LR46_SNP1 = structure(c(23, 
    48, 0, 28, 41, 1), dim = 3:2, dimnames = list(c("-1", "0", 
    "1"), c("G", "T"))), LR48_SNP1 = structure(c(0, 1, 64, 91, 
    0, 0, 0, 0, 0, 0), dim = c(5L, 2L), dimnames = list(c("-3", 
    "-2", "-1", "0", "1"), c("C", "G"))), LR49_SNP1 = structure(c(0, 
    0, 0, 2, 0, 0, 0, 70, 238, 0), dim = c(5L, 2L), dimnames = list(
        c("-4", "-2", "-1", "0", "1"), c("A", "G"))), LR52_SNP1 = structure(c(0, 
    0, 0, 0, 0, 0, 0, 0, 2, 12, 26, 21, 86, 0, 0, 0, 0, 0, 0, 
    0, 0), dim = c(7L, 3L), dimnames = list(c("-5", "-4", "-3", 
    "-2", "-1", "0", "1"), c("-", "C", "T"))))
