Result <-
list(DEPDC2_SNP1 = structure(c(0, 0, 0, 0, 0, 0, 0, 106, 5, 0, 
0, 0, 125, 0, 0), dim = c(5L, 3L), dimnames = list(c("-2", "-1", 
"0", "1", "2"), c("A", "C", "T"))), GM01_SNP1 = structure(c(0, 
163, 0, 5, 152, 0), dim = 3:2, dimnames = list(c("-1", "0", "1"
), c("A", "G"))), GM07_SNP1 = structure(c(0, 0, 0, 0, 0, 1, 29, 
159, 0, 0), dim = c(5L, 2L), dimnames = list(c("-2", "-1", "0", 
"1", "2"), c("A", "G"))), GM09_SNP1 = structure(c(6, 132, 0, 
0, 115, 0), dim = 3:2, dimnames = list(c("-1", "0", "1"), c("A", 
"G"))), GM11_SNP1 = structure(c(2, 211, 1), dim = c(3L, 1L), dimnames = list(
    c("-1", "0", "1"), "A")), GM14_SNP1 = structure(c(0, 0, 8, 
207, 1, 0, 0, 0, 0, 0, 0, 0, 0, 0, 0, 0, 0, 0), dim = c(6L, 3L
), dimnames = list(c("-3", "-2", "-1", "0", "1", "2"), c("C", 
"G", "T"))), GM17_SNP1 = structure(c(2, 264, 0, 0, 0, 0), dim = 3:2, dimnames = list(
    c("-1", "0", "1"), c("C", "T"))), GM22_SNP1 = structure(c(0, 
2, 302, 0, 0, 0, 1, 0, 0, 0, 0, 0), dim = 4:3, dimnames = list(
    c("-2", "-1", "0", "1"), c("A", "G", "T"))), GM26_SNP1 = structure(c(0, 
0, 102, 0, 0, 0, 109, 0, 0, 0, 0, 0), dim = 4:3, dimnames = list(
    c("-2", "-1", "0", "1"), c("A", "G", "T"))), GM29_SNP1 = structure(c(0, 
24, 85, 0, 0, 0, 121, 0, 0, 0, 0, 0), dim = 4:3, dimnames = list(
    c("-2", "-1", "0", "1"), c("A", "G", "T"))), IM16_SNP1 = structure(c(0, 
0, 106, 0, 0, 0, 0, 102, 0, 0, 0, 0, 0, 0, 0), dim = c(5L, 3L
), dimnames = list(c("-3", "-1", "0", "1", "2"), c("A", "G", 
"T"))), IM49_SNP1 = structure(c(0, 0, 0, 0, 0, 1, 152, 0), dim = c(4L, 
2L), dimnames = list(c("-2", "-1", "0", "1"), c("C", "G"))), 
    LR10_SNP1 = structure(c(0, 0, 0, 0, 0, 0, 0, 0, 0, 0, 260, 
    0), dim = 4:3, dimnames = list(c("-2", "-1", "0", "1"), c("A", 
    "C", "T"))), LR11_SNP1 = structure(c(0, 0, 0, 0, 0, 4, 213, 
    1), dim = c(4L, 2L), dimnames = list(c("-2", "-1", "0", "1"
    ), c("A", "C"))), LR17_SNP1 = structure(c(0, 2, 135, 0), dim = c(4L, 
    1L), dimnames = list(c("-2", "-1", "0", "1"), "A")), LR20_SNP1 = structure(c(0, 
    0, 85, 0, 0, 0, 0, 0, 0, 4, 115, 0, 0, 0, 0, 0), dim = c(4L, 
    4L), dimnames = list(c("-2", "-1", "0", "1"), c("A", "C", 
    "G", "T"))), LR24_SNP1 = structure(c(0, 0, 0, 0, 0, 3, 280, 
    0), dim = c(4L, 2L), dimnames = list(c("-2", "-1", "0", "1"
    ), c("A", "G"))), LR36_SNP1 = structure(c(0, 0, 0, 141, 2, 
    0, 0, 0, 0, 0, 0, 0), dim = c(6L, 2L), dimnames = list(c("-3", 
    "-2", "-1", "0", "1", "2"), c("A", "T"))), LR40_SNP1 = structure(c(0, 
    3, 142, 0), dim = c(4L, 1L), dimnames = list(c("-3", "-1", 
    "0", "1"), "C")), LR44_SNP1 = structure(c(0, 0, 0, 0, 0, 
    0, 0, 0, 11, 16, 84, 1, 0, 0, 0, 0, 1, 139, 0, 0, 0), dim = c(7L, 
    3L), dimnames = list(c("-3", "-2", "-1", "0", "1", "2", "3"
    ), c("A", "C", "T"))), LR46_SNP1 = structure(c(0, 0, 0, 0, 
    98, 0, 9, 88, 0), dim = c(3L, 3L), dimnames = list(c("-1", 
    "0", "1"), c("A", "G", "T"))), LR48_SNP1 = structure(c(0, 
    0, 0, 0, 0, 0, 2, 200, 1, 0, 0, 0, 0, 0, 0), dim = c(5L, 
    3L), dimnames = list(c("-2", "-1", "0", "1", "2"), c("A", 
    "C", "T"))), LR49_SNP1 = structure(c(0, 138, 0, 0, 157, 0
    ), dim = 3:2, dimnames = list(c("-1", "0", "1"), c("A", "G"
    ))), LR52_SNP1 = structure(c(0, 0, 0, 0, 0, 0, 0, 1, 24, 
    182, 0, 0), dim = c(6L, 2L), dimnames = list(c("-3", "-2", 
    "-1", "0", "1", "2"), c("C", "T"))))
