Result <-
list(DEPDC2_SNP1 = structure(c(0, 0, 0, 0, 85, 0, 0, 67, 0), dim = c(3L, 
3L), dimnames = list(c("-1", "0", "1"), c("A", "C", "T"))), GM01_SNP1 = structure(c(0, 
0, 114, 0, 0, 24, 95, 0), dim = c(4L, 2L), dimnames = list(c("-2", 
"-1", "0", "1"), c("A", "G"))), GM07_SNP1 = structure(c(0, 0, 
0, 0, 1, 25, 104, 0), dim = c(4L, 2L), dimnames = list(c("-2", 
"-1", "0", "1"), c("A", "G"))), GM09_SNP1 = structure(c(0, 2, 
0, 0, 0, 0, 0, 183, 0, 0, 0, 0), dim = 3:4, dimnames = list(c("-1", 
"0", "1"), c("A", "C", "G", "T"))), GM11_SNP1 = structure(c(7, 
78, 0, 0, 0, 0), dim = 3:2, dimnames = list(c("-1", "0", "1"), 
    c("A", "G"))), GM14_SNP1 = structure(c(0, 1, 12, 70, 0, 0, 
0, 0, 17, 53, 0, 0), dim = c(6L, 2L), dimnames = list(c("-3", 
"-2", "-1", "0", "1", "2"), c("C", "T"))), GM17_SNP1 = structure(c(0, 
16, 78, 0, 0, 0, 0, 0, 0, 1, 97, 0), dim = 4:3, dimnames = list(
    c("-2", "-1", "0", "1"), c("C", "G", "T"))), GM22_SNP1 = structure(c(0, 
179, 0, 0, 0, 0, 0, 0), dim = c(4L, 2L), dimnames = list(c("-1", 
"0", "1", "2"), c("A", "G"))), GM26_SNP1 = structure(c(0, 0, 
36, 0, 0, 0, 34, 0), dim = c(4L, 2L), dimnames = list(c("-2", 
"-1", "0", "1"), c("A", "G"))), GM29_SNP1 = structure(c(0, 0, 
21, 126, 0, 0, 0, 0, 1, 0), dim = c(5L, 2L), dimnames = list(
    c("-4", "-2", "-1", "0", "1"), c("A", "G"))), IM16_SNP1 = structure(c(2, 
50, 1, 0, 0, 84, 0, 0, 0, 0, 0, 0), dim = 4:3, dimnames = list(
    c("-1", "0", "1", "2"), c("A", "G", "T"))), IM49_SNP1 = structure(c(0, 
32, 0, 137, 0, 0, 0, 0, 0, 154, 0, 0, 0, 0, 0, 0, 0, 0), dim = c(6L, 
3L), dimnames = list(c("-3", "-2", "-1", "0", "1", "2"), c("C", 
"G", "T"))), LR10_SNP1 = structure(c(0, 0, 0, 10, 136, 0), dim = 3:2, dimnames = list(
    c("-1", "0", "1"), c("C", "T"))), LR11_SNP1 = structure(c(0, 
0, 1, 0, 0, 6, 130, 0), dim = c(4L, 2L), dimnames = list(c("-2", 
"-1", "0", "1"), c("A", "C"))), LR17_SNP1 = structure(c(0, 59, 
297, 1, 0, 0, 0, 0, 0, 0, 0, 0, 0, 0, 0), dim = c(5L, 3L), dimnames = list(
    c("-2", "-1", "0", "1", "2"), c("A", "C", "G"))), LR20_SNP1 = structure(c(0, 
0, 0, 0, 0, 0, 137, 0, 0, 0, 0, 0), dim = 4:3, dimnames = list(
    c("-2", "-1", "0", "1"), c("A", "G", "T"))), LR24_SNP1 = structure(c(0, 
24, 246, 0, 0, 0, 0, 0), dim = c(4L, 2L), dimnames = list(c("-3", 
"-1", "0", "1"), c("A", "G"))), LR36_SNP1 = structure(c(0, 0, 
0, 0, 0, 0, 0, 16, 95, 1, 0, 0, 3, 89, 0), dim = c(5L, 3L), dimnames = list(
    c("-3", "-2", "-1", "0", "1"), c("-", "A", "T"))), LR40_SNP1 = structure(c(0, 
0, 0, 0, 0, 3, 112, 0, 0, 0, 0, 0), dim = 4:3, dimnames = list(
    c("-2", "-1", "0", "1"), c("A", "C", "T"))), LR44_SNP1 = structure(c(1, 
3, 11, 49, 0, 0, 0, 0, 0, 1, 0, 0, 0, 0, 1, 67, 0, 0), dim = c(6L, 
3L), dimnames = list(c("-3", "-2", "-1", "0", "1", "2"), c("C", 
"G", "T"))), LR46_SNP1 = structure(c(6, 80, 0, 0, 0, 0), dim = 3:2, dimnames = list(
    c("-1", "0", "1"), c("G", "T"))), LR48_SNP1 = structure(c(0, 
21, 96, 0, 0, 0, 0, 0, 0, 0), dim = c(5L, 2L), dimnames = list(
    c("-2", "-1", "0", "1", "2"), c("C", "T"))), LR49_SNP1 = structure(c(0, 
80, 0, 0, 89, 0), dim = 3:2, dimnames = list(c("-1", "0", "1"
), c("A", "G"))), LR52_SNP1 = structure(c(0, 0, 0, 0, 0, 0, 3, 
3, 70, 0), dim = c(5L, 2L), dimnames = list(c("-3", "-2", "-1", 
"0", "1"), c("C", "T"))))
