Result <-
list(DEPDC2_SNP1 = structure(c(0, 0, 0, 0, 0, 0, 0, 0, 0, 0, 
0, 0, 3, 1218, 57, 0), dim = c(4L, 4L), dimnames = list(c("-1", 
"0", "1", "2"), c("A", "C", "G", "T"))), GM01_SNP1 = structure(c(0, 
0, 0, 0, 0, 0, 2, 2172, 1, 0, 0, 0, 0, 0, 0), dim = c(5L, 3L), dimnames = list(
    c("-2", "-1", "0", "1", "2"), c("-", "A", "G"))), GM07_SNP1 = structure(c(0, 
0, 0, 0, 0, 0, 0, 193, 20, 1097, 4, 0, 0, 0, 0, 0, 0, 0, 0, 0, 
0, 0, 0, 0), dim = c(6L, 4L), dimnames = list(c("-3", "-2", "-1", 
"0", "1", "2"), c("-", "A", "G", "T"))), GM09_SNP1 = structure(c(0, 
0, 0, 0, 0, 9, 2109, 0, 0, 0, 0, 0), dim = 4:3, dimnames = list(
    c("-2", "-1", "0", "1"), c("A", "G", "T"))), GM11_SNP1 = structure(c(1, 
98, 1315, 0, 0, 0, 0, 0, 0, 0), dim = c(5L, 2L), dimnames = list(
    c("-2", "-1", "0", "1", "2"), c("A", "G"))), GM14_SNP1 = structure(c(0, 
0, 0, 0, 0, 0, 0, 0, 120, 1422, 0, 0, 0, 0, 0, 0, 0, 0), dim = c(6L, 
3L), dimnames = list(c("-3", "-2", "-1", "0", "1", "2"), c("A", 
"C", "T"))), GM17_SNP1 = structure(c(0, 0, 0, 0, 0, 0, 0, 0, 
1, 0, 0, 0, 14, 2239, 1), dim = c(5L, 3L), dimnames = list(c("-3", 
"-2", "-1", "0", "1"), c("A", "C", "T"))), GM22_SNP1 = structure(c(0, 
149, 1805, 0, 0, 0, 0, 0, 0, 0, 0, 0), dim = 4:3, dimnames = list(
    c("-2", "-1", "0", "1"), c("A", "G", "T"))), GM26_SNP1 = structure(c(0, 
0, 0, 0, 0, 4, 1096, 1, 0, 0, 0, 0), dim = 4:3, dimnames = list(
    c("-2", "-1", "0", "1"), c("A", "G", "T"))), GM29_SNP1 = structure(c(0, 
0, 26, 1482, 0, 0, 0, 0, 0, 0, 0, 0, 0, 0, 0, 0, 0, 0), dim = c(6L, 
3L), dimnames = list(c("-3", "-2", "-1", "0", "1", "2"), c("A", 
"G", "T"))), IM16_SNP1 = structure(c(0, 0, 0, 0, 0, 2, 112, 691, 
1, 0, 0, 6, 884, 1, 0, 0, 0, 0, 0, 0), dim = 5:4, dimnames = list(
    c("-2", "-1", "0", "1", "2"), c("-", "A", "G", "T"))), IM49_SNP1 = structure(c(0, 
16, 87, 557, 1, 0, 0, 1, 83, 4, 558, 3, 0, 0), dim = c(7L, 2L
), dimnames = list(c("-3", "-2", "-1", "0", "1", "2", "3"), c("C", 
"G"))), LR10_SNP1 = structure(c(0, 6, 720, 0, 0, 6, 791, 1), dim = c(4L, 
2L), dimnames = list(c("-2", "-1", "0", "1"), c("C", "T"))), 
    LR11_SNP1 = structure(c(0, 0, 0, 0, 0, 0, 12, 1076, 3, 0, 
    0, 5, 937, 1, 0, 0, 0, 0, 0, 0), dim = 5:4, dimnames = list(
        c("-2", "-1", "0", "1", "2"), c("-", "A", "C", "T"))), 
    LR17_SNP1 = structure(c(0, 16, 213, 2241, 6, 0, 0, 0, 0, 
    0, 0, 0), dim = c(6L, 2L), dimnames = list(c("-3", "-2", 
    "-1", "0", "1", "2"), c("A", "G"))), LR20_SNP1 = structure(c(0, 
    725, 0, 0, 2, 811, 1, 0, 0, 0, 0, 0), dim = 4:3, dimnames = list(
        c("-1", "0", "1", "2"), c("A", "G", "T"))), LR24_SNP1 = structure(c(0, 
    6, 1904, 0, 0, 0, 0, 0, 0, 0, 0, 0), dim = 4:3, dimnames = list(
        c("-2", "-1", "0", "1"), c("A", "G", "T"))), LR36_SNP1 = structure(c(0, 
    0, 0, 0, 0, 0, 0, 0, 0, 0, 0, 0, 0, 0, 0, 0, 0, 0, 0, 6, 
    118, 114, 1525, 4), dim = c(6L, 4L), dimnames = list(c("-4", 
    "-3", "-2", "-1", "0", "1"), c("A", "C", "G", "T"))), LR40_SNP1 = structure(c(0, 
    0, 0, 0, 0, 12, 1428, 1, 0, 0, 0, 0), dim = 4:3, dimnames = list(
        c("-3", "-1", "0", "1"), c("A", "C", "T"))), LR44_SNP1 = structure(c(0, 
    0, 0, 0, 0, 0, 0, 0, 40, 3, 172, 1, 0, 0, 0, 0, 0, 2, 0, 
    0, 0, 0, 0, 1, 200, 39, 1, 0), dim = c(7L, 4L), dimnames = list(
        c("-3", "-2", "-1", "0", "1", "2", "3"), c("A", "C", 
        "G", "T"))), LR46_SNP1 = structure(c(0, 0, 0, 0, 0, 1, 
    1426, 0, 0, 0, 2, 0), dim = 4:3, dimnames = list(c("-2", 
    "-1", "0", "1"), c("A", "G", "T"))), LR48_SNP1 = structure(c(0, 
    6, 696, 2, 0, 0, 15, 566, 3, 0), dim = c(5L, 2L), dimnames = list(
        c("-2", "-1", "0", "1", "2"), c("C", "T"))), LR49_SNP1 = structure(c(0, 
    0, 0, 2, 1568, 0, 0, 0, 0, 0, 0, 0), dim = 3:4, dimnames = list(
        c("-1", "0", "1"), c("-", "A", "G", "T"))), LR52_SNP1 = structure(c(0, 
    0, 0, 0, 0, 0, 0, 0, 0, 0, 9, 30, 185, 1001, 2, 0, 0, 0, 
    0, 1, 0, 4, 0, 0), dim = c(8L, 3L), dimnames = list(c("-5", 
    "-4", "-3", "-2", "-1", "0", "1", "2"), c("A", "C", "T"))))
