Result <-
list(DEPDC2_SNP1 = structure(c(0, 0, 0, 0, 1, 0, 1, 2112, 2), dim = c(3L, 
3L), dimnames = list(c("-1", "0", "1"), c("A", "C", "T"))), GM01_SNP1 = structure(c(0, 
4, 2167, 0, 0, 0, 0, 0, 0, 0, 0, 0, 0, 0, 0), dim = c(5L, 3L), dimnames = list(
    c("-2", "-1", "0", "1", "2"), c("A", "C", "G"))), GM07_SNP1 = structure(c(0, 
0, 0, 0, 0, 0, 21, 1437, 4, 0, 0, 0, 0, 0, 0), dim = c(5L, 3L
), dimnames = list(c("-2", "-1", "0", "1", "2"), c("-", "A", 
"G"))), GM09_SNP1 = structure(c(1, 2300, 0, 0, 1, 0, 0, 0, 0), dim = c(3L, 
3L), dimnames = list(c("-1", "0", "1"), c("A", "G", "T"))), GM11_SNP1 = structure(c(0, 
3, 1552, 1, 0, 0, 0, 0), dim = c(4L, 2L), dimnames = list(c("-2", 
"-1", "0", "1"), c("A", "G"))), GM14_SNP1 = structure(c(0, 0, 
1, 0, 0, 2, 1612, 2), dim = c(4L, 2L), dimnames = list(c("-2", 
"-1", "0", "1"), c("C", "T"))), GM17_SNP1 = structure(c(0, 0, 
0, 0, 0, 0, 0, 0, 0, 1, 0, 0, 0, 3, 2459, 0), dim = c(4L, 4L), dimnames = list(
    c("-2", "-1", "0", "1"), c("-", "A", "C", "T"))), GM22_SNP1 = structure(c(0, 
0, 2173, 0, 0, 0, 0, 0, 0, 0, 0, 0, 0, 0, 0), dim = c(5L, 3L), dimnames = list(
    c("-2", "-1", "0", "1", "2"), c("A", "G", "T"))), GM26_SNP1 = structure(c(0, 
1, 748, 0, 0, 0, 1, 688, 0, 0, 0, 0, 0, 0, 0), dim = c(5L, 3L
), dimnames = list(c("-2", "-1", "0", "1", "2"), c("A", "G", 
"T"))), GM29_SNP1 = structure(c(0, 0, 0, 1572, 0, 0, 0, 0, 1, 
0, 0, 0, 0, 0, 0), dim = c(5L, 3L), dimnames = list(c("-3", "-2", 
"-1", "0", "1"), c("A", "G", "T"))), IM16_SNP1 = structure(c(0, 
0, 0, 0, 0, 0, 1, 739, 2, 0, 0, 1, 752, 1, 0, 0, 0, 0, 0, 0), dim = 5:4, dimnames = list(
    c("-2", "-1", "0", "1", "2"), c("-", "A", "G", "T"))), IM49_SNP1 = structure(c(0, 
0, 8, 456, 1, 0, 0, 0, 3, 407, 1, 0), dim = c(6L, 2L), dimnames = list(
    c("-3", "-2", "-1", "0", "1", "2"), c("C", "G"))), LR10_SNP1 = structure(c(0, 
0, 0, 0, 0, 0, 0, 0, 0, 1, 823, 0, 0, 2, 845, 0), dim = c(4L, 
4L), dimnames = list(c("-2", "-1", "0", "1"), c("-", "A", "C", 
"T"))), LR11_SNP1 = structure(c(0, 1, 1012, 1, 0, 0, 5, 796, 
0, 0, 0, 0, 0, 0, 0, 0, 0, 0, 0, 0), dim = 5:4, dimnames = list(
    c("-2", "-1", "0", "1", "2"), c("A", "C", "G", "T"))), LR17_SNP1 = structure(c(0, 
0, 0, 0, 0, 0, 0, 9, 2488, 5, 0, 0, 0, 0, 0, 0, 0, 0), dim = c(6L, 
3L), dimnames = list(c("-2", "-1", "0", "1", "2", "3"), c("-", 
"A", "G"))), LR20_SNP1 = structure(c(0, 0, 0, 0, 1450, 0, 0, 
3, 0), dim = c(3L, 3L), dimnames = list(c("-1", "0", "1"), c("-", 
"A", "G"))), LR24_SNP1 = structure(c(0, 0, 682, 0, 0, 1, 630, 
0), dim = c(4L, 2L), dimnames = list(c("-2", "-1", "0", "1"), 
    c("A", "G"))), LR36_SNP1 = structure(c(0, 0, 0, 0, 0, 0, 
0, 0, 0, 0, 2, 741, 1, 0, 0, 0, 0, 0, 0, 0, 0, 0, 0, 0, 5, 683, 
1, 0), dim = c(7L, 4L), dimnames = list(c("-4", "-3", "-2", "-1", 
"0", "1", "2"), c("-", "A", "G", "T"))), LR40_SNP1 = structure(c(0, 
0, 0, 0, 0, 0, 3, 1389, 0, 0), dim = c(5L, 2L), dimnames = list(
    c("-2", "-1", "0", "1", "2"), c("A", "C"))), LR44_SNP1 = structure(c(0, 
9, 423, 0, 0, 0, 0, 0, 0, 0, 0, 0), dim = 4:3, dimnames = list(
    c("-2", "-1", "0", "1"), c("C", "G", "T"))), LR46_SNP1 = structure(c(0, 
0, 0, 0, 0, 0, 0, 772, 0, 0, 650, 1), dim = 3:4, dimnames = list(
    c("-1", "0", "1"), c("-", "A", "G", "T"))), LR48_SNP1 = structure(c(0, 
0, 0, 0, 0, 0, 1, 847, 0, 0, 0, 6, 796, 0, 0), dim = c(5L, 3L
), dimnames = list(c("-2", "-1", "0", "1", "2"), c("A", "C", 
"T"))), LR49_SNP1 = structure(c(0, 0, 0, 0, 1779, 0), dim = 3:2, dimnames = list(
    c("-1", "0", "1"), c("A", "G"))), LR52_SNP1 = structure(c(0, 
0, 0, 0, 0, 0, 0, 0, 0, 2, 32, 577, 0, 0, 0, 0, 0, 14, 722, 0, 
0), dim = c(7L, 3L), dimnames = list(c("-5", "-3", "-2", "-1", 
"0", "1", "2"), c("A", "C", "T"))))
