Result <-
list(DEPDC2_SNP1 = structure(c(0, 1, 0, 1, 487, 0), dim = 3:2, dimnames = list(
    c("-1", "0", "1"), c("C", "T"))), GM01_SNP1 = structure(c(0, 
137, 491, 0, 0, 1, 1, 0, 0, 0, 0, 0), dim = 4:3, dimnames = list(
    c("-2", "-1", "0", "1"), c("A", "G", "T"))), GM07_SNP1 = structure(c(0, 
0, 0, 0, 0, 0, 0, 0, 6, 64, 233, 20, 0, 0), dim = c(7L, 2L), dimnames = list(
    c("-3", "-2", "-1", "0", "1", "2", "3"), c("A", "G"))), GM09_SNP1 = structure(c(0, 
488, 0, 0, 398, 0, 0, 0, 0), dim = c(3L, 3L), dimnames = list(
    c("-1", "0", "1"), c("A", "G", "T"))), GM11_SNP1 = structure(c(2, 
387, 0, 0, 0, 0), dim = 3:2, dimnames = list(c("-1", "0", "1"
), c("A", "G"))), GM14_SNP1 = structure(c(0, 11, 222, 1, 0, 0, 
12, 217, 0, 0), dim = c(5L, 2L), dimnames = list(c("-2", "-1", 
"0", "1", "2"), c("C", "T"))), GM17_SNP1 = structure(c(0, 0, 
0, 0, 0, 0, 0, 3, 470, 0, 0, 0, 186, 260, 0), dim = c(5L, 3L), dimnames = list(
    c("-3", "-2", "-1", "0", "1"), c("A", "C", "T"))), GM22_SNP1 = structure(c(0, 
120, 485, 0, 0, 0, 0, 0, 0, 0, 0, 0), dim = 4:3, dimnames = list(
    c("-2", "-1", "0", "1"), c("A", "G", "T"))), GM26_SNP1 = structure(c(0, 
1, 152, 0, 0, 0, 169, 0, 0, 0, 0, 0), dim = 4:3, dimnames = list(
    c("-2", "-1", "0", "1"), c("A", "G", "T"))), GM29_SNP1 = structure(c(0, 
0, 0, 592, 0, 0, 0, 0, 1, 0, 0, 0, 0, 0, 0), dim = c(5L, 3L), dimnames = list(
    c("-3", "-2", "-1", "0", "1"), c("A", "G", "T"))), IM16_SNP1 = structure(c(0, 
77, 388, 2, 0, 0, 0, 0, 0, 0, 0, 0), dim = 4:3, dimnames = list(
    c("-2", "-1", "0", "1"), c("A", "G", "T"))), IM49_SNP1 = structure(c(0, 
0, 0, 0, 0, 3, 132, 200, 1, 0, 3, 85, 171, 0, 0), dim = c(5L, 
3L), dimnames = list(c("-2", "-1", "0", "1", "2"), c("A", "C", 
"G"))), LR10_SNP1 = structure(c(0, 0, 0, 0, 0, 0, 0, 0, 2, 8, 
372, 0), dim = 4:3, dimnames = list(c("-2", "-1", "0", "1"), 
    c("C", "G", "T"))), LR11_SNP1 = structure(c(0, 1, 152, 224, 
0, 0, 0, 0, 25, 332, 0, 0, 0, 0, 0, 0, 0, 0), dim = c(6L, 3L), dimnames = list(
    c("-3", "-2", "-1", "0", "1", "2"), c("A", "C", "G"))), LR17_SNP1 = structure(c(0, 
0, 178, 143, 506, 0, 0, 0, 0, 0, 0, 0, 0, 0, 0, 0, 0, 0, 0, 0, 
0), dim = c(7L, 3L), dimnames = list(c("-4", "-3", "-2", "-1", 
"0", "1", "2"), c("A", "C", "G"))), LR20_SNP1 = structure(c(0, 
0, 0, 2, 279, 0, 0, 0, 0, 0, 303, 0, 0, 0, 0), dim = c(3L, 5L
), dimnames = list(c("-1", "0", "1"), c("-", "A", "C", "G", "T"
))), LR24_SNP1 = structure(c(0, 0, 1, 354, 0, 0, 0, 0, 0, 0, 
0, 0, 4, 353, 0), dim = c(5L, 3L), dimnames = list(c("-3", "-2", 
"-1", "0", "1"), c("A", "C", "G"))), LR36_SNP1 = structure(c(0, 
0, 0, 2, 0, 0, 1, 33, 77, 448, 2, 0), dim = c(6L, 2L), dimnames = list(
    c("-3", "-2", "-1", "0", "1", "2"), c("A", "T"))), LR40_SNP1 = structure(c(0, 
0, 0, 0, 0, 89, 370, 0), dim = c(4L, 2L), dimnames = list(c("-2", 
"-1", "0", "1"), c("A", "C"))), LR44_SNP1 = structure(c(0, 0, 
0, 0, 0, 2, 26, 1, 51, 0, 3, 40, 2, 56, 0), dim = c(5L, 3L), dimnames = list(
    c("-3", "-2", "-1", "0", "1"), c("A", "C", "T"))), LR46_SNP1 = structure(c(0, 
0, 0, 0, 0, 1, 178, 0, 3, 1, 163, 0), dim = 4:3, dimnames = list(
    c("-2", "-1", "0", "1"), c("-", "G", "T"))), LR48_SNP1 = structure(c(0, 
0, 0, 1, 0, 0, 0, 78, 118, 0, 0, 2, 53, 108, 0), dim = c(5L, 
3L), dimnames = list(c("-3", "-2", "-1", "0", "1"), c("A", "C", 
"T"))), LR49_SNP1 = structure(c(1, 41, 224, 0, 0, 0, 0, 0, 0, 
93, 145, 0), dim = 4:3, dimnames = list(c("-2", "-1", "0", "1"
), c("A", "C", "G"))), LR52_SNP1 = structure(c(0, 0, 0, 0, 0, 
0, 0, 0, 0, 0, 0, 45, 27, 29, 169, 0, 0, 0, 0, 0, 0, 0, 2, 0), dim = c(8L, 
3L), dimnames = list(c("-6", "-5", "-4", "-3", "-2", "-1", "0", 
"1"), c("-", "C", "T"))))
