Result <-
list(DEPDC2_SNP1 = structure(c(0, 0, 129, 0, 0, 0, 0, 0, 0, 0, 
133, 0), dim = 4:3, dimnames = list(c("-2", "-1", "0", "1"), 
    c("C", "G", "T"))), GM01_SNP1 = structure(c(0, 0, 99, 0, 
0, 0, 102, 0), dim = c(4L, 2L), dimnames = list(c("-2", "-1", 
"0", "1"), c("A", "G"))), GM07_SNP1 = structure(c(0, 0, 0, 0, 
0, 0, 21, 132, 1, 0, 0, 0, 0, 0, 0), dim = c(5L, 3L), dimnames = list(
    c("-2", "-1", "0", "1", "2"), c("A", "G", "T"))), GM09_SNP1 = structure(c(0, 
0, 225, 0, 0, 0, 210, 0, 0, 0, 0, 0), dim = 4:3, dimnames = list(
    c("-2", "-1", "0", "1"), c("A", "G", "T"))), GM11_SNP1 = structure(c(0, 
2, 86, 0, 0, 0, 0, 0), dim = c(4L, 2L), dimnames = list(c("-2", 
"-1", "0", "1"), c("A", "G"))), GM14_SNP1 = structure(c(0, 0, 
0, 0, 0, 0, 9, 311, 0, 0), dim = c(5L, 2L), dimnames = list(c("-2", 
"-1", "0", "1", "2"), c("C", "T"))), GM17_SNP1 = structure(c(0, 
0, 0, 0, 0, 0, 0, 6, 205, 0, 0, 0, 5, 240, 0), dim = c(5L, 3L
), dimnames = list(c("-3", "-2", "-1", "0", "1"), c("A", "C", 
"T"))), GM22_SNP1 = structure(c(0, 0, 265, 0, 0, 0, 0, 1, 0, 
0, 0, 0, 0, 0, 0), dim = c(5L, 3L), dimnames = list(c("-2", "-1", 
"0", "1", "2"), c("A", "G", "T"))), GM26_SNP1 = structure(c(0, 
43, 0, 0, 55, 0, 0, 0, 0), dim = c(3L, 3L), dimnames = list(c("-1", 
"0", "1"), c("A", "G", "T"))), GM29_SNP1 = structure(c(0, 0, 
0, 0, 0, 0, 0, 1, 187, 0, 0, 0, 0, 0, 0, 0, 0, 0, 192, 1), dim = 5:4, dimnames = list(
    c("-3", "-2", "-1", "0", "1"), c("-", "A", "C", "G"))), IM16_SNP1 = structure(c(0, 
0, 0, 0, 0, 1, 151, 1, 0, 0, 0, 0, 0, 0, 0), dim = c(5L, 3L), dimnames = list(
    c("-1", "0", "1", "2", "3"), c("A", "G", "T"))), IM49_SNP1 = structure(c(0, 
0, 0, 0, 0, 0, 0, 3, 62, 159, 0, 0, 0, 0, 6, 232, 1, 0, 0, 0, 
0, 0, 0, 0), dim = c(6L, 4L), dimnames = list(c("-3", "-2", "-1", 
"0", "1", "2"), c("A", "C", "G", "T"))), LR10_SNP1 = structure(c(0, 
0, 1, 0, 0, 0, 158, 0), dim = c(4L, 2L), dimnames = list(c("-2", 
"-1", "0", "1"), c("C", "T"))), LR11_SNP1 = structure(c(0, 0, 
0, 0, 0, 0, 0, 0, 1, 306, 0, 0, 0, 0, 0, 0, 0, 0), dim = c(6L, 
3L), dimnames = list(c("-3", "-2", "-1", "0", "1", "2"), c("A", 
"C", "T"))), LR17_SNP1 = structure(c(0, 3, 116, 424, 0, 0, 0, 
0, 0, 0), dim = c(5L, 2L), dimnames = list(c("-3", "-2", "-1", 
"0", "1"), c("A", "G"))), LR20_SNP1 = structure(c(2, 118, 0, 
0, 0, 0, 1, 132, 0, 0, 0, 0), dim = 3:4, dimnames = list(c("-1", 
"0", "1"), c("A", "C", "G", "T"))), LR24_SNP1 = structure(c(0, 
0, 0, 0, 12, 48, 139, 0, 0, 0, 222, 0), dim = 4:3, dimnames = list(
    c("-2", "-1", "0", "1"), c("-", "A", "G"))), LR36_SNP1 = structure(c(0, 
0, 0, 0, 0, 0, 0, 2, 179, 0, 0, 0, 0, 0, 0, 0, 0, 0, 182, 1), dim = 5:4, dimnames = list(
    c("-3", "-2", "-1", "0", "1"), c("-", "A", "G", "T"))), LR40_SNP1 = structure(c(0, 
1, 0, 2, 152, 0, 0, 0, 0), dim = c(3L, 3L), dimnames = list(c("-1", 
"0", "1"), c("A", "C", "T"))), LR44_SNP1 = structure(c(0, 0, 
18, 39, 0, 0, 0, 2, 49, 0), dim = c(5L, 2L), dimnames = list(
    c("-3", "-2", "-1", "0", "1"), c("C", "T"))), LR46_SNP1 = structure(c(0, 
0, 0, 0, 50, 0, 0, 97, 0), dim = c(3L, 3L), dimnames = list(c("-1", 
"0", "1"), c("-", "G", "T"))), LR48_SNP1 = structure(c(0, 0, 
0, 0, 0, 0, 1, 168, 1, 0, 0, 0, 0, 0, 0), dim = c(5L, 3L), dimnames = list(
    c("-2", "-1", "0", "1", "2"), c("A", "C", "T"))), LR49_SNP1 = structure(c(3, 
164, 0, 0, 86, 0), dim = 3:2, dimnames = list(c("-1", "0", "1"
), c("A", "G"))), LR52_SNP1 = structure(c(0, 0, 1, 37, 0, 0, 
0, 0, 11, 19, 0, 0), dim = c(6L, 2L), dimnames = list(c("-3", 
"-2", "-1", "0", "1", "2"), c("C", "T"))))
