Result <-
list(DEPDC2_SNP1 = structure(c(0, 0, 0, 0, 403, 0, 0, 0, 0, 1, 
458, 2), dim = 3:4, dimnames = list(c("-1", "0", "1"), c("-", 
"C", "G", "T"))), GM01_SNP1 = structure(c(0, 4, 720, 0, 0, 0, 
0, 724, 0, 0), dim = c(5L, 2L), dimnames = list(c("-2", "-1", 
"0", "1", "2"), c("A", "G"))), GM07_SNP1 = structure(c(0, 0, 
0, 0, 0, 0, 66, 826, 1, 0, 0, 0, 0, 0, 0), dim = c(5L, 3L), dimnames = list(
    c("-2", "-1", "0", "1", "2"), c("A", "G", "T"))), GM09_SNP1 = structure(c(0, 
0, 0, 0, 0, 41, 985, 2, 0, 0, 0, 0), dim = 4:3, dimnames = list(
    c("-2", "-1", "0", "1"), c("A", "G", "T"))), GM11_SNP1 = structure(c(0, 
0, 0, 0, 24, 26, 953, 1), dim = c(4L, 2L), dimnames = list(c("-2", 
"-1", "0", "1"), c("A", "G"))), GM14_SNP1 = structure(c(0, 0, 
1, 0, 1, 29, 467, 0, 0, 46, 488, 0), dim = 4:3, dimnames = list(
    c("-2", "-1", "0", "1"), c("A", "C", "T"))), GM17_SNP1 = structure(c(0, 
0, 0, 0, 0, 0, 3, 1171, 49, 0, 0, 0, 0, 0, 0), dim = c(5L, 3L
), dimnames = list(c("-2", "-1", "0", "1", "2"), c("A", "C", 
"T"))), GM22_SNP1 = structure(c(0, 0, 0, 0, 0, 1, 1506, 3, 0, 
0, 1, 0, 0, 0, 0, 0), dim = c(4L, 4L), dimnames = list(c("-2", 
"-1", "0", "1"), c("-", "A", "G", "T"))), GM26_SNP1 = structure(c(0, 
1, 933, 0, 0, 0, 0, 0, 0, 0, 0, 0), dim = 4:3, dimnames = list(
    c("-2", "-1", "0", "1"), c("A", "G", "T"))), GM29_SNP1 = structure(c(5, 
826, 2, 0, 0, 1, 0, 0, 0, 0, 0, 0), dim = 4:3, dimnames = list(
    c("-1", "0", "1", "2"), c("A", "G", "T"))), IM16_SNP1 = structure(c(0, 
1, 598, 0, 0, 0, 72, 526, 1, 0, 0, 0, 0, 0, 0), dim = c(5L, 3L
), dimnames = list(c("-2", "-1", "0", "1", "2"), c("A", "G", 
"T"))), IM49_SNP1 = structure(c(0, 0, 0, 0, 0, 0, 15, 722, 0, 
0), dim = c(5L, 2L), dimnames = list(c("-2", "-1", "0", "1", 
"2"), c("C", "G"))), LR10_SNP1 = structure(c(0, 0, 0, 0, 635, 
0, 0, 0, 0, 1, 665, 2), dim = 3:4, dimnames = list(c("-1", "0", 
"1"), c("A", "C", "G", "T"))), LR11_SNP1 = structure(c(0, 0, 
0, 0, 0, 2, 63, 520, 0, 0, 0, 1, 505, 1, 0), dim = c(5L, 3L), dimnames = list(
    c("-2", "-1", "0", "1", "2"), c("-", "A", "C"))), LR17_SNP1 = structure(c(1, 
67, 992, 0, 0, 0, 0, 0, 0, 0, 0, 0, 0, 0, 0), dim = c(5L, 3L), dimnames = list(
    c("-2", "-1", "0", "1", "2"), c("A", "C", "G"))), LR20_SNP1 = structure(c(0, 
0, 0, 0, 649, 2, 0, 700, 0, 0, 0, 0), dim = 3:4, dimnames = list(
    c("-1", "0", "1"), c("-", "A", "G", "T"))), LR24_SNP1 = structure(c(0, 
1, 0, 5, 766, 0, 0, 1, 0), dim = c(3L, 3L), dimnames = list(c("-1", 
"0", "1"), c("A", "G", "T"))), LR36_SNP1 = structure(c(0, 1, 
0, 2, 51, 1160, 2, 0, 0, 0, 0, 0, 0, 0, 0, 0, 0, 0, 0, 0, 0), dim = c(7L, 
3L), dimnames = list(c("-5", "-4", "-3", "-2", "-1", "0", "1"
), c("A", "G", "T"))), LR40_SNP1 = structure(c(0, 0, 0, 3, 805, 
0), dim = 3:2, dimnames = list(c("-1", "0", "1"), c("A", "C"))), 
    LR44_SNP1 = structure(c(0, 0, 0, 0, 0, 0, 0, 6, 70, 696, 
    0, 0, 0, 0, 0, 3, 0, 0), dim = c(6L, 3L), dimnames = list(
        c("-3", "-2", "-1", "0", "1", "2"), c("A", "C", "T"))), 
    LR46_SNP1 = structure(c(0, 0, 0, 0, 1, 53, 920, 0, 0, 0, 
    0, 0), dim = 4:3, dimnames = list(c("-2", "-1", "0", "1"), 
        c("C", "G", "T"))), LR48_SNP1 = structure(c(0, 0, 0, 
    0, 0, 0, 0, 0, 55, 2, 489, 1, 0, 0, 0, 0, 0, 0, 0, 0, 0, 
    0, 0, 0, 503, 1, 0, 0), dim = c(7L, 4L), dimnames = list(
        c("-3", "-2", "-1", "0", "1", "2", "3"), c("A", "C", 
        "G", "T"))), LR49_SNP1 = structure(c(0, 3, 758, 0, 0, 
    0, 1, 0), dim = c(4L, 2L), dimnames = list(c("-2", "-1", 
    "0", "1"), c("A", "G"))), LR52_SNP1 = structure(c(0, 1, 0, 
    1, 0, 0, 0, 0, 0, 0, 0, 0, 0, 0, 0, 3, 88, 34, 905, 0, 0), dim = c(7L, 
    3L), dimnames = list(c("-4", "-3", "-2", "-1", "0", "1", 
    "2"), c("C", "G", "T"))))
