Result <-
list(DEPDC2_SNP1 = structure(c(0, 0, 0, 0, 0, 30, 493, 0, 0, 
4, 705, 0), dim = 4:3, dimnames = list(c("-2", "-1", "0", "1"
), c("A", "C", "T"))), GM01_SNP1 = structure(c(0, 0, 0, 0, 0, 
3, 741, 0, 0, 11, 793, 0, 0, 0, 0, 0), dim = c(4L, 4L), dimnames = list(
    c("-2", "-1", "0", "1"), c("-", "A", "G", "T"))), GM07_SNP1 = structure(c(0, 
0, 0, 0, 0, 0, 0, 0, 0, 82, 83, 872, 1, 0, 0, 0, 0, 0, 0, 0, 
0, 0, 0, 0, 0, 0, 0, 0), dim = c(7L, 4L), dimnames = list(c("-4", 
"-3", "-2", "-1", "0", "1", "2"), c("-", "A", "G", "T"))), GM09_SNP1 = structure(c(2, 
809, 0, 0, 0, 0, 4, 735, 0, 0, 0, 0), dim = 3:4, dimnames = list(
    c("-1", "0", "1"), c("A", "C", "G", "T"))), GM11_SNP1 = structure(c(7, 
1298, 3, 0, 0, 0, 0, 0, 0, 0, 0, 0), dim = 3:4, dimnames = list(
    c("-1", "0", "1"), c("A", "C", "G", "T"))), GM14_SNP1 = structure(c(0, 
4, 102, 1006, 29, 0, 0, 0, 0, 0, 0, 0), dim = c(6L, 2L), dimnames = list(
    c("-3", "-2", "-1", "0", "1", "2"), c("C", "T"))), GM17_SNP1 = structure(c(0, 
0, 0, 0, 0, 5, 692, 0, 0, 4, 693, 0), dim = 4:3, dimnames = list(
    c("-2", "-1", "0", "1"), c("A", "C", "T"))), GM22_SNP1 = structure(c(0, 
0, 799, 0, 0, 0, 0, 0, 0, 2, 668, 0), dim = 4:3, dimnames = list(
    c("-2", "-1", "0", "1"), c("A", "C", "G"))), GM26_SNP1 = structure(c(0, 
2, 1173, 0, 0, 0, 1, 0), dim = c(4L, 2L), dimnames = list(c("-2", 
"-1", "0", "1"), c("A", "G"))), GM29_SNP1 = structure(c(0, 3, 
520, 0, 0, 0, 0, 0, 0, 0, 0, 2, 405, 101, 0), dim = c(5L, 3L), dimnames = list(
    c("-2", "-1", "0", "1", "2"), c("A", "C", "G"))), IM16_SNP1 = structure(c(0, 
0, 87, 523, 0, 0, 0, 3, 634, 1), dim = c(5L, 2L), dimnames = list(
    c("-3", "-2", "-1", "0", "1"), c("A", "G"))), IM49_SNP1 = structure(c(3, 
55, 296, 1, 0, 2, 53, 282, 1, 0, 0, 0, 0, 0, 0), dim = c(5L, 
3L), dimnames = list(c("-2", "-1", "0", "1", "2"), c("C", "G", 
"T"))), LR10_SNP1 = structure(c(0, 0, 0, 0, 0, 0, 1, 0, 0, 19, 
1397, 0), dim = 4:3, dimnames = list(c("-2", "-1", "0", "1"), 
    c("A", "C", "T"))), LR11_SNP1 = structure(c(0, 0, 0, 0, 0, 
0, 0, 0, 6, 899, 0, 0, 0, 105, 11, 593, 0, 0, 0, 0, 0, 0, 0, 
0, 0, 0, 0, 0, 0, 0), dim = 6:5, dimnames = list(c("-3", "-2", 
"-1", "0", "1", "2"), c("-", "A", "C", "G", "T"))), LR17_SNP1 = structure(c(0, 
2, 120, 1217, 1, 0, 0, 0, 0, 0, 0, 0), dim = c(6L, 2L), dimnames = list(
    c("-3", "-2", "-1", "0", "1", "2"), c("A", "G"))), LR20_SNP1 = structure(c(2, 
632, 0, 1, 615, 0, 0, 0, 0), dim = c(3L, 3L), dimnames = list(
    c("-1", "0", "1"), c("A", "G", "T"))), LR24_SNP1 = structure(c(0, 
0, 92, 461, 0, 0, 0, 27, 583, 0), dim = c(5L, 2L), dimnames = list(
    c("-3", "-2", "-1", "0", "1"), c("A", "G"))), LR36_SNP1 = structure(c(0, 
0, 82, 424, 1, 0, 0, 0, 0, 0, 0, 0, 5, 503, 0), dim = c(5L, 3L
), dimnames = list(c("-3", "-2", "-1", "0", "1"), c("A", "G", 
"T"))), LR40_SNP1 = structure(c(0, 0, 0, 0, 0, 0, 86, 1005, 1, 
0, 0, 0, 0, 0, 0), dim = c(5L, 3L), dimnames = list(c("-2", "-1", 
"0", "1", "2"), c("A", "C", "T"))), LR44_SNP1 = structure(c(0, 
0, 0, 0, 0, 0, 0, 0, 94, 79, 7, 819, 0, 0, 0, 0, 0, 0, 0, 0, 
0, 0, 0, 0, 0, 0, 0, 0), dim = c(7L, 4L), dimnames = list(c("-4", 
"-3", "-2", "-1", "0", "1", "2"), c("A", "C", "G", "T"))), LR46_SNP1 = structure(c(0, 
0, 0, 0, 0, 0, 0, 0, 0, 0, 515, 1, 0, 0, 525, 0), dim = c(4L, 
4L), dimnames = list(c("-3", "-1", "0", "1"), c("A", "C", "G", 
"T"))), LR48_SNP1 = structure(c(0, 0, 0, 0, 0, 0, 0, 0, 0, 0, 
0, 0, 0, 2, 103, 1078, 1, 0, 0, 0, 0, 0, 0, 0), dim = c(6L, 4L
), dimnames = list(c("-4", "-2", "-1", "0", "1", "2"), c("-", 
"A", "C", "T"))), LR49_SNP1 = structure(c(1, 486, 0, 2, 701, 
0, 0, 0, 0), dim = c(3L, 3L), dimnames = list(c("-1", "0", "1"
), c("A", "G", "T"))), LR52_SNP1 = structure(c(0, 0, 0, 0, 0, 
0, 0, 0, 6, 118, 22, 531, 1, 0, 0, 22, 86, 10, 523, 2, 0), dim = c(7L, 
3L), dimnames = list(c("-4", "-3", "-2", "-1", "0", "1", "2"), 
    c("-", "C", "T"))))
