Result <-
list(DEPDC2_SNP1 = structure(c(0, 0, 0, 0, 0, 0, 486, 18, 0, 
2, 571, 2), dim = 4:3, dimnames = list(c("-2", "-1", "0", "1"
), c("A", "C", "T"))), GM01_SNP1 = structure(c(0, 0, 0, 0, 0, 
3, 793, 0, 0, 4, 823, 0), dim = 4:3, dimnames = list(c("-2", 
"-1", "0", "1"), c("-", "A", "G"))), GM07_SNP1 = structure(c(0, 
0, 0, 0, 0, 0, 0, 3, 253, 265, 0, 0, 0, 0, 131, 390, 1, 0, 0, 
0, 0, 0, 0, 0), dim = c(6L, 4L), dimnames = list(c("-3", "-2", 
"-1", "0", "1", "2"), c("-", "A", "G", "T"))), GM09_SNP1 = structure(c(1, 
713, 0, 1, 657, 0), dim = 3:2, dimnames = list(c("-1", "0", "1"
), c("A", "G"))), GM11_SNP1 = structure(c(2, 240, 630, 0, 0, 
0, 0, 0), dim = c(4L, 2L), dimnames = list(c("-2", "-1", "0", 
"1"), c("A", "G"))), GM14_SNP1 = structure(c(0, 0, 3, 294, 305, 
0, 0, 0, 0, 0, 23, 577, 0, 0, 0, 0), dim = c(8L, 2L), dimnames = list(
    c("-3", "-2", "-1", "0", "1", "2", "3", "4"), c("C", "T"))), 
    GM17_SNP1 = structure(c(0, 15, 749, 0, 0, 0, 1, 731, 4, 0
    ), dim = c(5L, 2L), dimnames = list(c("-2", "-1", "0", "1", 
    "2"), c("C", "T"))), GM22_SNP1 = structure(c(0, 0, 9, 1562, 
    1, 0, 0, 0, 0, 0, 0, 0, 0, 0, 0), dim = c(5L, 3L), dimnames = list(
        c("-3", "-2", "-1", "0", "1"), c("A", "G", "T"))), GM26_SNP1 = structure(c(0, 
    20, 1188, 0, 0, 0, 0, 0, 0, 0, 0, 0, 0, 0, 0), dim = c(5L, 
    3L), dimnames = list(c("-2", "-1", "0", "1", "2"), c("A", 
    "G", "T"))), GM29_SNP1 = structure(c(0, 235, 744, 0, 0, 0, 
    0, 0, 0, 0, 0, 0), dim = 4:3, dimnames = list(c("-2", "-1", 
    "0", "1"), c("A", "G", "T"))), IM16_SNP1 = structure(c(0, 
    0, 0, 0, 0, 0, 238, 336, 0, 0, 0, 63, 586, 0, 0, 0, 0, 0, 
    0, 0), dim = 5:4, dimnames = list(c("-2", "-1", "0", "1", 
    "2"), c("-", "A", "G", "T"))), IM49_SNP1 = structure(c(2, 
    61, 249, 129, 0, 0, 0, 6, 380, 41, 0, 0), dim = c(6L, 2L), dimnames = list(
        c("-2", "-1", "0", "1", "2", "3"), c("C", "G"))), LR10_SNP1 = structure(c(0, 
    0, 0, 0, 0, 0, 1, 0, 0, 0, 0, 0, 0, 375, 1152, 2), dim = c(4L, 
    4L), dimnames = list(c("-2", "-1", "0", "1"), c("A", "C", 
    "G", "T"))), LR11_SNP1 = structure(c(0, 0, 0, 0, 0, 0, 35, 
    991, 2, 0), dim = c(5L, 2L), dimnames = list(c("-2", "-1", 
    "0", "1", "2"), c("A", "C"))), LR17_SNP1 = structure(c(0, 
    0, 0, 0, 0, 0, 0, 0, 12, 310, 277, 510, 0, 0, 0, 0, 0, 0, 
    0, 0, 0, 0, 0, 0, 0, 0, 0, 0), dim = c(7L, 4L), dimnames = list(
        c("-4", "-3", "-2", "-1", "0", "1", "2"), c("-", "A", 
        "G", "T"))), LR20_SNP1 = structure(c(0, 0, 0, 0, 0, 331, 
    973, 0, 0, 0, 1, 0), dim = 4:3, dimnames = list(c("-2", "-1", 
    "0", "1"), c("A", "G", "T"))), LR24_SNP1 = structure(c(0, 
    38, 416, 0, 0, 12, 456, 1, 0, 0, 0, 0), dim = 4:3, dimnames = list(
        c("-2", "-1", "0", "1"), c("A", "G", "T"))), LR36_SNP1 = structure(c(0, 
    0, 0, 0, 0, 0, 0, 32, 197, 2, 311, 0, 0, 0, 0, 0, 0, 0, 0, 
    0, 31, 259, 317, 0), dim = c(6L, 4L), dimnames = list(c("-4", 
    "-3", "-2", "-1", "0", "1"), c("-", "A", "G", "T"))), LR40_SNP1 = structure(c(0, 
    0, 0, 0, 0, 36, 829, 0, 0, 0, 0, 0), dim = 4:3, dimnames = list(
        c("-2", "-1", "0", "1"), c("A", "C", "T"))), LR44_SNP1 = structure(c(0, 
    0, 0, 0, 0, 0, 0, 0, 0, 0, 12, 110, 846, 1, 0, 0, 0, 0, 0, 
    1, 10, 0, 0, 0), dim = c(8L, 3L), dimnames = list(c("-4", 
    "-3", "-2", "-1", "0", "1", "2", "4"), c("A", "C", "T"))), 
    LR46_SNP1 = structure(c(0, 0, 0, 0, 0, 1, 504, 0, 0, 1, 531, 
    1), dim = 4:3, dimnames = list(c("-2", "-1", "0", "1"), c("-", 
    "G", "T"))), LR48_SNP1 = structure(c(0, 0, 0, 0, 0, 0, 0, 
    0, 124, 1075, 1, 0, 0, 0, 0, 0, 0, 0), dim = c(6L, 3L), dimnames = list(
        c("-3", "-2", "-1", "0", "1", "2"), c("A", "C", "T"))), 
    LR49_SNP1 = structure(c(0, 1, 0, 0, 4, 833, 191, 0), dim = c(4L, 
    2L), dimnames = list(c("-1", "0", "1", "2"), c("A", "G"))), 
    LR52_SNP1 = structure(c(0, 0, 0, 0, 0, 0, 1, 56, 266, 290, 
    0, 0, 0, 33, 225, 418, 0, 0), dim = c(6L, 3L), dimnames = list(
        c("-3", "-2", "-1", "0", "1", "2"), c("A", "C", "T"))))
