Result <-
list(AKMmono02 = structure(c(137L, 4191L, 116L, 2L, 964L, 10L, 
169L, 3L, 50L, 1L, 0L, 22L, 0L, 0L), .Dim = c(7L, 2L), .Dimnames = structure(list(
    c("-1", "-2", "-3", "-4", "0", "1", NA), c("T", NA)), .Names = c("", 
"")), class = "table"), AKMmono03 = structure(c(4015L, 781L, 
78L, 2L, 3969L, 46L, 218L, 0L, 0L, 0L, 0L, 1L, 0L, 0L, 1L, 0L, 
0L, 0L, 0L, 0L, 0L, 0L, 0L, 0L, 0L, 1L, 0L, 0L, 167L, 22L, 2L, 
0L, 284L, 3L, 0L), .Dim = c(7L, 5L), .Dimnames = structure(list(
    c("-1", "-2", "-3", "-4", "0", "1", NA), c("A", "C", "G", 
    "T", NA)), .Names = c("", "")), class = "table"), AKMmono05 = structure(c(2390L, 
303L, 26L, 1L, 3328L, 103L, 7L, 103L, 0L, 0L, 0L, 0L, 1L, 0L, 
0L, 0L, 1L, 0L, 0L, 0L, 1L, 0L, 0L, 0L, 92L, 10L, 0L, 0L, 328L, 
8L, 0L, 0L), .Dim = c(8L, 4L), .Dimnames = structure(list(c("-1", 
"-2", "-3", "-4", "0", "1", "2", NA), c("A", "G", "T", NA)), .Names = c("", 
"")), class = "table"), AKMmono13 = structure(c(5638L, 534L, 
32L, 1L, 1477L, 21L, 239L, 144L, 10L, 0L, 0L, 81L, 0L, 0L), .Dim = c(7L, 
2L), .Dimnames = structure(list(c("-1", "-2", "-3", "-4", "0", 
"1", NA), c("A", NA)), .Names = c("", "")), class = "table"), 
    AKMmono16 = structure(c(5074L, 769L, 25L, 1L, 2269L, 61L, 
    236L, 1L, 0L, 0L, 0L, 1L, 0L, 0L, 125L, 16L, 0L, 0L, 143L, 
    4L, 0L), .Dim = c(7L, 3L), .Dimnames = structure(list(c("-1", 
    "-2", "-3", "-5", "0", "1", NA), c("A", "G", NA)), .Names = c("", 
    "")), class = "table"), AKMmono22 = structure(c(690L, 1551L, 
    440L, 36L, 3L, 607L, 26L, 1L, 236L, 41L, 65L, 11L, 3L, 0L, 
    74L, 1L, 0L, 0L), .Dim = c(9L, 2L), .Dimnames = structure(list(
        c("-1", "-2", "-3", "-4", "-5", "0", "1", "2", NA), c("A", 
        NA)), .Names = c("", "")), class = "table"), EJmono05 = structure(c(0L, 
    0L, 0L, 2L, 0L, 0L, 1L, 1L, 0L, 0L, 1L, 0L, 0L, 0L, 4106L, 
    279L, 11L, 5002L, 82L, 3L, 71L, 91L, 5L, 0L, 198L, 1L, 0L, 
    0L), .Dim = c(7L, 4L), .Dimnames = structure(list(c("-1", 
    "-2", "-3", "0", "1", "2", NA), c("A", "C", "T", NA)), .Names = c("", 
    "")), class = "table"), EJmono16 = structure(c(441L, 2224L, 
    190L, 1L, 3893L, 187L, 9L, 243L, 5L, 16L, 1L, 0L, 44L, 2L, 
    0L, 0L), .Dim = c(8L, 2L), .Dimnames = structure(list(c("-1", 
    "-2", "-3", "-4", "0", "1", "2", NA), c("A", NA)), .Names = c("", 
    "")), class = "table"), LMmono01 = structure(c(1576L, 97L, 
    1L, 1458L, 14L, 1L, 39L, 64L, 2L, 0L, 109L, 2L, 0L, 0L), .Dim = c(7L, 
    2L), .Dimnames = structure(list(c("-1", "-2", "-3", "0", 
    "1", "2", NA), c("A", NA)), .Names = c("", "")), class = "table"), 
    LMmono03 = structure(c(1L, 0L, 0L, 0L, 0L, 0L, 0L, 0L, 0L, 
    1616L, 509L, 62L, 7L, 1L, 2532L, 68L, 4L, 255L, 0L, 0L, 0L, 
    0L, 0L, 1L, 0L, 0L, 0L, 13L, 4L, 1L, 0L, 0L, 142L, 0L, 0L, 
    0L), .Dim = c(9L, 4L), .Dimnames = structure(list(c("-1", 
    "-2", "-3", "-4", "-6", "0", "1", "2", NA), c("A", "C", "G", 
    NA)), .Names = c("", "")), class = "table"), LMmono09 = structure(c(1L, 
    0L, 0L, 0L, 0L, 0L, 0L, 0L, 1L, 0L, 0L, 0L, 0L, 0L, 0L, 0L, 
    1L, 0L, 0L, 0L, 0L, 0L, 0L, 0L, 2912L, 1338L, 182L, 5L, 940L, 
    37L, 2L, 153L, 43L, 19L, 4L, 0L, 16L, 0L, 0L, 0L), .Dim = c(8L, 
    5L), .Dimnames = structure(list(c("-1", "-2", "-3", "-4", 
    "0", "1", "2", NA), c("A", "C", "G", "T", NA)), .Names = c("", 
    "")), class = "table"), LMmono12 = structure(c(2999L, 3573L, 
    643L, 13L, 1660L, 86L, 5L, 521L, 0L, 1L, 0L, 0L, 1L, 0L, 
    0L, 0L, 1L, 0L, 0L, 0L, 0L, 0L, 0L, 0L, 39L, 40L, 8L, 0L, 
    86L, 2L, 0L, 0L), .Dim = c(8L, 4L), .Dimnames = structure(list(
        c("-1", "-2", "-3", "-4", "0", "1", "2", NA), c("A", 
        "G", "T", NA)), .Names = c("", "")), class = "table"), 
    LMmono16 = structure(c(25L, 1L, 8L, 2L, 2361L, 311L, 1073L, 
    1L, 59L, 2L, 339L, 0L, 0L, 0L, 0L, 8L, 1L, 0L, 0L, 0L, 0L, 
    0L, 0L, 0L, 0L, 0L, 1L, 0L, 1L, 0L, 0L, 0L, 0L, 0L, 0L, 0L, 
    0L, 324L, 16L, 82L, 0L, 11L, 0L, 0L), .Dim = c(11L, 4L), .Dimnames = structure(list(
        c("-1", "-2", "-3", "-5", "0", "1", "3", "4", "5", "6", 
        NA), c("A", "C", "G", NA)), .Names = c("", "")), class = "table"), 
    MSJmono10 = structure(c(0L, 0L, 0L, 0L, 2L, 0L, 0L, 0L, 509L, 
    4470L, 147L, 2L, 6341L, 176L, 2L, 116L, 16L, 65L, 3L, 0L, 
    263L, 10L, 0L, 0L), .Dim = c(8L, 3L), .Dimnames = structure(list(
        c("-1", "-2", "-3", "-4", "0", "1", "2", NA), c("A", 
        "C", NA)), .Names = c("", "")), class = "table"), MSJmono19ms1 = structure(c(675L, 
    46L, 1L, 6413L, 138L, 3L, 150L, 0L, 0L, 0L, 11L, 0L, 0L, 
    2L, 0L, 0L, 0L, 2L, 0L, 0L, 0L, 65L, 1L, 0L, 679L, 16L, 0L, 
    0L), .Dim = c(7L, 4L), .Dimnames = structure(list(c("-1", 
    "-2", "-3", "0", "1", "2", NA), c("A", "C", "T", NA)), .Names = c("", 
    "")), class = "table"), MSJmono19ms2 = structure(c(711L, 
    17L, 6173L, 58L, 3L, 122L, 8L, 0L, 468L, 1L, 0L, 0L), .Dim = c(6L, 
    2L), .Dimnames = structure(list(c("-1", "-2", "0", "1", "2", 
    NA), c("C", NA)), .Names = c("", "")), class = "table"), 
    MSJmono36 = structure(c(0L, 0L, 0L, 1L, 0L, 0L, 0L, 0L, 2020L, 
    130L, 4L, 2889L, 63L, 1L, 1L, 301L, 17L, 0L, 0L, 84L, 3L, 
    0L, 0L, 0L), .Dim = c(8L, 3L), .Dimnames = structure(list(
        c("-1", "-2", "-3", "0", "1", "2", "3", NA), c("A", "G", 
        NA)), .Names = c("", "")), class = "table"), MSJmono44 = structure(c(1416L, 
    60L, 2L, 1225L, 13L, 27L, 9L, 1L, 0L, 16L, 1L, 0L), .Dim = c(6L, 
    2L), .Dimnames = structure(list(c("-1", "-2", "-3", "0", 
    "1", NA), c("T", NA)), .Names = c("", "")), class = "table"), 
    MSJmono46 = structure(c(568L, 3114L, 380L, 21L, 1695L, 110L, 
    8L, 178L, 10L, 90L, 8L, 0L, 59L, 1L, 0L, 0L), .Dim = c(8L, 
    2L), .Dimnames = structure(list(c("-1", "-2", "-3", "-4", 
    "0", "1", "2", NA), c("C", NA)), .Names = c("", "")), class = "table"), 
    LMmono04v2_SNP1 = structure(c(0L, 0L, 0L, 0L, 1L, 0L, 0L, 
    450L, 1578L, 46L, 0L, 411L, 13L, 44L, 919L, 934L, 41L, 1L, 
    435L, 28L, 51L, 31L, 32L, 0L, 0L, 74L, 2L, 0L), .Dim = c(7L, 
    4L), .Dimnames = structure(list(c("-1", "-2", "-3", "-4", 
    "0", "1", NA), c("A", "C", "T", NA)), .Names = c("", "")), class = "table"), 
    AKMmono01v2_SNP1 = structure(c(0L, 1L, 0L, 0L, 0L, 0L, 0L, 
    0L, 0L, 0L, 0L, 0L, 0L, 0L, 0L, 1L, 0L, 0L, 2L, 1L, 0L, 0L, 
    0L, 0L, 0L, 0L, 1L, 3410L, 3367L, 972L, 13L, 1L, 1L, 1904L, 
    19L, 323L, 49L, 31L, 11L, 0L, 0L, 0L, 62L, 2L, 0L), .Dim = c(9L, 
    5L), .Dimnames = structure(list(c("-1", "-2", "-3", "-4", 
    "-5", "-6", "0", "1", NA), c("-", "A", "C", "T", NA)), .Names = c("", 
    "")), class = "table"), AKMmono10v2_SNP1 = structure(c(1782L, 
    41L, 805L, 8L, 39L, 1839L, 63L, 813L, 4L, 34L, 35L, 1L, 93L, 
    1L, 0L), .Dim = c(5L, 3L), .Dimnames = structure(list(c("-1", 
    "-2", "0", "1", NA), c("A", "G", NA)), .Names = c("", "")), class = "table"), 
    AKMmono17v2_SNP1 = structure(c(2L, 0L, 0L, 12L, 0L, 0L, 1602L, 
    638L, 5L, 415L, 3L, 48L, 10L, 4L, 0L, 10L, 0L, 0L), .Dim = c(6L, 
    3L), .Dimnames = structure(list(c("-1", "-2", "-3", "0", 
    "1", NA), c("A", "C", NA)), .Names = c("", "")), class = "table"), 
    EJmono13v2_SNP1 = structure(c(2L, 0L, 7L, 0L, 0L, 0L, 0L, 
    0L, 1L, 0L, 0L, 0L, 753L, 14L, 5667L, 226L, 10L, 63L, 0L, 
    0L, 2L, 0L, 0L, 0L, 7L, 1L, 114L, 2L, 0L, 0L), .Dim = 6:5, .Dimnames = structure(list(
        c("-1", "-2", "0", "1", "2", NA), c("A", "C", "G", "T", 
        NA)), .Names = c("", "")), class = "table"), LMmono05v2_SNP1 = structure(c(624L, 
    86L, 2L, 1L, 1304L, 40L, 1L, 19L, 1410L, 197L, 7L, 0L, 455L, 
    4L, 0L, 45L, 29L, 4L, 1L, 0L, 54L, 2L, 0L, 0L), .Dim = c(8L, 
    3L), .Dimnames = structure(list(c("-1", "-2", "-3", "-5", 
    "0", "1", "2", NA), c("A", "T", NA)), .Names = c("", "")), class = "table"), 
    LMmono10v2_SNP1 = structure(c(2678L, 759L, 114L, 7L, 1L, 
    3829L, 43L, 3L, 349L, 0L, 0L, 0L, 0L, 0L, 0L, 0L, 0L, 1L, 
    65L, 9L, 4L, 0L, 0L, 250L, 1L, 0L, 0L), .Dim = c(9L, 3L),