Result <-
list(AKMmono02 = structure(c(733L, 130L, 7L, 1838L, 29L, 1L, 
79L, 8L, 2L, 0L, 32L, 1L, 0L, 0L), .Dim = c(7L, 2L), .Dimnames = structure(list(
    c("-1", "-2", "-3", "0", "1", "2", NA), c("T", NA)), .Names = c("", 
"")), class = "table"), AKMmono03 = structure(c(1L, 0L, 0L, 0L, 
0L, 0L, 1196L, 145L, 9L, 3136L, 53L, 83L, 0L, 0L, 0L, 1L, 0L, 
0L, 0L, 0L, 0L, 1L, 0L, 0L, 67L, 5L, 0L, 261L, 2L, 0L), .Dim = 6:5, .Dimnames = structure(list(
    c("-1", "-2", "-3", "0", "1", NA), c("-", "A", "C", "T", 
    NA)), .Names = c("", "")), class = "table"), AKMmono05 = structure(c(844L, 
206L, 10L, 2L, 897L, 41L, 1L, 41L, 27L, 10L, 0L, 0L, 104L, 2L, 
0L, 0L), .Dim = c(8L, 2L), .Dimnames = structure(list(c("-1", 
"-2", "-3", "-4", "0", "1", "2", NA), c("A", NA)), .Names = c("", 
"")), class = "table"), AKMmono13 = structure(c(1471L, 384L, 
20L, 1744L, 37L, 86L, 0L, 0L, 0L, 1L, 0L, 0L, 46L, 2L, 0L, 118L, 
4L, 0L), .Dim = c(6L, 3L), .Dimnames = structure(list(c("-1", 
"-2", "-3", "0", "1", NA), c("A", "C", NA)), .Names = c("", ""
)), class = "table"), AKMmono16 = structure(c(578L, 72L, 2L, 
3293L, 379L, 3L, 36L, 18L, 2L, 0L, 228L, 15L, 1L, 0L), .Dim = c(7L, 
2L), .Dimnames = structure(list(c("-1", "-2", "-3", "0", "1", 
"2", NA), c("A", NA)), .Names = c("", "")), class = "table"), 
    AKMmono22 = structure(c(299L, 168L, 39L, 626L, 24L, 2L, 1L, 
    61L, 0L, 0L, 0L, 1L, 0L, 0L, 0L, 0L, 11L, 7L, 0L, 100L, 1L, 
    0L, 0L, 0L), .Dim = c(8L, 3L), .Dimnames = structure(list(
        c("-1", "-2", "-3", "0", "1", "2", "3", NA), c("A", "G", 
        NA)), .Names = c("", "")), class = "table"), EJmono05 = structure(c(0L, 
    0L, 0L, 2L, 0L, 0L, 0L, 1354L, 409L, 7L, 2847L, 58L, 0L, 
    43L, 26L, 5L, 0L, 103L, 1L, 1L, 0L), .Dim = c(7L, 3L), .Dimnames = structure(list(
        c("-1", "-2", "-3", "0", "1", "2", NA), c("A", "T", NA
        )), .Names = c("", "")), class = "table"), EJmono16 = structure(c(871L, 
    263L, 746L, 6L, 1L, 3093L, 153L, 5L, 2L, 199L, 6L, 4L, 6L, 
    0L, 0L, 40L, 1L, 0L, 0L, 0L), .Dim = c(10L, 2L), .Dimnames = structure(list(
        c("-1", "-2", "-3", "-4", "-5", "0", "1", "2", "3", NA
        ), c("A", NA)), .Names = c("", "")), class = "table"), 
    LMmono01 = structure(c(449L, 132L, 4L, 1696L, 22L, 1L, 23L, 
    1L, 0L, 0L, 0L, 0L, 0L, 0L, 0L, 0L, 0L, 2L, 0L, 0L, 0L, 25L, 
    5L, 0L, 115L, 3L, 0L, 0L), .Dim = c(7L, 4L), .Dimnames = structure(list(
        c("-1", "-2", "-3", "0", "1", "2", NA), c("A", "G", "T", 
        NA)), .Names = c("", "")), class = "table"), LMmono03 = structure(c(613L, 
    383L, 60L, 6L, 999L, 28L, 1L, 104L, 8L, 2L, 1L, 0L, 57L, 
    1L, 0L, 0L), .Dim = c(8L, 2L), .Dimnames = structure(list(
        c("-1", "-2", "-3", "-4", "0", "1", "2", NA), c("C", 
        NA)), .Names = c("", "")), class = "table"), LMmono09 = structure(c(982L, 
    293L, 77L, 2L, 1410L, 41L, 1L, 125L, 5L, 2L, 0L, 0L, 28L, 
    0L, 0L, 0L), .Dim = c(8L, 2L), .Dimnames = structure(list(
        c("-1", "-2", "-3", "-4", "0", "1", "2", NA), c("T", 
        NA)), .Names = c("", "")), class = "table"), LMmono12 = structure(c(868L, 
    852L, 109L, 1L, 1683L, 260L, 18L, 2L, 195L, 0L, 0L, 0L, 0L, 
    1L, 0L, 0L, 0L, 0L, 1L, 0L, 0L, 0L, 0L, 0L, 0L, 0L, 0L, 14L, 
    12L, 1L, 0L, 74L, 4L, 0L, 1L, 0L), .Dim = c(9L, 4L), .Dimnames = structure(list(
        c("-1", "-2", "-3", "-4", "0", "1", "2", "3", NA), c("A", 
        "G", "T", NA)), .Names = c("", "")), class = "table"), 
    LMmono16 = structure(c(247L, 191L, 16L, 1L, 2L, 1244L, 50L, 
    3L, 557L, 32L, 0L, 144L, 0L, 0L, 0L, 0L, 0L, 1L, 0L, 0L, 
    0L, 0L, 0L, 0L, 9L, 6L, 1L, 0L, 0L, 249L, 5L, 0L, 31L, 3L, 
    1L, 0L), .Dim = c(12L, 3L), .Dimnames = structure(list(c("-1", 
    "-2", "-3", "-4", "-5", "0", "1", "2", "3", "5", "6", NA), 
        c("A", "T", NA)), .Names = c("", "")), class = "table"), 
    MSJmono10 = structure(c(0L, 0L, 0L, 2L, 0L, 0L, 0L, 1280L, 
    87L, 2L, 7945L, 245L, 6L, 69L, 0L, 0L, 0L, 1L, 0L, 0L, 0L, 
    23L, 2L, 0L, 339L, 32L, 0L, 0L), .Dim = c(7L, 4L), .Dimnames = structure(list(
        c("-1", "-2", "-3", "0", "1", "2", NA), c("A", "C", "T", 
        NA)), .Names = c("", "")), class = "table"), MSJmono19ms1 = structure(c(396L, 
    9L, 1L, 1L, 3677L, 99L, 1L, 1L, 82L, 0L, 0L, 0L, 0L, 3L, 
    0L, 0L, 0L, 0L, 0L, 0L, 0L, 0L, 1L, 0L, 0L, 0L, 0L, 0L, 0L, 
    0L, 0L, 3L, 0L, 0L, 0L, 0L, 39L, 0L, 0L, 0L, 420L, 12L, 0L, 
    0L, 0L), .Dim = c(9L, 5L), .Dimnames = structure(list(c("-1", 
    "-2", "-3", "-4", "0", "1", "2", "3", NA), c("A", "C", "G", 
    "T", NA)), .Names = c("", "")), class = "table"), MSJmono19ms2 = structure(c(297L, 
    6L, 1L, 3679L, 34L, 1L, 71L, 5L, 0L, 0L, 331L, 0L, 0L, 0L
    ), .Dim = c(7L, 2L), .Dimnames = structure(list(c("-1", "-2", 
    "-3", "0", "1", "2", NA), c("C", NA)), .Names = c("", "")), class = "table"), 
    MSJmono36 = structure(c(231L, 26L, 1736L, 47L, 42L, 0L, 0L, 
    58L, 0L, 0L), .Dim = c(5L, 2L), .Dimnames = structure(list(
        c("-1", "-2", "0", "1", NA), c("G", NA)), .Names = c("", 
    "")), class = "table"), MSJmono44 = structure(c(699L, 35L, 
    1L, 675L, 10L, 1L, 9L, 7L, 0L, 0L, 13L, 0L, 0L, 0L), .Dim = c(7L, 
    2L), .Dimnames = structure(list(c("-1", "-2", "-3", "0", 
    "1", "2", NA), c("T", NA)), .Names = c("", "")), class = "table"), 
    MSJmono46 = structure(c(0L, 0L, 0L, 0L, 0L, 1L, 0L, 0L, 0L, 
    496L, 456L, 77L, 1L, 1L, 820L, 38L, 2L, 78L, 12L, 18L, 4L, 
    0L, 0L, 33L, 1L, 0L, 0L), .Dim = c(9L, 3L), .Dimnames = structure(list(
        c("-1", "-2", "-3", "-4", "-5", "0", "1", "2", NA), c("A", 
        "C", NA)), .Names = c("", "")), class = "table"), LMmono04v2_SNP1 = structure(c(737L, 
    105L, 3L, 1823L, 88L, 5L, 22L, 0L, 0L, 0L, 1L, 0L, 0L, 0L, 
    23L, 1L, 0L, 111L, 5L, 0L, 0L), .Dim = c(7L, 3L), .Dimnames = structure(list(
        c("-1", "-2", "-3", "0", "1", "2", NA), c("C", "G", NA
        )), .Names = c("", "")), class = "table"), AKMmono01v2_SNP1 = structure(c(266L, 
    17L, 0L, 2217L, 48L, 3L, 24L, 642L, 58L, 3L, 2798L, 33L, 
    2L, 40L, 16L, 0L, 0L, 210L, 2L, 0L, 0L), .Dim = c(7L, 3L), .Dimnames = structure(list(
        c("-1", "-2", "-3", "0", "1", "2", NA), c("C", "T", NA
        )), .Names = c("", "")), class = "table"), AKMmono10v2_SNP1 = structure(c(525L, 
    8L, 571L, 7L, 14L, 593L, 16L, 519L, 7L, 16L, 1L, 0L, 0L, 
    0L, 0L, 9L, 0L, 69L, 1L, 0L), .Dim = 5:4, .Dimnames = structure(list(
        c("-1", "-2", "0", "1", NA), c("A", "G", "T", NA)), .Names = c("", 
    "")), class = "table"), AKMmono17v2_SNP1 = structure(c(3L, 
    0L, 0L, 14L, 0L, 0L, 301L, 26L, 1L, 657L, 11L, 10L, 6L, 0L, 
    0L, 19L, 0L, 0L), .Dim = c(6L, 3L), .Dimnames = structure(list(
        c("-1", "-2", "-3", "0", "1", NA), c("A", "C", NA)), .Names = c("", 
    "")), class = "table"), EJmono13v2_SNP1 = structure(c(419L, 
    7L, 0L, 1172L, 27L, 0L, 4L, 171L, 3L, 0L, 1314L, 29L, 1L, 
    7L, 0L, 0L, 0L, 2L, 0L, 0L, 0L, 7L, 1L, 1L, 102L, 1L, 0L, 
    0L), .Dim = c(7L, 4L), .Dimnames = structure(list(c("-1", 
    "-2", "-3", "0", "1", "2", NA), c("A", "G", "T", NA)), .Names = c("", 
    "")), class = "table"), LMmono05v2_SNP1 = structure(c(76L, 
    4L, 0L, 446L, 15L, 1L, 6L, 89L, 132L, 22L, 269L, 6L, 0L, 
    5L, 4L, 0L, 2L, 18L, 0L, 0L, 0L), .Dim = c(7L, 3L), .Dimnames = structure(list(
        c("-1", "-2", "-3", "0", "1", "2", NA), c("A", "T", NA
        )), .Names = c("", "")), class = "table"), LMmono10v2_SNP1 = structure(c(585L, 
    446L, 75L, 12L, 1L, 936L, 9L, 0L, 89L, 625L, 362L, 77L, 3L, 
    0L, 896L, 22L, 1L, 107L, 0L, 0L, 0L, 0L, 0L, 0L, 0L, 0L, 
    1L, 25L, 11L, 3L, 0L, 0L, 112L, 1L, 0L, 0L), .Dim = c(9L, 
    4L), .Dimnames = structure(list(c("-1", "-2", "-3", "-4", 
    "-5", "0", "1", "2", NA), c("A", "G", "T", NA)), .Names = c("", 
    "")), class = "table"), MSJmono30v2_SNP1 = structure(c(62L, 
    2L, 520L, 12L, 3L, 11L, 0L, 268L, 22L, 0L), .Dim = c(5L, 
    2L), .Dimnames = structure(list(c("-1", "-2", "0", "1", NA
    ), c("C", NA)), .Names = c("", "")),