Result <-
list(AKMmono02 = structure(c(0L, 0L, 0L, 1L, 0L, 0L, 205L, 8L, 
1L, 2545L, 52L, 38L, 1L, 0L, 0L, 40L, 1L, 0L), .Dim = c(6L, 3L
), .Dimnames = structure(list(c("-1", "-2", "-3", "0", "1", NA
), c("A", "T", NA)), .Names = c("", "")), class = "table"), AKMmono03 = structure(c(0L, 
0L, 0L, 0L, 1L, 0L, 0L, 0L, 669L, 113L, 28L, 1L, 5976L, 94L, 
2L, 48L, 0L, 0L, 0L, 0L, 1L, 0L, 0L, 0L, 0L, 0L, 0L, 0L, 1L, 
0L, 0L, 0L, 23L, 3L, 0L, 0L, 426L, 4L, 0L, 0L), .Dim = c(8L, 
5L), .Dimnames = structure(list(c("-1", "-2", "-3", "-4", "0", 
"1", "2", NA), c("-", "A", "G", "T", NA)), .Names = c("", "")), class = "table"), 
    AKMmono05 = structure(c(563L, 72L, 13L, 1L, 3131L, 118L, 
    3L, 37L, 1L, 0L, 0L, 0L, 0L, 0L, 0L, 0L, 1L, 0L, 0L, 0L, 
    0L, 0L, 0L, 0L, 23L, 2L, 0L, 0L, 270L, 13L, 0L, 0L), .Dim = c(8L, 
    4L), .Dimnames = structure(list(c("-1", "-2", "-3", "-4", 
    "0", "1", "2", NA), c("A", "G", "T", NA)), .Names = c("", 
    "")), class = "table"), AKMmono13 = structure(c(207L, 12L, 
    4198L, 84L, 1L, 34L, 0L, 0L, 1L, 0L, 0L, 0L, 5L, 0L, 236L, 
    3L, 0L, 0L), .Dim = c(6L, 3L), .Dimnames = structure(list(
        c("-1", "-2", "0", "1", "2", NA), c("A", "T", NA)), .Names = c("", 
    "")), class = "table"), AKMmono16 = structure(c(332L, 16L, 
    4L, 4258L, 70L, 1L, 17L, 0L, 0L, 0L, 1L, 0L, 0L, 0L, 3L, 
    0L, 0L, 238L, 4L, 0L, 0L), .Dim = c(7L, 3L), .Dimnames = structure(list(
        c("-1", "-2", "-3", "0", "1", "2", NA), c("A", "T", NA
        )), .Names = c("", "")), class = "table"), AKMmono22 = structure(c(264L, 
    51L, 5L, 2L, 1533L, 70L, 4L, 0L, 65L, 8L, 2L, 0L, 0L, 168L, 
    2L, 0L, 1L, 0L), .Dim = c(9L, 2L), .Dimnames = structure(list(
        c("-1", "-2", "-3", "-4", "0", "1", "2", "3", NA), c("A", 
        NA)), .Names = c("", "")), class = "table"), EJmono05 = structure(c(0L, 
    0L, 0L, 2L, 0L, 0L, 0L, 592L, 49L, 2L, 5244L, 121L, 2L, 38L, 
    19L, 0L, 0L, 188L, 2L, 0L, 0L), .Dim = c(7L, 3L), .Dimnames = structure(list(
        c("-1", "-2", "-3", "0", "1", "2", NA), c("A", "T", NA
        )), .Names = c("", "")), class = "table"), EJmono16 = structure(c(342L, 
    18L, 4312L, 189L, 5L, 95L, 3L, 1L, 63L, 1L, 0L, 0L), .Dim = c(6L, 
    2L), .Dimnames = structure(list(c("-1", "-2", "0", "1", "2", 
    NA), c("A", NA)), .Names = c("", "")), class = "table"), 
    LMmono01 = structure(c(293L, 14L, 1L, 2864L, 31L, 1L, 1L, 
    16L, 0L, 0L, 0L, 3L, 0L, 0L, 0L, 0L, 13L, 0L, 0L, 214L, 2L, 
    0L, 0L, 0L), .Dim = c(8L, 3L), .Dimnames = structure(list(
        c("-1", "-2", "-3", "0", "1", "2", "3", NA), c("A", "G", 
        NA)), .Names = c("", "")), class = "table"), LMmono03 = structure(c(0L, 
    0L, 0L, 0L, 1L, 0L, 0L, 0L, 545L, 53L, 12L, 1L, 2566L, 77L, 
    4L, 78L, 4L, 1L, 0L, 0L, 121L, 0L, 0L, 0L), .Dim = c(8L, 
    3L), .Dimnames = structure(list(c("-1", "-2", "-3", "-4", 
    "0", "1", "2", NA), c("A", "C", NA)), .Names = c("", "")), class = "table"), 
    LMmono09 = structure(c(501L, 78L, 5L, 2992L, 107L, 1L, 64L, 
    2L, 0L, 0L, 38L, 0L, 0L, 0L), .Dim = c(7L, 2L), .Dimnames = structure(list(
        c("-1", "-2", "-3", "0", "1", "2", NA), c("T", NA)), .Names = c("", 
    "")), class = "table"), LMmono12 = structure(c(848L, 62L, 
    2L, 4056L, 220L, 13L, 130L, 0L, 0L, 0L, 2L, 0L, 0L, 0L, 14L, 
    0L, 0L, 158L, 5L, 0L, 0L), .Dim = c(7L, 3L), .Dimnames = structure(list(
        c("-1", "-2", "-3", "0", "1", "2", NA), c("A", "G", NA
        )), .Names = c("", "")), class = "table"), LMmono16 = structure(c(607L, 
    48L, 4L, 2L, 2182L, 113L, 12L, 31L, 0L, 0L, 0L, 0L, 1L, 0L, 
    0L, 0L, 23L, 0L, 0L, 0L, 417L, 14L, 0L, 0L), .Dim = c(8L, 
    3L), .Dimnames = structure(list(c("-1", "-2", "-3", "-4", 
    "0", "1", "2", NA), c("A", "T", NA)), .Names = c("", "")), class = "table"), 
    MSJmono10 = structure(c(0L, 0L, 17L, 2L, 0L, 0L, 454L, 24L, 
    8510L, 212L, 8L, 39L, 5L, 0L, 337L, 12L, 0L, 0L), .Dim = c(6L, 
    3L), .Dimnames = structure(list(c("-1", "-2", "0", "1", "2", 
    NA), c("A", "C", NA)), .Names = c("", "")), class = "table"), 
    MSJmono19ms1 = structure(c(327L, 24L, 3L, 1L, 6190L, 143L, 
    3L, 114L, 1L, 0L, 0L, 0L, 5L, 0L, 0L, 0L, 1L, 0L, 0L, 0L, 
    2L, 0L, 0L, 0L, 33L, 0L, 0L, 0L, 743L, 6L, 0L, 0L), .Dim = c(8L, 
    4L), .Dimnames = structure(list(c("-1", "-2", "-3", "-4", 
    "0", "1", "2", NA), c("A", "C", "T", NA)), .Names = c("", 
    "")), class = "table"), MSJmono19ms2 = structure(c(313L, 
    4L, 6297L, 45L, 64L, 0L, 0L, 1L, 0L, 0L, 1L, 0L, 424L, 0L, 
    0L), .Dim = c(5L, 3L), .Dimnames = structure(list(c("-1", 
    "-2", "0", "1", NA), c("C", "G", NA)), .Names = c("", "")), class = "table"), 
    MSJmono36 = structure(c(0L, 0L, 0L, 2L, 0L, 0L, 0L, 111L, 
    7L, 1L, 2447L, 52L, 1L, 28L, 1L, 0L, 0L, 75L, 0L, 0L, 0L), .Dim = c(7L, 
    3L), .Dimnames = structure(list(c("-1", "-2", "-4", "0", 
    "1", "2", NA), c("A", "G", NA)), .Names = c("", "")), class = "table"), 
    MSJmono44 = structure(c(93L, 1865L, 38L, 8L, 0L, 26L, 0L, 
    0L), .Dim = c(4L, 2L), .Dimnames = structure(list(c("-1", 
    "0", "1", NA), c("T", NA)), .Names = c("", "")), class = "table"), 
    MSJmono46 = structure(c(262L, 26L, 3L, 1L, 1056L, 46L, 1L, 
    24L, 3L, 2L, 0L, 0L, 29L, 2L, 0L, 0L), .Dim = c(8L, 2L), .Dimnames = structure(list(
        c("-1", "-2", "-3", "-4", "0", "1", "2", NA), c("C", 
        NA)), .Names = c("", "")), class = "table"), LMmono04v2_SNP1 = structure(c(253L, 
    11L, 2686L, 109L, 3L, 1L, 17L, 9L, 0L, 119L, 3L, 0L, 0L, 
    0L), .Dim = c(7L, 2L), .Dimnames = structure(list(c("-1", 
    "-2", "0", "1", "2", "3", NA), c("C", NA)), .Names = c("", 
    "")), class = "table"), AKMmono01v2_SNP1 = structure(c(0L, 
    0L, 0L, 4L, 0L, 0L, 0L, 0L, 1L, 0L, 0L, 0L, 0L, 0L, 0L, 0L, 
    0L, 1L, 0L, 0L, 0L, 278L, 13L, 1L, 4382L, 48L, 1L, 28L, 2L, 
    0L, 0L, 153L, 3L, 0L, 0L), .Dim = c(7L, 5L), .Dimnames = structure(list(
        c("-1", "-2", "-3", "0", "1", "2", NA), c("-", "C", "G", 
        "T", NA)), .Names = c("", "")), class = "table"), AKMmono10v2_SNP1 = structure(c(59L, 
    1L, 2017L, 21L, 7L, 0L, 0L, 1L, 0L, 0L, 1L, 0L, 106L, 1L, 
    0L), .Dim = c(5L, 3L), .Dimnames = structure(list(c("-1", 
    "-2", "0", "1", NA), c("A", "G", NA)), .Names = c("", "")), class = "table"), 
    AKMmono17v2_SNP1 = structure(c(12L, 1L, 279L, 1L, 3L, 25L, 
    2L, 246L, 9L, 3L, 0L, 0L, 6L, 0L, 0L), .Dim = c(5L, 3L), .Dimnames = structure(list(
        c("-1", "-2", "0", "1", NA), c("A", "C", NA)), .Names = c("", 
    "")), class = "table"), EJmono13v2_SNP1 = structure(c(35L, 
    1L, 915L, 18L, 4L, 44L, 2L, 848L, 22L, 4L, 0L, 0L, 49L, 0L, 
    0L), .Dim = c(5L, 3L), .Dimnames = structure(list(c("-1", 
    "-2", "0", "1", NA), c("A", "G", NA)), .Names = c("", "")), class = "table"), 
    LMmono05v2_SNP1 = structure(c(45L, 1L, 528L, 9L, 1L, 5L, 
    42L, 0L, 392L, 15L, 0L, 2L, 0L, 0L, 45L, 0L, 0L, 0L), .Dim = c(6L, 
    3L), .Dimnames = structure(list(c("-1", "-3", "0", "1", "2", 
    NA), c("A", "T", NA)), .Names = c("", "")), class = "table"), 
    LMmono10v2_SNP1 = structure(c(291L, 35L, 1L, 2L, 2115L, 38L, 
    1L, 88L, 259L, 25L, 3L, 0L, 1645L, 21L, 0L, 57L, 14L, 0L, 
    0L, 0L, 279L, 0L, 0L, 0L), .Dim = c(8L, 3L), .Dimnames = structure(list(
        c("-1", "-2", "-3", "-4", "0", "1", "2", NA), c("A", 
        "G", NA)), .Names = c("", "")), class = "table"), MSJmono30v2_SNP1 = structure(c(1L, 
    0L, 0L, 0L, 0L, 0L, 20L, 3L, 1L, 316L, 7L, 5L, 4L, 0L, 0L, 
    166L, 6L, 0L), .Dim = c(6L, 3L), .Dimnames = structure(list(
        c("-1", "-2", "-3", "0", "1", NA), c("A", "C", NA)), .Names = c("", 
    "")), class = "table"), EJmono14v2_SNP1 = structure(c(0L, 
    0L, 1L, 0L, 0L, 0L, 168L, 12L, 1644L, 49L, 1L, 9L, 14L, 0L, 
    242L, 9L, 0L, 0L), .Dim = c(6L, 3L), .Dimnames = structure(list(
        c("-1", "-2", "0", "1", "2", NA), c("A", "G", NA)), .Names = c("", 
    "")), class = "table"),