Result <-
list(AKMmono02 = structure(c(315L, 349L, 9L, 2228L, 51L, 60L, 
4L, 7L, 0L, 39L, 0L, 0L), .Dim = c(6L, 2L), .Dimnames = structure(list(
    c("-1", "-2", "-3", "0", "1", NA), c("T", NA)), .Names = c("", 
"")), class = "table"), AKMmono03 = structure(c(1L, 0L, 0L, 0L, 
0L, 0L, 0L, 0L, 1420L, 402L, 92L, 3L, 3037L, 39L, 1L, 114L, 0L, 
0L, 0L, 0L, 1L, 0L, 0L, 0L, 1L, 0L, 0L, 0L, 0L, 0L, 0L, 0L, 54L, 
19L, 0L, 0L, 245L, 0L, 0L, 0L), .Dim = c(8L, 5L), .Dimnames = structure(list(
    c("-1", "-2", "-3", "-4", "0", "1", "2", NA), c("-", "A", 
    "G", "T", NA)), .Names = c("", "")), class = "table"), AKMmono05 = structure(c(402L, 
450L, 54L, 5L, 1899L, 61L, 3L, 42L, 0L, 0L, 0L, 0L, 1L, 0L, 0L, 
0L, 21L, 15L, 0L, 0L, 180L, 4L, 0L, 0L), .Dim = c(8L, 3L), .Dimnames = structure(list(
    c("-1", "-2", "-3", "-4", "0", "1", "2", NA), c("A", "T", 
    NA)), .Names = c("", "")), class = "table"), AKMmono13 = structure(c(381L, 
26L, 1L, 3340L, 555L, 19L, 1L, 77L, 15L, 1L, 0L, 221L, 13L, 0L, 
0L, 0L), .Dim = c(8L, 2L), .Dimnames = structure(list(c("-1", 
"-2", "-3", "0", "1", "2", "3", NA), c("A", NA)), .Names = c("", 
"")), class = "table"), AKMmono16 = structure(c(736L, 152L, 4L, 
2958L, 71L, 4L, 37L, 0L, 0L, 0L, 1L, 0L, 0L, 0L, 22L, 4L, 0L, 
204L, 6L, 0L, 0L), .Dim = c(7L, 3L), .Dimnames = structure(list(
    c("-1", "-2", "-3", "0", "1", "2", NA), c("A", "C", NA)), .Names = c("", 
"")), class = "table"), AKMmono22 = structure(c(0L, 0L, 0L, 0L, 
0L, 1L, 0L, 0L, 0L, 0L, 130L, 67L, 194L, 292L, 23L, 682L, 24L, 
4L, 1L, 44L, 0L, 0L, 0L, 1L, 0L, 0L, 0L, 0L, 0L, 0L, 14L, 0L, 
3L, 2L, 1L, 82L, 4L, 0L, 0L, 0L), .Dim = c(10L, 4L), .Dimnames = structure(list(
    c("-1", "-2", "-3", "-4", "-5", "0", "1", "2", "3", NA), 
    c("-", "A", "G", NA)), .Names = c("", "")), class = "table"), 
    EJmono05 = structure(c(0L, 0L, 0L, 1L, 0L, 0L, 0L, 1000L, 
    78L, 2L, 3321L, 48L, 2L, 32L, 19L, 2L, 0L, 106L, 4L, 0L, 
    0L), .Dim = c(7L, 3L), .Dimnames = structure(list(c("-1", 
    "-2", "-3", "0", "1", "2", NA), c("A", "T", NA)), .Names = c("", 
    "")), class = "table"), EJmono16 = structure(c(586L, 457L, 
    80L, 2169L, 89L, 129L, 4L, 4L, 0L, 23L, 0L, 0L), .Dim = c(6L, 
    2L), .Dimnames = structure(list(c("-1", "-2", "-3", "0", 
    "1", NA), c("A", NA)), .Names = c("", "")), class = "table"), 
    LMmono01 = structure(c(734L, 62L, 4L, 1451L, 19L, 33L, 0L, 
    1L, 0L, 0L, 0L, 0L, 32L, 1L, 0L, 99L, 2L, 0L), .Dim = c(6L, 
    3L), .Dimnames = structure(list(c("-1", "-2", "-5", "0", 
    "1", NA), c("A", "G", NA)), .Names = c("", "")), class = "table"), 
    LMmono03 = structure(c(0L, 0L, 0L, 0L, 0L, 1L, 0L, 0L, 0L, 
    447L, 103L, 302L, 65L, 2L, 1251L, 44L, 1L, 85L, 4L, 2L, 2L, 
    0L, 0L, 56L, 0L, 0L, 0L), .Dim = c(9L, 3L), .Dimnames = structure(list(
        c("-1", "-2", "-3", "-4", "-5", "0", "1", "2", NA), c("A", 
        "C", NA)), .Names = c("", "")), class = "table"), LMmono09 = structure(c(884L, 
    300L, 45L, 1L, 1474L, 49L, 92L, 8L, 1L, 0L, 0L, 14L, 0L, 
    0L), .Dim = c(7L, 2L), .Dimnames = structure(list(c("-1", 
    "-2", "-3", "-4", "0", "1", NA), c("T", NA)), .Names = c("", 
    "")), class = "table"), LMmono12 = structure(c(480L, 701L, 
    370L, 4L, 2238L, 126L, 7L, 140L, 0L, 0L, 0L, 0L, 1L, 0L, 
    0L, 0L, 0L, 0L, 0L, 0L, 1L, 0L, 0L, 0L, 6L, 4L, 4L, 0L, 86L, 
    2L, 0L, 0L), .Dim = c(8L, 4L), .Dimnames = structure(list(
        c("-1", "-2", "-3", "-4", "0", "1", "2", NA), c("A", 
        "G", "T", NA)), .Names = c("", "")), class = "table"), 
    LMmono16 = structure(c(460L, 416L, 114L, 46L, 1259L, 82L, 
    3L, 0L, 53L, 19L, 20L, 1L, 0L, 273L, 7L, 1L, 1L, 0L), .Dim = c(9L, 
    2L), .Dimnames = structure(list(c("-1", "-2", "-3", "-4", 
    "0", "1", "2", "3", NA), c("A", NA)), .Names = c("", "")), class = "table"), 
    MSJmono10 = structure(c(0L, 0L, 0L, 1L, 0L, 0L, 0L, 934L, 
    164L, 3L, 5045L, 133L, 1L, 46L, 22L, 5L, 0L, 219L, 9L, 1L, 
    0L), .Dim = c(7L, 3L), .Dimnames = structure(list(c("-1", 
    "-2", "-3", "0", "1", "2", NA), c("A", "C", NA)), .Names = c("", 
    "")), class = "table"), MSJmono19ms1 = structure(c(236L, 
    8L, 3L, 1L, 3434L, 312L, 36L, 130L, 0L, 0L, 0L, 0L, 3L, 0L, 
    1L, 0L, 0L, 0L, 0L, 0L, 3L, 0L, 0L, 0L, 20L, 1L, 0L, 0L, 
    396L, 24L, 2L, 0L), .Dim = c(8L, 4L), .Dimnames = structure(list(
        c("-1", "-2", "-3", "-4", "0", "1", "2", NA), c("A", 
        "C", "T", NA)), .Names = c("", "")), class = "table"), 
    MSJmono19ms2 = structure(c(0L, 0L, 1L, 0L, 0L, 254L, 162L, 
    3451L, 27L, 79L, 0L, 0L, 2L, 0L, 0L, 5L, 0L, 233L, 0L, 0L
    ), .Dim = 5:4, .Dimnames = structure(list(c("-1", "-2", "0", 
    "1", NA), c("A", "C", "T", NA)), .Names = c("", "")), class = "table"), 
    MSJmono36 = structure(c(268L, 18L, 2L, 2379L, 57L, 1L, 47L, 
    2L, 0L, 0L, 69L, 0L, 0L, 0L), .Dim = c(7L, 2L), .Dimnames = structure(list(
        c("-1", "-2", "-3", "0", "1", "2", NA), c("G", NA)), .Names = c("", 
    "")), class = "table"), MSJmono44 = structure(c(0L, 1L, 0L, 
    0L, 0L, 0L, 0L, 311L, 336L, 20L, 1286L, 24L, 1L, 17L, 1L, 
    2L, 0L, 25L, 1L, 0L, 0L), .Dim = c(7L, 3L), .Dimnames = structure(list(
        c("-1", "-2", "-3", "0", "1", "2", NA), c("G", "T", NA
        )), .Names = c("", "")), class = "table"), MSJmono46 = structure(c(220L, 
    650L, 203L, 30L, 943L, 42L, 3L, 1L, 63L, 0L, 0L, 0L, 0L, 
    1L, 0L, 0L, 0L, 0L, 0L, 1L, 0L, 0L, 0L, 0L, 0L, 0L, 0L, 4L, 
    16L, 4L, 0L, 40L, 0L, 0L, 0L, 0L), .Dim = c(9L, 4L), .Dimnames = structure(list(
        c("-1", "-2", "-3", "-4", "0", "1", "2", "3", NA), c("C", 
        "G", "T", NA)), .Names = c("", "")), class = "table"), 
    LMmono04v2_SNP1 = structure(c(524L, 510L, 16L, 1903L, 68L, 
    3L, 34L, 0L, 0L, 0L, 3L, 0L, 0L, 0L, 12L, 3L, 0L, 103L, 7L, 
    1L, 0L), .Dim = c(7L, 3L), .Dimnames = structure(list(c("-1", 
    "-2", "-3", "0", "1", "2", NA), c("C", "T", NA)), .Names = c("", 
    "")), class = "table"), AKMmono01v2_SNP1 = structure(c(1L, 
    0L, 0L, 1L, 0L, 0L, 920L, 335L, 16L, 2380L, 25L, 82L, 14L, 
    3L, 0L, 78L, 1L, 0L), .Dim = c(6L, 3L), .Dimnames = structure(list(
        c("-1", "-2", "-3", "0", "1", NA), c("C", "T", NA)), .Names = c("", 
    "")), class = "table"), AKMmono10v2_SNP1 = structure(c(91L, 
    6L, 1132L, 13L, 3L, 122L, 1L, 807L, 15L, 8L, 4L, 0L, 134L, 
    0L, 0L), .Dim = c(5L, 3L), .Dimnames = structure(list(c("-1", 
    "-2", "0", "1", NA), c("A", "G", NA)), .Names = c("", "")), class = "table"), 
    AKMmono17v2_SNP1 = structure(c(4L, 0L, 0L, 21L, 1L, 1L, 200L, 
    107L, 1L, 651L, 34L, 11L, 2L, 2L, 0L, 20L, 1L, 0L), .Dim = c(6L, 
    3L), .Dimnames = structure(list(c("-1", "-2", "-3", "0", 
    "1", NA), c("A", "C", NA)), .Names = c("", "")), class = "table"), 
    EJmono13v2_SNP1 = structure(c(0L, 0L, 0L, 2L, 0L, 0L, 0L, 
    0L, 621L, 28L, 1L, 1862L, 47L, 3L, 1L, 23L, 2L, 3L, 0L, 37L, 
    0L, 0L, 0L, 0L), .Dim = c(8L, 3L), .Dimnames = structure(list(
        c("-1", "-2", "-3", "0", "1", "2", "3", NA), c("A", "G", 
        NA)), .Names = c("", "")), class = "table"), LMmono05v2_SNP1 = structure(c(467L, 
    125L, 4L, 1075L, 22L, 15L, 1L, 0L, 0L, 0L, 0L, 0L, 1L, 0L, 
    0L, 26L, 0L, 0L), .Dim = c(6L, 3L), .Dimnames = structure(list(
        c("-1", "-2", "-3", "0", "1", NA), c("A", "T", NA)), .Names = c("", 
    "")), class = "table"), LMmono10v2_SNP1 = structure(c(669L, 
    315L, 173L, 15L, 1L, 2181L, 47L, 149L, 0L, 0L, 0L, 0L, 0L, 
    0L, 0L, 1L, 17L, 4L, 1L, 0L, 0L, 179L, 0L, 0L), .Dim = c(8L, 
    3L), .Dimnames = structure(list(c("-1", "-2", "-3", "-4", 
    "-5", "0", "1", NA), c("A", "G", NA)), .Names = c("", "")), class = "table"), 
    MSJmono30v2_SNP1 = structure(c(46L, 6L, 0L, 243L, 6L, 0L, 
    3L, 23L, 118L, 1L, 346L, 12L, 0L, 9L, 9L, 6L, 0L, 287L, 22L, 
    3L, 0L), .Dim = c(7L, 3L), .Dimnames = structure(list(c("-1", 
    "-2", "-3", "0", "1", "2", NA), c("C", "T", NA)), .Names = c("", 
    "")), class = "table"),