Result <-
list(AKMmono02 = structure(c(692L, 150L, 9L, 3494L, 117L, 6L, 
143L, 9L, 2L, 0L, 70L, 1L, 0L, 0L), .Dim = c(7L, 2L), .Dimnames = structure(list(
    c("-1", "-2", "-3", "0", "1", "2", NA), c("T", NA)), .Names = c("", 
"")), class = "table"), AKMmono03 = structure(c(1155L, 276L, 
524L, 26L, 4648L, 56L, 1L, 96L, 0L, 0L, 0L, 0L, 1L, 0L, 0L, 0L, 
0L, 0L, 0L, 0L, 1L, 0L, 0L, 0L, 56L, 14L, 12L, 0L, 413L, 1L, 
0L, 0L), .Dim = c(8L, 4L), .Dimnames = structure(list(c("-1", 
"-2", "-3", "-4", "0", "1", "2", NA), c("A", "C", "T", NA)), .Names = c("", 
"")), class = "table"), AKMmono05 = structure(c(1107L, 761L, 
181L, 18L, 1L, 2668L, 89L, 3L, 1L, 74L, 0L, 0L, 0L, 0L, 0L, 0L, 
1L, 0L, 0L, 0L, 0L, 0L, 1L, 0L, 0L, 0L, 0L, 0L, 0L, 0L, 58L, 
19L, 2L, 0L, 0L, 256L, 8L, 0L, 0L, 0L), .Dim = c(10L, 4L), .Dimnames = structure(list(
    c("-1", "-2", "-3", "-4", "-5", "0", "1", "2", "3", NA), 
    c("A", "C", "T", NA)), .Names = c("", "")), class = "table"), 
    AKMmono13 = structure(c(377L, 126L, 6L, 3373L, 825L, 19L, 
    1L, 82L, 0L, 0L, 0L, 1L, 0L, 0L, 0L, 0L, 0L, 0L, 0L, 0L, 
    1L, 0L, 0L, 0L, 0L, 0L, 0L, 5L, 0L, 0L, 0L, 0L, 12L, 1L, 
    0L, 213L, 39L, 2L, 0L, 0L), .Dim = c(8L, 5L), .Dimnames = structure(list(
        c("-1", "-2", "-3", "0", "1", "2", "3", NA), c("A", "C", 
        "G", "T", NA)), .Names = c("", "")), class = "table"), 
    AKMmono16 = structure(c(1649L, 772L, 159L, 3L, 1L, 4162L, 
    105L, 1L, 101L, 37L, 8L, 4L, 0L, 0L, 268L, 9L, 0L, 0L), .Dim = c(9L, 
    2L), .Dimnames = structure(list(c("-1", "-2", "-3", "-4", 
    "-5", "0", "1", "2", NA), c("A", NA)), .Names = c("", "")), class = "table"), 
    AKMmono22 = structure(c(701L, 414L, 72L, 2L, 4L, 1675L, 219L, 
    17L, 1L, 1L, 174L, 21L, 14L, 0L, 0L, 0L, 207L, 8L, 0L, 0L, 
    0L, 0L), .Dim = c(11L, 2L), .Dimnames = structure(list(c("-1", 
    "-2", "-3", "-4", "-5", "0", "1", "2", "3", "4", NA), c("A", 
    NA)), .Names = c("", "")), class = "table"), EJmono05 = structure(c(1702L, 
    139L, 2L, 4523L, 88L, 53L, 47L, 0L, 0L, 161L, 6L, 0L), .Dim = c(6L, 
    2L), .Dimnames = structure(list(c("-1", "-2", "-3", "0", 
    "1", NA), c("T", NA)), .Names = c("", "")), class = "table"), 
    EJmono16 = structure(c(933L, 227L, 226L, 13L, 1L, 2903L, 
    133L, 5L, 165L, 6L, 1L, 1L, 0L, 0L, 43L, 1L, 0L, 0L), .Dim = c(9L, 
    2L), .Dimnames = structure(list(c("-1", "-2", "-3", "-4", 
    "-5", "0", "1", "2", NA), c("A", NA)), .Names = c("", "")), class = "table"), 
    LMmono01 = structure(c(1144L, 137L, 2L, 1984L, 30L, 39L, 
    0L, 0L, 1L, 1L, 0L, 0L, 1L, 0L, 0L, 1L, 0L, 0L, 57L, 2L, 
    0L, 158L, 1L, 0L), .Dim = c(6L, 4L), .Dimnames = structure(list(
        c("-1", "-2", "-3", "0", "1", NA), c("A", "G", "T", NA
        )), .Names = c("", "")), class = "table"), LMmono03 = structure(c(0L, 
    0L, 0L, 0L, 0L, 1L, 0L, 0L, 0L, 1074L, 373L, 233L, 55L, 2L, 
    2221L, 50L, 2L, 153L, 1L, 1L, 0L, 0L, 0L, 1L, 0L, 0L, 0L, 
    9L, 3L, 0L, 0L, 0L, 120L, 0L, 0L, 0L), .Dim = c(9L, 4L), .Dimnames = structure(list(
        c("-1", "-2", "-3", "-4", "-5", "0", "1", "2", NA), c("A", 
        "C", "T", NA)), .Names = c("", "")), class = "table"), 
    LMmono09 = structure(c(681L, 744L, 117L, 92L, 3L, 1647L, 
    44L, 1L, 1L, 123L, 1L, 3L, 0L, 1L, 0L, 22L, 0L, 0L, 0L, 0L
    ), .Dim = c(10L, 2L), .Dimnames = structure(list(c("-1", 
    "-2", "-3", "-4", "-5", "0", "1", "2", "3", NA), c("T", NA
    )), .Names = c("", "")), class = "table"), LMmono12 = structure(c(1447L, 
    753L, 261L, 13L, 4298L, 537L, 45L, 3L, 317L, 0L, 0L, 0L, 
    0L, 0L, 1L, 0L, 0L, 0L, 0L, 0L, 0L, 0L, 1L, 0L, 0L, 0L, 0L, 
    16L, 12L, 2L, 0L, 220L, 13L, 1L, 0L, 0L), .Dim = c(9L, 4L
    ), .Dimnames = structure(list(c("-1", "-2", "-3", "-4", "0", 
    "1", "2", "3", NA), c("A", "G", "T", NA)), .Names = c("", 
    "")), class = "table"), LMmono16 = structure(c(710L, 113L, 
    11L, 1L, 2L, 2876L, 270L, 13L, 482L, 2L, 113L, 2L, 212L, 
    0L, 0L, 0L, 0L, 0L, 1L, 0L, 0L, 0L, 0L, 0L, 0L, 0L, 0L, 0L, 
    0L, 0L, 0L, 1L, 0L, 0L, 0L, 0L, 0L, 0L, 0L, 32L, 3L, 0L, 
    0L, 0L, 550L, 15L, 1L, 30L, 1L, 23L, 2L, 0L), .Dim = c(13L, 
    4L), .Dimnames = structure(list(c("-1", "-2", "-3", "-4", 
    "-5", "0", "1", "2", "3", "4", "5", "6", NA), c("A", "G", 
    "T", NA)), .Names = c("", "")), class = "table"), MSJmono10 = structure(c(1L, 
    0L, 0L, 2L, 0L, 0L, 0L, 980L, 103L, 4L, 7693L, 210L, 3L, 
    69L, 1L, 0L, 0L, 0L, 0L, 0L, 0L, 0L, 0L, 0L, 2L, 0L, 0L, 
    0L, 29L, 6L, 0L, 289L, 19L, 2L, 0L), .Dim = c(7L, 5L), .Dimnames = structure(list(
        c("-1", "-2", "-3", "0", "1", "2", NA), c("A", "C", "G", 
        "T", NA)), .Names = c("", "")), class = "table"), MSJmono19ms1 = structure(c(573L, 
    42L, 1L, 2L, 6661L, 257L, 609L, 26L, 274L, 0L, 0L, 0L, 0L, 
    3L, 0L, 0L, 0L, 0L, 2L, 0L, 0L, 0L, 0L, 0L, 0L, 0L, 0L, 0L, 
    0L, 0L, 0L, 2L, 0L, 0L, 0L, 0L, 41L, 1L, 0L, 0L, 720L, 22L, 
    37L, 2L, 0L), .Dim = c(9L, 5L), .Dimnames = structure(list(
        c("-1", "-2", "-3", "-4", "0", "1", "2", "3", NA), c("A", 
        "C", "G", "T", NA)), .Names = c("", "")), class = "table"), 
    MSJmono19ms2 = structure(c(1606L, 167L, 2L, 5538L, 119L, 
    3L, 302L, 13L, 2L, 0L, 403L, 2L, 0L, 0L), .Dim = c(7L, 2L
    ), .Dimnames = structure(list(c("-1", "-2", "-3", "0", "1", 
    "2", NA), c("C", NA)), .Names = c("", "")), class = "table"), 
    MSJmono36 = structure(c(455L, 37L, 3L, 2198L, 1505L, 65L, 
    305L, 0L, 0L, 0L, 0L, 1L, 0L, 0L, 6L, 0L, 0L, 160L, 19L, 
    1L, 0L), .Dim = c(7L, 3L), .Dimnames = structure(list(c("-1", 
    "-2", "-3", "0", "1", "2", NA), c("G", "T", NA)), .Names = c("", 
    "")), class = "table"), MSJmono44 = structure(c(1L, 0L, 0L, 
    5L, 0L, 0L, 693L, 29L, 1L, 2520L, 65L, 27L, 2L, 0L, 0L, 46L, 
    1L, 0L), .Dim = c(6L, 3L), .Dimnames = structure(list(c("-1", 
    "-2", "-3", "0", "1", NA), c("-", "T", NA)), .Names = c("", 
    "")), class = "table"), MSJmono46 = structure(c(1008L, 428L, 
    343L, 36L, 1L, 1329L, 61L, 3L, 93L, 11L, 13L, 6L, 0L, 0L, 
    46L, 0L, 0L, 0L), .Dim = c(9L, 2L), .Dimnames = structure(list(
        c("-1", "-2", "-3", "-4", "-5", "0", "1", "2", NA), c("C", 
        NA)), .Names = c("", "")), class = "table"), LMmono04v2_SNP1 = structure(c(838L, 
    102L, 6L, 1L, 1890L, 96L, 4L, 31L, 17L, 1L, 0L, 0L, 101L, 
    5L, 0L, 0L), .Dim = c(8L, 2L), .Dimnames = structure(list(
        c("-1", "-2", "-3", "-4", "0", "1", "2", NA), c("C", 
        NA)), .Names = c("", "")), class = "table"), AKMmono01v2_SNP1 = structure(c(2043L, 
    740L, 37L, 2L, 21L, 0L, 139L, 0L, 0L, 0L, 0L, 1L, 0L, 0L, 
    965L, 406L, 14L, 0L, 1975L, 18L, 76L, 46L, 17L, 1L, 0L, 70L, 
    0L, 0L), .Dim = c(7L, 4L), .Dimnames = structure(list(c("-1", 
    "-2", "-3", "-4", "0", "1", NA), c("C", "G", "T", NA)), .Names = c("", 
    "")), class = "table"), AKMmono10v2_SNP1 = structure(c(1L, 
    0L, 0L, 0L, 0L, 0L, 1081L, 48L, 1L, 2381L, 16L, 27L, 0L, 
    0L, 0L, 1L, 0L, 0L, 10L, 0L, 0L, 158L, 2L, 0L), .Dim = c(6L, 
    4L), .Dimnames = structure(list(c("-1", "-2", "-3", "0", 
    "1", NA), c("-", "A", "G", NA)), .Names = c("", "")), class = "table"), 
    AKMmono17v2_SNP1 = structure(c(366L, 44L, 4L, 838L, 16L, 
    13L, 3L, 0L, 0L, 34L, 1L, 0L, 4L, 1L, 0L, 23L, 0L, 0L), .Dim = c(6L, 
    3L), .Dimnames = structure(list(c("-1", "-2", "-3", "0", 
    "1", NA), c("A", "C", NA)), .Names = c("", "")), class = "table"), 
    EJmono13v2_SNP1 = structure(c(0L, 0L, 1L, 0L, 0L, 0L, 0L, 
    244L, 5L, 1920L, 443L, 49L, 3L, 96L, 0L, 0L, 8L, 0L, 0L, 
    0L, 0L, 4L, 0L, 55L, 5L, 1L, 0L, 0L), .Dim = c(7L, 4L), .Dimnames = structure(list(
        c("-1", "-2", "0", "1", "2", "3", NA), c("A", "G", "T", 
        NA)), .Names = c("", "")), class = "table"), LMmono05v2_SNP1 = structure(c(592L, 
    381L, 23L, 1L, 1116L, 30L, 1L, 23L, 15L, 10L, 0L, 0L, 38L, 
    0L, 0L, 0L), .Dim = c(8L, 2L), .Dimnames = structure(list(
        c("-1", "-2", "-3", "-4", "0", "1", "2", NA), c("A", 
        NA)), .Names = c("", "")), class = "table"),