Result <-
list(AKMmono02 = structure(c(498L, 32L, 3416L, 50L, 1L, 72L, 
4L, 0L, 52L, 0L, 0L, 0L), .Dim = c(6L, 2L), .Dimnames = structure(list(
    c("-1", "-2", "0", "1", "2", NA), c("T", NA)), .Names = c("", 
"")), class = "table"), AKMmono03 = structure(c(1612L, 1332L, 
127L, 4L, 4078L, 57L, 0L, 115L, 0L, 0L, 0L, 0L, 1L, 0L, 0L, 0L, 
1L, 1L, 0L, 0L, 1L, 0L, 0L, 0L, 65L, 41L, 3L, 0L, 287L, 0L, 1L, 
0L), .Dim = c(8L, 4L), .Dimnames = structure(list(c("-1", "-2", 
"-3", "-4", "0", "1", "2", NA), c("A", "C", "G", NA)), .Names = c("", 
"")), class = "table"), AKMmono05 = structure(c(1669L, 2060L, 
234L, 7L, 1L, 1021L, 34L, 104L, 75L, 49L, 3L, 0L, 0L, 87L, 5L, 
0L), .Dim = c(8L, 2L), .Dimnames = structure(list(c("-1", "-2", 
"-3", "-4", "-5", "0", "1", NA), c("A", NA)), .Names = c("", 
"")), class = "table"), AKMmono13 = structure(c(4056L, 423L, 
13L, 1L, 1341L, 29L, 153L, 123L, 7L, 0L, 0L, 83L, 1L, 0L), .Dim = c(7L, 
2L), .Dimnames = structure(list(c("-1", "-2", "-3", "-4", "0", 
"1", NA), c("A", NA)), .Names = c("", "")), class = "table"), 
    AKMmono16 = structure(c(3012L, 577L, 19L, 1L, 1L, 3493L, 
    59L, 2L, 139L, 0L, 0L, 0L, 0L, 0L, 1L, 0L, 0L, 0L, 0L, 0L, 
    0L, 0L, 0L, 1L, 0L, 0L, 0L, 70L, 6L, 0L, 0L, 0L, 219L, 2L, 
    0L, 0L), .Dim = c(9L, 4L), .Dimnames = structure(list(c("-1", 
    "-2", "-3", "-4", "-5", "0", "1", "2", NA), c("A", "C", "T", 
    NA)), .Names = c("", "")), class = "table"), AKMmono22 = structure(c(101L, 
    879L, 978L, 304L, 7L, 3L, 554L, 17L, 3L, 143L, 0L, 0L, 1L, 
    0L, 0L, 0L, 0L, 0L, 0L, 0L, 0L, 0L, 1L, 1L, 0L, 0L, 0L, 0L, 
    0L, 0L, 5L, 23L, 23L, 7L, 0L, 0L, 68L, 1L, 0L, 0L), .Dim = c(10L, 
    4L), .Dimnames = structure(list(c("-1", "-2", "-3", "-4", 
    "-5", "-6", "0", "1", "2", NA), c("A", "G", "T", NA)), .Names = c("", 
    "")), class = "table"), EJmono05 = structure(c(0L, 0L, 0L, 
    0L, 2L, 0L, 0L, 0L, 1L, 0L, 0L, 1L, 0L, 0L, 0L, 1L, 0L, 0L, 
    0L, 0L, 0L, 619L, 2985L, 39L, 1L, 3917L, 85L, 55L, 15L, 29L, 
    0L, 0L, 138L, 4L, 0L), .Dim = c(7L, 5L), .Dimnames = structure(list(
        c("-1", "-2", "-3", "-4", "0", "1", NA), c("A", "C", 
        "G", "T", NA)), .Names = c("", "")), class = "table"), 
    EJmono16 = structure(c(1869L, 201L, 9L, 3122L, 147L, 2L, 
    289L, 0L, 1L, 0L, 1L, 0L, 0L, 0L, 10L, 2L, 1L, 44L, 1L, 0L, 
    0L), .Dim = c(7L, 3L), .Dimnames = structure(list(c("-1", 
    "-2", "-3", "0", "1", "2", NA), c("A", "G", NA)), .Names = c("", 
    "")), class = "table"), LMmono01 = structure(c(1121L, 251L, 
    5L, 1252L, 25L, 45L, 0L, 0L, 0L, 1L, 0L, 0L, 35L, 4L, 0L, 
    90L, 3L, 0L), .Dim = c(6L, 3L), .Dimnames = structure(list(
        c("-1", "-2", "-3", "0", "1", NA), c("A", "T", NA)), .Names = c("", 
    "")), class = "table"), LMmono03 = structure(c(1485L, 452L, 
    59L, 5L, 1718L, 40L, 2L, 168L, 0L, 0L, 0L, 0L, 1L, 0L, 0L, 
    0L, 1L, 0L, 0L, 0L, 4L, 0L, 0L, 0L, 19L, 1L, 0L, 0L, 75L, 
    1L, 0L, 0L), .Dim = c(8L, 4L), .Dimnames = structure(list(
        c("-1", "-2", "-3", "-4", "0", "1", "2", NA), c("C", 
        "G", "T", NA)), .Names = c("", "")), class = "table"), 
    LMmono09 = structure(c(2948L, 624L, 79L, 3L, 1L, 872L, 20L, 
    1L, 179L, 43L, 7L, 1L, 0L, 0L, 15L, 0L, 0L, 0L), .Dim = c(9L, 
    2L), .Dimnames = structure(list(c("-1", "-2", "-3", "-4", 
    "-5", "0", "1", "2", NA), c("T", NA)), .Names = c("", "")), class = "table"), 
    LMmono12 = structure(c(4408L, 895L, 100L, 1590L, 78L, 2L, 
    442L, 1L, 0L, 0L, 0L, 0L, 0L, 0L, 1L, 0L, 0L, 0L, 0L, 0L, 
    0L, 57L, 8L, 0L, 91L, 1L, 0L, 0L), .Dim = c(7L, 4L), .Dimnames = structure(list(
        c("-1", "-2", "-3", "0", "1", "2", NA), c("A", "G", "T", 
        NA)), .Names = c("", "")), class = "table"), LMmono16 = structure(c(140L, 
    1160L, 168L, 7L, 1328L, 22L, 2L, 546L, 1L, 48L, 5L, 205L, 
    7L, 38L, 4L, 0L, 293L, 2L, 0L, 38L, 0L, 7L, 0L, 0L), .Dim = c(12L, 
    2L), .Dimnames = structure(list(c("-1", "-2", "-3", "-4", 
    "0", "1", "2", "3", "4", "5", "6", NA), c("A", NA)), .Names = c("", 
    "")), class = "table"), MSJmono10 = structure(c(5L, 0L, 0L, 
    11L, 0L, 0L, 0L, 0L, 2770L, 227L, 10L, 6417L, 338L, 13L, 
    2L, 142L, 63L, 7L, 0L, 258L, 28L, 0L, 1L, 0L), .Dim = c(8L, 
    3L), .Dimnames = structure(list(c("-1", "-2", "-3", "0", 
    "1", "2", "3", NA), c("A", "C", NA)), .Names = c("", "")), class = "table"), 
    MSJmono19ms1 = structure(c(303L, 14L, 0L, 4266L, 1768L, 64L, 
    2L, 403L, 0L, 0L, 0L, 1L, 1L, 0L, 0L, 0L, 0L, 0L, 0L, 1L, 
    0L, 0L, 0L, 0L, 10L, 0L, 2L, 377L, 92L, 1L, 0L, 0L), .Dim = c(8L, 
    4L), .Dimnames = structure(list(c("-1", "-2", "-3", "0", 
    "1", "2", "3", NA), c("A", "C", "G", NA)), .Names = c("", 
    "")), class = "table"), MSJmono19ms2 = structure(c(0L, 0L, 
    1L, 0L, 0L, 3193L, 354L, 1440L, 16L, 527L, 43L, 4L, 106L, 
    0L, 0L), .Dim = c(5L, 3L), .Dimnames = structure(list(c("-1", 
    "-2", "0", "1", NA), c("A", "C", NA)), .Names = c("", "")), class = "table"), 
    MSJmono36 = structure(c(0L, 0L, 2L, 0L, 0L, 0L, 0L, 0L, 740L, 
    1061L, 1622L, 32L, 509L, 8L, 1L, 305L, 6L, 6L, 3L, 1L, 20L, 
    0L, 0L, 0L), .Dim = c(8L, 3L), .Dimnames = structure(list(
        c("-1", "-2", "-3", "-4", "0", "1", "2", NA), c("A", 
        "G", NA)), .Names = c("", "")), class = "table"), MSJmono44 = structure(c(891L, 
    709L, 5L, 521L, 8L, 26L, 4L, 10L, 0L, 8L, 1L, 0L), .Dim = c(6L, 
    2L), .Dimnames = structure(list(c("-1", "-2", "-3", "0", 
    "1", NA), c("T", NA)), .Names = c("", "")), class = "table"), 
    MSJmono46 = structure(c(2447L, 667L, 70L, 6L, 881L, 36L, 
    175L, 0L, 1L, 0L, 0L, 0L, 0L, 0L, 52L, 20L, 2L, 0L, 37L, 
    2L, 0L), .Dim = c(7L, 3L), .Dimnames = structure(list(c("-1", 
    "-2", "-3", "-4", "0", "1", NA), c("C", "G", NA)), .Names = c("", 
    "")), class = "table"), LMmono04v2_SNP1 = structure(c(224L, 
    277L, 494L, 7L, 1013L, 56L, 1L, 26L, 4L, 1L, 2L, 0L, 49L, 
    2L, 0L, 0L), .Dim = c(8L, 2L), .Dimnames = structure(list(
        c("-1", "-2", "-3", "-4", "0", "1", "2", NA), c("C", 
        NA)), .Names = c("", "")), class = "table"), AKMmono01v2_SNP1 = structure(c(0L, 
    0L, 0L, 1L, 0L, 0L, 0L, 2278L, 170L, 6L, 4698L, 64L, 3L, 
    157L, 24L, 1L, 0L, 143L, 0L, 0L, 0L), .Dim = c(7L, 3L), .Dimnames = structure(list(
        c("-1", "-2", "-3", "0", "1", "2", NA), c("G", "T", NA
        )), .Names = c("", "")), class = "table"), AKMmono10v2_SNP1 = structure(c(1347L, 
    39L, 0L, 369L, 2L, 21L, 10L, 1370L, 4L, 367L, 3L, 26L, 1L, 
    12L, 0L, 0L, 0L, 0L, 17L, 10L, 0L, 49L, 0L, 0L), .Dim = c(6L, 
    4L), .Dimnames = structure(list(c("-1", "-2", "-3", "0", 
    "1", NA), c("A", "G", "T", NA)), .Names = c("", "")), class = "table"), 
    AKMmono17v2_SNP1 = structure(c(20L, 4L, 0L, 339L, 323L, 11L, 
    26L, 20L, 983L, 19L, 221L, 1L, 0L, 44L, 1L, 2L, 0L, 26L, 
    0L, 0L, 0L), .Dim = c(7L, 3L), .Dimnames = structure(list(
        c("-1", "-2", "-3", "0", "1", "2", NA), c("A", "C", NA
        )), .Names = c("", "")), class = "table"), EJmono13v2_SNP1 = structure(c(368L, 
    10L, 1813L, 29L, 1L, 12L, 1646L, 54L, 565L, 12L, 0L, 47L, 
    25L, 1L, 82L, 0L, 0L, 0L), .Dim = c(6L, 3L), .Dimnames = structure(list(
        c("-1", "-2", "0", "1", "2", NA), c("A", "G", NA)), .Names = c("", 
    "")), class = "table"), LMmono05v2_SNP1 = structure(c(1452L, 
    154L, 2L, 473L, 4L, 46L, 0L, 0L, 0L, 3L, 0L, 1L, 23L, 1L, 
    0L, 8L, 0L, 0L), .Dim = c(6L, 3L), .Dimnames = structure(list(
        c("-1", "-2", "-3", "0", "1", NA), c("A", "T", NA)), .Names = c("", 
    "")), class = "table"), LMmono10v2_SNP1 = structure(c(177L, 
    2758L, 851L, 116L, 1037L, 12L, 197L, 2L, 28L, 9L, 1L, 60L, 
    0L, 0L), .Dim = c(7L, 2L), .Dimnames = structure(list(c("-1", 
    "-2", "-3", "-4", "0", "1", NA), c("A", NA)), .Names = c("", 
    "")), class = "table"), MSJmono30v2_SNP1 = structure(c(127L, 
    12L, 1L, 104L, 5L, 7L, 0L, 0L, 0L, 2L, 0L, 0L, 14L, 1L, 0L, 
    47L, 4L, 0L), .Dim = c(6L, 3L),