Result <-
list(AKMmono02 = structure(c(0L, 1L, 0L, 0L, 0L, 0L, 0L, 0L, 
0L, 0L, 1L, 0L, 0L, 0L, 1248L, 85L, 1L, 1995L, 27L, 2L, 123L, 
15L, 2L, 0L, 27L, 0L, 0L, 0L), .Dim = c(7L, 4L), .Dimnames = structure(list(
    c("-1", "-2", "-3", "0", "1", "2", NA), c("C", "G", "T", 
    NA)), .Names = c("", "")), class = "table"), AKMmono03 = structure(c(1366L, 
1331L, 205L, 7L, 1231L, 17L, 117L, 68L, 37L, 6L, 0L, 76L, 1L, 
0L), .Dim = c(7L, 2L), .Dimnames = structure(list(c("-1", "-2", 
"-3", "-4", "0", "1", NA), c("A", NA)), .Names = c("", "")), class = "table"), 
    AKMmono05 = structure(c(317L, 809L, 168L, 9L, 872L, 34L, 
    38L, 12L, 23L, 2L, 0L, 111L, 3L, 0L), .Dim = c(7L, 2L), .Dimnames = structure(list(
        c("-1", "-2", "-3", "-4", "0", "1", NA), c("A", NA)), .Names = c("", 
    "")), class = "table"), AKMmono13 = structure(c(1116L, 1460L, 
    83L, 1L, 1287L, 36L, 107L, 35L, 16L, 2L, 0L, 75L, 1L, 0L), .Dim = c(7L, 
    2L), .Dimnames = structure(list(c("-1", "-2", "-3", "-4", 
    "0", "1", NA), c("A", NA)), .Names = c("", "")), class = "table"), 
    AKMmono16 = structure(c(1001L, 156L, 4L, 2012L, 42L, 2L, 
    51L, 0L, 0L, 0L, 1L, 0L, 0L, 0L, 1L, 0L, 0L, 0L, 0L, 0L, 
    0L, 29L, 2L, 0L, 116L, 0L, 0L, 0L), .Dim = c(7L, 4L), .Dimnames = structure(list(
        c("-1", "-2", "-3", "0", "1", "2", NA), c("A", "G", "T", 
        NA)), .Names = c("", "")), class = "table"), AKMmono22 = structure(c(298L, 
    413L, 110L, 5L, 429L, 18L, 81L, 1L, 1L, 0L, 0L, 0L, 0L, 0L, 
    14L, 19L, 3L, 0L, 53L, 0L, 0L), .Dim = c(7L, 3L), .Dimnames = structure(list(
        c("-1", "-2", "-3", "-4", "0", "1", NA), c("A", "G", 
        NA)), .Names = c("", "")), class = "table"), EJmono05 = structure(c(2639L, 
    237L, 1L, 1074L, 27L, 55L, 62L, 4L, 0L, 49L, 0L, 0L), .Dim = c(6L, 
    2L), .Dimnames = structure(list(c("-1", "-2", "-3", "0", 
    "1", NA), c("T", NA)), .Names = c("", "")), class = "table"), 
    EJmono16 = structure(c(556L, 377L, 15L, 1323L, 756L, 57L, 
    6L, 254L, 7L, 2L, 0L, 22L, 3L, 0L, 0L, 0L), .Dim = c(8L, 
    2L), .Dimnames = structure(list(c("-1", "-2", "-3", "0", 
    "1", "2", "3", NA), c("A", NA)), .Names = c("", "")), class = "table"), 
    LMmono01 = structure(c(499L, 22L, 2133L, 32L, 8L, 0L, 0L, 
    1L, 0L, 0L, 0L, 0L, 1L, 0L, 0L, 19L, 0L, 173L, 4L, 0L), .Dim = 5:4, .Dimnames = structure(list(
        c("-1", "-2", "0", "1", NA), c("A", "C", "G", NA)), .Names = c("", 
    "")), class = "table"), LMmono03 = structure(c(185L, 474L, 
    220L, 8L, 1L, 507L, 12L, 69L, 0L, 5L, 1L, 0L, 0L, 25L, 0L, 
    0L), .Dim = c(8L, 2L), .Dimnames = structure(list(c("-1", 
    "-2", "-3", "-4", "-5", "0", "1", NA), c("C", NA)), .Names = c("", 
    "")), class = "table"), LMmono09 = structure(c(926L, 633L, 
    193L, 2L, 1L, 549L, 16L, 100L, 11L, 4L, 0L, 0L, 0L, 9L, 0L, 
    0L), .Dim = c(8L, 2L), .Dimnames = structure(list(c("-1", 
    "-2", "-3", "-4", "-5", "0", "1", NA), c("T", NA)), .Names = c("", 
    "")), class = "table"), LMmono12 = structure(c(1263L, 281L, 
    8L, 1L, 1694L, 127L, 4L, 155L, 1L, 0L, 0L, 0L, 0L, 0L, 0L, 
    0L, 15L, 3L, 0L, 0L, 84L, 0L, 1L, 0L), .Dim = c(8L, 3L), .Dimnames = structure(list(
        c("-1", "-2", "-3", "-4", "0", "1", "2", NA), c("A", 
        "T", NA)), .Names = c("", "")), class = "table"), LMmono16 = structure(c(63L, 
    339L, 88L, 66L, 6L, 628L, 594L, 441L, 9L, 1L, 223L, 5L, 10L, 
    4L, 3L, 0L, 88L, 34L, 21L, 0L, 0L, 0L), .Dim = c(11L, 2L), .Dimnames = structure(list(
        c("-1", "-2", "-3", "-4", "-5", "0", "1", "3", "5", "6", 
        NA), c("A", NA)), .Names = c("", "")), class = "table"), 
    MSJmono10 = structure(c(1108L, 48L, 3L, 7931L, 264L, 17L, 
    72L, 0L, 0L, 0L, 1L, 0L, 0L, 0L, 19L, 0L, 0L, 319L, 16L, 
    0L, 0L), .Dim = c(7L, 3L), .Dimnames = structure(list(c("-1", 
    "-2", "-3", "0", "1", "2", NA), c("C", "T", NA)), .Names = c("", 
    "")), class = "table"), MSJmono19ms1 = structure(c(516L, 
    24L, 5L, 3636L, 85L, 12L, 0L, 117L, 0L, 0L, 0L, 6L, 0L, 0L, 
    0L, 0L, 0L, 0L, 0L, 1L, 0L, 0L, 0L, 0L, 36L, 1L, 2L, 380L, 
    4L, 1L, 1L, 0L), .Dim = c(8L, 4L), .Dimnames = structure(list(
        c("-1", "-2", "-3", "0", "1", "2", "3", NA), c("A", "C", 
        "T", NA)), .Names = c("", "")), class = "table"), MSJmono19ms2 = structure(c(1225L, 
    40L, 1L, 2522L, 21L, 1L, 173L, 16L, 1L, 0L, 184L, 0L, 0L, 
    0L), .Dim = c(7L, 2L), .Dimnames = structure(list(c("-1", 
    "-2", "-3", "0", "1", "2", NA), c("C", NA)), .Names = c("", 
    "")), class = "table"), MSJmono36 = structure(c(250L, 7L, 
    1296L, 33L, 2L, 36L, 1L, 0L, 49L, 1L, 0L, 0L), .Dim = c(6L, 
    2L), .Dimnames = structure(list(c("-1", "-2", "0", "1", "2", 
    NA), c("G", NA)), .Names = c("", "")), class = "table"), 
    MSJmono44 = structure(c(969L, 228L, 3L, 520L, 10L, 25L, 15L, 
    4L, 0L, 13L, 0L, 0L), .Dim = c(6L, 2L), .Dimnames = structure(list(
        c("-1", "-2", "-3", "0", "1", NA), c("T", NA)), .Names = c("", 
    "")), class = "table"), MSJmono46 = structure(c(195L, 883L, 
    150L, 10L, 366L, 15L, 61L, 6L, 26L, 3L, 1L, 17L, 0L, 0L), .Dim = c(7L, 
    2L), .Dimnames = structure(list(c("-1", "-2", "-3", "-4", 
    "0", "1", NA), c("C", NA)), .Names = c("", "")), class = "table"), 
    LMmono04v2_SNP1 = structure(c(1403L, 166L, 6L, 577L, 17L, 
    31L, 37L, 2L, 0L, 32L, 0L, 0L), .Dim = c(6L, 2L), .Dimnames = structure(list(
        c("-1", "-2", "-3", "0", "1", NA), c("C", NA)), .Names = c("", 
    "")), class = "table"), AKMmono01v2_SNP1 = structure(c(0L, 
    0L, 0L, 0L, 0L, 0L, 1L, 1L, 0L, 0L, 2L, 0L, 0L, 0L, 2235L, 
    573L, 63L, 2765L, 94L, 4L, 170L, 24L, 3L, 1L, 88L, 3L, 0L, 
    0L), .Dim = c(7L, 4L), .Dimnames = structure(list(c("-1", 
    "-2", "-3", "0", "1", "2", NA), c("-", "G", "T", NA)), .Names = c("", 
    "")), class = "table"), AKMmono10v2_SNP1 = structure(c(8L, 
    674L, 2L, 257L, 0L, 11L, 666L, 18L, 1L, 463L, 1L, 13L, 6L, 
    3L, 1L, 52L, 0L, 0L), .Dim = c(6L, 3L), .Dimnames = structure(list(
        c("-1", "-2", "-3", "0", "1", NA), c("A", "G", NA)), .Names = c("", 
    "")), class = "table"), AKMmono17v2_SNP1 = structure(c(1L, 
    0L, 9L, 1L, 0L, 317L, 40L, 364L, 12L, 8L, 1L, 0L, 10L, 0L, 
    0L), .Dim = c(5L, 3L), .Dimnames = structure(list(c("-1", 
    "-2", "0", "1", NA), c("A", "C", NA)), .Names = c("", "")), class = "table"), 
    EJmono13v2_SNP1 = structure(c(77L, 0L, 0L, 971L, 32L, 0L, 
    3L, 753L, 17L, 1L, 495L, 6L, 1L, 26L, 1L, 0L, 0L, 0L, 0L, 
    0L, 0L, 10L, 0L, 0L, 60L, 0L, 0L, 0L), .Dim = c(7L, 4L), .Dimnames = structure(list(
        c("-1", "-2", "-3", "0", "1", "2", NA), c("A", "G", "T", 
        NA)), .Names = c("", "")), class = "table"), LMmono05v2_SNP1 = structure(c(124L, 
    3L, 0L, 355L, 12L, 0L, 7L, 214L, 25L, 1L, 398L, 9L, 0L, 8L, 
    4L, 2L, 0L, 32L, 1L, 1L, 0L), .Dim = c(7L, 3L), .Dimnames = structure(list(
        c("-1", "-2", "-3", "0", "1", "2", NA), c("A", "T", NA
        )), .Names = c("", "")), class = "table"), LMmono10v2_SNP1 = structure(c(590L, 
    911L, 257L, 22L, 873L, 15L, 110L, 0L, 0L, 0L, 0L, 1L, 0L, 
    0L, 11L, 10L, 4L, 1L, 65L, 0L, 0L), .Dim = c(7L, 3L), .Dimnames = structure(list(
        c("-1", "-2", "-3", "-4", "0", "1", NA), c("A", "C", 
        NA)), .Names = c("", "")), class = "table"), MSJmono30v2_SNP1 = structure(c(466L, 
    25L, 1L, 378L, 19L, 0L, 23L, 0L, 0L, 0L, 1L, 0L, 0L, 0L, 
    61L, 2L, 0L, 215L, 19L, 1L, 0L), .Dim = c(7L, 3L), .Dimnames = structure(list(
        c("-1", "-2", "-3", "0", "1", "2", NA), c("C", "T", NA
        )), .Names = c("", "")), class = "table"), EJmono14v2_SNP1 = structure(c(0L, 
    0L, 1L, 0L, 0L, 0L, 1519L, 110L, 734L, 7L, 0L, 24L, 0L, 0L, 
    0L, 0L, 0L, 1L, 83L, 3L, 112L, 6L, 1L, 0L), .Dim = c(6L, 
    4L), .Dimnames = structure(list(c("-1", "-2", "0", "1", "2", 
    NA), c("A", "G", "T", NA)), .Names = c("", "")), class = "table"), 
    AKMmono08v2_SNP1 = structure(c(557L, 39L, 842L, 46L, 1L, 
    32L, 0L, 0L, 0L, 1L, 0L, 0L, 9L, 0L, 38L, 2L, 0L, 0L), .Dim = c(6L, 
    3L),