Result <-
list(AKMmono02 = structure(c(0L, 0L, 0L, 1L, 0L, 0L, 0L, 0L, 
786L, 52L, 1L, 5558L, 928L, 26L, 1L, 516L, 8L, 1L, 0L, 113L, 
8L, 0L, 0L, 0L), .Dim = c(8L, 3L), .Dimnames = structure(list(
    c("-1", "-2", "-3", "0", "1", "2", "3", NA), c("C", "T", 
    NA)), .Names = c("", "")), class = "table"), AKMmono03 = structure(c(404L, 
70L, 10L, 1L, 3346L, 933L, 89L, 1L, 119L, 0L, 0L, 0L, 0L, 2L, 
0L, 0L, 0L, 0L, 17L, 3L, 0L, 0L, 340L, 16L, 4L, 0L, 0L), .Dim = c(9L, 
3L), .Dimnames = structure(list(c("-1", "-2", "-3", "-4", "0", 
"1", "2", "3", NA), c("A", "T", NA)), .Names = c("", "")), class = "table"), 
    AKMmono05 = structure(c(2193L, 320L, 38L, 4L, 1486L, 50L, 
    1L, 77L, 0L, 0L, 0L, 0L, 1L, 0L, 0L, 0L, 1L, 0L, 0L, 0L, 
    0L, 0L, 0L, 0L, 111L, 11L, 1L, 0L, 162L, 0L, 0L, 0L), .Dim = c(8L, 
    4L), .Dimnames = structure(list(c("-1", "-2", "-3", "-4", 
    "0", "1", "2", NA), c("A", "C", "G", NA)), .Names = c("", 
    "")), class = "table"), AKMmono13 = structure(c(1509L, 146L, 
    9L, 2634L, 44L, 2L, 72L, 45L, 0L, 0L, 167L, 2L, 0L, 0L), .Dim = c(7L, 
    2L), .Dimnames = structure(list(c("-1", "-2", "-3", "0", 
    "1", "2", NA), c("A", NA)), .Names = c("", "")), class = "table"), 
    AKMmono16 = structure(c(2058L, 176L, 6L, 3762L, 43L, 102L, 
    1L, 0L, 0L, 1L, 0L, 0L, 54L, 1L, 0L, 240L, 3L, 0L), .Dim = c(6L, 
    3L), .Dimnames = structure(list(c("-1", "-2", "-3", "0", 
    "1", NA), c("A", "T", NA)), .Names = c("", "")), class = "table"), 
    AKMmono22 = structure(c(768L, 182L, 27L, 2L, 1405L, 82L, 
    10L, 143L, 0L, 0L, 0L, 0L, 0L, 0L, 0L, 1L, 39L, 8L, 0L, 0L, 
    171L, 4L, 0L, 0L), .Dim = c(8L, 3L), .Dimnames = structure(list(
        c("-1", "-2", "-3", "-4", "0", "1", "2", NA), c("A", 
        "T", NA)), .Names = c("", "")), class = "table"), EJmono05 = structure(c(0L, 
    0L, 0L, 2L, 0L, 0L, 1L, 0L, 0L, 0L, 0L, 0L, 0L, 0L, 0L, 1L, 
    0L, 0L, 2346L, 180L, 6L, 3442L, 67L, 55L, 48L, 3L, 0L, 147L, 
    0L, 0L), .Dim = 6:5, .Dimnames = structure(list(c("-1", "-2", 
    "-3", "0", "1", NA), c("A", "C", "G", "T", NA)), .Names = c("", 
    "")), class = "table"), EJmono16 = structure(c(1091L, 89L, 
    5L, 2759L, 115L, 4L, 158L, 11L, 1L, 0L, 30L, 0L, 0L, 0L), .Dim = c(7L, 
    2L), .Dimnames = structure(list(c("-1", "-2", "-3", "0", 
    "1", "2", NA), c("A", NA)), .Names = c("", "")), class = "table"), 
    LMmono01 = structure(c(633L, 38L, 2483L, 47L, 36L, 1L, 0L, 
    0L, 0L, 0L, 0L, 0L, 1L, 0L, 0L, 32L, 0L, 176L, 4L, 0L), .Dim = 5:4, .Dimnames = structure(list(
        c("-1", "-2", "0", "1", NA), c("A", "C", "G", NA)), .Names = c("", 
    "")), class = "table"), LMmono03 = structure(c(0L, 0L, 0L, 
    0L, 0L, 1L, 0L, 0L, 0L, 1550L, 393L, 62L, 12L, 3L, 2163L, 
    60L, 1L, 190L, 11L, 2L, 0L, 0L, 0L, 102L, 0L, 0L, 0L), .Dim = c(9L, 
    3L), .Dimnames = structure(list(c("-1", "-2", "-3", "-4", 
    "-5", "0", "1", "2", NA), c("A", "C", NA)), .Names = c("", 
    "")), class = "table"), LMmono09 = structure(c(210L, 1008L, 
    257L, 9L, 655L, 18L, 151L, 2L, 3L, 0L, 0L, 7L, 0L, 0L), .Dim = c(7L, 
    2L), .Dimnames = structure(list(c("-1", "-2", "-3", "-4", 
    "0", "1", NA), c("T", NA)), .Names = c("", "")), class = "table"), 
    LMmono12 = structure(c(1818L, 1691L, 251L, 6L, 2002L, 107L, 
    8L, 1L, 319L, 27L, 22L, 2L, 0L, 91L, 0L, 0L, 0L, 0L), .Dim = c(9L, 
    2L), .Dimnames = structure(list(c("-1", "-2", "-3", "-4", 
    "0", "1", "2", "3", NA), c("A", NA)), .Names = c("", "")), class = "table"), 
    LMmono16 = structure(c(2263L, 793L, 107L, 7L, 2469L, 157L, 
    6L, 2L, 154L, 0L, 0L, 0L, 0L, 1L, 0L, 0L, 0L, 0L, 1L, 0L, 
    0L, 0L, 0L, 0L, 0L, 0L, 0L, 100L, 18L, 3L, 0L, 503L, 17L, 
    1L, 0L, 0L), .Dim = c(9L, 4L), .Dimnames = structure(list(
        c("-1", "-2", "-3", "-4", "0", "1", "2", "3", NA), c("A", 
        "G", "T", NA)), .Names = c("", "")), class = "table"), 
    MSJmono10 = structure(c(1L, 0L, 0L, 5L, 0L, 0L, 0L, 963L, 
    35L, 1L, 10451L, 251L, 6L, 62L, 0L, 0L, 0L, 1L, 0L, 0L, 0L, 
    0L, 0L, 0L, 1L, 0L, 0L, 0L, 24L, 2L, 0L, 421L, 18L, 0L, 0L
    ), .Dim = c(7L, 5L), .Dimnames = structure(list(c("-1", "-2", 
    "-3", "0", "1", "2", NA), c("A", "C", "G", "T", NA)), .Names = c("", 
    "")), class = "table"), MSJmono19ms1 = structure(c(554L, 
    25L, 3L, 2L, 5367L, 102L, 2L, 120L, 0L, 0L, 0L, 0L, 4L, 0L, 
    0L, 0L, 0L, 0L, 0L, 0L, 2L, 0L, 0L, 0L, 50L, 1L, 1L, 0L, 
    587L, 12L, 0L, 0L), .Dim = c(8L, 4L), .Dimnames = structure(list(
        c("-1", "-2", "-3", "-4", "0", "1", "2", NA), c("A", 
        "C", "T", NA)), .Names = c("", "")), class = "table"), 
    MSJmono19ms2 = structure(c(513L, 12L, 5181L, 50L, 1L, 107L, 
    0L, 0L, 0L, 0L, 0L, 1L, 5L, 0L, 436L, 0L, 0L, 0L), .Dim = c(6L, 
    3L), .Dimnames = structure(list(c("-1", "-2", "0", "1", "2", 
    NA), c("C", "T", NA)), .Names = c("", "")), class = "table"), 
    MSJmono36 = structure(c(0L, 0L, 2L, 0L, 0L, 0L, 0L, 285L, 
    26L, 3578L, 81L, 1L, 1L, 77L, 3L, 0L, 107L, 1L, 0L, 0L, 0L
    ), .Dim = c(7L, 3L), .Dimnames = structure(list(c("-1", "-2", 
    "0", "1", "2", "3", NA), c("A", "G", NA)), .Names = c("", 
    "")), class = "table"), MSJmono44 = structure(c(1113L, 1043L, 
    6L, 999L, 18L, 42L, 18L, 12L, 1L, 16L, 0L, 0L), .Dim = c(6L, 
    2L), .Dimnames = structure(list(c("-1", "-2", "-3", "0", 
    "1", NA), c("T", NA)), .Names = c("", "")), class = "table"), 
    MSJmono46 = structure(c(1223L, 348L, 30L, 1L, 1429L, 58L, 
    4L, 129L, 20L, 15L, 0L, 0L, 62L, 3L, 0L, 0L), .Dim = c(8L, 
    2L), .Dimnames = structure(list(c("-1", "-2", "-3", "-4", 
    "0", "1", "2", NA), c("C", NA)), .Names = c("", "")), class = "table"), 
    LMmono04v2_SNP1 = structure(c(848L, 245L, 12L, 1L, 1516L, 
    58L, 2L, 27L, 17L, 4L, 0L, 0L, 85L, 1L, 1L, 0L), .Dim = c(8L, 
    2L), .Dimnames = structure(list(c("-1", "-2", "-3", "-4", 
    "0", "1", "2", NA), c("C", NA)), .Names = c("", "")), class = "table"), 
    AKMmono01v2_SNP1 = structure(c(0L, 0L, 0L, 1L, 0L, 0L, 1L, 
    0L, 0L, 0L, 0L, 0L, 0L, 0L, 0L, 1L, 0L, 0L, 1L, 0L, 0L, 0L, 
    0L, 0L, 2363L, 260L, 12L, 6593L, 71L, 156L, 27L, 0L, 0L, 
    227L, 1L, 0L), .Dim = c(6L, 6L), .Dimnames = structure(list(
        c("-1", "-2", "-3", "0", "1", NA), c("-", "A", "C", "G", 
        "T", NA)), .Names = c("", "")), class = "table"), AKMmono10v2_SNP1 = structure(c(1355L, 
    94L, 2755L, 30L, 32L, 2L, 0L, 0L, 0L, 0L, 0L, 1L, 0L, 0L, 
    0L, 14L, 1L, 179L, 2L, 0L), .Dim = 5:4, .Dimnames = structure(list(
        c("-1", "-2", "0", "1", NA), c("A", "G", "T", NA)), .Names = c("", 
    "")), class = "table"), AKMmono17v2_SNP1 = structure(c(216L, 
    29L, 4L, 1605L, 27L, 0L, 16L, 5L, 1L, 0L, 66L, 1L, 1L, 0L, 
    4L, 0L, 0L, 45L, 0L, 0L, 0L), .Dim = c(7L, 3L), .Dimnames = structure(list(
        c("-1", "-2", "-3", "0", "1", "2", NA), c("A", "C", NA
        )), .Names = c("", "")), class = "table"), EJmono13v2_SNP1 = structure(c(152L, 
    3L, 1443L, 47L, 2L, 11L, 94L, 2L, 1511L, 29L, 0L, 10L, 1L, 
    0L, 0L, 0L, 0L, 0L, 7L, 1L, 81L, 0L, 0L, 0L), .Dim = c(6L, 
    4L), .Dimnames = structure(list(c("-1", "-2", "0", "1", "2", 
    NA), c("A", "G", "T", NA)), .Names = c("", "")), class = "table"), 
    LMmono05v2_SNP1 = structure(c(333L, 76L, 6L, 672L, 19L, 1L, 
    12L, 0L, 0L, 0L, 1L, 0L, 0L, 0L, 117L, 11L, 0L, 1003L, 23L, 
    0L, 7L, 2L, 1L, 0L, 71L, 1L, 0L, 0L), .Dim = c(7L, 4L), .Dimnames = structure(list(
        c("-1", "-2", "-3", "0", "1", "2", NA), c("A", "C", "T", 
        NA)), .Names = c("", "")), class = "table"), LMmono10v2_SNP1 = structure(c(348L, 
    140L, 20L, 0L, 1223L, 21L, 78L, 327L, 80L, 24L, 1L, 1400L, 
    17L, 62L, 0L, 0L, 0L, 0L, 2L, 0L, 0L, 22L, 3L, 3L, 0L, 229L, 
    1L, 0L), .Dim = c(7L, 4L), .Dimnames = structure(list(c("-1", 
    "-2", "-3", "-4", "0", "1", NA), c("A", "G", "T", NA)), .Names = c("", 
    "")), class = "table"), MSJmono30v2_SNP1 = structure(c(34L, 
    2L, 1L, 178L, 5L, 1L, 27L, 5L, 3L, 180L, 5L, 4L, 5L, 1L, 
    0L, 146L, 12L, 0L), .Dim = c(6L, 3L),