Result <-
list(DEPDC2_SNP1 = structure(c(0, 0, 0, 0, 0, 1, 422, 0, 0, 0, 
0, 0, 0, 2, 413, 0), dim = c(4L, 4L), dimnames = list(c("-2", 
"-1", "0", "1"), c("A", "C", "G", "T"))), GM01_SNP1 = structure(c(0, 
0, 0, 0, 0, 1, 309, 0, 0, 1, 4, 0), dim = 4:3, dimnames = list(
    c("-2", "-1", "0", "1"), c("-", "A", "G"))), GM07_SNP1 = structure(c(0, 
0, 0, 0, 0, 0, 0, 5, 134, 2, 0, 0, 0, 1, 121, 1, 0, 0), dim = c(6L, 
3L), dimnames = list(c("-2", "-1", "0", "1", "2", "3"), c("-", 
"A", "G"))), GM09_SNP1 = structure(c(0, 10, 0, 2, 733, 0), dim = 3:2, dimnames = list(
    c("-1", "0", "1"), c("A", "G"))), GM11_SNP1 = structure(c(0, 
81, 0, 0, 46, 0), dim = 3:2, dimnames = list(c("-1", "0", "1"
), c("A", "G"))), GM14_SNP1 = structure(c(0, 0, 1, 0, 223, 1, 
0, 0, 0, 2, 224, 0), dim = c(6L, 2L), dimnames = list(c("-4", 
"-3", "-2", "-1", "0", "1"), c("C", "T"))), GM17_SNP1 = structure(c(0, 
1, 250, 0, 0, 2, 14, 0), dim = c(4L, 2L), dimnames = list(c("-2", 
"-1", "0", "1"), c("C", "T"))), GM22_SNP1 = structure(c(1, 69, 
0, 0, 119, 0), dim = 3:2, dimnames = list(c("-1", "0", "1"), 
    c("A", "G"))), GM26_SNP1 = structure(c(2, 131, 0, 0, 3, 0
), dim = 3:2, dimnames = list(c("-1", "0", "1"), c("A", "G"))), 
    GM29_SNP1 = structure(c(0, 103, 0, 0, 111, 0), dim = 3:2, dimnames = list(
        c("-1", "0", "1"), c("A", "G"))), IM16_SNP1 = structure(c(0, 
    0, 0, 0, 0, 1, 466, 2, 0, 0, 123, 0, 0, 0, 0, 0), dim = c(4L, 
    4L), dimnames = list(c("-2", "-1", "0", "1"), c("-", "A", 
    "G", "T"))), IM49_SNP1 = structure(c(0, 0, 0, 0, 0, 0, 0, 
    0, 2, 263, 1, 0, 0, 0, 4, 252, 1, 0), dim = c(6L, 3L), dimnames = list(
        c("-3", "-2", "-1", "0", "1", "2"), c("A", "C", "G"))), 
    LR10_SNP1 = structure(c(0, 2, 142, 0, 0, 0, 57, 1), dim = c(4L, 
    2L), dimnames = list(c("-2", "-1", "0", "1"), c("C", "T"))), 
    LR11_SNP1 = structure(c(0, 3, 196, 0, 0, 0, 0, 83, 0, 0), dim = c(5L, 
    2L), dimnames = list(c("-2", "-1", "0", "1", "2"), c("A", 
    "C"))), LR17_SNP1 = structure(c(0, 2, 224, 1, 0, 0, 0, 0), dim = c(4L, 
    2L), dimnames = list(c("-2", "-1", "0", "1"), c("A", "G"))), 
    LR20_SNP1 = structure(c(0, 150, 2, 0, 68, 0), dim = 3:2, dimnames = list(
        c("-1", "0", "1"), c("A", "G"))), LR24_SNP1 = structure(c(0, 
    2, 738, 0, 0, 2, 249, 0), dim = c(4L, 2L), dimnames = list(
        c("-2", "-1", "0", "1"), c("A", "G"))), LR36_SNP1 = structure(c(1, 
    0, 196, 2, 0, 0, 0, 0, 0, 2, 96, 1), dim = 4:3, dimnames = list(
        c("-2", "-1", "0", "1"), c("A", "G", "T"))), LR40_SNP1 = structure(c(0, 
    0, 0, 2, 185, 0, 0, 0, 0), dim = c(3L, 3L), dimnames = list(
        c("-1", "0", "1"), c("A", "C", "T"))), LR44_SNP1 = structure(c(0, 
    0, 1, 4, 64, 0, 0, 0, 0, 0, 0, 1, 0, 0, 0, 0, 0, 5, 80, 0, 
    0), dim = c(7L, 3L), dimnames = list(c("-4", "-3", "-2", 
    "-1", "0", "1", "2"), c("C", "N", "T"))), LR46_SNP1 = structure(c(0, 
    0, 0, 0, 85, 0, 0, 1, 0, 1, 114, 0), dim = 3:4, dimnames = list(
        c("-1", "0", "1"), c("-", "G", "N", "T"))), LR48_SNP1 = structure(c(1, 
    0, 111, 1, 0, 1, 0, 0), dim = c(4L, 2L), dimnames = list(
        c("-2", "-1", "0", "1"), c("C", "T"))), LR49_SNP1 = structure(c(0, 
    0, 8, 0, 0, 0, 353, 0), dim = c(4L, 2L), dimnames = list(
        c("-2", "-1", "0", "1"), c("A", "G"))), LR52_SNP1 = structure(c(0, 
    4, 74, 1, 0, 1, 4, 0), dim = c(4L, 2L), dimnames = list(c("-2", 
    "-1", "0", "1"), c("C", "T"))))
