Result <-
list(DEPDC2_SNP1 = structure(c(0, 0, 1, 0, 0, 0, 592, 1, 89, 
1, 580, 1), dim = 4:3, dimnames = list(c("-2", "-1", "0", "1"
), c("A", "C", "T"))), GM01_SNP1 = structure(c(0, 0, 0, 11, 0, 
0, 0, 97, 402, 0), dim = c(5L, 2L), dimnames = list(c("-3", "-2", 
"-1", "0", "1"), c("A", "G"))), GM07_SNP1 = structure(c(0, 2, 
63, 142, 0, 0, 0, 0, 63, 133, 0, 0), dim = c(6L, 2L), dimnames = list(
    c("-3", "-2", "-1", "0", "1", "2"), c("A", "G"))), GM09_SNP1 = structure(c(3, 
425, 0, 12, 385, 0, 0, 0, 0), dim = c(3L, 3L), dimnames = list(
    c("-1", "0", "1"), c("A", "G", "T"))), GM11_SNP1 = structure(c(0, 
3, 176, 0, 1, 2, 160, 0, 0, 0, 0, 0), dim = 4:3, dimnames = list(
    c("-2", "-1", "0", "1"), c("A", "G", "T"))), GM14_SNP1 = structure(c(0, 
0, 0, 0, 0, 0, 10, 502, 0, 0, 1, 0, 3, 0, 0), dim = c(5L, 3L), dimnames = list(
    c("-2", "-1", "0", "1", "2"), c("-", "C", "T"))), GM17_SNP1 = structure(c(0, 
0, 15, 0, 0, 1, 474, 0), dim = c(4L, 2L), dimnames = list(c("-2", 
"-1", "0", "1"), c("C", "T"))), GM22_SNP1 = structure(c(0, 0, 
17, 0, 0, 28, 286, 0, 0, 0, 0, 0), dim = 4:3, dimnames = list(
    c("-2", "-1", "0", "1"), c("A", "G", "T"))), GM26_SNP1 = structure(c(0, 
2, 160, 0, 0, 2, 148, 1, 0, 0, 0, 0), dim = 4:3, dimnames = list(
    c("-2", "-1", "0", "1"), c("A", "G", "T"))), GM29_SNP1 = structure(c(1, 
100, 249, 0, 0, 0, 4, 0, 0, 0, 0, 0), dim = 4:3, dimnames = list(
    c("-2", "-1", "0", "1"), c("A", "G", "T"))), IM16_SNP1 = structure(c(0, 
59, 129, 2, 0, 4, 168, 1), dim = c(4L, 2L), dimnames = list(c("-2", 
"-1", "0", "1"), c("A", "G"))), IM49_SNP1 = structure(c(0, 17, 
126, 579, 3, 0, 0, 0, 0, 13, 0, 0), dim = c(6L, 2L), dimnames = list(
    c("-3", "-2", "-1", "0", "1", "2"), c("C", "G"))), LR10_SNP1 = structure(c(0, 
0, 0, 0, 0, 2, 198, 2, 0, 3, 201, 0), dim = 4:3, dimnames = list(
    c("-2", "-1", "0", "1"), c("-", "C", "T"))), LR11_SNP1 = structure(c(0, 
2, 4, 0, 0, 4, 61, 298, 2, 0, 0, 0, 0, 0, 0, 0, 0, 0, 0, 0), dim = 5:4, dimnames = list(
    c("-2", "-1", "0", "1", "2"), c("A", "C", "G", "T"))), LR17_SNP1 = structure(c(0, 
3, 93, 223, 0, 0, 0, 0, 0, 0), dim = c(5L, 2L), dimnames = list(
    c("-3", "-2", "-1", "0", "1"), c("A", "G"))), LR20_SNP1 = structure(c(1, 
215, 0, 0, 203, 0, 0, 0, 0), dim = c(3L, 3L), dimnames = list(
    c("-1", "0", "1"), c("A", "G", "T"))), LR24_SNP1 = structure(c(9, 
258, 988, 0, 0, 1, 0, 0), dim = c(4L, 2L), dimnames = list(c("-2", 
"-1", "0", "1"), c("A", "G"))), LR36_SNP1 = structure(c(0, 0, 
0, 0, 0, 0, 0, 8, 84, 421, 3, 0, 0, 0, 0, 10, 0, 0), dim = c(6L, 
3L), dimnames = list(c("-3", "-2", "-1", "0", "1", "2"), c("-", 
"A", "T"))), LR40_SNP1 = structure(c(0, 1, 0, 0, 1, 312, 0, 0
), dim = c(4L, 2L), dimnames = list(c("-1", "0", "1", "2"), c("A", 
"C"))), LR44_SNP1 = structure(c(0, 0, 0, 0, 1, 0, 0, 0, 1, 6, 
58, 120, 0, 0, 0, 0, 0, 3, 21, 200, 2, 0, 0, 0), dim = c(8L, 
3L), dimnames = list(c("-3", "-2", "-1", "0", "1", "2", "3", 
"8"), c("-", "C", "T"))), LR46_SNP1 = structure(c(2, 352, 1, 
0, 8, 0), dim = 3:2, dimnames = list(c("-1", "0", "1"), c("G", 
"T"))), LR48_SNP1 = structure(c(0, 0, 0, 0, 0, 0, 3, 14, 0, 0, 
8, 32, 192, 0, 0), dim = c(5L, 3L), dimnames = list(c("-2", "-1", 
"0", "1", "2"), c("A", "C", "T"))), LR49_SNP1 = structure(c(0, 
26, 274, 0, 0, 0, 0, 0, 0, 45, 262, 0, 0, 0, 0, 0), dim = c(4L, 
4L), dimnames = list(c("-2", "-1", "0", "1"), c("A", "C", "G", 
"T"))), LR52_SNP1 = structure(c(0, 0, 0, 0, 0, 0, 1, 10, 15, 
22, 86, 0, 1, 3, 25, 5, 108, 6), dim = c(6L, 3L), dimnames = list(
    c("-4", "-3", "-2", "-1", "0", "1"), c("A", "C", "T"))))
