Result <-
list(DEPDC2_SNP1 = structure(c(0, 0, 0, 0, 0, 0, 13, 0, 0, 3, 
855, 1), dim = 4:3, dimnames = list(c("-2", "-1", "0", "1"), 
    c("A", "C", "T"))), GM01_SNP1 = structure(c(0, 0, 259, 0, 
0, 0, 0, 6, 0, 0), dim = c(5L, 2L), dimnames = list(c("-2", "-1", 
"0", "1", "2"), c("A", "G"))), GM07_SNP1 = structure(c(0, 0, 
0, 0, 0, 0, 0, 67, 18, 23, 0, 0, 0, 0, 23, 86, 3, 0, 0, 0, 0, 
0, 0, 0), dim = c(6L, 4L), dimnames = list(c("-3", "-2", "-1", 
"0", "1", "2"), c("-", "A", "G", "T"))), GM09_SNP1 = structure(c(0, 
0, 264, 0, 0, 0, 245, 0, 0, 0, 0, 0), dim = 4:3, dimnames = list(
    c("-2", "-1", "0", "1"), c("A", "G", "T"))), GM11_SNP1 = structure(c(3, 
194, 0, 0, 2, 0), dim = 3:2, dimnames = list(c("-1", "0", "1"
), c("A", "G"))), GM14_SNP1 = structure(c(0, 0, 0, 0, 0, 0, 0, 
0, 91, 58, 3, 1, 0, 0, 3, 183, 0, 0), dim = c(6L, 3L), dimnames = list(
    c("-3", "-2", "-1", "0", "1", "2"), c("A", "C", "T"))), GM17_SNP1 = structure(c(0, 
0, 2, 0, 0, 1, 305, 0), dim = c(4L, 2L), dimnames = list(c("-3", 
"-1", "0", "1"), c("C", "T"))), GM22_SNP1 = structure(c(0, 0, 
139, 0, 0, 86, 24, 0, 0, 0, 0, 0), dim = 4:3, dimnames = list(
    c("-2", "-1", "0", "1"), c("A", "G", "T"))), GM26_SNP1 = structure(c(0, 
3, 254, 2, 0, 0, 1, 0), dim = c(4L, 2L), dimnames = list(c("-2", 
"-1", "0", "1"), c("A", "G"))), GM29_SNP1 = structure(c(0, 3, 
107, 0, 0, 2, 87, 0), dim = c(4L, 2L), dimnames = list(c("-2", 
"-1", "0", "1"), c("A", "G"))), IM16_SNP1 = structure(c(1, 98, 
0, 0, 0, 0, 0, 0, 8, 77, 0, 0), dim = 4:3, dimnames = list(c("-1", 
"0", "1", "2"), c("A", "C", "G"))), IM49_SNP1 = structure(c(0, 
0, 8, 167, 263, 2, 0, 0, 0, 0, 2, 3, 0, 0), dim = c(7L, 2L), dimnames = list(
    c("-4", "-3", "-2", "-1", "0", "1", "2"), c("C", "G"))), 
    LR10_SNP1 = structure(c(0, 0, 0, 0, 0, 0, 0, 102, 1, 0, 0, 
    0, 1, 130, 2), dim = c(3L, 5L), dimnames = list(c("-1", "0", 
    "1"), c("-", "A", "C", "G", "T"))), LR11_SNP1 = structure(c(0, 
    0, 5, 0, 0, 0, 9, 218, 1, 0), dim = c(5L, 2L), dimnames = list(
        c("-2", "-1", "0", "1", "2"), c("A", "C"))), LR17_SNP1 = structure(c(0, 
    8, 165, 2), dim = c(4L, 1L), dimnames = list(c("-2", "-1", 
    "0", "1"), "A")), LR20_SNP1 = structure(c(0, 113, 0, 0, 0, 
    0, 0, 137, 0), dim = c(3L, 3L), dimnames = list(c("-1", "0", 
    "1"), c("A", "C", "G"))), LR24_SNP1 = structure(c(15, 856, 
    0, 1, 27, 0), dim = 3:2, dimnames = list(c("-1", "0", "1"
    ), c("A", "G"))), LR36_SNP1 = structure(c(0, 0, 2, 62, 57, 
    0, 0, 0, 0, 0, 0, 0, 0, 0, 0, 0, 1, 0, 0, 0, 0, 3, 123, 2
    ), dim = c(6L, 4L), dimnames = list(c("-4", "-3", "-2", "-1", 
    "0", "1"), c("A", "C", "N", "T"))), LR40_SNP1 = structure(c(1, 
    0, 1, 3, 0, 0, 0, 1, 158, 0), dim = c(5L, 2L), dimnames = list(
        c("-5", "-2", "-1", "0", "1"), c("A", "C"))), LR44_SNP1 = structure(c(0, 
    2, 85, 65, 208, 3, 0, 0, 0, 0, 0, 7, 0, 0), dim = c(7L, 2L
    ), dimnames = list(c("-4", "-3", "-2", "-1", "0", "1", "2"
    ), c("C", "T"))), LR46_SNP1 = structure(c(0, 0, 28, 201, 
    0, 0, 0, 0, 1, 1, 0, 0), dim = c(6L, 2L), dimnames = list(
        c("-3", "-2", "-1", "0", "1", "2"), c("G", "T"))), LR48_SNP1 = structure(c(0, 
    0, 16, 71, 1, 0, 0, 1, 87, 0), dim = c(5L, 2L), dimnames = list(
        c("-3", "-2", "-1", "0", "1"), c("C", "T"))), LR49_SNP1 = structure(c(1, 
    186, 0, 1, 133, 0), dim = 3:2, dimnames = list(c("-1", "0", 
    "1"), c("A", "G"))), LR52_SNP1 = structure(c(0, 0, 0, 0, 
    0, 0, 0, 0, 2, 6, 66, 4, 0, 0, 0, 8, 69, 3), dim = c(6L, 
    3L), dimnames = list(c("-4", "-3", "-2", "-1", "0", "1"), 
        c("A", "C", "T"))))
