Result <-
list(DEPDC2_SNP1 = structure(c(0, 0, 0, 0, 0, 0, 0, 0, 0, 0, 
4, 0, 0, 0, 0, 0, 0, 27, 693, 2), dim = 4:5, dimnames = list(
    c("-2", "-1", "0", "1"), c("-", "A", "C", "G", "T"))), GM01_SNP1 = structure(c(0, 
1, 82, 52, 0, 0, 0, 0, 1, 98, 0, 0), dim = c(6L, 2L), dimnames = list(
    c("-3", "-2", "-1", "0", "1", "2"), c("A", "G"))), GM07_SNP1 = structure(c(0, 
0, 0, 0, 0, 0, 0, 11, 158, 3, 0, 0, 2, 1, 1, 0, 0, 0), dim = c(6L, 
3L), dimnames = list(c("-2", "-1", "0", "1", "2", "3"), c("-", 
"A", "G"))), GM09_SNP1 = structure(c(0, 236, 0, 0, 0, 0, 0, 206, 
0, 0, 0, 0), dim = 3:4, dimnames = list(c("-1", "0", "1"), c("A", 
"C", "G", "T"))), GM11_SNP1 = structure(c(9, 23, 0, 0, 2, 0), dim = 3:2, dimnames = list(
    c("-1", "0", "1"), c("A", "G"))), GM14_SNP1 = structure(c(0, 
5, 146, 0, 0, 0, 1, 96, 0, 0), dim = c(5L, 2L), dimnames = list(
    c("-2", "-1", "0", "1", "2"), c("C", "T"))), GM17_SNP1 = structure(c(2, 
78, 150, 1, 0, 0, 8, 0), dim = c(4L, 2L), dimnames = list(c("-2", 
"-1", "0", "1"), c("C", "T"))), GM22_SNP1 = structure(c(0, 0, 
0, 0, 0, 2, 223, 2, 0, 0, 3, 0, 0, 0, 0, 0), dim = c(4L, 4L), dimnames = list(
    c("-2", "-1", "0", "1"), c("-", "A", "G", "T"))), GM26_SNP1 = structure(c(0, 
3, 131, 0, 0, 0, 2, 0), dim = c(4L, 2L), dimnames = list(c("-2", 
"-1", "0", "1"), c("A", "G"))), GM29_SNP1 = structure(c(0, 1, 
80, 0, 1, 0, 62, 0), dim = c(4L, 2L), dimnames = list(c("-2", 
"-1", "0", "1"), c("A", "G"))), IM16_SNP1 = structure(c(0, 0, 
2, 0, 0, 0, 0, 70, 27, 0), dim = c(5L, 2L), dimnames = list(c("-2", 
"-1", "0", "1", "2"), c("A", "G"))), IM49_SNP1 = structure(c(0, 
0, 0, 0, 0, 0, 0, 0, 0, 179, 86, 1, 0, 0, 0, 0, 17, 210, 4, 0, 
0), dim = c(7L, 3L), dimnames = list(c("-3", "-2", "-1", "0", 
"1", "2", "3"), c("A", "C", "G"))), LR10_SNP1 = structure(c(0, 
2, 133, 2, 0, 0, 1, 3, 0, 0), dim = c(5L, 2L), dimnames = list(
    c("-2", "-1", "0", "1", "2"), c("C", "T"))), LR11_SNP1 = structure(c(0, 
0, 4, 0, 0, 0, 11, 224, 1, 0, 0, 0, 0, 0, 0), dim = c(5L, 3L), dimnames = list(
    c("-2", "-1", "0", "1", "2"), c("A", "C", "T"))), LR17_SNP1 = structure(c(0, 
2, 170, 2, 0, 0, 0, 0), dim = c(4L, 2L), dimnames = list(c("-2", 
"-1", "0", "1"), c("A", "G"))), LR20_SNP1 = structure(c(0, 91, 
0, 0, 78, 0), dim = 3:2, dimnames = list(c("-1", "0", "1"), c("A", 
"G"))), LR24_SNP1 = structure(c(3, 527, 0, 0, 0, 0, 0, 10, 0, 
0, 0, 0), dim = 3:4, dimnames = list(c("-1", "0", "1"), c("A", 
"C", "G", "T"))), LR36_SNP1 = structure(c(0, 0, 0, 0, 7, 0, 0, 
0, 0, 0, 0, 0, 0, 0, 0, 0, 0, 0, 0, 0, 0, 0, 0, 0, 3, 270, 1, 
0), dim = c(7L, 4L), dimnames = list(c("-4", "-3", "-2", "-1", 
"0", "1", "2"), c("A", "C", "G", "T"))), LR40_SNP1 = structure(c(0, 
0, 1, 0, 0, 0, 4, 86, 0, 0), dim = c(5L, 2L), dimnames = list(
    c("-2", "-1", "0", "1", "2"), c("A", "C"))), LR44_SNP1 = structure(c(0, 
0, 0, 0, 0, 0, 0, 3, 25, 156, 2, 0, 0, 0, 0, 0, 0, 0, 0, 0, 2, 
2, 0, 0, 0, 0, 0, 3, 0, 0), dim = 6:5, dimnames = list(c("-3", 
"-2", "-1", "0", "1", "2"), c("A", "C", "G", "N", "T"))), LR46_SNP1 = structure(c(0, 
65, 0, 0, 0, 65, 0, 0), dim = c(4L, 2L), dimnames = list(c("-1", 
"0", "1", "2"), c("G", "T"))), LR48_SNP1 = structure(c(0, 5, 
72, 0, 0, 2, 52, 0), dim = c(4L, 2L), dimnames = list(c("-2", 
"-1", "0", "1"), c("C", "T"))), LR49_SNP1 = structure(c(0, 118, 
9, 128), dim = c(2L, 2L), dimnames = list(c("-1", "0"), c("A", 
"G"))), LR52_SNP1 = structure(c(0, 2, 8, 27, 26, 3, 0, 0, 0, 
2, 1, 0), dim = c(6L, 2L), dimnames = list(c("-4", "-3", "-2", 
"-1", "0", "1"), c("C", "T"))))
