Result <-
list(DEPDC2_SNP1 = structure(c(0, 0, 0, 0, 580, 2, 0, 631, 1), dim = c(3L, 
3L), dimnames = list(c("-1", "0", "1"), c("A", "C", "T"))), GM01_SNP1 = structure(c(0, 
6, 539, 0, 0, 0, 14, 0), dim = c(4L, 2L), dimnames = list(c("-2", 
"-1", "0", "1"), c("A", "G"))), GM07_SNP1 = structure(c(0, 0, 
0, 0, 0, 0, 1, 17, 362, 2, 0, 0, 0, 0, 5, 1, 0, 0), dim = c(6L, 
3L), dimnames = list(c("-2", "-1", "0", "1", "2", "3"), c("-", 
"A", "G"))), GM09_SNP1 = structure(c(0, 1, 0, 12, 119, 5, 13, 
99, 2, 0, 0, 0), dim = 3:4, dimnames = list(c("-1", "0", "1"), 
    c("-", "A", "G", "T"))), GM11_SNP1 = structure(c(2, 151, 
1, 0, 3, 162, 0, 0), dim = c(4L, 2L), dimnames = list(c("-1", 
"0", "1", "2"), c("A", "G"))), GM14_SNP1 = structure(c(0, 0, 
11, 278, 1, 0, 0, 2, 258, 1), dim = c(5L, 2L), dimnames = list(
    c("-3", "-2", "-1", "0", "1"), c("C", "T"))), GM17_SNP1 = structure(c(0, 
0, 0, 0, 0, 5, 246, 1, 0, 1, 234, 0), dim = 4:3, dimnames = list(
    c("-2", "-1", "0", "1"), c("A", "C", "T"))), GM22_SNP1 = structure(c(0, 
3, 220, 0, 0, 0, 3, 178, 0, 0), dim = c(5L, 2L), dimnames = list(
    c("-2", "-1", "0", "1", "2"), c("A", "G"))), GM26_SNP1 = structure(c(0, 
388, 0, 0, 6, 0), dim = 3:2, dimnames = list(c("-1", "0", "1"
), c("A", "G"))), GM29_SNP1 = structure(c(0, 4, 177, 0, 0, 0, 
164, 0), dim = c(4L, 2L), dimnames = list(c("-2", "-1", "0", 
"1"), c("A", "G"))), IM16_SNP1 = structure(c(0, 7, 0, 0, 0, 0, 
5, 352, 2), dim = c(3L, 3L), dimnames = list(c("-1", "0", "1"
), c("A", "C", "G"))), IM49_SNP1 = structure(c(0, 0, 0, 0, 0, 
2, 26, 715, 6, 0, 0, 1, 16, 0, 0, 0, 0, 0, 0, 0), dim = 5:4, dimnames = list(
    c("-2", "-1", "0", "1", "2"), c("A", "C", "G", "T"))), LR10_SNP1 = structure(c(0, 
6, 207, 0, 0, 1, 225, 1), dim = c(4L, 2L), dimnames = list(c("-2", 
"-1", "0", "1"), c("C", "T"))), LR11_SNP1 = structure(c(0, 2, 
277, 0, 0, 1, 6, 239, 0, 0), dim = c(5L, 2L), dimnames = list(
    c("-2", "-1", "0", "1", "2"), c("A", "C"))), LR17_SNP1 = structure(c(0, 
7, 316, 1, 0, 0, 0, 0, 0, 0), dim = c(5L, 2L), dimnames = list(
    c("-2", "-1", "0", "1", "2"), c("A", "G"))), LR20_SNP1 = structure(c(0, 
0, 18, 0, 0, 0, 0, 0, 0, 1, 413, 0), dim = 4:3, dimnames = list(
    c("-2", "-1", "0", "1"), c("A", "C", "G"))), LR24_SNP1 = structure(c(0, 
0, 0, 0, 0, 1, 745, 1, 0, 16, 809, 1), dim = 4:3, dimnames = list(
    c("-2", "-1", "0", "1"), c("-", "A", "G"))), LR36_SNP1 = structure(c(0, 
1, 14, 288, 0, 0, 0, 0, 0, 0, 0, 0, 0, 0, 9, 249, 2, 0), dim = c(6L, 
3L), dimnames = list(c("-3", "-2", "-1", "0", "1", "2"), c("A", 
"G", "T"))), LR40_SNP1 = structure(c(0, 3, 313, 1, 0, 0, 0, 0
), dim = c(4L, 2L), dimnames = list(c("-2", "-1", "0", "1"), 
    c("C", "T"))), LR44_SNP1 = structure(c(0, 0, 0, 10, 2, 0, 
0, 58, 407, 2), dim = c(5L, 2L), dimnames = list(c("-3", "-2", 
"-1", "0", "1"), c("C", "T"))), LR46_SNP1 = structure(c(3, 312, 
4, 1, 19, 0), dim = 3:2, dimnames = list(c("-1", "0", "1"), c("G", 
"T"))), LR48_SNP1 = structure(c(0, 38, 215, 1, 0, 0, 1, 6, 0, 
0), dim = c(5L, 2L), dimnames = list(c("-2", "-1", "0", "1", 
"2"), c("C", "T"))), LR49_SNP1 = structure(c(0, 330, 0, 0, 0, 
0, 2, 306, 0, 0, 0, 0), dim = 3:4, dimnames = list(c("-1", "0", 
"1"), c("A", "C", "G", "T"))), LR52_SNP1 = structure(c(1, 2, 
14, 303, 4, 1, 1, 1, 8, 0), dim = c(5L, 2L), dimnames = list(
    c("-3", "-2", "-1", "0", "1"), c("C", "T"))))
