Result <-
list(DEPDC2_SNP1 = structure(c(0, 0, 1, 0, 0, 0, 410, 0, 0, 0, 
1, 0, 0, 1, 477, 0), dim = c(4L, 4L), dimnames = list(c("-2", 
"-1", "0", "1"), c("A", "C", "G", "T"))), GM01_SNP1 = structure(c(0, 
0, 0, 0, 0, 3, 372, 0, 0, 0, 6, 0, 0, 0, 0, 0), dim = c(4L, 4L
), dimnames = list(c("-2", "-1", "0", "1"), c("-", "A", "G", 
"T"))), GM07_SNP1 = structure(c(0, 1, 8, 0, 0, 0, 0, 0, 0, 0, 
0, 7, 272, 2, 0), dim = c(5L, 3L), dimnames = list(c("-2", "-1", 
"0", "1", "2"), c("A", "C", "G"))), GM09_SNP1 = structure(c(0, 
0, 509, 0, 0, 0, 0, 0, 0, 0, 14, 0, 0, 0, 0, 0), dim = c(4L, 
4L), dimnames = list(c("-2", "-1", "0", "1"), c("A", "C", "G", 
"T"))), GM11_SNP1 = structure(c(0, 0, 219, 0, 0, 0, 10, 0), dim = c(4L, 
2L), dimnames = list(c("-2", "-1", "0", "1"), c("A", "G"))), 
    GM14_SNP1 = structure(c(0, 0, 1, 190, 1, 0, 0, 0, 1, 173, 
    2, 0), dim = c(6L, 2L), dimnames = list(c("-4", "-2", "-1", 
    "0", "1", "2"), c("C", "T"))), GM17_SNP1 = structure(c(0, 
    0, 0, 0, 0, 2, 343, 0, 0, 0, 11, 0), dim = 4:3, dimnames = list(
        c("-2", "-1", "0", "1"), c("A", "C", "T"))), GM22_SNP1 = structure(c(0, 
    0, 134, 0, 0, 0, 93, 0, 0, 0, 0, 0), dim = 4:3, dimnames = list(
        c("-2", "-1", "0", "1"), c("A", "G", "T"))), GM26_SNP1 = structure(c(0, 
    0, 214, 0, 0, 0, 0, 3, 0, 0, 0, 0, 0, 0, 0), dim = c(5L, 
    3L), dimnames = list(c("-2", "-1", "0", "1", "2"), c("A", 
    "G", "T"))), GM29_SNP1 = structure(c(0, 0, 3, 122, 0, 0, 
    0, 0, 2, 113, 1, 0, 0, 0, 0, 0, 0, 0), dim = c(6L, 3L), dimnames = list(
        c("-3", "-2", "-1", "0", "1", "2"), c("A", "G", "T"))), 
    IM16_SNP1 = structure(c(0, 143, 1, 0, 1, 157, 0, 0, 0, 0, 
    0, 0), dim = 4:3, dimnames = list(c("-1", "0", "1", "2"), 
        c("A", "G", "T"))), IM49_SNP1 = structure(c(0, 0, 0, 
    0, 0, 0, 0, 0, 1, 201, 0, 0, 0, 0, 0, 194, 0, 0), dim = c(6L, 
    3L), dimnames = list(c("-3", "-2", "-1", "0", "1", "2"), 
        c("A", "C", "G"))), LR10_SNP1 = structure(c(0, 0, 0, 
    0, 0, 0, 7, 0, 0, 1, 267, 1), dim = 4:3, dimnames = list(
        c("-2", "-1", "0", "1"), c("A", "C", "T"))), LR11_SNP1 = structure(c(0, 
    1, 12, 0, 0, 0, 0, 220, 0, 0, 0, 0, 1, 0, 0), dim = c(5L, 
    3L), dimnames = list(c("-2", "-1", "0", "1", "2"), c("A", 
    "C", "G"))), LR17_SNP1 = structure(c(0, 2, 208, 3, 1, 0, 
    0, 0, 0, 0), dim = c(5L, 2L), dimnames = list(c("-2", "-1", 
    "0", "1", "3"), c("A", "G"))), LR20_SNP1 = structure(c(0, 
    117, 0, 0, 155, 0, 0, 1, 0), dim = c(3L, 3L), dimnames = list(
        c("-1", "0", "1"), c("A", "G", "T"))), LR24_SNP1 = structure(c(0, 
    0, 0, 0, 0, 0, 0, 4, 477, 0, 0, 0, 1, 444, 0, 0, 0, 0, 0, 
    0), dim = 5:4, dimnames = list(c("-3", "-2", "-1", "0", "1"
    ), c("-", "A", "G", "T"))), LR36_SNP1 = structure(c(0, 0, 
    0, 4, 201, 1, 0, 0, 0, 0, 0, 0, 0, 0, 0, 4, 170, 0), dim = c(6L, 
    3L), dimnames = list(c("-4", "-3", "-2", "-1", "0", "1"), 
        c("A", "G", "T"))), LR40_SNP1 = structure(c(0, 0, 0, 
    242, 0), dim = c(5L, 1L), dimnames = list(c("-3", "-2", "-1", 
    "0", "1"), "C")), LR44_SNP1 = structure(c(0, 0, 0, 5, 140, 
    3, 0, 0, 0, 0, 0, 1, 0, 0, 0, 0, 0, 3, 134, 0, 0), dim = c(7L, 
    3L), dimnames = list(c("-4", "-3", "-2", "-1", "0", "1", 
    "2"), c("C", "G", "T"))), LR46_SNP1 = structure(c(0, 0, 0, 
    0, 0, 0, 319, 0, 0, 0, 8, 0), dim = 4:3, dimnames = list(
        c("-2", "-1", "0", "1"), c("A", "G", "T"))), LR48_SNP1 = structure(c(0, 
    0, 0, 0, 1, 3, 87, 0, 0, 0, 88, 0), dim = 4:3, dimnames = list(
        c("-2", "-1", "0", "1"), c("A", "C", "T"))), LR49_SNP1 = structure(c(0, 
    419, 0, 0, 11, 0, 0, 0, 0), dim = c(3L, 3L), dimnames = list(
        c("-1", "0", "1"), c("A", "G", "T"))), LR52_SNP1 = structure(c(0, 
    0, 6, 78, 1, 0, 0, 3, 98, 1), dim = c(5L, 2L), dimnames = list(
        c("-3", "-2", "-1", "0", "1"), c("C", "T"))))
