Result <-
list(DEPDC2_SNP1 = structure(c(0, 0, 0, 0, 0, 0, 0, 0, 0, 11, 
0, 0, 0, 0, 0, 0, 0, 0, 0, 0, 7, 880, 7, 0), dim = c(6L, 4L), dimnames = list(
    c("-4", "-2", "-1", "0", "1", "2"), c("A", "C", "G", "T"))), 
    GM01_SNP1 = structure(c(0, 0, 0, 4, 0, 0, 0, 1, 46, 196, 
    0, 0), dim = c(6L, 2L), dimnames = list(c("-3", "-2", "-1", 
    "0", "1", "2"), c("A", "G"))), GM07_SNP1 = structure(c(0, 
    0, 0, 0, 0, 0, 0, 5, 87, 118, 2, 0, 0, 0, 0, 1, 0, 0), dim = c(6L, 
    3L), dimnames = list(c("-4", "-2", "-1", "0", "1", "2"), 
        c("-", "A", "G"))), GM09_SNP1 = structure(c(1, 434, 0, 
    0, 15, 0, 0, 0, 0), dim = c(3L, 3L), dimnames = list(c("-1", 
    "0", "1"), c("A", "G", "T"))), GM11_SNP1 = structure(c(0, 
    39, 1, 2, 45, 0), dim = 3:2, dimnames = list(c("-1", "0", 
    "1"), c("A", "G"))), GM14_SNP1 = structure(c(0, 1, 7, 142, 
    1, 0, 0, 0, 1, 132, 1, 0), dim = c(6L, 2L), dimnames = list(
        c("-3", "-2", "-1", "0", "1", "2"), c("C", "T"))), GM17_SNP1 = structure(c(0, 
    0, 7, 318, 1, 0, 0, 0, 0, 6, 0, 0), dim = c(6L, 2L), dimnames = list(
        c("-3", "-2", "-1", "0", "1", "2"), c("C", "T"))), GM22_SNP1 = structure(c(0, 
    2, 79, 0, 0, 0, 0, 0, 0, 8, 77, 0, 0, 0, 0, 0), dim = c(4L, 
    4L), dimnames = list(c("-2", "-1", "0", "1"), c("A", "C", 
    "G", "T"))), GM26_SNP1 = structure(c(0, 30, 178, 1, 0, 0, 
    2, 0), dim = c(4L, 2L), dimnames = list(c("-2", "-1", "0", 
    "1"), c("A", "G"))), GM29_SNP1 = structure(c(0, 3, 229, 0, 
    0, 0, 1, 0), dim = c(4L, 2L), dimnames = list(c("-2", "-1", 
    "0", "1"), c("A", "G"))), IM16_SNP1 = structure(c(0, 36, 
    2, 0, 1, 34, 0, 0, 0, 0, 0, 0), dim = 4:3, dimnames = list(
        c("-1", "0", "1", "3"), c("A", "G", "T"))), IM49_SNP1 = structure(c(0, 
    0, 0, 0, 0, 0, 1, 21, 244, 4, 1, 0, 0, 9, 155, 62, 0, 0), dim = c(6L, 
    3L), dimnames = list(c("-2", "-1", "0", "1", "2", "3"), c("A", 
    "C", "G"))), LR10_SNP1 = structure(c(0, 0, 0, 5, 0, 0, 0, 
    0, 26, 143, 3, 0), dim = c(6L, 2L), dimnames = list(c("-3", 
    "-2", "-1", "0", "1", "2"), c("C", "T"))), LR11_SNP1 = structure(c(0, 
    0, 4, 90, 1, 0, 0, 1, 23, 68, 2, 0, 0, 0, 0, 0, 0, 0), dim = c(6L, 
    3L), dimnames = list(c("-4", "-2", "-1", "0", "1", "2"), 
        c("A", "C", "G"))), LR17_SNP1 = structure(c(0, 4, 38, 
    107, 2, 0, 0, 0, 0, 0, 0, 0), dim = c(6L, 2L), dimnames = list(
        c("-3", "-2", "-1", "0", "1", "2"), c("A", "G"))), LR20_SNP1 = structure(c(0, 
    78, 0, 0, 82, 0, 0, 2, 0), dim = c(3L, 3L), dimnames = list(
        c("-1", "0", "1"), c("A", "G", "T"))), LR24_SNP1 = structure(c(0, 
    7, 959, 0, 0, 0, 3, 0, 0, 0, 0, 0), dim = 4:3, dimnames = list(
        c("-2", "-1", "0", "1"), c("A", "G", "T"))), LR36_SNP1 = structure(c(0, 
    0, 2, 0, 0, 0, 0, 1, 0, 0, 0, 0, 0, 0, 0, 0, 0, 1, 0, 0, 
    0, 30, 168, 0, 0), dim = c(5L, 5L), dimnames = list(c("-2", 
    "-1", "0", "1", "2"), c("A", "C", "G", "N", "T"))), LR40_SNP1 = structure(c(0, 
    0, 1, 0, 0, 2, 44, 0, 0, 0, 0, 0), dim = 4:3, dimnames = list(
        c("-2", "-1", "0", "1"), c("A", "C", "G"))), LR44_SNP1 = structure(c(0, 
    0, 0, 0, 1, 0, 0, 0, 0, 0, 28, 66, 154, 2, 0, 0, 0, 0, 0, 
    2, 2, 0, 0, 0, 0, 0, 0, 4, 29, 0, 0, 0), dim = c(8L, 4L), dimnames = list(
        c("-5", "-3", "-2", "-1", "0", "1", "2", "7"), c("A", 
        "C", "N", "T"))), LR46_SNP1 = structure(c(0, 0, 0, 0, 
    0, 0, 2, 111, 0, 0, 0, 17, 77, 0, 0), dim = c(5L, 3L), dimnames = list(
        c("-2", "-1", "0", "1", "2"), c("A", "G", "T"))), LR48_SNP1 = structure(c(0, 
    0, 0, 0, 0, 0, 1, 0, 0, 0, 0, 22, 104, 4, 0), dim = c(5L, 
    3L), dimnames = list(c("-2", "-1", "0", "1", "2"), c("A", 
    "C", "T"))), LR49_SNP1 = structure(c(2, 195, 0, 1, 242, 0, 
    0, 0, 0), dim = c(3L, 3L), dimnames = list(c("-1", "0", "1"
    ), c("A", "G", "T"))), LR52_SNP1 = structure(c(0, 0, 0, 0, 
    0, 0, 0, 0, 0, 3, 29, 22, 0, 0, 0, 0, 0, 4, 79, 2, 0), dim = c(7L, 
    3L), dimnames = list(c("-4", "-3", "-2", "-1", "0", "1", 
    "2"), c("A", "C", "T"))))
