Result <-
list(DEPDC2_SNP1 = structure(c(0, 0, 0, 0, 0, 0, 19, 0, 1, 5, 
664, 6), dim = 4:3, dimnames = list(c("-2", "-1", "0", "1"), 
    c("A", "C", "T"))), GM01_SNP1 = structure(c(0, 7, 103, 0, 
0, 1, 91, 0), dim = c(4L, 2L), dimnames = list(c("-2", "-1", 
"0", "1"), c("A", "G"))), GM07_SNP1 = structure(c(0, 1, 12, 0, 
0, 0, 14, 205, 1, 0, 0, 0, 0, 0, 0), dim = c(5L, 3L), dimnames = list(
    c("-2", "-1", "0", "1", "2"), c("A", "G", "T"))), GM09_SNP1 = structure(c(2, 
253, 0, 3, 231, 1, 0, 1, 0), dim = c(3L, 3L), dimnames = list(
    c("-1", "0", "1"), c("A", "G", "T"))), GM11_SNP1 = structure(c(25, 
82, 0, 0, 11, 0), dim = 3:2, dimnames = list(c("-1", "0", "1"
), c("A", "G"))), GM14_SNP1 = structure(c(0, 0, 0, 0, 0, 0, 0, 
0, 7, 273, 0, 0, 0, 0, 1, 12, 0, 0), dim = c(6L, 3L), dimnames = list(
    c("-3", "-2", "-1", "0", "1", "2"), c("A", "C", "T"))), GM17_SNP1 = structure(c(0, 
0, 147, 0, 0, 3, 166, 0), dim = c(4L, 2L), dimnames = list(c("-2", 
"-1", "0", "1"), c("C", "T"))), GM22_SNP1 = structure(c(0, 1, 
28, 0, 0, 3, 127, 0), dim = c(4L, 2L), dimnames = list(c("-2", 
"-1", "0", "1"), c("A", "G"))), GM26_SNP1 = structure(c(0, 14, 
0, 1, 92, 0, 0, 0, 0), dim = c(3L, 3L), dimnames = list(c("-1", 
"0", "1"), c("A", "G", "T"))), GM29_SNP1 = structure(c(0, 1, 
46, 113, 0, 0, 0, 0, 14, 0), dim = c(5L, 2L), dimnames = list(
    c("-3", "-2", "-1", "0", "1"), c("A", "G"))), IM16_SNP1 = structure(c(0, 
127, 0, 1, 1, 15, 0, 0, 0, 0, 0, 0), dim = 4:3, dimnames = list(
    c("-1", "0", "1", "2"), c("A", "G", "T"))), IM49_SNP1 = structure(c(0, 
0, 3, 163, 203, 3, 0, 0, 0, 0, 11, 318, 4, 0, 0, 0, 0, 0, 0, 
0, 0), dim = c(7L, 3L), dimnames = list(c("-4", "-3", "-2", "-1", 
"0", "1", "2"), c("C", "G", "T"))), LR10_SNP1 = structure(c(0, 
0, 89, 0, 0, 0, 111, 1), dim = c(4L, 2L), dimnames = list(c("-2", 
"-1", "0", "1"), c("C", "T"))), LR11_SNP1 = structure(c(0, 15, 
219, 4, 0, 1, 4, 20, 0, 0), dim = c(5L, 2L), dimnames = list(
    c("-2", "-1", "0", "1", "2"), c("A", "C"))), LR17_SNP1 = structure(c(0, 
1, 46, 141, 4, 0, 0, 0, 0, 0), dim = c(5L, 2L), dimnames = list(
    c("-3", "-2", "-1", "0", "1"), c("A", "G"))), LR20_SNP1 = structure(c(0, 
0, 99, 0, 0, 0, 110, 0), dim = c(4L, 2L), dimnames = list(c("-2", 
"-1", "0", "1"), c("A", "G"))), LR24_SNP1 = structure(c(0, 21, 
675, 0, 0, 0, 2, 329, 0, 0, 0, 0, 0, 0, 0), dim = c(5L, 3L), dimnames = list(
    c("-2", "-1", "0", "1", "2"), c("A", "G", "T"))), LR36_SNP1 = structure(c(0, 
0, 0, 5, 181, 0, 0, 0, 0, 0, 0, 0, 0, 0, 0, 0, 1, 14, 159, 1, 
0), dim = c(7L, 3L), dimnames = list(c("-4", "-3", "-2", "-1", 
"0", "1", "2"), c("A", "G", "T"))), LR40_SNP1 = structure(c(1, 
55, 0, 2, 61, 0, 0, 0, 0), dim = c(3L, 3L), dimnames = list(c("-1", 
"0", "1"), c("A", "C", "T"))), LR44_SNP1 = structure(c(0, 0, 
0, 0, 0, 0, 0, 3, 85, 140, 3, 0, 0, 0, 3, 6, 0, 0), dim = c(6L, 
3L), dimnames = list(c("-3", "-2", "-1", "0", "1", "2"), c("A", 
"C", "T"))), LR46_SNP1 = structure(c(0, 0, 0, 2, 135, 0, 0, 5, 
0), dim = c(3L, 3L), dimnames = list(c("-1", "0", "1"), c("A", 
"G", "T"))), LR48_SNP1 = structure(c(0, 5, 119, 1, 0, 0, 6, 0
), dim = c(4L, 2L), dimnames = list(c("-2", "-1", "0", "1"), 
    c("C", "T"))), LR49_SNP1 = structure(c(0, 133, 2, 174), dim = c(2L, 
2L), dimnames = list(c("-1", "0"), c("A", "G"))), LR52_SNP1 = structure(c(0, 
0, 0, 0, 0, 0, 0, 2, 22, 19, 8, 0, 0, 0, 4, 45, 0, 0), dim = c(6L, 
3L), dimnames = list(c("-3", "-2", "-1", "0", "1", "2"), c("A", 
"C", "T"))))
