Result <-
list(DEPDC2_SNP1 = structure(c(2, 401, 0, 0, 396, 0), dim = 3:2, dimnames = list(
    c("-1", "0", "1"), c("C", "T"))), GM01_SNP1 = structure(c(0, 
0, 3, 0, 0, 2, 625, 2), dim = c(4L, 2L), dimnames = list(c("-2", 
"-1", "0", "1"), c("A", "G"))), GM07_SNP1 = structure(c(0, 0, 
2, 0, 0, 0, 8, 419, 4, 0, 0, 0, 0, 0, 0), dim = c(5L, 3L), dimnames = list(
    c("-2", "-1", "0", "1", "2"), c("A", "G", "T"))), GM09_SNP1 = structure(c(0, 
636, 0, 1, 529, 0), dim = 3:2, dimnames = list(c("-1", "0", "1"
), c("A", "G"))), GM11_SNP1 = structure(c(0, 3, 0, 1, 777, 1), dim = 3:2, dimnames = list(
    c("-1", "0", "1"), c("A", "G"))), GM14_SNP1 = structure(c(0, 
5, 707, 0, 0, 0, 1, 0), dim = c(4L, 2L), dimnames = list(c("-2", 
"-1", "0", "1"), c("C", "T"))), GM17_SNP1 = structure(c(0, 1, 
366, 0, 0, 2, 419, 0), dim = c(4L, 2L), dimnames = list(c("-2", 
"-1", "0", "1"), c("C", "T"))), GM22_SNP1 = structure(c(0, 1, 
368, 2, 0, 0, 325, 0, 0, 0, 1, 0), dim = 4:3, dimnames = list(
    c("-2", "-1", "0", "1"), c("A", "G", "T"))), GM26_SNP1 = structure(c(0, 
3, 370, 0), dim = c(4L, 1L), dimnames = list(c("-2", "-1", "0", 
"1"), "A")), GM29_SNP1 = structure(c(1, 236, 1, 1, 251, 0), dim = 3:2, dimnames = list(
    c("-1", "0", "1"), c("A", "G"))), IM16_SNP1 = structure(c(1, 
233, 1, 0, 1, 297, 1, 0), dim = c(4L, 2L), dimnames = list(c("-1", 
"0", "1", "2"), c("A", "G"))), IM49_SNP1 = structure(c(0, 5, 
397, 2, 0, 4, 354, 2, 0, 0, 0, 0), dim = 4:3, dimnames = list(
    c("-2", "-1", "0", "1"), c("C", "G", "T"))), LR10_SNP1 = structure(c(1, 
444, 2, 3, 484, 0), dim = 3:2, dimnames = list(c("-1", "0", "1"
), c("C", "T"))), LR11_SNP1 = structure(c(0, 0, 2, 0, 0, 1, 4, 
1084, 1, 0), dim = c(5L, 2L), dimnames = list(c("-2", "-1", "0", 
"1", "2"), c("A", "C"))), LR17_SNP1 = structure(c(0, 1, 23, 1253, 
1, 0, 0, 0, 0, 0, 0, 0, 0, 0, 0, 1, 0, 0), dim = c(6L, 3L), dimnames = list(
    c("-3", "-2", "-1", "0", "1", "2"), c("A", "G", "T"))), LR20_SNP1 = structure(c(0, 
342, 0, 0, 304, 0), dim = 3:2, dimnames = list(c("-1", "0", "1"
), c("A", "G"))), LR24_SNP1 = structure(c(0, 0, 0, 0, 0, 0, 0, 
0, 12, 0, 1, 0, 0, 1638, 0, 0, 0, 0, 0, 0), dim = 5:4, dimnames = list(
    c("-3", "-2", "-1", "0", "1"), c("-", "A", "G", "T"))), LR36_SNP1 = structure(c(0, 
0, 2, 0, 0, 4, 653, 1), dim = c(4L, 2L), dimnames = list(c("-2", 
"-1", "0", "1"), c("A", "T"))), LR40_SNP1 = structure(c(0, 2, 
0, 3, 494, 0), dim = 3:2, dimnames = list(c("-1", "0", "1"), 
    c("A", "C"))), LR44_SNP1 = structure(c(0, 0, 1, 0, 0, 12, 
401, 1, 0, 0, 1, 0, 0, 0, 5, 0), dim = c(4L, 4L), dimnames = list(
    c("-2", "-1", "0", "1"), c("A", "C", "G", "T"))), LR46_SNP1 = structure(c(1, 
472, 0, 0, 2, 0), dim = 3:2, dimnames = list(c("-1", "0", "1"
), c("G", "T"))), LR48_SNP1 = structure(c(0, 3, 529, 5), dim = c(4L, 
1L), dimnames = list(c("-2", "-1", "0", "1"), "C")), LR49_SNP1 = structure(c(1, 
336, 0, 0, 336, 0), dim = 3:2, dimnames = list(c("-1", "0", "1"
), c("A", "G"))), LR52_SNP1 = structure(c(0, 0, 1, 0, 1, 11, 
381, 0), dim = c(4L, 2L), dimnames = list(c("-2", "-1", "0", 
"1"), c("C", "T"))))
