Result <-
list(DEPDC2_SNP1 = structure(c(0, 0, 0, 0, 0, 0, 0, 0, 7, 0, 
0, 0, 0, 0, 0, 0, 0, 0, 0, 3, 917, 52, 33, 1), dim = c(6L, 4L
), dimnames = list(c("-2", "-1", "0", "1", "2", "3"), c("A", 
"C", "G", "T"))), GM01_SNP1 = structure(c(0, 74, 82, 0, 0, 0, 
0, 0, 0, 2, 186, 0), dim = 4:3, dimnames = list(c("-2", "-1", 
"0", "1"), c("A", "C", "G"))), GM07_SNP1 = structure(c(0, 0, 
0, 5, 0, 0, 0, 0, 23, 243, 5, 0, 0, 0, 0, 0, 0, 0), dim = c(6L, 
3L), dimnames = list(c("-3", "-2", "-1", "0", "1", "2"), c("A", 
"G", "T"))), GM09_SNP1 = structure(c(1, 369, 0, 4, 426, 1, 0, 
0, 0), dim = c(3L, 3L), dimnames = list(c("-1", "0", "1"), c("A", 
"G", "T"))), GM11_SNP1 = structure(c(0, 124, 31, 0, 0, 1, 0, 
0, 0, 0, 0, 0), dim = 4:3, dimnames = list(c("-1", "0", "1", 
"2"), c("A", "G", "T"))), GM14_SNP1 = structure(c(0, 0, 0, 0, 
0, 0, 0, 3, 86, 350, 1, 0, 0, 0, 0, 10, 0, 0), dim = c(6L, 3L
), dimnames = list(c("-3", "-2", "-1", "0", "1", "2"), c("A", 
"C", "T"))), GM17_SNP1 = structure(c(0, 0, 0, 1, 0, 0, 0, 0, 
1, 375, 1, 0), dim = c(6L, 2L), dimnames = list(c("-3", "-2", 
"-1", "0", "1", "2"), c("C", "T"))), GM22_SNP1 = structure(c(0, 
3, 207, 0, 0, 0, 0, 0, 0, 0, 0, 2, 145, 0, 0), dim = c(5L, 3L
), dimnames = list(c("-2", "-1", "0", "1", "2"), c("A", "C", 
"G"))), GM26_SNP1 = structure(c(0, 0, 9, 0, 0, 1, 181, 1, 0, 
0, 0, 0), dim = 4:3, dimnames = list(c("-2", "-1", "0", "1"), 
    c("A", "G", "T"))), GM29_SNP1 = structure(c(0, 1, 118, 0, 
0, 4, 118, 0), dim = c(4L, 2L), dimnames = list(c("-2", "-1", 
"0", "1"), c("A", "G"))), IM16_SNP1 = structure(c(0, 126, 5, 
0, 0, 1, 107, 4, 0, 0, 0, 0, 0, 0, 0), dim = c(5L, 3L), dimnames = list(
    c("-1", "0", "1", "2", "3"), c("A", "G", "T"))), IM49_SNP1 = structure(c(0, 
0, 5, 0, 0, 0, 39, 436, 6, 0), dim = c(5L, 2L), dimnames = list(
    c("-2", "-1", "0", "1", "2"), c("C", "G"))), LR10_SNP1 = structure(c(0, 
0, 0, 4, 279, 1, 0, 0, 0, 1, 11, 0), dim = 3:4, dimnames = list(
    c("-1", "0", "1"), c("A", "C", "G", "T"))), LR11_SNP1 = structure(c(0, 
5, 301, 1, 0, 0, 0, 4, 0, 0, 0, 0, 0, 0, 0), dim = c(5L, 3L), dimnames = list(
    c("-2", "-1", "0", "1", "2"), c("A", "C", "T"))), LR17_SNP1 = structure(c(0, 
5, 263, 3, 0, 0, 0, 0, 0, 0), dim = c(5L, 2L), dimnames = list(
    c("-2", "-1", "0", "1", "2"), c("A", "G"))), LR20_SNP1 = structure(c(2, 
147, 0, 0, 176, 0), dim = 3:2, dimnames = list(c("-1", "0", "1"
), c("A", "G"))), LR24_SNP1 = structure(c(0, 0, 529, 0, 0, 0, 
1, 0, 0, 7, 897, 1, 0, 0, 0, 0), dim = c(4L, 4L), dimnames = list(
    c("-2", "-1", "0", "1"), c("A", "C", "G", "T"))), LR36_SNP1 = structure(c(0, 
0, 6, 10, 257, 1, 0, 0, 0, 0, 0, 0, 0, 0, 0, 0, 0, 0, 0, 0, 0, 
0, 0, 0, 8, 281, 0, 0), dim = c(7L, 4L), dimnames = list(c("-4", 
"-3", "-2", "-1", "0", "1", "2"), c("A", "C", "G", "T"))), LR40_SNP1 = structure(c(0, 
0, 1, 0, 0, 1, 226, 0, 0, 0, 0, 0), dim = 4:3, dimnames = list(
    c("-2", "-1", "0", "1"), c("A", "C", "T"))), LR44_SNP1 = structure(c(0, 
0, 0, 1, 0, 0, 0, 4, 65, 102, 0, 0, 0, 0, 6, 110, 0, 0), dim = c(6L, 
3L), dimnames = list(c("-3", "-2", "-1", "0", "1", "2"), c("A", 
"C", "T"))), LR46_SNP1 = structure(c(0, 113, 0, 13, 87, 0), dim = 3:2, dimnames = list(
    c("-1", "0", "1"), c("G", "T"))), LR48_SNP1 = structure(c(0, 
0, 5, 89, 1, 0, 0, 39, 46, 1), dim = c(5L, 2L), dimnames = list(
    c("-3", "-2", "-1", "0", "1"), c("C", "T"))), LR49_SNP1 = structure(c(0, 
1, 0, 3, 484, 0, 0, 0, 0), dim = c(3L, 3L), dimnames = list(c("-1", 
"0", "1"), c("A", "G", "T"))), LR52_SNP1 = structure(c(0, 0, 
0, 0, 0, 0, 0, 0, 0, 0, 0, 0, 0, 0, 0, 4, 67, 0, 0, 0, 0, 30, 
44, 0), dim = c(6L, 4L), dimnames = list(c("-4", "-3", "-2", 
"-1", "0", "1"), c("-", "A", "C", "T"))))
