Result <-
list(DEPDC2_SNP1 = structure(c(0, 1, 0, 0, 17, 0, 2, 1025, 0), dim = c(3L, 
3L), dimnames = list(c("-1", "0", "1"), c("A", "C", "T"))), GM01_SNP1 = structure(c(0, 
9, 227, 2, 0, 0, 0, 0, 0, 6, 206, 0), dim = 4:3, dimnames = list(
    c("-3", "-1", "0", "1"), c("A", "C", "G"))), GM07_SNP1 = structure(c(0, 
0, 1, 0, 0, 0, 15, 134, 3, 0, 2, 48, 113, 0, 0), dim = c(5L, 
3L), dimnames = list(c("-2", "-1", "0", "1", "2"), c("-", "A", 
"G"))), GM09_SNP1 = structure(c(4, 769, 0, 2, 54, 0, 0, 0, 0), dim = c(3L, 
3L), dimnames = list(c("-1", "0", "1"), c("A", "G", "T"))), GM11_SNP1 = structure(c(4, 
60, 0, 0, 102, 0, 0, 0, 0), dim = c(3L, 3L), dimnames = list(
    c("-1", "0", "1"), c("A", "G", "T"))), GM14_SNP1 = structure(c(0, 
0, 6, 471, 6, 1, 0, 0, 0, 0, 15, 0, 0, 0), dim = c(7L, 2L), dimnames = list(
    c("-3", "-2", "-1", "0", "1", "2", "3"), c("C", "T"))), GM17_SNP1 = structure(c(0, 
1, 53, 0, 0, 3, 388, 0), dim = c(4L, 2L), dimnames = list(c("-2", 
"-1", "0", "1"), c("C", "T"))), GM22_SNP1 = structure(c(0, 2, 
152, 1, 0, 0, 142, 0, 0, 0, 0, 0), dim = 4:3, dimnames = list(
    c("-2", "-1", "0", "1"), c("A", "G", "T"))), GM26_SNP1 = structure(c(0, 
0, 1, 230, 0, 0, 0, 0, 4, 0, 0, 0, 0, 0, 0), dim = c(5L, 3L), dimnames = list(
    c("-3", "-2", "-1", "0", "1"), c("A", "G", "T"))), GM29_SNP1 = structure(c(0, 
2, 168, 0, 0, 2, 163, 0), dim = c(4L, 2L), dimnames = list(c("-2", 
"-1", "0", "1"), c("A", "G"))), IM16_SNP1 = structure(c(0, 134, 
1, 0, 0, 159, 2, 0), dim = c(4L, 2L), dimnames = list(c("-1", 
"0", "1", "2"), c("A", "G"))), IM49_SNP1 = structure(c(0, 3, 
58, 1, 0, 0, 25, 804, 6, 0, 0, 0, 0, 0, 0), dim = c(5L, 3L), dimnames = list(
    c("-2", "-1", "0", "1", "2"), c("C", "G", "T"))), LR10_SNP1 = structure(c(0, 
0, 0, 0, 0, 139, 0, 0, 1, 167, 0, 0), dim = 4:3, dimnames = list(
    c("-1", "0", "1", "2"), c("-", "C", "T"))), LR11_SNP1 = structure(c(0, 
0, 1, 238, 0, 0, 0, 0, 14, 180, 0, 0, 0, 0, 0, 0, 0, 0), dim = c(6L, 
3L), dimnames = list(c("-3", "-2", "-1", "0", "1", "2"), c("A", 
"C", "G"))), LR17_SNP1 = structure(c(0, 8, 346, 1, 0), dim = c(5L, 
1L), dimnames = list(c("-2", "-1", "0", "1", "2"), "A")), LR20_SNP1 = structure(c(0, 
0, 0, 2, 290, 2, 0, 25, 0, 0, 0, 0), dim = 3:4, dimnames = list(
    c("-1", "0", "1"), c("-", "A", "G", "T"))), LR24_SNP1 = structure(c(0, 
0, 0, 0, 0, 0, 40, 0, 0, 0, 0, 0, 0, 6, 1540, 2), dim = c(4L, 
4L), dimnames = list(c("-2", "-1", "0", "1"), c("-", "A", "C", 
"G"))), LR36_SNP1 = structure(c(0, 0, 0, 19, 0, 0, 0, 0, 0, 1, 
0, 0, 0, 0, 18, 579, 3, 0), dim = c(6L, 3L), dimnames = list(
    c("-3", "-2", "-1", "0", "1", "2"), c("A", "G", "T"))), LR40_SNP1 = structure(c(0, 
0, 3, 0, 0, 2, 242, 2, 0, 0, 0, 0), dim = 4:3, dimnames = list(
    c("-2", "-1", "0", "1"), c("A", "C", "T"))), LR44_SNP1 = structure(c(0, 
0, 0, 1, 0, 0, 14, 16, 52, 223, 2, 0, 0, 0, 0, 2, 0, 0, 1, 0, 
2, 14, 0, 0), dim = c(6L, 4L), dimnames = list(c("-3", "-2", 
"-1", "0", "1", "2"), c("A", "C", "G", "T"))), LR46_SNP1 = structure(c(0, 
0, 0, 2, 230, 0, 0, 23, 0), dim = c(3L, 3L), dimnames = list(
    c("-1", "0", "1"), c("A", "G", "T"))), LR48_SNP1 = structure(c(0, 
0, 0, 0, 0, 0, 0, 0, 25, 193, 1, 0, 0, 0, 1, 8, 0, 0), dim = c(6L, 
3L), dimnames = list(c("-3", "-2", "-1", "0", "1", "2"), c("A", 
"C", "T"))), LR49_SNP1 = structure(c(0, 71, 469, 0, 0, 0, 0, 
0, 0, 0, 29, 0), dim = 4:3, dimnames = list(c("-2", "-1", "0", 
"1"), c("A", "C", "G"))), LR52_SNP1 = structure(c(0, 0, 3, 35, 
157, 0, 0, 0, 0, 0, 0, 0, 0, 0, 0, 0, 0, 2, 6, 0, 0), dim = c(7L, 
3L), dimnames = list(c("-4", "-3", "-2", "-1", "0", "1", "2"), 
    c("C", "G", "T"))))
