Result <-
list(DEPDC2_SNP1 = structure(c(1, 264, 0, 0, 232, 0), dim = 3:2, dimnames = list(
    c("-1", "0", "1"), c("C", "T"))), GM01_SNP1 = structure(c(2, 
215, 0, 1, 171, 1, 0, 0, 0), dim = c(3L, 3L), dimnames = list(
    c("-1", "0", "1"), c("A", "G", "T"))), GM07_SNP1 = structure(c(0, 
2, 107, 1, 0, 0, 3, 154, 1, 0), dim = c(5L, 2L), dimnames = list(
    c("-2", "-1", "0", "1", "2"), c("A", "G"))), GM09_SNP1 = structure(c(0, 
342, 0, 1, 360, 3, 0, 0, 0), dim = c(3L, 3L), dimnames = list(
    c("-1", "0", "1"), c("A", "G", "T"))), GM11_SNP1 = structure(c(0, 
208, 0, 0, 180, 0, 0, 0, 0), dim = c(3L, 3L), dimnames = list(
    c("-1", "0", "1"), c("A", "G", "T"))), GM14_SNP1 = structure(c(0, 
0, 0, 0, 0, 1, 236, 1, 0, 4, 213, 0), dim = 4:3, dimnames = list(
    c("-2", "-1", "0", "1"), c("A", "C", "T"))), GM17_SNP1 = structure(c(1, 
206, 1, 1, 228, 0), dim = 3:2, dimnames = list(c("-1", "0", "1"
), c("C", "T"))), GM22_SNP1 = structure(c(0, 0, 3, 0, 0, 2, 351, 
0), dim = c(4L, 2L), dimnames = list(c("-2", "-1", "0", "1"), 
    c("A", "G"))), GM26_SNP1 = structure(c(0, 183, 0), dim = c(3L, 
1L), dimnames = list(c("-1", "0", "1"), "A")), GM29_SNP1 = structure(c(0, 
0, 280, 0, 0, 0, 1, 0), dim = c(4L, 2L), dimnames = list(c("-3", 
"-1", "0", "1"), c("A", "G"))), IM16_SNP1 = structure(c(0, 125, 
0, 0, 166, 1), dim = 3:2, dimnames = list(c("-1", "0", "1"), 
    c("A", "G"))), IM49_SNP1 = structure(c(0, 10, 975, 9, 0, 
0, 0, 4, 0, 0), dim = c(5L, 2L), dimnames = list(c("-2", "-1", 
"0", "1", "2"), c("C", "G"))), LR10_SNP1 = structure(c(2, 503, 
0, 0, 2, 0), dim = 3:2, dimnames = list(c("-1", "0", "1"), c("C", 
"T"))), LR11_SNP1 = structure(c(0, 0, 0, 4, 0, 0, 0, 6, 603, 
2), dim = c(5L, 2L), dimnames = list(c("-3", "-2", "-1", "0", 
"1"), c("A", "C"))), LR17_SNP1 = structure(c(0, 0, 16, 840, 3
), dim = c(5L, 1L), dimnames = list(c("-3", "-2", "-1", "0", 
"1"), "A")), LR20_SNP1 = structure(c(0, 2, 0, 0, 456, 0), dim = 3:2, dimnames = list(
    c("-1", "0", "1"), c("A", "G"))), LR24_SNP1 = structure(c(0, 
609, 2, 0, 0, 0, 3, 537, 0), dim = c(3L, 3L), dimnames = list(
    c("-1", "0", "1"), c("A", "C", "G"))), LR36_SNP1 = structure(c(0, 
1, 0, 0, 0, 0, 0, 0, 0, 0, 0, 5, 434, 4, 0), dim = c(5L, 3L), dimnames = list(
    c("-2", "-1", "0", "1", "2"), c("A", "G", "T"))), LR40_SNP1 = structure(c(0, 
1, 0, 0, 274, 0), dim = 3:2, dimnames = list(c("-1", "0", "1"
), c("A", "C"))), LR44_SNP1 = structure(c(0, 0, 0, 0, 1, 0, 0, 
0, 0, 0, 0, 1, 0, 0, 1, 0, 0, 3, 335, 3, 0, 0, 0, 0, 0, 5, 0, 
0, 0, 0, 0, 0, 7, 0, 0), dim = c(7L, 5L), dimnames = list(c("-4", 
"-3", "-2", "-1", "0", "1", "2"), c("-", "A", "C", "G", "T"))), 
    LR46_SNP1 = structure(c(1, 159, 0, 0, 153, 0), dim = 3:2, dimnames = list(
        c("-1", "0", "1"), c("G", "T"))), LR48_SNP1 = structure(c(0, 
    2, 275, 3, 0, 0, 3, 0), dim = c(4L, 2L), dimnames = list(
        c("-2", "-1", "0", "1"), c("C", "T"))), LR49_SNP1 = structure(c(0, 
    211, 0, 218), dim = c(2L, 2L), dimnames = list(c("-1", "0"
    ), c("A", "G"))), LR52_SNP1 = structure(c(0, 6, 201, 1, 0, 
    0, 0, 2, 0, 0), dim = c(5L, 2L), dimnames = list(c("-2", 
    "-1", "0", "1", "2"), c("C", "T"))))
