Result <-
list(DEPDC2_SNP1 = structure(c(0, 0, 0, 0, 0, 0, 552, 2, 0, 6, 
489, 1), dim = 4:3, dimnames = list(c("-2", "-1", "0", "1"), 
    c("A", "C", "T"))), GM01_SNP1 = structure(c(0, 2, 219, 0, 
0, 0, 0, 189, 0, 0, 0, 0, 0, 0, 0), dim = c(5L, 3L), dimnames = list(
    c("-2", "-1", "0", "1", "2"), c("A", "G", "T"))), GM07_SNP1 = structure(c(0, 
0, 0, 0, 0, 0, 0, 21, 262, 5, 0, 0, 0, 0, 5, 0, 0, 0, 0, 0, 0, 
0, 0, 0), dim = c(6L, 4L), dimnames = list(c("-2", "-1", "0", 
"1", "2", "3"), c("-", "A", "G", "T"))), GM09_SNP1 = structure(c(0, 
6, 730, 0, 0, 0, 7, 0, 0, 0, 0, 0), dim = 4:3, dimnames = list(
    c("-2", "-1", "0", "1"), c("A", "G", "T"))), GM11_SNP1 = structure(c(0, 
236, 0, 0, 0, 1, 0, 0, 0, 0, 0, 0), dim = 4:3, dimnames = list(
    c("-1", "0", "1", "2"), c("A", "G", "T"))), GM14_SNP1 = structure(c(0, 
0, 0, 0, 0, 0, 0, 0, 0, 0, 0, 5, 225, 2, 0, 0, 5, 198, 0, 0), dim = 5:4, dimnames = list(
    c("-2", "-1", "0", "1", "2"), c("-", "A", "C", "T"))), GM17_SNP1 = structure(c(0, 
0, 0, 0, 0, 0, 2, 0, 0, 2, 372, 0), dim = 4:3, dimnames = list(
    c("-2", "-1", "0", "1"), c("A", "C", "T"))), GM22_SNP1 = structure(c(0, 
1, 331, 1, 0, 0, 3, 0), dim = c(4L, 2L), dimnames = list(c("-2", 
"-1", "0", "1"), c("A", "G"))), GM26_SNP1 = structure(c(0, 1, 
147, 1, 0, 0, 1, 150, 0, 1, 0, 0, 0, 0, 0), dim = c(5L, 3L), dimnames = list(
    c("-2", "-1", "0", "1", "2"), c("A", "G", "T"))), GM29_SNP1 = structure(c(0, 
0, 0, 4, 0, 0, 0, 0, 0, 0, 0, 0, 15, 232, 0), dim = c(5L, 3L), dimnames = list(
    c("-3", "-2", "-1", "0", "1"), c("A", "C", "G"))), IM16_SNP1 = structure(c(2, 
307, 4, 0, 0, 4, 0, 0), dim = c(4L, 2L), dimnames = list(c("-1", 
"0", "1", "2"), c("A", "G"))), IM49_SNP1 = structure(c(1, 24, 
225, 2, 0, 0, 8, 184, 1, 0, 0, 0, 0, 0, 0), dim = c(5L, 3L), dimnames = list(
    c("-2", "-1", "0", "1", "2"), c("C", "G", "T"))), LR10_SNP1 = structure(c(0, 
1, 178, 1, 0, 0, 1, 175, 0, 0), dim = c(5L, 2L), dimnames = list(
    c("-2", "-1", "0", "1", "2"), c("C", "T"))), LR11_SNP1 = structure(c(0, 
1, 218, 2, 0, 0, 5, 193, 1, 0), dim = c(5L, 2L), dimnames = list(
    c("-2", "-1", "0", "1", "2"), c("A", "C"))), LR17_SNP1 = structure(c(0, 
14, 208, 2, 0, 0, 0, 0), dim = c(4L, 2L), dimnames = list(c("-2", 
"-1", "0", "1"), c("A", "T"))), LR20_SNP1 = structure(c(1, 392, 
0, 0, 2, 0, 0, 0, 0), dim = c(3L, 3L), dimnames = list(c("-1", 
"0", "1"), c("A", "G", "T"))), LR24_SNP1 = structure(c(0, 0, 
0, 0, 0, 1, 596, 0, 3, 84, 651, 0, 0, 0, 0, 0), dim = c(4L, 4L
), dimnames = list(c("-2", "-1", "0", "1"), c("-", "A", "G", 
"T"))), LR36_SNP1 = structure(c(0, 0, 0, 5, 0, 0, 0, 0, 0, 0, 
0, 0, 0, 0, 0, 1, 0, 0, 0, 0, 6, 410, 0, 0), dim = c(6L, 4L), dimnames = list(
    c("-3", "-2", "-1", "0", "1", "2"), c("A", "G", "N", "T"))), 
    LR40_SNP1 = structure(c(0, 0, 2, 0, 0, 0, 288, 0, 0, 0, 0, 
    0), dim = 4:3, dimnames = list(c("-2", "-1", "0", "1"), c("A", 
    "C", "T"))), LR44_SNP1 = structure(c(0, 0, 0, 0, 1, 0, 0, 
    0, 0, 0, 42, 129, 1, 0, 0, 0, 0, 0, 3, 0, 0, 0, 0, 0, 2, 
    147, 0, 0), dim = c(7L, 4L), dimnames = list(c("-4", "-3", 
    "-2", "-1", "0", "1", "2"), c("A", "C", "N", "T"))), LR46_SNP1 = structure(c(0, 
    0, 0, 1, 138, 0, 3, 127, 1), dim = c(3L, 3L), dimnames = list(
        c("-1", "0", "1"), c("C", "G", "T"))), LR48_SNP1 = structure(c(0, 
    10, 196, 2, 0, 0, 0, 0, 0, 0, 1, 0), dim = 4:3, dimnames = list(
        c("-2", "-1", "0", "1"), c("C", "G", "T"))), LR49_SNP1 = structure(c(0, 
    1, 0, 14, 514, 0), dim = 3:2, dimnames = list(c("-1", "0", 
    "1"), c("A", "G"))), LR52_SNP1 = structure(c(0, 0, 0, 0, 
    0, 0, 0, 2, 89, 1, 0, 1, 1, 102, 0), dim = c(5L, 3L), dimnames = list(
        c("-3", "-2", "-1", "0", "1"), c("A", "C", "T"))))
