Result <-
list(DEPDC2_SNP1 = structure(c(0, 0, 0, 0, 0, 0, 380, 1, 0, 4, 
425, 0), dim = 4:3, dimnames = list(c("-2", "-1", "0", "1"), 
    c("A", "C", "T"))), GM01_SNP1 = structure(c(0, 0, 0, 0, 0, 
238, 0, 0, 0, 13, 0, 0, 0, 0, 0, 0), dim = c(4L, 4L), dimnames = list(
    c("-1", "0", "1", "2"), c("-", "A", "G", "T"))), GM07_SNP1 = structure(c(0, 
0, 0, 0, 1, 4, 104, 1, 0, 2, 112, 0, 0, 0, 1, 0, 0, 0, 1, 0), dim = 4:5, dimnames = list(
    c("-2", "-1", "0", "1"), c("-", "A", "G", "N", "T"))), GM09_SNP1 = structure(c(0, 
288, 0, 1, 232, 0, 0, 0, 0), dim = c(3L, 3L), dimnames = list(
    c("-1", "0", "1"), c("A", "G", "T"))), GM11_SNP1 = structure(c(0, 
120, 0, 0, 1, 0), dim = 3:2, dimnames = list(c("-1", "0", "1"
), c("A", "G"))), GM14_SNP1 = structure(c(0, 0, 0, 0, 0, 0, 0, 
0, 3, 151, 1, 0, 0, 0, 0, 122, 0, 0), dim = c(6L, 3L), dimnames = list(
    c("-4", "-2", "-1", "0", "1", "2"), c("A", "C", "T"))), GM17_SNP1 = structure(c(0, 
0, 0, 0, 0, 1, 117, 0, 0, 0, 178, 0), dim = 4:3, dimnames = list(
    c("-2", "-1", "0", "1"), c("A", "C", "T"))), GM22_SNP1 = structure(c(0, 
2, 245, 0, 0, 0, 0, 1, 0, 0, 0, 0, 0, 0, 0), dim = c(5L, 3L), dimnames = list(
    c("-2", "-1", "0", "1", "2"), c("A", "G", "T"))), GM26_SNP1 = structure(c(0, 
1, 61, 0, 0, 0, 81, 0), dim = c(4L, 2L), dimnames = list(c("-2", 
"-1", "0", "1"), c("A", "G"))), GM29_SNP1 = structure(c(0, 174, 
0, 0, 2, 0), dim = 3:2, dimnames = list(c("-1", "0", "1"), c("A", 
"G"))), IM16_SNP1 = structure(c(0, 83, 0, 0, 93, 1), dim = 3:2, dimnames = list(
    c("-1", "0", "1"), c("A", "G"))), IM49_SNP1 = structure(c(0, 
0, 11, 0, 0, 0, 9, 464, 8, 0, 0, 0, 1, 0, 0), dim = c(5L, 3L), dimnames = list(
    c("-2", "-1", "0", "1", "2"), c("C", "G", "T"))), LR10_SNP1 = structure(c(0, 
0, 0, 0, 0, 0, 3, 0, 0, 2, 152, 0), dim = 4:3, dimnames = list(
    c("-2", "-1", "0", "1"), c("A", "C", "T"))), LR11_SNP1 = structure(c(0, 
2, 116, 0, 0, 0, 1, 88, 0, 0, 0, 0, 0, 0, 0), dim = c(5L, 3L), dimnames = list(
    c("-2", "-1", "0", "1", "2"), c("A", "C", "T"))), LR17_SNP1 = structure(c(0, 
0, 4, 195, 3, 0, 0, 0, 0, 0, 0, 0), dim = c(6L, 2L), dimnames = list(
    c("-3", "-2", "-1", "0", "1", "2"), c("A", "G"))), LR20_SNP1 = structure(c(1, 
64, 0, 0, 0, 0, 1, 166, 0), dim = c(3L, 3L), dimnames = list(
    c("-1", "0", "1"), c("A", "C", "G"))), LR24_SNP1 = structure(c(0, 
2, 709, 0, 1, 0, 0, 9, 0, 0, 0, 0, 0, 0, 0, 0, 0, 0, 0, 0), dim = 5:4, dimnames = list(
    c("-2", "-1", "0", "1", "2"), c("A", "G", "N", "T"))), LR36_SNP1 = structure(c(0, 
0, 0, 0, 16, 0, 0, 0, 0, 0, 0, 0, 0, 0, 0, 0, 0, 0, 0, 0, 0, 
0, 0, 0, 0, 1, 0, 0, 0, 0, 0, 4, 310, 0, 0), dim = c(7L, 5L), dimnames = list(
    c("-4", "-3", "-2", "-1", "0", "1", "2"), c("A", "C", "G", 
    "N", "T"))), LR40_SNP1 = structure(c(0, 77, 0, 0, 68, 0, 
0, 1, 0), dim = c(3L, 3L), dimnames = list(c("-1", "0", "1"), 
    c("A", "C", "T"))), LR44_SNP1 = structure(c(0, 0, 0, 1, 0, 
0, 0, 2, 11, 309, 3, 0, 0, 0, 0, 0, 0, 0, 0, 0, 0, 1, 0, 0, 0, 
0, 0, 2, 0, 0), dim = 6:5, dimnames = list(c("-3", "-2", "-1", 
"0", "1", "2"), c("A", "C", "G", "N", "T"))), LR46_SNP1 = structure(c(0, 
0, 0, 0, 0, 4, 75, 0, 0, 0, 86, 0), dim = 4:3, dimnames = list(
    c("-3", "-1", "0", "1"), c("-", "G", "T"))), LR48_SNP1 = structure(c(0, 
0, 0, 0, 0, 0, 0, 1, 6, 131, 0, 0, 0, 0, 0, 2, 0, 0), dim = c(6L, 
3L), dimnames = list(c("-3", "-2", "-1", "0", "1", "2"), c("-", 
"C", "T"))), LR49_SNP1 = structure(c(0, 6, 0, 0, 0, 0, 0, 378, 
0), dim = c(3L, 3L), dimnames = list(c("-1", "0", "1"), c("A", 
"C", "G"))), LR52_SNP1 = structure(c(0, 2, 0, 4, 90, 1, 0, 0, 
0, 0, 0, 1, 0, 0), dim = c(7L, 2L), dimnames = list(c("-4", "-3", 
"-2", "-1", "0", "1", "2"), c("C", "T"))))
