Result <-
list(DEPDC2_SNP1 = structure(c(0, 0, 0, 0, 0, 4, 1090, 4, 0, 
0, 10, 0), dim = 4:3, dimnames = list(c("-3", "-1", "0", "1"), 
    c("A", "C", "T"))), GM01_SNP1 = structure(c(0, 18, 0, 0, 
20, 217, 0, 1), dim = c(4L, 2L), dimnames = list(c("-1", "0", 
"1", "2"), c("A", "G"))), GM07_SNP1 = structure(c(0, 0, 0, 0, 
0, 0, 0, 121, 126, 130, 4, 0, 0, 0, 2, 0, 0, 0, 0, 1, 0, 1, 0, 
0, 0, 0, 1, 0, 0, 0), dim = 6:5, dimnames = list(c("-2", "-1", 
"0", "1", "2", "3"), c("-", "A", "G", "N", "T"))), GM09_SNP1 = structure(c(0, 
3, 657, 2, 0, 0, 20, 0, 0, 0, 0, 0), dim = 4:3, dimnames = list(
    c("-2", "-1", "0", "1"), c("A", "G", "T"))), GM11_SNP1 = structure(c(0, 
33, 73, 0, 0, 0, 107, 0), dim = c(4L, 2L), dimnames = list(c("-2", 
"-1", "0", "1"), c("A", "G"))), GM14_SNP1 = structure(c(0, 0, 
0, 0, 0, 0, 0, 0, 6, 203, 1, 0, 0, 10, 111, 43, 0, 0), dim = c(6L, 
3L), dimnames = list(c("-3", "-2", "-1", "0", "1", "2"), c("-", 
"C", "T"))), GM17_SNP1 = structure(c(0, 0, 1, 0, 0, 0, 370, 2, 
0, 0, 5, 0), dim = 4:3, dimnames = list(c("-2", "-1", "0", "1"
), c("A", "C", "T"))), GM22_SNP1 = structure(c(0, 1, 182, 0, 
0, 0, 1, 146, 1, 0, 0, 0, 0, 0, 0), dim = c(5L, 3L), dimnames = list(
    c("-2", "-1", "0", "1", "2"), c("A", "G", "T"))), GM26_SNP1 = structure(c(0, 
13, 321, 0, 0, 0, 3, 0, 0, 0, 0, 0), dim = 4:3, dimnames = list(
    c("-2", "-1", "0", "1"), c("A", "G", "T"))), GM29_SNP1 = structure(c(0, 
0, 1, 251, 1, 0, 0, 0, 2, 0), dim = c(5L, 2L), dimnames = list(
    c("-3", "-2", "-1", "0", "1"), c("A", "G"))), IM16_SNP1 = structure(c(0, 
89, 0, 0, 0, 0, 0, 0, 1, 147, 1, 0, 0, 0, 0, 0), dim = c(4L, 
4L), dimnames = list(c("-1", "0", "1", "2"), c("A", "C", "G", 
"T"))), IM49_SNP1 = structure(c(0, 0, 0, 0, 0, 0, 0, 0, 3, 0, 
0, 65, 177, 86, 0), dim = c(5L, 3L), dimnames = list(c("-3", 
"-2", "-1", "0", "1"), c("A", "C", "G"))), LR10_SNP1 = structure(c(0, 
0, 0, 0, 0, 0, 0, 0, 7, 177, 1, 0, 0, 0, 0, 0, 0, 0, 0, 0, 8, 
179, 0, 0), dim = c(6L, 4L), dimnames = list(c("-3", "-2", "-1", 
"0", "1", "2"), c("A", "C", "G", "T"))), LR11_SNP1 = structure(c(0, 
0, 5, 0, 0, 1, 93, 135, 0, 0, 0, 0, 1, 0, 0), dim = c(5L, 3L), dimnames = list(
    c("-2", "-1", "0", "1", "2"), c("A", "C", "T"))), LR17_SNP1 = structure(c(0, 
22, 120, 3, 0, 0, 0, 0), dim = c(4L, 2L), dimnames = list(c("-2", 
"-1", "0", "1"), c("A", "G"))), LR20_SNP1 = structure(c(0, 0, 
0, 0, 0, 108, 207, 0, 0, 0, 4, 0), dim = 4:3, dimnames = list(
    c("-2", "-1", "0", "1"), c("-", "A", "G"))), LR24_SNP1 = structure(c(0, 
28, 1371, 1, 0, 0, 0, 0, 0, 0, 0, 0, 9, 0, 0, 0, 0, 0, 0, 0), dim = 5:4, dimnames = list(
    c("-2", "-1", "0", "1", "2"), c("A", "C", "G", "T"))), LR36_SNP1 = structure(c(0, 
0, 0, 0, 0, 3, 0, 0, 0, 0, 0, 0, 0, 0, 0, 0, 0, 0, 0, 0, 0, 0, 
0, 0, 0, 0, 0, 0, 0, 1, 0, 0, 0, 0, 5, 79, 16, 195, 0, 0), dim = c(8L, 
5L), dimnames = list(c("-5", "-4", "-3", "-2", "-1", "0", "1", 
"2"), c("A", "C", "G", "N", "T"))), LR40_SNP1 = structure(c(2, 
97, 0, 0, 1, 119, 1, 0), dim = c(4L, 2L), dimnames = list(c("-1", 
"0", "1", "2"), c("A", "C"))), LR44_SNP1 = structure(c(0, 0, 
0, 0, 0, 0, 0, 0, 6, 358, 8, 0, 0, 0, 0, 4, 0, 0, 0, 0, 0, 0, 
0, 0), dim = c(6L, 4L), dimnames = list(c("-4", "-3", "-2", "-1", 
"0", "1"), c("A", "C", "N", "T"))), LR46_SNP1 = structure(c(0, 
0, 0, 0, 0, 0, 0, 4, 0, 2, 215, 1), dim = 3:4, dimnames = list(
    c("-1", "0", "1"), c("-", "A", "G", "T"))), LR48_SNP1 = structure(c(0, 
1, 88, 13, 0, 0, 1, 76, 34, 0, 0, 0), dim = c(6L, 2L), dimnames = list(
    c("-2", "-1", "0", "1", "2", "3"), c("C", "T"))), LR49_SNP1 = structure(c(2, 
236, 0, 0, 0, 0, 1, 252, 0, 0, 0, 0), dim = 3:4, dimnames = list(
    c("-1", "0", "1"), c("A", "C", "G", "T"))), LR52_SNP1 = structure(c(0, 
0, 0, 0, 1, 0, 0, 0, 0, 0, 7, 188, 40, 0), dim = c(7L, 2L), dimnames = list(
    c("-4", "-3", "-2", "-1", "0", "1", "2"), c("C", "T"))))
