Result <-
list(DEPDC2_SNP1 = structure(c(0, 0, 0, 1, 25, 0, 4, 307, 3), dim = c(3L, 
3L), dimnames = list(c("-1", "0", "1"), c("A", "C", "T"))), GM01_SNP1 = structure(c(1, 
144, 43, 1, 0, 9, 0, 0), dim = c(4L, 2L), dimnames = list(c("-1", 
"0", "1", "2"), c("A", "G"))), GM07_SNP1 = structure(c(0, 13, 
56, 0, 0, 0, 0, 13, 70, 3, 0, 0), dim = c(6L, 2L), dimnames = list(
    c("-2", "-1", "0", "1", "2", "3"), c("A", "G"))), GM09_SNP1 = structure(c(0, 
262, 2, 1, 171, 0, 0, 0, 0), dim = c(3L, 3L), dimnames = list(
    c("-1", "0", "1"), c("A", "G", "T"))), GM11_SNP1 = structure(c(0, 
52, 2, 1, 3, 0), dim = 3:2, dimnames = list(c("-1", "0", "1"), 
    c("A", "G"))), GM14_SNP1 = structure(c(1, 5, 109, 3, 0, 7, 
74, 0), dim = c(4L, 2L), dimnames = list(c("-2", "-1", "0", "1"
), c("C", "T"))), GM17_SNP1 = structure(c(0, 0, 12, 229, 1, 0, 
0, 0, 1, 0, 0, 0, 5, 235, 1), dim = c(5L, 3L), dimnames = list(
    c("-3", "-2", "-1", "0", "1"), c("C", "G", "T"))), GM22_SNP1 = structure(c(0, 
1, 128, 0, 0, 2, 10, 0), dim = c(4L, 2L), dimnames = list(c("-2", 
"-1", "0", "1"), c("A", "G"))), GM26_SNP1 = structure(c(0, 0, 
78, 2, 0, 0, 0, 7, 0, 0), dim = c(5L, 2L), dimnames = list(c("-2", 
"-1", "0", "1", "2"), c("A", "G"))), GM29_SNP1 = structure(c(0, 
2, 31, 1, 0, 6, 151, 1), dim = c(4L, 2L), dimnames = list(c("-2", 
"-1", "0", "1"), c("A", "G"))), IM16_SNP1 = structure(c(0, 2, 
40, 0, 0, 15, 26, 0), dim = c(4L, 2L), dimnames = list(c("-2", 
"-1", "0", "1"), c("A", "G"))), IM49_SNP1 = structure(c(0, 0, 
0, 0, 0, 0, 0, 0, 1, 23, 462, 5, 0, 0, 0, 0, 37, 417, 8, 2, 0, 
0, 0, 0, 0, 0, 0, 0), dim = c(7L, 4L), dimnames = list(c("-3", 
"-2", "-1", "0", "1", "2", "3"), c("A", "C", "G", "T"))), LR10_SNP1 = structure(c(0, 
1, 24, 0, 0, 0, 3, 133, 1, 0), dim = c(5L, 2L), dimnames = list(
    c("-2", "-1", "0", "1", "2"), c("C", "T"))), LR11_SNP1 = structure(c(0, 
4, 73, 2, 0, 1, 61, 0), dim = c(4L, 2L), dimnames = list(c("-2", 
"-1", "0", "1"), c("A", "C"))), LR17_SNP1 = structure(c(1, 9, 
193, 0, 0, 0, 0, 0), dim = c(4L, 2L), dimnames = list(c("-2", 
"-1", "0", "1"), c("A", "G"))), LR20_SNP1 = structure(c(0, 151, 
0, 0, 11, 0), dim = 3:2, dimnames = list(c("-1", "0", "1"), c("A", 
"G"))), LR24_SNP1 = structure(c(0, 0, 0, 0, 0, 0, 2, 303, 0, 
0, 0, 16, 530, 1, 0), dim = c(5L, 3L), dimnames = list(c("-2", 
"-1", "0", "1", "2"), c("-", "A", "G"))), LR36_SNP1 = structure(c(0, 
0, 1, 9, 164, 6, 0, 0, 0, 0, 0, 0, 0, 0, 0, 0, 45, 8, 71, 0, 
0), dim = c(7L, 3L), dimnames = list(c("-4", "-3", "-2", "-1", 
"0", "1", "2"), c("A", "G", "T"))), LR40_SNP1 = structure(c(1, 
38, 1, 3, 48, 0, 0, 0, 0), dim = c(3L, 3L), dimnames = list(c("-1", 
"0", "1"), c("A", "C", "G"))), LR44_SNP1 = structure(c(1, 14, 
77, 0, 0, 2, 13, 0), dim = c(4L, 2L), dimnames = list(c("-2", 
"-1", "0", "1"), c("C", "T"))), LR46_SNP1 = structure(c(0, 0, 
0, 0, 0, 0, 2, 55, 0, 0, 60, 0), dim = 3:4, dimnames = list(c("-1", 
"0", "1"), c("-", "A", "G", "T"))), LR48_SNP1 = structure(c(0, 
2, 74, 2, 0, 0, 6, 0), dim = c(4L, 2L), dimnames = list(c("-2", 
"-1", "0", "1"), c("C", "T"))), LR49_SNP1 = structure(c(0, 5, 
0, 10, 205, 0), dim = 3:2, dimnames = list(c("-1", "0", "1"), 
    c("A", "G"))), LR52_SNP1 = structure(c(1, 1, 8, 12, 0, 0, 
2, 7, 20, 1), dim = c(5L, 2L), dimnames = list(c("-3", "-2", 
"-1", "0", "1"), c("C", "T"))))
