Result <-
list(DEPDC2_SNP1 = structure(c(0, 0, 0, 0, 0, 2, 365, 2, 0, 2, 
407, 1), dim = 4:3, dimnames = list(c("-2", "-1", "0", "1"), 
    c("A", "C", "T"))), GM01_SNP1 = structure(c(0, 0, 0, 0, 0, 
3, 309, 1, 0, 1, 29, 0), dim = 4:3, dimnames = list(c("-2", "-1", 
"0", "1"), c("-", "A", "G"))), GM07_SNP1 = structure(c(0, 0, 
0, 0, 0, 0, 5, 132, 2, 0, 1, 2, 122, 0, 0, 0, 0, 0, 0, 0), dim = 5:4, dimnames = list(
    c("-2", "-1", "0", "1", "2"), c("-", "A", "G", "T"))), GM09_SNP1 = structure(c(0, 
488, 0, 0, 43, 0, 0, 0, 0), dim = c(3L, 3L), dimnames = list(
    c("-1", "0", "1"), c("A", "G", "T"))), GM11_SNP1 = structure(c(0, 
0, 157, 1, 0, 0, 6, 0), dim = c(4L, 2L), dimnames = list(c("-2", 
"-1", "0", "1"), c("A", "G"))), GM14_SNP1 = structure(c(0, 0, 
0, 0, 0, 0, 0, 0, 0, 25, 0, 0, 0, 0, 3, 237, 1, 0), dim = c(6L, 
3L), dimnames = list(c("-3", "-2", "-1", "0", "1", "2"), c("A", 
"C", "T"))), GM17_SNP1 = structure(c(0, 0, 0, 0, 0, 1, 284, 1, 
0, 2, 17, 0), dim = 4:3, dimnames = list(c("-2", "-1", "0", "1"
), c("A", "C", "T"))), GM22_SNP1 = structure(c(0, 1, 203, 0, 
0, 0, 2, 0), dim = c(4L, 2L), dimnames = list(c("-2", "-1", "0", 
"1"), c("A", "G"))), GM26_SNP1 = structure(c(0, 101, 0, 0, 71, 
0), dim = 3:2, dimnames = list(c("-1", "0", "1"), c("A", "G"))), 
    GM29_SNP1 = structure(c(0, 0, 0, 196, 0, 0, 0, 2, 8, 0, 0, 
    0, 0, 1, 0), dim = c(5L, 3L), dimnames = list(c("-3", "-2", 
    "-1", "0", "1"), c("A", "G", "T"))), IM16_SNP1 = structure(c(0, 
    0, 30, 0, 0, 0, 1, 200, 1, 0), dim = c(5L, 2L), dimnames = list(
        c("-2", "-1", "0", "1", "2"), c("A", "G"))), IM49_SNP1 = structure(c(0, 
    0, 0, 0, 0, 0, 5, 236, 6, 0, 0, 8, 265, 4, 0), dim = c(5L, 
    3L), dimnames = list(c("-2", "-1", "0", "1", "2"), c("A", 
    "C", "G"))), LR10_SNP1 = structure(c(0, 0, 0, 0, 0, 0, 40, 
    0, 0, 2, 219, 0), dim = 4:3, dimnames = list(c("-2", "-1", 
    "0", "1"), c("A", "C", "T"))), LR11_SNP1 = structure(c(0, 
    3, 7, 0, 0, 0, 0, 9, 225, 1, 1, 0), dim = c(6L, 2L), dimnames = list(
        c("-2", "-1", "0", "1", "2", "3"), c("A", "C"))), LR17_SNP1 = structure(c(0, 
    0, 2, 294, 1, 0), dim = c(6L, 1L), dimnames = list(c("-3", 
    "-2", "-1", "0", "1", "2"), "A")), LR20_SNP1 = structure(c(0, 
    0, 17, 0, 0, 2, 266, 0, 0, 0, 0, 0), dim = 4:3, dimnames = list(
        c("-2", "-1", "0", "1"), c("A", "G", "T"))), LR24_SNP1 = structure(c(0, 
    1, 431, 0, 0, 0, 0, 0, 0, 1, 460, 0, 0, 0, 0, 0), dim = c(4L, 
    4L), dimnames = list(c("-2", "-1", "0", "1"), c("A", "C", 
    "G", "T"))), LR36_SNP1 = structure(c(0, 0, 0, 0, 0, 0, 1, 
    0, 346, 0, 0, 0, 0, 0, 0, 0, 2, 0, 22, 0), dim = 5:4, dimnames = list(
        c("-3", "-2", "-1", "0", "1"), c("-", "A", "G", "T"))), 
    LR40_SNP1 = structure(c(3, 168, 0, 0), dim = c(4L, 1L), dimnames = list(
        c("-1", "0", "1", "2"), "C")), LR44_SNP1 = structure(c(4, 
    0, 5, 92, 1, 0, 0, 0, 1, 122, 0, 0), dim = c(6L, 2L), dimnames = list(
        c("-3", "-2", "-1", "0", "1", "2"), c("C", "T"))), LR46_SNP1 = structure(c(4, 
    262, 0, 0, 5, 0), dim = 3:2, dimnames = list(c("-1", "0", 
    "1"), c("G", "T"))), LR48_SNP1 = structure(c(0, 0, 0, 0, 
    0, 0, 9, 95, 1, 0, 0, 0, 0, 0, 0, 1, 0, 64, 2, 0), dim = 5:4, dimnames = list(
        c("-2", "-1", "0", "1", "2"), c("A", "C", "G", "T"))), 
    LR49_SNP1 = structure(c(0, 9, 0, 1, 313, 0, 0, 0, 0), dim = c(3L, 
    3L), dimnames = list(c("-1", "0", "1"), c("A", "G", "T"))), 
    LR52_SNP1 = structure(c(0, 0, 0, 0, 0, 0, 0, 0, 1, 0, 0, 
    0, 0, 0, 0, 1, 2, 10, 127, 4), dim = 5:4, dimnames = list(
        c("-3", "-2", "-1", "0", "1"), c("A", "C", "G", "T"))))
