Result <-
list(DEPDC2_SNP1 = structure(c(2, 361, 1, 0, 0, 0, 0, 403, 0), dim = c(3L, 
3L), dimnames = list(c("-1", "0", "1"), c("C", "G", "T"))), GM01_SNP1 = structure(c(0, 
102, 0, 0, 97, 0), dim = 3:2, dimnames = list(c("-1", "0", "1"
), c("A", "G"))), GM07_SNP1 = structure(c(0, 0, 1, 7, 0, 0, 0, 
0, 0, 0, 0, 0, 0, 0, 6, 200, 2, 0), dim = c(6L, 3L), dimnames = list(
    c("-3", "-2", "-1", "0", "1", "2"), c("A", "C", "G"))), GM09_SNP1 = structure(c(0, 
408, 0, 0, 6, 0), dim = 3:2, dimnames = list(c("-1", "0", "1"
), c("A", "G"))), GM11_SNP1 = structure(c(0, 0, 0, 0, 53, 0, 
0, 56, 0), dim = c(3L, 3L), dimnames = list(c("-1", "0", "1"), 
    c("-", "A", "G"))), GM14_SNP1 = structure(c(0, 0, 0, 0, 0, 
0, 0, 0, 0, 3, 132, 0, 0, 0, 97, 0), dim = c(4L, 4L), dimnames = list(
    c("-2", "-1", "0", "1"), c("-", "A", "C", "T"))), GM17_SNP1 = structure(c(2, 
104, 0, 0, 108, 0), dim = 3:2, dimnames = list(c("-1", "0", "1"
), c("C", "T"))), GM22_SNP1 = structure(c(0, 1, 201, 0, 0, 0, 
3, 0), dim = c(4L, 2L), dimnames = list(c("-2", "-1", "0", "1"
), c("A", "G"))), GM26_SNP1 = structure(c(1, 152, 0, 0, 0, 3, 
0, 0, 0, 0, 0, 0), dim = 4:3, dimnames = list(c("-1", "0", "1", 
"2"), c("A", "G", "T"))), GM29_SNP1 = structure(c(0, 0, 166, 
0, 0, 0, 0, 0), dim = c(4L, 2L), dimnames = list(c("-2", "-1", 
"0", "1"), c("A", "G"))), IM16_SNP1 = structure(c(1, 72, 0, 0, 
0, 79, 0, 0), dim = c(4L, 2L), dimnames = list(c("-1", "0", "1", 
"2"), c("A", "G"))), IM49_SNP1 = structure(c(0, 0, 0, 0, 0, 0, 
8, 229, 1, 0, 0, 5, 210, 2, 0), dim = c(5L, 3L), dimnames = list(
    c("-2", "-1", "0", "1", "2"), c("A", "C", "G"))), LR10_SNP1 = structure(c(1, 
58, 0, 1, 91, 0), dim = 3:2, dimnames = list(c("-1", "0", "1"
), c("C", "T"))), LR11_SNP1 = structure(c(0, 1, 95, 0, 0, 0, 
1, 64, 1, 0), dim = c(5L, 2L), dimnames = list(c("-2", "-1", 
"0", "1", "2"), c("A", "C"))), LR17_SNP1 = structure(c(0, 1, 
1, 169, 0, 0, 0, 0, 0, 0, 0, 0), dim = c(6L, 2L), dimnames = list(
    c("-3", "-2", "-1", "0", "1", "2"), c("A", "G"))), LR20_SNP1 = structure(c(0, 
97, 0, 0, 65, 0), dim = 3:2, dimnames = list(c("-1", "0", "1"
), c("A", "G"))), LR24_SNP1 = structure(c(0, 0, 0, 0, 0, 0, 336, 
0, 0, 0, 320, 0), dim = 4:3, dimnames = list(c("-2", "-1", "0", 
"1"), c("-", "A", "G"))), LR36_SNP1 = structure(c(0, 2, 6, 0, 
0, 0, 0, 0, 0, 0, 0, 0, 0, 0, 0, 0, 0, 263, 2, 0), dim = 5:4, dimnames = list(
    c("-2", "-1", "0", "1", "2"), c("A", "C", "G", "T"))), LR40_SNP1 = structure(c(0, 
2, 0, 2, 109, 0), dim = 3:2, dimnames = list(c("-1", "0", "1"
), c("A", "C"))), LR44_SNP1 = structure(c(0, 0, 0, 0, 1, 0, 0, 
0, 0, 0, 5, 144, 0, 0, 0, 0, 0, 2, 103, 0, 0), dim = c(7L, 3L
), dimnames = list(c("-4", "-3", "-2", "-1", "0", "1", "2"), 
    c("A", "C", "T"))), LR46_SNP1 = structure(c(0, 0, 0, 0, 4, 
0, 0, 167, 0), dim = c(3L, 3L), dimnames = list(c("-1", "0", 
"1"), c("-", "G", "T"))), LR48_SNP1 = structure(c(0, 0, 0, 0, 
0, 0, 1, 133, 0, 0, 0, 0, 3, 0, 0), dim = c(5L, 3L), dimnames = list(
    c("-2", "-1", "0", "1", "2"), c("A", "C", "T"))), LR49_SNP1 = structure(c(0, 
1, 0, 0, 374, 3), dim = 3:2, dimnames = list(c("-1", "0", "1"
), c("A", "G"))), LR52_SNP1 = structure(c(0, 0, 5, 127, 0, 0, 
0, 0, 10, 0), dim = c(5L, 2L), dimnames = list(c("-4", "-2", 
"-1", "0", "1"), c("C", "T"))))
