Result <-
list(DEPDC2_SNP1 = structure(c(0, 0, 0, 0, 7, 0, 2, 2334, 0), dim = c(3L, 
3L), dimnames = list(c("-1", "0", "1"), c("A", "C", "T"))), GM01_SNP1 = structure(c(0, 
0, 0, 1, 1051, 1, 0, 3, 0), dim = c(3L, 3L), dimnames = list(
    c("-1", "0", "1"), c("-", "A", "G"))), GM07_SNP1 = structure(c(0, 
0, 0, 0, 0, 2, 10, 1106, 14, 0, 0, 0, 5, 1, 0), dim = c(5L, 3L
), dimnames = list(c("-2", "-1", "0", "1", "2"), c("-", "A", 
"G"))), GM09_SNP1 = structure(c(0, 19, 0, 2, 1675, 0, 0, 0, 0
), dim = c(3L, 3L), dimnames = list(c("-1", "0", "1"), c("A", 
"G", "T"))), GM11_SNP1 = structure(c(0, 1, 559, 0, 0, 0, 6, 0
), dim = c(4L, 2L), dimnames = list(c("-3", "-1", "0", "1"), 
    c("A", "G"))), GM14_SNP1 = structure(c(0, 0, 0, 1, 0, 0, 
0, 0, 4, 1313, 9, 0, 0, 0, 0, 4, 0, 0), dim = c(6L, 3L), dimnames = list(
    c("-3", "-2", "-1", "0", "1", "2"), c("A", "C", "T"))), GM17_SNP1 = structure(c(0, 
0, 2, 1442, 2, 0, 0, 0, 0, 15, 0, 0), dim = c(6L, 2L), dimnames = list(
    c("-3", "-2", "-1", "0", "1", "2"), c("C", "T"))), GM22_SNP1 = structure(c(0, 
2, 434, 1, 0, 2, 409, 0, 0, 0, 0, 0), dim = 4:3, dimnames = list(
    c("-2", "-1", "0", "1"), c("A", "G", "T"))), GM26_SNP1 = structure(c(0, 
1, 508, 1, 0, 1, 463, 0), dim = c(4L, 2L), dimnames = list(c("-3", 
"-1", "0", "1"), c("A", "G"))), GM29_SNP1 = structure(c(0, 0, 
6, 0, 0, 0, 7, 1005, 2, 0), dim = c(5L, 2L), dimnames = list(
    c("-2", "-1", "0", "1", "2"), c("A", "G"))), IM16_SNP1 = structure(c(1, 
314, 2, 0, 3, 357, 0, 0), dim = c(4L, 2L), dimnames = list(c("-1", 
"0", "1", "2"), c("A", "G"))), IM49_SNP1 = structure(c(0, 0, 
0, 0, 0, 0, 0, 0, 15, 971, 9, 0, 0, 0, 16, 930, 10, 0), dim = c(6L, 
3L), dimnames = list(c("-3", "-2", "-1", "0", "1", "2"), c("A", 
"C", "G"))), LR10_SNP1 = structure(c(4, 811, 4, 0, 9, 0), dim = 3:2, dimnames = list(
    c("-1", "0", "1"), c("C", "T"))), LR11_SNP1 = structure(c(0, 
3, 423, 1, 0, 0, 3, 349, 1, 0, 0, 0, 0, 0, 0, 0, 0, 0, 0, 0), dim = 5:4, dimnames = list(
    c("-2", "-1", "0", "1", "2"), c("A", "C", "G", "T"))), LR17_SNP1 = structure(c(0, 
15, 673, 5, 0), dim = c(5L, 1L), dimnames = list(c("-2", "-1", 
"0", "1", "2"), "A")), LR20_SNP1 = structure(c(0, 6, 0, 0, 789, 
1), dim = 3:2, dimnames = list(c("-1", "0", "1"), c("A", "G"))), 
    LR24_SNP1 = structure(c(0, 0, 0, 0, 0, 0, 0, 1, 1121, 1, 
    0, 0, 0, 0, 0, 0, 0, 0, 1085, 1), dim = 5:4, dimnames = list(
        c("-3", "-2", "-1", "0", "1"), c("-", "A", "C", "G"))), 
    LR36_SNP1 = structure(c(0, 1, 3, 580, 1, 0, 0, 0, 0, 0, 0, 
    0, 0, 0, 4, 566, 4, 0), dim = c(6L, 3L), dimnames = list(
        c("-3", "-2", "-1", "0", "1", "2"), c("A", "G", "T"))), 
    LR40_SNP1 = structure(c(0, 0, 0, 0, 0, 5, 561, 2, 0, 0, 0, 
    0), dim = 4:3, dimnames = list(c("-2", "-1", "0", "1"), c("A", 
    "C", "T"))), LR44_SNP1 = structure(c(0, 1, 0, 0, 0, 0, 0, 
    1, 301, 1, 0, 0, 0, 9, 306, 2, 0, 0), dim = c(6L, 3L), dimnames = list(
        c("-2", "-1", "0", "1", "2", "3"), c("A", "C", "T"))), 
    LR46_SNP1 = structure(c(0, 0, 0, 0, 0, 0, 1, 14, 0, 0, 835, 
    0), dim = 3:4, dimnames = list(c("-1", "0", "1"), c("A", 
    "C", "G", "T"))), LR48_SNP1 = structure(c(0, 0, 8, 692, 2, 
    0, 0, 0, 0, 1, 0, 0), dim = c(6L, 2L), dimnames = list(c("-3", 
    "-2", "-1", "0", "1", "2"), c("C", "T"))), LR49_SNP1 = structure(c(0, 
    5, 0, 2, 1492, 1), dim = 3:2, dimnames = list(c("-1", "0", 
    "1"), c("A", "G"))), LR52_SNP1 = structure(c(0, 0, 0, 0, 
    0, 0, 0, 0, 0, 0, 0, 0, 0, 0, 0, 0, 1, 30, 687, 7, 0, 0, 
    0, 0, 2, 6, 0, 0), dim = c(7L, 4L), dimnames = list(c("-4", 
    "-3", "-2", "-1", "0", "1", "2"), c("-", "A", "C", "T"))))
