Result <-
list(DEPDC2_SNP1 = structure(c(0, 0, 0, 2, 712, 2, 3, 659, 1), dim = c(3L, 
3L), dimnames = list(c("-1", "0", "1"), c("A", "C", "T"))), GM01_SNP1 = structure(c(0, 
1, 268, 1, 0, 0, 0, 0, 0, 0, 0, 2, 217, 0, 0), dim = c(5L, 3L
), dimnames = list(c("-2", "-1", "0", "1", "2"), c("A", "C", 
"G"))), GM07_SNP1 = structure(c(0, 0, 0, 0, 0, 0, 0, 0, 0, 11, 
308, 2, 0, 0, 0, 0, 6, 258, 5, 1, 0), dim = c(7L, 3L), dimnames = list(
    c("-3", "-2", "-1", "0", "1", "2", "3"), c("-", "A", "G"))), 
    GM09_SNP1 = structure(c(0, 439, 1, 0, 1, 434, 0, 0), dim = c(4L, 
    2L), dimnames = list(c("-1", "0", "1", "2"), c("A", "G"))), 
    GM11_SNP1 = structure(c(0, 0, 121, 0, 0, 0, 1, 121, 0, 0), dim = c(5L, 
    2L), dimnames = list(c("-2", "-1", "0", "1", "2"), c("A", 
    "G"))), GM14_SNP1 = structure(c(0, 0, 0, 0, 0, 0, 0, 0, 5, 
    729, 2, 0, 0, 0, 2, 4, 0, 0), dim = c(6L, 3L), dimnames = list(
        c("-3", "-2", "-1", "0", "1", "2"), c("A", "C", "T"))), 
    GM17_SNP1 = structure(c(0, 0, 2, 378, 0, 0, 0, 0, 0, 0, 0, 
    0, 0, 405, 0), dim = c(5L, 3L), dimnames = list(c("-3", "-2", 
    "-1", "0", "1"), c("C", "G", "T"))), GM22_SNP1 = structure(c(0, 
    0, 20, 0, 0, 0, 6, 329, 1, 0), dim = c(5L, 2L), dimnames = list(
        c("-2", "-1", "0", "1", "2"), c("A", "G"))), GM26_SNP1 = structure(c(0, 
    2, 268, 0, 0, 1, 219, 0, 0, 0, 0, 0), dim = 4:3, dimnames = list(
        c("-2", "-1", "0", "1"), c("A", "G", "T"))), GM29_SNP1 = structure(c(0, 
    5, 441, 0, 0, 0, 0, 0, 0, 0, 14, 0, 0, 0, 0, 0), dim = c(4L, 
    4L), dimnames = list(c("-2", "-1", "0", "1"), c("A", "C", 
    "G", "T"))), IM16_SNP1 = structure(c(0, 0, 9, 0, 0, 0, 0, 
    241, 3, 0), dim = c(5L, 2L), dimnames = list(c("-2", "-1", 
    "0", "1", "2"), c("A", "G"))), IM49_SNP1 = structure(c(0, 
    0, 0, 0, 0, 0, 8, 552, 3, 0, 1, 4, 422, 4, 0, 0, 0, 0, 0, 
    0), dim = 5:4, dimnames = list(c("-2", "-1", "0", "1", "2"
    ), c("A", "C", "G", "T"))), LR10_SNP1 = structure(c(0, 0, 
    0, 0, 0, 0, 1, 242, 0, 0, 0, 0, 221, 0, 0), dim = c(5L, 3L
    ), dimnames = list(c("-2", "-1", "0", "1", "2"), c("A", "C", 
    "T"))), LR11_SNP1 = structure(c(0, 0, 4, 0, 0, 0, 2, 324, 
    0, 0, 0, 0, 0, 0, 0), dim = c(5L, 3L), dimnames = list(c("-2", 
    "-1", "0", "1", "2"), c("A", "C", "T"))), LR17_SNP1 = structure(c(0, 
    2, 278, 2, 0), dim = c(5L, 1L), dimnames = list(c("-2", "-1", 
    "0", "1", "2"), "A")), LR20_SNP1 = structure(c(0, 438, 0, 
    1, 12, 0, 0, 1, 0), dim = c(3L, 3L), dimnames = list(c("-1", 
    "0", "1"), c("A", "G", "T"))), LR24_SNP1 = structure(c(0, 
    28, 0, 1, 1152, 2), dim = 3:2, dimnames = list(c("-1", "0", 
    "1"), c("A", "G"))), LR36_SNP1 = structure(c(0, 0, 1, 1, 
    228, 1, 0, 0, 0, 0, 2, 242, 3, 0), dim = c(7L, 2L), dimnames = list(
        c("-4", "-3", "-2", "-1", "0", "1", "2"), c("A", "T"))), 
    LR40_SNP1 = structure(c(0, 110, 0, 1, 97, 1), dim = 3:2, dimnames = list(
        c("-1", "0", "1"), c("A", "C"))), LR44_SNP1 = structure(c(0, 
    4, 161, 1, 0, 0, 0, 7, 188, 2, 0, 1), dim = c(6L, 2L), dimnames = list(
        c("-2", "-1", "0", "1", "2", "7"), c("C", "T"))), LR46_SNP1 = structure(c(0, 
    367, 0, 0, 11, 0), dim = 3:2, dimnames = list(c("-1", "0", 
    "1"), c("G", "T"))), LR48_SNP1 = structure(c(0, 0, 0, 0, 
    0, 1, 4, 320, 0, 0, 0, 0, 6, 0, 0), dim = c(5L, 3L), dimnames = list(
        c("-2", "-1", "0", "1", "2"), c("A", "C", "T"))), LR49_SNP1 = structure(c(0, 
    4, 0, 0, 0, 0, 3, 822, 0), dim = c(3L, 3L), dimnames = list(
        c("-1", "0", "1"), c("A", "C", "G"))), LR52_SNP1 = structure(c(0, 
    0, 0, 3, 8, 315, 6, 0, 0, 0, 0, 0, 0, 13, 0, 0), dim = c(8L, 
    2L), dimnames = list(c("-5", "-4", "-3", "-2", "-1", "0", 
    "1", "2"), c("C", "T"))))
