Result <-
list(DEPDC2_SNP1 = structure(c(0, 0, 0, 1, 0, 0, 0, 0, 3, 362, 
1, 0, 0, 0, 0, 0, 0, 0, 0, 0, 6, 430, 0, 1), dim = c(6L, 4L), dimnames = list(
    c("-3", "-2", "-1", "0", "1", "2"), c("A", "C", "G", "T"))), 
    GM01_SNP1 = structure(c(0, 4, 324, 0, 0, 0, 23, 0, 0, 0, 
    0, 0), dim = 4:3, dimnames = list(c("-2", "-1", "0", "1"), 
        c("A", "G", "T"))), GM07_SNP1 = structure(c(0, 4, 71, 
    58, 0, 0, 0, 2, 64, 47, 0, 0), dim = c(6L, 2L), dimnames = list(
        c("-3", "-2", "-1", "0", "1", "2"), c("A", "G"))), GM09_SNP1 = structure(c(0, 
    3, 259, 0, 0, 116, 82, 0, 0, 0, 0, 0), dim = 4:3, dimnames = list(
        c("-2", "-1", "0", "1"), c("A", "G", "T"))), GM11_SNP1 = structure(c(1, 
    121, 0, 0, 5, 0, 0, 0, 0), dim = c(3L, 3L), dimnames = list(
        c("-1", "0", "1"), c("A", "G", "T"))), GM14_SNP1 = structure(c(0, 
    0, 0, 0, 0, 10, 262, 0, 0, 2, 10, 0), dim = 4:3, dimnames = list(
        c("-2", "-1", "0", "1"), c("A", "C", "T"))), GM17_SNP1 = structure(c(0, 
    0, 1, 159, 0, 0, 0, 2, 183, 0), dim = c(5L, 2L), dimnames = list(
        c("-3", "-2", "-1", "0", "1"), c("C", "T"))), GM22_SNP1 = structure(c(0, 
    2, 17, 0, 0, 0, 161, 1), dim = c(4L, 2L), dimnames = list(
        c("-2", "-1", "0", "1"), c("A", "G"))), GM26_SNP1 = structure(c(4, 
    173, 0, 0, 12, 0), dim = 3:2, dimnames = list(c("-1", "0", 
    "1"), c("A", "G"))), GM29_SNP1 = structure(c(0, 0, 0, 3, 
    199, 2, 0, 8, 0, 0, 1, 0), dim = 3:4, dimnames = list(c("-1", 
    "0", "1"), c("-", "A", "G", "T"))), IM16_SNP1 = structure(c(0, 
    0, 11, 0, 0, 1, 168, 1), dim = c(4L, 2L), dimnames = list(
        c("-2", "-1", "0", "1"), c("A", "G"))), IM49_SNP1 = structure(c(0, 
    4, 176, 92, 2, 0, 0, 0, 0, 10, 239, 2, 0, 0), dim = c(7L, 
    2L), dimnames = list(c("-3", "-2", "-1", "0", "1", "2", "3"
    ), c("C", "G"))), LR10_SNP1 = structure(c(0, 0, 0, 0, 1, 
    18, 0, 0, 0, 0, 0, 0, 4, 265, 0, 0), dim = c(4L, 4L), dimnames = list(
        c("-1", "0", "1", "2"), c("A", "C", "G", "T"))), LR11_SNP1 = structure(c(0, 
    0, 76, 22, 0, 0, 0, 4, 89, 0, 0, 0, 0, 0, 0), dim = c(5L, 
    3L), dimnames = list(c("-3", "-2", "-1", "0", "1"), c("A", 
    "C", "T"))), LR17_SNP1 = structure(c(1, 3, 219, 71, 4, 0, 
    0, 0, 0, 0), dim = c(5L, 2L), dimnames = list(c("-2", "-1", 
    "0", "1", "2"), c("A", "G"))), LR20_SNP1 = structure(c(0, 
    164, 0, 0, 0, 0, 0, 153, 0), dim = c(3L, 3L), dimnames = list(
        c("-1", "0", "1"), c("A", "C", "G"))), LR24_SNP1 = structure(c(0, 
    0, 247, 789, 0, 0, 0, 0, 0, 0, 0, 0, 0, 17, 0), dim = c(5L, 
    3L), dimnames = list(c("-3", "-2", "-1", "0", "1"), c("A", 
    "C", "G"))), LR36_SNP1 = structure(c(0, 0, 3, 86, 204, 1, 
    0, 0, 0, 0, 0, 0, 0, 0, 0, 0, 9, 0), dim = c(6L, 3L), dimnames = list(
        c("-4", "-3", "-2", "-1", "0", "1"), c("A", "G", "T"))), 
    LR40_SNP1 = structure(c(0, 1, 0, 2, 199, 0, 0, 0, 0), dim = c(3L, 
    3L), dimnames = list(c("-1", "0", "1"), c("A", "C", "T"))), 
    LR44_SNP1 = structure(c(0, 0, 0, 0, 0, 0, 0, 0, 2, 11, 1, 
    0, 0, 11, 94, 178, 1, 0), dim = c(6L, 3L), dimnames = list(
        c("-3", "-2", "-1", "0", "1", "2"), c("A", "C", "T"))), 
    LR46_SNP1 = structure(c(0, 3, 0, 2, 209, 1, 0, 13, 0), dim = c(3L, 
    3L), dimnames = list(c("-1", "0", "1"), c("A", "G", "T"))), 
    LR48_SNP1 = structure(c(0, 4, 95, 0, 0, 3, 74, 0), dim = c(4L, 
    2L), dimnames = list(c("-2", "-1", "0", "1"), c("C", "T"))), 
    LR49_SNP1 = structure(c(1, 215, 0, 3, 169, 0, 0, 0, 0), dim = c(3L, 
    3L), dimnames = list(c("-1", "0", "1"), c("A", "G", "T"))), 
    LR52_SNP1 = structure(c(0, 0, 34, 0, 0, 0, 3, 82, 4, 0), dim = c(5L, 
    2L), dimnames = list(c("-2", "-1", "0", "1", "2"), c("C", 
    "T"))))
