Result <-
list(DEPDC2_SNP1 = structure(c(0, 0, 0, 0, 0, 1, 7, 0, 0, 4, 
707, 6), dim = 4:3, dimnames = list(c("-2", "-1", "0", "1"), 
    c("A", "C", "T"))), GM01_SNP1 = structure(c(0, 32, 111, 0, 
0, 11, 112, 0), dim = c(4L, 2L), dimnames = list(c("-2", "-1", 
"0", "1"), c("A", "G"))), GM07_SNP1 = structure(c(0, 6, 38, 136, 
0, 0, 0, 0, 1, 5, 0, 0), dim = c(6L, 2L), dimnames = list(c("-3", 
"-2", "-1", "0", "1", "2"), c("A", "G"))), GM09_SNP1 = structure(c(0, 
292, 3, 0, 0, 0, 0, 0, 2, 256, 0, 0), dim = 4:3, dimnames = list(
    c("-1", "0", "1", "2"), c("A", "C", "G"))), GM11_SNP1 = structure(c(0, 
0, 6, 0, 0, 0, 149, 2), dim = c(4L, 2L), dimnames = list(c("-3", 
"-1", "0", "1"), c("A", "G"))), GM14_SNP1 = structure(c(0, 0, 
0, 0, 0, 0, 0, 1, 1, 169, 0, 0, 0, 14, 4, 113, 0, 0), dim = c(6L, 
3L), dimnames = list(c("-3", "-2", "-1", "0", "1", "3"), c("A", 
"C", "T"))), GM17_SNP1 = structure(c(14, 91, 0, 0, 0, 0, 2, 109, 
0), dim = c(3L, 3L), dimnames = list(c("-1", "0", "1"), c("C", 
"G", "T"))), GM22_SNP1 = structure(c(0, 36, 216, 0, 0, 0, 1, 
0), dim = c(4L, 2L), dimnames = list(c("-2", "-1", "0", "1"), 
    c("A", "G"))), GM26_SNP1 = structure(c(0, 0, 0, 156, 1, 0, 
0, 0, 3, 0), dim = c(5L, 2L), dimnames = list(c("-3", "-2", "-1", 
"0", "1"), c("A", "G"))), GM29_SNP1 = structure(c(0, 14, 137, 
0, 0, 0, 1, 0), dim = c(4L, 2L), dimnames = list(c("-2", "-1", 
"0", "1"), c("A", "G"))), IM16_SNP1 = structure(c(0, 9, 118, 
16, 1, 0, 0, 0, 11, 0, 0, 0, 0, 0, 0, 0, 0, 0), dim = c(6L, 3L
), dimnames = list(c("-2", "-1", "0", "1", "2", "3"), c("A", 
"G", "T"))), IM49_SNP1 = structure(c(0, 0, 0, 20, 0, 0, 0, 2, 
42, 263, 2, 0, 0, 0, 0, 0, 0, 0), dim = c(6L, 3L), dimnames = list(
    c("-3", "-2", "-1", "0", "1", "2"), c("C", "G", "T"))), LR10_SNP1 = structure(c(0, 
0, 0, 0, 0, 0, 6, 0, 0, 9, 219, 0), dim = 4:3, dimnames = list(
    c("-2", "-1", "0", "1"), c("A", "C", "T"))), LR11_SNP1 = structure(c(5, 
1, 169, 0, 0, 5, 109, 0, 0, 0, 0, 0), dim = 4:3, dimnames = list(
    c("-2", "-1", "0", "1"), c("A", "C", "G"))), LR17_SNP1 = structure(c(0, 
3, 197, 0, 0, 0, 0, 0), dim = c(4L, 2L), dimnames = list(c("-2", 
"-1", "0", "1"), c("A", "G"))), LR20_SNP1 = structure(c(0, 0, 
0, 1, 111, 0, 1, 114, 0, 0, 0, 0), dim = 3:4, dimnames = list(
    c("-1", "0", "1"), c("-", "A", "G", "T"))), LR24_SNP1 = structure(c(0, 
0, 1, 846, 0, 0, 0, 1, 11, 0, 0, 0, 0, 0, 0), dim = c(5L, 3L), dimnames = list(
    c("-3", "-2", "-1", "0", "1"), c("A", "G", "T"))), LR36_SNP1 = structure(c(0, 
0, 1, 7, 0, 0, 0, 0, 0, 0, 0, 0, 0, 0, 0, 0, 0, 0, 3, 23, 34, 
232, 0, 0, 0, 0, 0), dim = c(9L, 3L), dimnames = list(c("-3", 
"-2", "-1", "0", "1", "2", "3", "4", "5"), c("A", "C", "T"))), 
    LR40_SNP1 = structure(c(0, 0, 0, 3, 128, 1), dim = 3:2, dimnames = list(
        c("-1", "0", "1"), c("A", "C"))), LR44_SNP1 = structure(c(0, 
    0, 0, 0, 0, 0, 0, 0, 0, 1, 7, 8, 0, 0, 0, 0, 0, 0, 1, 0, 
    0, 0, 0, 4, 53, 252, 3, 0), dim = c(7L, 4L), dimnames = list(
        c("-4", "-3", "-2", "-1", "0", "1", "2"), c("A", "C", 
        "G", "T"))), LR46_SNP1 = structure(c(0, 0, 0, 4, 180, 
    0, 0, 2, 0), dim = c(3L, 3L), dimnames = list(c("-1", "0", 
    "1"), c("A", "G", "T"))), LR48_SNP1 = structure(c(0, 0, 29, 
    142, 0, 0, 0, 0, 3, 0), dim = c(5L, 2L), dimnames = list(
        c("-3", "-2", "-1", "0", "1"), c("C", "T"))), LR49_SNP1 = structure(c(0, 
    7, 0, 0, 310, 0), dim = 3:2, dimnames = list(c("-1", "0", 
    "1"), c("A", "G"))), LR52_SNP1 = structure(c(0, 3, 21, 104, 
    0, 0, 0, 0, 7, 0), dim = c(5L, 2L), dimnames = list(c("-3", 
    "-2", "-1", "0", "1"), c("C", "T"))))
