Result <-
list(DEPDC2_SNP1 = structure(c(0, 0, 0, 0, 0, 0, 16, 0, 0, 0, 
0, 0, 0, 0, 0, 5, 353, 79, 1, 0), dim = 5:4, dimnames = list(
    c("-1", "0", "1", "2", "3"), c("A", "C", "G", "T"))), GM01_SNP1 = structure(c(0, 
0, 101, 0, 0, 0, 0, 100, 0, 0), dim = c(5L, 2L), dimnames = list(
    c("-2", "-1", "0", "1", "2"), c("A", "G"))), GM07_SNP1 = structure(c(0, 
0, 10, 0, 0, 2, 65, 131, 0, 0, 0, 0, 0, 0, 0), dim = c(5L, 3L
), dimnames = list(c("-2", "-1", "0", "1", "2"), c("A", "G", 
"T"))), GM09_SNP1 = structure(c(0, 29, 0, 0, 1, 236, 81, 0), dim = c(4L, 
2L), dimnames = list(c("-1", "0", "1", "2"), c("A", "G"))), GM11_SNP1 = structure(c(2, 
58, 0, 0, 3, 0), dim = 3:2, dimnames = list(c("-1", "0", "1"), 
    c("A", "G"))), GM14_SNP1 = structure(c(0, 0, 0, 1, 0, 0, 
0, 0, 1, 173, 1, 0, 0, 0, 0, 1, 0, 0, 0, 0, 1, 138, 1, 0), dim = c(6L, 
4L), dimnames = list(c("-3", "-2", "-1", "0", "1", "2"), c("A", 
"C", "N", "T"))), GM17_SNP1 = structure(c(0, 0, 0, 0, 0, 0, 0, 
8, 0, 0, 0, 4, 339, 73, 0), dim = c(5L, 3L), dimnames = list(
    c("-2", "-1", "0", "1", "2"), c("A", "C", "T"))), GM22_SNP1 = structure(c(0, 
0, 14, 0, 0, 0, 132, 0, 0, 0, 0, 0), dim = 4:3, dimnames = list(
    c("-2", "-1", "0", "1"), c("A", "G", "T"))), GM26_SNP1 = structure(c(0, 
2, 97, 0, 0, 0, 1, 0), dim = c(4L, 2L), dimnames = list(c("-2", 
"-1", "0", "1"), c("A", "G"))), GM29_SNP1 = structure(c(0, 1, 
6, 0, 0, 0, 172, 1), dim = c(4L, 2L), dimnames = list(c("-2", 
"-1", "0", "1"), c("A", "G"))), IM16_SNP1 = structure(c(0, 4, 
38, 1, 0, 0, 0, 60, 1, 0), dim = c(5L, 2L), dimnames = list(c("-2", 
"-1", "0", "1", "2"), c("A", "G"))), IM49_SNP1 = structure(c(0, 
0, 0, 0, 0, 0, 0, 1, 37, 1, 0, 0, 2, 44, 781, 7, 0, 0, 0, 0, 
0, 0, 0, 0), dim = c(6L, 4L), dimnames = list(c("-2", "-1", "0", 
"1", "2", "3"), c("A", "C", "G", "T"))), LR10_SNP1 = structure(c(0, 
0, 42, 1, 0, 2, 99, 0), dim = c(4L, 2L), dimnames = list(c("-2", 
"-1", "0", "1"), c("C", "T"))), LR11_SNP1 = structure(c(0, 2, 
131, 0, 0, 1, 3, 0), dim = c(4L, 2L), dimnames = list(c("-2", 
"-1", "0", "1"), c("A", "C"))), LR17_SNP1 = structure(c(0, 9, 
172, 2, 0), dim = c(5L, 1L), dimnames = list(c("-2", "-1", "0", 
"1", "2"), "A")), LR20_SNP1 = structure(c(0, 1, 0, 1, 154, 0, 
0, 2, 0, 0, 0, 0), dim = 3:4, dimnames = list(c("-1", "0", "1"
), c("-", "A", "G", "T"))), LR24_SNP1 = structure(c(0, 37, 360, 
0, 0, 0, 0, 12, 0, 0), dim = c(5L, 2L), dimnames = list(c("-2", 
"-1", "0", "1", "2"), c("A", "G"))), LR36_SNP1 = structure(c(0, 
1, 0, 0, 17, 0, 0, 0, 0, 0, 0, 0, 0, 0, 2, 26, 177, 1), dim = c(6L, 
3L), dimnames = list(c("-4", "-3", "-2", "-1", "0", "1"), c("A", 
"G", "T"))), LR40_SNP1 = structure(c(0, 0, 3, 0, 1, 12, 50, 0
), dim = c(4L, 2L), dimnames = list(c("-2", "-1", "0", "1"), 
    c("A", "C"))), LR44_SNP1 = structure(c(0, 0, 1, 5, 0, 0, 
0, 0, 19, 105, 1, 0), dim = c(6L, 2L), dimnames = list(c("-3", 
"-2", "-1", "0", "1", "2"), c("C", "T"))), LR46_SNP1 = structure(c(2, 
97, 0, 0, 9, 0), dim = 3:2, dimnames = list(c("-1", "0", "1"), 
    c("G", "T"))), LR48_SNP1 = structure(c(0, 0, 0, 0, 3, 30, 
36, 0, 0, 2, 34, 1), dim = 4:3, dimnames = list(c("-2", "-1", 
"0", "1"), c("A", "C", "T"))), LR49_SNP1 = structure(c(2, 100, 
0, 2, 137, 0, 0, 0, 0), dim = c(3L, 3L), dimnames = list(c("-1", 
"0", "1"), c("A", "G", "T"))), LR52_SNP1 = structure(c(0, 0, 
4, 14, 1, 0, 1, 9, 13, 4), dim = c(5L, 2L), dimnames = list(c("-3", 
"-2", "-1", "0", "1"), c("C", "T"))))
