Result <-
list(DEPDC2_SNP1 = structure(c(0, 0, 0, 0, 0, 0, 1, 0, 0, 0, 
0, 0, 0, 44, 975, 1), dim = c(4L, 4L), dimnames = list(c("-2", 
"-1", "0", "1"), c("A", "C", "G", "T"))), GM01_SNP1 = structure(c(0, 
17, 106, 0, 0, 67, 77, 0), dim = c(4L, 2L), dimnames = list(c("-2", 
"-1", "0", "1"), c("A", "G"))), GM07_SNP1 = structure(c(0, 0, 
0, 0, 0, 0, 1, 3, 119, 102, 0, 0, 0, 0, 0, 2, 0, 0, 0, 0, 0, 
0, 0, 0, 0, 0, 0, 0, 0, 0), dim = 6:5, dimnames = list(c("-3", 
"-2", "-1", "0", "1", "2"), c("-", "A", "G", "N", "T"))), GM09_SNP1 = structure(c(1, 
13, 0, 2, 471, 0, 0, 0, 0), dim = c(3L, 3L), dimnames = list(
    c("-1", "0", "1"), c("A", "G", "T"))), GM11_SNP1 = structure(c(0, 
169, 0, 0, 5, 0), dim = 3:2, dimnames = list(c("-1", "0", "1"
), c("A", "G"))), GM14_SNP1 = structure(c(0, 0, 0, 0, 0, 3, 153, 
1, 0, 5, 141, 0), dim = 4:3, dimnames = list(c("-2", "-1", "0", 
"1"), c("-", "C", "T"))), GM17_SNP1 = structure(c(0, 1, 164, 
0, 0, 1, 193, 0), dim = c(4L, 2L), dimnames = list(c("-2", "-1", 
"0", "1"), c("C", "T"))), GM22_SNP1 = structure(c(0, 2, 146, 
0, 0, 6, 113, 0), dim = c(4L, 2L), dimnames = list(c("-2", "-1", 
"0", "1"), c("A", "G"))), GM26_SNP1 = structure(c(0, 0, 6, 0, 
0, 2, 213, 0), dim = c(4L, 2L), dimnames = list(c("-2", "-1", 
"0", "1"), c("A", "G"))), GM29_SNP1 = structure(c(0, 0, 13, 184, 
3, 0, 0, 0, 0, 1, 0, 0, 0, 0, 0, 0, 0, 0), dim = c(6L, 3L), dimnames = list(
    c("-3", "-2", "-1", "0", "1", "2"), c("A", "G", "T"))), IM16_SNP1 = structure(c(0, 
0, 2, 0, 0, 1, 54, 156, 0, 0), dim = c(5L, 2L), dimnames = list(
    c("-2", "-1", "0", "1", "2"), c("A", "G"))), IM49_SNP1 = structure(c(0, 
0, 0, 0, 0, 0, 0, 9, 81, 128, 0, 0, 0, 62, 34, 78, 0, 0), dim = c(6L, 
3L), dimnames = list(c("-3", "-2", "-1", "0", "1", "2"), c("A", 
"C", "G"))), LR10_SNP1 = structure(c(0, 2, 101, 1, 0, 2, 125, 
1), dim = c(4L, 2L), dimnames = list(c("-2", "-1", "0", "1"), 
    c("C", "T"))), LR11_SNP1 = structure(c(0, 0, 39, 94, 1, 0, 
0, 1, 81, 0, 0, 0, 0, 0, 0, 0, 0, 0, 0, 0), dim = 5:4, dimnames = list(
    c("-3", "-2", "-1", "0", "1"), c("A", "C", "G", "T"))), LR17_SNP1 = structure(c(0, 
0, 0, 0, 0, 0, 1, 48, 128, 2, 0, 0, 0, 0, 0), dim = c(5L, 3L), dimnames = list(
    c("-3", "-2", "-1", "0", "1"), c("-", "A", "G"))), LR20_SNP1 = structure(c(0, 
36, 138, 0, 0, 0, 0, 125, 0, 0), dim = c(5L, 2L), dimnames = list(
    c("-2", "-1", "0", "1", "2"), c("A", "G"))), LR24_SNP1 = structure(c(0, 
84, 792, 3, 0, 0, 0, 0, 0, 0, 0, 0, 6, 0, 0, 0, 0, 0, 0, 0), dim = 5:4, dimnames = list(
    c("-2", "-1", "0", "1", "2"), c("A", "C", "G", "T"))), LR36_SNP1 = structure(c(0, 
0, 0, 2, 0, 0, 0, 0, 1, 0, 0, 0, 0, 0, 0, 0, 0, 0, 1, 0, 0, 1, 
3, 234, 0), dim = c(5L, 5L), dimnames = list(c("-3", "-2", "-1", 
"0", "1"), c("A", "C", "G", "N", "T"))), LR40_SNP1 = structure(c(1, 
86, 0, 1, 93, 0), dim = 3:2, dimnames = list(c("-1", "0", "1"
), c("A", "C"))), LR44_SNP1 = structure(c(0, 7, 34, 13, 142, 
1, 0, 0, 0, 0, 1, 2, 0, 0, 0, 0, 0, 13, 152, 0, 0), dim = c(7L, 
3L), dimnames = list(c("-4", "-3", "-2", "-1", "0", "1", "2"), 
    c("C", "N", "T"))), LR46_SNP1 = structure(c(0, 0, 0, 0, 0, 
0, 1, 0, 0, 1, 101, 0, 0, 65, 72, 0), dim = c(4L, 4L), dimnames = list(
    c("-2", "-1", "0", "1"), c("-", "C", "G", "T"))), LR48_SNP1 = structure(c(0, 
2, 88, 1, 0, 2, 41, 47, 1, 0), dim = c(5L, 2L), dimnames = list(
    c("-2", "-1", "0", "1", "2"), c("C", "T"))), LR49_SNP1 = structure(c(0, 
0, 175, 0, 0, 2, 225, 0), dim = c(4L, 2L), dimnames = list(c("-2", 
"-1", "0", "1"), c("A", "G"))), LR52_SNP1 = structure(c(0, 0, 
0, 0, 0, 0, 0, 5, 47, 37, 65, 2, 0, 1, 0, 0, 1, 0), dim = c(6L, 
3L), dimnames = list(c("-4", "-3", "-2", "-1", "0", "1"), c("A", 
"C", "T"))))
