Result <-
list(DEPDC2_SNP1 = structure(c(0, 1, 0, 0, 10, 0, 1, 533, 1), dim = c(3L, 
3L), dimnames = list(c("-1", "0", "1"), c("A", "C", "T"))), GM01_SNP1 = structure(c(2, 
170, 0, 0, 7, 0), dim = 3:2, dimnames = list(c("-1", "0", "1"
), c("A", "G"))), GM07_SNP1 = structure(c(0, 0, 0, 0, 0, 0, 8, 
142, 0, 0, 0, 1, 5, 0, 0), dim = c(5L, 3L), dimnames = list(c("-2", 
"-1", "0", "1", "2"), c("-", "A", "G"))), GM09_SNP1 = structure(c(0, 
1, 289, 0, 0, 0, 22, 0, 0, 0, 0, 0), dim = 4:3, dimnames = list(
    c("-2", "-1", "0", "1"), c("A", "G", "T"))), GM11_SNP1 = structure(c(0, 
69, 0, 0, 2, 0), dim = 3:2, dimnames = list(c("-1", "0", "1"), 
    c("A", "G"))), GM14_SNP1 = structure(c(0, 0, 0, 0, 0, 0, 
5, 139, 2, 0, 0, 1, 4, 0, 0), dim = c(5L, 3L), dimnames = list(
    c("-2", "-1", "0", "1", "2"), c("A", "C", "T"))), GM17_SNP1 = structure(c(0, 
3, 90, 0, 0, 0, 103, 0), dim = c(4L, 2L), dimnames = list(c("-2", 
"-1", "0", "1"), c("C", "T"))), GM22_SNP1 = structure(c(0, 0, 
146, 0, 0, 0, 0, 0), dim = c(4L, 2L), dimnames = list(c("-2", 
"-1", "0", "1"), c("A", "G"))), GM26_SNP1 = structure(c(0, 0, 
10, 0, 0, 0, 61, 0), dim = c(4L, 2L), dimnames = list(c("-2", 
"-1", "0", "1"), c("A", "G"))), GM29_SNP1 = structure(c(0, 0, 
72, 0, 0, 0, 60, 0, 0, 0, 0, 0), dim = 4:3, dimnames = list(c("-2", 
"-1", "0", "1"), c("A", "G", "T"))), IM16_SNP1 = structure(c(0, 
51, 0, 0, 55, 1), dim = 3:2, dimnames = list(c("-1", "0", "1"
), c("A", "G"))), IM49_SNP1 = structure(c(0, 13, 401, 5, 1, 0, 
0, 0, 11, 2, 1, 0, 0, 0, 0, 0, 0, 0), dim = c(6L, 3L), dimnames = list(
    c("-2", "-1", "0", "1", "2", "3"), c("C", "G", "T"))), LR10_SNP1 = structure(c(0, 
0, 4, 0, 0, 7, 142, 0), dim = c(4L, 2L), dimnames = list(c("-2", 
"-1", "0", "1"), c("C", "T"))), LR11_SNP1 = structure(c(1, 121, 
0, 1, 8, 0, 0, 0, 0), dim = c(3L, 3L), dimnames = list(c("-1", 
"0", "1"), c("A", "C", "G"))), LR17_SNP1 = structure(c(0, 13, 
136, 1, 0), dim = c(5L, 1L), dimnames = list(c("-2", "-1", "0", 
"1", "2"), "A")), LR20_SNP1 = structure(c(0, 75, 0, 0, 66, 0), dim = 3:2, dimnames = list(
    c("-1", "0", "1"), c("A", "G"))), LR24_SNP1 = structure(c(0, 
2, 243, 0, 0, 1, 205, 0, 0, 0, 1, 0), dim = 4:3, dimnames = list(
    c("-3", "-1", "0", "1"), c("A", "G", "T"))), LR36_SNP1 = structure(c(0, 
0, 0, 11, 0, 0, 0, 0, 1, 0, 0, 0, 3, 174, 1), dim = c(5L, 3L), dimnames = list(
    c("-3", "-2", "-1", "0", "1"), c("A", "G", "T"))), LR40_SNP1 = structure(c(0, 
1, 0, 2, 78, 0), dim = 3:2, dimnames = list(c("-1", "0", "1"), 
    c("A", "C"))), LR44_SNP1 = structure(c(0, 9, 168, 0, 0, 0, 
1, 0, 0, 2, 10, 0), dim = 4:3, dimnames = list(c("-2", "-1", 
"0", "1"), c("C", "G", "T"))), LR46_SNP1 = structure(c(0, 128, 
0, 0, 4, 0), dim = 3:2, dimnames = list(c("-1", "0", "1"), c("G", 
"T"))), LR48_SNP1 = structure(c(0, 0, 47, 0, 0, 2, 49, 0), dim = c(4L, 
2L), dimnames = list(c("-2", "-1", "0", "1"), c("C", "T"))), 
    LR49_SNP1 = structure(c(0, 123, 0, 0, 0, 0, 0, 101, 0, 0, 
    0, 0), dim = 3:4, dimnames = list(c("-1", "0", "1"), c("A", 
    "C", "G", "T"))), LR52_SNP1 = structure(c(0, 1, 1, 0, 0, 
    0, 0, 0, 1, 4, 66, 0), dim = 4:3, dimnames = list(c("-2", 
    "-1", "0", "1"), c("C", "G", "T"))))
