Result <-
list(DEPDC2_SNP1 = structure(c(0, 623, 1, 0, 1, 793, 1, 0), dim = c(4L, 
2L), dimnames = list(c("-1", "0", "1", "2"), c("C", "T"))), GM01_SNP1 = structure(c(0, 
0, 0, 65, 0, 0, 0, 1, 368, 0), dim = c(5L, 2L), dimnames = list(
    c("-4", "-2", "-1", "0", "1"), c("A", "G"))), GM07_SNP1 = structure(c(0, 
10, 516, 2, 0, 0, 0, 4, 1, 0), dim = c(5L, 2L), dimnames = list(
    c("-2", "-1", "0", "1", "2"), c("A", "G"))), GM09_SNP1 = structure(c(0, 
0, 19, 0, 1, 79, 746, 19, 0, 0, 1, 0), dim = 4:3, dimnames = list(
    c("-2", "-1", "0", "1"), c("A", "G", "T"))), GM11_SNP1 = structure(c(0, 
252, 0, 0, 3, 0), dim = 3:2, dimnames = list(c("-1", "0", "1"
), c("A", "G"))), GM14_SNP1 = structure(c(0, 0, 0, 0, 0, 0, 0, 
0, 8, 1047, 1, 0, 0, 0, 0, 2, 0, 0), dim = c(6L, 3L), dimnames = list(
    c("-3", "-2", "-1", "0", "1", "2"), c("A", "C", "T"))), GM17_SNP1 = structure(c(0, 
0, 0, 0, 43, 0, 0, 319, 1), dim = c(3L, 3L), dimnames = list(
    c("-1", "0", "1"), c("A", "C", "T"))), GM22_SNP1 = structure(c(0, 
0, 39, 0, 0, 0, 238, 0), dim = c(4L, 2L), dimnames = list(c("-2", 
"-1", "0", "1"), c("A", "G"))), GM26_SNP1 = structure(c(0, 0, 
223, 0, 0, 0, 0, 3, 0, 0), dim = c(5L, 2L), dimnames = list(c("-2", 
"-1", "0", "1", "2"), c("A", "G"))), GM29_SNP1 = structure(c(0, 
0, 193, 0, 0, 1, 249, 0), dim = c(4L, 2L), dimnames = list(c("-2", 
"-1", "0", "1"), c("A", "G"))), IM16_SNP1 = structure(c(0, 0, 
1, 1081, 4, 0, 0, 0, 0, 187, 0, 0, 0, 0, 0, 1, 0, 0), dim = c(6L, 
3L), dimnames = list(c("-3", "-2", "-1", "0", "1", "2"), c("A", 
"G", "T"))), IM49_SNP1 = structure(c(0, 1, 4, 509, 2, 0, 0, 0, 
5, 423, 0, 0, 0, 0, 0, 0, 0, 0), dim = c(6L, 3L), dimnames = list(
    c("-3", "-2", "-1", "0", "1", "2"), c("C", "G", "T"))), LR10_SNP1 = structure(c(0, 
4, 0, 0, 2, 419, 1, 0), dim = c(4L, 2L), dimnames = list(c("-1", 
"0", "1", "2"), c("C", "T"))), LR11_SNP1 = structure(c(0, 0, 
0, 1, 0, 0, 0, 11, 690, 0, 0, 0, 1, 9, 0, 0, 0, 0, 0, 0), dim = 5:4, dimnames = list(
    c("-3", "-2", "-1", "0", "1"), c("-", "A", "C", "T"))), LR17_SNP1 = structure(c(0, 
8, 367, 1, 0, 0, 0, 0, 0, 0), dim = c(5L, 2L), dimnames = list(
    c("-2", "-1", "0", "1", "2"), c("A", "G"))), LR20_SNP1 = structure(c(0, 
0, 0, 0, 455, 0, 0, 8, 1), dim = c(3L, 3L), dimnames = list(c("-1", 
"0", "1"), c("-", "A", "G"))), LR24_SNP1 = structure(c(0, 0, 
0, 0, 0, 0, 0, 0, 1, 912, 3, 0, 0, 0, 0, 0, 0, 0, 0, 0, 1, 983, 
0, 0, 0, 0, 0, 0, 0, 0), dim = 6:5, dimnames = list(c("-3", "-2", 
"-1", "0", "1", "2"), c("-", "A", "C", "G", "T"))), LR36_SNP1 = structure(c(0, 
0, 1, 149, 2, 0, 0, 0, 0, 0, 0, 0, 2, 288, 0), dim = c(5L, 3L
), dimnames = list(c("-3", "-2", "-1", "0", "1"), c("A", "C", 
"T"))), LR40_SNP1 = structure(c(0, 0, 1, 0, 0, 0, 1, 521, 0, 
0), dim = c(5L, 2L), dimnames = list(c("-2", "-1", "0", "1", 
"2"), c("A", "C"))), LR44_SNP1 = structure(c(0, 0, 0, 1, 0, 0, 
0, 0, 0, 0, 3, 1, 9, 305, 2, 0, 0, 1, 1, 0, 0, 0, 0, 0, 0, 0, 
0, 0, 0, 0, 0, 0, 0, 4, 0, 0, 0, 0, 0, 1), dim = c(10L, 4L), dimnames = list(
    c("-3", "-2", "-1", "0", "1", "2", "3", "4", "5", "9"), c("A", 
    "C", "G", "T"))), LR46_SNP1 = structure(c(0, 0, 0, 0, 0, 
1, 357, 0, 0, 0, 299, 0), dim = 4:3, dimnames = list(c("-3", 
"-1", "0", "1"), c("A", "G", "T"))), LR48_SNP1 = structure(c(0, 
0, 0, 0, 0, 3, 342, 1, 0, 0, 0, 0, 0, 0, 1, 0), dim = c(4L, 4L
), dimnames = list(c("-2", "-1", "0", "1"), c("A", "C", "G", 
"T"))), LR49_SNP1 = structure(c(1, 485, 0, 0, 0, 0, 0, 978, 0
), dim = c(3L, 3L), dimnames = list(c("-1", "0", "1"), c("A", 
"C", "G"))), LR52_SNP1 = structure(c(0, 1, 0, 7, 188, 1, 0, 0, 
0, 0, 70, 0), dim = c(6L, 2L), dimnames = list(c("-4", "-3", 
"-2", "-1", "0", "1"), c("C", "T"))))
