Result <-
list(DEPDC2_SNP1 = structure(c(0, 0, 0, 0, 0, 0, 19, 0, 0, 2, 
793, 2), dim = 4:3, dimnames = list(c("-2", "-1", "0", "1"), 
    c("A", "C", "T"))), GM01_SNP1 = structure(c(0, 320, 1, 0, 
22, 0), dim = 3:2, dimnames = list(c("-1", "0", "1"), c("A", 
"G"))), GM07_SNP1 = structure(c(0, 17, 260, 4, 0, 0, 0, 6, 0, 
0, 0, 0, 0, 0, 0), dim = c(5L, 3L), dimnames = list(c("-2", "-1", 
"0", "1", "2"), c("A", "G", "T"))), GM09_SNP1 = structure(c(1, 
279, 0, 1, 246, 0), dim = 3:2, dimnames = list(c("-1", "0", "1"
), c("A", "G"))), GM11_SNP1 = structure(c(0, 1, 14, 0, 0, 0, 
183, 1), dim = c(4L, 2L), dimnames = list(c("-2", "-1", "0", 
"1"), c("A", "G"))), GM14_SNP1 = structure(c(0, 5, 213, 1, 0, 
0, 15, 160, 0, 0), dim = c(5L, 2L), dimnames = list(c("-2", "-1", 
"0", "1", "2"), c("C", "T"))), GM17_SNP1 = structure(c(2, 340, 
1, 0, 33, 0), dim = 3:2, dimnames = list(c("-1", "0", "1"), c("C", 
"T"))), GM22_SNP1 = structure(c(0, 8, 208, 0, 0, 1, 16, 0), dim = c(4L, 
2L), dimnames = list(c("-2", "-1", "0", "1"), c("A", "G"))), 
    GM26_SNP1 = structure(c(0, 1, 156, 1, 0, 0, 5, 0), dim = c(4L, 
    2L), dimnames = list(c("-3", "-1", "0", "1"), c("A", "G"))), 
    GM29_SNP1 = structure(c(0, 0, 21, 0, 0, 0, 1, 264, 0, 0, 
    0, 0, 1, 0, 0), dim = c(5L, 3L), dimnames = list(c("-3", 
    "-1", "0", "1", "2"), c("A", "G", "T"))), IM16_SNP1 = structure(c(3, 
    216, 1, 0, 0, 11, 0, 0, 0, 0, 0, 0), dim = 4:3, dimnames = list(
        c("-1", "0", "1", "2"), c("A", "G", "T"))), IM49_SNP1 = structure(c(0, 
    0, 22, 0, 0, 0, 7, 668, 5, 1, 0, 0, 0, 0, 0), dim = c(5L, 
    3L), dimnames = list(c("-2", "-1", "0", "1", "2"), c("C", 
    "G", "T"))), LR10_SNP1 = structure(c(0, 0, 17, 1, 0, 0, 12, 
    232, 0, 0), dim = c(5L, 2L), dimnames = list(c("-2", "-1", 
    "0", "1", "2"), c("C", "T"))), LR11_SNP1 = structure(c(0, 
    7, 0, 2, 201, 1, 0, 0, 0), dim = c(3L, 3L), dimnames = list(
        c("-1", "0", "1"), c("A", "C", "G"))), LR17_SNP1 = structure(c(0, 
    5, 248, 0, 0, 0, 0, 0), dim = c(4L, 2L), dimnames = list(
        c("-2", "-1", "0", "1"), c("A", "G"))), LR20_SNP1 = structure(c(0, 
    0, 0, 2, 121, 0, 0, 129, 0), dim = c(3L, 3L), dimnames = list(
        c("-1", "0", "1"), c("-", "A", "G"))), LR24_SNP1 = structure(c(0, 
    0, 0, 0, 0, 0, 0, 0, 1, 566, 0, 0, 0, 0, 2, 534, 0, 0, 0, 
    0, 0, 0, 0, 0), dim = c(6L, 4L), dimnames = list(c("-3", 
    "-2", "-1", "0", "1", "2"), c("-", "A", "G", "T"))), LR36_SNP1 = structure(c(0, 
    0, 0, 3, 231, 2, 0, 0, 0, 0, 1, 0, 0, 0, 0, 17, 225, 1), dim = c(6L, 
    3L), dimnames = list(c("-4", "-3", "-2", "-1", "0", "1"), 
        c("A", "G", "T"))), LR40_SNP1 = structure(c(9, 79, 0, 
    0, 133, 0, 0, 0, 0), dim = c(3L, 3L), dimnames = list(c("-1", 
    "0", "1"), c("A", "C", "G"))), LR44_SNP1 = structure(c(0, 
    0, 0, 0, 0, 0, 0, 0, 3, 22, 0, 0, 0, 1, 27, 252, 1, 0), dim = c(6L, 
    3L), dimnames = list(c("-3", "-2", "-1", "0", "1", "2"), 
        c("A", "C", "T"))), LR46_SNP1 = structure(c(0, 0, 0, 
    0, 209, 0, 0, 4, 0), dim = c(3L, 3L), dimnames = list(c("-1", 
    "0", "1"), c("A", "G", "T"))), LR48_SNP1 = structure(c(0, 
    0, 16, 182, 1, 0, 0, 0, 0, 5, 0, 0), dim = c(6L, 2L), dimnames = list(
        c("-3", "-2", "-1", "0", "1", "2"), c("C", "T"))), LR49_SNP1 = structure(c(0, 
    433, 0, 0, 0, 0, 1, 24, 0, 0, 0, 0), dim = 3:4, dimnames = list(
        c("-1", "0", "1"), c("A", "C", "G", "T"))), LR52_SNP1 = structure(c(0, 
    0, 0, 0, 0, 0, 0, 0, 0, 0, 1, 15, 84, 0, 0, 0, 0, 0, 67, 
    0, 0), dim = c(7L, 3L), dimnames = list(c("-4", "-3", "-2", 
    "-1", "0", "1", "2"), c("A", "C", "T"))))
