Result <-
list(DEPDC2_SNP1 = structure(c(0, 1, 200, 0, 0, 0, 3, 236, 0, 
0), dim = c(5L, 2L), dimnames = list(c("-3", "-1", "0", "1", 
"2"), c("C", "T"))), GM01_SNP1 = structure(c(0, 0, 0, 0, 0, 1, 
245, 0, 0, 0, 13, 0), dim = 4:3, dimnames = list(c("-2", "-1", 
"0", "1"), c("-", "A", "G"))), GM07_SNP1 = structure(c(1, 9, 
103, 2, 0, 0, 6, 127, 1, 0), dim = c(5L, 2L), dimnames = list(
    c("-2", "-1", "0", "1", "2"), c("A", "G"))), GM09_SNP1 = structure(c(0, 
37, 0, 0, 0, 0, 0, 0, 5, 639, 1, 0), dim = 4:3, dimnames = list(
    c("-1", "0", "1", "2"), c("A", "C", "G"))), GM11_SNP1 = structure(c(0, 
63, 1, 1, 44, 0), dim = 3:2, dimnames = list(c("-1", "0", "1"
), c("A", "G"))), GM14_SNP1 = structure(c(0, 0, 0, 0, 2, 4, 129, 
0, 0, 3, 122, 0), dim = 4:3, dimnames = list(c("-2", "-1", "0", 
"1"), c("A", "C", "T"))), GM17_SNP1 = structure(c(0, 0, 9, 406, 
0, 0, 0, 0, 2, 415, 0, 0), dim = c(6L, 2L), dimnames = list(c("-3", 
"-2", "-1", "0", "1", "2"), c("C", "T"))), GM22_SNP1 = structure(c(5, 
183, 1, 0, 7, 0, 0, 0, 0), dim = c(3L, 3L), dimnames = list(c("-1", 
"0", "1"), c("A", "G", "T"))), GM26_SNP1 = structure(c(0, 1, 
99, 0, 0, 0, 11, 0), dim = c(4L, 2L), dimnames = list(c("-3", 
"-1", "0", "1"), c("A", "G"))), GM29_SNP1 = structure(c(0, 2, 
263, 1, 0, 0, 12, 0), dim = c(4L, 2L), dimnames = list(c("-2", 
"-1", "0", "1"), c("A", "G"))), IM16_SNP1 = structure(c(0, 68, 
0, 0, 0, 0, 70, 1, 0, 0, 0, 0, 0, 0, 0), dim = c(5L, 3L), dimnames = list(
    c("-1", "0", "1", "2", "3"), c("A", "G", "T"))), IM49_SNP1 = structure(c(0, 
17, 569, 6, 1, 2, 15, 533, 2, 0, 0, 0, 0, 0, 0), dim = c(5L, 
3L), dimnames = list(c("-2", "-1", "0", "1", "2"), c("C", "G", 
"T"))), LR10_SNP1 = structure(c(0, 1, 93, 0, 0, 18, 99, 0), dim = c(4L, 
2L), dimnames = list(c("-2", "-1", "0", "1"), c("C", "T"))), 
    LR11_SNP1 = structure(c(0, 0, 110, 0, 0, 0, 2, 107, 0, 0), dim = c(5L, 
    2L), dimnames = list(c("-2", "-1", "0", "1", "2"), c("A", 
    "C"))), LR17_SNP1 = structure(c(0, 0, 8, 260, 2, 0, 0, 0, 
    0, 0, 0, 0), dim = c(6L, 2L), dimnames = list(c("-3", "-2", 
    "-1", "0", "1", "2"), c("A", "G"))), LR20_SNP1 = structure(c(6, 
    140, 0, 0, 148, 0), dim = 3:2, dimnames = list(c("-1", "0", 
    "1"), c("A", "G"))), LR24_SNP1 = structure(c(0, 0, 4, 464, 
    1, 0, 0, 9, 554, 0), dim = c(5L, 2L), dimnames = list(c("-3", 
    "-2", "-1", "0", "1"), c("A", "G"))), LR36_SNP1 = structure(c(0, 
    0, 0, 3, 9, 244, 1, 0, 0, 0, 1, 6, 3, 221, 3, 0), dim = c(8L, 
    2L), dimnames = list(c("-5", "-4", "-3", "-2", "-1", "0", 
    "1", "2"), c("A", "T"))), LR40_SNP1 = structure(c(0, 1, 0, 
    0, 176, 0), dim = 3:2, dimnames = list(c("-1", "0", "1"), 
        c("A", "C"))), LR44_SNP1 = structure(c(0, 11, 95, 1, 
    0, 0, 1, 9, 1, 0), dim = c(5L, 2L), dimnames = list(c("-2", 
    "-1", "0", "1", "2"), c("C", "T"))), LR46_SNP1 = structure(c(0, 
    0, 0, 1, 28, 0, 0, 141, 1), dim = c(3L, 3L), dimnames = list(
        c("-1", "0", "1"), c("-", "G", "T"))), LR48_SNP1 = structure(c(0, 
    2, 100, 1, 0, 0, 12, 0), dim = c(4L, 2L), dimnames = list(
        c("-2", "-1", "0", "1"), c("C", "T"))), LR49_SNP1 = structure(c(11, 
    294, 0, 0, 0, 0, 0, 27, 0), dim = c(3L, 3L), dimnames = list(
        c("-1", "0", "1"), c("A", "C", "G"))), LR52_SNP1 = structure(c(0, 
    2, 5, 41, 0, 0, 0, 4, 31, 2), dim = c(5L, 2L), dimnames = list(
        c("-3", "-2", "-1", "0", "1"), c("C", "T"))))
