Result <-
list(DEPDC2_SNP1 = structure(c(0, 1, 0, 2, 402, 1, 0, 1, 0, 1, 
405, 0), dim = 3:4, dimnames = list(c("-1", "0", "1"), c("A", 
"C", "G", "T"))), GM01_SNP1 = structure(c(0, 0, 301, 0, 0, 0, 
0, 0, 0, 0, 5, 0), dim = 4:3, dimnames = list(c("-2", "-1", "0", 
"1"), c("A", "C", "G"))), GM07_SNP1 = structure(c(0, 0, 0, 0, 
0, 0, 6, 162, 4, 0, 0, 3, 79, 0, 0, 0, 0, 2, 0, 0, 0, 0, 0, 0, 
0), dim = c(5L, 5L), dimnames = list(c("-2", "-1", "0", "1", 
"2"), c("-", "A", "G", "N", "T"))), GM09_SNP1 = structure(c(0, 
354, 1, 0, 306, 0, 0, 1, 0), dim = c(3L, 3L), dimnames = list(
    c("-1", "0", "1"), c("A", "G", "T"))), GM11_SNP1 = structure(c(0, 
0, 44, 0, 0, 0, 0, 67, 0, 0), dim = c(5L, 2L), dimnames = list(
    c("-2", "-1", "0", "1", "2"), c("A", "G"))), GM14_SNP1 = structure(c(0, 
3, 373, 3, 0, 0, 0, 1, 0, 0), dim = c(5L, 2L), dimnames = list(
    c("-2", "-1", "0", "1", "2"), c("C", "T"))), GM17_SNP1 = structure(c(0, 
0, 0, 0, 0, 0, 0, 2, 274, 0, 0, 0, 0, 3, 0), dim = c(5L, 3L), dimnames = list(
    c("-3", "-2", "-1", "0", "1"), c("A", "C", "T"))), GM22_SNP1 = structure(c(0, 
0, 275, 0, 0, 0, 3, 0), dim = c(4L, 2L), dimnames = list(c("-2", 
"-1", "0", "1"), c("A", "G"))), GM26_SNP1 = structure(c(0, 0, 
0, 120, 0, 0, 0, 0, 0, 60, 0, 0), dim = c(6L, 2L), dimnames = list(
    c("-3", "-2", "-1", "0", "1", "2"), c("A", "G"))), GM29_SNP1 = structure(c(0, 
0, 87, 0, 0, 0, 0, 78, 0, 0), dim = c(5L, 2L), dimnames = list(
    c("-2", "-1", "0", "1", "2"), c("A", "G"))), IM16_SNP1 = structure(c(0, 
116, 1, 0, 0, 119, 0, 0, 0, 0, 0, 0), dim = 4:3, dimnames = list(
    c("-1", "0", "1", "2"), c("A", "G", "T"))), IM49_SNP1 = structure(c(0, 
8, 359, 4, 0, 0, 1, 2, 0, 0, 0, 0, 0, 0, 0), dim = c(5L, 3L), dimnames = list(
    c("-2", "-1", "0", "1", "2"), c("C", "G", "T"))), LR10_SNP1 = structure(c(0, 
0, 0, 2, 122, 1, 1, 131, 0), dim = c(3L, 3L), dimnames = list(
    c("-1", "0", "1"), c("A", "C", "T"))), LR11_SNP1 = structure(c(0, 
6, 177, 0, 0, 0, 1, 84, 0, 0, 0, 0, 0, 0, 0), dim = c(5L, 3L), dimnames = list(
    c("-2", "-1", "0", "1", "2"), c("A", "C", "G"))), LR17_SNP1 = structure(c(0, 
0, 2, 271, 3, 0, 0, 0, 0, 0, 0, 0), dim = c(6L, 2L), dimnames = list(
    c("-3", "-2", "-1", "0", "1", "2"), c("A", "G"))), LR20_SNP1 = structure(c(0, 
0, 0, 0, 0, 0, 150, 0, 0, 0, 120, 0, 0, 0, 0, 0), dim = c(4L, 
4L), dimnames = list(c("-2", "-1", "0", "1"), c("-", "A", "G", 
"T"))), LR24_SNP1 = structure(c(0, 1, 1097, 0, 0, 0, 0, 0, 0, 
0, 10, 0, 0, 0, 1, 0), dim = c(4L, 4L), dimnames = list(c("-2", 
"-1", "0", "1"), c("A", "C", "G", "N"))), LR36_SNP1 = structure(c(0, 
0, 0, 0, 0, 0, 0, 0, 3, 399, 1, 0, 0, 0, 0, 0, 0, 0, 0, 0, 0, 
1, 0, 0, 0, 0, 0, 4, 0, 0), dim = 6:5, dimnames = list(c("-3", 
"-2", "-1", "0", "1", "2"), c("-", "A", "G", "N", "T"))), LR40_SNP1 = structure(c(0, 
2, 0, 2, 179, 0, 0, 0, 0), dim = c(3L, 3L), dimnames = list(c("-1", 
"0", "1"), c("A", "C", "G"))), LR44_SNP1 = structure(c(0, 0, 
0, 0, 0, 0, 0, 1, 7, 136, 4, 0, 0, 0, 1, 1, 0, 0, 0, 0, 3, 108, 
0, 0), dim = c(6L, 4L), dimnames = list(c("-3", "-2", "-1", "0", 
"1", "2"), c("A", "C", "N", "T"))), LR46_SNP1 = structure(c(0, 
0, 0, 0, 0, 0, 1, 110, 0, 0, 75, 0), dim = 3:4, dimnames = list(
    c("-1", "0", "1"), c("A", "C", "G", "T"))), LR48_SNP1 = structure(c(0, 
0, 0, 0, 0, 0, 0, 0, 4, 161, 2, 0, 0, 0, 0, 3, 0, 0), dim = c(6L, 
3L), dimnames = list(c("-3", "-2", "-1", "0", "1", "2"), c("-", 
"C", "T"))), LR49_SNP1 = structure(c(0, 1, 0, 0, 334, 0), dim = 3:2, dimnames = list(
    c("-1", "0", "1"), c("A", "G"))), LR52_SNP1 = structure(c(0, 
0, 0, 0, 0, 0, 0, 0, 0, 0, 0, 1, 3, 111, 1, 0, 0, 0, 3, 0), dim = 5:4, dimnames = list(
    c("-3", "-2", "-1", "0", "1"), c("-", "A", "C", "T"))))
