Result <-
list(DEPDC2_SNP1 = structure(c(0, 0, 0, 0, 0, 0, 5, 0, 0, 0, 
0, 0, 0, 4, 1244, 1), dim = c(4L, 4L), dimnames = list(c("-2", 
"-1", "0", "1"), c("A", "C", "G", "T"))), GM01_SNP1 = structure(c(0, 
1, 93, 0, 0, 0, 3, 198, 0, 0, 0, 0, 0, 0, 0), dim = c(5L, 3L), dimnames = list(
    c("-2", "-1", "0", "1", "2"), c("A", "G", "T"))), GM07_SNP1 = structure(c(0, 
0, 0, 0, 0, 0, 0, 0, 10, 346, 3, 0, 0, 0, 4, 338, 7, 0, 0, 0, 
0, 0, 0, 0), dim = c(6L, 4L), dimnames = list(c("-3", "-2", "-1", 
"0", "1", "2"), c("-", "A", "G", "T"))), GM09_SNP1 = structure(c(1, 
358, 0, 1, 497, 3, 0, 3, 0), dim = c(3L, 3L), dimnames = list(
    c("-1", "0", "1"), c("A", "G", "T"))), GM11_SNP1 = structure(c(1, 
94, 0, 0, 75, 0, 0, 0, 0, 0, 1, 0), dim = 3:4, dimnames = list(
    c("-1", "0", "1"), c("A", "G", "N", "T"))), GM14_SNP1 = structure(c(0, 
0, 0, 2, 0, 0, 0, 0, 4, 0, 0, 0, 8, 547, 2), dim = c(5L, 3L), dimnames = list(
    c("-3", "-2", "-1", "0", "1"), c("A", "C", "T"))), GM17_SNP1 = structure(c(0, 
144, 0, 2, 384, 1), dim = 3:2, dimnames = list(c("-1", "0", "1"
), c("C", "T"))), GM22_SNP1 = structure(c(0, 5, 345, 0, 0, 0, 
1, 1, 0, 0, 0, 0, 0, 0, 0), dim = c(5L, 3L), dimnames = list(
    c("-2", "-1", "0", "1", "2"), c("A", "G", "T"))), GM26_SNP1 = structure(c(0, 
0, 0, 514, 1, 0, 0, 0, 0, 0, 0, 0, 0, 3, 0), dim = c(5L, 3L), dimnames = list(
    c("-3", "-2", "-1", "0", "1"), c("A", "C", "G"))), GM29_SNP1 = structure(c(0, 
0, 0, 354, 2), dim = c(5L, 1L), dimnames = list(c("-3", "-2", 
"-1", "0", "1"), "A")), IM16_SNP1 = structure(c(0, 0, 0, 0, 0, 
0, 0, 207, 0, 0, 0, 0, 1, 0, 0), dim = c(5L, 3L), dimnames = list(
    c("-2", "-1", "0", "1", "2"), c("A", "G", "T"))), IM49_SNP1 = structure(c(0, 
0, 0, 0, 0, 0, 0, 0, 0, 3, 0, 0, 0, 0, 7, 460, 7, 0), dim = c(6L, 
3L), dimnames = list(c("-3", "-2", "-1", "0", "1", "2"), c("A", 
"C", "G"))), LR10_SNP1 = structure(c(0, 3, 177, 0, 0, 0, 197, 
1), dim = c(4L, 2L), dimnames = list(c("-2", "-1", "0", "1"), 
    c("C", "T"))), LR11_SNP1 = structure(c(0, 0, 5, 0, 0, 0, 
4, 250, 0, 0), dim = c(5L, 2L), dimnames = list(c("-2", "-1", 
"0", "1", "2"), c("A", "C"))), LR17_SNP1 = structure(c(0, 0, 
2, 137, 2, 0, 0, 0, 0, 0), dim = c(5L, 2L), dimnames = list(c("-3", 
"-2", "-1", "0", "1"), c("A", "G"))), LR20_SNP1 = structure(c(0, 
214, 0, 0, 2, 0), dim = 3:2, dimnames = list(c("-1", "0", "1"
), c("A", "G"))), LR24_SNP1 = structure(c(0, 703, 0, 1, 1, 0), dim = 3:2, dimnames = list(
    c("-1", "0", "1"), c("A", "G"))), LR36_SNP1 = structure(c(0, 
0, 0, 5, 0, 0, 0, 0, 0, 0, 0, 0, 0, 0, 0, 0, 0, 0, 0, 0, 2, 325, 
4, 0, 1, 0, 0), dim = c(9L, 3L), dimnames = list(c("-3", "-2", 
"-1", "0", "1", "2", "3", "4", "5"), c("A", "G", "T"))), LR40_SNP1 = structure(c(0, 
1, 0, 139), dim = c(2L, 2L), dimnames = list(c("-1", "0"), c("A", 
"C"))), LR44_SNP1 = structure(c(0, 0, 0, 0, 0, 0, 1, 93, 2, 0, 
0, 0, 2, 0, 0, 0, 13, 312, 2, 0), dim = 5:4, dimnames = list(
    c("-2", "-1", "0", "1", "2"), c("A", "C", "N", "T"))), LR46_SNP1 = structure(c(0, 
0, 0, 0, 0, 0, 0, 249, 0, 0, 1, 0, 0, 234, 0), dim = c(3L, 5L
), dimnames = list(c("-1", "0", "1"), c("A", "C", "G", "N", "T"
))), LR48_SNP1 = structure(c(0, 0, 0, 0, 0, 0, 0, 0, 0, 0, 0, 
0, 0, 1, 5, 293, 3, 0, 0, 0, 0, 2, 0, 0), dim = c(6L, 4L), dimnames = list(
    c("-3", "-2", "-1", "0", "1", "2"), c("-", "A", "C", "T"))), 
    LR49_SNP1 = structure(c(0, 5, 0, 0, 0, 0, 2, 819, 1), dim = c(3L, 
    3L), dimnames = list(c("-1", "0", "1"), c("A", "C", "G"))), 
    LR52_SNP1 = structure(c(0, 0, 0, 0, 0, 0, 0, 0, 8, 327, 4, 
    0), dim = c(6L, 2L), dimnames = list(c("-3", "-2", "-1", 
    "0", "1", "2"), c("A", "T"))))
