Result <-
list(DEPDC2_SNP1 = structure(c(0, 0, 0, 0, 0, 0, 8, 0, 0, 0, 
0, 0, 0, 4, 922, 0), dim = c(4L, 4L), dimnames = list(c("-2", 
"-1", "0", "1"), c("A", "C", "G", "T"))), GM01_SNP1 = structure(c(0, 
0, 0, 0, 1, 300, 0, 0, 0, 1, 0, 0), dim = 4:3, dimnames = list(
    c("-1", "0", "1", "2"), c("-", "A", "G"))), GM07_SNP1 = structure(c(0, 
0, 0, 0, 0, 0, 4, 96, 2, 0, 0, 4, 94, 1, 0, 0, 0, 0, 0, 0), dim = 5:4, dimnames = list(
    c("-2", "-1", "0", "1", "2"), c("-", "A", "G", "T"))), GM09_SNP1 = structure(c(0, 
0, 13, 0, 0, 0, 0, 0, 0, 0, 584, 0, 0, 0, 0, 0), dim = c(4L, 
4L), dimnames = list(c("-2", "-1", "0", "1"), c("A", "C", "G", 
"T"))), GM11_SNP1 = structure(c(0, 0, 1, 0, 0, 0, 0, 188, 0, 
0), dim = c(5L, 2L), dimnames = list(c("-2", "-1", "0", "1", 
"2"), c("A", "G"))), GM14_SNP1 = structure(c(0, 0, 0, 0, 0, 0, 
0, 0, 3, 191, 1, 0, 0, 0, 1, 151, 1, 0), dim = c(6L, 3L), dimnames = list(
    c("-3", "-2", "-1", "0", "1", "2"), c("-", "C", "T"))), GM17_SNP1 = structure(c(0, 
0, 0, 0, 0, 0, 0, 0, 165, 0, 0, 0, 0, 146, 0), dim = c(5L, 3L
), dimnames = list(c("-3", "-2", "-1", "0", "1"), c("A", "C", 
"T"))), GM22_SNP1 = structure(c(0, 0, 176, 1, 0, 0, 147, 0), dim = c(4L, 
2L), dimnames = list(c("-2", "-1", "0", "1"), c("A", "G"))), 
    GM26_SNP1 = structure(c(0, 0, 205, 1, 0, 0, 3, 0), dim = c(4L, 
    2L), dimnames = list(c("-2", "-1", "0", "1"), c("A", "G"))), 
    GM29_SNP1 = structure(c(0, 1, 196, 0, 0, 0, 1, 0), dim = c(4L, 
    2L), dimnames = list(c("-2", "-1", "0", "1"), c("A", "G"))), 
    IM16_SNP1 = structure(c(0, 0, 0, 0, 0, 0, 0, 0, 0, 0, 0, 
    2, 222, 4, 0, 0, 0, 0, 0, 0), dim = 5:4, dimnames = list(
        c("-2", "-1", "0", "1", "2"), c("A", "C", "G", "T"))), 
    IM49_SNP1 = structure(c(0, 0, 0, 0, 0, 0, 2, 171, 0, 0, 0, 
    1, 116, 1, 0), dim = c(5L, 3L), dimnames = list(c("-2", "-1", 
    "0", "1", "2"), c("A", "C", "G"))), LR10_SNP1 = structure(c(2, 
    129, 0, 0, 0, 0, 1, 124, 0), dim = c(3L, 3L), dimnames = list(
        c("-1", "0", "1"), c("C", "G", "T"))), LR11_SNP1 = structure(c(1, 
    6, 397, 0, 0, 0, 0, 4, 1, 0, 0, 0, 1, 0, 0, 0, 0, 0, 0, 0
    ), dim = 5:4, dimnames = list(c("-2", "-1", "0", "1", "2"
    ), c("A", "C", "G", "T"))), LR17_SNP1 = structure(c(0, 4, 
    195, 1, 0, 0, 0, 0, 0, 0), dim = c(5L, 2L), dimnames = list(
        c("-2", "-1", "0", "1", "2"), c("A", "G"))), LR20_SNP1 = structure(c(0, 
    5, 0, 0, 0, 0, 0, 0, 0, 229, 0, 0), dim = 4:3, dimnames = list(
        c("-1", "0", "1", "2"), c("A", "C", "G"))), LR24_SNP1 = structure(c(0, 
    1, 930, 0, 0, 0, 4, 0, 0, 0, 0, 0), dim = 4:3, dimnames = list(
        c("-2", "-1", "0", "1"), c("A", "G", "T"))), LR36_SNP1 = structure(c(0, 
    0, 0, 0, 0, 0, 0, 0, 0, 0, 0, 0, 1, 168, 1, 0, 0, 0, 0, 0, 
    0, 0, 0, 0, 0, 0, 0, 0, 0, 0, 2, 181, 1, 0, 0, 0), dim = c(9L, 
    4L), dimnames = list(c("-4", "-3", "-2", "-1", "0", "1", 
    "2", "4", "5"), c("-", "A", "N", "T"))), LR40_SNP1 = structure(c(0, 
    0, 97, 0, 0, 0, 78, 0, 0, 0, 0, 0), dim = 4:3, dimnames = list(
        c("-2", "-1", "0", "1"), c("A", "C", "T"))), LR44_SNP1 = structure(c(0, 
    0, 0, 0, 0, 0, 0, 0, 8, 139, 0, 0, 0, 0, 0, 2, 0, 0, 0, 0, 
    10, 154, 1, 0), dim = c(6L, 4L), dimnames = list(c("-3", 
    "-2", "-1", "0", "1", "2"), c("A", "C", "N", "T"))), LR46_SNP1 = structure(c(0, 
    5, 180, 0, 0, 0, 4, 0), dim = c(4L, 2L), dimnames = list(
        c("-2", "-1", "0", "1"), c("G", "T"))), LR48_SNP1 = structure(c(0, 
    0, 0, 0, 0, 0, 0, 0, 0, 179, 1, 0, 0, 0, 0, 3, 0, 0), dim = c(6L, 
    3L), dimnames = list(c("-3", "-2", "-1", "0", "1", "2"), 
        c("A", "C", "T"))), LR49_SNP1 = structure(c(1, 165, 0, 
    0, 188, 0, 0, 0, 0), dim = c(3L, 3L), dimnames = list(c("-1", 
    "0", "1"), c("A", "G", "T"))), LR52_SNP1 = structure(c(0, 
    0, 0, 0, 0, 0, 0, 0, 0, 0, 0, 0, 0, 0, 0, 86, 2, 0, 0, 0, 
    0, 70, 0, 0), dim = c(6L, 4L), dimnames = list(c("-3", "-2", 
    "-1", "0", "1", "2"), c("-", "A", "C", "T"))))
