Result <-
list(DEPDC2_SNP1 = structure(c(0, 0, 13, 0, 0, 5, 1331, 0), dim = c(4L, 
2L), dimnames = list(c("-2", "-1", "0", "1"), c("C", "T"))), 
    GM01_SNP1 = structure(c(2, 343, 1, 6, 362, 0), dim = 3:2, dimnames = list(
        c("-1", "0", "1"), c("A", "G"))), GM07_SNP1 = structure(c(0, 
    0, 0, 0, 0, 0, 7, 350, 4, 0, 1, 4, 307, 2, 0), dim = c(5L, 
    3L), dimnames = list(c("-2", "-1", "0", "1", "2"), c("-", 
    "A", "G"))), GM09_SNP1 = structure(c(0, 2, 1668, 1, 0, 1, 
    23, 0, 0, 0, 0, 0), dim = 4:3, dimnames = list(c("-2", "-1", 
    "0", "1"), c("A", "G", "T"))), GM11_SNP1 = structure(c(1, 
    1, 154, 0, 0, 0, 0, 161, 0, 0), dim = c(5L, 2L), dimnames = list(
        c("-2", "-1", "0", "1", "2"), c("A", "G"))), GM14_SNP1 = structure(c(0, 
    0, 0, 0, 0, 0, 0, 0, 5, 1021, 5, 0, 0, 0, 0, 11, 0, 0), dim = c(6L, 
    3L), dimnames = list(c("-3", "-2", "-1", "0", "1", "2"), 
        c("A", "C", "T"))), GM17_SNP1 = structure(c(0, 0, 0, 
    0, 0, 0, 2, 1506, 0, 0, 0, 0, 15, 0, 0), dim = c(5L, 3L), dimnames = list(
        c("-2", "-1", "0", "1", "2"), c("A", "C", "T"))), GM22_SNP1 = structure(c(0, 
    3, 801, 1, 0, 2, 6, 0, 0, 0, 0, 0), dim = 4:3, dimnames = list(
        c("-2", "-1", "0", "1"), c("A", "G", "T"))), GM26_SNP1 = structure(c(1, 
    380, 2, 0, 0, 2, 0, 0), dim = c(4L, 2L), dimnames = list(
        c("-1", "0", "1", "2"), c("A", "G"))), GM29_SNP1 = structure(c(0, 
    0, 5, 403, 2, 0, 0, 0, 0, 0, 0, 0, 2, 432, 0, 0, 0, 0, 0, 
    0), dim = 5:4, dimnames = list(c("-3", "-2", "-1", "0", "1"
    ), c("A", "C", "G", "T"))), IM16_SNP1 = structure(c(0, 1, 
    256, 2, 0, 0, 0, 0, 0, 0, 0, 0, 238, 1, 0), dim = c(5L, 3L
    ), dimnames = list(c("-2", "-1", "0", "1", "2"), c("A", "C", 
    "G"))), IM49_SNP1 = structure(c(0, 0, 0, 0, 0, 0, 0, 0, 0, 
    0, 0, 14, 1150, 5, 0, 0, 14, 1032, 5, 0, 0, 0, 0, 0, 0), dim = c(5L, 
    5L), dimnames = list(c("-2", "-1", "0", "1", "2"), c("-", 
    "A", "C", "G", "T"))), LR10_SNP1 = structure(c(0, 0, 16, 
    0, 0, 4, 569, 0), dim = c(4L, 2L), dimnames = list(c("-2", 
    "-1", "0", "1"), c("C", "T"))), LR11_SNP1 = structure(c(0, 
    6, 316, 0, 0, 3, 252, 1), dim = c(4L, 2L), dimnames = list(
        c("-2", "-1", "0", "1"), c("A", "C"))), LR17_SNP1 = structure(c(0, 
    9, 755, 8, 0, 0, 0, 0, 0, 0, 0, 0, 0, 0, 0), dim = c(5L, 
    3L), dimnames = list(c("-2", "-1", "0", "1", "2"), c("A", 
    "G", "T"))), LR20_SNP1 = structure(c(0, 0, 0, 0, 0, 1, 333, 
    0, 0, 0, 0, 0, 0, 0, 312, 1, 0, 0, 0, 0), dim = 4:5, dimnames = list(
        c("-2", "-1", "0", "1"), c("-", "A", "C", "G", "T"))), 
    LR24_SNP1 = structure(c(0, 0, 0, 0, 0, 0, 5, 1224, 1, 0, 
    0, 0, 0, 0, 0, 0, 3, 1139, 0, 0, 0, 0, 0, 0, 0), dim = c(5L, 
    5L), dimnames = list(c("-2", "-1", "0", "1", "2"), c("-", 
    "A", "C", "G", "T"))), LR36_SNP1 = structure(c(0, 0, 1, 12, 
    0, 0, 0, 0, 0, 1, 0, 0, 0, 0, 0, 0, 0, 0, 1, 0, 21, 1231, 
    4, 0), dim = c(6L, 4L), dimnames = list(c("-3", "-2", "-1", 
    "0", "1", "2"), c("A", "C", "G", "T"))), LR40_SNP1 = structure(c(0, 
    515, 0, 0, 0, 0), dim = 3:2, dimnames = list(c("-1", "0", 
    "1"), c("C", "T"))), LR44_SNP1 = structure(c(0, 0, 0, 5, 
    167, 0, 0, 1, 0, 0, 0, 0, 1, 0, 0, 0, 0, 1, 1, 8, 199, 2, 
    0, 0), dim = c(8L, 3L), dimnames = list(c("-4", "-3", "-2", 
    "-1", "0", "1", "2", "3"), c("C", "G", "T"))), LR46_SNP1 = structure(c(0, 
    0, 0, 0, 475, 0, 0, 7, 0), dim = c(3L, 3L), dimnames = list(
        c("-1", "0", "1"), c("A", "G", "T"))), LR48_SNP1 = structure(c(0, 
    11, 374, 4, 0, 0, 0, 3, 0, 0), dim = c(5L, 2L), dimnames = list(
        c("-2", "-1", "0", "1", "2"), c("C", "T"))), LR49_SNP1 = structure(c(8, 
    481, 0, 0, 429, 0, 0, 0, 0), dim = c(3L, 3L), dimnames = list(
        c("-1", "0", "1"), c("A", "G", "T"))), LR52_SNP1 = structure(c(0, 
    0, 5, 173, 1, 0, 0, 4, 144, 0), dim = c(5L, 2L), dimnames = list(
        c("-3", "-2", "-1", "0", "1"), c("C", "T"))))
