Result <-
list(DEPDC2_SNP1 = structure(c(0, 0, 0, 0, 0, 7, 1554, 1, 0, 
0, 1, 0, 0, 0, 12, 0), dim = c(4L, 4L), dimnames = list(c("-2", 
"-1", "0", "1"), c("A", "C", "G", "T"))), GM01_SNP1 = structure(c(0, 
4, 576, 1, 0, 0, 5, 0), dim = c(4L, 2L), dimnames = list(c("-2", 
"-1", "0", "1"), c("A", "G"))), GM07_SNP1 = structure(c(0, 0, 
1, 0, 0, 0, 7, 285, 5, 0, 0, 5, 230, 8, 0, 0, 0, 0, 0, 0), dim = 5:4, dimnames = list(
    c("-2", "-1", "0", "1", "2"), c("-", "A", "G", "T"))), GM09_SNP1 = structure(c(2, 
1208, 0, 0, 10, 0, 0, 1, 0), dim = c(3L, 3L), dimnames = list(
    c("-1", "0", "1"), c("A", "G", "T"))), GM11_SNP1 = structure(c(0, 
248, 1, 0, 2, 0), dim = 3:2, dimnames = list(c("-1", "0", "1"
), c("A", "G"))), GM14_SNP1 = structure(c(0, 0, 5, 0, 0, 0, 3, 
704, 2, 0), dim = c(5L, 2L), dimnames = list(c("-2", "-1", "0", 
"1", "2"), c("C", "T"))), GM17_SNP1 = structure(c(0, 0, 2, 569, 
1, 0, 0, 0, 5, 0), dim = c(5L, 2L), dimnames = list(c("-3", "-2", 
"-1", "0", "1"), c("C", "T"))), GM22_SNP1 = structure(c(0, 0, 
241, 0, 0, 0, 0, 0, 0, 1, 233, 0), dim = 4:3, dimnames = list(
    c("-2", "-1", "0", "1"), c("A", "C", "G"))), GM26_SNP1 = structure(c(0, 
2, 390, 0), dim = c(4L, 1L), dimnames = list(c("-2", "-1", "0", 
"1"), "A")), GM29_SNP1 = structure(c(0, 1, 238, 0, 0, 1, 263, 
0), dim = c(4L, 2L), dimnames = list(c("-2", "-1", "0", "1"), 
    c("A", "G"))), IM16_SNP1 = structure(c(0, 174, 1, 0, 2, 190, 
2, 0), dim = c(4L, 2L), dimnames = list(c("-1", "0", "1", "2"
), c("A", "G"))), IM49_SNP1 = structure(c(0, 0, 0, 0, 0, 0, 0, 
5, 457, 5, 0, 0, 0, 11, 396, 3, 0, 0, 0, 0, 0, 0, 0, 0), dim = c(6L, 
4L), dimnames = list(c("-2", "-1", "0", "1", "2", "3"), c("A", 
"C", "G", "T"))), LR10_SNP1 = structure(c(0, 0, 0, 0, 0, 0, 213, 
3, 0, 3, 207, 0), dim = 4:3, dimnames = list(c("-2", "-1", "0", 
"1"), c("A", "C", "T"))), LR11_SNP1 = structure(c(0, 0, 4, 674, 
1, 0, 0, 0, 0, 2, 0, 0, 0, 0, 0, 0, 0, 0), dim = c(6L, 3L), dimnames = list(
    c("-3", "-2", "-1", "0", "1", "2"), c("A", "C", "T"))), LR17_SNP1 = structure(c(0, 
8, 379, 5, 0, 0, 0, 0, 0, 0), dim = c(5L, 2L), dimnames = list(
    c("-2", "-1", "0", "1", "2"), c("A", "G"))), LR20_SNP1 = structure(c(1, 
182, 0, 1, 196, 0), dim = 3:2, dimnames = list(c("-1", "0", "1"
), c("A", "G"))), LR24_SNP1 = structure(c(0, 0, 0, 0, 0, 0, 0, 
0, 721, 1, 0, 0, 4, 988, 0, 0, 0, 0, 0, 0), dim = 5:4, dimnames = list(
    c("-3", "-2", "-1", "0", "1"), c("-", "A", "G", "T"))), LR36_SNP1 = structure(c(0, 
0, 0, 6, 0, 0, 0, 0, 0, 0, 0, 0, 0, 0, 0, 1, 0, 0, 0, 0, 4, 838, 
3, 0), dim = c(6L, 4L), dimnames = list(c("-3", "-2", "-1", "0", 
"1", "2"), c("A", "G", "N", "T"))), LR40_SNP1 = structure(c(0, 
0, 0, 0, 248, 0), dim = 3:2, dimnames = list(c("-1", "0", "1"
), c("A", "C"))), LR44_SNP1 = structure(c(0, 1, 7, 392, 3, 0, 
1, 0, 0, 0, 0, 1, 0, 0, 0, 0, 0, 0, 0, 2, 0, 0, 0, 0), dim = c(8L, 
3L), dimnames = list(c("-3", "-2", "-1", "0", "1", "3", "13", 
"14"), c("C", "N", "T"))), LR46_SNP1 = structure(c(1, 324, 0, 
0, 1, 0), dim = 3:2, dimnames = list(c("-1", "0", "1"), c("G", 
"T"))), LR48_SNP1 = structure(c(0, 4, 334, 3, 0), dim = c(5L, 
1L), dimnames = list(c("-2", "-1", "0", "1", "2"), "T")), LR49_SNP1 = structure(c(0, 
6, 0, 1, 876, 3, 0, 0, 0), dim = c(3L, 3L), dimnames = list(c("-1", 
"0", "1"), c("A", "G", "T"))), LR52_SNP1 = structure(c(0, 2, 
12, 286, 0, 0, 0, 0, 1, 0), dim = c(5L, 2L), dimnames = list(
    c("-3", "-2", "-1", "0", "1"), c("C", "T"))))
