Result <-
list(DEPDC2_SNP1 = structure(c(0, 0, 0, 3, 863, 3, 4, 630, 6), dim = c(3L, 
3L), dimnames = list(c("-1", "0", "1"), c("A", "C", "T"))), GM01_SNP1 = structure(c(0, 
0, 111, 327, 0, 0, 0, 3, 308, 0, 0, 0, 0, 0, 0), dim = c(5L, 
3L), dimnames = list(c("-3", "-2", "-1", "0", "1"), c("A", "G", 
"T"))), GM07_SNP1 = structure(c(0, 0, 0, 0, 0, 0, 135, 170, 0, 
0, 0, 9, 334, 1, 0, 0, 0, 0, 0, 0), dim = 5:4, dimnames = list(
    c("-2", "-1", "0", "1", "2"), c("-", "A", "G", "T"))), GM09_SNP1 = structure(c(0, 
0, 27, 0, 1, 636, 495, 0, 0, 0, 0, 0), dim = 4:3, dimnames = list(
    c("-2", "-1", "0", "1"), c("A", "G", "T"))), GM11_SNP1 = structure(c(0, 
1, 226, 1, 0, 0, 0, 11, 0, 0), dim = c(5L, 2L), dimnames = list(
    c("-2", "-1", "0", "1", "2"), c("A", "G"))), GM14_SNP1 = structure(c(0, 
0, 0, 0, 0, 0, 7, 491, 3, 0, 0, 11, 246, 0, 0), dim = c(5L, 3L
), dimnames = list(c("-2", "-1", "0", "1", "2"), c("A", "C", 
"T"))), GM17_SNP1 = structure(c(0, 15, 631, 0, 0, 0, 22, 1), dim = c(4L, 
2L), dimnames = list(c("-2", "-1", "0", "1"), c("C", "T"))), 
    GM22_SNP1 = structure(c(0, 4, 364, 1, 0, 0, 0, 0), dim = c(4L, 
    2L), dimnames = list(c("-2", "-1", "0", "1"), c("A", "G"))), 
    GM26_SNP1 = structure(c(0, 0, 34, 0, 0, 0, 0, 273, 0, 0), dim = c(5L, 
    2L), dimnames = list(c("-2", "-1", "0", "1", "2"), c("A", 
    "G"))), GM29_SNP1 = structure(c(0, 0, 142, 1, 0, 2, 295, 
    0), dim = c(4L, 2L), dimnames = list(c("-2", "-1", "0", "1"
    ), c("A", "G"))), IM16_SNP1 = structure(c(1, 35, 1, 0, 0, 
    0, 6, 356, 1, 0, 0, 0), dim = 3:4, dimnames = list(c("-1", 
    "0", "1"), c("A", "C", "G", "T"))), IM49_SNP1 = structure(c(0, 
    0, 13, 251, 423, 0, 0, 0, 0, 14, 237, 63, 0, 0), dim = c(7L, 
    2L), dimnames = list(c("-4", "-3", "-2", "-1", "0", "1", 
    "2"), c("C", "G"))), LR10_SNP1 = structure(c(0, 14, 1, 4, 
    432, 1), dim = 3:2, dimnames = list(c("-1", "0", "1"), c("C", 
    "T"))), LR11_SNP1 = structure(c(0, 17, 767, 2, 0, 2, 16, 
    1, 0, 0, 0, 0), dim = 4:3, dimnames = list(c("-2", "-1", 
    "0", "1"), c("A", "C", "G"))), LR17_SNP1 = structure(c(0, 
    0, 138, 284, 3, 0), dim = c(6L, 1L), dimnames = list(c("-3", 
    "-2", "-1", "0", "1", "2"), "A")), LR20_SNP1 = structure(c(5, 
    489, 0, 0, 12, 0), dim = 3:2, dimnames = list(c("-1", "0", 
    "1"), c("A", "G"))), LR24_SNP1 = structure(c(0, 7, 2354, 
    0, 0, 1, 16, 0, 0, 0, 0, 0), dim = 4:3, dimnames = list(c("-3", 
    "-1", "0", "1"), c("A", "G", "T"))), LR36_SNP1 = structure(c(0, 
    0, 0, 0, 0, 0, 0, 0, 0, 0, 13, 268, 2, 0, 0, 0, 0, 0, 0, 
    0, 0, 0, 0, 0, 0, 0, 0, 0, 0, 0, 0, 212, 67, 0, 0), dim = c(7L, 
    5L), dimnames = list(c("-4", "-3", "-2", "-1", "0", "1", 
    "2"), c("-", "A", "C", "G", "T"))), LR40_SNP1 = structure(c(0, 
    0, 2, 0, 0, 0, 3, 514, 0, 0), dim = c(5L, 2L), dimnames = list(
        c("-2", "-1", "0", "1", "2"), c("A", "C"))), LR44_SNP1 = structure(c(0, 
    0, 0, 1, 0, 0, 0, 3, 21, 254, 93, 95, 1, 0, 0, 0, 1, 0, 0, 
    0, 0, 0, 4, 8, 8, 2, 0, 0), dim = c(7L, 4L), dimnames = list(
        c("-3", "-2", "-1", "0", "1", "2", "3"), c("A", "C", 
        "G", "T"))), LR46_SNP1 = structure(c(0, 0, 0, 0, 0, 6, 
    441, 0, 0, 0, 12, 0), dim = 4:3, dimnames = list(c("-2", 
    "-1", "0", "1"), c("A", "G", "T"))), LR48_SNP1 = structure(c(0, 
    1, 19, 344, 1, 0, 0, 0, 0, 2, 1, 0), dim = c(6L, 2L), dimnames = list(
        c("-3", "-2", "-1", "0", "1", "2"), c("C", "T"))), LR49_SNP1 = structure(c(1, 
    552, 6, 4, 294, 0, 0, 0, 0), dim = c(3L, 3L), dimnames = list(
        c("-1", "0", "1"), c("A", "G", "T"))), LR52_SNP1 = structure(c(0, 
    0, 0, 0, 12, 217, 2, 0, 0, 0, 0, 0, 8, 132, 1, 0), dim = c(8L, 
    2L), dimnames = list(c("-5", "-4", "-3", "-2", "-1", "0", 
    "1", "2"), c("C", "T"))))
