Result <-
list(DEPDC2_SNP1 = structure(c(0, 0, 0, 0, 0, 4, 1211, 0, 0, 
0, 1386, 3), dim = 4:3, dimnames = list(c("-3", "-1", "0", "1"
), c("A", "C", "T"))), GM01_SNP1 = structure(c(0, 5, 1565, 1, 
0, 0, 2, 0, 0, 0, 0, 0), dim = 4:3, dimnames = list(c("-2", "-1", 
"0", "1"), c("A", "G", "T"))), GM07_SNP1 = structure(c(0, 0, 
1, 0, 0, 0, 0, 69, 1550, 25, 1, 0, 0, 0, 0, 0, 0, 0), dim = c(6L, 
3L), dimnames = list(c("-2", "-1", "0", "1", "2", "3"), c("A", 
"G", "T"))), GM09_SNP1 = structure(c(0, 0, 1159, 4, 0, 2, 1097, 
0, 0, 0, 0, 0), dim = 4:3, dimnames = list(c("-2", "-1", "0", 
"1"), c("A", "G", "T"))), GM11_SNP1 = structure(c(2, 830, 2, 
0, 8, 0), dim = 3:2, dimnames = list(c("-1", "0", "1"), c("A", 
"G"))), GM14_SNP1 = structure(c(0, 0, 0, 0, 0, 0, 0, 0, 0, 0, 
1, 19, 2010, 21, 0, 0, 0, 2, 0, 0), dim = 5:4, dimnames = list(
    c("-2", "-1", "0", "1", "2"), c("-", "A", "C", "T"))), GM17_SNP1 = structure(c(0, 
2, 963, 1, 0, 5, 997, 2), dim = c(4L, 2L), dimnames = list(c("-2", 
"-1", "0", "1"), c("C", "T"))), GM22_SNP1 = structure(c(0, 0, 
10, 0, 0, 0, 6, 1156, 2, 0, 0, 0, 0, 0, 0), dim = c(5L, 3L), dimnames = list(
    c("-2", "-1", "0", "1", "2"), c("A", "G", "T"))), GM26_SNP1 = structure(c(0, 
3, 1192, 1, 0, 0, 0, 5, 0, 0), dim = c(5L, 2L), dimnames = list(
    c("-2", "-1", "0", "1", "2"), c("A", "G"))), GM29_SNP1 = structure(c(0, 
5, 647, 0, 0, 2, 652, 0, 0, 0, 0, 0), dim = 4:3, dimnames = list(
    c("-2", "-1", "0", "1"), c("A", "G", "T"))), IM16_SNP1 = structure(c(0, 
4, 0, 0, 2, 980, 1, 1, 0, 0, 0, 0), dim = 4:3, dimnames = list(
    c("-1", "0", "1", "2"), c("A", "G", "T"))), IM49_SNP1 = structure(c(1, 
1, 6, 0, 0, 0, 1, 39, 2376, 25, 0, 0, 0, 0, 0, 0, 0, 0), dim = c(6L, 
3L), dimnames = list(c("-2", "-1", "0", "1", "2", "3"), c("C", 
"G", "T"))), LR10_SNP1 = structure(c(0, 0, 0, 4, 646, 1, 0, 635, 
2), dim = c(3L, 3L), dimnames = list(c("-1", "0", "1"), c("A", 
"C", "T"))), LR11_SNP1 = structure(c(0, 4, 652, 7, 0, 0, 2, 511, 
4, 0, 0, 0, 0, 0, 0), dim = c(5L, 3L), dimnames = list(c("-2", 
"-1", "0", "1", "2"), c("A", "C", "G"))), LR17_SNP1 = structure(c(1, 
25, 1072, 15, 0, 0, 0, 0, 0, 0), dim = c(5L, 2L), dimnames = list(
    c("-2", "-1", "0", "1", "2"), c("A", "G"))), LR20_SNP1 = structure(c(0, 
0, 0, 1, 278, 0, 1, 730, 1), dim = c(3L, 3L), dimnames = list(
    c("-1", "0", "1"), c("-", "A", "G"))), LR24_SNP1 = structure(c(0, 
8, 2522, 5, 0, 0, 7, 0, 0, 0, 0, 0), dim = 4:3, dimnames = list(
    c("-2", "-1", "0", "1"), c("A", "G", "T"))), LR36_SNP1 = structure(c(0, 
0, 0, 0, 4, 0, 0, 0, 0, 0, 0, 0, 0, 0, 0, 0, 0, 0, 0, 0, 0, 0, 
0, 3, 521, 1332, 13, 1), dim = c(7L, 4L), dimnames = list(c("-4", 
"-3", "-2", "-1", "0", "1", "2"), c("A", "C", "G", "T"))), LR40_SNP1 = structure(c(0, 
2, 415, 0, 0, 3, 379, 0), dim = c(4L, 2L), dimnames = list(c("-2", 
"-1", "0", "1"), c("A", "C"))), LR44_SNP1 = structure(c(0, 0, 
0, 1, 0, 0, 0, 0, 0, 0, 1, 17, 422, 7, 0, 0, 0, 0, 0, 0, 16, 
429, 4, 0, 0, 0, 0), dim = c(9L, 3L), dimnames = list(c("-3", 
"-2", "-1", "0", "1", "2", "3", "4", "5"), c("A", "C", "T"))), 
    LR46_SNP1 = structure(c(0, 0, 0, 0, 492, 1, 0, 547, 0), dim = c(3L, 
    3L), dimnames = list(c("-1", "0", "1"), c("C", "G", "T"))), 
    LR48_SNP1 = structure(c(0, 0, 1, 0, 0, 0, 0, 11, 1012, 32, 
    1, 0, 0, 0, 1, 0, 0, 0), dim = c(6L, 3L), dimnames = list(
        c("-2", "-1", "0", "1", "2", "3"), c("A", "C", "T"))), 
    LR49_SNP1 = structure(c(4, 912, 0, 2, 944, 0, 0, 0, 0), dim = c(3L, 
    3L), dimnames = list(c("-1", "0", "1"), c("A", "G", "T"))), 
    LR52_SNP1 = structure(c(0, 0, 0, 0, 0, 0, 0, 1, 47, 324, 
    0, 0, 0, 0, 8, 175, 254, 3), dim = c(6L, 3L), dimnames = list(
        c("-3", "-2", "-1", "0", "1", "2"), c("A", "C", "T"))))
