Result <-
list(DEPDC2_SNP1 = structure(c(0, 0, 0, 0, 0, 0, 0, 0, 0, 3, 
363, 0, 0, 3, 402, 1), dim = c(4L, 4L), dimnames = list(c("-2", 
"-1", "0", "1"), c("-", "A", "C", "T"))), GM01_SNP1 = structure(c(1, 
299, 0, 0, 11, 0), dim = 3:2, dimnames = list(c("-1", "0", "1"
), c("A", "G"))), GM07_SNP1 = structure(c(1, 2, 110, 1, 0, 0, 
4, 121, 1, 0), dim = c(5L, 2L), dimnames = list(c("-2", "-1", 
"0", "1", "2"), c("A", "G"))), GM09_SNP1 = structure(c(2, 816, 
0, 0, 18, 1, 0, 0, 0), dim = c(3L, 3L), dimnames = list(c("-1", 
"0", "1"), c("A", "G", "T"))), GM11_SNP1 = structure(c(0, 0, 
0, 0, 0, 1, 85, 0, 0, 0, 81, 0), dim = 4:3, dimnames = list(c("-2", 
"-1", "0", "1"), c("-", "A", "G"))), GM14_SNP1 = structure(c(0, 
0, 4, 171, 0, 0, 0, 0, 0, 149, 0, 0), dim = c(6L, 2L), dimnames = list(
    c("-3", "-2", "-1", "0", "1", "2"), c("C", "T"))), GM17_SNP1 = structure(c(0, 
0, 0, 0, 0, 3, 224, 0, 0, 0, 252, 0), dim = 4:3, dimnames = list(
    c("-3", "-1", "0", "1"), c("A", "C", "T"))), GM22_SNP1 = structure(c(0, 
0, 144, 0, 0, 1, 133, 0), dim = c(4L, 2L), dimnames = list(c("-2", 
"-1", "0", "1"), c("A", "G"))), GM26_SNP1 = structure(c(0, 2, 
84, 0, 0, 0, 76, 0), dim = c(4L, 2L), dimnames = list(c("-2", 
"-1", "0", "1"), c("A", "G"))), GM29_SNP1 = structure(c(0, 0, 
3, 132, 0, 0, 0, 0, 115, 0, 0, 0, 0, 0, 0), dim = c(5L, 3L), dimnames = list(
    c("-3", "-2", "-1", "0", "1"), c("A", "G", "T"))), IM16_SNP1 = structure(c(0, 
0, 11, 0, 0, 0, 0, 0, 0, 1, 253, 0, 0, 0, 0, 0), dim = c(4L, 
4L), dimnames = list(c("-2", "-1", "0", "1"), c("A", "C", "G", 
"T"))), IM49_SNP1 = structure(c(0, 0, 0, 0, 0, 0, 0, 0, 10, 420, 
3, 0, 0, 0, 4, 316, 0, 0, 0, 0, 0, 0, 0, 0), dim = c(6L, 4L), dimnames = list(
    c("-4", "-2", "-1", "0", "1", "2"), c("A", "C", "G", "T"))), 
    LR10_SNP1 = structure(c(0, 0, 0, 0, 8, 0, 0, 226, 1), dim = c(3L, 
    3L), dimnames = list(c("-1", "0", "1"), c("A", "C", "T"))), 
    LR11_SNP1 = structure(c(0, 0, 0, 0, 0, 0, 4, 155, 0, 0, 0, 
    1, 125, 2, 0, 0, 0, 0, 0, 0), dim = 5:4, dimnames = list(
        c("-2", "-1", "0", "1", "2"), c("-", "A", "C", "G"))), 
    LR17_SNP1 = structure(c(0, 3, 275, 1, 0, 0, 0, 0, 0, 0), dim = c(5L, 
    2L), dimnames = list(c("-2", "-1", "0", "1", "2"), c("A", 
    "G"))), LR20_SNP1 = structure(c(0, 0, 0, 1, 354, 0, 0, 0, 
    0, 0, 5, 0), dim = 3:4, dimnames = list(c("-1", "0", "1"), 
        c("-", "A", "C", "G"))), LR24_SNP1 = structure(c(0, 0, 
    0, 0, 0, 0, 1, 0, 614, 0, 0, 0, 0, 0, 0, 1, 0, 2, 616, 1, 
    0, 0, 0, 0, 0), dim = c(5L, 5L), dimnames = list(c("-3", 
    "-2", "-1", "0", "1"), c("-", "A", "C", "G", "T"))), LR36_SNP1 = structure(c(0, 
    0, 0, 0, 0, 1, 0, 0, 0, 0, 0, 0, 255, 0, 0, 0, 0, 0, 0, 0, 
    0, 0, 0, 0, 0, 3, 254, 1), dim = c(7L, 4L), dimnames = list(
        c("-5", "-4", "-3", "-2", "-1", "0", "1"), c("-", "A", 
        "C", "T"))), LR40_SNP1 = structure(c(0, 2, 0, 0, 3, 219, 
    0, 0, 0, 0, 0, 0), dim = 4:3, dimnames = list(c("-1", "0", 
    "1", "2"), c("A", "C", "T"))), LR44_SNP1 = structure(c(0, 
    0, 0, 0, 0, 0, 6, 210, 1, 0, 0, 0, 3, 0, 0), dim = c(5L, 
    3L), dimnames = list(c("-2", "-1", "0", "1", "2"), c("A", 
    "C", "T"))), LR46_SNP1 = structure(c(0, 0, 0, 0, 0, 0, 205, 
    0, 0, 0, 5, 0), dim = 4:3, dimnames = list(c("-2", "-1", 
    "0", "1"), c("A", "G", "T"))), LR48_SNP1 = structure(c(0, 
    0, 2, 166, 1), dim = c(5L, 1L), dimnames = list(c("-3", "-2", 
    "-1", "0", "1"), "C")), LR49_SNP1 = structure(c(0, 5, 0, 
    1, 314, 0), dim = 3:2, dimnames = list(c("-1", "0", "1"), 
        c("A", "G"))), LR52_SNP1 = structure(c(0, 0, 0, 0, 0, 
    0, 0, 2, 67, 3, 0, 0, 3, 60, 1), dim = c(5L, 3L), dimnames = list(
        c("-3", "-2", "-1", "0", "1"), c("A", "C", "T"))))
