Result <-
list(DEPDC2_SNP1 = structure(c(0, 0, 13, 0, 0, 2, 1247, 4), dim = c(4L, 
2L), dimnames = list(c("-2", "-1", "0", "1"), c("C", "T"))), 
    GM01_SNP1 = structure(c(0, 1, 262, 0, 0, 0, 0, 244, 0, 0), dim = c(5L, 
    2L), dimnames = list(c("-2", "-1", "0", "1", "2"), c("A", 
    "G"))), GM07_SNP1 = structure(c(0, 6, 219, 2, 0, 1, 0, 170, 
    0, 0, 0, 0, 0, 0, 0), dim = c(5L, 3L), dimnames = list(c("-2", 
    "-1", "0", "1", "2"), c("A", "G", "T"))), GM09_SNP1 = structure(c(0, 
    0, 0, 1, 825, 0, 0, 14, 0, 0, 0, 0), dim = 3:4, dimnames = list(
        c("-1", "0", "1"), c("-", "A", "G", "T"))), GM11_SNP1 = structure(c(3, 
    141, 0, 1, 121, 0), dim = 3:2, dimnames = list(c("-1", "0", 
    "1"), c("A", "G"))), GM14_SNP1 = structure(c(0, 0, 0, 0, 
    0, 0, 1, 6, 521, 0, 0, 0, 0, 2, 0), dim = c(5L, 3L), dimnames = list(
        c("-3", "-2", "-1", "0", "1"), c("A", "C", "T"))), GM17_SNP1 = structure(c(0, 
    0, 2, 550, 0, 0, 0, 0, 0, 0, 0, 0, 0, 206, 0), dim = c(5L, 
    3L), dimnames = list(c("-3", "-2", "-1", "0", "1"), c("C", 
    "G", "T"))), GM22_SNP1 = structure(c(0, 1, 153, 0, 0, 0, 
    0, 139, 0, 0), dim = c(5L, 2L), dimnames = list(c("-2", "-1", 
    "0", "1", "2"), c("A", "G"))), GM26_SNP1 = structure(c(1, 
    0, 309, 0, 0, 0, 0, 5, 0, 0, 0, 0, 0, 0, 0), dim = c(5L, 
    3L), dimnames = list(c("-2", "-1", "0", "1", "2"), c("A", 
    "G", "T"))), GM29_SNP1 = structure(c(1, 0, 0, 156, 0, 0, 
    0, 0, 0, 166, 0, 0), dim = c(6L, 2L), dimnames = list(c("-3", 
    "-2", "-1", "0", "1", "2"), c("A", "G"))), IM16_SNP1 = structure(c(0, 
    0, 305, 1, 0, 0, 0, 10, 0, 0, 0, 0, 0, 0, 0), dim = c(5L, 
    3L), dimnames = list(c("-2", "-1", "0", "1", "2"), c("A", 
    "G", "T"))), IM49_SNP1 = structure(c(0, 0, 0, 0, 0, 1, 8, 
    357, 0, 0, 0, 4, 312, 2, 0), dim = c(5L, 3L), dimnames = list(
        c("-2", "-1", "0", "1", "2"), c("A", "C", "G"))), LR10_SNP1 = structure(c(0, 
    3, 171, 0, 0, 0, 213, 0), dim = c(4L, 2L), dimnames = list(
        c("-2", "-1", "0", "1"), c("C", "T"))), LR11_SNP1 = structure(c(0, 
    6, 0, 0, 0, 361, 0, 0, 0, 0, 0, 0), dim = 4:3, dimnames = list(
        c("-1", "0", "1", "2"), c("A", "C", "T"))), LR17_SNP1 = structure(c(0, 
    3, 347, 2, 0, 0, 0, 0, 0, 0), dim = c(5L, 2L), dimnames = list(
        c("-2", "-1", "0", "1", "2"), c("A", "G"))), LR20_SNP1 = structure(c(0, 
    5, 0, 0, 445, 0, 0, 0, 0), dim = c(3L, 3L), dimnames = list(
        c("-1", "0", "1"), c("A", "G", "T"))), LR24_SNP1 = structure(c(0, 
    0, 634, 1, 0, 0, 644, 2), dim = c(4L, 2L), dimnames = list(
        c("-2", "-1", "0", "1"), c("A", "G"))), LR36_SNP1 = structure(c(0, 
    0, 0, 11, 0, 0, 0, 0, 0, 0, 0, 0, 0, 0, 2, 461, 2, 0), dim = c(6L, 
    3L), dimnames = list(c("-5", "-2", "-1", "0", "1", "2"), 
        c("A", "G", "T"))), LR40_SNP1 = structure(c(1, 317, 1, 
    0, 0, 0), dim = 3:2, dimnames = list(c("-1", "0", "1"), c("C", 
    "G"))), LR44_SNP1 = structure(c(0, 0, 2, 0, 0, 1, 7, 190, 
    2, 0, 0, 0, 2, 0, 0, 0, 3, 187, 0, 0), dim = 5:4, dimnames = list(
        c("-2", "-1", "0", "1", "2"), c("A", "C", "G", "T"))), 
    LR46_SNP1 = structure(c(0, 0, 0, 0, 0, 0, 0, 209, 0, 0, 159, 
    0), dim = 3:4, dimnames = list(c("-1", "0", "1"), c("A", 
    "C", "G", "T"))), LR48_SNP1 = structure(c(0, 0, 0, 0, 0, 
    0, 0, 0, 1, 138, 3, 0, 0, 0, 0, 139, 0, 0), dim = c(6L, 3L
    ), dimnames = list(c("-3", "-2", "-1", "0", "1", "2"), c("A", 
    "C", "T"))), LR49_SNP1 = structure(c(0, 554, 0, 0, 12, 0, 
    0, 0, 0), dim = c(3L, 3L), dimnames = list(c("-1", "0", "1"
    ), c("A", "G", "T"))), LR52_SNP1 = structure(c(0, 1, 0, 5, 
    0, 1, 0, 1, 179, 0), dim = c(5L, 2L), dimnames = list(c("-3", 
    "-2", "-1", "0", "1"), c("C", "T"))))
