Result <-
list(DEPDC2_SNP1 = structure(c(0, 0, 0, 2, 358, 0, 2, 368, 1), dim = c(3L, 
3L), dimnames = list(c("-1", "0", "1"), c("A", "C", "T"))), GM01_SNP1 = structure(c(1, 
290, 0, 0, 6, 0), dim = 3:2, dimnames = list(c("-1", "0", "1"
), c("A", "G"))), GM07_SNP1 = structure(c(0, 10, 251, 6, 0, 1, 
1, 2, 1, 0), dim = c(5L, 2L), dimnames = list(c("-2", "-1", "0", 
"1", "2"), c("A", "G"))), GM09_SNP1 = structure(c(0, 0, 12, 2, 
0, 0, 0, 0, 0, 0, 0, 52, 237, 7, 1, 0, 0, 1, 0, 0), dim = 5:4, dimnames = list(
    c("-2", "-1", "0", "1", "2"), c("A", "C", "G", "T"))), GM11_SNP1 = structure(c(0, 
0, 59, 0, 0, 0, 68, 0), dim = c(4L, 2L), dimnames = list(c("-2", 
"-1", "0", "1"), c("A", "G"))), GM14_SNP1 = structure(c(0, 0, 
0, 0, 0, 0, 0, 4, 229, 1, 0, 0, 0, 1, 185, 0, 0, 0), dim = c(6L, 
3L), dimnames = list(c("-2", "-1", "0", "1", "2", "3"), c("A", 
"C", "T"))), GM17_SNP1 = structure(c(0, 0, 0, 0, 0, 4, 730, 0, 
0, 2, 13, 0), dim = 4:3, dimnames = list(c("-2", "-1", "0", "1"
), c("A", "C", "T"))), GM22_SNP1 = structure(c(0, 0, 1, 285, 
0, 0, 0, 0, 0, 0, 0, 0, 0, 0, 0, 0, 0, 0), dim = c(6L, 3L), dimnames = list(
    c("-3", "-2", "-1", "0", "1", "2"), c("A", "G", "T"))), GM26_SNP1 = structure(c(2, 
1, 86, 0, 0, 1, 85, 0), dim = c(4L, 2L), dimnames = list(c("-2", 
"-1", "0", "1"), c("A", "G"))), GM29_SNP1 = structure(c(0, 0, 
0, 0, 0, 3, 397, 1, 0, 0, 0, 0, 0, 0, 1, 0, 0, 0, 0, 0), dim = 4:5, dimnames = list(
    c("-2", "-1", "0", "1"), c("-", "A", "C", "G", "T"))), IM16_SNP1 = structure(c(1, 
80, 0, 0, 1, 82, 0, 0), dim = c(4L, 2L), dimnames = list(c("-1", 
"0", "1", "2"), c("A", "G"))), IM49_SNP1 = structure(c(0, 0, 
0, 0, 0, 0, 0, 0, 15, 747, 4, 0, 0, 1, 10, 706, 5, 0, 0, 0, 0, 
0, 0, 0), dim = c(6L, 4L), dimnames = list(c("-3", "-2", "-1", 
"0", "1", "2"), c("A", "C", "G", "T"))), LR10_SNP1 = structure(c(0, 
3, 125, 1, 0, 0, 0, 115, 0, 0), dim = c(5L, 2L), dimnames = list(
    c("-2", "-1", "0", "1", "2"), c("C", "T"))), LR11_SNP1 = structure(c(0, 
0, 1, 0, 0, 0, 0, 228, 1, 1), dim = c(5L, 2L), dimnames = list(
    c("-2", "-1", "0", "1", "2"), c("A", "C"))), LR17_SNP1 = structure(c(0, 
1, 298, 3, 0, 0, 0, 0, 0, 0, 0, 0), dim = 4:3, dimnames = list(
    c("-2", "-1", "0", "1"), c("A", "G", "T"))), LR20_SNP1 = structure(c(0, 
252, 0, 0, 3, 0), dim = 3:2, dimnames = list(c("-1", "0", "1"
), c("A", "G"))), LR24_SNP1 = structure(c(0, 3, 1137, 1, 0, 0, 
0, 0, 0, 2, 16, 0, 0, 0, 0, 0), dim = c(4L, 4L), dimnames = list(
    c("-2", "-1", "0", "1"), c("A", "C", "G", "T"))), LR36_SNP1 = structure(c(0, 
0, 0, 317, 4, 0, 0, 0, 0, 0, 0, 0, 0, 0, 0, 0, 0, 4, 270, 1), dim = 5:4, dimnames = list(
    c("-3", "-2", "-1", "0", "1"), c("A", "C", "G", "T"))), LR40_SNP1 = structure(c(0, 
0, 0, 2, 179, 0), dim = 3:2, dimnames = list(c("-1", "0", "1"
), c("A", "C"))), LR44_SNP1 = structure(c(0, 0, 0, 0, 1, 0, 0, 
0, 0, 0, 0, 0, 0, 0, 6, 223, 2, 0, 0, 0, 0, 1, 0, 0), dim = c(6L, 
4L), dimnames = list(c("-3", "-2", "-1", "0", "1", "2"), c("-", 
"A", "C", "T"))), LR46_SNP1 = structure(c(0, 0, 86, 1, 0, 0, 
82, 0), dim = c(4L, 2L), dimnames = list(c("-2", "-1", "0", "1"
), c("G", "T"))), LR48_SNP1 = structure(c(0, 0, 0, 0, 0, 0, 0, 
6, 0, 0, 0, 1, 104, 1, 0), dim = c(5L, 3L), dimnames = list(c("-2", 
"-1", "0", "1", "2"), c("A", "C", "T"))), LR49_SNP1 = structure(c(1, 
235, 0, 0, 0, 0, 1, 227, 0), dim = c(3L, 3L), dimnames = list(
    c("-1", "0", "1"), c("A", "C", "G"))), LR52_SNP1 = structure(c(0, 
0, 1, 4, 91, 2, 0, 0, 0, 0, 4, 0), dim = c(6L, 2L), dimnames = list(
    c("-4", "-3", "-2", "-1", "0", "1"), c("C", "T"))))
