Result <-
list(DEPDC2_SNP1 = structure(c(0, 2, 0, 0, 0, 31, 0, 0, 10, 1093, 
37, 0), dim = 4:3, dimnames = list(c("-1", "0", "1", "2"), c("A", 
"C", "T"))), GM01_SNP1 = structure(c(0, 4, 294, 0, 0, 0, 4, 242, 
0, 0), dim = c(5L, 2L), dimnames = list(c("-2", "-1", "0", "1", 
"2"), c("A", "G"))), GM07_SNP1 = structure(c(0, 0, 0, 0, 0, 1, 
22, 160, 3, 0, 0, 18, 156, 2, 1), dim = c(5L, 3L), dimnames = list(
    c("-2", "-1", "0", "1", "2"), c("-", "A", "G"))), GM09_SNP1 = structure(c(2, 
502, 0, 0, 0, 0, 2, 437, 0, 0, 0, 0), dim = 3:4, dimnames = list(
    c("-1", "0", "1"), c("A", "C", "G", "T"))), GM11_SNP1 = structure(c(0, 
3, 49, 0, 0, 0, 0, 0, 0, 6, 280, 1, 0, 0, 0, 0), dim = c(4L, 
4L), dimnames = list(c("-2", "-1", "0", "1"), c("A", "C", "G", 
"T"))), GM14_SNP1 = structure(c(0, 0, 0, 0, 0, 3, 59, 1, 0, 13, 
503, 1), dim = 4:3, dimnames = list(c("-2", "-1", "0", "1"), 
    c("A", "C", "T"))), GM17_SNP1 = structure(c(0, 5, 273, 0, 
0, 4, 276, 0), dim = c(4L, 2L), dimnames = list(c("-2", "-1", 
"0", "1"), c("C", "T"))), GM22_SNP1 = structure(c(0, 0, 71, 0, 
0, 13, 397, 0), dim = c(4L, 2L), dimnames = list(c("-2", "-1", 
"0", "1"), c("A", "G"))), GM26_SNP1 = structure(c(0, 5, 181, 
0, 0, 2, 162, 1), dim = c(4L, 2L), dimnames = list(c("-2", "-1", 
"0", "1"), c("A", "G"))), GM29_SNP1 = structure(c(0, 11, 201, 
0, 0, 5, 168, 0, 0, 0, 0, 0), dim = 4:3, dimnames = list(c("-2", 
"-1", "0", "1"), c("A", "G", "T"))), IM16_SNP1 = structure(c(0, 
1, 32, 1, 0, 0, 0, 0, 0, 8, 354, 2), dim = 4:3, dimnames = list(
    c("-2", "-1", "0", "1"), c("A", "C", "G"))), IM49_SNP1 = structure(c(1, 
18, 238, 1, 0, 2, 8, 213, 1, 0), dim = c(5L, 2L), dimnames = list(
    c("-2", "-1", "0", "1", "2"), c("C", "G"))), LR10_SNP1 = structure(c(2, 
245, 3, 1, 0, 0, 0, 0, 0, 247, 2, 0), dim = 4:3, dimnames = list(
    c("-1", "0", "1", "2"), c("C", "G", "T"))), LR11_SNP1 = structure(c(0, 
0, 0, 0, 0, 0, 23, 483, 0, 0, 0, 2, 59, 1, 0, 0, 0, 0, 0, 0), dim = 5:4, dimnames = list(
    c("-2", "-1", "0", "1", "2"), c("-", "A", "C", "G"))), LR17_SNP1 = structure(c(0, 
28, 401, 5, 1, 0, 0, 0, 0, 0), dim = c(5L, 2L), dimnames = list(
    c("-2", "-1", "0", "1", "2"), c("A", "G"))), LR20_SNP1 = structure(c(0, 
40, 0, 1, 490, 0, 0, 1, 0), dim = c(3L, 3L), dimnames = list(
    c("-1", "0", "1"), c("A", "G", "T"))), LR24_SNP1 = structure(c(0, 
0, 17, 954, 1, 0, 0, 13, 636, 0, 0, 0, 0, 0, 0), dim = c(5L, 
3L), dimnames = list(c("-3", "-2", "-1", "0", "1"), c("A", "G", 
"T"))), LR36_SNP1 = structure(c(0, 0, 0, 0, 1, 0, 0, 0, 0, 0, 
1, 23, 0, 0, 0, 0, 0, 0, 0, 0, 0, 0, 0, 0, 0, 1, 0, 0, 0, 0, 
10, 64, 414, 1, 1), dim = c(7L, 5L), dimnames = list(c("-4", 
"-3", "-2", "-1", "0", "1", "2"), c("-", "A", "C", "G", "T"))), 
    LR40_SNP1 = structure(c(0, 136, 0, 2, 190, 0, 0, 0, 0), dim = c(3L, 
    3L), dimnames = list(c("-1", "0", "1"), c("A", "C", "T"))), 
    LR44_SNP1 = structure(c(0, 0, 0, 0, 1, 0, 0, 0, 1, 8, 32, 
    327, 2, 0, 0, 0, 0, 0, 2, 0, 0, 0, 0, 0, 0, 16, 1, 0), dim = c(7L, 
    4L), dimnames = list(c("-4", "-3", "-2", "-1", "0", "1", 
    "2"), c("A", "C", "G", "T"))), LR46_SNP1 = structure(c(0, 
    0, 0, 0, 0, 0, 1, 191, 0, 7, 174, 0), dim = 3:4, dimnames = list(
        c("-1", "0", "1"), c("-", "A", "G", "T"))), LR48_SNP1 = structure(c(0, 
    19, 341, 3, 0, 0, 1, 15, 1, 0), dim = c(5L, 2L), dimnames = list(
        c("-2", "-1", "0", "1", "2"), c("C", "T"))), LR49_SNP1 = structure(c(1, 
    284, 0, 2, 298, 0, 0, 0, 0), dim = c(3L, 3L), dimnames = list(
        c("-1", "0", "1"), c("A", "G", "T"))), LR52_SNP1 = structure(c(0, 
    0, 0, 0, 0, 0, 0, 2, 22, 170, 7, 0, 0, 2, 8, 153, 2, 0), dim = c(6L, 
    3L), dimnames = list(c("-3", "-2", "-1", "0", "1", "2"), 
        c("A", "C", "T"))))
