Result <-
list(DEPDC2_SNP1 = structure(c(0, 0, 2, 0, 0, 8, 481, 2, 0, 1, 
538, 0), dim = 4:3, dimnames = list(c("-2", "-1", "0", "1"), 
    c("A", "C", "T"))), GM01_SNP1 = structure(c(0, 1, 130, 1, 
0, 0, 2, 132, 1, 0), dim = c(5L, 2L), dimnames = list(c("-2", 
"-1", "0", "1", "2"), c("A", "G"))), GM07_SNP1 = structure(c(0, 
0, 0, 0, 0, 0, 0, 6, 179, 6, 0, 0, 0, 3, 150, 1, 1, 0, 0, 0, 
0, 0, 0, 0), dim = c(6L, 4L), dimnames = list(c("-2", "-1", "0", 
"1", "2", "3"), c("-", "A", "G", "T"))), GM09_SNP1 = structure(c(37, 
262, 6, 3, 15, 0), dim = 3:2, dimnames = list(c("-1", "0", "1"
), c("A", "G"))), GM11_SNP1 = structure(c(1, 20, 0, 0, 145, 1
), dim = 3:2, dimnames = list(c("-1", "0", "1"), c("A", "G"))), 
    GM14_SNP1 = structure(c(0, 0, 0, 0, 0, 0, 0, 0, 0, 0, 0, 
    0, 0, 0, 5, 187, 1, 0, 0, 0, 0, 0, 0, 0, 0, 0, 5, 162, 0, 
    0), dim = 6:5, dimnames = list(c("-3", "-2", "-1", "0", "1", 
    "2"), c("-", "A", "C", "G", "T"))), GM17_SNP1 = structure(c(0, 
    0, 0, 0, 0, 0, 0, 32, 0, 0, 0, 1, 322, 0, 0), dim = c(5L, 
    3L), dimnames = list(c("-2", "-1", "0", "1", "2"), c("A", 
    "C", "T"))), GM22_SNP1 = structure(c(0, 2, 253, 0, 0, 0, 
    0, 0, 0, 0, 0, 0, 3, 0, 0), dim = c(5L, 3L), dimnames = list(
        c("-2", "-1", "0", "1", "2"), c("A", "C", "G"))), GM26_SNP1 = structure(c(0, 
    1, 135, 1, 0, 0, 1, 144, 0, 0), dim = c(5L, 2L), dimnames = list(
        c("-2", "-1", "0", "1", "2"), c("A", "G"))), GM29_SNP1 = structure(c(3, 
    268, 1, 0, 4, 0), dim = 3:2, dimnames = list(c("-1", "0", 
    "1"), c("A", "G"))), IM16_SNP1 = structure(c(0, 67, 0, 0, 
    0, 56, 1, 0, 0, 0, 0, 0), dim = 4:3, dimnames = list(c("-1", 
    "0", "1", "2"), c("A", "G", "T"))), IM49_SNP1 = structure(c(0, 
    6, 299, 1, 0, 1, 4, 212, 0, 0, 0, 0, 0, 0, 0), dim = c(5L, 
    3L), dimnames = list(c("-2", "-1", "0", "1", "2"), c("C", 
    "G", "T"))), LR10_SNP1 = structure(c(0, 4, 305, 0, 0, 1, 
    10, 0), dim = c(4L, 2L), dimnames = list(c("-2", "-1", "0", 
    "1"), c("C", "T"))), LR11_SNP1 = structure(c(0, 1, 141, 0, 
    0, 2, 117, 0, 0, 0, 0, 0), dim = 4:3, dimnames = list(c("-2", 
    "-1", "0", "1"), c("A", "C", "T"))), LR17_SNP1 = structure(c(0, 
    2, 119, 3, 0, 0, 0, 0, 0, 0, 0, 0, 0, 0, 0), dim = c(5L, 
    3L), dimnames = list(c("-2", "-1", "0", "1", "2"), c("A", 
    "G", "T"))), LR20_SNP1 = structure(c(0, 235, 0, 0, 5, 0), dim = 3:2, dimnames = list(
        c("-1", "0", "1"), c("A", "G"))), LR24_SNP1 = structure(c(0, 
    0, 0, 0, 0, 1, 340, 0, 0, 0, 350, 1, 0, 0, 0, 0), dim = c(4L, 
    4L), dimnames = list(c("-2", "-1", "0", "1"), c("-", "A", 
    "G", "T"))), LR36_SNP1 = structure(c(0, 0, 0, 18, 0, 0, 0, 
    0, 0, 0, 0, 0, 0, 0, 0, 0, 0, 0, 0, 0, 2, 301, 2, 0), dim = c(6L, 
    4L), dimnames = list(c("-3", "-2", "-1", "0", "1", "2"), 
        c("A", "C", "G", "T"))), LR40_SNP1 = structure(c(0, 44, 
    0, 0, 0, 56, 0, 0, 0, 0, 0, 0), dim = 4:3, dimnames = list(
        c("-1", "0", "1", "2"), c("A", "C", "T"))), LR44_SNP1 = structure(c(0, 
    0, 0, 0, 0, 0, 0, 0, 0, 0, 18, 312, 4, 0, 0, 0, 0, 0, 0, 
    0, 0, 0, 0, 0, 0, 1, 2, 6, 0, 0, 1, 0), dim = c(8L, 4L), dimnames = list(
        c("-3", "-2", "-1", "0", "1", "2", "3", "5"), c("A", 
        "C", "G", "T"))), LR46_SNP1 = structure(c(0, 0, 0, 0, 
    142, 1, 1, 153, 0), dim = c(3L, 3L), dimnames = list(c("-1", 
    "0", "1"), c("A", "G", "T"))), LR48_SNP1 = structure(c(0, 
    0, 0, 0, 0, 1, 7, 214, 2, 0, 0, 0, 0, 0, 0, 0, 0, 5, 0, 0
    ), dim = 5:4, dimnames = list(c("-2", "-1", "0", "1", "2"
    ), c("A", "C", "G", "T"))), LR49_SNP1 = structure(c(0, 458, 
    0, 0, 0, 0, 0, 12, 0, 0, 0, 0), dim = 3:4, dimnames = list(
        c("-1", "0", "1"), c("A", "C", "G", "T"))), LR52_SNP1 = structure(c(0, 
    0, 0, 0, 0, 0, 0, 0, 0, 0, 3, 103, 3, 0, 0, 1, 0, 2, 91, 
    0, 0), dim = c(7L, 3L), dimnames = list(c("-4", "-3", "-2", 
    "-1", "0", "1", "2"), c("A", "C", "T"))))
