Result <-
list(DEPDC2_SNP1 = structure(c(0, 0, 0, 0, 0, 0, 23, 0, 0, 1, 
409, 3), dim = 4:3, dimnames = list(c("-2", "-1", "0", "1"), 
    c("A", "C", "T"))), GM01_SNP1 = structure(c(0, 116, 0, 2, 
122, 0, 0, 0, 0), dim = c(3L, 3L), dimnames = list(c("-1", "0", 
"1"), c("A", "G", "T"))), GM07_SNP1 = structure(c(1, 2, 26, 2, 
0, 0, 3, 126, 1, 0), dim = c(5L, 2L), dimnames = list(c("-2", 
"-1", "0", "1", "2"), c("A", "G"))), GM09_SNP1 = structure(c(0, 
5, 496, 0, 0, 0, 33, 0, 0, 0, 0, 0), dim = 4:3, dimnames = list(
    c("-2", "-1", "0", "1"), c("A", "G", "T"))), GM11_SNP1 = structure(c(0, 
66, 0, 0, 4, 0), dim = 3:2, dimnames = list(c("-1", "0", "1"), 
    c("A", "G"))), GM14_SNP1 = structure(c(0, 0, 3, 27, 0, 0, 
0, 4, 7, 236, 0, 0), dim = c(6L, 2L), dimnames = list(c("-3", 
"-2", "-1", "0", "1", "2"), c("C", "T"))), GM17_SNP1 = structure(c(0, 
0, 0, 0, 0, 4, 20, 0, 0, 5, 544, 0), dim = 4:3, dimnames = list(
    c("-2", "-1", "0", "1"), c("A", "C", "T"))), GM22_SNP1 = structure(c(0, 
0, 109, 0, 0, 1, 92, 0), dim = c(4L, 2L), dimnames = list(c("-2", 
"-1", "0", "1"), c("A", "G"))), GM26_SNP1 = structure(c(0, 0, 
100, 0, 0, 0, 16, 0), dim = c(4L, 2L), dimnames = list(c("-2", 
"-1", "0", "1"), c("A", "G"))), GM29_SNP1 = structure(c(0, 0, 
97, 0, 0, 0, 0, 0, 0, 0, 78, 0), dim = 4:3, dimnames = list(c("-2", 
"-1", "0", "1"), c("A", "C", "G"))), IM16_SNP1 = structure(c(0, 
6, 93, 2, 0, 0, 0, 26, 3, 0), dim = c(5L, 2L), dimnames = list(
    c("-2", "-1", "0", "1", "2"), c("A", "G"))), IM49_SNP1 = structure(c(0, 
0, 0, 0, 0, 0, 0, 4, 18, 440, 2, 1, 0, 2, 13, 377, 4, 0, 0, 0, 
0, 0, 0, 0), dim = c(6L, 4L), dimnames = list(c("-4", "-2", "-1", 
"0", "1", "2"), c("A", "C", "G", "T"))), LR10_SNP1 = structure(c(0, 
0, 0, 0, 0, 0, 0, 0, 0, 2, 164, 0, 0, 2, 18, 0), dim = c(4L, 
4L), dimnames = list(c("-2", "-1", "0", "1"), c("-", "A", "C", 
"T"))), LR11_SNP1 = structure(c(0, 9, 7, 0, 0, 0, 8, 163, 1, 
0, 0, 0, 0, 0, 0), dim = c(5L, 3L), dimnames = list(c("-2", "-1", 
"0", "1", "2"), c("A", "C", "T"))), LR17_SNP1 = structure(c(0, 
1, 8, 261, 2, 0, 0, 0, 0, 0, 0, 0), dim = c(6L, 2L), dimnames = list(
    c("-4", "-2", "-1", "0", "1", "2"), c("A", "G"))), LR20_SNP1 = structure(c(2, 
135, 0, 0, 159, 0), dim = 3:2, dimnames = list(c("-1", "0", "1"
), c("A", "G"))), LR24_SNP1 = structure(c(0, 0, 0, 0, 5, 2, 379, 
0, 1, 1, 346, 0, 0, 0, 0, 0), dim = c(4L, 4L), dimnames = list(
    c("-2", "-1", "0", "1"), c("-", "A", "G", "T"))), LR36_SNP1 = structure(c(0, 
0, 0, 4, 12, 0, 0, 0, 0, 0, 1, 0, 0, 0, 0, 4, 296, 7), dim = c(6L, 
3L), dimnames = list(c("-4", "-3", "-2", "-1", "0", "1"), c("A", 
"G", "T"))), LR40_SNP1 = structure(c(0, 2, 0, 7, 160, 0), dim = 3:2, dimnames = list(
    c("-1", "0", "1"), c("A", "C"))), LR44_SNP1 = structure(c(0, 
3, 0, 13, 0, 0, 0, 0, 0, 1, 0, 0, 0, 13, 6, 120, 1, 0), dim = c(6L, 
3L), dimnames = list(c("-3", "-2", "-1", "0", "1", "2"), c("C", 
"G", "T"))), LR46_SNP1 = structure(c(0, 0, 0, 0, 91, 0, 1, 71, 
0), dim = c(3L, 3L), dimnames = list(c("-1", "0", "1"), c("-", 
"G", "T"))), LR48_SNP1 = structure(c(0, 11, 105, 2, 0, 0, 3, 
0), dim = c(4L, 2L), dimnames = list(c("-2", "-1", "0", "1"), 
    c("C", "T"))), LR49_SNP1 = structure(c(0, 5, 0, 0, 244, 0
), dim = 3:2, dimnames = list(c("-1", "0", "1"), c("A", "G"))), 
    LR52_SNP1 = structure(c(5, 3, 2, 43, 0, 0, 0, 0, 0, 0, 0, 
    0, 2, 38, 1), dim = c(5L, 3L), dimnames = list(c("-3", "-2", 
    "-1", "0", "1"), c("C", "G", "T"))))
