Result <-
list(DEPDC2_SNP1 = structure(c(0, 0, 1, 0, 0, 0, 377, 2, 0, 0, 
0, 0, 1, 1, 489, 1), dim = c(4L, 4L), dimnames = list(c("-2", 
"-1", "0", "1"), c("A", "C", "G", "T"))), GM01_SNP1 = structure(c(0, 
0, 0, 0, 0, 0, 4, 257, 3, 0, 1, 0, 10, 0, 0, 0, 0, 0, 0, 0), dim = 5:4, dimnames = list(
    c("-2", "-1", "0", "1", "2"), c("-", "A", "G", "T"))), GM07_SNP1 = structure(c(0, 
5, 29, 1, 0, 1, 9, 220, 3, 0, 0, 0, 0, 0, 0), dim = c(5L, 3L), dimnames = list(
    c("-2", "-1", "0", "1", "2"), c("A", "G", "T"))), GM09_SNP1 = structure(c(13, 
136, 5, 0, 0, 0, 0, 0, 18, 130, 2, 0, 0, 0, 0, 0), dim = c(4L, 
4L), dimnames = list(c("-1", "0", "1", "2"), c("A", "C", "G", 
"T"))), GM11_SNP1 = structure(c(0, 18, 0, 0, 120, 0), dim = 3:2, dimnames = list(
    c("-1", "0", "1"), c("A", "G"))), GM14_SNP1 = structure(c(0, 
0, 0, 1, 0, 0, 0, 4, 156, 3, 0, 0, 7, 160, 0), dim = c(5L, 3L
), dimnames = list(c("-4", "-2", "-1", "0", "1"), c("A", "C", 
"T"))), GM17_SNP1 = structure(c(0, 2, 185, 1, 0, 2, 158, 0), dim = c(4L, 
2L), dimnames = list(c("-2", "-1", "0", "1"), c("C", "T"))), 
    GM22_SNP1 = structure(c(0, 27, 0, 0, 1, 193, 0, 0), dim = c(4L, 
    2L), dimnames = list(c("-1", "0", "1", "2"), c("A", "G"))), 
    GM26_SNP1 = structure(c(0, 0, 71, 2, 0, 0, 68, 0, 0, 0, 0, 
    0), dim = 4:3, dimnames = list(c("-2", "-1", "0", "1"), c("A", 
    "G", "T"))), GM29_SNP1 = structure(c(1, 105, 2, 1, 97, 0), dim = 3:2, dimnames = list(
        c("-1", "0", "1"), c("A", "G"))), IM16_SNP1 = structure(c(0, 
    1, 9, 0, 0, 0, 1, 161, 0, 0, 0, 0, 0, 0, 0), dim = c(5L, 
    3L), dimnames = list(c("-2", "-1", "0", "1", "2"), c("A", 
    "G", "T"))), IM49_SNP1 = structure(c(0, 15, 642, 10, 1, 0, 
    1, 18, 0, 0, 0, 0, 0, 0, 0), dim = c(5L, 3L), dimnames = list(
        c("-2", "-1", "0", "1", "2"), c("C", "G", "T"))), LR10_SNP1 = structure(c(0, 
    0, 0, 0, 0, 2, 91, 0, 0, 6, 103, 0), dim = 4:3, dimnames = list(
        c("-2", "-1", "0", "1"), c("A", "C", "T"))), LR11_SNP1 = structure(c(0, 
    1, 25, 0, 0, 5, 157, 1), dim = c(4L, 2L), dimnames = list(
        c("-2", "-1", "0", "1"), c("A", "C"))), LR17_SNP1 = structure(c(0, 
    0, 0, 0, 0, 11, 206, 3), dim = c(4L, 2L), dimnames = list(
        c("-2", "-1", "0", "1"), c("-", "A"))), LR20_SNP1 = structure(c(0, 
    27, 0, 0, 247, 0, 0, 0, 0), dim = c(3L, 3L), dimnames = list(
        c("-1", "0", "1"), c("A", "G", "T"))), LR24_SNP1 = structure(c(0, 
    0, 0, 0, 0, 0, 0, 0, 57, 0, 1, 0, 3, 875, 2), dim = c(5L, 
    3L), dimnames = list(c("-3", "-2", "-1", "0", "1"), c("-", 
    "A", "G"))), LR36_SNP1 = structure(c(0, 0, 0, 16, 0, 0, 0, 
    0, 0, 0, 0, 0, 0, 0, 0, 0, 0, 0, 0, 0, 6, 282, 2, 0), dim = c(6L, 
    4L), dimnames = list(c("-3", "-2", "-1", "0", "1", "2"), 
        c("A", "C", "G", "T"))), LR40_SNP1 = structure(c(3, 123, 
    0, 0, 0, 0, 0, 0), dim = c(4L, 2L), dimnames = list(c("-1", 
    "0", "1", "2"), c("C", "G"))), LR44_SNP1 = structure(c(0, 
    0, 0, 0, 0, 0, 11, 155, 3, 0, 0, 2, 91, 1, 0), dim = c(5L, 
    3L), dimnames = list(c("-2", "-1", "0", "1", "2"), c("A", 
    "C", "T"))), LR46_SNP1 = structure(c(0, 0, 0, 1, 89, 0, 0, 
    69, 0), dim = c(3L, 3L), dimnames = list(c("-1", "0", "1"
    ), c("A", "G", "T"))), LR48_SNP1 = structure(c(0, 0, 0, 0, 
    0, 0, 0, 3, 123, 1, 0, 0, 0, 8, 0), dim = c(5L, 3L), dimnames = list(
        c("-3", "-2", "-1", "0", "1"), c("A", "C", "T"))), LR49_SNP1 = structure(c(0, 
    177, 0, 1, 196, 2, 0, 1, 0), dim = c(3L, 3L), dimnames = list(
        c("-1", "0", "1"), c("A", "G", "T"))), LR52_SNP1 = structure(c(0, 
    0, 0, 0, 0, 0, 0, 4, 43, 0, 0, 0, 4, 58, 0), dim = c(5L, 
    3L), dimnames = list(c("-3", "-2", "-1", "0", "1"), c("A", 
    "C", "T"))))
