Result <-
list(DEPDC2_SNP1 = structure(c(0, 0, 0, 0, 0, 0, 35, 0, 0, 2, 
707, 3), dim = 4:3, dimnames = list(c("-4", "-1", "0", "1"), 
    c("A", "C", "T"))), GM01_SNP1 = structure(c(0, 0, 0, 0, 0, 
0, 6, 299, 0, 0, 0, 0, 20, 0, 0), dim = c(5L, 3L), dimnames = list(
    c("-2", "-1", "0", "1", "2"), c("-", "A", "G"))), GM07_SNP1 = structure(c(0, 
0, 0, 0, 0, 14, 107, 3, 1, 7, 86, 1, 0, 0, 1, 0), dim = c(4L, 
4L), dimnames = list(c("-2", "-1", "0", "1"), c("-", "A", "G", 
"T"))), GM09_SNP1 = structure(c(0, 0, 36, 0, 0, 0, 0, 0, 1, 4, 
392, 0, 0, 0, 2, 0), dim = c(4L, 4L), dimnames = list(c("-2", 
"-1", "0", "1"), c("A", "C", "G", "T"))), GM11_SNP1 = structure(c(0, 
73, 0, 0, 12, 0), dim = 3:2, dimnames = list(c("-1", "0", "1"
), c("A", "G"))), GM14_SNP1 = structure(c(0, 0, 0, 0, 0, 0, 0, 
8, 267, 2, 0, 0, 0, 22, 0), dim = c(5L, 3L), dimnames = list(
    c("-3", "-2", "-1", "0", "1"), c("-", "C", "T"))), GM17_SNP1 = structure(c(0, 
0, 0, 0, 0, 1, 36, 1, 1, 0, 273, 0), dim = 4:3, dimnames = list(
    c("-2", "-1", "0", "1"), c("A", "C", "T"))), GM22_SNP1 = structure(c(0, 
1, 116, 0, 0, 0, 0, 0, 0, 0, 104, 0, 0, 0, 0, 0), dim = c(4L, 
4L), dimnames = list(c("-2", "-1", "0", "1"), c("A", "C", "G", 
"T"))), GM26_SNP1 = structure(c(0, 0, 113, 0, 0, 0, 2, 0, 0, 
0, 0, 0), dim = 4:3, dimnames = list(c("-3", "-1", "0", "1"), 
    c("A", "G", "T"))), GM29_SNP1 = structure(c(0, 0, 19, 0, 
0, 5, 162, 0), dim = c(4L, 2L), dimnames = list(c("-2", "-1", 
"0", "1"), c("A", "G"))), IM16_SNP1 = structure(c(0, 2, 72, 2, 
0, 0, 2, 76, 0, 0, 0, 0, 1, 0, 0), dim = c(5L, 3L), dimnames = list(
    c("-2", "-1", "0", "1", "2"), c("A", "G", "T"))), IM49_SNP1 = structure(c(0, 
3, 228, 103, 0, 0, 0, 0, 16, 313, 7, 0, 0, 0, 0, 1, 0, 0), dim = c(6L, 
3L), dimnames = list(c("-3", "-2", "-1", "0", "1", "2"), c("C", 
"G", "T"))), LR10_SNP1 = structure(c(0, 0, 0, 3, 203, 0, 0, 22, 
0), dim = c(3L, 3L), dimnames = list(c("-1", "0", "1"), c("A", 
"C", "T"))), LR11_SNP1 = structure(c(0, 0, 21, 0, 0, 1, 136, 
0), dim = c(4L, 2L), dimnames = list(c("-2", "-1", "0", "1"), 
    c("A", "C"))), LR17_SNP1 = structure(c(0, 3, 169, 0, 0), dim = c(5L, 
1L), dimnames = list(c("-2", "-1", "0", "1", "2"), "A")), LR20_SNP1 = structure(c(0, 
1, 198, 1, 0, 0, 21, 0), dim = c(4L, 2L), dimnames = list(c("-2", 
"-1", "0", "1"), c("A", "G"))), LR24_SNP1 = structure(c(0, 0, 
4, 358, 0, 0, 0, 4, 345, 0, 0, 0, 0, 0, 0), dim = c(5L, 3L), dimnames = list(
    c("-3", "-2", "-1", "0", "1"), c("A", "G", "T"))), LR36_SNP1 = structure(c(0, 
0, 5, 208, 2, 0, 0, 0, 0, 0, 0, 0, 0, 2, 81, 64, 0, 0), dim = c(6L, 
3L), dimnames = list(c("-3", "-2", "-1", "0", "1", "2"), c("A", 
"G", "T"))), LR40_SNP1 = structure(c(0, 1, 1, 0, 0, 0, 127, 0
), dim = c(4L, 2L), dimnames = list(c("-2", "-1", "0", "1"), 
    c("A", "C"))), LR44_SNP1 = structure(c(0, 1, 1, 103, 3, 0, 
0, 7, 68, 78, 2, 0), dim = c(6L, 2L), dimnames = list(c("-3", 
"-2", "-1", "0", "1", "2"), c("C", "T"))), LR46_SNP1 = structure(c(34, 
58, 0, 0, 107, 1), dim = 3:2, dimnames = list(c("-1", "0", "1"
), c("G", "T"))), LR48_SNP1 = structure(c(1, 3, 74, 0, 0, 1, 
0, 66, 1, 0), dim = c(5L, 2L), dimnames = list(c("-2", "-1", 
"0", "1", "2"), c("C", "T"))), LR49_SNP1 = structure(c(0, 326, 
0, 0, 18, 0), dim = 3:2, dimnames = list(c("-1", "0", "1"), c("A", 
"G"))), LR52_SNP1 = structure(c(0, 1, 13, 19, 0, 0, 0, 5, 35, 
2), dim = c(5L, 2L), dimnames = list(c("-3", "-2", "-1", "0", 
"1"), c("C", "T"))))
