Result <-
list(DEPDC2_SNP1 = structure(c(0, 0, 0, 0, 0, 4, 839, 3, 0, 1, 
940, 0), dim = 4:3, dimnames = list(c("-2", "-1", "0", "1"), 
    c("A", "C", "T"))), GM01_SNP1 = structure(c(3, 360, 0, 2, 
308, 0), dim = 3:2, dimnames = list(c("-1", "0", "1"), c("A", 
"G"))), GM07_SNP1 = structure(c(0, 0, 0, 0, 0, 0, 3, 337, 2, 
0, 0, 13, 334, 5, 0), dim = c(5L, 3L), dimnames = list(c("-2", 
"-1", "0", "1", "2"), c("-", "A", "G"))), GM09_SNP1 = structure(c(0, 
16, 0, 0, 0, 0, 3, 916, 0), dim = c(3L, 3L), dimnames = list(
    c("-1", "0", "1"), c("A", "C", "G"))), GM11_SNP1 = structure(c(0, 
0, 175, 0, 0, 0, 184, 0), dim = c(4L, 2L), dimnames = list(c("-2", 
"-1", "0", "1"), c("A", "G"))), GM14_SNP1 = structure(c(0, 0, 
0, 0, 0, 0, 0, 12, 0, 0, 0, 5, 875, 5, 0), dim = c(5L, 3L), dimnames = list(
    c("-2", "-1", "0", "1", "3"), c("-", "C", "T"))), GM17_SNP1 = structure(c(0, 
0, 475, 1, 0, 0, 0, 0, 0, 1, 467, 1), dim = 4:3, dimnames = list(
    c("-2", "-1", "0", "1"), c("C", "G", "T"))), GM22_SNP1 = structure(c(0, 
0, 3, 0, 0, 2, 430, 0), dim = c(4L, 2L), dimnames = list(c("-2", 
"-1", "0", "1"), c("A", "G"))), GM26_SNP1 = structure(c(0, 2, 
783, 0, 0, 0, 0, 0, 0, 0, 2, 0), dim = 4:3, dimnames = list(c("-2", 
"-1", "0", "1"), c("A", "C", "G"))), GM29_SNP1 = structure(c(0, 
4, 310, 0, 0, 0, 0, 0, 0, 2, 322, 0), dim = 4:3, dimnames = list(
    c("-2", "-1", "0", "1"), c("A", "C", "G"))), IM16_SNP1 = structure(c(0, 
149, 1, 0, 2, 167, 1, 0), dim = c(4L, 2L), dimnames = list(c("-1", 
"0", "1", "2"), c("A", "G"))), IM49_SNP1 = structure(c(0, 21, 
1169, 3, 0, 1, 0, 0, 13, 0, 0, 0), dim = c(6L, 2L), dimnames = list(
    c("-2", "-1", "0", "1", "2", "3"), c("C", "G"))), LR10_SNP1 = structure(c(0, 
0, 0, 0, 0, 1, 10, 0, 0, 2, 626, 0), dim = 4:3, dimnames = list(
    c("-2", "-1", "0", "1"), c("A", "C", "T"))), LR11_SNP1 = structure(c(0, 
1, 258, 1, 0, 0, 3, 220, 1, 0), dim = c(5L, 2L), dimnames = list(
    c("-2", "-1", "0", "1", "2"), c("A", "C"))), LR17_SNP1 = structure(c(0, 
6, 383, 2, 0), dim = c(5L, 1L), dimnames = list(c("-2", "-1", 
"0", "1", "2"), "A")), LR20_SNP1 = structure(c(0, 8, 0, 0, 465, 
0), dim = 3:2, dimnames = list(c("-1", "0", "1"), c("A", "G"))), 
    LR24_SNP1 = structure(c(0, 0, 0, 0, 0, 2, 580, 0, 0, 4, 1515, 
    0), dim = 4:3, dimnames = list(c("-2", "-1", "0", "1"), c("-", 
    "A", "G"))), LR36_SNP1 = structure(c(0, 0, 0, 5, 299, 3, 
    0, 0, 0, 0, 1, 0, 0, 0, 0, 0, 283, 0), dim = c(6L, 3L), dimnames = list(
        c("-5", "-3", "-2", "-1", "0", "1"), c("A", "C", "T"))), 
    LR40_SNP1 = structure(c(0, 0, 0, 0, 286, 1, 0, 0, 0), dim = c(3L, 
    3L), dimnames = list(c("-1", "0", "1"), c("A", "C", "T"))), 
    LR44_SNP1 = structure(c(0, 0, 1, 0, 0, 0, 17, 567, 3, 0, 
    1, 0, 11, 0, 0), dim = c(5L, 3L), dimnames = list(c("-2", 
    "-1", "0", "1", "2"), c("-", "C", "T"))), LR46_SNP1 = structure(c(0, 
    0, 0, 0, 9, 0, 2, 601, 0), dim = c(3L, 3L), dimnames = list(
        c("-1", "0", "1"), c("C", "G", "T"))), LR48_SNP1 = structure(c(1, 
    6, 394, 4, 0, 0, 1, 0), dim = c(4L, 2L), dimnames = list(
        c("-2", "-1", "0", "1"), c("C", "T"))), LR49_SNP1 = structure(c(0, 
    1113, 0, 0, 8, 0, 0, 0, 0), dim = c(3L, 3L), dimnames = list(
        c("-1", "0", "1"), c("A", "G", "T"))), LR52_SNP1 = structure(c(0, 
    0, 11, 504, 1), dim = c(5L, 1L), dimnames = list(c("-4", 
    "-2", "-1", "0", "1"), "T")))
