Result <-
list(DEPDC2_SNP1 = structure(c(2, 421, 0, 0, 0, 0, 3, 439, 0), dim = c(3L, 
3L), dimnames = list(c("-1", "0", "1"), c("C", "G", "T"))), GM01_SNP1 = structure(c(4, 
774, 0, 0, 0, 0, 0, 0), dim = c(4L, 2L), dimnames = list(c("-1", 
"0", "1", "2"), c("A", "G"))), GM07_SNP1 = structure(c(0, 11, 
582, 4, 0, 0, 0, 0, 1, 0, 0, 0), dim = c(6L, 2L), dimnames = list(
    c("-2", "-1", "0", "1", "2", "3"), c("A", "G"))), GM09_SNP1 = structure(c(1, 
697, 0, 3, 643, 0, 0, 1, 0), dim = c(3L, 3L), dimnames = list(
    c("-1", "0", "1"), c("A", "G", "T"))), GM11_SNP1 = structure(c(1, 
982, 5, 0, 0, 0), dim = 3:2, dimnames = list(c("-1", "0", "1"
), c("A", "G"))), GM14_SNP1 = structure(c(2, 15, 787, 3, 0, 0, 
0, 0), dim = c(4L, 2L), dimnames = list(c("-2", "-1", "0", "1"
), c("C", "T"))), GM17_SNP1 = structure(c(0, 7, 971, 0, 0, 0, 
4, 0), dim = c(4L, 2L), dimnames = list(c("-2", "-1", "0", "1"
), c("C", "T"))), GM22_SNP1 = structure(c(0, 4, 912, 1, 0, 0, 
2, 0, 0, 0, 0, 0), dim = 4:3, dimnames = list(c("-2", "-1", "0", 
"1"), c("A", "G", "T"))), GM26_SNP1 = structure(c(1, 544, 1, 
0, 1, 0), dim = 3:2, dimnames = list(c("-1", "0", "1"), c("A", 
"G"))), GM29_SNP1 = structure(c(0, 3, 608, 1, 0, 0, 4, 0), dim = c(4L, 
2L), dimnames = list(c("-2", "-1", "0", "1"), c("A", "G"))), 
    IM16_SNP1 = structure(c(0, 1, 291, 1, 0, 0, 0, 0, 0, 2, 361, 
    3), dim = 4:3, dimnames = list(c("-2", "-1", "0", "1"), c("A", 
    "C", "G"))), IM49_SNP1 = structure(c(0, 15, 912, 6, 0, 0, 
    1, 0), dim = c(4L, 2L), dimnames = list(c("-2", "-1", "0", 
    "1"), c("C", "G"))), LR10_SNP1 = structure(c(0, 0, 0, 0, 
    6, 628, 2, 0, 2, 619, 1, 0), dim = 4:3, dimnames = list(c("-1", 
    "0", "1", "2"), c("A", "C", "T"))), LR11_SNP1 = structure(c(0, 
    0, 2, 0, 0, 0, 22, 1194, 8, 0), dim = c(5L, 2L), dimnames = list(
        c("-2", "-1", "0", "1", "2"), c("A", "C"))), LR17_SNP1 = structure(c(0, 
    22, 1207, 4, 1), dim = c(5L, 1L), dimnames = list(c("-2", 
    "-1", "0", "1", "2"), "A")), LR20_SNP1 = structure(c(0, 940, 
    0, 0, 2, 0), dim = 3:2, dimnames = list(c("-1", "0", "1"), 
        c("A", "G"))), LR24_SNP1 = structure(c(0, 0, 0, 0, 11, 
    0, 4, 1794, 2), dim = c(3L, 3L), dimnames = list(c("-1", 
    "0", "1"), c("-", "A", "G"))), LR36_SNP1 = structure(c(0, 
    0, 0, 0, 0, 0, 1, 26, 697, 2), dim = c(5L, 2L), dimnames = list(
        c("-3", "-2", "-1", "0", "1"), c("A", "T"))), LR40_SNP1 = structure(c(3, 
    334, 0, 0, 314, 0), dim = 3:2, dimnames = list(c("-1", "0", 
    "1"), c("A", "C"))), LR44_SNP1 = structure(c(0, 0, 0, 1, 
    0, 0, 0, 0, 0, 2, 0, 0, 0, 2, 32, 739, 4, 0), dim = c(6L, 
    3L), dimnames = list(c("-3", "-2", "-1", "0", "1", "2"), 
        c("A", "C", "T"))), LR46_SNP1 = structure(c(2, 823, 1, 
    0, 2, 0), dim = 3:2, dimnames = list(c("-1", "0", "1"), c("G", 
    "T"))), LR48_SNP1 = structure(c(0, 11, 571, 2, 0, 0, 0, 0, 
    0, 0, 0, 0), dim = 4:3, dimnames = list(c("-2", "-1", "0", 
    "1"), c("C", "G", "T"))), LR49_SNP1 = structure(c(0, 1, 0, 
    1, 888, 0, 0, 0, 0), dim = c(3L, 3L), dimnames = list(c("-1", 
    "0", "1"), c("A", "G", "T"))), LR52_SNP1 = structure(c(0, 
    0, 0, 0, 0, 1, 2, 23, 489, 2, 0, 0, 1, 2, 0), dim = c(5L, 
    3L), dimnames = list(c("-3", "-2", "-1", "0", "1"), c("A", 
    "C", "T"))))
