Result <-
list(DEPDC2_SNP1 = structure(c(0L, 2L, 0L, 87L, 4744L, 13L, 0L, 
1L, 0L, 0L, 5L, 0L, 2L, 150L, 0L), dim = c(3L, 5L), dimnames = structure(list(
    c("-1", "0", "1"), c("A", "C", "G", "T", NA)), names = c("", 
""))), GM01_SNP1 = structure(c(0L, 0L, 2L, 0L, 0L, 1L, 130L, 
7571L, 52L, 1L, 1L, 294L, 7749L, 28L, 0L, 0L, 3L, 298L, 1L, 0L
), dim = 5:4, dimnames = structure(list(c("-2", "-1", "0", "1", 
"2"), c("-", "A", "G", NA)), names = c("", ""))), GM07_SNP1 = structure(c(0L, 
0L, 3L, 0L, 0L, 0L, 4L, 412L, 4180L, 2661L, 136L, 3L, 0L, 0L, 
9L, 3L, 0L, 0L, 1L, 11L, 138L, 54L, 4L, 0L), dim = c(6L, 4L), dimnames = structure(list(
    c("-2", "-1", "0", "1", "2", "3"), c("-", "A", "G", NA)), names = c("", 
""))), GM09_SNP1 = structure(c(81L, 11542L, 10L, 0L, 10L, 0L, 
0L, 1L, 0L, 0L, 148L, 0L), dim = 3:4, dimnames = structure(list(
    c("-1", "0", "1"), c("A", "G", "T", NA)), names = c("", ""
))), GM11_SNP1 = structure(c(95L, 3673L, 8L, 84L, 4043L, 20L, 
0L, 92L, 0L), dim = c(3L, 3L), dimnames = structure(list(c("-1", 
"0", "1"), c("A", "G", NA)), names = c("", ""))), GM14_SNP1 = structure(c(0L, 
0L, 0L, 1L, 0L, 0L, 0L, 0L, 0L, 2L, 0L, 0L, 1L, 14L, 607L, 5242L, 
43L, 2L, 1L, 4L, 224L, 5422L, 21L, 0L, 0L, 0L, 3L, 229L, 2L, 
0L), dim = 6:5, dimnames = structure(list(c("-3", "-2", "-1", 
"0", "1", "2"), c("-", "A", "C", "T", NA)), names = c("", ""))), 
    GM17_SNP1 = structure(c(0L, 0L, 2L, 0L, 2L, 171L, 14528L, 
    43L, 0L, 0L, 1L, 0L, 0L, 0L, 16L, 0L, 0L, 2L, 134L, 0L), dim = 4:5, dimnames = structure(list(
        c("-2", "-1", "0", "1"), c("A", "C", "G", "T", NA)), names = c("", 
    ""))), GM22_SNP1 = structure(c(5L, 3L, 341L, 23045L, 76L, 
    0L, 0L, 0L, 20L, 0L, 0L, 0L, 0L, 1L, 0L, 0L, 1L, 10L, 531L, 
    7L), dim = 5:4, dimnames = structure(list(c("-3", "-2", "-1", 
    "0", "1"), c("A", "G", "T", NA)), names = c("", ""))), GM26_SNP1 = structure(c(2L, 
    383L, 4540L, 9L, 1L, 0L, 0L, 3L, 0L, 0L, 1L, 8L, 92L, 0L, 
    0L), dim = c(5L, 3L), dimnames = structure(list(c("-2", "-1", 
    "0", "1", "2"), c("A", "G", NA)), names = c("", ""))), GM29_SNP1 = structure(c(1L, 
    2L, 255L, 9367L, 59L, 0L, 0L, 0L, 8L, 0L, 0L, 0L, 4L, 126L, 
    2L), dim = c(5L, 3L), dimnames = structure(list(c("-3", "-2", 
    "-1", "0", "1"), c("A", "G", NA)), names = c("", ""))), IM16_SNP1 = structure(c(2L, 
    201L, 7391L, 88L, 2L, 0L, 0L, 7L, 0L, 0L, 0L, 0L, 2L, 0L, 
    0L, 0L, 3L, 160L, 3L, 0L), dim = 5:4, dimnames = structure(list(
        c("-2", "-1", "0", "1", "2"), c("A", "G", "T", NA)), names = c("", 
    ""))), IM49_SNP1 = structure(c(3L, 75L, 739L, 19L, 3L, 141L, 
    628L, 12L, 0L, 9L, 63L, 3L), dim = 4:3, dimnames = structure(list(
        c("-2", "-1", "0", "1"), c("C", "G", NA)), names = c("", 
    ""))), LR10_SNP1 = structure(c(0L, 9L, 0L, 101L, 6865L, 30L, 
    1L, 173L, 4L), dim = c(3L, 3L), dimnames = structure(list(
        c("-1", "0", "1"), c("C", "T", NA)), names = c("", ""
    ))), LR11_SNP1 = structure(c(0L, 1L, 4L, 0L, 0L, 14L, 568L, 
    5942L, 38L, 1L, 0L, 9L, 156L, 0L, 1L), dim = c(5L, 3L), dimnames = structure(list(
        c("-2", "-1", "0", "1", "2"), c("A", "C", NA)), names = c("", 
    ""))), LR17_SNP1 = structure(c(31L, 806L, 11581L, 153L, 2L, 
    0L, 0L, 8L, 0L, 0L, 0L, 44L, 1377L, 7L, 0L), dim = c(5L, 
    3L), dimnames = structure(list(c("-2", "-1", "0", "1", "2"
    ), c("A", "G", NA)), names = c("", ""))), LR20_SNP1 = structure(c(0L, 
    1L, 0L, 23L, 1390L, 1L, 4L, 1355L, 1L, 0L, 31L, 0L), dim = 3:4, dimnames = structure(list(
        c("-1", "0", "1"), c("-", "A", "G", NA)), names = c("", 
    ""))), LR24_SNP1 = structure(c(0L, 0L, 23L, 0L, 0L, 1L, 52L, 
    4903L, 13L, 0L, 0L, 1L, 48L, 0L, 1L), dim = c(5L, 3L), dimnames = structure(list(
        c("-2", "-1", "0", "1", "2"), c("A", "G", NA)), names = c("", 
    ""))), LR36_SNP1 = structure(c(1L, 5L, 207L, 3605L, 43L, 
    0L, 0L, 0L, 1L, 0L, 0L, 5L, 141L, 3421L, 24L, 0L, 1L, 12L, 
    344L, 1L), dim = 5:4, dimnames = structure(list(c("-3", "-2", 
    "-1", "0", "1"), c("A", "G", "T", NA)), names = c("", ""))), 
    LR40_SNP1 = structure(c(1L, 92L, 5263L, 17L, 0L, 0L, 10L, 
    0L, 0L, 3L, 96L, 0L), dim = 4:3, dimnames = structure(list(
        c("-2", "-1", "0", "1"), c("A", "C", NA)), names = c("", 
    ""))), LR44_SNP1 = structure(c(0L, 0L, 0L, 1L, 0L, 0L, 0L, 
    3L, 53L, 525L, 1555L, 20L, 1L, 1L, 0L, 0L, 0L, 1L, 0L, 0L, 
    0L, 0L, 0L, 7L, 54L, 2L, 0L, 0L), dim = c(7L, 4L), dimnames = structure(list(
        c("-3", "-2", "-1", "0", "1", "2", "5"), c("A", "C", 
        "T", NA)), names = c("", ""))), LR46_SNP1 = structure(c(0L, 
    0L, 1L, 0L, 0L, 0L, 0L, 2L, 0L, 0L, 0L, 0L, 2L, 0L, 0L, 0L, 
    88L, 8798L, 18L, 1L, 1L, 82L, 8294L, 28L, 0L, 0L, 3L, 276L, 
    0L, 0L), dim = 5:6, dimnames = structure(list(c("-2", "-1", 
    "0", "1", "2"), c("-", "A", "C", "G", "T", NA)), names = c("", 
    ""))), LR48_SNP1 = structure(c(0L, 1L, 1L, 0L, 0L, 26L, 1042L, 
    15081L, 235L, 1L, 0L, 0L, 1L, 0L, 0L, 0L, 1L, 3L, 0L, 0L, 
    0L, 10L, 425L, 3L, 0L), dim = c(5L, 5L), dimnames = structure(list(
        c("-2", "-1", "0", "1", "2"), c("A", "C", "G", "T", NA
        )), names = c("", ""))), LR49_SNP1 = structure(c(0L, 
    15L, 0L, 139L, 6959L, 3L, 0L, 1L, 0L, 1L, 84L, 0L), dim = 3:4, dimnames = structure(list(
        c("-1", "0", "1"), c("A", "G", "T", NA)), names = c("", 
    ""))), LR52_SNP1 = structure(c(0L, 0L, 0L, 0L, 0L, 2L, 0L, 
    0L, 0L, 0L, 0L, 2L, 1L, 4L, 0L, 0L, 2L, 1L, 7L, 109L, 1113L, 
    7420L, 122L, 2L, 0L, 0L, 0L, 3L, 28L, 481L, 8L, 0L), dim = c(8L, 
    4L), dimnames = structure(list(c("-5", "-4", "-3", "-2", 
    "-1", "0", "1", "2"), c("A", "C", "T", NA)), names = c("", 
    ""))))
