Result <-
list(DEPDC2_SNP1 = structure(c(0L, 2L, 0L, 0L, 1L, 0L, 23L, 3268L, 
110L, 0L, 68L, 0L), dim = 3:4, dimnames = structure(list(c("-1", 
"0", "1"), c("A", "C", "T", NA)), names = c("", ""))), GM01_SNP1 = structure(c(15L, 
162L, 10157L, 80L, 2L, 0L, 0L, 15L, 0L, 0L, 0L, 2L, 262L, 2L, 
0L), dim = c(5L, 3L), dimnames = structure(list(c("-2", "-1", 
"0", "1", "2"), c("A", "G", NA)), names = c("", ""))), GM07_SNP1 = structure(c(0L, 
0L, 1L, 0L, 0L, 3L, 218L, 2678L, 87L, 3L, 4L, 186L, 2377L, 75L, 
1L, 1L, 8L, 157L, 5L, 0L), dim = 5:4, dimnames = structure(list(
    c("-2", "-1", "0", "1", "2"), c("-", "A", "G", NA)), names = c("", 
""))), GM09_SNP1 = structure(c(33L, 6274L, 7L, 0L, 8L, 0L, 0L, 
77L, 1L), dim = c(3L, 3L), dimnames = structure(list(c("-1", 
"0", "1"), c("A", "G", NA)), names = c("", ""))), GM11_SNP1 = structure(c(0L, 
16L, 2506L, 8L, 1L, 3L, 109L, 2323L, 9L, 0L, 0L, 1L, 79L, 0L, 
0L), dim = c(5L, 3L), dimnames = structure(list(c("-2", "-1", 
"0", "1", "2"), c("A", "G", NA)), names = c("", ""))), GM14_SNP1 = structure(c(0L, 
0L, 1L, 0L, 4L, 145L, 3625L, 29L, 21L, 366L, 3252L, 24L, 0L, 
5L, 151L, 2L), dim = c(4L, 4L), dimnames = structure(list(c("-2", 
"-1", "0", "1"), c("A", "C", "T", NA)), names = c("", ""))), 
    GM17_SNP1 = structure(c(1L, 70L, 4141L, 15L, 0L, 71L, 4509L, 
    11L, 0L, 3L, 115L, 0L), dim = 4:3, dimnames = structure(list(
        c("-2", "-1", "0", "1"), c("C", "T", NA)), names = c("", 
    ""))), GM22_SNP1 = structure(c(1L, 166L, 7104L, 23L, 0L, 
    153L, 5764L, 19L, 1L, 10L, 459L, 3L), dim = 4:3, dimnames = structure(list(
        c("-2", "-1", "0", "1"), c("A", "G", NA)), names = c("", 
    ""))), GM26_SNP1 = structure(c(9L, 1471L, 3L, 13L, 1510L, 
    6L, 1L, 86L, 0L), dim = c(3L, 3L), dimnames = structure(list(
        c("-1", "0", "1"), c("A", "G", NA)), names = c("", ""
    ))), GM29_SNP1 = structure(c(0L, 1L, 111L, 2483L, 9L, 1L, 
    0L, 37L, 2196L, 15L, 0L, 0L, 0L, 1L, 0L, 0L, 0L, 1L, 63L, 
    1L), dim = 5:4, dimnames = structure(list(c("-3", "-2", "-1", 
    "0", "1"), c("A", "G", "T", NA)), names = c("", ""))), IM16_SNP1 = structure(c(0L, 
    1L, 5L, 0L, 0L, 1L, 128L, 4586L, 79L, 7L, 0L, 3L, 115L, 6L, 
    0L), dim = c(5L, 3L), dimnames = structure(list(c("-2", "-1", 
    "0", "1", "2"), c("A", "G", NA)), names = c("", ""))), IM49_SNP1 = structure(c(53L, 
    624L, 11L, 13L, 518L, 11L, 0L, 76L, 0L), dim = c(3L, 3L), dimnames = structure(list(
        c("-1", "0", "1"), c("C", "G", NA)), names = c("", ""
    ))), LR10_SNP1 = structure(c(0L, 175L, 4416L, 31L, 1L, 1L, 
    0L, 0L, 0L, 0L, 0L, 0L, 8L, 0L, 0L, 0L, 3L, 64L, 2L, 0L), dim = 5:4, dimnames = structure(list(
        c("-2", "-1", "0", "1", "2"), c("C", "G", "T", NA)), names = c("", 
    ""))), LR11_SNP1 = structure(c(3L, 185L, 1936L, 12L, 2L, 
    106L, 1800L, 14L, 0L, 8L, 104L, 1L), dim = 4:3, dimnames = structure(list(
        c("-2", "-1", "0", "1"), c("A", "C", NA)), names = c("", 
    ""))), LR17_SNP1 = structure(c(2L, 28L, 935L, 4664L, 128L, 
    2L, 0L, 0L, 1L, 2L, 0L, 0L, 0L, 0L, 60L, 638L, 10L, 0L), dim = c(6L, 
    3L), dimnames = structure(list(c("-3", "-2", "-1", "0", "1", 
    "2"), c("A", "G", NA)), names = c("", ""))), LR20_SNP1 = structure(c(5L, 
    1575L, 2L, 0L, 1L, 0L, 0L, 4L, 1L), dim = c(3L, 3L), dimnames = structure(list(
        c("-1", "0", "1"), c("A", "G", NA)), names = c("", ""
    ))), LR24_SNP1 = structure(c(16L, 1349L, 0L, 13L, 1359L, 
    2L, 0L, 48L, 0L), dim = c(3L, 3L), dimnames = structure(list(
        c("-1", "0", "1"), c("A", "G", NA)), names = c("", ""
    ))), LR36_SNP1 = structure(c(30L, 573L, 4132L, 127L, 1L, 
    0L, 0L, 7L, 0L, 0L, 0L, 4L, 116L, 3L, 0L), dim = c(5L, 3L
    ), dimnames = structure(list(c("-2", "-1", "0", "1", "2"), 
        c("A", "T", NA)), names = c("", ""))), LR40_SNP1 = structure(c(1L, 
    61L, 2946L, 11L, 0L, 0L, 1L, 0L, 0L, 0L, 57L, 1L), dim = 4:3, dimnames = structure(list(
        c("-2", "-1", "0", "1"), c("C", "T", NA)), names = c("", 
    ""))), LR44_SNP1 = structure(c(0L, 0L, 1L, 0L, 14L, 203L, 
    719L, 6L, 25L, 181L, 750L, 11L, 1L, 2L, 41L, 1L), dim = c(4L, 
    4L), dimnames = structure(list(c("-2", "-1", "0", "1"), c("A", 
    "C", "T", NA)), names = c("", ""))), LR46_SNP1 = structure(c(0L, 
    0L, 1L, 0L, 0L, 0L, 10L, 0L, 0L, 33L, 4952L, 5L, 1L, 73L, 
    4909L, 10L, 0L, 1L, 186L, 2L), dim = 4:5, dimnames = structure(list(
        c("-3", "-1", "0", "1"), c("-", "A", "G", "T", NA)), names = c("", 
    ""))), LR48_SNP1 = structure(c(1L, 31L, 1342L, 8268L, 117L, 
    1L, 0L, 0L, 0L, 1L, 0L, 0L, 0L, 0L, 0L, 3L, 0L, 0L, 0L, 1L, 
    19L, 261L, 3L, 0L), dim = c(6L, 4L), dimnames = structure(list(
        c("-3", "-2", "-1", "0", "1", "2"), c("C", "G", "T", 
        NA)), names = c("", ""))), LR49_SNP1 = structure(c(131L, 
    1703L, 1L, 3L, 2105L, 0L, 0L, 1L, 0L, 3L, 93L, 0L), dim = 3:4, dimnames = structure(list(
        c("-1", "0", "1"), c("A", "G", "T", NA)), names = c("", 
    ""))), LR52_SNP1 = structure(c(2L, 106L, 744L, 1751L, 25L, 
    0L, 0L, 0L, 2L, 0L, 75L, 306L, 592L, 1689L, 31L, 1L, 7L, 
    36L, 482L, 9L), dim = 5:4, dimnames = structure(list(c("-3", 
    "-2", "-1", "0", "1"), c("C", "G", "T", NA)), names = c("", 
    ""))))
