Result <-
list(DEPDC2_SNP1 = structure(c(0L, 0L, 1L, 0L, 1L, 33L, 1940L, 
4L, 0L, 50L, 1944L, 8L, 0L, 1L, 85L, 0L), dim = c(4L, 4L), dimnames = structure(list(
    c("-4", "-1", "0", "1"), c("A", "C", "T", NA)), names = c("", 
""))), GM01_SNP1 = structure(c(0L, 0L, 1L, 0L, 0L, 3L, 407L, 
10885L, 43L, 2L, 0L, 0L, 7L, 0L, 0L, 0L, 12L, 228L, 0L, 0L), dim = 5:4, dimnames = structure(list(
    c("-2", "-1", "0", "1", "2"), c("-", "A", "G", NA)), names = c("", 
""))), GM07_SNP1 = structure(c(0L, 1L, 1L, 0L, 0L, 0L, 43L, 1362L, 
5297L, 167L, 3L, 1L, 0L, 0L, 7L, 0L, 0L, 0L, 0L, 1L, 0L, 0L, 
0L, 0L, 3L, 33L, 184L, 3L, 0L, 0L), dim = 6:5, dimnames = structure(list(
    c("-2", "-1", "0", "1", "2", "3"), c("-", "A", "G", "T", 
    NA)), names = c("", ""))), GM09_SNP1 = structure(c(46L, 3710L, 
6L, 20L, 3975L, 12L, 0L, 86L, 1L), dim = c(3L, 3L), dimnames = structure(list(
    c("-1", "0", "1"), c("A", "G", NA)), names = c("", ""))), 
    GM11_SNP1 = structure(c(1L, 15L, 2350L, 13L, 0L, 0L, 13L, 
    2311L, 8L, 1L, 0L, 0L, 1L, 0L, 0L, 0L, 0L, 75L, 1L, 0L), dim = 5:4, dimnames = structure(list(
        c("-2", "-1", "0", "1", "2"), c("A", "G", "T", NA)), names = c("", 
    ""))), GM14_SNP1 = structure(c(15L, 207L, 3789L, 46L, 1L, 
    7L, 141L, 4055L, 55L, 0L, 0L, 1L, 171L, 0L, 0L), dim = c(5L, 
    3L), dimnames = structure(list(c("-2", "-1", "0", "1", "2"
    ), c("C", "T", NA)), names = c("", ""))), GM17_SNP1 = structure(c(0L, 
    0L, 1L, 0L, 1L, 68L, 4219L, 19L, 0L, 107L, 3997L, 14L, 0L, 
    0L, 109L, 0L), dim = c(4L, 4L), dimnames = structure(list(
        c("-2", "-1", "0", "1"), c("A", "C", "T", NA)), names = c("", 
    ""))), GM22_SNP1 = structure(c(8L, 318L, 14933L, 74L, 0L, 
    0L, 4L, 0L, 0L, 7L, 358L, 1L), dim = 4:3, dimnames = structure(list(
        c("-2", "-1", "0", "1"), c("A", "G", NA)), names = c("", 
    ""))), GM26_SNP1 = structure(c(0L, 16L, 1897L, 7L, 2L, 585L, 
    1255L, 6L, 0L, 0L, 1L, 0L, 0L, 10L, 75L, 1L), dim = c(4L, 
    4L), dimnames = structure(list(c("-2", "-1", "0", "1"), c("A", 
    "G", "T", NA)), names = c("", ""))), GM29_SNP1 = structure(c(1L, 
    16L, 579L, 4659L, 14L, 1L, 0L, 0L, 0L, 6L, 0L, 0L, 0L, 0L, 
    5L, 51L, 0L, 0L), dim = c(6L, 3L), dimnames = structure(list(
        c("-3", "-2", "-1", "0", "1", "2"), c("A", "G", NA)), names = c("", 
    ""))), IM16_SNP1 = structure(c(731L, 2202L, 52L, 247L, 2710L, 
    39L, 17L, 115L, 2L), dim = c(3L, 3L), dimnames = structure(list(
        c("-1", "0", "1"), c("A", "G", NA)), names = c("", ""
    ))), IM49_SNP1 = structure(c(3L, 302L, 1298L, 20L, 1L, 0L, 
    1L, 1L, 0L, 0L, 0L, 1L, 40L, 1L, 0L), dim = c(5L, 3L), dimnames = structure(list(
        c("-2", "-1", "0", "1", "2"), c("C", "G", NA)), names = c("", 
    ""))), LR10_SNP1 = structure(c(0L, 21L, 0L, 84L, 2849L, 18L, 
    49L, 2799L, 11L, 3L, 92L, 2L), dim = 3:4, dimnames = structure(list(
        c("-1", "0", "1"), c("A", "C", "T", NA)), names = c("", 
    ""))), LR11_SNP1 = structure(c(1L, 7L, 758L, 4297L, 27L, 
    1L, 0L, 0L, 0L, 4L, 0L, 0L, 0L, 0L, 0L, 1L, 0L, 0L, 0L, 0L, 
    0L, 3L, 0L, 0L, 0L, 0L, 20L, 111L, 0L, 0L), dim = 6:5, dimnames = structure(list(
        c("-3", "-2", "-1", "0", "1", "2"), c("A", "C", "G", 
        "T", NA)), names = c("", ""))), LR17_SNP1 = structure(c(11L, 
    549L, 5398L, 63L, 1L, 0L, 0L, 1L, 0L, 0L, 0L, 26L, 695L, 
    2L, 0L), dim = c(5L, 3L), dimnames = structure(list(c("-2", 
    "-1", "0", "1", "2"), c("A", "G", NA)), names = c("", ""))), 
    LR20_SNP1 = structure(c(32L, 2050L, 3L, 0L, 1L, 0L, 0L, 12L, 
    0L), dim = c(3L, 3L), dimnames = structure(list(c("-1", "0", 
    "1"), c("A", "G", NA)), names = c("", ""))), LR24_SNP1 = structure(c(0L, 
    1L, 0L, 5L, 1499L, 3L, 22L, 1613L, 2L, 2L, 54L, 0L), dim = 3:4, dimnames = structure(list(
        c("-1", "0", "1"), c("-", "A", "G", NA)), names = c("", 
    ""))), LR36_SNP1 = structure(c(0L, 5L, 173L, 2501L, 15L, 
    0L, 0L, 0L, 0L, 1L, 0L, 0L, 1L, 2L, 160L, 2373L, 20L, 1L, 
    0L, 0L, 10L, 250L, 2L, 0L), dim = c(6L, 4L), dimnames = structure(list(
        c("-3", "-2", "-1", "0", "1", "2"), c("A", "G", "T", 
        NA)), names = c("", ""))), LR40_SNP1 = structure(c(0L, 
    2L, 0L, 157L, 3488L, 15L, 3L, 41L, 0L), dim = c(3L, 3L), dimnames = structure(list(
        c("-1", "0", "1"), c("A", "C", NA)), names = c("", ""
    ))), LR44_SNP1 = structure(c(0L, 8L, 153L, 1016L, 26L, 1L, 
    1L, 21L, 571L, 606L, 11L, 0L, 0L, 1L, 11L, 41L, 0L, 0L), dim = c(6L, 
    3L), dimnames = structure(list(c("-3", "-2", "-1", "0", "1", 
    "2"), c("C", "T", NA)), names = c("", ""))), LR46_SNP1 = structure(c(170L, 
    6035L, 16L, 212L, 6120L, 9L, 8L, 234L, 1L), dim = c(3L, 3L
    ), dimnames = structure(list(c("-1", "0", "1"), c("G", "T", 
    NA)), names = c("", ""))), LR48_SNP1 = structure(c(0L, 0L, 
    10L, 0L, 0L, 78L, 2492L, 6957L, 84L, 1L, 0L, 0L, 6L, 0L, 
    0L, 2L, 29L, 221L, 4L, 0L), dim = 5:4, dimnames = structure(list(
        c("-2", "-1", "0", "1", "2"), c("A", "C", "T", NA)), names = c("", 
    ""))), LR49_SNP1 = structure(c(0L, 5L, 0L, 22L, 5603L, 4L, 
    0L, 59L, 0L), dim = c(3L, 3L), dimnames = structure(list(
        c("-1", "0", "1"), c("A", "G", NA)), names = c("", ""
    ))), LR52_SNP1 = structure(c(3L, 23L, 468L, 1431L, 3643L, 
    28L, 0L, 0L, 1L, 7L, 31L, 0L, 0L, 0L, 6L, 63L, 717L, 9L), dim = c(6L, 
    3L), dimnames = structure(list(c("-4", "-3", "-2", "-1", 
    "0", "1"), c("C", "T", NA)), names = c("", ""))))
