Result <-
list(DEPDC2_SNP1 = structure(c(0L, 2L, 0L, 14L, 2409L, 5L, 0L, 
1L, 0L, 0L, 101L, 0L), dim = 3:4, dimnames = structure(list(c("-1", 
"0", "1"), c("A", "C", "T", NA)), names = c("", ""))), GM01_SNP1 = structure(c(0L, 
0L, 1L, 0L, 1L, 149L, 9107L, 39L, 0L, 0L, 1L, 0L, 0L, 2L, 4L, 
0L, 0L, 5L, 212L, 2L), dim = 4:5, dimnames = structure(list(c("-2", 
"-1", "0", "1"), c("-", "A", "C", "G", NA)), names = c("", ""
))), GM07_SNP1 = structure(c(18L, 822L, 1704L, 43L, 0L, 0L, 1L, 
0L, 0L, 0L, 4L, 252L, 2076L, 52L, 1L, 0L, 14L, 111L, 3L, 0L), dim = 5:4, dimnames = structure(list(
    c("-2", "-1", "0", "1", "2"), c("A", "C", "G", NA)), names = c("", 
""))), GM09_SNP1 = structure(c(0L, 0L, 3L, 0L, 1L, 35L, 5248L, 
7L, 0L, 0L, 43L, 0L), dim = 4:3, dimnames = structure(list(c("-2", 
"-1", "0", "1"), c("A", "G", NA)), names = c("", ""))), GM11_SNP1 = structure(c(1L, 
15L, 1778L, 5L, 0L, 16L, 2204L, 7L, 0L, 0L, 1L, 0L, 0L, 2L, 49L, 
0L), dim = c(4L, 4L), dimnames = structure(list(c("-2", "-1", 
"0", "1"), c("A", "G", "T", NA)), names = c("", ""))), GM14_SNP1 = structure(c(0L, 
0L, 4L, 0L, 0L, 4L, 101L, 3038L, 21L, 1L, 1L, 91L, 2881L, 16L, 
0L, 0L, 1L, 135L, 1L, 0L), dim = 5:4, dimnames = structure(list(
    c("-2", "-1", "0", "1", "2"), c("A", "C", "T", NA)), names = c("", 
""))), GM17_SNP1 = structure(c(0L, 0L, 1L, 0L, 0L, 0L, 2L, 0L, 
2L, 49L, 3678L, 9L, 1L, 51L, 4177L, 12L, 0L, 2L, 99L, 0L), dim = 4:5, dimnames = structure(list(
    c("-2", "-1", "0", "1"), c("-", "A", "C", "T", NA)), names = c("", 
""))), GM22_SNP1 = structure(c(7L, 175L, 12486L, 58L, 1L, 0L, 
0L, 3L, 0L, 0L, 0L, 0L, 1L, 0L, 0L, 0L, 7L, 346L, 3L, 0L), dim = 5:4, dimnames = structure(list(
    c("-2", "-1", "0", "1", "2"), c("A", "G", "T", NA)), names = c("", 
""))), GM26_SNP1 = structure(c(2L, 0L, 16L, 1544L, 5L, 0L, 1L, 
35L, 1359L, 2L, 0L, 0L, 1L, 75L, 0L), dim = c(5L, 3L), dimnames = structure(list(
    c("-3", "-2", "-1", "0", "1"), c("A", "G", NA)), names = c("", 
""))), GM29_SNP1 = structure(c(1L, 59L, 4993L, 13L, 0L, 0L, 1L, 
0L, 0L, 1L, 55L, 0L), dim = 4:3, dimnames = structure(list(c("-2", 
"-1", "0", "1"), c("A", "G", NA)), names = c("", ""))), IM16_SNP1 = structure(c(1L, 
157L, 3933L, 61L, 2L, 0L, 0L, 3L, 0L, 0L, 0L, 0L, 1L, 0L, 0L, 
0L, 5L, 81L, 6L, 0L), dim = 5:4, dimnames = structure(list(c("-2", 
"-1", "0", "1", "2"), c("A", "G", "T", NA)), names = c("", ""
))), IM49_SNP1 = structure(c(5L, 36L, 1088L, 17L, 0L, 0L, 1L, 
0L, 0L, 1L, 46L, 1L), dim = 4:3, dimnames = structure(list(c("-2", 
"-1", "0", "1"), c("C", "G", NA)), names = c("", ""))), LR10_SNP1 = structure(c(0L, 
1L, 0L, 0L, 1L, 0L, 0L, 2L, 0L, 85L, 3978L, 94L, 0L, 109L, 7L
), dim = c(3L, 5L), dimnames = structure(list(c("-1", "0", "1"
), c("-", "A", "C", "T", NA)), names = c("", ""))), LR11_SNP1 = structure(c(0L, 
0L, 5L, 0L, 2L, 74L, 3186L, 17L, 0L, 2L, 99L, 0L), dim = 4:3, dimnames = structure(list(
    c("-2", "-1", "0", "1"), c("A", "C", NA)), names = c("", 
""))), LR17_SNP1 = structure(c(0L, 0L, 0L, 1L, 0L, 0L, 1L, 33L, 
1099L, 4405L, 47L, 1L, 0L, 0L, 0L, 2L, 0L, 0L, 0L, 0L, 62L, 588L, 
4L, 0L), dim = c(6L, 4L), dimnames = structure(list(c("-3", "-2", 
"-1", "0", "1", "2"), c("-", "A", "G", NA)), names = c("", ""
))), LR20_SNP1 = structure(c(1L, 754L, 2L, 4L, 814L, 2L, 0L, 
1L, 0L, 1L, 18L, 0L), dim = 3:4, dimnames = structure(list(c("-1", 
"0", "1"), c("A", "G", "T", NA)), names = c("", ""))), LR24_SNP1 = structure(c(0L, 
12L, 1295L, 0L, 1L, 16L, 1726L, 4L, 0L, 0L, 45L, 0L), dim = 4:3, dimnames = structure(list(
    c("-2", "-1", "0", "1"), c("A", "G", NA)), names = c("", 
""))), LR36_SNP1 = structure(c(0L, 2L, 54L, 2062L, 20L, 1L, 36L, 
544L, 1294L, 17L, 0L, 4L, 18L, 157L, 1L), dim = c(5L, 3L), dimnames = structure(list(
    c("-3", "-2", "-1", "0", "1"), c("A", "T", NA)), names = c("", 
""))), LR40_SNP1 = structure(c(0L, 0L, 2L, 0L, 2L, 99L, 2616L, 
12L, 0L, 2L, 45L, 0L), dim = 4:3, dimnames = structure(list(c("-2", 
"-1", "0", "1"), c("A", "C", NA)), names = c("", ""))), LR44_SNP1 = structure(c(3L, 
78L, 728L, 11L, 0L, 0L, 0L, 4L, 0L, 0L, 2L, 68L, 737L, 12L, 1L, 
0L, 2L, 40L, 0L, 0L), dim = 5:4, dimnames = structure(list(c("-2", 
"-1", "0", "1", "2"), c("C", "G", "T", NA)), names = c("", ""
))), LR46_SNP1 = structure(c(0L, 0L, 5L, 0L, 0L, 0L, 2L, 0L, 
0L, 20L, 4722L, 9L, 1L, 17L, 4979L, 8L, 0L, 1L, 188L, 0L), dim = 4:5, dimnames = structure(list(
    c("-2", "-1", "0", "1"), c("A", "C", "G", "T", NA)), names = c("", 
""))), LR48_SNP1 = structure(c(7L, 471L, 8674L, 128L, 1L, 0L, 
1L, 2L, 0L, 0L, 0L, 7L, 277L, 2L, 0L), dim = c(5L, 3L), dimnames = structure(list(
    c("-2", "-1", "0", "1", "2"), c("C", "T", NA)), names = c("", 
""))), LR49_SNP1 = structure(c(17L, 1837L, 1L, 607L, 1345L, 0L, 
6L, 70L, 0L), dim = c(3L, 3L), dimnames = structure(list(c("-1", 
"0", "1"), c("A", "G", NA)), names = c("", ""))), LR52_SNP1 = structure(c(0L, 
0L, 1L, 1L, 0L, 0L, 0L, 15L, 325L, 2070L, 32L, 0L, 1L, 8L, 165L, 
1584L, 15L, 2L, 0L, 1L, 18L, 569L, 6L, 0L), dim = c(6L, 4L), dimnames = structure(list(
    c("-3", "-2", "-1", "0", "1", "2"), c("A", "C", "T", NA)), names = c("", 
""))))
