Result <-
list(DEPDC2_SNP1 = structure(c(12L, 1630L, 5L, 12L, 1769L, 3L, 
0L, 85L, 0L), dim = c(3L, 3L), dimnames = structure(list(c("-1", 
"0", "1"), c("C", "T", NA)), names = c("", ""))), GM01_SNP1 = structure(c(0L, 
0L, 1L, 0L, 2L, 71L, 4741L, 29L, 2L, 105L, 4723L, 17L, 0L, 3L, 
171L, 1L), dim = c(4L, 4L), dimnames = structure(list(c("-2", 
"-1", "0", "1"), c("-", "A", "G", NA)), names = c("", ""))), 
    GM07_SNP1 = structure(c(0L, 0L, 4L, 0L, 0L, 6L, 292L, 4832L, 
    197L, 5L, 0L, 0L, 1L, 0L, 0L, 0L, 3L, 150L, 3L, 0L), dim = 5:4, dimnames = structure(list(
        c("-2", "-1", "0", "1", "2"), c("A", "G", "T", NA)), names = c("", 
    ""))), GM09_SNP1 = structure(c(35L, 6788L, 13L, 0L, 1L, 0L, 
    1L, 6L, 0L, 0L, 1L, 0L, 1L, 89L, 0L), dim = c(3L, 5L), dimnames = structure(list(
        c("-1", "0", "1"), c("A", "C", "G", "T", NA)), names = c("", 
    ""))), GM11_SNP1 = structure(c(23L, 3919L, 14L, 0L, 2L, 0L, 
    0L, 1L, 0L, 0L, 52L, 0L), dim = 3:4, dimnames = structure(list(
        c("-1", "0", "1"), c("A", "G", "T", NA)), names = c("", 
    ""))), GM14_SNP1 = structure(c(0L, 0L, 0L, 1L, 0L, 0L, 3L, 
    4L, 274L, 7779L, 106L, 2L, 0L, 0L, 0L, 11L, 1L, 0L, 0L, 0L, 
    1L, 123L, 1L, 0L), dim = c(6L, 4L), dimnames = structure(list(
        c("-3", "-2", "-1", "0", "1", "2"), c("A", "C", "T", 
        NA)), names = c("", ""))), GM17_SNP1 = structure(c(0L, 
    0L, 1L, 0L, 1L, 61L, 4087L, 15L, 3L, 55L, 4600L, 14L, 1L, 
    0L, 108L, 2L), dim = c(4L, 4L), dimnames = structure(list(
        c("-2", "-1", "0", "1"), c("A", "C", "T", NA)), names = c("", 
    ""))), GM22_SNP1 = structure(c(0L, 0L, 30L, 0L, 0L, 0L, 0L, 
    1L, 0L, 0L, 3L, 184L, 11943L, 62L, 1L, 0L, 0L, 3L, 0L, 0L, 
    0L, 12L, 475L, 5L, 0L), dim = c(5L, 5L), dimnames = structure(list(
        c("-2", "-1", "0", "1", "2"), c("A", "C", "G", "T", NA
        )), names = c("", ""))), GM26_SNP1 = structure(c(0L, 
    9L, 1589L, 6L, 1L, 13L, 1578L, 14L, 0L, 1L, 94L, 2L), dim = 4:3, dimnames = structure(list(
        c("-2", "-1", "0", "1"), c("A", "G", NA)), names = c("", 
    ""))), GM29_SNP1 = structure(c(2L, 102L, 6076L, 25L, 0L, 
    0L, 12L, 0L, 0L, 0L, 3L, 0L, 0L, 2L, 69L, 0L), dim = c(4L, 
    4L), dimnames = structure(list(c("-2", "-1", "0", "1"), c("A", 
    "G", "T", NA)), names = c("", ""))), IM16_SNP1 = structure(c(0L, 
    0L, 14L, 0L, 0L, 1L, 43L, 4552L, 81L, 2L, 0L, 0L, 4L, 0L, 
    0L, 0L, 1L, 74L, 5L, 0L), dim = 5:4, dimnames = structure(list(
        c("-2", "-1", "0", "1", "2"), c("A", "G", "T", NA)), names = c("", 
    ""))), IM49_SNP1 = structure(c(0L, 0L, 1L, 0L, 1L, 29L, 744L, 
    14L, 0L, 21L, 593L, 24L, 0L, 0L, 60L, 3L), dim = c(4L, 4L
    ), dimnames = structure(list(c("-2", "-1", "0", "1"), c("A", 
    "C", "G", NA)), names = c("", ""))), LR10_SNP1 = structure(c(0L, 
    0L, 3L, 0L, 0L, 2L, 117L, 4578L, 43L, 1L, 0L, 0L, 10L, 0L, 
    0L, 0L, 0L, 83L, 0L, 0L), dim = 5:4, dimnames = structure(list(
        c("-2", "-1", "0", "1", "2"), c("A", "C", "T", NA)), names = c("", 
    ""))), LR11_SNP1 = structure(c(1L, 53L, 2429L, 31L, 0L, 0L, 
    40L, 1701L, 29L, 1L, 0L, 1L, 112L, 3L, 0L), dim = c(5L, 3L
    ), dimnames = structure(list(c("-2", "-1", "0", "1", "2"), 
        c("A", "C", NA)), names = c("", ""))), LR17_SNP1 = structure(c(1L, 
    9L, 277L, 6178L, 115L, 0L, 0L, 0L, 1L, 0L, 0L, 0L, 16L, 818L, 
    10L), dim = c(5L, 3L), dimnames = structure(list(c("-3", 
    "-2", "-1", "0", "1"), c("A", "G", NA)), names = c("", ""
    ))), LR20_SNP1 = structure(c(0L, 1L, 0L, 1L, 916L, 1L, 0L, 
    846L, 1L, 0L, 27L, 0L), dim = 3:4, dimnames = structure(list(
        c("-1", "0", "1"), c("-", "A", "G", NA)), names = c("", 
    ""))), LR24_SNP1 = structure(c(17L, 3156L, 6L, 0L, 2L, 0L, 
    0L, 73L, 0L), dim = c(3L, 3L), dimnames = structure(list(
        c("-1", "0", "1"), c("A", "G", NA)), names = c("", ""
    ))), LR36_SNP1 = structure(c(0L, 0L, 0L, 24L, 0L, 0L, 4L, 
    3L, 86L, 4826L, 52L, 1L, 1L, 0L, 4L, 437L, 6L, 0L), dim = c(6L, 
    3L), dimnames = structure(list(c("-3", "-2", "-1", "0", "1", 
    "2"), c("A", "T", NA)), names = c("", ""))), LR40_SNP1 = structure(c(0L, 
    7L, 0L, 28L, 3023L, 8L, 0L, 1L, 0L, 0L, 47L, 1L), dim = 3:4, dimnames = structure(list(
        c("-1", "0", "1"), c("A", "C", "T", NA)), names = c("", 
    ""))), LR44_SNP1 = structure(c(1L, 1L, 51L, 850L, 18L, 1L, 
    0L, 2L, 47L, 409L, 6L, 0L, 0L, 0L, 3L, 47L, 1L, 0L), dim = c(6L, 
    3L), dimnames = structure(list(c("-3", "-2", "-1", "0", "1", 
    "2"), c("C", "T", NA)), names = c("", ""))), LR46_SNP1 = structure(c(0L, 
    0L, 2L, 0L, 1L, 56L, 11456L, 36L, 0L, 0L, 18L, 0L, 0L, 0L, 
    156L, 0L), dim = c(4L, 4L), dimnames = structure(list(c("-2", 
    "-1", "0", "1"), c("A", "G", "T", NA)), names = c("", ""))), 
    LR48_SNP1 = structure(c(0L, 0L, 1L, 0L, 0L, 9L, 167L, 4927L, 
    89L, 1L, 3L, 172L, 5160L, 103L, 0L, 0L, 5L, 373L, 8L, 0L), dim = 5:4, dimnames = structure(list(
        c("-2", "-1", "0", "1", "2"), c("A", "C", "T", NA)), names = c("", 
    ""))), LR49_SNP1 = structure(c(13L, 2931L, 3L, 8L, 2826L, 
    0L, 2L, 133L, 0L), dim = c(3L, 3L), dimnames = structure(list(
        c("-1", "0", "1"), c("A", "G", NA)), names = c("", ""
    ))), LR52_SNP1 = structure(c(0L, 0L, 0L, 1L, 0L, 0L, 0L, 
    37L, 259L, 2113L, 43L, 1L, 2L, 23L, 214L, 2369L, 59L, 0L, 
    0L, 1L, 28L, 536L, 8L, 0L), dim = c(6L, 4L), dimnames = structure(list(
        c("-3", "-2", "-1", "0", "1", "2"), c("-", "C", "T", 
        NA)), names = c("", ""))))
