Result <-
list(DEPDC2_SNP1 = structure(c(0L, 1L, 0L, 0L, 1L, 0L, 30L, 3800L, 
14L, 0L, 75L, 0L), dim = 3:4, dimnames = structure(list(c("-1", 
"0", "1"), c("A", "C", "T", NA)), names = c("", ""))), GM01_SNP1 = structure(c(1L, 
6L, 3074L, 7951L, 32L, 0L, 0L, 0L, 13L, 0L, 0L, 0L, 2L, 0L, 0L, 
0L, 1L, 65L, 171L, 1L), dim = 5:4, dimnames = structure(list(
    c("-3", "-2", "-1", "0", "1"), c("A", "G", "T", NA)), names = c("", 
""))), GM07_SNP1 = structure(c(1L, 23L, 1120L, 1815L, 40L, 1L, 
0L, 5L, 268L, 2491L, 66L, 0L, 0L, 0L, 29L, 149L, 4L, 1L), dim = c(6L, 
3L), dimnames = structure(list(c("-3", "-2", "-1", "0", "1", 
"2"), c("A", "G", NA)), names = c("", ""))), GM09_SNP1 = structure(c(110L, 
6180L, 6L, 0L, 8L, 0L, 0L, 1L, 0L, 1L, 87L, 0L), dim = 3:4, dimnames = structure(list(
    c("-1", "0", "1"), c("A", "G", "T", NA)), names = c("", ""
))), GM11_SNP1 = structure(c(1L, 63L, 3955L, 63L, 0L, 0L, 2L, 
1L, 0L, 0L, 58L, 2L), dim = 4:3, dimnames = structure(list(c("-2", 
"-1", "0", "1"), c("A", "G", NA)), names = c("", ""))), GM14_SNP1 = structure(c(0L, 
1L, 5L, 0L, 0L, 0L, 0L, 1L, 0L, 0L, 10L, 753L, 6162L, 31L, 2L, 
0L, 6L, 189L, 0L, 0L), dim = 5:4, dimnames = structure(list(c("-2", 
"-1", "0", "1", "2"), c("C", "G", "T", NA)), names = c("", ""
))), GM17_SNP1 = structure(c(111L, 8777L, 20L, 0L, 1L, 0L, 0L, 
17L, 0L, 1L, 93L, 1L), dim = 3:4, dimnames = structure(list(c("-1", 
"0", "1"), c("C", "G", "T", NA)), names = c("", ""))), GM22_SNP1 = structure(c(0L, 
86L, 6975L, 31L, 0L, 3L, 98L, 5877L, 23L, 1L, 0L, 0L, 2L, 0L, 
0L, 0L, 8L, 434L, 3L, 0L), dim = 5:4, dimnames = structure(list(
    c("-2", "-1", "0", "1", "2"), c("A", "G", "T", NA)), names = c("", 
""))), GM26_SNP1 = structure(c(1L, 1L, 24L, 3488L, 17L, 0L, 0L, 
0L, 1L, 0L, 0L, 0L, 0L, 5L, 0L, 0L, 0L, 0L, 57L, 0L), dim = 5:4, dimnames = structure(list(
    c("-3", "-2", "-1", "0", "1"), c("A", "C", "G", NA)), names = c("", 
""))), GM29_SNP1 = structure(c(1L, 2L, 167L, 4997L, 16L, 0L, 
0L, 0L, 1L, 0L, 0L, 0L, 0L, 1L, 0L, 0L, 0L, 1L, 75L, 1L), dim = 5:4, dimnames = structure(list(
    c("-3", "-2", "-1", "0", "1"), c("A", "G", "T", NA)), names = c("", 
""))), IM16_SNP1 = structure(c(0L, 77L, 2604L, 43L, 1L, 1L, 834L, 
3935L, 54L, 1L, 0L, 0L, 1L, 0L, 0L, 0L, 13L, 164L, 10L, 0L), dim = 5:4, dimnames = structure(list(
    c("-4", "-1", "0", "1", "2"), c("A", "G", "T", NA)), names = c("", 
""))), IM49_SNP1 = structure(c(3L, 118L, 521L, 6L, 1L, 0L, 26L, 
527L, 12L, 0L, 0L, 2L, 65L, 2L, 0L), dim = c(5L, 3L), dimnames = structure(list(
    c("-2", "-1", "0", "1", "2"), c("C", "G", NA)), names = c("", 
""))), LR10_SNP1 = structure(c(0L, 0L, 1L, 0L, 10L, 1336L, 1318L, 
6L, 0L, 3L, 0L, 0L, 14L, 1430L, 1339L, 1L, 0L, 15L, 61L, 0L), dim = 4:5, dimnames = structure(list(
    c("-2", "-1", "0", "1"), c("A", "C", "G", "T", NA)), names = c("", 
""))), LR11_SNP1 = structure(c(0L, 0L, 0L, 8L, 0L, 1L, 2L, 206L, 
3478L, 35L, 0L, 0L, 0L, 2L, 0L, 0L, 0L, 2L, 118L, 2L), dim = 5:4, dimnames = structure(list(
    c("-3", "-2", "-1", "0", "1"), c("A", "C", "G", NA)), names = c("", 
""))), LR17_SNP1 = structure(c(7L, 340L, 5888L, 62L, 1L, 0L, 
0L, 3L, 0L, 0L, 0L, 0L, 0L, 0L, 0L, 0L, 12L, 861L, 3L, 0L), dim = 5:4, dimnames = structure(list(
    c("-2", "-1", "0", "1", "2"), c("A", "G", "T", NA)), names = c("", 
""))), LR20_SNP1 = structure(c(0L, 2L, 0L, 22L, 1595L, 1L, 0L, 
4L, 0L, 0L, 22L, 0L), dim = 3:4, dimnames = structure(list(c("-1", 
"0", "1"), c("A", "G", "T", NA)), names = c("", ""))), LR24_SNP1 = structure(c(1L, 
6L, 0L, 287L, 3920L, 8L, 2L, 55L, 0L), dim = c(3L, 3L), dimnames = structure(list(
    c("-1", "0", "1"), c("A", "G", NA)), names = c("", ""))), 
    LR36_SNP1 = structure(c(0L, 0L, 0L, 0L, 1L, 0L, 1L, 5L, 106L, 
    1819L, 3328L, 35L, 0L, 0L, 0L, 1L, 1L, 0L, 0L, 0L, 0L, 18L, 
    88L, 1L), dim = c(6L, 4L), dimnames = structure(list(c("-4", 
    "-3", "-2", "-1", "0", "1"), c("-", "A", "T", NA)), names = c("", 
    ""))), LR40_SNP1 = structure(c(0L, 0L, 1L, 0L, 1L, 273L, 
    2823L, 10L, 0L, 4L, 49L, 0L), dim = 4:3, dimnames = structure(list(
        c("-2", "-1", "0", "1"), c("A", "C", NA)), names = c("", 
    ""))), LR44_SNP1 = structure(c(0L, 1L, 0L, 0L, 0L, 2L, 59L, 
    607L, 1065L, 16L, 0L, 0L, 0L, 6L, 0L, 0L, 1L, 6L, 34L, 0L
    ), dim = 5:4, dimnames = structure(list(c("-3", "-2", "-1", 
    "0", "1"), c("A", "C", "T", NA)), names = c("", ""))), LR46_SNP1 = structure(c(0L, 
    0L, 3L, 0L, 1L, 77L, 6139L, 17L, 2L, 864L, 4845L, 12L, 0L, 
    9L, 210L, 1L), dim = c(4L, 4L), dimnames = structure(list(
        c("-2", "-1", "0", "1"), c("A", "G", "T", NA)), names = c("", 
    ""))), LR48_SNP1 = structure(c(0L, 0L, 1L, 2L, 0L, 0L, 1L, 
    7L, 756L, 9246L, 103L, 1L, 0L, 0L, 1L, 4L, 0L, 0L, 0L, 0L, 
    9L, 303L, 2L, 0L), dim = c(6L, 4L), dimnames = structure(list(
        c("-3", "-2", "-1", "0", "1", "2"), c("A", "C", "T", 
        NA)), names = c("", ""))), LR49_SNP1 = structure(c(1L, 
    14L, 66L, 4634L, 0L, 49L), dim = 2:3, dimnames = structure(list(
        c("-1", "0"), c("A", "G", NA)), names = c("", ""))), 
    LR52_SNP1 = structure(c(0L, 0L, 1L, 0L, 3L, 0L, 0L, 2L, 64L, 
    919L, 1344L, 3624L, 217L, 1L, 0L, 1L, 20L, 26L, 248L, 23L, 
    0L), dim = c(7L, 3L), dimnames = structure(list(c("-4", "-3", 
    "-2", "-1", "0", "1", "2"), c("C", "T", NA)), names = c("", 
    ""))))
