Result <-
list(DEPDC2_SNP1 = structure(c(0L, 8L, 0L, 0L, 12L, 1864L, 308L, 
2L, 0L, 29L, 4L, 0L), dim = 4:3, dimnames = structure(list(c("-1", 
"0", "1", "2"), c("C", "T", NA)), names = c("", ""))), GM01_SNP1 = structure(c(1L, 
262L, 7830L, 31L, 0L, 0L, 1L, 0L, 0L, 0L, 31L, 0L, 0L, 4L, 205L, 
0L), dim = c(4L, 4L), dimnames = structure(list(c("-2", "-1", 
"0", "1"), c("A", "C", "G", NA)), names = c("", ""))), GM07_SNP1 = structure(c(24L, 
1430L, 766L, 22L, 1L, 0L, 1L, 0L, 0L, 0L, 3L, 158L, 1947L, 43L, 
1L, 0L, 1L, 1L, 0L, 0L, 0L, 37L, 109L, 2L, 0L), dim = c(5L, 5L
), dimnames = structure(list(c("-2", "-1", "0", "1", "2"), c("A", 
"C", "G", "T", NA)), names = c("", ""))), GM09_SNP1 = structure(c(12L, 
2261L, 5L, 8L, 2191L, 6L, 1L, 50L, 0L), dim = c(3L, 3L), dimnames = structure(list(
    c("-1", "0", "1"), c("A", "G", NA)), names = c("", ""))), 
    GM11_SNP1 = structure(c(1L, 40L, 2089L, 4L, 0L, 19L, 1485L, 
    3L, 0L, 0L, 1L, 0L, 0L, 1L, 56L, 0L), dim = c(4L, 4L), dimnames = structure(list(
        c("-2", "-1", "0", "1"), c("A", "G", "T", NA)), names = c("", 
    ""))), GM14_SNP1 = structure(c(1L, 9L, 196L, 4778L, 48L, 
    3L, 0L, 0L, 0L, 1L, 0L, 0L, 0L, 0L, 0L, 16L, 0L, 0L, 0L, 
    0L, 1L, 93L, 0L, 0L), dim = c(6L, 4L), dimnames = structure(list(
        c("-3", "-2", "-1", "0", "1", "2"), c("C", "G", "T", 
        NA)), names = c("", ""))), GM17_SNP1 = structure(c(0L, 
    0L, 1L, 0L, 0L, 1L, 5L, 2234L, 4401L, 9L, 0L, 0L, 0L, 1L, 
    0L, 0L, 0L, 1L, 14L, 0L, 0L, 0L, 11L, 69L, 0L), dim = c(5L, 
    5L), dimnames = structure(list(c("-3", "-2", "-1", "0", "1"
    ), c("A", "C", "G", "T", NA)), names = c("", ""))), GM22_SNP1 = structure(c(5L, 
    166L, 11666L, 49L, 0L, 0L, 7L, 0L, 0L, 3L, 333L, 1L), dim = 4:3, dimnames = structure(list(
        c("-2", "-1", "0", "1"), c("A", "G", NA)), names = c("", 
    ""))), GM26_SNP1 = structure(c(0L, 12L, 0L, 768L, 1629L, 
    8L, 13L, 59L, 0L), dim = c(3L, 3L), dimnames = structure(list(
        c("-1", "0", "1"), c("A", "G", NA)), names = c("", ""
    ))), GM29_SNP1 = structure(c(0L, 0L, 0L, 1L, 27L, 0L, 1L, 
    1L, 13L, 1017L, 2272L, 7L, 0L, 0L, 1L, 7L, 40L, 0L), dim = c(6L, 
    3L), dimnames = structure(list(c("-4", "-3", "-2", "-1", 
    "0", "1"), c("A", "G", NA)), names = c("", ""))), IM16_SNP1 = structure(c(0L, 
    17L, 2195L, 12L, 0L, 6L, 1578L, 686L, 12L, 0L, 0L, 0L, 1L, 
    0L, 0L, 0L, 17L, 57L, 0L, 1L), dim = 5:4, dimnames = structure(list(
        c("-2", "-1", "0", "1", "2"), c("A", "G", "T", NA)), names = c("", 
    ""))), IM49_SNP1 = structure(c(0L, 33L, 691L, 18L, 2L, 19L, 
    500L, 8L, 0L, 1L, 71L, 2L), dim = 4:3, dimnames = structure(list(
        c("-2", "-1", "0", "1"), c("C", "G", NA)), names = c("", 
    ""))), LR10_SNP1 = structure(c(71L, 2051L, 12L, 36L, 1922L, 
    10L, 1L, 88L, 1L), dim = c(3L, 3L), dimnames = structure(list(
        c("-1", "0", "1"), c("C", "T", NA)), names = c("", ""
    ))), LR11_SNP1 = structure(c(0L, 0L, 5L, 0L, 0L, 1L, 87L, 
    2344L, 17L, 1L, 0L, 4L, 73L, 0L, 0L), dim = c(5L, 3L), dimnames = structure(list(
        c("-2", "-1", "0", "1", "2"), c("A", "C", NA)), names = c("", 
    ""))), LR17_SNP1 = structure(c(19L, 1207L, 2239L, 21L, 0L, 
    0L, 1L, 0L, 1L, 74L, 330L, 6L), dim = 4:3, dimnames = structure(list(
        c("-2", "-1", "0", "1"), c("A", "G", NA)), names = c("", 
    ""))), LR20_SNP1 = structure(c(1L, 0L, 0L, 398L, 260L, 2L, 
    8L, 458L, 0L, 0L, 10L, 0L), dim = 3:4, dimnames = structure(list(
        c("-1", "0", "1"), c("-", "A", "G", NA)), names = c("", 
    ""))), LR24_SNP1 = structure(c(0L, 0L, 1L, 0L, 8L, 0L, 12L, 
    1976L, 4L, 1L, 29L, 0L), dim = 3:4, dimnames = structure(list(
        c("-1", "0", "1"), c("-", "A", "G", NA)), names = c("", 
    ""))), LR36_SNP1 = structure(c(0L, 1L, 12L, 0L, 0L, 0L, 1L, 
    0L, 9L, 125L, 3140L, 11L, 1L, 10L, 247L, 2L), dim = c(4L, 
    4L), dimnames = structure(list(c("-2", "-1", "0", "1"), c("A", 
    "C", "T", NA)), names = c("", ""))), LR40_SNP1 = structure(c(0L, 
    7L, 0L, 33L, 2136L, 11L, 0L, 34L, 1L), dim = c(3L, 3L), dimnames = structure(list(
        c("-1", "0", "1"), c("A", "C", NA)), names = c("", ""
    ))), LR44_SNP1 = structure(c(4L, 76L, 810L, 12L, 0L, 3L, 
    78L, 870L, 42L, 2L, 0L, 3L, 42L, 1L, 0L), dim = c(5L, 3L), dimnames = structure(list(
        c("-2", "-1", "0", "1", "2"), c("C", "T", NA)), names = c("", 
    ""))), LR46_SNP1 = structure(c(0L, 0L, 2L, 0L, 0L, 1L, 44L, 
    4094L, 13L, 0L, 0L, 16L, 4400L, 5L, 1L, 0L, 2L, 142L, 0L, 
    0L), dim = 5:4, dimnames = structure(list(c("-2", "-1", "0", 
    "1", "2"), c("A", "G", "T", NA)), names = c("", ""))), LR48_SNP1 = structure(c(0L, 
    0L, 1L, 0L, 0L, 6L, 402L, 7352L, 134L, 4L, 0L, 2L, 2L, 0L, 
    0L, 0L, 7L, 264L, 3L, 0L), dim = 5:4, dimnames = structure(list(
        c("-2", "-1", "0", "1", "2"), c("A", "C", "T", NA)), names = c("", 
    ""))), LR49_SNP1 = structure(c(1L, 1399L, 1L, 4L, 1599L, 
    0L, 0L, 1L, 0L, 2L, 64L, 0L), dim = 3:4, dimnames = structure(list(
        c("-1", "0", "1"), c("A", "G", "T", NA)), names = c("", 
    ""))), LR52_SNP1 = structure(c(2L, 18L, 261L, 1601L, 16L, 
    0L, 0L, 0L, 1L, 0L, 4L, 102L, 740L, 1114L, 12L, 0L, 3L, 42L, 
    410L, 7L), dim = 5:4, dimnames = structure(list(c("-3", "-2", 
    "-1", "0", "1"), c("C", "G", "T", NA)), names = c("", ""))))
