Result <-
list(DEPDC2_SNP1 = structure(c(0L, 0L, 1L, 0L, 0L, 0L, 3L, 0L, 
1L, 16L, 3018L, 70L, 0L, 0L, 41L, 0L), dim = c(4L, 4L), dimnames = structure(list(
    c("-2", "-1", "0", "1"), c("A", "C", "T", NA)), names = c("", 
""))), GM01_SNP1 = structure(c(0L, 1L, 0L, 67L, 4998L, 20L, 55L, 
5322L, 21L, 0L, 1L, 0L, 2L, 180L, 3L), dim = c(3L, 5L), dimnames = structure(list(
    c("-1", "0", "1"), c("-", "A", "G", "T", NA)), names = c("", 
""))), GM07_SNP1 = structure(c(0L, 0L, 2L, 2L, 0L, 0L, 2L, 140L, 
2848L, 1686L, 29L, 1L, 0L, 2L, 37L, 55L, 0L, 0L), dim = c(6L, 
3L), dimnames = structure(list(c("-3", "-2", "-1", "0", "1", 
"2"), c("A", "G", NA)), names = c("", ""))), GM09_SNP1 = structure(c(17L, 
3122L, 5L, 7L, 2142L, 2L, 0L, 41L, 0L), dim = c(3L, 3L), dimnames = structure(list(
    c("-1", "0", "1"), c("A", "G", NA)), names = c("", ""))), 
    GM11_SNP1 = structure(c(0L, 810L, 821L, 3L, 11L, 2068L, 5L, 
    0L, 0L, 2L, 0L, 0L, 0L, 28L, 13L, 0L), dim = c(4L, 4L), dimnames = structure(list(
        c("-1", "0", "1", "2"), c("A", "G", "T", NA)), names = c("", 
    ""))), GM14_SNP1 = structure(c(0L, 0L, 1L, 0L, 56L, 2201L, 
    4666L, 39L, 0L, 2L, 2L, 0L, 0L, 8L, 73L, 0L), dim = c(4L, 
    4L), dimnames = structure(list(c("-2", "-1", "0", "1"), c("-", 
    "C", "T", NA)), names = c("", ""))), GM17_SNP1 = structure(c(0L, 
    0L, 1L, 0L, 0L, 0L, 0L, 10L, 0L, 0L, 1L, 65L, 6840L, 20L, 
    1L, 0L, 2L, 88L, 0L, 0L), dim = 5:4, dimnames = structure(list(
        c("-2", "-1", "0", "1", "2"), c("A", "C", "T", NA)), names = c("", 
    ""))), GM22_SNP1 = structure(c(1L, 20L, 3602L, 9478L, 38L, 
    0L, 0L, 2L, 8L, 0L, 0L, 0L, 1L, 0L, 0L, 0L, 0L, 44L, 232L, 
    2L), dim = 5:4, dimnames = structure(list(c("-3", "-2", "-1", 
    "0", "1"), c("A", "G", "T", NA)), names = c("", ""))), GM26_SNP1 = structure(c(16L, 
    1098L, 2L, 5L, 1014L, 2L, 0L, 2L, 0L, 0L, 64L, 0L), dim = 3:4, dimnames = structure(list(
        c("-1", "0", "1"), c("A", "G", "T", NA)), names = c("", 
    ""))), GM29_SNP1 = structure(c(2L, 110L, 3666L, 11L, 0L, 
    0L, 0L, 0L, 0L, 0L, 51L, 1L), dim = 4:3, dimnames = structure(list(
        c("-2", "-1", "0", "1"), c("A", "G", NA)), names = c("", 
    ""))), IM16_SNP1 = structure(c(31L, 2192L, 21L, 2L, 22L, 
    2384L, 48L, 0L, 0L, 108L, 5L, 0L), dim = 4:3, dimnames = structure(list(
        c("-1", "0", "1", "2"), c("A", "G", NA)), names = c("", 
    ""))), IM49_SNP1 = structure(c(3L, 161L, 440L, 5L, 0L, 0L, 
    12L, 574L, 13L, 1L, 0L, 1L, 53L, 0L, 0L), dim = c(5L, 3L), dimnames = structure(list(
        c("-2", "-1", "0", "1", "2"), c("C", "G", NA)), names = c("", 
    ""))), LR10_SNP1 = structure(c(1L, 96L, 4319L, 34L, 0L, 0L, 
    13L, 0L, 0L, 0L, 63L, 0L), dim = 4:3, dimnames = structure(list(
        c("-2", "-1", "0", "1"), c("C", "T", NA)), names = c("", 
    ""))), LR11_SNP1 = structure(c(0L, 5L, 163L, 1801L, 11L, 
    1L, 22L, 912L, 687L, 6L, 0L, 0L, 0L, 26L, 1L, 0L, 0L, 18L, 
    55L, 0L), dim = 5:4, dimnames = structure(list(c("-3", "-2", 
    "-1", "0", "1"), c("A", "C", "T", NA)), names = c("", ""))), 
    LR17_SNP1 = structure(c(74L, 1004L, 2240L, 20L, 1L, 0L, 2L, 
    0L, 0L, 0L, 3L, 55L, 300L, 2L, 0L), dim = c(5L, 3L), dimnames = structure(list(
        c("-2", "-1", "0", "1", "2"), c("A", "G", NA)), names = c("", 
    ""))), LR20_SNP1 = structure(c(3L, 1459L, 2L, 0L, 14L, 0L
    ), dim = 3:2, dimnames = structure(list(c("-1", "0", "1"), 
        c("G", NA)), names = c("", ""))), LR24_SNP1 = structure(c(0L, 
    1L, 12L, 992L, 3L, 1L, 2L, 735L, 1595L, 1L, 0L, 0L, 1L, 0L, 
    0L, 0L, 0L, 6L, 49L, 0L), dim = 5:4, dimnames = structure(list(
        c("-3", "-2", "-1", "0", "1"), c("A", "G", "T", NA)), names = c("", 
    ""))), LR36_SNP1 = structure(c(0L, 0L, 0L, 7L, 0L, 0L, 2L, 
    30L, 1058L, 2138L, 394L, 7L, 0L, 1L, 40L, 193L, 28L, 0L), dim = c(6L, 
    3L), dimnames = structure(list(c("-3", "-2", "-1", "0", "1", 
    "2"), c("A", "T", NA)), names = c("", ""))), LR40_SNP1 = structure(c(0L, 
    1L, 0L, 7L, 1650L, 4L, 0L, 1L, 0L, 0L, 20L, 0L), dim = 3:4, dimnames = structure(list(
        c("-1", "0", "1"), c("A", "C", "T", NA)), names = c("", 
    ""))), LR44_SNP1 = structure(c(5L, 235L, 1762L, 24L, 1L, 
    0L, 4L, 65L, 2L, 0L), dim = c(5L, 2L), dimnames = structure(list(
        c("-2", "-1", "0", "1", "2"), c("C", NA)), names = c("", 
    ""))), LR46_SNP1 = structure(c(0L, 3L, 0L, 60L, 3793L, 12L, 
    69L, 3851L, 4L, 3L, 114L, 0L), dim = 3:4, dimnames = structure(list(
        c("-1", "0", "1"), c("A", "G", "T", NA)), names = c("", 
    ""))), LR48_SNP1 = structure(c(0L, 0L, 0L, 1L, 0L, 0L, 1L, 
    155L, 2274L, 1582L, 19L, 0L, 1L, 37L, 2063L, 1988L, 31L, 
    1L, 0L, 4L, 81L, 154L, 1L, 1L), dim = c(6L, 4L), dimnames = structure(list(
        c("-3", "-2", "-1", "0", "1", "2"), c("A", "C", "T", 
        NA)), names = c("", ""))), LR49_SNP1 = structure(c(25L, 
    2993L, 1L, 0L, 7L, 0L, 0L, 94L, 0L), dim = c(3L, 3L), dimnames = structure(list(
        c("-1", "0", "1"), c("A", "G", NA)), names = c("", ""
    ))), LR52_SNP1 = structure(c(0L, 0L, 0L, 1L, 0L, 0L, 0L, 
    1L, 5L, 285L, 1216L, 706L, 4L, 0L, 0L, 2L, 58L, 430L, 1768L, 
    24L, 1L, 0L, 0L, 4L, 64L, 242L, 4L, 0L), dim = c(7L, 4L), dimnames = structure(list(
        c("-4", "-3", "-2", "-1", "0", "1", "2"), c("A", "C", 
        "T", NA)), names = c("", ""))))
