Result <-
list(DEPDC2_SNP1 = structure(c(0L, 1L, 0L, 14L, 2450L, 9L, 16L, 
2079L, 8L, 1L, 128L, 1L), dim = 3:4, dimnames = structure(list(
    c("-1", "0", "1"), c("A", "C", "T", NA)), names = c("", ""
))), GM01_SNP1 = structure(c(1L, 2L, 482L, 11155L, 36L, 0L, 0L, 
0L, 5L, 0L, 0L, 0L, 0L, 1L, 0L, 0L, 0L, 10L, 256L, 0L), dim = 5:4, dimnames = structure(list(
    c("-3", "-2", "-1", "0", "1"), c("A", "G", "T", NA)), names = c("", 
""))), GM07_SNP1 = structure(c(55L, 1392L, 5076L, 128L, 1L, 0L, 
2L, 3L, 0L, 0L, 0L, 0L, 1L, 0L, 0L, 1L, 34L, 184L, 0L, 0L), dim = 5:4, dimnames = structure(list(
    c("-2", "-1", "0", "1", "2"), c("A", "G", "T", NA)), names = c("", 
""))), GM09_SNP1 = structure(c(0L, 6L, 0L, 253L, 6589L, 12L, 
0L, 3L, 0L, 5L, 55L, 0L), dim = 3:4, dimnames = structure(list(
    c("-1", "0", "1"), c("A", "G", "T", NA)), names = c("", ""
))), GM11_SNP1 = structure(c(1L, 25L, 4823L, 16L, 0L, 0L, 3L, 
0L, 0L, 0L, 2L, 0L, 0L, 1L, 83L, 0L), dim = c(4L, 4L), dimnames = structure(list(
    c("-2", "-1", "0", "1"), c("A", "G", "T", NA)), names = c("", 
""))), GM14_SNP1 = structure(c(1L, 11L, 151L, 4147L, 30L, 0L, 
1L, 0L, 2L, 96L, 3872L, 17L, 1L, 0L, 0L, 0L, 2L, 196L, 1L, 0L, 
0L), dim = c(7L, 3L), dimnames = structure(list(c("-3", "-2", 
"-1", "0", "1", "2", "3"), c("C", "T", NA)), names = c("", ""
))), GM17_SNP1 = structure(c(1L, 150L, 10952L, 29L, 0L, 0L, 17L, 
0L, 0L, 6L, 120L, 0L), dim = 4:3, dimnames = structure(list(c("-2", 
"-1", "0", "1"), c("C", "T", NA)), names = c("", ""))), GM22_SNP1 = structure(c(0L, 
0L, 1L, 0L, 3L, 184L, 8490L, 32L, 0L, 100L, 7400L, 28L, 0L, 0L, 
1L, 0L, 0L, 7L, 472L, 4L), dim = 4:5, dimnames = structure(list(
    c("-2", "-1", "0", "1"), c("-", "A", "G", "T", NA)), names = c("", 
""))), GM26_SNP1 = structure(c(20L, 3483L, 11L, 2L, 71L, 0L), dim = 3:2, dimnames = structure(list(
    c("-1", "0", "1"), c("A", NA)), names = c("", ""))), GM29_SNP1 = structure(c(5L, 
1212L, 4864L, 15L, 0L, 0L, 2L, 0L, 0L, 0L, 1L, 0L, 0L, 0L, 1L, 
0L, 0L, 6L, 81L, 0L), dim = 4:5, dimnames = structure(list(c("-2", 
"-1", "0", "1"), c("A", "C", "G", "T", NA)), names = c("", ""
))), IM16_SNP1 = structure(c(1L, 37L, 2949L, 32L, 1L, 3L, 1084L, 
1980L, 26L, 0L, 0L, 0L, 1L, 0L, 0L, 1L, 13L, 114L, 0L, 0L), dim = 5:4, dimnames = structure(list(
    c("-2", "-1", "0", "1", "2"), c("A", "G", "T", NA)), names = c("", 
""))), IM49_SNP1 = structure(c(2L, 98L, 1559L, 29L, 1L, 0L, 0L, 
3L, 0L, 0L, 0L, 3L, 61L, 1L, 0L), dim = c(5L, 3L), dimnames = structure(list(
    c("-2", "-1", "0", "1", "2"), c("C", "G", NA)), names = c("", 
""))), LR10_SNP1 = structure(c(0L, 0L, 1L, 0L, 0L, 0L, 6L, 0L, 
2L, 95L, 5251L, 17L, 0L, 1L, 159L, 1L), dim = c(4L, 4L), dimnames = structure(list(
    c("-2", "-1", "0", "1"), c("A", "C", "T", NA)), names = c("", 
""))), LR11_SNP1 = structure(c(0L, 0L, 3L, 0L, 0L, 4L, 97L, 3796L, 
201L, 4L, 0L, 0L, 0L, 1L, 0L, 0L, 2L, 110L, 11L, 0L), dim = 5:4, dimnames = structure(list(
    c("-2", "-1", "0", "1", "2"), c("A", "C", "T", NA)), names = c("", 
""))), LR17_SNP1 = structure(c(1L, 8L, 349L, 7514L, 94L, 4L, 
0L, 0L, 1L, 5L, 0L, 0L, 0L, 1L, 16L, 988L, 6L, 0L), dim = c(6L, 
3L), dimnames = structure(list(c("-3", "-2", "-1", "0", "1", 
"2"), c("A", "G", NA)), names = c("", ""))), LR20_SNP1 = structure(c(0L, 
2L, 0L, 15L, 2019L, 1L, 0L, 31L, 0L), dim = c(3L, 3L), dimnames = structure(list(
    c("-1", "0", "1"), c("A", "G", NA)), names = c("", ""))), 
    LR24_SNP1 = structure(c(39L, 4750L, 7L, 0L, 3L, 0L, 0L, 87L, 
    0L), dim = c(3L, 3L), dimnames = structure(list(c("-1", "0", 
    "1"), c("A", "G", NA)), names = c("", ""))), LR36_SNP1 = structure(c(0L, 
    1L, 0L, 10L, 1L, 0L, 0L, 0L, 1L, 0L, 0L, 0L, 0L, 1L, 0L, 
    2L, 16L, 189L, 5512L, 45L, 0L, 3L, 12L, 424L, 2L), dim = c(5L, 
    5L), dimnames = structure(list(c("-3", "-2", "-1", "0", "1"
    ), c("A", "C", "G", "T", NA)), names = c("", ""))), LR40_SNP1 = structure(c(0L, 
    2L, 0L, 41L, 3596L, 12L, 0L, 1L, 0L, 2L, 58L, 1L), dim = 3:4, dimnames = structure(list(
        c("-1", "0", "1"), c("A", "C", "T", NA)), names = c("", 
    ""))), LR44_SNP1 = structure(c(0L, 0L, 0L, 2L, 0L, 0L, 2L, 
    24L, 389L, 2308L, 38L, 1L, 0L, 0L, 8L, 56L, 2L, 0L), dim = c(6L, 
    3L), dimnames = structure(list(c("-3", "-2", "-1", "0", "1", 
    "2"), c("C", "T", NA)), names = c("", ""))), LR46_SNP1 = structure(c(0L, 
    0L, 1L, 0L, 0L, 0L, 3L, 0L, 0L, 0L, 1L, 0L, 1L, 20L, 7098L, 
    10L, 2L, 777L, 6117L, 15L, 0L, 12L, 209L, 0L), dim = c(4L, 
    6L), dimnames = structure(list(c("-2", "-1", "0", "1"), c("-", 
    "A", "C", "G", "T", NA)), names = c("", ""))), LR48_SNP1 = structure(c(0L, 
    0L, 0L, 3L, 0L, 0L, 1L, 8L, 219L, 5663L, 67L, 1L, 0L, 7L, 
    303L, 5953L, 79L, 1L, 0L, 0L, 18L, 460L, 7L, 1L), dim = c(6L, 
    4L), dimnames = structure(list(c("-3", "-2", "-1", "0", "1", 
    "2"), c("A", "C", "T", NA)), names = c("", ""))), LR49_SNP1 = structure(c(19L, 
    2797L, 1L, 29L, 2545L, 1L, 0L, 1L, 0L, 2L, 140L, 0L), dim = 3:4, dimnames = structure(list(
        c("-1", "0", "1"), c("A", "G", "T", NA)), names = c("", 
    ""))), LR52_SNP1 = structure(c(0L, 0L, 0L, 0L, 1L, 0L, 1L, 
    14L, 286L, 1731L, 4181L, 40L, 0L, 0L, 0L, 5L, 19L, 0L, 0L, 
    0L, 3L, 81L, 866L, 3L), dim = c(6L, 4L), dimnames = structure(list(
        c("-5", "-3", "-2", "-1", "0", "1"), c("A", "C", "T", 
        NA)), names = c("", ""))))
