Result <-
list(DEPDC2_SNP1 = structure(c(0L, 5L, 0L, 19L, 3348L, 13L, 0L, 
6L, 0L, 1L, 113L, 0L), dim = 3:4, dimnames = structure(list(c("-1", 
"0", "1"), c("A", "C", "T", NA)), names = c("", ""))), GM01_SNP1 = structure(c(1L, 
173L, 11881L, 42L, 1L, 0L, 0L, 1L, 0L, 0L, 0L, 0L, 5L, 0L, 0L, 
0L, 0L, 2L, 0L, 0L, 0L, 3L, 275L, 2L, 0L), dim = c(5L, 5L), dimnames = structure(list(
    c("-2", "-1", "0", "1", "2"), c("A", "C", "G", "T", NA)), names = c("", 
""))), GM07_SNP1 = structure(c(0L, 0L, 1L, 0L, 0L, 28L, 1111L, 
2252L, 55L, 1L, 15L, 414L, 2940L, 85L, 1L, 0L, 0L, 1L, 0L, 0L, 
0L, 24L, 165L, 2L, 0L), dim = c(5L, 5L), dimnames = structure(list(
    c("-2", "-1", "0", "1", "2"), c("-", "A", "G", "T", NA)), names = c("", 
""))), GM09_SNP1 = structure(c(0L, 5L, 0L, 40L, 7501L, 11L, 0L, 
65L, 0L), dim = c(3L, 3L), dimnames = structure(list(c("-1", 
"0", "1"), c("A", "G", NA)), names = c("", ""))), GM11_SNP1 = structure(c(1L, 
19L, 1907L, 844L, 8L, 0L, 22L, 2847L, 12L, 0L, 0L, 0L, 10L, 0L, 
0L, 0L, 0L, 67L, 9L, 0L), dim = 5:4, dimnames = structure(list(
    c("-3", "-1", "0", "1", "2"), c("A", "G", "T", NA)), names = c("", 
""))), GM14_SNP1 = structure(c(0L, 0L, 0L, 3L, 0L, 0L, 0L, 0L, 
0L, 5L, 0L, 0L, 0L, 4L, 166L, 4387L, 31L, 0L, 1L, 42L, 253L, 
4068L, 23L, 1L, 0L, 0L, 3L, 172L, 0L, 0L), dim = 6:5, dimnames = structure(list(
    c("-3", "-2", "-1", "0", "1", "2"), c("-", "A", "C", "T", 
    NA)), names = c("", ""))), GM17_SNP1 = structure(c(0L, 0L, 
1L, 0L, 2L, 102L, 5853L, 16L, 0L, 0L, 1L, 0L, 3L, 98L, 5530L, 
20L, 0L, 0L, 138L, 2L), dim = 4:5, dimnames = structure(list(
    c("-2", "-1", "0", "1"), c("A", "C", "G", "T", NA)), names = c("", 
""))), GM22_SNP1 = structure(c(1L, 9L, 275L, 15928L, 90L, 1L, 
0L, 0L, 0L, 5L, 0L, 0L, 0L, 0L, 0L, 3L, 0L, 0L, 0L, 1L, 11L, 
395L, 2L, 0L), dim = c(6L, 4L), dimnames = structure(list(c("-4", 
"-2", "-1", "0", "1", "2"), c("A", "G", "T", NA)), names = c("", 
""))), GM26_SNP1 = structure(c(1L, 100L, 1790L, 8L, 0L, 26L, 
1859L, 6L, 0L, 2L, 116L, 0L), dim = 4:3, dimnames = structure(list(
    c("-2", "-1", "0", "1"), c("A", "G", NA)), names = c("", 
""))), GM29_SNP1 = structure(c(2L, 62L, 3452L, 9L, 0L, 149L, 
2842L, 1L, 0L, 0L, 1L, 0L, 0L, 2L, 88L, 1L), dim = c(4L, 4L), dimnames = structure(list(
    c("-2", "-1", "0", "1"), c("A", "G", "T", NA)), names = c("", 
""))), IM16_SNP1 = structure(c(357L, 5838L, 99L, 0L, 21L, 1L, 
3L, 140L, 4L), dim = c(3L, 3L), dimnames = structure(list(c("-1", 
"0", "1"), c("G", "T", NA)), names = c("", ""))), IM49_SNP1 = structure(c(6L, 
131L, 630L, 10L, 2L, 49L, 604L, 9L, 0L, 4L, 73L, 3L), dim = 4:3, dimnames = structure(list(
    c("-2", "-1", "0", "1"), c("C", "G", NA)), names = c("", 
""))), LR10_SNP1 = structure(c(0L, 0L, 0L, 5L, 0L, 0L, 1L, 71L, 
2835L, 26L, 1L, 0L, 69L, 3045L, 20L, 0L, 0L, 0L, 118L, 0L), dim = 5:4, dimnames = structure(list(
    c("-3", "-2", "-1", "0", "1"), c("A", "C", "T", NA)), names = c("", 
""))), LR11_SNP1 = structure(c(1L, 10L, 96L, 2633L, 15L, 0L, 
3L, 85L, 2141L, 10L, 0L, 0L, 0L, 1L, 0L, 0L, 0L, 3L, 131L, 2L
), dim = 5:4, dimnames = structure(list(c("-3", "-2", "-1", "0", 
"1"), c("A", "C", "T", NA)), names = c("", ""))), LR17_SNP1 = structure(c(1L, 
9L, 436L, 7222L, 99L, 0L, 0L, 0L, 3L, 0L, 0L, 1L, 29L, 962L, 
7L), dim = c(5L, 3L), dimnames = structure(list(c("-3", "-2", 
"-1", "0", "1"), c("A", "G", NA)), names = c("", ""))), LR20_SNP1 = structure(c(0L, 
1L, 0L, 1L, 1066L, 0L, 9L, 1108L, 6L, 0L, 23L, 0L), dim = 3:4, dimnames = structure(list(
    c("-1", "0", "1"), c("-", "A", "G", NA)), names = c("", ""
))), LR24_SNP1 = structure(c(0L, 1L, 58L, 1620L, 2L, 1L, 0L, 
78L, 2548L, 14L, 0L, 0L, 0L, 1L, 0L, 0L, 0L, 5L, 79L, 0L), dim = 5:4, dimnames = structure(list(
    c("-3", "-2", "-1", "0", "1"), c("A", "G", "T", NA)), names = c("", 
""))), LR36_SNP1 = structure(c(1L, 6L, 101L, 2637L, 27L, 2L, 
0L, 0L, 0L, 1L, 0L, 0L, 3L, 176L, 1084L, 1649L, 9L, 0L, 0L, 4L, 
50L, 226L, 1L, 0L), dim = c(6L, 4L), dimnames = structure(list(
    c("-3", "-2", "-1", "0", "1", "2"), c("A", "C", "T", NA)), names = c("", 
""))), LR40_SNP1 = structure(c(0L, 0L, 2L, 0L, 1L, 90L, 3822L, 
6L, 0L, 0L, 1L, 0L, 0L, 1L, 54L, 0L), dim = c(4L, 4L), dimnames = structure(list(
    c("-2", "-1", "0", "1"), c("A", "C", "T", NA)), names = c("", 
""))), LR44_SNP1 = structure(c(0L, 1L, 1L, 0L, 0L, 24L, 297L, 
2176L, 41L, 2L, 1L, 3L, 49L, 0L, 0L), dim = c(5L, 3L), dimnames = structure(list(
    c("-2", "-1", "0", "1", "2"), c("C", "T", NA)), names = c("", 
""))), LR46_SNP1 = structure(c(0L, 2L, 0L, 0L, 5L, 0L, 125L, 
7191L, 18L, 45L, 7177L, 15L, 1L, 276L, 0L), dim = c(3L, 5L), dimnames = structure(list(
    c("-1", "0", "1"), c("-", "A", "G", "T", NA)), names = c("", 
""))), LR48_SNP1 = structure(c(0L, 0L, 0L, 5L, 0L, 0L, 1L, 15L, 
589L, 5138L, 76L, 2L, 0L, 7L, 342L, 5582L, 79L, 1L, 0L, 0L, 18L, 
453L, 3L, 0L), dim = c(6L, 4L), dimnames = structure(list(c("-3", 
"-2", "-1", "0", "1", "2"), c("A", "C", "T", NA)), names = c("", 
""))), LR49_SNP1 = structure(c(7L, 3182L, 1L, 14L, 2893L, 2L, 
1L, 130L, 0L), dim = c(3L, 3L), dimnames = structure(list(c("-1", 
"0", "1"), c("A", "G", NA)), names = c("", ""))), LR52_SNP1 = structure(c(0L, 
0L, 0L, 1L, 0L, 1L, 49L, 495L, 2335L, 16L, 2L, 74L, 422L, 2705L, 
41L, 0L, 4L, 39L, 612L, 5L), dim = 5:4, dimnames = structure(list(
    c("-3", "-2", "-1", "0", "1"), c("A", "C", "T", NA)), names = c("", 
""))))
