Result <-
list(DEPDC2_SNP1 = structure(c(0L, 1L, 0L, 0L, 4L, 0L, 31L, 4365L, 
11L, 0L, 67L, 1L), dim = 3:4, dimnames = structure(list(c("-1", 
"0", "1"), c("A", "C", "T", NA)), names = c("", ""))), GM01_SNP1 = structure(c(130L, 
12840L, 41L, 1L, 0L, 6L, 0L, 0L, 8L, 288L, 1L, 0L), dim = 4:3, dimnames = structure(list(
    c("-1", "0", "1", "2"), c("A", "G", NA)), names = c("", ""
))), GM07_SNP1 = structure(c(1L, 153L, 3278L, 77L, 2L, 0L, 3L, 
119L, 3239L, 68L, 0L, 1L, 0L, 5L, 181L, 3L, 0L, 0L), dim = c(6L, 
3L), dimnames = structure(list(c("-2", "-1", "0", "1", "2", "3"
), c("A", "G", NA)), names = c("", ""))), GM09_SNP1 = structure(c(20L, 
3328L, 2L, 20L, 3182L, 0L, 1L, 12L, 0L, 1L, 62L, 0L), dim = 3:4, dimnames = structure(list(
    c("-1", "0", "1"), c("A", "G", "T", NA)), names = c("", ""
))), GM11_SNP1 = structure(c(0L, 9L, 2732L, 8L, 1L, 29L, 3126L, 
8L, 0L, 0L, 68L, 0L), dim = 4:3, dimnames = structure(list(c("-2", 
"-1", "0", "1"), c("A", "G", NA)), names = c("", ""))), GM14_SNP1 = structure(c(0L, 
0L, 1L, 0L, 9L, 138L, 4500L, 36L, 5L, 67L, 4037L, 13L, 0L, 0L, 
186L, 0L), dim = c(4L, 4L), dimnames = structure(list(c("-2", 
"-1", "0", "1"), c("A", "C", "T", NA)), names = c("", ""))), 
    GM17_SNP1 = structure(c(0L, 0L, 1L, 0L, 1L, 124L, 10526L, 
    30L, 0L, 0L, 10L, 0L, 0L, 1L, 109L, 0L), dim = c(4L, 4L), dimnames = structure(list(
        c("-2", "-1", "0", "1"), c("A", "C", "T", NA)), names = c("", 
    ""))), GM22_SNP1 = structure(c(1L, 15L, 249L, 19079L, 58L, 
    1L, 0L, 0L, 0L, 1L, 0L, 0L, 0L, 0L, 1L, 10L, 0L, 0L, 0L, 
    1L, 9L, 471L, 1L, 0L), dim = c(6L, 4L), dimnames = structure(list(
        c("-3", "-2", "-1", "0", "1", "2"), c("A", "C", "G", 
        NA)), names = c("", ""))), GM26_SNP1 = structure(c(2L, 
    14L, 1695L, 5L, 0L, 10L, 1804L, 7L, 0L, 0L, 93L, 0L), dim = 4:3, dimnames = structure(list(
        c("-2", "-1", "0", "1"), c("A", "G", NA)), names = c("", 
    ""))), GM29_SNP1 = structure(c(1L, 3L, 54L, 4811L, 11L, 0L, 
    0L, 0L, 3L, 0L, 0L, 0L, 0L, 1L, 0L, 0L, 0L, 0L, 64L, 1L), dim = 5:4, dimnames = structure(list(
        c("-3", "-2", "-1", "0", "1"), c("A", "G", "T", NA)), names = c("", 
    ""))), IM16_SNP1 = structure(c(19L, 2866L, 18L, 0L, 27L, 
    3394L, 41L, 1L, 0L, 1L, 0L, 0L, 2L, 127L, 2L, 0L), dim = c(4L, 
    4L), dimnames = structure(list(c("-1", "0", "1", "2"), c("A", 
    "G", "T", NA)), names = c("", ""))), IM49_SNP1 = structure(c(44L, 
    1527L, 29L, 0L, 3L, 0L, 1L, 40L, 2L), dim = c(3L, 3L), dimnames = structure(list(
        c("-1", "0", "1"), c("C", "G", NA)), names = c("", ""
    ))), LR10_SNP1 = structure(c(0L, 2L, 0L, 135L, 5958L, 23L, 
    0L, 1L, 0L, 0L, 6L, 0L, 0L, 93L, 2L), dim = c(3L, 5L), dimnames = structure(list(
        c("-1", "0", "1"), c("A", "C", "G", "T", NA)), names = c("", 
    ""))), LR11_SNP1 = structure(c(1L, 0L, 0L, 0L, 65L, 3950L, 
    35L, 1L, 0L, 2L, 0L, 0L, 2L, 123L, 0L, 0L), dim = c(4L, 4L
    ), dimnames = structure(list(c("-1", "0", "1", "2"), c("A", 
    "C", "T", NA)), names = c("", ""))), LR17_SNP1 = structure(c(1L, 
    9L, 212L, 5376L, 41L, 2L, 0L, 0L, 1L, 0L, 0L, 0L, 0L, 0L, 
    0L, 1L, 0L, 0L, 0L, 0L, 12L, 689L, 4L, 0L), dim = c(6L, 4L
    ), dimnames = structure(list(c("-3", "-2", "-1", "0", "1", 
    "2"), c("A", "G", "T", NA)), names = c("", ""))), LR20_SNP1 = structure(c(2L, 
    1316L, 3L, 1L, 1151L, 0L, 0L, 1L, 0L, 0L, 28L, 0L), dim = 3:4, dimnames = structure(list(
        c("-1", "0", "1"), c("A", "G", "T", NA)), names = c("", 
    ""))), LR24_SNP1 = structure(c(0L, 12L, 3184L, 8L, 1L, 0L, 
    0L, 2L, 0L, 0L, 1L, 0L, 56L, 1L, 0L), dim = c(5L, 3L), dimnames = structure(list(
        c("-2", "-1", "0", "1", "2"), c("A", "G", NA)), names = c("", 
    ""))), LR36_SNP1 = structure(c(0L, 0L, 0L, 9L, 0L, 0L, 0L, 
    0L, 4L, 0L, 3L, 8L, 98L, 5633L, 45L, 0L, 0L, 6L, 446L, 3L
    ), dim = 5:4, dimnames = structure(list(c("-3", "-2", "-1", 
    "0", "1"), c("A", "G", "T", NA)), names = c("", ""))), LR40_SNP1 = structure(c(1L, 
    3L, 0L, 39L, 3641L, 11L, 0L, 1L, 0L, 0L, 48L, 0L), dim = 3:4, dimnames = structure(list(
        c("-1", "0", "1"), c("A", "C", "T", NA)), names = c("", 
    ""))), LR44_SNP1 = structure(c(1L, 3L, 77L, 1201L, 9L, 1L, 
    0L, 4L, 109L, 1400L, 20L, 1L, 0L, 0L, 2L, 76L, 1L, 0L), dim = c(6L, 
    3L), dimnames = structure(list(c("-3", "-2", "-1", "0", "1", 
    "2"), c("C", "T", NA)), names = c("", ""))), LR46_SNP1 = structure(c(0L, 
    1L, 0L, 0L, 1L, 0L, 39L, 12700L, 26L, 0L, 11L, 0L, 1L, 170L, 
    0L), dim = c(3L, 5L), dimnames = structure(list(c("-1", "0", 
    "1"), c("A", "C", "G", "T", NA)), names = c("", ""))), LR48_SNP1 = structure(c(0L, 
    0L, 1L, 0L, 0L, 6L, 177L, 7020L, 84L, 3L, 4L, 166L, 6297L, 
    76L, 1L, 0L, 5L, 521L, 9L, 0L), dim = 5:4, dimnames = structure(list(
        c("-2", "-1", "0", "1", "2"), c("A", "C", "T", NA)), names = c("", 
    ""))), LR49_SNP1 = structure(c(0L, 11L, 0L, 10L, 5047L, 2L, 
    0L, 74L, 0L), dim = c(3L, 3L), dimnames = structure(list(
        c("-1", "0", "1"), c("A", "G", NA)), names = c("", ""
    ))), LR52_SNP1 = structure(c(0L, 0L, 1L, 5L, 0L, 0L, 4L, 
    47L, 554L, 6450L, 62L, 1L, 0L, 1L, 8L, 362L, 2L, 0L), dim = c(6L, 
    3L), dimnames = structure(list(c("-3", "-2", "-1", "0", "1", 
    "2"), c("C", "T", NA)), names = c("", ""))))
