Result <-
list(DEPDC2_SNP1 = structure(c(0L, 1L, 0L, 0L, 2L, 0L, 18L, 3369L, 
12L, 0L, 60L, 0L), dim = 3:4, dimnames = structure(list(c("-1", 
"0", "1"), c("A", "C", "T", NA)), names = c("", ""))), GM01_SNP1 = structure(c(0L, 
64L, 4106L, 13L, 0L, 2L, 71L, 4221L, 10L, 2L, 0L, 0L, 179L, 0L, 
0L), dim = c(5L, 3L), dimnames = structure(list(c("-2", "-1", 
"0", "1", "2"), c("A", "G", NA)), names = c("", ""))), GM07_SNP1 = structure(c(0L, 
0L, 2L, 0L, 0L, 21L, 913L, 1386L, 35L, 1L, 0L, 0L, 0L, 0L, 0L, 
16L, 828L, 1650L, 35L, 0L, 0L, 0L, 1L, 0L, 0L, 0L, 26L, 97L, 
1L, 0L), dim = 5:6, dimnames = structure(list(c("-2", "-1", "0", 
"1", "2"), c("-", "A", "C", "G", "T", NA)), names = c("", ""))), 
    GM09_SNP1 = structure(c(3L, 1061L, 1744L, 2L, 0L, 17L, 2504L, 
    3L, 0L, 1L, 1L, 0L, 0L, 8L, 46L, 0L), dim = c(4L, 4L), dimnames = structure(list(
        c("-2", "-1", "0", "1"), c("A", "G", "T", NA)), names = c("", 
    ""))), GM11_SNP1 = structure(c(1L, 660L, 1530L, 1L, 0L, 686L, 
    1576L, 12L, 0L, 4L, 0L, 0L, 0L, 9L, 41L, 0L), dim = c(4L, 
    4L), dimnames = structure(list(c("-2", "-1", "0", "1"), c("A", 
    "G", "T", NA)), names = c("", ""))), GM14_SNP1 = structure(c(16L, 
    1035L, 1884L, 13L, 2L, 59L, 2867L, 12L, 0L, 5L, 97L, 0L), dim = 4:3, dimnames = structure(list(
        c("-2", "-1", "0", "1"), c("C", "T", NA)), names = c("", 
    ""))), GM17_SNP1 = structure(c(0L, 0L, 0L, 14L, 0L, 1L, 2L, 
    96L, 7759L, 14L, 0L, 0L, 2L, 107L, 0L), dim = c(5L, 3L), dimnames = structure(list(
        c("-3", "-2", "-1", "0", "1"), c("C", "T", NA)), names = c("", 
    ""))), GM22_SNP1 = structure(c(0L, 0L, 1L, 0L, 0L, 6L, 176L, 
    12929L, 47L, 2L, 0L, 0L, 1L, 0L, 0L, 0L, 0L, 1L, 0L, 0L, 
    0L, 7L, 350L, 4L, 0L), dim = c(5L, 5L), dimnames = structure(list(
        c("-2", "-1", "0", "1", "2"), c("-", "A", "G", "T", NA
        )), names = c("", ""))), GM26_SNP1 = structure(c(0L, 
    10L, 1518L, 2L, 2L, 9L, 1460L, 4L, 0L, 0L, 1L, 0L, 0L, 0L, 
    104L, 0L), dim = c(4L, 4L), dimnames = structure(list(c("-2", 
    "-1", "0", "1"), c("A", "G", "T", NA)), names = c("", ""))), 
    GM29_SNP1 = structure(c(0L, 30L, 2160L, 7L, 1L, 1L, 21L, 
    2028L, 12L, 0L, 0L, 2L, 61L, 1L, 0L), dim = c(5L, 3L), dimnames = structure(list(
        c("-2", "-1", "0", "1", "2"), c("A", "G", NA)), names = c("", 
    ""))), IM16_SNP1 = structure(c(13L, 1502L, 658L, 20L, 38L, 
    2249L, 22L, 0L, 0L, 1L, 0L, 0L, 2L, 72L, 17L, 3L), dim = c(4L, 
    4L), dimnames = structure(list(c("-1", "0", "1", "2"), c("A", 
    "G", "T", NA)), names = c("", ""))), IM49_SNP1 = structure(c(0L, 
    1L, 0L, 0L, 1L, 42L, 522L, 11L, 9L, 195L, 275L, 11L, 0L, 
    7L, 52L, 0L), dim = c(4L, 4L), dimnames = structure(list(
        c("-2", "-1", "0", "1"), c("A", "C", "G", NA)), names = c("", 
    ""))), LR10_SNP1 = structure(c(0L, 1L, 0L, 74L, 4472L, 13L, 
    0L, 138L, 0L), dim = c(3L, 3L), dimnames = structure(list(
        c("-1", "0", "1"), c("C", "T", NA)), names = c("", ""
    ))), LR11_SNP1 = structure(c(1L, 5L, 0L, 63L, 2920L, 25L, 
    0L, 1L, 0L, 1L, 94L, 1L), dim = 3:4, dimnames = structure(list(
        c("-1", "0", "1"), c("A", "C", "G", NA)), names = c("", 
    ""))), LR17_SNP1 = structure(c(5L, 165L, 3903L, 39L, 0L, 
    0L, 1L, 0L, 0L, 9L, 567L, 4L), dim = 4:3, dimnames = structure(list(
        c("-2", "-1", "0", "1"), c("A", "G", NA)), names = c("", 
    ""))), LR20_SNP1 = structure(c(2L, 1394L, 3L, 0L, 1L, 0L, 
    0L, 15L, 0L), dim = c(3L, 3L), dimnames = structure(list(
        c("-1", "0", "1"), c("A", "G", NA)), names = c("", ""
    ))), LR24_SNP1 = structure(c(509L, 2158L, 10L, 54L), dim = c(2L, 
    2L), dimnames = structure(list(c("-1", "0"), c("A", NA)), names = c("", 
    ""))), LR36_SNP1 = structure(c(2L, 684L, 645L, 2619L, 20L, 
    0L, 0L, 0L, 3L, 0L, 1L, 4L, 10L, 84L, 2L), dim = c(5L, 3L
    ), dimnames = structure(list(c("-3", "-2", "-1", "0", "1"
    ), c("A", "T", NA)), names = c("", ""))), LR40_SNP1 = structure(c(0L, 
    2L, 0L, 41L, 2787L, 13L, 0L, 53L, 1L), dim = c(3L, 3L), dimnames = structure(list(
        c("-1", "0", "1"), c("A", "C", NA)), names = c("", ""
    ))), LR44_SNP1 = structure(c(29L, 305L, 757L, 4L, 16L, 395L, 
    651L, 14L, 1L, 8L, 44L, 0L), dim = 4:3, dimnames = structure(list(
        c("-2", "-1", "0", "1"), c("C", "T", NA)), names = c("", 
    ""))), LR46_SNP1 = structure(c(0L, 0L, 1L, 0L, 0L, 0L, 7L, 
    0L, 1986L, 85L, 8447L, 8L, 40L, 2L, 170L, 0L), dim = c(4L, 
    4L), dimnames = structure(list(c("-2", "-1", "0", "1"), c("C", 
    "G", "T", NA)), names = c("", ""))), LR48_SNP1 = structure(c(0L, 
    0L, 0L, 1L, 0L, 0L, 0L, 0L, 2L, 9L, 0L, 0L, 2L, 30L, 1676L, 
    6986L, 103L, 1L, 0L, 1L, 43L, 316L, 4L, 0L), dim = c(6L, 
    4L), dimnames = structure(list(c("-3", "-2", "-1", "0", "1", 
    "2"), c("A", "C", "T", NA)), names = c("", ""))), LR49_SNP1 = structure(c(0L, 
    13L, 0L, 14L, 4080L, 2L, 0L, 45L, 0L), dim = c(3L, 3L), dimnames = structure(list(
        c("-1", "0", "1"), c("A", "G", NA)), names = c("", ""
    ))), LR52_SNP1 = structure(c(0L, 0L, 0L, 0L, 2L, 0L, 1L, 
    43L, 701L, 1382L, 2968L, 34L, 0L, 2L, 13L, 38L, 159L, 3L), dim = c(6L, 
    3L), dimnames = structure(list(c("-4", "-3", "-2", "-1", 
    "0", "1"), c("C", "T", NA)), names = c("", ""))))
