Result <-
list(DEPDC2_SNP1 = structure(c(0L, 1L, 0L, 51L, 3154L, 16L, 0L, 
50L, 1L), dim = c(3L, 3L), dimnames = structure(list(c("-1", 
"0", "1"), c("A", "T", NA)), names = c("", ""))), GM01_SNP1 = structure(c(0L, 
0L, 1L, 0L, 3L, 222L, 10147L, 37L, 0L, 0L, 1L, 0L, 0L, 0L, 15L, 
0L, 0L, 4L, 255L, 3L), dim = 4:5, dimnames = structure(list(c("-2", 
"-1", "0", "1"), c("-", "A", "C", "G", NA)), names = c("", ""
))), GM07_SNP1 = structure(c(55L, 288L, 2116L, 61L, 2L, 0L, 3L, 
94L, 1778L, 543L, 26L, 1L, 0L, 1L, 0L, 0L, 0L, 0L, 2L, 5L, 140L, 
10L, 0L, 0L), dim = c(6L, 4L), dimnames = structure(list(c("-2", 
"-1", "0", "1", "2", "3"), c("A", "G", "T", NA)), names = c("", 
""))), GM09_SNP1 = structure(c(20L, 3220L, 7L, 20L, 3149L, 4L, 
0L, 71L, 1L), dim = c(3L, 3L), dimnames = structure(list(c("-1", 
"0", "1"), c("A", "G", NA)), names = c("", ""))), GM11_SNP1 = structure(c(21L, 
3887L, 43L, 1L, 0L, 1L, 0L, 0L, 0L, 1L, 0L, 0L, 0L, 58L, 0L, 
0L), dim = c(4L, 4L), dimnames = structure(list(c("-1", "0", 
"1", "2"), c("A", "C", "G", NA)), names = c("", ""))), GM14_SNP1 = structure(c(0L, 
0L, 0L, 3L, 0L, 0L, 2L, 5L, 194L, 3491L, 35L, 1L, 0L, 0L, 96L, 
3749L, 14L, 0L, 0L, 1L, 1L, 142L, 0L, 0L), dim = c(6L, 4L), dimnames = structure(list(
    c("-3", "-2", "-1", "0", "1", "2"), c("A", "C", "T", NA)), names = c("", 
""))), GM17_SNP1 = structure(c(1L, 1L, 321L, 8870L, 40L, 0L, 
0L, 1L, 9L, 0L, 0L, 1L, 1L, 76L, 1L), dim = c(5L, 3L), dimnames = structure(list(
    c("-4", "-2", "-1", "0", "1"), c("C", "T", NA)), names = c("", 
""))), GM22_SNP1 = structure(c(4L, 194L, 13669L, 69L, 0L, 0L, 
0L, 8L, 0L, 0L, 0L, 0L, 2L, 0L, 0L, 0L, 8L, 326L, 1L, 1L), dim = 5:4, dimnames = structure(list(
    c("-2", "-1", "0", "1", "2"), c("A", "G", "T", NA)), names = c("", 
""))), GM26_SNP1 = structure(c(10L, 589L, 1168L, 6L, 0L, 13L, 
1503L, 10L, 0L, 10L, 78L, 0L), dim = 4:3, dimnames = structure(list(
    c("-2", "-1", "0", "1"), c("A", "G", NA)), names = c("", 
""))), GM29_SNP1 = structure(c(1L, 82L, 4732L, 761L, 8L, 0L, 
0L, 3L, 0L, 0L, 0L, 0L, 1L, 0L, 0L, 0L, 2L, 89L, 10L, 0L), dim = 5:4, dimnames = structure(list(
    c("-2", "-1", "0", "1", "2"), c("A", "G", "T", NA)), names = c("", 
""))), IM16_SNP1 = structure(c(1L, 12L, 0L, 0L, 123L, 4652L, 
63L, 3L, 0L, 1L, 0L, 0L, 0L, 111L, 1L, 1L), dim = c(4L, 4L), dimnames = structure(list(
    c("-1", "0", "1", "2"), c("A", "G", "T", NA)), names = c("", 
""))), IM49_SNP1 = structure(c(0L, 1L, 0L, 0L, 4L, 95L, 942L, 
11L, 0L, 0L, 1L, 0L, 0L, 5L, 61L, 1L), dim = c(4L, 4L), dimnames = structure(list(
    c("-2", "-1", "0", "1"), c("C", "G", "T", NA)), names = c("", 
""))), LR10_SNP1 = structure(c(0L, 0L, 1L, 0L, 10L, 796L, 3614L, 
49L, 0L, 1L, 7L, 0L, 0L, 8L, 64L, 2L), dim = c(4L, 4L), dimnames = structure(list(
    c("-2", "-1", "0", "1"), c("A", "C", "T", NA)), names = c("", 
""))), LR11_SNP1 = structure(c(2L, 102L, 2643L, 14L, 0L, 1L, 
124L, 2226L, 19L, 1L, 1L, 3L, 131L, 1L, 0L), dim = c(5L, 3L), dimnames = structure(list(
    c("-2", "-1", "0", "1", "3"), c("A", "C", NA)), names = c("", 
""))), LR17_SNP1 = structure(c(1L, 32L, 1359L, 4837L, 90L, 1L, 
0L, 0L, 0L, 0L, 0L, 0L, 0L, 0L, 0L, 2L, 0L, 0L, 0L, 1L, 77L, 
673L, 5L, 0L), dim = c(6L, 4L), dimnames = structure(list(c("-3", 
"-2", "-1", "0", "1", "2"), c("A", "C", "G", NA)), names = c("", 
""))), LR20_SNP1 = structure(c(1L, 0L, 0L, 254L, 1308L, 5L, 0L, 
1L, 0L, 1L, 10L, 0L), dim = 3:4, dimnames = structure(list(c("-1", 
"0", "1"), c("-", "A", "G", NA)), names = c("", ""))), LR24_SNP1 = structure(c(2L, 
101L, 1650L, 4L, 0L, 9L, 1449L, 1L, 0L, 2L, 1L, 0L, 0L, 2L, 50L, 
0L), dim = c(4L, 4L), dimnames = structure(list(c("-2", "-1", 
"0", "1"), c("A", "G", "T", NA)), names = c("", ""))), LR36_SNP1 = structure(c(0L, 
0L, 0L, 1L, 1L, 0L, 1L, 2L, 5L, 157L, 4458L, 55L, 0L, 0L, 0L, 
0L, 1L, 0L, 0L, 0L, 0L, 0L, 4L, 0L, 0L, 0L, 0L, 1L, 129L, 0L), dim = 6:5, dimnames = structure(list(
    c("-4", "-3", "-2", "-1", "0", "1"), c("-", "A", "G", "T", 
    NA)), names = c("", ""))), LR40_SNP1 = structure(c(1L, 53L, 
3062L, 7L, 0L, 0L, 62L, 1L), dim = c(4L, 2L), dimnames = structure(list(
    c("-3", "-1", "0", "1"), c("C", NA)), names = c("", ""))), 
    LR44_SNP1 = structure(c(0L, 0L, 0L, 3L, 0L, 7L, 194L, 316L, 
    1645L, 26L, 0L, 9L, 2L, 2L, 0L, 0L, 0L, 4L, 48L, 0L), dim = 5:4, dimnames = structure(list(
        c("-3", "-2", "-1", "0", "1"), c("A", "C", "T", NA)), names = c("", 
    ""))), LR46_SNP1 = structure(c(0L, 1L, 0L, 29L, 5134L, 12L, 
    45L, 4763L, 17L, 2L, 162L, 0L), dim = 3:4, dimnames = structure(list(
        c("-1", "0", "1"), c("A", "G", "T", NA)), names = c("", 
    ""))), LR48_SNP1 = structure(c(0L, 1L, 1L, 0L, 0L, 0L, 1L, 
    2L, 0L, 0L, 4L, 256L, 4720L, 55L, 1L, 23L, 1577L, 3012L, 
    34L, 0L, 0L, 47L, 338L, 8L, 0L), dim = c(5L, 5L), dimnames = structure(list(
        c("-2", "-1", "0", "1", "2"), c("-", "A", "C", "T", NA
        )), names = c("", ""))), LR49_SNP1 = structure(c(10L, 
    2578L, 22L, 2391L, 0L, 107L), dim = 2:3, dimnames = structure(list(
        c("-1", "0"), c("A", "G", NA)), names = c("", ""))), 
    LR52_SNP1 = structure(c(1L, 25L, 199L, 870L, 1376L, 12L, 
    2L, 0L, 4L, 88L, 418L, 2330L, 25L, 1L, 0L, 1L, 4L, 49L, 450L, 
    7L, 0L), dim = c(7L, 3L), dimnames = structure(list(c("-4", 
    "-3", "-2", "-1", "0", "1", "2"), c("C", "T", NA)), names = c("", 
    ""))))
