Result <-
list(DEPDC2_SNP1 = structure(c(0L, 14L, 887L, 1L, 1L, 31L, 1054L, 
2L, 0L, 0L, 41L, 0L), dim = 4:3, dimnames = structure(list(c("-2", 
"-1", "0", "1"), c("C", "T", NA)), names = c("", ""))), GM01_SNP1 = structure(c(0L, 
0L, 1L, 0L, 23L, 154L, 3032L, 16L, 0L, 30L, 2847L, 7L, 0L, 6L, 
104L, 0L), dim = c(4L, 4L), dimnames = structure(list(c("-2", 
"-1", "0", "1"), c("-", "A", "G", NA)), names = c("", ""))), 
    GM07_SNP1 = structure(c(131L, 1354L, 1750L, 39L, 1L, 0L, 
    1L, 1L, 0L, 0L, 0L, 0L, 2L, 0L, 0L, 0L, 23L, 55L, 2L, 0L), dim = 5:4, dimnames = structure(list(
        c("-2", "-1", "0", "1", "2"), c("A", "G", "T", NA)), names = c("", 
    ""))), GM09_SNP1 = structure(c(0L, 0L, 5L, 0L, 1L, 126L, 
    3325L, 7L, 0L, 0L, 19L, 0L), dim = 4:3, dimnames = structure(list(
        c("-2", "-1", "0", "1"), c("A", "G", NA)), names = c("", 
    ""))), GM11_SNP1 = structure(c(10L, 1585L, 4L, 0L, 1L, 0L, 
    125L, 1256L, 5L, 1L, 37L, 1L), dim = 3:4, dimnames = structure(list(
        c("-1", "0", "1"), c("A", "C", "G", NA)), names = c("", 
    ""))), GM14_SNP1 = structure(c(1L, 20L, 1064L, 2613L, 24L, 
    2L, 0L, 0L, 1L, 0L, 0L, 0L, 0L, 0L, 0L, 1L, 0L, 0L, 0L, 0L, 
    4L, 39L, 0L, 0L), dim = c(6L, 4L), dimnames = structure(list(
        c("-3", "-2", "-1", "0", "1", "2"), c("C", "G", "T", 
        NA)), names = c("", ""))), GM17_SNP1 = structure(c(1L, 
    52L, 2933L, 9L, 0L, 24L, 2422L, 4L, 0L, 0L, 55L, 1L), dim = 4:3, dimnames = structure(list(
        c("-2", "-1", "0", "1"), c("C", "T", NA)), names = c("", 
    ""))), GM22_SNP1 = structure(c(0L, 1L, 61L, 4330L, 17L, 0L, 
    0L, 0L, 1L, 0L, 1L, 3L, 52L, 3961L, 15L, 0L, 0L, 3L, 298L, 
    2L), dim = 5:4, dimnames = structure(list(c("-3", "-2", "-1", 
    "0", "1"), c("A", "C", "G", NA)), names = c("", ""))), GM26_SNP1 = structure(c(1L, 
    302L, 548L, 5L, 0L, 137L, 690L, 1L, 0L, 0L, 1L, 0L, 0L, 5L, 
    30L, 0L), dim = c(4L, 4L), dimnames = structure(list(c("-2", 
    "-1", "0", "1"), c("A", "G", "T", NA)), names = c("", ""))), 
    GM29_SNP1 = structure(c(3L, 38L, 2229L, 6L, 0L, 0L, 30L, 
    0L), dim = c(4L, 2L), dimnames = structure(list(c("-2", "-1", 
    "0", "1"), c("A", NA)), names = c("", ""))), IM16_SNP1 = structure(c(0L, 
    0L, 1L, 0L, 1L, 977L, 2969L, 26L, 0L, 1L, 0L, 0L, 0L, 5L, 
    40L, 1L), dim = c(4L, 4L), dimnames = structure(list(c("-2", 
    "-1", "0", "1"), c("A", "G", "T", NA)), names = c("", ""))), 
    IM49_SNP1 = structure(c(1L, 60L, 972L, 13L, 0L, 0L, 1L, 0L, 
    0L, 1L, 38L, 0L), dim = 4:3, dimnames = structure(list(c("-2", 
    "-1", "0", "1"), c("C", "T", NA)), names = c("", ""))), LR10_SNP1 = structure(c(0L, 
    0L, 1L, 0L, 1L, 126L, 2354L, 17L, 0L, 2L, 36L, 0L), dim = 4:3, dimnames = structure(list(
        c("-2", "-1", "0", "1"), c("A", "C", NA)), names = c("", 
    ""))), LR11_SNP1 = structure(c(2L, 50L, 1820L, 11L, 0L, 0L, 
    48L, 0L), dim = c(4L, 2L), dimnames = structure(list(c("-2", 
    "-1", "0", "1"), c("C", NA)), names = c("", ""))), LR17_SNP1 = structure(c(1L, 
    103L, 383L, 1985L, 19L, 0L, 0L, 0L, 1L, 0L, 0L, 1L, 24L, 
    251L, 5L), dim = c(5L, 3L), dimnames = structure(list(c("-3", 
    "-2", "-1", "0", "1"), c("A", "G", NA)), names = c("", ""
    ))), LR20_SNP1 = structure(c(1L, 550L, 0L, 536L, 0L, 11L), dim = 2:3, dimnames = structure(list(
        c("-1", "0"), c("A", "G", NA)), names = c("", ""))), 
    LR24_SNP1 = structure(c(10L, 394L, 407L, 1L, 0L, 0L, 5L, 
    743L, 1L, 1L, 0L, 5L, 22L, 0L, 0L), dim = c(5L, 3L), dimnames = structure(list(
        c("-2", "-1", "0", "1", "2"), c("A", "G", NA)), names = c("", 
    ""))), LR36_SNP1 = structure(c(0L, 0L, 0L, 1L, 0L, 1L, 97L, 
    1172L, 1667L, 18L, 0L, 2L, 34L, 113L, 0L), dim = c(5L, 3L
    ), dimnames = structure(list(c("-3", "-2", "-1", "0", "1"
    ), c("A", "T", NA)), names = c("", ""))), LR40_SNP1 = structure(c(37L, 
    1959L, 4L, 0L, 1L, 0L, 0L, 39L, 0L), dim = c(3L, 3L), dimnames = structure(list(
        c("-1", "0", "1"), c("C", "T", NA)), names = c("", ""
    ))), LR44_SNP1 = structure(c(4L, 347L, 302L, 5L, 3L, 44L, 
    689L, 13L, 1L, 6L, 28L, 0L), dim = 4:3, dimnames = structure(list(
        c("-2", "-1", "0", "1"), c("C", "T", NA)), names = c("", 
    ""))), LR46_SNP1 = structure(c(83L, 5869L, 10L, 1L, 3L, 0L, 
    0L, 70L, 0L), dim = c(3L, 3L), dimnames = structure(list(
        c("-1", "0", "1"), c("G", "T", NA)), names = c("", ""
    ))), LR48_SNP1 = structure(c(0L, 0L, 1L, 0L, 0L, 30L, 1305L, 
    4058L, 55L, 2L, 0L, 0L, 1L, 0L, 0L, 0L, 22L, 124L, 0L, 0L
    ), dim = 5:4, dimnames = structure(list(c("-2", "-1", "0", 
    "1", "2"), c("A", "C", "T", NA)), names = c("", ""))), LR49_SNP1 = structure(c(8L, 
    2230L, 1L, 0L, 1L, 0L, 0L, 3L, 0L, 0L, 83L, 0L), dim = 3:4, dimnames = structure(list(
        c("-1", "0", "1"), c("A", "G", "T", NA)), names = c("", 
    ""))), LR52_SNP1 = structure(c(0L, 0L, 0L, 0L, 2L, 0L, 0L, 
    3L, 5L, 101L, 1025L, 332L, 59L, 0L, 2L, 109L, 624L, 1047L, 
    25L, 0L, 0L, 0L, 2L, 25L, 278L, 66L, 33L, 1L), dim = c(7L, 
    4L), dimnames = structure(list(c("-3", "-2", "-1", "0", "1", 
    "2", "3"), c("A", "C", "T", NA)), names = c("", ""))))
