Result <-
list(DEPDC2_SNP1 = structure(c(0L, 3L, 0L, 60L, 4635L, 28L, 1L, 
70L, 1L), dim = c(3L, 3L), dimnames = structure(list(c("-1", 
"0", "1"), c("C", "T", NA)), names = c("", ""))), GM01_SNP1 = structure(c(0L, 
12L, 0L, 193L, 12748L, 32L, 2L, 164L, 1L), dim = c(3L, 3L), dimnames = structure(list(
    c("-1", "0", "1"), c("A", "G", NA)), names = c("", ""))), 
    GM07_SNP1 = structure(c(0L, 0L, 1L, 0L, 0L, 37L, 687L, 3210L, 
    84L, 0L, 10L, 487L, 2995L, 59L, 1L, 0L, 22L, 177L, 1L, 0L
    ), dim = 5:4, dimnames = structure(list(c("-2", "-1", "0", 
    "1", "2"), c("-", "A", "G", NA)), names = c("", ""))), GM09_SNP1 = structure(c(22L, 
    4005L, 2L, 18L, 3755L, 11L, 0L, 1L, 0L, 0L, 92L, 0L), dim = 3:4, dimnames = structure(list(
        c("-1", "0", "1"), c("A", "G", "T", NA)), names = c("", 
    ""))), GM11_SNP1 = structure(c(0L, 81L, 2394L, 11L, 0L, 1L, 
    84L, 2924L, 85L, 5L, 0L, 4L, 60L, 4L, 0L), dim = c(5L, 3L
    ), dimnames = structure(list(c("-2", "-1", "0", "1", "2"), 
        c("A", "G", NA)), names = c("", ""))), GM14_SNP1 = structure(c(0L, 
    1L, 0L, 13L, 0L, 0L, 1L, 132L, 1859L, 5717L, 32L, 1L, 0L, 
    0L, 14L, 168L, 1L, 0L), dim = c(6L, 3L), dimnames = structure(list(
        c("-3", "-2", "-1", "0", "1", "2"), c("C", "T", NA)), names = c("", 
    ""))), GM17_SNP1 = structure(c(1L, 9L, 1101L, 8101L, 28L, 
    0L, 0L, 1L, 11L, 0L, 0L, 0L, 3L, 86L, 0L), dim = c(5L, 3L
    ), dimnames = structure(list(c("-3", "-2", "-1", "0", "1"
    ), c("C", "T", NA)), names = c("", ""))), GM22_SNP1 = structure(c(8L, 
    169L, 8886L, 36L, 11L, 2910L, 4779L, 19L, 3L, 54L, 415L, 
    1L), dim = 4:3, dimnames = structure(list(c("-2", "-1", "0", 
    "1"), c("A", "G", NA)), names = c("", ""))), GM26_SNP1 = structure(c(0L, 
    10L, 1878L, 9L, 1L, 114L, 1476L, 4L, 0L, 0L, 1L, 0L, 0L, 
    7L, 96L, 0L), dim = c(4L, 4L), dimnames = structure(list(
        c("-2", "-1", "0", "1"), c("A", "G", "T", NA)), names = c("", 
    ""))), GM29_SNP1 = structure(c(0L, 0L, 1L, 0L, 9L, 592L, 
    2104L, 9L, 5L, 315L, 2674L, 4L, 0L, 0L, 1L, 0L, 0L, 10L, 
    53L, 0L), dim = 4:5, dimnames = structure(list(c("-2", "-1", 
    "0", "1"), c("-", "A", "G", "T", NA)), names = c("", ""))), 
    IM16_SNP1 = structure(c(0L, 70L, 3352L, 29L, 0L, 1L, 597L, 
    3004L, 41L, 0L, 0L, 0L, 3L, 0L, 0L, 0L, 3L, 131L, 5L, 1L), dim = 5:4, dimnames = structure(list(
        c("-2", "-1", "0", "1", "2"), c("A", "G", "T", NA)), names = c("", 
    ""))), IM49_SNP1 = structure(c(6L, 279L, 1085L, 19L, 0L, 
    0L, 1L, 0L, 0L, 2L, 50L, 0L), dim = 4:3, dimnames = structure(list(
        c("-2", "-1", "0", "1"), c("C", "G", NA)), names = c("", 
    ""))), LR10_SNP1 = structure(c(0L, 1L, 1L, 0L, 6L, 313L, 
    2843L, 31L, 1L, 224L, 3047L, 11L, 1L, 2L, 145L, 4L), dim = c(4L, 
    4L), dimnames = structure(list(c("-2", "-1", "0", "1"), c("A", 
    "C", "T", NA)), names = c("", ""))), LR11_SNP1 = structure(c(2L, 
    151L, 2314L, 15L, 0L, 61L, 1831L, 9L, 0L, 0L, 1L, 0L, 1L, 
    3L, 122L, 1L), dim = c(4L, 4L), dimnames = structure(list(
        c("-2", "-1", "0", "1"), c("A", "C", "G", NA)), names = c("", 
    ""))), LR17_SNP1 = structure(c(28L, 1380L, 4824L, 56L, 0L, 
    1L, 0L, 0L, 0L, 91L, 656L, 1L), dim = 4:3, dimnames = structure(list(
        c("-2", "-1", "0", "1"), c("A", "G", NA)), names = c("", 
    ""))), LR20_SNP1 = structure(c(2L, 864L, 0L, 0L, 3L, 946L, 
    4L, 1L, 0L, 21L, 1L, 0L), dim = 4:3, dimnames = structure(list(
        c("-1", "0", "1", "2"), c("A", "G", NA)), names = c("", 
    ""))), LR24_SNP1 = structure(c(1L, 5L, 242L, 4679L, 8L, 0L, 
    0L, 0L, 3L, 0L, 0L, 0L, 1L, 87L, 0L), dim = c(5L, 3L), dimnames = structure(list(
        c("-3", "-2", "-1", "0", "1"), c("A", "G", NA)), names = c("", 
    ""))), LR36_SNP1 = structure(c(1L, 0L, 22L, 112L, 2921L, 
    22L, 0L, 0L, 0L, 0L, 2L, 0L, 0L, 0L, 0L, 0L, 1L, 0L, 0L, 
    1L, 6L, 282L, 2676L, 13L, 0L, 0L, 1L, 11L, 295L, 1L), dim = 6:5, dimnames = structure(list(
        c("-4", "-3", "-2", "-1", "0", "1"), c("A", "C", "G", 
        "T", NA)), names = c("", ""))), LR40_SNP1 = structure(c(0L, 
    0L, 2L, 0L, 2L, 101L, 3999L, 10L, 0L, 0L, 1L, 0L, 0L, 0L, 
    75L, 1L), dim = c(4L, 4L), dimnames = structure(list(c("-2", 
    "-1", "0", "1"), c("A", "C", "T", NA)), names = c("", ""))), 
    LR44_SNP1 = structure(c(1L, 6L, 220L, 422L, 1650L, 16L, 0L, 
    0L, 0L, 7L, 2L, 0L, 0L, 0L, 3L, 12L, 63L, 1L), dim = c(6L, 
    3L), dimnames = structure(list(c("-4", "-3", "-2", "-1", 
    "0", "1"), c("C", "T", NA)), names = c("", ""))), LR46_SNP1 = structure(c(0L, 
    1L, 7L, 0L, 1L, 256L, 6976L, 19L, 1L, 2245L, 4566L, 19L, 
    0L, 37L, 167L, 1L), dim = c(4L, 4L), dimnames = structure(list(
        c("-2", "-1", "0", "1"), c("A", "G", "T", NA)), names = c("", 
    ""))), LR48_SNP1 = structure(c(0L, 0L, 0L, 3L, 0L, 0L, 1L, 
    40L, 2330L, 9081L, 128L, 2L, 0L, 0L, 0L, 7L, 0L, 0L, 0L, 
    0L, 28L, 299L, 5L, 0L), dim = c(6L, 4L), dimnames = structure(list(
        c("-3", "-2", "-1", "0", "1", "2"), c("A", "C", "T", 
        NA)), names = c("", ""))), LR49_SNP1 = structure(c(305L, 
    6380L, 2L, 0L, 1L, 0L, 0L, 10L, 0L, 0L, 1L, 0L, 10L, 183L, 
    0L), dim = c(3L, 5L), dimnames = structure(list(c("-1", "0", 
    "1"), c("A", "C", "G", "T", NA)), names = c("", ""))), LR52_SNP1 = structure(c(0L, 
    0L, 0L, 1L, 0L, 0L, 0L, 6L, 185L, 1240L, 1530L, 10L, 0L, 
    0L, 54L, 60L, 399L, 2582L, 76L, 12L, 1L, 0L, 4L, 68L, 417L, 
    9L, 1L, 0L), dim = c(7L, 4L), dimnames = structure(list(c("-3", 
    "-2", "-1", "0", "1", "2", "3"), c("A", "C", "T", NA)), names = c("", 
    ""))))
