Result <-
list(DEPDC2_SNP1 = structure(c(0L, 1L, 0L, 11L, 1074L, 2L, 14L, 
876L, 2L, 1L, 42L, 0L), dim = 3:4, dimnames = structure(list(
    c("-1", "0", "1"), c("A", "C", "T", NA)), names = c("", ""
))), GM01_SNP1 = structure(c(5L, 174L, 7248L, 18L, 2L, 0L, 0L, 
9L, 0L, 0L, 0L, 4L, 183L, 1L, 0L), dim = c(5L, 3L), dimnames = structure(list(
    c("-2", "-1", "0", "1", "2"), c("A", "G", NA)), names = c("", 
""))), GM07_SNP1 = structure(c(1L, 42L, 1229L, 2411L, 73L, 0L, 
0L, 0L, 1L, 0L, 0L, 0L, 0L, 6L, 0L, 0L, 0L, 0L, 1L, 0L, 0L, 1L, 
26L, 94L, 2L), dim = c(5L, 5L), dimnames = structure(list(c("-3", 
"-2", "-1", "0", "1"), c("A", "C", "G", "T", NA)), names = c("", 
""))), GM09_SNP1 = structure(c(28L, 1986L, 2L, 11L, 1756L, 1L, 
0L, 7L, 0L, 1L, 41L, 0L), dim = 3:4, dimnames = structure(list(
    c("-1", "0", "1"), c("A", "G", "T", NA)), names = c("", ""
))), GM11_SNP1 = structure(c(8L, 809L, 2247L, 18L, 0L, 0L, 4L, 
0L, 0L, 8L, 36L, 1L), dim = 4:3, dimnames = structure(list(c("-2", 
"-1", "0", "1"), c("A", "G", NA)), names = c("", ""))), GM14_SNP1 = structure(c(0L, 
0L, 0L, 0L, 0L, 0L, 0L, 0L, 1L, 0L, 0L, 25L, 1366L, 1227L, 8L, 
1L, 63L, 2114L, 1148L, 5L, 0L, 1L, 24L, 69L, 1L), dim = c(5L, 
5L), dimnames = structure(list(c("-3", "-2", "-1", "0", "1"), 
    c("-", "A", "C", "T", NA)), names = c("", ""))), GM17_SNP1 = structure(c(128L, 
5456L, 17L, 0L, 9L, 0L, 0L, 69L, 1L), dim = c(3L, 3L), dimnames = structure(list(
    c("-1", "0", "1"), c("C", "T", NA)), names = c("", ""))), 
    GM22_SNP1 = structure(c(1L, 70L, 4722L, 14L, 1L, 72L, 4005L, 
    18L, 0L, 0L, 3L, 0L, 0L, 6L, 327L, 4L), dim = c(4L, 4L), dimnames = structure(list(
        c("-2", "-1", "0", "1"), c("A", "G", "T", NA)), names = c("", 
    ""))), GM26_SNP1 = structure(c(10L, 911L, 4L, 23L, 960L, 
    3L, 1L, 69L, 0L), dim = c(3L, 3L), dimnames = structure(list(
        c("-1", "0", "1"), c("A", "G", NA)), names = c("", ""
    ))), GM29_SNP1 = structure(c(5L, 1511L, 2254L, 6L, 1L, 0L, 
    0L, 1L, 0L, 0L, 0L, 1L, 0L, 0L, 0L, 0L, 7L, 27L, 0L, 0L), dim = 5:4, dimnames = structure(list(
        c("-2", "-1", "0", "1", "2"), c("A", "G", "T", NA)), names = c("", 
    ""))), IM16_SNP1 = structure(c(12L, 726L, 8L, 0L, 49L, 1537L, 
    15L, 1L, 0L, 1L, 0L, 0L, 0L, 53L, 2L, 0L), dim = c(4L, 4L
    ), dimnames = structure(list(c("-1", "0", "1", "2"), c("A", 
    "G", "T", NA)), names = c("", ""))), IM49_SNP1 = structure(c(0L, 
    0L, 1L, 0L, 0L, 3L, 260L, 842L, 20L, 0L, 0L, 15L, 74L, 0L, 
    1L), dim = c(5L, 3L), dimnames = structure(list(c("-2", "-1", 
    "0", "1", "2"), c("C", "G", NA)), names = c("", ""))), LR10_SNP1 = structure(c(0L, 
    2L, 0L, 73L, 3323L, 24L, 0L, 3L, 0L, 1L, 66L, 1L), dim = 3:4, dimnames = structure(list(
        c("-1", "0", "1"), c("A", "C", "T", NA)), names = c("", 
    ""))), LR11_SNP1 = structure(c(92L, 2939L, 26L, 0L, 8L, 0L, 
    0L, 1L, 0L, 0L, 1L, 0L, 1L, 101L, 1L), dim = c(3L, 5L), dimnames = structure(list(
        c("-1", "0", "1"), c("A", "C", "G", "T", NA)), names = c("", 
    ""))), LR17_SNP1 = structure(c(4L, 169L, 3331L, 44L, 0L, 
    0L, 1L, 0L, 1L, 11L, 460L, 2L), dim = 4:3, dimnames = structure(list(
        c("-2", "-1", "0", "1"), c("A", "G", NA)), names = c("", 
    ""))), LR20_SNP1 = structure(c(3L, 638L, 2L, 0L, 452L, 1L, 
    0L, 11L, 0L), dim = c(3L, 3L), dimnames = structure(list(
        c("-1", "0", "1"), c("A", "G", NA)), names = c("", ""
    ))), LR24_SNP1 = structure(c(0L, 12L, 1418L, 1L, 1L, 1L, 
    795L, 2L, 0L, 0L, 47L, 0L), dim = 4:3, dimnames = structure(list(
        c("-3", "-1", "0", "1"), c("A", "G", NA)), names = c("", 
    ""))), LR36_SNP1 = structure(c(0L, 0L, 1L, 14L, 57L, 1334L, 
    70L, 1L, 1L, 1L, 1L, 2L, 12L, 654L, 778L, 4L, 0L, 0L, 0L, 
    0L, 0L, 1L, 29L, 103L, 1L, 0L, 0L), dim = c(9L, 3L), dimnames = structure(list(
        c("-5", "-4", "-3", "-2", "-1", "0", "1", "2", "3"), 
        c("A", "T", NA)), names = c("", ""))), LR40_SNP1 = structure(c(0L, 
    1L, 0L, 62L, 2035L, 4L, 0L, 40L, 0L), dim = c(3L, 3L), dimnames = structure(list(
        c("-1", "0", "1"), c("A", "C", NA)), names = c("", ""
    ))), LR44_SNP1 = structure(c(0L, 0L, 30L, 295L, 1L, 2L, 60L, 
    558L, 332L, 4L, 0L, 1L, 6L, 25L, 1L), dim = c(5L, 3L), dimnames = structure(list(
        c("-3", "-2", "-1", "0", "1"), c("C", "T", NA)), names = c("", 
    ""))), LR46_SNP1 = structure(c(89L, 7247L, 20L, 0L, 6L, 0L, 
    0L, 112L, 0L), dim = c(3L, 3L), dimnames = structure(list(
        c("-1", "0", "1"), c("G", "T", NA)), names = c("", ""
    ))), LR48_SNP1 = structure(c(0L, 0L, 0L, 1L, 0L, 1L, 136L, 
    1940L, 4771L, 59L, 0L, 0L, 1L, 0L, 0L, 0L, 0L, 2L, 0L, 0L, 
    0L, 3L, 34L, 201L, 2L), dim = c(5L, 5L), dimnames = structure(list(
        c("-3", "-2", "-1", "0", "1"), c("A", "C", "G", "T", 
        NA)), names = c("", ""))), LR49_SNP1 = structure(c(83L, 
    2486L, 1L, 0L, 4L, 0L, 0L, 1L, 0L, 1L, 94L, 0L), dim = 3:4, dimnames = structure(list(
        c("-1", "0", "1"), c("A", "G", "T", NA)), names = c("", 
    ""))), LR52_SNP1 = structure(c(1L, 9L, 178L, 798L, 798L, 
    3L, 0L, 0L, 0L, 22L, 193L, 1659L, 10L, 0L, 0L, 0L, 3L, 56L, 
    280L, 6L, 2L), dim = c(7L, 3L), dimnames = structure(list(
        c("-6", "-3", "-2", "-1", "0", "1", "2"), c("C", "T", 
        NA)), names = c("", ""))))
