Result <-
list(DEPDC2_SNP1 = structure(c(0L, 0L, 1L, 0L, 0L, 13L, 1994L, 
7L, 1L, 96L, 2324L, 3L, 0L, 0L, 98L, 0L), dim = c(4L, 4L), dimnames = structure(list(
    c("-2", "-1", "0", "1"), c("A", "C", "T", NA)), names = c("", 
""))), GM01_SNP1 = structure(c(0L, 0L, 2L, 0L, 0L, 4L, 204L, 
16643L, 78L, 5L, 0L, 0L, 20L, 0L, 0L, 0L, 0L, 4L, 0L, 0L, 0L, 
2L, 339L, 1L, 0L), dim = c(5L, 5L), dimnames = structure(list(
    c("-2", "-1", "0", "1", "2"), c("-", "A", "G", "T", NA)), names = c("", 
""))), GM07_SNP1 = structure(c(0L, 0L, 0L, 3L, 0L, 0L, 1L, 8L, 
484L, 7145L, 211L, 4L, 0L, 0L, 0L, 3L, 0L, 0L, 0L, 0L, 0L, 3L, 
0L, 0L, 0L, 1L, 12L, 216L, 7L, 0L), dim = 6:5, dimnames = structure(list(
    c("-3", "-2", "-1", "0", "1", "2"), c("-", "A", "G", "T", 
    NA)), names = c("", ""))), GM09_SNP1 = structure(c(28L, 7735L, 
11L, 0L, 9L, 0L, 0L, 2L, 0L, 2L, 87L, 0L), dim = 3:4, dimnames = structure(list(
    c("-1", "0", "1"), c("A", "G", "T", NA)), names = c("", ""
))), GM11_SNP1 = structure(c(1L, 14L, 3337L, 10L, 1L, 27L, 3583L, 
22L, 0L, 0L, 70L, 0L), dim = 4:3, dimnames = structure(list(c("-2", 
"-1", "0", "1"), c("A", "G", NA)), names = c("", ""))), GM14_SNP1 = structure(c(0L, 
0L, 1L, 0L, 0L, 0L, 13L, 283L, 7545L, 1579L, 17L, 2L, 0L, 0L, 
7L, 0L, 0L, 0L, 0L, 0L, 137L, 21L, 0L, 0L), dim = c(6L, 4L), dimnames = structure(list(
    c("-2", "-1", "0", "1", "2", "3"), c("A", "C", "T", NA)), names = c("", 
""))), GM17_SNP1 = structure(c(1L, 76L, 6597L, 20L, 0L, 67L, 
6752L, 18L, 0L, 1L, 141L, 0L), dim = 4:3, dimnames = structure(list(
    c("-2", "-1", "0", "1"), c("C", "T", NA)), names = c("", 
""))), GM22_SNP1 = structure(c(0L, 0L, 1L, 0L, 9L, 305L, 20891L, 
74L, 0L, 0L, 7L, 0L, 0L, 0L, 3L, 0L, 0L, 13L, 481L, 3L), dim = 4:5, dimnames = structure(list(
    c("-2", "-1", "0", "1"), c("-", "A", "G", "T", NA)), names = c("", 
""))), GM26_SNP1 = structure(c(0L, 17L, 1906L, 20L, 0L, 1L, 11L, 
2042L, 7L, 1L, 0L, 3L, 100L, 1L, 0L), dim = c(5L, 3L), dimnames = structure(list(
    c("-2", "-1", "0", "1", "2"), c("A", "G", NA)), names = c("", 
""))), GM29_SNP1 = structure(c(3L, 37L, 3564L, 9L, 2L, 40L, 3139L, 
10L, 0L, 0L, 4L, 0L, 0L, 3L, 93L, 0L), dim = c(4L, 4L), dimnames = structure(list(
    c("-2", "-1", "0", "1"), c("A", "G", "T", NA)), names = c("", 
""))), IM16_SNP1 = structure(c(0L, 5L, 3L, 0L, 0L, 67L, 7088L, 
1293L, 39L, 1L, 0L, 1L, 0L, 0L, 0L, 1L, 138L, 50L, 5L, 0L), dim = 5:4, dimnames = structure(list(
    c("-1", "0", "1", "2", "3"), c("A", "G", "T", NA)), names = c("", 
""))), IM49_SNP1 = structure(c(23L, 1030L, 17L, 33L, 950L, 27L, 
1L, 102L, 0L), dim = c(3L, 3L), dimnames = structure(list(c("-1", 
"0", "1"), c("C", "G", NA)), names = c("", ""))), LR10_SNP1 = structure(c(1L, 
6L, 1332L, 5556L, 50L, 2L, 0L, 0L, 1L, 7L, 0L, 0L, 0L, 0L, 9L, 
100L, 1L, 0L), dim = c(6L, 3L), dimnames = structure(list(c("-3", 
"-2", "-1", "0", "1", "2"), c("C", "T", NA)), names = c("", ""
))), LR11_SNP1 = structure(c(0L, 0L, 1L, 0L, 0L, 0L, 3L, 0L, 
5L, 174L, 5199L, 35L, 0L, 0L, 7L, 0L, 1L, 4L, 150L, 0L), dim = 4:5, dimnames = structure(list(
    c("-2", "-1", "0", "1"), c("-", "A", "C", "G", NA)), names = c("", 
""))), LR17_SNP1 = structure(c(33L, 2025L, 5471L, 63L, 1L, 0L, 
1L, 0L, 0L, 0L, 1L, 120L, 691L, 6L, 0L), dim = c(5L, 3L), dimnames = structure(list(
    c("-2", "-1", "0", "1", "2"), c("A", "C", NA)), names = c("", 
""))), LR20_SNP1 = structure(c(0L, 1L, 0L, 516L, 1973L, 3L, 0L, 
1L, 0L, 10L, 29L, 0L), dim = 3:4, dimnames = structure(list(c("-1", 
"0", "1"), c("A", "G", "T", NA)), names = c("", ""))), LR24_SNP1 = structure(c(1L, 
20L, 3675L, 10L, 0L, 0L, 3L, 0L, 0L, 0L, 85L, 0L), dim = 4:3, dimnames = structure(list(
    c("-3", "-1", "0", "1"), c("A", "G", NA)), names = c("", 
""))), LR36_SNP1 = structure(c(0L, 0L, 0L, 15L, 0L, 0L, 0L, 0L, 
1L, 0L, 0L, 0L, 0L, 1L, 0L, 1L, 12L, 345L, 6232L, 76L, 0L, 1L, 
18L, 472L, 3L), dim = c(5L, 5L), dimnames = structure(list(c("-3", 
"-2", "-1", "0", "1"), c("A", "C", "G", "T", NA)), names = c("", 
""))), LR40_SNP1 = structure(c(0L, 37L, 2101L, 1L, 1L, 24L, 2402L, 
17L, 0L, 0L, 77L, 0L), dim = 4:3, dimnames = structure(list(c("-2", 
"-1", "0", "1"), c("A", "C", NA)), names = c("", ""))), LR44_SNP1 = structure(c(2L, 
108L, 1287L, 34L, 1L, 3L, 129L, 1578L, 19L, 0L, 0L, 4L, 95L, 
3L, 0L), dim = c(5L, 3L), dimnames = structure(list(c("-2", "-1", 
"0", "1", "2"), c("C", "T", NA)), names = c("", ""))), LR46_SNP1 = structure(c(0L, 
2L, 0L, 0L, 1L, 0L, 116L, 14894L, 33L, 0L, 16L, 0L, 2L, 188L, 
0L), dim = c(3L, 5L), dimnames = structure(list(c("-1", "0", 
"1"), c("A", "C", "G", "T", NA)), names = c("", ""))), LR48_SNP1 = structure(c(0L, 
0L, 1L, 2L, 0L, 0L, 1L, 36L, 2623L, 4298L, 78L, 1L, 0L, 75L, 
3060L, 4322L, 79L, 1L, 0L, 3L, 90L, 307L, 9L, 0L), dim = c(6L, 
4L), dimnames = structure(list(c("-3", "-2", "-1", "0", "1", 
"2"), c("A", "C", "T", NA)), names = c("", ""))), LR49_SNP1 = structure(c(16L, 
5336L, 1L, 0L, 1L, 0L, 0L, 5L, 0L, 0L, 3L, 0L, 1L, 158L, 0L), dim = c(3L, 
5L), dimnames = structure(list(c("-1", "0", "1"), c("A", "C", 
"G", "T", NA)), names = c("", ""))), LR52_SNP1 = structure(c(11L, 
244L, 1765L, 4031L, 36L, 0L, 0L, 3L, 26L, 0L, 0L, 2L, 89L, 801L, 
5L), dim = c(5L, 3L), dimnames = structure(list(c("-3", "-2", 
"-1", "0", "1"), c("C", "T", NA)), names = c("", ""))))
