Result <-
list(DEPDC2_SNP1 = structure(c(0L, 1L, 0L, 0L, 1L, 0L, 23L, 3566L, 
17L, 0L, 68L, 0L), dim = 3:4, dimnames = structure(list(c("-1", 
"0", "1"), c("A", "C", "T", NA)), names = c("", ""))), GM01_SNP1 = structure(c(1L, 
121L, 10931L, 37L, 0L, 0L, 7L, 0L, 0L, 0L, 2L, 0L, 0L, 8L, 287L, 
0L), dim = c(4L, 4L), dimnames = structure(list(c("-2", "-1", 
"0", "1"), c("A", "G", "T", NA)), names = c("", ""))), GM07_SNP1 = structure(c(3L, 
141L, 2813L, 61L, 2L, 0L, 3L, 112L, 2959L, 74L, 0L, 1L, 0L, 0L, 
1L, 0L, 0L, 0L, 0L, 3L, 186L, 3L, 0L, 0L), dim = c(6L, 4L), dimnames = structure(list(
    c("-2", "-1", "0", "1", "2", "3"), c("A", "G", "T", NA)), names = c("", 
""))), GM09_SNP1 = structure(c(0L, 7L, 0L, 30L, 6166L, 6L, 0L, 
10L, 0L, 0L, 53L, 0L), dim = 3:4, dimnames = structure(list(c("-1", 
"0", "1"), c("A", "G", "T", NA)), names = c("", ""))), GM11_SNP1 = structure(c(1L, 
15L, 4406L, 11L, 0L, 0L, 3L, 0L, 0L, 0L, 2L, 0L, 0L, 0L, 62L, 
0L), dim = c(4L, 4L), dimnames = structure(list(c("-2", "-1", 
"0", "1"), c("A", "G", "T", NA)), names = c("", ""))), GM14_SNP1 = structure(c(0L, 
0L, 0L, 2L, 0L, 0L, 1L, 4L, 62L, 2465L, 19L, 0L, 0L, 4L, 99L, 
5013L, 22L, 1L, 0L, 0L, 0L, 228L, 2L, 0L), dim = c(6L, 4L), dimnames = structure(list(
    c("-3", "-2", "-1", "0", "1", "2"), c("A", "C", "T", NA)), names = c("", 
""))), GM17_SNP1 = structure(c(0L, 0L, 1L, 0L, 48L, 4540L, 3967L, 
16L, 0L, 6L, 0L, 0L, 0L, 71L, 52L, 0L), dim = c(4L, 4L), dimnames = structure(list(
    c("-1", "0", "1", "2"), c("A", "C", "T", NA)), names = c("", 
""))), GM22_SNP1 = structure(c(5L, 114L, 7386L, 29L, 4L, 323L, 
6051L, 13L, 0L, 15L, 525L, 3L), dim = 4:3, dimnames = structure(list(
    c("-2", "-1", "0", "1"), c("A", "G", NA)), names = c("", 
""))), GM26_SNP1 = structure(c(1L, 32L, 3085L, 7L, 0L, 0L, 3L, 
0L, 0L, 0L, 1L, 0L, 0L, 2L, 69L, 0L), dim = c(4L, 4L), dimnames = structure(list(
    c("-2", "-1", "0", "1"), c("A", "G", "T", NA)), names = c("", 
""))), GM29_SNP1 = structure(c(1L, 2L, 60L, 5560L, 21L, 1L, 0L, 
0L, 0L, 1L, 0L, 0L, 0L, 0L, 1L, 69L, 0L, 0L), dim = c(6L, 3L), dimnames = structure(list(
    c("-3", "-2", "-1", "0", "1", "2"), c("A", "T", NA)), names = c("", 
""))), IM16_SNP1 = structure(c(1L, 25L, 2708L, 30L, 1L, 0L, 18L, 
2747L, 31L, 0L, 0L, 1L, 108L, 6L, 0L), dim = c(5L, 3L), dimnames = structure(list(
    c("-2", "-1", "0", "1", "2"), c("A", "G", NA)), names = c("", 
""))), IM49_SNP1 = structure(c(1L, 18L, 550L, 14L, 1L, 15L, 435L, 
5L, 0L, 0L, 59L, 0L), dim = 4:3, dimnames = structure(list(c("-2", 
"-1", "0", "1"), c("C", "G", NA)), names = c("", ""))), LR10_SNP1 = structure(c(0L, 
43L, 2552L, 8L, 0L, 1L, 0L, 0L, 2L, 45L, 2674L, 4L, 0L, 1L, 110L, 
0L), dim = c(4L, 4L), dimnames = structure(list(c("-2", "-1", 
"0", "1"), c("C", "G", "T", NA)), names = c("", ""))), LR11_SNP1 = structure(c(1L, 
1L, 40L, 2166L, 17L, 0L, 0L, 37L, 1841L, 14L, 0L, 0L, 0L, 1L, 
0L, 0L, 0L, 2L, 109L, 0L), dim = 5:4, dimnames = structure(list(
    c("-3", "-2", "-1", "0", "1"), c("A", "C", "T", NA)), names = c("", 
""))), LR17_SNP1 = structure(c(1L, 4L, 226L, 6841L, 64L, 0L, 
0L, 0L, 9L, 0L, 0L, 0L, 0L, 1L, 0L, 0L, 0L, 16L, 1028L, 11L), dim = 5:4, dimnames = structure(list(
    c("-3", "-2", "-1", "0", "1"), c("A", "G", "T", NA)), names = c("", 
""))), LR20_SNP1 = structure(c(5L, 1752L, 4L, 0L, 1L, 0L, 0L, 
11L, 0L), dim = c(3L, 3L), dimnames = structure(list(c("-1", 
"0", "1"), c("A", "G", NA)), names = c("", ""))), LR24_SNP1 = structure(c(3L, 
1419L, 2L, 0L, 1L, 0L, 8L, 1446L, 4L, 1L, 50L, 0L), dim = 3:4, dimnames = structure(list(
    c("-1", "0", "1"), c("A", "C", "G", NA)), names = c("", ""
))), LR36_SNP1 = structure(c(0L, 0L, 11L, 0L, 0L, 0L, 0L, 1L, 
0L, 0L, 0L, 0L, 3L, 0L, 0L, 8L, 85L, 4772L, 30L, 2L, 0L, 7L, 
354L, 2L, 1L), dim = c(5L, 5L), dimnames = structure(list(c("-2", 
"-1", "0", "1", "2"), c("A", "C", "G", "T", NA)), names = c("", 
""))), LR40_SNP1 = structure(c(27L, 2939L, 3L, 0L, 49L, 0L), dim = 3:2, dimnames = structure(list(
    c("-1", "0", "1"), c("C", NA)), names = c("", ""))), LR44_SNP1 = structure(c(0L, 
30L, 669L, 9L, 1L, 53L, 693L, 16L, 0L, 0L, 42L, 1L), dim = 4:3, dimnames = structure(list(
    c("-2", "-1", "0", "1"), c("C", "T", NA)), names = c("", 
""))), LR46_SNP1 = structure(c(0L, 0L, 5L, 0L, 0L, 0L, 1L, 0L, 
1L, 25L, 5452L, 7L, 0L, 24L, 5701L, 17L, 0L, 0L, 219L, 0L), dim = 4:5, dimnames = structure(list(
    c("-2", "-1", "0", "1"), c("A", "C", "G", "T", NA)), names = c("", 
""))), LR48_SNP1 = structure(c(0L, 0L, 0L, 1L, 0L, 0L, 1L, 2L, 
149L, 5583L, 53L, 1L, 0L, 0L, 169L, 5617L, 58L, 0L, 0L, 0L, 8L, 
490L, 10L, 0L), dim = c(6L, 4L), dimnames = structure(list(c("-4", 
"-2", "-1", "0", "1", "2"), c("A", "C", "T", NA)), names = c("", 
""))), LR49_SNP1 = structure(c(20L, 4998L, 0L, 2L, 0L, 3L, 1L, 
165L), dim = c(2L, 4L), dimnames = structure(list(c("-1", "0"
), c("A", "G", "T", NA)), names = c("", ""))), LR52_SNP1 = structure(c(0L, 
0L, 0L, 0L, 4L, 1L, 1L, 1L, 26L, 487L, 5665L, 52L, 0L, 0L, 1L, 
14L, 405L, 6L), dim = c(6L, 3L), dimnames = structure(list(c("-4", 
"-3", "-2", "-1", "0", "1"), c("C", "T", NA)), names = c("", 
""))))
