Result <-
list(DEPDC2_SNP1 = structure(c(0L, 2L, 0L, 26L, 2684L, 5L, 0L, 
5L, 0L, 1L, 98L, 1L), dim = 3:4, dimnames = structure(list(c("-1", 
"0", "1"), c("A", "C", "T", NA)), names = c("", ""))), GM01_SNP1 = structure(c(0L, 
2L, 0L, 0L, 161L, 12034L, 49L, 2L, 0L, 2L, 0L, 0L, 0L, 1L, 0L, 
0L, 2L, 252L, 4L, 0L), dim = 4:5, dimnames = structure(list(c("-1", 
"0", "1", "2"), c("-", "A", "G", "T", NA)), names = c("", ""))), 
    GM07_SNP1 = structure(c(0L, 1L, 0L, 0L, 0L, 222L, 4401L, 
    1158L, 31L, 1L, 0L, 1L, 5L, 0L, 0L, 0L, 4L, 0L, 0L, 0L, 4L, 
    79L, 39L, 0L, 0L), dim = c(5L, 5L), dimnames = structure(list(
        c("-2", "-1", "0", "1", "2"), c("-", "A", "G", "T", NA
        )), names = c("", ""))), GM09_SNP1 = structure(c(31L, 
    3084L, 3L, 22L, 2670L, 4L, 0L, 1L, 0L, 0L, 82L, 0L), dim = 3:4, dimnames = structure(list(
        c("-1", "0", "1"), c("A", "G", "T", NA)), names = c("", 
    ""))), GM11_SNP1 = structure(c(3L, 158L, 5196L, 16L, 0L, 
    0L, 2L, 0L, 0L, 1L, 91L, 1L), dim = 4:3, dimnames = structure(list(
        c("-2", "-1", "0", "1"), c("A", "G", NA)), names = c("", 
    ""))), GM14_SNP1 = structure(c(4L, 144L, 3629L, 32L, 1L, 
    1L, 88L, 3654L, 15L, 0L, 0L, 0L, 148L, 0L, 0L), dim = c(5L, 
    3L), dimnames = structure(list(c("-2", "-1", "0", "1", "2"
    ), c("C", "T", NA)), names = c("", ""))), GM17_SNP1 = structure(c(0L, 
    0L, 0L, 1L, 0L, 1L, 1L, 155L, 9522L, 36L, 0L, 0L, 0L, 10L, 
    0L, 0L, 0L, 5L, 124L, 1L), dim = 5:4, dimnames = structure(list(
        c("-3", "-2", "-1", "0", "1"), c("A", "C", "T", NA)), names = c("", 
    ""))), GM22_SNP1 = structure(c(0L, 0L, 0L, 1L, 0L, 2L, 4L, 
    249L, 16282L, 56L, 0L, 0L, 1L, 10L, 0L, 0L, 0L, 0L, 1L, 0L, 
    0L, 0L, 12L, 441L, 1L), dim = c(5L, 5L), dimnames = structure(list(
        c("-3", "-2", "-1", "0", "1"), c("-", "A", "G", "T", 
        NA)), names = c("", ""))), GM26_SNP1 = structure(c(5L, 
    1437L, 1648L, 2L, 0L, 1L, 1L, 0L, 0L, 14L, 36L, 0L), dim = 4:3, dimnames = structure(list(
        c("-2", "-1", "0", "1"), c("A", "G", NA)), names = c("", 
    ""))), GM29_SNP1 = structure(c(1L, 50L, 2361L, 10L, 6L, 1800L, 
    410L, 2L, 0L, 10L, 44L, 0L), dim = 4:3, dimnames = structure(list(
        c("-2", "-1", "0", "1"), c("A", "G", NA)), names = c("", 
    ""))), IM16_SNP1 = structure(c(5L, 2552L, 649L, 12L, 0L, 
    1L, 0L, 0L, 0L, 28L, 2700L, 35L, 0L, 60L, 74L, 4L), dim = c(4L, 
    4L), dimnames = structure(list(c("-2", "-1", "0", "1"), c("A", 
    "C", "G", NA)), names = c("", ""))), IM49_SNP1 = structure(c(74L, 
    1313L, 22L, 1L, 118L, 1L), dim = 3:2, dimnames = structure(list(
        c("-1", "0", "1"), c("G", NA)), names = c("", ""))), 
    LR10_SNP1 = structure(c(0L, 0L, 1L, 0L, 0L, 0L, 3L, 0L, 0L, 
    0L, 1L, 0L, 2L, 111L, 6060L, 33L, 0L, 0L, 152L, 2L), dim = 4:5, dimnames = structure(list(
        c("-2", "-1", "0", "1"), c("A", "C", "G", "T", NA)), names = c("", 
    ""))), LR11_SNP1 = structure(c(0L, 0L, 2L, 0L, 0L, 1L, 50L, 
    2078L, 13L, 0L, 7L, 120L, 1891L, 21L, 1L, 0L, 0L, 1L, 0L, 
    0L, 0L, 0L, 107L, 1L, 0L), dim = c(5L, 5L), dimnames = structure(list(
        c("-2", "-1", "0", "1", "2"), c("-", "A", "C", "T", NA
        )), names = c("", ""))), LR17_SNP1 = structure(c(4L, 
    210L, 4133L, 43L, 2L, 0L, 0L, 1L, 0L, 0L, 0L, 13L, 564L, 
    5L, 0L), dim = c(5L, 3L), dimnames = structure(list(c("-2", 
    "-1", "0", "1", "2"), c("A", "G", NA)), names = c("", ""))), 
    LR20_SNP1 = structure(c(0L, 1L, 0L, 9L, 1938L, 4L, 0L, 15L, 
    0L), dim = c(3L, 3L), dimnames = structure(list(c("-1", "0", 
    "1"), c("-", "A", NA)), names = c("", ""))), LR24_SNP1 = structure(c(77L, 
    2478L, 10L, 0L, 2L, 0L, 2L, 61L, 1L), dim = c(3L, 3L), dimnames = structure(list(
        c("-1", "0", "1"), c("A", "G", NA)), names = c("", ""
    ))), LR36_SNP1 = structure(c(0L, 0L, 0L, 8L, 0L, 0L, 0L, 
    0L, 1L, 0L, 1L, 9L, 200L, 5054L, 55L, 0L, 0L, 4L, 377L, 2L
    ), dim = 5:4, dimnames = structure(list(c("-3", "-2", "-1", 
    "0", "1"), c("A", "G", "T", NA)), names = c("", ""))), LR40_SNP1 = structure(c(72L, 
    2725L, 16L, 0L, 4L, 0L, 2L, 51L, 0L), dim = c(3L, 3L), dimnames = structure(list(
        c("-1", "0", "1"), c("A", "C", NA)), names = c("", ""
    ))), LR44_SNP1 = structure(c(0L, 0L, 0L, 1L, 0L, 1L, 70L, 
    1180L, 1206L, 12L, 0L, 0L, 0L, 0L, 1L, 0L, 0L, 16L, 38L, 
    0L), dim = 5:4, dimnames = structure(list(c("-3", "-2", "-1", 
    "0", "1"), c("A", "C", "T", NA)), names = c("", ""))), LR46_SNP1 = structure(c(0L, 
    3L, 0L, 0L, 1L, 0L, 0L, 9L, 0L, 131L, 10542L, 20L, 5L, 232L, 
    0L), dim = c(3L, 5L), dimnames = structure(list(c("-1", "0", 
    "1"), c("A", "C", "G", "T", NA)), names = c("", ""))), LR48_SNP1 = structure(c(0L, 
    0L, 1L, 0L, 0L, 67L, 4581L, 5390L, 82L, 1L, 0L, 1L, 3L, 0L, 
    0L, 1L, 66L, 193L, 4L, 0L), dim = 5:4, dimnames = structure(list(
        c("-2", "-1", "0", "1", "2"), c("A", "C", "T", NA)), names = c("", 
    ""))), LR49_SNP1 = structure(c(1197L, 1838L, 13L, 0L, 4L, 
    0L, 0L, 1L, 0L, 24L, 61L, 0L), dim = 3:4, dimnames = structure(list(
        c("-1", "0", "1"), c("A", "G", "T", NA)), names = c("", 
    ""))), LR52_SNP1 = structure(c(0L, 0L, 0L, 0L, 1L, 9L, 0L, 
    1L, 4L, 10L, 399L, 3599L, 1949L, 27L, 0L, 0L, 0L, 9L, 87L, 
    130L, 3L), dim = c(7L, 3L), dimnames = structure(list(c("-5", 
    "-4", "-3", "-2", "-1", "0", "1"), c("C", "T", NA)), names = c("", 
    ""))))
