Result <-
list(DEPDC2_SNP1 = structure(c(0L, 1L, 0L, 0L, 3L, 0L, 32L, 5490L, 
36L, 1L, 88L, 1L), dim = 3:4, dimnames = structure(list(c("-1", 
"0", "1"), c("A", "C", "T", NA)), names = c("", ""))), GM01_SNP1 = structure(c(0L, 
0L, 1L, 0L, 1L, 186L, 15749L, 46L, 0L, 2L, 24L, 0L, 0L, 4L, 363L, 
1L), dim = c(4L, 4L), dimnames = structure(list(c("-2", "-1", 
"0", "1"), c("-", "A", "G", NA)), names = c("", ""))), GM07_SNP1 = structure(c(0L, 
0L, 6L, 1L, 0L, 0L, 11L, 771L, 8014L, 197L, 7L, 1L, 0L, 0L, 2L, 
0L, 0L, 0L, 0L, 13L, 233L, 5L, 0L, 0L), dim = c(6L, 4L), dimnames = structure(list(
    c("-2", "-1", "0", "1", "2", "3"), c("A", "G", "T", NA)), names = c("", 
""))), GM09_SNP1 = structure(c(148L, 11004L, 19L, 0L, 13L, 0L, 
1L, 127L, 1L), dim = c(3L, 3L), dimnames = structure(list(c("-1", 
"0", "1"), c("A", "G", NA)), names = c("", ""))), GM11_SNP1 = structure(c(1L, 
118L, 8194L, 27L, 0L, 0L, 4L, 0L, 0L, 1L, 121L, 1L), dim = 4:3, dimnames = structure(list(
    c("-2", "-1", "0", "1"), c("A", "G", NA)), names = c("", 
""))), GM14_SNP1 = structure(c(0L, 0L, 4L, 0L, 0L, 16L, 516L, 
11210L, 102L, 3L, 0L, 1L, 12L, 0L, 0L, 0L, 1L, 167L, 4L, 0L), dim = 5:4, dimnames = structure(list(
    c("-2", "-1", "0", "1", "2"), c("A", "C", "T", NA)), names = c("", 
""))), GM17_SNP1 = structure(c(0L, 0L, 1L, 0L, 2L, 182L, 14526L, 
48L, 0L, 0L, 30L, 0L, 0L, 0L, 149L, 2L), dim = c(4L, 4L), dimnames = structure(list(
    c("-2", "-1", "0", "1"), c("A", "C", "T", NA)), names = c("", 
""))), GM22_SNP1 = structure(c(0L, 3L, 112L, 11810L, 38L, 0L, 
0L, 0L, 1L, 0L, 1L, 5L, 139L, 10032L, 49L, 0L, 0L, 0L, 3L, 0L, 
0L, 1L, 8L, 672L, 7L), dim = c(5L, 5L), dimnames = structure(list(
    c("-4", "-2", "-1", "0", "1"), c("A", "C", "G", "T", NA)), names = c("", 
""))), GM26_SNP1 = structure(c(1L, 82L, 5435L, 18L, 1L, 0L, 1L, 
2L, 0L, 0L, 0L, 3L, 119L, 0L, 0L), dim = c(5L, 3L), dimnames = structure(list(
    c("-2", "-1", "0", "1", "2"), c("A", "G", NA)), names = c("", 
""))), GM29_SNP1 = structure(c(0L, 0L, 1L, 0L, 5L, 247L, 8659L, 
24L, 0L, 1L, 5L, 0L, 0L, 0L, 3L, 0L, 0L, 1L, 116L, 1L), dim = 4:5, dimnames = structure(list(
    c("-2", "-1", "0", "1"), c("-", "A", "G", "T", NA)), names = c("", 
""))), IM16_SNP1 = structure(c(0L, 0L, 7L, 0L, 0L, 0L, 0L, 1L, 
0L, 0L, 2L, 289L, 8204L, 94L, 4L, 0L, 0L, 1L, 0L, 0L, 0L, 4L, 
160L, 5L, 0L), dim = c(5L, 5L), dimnames = structure(list(c("-2", 
"-1", "0", "1", "2"), c("A", "C", "G", "T", NA)), names = c("", 
""))), IM49_SNP1 = structure(c(43L, 865L, 17L, 1L, 24L, 844L, 
14L, 0L, 1L, 91L, 1L, 0L), dim = 4:3, dimnames = structure(list(
    c("-1", "0", "1", "2"), c("C", "G", NA)), names = c("", ""
))), LR10_SNP1 = structure(c(0L, 0L, 2L, 0L, 2L, 198L, 7946L, 
47L, 2L, 4L, 11L, 0L, 0L, 1L, 124L, 2L), dim = c(4L, 4L), dimnames = structure(list(
    c("-2", "-1", "0", "1"), c("A", "C", "T", NA)), names = c("", 
""))), LR11_SNP1 = structure(c(0L, 0L, 1L, 0L, 161L, 1276L, 6395L, 
57L, 0L, 0L, 4L, 0L, 0L, 0L, 1L, 0L, 2L, 22L, 149L, 3L), dim = 4:5, dimnames = structure(list(
    c("-2", "-1", "0", "1"), c("-", "A", "C", "T", NA)), names = c("", 
""))), LR17_SNP1 = structure(c(2L, 47L, 2314L, 9580L, 121L, 2L, 
0L, 0L, 1L, 1L, 0L, 0L, 0L, 0L, 0L, 1L, 0L, 0L, 0L, 0L, 111L, 
1181L, 6L, 0L), dim = c(6L, 4L), dimnames = structure(list(c("-3", 
"-2", "-1", "0", "1", "2"), c("A", "G", "T", NA)), names = c("", 
""))), LR20_SNP1 = structure(c(10L, 1190L, 2L, 1L, 1500L, 3L, 
0L, 28L, 0L), dim = c(3L, 3L), dimnames = structure(list(c("-1", 
"0", "1"), c("A", "G", NA)), names = c("", ""))), LR24_SNP1 = structure(c(0L, 
1L, 9L, 0L, 3L, 919L, 4174L, 11L, 0L, 5L, 47L, 0L), dim = 4:3, dimnames = structure(list(
    c("-2", "-1", "0", "1"), c("A", "G", NA)), names = c("", 
""))), LR36_SNP1 = structure(c(1L, 1L, 3L, 118L, 3898L, 29L, 
0L, 0L, 0L, 0L, 0L, 2L, 0L, 0L, 0L, 0L, 6L, 114L, 3555L, 38L, 
0L, 0L, 0L, 1L, 9L, 412L, 1L, 1L), dim = c(7L, 4L), dimnames = structure(list(
    c("-4", "-3", "-2", "-1", "0", "1", "2"), c("A", "G", "T", 
    NA)), names = c("", ""))), LR40_SNP1 = structure(c(0L, 2L, 
1L, 0L, 3L, 901L, 4276L, 11L, 0L, 0L, 1L, 0L, 0L, 6L, 65L, 0L
), dim = c(4L, 4L), dimnames = structure(list(c("-2", "-1", "0", 
"1"), c("A", "C", "G", NA)), names = c("", ""))), LR44_SNP1 = structure(c(0L, 
0L, 1L, 1L, 0L, 0L, 0L, 0L, 6L, 0L, 0L, 0L, 0L, 1L, 0L, 1L, 119L, 
1019L, 1989L, 42L, 0L, 0L, 13L, 60L, 2L), dim = c(5L, 5L), dimnames = structure(list(
    c("-3", "-2", "-1", "0", "1"), c("A", "C", "G", "T", NA)), names = c("", 
""))), LR46_SNP1 = structure(c(0L, 0L, 1L, 0L, 0L, 0L, 2L, 0L, 
1L, 218L, 9063L, 26L, 1L, 30L, 9505L, 36L, 0L, 3L, 275L, 1L), dim = 4:5, dimnames = structure(list(
    c("-2", "-1", "0", "1"), c("A", "C", "G", "T", NA)), names = c("", 
""))), LR48_SNP1 = structure(c(0L, 0L, 5L, 0L, 0L, 15L, 613L, 
16038L, 241L, 2L, 0L, 2L, 3L, 0L, 0L, 0L, 8L, 518L, 6L, 0L), dim = 5:4, dimnames = structure(list(
    c("-2", "-1", "0", "1", "2"), c("A", "C", "T", NA)), names = c("", 
""))), LR49_SNP1 = structure(c(447L, 7538L, 9L, 0L, 15L, 0L, 
0L, 1L, 0L, 4L, 272L, 2L), dim = 3:4, dimnames = structure(list(
    c("-1", "0", "1"), c("A", "G", "T", NA)), names = c("", ""
))), LR52_SNP1 = structure(c(0L, 0L, 0L, 0L, 1L, 0L, 0L, 0L, 
0L, 0L, 0L, 1L, 0L, 0L, 1L, 14L, 201L, 1487L, 2682L, 21L, 0L, 
4L, 95L, 1454L, 335L, 3088L, 24L, 1L, 0L, 2L, 25L, 76L, 753L, 
7L, 0L), dim = c(7L, 5L), dimnames = structure(list(c("-4", "-3", 
"-2", "-1", "0", "1", "2"), c("-", "A", "C", "T", NA)), names = c("", 
""))))
