Result <-
list(DEPDC2_SNP1 = structure(c(1L, 9L, 1318L, 6L, 11L, 606L, 
721L, 5L, 0L, 10L, 58L, 0L), dim = 4:3, dimnames = structure(list(
    c("-2", "-1", "0", "1"), c("C", "T", NA)), names = c("", 
""))), GM01_SNP1 = structure(c(104L, 9481L, 32L, 1L, 0L, 9L, 
0L, 0L, 0L, 1L, 0L, 0L, 4L, 236L, 1L, 0L), dim = c(4L, 4L), dimnames = structure(list(
    c("-1", "0", "1", "2"), c("A", "G", "T", NA)), names = c("", 
""))), GM07_SNP1 = structure(c(0L, 0L, 6L, 0L, 0L, 14L, 668L, 
4396L, 108L, 3L, 0L, 0L, 2L, 0L, 0L, 1L, 5L, 135L, 2L, 0L), dim = 5:4, dimnames = structure(list(
    c("-2", "-1", "0", "1", "2"), c("A", "G", "T", NA)), names = c("", 
""))), GM09_SNP1 = structure(c(9L, 3157L, 6L, 0L, 1L, 0L, 14L, 
2690L, 3L, 1L, 66L, 0L), dim = 3:4, dimnames = structure(list(
    c("-1", "0", "1"), c("A", "C", "G", NA)), names = c("", ""
))), GM11_SNP1 = structure(c(290L, 1357L, 16L, 0L, 0L, 9L, 1311L, 
534L, 5L, 1L, 0L, 1L, 0L, 0L, 0L, 5L, 41L, 8L, 0L, 0L), dim = 5:4, dimnames = structure(list(
    c("-1", "0", "1", "2", "3"), c("A", "G", "T", NA)), names = c("", 
""))), GM14_SNP1 = structure(c(0L, 0L, 3L, 0L, 3L, 178L, 3352L, 
31L, 26L, 314L, 3333L, 13L, 2L, 0L, 141L, 1L), dim = c(4L, 4L
), dimnames = structure(list(c("-2", "-1", "0", "1"), c("A", 
"C", "T", NA)), names = c("", ""))), GM17_SNP1 = structure(c(1L, 
1L, 76L, 7138L, 29L, 0L, 0L, 0L, 7L, 0L, 0L, 0L, 1L, 81L, 0L), dim = c(5L, 
3L), dimnames = structure(list(c("-3", "-2", "-1", "0", "1"), 
    c("C", "T", NA)), names = c("", ""))), GM22_SNP1 = structure(c(1L, 
1L, 105L, 6829L, 39L, 0L, 2L, 105L, 5419L, 44L, 0L, 0L, 0L, 1L, 
0L, 0L, 0L, 7L, 415L, 3L), dim = 5:4, dimnames = structure(list(
    c("-3", "-2", "-1", "0", "1"), c("A", "G", "T", NA)), names = c("", 
""))), GM26_SNP1 = structure(c(1L, 29L, 2664L, 5L, 0L, 1L, 50L, 
0L), dim = c(4L, 2L), dimnames = structure(list(c("-2", "-1", 
"0", "1"), c("A", NA)), names = c("", ""))), GM29_SNP1 = structure(c(0L, 
66L, 2173L, 7L, 3L, 302L, 2025L, 7L, 0L, 0L, 2L, 0L, 0L, 5L, 
65L, 0L), dim = c(4L, 4L), dimnames = structure(list(c("-2", 
"-1", "0", "1"), c("A", "G", "T", NA)), names = c("", ""))), 
    IM16_SNP1 = structure(c(1L, 117L, 1577L, 15L, 0L, 1L, 740L, 
    1451L, 17L, 1L, 0L, 14L, 80L, 3L, 0L), dim = c(5L, 3L), dimnames = structure(list(
        c("-2", "-1", "0", "1", "2"), c("A", "G", NA)), names = c("", 
    ""))), IM49_SNP1 = structure(c(0L, 1L, 3L, 0L, 9L, 223L, 
    799L, 13L, 0L, 9L, 55L, 1L), dim = 4:3, dimnames = structure(list(
        c("-2", "-1", "0", "1"), c("C", "G", NA)), names = c("", 
    ""))), LR10_SNP1 = structure(c(62L, 1792L, 9L, 37L, 2035L, 
    4L, 2L, 74L, 0L), dim = c(3L, 3L), dimnames = structure(list(
        c("-1", "0", "1"), c("C", "T", NA)), names = c("", ""
    ))), LR11_SNP1 = structure(c(0L, 0L, 18L, 0L, 0L, 5L, 326L, 
    2952L, 20L, 1L, 0L, 4L, 108L, 1L, 0L), dim = c(5L, 3L), dimnames = structure(list(
        c("-2", "-1", "0", "1", "2"), c("A", "C", NA)), names = c("", 
    ""))), LR17_SNP1 = structure(c(9L, 322L, 5097L, 67L, 1L, 
    0L, 0L, 7L, 0L, 0L, 0L, 21L, 735L, 5L, 0L), dim = c(5L, 3L
    ), dimnames = structure(list(c("-2", "-1", "0", "1", "2"), 
        c("A", "G", NA)), names = c("", ""))), LR20_SNP1 = structure(c(2L, 
    776L, 1L, 35L, 802L, 0L, 1L, 19L, 0L), dim = c(3L, 3L), dimnames = structure(list(
        c("-1", "0", "1"), c("A", "G", NA)), names = c("", ""
    ))), LR24_SNP1 = structure(c(0L, 2L, 0L, 0L, 2L, 0L, 14L, 
    2392L, 6L, 0L, 44L, 0L), dim = 3:4, dimnames = structure(list(
        c("-1", "0", "1"), c("-", "A", "G", NA)), names = c("", 
    ""))), LR36_SNP1 = structure(c(0L, 0L, 0L, 0L, 1L, 0L, 1L, 
    1L, 96L, 725L, 1504L, 11L, 0L, 3L, 444L, 660L, 1126L, 15L, 
    0L, 0L, 9L, 36L, 156L, 2L), dim = c(6L, 4L), dimnames = structure(list(
        c("-4", "-3", "-2", "-1", "0", "1"), c("-", "A", "T", 
        NA)), names = c("", ""))), LR40_SNP1 = structure(c(1L, 
    543L, 1688L, 16L, 0L, 5L, 23L, 0L), dim = c(4L, 2L), dimnames = structure(list(
        c("-2", "-1", "0", "1"), c("C", NA)), names = c("", ""
    ))), LR44_SNP1 = structure(c(61L, 366L, 101L, 715L, 8L, 0L, 
    0L, 22L, 461L, 6L, 1L, 3L, 0L, 23L, 0L), dim = c(5L, 3L), dimnames = structure(list(
        c("-3", "-2", "-1", "0", "1"), c("C", "T", NA)), names = c("", 
    ""))), LR46_SNP1 = structure(c(1L, 2L, 1979L, 6616L, 31L, 
    0L, 0L, 1L, 27L, 0L, 0L, 0L, 13L, 85L, 0L), dim = c(5L, 3L
    ), dimnames = structure(list(c("-3", "-2", "-1", "0", "1"
    ), c("G", "T", NA)), names = c("", ""))), LR48_SNP1 = structure(c(0L, 
    0L, 0L, 1L, 0L, 3L, 175L, 1409L, 2811L, 34L, 1L, 27L, 1650L, 
    2227L, 38L, 0L, 8L, 67L, 222L, 4L), dim = 5:4, dimnames = structure(list(
        c("-3", "-2", "-1", "0", "1"), c("A", "C", "T", NA)), names = c("", 
    ""))), LR49_SNP1 = structure(c(1L, 282L, 3481L, 2L, 0L, 0L, 
    14L, 0L, 0L, 0L, 1L, 0L, 0L, 6L, 130L, 0L), dim = c(4L, 4L
    ), dimnames = structure(list(c("-2", "-1", "0", "1"), c("A", 
    "G", "T", NA)), names = c("", ""))), LR52_SNP1 = structure(c(2L, 
    112L, 719L, 631L, 839L, 10L, 2L, 24L, 512L, 431L, 1179L, 
    12L, 0L, 2L, 20L, 39L, 237L, 2L), dim = c(6L, 3L), dimnames = structure(list(
        c("-4", "-3", "-2", "-1", "0", "1"), c("C", "T", NA)), names = c("", 
    ""))))
