Result <-
list(DEPDC2_SNP1 = structure(c(0L, 0L, 27L, 0L, 1L, 30L, 2623L, 
20L, 0L, 1L, 49L, 0L), dim = 4:3, dimnames = structure(list(c("-2", 
"-1", "0", "1"), c("C", "T", NA)), names = c("", ""))), GM01_SNP1 = structure(c(0L, 
195L, 3980L, 20L, 4L, 2017L, 2305L, 5L, 0L, 12L, 139L, 0L), dim = 4:3, dimnames = structure(list(
    c("-2", "-1", "0", "1"), c("A", "G", NA)), names = c("", 
""))), GM07_SNP1 = structure(c(0L, 0L, 0L, 0L, 0L, 164L, 3481L, 
2122L, 43L, 2L, 0L, 1L, 8L, 0L, 0L, 0L, 0L, 1L, 0L, 0L, 3L, 77L, 
70L, 0L, 0L), dim = c(5L, 5L), dimnames = structure(list(c("-2", 
"-1", "0", "1", "2"), c("-", "A", "G", "T", NA)), names = c("", 
""))), GM09_SNP1 = structure(c(0L, 1L, 0L, 25L, 2674L, 19L, 18L, 
2268L, 5L, 2L, 49L, 0L), dim = 3:4, dimnames = structure(list(
    c("-1", "0", "1"), c("-", "A", "G", NA)), names = c("", ""
))), GM11_SNP1 = structure(c(0L, 0L, 1L, 0L, 2L, 948L, 2694L, 
12L, 0L, 0L, 20L, 0L, 0L, 13L, 40L, 0L), dim = c(4L, 4L), dimnames = structure(list(
    c("-2", "-1", "0", "1"), c("-", "A", "G", NA)), names = c("", 
""))), GM14_SNP1 = structure(c(0L, 0L, 0L, 1L, 0L, 0L, 0L, 0L, 
8L, 0L, 1L, 100L, 2739L, 2782L, 11L, 0L, 0L, 3L, 75L, 1L, 0L, 
0L, 10L, 52L, 0L), dim = c(5L, 5L), dimnames = structure(list(
    c("-3", "-2", "-1", "0", "1"), c("-", "A", "C", "T", NA)), names = c("", 
""))), GM17_SNP1 = structure(c(0L, 0L, 1L, 0L, 0L, 0L, 4L, 34L, 
3L, 0L, 1L, 134L, 7543L, 41L, 1L, 0L, 1L, 95L, 0L, 0L), dim = 5:4, dimnames = structure(list(
    c("-2", "-1", "0", "1", "2"), c("A", "C", "T", NA)), names = c("", 
""))), GM22_SNP1 = structure(c(0L, 0L, 1L, 0L, 1L, 150L, 6100L, 
26L, 0L, 0L, 1L, 0L, 4L, 81L, 4854L, 19L, 0L, 0L, 1L, 0L, 0L, 
9L, 387L, 2L), dim = c(4L, 6L), dimnames = structure(list(c("-2", 
"-1", "0", "1"), c("-", "A", "C", "G", "T", NA)), names = c("", 
""))), GM26_SNP1 = structure(c(1L, 16L, 2543L, 11L, 0L, 0L, 14L, 
0L, 0L, 0L, 1L, 0L, 0L, 0L, 48L, 0L), dim = c(4L, 4L), dimnames = structure(list(
    c("-2", "-1", "0", "1"), c("A", "G", "T", NA)), names = c("", 
""))), GM29_SNP1 = structure(c(1L, 216L, 3623L, 39L, 5L, 3L, 
14L, 0L, 0L, 1L, 58L, 1L), dim = 4:3, dimnames = structure(list(
    c("-2", "-1", "0", "1"), c("A", "G", NA)), names = c("", 
""))), IM16_SNP1 = structure(c(48L, 3443L, 66L, 1L, 0L, 25L, 
1L, 0L, 3L, 78L, 1L, 0L), dim = 4:3, dimnames = structure(list(
    c("-1", "0", "1", "2"), c("A", "G", NA)), names = c("", ""
))), IM49_SNP1 = structure(c(0L, 6L, 10L, 1L, 0L, 12L, 325L, 
764L, 7L, 2L, 0L, 18L, 73L, 3L, 0L), dim = c(5L, 3L), dimnames = structure(list(
    c("-2", "-1", "0", "1", "2"), c("C", "G", NA)), names = c("", 
""))), LR10_SNP1 = structure(c(0L, 0L, 1L, 0L, 1L, 52L, 1929L, 
16L, 0L, 0L, 1L, 0L, 0L, 22L, 2168L, 21L, 0L, 0L, 74L, 3L), dim = 4:5, dimnames = structure(list(
    c("-2", "-1", "0", "1"), c("A", "C", "G", "T", NA)), names = c("", 
""))), LR11_SNP1 = structure(c(9L, 164L, 3962L, 25L, 0L, 2L, 
15L, 1L, 0L, 0L, 2L, 0L, 0L, 0L, 1L, 0L, 0L, 5L, 96L, 0L), dim = 4:5, dimnames = structure(list(
    c("-2", "-1", "0", "1"), c("A", "C", "G", "T", NA)), names = c("", 
""))), LR17_SNP1 = structure(c(8L, 359L, 3737L, 37L, 1L, 0L, 
0L, 2L, 0L, 0L, 0L, 19L, 496L, 2L, 0L), dim = c(5L, 3L), dimnames = structure(list(
    c("-2", "-1", "0", "1", "2"), c("A", "G", NA)), names = c("", 
""))), LR20_SNP1 = structure(c(12L, 1210L, 2L, 2L, 7L, 0L, 0L, 
1L, 0L), dim = c(3L, 3L), dimnames = structure(list(c("-1", "0", 
"1"), c("A", "G", NA)), names = c("", ""))), LR24_SNP1 = structure(c(22L, 
1105L, 1037L, 5L, 0L, 41L, 995L, 3L, 0L, 9L, 34L, 0L), dim = 4:3, dimnames = structure(list(
    c("-2", "-1", "0", "1"), c("A", "G", NA)), names = c("", 
""))), LR36_SNP1 = structure(c(0L, 0L, 0L, 1L, 0L, 0L, 14L, 42L, 
94L, 1511L, 25L, 1L, 0L, 1L, 0L, 0L, 0L, 0L, 0L, 0L, 0L, 0L, 
0L, 0L, 1L, 32L, 814L, 988L, 14L, 0L, 0L, 4L, 42L, 112L, 1L, 
0L), dim = c(6L, 6L), dimnames = structure(list(c("-3", "-2", 
"-1", "0", "1", "2"), c("-", "A", "C", "G", "T", NA)), names = c("", 
""))), LR40_SNP1 = structure(c(33L, 1099L, 4L, 15L, 1279L, 9L, 
1L, 46L, 0L), dim = c(3L, 3L), dimnames = structure(list(c("-1", 
"0", "1"), c("A", "C", NA)), names = c("", ""))), LR44_SNP1 = structure(c(1L, 
9L, 475L, 574L, 861L, 17L, 0L, 0L, 1L, 8L, 11L, 1L, 0L, 0L, 2L, 
10L, 24L, 0L), dim = c(6L, 3L), dimnames = structure(list(c("-4", 
"-3", "-2", "-1", "0", "1"), c("C", "T", NA)), names = c("", 
""))), LR46_SNP1 = structure(c(0L, 1L, 0L, 0L, 2L, 0L, 4L, 38L, 
0L, 80L, 7815L, 18L, 2L, 174L, 0L), dim = c(3L, 5L), dimnames = structure(list(
    c("-1", "0", "1"), c("-", "C", "G", "T", NA)), names = c("", 
""))), LR48_SNP1 = structure(c(0L, 0L, 0L, 2L, 2L, 0L, 0L, 1L, 
1L, 42L, 2580L, 5916L, 60L, 1L, 0L, 0L, 0L, 1L, 0L, 0L, 0L, 0L, 
0L, 0L, 5L, 44L, 0L, 0L, 0L, 0L, 2L, 39L, 194L, 3L, 0L), dim = c(7L, 
5L), dimnames = structure(list(c("-4", "-3", "-2", "-1", "0", 
"1", "2"), c("A", "C", "G", "T", NA)), names = c("", ""))), LR49_SNP1 = structure(c(1L, 
855L, 878L, 0L, 0L, 0L, 1L, 0L, 0L, 15L, 1777L, 1L, 0L, 19L, 
51L, 0L), dim = c(4L, 4L), dimnames = structure(list(c("-2", 
"-1", "0", "1"), c("A", "C", "G", NA)), names = c("", ""))), 
    LR52_SNP1 = structure(c(0L, 0L, 0L, 0L, 1L, 0L, 0L, 0L, 0L, 
    0L, 2L, 4L, 14L, 0L, 1L, 1L, 94L, 1238L, 1277L, 2019L, 20L, 
    0L, 0L, 1L, 31L, 41L, 136L, 4L), dim = c(7L, 4L), dimnames = structure(list(
        c("-5", "-4", "-3", "-2", "-1", "0", "1"), c("A", "C", 
        "T", NA)), names = c("", ""))))
