Result <-
list(DEPDC2_SNP1 = structure(c(0L, 0L, 1L, 0L, 1L, 35L, 6021L, 
41L, 0L, 0L, 11L, 0L, 0L, 1L, 60L, 1L), dim = c(4L, 4L), dimnames = structure(list(
    c("-2", "-1", "0", "1"), c("A", "C", "T", NA)), names = c("", 
""))), GM01_SNP1 = structure(c(1L, 59L, 4682L, 14L, 0L, 0L, 64L, 
4507L, 35L, 1L, 0L, 0L, 1L, 0L, 0L, 0L, 1L, 96L, 1L, 0L), dim = 5:4, dimnames = structure(list(
    c("-2", "-1", "0", "1", "2"), c("A", "G", "T", NA)), names = c("", 
""))), GM07_SNP1 = structure(c(0L, 0L, 2L, 0L, 0L, 18L, 917L, 
5174L, 149L, 6L, 0L, 0L, 3L, 0L, 0L, 0L, 0L, 1L, 0L, 0L, 1L, 
6L, 57L, 0L, 0L), dim = c(5L, 5L), dimnames = structure(list(
    c("-2", "-1", "0", "1", "2"), c("-", "A", "G", "T", NA)), names = c("", 
""))), GM09_SNP1 = structure(c(29L, 3293L, 3L, 12L, 2897L, 4L, 
0L, 33L, 0L), dim = c(3L, 3L), dimnames = structure(list(c("-1", 
"0", "1"), c("A", "G", NA)), names = c("", ""))), GM11_SNP1 = structure(c(0L, 
1L, 0L, 0L, 6L, 2819L, 7L, 0L, 58L, 2989L, 21L, 1L, 0L, 34L, 
0L, 0L), dim = c(4L, 4L), dimnames = structure(list(c("-1", "0", 
"1", "2"), c("-", "A", "G", NA)), names = c("", ""))), GM14_SNP1 = structure(c(2L, 
110L, 2995L, 15L, 2L, 0L, 0L, 2L, 0L, 0L, 0L, 1L, 23L, 0L, 0L
), dim = c(5L, 3L), dimnames = structure(list(c("-2", "-1", "0", 
"1", "2"), c("C", "T", NA)), names = c("", ""))), GM17_SNP1 = structure(c(1L, 
82L, 5908L, 31L, 1L, 0L, 0L, 10L, 0L, 0L, 1L, 3L, 57L, 1L, 0L
), dim = c(5L, 3L), dimnames = structure(list(c("-2", "-1", "0", 
"1", "2"), c("C", "T", NA)), names = c("", ""))), GM22_SNP1 = structure(c(3L, 
129L, 6241L, 49L, 1L, 0L, 1L, 72L, 1L, 0L), dim = c(5L, 2L), dimnames = structure(list(
    c("-2", "-1", "0", "1", "2"), c("A", NA)), names = c("", 
""))), GM26_SNP1 = structure(c(0L, 1L, 0L, 0L, 6L, 0L, 48L, 5150L, 
45L, 0L, 1L, 0L, 0L, 62L, 0L), dim = c(3L, 5L), dimnames = structure(list(
    c("-1", "0", "1"), c("-", "A", "G", "T", NA)), names = c("", 
""))), GM29_SNP1 = structure(c(2L, 44L, 2554L, 5L, 2L, 0L, 2L, 
54L, 2415L, 13L, 0L, 1L, 0L, 0L, 45L, 0L, 0L, 0L), dim = c(6L, 
3L), dimnames = structure(list(c("-2", "-1", "0", "1", "2", "3"
), c("A", "G", NA)), names = c("", ""))), IM16_SNP1 = structure(c(0L, 
38L, 2417L, 39L, 3L, 1L, 64L, 2731L, 43L, 1L, 0L, 0L, 1L, 0L, 
0L, 0L, 3L, 51L, 6L, 0L), dim = 5:4, dimnames = structure(list(
    c("-2", "-1", "0", "1", "2"), c("A", "G", "T", NA)), names = c("", 
""))), IM49_SNP1 = structure(c(0L, 1L, 0L, 0L, 0L, 0L, 2L, 3L, 
0L, 0L, 9L, 190L, 5062L, 85L, 2L, 0L, 9L, 474L, 4L, 0L), dim = 5:4, dimnames = structure(list(
    c("-2", "-1", "0", "1", "2"), c("A", "C", "G", NA)), names = c("", 
""))), LR10_SNP1 = structure(c(1L, 220L, 5318L, 37L, 1L, 0L, 
0L, 1L, 0L, 0L, 0L, 0L, 15L, 0L, 0L, 0L, 0L, 54L, 1L, 0L), dim = 5:4, dimnames = structure(list(
    c("-2", "-1", "0", "1", "2"), c("C", "G", "T", NA)), names = c("", 
""))), LR11_SNP1 = structure(c(10L, 61L, 2202L, 12L, 1L, 55L, 
1712L, 12L, 0L, 2L, 65L, 0L), dim = 4:3, dimnames = structure(list(
    c("-2", "-1", "0", "1"), c("A", "C", NA)), names = c("", 
""))), LR17_SNP1 = structure(c(1L, 3L, 185L, 3716L, 63L, 2L, 
0L, 0L, 0L, 1L, 0L, 0L, 0L, 0L, 0L, 1L, 0L, 0L, 0L, 0L, 2L, 126L, 
0L, 0L), dim = c(6L, 4L), dimnames = structure(list(c("-3", "-2", 
"-1", "0", "1", "2"), c("A", "C", "G", NA)), names = c("", ""
))), LR20_SNP1 = structure(c(6L, 2581L, 2L, 9L, 2547L, 4L, 0L, 
1L, 0L, 0L, 20L, 0L), dim = 3:4, dimnames = structure(list(c("-1", 
"0", "1"), c("A", "G", "T", NA)), names = c("", ""))), LR24_SNP1 = structure(c(0L, 
81L, 1521L, 4L, 14L, 11L, 1290L, 4L, 0L, 0L, 16L, 0L), dim = 4:3, dimnames = structure(list(
    c("-2", "-1", "0", "1"), c("A", "G", NA)), names = c("", 
""))), LR36_SNP1 = structure(c(0L, 0L, 0L, 6L, 0L, 0L, 1L, 7L, 
144L, 3314L, 40L, 1L, 0L, 0L, 4L, 169L, 6L, 0L), dim = c(6L, 
3L), dimnames = structure(list(c("-3", "-2", "-1", "0", "1", 
"5"), c("A", "T", NA)), names = c("", ""))), LR40_SNP1 = structure(c(0L, 
0L, 2L, 0L, 1L, 87L, 5529L, 56L, 0L, 0L, 23L, 1L), dim = 4:3, dimnames = structure(list(
    c("-2", "-1", "0", "1"), c("A", "C", NA)), names = c("", 
""))), LR44_SNP1 = structure(c(0L, 0L, 0L, 1L, 0L, 0L, 3L, 35L, 
831L, 6121L, 93L, 2L, 0L, 0L, 2L, 0L, 0L, 0L, 0L, 1L, 11L, 162L, 
3L, 0L), dim = c(6L, 4L), dimnames = structure(list(c("-3", "-2", 
"-1", "0", "1", "2"), c("A", "C", "T", NA)), names = c("", ""
))), LR46_SNP1 = structure(c(32L, 2341L, 3L, 0L, 5L, 0L, 0L, 
10L, 0L), dim = c(3L, 3L), dimnames = structure(list(c("-1", 
"0", "1"), c("G", "T", NA)), names = c("", ""))), LR48_SNP1 = structure(c(0L, 
0L, 2L, 0L, 0L, 53L, 642L, 4335L, 118L, 1L, 0L, 0L, 5L, 0L, 0L, 
0L, 2L, 75L, 2L, 0L), dim = 5:4, dimnames = structure(list(c("-2", 
"-1", "0", "1", "2"), c("A", "C", "T", NA)), names = c("", ""
))), LR49_SNP1 = structure(c(35L, 938L, 0L, 0L, 791L, 1L, 0L, 
9L, 0L), dim = c(3L, 3L), dimnames = structure(list(c("-1", "0", 
"1"), c("A", "G", NA)), names = c("", ""))), LR52_SNP1 = structure(c(0L, 
0L, 0L, 0L, 1L, 0L, 0L, 0L, 0L, 2L, 1L, 0L, 0L, 0L, 0L, 0L, 1L, 
0L, 1L, 4L, 118L, 686L, 4131L, 40L, 0L, 0L, 0L, 8L, 194L, 3L), dim = 6:5, dimnames = structure(list(
    c("-4", "-3", "-2", "-1", "0", "1"), c("A", "C", "G", "T", 
    NA)), names = c("", ""))))
