Result <-
list(DEPDC2_SNP1 = structure(c(0L, 0L, 4L, 0L, 1L, 33L, 4900L, 
56L, 0L, 0L, 1L, 0L, 1L, 47L, 7358L, 49L, 0L, 0L, 109L, 0L), dim = 4:5, dimnames = structure(list(
    c("-2", "-1", "0", "1"), c("A", "C", "G", "T", NA)), names = c("", 
""))), GM01_SNP1 = structure(c(0L, 0L, 0L, 1L, 0L, 0L, 1L, 397L, 
12887L, 60L, 0L, 0L, 0L, 18L, 0L, 0L, 0L, 0L, 1L, 0L, 1L, 0L, 
4L, 135L, 2L), dim = c(5L, 5L), dimnames = structure(list(c("-3", 
"-2", "-1", "0", "1"), c("-", "A", "G", "T", NA)), names = c("", 
""))), GM07_SNP1 = structure(c(11L, 460L, 7217L, 198L, 6L, 1L, 
0L, 1L, 1L, 0L, 0L, 0L, 1L, 2L, 76L, 0L, 0L, 0L), dim = c(6L, 
3L), dimnames = structure(list(c("-2", "-1", "0", "1", "2", "3"
), c("A", "G", NA)), names = c("", ""))), GM09_SNP1 = structure(c(81L, 
5000L, 8L, 26L, 4874L, 6L, 0L, 3L, 0L, 1L, 66L, 0L), dim = 3:4, dimnames = structure(list(
    c("-1", "0", "1"), c("A", "G", "T", NA)), names = c("", ""
))), GM11_SNP1 = structure(c(1L, 2L, 30L, 5759L, 17L, 0L, 0L, 
0L, 4L, 0L, 0L, 0L, 0L, 1L, 0L, 0L, 0L, 0L, 33L, 0L), dim = 5:4, dimnames = structure(list(
    c("-3", "-2", "-1", "0", "1"), c("A", "G", "T", NA)), names = c("", 
""))), GM14_SNP1 = structure(c(0L, 0L, 4L, 0L, 7L, 109L, 4584L, 
25L, 0L, 0L, 47L, 0L), dim = 4:3, dimnames = structure(list(c("-2", 
"-1", "0", "1"), c("C", "T", NA)), names = c("", ""))), GM17_SNP1 = structure(c(0L, 
0L, 2L, 0L, 1L, 60L, 4208L, 6L, 3L, 106L, 4767L, 15L, 0L, 0L, 
57L, 0L), dim = c(4L, 4L), dimnames = structure(list(c("-2", 
"-1", "0", "1"), c("A", "C", "T", NA)), names = c("", ""))), 
    GM22_SNP1 = structure(c(2L, 65L, 4246L, 18L, 3L, 58L, 4048L, 
    12L, 0L, 0L, 1L, 0L, 0L, 1L, 124L, 2L), dim = c(4L, 4L), dimnames = structure(list(
        c("-2", "-1", "0", "1"), c("A", "G", "T", NA)), names = c("", 
    ""))), GM26_SNP1 = structure(c(0L, 2L, 41L, 3618L, 18L, 1L, 
    1L, 31L, 3804L, 13L, 0L, 0L, 0L, 13L, 0L, 0L, 0L, 2L, 57L, 
    0L), dim = 5:4, dimnames = structure(list(c("-3", "-2", "-1", 
    "0", "1"), c("A", "G", "T", NA)), names = c("", ""))), GM29_SNP1 = structure(c(1L, 
    86L, 3346L, 6L, 2L, 41L, 3436L, 13L, 0L, 2L, 53L, 1L), dim = 4:3, dimnames = structure(list(
        c("-2", "-1", "0", "1"), c("A", "G", NA)), names = c("", 
    ""))), IM16_SNP1 = structure(c(3L, 94L, 7320L, 117L, 2L, 
    0L, 0L, 4L, 0L, 0L, 0L, 1L, 79L, 2L, 0L), dim = c(5L, 3L), dimnames = structure(list(
        c("-2", "-1", "0", "1", "2"), c("A", "G", NA)), names = c("", 
    ""))), IM49_SNP1 = structure(c(0L, 0L, 1L, 0L, 0L, 5L, 143L, 
    2783L, 53L, 0L, 2L, 228L, 2823L, 50L, 3L, 0L, 7L, 461L, 5L, 
    0L), dim = 5:4, dimnames = structure(list(c("-2", "-1", "0", 
    "1", "2"), c("A", "C", "G", NA)), names = c("", ""))), LR10_SNP1 = structure(c(0L, 
    0L, 1L, 0L, 2L, 174L, 5875L, 55L, 0L, 0L, 8L, 0L, 0L, 1L, 
    30L, 1L), dim = c(4L, 4L), dimnames = structure(list(c("-2", 
    "-1", "0", "1"), c("A", "C", "T", NA)), names = c("", ""))), 
    LR11_SNP1 = structure(c(0L, 0L, 0L, 1L, 0L, 0L, 0L, 0L, 0L, 
    7L, 0L, 0L, 1L, 2L, 126L, 5400L, 36L, 1L, 0L, 0L, 0L, 2L, 
    0L, 0L, 0L, 0L, 12L, 173L, 3L, 0L), dim = 6:5, dimnames = structure(list(
        c("-4", "-2", "-1", "0", "1", "2"), c("-", "A", "C", 
        "T", NA)), names = c("", ""))), LR17_SNP1 = structure(c(3L, 
    5L, 220L, 5639L, 73L, 0L, 0L, 1L, 1L, 0L, 0L, 0L, 2L, 212L, 
    2L), dim = c(5L, 3L), dimnames = structure(list(c("-3", "-2", 
    "-1", "0", "1"), c("A", "G", NA)), names = c("", ""))), LR20_SNP1 = structure(c(0L, 
    1L, 0L, 7L, 7686L, 8L, 0L, 4L, 0L, 0L, 28L, 1L), dim = 3:4, dimnames = structure(list(
        c("-1", "0", "1"), c("-", "A", "G", NA)), names = c("", 
    ""))), LR24_SNP1 = structure(c(51L, 5954L, 13L, 0L, 0L, 0L, 
    1L, 3L, 0L, 0L, 32L, 1L), dim = 3:4, dimnames = structure(list(
        c("-1", "0", "1"), c("A", "C", "G", NA)), names = c("", 
    ""))), LR36_SNP1 = structure(c(0L, 0L, 0L, 5L, 0L, 0L, 1L, 
    5L, 115L, 5098L, 70L, 1L, 0L, 0L, 2L, 235L, 1L, 0L), dim = c(6L, 
    3L), dimnames = structure(list(c("-4", "-2", "-1", "0", "1", 
    "2"), c("A", "T", NA)), names = c("", ""))), LR40_SNP1 = structure(c(0L, 
    0L, 2L, 0L, 1L, 87L, 6611L, 32L, 0L, 0L, 35L, 0L), dim = 4:3, dimnames = structure(list(
        c("-3", "-1", "0", "1"), c("A", "C", NA)), names = c("", 
    ""))), LR44_SNP1 = structure(c(0L, 2L, 7L, 284L, 4047L, 89L, 
    4L, 0L, 0L, 0L, 0L, 9L, 0L, 0L, 1L, 2L, 13L, 468L, 3928L, 
    74L, 2L, 0L, 0L, 1L, 14L, 161L, 2L, 0L), dim = c(7L, 4L), dimnames = structure(list(
        c("-4", "-3", "-2", "-1", "0", "1", "2"), c("C", "G", 
        "T", NA)), names = c("", ""))), LR46_SNP1 = structure(c(0L, 
    1L, 0L, 11L, 3028L, 1L, 12L, 2993L, 8L, 0L, 37L, 0L), dim = 3:4, dimnames = structure(list(
        c("-1", "0", "1"), c("A", "G", "T", NA)), names = c("", 
    ""))), LR48_SNP1 = structure(c(0L, 0L, 0L, 1L, 0L, 0L, 1L, 
    12L, 669L, 6814L, 103L, 1L, 0L, 0L, 0L, 1L, 0L, 0L, 0L, 0L, 
    6L, 122L, 0L, 0L), dim = c(6L, 4L), dimnames = structure(list(
        c("-3", "-2", "-1", "0", "1", "2"), c("-", "C", "T", 
        NA)), names = c("", ""))), LR49_SNP1 = structure(c(0L, 
    1L, 0L, 59L, 4313L, 2L, 47L, 4513L, 14L, 0L, 2L, 0L, 0L, 
    32L, 0L), dim = c(3L, 5L), dimnames = structure(list(c("-1", 
    "0", "1"), c("-", "A", "G", "T", NA)), names = c("", ""))), 
    LR52_SNP1 = structure(c(0L, 0L, 0L, 1L, 0L, 2L, 16L, 329L, 
    1951L, 21L, 0L, 24L, 357L, 2234L, 54L, 0L, 0L, 25L, 827L, 
    5L), dim = 5:4, dimnames = structure(list(c("-3", "-2", "-1", 
    "0", "1"), c("A", "C", "T", NA)), names = c("", ""))))
