Result <-
list(AKMmono02 = structure(c(272L, 8L, 2L, 3237L, 52L, 1L, 77L, 
3L, 0L, 0L, 49L, 0L, 0L, 0L), .Dim = c(7L, 2L), .Dimnames = structure(list(
    c("-1", "-2", "-3", "0", "1", "2", NA), c("T", NA)), .Names = c("", 
"")), class = "table"), AKMmono03 = structure(c(0L, 0L, 0L, 0L, 
1L, 0L, 0L, 0L, 778L, 125L, 12L, 1L, 6631L, 102L, 2L, 65L, 0L, 
0L, 0L, 0L, 1L, 0L, 0L, 0L, 24L, 2L, 0L, 0L, 475L, 2L, 0L, 0L
), .Dim = c(8L, 4L), .Dimnames = structure(list(c("-1", "-2", 
"-3", "-4", "0", "1", "2", NA), c("-", "A", "G", NA)), .Names = c("", 
"")), class = "table"), AKMmono05 = structure(c(580L, 74L, 7L, 
1L, 3228L, 104L, 3L, 36L, 0L, 0L, 0L, 0L, 1L, 0L, 0L, 0L, 0L, 
0L, 0L, 0L, 1L, 0L, 0L, 0L, 27L, 2L, 0L, 0L, 359L, 11L, 0L, 0L
), .Dim = c(8L, 4L), .Dimnames = structure(list(c("-1", "-2", 
"-3", "-4", "0", "1", "2", NA), c("A", "C", "G", NA)), .Names = c("", 
"")), class = "table"), AKMmono13 = structure(c(1458L, 118L, 
5L, 3066L, 57L, 3L, 84L, 1L, 0L, 0L, 0L, 0L, 0L, 0L, 40L, 2L, 
0L, 205L, 4L, 0L, 0L), .Dim = c(7L, 3L), .Dimnames = structure(list(
    c("-1", "-2", "-3", "0", "1", "2", NA), c("A", "G", NA)), .Names = c("", 
"")), class = "table"), AKMmono16 = structure(c(711L, 26L, 3L, 
5005L, 67L, 36L, 0L, 0L, 0L, 1L, 0L, 0L, 0L, 0L, 0L, 3L, 0L, 
0L, 16L, 1L, 0L, 258L, 1L, 0L), .Dim = c(6L, 4L), .Dimnames = structure(list(
    c("-1", "-2", "-3", "0", "1", NA), c("A", "C", "T", NA)), .Names = c("", 
"")), class = "table"), AKMmono22 = structure(c(241L, 509L, 199L, 
16L, 1556L, 86L, 4L, 99L, 0L, 0L, 0L, 0L, 1L, 0L, 0L, 0L, 11L, 
9L, 4L, 0L, 159L, 2L, 0L, 0L), .Dim = c(8L, 3L), .Dimnames = structure(list(
    c("-1", "-2", "-3", "-4", "0", "1", "2", NA), c("A", "G", 
    NA)), .Names = c("", "")), class = "table"), EJmono05 = structure(c(0L, 
0L, 0L, 2L, 0L, 0L, 0L, 1891L, 104L, 3L, 5906L, 131L, 3L, 58L, 
25L, 2L, 0L, 170L, 0L, 0L, 0L), .Dim = c(7L, 3L), .Dimnames = structure(list(
    c("-1", "-2", "-3", "0", "1", "2", NA), c("A", "T", NA)), .Names = c("", 
"")), class = "table"), EJmono16 = structure(c(398L, 21L, 1L, 
5157L, 921L, 76L, 6L, 237L, 0L, 0L, 0L, 3L, 0L, 0L, 0L, 0L, 0L, 
0L, 0L, 0L, 0L, 0L, 0L, 1L, 1L, 0L, 0L, 75L, 7L, 1L, 1L, 0L), .Dim = c(8L, 
4L), .Dimnames = structure(list(c("-1", "-2", "-3", "0", "1", 
"2", "3", NA), c("A", "G", "T", NA)), .Names = c("", "")), class = "table"), 
    LMmono01 = structure(c(706L, 29L, 1312L, 23L, 19L, 18L, 2L, 
    77L, 0L, 0L), .Dim = c(5L, 2L), .Dimnames = structure(list(
        c("-1", "-2", "0", "1", NA), c("A", NA)), .Names = c("", 
    "")), class = "table"), LMmono03 = structure(c(966L, 253L, 
    32L, 3L, 2435L, 70L, 3L, 127L, 0L, 0L, 0L, 0L, 1L, 0L, 0L, 
    0L, 11L, 3L, 0L, 0L, 117L, 0L, 0L, 0L), .Dim = c(8L, 3L), .Dimnames = structure(list(
        c("-1", "-2", "-3", "-4", "0", "1", "2", NA), c("C", 
        "T", NA)), .Names = c("", "")), class = "table"), LMmono09 = structure(c(959L, 
    166L, 34L, 1537L, 52L, 1L, 65L, 3L, 0L, 0L, 10L, 1L, 0L, 
    0L), .Dim = c(7L, 2L), .Dimnames = structure(list(c("-1", 
    "-2", "-3", "0", "1", "2", NA), c("T", NA)), .Names = c("", 
    "")), class = "table"), LMmono12 = structure(c(1307L, 229L, 
    11L, 3932L, 242L, 23L, 149L, 0L, 0L, 0L, 1L, 0L, 0L, 0L, 
    4L, 1L, 0L, 144L, 6L, 0L, 0L), .Dim = c(7L, 3L), .Dimnames = structure(list(
        c("-1", "-2", "-3", "0", "1", "2", NA), c("A", "G", NA
        )), .Names = c("", "")), class = "table"), LMmono16 = structure(c(977L, 
    591L, 88L, 3L, 1972L, 132L, 5L, 67L, 38L, 16L, 1L, 1L, 309L, 
    10L, 0L, 0L), .Dim = c(8L, 2L), .Dimnames = structure(list(
        c("-1", "-2", "-3", "-4", "0", "1", "2", NA), c("A", 
        NA)), .Names = c("", "")), class = "table"), MSJmono10 = structure(c(0L, 
    0L, 1L, 0L, 0L, 0L, 0L, 784L, 27L, 9514L, 310L, 11L, 1L, 
    60L, 14L, 2L, 349L, 11L, 1L, 0L, 0L), .Dim = c(7L, 3L), .Dimnames = structure(list(
        c("-1", "-2", "0", "1", "2", "3", NA), c("A", "C", NA
        )), .Names = c("", "")), class = "table"), MSJmono19ms1 = structure(c(1253L, 
    1119L, 38L, 4L, 1L, 4415L, 116L, 4L, 260L, 0L, 0L, 0L, 0L, 
    0L, 7L, 0L, 0L, 0L, 0L, 0L, 0L, 0L, 0L, 1L, 1L, 0L, 0L, 86L, 
    58L, 0L, 0L, 0L, 491L, 5L, 0L, 0L), .Dim = c(9L, 4L), .Dimnames = structure(list(
        c("-1", "-2", "-3", "-4", "-5", "0", "1", "2", NA), c("A", 
        "C", "T", NA)), .Names = c("", "")), class = "table"), 
    MSJmono19ms2 = structure(c(0L, 0L, 3L, 0L, 0L, 1198L, 27L, 
    5508L, 56L, 145L, 15L, 0L, 339L, 0L, 0L), .Dim = c(5L, 3L
    ), .Dimnames = structure(list(c("-1", "-2", "0", "1", NA), 
        c("A", "C", NA)), .Names = c("", "")), class = "table"), 
    MSJmono36 = structure(c(0L, 0L, 0L, 1L, 0L, 0L, 0L, 0L, 740L, 
    42L, 1L, 2434L, 70L, 2L, 1L, 102L, 4L, 0L, 0L, 63L, 1L, 0L, 
    0L, 0L), .Dim = c(8L, 3L), .Dimnames = structure(list(c("-1", 
    "-2", "-4", "0", "1", "2", "3", NA), c("A", "G", NA)), .Names = c("", 
    "")), class = "table"), MSJmono44 = structure(c(117L, 4L, 
    1609L, 22L, 9L, 1L, 0L, 25L, 0L, 0L), .Dim = c(5L, 2L), .Dimnames = structure(list(
        c("-1", "-2", "0", "1", NA), c("T", NA)), .Names = c("", 
    "")), class = "table"), MSJmono46 = structure(c(369L, 49L, 
    5L, 2L, 1551L, 95L, 2L, 55L, 1L, 1L, 0L, 0L, 50L, 1L, 0L, 
    0L), .Dim = c(8L, 2L), .Dimnames = structure(list(c("-1", 
    "-2", "-3", "-5", "0", "1", "2", NA), c("C", NA)), .Names = c("", 
    "")), class = "table"), LMmono04v2_SNP1 = structure(c(0L, 
    0L, 0L, 1L, 0L, 0L, 0L, 0L, 711L, 62L, 3L, 2322L, 477L, 35L, 
    2L, 36L, 6L, 0L, 0L, 94L, 13L, 1L, 2L, 0L), .Dim = c(8L, 
    3L), .Dimnames = structure(list(c("-1", "-2", "-3", "0", 
    "1", "2", "3", NA), c("A", "C", NA)), .Names = c("", "")), class = "table"), 
    AKMmono01v2_SNP1 = structure(c(0L, 0L, 0L, 1L, 0L, 0L, 0L, 
    0L, 1L, 0L, 1L, 0L, 0L, 0L, 0L, 0L, 0L, 1L, 0L, 0L, 0L, 1635L, 
    140L, 8L, 5999L, 84L, 3L, 93L, 15L, 0L, 0L, 140L, 1L, 0L, 
    0L), .Dim = c(7L, 5L), .Dimnames = structure(list(c("-1", 
    "-2", "-3", "0", "1", "2", NA), c("-", "A", "C", "T", NA)), .Names = c("", 
    "")), class = "table"), AKMmono10v2_SNP1 = structure(c(143L, 
    4L, 2971L, 29L, 12L, 1L, 0L, 0L, 0L, 0L, 0L, 0L, 153L, 3L, 
    0L), .Dim = c(5L, 3L), .Dimnames = structure(list(c("-1", 
    "-2", "0", "1", NA), c("A", "G", NA)), .Names = c("", "")), class = "table"), 
    AKMmono17v2_SNP1 = structure(c(1L, 0L, 0L, 6L, 0L, 1L, 80L, 
    328L, 1L, 981L, 12L, 22L, 1L, 1L, 1L, 22L, 1L, 0L), .Dim = c(6L, 
    3L), .Dimnames = structure(list(c("-1", "-2", "-3", "0", 
    "1", NA), c("A", "C", NA)), .Names = c("", "")), class = "table"), 
    EJmono13v2_SNP1 = structure(c(0L, 0L, 2L, 1L, 0L, 0L, 220L, 
    4L, 3702L, 63L, 4L, 15L, 3L, 0L, 73L, 2L, 0L, 0L), .Dim = c(6L, 
    3L), .Dimnames = structure(list(c("-1", "-2", "0", "1", "2", 
    NA), c("A", "G", NA)), .Names = c("", "")), class = "table"), 
    LMmono05v2_SNP1 = structure(c(155L, 17L, 1L, 619L, 14L, 4L, 
    44L, 201L, 23L, 501L, 5L, 5L, 1L, 4L, 1L, 23L, 1L, 0L), .Dim = c(6L, 
    3L), .Dimnames = structure(list(c("-1", "-2", "-3", "0", 
    "1", NA), c("A", "T", NA)), .Names = c("", "")), class = "table"), 
    LMmono10v2_SNP1 = structure(c(694L, 222L, 43L, 0L, 1L, 1629L, 
    28L, 0L, 101L, 600L, 121L, 4L, 0L, 0L, 1692L, 45L, 1L, 105L, 
    15L, 3L, 2L, 1L, 0L, 234L, 0L, 0L, 0L), .Dim = c(9L, 3L), .Dimnames = structure(list(
        c("-1", "-2", "-3", "-4", "-5", "0", "1", "2", NA), c("A", 
        "G", NA)), .Names = c("", "")), class = "table"), MSJmono30v2_SNP1 = structure(c(0L, 
    1L, 0L, 0L, 0L, 9L, 151L, 9L, 0L, 1L, 17L, 169L, 5L, 1L, 
    1L, 5L, 136L, 16L, 0L, 0L), .Dim = 5:4, .Dimnames = structure(list(
        c("-1", "0", "1", "2", NA), c("-", "C", "T", NA)), .Names = c("", 
    "")), class = "table"), EJmono14v2_SNP1 = structure(c(593L, 
    27L, 991L, 25L, 0L, 21L, 596L, 30L, 1132L, 26L, 1L, 10L, 
    48L, 1L, 256L, 14L, 1L, 0L), .Dim = c(6L, 3L), .Dimnames = structure(list(
        c("-1", "-2", "0", "1", "2", NA), c("A", "G", NA)),