Result <-
list(AKMmono02 = structure(c(1244L, 150L, 7L, 4520L, 92L, 3L, 
142L, 8L, 1L, 0L, 58L, 1L, 0L, 0L), .Dim = c(7L, 2L), .Dimnames = structure(list(
    c("-1", "-2", "-3", "0", "1", "2", NA), c("T", NA)), .Names = c("", 
"")), class = "table"), AKMmono03 = structure(c(1182L, 142L, 
55L, 8L, 7939L, 146L, 2L, 94L, 0L, 0L, 0L, 0L, 1L, 0L, 0L, 0L, 
42L, 7L, 3L, 0L, 510L, 2L, 0L, 0L), .Dim = c(8L, 3L), .Dimnames = structure(list(
    c("-1", "-2", "-3", "-4", "0", "1", "2", NA), c("A", "C", 
    NA)), .Names = c("", "")), class = "table"), AKMmono05 = structure(c(2153L, 
367L, 30L, 4L, 2928L, 123L, 4L, 99L, 0L, 0L, 0L, 0L, 3L, 0L, 
0L, 0L, 1L, 0L, 0L, 0L, 0L, 2L, 0L, 0L, 74L, 3L, 1L, 0L, 308L, 
10L, 0L, 0L), .Dim = c(8L, 4L), .Dimnames = structure(list(c("-1", 
"-2", "-3", "-4", "0", "1", "2", NA), c("A", "C", "G", NA)), .Names = c("", 
"")), class = "table"), AKMmono13 = structure(c(2263L, 472L, 
17L, 4358L, 100L, 1L, 104L, 0L, 1L, 0L, 0L, 0L, 0L, 0L, 49L, 
4L, 0L, 235L, 3L, 0L, 0L), .Dim = c(7L, 3L), .Dimnames = structure(list(
    c("-1", "-2", "-3", "0", "1", "2", NA), c("A", "G", NA)), .Names = c("", 
"")), class = "table"), AKMmono16 = structure(c(951L, 61L, 3L, 
7519L, 114L, 1L, 38L, 0L, 0L, 0L, 1L, 0L, 0L, 0L, 0L, 0L, 0L, 
2L, 0L, 0L, 0L, 17L, 0L, 0L, 359L, 5L, 0L, 0L), .Dim = c(7L, 
4L), .Dimnames = structure(list(c("-1", "-2", "-3", "0", "1", 
"2", NA), c("A", "C", "T", NA)), .Names = c("", "")), class = "table"), 
    AKMmono22 = structure(c(803L, 172L, 23L, 9L, 2307L, 126L, 
    5L, 1L, 133L, 0L, 0L, 0L, 0L, 1L, 0L, 0L, 0L, 0L, 21L, 4L, 
    0L, 0L, 226L, 3L, 0L, 0L, 0L), .Dim = c(9L, 3L), .Dimnames = structure(list(
        c("-1", "-2", "-3", "-4", "0", "1", "2", "3", NA), c("A", 
        "G", NA)), .Names = c("", "")), class = "table"), EJmono05 = structure(c(1L, 
    0L, 0L, 0L, 1L, 0L, 0L, 0L, 0L, 0L, 0L, 0L, 1L, 0L, 0L, 0L, 
    1491L, 99L, 6L, 1L, 9973L, 202L, 4L, 54L, 21L, 3L, 0L, 0L, 
    293L, 5L, 0L, 0L), .Dim = c(8L, 4L), .Dimnames = structure(list(
        c("-1", "-2", "-3", "-4", "0", "1", "2", NA), c("A", 
        "G", "T", NA)), .Names = c("", "")), class = "table"), 
    EJmono16 = structure(c(2007L, 686L, 343L, 13L, 7668L, 407L, 
    17L, 2L, 342L, 1L, 0L, 0L, 0L, 1L, 0L, 0L, 0L, 0L, 12L, 9L, 
    4L, 0L, 91L, 5L, 0L, 0L, 0L), .Dim = c(9L, 3L), .Dimnames = structure(list(
        c("-1", "-2", "-3", "-4", "0", "1", "2", "3", NA), c("A", 
        "G", NA)), .Names = c("", "")), class = "table"), LMmono01 = structure(c(835L, 
    71L, 2269L, 36L, 29L, 0L, 0L, 1L, 0L, 0L, 23L, 2L, 124L, 
    0L, 0L), .Dim = c(5L, 3L), .Dimnames = structure(list(c("-1", 
    "-2", "0", "1", NA), c("A", "G", NA)), .Names = c("", "")), class = "table"), 
    LMmono03 = structure(c(1L, 0L, 0L, 0L, 2L, 0L, 0L, 0L, 1L, 
    1511L, 634L, 192L, 37L, 2989L, 82L, 1L, 2L, 224L, 1L, 0L, 
    0L, 0L, 0L, 0L, 0L, 0L, 0L, 18L, 10L, 1L, 0L, 140L, 0L, 0L, 
    0L, 0L), .Dim = c(9L, 4L), .Dimnames = structure(list(c("-1", 
    "-2", "-3", "-4", "0", "1", "2", "3", NA), c("A", "C", "T", 
    NA)), .Names = c("", "")), class = "table"), LMmono09 = structure(c(0L, 
    1L, 0L, 0L, 0L, 0L, 0L, 715L, 63L, 2L, 3269L, 125L, 1L, 72L, 
    2L, 0L, 0L, 28L, 0L, 0L, 0L), .Dim = c(7L, 3L), .Dimnames = structure(list(
        c("-1", "-2", "-3", "0", "1", "2", NA), c("C", "T", NA
        )), .Names = c("", "")), class = "table"), LMmono12 = structure(c(1947L, 
    295L, 15L, 1L, 5456L, 836L, 545L, 61L, 12L, 1L, 521L, 1L, 
    0L, 0L, 0L, 0L, 0L, 0L, 0L, 0L, 0L, 0L, 12L, 2L, 0L, 0L, 
    286L, 22L, 11L, 1L, 1L, 0L, 0L), .Dim = c(11L, 3L), .Dimnames = structure(list(
        c("-1", "-2", "-3", "-4", "0", "1", "2", "3", "4", "5", 
        NA), c("A", "T", NA)), .Names = c("", "")), class = "table"), 
    LMmono16 = structure(c(1786L, 315L, 30L, 1L, 3872L, 272L, 
    14L, 1L, 87L, 1L, 0L, 0L, 0L, 1L, 0L, 0L, 0L, 0L, 0L, 0L, 
    0L, 0L, 1L, 0L, 0L, 0L, 0L, 60L, 7L, 2L, 0L, 665L, 27L, 0L, 
    0L, 0L), .Dim = c(9L, 4L), .Dimnames = structure(list(c("-1", 
    "-2", "-3", "-4", "0", "1", "2", "3", NA), c("A", "G", "T", 
    NA)), .Names = c("", "")), class = "table"), MSJmono10 = structure(c(1L, 
    0L, 0L, 1L, 0L, 0L, 0L, 0L, 3924L, 424L, 2L, 13142L, 398L, 
    14L, 1L, 142L, 57L, 11L, 0L, 437L, 25L, 3L, 0L, 0L), .Dim = c(8L, 
    3L), .Dimnames = structure(list(c("-1", "-2", "-3", "0", 
    "1", "2", "3", NA), c("A", "C", NA)), .Names = c("", "")), class = "table"), 
    MSJmono19ms1 = structure(c(0L, 0L, 0L, 1L, 0L, 0L, 0L, 2234L, 
    283L, 13L, 8705L, 195L, 7L, 249L, 0L, 0L, 0L, 8L, 2L, 0L, 
    1L, 1L, 0L, 0L, 3L, 0L, 0L, 0L, 154L, 12L, 2L, 954L, 19L, 
    0L, 0L), .Dim = c(7L, 5L), .Dimnames = structure(list(c("-1", 
    "-2", "-3", "0", "1", "2", NA), c("-", "A", "C", "T", NA)), .Names = c("", 
    "")), class = "table"), MSJmono19ms2 = structure(c(2124L, 
    72L, 8633L, 86L, 3L, 228L, 0L, 0L, 1L, 0L, 0L, 0L, 1L, 0L, 
    0L, 0L, 0L, 0L, 20L, 0L, 643L, 0L, 0L, 0L), .Dim = c(6L, 
    4L), .Dimnames = structure(list(c("-1", "-2", "0", "1", "2", 
    NA), c("C", "G", "T", NA)), .Names = c("", "")), class = "table"), 
    MSJmono36 = structure(c(2458L, 349L, 10L, 1635L, 36L, 263L, 
    6L, 0L, 0L, 55L, 1L, 0L), .Dim = c(6L, 2L), .Dimnames = structure(list(
        c("-1", "-2", "-3", "0", "1", NA), c("G", NA)), .Names = c("", 
    "")), class = "table"), MSJmono44 = structure(c(658L, 14L, 
    1L, 2196L, 36L, 7L, 5L, 0L, 0L, 34L, 0L, 0L), .Dim = c(6L, 
    2L), .Dimnames = structure(list(c("-1", "-2", "-3", "0", 
    "1", NA), c("T", NA)), .Names = c("", "")), class = "table"), 
    MSJmono46 = structure(c(637L, 893L, 110L, 4L, 1242L, 68L, 
    1L, 89L, 0L, 0L, 1L, 0L, 0L, 0L, 0L, 0L, 3L, 17L, 1L, 0L, 
    31L, 0L, 0L, 0L), .Dim = c(8L, 3L), .Dimnames = structure(list(
        c("-1", "-2", "-3", "-4", "0", "1", "2", NA), c("C", 
        "T", NA)), .Names = c("", "")), class = "table"), LMmono04v2_SNP1 = structure(c(1992L, 
    217L, 2L, 3060L, 107L, 2L, 43L, 0L, 0L, 0L, 1L, 0L, 0L, 0L, 
    1L, 0L, 0L, 0L, 0L, 0L, 0L, 46L, 3L, 0L, 132L, 7L, 0L, 0L
    ), .Dim = c(7L, 4L), .Dimnames = structure(list(c("-1", "-2", 
    "-3", "0", "1", "2", NA), c("C", "G", "T", NA)), .Names = c("", 
    "")), class = "table"), AKMmono01v2_SNP1 = structure(c(0L, 
    0L, 0L, 0L, 3L, 0L, 0L, 0L, 2L, 0L, 0L, 0L, 1L, 0L, 0L, 0L, 
    2965L, 875L, 46L, 3L, 9147L, 143L, 2L, 173L, 22L, 6L, 0L, 
    0L, 230L, 3L, 0L, 0L), .Dim = c(8L, 4L), .Dimnames = structure(list(
        c("-1", "-2", "-3", "-4", "0", "1", "2", NA), c("A", 
        "C", "T", NA)), .Names = c("", "")), class = "table"), 
    AKMmono10v2_SNP1 = structure(c(692L, 28L, 1313L, 14L, 20L, 
    108L, 2L, 1924L, 16L, 6L, 6L, 0L, 156L, 0L, 0L), .Dim = c(5L, 
    3L), .Dimnames = structure(list(c("-1", "-2", "0", "1", NA
    ), c("A", "G", NA)), .Names = c("", "")), class = "table"), 
    AKMmono17v2_SNP1 = structure(c(389L, 50L, 1L, 544L, 8L, 19L, 
    79L, 13L, 1L, 882L, 12L, 4L, 2L, 1L, 0L, 45L, 0L, 0L), .Dim = c(6L, 
    3L), .Dimnames = structure(list(c("-1", "-2", "-3", "0", 
    "1", NA), c("A", "C", NA)), .Names = c("", "")), class = "table"), 
    EJmono13v2_SNP1 = structure(c(162L, 5L, 2219L, 76L, 2L, 10L, 
    382L, 7L, 2073L, 55L, 4L, 19L, 0L, 0L, 1L, 0L, 0L, 0L, 3L, 
    0L, 120L, 0L, 0L, 0L), .Dim = c(6L, 4L), .Dimnames = structure(list(
        c("-1", "-2", "0", "1", "2", NA), c("A", "G", "T", NA
        )), .Names = c("", "")), class = "table"), LMmono05v2_SNP1 = structure(c(620L, 
    49L, 5L, 1341L, 32L, 1L, 22L, 1L, 1L, 0L, 1L, 0L, 0L, 0L, 
    9L, 0L, 0L, 31L, 1L, 0L, 0L), .Dim = c(7L, 3L), .Dimnames = structure(list(
        c("-1", "-2", "-3", "0", "1", "2", NA), c("A", "T", NA
        )), .Names = c("", "")), class = "table"), LMmono10v2_SNP1 = structure(c(1197L, 
    262L, 20L, 2L, 1990L, 29L, 1L, 139L, 987L, 201L, 36L, 1L, 
    2186L, 49L, 1L, 141L, 1L, 0L, 0L, 0L, 0L, 0L, 0L, 0L, 38L, 
    4L, 0L, 0L, 279L, 5L, 0L, 0L), .Dim = c(8L, 4L),