Result <-
list(AKMmono02 = structure(c(0L, 0L, 0L, 0L, 0L, 1L, 303L, 19L, 
3673L, 67L, 1L, 63L, 2L, 0L, 47L, 0L, 0L, 0L), .Dim = c(6L, 3L
), .Dimnames = structure(list(c("-1", "-2", "0", "1", "2", NA
), c("C", "T", NA)), .Names = c("", "")), class = "table"), AKMmono03 = structure(c(733L, 
136L, 44L, 8113L, 120L, 5L, 59L, 0L, 0L, 0L, 1L, 0L, 0L, 0L, 
32L, 2L, 1L, 586L, 5L, 0L, 0L), .Dim = c(7L, 3L), .Dimnames = structure(list(
    c("-1", "-2", "-3", "0", "1", "2", NA), c("A", "G", NA)), .Names = c("", 
"")), class = "table"), AKMmono05 = structure(c(534L, 73L, 5L, 
5L, 3275L, 134L, 2L, 44L, 0L, 0L, 0L, 0L, 1L, 0L, 0L, 0L, 1L, 
0L, 0L, 0L, 3L, 0L, 0L, 0L, 0L, 0L, 0L, 0L, 2L, 0L, 0L, 0L, 20L, 
1L, 0L, 0L, 355L, 6L, 0L, 0L), .Dim = c(8L, 5L), .Dimnames = structure(list(
    c("-1", "-2", "-3", "-4", "0", "1", "2", NA), c("A", "C", 
    "G", "T", NA)), .Names = c("", "")), class = "table"), AKMmono13 = structure(c(374L, 
17L, 2L, 6268L, 127L, 1L, 44L, 3L, 0L, 0L, 346L, 5L, 0L, 0L), .Dim = c(7L, 
2L), .Dimnames = structure(list(c("-1", "-2", "-3", "0", "1", 
"2", NA), c("A", NA)), .Names = c("", "")), class = "table"), 
    AKMmono16 = structure(c(668L, 30L, 2L, 7932L, 127L, 8L, 41L, 
    0L, 0L, 0L, 1L, 0L, 0L, 0L, 0L, 0L, 0L, 2L, 0L, 0L, 0L, 0L, 
    0L, 0L, 4L, 0L, 0L, 0L, 10L, 0L, 0L, 398L, 8L, 0L, 0L), .Dim = c(7L, 
    5L), .Dimnames = structure(list(c("-1", "-2", "-3", "0", 
    "1", "2", NA), c("A", "C", "G", "T", NA)), .Names = c("", 
    "")), class = "table"), AKMmono22 = structure(c(320L, 57L, 
    9L, 1832L, 96L, 1L, 54L, 7L, 0L, 0L, 165L, 4L, 1L, 0L), .Dim = c(7L, 
    2L), .Dimnames = structure(list(c("-1", "-2", "-3", "0", 
    "1", "2", NA), c("A", NA)), .Names = c("", "")), class = "table"), 
    EJmono05 = structure(c(0L, 0L, 0L, 1L, 0L, 0L, 0L, 0L, 0L, 
    0L, 1L, 0L, 0L, 0L, 920L, 64L, 5L, 8484L, 165L, 2L, 36L, 
    11L, 1L, 0L, 253L, 6L, 0L, 0L), .Dim = c(7L, 4L), .Dimnames = structure(list(
        c("-1", "-2", "-3", "0", "1", "2", NA), c("A", "G", "T", 
        NA)), .Names = c("", "")), class = "table"), EJmono16 = structure(c(498L, 
    38L, 7671L, 382L, 6L, 179L, 5L, 0L, 86L, 1L, 0L, 0L), .Dim = c(6L, 
    2L), .Dimnames = structure(list(c("-1", "-2", "0", "1", "2", 
    NA), c("A", NA)), .Names = c("", "")), class = "table"), 
    LMmono01 = structure(c(303L, 13L, 1L, 3116L, 47L, 18L, 0L, 
    0L, 0L, 1L, 0L, 0L, 14L, 0L, 0L, 165L, 1L, 0L), .Dim = c(6L, 
    3L), .Dimnames = structure(list(c("-1", "-2", "-3", "0", 
    "1", NA), c("A", "G", NA)), .Names = c("", "")), class = "table"), 
    LMmono03 = structure(c(0L, 0L, 0L, 0L, 1L, 0L, 0L, 0L, 907L, 
    124L, 12L, 1L, 4210L, 115L, 6L, 152L, 0L, 0L, 0L, 0L, 1L, 
    0L, 0L, 0L, 3L, 0L, 0L, 0L, 6L, 0L, 0L, 1L, 5L, 1L, 0L, 0L, 
    224L, 0L, 0L, 0L), .Dim = c(8L, 5L), .Dimnames = structure(list(
        c("-1", "-2", "-3", "-4", "0", "1", "2", NA), c("A", 
        "C", "G", "T", NA)), .Names = c("", "")), class = "table"), 
    LMmono09 = structure(c(591L, 68L, 5L, 3585L, 114L, 2L, 65L, 
    5L, 1L, 0L, 33L, 0L, 0L, 0L), .Dim = c(7L, 2L), .Dimnames = structure(list(
        c("-1", "-2", "-3", "0", "1", "2", NA), c("T", NA)), .Names = c("", 
    "")), class = "table"), LMmono12 = structure(c(1253L, 109L, 
    3L, 6927L, 382L, 15L, 207L, 8L, 0L, 0L, 248L, 10L, 0L, 0L
    ), .Dim = c(7L, 2L), .Dimnames = structure(list(c("-1", "-2", 
    "-3", "0", "1", "2", NA), c("A", NA)), .Names = c("", "")), class = "table"), 
    LMmono16 = structure(c(659L, 54L, 4L, 2769L, 180L, 11L, 2L, 
    39L, 0L, 0L, 0L, 1L, 0L, 0L, 0L, 0L, 34L, 1L, 0L, 446L, 19L, 
    0L, 0L, 0L), .Dim = c(8L, 3L), .Dimnames = structure(list(
        c("-1", "-2", "-3", "0", "1", "2", "3", NA), c("A", "C", 
        NA)), .Names = c("", "")), class = "table"), MSJmono10 = structure(c(0L, 
    0L, 0L, 3L, 0L, 0L, 0L, 641L, 20L, 1L, 12689L, 401L, 6L, 
    61L, 0L, 0L, 0L, 1L, 0L, 0L, 0L, 0L, 0L, 0L, 1L, 0L, 0L, 
    0L, 11L, 0L, 0L, 451L, 26L, 2L, 0L), .Dim = c(7L, 5L), .Dimnames = structure(list(
        c("-1", "-2", "-3", "0", "1", "2", NA), c("A", "C", "G", 
        "T", NA)), .Names = c("", "")), class = "table"), MSJmono19ms1 = structure(c(396L, 
    20L, 4L, 2L, 8151L, 170L, 0L, 148L, 1L, 0L, 0L, 0L, 5L, 0L, 
    0L, 1L, 0L, 0L, 0L, 0L, 2L, 0L, 0L, 0L, 0L, 0L, 0L, 0L, 1L, 
    0L, 0L, 1L, 32L, 2L, 0L, 0L, 890L, 18L, 1L, 0L), .Dim = c(8L, 
    5L), .Dimnames = structure(list(c("-1", "-2", "-3", "-4", 
    "0", "1", "2", NA), c("A", "C", "G", "T", NA)), .Names = c("", 
    "")), class = "table"), MSJmono19ms2 = structure(c(388L, 
    6L, 8098L, 59L, 2L, 86L, 3L, 0L, 610L, 2L, 0L, 0L), .Dim = c(6L, 
    2L), .Dimnames = structure(list(c("-1", "-2", "0", "1", "2", 
    NA), c("C", NA)), .Names = c("", "")), class = "table"), 
    MSJmono36 = structure(c(0L, 0L, 2L, 0L, 0L, 0L, 0L, 183L, 
    3L, 3683L, 82L, 3L, 1L, 47L, 2L, 0L, 84L, 2L, 0L, 0L, 0L), .Dim = c(7L, 
    3L), .Dimnames = structure(list(c("-1", "-2", "0", "1", "2", 
    "3", NA), c("A", "G", NA)), .Names = c("", "")), class = "table"), 
    MSJmono44 = structure(c(136L, 5L, 2283L, 34L, 1L, 15L, 0L, 
    0L, 44L, 1L, 0L, 0L), .Dim = c(6L, 2L), .Dimnames = structure(list(
        c("-1", "-2", "0", "1", "2", NA), c("T", NA)), .Names = c("", 
    "")), class = "table"), MSJmono46 = structure(c(441L, 47L, 
    7L, 1L, 1L, 2009L, 106L, 2L, 42L, 6L, 1L, 0L, 0L, 0L, 63L, 
    2L, 0L, 0L), .Dim = c(9L, 2L), .Dimnames = structure(list(
        c("-1", "-2", "-3", "-4", "-5", "0", "1", "2", NA), c("C", 
        NA)), .Names = c("", "")), class = "table"), LMmono04v2_SNP1 = structure(c(347L, 
    18L, 1L, 2977L, 2391L, 148L, 8L, 79L, 0L, 0L, 0L, 1L, 0L, 
    0L, 0L, 0L, 5L, 0L, 0L, 196L, 93L, 13L, 2L, 0L), .Dim = c(8L, 
    3L), .Dimnames = structure(list(c("-1", "-2", "-3", "0", 
    "1", "2", "3", NA), c("C", "G", NA)), .Names = c("", "")), class = "table"), 
    AKMmono01v2_SNP1 = structure(c(527L, 37L, 6L, 7448L, 99L, 
    2L, 47L, 8L, 2L, 1L, 194L, 2L, 0L, 0L), .Dim = c(7L, 2L), .Dimnames = structure(list(
        c("-1", "-2", "-3", "0", "1", "2", NA), c("T", NA)), .Names = c("", 
    "")), class = "table"), AKMmono10v2_SNP1 = structure(c(106L, 
    1L, 1943L, 18L, 0L, 4L, 126L, 4L, 2315L, 16L, 1L, 9L, 1L, 
    0L, 0L, 0L, 0L, 0L, 2L, 0L, 195L, 3L, 0L, 0L), .Dim = c(6L, 
    4L), .Dimnames = structure(list(c("-1", "-2", "0", "1", "2", 
    NA), c("A", "G", "T", NA)), .Names = c("", "")), class = "table"), 
    AKMmono17v2_SNP1 = structure(c(42L, 2L, 785L, 13L, 2L, 34L, 
    4L, 739L, 13L, 2L, 0L, 0L, 1L, 0L, 0L, 1L, 0L, 42L, 0L, 0L
    ), .Dim = 5:4, .Dimnames = structure(list(c("-1", "-2", "0", 
    "1", NA), c("A", "C", "G", NA)), .Names = c("", "")), class = "table"), 
    EJmono13v2_SNP1 = structure(c(131L, 2L, 2383L, 38L, 0L, 10L, 
    124L, 2L, 2273L, 45L, 2L, 8L, 3L, 0L, 112L, 1L, 0L, 0L), .Dim = c(6L, 
    3L), .Dimnames = structure(list(c("-1", "-2", "0", "1", "2", 
    NA), c("A", "G", NA)), .Names = c("", "")), class = "table"), 
    LMmono05v2_SNP1 = structure(c(0L, 0L, 0L, 1L, 0L, 0L, 164L, 
    8L, 1L, 1722L, 44L, 3L, 3L, 1L, 0L, 75L, 1L, 0L), .Dim = c(6L, 
    3L), .Dimnames = structure(list(c("-1", "-2", "-4", "0", 
    "1", NA), c("A", "T", NA)), .Names = c("", "")), class = "table"), 
    LMmono10v2_SNP1 = structure(c(500L, 31L, 3L, 1L, 3131L, 55L, 
    109L, 470L, 40L, 4L, 1L, 3006L, 45L, 104L, 19L, 4L, 0L, 0L, 
    420L, 1L, 0L), .Dim = c(7L, 3L), .Dimnames = structure(list(
        c("-1", "-2", "-3", "-4", "0", "1", NA), c("A", "G", 
        NA)), .Names = c("", "")), class = "table"), MSJmono30v2_SNP1 = structure(c(24L, 
    0L, 522L, 16L, 0L, 3L, 34L, 3L, 634L, 17L, 0L, 2L, 7L, 1L, 
    485L, 37L, 2L, 0L), .Dim = c(6L, 3L), .Dimnames = structure(list(
        c("-1", "-2", "0", "1", "2", NA), c("C", "T", NA)), .Names = c("", 
    "")), class = "table"), EJmono14v2_SNP1 = structure(c(491L, 
    12L, 4522L, 93L, 1L, 24L, 1L, 0L, 4L, 0L, 0L, 0L, 0L, 0L, 
    1L, 0L, 0L, 0L, 13L, 0L, 431L, 20L, 1L, 0L), .Dim = c(6L, 
    4L),