Result <-
list(AKMmono02 = structure(c(0L, 0L, 0L, 1L, 0L, 0L, 0L, 1147L, 
71L, 1L, 4154L, 85L, 2L, 150L, 6L, 0L, 0L, 65L, 1L, 0L, 0L), .Dim = c(7L, 
3L), .Dimnames = structure(list(c("-1", "-2", "-3", "0", "1", 
"2", NA), c("A", "T", NA)), .Names = c("", "")), class = "table"), 
    AKMmono03 = structure(c(1L, 0L, 0L, 0L, 0L, 0L, 0L, 0L, 1456L, 
    243L, 22L, 4L, 5542L, 94L, 3L, 82L, 64L, 12L, 1L, 0L, 399L, 
    3L, 0L, 0L), .Dim = c(8L, 3L), .Dimnames = structure(list(
        c("-1", "-2", "-3", "-4", "0", "1", "2", NA), c("-", 
        "A", NA)), .Names = c("", "")), class = "table"), AKMmono05 = structure(c(1186L, 
    183L, 27L, 1L, 2828L, 98L, 2L, 70L, 1L, 0L, 0L, 0L, 1L, 0L, 
    0L, 0L, 57L, 4L, 0L, 0L, 305L, 8L, 0L, 0L), .Dim = c(8L, 
    3L), .Dimnames = structure(list(c("-1", "-2", "-3", "-5", 
    "0", "1", "2", NA), c("A", "G", NA)), .Names = c("", "")), class = "table"), 
    AKMmono13 = structure(c(816L, 64L, 1L, 4594L, 111L, 3L, 49L, 
    0L, 0L, 0L, 1L, 0L, 0L, 0L, 19L, 3L, 0L, 294L, 10L, 1L, 0L
    ), .Dim = c(7L, 3L), .Dimnames = structure(list(c("-1", "-2", 
    "-3", "0", "1", "2", NA), c("A", "T", NA)), .Names = c("", 
    "")), class = "table"), AKMmono16 = structure(c(791L, 63L, 
    4L, 1L, 5767L, 151L, 2L, 24L, 0L, 0L, 0L, 0L, 1L, 0L, 0L, 
    0L, 0L, 0L, 0L, 0L, 1L, 0L, 0L, 0L, 6L, 0L, 0L, 0L, 275L, 
    4L, 0L, 0L), .Dim = c(8L, 4L), .Dimnames = structure(list(
        c("-1", "-2", "-3", "-4", "0", "1", "2", NA), c("A", 
        "C", "T", NA)), .Names = c("", "")), class = "table"), 
    AKMmono22 = structure(c(841L, 194L, 19L, 3L, 1578L, 84L, 
    6L, 150L, 22L, 3L, 1L, 0L, 163L, 4L, 0L, 0L), .Dim = c(8L, 
    2L), .Dimnames = structure(list(c("-1", "-2", "-3", "-4", 
    "0", "1", "2", NA), c("A", NA)), .Names = c("", "")), class = "table"), 
    EJmono05 = structure(c(3097L, 209L, 4L, 4153L, 1112L, 24L, 
    1L, 114L, 36L, 1L, 0L, 134L, 19L, 1L, 0L, 0L), .Dim = c(8L, 
    2L), .Dimnames = structure(list(c("-1", "-2", "-3", "0", 
    "1", "2", "3", NA), c("T", NA)), .Names = c("", "")), class = "table"), 
    EJmono16 = structure(c(2067L, 695L, 37L, 2L, 1L, 3330L, 419L, 
    33L, 366L, 0L, 0L, 0L, 0L, 0L, 2L, 0L, 0L, 0L, 18L, 4L, 0L, 
    0L, 0L, 49L, 5L, 0L, 0L), .Dim = c(9L, 3L), .Dimnames = structure(list(
        c("-1", "-2", "-3", "-4", "-5", "0", "1", "2", NA), c("A", 
        "G", NA)), .Names = c("", "")), class = "table"), LMmono01 = structure(c(463L, 
    22L, 1567L, 55L, 2L, 10L, 5L, 1L, 93L, 7L, 0L, 0L), .Dim = c(6L, 
    2L), .Dimnames = structure(list(c("-1", "-2", "0", "1", "2", 
    NA), c("A", NA)), .Names = c("", "")), class = "table"), 
    LMmono03 = structure(c(1238L, 578L, 86L, 11L, 3L, 1L, 1698L, 
    328L, 25L, 1L, 339L, 0L, 0L, 0L, 0L, 0L, 0L, 3L, 0L, 0L, 
    0L, 0L, 15L, 9L, 1L, 0L, 0L, 0L, 139L, 3L, 0L, 0L, 0L), .Dim = c(11L, 
    3L), .Dimnames = structure(list(c("-1", "-2", "-3", "-4", 
    "-5", "-6", "0", "1", "2", "3", NA), c("C", "T", NA)), .Names = c("", 
    "")), class = "table"), LMmono09 = structure(c(1L, 0L, 0L, 
    0L, 0L, 0L, 0L, 1261L, 173L, 11L, 2315L, 83L, 3L, 84L, 5L, 
    2L, 0L, 18L, 1L, 0L, 0L), .Dim = c(7L, 3L), .Dimnames = structure(list(
        c("-1", "-2", "-3", "0", "1", "2", NA), c("A", "T", NA
        )), .Names = c("", "")), class = "table"), LMmono12 = structure(c(1666L, 
    980L, 97L, 4L, 3854L, 414L, 25L, 252L, 1L, 0L, 0L, 0L, 1L, 
    0L, 0L, 0L, 0L, 0L, 0L, 0L, 0L, 1L, 0L, 0L, 12L, 7L, 1L, 
    0L, 151L, 9L, 0L, 0L), .Dim = c(8L, 4L), .Dimnames = structure(list(
        c("-1", "-2", "-3", "-4", "0", "1", "2", NA), c("A", 
        "G", "T", NA)), .Names = c("", "")), class = "table"), 
    LMmono16 = structure(c(1179L, 180L, 25L, 3L, 1L, 2531L, 544L, 
    48L, 3L, 78L, 1L, 0L, 0L, 0L, 0L, 0L, 0L, 0L, 0L, 0L, 43L, 
    4L, 2L, 0L, 0L, 417L, 44L, 1L, 0L, 0L), .Dim = c(10L, 3L), .Dimnames = structure(list(
        c("-1", "-2", "-3", "-4", "-5", "0", "1", "2", "3", NA
        ), c("A", "T", NA)), .Names = c("", "")), class = "table"), 
    MSJmono10 = structure(c(0L, 0L, 0L, 4L, 0L, 0L, 0L, 0L, 1202L, 
    55L, 2L, 10973L, 1338L, 63L, 3L, 143L, 23L, 1L, 0L, 381L, 
    57L, 6L, 0L, 0L), .Dim = c(8L, 3L), .Dimnames = structure(list(
        c("-1", "-2", "-3", "0", "1", "2", "3", NA), c("A", "C", 
        NA)), .Names = c("", "")), class = "table"), MSJmono19ms1 = structure(c(1336L, 
    202L, 7L, 1L, 1L, 5089L, 161L, 2L, 181L, 0L, 0L, 0L, 0L, 
    0L, 5L, 0L, 0L, 0L, 100L, 9L, 0L, 0L, 0L, 585L, 13L, 0L, 
    0L), .Dim = c(9L, 3L), .Dimnames = structure(list(c("-1", 
    "-2", "-3", "-4", "-5", "0", "1", "2", NA), c("A", "C", NA
    )), .Names = c("", "")), class = "table"), MSJmono19ms2 = structure(c(751L, 
    11L, 5692L, 92L, 2L, 110L, 0L, 0L, 1L, 0L, 0L, 0L, 12L, 0L, 
    398L, 0L, 0L, 0L), .Dim = c(6L, 3L), .Dimnames = structure(list(
        c("-1", "-2", "0", "1", "2", NA), c("C", "T", NA)), .Names = c("", 
    "")), class = "table"), MSJmono36 = structure(c(659L, 78L, 
    6L, 2661L, 80L, 5L, 1L, 88L, 5L, 0L, 0L, 71L, 1L, 0L, 0L, 
    0L), .Dim = c(8L, 2L), .Dimnames = structure(list(c("-1", 
    "-2", "-3", "0", "1", "2", "3", NA), c("G", NA)), .Names = c("", 
    "")), class = "table"), MSJmono44 = structure(c(446L, 105L, 
    5L, 1348L, 19L, 10L, 3L, 1L, 0L, 21L, 0L, 0L), .Dim = c(6L, 
    2L), .Dimnames = structure(list(c("-1", "-2", "-3", "0", 
    "1", NA), c("T", NA)), .Names = c("", "")), class = "table"), 
    MSJmono46 = structure(c(987L, 492L, 72L, 3L, 1L, 1184L, 74L, 
    2L, 107L, 8L, 5L, 0L, 0L, 0L, 47L, 0L, 0L, 0L), .Dim = c(9L, 
    2L), .Dimnames = structure(list(c("-1", "-2", "-3", "-4", 
    "-5", "0", "1", "2", NA), c("C", NA)), .Names = c("", "")), class = "table"), 
    LMmono04v2_SNP1 = structure(c(1204L, 114L, 4L, 1L, 2320L, 
    112L, 6L, 45L, 27L, 1L, 0L, 0L, 124L, 4L, 0L, 0L), .Dim = c(8L, 
    2L), .Dimnames = structure(list(c("-1", "-2", "-3", "-4", 
    "0", "1", "2", NA), c("C", NA)), .Names = c("", "")), class = "table"), 
    AKMmono01v2_SNP1 = structure(c(0L, 0L, 0L, 0L, 0L, 0L, 0L, 
    1L, 0L, 0L, 0L, 0L, 2L, 0L, 0L, 0L, 1L, 0L, 0L, 0L, 2L, 0L, 
    0L, 0L, 2799L, 815L, 28L, 1L, 7241L, 107L, 3L, 169L, 25L, 
    6L, 3L, 0L, 193L, 0L, 0L, 0L), .Dim = c(8L, 5L), .Dimnames = structure(list(
        c("-1", "-2", "-3", "-6", "0", "1", "2", NA), c("-", 
        "A", "C", "T", NA)), .Names = c("", "")), class = "table"), 
    AKMmono10v2_SNP1 = structure(c(1587L, 51L, 2388L, 15L, 33L, 
    0L, 0L, 1L, 0L, 0L, 8L, 0L, 107L, 3L, 0L), .Dim = c(5L, 3L
    ), .Dimnames = structure(list(c("-1", "-2", "0", "1", NA), 
        c("A", "G", NA)), .Names = c("", "")), class = "table"), 
    AKMmono17v2_SNP1 = structure(c(0L, 0L, 0L, 1L, 0L, 0L, 453L, 
    48L, 2L, 1201L, 26L, 16L, 6L, 0L, 0L, 38L, 0L, 1L, 2L, 0L, 
    0L, 36L, 0L, 0L), .Dim = c(6L, 4L), .Dimnames = structure(list(
        c("-1", "-2", "-3", "0", "1", NA), c("-", "A", "C", NA
        )), .Names = c("", "")), class = "table"), EJmono13v2_SNP1 = structure(c(1L, 
    0L, 2L, 0L, 0L, 0L, 772L, 20L, 3330L, 408L, 11L, 81L, 0L, 
    0L, 1L, 4L, 0L, 0L, 9L, 0L, 85L, 6L, 0L, 0L), .Dim = c(6L, 
    4L), .Dimnames = structure(list(c("-1", "-2", "0", "1", "2", 
    NA), c("A", "G", "T", NA)), .Names = c("", "")), class = "table"), 
    LMmono05v2_SNP1 = structure(c(142L, 30L, 2L, 919L, 28L, 1L, 
    6L, 270L, 12L, 1L, 775L, 11L, 0L, 9L, 4L, 1L, 1L, 59L, 0L, 
    0L, 0L), .Dim = c(7L, 3L), .Dimnames = structure(list(c("-1", 
    "-2", "-3", "0", "1", "2", NA), c("A", "T", NA)), .Names = c("", 
    "")), class = "table"), LMmono10v2_SNP1 = structure(c(2417L, 
    608L, 55L, 6L, 3020L, 50L, 1L, 344L, 0L, 0L, 0L, 0L, 1L, 
    0L, 0L, 0L, 0L, 0L, 0L, 0L, 1L, 0L, 0L, 0L, 43L, 13L, 1L, 
    0L, 198L, 4L, 0L, 0L), .Dim = c(8L, 4L), .Dimnames = structure(list(
        c("-1", "-2", "-3", "-4", "0", "1", "2", NA), c("A", 
        "G", "T", NA)), .Names = c("", "")), class = "table"),