Result <-
list(AKMmono02 = structure(c(0L, 0L, 0L, 1L, 0L, 0L, 0L, 655L, 
52L, 1L, 5245L, 83L, 4L, 111L, 4L, 1L, 0L, 69L, 0L, 0L, 0L), .Dim = c(7L, 
3L), .Dimnames = structure(list(c("-1", "-2", "-3", "0", "1", 
"2", NA), c("A", "T", NA)), .Names = c("", "")), class = "table"), 
    AKMmono03 = structure(c(1529L, 199L, 45L, 4L, 1L, 11173L, 
    273L, 23L, 128L, 0L, 0L, 0L, 0L, 0L, 1L, 0L, 0L, 0L, 0L, 
    0L, 0L, 0L, 0L, 2L, 0L, 0L, 0L, 0L, 0L, 0L, 0L, 0L, 1L, 0L, 
    0L, 0L, 61L, 7L, 0L, 0L, 0L, 804L, 9L, 0L, 0L), .Dim = c(9L, 
    5L), .Dimnames = structure(list(c("-1", "-2", "-3", "-4", 
    "-5", "0", "1", "2", NA), c("A", "C", "G", "T", NA)), .Names = c("", 
    "")), class = "table"), AKMmono05 = structure(c(1261L, 189L, 
    16L, 4L, 1L, 1L, 6154L, 232L, 7L, 68L, 0L, 0L, 0L, 0L, 0L, 
    0L, 0L, 1L, 0L, 0L, 1L, 0L, 0L, 0L, 0L, 0L, 0L, 0L, 0L, 0L, 
    52L, 2L, 1L, 0L, 0L, 0L, 639L, 24L, 0L, 0L), .Dim = c(10L, 
    4L), .Dimnames = structure(list(c("-1", "-2", "-3", "-4", 
    "-5", "-7", "0", "1", "2", NA), c("A", "G", "T", NA)), .Names = c("", 
    "")), class = "table"), AKMmono13 = structure(c(1012L, 170L, 
    12L, 7744L, 188L, 3L, 65L, 0L, 0L, 0L, 1L, 0L, 0L, 0L, 1L, 
    0L, 0L, 1L, 0L, 0L, 0L, 29L, 3L, 0L, 424L, 6L, 1L, 0L), .Dim = c(7L, 
    4L), .Dimnames = structure(list(c("-1", "-2", "-3", "0", 
    "1", "2", NA), c("A", "G", "T", NA)), .Names = c("", "")), class = "table"), 
    AKMmono16 = structure(c(1755L, 312L, 32L, 1L, 9240L, 155L, 
    2L, 82L, 0L, 0L, 0L, 0L, 3L, 0L, 0L, 0L, 0L, 0L, 0L, 0L, 
    1L, 0L, 0L, 0L, 0L, 1L, 0L, 0L, 1L, 0L, 0L, 0L, 35L, 2L, 
    0L, 0L, 419L, 11L, 0L, 0L), .Dim = c(8L, 5L), .Dimnames = structure(list(
        c("-1", "-2", "-3", "-4", "0", "1", "2", NA), c("A", 
        "C", "G", "T", NA)), .Names = c("", "")), class = "table"), 
    AKMmono22 = structure(c(482L, 761L, 267L, 46L, 3L, 2010L, 
    1068L, 102L, 8L, 2L, 281L, 0L, 0L, 1L, 0L, 0L, 0L, 0L, 0L, 
    0L, 0L, 0L, 10L, 25L, 4L, 0L, 0L, 233L, 36L, 4L, 0L, 0L, 
    0L), .Dim = c(11L, 3L), .Dimnames = structure(list(c("-1", 
    "-2", "-3", "-4", "-5", "0", "1", "2", "3", "4", NA), c("A", 
    "T", NA)), .Names = c("", "")), class = "table"), EJmono05 = structure(c(0L, 
    0L, 0L, 0L, 0L, 0L, 1L, 1L, 0L, 0L, 1L, 0L, 0L, 0L, 2119L, 
    169L, 3L, 12272L, 234L, 7L, 83L, 35L, 3L, 0L, 350L, 6L, 0L, 
    0L), .Dim = c(7L, 4L), .Dimnames = structure(list(c("-1", 
    "-2", "-3", "0", "1", "2", NA), c("A", "C", "T", NA)), .Names = c("", 
    "")), class = "table"), EJmono16 = structure(c(878L, 207L, 
    13L, 3L, 3L, 7425L, 1541L, 110L, 7L, 397L, 0L, 0L, 0L, 0L, 
    0L, 0L, 1L, 0L, 0L, 0L, 6L, 3L, 0L, 0L, 0L, 105L, 9L, 0L, 
    0L, 0L), .Dim = c(10L, 3L), .Dimnames = structure(list(c("-1", 
    "-2", "-3", "-4", "-5", "0", "1", "2", "3", NA), c("A", "T", 
    NA)), .Names = c("", "")), class = "table"), LMmono01 = structure(c(565L, 
    36L, 1L, 2517L, 48L, 1L, 22L, 18L, 0L, 0L, 154L, 2L, 0L, 
    0L), .Dim = c(7L, 2L), .Dimnames = structure(list(c("-1", 
    "-2", "-3", "0", "1", "2", NA), c("A", NA)), .Names = c("", 
    "")), class = "table"), LMmono03 = structure(c(0L, 0L, 0L, 
    0L, 0L, 1L, 0L, 0L, 0L, 2107L, 434L, 1145L, 149L, 10L, 2376L, 
    77L, 1L, 282L, 0L, 0L, 0L, 0L, 0L, 1L, 0L, 0L, 0L, 24L, 5L, 
    5L, 2L, 0L, 137L, 2L, 0L, 0L), .Dim = c(9L, 4L), .Dimnames = structure(list(
        c("-1", "-2", "-3", "-4", "-5", "0", "1", "2", NA), c("A", 
        "C", "G", NA)), .Names = c("", "")), class = "table"), 
    LMmono09 = structure(c(0L, 0L, 0L, 0L, 1L, 0L, 0L, 0L, 1L, 
    0L, 0L, 0L, 0L, 0L, 0L, 0L, 1312L, 329L, 27L, 8L, 3393L, 
    115L, 3L, 83L, 9L, 1L, 0L, 0L, 31L, 0L, 0L, 0L), .Dim = c(8L, 
    4L), .Dimnames = structure(list(c("-1", "-2", "-3", "-4", 
    "0", "1", "2", NA), c("C", "G", "T", NA)), .Names = c("", 
    "")), class = "table"), LMmono12 = structure(c(2888L, 779L, 
    90L, 1L, 8633L, 722L, 43L, 1L, 435L, 0L, 1L, 0L, 0L, 1L, 
    0L, 0L, 0L, 0L, 0L, 0L, 0L, 0L, 1L, 0L, 0L, 0L, 0L, 22L, 
    4L, 0L, 0L, 326L, 15L, 2L, 0L, 0L), .Dim = c(9L, 4L), .Dimnames = structure(list(
        c("-1", "-2", "-3", "-4", "0", "1", "2", "3", NA), c("A", 
        "G", "T", NA)), .Names = c("", "")), class = "table"), 
    LMmono16 = structure(c(1549L, 497L, 83L, 5L, 2811L, 161L, 
    10L, 2L, 81L, 0L, 0L, 0L, 0L, 1L, 0L, 0L, 0L, 0L, 37L, 16L, 
    4L, 0L, 442L, 25L, 1L, 0L, 0L), .Dim = c(9L, 3L), .Dimnames = structure(list(
        c("-1", "-2", "-3", "-4", "0", "1", "2", "4", NA), c("A", 
        "C", NA)), .Names = c("", "")), class = "table"), MSJmono10 = structure(c(1466L, 
    66L, 1L, 11970L, 354L, 11L, 78L, 0L, 0L, 0L, 1L, 0L, 0L, 
    0L, 0L, 0L, 0L, 2L, 0L, 0L, 0L, 35L, 2L, 0L, 418L, 12L, 0L, 
    0L), .Dim = c(7L, 4L), .Dimnames = structure(list(c("-1", 
    "-2", "-3", "0", "1", "2", NA), c("C", "G", "T", NA)), .Names = c("", 
    "")), class = "table"), MSJmono19ms1 = structure(c(778L, 
    35L, 4L, 9989L, 278L, 7L, 187L, 2L, 0L, 0L, 7L, 0L, 0L, 0L, 
    0L, 0L, 0L, 1L, 0L, 0L, 0L, 44L, 2L, 0L, 1007L, 14L, 1L, 
    0L), .Dim = c(7L, 4L), .Dimnames = structure(list(c("-1", 
    "-2", "-3", "0", "1", "2", NA), c("A", "C", "T", NA)), .Names = c("", 
    "")), class = "table"), MSJmono19ms2 = structure(c(0L, 0L, 
    0L, 1L, 0L, 0L, 0L, 793L, 1713L, 8L, 7320L, 148L, 2L, 390L, 
    10L, 12L, 0L, 467L, 1L, 0L, 0L), .Dim = c(7L, 3L), .Dimnames = structure(list(
        c("-1", "-2", "-3", "0", "1", "2", NA), c("A", "C", NA
        )), .Names = c("", "")), class = "table"), MSJmono36 = structure(c(1442L, 
    707L, 293L, 3L, 3355L, 66L, 3L, 227L, 5L, 2L, 3L, 0L, 96L, 
    0L, 0L, 0L), .Dim = c(8L, 2L), .Dimnames = structure(list(
        c("-1", "-2", "-3", "-4", "0", "1", "2", NA), c("G", 
        NA)), .Names = c("", "")), class = "table"), MSJmono44 = structure(c(0L, 
    0L, 0L, 2L, 0L, 0L, 400L, 151L, 2L, 2299L, 40L, 13L, 1L, 
    0L, 0L, 33L, 0L, 0L), .Dim = c(6L, 3L), .Dimnames = structure(list(
        c("-1", "-2", "-3", "0", "1", NA), c("C", "T", NA)), .Names = c("", 
    "")), class = "table"), MSJmono46 = structure(c(916L, 164L, 
    13L, 1L, 2423L, 133L, 5L, 101L, 0L, 0L, 0L, 0L, 1L, 0L, 0L, 
    0L, 9L, 2L, 0L, 0L, 97L, 0L, 0L, 0L), .Dim = c(8L, 3L), .Dimnames = structure(list(
        c("-1", "-2", "-3", "-4", "0", "1", "2", NA), c("C", 
        "T", NA)), .Names = c("", "")), class = "table"), LMmono04v2_SNP1 = structure(c(2087L, 
    273L, 7L, 4604L, 179L, 3L, 53L, 0L, 0L, 0L, 0L, 1L, 0L, 0L, 
    1L, 0L, 0L, 0L, 0L, 0L, 0L, 28L, 2L, 0L, 167L, 7L, 1L, 0L
    ), .Dim = c(7L, 4L), .Dimnames = structure(list(c("-1", "-2", 
    "-3", "0", "1", "2", NA), c("C", "G", "T", NA)), .Names = c("", 
    "")), class = "table"), AKMmono01v2_SNP1 = structure(c(0L, 
    0L, 0L, 0L, 3L, 0L, 0L, 0L, 2L, 0L, 0L, 0L, 0L, 0L, 0L, 0L, 
    4L, 2L, 0L, 0L, 1L, 0L, 0L, 0L, 3060L, 759L, 31L, 1L, 9681L, 
    142L, 3L, 212L, 31L, 3L, 0L, 0L, 230L, 2L, 0L, 0L), .Dim = c(8L, 
    5L), .Dimnames = structure(list(c("-1", "-2", "-3", "-4", 
    "0", "1", "2", NA), c("-", "A", "C", "T", NA)), .Names = c("", 
    "")), class = "table"), AKMmono10v2_SNP1 = structure(c(1L, 
    0L, 0L, 0L, 0L, 0L, 0L, 351L, 7L, 0L, 2608L, 26L, 0L, 8L, 
    388L, 14L, 1L, 2600L, 20L, 0L, 11L, 10L, 1L, 1L, 276L, 3L, 
    1L, 0L), .Dim = c(7L, 4L), .Dimnames = structure(list(c("-1", 
    "-2", "-3", "0", "1", "2", NA), c("-", "A", "G", NA)), .Names = c("", 
    "")), class = "table"), AKMmono17v2_SNP1 = structure(c(60L, 
    5L, 555L, 2083L, 64L, 3L, 116L, 18L, 2L, 129L, 1L, 0L, 0L, 
    2L, 0L, 0L, 66L, 9L, 0L, 0L, 0L), .Dim = c(7L, 3L), .Dimnames = structure(list(
        c("-1", "-2", "0", "1", "2", "3", NA), c("A", "C", NA
        )), .Names = c("", "")), class = "table"), EJmono13v2_SNP1 = structure(c(267L, 
    12L, 3317L, 318L, 13L, 1L, 48L, 294L, 5L, 3172L, 145L, 5L, 
    0L, 32L, 0L, 0L, 1L, 0L, 0L, 0L, 0L, 6L, 1L, 163L, 7L, 0L, 
    0L, 0L), .Dim = c(7L, 4L), .Dimnames = structure(list(c("-1", 
    "-2", "0", "1", "2", "3", NA), c("A", "G", "T", NA)),