Result <-
list(AKMmono02 = structure(c(0L, 0L, 0L, 0L, 1L, 0L, 0L, 1042L, 
115L, 8L, 1L, 3382L, 83L, 130L, 7L, 2L, 0L, 0L, 50L, 1L, 0L), .Dim = c(7L, 
3L), .Dimnames = structure(list(c("-1", "-2", "-3", "-4", "0", 
"1", NA), c("C", "T", NA)), .Names = c("", "")), class = "table"), 
    AKMmono03 = structure(c(1447L, 230L, 22L, 7L, 3848L, 46L, 
    94L, 0L, 0L, 0L, 0L, 1L, 0L, 0L, 0L, 0L, 0L, 0L, 1L, 0L, 
    0L, 1L, 0L, 0L, 0L, 0L, 0L, 0L, 50L, 7L, 0L, 0L, 253L, 1L, 
    0L), .Dim = c(7L, 5L), .Dimnames = structure(list(c("-1", 
    "-2", "-3", "-4", "0", "1", NA), c("A", "C", "G", "T", NA
    )), .Names = c("", "")), class = "table"), AKMmono05 = structure(c(1001L, 
    171L, 732L, 40L, 2L, 1303L, 53L, 1L, 52L, 0L, 0L, 0L, 0L, 
    0L, 1L, 0L, 0L, 0L, 40L, 5L, 2L, 0L, 0L, 152L, 8L, 0L, 0L
    ), .Dim = c(9L, 3L), .Dimnames = structure(list(c("-1", "-2", 
    "-3", "-4", "-5", "0", "1", "2", NA), c("A", "C", NA)), .Names = c("", 
    "")), class = "table"), AKMmono13 = structure(c(1102L, 1476L, 
    28L, 4L, 2135L, 59L, 78L, 25L, 23L, 0L, 0L, 128L, 5L, 0L), .Dim = c(7L, 
    2L), .Dimnames = structure(list(c("-1", "-2", "-3", "-4", 
    "0", "1", NA), c("A", NA)), .Names = c("", "")), class = "table"), 
    AKMmono16 = structure(c(1562L, 196L, 12L, 3383L, 60L, 67L, 
    0L, 0L, 0L, 1L, 0L, 0L, 0L, 0L, 0L, 1L, 0L, 0L, 26L, 1L, 
    0L, 142L, 2L, 0L), .Dim = c(6L, 4L), .Dimnames = structure(list(
        c("-1", "-2", "-3", "0", "1", NA), c("A", "G", "T", NA
        )), .Names = c("", "")), class = "table"), AKMmono22 = structure(c(345L, 
    65L, 13L, 4L, 1489L, 101L, 4L, 70L, 0L, 0L, 0L, 0L, 1L, 0L, 
    0L, 0L, 11L, 2L, 0L, 0L, 151L, 4L, 0L, 0L), .Dim = c(8L, 
    3L), .Dimnames = structure(list(c("-1", "-2", "-3", "-4", 
    "0", "1", "2", NA), c("A", "T", NA)), .Names = c("", "")), class = "table"), 
    EJmono05 = structure(c(0L, 0L, 1L, 0L, 0L, 0L, 0L, 0L, 0L, 
    2L, 0L, 0L, 0L, 0L, 540L, 56L, 4404L, 1220L, 39L, 2L, 91L, 
    10L, 1L, 154L, 17L, 2L, 0L, 0L), .Dim = c(7L, 4L), .Dimnames = structure(list(
        c("-1", "-2", "0", "1", "2", "3", NA), c("A", "C", "T", 
        NA)), .Names = c("", "")), class = "table"), EJmono16 = structure(c(1411L, 
    138L, 4L, 3869L, 198L, 9L, 197L, 0L, 0L, 0L, 0L, 1L, 0L, 
    0L, 0L, 0L, 1L, 1L, 0L, 0L, 0L, 4L, 0L, 0L, 50L, 2L, 0L, 
    0L), .Dim = c(7L, 4L), .Dimnames = structure(list(c("-1", 
    "-2", "-3", "0", "1", "2", NA), c("A", "G", "T", NA)), .Names = c("", 
    "")), class = "table"), LMmono01 = structure(c(1365L, 89L, 
    1L, 1076L, 14L, 38L, 1L, 0L, 0L, 0L, 0L, 0L, 37L, 2L, 0L, 
    71L, 2L, 0L), .Dim = c(6L, 3L), .Dimnames = structure(list(
        c("-1", "-2", "-3", "0", "1", NA), c("A", "G", NA)), .Names = c("", 
    "")), class = "table"), LMmono03 = structure(c(0L, 0L, 0L, 
    0L, 0L, 1L, 0L, 0L, 0L, 511L, 260L, 600L, 91L, 3L, 1386L, 
    32L, 1L, 93L, 15L, 4L, 5L, 0L, 0L, 81L, 1L, 0L, 0L), .Dim = c(9L, 
    3L), .Dimnames = structure(list(c("-1", "-2", "-3", "-4", 
    "-5", "0", "1", "2", NA), c("-", "C", NA)), .Names = c("", 
    "")), class = "table"), LMmono09 = structure(c(691L, 163L, 
    835L, 29L, 1231L, 28L, 112L, 3L, 0L, 0L, 0L, 10L, 0L, 0L), .Dim = c(7L, 
    2L), .Dimnames = structure(list(c("-1", "-2", "-3", "-4", 
    "0", "1", NA), c("T", NA)), .Names = c("", "")), class = "table"), 
    LMmono12 = structure(c(1493L, 1544L, 1499L, 80L, 1166L, 61L, 
    1L, 198L, 3L, 6L, 12L, 0L, 48L, 2L, 0L, 0L), .Dim = c(8L, 
    2L), .Dimnames = structure(list(c("-1", "-2", "-3", "-4", 
    "0", "1", "2", NA), c("A", NA)), .Names = c("", "")), class = "table"), 
    LMmono16 = structure(c(153L, 38L, 507L, 57L, 44L, 1L, 2474L, 
    291L, 169L, 1L, 49L, 162L, 0L, 0L, 0L, 0L, 0L, 0L, 1L, 0L, 
    0L, 0L, 0L, 0L, 0L, 0L, 0L, 0L, 0L, 0L, 1L, 0L, 0L, 0L, 0L, 
    0L, 0L, 0L, 0L, 0L, 0L, 0L, 1L, 0L, 0L, 0L, 0L, 0L, 10L, 
    2L, 10L, 1L, 0L, 0L, 258L, 11L, 10L, 0L, 10L, 0L), .Dim = c(12L, 
    5L), .Dimnames = structure(list(c("-1", "-2", "-3", "-4", 
    "-5", "-6", "0", "1", "3", "4", "5", NA), c("A", "C", "G", 
    "T", NA)), .Names = c("", "")), class = "table"), MSJmono10 = structure(c(0L, 
    0L, 0L, 9L, 0L, 1L, 0L, 1653L, 129L, 1L, 11391L, 420L, 13L, 
    86L, 0L, 0L, 0L, 0L, 1L, 0L, 0L, 27L, 0L, 0L, 359L, 29L, 
    1L, 0L), .Dim = c(7L, 4L), .Dimnames = structure(list(c("-1", 
    "-2", "-3", "0", "1", "2", NA), c("A", "C", "T", NA)), .Names = c("", 
    "")), class = "table"), MSJmono19ms1 = structure(c(222L, 
    1281L, 94L, 2L, 4039L, 102L, 177L, 0L, 0L, 0L, 0L, 1L, 0L, 
    0L, 15L, 49L, 9L, 0L, 465L, 9L, 0L), .Dim = c(7L, 3L), .Dimnames = structure(list(
        c("-1", "-2", "-3", "-4", "0", "1", NA), c("A", "G", 
        NA)), .Names = c("", "")), class = "table"), MSJmono19ms2 = structure(c(1527L, 
    50L, 3876L, 40L, 145L, 0L, 0L, 1L, 0L, 0L, 11L, 1L, 279L, 
    0L, 0L), .Dim = c(5L, 3L), .Dimnames = structure(list(c("-1", 
    "-2", "0", "1", NA), c("C", "T", NA)), .Names = c("", "")), class = "table"), 
    MSJmono36 = structure(c(229L, 27L, 2326L, 54L, 44L, 2L, 0L, 
    66L, 1L, 0L), .Dim = c(5L, 2L), .Dimnames = structure(list(
        c("-1", "-2", "0", "1", NA), c("G", NA)), .Names = c("", 
    "")), class = "table"), MSJmono44 = structure(c(216L, 359L, 
    9L, 1095L, 31L, 15L, 2L, 4L, 0L, 16L, 0L, 0L), .Dim = c(6L, 
    2L), .Dimnames = structure(list(c("-1", "-2", "-3", "0", 
    "1", NA), c("T", NA)), .Names = c("", "")), class = "table"), 
    MSJmono46 = structure(c(683L, 843L, 103L, 6L, 777L, 40L, 
    3L, 102L, 4L, 21L, 1L, 0L, 19L, 0L, 0L, 0L), .Dim = c(8L, 
    2L), .Dimnames = structure(list(c("-1", "-2", "-3", "-4", 
    "0", "1", "2", NA), c("C", NA)), .Names = c("", "")), class = "table"), 
    LMmono04v2_SNP1 = structure(c(266L, 20L, 0L, 0L, 1448L, 46L, 
    1L, 6L, 138L, 731L, 36L, 2L, 627L, 25L, 3L, 12L, 6L, 8L, 
    0L, 0L, 86L, 2L, 0L, 0L), .Dim = c(8L, 3L), .Dimnames = structure(list(
        c("-1", "-2", "-3", "-4", "0", "1", "2", NA), c("C", 
        "T", NA)), .Names = c("", "")), class = "table"), AKMmono01v2_SNP1 = structure(c(0L, 
    0L, 0L, 0L, 1L, 0L, 0L, 0L, 1L, 0L, 0L, 0L, 0L, 0L, 0L, 0L, 
    0L, 0L, 0L, 0L, 1L, 0L, 0L, 0L, 3032L, 241L, 3L, 1L, 5064L, 
    114L, 1L, 171L, 32L, 4L, 0L, 0L, 161L, 2L, 0L, 0L), .Dim = c(8L, 
    5L), .Dimnames = structure(list(c("-1", "-2", "-3", "-4", 
    "0", "1", "2", NA), c("-", "A", "G", "T", NA)), .Names = c("", 
    "")), class = "table"), AKMmono10v2_SNP1 = structure(c(2328L, 
    69L, 1473L, 15L, 44L, 4L, 1L, 5L, 0L, 0L, 1L, 0L, 1L, 0L, 
    0L, 23L, 0L, 67L, 1L, 0L), .Dim = 5:4, .Dimnames = structure(list(
        c("-1", "-2", "0", "1", NA), c("A", "G", "T", NA)), .Names = c("", 
    "")), class = "table"), AKMmono17v2_SNP1 = structure(c(7L, 
    0L, 0L, 18L, 3L, 0L, 1L, 63L, 1L, 9L, 651L, 370L, 8L, 25L, 
    1L, 0L, 0L, 32L, 8L, 0L, 0L), .Dim = c(7L, 3L), .Dimnames = structure(list(
        c("-1", "-2", "-3", "0", "1", "2", NA), c("A", "C", NA
        )), .Names = c("", "")), class = "table"), EJmono13v2_SNP1 = structure(c(159L, 
    5L, 1287L, 31L, 5L, 192L, 3L, 1410L, 29L, 13L, 5L, 0L, 67L, 
    1L, 0L), .Dim = c(5L, 3L), .Dimnames = structure(list(c("-1", 
    "-2", "0", "1", NA), c("A", "G", NA)), .Names = c("", "")), class = "table"), 
    LMmono05v2_SNP1 = structure(c(2L, 3L, 0L, 4L, 0L, 0L, 0L, 
    477L, 22L, 3L, 1095L, 29L, 2L, 16L, 4L, 0L, 0L, 43L, 1L, 
    0L, 0L), .Dim = c(7L, 3L), .Dimnames = structure(list(c("-1", 
    "-2", "-3", "0", "1", "2", NA), c("A", "T", NA)), .Names = c("", 
    "")), class = "table"), LMmono10v2_SNP1 = structure(c(551L, 
    190L, 1263L, 156L, 4L, 2957L, 58L, 159L, 0L, 0L, 0L, 0L, 
    0L, 2L, 0L, 0L, 5L, 3L, 16L, 1L, 0L, 192L, 1L, 0L), .Dim = c(8L, 
    3L), .Dimnames = structure(list(c("-1", "-2", "-3", "-4", 
    "-5", "0", "1", NA), c("A", "G", NA)), .Names = c("", "")), class = "table"), 
    MSJmono30v2_SNP1 = structure(c(206L, 34L, 1L, 436L, 11L, 
    2L, 7L, 22L, 0L, 0L, 272L, 13L, 1L, 0L), .Dim = c(7L, 2L),