Result <-
list(AKMmono02 = structure(c(293L, 15L, 1L, 3020L, 77L, 1L, 55L, 
0L, 0L, 0L, 36L, 1L, 0L, 0L), .Dim = c(7L, 2L), .Dimnames = structure(list(
    c("-1", "-2", "-3", "0", "1", "2", NA), c("T", NA)), .Names = c("", 
"")), class = "table"), AKMmono03 = structure(c(0L, 0L, 0L, 1L, 
0L, 0L, 635L, 86L, 6L, 6037L, 94L, 55L, 1L, 0L, 0L, 0L, 0L, 0L, 
21L, 5L, 0L, 401L, 4L, 0L), .Dim = c(6L, 4L), .Dimnames = structure(list(
    c("-1", "-2", "-3", "0", "1", NA), c("-", "A", "G", NA)), .Names = c("", 
"")), class = "table"), AKMmono05 = structure(c(481L, 77L, 3L, 
2L, 2755L, 113L, 2L, 28L, 17L, 0L, 0L, 0L, 295L, 9L, 0L, 0L), .Dim = c(8L, 
2L), .Dimnames = structure(list(c("-1", "-2", "-3", "-4", "0", 
"1", "2", NA), c("A", NA)), .Names = c("", "")), class = "table"), 
    AKMmono13 = structure(c(275L, 18L, 1L, 4711L, 94L, 21L, 0L, 
    0L, 0L, 1L, 0L, 0L, 9L, 0L, 0L, 257L, 4L, 0L), .Dim = c(6L, 
    3L), .Dimnames = structure(list(c("-1", "-2", "-3", "0", 
    "1", NA), c("A", "T", NA)), .Names = c("", "")), class = "table"), 
    AKMmono16 = structure(c(568L, 36L, 2L, 6609L, 81L, 1L, 33L, 
    1L, 0L, 0L, 0L, 0L, 0L, 0L, 16L, 0L, 0L, 301L, 7L, 0L, 0L
    ), .Dim = c(7L, 3L), .Dimnames = structure(list(c("-1", "-2", 
    "-3", "0", "1", "2", NA), c("A", "G", NA)), .Names = c("", 
    "")), class = "table"), AKMmono22 = structure(c(328L, 41L, 
    5L, 1L, 2189L, 101L, 6L, 59L, 0L, 0L, 0L, 0L, 1L, 0L, 0L, 
    0L, 0L, 0L, 0L, 0L, 1L, 0L, 0L, 0L, 10L, 1L, 0L, 0L, 209L, 
    6L, 0L, 0L), .Dim = c(8L, 4L), .Dimnames = structure(list(
        c("-1", "-2", "-3", "-4", "0", "1", "2", NA), c("A", 
        "G", "T", NA)), .Names = c("", "")), class = "table"), 
    EJmono05 = structure(c(0L, 0L, 0L, 1L, 0L, 0L, 0L, 0L, 0L, 
    0L, 2L, 0L, 0L, 0L, 0L, 0L, 0L, 0L, 1L, 0L, 0L, 817L, 63L, 
    2L, 8012L, 166L, 1L, 39L, 10L, 1L, 0L, 213L, 6L, 0L, 0L), .Dim = c(7L, 
    5L), .Dimnames = structure(list(c("-1", "-2", "-3", "0", 
    "1", "2", NA), c("-", "A", "C", "T", NA)), .Names = c("", 
    "")), class = "table"), EJmono16 = structure(c(459L, 25L, 
    1L, 7007L, 358L, 9L, 1L, 153L, 0L, 0L, 0L, 1L, 0L, 0L, 0L, 
    0L, 4L, 0L, 0L, 72L, 3L, 0L, 0L, 0L), .Dim = c(8L, 3L), .Dimnames = structure(list(
        c("-1", "-2", "-3", "0", "1", "2", "3", NA), c("A", "G", 
        NA)), .Names = c("", "")), class = "table"), LMmono01 = structure(c(332L, 
    19L, 2582L, 48L, 9L, 0L, 0L, 1L, 0L, 0L, 0L, 0L, 1L, 0L, 
    0L, 11L, 0L, 166L, 3L, 0L), .Dim = 5:4, .Dimnames = structure(list(
        c("-1", "-2", "0", "1", NA), c("A", "C", "G", NA)), .Names = c("", 
    "")), class = "table"), LMmono03 = structure(c(560L, 71L, 
    6L, 1L, 1L, 2691L, 74L, 2L, 82L, 8L, 2L, 0L, 0L, 0L, 150L, 
    1L, 0L, 0L), .Dim = c(9L, 2L), .Dimnames = structure(list(
        c("-1", "-2", "-3", "-4", "-5", "0", "1", "2", NA), c("C", 
        NA)), .Names = c("", "")), class = "table"), LMmono09 = structure(c(188L, 
    19L, 1005L, 28L, 1L, 16L, 1L, 0L, 10L, 0L, 0L, 0L), .Dim = c(6L, 
    2L), .Dimnames = structure(list(c("-1", "-2", "0", "1", "2", 
    NA), c("T", NA)), .Names = c("", "")), class = "table"), 
    LMmono12 = structure(c(766L, 50L, 3L, 4640L, 295L, 13L, 1L, 
    147L, 8L, 0L, 0L, 184L, 5L, 0L, 0L, 0L), .Dim = c(8L, 2L), .Dimnames = structure(list(
        c("-1", "-2", "-3", "0", "1", "2", "3", NA), c("A", NA
        )), .Names = c("", "")), class = "table"), LMmono16 = structure(c(650L, 
    53L, 3L, 2711L, 190L, 11L, 1L, 50L, 0L, 0L, 0L, 1L, 0L, 0L, 
    0L, 0L, 19L, 1L, 1L, 384L, 15L, 0L, 0L, 0L), .Dim = c(8L, 
    3L), .Dimnames = structure(list(c("-1", "-2", "-3", "0", 
    "1", "2", "3", NA), c("A", "C", NA)), .Names = c("", "")), class = "table"), 
    MSJmono10 = structure(c(0L, 0L, 0L, 1L, 0L, 0L, 0L, 0L, 609L, 
    25L, 0L, 12182L, 338L, 15L, 1L, 62L, 0L, 0L, 0L, 1L, 0L, 
    0L, 0L, 0L, 7L, 0L, 1L, 388L, 17L, 1L, 0L, 0L), .Dim = c(8L, 
    4L), .Dimnames = structure(list(c("-1", "-2", "-3", "0", 
    "1", "2", "3", NA), c("A", "C", "T", NA)), .Names = c("", 
    "")), class = "table"), MSJmono19ms1 = structure(c(381L, 
    23L, 2L, 2L, 6911L, 169L, 1L, 129L, 0L, 0L, 0L, 0L, 8L, 0L, 
    0L, 0L, 0L, 0L, 0L, 0L, 1L, 0L, 0L, 0L, 26L, 1L, 1L, 0L, 
    802L, 10L, 0L, 0L), .Dim = c(8L, 4L), .Dimnames = structure(list(
        c("-1", "-2", "-3", "-4", "0", "1", "2", NA), c("A", 
        "C", "G", NA)), .Names = c("", "")), class = "table"), 
    MSJmono19ms2 = structure(c(320L, 8L, 6956L, 77L, 1L, 92L, 
    0L, 0L, 1L, 0L, 0L, 0L, 4L, 0L, 492L, 1L, 0L, 0L), .Dim = c(6L, 
    3L), .Dimnames = structure(list(c("-1", "-2", "0", "1", "2", 
    NA), c("C", "T", NA)), .Names = c("", "")), class = "table"), 
    MSJmono36 = structure(c(170L, 3L, 2348L, 66L, 1L, 31L, 0L, 
    0L, 54L, 1L, 0L, 0L), .Dim = c(6L, 2L), .Dimnames = structure(list(
        c("-1", "-2", "0", "1", "2", NA), c("G", NA)), .Names = c("", 
    "")), class = "table"), MSJmono44 = structure(c(0L, 0L, 2L, 
    0L, 0L, 37L, 2L, 1109L, 17L, 10L, 0L, 0L, 17L, 0L, 0L), .Dim = c(5L, 
    3L), .Dimnames = structure(list(c("-1", "-2", "0", "1", NA
    ), c("-", "T", NA)), .Names = c("", "")), class = "table"), 
    MSJmono46 = structure(c(266L, 45L, 1L, 1221L, 55L, 1L, 25L, 
    0L, 0L, 0L, 1L, 0L, 0L, 0L, 3L, 1L, 0L, 37L, 1L, 0L, 0L), .Dim = c(7L, 
    3L), .Dimnames = structure(list(c("-1", "-2", "-4", "0", 
    "1", "2", NA), c("C", "T", NA)), .Names = c("", "")), class = "table"), 
    LMmono04v2_SNP1 = structure(c(272L, 11L, 0L, 1836L, 77L, 
    2L, 0L, 11L, 201L, 5L, 2L, 1663L, 68L, 1L, 1L, 8L, 9L, 0L, 
    0L, 192L, 12L, 3L, 0L, 0L), .Dim = c(8L, 3L), .Dimnames = structure(list(
        c("-1", "-2", "-3", "0", "1", "2", "3", NA), c("C", "T", 
        NA)), .Names = c("", "")), class = "table"), AKMmono01v2_SNP1 = structure(c(0L, 
    0L, 0L, 1L, 0L, 0L, 0L, 2L, 1L, 0L, 0L, 0L, 0L, 0L, 0L, 0L, 
    0L, 1L, 0L, 0L, 0L, 478L, 33L, 2L, 6508L, 108L, 2L, 57L, 
    8L, 1L, 0L, 165L, 1L, 0L, 0L), .Dim = c(7L, 5L), .Dimnames = structure(list(
        c("-1", "-2", "-3", "0", "1", "2", NA), c("-", "C", "G", 
        "T", NA)), .Names = c("", "")), class = "table"), AKMmono10v2_SNP1 = structure(c(52L, 
    1L, 1703L, 23L, 1L, 7L, 68L, 1L, 1453L, 10L, 0L, 4L, 0L, 
    0L, 1L, 0L, 0L, 0L, 0L, 0L, 132L, 2L, 0L, 0L), .Dim = c(6L, 
    4L), .Dimnames = structure(list(c("-1", "-2", "0", "1", "2", 
    NA), c("A", "G", "T", NA)), .Names = c("", "")), class = "table"), 
    AKMmono17v2_SNP1 = structure(c(4L, 0L, 15L, 2L, 3L, 83L, 
    4L, 1351L, 19L, 7L, 0L, 1L, 48L, 1L, 0L), .Dim = c(5L, 3L
    ), .Dimnames = structure(list(c("-1", "-2", "0", "1", NA), 
        c("A", "C", NA)), .Names = c("", "")), class = "table"), 
    EJmono13v2_SNP1 = structure(c(0L, 0L, 1L, 0L, 0L, 179L, 4L, 
    2786L, 56L, 19L, 2L, 0L, 53L, 1L, 0L), .Dim = c(5L, 3L), .Dimnames = structure(list(
        c("-1", "-2", "0", "1", NA), c("A", "G", NA)), .Names = c("", 
    "")), class = "table"), LMmono05v2_SNP1 = structure(c(63L, 
    5L, 604L, 18L, 9L, 1L, 0L, 0L, 0L, 0L, 52L, 4L, 595L, 13L, 
    5L, 1L, 0L, 38L, 0L, 0L), .Dim = 5:4, .Dimnames = structure(list(
        c("-1", "-2", "0", "1", NA), c("A", "C", "T", NA)), .Names = c("", 
    "")), class = "table"), LMmono10v2_SNP1 = structure(c(860L, 
    68L, 6L, 1L, 5102L, 102L, 6L, 191L, 0L, 0L, 0L, 0L, 1L, 0L, 
    0L, 0L, 9L, 2L, 0L, 0L, 269L, 1L, 0L, 0L), .Dim = c(8L, 3L
    ), .Dimnames = structure(list(c("-1", "-2", "-3", "-4", "0", 
    "1", "2", NA), c("A", "G", NA)), .Names = c("", "")), class = "table"), 
    MSJmono30v2_SNP1 = structure(c(13L, 1L, 180L, 6L, 0L, 32L, 
    1L, 212L, 5L, 0L, 5L, 0L, 193L, 9L, 1L), .Dim = c(5L, 3L), .Dimnames = structure(list(
        c("-1", "-2", "0", "1", "2"), c("C", "T", NA)), .Names = c("", 
    "")), class = "table"), EJmono14v2_SNP1 = structure(c(365L, 
    8L, 3367L, 79L, 3L, 12L, 1L, 0L, 1L, 0L, 0L, 0L, 8L, 0L, 
    349L, 20L, 0L, 0L), .Dim = c(6L, 3L), .Dimnames = structure(list(
        c("-1", "-2", "0", "1", "2", NA), c("A", "G", NA)),