Result <-
list(AKMmono02 = structure(c(0L, 0L, 0L, 1L, 0L, 0L, 0L, 361L, 
14L, 1L, 4432L, 70L, 3L, 68L, 3L, 0L, 0L, 50L, 1L, 0L, 0L), .Dim = c(7L, 
3L), .Dimnames = structure(list(c("-1", "-2", "-3", "0", "1", 
"2", NA), c("C", "T", NA)), .Names = c("", "")), class = "table"), 
    AKMmono03 = structure(c(881L, 124L, 31L, 14L, 8647L, 134L, 
    1L, 65L, 0L, 0L, 0L, 0L, 2L, 0L, 0L, 0L, 1L, 0L, 0L, 0L, 
    0L, 0L, 0L, 0L, 0L, 0L, 0L, 0L, 2L, 0L, 0L, 0L, 34L, 3L, 
    0L, 0L, 661L, 1L, 0L, 0L), .Dim = c(8L, 5L), .Dimnames = structure(list(
        c("-1", "-2", "-3", "-4", "0", "1", "2", NA), c("A", 
        "C", "G", "T", NA)), .Names = c("", "")), class = "table"), 
    AKMmono05 = structure(c(731L, 90L, 8L, 1L, 4515L, 167L, 3L, 
    45L, 0L, 0L, 0L, 0L, 1L, 0L, 0L, 0L, 0L, 0L, 0L, 0L, 1L, 
    0L, 0L, 0L, 22L, 2L, 0L, 0L, 518L, 18L, 1L, 0L), .Dim = c(8L, 
    4L), .Dimnames = structure(list(c("-1", "-2", "-3", "-4", 
    "0", "1", "2", NA), c("A", "C", "T", NA)), .Names = c("", 
    "")), class = "table"), AKMmono13 = structure(c(327L, 25L, 
    1L, 5734L, 118L, 5L, 39L, 0L, 0L, 0L, 1L, 1L, 0L, 0L, 0L, 
    0L, 0L, 2L, 0L, 0L, 0L, 14L, 2L, 0L, 388L, 2L, 0L, 0L), .Dim = c(7L, 
    4L), .Dimnames = structure(list(c("-1", "-2", "-5", "0", 
    "1", "2", NA), c("A", "G", "T", NA)), .Names = c("", "")), class = "table"), 
    AKMmono16 = structure(c(573L, 33L, 1L, 7135L, 107L, 1L, 28L, 
    0L, 0L, 0L, 4L, 0L, 0L, 0L, 0L, 0L, 0L, 1L, 0L, 0L, 0L, 14L, 
    0L, 0L, 370L, 6L, 0L, 0L), .Dim = c(7L, 4L), .Dimnames = structure(list(
        c("-1", "-2", "-3", "0", "1", "2", NA), c("A", "G", "T", 
        NA)), .Names = c("", "")), class = "table"), AKMmono22 = structure(c(399L, 
    50L, 9L, 1L, 2730L, 125L, 4L, 79L, 0L, 0L, 0L, 0L, 1L, 0L, 
    0L, 0L, 16L, 0L, 0L, 0L, 258L, 4L, 0L, 0L), .Dim = c(8L, 
    3L), .Dimnames = structure(list(c("-1", "-2", "-3", "-4", 
    "0", "1", "2", NA), c("A", "G", NA)), .Names = c("", "")), class = "table"), 
    EJmono05 = structure(c(0L, 0L, 0L, 2L, 0L, 0L, 0L, 0L, 0L, 
    0L, 1L, 0L, 0L, 0L, 858L, 73L, 3L, 8384L, 158L, 4L, 38L, 
    13L, 1L, 1L, 237L, 4L, 0L, 0L), .Dim = c(7L, 4L), .Dimnames = structure(list(
        c("-1", "-2", "-3", "0", "1", "2", NA), c("A", "G", "T", 
        NA)), .Names = c("", "")), class = "table"), EJmono16 = structure(c(532L, 
    33L, 2L, 8260L, 417L, 11L, 163L, 5L, 0L, 0L, 96L, 6L, 0L, 
    0L), .Dim = c(7L, 2L), .Dimnames = structure(list(c("-1", 
    "-2", "-3", "0", "1", "2", NA), c("A", NA)), .Names = c("", 
    "")), class = "table"), LMmono01 = structure(c(230L, 6L, 
    2027L, 43L, 14L, 1L, 0L, 1L, 0L, 0L, 6L, 0L, 129L, 2L, 0L
    ), .Dim = c(5L, 3L), .Dimnames = structure(list(c("-1", "-2", 
    "0", "1", NA), c("A", "G", NA)), .Names = c("", "")), class = "table"), 
    LMmono03 = structure(c(0L, 0L, 0L, 0L, 1L, 0L, 0L, 0L, 691L, 
    77L, 9L, 3L, 3492L, 90L, 2L, 105L, 0L, 0L, 0L, 0L, 2L, 0L, 
    0L, 0L, 8L, 2L, 0L, 0L, 163L, 2L, 0L, 0L), .Dim = c(8L, 4L
    ), .Dimnames = structure(list(c("-1", "-2", "-3", "-4", "0", 
    "1", "2", NA), c("A", "C", "T", NA)), .Names = c("", "")), class = "table"), 
    LMmono09 = structure(c(1L, 0L, 0L, 0L, 0L, 0L, 1L, 559L, 
    66L, 7L, 2306L, 89L, 5L, 40L, 2L, 0L, 0L, 23L, 1L, 0L, 0L
    ), .Dim = c(7L, 3L), .Dimnames = structure(list(c("-1", "-2", 
    "-3", "0", "1", "2", NA), c("A", "T", NA)), .Names = c("", 
    "")), class = "table"), LMmono12 = structure(c(1097L, 81L, 
    6L, 6554L, 857L, 85L, 6L, 348L, 0L, 0L, 0L, 1L, 0L, 0L, 0L, 
    0L, 0L, 0L, 0L, 1L, 0L, 0L, 0L, 0L, 8L, 1L, 0L, 309L, 18L, 
    1L, 1L, 0L), .Dim = c(8L, 4L), .Dimnames = structure(list(
        c("-1", "-2", "-3", "0", "1", "2", "3", NA), c("A", "G", 
        "T", NA)), .Names = c("", "")), class = "table"), LMmono16 = structure(c(1004L, 
    68L, 7L, 3835L, 235L, 6L, 1L, 60L, 33L, 3L, 0L, 606L, 21L, 
    3L, 1L, 0L), .Dim = c(8L, 2L), .Dimnames = structure(list(
        c("-1", "-2", "-3", "0", "1", "2", "3", NA), c("A", NA
        )), .Names = c("", "")), class = "table"), MSJmono10 = structure(c(0L, 
    0L, 0L, 2L, 0L, 0L, 0L, 0L, 640L, 22L, 2L, 11897L, 357L, 
    10L, 1L, 62L, 0L, 0L, 0L, 1L, 0L, 0L, 0L, 0L, 1L, 0L, 0L, 
    0L, 0L, 0L, 0L, 0L, 15L, 1L, 0L, 429L, 20L, 1L, 0L, 0L), .Dim = c(8L, 
    5L), .Dimnames = structure(list(c("-1", "-2", "-3", "0", 
    "1", "2", "4", NA), c("A", "C", "G", "T", NA)), .Names = c("", 
    "")), class = "table"), MSJmono19ms1 = structure(c(402L, 
    22L, 3L, 2L, 8509L, 190L, 4L, 158L, 0L, 0L, 0L, 0L, 6L, 0L, 
    0L, 0L, 0L, 0L, 0L, 0L, 1L, 0L, 0L, 0L, 1L, 0L, 0L, 0L, 4L, 
    0L, 0L, 0L, 48L, 1L, 0L, 0L, 975L, 21L, 0L, 0L), .Dim = c(8L, 
    5L), .Dimnames = structure(list(c("-1", "-2", "-3", "-4", 
    "0", "1", "2", NA), c("A", "C", "G", "T", NA)), .Names = c("", 
    "")), class = "table"), MSJmono19ms2 = structure(c(0L, 0L, 
    1L, 0L, 0L, 375L, 6L, 8491L, 92L, 88L, 6L, 0L, 607L, 0L, 
    0L), .Dim = c(5L, 3L), .Dimnames = structure(list(c("-1", 
    "-2", "0", "1", NA), c("A", "C", NA)), .Names = c("", "")), class = "table"), 
    MSJmono36 = structure(c(0L, 0L, 1L, 0L, 0L, 0L, 243L, 7L, 
    4127L, 95L, 1L, 43L, 2L, 0L, 133L, 0L, 0L, 0L), .Dim = c(6L, 
    3L), .Dimnames = structure(list(c("-1", "-2", "0", "1", "2", 
    NA), c("A", "G", NA)), .Names = c("", "")), class = "table"), 
    MSJmono44 = structure(c(107L, 3L, 2116L, 42L, 1L, 12L, 1L, 
    0L, 33L, 0L, 0L, 0L), .Dim = c(6L, 2L), .Dimnames = structure(list(
        c("-1", "-2", "0", "1", "2", NA), c("T", NA)), .Names = c("", 
    "")), class = "table"), MSJmono46 = structure(c(465L, 47L, 
    8L, 2L, 2109L, 126L, 3L, 69L, 2L, 2L, 0L, 0L, 66L, 1L, 0L, 
    0L), .Dim = c(8L, 2L), .Dimnames = structure(list(c("-1", 
    "-2", "-3", "-4", "0", "1", "2", NA), c("C", NA)), .Names = c("", 
    "")), class = "table"), LMmono04v2_SNP1 = structure(c(398L, 
    12L, 1L, 3730L, 141L, 5L, 26L, 3L, 1L, 0L, 187L, 4L, 1L, 
    0L), .Dim = c(7L, 2L), .Dimnames = structure(list(c("-1", 
    "-2", "-3", "0", "1", "2", NA), c("C", NA)), .Names = c("", 
    "")), class = "table"), AKMmono01v2_SNP1 = structure(c(0L, 
    0L, 0L, 1L, 0L, 0L, 0L, 0L, 0L, 0L, 1L, 0L, 0L, 0L, 1L, 0L, 
    0L, 1L, 0L, 0L, 1L, 0L, 0L, 0L, 1L, 0L, 0L, 0L, 691L, 33L, 
    2L, 9583L, 137L, 4L, 75L, 12L, 0L, 0L, 265L, 2L, 1L, 0L), .Dim = 7:6, .Dimnames = structure(list(
        c("-1", "-2", "-4", "0", "1", "2", NA), c("-", "A", "C", 
        "G", "T", NA)), .Names = c("", "")), class = "table"), 
    AKMmono10v2_SNP1 = structure(c(146L, 3L, 3252L, 29L, 6L, 
    0L, 0L, 1L, 0L, 0L, 2L, 0L, 153L, 5L, 0L), .Dim = c(5L, 3L
    ), .Dimnames = structure(list(c("-1", "-2", "0", "1", NA), 
        c("A", "T", NA)), .Names = c("", "")), class = "table"), 
    AKMmono17v2_SNP1 = structure(c(7L, 0L, 0L, 39L, 3L, 0L, 1L, 
    75L, 10L, 1L, 1691L, 27L, 1L, 3L, 0L, 0L, 0L, 63L, 0L, 0L, 
    0L), .Dim = c(7L, 3L), .Dimnames = structure(list(c("-1", 
    "-2", "-3", "0", "1", "2", NA), c("A", "C", NA)), .Names = c("", 
    "")), class = "table"), EJmono13v2_SNP1 = structure(c(205L, 
    4L, 1L, 3542L, 86L, 2L, 15L, 0L, 0L, 0L, 4L, 1L, 0L, 0L, 
    5L, 0L, 0L, 114L, 1L, 0L, 0L), .Dim = c(7L, 3L), .Dimnames = structure(list(
        c("-1", "-2", "-3", "0", "1", "2", NA), c("A", "G", NA
        )), .Names = c("", "")), class = "table"), LMmono05v2_SNP1 = structure(c(123L, 
    7L, 1L, 1506L, 39L, 9L, 0L, 0L, 0L, 74L, 1L, 0L), .Dim = c(6L, 
    2L), .Dimnames = structure(list(c("-1", "-2", "-3", "0", 
    "1", NA), c("T", NA)), .Names = c("", "")), class = "table"), 
    LMmono10v2_SNP1 = structure(c(327L, 26L, 6L, 2253L, 43L, 
    0L, 76L, 348L, 36L, 1L, 2131L, 34L, 1L, 88L, 0L, 0L, 0L, 
    1L, 0L, 0L, 0L, 7L, 0L, 1L, 309L, 1L, 0L, 0L), .Dim = c(7L, 
    4L), .Dimnames = structure(list(c("-1", "-2", "-3", "0", 
    "1", "2", NA), c("A", "G", "T", NA)), .Names = c("", "")), class = "table"), 
    MSJmono30v2_SNP1 = structure(c(0L, 1L, 36L, 1L, 0L, 3L, 0L, 
    67L, 2L, 1L, 0L, 0L, 41L, 6L, 0L), .Dim = c(5L, 3L),