Result <-
list(AKMmono02 = structure(c(0L, 0L, 0L, 1L, 0L, 0L, 0L, 1L, 
0L, 0L, 0L, 0L, 0L, 0L, 721L, 49L, 2L, 2285L, 44L, 2L, 91L, 3L, 
0L, 1L, 32L, 0L, 0L, 0L), .Dim = c(7L, 4L), .Dimnames = structure(list(
    c("-1", "-2", "-3", "0", "1", "2", NA), c("-", "A", "T", 
    NA)), .Names = c("", "")), class = "table"), AKMmono03 = structure(c(1448L, 
286L, 57L, 6285L, 104L, 1L, 93L, 61L, 9L, 1L, 432L, 4L, 0L, 0L
), .Dim = c(7L, 2L), .Dimnames = structure(list(c("-1", "-2", 
"-3", "0", "1", "2", NA), c("A", NA)), .Names = c("", "")), class = "table"), 
    AKMmono05 = structure(c(891L, 131L, 16L, 1L, 3053L, 145L, 
    4L, 61L, 0L, 0L, 0L, 0L, 1L, 0L, 0L, 0L, 1L, 0L, 0L, 0L, 
    0L, 0L, 0L, 0L, 28L, 4L, 0L, 0L, 323L, 8L, 0L, 0L), .Dim = c(8L, 
    4L), .Dimnames = structure(list(c("-1", "-2", "-3", "-4", 
    "0", "1", "2", NA), c("A", "G", "T", NA)), .Names = c("", 
    "")), class = "table"), AKMmono13 = structure(c(811L, 85L, 
    1L, 3587L, 85L, 3L, 44L, 0L, 0L, 0L, 1L, 0L, 0L, 0L, 0L, 
    0L, 0L, 1L, 0L, 0L, 0L, 17L, 1L, 0L, 230L, 2L, 0L, 0L), .Dim = c(7L, 
    4L), .Dimnames = structure(list(c("-1", "-2", "-3", "0", 
    "1", "2", NA), c("A", "G", "T", NA)), .Names = c("", "")), class = "table"), 
    AKMmono16 = structure(c(717L, 515L, 20L, 3750L, 57L, 1L, 
    41L, 0L, 0L, 0L, 1L, 0L, 0L, 0L, 18L, 4L, 1L, 197L, 7L, 0L, 
    0L), .Dim = c(7L, 3L), .Dimnames = structure(list(c("-1", 
    "-2", "-3", "0", "1", "2", NA), c("A", "G", NA)), .Names = c("", 
    "")), class = "table"), AKMmono22 = structure(c(464L, 261L, 
    100L, 9L, 1365L, 75L, 1L, 83L, 16L, 8L, 0L, 0L, 146L, 3L, 
    0L, 0L), .Dim = c(8L, 2L), .Dimnames = structure(list(c("-1", 
    "-2", "-3", "-4", "0", "1", "2", NA), c("A", NA)), .Names = c("", 
    "")), class = "table"), EJmono05 = structure(c(0L, 0L, 0L, 
    0L, 0L, 0L, 1L, 0L, 0L, 0L, 1L, 0L, 0L, 0L, 2529L, 200L, 
    4L, 4726L, 100L, 3L, 60L, 44L, 3L, 0L, 146L, 2L, 0L, 0L), .Dim = c(7L, 
    4L), .Dimnames = structure(list(c("-1", "-2", "-3", "0", 
    "1", "2", NA), c("A", "C", "T", NA)), .Names = c("", "")), class = "table"), 
    EJmono16 = structure(c(578L, 36L, 1L, 6879L, 473L, 28L, 2L, 
    1L, 182L, 0L, 0L, 0L, 1L, 0L, 0L, 0L, 0L, 0L, 1L, 0L, 0L, 
    80L, 2L, 0L, 0L, 0L, 0L), .Dim = c(9L, 3L), .Dimnames = structure(list(
        c("-1", "-2", "-5", "0", "1", "2", "3", "4", NA), c("A", 
        "T", NA)), .Names = c("", "")), class = "table"), LMmono01 = structure(c(756L, 
    87L, 1L, 2971L, 44L, 16L, 0L, 0L, 0L, 2L, 0L, 0L, 0L, 0L, 
    0L, 1L, 0L, 0L, 25L, 1L, 0L, 206L, 3L, 0L), .Dim = c(6L, 
    4L), .Dimnames = structure(list(c("-1", "-2", "-3", "0", 
    "1", NA), c("A", "G", "T", NA)), .Names = c("", "")), class = "table"), 
    LMmono03 = structure(c(782L, 266L, 41L, 1L, 1608L, 70L, 2L, 
    129L, 2L, 0L, 0L, 0L, 7L, 0L, 0L, 0L, 7L, 2L, 2L, 0L, 78L, 
    0L, 0L, 0L), .Dim = c(8L, 3L), .Dimnames = structure(list(
        c("-1", "-2", "-3", "-4", "0", "1", "2", NA), c("C", 
        "T", NA)), .Names = c("", "")), class = "table"), LMmono09 = structure(c(921L, 
    214L, 11L, 1L, 1437L, 35L, 1L, 82L, 2L, 2L, 0L, 0L, 11L, 
    0L, 0L, 0L), .Dim = c(8L, 2L), .Dimnames = structure(list(
        c("-1", "-2", "-3", "-4", "0", "1", "2", NA), c("T", 
        NA)), .Names = c("", "")), class = "table"), LMmono12 = structure(c(560L, 
    46L, 2L, 2693L, 1895L, 156L, 11L, 505L, 1L, 0L, 0L, 0L, 0L, 
    0L, 0L, 0L, 0L, 0L, 0L, 0L, 1L, 0L, 0L, 0L, 4L, 0L, 0L, 164L, 
    47L, 5L, 0L, 0L), .Dim = c(8L, 4L), .Dimnames = structure(list(
        c("-1", "-2", "-3", "0", "1", "2", "3", NA), c("A", "G", 
        "T", NA)), .Names = c("", "")), class = "table"), LMmono16 = structure(c(378L, 
    91L, 27L, 1717L, 80L, 8L, 499L, 50L, 7L, 0L, 118L, 0L, 0L, 
    0L, 1L, 0L, 0L, 0L, 0L, 0L, 0L, 0L, 4L, 4L, 1L, 296L, 3L, 
    0L, 33L, 12L, 0L, 1L, 0L), .Dim = c(11L, 3L), .Dimnames = structure(list(
        c("-1", "-2", "-3", "0", "1", "2", "3", "5", "6", "7", 
        NA), c("A", "C", NA)), .Names = c("", "")), class = "table"), 
    MSJmono10 = structure(c(0L, 0L, 0L, 6L, 0L, 0L, 0L, 1199L, 
    54L, 1L, 6331L, 244L, 12L, 47L, 26L, 0L, 0L, 218L, 12L, 1L, 
    0L), .Dim = c(7L, 3L), .Dimnames = structure(list(c("-1", 
    "-2", "-3", "0", "1", "2", NA), c("A", "C", NA)), .Names = c("", 
    "")), class = "table"), MSJmono19ms1 = structure(c(1579L, 
    102L, 11L, 3L, 1L, 7592L, 199L, 4L, 204L, 2L, 0L, 0L, 0L, 
    0L, 7L, 0L, 0L, 2L, 0L, 0L, 0L, 0L, 0L, 1L, 0L, 0L, 0L, 0L, 
    0L, 0L, 0L, 0L, 2L, 0L, 0L, 0L, 90L, 8L, 1L, 0L, 0L, 875L, 
    12L, 0L, 0L), .Dim = c(9L, 5L), .Dimnames = structure(list(
        c("-1", "-2", "-3", "-4", "-5", "0", "1", "2", NA), c("A", 
        "C", "G", "T", NA)), .Names = c("", "")), class = "table"), 
    MSJmono19ms2 = structure(c(2072L, 68L, 1L, 6523L, 85L, 4L, 
    280L, 15L, 0L, 0L, 456L, 0L, 0L, 0L), .Dim = c(7L, 2L), .Dimnames = structure(list(
        c("-1", "-2", "-3", "0", "1", "2", NA), c("C", NA)), .Names = c("", 
    "")), class = "table"), MSJmono36 = structure(c(0L, 0L, 0L, 
    0L, 1L, 0L, 0L, 0L, 782L, 98L, 6L, 0L, 3090L, 71L, 2L, 99L, 
    3L, 0L, 0L, 1L, 92L, 0L, 0L, 0L), .Dim = c(8L, 3L), .Dimnames = structure(list(
        c("-1", "-2", "-3", "-4", "0", "1", "2", NA), c("A", 
        "G", NA)), .Names = c("", "")), class = "table"), MSJmono44 = structure(c(439L, 
    16L, 1L, 2252L, 57L, 1L, 23L, 2L, 0L, 0L, 49L, 1L, 0L, 0L
    ), .Dim = c(7L, 2L), .Dimnames = structure(list(c("-1", "-2", 
    "-3", "0", "1", "2", NA), c("T", NA)), .Names = c("", "")), class = "table"), 
    MSJmono46 = structure(c(291L, 59L, 3L, 1L, 922L, 364L, 33L, 
    2L, 1L, 55L, 1L, 1L, 0L, 0L, 35L, 3L, 0L, 0L, 0L, 0L), .Dim = c(10L, 
    2L), .Dimnames = structure(list(c("-1", "-2", "-3", "-4", 
    "0", "1", "2", "3", "4", NA), c("C", NA)), .Names = c("", 
    "")), class = "table"), LMmono04v2_SNP1 = structure(c(0L, 
    0L, 0L, 1L, 0L, 0L, 0L, 844L, 88L, 6L, 1974L, 73L, 4L, 14L, 
    20L, 2L, 0L, 71L, 3L, 0L, 0L), .Dim = c(7L, 3L), .Dimnames = structure(list(
        c("-1", "-2", "-3", "0", "1", "2", NA), c("A", "C", NA
        )), .Names = c("", "")), class = "table"), AKMmono01v2_SNP1 = structure(c(1L, 
    0L, 0L, 0L, 1L, 0L, 0L, 0L, 1374L, 304L, 4L, 1L, 4420L, 86L, 
    3L, 95L, 20L, 1L, 1L, 0L, 104L, 0L, 0L, 0L), .Dim = c(8L, 
    3L), .Dimnames = structure(list(c("-1", "-2", "-3", "-5", 
    "0", "1", "2", NA), c("C", "T", NA)), .Names = c("", "")), class = "table"), 
    AKMmono10v2_SNP1 = structure(c(126L, 3L, 1031L, 17L, 4L, 
    124L, 6L, 922L, 9L, 2L, 0L, 0L, 89L, 3L, 0L), .Dim = c(5L, 
    3L), .Dimnames = structure(list(c("-1", "-2", "0", "1", NA
    ), c("A", "G", NA)), .Names = c("", "")), class = "table"), 
    AKMmono17v2_SNP1 = structure(c(169L, 8L, 2L, 443L, 19L, 5L, 
    8L, 1L, 0L, 0L, 16L, 0L, 0L, 1L, 0L, 0L, 0L, 1L, 0L, 0L, 
    0L, 1L, 0L, 0L, 7L, 0L, 0L, 0L), .Dim = c(7L, 4L), .Dimnames = structure(list(
        c("-1", "-2", "-3", "0", "1", "2", NA), c("A", "C", "G", 
        NA)), .Names = c("", "")), class = "table"), EJmono13v2_SNP1 = structure(c(3L, 
    0L, 143L, 795L, 253L, 11L, 121L, 0L, 0L, 1L, 0L, 0L, 0L, 
    0L, 224L, 1L, 994L, 21L, 0L, 0L, 11L, 1L, 0L, 49L, 14L, 2L, 
    0L, 0L), .Dim = c(7L, 4L), .Dimnames = structure(list(c("-1", 
    "-2", "0", "1", "2", "3", NA), c("A", "C", "G", NA)), .Names = c("", 
    "")), class = "table"), LMmono05v2_SNP1 = structure(c(245L, 
    44L, 920L, 27L, 7L, 2L, 0L, 46L, 1L, 0L), .Dim = c(5L, 2L
    ), .Dimnames = structure(list(c("-1", "-2", "0", "1", NA), 
        c("T", NA)), .Names = c("", "")), class = "table"), LMmono10v2_SNP1 = structure(c(870L, 
    599L, 79L, 8L, 2357L, 42L, 173L, 0L, 0L, 0L, 0L, 2L, 0L, 
    0L, 6L, 7L, 1L, 0L, 119L, 0L, 0L), .Dim = c(7L, 3L), .Dimnames = structure(list(
        c("-1", "-2", "-3", "-4", "0", "1", NA), c("A", "T", 
        NA)), .Names = c("", "")), class = "table"),