Result <-
list(AKMmono02 = structure(c(291L, 113L, 3L, 2373L, 56L, 62L, 
2L, 1L, 0L, 32L, 1L, 0L), .Dim = c(6L, 2L), .Dimnames = structure(list(
    c("-1", "-2", "-3", "0", "1", NA), c("T", NA)), .Names = c("", 
"")), class = "table"), AKMmono03 = structure(c(0L, 0L, 0L, 0L, 
1L, 0L, 0L, 0L, 673L, 107L, 11L, 1L, 4389L, 63L, 2L, 38L, 15L, 
1L, 1L, 0L, 325L, 3L, 0L, 0L), .Dim = c(8L, 3L), .Dimnames = structure(list(
    c("-1", "-2", "-3", "-4", "0", "1", "2", NA), c("-", "A", 
    NA)), .Names = c("", "")), class = "table"), AKMmono05 = structure(c(608L, 
164L, 15L, 3L, 2412L, 91L, 6L, 35L, 23L, 4L, 0L, 0L, 231L, 6L, 
0L, 0L), .Dim = c(8L, 2L), .Dimnames = structure(list(c("-1", 
"-2", "-3", "-4", "0", "1", "2", NA), c("A", NA)), .Names = c("", 
"")), class = "table"), AKMmono13 = structure(c(310L, 131L, 2L, 
3299L, 63L, 1L, 25L, 0L, 0L, 0L, 1L, 0L, 0L, 0L, 5L, 0L, 0L, 
199L, 6L, 0L, 0L), .Dim = c(7L, 3L), .Dimnames = structure(list(
    c("-1", "-2", "-3", "0", "1", "2", NA), c("A", "T", NA)), .Names = c("", 
"")), class = "table"), AKMmono16 = structure(c(539L, 59L, 9L, 
5L, 4225L, 82L, 23L, 0L, 0L, 0L, 0L, 1L, 0L, 0L, 0L, 0L, 0L, 
0L, 1L, 0L, 0L, 0L, 0L, 0L, 0L, 1L, 0L, 0L, 7L, 0L, 0L, 0L, 207L, 
3L, 0L), .Dim = c(7L, 5L), .Dimnames = structure(list(c("-1", 
"-2", "-3", "-4", "0", "1", NA), c("A", "C", "G", "T", NA)), .Names = c("", 
"")), class = "table"), AKMmono22 = structure(c(238L, 125L, 22L, 
2L, 1264L, 86L, 2L, 68L, 6L, 6L, 0L, 0L, 114L, 4L, 0L, 0L), .Dim = c(8L, 
2L), .Dimnames = structure(list(c("-1", "-2", "-3", "-4", "0", 
"1", "2", NA), c("A", NA)), .Names = c("", "")), class = "table"), 
    EJmono05 = structure(c(1L, 0L, 0L, 0L, 0L, 0L, 0L, 0L, 0L, 
    0L, 1L, 0L, 0L, 0L, 953L, 57L, 1L, 4865L, 86L, 1L, 33L, 15L, 
    1L, 0L, 136L, 4L, 0L, 0L), .Dim = c(7L, 4L), .Dimnames = structure(list(
        c("-1", "-2", "-3", "0", "1", "2", NA), c("C", "G", "T", 
        NA)), .Names = c("", "")), class = "table"), EJmono16 = structure(c(465L, 
    22L, 2L, 4267L, 251L, 4L, 97L, 0L, 0L, 0L, 1L, 0L, 0L, 0L, 
    2L, 0L, 0L, 53L, 4L, 0L, 0L), .Dim = c(7L, 3L), .Dimnames = structure(list(
        c("-1", "-2", "-3", "0", "1", "2", NA), c("A", "G", NA
        )), .Names = c("", "")), class = "table"), LMmono01 = structure(c(274L, 
    13L, 1418L, 27L, 1L, 9L, 0L, 0L, 1L, 0L, 0L, 0L, 0L, 1L, 
    1L, 0L, 0L, 0L, 0L, 1L, 1L, 0L, 0L, 0L, 5L, 2L, 100L, 1L, 
    0L, 0L), .Dim = 6:5, .Dimnames = structure(list(c("-1", "-2", 
    "0", "1", "2", NA), c("A", "C", "G", "T", NA)), .Names = c("", 
    "")), class = "table"), LMmono03 = structure(c(0L, 0L, 0L, 
    0L, 1L, 0L, 0L, 0L, 532L, 163L, 105L, 25L, 2095L, 49L, 1L, 
    93L, 1L, 0L, 0L, 0L, 3L, 0L, 0L, 0L, 7L, 1L, 1L, 0L, 128L, 
    2L, 0L, 0L), .Dim = c(8L, 4L), .Dimnames = structure(list(
        c("-1", "-2", "-3", "-4", "0", "1", "2", NA), c("A", 
        "C", "T", NA)), .Names = c("", "")), class = "table"), 
    LMmono09 = structure(c(349L, 174L, 34L, 18L, 1219L, 49L, 
    1L, 36L, 2L, 0L, 1L, 0L, 14L, 1L, 0L, 0L), .Dim = c(8L, 2L
    ), .Dimnames = structure(list(c("-1", "-2", "-3", "-4", "0", 
    "1", "2", NA), c("T", NA)), .Names = c("", "")), class = "table"), 
    LMmono12 = structure(c(844L, 95L, 5L, 3L, 3937L, 293L, 16L, 
    1L, 141L, 0L, 0L, 0L, 0L, 1L, 0L, 0L, 0L, 0L, 0L, 0L, 0L, 
    0L, 1L, 0L, 0L, 0L, 0L, 6L, 2L, 0L, 0L, 167L, 4L, 0L, 0L, 
    0L), .Dim = c(9L, 4L), .Dimnames = structure(list(c("-1", 
    "-2", "-3", "-4", "0", "1", "2", "3", NA), c("A", "G", "T", 
    NA)), .Names = c("", "")), class = "table"), LMmono16 = structure(c(235L, 
    62L, 19L, 1433L, 56L, 2L, 203L, 1L, 41L, 4L, 80L, 1L, 0L, 
    0L, 0L, 0L, 0L, 0L, 0L, 0L, 0L, 0L, 7L, 1L, 0L, 259L, 5L, 
    0L, 9L, 0L, 7L, 1L, 0L), .Dim = c(11L, 3L), .Dimnames = structure(list(
        c("-1", "-2", "-3", "0", "1", "2", "3", "4", "5", "6", 
        NA), c("A", "T", NA)), .Names = c("", "")), class = "table"), 
    MSJmono10 = structure(c(0L, 0L, 0L, 1L, 0L, 0L, 0L, 0L, 957L, 
    79L, 1L, 5948L, 181L, 6L, 1L, 49L, 15L, 3L, 0L, 207L, 9L, 
    2L, 0L, 0L), .Dim = c(8L, 3L), .Dimnames = structure(list(
        c("-1", "-2", "-3", "0", "1", "2", "4", NA), c("A", "C", 
        NA)), .Names = c("", "")), class = "table"), MSJmono19ms1 = structure(c(299L, 
    21L, 8L, 4828L, 256L, 13L, 1L, 123L, 1L, 0L, 0L, 3L, 0L, 
    0L, 0L, 0L, 23L, 3L, 0L, 577L, 17L, 1L, 0L, 0L), .Dim = c(8L, 
    3L), .Dimnames = structure(list(c("-1", "-2", "-3", "0", 
    "1", "2", "3", NA), c("A", "C", NA)), .Names = c("", "")), class = "table"), 
    MSJmono19ms2 = structure(c(0L, 0L, 0L, 1L, 0L, 0L, 0L, 472L, 
    9L, 1L, 4723L, 77L, 2L, 92L, 6L, 0L, 0L, 355L, 1L, 0L, 0L
    ), .Dim = c(7L, 3L), .Dimnames = structure(list(c("-1", "-2", 
    "-3", "0", "1", "2", NA), c("A", "C", NA)), .Names = c("", 
    "")), class = "table"), MSJmono36 = structure(c(143L, 4L, 
    1L, 2206L, 64L, 1L, 1L, 36L, 2L, 0L, 0L, 62L, 0L, 0L, 0L, 
    0L), .Dim = c(8L, 2L), .Dimnames = structure(list(c("-1", 
    "-2", "-3", "0", "1", "2", "3", NA), c("G", NA)), .Names = c("", 
    "")), class = "table"), MSJmono44 = structure(c(0L, 0L, 0L, 
    1L, 0L, 0L, 167L, 27L, 3L, 1216L, 25L, 4L, 0L, 0L, 0L, 20L, 
    0L, 0L), .Dim = c(6L, 3L), .Dimnames = structure(list(c("-1", 
    "-2", "-6", "0", "1", NA), c("A", "T", NA)), .Names = c("", 
    "")), class = "table"), MSJmono46 = structure(c(365L, 132L, 
    30L, 10L, 1136L, 68L, 3L, 43L, 2L, 2L, 1L, 0L, 31L, 0L, 0L, 
    0L), .Dim = c(8L, 2L), .Dimnames = structure(list(c("-1", 
    "-2", "-3", "-4", "0", "1", "2", NA), c("C", NA)), .Names = c("", 
    "")), class = "table"), LMmono04v2_SNP1 = structure(c(0L, 
    0L, 0L, 2L, 0L, 0L, 0L, 0L, 453L, 76L, 1L, 2452L, 115L, 3L, 
    1L, 14L, 9L, 0L, 0L, 83L, 8L, 0L, 0L, 0L), .Dim = c(8L, 3L
    ), .Dimnames = structure(list(c("-1", "-2", "-3", "0", "1", 
    "2", "4", NA), c("A", "C", NA)), .Names = c("", "")), class = "table"), 
    AKMmono01v2_SNP1 = structure(c(0L, 0L, 0L, 1L, 0L, 0L, 719L, 
    120L, 3L, 5715L, 99L, 40L, 8L, 3L, 0L, 130L, 1L, 0L), .Dim = c(6L, 
    3L), .Dimnames = structure(list(c("-1", "-2", "-3", "0", 
    "1", NA), c("A", "T", NA)), .Names = c("", "")), class = "table"), 
    AKMmono10v2_SNP1 = structure(c(83L, 3L, 0L, 988L, 6L, 0L, 
    4L, 151L, 24L, 1L, 1007L, 4L, 1L, 2L, 0L, 0L, 0L, 1L, 0L, 
    0L, 0L, 4L, 2L, 0L, 92L, 2L, 0L, 0L), .Dim = c(7L, 4L), .Dimnames = structure(list(
        c("-1", "-2", "-3", "0", "1", "2", NA), c("A", "G", "T", 
        NA)), .Names = c("", "")), class = "table"), AKMmono17v2_SNP1 = structure(c(1L, 
    0L, 8L, 2L, 1L, 124L, 20L, 951L, 22L, 9L, 1L, 0L, 28L, 0L, 
    0L), .Dim = c(5L, 3L), .Dimnames = structure(list(c("-1", 
    "-2", "0", "1", NA), c("A", "C", NA)), .Names = c("", "")), class = "table"), 
    EJmono13v2_SNP1 = structure(c(104L, 32L, 1287L, 57L, 3L, 
    11L, 82L, 2L, 1336L, 43L, 1L, 10L, 3L, 0L, 78L, 3L, 0L, 0L
    ), .Dim = c(6L, 3L), .Dimnames = structure(list(c("-1", "-2", 
    "0", "1", "2", NA), c("A", "G", NA)), .Names = c("", "")), class = "table"), 
    LMmono05v2_SNP1 = structure(c(70L, 33L, 3L, 552L, 10L, 4L, 
    64L, 37L, 0L, 509L, 8L, 6L, 0L, 0L, 0L, 38L, 1L, 0L), .Dim = c(6L, 
    3L), .Dimnames = structure(list(c("-1", "-2", "-3", "0", 
    "1", NA), c("A", "T", NA)), .Names = c("", "")), class = "table"), 
    LMmono10v2_SNP1 = structure(c(715L, 134L, 36L, 2L, 3274L, 
    64L, 1L, 140L, 9L, 2L, 0L, 0L, 170L, 0L, 0L, 0L), .Dim = c(8L, 
    2L), .Dimnames = structure(list(c("-1", "-2", "-3", "-4", 
    "0", "1", "2", NA), c("A", NA)), .Names = c("", "")), class = "table"), 
    MSJmono30v2_SNP1 = structure(c(37L, 2L, 0L, 0L, 208L, 9L, 
    0L, 2L, 21L, 32L, 4L, 2L, 250L, 7L, 1L, 5L, 7L, 1L, 1L, 0L, 
    186L, 20L, 0L, 0L), .Dim = c(8L, 3L), .Dimnames = structure(list(
        c("-1", "-2", "-3", "-4", "0", "1", "2", NA), c("C", 
        "T", NA)), .Names = c("", "")), class = "table"),