Result <-
list(AKMmono02 = structure(c(193L, 8L, 2019L, 34L, 3L, 50L, 2L, 
0L, 29L, 1L, 0L, 0L), .Dim = c(6L, 2L), .Dimnames = structure(list(
    c("-1", "-2", "0", "1", "2", NA), c("T", NA)), .Names = c("", 
"")), class = "table"), AKMmono03 = structure(c(1488L, 240L, 
31L, 21L, 2882L, 45L, 2L, 87L, 0L, 0L, 0L, 0L, 1L, 0L, 0L, 0L, 
56L, 8L, 2L, 0L, 197L, 1L, 0L, 0L), .Dim = c(8L, 3L), .Dimnames = structure(list(
    c("-1", "-2", "-3", "-4", "0", "1", "2", NA), c("A", "G", 
    NA)), .Names = c("", "")), class = "table"), AKMmono05 = structure(c(512L, 
93L, 6L, 1L, 1136L, 616L, 53L, 5L, 78L, 0L, 0L, 0L, 0L, 2L, 0L, 
0L, 0L, 0L, 0L, 1L, 0L, 0L, 0L, 0L, 0L, 0L, 0L, 22L, 1L, 0L, 
0L, 143L, 40L, 4L, 0L, 0L), .Dim = c(9L, 4L), .Dimnames = structure(list(
    c("-1", "-2", "-3", "-4", "0", "1", "2", "3", NA), c("A", 
    "G", "T", NA)), .Names = c("", "")), class = "table"), AKMmono13 = structure(c(805L, 
1219L, 81L, 1813L, 45L, 2L, 47L, 21L, 14L, 1L, 111L, 2L, 0L, 
0L), .Dim = c(7L, 2L), .Dimnames = structure(list(c("-1", "-2", 
"-3", "0", "1", "2", NA), c("A", NA)), .Names = c("", "")), class = "table"), 
    AKMmono16 = structure(c(1856L, 115L, 7L, 3065L, 51L, 2L, 
    62L, 0L, 0L, 0L, 1L, 0L, 0L, 0L, 0L, 0L, 0L, 1L, 0L, 0L, 
    1L, 40L, 1L, 0L, 156L, 2L, 0L, 0L), .Dim = c(7L, 4L), .Dimnames = structure(list(
        c("-1", "-2", "-3", "0", "1", "2", NA), c("A", "G", "T", 
        NA)), .Names = c("", "")), class = "table"), AKMmono22 = structure(c(444L, 
    123L, 15L, 904L, 35L, 2L, 64L, 12L, 4L, 0L, 92L, 2L, 0L, 
    0L), .Dim = c(7L, 2L), .Dimnames = structure(list(c("-1", 
    "-2", "-3", "0", "1", "2", NA), c("A", NA)), .Names = c("", 
    "")), class = "table"), EJmono05 = structure(c(2364L, 164L, 
    1L, 3958L, 81L, 6L, 58L, 35L, 3L, 0L, 120L, 0L, 0L, 0L), .Dim = c(7L, 
    2L), .Dimnames = structure(list(c("-1", "-2", "-3", "0", 
    "1", "2", NA), c("T", NA)), .Names = c("", "")), class = "table"), 
    EJmono16 = structure(c(257L, 15L, 1L, 3262L, 430L, 839L, 
    129L, 8L, 3L, 520L, 0L, 0L, 0L, 1L, 0L, 0L, 0L, 0L, 0L, 0L, 
    3L, 0L, 0L, 83L, 3L, 5L, 1L, 0L, 0L, 0L), .Dim = c(10L, 3L
    ), .Dimnames = structure(list(c("-1", "-2", "-3", "0", "1", 
    "2", "3", "4", "5", NA), c("A", "C", NA)), .Names = c("", 
    "")), class = "table"), LMmono01 = structure(c(348L, 16L, 
    1L, 2015L, 42L, 1L, 14L, 0L, 0L, 0L, 1L, 0L, 0L, 0L, 10L, 
    0L, 0L, 121L, 2L, 0L, 0L), .Dim = c(7L, 3L), .Dimnames = structure(list(
        c("-1", "-2", "-3", "0", "1", "3", NA), c("A", "G", NA
        )), .Names = c("", "")), class = "table"), LMmono03 = structure(c(20L, 
    5L, 0L, 0L, 0L, 0L, 0L, 0L, 1L, 719L, 711L, 105L, 10L, 1L, 
    851L, 24L, 1L, 138L, 11L, 11L, 1L, 0L, 0L, 54L, 0L, 0L, 0L
    ), .Dim = c(9L, 3L), .Dimnames = structure(list(c("-1", "-2", 
    "-3", "-4", "-5", "0", "1", "2", NA), c("A", "C", NA)), .Names = c("", 
    "")), class = "table"), LMmono09 = structure(c(760L, 66L, 
    6L, 1018L, 35L, 65L, 2L, 0L, 0L, 7L, 0L, 0L), .Dim = c(6L, 
    2L), .Dimnames = structure(list(c("-1", "-2", "-3", "0", 
    "1", NA), c("T", NA)), .Names = c("", "")), class = "table"), 
    LMmono12 = structure(c(1339L, 287L, 28L, 1L, 1980L, 846L, 
    84L, 7L, 318L, 1L, 0L, 0L, 0L, 0L, 1L, 0L, 0L, 0L, 7L, 1L, 
    0L, 0L, 102L, 12L, 2L, 0L, 0L), .Dim = c(9L, 3L), .Dimnames = structure(list(
        c("-1", "-2", "-3", "-5", "0", "1", "2", "3", NA), c("A", 
        "G", NA)), .Names = c("", "")), class = "table"), LMmono16 = structure(c(247L, 
    51L, 439L, 60L, 795L, 276L, 17L, 3L, 44L, 1L, 0L, 0L, 0L, 
    0L, 0L, 0L, 0L, 0L, 1L, 0L, 0L, 0L, 0L, 0L, 0L, 0L, 0L, 4L, 
    0L, 12L, 0L, 139L, 26L, 0L, 0L, 0L), .Dim = c(9L, 4L), .Dimnames = structure(list(
        c("-1", "-2", "-3", "-4", "0", "1", "2", "3", NA), c("A", 
        "G", "T", NA)), .Names = c("", "")), class = "table"), 
    MSJmono10 = structure(c(17L, 0L, 0L, 0L, 0L, 0L, 0L, 2723L, 
    202L, 4L, 5262L, 187L, 6L, 91L, 52L, 8L, 0L, 205L, 11L, 1L, 
    0L), .Dim = c(7L, 3L), .Dimnames = structure(list(c("-1", 
    "-2", "-3", "0", "1", "2", NA), c("A", "C", NA)), .Names = c("", 
    "")), class = "table"), MSJmono19ms1 = structure(c(194L, 
    8L, 1L, 3L, 4295L, 1464L, 58L, 4L, 313L, 0L, 0L, 0L, 0L, 
    4L, 1L, 0L, 0L, 2L, 0L, 0L, 0L, 0L, 3L, 0L, 0L, 0L, 0L, 0L, 
    0L, 0L, 0L, 4L, 1L, 0L, 0L, 0L, 24L, 1L, 0L, 0L, 467L, 99L, 
    2L, 0L, 0L), .Dim = c(9L, 5L), .Dimnames = structure(list(
        c("-1", "-2", "-3", "-4", "0", "1", "2", "3", NA), c("A", 
        "C", "G", "T", NA)), .Names = c("", "")), class = "table"), 
    MSJmono19ms2 = structure(c(2301L, 54L, 1L, 2641L, 30L, 1L, 
    344L, 0L, 0L, 0L, 1L, 0L, 0L, 0L, 0L, 0L, 0L, 1L, 0L, 0L, 
    0L, 29L, 1L, 0L, 195L, 0L, 0L, 0L), .Dim = c(7L, 4L), .Dimnames = structure(list(
        c("-1", "-2", "-3", "0", "1", "2", NA), c("C", "G", "T", 
        NA)), .Names = c("", "")), class = "table"), MSJmono36 = structure(c(0L, 
    0L, 0L, 1L, 0L, 0L, 160L, 5L, 2L, 1963L, 48L, 23L, 1L, 1L, 
    0L, 54L, 1L, 0L), .Dim = c(6L, 3L), .Dimnames = structure(list(
        c("-1", "-2", "-3", "0", "1", NA), c("A", "G", NA)), .Names = c("", 
    "")), class = "table"), MSJmono44 = structure(c(77L, 4L, 
    1L, 1343L, 28L, 1L, 2L, 0L, 0L, 0L, 27L, 0L, 0L, 0L), .Dim = c(7L, 
    2L), .Dimnames = structure(list(c("-1", "-2", "-3", "0", 
    "1", "2", NA), c("T", NA)), .Names = c("", "")), class = "table"), 
    MSJmono46 = structure(c(402L, 57L, 3L, 1299L, 86L, 7L, 49L, 
    5L, 1L, 0L, 42L, 1L, 0L, 0L), .Dim = c(7L, 2L), .Dimnames = structure(list(
        c("-1", "-2", "-3", "0", "1", "2", NA), c("C", NA)), .Names = c("", 
    "")), class = "table"), LMmono04v2_SNP1 = structure(c(1011L, 
    99L, 2L, 2003L, 77L, 5L, 26L, 16L, 2L, 0L, 89L, 3L, 0L, 0L
    ), .Dim = c(7L, 2L), .Dimnames = structure(list(c("-1", "-2", 
    "-3", "0", "1", "2", NA), c("C", NA)), .Names = c("", "")), class = "table"), 
    AKMmono01v2_SNP1 = structure(c(0L, 0L, 0L, 1L, 0L, 0L, 0L, 
    2334L, 155L, 4L, 24L, 0L, 0L, 88L, 1L, 0L, 0L, 0L, 0L, 0L, 
    0L, 203L, 27L, 0L, 2810L, 42L, 1L, 27L, 35L, 10L, 0L, 80L, 
    1L, 0L, 0L), .Dim = c(7L, 5L), .Dimnames = structure(list(
        c("-1", "-2", "-3", "0", "1", "2", NA), c("A", "C", "G", 
        "T", NA)), .Names = c("", "")), class = "table"), AKMmono10v2_SNP1 = structure(c(1L, 
    0L, 0L, 0L, 0L, 0L, 855L, 13L, 0L, 566L, 1L, 13L, 736L, 36L, 
    1L, 368L, 1L, 16L, 17L, 1L, 0L, 45L, 0L, 0L), .Dim = c(6L, 
    4L), .Dimnames = structure(list(c("-1", "-2", "-3", "0", 
    "1", NA), c("-", "A", "G", NA)), .Names = c("", "")), class = "table"), 
    AKMmono17v2_SNP1 = structure(c(3L, 0L, 0L, 13L, 4L, 1L, 536L, 
    23L, 1L, 789L, 14L, 18L, 0L, 0L, 0L, 1L, 0L, 0L, 3L, 0L, 
    0L, 28L, 1L, 0L), .Dim = c(6L, 4L), .Dimnames = structure(list(
        c("-1", "-2", "-3", "0", "1", NA), c("A", "C", "T", NA
        )), .Names = c("", "")), class = "table"), EJmono13v2_SNP1 = structure(c(0L, 
    0L, 0L, 6L, 1L, 0L, 0L, 0L, 1L, 140L, 3L, 1L, 1990L, 776L, 
    33L, 2L, 1L, 111L, 2L, 0L, 0L, 44L, 8L, 0L, 0L, 0L, 0L), .Dim = c(9L, 
    3L), .Dimnames = structure(list(c("-1", "-2", "-3", "0", 
    "1", "2", "3", "4", NA), c("A", "G", NA)), .Names = c("", 
    "")), class = "table"), LMmono05v2_SNP1 = structure(c(239L, 
    12L, 0L, 334L, 10L, 7L, 303L, 17L, 2L, 206L, 8L, 11L, 7L, 
    1L, 0L, 15L, 0L, 0L), .Dim = c(6L, 3L), .Dimnames = structure(list(
        c("-1", "-2", "-3", "0", "1", NA), c("A", "T", NA)), .Names = c("", 
    "")), class = "table"), LMmono10v2_SNP1 = structure(c(1284L, 
    231L, 23L, 2L, 1L, 1865L, 405L, 21L, 3L, 690L, 1L, 0L, 0L, 
    0L, 0L, 4L, 0L, 0L, 0L, 0L, 27L, 4L, 1L, 0L, 0L, 129L, 7L, 
    0L, 0L, 0L), .Dim = c(10L, 3L), .Dimnames = structure(list(
        c("-1", "-2", "-3", "-4", "-5", "0", "1", "2", "3", NA
        ), c("A", "G", NA)), .Names = c("", "")), class = "table"), 
    MSJmono30v2_SNP1 = structure(c(106L, 3L, 1L, 668L, 28L, 1L, 
    2L, 13L, 0L, 0L, 408L, 33L, 1L, 0L), .Dim = c(7L, 2L),