Result <-
list(AKMmono02 = structure(c(1L, 0L, 0L, 0L, 0L, 0L, 0L, 0L, 
1106L, 174L, 6L, 3L, 2803L, 42L, 1L, 140L, 11L, 1L, 0L, 0L, 44L, 
0L, 0L, 0L), .Dim = c(8L, 3L), .Dimnames = structure(list(c("-1", 
"-2", "-3", "-4", "0", "1", "2", NA), c("C", "T", NA)), .Names = c("", 
"")), class = "table"), AKMmono03 = structure(c(1249L, 303L, 
56L, 2L, 7311L, 112L, 1L, 92L, 0L, 0L, 0L, 0L, 1L, 0L, 0L, 0L, 
0L, 0L, 0L, 0L, 1L, 0L, 0L, 0L, 45L, 10L, 1L, 0L, 511L, 4L, 0L, 
0L), .Dim = c(8L, 4L), .Dimnames = structure(list(c("-1", "-2", 
"-3", "-4", "0", "1", "2", NA), c("A", "C", "T", NA)), .Names = c("", 
"")), class = "table"), AKMmono05 = structure(c(1225L, 208L, 
19L, 2L, 1L, 2857L, 100L, 4L, 58L, 0L, 0L, 0L, 0L, 0L, 1L, 0L, 
0L, 0L, 75L, 7L, 0L, 0L, 0L, 291L, 12L, 0L, 0L), .Dim = c(9L, 
3L), .Dimnames = structure(list(c("-1", "-2", "-3", "-4", "-5", 
"0", "1", "2", NA), c("A", "G", NA)), .Names = c("", "")), class = "table"), 
    AKMmono13 = structure(c(1380L, 545L, 27L, 5205L, 121L, 5L, 
    69L, 0L, 1L, 0L, 1L, 0L, 0L, 0L, 0L, 0L, 0L, 1L, 0L, 0L, 
    0L, 39L, 11L, 0L, 303L, 1L, 1L, 0L), .Dim = c(7L, 4L), .Dimnames = structure(list(
        c("-1", "-2", "-3", "0", "1", "2", NA), c("A", "G", "T", 
        NA)), .Names = c("", "")), class = "table"), AKMmono16 = structure(c(867L, 
    62L, 5L, 6777L, 146L, 3L, 50L, 0L, 0L, 0L, 3L, 0L, 0L, 0L, 
    15L, 2L, 0L, 324L, 10L, 0L, 0L), .Dim = c(7L, 3L), .Dimnames = structure(list(
        c("-1", "-2", "-3", "0", "1", "2", NA), c("A", "T", NA
        )), .Names = c("", "")), class = "table"), AKMmono22 = structure(c(542L, 
    252L, 44L, 1912L, 128L, 2L, 2L, 115L, 0L, 0L, 0L, 1L, 0L, 
    0L, 0L, 0L, 13L, 3L, 0L, 179L, 9L, 0L, 0L, 0L), .Dim = c(8L, 
    3L), .Dimnames = structure(list(c("-1", "-2", "-3", "0", 
    "1", "2", "3", NA), c("A", "T", NA)), .Names = c("", "")), class = "table"), 
    EJmono05 = structure(c(0L, 0L, 0L, 1L, 0L, 0L, 0L, 1765L, 
    133L, 1L, 8493L, 196L, 3L, 46L, 28L, 0L, 0L, 281L, 4L, 0L, 
    0L), .Dim = c(7L, 3L), .Dimnames = structure(list(c("-1", 
    "-2", "-4", "0", "1", "2", NA), c("A", "T", NA)), .Names = c("", 
    "")), class = "table"), EJmono16 = structure(c(1125L, 1007L, 
    72L, 6108L, 341L, 20L, 270L, 6L, 7L, 0L, 70L, 3L, 0L, 0L), .Dim = c(7L, 
    2L), .Dimnames = structure(list(c("-1", "-2", "-3", "0", 
    "1", "2", NA), c("A", NA)), .Names = c("", "")), class = "table"), 
    LMmono01 = structure(c(676L, 29L, 3L, 2841L, 62L, 22L, 1L, 
    0L, 0L, 1L, 0L, 0L, 1L, 0L, 0L, 0L, 0L, 0L, 17L, 0L, 0L, 
    152L, 4L, 0L), .Dim = c(6L, 4L), .Dimnames = structure(list(
        c("-1", "-2", "-3", "0", "1", NA), c("A", "G", "T", NA
        )), .Names = c("", "")), class = "table"), LMmono03 = structure(c(785L, 
    800L, 420L, 58L, 4L, 2517L, 86L, 1L, 179L, 0L, 2L, 0L, 0L, 
    0L, 1L, 0L, 0L, 0L, 9L, 7L, 2L, 0L, 0L, 111L, 2L, 0L, 0L), .Dim = c(9L, 
    3L), .Dimnames = structure(list(c("-1", "-2", "-3", "-4", 
    "-5", "0", "1", "2", NA), c("C", "T", NA)), .Names = c("", 
    "")), class = "table"), LMmono09 = structure(c(641L, 122L, 
    14L, 2507L, 95L, 1L, 75L, 2L, 0L, 0L, 19L, 0L, 0L, 0L), .Dim = c(7L, 
    2L), .Dimnames = structure(list(c("-1", "-2", "-3", "0", 
    "1", "2", NA), c("T", NA)), .Names = c("", "")), class = "table"), 
    LMmono12 = structure(c(1103L, 109L, 12L, 5318L, 680L, 120L, 
    43L, 15L, 2L, 1L, 316L, 10L, 1L, 0L, 217L, 13L, 2L, 1L, 0L, 
    0L, 0L, 0L), .Dim = c(11L, 2L), .Dimnames = structure(list(
        c("-1", "-2", "-3", "0", "1", "2", "3", "4", "5", "6", 
        NA), c("A", NA)), .Names = c("", "")), class = "table"), 
    LMmono16 = structure(c(11L, 2L, 2L, 2517L, 104L, 945L, 5L, 
    143L, 6L, 1L, 237L, 0L, 0L, 0L, 0L, 0L, 1L, 0L, 0L, 0L, 0L, 
    0L, 2L, 0L, 0L, 414L, 1L, 59L, 1L, 20L, 2L, 1L, 0L), .Dim = c(11L, 
    3L), .Dimnames = structure(list(c("-1", "-2", "-3", "0", 
    "1", "3", "4", "5", "6", "7", NA), c("A", "T", NA)), .Names = c("", 
    "")), class = "table"), MSJmono10 = structure(c(852L, 67L, 
    1L, 11443L, 396L, 15L, 73L, 1L, 0L, 0L, 2L, 0L, 0L, 0L, 25L, 
    0L, 0L, 349L, 17L, 1L, 0L), .Dim = c(7L, 3L), .Dimnames = structure(list(
        c("-1", "-2", "-3", "0", "1", "2", NA), c("C", "T", NA
        )), .Names = c("", "")), class = "table"), MSJmono19ms1 = structure(c(1274L, 
    104L, 24L, 6476L, 183L, 4L, 194L, 0L, 0L, 0L, 6L, 0L, 0L, 
    0L, 0L, 0L, 0L, 1L, 0L, 0L, 0L, 0L, 0L, 0L, 1L, 0L, 0L, 0L, 
    85L, 2L, 0L, 705L, 11L, 1L, 0L), .Dim = c(7L, 5L), .Dimnames = structure(list(
        c("-1", "-2", "-3", "0", "1", "2", NA), c("A", "C", "G", 
        "T", NA)), .Names = c("", "")), class = "table"), MSJmono19ms2 = structure(c(1497L, 
    40L, 6043L, 55L, 1L, 187L, 12L, 0L, 473L, 1L, 0L, 0L), .Dim = c(6L, 
    2L), .Dimnames = structure(list(c("-1", "-2", "0", "1", "2", 
    NA), c("C", NA)), .Names = c("", "")), class = "table"), 
    MSJmono36 = structure(c(912L, 204L, 22L, 2L, 2748L, 67L, 
    1L, 1L, 123L, 0L, 0L, 0L, 0L, 1L, 0L, 0L, 0L, 0L, 6L, 0L, 
    0L, 0L, 66L, 1L, 0L, 0L, 0L), .Dim = c(9L, 3L), .Dimnames = structure(list(
        c("-1", "-2", "-3", "-4", "0", "1", "2", "3", NA), c("G", 
        "T", NA)), .Names = c("", "")), class = "table"), MSJmono44 = structure(c(621L, 
    206L, 5L, 1980L, 25L, 23L, 9L, 1L, 0L, 39L, 1L, 0L), .Dim = c(6L, 
    2L), .Dimnames = structure(list(c("-1", "-2", "-3", "0", 
    "1", NA), c("T", NA)), .Names = c("", "")), class = "table"), 
    MSJmono46 = structure(c(546L, 1048L, 241L, 17L, 1204L, 70L, 
    5L, 100L, 4L, 11L, 3L, 0L, 29L, 1L, 0L, 0L), .Dim = c(8L, 
    2L), .Dimnames = structure(list(c("-1", "-2", "-3", "-4", 
    "0", "1", "2", NA), c("C", NA)), .Names = c("", "")), class = "table"), 
    LMmono04v2_SNP1 = structure(c(1019L, 94L, 1L, 3548L, 262L, 
    8L, 39L, 18L, 0L, 0L, 176L, 5L, 2L, 0L), .Dim = c(7L, 2L), .Dimnames = structure(list(
        c("-1", "-2", "-3", "0", "1", "2", NA), c("C", NA)), .Names = c("", 
    "")), class = "table"), AKMmono01v2_SNP1 = structure(c(2L, 
    0L, 0L, 0L, 1L, 0L, 0L, 0L, 0L, 2299L, 293L, 17L, 1L, 5184L, 
    95L, 1L, 1L, 108L, 24L, 2L, 0L, 0L, 129L, 1L, 0L, 0L, 0L), .Dim = c(9L, 
    3L), .Dimnames = structure(list(c("-1", "-2", "-3", "-4", 
    "0", "1", "2", "3", NA), c("C", "T", NA)), .Names = c("", 
    "")), class = "table"), AKMmono10v2_SNP1 = structure(c(246L, 
    4L, 2047L, 21L, 4L, 367L, 3L, 1678L, 32L, 11L, 9L, 1L, 175L, 
    3L, 0L), .Dim = c(5L, 3L), .Dimnames = structure(list(c("-1", 
    "-2", "0", "1", NA), c("A", "G", NA)), .Names = c("", "")), class = "table"), 
    AKMmono17v2_SNP1 = structure(c(1L, 5L, 0L, 6L, 0L, 0L, 486L, 
    21L, 1L, 850L, 18L, 19L, 2L, 1L, 0L, 27L, 1L, 0L), .Dim = c(6L, 
    3L), .Dimnames = structure(list(c("-1", "-2", "-3", "0", 
    "1", NA), c("A", "C", NA)), .Names = c("", "")), class = "table"), 
    EJmono13v2_SNP1 = structure(c(289L, 5L, 2L, 4225L, 294L, 
    14L, 1L, 53L, 2L, 0L, 0L, 113L, 5L, 0L, 0L, 0L), .Dim = c(8L, 
    2L), .Dimnames = structure(list(c("-1", "-2", "-3", "0", 
    "1", "2", "3", NA), c("G", NA)), .Names = c("", "")), class = "table"), 
    LMmono05v2_SNP1 = structure(c(0L, 0L, 0L, 1L, 0L, 0L, 0L, 
    376L, 75L, 13L, 1454L, 45L, 2L, 18L, 10L, 1L, 0L, 61L, 0L, 
    0L, 0L), .Dim = c(7L, 3L), .Dimnames = structure(list(c("-1", 
    "-2", "-3", "0", "1", "2", NA), c("A", "T", NA)), .Names = c("", 
    "")), class = "table"), LMmono10v2_SNP1 = structure(c(1729L, 
    1028L, 372L, 83L, 6L, 1L, 4966L, 86L, 303L, 0L, 0L, 0L, 0L, 
    0L, 0L, 1L, 0L, 0L, 0L, 0L, 1L, 0L, 0L, 0L, 0L, 0L, 0L, 26L, 
    12L, 1L, 1L, 0L, 0L, 269L, 2L, 0L), .Dim = c(9L, 4L), .Dimnames = structure(list(
        c("-1", "-2", "-3", "-4", "-5", "-6", "0", "1", NA), 
        c("A", "G", "T", NA)), .Names = c("", "")), class = "table"), 
    MSJmono30v2_SNP1 = structure(c(153L, 152L, 38L, 11L, 614L, 
    20L, 0L, 12L, 16L, 3L, 0L, 0L, 289L, 31L, 1L, 0L), .Dim = c(8L, 
    2L), .Dimnames = structure(list(c("-1", "-2", "-3", "-4", 
    "0", "1", "2", NA), c("C", NA)),