Result <-
list(AKMmono02 = structure(c(276L, 120L, 14L, 1L, 1607L, 51L, 
4L, 72L, 4L, 1L, 0L, 0L, 22L, 0L, 0L, 0L), .Dim = c(8L, 2L), .Dimnames = structure(list(
    c("-1", "-2", "-3", "-4", "0", "1", "2", NA), c("T", NA)), .Names = c("", 
"")), class = "table"), AKMmono03 = structure(c(1247L, 233L, 
34L, 7L, 2765L, 51L, 2L, 81L, 0L, 0L, 0L, 0L, 1L, 0L, 0L, 0L, 
50L, 11L, 0L, 0L, 195L, 2L, 0L, 0L), .Dim = c(8L, 3L), .Dimnames = structure(list(
    c("-1", "-2", "-3", "-4", "0", "1", "2", NA), c("A", "C", 
    NA)), .Names = c("", "")), class = "table"), AKMmono05 = structure(c(475L, 
255L, 84L, 3L, 1137L, 37L, 1L, 28L, 0L, 0L, 0L, 0L, 1L, 0L, 0L, 
0L, 19L, 10L, 1L, 1L, 129L, 3L, 0L, 0L), .Dim = c(8L, 3L), .Dimnames = structure(list(
    c("-1", "-2", "-3", "-4", "0", "1", "2", NA), c("A", "C", 
    NA)), .Names = c("", "")), class = "table"), AKMmono13 = structure(c(651L, 
171L, 18L, 1474L, 33L, 34L, 16L, 3L, 0L, 90L, 3L, 0L), .Dim = c(6L, 
2L), .Dimnames = structure(list(c("-1", "-2", "-3", "0", "1", 
NA), c("A", NA)), .Names = c("", "")), class = "table"), AKMmono16 = structure(c(436L, 
43L, 34L, 1L, 3472L, 96L, 1L, 19L, 0L, 0L, 0L, 0L, 1L, 0L, 0L, 
0L, 8L, 2L, 0L, 0L, 185L, 2L, 1L, 0L), .Dim = c(8L, 3L), .Dimnames = structure(list(
    c("-1", "-2", "-3", "-4", "0", "1", "2", NA), c("A", "T", 
    NA)), .Names = c("", "")), class = "table"), AKMmono22 = structure(c(309L, 
105L, 23L, 1L, 865L, 45L, 1L, 44L, 8L, 3L, 0L, 0L, 83L, 1L, 0L, 
0L), .Dim = c(8L, 2L), .Dimnames = structure(list(c("-1", "-2", 
"-3", "-4", "0", "1", "2", NA), c("A", NA)), .Names = c("", ""
)), class = "table"), EJmono05 = structure(c(0L, 0L, 0L, 1L, 
0L, 0L, 765L, 83L, 4L, 4085L, 103L, 19L, 14L, 1L, 0L, 118L, 1L, 
0L), .Dim = c(6L, 3L), .Dimnames = structure(list(c("-1", "-2", 
"-3", "0", "1", NA), c("C", "T", NA)), .Names = c("", "")), class = "table"), 
    EJmono16 = structure(c(722L, 82L, 12L, 3354L, 441L, 25L, 
    3L, 167L, 4L, 0L, 0L, 38L, 4L, 2L, 0L, 0L), .Dim = c(8L, 
    2L), .Dimnames = structure(list(c("-1", "-2", "-3", "0", 
    "1", "2", "3", NA), c("A", NA)), .Names = c("", "")), class = "table"), 
    LMmono01 = structure(c(557L, 68L, 3L, 1197L, 11L, 21L, 0L, 
    1L, 0L, 1L, 0L, 0L, 17L, 1L, 0L, 81L, 2L, 0L), .Dim = c(6L, 
    3L), .Dimnames = structure(list(c("-1", "-2", "-3", "0", 
    "1", NA), c("A", "T", NA)), .Names = c("", "")), class = "table"), 
    LMmono03 = structure(c(284L, 185L, 50L, 18L, 1L, 1123L, 27L, 
    1L, 86L, 0L, 0L, 0L, 0L, 0L, 5L, 0L, 0L, 1L, 1L, 1L, 0L, 
    0L, 0L, 55L, 0L, 0L, 0L), .Dim = c(9L, 3L), .Dimnames = structure(list(
        c("-1", "-2", "-3", "-4", "-5", "0", "1", "2", NA), c("C", 
        "T", NA)), .Names = c("", "")), class = "table"), LMmono09 = structure(c(146L, 
    232L, 87L, 2L, 559L, 6L, 31L, 1L, 0L, 1L, 0L, 8L, 0L, 0L), .Dim = c(7L, 
    2L), .Dimnames = structure(list(c("-1", "-2", "-3", "-4", 
    "0", "1", NA), c("T", NA)), .Names = c("", "")), class = "table"), 
    LMmono12 = structure(c(560L, 267L, 99L, 1L, 2458L, 170L, 
    12L, 3L, 102L, 0L, 0L, 0L, 0L, 1L, 0L, 0L, 0L, 0L, 0L, 0L, 
    0L, 0L, 1L, 0L, 0L, 0L, 0L, 5L, 3L, 0L, 0L, 103L, 1L, 0L, 
    0L, 0L), .Dim = c(9L, 4L), .Dimnames = structure(list(c("-1", 
    "-2", "-3", "-4", "0", "1", "2", "3", NA), c("A", "G", "T", 
    NA)), .Names = c("", "")), class = "table"), LMmono16 = structure(c(353L, 
    525L, 187L, 26L, 1L, 1078L, 97L, 1L, 110L, 1L, 33L, 1L, 1L, 
    84L, 0L, 0L, 0L, 0L, 0L, 1L, 0L, 0L, 0L, 0L, 0L, 0L, 0L, 
    0L, 11L, 15L, 5L, 0L, 0L, 151L, 8L, 0L, 6L, 0L, 4L, 0L, 1L, 
    0L), .Dim = c(14L, 3L), .Dimnames = structure(list(c("-1", 
    "-2", "-3", "-4", "-6", "0", "1", "2", "3", "4", "5", "6", 
    "7", NA), c("A", "T", NA)), .Names = c("", "")), class = "table"), 
    MSJmono10 = structure(c(1715L, 289L, 23L, 5407L, 170L, 6L, 
    70L, 22L, 2L, 1L, 194L, 8L, 1L, 0L), .Dim = c(7L, 2L), .Dimnames = structure(list(
        c("-1", "-2", "-3", "0", "1", "2", NA), c("C", NA)), .Names = c("", 
    "")), class = "table"), MSJmono19ms1 = structure(c(767L, 
    122L, 6L, 3753L, 93L, 121L, 1L, 0L, 0L, 6L, 1L, 2L, 52L, 
    4L, 0L, 421L, 11L, 0L), .Dim = c(6L, 3L), .Dimnames = structure(list(
        c("-1", "-2", "-3", "0", "1", NA), c("A", "C", NA)), .Names = c("", 
    "")), class = "table"), MSJmono19ms2 = structure(c(1022L, 
    84L, 3306L, 32L, 122L, 13L, 0L, 216L, 0L, 0L), .Dim = c(5L, 
    2L), .Dimnames = structure(list(c("-1", "-2", "0", "1", NA
    ), c("C", NA)), .Names = c("", "")), class = "table"), MSJmono36 = structure(c(348L, 
    133L, 22L, 1204L, 55L, 6L, 57L, 2L, 2L, 0L, 30L, 2L, 0L, 
    0L), .Dim = c(7L, 2L), .Dimnames = structure(list(c("-1", 
    "-2", "-3", "0", "1", "2", NA), c("G", NA)), .Names = c("", 
    "")), class = "table"), MSJmono44 = structure(c(221L, 15L, 
    1L, 1L, 462L, 11L, 11L, 1L, 0L, 0L, 0L, 12L, 0L, 0L), .Dim = c(7L, 
    2L), .Dimnames = structure(list(c("-1", "-2", "-3", "-4", 
    "0", "1", NA), c("T", NA)), .Names = c("", "")), class = "table"), 
    MSJmono46 = structure(c(225L, 214L, 19L, 2L, 388L, 19L, 49L, 
    0L, 3L, 0L, 0L, 11L, 1L, 0L), .Dim = c(7L, 2L), .Dimnames = structure(list(
        c("-1", "-2", "-3", "-4", "0", "1", NA), c("C", NA)), .Names = c("", 
    "")), class = "table"), LMmono04v2_SNP1 = structure(c(4L, 
    0L, 0L, 2L, 0L, 0L, 0L, 496L, 86L, 15L, 1380L, 41L, 3L, 18L, 
    0L, 0L, 0L, 1L, 0L, 0L, 0L, 5L, 2L, 0L, 52L, 0L, 0L, 0L), .Dim = c(7L, 
    4L), .Dimnames = structure(list(c("-1", "-2", "-3", "0", 
    "1", "2", NA), c("A", "C", "T", NA)), .Names = c("", "")), class = "table"), 
    AKMmono01v2_SNP1 = structure(c(2073L, 237L, 42L, 17L, 1L, 
    29L, 0L, 0L, 86L, 103L, 368L, 23L, 1L, 0L, 1134L, 24L, 2L, 
    19L, 25L, 4L, 1L, 0L, 0L, 40L, 1L, 0L, 0L), .Dim = c(9L, 
    3L), .Dimnames = structure(list(c("-1", "-2", "-3", "-4", 
    "-5", "0", "1", "2", NA), c("C", "T", NA)), .Names = c("", 
    "")), class = "table"), AKMmono10v2_SNP1 = structure(c(436L, 
    42L, 951L, 12L, 1L, 15L, 4L, 0L, 46L, 0L, 0L, 0L), .Dim = c(6L, 
    2L), .Dimnames = structure(list(c("-1", "-2", "0", "1", "2", 
    NA), c("A", NA)), .Names = c("", "")), class = "table"), 
    AKMmono17v2_SNP1 = structure(c(4L, 0L, 0L, 6L, 0L, 1L, 105L, 
    206L, 22L, 429L, 10L, 16L, 0L, 0L, 0L, 14L, 0L, 0L), .Dim = c(6L, 
    3L), .Dimnames = structure(list(c("-1", "-2", "-3", "0", 
    "1", NA), c("A", "C", NA)), .Names = c("", "")), class = "table"), 
    EJmono13v2_SNP1 = structure(c(0L, 0L, 1L, 0L, 0L, 0L, 0L, 
    151L, 23L, 1642L, 50L, 5L, 1L, 10L, 2L, 0L, 42L, 0L, 0L, 
    0L, 0L), .Dim = c(7L, 3L), .Dimnames = structure(list(c("-1", 
    "-2", "0", "1", "2", "3", NA), c("A", "G", NA)), .Names = c("", 
    "")), class = "table"), LMmono05v2_SNP1 = structure(c(101L, 
    15L, 226L, 4L, 2L, 33L, 0L, 301L, 6L, 1L, 1L, 1L, 19L, 1L, 
    0L), .Dim = c(5L, 3L), .Dimnames = structure(list(c("-1", 
    "-2", "0", "1", NA), c("A", "T", NA)), .Names = c("", "")), class = "table"), 
    LMmono10v2_SNP1 = structure(c(404L, 243L, 180L, 15L, 1581L, 
    33L, 91L, 8L, 3L, 2L, 1L, 77L, 0L, 0L), .Dim = c(7L, 2L), .Dimnames = structure(list(
        c("-1", "-2", "-3", "-4", "0", "1", NA), c("A", NA)), .Names = c("", 
    "")), class = "table"), MSJmono30v2_SNP1 = structure(c(57L, 
    1L, 170L, 7L, 0L, 1L, 6L, 0L, 110L, 11L, 1L, 0L), .Dim = c(6L, 
    2L), .Dimnames = structure(list(c("-1", "-2", "0", "1", "2", 
    NA), c("C", NA)), .Names = c("", "")), class = "table"), 
    EJmono14v2_SNP1 = structure(c(244L, 17L, 550L, 5L, 0L, 3L, 
    202L, 18L, 761L, 25L, 2L, 5L, 13L, 1L, 171L, 7L, 0L, 0L), .Dim = c(6L, 
    3L), .Dimnames = structure(list(c("-1", "-2", "0", "1", "2", 
    NA), c("A", "G", NA)), .Names = c("", "")), class = "table"), 
    AKMmono08v2_SNP1 = structure(c(307L, 4L, 1L, 732L, 28L, 2L, 
    10L, 30L, 0L, 0L, 58L, 3L, 0L, 0L), .Dim = c(7L, 2L), .Dimnames = structure(list(
        c("-1", "-2", "-3", "0", "1", "2", NA), c("A", NA)), .Names = c("", 
    "")), class = "table"),