Result <-
list(AKMmono02 = structure(c(0L, 0L, 2L, 0L, 0L, 0L, 0L, 0L, 
1L, 0L, 0L, 0L, 222L, 22L, 3275L, 57L, 1L, 39L, 1L, 0L, 49L, 
0L, 0L, 0L), .Dim = c(6L, 4L), .Dimnames = structure(list(c("-1", 
"-2", "0", "1", "2", NA), c("A", "C", "T", NA)), .Names = c("", 
"")), class = "table"), AKMmono03 = structure(c(734L, 91L, 14L, 
2L, 7309L, 85L, 68L, 0L, 0L, 0L, 0L, 1L, 0L, 0L, 0L, 0L, 0L, 
0L, 1L, 0L, 0L, 0L, 0L, 0L, 0L, 1L, 0L, 0L, 28L, 4L, 0L, 0L, 
556L, 2L, 0L), .Dim = c(7L, 5L), .Dimnames = structure(list(c("-1", 
"-2", "-3", "-4", "0", "1", NA), c("A", "C", "G", "T", NA)), .Names = c("", 
"")), class = "table"), AKMmono05 = structure(c(500L, 62L, 5L, 
2L, 3670L, 143L, 3L, 45L, 0L, 0L, 0L, 0L, 1L, 0L, 0L, 0L, 0L, 
0L, 0L, 0L, 2L, 0L, 0L, 0L, 24L, 0L, 0L, 0L, 405L, 8L, 0L, 0L
), .Dim = c(8L, 4L), .Dimnames = structure(list(c("-1", "-2", 
"-3", "-4", "0", "1", "2", NA), c("A", "G", "T", NA)), .Names = c("", 
"")), class = "table"), AKMmono13 = structure(c(312L, 14L, 1L, 
5241L, 107L, 2L, 27L, 0L, 0L, 0L, 2L, 0L, 0L, 0L, 10L, 0L, 0L, 
339L, 5L, 1L, 0L), .Dim = c(7L, 3L), .Dimnames = structure(list(
    c("-1", "-2", "-3", "0", "1", "2", NA), c("A", "G", NA)), .Names = c("", 
"")), class = "table"), AKMmono16 = structure(c(559L, 43L, 1L, 
6822L, 96L, 4L, 25L, 0L, 0L, 0L, 1L, 0L, 0L, 0L, 0L, 0L, 0L, 
1L, 0L, 0L, 0L, 11L, 1L, 0L, 381L, 4L, 0L, 0L), .Dim = c(7L, 
4L), .Dimnames = structure(list(c("-1", "-2", "-3", "0", "1", 
"2", NA), c("A", "G", "T", NA)), .Names = c("", "")), class = "table"), 
    AKMmono22 = structure(c(344L, 54L, 4L, 1L, 2460L, 123L, 6L, 
    82L, 0L, 0L, 0L, 0L, 2L, 0L, 0L, 0L, 13L, 2L, 0L, 0L, 276L, 
    3L, 0L, 0L), .Dim = c(8L, 3L), .Dimnames = structure(list(
        c("-1", "-2", "-3", "-4", "0", "1", "2", NA), c("A", 
        "G", NA)), .Names = c("", "")), class = "table"), EJmono05 = structure(c(0L, 
    0L, 0L, 1L, 0L, 0L, 0L, 776L, 66L, 1L, 8211L, 143L, 3L, 34L, 
    17L, 0L, 0L, 234L, 3L, 0L, 0L), .Dim = c(7L, 3L), .Dimnames = structure(list(
        c("-1", "-2", "-3", "0", "1", "2", NA), c("A", "T", NA
        )), .Names = c("", "")), class = "table"), EJmono16 = structure(c(367L, 
    25L, 2L, 6527L, 304L, 11L, 114L, 0L, 0L, 0L, 1L, 0L, 0L, 
    0L, 3L, 1L, 0L, 75L, 0L, 1L, 0L), .Dim = c(7L, 3L), .Dimnames = structure(list(
        c("-1", "-2", "-3", "0", "1", "2", NA), c("A", "G", NA
        )), .Names = c("", "")), class = "table"), LMmono01 = structure(c(184L, 
    8L, 1954L, 27L, 11L, 0L, 0L, 1L, 0L, 0L, 8L, 0L, 118L, 0L, 
    0L), .Dim = c(5L, 3L), .Dimnames = structure(list(c("-1", 
    "-2", "0", "1", NA), c("A", "T", NA)), .Names = c("", "")), class = "table"), 
    LMmono03 = structure(c(0L, 0L, 0L, 0L, 0L, 0L, 0L, 1L, 708L, 
    94L, 10L, 2L, 3681L, 114L, 1L, 152L, 0L, 0L, 0L, 0L, 2L, 
    0L, 0L, 0L, 9L, 0L, 0L, 0L, 171L, 3L, 0L, 0L), .Dim = c(8L, 
    4L), .Dimnames = structure(list(c("-1", "-2", "-3", "-4", 
    "0", "1", "2", NA), c("A", "C", "T", NA)), .Names = c("", 
    "")), class = "table"), LMmono09 = structure(c(339L, 32L, 
    1L, 2156L, 63L, 32L, 1L, 0L, 0L, 19L, 1L, 0L), .Dim = c(6L, 
    2L), .Dimnames = structure(list(c("-1", "-2", "-3", "0", 
    "1", NA), c("T", NA)), .Names = c("", "")), class = "table"), 
    LMmono12 = structure(c(1175L, 83L, 4L, 7115L, 407L, 18L, 
    208L, 6L, 3L, 0L, 276L, 13L, 0L, 0L), .Dim = c(7L, 2L), .Dimnames = structure(list(
        c("-1", "-2", "-3", "0", "1", "2", NA), c("A", NA)), .Names = c("", 
    "")), class = "table"), LMmono16 = structure(c(305L, 28L, 
    2L, 1L, 2539L, 78L, 4L, 287L, 87L, 9L, 92L, 14L, 2L, 0L, 
    0L, 456L, 2L, 1L, 22L, 15L, 1L, 0L), .Dim = c(11L, 2L), .Dimnames = structure(list(
        c("-1", "-2", "-3", "-5", "0", "1", "2", "3", "5", "6", 
        NA), c("A", NA)), .Names = c("", "")), class = "table"), 
    MSJmono10 = structure(c(0L, 0L, 0L, 2L, 0L, 0L, 0L, 0L, 507L, 
    15L, 1L, 9936L, 283L, 8L, 1L, 64L, 21L, 0L, 0L, 347L, 18L, 
    0L, 0L, 0L), .Dim = c(8L, 3L), .Dimnames = structure(list(
        c("-1", "-2", "-3", "0", "1", "2", "3", NA), c("A", "C", 
        NA)), .Names = c("", "")), class = "table"), MSJmono19ms1 = structure(c(1L, 
    0L, 0L, 0L, 0L, 0L, 0L, 333L, 24L, 6L, 7240L, 161L, 6L, 143L, 
    0L, 0L, 0L, 4L, 0L, 0L, 2L, 1L, 0L, 0L, 3L, 0L, 0L, 0L, 29L, 
    1L, 0L, 880L, 20L, 1L, 0L), .Dim = c(7L, 5L), .Dimnames = structure(list(
        c("-1", "-2", "-3", "0", "1", "2", NA), c("-", "A", "C", 
        "T", NA)), .Names = c("", "")), class = "table"), MSJmono19ms2 = structure(c(312L, 
    3L, 7267L, 61L, 1L, 77L, 5L, 0L, 532L, 2L, 0L, 0L), .Dim = c(6L, 
    2L), .Dimnames = structure(list(c("-1", "-2", "0", "1", "2", 
    NA), c("C", NA)), .Names = c("", "")), class = "table"), 
    MSJmono36 = structure(c(159L, 6L, 2918L, 64L, 38L, 2L, 0L, 
    76L, 1L, 0L), .Dim = c(5L, 2L), .Dimnames = structure(list(
        c("-1", "-2", "0", "1", NA), c("G", NA)), .Names = c("", 
    "")), class = "table"), MSJmono44 = structure(c(1L, 0L, 0L, 
    0L, 0L, 0L, 97L, 6L, 1874L, 32L, 1L, 11L, 2L, 0L, 36L, 1L, 
    0L, 0L), .Dim = c(6L, 3L), .Dimnames = structure(list(c("-1", 
    "-2", "0", "1", "2", NA), c("C", "T", NA)), .Names = c("", 
    "")), class = "table"), MSJmono46 = structure(c(387L, 37L, 
    5L, 1909L, 87L, 41L, 3L, 1L, 0L, 57L, 2L, 0L), .Dim = c(6L, 
    2L), .Dimnames = structure(list(c("-1", "-2", "-3", "0", 
    "1", NA), c("C", NA)), .Names = c("", "")), class = "table"), 
    LMmono04v2_SNP1 = structure(c(0L, 0L, 1L, 0L, 0L, 0L, 435L, 
    22L, 3873L, 149L, 4L, 26L, 3L, 0L, 172L, 8L, 0L, 0L), .Dim = c(6L, 
    3L), .Dimnames = structure(list(c("-1", "-2", "0", "1", "2", 
    NA), c("A", "C", NA)), .Names = c("", "")), class = "table"), 
    AKMmono01v2_SNP1 = structure(c(0L, 0L, 0L, 0L, 1L, 0L, 0L, 
    0L, 0L, 0L, 0L, 3L, 0L, 0L, 543L, 26L, 1L, 1L, 7983L, 105L, 
    64L, 14L, 3L, 0L, 0L, 231L, 3L, 0L), .Dim = c(7L, 4L), .Dimnames = structure(list(
        c("-1", "-2", "-3", "-4", "0", "1", NA), c("-", "A", 
        "T", NA)), .Names = c("", "")), class = "table"), AKMmono10v2_SNP1 = structure(c(161L, 
    9L, 3594L, 40L, 4L, 9L, 0L, 0L, 1L, 0L, 0L, 1L, 0L, 0L, 172L, 
    2L, 0L, 0L), .Dim = c(6L, 3L), .Dimnames = structure(list(
        c("-1", "-2", "0", "1", "2", NA), c("A", "G", NA)), .Names = c("", 
    "")), class = "table"), AKMmono17v2_SNP1 = structure(c(0L, 
    0L, 0L, 0L, 4L, 1L, 0L, 76L, 2L, 1L, 1L, 1522L, 23L, 6L, 
    1L, 0L, 0L, 0L, 51L, 0L, 0L), .Dim = c(7L, 3L), .Dimnames = structure(list(
        c("-1", "-2", "-3", "-4", "0", "1", NA), c("A", "C", 
        NA)), .Names = c("", "")), class = "table"), EJmono13v2_SNP1 = structure(c(1L, 
    0L, 3L, 0L, 0L, 0L, 250L, 4L, 4633L, 84L, 2L, 27L, 3L, 0L, 
    86L, 3L, 0L, 0L), .Dim = c(6L, 3L), .Dimnames = structure(list(
        c("-1", "-2", "0", "1", "2", NA), c("A", "G", NA)), .Names = c("", 
    "")), class = "table"), LMmono05v2_SNP1 = structure(c(134L, 
    5L, 1661L, 31L, 2L, 15L, 1L, 0L, 36L, 0L, 0L, 0L), .Dim = c(6L, 
    2L), .Dimnames = structure(list(c("-1", "-2", "0", "1", "2", 
    NA), c("A", NA)), .Names = c("", "")), class = "table"), 
    LMmono10v2_SNP1 = structure(c(814L, 71L, 5L, 1L, 5748L, 82L, 
    188L, 0L, 0L, 0L, 0L, 1L, 0L, 0L, 0L, 0L, 0L, 0L, 1L, 0L, 
    0L, 12L, 0L, 0L, 0L, 351L, 3L, 0L), .Dim = c(7L, 4L), .Dimnames = structure(list(
        c("-1", "-2", "-3", "-4", "0", "1", NA), c("A", "C", 
        "T", NA)), .Names = c("", "")), class = "table"), MSJmono30v2_SNP1 = structure(c(11L, 
    1L, 126L, 3L, 0L, 1L, 7L, 0L, 168L, 6L, 0L, 1L, 1L, 0L, 125L, 
    8L, 2L, 0L), .Dim = c(6L, 3L), .Dimnames = structure(list(
        c("-1", "-2", "0", "1", "2", NA), c("C", "T", NA)), .Names = c("", 
    "")), class = "table"), EJmono14v2_SNP1 = structure(c(172L, 
    10L, 2L, 1733L, 26L, 1L, 3L, 184L, 0L, 0L, 1822L, 39L, 1L, 
    16L, 0L, 0L, 0L, 1L, 0L, 0L, 1L, 13L, 1L, 0L, 456L, 13L, 
    0L, 0L), .Dim = c(7L, 4L), .Dimnames = structure(list(c("-1", 
    "-2", "-3", "0", "1", "2", NA), c("A", "G", "T", NA)),