Result <-
list(AKMmono02 = structure(c(386L, 19L, 1L, 3872L, 116L, 2L, 
87L, 7L, 0L, 0L, 60L, 1L, 0L, 0L), .Dim = c(7L, 2L), .Dimnames = structure(list(
    c("-1", "-2", "-3", "0", "1", "2", NA), c("T", NA)), .Names = c("", 
"")), class = "table"), AKMmono03 = structure(c(0L, 0L, 0L, 0L, 
0L, 1L, 0L, 0L, 0L, 1215L, 223L, 79L, 6L, 1L, 9393L, 237L, 2L, 
96L, 1L, 1L, 0L, 0L, 0L, 1L, 0L, 0L, 0L, 40L, 11L, 3L, 0L, 0L, 
651L, 8L, 0L, 0L), .Dim = c(9L, 4L), .Dimnames = structure(list(
    c("-1", "-2", "-3", "-4", "-5", "0", "1", "2", NA), c("-", 
    "A", "G", NA)), .Names = c("", "")), class = "table"), AKMmono05 = structure(c(832L, 
112L, 17L, 4L, 5130L, 262L, 2L, 78L, 0L, 0L, 0L, 0L, 1L, 0L, 
0L, 0L, 27L, 1L, 1L, 0L, 536L, 24L, 0L, 0L), .Dim = c(8L, 3L), .Dimnames = structure(list(
    c("-1", "-2", "-3", "-4", "0", "1", "2", NA), c("A", "G", 
    NA)), .Names = c("", "")), class = "table"), AKMmono13 = structure(c(421L, 
20L, 1L, 6375L, 214L, 9L, 1L, 51L, 0L, 0L, 0L, 1L, 0L, 0L, 0L, 
0L, 11L, 0L, 0L, 346L, 8L, 0L, 0L, 0L), .Dim = c(8L, 3L), .Dimnames = structure(list(
    c("-1", "-2", "-3", "0", "1", "2", "3", NA), c("A", "G", 
    NA)), .Names = c("", "")), class = "table"), AKMmono16 = structure(c(775L, 
41L, 2L, 7231L, 177L, 0L, 35L, 10L, 0L, 0L, 348L, 16L, 1L, 0L
), .Dim = c(7L, 2L), .Dimnames = structure(list(c("-1", "-2", 
"-3", "0", "1", "2", NA), c("A", NA)), .Names = c("", "")), class = "table"), 
    AKMmono22 = structure(c(543L, 95L, 7L, 3L, 3038L, 240L, 22L, 
    2L, 127L, 0L, 0L, 0L, 0L, 0L, 0L, 0L, 0L, 1L, 12L, 5L, 0L, 
    0L, 291L, 6L, 1L, 0L, 0L), .Dim = c(9L, 3L), .Dimnames = structure(list(
        c("-1", "-2", "-3", "-4", "0", "1", "2", "3", NA), c("A", 
        "T", NA)), .Names = c("", "")), class = "table"), EJmono05 = structure(c(0L, 
    0L, 2L, 0L, 0L, 0L, 1075L, 100L, 9575L, 221L, 5L, 54L, 19L, 
    1L, 258L, 4L, 1L, 0L), .Dim = c(6L, 3L), .Dimnames = structure(list(
        c("-1", "-2", "0", "1", "2", NA), c("A", "T", NA)), .Names = c("", 
    "")), class = "table"), EJmono16 = structure(c(675L, 52L, 
    1L, 8486L, 662L, 35L, 219L, 2L, 0L, 0L, 80L, 4L, 0L, 0L), .Dim = c(7L, 
    2L), .Dimnames = structure(list(c("-1", "-2", "-3", "0", 
    "1", "2", NA), c("A", NA)), .Names = c("", "")), class = "table"), 
    LMmono01 = structure(c(392L, 24L, 3327L, 105L, 1L, 24L, 0L, 
    0L, 2L, 0L, 0L, 0L, 9L, 1L, 207L, 5L, 1L, 0L), .Dim = c(6L, 
    3L), .Dimnames = structure(list(c("-1", "-2", "0", "1", "2", 
    NA), c("A", "G", NA)), .Names = c("", "")), class = "table"), 
    LMmono03 = structure(c(2L, 0L, 0L, 0L, 0L, 7L, 1L, 0L, 0L, 
    935L, 132L, 13L, 2L, 1L, 4128L, 183L, 11L, 185L, 1L, 0L, 
    0L, 0L, 0L, 0L, 0L, 0L, 0L, 12L, 0L, 0L, 0L, 0L, 221L, 3L, 
    0L, 0L), .Dim = c(9L, 4L), .Dimnames = structure(list(c("-1", 
    "-2", "-3", "-4", "-6", "0", "1", "2", NA), c("A", "C", "G", 
    NA)), .Names = c("", "")), class = "table"), LMmono09 = structure(c(0L, 
    0L, 0L, 1L, 0L, 0L, 0L, 610L, 60L, 14L, 3287L, 150L, 5L, 
    65L, 5L, 0L, 0L, 30L, 0L, 0L, 0L), .Dim = c(7L, 3L), .Dimnames = structure(list(
        c("-1", "-2", "-3", "0", "1", "2", NA), c("C", "T", NA
        )), .Names = c("", "")), class = "table"), LMmono12 = structure(c(1564L, 
    142L, 11L, 7518L, 651L, 52L, 1L, 275L, 0L, 0L, 0L, 1L, 0L, 
    0L, 0L, 0L, 0L, 0L, 0L, 1L, 0L, 0L, 0L, 0L, 5L, 2L, 0L, 290L, 
    16L, 0L, 0L, 0L), .Dim = c(8L, 4L), .Dimnames = structure(list(
        c("-1", "-2", "-3", "0", "1", "2", "3", NA), c("A", "G", 
        "T", NA)), .Names = c("", "")), class = "table"), LMmono16 = structure(c(890L, 
    72L, 10L, 3186L, 335L, 18L, 8L, 0L, 48L, 3L, 0L, 0L, 0L, 
    0L, 0L, 0L, 0L, 0L, 35L, 4L, 0L, 491L, 24L, 3L, 0L, 1L, 0L
    ), .Dim = c(9L, 3L), .Dimnames = structure(list(c("-1", "-2", 
    "-3", "0", "1", "2", "3", "5", NA), c("A", "C", NA)), .Names = c("", 
    "")), class = "table"), MSJmono10 = structure(c(0L, 0L, 1L, 
    0L, 0L, 0L, 0L, 590L, 28L, 10603L, 478L, 19L, 1L, 63L, 0L, 
    0L, 1L, 0L, 0L, 0L, 0L, 15L, 0L, 376L, 26L, 2L, 0L, 0L), .Dim = c(7L, 
    4L), .Dimnames = structure(list(c("-1", "-2", "0", "1", "2", 
    "4", NA), c("A", "C", "T", NA)), .Names = c("", "")), class = "table"), 
    MSJmono19ms1 = structure(c(598L, 41L, 17L, 9357L, 320L, 4L, 
    203L, 0L, 0L, 0L, 7L, 1L, 0L, 1L, 0L, 0L, 0L, 1L, 0L, 0L, 
    0L, 2L, 0L, 0L, 2L, 0L, 0L, 1L, 57L, 2L, 1L, 1074L, 30L, 
    0L, 0L), .Dim = c(7L, 5L), .Dimnames = structure(list(c("-1", 
    "-2", "-3", "0", "1", "2", NA), c("A", "C", "G", "T", NA)), .Names = c("", 
    "")), class = "table"), MSJmono19ms2 = structure(c(511L, 
    11L, 9516L, 137L, 3L, 127L, 0L, 0L, 1L, 0L, 0L, 0L, 0L, 0L, 
    1L, 0L, 0L, 0L, 5L, 0L, 650L, 0L, 0L, 0L), .Dim = c(6L, 4L
    ), .Dimnames = structure(list(c("-1", "-2", "0", "1", "2", 
    NA), c("C", "G", "T", NA)), .Names = c("", "")), class = "table"), 
    MSJmono36 = structure(c(339L, 13L, 4878L, 156L, 7L, 1L, 71L, 
    1L, 1L, 132L, 3L, 0L, 0L, 0L), .Dim = c(7L, 2L), .Dimnames = structure(list(
        c("-1", "-2", "0", "1", "2", "3", NA), c("G", NA)), .Names = c("", 
    "")), class = "table"), MSJmono44 = structure(c(166L, 7L, 
    2520L, 65L, 1L, 1L, 26L, 2L, 0L, 44L, 0L, 0L, 0L, 0L), .Dim = c(7L, 
    2L), .Dimnames = structure(list(c("-1", "-2", "0", "1", "2", 
    "3", NA), c("T", NA)), .Names = c("", "")), class = "table"), 
    MSJmono46 = structure(c(536L, 70L, 3L, 1L, 2034L, 131L, 3L, 
    51L, 8L, 4L, 1L, 0L, 67L, 1L, 0L, 0L), .Dim = c(8L, 2L), .Dimnames = structure(list(
        c("-1", "-2", "-3", "-4", "0", "1", "2", NA), c("C", 
        NA)), .Names = c("", "")), class = "table"), LMmono04v2_SNP1 = structure(c(469L, 
    43L, 1L, 3464L, 201L, 9L, 1L, 17L, 6L, 0L, 0L, 153L, 7L, 
    1L, 0L, 0L), .Dim = c(8L, 2L), .Dimnames = structure(list(
        c("-1", "-2", "-3", "0", "1", "2", "4", NA), c("C", NA
        )), .Names = c("", "")), class = "table"), AKMmono01v2_SNP1 = structure(c(9L, 
    2L, 0L, 0L, 0L, 0L, 0L, 762L, 43L, 2L, 8467L, 241L, 2L, 83L, 
    14L, 1L, 0L, 249L, 3L, 1L, 0L), .Dim = c(7L, 3L), .Dimnames = structure(list(
        c("-1", "-2", "-3", "0", "1", "2", NA), c("C", "T", NA
        )), .Names = c("", "")), class = "table"), AKMmono10v2_SNP1 = structure(c(83L, 
    3L, 1807L, 25L, 2L, 6L, 108L, 8L, 1784L, 25L, 0L, 5L, 3L, 
    0L, 176L, 5L, 0L, 0L), .Dim = c(6L, 3L), .Dimnames = structure(list(
        c("-1", "-2", "0", "1", "2", NA), c("A", "G", NA)), .Names = c("", 
    "")), class = "table"), AKMmono17v2_SNP1 = structure(c(1L, 
    0L, 0L, 6L, 0L, 0L, 83L, 2L, 1L, 1009L, 25L, 5L, 3L, 0L, 
    0L, 33L, 0L, 0L), .Dim = c(6L, 3L), .Dimnames = structure(list(
        c("-1", "-2", "-3", "0", "1", NA), c("A", "C", NA)), .Names = c("", 
    "")), class = "table"), EJmono13v2_SNP1 = structure(c(2L, 
    0L, 0L, 26L, 0L, 0L, 0L, 267L, 7L, 1L, 3769L, 126L, 3L, 23L, 
    0L, 0L, 0L, 2L, 0L, 0L, 0L, 2L, 0L, 0L, 76L, 3L, 0L, 0L), .Dim = c(7L, 
    4L), .Dimnames = structure(list(c("-1", "-2", "-3", "0", 
    "1", "2", NA), c("A", "G", "T", NA)), .Names = c("", "")), class = "table"), 
    LMmono05v2_SNP1 = structure(c(199L, 7L, 1L, 1916L, 71L, 6L, 
    16L, 0L, 0L, 0L, 1L, 0L, 0L, 0L, 1L, 0L, 0L, 5L, 1L, 0L, 
    0L, 4L, 0L, 0L, 38L, 0L, 0L, 0L), .Dim = c(7L, 4L), .Dimnames = structure(list(
        c("-1", "-2", "-3", "0", "1", "2", NA), c("A", "G", "T", 
        NA)), .Names = c("", "")), class = "table"), LMmono10v2_SNP1 = structure(c(463L, 
    52L, 5L, 1L, 2727L, 62L, 2L, 134L, 456L, 48L, 5L, 0L, 2829L, 
    58L, 1L, 136L, 16L, 0L, 0L, 0L, 378L, 3L, 0L, 0L), .Dim = c(8L, 
    3L), .Dimnames = structure(list(c("-1", "-2", "-3", "-4", 
    "0", "1", "2", NA), c("A", "G", NA)), .Names = c("", "")), class = "table"), 
    MSJmono30v2_SNP1 = structure(c(19L, 1L, 243L, 12L, 0L, 3L, 
    0L, 0L, 1L, 0L, 0L, 0L, 7L, 0L, 122L, 16L, 1L, 0L), .Dim = c(6L, 
    3L), .Dimnames = structure(list(c("-1", "-2", "0", "1", "2", 
    NA), c("C", "T", NA)), .Names = c("", "")), class = "table"),