Result <-
list(AKMmono02 = structure(c(0L, 0L, 0L, 1L, 0L, 0L, 0L, 792L, 
170L, 4L, 2579L, 39L, 1L, 86L, 3L, 1L, 0L, 41L, 0L, 0L, 0L), .Dim = c(7L, 
3L), .Dimnames = structure(list(c("-1", "-2", "-3", "0", "1", 
"2", NA), c("A", "T", NA)), .Names = c("", "")), class = "table"), 
    AKMmono03 = structure(c(1027L, 136L, 32L, 15L, 5681L, 109L, 
    2L, 72L, 1L, 0L, 0L, 0L, 1L, 0L, 0L, 0L, 44L, 9L, 0L, 0L, 
    391L, 2L, 0L, 0L), .Dim = c(8L, 3L), .Dimnames = structure(list(
        c("-1", "-2", "-3", "-4", "0", "1", "2", NA), c("A", 
        "C", NA)), .Names = c("", "")), class = "table"), AKMmono05 = structure(c(1462L, 
    259L, 42L, 4L, 1718L, 67L, 3L, 60L, 2L, 0L, 0L, 0L, 1L, 0L, 
    0L, 0L, 0L, 0L, 0L, 0L, 1L, 0L, 0L, 0L, 0L, 0L, 0L, 0L, 1L, 
    0L, 0L, 0L, 50L, 13L, 0L, 0L, 213L, 6L, 0L, 0L), .Dim = c(8L, 
    5L), .Dimnames = structure(list(c("-1", "-2", "-3", "-4", 
    "0", "1", "2", NA), c("A", "C", "G", "T", NA)), .Names = c("", 
    "")), class = "table"), AKMmono13 = structure(c(158L, 1779L, 
    181L, 5L, 2200L, 55L, 1L, 72L, 3L, 26L, 2L, 0L, 147L, 3L, 
    0L, 0L), .Dim = c(8L, 2L), .Dimnames = structure(list(c("-1", 
    "-2", "-3", "-4", "0", "1", "2", NA), c("A", NA)), .Names = c("", 
    "")), class = "table"), AKMmono16 = structure(c(2212L, 336L, 
    8L, 3043L, 61L, 2L, 64L, 0L, 0L, 0L, 1L, 0L, 0L, 0L, 42L, 
    2L, 0L, 136L, 6L, 0L, 0L), .Dim = c(7L, 3L), .Dimnames = structure(list(
        c("-1", "-2", "-3", "0", "1", "2", NA), c("A", "T", NA
        )), .Names = c("", "")), class = "table"), AKMmono22 = structure(c(285L, 
    462L, 158L, 18L, 1102L, 64L, 6L, 88L, 0L, 1L, 0L, 0L, 0L, 
    0L, 0L, 0L, 0L, 0L, 0L, 0L, 1L, 0L, 0L, 0L, 8L, 10L, 3L, 
    0L, 84L, 2L, 0L, 0L), .Dim = c(8L, 4L), .Dimnames = structure(list(
        c("-1", "-2", "-3", "-4", "0", "1", "2", NA), c("A", 
        "G", "T", NA)), .Names = c("", "")), class = "table"), 
    EJmono05 = structure(c(0L, 0L, 0L, 1L, 0L, 0L, 0L, 1579L, 
    102L, 1L, 3668L, 88L, 2L, 37L, 29L, 1L, 0L, 101L, 2L, 0L, 
    0L), .Dim = c(7L, 3L), .Dimnames = structure(list(c("-1", 
    "-2", "-3", "0", "1", "2", NA), c("C", "T", NA)), .Names = c("", 
    "")), class = "table"), EJmono16 = structure(c(870L, 71L, 
    1L, 6474L, 395L, 23L, 179L, 0L, 0L, 0L, 1L, 0L, 0L, 0L, 0L, 
    0L, 0L, 1L, 0L, 0L, 0L, 4L, 1L, 0L, 84L, 7L, 0L, 0L), .Dim = c(7L, 
    4L), .Dimnames = structure(list(c("-1", "-2", "-3", "0", 
    "1", "2", NA), c("A", "G", "T", NA)), .Names = c("", "")), class = "table"), 
    LMmono01 = structure(c(350L, 23L, 2065L, 28L, 1L, 16L, 10L, 
    1L, 120L, 5L, 1L, 0L), .Dim = c(6L, 2L), .Dimnames = structure(list(
        c("-1", "-2", "0", "1", "2", NA), c("A", NA)), .Names = c("", 
    "")), class = "table"), LMmono03 = structure(c(810L, 156L, 
    22L, 1L, 1L, 2432L, 70L, 3L, 125L, 0L, 0L, 0L, 0L, 0L, 1L, 
    0L, 0L, 0L, 4L, 0L, 0L, 0L, 0L, 127L, 1L, 1L, 0L), .Dim = c(9L, 
    3L), .Dimnames = structure(list(c("-1", "-2", "-3", "-4", 
    "-5", "0", "1", "2", NA), c("C", "T", NA)), .Names = c("", 
    "")), class = "table"), LMmono09 = structure(c(0L, 0L, 1L, 
    0L, 0L, 568L, 72L, 2055L, 60L, 58L, 1L, 0L, 16L, 0L, 0L), .Dim = c(5L, 
    3L), .Dimnames = structure(list(c("-1", "-2", "0", "1", NA
    ), c("C", "T", NA)), .Names = c("", "")), class = "table"), 
    LMmono12 = structure(c(1912L, 318L, 29L, 3L, 3294L, 225L, 
    16L, 235L, 0L, 0L, 0L, 0L, 1L, 0L, 0L, 0L, 0L, 0L, 0L, 0L, 
    0L, 0L, 0L, 1L, 6L, 3L, 1L, 0L, 157L, 6L, 1L, 0L), .Dim = c(8L, 
    4L), .Dimnames = structure(list(c("-1", "-2", "-3", "-4", 
    "0", "1", "2", NA), c("A", "G", "T", NA)), .Names = c("", 
    "")), class = "table"), LMmono16 = structure(c(595L, 1111L, 
    202L, 14L, 1525L, 214L, 8L, 94L, 0L, 0L, 0L, 0L, 1L, 0L, 
    0L, 0L, 23L, 31L, 6L, 0L, 243L, 14L, 0L, 0L), .Dim = c(8L, 
    3L), .Dimnames = structure(list(c("-1", "-2", "-3", "-4", 
    "0", "1", "2", NA), c("A", "G", NA)), .Names = c("", "")), class = "table"), 
    MSJmono10 = structure(c(0L, 0L, 0L, 1L, 0L, 0L, 0L, 2282L, 
    231L, 7L, 8754L, 255L, 11L, 100L, 42L, 5L, 0L, 304L, 15L, 
    0L, 0L), .Dim = c(7L, 3L), .Dimnames = structure(list(c("-1", 
    "-2", "-3", "0", "1", "2", NA), c("A", "C", NA)), .Names = c("", 
    "")), class = "table"), MSJmono19ms1 = structure(c(0L, 0L, 
    0L, 0L, 1L, 0L, 0L, 0L, 1463L, 135L, 6L, 1L, 4411L, 99L, 
    3L, 154L, 0L, 0L, 0L, 0L, 4L, 0L, 0L, 1L, 0L, 0L, 0L, 0L, 
    1L, 0L, 0L, 0L, 102L, 6L, 0L, 0L, 535L, 5L, 0L, 0L), .Dim = c(8L, 
    5L), .Dimnames = structure(list(c("-1", "-2", "-3", "-4", 
    "0", "1", "2", NA), c("-", "A", "C", "T", NA)), .Names = c("", 
    "")), class = "table"), MSJmono19ms2 = structure(c(0L, 0L, 
    1L, 0L, 0L, 0L, 689L, 18L, 5125L, 122L, 2L, 113L, 8L, 0L, 
    389L, 0L, 0L, 0L), .Dim = c(6L, 3L), .Dimnames = structure(list(
        c("-1", "-2", "0", "1", "2", NA), c("A", "C", NA)), .Names = c("", 
    "")), class = "table"), MSJmono36 = structure(c(1L, 0L, 0L, 
    0L, 2L, 0L, 0L, 0L, 1L, 0L, 0L, 0L, 1L, 0L, 0L, 0L, 665L, 
    122L, 3L, 1L, 2416L, 85L, 3L, 122L, 5L, 0L, 0L, 0L, 67L, 
    0L, 0L, 0L), .Dim = c(8L, 4L), .Dimnames = structure(list(
        c("-1", "-2", "-3", "-4", "0", "1", "2", NA), c("A", 
        "C", "G", NA)), .Names = c("", "")), class = "table"), 
    MSJmono44 = structure(c(892L, 87L, 2L, 1095L, 11L, 1L, 16L, 
    10L, 0L, 1L, 31L, 0L, 0L, 0L), .Dim = c(7L, 2L), .Dimnames = structure(list(
        c("-1", "-2", "-3", "0", "1", "2", NA), c("T", NA)), .Names = c("", 
    "")), class = "table"), MSJmono46 = structure(c(645L, 147L, 
    11L, 3L, 1L, 985L, 119L, 5L, 1L, 66L, 0L, 0L, 0L, 0L, 0L, 
    1L, 0L, 0L, 0L, 0L, 6L, 0L, 0L, 0L, 0L, 23L, 0L, 0L, 0L, 
    0L), .Dim = c(10L, 3L), .Dimnames = structure(list(c("-1", 
    "-2", "-3", "-4", "-5", "0", "1", "2", "3", NA), c("C", "T", 
    NA)), .Names = c("", "")), class = "table"), LMmono04v2_SNP1 = structure(c(1067L, 
    266L, 11L, 1740L, 60L, 32L, 14L, 2L, 0L, 73L, 4L, 0L), .Dim = c(6L, 
    2L), .Dimnames = structure(list(c("-1", "-2", "-3", "0", 
    "1", NA), c("C", NA)), .Names = c("", "")), class = "table"), 
    AKMmono01v2_SNP1 = structure(c(0L, 0L, 0L, 2L, 0L, 0L, 0L, 
    0L, 0L, 0L, 1L, 0L, 0L, 0L, 984L, 96L, 3L, 6404L, 136L, 3L, 
    96L, 8L, 2L, 0L, 154L, 6L, 0L, 0L), .Dim = c(7L, 4L), .Dimnames = structure(list(
        c("-1", "-2", "-3", "0", "1", "2", NA), c("A", "C", "T", 
        NA)), .Names = c("", "")), class = "table"), AKMmono10v2_SNP1 = structure(c(263L, 
    8L, 1L, 1816L, 21L, 17L, 1L, 0L, 0L, 0L, 0L, 0L, 5L, 0L, 
    0L, 100L, 1L, 0L), .Dim = c(6L, 3L), .Dimnames = structure(list(
        c("-1", "-2", "-3", "0", "1", NA), c("A", "G", NA)), .Names = c("", 
    "")), class = "table"), AKMmono17v2_SNP1 = structure(c(43L, 
    0L, 0L, 364L, 10L, 1L, 3L, 319L, 11L, 4L, 229L, 3L, 0L, 5L, 
    2L, 0L, 0L, 18L, 0L, 0L, 0L), .Dim = c(7L, 3L), .Dimnames = structure(list(
        c("-1", "-2", "-3", "0", "1", "2", NA), c("A", "C", NA
        )), .Names = c("", "")), class = "table"), EJmono13v2_SNP1 = structure(c(0L, 
    0L, 2L, 0L, 1L, 0L, 1057L, 28L, 2117L, 59L, 2L, 44L, 6L, 
    1L, 50L, 0L, 0L, 0L), .Dim = c(6L, 3L), .Dimnames = structure(list(
        c("-1", "-2", "0", "1", "2", NA), c("A", "G", NA)), .Names = c("", 
    "")), class = "table"), LMmono05v2_SNP1 = structure(c(0L, 
    0L, 0L, 1L, 0L, 0L, 0L, 395L, 52L, 1L, 984L, 24L, 1L, 14L, 
    6L, 0L, 0L, 35L, 0L, 0L, 0L), .Dim = c(7L, 3L), .Dimnames = structure(list(
        c("-1", "-2", "-3", "0", "1", "2", NA), c("A", "T", NA
        )), .Names = c("", "")), class = "table"), LMmono10v2_SNP1 = structure(c(989L, 
    248L, 259L, 21L, 2557L, 43L, 3L, 157L, 18L, 6L, 4L, 0L, 140L, 
    1L, 0L, 0L), .Dim = c(8L, 2L), .Dimnames = structure(list(
        c("-1", "-2", "-3", "-4", "0", "1", "2", NA), c("A", 
        NA)), .Names = c("", "")), class = "table"), MSJmono30v2_SNP1 = structure(c(20L, 
    2L, 0L, 118L, 3L, 0L, 0L, 0L, 44L, 0L, 1L, 221L, 5L, 0L, 
    0L, 3L, 4L, 0L, 0L, 125L, 16L, 1L, 1L, 0L),