Result <-
list(AKMmono02 = structure(c(1051L, 102L, 8L, 4310L, 78L, 1L, 
145L, 5L, 1L, 0L, 51L, 1L, 0L, 0L), .Dim = c(7L, 2L), .Dimnames = structure(list(
    c("-1", "-2", "-3", "0", "1", "2", NA), c("T", NA)), .Names = c("", 
"")), class = "table"), AKMmono03 = structure(c(1383L, 239L, 
27L, 8360L, 142L, 2L, 84L, 1L, 0L, 0L, 0L, 0L, 0L, 0L, 64L, 9L, 
0L, 565L, 0L, 0L, 0L), .Dim = c(7L, 3L), .Dimnames = structure(list(
    c("-1", "-2", "-3", "0", "1", "2", NA), c("A", "T", NA)), .Names = c("", 
"")), class = "table"), AKMmono05 = structure(c(1217L, 176L, 
23L, 5L, 4898L, 182L, 3L, 84L, 0L, 0L, 0L, 0L, 3L, 0L, 0L, 0L, 
1L, 0L, 0L, 0L, 1L, 0L, 0L, 0L, 1L, 0L, 0L, 0L, 0L, 0L, 0L, 0L, 
47L, 4L, 0L, 0L, 463L, 22L, 0L, 0L), .Dim = c(8L, 5L), .Dimnames = structure(list(
    c("-1", "-2", "-3", "-4", "0", "1", "2", NA), c("A", "C", 
    "G", "T", NA)), .Names = c("", "")), class = "table"), AKMmono13 = structure(c(1491L, 
262L, 11L, 4896L, 114L, 4L, 92L, 0L, 0L, 0L, 1L, 0L, 0L, 0L, 
35L, 5L, 1L, 295L, 8L, 0L, 0L), .Dim = c(7L, 3L), .Dimnames = structure(list(
    c("-1", "-2", "-3", "0", "1", "2", NA), c("A", "T", NA)), .Names = c("", 
"")), class = "table"), AKMmono16 = structure(c(1627L, 348L, 
34L, 2L, 6089L, 100L, 5L, 72L, 0L, 0L, 0L, 0L, 3L, 0L, 0L, 0L, 
29L, 3L, 0L, 0L, 329L, 1L, 0L, 0L), .Dim = c(8L, 3L), .Dimnames = structure(list(
    c("-1", "-2", "-3", "-4", "0", "1", "2", NA), c("A", "T", 
    NA)), .Names = c("", "")), class = "table"), AKMmono22 = structure(c(885L, 
272L, 19L, 1L, 2431L, 115L, 10L, 143L, 1L, 0L, 0L, 0L, 1L, 0L, 
0L, 0L, 25L, 5L, 1L, 0L, 244L, 3L, 0L, 0L), .Dim = c(8L, 3L), .Dimnames = structure(list(
    c("-1", "-2", "-3", "-4", "0", "1", "2", NA), c("A", "G", 
    NA)), .Names = c("", "")), class = "table"), EJmono05 = structure(c(1L, 
0L, 0L, 0L, 0L, 0L, 0L, 0L, 0L, 0L, 2L, 0L, 0L, 0L, 1310L, 83L, 
3L, 9057L, 150L, 3L, 48L, 18L, 0L, 0L, 245L, 3L, 0L, 0L), .Dim = c(7L, 
4L), .Dimnames = structure(list(c("-1", "-2", "-3", "0", "1", 
"2", NA), c("A", "C", "T", NA)), .Names = c("", "")), class = "table"), 
    EJmono16 = structure(c(1341L, 120L, 4L, 1L, 1L, 7982L, 981L, 
    70L, 4L, 381L, 0L, 0L, 0L, 0L, 0L, 1L, 0L, 0L, 0L, 0L, 6L, 
    1L, 0L, 0L, 0L, 110L, 13L, 1L, 0L, 0L), .Dim = c(10L, 3L), .Dimnames = structure(list(
        c("-1", "-2", "-3", "-4", "-5", "0", "1", "2", "3", NA
        ), c("A", "C", NA)), .Names = c("", "")), class = "table"), 
    LMmono01 = structure(c(571L, 32L, 1L, 2478L, 53L, 21L, 0L, 
    0L, 0L, 1L, 0L, 0L, 13L, 0L, 0L, 168L, 2L, 0L), .Dim = c(6L, 
    3L), .Dimnames = structure(list(c("-1", "-2", "-3", "0", 
    "1", NA), c("A", "G", NA)), .Names = c("", "")), class = "table"), 
    LMmono03 = structure(c(0L, 0L, 0L, 0L, 0L, 1L, 0L, 0L, 0L, 
    0L, 1314L, 378L, 51L, 2L, 3L, 3514L, 103L, 3L, 1L, 217L, 
    1L, 0L, 0L, 0L, 0L, 8L, 1L, 0L, 0L, 0L, 14L, 3L, 0L, 0L, 
    0L, 186L, 2L, 0L, 0L, 0L), .Dim = c(10L, 4L), .Dimnames = structure(list(
        c("-1", "-2", "-3", "-4", "-5", "0", "1", "2", "3", NA
        ), c("A", "C", "T", NA)), .Names = c("", "")), class = "table"), 
    LMmono09 = structure(c(0L, 1L, 0L, 0L, 0L, 0L, 0L, 0L, 1366L, 
    624L, 129L, 2L, 2681L, 95L, 2L, 164L, 1L, 0L, 0L, 0L, 24L, 
    0L, 0L, 0L), .Dim = c(8L, 3L), .Dimnames = structure(list(
        c("-1", "-2", "-3", "-4", "0", "1", "2", NA), c("C", 
        "T", NA)), .Names = c("", "")), class = "table"), LMmono12 = structure(c(2417L, 
    699L, 85L, 18L, 5727L, 354L, 30L, 345L, 0L, 0L, 0L, 0L, 1L, 
    0L, 0L, 0L, 0L, 1L, 0L, 0L, 0L, 0L, 0L, 0L, 10L, 3L, 0L, 
    0L, 211L, 10L, 0L, 0L), .Dim = c(8L, 4L), .Dimnames = structure(list(
        c("-1", "-2", "-3", "-4", "0", "1", "2", NA), c("A", 
        "G", "T", NA)), .Names = c("", "")), class = "table"), 
    LMmono16 = structure(c(825L, 220L, 22L, 2L, 2929L, 136L, 
    4L, 446L, 1L, 94L, 5L, 1L, 158L, 1L, 0L, 0L, 0L, 0L, 0L, 
    0L, 0L, 0L, 0L, 0L, 0L, 0L, 42L, 7L, 1L, 0L, 523L, 14L, 1L, 
    24L, 0L, 3L, 0L, 0L, 0L), .Dim = c(13L, 3L), .Dimnames = structure(list(
        c("-1", "-2", "-3", "-4", "0", "1", "2", "3", "4", "5", 
        "6", "7", NA), c("A", "C", NA)), .Names = c("", "")), class = "table"), 
    MSJmono10 = structure(c(1323L, 118L, 3L, 11253L, 346L, 8L, 
    72L, 0L, 0L, 0L, 1L, 0L, 0L, 0L, 24L, 1L, 0L, 435L, 26L, 
    0L, 0L), .Dim = c(7L, 3L), .Dimnames = structure(list(c("-1", 
    "-2", "-3", "0", "1", "2", NA), c("C", "T", NA)), .Names = c("", 
    "")), class = "table"), MSJmono19ms1 = structure(c(812L, 
    48L, 4L, 8360L, 464L, 20L, 238L, 0L, 0L, 0L, 4L, 0L, 0L, 
    0L, 0L, 0L, 0L, 7L, 0L, 0L, 0L, 73L, 4L, 0L, 952L, 38L, 0L, 
    0L), .Dim = c(7L, 4L), .Dimnames = structure(list(c("-1", 
    "-2", "-3", "0", "1", "2", NA), c("A", "C", "T", NA)), .Names = c("", 
    "")), class = "table"), MSJmono19ms2 = structure(c(1457L, 
    59L, 7537L, 96L, 231L, 22L, 1L, 540L, 1L, 0L), .Dim = c(5L, 
    2L), .Dimnames = structure(list(c("-1", "-2", "0", "1", NA
    ), c("C", NA)), .Names = c("", "")), class = "table"), MSJmono36 = structure(c(1L, 
    0L, 0L, 0L, 0L, 0L, 0L, 968L, 72L, 3L, 3056L, 64L, 1L, 113L, 
    0L, 0L, 0L, 1L, 0L, 0L, 0L, 5L, 0L, 0L, 84L, 0L, 0L, 0L), .Dim = c(7L, 
    4L), .Dimnames = structure(list(c("-1", "-2", "-3", "0", 
    "1", "2", NA), c("A", "G", "T", NA)), .Names = c("", "")), class = "table"), 
    MSJmono44 = structure(c(381L, 30L, 2398L, 45L, 18L, 2L, 0L, 
    37L, 0L, 0L), .Dim = c(5L, 2L), .Dimnames = structure(list(
        c("-1", "-2", "0", "1", NA), c("T", NA)), .Names = c("", 
    "")), class = "table"), MSJmono46 = structure(c(584L, 451L, 
    60L, 5L, 1595L, 91L, 3L, 1L, 99L, 2L, 7L, 0L, 0L, 43L, 0L, 
    0L, 0L, 0L), .Dim = c(9L, 2L), .Dimnames = structure(list(
        c("-1", "-2", "-3", "-4", "0", "1", "2", "3", NA), c("C", 
        NA)), .Names = c("", "")), class = "table"), LMmono04v2_SNP1 = structure(c(0L, 
    0L, 0L, 5L, 0L, 0L, 0L, 1096L, 83L, 3L, 4155L, 167L, 4L, 
    34L, 19L, 1L, 0L, 148L, 6L, 0L, 0L), .Dim = c(7L, 3L), .Dimnames = structure(list(
        c("-1", "-2", "-3", "0", "1", "2", NA), c("A", "C", NA
        )), .Names = c("", "")), class = "table"), AKMmono01v2_SNP1 = structure(c(1L, 
    0L, 0L, 1L, 0L, 0L, 0L, 1L, 0L, 0L, 0L, 0L, 0L, 0L, 0L, 0L, 
    0L, 0L, 0L, 0L, 1L, 0L, 0L, 0L, 2L, 0L, 0L, 0L, 1697L, 249L, 
    14L, 9624L, 160L, 1L, 115L, 24L, 3L, 1L, 260L, 2L, 0L, 0L
    ), .Dim = 7:6, .Dimnames = structure(list(c("-1", "-2", "-3", 
    "0", "1", "2", NA), c("-", "A", "C", "G", "T", NA)), .Names = c("", 
    "")), class = "table"), AKMmono10v2_SNP1 = structure(c(802L, 
    22L, 1084L, 15L, 18L, 254L, 3L, 1849L, 37L, 5L, 1L, 0L, 0L, 
    0L, 0L, 9L, 2L, 155L, 6L, 0L), .Dim = 5:4, .Dimnames = structure(list(
        c("-1", "-2", "0", "1", NA), c("A", "G", "T", NA)), .Names = c("", 
    "")), class = "table"), AKMmono17v2_SNP1 = structure(c(0L, 
    0L, 6L, 0L, 1L, 246L, 7L, 1270L, 25L, 15L, 0L, 0L, 43L, 1L, 
    0L), .Dim = c(5L, 3L), .Dimnames = structure(list(c("-1", 
    "-2", "0", "1", NA), c("A", "C", NA)), .Names = c("", "")), class = "table"), 
    EJmono13v2_SNP1 = structure(c(352L, 5L, 2140L, 85L, 2L, 21L, 
    295L, 4L, 2279L, 61L, 2L, 23L, 14L, 0L, 123L, 4L, 0L, 0L), .Dim = c(6L, 
    3L), .Dimnames = structure(list(c("-1", "-2", "0", "1", "2", 
    NA), c("A", "G", NA)), .Names = c("", "")), class = "table"), 
    LMmono05v2_SNP1 = structure(c(0L, 0L, 0L, 2L, 0L, 0L, 0L, 
    0L, 437L, 119L, 5L, 1819L, 34L, 3L, 0L, 14L, 3L, 3L, 0L, 
    73L, 0L, 0L, 1L, 0L), .Dim = c(8L, 3L), .Dimnames = structure(list(
        c("-1", "-2", "-3", "0", "1", "2", "3", NA), c("A", "T", 
        NA)), .Names = c("", "")), class = "table"), LMmono10v2_SNP1 = structure(c(1710L, 
    473L, 69L, 5L, 1L, 4512L, 59L, 2L, 266L, 0L, 0L, 0L, 0L, 
    0L, 1L, 0L, 0L, 0L, 35L, 6L, 0L, 0L, 0L, 238L, 1L, 0L, 0L
    ), .Dim = c(9L, 3L), .Dimnames = structure(list(c("-1", "-2", 
    "-3", "-4", "-5", "0", "1", "2", NA), c("A", "T", NA)), .Names = c("", 
    "")), class = "table"),