Result <-
list(AKMmono02 = structure(c(0L, 0L, 0L, 0L, 1L, 0L, 0L, 0L, 
1069L, 159L, 2L, 1L, 4157L, 69L, 2L, 133L, 12L, 0L, 0L, 0L, 48L, 
0L, 0L, 0L), .Dim = c(8L, 3L), .Dimnames = structure(list(c("-1", 
"-2", "-3", "-4", "0", "1", "2", NA), c("A", "T", NA)), .Names = c("", 
"")), class = "table"), AKMmono03 = structure(c(0L, 0L, 0L, 0L, 
1L, 0L, 0L, 0L, 850L, 2127L, 238L, 4L, 6990L, 121L, 1L, 147L, 
0L, 1L, 0L, 0L, 4L, 0L, 0L, 0L, 25L, 46L, 2L, 0L, 468L, 4L, 1L, 
0L), .Dim = c(8L, 4L), .Dimnames = structure(list(c("-1", "-2", 
"-3", "-4", "0", "1", "2", NA), c("-", "A", "G", NA)), .Names = c("", 
"")), class = "table"), AKMmono05 = structure(c(1553L, 367L, 
47L, 5L, 3845L, 152L, 3L, 80L, 0L, 0L, 0L, 0L, 1L, 0L, 0L, 0L, 
1L, 0L, 0L, 0L, 1L, 0L, 0L, 0L, 59L, 6L, 0L, 0L, 408L, 10L, 0L, 
0L), .Dim = c(8L, 4L), .Dimnames = structure(list(c("-1", "-2", 
"-3", "-4", "0", "1", "2", NA), c("A", "C", "T", NA)), .Names = c("", 
"")), class = "table"), AKMmono13 = structure(c(2230L, 976L, 
49L, 4219L, 91L, 1L, 129L, 0L, 0L, 0L, 1L, 0L, 0L, 0L, 56L, 11L, 
1L, 250L, 3L, 0L, 0L), .Dim = c(7L, 3L), .Dimnames = structure(list(
    c("-1", "-2", "-3", "0", "1", "3", NA), c("A", "G", NA)), .Names = c("", 
"")), class = "table"), AKMmono16 = structure(c(2610L, 248L, 
13L, 1L, 7058L, 123L, 2L, 101L, 1L, 0L, 0L, 0L, 0L, 0L, 0L, 0L, 
57L, 2L, 0L, 0L, 301L, 5L, 0L, 0L), .Dim = c(8L, 3L), .Dimnames = structure(list(
    c("-1", "-2", "-3", "-4", "0", "1", "2", NA), c("A", "T", 
    NA)), .Names = c("", "")), class = "table"), AKMmono22 = structure(c(330L, 
432L, 91L, 1963L, 98L, 4L, 101L, 9L, 17L, 1L, 178L, 4L, 0L, 0L
), .Dim = c(7L, 2L), .Dimnames = structure(list(c("-1", "-2", 
"-3", "0", "1", "2", NA), c("A", NA)), .Names = c("", "")), class = "table"), 
    EJmono05 = structure(c(3041L, 162L, 3L, 8914L, 174L, 1L, 
    66L, 31L, 5L, 0L, 258L, 5L, 0L, 0L), .Dim = c(7L, 2L), .Dimnames = structure(list(
        c("-1", "-2", "-3", "0", "1", "2", NA), c("T", NA)), .Names = c("", 
    "")), class = "table"), EJmono16 = structure(c(2199L, 177L, 
    6L, 6L, 7477L, 392L, 18L, 1L, 318L, 0L, 0L, 0L, 0L, 1L, 0L, 
    0L, 0L, 0L, 8L, 1L, 0L, 0L, 94L, 7L, 0L, 0L, 0L), .Dim = c(9L, 
    3L), .Dimnames = structure(list(c("-1", "-2", "-3", "-6", 
    "0", "1", "2", "3", NA), c("A", "G", NA)), .Names = c("", 
    "")), class = "table"), LMmono01 = structure(c(781L, 42L, 
    1L, 3316L, 48L, 1L, 35L, 0L, 0L, 0L, 0L, 0L, 0L, 1L, 24L, 
    0L, 0L, 194L, 3L, 0L, 0L), .Dim = c(7L, 3L), .Dimnames = structure(list(
        c("-1", "-2", "-3", "0", "1", "2", NA), c("A", "G", NA
        )), .Names = c("", "")), class = "table"), LMmono03 = structure(c(0L, 
    1L, 0L, 0L, 0L, 0L, 0L, 0L, 0L, 0L, 696L, 1206L, 643L, 45L, 
    4L, 1L, 2834L, 106L, 3L, 228L, 0L, 12L, 2L, 0L, 0L, 0L, 1L, 
    0L, 0L, 1L, 10L, 10L, 9L, 1L, 0L, 0L, 146L, 1L, 0L, 0L), .Dim = c(10L, 
    4L), .Dimnames = structure(list(c("-1", "-2", "-3", "-4", 
    "-5", "-6", "0", "1", "2", NA), c("A", "C", "T", NA)), .Names = c("", 
    "")), class = "table"), LMmono09 = structure(c(1472L, 1233L, 
    194L, 8L, 2015L, 93L, 2L, 130L, 13L, 10L, 0L, 0L, 18L, 1L, 
    0L, 0L), .Dim = c(8L, 2L), .Dimnames = structure(list(c("-1", 
    "-2", "-3", "-4", "0", "1", "2", NA), c("T", NA)), .Names = c("", 
    "")), class = "table"), LMmono12 = structure(c(2115L, 299L, 
    20L, 1L, 4924L, 278L, 12L, 248L, 1L, 0L, 0L, 0L, 2L, 0L, 
    0L, 0L, 0L, 0L, 0L, 0L, 1L, 0L, 0L, 0L, 12L, 3L, 1L, 0L, 
    179L, 8L, 0L, 0L), .Dim = c(8L, 4L), .Dimnames = structure(list(
        c("-1", "-2", "-3", "-4", "0", "1", "2", NA), c("A", 
        "G", "T", NA)), .Names = c("", "")), class = "table"), 
    LMmono16 = structure(c(874L, 164L, 6L, 2024L, 76L, 2L, 735L, 
    77L, 6L, 1L, 188L, 1L, 0L, 0L, 0L, 0L, 0L, 0L, 0L, 0L, 0L, 
    0L, 32L, 1L, 0L, 359L, 7L, 0L, 51L, 14L, 0L, 0L, 0L), .Dim = c(11L, 
    3L), .Dimnames = structure(list(c("-1", "-2", "-3", "0", 
    "1", "2", "3", "5", "6", "8", NA), c("A", "T", NA)), .Names = c("", 
    "")), class = "table"), MSJmono10 = structure(c(1L, 0L, 0L, 
    13L, 1L, 0L, 0L, 0L, 0L, 969L, 36L, 1L, 14642L, 482L, 13L, 
    3L, 1L, 81L, 0L, 0L, 0L, 1L, 0L, 0L, 0L, 0L, 0L, 28L, 1L, 
    0L, 521L, 25L, 1L, 0L, 0L, 0L), .Dim = c(9L, 4L), .Dimnames = structure(list(
        c("-1", "-2", "-3", "0", "1", "2", "3", "4", NA), c("A", 
        "C", "T", NA)), .Names = c("", "")), class = "table"), 
    MSJmono19ms1 = structure(c(0L, 0L, 0L, 1L, 0L, 0L, 0L, 498L, 
    25L, 3L, 7655L, 1556L, 50L, 414L, 0L, 0L, 0L, 4L, 0L, 0L, 
    0L, 0L, 0L, 0L, 4L, 1L, 0L, 0L, 36L, 0L, 0L, 845L, 97L, 2L, 
    0L), .Dim = c(7L, 5L), .Dimnames = structure(list(c("-1", 
    "-2", "-3", "0", "1", "2", NA), c("-", "A", "C", "T", NA)), .Names = c("", 
    "")), class = "table"), MSJmono19ms2 = structure(c(0L, 0L, 
    1L, 0L, 0L, 1610L, 23L, 7400L, 109L, 296L, 17L, 0L, 519L, 
    0L, 0L), .Dim = c(5L, 3L), .Dimnames = structure(list(c("-1", 
    "-2", "0", "1", NA), c("A", "C", NA)), .Names = c("", "")), class = "table"), 
    MSJmono36 = structure(c(0L, 0L, 0L, 1L, 0L, 0L, 0L, 1573L, 
    129L, 4L, 2975L, 56L, 1L, 202L, 11L, 1L, 0L, 71L, 1L, 0L, 
    0L), .Dim = c(7L, 3L), .Dimnames = structure(list(c("-1", 
    "-2", "-3", "0", "1", "2", NA), c("A", "G", NA)), .Names = c("", 
    "")), class = "table"), MSJmono44 = structure(c(1L, 0L, 0L, 
    0L, 0L, 0L, 0L, 1L, 0L, 0L, 0L, 0L, 0L, 0L, 1216L, 33L, 1L, 
    1349L, 30L, 1L, 20L, 8L, 0L, 0L, 25L, 0L, 0L, 0L), .Dim = c(7L, 
    4L), .Dimnames = structure(list(c("-1", "-2", "-3", "0", 
    "1", "2", NA), c("A", "C", "T", NA)), .Names = c("", "")), class = "table"), 
    MSJmono46 = structure(c(895L, 894L, 104L, 10L, 1L, 1396L, 
    80L, 2L, 1L, 93L, 11L, 18L, 2L, 0L, 0L, 45L, 1L, 0L, 0L, 
    0L), .Dim = c(10L, 2L), .Dimnames = structure(list(c("-1", 
    "-2", "-3", "-4", "-5", "0", "1", "2", "3", NA), c("C", NA
    )), .Names = c("", "")), class = "table"), LMmono04v2_SNP1 = structure(c(2239L, 
    240L, 9L, 3325L, 132L, 5L, 52L, 41L, 1L, 1L, 131L, 3L, 1L, 
    0L), .Dim = c(7L, 2L), .Dimnames = structure(list(c("-1", 
    "-2", "-3", "0", "1", "2", NA), c("C", NA)), .Names = c("", 
    "")), class = "table"), AKMmono01v2_SNP1 = structure(c(0L, 
    0L, 0L, 0L, 1L, 0L, 0L, 0L, 2L, 1L, 0L, 0L, 0L, 0L, 0L, 0L, 
    3651L, 314L, 8L, 1L, 5731L, 95L, 1L, 158L, 31L, 5L, 0L, 0L, 
    123L, 2L, 0L, 0L), .Dim = c(8L, 4L), .Dimnames = structure(list(
        c("-1", "-2", "-3", "-5", "0", "1", "2", NA), c("-", 
        "C", "T", NA)), .Names = c("", "")), class = "table"), 
    AKMmono10v2_SNP1 = structure(c(231L, 5L, 1L, 3978L, 49L, 
    1L, 11L, 0L, 0L, 0L, 2L, 0L, 0L, 0L, 5L, 0L, 0L, 192L, 1L, 
    0L, 0L), .Dim = c(7L, 3L), .Dimnames = structure(list(c("-1", 
    "-2", "-3", "0", "1", "2", NA), c("A", "G", NA)), .Names = c("", 
    "")), class = "table"), AKMmono17v2_SNP1 = structure(c(5L, 
    0L, 0L, 13L, 1L, 0L, 2L, 139L, 621L, 39L, 1571L, 24L, 1L, 
    18L, 0L, 0L, 0L, 1L, 0L, 0L, 0L, 0L, 3L, 0L, 61L, 0L, 0L, 
    0L), .Dim = c(7L, 4L), .Dimnames = structure(list(c("-1", 
    "-2", "-3", "0", "1", "2", NA), c("A", "C", "T", NA)), .Names = c("", 
    "")), class = "table"), EJmono13v2_SNP1 = structure(c(158L, 
    5L, 2371L, 76L, 3L, 12L, 1126L, 21L, 1567L, 25L, 0L, 31L, 
    9L, 2L, 100L, 2L, 0L, 0L), .Dim = c(6L, 3L), .Dimnames = structure(list(
        c("-1", "-2", "0", "1", "2", NA), c("A", "G", NA)), .Names = c("", 
    "")), class = "table"), LMmono05v2_SNP1 = structure(c(123L, 
    7L, 1L, 1146L, 38L, 1L, 9L, 154L, 2L, 0L, 1278L, 35L, 1L, 
    7L, 0L, 0L, 0L, 89L, 2L, 0L, 0L), .Dim = c(7L, 3L), .Dimnames = structure(list(
        c("-1", "-2", "-3", "0", "1", "2", NA), c("A", "T", NA
        )), .Names = c("", "")), class = "table"), LMmono10v2_SNP1 = structure(c(348L, 
    1292L, 240L, 17L, 1L, 2001L, 26L, 2L, 147L, 345L, 1317L, 
    240L, 15L, 1L, 2019L, 31L, 2L, 148L, 8L, 30L, 4L, 2L, 0L, 
    269L, 2L, 0L, 0L), .Dim = c(9L, 3L),