Result <-
list(AKMmono02 = structure(c(313L, 55L, 1L, 2295L, 52L, 2L, 61L, 
5L, 1L, 0L, 37L, 1L, 0L, 0L), .Dim = c(7L, 2L), .Dimnames = structure(list(
    c("-1", "-2", "-4", "0", "1", "2", NA), c("T", NA)), .Names = c("", 
"")), class = "table"), AKMmono03 = structure(c(1L, 0L, 0L, 0L, 
0L, 0L, 0L, 539L, 797L, 55L, 2L, 2424L, 28L, 77L, 0L, 1L, 0L, 
0L, 0L, 0L, 0L, 19L, 29L, 0L, 0L, 161L, 0L, 0L), .Dim = c(7L, 
4L), .Dimnames = structure(list(c("-1", "-2", "-3", "-4", "0", 
"1", NA), c("-", "A", "G", NA)), .Names = c("", "")), class = "table"), 
    AKMmono05 = structure(c(647L, 92L, 7L, 1L, 1056L, 54L, 1L, 
    39L, 1L, 0L, 0L, 0L, 0L, 0L, 0L, 0L, 34L, 3L, 0L, 0L, 124L, 
    2L, 0L, 0L), .Dim = c(8L, 3L), .Dimnames = structure(list(
        c("-1", "-2", "-3", "-4", "0", "1", "2", NA), c("A", 
        "T", NA)), .Names = c("", "")), class = "table"), AKMmono13 = structure(c(504L, 
    53L, 8L, 2376L, 60L, 29L, 0L, 0L, 0L, 1L, 0L, 0L, 15L, 1L, 
    0L, 156L, 4L, 0L), .Dim = c(6L, 3L), .Dimnames = structure(list(
        c("-1", "-2", "-3", "0", "1", NA), c("A", "G", NA)), .Names = c("", 
    "")), class = "table"), AKMmono16 = structure(c(681L, 143L, 
    3L, 1L, 2509L, 39L, 2L, 22L, 0L, 0L, 0L, 0L, 1L, 0L, 0L, 
    0L, 0L, 0L, 0L, 0L, 3L, 0L, 0L, 0L, 18L, 2L, 0L, 0L, 123L, 
    2L, 0L, 0L), .Dim = c(8L, 4L), .Dimnames = structure(list(
        c("-1", "-2", "-3", "-4", "0", "1", "2", NA), c("A", 
        "G", "T", NA)), .Names = c("", "")), class = "table"), 
    AKMmono22 = structure(c(278L, 232L, 66L, 6L, 588L, 46L, 2L, 
    60L, 8L, 5L, 1L, 0L, 75L, 1L, 0L, 0L), .Dim = c(8L, 2L), .Dimnames = structure(list(
        c("-1", "-2", "-3", "-4", "0", "1", "2", NA), c("A", 
        NA)), .Names = c("", "")), class = "table"), EJmono05 = structure(c(0L, 
    0L, 0L, 2L, 0L, 0L, 0L, 1005L, 64L, 1L, 3222L, 65L, 3L, 24L, 
    14L, 1L, 0L, 101L, 1L, 0L, 0L), .Dim = c(7L, 3L), .Dimnames = structure(list(
        c("-1", "-2", "-3", "0", "1", "2", NA), c("A", "T", NA
        )), .Names = c("", "")), class = "table"), EJmono16 = structure(c(383L, 
    188L, 238L, 3L, 2418L, 155L, 2L, 85L, 0L, 0L, 0L, 0L, 1L, 
    0L, 0L, 0L, 1L, 3L, 0L, 0L, 23L, 1L, 0L, 0L), .Dim = c(8L, 
    3L), .Dimnames = structure(list(c("-1", "-2", "-3", "-4", 
    "0", "1", "2", NA), c("A", "G", NA)), .Names = c("", "")), class = "table"), 
    LMmono01 = structure(c(694L, 87L, 2L, 944L, 10L, 18L, 1L, 
    0L, 0L, 0L, 0L, 0L, 19L, 0L, 0L, 51L, 1L, 0L), .Dim = c(6L, 
    3L), .Dimnames = structure(list(c("-1", "-2", "-3", "0", 
    "1", NA), c("A", "G", NA)), .Names = c("", "")), class = "table"), 
    LMmono03 = structure(c(0L, 0L, 0L, 0L, 0L, 1L, 0L, 0L, 379L, 
    137L, 17L, 3L, 1L, 1025L, 35L, 48L, 7L, 1L, 0L, 0L, 0L, 46L, 
    1L, 0L), .Dim = c(8L, 3L), .Dimnames = structure(list(c("-1", 
    "-2", "-3", "-4", "-6", "0", "1", NA), c("-", "C", NA)), .Names = c("", 
    "")), class = "table"), LMmono09 = structure(c(526L, 178L, 
    381L, 25L, 1L, 759L, 36L, 3L, 59L, 2L, 2L, 1L, 0L, 0L, 11L, 
    0L, 0L, 0L), .Dim = c(9L, 2L), .Dimnames = structure(list(
        c("-1", "-2", "-3", "-4", "-5", "0", "1", "2", NA), c("T", 
        NA)), .Names = c("", "")), class = "table"), LMmono12 = structure(c(744L, 
    123L, 20L, 2L, 2206L, 332L, 170L, 22L, 3L, 1L, 209L, 0L, 
    0L, 0L, 0L, 1L, 0L, 0L, 0L, 0L, 0L, 0L, 0L, 0L, 0L, 0L, 0L, 
    0L, 1L, 0L, 0L, 0L, 0L, 2L, 0L, 0L, 0L, 104L, 7L, 4L, 1L, 
    0L, 0L, 0L), .Dim = c(11L, 4L), .Dimnames = structure(list(
        c("-1", "-2", "-3", "-4", "0", "1", "2", "3", "4", "5", 
        NA), c("A", "G", "T", NA)), .Names = c("", "")), class = "table"), 
    LMmono16 = structure(c(542L, 118L, 6L, 1L, 1274L, 171L, 3L, 
    62L, 16L, 1L, 63L, 0L, 0L, 0L, 0L, 1L, 0L, 0L, 0L, 0L, 0L, 
    0L, 18L, 3L, 0L, 0L, 195L, 4L, 0L, 3L, 5L, 0L, 0L), .Dim = c(11L, 
    3L), .Dimnames = structure(list(c("-1", "-2", "-3", "-5", 
    "0", "1", "2", "3", "5", "6", NA), c("A", "T", NA)), .Names = c("", 
    "")), class = "table"), MSJmono10 = structure(c(0L, 0L, 0L, 
    1L, 0L, 0L, 0L, 2041L, 311L, 7L, 5084L, 162L, 3L, 60L, 40L, 
    4L, 0L, 185L, 4L, 1L, 0L), .Dim = c(7L, 3L), .Dimnames = structure(list(
        c("-1", "-2", "-3", "0", "1", "2", NA), c("A", "C", NA
        )), .Names = c("", "")), class = "table"), MSJmono19ms1 = structure(c(1L, 
    0L, 0L, 0L, 0L, 0L, 613L, 85L, 2L, 3050L, 70L, 99L, 0L, 0L, 
    0L, 2L, 0L, 0L, 0L, 0L, 0L, 1L, 0L, 0L, 1L, 0L, 0L, 1L, 0L, 
    0L, 51L, 3L, 0L, 344L, 9L, 0L), .Dim = c(6L, 6L), .Dimnames = structure(list(
        c("-1", "-2", "-3", "0", "1", NA), c("-", "A", "C", "G", 
        "T", NA)), .Names = c("", "")), class = "table"), MSJmono19ms2 = structure(c(292L, 
    13L, 3420L, 44L, 46L, 2L, 0L, 247L, 0L, 0L), .Dim = c(5L, 
    2L), .Dimnames = structure(list(c("-1", "-2", "0", "1", NA
    ), c("C", NA)), .Names = c("", "")), class = "table"), MSJmono36 = structure(c(408L, 
    55L, 1198L, 22L, 51L, 3L, 1L, 33L, 0L, 0L), .Dim = c(5L, 
    2L), .Dimnames = structure(list(c("-1", "-2", "0", "1", NA
    ), c("G", NA)), .Names = c("", "")), class = "table"), MSJmono44 = structure(c(535L, 
    65L, 1L, 960L, 12L, 15L, 7L, 1L, 0L, 20L, 0L, 0L), .Dim = c(6L, 
    2L), .Dimnames = structure(list(c("-1", "-2", "-3", "0", 
    "1", NA), c("T", NA)), .Names = c("", "")), class = "table"), 
    MSJmono46 = structure(c(391L, 68L, 2L, 695L, 54L, 33L, 5L, 
    0L, 0L, 24L, 1L, 0L), .Dim = c(6L, 2L), .Dimnames = structure(list(
        c("-1", "-2", "-3", "0", "1", NA), c("C", NA)), .Names = c("", 
    "")), class = "table"), LMmono04v2_SNP1 = structure(c(414L, 
    37L, 1557L, 82L, 2L, 12L, 12L, 0L, 64L, 5L, 0L, 0L), .Dim = c(6L, 
    2L), .Dimnames = structure(list(c("-1", "-2", "0", "1", "2", 
    NA), c("C", NA)), .Names = c("", "")), class = "table"), 
    AKMmono01v2_SNP1 = structure(c(1L, 0L, 0L, 1L, 0L, 0L, 0L, 
    2223L, 285L, 9L, 419L, 5L, 0L, 99L, 138L, 11L, 1L, 1349L, 
    216L, 6L, 44L, 32L, 1L, 2L, 69L, 6L, 0L, 0L), .Dim = c(7L, 
    4L), .Dimnames = structure(list(c("-1", "-2", "-3", "0", 
    "1", "2", NA), c("-", "C", "T", NA)), .Names = c("", "")), class = "table"), 
    AKMmono10v2_SNP1 = structure(c(645L, 23L, 1290L, 10L, 9L, 
    10L, 0L, 85L, 1L, 0L), .Dim = c(5L, 2L), .Dimnames = structure(list(
        c("-1", "-2", "0", "1", NA), c("A", NA)), .Names = c("", 
    "")), class = "table"), AKMmono17v2_SNP1 = structure(c(74L, 
    5L, 213L, 8L, 1L, 96L, 10L, 225L, 3L, 3L, 2L, 0L, 18L, 1L, 
    0L), .Dim = c(5L, 3L), .Dimnames = structure(list(c("-1", 
    "-2", "0", "1", NA), c("A", "C", NA)), .Names = c("", "")), class = "table"), 
    EJmono13v2_SNP1 = structure(c(0L, 0L, 1L, 0L, 0L, 280L, 5L, 
    579L, 14L, 3L, 99L, 3L, 728L, 10L, 4L, 8L, 2L, 50L, 1L, 0L
    ), .Dim = 5:4, .Dimnames = structure(list(c("-1", "-2", "0", 
    "1", NA), c("-", "A", "G", NA)), .Names = c("", "")), class = "table"), 
    LMmono05v2_SNP1 = structure(c(0L, 0L, 0L, 1L, 0L, 0L, 0L, 
    0L, 0L, 1L, 0L, 0L, 197L, 11L, 2L, 570L, 18L, 5L, 2L, 0L, 
    0L, 27L, 0L, 0L), .Dim = c(6L, 4L), .Dimnames = structure(list(
        c("-1", "-2", "-3", "0", "1", NA), c("A", "C", "T", NA
        )), .Names = c("", "")), class = "table"), LMmono10v2_SNP1 = structure(c(532L, 
    150L, 17L, 1707L, 38L, 78L, 0L, 0L, 0L, 1L, 0L, 0L, 7L, 2L, 
    0L, 102L, 1L, 0L), .Dim = c(6L, 3L), .Dimnames = structure(list(
        c("-1", "-2", "-3", "0", "1", NA), c("A", "G", NA)), .Names = c("", 
    "")), class = "table"), MSJmono30v2_SNP1 = structure(c(35L, 
    2L, 319L, 9L, 1L, 2L, 5L, 0L, 183L, 13L, 0L, 0L), .Dim = c(6L, 
    2L), .Dimnames = structure(list(c("-1", "-2", "0", "1", "2", 
    NA), c("C", NA)), .Names = c("", "")), class = "table"), 
    EJmono14v2_SNP1 = structure(c(0L, 0L, 1L, 0L, 0L, 450L, 15L, 
    1334L, 33L, 10L, 0L, 0L, 1L, 0L, 0L, 29L, 0L, 175L, 10L, 
    0L), .Dim = 5:4, .Dimnames = structure(list(c("-1", "-2", 
    "0", "1", NA), c("A", "G", "T", NA)), .Names = c("", "")), class = "table"),