Result <-
list(AKMmono02 = structure(c(481L, 37L, 3555L, 54L, 1L, 84L, 
6L, 0L, 48L, 0L, 0L, 0L), .Dim = c(6L, 2L), .Dimnames = structure(list(
    c("-1", "-2", "0", "1", "2", NA), c("T", NA)), .Names = c("", 
"")), class = "table"), AKMmono03 = structure(c(1579L, 386L, 
172L, 9L, 6173L, 78L, 117L, 0L, 0L, 0L, 0L, 1L, 0L, 0L, 58L, 
15L, 5L, 0L, 458L, 1L, 0L), .Dim = c(7L, 3L), .Dimnames = structure(list(
    c("-1", "-2", "-3", "-4", "0", "1", NA), c("A", "C", NA)), .Names = c("", 
"")), class = "table"), AKMmono05 = structure(c(1313L, 268L, 
34L, 1L, 3302L, 144L, 5L, 75L, 1L, 0L, 0L, 0L, 0L, 0L, 0L, 0L, 
2L, 0L, 0L, 0L, 1L, 0L, 0L, 0L, 0L, 0L, 0L, 0L, 2L, 0L, 0L, 0L, 
56L, 5L, 0L, 0L, 329L, 13L, 1L, 0L), .Dim = c(8L, 5L), .Dimnames = structure(list(
    c("-1", "-2", "-3", "-4", "0", "1", "2", NA), c("A", "C", 
    "G", "T", NA)), .Names = c("", "")), class = "table"), AKMmono13 = structure(c(552L, 
152L, 10L, 1L, 5361L, 122L, 1L, 45L, 0L, 0L, 0L, 0L, 2L, 0L, 
0L, 0L, 19L, 3L, 0L, 0L, 357L, 5L, 0L, 0L), .Dim = c(8L, 3L), .Dimnames = structure(list(
    c("-1", "-2", "-3", "-5", "0", "1", "2", NA), c("A", "T", 
    NA)), .Names = c("", "")), class = "table"), AKMmono16 = structure(c(1438L, 
312L, 6L, 1L, 5729L, 83L, 1L, 58L, 0L, 0L, 0L, 0L, 1L, 0L, 0L, 
0L, 0L, 0L, 0L, 0L, 1L, 0L, 0L, 0L, 37L, 1L, 0L, 0L, 273L, 5L, 
1L, 0L), .Dim = c(8L, 4L), .Dimnames = structure(list(c("-1", 
"-2", "-3", "-4", "0", "1", "2", NA), c("A", "C", "G", NA)), .Names = c("", 
"")), class = "table"), AKMmono22 = structure(c(523L, 140L, 27L, 
1794L, 92L, 6L, 2L, 2L, 98L, 0L, 0L, 0L, 1L, 0L, 0L, 0L, 0L, 
1L, 0L, 0L, 0L, 1L, 0L, 0L, 0L, 0L, 0L, 29L, 10L, 1L, 172L, 2L, 
0L, 0L, 0L, 0L), .Dim = c(9L, 4L), .Dimnames = structure(list(
    c("-1", "-2", "-3", "0", "1", "2", "4", "5", NA), c("A", 
    "G", "T", NA)), .Names = c("", "")), class = "table"), EJmono05 = structure(c(0L, 
0L, 0L, 1L, 0L, 0L, 0L, 0L, 0L, 0L, 1L, 0L, 0L, 0L, 2228L, 210L, 
4L, 6769L, 149L, 4L, 78L, 25L, 3L, 0L, 187L, 3L, 0L, 0L), .Dim = c(7L, 
4L), .Dimnames = structure(list(c("-1", "-2", "-3", "0", "1", 
"2", NA), c("A", "C", "T", NA)), .Names = c("", "")), class = "table"), 
    EJmono16 = structure(c(812L, 80L, 4L, 1L, 6333L, 356L, 10L, 
    172L, 5L, 0L, 0L, 0L, 80L, 2L, 0L, 0L), .Dim = c(8L, 2L), .Dimnames = structure(list(
        c("-1", "-2", "-3", "-4", "0", "1", "2", NA), c("A", 
        NA)), .Names = c("", "")), class = "table"), LMmono01 = structure(c(394L, 
    11L, 2268L, 38L, 2L, 16L, 0L, 1L, 1L, 0L, 0L, 0L, 0L, 0L, 
    2L, 0L, 0L, 0L, 10L, 0L, 160L, 2L, 0L, 0L), .Dim = c(6L, 
    4L), .Dimnames = structure(list(c("-1", "-2", "0", "1", "2", 
    NA), c("A", "G", "T", NA)), .Names = c("", "")), class = "table"), 
    LMmono03 = structure(c(1147L, 383L, 66L, 5L, 1L, 2426L, 89L, 
    5L, 183L, 0L, 0L, 0L, 0L, 0L, 1L, 0L, 0L, 0L, 11L, 6L, 2L, 
    0L, 0L, 111L, 1L, 0L, 0L), .Dim = c(9L, 3L), .Dimnames = structure(list(
        c("-1", "-2", "-3", "-4", "-5", "0", "1", "2", NA), c("C", 
        "T", NA)), .Names = c("", "")), class = "table"), LMmono09 = structure(c(0L, 
    0L, 0L, 0L, 1L, 0L, 0L, 0L, 751L, 204L, 19L, 1L, 1966L, 61L, 
    2L, 54L, 8L, 3L, 1L, 0L, 19L, 2L, 0L, 0L), .Dim = c(8L, 3L
    ), .Dimnames = structure(list(c("-1", "-2", "-3", "-4", "0", 
    "1", "2", NA), c("C", "T", NA)), .Names = c("", "")), class = "table"), 
    LMmono12 = structure(c(1816L, 452L, 22L, 5094L, 347L, 13L, 
    1L, 268L, 0L, 0L, 0L, 1L, 0L, 0L, 0L, 0L, 9L, 3L, 0L, 192L, 
    10L, 0L, 0L, 0L), .Dim = c(8L, 3L), .Dimnames = structure(list(
        c("-1", "-2", "-3", "0", "1", "2", "3", NA), c("A", "G", 
        NA)), .Names = c("", "")), class = "table"), LMmono16 = structure(c(677L, 
    522L, 169L, 16L, 1909L, 106L, 11L, 60L, 22L, 18L, 2L, 0L, 
    289L, 10L, 1L, 0L), .Dim = c(8L, 2L), .Dimnames = structure(list(
        c("-1", "-2", "-3", "-4", "0", "1", "2", NA), c("A", 
        NA)), .Names = c("", "")), class = "table"), MSJmono10 = structure(c(640L, 
    31L, 8931L, 1304L, 86L, 6L, 106L, 15L, 1L, 328L, 57L, 5L, 
    0L, 0L), .Dim = c(7L, 2L), .Dimnames = structure(list(c("-1", 
    "-2", "0", "1", "2", "3", NA), c("C", NA)), .Names = c("", 
    "")), class = "table"), MSJmono19ms1 = structure(c(643L, 
    38L, 6L, 7440L, 224L, 6L, 1L, 172L, 0L, 0L, 0L, 8L, 0L, 0L, 
    0L, 0L, 0L, 0L, 0L, 2L, 0L, 0L, 0L, 0L, 52L, 2L, 0L, 794L, 
    17L, 2L, 0L, 0L), .Dim = c(8L, 4L), .Dimnames = structure(list(
        c("-1", "-2", "-3", "0", "1", "2", "3", NA), c("A", "C", 
        "T", NA)), .Names = c("", "")), class = "table"), MSJmono19ms2 = structure(c(1344L, 
    46L, 6328L, 79L, 1L, 202L, 1L, 0L, 0L, 0L, 0L, 0L, 14L, 1L, 
    447L, 1L, 0L, 0L), .Dim = c(6L, 3L), .Dimnames = structure(list(
        c("-1", "-2", "0", "1", "2", NA), c("C", "T", NA)), .Names = c("", 
    "")), class = "table"), MSJmono36 = structure(c(418L, 49L, 
    685L, 21L, 2675L, 68L, 2L, 84L, 0L, 0L, 0L, 0L, 1L, 0L, 0L, 
    0L, 5L, 1L, 3L, 0L, 74L, 1L, 0L, 0L), .Dim = c(8L, 3L), .Dimnames = structure(list(
        c("-1", "-2", "-3", "-4", "0", "1", "2", NA), c("G", 
        "T", NA)), .Names = c("", "")), class = "table"), MSJmono44 = structure(c(0L, 
    0L, 0L, 1L, 0L, 0L, 324L, 20L, 1L, 2091L, 45L, 14L, 6L, 0L, 
    0L, 36L, 1L, 0L), .Dim = c(6L, 3L), .Dimnames = structure(list(
        c("-1", "-2", "-3", "0", "1", NA), c("C", "T", NA)), .Names = c("", 
    "")), class = "table"), MSJmono46 = structure(c(606L, 974L, 
    139L, 9L, 1L, 1422L, 86L, 2L, 123L, 0L, 1L, 0L, 0L, 0L, 0L, 
    0L, 0L, 0L, 13L, 15L, 3L, 0L, 0L, 42L, 2L, 1L, 0L), .Dim = c(9L, 
    3L), .Dimnames = structure(list(c("-1", "-2", "-3", "-4", 
    "-5", "0", "1", "2", NA), c("C", "T", NA)), .Names = c("", 
    "")), class = "table"), LMmono04v2_SNP1 = structure(c(745L, 
    111L, 11L, 1L, 3607L, 177L, 7L, 36L, 12L, 2L, 2L, 0L, 152L, 
    9L, 0L, 0L), .Dim = c(8L, 2L), .Dimnames = structure(list(
        c("-1", "-2", "-3", "-4", "0", "1", "2", NA), c("C", 
        NA)), .Names = c("", "")), class = "table"), AKMmono01v2_SNP1 = structure(c(6527L, 
    760L, 27L, 142L, 297L, 3L, 0L, 0L, 5L, 0L, 90L, 10L, 2L, 
    20L, 0L), .Dim = c(5L, 3L), .Dimnames = structure(list(c("-1", 
    "-2", "-3", "0", NA), c("C", "T", NA)), .Names = c("", ""
    )), class = "table"), AKMmono10v2_SNP1 = structure(c(1414L, 
    27L, 1L, 2549L, 21L, 43L, 0L, 0L, 0L, 2L, 0L, 0L, 12L, 0L, 
    0L, 152L, 2L, 0L), .Dim = c(6L, 3L), .Dimnames = structure(list(
        c("-1", "-2", "-3", "0", "1", NA), c("A", "G", NA)), .Names = c("", 
    "")), class = "table"), AKMmono17v2_SNP1 = structure(c(0L, 
    0L, 0L, 1L, 0L, 0L, 0L, 103L, 6L, 0L, 751L, 15L, 0L, 8L, 
    118L, 33L, 1L, 793L, 29L, 1L, 12L, 2L, 0L, 0L, 53L, 1L, 0L, 
    0L), .Dim = c(7L, 4L), .Dimnames = structure(list(c("-1", 
    "-2", "-3", "0", "1", "2", NA), c("-", "A", "C", NA)), .Names = c("", 
    "")), class = "table"), EJmono13v2_SNP1 = structure(c(0L, 
    0L, 3L, 0L, 0L, 0L, 274L, 6L, 4036L, 91L, 1L, 31L, 2L, 0L, 
    83L, 2L, 0L, 0L), .Dim = c(6L, 3L), .Dimnames = structure(list(
        c("-1", "-2", "0", "1", "2", NA), c("A", "G", NA)), .Names = c("", 
    "")), class = "table"), LMmono05v2_SNP1 = structure(c(0L, 
    0L, 0L, 0L, 1L, 0L, 0L, 367L, 102L, 16L, 2L, 1471L, 39L, 
    15L, 12L, 0L, 0L, 0L, 72L, 1L, 0L), .Dim = c(7L, 3L), .Dimnames = structure(list(
        c("-1", "-2", "-3", "-4", "0", "1", NA), c("A", "T", 
        NA)), .Names = c("", "")), class = "table"), LMmono10v2_SNP1 = structure(c(1209L, 
    458L, 838L, 116L, 1L, 3516L, 60L, 1L, 238L, 0L, 0L, 0L, 0L, 
    0L, 1L, 0L, 0L, 0L, 23L, 10L, 13L, 0L, 0L, 200L, 0L, 0L, 
    0L), .Dim = c(9L, 3L), .Dimnames = structure(list(c("-1", 
    "-2", "-3", "-4", "-5", "0", "1", "2", NA), c("A", "G", NA
    )), .Names = c("", "")), class = "table"), MSJmono30v2_SNP1 = structure(c(101L, 
    8L, 1L, 670L, 23L, 1L, 2L, 13L, 0L, 0L, 384L, 23L, 2L, 0L
    ), .Dim = c(7L, 2L), .Dimnames = structure(list(c("-1", "-2", 
    "-3", "0", "1", "2", NA), c("C", NA)),