Result <-
list(AKMmono02 = structure(c(1663L, 859L, 18L, 1783L, 30L, 186L, 
11L, 12L, 1L, 34L, 0L, 0L), .Dim = c(6L, 2L), .Dimnames = structure(list(
    c("-1", "-2", "-3", "0", "1", NA), c("T", NA)), .Names = c("", 
"")), class = "table"), AKMmono03 = structure(c(0L, 0L, 0L, 1L, 
0L, 0L, 0L, 2061L, 420L, 22L, 3389L, 60L, 1L, 130L, 1L, 0L, 0L, 
1L, 0L, 0L, 0L, 82L, 10L, 2L, 263L, 0L, 0L, 0L), .Dim = c(7L, 
4L), .Dimnames = structure(list(c("-1", "-2", "-3", "0", "1", 
"2", NA), c("-", "A", "T", NA)), .Names = c("", "")), class = "table"), 
    AKMmono05 = structure(c(815L, 1456L, 130L, 22L, 1L, 1160L, 
    43L, 2L, 1L, 75L, 25L, 28L, 1L, 1L, 0L, 129L, 6L, 0L, 0L, 
    0L), .Dim = c(10L, 2L), .Dimnames = structure(list(c("-1", 
    "-2", "-3", "-4", "-5", "0", "1", "2", "3", NA), c("A", NA
    )), .Names = c("", "")), class = "table"), AKMmono13 = structure(c(1969L, 
    353L, 5L, 2539L, 52L, 1L, 84L, 0L, 0L, 0L, 1L, 0L, 0L, 0L, 
    41L, 5L, 0L, 151L, 0L, 0L, 0L), .Dim = c(7L, 3L), .Dimnames = structure(list(
        c("-1", "-2", "-3", "0", "1", "2", NA), c("A", "G", NA
        )), .Names = c("", "")), class = "table"), AKMmono16 = structure(c(3126L, 
    279L, 10L, 2276L, 40L, 2L, 85L, 2L, 0L, 0L, 0L, 0L, 0L, 0L, 
    67L, 3L, 1L, 120L, 2L, 0L, 0L), .Dim = c(7L, 3L), .Dimnames = structure(list(
        c("-1", "-2", "-3", "0", "1", "2", NA), c("A", "T", NA
        )), .Names = c("", "")), class = "table"), AKMmono22 = structure(c(578L, 
    190L, 31L, 2L, 584L, 40L, 4L, 97L, 20L, 5L, 0L, 0L, 53L, 
    0L, 0L, 0L), .Dim = c(8L, 2L), .Dimnames = structure(list(
        c("-1", "-2", "-3", "-4", "0", "1", "2", NA), c("A", 
        NA)), .Names = c("", "")), class = "table"), EJmono05 = structure(c(3863L, 
    271L, 12L, 2996L, 70L, 1L, 63L, 47L, 5L, 0L, 106L, 0L, 0L, 
    0L), .Dim = c(7L, 2L), .Dimnames = structure(list(c("-1", 
    "-2", "-3", "0", "1", "2", NA), c("T", NA)), .Names = c("", 
    "")), class = "table"), EJmono16 = structure(c(397L, 2135L, 
    52L, 2L, 4426L, 250L, 8L, 200L, 0L, 0L, 0L, 0L, 1L, 0L, 0L, 
    0L, 2L, 13L, 1L, 0L, 56L, 3L, 0L, 0L), .Dim = c(8L, 3L), .Dimnames = structure(list(
        c("-1", "-2", "-3", "-4", "0", "1", "2", NA), c("A", 
        "G", NA)), .Names = c("", "")), class = "table"), LMmono01 = structure(c(1813L, 
    90L, 1L, 1028L, 24L, 44L, 2L, 0L, 0L, 0L, 0L, 0L, 52L, 1L, 
    0L, 59L, 1L, 0L), .Dim = c(6L, 3L), .Dimnames = structure(list(
        c("-1", "-2", "-3", "0", "1", NA), c("A", "G", NA)), .Names = c("", 
    "")), class = "table"), LMmono03 = structure(c(251L, 263L, 
    986L, 226L, 7L, 1114L, 25L, 1L, 119L, 3L, 2L, 7L, 0L, 0L, 
    70L, 1L, 0L, 0L), .Dim = c(9L, 2L), .Dimnames = structure(list(
        c("-1", "-2", "-3", "-4", "-5", "0", "1", "2", NA), c("C", 
        NA)), .Names = c("", "")), class = "table"), LMmono09 = structure(c(580L, 
    432L, 45L, 1L, 404L, 19L, 69L, 0L, 0L, 0L, 0L, 5L, 0L, 0L
    ), .Dim = c(7L, 2L), .Dimnames = structure(list(c("-1", "-2", 
    "-3", "-4", "0", "1", NA), c("T", NA)), .Names = c("", ""
    )), class = "table"), LMmono12 = structure(c(1130L, 1537L, 
    153L, 3698L, 256L, 13L, 263L, 0L, 0L, 0L, 1L, 0L, 0L, 1L, 
    7L, 12L, 3L, 147L, 5L, 0L, 0L), .Dim = c(7L, 3L), .Dimnames = structure(list(
        c("-1", "-2", "-3", "0", "1", "2", NA), c("A", "T", NA
        )), .Names = c("", "")), class = "table"), LMmono16 = structure(c(669L, 
    127L, 1117L, 130L, 6L, 1693L, 111L, 1L, 121L, 1L, 38L, 2L, 
    127L, 23L, 8L, 34L, 6L, 1L, 197L, 9L, 0L, 6L, 0L, 3L, 0L, 
    0L), .Dim = c(13L, 2L), .Dimnames = structure(list(c("-1", 
    "-2", "-3", "-4", "-5", "0", "1", "2", "3", "4", "5", "6", 
    NA), c("A", NA)), .Names = c("", "")), class = "table"), 
    MSJmono10 = structure(c(7L, 0L, 0L, 0L, 0L, 0L, 0L, 0L, 3550L, 
    557L, 14L, 11389L, 328L, 9L, 1L, 112L, 0L, 0L, 0L, 1L, 0L, 
    0L, 0L, 0L, 70L, 6L, 0L, 385L, 16L, 2L, 0L, 0L), .Dim = c(8L, 
    4L), .Dimnames = structure(list(c("-1", "-2", "-3", "0", 
    "1", "2", "3", NA), c("A", "C", "G", NA)), .Names = c("", 
    "")), class = "table"), MSJmono19ms1 = structure(c(3863L, 
    188L, 8L, 3L, 2895L, 60L, 1L, 267L, 0L, 0L, 0L, 0L, 5L, 0L, 
    0L, 1L, 1L, 0L, 0L, 0L, 0L, 0L, 0L, 1L, 231L, 9L, 1L, 0L, 
    319L, 4L, 0L, 0L), .Dim = c(8L, 4L), .Dimnames = structure(list(
        c("-1", "-2", "-3", "-4", "0", "1", "2", NA), c("A", 
        "C", "T", NA)), .Names = c("", "")), class = "table"), 
    MSJmono19ms2 = structure(c(0L, 0L, 0L, 2L, 0L, 0L, 1737L, 
    219L, 1L, 4621L, 81L, 227L, 22L, 4L, 0L, 294L, 0L, 0L), .Dim = c(6L, 
    3L), .Dimnames = structure(list(c("-1", "-2", "-3", "0", 
    "1", NA), c("A", "C", NA)), .Names = c("", "")), class = "table"), 
    MSJmono36 = structure(c(155L, 2L, 2531L, 162L, 2L, 46L, 0L, 
    0L, 1L, 0L, 0L, 0L, 0L, 0L, 81L, 2L, 0L, 0L), .Dim = c(6L, 
    3L), .Dimnames = structure(list(c("-1", "-2", "0", "1", "2", 
    NA), c("G", "T", NA)), .Names = c("", "")), class = "table"), 
    MSJmono44 = structure(c(873L, 66L, 1L, 782L, 13L, 23L, 6L, 
    0L, 0L, 16L, 0L, 0L), .Dim = c(6L, 2L), .Dimnames = structure(list(
        c("-1", "-2", "-3", "0", "1", NA), c("T", NA)), .Names = c("", 
    "")), class = "table"), MSJmono46 = structure(c(283L, 28L, 
    1L, 757L, 47L, 2L, 26L, 0L, 0L, 0L, 1L, 0L, 0L, 0L, 3L, 0L, 
    0L, 20L, 1L, 0L, 0L), .Dim = c(7L, 3L), .Dimnames = structure(list(
        c("-1", "-2", "-3", "0", "1", "2", NA), c("C", "T", NA
        )), .Names = c("", "")), class = "table"), LMmono04v2_SNP1 = structure(c(1851L, 
    182L, 7L, 1324L, 45L, 1L, 47L, 21L, 2L, 0L, 57L, 4L, 0L, 
    0L), .Dim = c(7L, 2L), .Dimnames = structure(list(c("-1", 
    "-2", "-3", "0", "1", "2", NA), c("C", NA)), .Names = c("", 
    "")), class = "table"), AKMmono01v2_SNP1 = structure(c(1L, 
    0L, 0L, 0L, 0L, 0L, 0L, 0L, 1L, 0L, 0L, 0L, 1L, 0L, 0L, 0L, 
    3350L, 271L, 35L, 1L, 4237L, 47L, 2L, 167L, 44L, 6L, 2L, 
    0L, 107L, 1L, 0L, 0L), .Dim = c(8L, 4L), .Dimnames = structure(list(
        c("-1", "-2", "-3", "-4", "0", "1", "2", NA), c("-", 
        "C", "T", NA)), .Names = c("", "")), class = "table"), 
    AKMmono10v2_SNP1 = structure(c(724L, 16L, 0L, 537L, 5L, 1L, 
    14L, 763L, 26L, 1L, 412L, 4L, 0L, 25L, 13L, 1L, 0L, 55L, 
    1L, 0L, 0L), .Dim = c(7L, 3L), .Dimnames = structure(list(
        c("-1", "-2", "-3", "0", "1", "2", NA), c("A", "G", NA
        )), .Names = c("", "")), class = "table"), AKMmono17v2_SNP1 = structure(c(1L, 
    0L, 0L, 0L, 6L, 0L, 0L, 50L, 703L, 246L, 2L, 501L, 11L, 32L, 
    3L, 2L, 1L, 0L, 16L, 0L, 0L), .Dim = c(7L, 3L), .Dimnames = structure(list(
        c("-1", "-2", "-3", "-4", "0", "1", NA), c("A", "C", 
        NA)), .Names = c("", "")), class = "table"), EJmono13v2_SNP1 = structure(c(105L, 
    2L, 1173L, 26L, 0L, 5L, 852L, 12L, 426L, 10L, 1L, 18L, 19L, 
    0L, 55L, 0L, 0L, 0L), .Dim = c(6L, 3L), .Dimnames = structure(list(
        c("-1", "-2", "0", "1", "2", NA), c("A", "G", NA)), .Names = c("", 
    "")), class = "table"), LMmono05v2_SNP1 = structure(c(0L, 
    0L, 0L, 0L, 1L, 0L, 0L, 92L, 316L, 55L, 3L, 605L, 12L, 10L, 
    4L, 5L, 1L, 0L, 25L, 0L, 0L), .Dim = c(7L, 3L), .Dimnames = structure(list(
        c("-1", "-2", "-3", "-4", "0", "1", NA), c("A", "T", 
        NA)), .Names = c("", "")), class = "table"), LMmono10v2_SNP1 = structure(c(453L, 
    89L, 1135L, 77L, 3L, 2509L, 37L, 2L, 142L, 0L, 0L, 0L, 0L, 
    0L, 1L, 0L, 0L, 0L, 11L, 1L, 16L, 2L, 1L, 153L, 1L, 0L, 0L
    ), .Dim = c(9L, 3L), .Dimnames = structure(list(c("-1", "-2", 
    "-3", "-4", "-5", "0", "1", "2", NA), c("A", "G", NA)), .Names = c("", 
    "")), class = "table"), MSJmono30v2_SNP1 = structure(c(47L, 
    4L, 494L, 25L, 0L, 0L, 3L, 11L, 0L, 268L, 44L, 2L, 1L, 0L
    ), .Dim = c(7L, 2L), .Dimnames = structure(list(c("-1", "-2", 
    "0", "1", "2", "3", NA), c("C", NA)), .Names = c("", "")), class = "table"), 
    EJmono14v2_SNP1 = structure(c(1L, 0L, 0L, 0L, 0L, 0L, 0L, 
    1201L, 58L, 2L, 1910L, 40L, 2L, 21L, 58L, 1L, 0L, 288L, 8L, 
    1L, 0L),