Result <-
list(AKMmono02 = structure(c(0L, 0L, 0L, 1L, 0L, 0L, 0L, 0L, 
640L, 22L, 5L, 3230L, 77L, 2L, 1L, 100L, 1L, 0L, 0L, 55L, 1L, 
0L, 0L, 0L), .Dim = c(8L, 3L), .Dimnames = structure(list(c("-1", 
"-2", "-3", "0", "1", "2", "3", NA), c("A", "T", NA)), .Names = c("", 
"")), class = "table"), AKMmono03 = structure(c(1005L, 412L, 
27L, 2L, 3257L, 41L, 1L, 55L, 27L, 16L, 1L, 0L, 240L, 2L, 0L, 
0L), .Dim = c(8L, 2L), .Dimnames = structure(list(c("-1", "-2", 
"-3", "-4", "0", "1", "2", NA), c("A", NA)), .Names = c("", ""
)), class = "table"), AKMmono05 = structure(c(994L, 188L, 26L, 
2L, 1L, 1286L, 71L, 5L, 52L, 0L, 0L, 0L, 0L, 0L, 1L, 0L, 0L, 
0L, 0L, 0L, 0L, 0L, 0L, 1L, 0L, 0L, 0L, 2L, 0L, 0L, 0L, 0L, 0L, 
0L, 0L, 1L, 47L, 3L, 0L, 0L, 0L, 119L, 5L, 0L, 0L), .Dim = c(9L, 
5L), .Dimnames = structure(list(c("-1", "-2", "-3", "-4", "-5", 
"0", "1", "2", NA), c("A", "C", "G", "T", NA)), .Names = c("", 
"")), class = "table"), AKMmono13 = structure(c(210L, 15L, 5L, 
2979L, 91L, 3L, 31L, 8L, 0L, 0L, 160L, 4L, 0L, 0L), .Dim = c(7L, 
2L), .Dimnames = structure(list(c("-1", "-2", "-3", "0", "1", 
"2", NA), c("A", NA)), .Names = c("", "")), class = "table"), 
    AKMmono16 = structure(c(1266L, 88L, 3L, 3220L, 44L, 1L, 42L, 
    0L, 0L, 0L, 0L, 1L, 0L, 0L, 0L, 0L, 0L, 1L, 0L, 0L, 0L, 28L, 
    3L, 0L, 143L, 1L, 0L, 0L), .Dim = c(7L, 4L), .Dimnames = structure(list(
        c("-1", "-2", "-3", "0", "1", "2", NA), c("A", "G", "T", 
        NA)), .Names = c("", "")), class = "table"), AKMmono22 = structure(c(533L, 
    376L, 76L, 6L, 343L, 25L, 2L, 96L, 0L, 0L, 0L, 0L, 2L, 0L, 
    0L, 0L, 16L, 14L, 0L, 0L, 30L, 0L, 0L, 0L), .Dim = c(8L, 
    3L), .Dimnames = structure(list(c("-1", "-2", "-3", "-4", 
    "0", "1", "2", NA), c("A", "G", NA)), .Names = c("", "")), class = "table"), 
    EJmono05 = structure(c(2304L, 144L, 4L, 3609L, 57L, 3L, 36L, 
    30L, 1L, 0L, 90L, 0L, 1L, 0L), .Dim = c(7L, 2L), .Dimnames = structure(list(
        c("-1", "-2", "-3", "0", "1", "2", NA), c("T", NA)), .Names = c("", 
    "")), class = "table"), EJmono16 = structure(c(1237L, 56L, 
    4L, 4080L, 241L, 2L, 221L, 1L, 1L, 0L, 1L, 0L, 0L, 0L, 5L, 
    0L, 0L, 61L, 3L, 0L, 0L), .Dim = c(7L, 3L), .Dimnames = structure(list(
        c("-1", "-2", "-3", "0", "1", "2", NA), c("A", "G", NA
        )), .Names = c("", "")), class = "table"), LMmono01 = structure(c(337L, 
    30L, 2257L, 35L, 2L, 14L, 0L, 0L, 1L, 0L, 0L, 0L, 7L, 0L, 
    124L, 5L, 0L, 0L), .Dim = c(6L, 3L), .Dimnames = structure(list(
        c("-1", "-2", "0", "1", "2", NA), c("A", "T", NA)), .Names = c("", 
    "")), class = "table"), LMmono03 = structure(c(624L, 141L, 
    514L, 68L, 1L, 1L, 986L, 33L, 1L, 90L, 5L, 2L, 6L, 2L, 0L, 
    0L, 48L, 0L, 0L, 0L), .Dim = c(10L, 2L), .Dimnames = structure(list(
        c("-1", "-2", "-3", "-4", "-5", "-6", "0", "1", "2", 
        NA), c("C", NA)), .Names = c("", "")), class = "table"), 
    LMmono09 = structure(c(215L, 286L, 98L, 5L, 1043L, 29L, 37L, 
    0L, 4L, 1L, 0L, 9L, 0L, 0L), .Dim = c(7L, 2L), .Dimnames = structure(list(
        c("-1", "-2", "-3", "-4", "0", "1", NA), c("T", NA)), .Names = c("", 
    "")), class = "table"), LMmono12 = structure(c(407L, 1134L, 
    124L, 2L, 2294L, 887L, 131L, 10L, 1L, 295L, 6L, 9L, 0L, 0L, 
    103L, 20L, 8L, 0L, 0L, 0L), .Dim = c(10L, 2L), .Dimnames = structure(list(
        c("-1", "-2", "-3", "-4", "0", "1", "2", "3", "4", NA
        ), c("A", NA)), .Names = c("", "")), class = "table"), 
    LMmono16 = structure(c(461L, 130L, 9L, 1L, 2272L, 70L, 3L, 
    439L, 124L, 3L, 133L, 14L, 3L, 0L, 0L, 345L, 8L, 0L, 30L, 
    17L, 1L, 0L), .Dim = c(11L, 2L), .Dimnames = structure(list(
        c("-1", "-2", "-3", "-5", "0", "1", "2", "3", "5", "6", 
        NA), c("A", NA)), .Names = c("", "")), class = "table"), 
    MSJmono10 = structure(c(0L, 0L, 0L, 1L, 0L, 0L, 0L, 4204L, 
    378L, 8L, 7003L, 218L, 5L, 119L, 0L, 0L, 0L, 1L, 0L, 0L, 
    0L, 0L, 0L, 0L, 1L, 0L, 0L, 0L, 72L, 5L, 1L, 243L, 14L, 0L, 
    0L), .Dim = c(7L, 5L), .Dimnames = structure(list(c("-1", 
    "-2", "-3", "0", "1", "2", NA), c("A", "C", "G", "T", NA)), .Names = c("", 
    "")), class = "table"), MSJmono19ms1 = structure(c(1050L, 
    320L, 10L, 1636L, 2074L, 75L, 1L, 715L, 0L, 0L, 0L, 0L, 0L, 
    0L, 0L, 1L, 0L, 1L, 0L, 0L, 0L, 0L, 0L, 0L, 0L, 0L, 0L, 1L, 
    0L, 0L, 0L, 0L, 81L, 14L, 0L, 224L, 155L, 4L, 0L, 0L), .Dim = c(8L, 
    5L), .Dimnames = structure(list(c("-1", "-2", "-3", "0", 
    "1", "2", "3", NA), c("A", "C", "G", "T", NA)), .Names = c("", 
    "")), class = "table"), MSJmono19ms2 = structure(c(268L, 
    5L, 3936L, 855L, 27L, 216L, 5L, 0L, 328L, 4L, 0L, 0L), .Dim = c(6L, 
    2L), .Dimnames = structure(list(c("-1", "-2", "0", "1", "2", 
    NA), c("C", NA)), .Names = c("", "")), class = "table"), 
    MSJmono36 = structure(c(91L, 5L, 1640L, 633L, 76L, 2L, 66L, 
    0L, 0L, 0L, 1L, 0L, 0L, 0L, 0L, 0L, 71L, 4L, 2L, 0L, 0L), .Dim = c(7L, 
    3L), .Dimnames = structure(list(c("-1", "-2", "0", "1", "2", 
    "3", NA), c("G", "T", NA)), .Names = c("", "")), class = "table"), 
    MSJmono44 = structure(c(813L, 78L, 1L, 609L, 10L, 12L, 13L, 
    0L, 0L, 15L, 0L, 0L), .Dim = c(6L, 2L), .Dimnames = structure(list(
        c("-1", "-2", "-3", "0", "1", NA), c("T", NA)), .Names = c("", 
    "")), class = "table"), MSJmono46 = structure(c(195L, 515L, 
    46L, 2L, 2L, 683L, 39L, 53L, 0L, 1L, 0L, 0L, 0L, 0L, 0L, 
    0L, 2L, 8L, 0L, 0L, 0L, 21L, 0L, 0L), .Dim = c(8L, 3L), .Dimnames = structure(list(
        c("-1", "-2", "-3", "-4", "-5", "0", "1", NA), c("C", 
        "T", NA)), .Names = c("", "")), class = "table"), LMmono04v2_SNP1 = structure(c(1198L, 
    139L, 3L, 1L, 791L, 32L, 34L, 23L, 1L, 0L, 0L, 31L, 2L, 0L
    ), .Dim = c(7L, 2L), .Dimnames = structure(list(c("-1", "-2", 
    "-3", "-5", "0", "1", NA), c("C", NA)), .Names = c("", ""
    )), class = "table"), AKMmono01v2_SNP1 = structure(c(0L, 
    0L, 0L, 1L, 0L, 0L, 0L, 3097L, 265L, 15L, 5040L, 95L, 2L, 
    173L, 50L, 2L, 0L, 125L, 2L, 0L, 0L), .Dim = c(7L, 3L), .Dimnames = structure(list(
        c("-1", "-2", "-3", "0", "1", "2", NA), c("-", "T", NA
        )), .Names = c("", "")), class = "table"), AKMmono10v2_SNP1 = structure(c(134L, 
    4L, 2007L, 27L, 0L, 8L, 2L, 0L, 99L, 4L, 1L, 0L), .Dim = c(6L, 
    2L), .Dimnames = structure(list(c("-1", "-2", "0", "1", "2", 
    NA), c("A", NA)), .Names = c("", "")), class = "table"), 
    AKMmono17v2_SNP1 = structure(c(2L, 0L, 0L, 20L, 0L, 0L, 1L, 
    262L, 144L, 3L, 973L, 14L, 1L, 19L, 2L, 0L, 0L, 27L, 0L, 
    0L, 0L), .Dim = c(7L, 3L), .Dimnames = structure(list(c("-1", 
    "-2", "-3", "0", "1", "2", NA), c("A", "C", NA)), .Names = c("", 
    "")), class = "table"), EJmono13v2_SNP1 = structure(c(0L, 
    0L, 1L, 0L, 0L, 0L, 2201L, 80L, 538L, 19L, 1L, 49L, 15L, 
    0L, 12L, 0L, 0L, 0L), .Dim = c(6L, 3L), .Dimnames = structure(list(
        c("-1", "-2", "0", "1", "2", NA), c("A", "G", NA)), .Names = c("", 
    "")), class = "table"), LMmono05v2_SNP1 = structure(c(0L, 
    0L, 0L, 0L, 2L, 0L, 0L, 0L, 0L, 0L, 0L, 0L, 1L, 0L, 0L, 0L, 
    79L, 3L, 256L, 3L, 684L, 26L, 1L, 6L, 0L, 0L, 1L, 0L, 25L, 
    2L, 0L, 0L), .Dim = c(8L, 4L), .Dimnames = structure(list(
        c("-1", "-2", "-3", "-4", "0", "1", "2", NA), c("A", 
        "C", "T", NA)), .Names = c("", "")), class = "table"), 
    LMmono10v2_SNP1 = structure(c(398L, 51L, 4L, 0L, 1365L, 21L, 
    51L, 124L, 963L, 146L, 6L, 719L, 11L, 66L, 9L, 13L, 2L, 0L, 
    116L, 1L, 0L), .Dim = c(7L, 3L), .Dimnames = structure(list(
        c("-1", "-2", "-3", "-4", "0", "1", NA), c("A", "G", 
        NA)), .Names = c("", "")), class = "table"), MSJmono30v2_SNP1 = structure(c(51L, 
    2L, 1L, 536L, 32L, 6L, 5L, 1L, 0L, 282L, 23L, 0L), .Dim = c(6L, 
    2L), .Dimnames = structure(list(c("-1", "-2", "-3", "0", 
    "1", NA), c("C", NA)), .Names = c("", "")), class = "table"),