Result <-
list(AKMmono02 = structure(c(0L, 0L, 0L, 0L, 1L, 0L, 0L, 199L, 
8L, 540L, 1L, 2166L, 43L, 43L, 0L, 0L, 5L, 0L, 27L, 0L, 0L), .Dim = c(7L, 
3L), .Dimnames = structure(list(c("-1", "-2", "-3", "-4", "0", 
"1", NA), c("A", "T", NA)), .Names = c("", "")), class = "table"), 
    AKMmono03 = structure(c(802L, 540L, 55L, 2L, 3925L, 53L, 
    2L, 87L, 0L, 0L, 0L, 0L, 1L, 0L, 0L, 0L, 30L, 14L, 2L, 0L, 
    274L, 3L, 0L, 0L), .Dim = c(8L, 3L), .Dimnames = structure(list(
        c("-1", "-2", "-3", "-4", "0", "1", "2", NA), c("A", 
        "G", NA)), .Names = c("", "")), class = "table"), AKMmono05 = structure(c(1090L, 
    142L, 18L, 3L, 1629L, 59L, 2L, 56L, 56L, 4L, 0L, 0L, 173L, 
    1L, 0L, 0L), .Dim = c(8L, 2L), .Dimnames = structure(list(
        c("-1", "-2", "-3", "-4", "0", "1", "2", NA), c("A", 
        NA)), .Names = c("", "")), class = "table"), AKMmono13 = structure(c(620L, 
    910L, 14L, 2538L, 57L, 70L, 1L, 0L, 0L, 0L, 0L, 0L, 11L, 
    17L, 0L, 162L, 3L, 0L), .Dim = c(6L, 3L), .Dimnames = structure(list(
        c("-1", "-2", "-3", "0", "1", NA), c("A", "G", NA)), .Names = c("", 
    "")), class = "table"), AKMmono16 = structure(c(692L, 79L, 
    1L, 4207L, 75L, 30L, 0L, 0L, 0L, 1L, 0L, 0L, 18L, 0L, 0L, 
    218L, 1L, 0L), .Dim = c(6L, 3L), .Dimnames = structure(list(
        c("-1", "-2", "-3", "0", "1", NA), c("A", "G", NA)), .Names = c("", 
    "")), class = "table"), AKMmono22 = structure(c(216L, 168L, 
    209L, 42L, 2L, 1104L, 57L, 7L, 62L, 6L, 6L, 3L, 1L, 0L, 114L, 
    1L, 0L, 0L), .Dim = c(9L, 2L), .Dimnames = structure(list(
        c("-1", "-2", "-3", "-4", "-5", "0", "1", "2", NA), c("A", 
        NA)), .Names = c("", "")), class = "table"), EJmono05 = structure(c(1612L, 
    95L, 3L, 4682L, 100L, 1L, 47L, 22L, 1L, 0L, 136L, 3L, 1L, 
    0L), .Dim = c(7L, 2L), .Dimnames = structure(list(c("-1", 
    "-2", "-3", "0", "1", "2", NA), c("T", NA)), .Names = c("", 
    "")), class = "table"), EJmono16 = structure(c(1590L, 393L, 
    24L, 3546L, 182L, 2L, 241L, 13L, 7L, 1L, 39L, 1L, 0L, 0L), .Dim = c(7L, 
    2L), .Dimnames = structure(list(c("-1", "-2", "-3", "0", 
    "1", "2", NA), c("A", NA)), .Names = c("", "")), class = "table"), 
    LMmono01 = structure(c(778L, 38L, 1338L, 20L, 27L, 16L, 2L, 
    82L, 1L, 0L), .Dim = c(5L, 2L), .Dimnames = structure(list(
        c("-1", "-2", "0", "1", NA), c("A", NA)), .Names = c("", 
    "")), class = "table"), LMmono03 = structure(c(362L, 361L, 
    93L, 532L, 17L, 1682L, 42L, 4L, 96L, 0L, 0L, 0L, 1L, 0L, 
    0L, 0L, 0L, 0L, 7L, 7L, 1L, 1L, 0L, 95L, 0L, 0L, 0L), .Dim = c(9L, 
    3L), .Dimnames = structure(list(c("-1", "-2", "-3", "-4", 
    "-5", "0", "1", "2", NA), c("C", "T", NA)), .Names = c("", 
    "")), class = "table"), LMmono09 = structure(c(507L, 84L, 
    754L, 12L, 1342L, 38L, 1L, 98L, 6L, 0L, 1L, 1L, 9L, 0L, 0L, 
    0L), .Dim = c(8L, 2L), .Dimnames = structure(list(c("-1", 
    "-2", "-3", "-4", "0", "1", "2", NA), c("T", NA)), .Names = c("", 
    "")), class = "table"), LMmono12 = structure(c(1772L, 741L, 
    61L, 3311L, 178L, 9L, 210L, 0L, 1L, 0L, 0L, 0L, 0L, 0L, 4L, 
    5L, 2L, 99L, 5L, 1L, 0L), .Dim = c(7L, 3L), .Dimnames = structure(list(
        c("-1", "-2", "-3", "0", "1", "2", NA), c("A", "G", NA
        )), .Names = c("", "")), class = "table"), LMmono16 = structure(c(441L, 
    82L, 7L, 4L, 31L, 1L, 1617L, 55L, 121L, 2L, 31L, 5L, 75L, 
    0L, 0L, 0L, 0L, 0L, 0L, 2L, 0L, 0L, 0L, 0L, 0L, 0L, 17L, 
    6L, 1L, 0L, 0L, 0L, 216L, 4L, 8L, 0L, 10L, 0L, 0L), .Dim = c(13L, 
    3L), .Dimnames = structure(list(c("-1", "-2", "-3", "-4", 
    "-5", "-6", "0", "1", "3", "4", "5", "6", NA), c("A", "G", 
    NA)), .Names = c("", "")), class = "table"), MSJmono10 = structure(c(1L, 
    0L, 0L, 1L, 0L, 0L, 1L, 2938L, 160L, 3L, 5277L, 172L, 2L, 
    96L, 5L, 1L, 0L, 0L, 0L, 0L, 0L, 60L, 2L, 1L, 204L, 9L, 1L, 
    0L), .Dim = c(7L, 4L), .Dimnames = structure(list(c("-1", 
    "-2", "-3", "0", "1", "2", NA), c("A", "C", "G", NA)), .Names = c("", 
    "")), class = "table"), MSJmono19ms1 = structure(c(362L, 
    22L, 2L, 4686L, 126L, 2L, 81L, 0L, 0L, 0L, 3L, 0L, 0L, 0L, 
    13L, 1L, 0L, 474L, 9L, 1L, 0L), .Dim = c(7L, 3L), .Dimnames = structure(list(
        c("-1", "-2", "-3", "0", "1", "2", NA), c("A", "C", NA
        )), .Names = c("", "")), class = "table"), MSJmono19ms2 = structure(c(752L, 
    657L, 2L, 3086L, 39L, 2L, 182L, 0L, 0L, 0L, 1L, 0L, 0L, 0L, 
    8L, 3L, 0L, 214L, 1L, 0L, 0L), .Dim = c(7L, 3L), .Dimnames = structure(list(
        c("-1", "-2", "-3", "0", "1", "2", NA), c("C", "T", NA
        )), .Names = c("", "")), class = "table"), MSJmono36 = structure(c(0L, 
    0L, 0L, 1L, 0L, 0L, 0L, 549L, 45L, 2L, 1630L, 190L, 7L, 95L, 
    1L, 0L, 0L, 0L, 0L, 0L, 0L, 0L, 0L, 0L, 53L, 2L, 0L, 0L), .Dim = c(7L, 
    4L), .Dimnames = structure(list(c("-1", "-2", "-3", "0", 
    "1", "2", NA), c("A", "G", "T", NA)), .Names = c("", "")), class = "table"), 
    MSJmono44 = structure(c(540L, 28L, 913L, 17L, 12L, 4L, 0L, 
    12L, 0L, 0L), .Dim = c(5L, 2L), .Dimnames = structure(list(
        c("-1", "-2", "0", "1", NA), c("T", NA)), .Names = c("", 
    "")), class = "table"), MSJmono46 = structure(c(612L, 77L, 
    9L, 1L, 1369L, 85L, 4L, 62L, 3L, 1L, 1L, 0L, 43L, 2L, 0L, 
    0L), .Dim = c(8L, 2L), .Dimnames = structure(list(c("-1", 
    "-2", "-3", "-4", "0", "1", "2", NA), c("C", NA)), .Names = c("", 
    "")), class = "table"), LMmono04v2_SNP1 = structure(c(901L, 
    59L, 2L, 1L, 2837L, 142L, 5L, 2L, 19L, 14L, 1L, 0L, 0L, 137L, 
    1L, 0L, 0L, 0L), .Dim = c(9L, 2L), .Dimnames = structure(list(
        c("-1", "-2", "-3", "-4", "0", "1", "2", "3", NA), c("C", 
        NA)), .Names = c("", "")), class = "table"), AKMmono01v2_SNP1 = structure(c(2L, 
    0L, 1L, 0L, 0L, 0L, 0L, 0L, 1L, 0L, 0L, 0L, 0L, 0L, 0L, 0L, 
    2463L, 253L, 5L, 0L, 32L, 0L, 0L, 120L, 103L, 1075L, 39L, 
    1L, 1774L, 21L, 1L, 33L, 34L, 16L, 1L, 0L, 65L, 0L, 0L, 0L
    ), .Dim = c(8L, 5L), .Dimnames = structure(list(c("-1", "-2", 
    "-3", "-4", "0", "1", "2", NA), c("-", "A", "C", "T", NA)), .Names = c("", 
    "")), class = "table"), AKMmono10v2_SNP1 = structure(c(656L, 
    10L, 1L, 2501L, 17L, 1L, 19L, 0L, 0L, 0L, 2L, 0L, 0L, 0L, 
    0L, 0L, 0L, 1L, 0L, 0L, 0L, 5L, 1L, 0L, 119L, 2L, 0L, 0L), .Dim = c(7L, 
    4L), .Dimnames = structure(list(c("-1", "-2", "-5", "0", 
    "1", "2", NA), c("A", "G", "T", NA)), .Names = c("", "")), class = "table"), 
    AKMmono17v2_SNP1 = structure(c(2L, 0L, 6L, 4L, 0L, 270L, 
    19L, 892L, 9L, 8L, 0L, 0L, 1L, 0L, 0L, 0L, 0L, 26L, 0L, 0L
    ), .Dim = 5:4, .Dimnames = structure(list(c("-1", "-2", "0", 
    "1", NA), c("A", "C", "T", NA)), .Names = c("", "")), class = "table"), 
    EJmono13v2_SNP1 = structure(c(0L, 0L, 0L, 1L, 0L, 0L, 0L, 
    1L, 0L, 0L, 0L, 0L, 0L, 0L, 414L, 771L, 4L, 2575L, 44L, 2L, 
    30L, 5L, 1L, 0L, 68L, 1L, 0L, 0L), .Dim = c(7L, 4L), .Dimnames = structure(list(
        c("-1", "-2", "-3", "0", "1", "2", NA), c("A", "C", "G", 
        NA)), .Names = c("", "")), class = "table"), LMmono05v2_SNP1 = structure(c(37L, 
    312L, 6L, 486L, 9L, 13L, 0L, 0L, 0L, 1L, 0L, 0L, 62L, 4L, 
    0L, 706L, 13L, 4L, 1L, 2L, 0L, 52L, 0L, 0L), .Dim = c(6L, 
    4L), .Dimnames = structure(list(c("-1", "-2", "-3", "0", 
    "1", NA), c("A", "C", "T", NA)), .Names = c("", "")), class = "table"), 
    LMmono10v2_SNP1 = structure(c(619L, 73L, 859L, 51L, 3L, 3850L, 
    56L, 2L, 208L, 0L, 0L, 0L, 0L, 0L, 1L, 0L, 0L, 1L, 19L, 0L, 
    10L, 0L, 0L, 206L, 4L, 0L, 0L), .Dim = c(9L, 3L), .Dimnames = structure(list(
        c("-1", "-2", "-3", "-4", "-5", "0", "1", "2", NA), c("A", 
        "G", NA)), .Names = c("", "")), class = "table"), MSJmono30v2_SNP1 = structure(c(89L, 
    8L, 11L, 0L, 257L, 7L, 0L, 3L, 17L, 81L, 108L, 6L, 245L, 
    8L, 1L, 5L, 8L, 7L, 2L, 0L, 221L, 21L, 1L, 0L), .Dim = c(8L, 
    3L), .Dimnames = structure(list(c("-1", "-2", "-3", "-4", 
    "0", "1", "2", NA), c("C", "T", NA)), .Names = c("", "")), class = "table"),