Result <-
list(AKMmono02 = structure(c(786L, 100L, 4L, 3261L, 57L, 2L, 
94L, 2L, 1L, 0L, 37L, 0L, 0L, 0L), .Dim = c(7L, 2L), .Dimnames = structure(list(
    c("-1", "-2", "-3", "0", "1", "2", NA), c("T", NA)), .Names = c("", 
"")), class = "table"), AKMmono03 = structure(c(1978L, 516L, 
69L, 3L, 5214L, 79L, 2L, 107L, 1L, 0L, 0L, 0L, 0L, 0L, 0L, 0L, 
66L, 17L, 0L, 0L, 392L, 1L, 0L, 0L), .Dim = c(8L, 3L), .Dimnames = structure(list(
    c("-1", "-2", "-3", "-4", "0", "1", "2", NA), c("A", "T", 
    NA)), .Names = c("", "")), class = "table"), AKMmono05 = structure(c(739L, 
853L, 177L, 14L, 1891L, 77L, 1L, 72L, 35L, 18L, 1L, 0L, 202L, 
9L, 0L, 0L), .Dim = c(8L, 2L), .Dimnames = structure(list(c("-1", 
"-2", "-3", "-4", "0", "1", "2", NA), c("A", NA)), .Names = c("", 
"")), class = "table"), AKMmono13 = structure(c(1035L, 408L, 
117L, 133L, 4073L, 82L, 3L, 58L, 0L, 0L, 0L, 0L, 1L, 0L, 0L, 
0L, 31L, 9L, 0L, 2L, 262L, 3L, 0L, 0L), .Dim = c(8L, 3L), .Dimnames = structure(list(
    c("-1", "-2", "-3", "-4", "0", "1", "2", NA), c("A", "T", 
    NA)), .Names = c("", "")), class = "table"), AKMmono16 = structure(c(954L, 
82L, 34L, 2L, 4973L, 86L, 46L, 15L, 1L, 0L, 0L, 244L, 5L, 0L), .Dim = c(7L, 
2L), .Dimnames = structure(list(c("-1", "-2", "-3", "-4", "0", 
"1", NA), c("A", NA)), .Names = c("", "")), class = "table"), 
    AKMmono22 = structure(c(252L, 280L, 118L, 5L, 1178L, 56L, 
    2L, 61L, 0L, 0L, 0L, 0L, 1L, 0L, 0L, 0L, 10L, 4L, 1L, 0L, 
    109L, 1L, 0L, 0L), .Dim = c(8L, 3L), .Dimnames = structure(list(
        c("-1", "-2", "-3", "-4", "0", "1", "2", NA), c("A", 
        "G", NA)), .Names = c("", "")), class = "table"), EJmono05 = structure(c(0L, 
    0L, 0L, 1L, 0L, 0L, 3851L, 317L, 2L, 6920L, 147L, 86L, 57L, 
    3L, 0L, 182L, 3L, 0L), .Dim = c(6L, 3L), .Dimnames = structure(list(
        c("-1", "-2", "-3", "0", "1", NA), c("C", "T", NA)), .Names = c("", 
    "")), class = "table"), EJmono16 = structure(c(1020L, 451L, 
    1383L, 28L, 1L, 4646L, 248L, 10L, 241L, 0L, 0L, 0L, 0L, 0L, 
    1L, 0L, 0L, 0L, 1L, 0L, 0L, 0L, 0L, 2L, 0L, 0L, 0L, 9L, 2L, 
    10L, 0L, 0L, 58L, 2L, 0L, 0L), .Dim = c(9L, 4L), .Dimnames = structure(list(
        c("-1", "-2", "-3", "-4", "-5", "0", "1", "2", NA), c("A", 
        "G", "T", NA)), .Names = c("", "")), class = "table"), 
    LMmono01 = structure(c(668L, 41L, 2L, 3119L, 51L, 21L, 0L, 
    0L, 0L, 1L, 0L, 0L, 0L, 0L, 0L, 2L, 0L, 0L, 23L, 1L, 0L, 
    184L, 1L, 0L), .Dim = c(6L, 4L), .Dimnames = structure(list(
        c("-1", "-2", "-3", "0", "1", NA), c("A", "G", "T", NA
        )), .Names = c("", "")), class = "table"), LMmono03 = structure(c(397L, 
    340L, 601L, 605L, 33L, 1L, 1866L, 57L, 1L, 121L, 4L, 2L, 
    9L, 4L, 0L, 0L, 85L, 0L, 0L, 0L), .Dim = c(10L, 2L), .Dimnames = structure(list(
        c("-1", "-2", "-3", "-4", "-5", "-6", "0", "1", "2", 
        NA), c("C", NA)), .Names = c("", "")), class = "table"), 
    LMmono09 = structure(c(706L, 676L, 176L, 33L, 1748L, 75L, 
    4L, 70L, 3L, 15L, 2L, 1L, 24L, 0L, 0L, 0L), .Dim = c(8L, 
    2L), .Dimnames = structure(list(c("-1", "-2", "-3", "-4", 
    "0", "1", "2", NA), c("T", NA)), .Names = c("", "")), class = "table"), 
    LMmono12 = structure(c(621L, 1022L, 2048L, 125L, 15L, 3525L, 
    253L, 7L, 217L, 0L, 0L, 0L, 0L, 0L, 1L, 0L, 0L, 0L, 3L, 6L, 
    13L, 1L, 0L, 156L, 5L, 0L, 0L), .Dim = c(9L, 3L), .Dimnames = structure(list(
        c("-1", "-2", "-3", "-4", "-5", "0", "1", "2", NA), c("A", 
        "T", NA)), .Names = c("", "")), class = "table"), LMmono16 = structure(c(233L, 
    623L, 143L, 9L, 1859L, 85L, 4L, 340L, 71L, 5L, 1L, 118L, 
    0L, 0L, 0L, 0L, 1L, 0L, 0L, 0L, 0L, 0L, 0L, 0L, 0L, 0L, 0L, 
    0L, 1L, 0L, 0L, 0L, 0L, 0L, 0L, 0L, 7L, 16L, 6L, 0L, 309L, 
    4L, 0L, 23L, 9L, 1L, 0L, 0L), .Dim = c(12L, 4L), .Dimnames = structure(list(
        c("-1", "-2", "-3", "-4", "0", "1", "2", "3", "5", "6", 
        "7", NA), c("A", "C", "T", NA)), .Names = c("", "")), class = "table"), 
    MSJmono10 = structure(c(1L, 0L, 0L, 1L, 0L, 0L, 0L, 0L, 3139L, 
    335L, 8L, 6438L, 563L, 36L, 1L, 134L, 0L, 0L, 0L, 1L, 0L, 
    0L, 0L, 0L, 61L, 6L, 0L, 257L, 30L, 4L, 1L, 0L), .Dim = c(8L, 
    4L), .Dimnames = structure(list(c("-1", "-2", "-3", "0", 
    "1", "2", "3", NA), c("A", "C", "G", NA)), .Names = c("", 
    "")), class = "table"), MSJmono19ms1 = structure(c(1702L, 
    201L, 10L, 2L, 6229L, 162L, 2L, 198L, 1L, 1L, 0L, 0L, 4L, 
    1L, 0L, 0L, 1L, 0L, 0L, 0L, 0L, 0L, 0L, 0L, 121L, 21L, 0L, 
    0L, 689L, 9L, 1L, 0L), .Dim = c(8L, 4L), .Dimnames = structure(list(
        c("-1", "-2", "-3", "-4", "0", "1", "2", NA), c("A", 
        "C", "T", NA)), .Names = c("", "")), class = "table"), 
    MSJmono19ms2 = structure(c(0L, 0L, 0L, 1L, 0L, 0L, 375L, 
    9L, 6383L, 1001L, 18L, 196L, 3L, 0L, 526L, 10L, 0L, 0L), .Dim = c(6L, 
    3L), .Dimnames = structure(list(c("-1", "-2", "0", "1", "2", 
    NA), c("A", "C", NA)), .Names = c("", "")), class = "table"), 
    MSJmono36 = structure(c(0L, 0L, 1L, 0L, 0L, 0L, 0L, 0L, 581L, 
    947L, 192L, 3L, 2229L, 53L, 1L, 158L, 2L, 7L, 1L, 0L, 64L, 
    0L, 0L, 0L), .Dim = c(8L, 3L), .Dimnames = structure(list(
        c("-1", "-2", "-3", "-4", "0", "1", "2", NA), c("A", 
        "G", NA)), .Names = c("", "")), class = "table"), MSJmono44 = structure(c(598L, 
    20L, 2013L, 29L, 14L, 7L, 0L, 48L, 0L, 0L), .Dim = c(5L, 
    2L), .Dimnames = structure(list(c("-1", "-2", "0", "1", NA
    ), c("T", NA)), .Names = c("", "")), class = "table"), MSJmono46 = structure(c(833L, 
    292L, 261L, 13L, 1231L, 75L, 7L, 92L, 5L, 5L, 5L, 0L, 35L, 
    0L, 0L, 0L), .Dim = c(8L, 2L), .Dimnames = structure(list(
        c("-1", "-2", "-3", "-4", "0", "1", "2", NA), c("C", 
        NA)), .Names = c("", "")), class = "table"), LMmono04v2_SNP1 = structure(c(1124L, 
    479L, 7L, 2138L, 103L, 4L, 31L, 0L, 0L, 0L, 11L, 7L, 1L, 
    0L, 20L, 1L, 2L, 98L, 4L, 0L, 0L), .Dim = c(7L, 3L), .Dimnames = structure(list(
        c("-1", "-2", "-3", "0", "1", "2", NA), c("C", "T", NA
        )), .Names = c("", "")), class = "table"), AKMmono01v2_SNP1 = structure(c(1L, 
    0L, 0L, 0L, 0L, 0L, 0L, 0L, 2493L, 484L, 80L, 1L, 3771L, 
    54L, 1L, 121L, 21L, 11L, 0L, 0L, 108L, 3L, 0L, 0L), .Dim = c(8L, 
    3L), .Dimnames = structure(list(c("-1", "-2", "-3", "-4", 
    "0", "1", "2", NA), c("C", "T", NA)), .Names = c("", "")), class = "table"), 
    AKMmono10v2_SNP1 = structure(c(201L, 3L, 1132L, 15L, 5L, 
    191L, 5L, 1208L, 7L, 5L, 8L, 0L, 121L, 1L, 0L), .Dim = c(5L, 
    3L), .Dimnames = structure(list(c("-1", "-2", "0", "1", NA
    ), c("A", "G", NA)), .Names = c("", "")), class = "table"), 
    AKMmono17v2_SNP1 = structure(c(4L, 0L, 0L, 16L, 0L, 1L, 385L, 
    117L, 16L, 695L, 20L, 21L, 0L, 0L, 0L, 1L, 0L, 0L, 1L, 0L, 
    0L, 25L, 2L, 0L), .Dim = c(6L, 4L), .Dimnames = structure(list(
        c("-1", "-2", "-3", "0", "1", NA), c("A", "C", "T", NA
        )), .Names = c("", "")), class = "table"), EJmono13v2_SNP1 = structure(c(0L, 
    0L, 2L, 0L, 0L, 0L, 0L, 215L, 4L, 3075L, 288L, 28L, 1L, 60L, 
    0L, 0L, 1L, 0L, 0L, 0L, 0L, 0L, 0L, 74L, 5L, 0L, 0L, 0L), .Dim = c(7L, 
    4L), .Dimnames = structure(list(c("-1", "-2", "0", "1", "2", 
    "3", NA), c("A", "G", "T", NA)), .Names = c("", "")), class = "table"), 
    LMmono05v2_SNP1 = structure(c(229L, 52L, 2L, 0L, 480L, 12L, 
    0L, 2L, 49L, 79L, 206L, 6L, 392L, 21L, 1L, 6L, 7L, 0L, 0L, 
    0L, 24L, 1L, 0L, 0L), .Dim = c(8L, 3L), .Dimnames = structure(list(
        c("-1", "-2", "-3", "-4", "0", "1", "2", NA), c("A", 
        "T", NA)), .Names = c("", "")), class = "table"), LMmono10v2_SNP1 = structure(c(920L, 
    748L, 522L, 52L, 2835L, 45L, 162L, 0L, 0L, 1L, 0L, 1L, 0L, 
    0L, 10L, 9L, 9L, 0L, 138L, 0L, 0L), .Dim = c(7L, 3L), .Dimnames = structure(list(
        c("-1", "-2", "-3", "-4", "0", "1", NA), c("A", "G", 
        NA)), .Names = c("", "")), class = "table"),