Result <-
list(AKMmono02 = structure(c(326L, 745L, 25L, 1L, 2095L, 48L, 
1L, 74L, 2L, 3L, 0L, 0L, 26L, 1L, 0L, 0L), .Dim = c(8L, 2L), .Dimnames = structure(list(
    c("-1", "-2", "-3", "-4", "0", "1", "2", NA), c("T", NA)), .Names = c("", 
"")), class = "table"), AKMmono03 = structure(c(2412L, 342L, 
44L, 2L, 2375L, 32L, 1L, 126L, 1L, 0L, 0L, 0L, 0L, 0L, 0L, 0L, 
65L, 7L, 0L, 0L, 176L, 1L, 0L, 0L), .Dim = c(8L, 3L), .Dimnames = structure(list(
    c("-1", "-2", "-3", "-4", "0", "1", "2", NA), c("A", "T", 
    NA)), .Names = c("", "")), class = "table"), AKMmono05 = structure(c(659L, 
95L, 16L, 0L, 2657L, 104L, 4L, 30L, 0L, 0L, 0L, 0L, 1L, 0L, 0L, 
0L, 0L, 0L, 0L, 0L, 1L, 0L, 0L, 0L, 35L, 2L, 0L, 1L, 306L, 10L, 
0L, 0L), .Dim = c(8L, 4L), .Dimnames = structure(list(c("-1", 
"-2", "-3", "-4", "0", "1", "2", NA), c("A", "C", "T", NA)), .Names = c("", 
"")), class = "table"), AKMmono13 = structure(c(417L, 43L, 7L, 
2900L, 70L, 4L, 32L, 13L, 2L, 0L, 204L, 4L, 1L, 0L), .Dim = c(7L, 
2L), .Dimnames = structure(list(c("-1", "-2", "-3", "0", "1", 
"2", NA), c("A", NA)), .Names = c("", "")), class = "table"), 
    AKMmono16 = structure(c(1211L, 91L, 24L, 2914L, 561L, 11L, 
    56L, 0L, 0L, 0L, 1L, 0L, 0L, 0L, 1L, 0L, 0L, 0L, 0L, 0L, 
    0L, 0L, 0L, 0L, 0L, 1L, 0L, 0L, 14L, 1L, 0L, 164L, 32L, 1L, 
    0L), .Dim = c(7L, 5L), .Dimnames = structure(list(c("-1", 
    "-2", "-3", "0", "1", "2", NA), c("A", "C", "G", "T", NA)), .Names = c("", 
    "")), class = "table"), AKMmono22 = structure(c(573L, 148L, 
    23L, 5L, 967L, 51L, 1L, 100L, 26L, 3L, 1L, 0L, 105L, 4L, 
    0L, 0L), .Dim = c(8L, 2L), .Dimnames = structure(list(c("-1", 
    "-2", "-3", "-4", "0", "1", "2", NA), c("A", NA)), .Names = c("", 
    "")), class = "table"), EJmono05 = structure(c(0L, 0L, 0L, 
    0L, 0L, 0L, 1L, 0L, 0L, 0L, 1L, 0L, 0L, 0L, 1651L, 222L, 
    2L, 4233L, 82L, 2L, 59L, 25L, 0L, 0L, 124L, 1L, 0L, 0L), .Dim = c(7L, 
    4L), .Dimnames = structure(list(c("-1", "-2", "-3", "0", 
    "1", "2", NA), c("-", "A", "T", NA)), .Names = c("", "")), class = "table"), 
    EJmono16 = structure(c(1326L, 197L, 2L, 3809L, 201L, 12L, 
    191L, 1L, 0L, 0L, 0L, 0L, 0L, 0L, 8L, 0L, 0L, 46L, 1L, 0L, 
    0L), .Dim = c(7L, 3L), .Dimnames = structure(list(c("-1", 
    "-2", "-3", "0", "1", "2", NA), c("A", "C", NA)), .Names = c("", 
    "")), class = "table"), LMmono01 = structure(c(1123L, 54L, 
    2L, 1093L, 11L, 35L, 2L, 0L, 0L, 0L, 0L, 0L, 33L, 1L, 0L, 
    70L, 1L, 0L), .Dim = c(6L, 3L), .Dimnames = structure(list(
        c("-1", "-2", "-3", "0", "1", NA), c("A", "G", NA)), .Names = c("", 
    "")), class = "table"), LMmono03 = structure(c(1L, 0L, 0L, 
    0L, 0L, 0L, 0L, 0L, 0L, 428L, 117L, 630L, 50L, 3L, 1484L, 
    55L, 1L, 115L, 3L, 1L, 8L, 0L, 0L, 73L, 0L, 0L, 0L), .Dim = c(9L, 
    3L), .Dimnames = structure(list(c("-1", "-2", "-3", "-4", 
    "-5", "0", "1", "2", NA), c("A", "C", NA)), .Names = c("", 
    "")), class = "table"), LMmono09 = structure(c(633L, 115L, 
    14L, 794L, 27L, 37L, 5L, 0L, 0L, 11L, 0L, 0L), .Dim = c(6L, 
    2L), .Dimnames = structure(list(c("-1", "-2", "-3", "0", 
    "1", NA), c("T", NA)), .Names = c("", "")), class = "table"), 
    LMmono12 = structure(c(905L, 123L, 109L, 2L, 3624L, 266L, 
    11L, 1L, 171L, 6L, 1L, 0L, 0L, 149L, 3L, 1L, 0L, 0L), .Dim = c(9L, 
    2L), .Dimnames = structure(list(c("-1", "-2", "-3", "-4", 
    "0", "1", "2", "3", NA), c("A", NA)), .Names = c("", "")), class = "table"), 
    LMmono16 = structure(c(2L, 1L, 1585L, 23L, 574L, 1L, 349L, 
    34L, 4L, 162L, 0L, 0L, 360L, 4L, 43L, 0L, 43L, 4L, 1L, 0L
    ), .Dim = c(10L, 2L), .Dimnames = structure(list(c("-1", 
    "-5", "0", "1", "3", "4", "5", "6", "7", NA), c("A", NA)), .Names = c("", 
    "")), class = "table"), MSJmono10 = structure(c(0L, 0L, 0L, 
    1L, 0L, 0L, 0L, 0L, 4185L, 256L, 5L, 4971L, 131L, 5L, 0L, 
    107L, 81L, 4L, 0L, 197L, 8L, 0L, 1L, 0L), .Dim = c(8L, 3L
    ), .Dimnames = structure(list(c("-1", "-2", "-3", "0", "1", 
    "2", "3", NA), c("A", "C", NA)), .Names = c("", "")), class = "table"), 
    MSJmono19ms1 = structure(c(256L, 25L, 2L, 3785L, 1071L, 49L, 
    335L, 0L, 0L, 0L, 4L, 0L, 0L, 0L, 0L, 0L, 0L, 2L, 0L, 0L, 
    0L, 0L, 0L, 0L, 1L, 0L, 0L, 0L, 21L, 2L, 2L, 466L, 83L, 1L, 
    0L), .Dim = c(7L, 5L), .Dimnames = structure(list(c("-1", 
    "-2", "-3", "0", "1", "2", NA), c("A", "C", "G", "T", NA)), .Names = c("", 
    "")), class = "table"), MSJmono19ms2 = structure(c(308L, 
    8L, 4844L, 45L, 80L, 3L, 0L, 381L, 0L, 0L), .Dim = c(5L, 
    2L), .Dimnames = structure(list(c("-1", "-2", "0", "1", NA
    ), c("C", NA)), .Names = c("", "")), class = "table"), MSJmono36 = structure(c(189L, 
    8L, 1910L, 428L, 10L, 1L, 66L, 0L, 0L, 68L, 8L, 1L, 0L, 0L
    ), .Dim = c(7L, 2L), .Dimnames = structure(list(c("-1", "-2", 
    "0", "1", "2", "3", NA), c("G", NA)), .Names = c("", "")), class = "table"), 
    MSJmono44 = structure(c(191L, 11L, 1L, 1180L, 14L, 7L, 2L, 
    0L, 0L, 27L, 0L, 0L), .Dim = c(6L, 2L), .Dimnames = structure(list(
        c("-1", "-2", "-3", "0", "1", NA), c("T", NA)), .Names = c("", 
    "")), class = "table"), MSJmono46 = structure(c(634L, 206L, 
    27L, 4L, 807L, 44L, 2L, 47L, 7L, 2L, 0L, 0L, 35L, 0L, 0L, 
    0L), .Dim = c(8L, 2L), .Dimnames = structure(list(c("-1", 
    "-2", "-3", "-4", "0", "1", "2", NA), c("C", NA)), .Names = c("", 
    "")), class = "table"), LMmono04v2_SNP1 = structure(c(752L, 
    97L, 32L, 2L, 1553L, 84L, 8L, 27L, 18L, 2L, 0L, 0L, 84L, 
    3L, 1L, 0L), .Dim = c(8L, 2L), .Dimnames = structure(list(
        c("-1", "-2", "-3", "-4", "0", "1", "2", NA), c("C", 
        NA)), .Names = c("", "")), class = "table"), AKMmono01v2_SNP1 = structure(c(1L, 
    0L, 0L, 0L, 0L, 0L, 0L, 0L, 1554L, 146L, 3L, 3136L, 777L, 
    12L, 1L, 214L, 17L, 0L, 1L, 124L, 9L, 0L, 0L, 0L), .Dim = c(8L, 
    3L), .Dimnames = structure(list(c("-1", "-2", "-3", "0", 
    "1", "2", "3", NA), c("C", "T", NA)), .Names = c("", "")), class = "table"), 
    AKMmono10v2_SNP1 = structure(c(657L, 9L, 1664L, 20L, 13L, 
    0L, 0L, 10L, 0L, 0L, 12L, 0L, 90L, 3L, 0L), .Dim = c(5L, 
    3L), .Dimnames = structure(list(c("-1", "-2", "0", "1", NA
    ), c("A", "G", NA)), .Names = c("", "")), class = "table"), 
    AKMmono17v2_SNP1 = structure(c(220L, 29L, 0L, 19L, 169L, 
    6L, 20L, 974L, 101L, 3L, 270L, 6L, 1L, 36L, 7L, 2L, 0L, 12L, 
    2L, 0L, 0L), .Dim = c(7L, 3L), .Dimnames = structure(list(
        c("-1", "-2", "-3", "0", "1", "2", NA), c("A", "C", NA
        )), .Names = c("", "")), class = "table"), EJmono13v2_SNP1 = structure(c(153L, 
    3L, 1101L, 31L, 1L, 0L, 7L, 156L, 1L, 1394L, 47L, 0L, 1L, 
    13L, 3L, 0L, 60L, 3L, 0L, 0L, 0L), .Dim = c(7L, 3L), .Dimnames = structure(list(
        c("-1", "-2", "0", "1", "2", "3", NA), c("A", "G", NA
        )), .Names = c("", "")), class = "table"), LMmono05v2_SNP1 = structure(c(145L, 
    8L, 1L, 989L, 16L, 2L, 10L, 4L, 0L, 0L, 47L, 1L, 0L, 0L), .Dim = c(7L, 
    2L), .Dimnames = structure(list(c("-1", "-2", "-3", "0", 
    "1", "2", NA), c("T", NA)), .Names = c("", "")), class = "table"), 
    LMmono10v2_SNP1 = structure(c(1408L, 624L, 106L, 7L, 1594L, 
    21L, 186L, 2L, 0L, 0L, 0L, 0L, 0L, 0L, 20L, 10L, 1L, 1L, 
    104L, 0L, 0L), .Dim = c(7L, 3L), .Dimnames = structure(list(
        c("-1", "-2", "-3", "-4", "0", "1", NA), c("A", "G", 
        NA)), .Names = c("", "")), class = "table"), MSJmono30v2_SNP1 = structure(c(14L, 
    0L, 1L, 171L, 4L, 0L, 1L, 31L, 10L, 0L, 241L, 8L, 1L, 3L, 
    4L, 1L, 0L, 152L, 9L, 1L, 0L), .Dim = c(7L, 3L), .Dimnames = structure(list(
        c("-1", "-2", "-3", "0", "1", "2", NA), c("C", "T", NA
        )), .Names = c("", "")), class = "table"), EJmono14v2_SNP1 = structure(c(146L, 
    5L, 1L, 1052L, 30L, 1L, 4L, 800L, 43L, 0L, 675L, 12L, 0L, 
    20L, 27L, 1L, 0L, 220L, 4L, 0L, 0L), .Dim = c(7L, 3L), .Dimnames = structure(list(
        c("-1", "-2", "-3", "0", "1", "2", NA), c("A", "G", NA
        )), .Names = c("", "")), class = "table"),