Result <-
list(AKMmono02 = structure(c(1217L, 779L, 15L, 1L, 3438L, 74L, 
3L, 1L, 158L, 5L, 7L, 0L, 0L, 32L, 0L, 0L, 0L, 0L), .Dim = c(9L, 
2L), .Dimnames = structure(list(c("-1", "-2", "-3", "-4", "0", 
"1", "2", "4", NA), c("T", NA)), .Names = c("", "")), class = "table"), 
    AKMmono03 = structure(c(2161L, 1210L, 114L, 5L, 4754L, 40L, 
    4L, 158L, 1L, 0L, 0L, 0L, 0L, 0L, 0L, 0L, 0L, 0L, 0L, 0L, 
    1L, 0L, 0L, 0L, 82L, 39L, 4L, 1L, 328L, 4L, 0L, 0L), .Dim = c(8L, 
    4L), .Dimnames = structure(list(c("-1", "-2", "-3", "-4", 
    "0", "1", "2", NA), c("A", "G", "T", NA)), .Names = c("", 
    "")), class = "table"), AKMmono05 = structure(c(516L, 510L, 
    240L, 12L, 1L, 2242L, 95L, 2L, 56L, 0L, 0L, 0L, 0L, 0L, 1L, 
    0L, 0L, 0L, 25L, 12L, 1L, 0L, 0L, 241L, 7L, 2L, 0L), .Dim = c(9L, 
    3L), .Dimnames = structure(list(c("-1", "-2", "-3", "-4", 
    "-5", "0", "1", "2", NA), c("A", "T", NA)), .Names = c("", 
    "")), class = "table"), AKMmono13 = structure(c(1623L, 205L, 
    4L, 4544L, 222L, 7L, 76L, 1L, 0L, 0L, 0L, 0L, 0L, 0L, 1L, 
    0L, 0L, 1L, 0L, 0L, 0L, 30L, 6L, 0L, 281L, 10L, 1L, 0L), .Dim = c(7L, 
    4L), .Dimnames = structure(list(c("-1", "-2", "-3", "0", 
    "1", "2", NA), c("A", "G", "T", NA)), .Names = c("", "")), class = "table"), 
    AKMmono16 = structure(c(716L, 1697L, 282L, 10L, 5004L, 72L, 
    2L, 72L, 0L, 1L, 0L, 0L, 0L, 0L, 0L, 0L, 0L, 0L, 0L, 0L, 
    1L, 0L, 0L, 0L, 11L, 14L, 1L, 0L, 266L, 3L, 0L, 0L), .Dim = c(8L, 
    4L), .Dimnames = structure(list(c("-1", "-2", "-3", "-4", 
    "0", "1", "2", NA), c("A", "G", "T", NA)), .Names = c("", 
    "")), class = "table"), AKMmono22 = structure(c(367L, 296L, 
    155L, 9L, 1733L, 85L, 3L, 90L, 0L, 0L, 0L, 0L, 1L, 0L, 0L, 
    0L, 1L, 0L, 0L, 0L, 0L, 0L, 0L, 0L, 11L, 10L, 1L, 0L, 172L, 
    2L, 0L, 0L), .Dim = c(8L, 4L), .Dimnames = structure(list(
        c("-1", "-2", "-3", "-4", "0", "1", "2", NA), c("A", 
        "G", "T", NA)), .Names = c("", "")), class = "table"), 
    EJmono05 = structure(c(1L, 0L, 0L, 0L, 0L, 0L, 0L, 0L, 2733L, 
    257L, 7L, 7415L, 167L, 2L, 1L, 73L, 42L, 3L, 1L, 215L, 3L, 
    0L, 0L, 0L), .Dim = c(8L, 3L), .Dimnames = structure(list(
        c("-1", "-2", "-3", "0", "1", "2", "3", NA), c("A", "T", 
        NA)), .Names = c("", "")), class = "table"), EJmono16 = structure(c(0L, 
    0L, 0L, 0L, 1L, 0L, 0L, 0L, 0L, 0L, 0L, 1738L, 915L, 59L, 
    1L, 5802L, 296L, 16L, 2L, 1L, 1L, 305L, 10L, 8L, 0L, 0L, 
    65L, 4L, 0L, 0L, 0L, 0L, 0L), .Dim = c(11L, 3L), .Dimnames = structure(list(
        c("-1", "-2", "-3", "-4", "0", "1", "2", "3", "4", "6", 
        NA), c("-", "A", NA)), .Names = c("", "")), class = "table"), 
    LMmono01 = structure(c(984L, 71L, 2L, 1508L, 20L, 24L, 38L, 
    0L, 0L, 86L, 1L, 0L), .Dim = c(6L, 2L), .Dimnames = structure(list(
        c("-1", "-2", "-3", "0", "1", NA), c("A", NA)), .Names = c("", 
    "")), class = "table"), LMmono03 = structure(c(711L, 313L, 
    593L, 389L, 24L, 2387L, 88L, 5L, 149L, 1L, 0L, 0L, 0L, 0L, 
    0L, 0L, 0L, 0L, 5L, 0L, 3L, 1L, 0L, 123L, 0L, 0L, 0L), .Dim = c(9L, 
    3L), .Dimnames = structure(list(c("-1", "-2", "-3", "-4", 
    "-5", "0", "1", "2", NA), c("C", "T", NA)), .Names = c("", 
    "")), class = "table"), LMmono09 = structure(c(671L, 867L, 
    645L, 18L, 2416L, 84L, 1L, 181L, 0L, 0L, 1L, 0L, 25L, 0L, 
    0L, 0L), .Dim = c(8L, 2L), .Dimnames = structure(list(c("-1", 
    "-2", "-3", "-4", "0", "1", "2", NA), c("T", NA)), .Names = c("", 
    "")), class = "table"), LMmono12 = structure(c(1638L, 1669L, 
    257L, 34L, 4424L, 292L, 10L, 1L, 308L, 9L, 15L, 2L, 0L, 171L, 
    6L, 0L, 0L, 0L), .Dim = c(9L, 2L), .Dimnames = structure(list(
        c("-1", "-2", "-3", "-4", "0", "1", "2", "3", NA), c("A", 
        NA)), .Names = c("", "")), class = "table"), LMmono16 = structure(c(922L, 
    440L, 478L, 72L, 11L, 2374L, 249L, 5L, 168L, 51L, 141L, 0L, 
    0L, 0L, 0L, 0L, 0L, 1L, 0L, 0L, 0L, 0L, 32L, 12L, 13L, 2L, 
    0L, 346L, 15L, 0L, 12L, 3L, 0L), .Dim = c(11L, 3L), .Dimnames = structure(list(
        c("-1", "-2", "-3", "-4", "-5", "0", "1", "2", "3", "5", 
        NA), c("A", "T", NA)), .Names = c("", "")), class = "table"), 
    MSJmono10 = structure(c(1L, 0L, 0L, 0L, 0L, 0L, 0L, 0L, 0L, 
    2L, 1L, 0L, 0L, 5L, 0L, 0L, 0L, 0L, 4586L, 1596L, 49L, 1L, 
    9709L, 1003L, 54L, 4L, 227L, 94L, 27L, 0L, 0L, 346L, 48L, 
    1L, 0L, 0L), .Dim = c(9L, 4L), .Dimnames = structure(list(
        c("-1", "-2", "-3", "-4", "0", "1", "2", "3", NA), c("-", 
        "A", "C", NA)), .Names = c("", "")), class = "table"), 
    MSJmono19ms1 = structure(c(1171L, 85L, 8L, 5500L, 148L, 4L, 
    152L, 0L, 0L, 0L, 4L, 0L, 0L, 1L, 2L, 0L, 0L, 2L, 0L, 0L, 
    0L, 0L, 0L, 0L, 0L, 0L, 0L, 1L, 77L, 6L, 1L, 640L, 13L, 0L, 
    0L), .Dim = c(7L, 5L), .Dimnames = structure(list(c("-1", 
    "-2", "-3", "0", "1", "2", NA), c("A", "C", "G", "T", NA)), .Names = c("", 
    "")), class = "table"), MSJmono19ms2 = structure(c(0L, 0L, 
    0L, 1L, 0L, 0L, 1246L, 65L, 1L, 5177L, 49L, 157L, 0L, 0L, 
    0L, 1L, 0L, 0L, 16L, 0L, 0L, 404L, 1L, 0L), .Dim = c(6L, 
    4L), .Dimnames = structure(list(c("-1", "-2", "-3", "0", 
    "1", NA), c("A", "C", "T", NA)), .Names = c("", "")), class = "table"), 
    MSJmono36 = structure(c(0L, 0L, 0L, 1L, 0L, 0L, 0L, 0L, 0L, 
    418L, 52L, 1L, 2641L, 198L, 32L, 1L, 1L, 84L, 2L, 0L, 0L, 
    89L, 4L, 1L, 0L, 0L, 0L), .Dim = c(9L, 3L), .Dimnames = structure(list(
        c("-1", "-2", "-3", "0", "1", "2", "3", "4", NA), c("A", 
        "G", NA)), .Names = c("", "")), class = "table"), MSJmono44 = structure(c(496L, 
    75L, 1L, 1262L, 22L, 12L, 4L, 1L, 0L, 24L, 0L, 0L), .Dim = c(6L, 
    2L), .Dimnames = structure(list(c("-1", "-2", "-3", "0", 
    "1", NA), c("T", NA)), .Names = c("", "")), class = "table"), 
    MSJmono46 = structure(c(717L, 393L, 94L, 5L, 1271L, 63L, 
    1L, 83L, 6L, 6L, 0L, 0L, 33L, 2L, 0L, 0L), .Dim = c(8L, 2L
    ), .Dimnames = structure(list(c("-1", "-2", "-3", "-4", "0", 
    "1", "2", NA), c("C", NA)), .Names = c("", "")), class = "table"), 
    LMmono04v2_SNP1 = structure(c(0L, 0L, 0L, 0L, 1L, 0L, 0L, 
    0L, 392L, 1030L, 98L, 3L, 1587L, 66L, 3L, 25L, 751L, 82L, 
    2L, 0L, 1692L, 79L, 5L, 17L, 30L, 8L, 1L, 1L, 176L, 4L, 0L, 
    0L), .Dim = c(8L, 4L), .Dimnames = structure(list(c("-1", 
    "-2", "-3", "-4", "0", "1", "2", NA), c("A", "C", "T", NA
    )), .Names = c("", "")), class = "table"), AKMmono01v2_SNP1 = structure(c(1L, 
    0L, 0L, 0L, 0L, 0L, 0L, 0L, 0L, 0L, 0L, 3L, 0L, 0L, 3069L, 
    543L, 20L, 0L, 23L, 1L, 141L, 2298L, 949L, 43L, 1L, 3521L, 
    63L, 137L, 72L, 19L, 0L, 0L, 100L, 1L, 0L), .Dim = c(7L, 
    5L), .Dimnames = structure(list(c("-1", "-2", "-3", "-4", 
    "0", "1", NA), c("-", "A", "C", "T", NA)), .Names = c("", 
    "")), class = "table"), AKMmono10v2_SNP1 = structure(c(1091L, 
    52L, 1L, 3366L, 34L, 27L, 0L, 0L, 0L, 1L, 0L, 0L, 1L, 0L, 
    0L, 0L, 0L, 0L, 14L, 0L, 0L, 158L, 5L, 0L), .Dim = c(6L, 
    4L), .Dimnames = structure(list(c("-1", "-2", "-3", "0", 
    "1", NA), c("A", "G", "T", NA)), .Names = c("", "")), class = "table"), 
    AKMmono17v2_SNP1 = structure(c(3L, 0L, 0L, 14L, 1L, 1L, 448L, 
    76L, 1L, 1071L, 16L, 16L, 1L, 1L, 0L, 33L, 0L, 0L), .Dim = c(6L, 
    3L), .Dimnames = structure(list(c("-1", "-2", "-3", "0", 
    "1", NA), c("A", "C", NA)), .Names = c("", "")), class = "table"), 
    EJmono13v2_SNP1 = structure(c(0L, 0L, 3L, 0L, 0L, 0L, 1282L, 
    37L, 3878L, 184L, 11L, 52L, 9L, 2L, 94L, 8L, 0L, 0L), .Dim = c(6L, 
    3L), .Dimnames = structure(list(c("-1", "-2", "0", "1", "2", 
    NA), c("A", "G", NA)), .Names = c("", "")), class = "table"), 
    LMmono05v2_SNP1 = structure(c(307L, 36L, 1L, 498L, 10L, 9L, 
    161L, 33L, 0L, 754L, 14L, 8L, 8L, 0L, 0L, 44L, 0L, 0L), .Dim = c(6L, 
    3L), .Dimnames = structure(list(c("-1", "-2", "-3", "0", 
    "1", NA), c("A", "T", NA)), .Names = c("", "")), class = "table"),