Result <-
list(AKMmono02 = structure(c(718L, 51L, 4L, 2952L, 54L, 1L, 88L, 
6L, 2L, 0L, 32L, 0L, 0L, 0L), .Dim = c(7L, 2L), .Dimnames = structure(list(
    c("-1", "-2", "-3", "0", "1", "2", NA), c("T", NA)), .Names = c("", 
"")), class = "table"), AKMmono03 = structure(c(941L, 147L, 44L, 
1L, 6965L, 93L, 1L, 76L, 1L, 0L, 0L, 0L, 0L, 0L, 0L, 0L, 27L, 
11L, 2L, 0L, 566L, 4L, 0L, 0L), .Dim = c(8L, 3L), .Dimnames = structure(list(
    c("-1", "-2", "-3", "-4", "0", "1", "2", NA), c("A", "G", 
    NA)), .Names = c("", "")), class = "table"), AKMmono05 = structure(c(869L, 
583L, 94L, 13L, 3314L, 130L, 1L, 1L, 82L, 1L, 0L, 0L, 0L, 0L, 
0L, 0L, 0L, 1L, 39L, 13L, 1L, 0L, 330L, 11L, 1L, 0L, 0L), .Dim = c(9L, 
3L), .Dimnames = structure(list(c("-1", "-2", "-3", "-4", "0", 
"1", "2", "3", NA), c("A", "G", NA)), .Names = c("", "")), class = "table"), 
    AKMmono13 = structure(c(1414L, 329L, 7L, 3294L, 82L, 1L, 
    84L, 1L, 0L, 0L, 0L, 0L, 0L, 0L, 0L, 0L, 0L, 1L, 0L, 0L, 
    0L, 41L, 2L, 0L, 206L, 3L, 0L, 0L), .Dim = c(7L, 4L), .Dimnames = structure(list(
        c("-1", "-2", "-3", "0", "1", "2", NA), c("A", "G", "T", 
        NA)), .Names = c("", "")), class = "table"), AKMmono16 = structure(c(600L, 
    32L, 6182L, 802L, 18L, 61L, 0L, 0L, 1L, 0L, 0L, 0L, 0L, 0L, 
    1L, 0L, 0L, 0L, 0L, 0L, 2L, 0L, 0L, 0L, 10L, 0L, 362L, 47L, 
    1L, 0L), .Dim = 6:5, .Dimnames = structure(list(c("-1", "-2", 
    "0", "1", "2", NA), c("A", "C", "G", "T", NA)), .Names = c("", 
    "")), class = "table"), AKMmono22 = structure(c(531L, 93L, 
    11L, 1L, 2390L, 148L, 2L, 102L, 0L, 0L, 0L, 0L, 1L, 0L, 0L, 
    0L, 16L, 2L, 0L, 0L, 228L, 6L, 0L, 0L), .Dim = c(8L, 3L), .Dimnames = structure(list(
        c("-1", "-2", "-3", "-4", "0", "1", "2", NA), c("A", 
        "G", NA)), .Names = c("", "")), class = "table"), EJmono05 = structure(c(0L, 
    0L, 0L, 1L, 0L, 0L, 0L, 0L, 0L, 0L, 1L, 0L, 0L, 0L, 0L, 0L, 
    0L, 1L, 0L, 0L, 0L, 2091L, 157L, 1L, 8120L, 176L, 1L, 47L, 
    45L, 2L, 0L, 256L, 5L, 1L, 0L), .Dim = c(7L, 5L), .Dimnames = structure(list(
        c("-1", "-2", "-3", "0", "1", "2", NA), c("A", "C", "G", 
        "T", NA)), .Names = c("", "")), class = "table"), EJmono16 = structure(c(1073L, 
    616L, 27L, 6085L, 325L, 11L, 1L, 205L, 0L, 0L, 0L, 1L, 0L, 
    0L, 0L, 0L, 12L, 1L, 0L, 89L, 3L, 0L, 0L, 0L), .Dim = c(8L, 
    3L), .Dimnames = structure(list(c("-1", "-2", "-3", "0", 
    "1", "2", "3", NA), c("A", "C", NA)), .Names = c("", "")), class = "table"), 
    LMmono01 = structure(c(816L, 68L, 1L, 1717L, 20L, 29L, 20L, 
    0L, 0L, 104L, 3L, 0L), .Dim = c(6L, 2L), .Dimnames = structure(list(
        c("-1", "-2", "-3", "0", "1", NA), c("A", NA)), .Names = c("", 
    "")), class = "table"), LMmono03 = structure(c(0L, 0L, 0L, 
    0L, 0L, 1L, 0L, 0L, 0L, 659L, 572L, 534L, 312L, 9L, 2573L, 
    80L, 1L, 145L, 0L, 0L, 0L, 0L, 0L, 8L, 0L, 0L, 0L, 6L, 6L, 
    8L, 3L, 0L, 120L, 1L, 0L, 0L), .Dim = c(9L, 4L), .Dimnames = structure(list(
        c("-1", "-2", "-3", "-4", "-5", "0", "1", "2", NA), c("A", 
        "C", "T", NA)), .Names = c("", "")), class = "table"), 
    LMmono09 = structure(c(921L, 175L, 7L, 1L, 1020L, 49L, 4L, 
    39L, 5L, 0L, 0L, 0L, 15L, 0L, 0L, 0L), .Dim = c(8L, 2L), .Dimnames = structure(list(
        c("-1", "-2", "-3", "-4", "0", "1", "2", NA), c("T", 
        NA)), .Names = c("", "")), class = "table"), LMmono12 = structure(c(2001L, 
    1393L, 263L, 15L, 4968L, 307L, 8L, 326L, 11L, 8L, 2L, 0L, 
    177L, 8L, 0L, 0L), .Dim = c(8L, 2L), .Dimnames = structure(list(
        c("-1", "-2", "-3", "-4", "0", "1", "2", NA), c("A", 
        NA)), .Names = c("", "")), class = "table"), LMmono16 = structure(c(756L, 
    64L, 9L, 2543L, 184L, 5L, 53L, 0L, 0L, 0L, 2L, 0L, 0L, 0L, 
    36L, 4L, 1L, 434L, 7L, 0L, 0L), .Dim = c(7L, 3L), .Dimnames = structure(list(
        c("-1", "-2", "-3", "0", "1", "2", NA), c("A", "G", NA
        )), .Names = c("", "")), class = "table"), MSJmono10 = structure(c(0L, 
    0L, 0L, 1L, 0L, 0L, 0L, 889L, 81L, 4L, 10578L, 313L, 9L, 
    51L, 21L, 2L, 0L, 360L, 18L, 2L, 0L), .Dim = c(7L, 3L), .Dimnames = structure(list(
        c("-1", "-2", "-3", "0", "1", "2", NA), c("A", "C", NA
        )), .Names = c("", "")), class = "table"), MSJmono19ms1 = structure(c(1914L, 
    65L, 8L, 2L, 7238L, 166L, 2L, 199L, 0L, 0L, 0L, 0L, 8L, 0L, 
    0L, 1L, 0L, 0L, 0L, 0L, 2L, 0L, 0L, 1L, 152L, 6L, 0L, 0L, 
    787L, 10L, 0L, 0L), .Dim = c(8L, 4L), .Dimnames = structure(list(
        c("-1", "-2", "-3", "-4", "0", "1", "2", NA), c("A", 
        "C", "T", NA)), .Names = c("", "")), class = "table"), 
    MSJmono19ms2 = structure(c(1594L, 116L, 7013L, 67L, 241L, 
    0L, 0L, 1L, 0L, 0L, 17L, 0L, 496L, 0L, 0L), .Dim = c(5L, 
    3L), .Dimnames = structure(list(c("-1", "-2", "0", "1", NA
    ), c("C", "T", NA)), .Names = c("", "")), class = "table"), 
    MSJmono36 = structure(c(0L, 0L, 0L, 1L, 0L, 0L, 0L, 676L, 
    56L, 2L, 2822L, 51L, 1L, 94L, 3L, 0L, 0L, 78L, 0L, 0L, 0L
    ), .Dim = c(7L, 3L), .Dimnames = structure(list(c("-1", "-2", 
    "-3", "0", "1", "2", NA), c("A", "G", NA)), .Names = c("", 
    "")), class = "table"), MSJmono44 = structure(c(1L, 0L, 0L, 
    0L, 0L, 704L, 102L, 1072L, 17L, 17L, 6L, 0L, 28L, 0L, 0L), .Dim = c(5L, 
    3L), .Dimnames = structure(list(c("-1", "-2", "0", "1", NA
    ), c("A", "T", NA)), .Names = c("", "")), class = "table"), 
    MSJmono46 = structure(c(601L, 239L, 31L, 3L, 1295L, 85L, 
    5L, 61L, 6L, 7L, 0L, 0L, 40L, 1L, 0L, 0L), .Dim = c(8L, 2L
    ), .Dimnames = structure(list(c("-1", "-2", "-3", "-4", "0", 
    "1", "2", NA), c("C", NA)), .Names = c("", "")), class = "table"), 
    LMmono04v2_SNP1 = structure(c(645L, 64L, 1L, 0L, 3580L, 299L, 
    14L, 38L, 12L, 1L, 0L, 1L, 173L, 12L, 2L, 0L), .Dim = c(8L, 
    2L), .Dimnames = structure(list(c("-1", "-2", "-3", "-4", 
    "0", "1", "2", NA), c("C", NA)), .Names = c("", "")), class = "table"), 
    AKMmono01v2_SNP1 = structure(c(0L, 0L, 0L, 0L, 1L, 0L, 0L, 
    0L, 0L, 0L, 0L, 0L, 1L, 0L, 0L, 0L, 0L, 0L, 0L, 0L, 1L, 0L, 
    0L, 1L, 1240L, 77L, 2L, 1L, 6704L, 176L, 3L, 115L, 16L, 3L, 
    0L, 0L, 184L, 0L, 0L, 0L), .Dim = c(8L, 5L), .Dimnames = structure(list(
        c("-1", "-2", "-3", "-4", "0", "1", "2", NA), c("-", 
        "A", "C", "T", NA)), .Names = c("", "")), class = "table"), 
    AKMmono10v2_SNP1 = structure(c(563L, 17L, 1L, 1232L, 9L, 
    14L, 201L, 6L, 0L, 1344L, 15L, 6L, 11L, 0L, 0L, 123L, 3L, 
    0L), .Dim = c(6L, 3L), .Dimnames = structure(list(c("-1", 
    "-2", "-3", "0", "1", NA), c("A", "G", NA)), .Names = c("", 
    "")), class = "table"), AKMmono17v2_SNP1 = structure(c(2L, 
    0L, 0L, 8L, 1L, 0L, 763L, 88L, 3L, 1393L, 26L, 34L, 1L, 0L, 
    0L, 0L, 0L, 0L, 3L, 0L, 0L, 48L, 0L, 0L), .Dim = c(6L, 4L
    ), .Dimnames = structure(list(c("-1", "-2", "-3", "0", "1", 
    NA), c("A", "C", "T", NA)), .Names = c("", "")), class = "table"), 
    EJmono13v2_SNP1 = structure(c(140L, 3L, 2062L, 49L, 0L, 12L, 
    134L, 1L, 2132L, 35L, 1L, 8L, 0L, 0L, 1L, 0L, 0L, 0L, 8L, 
    0L, 107L, 3L, 0L, 0L), .Dim = c(6L, 4L), .Dimnames = structure(list(
        c("-1", "-2", "0", "1", "2", NA), c("A", "G", "T", NA
        )), .Names = c("", "")), class = "table"), LMmono05v2_SNP1 = structure(c(316L, 
    209L, 20L, 0L, 515L, 13L, 0L, 9L, 174L, 62L, 30L, 1L, 476L, 
    11L, 1L, 6L, 3L, 2L, 0L, 0L, 38L, 1L, 0L, 0L), .Dim = c(8L, 
    3L), .Dimnames = structure(list(c("-1", "-2", "-3", "-4", 
    "0", "1", "2", NA), c("A", "T", NA)), .Names = c("", "")), class = "table"), 
    LMmono10v2_SNP1 = structure(c(1113L, 204L, 18L, 1L, 2497L, 
    39L, 1L, 166L, 848L, 152L, 13L, 2L, 1858L, 31L, 0L, 106L, 
    35L, 7L, 1L, 0L, 270L, 4L, 0L, 0L), .Dim = c(8L, 3L), .Dimnames = structure(list(
        c("-1", "-2", "-3", "-4", "0", "1", "2", NA), c("A", 
        "G", NA)), .Names = c("", "")), class = "table"), MSJmono30v2_SNP1 = structure(c(72L, 
    9L, 2L, 301L, 5L, 1L, 6L, 9L, 0L, 0L, 157L, 24L, 2L, 0L), .Dim = c(7L, 
    2L),