Result <-
list(AKMmono02 = structure(c(2681L, 230L, 6L, 936L, 22L, 2L, 
232L, 14L, 3L, 0L, 22L, 0L, 0L, 0L), .Dim = c(7L, 2L), .Dimnames = structure(list(
    c("-1", "-2", "-3", "0", "1", "2", NA), c("T", NA)), .Names = c("", 
"")), class = "table"), AKMmono03 = structure(c(3414L, 391L, 
47L, 2L, 3984L, 41L, 2L, 202L, 130L, 10L, 0L, 0L, 303L, 6L, 0L, 
0L), .Dim = c(8L, 2L), .Dimnames = structure(list(c("-1", "-2", 
"-3", "-4", "0", "1", "2", NA), c("A", NA)), .Names = c("", ""
)), class = "table"), AKMmono05 = structure(c(509L, 1213L, 98L, 
10L, 1610L, 77L, 1L, 72L, 1L, 0L, 0L, 0L, 1L, 0L, 0L, 0L, 0L, 
1L, 0L, 0L, 0L, 0L, 0L, 0L, 16L, 37L, 0L, 0L, 155L, 11L, 0L, 
0L), .Dim = c(8L, 4L), .Dimnames = structure(list(c("-1", "-2", 
"-3", "-4", "0", "1", "2", NA), c("A", "G", "T", NA)), .Names = c("", 
"")), class = "table"), AKMmono13 = structure(c(431L, 1471L, 
755L, 1L, 2997L, 59L, 2L, 78L, 0L, 0L, 0L, 0L, 1L, 0L, 0L, 0L, 
0L, 0L, 0L, 0L, 1L, 0L, 0L, 0L, 5L, 19L, 8L, 1L, 158L, 1L, 0L, 
0L), .Dim = c(8L, 4L), .Dimnames = structure(list(c("-1", "-2", 
"-3", "-4", "0", "1", "2", NA), c("A", "G", "T", NA)), .Names = c("", 
"")), class = "table"), AKMmono16 = structure(c(2436L, 1092L, 
48L, 2L, 3911L, 66L, 1L, 90L, 0L, 0L, 0L, 0L, 1L, 0L, 0L, 0L, 
0L, 0L, 0L, 0L, 2L, 0L, 0L, 0L, 52L, 11L, 1L, 0L, 206L, 6L, 0L, 
0L), .Dim = c(8L, 4L), .Dimnames = structure(list(c("-1", "-2", 
"-3", "-4", "0", "1", "2", NA), c("A", "G", "T", NA)), .Names = c("", 
"")), class = "table"), AKMmono22 = structure(c(1310L, 532L, 
72L, 3L, 559L, 33L, 1L, 168L, 39L, 13L, 2L, 0L, 56L, 1L, 0L, 
0L), .Dim = c(8L, 2L), .Dimnames = structure(list(c("-1", "-2", 
"-3", "-4", "0", "1", "2", NA), c("A", NA)), .Names = c("", ""
)), class = "table"), EJmono05 = structure(c(1L, 0L, 0L, 1L, 
0L, 0L, 0L, 0L, 0L, 0L, 2L, 0L, 0L, 0L, 3749L, 205L, 3L, 4790L, 
116L, 1L, 68L, 51L, 3L, 0L, 141L, 3L, 0L, 0L), .Dim = c(7L, 4L
), .Dimnames = structure(list(c("-1", "-2", "-3", "0", "1", "2", 
NA), c("A", "C", "T", NA)), .Names = c("", "")), class = "table"), 
    EJmono16 = structure(c(3104L, 211L, 8L, 4503L, 226L, 8L, 
    393L, 1L, 0L, 0L, 0L, 0L, 0L, 0L, 1L, 0L, 0L, 1L, 0L, 0L, 
    0L, 19L, 2L, 0L, 62L, 6L, 0L, 0L), .Dim = c(7L, 4L), .Dimnames = structure(list(
        c("-1", "-2", "-3", "0", "1", "2", NA), c("A", "C", "G", 
        NA)), .Names = c("", "")), class = "table"), LMmono01 = structure(c(2593L, 
    158L, 3L, 1L, 555L, 10L, 61L, 74L, 2L, 0L, 0L, 29L, 0L, 0L
    ), .Dim = c(7L, 2L), .Dimnames = structure(list(c("-1", "-2", 
    "-3", "-4", "0", "1", NA), c("A", NA)), .Names = c("", ""
    )), class = "table"), LMmono03 = structure(c(0L, 0L, 0L, 
    0L, 0L, 1L, 0L, 0L, 0L, 1084L, 241L, 30L, 6L, 1L, 3190L, 
    111L, 2L, 166L, 0L, 0L, 0L, 0L, 0L, 1L, 0L, 0L, 0L, 18L, 
    4L, 0L, 0L, 0L, 153L, 0L, 0L, 0L), .Dim = c(9L, 4L), .Dimnames = structure(list(
        c("-1", "-2", "-3", "-4", "-5", "0", "1", "2", NA), c("A", 
        "C", "T", NA)), .Names = c("", "")), class = "table"), 
    LMmono09 = structure(c(527L, 1322L, 247L, 4L, 449L, 16L, 
    91L, 5L, 12L, 1L, 0L, 4L, 0L, 0L), .Dim = c(7L, 2L), .Dimnames = structure(list(
        c("-1", "-2", "-3", "-4", "0", "1", NA), c("T", NA)), .Names = c("", 
    "")), class = "table"), LMmono12 = structure(c(0L, 0L, 0L, 
    0L, 1L, 0L, 0L, 0L, 0L, 2075L, 237L, 28L, 1L, 4950L, 426L, 
    31L, 1L, 274L, 21L, 0L, 0L, 0L, 199L, 6L, 0L, 1L, 0L), .Dim = c(9L, 
    3L), .Dimnames = structure(list(c("-1", "-2", "-3", "-4", 
    "0", "1", "2", "3", NA), c("-", "A", NA)), .Names = c("", 
    "")), class = "table"), LMmono16 = structure(c(216L, 33L, 
    6L, 1867L, 54L, 810L, 12L, 143L, 9L, 1L, 0L, 185L, 5L, 40L, 
    0L, 0L), .Dim = c(8L, 2L), .Dimnames = structure(list(c("-1", 
    "-2", "-3", "0", "1", "3", "5", NA), c("A", NA)), .Names = c("", 
    "")), class = "table"), MSJmono10 = structure(c(1L, 0L, 0L, 
    0L, 0L, 0L, 0L, 0L, 4042L, 1965L, 52L, 8003L, 226L, 7L, 1L, 
    185L, 0L, 1L, 0L, 0L, 0L, 0L, 0L, 0L, 73L, 34L, 0L, 300L, 
    9L, 0L, 0L, 0L), .Dim = c(8L, 4L), .Dimnames = structure(list(
        c("-1", "-2", "-3", "0", "1", "2", "3", NA), c("A", "C", 
        "T", NA)), .Names = c("", "")), class = "table"), MSJmono19ms1 = structure(c(6090L, 
    275L, 23L, 1L, 1L, 1645L, 38L, 350L, 2L, 0L, 0L, 0L, 0L, 
    2L, 0L, 1L, 1L, 0L, 0L, 0L, 0L, 0L, 0L, 0L, 2L, 0L, 0L, 0L, 
    0L, 1L, 0L, 0L, 359L, 10L, 1L, 0L, 0L, 212L, 6L, 0L), .Dim = c(8L, 
    5L), .Dimnames = structure(list(c("-1", "-2", "-3", "-4", 
    "-5", "0", "1", NA), c("A", "C", "G", "T", NA)), .Names = c("", 
    "")), class = "table"), MSJmono19ms2 = structure(c(5204L, 
    141L, 1680L, 13L, 492L, 54L, 3L, 116L, 1L, 0L), .Dim = c(5L, 
    2L), .Dimnames = structure(list(c("-1", "-2", "0", "1", NA
    ), c("C", NA)), .Names = c("", "")), class = "table"), MSJmono36 = structure(c(989L, 
    317L, 24L, 1L, 1890L, 55L, 155L, 5L, 3L, 0L, 0L, 62L, 0L, 
    0L), .Dim = c(7L, 2L), .Dimnames = structure(list(c("-1", 
    "-2", "-3", "-4", "0", "1", NA), c("G", NA)), .Names = c("", 
    "")), class = "table"), MSJmono44 = structure(c(951L, 46L, 
    972L, 23L, 1L, 10L, 12L, 0L, 27L, 0L, 0L, 0L), .Dim = c(6L, 
    2L), .Dimnames = structure(list(c("-1", "-2", "0", "1", "2", 
    NA), c("T", NA)), .Names = c("", "")), class = "table"), 
    MSJmono46 = structure(c(1075L, 254L, 44L, 1L, 871L, 45L, 
    2L, 84L, 0L, 0L, 0L, 0L, 1L, 0L, 0L, 0L, 7L, 7L, 0L, 0L, 
    30L, 1L, 0L, 0L), .Dim = c(8L, 3L), .Dimnames = structure(list(
        c("-1", "-2", "-3", "-4", "0", "1", "2", NA), c("C", 
        "G", NA)), .Names = c("", "")), class = "table"), LMmono04v2_SNP1 = structure(c(0L, 
    0L, 0L, 0L, 3L, 0L, 0L, 0L, 1794L, 162L, 5L, 1L, 2132L, 95L, 
    2L, 35L, 42L, 6L, 1L, 0L, 147L, 6L, 0L, 0L), .Dim = c(8L, 
    3L), .Dimnames = structure(list(c("-1", "-2", "-3", "-4", 
    "0", "1", "2", NA), c("C", "T", NA)), .Names = c("", "")), class = "table"), 
    AKMmono01v2_SNP1 = structure(c(0L, 0L, 0L, 0L, 1L, 0L, 0L, 
    0L, 0L, 0L, 0L, 0L, 1L, 0L, 0L, 0L, 2793L, 261L, 8L, 1L, 
    3733L, 58L, 4L, 140L, 27L, 4L, 0L, 0L, 124L, 1L, 0L, 0L), .Dim = c(8L, 
    4L), .Dimnames = structure(list(c("-1", "-2", "-3", "-4", 
    "0", "1", "2", NA), c("-", "G", "T", NA)), .Names = c("", 
    "")), class = "table"), AKMmono10v2_SNP1 = structure(c(316L, 
    5L, 3107L, 28L, 1L, 10L, 5L, 0L, 175L, 3L, 0L, 0L), .Dim = c(6L, 
    2L), .Dimnames = structure(list(c("-1", "-2", "0", "1", "2", 
    NA), c("A", NA)), .Names = c("", "")), class = "table"), 
    AKMmono17v2_SNP1 = structure(c(1L, 0L, 5L, 0L, 1L, 752L, 
    76L, 741L, 6L, 24L, 3L, 1L, 19L, 0L, 0L), .Dim = c(5L, 3L
    ), .Dimnames = structure(list(c("-1", "-2", "0", "1", NA), 
        c("A", "C", NA)), .Names = c("", "")), class = "table"), 
    EJmono13v2_SNP1 = structure(c(24L, 1L, 0L, 588L, 1143L, 58L, 
    1L, 143L, 1790L, 46L, 1L, 24L, 0L, 0L, 0L, 40L, 15L, 0L, 
    0L, 43L, 23L, 2L, 0L, 0L), .Dim = c(8L, 3L), .Dimnames = structure(list(
        c("-1", "-2", "-3", "0", "1", "2", "3", NA), c("A", "G", 
        NA)), .Names = c("", "")), class = "table"), LMmono05v2_SNP1 = structure(c(131L, 
    607L, 19L, 1L, 811L, 24L, 1L, 12L, 1L, 8L, 1L, 0L, 43L, 1L, 
    0L, 0L), .Dim = c(8L, 2L), .Dimnames = structure(list(c("-1", 
    "-2", "-3", "-4", "0", "1", "2", NA), c("T", NA)), .Names = c("", 
    "")), class = "table"), LMmono10v2_SNP1 = structure(c(588L, 
    113L, 2262L, 230L, 26L, 2860L, 39L, 1L, 217L, 1L, 0L, 0L, 
    0L, 0L, 1L, 0L, 0L, 0L, 10L, 0L, 18L, 3L, 0L, 160L, 1L, 0L, 
    0L), .Dim = c(9L, 3L), .Dimnames = structure(list(c("-1", 
    "-2", "-3", "-4", "-5", "0", "1", "2", NA), c("A", "T", NA
    )), .Names = c("", "")), class = "table"), MSJmono30v2_SNP1 = structure(c(563L, 
    41L, 5L, 1L, 443L, 9L, 1L, 29L, 0L, 0L, 0L, 0L, 1L, 0L, 0L, 
    0L, 63L, 1L, 0L, 0L, 248L, 19L, 0L, 0L), .Dim = c(8L, 3L), .Dimnames = structure(list(
        c("-1", "-2", "-3", "-4", "0", "1", "2", NA), c("C", 
        "T", NA)), .Names = c("", "")),