Result <-
list(AKMmono02 = structure(c(0L, 0L, 0L, 1L, 0L, 0L, 0L, 0L, 
0L, 0L, 1L, 0L, 0L, 0L, 740L, 56L, 3L, 4123L, 136L, 4L, 137L, 
5L, 1L, 0L, 51L, 0L, 0L, 0L), .Dim = c(7L, 4L), .Dimnames = structure(list(
    c("-1", "-2", "-3", "0", "1", "2", NA), c("A", "C", "T", 
    NA)), .Names = c("", "")), class = "table"), AKMmono03 = structure(c(1951L, 
353L, 74L, 2L, 8909L, 212L, 8L, 125L, 1L, 0L, 0L, 0L, 0L, 0L, 
0L, 0L, 0L, 0L, 0L, 0L, 1L, 0L, 0L, 0L, 77L, 11L, 1L, 0L, 664L, 
8L, 0L, 0L), .Dim = c(8L, 4L), .Dimnames = structure(list(c("-1", 
"-2", "-3", "-4", "0", "1", "2", NA), c("A", "C", "T", NA)), .Names = c("", 
"")), class = "table"), AKMmono05 = structure(c(1208L, 406L, 
47L, 6L, 1845L, 115L, 5L, 84L, 0L, 0L, 0L, 0L, 1L, 0L, 0L, 0L, 
57L, 11L, 1L, 0L, 195L, 5L, 0L, 0L), .Dim = c(8L, 3L), .Dimnames = structure(list(
    c("-1", "-2", "-3", "-4", "0", "1", "2", NA), c("A", "G", 
    NA)), .Names = c("", "")), class = "table"), AKMmono13 = structure(c(753L, 
355L, 15L, 2941L, 127L, 3L, 35L, 0L, 0L, 0L, 1L, 0L, 0L, 0L, 
21L, 7L, 2L, 181L, 4L, 0L, 0L), .Dim = c(7L, 3L), .Dimnames = structure(list(
    c("-1", "-2", "-3", "0", "1", "2", NA), c("A", "T", NA)), .Names = c("", 
"")), class = "table"), AKMmono16 = structure(c(468L, 55L, 19L, 
2857L, 219L, 8L, 32L, 0L, 0L, 0L, 1L, 0L, 0L, 0L, 6L, 0L, 0L, 
166L, 16L, 0L, 0L), .Dim = c(7L, 3L), .Dimnames = structure(list(
    c("-1", "-2", "-3", "0", "1", "2", NA), c("A", "G", NA)), .Names = c("", 
"")), class = "table"), AKMmono22 = structure(c(105L, 30L, 5L, 
1L, 332L, 30L, 1L, 27L, 0L, 0L, 0L, 0L, 1L, 0L, 0L, 0L, 2L, 2L, 
0L, 0L, 39L, 4L, 0L, 0L), .Dim = c(8L, 3L), .Dimnames = structure(list(
    c("-1", "-2", "-3", "-4", "0", "1", "3", NA), c("A", "C", 
    NA)), .Names = c("", "")), class = "table"), EJmono05 = structure(c(1058L, 
75L, 5L, 2812L, 77L, 1L, 36L, 12L, 0L, 0L, 84L, 2L, 0L, 0L), .Dim = c(7L, 
2L), .Dimnames = structure(list(c("-1", "-2", "-3", "0", "1", 
"2", NA), c("T", NA)), .Names = c("", "")), class = "table"), 
    EJmono16 = structure(c(2105L, 326L, 29L, 1L, 6096L, 464L, 
    32L, 4L, 347L, 0L, 0L, 0L, 0L, 1L, 0L, 0L, 0L, 0L, 10L, 6L, 
    1L, 0L, 81L, 5L, 0L, 0L, 0L), .Dim = c(9L, 3L), .Dimnames = structure(list(
        c("-1", "-2", "-3", "-4", "0", "1", "2", "3", NA), c("A", 
        "T", NA)), .Names = c("", "")), class = "table"), LMmono01 = structure(c(386L, 
    26L, 1960L, 42L, 18L, 0L, 0L, 1L, 0L, 0L, 13L, 1L, 118L, 
    0L, 0L), .Dim = c(5L, 3L), .Dimnames = structure(list(c("-1", 
    "-2", "0", "1", NA), c("A", "C", NA)), .Names = c("", "")), class = "table"), 
    LMmono03 = structure(c(154L, 134L, 60L, 5L, 1L, 314L, 15L, 
    1L, 37L, 0L, 1L, 0L, 1L, 0L, 17L, 0L, 0L, 0L), .Dim = c(9L, 
    2L), .Dimnames = structure(list(c("-1", "-2", "-3", "-4", 
    "-5", "0", "1", "2", NA), c("C", NA)), .Names = c("", "")), class = "table"), 
    LMmono09 = structure(c(1133L, 234L, 48L, 2054L, 105L, 3L, 
    94L, 6L, 1L, 0L, 25L, 1L, 0L, 0L), .Dim = c(7L, 2L), .Dimnames = structure(list(
        c("-1", "-2", "-3", "0", "1", "2", NA), c("T", NA)), .Names = c("", 
    "")), class = "table"), LMmono12 = structure(c(360L, 214L, 
    510L, 35L, 1130L, 116L, 8L, 83L, 2L, 1L, 2L, 0L, 42L, 4L, 
    0L, 0L), .Dim = c(8L, 2L), .Dimnames = structure(list(c("-1", 
    "-2", "-3", "-4", "0", "1", "2", NA), c("A", NA)), .Names = c("", 
    "")), class = "table"), LMmono16 = structure(c(10L, 1L, 2L, 
    1223L, 40L, 641L, 1L, 105L, 8L, 1L, 145L, 0L, 0L, 0L, 197L, 
    4L, 44L, 0L, 24L, 1L, 0L, 0L), .Dim = c(11L, 2L), .Dimnames = structure(list(
        c("-1", "-3", "-5", "0", "1", "3", "4", "5", "6", "7", 
        NA), c("A", NA)), .Names = c("", "")), class = "table"), 
    MSJmono10 = structure(c(1L, 0L, 0L, 9L, 0L, 0L, 0L, 0L, 2313L, 
    244L, 6L, 8310L, 410L, 14L, 1L, 103L, 36L, 7L, 0L, 319L, 
    21L, 1L, 0L, 0L), .Dim = c(8L, 3L), .Dimnames = structure(list(
        c("-1", "-2", "-3", "0", "1", "2", "3", NA), c("A", "C", 
        NA)), .Names = c("", "")), class = "table"), MSJmono19ms1 = structure(c(732L, 
    56L, 4L, 5897L, 227L, 4L, 1L, 137L, 1L, 0L, 0L, 5L, 0L, 0L, 
    0L, 0L, 0L, 0L, 0L, 2L, 0L, 0L, 0L, 0L, 54L, 4L, 0L, 628L, 
    13L, 0L, 0L, 0L), .Dim = c(8L, 4L), .Dimnames = structure(list(
        c("-1", "-2", "-3", "0", "1", "2", "3", NA), c("A", "C", 
        "T", NA)), .Names = c("", "")), class = "table"), MSJmono19ms2 = structure(c(0L, 
    0L, 1L, 0L, 0L, 0L, 601L, 738L, 4867L, 137L, 3L, 233L, 7L, 
    11L, 345L, 5L, 0L, 0L), .Dim = c(6L, 3L), .Dimnames = structure(list(
        c("-1", "-2", "0", "1", "2", NA), c("A", "C", NA)), .Names = c("", 
    "")), class = "table"), MSJmono36 = structure(c(0L, 0L, 0L, 
    1L, 0L, 0L, 0L, 517L, 421L, 36L, 2170L, 66L, 1L, 94L, 3L, 
    3L, 0L, 53L, 1L, 0L, 0L), .Dim = c(7L, 3L), .Dimnames = structure(list(
        c("-1", "-2", "-3", "0", "1", "2", NA), c("A", "G", NA
        )), .Names = c("", "")), class = "table"), MSJmono44 = structure(c(0L, 
    0L, 0L, 1L, 0L, 0L, 0L, 347L, 172L, 1L, 1142L, 31L, 2L, 11L, 
    4L, 0L, 1L, 28L, 0L, 0L, 0L), .Dim = c(7L, 3L), .Dimnames = structure(list(
        c("-1", "-2", "-3", "0", "1", "2", NA), c("G", "T", NA
        )), .Names = c("", "")), class = "table"), MSJmono46 = structure(c(509L, 
    142L, 7L, 1L, 1302L, 150L, 7L, 2L, 50L, 6L, 4L, 1L, 0L, 47L, 
    2L, 1L, 0L, 0L), .Dim = c(9L, 2L), .Dimnames = structure(list(
        c("-1", "-2", "-3", "-4", "0", "1", "2", "3", NA), c("C", 
        NA)), .Names = c("", "")), class = "table"), LMmono04v2_SNP1 = structure(c(335L, 
    34L, 2L, 1004L, 47L, 3L, 6L, 4L, 0L, 0L, 53L, 2L, 0L, 0L), .Dim = c(7L, 
    2L), .Dimnames = structure(list(c("-1", "-2", "-3", "0", 
    "1", "2", NA), c("C", NA)), .Names = c("", "")), class = "table"), 
    AKMmono01v2_SNP1 = structure(c(0L, 0L, 0L, 1L, 0L, 0L, 0L, 
    1L, 0L, 0L, 1L, 0L, 0L, 0L, 2698L, 528L, 17L, 7312L, 168L, 
    1L, 151L, 31L, 5L, 1L, 205L, 4L, 0L, 0L), .Dim = c(7L, 4L
    ), .Dimnames = structure(list(c("-1", "-2", "-3", "0", "1", 
    "2", NA), c("A", "C", "T", NA)), .Names = c("", "")), class = "table"), 
    AKMmono10v2_SNP1 = structure(c(56L, 75L, 805L, 12L, 1L, 336L, 
    5L, 595L, 6L, 7L, 4L, 1L, 76L, 2L, 0L), .Dim = c(5L, 3L), .Dimnames = structure(list(
        c("-1", "-2", "0", "1", NA), c("A", "G", NA)), .Names = c("", 
    "")), class = "table"), AKMmono17v2_SNP1 = structure(c(555L, 
    157L, 13L, 821L, 16L, 1L, 26L, 456L, 64L, 0L, 809L, 16L, 
    0L, 12L, 0L, 0L, 0L, 1L, 0L, 0L, 0L, 12L, 1L, 0L, 48L, 0L, 
    0L, 0L), .Dim = c(7L, 4L), .Dimnames = structure(list(c("-1", 
    "-2", "-3", "0", "1", "2", NA), c("A", "C", "T", NA)), .Names = c("", 
    "")), class = "table"), EJmono13v2_SNP1 = structure(c(321L, 
    17L, 0L, 3093L, 156L, 10L, 32L, 525L, 13L, 1L, 2752L, 125L, 
    3L, 39L, 6L, 0L, 0L, 1L, 0L, 0L, 0L, 9L, 1L, 0L, 151L, 2L, 
    0L, 0L), .Dim = c(7L, 4L), .Dimnames = structure(list(c("-1", 
    "-2", "-3", "0", "1", "2", NA), c("A", "G", "T", NA)), .Names = c("", 
    "")), class = "table"), LMmono05v2_SNP1 = structure(c(369L, 
    223L, 18L, 1L, 1L, 950L, 48L, 2L, 21L, 1L, 0L, 0L, 0L, 0L, 
    1L, 0L, 0L, 0L, 9L, 1L, 1L, 0L, 0L, 22L, 1L, 0L, 0L), .Dim = c(9L, 
    3L), .Dimnames = structure(list(c("-1", "-2", "-3", "-4", 
    "-5", "0", "1", "2", NA), c("A", "T", NA)), .Names = c("", 
    "")), class = "table"), LMmono10v2_SNP1 = structure(c(1610L, 
    2076L, 830L, 91L, 3L, 1L, 4805L, 97L, 2L, 2L, 400L, 0L, 0L, 
    0L, 0L, 0L, 0L, 1L, 0L, 0L, 0L, 0L, 36L, 27L, 12L, 0L, 0L, 
    0L, 270L, 2L, 0L, 0L, 0L), .Dim = c(11L, 3L), .Dimnames = structure(list(
        c("-1", "-2", "-3", "-4", "-5", "-7", "0", "1", "2", 
        "3", NA), c("A", "G", NA)), .Names = c("", "")), class = "table"), 
    MSJmono30v2_SNP1 = structure(c(160L, 46L, 2L, 1L, 165L, 2L, 
    0L, 11L, 189L, 57L, 4L, 1L, 240L, 10L, 0L, 8L, 37L, 4L, 0L, 
    0L, 176L, 16L, 2L, 0L), .Dim = c(8L, 3L),