Result <-
list(AKMmono02 = structure(c(477L, 828L, 154L, 1L, 4391L, 80L, 
4L, 125L, 1L, 8L, 1L, 0L, 53L, 0L, 0L, 0L), .Dim = c(8L, 2L), .Dimnames = structure(list(
    c("-1", "-2", "-3", "-4", "0", "1", "2", NA), c("T", NA)), .Names = c("", 
"")), class = "table"), AKMmono03 = structure(c(1233L, 155L, 
40L, 2L, 11048L, 153L, 1L, 107L, 0L, 0L, 0L, 0L, 1L, 0L, 0L, 
0L, 0L, 0L, 0L, 0L, 3L, 0L, 0L, 0L, 0L, 0L, 0L, 0L, 1L, 0L, 0L, 
0L, 43L, 7L, 0L, 0L, 743L, 4L, 0L, 0L), .Dim = c(8L, 5L), .Dimnames = structure(list(
    c("-1", "-2", "-3", "-4", "0", "1", "2", NA), c("A", "C", 
    "G", "T", NA)), .Names = c("", "")), class = "table"), AKMmono05 = structure(c(1855L, 
215L, 34L, 1L, 1L, 5218L, 188L, 5L, 107L, 0L, 0L, 0L, 0L, 0L, 
1L, 0L, 0L, 0L, 1L, 0L, 0L, 0L, 0L, 3L, 0L, 0L, 0L, 59L, 3L, 
0L, 0L, 0L, 536L, 6L, 0L, 0L), .Dim = c(9L, 4L), .Dimnames = structure(list(
    c("-1", "-2", "-3", "-4", "-5", "0", "1", "2", NA), c("A", 
    "G", "T", NA)), .Names = c("", "")), class = "table"), AKMmono13 = structure(c(1880L, 
226L, 5L, 6775L, 169L, 1L, 98L, 0L, 0L, 0L, 1L, 0L, 0L, 0L, 48L, 
3L, 0L, 380L, 7L, 0L, 0L), .Dim = c(7L, 3L), .Dimnames = structure(list(
    c("-1", "-2", "-3", "0", "1", "2", NA), c("A", "G", NA)), .Names = c("", 
"")), class = "table"), AKMmono16 = structure(c(3519L, 377L, 
28L, 1L, 7100L, 114L, 3L, 1L, 141L, 0L, 0L, 0L, 0L, 1L, 0L, 0L, 
0L, 0L, 0L, 0L, 0L, 0L, 3L, 0L, 0L, 0L, 1L, 88L, 2L, 0L, 0L, 
356L, 8L, 1L, 0L, 0L), .Dim = c(9L, 4L), .Dimnames = structure(list(
    c("-1", "-2", "-3", "-4", "0", "1", "2", "3", NA), c("A", 
    "G", "T", NA)), .Names = c("", "")), class = "table"), AKMmono22 = structure(c(1127L, 
292L, 43L, 2L, 3179L, 149L, 8L, 165L, 29L, 10L, 1L, 0L, 284L, 
6L, 0L, 0L), .Dim = c(8L, 2L), .Dimnames = structure(list(c("-1", 
"-2", "-3", "-4", "0", "1", "2", NA), c("A", NA)), .Names = c("", 
"")), class = "table"), EJmono05 = structure(c(1L, 0L, 0L, 1L, 
0L, 0L, 0L, 2L, 0L, 0L, 3L, 0L, 0L, 0L, 0L, 0L, 0L, 1L, 0L, 0L, 
0L, 3293L, 386L, 8L, 10521L, 222L, 4L, 78L, 40L, 4L, 0L, 311L, 
4L, 0L, 0L), .Dim = c(7L, 5L), .Dimnames = structure(list(c("-1", 
"-2", "-3", "0", "1", "2", NA), c("A", "C", "G", "T", NA)), .Names = c("", 
"")), class = "table"), EJmono16 = structure(c(1868L, 287L, 9L, 
8278L, 400L, 12L, 1L, 320L, 0L, 0L, 0L, 2L, 0L, 0L, 0L, 0L, 5L, 
2L, 0L, 88L, 5L, 0L, 0L, 0L), .Dim = c(8L, 3L), .Dimnames = structure(list(
    c("-1", "-2", "-3", "0", "1", "2", "3", NA), c("A", "C", 
    NA)), .Names = c("", "")), class = "table"), LMmono01 = structure(c(765L, 
72L, 2L, 2568L, 50L, 1L, 33L, 23L, 0L, 0L, 154L, 5L, 0L, 0L), .Dim = c(7L, 
2L), .Dimnames = structure(list(c("-1", "-2", "-3", "0", "1", 
"2", NA), c("A", NA)), .Names = c("", "")), class = "table"), 
    LMmono03 = structure(c(0L, 0L, 0L, 0L, 0L, 0L, 1L, 0L, 0L, 
    0L, 0L, 0L, 1L, 0L, 0L, 0L, 0L, 0L, 0L, 0L, 934L, 136L, 819L, 
    145L, 7L, 3L, 4399L, 538L, 30L, 398L, 2L, 0L, 0L, 0L, 0L, 
    0L, 3L, 0L, 0L, 2L, 11L, 2L, 8L, 0L, 0L, 0L, 294L, 7L, 1L, 
    0L), .Dim = c(10L, 5L), .Dimnames = structure(list(c("-1", 
    "-2", "-3", "-4", "-5", "-6", "0", "1", "2", NA), c("-", 
    "A", "C", "T", NA)), .Names = c("", "")), class = "table"), 
    LMmono09 = structure(c(1267L, 334L, 32L, 2L, 2422L, 317L, 
    52L, 6L, 136L, 6L, 1L, 0L, 0L, 23L, 0L, 1L, 0L, 0L), .Dim = c(9L, 
    2L), .Dimnames = structure(list(c("-1", "-2", "-3", "-4", 
    "0", "1", "2", "3", NA), c("T", NA)), .Names = c("", "")), class = "table"), 
    LMmono12 = structure(c(2613L, 2311L, 350L, 15L, 6929L, 411L, 
    15L, 1L, 1L, 429L, 0L, 1L, 0L, 0L, 0L, 1L, 0L, 0L, 0L, 1L, 
    0L, 0L, 0L, 0L, 1L, 0L, 0L, 0L, 0L, 0L, 19L, 13L, 3L, 0L, 
    279L, 9L, 0L, 0L, 0L, 0L), .Dim = c(10L, 4L), .Dimnames = structure(list(
        c("-1", "-2", "-3", "-4", "0", "1", "2", "3", "4", NA
        ), c("A", "G", "T", NA)), .Names = c("", "")), class = "table"), 
    LMmono16 = structure(c(604L, 73L, 32L, 1L, 3281L, 920L, 9L, 
    331L, 3L, 107L, 7L, 209L, 1L, 0L, 0L, 0L, 5L, 0L, 0L, 0L, 
    0L, 0L, 0L, 0L, 21L, 1L, 2L, 0L, 566L, 36L, 0L, 16L, 0L, 
    7L, 2L, 0L), .Dim = c(12L, 3L), .Dimnames = structure(list(
        c("-1", "-2", "-3", "-5", "0", "1", "2", "3", "4", "5", 
        "6", NA), c("A", "C", NA)), .Names = c("", "")), class = "table"), 
    MSJmono10 = structure(c(0L, 0L, 0L, 2L, 0L, 0L, 0L, 2722L, 
    331L, 10L, 11893L, 365L, 9L, 110L, 1L, 0L, 0L, 0L, 0L, 0L, 
    0L, 36L, 2L, 0L, 392L, 13L, 0L, 0L), .Dim = c(7L, 4L), .Dimnames = structure(list(
        c("-1", "-2", "-3", "0", "1", "2", NA), c("A", "C", "G", 
        NA)), .Names = c("", "")), class = "table"), MSJmono19ms1 = structure(c(677L, 
    37L, 3L, 2L, 1L, 10713L, 251L, 5L, 242L, 0L, 0L, 0L, 0L, 
    0L, 5L, 0L, 0L, 0L, 0L, 0L, 0L, 0L, 0L, 2L, 1L, 0L, 0L, 0L, 
    0L, 0L, 0L, 0L, 2L, 0L, 0L, 0L, 55L, 0L, 0L, 0L, 0L, 1153L, 
    30L, 2L, 0L), .Dim = c(9L, 5L), .Dimnames = structure(list(
        c("-1", "-2", "-3", "-4", "-5", "0", "1", "2", NA), c("A", 
        "C", "G", "T", NA)), .Names = c("", "")), class = "table"), 
    MSJmono19ms2 = structure(c(664L, 16L, 10567L, 109L, 2L, 137L, 
    0L, 0L, 1L, 0L, 0L, 0L, 9L, 0L, 721L, 1L, 0L, 0L), .Dim = c(6L, 
    3L), .Dimnames = structure(list(c("-1", "-2", "0", "1", "2", 
    NA), c("C", "T", NA)), .Names = c("", "")), class = "table"), 
    MSJmono36 = structure(c(413L, 20L, 5647L, 149L, 4L, 73L, 
    2L, 0L, 148L, 2L, 0L, 0L), .Dim = c(6L, 2L), .Dimnames = structure(list(
        c("-1", "-2", "0", "1", "2", NA), c("G", NA)), .Names = c("", 
    "")), class = "table"), MSJmono44 = structure(c(266L, 474L, 
    17L, 2390L, 40L, 10L, 3L, 4L, 0L, 36L, 1L, 0L), .Dim = c(6L, 
    2L), .Dimnames = structure(list(c("-1", "-2", "-3", "0", 
    "1", NA), c("T", NA)), .Names = c("", "")), class = "table"), 
    MSJmono46 = structure(c(1690L, 353L, 43L, 4L, 2141L, 119L, 
    4L, 131L, 20L, 4L, 0L, 0L, 69L, 1L, 0L, 0L), .Dim = c(8L, 
    2L), .Dimnames = structure(list(c("-1", "-2", "-3", "-4", 
    "0", "1", "2", NA), c("C", NA)), .Names = c("", "")), class = "table"), 
    LMmono04v2_SNP1 = structure(c(1400L, 1149L, 52L, 1L, 4434L, 
    150L, 5L, 1L, 62L, 25L, 7L, 0L, 0L, 159L, 6L, 1L, 0L, 0L), .Dim = c(9L, 
    2L), .Dimnames = structure(list(c("-1", "-2", "-3", "-4", 
    "0", "1", "2", "3", NA), c("C", NA)), .Names = c("", "")), class = "table"), 
    AKMmono01v2_SNP1 = structure(c(1L, 0L, 0L, 0L, 2L, 0L, 0L, 
    0L, 0L, 1L, 0L, 0L, 0L, 0L, 0L, 1L, 0L, 0L, 0L, 0L, 1L, 0L, 
    0L, 0L, 2948L, 279L, 12L, 3L, 10065L, 153L, 1L, 201L, 21L, 
    3L, 0L, 0L, 246L, 3L, 0L, 0L), .Dim = c(8L, 5L), .Dimnames = structure(list(
        c("-1", "-2", "-3", "-4", "0", "1", "2", NA), c("-", 
        "C", "G", "T", NA)), .Names = c("", "")), class = "table"), 
    AKMmono10v2_SNP1 = structure(c(92L, 1224L, 3L, 1957L, 20L, 
    0L, 9L, 980L, 14L, 0L, 2064L, 21L, 4L, 19L, 12L, 5L, 0L, 
    199L, 3L, 0L, 0L), .Dim = c(7L, 3L), .Dimnames = structure(list(
        c("-1", "-2", "-3", "0", "1", "2", NA), c("A", "G", NA
        )), .Names = c("", "")), class = "table"), AKMmono17v2_SNP1 = structure(c(1L, 
    0L, 0L, 12L, 1L, 0L, 1L, 491L, 36L, 2L, 2334L, 29L, 1L, 23L, 
    5L, 0L, 0L, 62L, 1L, 0L, 0L), .Dim = c(7L, 3L), .Dimnames = structure(list(
        c("-1", "-2", "-3", "0", "1", "2", NA), c("A", "C", NA
        )), .Names = c("", "")), class = "table"), EJmono13v2_SNP1 = structure(c(0L, 
    0L, 2L, 0L, 0L, 0L, 0L, 0L, 1L, 0L, 0L, 0L, 427L, 8L, 7128L, 
    239L, 9L, 47L, 0L, 0L, 6L, 0L, 0L, 0L, 8L, 0L, 146L, 1L, 
    0L, 0L), .Dim = 6:5, .Dimnames = structure(list(c("-1", "-2", 
    "0", "1", "2", NA), c("A", "C", "G", "T", NA)), .Names = c("", 
    "")), class = "table"), LMmono05v2_SNP1 = structure(c(0L, 
    0L, 0L, 2L, 0L, 0L, 338L, 24L, 3L, 2679L, 71L, 18L, 4L, 0L, 
    0L, 111L, 3L, 0L), .Dim = c(6L, 3L), .Dimnames = structure(list(
        c("-1", "-2", "-3", "0", "1", NA), c("A", "T", NA)), .Names = c("", 
    "")), class = "table"),