Result <-
list(AKMmono02 = structure(c(0L, 0L, 1L, 0L, 0L, 219L, 15L, 2113L, 
45L, 49L, 1L, 1L, 29L, 0L, 0L), .Dim = c(5L, 3L), .Dimnames = structure(list(
    c("-1", "-2", "0", "1", NA), c("A", "T", NA)), .Names = c("", 
"")), class = "table"), AKMmono03 = structure(c(1527L, 212L, 
10L, 3840L, 51L, 1L, 79L, 0L, 0L, 0L, 2L, 0L, 0L, 0L, 49L, 10L, 
0L, 252L, 1L, 0L, 0L), .Dim = c(7L, 3L), .Dimnames = structure(list(
    c("-1", "-2", "-3", "0", "1", "2", NA), c("A", "T", NA)), .Names = c("", 
"")), class = "table"), AKMmono05 = structure(c(860L, 116L, 20L, 
1L, 1817L, 63L, 2L, 40L, 0L, 0L, 0L, 0L, 1L, 0L, 0L, 0L, 0L, 
0L, 0L, 0L, 1L, 0L, 0L, 0L, 32L, 3L, 0L, 0L, 174L, 3L, 0L, 0L
), .Dim = c(8L, 4L), .Dimnames = structure(list(c("-1", "-2", 
"-3", "-4", "0", "1", "2", NA), c("A", "G", "T", NA)), .Names = c("", 
"")), class = "table"), AKMmono13 = structure(c(911L, 140L, 3L, 
3032L, 70L, 2L, 45L, 0L, 0L, 0L, 1L, 0L, 0L, 0L, 22L, 3L, 0L, 
212L, 3L, 0L, 0L), .Dim = c(7L, 3L), .Dimnames = structure(list(
    c("-1", "-2", "-3", "0", "1", "2", NA), c("A", "T", NA)), .Names = c("", 
"")), class = "table"), AKMmono16 = structure(c(654L, 87L, 7L, 
4109L, 72L, 1L, 31L, 1L, 0L, 0L, 1L, 0L, 0L, 0L, 16L, 2L, 0L, 
198L, 0L, 0L, 0L), .Dim = c(7L, 3L), .Dimnames = structure(list(
    c("-1", "-2", "-3", "0", "1", "2", NA), c("A", "G", NA)), .Names = c("", 
"")), class = "table"), AKMmono22 = structure(c(423L, 91L, 6L, 
901L, 65L, 5L, 1L, 59L, 11L, 4L, 0L, 88L, 3L, 0L, 0L, 0L), .Dim = c(8L, 
2L), .Dimnames = structure(list(c("-1", "-2", "-3", "0", "1", 
"2", "3", NA), c("A", NA)), .Names = c("", "")), class = "table"), 
    EJmono05 = structure(c(1588L, 95L, 4L, 4788L, 95L, 3L, 40L, 
    23L, 0L, 0L, 116L, 1L, 0L, 0L), .Dim = c(7L, 2L), .Dimnames = structure(list(
        c("-1", "-2", "-3", "0", "1", "2", NA), c("T", NA)), .Names = c("", 
    "")), class = "table"), EJmono16 = structure(c(392L, 35L, 
    2L, 4923L, 263L, 16L, 108L, 1L, 1L, 0L, 60L, 1L, 0L, 0L), .Dim = c(7L, 
    2L), .Dimnames = structure(list(c("-1", "-2", "-3", "0", 
    "1", "2", NA), c("A", NA)), .Names = c("", "")), class = "table"), 
    LMmono01 = structure(c(839L, 58L, 1L, 1741L, 16L, 21L, 31L, 
    2L, 0L, 106L, 2L, 0L), .Dim = c(6L, 2L), .Dimnames = structure(list(
        c("-1", "-2", "-3", "0", "1", NA), c("A", NA)), .Names = c("", 
    "")), class = "table"), LMmono03 = structure(c(0L, 0L, 0L, 
    0L, 1L, 0L, 0L, 1045L, 304L, 23L, 2L, 1576L, 54L, 135L, 0L, 
    0L, 0L, 0L, 4L, 0L, 0L, 7L, 1L, 0L, 0L, 87L, 0L, 0L), .Dim = c(7L, 
    4L), .Dimnames = structure(list(c("-1", "-2", "-3", "-4", 
    "0", "1", NA), c("-", "C", "T", NA)), .Names = c("", "")), class = "table"), 
    LMmono09 = structure(c(626L, 178L, 8L, 1294L, 49L, 3L, 63L, 
    1L, 0L, 0L, 12L, 1L, 0L, 0L), .Dim = c(7L, 2L), .Dimnames = structure(list(
        c("-1", "-2", "-3", "0", "1", "2", NA), c("T", NA)), .Names = c("", 
    "")), class = "table"), LMmono12 = structure(c(1442L, 171L, 
    30L, 3355L, 275L, 15L, 169L, 0L, 0L, 0L, 0L, 0L, 0L, 1L, 
    11L, 4L, 0L, 122L, 4L, 1L, 0L), .Dim = c(7L, 3L), .Dimnames = structure(list(
        c("-1", "-2", "-3", "0", "1", "2", NA), c("A", "T", NA
        )), .Names = c("", "")), class = "table"), LMmono16 = structure(c(408L, 
    76L, 6L, 1011L, 35L, 1L, 361L, 3L, 34L, 8L, 73L, 0L, 0L, 
    0L, 1L, 0L, 0L, 0L, 0L, 0L, 0L, 0L, 9L, 5L, 0L, 172L, 4L, 
    0L, 15L, 0L, 1L, 0L, 0L), .Dim = c(11L, 3L), .Dimnames = structure(list(
        c("-1", "-2", "-3", "0", "1", "2", "3", "4", "5", "6", 
        NA), c("A", "T", NA)), .Names = c("", "")), class = "table"), 
    MSJmono10 = structure(c(0L, 0L, 0L, 1L, 0L, 0L, 0L, 1560L, 
    91L, 6133L, 209L, 14L, 2L, 65L, 32L, 2L, 220L, 15L, 1L, 0L, 
    0L), .Dim = c(7L, 3L), .Dimnames = structure(list(c("-1", 
    "-2", "0", "1", "2", "3", NA), c("A", "C", NA)), .Names = c("", 
    "")), class = "table"), MSJmono19ms1 = structure(c(1215L, 
    65L, 4L, 1L, 4431L, 166L, 10L, 148L, 0L, 0L, 0L, 0L, 6L, 
    0L, 0L, 0L, 0L, 0L, 0L, 0L, 1L, 0L, 0L, 0L, 90L, 7L, 0L, 
    0L, 496L, 14L, 0L, 0L), .Dim = c(8L, 4L), .Dimnames = structure(list(
        c("-1", "-2", "-3", "-4", "0", "1", "2", NA), c("A", 
        "C", "G", NA)), .Names = c("", "")), class = "table"), 
    MSJmono19ms2 = structure(c(332L, 8L, 5482L, 62L, 1L, 58L, 
    4L, 0L, 355L, 0L, 0L, 0L), .Dim = c(6L, 2L), .Dimnames = structure(list(
        c("-1", "-2", "0", "1", "2", NA), c("C", NA)), .Names = c("", 
    "")), class = "table"), MSJmono36 = structure(c(0L, 0L, 1L, 
    0L, 0L, 0L, 0L, 0L, 1L, 0L, 0L, 0L, 188L, 3L, 2458L, 48L, 
    1L, 29L, 1L, 0L, 72L, 0L, 0L, 0L), .Dim = c(6L, 4L), .Dimnames = structure(list(
        c("-1", "-2", "0", "1", "2", NA), c("A", "C", "G", NA
        )), .Names = c("", "")), class = "table"), MSJmono44 = structure(c(20L, 
    0L, 0L, 0L, 0L, 0L, 1L, 650L, 36L, 1L, 1270L, 24L, 1L, 14L, 
    1L, 0L, 0L, 22L, 1L, 0L, 0L), .Dim = c(7L, 3L), .Dimnames = structure(list(
        c("-1", "-2", "-3", "0", "1", "2", NA), c("-", "T", NA
        )), .Names = c("", "")), class = "table"), MSJmono46 = structure(c(454L, 
    45L, 5L, 1L, 1107L, 60L, 1L, 1L, 42L, 4L, 3L, 0L, 0L, 25L, 
    0L, 0L, 0L, 0L), .Dim = c(9L, 2L), .Dimnames = structure(list(
        c("-1", "-2", "-3", "-4", "0", "1", "2", "3", NA), c("C", 
        NA)), .Names = c("", "")), class = "table"), LMmono04v2_SNP1 = structure(c(945L, 
    69L, 3L, 2302L, 90L, 3L, 16L, 0L, 0L, 0L, 2L, 0L, 0L, 0L, 
    14L, 0L, 0L, 75L, 5L, 0L, 0L), .Dim = c(7L, 3L), .Dimnames = structure(list(
        c("-1", "-2", "-3", "0", "1", "2", NA), c("C", "T", NA
        )), .Names = c("", "")), class = "table"), AKMmono01v2_SNP1 = structure(c(1L, 
    0L, 0L, 1L, 0L, 0L, 0L, 1703L, 221L, 12L, 3345L, 73L, 1L, 
    83L, 12L, 3L, 0L, 88L, 1L, 1L, 0L), .Dim = c(7L, 3L), .Dimnames = structure(list(
        c("-1", "-2", "-3", "0", "1", "2", NA), c("C", "T", NA
        )), .Names = c("", "")), class = "table"), AKMmono10v2_SNP1 = structure(c(621L, 
    11L, 1927L, 19L, 19L, 3L, 0L, 98L, 1L, 0L), .Dim = c(5L, 
    2L), .Dimnames = structure(list(c("-1", "-2", "0", "1", NA
    ), c("A", NA)), .Names = c("", "")), class = "table"), AKMmono17v2_SNP1 = structure(c(1L, 
    0L, 0L, 0L, 45L, 1L, 0L, 359L, 461L, 79L, 1L, 750L, 12L, 
    28L, 0L, 0L, 0L, 0L, 1L, 0L, 0L, 2L, 0L, 0L, 0L, 34L, 1L, 
    0L), .Dim = c(7L, 4L), .Dimnames = structure(list(c("-1", 
    "-2", "-3", "-4", "0", "1", NA), c("A", "C", "T", NA)), .Names = c("", 
    "")), class = "table"), EJmono13v2_SNP1 = structure(c(615L, 
    6L, 1004L, 23L, 2L, 12L, 663L, 13L, 835L, 30L, 0L, 24L, 10L, 
    2L, 48L, 2L, 0L, 0L), .Dim = c(6L, 3L), .Dimnames = structure(list(
        c("-1", "-2", "0", "1", "2", NA), c("A", "G", NA)), .Names = c("", 
    "")), class = "table"), LMmono05v2_SNP1 = structure(c(44L, 
    4L, 0L, 626L, 14L, 0L, 4L, 0L, 0L, 0L, 1L, 0L, 0L, 0L, 26L, 
    252L, 14L, 304L, 20L, 1L, 4L, 2L, 6L, 1L, 27L, 0L, 0L, 0L
    ), .Dim = c(7L, 4L), .Dimnames = structure(list(c("-1", "-2", 
    "-3", "0", "1", "2", NA), c("A", "G", "T", NA)), .Names = c("", 
    "")), class = "table"), LMmono10v2_SNP1 = structure(c(197L, 
    722L, 176L, 11L, 1083L, 18L, 83L, 864L, 147L, 16L, 0L, 1136L, 
    20L, 87L, 13L, 11L, 1L, 0L, 169L, 0L, 0L), .Dim = c(7L, 3L
    ), .Dimnames = structure(list(c("-1", "-2", "-3", "-4", "0", 
    "1", NA), c("A", "G", NA)), .Names = c("", "")), class = "table"), 
    MSJmono30v2_SNP1 = structure(c(346L, 28L, 1L, 856L, 30L, 
    1L, 16L, 41L, 1L, 0L, 399L, 57L, 2L, 0L), .Dim = c(7L, 2L
    ), .Dimnames = structure(list(c("-1", "-2", "-4", "0", "1", 
    "2", NA), c("C", NA)), .Names = c("", "")), class = "table"), 
    EJmono14v2_SNP1 = structure(c(285L, 12L, 0L, 1727L, 44L, 
    1L, 8L, 111L, 696L, 6L, 776L, 19L, 0L, 23L, 0L, 0L, 0L, 1L, 
    0L, 0L, 0L, 7L, 8L, 0L, 241L, 11L, 0L, 0L), .Dim = c(7L, 
    4L), .Dimnames = structure(list(c("-1", "-2", "-3", "0", 
    "1", "2", NA), c("A", "G", "T", NA)), .Names = c("", "")), class = "table"),