Result <-
list(AKMmono02 = structure(c(0L, 0L, 0L, 1L, 0L, 0L, 0L, 0L, 
0L, 0L, 1L, 0L, 0L, 0L, 1175L, 124L, 2L, 3639L, 72L, 1L, 119L, 
6L, 0L, 0L, 52L, 1L, 0L, 0L), .Dim = c(7L, 4L), .Dimnames = structure(list(
    c("-1", "-2", "-3", "0", "1", "2", NA), c("A", "C", "T", 
    NA)), .Names = c("", "")), class = "table"), AKMmono03 = structure(c(0L, 
0L, 0L, 0L, 1L, 0L, 0L, 0L, 750L, 110L, 29L, 1L, 4383L, 79L, 
5L, 48L, 22L, 5L, 0L, 0L, 316L, 3L, 0L, 0L), .Dim = c(8L, 3L), .Dimnames = structure(list(
    c("-1", "-2", "-3", "-4", "0", "1", "2", NA), c("-", "A", 
    NA)), .Names = c("", "")), class = "table"), AKMmono05 = structure(c(322L, 
892L, 88L, 6L, 1453L, 51L, 2L, 46L, 0L, 0L, 0L, 0L, 1L, 0L, 0L, 
0L, 6L, 22L, 2L, 0L, 145L, 3L, 0L, 0L), .Dim = c(8L, 3L), .Dimnames = structure(list(
    c("-1", "-2", "-3", "-4", "0", "1", "2", NA), c("A", "T", 
    NA)), .Names = c("", "")), class = "table"), AKMmono13 = structure(c(294L, 
22L, 1L, 2717L, 1006L, 36L, 1L, 95L, 0L, 0L, 0L, 2L, 0L, 0L, 
0L, 0L, 0L, 0L, 0L, 1L, 0L, 0L, 0L, 0L, 4L, 2L, 0L, 208L, 41L, 
4L, 0L, 0L), .Dim = c(8L, 4L), .Dimnames = structure(list(c("-1", 
"-2", "-3", "0", "1", "2", "3", NA), c("A", "G", "T", NA)), .Names = c("", 
"")), class = "table"), AKMmono16 = structure(c(1677L, 162L, 
5L, 2766L, 50L, 2L, 61L, 0L, 1L, 0L, 0L, 0L, 0L, 0L, 50L, 0L, 
0L, 108L, 4L, 0L, 0L), .Dim = c(7L, 3L), .Dimnames = structure(list(
    c("-1", "-2", "-3", "0", "1", "2", NA), c("A", "G", NA)), .Names = c("", 
"")), class = "table"), AKMmono22 = structure(c(133L, 989L, 200L, 
16L, 1L, 599L, 20L, 1L, 120L, 3L, 23L, 4L, 1L, 0L, 63L, 2L, 0L, 
0L), .Dim = c(9L, 2L), .Dimnames = structure(list(c("-1", "-2", 
"-3", "-4", "-5", "0", "1", "2", NA), c("A", NA)), .Names = c("", 
"")), class = "table"), EJmono05 = structure(c(0L, 0L, 0L, 3L, 
0L, 0L, 0L, 1003L, 62L, 1L, 4834L, 88L, 1L, 33L, 25L, 3L, 0L, 
127L, 5L, 0L, 0L), .Dim = c(7L, 3L), .Dimnames = structure(list(
    c("-1", "-2", "-3", "0", "1", "2", NA), c("A", "T", NA)), .Names = c("", 
"")), class = "table"), EJmono16 = structure(c(1866L, 130L, 4L, 
1L, 5095L, 262L, 12L, 1L, 267L, 1L, 0L, 0L, 0L, 0L, 0L, 0L, 0L, 
0L, 0L, 0L, 0L, 0L, 1L, 0L, 0L, 0L, 0L, 12L, 3L, 0L, 0L, 56L, 
0L, 0L, 0L, 0L), .Dim = c(9L, 4L), .Dimnames = structure(list(
    c("-1", "-2", "-3", "-5", "0", "1", "2", "3", NA), c("A", 
    "G", "T", NA)), .Names = c("", "")), class = "table"), LMmono01 = structure(c(710L, 
60L, 2L, 999L, 18L, 1L, 21L, 0L, 0L, 0L, 1L, 0L, 0L, 0L, 21L, 
0L, 0L, 58L, 0L, 0L, 0L), .Dim = c(7L, 3L), .Dimnames = structure(list(
    c("-1", "-2", "-3", "0", "1", "2", NA), c("A", "G", NA)), .Names = c("", 
"")), class = "table"), LMmono03 = structure(c(490L, 782L, 291L, 
30L, 1L, 1L, 1461L, 41L, 1L, 143L, 7L, 5L, 0L, 0L, 0L, 0L, 81L, 
2L, 0L, 0L), .Dim = c(10L, 2L), .Dimnames = structure(list(c("-1", 
"-2", "-3", "-4", "-5", "-6", "0", "1", "2", NA), c("C", NA)), .Names = c("", 
"")), class = "table"), LMmono09 = structure(c(0L, 0L, 0L, 1L, 
0L, 0L, 0L, 0L, 0L, 0L, 1L, 0L, 0L, 0L, 809L, 117L, 17L, 793L, 
31L, 1L, 69L, 3L, 1L, 0L, 7L, 0L, 0L, 0L), .Dim = c(7L, 4L), .Dimnames = structure(list(
    c("-1", "-2", "-3", "0", "1", "2", NA), c("A", "C", "T", 
    NA)), .Names = c("", "")), class = "table"), LMmono12 = structure(c(1805L, 
433L, 57L, 2L, 3207L, 191L, 12L, 1L, 219L, 1L, 0L, 0L, 0L, 0L, 
0L, 0L, 0L, 0L, 9L, 3L, 0L, 0L, 139L, 1L, 0L, 0L, 0L), .Dim = c(9L, 
3L), .Dimnames = structure(list(c("-1", "-2", "-3", "-4", "0", 
"1", "2", "3", NA), c("A", "G", NA)), .Names = c("", "")), class = "table"), 
    LMmono16 = structure(c(1937L, 493L, 48L, 3L, 1550L, 120L, 
    5L, 108L, 0L, 1L, 0L, 0L, 0L, 0L, 0L, 0L, 64L, 13L, 3L, 0L, 
    239L, 5L, 0L, 0L), .Dim = c(8L, 3L), .Dimnames = structure(list(
        c("-1", "-2", "-3", "-4", "0", "1", "2", NA), c("A", 
        "T", NA)), .Names = c("", "")), class = "table"), MSJmono10 = structure(c(0L, 
    0L, 0L, 3L, 0L, 0L, 1L, 3524L, 222L, 4L, 10354L, 276L, 15L, 
    126L, 71L, 5L, 0L, 344L, 17L, 0L, 0L), .Dim = c(7L, 3L), .Dimnames = structure(list(
        c("-1", "-2", "-3", "0", "1", "2", NA), c("A", "C", NA
        )), .Names = c("", "")), class = "table"), MSJmono19ms1 = structure(c(560L, 
    32L, 3L, 1L, 4767L, 136L, 3L, 114L, 0L, 0L, 0L, 0L, 4L, 0L, 
    0L, 0L, 1L, 0L, 0L, 0L, 0L, 0L, 0L, 0L, 1L, 0L, 0L, 0L, 1L, 
    0L, 0L, 0L, 39L, 0L, 0L, 0L, 520L, 11L, 0L, 0L), .Dim = c(8L, 
    5L), .Dimnames = structure(list(c("-1", "-2", "-3", "-5", 
    "0", "1", "2", NA), c("A", "C", "G", "T", NA)), .Names = c("", 
    "")), class = "table"), MSJmono19ms2 = structure(c(1560L, 
    84L, 3245L, 32L, 189L, 15L, 0L, 253L, 0L, 0L), .Dim = c(5L, 
    2L), .Dimnames = structure(list(c("-1", "-2", "0", "1", NA
    ), c("C", NA)), .Names = c("", "")), class = "table"), MSJmono36 = structure(c(609L, 
    89L, 77L, 1339L, 28L, 2L, 76L, 0L, 0L, 0L, 1L, 0L, 0L, 0L, 
    3L, 0L, 1L, 35L, 1L, 0L, 0L), .Dim = c(7L, 3L), .Dimnames = structure(list(
        c("-1", "-2", "-3", "0", "1", "2", NA), c("G", "T", NA
        )), .Names = c("", "")), class = "table"), MSJmono44 = structure(c(571L, 
    24L, 3L, 816L, 19L, 1L, 12L, 8L, 0L, 0L, 16L, 1L, 0L, 0L), .Dim = c(7L, 
    2L), .Dimnames = structure(list(c("-1", "-2", "-3", "0", 
    "1", "2", NA), c("T", NA)), .Names = c("", "")), class = "table"), 
    MSJmono46 = structure(c(944L, 402L, 48L, 2L, 542L, 21L, 84L, 
    9L, 11L, 1L, 1L, 23L, 0L, 0L), .Dim = c(7L, 2L), .Dimnames = structure(list(
        c("-1", "-2", "-3", "-4", "0", "1", NA), c("C", NA)), .Names = c("", 
    "")), class = "table"), LMmono04v2_SNP1 = structure(c(1996L, 
    250L, 7L, 1131L, 46L, 1L, 47L, 31L, 5L, 0L, 31L, 5L, 0L, 
    0L), .Dim = c(7L, 2L), .Dimnames = structure(list(c("-1", 
    "-2", "-3", "0", "1", "2", NA), c("C", NA)), .Names = c("", 
    "")), class = "table"), AKMmono01v2_SNP1 = structure(c(0L, 
    0L, 0L, 0L, 1L, 0L, 0L, 0L, 0L, 0L, 0L, 0L, 1L, 0L, 0L, 1L, 
    2L, 0L, 0L, 0L, 1L, 0L, 0L, 0L, 2071L, 3744L, 150L, 2L, 4709L, 
    79L, 3L, 215L, 16L, 25L, 2L, 0L, 141L, 1L, 0L, 0L), .Dim = c(8L, 
    5L), .Dimnames = structure(list(c("-1", "-2", "-3", "-4", 
    "0", "1", "2", NA), c("-", "A", "C", "T", NA)), .Names = c("", 
    "")), class = "table"), AKMmono10v2_SNP1 = structure(c(944L, 
    61L, 0L, 407L, 4L, 20L, 17L, 1034L, 15L, 439L, 2L, 22L, 0L, 
    0L, 0L, 1L, 0L, 0L, 10L, 9L, 0L, 46L, 2L, 0L), .Dim = c(6L, 
    4L), .Dimnames = structure(list(c("-1", "-2", "-3", "0", 
    "1", NA), c("A", "G", "T", NA)), .Names = c("", "")), class = "table"), 
    AKMmono17v2_SNP1 = structure(c(763L, 62L, 0L, 18L, 0L, 18L, 
    495L, 33L, 3L, 225L, 1L, 8L, 0L, 1L, 0L, 0L, 0L, 0L, 7L, 
    0L, 0L, 10L, 0L, 0L), .Dim = c(6L, 4L), .Dimnames = structure(list(
        c("-1", "-2", "-3", "0", "1", NA), c("A", "C", "T", NA
        )), .Names = c("", "")), class = "table"), EJmono13v2_SNP1 = structure(c(0L, 
    0L, 1L, 0L, 0L, 0L, 1124L, 24L, 1919L, 47L, 1L, 28L, 7L, 
    0L, 43L, 1L, 0L, 0L), .Dim = c(6L, 3L), .Dimnames = structure(list(
        c("-1", "-2", "0", "1", "2", NA), c("A", "G", NA)), .Names = c("", 
    "")), class = "table"), LMmono05v2_SNP1 = structure(c(0L, 
    0L, 0L, 1L, 0L, 0L, 0L, 724L, 128L, 7L, 430L, 8L, 1L, 14L, 
    13L, 0L, 1L, 18L, 0L, 0L, 0L), .Dim = c(7L, 3L), .Dimnames = structure(list(
        c("-1", "-2", "-3", "0", "1", "2", NA), c("A", "T", NA
        )), .Names = c("", "")), class = "table"), LMmono10v2_SNP1 = structure(c(667L, 
    112L, 1502L, 154L, 3L, 2316L, 40L, 166L, 1L, 0L, 0L, 0L, 
    0L, 2L, 0L, 0L, 0L, 0L, 1L, 0L, 0L, 0L, 0L, 0L, 15L, 1L, 
    18L, 2L, 0L, 109L, 0L, 0L), .Dim = c(8L, 4L), .Dimnames = structure(list(
        c("-1", "-2", "-3", "-4", "-5", "0", "1", NA), c("A", 
        "G", "T", NA)), .Names = c("", "")), class = "table"), 
    MSJmono30v2_SNP1 = structure(c(3L, 0L, 1L, 0L, 0L, 0L, 34L, 
    1L, 206L, 10L, 0L, 0L, 200L, 18L, 109L, 3L, 0L, 6L, 19L, 
    0L, 163L, 24L, 1L, 0L), .Dim = c(6L, 4L),