Result <-
list(AKMmono02 = structure(c(434L, 178L, 4L, 1L, 2592L, 36L, 
2L, 66L, 4L, 3L, 0L, 0L, 38L, 1L, 0L, 0L), .Dim = c(8L, 2L), .Dimnames = structure(list(
    c("-1", "-2", "-3", "-4", "0", "1", "2", NA), c("T", NA)), .Names = c("", 
"")), class = "table"), AKMmono03 = structure(c(0L, 0L, 0L, 0L, 
2L, 0L, 0L, 0L, 793L, 113L, 407L, 9L, 6080L, 91L, 7L, 68L, 1L, 
0L, 0L, 0L, 0L, 0L, 0L, 0L, 33L, 2L, 4L, 0L, 453L, 3L, 0L, 0L
), .Dim = c(8L, 4L), .Dimnames = structure(list(c("-1", "-2", 
"-3", "-4", "0", "1", "2", NA), c("-", "A", "G", NA)), .Names = c("", 
"")), class = "table"), AKMmono05 = structure(c(854L, 211L, 30L, 
4L, 2523L, 94L, 5L, 65L, 0L, 0L, 0L, 0L, 1L, 0L, 0L, 0L, 36L, 
5L, 0L, 0L, 261L, 6L, 0L, 0L), .Dim = c(8L, 3L), .Dimnames = structure(list(
    c("-1", "-2", "-3", "-4", "0", "1", "2", NA), c("A", "T", 
    NA)), .Names = c("", "")), class = "table"), AKMmono13 = structure(c(737L, 
238L, 3L, 4279L, 105L, 2L, 55L, 18L, 4L, 0L, 282L, 3L, 1L, 0L
), .Dim = c(7L, 2L), .Dimnames = structure(list(c("-1", "-2", 
"-3", "0", "1", "2", NA), c("A", NA)), .Names = c("", "")), class = "table"), 
    AKMmono16 = structure(c(1267L, 265L, 20L, 4936L, 119L, 5L, 
    61L, 1L, 0L, 0L, 2L, 0L, 0L, 0L, 26L, 3L, 0L, 213L, 3L, 1L, 
    0L), .Dim = c(7L, 3L), .Dimnames = structure(list(c("-1", 
    "-2", "-3", "0", "1", "2", NA), c("A", "T", NA)), .Names = c("", 
    "")), class = "table"), AKMmono22 = structure(c(430L, 321L, 
    62L, 4L, 1427L, 78L, 2L, 94L, 0L, 0L, 1L, 0L, 0L, 0L, 0L, 
    0L, 15L, 10L, 4L, 0L, 136L, 1L, 0L, 0L), .Dim = c(8L, 3L), .Dimnames = structure(list(
        c("-1", "-2", "-3", "-4", "0", "1", "2", NA), c("A", 
        "G", NA)), .Names = c("", "")), class = "table"), EJmono05 = structure(c(1625L, 
    108L, 2L, 6868L, 152L, 60L, 27L, 1L, 0L, 181L, 1L, 0L), .Dim = c(6L, 
    2L), .Dimnames = structure(list(c("-1", "-2", "-3", "0", 
    "1", NA), c("T", NA)), .Names = c("", "")), class = "table"), 
    EJmono16 = structure(c(1190L, 139L, 11L, 5192L, 269L, 16L, 
    1L, 226L, 9L, 1L, 1L, 68L, 3L, 0L, 0L, 0L), .Dim = c(8L, 
    2L), .Dimnames = structure(list(c("-1", "-2", "-3", "0", 
    "1", "2", "3", NA), c("A", NA)), .Names = c("", "")), class = "table"), 
    LMmono01 = structure(c(504L, 31L, 2160L, 42L, 1L, 17L, 0L, 
    0L, 1L, 0L, 0L, 0L, 24L, 0L, 138L, 1L, 0L, 0L), .Dim = c(6L, 
    3L), .Dimnames = structure(list(c("-1", "-2", "0", "1", "2", 
    NA), c("A", "G", NA)), .Names = c("", "")), class = "table"), 
    LMmono03 = structure(c(0L, 0L, 0L, 0L, 0L, 1L, 0L, 0L, 0L, 
    2L, 0L, 0L, 0L, 0L, 0L, 0L, 0L, 0L, 809L, 481L, 292L, 91L, 
    2L, 2570L, 80L, 4L, 197L, 13L, 2L, 3L, 1L, 0L, 129L, 1L, 
    0L, 0L), .Dim = c(9L, 4L), .Dimnames = structure(list(c("-1", 
    "-2", "-3", "-4", "-5", "0", "1", "2", NA), c("-", "A", "C", 
    NA)), .Names = c("", "")), class = "table"), LMmono09 = structure(c(467L, 
    372L, 57L, 2L, 1970L, 76L, 2L, 53L, 2L, 1L, 0L, 0L, 11L, 
    0L, 0L, 0L), .Dim = c(8L, 2L), .Dimnames = structure(list(
        c("-1", "-2", "-3", "-4", "0", "1", "2", NA), c("T", 
        NA)), .Names = c("", "")), class = "table"), LMmono12 = structure(c(1801L, 
    316L, 25L, 5083L, 310L, 22L, 298L, 0L, 0L, 0L, 1L, 0L, 0L, 
    0L, 13L, 0L, 0L, 200L, 8L, 0L, 0L), .Dim = c(7L, 3L), .Dimnames = structure(list(
        c("-1", "-2", "-3", "0", "1", "2", NA), c("A", "T", NA
        )), .Names = c("", "")), class = "table"), LMmono16 = structure(c(944L, 
    212L, 28L, 2139L, 134L, 7L, 54L, 46L, 7L, 0L, 363L, 22L, 
    0L, 0L), .Dim = c(7L, 2L), .Dimnames = structure(list(c("-1", 
    "-2", "-3", "0", "1", "2", NA), c("A", NA)), .Names = c("", 
    "")), class = "table"), MSJmono10 = structure(c(1052L, 66L, 
    3L, 9182L, 339L, 9L, 70L, 0L, 0L, 0L, 1L, 0L, 0L, 0L, 29L, 
    1L, 0L, 300L, 16L, 2L, 0L), .Dim = c(7L, 3L), .Dimnames = structure(list(
        c("-1", "-2", "-3", "0", "1", "2", NA), c("C", "T", NA
        )), .Names = c("", "")), class = "table"), MSJmono19ms1 = structure(c(762L, 
    626L, 39L, 5069L, 134L, 2L, 177L, 0L, 0L, 0L, 5L, 0L, 0L, 
    0L, 0L, 0L, 0L, 1L, 0L, 0L, 0L, 0L, 0L, 0L, 2L, 0L, 0L, 1L, 
    53L, 30L, 1L, 590L, 10L, 1L, 0L), .Dim = c(7L, 5L), .Dimnames = structure(list(
        c("-1", "-2", "-3", "0", "1", "2", NA), c("A", "C", "G", 
        "T", NA)), .Names = c("", "")), class = "table"), MSJmono19ms2 = structure(c(652L, 
    18L, 1L, 5752L, 53L, 108L, 8L, 0L, 0L, 404L, 1L, 0L), .Dim = c(6L, 
    2L), .Dimnames = structure(list(c("-1", "-2", "-3", "0", 
    "1", NA), c("C", NA)), .Names = c("", "")), class = "table"), 
    MSJmono36 = structure(c(268L, 21L, 2L, 2784L, 114L, 1L, 1L, 
    48L, 2L, 0L, 0L, 84L, 0L, 0L, 0L, 0L), .Dim = c(8L, 2L), .Dimnames = structure(list(
        c("-1", "-2", "-3", "0", "1", "2", "3", NA), c("G", NA
        )), .Names = c("", "")), class = "table"), MSJmono44 = structure(c(0L, 
    0L, 1L, 0L, 0L, 0L, 0L, 1L, 0L, 0L, 263L, 5L, 1698L, 51L, 
    19L, 1L, 0L, 38L, 1L, 0L), .Dim = 5:4, .Dimnames = structure(list(
        c("-1", "-2", "0", "1", NA), c("A", "C", "T", NA)), .Names = c("", 
    "")), class = "table"), MSJmono46 = structure(c(700L, 390L, 
    87L, 6L, 1404L, 94L, 5L, 89L, 8L, 14L, 1L, 0L, 38L, 2L, 0L, 
    0L), .Dim = c(8L, 2L), .Dimnames = structure(list(c("-1", 
    "-2", "-3", "-4", "0", "1", "2", NA), c("C", NA)), .Names = c("", 
    "")), class = "table"), LMmono04v2_SNP1 = structure(c(1095L, 
    159L, 4L, 3007L, 141L, 8L, 27L, 19L, 1L, 0L, 130L, 3L, 2L, 
    0L), .Dim = c(7L, 2L), .Dimnames = structure(list(c("-1", 
    "-2", "-3", "0", "1", "2", NA), c("C", NA)), .Names = c("", 
    "")), class = "table"), AKMmono01v2_SNP1 = structure(c(0L, 
    0L, 0L, 2L, 0L, 0L, 0L, 1108L, 210L, 5L, 5497L, 108L, 4L, 
    72L, 10L, 3L, 0L, 161L, 4L, 0L, 0L), .Dim = c(7L, 3L), .Dimnames = structure(list(
        c("-1", "-2", "-3", "0", "1", "2", NA), c("-", "T", NA
        )), .Names = c("", "")), class = "table"), AKMmono10v2_SNP1 = structure(c(131L, 
    51L, 1665L, 26L, 8L, 248L, 62L, 1638L, 18L, 11L, 7L, 1L, 
    162L, 4L, 0L), .Dim = c(5L, 3L), .Dimnames = structure(list(
        c("-1", "-2", "0", "1", NA), c("A", "G", NA)), .Names = c("", 
    "")), class = "table"), AKMmono17v2_SNP1 = structure(c(152L, 
    84L, 1L, 609L, 10L, 1L, 12L, 150L, 157L, 15L, 602L, 5L, 0L, 
    12L, 0L, 0L, 0L, 4L, 0L, 0L, 0L, 2L, 1L, 0L, 38L, 0L, 0L, 
    0L), .Dim = c(7L, 4L), .Dimnames = structure(list(c("-1", 
    "-2", "-3", "0", "1", "2", NA), c("A", "C", "T", NA)), .Names = c("", 
    "")), class = "table"), EJmono13v2_SNP1 = structure(c(726L, 
    18L, 3520L, 155L, 6L, 31L, 0L, 0L, 1L, 0L, 0L, 0L, 1L, 0L, 
    2L, 0L, 0L, 0L, 0L, 0L, 1L, 0L, 0L, 0L, 5L, 1L, 95L, 1L, 
    0L, 0L), .Dim = 6:5, .Dimnames = structure(list(c("-1", "-2", 
    "0", "1", "2", NA), c("A", "C", "G", "T", NA)), .Names = c("", 
    "")), class = "table"), LMmono05v2_SNP1 = structure(c(314L, 
    60L, 8L, 1219L, 27L, 2L, 13L, 6L, 1L, 0L, 49L, 1L, 0L, 0L
    ), .Dim = c(7L, 2L), .Dimnames = structure(list(c("-1", "-2", 
    "-3", "0", "1", "2", NA), c("T", NA)), .Names = c("", "")), class = "table"), 
    LMmono10v2_SNP1 = structure(c(1151L, 333L, 290L, 23L, 4037L, 
    64L, 2L, 213L, 13L, 6L, 5L, 0L, 227L, 1L, 0L, 0L), .Dim = c(8L, 
    2L), .Dimnames = structure(list(c("-1", "-2", "-3", "-4", 
    "0", "1", "2", NA), c("A", NA)), .Names = c("", "")), class = "table"), 
    MSJmono30v2_SNP1 = structure(c(111L, 5L, 364L, 10L, 5L, 10L, 
    0L, 215L, 13L, 0L), .Dim = c(5L, 2L), .Dimnames = structure(list(
        c("-1", "-2", "0", "1", NA), c("C", NA)), .Names = c("", 
    "")), class = "table"), EJmono14v2_SNP1 = structure(c(404L, 
    16L, 0L, 1563L, 46L, 1L, 9L, 349L, 143L, 1L, 1572L, 42L, 
    1L, 15L, 1L, 0L, 0L, 1L, 0L, 0L, 0L, 22L, 2L, 0L, 407L, 12L, 
    2L, 0L), .Dim = c(7L, 4L), .Dimnames = structure(list(c("-1", 
    "-2", "-3", "0", "1", "2", NA), c("A", "G", "T", NA)), .Names = c("", 
    "")), class = "table"),