Result <-
list(DEPDC2_SNP1 = structure(c(0L, 0L, 1L, 0L, 0L, 0L, 5L, 0L, 
1L, 53L, 7789L, 29L, 0L, 0L, 78L, 0L), dim = c(4L, 4L), dimnames = structure(list(
    c("-2", "-1", "0", "1"), c("A", "C", "T", NA)), names = c("", 
""))), GM01_SNP1 = structure(c(0L, 63L, 6004L, 23L, 3L, 72L, 
6070L, 26L, 0L, 5L, 163L, 2L), dim = 4:3, dimnames = structure(list(
    c("-2", "-1", "0", "1"), c("A", "G", NA)), names = c("", 
""))), GM07_SNP1 = structure(c(0L, 0L, 0L, 1L, 0L, 7L, 106L, 
2597L, 84L, 1L, 3L, 136L, 2899L, 72L, 2L, 0L, 4L, 109L, 4L, 0L
), dim = 5:4, dimnames = structure(list(c("-2", "-1", "0", "1", 
"2"), c("-", "A", "G", NA)), names = c("", ""))), GM09_SNP1 = structure(c(26L, 
6362L, 11L, 34L, 6715L, 4L, 1L, 76L, 0L), dim = c(3L, 3L), dimnames = structure(list(
    c("-1", "0", "1"), c("A", "G", NA)), names = c("", ""))), 
    GM11_SNP1 = structure(c(5L, 2124L, 6L, 44L, 4800L, 16L, 0L, 
    1L, 0L, 1L, 56L, 1L), dim = 3:4, dimnames = structure(list(
        c("-1", "0", "1"), c("A", "G", "T", NA)), names = c("", 
    ""))), GM14_SNP1 = structure(c(4L, 117L, 3577L, 41L, 3L, 
    4L, 86L, 3574L, 18L, 1L, 0L, 0L, 100L, 0L, 0L), dim = c(5L, 
    3L), dimnames = structure(list(c("-2", "-1", "0", "1", "2"
    ), c("C", "T", NA)), names = c("", ""))), GM17_SNP1 = structure(c(97L, 
    7104L, 37L, 74L, 5497L, 8L, 1L, 415L, 1L), dim = c(3L, 3L
    ), dimnames = structure(list(c("-1", "0", "1"), c("C", "T", 
    NA)), names = c("", ""))), GM22_SNP1 = structure(c(3L, 56L, 
    4223L, 16L, 0L, 2L, 90L, 4666L, 14L, 1L, 0L, 0L, 2L, 0L, 
    0L, 0L, 4L, 188L, 3L, 0L), dim = 5:4, dimnames = structure(list(
        c("-2", "-1", "0", "1", "2"), c("A", "G", "T", NA)), names = c("", 
    ""))), GM26_SNP1 = structure(c(2L, 44L, 5627L, 16L, 2L, 0L, 
    0L, 6L, 0L, 0L, 0L, 0L, 1L, 0L, 0L, 0L, 3L, 53L, 1L, 0L), dim = 5:4, dimnames = structure(list(
        c("-2", "-1", "0", "1", "2"), c("A", "G", "T", NA)), names = c("", 
    ""))), GM29_SNP1 = structure(c(2L, 48L, 2456L, 5L, 1L, 66L, 
    4932L, 21L, 0L, 0L, 1L, 0L, 0L, 2L, 74L, 0L), dim = c(4L, 
    4L), dimnames = structure(list(c("-2", "-1", "0", "1"), c("A", 
    "G", "T", NA)), names = c("", ""))), IM16_SNP1 = structure(c(48L, 
    5321L, 116L, 4L, 44L, 5337L, 70L, 1L, 1L, 148L, 8L, 0L), dim = 4:3, dimnames = structure(list(
        c("-1", "0", "1", "2"), c("A", "G", NA)), names = c("", 
    ""))), IM49_SNP1 = structure(c(0L, 0L, 1L, 0L, 0L, 5L, 175L, 
    5441L, 127L, 3L, 0L, 0L, 5L, 1L, 0L, 0L, 6L, 137L, 4L, 0L
    ), dim = 5:4, dimnames = structure(list(c("-2", "-1", "0", 
    "1", "2"), c("A", "C", "G", NA)), names = c("", ""))), LR10_SNP1 = structure(c(0L, 
    0L, 1L, 0L, 0L, 1L, 9L, 0L, 2L, 105L, 7547L, 33L, 0L, 0L, 
    123L, 2L), dim = c(4L, 4L), dimnames = structure(list(c("-2", 
    "-1", "0", "1"), c("A", "C", "T", NA)), names = c("", ""))), 
    LR11_SNP1 = structure(c(3L, 110L, 5320L, 37L, 0L, 4L, 105L, 
    4464L, 53L, 1L, 0L, 0L, 1L, 0L, 0L, 0L, 8L, 270L, 3L, 0L), dim = 5:4, dimnames = structure(list(
        c("-2", "-1", "0", "1", "2"), c("A", "C", "T", NA)), names = c("", 
    ""))), LR17_SNP1 = structure(c(19L, 532L, 12913L, 188L, 1L, 
    0L, 0L, 6L, 0L, 0L, 0L, 16L, 1009L, 5L, 0L), dim = c(5L, 
    3L), dimnames = structure(list(c("-2", "-1", "0", "1", "2"
    ), c("A", "G", NA)), names = c("", ""))), LR20_SNP1 = structure(c(3L, 
    2296L, 3L, 12L, 5635L, 11L, 0L, 70L, 0L), dim = c(3L, 3L), dimnames = structure(list(
        c("-1", "0", "1"), c("A", "G", NA)), names = c("", ""
    ))), LR24_SNP1 = structure(c(0L, 1L, 0L, 35L, 7969L, 13L, 
    32L, 5158L, 13L, 0L, 1L, 0L, 1L, 90L, 1L), dim = c(3L, 5L
    ), dimnames = structure(list(c("-1", "0", "1"), c("-", "A", 
    "G", "T", NA)), names = c("", ""))), LR36_SNP1 = structure(c(1L, 
    3L, 8L, 132L, 4643L, 33L, 1L, 0L, 0L, 0L, 0L, 1L, 0L, 0L, 
    0L, 0L, 1L, 39L, 2111L, 16L, 0L, 0L, 0L, 1L, 3L, 310L, 2L, 
    0L), dim = c(7L, 4L), dimnames = structure(list(c("-4", "-3", 
    "-2", "-1", "0", "1", "2"), c("A", "G", "T", NA)), names = c("", 
    ""))), LR40_SNP1 = structure(c(0L, 0L, 14L, 0L, 1L, 127L, 
    9190L, 34L, 0L, 0L, 1L, 0L, 0L, 0L, 1L, 0L, 0L, 1L, 58L, 
    0L), dim = 4:5, dimnames = structure(list(c("-2", "-1", "0", 
    "1"), c("A", "C", "G", "T", NA)), names = c("", ""))), LR44_SNP1 = structure(c(0L, 
    0L, 1L, 0L, 0L, 2L, 59L, 661L, 13L, 1L, 0L, 0L, 2L, 0L, 0L, 
    5L, 181L, 1772L, 48L, 13L, 0L, 2L, 34L, 0L, 0L), dim = c(5L, 
    5L), dimnames = structure(list(c("-2", "-1", "0", "1", "2"
    ), c("A", "C", "G", "T", NA)), names = c("", ""))), LR46_SNP1 = structure(c(0L, 
    0L, 3L, 0L, 1L, 31L, 7263L, 23L, 0L, 0L, 2L, 0L, 0L, 0L, 
    71L, 1L), dim = c(4L, 4L), dimnames = structure(list(c("-2", 
    "-1", "0", "1"), c("A", "G", "T", NA)), names = c("", ""))), 
    LR48_SNP1 = structure(c(4L, 292L, 8429L, 102L, 0L, 0L, 3L, 
    1L, 0L, 3L, 206L, 1L), dim = 4:3, dimnames = structure(list(
        c("-2", "-1", "0", "1"), c("C", "T", NA)), names = c("", 
    ""))), LR49_SNP1 = structure(c(1L, 9L, 4574L, 0L, 0L, 11L, 
    4140L, 1L, 0L, 0L, 1L, 0L, 0L, 0L, 129L, 0L), dim = c(4L, 
    4L), dimnames = structure(list(c("-2", "-1", "0", "1"), c("A", 
    "G", "T", NA)), names = c("", ""))), LR52_SNP1 = structure(c(0L, 
    21L, 359L, 3059L, 23L, 0L, 2L, 18L, 320L, 3626L, 22L, 0L, 
    0L, 0L, 22L, 1083L, 9L, 2L), dim = c(6L, 3L), dimnames = structure(list(
        c("-3", "-2", "-1", "0", "1", "2"), c("C", "T", NA)), names = c("", 
    ""))))
