Result <-
list(DEPDC2_SNP1 = structure(c(0L, 0L, 1L, 0L, 0L, 21L, 2600L, 
31L, 1L, 18L, 2042L, 13L, 0L, 0L, 71L, 1L), dim = c(4L, 4L), dimnames = structure(list(
    c("-2", "-1", "0", "1"), c("A", "C", "T", NA)), names = c("", 
""))), GM01_SNP1 = structure(c(2L, 80L, 2276L, 7L, 0L, 0L, 3L, 
0L, 0L, 1L, 26L, 1L), dim = 4:3, dimnames = structure(list(c("-2", 
"-1", "0", "1"), c("A", "G", NA)), names = c("", ""))), GM07_SNP1 = structure(c(0L, 
0L, 1L, 0L, 0L, 0L, 3L, 607L, 867L, 724L, 18L, 0L, 0L, 27L, 453L, 
713L, 35L, 1L, 0L, 1L, 0L, 0L, 0L, 0L, 0L, 5L, 12L, 30L, 2L, 
0L), dim = 6:5, dimnames = structure(list(c("-3", "-2", "-1", 
"0", "1", "2"), c("-", "A", "G", "T", NA)), names = c("", ""))), 
    GM09_SNP1 = structure(c(18L, 4617L, 7L, 0L, 24L, 0L, 0L, 
    27L, 0L), dim = c(3L, 3L), dimnames = structure(list(c("-1", 
    "0", "1"), c("A", "G", NA)), names = c("", ""))), GM11_SNP1 = structure(c(1L, 
    114L, 0L, 6L, 0L, 3L), dim = 2:3, dimnames = structure(list(
        c("-1", "0"), c("A", "G", NA)), names = c("", ""))), 
    GM14_SNP1 = structure(c(2L, 17L, 918L, 12L, 8L, 706L, 1107L, 
    5L, 0L, 2L, 22L, 0L), dim = 4:3, dimnames = structure(list(
        c("-2", "-1", "0", "1"), c("C", "T", NA)), names = c("", 
    ""))), GM17_SNP1 = structure(c(498L, 4572L, 48L, 1L, 1L, 
    14L, 0L, 0L, 5L, 153L, 0L, 0L), dim = 4:3, dimnames = structure(list(
        c("-1", "0", "1", "2"), c("C", "T", NA)), names = c("", 
    ""))), GM22_SNP1 = structure(c(2L, 66L, 2308L, 9L, 0L, 1L, 
    48L, 2057L, 19L, 1L, 0L, 2L, 88L, 0L, 0L), dim = c(5L, 3L
    ), dimnames = structure(list(c("-2", "-1", "0", "1", "2"), 
        c("A", "G", NA)), names = c("", ""))), GM26_SNP1 = structure(c(0L, 
    27L, 1293L, 2L, 1L, 1L, 10L, 1414L, 2L, 0L, 0L, 1L, 55L, 
    1L, 0L), dim = c(5L, 3L), dimnames = structure(list(c("-2", 
    "-1", "0", "1", "2"), c("A", "G", NA)), names = c("", ""))), 
    GM29_SNP1 = structure(c(0L, 0L, 19L, 1044L, 3L, 3L, 27L, 
    678L, 2076L, 6L, 0L, 0L, 5L, 43L, 0L), dim = c(5L, 3L), dimnames = structure(list(
        c("-3", "-2", "-1", "0", "1"), c("A", "G", NA)), names = c("", 
    ""))), IM16_SNP1 = structure(c(6L, 608L, 9L, 5L, 199L, 1L, 
    0L, 10L, 0L), dim = c(3L, 3L), dimnames = structure(list(
        c("-1", "0", "1"), c("A", "G", NA)), names = c("", ""
    ))), IM49_SNP1 = structure(c(0L, 0L, 0L, 2L, 0L, 0L, 6L, 
    1376L, 241L, 3418L, 80L, 1L, 0L, 0L, 33L, 1013L, 11L, 1L, 
    0L, 4L, 0L, 147L, 2L, 0L), dim = c(6L, 4L), dimnames = structure(list(
        c("-3", "-2", "-1", "0", "1", "2"), c("A", "C", "G", 
        NA)), names = c("", ""))), LR10_SNP1 = structure(c(0L, 
    0L, 5L, 0L, 0L, 1L, 36L, 2501L, 659L, 3L, 0L, 0L, 33L, 38L, 
    0L), dim = c(5L, 3L), dimnames = structure(list(c("-2", "-1", 
    "0", "1", "2"), c("C", "T", NA)), names = c("", ""))), LR11_SNP1 = structure(c(6L, 
    414L, 1L, 0L, 8L, 0L, 0L, 6L, 0L), dim = c(3L, 3L), dimnames = structure(list(
        c("-1", "0", "1"), c("A", "C", NA)), names = c("", ""
    ))), LR17_SNP1 = structure(c(43L, 2298L, 4455L, 73L, 0L, 
    1L, 2L, 0L, 0L, 106L, 385L, 4L), dim = 4:3, dimnames = structure(list(
        c("-2", "-1", "0", "1"), c("A", "G", NA)), names = c("", 
    ""))), LR20_SNP1 = structure(c(0L, 162L, 18L, 152L, 0L, 2L
    ), dim = 2:3, dimnames = structure(list(c("-1", "0"), c("A", 
    "G", NA)), names = c("", ""))), LR24_SNP1 = structure(c(418L, 
    716L, 0L, 5L, 1L, 4L), dim = 2:3, dimnames = structure(list(
        c("-1", "0"), c("A", "G", NA)), names = c("", ""))), 
    LR36_SNP1 = structure(c(0L, 0L, 1L, 2L, 5L, 0L, 0L, 0L, 0L, 
    0L, 1L, 0L, 1L, 21L, 1119L, 918L, 1959L, 15L, 0L, 0L, 21L, 
    30L, 204L, 3L), dim = c(6L, 4L), dimnames = structure(list(
        c("-4", "-3", "-2", "-1", "0", "1"), c("A", "G", "T", 
        NA)), names = c("", ""))), LR40_SNP1 = structure(c(33L, 
    26L, 0L, 4L, 0L, 1L), dim = 2:3, dimnames = structure(list(
        c("-1", "0"), c("A", "C", NA)), names = c("", ""))), 
    LR44_SNP1 = structure(c(1L, 41L, 765L, 673L, 11L, 2L, 5L, 
    509L, 19L, 286L, 4L, 0L, 0L, 1L, 7L, 33L, 0L, 0L), dim = c(6L, 
    3L), dimnames = structure(list(c("-3", "-2", "-1", "0", "1", 
    "2"), c("C", "T", NA)), names = c("", ""))), LR46_SNP1 = structure(c(0L, 
    11L, 1679L, 5L, 74L, 669L, 473L, 3L, 1L, 3L, 21L, 0L), dim = 4:3, dimnames = structure(list(
        c("-2", "-1", "0", "1"), c("G", "T", NA)), names = c("", 
    ""))), LR48_SNP1 = structure(c(0L, 0L, 1L, 0L, 622L, 26L, 
    1251L, 18L, 47L, 2659L, 998L, 15L, 6L, 23L, 78L, 3L), dim = c(4L, 
    4L), dimnames = structure(list(c("-2", "-1", "0", "1"), c("A", 
    "C", "T", NA)), names = c("", ""))), LR49_SNP1 = structure(c(34L, 
    2370L, 2L, 0L, 1L, 0L, 42L, 2650L, 1L, 0L, 61L, 0L), dim = 3:4, dimnames = structure(list(
        c("-1", "0", "1"), c("A", "C", "G", NA)), names = c("", 
    ""))), LR52_SNP1 = structure(c(7L, 163L, 451L, 392L, 3L, 
    34L, 284L, 58L, 447L, 3L, 0L, 3L, 23L, 163L, 2L), dim = c(5L, 
    3L), dimnames = structure(list(c("-3", "-2", "-1", "0", "1"
    ), c("C", "T", NA)), names = c("", ""))))
