Result <-
list(DEPDC2_SNP1 = structure(c(0L, 0L, 3L, 0L, 0L, 2L, 20L, 2696L, 
511L, 3L, 0L, 1L, 27L, 0L, 0L), dim = c(5L, 3L), dimnames = structure(list(
    c("-2", "-1", "0", "1", "2"), c("C", "T", NA)), names = c("", 
""))), GM01_SNP1 = structure(c(0L, 32L, 1931L, 31L, 2L, 1L, 41L, 
2148L, 9L, 2L, 0L, 0L, 1L, 0L, 0L, 0L, 0L, 60L, 1L, 0L), dim = 5:4, dimnames = structure(list(
    c("-2", "-1", "0", "1", "2"), c("A", "G", "T", NA)), names = c("", 
""))), GM07_SNP1 = structure(c(19L, 970L, 781L, 9L, 39L, 1128L, 
532L, 16L, 3L, 24L, 26L, 1L), dim = 4:3, dimnames = structure(list(
    c("-2", "-1", "0", "1"), c("A", "G", NA)), names = c("", 
""))), GM09_SNP1 = structure(c(27L, 6187L, 6L, 1L, 6L, 0L, 0L, 
1L, 0L, 0L, 42L, 0L), dim = 3:4, dimnames = structure(list(c("-1", 
"0", "1"), c("A", "G", "T", NA)), names = c("", ""))), GM11_SNP1 = structure(c(13L, 
64L, 1L, 0L, 2L, 0L, 1L, 3L, 0L), dim = c(3L, 3L), dimnames = structure(list(
    c("-1", "0", "1"), c("A", "G", NA)), names = c("", ""))), 
    GM14_SNP1 = structure(c(1L, 4L, 260L, 4813L, 123L, 2L, 0L, 
    0L, 0L, 2L, 0L, 0L, 0L, 0L, 1L, 53L, 0L, 0L), dim = c(6L, 
    3L), dimnames = structure(list(c("-3", "-2", "-1", "0", "1", 
    "2"), c("C", "T", NA)), names = c("", ""))), GM17_SNP1 = structure(c(0L, 
    1L, 0L, 240L, 5568L, 17L, 0L, 18L, 0L, 1L, 211L, 0L), dim = 3:4, dimnames = structure(list(
        c("-1", "0", "1"), c("A", "C", "T", NA)), names = c("", 
    ""))), GM22_SNP1 = structure(c(4L, 98L, 5773L, 23L, 1L, 0L, 
    1L, 4L, 0L, 0L, 0L, 0L, 102L, 1L, 0L), dim = c(5L, 3L), dimnames = structure(list(
        c("-2", "-1", "0", "1", "2"), c("A", "G", NA)), names = c("", 
    ""))), GM26_SNP1 = structure(c(0L, 70L, 2635L, 886L, 10L, 
    0L, 0L, 2L, 0L, 0L, 1L, 1L, 30L, 11L, 0L), dim = c(5L, 3L
    ), dimnames = structure(list(c("-2", "-1", "0", "1", "2"), 
        c("A", "G", NA)), names = c("", ""))), GM29_SNP1 = structure(c(1L, 
    255L, 2366L, 6L, 2L, 436L, 3389L, 11L, 0L, 0L, 1L, 0L, 0L, 
    1L, 63L, 0L), dim = c(4L, 4L), dimnames = structure(list(
        c("-2", "-1", "0", "1"), c("A", "G", "T", NA)), names = c("", 
    ""))), IM16_SNP1 = structure(c(0L, 4L, 0L, 46L, 1825L, 28L, 
    0L, 1L, 0L, 1L, 33L, 3L), dim = 3:4, dimnames = structure(list(
        c("-1", "0", "1"), c("A", "G", "T", NA)), names = c("", 
    ""))), IM49_SNP1 = structure(c(0L, 0L, 0L, 2L, 0L, 0L, 0L, 
    0L, 1L, 45L, 0L, 0L, 1L, 8L, 579L, 7991L, 196L, 6L, 0L, 0L, 
    0L, 2L, 0L, 0L, 0L, 0L, 13L, 387L, 13L, 1L), dim = 6:5, dimnames = structure(list(
        c("-3", "-2", "-1", "0", "1", "2"), c("A", "C", "G", 
        "T", NA)), names = c("", ""))), LR10_SNP1 = structure(c(0L, 
    0L, 1L, 0L, 1L, 0L, 3L, 0L, 10L, 1379L, 4386L, 14L, 0L, 5L, 
    57L, 0L), dim = c(4L, 4L), dimnames = structure(list(c("-2", 
    "-1", "0", "1"), c("A", "C", "T", NA)), names = c("", ""))), 
    LR11_SNP1 = structure(c(1L, 40L, 232L, 3L, 0L, 8L, 254L, 
    2L, 0L, 1L, 20L, 0L), dim = 4:3, dimnames = structure(list(
        c("-2", "-1", "0", "1"), c("A", "C", NA)), names = c("", 
    ""))), LR17_SNP1 = structure(c(2L, 109L, 1093L, 9135L, 110L, 
    5L, 0L, 0L, 0L, 1L, 0L, 0L, 0L, 0L, 0L, 3L, 0L, 0L, 0L, 1L, 
    34L, 677L, 6L, 0L), dim = c(6L, 4L), dimnames = structure(list(
        c("-3", "-2", "-1", "0", "1", "2"), c("A", "C", "G", 
        NA)), names = c("", ""))), LR20_SNP1 = structure(c(0L, 
    5L, 2L, 720L, 0L, 6L), dim = 2:3, dimnames = structure(list(
        c("-1", "0"), c("A", "G", NA)), names = c("", ""))), 
    LR24_SNP1 = structure(c(46L, 1749L, 1L, 38L, 1506L, 4L, 0L, 
    28L, 0L), dim = c(3L, 3L), dimnames = structure(list(c("-1", 
    "0", "1"), c("A", "G", NA)), names = c("", ""))), LR36_SNP1 = structure(c(0L, 
    0L, 1L, 20L, 0L, 0L, 0L, 0L, 3L, 0L, 1L, 7L, 111L, 5363L, 
    41L, 0L, 1L, 4L, 438L, 3L), dim = 5:4, dimnames = structure(list(
        c("-3", "-2", "-1", "0", "1"), c("A", "G", "T", NA)), names = c("", 
    ""))), LR40_SNP1 = structure(90L, dim = c(1L, 1L), dimnames = structure(list(
        "0", "C"), names = c("", ""))), LR44_SNP1 = structure(c(0L, 
    0L, 27L, 1L, 0L, 0L, 0L, 0L, 1L, 0L, 0L, 278L, 597L, 1006L, 
    10L, 2L, 8L, 327L, 1861L, 34L, 0L, 0L, 14L, 58L, 2L), dim = c(5L, 
    5L), dimnames = structure(list(c("-3", "-2", "-1", "0", "1"
    ), c("-", "A", "C", "T", NA)), names = c("", ""))), LR46_SNP1 = structure(c(0L, 
    1L, 0L, 0L, 2L, 1061L, 3082L, 13L, 0L, 0L, 3L, 0L, 0L, 1L, 
    22L, 0L), dim = c(4L, 4L), dimnames = structure(list(c("-2", 
    "-1", "0", "1"), c("A", "G", "T", NA)), names = c("", ""))), 
    LR48_SNP1 = structure(c(0L, 2L, 122L, 2196L, 34L, 0L, 1L, 
    26L, 1463L, 1335L, 37L, 0L, 0L, 0L, 15L, 91L, 2L, 1L), dim = c(6L, 
    3L), dimnames = structure(list(c("-5", "-2", "-1", "0", "1", 
    "2"), c("C", "T", NA)), names = c("", ""))), LR49_SNP1 = structure(c(285L, 
    7520L, 1L, 0L, 1L, 0L, 0L, 15L, 0L, 0L, 1L, 0L, 3L, 129L, 
    0L), dim = c(3L, 5L), dimnames = structure(list(c("-1", "0", 
    "1"), c("A", "C", "G", "T", NA)), names = c("", ""))), LR52_SNP1 = structure(c(128L, 
    704L, 673L, 2175L, 16L, 2L, 33L, 2L, 7L, 0L, 0L, 6L, 35L, 
    564L, 8L), dim = c(5L, 3L), dimnames = structure(list(c("-3", 
    "-2", "-1", "0", "1"), c("C", "T", NA)), names = c("", ""
    ))))
