Result <-
list(DEPDC2_SNP1 = structure(c(0L, 1L, 0L, 1L, 9L, 0L, 21L, 5190L, 
25L, 1L, 46L, 0L), dim = 3:4, dimnames = structure(list(c("-1", 
"0", "1"), c("A", "C", "T", NA)), names = c("", ""))), GM01_SNP1 = structure(c(0L, 
30L, 1961L, 11L, 0L, 0L, 1L, 0L, 1L, 103L, 8015L, 28L, 0L, 0L, 
155L, 0L), dim = c(4L, 4L), dimnames = structure(list(c("-2", 
"-1", "0", "1"), c("A", "C", "G", NA)), names = c("", ""))), 
    GM07_SNP1 = structure(c(1L, 134L, 2119L, 62L, 1L, 2L, 203L, 
    3388L, 88L, 3L, 0L, 0L, 3L, 0L, 0L, 0L, 7L, 126L, 2L, 0L), dim = 5:4, dimnames = structure(list(
        c("-2", "-1", "0", "1", "2"), c("A", "G", "T", NA)), names = c("", 
    ""))), GM09_SNP1 = structure(c(49L, 7805L, 13L, 0L, 29L, 
    6233L, 8L, 1L, 0L, 9L, 0L, 0L, 0L, 91L, 0L, 0L), dim = c(4L, 
    4L), dimnames = structure(list(c("-1", "0", "1", "2"), c("A", 
    "G", "T", NA)), names = c("", ""))), GM11_SNP1 = structure(c(0L, 
    0L, 0L, 1L, 0L, 1L, 2L, 43L, 5304L, 1L, 0L, 0L, 0L, 8L, 0L, 
    0L, 0L, 0L, 1L, 0L, 0L, 0L, 0L, 103L, 0L), dim = c(5L, 5L
    ), dimnames = structure(list(c("-3", "-2", "-1", "0", "1"
    ), c("-", "A", "G", "T", NA)), names = c("", ""))), GM14_SNP1 = structure(c(5L, 
    124L, 4465L, 48L, 0L, 0L, 3L, 0L, 0L, 0L, 47L, 1L), dim = 4:3, dimnames = structure(list(
        c("-2", "-1", "0", "1"), c("C", "T", NA)), names = c("", 
    ""))), GM17_SNP1 = structure(c(0L, 0L, 0L, 1L, 0L, 0L, 0L, 
    1L, 24L, 0L, 1L, 1L, 112L, 6710L, 19L, 0L, 0L, 0L, 228L, 
    0L), dim = 5:4, dimnames = structure(list(c("-3", "-2", "-1", 
    "0", "1"), c("A", "C", "T", NA)), names = c("", ""))), GM22_SNP1 = structure(c(1L, 
    116L, 6762L, 26L, 2L, 0L, 0L, 3L, 0L, 0L, 0L, 0L, 111L, 2L, 
    0L), dim = c(5L, 3L), dimnames = structure(list(c("-2", "-1", 
    "0", "1", "2"), c("A", "G", NA)), names = c("", ""))), GM26_SNP1 = structure(c(2L, 
    34L, 3099L, 14L, 0L, 6L, 663L, 3L, 0L, 3L, 39L, 1L), dim = 4:3, dimnames = structure(list(
        c("-2", "-1", "0", "1"), c("A", "G", NA)), names = c("", 
    ""))), GM29_SNP1 = structure(c(2L, 76L, 4658L, 12L, 0L, 0L, 
    3L, 0L, 0L, 0L, 45L, 0L), dim = 4:3, dimnames = structure(list(
        c("-2", "-1", "0", "1"), c("A", "G", NA)), names = c("", 
    ""))), IM16_SNP1 = structure(c(1L, 22L, 3143L, 73L, 1L, 11L, 
    1122L, 15L, 0L, 1L, 37L, 3L), dim = 4:3, dimnames = structure(list(
        c("-2", "-1", "0", "1"), c("A", "G", NA)), names = c("", 
    ""))), IM49_SNP1 = structure(c(0L, 52L, 1381L, 33L, 1L, 1L, 
    82L, 2045L, 51L, 1L, 0L, 3L, 125L, 5L, 0L), dim = c(5L, 3L
    ), dimnames = structure(list(c("-3", "-1", "0", "1", "2"), 
        c("C", "G", NA)), names = c("", ""))), LR10_SNP1 = structure(c(2L, 
    51L, 3294L, 25L, 0L, 16L, 1170L, 5L, 0L, 1L, 66L, 0L), dim = 4:3, dimnames = structure(list(
        c("-2", "-1", "0", "1"), c("C", "T", NA)), names = c("", 
    ""))), LR11_SNP1 = structure(c(3L, 52L, 3337L, 32L, 2L, 2L, 
    73L, 3129L, 42L, 0L, 0L, 0L, 1L, 0L, 0L, 0L, 0L, 1L, 0L, 
    0L, 0L, 6L, 176L, 1L, 0L), dim = c(5L, 5L), dimnames = structure(list(
        c("-2", "-1", "0", "1", "2"), c("A", "C", "G", "T", NA
        )), names = c("", ""))), LR17_SNP1 = structure(c(13L, 
    406L, 9406L, 126L, 1L, 0L, 0L, 3L, 0L, 0L, 0L, 15L, 680L, 
    3L, 0L), dim = c(5L, 3L), dimnames = structure(list(c("-2", 
    "-1", "0", "1", "3"), c("A", "G", NA)), names = c("", ""))), 
    LR20_SNP1 = structure(c(2L, 1128L, 6L, 10L, 3692L, 10L, 0L, 
    57L, 1L), dim = c(3L, 3L), dimnames = structure(list(c("-1", 
    "0", "1"), c("A", "G", NA)), names = c("", ""))), LR24_SNP1 = structure(c(0L, 
    4L, 994L, 1L, 3L, 29L, 5270L, 10L, 0L, 0L, 1L, 0L, 0L, 1L, 
    40L, 2L), dim = c(4L, 4L), dimnames = structure(list(c("-2", 
    "-1", "0", "1"), c("A", "G", "T", NA)), names = c("", ""))), 
    LR36_SNP1 = structure(c(1L, 1L, 6L, 104L, 4482L, 53L, 1L, 
    0L, 0L, 0L, 0L, 2L, 0L, 0L, 0L, 0L, 1L, 2L, 35L, 0L, 0L, 
    0L, 0L, 0L, 0L, 142L, 1L, 0L), dim = c(7L, 4L), dimnames = structure(list(
        c("-4", "-3", "-2", "-1", "0", "1", "2"), c("A", "G", 
        "T", NA)), names = c("", ""))), LR40_SNP1 = structure(c(8L, 
    1022L, 8L, 19L, 2919L, 8L, 0L, 2L, 0L, 0L, 32L, 0L), dim = 3:4, dimnames = structure(list(
        c("-1", "0", "1"), c("A", "C", "T", NA)), names = c("", 
    ""))), LR44_SNP1 = structure(c(0L, 0L, 5L, 0L, 0L, 0L, 7L, 
    154L, 2181L, 30L, 1L, 0L, 9L, 1L, 23L, 16L, 0L, 1L, 1L, 6L, 
    67L, 1L, 0L, 0L), dim = c(6L, 4L), dimnames = structure(list(
        c("-2", "-1", "0", "1", "2", "3"), c("A", "C", "T", NA
        )), names = c("", ""))), LR46_SNP1 = structure(c(0L, 
    3L, 0L, 0L, 1L, 0L, 26L, 3655L, 29L, 6L, 2919L, 10L, 0L, 
    51L, 0L), dim = c(3L, 5L), dimnames = structure(list(c("-1", 
    "0", "1"), c("A", "C", "G", "T", NA)), names = c("", ""))), 
    LR48_SNP1 = structure(c(0L, 0L, 0L, 3L, 0L, 0L, 2L, 2L, 132L, 
    5266L, 79L, 2L, 0L, 0L, 0L, 15L, 0L, 0L, 0L, 0L, 3L, 125L, 
    3L, 0L), dim = c(6L, 4L), dimnames = structure(list(c("-3", 
    "-2", "-1", "0", "1", "2"), c("A", "C", "T", NA)), names = c("", 
    ""))), LR49_SNP1 = structure(c(1L, 7L, 0L, 15L, 5324L, 3L, 
    0L, 37L, 0L), dim = c(3L, 3L), dimnames = structure(list(
        c("-1", "0", "1"), c("A", "G", NA)), names = c("", ""
    ))), LR52_SNP1 = structure(c(0L, 0L, 0L, 1L, 0L, 1L, 24L, 
    458L, 3446L, 25L, 0L, 0L, 1L, 12L, 2L, 0L, 0L, 19L, 900L, 
    5L), dim = 5:4, dimnames = structure(list(c("-4", "-2", "-1", 
    "0", "1"), c("A", "C", "T", NA)), names = c("", ""))))
