Result <-
list(DEPDC2_SNP1 = structure(c(0L, 2L, 0L, 8L, 1230L, 4L, 0L, 
1L, 0L, 31L, 6574L, 31L, 0L, 81L, 0L), dim = c(3L, 5L), dimnames = structure(list(
    c("-1", "0", "1"), c("A", "C", "G", "T", NA)), names = c("", 
""))), GM01_SNP1 = structure(c(1L, 83L, 5771L, 23L, 0L, 110L, 
8310L, 36L, 0L, 0L, 1L, 0L, 0L, 7L, 205L, 1L), dim = c(4L, 4L
), dimnames = structure(list(c("-2", "-1", "0", "1"), c("A", 
"G", "T", NA)), names = c("", ""))), GM07_SNP1 = structure(c(0L, 
0L, 1L, 0L, 0L, 4L, 180L, 3597L, 108L, 3L, 0L, 101L, 2392L, 70L, 
1L, 0L, 0L, 1L, 0L, 0L, 0L, 4L, 107L, 2L, 0L), dim = c(5L, 5L
), dimnames = structure(list(c("-2", "-1", "0", "1", "2"), c("-", 
"A", "G", "T", NA)), names = c("", ""))), GM09_SNP1 = structure(c(44L, 
8270L, 20L, 12L, 4242L, 4L, 0L, 109L, 0L), dim = c(3L, 3L), dimnames = structure(list(
    c("-1", "0", "1"), c("A", "G", NA)), names = c("", ""))), 
    GM11_SNP1 = structure(c(0L, 1L, 12L, 0L, 0L, 0L, 1L, 0L, 
    6L, 75L, 9379L, 48L, 0L, 0L, 1L, 0L, 0L, 3L, 86L, 0L), dim = 4:5, dimnames = structure(list(
        c("-2", "-1", "0", "1"), c("A", "C", "G", "T", NA)), names = c("", 
    ""))), GM14_SNP1 = structure(c(0L, 0L, 0L, 2L, 0L, 0L, 2L, 
    7L, 288L, 8497L, 86L, 1L, 0L, 0L, 0L, 1L, 0L, 0L, 0L, 0L, 
    1L, 10L, 1L, 0L, 0L, 0L, 0L, 110L, 0L, 0L), dim = 6:5, dimnames = structure(list(
        c("-3", "-2", "-1", "0", "1", "2"), c("A", "C", "G", 
        "T", NA)), names = c("", ""))), GM17_SNP1 = structure(c(0L, 
    0L, 1L, 0L, 2L, 99L, 8913L, 28L, 0L, 0L, 18L, 0L, 0L, 2L, 
    355L, 1L), dim = c(4L, 4L), dimnames = structure(list(c("-2", 
    "-1", "0", "1"), c("A", "C", "T", NA)), names = c("", ""))), 
    GM22_SNP1 = structure(c(2L, 79L, 5527L, 24L, 0L, 1L, 37L, 
    3515L, 12L, 1L, 0L, 5L, 159L, 2L, 0L), dim = c(5L, 3L), dimnames = structure(list(
        c("-2", "-1", "0", "1", "2"), c("A", "G", NA)), names = c("", 
    ""))), GM26_SNP1 = structure(c(4L, 53L, 5932L, 20L, 1L, 0L, 
    0L, 1L, 0L, 0L, 0L, 1L, 67L, 0L, 0L), dim = c(5L, 3L), dimnames = structure(list(
        c("-2", "-1", "0", "1", "2"), c("A", "G", NA)), names = c("", 
    ""))), GM29_SNP1 = structure(c(1L, 115L, 7222L, 25L, 0L, 
    0L, 5L, 0L, 0L, 1L, 49L, 0L), dim = 4:3, dimnames = structure(list(
        c("-2", "-1", "0", "1"), c("A", "G", NA)), names = c("", 
    ""))), IM16_SNP1 = structure(c(59L, 4874L, 88L, 23L, 2145L, 
    31L, 0L, 3L, 0L, 1L, 81L, 6L), dim = 3:4, dimnames = structure(list(
        c("-1", "0", "1"), c("A", "G", "T", NA)), names = c("", 
    ""))), IM49_SNP1 = structure(c(5L, 87L, 1912L, 48L, 2L, 2L, 
    66L, 1797L, 44L, 2L, 0L, 2L, 142L, 3L, 0L), dim = c(5L, 3L
    ), dimnames = structure(list(c("-2", "-1", "0", "1", "2"), 
        c("C", "G", NA)), names = c("", ""))), LR10_SNP1 = structure(c(0L, 
    2L, 73L, 3722L, 33L, 0L, 1L, 0L, 56L, 3875L, 17L, 1L, 0L, 
    0L, 0L, 113L, 1L, 0L), dim = c(6L, 3L), dimnames = structure(list(
        c("-3", "-2", "-1", "0", "1", "2"), c("C", "T", NA)), names = c("", 
    ""))), LR11_SNP1 = structure(c(3L, 106L, 5450L, 36L, 2L, 
    4L, 176L, 8458L, 66L, 1L, 0L, 10L, 441L, 3L, 0L), dim = c(5L, 
    3L), dimnames = structure(list(c("-2", "-1", "0", "1", "2"
    ), c("A", "C", NA)), names = c("", ""))), LR17_SNP1 = structure(c(1L, 
    10L, 427L, 10871L, 138L, 3L, 0L, 0L, 0L, 4L, 0L, 0L, 0L, 
    0L, 0L, 1L, 0L, 0L, 0L, 0L, 11L, 802L, 4L, 0L), dim = c(6L, 
    4L), dimnames = structure(list(c("-3", "-2", "-1", "0", "1", 
    "2"), c("A", "G", "T", NA)), names = c("", ""))), LR20_SNP1 = structure(c(0L, 
    0L, 1L, 0L, 0L, 9L, 3437L, 14L, 1L, 8L, 3744L, 10L, 0L, 0L, 
    1L, 0L, 0L, 0L, 46L, 0L), dim = 4:5, dimnames = structure(list(
        c("-2", "-1", "0", "1"), c("-", "A", "G", "T", NA)), names = c("", 
    ""))), LR24_SNP1 = structure(c(41L, 7919L, 22L, 0L, 1L, 0L, 
    0L, 7L, 0L, 0L, 47L, 1L), dim = 3:4, dimnames = structure(list(
        c("-1", "0", "1"), c("A", "C", "G", NA)), names = c("", 
    ""))), LR36_SNP1 = structure(c(0L, 0L, 1L, 0L, 0L, 11L, 121L, 
    5696L, 59L, 3L, 0L, 0L, 1L, 0L, 0L, 4L, 47L, 1725L, 8L, 0L, 
    1L, 1L, 306L, 0L, 0L), dim = c(5L, 5L), dimnames = structure(list(
        c("-2", "-1", "0", "1", "3"), c("-", "A", "G", "T", NA
        )), names = c("", ""))), LR40_SNP1 = structure(c(1L, 
    1L, 70L, 7877L, 34L, 0L, 0L, 1L, 64L, 1L), dim = c(5L, 2L
    ), dimnames = structure(list(c("-3", "-2", "-1", "0", "1"
    ), c("C", NA)), names = c("", ""))), LR44_SNP1 = structure(c(0L, 
    0L, 11L, 2L, 0L, 0L, 3L, 0L, 10L, 304L, 2719L, 63L, 1L, 0L, 
    45L, 0L), dim = c(4L, 4L), dimnames = structure(list(c("-2", 
    "-1", "0", "1"), c("C", "G", "T", NA)), names = c("", ""))), 
    LR46_SNP1 = structure(c(0L, 1L, 0L, 0L, 1L, 0L, 20L, 4661L, 
    18L, 8L, 2104L, 4L, 0L, 49L, 0L), dim = c(3L, 5L), dimnames = structure(list(
        c("-1", "0", "1"), c("-", "C", "G", "T", NA)), names = c("", 
    ""))), LR48_SNP1 = structure(c(0L, 0L, 1L, 0L, 0L, 0L, 1L, 
    14L, 229L, 8023L, 142L, 1L, 0L, 0L, 0L, 2L, 0L, 0L, 0L, 0L, 
    2L, 203L, 4L, 0L), dim = c(6L, 4L), dimnames = structure(list(
        c("-3", "-2", "-1", "0", "1", "3"), c("A", "C", "T", 
        NA)), names = c("", ""))), LR49_SNP1 = structure(c(0L, 
    0L, 10L, 0L, 1L, 12L, 6659L, 1L, 0L, 0L, 1L, 0L, 0L, 0L, 
    53L, 0L), dim = c(4L, 4L), dimnames = structure(list(c("-2", 
    "-1", "0", "1"), c("A", "G", "T", NA)), names = c("", ""))), 
    LR52_SNP1 = structure(c(0L, 5L, 25L, 256L, 1955L, 9L, 0L, 
    1L, 3L, 25L, 245L, 2373L, 21L, 3L, 0L, 0L, 1L, 11L, 686L, 
    6L, 0L), dim = c(7L, 3L), dimnames = structure(list(c("-4", 
    "-3", "-2", "-1", "0", "1", "2"), c("C", "T", NA)), names = c("", 
    ""))))
