Result <-
list(DEPDC2_SNP1 = structure(c(0L, 4L, 0L, 41L, 5168L, 21L, 0L, 
53L, 0L), dim = c(3L, 3L), dimnames = structure(list(c("-1", 
"0", "1"), c("C", "T", NA)), names = c("", ""))), GM01_SNP1 = structure(c(3L, 
68L, 6237L, 24L, 1L, 0L, 0L, 1L, 0L, 0L, 1L, 66L, 5117L, 26L, 
0L, 0L, 4L, 129L, 0L, 0L), dim = 5:4, dimnames = structure(list(
    c("-2", "-1", "0", "1", "2"), c("A", "C", "G", NA)), names = c("", 
""))), GM07_SNP1 = structure(c(0L, 0L, 2L, 0L, 0L, 6L, 262L, 
5507L, 145L, 2L, 0L, 34L, 7L, 0L, 0L, 1L, 2L, 79L, 1L, 0L), dim = 5:4, dimnames = structure(list(
    c("-2", "-1", "0", "1", "2"), c("-", "A", "G", NA)), names = c("", 
""))), GM09_SNP1 = structure(c(48L, 6701L, 7L, 16L, 2899L, 3L, 
0L, 63L, 1L), dim = c(3L, 3L), dimnames = structure(list(c("-1", 
"0", "1"), c("A", "G", NA)), names = c("", ""))), GM11_SNP1 = structure(c(5L, 
2263L, 5L, 41L, 3935L, 27L, 0L, 1L, 0L, 0L, 47L, 0L), dim = 3:4, dimnames = structure(list(
    c("-1", "0", "1"), c("A", "G", "T", NA)), names = c("", ""
))), GM14_SNP1 = structure(c(9L, 301L, 9573L, 98L, 1L, 0L, 0L, 
4L, 0L, 0L, 0L, 0L, 122L, 0L, 0L), dim = c(5L, 3L), dimnames = structure(list(
    c("-2", "-1", "0", "1", "2"), c("C", "T", NA)), names = c("", 
""))), GM17_SNP1 = structure(c(0L, 0L, 0L, 3L, 0L, 0L, 1L, 3L, 
98L, 7184L, 55L, 1L, 0L, 0L, 0L, 17L, 0L, 0L, 0L, 0L, 4L, 252L, 
2L, 0L), dim = c(6L, 4L), dimnames = structure(list(c("-3", "-2", 
"-1", "0", "1", "2"), c("A", "C", "T", NA)), names = c("", ""
))), GM22_SNP1 = structure(c(1L, 64L, 4748L, 21L, 4L, 66L, 4419L, 
24L, 0L, 5L, 186L, 3L), dim = 4:3, dimnames = structure(list(
    c("-2", "-1", "0", "1"), c("A", "G", NA)), names = c("", 
""))), GM26_SNP1 = structure(c(3L, 41L, 5633L, 15L, 0L, 0L, 8L, 
0L, 0L, 0L, 2L, 0L, 0L, 1L, 60L, 2L), dim = c(4L, 4L), dimnames = structure(list(
    c("-2", "-1", "0", "1"), c("A", "G", "T", NA)), names = c("", 
""))), GM29_SNP1 = structure(c(3L, 137L, 6946L, 42L, 0L, 2L, 
24L, 0L, 0L, 0L, 1L, 0L, 1L, 3L, 71L, 0L), dim = c(4L, 4L), dimnames = structure(list(
    c("-2", "-1", "0", "1"), c("A", "G", "T", NA)), names = c("", 
""))), IM16_SNP1 = structure(c(20L, 3266L, 39L, 0L, 13L, 2721L, 
52L, 2L, 0L, 1L, 0L, 0L, 2L, 91L, 2L, 0L), dim = c(4L, 4L), dimnames = structure(list(
    c("-1", "0", "1", "2"), c("A", "G", "T", NA)), names = c("", 
""))), IM49_SNP1 = structure(c(0L, 0L, 2L, 0L, 0L, 0L, 0L, 10L, 
0L, 0L, 2L, 116L, 3619L, 84L, 2L, 0L, 1L, 186L, 5L, 0L), dim = 5:4, dimnames = structure(list(
    c("-2", "-1", "0", "1", "2"), c("A", "C", "G", NA)), names = c("", 
""))), LR10_SNP1 = structure(c(0L, 0L, 1L, 0L, 1L, 87L, 2436L, 
29L, 0L, 0L, 1L, 0L, 2L, 90L, 4683L, 22L, 0L, 2L, 107L, 2L), dim = 4:5, dimnames = structure(list(
    c("-2", "-1", "0", "1"), c("A", "C", "G", "T", NA)), names = c("", 
""))), LR11_SNP1 = structure(c(0L, 0L, 1L, 0L, 0L, 6L, 288L, 
11428L, 90L, 1L, 0L, 2L, 8L, 0L, 0L, 0L, 0L, 3L, 0L, 0L, 0L, 
3L, 150L, 0L, 0L), dim = c(5L, 5L), dimnames = structure(list(
    c("-2", "-1", "0", "1", "2"), c("-", "A", "C", "G", NA)), names = c("", 
""))), LR17_SNP1 = structure(c(7L, 14L, 530L, 13509L, 180L, 2L, 
0L, 0L, 1L, 6L, 0L, 0L, 2L, 0L, 18L, 992L, 7L, 0L), dim = c(6L, 
3L), dimnames = structure(list(c("-3", "-2", "-1", "0", "1", 
"2"), c("A", "G", NA)), names = c("", ""))), LR20_SNP1 = structure(c(0L, 
1L, 0L, 7L, 2386L, 1L, 9L, 3939L, 15L, 0L, 1L, 0L, 0L, 55L, 0L
), dim = c(3L, 5L), dimnames = structure(list(c("-1", "0", "1"
), c("-", "A", "G", "T", NA)), names = c("", ""))), LR24_SNP1 = structure(c(2L, 
30L, 6488L, 18L, 0L, 0L, 1L, 0L, 0L, 2L, 9L, 0L, 0L, 0L, 47L, 
0L), dim = c(4L, 4L), dimnames = structure(list(c("-2", "-1", 
"0", "1"), c("A", "C", "G", NA)), names = c("", ""))), LR36_SNP1 = structure(c(0L, 
0L, 0L, 21L, 0L, 0L, 0L, 0L, 1L, 0L, 0L, 0L, 0L, 4L, 0L, 2L, 
8L, 142L, 6179L, 57L, 0L, 0L, 10L, 549L, 3L), dim = c(5L, 5L), dimnames = structure(list(
    c("-3", "-2", "-1", "0", "1"), c("A", "C", "G", "T", NA)), names = c("", 
""))), LR40_SNP1 = structure(c(0L, 0L, 2L, 0L, 0L, 49L, 4839L, 
11L, 1L, 0L, 40L, 0L), dim = 4:3, dimnames = structure(list(c("-2", 
"-1", "0", "1"), c("A", "C", NA)), names = c("", ""))), LR44_SNP1 = structure(c(0L, 
2L, 20L, 0L, 0L, 0L, 0L, 3L, 0L, 0L, 8L, 344L, 3877L, 67L, 2L, 
0L, 5L, 60L, 5L, 0L), dim = 5:4, dimnames = structure(list(c("-2", 
"-1", "0", "1", "2"), c("C", "G", "T", NA)), names = c("", ""
))), LR46_SNP1 = structure(c(47L, 5704L, 13L, 3L, 58L, 0L, 0L, 
48L, 0L), dim = c(3L, 3L), dimnames = structure(list(c("-1", 
"0", "1"), c("G", "T", NA)), names = c("", ""))), LR48_SNP1 = structure(c(0L, 
0L, 1L, 0L, 3L, 131L, 3778L, 66L, 2L, 84L, 3234L, 38L, 0L, 3L, 
188L, 0L), dim = c(4L, 4L), dimnames = structure(list(c("-2", 
"-1", "0", "1"), c("A", "C", "T", NA)), names = c("", ""))), 
    LR49_SNP1 = structure(c(0L, 5L, 3632L, 1L, 1L, 10L, 2904L, 
    2L, 0L, 0L, 96L, 0L), dim = 4:3, dimnames = structure(list(
        c("-2", "-1", "0", "1"), c("A", "G", NA)), names = c("", 
    ""))), LR52_SNP1 = structure(c(0L, 0L, 0L, 3L, 0L, 0L, 2L, 
    17L, 20L, 0L, 2L, 32L, 643L, 6026L, 63L, 0L, 0L, 13L, 413L, 
    6L), dim = 5:4, dimnames = structure(list(c("-3", "-2", "-1", 
    "0", "1"), c("A", "C", "T", NA)), names = c("", ""))))
