Result <-
list(DEPDC2_SNP1 = structure(c(0L, 0L, 1L, 0L, 1L, 51L, 8012L, 
34L, 0L, 0L, 84L, 1L), dim = 4:3, dimnames = structure(list(c("-2", 
"-1", "0", "1"), c("C", "T", NA)), names = c("", ""))), GM01_SNP1 = structure(c(0L, 
2L, 0L, 0L, 177L, 15698L, 52L, 2L, 0L, 10L, 0L, 0L, 0L, 1L, 0L, 
0L, 4L, 173L, 0L, 0L), dim = 4:5, dimnames = structure(list(c("-1", 
"0", "1", "2"), c("-", "A", "G", "T", NA)), names = c("", ""))), 
    GM07_SNP1 = structure(c(0L, 0L, 1L, 0L, 0L, 0L, 0L, 5L, 0L, 
    0L, 6L, 371L, 7214L, 194L, 2L, 0L, 0L, 0L, 0L, 0L, 0L, 8L, 
    172L, 7L, 0L), dim = c(5L, 5L), dimnames = structure(list(
        c("-2", "-1", "0", "1", "2"), c("-", "A", "G", "T", NA
        )), names = c("", ""))), GM09_SNP1 = structure(c(1L, 
    43L, 7949L, 13L, 0L, 51L, 7079L, 11L, 0L, 0L, 87L, 1L), dim = 4:3, dimnames = structure(list(
        c("-2", "-1", "0", "1"), c("A", "G", NA)), names = c("", 
    ""))), GM11_SNP1 = structure(c(36L, 7876L, 22L, 0L, 5L, 0L, 
    2L, 67L, 1L), dim = c(3L, 3L), dimnames = structure(list(
        c("-1", "0", "1"), c("A", "G", NA)), names = c("", ""
    ))), GM14_SNP1 = structure(c(0L, 0L, 1L, 0L, 0L, 11L, 355L, 
    10237L, 104L, 4L, 0L, 0L, 8L, 0L, 0L, 0L, 2L, 129L, 0L, 0L
    ), dim = 5:4, dimnames = structure(list(c("-2", "-1", "0", 
    "1", "2"), c("A", "C", "T", NA)), names = c("", ""))), GM17_SNP1 = structure(c(0L, 
    0L, 2L, 0L, 0L, 0L, 10L, 0L, 0L, 0L, 1L, 0L, 3L, 164L, 12637L, 
    40L, 0L, 3L, 417L, 0L), dim = 4:5, dimnames = structure(list(
        c("-2", "-1", "0", "1"), c("A", "C", "G", "T", NA)), names = c("", 
    ""))), GM22_SNP1 = structure(c(4L, 109L, 6328L, 36L, 1L, 
    1L, 70L, 5576L, 26L, 0L, 0L, 0L, 2L, 0L, 0L, 0L, 9L, 266L, 
    1L, 0L), dim = 5:4, dimnames = structure(list(c("-2", "-1", 
    "0", "1", "2"), c("A", "G", "T", NA)), names = c("", ""))), 
    GM26_SNP1 = structure(c(2L, 20L, 4305L, 12L, 0L, 0L, 47L, 
    4041L, 15L, 1L, 0L, 0L, 1L, 0L, 0L, 0L, 5L, 130L, 5L, 0L), dim = 5:4, dimnames = structure(list(
        c("-2", "-1", "0", "1", "2"), c("A", "G", "T", NA)), names = c("", 
    ""))), GM29_SNP1 = structure(c(0L, 2L, 93L, 5649L, 26L, 1L, 
    1L, 0L, 68L, 5592L, 24L, 0L, 0L, 0L, 3L, 110L, 1L, 0L), dim = c(6L, 
    3L), dimnames = structure(list(c("-3", "-2", "-1", "0", "1", 
    "2"), c("A", "G", NA)), names = c("", ""))), IM16_SNP1 = structure(c(1L, 
    43L, 4705L, 82L, 0L, 0L, 0L, 1L, 0L, 0L, 0L, 38L, 4978L, 
    73L, 1L, 0L, 0L, 1L, 0L, 0L, 0L, 0L, 140L, 5L, 0L), dim = c(5L, 
    5L), dimnames = structure(list(c("-2", "-1", "0", "1", "2"
    ), c("A", "C", "G", "T", NA)), names = c("", ""))), IM49_SNP1 = structure(c(0L, 
    0L, 1L, 0L, 0L, 0L, 155L, 3625L, 76L, 2L, 1L, 115L, 2873L, 
    81L, 1L, 0L, 0L, 1L, 0L, 0L, 0L, 9L, 233L, 8L, 1L), dim = c(5L, 
    5L), dimnames = structure(list(c("-2", "-1", "0", "1", "2"
    ), c("A", "C", "G", "T", NA)), names = c("", ""))), LR10_SNP1 = structure(c(0L, 
    0L, 1L, 0L, 0L, 0L, 2L, 0L, 4L, 212L, 9706L, 69L, 0L, 0L, 
    14L, 0L, 0L, 1L, 186L, 1L), dim = 4:5, dimnames = structure(list(
        c("-2", "-1", "0", "1"), c("-", "A", "C", "T", NA)), names = c("", 
    ""))), LR11_SNP1 = structure(c(0L, 0L, 3L, 0L, 0L, 9L, 299L, 
    11598L, 86L, 2L, 0L, 0L, 1L, 0L, 0L, 0L, 19L, 535L, 7L, 0L
    ), dim = 5:4, dimnames = structure(list(c("-2", "-1", "0", 
    "1", "2"), c("A", "C", "G", NA)), names = c("", ""))), LR17_SNP1 = structure(c(2L, 
    23L, 695L, 16651L, 229L, 2L, 0L, 0L, 0L, 1L, 0L, 0L, 0L, 
    0L, 0L, 3L, 0L, 0L, 0L, 0L, 26L, 1360L, 6L, 0L), dim = c(6L, 
    4L), dimnames = structure(list(c("-3", "-2", "-1", "0", "1", 
    "2"), c("A", "C", "G", NA)), names = c("", ""))), LR20_SNP1 = structure(c(0L, 
    2L, 4L, 4323L, 8L, 6L, 0L, 12L, 4175L, 4L, 0L, 0L, 0L, 2L, 
    0L, 0L, 0L, 1L, 60L, 1L), dim = 5:4, dimnames = structure(list(
        c("-8", "-2", "-1", "0", "1"), c("A", "G", "T", NA)), names = c("", 
    ""))), LR24_SNP1 = structure(c(0L, 1L, 23L, 0L, 2L, 33L, 
    8840L, 18L, 0L, 0L, 1L, 0L, 0L, 0L, 56L, 0L), dim = c(4L, 
    4L), dimnames = structure(list(c("-2", "-1", "0", "1"), c("A", 
    "G", "T", NA)), names = c("", ""))), LR36_SNP1 = structure(c(0L, 
    0L, 0L, 0L, 1L, 0L, 0L, 0L, 0L, 6L, 102L, 4934L, 48L, 0L, 
    0L, 0L, 0L, 0L, 1L, 0L, 0L, 0L, 0L, 0L, 0L, 4L, 0L, 0L, 1L, 
    1L, 5L, 101L, 4831L, 37L, 1L, 0L, 0L, 0L, 9L, 586L, 4L, 0L
    ), dim = 7:6, dimnames = structure(list(c("-4", "-3", "-2", 
    "-1", "0", "1", "2"), c("-", "A", "C", "G", "T", NA)), names = c("", 
    ""))), LR40_SNP1 = structure(c(0L, 0L, 3L, 0L, 1L, 66L, 7083L, 
    19L, 0L, 0L, 1L, 0L, 0L, 1L, 47L, 0L), dim = c(4L, 4L), dimnames = structure(list(
        c("-3", "-1", "0", "1"), c("A", "C", "T", NA)), names = c("", 
    ""))), LR44_SNP1 = structure(c(0L, 0L, 1L, 0L, 0L, 7L, 177L, 
    2415L, 38L, 1L, 0L, 4L, 35L, 0L, 0L, 1L, 4L, 75L, 3L, 0L), dim = 5:4, dimnames = structure(list(
        c("-2", "-1", "0", "1", "2"), c("A", "C", "T", NA)), names = c("", 
    ""))), LR46_SNP1 = structure(c(0L, 5L, 0L, 42L, 8497L, 27L, 
    0L, 4L, 0L, 0L, 68L, 0L), dim = 3:4, dimnames = structure(list(
        c("-1", "0", "1"), c("A", "G", "T", NA)), names = c("", 
    ""))), LR48_SNP1 = structure(c(0L, 0L, 5L, 0L, 0L, 10L, 355L, 
    10529L, 172L, 3L, 0L, 0L, 1L, 0L, 0L, 0L, 1L, 5L, 0L, 0L, 
    0L, 2L, 260L, 1L, 0L), dim = c(5L, 5L), dimnames = structure(list(
        c("-2", "-1", "0", "1", "2"), c("A", "C", "G", "T", NA
        )), names = c("", ""))), LR49_SNP1 = structure(c(1L, 
    29L, 0L, 17L, 10341L, 6L, 0L, 2L, 0L, 0L, 51L, 0L), dim = 3:4, dimnames = structure(list(
        c("-1", "0", "1"), c("A", "G", "T", NA)), names = c("", 
    ""))), LR52_SNP1 = structure(c(1L, 7L, 171L, 1819L, 5206L, 
    43L, 0L, 0L, 0L, 2L, 17L, 0L, 0L, 0L, 6L, 77L, 1484L, 17L
    ), dim = c(6L, 3L), dimnames = structure(list(c("-4", "-3", 
    "-2", "-1", "0", "1"), c("C", "T", NA)), names = c("", ""
    ))))
