Result <-
list(DEPDC2_SNP1 = structure(c(0L, 2L, 0L, 56L, 3553L, 12L, 0L, 
22L, 0L), dim = c(3L, 3L), dimnames = structure(list(c("-1", 
"0", "1"), c("C", "T", NA)), names = c("", ""))), GM01_SNP1 = structure(c(0L, 
46L, 3965L, 16L, 0L, 3L, 52L, 3725L, 31L, 2L, 0L, 1L, 104L, 2L, 
0L), dim = c(5L, 3L), dimnames = structure(list(c("-2", "-1", 
"0", "1", "2"), c("A", "G", NA)), names = c("", ""))), GM07_SNP1 = structure(c(1L, 
132L, 2327L, 66L, 3L, 3L, 94L, 2383L, 58L, 4L, 0L, 3L, 94L, 2L, 
0L), dim = c(5L, 3L), dimnames = structure(list(c("-2", "-1", 
"0", "1", "2"), c("A", "G", NA)), names = c("", ""))), GM09_SNP1 = structure(c(19L, 
3087L, 10L, 27L, 4259L, 10L, 2L, 48L, 0L), dim = c(3L, 3L), dimnames = structure(list(
    c("-1", "0", "1"), c("A", "G", NA)), names = c("", ""))), 
    GM11_SNP1 = structure(c(3L, 10L, 2398L, 7L, 0L, 0L, 1L, 0L, 
    0L, 0L, 14L, 0L), dim = 4:3, dimnames = structure(list(c("-2", 
    "-1", "0", "1"), c("A", "G", NA)), names = c("", ""))), GM14_SNP1 = structure(c(0L, 
    0L, 1L, 0L, 0L, 7L, 127L, 4111L, 31L, 1L, 2L, 47L, 2619L, 
    17L, 0L, 0L, 1L, 93L, 1L, 0L), dim = 5:4, dimnames = structure(list(
        c("-2", "-1", "0", "1", "2"), c("-", "C", "T", NA)), names = c("", 
    ""))), GM17_SNP1 = structure(c(0L, 62L, 4646L, 13L, 1L, 72L, 
    5710L, 10L, 0L, 0L, 349L, 0L), dim = 4:3, dimnames = structure(list(
        c("-2", "-1", "0", "1"), c("C", "T", NA)), names = c("", 
    ""))), GM22_SNP1 = structure(c(1L, 2L, 74L, 5773L, 28L, 0L, 
    0L, 7L, 292L, 0L, 0L, 0L, 1L, 111L, 1L), dim = c(5L, 3L), dimnames = structure(list(
        c("-3", "-2", "-1", "0", "1"), c("A", "G", NA)), names = c("", 
    ""))), GM26_SNP1 = structure(c(1L, 13L, 1862L, 6L, 0L, 0L, 
    0L, 0L, 0L, 0L, 18L, 0L), dim = 4:3, dimnames = structure(list(
        c("-2", "-1", "0", "1"), c("A", "G", NA)), names = c("", 
    ""))), GM29_SNP1 = structure(c(4L, 107L, 7258L, 20L, 0L, 
    0L, 3L, 0L, 0L, 2L, 77L, 1L), dim = 4:3, dimnames = structure(list(
        c("-2", "-1", "0", "1"), c("A", "G", NA)), names = c("", 
    ""))), IM16_SNP1 = structure(c(18L, 1525L, 51L, 1L, 0L, 24L, 
    1827L, 43L, 3L, 0L, 0L, 45L, 1L, 0L, 1L), dim = c(5L, 3L), dimnames = structure(list(
        c("-1", "0", "1", "2", "3"), c("A", "G", NA)), names = c("", 
    ""))), IM49_SNP1 = structure(c(0L, 0L, 0L, 1L, 0L, 0L, 0L, 
    6L, 281L, 8727L, 226L, 7L, 1L, 7L, 318L, 6906L, 185L, 5L, 
    0L, 0L, 4L, 522L, 8L, 1L), dim = c(6L, 4L), dimnames = structure(list(
        c("-3", "-2", "-1", "0", "1", "2"), c("A", "C", "G", 
        NA)), names = c("", ""))), LR10_SNP1 = structure(c(0L, 
    7L, 0L, 51L, 3931L, 15L, 1L, 53L, 1L), dim = c(3L, 3L), dimnames = structure(list(
        c("-1", "0", "1"), c("C", "T", NA)), names = c("", ""
    ))), LR11_SNP1 = structure(c(2L, 51L, 2566L, 17L, 0L, 5L, 
    123L, 2222L, 11L, 1L, 1L, 3L, 127L, 2L, 0L), dim = c(5L, 
    3L), dimnames = structure(list(c("-2", "-1", "0", "1", "2"
    ), c("A", "C", NA)), names = c("", ""))), LR17_SNP1 = structure(c(2L, 
    1L, 13L, 466L, 11781L, 156L, 1L, 0L, 0L, 0L, 0L, 5L, 0L, 
    0L, 0L, 0L, 2L, 17L, 822L, 3L, 0L), dim = c(7L, 3L), dimnames = structure(list(
        c("-4", "-3", "-2", "-1", "0", "1", "2"), c("A", "G", 
        NA)), names = c("", ""))), LR20_SNP1 = structure(c(1L, 
    56L, 0L, 11L, 4539L, 7L, 1L, 58L, 0L), dim = c(3L, 3L), dimnames = structure(list(
        c("-1", "0", "1"), c("A", "G", NA)), names = c("", ""
    ))), LR24_SNP1 = structure(c(1L, 10L, 2981L, 12L, 0L, 11L, 
    3030L, 10L, 0L, 0L, 1L, 0L, 0L, 0L, 48L, 0L), dim = c(4L, 
    4L), dimnames = structure(list(c("-2", "-1", "0", "1"), c("A", 
    "G", "T", NA)), names = c("", ""))), LR36_SNP1 = structure(c(0L, 
    1L, 5L, 93L, 4549L, 92L, 1L, 0L, 0L, 0L, 0L, 3L, 0L, 0L, 
    1L, 1L, 3L, 109L, 3798L, 32L, 0L, 0L, 0L, 0L, 9L, 451L, 3L, 
    0L), dim = c(7L, 4L), dimnames = structure(list(c("-4", "-3", 
    "-2", "-1", "0", "1", "2"), c("A", "G", "T", NA)), names = c("", 
    ""))), LR40_SNP1 = structure(c(2L, 142L, 1L, 85L, 3436L, 
    12L, 0L, 25L, 0L), dim = c(3L, 3L), dimnames = structure(list(
        c("-1", "0", "1"), c("A", "C", NA)), names = c("", ""
    ))), LR44_SNP1 = structure(c(0L, 0L, 0L, 1L, 0L, 0L, 1L, 
    4L, 103L, 841L, 17L, 0L, 0L, 1L, 86L, 954L, 20L, 1L, 0L, 
    1L, 5L, 59L, 1L, 0L), dim = c(6L, 4L), dimnames = structure(list(
        c("-3", "-2", "-1", "0", "1", "2"), c("A", "C", "T", 
        NA)), names = c("", ""))), LR46_SNP1 = structure(c(6L, 
    1042L, 2L, 10L, 1212L, 0L, 1L, 29L, 0L), dim = c(3L, 3L), dimnames = structure(list(
        c("-1", "0", "1"), c("G", "T", NA)), names = c("", ""
    ))), LR48_SNP1 = structure(c(5L, 125L, 4811L, 75L, 1L, 0L, 
    0L, 3L, 0L, 0L, 0L, 1L, 100L, 1L, 0L), dim = c(5L, 3L), dimnames = structure(list(
        c("-2", "-1", "0", "1", "2"), c("C", "T", NA)), names = c("", 
    ""))), LR49_SNP1 = structure(c(1L, 3L, 2438L, 1L, 0L, 0L, 
    55L, 0L, 0L, 11L, 2376L, 1L, 0L, 0L, 1L, 0L, 0L, 1L, 77L, 
    0L), dim = 4:5, dimnames = structure(list(c("-2", "-1", "0", 
    "1"), c("A", "C", "G", "T", NA)), names = c("", ""))), LR52_SNP1 = structure(c(0L, 
    8L, 102L, 887L, 6L, 1L, 61L, 109L, 1125L, 13L, 0L, 0L, 5L, 
    264L, 3L), dim = c(5L, 3L), dimnames = structure(list(c("-3", 
    "-2", "-1", "0", "1"), c("C", "T", NA)), names = c("", ""
    ))))
