Result <-
list(DEPDC2_SNP1 = structure(c(0L, 0L, 5L, 0L, 1L, 42L, 5687L, 
20L, 0L, 0L, 1L, 0L, 0L, 26L, 6037L, 29L, 0L, 1L, 161L, 0L), dim = 4:5, dimnames = structure(list(
    c("-2", "-1", "0", "1"), c("A", "C", "G", "T", NA)), names = c("", 
""))), GM01_SNP1 = structure(c(0L, 0L, 3L, 0L, 2L, 249L, 16725L, 
101L, 0L, 0L, 26L, 0L, 0L, 0L, 1L, 0L, 0L, 3L, 175L, 2L), dim = 4:5, dimnames = structure(list(
    c("-2", "-1", "0", "1"), c("-", "A", "G", "T", NA)), names = c("", 
""))), GM07_SNP1 = structure(c(0L, 1L, 4L, 0L, 0L, 17L, 577L, 
11097L, 416L, 11L, 0L, 0L, 1L, 0L, 0L, 0L, 13L, 268L, 19L, 0L
), dim = 5:4, dimnames = structure(list(c("-2", "-1", "0", "1", 
"2"), c("A", "G", "T", NA)), names = c("", ""))), GM09_SNP1 = structure(c(0L, 
9L, 0L, 74L, 14237L, 21L, 1L, 113L, 0L), dim = c(3L, 3L), dimnames = structure(list(
    c("-1", "0", "1"), c("A", "G", NA)), names = c("", ""))), 
    GM11_SNP1 = structure(c(0L, 0L, 1L, 0L, 1L, 41L, 9653L, 61L, 
    0L, 0L, 3L, 0L, 0L, 0L, 2L, 0L, 0L, 1L, 90L, 0L), dim = 4:5, dimnames = structure(list(
        c("-2", "-1", "0", "1"), c("-", "A", "G", "T", NA)), names = c("", 
    ""))), GM14_SNP1 = structure(c(3L, 8L, 281L, 9978L, 105L, 
    2L, 0L, 0L, 0L, 6L, 0L, 0L, 0L, 0L, 1L, 134L, 2L, 0L), dim = c(6L, 
    3L), dimnames = structure(list(c("-3", "-2", "-1", "0", "1", 
    "2"), c("C", "T", NA)), names = c("", ""))), GM17_SNP1 = structure(c(0L, 
    0L, 0L, 2L, 0L, 0L, 0L, 0L, 6L, 0L, 1L, 1L, 152L, 12008L, 
    34L, 0L, 0L, 1L, 422L, 3L), dim = 5:4, dimnames = structure(list(
        c("-3", "-2", "-1", "0", "1"), c("A", "C", "T", NA)), names = c("", 
    ""))), GM22_SNP1 = structure(c(2L, 228L, 13234L, 76L, 2L, 
    0L, 0L, 28L, 0L, 0L, 0L, 0L, 2L, 0L, 0L, 0L, 3L, 224L, 3L, 
    0L), dim = 5:4, dimnames = structure(list(c("-2", "-1", "0", 
    "1", "2"), c("A", "G", "T", NA)), names = c("", ""))), GM26_SNP1 = structure(c(2L, 
    42L, 4748L, 24L, 1L, 38L, 6095L, 22L, 0L, 0L, 1L, 0L, 0L, 
    2L, 170L, 1L), dim = c(4L, 4L), dimnames = structure(list(
        c("-2", "-1", "0", "1"), c("A", "G", "T", NA)), names = c("", 
    ""))), GM29_SNP1 = structure(c(4L, 181L, 11405L, 38L, 0L, 
    0L, 36L, 0L, 0L, 3L, 130L, 0L), dim = 4:3, dimnames = structure(list(
        c("-2", "-1", "0", "1"), c("A", "G", NA)), names = c("", 
    ""))), IM16_SNP1 = structure(c(0L, 0L, 5L, 0L, 0L, 1L, 90L, 
    9479L, 156L, 1L, 0L, 0L, 1L, 0L, 0L, 0L, 1L, 145L, 11L, 0L
    ), dim = 5:4, dimnames = structure(list(c("-2", "-1", "0", 
    "1", "2"), c("A", "G", "T", NA)), names = c("", ""))), IM49_SNP1 = structure(c(4L, 
    100L, 2995L, 86L, 1L, 0L, 90L, 2033L, 53L, 3L, 0L, 4L, 148L, 
    4L, 0L), dim = c(5L, 3L), dimnames = structure(list(c("-2", 
    "-1", "0", "1", "2"), c("C", "G", NA)), names = c("", ""))), 
    LR10_SNP1 = structure(c(0L, 0L, 1L, 0L, 0L, 1L, 31L, 0L, 
    2L, 211L, 13910L, 58L, 0L, 2L, 229L, 4L), dim = c(4L, 4L), dimnames = structure(list(
        c("-2", "-1", "0", "1"), c("A", "C", "T", NA)), names = c("", 
    ""))), LR11_SNP1 = structure(c(0L, 0L, 2L, 0L, 0L, 3L, 189L, 
    6169L, 44L, 1L, 2L, 140L, 5357L, 50L, 1L, 0L, 0L, 1L, 0L, 
    0L, 0L, 8L, 307L, 6L, 0L), dim = c(5L, 5L), dimnames = structure(list(
        c("-2", "-1", "0", "1", "2"), c("-", "A", "C", "T", NA
        )), names = c("", ""))), LR17_SNP1 = structure(c(10L, 
    497L, 11732L, 160L, 3L, 0L, 0L, 1L, 0L, 0L, 0L, 22L, 815L, 
    4L, 0L), dim = c(5L, 3L), dimnames = structure(list(c("-2", 
    "-1", "0", "1", "2"), c("A", "G", NA)), names = c("", ""))), 
    LR20_SNP1 = structure(c(5L, 3591L, 12L, 4L, 3196L, 6L, 0L, 
    3L, 0L, 0L, 42L, 0L), dim = 3:4, dimnames = structure(list(
        c("-1", "0", "1"), c("A", "G", "T", NA)), names = c("", 
    ""))), LR24_SNP1 = structure(c(0L, 0L, 1L, 0L, 1L, 16L, 3381L, 
    10L, 0L, 19L, 3679L, 6L, 0L, 0L, 1L, 0L, 0L, 2L, 45L, 0L), dim = 4:5, dimnames = structure(list(
        c("-2", "-1", "0", "1"), c("-", "A", "G", "T", NA)), names = c("", 
    ""))), LR36_SNP1 = structure(c(0L, 0L, 0L, 0L, 0L, 27L, 0L, 
    0L, 0L, 0L, 0L, 0L, 0L, 1L, 0L, 0L, 0L, 0L, 0L, 0L, 0L, 5L, 
    0L, 0L, 1L, 1L, 1L, 19L, 171L, 8852L, 103L, 2L, 0L, 0L, 0L, 
    0L, 6L, 755L, 10L, 0L), dim = c(8L, 5L), dimnames = structure(list(
        c("-5", "-4", "-3", "-2", "-1", "0", "1", "2"), c("A", 
        "C", "G", "T", NA)), names = c("", ""))), LR40_SNP1 = structure(c(0L, 
    5L, 0L, 72L, 6846L, 21L, 1L, 53L, 1L), dim = c(3L, 3L), dimnames = structure(list(
        c("-1", "0", "1"), c("A", "C", NA)), names = c("", ""
    ))), LR44_SNP1 = structure(c(0L, 0L, 0L, 3L, 0L, 0L, 0L, 
    1L, 0L, 9L, 0L, 0L, 1L, 3L, 131L, 1580L, 21L, 0L, 0L, 0L, 
    0L, 1L, 0L, 0L, 0L, 6L, 149L, 1575L, 37L, 1L, 0L, 0L, 2L, 
    82L, 3L, 0L), dim = c(6L, 6L), dimnames = structure(list(
        c("-3", "-2", "-1", "0", "1", "2"), c("-", "A", "C", 
        "G", "T", NA)), names = c("", ""))), LR46_SNP1 = structure(c(0L, 
    0L, 1L, 0L, 1L, 56L, 11159L, 32L, 0L, 0L, 5L, 0L, 0L, 0L, 
    80L, 0L), dim = c(4L, 4L), dimnames = structure(list(c("-2", 
    "-1", "0", "1"), c("A", "G", "T", NA)), names = c("", ""))), 
    LR48_SNP1 = structure(c(0L, 0L, 1L, 0L, 0L, 11L, 343L, 11561L, 
    213L, 3L, 0L, 0L, 4L, 0L, 0L, 0L, 5L, 287L, 6L, 0L), dim = 5:4, dimnames = structure(list(
        c("-2", "-1", "0", "1", "2"), c("A", "C", "T", NA)), names = c("", 
    ""))), LR49_SNP1 = structure(c(0L, 41L, 0L, 0L, 2L, 0L, 35L, 
    13053L, 5L, 0L, 2L, 0L, 1L, 90L, 0L), dim = c(3L, 5L), dimnames = structure(list(
        c("-1", "0", "1"), c("A", "C", "G", "T", NA)), names = c("", 
    ""))), LR52_SNP1 = structure(c(0L, 0L, 0L, 0L, 2L, 0L, 0L, 
    0L, 0L, 0L, 0L, 2L, 0L, 0L, 2L, 3L, 47L, 645L, 4343L, 39L, 
    0L, 0L, 3L, 26L, 533L, 5034L, 53L, 3L, 0L, 0L, 0L, 48L, 1360L, 
    16L, 0L), dim = c(7L, 5L), dimnames = structure(list(c("-4", 
    "-3", "-2", "-1", "0", "1", "2"), c("-", "A", "C", "T", NA
    )), names = c("", ""))))
