Result <-
list(DEPDC2_SNP1 = structure(c(0L, 0L, 3L, 0L, 0L, 21L, 3497L, 
16L, 0L, 0L, 1L, 0L, 1L, 71L, 9202L, 54L, 0L, 0L, 162L, 1L), dim = 4:5, dimnames = structure(list(
    c("-3", "-1", "0", "1"), c("A", "C", "G", "T", NA)), names = c("", 
""))), GM01_SNP1 = structure(c(0L, 0L, 2L, 0L, 0L, 3L, 283L, 
18817L, 90L, 1L, 0L, 0L, 2L, 0L, 0L, 0L, 1L, 11L, 0L, 0L, 0L, 
0L, 1L, 0L, 0L, 0L, 8L, 236L, 2L, 0L), dim = 5:6, dimnames = structure(list(
    c("-2", "-1", "0", "1", "2"), c("-", "A", "C", "G", "T", 
    NA)), names = c("", ""))), GM07_SNP1 = structure(c(0L, 0L, 
5L, 0L, 0L, 0L, 10L, 515L, 9061L, 359L, 12L, 1L, 0L, 6L, 14L, 
1L, 0L, 0L, 0L, 3L, 139L, 7L, 0L, 0L), dim = c(6L, 4L), dimnames = structure(list(
    c("-2", "-1", "0", "1", "2", "3"), c("-", "A", "G", NA)), names = c("", 
""))), GM09_SNP1 = structure(c(0L, 9L, 0L, 0L, 0L, 62L, 9627L, 
3353L, 27L, 1L, 0L, 1L, 2L, 0L, 0L, 0L, 74L, 21L, 0L, 0L), dim = 5:4, dimnames = structure(list(
    c("-1", "0", "1", "2", "3"), c("A", "G", "T", NA)), names = c("", 
""))), GM11_SNP1 = structure(c(0L, 10L, 32L, 0L, 0L, 1L, 135L, 
13224L, 67L, 1L, 0L, 0L, 4L, 0L, 0L, 0L, 2L, 110L, 2L, 0L), dim = 5:4, dimnames = structure(list(
    c("-2", "-1", "0", "1", "2"), c("A", "G", "T", NA)), names = c("", 
""))), GM14_SNP1 = structure(c(0L, 0L, 0L, 1L, 0L, 0L, 0L, 0L, 
0L, 4L, 0L, 0L, 2L, 18L, 344L, 10070L, 108L, 3L, 0L, 1L, 7L, 
18L, 0L, 0L, 0L, 0L, 1L, 113L, 0L, 0L), dim = 6:5, dimnames = structure(list(
    c("-3", "-2", "-1", "0", "1", "2"), c("-", "A", "C", "T", 
    NA)), names = c("", ""))), GM17_SNP1 = structure(c(0L, 0L, 
1L, 0L, 3L, 105L, 7505L, 34L, 0L, 0L, 2L, 0L, 1L, 83L, 7604L, 
25L, 0L, 1L, 521L, 1L), dim = 4:5, dimnames = structure(list(
    c("-2", "-1", "0", "1"), c("A", "C", "G", "T", NA)), names = c("", 
""))), GM22_SNP1 = structure(c(5L, 132L, 7222L, 34L, 6L, 123L, 
6974L, 22L, 0L, 0L, 2L, 0L, 2L, 8L, 288L, 5L), dim = c(4L, 4L
), dimnames = structure(list(c("-2", "-1", "0", "1"), c("A", 
"G", "T", NA)), names = c("", ""))), GM26_SNP1 = structure(c(1L, 
38L, 4545L, 21L, 1L, 40L, 4801L, 21L, 0L, 0L, 2L, 0L, 0L, 2L, 
161L, 1L), dim = c(4L, 4L), dimnames = structure(list(c("-2", 
"-1", "0", "1"), c("A", "G", "T", NA)), names = c("", ""))), 
    GM29_SNP1 = structure(c(1L, 2L, 215L, 13007L, 43L, 1L, 0L, 
    0L, 0L, 30L, 0L, 0L, 0L, 0L, 0L, 1L, 0L, 0L, 0L, 0L, 2L, 
    139L, 0L, 0L), dim = c(6L, 4L), dimnames = structure(list(
        c("-3", "-2", "-1", "0", "1", "2"), c("A", "G", "T", 
        NA)), names = c("", ""))), IM16_SNP1 = structure(c(0L, 
    6L, 0L, 0L, 0L, 2L, 0L, 0L, 132L, 11258L, 190L, 1L, 0L, 1L, 
    0L, 0L, 1L, 193L, 16L, 0L), dim = 4:5, dimnames = structure(list(
        c("-1", "0", "1", "2"), c("A", "C", "G", "T", NA)), names = c("", 
    ""))), IM49_SNP1 = structure(c(1L, 7L, 155L, 4377L, 110L, 
    1L, 0L, 0L, 1L, 4L, 0L, 0L, 0L, 0L, 2L, 99L, 3L, 0L), dim = c(6L, 
    3L), dimnames = structure(list(c("-3", "-2", "-1", "0", "1", 
    "2"), c("C", "G", NA)), names = c("", ""))), LR10_SNP1 = structure(c(0L, 
    0L, 1L, 0L, 0L, 2L, 258L, 10102L, 91L, 1L, 0L, 0L, 1L, 0L, 
    0L, 0L, 0L, 23L, 0L, 0L, 0L, 0L, 159L, 2L, 0L), dim = c(5L, 
    5L), dimnames = structure(list(c("-2", "-1", "0", "1", "2"
    ), c("A", "C", "G", "T", NA)), names = c("", ""))), LR11_SNP1 = structure(c(0L, 
    0L, 0L, 15L, 0L, 0L, 1L, 8L, 352L, 13008L, 118L, 1L, 0L, 
    0L, 0L, 1L, 0L, 0L, 0L, 1L, 23L, 578L, 9L, 1L), dim = c(6L, 
    4L), dimnames = structure(list(c("-3", "-2", "-1", "0", "1", 
    "2"), c("A", "C", "T", NA)), names = c("", ""))), LR17_SNP1 = structure(c(3L, 
    22L, 614L, 14621L, 261L, 6L, 0L, 0L, 0L, 10L, 0L, 0L, 0L, 
    0L, 21L, 1171L, 11L, 0L), dim = c(6L, 3L), dimnames = structure(list(
        c("-3", "-2", "-1", "0", "1", "2"), c("A", "G", NA)), names = c("", 
    ""))), LR20_SNP1 = structure(c(12L, 6450L, 16L, 28L, 8648L, 
    17L, 0L, 1L, 0L, 0L, 139L, 1L), dim = 3:4, dimnames = structure(list(
        c("-1", "0", "1"), c("A", "G", "T", NA)), names = c("", 
    ""))), LR24_SNP1 = structure(c(1L, 29L, 5654L, 14L, 0L, 25L, 
    4646L, 13L, 0L, 0L, 74L, 2L), dim = 4:3, dimnames = structure(list(
        c("-3", "-1", "0", "1"), c("A", "G", NA)), names = c("", 
    ""))), LR36_SNP1 = structure(c(3L, 1L, 10L, 144L, 5306L, 
    64L, 1L, 0L, 0L, 0L, 0L, 1L, 0L, 0L, 0L, 0L, 4L, 93L, 3741L, 
    40L, 2L, 0L, 0L, 1L, 4L, 484L, 10L, 0L), dim = c(7L, 4L), dimnames = structure(list(
        c("-4", "-3", "-2", "-1", "0", "1", "2"), c("A", "G", 
        "T", NA)), names = c("", ""))), LR40_SNP1 = structure(c(2L, 
    142L, 12772L, 60L, 0L, 0L, 2L, 0L, 0L, 0L, 1L, 0L, 0L, 0L, 
    92L, 2L), dim = c(4L, 4L), dimnames = structure(list(c("-2", 
    "-1", "0", "1"), c("C", "G", "T", NA)), names = c("", ""))), 
    LR44_SNP1 = structure(c(0L, 0L, 0L, 0L, 1L, 0L, 0L, 0L, 0L, 
    0L, 0L, 2L, 0L, 0L, 0L, 0L, 0L, 0L, 6L, 0L, 0L, 0L, 0L, 0L, 
    0L, 3L, 0L, 0L, 1L, 1L, 14L, 291L, 2693L, 52L, 3L, 0L, 0L, 
    4L, 6L, 43L, 1L, 0L), dim = 7:6, dimnames = structure(list(
        c("-4", "-3", "-2", "-1", "0", "1", "2"), c("-", "A", 
        "C", "G", "T", NA)), names = c("", ""))), LR46_SNP1 = structure(c(0L, 
    0L, 1L, 0L, 0L, 0L, 2L, 0L, 0L, 17L, 3402L, 4L, 1L, 26L, 
    5849L, 20L, 0L, 0L, 66L, 1L), dim = 4:5, dimnames = structure(list(
        c("-3", "-1", "0", "1"), c("-", "A", "G", "T", NA)), names = c("", 
    ""))), LR48_SNP1 = structure(c(0L, 0L, 1L, 0L, 0L, 6L, 275L, 
    6987L, 115L, 1L, 6L, 160L, 5237L, 100L, 3L, 0L, 4L, 307L, 
    3L, 0L), dim = 5:4, dimnames = structure(list(c("-2", "-1", 
    "0", "1", "2"), c("A", "C", "T", NA)), names = c("", ""))), 
    LR49_SNP1 = structure(c(14L, 48L, 0L, 24L, 9734L, 4L, 0L, 
    1L, 0L, 1L, 74L, 0L), dim = 3:4, dimnames = structure(list(
        c("-1", "0", "1"), c("A", "G", "T", NA)), names = c("", 
    ""))), LR52_SNP1 = structure(c(1L, 0L, 4L, 2L, 8L, 0L, 0L, 
    0L, 7L, 67L, 1027L, 9909L, 136L, 1L, 0L, 0L, 2L, 17L, 654L, 
    16L, 0L), dim = c(7L, 3L), dimnames = structure(list(c("-4", 
    "-3", "-2", "-1", "0", "1", "2"), c("C", "T", NA)), names = c("", 
    ""))))
