Result <-
list(DEPDC2_SNP1 = structure(c(0L, 1L, 0L, 0L, 5L, 0L, 31L, 5301L, 
31L, 0L, 44L, 0L), dim = 3:4, dimnames = structure(list(c("-1", 
"0", "1"), c("A", "C", "T", NA)), names = c("", ""))), GM01_SNP1 = structure(c(51L, 
107L, 6751L, 31L, 0L, 0L, 1L, 0L, 0L, 0L, 59L, 0L, 0L, 4L, 90L, 
1L), dim = c(4L, 4L), dimnames = structure(list(c("-2", "-1", 
"0", "1"), c("A", "C", "G", NA)), names = c("", ""))), GM07_SNP1 = structure(c(0L, 
3L, 9L, 0L, 0L, 6L, 294L, 4988L, 201L, 6L, 0L, 0L, 1L, 0L, 0L, 
0L, 1L, 97L, 7L, 0L), dim = 5:4, dimnames = structure(list(c("-2", 
"-1", "0", "1", "2"), c("A", "G", "T", NA)), names = c("", ""
))), GM09_SNP1 = structure(c(0L, 17L, 0L, 45L, 10287L, 17L, 2L, 
88L, 0L), dim = c(3L, 3L), dimnames = structure(list(c("-1", 
"0", "1"), c("A", "G", NA)), names = c("", ""))), GM11_SNP1 = structure(c(14L, 
2992L, 14L, 0L, 3L, 0L, 0L, 24L, 0L), dim = c(3L, 3L), dimnames = structure(list(
    c("-1", "0", "1"), c("A", "G", NA)), names = c("", ""))), 
    GM14_SNP1 = structure(c(4L, 117L, 4122L, 31L, 3L, 98L, 3539L, 
    26L, 0L, 2L, 95L, 0L), dim = 4:3, dimnames = structure(list(
        c("-2", "-1", "0", "1"), c("C", "T", NA)), names = c("", 
    ""))), GM17_SNP1 = structure(c(1L, 1L, 83L, 6238L, 25L, 0L, 
    4L, 58L, 5722L, 21L, 0L, 0L, 1L, 428L, 1L), dim = c(5L, 3L
    ), dimnames = structure(list(c("-3", "-2", "-1", "0", "1"
    ), c("C", "T", NA)), names = c("", ""))), GM22_SNP1 = structure(c(3L, 
    113L, 7574L, 33L, 2L, 0L, 2L, 162L, 0L, 0L, 0L, 0L, 1L, 0L, 
    0L, 0L, 5L, 114L, 1L, 0L), dim = 5:4, dimnames = structure(list(
        c("-2", "-1", "0", "1", "2"), c("A", "G", "T", NA)), names = c("", 
    ""))), GM26_SNP1 = structure(c(0L, 3L, 926L, 2L, 1L, 10L, 
    1254L, 1L, 0L, 0L, 27L, 0L), dim = 4:3, dimnames = structure(list(
        c("-2", "-1", "0", "1"), c("A", "G", NA)), names = c("", 
    ""))), GM29_SNP1 = structure(c(4L, 126L, 8565L, 21L, 0L, 
    0L, 1L, 0L, 0L, 0L, 6L, 0L, 0L, 0L, 2L, 0L, 0L, 4L, 80L, 
    0L), dim = 4:5, dimnames = structure(list(c("-2", "-1", "0", 
    "1"), c("A", "C", "G", "T", NA)), names = c("", ""))), IM16_SNP1 = structure(c(35L, 
    4287L, 66L, 3L, 1L, 2L, 0L, 0L, 0L, 2L, 0L, 0L, 2L, 44L, 
    2L, 0L), dim = c(4L, 4L), dimnames = structure(list(c("-1", 
    "0", "1", "2"), c("A", "G", "T", NA)), names = c("", ""))), 
    IM49_SNP1 = structure(c(0L, 0L, 0L, 0L, 1L, 0L, 0L, 0L, 0L, 
    3L, 260L, 7083L, 228L, 7L, 1L, 1L, 7L, 315L, 7060L, 234L, 
    3L, 0L, 0L, 0L, 0L, 2L, 0L, 0L, 0L, 0L, 0L, 17L, 533L, 20L, 
    1L), dim = c(7L, 5L), dimnames = structure(list(c("-4", "-3", 
    "-2", "-1", "0", "1", "2"), c("-", "C", "G", "T", NA)), names = c("", 
    ""))), LR10_SNP1 = structure(c(0L, 0L, 1L, 0L, 0L, 0L, 2L, 
    0L, 3L, 51L, 2465L, 19L, 0L, 30L, 1651L, 11L, 0L, 1L, 70L, 
    1L), dim = 4:5, dimnames = structure(list(c("-2", "-1", "0", 
    "1"), c("-", "A", "C", "T", NA)), names = c("", ""))), LR11_SNP1 = structure(c(0L, 
    0L, 9L, 0L, 0L, 3L, 142L, 4932L, 45L, 2L, 0L, 0L, 1L, 0L, 
    0L, 0L, 0L, 1L, 0L, 0L, 1L, 4L, 191L, 2L, 0L), dim = c(5L, 
    5L), dimnames = structure(list(c("-2", "-1", "0", "1", "2"
    ), c("A", "C", "G", "T", NA)), names = c("", ""))), LR17_SNP1 = structure(c(61L, 
    536L, 11182L, 177L, 5L, 0L, 0L, 4L, 0L, 0L, 0L, 1L, 0L, 0L, 
    0L, 0L, 19L, 873L, 9L, 0L), dim = 5:4, dimnames = structure(list(
        c("-2", "-1", "0", "1", "2"), c("A", "G", "T", NA)), names = c("", 
    ""))), LR20_SNP1 = structure(c(0L, 0L, 2L, 0L, 1L, 7L, 4372L, 
    6L, 0L, 3L, 1879L, 6L, 0L, 0L, 1L, 0L, 0L, 0L, 47L, 0L), dim = 4:5, dimnames = structure(list(
        c("-2", "-1", "0", "1"), c("-", "A", "G", "T", NA)), names = c("", 
    ""))), LR24_SNP1 = structure(c(1L, 16L, 4202L, 11L, 0L, 17L, 
    3344L, 8L, 0L, 0L, 2L, 0L, 0L, 0L, 51L, 0L), dim = c(4L, 
    4L), dimnames = structure(list(c("-3", "-1", "0", "1"), c("A", 
    "G", "T", NA)), names = c("", ""))), LR36_SNP1 = structure(c(0L, 
    0L, 0L, 37L, 1L, 0L, 0L, 0L, 0L, 0L, 3L, 0L, 0L, 0L, 0L, 
    0L, 0L, 2L, 0L, 0L, 0L, 1L, 14L, 203L, 9672L, 78L, 1L, 1L, 
    0L, 1L, 14L, 802L, 7L, 0L, 0L), dim = c(7L, 5L), dimnames = structure(list(
        c("-3", "-2", "-1", "0", "1", "2", "3"), c("A", "C", 
        "G", "T", NA)), names = c("", ""))), LR40_SNP1 = structure(c(0L, 
    1L, 0L, 66L, 3127L, 16L, 0L, 1L, 0L, 1L, 19L, 1L), dim = 3:4, dimnames = structure(list(
        c("-1", "0", "1"), c("A", "C", "T", NA)), names = c("", 
    ""))), LR44_SNP1 = structure(c(0L, 0L, 0L, 1L, 1L, 0L, 0L, 
    0L, 4L, 7L, 188L, 2742L, 48L, 3L, 0L, 0L, 0L, 0L, 16L, 0L, 
    0L, 19L, 0L, 1L, 4L, 47L, 7L, 0L, 0L, 0L, 0L, 2L, 94L, 0L, 
    0L), dim = c(7L, 5L), dimnames = structure(list(c("-6", "-3", 
    "-2", "-1", "0", "1", "2"), c("A", "C", "G", "T", NA)), names = c("", 
    ""))), LR46_SNP1 = structure(c(0L, 1L, 0L, 0L, 1L, 0L, 6L, 
    2964L, 7L, 1L, 2L, 0L, 0L, 19L, 0L), dim = c(3L, 5L), dimnames = structure(list(
        c("-1", "0", "1"), c("A", "C", "G", "T", NA)), names = c("", 
    ""))), LR48_SNP1 = structure(c(0L, 5L, 93L, 2873L, 63L, 0L, 
    0L, 1L, 1L, 58L, 2089L, 65L, 2L, 1L, 0L, 1L, 1L, 148L, 4L, 
    0L, 0L), dim = c(7L, 3L), dimnames = structure(list(c("-3", 
    "-2", "-1", "0", "1", "2", "3"), c("C", "T", NA)), names = c("", 
    ""))), LR49_SNP1 = structure(c(0L, 27L, 0L, 20L, 6724L, 4L, 
    0L, 1L, 0L, 0L, 41L, 0L), dim = 3:4, dimnames = structure(list(
        c("-1", "0", "1"), c("A", "G", "T", NA)), names = c("", 
    ""))), LR52_SNP1 = structure(c(0L, 0L, 0L, 0L, 1L, 0L, 0L, 
    8L, 114L, 559L, 5L, 0L, 1L, 3L, 69L, 615L, 6L, 1L, 0L, 0L, 
    13L, 205L, 4L, 0L), dim = c(6L, 4L), dimnames = structure(list(
        c("-3", "-2", "-1", "0", "1", "2"), c("A", "C", "T", 
        NA)), names = c("", ""))))
