Result <-
list(DEPDC2_SNP1 = structure(c(0L, 0L, 1L, 0L, 0L, 30L, 3898L, 
14L, 1L, 24L, 4227L, 16L, 0L, 0L, 97L, 0L), dim = c(4L, 4L), dimnames = structure(list(
    c("-2", "-1", "0", "1"), c("A", "C", "T", NA)), names = c("", 
""))), GM01_SNP1 = structure(c(6L, 1417L, 530L, 1L, 0L, 12L, 
849L, 5L, 0L, 1L, 0L, 0L, 0L, 7L, 23L, 0L), dim = c(4L, 4L), dimnames = structure(list(
    c("-2", "-1", "0", "1"), c("A", "G", "T", NA)), names = c("", 
""))), GM07_SNP1 = structure(c(0L, 0L, 1L, 0L, 0L, 6L, 150L, 
3026L, 97L, 2L, 6L, 295L, 5674L, 177L, 5L, 0L, 0L, 0L, 0L, 0L, 
0L, 6L, 167L, 3L, 0L), dim = c(5L, 5L), dimnames = structure(list(
    c("-2", "-1", "0", "1", "2"), c("-", "A", "G", "T", NA)), names = c("", 
""))), GM09_SNP1 = structure(c(2L, 28L, 5198L, 8L, 1L, 32L, 5745L, 
7L, 0L, 1L, 76L, 0L), dim = 4:3, dimnames = structure(list(c("-2", 
"-1", "0", "1"), c("A", "G", NA)), names = c("", ""))), GM11_SNP1 = structure(c(0L, 
2L, 0L, 11L, 752L, 4L, 0L, 6L, 0L), dim = c(3L, 3L), dimnames = structure(list(
    c("-1", "0", "1"), c("A", "G", NA)), names = c("", ""))), 
    GM14_SNP1 = structure(c(7L, 138L, 4474L, 54L, 1L, 0L, 1L, 
    5L, 0L, 0L, 0L, 0L, 62L, 0L, 0L), dim = c(5L, 3L), dimnames = structure(list(
        c("-2", "-1", "0", "1", "2"), c("C", "T", NA)), names = c("", 
    ""))), GM17_SNP1 = structure(c(0L, 0L, 1L, 0L, 2L, 113L, 
    11423L, 44L, 0L, 39L, 2382L, 12L, 0L, 6L, 483L, 1L), dim = c(4L, 
    4L), dimnames = structure(list(c("-2", "-1", "0", "1"), c("A", 
    "C", "T", NA)), names = c("", ""))), GM22_SNP1 = structure(c(0L, 
    142L, 9510L, 57L, 0L, 0L, 10L, 0L, 0L, 0L, 1L, 0L, 1L, 4L, 
    161L, 0L), dim = c(4L, 4L), dimnames = structure(list(c("-2", 
    "-1", "0", "1"), c("A", "G", "T", NA)), names = c("", ""))), 
    GM26_SNP1 = structure(c(3L, 58L, 7736L, 22L, 0L, 0L, 8L, 
    0L, 0L, 0L, 77L, 0L), dim = 4:3, dimnames = structure(list(
        c("-2", "-1", "0", "1"), c("A", "G", NA)), names = c("", 
    ""))), GM29_SNP1 = structure(c(3L, 106L, 7986L, 23L, 1L, 
    0L, 67L, 4992L, 14L, 0L, 0L, 0L, 2L, 0L, 0L, 0L, 3L, 132L, 
    1L, 0L), dim = 5:4, dimnames = structure(list(c("-2", "-1", 
    "0", "1", "2"), c("A", "G", "T", NA)), names = c("", ""))), 
    IM16_SNP1 = structure(c(6L, 706L, 10L, 0L, 10L, 1L), dim = 3:2, dimnames = structure(list(
        c("-1", "0", "1"), c("G", NA)), names = c("", ""))), 
    IM49_SNP1 = structure(c(3L, 213L, 5321L, 111L, 2L, 4L, 108L, 
    2772L, 64L, 0L, 0L, 0L, 2L, 0L, 0L, 0L, 4L, 267L, 4L, 0L), dim = 5:4, dimnames = structure(list(
        c("-2", "-1", "0", "1", "2"), c("C", "G", "T", NA)), names = c("", 
    ""))), LR10_SNP1 = structure(c(0L, 4L, 0L, 0L, 155L, 9071L, 
    42L, 1L, 1L, 126L, 2L, 0L), dim = 4:3, dimnames = structure(list(
        c("-1", "0", "1", "2"), c("C", "T", NA)), names = c("", 
    ""))), LR11_SNP1 = structure(c(0L, 0L, 6L, 0L, 1L, 15L, 813L, 
    4L, 0L, 0L, 39L, 0L), dim = 4:3, dimnames = structure(list(
        c("-2", "-1", "0", "1"), c("A", "C", NA)), names = c("", 
    ""))), LR17_SNP1 = structure(c(16L, 388L, 8939L, 90L, 1L, 
    0L, 0L, 2L, 0L, 0L, 0L, 24L, 639L, 6L, 0L), dim = c(5L, 3L
    ), dimnames = structure(list(c("-2", "-1", "0", "1", "2"), 
        c("A", "G", NA)), names = c("", ""))), LR20_SNP1 = structure(c(0L, 
    263L, 1L, 1L, 386L, 2L, 0L, 7L, 0L), dim = c(3L, 3L), dimnames = structure(list(
        c("-1", "0", "1"), c("A", "G", NA)), names = c("", ""
    ))), LR24_SNP1 = structure(c(1L, 7L, 706L, 3L, 0L, 2L, 472L, 
    2L, 0L, 0L, 9L, 0L), dim = 4:3, dimnames = structure(list(
        c("-2", "-1", "0", "1"), c("A", "G", NA)), names = c("", 
    ""))), LR36_SNP1 = structure(c(2L, 36L, 1639L, 15L, 0L, 0L, 
    2L, 0L, 14L, 87L, 4893L, 46L, 0L, 7L, 482L, 4L), dim = c(4L, 
    4L), dimnames = structure(list(c("-2", "-1", "0", "1"), c("A", 
    "G", "T", NA)), names = c("", ""))), LR40_SNP1 = structure(c(0L, 
    1L, 0L, 0L, 7L, 728L, 3L, 1L, 0L, 6L, 0L, 0L), dim = 4:3, dimnames = structure(list(
        c("-1", "0", "1", "2"), c("A", "C", NA)), names = c("", 
    ""))), LR44_SNP1 = structure(c(4L, 1L, 65L, 811L, 7L, 0L, 
    0L, 0L, 5L, 0L, 0L, 0L, 1L, 11L, 0L, 0L, 1L, 2L, 20L, 0L), dim = 5:4, dimnames = structure(list(
        c("-3", "-2", "-1", "0", "1"), c("C", "G", "T", NA)), names = c("", 
    ""))), LR46_SNP1 = structure(c(0L, 0L, 1L, 0L, 0L, 0L, 3L, 
    0L, 1L, 21L, 6632L, 31L, 0L, 14L, 5296L, 15L, 0L, 0L, 91L, 
    1L), dim = 4:5, dimnames = structure(list(c("-2", "-1", "0", 
    "1"), c("A", "C", "G", "T", NA)), names = c("", ""))), LR48_SNP1 = structure(c(0L, 
    0L, 0L, 2L, 0L, 0L, 1L, 9L, 236L, 8010L, 110L, 2L, 0L, 10L, 
    195L, 5268L, 73L, 1L, 0L, 0L, 3L, 347L, 8L, 0L), dim = c(6L, 
    4L), dimnames = structure(list(c("-3", "-2", "-1", "0", "1", 
    "2"), c("A", "C", "T", NA)), names = c("", ""))), LR49_SNP1 = structure(c(18L, 
    5944L, 3L, 13L, 6058L, 3L, 0L, 3L, 0L, 2L, 122L, 0L), dim = 3:4, dimnames = structure(list(
        c("-1", "0", "1"), c("A", "G", "T", NA)), names = c("", 
    ""))), LR52_SNP1 = structure(c(0L, 0L, 0L, 0L, 2L, 0L, 0L, 
    1L, 1L, 22L, 267L, 2103L, 15L, 1L, 0L, 2L, 38L, 381L, 4279L, 
    34L, 1L, 0L, 0L, 0L, 15L, 832L, 8L, 0L), dim = c(7L, 4L), dimnames = structure(list(
        c("-4", "-3", "-2", "-1", "0", "1", "2"), c("A", "C", 
        "T", NA)), names = c("", ""))))
