Result <-
list(DEPDC2_SNP1 = structure(c(0L, 1L, 0L, 47L, 6751L, 31L, 2L, 
8L, 0L, 0L, 102L, 0L), dim = 3:4, dimnames = structure(list(c("-1", 
"0", "1"), c("A", "C", "T", NA)), names = c("", ""))), GM01_SNP1 = structure(c(0L, 
136L, 8761L, 41L, 0L, 1L, 80L, 6185L, 22L, 2L, 0L, 0L, 2L, 0L, 
0L, 0L, 4L, 149L, 0L, 0L), dim = 5:4, dimnames = structure(list(
    c("-2", "-1", "0", "1", "2"), c("A", "G", "T", NA)), names = c("", 
""))), GM07_SNP1 = structure(c(0L, 0L, 2L, 0L, 0L, 0L, 3L, 190L, 
3493L, 143L, 3L, 1L, 5L, 179L, 3541L, 115L, 4L, 0L, 0L, 0L, 1L, 
0L, 0L, 0L, 0L, 12L, 121L, 3L, 0L, 0L), dim = 6:5, dimnames = structure(list(
    c("-2", "-1", "0", "1", "2", "3"), c("-", "A", "G", "T", 
    NA)), names = c("", ""))), GM09_SNP1 = structure(c(40L, 7000L, 
14L, 0L, 1L, 0L, 41L, 6656L, 12L, 0L, 77L, 0L), dim = 3:4, dimnames = structure(list(
    c("-1", "0", "1"), c("A", "C", "G", NA)), names = c("", ""
))), GM11_SNP1 = structure(c(1L, 39L, 6923L, 28L, 0L, 0L, 1L, 
0L, 0L, 0L, 1L, 0L, 0L, 1L, 63L, 0L), dim = c(4L, 4L), dimnames = structure(list(
    c("-2", "-1", "0", "1"), c("A", "G", "T", NA)), names = c("", 
""))), GM14_SNP1 = structure(c(12L, 251L, 8129L, 90L, 0L, 0L, 
2L, 0L, 0L, 0L, 110L, 1L), dim = 4:3, dimnames = structure(list(
    c("-2", "-1", "0", "1"), c("C", "T", NA)), names = c("", 
""))), GM17_SNP1 = structure(c(0L, 0L, 1L, 0L, 0L, 2L, 5L, 0L, 
2L, 121L, 9372L, 29L, 0L, 1L, 300L, 1L), dim = c(4L, 4L), dimnames = structure(list(
    c("-2", "-1", "0", "1"), c("A", "C", "T", NA)), names = c("", 
""))), GM22_SNP1 = structure(c(8L, 140L, 7878L, 34L, 0L, 0L, 
4L, 0L, 0L, 3L, 139L, 1L), dim = 4:3, dimnames = structure(list(
    c("-2", "-1", "0", "1"), c("A", "G", NA)), names = c("", 
""))), GM26_SNP1 = structure(c(38L, 5611L, 24L, 2L, 2L, 0L, 1L, 
61L, 0L), dim = c(3L, 3L), dimnames = structure(list(c("-1", 
"0", "1"), c("A", "G", NA)), names = c("", ""))), GM29_SNP1 = structure(c(0L, 
0L, 1L, 0L, 0L, 3L, 168L, 10893L, 46L, 1L, 0L, 1L, 6L, 0L, 0L, 
0L, 2L, 118L, 0L, 0L), dim = 5:4, dimnames = structure(list(c("-2", 
"-1", "0", "1", "2"), c("-", "A", "G", NA)), names = c("", ""
))), IM16_SNP1 = structure(c(0L, 45L, 3894L, 68L, 2L, 1L, 30L, 
2296L, 39L, 0L, 0L, 2L, 101L, 6L, 0L), dim = c(5L, 3L), dimnames = structure(list(
    c("-2", "-1", "0", "1", "2"), c("A", "G", NA)), names = c("", 
""))), IM49_SNP1 = structure(c(5L, 217L, 6573L, 149L, 2L, 0L, 
1L, 0L, 0L, 0L, 0L, 2L, 175L, 4L, 1L), dim = c(5L, 3L), dimnames = structure(list(
    c("-2", "-1", "0", "1", "2"), c("C", "G", NA)), names = c("", 
""))), LR10_SNP1 = structure(c(1L, 47L, 2250L, 25L, 1L, 1L, 67L, 
4071L, 15L, 0L, 0L, 1L, 101L, 2L, 1L), dim = c(5L, 3L), dimnames = structure(list(
    c("-2", "-1", "0", "1", "2"), c("C", "T", NA)), names = c("", 
""))), LR11_SNP1 = structure(c(4L, 165L, 6119L, 61L, 2L, 10L, 
111L, 4980L, 55L, 2L, 0L, 0L, 1L, 0L, 0L, 0L, 0L, 3L, 0L, 0L, 
0L, 9L, 285L, 4L, 0L), dim = c(5L, 5L), dimnames = structure(list(
    c("-2", "-1", "0", "1", "2"), c("A", "C", "G", "T", NA)), names = c("", 
""))), LR17_SNP1 = structure(c(9L, 461L, 10040L, 144L, 3L, 0L, 
0L, 1L, 0L, 0L, 0L, 0L, 6L, 0L, 0L, 0L, 20L, 799L, 5L, 0L), dim = 5:4, dimnames = structure(list(
    c("-2", "-1", "0", "1", "2"), c("A", "C", "G", NA)), names = c("", 
""))), LR20_SNP1 = structure(c(0L, 4L, 0L, 14L, 5617L, 11L, 0L, 
3L, 0L, 2L, 69L, 0L), dim = 3:4, dimnames = structure(list(c("-1", 
"0", "1"), c("A", "G", "T", NA)), names = c("", ""))), LR24_SNP1 = structure(c(31L, 
7954L, 20L, 0L, 5L, 0L, 1L, 56L, 0L), dim = c(3L, 3L), dimnames = structure(list(
    c("-1", "0", "1"), c("A", "G", NA)), names = c("", ""))), 
    LR36_SNP1 = structure(c(0L, 0L, 0L, 2L, 0L, 0L, 4L, 96L, 
    4652L, 51L, 1L, 3L, 57L, 2504L, 27L, 0L, 0L, 6L, 363L, 2L
    ), dim = 5:4, dimnames = structure(list(c("-3", "-2", "-1", 
    "0", "1"), c("-", "A", "T", NA)), names = c("", ""))), LR40_SNP1 = structure(c(0L, 
    1L, 0L, 71L, 5927L, 17L, 0L, 1L, 0L, 0L, 47L, 0L), dim = 3:4, dimnames = structure(list(
        c("-1", "0", "1"), c("A", "C", "T", NA)), names = c("", 
    ""))), LR44_SNP1 = structure(c(0L, 0L, 1L, 0L, 0L, 0L, 1L, 
    0L, 3L, 69L, 881L, 15L, 0L, 59L, 559L, 14L, 0L, 0L, 31L, 
    0L), dim = 4:5, dimnames = structure(list(c("-2", "-1", "0", 
    "1"), c("-", "A", "C", "T", NA)), names = c("", ""))), LR46_SNP1 = structure(c(0L, 
    1L, 0L, 0L, 2L, 0L, 13L, 3719L, 9L, 18L, 3801L, 8L, 0L, 67L, 
    0L), dim = c(3L, 5L), dimnames = structure(list(c("-1", "0", 
    "1"), c("-", "C", "G", "T", NA)), names = c("", ""))), LR48_SNP1 = structure(c(0L, 
    0L, 0L, 3L, 0L, 0L, 0L, 1L, 0L, 15L, 0L, 0L, 1L, 7L, 314L, 
    9101L, 150L, 2L, 0L, 1L, 1L, 244L, 4L, 1L), dim = c(6L, 4L
    ), dimnames = structure(list(c("-3", "-2", "-1", "0", "1", 
    "2"), c("A", "C", "T", NA)), names = c("", ""))), LR49_SNP1 = structure(c(21L, 
    4995L, 1L, 0L, 2L, 0L, 13L, 4895L, 1L, 0L, 1L, 0L, 0L, 127L, 
    0L), dim = c(3L, 5L), dimnames = structure(list(c("-1", "0", 
    "1"), c("A", "C", "G", "T", NA)), names = c("", ""))), LR52_SNP1 = structure(c(0L, 
    2L, 29L, 329L, 2532L, 17L, 0L, 1L, 0L, 25L, 278L, 2754L, 
    39L, 1L, 0L, 1L, 1L, 24L, 860L, 13L, 0L), dim = c(7L, 3L), dimnames = structure(list(
        c("-4", "-3", "-2", "-1", "0", "1", "2"), c("C", "T", 
        NA)), names = c("", ""))))
