Result <-
list(DEPDC2_SNP1 = structure(c(0L, 2L, 0L, 13L, 1821L, 7L, 36L, 
4881L, 29L, 0L, 73L, 0L), dim = 3:4, dimnames = structure(list(
    c("-1", "0", "1"), c("A", "C", "T", NA)), names = c("", ""
))), GM01_SNP1 = structure(c(0L, 116L, 7082L, 34L, 0L, 2L, 92L, 
7256L, 36L, 1L, 0L, 0L, 1L, 0L, 0L, 0L, 2L, 181L, 0L, 0L), dim = 5:4, dimnames = structure(list(
    c("-2", "-1", "0", "1", "2"), c("A", "G", "T", NA)), names = c("", 
""))), GM07_SNP1 = structure(c(0L, 1L, 1L, 0L, 0L, 6L, 303L, 
5640L, 193L, 9L, 8L, 210L, 4066L, 125L, 2L, 0L, 0L, 2L, 0L, 0L, 
0L, 4L, 177L, 8L, 0L), dim = c(5L, 5L), dimnames = structure(list(
    c("-2", "-1", "0", "1", "2"), c("-", "A", "G", "T", NA)), names = c("", 
""))), GM09_SNP1 = structure(c(0L, 13L, 0L, 0L, 1L, 0L, 72L, 
13365L, 17L, 0L, 1L, 0L, 3L, 95L, 0L), dim = c(3L, 5L), dimnames = structure(list(
    c("-1", "0", "1"), c("A", "C", "G", "T", NA)), names = c("", 
""))), GM11_SNP1 = structure(c(1L, 25L, 6175L, 20L, 0L, 0L, 5L, 
0L, 0L, 0L, 1L, 0L, 0L, 0L, 52L, 0L), dim = c(4L, 4L), dimnames = structure(list(
    c("-2", "-1", "0", "1"), c("A", "G", "T", NA)), names = c("", 
""))), GM14_SNP1 = structure(c(0L, 0L, 1L, 0L, 0L, 7L, 149L, 
4492L, 44L, 0L, 5L, 95L, 4243L, 24L, 1L, 0L, 0L, 122L, 0L, 0L
), dim = 5:4, dimnames = structure(list(c("-2", "-1", "0", "1", 
"2"), c("A", "C", "T", NA)), names = c("", ""))), GM17_SNP1 = structure(c(0L, 
2L, 13L, 0L, 1L, 176L, 14850L, 53L, 0L, 1L, 486L, 0L), dim = 4:3, dimnames = structure(list(
    c("-2", "-1", "0", "1"), c("C", "T", NA)), names = c("", 
""))), GM22_SNP1 = structure(c(4L, 85L, 5302L, 30L, 1L, 69L, 
4776L, 23L, 0L, 7L, 219L, 2L), dim = 4:3, dimnames = structure(list(
    c("-2", "-1", "0", "1"), c("A", "G", NA)), names = c("", 
""))), GM26_SNP1 = structure(c(1L, 21L, 2605L, 11L, 1L, 25L, 
2830L, 10L, 0L, 0L, 107L, 0L), dim = 4:3, dimnames = structure(list(
    c("-2", "-1", "0", "1"), c("A", "G", NA)), names = c("", 
""))), GM29_SNP1 = structure(c(0L, 3L, 12L, 0L, 4L, 165L, 9619L, 
32L, 0L, 0L, 1L, 0L, 0L, 4L, 99L, 2L), dim = c(4L, 4L), dimnames = structure(list(
    c("-2", "-1", "0", "1"), c("A", "G", "T", NA)), names = c("", 
""))), IM16_SNP1 = structure(c(0L, 5L, 0L, 0L, 76L, 7179L, 109L, 
4L, 0L, 127L, 7L, 0L), dim = 4:3, dimnames = structure(list(c("-1", 
"0", "1", "2"), c("A", "G", NA)), names = c("", ""))), IM49_SNP1 = structure(c(3L, 
99L, 2988L, 90L, 2L, 2L, 171L, 4482L, 117L, 1L, 0L, 5L, 299L, 
6L, 0L), dim = c(5L, 3L), dimnames = structure(list(c("-2", "-1", 
"0", "1", "2"), c("C", "G", NA)), names = c("", ""))), LR10_SNP1 = structure(c(0L, 
0L, 4L, 0L, 0L, 0L, 2L, 0L, 0L, 138L, 9976L, 70L, 1L, 2L, 161L, 
3L), dim = c(4L, 4L), dimnames = structure(list(c("-2", "-1", 
"0", "1"), c("A", "C", "T", NA)), names = c("", ""))), LR11_SNP1 = structure(c(2L, 
5L, 174L, 6188L, 61L, 1L, 0L, 6L, 112L, 4981L, 56L, 2L, 0L, 0L, 
0L, 1L, 0L, 0L, 0L, 1L, 10L, 292L, 2L, 0L), dim = c(6L, 4L), dimnames = structure(list(
    c("-3", "-2", "-1", "0", "1", "2"), c("A", "C", "T", NA)), names = c("", 
""))), LR17_SNP1 = structure(c(1L, 17L, 506L, 12877L, 226L, 6L, 
0L, 0L, 1L, 2L, 0L, 0L, 0L, 0L, 21L, 933L, 4L, 0L), dim = c(6L, 
3L), dimnames = structure(list(c("-3", "-2", "-1", "0", "1", 
"2"), c("A", "G", NA)), names = c("", ""))), LR20_SNP1 = structure(c(6L, 
3987L, 5L, 1L, 5L, 4067L, 8L, 0L, 1L, 57L, 0L, 0L), dim = 4:3, dimnames = structure(list(
    c("-1", "0", "1", "2"), c("A", "G", NA)), names = c("", ""
))), LR24_SNP1 = structure(c(0L, 21L, 4240L, 12L, 1L, 29L, 4353L, 
7L, 0L, 0L, 72L, 0L), dim = 4:3, dimnames = structure(list(c("-2", 
"-1", "0", "1"), c("A", "G", NA)), names = c("", ""))), LR36_SNP1 = structure(c(0L, 
0L, 0L, 0L, 1L, 0L, 0L, 1L, 4L, 17L, 261L, 12940L, 101L, 2L, 
0L, 0L, 0L, 0L, 1L, 0L, 0L, 0L, 0L, 0L, 1L, 4L, 0L, 0L, 0L, 0L, 
0L, 2L, 390L, 3L, 0L), dim = c(7L, 5L), dimnames = structure(list(
    c("-4", "-3", "-2", "-1", "0", "1", "2"), c("-", "A", "G", 
    "T", NA)), names = c("", ""))), LR40_SNP1 = structure(c(0L, 
0L, 2L, 0L, 1L, 91L, 6545L, 21L, 0L, 0L, 48L, 0L), dim = 4:3, dimnames = structure(list(
    c("-2", "-1", "0", "1"), c("A", "C", NA)), names = c("", 
""))), LR44_SNP1 = structure(c(0L, 0L, 2L, 0L, 4L, 155L, 1997L, 
31L, 0L, 0L, 8L, 0L, 0L, 7L, 73L, 2L, 0L, 3L, 67L, 3L), dim = 4:5, dimnames = structure(list(
    c("-2", "-1", "0", "1"), c("-", "C", "G", "T", NA)), names = c("", 
""))), LR46_SNP1 = structure(c(0L, 0L, 1L, 0L, 0L, 19L, 3953L, 
11L, 1L, 9L, 4298L, 10L, 0L, 1L, 44L, 0L), dim = c(4L, 4L), dimnames = structure(list(
    c("-2", "-1", "0", "1"), c("-", "G", "T", NA)), names = c("", 
""))), LR48_SNP1 = structure(c(1L, 3L, 141L, 4702L, 97L, 1L, 
0L, 3L, 131L, 4163L, 62L, 1L, 0L, 1L, 6L, 265L, 4L, 0L), dim = c(6L, 
3L), dimnames = structure(list(c("-3", "-2", "-1", "0", "1", 
"2"), c("C", "T", NA)), names = c("", ""))), LR49_SNP1 = structure(c(0L, 
34L, 0L, 0L, 1L, 0L, 26L, 10195L, 2L, 0L, 55L, 0L), dim = 3:4, dimnames = structure(list(
    c("-1", "0", "1"), c("A", "C", "G", NA)), names = c("", ""
))), LR52_SNP1 = structure(c(5L, 64L, 650L, 5410L, 44L, 1L, 0L, 
1L, 2L, 25L, 2L, 0L, 0L, 2L, 27L, 1406L, 10L, 0L), dim = c(6L, 
3L), dimnames = structure(list(c("-3", "-2", "-1", "0", "1", 
"2"), c("C", "T", NA)), names = c("", ""))))
