Result <-
list(DEPDC2_SNP1 = structure(c(0L, 0L, 1L, 0L, 0L, 1L, 20L, 0L, 
2L, 40L, 9474L, 28L, 0L, 0L, 81L, 0L), dim = c(4L, 4L), dimnames = structure(list(
    c("-2", "-1", "0", "1"), c("A", "C", "T", NA)), names = c("", 
""))), GM01_SNP1 = structure(c(0L, 0L, 2L, 0L, 2L, 201L, 11254L, 
32L, 0L, 2L, 11L, 0L, 0L, 0L, 2L, 0L, 0L, 1L, 122L, 1L), dim = 4:5, dimnames = structure(list(
    c("-2", "-1", "0", "1"), c("-", "A", "G", "T", NA)), names = c("", 
""))), GM07_SNP1 = structure(c(2L, 6L, 19L, 1L, 0L, 9L, 242L, 
5580L, 144L, 2L, 0L, 0L, 1L, 0L, 0L, 0L, 2L, 157L, 0L, 0L), dim = 5:4, dimnames = structure(list(
    c("-2", "-1", "0", "1", "2"), c("A", "G", "T", NA)), names = c("", 
""))), GM09_SNP1 = structure(c(42L, 5878L, 8L, 0L, 1L, 0L, 30L, 
4087L, 3L, 0L, 69L, 0L), dim = 3:4, dimnames = structure(list(
    c("-1", "0", "1"), c("A", "C", "G", NA)), names = c("", ""
))), GM11_SNP1 = structure(c(0L, 1L, 0L, 15L, 2707L, 8L, 22L, 
3088L, 21L, 2L, 48L, 0L), dim = 3:4, dimnames = structure(list(
    c("-1", "0", "1"), c("-", "A", "G", NA)), names = c("", ""
))), GM14_SNP1 = structure(c(0L, 0L, 0L, 1L, 0L, 0L, 3L, 8L, 
203L, 6179L, 47L, 1L, 0L, 0L, 0L, 16L, 0L, 0L, 0L, 0L, 0L, 88L, 
0L, 0L), dim = c(6L, 4L), dimnames = structure(list(c("-3", "-2", 
"-1", "0", "1", "2"), c("A", "C", "T", NA)), names = c("", ""
))), GM17_SNP1 = structure(c(0L, 0L, 0L, 2L, 0L, 1L, 0L, 77L, 
4226L, 12L, 0L, 3L, 46L, 4342L, 16L, 0L, 0L, 4L, 287L, 0L), dim = 5:4, dimnames = structure(list(
    c("-3", "-2", "-1", "0", "1"), c("A", "C", "T", NA)), names = c("", 
""))), GM22_SNP1 = structure(c(6L, 161L, 9852L, 48L, 1L, 0L, 
0L, 2L, 0L, 0L, 0L, 1L, 143L, 1L, 0L), dim = c(5L, 3L), dimnames = structure(list(
    c("-2", "-1", "0", "1", "2"), c("A", "G", NA)), names = c("", 
""))), GM26_SNP1 = structure(c(1L, 48L, 6156L, 18L, 0L, 0L, 9L, 
0L, 0L, 1L, 70L, 0L), dim = 4:3, dimnames = structure(list(c("-2", 
"-1", "0", "1"), c("A", "G", NA)), names = c("", ""))), GM29_SNP1 = structure(c(0L, 
0L, 1L, 0L, 0L, 2L, 49L, 3866L, 13L, 0L, 2L, 59L, 3435L, 3L, 
1L, 0L, 0L, 88L, 1L, 0L), dim = 5:4, dimnames = structure(list(
    c("-2", "-1", "0", "1", "2"), c("-", "A", "G", NA)), names = c("", 
""))), IM16_SNP1 = structure(c(2L, 113L, 6409L, 88L, 3L, 0L, 
1L, 14L, 1L, 0L, 0L, 0L, 65L, 1L, 0L), dim = c(5L, 3L), dimnames = structure(list(
    c("-2", "-1", "0", "1", "2"), c("A", "G", NA)), names = c("", 
""))), IM49_SNP1 = structure(c(4L, 222L, 6394L, 145L, 0L, 0L, 
0L, 17L, 1L, 0L, 0L, 0L, 1L, 0L, 0L, 0L, 4L, 169L, 3L, 1L), dim = 5:4, dimnames = structure(list(
    c("-2", "-1", "0", "1", "2"), c("C", "G", "T", NA)), names = c("", 
""))), LR10_SNP1 = structure(c(0L, 1L, 0L, 0L, 0L, 2L, 0L, 0L, 
40L, 2499L, 11L, 1L, 65L, 3948L, 17L, 0L, 0L, 87L, 0L, 0L), dim = 4:5, dimnames = structure(list(
    c("-1", "0", "1", "2"), c("-", "A", "C", "T", NA)), names = c("", 
""))), LR11_SNP1 = structure(c(0L, 0L, 1L, 0L, 6L, 117L, 5909L, 
37L, 3L, 102L, 4470L, 36L, 0L, 6L, 271L, 0L), dim = c(4L, 4L), dimnames = structure(list(
    c("-2", "-1", "0", "1"), c("-", "A", "C", NA)), names = c("", 
""))), LR17_SNP1 = structure(c(0L, 0L, 0L, 1L, 0L, 0L, 1L, 19L, 
423L, 10504L, 125L, 1L, 0L, 0L, 0L, 3L, 0L, 0L, 0L, 0L, 17L, 
729L, 3L, 0L), dim = c(6L, 4L), dimnames = structure(list(c("-4", 
"-2", "-1", "0", "1", "2"), c("-", "A", "G", NA)), names = c("", 
""))), LR20_SNP1 = structure(c(0L, 1L, 0L, 15L, 6792L, 7L, 1L, 
8L, 0L, 0L, 1L, 0L, 0L, 26L, 0L), dim = c(3L, 5L), dimnames = structure(list(
    c("-1", "0", "1"), c("-", "A", "G", "T", NA)), names = c("", 
""))), LR24_SNP1 = structure(c(0L, 10L, 3353L, 7L, 1L, 2L, 14L, 
5284L, 17L, 0L, 1L, 0L, 40L, 0L, 0L), dim = c(5L, 3L), dimnames = structure(list(
    c("-2", "-1", "0", "1", "2"), c("A", "G", NA)), names = c("", 
""))), LR36_SNP1 = structure(c(0L, 0L, 0L, 1L, 0L, 0L, 1L, 14L, 
153L, 8346L, 81L, 2L, 0L, 0L, 0L, 1L, 0L, 0L, 0L, 0L, 0L, 2L, 
0L, 0L, 0L, 5L, 1L, 17L, 0L, 0L, 0L, 0L, 6L, 262L, 3L, 0L), dim = c(6L, 
6L), dimnames = structure(list(c("-4", "-2", "-1", "0", "1", 
"2"), c("-", "A", "C", "G", "T", NA)), names = c("", ""))), LR40_SNP1 = structure(c(0L, 
0L, 7L, 0L, 0L, 1L, 77L, 6217L, 21L, 0L, 0L, 0L, 1L, 0L, 0L, 
0L, 0L, 51L, 3L, 1L), dim = 5:4, dimnames = structure(list(c("-2", 
"-1", "0", "1", "2"), c("A", "C", "G", NA)), names = c("", ""
))), LR44_SNP1 = structure(c(0L, 2L, 1L, 5L, 0L, 1L, 10L, 371L, 
4026L, 56L, 0L, 1L, 8L, 59L, 2L), dim = c(5L, 3L), dimnames = structure(list(
    c("-3", "-2", "-1", "0", "1"), c("C", "T", NA)), names = c("", 
""))), LR46_SNP1 = structure(c(28L, 7353L, 22L, 0L, 14L, 0L, 
0L, 61L, 0L), dim = c(3L, 3L), dimnames = structure(list(c("-1", 
"0", "1"), c("G", "T", NA)), names = c("", ""))), LR48_SNP1 = structure(c(0L, 
0L, 0L, 1L, 0L, 0L, 2L, 6L, 243L, 7790L, 146L, 1L, 0L, 0L, 2L, 
9L, 1L, 1L, 0L, 0L, 2L, 171L, 3L, 0L), dim = c(6L, 4L), dimnames = structure(list(
    c("-3", "-2", "-1", "0", "1", "2"), c("A", "C", "T", NA)), names = c("", 
""))), LR49_SNP1 = structure(c(0L, 17L, 0L, 25L, 6912L, 4L, 0L, 
37L, 0L), dim = c(3L, 3L), dimnames = structure(list(c("-1", 
"0", "1"), c("A", "G", NA)), names = c("", ""))), LR52_SNP1 = structure(c(2L, 
25L, 349L, 2869L, 17L, 0L, 25L, 287L, 3531L, 29L, 0L, 0L, 19L, 
994L, 6L), dim = c(5L, 3L), dimnames = structure(list(c("-3", 
"-2", "-1", "0", "1"), c("C", "T", NA)), names = c("", ""))))
