Result <-
list(DEPDC2_SNP1 = structure(c(16L, 2732L, 24L, 0L, 11L, 0L, 
0L, 56L, 2L), dim = c(3L, 3L), dimnames = structure(list(c("-1", 
"0", "1"), c("C", "T", NA)), names = c("", ""))), GM01_SNP1 = structure(c(4L, 
973L, 1127L, 5L, 3L, 911L, 850L, 1L, 0L, 7L, 23L, 0L), dim = 4:3, dimnames = structure(list(
    c("-2", "-1", "0", "1"), c("A", "G", NA)), names = c("", 
""))), GM07_SNP1 = structure(c(0L, 1L, 0L, 0L, 0L, 15L, 639L, 
1109L, 31L, 2L, 1L, 0L, 0L, 0L, 0L, 1011L, 20L, 294L, 8L, 2L, 
0L, 0L, 1L, 0L, 0L, 3L, 6L, 22L, 0L, 0L), dim = 5:6, dimnames = structure(list(
    c("-2", "-1", "0", "1", "2"), c("-", "A", "C", "G", "T", 
    NA)), names = c("", ""))), GM09_SNP1 = structure(c(7L, 3015L, 
3L, 0L, 1L, 0L, 694L, 946L, 1L, 1L, 0L, 0L, 0L, 28L, 0L), dim = c(3L, 
5L), dimnames = structure(list(c("-1", "0", "1"), c("A", "C", 
"G", "T", NA)), names = c("", ""))), GM11_SNP1 = structure(c(0L, 
373L, 303L, 0L, 0L, 1L, 11L, 1324L, 142L, 2L, 0L, 1L, 14L, 2L, 
0L), dim = c(5L, 3L), dimnames = structure(list(c("-2", "-1", 
"0", "1", "2"), c("A", "G", NA)), names = c("", ""))), GM14_SNP1 = structure(c(1L, 
1L, 551L, 221L, 3205L, 30L, 0L, 0L, 0L, 0L, 3L, 0L, 0L, 0L, 0L, 
0L, 38L, 0L), dim = c(6L, 3L), dimnames = structure(list(c("-5", 
"-3", "-2", "-1", "0", "1"), c("C", "T", NA)), names = c("", 
""))), GM17_SNP1 = structure(c(0L, 0L, 0L, 13L, 0L, 1L, 4L, 2055L, 
3471L, 15L, 0L, 1L, 9L, 106L, 1L), dim = c(5L, 3L), dimnames = structure(list(
    c("-3", "-2", "-1", "0", "1"), c("C", "T", NA)), names = c("", 
""))), GM22_SNP1 = structure(c(1L, 45L, 2824L, 586L, 7L, 0L, 
0L, 3L, 0L, 0L, 0L, 4L, 40L, 8L, 0L), dim = c(5L, 3L), dimnames = structure(list(
    c("-2", "-1", "0", "1", "2"), c("A", "G", NA)), names = c("", 
""))), GM26_SNP1 = structure(c(9L, 1843L, 7L, 0L, 4L, 0L, 0L, 
19L, 0L), dim = c(3L, 3L), dimnames = structure(list(c("-1", 
"0", "1"), c("A", "G", NA)), names = c("", ""))), GM29_SNP1 = structure(c(0L, 
0L, 3L, 6L, 0L, 1L, 8L, 1074L, 2588L, 12L, 0L, 0L, 9L, 35L, 0L
), dim = c(5L, 3L), dimnames = structure(list(c("-4", "-2", "-1", 
"0", "1"), c("A", "G", NA)), names = c("", ""))), IM16_SNP1 = structure(c(0L, 
1L, 6L, 0L, 0L, 3L, 1136L, 2055L, 32L, 2L, 0L, 2L, 31L, 0L, 1L
), dim = c(5L, 3L), dimnames = structure(list(c("-2", "-1", "0", 
"1", "2"), c("A", "G", NA)), names = c("", ""))), IM49_SNP1 = structure(c(0L, 
0L, 1L, 0L, 0L, 0L, 1L, 183L, 5513L, 4682L, 117L, 1L, 0L, 1L, 
0L, 4L, 0L, 0L, 0L, 0L, 0L, 1L, 0L, 0L, 0L, 2L, 43L, 124L, 1L, 
0L), dim = 6:5, dimnames = structure(list(c("-3", "-2", "-1", 
"0", "1", "2"), c("A", "C", "G", "T", NA)), names = c("", ""))), 
    LR10_SNP1 = structure(c(0L, 1L, 73L, 4L, 1L, 135L, 2972L, 
    4L, 0L, 1L, 52L, 0L), dim = 4:3, dimnames = structure(list(
        c("-2", "-1", "0", "1"), c("C", "T", NA)), names = c("", 
    ""))), LR11_SNP1 = structure(c(1L, 12L, 977L, 4545L, 62L, 
    1L, 0L, 0L, 0L, 2L, 0L, 0L, 0L, 0L, 7L, 54L, 0L, 0L), dim = c(6L, 
    3L), dimnames = structure(list(c("-3", "-2", "-1", "0", "1", 
    "2"), c("A", "C", NA)), names = c("", ""))), LR17_SNP1 = structure(c(42L, 
    1671L, 199L, 5106L, 60L, 0L, 0L, 0L, 1L, 0L, 0L, 1L, 0L, 
    1L, 0L, 0L, 1L, 0L, 0L, 0L, 1L, 19L, 8L, 406L, 1L), dim = c(5L, 
    5L), dimnames = structure(list(c("-3", "-2", "-1", "0", "1"
    ), c("A", "C", "G", "T", NA)), names = c("", ""))), LR20_SNP1 = structure(c(0L, 
    1L, 0L, 0L, 20L, 0L, 4L, 3332L, 2L, 0L, 36L, 0L), dim = 3:4, dimnames = structure(list(
        c("-1", "0", "1"), c("-", "A", "G", NA)), names = c("", 
    ""))), LR24_SNP1 = structure(c(0L, 0L, 0L, 9L, 0L, 3L, 3L, 
    899L, 2829L, 6L, 0L, 0L, 0L, 1L, 0L, 0L, 0L, 5L, 18L, 0L), dim = 5:4, dimnames = structure(list(
        c("-3", "-2", "-1", "0", "1"), c("A", "G", "T", NA)), names = c("", 
    ""))), LR36_SNP1 = structure(c(0L, 0L, 0L, 3L, 15L, 0L, 0L, 
    0L, 0L, 0L, 0L, 0L, 1L, 0L, 0L, 0L, 0L, 0L, 0L, 0L, 2L, 0L, 
    0L, 0L, 1L, 17L, 808L, 875L, 2127L, 12L, 2L, 27L, 0L, 1L, 
    19L, 36L, 185L, 1L, 0L, 2L), dim = c(8L, 5L), dimnames = structure(list(
        c("-4", "-3", "-2", "-1", "0", "1", "2", "3"), c("A", 
        "C", "G", "T", NA)), names = c("", ""))), LR40_SNP1 = structure(c(8L, 
    878L, 3L, 348L, 427L, 2L, 1L, 12L, 0L), dim = c(3L, 3L), dimnames = structure(list(
        c("-1", "0", "1"), c("A", "C", NA)), names = c("", ""
    ))), LR44_SNP1 = structure(c(0L, 0L, 0L, 0L, 1L, 0L, 0L, 
    1L, 2L, 283L, 70L, 764L, 1768L, 27L, 0L, 0L, 0L, 0L, 1L, 
    0L, 0L, 0L, 0L, 0L, 0L, 1L, 0L, 0L, 0L, 0L, 3L, 2L, 9L, 49L, 
    1L), dim = c(7L, 5L), dimnames = structure(list(c("-5", "-4", 
    "-3", "-2", "-1", "0", "1"), c("A", "C", "G", "T", NA)), names = c("", 
    ""))), LR46_SNP1 = structure(c(0L, 0L, 1L, 0L, 2L, 736L, 
    1798L, 2L, 0L, 4L, 15L, 0L), dim = 4:3, dimnames = structure(list(
        c("-2", "-1", "0", "1"), c("A", "G", NA)), names = c("", 
    ""))), LR48_SNP1 = structure(c(0L, 0L, 1L, 1L, 0L, 0L, 2L, 
    436L, 503L, 1908L, 31L, 1L, 0L, 0L, 0L, 3L, 1L, 0L, 0L, 6L, 
    3L, 56L, 0L, 0L), dim = c(6L, 4L), dimnames = structure(list(
        c("-3", "-2", "-1", "0", "1", "4"), c("A", "C", "T", 
        NA)), names = c("", ""))), LR49_SNP1 = structure(c(0L, 
    5L, 2260L, 3L, 1L, 1021L, 1127L, 1L, 0L, 4L, 67L, 0L), dim = 4:3, dimnames = structure(list(
        c("-2", "-1", "0", "1"), c("A", "G", NA)), names = c("", 
    ""))), LR52_SNP1 = structure(c(1L, 11L, 257L, 197L, 327L, 
    3L, 0L, 0L, 2L, 34L, 337L, 2L, 0L, 0L, 1L, 9L, 98L, 0L), dim = c(6L, 
    3L), dimnames = structure(list(c("-4", "-3", "-2", "-1", 
    "0", "1"), c("C", "T", NA)), names = c("", ""))))
