Result <-
list(DEPDC2_SNP1 = structure(c(0L, 0L, 6L, 0L, 2L, 42L, 5781L, 
30L, 0L, 0L, 43L, 0L), dim = 4:3, dimnames = structure(list(c("-2", 
"-1", "0", "1"), c("C", "T", NA)), names = c("", ""))), GM01_SNP1 = structure(c(1L, 
95L, 5147L, 28L, 1L, 0L, 0L, 1L, 0L, 0L, 2L, 145L, 5877L, 15L, 
0L, 0L, 0L, 1L, 0L, 0L, 0L, 4L, 143L, 3L, 0L), dim = c(5L, 5L
), dimnames = structure(list(c("-2", "-1", "0", "1", "2"), c("A", 
"C", "G", "T", NA)), names = c("", ""))), GM07_SNP1 = structure(c(0L, 
1L, 1L, 0L, 0L, 33L, 1033L, 4624L, 108L, 2L, 0L, 0L, 0L, 0L, 
0L, 0L, 10L, 119L, 3L, 0L), dim = 5:4, dimnames = structure(list(
    c("-2", "-1", "0", "1", "2"), c("A", "G", "T", NA)), names = c("", 
""))), GM09_SNP1 = structure(c(19L, 5198L, 1382L, 9L, 13L, 4207L, 
4L, 0L, 1L, 61L, 7L, 1L), dim = 4:3, dimnames = structure(list(
    c("-1", "0", "1", "2"), c("A", "G", NA)), names = c("", ""
))), GM11_SNP1 = structure(c(1L, 356L, 2412L, 8L, 0L, 79L, 2997L, 
41L, 0L, 2L, 49L, 1L), dim = 4:3, dimnames = structure(list(c("-2", 
"-1", "0", "1"), c("A", "G", NA)), names = c("", ""))), GM14_SNP1 = structure(c(0L, 
0L, 1L, 11L, 0L, 1L, 41L, 1083L, 5692L, 42L, 0L, 0L, 2L, 85L, 
0L), dim = c(5L, 3L), dimnames = structure(list(c("-3", "-2", 
"-1", "0", "1"), c("C", "T", NA)), names = c("", ""))), GM17_SNP1 = structure(c(0L, 
0L, 3L, 0L, 1L, 40L, 3278L, 9L, 0L, 36L, 3295L, 12L, 0L, 1L, 
197L, 0L), dim = c(4L, 4L), dimnames = structure(list(c("-2", 
"-1", "0", "1"), c("A", "C", "T", NA)), names = c("", ""))), 
    GM22_SNP1 = structure(c(2L, 107L, 5023L, 17L, 3L, 69L, 4620L, 
    17L, 0L, 0L, 1L, 0L, 1L, 5L, 218L, 1L), dim = c(4L, 4L), dimnames = structure(list(
        c("-2", "-1", "0", "1"), c("A", "G", "T", NA)), names = c("", 
    ""))), GM26_SNP1 = structure(c(2L, 78L, 6476L, 22L, 0L, 0L, 
    7L, 0L, 0L, 1L, 81L, 0L), dim = 4:3, dimnames = structure(list(
        c("-2", "-1", "0", "1"), c("A", "G", NA)), names = c("", 
    ""))), GM29_SNP1 = structure(c(2L, 105L, 5652L, 19L, 0L, 
    0L, 1L, 0L, 0L, 0L, 50L, 0L), dim = 4:3, dimnames = structure(list(
        c("-2", "-1", "0", "1"), c("A", "G", NA)), names = c("", 
    ""))), IM16_SNP1 = structure(c(109L, 3000L, 42L, 76L, 3909L, 
    71L, 1L, 105L, 5L), dim = c(3L, 3L), dimnames = structure(list(
        c("-1", "0", "1"), c("A", "G", NA)), names = c("", ""
    ))), IM49_SNP1 = structure(c(1L, 1L, 8L, 0L, 6L, 480L, 4290L, 
    93L, 0L, 12L, 225L, 7L), dim = 4:3, dimnames = structure(list(
        c("-2", "-1", "0", "1"), c("C", "G", NA)), names = c("", 
    ""))), LR10_SNP1 = structure(c(2L, 97L, 4019L, 21L, 0L, 39L, 
    4266L, 12L, 0L, 4L, 142L, 1L), dim = 4:3, dimnames = structure(list(
        c("-2", "-1", "0", "1"), c("C", "T", NA)), names = c("", 
    ""))), LR11_SNP1 = structure(c(0L, 0L, 0L, 11L, 0L, 0L, 1L, 
    8L, 198L, 10070L, 109L, 2L, 0L, 0L, 8L, 420L, 8L, 0L), dim = c(6L, 
    3L), dimnames = structure(list(c("-3", "-2", "-1", "0", "1", 
    "2"), c("A", "C", NA)), names = c("", ""))), LR17_SNP1 = structure(c(6L, 
    74L, 2424L, 11061L, 125L, 4L, 0L, 0L, 0L, 3L, 0L, 0L, 0L, 
    0L, 113L, 810L, 3L, 0L), dim = c(6L, 3L), dimnames = structure(list(
        c("-3", "-2", "-1", "0", "1", "2"), c("A", "G", NA)), names = c("", 
    ""))), LR20_SNP1 = structure(c(46L, 7567L, 19L, 0L, 1L, 0L, 
    0L, 25L, 0L), dim = c(3L, 3L), dimnames = structure(list(
        c("-1", "0", "1"), c("A", "T", NA)), names = c("", ""
    ))), LR24_SNP1 = structure(c(2L, 691L, 3767L, 15L, 2L, 844L, 
    3732L, 16L, 0L, 5L, 49L, 0L), dim = 4:3, dimnames = structure(list(
        c("-2", "-1", "0", "1"), c("A", "G", NA)), names = c("", 
    ""))), LR36_SNP1 = structure(c(0L, 0L, 1L, 32L, 0L, 0L, 0L, 
    0L, 1L, 1L, 0L, 0L, 2L, 17L, 650L, 6584L, 50L, 1L, 0L, 1L, 
    31L, 567L, 7L, 0L), dim = c(6L, 4L), dimnames = structure(list(
        c("-3", "-2", "-1", "0", "1", "2"), c("A", "G", "T", 
        NA)), names = c("", ""))), LR40_SNP1 = structure(c(0L, 
    0L, 23L, 0L, 1L, 1391L, 5216L, 21L, 0L, 0L, 1L, 0L, 0L, 7L, 
    46L, 0L), dim = c(4L, 4L), dimnames = structure(list(c("-2", 
    "-1", "0", "1"), c("A", "C", "T", NA)), names = c("", ""))), 
    LR44_SNP1 = structure(c(6L, 209L, 908L, 4126L, 91L, 1L, 0L, 
    0L, 10L, 58L, 0L, 0L, 0L, 2L, 16L, 137L, 2L, 0L), dim = c(6L, 
    3L), dimnames = structure(list(c("-3", "-2", "-1", "0", "1", 
    "2"), c("C", "T", NA)), names = c("", ""))), LR46_SNP1 = structure(c(0L, 
    1L, 0L, 88L, 5497L, 25L, 0L, 4L, 0L, 1L, 46L, 0L), dim = 3:4, dimnames = structure(list(
        c("-1", "0", "1"), c("A", "G", "T", NA)), names = c("", 
    ""))), LR48_SNP1 = structure(c(0L, 0L, 0L, 1L, 0L, 0L, 1L, 
    437L, 105L, 2844L, 58L, 1L, 0L, 0L, 156L, 3463L, 53L, 0L, 
    0L, 4L, 3L, 178L, 3L, 0L), dim = c(6L, 4L), dimnames = structure(list(
        c("-3", "-2", "-1", "0", "1", "2"), c("A", "C", "T", 
        NA)), names = c("", ""))), LR49_SNP1 = structure(c(1L, 
    21L, 7744L, 4L, 0L, 1L, 13L, 0L, 0L, 0L, 167L, 0L), dim = 4:3, dimnames = structure(list(
        c("-2", "-1", "0", "1"), c("A", "G", NA)), names = c("", 
    ""))), LR52_SNP1 = structure(c(77L, 382L, 245L, 2150L, 20L, 
    1L, 22L, 549L, 243L, 2737L, 21L, 1L, 0L, 7L, 26L, 810L, 8L, 
    0L), dim = c(6L, 3L), dimnames = structure(list(c("-3", "-2", 
    "-1", "0", "1", "2"), c("C", "T", NA)), names = c("", ""))))
