Result <-
list(DEPDC2_SNP1 = structure(c(0L, 4L, 0L, 15L, 1734L, 19L, 13L, 
2178L, 13L, 0L, 57L, 0L), dim = 3:4, dimnames = structure(list(
    c("-1", "0", "1"), c("A", "C", "T", NA)), names = c("", ""
))), GM01_SNP1 = structure(c(5L, 2323L, 4091L, 20L, 0L, 2L, 32L, 
0L, 0L, 12L, 73L, 0L), dim = 4:3, dimnames = structure(list(c("-2", 
"-1", "0", "1"), c("A", "G", NA)), names = c("", ""))), GM07_SNP1 = structure(c(0L, 
0L, 0L, 2L, 0L, 0L, 0L, 5L, 593L, 854L, 22L, 0L, 1L, 25L, 863L, 
1054L, 36L, 1L, 0L, 0L, 13L, 33L, 0L, 0L), dim = c(6L, 4L), dimnames = structure(list(
    c("-3", "-2", "-1", "0", "1", "2"), c("-", "A", "G", NA)), names = c("", 
""))), GM09_SNP1 = structure(c(12L, 3292L, 3L, 17L, 3134L, 2L, 
0L, 1L, 0L, 1L, 51L, 0L), dim = 3:4, dimnames = structure(list(
    c("-1", "0", "1"), c("A", "G", "T", NA)), names = c("", ""
))), GM11_SNP1 = structure(c(2L, 794L, 1000L, 36L, 0L, 770L, 
1179L, 24L, 1L, 0L, 0L, 0L, 0L, 11L, 16L, 1L), dim = c(4L, 4L
), dimnames = structure(list(c("-2", "-1", "0", "1"), c("A", 
"G", "T", NA)), names = c("", ""))), GM14_SNP1 = structure(c(0L, 
0L, 0L, 1L, 0L, 0L, 35L, 136L, 3352L, 3396L, 68L, 0L, 0L, 0L, 
4L, 15L, 0L, 0L, 0L, 0L, 4L, 37L, 1L, 1L), dim = c(6L, 4L), dimnames = structure(list(
    c("-3", "-2", "-1", "0", "1", "2"), c("-", "C", "T", NA)), names = c("", 
""))), GM17_SNP1 = structure(c(4L, 27L, 0L, 52L, 4435L, 14L, 
0L, 149L, 0L), dim = c(3L, 3L), dimnames = structure(list(c("-1", 
"0", "1"), c("C", "T", NA)), names = c("", ""))), GM22_SNP1 = structure(c(0L, 
59L, 2871L, 12L, 0L, 3L, 30L, 2307L, 9L, 1L, 0L, 3L, 99L, 0L, 
0L), dim = c(5L, 3L), dimnames = structure(list(c("-2", "-1", 
"0", "1", "2"), c("A", "G", NA)), names = c("", ""))), GM26_SNP1 = structure(c(9L, 
1375L, 22L, 62L, 1525L, 5L, 0L, 60L, 0L), dim = c(3L, 3L), dimnames = structure(list(
    c("-1", "0", "1"), c("A", "G", NA)), names = c("", ""))), 
    GM29_SNP1 = structure(c(0L, 2L, 35L, 2503L, 9L, 1L, 4L, 34L, 
    2710L, 12L, 0L, 0L, 4L, 43L, 1L), dim = c(5L, 3L), dimnames = structure(list(
        c("-3", "-2", "-1", "0", "1"), c("A", "G", NA)), names = c("", 
    ""))), IM16_SNP1 = structure(c(0L, 7L, 1084L, 1355L, 11L, 
    0L, 8L, 1031L, 16L, 1095L, 26L, 1L, 0L, 0L, 1L, 0L, 0L, 0L, 
    0L, 3L, 10L, 36L, 0L, 0L), dim = c(6L, 4L), dimnames = structure(list(
        c("-3", "-2", "-1", "0", "1", "2"), c("A", "G", "T", 
        NA)), names = c("", ""))), IM49_SNP1 = structure(c(0L, 
    0L, 0L, 1L, 0L, 0L, 1L, 71L, 256L, 4701L, 115L, 1L, 3L, 231L, 
    2198L, 2594L, 56L, 0L, 0L, 0L, 55L, 270L, 4L, 0L), dim = c(6L, 
    4L), dimnames = structure(list(c("-3", "-2", "-1", "0", "1", 
    "2"), c("A", "C", "G", NA)), names = c("", ""))), LR10_SNP1 = structure(c(0L, 
    1L, 0L, 139L, 2037L, 16L, 25L, 1958L, 4L, 0L, 56L, 1L), dim = 3:4, dimnames = structure(list(
        c("-1", "0", "1"), c("A", "C", "T", NA)), names = c("", 
    ""))), LR11_SNP1 = structure(c(98L, 1784L, 2309L, 33L, 10L, 
    389L, 2600L, 34L, 0L, 2L, 0L, 0L, 0L, 1L, 2L, 0L, 3L, 31L, 
    120L, 2L), dim = 4:5, dimnames = structure(list(c("-2", "-1", 
    "0", "1"), c("A", "C", "G", "T", NA)), names = c("", ""))), 
    LR17_SNP1 = structure(c(6L, 2123L, 569L, 7197L, 65L, 1L, 
    0L, 1L, 3L, 4L, 0L, 0L, 0L, 19L, 18L, 561L, 0L, 0L), dim = c(6L, 
    3L), dimnames = structure(list(c("-3", "-2", "-1", "0", "1", 
    "2"), c("A", "G", NA)), names = c("", ""))), LR20_SNP1 = structure(c(29L, 
    4036L, 9L, 6L, 28L, 0L, 0L, 14L, 0L), dim = c(3L, 3L), dimnames = structure(list(
        c("-1", "0", "1"), c("A", "G", NA)), names = c("", ""
    ))), LR24_SNP1 = structure(c(0L, 0L, 0L, 1L, 0L, 0L, 4L, 
    200L, 2989L, 9L, 1L, 0L, 98L, 3147L, 5L, 0L, 0L, 3L, 47L, 
    0L), dim = 5:4, dimnames = structure(list(c("-3", "-2", "-1", 
    "0", "1"), c("-", "A", "G", NA)), names = c("", ""))), LR36_SNP1 = structure(c(0L, 
    0L, 0L, 3L, 28L, 0L, 0L, 0L, 0L, 0L, 1L, 0L, 5L, 877L, 249L, 
    1581L, 4061L, 43L, 1L, 9L, 5L, 63L, 352L, 6L), dim = c(6L, 
    4L), dimnames = structure(list(c("-4", "-3", "-2", "-1", 
    "0", "1"), c("A", "G", "T", NA)), names = c("", ""))), LR40_SNP1 = structure(c(0L, 
    0L, 0L, 1L, 0L, 1L, 797L, 79L, 3071L, 18L, 0L, 0L, 0L, 2L, 
    0L, 0L, 3L, 2L, 20L, 0L), dim = 5:4, dimnames = structure(list(
        c("-3", "-2", "-1", "0", "1"), c("A", "C", "T", NA)), names = c("", 
    ""))), LR44_SNP1 = structure(c(0L, 0L, 0L, 6L, 0L, 0L, 0L, 
    1172L, 2L, 71L, 1059L, 15L, 1L, 2L, 27L, 816L, 1212L, 59L, 
    0L, 6L, 2L, 15L, 62L, 1L), dim = c(6L, 4L), dimnames = structure(list(
        c("-5", "-3", "-2", "-1", "0", "1"), c("A", "C", "T", 
        NA)), names = c("", ""))), LR46_SNP1 = structure(c(0L, 
    33L, 2205L, 6L, 1L, 873L, 1317L, 2L, 0L, 5L, 30L, 0L), dim = 4:3, dimnames = structure(list(
        c("-2", "-1", "0", "1"), c("G", "T", NA)), names = c("", 
    ""))), LR48_SNP1 = structure(c(31L, 1230L, 1461L, 15L, 132L, 
    1818L, 1268L, 15L, 1L, 16L, 70L, 0L), dim = 4:3, dimnames = structure(list(
        c("-2", "-1", "0", "1"), c("C", "T", NA)), names = c("", 
    ""))), LR49_SNP1 = structure(c(0L, 4L, 27L, 0L, 0L, 0L, 2L, 
    0L, 3L, 1863L, 4317L, 1L, 0L, 0L, 1L, 0L, 0L, 13L, 28L, 0L
    ), dim = 4:5, dimnames = structure(list(c("-2", "-1", "0", 
    "1"), c("A", "C", "G", "T", NA)), names = c("", ""))), LR52_SNP1 = structure(c(0L, 
    6L, 194L, 790L, 767L, 6L, 70L, 833L, 9L, 52L, 642L, 3L, 0L, 
    3L, 8L, 31L, 275L, 2L), dim = c(6L, 3L), dimnames = structure(list(
        c("-4", "-3", "-2", "-1", "0", "1"), c("C", "T", NA)), names = c("", 
    ""))))
