Result <-
list(DEPDC2_SNP1 = structure(c(0L, 0L, 2L, 0L, 0L, 0L, 0L, 6L, 
0L, 0L, 1L, 152L, 4807L, 106L, 12L, 0L, 1L, 41L, 1L, 0L), dim = 5:4, dimnames = structure(list(
    c("-2", "-1", "0", "1", "2"), c("A", "C", "T", NA)), names = c("", 
""))), GM01_SNP1 = structure(c(3L, 1536L, 10063L, 41L, 0L, 0L, 
6L, 0L, 0L, 12L, 108L, 3L), dim = 4:3, dimnames = structure(list(
    c("-2", "-1", "0", "1"), c("A", "G", NA)), names = c("", 
""))), GM07_SNP1 = structure(c(0L, 0L, 1L, 0L, 0L, 19L, 678L, 
2290L, 68L, 1L, 127L, 745L, 2329L, 66L, 2L, 1L, 16L, 104L, 4L, 
0L), dim = 5:4, dimnames = structure(list(c("-2", "-1", "0", 
"1", "2"), c("-", "A", "G", NA)), names = c("", ""))), GM09_SNP1 = structure(c(112L, 
10852L, 30L, 0L, 15L, 0L, 1L, 70L, 0L), dim = c(3L, 3L), dimnames = structure(list(
    c("-1", "0", "1"), c("A", "G", NA)), names = c("", ""))), 
    GM11_SNP1 = structure(c(2L, 386L, 6051L, 31L, 0L, 0L, 6L, 
    0L, 0L, 2L, 53L, 1L), dim = 4:3, dimnames = structure(list(
        c("-2", "-1", "0", "1"), c("A", "G", NA)), names = c("", 
    ""))), GM14_SNP1 = structure(c(1L, 15L, 302L, 3599L, 30L, 
    0L, 51L, 623L, 2422L, 13L, 0L, 0L, 1L, 71L, 0L), dim = c(5L, 
    3L), dimnames = structure(list(c("-3", "-2", "-1", "0", "1"
    ), c("C", "T", NA)), names = c("", ""))), GM17_SNP1 = structure(c(132L, 
    665L, 7250L, 34L, 1L, 0L, 1L, 5L, 0L, 0L, 1L, 5L, 255L, 1L, 
    0L), dim = c(5L, 3L), dimnames = structure(list(c("-2", "-1", 
    "0", "1", "2"), c("C", "T", NA)), names = c("", ""))), GM22_SNP1 = structure(c(9L, 
    906L, 4086L, 19L, 4L, 228L, 4437L, 75L, 0L, 0L, 1L, 0L, 1L, 
    16L, 168L, 3L), dim = c(4L, 4L), dimnames = structure(list(
        c("-2", "-1", "0", "1"), c("A", "G", "T", NA)), names = c("", 
    ""))), GM26_SNP1 = structure(c(2L, 64L, 5337L, 13L, 0L, 1L, 
    3L, 0L, 0L, 0L, 60L, 0L), dim = 4:3, dimnames = structure(list(
        c("-2", "-1", "0", "1"), c("A", "G", NA)), names = c("", 
    ""))), GM29_SNP1 = structure(c(2L, 215L, 5367L, 14L, 0L, 
    0L, 2L, 0L, 0L, 4L, 67L, 0L), dim = 4:3, dimnames = structure(list(
        c("-2", "-1", "0", "1"), c("A", "G", NA)), names = c("", 
    ""))), IM16_SNP1 = structure(c(13L, 742L, 2563L, 42L, 0L, 
    36L, 521L, 2257L, 84L, 1L, 0L, 7L, 77L, 8L, 2L), dim = c(5L, 
    3L), dimnames = structure(list(c("-2", "-1", "0", "1", "2"
    ), c("A", "G", NA)), names = c("", ""))), IM49_SNP1 = structure(c(0L, 
    171L, 710L, 2734L, 50L, 1L, 2L, 23L, 914L, 3103L, 89L, 2L, 
    0L, 1L, 17L, 211L, 5L, 0L), dim = c(6L, 3L), dimnames = structure(list(
        c("-3", "-2", "-1", "0", "1", "2"), c("C", "G", NA)), names = c("", 
    ""))), LR10_SNP1 = structure(c(131L, 392L, 7357L, 55L, 0L, 
    1L, 17L, 0L, 0L, 7L, 110L, 0L), dim = 4:3, dimnames = structure(list(
        c("-2", "-1", "0", "1"), c("C", "T", NA)), names = c("", 
    ""))), LR11_SNP1 = structure(c(0L, 0L, 1L, 0L, 15L, 1144L, 
    4745L, 26L, 133L, 118L, 4403L, 43L, 0L, 0L, 1L, 0L, 0L, 0L, 
    1L, 0L, 2L, 12L, 255L, 1L), dim = c(4L, 6L), dimnames = structure(list(
        c("-2", "-1", "0", "1"), c("-", "A", "C", "G", "T", NA
        )), names = c("", ""))), LR17_SNP1 = structure(c(3L, 
    184L, 1009L, 12376L, 682L, 17L, 0L, 0L, 0L, 8L, 0L, 0L, 0L, 
    1L, 33L, 853L, 26L, 0L), dim = c(6L, 3L), dimnames = structure(list(
        c("-3", "-2", "-1", "0", "1", "2"), c("A", "G", NA)), names = c("", 
    ""))), LR20_SNP1 = structure(c(0L, 210L, 2706L, 4L, 3L, 167L, 
    3320L, 8L, 0L, 1L, 46L, 0L), dim = 4:3, dimnames = structure(list(
        c("-2", "-1", "0", "1"), c("A", "G", NA)), names = c("", 
    ""))), LR24_SNP1 = structure(c(0L, 57L, 4280L, 12L, 2L, 168L, 
    3458L, 8L, 0L, 1L, 53L, 0L), dim = 4:3, dimnames = structure(list(
        c("-2", "-1", "0", "1"), c("A", "G", NA)), names = c("", 
    ""))), LR36_SNP1 = structure(c(0L, 0L, 0L, 23L, 0L, 5L, 523L, 
    833L, 5266L, 61L, 0L, 14L, 53L, 464L, 8L), dim = c(5L, 3L
    ), dimnames = structure(list(c("-3", "-2", "-1", "0", "1"
    ), c("A", "T", NA)), names = c("", ""))), LR40_SNP1 = structure(c(0L, 
    165L, 2975L, 7L, 1L, 59L, 335L, 2299L, 34L, 1L, 0L, 0L, 1L, 
    0L, 0L, 0L, 1L, 29L, 1L, 0L), dim = 5:4, dimnames = structure(list(
        c("-2", "-1", "0", "1", "2"), c("A", "C", "G", NA)), names = c("", 
    ""))), LR44_SNP1 = structure(c(38L, 190L, 241L, 170L, 1860L, 
    33L, 0L, 7L, 228L, 553L, 1983L, 36L, 0L, 3L, 1L, 4L, 123L, 
    0L), dim = c(6L, 3L), dimnames = structure(list(c("-4", "-3", 
    "-2", "-1", "0", "1"), c("C", "T", NA)), names = c("", ""
    ))), LR46_SNP1 = structure(c(0L, 1L, 0L, 0L, 40L, 3433L, 
    7L, 1L, 7L, 3321L, 7L, 0L, 0L, 57L, 0L, 0L), dim = c(4L, 
    4L), dimnames = structure(list(c("-1", "0", "1", "2"), c("A", 
    "G", "T", NA)), names = c("", ""))), LR48_SNP1 = structure(c(112L, 
    707L, 5739L, 89L, 0L, 0L, 2L, 0L, 0L, 4L, 148L, 2L), dim = 4:3, dimnames = structure(list(
        c("-2", "-1", "0", "1"), c("C", "T", NA)), names = c("", 
    ""))), LR49_SNP1 = structure(c(106L, 4008L, 1L, 41L, 4012L, 
    17L, 0L, 2L, 0L, 2L, 118L, 0L), dim = 3:4, dimnames = structure(list(
        c("-1", "0", "1"), c("A", "G", "T", NA)), names = c("", 
    ""))), LR52_SNP1 = structure(c(258L, 175L, 577L, 638L, 4107L, 
    62L, 3L, 0L, 0L, 0L, 2L, 9L, 1L, 0L, 1L, 1L, 8L, 25L, 1017L, 
    17L, 0L), dim = c(7L, 3L), dimnames = structure(list(c("-4", 
    "-3", "-2", "-1", "0", "1", "2"), c("C", "T", NA)), names = c("", 
    ""))))
