Result <-
list(DEPDC2_SNP1 = structure(c(1L, 10L, 1729L, 14L, 0L, 10L, 
1704L, 17L, 0L, 0L, 46L, 0L), dim = 4:3, dimnames = structure(list(
    c("-2", "-1", "0", "1"), c("C", "T", NA)), names = c("", 
""))), GM01_SNP1 = structure(c(0L, 43L, 3777L, 26L, 2L, 40L, 
3936L, 68L, 0L, 0L, 1L, 0L, 0L, 0L, 119L, 0L), dim = c(4L, 4L
), dimnames = structure(list(c("-2", "-1", "0", "1"), c("A", 
"G", "T", NA)), names = c("", ""))), GM07_SNP1 = structure(c(0L, 
0L, 1L, 0L, 0L, 129L, 796L, 3223L, 101L, 2L, 0L, 0L, 4L, 0L, 
0L, 0L, 0L, 1L, 0L, 0L, 1L, 5L, 39L, 2L, 0L), dim = c(5L, 5L), dimnames = structure(list(
    c("-2", "-1", "0", "1", "2"), c("-", "A", "G", "T", NA)), names = c("", 
""))), GM09_SNP1 = structure(c(13L, 3143L, 6L, 0L, 1L, 0L, 1259L, 
2199L, 4L, 7L, 48L, 0L), dim = 3:4, dimnames = structure(list(
    c("-1", "0", "1"), c("A", "C", "G", NA)), names = c("", ""
))), GM11_SNP1 = structure(c(0L, 0L, 3L, 0L, 1L, 83L, 3994L, 
22L, 0L, 1L, 38L, 1L), dim = 4:3, dimnames = structure(list(c("-2", 
"-1", "0", "1"), c("A", "G", NA)), names = c("", ""))), GM14_SNP1 = structure(c(0L, 
0L, 0L, 1L, 0L, 0L, 0L, 0L, 36L, 0L, 0L, 5L, 282L, 2940L, 27L, 
1L, 87L, 344L, 1914L, 10L, 0L, 1L, 1L, 55L, 0L), dim = c(5L, 
5L), dimnames = structure(list(c("-3", "-2", "-1", "0", "1"), 
    c("-", "A", "C", "T", NA)), names = c("", ""))), GM17_SNP1 = structure(c(1L, 
164L, 2881L, 14L, 2L, 78L, 3478L, 9L, 0L, 4L, 211L, 1L), dim = 4:3, dimnames = structure(list(
    c("-2", "-1", "0", "1"), c("C", "T", NA)), names = c("", 
""))), GM22_SNP1 = structure(c(1L, 79L, 6303L, 32L, 0L, 0L, 1L, 
0L, 0L, 0L, 1L, 0L, 0L, 0L, 93L, 1L), dim = c(4L, 4L), dimnames = structure(list(
    c("-2", "-1", "0", "1"), c("A", "G", "T", NA)), names = c("", 
""))), GM26_SNP1 = structure(c(3L, 779L, 3103L, 16L, 0L, 0L, 
1L, 0L, 0L, 7L, 31L, 0L), dim = 4:3, dimnames = structure(list(
    c("-2", "-1", "0", "1"), c("A", "G", NA)), names = c("", 
""))), GM29_SNP1 = structure(c(2L, 35L, 2300L, 5L, 1L, 26L, 2292L, 
7L, 0L, 1L, 50L, 1L), dim = 4:3, dimnames = structure(list(c("-2", 
"-1", "0", "1"), c("A", "G", NA)), names = c("", ""))), IM16_SNP1 = structure(c(0L, 
12L, 2351L, 44L, 1L, 0L, 33L, 2802L, 35L, 0L, 0L, 0L, 2L, 0L, 
0L, 1L, 1L, 65L, 2L, 0L), dim = 5:4, dimnames = structure(list(
    c("-2", "-1", "0", "1", "2"), c("A", "G", "T", NA)), names = c("", 
""))), IM49_SNP1 = structure(c(0L, 0L, 0L, 1L, 0L, 0L, 0L, 0L, 
1L, 8L, 0L, 0L, 186L, 86L, 1388L, 3679L, 124L, 4L, 0L, 0L, 1L, 
0L, 0L, 0L, 1L, 0L, 32L, 173L, 6L, 1L), dim = 6:5, dimnames = structure(list(
    c("-3", "-2", "-1", "0", "1", "2"), c("A", "C", "G", "T", 
    NA)), names = c("", ""))), LR10_SNP1 = structure(c(0L, 0L, 
1L, 0L, 0L, 99L, 3256L, 21L, 1L, 81L, 2197L, 3L, 0L, 2L, 94L, 
1L), dim = c(4L, 4L), dimnames = structure(list(c("-2", "-1", 
"0", "1"), c("A", "C", "T", NA)), names = c("", ""))), LR11_SNP1 = structure(c(0L, 
1L, 2L, 0L, 0L, 7L, 146L, 5304L, 44L, 1L, 0L, 9L, 240L, 2L, 0L
), dim = c(5L, 3L), dimnames = structure(list(c("-2", "-1", "0", 
"1", "2"), c("A", "C", NA)), names = c("", ""))), LR17_SNP1 = structure(c(39L, 
2290L, 7778L, 221L, 5L, 0L, 0L, 2L, 0L, 0L, 0L, 84L, 602L, 7L, 
0L), dim = c(5L, 3L), dimnames = structure(list(c("-2", "-1", 
"0", "1", "2"), c("A", "G", NA)), names = c("", ""))), LR20_SNP1 = structure(c(276L, 
4964L, 11L, 0L, 5L, 0L, 0L, 1L, 0L, 0L, 14L, 0L), dim = 3:4, dimnames = structure(list(
    c("-1", "0", "1"), c("A", "G", "T", NA)), names = c("", ""
))), LR24_SNP1 = structure(c(80L, 7726L, 27L, 0L, 7L, 0L, 1L, 
46L, 0L), dim = c(3L, 3L), dimnames = structure(list(c("-1", 
"0", "1"), c("A", "G", NA)), names = c("", ""))), LR36_SNP1 = structure(c(5L, 
98L, 2579L, 48L, 0L, 0L, 4L, 0L, 5L, 101L, 2299L, 16L, 0L, 5L, 
249L, 3L), dim = c(4L, 4L), dimnames = structure(list(c("-2", 
"-1", "0", "1"), c("A", "G", "T", NA)), names = c("", ""))), 
    LR40_SNP1 = structure(c(0L, 0L, 1L, 0L, 1L, 43L, 4147L, 14L, 
    0L, 0L, 38L, 0L), dim = 4:3, dimnames = structure(list(c("-2", 
    "-1", "0", "1"), c("A", "C", NA)), names = c("", ""))), LR44_SNP1 = structure(c(0L, 
    0L, 2L, 0L, 0L, 15L, 358L, 1385L, 28L, 1L, 0L, 1L, 30L, 1L, 
    0L, 6L, 148L, 1887L, 24L, 0L, 2L, 6L, 107L, 1L, 0L), dim = c(5L, 
    5L), dimnames = structure(list(c("-2", "-1", "0", "1", "2"
    ), c("A", "C", "G", "T", NA)), names = c("", ""))), LR46_SNP1 = structure(c(0L, 
    0L, 2L, 0L, 0L, 6L, 2324L, 8L, 1L, 120L, 1349L, 2L, 0L, 0L, 
    31L, 0L), dim = c(4L, 4L), dimnames = structure(list(c("-4", 
    "-1", "0", "1"), c("-", "G", "T", NA)), names = c("", ""))), 
    LR48_SNP1 = structure(c(2L, 16L, 1142L, 4521L, 82L, 2L, 0L, 
    0L, 1L, 6L, 0L, 0L, 0L, 1L, 13L, 127L, 2L, 0L), dim = c(6L, 
    3L), dimnames = structure(list(c("-3", "-2", "-1", "0", "1", 
    "2"), c("C", "T", NA)), names = c("", ""))), LR49_SNP1 = structure(c(1L, 
    257L, 2292L, 1L, 0L, 199L, 2852L, 1L, 0L, 1L, 1L, 0L, 0L, 
    4L, 55L, 0L), dim = c(4L, 4L), dimnames = structure(list(
        c("-2", "-1", "0", "1"), c("A", "G", "T", NA)), names = c("", 
    ""))), LR52_SNP1 = structure(c(0L, 0L, 0L, 2L, 1L, 0L, 0L, 
    1L, 35L, 858L, 566L, 3182L, 32L, 3L, 0L, 1L, 7L, 11L, 188L, 
    5L, 0L), dim = c(7L, 3L), dimnames = structure(list(c("-4", 
    "-3", "-2", "-1", "0", "1", "2"), c("C", "T", NA)), names = c("", 
    ""))))
