Result <-
list(DEPDC2_SNP1 = structure(c(1L, 662L, 792L, 1L, 0L, 1L, 1L, 
0L, 0L, 43L, 2317L, 88L, 0L, 8L, 39L, 0L), dim = c(4L, 4L), dimnames = structure(list(
    c("-2", "-1", "0", "1"), c("C", "G", "T", NA)), names = c("", 
""))), GM01_SNP1 = structure(c(0L, 50L, 2932L, 10L, 0L, 0L, 1L, 
0L, 18L, 627L, 2240L, 3L, 0L, 1L, 62L, 1L), dim = c(4L, 4L), dimnames = structure(list(
    c("-2", "-1", "0", "1"), c("A", "C", "G", NA)), names = c("", 
""))), GM07_SNP1 = structure(c(0L, 0L, 0L, 0L, 0L, 0L, 1L, 134L, 
802L, 646L, 19L, 2L, 0L, 112L, 769L, 828L, 22L, 0L, 0L, 0L, 0L, 
1L, 0L, 0L, 0L, 2L, 10L, 34L, 1L, 0L), dim = 6:5, dimnames = structure(list(
    c("-3", "-2", "-1", "0", "1", "2"), c("-", "A", "G", "T", 
    NA)), names = c("", ""))), GM09_SNP1 = structure(c(147L, 
2739L, 6L, 106L, 2760L, 4L, 2L, 37L, 0L), dim = c(3L, 3L), dimnames = structure(list(
    c("-1", "0", "1"), c("A", "G", NA)), names = c("", ""))), 
    GM11_SNP1 = structure(c(146L, 128L, 0L, 80L, 252L, 5L, 4L, 
    3L, 0L), dim = c(3L, 3L), dimnames = structure(list(c("-1", 
    "0", "1"), c("A", "G", NA)), names = c("", ""))), GM14_SNP1 = structure(c(0L, 
    0L, 0L, 0L, 0L, 1L, 1L, 40L, 516L, 445L, 805L, 6L, 0L, 1L, 
    44L, 459L, 1505L, 7L, 0L, 0L, 1L, 3L, 28L, 0L), dim = c(6L, 
    4L), dimnames = structure(list(c("-5", "-3", "-2", "-1", 
    "0", "1"), c("-", "C", "T", NA)), names = c("", ""))), GM17_SNP1 = structure(c(0L, 
    22L, 1230L, 1448L, 4L, 1L, 7L, 1390L, 1208L, 2L, 0L, 0L, 
    6L, 114L, 0L), dim = c(5L, 3L), dimnames = structure(list(
        c("-3", "-2", "-1", "0", "1"), c("C", "T", NA)), names = c("", 
    ""))), GM22_SNP1 = structure(c(3L, 50L, 2725L, 12L, 1L, 36L, 
    2450L, 10L, 0L, 4L, 133L, 1L), dim = 4:3, dimnames = structure(list(
        c("-2", "-1", "0", "1"), c("A", "G", NA)), names = c("", 
    ""))), GM26_SNP1 = structure(c(12L, 1889L, 2043L, 4L, 1L, 
    1L, 64L, 0L, 0L, 20L, 21L, 0L), dim = 4:3, dimnames = structure(list(
        c("-2", "-1", "0", "1"), c("A", "G", NA)), names = c("", 
    ""))), GM29_SNP1 = structure(c(4L, 804L, 3862L, 9L, 0L, 0L, 
    47L, 0L, 0L, 1L, 1L, 0L, 0L, 2L, 47L, 0L), dim = c(4L, 4L
    ), dimnames = structure(list(c("-2", "-1", "0", "1"), c("A", 
    "G", "T", NA)), names = c("", ""))), IM16_SNP1 = structure(c(0L, 
    0L, 6L, 0L, 30L, 718L, 2000L, 24L, 0L, 4L, 27L, 0L), dim = 4:3, dimnames = structure(list(
        c("-2", "-1", "0", "1"), c("A", "G", NA)), names = c("", 
    ""))), IM49_SNP1 = structure(c(55L, 1204L, 674L, 2469L, 35L, 
    2L, 0L, 0L, 0L, 7L, 0L, 0L, 1L, 7L, 8L, 59L, 0L, 0L), dim = c(6L, 
    3L), dimnames = structure(list(c("-3", "-2", "-1", "0", "1", 
    "2"), c("C", "G", NA)), names = c("", ""))), LR10_SNP1 = structure(c(0L, 
    0L, 1L, 0L, 0L, 0L, 1L, 38L, 0L, 0L, 20L, 682L, 4686L, 24L, 
    1L, 0L, 3L, 55L, 1L, 0L), dim = 5:4, dimnames = structure(list(
        c("-2", "-1", "0", "1", "2"), c("A", "C", "T", NA)), names = c("", 
    ""))), LR11_SNP1 = structure(c(0L, 0L, 2L, 0L, 7L, 517L, 
    726L, 7L, 0L, 13L, 41L, 1L), dim = 4:3, dimnames = structure(list(
        c("-2", "-1", "0", "1"), c("A", "C", NA)), names = c("", 
    ""))), LR17_SNP1 = structure(c(0L, 0L, 0L, 1L, 1L, 0L, 0L, 
    1L, 58L, 3143L, 3876L, 4054L, 84L, 2L, 0L, 0L, 0L, 0L, 1L, 
    0L, 0L, 0L, 0L, 1L, 2L, 4L, 0L, 0L, 0L, 0L, 26L, 131L, 301L, 
    3L, 0L), dim = c(7L, 5L), dimnames = structure(list(c("-4", 
    "-3", "-2", "-1", "0", "1", "2"), c("-", "A", "C", "G", NA
    )), names = c("", ""))), LR20_SNP1 = structure(c(1L, 366L, 
    459L, 1L, 0L, 0L, 4L, 0L, 0L, 0L, 3L, 0L), dim = 4:3, dimnames = structure(list(
        c("-2", "-1", "0", "1"), c("A", "G", NA)), names = c("", 
    ""))), LR24_SNP1 = structure(c(0L, 11L, 54L, 0L, 31L, 1122L, 
    1883L, 3L, 1L, 9L, 18L, 0L), dim = 4:3, dimnames = structure(list(
        c("-2", "-1", "0", "1"), c("A", "G", NA)), names = c("", 
    ""))), LR36_SNP1 = structure(c(0L, 0L, 2L, 1L, 11L, 0L, 0L, 
    1L, 0L, 0L, 0L, 0L, 0L, 502L, 115L, 1267L, 2543L, 14L, 1L, 
    9L, 5L, 55L, 216L, 3L), dim = c(6L, 4L), dimnames = structure(list(
        c("-4", "-3", "-2", "-1", "0", "1"), c("A", "C", "T", 
        NA)), names = c("", ""))), LR40_SNP1 = structure(c(31L, 
    99L, 129L, 1L, 1L, 1L, 5L, 0L), dim = c(4L, 2L), dimnames = structure(list(
        c("-2", "-1", "0", "1"), c("C", NA)), names = c("", ""
    ))), LR44_SNP1 = structure(c(0L, 16L, 0L, 0L, 0L, 0L, 4L, 
    356L, 328L, 40L, 713L, 10L, 1L, 173L, 1086L, 54L, 680L, 15L, 
    0L, 4L, 5L, 0L, 33L, 1L), dim = c(6L, 4L), dimnames = structure(list(
        c("-4", "-3", "-2", "-1", "0", "1"), c("A", "C", "T", 
        NA)), names = c("", ""))), LR46_SNP1 = structure(c(7L, 
    861L, 2620L, 3L, 0L, 0L, 44L, 0L, 0L, 1L, 25L, 0L), dim = 4:3, dimnames = structure(list(
        c("-2", "-1", "0", "1"), c("G", "T", NA)), names = c("", 
    ""))), LR48_SNP1 = structure(c(0L, 0L, 2L, 0L, 0L, 1L, 166L, 
    2281L, 2338L, 32L, 0L, 0L, 0L, 2L, 0L, 0L, 0L, 14L, 69L, 
    0L), dim = 5:4, dimnames = structure(list(c("-3", "-2", "-1", 
    "0", "1"), c("A", "C", "T", NA)), names = c("", ""))), LR49_SNP1 = structure(c(0L, 
    3L, 7L, 0L, 0L, 0L, 0L, 0L, 141L, 1533L, 4598L, 2L, 0L, 13L, 
    25L, 0L), dim = c(4L, 4L), dimnames = structure(list(c("-2", 
    "-1", "0", "1"), c("A", "C", "G", NA)), names = c("", ""))), 
    LR52_SNP1 = structure(c(1L, 38L, 600L, 6L, 72L, 813L, 7L, 
    0L, 1L, 111L, 919L, 88L, 845L, 10L, 0L, 0L, 5L, 8L, 5L, 271L, 
    2L), dim = c(7L, 3L), dimnames = structure(list(c("-5", "-4", 
    "-3", "-2", "-1", "0", "1"), c("C", "T", NA)), names = c("", 
    ""))))
