Result <-
list(DEPDC2_SNP1 = structure(c(66L, 3929L, 25L, 0L, 1L, 0L, 0L, 
3L, 0L, 0L, 69L, 0L), dim = 3:4, dimnames = structure(list(c("-1", 
"0", "1"), c("C", "G", "T", NA)), names = c("", ""))), GM01_SNP1 = structure(c(0L, 
46L, 3166L, 19L, 1L, 1L, 209L, 3152L, 11L, 0L, 0L, 3L, 83L, 1L, 
0L), dim = c(5L, 3L), dimnames = structure(list(c("-3", "-1", 
"0", "1", "2"), c("A", "G", NA)), names = c("", ""))), GM07_SNP1 = structure(c(0L, 
0L, 1L, 0L, 0L, 0L, 0L, 103L, 1085L, 1211L, 43L, 2L, 1L, 526L, 
57L, 988L, 26L, 0L, 0L, 2L, 6L, 44L, 1L, 0L), dim = c(6L, 4L), dimnames = structure(list(
    c("-3", "-2", "-1", "0", "1", "2"), c("-", "A", "G", NA)), names = c("", 
""))), GM09_SNP1 = structure(c(26L, 3062L, 8L, 0L, 1L, 0L, 40L, 
2981L, 2L, 0L, 36L, 0L), dim = 3:4, dimnames = structure(list(
    c("-1", "0", "1"), c("A", "C", "G", NA)), names = c("", ""
))), GM11_SNP1 = structure(c(1L, 218L, 610L, 4L, 0L, 1L, 0L, 
0L, 0L, 0L, 5L, 0L), dim = 4:3, dimnames = structure(list(c("-2", 
"-1", "0", "1"), c("A", "T", NA)), names = c("", ""))), GM14_SNP1 = structure(c(1L, 
0L, 67L, 1158L, 1324L, 11L, 1L, 0L, 1L, 3L, 64L, 1884L, 7L, 0L, 
0L, 0L, 0L, 1L, 44L, 0L, 0L), dim = c(7L, 3L), dimnames = structure(list(
    c("-4", "-3", "-2", "-1", "0", "1", "2"), c("C", "T", NA)), names = c("", 
""))), GM17_SNP1 = structure(c(0L, 7L, 0L, 215L, 5322L, 17L, 
2L, 185L, 0L), dim = c(3L, 3L), dimnames = structure(list(c("-1", 
"0", "1"), c("C", "T", NA)), names = c("", ""))), GM22_SNP1 = structure(c(11L, 
1762L, 4515L, 21L, 0L, 1L, 11L, 0L, 0L, 1L, 0L, 0L, 0L, 12L, 
58L, 2L), dim = c(4L, 4L), dimnames = structure(list(c("-2", 
"-1", "0", "1"), c("A", "G", "T", NA)), names = c("", ""))), 
    GM26_SNP1 = structure(c(184L, 4084L, 18L, 0L, 1L, 0L, 1L, 
    0L, 0L, 3L, 34L, 0L), dim = 3:4, dimnames = structure(list(
        c("-1", "0", "1"), c("A", "G", "T", NA)), names = c("", 
    ""))), GM29_SNP1 = structure(c(0L, 5L, 1052L, 1475L, 3L, 
    1L, 4L, 1078L, 1792L, 7L, 0L, 0L, 10L, 31L, 0L), dim = c(5L, 
    3L), dimnames = structure(list(c("-3", "-2", "-1", "0", "1"
    ), c("A", "G", NA)), names = c("", ""))), IM16_SNP1 = structure(c(0L, 
    80L, 1179L, 9L, 1L, 0L, 1L, 0L, 0L, 0L, 1L, 638L, 1075L, 
    11L, 0L, 0L, 5L, 27L, 3L, 0L), dim = 5:4, dimnames = structure(list(
        c("-2", "-1", "0", "1", "2"), c("A", "C", "G", NA)), names = c("", 
    ""))), IM49_SNP1 = structure(c(1L, 33L, 522L, 2236L, 41L, 
    0L, 40L, 1079L, 1765L, 36L, 0L, 0L, 24L, 143L, 5L), dim = c(5L, 
    3L), dimnames = structure(list(c("-3", "-2", "-1", "0", "1"
    ), c("C", "G", NA)), names = c("", ""))), LR10_SNP1 = structure(c(0L, 
    0L, 1L, 0L, 0L, 139L, 2484L, 17L, 0L, 1L, 0L, 0L, 1L, 149L, 
    2395L, 9L, 0L, 0L, 79L, 1L), dim = 4:5, dimnames = structure(list(
        c("-2", "-1", "0", "1"), c("A", "C", "G", "T", NA)), names = c("", 
    ""))), LR11_SNP1 = structure(c(0L, 0L, 2L, 0L, 14L, 1120L, 
    916L, 4L, 0L, 30L, 36L, 0L), dim = 4:3, dimnames = structure(list(
        c("-2", "-1", "0", "1"), c("A", "C", NA)), names = c("", 
    ""))), LR17_SNP1 = structure(c(1L, 142L, 4604L, 4598L, 71L, 
    3L, 0L, 0L, 5L, 0L, 0L, 0L, 0L, 2L, 156L, 324L, 0L, 0L), dim = c(6L, 
    3L), dimnames = structure(list(c("-3", "-2", "-1", "0", "1", 
    "2"), c("A", "G", NA)), names = c("", ""))), LR20_SNP1 = structure(c(0L, 
    4L, 0L, 28L, 1521L, 7L, 1L, 23L, 0L), dim = c(3L, 3L), dimnames = structure(list(
        c("-1", "0", "1"), c("A", "G", NA)), names = c("", ""
    ))), LR24_SNP1 = structure(c(0L, 0L, 7L, 0L, 47L, 2337L, 
    2891L, 4L, 0L, 11L, 23L, 0L), dim = 4:3, dimnames = structure(list(
        c("-2", "-1", "0", "1"), c("A", "G", NA)), names = c("", 
    ""))), LR36_SNP1 = structure(c(0L, 0L, 17L, 1L, 0L, 0L, 1L, 
    0L, 0L, 0L, 1L, 0L, 5L, 239L, 3722L, 44L, 1L, 12L, 309L, 
    5L), dim = 4:5, dimnames = structure(list(c("-2", "-1", "0", 
    "1"), c("A", "C", "G", "T", NA)), names = c("", ""))), LR40_SNP1 = structure(c(57L, 
    713L, 0L, 9L), dim = c(2L, 2L), dimnames = structure(list(
        c("-1", "0"), c("C", NA)), names = c("", ""))), LR44_SNP1 = structure(c(0L, 
    0L, 0L, 1L, 0L, 0L, 0L, 27L, 392L, 1814L, 62L, 6L, 66L, 979L, 
    141L, 1467L, 22L, 0L, 0L, 10L, 5L, 91L, 1L, 0L), dim = c(6L, 
    4L), dimnames = structure(list(c("-3", "-2", "-1", "0", "1", 
    "2"), c("A", "C", "T", NA)), names = c("", ""))), LR46_SNP1 = structure(c(13L, 
    2172L, 9L, 9L, 2095L, 5L, 0L, 35L, 0L), dim = c(3L, 3L), dimnames = structure(list(
        c("-1", "0", "1"), c("G", "T", NA)), names = c("", ""
    ))), LR48_SNP1 = structure(c(0L, 0L, 0L, 1L, 0L, 0L, 0L, 
    0L, 1L, 0L, 0L, 0L, 0L, 1L, 83L, 9L, 0L, 0L, 1L, 23L, 1519L, 
    3409L, 53L, 2L, 0L, 2L, 16L, 94L, 1L, 0L), dim = 6:5, dimnames = structure(list(
        c("-3", "-2", "-1", "0", "1", "2"), c("-", "A", "C", 
        "T", NA)), names = c("", ""))), LR49_SNP1 = structure(c(0L, 
    1L, 8L, 0L, 23L, 2078L, 4332L, 1L, 0L, 18L, 28L, 0L), dim = 4:3, dimnames = structure(list(
        c("-2", "-1", "0", "1"), c("A", "G", NA)), names = c("", 
    ""))), LR52_SNP1 = structure(c(0L, 0L, 0L, 1L, 0L, 65L, 389L, 
    957L, 1270L, 9L, 0L, 0L, 0L, 4L, 0L, 0L, 4L, 30L, 339L, 3L
    ), dim = 5:4, dimnames = structure(list(c("-3", "-2", "-1", 
    "0", "1"), c("-", "C", "T", NA)), names = c("", ""))))
