Result <-
list(DEPDC2_SNP1 = structure(c(0L, 0L, 2L, 0L, 1L, 3L, 1230L, 
30L, 0L, 0L, 12L, 0L), dim = 4:3, dimnames = structure(list(c("-2", 
"-1", "0", "1"), c("C", "T", NA)), names = c("", ""))), GM01_SNP1 = structure(c(0L, 
91L, 3302L, 8L, 2L, 127L, 4076L, 9L, 0L, 4L, 95L, 1L), dim = 4:3, dimnames = structure(list(
    c("-2", "-1", "0", "1"), c("A", "G", NA)), names = c("", 
""))), GM07_SNP1 = structure(c(0L, 0L, 0L, 0L, 1L, 0L, 0L, 1L, 
30L, 1165L, 750L, 18L, 0L, 3L, 936L, 59L, 1111L, 27L, 1L, 0L, 
5L, 15L, 49L, 3L), dim = c(6L, 4L), dimnames = structure(list(
    c("-4", "-3", "-2", "-1", "0", "1"), c("-", "A", "G", NA)), names = c("", 
""))), GM09_SNP1 = structure(c(0L, 9L, 0L, 181L, 4533L, 10L, 
0L, 1L, 0L, 4L, 31L, 0L), dim = 3:4, dimnames = structure(list(
    c("-1", "0", "1"), c("A", "G", "T", NA)), names = c("", ""
))), GM11_SNP1 = structure(c(18L, 335L, 0L, 11L, 412L, 2L, 0L, 
5L, 0L), dim = c(3L, 3L), dimnames = structure(list(c("-1", "0", 
"1"), c("A", "G", NA)), names = c("", ""))), GM14_SNP1 = structure(c(0L, 
0L, 0L, 0L, 1L, 0L, 0L, 0L, 0L, 0L, 1L, 0L, 1L, 547L, 282L, 810L, 
2396L, 18L, 0L, 0L, 0L, 1L, 1L, 0L, 0L, 1L, 0L, 1L, 26L, 1L), dim = 6:5, dimnames = structure(list(
    c("-4", "-3", "-2", "-1", "0", "1"), c("-", "A", "C", "T", 
    NA)), names = c("", ""))), GM17_SNP1 = structure(c(1L, 1L, 
1032L, 3642L, 4L, 0L, 0L, 0L, 9L, 0L, 0L, 0L, 5L, 123L, 0L), dim = c(5L, 
3L), dimnames = structure(list(c("-3", "-2", "-1", "0", "1"), 
    c("C", "T", NA)), names = c("", ""))), GM22_SNP1 = structure(c(0L, 
0L, 1L, 0L, 0L, 0L, 46L, 0L, 2L, 81L, 4487L, 36L, 0L, 0L, 136L, 
2L), dim = c(4L, 4L), dimnames = structure(list(c("-2", "-1", 
"0", "1"), c("-", "A", "G", NA)), names = c("", ""))), GM26_SNP1 = structure(c(0L, 
4L, 0L, 39L, 2819L, 10L, 2L, 54L, 1L), dim = c(3L, 3L), dimnames = structure(list(
    c("-1", "0", "1"), c("A", "G", NA)), names = c("", ""))), 
    GM29_SNP1 = structure(c(3L, 219L, 4611L, 16L, 0L, 0L, 2L, 
    0L, 0L, 0L, 1L, 0L, 0L, 2L, 47L, 0L), dim = c(4L, 4L), dimnames = structure(list(
        c("-2", "-1", "0", "1"), c("A", "G", "T", NA)), names = c("", 
    ""))), IM16_SNP1 = structure(c(0L, 0L, 1L, 0L, 0L, 1L, 179L, 
    3511L, 35L, 1L, 0L, 2L, 46L, 2L, 0L), dim = c(5L, 3L), dimnames = structure(list(
        c("-2", "-1", "0", "1", "2"), c("C", "G", NA)), names = c("", 
    ""))), IM49_SNP1 = structure(c(0L, 0L, 0L, 1L, 0L, 0L, 0L, 
    0L, 0L, 0L, 2L, 0L, 0L, 0L, 1L, 78L, 1214L, 2918L, 121L, 
    4L, 1L, 0L, 0L, 0L, 1L, 0L, 0L, 0L, 0L, 2L, 20L, 145L, 7L, 
    0L, 0L), dim = c(7L, 5L), dimnames = structure(list(c("-3", 
    "-2", "-1", "0", "1", "2", "3"), c("A", "C", "G", "T", NA
    )), names = c("", ""))), LR10_SNP1 = structure(c(43L, 1319L, 
    3126L, 24L, 0L, 1L, 19L, 1L, 1L, 9L, 51L, 0L), dim = 4:3, dimnames = structure(list(
        c("-2", "-1", "0", "1"), c("C", "T", NA)), names = c("", 
    ""))), LR11_SNP1 = structure(c(0L, 0L, 2L, 0L, 13L, 844L, 
    949L, 1L, 0L, 21L, 39L, 1L), dim = 4:3, dimnames = structure(list(
        c("-2", "-1", "0", "1"), c("A", "C", NA)), names = c("", 
    ""))), LR17_SNP1 = structure(c(1L, 20L, 955L, 7220L, 102L, 
    2L, 0L, 0L, 0L, 4L, 0L, 0L, 0L, 0L, 33L, 546L, 0L, 0L), dim = c(6L, 
    3L), dimnames = structure(list(c("-3", "-2", "-1", "0", "1", 
    "2"), c("A", "G", NA)), names = c("", ""))), LR20_SNP1 = structure(c(0L, 
    2L, 362L, 1005L, 1L, 9L), dim = 2:3, dimnames = structure(list(
        c("-1", "0"), c("A", "G", NA)), names = c("", ""))), 
    LR24_SNP1 = structure(c(0L, 35L, 2245L, 4L, 1L, 72L, 2331L, 
    3L, 0L, 0L, 53L, 1L), dim = 4:3, dimnames = structure(list(
        c("-3", "-1", "0", "1"), c("A", "G", NA)), names = c("", 
    ""))), LR36_SNP1 = structure(c(0L, 1L, 27L, 2083L, 27L, 0L, 
    0L, 0L, 0L, 3L, 0L, 0L, 0L, 9L, 316L, 1476L, 158L, 3L, 1L, 
    0L, 16L, 190L, 10L, 0L), dim = c(6L, 4L), dimnames = structure(list(
        c("-3", "-2", "-1", "0", "1", "2"), c("A", "G", "T", 
        NA)), names = c("", ""))), LR40_SNP1 = structure(c(18L, 
    801L, 4L, 0L, 4L, 0L), dim = 3:2, dimnames = structure(list(
        c("-1", "0", "1"), c("C", NA)), names = c("", ""))), 
    LR44_SNP1 = structure(c(0L, 0L, 0L, 4L, 0L, 0L, 0L, 0L, 2L, 
    0L, 1L, 147L, 1202L, 1014L, 16L, 0L, 26L, 0L, 0L, 0L, 156L, 
    139L, 857L, 1079L, 18L, 1L, 4L, 28L, 53L, 1L), dim = 5:6, dimnames = structure(list(
        c("-3", "-2", "-1", "0", "1"), c("-", "A", "C", "G", 
        "T", NA)), names = c("", ""))), LR46_SNP1 = structure(c(0L, 
    36L, 1657L, 1L, 2L, 752L, 786L, 0L, 0L, 2L, 17L, 0L), dim = 4:3, dimnames = structure(list(
        c("-2", "-1", "0", "1"), c("G", "T", NA)), names = c("", 
    ""))), LR48_SNP1 = structure(c(0L, 0L, 0L, 1L, 0L, 0L, 0L, 
    0L, 0L, 1L, 5L, 0L, 2L, 4L, 1052L, 2271L, 2908L, 59L, 0L, 
    0L, 7L, 23L, 76L, 1L), dim = c(6L, 4L), dimnames = structure(list(
        c("-4", "-3", "-2", "-1", "0", "1"), c("-", "C", "T", 
        NA)), names = c("", ""))), LR49_SNP1 = structure(c(28L, 
    1970L, 0L, 25L, 1728L, 1L, 1L, 67L, 0L), dim = c(3L, 3L), dimnames = structure(list(
        c("-1", "0", "1"), c("A", "G", NA)), names = c("", ""
    ))), LR52_SNP1 = structure(c(0L, 0L, 0L, 0L, 0L, 1L, 0L, 
    0L, 0L, 0L, 0L, 0L, 1L, 0L, 81L, 230L, 968L, 41L, 69L, 771L, 
    13L, 0L, 2L, 175L, 720L, 164L, 712L, 7L, 0L, 0L, 5L, 4L, 
    8L, 253L, 2L), dim = c(7L, 5L), dimnames = structure(list(
        c("-5", "-4", "-3", "-2", "-1", "0", "1"), c("-", "A", 
        "C", "T", NA)), names = c("", ""))))
