Result <-
list(DEPDC2_SNP1 = structure(c(0L, 0L, 3L, 0L, 1L, 12L, 2639L, 
209L, 0L, 0L, 24L, 2L), dim = 4:3, dimnames = structure(list(
    c("-2", "-1", "0", "1"), c("C", "T", NA)), names = c("", 
""))), GM01_SNP1 = structure(c(0L, 1L, 0L, 0L, 175L, 2407L, 7L, 
0L, 40L, 2453L, 8L, 1L, 1L, 90L, 0L, 0L), dim = c(4L, 4L), dimnames = structure(list(
    c("-1", "0", "1", "2"), c("-", "A", "G", NA)), names = c("", 
""))), GM07_SNP1 = structure(c(0L, 2L, 3L, 0L, 324L, 1902L, 1858L, 
85L, 0L, 1L, 0L, 0L, 1L, 19L, 56L, 1L), dim = c(4L, 4L), dimnames = structure(list(
    c("-2", "-1", "0", "1"), c("A", "G", "T", NA)), names = c("", 
""))), GM09_SNP1 = structure(c(21L, 41L, 2493L, 0L, 1L, 32L, 
2023L, 2L, 0L, 0L, 18L, 1L), dim = 4:3, dimnames = structure(list(
    c("-2", "-1", "0", "1"), c("A", "G", NA)), names = c("", 
""))), GM11_SNP1 = structure(c(48L, 708L, 2L, 0L, 2L, 0L, 1L, 
2L, 0L), dim = c(3L, 3L), dimnames = structure(list(c("-1", "0", 
"1"), c("A", "G", NA)), names = c("", ""))), GM14_SNP1 = structure(c(62L, 
933L, 1325L, 10L, 147L, 850L, 1415L, 7L, 0L, 8L, 40L, 0L), dim = 4:3, dimnames = structure(list(
    c("-2", "-1", "0", "1"), c("C", "T", NA)), names = c("", 
""))), GM17_SNP1 = structure(c(0L, 0L, 6L, 0L, 0L, 1L, 1009L, 
3976L, 129L, 1L, 0L, 5L, 134L, 2L, 0L), dim = c(5L, 3L), dimnames = structure(list(
    c("-2", "-1", "0", "1", "2"), c("C", "T", NA)), names = c("", 
""))), GM22_SNP1 = structure(c(3L, 78L, 2940L, 12L, 1L, 34L, 
2529L, 6L, 0L, 2L, 136L, 0L), dim = 4:3, dimnames = structure(list(
    c("-2", "-1", "0", "1"), c("A", "G", NA)), names = c("", 
""))), GM26_SNP1 = structure(c(76L, 29L, 3062L, 12L, 0L, 0L, 
2L, 0L, 0L, 1L, 32L, 0L), dim = 4:3, dimnames = structure(list(
    c("-2", "-1", "0", "1"), c("A", "G", NA)), names = c("", 
""))), GM29_SNP1 = structure(c(4L, 153L, 4427L, 8L, 0L, 0L, 7L, 
0L, 0L, 2L, 44L, 0L), dim = 4:3, dimnames = structure(list(c("-2", 
"-1", "0", "1"), c("A", "G", NA)), names = c("", ""))), IM16_SNP1 = structure(c(1L, 
46L, 1571L, 21L, 1L, 0L, 114L, 1417L, 38L, 1L, 0L, 1L, 40L, 3L, 
0L), dim = c(5L, 3L), dimnames = structure(list(c("-2", "-1", 
"0", "1", "2"), c("A", "G", NA)), names = c("", ""))), IM49_SNP1 = structure(c(0L, 
8L, 654L, 1283L, 2600L, 53L, 1L, 2L, 1329L, 3L, 49L, 1318L, 40L, 
0L, 0L, 0L, 0L, 3L, 36L, 0L, 0L, 0L, 17L, 1L, 9L, 143L, 2L, 0L
), dim = c(7L, 4L), dimnames = structure(list(c("-4", "-3", "-2", 
"-1", "0", "1", "2"), c("C", "G", "T", NA)), names = c("", ""
))), LR10_SNP1 = structure(c(0L, 0L, 1L, 0L, 0L, 1L, 48L, 0L, 
2L, 64L, 3092L, 14L, 0L, 0L, 36L, 0L), dim = c(4L, 4L), dimnames = structure(list(
    c("-2", "-1", "0", "1"), c("A", "C", "T", NA)), names = c("", 
""))), LR11_SNP1 = structure(c(0L, 1L, 236L, 951L, 8L, 1L, 41L, 
403L, 766L, 8L, 0L, 0L, 1L, 0L, 0L, 0L, 0L, 22L, 45L, 0L), dim = 5:4, dimnames = structure(list(
    c("-3", "-2", "-1", "0", "1"), c("A", "C", "G", NA)), names = c("", 
""))), LR17_SNP1 = structure(c(1L, 29L, 1231L, 9559L, 127L, 4L, 
0L, 0L, 0L, 6L, 0L, 0L, 0L, 0L, 0L, 1L, 0L, 0L, 0L, 1L, 41L, 
683L, 1L, 1L), dim = c(6L, 4L), dimnames = structure(list(c("-3", 
"-2", "-1", "0", "1", "2"), c("A", "G", "T", NA)), names = c("", 
""))), LR20_SNP1 = structure(c(3L, 981L, 1L, 23L, 701L, 2L, 0L, 
1L, 0L, 1L, 19L, 0L), dim = 3:4, dimnames = structure(list(c("-1", 
"0", "1"), c("A", "G", "T", NA)), names = c("", ""))), LR24_SNP1 = structure(c(0L, 
1L, 0L, 0L, 211L, 1971L, 3L, 1L, 106L, 1542L, 3L, 0L, 4L, 28L, 
0L, 0L), dim = c(4L, 4L), dimnames = structure(list(c("-1", "0", 
"1", "2"), c("-", "A", "G", NA)), names = c("", ""))), LR36_SNP1 = structure(c(0L, 
3L, 160L, 2126L, 648L, 20L, 0L, 0L, 0L, 1L, 0L, 0L, 5L, 302L, 
735L, 1390L, 11L, 0L, 0L, 10L, 29L, 176L, 8L, 0L), dim = c(6L, 
4L), dimnames = structure(list(c("-3", "-2", "-1", "0", "1", 
"2"), c("A", "G", "T", NA)), names = c("", ""))), LR40_SNP1 = structure(c(79L, 
462L, 1L, 0L, 8L, 0L), dim = 3:2, dimnames = structure(list(c("-1", 
"0", "1"), c("C", NA)), names = c("", ""))), LR44_SNP1 = structure(c(0L, 
0L, 0L, 1L, 20L, 0L, 0L, 1L, 5L, 0L, 2L, 0L, 0L, 0L, 3L, 45L, 
4L, 0L, 50L, 257L, 1289L, 1107L, 2215L, 45L, 0L, 0L, 14L, 13L, 
51L, 0L), dim = 6:5, dimnames = structure(list(c("-4", "-3", 
"-2", "-1", "0", "1"), c("-", "A", "C", "T", NA)), names = c("", 
""))), LR46_SNP1 = structure(c(498L, 1142L, 3L, 569L, 848L, 7L, 
5L, 14L, 0L), dim = c(3L, 3L), dimnames = structure(list(c("-1", 
"0", "1"), c("G", "T", NA)), names = c("", ""))), LR48_SNP1 = structure(c(1L, 
38L, 1848L, 2481L, 26L, 0L, 0L, 0L, 1L, 0L, 0L, 1L, 8L, 66L, 
0L), dim = c(5L, 3L), dimnames = structure(list(c("-3", "-2", 
"-1", "0", "1"), c("C", "G", NA)), names = c("", ""))), LR49_SNP1 = structure(c(0L, 
0L, 2L, 41L, 0L, 1L, 3L, 1282L, 4790L, 2L, 0L, 0L, 6L, 26L, 0L
), dim = c(5L, 3L), dimnames = structure(list(c("-4", "-2", "-1", 
"0", "1"), c("A", "G", NA)), names = c("", ""))), LR52_SNP1 = structure(c(0L, 
0L, 0L, 0L, 0L, 1L, 0L, 1L, 41L, 339L, 462L, 557L, 1549L, 15L, 
0L, 0L, 0L, 0L, 0L, 3L, 0L, 0L, 0L, 0L, 4L, 25L, 439L, 1L), dim = c(7L, 
4L), dimnames = structure(list(c("-5", "-4", "-3", "-2", "-1", 
"0", "1"), c("-", "C", "T", NA)), names = c("", ""))))
