Result <-
list(DEPDC2_SNP1 = structure(c(0L, 1L, 0L, 0L, 9L, 0L, 45L, 5926L, 
72L, 0L, 48L, 2L), dim = 3:4, dimnames = structure(list(c("-1", 
"0", "1"), c("A", "C", "T", NA)), names = c("", ""))), GM01_SNP1 = structure(c(0L, 
43L, 3320L, 8L, 0L, 1L, 210L, 3251L, 56L, 1L, 0L, 2L, 116L, 2L, 
2L), dim = c(5L, 3L), dimnames = structure(list(c("-2", "-1", 
"0", "1", "2"), c("A", "G", NA)), names = c("", ""))), GM07_SNP1 = structure(c(19L, 
912L, 1809L, 51L, 1L, 49L, 651L, 1787L, 80L, 4L, 1L, 12L, 68L, 
1L, 0L), dim = c(5L, 3L), dimnames = structure(list(c("-2", "-1", 
"0", "1", "2"), c("A", "G", NA)), names = c("", ""))), GM09_SNP1 = structure(c(59L, 
7215L, 16L, 0L, 10L, 1L, 0L, 54L, 0L), dim = c(3L, 3L), dimnames = structure(list(
    c("-1", "0", "1"), c("A", "G", NA)), names = c("", ""))), 
    GM11_SNP1 = structure(c(26L, 576L, 20L, 1L, 1L, 0L, 0L, 8L, 
    0L), dim = c(3L, 3L), dimnames = structure(list(c("-1", "0", 
    "1"), c("A", "G", NA)), names = c("", ""))), GM14_SNP1 = structure(c(7L, 
    799L, 2115L, 16L, 1L, 66L, 2293L, 10L, 0L, 3L, 52L, 0L), dim = 4:3, dimnames = structure(list(
        c("-2", "-1", "0", "1"), c("C", "T", NA)), names = c("", 
    ""))), GM17_SNP1 = structure(c(0L, 1L, 0L, 89L, 3572L, 14L, 
    118L, 2788L, 7L, 0L, 221L, 1L), dim = 3:4, dimnames = structure(list(
        c("-1", "0", "1"), c("A", "C", "T", NA)), names = c("", 
    ""))), GM22_SNP1 = structure(c(5L, 820L, 7266L, 26L, 1L, 
    0L, 1L, 114L, 0L, 0L, 0L, 10L, 107L, 1L, 0L), dim = c(5L, 
    3L), dimnames = structure(list(c("-2", "-1", "0", "1", "2"
    ), c("A", "G", NA)), names = c("", ""))), GM26_SNP1 = structure(c(1L, 
    23L, 2621L, 7L, 1L, 0L, 24L, 2372L, 5L, 0L, 0L, 0L, 0L, 0L, 
    0L, 0L, 0L, 66L, 1L, 0L), dim = 5:4, dimnames = structure(list(
        c("-3", "-1", "0", "1", "2"), c("A", "G", "T", NA)), names = c("", 
    ""))), GM29_SNP1 = structure(c(4L, 178L, 6454L, 16L, 0L, 
    0L, 25L, 1L, 0L, 0L, 2L, 0L, 0L, 1L, 52L, 0L), dim = c(4L, 
    4L), dimnames = structure(list(c("-2", "-1", "0", "1"), c("A", 
    "G", "T", NA)), names = c("", ""))), IM16_SNP1 = structure(c(1L, 
    11L, 1308L, 16L, 0L, 15L, 1340L, 55L, 0L, 0L, 1L, 0L, 0L, 
    0L, 35L, 2L), dim = c(4L, 4L), dimnames = structure(list(
        c("-2", "-1", "0", "1"), c("A", "G", "T", NA)), names = c("", 
    ""))), IM49_SNP1 = structure(c(0L, 0L, 0L, 1L, 0L, 0L, 1L, 
    18L, 648L, 7226L, 163L, 4L, 7L, 0L, 1L, 20L, 1L, 0L, 0L, 
    0L, 0L, 1L, 0L, 0L, 2L, 0L, 3L, 174L, 2L, 0L), dim = 6:5, dimnames = structure(list(
        c("-3", "-2", "-1", "0", "1", "2"), c("A", "C", "G", 
        "T", NA)), names = c("", ""))), LR10_SNP1 = structure(c(0L, 
    0L, 1L, 0L, 0L, 8L, 1160L, 4735L, 59L, 1L, 0L, 1L, 8L, 0L, 
    0L, 0L, 11L, 66L, 0L, 0L), dim = 5:4, dimnames = structure(list(
        c("-2", "-1", "0", "1", "2"), c("A", "C", "T", NA)), names = c("", 
    ""))), LR11_SNP1 = structure(c(5L, 380L, 81L, 1773L, 12L, 
    0L, 0L, 1L, 6L, 0L, 0L, 0L, 0L, 1L, 0L, 0L, 0L, 0L, 1L, 0L, 
    0L, 2L, 1L, 18L, 0L), dim = c(5L, 5L), dimnames = structure(list(
        c("-3", "-2", "-1", "0", "1"), c("A", "C", "G", "T", 
        NA)), names = c("", ""))), LR17_SNP1 = structure(c(2L, 
    125L, 2443L, 9749L, 110L, 1L, 0L, 0L, 0L, 3L, 0L, 0L, 0L, 
    1L, 90L, 708L, 7L, 0L), dim = c(6L, 3L), dimnames = structure(list(
        c("-3", "-2", "-1", "0", "1", "2"), c("A", "G", NA)), names = c("", 
    ""))), LR20_SNP1 = structure(c(1L, 451L, 2L, 1L, 510L, 1L, 
    0L, 5L, 0L), dim = c(3L, 3L), dimnames = structure(list(c("-1", 
    "0", "1"), c("A", "G", NA)), names = c("", ""))), LR24_SNP1 = structure(c(1L, 
    67L, 3355L, 9L, 0L, 0L, 6L, 0L, 0L, 0L, 24L, 0L), dim = 4:3, dimnames = structure(list(
        c("-2", "-1", "0", "1"), c("A", "G", NA)), names = c("", 
    ""))), LR36_SNP1 = structure(c(0L, 1L, 19L, 0L, 0L, 0L, 1L, 
    0L, 0L, 0L, 1L, 0L, 85L, 676L, 4602L, 31L, 1L, 34L, 327L, 
    3L), dim = 4:5, dimnames = structure(list(c("-2", "-1", "0", 
    "1"), c("A", "C", "G", "T", NA)), names = c("", ""))), LR40_SNP1 = structure(c(1L, 
    164L, 267L, 0L, 1L, 3L), dim = 3:2, dimnames = structure(list(
        c("-2", "-1", "0"), c("C", NA)), names = c("", ""))), 
    LR44_SNP1 = structure(c(5L, 53L, 496L, 245L, 1209L, 33L, 
    0L, 0L, 0L, 42L, 923L, 1730L, 25L, 1L, 0L, 1L, 6L, 9L, 64L, 
    3L, 0L), dim = c(7L, 3L), dimnames = structure(list(c("-4", 
    "-3", "-2", "-1", "0", "1", "2"), c("C", "T", NA)), names = c("", 
    ""))), LR46_SNP1 = structure(c(0L, 2L, 0L, 61L, 5287L, 8L, 
    0L, 23L, 0L, 2L, 47L, 0L), dim = 3:4, dimnames = structure(list(
        c("-1", "0", "1"), c("A", "G", "T", NA)), names = c("", 
    ""))), LR48_SNP1 = structure(c(0L, 0L, 2L, 0L, 0L, 11L, 423L, 
    3143L, 47L, 1L, 4L, 94L, 3231L, 122L, 4L, 0L, 9L, 166L, 6L, 
    0L), dim = 5:4, dimnames = structure(list(c("-2", "-1", "0", 
    "1", "2"), c("A", "C", "T", NA)), names = c("", ""))), LR49_SNP1 = structure(c(0L, 
    7L, 0L, 76L, 8726L, 7L, 0L, 58L, 0L), dim = c(3L, 3L), dimnames = structure(list(
        c("-1", "0", "1"), c("A", "G", NA)), names = c("", ""
    ))), LR52_SNP1 = structure(c(1L, 45L, 9L, 51L, 38L, 0L, 16L, 
    157L, 499L, 436L, 3262L, 35L, 0L, 1L, 1L, 14L, 211L, 4L), dim = c(6L, 
    3L), dimnames = structure(list(c("-4", "-3", "-2", "-1", 
    "0", "1"), c("C", "T", NA)), names = c("", ""))))
