Result <-
list(DEPDC2_SNP1 = structure(c(0L, 0L, 2L, 0L, 1L, 202L, 1543L, 
12L, 0L, 29L, 1730L, 14L, 0L, 0L, 39L, 1L), dim = c(4L, 4L), dimnames = structure(list(
    c("-2", "-1", "0", "1"), c("A", "C", "T", NA)), names = c("", 
""))), GM01_SNP1 = structure(c(44L, 3671L, 12L, 88L, 3893L, 14L, 
3L, 106L, 0L), dim = c(3L, 3L), dimnames = structure(list(c("-1", 
"0", "1"), c("A", "G", NA)), names = c("", ""))), GM07_SNP1 = structure(c(0L, 
0L, 1L, 3L, 0L, 3L, 355L, 928L, 3051L, 82L, 0L, 1L, 7L, 91L, 
1L), dim = c(5L, 3L), dimnames = structure(list(c("-3", "-2", 
"-1", "0", "1"), c("A", "G", NA)), names = c("", ""))), GM09_SNP1 = structure(c(12L, 
3309L, 19L, 26L, 2905L, 5L, 2L, 38L, 0L), dim = c(3L, 3L), dimnames = structure(list(
    c("-1", "0", "1"), c("A", "G", NA)), names = c("", ""))), 
    GM11_SNP1 = structure(c(630L, 3540L, 16L, 0L, 2L, 0L, 4L, 
    38L, 0L), dim = c(3L, 3L), dimnames = structure(list(c("-1", 
    "0", "1"), c("A", "G", NA)), names = c("", ""))), GM14_SNP1 = structure(c(21L, 
    634L, 606L, 3501L, 198L, 10L, 0L, 0L, 0L, 5L, 0L, 0L, 0L, 
    0L, 1L, 42L, 0L, 1L), dim = c(6L, 3L), dimnames = structure(list(
        c("-3", "-2", "-1", "0", "1", "2"), c("C", "T", NA)), names = c("", 
    ""))), GM17_SNP1 = structure(c(0L, 86L, 2587L, 2L, 1L, 521L, 
    2082L, 8L, 0L, 1L, 162L, 0L), dim = 4:3, dimnames = structure(list(
        c("-2", "-1", "0", "1"), c("C", "T", NA)), names = c("", 
    ""))), GM22_SNP1 = structure(c(0L, 0L, 1L, 0L, 2L, 124L, 
    6698L, 28L, 0L, 0L, 4L, 0L, 0L, 3L, 95L, 1L), dim = c(4L, 
    4L), dimnames = structure(list(c("-2", "-1", "0", "1"), c("-", 
    "A", "G", NA)), names = c("", ""))), GM26_SNP1 = structure(c(1L, 
    174L, 1428L, 4L, 1L, 17L, 1514L, 6L, 0L, 3L, 44L, 1L), dim = 4:3, dimnames = structure(list(
        c("-2", "-1", "0", "1"), c("A", "G", NA)), names = c("", 
    ""))), GM29_SNP1 = structure(c(5L, 327L, 4304L, 14L, 0L, 
    0L, 2L, 0L, 0L, 2L, 52L, 0L), dim = 4:3, dimnames = structure(list(
        c("-2", "-1", "0", "1"), c("A", "G", NA)), names = c("", 
    ""))), IM16_SNP1 = structure(c(0L, 126L, 2290L, 66L, 5L, 
    670L, 2501L, 30L, 0L, 7L, 67L, 3L), dim = 4:3, dimnames = structure(list(
        c("-2", "-1", "0", "1"), c("A", "G", NA)), names = c("", 
    ""))), IM49_SNP1 = structure(c(1L, 86L, 990L, 1840L, 42L, 
    1L, 5L, 427L, 173L, 1609L, 38L, 0L, 0L, 3L, 17L, 129L, 2L, 
    0L), dim = c(6L, 3L), dimnames = structure(list(c("-3", "-2", 
    "-1", "0", "1", "2"), c("C", "G", NA)), names = c("", ""))), 
    LR10_SNP1 = structure(c(0L, 0L, 1L, 0L, 0L, 16L, 403L, 4199L, 
    44L, 1L, 0L, 0L, 12L, 0L, 0L, 0L, 4L, 80L, 2L, 0L), dim = 5:4, dimnames = structure(list(
        c("-2", "-1", "0", "1", "2"), c("A", "C", "T", NA)), names = c("", 
    ""))), LR11_SNP1 = structure(c(0L, 0L, 1L, 0L, 0L, 2L, 367L, 
    7294L, 75L, 1L, 0L, 1L, 6L, 0L, 0L, 0L, 1L, 89L, 2L, 0L), dim = 5:4, dimnames = structure(list(
        c("-2", "-1", "0", "1", "2"), c("-", "A", "C", NA)), names = c("", 
    ""))), LR17_SNP1 = structure(c(2L, 120L, 2789L, 7689L, 171L, 
    3L, 0L, 0L, 2L, 2L, 0L, 0L, 0L, 1L, 109L, 608L, 8L, 0L), dim = c(6L, 
    3L), dimnames = structure(list(c("-3", "-2", "-1", "0", "1", 
    "2"), c("A", "G", NA)), names = c("", ""))), LR20_SNP1 = structure(c(0L, 
    0L, 1L, 0L, 6L, 210L, 2034L, 1L, 0L, 378L, 1899L, 2L, 0L, 
    3L, 31L, 0L), dim = c(4L, 4L), dimnames = structure(list(
        c("-2", "-1", "0", "1"), c("-", "A", "G", NA)), names = c("", 
    ""))), LR24_SNP1 = structure(c(17L, 565L, 4394L, 9L, 1L, 
    0L, 0L, 1L, 0L, 0L, 0L, 0L, 5L, 0L, 0L, 0L, 1L, 0L, 0L, 0L, 
    0L, 1L, 29L, 0L, 0L), dim = c(5L, 5L), dimnames = structure(list(
        c("-2", "-1", "0", "1", "2"), c("A", "C", "G", "T", NA
        )), names = c("", ""))), LR36_SNP1 = structure(c(0L, 
    0L, 1L, 18L, 0L, 0L, 0L, 0L, 1L, 0L, 0L, 0L, 0L, 2L, 0L, 
    2L, 31L, 749L, 4633L, 43L, 0L, 1L, 46L, 391L, 4L), dim = c(5L, 
    5L), dimnames = structure(list(c("-3", "-2", "-1", "0", "1"
    ), c("A", "C", "G", "T", NA)), names = c("", ""))), LR40_SNP1 = structure(c(0L, 
    0L, 3L, 0L, 1L, 287L, 3280L, 13L, 0L, 2L, 27L, 1L), dim = 4:3, dimnames = structure(list(
        c("-2", "-1", "0", "1"), c("A", "C", NA)), names = c("", 
    ""))), LR44_SNP1 = structure(c(0L, 0L, 2L, 46L, 832L, 12L, 
    0L, 14L, 57L, 351L, 610L, 1109L, 22L, 1L, 0L, 2L, 7L, 8L, 
    55L, 2L, 0L), dim = c(7L, 3L), dimnames = structure(list(
        c("-4", "-3", "-2", "-1", "0", "1", "2"), c("C", "T", 
        NA)), names = c("", ""))), LR46_SNP1 = structure(c(0L, 
    0L, 3L, 0L, 14L, 387L, 4709L, 39L, 0L, 2L, 46L, 0L), dim = 4:3, dimnames = structure(list(
        c("-2", "-1", "0", "1"), c("G", "T", NA)), names = c("", 
    ""))), LR48_SNP1 = structure(c(0L, 0L, 0L, 2L, 0L, 0L, 1L, 
    101L, 700L, 4822L, 76L, 1L, 0L, 0L, 0L, 1L, 0L, 0L, 0L, 0L, 
    1L, 4L, 0L, 0L, 0L, 0L, 4L, 136L, 0L, 0L), dim = 6:5, dimnames = structure(list(
        c("-3", "-2", "-1", "0", "1", "2"), c("A", "C", "G", 
        "T", NA)), names = c("", ""))), LR49_SNP1 = structure(c(0L, 
    0L, 6L, 0L, 3L, 370L, 4931L, 1L, 0L, 0L, 2L, 0L, 0L, 3L, 
    30L, 0L), dim = c(4L, 4L), dimnames = structure(list(c("-2", 
    "-1", "0", "1"), c("A", "G", "T", NA)), names = c("", ""))), 
    LR52_SNP1 = structure(c(0L, 0L, 0L, 0L, 1L, 0L, 0L, 30L, 
    347L, 356L, 1075L, 11L, 1L, 238L, 570L, 123L, 1346L, 9L, 
    0L, 2L, 8L, 12L, 408L, 4L), dim = c(6L, 4L), dimnames = structure(list(
        c("-4", "-3", "-2", "-1", "0", "1"), c("A", "C", "T", 
        NA)), names = c("", ""))))
