Result <-
list(DEPDC2_SNP1 = structure(c(0L, 0L, 1L, 0L, 0L, 0L, 19L, 2102L, 
64L, 1L, 1L, 24L, 2453L, 11L, 0L, 0L, 1L, 50L, 2L, 0L), dim = 5:4, dimnames = structure(list(
    c("-2", "-1", "0", "1", "2"), c("A", "C", "T", NA)), names = c("", 
""))), GM01_SNP1 = structure(c(54L, 3558L, 27L, 174L, 3283L, 
15L, 1L, 89L, 1L), dim = c(3L, 3L), dimnames = structure(list(
    c("-1", "0", "1"), c("A", "G", NA)), names = c("", ""))), 
    GM07_SNP1 = structure(c(1L, 0L, 4L, 0L, 0L, 36L, 749L, 3045L, 
    106L, 3L, 0L, 7L, 75L, 4L, 0L), dim = c(5L, 3L), dimnames = structure(list(
        c("-2", "-1", "0", "1", "2"), c("A", "G", NA)), names = c("", 
    ""))), GM09_SNP1 = structure(c(161L, 2640L, 5L, 11L, 2615L, 
    5L, 1L, 37L, 0L), dim = c(3L, 3L), dimnames = structure(list(
        c("-1", "0", "1"), c("A", "G", NA)), names = c("", ""
    ))), GM11_SNP1 = structure(c(81L, 4538L, 13L, 0L, 37L, 0L
    ), dim = 3:2, dimnames = structure(list(c("-1", "0", "1"), 
        c("A", NA)), names = c("", ""))), GM14_SNP1 = structure(c(2L, 
    6L, 318L, 4390L, 40L, 1L, 0L, 0L, 0L, 1L, 0L, 0L, 0L, 0L, 
    0L, 5L, 0L, 0L, 0L, 0L, 1L, 48L, 0L, 0L), dim = c(6L, 4L), dimnames = structure(list(
        c("-3", "-2", "-1", "0", "1", "2"), c("C", "G", "T", 
        NA)), names = c("", ""))), GM17_SNP1 = structure(c(163L, 
    5976L, 16L, 0L, 4L, 0L, 0L, 233L, 0L), dim = c(3L, 3L), dimnames = structure(list(
        c("-1", "0", "1"), c("C", "T", NA)), names = c("", ""
    ))), GM22_SNP1 = structure(c(2L, 138L, 6697L, 35L, 0L, 0L, 
    41L, 0L, 0L, 0L, 2L, 0L, 0L, 1L, 97L, 2L), dim = c(4L, 4L
    ), dimnames = structure(list(c("-2", "-1", "0", "1"), c("A", 
    "G", "T", NA)), names = c("", ""))), GM26_SNP1 = structure(c(0L, 
    11L, 2028L, 8L, 1L, 13L, 2130L, 7L, 0L, 0L, 1L, 0L, 0L, 3L, 
    72L, 0L), dim = c(4L, 4L), dimnames = structure(list(c("-2", 
    "-1", "0", "1"), c("A", "G", "T", NA)), names = c("", ""))), 
    GM29_SNP1 = structure(c(1L, 658L, 1706L, 5L, 0L, 38L, 2506L, 
    7L, 0L, 0L, 1L, 0L, 0L, 5L, 42L, 0L), dim = c(4L, 4L), dimnames = structure(list(
        c("-2", "-1", "0", "1"), c("A", "G", "T", NA)), names = c("", 
    ""))), IM16_SNP1 = structure(c(1L, 20L, 2249L, 32L, 4L, 0L, 
    23L, 2070L, 29L, 1L, 0L, 0L, 1L, 0L, 0L, 0L, 0L, 56L, 4L, 
    0L), dim = 5:4, dimnames = structure(list(c("-3", "-1", "0", 
    "1", "2"), c("A", "G", "T", NA)), names = c("", ""))), IM49_SNP1 = structure(c(0L, 
    0L, 4L, 0L, 3L, 111L, 2788L, 72L, 0L, 2L, 155L, 2L), dim = 4:3, dimnames = structure(list(
        c("-2", "-1", "0", "1"), c("C", "G", NA)), names = c("", 
    ""))), LR10_SNP1 = structure(c(0L, 0L, 1L, 0L, 0L, 0L, 5L, 
    0L, 1L, 78L, 5586L, 28L, 0L, 0L, 76L, 0L), dim = c(4L, 4L
    ), dimnames = structure(list(c("-2", "-1", "0", "1"), c("A", 
    "C", "T", NA)), names = c("", ""))), LR11_SNP1 = structure(c(0L, 
    0L, 7L, 0L, 3L, 158L, 3998L, 56L, 0L, 6L, 185L, 3L), dim = 4:3, dimnames = structure(list(
        c("-2", "-1", "0", "1"), c("A", "C", NA)), names = c("", 
    ""))), LR17_SNP1 = structure(c(4L, 189L, 3040L, 51L, 0L, 
    8L, 234L, 0L), dim = c(4L, 2L), dimnames = structure(list(
        c("-2", "-1", "0", "1"), c("A", NA)), names = c("", ""
    ))), LR20_SNP1 = structure(c(0L, 1L, 1571L, 3L, 0L, 0L, 1L, 
    0L, 1L, 83L, 2170L, 4L, 0L, 0L, 1L, 0L, 0L, 2L, 33L, 0L), dim = 4:5, dimnames = structure(list(
        c("-2", "-1", "0", "1"), c("A", "C", "G", "T", NA)), names = c("", 
    ""))), LR24_SNP1 = structure(c(0L, 0L, 5L, 0L, 1L, 58L, 3899L, 
    11L, 0L, 1L, 52L, 0L), dim = 4:3, dimnames = structure(list(
        c("-2", "-1", "0", "1"), c("A", "G", NA)), names = c("", 
    ""))), LR36_SNP1 = structure(c(1L, 2L, 43L, 2451L, 37L, 1L, 
    0L, 0L, 0L, 1L, 0L, 0L, 0L, 0L, 0L, 87L, 0L, 0L), dim = c(6L, 
    3L), dimnames = structure(list(c("-3", "-2", "-1", "0", "1", 
    "2"), c("A", "T", NA)), names = c("", ""))), LR40_SNP1 = structure(c(1L, 
    63L, 2386L, 14L, 0L, 1L, 13L, 0L), dim = c(4L, 2L), dimnames = structure(list(
        c("-3", "-1", "0", "1"), c("C", NA)), names = c("", ""
    ))), LR44_SNP1 = structure(c(0L, 0L, 0L, 1L, 0L, 0L, 0L, 
    9L, 307L, 459L, 1824L, 41L, 2L, 1L, 1L, 8L, 249L, 2848L, 
    54L, 1L, 0L, 0L, 6L, 11L, 105L, 3L, 0L, 0L), dim = c(7L, 
    4L), dimnames = structure(list(c("-3", "-2", "-1", "0", "1", 
    "2", "3"), c("A", "C", "T", NA)), names = c("", ""))), LR46_SNP1 = structure(c(0L, 
    1L, 0L, 10L, 2655L, 1L, 255L, 2128L, 7L, 1L, 32L, 0L), dim = 3:4, dimnames = structure(list(
        c("-1", "0", "1"), c("A", "G", "T", NA)), names = c("", 
    ""))), LR48_SNP1 = structure(c(0L, 0L, 1L, 0L, 0L, 9L, 181L, 
    5290L, 97L, 2L, 0L, 0L, 1L, 0L, 0L, 0L, 3L, 137L, 0L, 0L), dim = 5:4, dimnames = structure(list(
        c("-2", "-1", "0", "1", "2"), c("A", "C", "T", NA)), names = c("", 
    ""))), LR49_SNP1 = structure(c(6L, 2224L, 1L, 11L, 2671L, 
    1L, 0L, 64L, 0L), dim = c(3L, 3L), dimnames = structure(list(
        c("-1", "0", "1"), c("A", "G", NA)), names = c("", ""
    ))), LR52_SNP1 = structure(c(0L, 0L, 0L, 2L, 0L, 0L, 9L, 
    81L, 715L, 3743L, 55L, 2L, 0L, 1L, 18L, 260L, 8L, 0L), dim = c(6L, 
    3L), dimnames = structure(list(c("-3", "-2", "-1", "0", "1", 
    "2"), c("C", "T", NA)), names = c("", ""))))
