Result <-
list(DEPDC2_SNP1 = structure(c(0L, 0L, 1L, 0L, 0L, 0L, 0L, 2L, 
0L, 0L, 2L, 228L, 4726L, 740L, 3L, 0L, 0L, 52L, 5L, 0L), dim = 5:4, dimnames = structure(list(
    c("-2", "-1", "0", "1", "2"), c("A", "C", "T", NA)), names = c("", 
""))), GM01_SNP1 = structure(c(0L, 1L, 1L, 0L, 1L, 207L, 11164L, 
44L, 0L, 0L, 16L, 0L, 0L, 0L, 1L, 0L, 0L, 4L, 124L, 2L), dim = 4:5, dimnames = structure(list(
    c("-2", "-1", "0", "1"), c("-", "A", "G", "T", NA)), names = c("", 
""))), GM07_SNP1 = structure(c(3L, 122L, 2409L, 3136L, 76L, 2L, 
0L, 1L, 0L, 4L, 0L, 0L, 0L, 2L, 16L, 51L, 2L, 0L), dim = c(6L, 
3L), dimnames = structure(list(c("-3", "-2", "-1", "0", "1", 
"2"), c("A", "G", NA)), names = c("", ""))), GM09_SNP1 = structure(c(0L, 
8L, 0L, 533L, 9529L, 12L, 2L, 53L, 0L), dim = c(3L, 3L), dimnames = structure(list(
    c("-1", "0", "1"), c("A", "G", NA)), names = c("", ""))), 
    GM11_SNP1 = structure(c(1L, 1L, 65L, 7024L, 24L, 0L, 0L, 
    0L, 6L, 0L, 0L, 0L, 0L, 1L, 0L, 0L, 0L, 0L, 49L, 0L), dim = 5:4, dimnames = structure(list(
        c("-3", "-2", "-1", "0", "1"), c("A", "G", "T", NA)), names = c("", 
    ""))), GM14_SNP1 = structure(c(4L, 407L, 1884L, 5024L, 56L, 
    0L, 0L, 1L, 3L, 0L, 0L, 1L, 3L, 69L, 2L), dim = c(5L, 3L), dimnames = structure(list(
        c("-3", "-2", "-1", "0", "1"), c("C", "T", NA)), names = c("", 
    ""))), GM17_SNP1 = structure(c(0L, 0L, 1L, 0L, 1L, 867L, 
    2760L, 6L, 2L, 39L, 3672L, 15L, 0L, 4L, 213L, 0L), dim = c(4L, 
    4L), dimnames = structure(list(c("-2", "-1", "0", "1"), c("A", 
    "C", "T", NA)), names = c("", ""))), GM22_SNP1 = structure(c(4L, 
    92L, 4948L, 27L, 4L, 76L, 3713L, 18L, 0L, 0L, 1L, 0L, 0L, 
    5L, 209L, 2L), dim = c(4L, 4L), dimnames = structure(list(
        c("-2", "-1", "0", "1"), c("A", "G", "T", NA)), names = c("", 
    ""))), GM26_SNP1 = structure(c(16L, 477L, 4195L, 11L, 0L, 
    1L, 2L, 0L, 0L, 1L, 33L, 0L), dim = 4:3, dimnames = structure(list(
        c("-2", "-1", "0", "1"), c("A", "G", NA)), names = c("", 
    ""))), GM29_SNP1 = structure(c(1L, 3L, 604L, 5803L, 22L, 
    0L, 0L, 0L, 6L, 0L, 0L, 0L, 1L, 61L, 0L), dim = c(5L, 3L), dimnames = structure(list(
        c("-3", "-2", "-1", "0", "1"), c("A", "G", NA)), names = c("", 
    ""))), IM16_SNP1 = structure(c(0L, 1L, 10L, 0L, 0L, 0L, 0L, 
    0L, 1L, 0L, 0L, 0L, 16L, 2591L, 5773L, 142L, 7L, 1L, 0L, 
    0L, 2L, 0L, 0L, 0L, 0L, 12L, 103L, 7L, 2L, 0L), dim = 6:5, dimnames = structure(list(
        c("-2", "-1", "0", "1", "2", "3"), c("A", "C", "G", "T", 
        NA)), names = c("", ""))), IM49_SNP1 = structure(c(0L, 
    45L, 485L, 2642L, 58L, 2L, 0L, 11L, 1316L, 184L, 1480L, 52L, 
    3L, 2L, 0L, 11L, 8L, 122L, 5L, 0L, 0L), dim = c(7L, 3L), dimnames = structure(list(
        c("-3", "-2", "-1", "0", "1", "2", "3"), c("C", "G", 
        NA)), names = c("", ""))), LR10_SNP1 = structure(c(0L, 
    1L, 9L, 0L, 2L, 700L, 7058L, 45L, 0L, 3L, 91L, 2L), dim = 4:3, dimnames = structure(list(
        c("-2", "-1", "0", "1"), c("C", "T", NA)), names = c("", 
    ""))), LR11_SNP1 = structure(c(1L, 259L, 5980L, 7098L, 49L, 
    1L, 0L, 0L, 0L, 10L, 0L, 0L, 0L, 0L, 0L, 0L, 0L, 0L, 0L, 
    2L, 39L, 84L, 1L, 0L), dim = c(6L, 4L), dimnames = structure(list(
        c("-3", "-2", "-1", "0", "1", "3"), c("A", "C", "G", 
        NA)), names = c("", ""))), LR17_SNP1 = structure(c(2L, 
    5L, 237L, 6534L, 7616L, 95L, 1L, 0L, 0L, 0L, 2L, 3L, 0L, 
    0L, 0L, 0L, 1L, 241L, 619L, 3L, 0L), dim = c(7L, 3L), dimnames = structure(list(
        c("-4", "-3", "-2", "-1", "0", "1", "2"), c("A", "G", 
        NA)), names = c("", ""))), LR20_SNP1 = structure(c(3L, 
    1758L, 4773L, 9L, 0L, 0L, 2L, 0L, 0L, 1L, 16L, 1L), dim = 4:3, dimnames = structure(list(
        c("-2", "-1", "0", "1"), c("A", "G", NA)), names = c("", 
    ""))), LR24_SNP1 = structure(c(1L, 9L, 2969L, 6518L, 15L, 
    0L, 0L, 0L, 1L, 0L, 0L, 0L, 1L, 3L, 0L, 0L, 0L, 12L, 31L, 
    1L), dim = 5:4, dimnames = structure(list(c("-3", "-2", "-1", 
    "0", "1"), c("A", "C", "G", NA)), names = c("", ""))), LR36_SNP1 = structure(c(0L, 
    0L, 0L, 2L, 23L, 0L, 0L, 0L, 0L, 0L, 0L, 2L, 0L, 0L, 0L, 
    0L, 0L, 0L, 2L, 0L, 0L, 0L, 4L, 31L, 1057L, 7091L, 75L, 1L, 
    1L, 0L, 2L, 46L, 620L, 4L, 0L), dim = c(7L, 5L), dimnames = structure(list(
        c("-4", "-3", "-2", "-1", "0", "1", "2"), c("A", "C", 
        "G", "T", NA)), names = c("", ""))), LR40_SNP1 = structure(c(0L, 
    0L, 1L, 0L, 1L, 304L, 5551L, 17L, 0L, 0L, 1L, 0L, 0L, 0L, 
    47L, 0L), dim = c(4L, 4L), dimnames = structure(list(c("-2", 
    "-1", "0", "1"), c("A", "C", "T", NA)), names = c("", ""))), 
    LR44_SNP1 = structure(c(0L, 7L, 311L, 546L, 993L, 28L, 2L, 
    0L, 0L, 0L, 0L, 11L, 0L, 0L, 1L, 2L, 309L, 920L, 990L, 20L, 
    0L, 0L, 0L, 4L, 16L, 58L, 1L, 0L), dim = c(7L, 4L), dimnames = structure(list(
        c("-5", "-3", "-2", "-1", "0", "1", "2"), c("C", "G", 
        "T", NA)), names = c("", ""))), LR46_SNP1 = structure(c(0L, 
    1L, 1L, 0L, 10L, 2272L, 3758L, 47L, 0L, 1L, 1L, 0L, 0L, 16L, 
    34L, 1L), dim = c(4L, 4L), dimnames = structure(list(c("-2", 
    "-1", "0", "1"), c("A", "G", "T", NA)), names = c("", ""))), 
    LR48_SNP1 = structure(c(0L, 0L, 0L, 1L, 0L, 0L, 4L, 1085L, 
    304L, 1758L, 50L, 0L, 1L, 145L, 1129L, 2127L, 28L, 1L, 0L, 
    4L, 13L, 117L, 2L, 0L), dim = c(6L, 4L), dimnames = structure(list(
        c("-3", "-2", "-1", "0", "1", "2"), c("A", "C", "T", 
        NA)), names = c("", ""))), LR49_SNP1 = structure(c(0L, 
    343L, 4381L, 22L, 2181L, 2318L, 0L, 1L, 2L, 0L, 15L, 90L), dim = 3:4, dimnames = structure(list(
        c("-2", "-1", "0"), c("A", "G", "T", NA)), names = c("", 
    ""))), LR52_SNP1 = structure(c(0L, 0L, 0L, 0L, 1L, 0L, 0L, 
    0L, 0L, 1L, 0L, 1L, 0L, 0L, 153L, 1574L, 997L, 300L, 2973L, 
    32L, 1L, 0L, 6L, 6L, 9L, 186L, 2L, 0L), dim = c(7L, 4L), dimnames = structure(list(
        c("-4", "-3", "-2", "-1", "0", "1", "2"), c("A", "C", 
        "T", NA)), names = c("", ""))))
