Result <-
list(DEPDC2_SNP1 = structure(c(0L, 1L, 0L, 13L, 2525L, 11L, 0L, 
1L, 0L, 21L, 2469L, 27L, 0L, 58L, 0L), dim = c(3L, 5L), dimnames = structure(list(
    c("-1", "0", "1"), c("A", "C", "G", "T", NA)), names = c("", 
""))), GM01_SNP1 = structure(c(0L, 0L, 1L, 0L, 4L, 802L, 8744L, 
27L, 0L, 0L, 12L, 0L, 0L, 0L, 1L, 0L, 0L, 3L, 106L, 2L), dim = 4:5, dimnames = structure(list(
    c("-2", "-1", "0", "1"), c("-", "A", "G", "T", NA)), names = c("", 
""))), GM07_SNP1 = structure(c(9L, 413L, 1886L, 48L, 0L, 14L, 
337L, 1583L, 41L, 1L, 1L, 5L, 67L, 2L, 0L), dim = c(5L, 3L), dimnames = structure(list(
    c("-2", "-1", "0", "1", "2"), c("A", "G", NA)), names = c("", 
""))), GM09_SNP1 = structure(c(22L, 5343L, 5L, 23L, 5057L, 7L, 
0L, 3L, 0L, 1L, 74L, 0L), dim = 3:4, dimnames = structure(list(
    c("-1", "0", "1"), c("A", "G", "T", NA)), names = c("", ""
))), GM11_SNP1 = structure(c(1L, 112L, 3838L, 10L, 0L, 0L, 3L, 
0L, 0L, 0L, 1L, 0L, 0L, 0L, 34L, 0L), dim = c(4L, 4L), dimnames = structure(list(
    c("-2", "-1", "0", "1"), c("A", "G", "T", NA)), names = c("", 
""))), GM14_SNP1 = structure(c(4L, 284L, 7052L, 69L, 1L, 0L, 
1L, 77L, 1L, 0L, 0L, 0L, 80L, 0L, 0L), dim = c(5L, 3L), dimnames = structure(list(
    c("-2", "-1", "0", "1", "2"), c("C", "T", NA)), names = c("", 
""))), GM17_SNP1 = structure(c(34L, 2707L, 12L, 1L, 32L, 3020L, 
12L, 0L, 2L, 200L, 1L, 0L), dim = 4:3, dimnames = structure(list(
    c("-1", "0", "1", "2"), c("C", "T", NA)), names = c("", ""
))), GM22_SNP1 = structure(c(1L, 4L, 119L, 8502L, 40L, 0L, 0L, 
0L, 12L, 0L, 0L, 0L, 0L, 1L, 0L, 0L, 0L, 7L, 143L, 0L), dim = 5:4, dimnames = structure(list(
    c("-4", "-2", "-1", "0", "1"), c("A", "G", "T", NA)), names = c("", 
""))), GM26_SNP1 = structure(c(46L, 4279L, 16L, 1L, 0L, 4L, 0L, 
0L, 1L, 38L, 0L, 0L), dim = 4:3, dimnames = structure(list(c("-1", 
"0", "1", "2"), c("A", "G", NA)), names = c("", ""))), GM29_SNP1 = structure(c(1L, 
1L, 87L, 5581L, 22L, 0L, 0L, 0L, 6L, 0L, 0L, 0L, 2L, 67L, 0L), dim = c(5L, 
3L), dimnames = structure(list(c("-3", "-2", "-1", "0", "1"), 
    c("A", "G", NA)), names = c("", ""))), IM16_SNP1 = structure(c(1L, 
2L, 0L, 0L, 0L, 1L, 0L, 0L, 81L, 6657L, 124L, 3L, 0L, 2L, 0L, 
0L, 0L, 114L, 9L, 0L), dim = 4:5, dimnames = structure(list(c("-1", 
"0", "1", "2"), c("A", "C", "G", "T", NA)), names = c("", ""))), 
    IM49_SNP1 = structure(c(87L, 2652L, 53L, 4L, 1L, 1L, 70L, 
    2039L, 362L, 46L, 1L, 0L, 4L, 186L, 24L, 4L, 0L, 0L), dim = c(6L, 
    3L), dimnames = structure(list(c("-1", "0", "1", "2", "3", 
    "4"), c("C", "G", NA)), names = c("", ""))), LR10_SNP1 = structure(c(0L, 
    0L, 1L, 0L, 0L, 1L, 76L, 3544L, 19L, 0L, 13L, 403L, 2854L, 
    8L, 1L, 0L, 5L, 108L, 0L, 0L), dim = 5:4, dimnames = structure(list(
        c("-2", "-1", "0", "1", "2"), c("-", "C", "T", NA)), names = c("", 
    ""))), LR11_SNP1 = structure(c(2L, 35L, 1227L, 12150L, 87L, 
    0L, 0L, 1L, 9L, 0L, 0L, 0L, 0L, 4L, 0L, 0L, 0L, 10L, 137L, 
    0L), dim = 5:4, dimnames = structure(list(c("-3", "-2", "-1", 
    "0", "1"), c("A", "C", "G", NA)), names = c("", ""))), LR17_SNP1 = structure(c(26L, 
    1099L, 9398L, 763L, 9L, 0L, 0L, 3L, 0L, 0L, 0L, 0L, 6L, 0L, 
    0L, 0L, 40L, 693L, 19L, 0L), dim = 5:4, dimnames = structure(list(
        c("-2", "-1", "0", "1", "2"), c("A", "C", "G", NA)), names = c("", 
    ""))), LR20_SNP1 = structure(c(1L, 2L, 7L, 4466L, 17L, 0L, 
    0L, 1L, 6L, 0L, 0L, 0L, 1L, 16L, 0L), dim = c(5L, 3L), dimnames = structure(list(
        c("-3", "-2", "-1", "0", "1"), c("A", "G", NA)), names = c("", 
    ""))), LR24_SNP1 = structure(c(0L, 0L, 1L, 0L, 2L, 26L, 4959L, 
    10L, 0L, 0L, 1L, 0L, 0L, 14L, 4653L, 10L, 0L, 1L, 65L, 0L
    ), dim = 4:5, dimnames = structure(list(c("-2", "-1", "0", 
    "1"), c("-", "A", "C", "G", NA)), names = c("", ""))), LR36_SNP1 = structure(c(0L, 
    0L, 0L, 1L, 20L, 0L, 0L, 0L, 0L, 0L, 0L, 1L, 0L, 0L, 1L, 
    1L, 18L, 1213L, 6064L, 52L, 1L, 0L, 1L, 2L, 51L, 561L, 5L, 
    0L), dim = c(7L, 4L), dimnames = structure(list(c("-4", "-3", 
    "-2", "-1", "0", "1", "2"), c("A", "C", "T", NA)), names = c("", 
    ""))), LR40_SNP1 = structure(c(0L, 1L, 0L, 43L, 4741L, 19L, 
    0L, 1L, 0L, 0L, 35L, 1L), dim = 3:4, dimnames = structure(list(
        c("-1", "0", "1"), c("A", "C", "T", NA)), names = c("", 
    ""))), LR44_SNP1 = structure(c(0L, 0L, 0L, 0L, 1L, 0L, 0L, 
    0L, 0L, 0L, 2L, 20L, 0L, 0L, 1L, 135L, 79L, 133L, 1269L, 
    23L, 1L, 0L, 2L, 0L, 0L, 0L, 0L, 0L, 0L, 11L, 31L, 506L, 
    1250L, 23L, 0L, 0L, 0L, 1L, 4L, 53L, 0L, 0L), dim = 7:6, dimnames = structure(list(
        c("-4", "-3", "-2", "-1", "0", "1", "2"), c("-", "A", 
        "C", "G", "T", NA)), names = c("", ""))), LR46_SNP1 = structure(c(22L, 
    4445L, 11L, 0L, 2L, 0L, 0L, 27L, 0L), dim = c(3L, 3L), dimnames = structure(list(
        c("-1", "0", "1"), c("G", "T", NA)), names = c("", ""
    ))), LR48_SNP1 = structure(c(0L, 16L, 537L, 2662L, 45L, 1L, 
    1L, 6L, 310L, 3039L, 31L, 1L, 0L, 0L, 14L, 157L, 3L, 0L), dim = c(6L, 
    3L), dimnames = structure(list(c("-3", "-2", "-1", "0", "1", 
    "2"), c("C", "T", NA)), names = c("", ""))), LR49_SNP1 = structure(c(79L, 
    646L, 3366L, 0L, 28L, 3734L, 0L, 0L, 1L, 0L, 8L, 84L), dim = 3:4, dimnames = structure(list(
        c("-2", "-1", "0"), c("A", "G", "T", NA)), names = c("", 
    ""))), LR52_SNP1 = structure(c(2L, 22L, 314L, 2164L, 21L, 
    0L, 6L, 150L, 298L, 1696L, 36L, 1L, 0L, 3L, 18L, 699L, 8L, 
    0L), dim = c(6L, 3L), dimnames = structure(list(c("-3", "-2", 
    "-1", "0", "1", "2"), c("C", "T", NA)), names = c("", ""))))
