Result <-
list(DEPDC2_SNP1 = structure(c(0L, 0L, 2L, 0L, 0L, 13L, 2122L, 
13L, 1L, 17L, 2404L, 13L, 0L, 0L, 46L, 0L), dim = c(4L, 4L), dimnames = structure(list(
    c("-2", "-1", "0", "1"), c("A", "C", "T", NA)), names = c("", 
""))), GM01_SNP1 = structure(c(715L, 7776L, 27L, 0L, 6L, 0L, 
4L, 92L, 0L), dim = c(3L, 3L), dimnames = structure(list(c("-1", 
"0", "1"), c("A", "G", NA)), names = c("", ""))), GM07_SNP1 = structure(c(0L, 
0L, 2L, 0L, 0L, 8L, 346L, 1353L, 39L, 3L, 6L, 408L, 1409L, 54L, 
0L, 0L, 0L, 1L, 0L, 0L, 0L, 3L, 57L, 1L, 1L), dim = c(5L, 5L), dimnames = structure(list(
    c("-2", "-1", "0", "1", "2"), c("-", "A", "G", "T", NA)), names = c("", 
""))), GM09_SNP1 = structure(c(27L, 4747L, 11L, 22L, 4180L, 5L, 
1L, 57L, 0L), dim = c(3L, 3L), dimnames = structure(list(c("-1", 
"0", "1"), c("A", "G", NA)), names = c("", ""))), GM11_SNP1 = structure(c(77L, 
4351L, 16L, 0L, 2L, 0L, 0L, 30L, 0L), dim = c(3L, 3L), dimnames = structure(list(
    c("-1", "0", "1"), c("A", "G", NA)), names = c("", ""))), 
    GM14_SNP1 = structure(c(0L, 0L, 0L, 0L, 3L, 0L, 0L, 0L, 0L, 
    0L, 16L, 0L, 1L, 1L, 10L, 240L, 6576L, 74L, 0L, 0L, 0L, 11L, 
    325L, 1L, 0L, 0L, 0L, 1L, 92L, 0L), dim = 6:5, dimnames = structure(list(
        c("-4", "-3", "-2", "-1", "0", "1"), c("-", "A", "C", 
        "T", NA)), names = c("", ""))), GM17_SNP1 = structure(c(1L, 
    30L, 2634L, 8L, 0L, 35L, 2888L, 10L, 0L, 2L, 203L, 0L), dim = 4:3, dimnames = structure(list(
        c("-2", "-1", "0", "1"), c("C", "T", NA)), names = c("", 
    ""))), GM22_SNP1 = structure(c(3L, 82L, 7287L, 33L, 1L, 0L, 
    0L, 2L, 0L, 0L, 0L, 0L, 1L, 0L, 0L, 0L, 3L, 105L, 1L, 0L), dim = 5:4, dimnames = structure(list(
        c("-2", "-1", "0", "1", "2"), c("A", "G", "T", NA)), names = c("", 
    ""))), GM26_SNP1 = structure(c(1L, 30L, 3897L, 14L, 0L, 2L, 
    45L, 0L), dim = c(4L, 2L), dimnames = structure(list(c("-2", 
    "-1", "0", "1"), c("A", NA)), names = c("", ""))), GM29_SNP1 = structure(c(3L, 
    57L, 5148L, 18L, 1L, 0L, 0L, 1L, 0L, 0L, 0L, 1L, 61L, 0L, 
    0L), dim = c(5L, 3L), dimnames = structure(list(c("-2", "-1", 
    "0", "1", "2"), c("A", "G", NA)), names = c("", ""))), IM16_SNP1 = structure(c(0L, 
    3L, 0L, 51L, 5578L, 74L, 0L, 2L, 0L, 0L, 97L, 5L), dim = 3:4, dimnames = structure(list(
        c("-1", "0", "1"), c("A", "G", "T", NA)), names = c("", 
    ""))), IM49_SNP1 = structure(c(0L, 74L, 2333L, 40L, 0L, 0L, 
    5L, 52L, 1952L, 195L, 31L, 3L, 0L, 0L, 1L, 0L, 0L, 0L, 0L, 
    4L, 161L, 12L, 1L, 0L), dim = c(6L, 4L), dimnames = structure(list(
        c("-2", "-1", "0", "1", "2", "3"), c("C", "G", "T", NA
        )), names = c("", ""))), LR10_SNP1 = structure(c(1L, 
    75L, 2968L, 12L, 0L, 296L, 2775L, 6L, 0L, 2L, 101L, 1L), dim = 4:3, dimnames = structure(list(
        c("-2", "-1", "0", "1"), c("C", "T", NA)), names = c("", 
    ""))), LR11_SNP1 = structure(c(0L, 0L, 0L, 4L, 0L, 0L, 1L, 
    17L, 1209L, 11002L, 93L, 2L, 0L, 0L, 1L, 4L, 0L, 0L, 0L, 
    0L, 0L, 1L, 0L, 0L, 0L, 1L, 14L, 157L, 1L, 0L), dim = 6:5, dimnames = structure(list(
        c("-3", "-2", "-1", "0", "1", "2"), c("-", "A", "C", 
        "G", NA)), names = c("", ""))), LR17_SNP1 = structure(c(0L, 
    0L, 1L, 0L, 0L, 35L, 1156L, 9860L, 831L, 15L, 0L, 2L, 6L, 
    0L, 0L, 0L, 0L, 1L, 0L, 0L, 0L, 43L, 744L, 25L, 1L), dim = c(5L, 
    5L), dimnames = structure(list(c("-2", "-1", "0", "1", "2"
    ), c("-", "A", "G", "T", NA)), names = c("", ""))), LR20_SNP1 = structure(c(0L, 
    1L, 0L, 11L, 3971L, 5L, 0L, 1L, 0L, 0L, 1L, 0L, 0L, 13L, 
    0L), dim = c(3L, 5L), dimnames = structure(list(c("-1", "0", 
    "1"), c("-", "A", "G", "T", NA)), names = c("", ""))), LR24_SNP1 = structure(c(1L, 
    12L, 3845L, 8L, 0L, 15L, 3602L, 7L, 0L, 0L, 1L, 0L, 0L, 0L, 
    53L, 0L), dim = c(4L, 4L), dimnames = structure(list(c("-2", 
    "-1", "0", "1"), c("A", "G", "T", NA)), names = c("", ""))), 
    LR36_SNP1 = structure(c(0L, 0L, 0L, 14L, 0L, 0L, 0L, 0L, 
    2L, 0L, 0L, 0L, 1L, 1L, 0L, 3L, 25L, 1058L, 5538L, 38L, 0L, 
    1L, 58L, 471L, 3L), dim = c(5L, 5L), dimnames = structure(list(
        c("-3", "-2", "-1", "0", "1"), c("A", "C", "G", "T", 
        NA)), names = c("", ""))), LR40_SNP1 = structure(c(1L, 
    59L, 4207L, 9L, 0L, 0L, 1L, 0L, 0L, 0L, 36L, 0L), dim = 4:3, dimnames = structure(list(
        c("-2", "-1", "0", "1"), c("C", "T", NA)), names = c("", 
    ""))), LR44_SNP1 = structure(c(160L, 87L, 72L, 1123L, 17L, 
    2L, 13L, 10L, 0L, 1L, 0L, 0L, 0L, 0L, 2L, 20L, 441L, 1469L, 
    20L, 1L, 0L, 4L, 2L, 8L, 41L, 1L, 0L, 0L), dim = c(7L, 4L
    ), dimnames = structure(list(c("-3", "-2", "-1", "0", "1", 
    "2", "19"), c("C", "G", "T", NA)), names = c("", ""))), LR46_SNP1 = structure(c(0L, 
    1L, 0L, 10L, 3911L, 14L, 0L, 33L, 0L, 0L, 33L, 0L), dim = 3:4, dimnames = structure(list(
        c("-1", "0", "1"), c("A", "G", "T", NA)), names = c("", 
    ""))), LR48_SNP1 = structure(c(0L, 0L, 1L, 0L, 6L, 471L, 
    2864L, 49L, 9L, 446L, 2626L, 38L, 0L, 12L, 167L, 2L), dim = c(4L, 
    4L), dimnames = structure(list(c("-2", "-1", "0", "1"), c("A", 
    "C", "T", NA)), names = c("", ""))), LR49_SNP1 = structure(c(85L, 
    392L, 2771L, 0L, 1L, 10L, 3080L, 2L, 0L, 0L, 1L, 0L, 0L, 
    10L, 97L, 0L), dim = c(4L, 4L), dimnames = structure(list(
        c("-2", "-1", "0", "1"), c("A", "G", "T", NA)), names = c("", 
    ""))), LR52_SNP1 = structure(c(1L, 0L, 18L, 224L, 1761L, 
    13L, 0L, 1L, 2L, 112L, 300L, 1437L, 19L, 2L, 0L, 0L, 2L, 
    11L, 589L, 5L, 1L), dim = c(7L, 3L), dimnames = structure(list(
        c("-4", "-3", "-2", "-1", "0", "1", "2"), c("C", "T", 
        NA)), names = c("", ""))))
