Result <-
list(DEPDC2_SNP1 = structure(c(0L, 2L, 2L, 0L, 2L, 0L, 21L, 0L, 
6L, 1850L, 8312L, 42L, 0L, 3L, 69L, 0L), dim = c(4L, 4L), dimnames = structure(list(
    c("-2", "-1", "0", "1"), c("A", "C", "T", NA)), names = c("", 
""))), GM01_SNP1 = structure(c(0L, 2L, 90L, 1L, 0L, 48L, 3512L, 
12008L, 59L, 2L, 0L, 14L, 204L, 2L, 0L), dim = c(5L, 3L), dimnames = structure(list(
    c("-2", "-1", "0", "1", "2"), c("A", "G", NA)), names = c("", 
""))), GM07_SNP1 = structure(c(0L, 0L, 3L, 27L, 0L, 0L, 0L, 13L, 
179L, 3530L, 5602L, 169L, 5L, 1L, 0L, 0L, 0L, 1L, 0L, 0L, 0L, 
0L, 3L, 31L, 148L, 7L, 0L, 0L), dim = c(7L, 4L), dimnames = structure(list(
    c("-3", "-2", "-1", "0", "1", "2", "3"), c("A", "G", "T", 
    NA)), names = c("", ""))), GM09_SNP1 = structure(c(51L, 7617L, 
10L, 39L, 7037L, 6L, 0L, 4L, 0L, 1L, 97L, 1L), dim = 3:4, dimnames = structure(list(
    c("-1", "0", "1"), c("A", "G", "T", NA)), names = c("", ""
))), GM11_SNP1 = structure(c(3L, 1978L, 3736L, 10L, 0L, 0L, 1L, 
0L, 0L, 153L, 5574L, 39L, 0L, 1L, 1L, 0L, 0L, 11L, 82L, 2L), dim = 4:5, dimnames = structure(list(
    c("-2", "-1", "0", "1"), c("A", "C", "G", "T", NA)), names = c("", 
""))), GM14_SNP1 = structure(c(1L, 5L, 222L, 4368L, 60L, 1L, 
0L, 6L, 227L, 4118L, 24L, 0L, 0L, 0L, 2L, 129L, 1L, 1L), dim = c(6L, 
3L), dimnames = structure(list(c("-3", "-2", "-1", "0", "1", 
"2"), c("C", "T", NA)), names = c("", ""))), GM17_SNP1 = structure(c(0L, 
0L, 3L, 0L, 0L, 2L, 176L, 12123L, 41L, 1L, 0L, 2L, 52L, 0L, 0L, 
0L, 1L, 444L, 1L, 0L), dim = 5:4, dimnames = structure(list(c("-2", 
"-1", "0", "1", "2"), c("A", "C", "T", NA)), names = c("", ""
))), GM22_SNP1 = structure(c(18L, 2713L, 11109L, 68L, 1L, 0L, 
0L, 22L, 0L, 0L, 0L, 30L, 178L, 0L, 0L), dim = c(5L, 3L), dimnames = structure(list(
    c("-2", "-1", "0", "1", "2"), c("A", "G", NA)), names = c("", 
""))), GM26_SNP1 = structure(c(1L, 1L, 127L, 5426L, 25L, 2L, 
0L, 0L, 0L, 1L, 0L, 0L, 0L, 2L, 43L, 5323L, 12L, 0L, 0L, 0L, 
0L, 1L, 0L, 0L, 0L, 1L, 5L, 168L, 1L, 0L), dim = 6:5, dimnames = structure(list(
    c("-3", "-2", "-1", "0", "1", "2"), c("A", "C", "G", "T", 
    NA)), names = c("", ""))), GM29_SNP1 = structure(c(114L, 
5435L, 21L, 91L, 4991L, 16L, 5L, 115L, 1L), dim = c(3L, 3L), dimnames = structure(list(
    c("-1", "0", "1"), c("A", "G", NA)), names = c("", ""))), 
    IM16_SNP1 = structure(c(0L, 0L, 36L, 0L, 3L, 352L, 10510L, 
    155L, 0L, 0L, 2L, 0L, 1L, 2L, 176L, 10L), dim = c(4L, 4L), dimnames = structure(list(
        c("-2", "-1", "0", "1"), c("A", "G", "T", NA)), names = c("", 
    ""))), IM49_SNP1 = structure(c(0L, 0L, 1L, 0L, 0L, 0L, 3L, 
    185L, 2166L, 58L, 0L, 1L, 5L, 157L, 2047L, 71L, 1L, 1L, 0L, 
    5L, 143L, 2L, 0L, 0L), dim = c(6L, 4L), dimnames = structure(list(
        c("-2", "-1", "0", "1", "2", "3"), c("A", "C", "G", NA
        )), names = c("", ""))), LR10_SNP1 = structure(c(0L, 
    0L, 3L, 0L, 0L, 0L, 26L, 0L, 135L, 929L, 12040L, 64L, 1L, 
    7L, 176L, 7L), dim = c(4L, 4L), dimnames = structure(list(
        c("-2", "-1", "0", "1"), c("A", "C", "T", NA)), names = c("", 
    ""))), LR11_SNP1 = structure(c(12L, 522L, 6556L, 58L, 0L, 
    13L, 1005L, 4419L, 28L, 2L, 0L, 1L, 1L, 0L, 0L, 0L, 42L, 
    290L, 1L, 0L), dim = 5:4, dimnames = structure(list(c("-2", 
    "-1", "0", "1", "2"), c("A", "C", "T", NA)), names = c("", 
    ""))), LR17_SNP1 = structure(c(3L, 96L, 2658L, 8493L, 111L, 
    5L, 0L, 0L, 3L, 0L, 0L, 0L, 0L, 0L, 110L, 658L, 5L, 0L), dim = c(6L, 
    3L), dimnames = structure(list(c("-3", "-2", "-1", "0", "1", 
    "2"), c("A", "G", NA)), names = c("", ""))), LR20_SNP1 = structure(c(109L, 
    5012L, 11L, 15L, 4823L, 7L, 0L, 2L, 0L, 1L, 80L, 0L), dim = 3:4, dimnames = structure(list(
        c("-1", "0", "1"), c("A", "G", "T", NA)), names = c("", 
    ""))), LR24_SNP1 = structure(c(0L, 0L, 0L, 1L, 0L, 1L, 2L, 
    5L, 65L, 0L, 0L, 25L, 691L, 7476L, 21L, 0L, 0L, 0L, 1L, 0L, 
    0L, 0L, 4L, 50L, 1L), dim = c(5L, 5L), dimnames = structure(list(
        c("-3", "-2", "-1", "0", "1"), c("-", "A", "G", "T", 
        NA)), names = c("", ""))), LR36_SNP1 = structure(c(0L, 
    0L, 0L, 2L, 1L, 0L, 0L, 0L, 3L, 63L, 1911L, 6743L, 63L, 1L, 
    0L, 0L, 0L, 0L, 2L, 0L, 0L, 3L, 0L, 0L, 1L, 27L, 2L, 0L, 
    0L, 0L, 2L, 15L, 198L, 1L, 0L), dim = c(7L, 5L), dimnames = structure(list(
        c("-4", "-3", "-2", "-1", "0", "1", "2"), c("-", "A", 
        "G", "T", NA)), names = c("", ""))), LR40_SNP1 = structure(c(0L, 
    0L, 5L, 0L, 2L, 362L, 8055L, 29L, 0L, 2L, 59L, 1L), dim = 4:3, dimnames = structure(list(
        c("-2", "-1", "0", "1"), c("A", "C", NA)), names = c("", 
    ""))), LR44_SNP1 = structure(c(0L, 0L, 0L, 1L, 0L, 0L, 0L, 
    1L, 43L, 585L, 3954L, 88L, 4L, 1L, 0L, 2L, 13L, 58L, 2L, 
    0L, 0L, 0L, 1L, 7L, 159L, 0L, 0L, 0L), dim = c(7L, 4L), dimnames = structure(list(
        c("-3", "-2", "-1", "0", "1", "2", "5"), c("A", "C", 
        "T", NA)), names = c("", ""))), LR46_SNP1 = structure(c(0L, 
    2L, 0L, 0L, 1L, 0L, 457L, 4387L, 3L, 27L, 4891L, 13L, 0L, 
    83L, 0L), dim = c(3L, 5L), dimnames = structure(list(c("-1", 
    "0", "1"), c("A", "C", "G", "T", NA)), names = c("", ""))), 
    LR48_SNP1 = structure(c(0L, 0L, 1L, 0L, 0L, 0L, 1L, 1L, 0L, 
    0L, 124L, 2810L, 10021L, 177L, 4L, 0L, 2L, 8L, 1L, 0L, 2L, 
    25L, 262L, 4L, 0L), dim = c(5L, 5L), dimnames = structure(list(
        c("-2", "-1", "0", "1", "2"), c("-", "A", "C", "T", NA
        )), names = c("", ""))), LR49_SNP1 = structure(c(1L, 
    7L, 41L, 0L, 349L, 2179L, 9783L, 1L, 3L, 14L, 69L, 0L), dim = 4:3, dimnames = structure(list(
        c("-2", "-1", "0", "1"), c("A", "G", NA)), names = c("", 
    ""))), LR52_SNP1 = structure(c(0L, 0L, 0L, 0L, 2L, 0L, 0L, 
    29L, 2048L, 38L, 316L, 2377L, 29L, 0L, 0L, 0L, 0L, 0L, 0L, 
    0L, 0L, 4L, 29L, 237L, 1219L, 3791L, 160L, 3L, 0L, 8L, 4L, 
    41L, 817L, 15L, 0L), dim = c(7L, 5L), dimnames = structure(list(
        c("-4", "-3", "-2", "-1", "0", "1", "2"), c("A", "C", 
        "G", "T", NA)), names = c("", ""))))
