Result <-
list(DEPDC2_SNP1 = structure(c(0L, 0L, 3L, 0L, 0L, 0L, 8L, 0L, 
1L, 86L, 9894L, 42L, 0L, 1L, 94L, 0L), dim = c(4L, 4L), dimnames = structure(list(
    c("-4", "-1", "0", "1"), c("A", "C", "T", NA)), names = c("", 
""))), GM01_SNP1 = structure(c(4L, 82L, 6778L, 36L, 0L, 0L, 1L, 
0L, 2L, 83L, 6575L, 26L, 0L, 1L, 180L, 0L), dim = c(4L, 4L), dimnames = structure(list(
    c("-2", "-1", "0", "1"), c("A", "C", "G", NA)), names = c("", 
""))), GM07_SNP1 = structure(c(0L, 1L, 2L, 1L, 0L, 9L, 530L, 
9826L, 360L, 11L, 0L, 0L, 14L, 0L, 0L, 0L, 0L, 1L, 0L, 0L, 1L, 
7L, 137L, 5L, 0L), dim = c(5L, 5L), dimnames = structure(list(
    c("-2", "-1", "0", "1", "2"), c("-", "A", "G", "T", NA)), names = c("", 
""))), GM09_SNP1 = structure(c(38L, 7129L, 21L, 0L, 1L, 0L, 24L, 
5871L, 11L, 1L, 98L, 0L), dim = 3:4, dimnames = structure(list(
    c("-1", "0", "1"), c("A", "C", "G", NA)), names = c("", ""
))), GM11_SNP1 = structure(c(25L, 3690L, 15L, 40L, 5071L, 28L, 
0L, 1L, 0L, 1L, 79L, 1L), dim = 3:4, dimnames = structure(list(
    c("-1", "0", "1"), c("A", "G", "T", NA)), names = c("", ""
))), GM14_SNP1 = structure(c(7L, 274L, 8561L, 95L, 0L, 1L, 15L, 
0L, 0L, 0L, 108L, 0L), dim = 4:3, dimnames = structure(list(c("-2", 
"-1", "0", "1"), c("C", "T", NA)), names = c("", ""))), GM17_SNP1 = structure(c(0L, 
1L, 0L, 0L, 1L, 0L, 77L, 6053L, 24L, 68L, 5811L, 18L, 1L, 381L, 
1L), dim = c(3L, 5L), dimnames = structure(list(c("-1", "0", 
"1"), c("-", "A", "C", "T", NA)), names = c("", ""))), GM22_SNP1 = structure(c(0L, 
0L, 1L, 0L, 0L, 3L, 100L, 6434L, 34L, 1L, 1L, 77L, 5731L, 29L, 
0L, 0L, 0L, 1L, 0L, 0L, 0L, 8L, 258L, 2L, 0L), dim = c(5L, 5L
), dimnames = structure(list(c("-2", "-1", "0", "1", "2"), c("-", 
"A", "G", "T", NA)), names = c("", ""))), GM26_SNP1 = structure(c(0L, 
0L, 0L, 22L, 1L, 0L, 1L, 2L, 83L, 11177L, 30L, 2L, 0L, 0L, 0L, 
2L, 0L, 0L, 0L, 0L, 5L, 263L, 0L, 0L), dim = c(6L, 4L), dimnames = structure(list(
    c("-3", "-2", "-1", "0", "1", "2"), c("A", "G", "T", NA)), names = c("", 
""))), GM29_SNP1 = structure(c(1L, 140L, 10614L, 34L, 1L, 0L, 
0L, 10L, 0L, 0L, 0L, 0L, 4L, 0L, 0L, 0L, 4L, 102L, 1L, 0L), dim = 5:4, dimnames = structure(list(
    c("-2", "-1", "0", "1", "2"), c("A", "G", "T", NA)), names = c("", 
""))), IM16_SNP1 = structure(c(0L, 1L, 18L, 3854L, 74L, 1L, 1L, 
0L, 45L, 4703L, 53L, 2L, 0L, 0L, 3L, 124L, 4L, 1L), dim = c(6L, 
3L), dimnames = structure(list(c("-3", "-2", "-1", "0", "1", 
"2"), c("A", "G", NA)), names = c("", ""))), IM49_SNP1 = structure(c(2L, 
202L, 4627L, 100L, 1L, 0L, 1L, 8L, 0L, 0L, 0L, 1L, 124L, 3L, 
0L), dim = c(5L, 3L), dimnames = structure(list(c("-2", "-1", 
"0", "1", "2"), c("C", "G", NA)), names = c("", ""))), LR10_SNP1 = structure(c(0L, 
0L, 1L, 0L, 0L, 0L, 0L, 4L, 0L, 0L, 1L, 119L, 5909L, 46L, 1L, 
1L, 105L, 5632L, 29L, 0L, 0L, 2L, 180L, 8L, 0L), dim = c(5L, 
5L), dimnames = structure(list(c("-2", "-1", "0", "1", "2"), 
    c("-", "A", "C", "T", NA)), names = c("", ""))), LR11_SNP1 = structure(c(1L, 
6L, 135L, 5667L, 37L, 3L, 2L, 2L, 128L, 4872L, 55L, 1L, 0L, 0L, 
0L, 1L, 0L, 0L, 0L, 0L, 0L, 1L, 0L, 0L, 0L, 1L, 9L, 289L, 5L, 
0L), dim = 6:5, dimnames = structure(list(c("-3", "-2", "-1", 
"0", "1", "2"), c("A", "C", "G", "T", NA)), names = c("", ""))), 
    LR17_SNP1 = structure(c(6L, 407L, 9932L, 144L, 1L, 0L, 1L, 
    4L, 0L, 0L, 0L, 0L, 1L, 0L, 0L, 0L, 17L, 777L, 3L, 0L), dim = 5:4, dimnames = structure(list(
        c("-2", "-1", "0", "1", "2"), c("A", "G", "T", NA)), names = c("", 
    ""))), LR20_SNP1 = structure(c(1L, 17L, 4052L, 16L, 0L, 4L, 
    3739L, 6L, 0L, 0L, 1L, 0L, 0L, 0L, 59L, 0L), dim = c(4L, 
    4L), dimnames = structure(list(c("-3", "-1", "0", "1"), c("A", 
    "G", "T", NA)), names = c("", ""))), LR24_SNP1 = structure(c(0L, 
    1L, 0L, 15L, 4159L, 13L, 17L, 3607L, 15L, 0L, 53L, 0L), dim = 3:4, dimnames = structure(list(
        c("-1", "0", "1"), c("-", "A", "G", NA)), names = c("", 
    ""))), LR36_SNP1 = structure(c(0L, 0L, 1L, 60L, 2L, 0L, 3L, 
    12L, 168L, 7085L, 92L, 1L, 0L, 1L, 11L, 621L, 3L, 0L), dim = c(6L, 
    3L), dimnames = structure(list(c("-3", "-2", "-1", "0", "1", 
    "2"), c("A", "T", NA)), names = c("", ""))), LR40_SNP1 = structure(c(0L, 
    45L, 3550L, 15L, 1L, 35L, 3360L, 11L, 0L, 0L, 1L, 0L, 0L, 
    1L, 42L, 1L), dim = c(4L, 4L), dimnames = structure(list(
        c("-2", "-1", "0", "1"), c("A", "C", "G", NA)), names = c("", 
    ""))), LR44_SNP1 = structure(c(0L, 0L, 0L, 0L, 1L, 0L, 0L, 
    0L, 0L, 9L, 165L, 2163L, 29L, 1L, 0L, 0L, 0L, 0L, 4L, 0L, 
    0L, 1L, 1L, 7L, 239L, 2490L, 62L, 1L, 0L, 0L, 0L, 5L, 106L, 
    3L, 0L), dim = c(7L, 5L), dimnames = structure(list(c("-4", 
    "-3", "-2", "-1", "0", "1", "2"), c("A", "C", "G", "T", NA
    )), names = c("", ""))), LR46_SNP1 = structure(c(0L, 0L, 
    2L, 0L, 1L, 31L, 9525L, 30L, 0L, 0L, 16L, 0L, 0L, 1L, 72L, 
    0L), dim = c(4L, 4L), dimnames = structure(list(c("-3", "-1", 
    "0", "1"), c("A", "G", "T", NA)), names = c("", ""))), LR48_SNP1 = structure(c(0L, 
    0L, 3L, 0L, 0L, 4L, 328L, 11504L, 206L, 3L, 0L, 3L, 6L, 0L, 
    0L, 0L, 4L, 313L, 4L, 0L), dim = 5:4, dimnames = structure(list(
        c("-2", "-1", "0", "1", "2"), c("A", "C", "T", NA)), names = c("", 
    ""))), LR49_SNP1 = structure(c(0L, 2L, 29L, 0L, 3L, 36L, 
    11269L, 2L, 0L, 0L, 2L, 0L, 0L, 0L, 75L, 0L), dim = c(4L, 
    4L), dimnames = structure(list(c("-6", "-1", "0", "1"), c("A", 
    "G", "T", NA)), names = c("", ""))), LR52_SNP1 = structure(c(0L, 
    0L, 0L, 0L, 1L, 0L, 0L, 2L, 2L, 79L, 977L, 7782L, 67L, 1L, 
    0L, 0L, 0L, 1L, 26L, 0L, 0L, 0L, 0L, 1L, 35L, 2051L, 20L, 
    0L), dim = c(7L, 4L), dimnames = structure(list(c("-4", "-3", 
    "-2", "-1", "0", "1", "2"), c("-", "C", "T", NA)), names = c("", 
    ""))))
