Result <-
list(DEPDC2_SNP1 = structure(c(0L, 3L, 0L, 62L, 5031L, 75L, 0L, 
50L, 0L), dim = c(3L, 3L), dimnames = structure(list(c("-1", 
"0", "1"), c("C", "T", NA)), names = c("", ""))), GM01_SNP1 = structure(c(1L, 
1L, 198L, 6609L, 21L, 1L, 0L, 0L, 0L, 11L, 0L, 0L, 0L, 0L, 0L, 
1L, 0L, 0L, 0L, 0L, 5L, 84L, 1L, 0L), dim = c(6L, 4L), dimnames = structure(list(
    c("-3", "-2", "-1", "0", "1", "3"), c("A", "G", "T", NA)), names = c("", 
""))), GM07_SNP1 = structure(c(0L, 0L, 2L, 0L, 0L, 0L, 1L, 276L, 
4551L, 3792L, 114L, 2L, 0L, 0L, 1L, 4L, 0L, 0L, 0L, 0L, 1L, 0L, 
0L, 0L, 0L, 0L, 25L, 71L, 1L, 0L), dim = 6:5, dimnames = structure(list(
    c("-3", "-2", "-1", "0", "1", "2"), c("-", "A", "G", "T", 
    NA)), names = c("", ""))), GM09_SNP1 = structure(c(20L, 3524L, 
18L, 1L, 23L, 3817L, 5L, 0L, 0L, 61L, 0L, 0L), dim = 4:3, dimnames = structure(list(
    c("-1", "0", "1", "2"), c("A", "G", NA)), names = c("", ""
))), GM11_SNP1 = structure(c(34L, 161L, 0L, 34L, 84L, 10L, 1L, 
4L, 0L), dim = c(3L, 3L), dimnames = structure(list(c("-1", "0", 
"1"), c("A", "G", NA)), names = c("", ""))), GM14_SNP1 = structure(c(0L, 
0L, 0L, 3L, 0L, 0L, 4L, 794L, 1443L, 4840L, 141L, 2L, 0L, 0L, 
0L, 2L, 0L, 0L, 0L, 0L, 3L, 55L, 0L, 0L), dim = c(6L, 4L), dimnames = structure(list(
    c("-3", "-2", "-1", "0", "1", "2"), c("-", "C", "T", NA)), names = c("", 
""))), GM17_SNP1 = structure(c(4L, 1353L, 4465L, 15L, 0L, 6L, 
2103L, 2995L, 6L, 1L, 1L, 18L, 269L, 0L, 0L), dim = c(5L, 3L), dimnames = structure(list(
    c("-2", "-1", "0", "1", "2"), c("C", "T", NA)), names = c("", 
""))), GM22_SNP1 = structure(c(5L, 237L, 9830L, 50L, 1L, 0L, 
0L, 6L, 0L, 0L, 0L, 0L, 1L, 0L, 0L, 0L, 3L, 125L, 3L, 0L), dim = 5:4, dimnames = structure(list(
    c("-2", "-1", "0", "1", "2"), c("A", "G", "T", NA)), names = c("", 
""))), GM26_SNP1 = structure(c(2L, 97L, 6273L, 25L, 0L, 0L, 8L, 
0L, 0L, 0L, 1L, 0L, 0L, 3L, 42L, 0L), dim = c(4L, 4L), dimnames = structure(list(
    c("-2", "-1", "0", "1"), c("A", "G", "T", NA)), names = c("", 
""))), GM29_SNP1 = structure(c(0L, 19L, 685L, 4765L, 14L, 0L, 
1L, 20L, 1313L, 4070L, 15L, 1L, 0L, 0L, 0L, 3L, 0L, 0L, 0L, 0L, 
13L, 104L, 1L, 0L), dim = c(6L, 4L), dimnames = structure(list(
    c("-3", "-2", "-1", "0", "1", "2"), c("A", "G", "T", NA)), names = c("", 
""))), IM16_SNP1 = structure(c(18L, 1224L, 15L, 1L, 27L, 1190L, 
19L, 0L, 0L, 27L, 1L, 0L), dim = 4:3, dimnames = structure(list(
    c("-1", "0", "1", "2"), c("A", "G", NA)), names = c("", ""
))), IM49_SNP1 = structure(c(0L, 0L, 1L, 0L, 0L, 3L, 214L, 1936L, 
2235L, 33L, 2L, 111L, 1702L, 2011L, 43L, 0L, 0L, 0L, 1L, 0L, 
0L, 0L, 46L, 158L, 4L), dim = c(5L, 5L), dimnames = structure(list(
    c("-3", "-2", "-1", "0", "1"), c("A", "C", "G", "T", NA)), names = c("", 
""))), LR10_SNP1 = structure(c(0L, 0L, 0L, 2L, 0L, 0L, 0L, 0L, 
0L, 10L, 0L, 0L, 1L, 2L, 337L, 7483L, 28L, 1L, 0L, 0L, 1L, 100L, 
3L, 0L), dim = c(6L, 4L), dimnames = structure(list(c("-3", "-2", 
"-1", "0", "1", "2"), c("A", "C", "T", NA)), names = c("", ""
))), LR11_SNP1 = structure(c(0L, 2L, 3L, 0L, 124L, 90L, 308L, 
2L, 2L, 3L, 22L, 0L), dim = 4:3, dimnames = structure(list(c("-2", 
"-1", "0", "1"), c("A", "C", NA)), names = c("", ""))), LR17_SNP1 = structure(c(2L, 
351L, 4003L, 8422L, 138L, 1L, 0L, 0L, 1L, 1L, 0L, 0L, 0L, 5L, 
172L, 630L, 9L, 0L), dim = c(6L, 3L), dimnames = structure(list(
    c("-3", "-2", "-1", "0", "1", "2"), c("A", "G", NA)), names = c("", 
""))), LR20_SNP1 = structure(c(0L, 7L, 0L, 216L, 782L, 1L, 0L, 
9L, 0L), dim = c(3L, 3L), dimnames = structure(list(c("-1", "0", 
"1"), c("A", "G", NA)), names = c("", ""))), LR24_SNP1 = structure(c(36L, 
1283L, 4L, 64L, 1231L, 3L, 0L, 16L, 0L), dim = c(3L, 3L), dimnames = structure(list(
    c("-1", "0", "1"), c("A", "G", NA)), names = c("", ""))), 
    LR36_SNP1 = structure(c(0L, 0L, 6L, 147L, 1935L, 2841L, 24L, 
    0L, 0L, 0L, 0L, 0L, 1L, 0L, 0L, 0L, 0L, 0L, 0L, 1L, 0L, 1L, 
    1L, 51L, 1785L, 68L, 2512L, 17L, 0L, 0L, 0L, 34L, 19L, 322L, 
    2L), dim = c(7L, 5L), dimnames = structure(list(c("-5", "-4", 
    "-3", "-2", "-1", "0", "1"), c("A", "C", "G", "T", NA)), names = c("", 
    ""))), LR40_SNP1 = structure(c(3L, 185L, 1L, 8L, 228L, 1L, 
    0L, 1L, 0L, 0L, 2L, 0L), dim = 3:4, dimnames = structure(list(
        c("-1", "0", "1"), c("A", "C", "G", NA)), names = c("", 
    ""))), LR44_SNP1 = structure(c(0L, 1L, 0L, 0L, 0L, 0L, 0L, 
    0L, 1L, 85L, 572L, 777L, 17L, 0L, 0L, 0L, 0L, 0L, 9L, 0L, 
    0L, 28L, 645L, 4L, 104L, 786L, 17L, 1L, 0L, 0L, 0L, 9L, 34L, 
    0L, 0L), dim = c(7L, 5L), dimnames = structure(list(c("-4", 
    "-3", "-2", "-1", "0", "1", "2"), c("A", "C", "G", "T", NA
    )), names = c("", ""))), LR46_SNP1 = structure(c(1L, 21L, 
    2754L, 7L, 0L, 19L, 3197L, 18L, 0L, 0L, 47L, 0L), dim = 4:3, dimnames = structure(list(
        c("-2", "-1", "0", "1"), c("G", "T", NA)), names = c("", 
    ""))), LR48_SNP1 = structure(c(0L, 0L, 0L, 1L, 0L, 0L, 10L, 
    366L, 4204L, 5658L, 101L, 3L, 0L, 0L, 0L, 4L, 0L, 0L, 0L, 
    2L, 34L, 122L, 2L, 0L), dim = c(6L, 4L), dimnames = structure(list(
        c("-3", "-2", "-1", "0", "1", "2"), c("A", "C", "T", 
        NA)), names = c("", ""))), LR49_SNP1 = structure(c(0L, 
    0L, 18L, 0L, 29L, 2749L, 8982L, 6L, 0L, 22L, 48L, 0L), dim = 4:3, dimnames = structure(list(
        c("-2", "-1", "0", "1"), c("A", "G", NA)), names = c("", 
    ""))), LR52_SNP1 = structure(c(0L, 0L, 0L, 0L, 1L, 0L, 0L, 
    0L, 1L, 0L, 2L, 0L, 1L, 170L, 1201L, 146L, 1264L, 9L, 1L, 
    88L, 1057L, 169L, 1566L, 30L, 0L, 3L, 22L, 12L, 428L, 5L), dim = 6:5, dimnames = structure(list(
        c("-4", "-3", "-2", "-1", "0", "1"), c("-", "A", "C", 
        "T", NA)), names = c("", ""))))
