Result <-
list(DEPDC2_SNP1 = structure(c(0L, 0L, 2L, 1L, 0L, 4L, 887L, 
5026L, 126L, 3L, 0L, 0L, 9L, 0L, 0L, 0L, 10L, 93L, 1L, 1L), dim = 5:4, dimnames = structure(list(
    c("-2", "-1", "0", "1", "2"), c("A", "C", "T", NA)), names = c("", 
""))), GM01_SNP1 = structure(c(0L, 0L, 1L, 0L, 0L, 2L, 300L, 
16869L, 69L, 2L, 0L, 0L, 1L, 0L, 0L, 0L, 1L, 26L, 0L, 0L, 0L, 
0L, 3L, 0L, 0L, 0L, 4L, 189L, 2L, 0L), dim = 5:6, dimnames = structure(list(
    c("-2", "-1", "0", "1", "2"), c("-", "A", "C", "G", "T", 
    NA)), names = c("", ""))), GM07_SNP1 = structure(c(0L, 0L, 
0L, 2L, 0L, 0L, 1L, 180L, 1690L, 2935L, 89L, 1L, 0L, 134L, 1508L, 
2827L, 85L, 2L, 0L, 0L, 0L, 1L, 0L, 0L, 0L, 4L, 21L, 123L, 4L, 
0L), dim = 6:5, dimnames = structure(list(c("-3", "-2", "-1", 
"0", "1", "2"), c("-", "A", "G", "T", NA)), names = c("", ""))), 
    GM09_SNP1 = structure(c(0L, 0L, 15L, 0L, 0L, 0L, 2L, 0L, 
    2L, 2343L, 11412L, 28L, 1L, 10L, 79L, 0L), dim = c(4L, 4L
    ), dimnames = structure(list(c("-2", "-1", "0", "1"), c("A", 
    "C", "G", NA)), names = c("", ""))), GM11_SNP1 = structure(c(0L, 
    0L, 0L, 1L, 0L, 0L, 1L, 13L, 1999L, 8152L, 26L, 1L, 0L, 0L, 
    0L, 6L, 0L, 0L, 0L, 0L, 0L, 1L, 0L, 0L, 0L, 1L, 14L, 55L, 
    0L, 0L), dim = 6:5, dimnames = structure(list(c("-3", "-2", 
    "-1", "0", "1", "2"), c("-", "A", "G", "T", NA)), names = c("", 
    ""))), GM14_SNP1 = structure(c(0L, 0L, 0L, 0L, 2L, 0L, 0L, 
    2L, 252L, 1180L, 99L, 2643L, 42L, 1L, 0L, 1L, 52L, 1528L, 
    2928L, 20L, 0L, 0L, 0L, 5L, 4L, 68L, 0L, 0L), dim = c(7L, 
    4L), dimnames = structure(list(c("-4", "-3", "-2", "-1", 
    "0", "1", "2"), c("A", "C", "T", NA)), names = c("", ""))), 
    GM17_SNP1 = structure(c(0L, 0L, 0L, 1L, 0L, 1L, 6L, 396L, 
    15815L, 46L, 0L, 0L, 1L, 15L, 1L, 0L, 0L, 0L, 604L, 0L), dim = 5:4, dimnames = structure(list(
        c("-3", "-2", "-1", "0", "1"), c("A", "C", "T", NA)), names = c("", 
    ""))), GM22_SNP1 = structure(c(1L, 4L, 63L, 4631L, 1922L, 
    20L, 0L, 2L, 269L, 5759L, 25L, 0L, 0L, 1L, 7L, 261L, 24L, 
    2L), dim = c(6L, 3L), dimnames = structure(list(c("-3", "-2", 
    "-1", "0", "1", "2"), c("A", "G", NA)), names = c("", ""))), 
    GM26_SNP1 = structure(c(4L, 246L, 3922L, 34L, 71L, 1348L, 
    2546L, 12L, 1L, 18L, 90L, 1L), dim = 4:3, dimnames = structure(list(
        c("-2", "-1", "0", "1"), c("A", "G", NA)), names = c("", 
    ""))), GM29_SNP1 = structure(c(3L, 310L, 5673L, 18L, 1L, 
    281L, 5679L, 14L, 0L, 0L, 1L, 0L, 0L, 4L, 117L, 1L), dim = c(4L, 
    4L), dimnames = structure(list(c("-2", "-1", "0", "1"), c("A", 
    "G", "T", NA)), names = c("", ""))), IM16_SNP1 = structure(c(0L, 
    0L, 0L, 6L, 0L, 0L, 0L, 0L, 0L, 1L, 0L, 0L, 1L, 28L, 1998L, 
    8283L, 118L, 3L, 0L, 0L, 0L, 4L, 0L, 0L, 0L, 0L, 10L, 145L, 
    12L, 0L), dim = 6:5, dimnames = structure(list(c("-3", "-2", 
    "-1", "0", "1", "2"), c("A", "C", "G", "T", NA)), names = c("", 
    ""))), IM49_SNP1 = structure(c(0L, 0L, 0L, 1L, 0L, 0L, 13L, 
    1853L, 534L, 3940L, 75L, 2L, 0L, 1L, 0L, 7L, 1L, 0L, 1L, 
    8L, 5L, 100L, 2L, 0L), dim = c(6L, 4L), dimnames = structure(list(
        c("-3", "-2", "-1", "0", "1", "2"), c("A", "C", "G", 
        NA)), names = c("", ""))), LR10_SNP1 = structure(c(11L, 
    1451L, 9430L, 65L, 1L, 0L, 1L, 21L, 0L, 0L, 0L, 9L, 146L, 
    0L, 0L), dim = c(5L, 3L), dimnames = structure(list(c("-2", 
    "-1", "0", "1", "2"), c("C", "T", NA)), names = c("", ""))), 
    LR11_SNP1 = structure(c(1L, 1L, 5L, 0L, 28L, 2157L, 8720L, 
    75L, 0L, 0L, 1L, 0L, 0L, 1L, 1L, 0L, 1L, 79L, 371L, 7L), dim = 4:5, dimnames = structure(list(
        c("-2", "-1", "0", "1"), c("A", "C", "G", "T", NA)), names = c("", 
    ""))), LR17_SNP1 = structure(c(5L, 200L, 5822L, 12343L, 180L, 
    3L, 0L, 0L, 3L, 6L, 0L, 0L, 0L, 3L, 249L, 949L, 5L, 1L), dim = c(6L, 
    3L), dimnames = structure(list(c("-3", "-2", "-1", "0", "1", 
    "2"), c("A", "G", NA)), names = c("", ""))), LR20_SNP1 = structure(c(0L, 
    0L, 1L, 0L, 1L, 54L, 5100L, 11L, 26L, 2118L, 3528L, 7L, 0L, 
    13L, 53L, 0L), dim = c(4L, 4L), dimnames = structure(list(
        c("-2", "-1", "0", "1"), c("-", "A", "G", NA)), names = c("", 
    ""))), LR24_SNP1 = structure(c(7L, 1475L, 5961L, 18L, 0L, 
    0L, 4L, 0L, 0L, 0L, 1L, 0L, 1L, 7L, 36L, 0L), dim = c(4L, 
    4L), dimnames = structure(list(c("-2", "-1", "0", "1"), c("A", 
    "G", "T", NA)), names = c("", ""))), LR36_SNP1 = structure(c(0L, 
    0L, 0L, 3L, 0L, 0L, 3L, 26L, 377L, 10065L, 110L, 1L, 0L, 
    0L, 0L, 1L, 0L, 0L, 0L, 0L, 0L, 4L, 0L, 0L, 0L, 1L, 5L, 289L, 
    4L, 0L), dim = 6:5, dimnames = structure(list(c("-3", "-2", 
    "-1", "0", "1", "2"), c("-", "A", "G", "T", NA)), names = c("", 
    ""))), LR40_SNP1 = structure(c(0L, 0L, 3L, 0L, 0L, 3L, 628L, 
    7404L, 1251L, 6L, 0L, 0L, 1L, 0L, 0L, 0L, 1L, 0L, 0L, 0L, 
    0L, 1L, 60L, 17L, 1L), dim = c(5L, 5L), dimnames = structure(list(
        c("-2", "-1", "0", "1", "2"), c("A", "C", "G", "T", NA
        )), names = c("", ""))), LR44_SNP1 = structure(c(0L, 
    2L, 0L, 6L, 0L, 0L, 1L, 77L, 401L, 192L, 1691L, 45L, 1L, 
    0L, 0L, 1L, 3L, 33L, 1L, 0L, 0L), dim = c(7L, 3L), dimnames = structure(list(
        c("-3", "-2", "-1", "0", "1", "2", "3"), c("C", "T", 
        NA)), names = c("", ""))), LR46_SNP1 = structure(c(0L, 
    1L, 0L, 0L, 2L, 1645L, 7777L, 19L, 0L, 0L, 7L, 0L, 0L, 8L, 
    60L, 0L), dim = c(4L, 4L), dimnames = structure(list(c("-2", 
    "-1", "0", "1"), c("A", "G", "T", NA)), names = c("", ""))), 
    LR48_SNP1 = structure(c(0L, 0L, 0L, 3L, 0L, 0L, 2L, 141L, 
    2072L, 3538L, 45L, 0L, 0L, 3L, 203L, 4155L, 601L, 11L, 0L, 
    1L, 19L, 172L, 20L, 1L), dim = c(6L, 4L), dimnames = structure(list(
        c("-3", "-2", "-1", "0", "1", "2"), c("A", "C", "T", 
        NA)), names = c("", ""))), LR49_SNP1 = structure(c(20L, 
    3872L, 6859L, 3L, 0L, 1L, 0L, 0L, 0L, 2L, 15L, 0L, 0L, 0L, 
    1L, 0L, 0L, 51L, 137L, 0L), dim = 4:5, dimnames = structure(list(
        c("-2", "-1", "0", "1"), c("A", "C", "G", "T", NA)), names = c("", 
    ""))), LR52_SNP1 = structure(c(1L, 89L, 828L, 870L, 2164L, 
    24L, 0L, 0L, 1L, 0L, 1L, 0L, 5L, 284L, 1223L, 215L, 2450L, 
    28L, 0L, 2L, 20L, 39L, 782L, 5L), dim = c(6L, 4L), dimnames = structure(list(
        c("-4", "-3", "-2", "-1", "0", "1"), c("C", "G", "T", 
        NA)), names = c("", ""))))
