Result <-
list(DEPDC2_SNP1 = structure(c(0L, 1L, 0L, 1L, 24L, 0L, 76L, 
10165L, 55L, 0L, 82L, 0L), dim = 3:4, dimnames = structure(list(
    c("-1", "0", "1"), c("A", "C", "T", NA)), names = c("", ""
))), GM01_SNP1 = structure(c(1L, 144L, 10774L, 44L, 2L, 0L, 0L, 
1L, 0L, 0L, 0L, 0L, 6L, 0L, 0L, 1L, 3L, 124L, 3L, 0L), dim = 5:4, dimnames = structure(list(
    c("-2", "-1", "0", "1", "2"), c("A", "C", "G", NA)), names = c("", 
""))), GM07_SNP1 = structure(c(0L, 1L, 2L, 0L, 0L, 3L, 331L, 
5970L, 177L, 5L, 0L, 4L, 10L, 0L, 0L, 0L, 2L, 96L, 4L, 0L), dim = 5:4, dimnames = structure(list(
    c("-2", "-1", "0", "1", "2"), c("-", "A", "G", NA)), names = c("", 
""))), GM09_SNP1 = structure(c(64L, 12531L, 23L, 0L, 42L, 0L, 
0L, 3L, 0L, 1L, 75L, 0L), dim = 3:4, dimnames = structure(list(
    c("-1", "0", "1"), c("A", "G", "T", NA)), names = c("", ""
))), GM11_SNP1 = structure(c(3L, 33L, 7417L, 29L, 0L, 1L, 8L, 
0L, 0L, 0L, 56L, 0L), dim = 4:3, dimnames = structure(list(c("-2", 
"-1", "0", "1"), c("A", "G", NA)), names = c("", ""))), GM14_SNP1 = structure(c(1L, 
2L, 32L, 0L, 6L, 131L, 6495L, 37L, 0L, 1L, 66L, 0L), dim = 4:3, dimnames = structure(list(
    c("-2", "-1", "0", "1"), c("C", "T", NA)), names = c("", 
""))), GM17_SNP1 = structure(c(0L, 0L, 1L, 0L, 0L, 0L, 1L, 0L, 
0L, 8L, 31L, 0L, 4L, 157L, 12043L, 19L, 0L, 1L, 416L, 0L), dim = 4:5, dimnames = structure(list(
    c("-2", "-1", "0", "1"), c("-", "A", "C", "T", NA)), names = c("", 
""))), GM22_SNP1 = structure(c(3L, 133L, 10068L, 52L, 1L, 0L, 
0L, 4L, 0L, 0L, 0L, 0L, 1L, 0L, 0L, 0L, 2L, 165L, 2L, 0L), dim = 5:4, dimnames = structure(list(
    c("-2", "-1", "0", "1", "2"), c("A", "G", "T", NA)), names = c("", 
""))), GM26_SNP1 = structure(c(1L, 24L, 3844L, 23L, 0L, 0L, 26L, 
3555L, 20L, 1L, 0L, 0L, 1L, 0L, 0L, 0L, 1L, 133L, 0L, 0L), dim = 5:4, dimnames = structure(list(
    c("-2", "-1", "0", "1", "2"), c("A", "G", "T", NA)), names = c("", 
""))), GM29_SNP1 = structure(c(1L, 6L, 152L, 9984L, 35L, 0L, 
0L, 1L, 9L, 0L, 0L, 0L, 0L, 1L, 0L, 0L, 0L, 1L, 90L, 0L), dim = 5:4, dimnames = structure(list(
    c("-3", "-2", "-1", "0", "1"), c("A", "G", "T", NA)), names = c("", 
""))), IM16_SNP1 = structure(c(0L, 0L, 1L, 0L, 0L, 0L, 24L, 3543L, 
43L, 1L, 1L, 50L, 3646L, 52L, 3L, 0L, 0L, 1L, 0L, 0L, 0L, 2L, 
92L, 5L, 0L), dim = c(5L, 5L), dimnames = structure(list(c("-2", 
"-1", "0", "1", "2"), c("-", "A", "G", "T", NA)), names = c("", 
""))), IM49_SNP1 = structure(c(1L, 0L, 90L, 2184L, 59L, 1L, 1L, 
1L, 69L, 1891L, 52L, 1L, 0L, 0L, 3L, 161L, 8L, 0L), dim = c(6L, 
3L), dimnames = structure(list(c("-3", "-2", "-1", "0", "1", 
"2"), c("C", "G", NA)), names = c("", ""))), LR10_SNP1 = structure(c(0L, 
0L, 1L, 0L, 0L, 0L, 2L, 0L, 0L, 87L, 4379L, 38L, 1L, 64L, 4537L, 
20L, 0L, 2L, 129L, 2L), dim = 4:5, dimnames = structure(list(
    c("-2", "-1", "0", "1"), c("-", "A", "C", "T", NA)), names = c("", 
""))), LR11_SNP1 = structure(c(2L, 109L, 5271L, 43L, 1L, 4L, 
93L, 4361L, 35L, 1L, 0L, 0L, 2L, 0L, 0L, 0L, 0L, 1L, 0L, 0L, 
0L, 8L, 264L, 4L, 1L), dim = c(5L, 5L), dimnames = structure(list(
    c("-2", "-1", "0", "1", "2"), c("A", "C", "G", "T", NA)), names = c("", 
""))), LR17_SNP1 = structure(c(0L, 0L, 1L, 0L, 0L, 0L, 9L, 481L, 
11476L, 158L, 3L, 0L, 0L, 0L, 5L, 0L, 0L, 0L, 0L, 17L, 857L, 
5L, 1L, 1L), dim = c(6L, 4L), dimnames = structure(list(c("-2", 
"-1", "0", "1", "2", "3"), c("-", "A", "G", NA)), names = c("", 
""))), LR20_SNP1 = structure(c(0L, 1L, 0L, 20L, 6788L, 9L, 3L, 
28L, 1L, 0L, 18L, 0L), dim = 3:4, dimnames = structure(list(c("-1", 
"0", "1"), c("-", "A", "G", NA)), names = c("", ""))), LR24_SNP1 = structure(c(1L, 
18L, 3389L, 6L, 2L, 18L, 3260L, 9L, 0L, 1L, 50L, 0L), dim = 4:3, dimnames = structure(list(
    c("-2", "-1", "0", "1"), c("A", "G", NA)), names = c("", 
""))), LR36_SNP1 = structure(c(0L, 0L, 0L, 0L, 1L, 0L, 0L, 1L, 
0L, 1L, 62L, 3338L, 47L, 2L, 0L, 0L, 0L, 0L, 1L, 0L, 0L, 0L, 
3L, 2L, 71L, 3054L, 24L, 0L, 0L, 0L, 1L, 11L, 386L, 8L, 0L), dim = c(7L, 
5L), dimnames = structure(list(c("-4", "-3", "-2", "-1", "0", 
"1", "2"), c("-", "A", "G", "T", NA)), names = c("", ""))), LR40_SNP1 = structure(c(0L, 
0L, 11L, 0L, 0L, 1L, 84L, 6494L, 20L, 1L, 0L, 1L, 47L, 0L, 0L
), dim = c(5L, 3L), dimnames = structure(list(c("-2", "-1", "0", 
"1", "2"), c("A", "C", NA)), names = c("", ""))), LR44_SNP1 = structure(c(11L, 
116L, 1602L, 14L, 0L, 0L, 0L, 1L, 0L, 3L, 8L, 0L, 1L, 1L, 49L, 
2L), dim = c(4L, 4L), dimnames = structure(list(c("-2", "-1", 
"0", "1"), c("C", "G", "T", NA)), names = c("", ""))), LR46_SNP1 = structure(c(0L, 
1L, 0L, 0L, 1L, 0L, 19L, 3777L, 17L, 19L, 3432L, 20L, 1L, 55L, 
1L), dim = c(3L, 5L), dimnames = structure(list(c("-1", "0", 
"1"), c("-", "A", "G", "T", NA)), names = c("", ""))), LR48_SNP1 = structure(c(0L, 
0L, 2L, 0L, 0L, 3L, 155L, 4653L, 81L, 0L, 2L, 144L, 4444L, 83L, 
2L, 0L, 3L, 255L, 3L, 0L), dim = 5:4, dimnames = structure(list(
    c("-2", "-1", "0", "1", "2"), c("A", "C", "T", NA)), names = c("", 
""))), LR49_SNP1 = structure(c(0L, 32L, 0L, 23L, 8561L, 6L, 0L, 
53L, 0L), dim = c(3L, 3L), dimnames = structure(list(c("-1", 
"0", "1"), c("A", "G", NA)), names = c("", ""))), LR52_SNP1 = structure(c(0L, 
0L, 0L, 1L, 2L, 0L, 0L, 1L, 1L, 17L, 315L, 2597L, 19L, 0L, 0L, 
1L, 26L, 304L, 3147L, 34L, 1L, 0L, 0L, 0L, 27L, 891L, 8L, 0L), dim = c(7L, 
4L), dimnames = structure(list(c("-5", "-3", "-2", "-1", "0", 
"1", "2"), c("A", "C", "T", NA)), names = c("", ""))))
