Result <-
list(DEPDC2_SNP1 = structure(c(0L, 1L, 0L, 0L, 0L, 4L, 0L, 0L, 
0L, 1L, 0L, 0L, 51L, 6518L, 281L, 2L, 0L, 52L, 1L, 0L), dim = 4:5, dimnames = structure(list(
    c("-1", "0", "1", "2"), c("A", "C", "G", "T", NA)), names = c("", 
""))), GM01_SNP1 = structure(c(0L, 0L, 1L, 0L, 0L, 4L, 258L, 
16426L, 61L, 2L, 0L, 0L, 11L, 0L, 0L, 0L, 6L, 161L, 1L, 0L), dim = 5:4, dimnames = structure(list(
    c("-2", "-1", "0", "1", "2"), c("-", "A", "G", NA)), names = c("", 
""))), GM07_SNP1 = structure(c(0L, 0L, 0L, 2L, 0L, 0L, 5L, 1328L, 
435L, 6334L, 170L, 3L, 0L, 1L, 1L, 5L, 0L, 0L, 0L, 0L, 0L, 1L, 
0L, 0L, 0L, 7L, 2L, 85L, 2L, 0L), dim = 6:5, dimnames = structure(list(
    c("-3", "-2", "-1", "0", "1", "2"), c("-", "A", "G", "T", 
    NA)), names = c("", ""))), GM09_SNP1 = structure(c(0L, 0L, 
12L, 0L, 1L, 161L, 16000L, 27L, 0L, 0L, 1L, 0L, 0L, 4L, 85L, 
0L), dim = c(4L, 4L), dimnames = structure(list(c("-2", "-1", 
"0", "1"), c("A", "G", "T", NA)), names = c("", ""))), GM11_SNP1 = structure(c(9L, 
773L, 8273L, 35L, 1L, 0L, 0L, 4L, 0L, 0L, 1L, 7L, 67L, 0L, 0L
), dim = c(5L, 3L), dimnames = structure(list(c("-2", "-1", "0", 
"1", "2"), c("A", "G", NA)), names = c("", ""))), GM14_SNP1 = structure(c(0L, 
0L, 0L, 1L, 0L, 0L, 1L, 29L, 1020L, 8065L, 67L, 3L, 0L, 0L, 0L, 
4L, 0L, 0L, 0L, 0L, 0L, 104L, 0L, 0L), dim = c(6L, 4L), dimnames = structure(list(
    c("-3", "-2", "-1", "0", "1", "2"), c("A", "C", "T", NA)), names = c("", 
""))), GM17_SNP1 = structure(c(0L, 0L, 0L, 3L, 0L, 0L, 0L, 1L, 
16L, 0L, 2L, 5L, 334L, 16831L, 42L, 0L, 0L, 11L, 540L, 1L), dim = 5:4, dimnames = structure(list(
    c("-3", "-2", "-1", "0", "1"), c("A", "C", "T", NA)), names = c("", 
""))), GM22_SNP1 = structure(c(12L, 1249L, 12753L, 37L, 0L, 0L, 
2L, 0L, 0L, 0L, 1L, 0L, 1L, 10L, 179L, 1L), dim = c(4L, 4L), dimnames = structure(list(
    c("-2", "-1", "0", "1"), c("A", "G", "T", NA)), names = c("", 
""))), GM26_SNP1 = structure(c(0L, 0L, 11L, 0L, 2L, 62L, 6578L, 
30L, 0L, 0L, 1L, 0L, 0L, 5L, 135L, 0L), dim = c(4L, 4L), dimnames = structure(list(
    c("-2", "-1", "0", "1"), c("A", "G", "T", NA)), names = c("", 
""))), GM29_SNP1 = structure(c(1L, 3L, 488L, 13442L, 50L, 1L, 
0L, 0L, 0L, 3L, 0L, 0L, 0L, 0L, 0L, 1L, 0L, 0L, 0L, 0L, 6L, 103L, 
1L, 0L), dim = c(6L, 4L), dimnames = structure(list(c("-3", "-2", 
"-1", "0", "1", "2"), c("A", "G", "T", NA)), names = c("", ""
))), IM16_SNP1 = structure(c(0L, 0L, 1L, 0L, 0L, 17L, 870L, 5152L, 
87L, 2L, 2L, 96L, 6666L, 93L, 1L, 0L, 0L, 2L, 0L, 0L, 0L, 6L, 
154L, 7L, 1L), dim = c(5L, 5L), dimnames = structure(list(c("-2", 
"-1", "0", "1", "2"), c("-", "A", "G", "T", NA)), names = c("", 
""))), IM49_SNP1 = structure(c(0L, 99L, 669L, 3289L, 65L, 2L, 
0L, 4L, 516L, 95L, 3300L, 64L, 1L, 1L, 1L, 8L, 11L, 225L, 9L, 
0L, 0L), dim = c(7L, 3L), dimnames = structure(list(c("-3", "-2", 
"-1", "0", "1", "2", "3"), c("C", "G", NA)), names = c("", ""
))), LR10_SNP1 = structure(c(1L, 117L, 4627L, 37L, 1L, 115L, 
5222L, 31L, 0L, 2L, 164L, 2L), dim = 4:3, dimnames = structure(list(
    c("-2", "-1", "0", "1"), c("C", "T", NA)), names = c("", 
""))), LR11_SNP1 = structure(c(0L, 1L, 2L, 0L, 0L, 6L, 309L, 
7598L, 64L, 1L, 5L, 189L, 6442L, 52L, 2L, 0L, 0L, 2L, 0L, 0L, 
0L, 11L, 375L, 6L, 0L), dim = c(5L, 5L), dimnames = structure(list(
    c("-2", "-1", "0", "1", "2"), c("-", "A", "C", "T", NA)), names = c("", 
""))), LR17_SNP1 = structure(c(5L, 232L, 2405L, 16962L, 223L, 
4L, 0L, 0L, 1L, 10L, 0L, 0L, 0L, 2L, 85L, 1164L, 6L, 0L), dim = c(6L, 
3L), dimnames = structure(list(c("-3", "-2", "-1", "0", "1", 
"2"), c("A", "G", NA)), names = c("", ""))), LR20_SNP1 = structure(c(16L, 
4956L, 12L, 0L, 19L, 5567L, 34L, 1L, 0L, 2L, 0L, 0L, 0L, 72L, 
0L, 0L), dim = c(4L, 4L), dimnames = structure(list(c("-1", "0", 
"1", "2"), c("A", "G", "T", NA)), names = c("", ""))), LR24_SNP1 = structure(c(1L, 
87L, 10839L, 17L, 0L, 1L, 9L, 0L, 0L, 0L, 1L, 0L, 0L, 0L, 47L, 
0L), dim = c(4L, 4L), dimnames = structure(list(c("-2", "-1", 
"0", "1"), c("A", "G", "T", NA)), names = c("", ""))), LR36_SNP1 = structure(c(0L, 
0L, 0L, 0L, 26L, 0L, 0L, 0L, 0L, 0L, 1L, 0L, 0L, 0L, 0L, 0L, 
2L, 0L, 4L, 72L, 815L, 946L, 8902L, 85L, 0L, 3L, 22L, 38L, 779L, 
4L), dim = 6:5, dimnames = structure(list(c("-4", "-3", "-2", 
"-1", "0", "1"), c("A", "C", "G", "T", NA)), names = c("", ""
))), LR40_SNP1 = structure(c(0L, 0L, 1L, 0L, 1L, 209L, 9560L, 
42L, 0L, 0L, 1L, 0L, 0L, 1L, 60L, 0L), dim = c(4L, 4L), dimnames = structure(list(
    c("-3", "-1", "0", "1"), c("A", "C", "T", NA)), names = c("", 
""))), LR44_SNP1 = structure(c(0L, 0L, 1L, 0L, 0L, 0L, 0L, 3L, 
200L, 80L, 853L, 25L, 0L, 0L, 0L, 0L, 0L, 9L, 0L, 0L, 0L, 1L, 
0L, 85L, 1007L, 198L, 8L, 1L, 0L, 4L, 1L, 42L, 3L, 0L, 0L), dim = c(7L, 
5L), dimnames = structure(list(c("-3", "-2", "-1", "0", "1", 
"2", "3"), c("A", "C", "G", "T", NA)), names = c("", ""))), LR46_SNP1 = structure(c(0L, 
0L, 2L, 0L, 1L, 50L, 9376L, 31L, 0L, 0L, 28L, 0L, 0L, 2L, 70L, 
0L), dim = c(4L, 4L), dimnames = structure(list(c("-2", "-1", 
"0", "1"), c("A", "G", "T", NA)), names = c("", ""))), LR48_SNP1 = structure(c(5L, 
156L, 5036L, 106L, 1L, 5L, 263L, 3959L, 64L, 1L, 0L, 3L, 222L, 
4L, 0L), dim = c(5L, 3L), dimnames = structure(list(c("-2", "-1", 
"0", "1", "2"), c("C", "T", NA)), names = c("", ""))), LR49_SNP1 = structure(c(0L, 
1L, 0L, 38L, 9423L, 2L, 1L, 17L, 0L, 0L, 2L, 0L, 2L, 184L, 0L
), dim = c(3L, 5L), dimnames = structure(list(c("-1", "0", "1"
), c("-", "A", "G", "T", NA)), names = c("", ""))), LR52_SNP1 = structure(c(0L, 
0L, 0L, 0L, 0L, 1L, 0L, 0L, 1L, 1L, 49L, 319L, 1412L, 4757L, 
39L, 1L, 0L, 1L, 0L, 2L, 4L, 31L, 0L, 0L, 0L, 0L, 1L, 2L, 57L, 
1197L, 9L, 0L), dim = c(8L, 4L), dimnames = structure(list(c("-5", 
"-4", "-3", "-2", "-1", "0", "1", "2"), c("A", "C", "T", NA)), names = c("", 
""))))
