Result <-
list(DEPDC2_SNP1 = structure(c(0L, 12L, 1L, 32L, 7233L, 13L, 
0L, 44L, 0L), dim = c(3L, 3L), dimnames = structure(list(c("-1", 
"0", "1"), c("C", "T", NA)), names = c("", ""))), GM01_SNP1 = structure(c(10L, 
2586L, 8094L, 32L, 0L, 21L, 117L, 0L, 0L, 0L, 1L, 0L, 0L, 18L, 
106L, 1L), dim = c(4L, 4L), dimnames = structure(list(c("-2", 
"-1", "0", "1"), c("A", "G", "T", NA)), names = c("", ""))), 
    GM07_SNP1 = structure(c(0L, 0L, 2L, 2L, 1L, 0L, 0L, 1L, 141L, 
    1075L, 3380L, 377L, 12L, 1L, 0L, 1L, 9L, 76L, 6L, 0L, 0L), dim = c(7L, 
    3L), dimnames = structure(list(c("-3", "-2", "-1", "0", "1", 
    "2", "3"), c("A", "G", NA)), names = c("", ""))), GM09_SNP1 = structure(c(45L, 
    7996L, 24L, 33L, 6840L, 14L, 0L, 2L, 0L, 1L, 103L, 0L), dim = 3:4, dimnames = structure(list(
        c("-1", "0", "1"), c("A", "G", "T", NA)), names = c("", 
    ""))), GM11_SNP1 = structure(c(32L, 6366L, 15L, 0L, 13L, 
    0L, 0L, 50L, 0L), dim = c(3L, 3L), dimnames = structure(list(
        c("-1", "0", "1"), c("A", "G", NA)), names = c("", ""
    ))), GM14_SNP1 = structure(c(8L, 244L, 3299L, 34L, 1L, 4L, 
    233L, 3111L, 15L, 1L, 0L, 1L, 77L, 1L, 0L), dim = c(5L, 3L
    ), dimnames = structure(list(c("-2", "-1", "0", "1", "2"), 
        c("C", "T", NA)), names = c("", ""))), GM17_SNP1 = structure(c(0L, 
    0L, 1L, 0L, 0L, 0L, 0L, 180L, 8488L, 26L, 1L, 10L, 3676L, 
    5258L, 19L, 0L, 0L, 13L, 454L, 0L), dim = 5:4, dimnames = structure(list(
        c("-3", "-2", "-1", "0", "1"), c("A", "C", "T", NA)), names = c("", 
    ""))), GM22_SNP1 = structure(c(12L, 2374L, 8575L, 25L, 0L, 
    0L, 3L, 0L, 0L, 1L, 0L, 0L, 0L, 19L, 148L, 0L), dim = c(4L, 
    4L), dimnames = structure(list(c("-2", "-1", "0", "1"), c("A", 
    "G", "T", NA)), names = c("", ""))), GM26_SNP1 = structure(c(1L, 
    33L, 2391L, 6L, 0L, 25L, 2692L, 10L, 0L, 0L, 1L, 0L, 0L, 
    2L, 71L, 0L), dim = c(4L, 4L), dimnames = structure(list(
        c("-2", "-1", "0", "1"), c("A", "G", "T", NA)), names = c("", 
    ""))), GM29_SNP1 = structure(c(1L, 2L, 134L, 10042L, 24L, 
    0L, 0L, 2L, 21L, 0L, 0L, 0L, 0L, 2L, 0L, 0L, 0L, 0L, 98L, 
    0L), dim = 5:4, dimnames = structure(list(c("-3", "-2", "-1", 
    "0", "1"), c("A", "G", "T", NA)), names = c("", ""))), IM16_SNP1 = structure(c(2L, 
    1408L, 6880L, 125L, 0L, 1L, 13L, 0L, 0L, 0L, 2L, 0L, 0L, 
    13L, 67L, 1L), dim = c(4L, 4L), dimnames = structure(list(
        c("-2", "-1", "0", "1"), c("A", "G", "T", NA)), names = c("", 
    ""))), IM49_SNP1 = structure(c(0L, 0L, 1L, 0L, 0L, 79L, 1908L, 
    2811L, 57L, 2L, 68L, 1253L, 2249L, 42L, 1L, 0L, 38L, 194L, 
    3L, 1L), dim = 5:4, dimnames = structure(list(c("-2", "-1", 
    "0", "1", "2"), c("A", "C", "G", NA)), names = c("", ""))), 
    LR10_SNP1 = structure(c(0L, 1L, 7L, 0L, 0L, 0L, 1L, 0L, 77L, 
    199L, 5840L, 24L, 0L, 0L, 78L, 3L), dim = c(4L, 4L), dimnames = structure(list(
        c("-2", "-1", "0", "1"), c("C", "G", "T", NA)), names = c("", 
    ""))), LR11_SNP1 = structure(c(2L, 39L, 2255L, 3487L, 37L, 
    0L, 0L, 6L, 448L, 4931L, 35L, 1L, 0L, 0L, 0L, 1L, 0L, 0L, 
    0L, 2L, 21L, 264L, 2L, 0L), dim = c(6L, 4L), dimnames = structure(list(
        c("-3", "-2", "-1", "0", "1", "2"), c("A", "C", "G", 
        NA)), names = c("", ""))), LR17_SNP1 = structure(c(1L, 
    21L, 3631L, 3097L, 9652L, 99L, 2L, 0L, 0L, 0L, 0L, 1L, 0L, 
    0L, 0L, 0L, 0L, 1L, 4L, 0L, 0L, 0L, 0L, 44L, 116L, 792L, 
    2L, 0L), dim = c(7L, 4L), dimnames = structure(list(c("-4", 
    "-3", "-2", "-1", "0", "1", "2"), c("A", "C", "G", NA)), names = c("", 
    ""))), LR20_SNP1 = structure(c(0L, 1L, 0L, 37L, 4194L, 7L, 
    0L, 1L, 0L, 5L, 4718L, 4L, 0L, 1L, 0L, 0L, 81L, 1L), dim = c(3L, 
    6L), dimnames = structure(list(c("-1", "0", "1"), c("-", 
    "A", "C", "G", "T", NA)), names = c("", ""))), LR24_SNP1 = structure(c(0L, 
    0L, 23L, 3949L, 10L, 0L, 0L, 0L, 2L, 0L, 1L, 2L, 60L, 4152L, 
    9L, 0L, 0L, 0L, 56L, 0L), dim = 5:4, dimnames = structure(list(
        c("-3", "-2", "-1", "0", "1"), c("A", "C", "G", NA)), names = c("", 
    ""))), LR36_SNP1 = structure(c(0L, 0L, 2L, 35L, 0L, 0L, 24L, 
    506L, 1203L, 6356L, 81L, 1L, 0L, 13L, 55L, 524L, 11L, 0L), dim = c(6L, 
    3L), dimnames = structure(list(c("-3", "-2", "-1", "0", "1", 
    "2"), c("A", "T", NA)), names = c("", ""))), LR40_SNP1 = structure(c(0L, 
    0L, 3L, 0L, 3L, 1410L, 5729L, 16L, 0L, 3L, 51L, 0L), dim = 4:3, dimnames = structure(list(
        c("-2", "-1", "0", "1"), c("A", "C", NA)), names = c("", 
    ""))), LR44_SNP1 = structure(c(0L, 1L, 0L, 0L, 0L, 39L, 343L, 
    71L, 762L, 8L, 47L, 650L, 63L, 740L, 10L, 0L, 8L, 1L, 32L, 
    1L), dim = 5:4, dimnames = structure(list(c("-3", "-2", "-1", 
    "0", "1"), c("A", "C", "T", NA)), names = c("", ""))), LR46_SNP1 = structure(c(0L, 
    0L, 1L, 0L, 0L, 14L, 3317L, 13L, 38L, 23L, 2931L, 4L, 0L, 
    0L, 51L, 0L), dim = c(4L, 4L), dimnames = structure(list(
        c("-2", "-1", "0", "1"), c("-", "G", "T", NA)), names = c("", 
    ""))), LR48_SNP1 = structure(c(0L, 0L, 0L, 32L, 2L, 1L, 22L, 
    1563L, 2622L, 41L, 0L, 62L, 1417L, 2263L, 26L, 0L, 0L, 29L, 
    129L, 3L), dim = 5:4, dimnames = structure(list(c("-3", "-2", 
    "-1", "0", "1"), c("A", "C", "T", NA)), names = c("", ""))), 
    LR49_SNP1 = structure(c(23L, 538L, 3073L, 2L, 0L, 0L, 0L, 
    0L, 0L, 1301L, 1939L, 1L, 0L, 17L, 69L, 0L), dim = c(4L, 
    4L), dimnames = structure(list(c("-2", "-1", "0", "1"), c("A", 
    "C", "G", NA)), names = c("", ""))), LR52_SNP1 = structure(c(0L, 
    0L, 0L, 0L, 0L, 0L, 1L, 0L, 1L, 1L, 7L, 824L, 443L, 598L, 
    2150L, 11L, 0L, 0L, 0L, 1L, 0L, 1L, 30L, 0L, 0L, 0L, 1L, 
    1L, 7L, 20L, 579L, 5L), dim = c(8L, 4L), dimnames = structure(list(
        c("-6", "-5", "-4", "-3", "-2", "-1", "0", "1"), c("-", 
        "C", "T", NA)), names = c("", ""))))
