Result <-
list(DEPDC2_SNP1 = structure(c(0L, 21L, 3479L, 18L, 0L, 0L, 1L, 
0L, 2L, 27L, 4108L, 14L, 0L, 1L, 86L, 0L), dim = c(4L, 4L), dimnames = structure(list(
    c("-2", "-1", "0", "1"), c("C", "G", "T", NA)), names = c("", 
""))), GM01_SNP1 = structure(c(2L, 51L, 3579L, 11L, 2L, 47L, 
3070L, 12L, 0L, 3L, 90L, 0L), dim = 4:3, dimnames = structure(list(
    c("-2", "-1", "0", "1"), c("A", "G", NA)), names = c("", 
""))), GM07_SNP1 = structure(c(1L, 3L, 4L, 0L, 0L, 17L, 886L, 
4075L, 132L, 1L, 0L, 0L, 1L, 0L, 0L, 0L, 13L, 92L, 5L, 0L), dim = 5:4, dimnames = structure(list(
    c("-2", "-1", "0", "1", "2"), c("A", "G", "T", NA)), names = c("", 
""))), GM09_SNP1 = structure(c(1L, 42L, 7063L, 8L, 0L, 40L, 7104L, 
16L, 0L, 0L, 1L, 0L, 0L, 1L, 108L, 2L), dim = c(4L, 4L), dimnames = structure(list(
    c("-2", "-1", "0", "1"), c("A", "G", "T", NA)), names = c("", 
""))), GM11_SNP1 = structure(c(1L, 61L, 3185L, 15L, 0L, 0L, 5L, 
0L, 0L, 0L, 23L, 0L), dim = 4:3, dimnames = structure(list(c("-2", 
"-1", "0", "1"), c("A", "G", NA)), names = c("", ""))), GM14_SNP1 = structure(c(0L, 
0L, 16L, 1L, 0L, 9L, 633L, 9804L, 45L, 1L, 0L, 3L, 143L, 1L, 
0L), dim = c(5L, 3L), dimnames = structure(list(c("-2", "-1", 
"0", "1", "2"), c("C", "T", NA)), names = c("", ""))), GM17_SNP1 = structure(c(0L, 
0L, 0L, 4L, 0L, 0L, 0L, 330L, 7636L, 19L, 1L, 1L, 384L, 8924L, 
20L, 0L, 0L, 11L, 580L, 2L), dim = 5:4, dimnames = structure(list(
    c("-3", "-2", "-1", "0", "1"), c("A", "C", "T", NA)), names = c("", 
""))), GM22_SNP1 = structure(c(4L, 140L, 10077L, 31L, 1L, 0L, 
0L, 46L, 0L, 0L, 0L, 0L, 1L, 0L, 0L, 0L, 1L, 156L, 3L, 0L), dim = 5:4, dimnames = structure(list(
    c("-2", "-1", "0", "1", "2"), c("A", "G", "T", NA)), names = c("", 
""))), GM26_SNP1 = structure(c(21L, 1506L, 5L, 10L, 1570L, 10L, 
0L, 1L, 0L, 1L, 56L, 0L), dim = 3:4, dimnames = structure(list(
    c("-1", "0", "1"), c("A", "G", "T", NA)), names = c("", ""
))), GM29_SNP1 = structure(c(0L, 0L, 0L, 1L, 0L, 1L, 1L, 177L, 
6919L, 16L, 0L, 0L, 0L, 1L, 0L, 0L, 2L, 81L, 6137L, 35L, 0L, 
0L, 4L, 144L, 1L), dim = c(5L, 5L), dimnames = structure(list(
    c("-3", "-2", "-1", "0", "1"), c("-", "A", "C", "G", NA)), names = c("", 
""))), IM16_SNP1 = structure(c(0L, 5L, 0L, 0L, 0L, 57L, 4997L, 
112L, 3L, 1L, 0L, 2L, 0L, 0L, 0L, 0L, 85L, 4L, 0L, 0L), dim = 5:4, dimnames = structure(list(
    c("-1", "0", "1", "2", "3"), c("A", "G", "T", NA)), names = c("", 
""))), IM49_SNP1 = structure(c(0L, 0L, 0L, 2L, 0L, 0L, 1L, 89L, 
2101L, 4605L, 128L, 1L, 0L, 10L, 451L, 6975L, 129L, 1L, 0L, 0L, 
2L, 2L, 0L, 0L, 0L, 0L, 25L, 454L, 11L, 0L), dim = 6:5, dimnames = structure(list(
    c("-3", "-2", "-1", "0", "1", "2"), c("A", "C", "G", "T", 
    NA)), names = c("", ""))), LR10_SNP1 = structure(c(0L, 0L, 
60L, 0L, 2L, 84L, 4506L, 12L, 0L, 0L, 73L, 0L), dim = 4:3, dimnames = structure(list(
    c("-2", "-1", "0", "1"), c("C", "T", NA)), names = c("", 
""))), LR11_SNP1 = structure(c(0L, 0L, 1L, 8L, 1L, 0L, 1L, 5L, 
180L, 8831L, 73L, 2L, 0L, 0L, 0L, 1L, 0L, 0L, 0L, 0L, 8L, 436L, 
8L, 0L), dim = c(6L, 4L), dimnames = structure(list(c("-3", "-2", 
"-1", "0", "1", "2"), c("A", "C", "T", NA)), names = c("", ""
))), LR17_SNP1 = structure(c(6L, 206L, 4999L, 14658L, 115L, 0L, 
1L, 2L, 5L, 0L, 0L, 5L, 192L, 1090L, 11L), dim = c(5L, 3L), dimnames = structure(list(
    c("-3", "-2", "-1", "0", "1"), c("A", "G", NA)), names = c("", 
""))), LR20_SNP1 = structure(c(24L, 3666L, 24L, 0L, 1L, 0L, 10L, 
4143L, 1L, 0L, 1L, 0L, 2L, 73L, 0L), dim = c(3L, 5L), dimnames = structure(list(
    c("-1", "0", "1"), c("A", "C", "G", "T", NA)), names = c("", 
""))), LR24_SNP1 = structure(c(0L, 0L, 1L, 1L, 272L, 930L, 3106L, 
6L, 0L, 29L, 5129L, 10L, 1L, 6L, 50L, 0L), dim = c(4L, 4L), dimnames = structure(list(
    c("-2", "-1", "0", "1"), c("-", "A", "G", NA)), names = c("", 
""))), LR36_SNP1 = structure(c(0L, 0L, 0L, 1L, 0L, 0L, 4L, 142L, 
4984L, 33L, 0L, 0L, 0L, 0L, 0L, 3L, 6L, 106L, 5223L, 60L, 0L, 
0L, 10L, 598L, 4L), dim = c(5L, 5L), dimnames = structure(list(
    c("-3", "-2", "-1", "0", "1"), c("-", "A", "G", "T", NA)), names = c("", 
""))), LR40_SNP1 = structure(c(0L, 70L, 0L, 146L, 5079L, 21L, 
0L, 2L, 0L, 0L, 42L, 0L), dim = 3:4, dimnames = structure(list(
    c("-1", "0", "1"), c("A", "C", "T", NA)), names = c("", ""
))), LR44_SNP1 = structure(c(2L, 36L, 662L, 953L, 12L, 1L, 7L, 
196L, 1430L, 16L, 0L, 0L, 15L, 55L, 2L), dim = c(5L, 3L), dimnames = structure(list(
    c("-3", "-2", "-1", "0", "1"), c("C", "T", NA)), names = c("", 
""))), LR46_SNP1 = structure(c(0L, 1L, 0L, 11L, 2195L, 28L, 7L, 
3201L, 8L, 0L, 41L, 0L), dim = 3:4, dimnames = structure(list(
    c("-1", "0", "1"), c("-", "G", "T", NA)), names = c("", ""
))), LR48_SNP1 = structure(c(0L, 1L, 1L, 0L, 0L, 6L, 209L, 6612L, 
131L, 1L, 0L, 0L, 1L, 0L, 0L, 1L, 2L, 190L, 3L, 0L), dim = 5:4, dimnames = structure(list(
    c("-2", "-1", "0", "1", "2"), c("A", "C", "T", NA)), names = c("", 
""))), LR49_SNP1 = structure(c(68L, 4456L, 0L, 3L, 2003L, 1L, 
2L, 99L, 0L), dim = c(3L, 3L), dimnames = structure(list(c("-1", 
"0", "1"), c("A", "G", NA)), names = c("", ""))), LR52_SNP1 = structure(c(2L, 
10L, 121L, 888L, 8L, 1L, 1L, 61L, 606L, 667L, 6L, 0L, 0L, 0L, 
8L, 339L, 4L, 0L), dim = c(6L, 3L), dimnames = structure(list(
    c("-3", "-2", "-1", "0", "1", "2"), c("C", "T", NA)), names = c("", 
""))))
