Result <-
list(DEPDC2_SNP1 = structure(c(0L, 0L, 3L, 0L, 0L, 29L, 2987L, 
25L, 1L, 59L, 3569L, 18L, 0L, 0L, 89L, 0L), dim = c(4L, 4L), dimnames = structure(list(
    c("-2", "-1", "0", "1"), c("A", "C", "T", NA)), names = c("", 
""))), GM01_SNP1 = structure(c(3L, 190L, 11275L, 49L, 0L, 0L, 
8L, 0L, 0L, 1L, 123L, 3L), dim = 4:3, dimnames = structure(list(
    c("-2", "-1", "0", "1"), c("A", "G", NA)), names = c("", 
""))), GM07_SNP1 = structure(c(0L, 0L, 0L, 2L, 0L, 0L, 0L, 79L, 
943L, 2660L, 63L, 3L, 0L, 0L, 0L, 0L, 0L, 0L, 2L, 793L, 158L, 
2285L, 90L, 3L, 0L, 0L, 0L, 1L, 0L, 0L, 0L, 4L, 13L, 94L, 4L, 
0L), dim = c(6L, 6L), dimnames = structure(list(c("-3", "-2", 
"-1", "0", "1", "2"), c("-", "A", "C", "G", "T", NA)), names = c("", 
""))), GM09_SNP1 = structure(c(1L, 11L, 0L, 173L, 8412L, 11L, 
0L, 60L, 0L), dim = c(3L, 3L), dimnames = structure(list(c("-1", 
"0", "1"), c("A", "G", NA)), names = c("", ""))), GM11_SNP1 = structure(c(1L, 
1023L, 5894L, 24L, 0L, 1L, 2L, 0L, 0L, 6L, 44L, 1L), dim = 4:3, dimnames = structure(list(
    c("-2", "-1", "0", "1"), c("A", "G", NA)), names = c("", 
""))), GM14_SNP1 = structure(c(0L, 0L, 0L, 1L, 0L, 0L, 5L, 51L, 
1176L, 6611L, 51L, 1L, 0L, 0L, 0L, 1L, 0L, 0L, 0L, 0L, 0L, 3L, 
0L, 0L, 0L, 0L, 3L, 70L, 0L, 0L), dim = 6:5, dimnames = structure(list(
    c("-3", "-2", "-1", "0", "1", "2"), c("-", "C", "G", "T", 
    NA)), names = c("", ""))), GM17_SNP1 = structure(c(1L, 75L, 
5492L, 19L, 0L, 0L, 1L, 0L, 1L, 126L, 5732L, 15L, 0L, 4L, 403L, 
0L), dim = c(4L, 4L), dimnames = structure(list(c("-2", "-1", 
"0", "1"), c("C", "G", "T", NA)), names = c("", ""))), GM22_SNP1 = structure(c(1L, 
2L, 195L, 12464L, 52L, 1L, 0L, 0L, 2L, 50L, 0L, 0L, 0L, 0L, 0L, 
1L, 0L, 0L, 0L, 0L, 7L, 176L, 3L, 0L), dim = c(6L, 4L), dimnames = structure(list(
    c("-3", "-2", "-1", "0", "1", "2"), c("A", "G", "T", NA)), names = c("", 
""))), GM26_SNP1 = structure(c(2L, 979L, 2723L, 11L, 1L, 57L, 
3402L, 16L, 0L, 1L, 0L, 0L, 0L, 12L, 104L, 0L), dim = c(4L, 4L
), dimnames = structure(list(c("-2", "-1", "0", "1"), c("A", 
"G", "T", NA)), names = c("", ""))), GM29_SNP1 = structure(c(1L, 
8L, 1271L, 7001L, 19L, 0L, 0L, 0L, 1L, 0L, 0L, 0L, 0L, 2L, 0L, 
0L, 0L, 9L, 74L, 1L), dim = 5:4, dimnames = structure(list(c("-3", 
"-2", "-1", "0", "1"), c("A", "G", "T", NA)), names = c("", ""
))), IM16_SNP1 = structure(c(0L, 131L, 4355L, 61L, 0L, 1L, 94L, 
4289L, 88L, 4L, 0L, 0L, 1L, 0L, 0L, 0L, 1L, 133L, 7L, 0L), dim = 5:4, dimnames = structure(list(
    c("-2", "-1", "0", "1", "2"), c("A", "G", "T", NA)), names = c("", 
""))), IM49_SNP1 = structure(c(1L, 52L, 862L, 2125L, 48L, 4L, 
1L, 10L, 691L, 1855L, 53L, 0L, 0L, 0L, 27L, 150L, 5L, 0L), dim = c(6L, 
3L), dimnames = structure(list(c("-3", "-2", "-1", "0", "1", 
"2"), c("C", "G", NA)), names = c("", ""))), LR10_SNP1 = structure(c(0L, 
0L, 1L, 0L, 1L, 1L, 37L, 0L, 1L, 169L, 9272L, 28L, 0L, 0L, 134L, 
3L), dim = c(4L, 4L), dimnames = structure(list(c("-2", "-1", 
"0", "1"), c("A", "C", "T", NA)), names = c("", ""))), LR11_SNP1 = structure(c(0L, 
0L, 1L, 5L, 0L, 0L, 1L, 3L, 136L, 5369L, 47L, 1L, 0L, 0L, 0L, 
1L, 0L, 0L, 0L, 0L, 6L, 246L, 3L, 0L), dim = c(6L, 4L), dimnames = structure(list(
    c("-3", "-2", "-1", "0", "1", "2"), c("A", "C", "T", NA)), names = c("", 
""))), LR17_SNP1 = structure(c(5L, 83L, 2097L, 5613L, 69L, 0L, 
0L, 1L, 1L, 0L, 0L, 0L, 0L, 1L, 0L, 0L, 0L, 80L, 428L, 3L), dim = 5:4, dimnames = structure(list(
    c("-3", "-2", "-1", "0", "1"), c("A", "G", "T", NA)), names = c("", 
""))), LR20_SNP1 = structure(c(7L, 4792L, 13L, 1L, 113L, 4669L, 
12L, 0L, 0L, 1L, 0L, 0L, 2L, 66L, 0L, 0L), dim = c(4L, 4L), dimnames = structure(list(
    c("-1", "0", "1", "2"), c("A", "G", "T", NA)), names = c("", 
""))), LR24_SNP1 = structure(c(1L, 111L, 3744L, 6L, 0L, 0L, 5L, 
0L, 0L, 1L, 21L, 0L), dim = 4:3, dimnames = structure(list(c("-3", 
"-1", "0", "1"), c("A", "G", NA)), names = c("", ""))), LR36_SNP1 = structure(c(0L, 
0L, 0L, 0L, 1L, 0L, 1L, 2L, 52L, 1478L, 6959L, 56L, 0L, 0L, 0L, 
0L, 1L, 0L, 0L, 0L, 0L, 0L, 1L, 0L, 0L, 0L, 0L, 0L, 5L, 0L, 0L, 
0L, 3L, 8L, 244L, 0L), dim = c(6L, 6L), dimnames = structure(list(
    c("-4", "-3", "-2", "-1", "0", "1"), c("-", "A", "C", "G", 
    "T", NA)), names = c("", ""))), LR40_SNP1 = structure(c(0L, 
1L, 0L, 473L, 4076L, 17L, 0L, 1L, 0L, 1L, 39L, 0L), dim = 3:4, dimnames = structure(list(
    c("-1", "0", "1"), c("A", "C", "T", NA)), names = c("", ""
))), LR44_SNP1 = structure(c(0L, 0L, 0L, 2L, 0L, 0L, 19L, 460L, 
750L, 3265L, 64L, 1L, 0L, 0L, 0L, 27L, 0L, 0L, 0L, 0L, 1L, 5L, 
0L, 0L, 0L, 5L, 13L, 93L, 1L, 1L), dim = 6:5, dimnames = structure(list(
    c("-3", "-2", "-1", "0", "1", "2"), c("A", "C", "G", "T", 
    NA)), names = c("", ""))), LR46_SNP1 = structure(c(0L, 0L, 
1L, 0L, 0L, 0L, 1L, 0L, 0L, 0L, 31L, 0L, 1L, 48L, 6914L, 15L, 
0L, 0L, 51L, 0L), dim = 4:5, dimnames = structure(list(c("-2", 
"-1", "0", "1"), c("A", "C", "G", "T", NA)), names = c("", ""
))), LR48_SNP1 = structure(c(0L, 0L, 0L, 2L, 0L, 0L, 1L, 116L, 
2654L, 7455L, 132L, 1L, 0L, 0L, 0L, 4L, 0L, 0L, 0L, 0L, 14L, 
197L, 1L, 0L), dim = c(6L, 4L), dimnames = structure(list(c("-3", 
"-2", "-1", "0", "1", "2"), c("A", "C", "T", NA)), names = c("", 
""))), LR49_SNP1 = structure(c(0L, 1L, 21L, 0L, 1L, 758L, 5093L, 
3L, 0L, 1L, 46L, 0L), dim = 4:3, dimnames = structure(list(c("-2", 
"-1", "0", "1"), c("A", "G", NA)), names = c("", ""))), LR52_SNP1 = structure(c(0L, 
0L, 0L, 0L, 1L, 0L, 0L, 2L, 120L, 1281L, 1207L, 4555L, 22L, 1L, 
0L, 0L, 2L, 7L, 5L, 0L, 0L, 0L, 0L, 17L, 33L, 1249L, 9L, 1L), dim = c(7L, 
4L), dimnames = structure(list(c("-4", "-3", "-2", "-1", "0", 
"1", "2"), c("A", "C", "T", NA)), names = c("", ""))))
