Result <-
list(DEPDC2_SNP1 = structure(c(0L, 1L, 0L, 17L, 2732L, 7L, 0L, 
1L, 0L, 19L, 3288L, 22L, 1L, 76L, 1L), dim = c(3L, 5L), dimnames = structure(list(
    c("-1", "0", "1"), c("-", "C", "G", "T", NA)), names = c("", 
""))), GM01_SNP1 = structure(c(2L, 122L, 6715L, 29L, 1L, 0L, 
81L, 6616L, 31L, 1L, 0L, 2L, 163L, 2L, 0L), dim = c(5L, 3L), dimnames = structure(list(
    c("-2", "-1", "0", "1", "2"), c("A", "G", NA)), names = c("", 
""))), GM07_SNP1 = structure(c(0L, 0L, 4L, 0L, 0L, 14L, 764L, 
5967L, 151L, 6L, 0L, 0L, 1L, 0L, 0L, 0L, 15L, 171L, 1L, 0L), dim = 5:4, dimnames = structure(list(
    c("-2", "-1", "0", "1", "2"), c("A", "G", "T", NA)), names = c("", 
""))), GM09_SNP1 = structure(c(0L, 1L, 20L, 0L, 1L, 432L, 8037L, 
25L, 0L, 0L, 1L, 0L, 0L, 3L, 66L, 0L), dim = c(4L, 4L), dimnames = structure(list(
    c("-2", "-1", "0", "1"), c("A", "G", "T", NA)), names = c("", 
""))), GM11_SNP1 = structure(c(0L, 0L, 10L, 0L, 274L, 264L, 8494L, 
58L, 2L, 1L, 82L, 1L), dim = 4:3, dimnames = structure(list(c("-2", 
"-1", "0", "1"), c("A", "G", NA)), names = c("", ""))), GM14_SNP1 = structure(c(0L, 
0L, 10L, 0L, 12L, 328L, 3536L, 26L, 6L, 506L, 3635L, 18L, 0L, 
1L, 108L, 0L), dim = c(4L, 4L), dimnames = structure(list(c("-2", 
"-1", "0", "1"), c("A", "C", "T", NA)), names = c("", ""))), 
    GM17_SNP1 = structure(c(0L, 0L, 1L, 1L, 0L, 4L, 152L, 10518L, 
    457L, 3L, 0L, 1L, 20L, 0L, 0L, 0L, 3L, 390L, 8L, 0L), dim = 5:4, dimnames = structure(list(
        c("-2", "-1", "0", "1", "2"), c("A", "C", "T", NA)), names = c("", 
    ""))), GM22_SNP1 = structure(c(0L, 0L, 1L, 0L, 7L, 208L, 
    13849L, 70L, 0L, 1L, 26L, 0L, 0L, 0L, 2L, 0L, 1L, 9L, 190L, 
    2L), dim = 4:5, dimnames = structure(list(c("-2", "-1", "0", 
    "1"), c("-", "A", "G", "T", NA)), names = c("", ""))), GM26_SNP1 = structure(c(1L, 
    75L, 7859L, 23L, 0L, 0L, 2L, 0L, 0L, 0L, 1L, 0L, 0L, 0L, 
    75L, 0L), dim = c(4L, 4L), dimnames = structure(list(c("-2", 
    "-1", "0", "1"), c("A", "G", "T", NA)), names = c("", ""))), 
    GM29_SNP1 = structure(c(118L, 7695L, 37L, 2L, 0L, 8L, 1L, 
    0L, 0L, 2L, 0L, 0L, 3L, 84L, 0L, 0L), dim = c(4L, 4L), dimnames = structure(list(
        c("-1", "0", "1", "2"), c("A", "G", "T", NA)), names = c("", 
    ""))), IM16_SNP1 = structure(c(0L, 48L, 5007L, 79L, 0L, 5L, 
    689L, 4405L, 76L, 3L, 0L, 0L, 1L, 0L, 0L, 0L, 4L, 134L, 6L, 
    0L), dim = 5:4, dimnames = structure(list(c("-2", "-1", "0", 
    "1", "2"), c("A", "G", "T", NA)), names = c("", ""))), IM49_SNP1 = structure(c(0L, 
    0L, 6L, 0L, 0L, 5L, 206L, 4954L, 98L, 1L, 0L, 4L, 237L, 3L, 
    0L), dim = c(5L, 3L), dimnames = structure(list(c("-2", "-1", 
    "0", "1", "2"), c("C", "G", NA)), names = c("", ""))), LR10_SNP1 = structure(c(0L, 
    1L, 0L, 95L, 5236L, 37L, 0L, 1L, 0L, 99L, 5530L, 35L, 2L, 
    140L, 2L), dim = c(3L, 5L), dimnames = structure(list(c("-1", 
    "0", "1"), c("A", "C", "G", "T", NA)), names = c("", ""))), 
    LR11_SNP1 = structure(c(0L, 0L, 1L, 0L, 0L, 22L, 541L, 3899L, 
    28L, 1L, 2L, 95L, 3475L, 15L, 1L, 0L, 15L, 202L, 4L, 0L), dim = 5:4, dimnames = structure(list(
        c("-2", "-1", "0", "1", "2"), c("-", "A", "C", NA)), names = c("", 
    ""))), LR17_SNP1 = structure(c(25L, 831L, 8120L, 80L, 2L, 
    0L, 0L, 1L, 0L, 0L, 0L, 1L, 2L, 0L, 0L, 0L, 36L, 598L, 3L, 
    0L), dim = 5:4, dimnames = structure(list(c("-2", "-1", "0", 
    "1", "2"), c("A", "C", "G", NA)), names = c("", ""))), LR20_SNP1 = structure(c(0L, 
    1L, 0L, 19L, 5629L, 29L, 16L, 6134L, 8L, 0L, 1L, 0L, 0L, 
    96L, 0L), dim = c(3L, 5L), dimnames = structure(list(c("-1", 
    "0", "1"), c("-", "A", "G", "T", NA)), names = c("", ""))), 
    LR24_SNP1 = structure(c(0L, 9L, 0L, 62L, 4423L, 12L, 1L, 
    5L, 0L, 2L, 37L, 0L), dim = 3:4, dimnames = structure(list(
        c("-1", "0", "1"), c("A", "G", "T", NA)), names = c("", 
    ""))), LR36_SNP1 = structure(c(1L, 10L, 6L, 27L, 569L, 8839L, 
    78L, 0L, 0L, 0L, 0L, 0L, 2L, 1L, 0L, 0L, 0L, 0L, 0L, 20L, 
    1L, 0L, 0L, 0L, 0L, 2L, 274L, 1L), dim = c(7L, 4L), dimnames = structure(list(
        c("-5", "-4", "-3", "-2", "-1", "0", "1"), c("A", "G", 
        "T", NA)), names = c("", ""))), LR40_SNP1 = structure(c(0L, 
    1L, 0L, 76L, 6179L, 19L, 0L, 54L, 1L), dim = c(3L, 3L), dimnames = structure(list(
        c("-1", "0", "1"), c("A", "C", NA)), names = c("", ""
    ))), LR44_SNP1 = structure(c(0L, 0L, 0L, 1L, 0L, 0L, 2L, 
    79L, 766L, 4931L, 67L, 3L, 0L, 0L, 2L, 30L, 0L, 0L, 1L, 1L, 
    9L, 140L, 2L, 0L), dim = c(6L, 4L), dimnames = structure(list(
        c("-3", "-2", "-1", "0", "1", "2"), c("A", "C", "T", 
        NA)), names = c("", ""))), LR46_SNP1 = structure(c(0L, 
    1L, 1L, 0L, 7L, 638L, 9067L, 32L, 0L, 0L, 3L, 0L, 0L, 1L, 
    66L, 0L), dim = c(4L, 4L), dimnames = structure(list(c("-2", 
    "-1", "0", "1"), c("C", "G", "T", NA)), names = c("", ""))), 
    LR48_SNP1 = structure(c(0L, 0L, 0L, 2L, 0L, 0L, 0L, 5L, 671L, 
    162L, 5198L, 65L, 1L, 0L, 0L, 0L, 0L, 1L, 0L, 0L, 0L, 0L, 
    4L, 127L, 5610L, 81L, 1L, 1L, 0L, 6L, 6L, 264L, 1L, 0L, 0L
    ), dim = c(7L, 5L), dimnames = structure(list(c("-3", "-2", 
    "-1", "0", "1", "2", "3"), c("A", "C", "G", "T", NA)), names = c("", 
    ""))), LR49_SNP1 = structure(c(1L, 51L, 5917L, 1L, 0L, 0L, 
    28L, 0L, 0L, 3L, 122L, 0L), dim = 4:3, dimnames = structure(list(
        c("-2", "-1", "0", "1"), c("A", "G", NA)), names = c("", 
    ""))), LR52_SNP1 = structure(c(0L, 10L, 0L, 7L, 6L, 0L, 0L, 
    0L, 0L, 1L, 0L, 0L, 0L, 0L, 1L, 34L, 756L, 768L, 6786L, 56L, 
    2L, 0L, 0L, 6L, 9L, 498L, 3L, 0L), dim = c(7L, 4L), dimnames = structure(list(
        c("-4", "-3", "-2", "-1", "0", "1", "2"), c("C", "G", 
        "T", NA)), names = c("", ""))))
