Result <-
list(DEPDC2_SNP1 = structure(c(0L, 0L, 2L, 0L, 2L, 65L, 7852L, 
40L, 0L, 1L, 67L, 1L), dim = 4:3, dimnames = structure(list(c("-2", 
"-1", "0", "1"), c("C", "T", NA)), names = c("", ""))), GM01_SNP1 = structure(c(0L, 
0L, 1L, 0L, 0L, 2L, 189L, 12314L, 39L, 1L, 0L, 1L, 24L, 0L, 0L, 
0L, 4L, 137L, 2L, 0L), dim = 5:4, dimnames = structure(list(c("-2", 
"-1", "0", "1", "2"), c("-", "A", "G", NA)), names = c("", ""
))), GM07_SNP1 = structure(c(0L, 0L, 0L, 0L, 3L, 0L, 0L, 1L, 
18L, 4985L, 194L, 3556L, 91L, 3L, 0L, 0L, 1L, 0L, 0L, 0L, 0L, 
0L, 0L, 0L, 1L, 4L, 0L, 0L, 0L, 0L, 1L, 0L, 0L, 0L, 0L, 0L, 0L, 
17L, 4L, 55L, 4L, 0L), dim = 7:6, dimnames = structure(list(c("-4", 
"-3", "-2", "-1", "0", "1", "2"), c("-", "A", "C", "G", "T", 
NA)), names = c("", ""))), GM09_SNP1 = structure(c(112L, 12779L, 
28L, 0L, 16L, 0L, 0L, 1L, 0L, 0L, 83L, 0L), dim = 3:4, dimnames = structure(list(
    c("-1", "0", "1"), c("A", "G", "T", NA)), names = c("", ""
))), GM11_SNP1 = structure(c(0L, 0L, 9L, 0L, 11L, 2324L, 5690L, 
33L, 0L, 18L, 61L, 0L), dim = 4:3, dimnames = structure(list(
    c("-2", "-1", "0", "1"), c("A", "G", NA)), names = c("", 
""))), GM14_SNP1 = structure(c(0L, 0L, 0L, 1L, 0L, 1L, 11L, 325L, 
4928L, 47L, 0L, 4L, 219L, 4864L, 24L, 0L, 0L, 0L, 114L, 0L), dim = 5:4, dimnames = structure(list(
    c("-3", "-2", "-1", "0", "1"), c("A", "C", "T", NA)), names = c("", 
""))), GM17_SNP1 = structure(c(0L, 0L, 1L, 0L, 0L, 0L, 4L, 0L, 
1L, 95L, 5873L, 25L, 0L, 59L, 6022L, 17L, 0L, 3L, 430L, 1L), dim = 4:5, dimnames = structure(list(
    c("-2", "-1", "0", "1"), c("-", "A", "C", "T", NA)), names = c("", 
""))), GM22_SNP1 = structure(c(11L, 3327L, 8767L, 38L, 0L, 0L, 
2L, 0L, 0L, 0L, 1L, 0L, 1L, 23L, 150L, 1L), dim = c(4L, 4L), dimnames = structure(list(
    c("-2", "-1", "0", "1"), c("A", "G", "T", NA)), names = c("", 
""))), GM26_SNP1 = structure(c(1L, 3L, 48L, 5013L, 29L, 0L, 0L, 
38L, 4881L, 16L, 0L, 0L, 0L, 1L, 0L, 0L, 0L, 4L, 148L, 0L), dim = 5:4, dimnames = structure(list(
    c("-3", "-2", "-1", "0", "1"), c("A", "G", "T", NA)), names = c("", 
""))), GM29_SNP1 = structure(c(177L, 9546L, 44L, 0L, 6L, 0L, 
7L, 98L, 0L), dim = c(3L, 3L), dimnames = structure(list(c("-1", 
"0", "1"), c("A", "G", NA)), names = c("", ""))), IM16_SNP1 = structure(c(1L, 
72L, 3918L, 66L, 1L, 40L, 2568L, 1643L, 25L, 1L, 0L, 0L, 2L, 
0L, 0L, 0L, 16L, 62L, 2L, 0L), dim = 5:4, dimnames = structure(list(
    c("-2", "-1", "0", "1", "2"), c("A", "G", "T", NA)), names = c("", 
""))), IM49_SNP1 = structure(c(0L, 0L, 1L, 0L, 0L, 4L, 283L, 
5225L, 110L, 4L, 0L, 0L, 3L, 0L, 0L, 0L, 1L, 91L, 1L, 0L), dim = 5:4, dimnames = structure(list(
    c("-2", "-1", "0", "1", "2"), c("A", "C", "G", NA)), names = c("", 
""))), LR10_SNP1 = structure(c(0L, 1L, 3L, 0L, 0L, 0L, 6L, 0L, 
35L, 2895L, 7785L, 27L, 0L, 13L, 90L, 3L), dim = c(4L, 4L), dimnames = structure(list(
    c("-2", "-1", "0", "1"), c("A", "C", "T", NA)), names = c("", 
""))), LR11_SNP1 = structure(c(0L, 0L, 2L, 8L, 0L, 0L, 2L, 70L, 
3331L, 7019L, 62L, 1L, 0L, 0L, 0L, 1L, 0L, 0L, 0L, 0L, 1L, 2L, 
0L, 0L, 0L, 1L, 91L, 310L, 3L, 0L), dim = 6:5, dimnames = structure(list(
    c("-3", "-2", "-1", "0", "1", "2"), c("A", "C", "G", "T", 
    NA)), names = c("", ""))), LR17_SNP1 = structure(c(0L, 0L, 
1L, 0L, 0L, 0L, 4L, 410L, 7661L, 6064L, 65L, 1L, 0L, 0L, 0L, 
1L, 0L, 0L, 0L, 3L, 256L, 483L, 4L, 1L), dim = c(6L, 4L), dimnames = structure(list(
    c("-3", "-2", "-1", "0", "1", "2"), c("-", "A", "G", NA)), names = c("", 
""))), LR20_SNP1 = structure(c(23L, 3562L, 6L, 234L, 3092L, 15L, 
0L, 1L, 0L, 2L, 45L, 0L), dim = 3:4, dimnames = structure(list(
    c("-1", "0", "1"), c("A", "G", "T", NA)), names = c("", ""
))), LR24_SNP1 = structure(c(1L, 0L, 4L, 0L, 0L, 3L, 77L, 5650L, 
6L, 1L, 0L, 2L, 42L, 0L, 0L), dim = c(5L, 3L), dimnames = structure(list(
    c("-2", "-1", "0", "1", "2"), c("A", "G", NA)), names = c("", 
""))), LR36_SNP1 = structure(c(0L, 0L, 0L, 0L, 18L, 0L, 0L, 0L, 
0L, 0L, 1L, 0L, 0L, 0L, 0L, 0L, 2L, 0L, 19L, 1894L, 15L, 168L, 
4840L, 35L, 0L, 28L, 0L, 11L, 421L, 3L), dim = 6:5, dimnames = structure(list(
    c("-4", "-3", "-2", "-1", "0", "1"), c("A", "C", "G", "T", 
    NA)), names = c("", ""))), LR40_SNP1 = structure(c(0L, 33L, 
2990L, 8L, 8L, 1608L, 1504L, 4L, 0L, 1L, 0L, 0L, 0L, 6L, 30L, 
0L), dim = c(4L, 4L), dimnames = structure(list(c("-2", "-1", 
"0", "1"), c("A", "C", "T", NA)), names = c("", ""))), LR44_SNP1 = structure(c(0L, 
0L, 0L, 6L, 0L, 0L, 3L, 148L, 1123L, 865L, 12L, 0L, 0L, 0L, 0L, 
1L, 0L, 0L, 2L, 85L, 1412L, 1067L, 11L, 6L, 0L, 0L, 22L, 37L, 
0L, 0L), dim = 6:5, dimnames = structure(list(c("-3", "-2", "-1", 
"0", "1", "4"), c("A", "C", "G", "T", NA)), names = c("", ""))), 
    LR46_SNP1 = structure(c(0L, 0L, 1L, 0L, 0L, 0L, 1L, 0L, 1L, 
    146L, 9706L, 22L, 0L, 0L, 2L, 0L, 0L, 0L, 82L, 0L), dim = 4:5, dimnames = structure(list(
        c("-2", "-1", "0", "1"), c("-", "C", "G", "T", NA)), names = c("", 
    ""))), LR48_SNP1 = structure(c(0L, 0L, 1L, 0L, 0L, 0L, 0L, 
    1L, 2L, 131L, 2401L, 2011L, 51L, 2L, 0L, 45L, 2802L, 2085L, 
    24L, 0L, 0L, 0L, 2L, 28L, 166L, 28L, 0L, 0L), dim = c(7L, 
    4L), dimnames = structure(list(c("-3", "-2", "-1", "0", "1", 
    "2", "3"), c("-", "C", "T", NA)), names = c("", ""))), LR49_SNP1 = structure(c(0L, 
    27L, 0L, 129L, 8628L, 3L, 0L, 64L, 0L), dim = c(3L, 3L), dimnames = structure(list(
        c("-1", "0", "1"), c("A", "G", NA)), names = c("", ""
    ))), LR52_SNP1 = structure(c(1L, 132L, 2250L, 230L, 1652L, 
    12L, 1L, 12L, 287L, 1906L, 1784L, 19L, 0L, 1L, 30L, 44L, 
    577L, 4L), dim = c(6L, 3L), dimnames = structure(list(c("-4", 
    "-3", "-2", "-1", "0", "1"), c("C", "T", NA)), names = c("", 
    ""))))
