Result <-
list(DEPDC2_SNP1 = structure(c(0L, 3L, 0L, 0L, 0L, 6L, 0L, 0L, 
54L, 8286L, 167L, 2L, 0L, 88L, 1L, 0L), dim = c(4L, 4L), dimnames = structure(list(
    c("-1", "0", "1", "2"), c("A", "C", "T", NA)), names = c("", 
""))), GM01_SNP1 = structure(c(1L, 109L, 7449L, 36L, 0L, 0L, 
1L, 0L, 2L, 51L, 6394L, 14L, 0L, 0L, 1L, 0L, 0L, 1L, 199L, 2L
), dim = 4:5, dimnames = structure(list(c("-2", "-1", "0", "1"
), c("A", "C", "G", "T", NA)), names = c("", ""))), GM07_SNP1 = structure(c(1L, 
96L, 2258L, 2364L, 64L, 2L, 1L, 1L, 280L, 1998L, 2264L, 62L, 
1L, 0L, 0L, 0L, 0L, 1L, 0L, 0L, 0L, 0L, 1L, 38L, 100L, 7L, 0L, 
0L), dim = c(7L, 4L), dimnames = structure(list(c("-3", "-2", 
"-1", "0", "1", "2", "3"), c("A", "G", "T", NA)), names = c("", 
""))), GM09_SNP1 = structure(c(1L, 9L, 0L, 96L, 11285L, 23L, 
0L, 85L, 1L), dim = c(3L, 3L), dimnames = structure(list(c("-1", 
"0", "1"), c("A", "G", NA)), names = c("", ""))), GM11_SNP1 = structure(c(1L, 
395L, 7674L, 24L, 1L, 0L, 0L, 1L, 0L, 0L, 1L, 2L, 62L, 0L, 0L
), dim = c(5L, 3L), dimnames = structure(list(c("-2", "-1", "0", 
"1", "2"), c("A", "G", NA)), names = c("", ""))), GM14_SNP1 = structure(c(0L, 
17L, 106L, 372L, 3548L, 23L, 1L, 0L, 42L, 1112L, 2955L, 11L, 
0L, 0L, 0L, 2L, 93L, 0L), dim = c(6L, 3L), dimnames = structure(list(
    c("-4", "-3", "-2", "-1", "0", "1"), c("C", "T", NA)), names = c("", 
""))), GM17_SNP1 = structure(c(57L, 2718L, 8748L, 135L, 1L, 0L, 
0L, 23L, 0L, 0L, 1L, 20L, 291L, 0L, 0L), dim = c(5L, 3L), dimnames = structure(list(
    c("-2", "-1", "0", "1", "2"), c("C", "T", NA)), names = c("", 
""))), GM22_SNP1 = structure(c(26L, 1692L, 11538L, 49L, 0L, 0L, 
4L, 0L, 0L, 16L, 204L, 0L), dim = 4:3, dimnames = structure(list(
    c("-2", "-1", "0", "1"), c("A", "G", NA)), names = c("", 
""))), GM26_SNP1 = structure(c(0L, 135L, 4859L, 27L, 1L, 2L, 
92L, 4670L, 28L, 0L, 0L, 0L, 2L, 0L, 0L, 0L, 4L, 160L, 1L, 0L
), dim = 5:4, dimnames = structure(list(c("-2", "-1", "0", "1", 
"2"), c("A", "G", "T", NA)), names = c("", ""))), GM29_SNP1 = structure(c(0L, 
157L, 3981L, 15L, 2L, 88L, 4412L, 15L, 0L, 2L, 85L, 0L), dim = 4:3, dimnames = structure(list(
    c("-2", "-1", "0", "1"), c("A", "G", NA)), names = c("", 
""))), IM16_SNP1 = structure(c(1L, 109L, 4172L, 66L, 2L, 5L, 
728L, 3792L, 60L, 1L, 0L, 3L, 123L, 9L, 0L), dim = c(5L, 3L), dimnames = structure(list(
    c("-2", "-1", "0", "1", "2"), c("A", "G", NA)), names = c("", 
""))), IM49_SNP1 = structure(c(1L, 123L, 1097L, 1084L, 17L, 0L, 
2L, 174L, 1962L, 43L, 0L, 0L, 14L, 123L, 1L), dim = c(5L, 3L), dimnames = structure(list(
    c("-3", "-2", "-1", "0", "1"), c("C", "G", NA)), names = c("", 
""))), LR10_SNP1 = structure(c(0L, 0L, 1L, 0L, 0L, 0L, 2L, 0L, 
3L, 349L, 11921L, 83L, 0L, 1L, 42L, 1L, 0L, 3L, 204L, 4L), dim = 4:5, dimnames = structure(list(
    c("-2", "-1", "0", "1"), c("-", "A", "C", "T", NA)), names = c("", 
""))), LR11_SNP1 = structure(c(0L, 0L, 0L, 1L, 0L, 0L, 1L, 34L, 
2522L, 2503L, 17L, 1L, 0L, 6L, 129L, 4345L, 56L, 1L, 0L, 0L, 
1L, 1L, 0L, 0L, 0L, 0L, 25L, 213L, 2L, 0L), dim = 6:5, dimnames = structure(list(
    c("-3", "-2", "-1", "0", "1", "2"), c("-", "A", "C", "T", 
    NA)), names = c("", ""))), LR17_SNP1 = structure(c(2L, 234L, 
4020L, 4113L, 53L, 0L, 0L, 0L, 1L, 0L, 0L, 0L, 0L, 1L, 0L, 0L, 
6L, 176L, 337L, 1L), dim = 5:4, dimnames = structure(list(c("-3", 
"-2", "-1", "0", "1"), c("A", "G", "T", NA)), names = c("", ""
))), LR20_SNP1 = structure(c(0L, 0L, 1L, 0L, 8L, 4584L, 5165L, 
10L, 0L, 0L, 2L, 0L, 0L, 6L, 22L, 0L), dim = c(4L, 4L), dimnames = structure(list(
    c("-2", "-1", "0", "1"), c("-", "A", "G", NA)), names = c("", 
""))), LR24_SNP1 = structure(c(1L, 48L, 2834L, 3L, 0L, 0L, 52L, 
2931L, 8L, 1L, 0L, 0L, 24L, 1L, 0L), dim = c(5L, 3L), dimnames = structure(list(
    c("-2", "-1", "0", "1", "2"), c("A", "G", NA)), names = c("", 
""))), LR36_SNP1 = structure(c(23L, 263L, 3251L, 54L, 0L, 0L, 
0L, 1L, 0L, 0L, 10L, 199L, 2953L, 102L, 1L, 1L, 16L, 358L, 16L, 
0L), dim = 5:4, dimnames = structure(list(c("-2", "-1", "0", 
"1", "2"), c("A", "G", "T", NA)), names = c("", ""))), LR40_SNP1 = structure(c(41L, 
1594L, 4703L, 12L, 0L, 0L, 1L, 0L, 0L, 2L, 32L, 1L), dim = 4:3, dimnames = structure(list(
    c("-2", "-1", "0", "1"), c("C", "T", NA)), names = c("", 
""))), LR44_SNP1 = structure(c(39L, 105L, 917L, 3174L, 39L, 1L, 
0L, 0L, 0L, 1L, 0L, 0L, 1L, 82L, 486L, 3493L, 61L, 3L, 0L, 1L, 
25L, 170L, 1L, 0L), dim = c(6L, 4L), dimnames = structure(list(
    c("-3", "-2", "-1", "0", "1", "2"), c("C", "G", "T", NA)), names = c("", 
""))), LR46_SNP1 = structure(c(0L, 0L, 1L, 0L, 1L, 26L, 4044L, 
11L, 0L, 22L, 4260L, 9L, 0L, 2L, 68L, 0L), dim = c(4L, 4L), dimnames = structure(list(
    c("-2", "-1", "0", "1"), c("A", "G", "T", NA)), names = c("", 
""))), LR48_SNP1 = structure(c(0L, 0L, 1L, 1L, 0L, 1L, 217L, 
3021L, 8140L, 136L, 0L, 0L, 1L, 2L, 0L, 0L, 2L, 38L, 195L, 1L
), dim = 5:4, dimnames = structure(list(c("-3", "-2", "-1", "0", 
"1"), c("A", "C", "T", NA)), names = c("", ""))), LR49_SNP1 = structure(c(20L, 
2079L, 2400L, 1L, 0L, 1L, 1L, 0L, 0L, 48L, 4427L, 0L, 0L, 0L, 
2L, 0L, 0L, 30L, 73L, 0L), dim = 4:5, dimnames = structure(list(
    c("-2", "-1", "0", "1"), c("A", "C", "G", "T", NA)), names = c("", 
""))), LR52_SNP1 = structure(c(0L, 0L, 0L, 2L, 0L, 0L, 2L, 21L, 
343L, 1846L, 2363L, 18L, 2L, 136L, 2193L, 387L, 2485L, 30L, 0L, 
1L, 23L, 80L, 740L, 11L), dim = c(6L, 4L), dimnames = structure(list(
    c("-4", "-3", "-2", "-1", "0", "1"), c("A", "C", "T", NA)), names = c("", 
""))))
