Result <-
list(DEPDC2_SNP1 = structure(c(0L, 0L, 1L, 0L, 2L, 192L, 3158L, 
12L, 1L, 57L, 4691L, 16L, 0L, 5L, 88L, 0L), dim = c(4L, 4L), dimnames = structure(list(
    c("-2", "-1", "0", "1"), c("A", "C", "T", NA)), names = c("", 
""))), GM01_SNP1 = structure(c(0L, 1L, 0L, 0L, 2L, 105L, 6362L, 
22L, 1L, 155L, 6638L, 28L, 0L, 0L, 3L, 0L, 1L, 3L, 156L, 6L), dim = 4:5, dimnames = structure(list(
    c("-2", "-1", "0", "1"), c("-", "A", "G", "T", NA)), names = c("", 
""))), GM07_SNP1 = structure(c(0L, 0L, 1L, 0L, 1L, 0L, 0L, 1L, 
2L, 597L, 897L, 6012L, 152L, 2L, 0L, 0L, 0L, 0L, 5L, 0L, 0L, 
0L, 0L, 0L, 1L, 1L, 0L, 0L, 0L, 0L, 3L, 10L, 82L, 2L, 0L), dim = c(7L, 
5L), dimnames = structure(list(c("-4", "-3", "-2", "-1", "0", 
"1", "2"), c("-", "A", "G", "T", NA)), names = c("", ""))), GM09_SNP1 = structure(c(55L, 
6773L, 12L, 0L, 1L, 0L, 72L, 6283L, 8L, 0L, 2L, 0L, 0L, 98L, 
0L), dim = c(3L, 5L), dimnames = structure(list(c("-1", "0", 
"1"), c("A", "C", "G", "T", NA)), names = c("", ""))), GM11_SNP1 = structure(c(98L, 
10570L, 45L, 0L, 1L, 0L, 0L, 5L, 0L, 0L, 3L, 0L, 1L, 103L, 1L
), dim = c(3L, 5L), dimnames = structure(list(c("-1", "0", "1"
), c("A", "C", "G", "T", NA)), names = c("", ""))), GM14_SNP1 = structure(c(2L, 
46L, 941L, 7075L, 204L, 7L, 0L, 0L, 0L, 7L, 1L, 0L, 0L, 0L, 1L, 
90L, 0L, 0L), dim = c(6L, 3L), dimnames = structure(list(c("-3", 
"-2", "-1", "0", "1", "2"), c("C", "T", NA)), names = c("", ""
))), GM17_SNP1 = structure(c(0L, 0L, 1L, 0L, 1L, 95L, 5462L, 
23L, 2L, 85L, 5366L, 24L, 0L, 3L, 368L, 0L), dim = c(4L, 4L), dimnames = structure(list(
    c("-2", "-1", "0", "1"), c("A", "C", "T", NA)), names = c("", 
""))), GM22_SNP1 = structure(c(1L, 93L, 6724L, 22L, 0L, 0L, 1L, 
0L, 2L, 69L, 5190L, 18L, 1L, 1L, 280L, 4L), dim = c(4L, 4L), dimnames = structure(list(
    c("-2", "-1", "0", "1"), c("A", "C", "G", NA)), names = c("", 
""))), GM26_SNP1 = structure(c(1L, 90L, 9410L, 33L, 0L, 1L, 9L, 
0L, 0L, 3L, 102L, 0L), dim = 4:3, dimnames = structure(list(c("-2", 
"-1", "0", "1"), c("A", "G", NA)), names = c("", ""))), GM29_SNP1 = structure(c(1L, 
73L, 4605L, 14L, 0L, 0L, 0L, 0L, 1L, 0L, 0L, 71L, 3799L, 1001L, 
2L, 0L, 3L, 94L, 23L, 0L), dim = 5:4, dimnames = structure(list(
    c("-2", "-1", "0", "1", "2"), c("A", "C", "G", NA)), names = c("", 
""))), IM16_SNP1 = structure(c(0L, 1L, 684L, 3908L, 60L, 1L, 
0L, 52L, 4921L, 82L, 0L, 0L, 4L, 127L, 8L), dim = c(5L, 3L), dimnames = structure(list(
    c("-3", "-2", "-1", "0", "1"), c("A", "G", NA)), names = c("", 
""))), IM49_SNP1 = structure(c(19L, 387L, 1876L, 39L, 1L, 16L, 
394L, 1529L, 29L, 2L, 0L, 0L, 1L, 0L, 0L, 0L, 10L, 128L, 3L, 
0L), dim = 5:4, dimnames = structure(list(c("-2", "-1", "0", 
"1", "2"), c("C", "G", "T", NA)), names = c("", ""))), LR10_SNP1 = structure(c(0L, 
0L, 1L, 0L, 0L, 1L, 24L, 0L, 1L, 225L, 10002L, 29L, 0L, 2L, 136L, 
3L), dim = c(4L, 4L), dimnames = structure(list(c("-2", "-1", 
"0", "1"), c("A", "C", "T", NA)), names = c("", ""))), LR11_SNP1 = structure(c(0L, 
0L, 0L, 1L, 0L, 0L, 0L, 4L, 163L, 6923L, 55L, 0L, 1L, 734L, 140L, 
4701L, 25L, 2L, 0L, 0L, 0L, 1L, 0L, 0L, 0L, 1L, 0L, 2L, 0L, 0L, 
0L, 8L, 17L, 344L, 12L, 0L), dim = c(6L, 6L), dimnames = structure(list(
    c("-3", "-2", "-1", "0", "1", "2"), c("-", "A", "C", "G", 
    "T", NA)), names = c("", ""))), LR17_SNP1 = structure(c(2L, 
50L, 1325L, 9135L, 103L, 2L, 0L, 0L, 0L, 3L, 0L, 0L, 0L, 2L, 
37L, 728L, 2L, 0L), dim = c(6L, 3L), dimnames = structure(list(
    c("-3", "-2", "-1", "0", "1", "2"), c("A", "G", NA)), names = c("", 
""))), LR20_SNP1 = structure(c(25L, 4780L, 4L, 18L, 4743L, 10L, 
0L, 1L, 0L, 1L, 76L, 0L), dim = 3:4, dimnames = structure(list(
    c("-1", "0", "1"), c("A", "G", "T", NA)), names = c("", ""
))), LR24_SNP1 = structure(c(0L, 1L, 562L, 2849L, 7L, 1L, 0L, 
200L, 3624L, 6L, 0L, 0L, 5L, 40L, 0L), dim = c(5L, 3L), dimnames = structure(list(
    c("-3", "-2", "-1", "0", "1"), c("A", "G", NA)), names = c("", 
""))), LR36_SNP1 = structure(c(2L, 17L, 637L, 2886L, 27L, 0L, 
0L, 0L, 5L, 0L, 0L, 8L, 64L, 3318L, 30L, 0L, 0L, 9L, 380L, 6L
), dim = 5:4, dimnames = structure(list(c("-3", "-2", "-1", "0", 
"1"), c("A", "G", "T", NA)), names = c("", ""))), LR40_SNP1 = structure(c(0L, 
0L, 3L, 0L, 0L, 5L, 731L, 7568L, 28L, 1L, 0L, 0L, 2L, 0L, 0L, 
0L, 6L, 78L, 0L, 0L), dim = 5:4, dimnames = structure(list(c("-2", 
"-1", "0", "1", "2"), c("A", "C", "T", NA)), names = c("", ""
))), LR44_SNP1 = structure(c(0L, 0L, 0L, 0L, 1L, 0L, 0L, 3L, 
626L, 617L, 338L, 5222L, 76L, 1L, 0L, 0L, 0L, 0L, 1L, 0L, 0L, 
0L, 1L, 1L, 0L, 3L, 0L, 0L, 0L, 4L, 6L, 7L, 164L, 3L, 0L), dim = c(7L, 
5L), dimnames = structure(list(c("-4", "-3", "-2", "-1", "0", 
"1", "2"), c("A", "C", "G", "T", NA)), names = c("", ""))), LR46_SNP1 = structure(c(0L, 
0L, 1L, 0L, 0L, 0L, 1L, 0L, 1L, 10L, 3940L, 17L, 0L, 16L, 4184L, 
4L, 0L, 2L, 60L, 1L), dim = 4:5, dimnames = structure(list(c("-3", 
"-1", "0", "1"), c("A", "C", "G", "T", NA)), names = c("", ""
))), LR48_SNP1 = structure(c(0L, 0L, 1L, 0L, 0L, 0L, 0L, 0L, 
0L, 2L, 0L, 0L, 1L, 33L, 1168L, 9549L, 143L, 5L, 0L, 0L, 1L, 
5L, 0L, 0L, 0L, 0L, 13L, 289L, 2L, 0L), dim = 6:5, dimnames = structure(list(
    c("-4", "-2", "-1", "0", "1", "2"), c("-", "A", "C", "T", 
    NA)), names = c("", ""))), LR49_SNP1 = structure(c(11L, 3523L, 
0L, 26L, 5106L, 2L, 0L, 1L, 0L, 1L, 117L, 0L), dim = 3:4, dimnames = structure(list(
    c("-1", "0", "1"), c("A", "G", "T", NA)), names = c("", ""
))), LR52_SNP1 = structure(c(0L, 0L, 0L, 0L, 2L, 0L, 0L, 2L, 
75L, 865L, 449L, 3342L, 30L, 0L, 2L, 203L, 673L, 355L, 3919L, 
38L, 1L, 0L, 0L, 20L, 30L, 1301L, 4L, 0L), dim = c(7L, 4L), dimnames = structure(list(
    c("-4", "-3", "-2", "-1", "0", "1", "2"), c("-", "C", "T", 
    NA)), names = c("", ""))))
