Result <-
list(DEPDC2_SNP1 = structure(c(0, 0, 1, 0, 0, 4, 1192, 6), dim = c(4L, 
2L), dimnames = list(c("-2", "-1", "0", "1"), c("C", "T"))), 
    GM01_SNP1 = structure(c(5, 917, 1, 0, 2, 0), dim = 3:2, dimnames = list(
        c("-1", "0", "1"), c("A", "G"))), GM07_SNP1 = structure(c(0, 
    0, 0, 0, 0, 0, 0, 36, 743, 10, 0, 0, 0, 0, 0, 0, 0, 0), dim = c(6L, 
    3L), dimnames = list(c("-2", "-1", "0", "1", "2", "3"), c("-", 
    "A", "G"))), GM09_SNP1 = structure(c(2, 494, 0, 0, 429, 0
    ), dim = 3:2, dimnames = list(c("-1", "0", "1"), c("A", "G"
    ))), GM11_SNP1 = structure(c(0, 3, 756, 2, 0, 0, 2, 0, 0, 
    0, 0, 0), dim = 4:3, dimnames = list(c("-2", "-1", "0", "1"
    ), c("A", "G", "T"))), GM14_SNP1 = structure(c(4, 243, 0, 
    0, 3, 260, 0, 0), dim = c(4L, 2L), dimnames = list(c("-1", 
    "0", "1", "2"), c("C", "T"))), GM17_SNP1 = structure(c(6, 
    747, 1, 0, 1, 0), dim = 3:2, dimnames = list(c("-1", "0", 
    "1"), c("C", "T"))), GM22_SNP1 = structure(c(0, 5, 818, 1
    ), dim = c(4L, 1L), dimnames = list(c("-2", "-1", "0", "1"
    ), "A")), GM26_SNP1 = structure(c(4, 793, 1, 0, 3, 0), dim = 3:2, dimnames = list(
        c("-1", "0", "1"), c("A", "G"))), GM29_SNP1 = structure(c(0, 
    2, 345, 1, 0, 3, 364, 0, 0, 0, 0, 0), dim = 4:3, dimnames = list(
        c("-2", "-1", "0", "1"), c("A", "G", "T"))), IM16_SNP1 = structure(c(2, 
    368, 5, 0, 2, 374, 1, 0), dim = c(4L, 2L), dimnames = list(
        c("-1", "0", "1", "2"), c("A", "G"))), IM49_SNP1 = structure(c(0, 
    0, 0, 0, 0, 0, 24, 872, 13, 0, 0, 0, 4, 0, 0), dim = c(5L, 
    3L), dimnames = list(c("-2", "-1", "0", "1", "2"), c("A", 
    "C", "G"))), LR10_SNP1 = structure(c(0, 5, 327, 0, 0, 0, 
    0, 0, 0, 3, 281, 2), dim = 4:3, dimnames = list(c("-2", "-1", 
    "0", "1"), c("C", "G", "T"))), LR11_SNP1 = structure(c(0, 
    2, 633, 4), dim = c(4L, 1L), dimnames = list(c("-2", "-1", 
    "0", "1"), "A")), LR17_SNP1 = structure(c(0, 10, 579, 2, 
    0, 0, 0, 0, 0, 0, 0, 0, 0, 0, 0), dim = c(5L, 3L), dimnames = list(
        c("-2", "-1", "0", "1", "2"), c("A", "C", "G"))), LR20_SNP1 = structure(c(2, 
    817, 0, 0, 0, 0), dim = 3:2, dimnames = list(c("-1", "0", 
    "1"), c("A", "G"))), LR24_SNP1 = structure(c(19, 1227, 1, 
    0, 0, 0), dim = 3:2, dimnames = list(c("-1", "0", "1"), c("A", 
    "G"))), LR36_SNP1 = structure(c(0, 0, 0, 2, 0, 0, 0, 5, 627, 
    2), dim = c(5L, 2L), dimnames = list(c("-3", "-2", "-1", 
    "0", "1"), c("A", "T"))), LR40_SNP1 = structure(c(0, 0, 0, 
    4, 776, 0), dim = 3:2, dimnames = list(c("-1", "0", "1"), 
        c("A", "C"))), LR44_SNP1 = structure(c(0, 1, 1, 0, 0, 
    0, 36, 805, 4, 0), dim = c(5L, 2L), dimnames = list(c("-2", 
    "-1", "0", "1", "2"), c("C", "T"))), LR46_SNP1 = structure(c(1, 
    677, 2, 0, 0, 0), dim = 3:2, dimnames = list(c("-1", "0", 
    "1"), c("G", "T"))), LR48_SNP1 = structure(c(0, 0, 1, 0, 
    0, 0, 13, 583, 4, 1, 0, 0, 6, 0, 0), dim = c(5L, 3L), dimnames = list(
        c("-2", "-1", "0", "1", "2"), c("A", "C", "T"))), LR49_SNP1 = structure(c(1, 
    391, 0, 0, 0, 0, 2, 528, 0), dim = c(3L, 3L), dimnames = list(
        c("-1", "0", "1"), c("A", "C", "G"))), LR52_SNP1 = structure(c(0, 
    0, 0, 1, 0, 0, 2, 35, 649, 2), dim = c(5L, 2L), dimnames = list(
        c("-3", "-2", "-1", "0", "1"), c("C", "T"))))
