Result <-
list(DEPDC2_SNP1 = structure(c(0, 1, 0, 1, 952, 1), dim = 3:2, dimnames = list(
    c("-1", "0", "1"), c("C", "T"))), GM01_SNP1 = structure(c(0, 
20, 909, 1, 0, 0, 0, 0), dim = c(4L, 2L), dimnames = list(c("-2", 
"-1", "0", "1"), c("A", "T"))), GM07_SNP1 = structure(c(0, 0, 
0, 0, 0, 0, 21, 329, 4, 0, 0, 13, 313, 8, 0), dim = c(5L, 3L), dimnames = list(
    c("-2", "-1", "0", "1", "2"), c("-", "A", "G"))), GM09_SNP1 = structure(c(1, 
31, 131, 2, 0, 1, 2, 0), dim = c(4L, 2L), dimnames = list(c("-2", 
"-1", "0", "1"), c("A", "G"))), GM11_SNP1 = structure(c(0, 710, 
0, 0, 4, 0), dim = 3:2, dimnames = list(c("-1", "0", "1"), c("A", 
"G"))), GM14_SNP1 = structure(c(1, 11, 409, 2, 0, 0, 1, 0), dim = c(4L, 
2L), dimnames = list(c("-2", "-1", "0", "1"), c("C", "T"))), 
    GM17_SNP1 = structure(c(2, 325, 1, 1, 315, 0), dim = 3:2, dimnames = list(
        c("-1", "0", "1"), c("C", "T"))), GM22_SNP1 = structure(c(0, 
    4, 771, 1, 0, 0, 0, 0), dim = c(4L, 2L), dimnames = list(
        c("-3", "-1", "0", "1"), c("A", "G"))), GM26_SNP1 = structure(c(0, 
    0, 298, 0, 0, 4, 355, 1), dim = c(4L, 2L), dimnames = list(
        c("-2", "-1", "0", "1"), c("A", "G"))), GM29_SNP1 = structure(c(2, 
    340, 1, 7, 319, 0), dim = 3:2, dimnames = list(c("-1", "0", 
    "1"), c("A", "G"))), IM16_SNP1 = structure(c(0, 3, 0, 0, 
    7, 694, 7, 0), dim = c(4L, 2L), dimnames = list(c("-1", "0", 
    "1", "2"), c("A", "G"))), IM49_SNP1 = structure(c(0, 0, 17, 
    354, 6, 0, 0, 0, 9, 342, 6, 0), dim = c(6L, 2L), dimnames = list(
        c("-3", "-2", "-1", "0", "1", "2"), c("C", "G"))), LR10_SNP1 = structure(c(3, 
    276, 1, 1, 300, 0), dim = 3:2, dimnames = list(c("-1", "0", 
    "1"), c("C", "T"))), LR11_SNP1 = structure(c(0, 0, 2, 0, 
    0, 6, 434, 2), dim = c(4L, 2L), dimnames = list(c("-2", "-1", 
    "0", "1"), c("A", "C"))), LR17_SNP1 = structure(c(0, 17, 
    480, 1, 0, 0, 0, 0, 0, 0), dim = c(5L, 2L), dimnames = list(
        c("-2", "-1", "0", "1", "2"), c("A", "C"))), LR20_SNP1 = structure(c(0, 
    0, 0, 0, 347, 1, 0, 360, 0), dim = c(3L, 3L), dimnames = list(
        c("-1", "0", "1"), c("-", "A", "G"))), LR24_SNP1 = structure(c(12, 
    1074, 0), dim = c(3L, 1L), dimnames = list(c("-1", "0", "1"
    ), "A")), LR36_SNP1 = structure(c(0, 0, 0, 1, 0, 0, 0, 0, 
    0, 0, 0, 0, 0, 0, 0, 0, 6, 499, 1, 0, 0), dim = c(7L, 3L), dimnames = list(
        c("-4", "-2", "-1", "0", "1", "2", "5"), c("A", "G", 
        "T"))), LR40_SNP1 = structure(c(0, 0, 0, 6, 771, 2, 0, 
    0, 0), dim = c(3L, 3L), dimnames = list(c("-1", "0", "1"), 
        c("A", "C", "T"))), LR44_SNP1 = structure(c(0, 0, 0, 
    1, 0, 0, 0, 1, 35, 736, 4, 0), dim = c(6L, 2L), dimnames = list(
        c("-3", "-2", "-1", "0", "1", "2"), c("C", "T"))), LR46_SNP1 = structure(c(0, 
    16, 263, 0, 1, 284), dim = 3:2, dimnames = list(c("-2", "-1", 
    "0"), c("G", "T"))), LR48_SNP1 = structure(c(0, 0, 8, 262, 
    2, 0, 0, 0, 7, 297, 2, 0), dim = c(6L, 2L), dimnames = list(
        c("-3", "-2", "-1", "0", "1", "2"), c("C", "T"))), LR49_SNP1 = structure(c(0, 
    0, 0, 5, 741, 0), dim = 3:2, dimnames = list(c("-1", "0", 
    "1"), c("A", "G"))), LR52_SNP1 = structure(c(0, 0, 0, 0, 
    0, 0, 0, 2, 27, 321, 7, 0, 0, 1, 17, 277, 5, 0), dim = c(6L, 
    3L), dimnames = list(c("-3", "-2", "-1", "0", "1", "2"), 
        c("A", "C", "T"))))
