Result <-
list(DEPDC2_SNP1 = structure(c(0, 0, 517, 3, 0, 0, 3, 609, 5, 
0), dim = c(5L, 2L), dimnames = list(c("-2", "-1", "0", "1", 
"2"), c("C", "T"))), GM01_SNP1 = structure(c(3, 510, 0, 2, 507, 
2), dim = 3:2, dimnames = list(c("-1", "0", "1"), c("A", "G"))), 
    GM07_SNP1 = structure(c(0, 23, 392, 13, 1, 0, 21, 380, 5, 
    0), dim = c(5L, 2L), dimnames = list(c("-2", "-1", "0", "1", 
    "2"), c("A", "G"))), GM09_SNP1 = structure(c(2, 937, 0, 0, 
    4, 0), dim = 3:2, dimnames = list(c("-1", "0", "1"), c("A", 
    "G"))), GM11_SNP1 = structure(c(2, 405, 1, 0, 0, 432, 1, 
    0, 0, 0, 0, 0), dim = 4:3, dimnames = list(c("-1", "0", "1", 
    "2"), c("A", "G", "T"))), GM14_SNP1 = structure(c(0, 20, 
    544, 3, 0, 0, 1, 0), dim = c(4L, 2L), dimnames = list(c("-2", 
    "-1", "0", "1"), c("C", "T"))), GM17_SNP1 = structure(c(0, 
    0, 1, 0, 0, 3, 776, 3, 0, 0, 2, 0), dim = 4:3, dimnames = list(
        c("-2", "-1", "0", "1"), c("A", "C", "T"))), GM22_SNP1 = structure(c(2, 
    468, 0, 0, 4, 395, 0, 0), dim = c(4L, 2L), dimnames = list(
        c("-1", "0", "1", "2"), c("A", "G"))), GM26_SNP1 = structure(c(4, 
    376, 0, 4, 376, 1), dim = 3:2, dimnames = list(c("-1", "0", 
    "1"), c("A", "G"))), GM29_SNP1 = structure(c(5, 757, 1, 0, 
    0, 0), dim = 3:2, dimnames = list(c("-1", "0", "1"), c("A", 
    "G"))), IM16_SNP1 = structure(c(7, 709, 5, 0, 1, 0), dim = 3:2, dimnames = list(
        c("-1", "0", "1"), c("A", "G"))), IM49_SNP1 = structure(c(0, 
    0, 2, 0, 0, 0, 29, 783, 9, 1, 0, 0, 0, 0, 0), dim = c(5L, 
    3L), dimnames = list(c("-2", "-1", "0", "1", "2"), c("C", 
    "G", "T"))), LR10_SNP1 = structure(c(0, 20, 694, 1, 0, 0, 
    2, 0), dim = c(4L, 2L), dimnames = list(c("-2", "-1", "0", 
    "1"), c("C", "T"))), LR11_SNP1 = structure(c(0, 6, 291, 0, 
    0, 0, 4, 259, 1, 0), dim = c(5L, 2L), dimnames = list(c("-2", 
    "-1", "0", "1", "2"), c("A", "C"))), LR17_SNP1 = structure(c(11, 
    199, 2, 0, 0, 0, 0, 0, 0), dim = c(3L, 3L), dimnames = list(
        c("-1", "0", "1"), c("A", "G", "T"))), LR20_SNP1 = structure(c(2, 
    401, 0, 2, 429, 0), dim = 3:2, dimnames = list(c("-1", "0", 
    "1"), c("A", "G"))), LR24_SNP1 = structure(c(2, 644, 2, 3, 
    603, 0), dim = 3:2, dimnames = list(c("-1", "0", "1"), c("A", 
    "G"))), LR36_SNP1 = structure(c(0, 0, 0, 0, 0, 1, 7, 583, 
    3, 0), dim = c(5L, 2L), dimnames = list(c("-2", "-1", "0", 
    "1", "2"), c("A", "T"))), LR40_SNP1 = structure(c(1, 154, 
    1, 2, 135, 0), dim = 3:2, dimnames = list(c("-1", "0", "1"
    ), c("A", "C"))), LR44_SNP1 = structure(c(1, 16, 324, 1, 
    0, 1, 20, 314, 5, 0), dim = c(5L, 2L), dimnames = list(c("-2", 
    "-1", "0", "1", "2"), c("C", "T"))), LR46_SNP1 = structure(c(1, 
    149, 0, 2, 139, 0), dim = 3:2, dimnames = list(c("-1", "0", 
    "1"), c("G", "T"))), LR48_SNP1 = structure(c(0, 9, 296, 2, 
    0, 0, 5, 304, 3, 0), dim = c(5L, 2L), dimnames = list(c("-2", 
    "-1", "0", "1", "2"), c("C", "T"))), LR49_SNP1 = structure(c(0, 
    1, 0, 0, 236, 1), dim = 3:2, dimnames = list(c("-1", "0", 
    "1"), c("A", "G"))), LR52_SNP1 = structure(c(0, 8, 72, 609, 
    7, 0, 0, 0, 0, 2, 0, 0), dim = c(6L, 2L), dimnames = list(
        c("-3", "-2", "-1", "0", "1", "2"), c("C", "T"))))
