Result <-
list(DEPDC2_SNP1 = structure(c(0, 0, 0, 0, 0, 0, 2, 0, 0, 2, 
677, 0), dim = 4:3, dimnames = list(c("-3", "-1", "0", "1"), 
    c("A", "C", "T"))), GM01_SNP1 = structure(c(0, 0, 0, 0, 0, 
0, 346, 0, 0, 0, 390, 0, 0, 0, 0, 0), dim = c(4L, 4L), dimnames = list(
    c("-2", "-1", "0", "1"), c("-", "A", "G", "T"))), GM07_SNP1 = structure(c(0, 
9, 256, 0, 0, 0, 0, 7, 218, 1, 0, 0), dim = c(6L, 2L), dimnames = list(
    c("-2", "-1", "0", "1", "2", "3"), c("A", "G"))), GM09_SNP1 = structure(c(0, 
3, 0, 1, 597, 1), dim = 3:2, dimnames = list(c("-1", "0", "1"
), c("A", "G"))), GM11_SNP1 = structure(c(0, 0, 254, 0, 0, 0, 
1, 296, 1, 0, 0, 0, 0, 0, 0), dim = c(5L, 3L), dimnames = list(
    c("-2", "-1", "0", "1", "2"), c("A", "G", "T"))), GM14_SNP1 = structure(c(0, 
0, 361, 2, 0), dim = c(5L, 1L), dimnames = list(c("-2", "-1", 
"0", "1", "2"), "C")), GM17_SNP1 = structure(c(0, 0, 0, 0, 0, 
1, 265, 0, 0, 2, 273, 0), dim = 4:3, dimnames = list(c("-2", 
"-1", "0", "1"), c("A", "C", "T"))), GM22_SNP1 = structure(c(0, 
0, 3, 640, 0, 0, 0, 0, 1, 0), dim = c(5L, 2L), dimnames = list(
    c("-3", "-2", "-1", "0", "1"), c("A", "G"))), GM26_SNP1 = structure(c(0, 
0, 237, 1, 0, 0, 278, 1), dim = c(4L, 2L), dimnames = list(c("-2", 
"-1", "0", "1"), c("A", "G"))), GM29_SNP1 = structure(c(0, 0, 
5, 0, 0, 3, 444, 1, 0, 0, 0, 0), dim = 4:3, dimnames = list(c("-2", 
"-1", "0", "1"), c("A", "G", "T"))), IM16_SNP1 = structure(c(0, 
286, 0, 0, 289, 3), dim = 3:2, dimnames = list(c("-1", "0", "1"
), c("A", "G"))), IM49_SNP1 = structure(c(0, 9, 576, 5, 0, 0, 
0, 2, 0, 0, 0, 0, 0, 0, 0), dim = c(5L, 3L), dimnames = list(
    c("-2", "-1", "0", "1", "2"), c("C", "G", "T"))), LR10_SNP1 = structure(c(3, 
217, 0, 1, 234, 1), dim = 3:2, dimnames = list(c("-1", "0", "1"
), c("C", "T"))), LR11_SNP1 = structure(c(0, 0, 0, 2, 0, 0, 0, 
4, 426, 1, 0, 0, 0, 0, 0), dim = c(5L, 3L), dimnames = list(c("-3", 
"-2", "-1", "0", "1"), c("A", "C", "G"))), LR17_SNP1 = structure(c(1, 
5, 359, 4, 0, 0, 0, 0, 0, 0), dim = c(5L, 2L), dimnames = list(
    c("-2", "-1", "0", "1", "2"), c("A", "G"))), LR20_SNP1 = structure(c(0, 
0, 4, 0, 0, 1, 554, 0), dim = c(4L, 2L), dimnames = list(c("-3", 
"-1", "0", "1"), c("A", "G"))), LR24_SNP1 = structure(c(0, 823, 
0, 0, 5, 0), dim = 3:2, dimnames = list(c("-1", "0", "1"), c("A", 
"G"))), LR36_SNP1 = structure(c(0, 0, 0, 0, 0, 2, 180, 1, 0, 
0, 0, 0, 0, 0, 206, 1), dim = c(4L, 4L), dimnames = list(c("-2", 
"-1", "0", "1"), c("-", "A", "G", "T"))), LR40_SNP1 = structure(c(0, 
0, 0, 3, 603, 0), dim = 3:2, dimnames = list(c("-1", "0", "1"
), c("A", "C"))), LR44_SNP1 = structure(c(1, 1, 7, 306, 0, 0, 
0, 0, 0, 0, 0, 0, 0, 0, 7, 315, 1, 0), dim = c(6L, 3L), dimnames = list(
    c("-3", "-2", "-1", "0", "1", "2"), c("C", "G", "T"))), LR46_SNP1 = structure(c(0, 
2, 0, 0, 421, 0), dim = 3:2, dimnames = list(c("-1", "0", "1"
), c("G", "T"))), LR48_SNP1 = structure(c(0, 0, 1, 199, 1, 0, 
0, 0, 1, 193, 0, 0), dim = c(6L, 2L), dimnames = list(c("-3", 
"-2", "-1", "0", "1", "2"), c("C", "T"))), LR49_SNP1 = structure(c(3, 
257, 1, 0, 0, 0, 1, 283, 0), dim = c(3L, 3L), dimnames = list(
    c("-1", "0", "1"), c("A", "C", "G"))), LR52_SNP1 = structure(c(0, 
1, 12, 402, 3, 0, 0, 0, 1, 0), dim = c(5L, 2L), dimnames = list(
    c("-3", "-2", "-1", "0", "1"), c("C", "T"))))
