Result <-
list(DEPDC2_SNP1 = structure(c(0, 0, 0, 3, 933, 0), dim = 3:2, dimnames = list(
    c("-1", "0", "1"), c("C", "T"))), GM01_SNP1 = structure(c(0, 
1, 735, 0, 0, 1, 687, 1), dim = c(4L, 2L), dimnames = list(c("-2", 
"-1", "0", "1"), c("A", "G"))), GM07_SNP1 = structure(c(0, 0, 
0, 0, 0, 0, 5, 301, 2, 0, 0, 4, 329, 0, 0), dim = c(5L, 3L), dimnames = list(
    c("-2", "-1", "0", "1", "2"), c("-", "A", "G"))), GM09_SNP1 = structure(c(1, 
1304, 0, 0, 3, 0), dim = 3:2, dimnames = list(c("-1", "0", "1"
), c("A", "G"))), GM11_SNP1 = structure(c(0, 537, 0, 1, 534, 
0), dim = 3:2, dimnames = list(c("-1", "0", "1"), c("A", "G"))), 
    GM14_SNP1 = structure(c(0, 0, 0, 0, 0, 7, 0, 0, 5, 772, 1, 
    0), dim = 4:3, dimnames = list(c("-1", "0", "1", "2"), c("A", 
    "C", "T"))), GM17_SNP1 = structure(c(0, 0, 0, 1, 457, 0, 
    1, 486, 0), dim = c(3L, 3L), dimnames = list(c("-1", "0", 
    "1"), c("A", "C", "T"))), GM22_SNP1 = structure(c(2, 543, 
    0, 1, 471, 0), dim = 3:2, dimnames = list(c("-1", "0", "1"
    ), c("A", "G"))), GM26_SNP1 = structure(c(1, 511, 0, 0, 0, 
    0, 1, 442, 0), dim = c(3L, 3L), dimnames = list(c("-1", "0", 
    "1"), c("A", "C", "G"))), GM29_SNP1 = structure(c(2, 795, 
    1, 0, 3, 0, 0, 1, 0), dim = c(3L, 3L), dimnames = list(c("-1", 
    "0", "1"), c("A", "G", "T"))), IM16_SNP1 = structure(c(0, 
    1, 0, 0, 4, 879, 2, 0), dim = c(4L, 2L), dimnames = list(
        c("-1", "0", "1", "2"), c("A", "G"))), IM49_SNP1 = structure(c(0, 
    8, 824, 7, 0, 0, 3, 1), dim = c(4L, 2L), dimnames = list(
        c("-2", "-1", "0", "1"), c("C", "G"))), LR10_SNP1 = structure(c(0, 
    0, 0, 0, 0, 6, 1022, 3, 0, 0, 0, 0, 0, 0, 2, 0), dim = c(4L, 
    4L), dimnames = list(c("-2", "-1", "0", "1"), c("A", "C", 
    "G", "T"))), LR11_SNP1 = structure(c(0, 0, 1, 0, 0, 0, 8, 
    971, 0, 1, 0, 0, 0, 0, 0), dim = c(5L, 3L), dimnames = list(
        c("-2", "-1", "0", "1", "2"), c("A", "C", "T"))), LR17_SNP1 = structure(c(0, 
    7, 819, 0, 0, 0, 0, 1, 0, 0), dim = c(5L, 2L), dimnames = list(
        c("-2", "-1", "0", "1", "2"), c("A", "G"))), LR20_SNP1 = structure(c(0, 
    556, 1, 0, 542, 0, 0, 0, 0), dim = c(3L, 3L), dimnames = list(
        c("-1", "0", "1"), c("A", "G", "T"))), LR24_SNP1 = structure(c(0, 
    1, 1331, 0, 0, 0, 5, 0), dim = c(4L, 2L), dimnames = list(
        c("-2", "-1", "0", "1"), c("A", "G"))), LR36_SNP1 = structure(c(0, 
    0, 0, 3, 0, 0, 0, 1, 412, 1), dim = c(5L, 2L), dimnames = list(
        c("-3", "-2", "-1", "0", "1"), c("A", "T"))), LR40_SNP1 = structure(c(1, 
    334, 0, 4, 343, 0), dim = 3:2, dimnames = list(c("-1", "0", 
    "1"), c("A", "C"))), LR44_SNP1 = structure(c(0, 0, 0, 0, 
    0, 0, 9, 560, 1, 0, 1, 10, 550, 0, 0), dim = c(5L, 3L), dimnames = list(
        c("-2", "-1", "0", "1", "2"), c("A", "C", "T"))), LR46_SNP1 = structure(c(0, 
    295, 0, 1, 275, 0), dim = 3:2, dimnames = list(c("-1", "0", 
    "1"), c("G", "T"))), LR48_SNP1 = structure(c(0, 1, 308, 2, 
    1, 2, 320, 0), dim = c(4L, 2L), dimnames = list(c("-2", "-1", 
    "0", "1"), c("C", "T"))), LR49_SNP1 = structure(c(0, 292, 
    0, 285), dim = c(2L, 2L), dimnames = list(c("-1", "0"), c("A", 
    "G"))), LR52_SNP1 = structure(c(0, 0, 0, 0, 0, 0, 1, 0, 12, 
    344, 0, 0, 0, 0, 7, 353, 1, 0), dim = c(6L, 3L), dimnames = list(
        c("-3", "-2", "-1", "0", "1", "2"), c("A", "C", "T"))))
