Result <-
list(DEPDC2_SNP1 = structure(c(2, 227, 1, 1, 279, 1), dim = 3:2, dimnames = list(
    c("-1", "0", "1"), c("C", "T"))), GM01_SNP1 = structure(c(0, 
0, 0, 0, 522, 1, 0, 6, 0, 0, 0, 0), dim = 3:4, dimnames = list(
    c("-1", "0", "1"), c("-", "A", "G", "T"))), GM07_SNP1 = structure(c(0, 
0, 2, 0, 0, 0, 7, 306, 3, 0), dim = c(5L, 2L), dimnames = list(
    c("-2", "-1", "0", "1", "2"), c("A", "G"))), GM09_SNP1 = structure(c(7, 
52, 3, 10, 44, 4), dim = 3:2, dimnames = list(c("-1", "0", "1"
), c("A", "G"))), GM11_SNP1 = structure(c(0, 0, 469, 0, 0, 0, 
3, 0), dim = c(4L, 2L), dimnames = list(c("-2", "-1", "0", "1"
), c("A", "G"))), GM14_SNP1 = structure(c(0, 1, 216, 0, 0, 0, 
1, 0), dim = c(4L, 2L), dimnames = list(c("-2", "-1", "0", "1"
), c("C", "T"))), GM17_SNP1 = structure(c(0, 0, 2, 0, 0, 0, 331, 
1), dim = c(4L, 2L), dimnames = list(c("-2", "-1", "0", "1"), 
    c("C", "T"))), GM22_SNP1 = structure(c(0, 1, 7, 0, 0, 0, 
0, 0, 0, 0, 0, 0, 426, 0, 0, 0, 0, 0, 0, 0), dim = 5:4, dimnames = list(
    c("-2", "-1", "0", "1", "2"), c("A", "C", "G", "T"))), GM26_SNP1 = structure(c(0, 
0, 2, 0, 0, 0, 0, 0, 0, 3, 353, 1), dim = 4:3, dimnames = list(
    c("-2", "-1", "0", "1"), c("A", "C", "G"))), GM29_SNP1 = structure(c(0, 
2, 0, 0, 278, 0), dim = 3:2, dimnames = list(c("-1", "0", "1"
), c("A", "G"))), IM16_SNP1 = structure(c(0, 0, 1, 436, 3, 0, 
0, 1, 4, 0), dim = c(5L, 2L), dimnames = list(c("-5", "-2", "-1", 
"0", "1"), c("A", "G"))), IM49_SNP1 = structure(c(4, 137, 1, 
0, 166, 0), dim = 3:2, dimnames = list(c("-1", "0", "1"), c("C", 
"G"))), LR10_SNP1 = structure(c(3, 147, 0, 0, 0, 0, 2, 152, 0
), dim = c(3L, 3L), dimnames = list(c("-1", "0", "1"), c("C", 
"G", "T"))), LR11_SNP1 = structure(c(0, 0, 3, 0, 0, 0, 271, 0
), dim = c(4L, 2L), dimnames = list(c("-2", "-1", "0", "1"), 
    c("A", "C"))), LR17_SNP1 = structure(c(1, 1, 160, 0, 0, 0, 
0, 0), dim = c(4L, 2L), dimnames = list(c("-2", "-1", "0", "1"
), c("A", "G"))), LR20_SNP1 = structure(c(0, 211, 0, 0, 231, 
1), dim = 3:2, dimnames = list(c("-1", "0", "1"), c("A", "G"))), 
    LR24_SNP1 = structure(c(0, 0, 1, 0, 0, 0, 0, 533, 1, 0), dim = c(5L, 
    2L), dimnames = list(c("-2", "-1", "0", "1", "2"), c("A", 
    "G"))), LR36_SNP1 = structure(c(0, 0, 0, 0, 0, 0, 0, 0, 0, 
    0, 1, 152, 0, 0, 0, 0, 0, 0, 128, 1, 0), dim = c(7L, 3L), dimnames = list(
        c("-4", "-3", "-2", "-1", "0", "1", "2"), c("-", "A", 
        "T"))), LR40_SNP1 = structure(c(2, 425, 0, 0, 0, 0, 0, 
    0, 0), dim = c(3L, 3L), dimnames = list(c("-1", "0", "1"), 
        c("C", "G", "T"))), LR44_SNP1 = structure(c(0, 0, 10, 
    476, 0, 0, 0, 0, 1, 0, 0, 0), dim = c(6L, 2L), dimnames = list(
        c("-3", "-2", "-1", "0", "1", "2"), c("C", "T"))), LR46_SNP1 = structure(c(0, 
    0, 2, 0, 0, 0, 261, 0), dim = c(4L, 2L), dimnames = list(
        c("-2", "-1", "0", "1"), c("G", "T"))), LR48_SNP1 = structure(c(0, 
    0, 0, 0, 0, 7, 310, 0, 0, 0, 0, 0, 0, 0, 1, 0), dim = c(4L, 
    4L), dimnames = list(c("-2", "-1", "0", "1"), c("A", "C", 
    "G", "T"))), LR49_SNP1 = structure(c(0, 194, 0, 0, 196, 0, 
    0, 0, 0), dim = c(3L, 3L), dimnames = list(c("-1", "0", "1"
    ), c("A", "G", "T"))), LR52_SNP1 = structure(c(0, 0, 8, 231, 
    3, 0, 0, 0, 1, 0), dim = c(5L, 2L), dimnames = list(c("-4", 
    "-2", "-1", "0", "1"), c("C", "T"))))
