Result <-
list(DEPDC2_SNP1 = structure(c(0, 0, 0, 0, 0, 3, 0, 0, 0, 0, 
0, 0, 1, 853, 0, 0), dim = c(4L, 4L), dimnames = list(c("-1", 
"0", "1", "2"), c("A", "C", "G", "T"))), GM01_SNP1 = structure(c(0, 
0, 0, 0, 0, 1, 425, 0, 0, 2, 424, 0), dim = 4:3, dimnames = list(
    c("-2", "-1", "0", "1"), c("-", "A", "G"))), GM07_SNP1 = structure(c(0, 
0, 11, 572, 6, 0, 0, 0, 0, 5, 0, 0), dim = c(6L, 2L), dimnames = list(
    c("-3", "-2", "-1", "0", "1", "2"), c("A", "G"))), GM09_SNP1 = structure(c(0, 
0, 0, 0, 374, 0, 0, 348, 0, 0, 0, 0), dim = 3:4, dimnames = list(
    c("-1", "0", "1"), c("-", "A", "G", "T"))), GM11_SNP1 = structure(c(0, 
702, 0, 0, 2, 0), dim = 3:2, dimnames = list(c("-1", "0", "1"
), c("A", "G"))), GM14_SNP1 = structure(c(0, 2, 402, 2, 0, 0, 
3, 0), dim = c(4L, 2L), dimnames = list(c("-2", "-1", "0", "1"
), c("C", "T"))), GM17_SNP1 = structure(c(2, 16, 0, 3, 576, 0
), dim = 3:2, dimnames = list(c("-1", "0", "1"), c("C", "T"))), 
    GM22_SNP1 = structure(c(0, 3, 710, 0, 0, 0, 4, 0), dim = c(4L, 
    2L), dimnames = list(c("-2", "-1", "0", "1"), c("A", "G"))), 
    GM26_SNP1 = structure(c(3, 528, 0, 0, 0, 1, 0, 0), dim = c(4L, 
    2L), dimnames = list(c("-1", "0", "1", "2"), c("A", "G"))), 
    GM29_SNP1 = structure(c(0, 0, 262, 1, 0, 0, 1, 251, 0, 0), dim = c(5L, 
    2L), dimnames = list(c("-2", "-1", "0", "1", "2"), c("A", 
    "G"))), IM16_SNP1 = structure(c(0, 1, 312, 1, 0, 0, 327, 
    0, 0, 0, 0, 0), dim = 4:3, dimnames = list(c("-2", "-1", 
    "0", "1"), c("A", "G", "T"))), IM49_SNP1 = structure(c(0, 
    8, 706, 4, 0, 0, 0, 2, 0, 0, 0, 0, 1, 0, 0), dim = c(5L, 
    3L), dimnames = list(c("-2", "-1", "0", "1", "2"), c("C", 
    "G", "T"))), LR10_SNP1 = structure(c(2, 306, 0, 1, 273, 0
    ), dim = 3:2, dimnames = list(c("-1", "0", "1"), c("C", "T"
    ))), LR11_SNP1 = structure(c(0, 0, 6, 0, 0, 0, 6, 577, 1, 
    0, 0, 0, 0, 0, 0), dim = c(5L, 3L), dimnames = list(c("-2", 
    "-1", "0", "1", "2"), c("A", "C", "T"))), LR17_SNP1 = structure(c(0, 
    0, 3, 430, 0, 0, 0, 0, 0, 0), dim = c(5L, 2L), dimnames = list(
        c("-3", "-2", "-1", "0", "1"), c("A", "G"))), LR20_SNP1 = structure(c(0, 
    0, 0, 0, 706, 0, 0, 2, 0), dim = c(3L, 3L), dimnames = list(
        c("-1", "0", "1"), c("-", "A", "G"))), LR24_SNP1 = structure(c(1, 
    438, 1, 0, 441, 0), dim = 3:2, dimnames = list(c("-1", "0", 
    "1"), c("A", "G"))), LR36_SNP1 = structure(c(0, 0, 1, 239, 
    0, 0, 0, 0, 1, 208, 0, 0), dim = c(6L, 2L), dimnames = list(
        c("-3", "-2", "-1", "0", "1", "2"), c("A", "T"))), LR40_SNP1 = structure(c(2, 
    656, 0, 0, 3, 0, 0, 0, 0), dim = c(3L, 3L), dimnames = list(
        c("-1", "0", "1"), c("A", "C", "T"))), LR44_SNP1 = structure(c(1, 
    0, 16, 730, 0, 0, 0, 0, 2, 0), dim = c(5L, 2L), dimnames = list(
        c("-3", "-2", "-1", "0", "1"), c("C", "T"))), LR46_SNP1 = structure(c(0, 
    0, 0, 0, 192, 0, 1, 243, 0), dim = c(3L, 3L), dimnames = list(
        c("-1", "0", "1"), c("A", "G", "T"))), LR48_SNP1 = structure(c(0, 
    1, 503, 1, 0, 0, 0, 3, 0, 0), dim = c(5L, 2L), dimnames = list(
        c("-2", "-1", "0", "1", "2"), c("C", "T"))), LR49_SNP1 = structure(c(0, 
    206, 0, 0, 215, 0, 0, 0, 0), dim = c(3L, 3L), dimnames = list(
        c("-1", "0", "1"), c("A", "G", "T"))), LR52_SNP1 = structure(c(0, 
    0, 0, 0, 0, 1, 1, 1, 3, 0, 0, 1, 17, 509, 1), dim = c(5L, 
    3L), dimnames = list(c("-3", "-2", "-1", "0", "1"), c("A", 
    "C", "T"))))
