Result <-
list(DEPDC2_SNP1 = structure(c(3, 642, 0, 0, 688, 1), dim = 3:2, dimnames = list(
    c("-1", "0", "1"), c("C", "T"))), GM01_SNP1 = structure(c(1, 
6, 1794, 1, 0, 0, 0, 3, 0, 0), dim = c(5L, 2L), dimnames = list(
    c("-2", "-1", "0", "1", "2"), c("A", "G"))), GM07_SNP1 = structure(c(0, 
1, 2, 0, 0, 67, 904, 6), dim = c(4L, 2L), dimnames = list(c("-2", 
"-1", "0", "1"), c("A", "G"))), GM09_SNP1 = structure(c(1, 881, 
1, 2, 796, 0), dim = 3:2, dimnames = list(c("-1", "0", "1"), 
    c("A", "G"))), GM11_SNP1 = structure(c(2, 715, 0, 4, 766, 
2, 0, 0, 0), dim = c(3L, 3L), dimnames = list(c("-1", "0", "1"
), c("A", "G", "T"))), GM14_SNP1 = structure(c(0, 0, 0, 0, 0, 
15, 1178, 4, 0, 0, 1, 0), dim = 4:3, dimnames = list(c("-2", 
"-1", "0", "1"), c("A", "C", "T"))), GM17_SNP1 = structure(c(0, 
3, 682, 0, 0, 4, 624, 1), dim = c(4L, 2L), dimnames = list(c("-2", 
"-1", "0", "1"), c("C", "T"))), GM22_SNP1 = structure(c(0, 4, 
1482, 0, 0, 0, 0, 4, 0, 0), dim = c(5L, 2L), dimnames = list(
    c("-2", "-1", "0", "1", "2"), c("A", "G"))), GM26_SNP1 = structure(c(4, 
1371, 2, 0, 1, 0, 0, 0, 0), dim = c(3L, 3L), dimnames = list(
    c("-1", "0", "1"), c("A", "G", "T"))), GM29_SNP1 = structure(c(5, 
480, 1, 2, 464, 1), dim = 3:2, dimnames = list(c("-1", "0", "1"
), c("A", "G"))), IM16_SNP1 = structure(c(0, 4, 582, 0, 0, 0, 
2, 671, 2, 0), dim = c(5L, 2L), dimnames = list(c("-2", "-1", 
"0", "1", "2"), c("A", "G"))), IM49_SNP1 = structure(c(0, 4, 
476, 1, 0, 9, 479, 3, 0, 0, 0, 0), dim = 4:3, dimnames = list(
    c("-2", "-1", "0", "1"), c("C", "G", "T"))), LR10_SNP1 = structure(c(0, 
0, 2, 0, 0, 7, 1494, 0), dim = c(4L, 2L), dimnames = list(c("-2", 
"-1", "0", "1"), c("C", "T"))), LR11_SNP1 = structure(c(0, 5, 
712, 2, 0, 0, 5, 540, 2, 0, 0, 0, 0, 0, 0, 0, 0, 0, 0, 0), dim = 5:4, dimnames = list(
    c("-2", "-1", "0", "1", "2"), c("A", "C", "G", "T"))), LR17_SNP1 = structure(c(0, 
25, 1115, 3, 0, 0, 0, 0, 0, 0), dim = c(5L, 2L), dimnames = list(
    c("-2", "-1", "0", "1", "2"), c("A", "G"))), LR20_SNP1 = structure(c(0, 
1388, 0, 0, 0, 0, 0, 5, 0), dim = c(3L, 3L), dimnames = list(
    c("-1", "0", "1"), c("A", "C", "G"))), LR24_SNP1 = structure(c(0, 
9, 1577, 2, 0, 1, 0, 0), dim = c(4L, 2L), dimnames = list(c("-2", 
"-1", "0", "1"), c("A", "G"))), LR36_SNP1 = structure(c(0, 0, 
0, 0, 0, 0, 0, 0, 0, 10, 629, 2), dim = 4:3, dimnames = list(
    c("-2", "-1", "0", "1"), c("A", "G", "T"))), LR40_SNP1 = structure(c(4, 
963, 2, 0, 0, 0), dim = 3:2, dimnames = list(c("-1", "0", "1"
), c("C", "T"))), LR44_SNP1 = structure(c(3, 53, 1317, 5, 0, 
0, 6, 0), dim = c(4L, 2L), dimnames = list(c("-2", "-1", "0", 
"1"), c("C", "T"))), LR46_SNP1 = structure(c(0, 0, 0, 1, 349, 
0, 1, 326, 1), dim = c(3L, 3L), dimnames = list(c("-1", "0", 
"1"), c("A", "G", "T"))), LR48_SNP1 = structure(c(0, 10, 919, 
3, 0, 0, 0, 3, 0, 0), dim = c(5L, 2L), dimnames = list(c("-2", 
"-1", "0", "1", "2"), c("C", "T"))), LR49_SNP1 = structure(c(0, 
2, 3, 789, 0, 0), dim = 2:3, dimnames = list(c("-1", "0"), c("A", 
"G", "T"))), LR52_SNP1 = structure(c(0, 0, 0, 3, 0, 0, 3, 41, 
953, 3), dim = c(5L, 2L), dimnames = list(c("-3", "-2", "-1", 
"0", "1"), c("C", "T"))))
