Result <-
list(DEPDC2_SNP1 = structure(c(0, 0, 1, 389, 3, 0, 0, 1, 396, 
1), dim = c(5L, 2L), dimnames = list(c("-3", "-2", "-1", "0", 
"1"), c("C", "T"))), GM01_SNP1 = structure(c(2, 778, 1, 0, 5, 
0, 0, 1, 0), dim = c(3L, 3L), dimnames = list(c("-1", "0", "1"
), c("A", "G", "T"))), GM07_SNP1 = structure(c(0, 0, 0, 0, 0, 
0, 5, 271, 1, 0, 0, 5, 246, 3, 0), dim = c(5L, 3L), dimnames = list(
    c("-2", "-1", "0", "1", "2"), c("-", "A", "G"))), GM09_SNP1 = structure(c(0, 
0, 4, 0, 0, 0, 0, 0, 1, 17, 104, 4, 0, 0, 0, 0), dim = c(4L, 
4L), dimnames = list(c("-2", "-1", "0", "1"), c("A", "C", "G", 
"T"))), GM11_SNP1 = structure(c(0, 337, 1, 0, 318, 1), dim = 3:2, dimnames = list(
    c("-1", "0", "1"), c("A", "G"))), GM14_SNP1 = structure(c(0, 
6, 358, 0, 0, 0, 3, 0), dim = c(4L, 2L), dimnames = list(c("-2", 
"-1", "0", "1"), c("C", "T"))), GM17_SNP1 = structure(c(0, 0, 
0, 0, 0, 0, 278, 0, 0, 0, 286, 0), dim = 4:3, dimnames = list(
    c("-2", "-1", "0", "1"), c("A", "C", "T"))), GM22_SNP1 = structure(c(0, 
1, 642, 0, 0, 0, 1, 0), dim = c(4L, 2L), dimnames = list(c("-2", 
"-1", "0", "1"), c("A", "G"))), GM26_SNP1 = structure(c(0, 3, 
0, 1, 496, 1), dim = 3:2, dimnames = list(c("-1", "0", "1"), 
    c("A", "G"))), GM29_SNP1 = structure(c(0, 0, 516, 0, 0, 1, 
1, 0), dim = c(4L, 2L), dimnames = list(c("-2", "-1", "0", "1"
), c("A", "G"))), IM16_SNP1 = structure(c(0, 0, 4, 0, 0, 0, 2, 
660, 0, 0), dim = c(5L, 2L), dimnames = list(c("-2", "-1", "0", 
"1", "2"), c("A", "G"))), IM49_SNP1 = structure(c(0, 5, 554, 
3, 0, 0, 0, 2, 0, 0), dim = c(5L, 2L), dimnames = list(c("-2", 
"-1", "0", "1", "2"), c("C", "G"))), LR10_SNP1 = structure(c(0, 
0, 0, 0, 0, 0, 236, 1, 0, 1, 283, 0), dim = 4:3, dimnames = list(
    c("-2", "-1", "0", "1"), c("A", "C", "T"))), LR11_SNP1 = structure(c(0, 
0, 2, 0, 0, 3, 500, 0), dim = c(4L, 2L), dimnames = list(c("-2", 
"-1", "0", "1"), c("A", "C"))), LR17_SNP1 = structure(c(0, 4, 
354, 1, 0, 0, 0, 0), dim = c(4L, 2L), dimnames = list(c("-2", 
"-1", "0", "1"), c("A", "G"))), LR20_SNP1 = structure(c(0, 0, 
325, 0, 0, 0, 309, 0, 0, 0, 0, 0), dim = 4:3, dimnames = list(
    c("-2", "-1", "0", "1"), c("A", "G", "T"))), LR24_SNP1 = structure(c(0, 
0, 477, 0, 0, 0, 453, 0, 0, 0, 0, 0), dim = 4:3, dimnames = list(
    c("-3", "-1", "0", "1"), c("A", "G", "T"))), LR36_SNP1 = structure(c(0, 
2, 214, 0, 0, 0, 213, 1), dim = c(4L, 2L), dimnames = list(c("-2", 
"-1", "0", "1"), c("A", "T"))), LR40_SNP1 = structure(c(0, 0, 
2, 0, 0, 4, 628, 0), dim = c(4L, 2L), dimnames = list(c("-2", 
"-1", "0", "1"), c("A", "C"))), LR44_SNP1 = structure(c(0, 0, 
7, 322, 1, 0, 0, 1, 6, 353, 2, 0), dim = c(6L, 2L), dimnames = list(
    c("-3", "-2", "-1", "0", "1", "2"), c("C", "T"))), LR46_SNP1 = structure(c(0, 
462, 0, 0, 1, 0), dim = 3:2, dimnames = list(c("-1", "0", "1"
), c("G", "T"))), LR48_SNP1 = structure(c(0, 0, 194, 0, 0, 1, 
194, 0), dim = c(4L, 2L), dimnames = list(c("-2", "-1", "0", 
"1"), c("C", "T"))), LR49_SNP1 = structure(c(0, 310, 0, 0, 266, 
0), dim = 3:2, dimnames = list(c("-1", "0", "1"), c("A", "G"))), 
    LR52_SNP1 = structure(c(0, 0, 12, 442, 1, 0), dim = c(6L, 
    1L), dimnames = list(c("-3", "-2", "-1", "0", "1", "2"), 
        "C")))
