Result <-
list(DEPDC2_SNP1 = structure(c(0, 0, 0, 1, 690, 1, 0, 12, 0), dim = c(3L, 
3L), dimnames = list(c("-1", "0", "1"), c("A", "C", "T"))), GM01_SNP1 = structure(c(0, 
347, 2, 2, 384, 1), dim = 3:2, dimnames = list(c("-1", "0", "1"
), c("A", "G"))), GM07_SNP1 = structure(c(0, 0, 0, 0, 0, 2, 47, 
435, 6, 0, 0, 1, 5, 1, 0), dim = c(5L, 3L), dimnames = list(c("-2", 
"-1", "0", "1", "2"), c("-", "A", "G"))), GM09_SNP1 = structure(c(1, 
305, 0, 1, 334, 1, 0, 0, 0), dim = c(3L, 3L), dimnames = list(
    c("-1", "0", "1"), c("A", "G", "T"))), GM11_SNP1 = structure(c(1, 
353, 0, 0, 298, 3), dim = 3:2, dimnames = list(c("-1", "0", "1"
), c("A", "G"))), GM14_SNP1 = structure(c(0, 0, 0, 0, 0, 5, 322, 
1, 0, 0, 2, 0), dim = 4:3, dimnames = list(c("-2", "-1", "0", 
"1"), c("A", "C", "T"))), GM17_SNP1 = structure(c(3, 538, 2, 
0, 0, 3, 0, 0), dim = c(4L, 2L), dimnames = list(c("-1", "0", 
"1", "2"), c("C", "T"))), GM22_SNP1 = structure(c(0, 1, 571, 
0, 0, 0, 0, 7, 0, 0), dim = c(5L, 2L), dimnames = list(c("-2", 
"-1", "0", "1", "2"), c("A", "G"))), GM26_SNP1 = structure(c(0, 
13, 0, 2, 476, 1), dim = 3:2, dimnames = list(c("-1", "0", "1"
), c("A", "G"))), GM29_SNP1 = structure(c(0, 2, 229, 0, 0, 0, 
216, 0), dim = c(4L, 2L), dimnames = list(c("-2", "-1", "0", 
"1"), c("A", "G"))), IM16_SNP1 = structure(c(0, 0, 273, 2, 0, 
0, 2, 255, 2, 0), dim = c(5L, 2L), dimnames = list(c("-2", "-1", 
"0", "1", "2"), c("A", "G"))), IM49_SNP1 = structure(c(0, 0, 
0, 0, 0, 0, 11, 653, 2, 0, 0, 0, 0, 0, 0), dim = c(5L, 3L), dimnames = list(
    c("-2", "-1", "0", "1", "2"), c("C", "G", "T"))), LR10_SNP1 = structure(c(7, 
469, 2, 0, 2, 0), dim = 3:2, dimnames = list(c("-1", "0", "1"
), c("C", "T"))), LR11_SNP1 = structure(c(0, 5, 222, 1, 0, 1, 
231, 2), dim = c(4L, 2L), dimnames = list(c("-2", "-1", "0", 
"1"), c("A", "C"))), LR17_SNP1 = structure(c(0, 8, 367, 2, 0, 
0, 0, 0), dim = c(4L, 2L), dimnames = list(c("-2", "-1", "0", 
"1"), c("A", "G"))), LR20_SNP1 = structure(c(0, 314, 0, 0, 0, 
0, 0, 338, 0, 0, 0, 0), dim = 3:4, dimnames = list(c("-1", "0", 
"1"), c("A", "C", "G", "T"))), LR24_SNP1 = structure(c(1, 303, 
0, 2, 333, 1), dim = 3:2, dimnames = list(c("-1", "0", "1"), 
    c("A", "G"))), LR36_SNP1 = structure(c(0, 0, 0, 3, 0, 0, 
0, 0, 7, 380, 3, 0), dim = c(6L, 2L), dimnames = list(c("-3", 
"-2", "-1", "0", "1", "2"), c("A", "T"))), LR40_SNP1 = structure(c(0, 
1, 0, 0, 2, 589, 1, 0), dim = c(4L, 2L), dimnames = list(c("-1", 
"0", "1", "2"), c("A", "C"))), LR44_SNP1 = structure(c(1, 34, 
608, 2, 0, 0, 0, 0, 0, 0, 0, 0, 3, 0, 0), dim = c(5L, 3L), dimnames = list(
    c("-2", "-1", "0", "1", "2"), c("C", "G", "T"))), LR46_SNP1 = structure(c(0, 
1, 322, 0, 0, 0, 7, 0), dim = c(4L, 2L), dimnames = list(c("-2", 
"-1", "0", "1"), c("G", "T"))), LR48_SNP1 = structure(c(0, 0, 
0, 0, 0, 0, 0, 0, 0, 0, 0, 37, 397, 0, 0, 0, 0, 0, 0, 0), dim = 5:4, dimnames = list(
    c("-2", "-1", "0", "1", "2"), c("-", "A", "C", "T"))), LR49_SNP1 = structure(c(2, 
203, 0, 0, 218, 0), dim = 3:2, dimnames = list(c("-1", "0", "1"
), c("A", "G"))), LR52_SNP1 = structure(c(0, 0, 3, 0, 0, 0, 1, 
27, 384, 4), dim = c(5L, 2L), dimnames = list(c("-3", "-2", "-1", 
"0", "1"), c("C", "T"))))
