Result <-
list(DEPDC2_SNP1 = structure(c(0, 2, 0, 1, 721, 0), dim = 3:2, dimnames = list(
    c("-1", "0", "1"), c("C", "T"))), GM01_SNP1 = structure(c(1, 
693, 0, 0, 1, 0), dim = 3:2, dimnames = list(c("-1", "0", "1"
), c("A", "G"))), GM07_SNP1 = structure(c(0, 0, 0, 0, 0, 0, 1, 
2, 249, 2, 0, 0, 0, 9, 212, 0, 0, 0), dim = c(6L, 3L), dimnames = list(
    c("-2", "-1", "0", "1", "2", "3"), c("-", "A", "G"))), GM09_SNP1 = structure(c(15, 
51, 1, 2, 58, 1, 0, 0, 0), dim = c(3L, 3L), dimnames = list(c("-1", 
"0", "1"), c("A", "G", "T"))), GM11_SNP1 = structure(c(0, 0, 
4, 0, 0, 1, 612, 1, 0, 0, 0, 0), dim = 4:3, dimnames = list(c("-2", 
"-1", "0", "1"), c("A", "G", "T"))), GM14_SNP1 = structure(c(0, 
1, 164, 1, 0, 0, 1, 157, 0, 0), dim = c(5L, 2L), dimnames = list(
    c("-2", "-1", "0", "1", "2"), c("C", "T"))), GM17_SNP1 = structure(c(0, 
254, 0, 1, 232, 0), dim = 3:2, dimnames = list(c("-1", "0", "1"
), c("C", "T"))), GM22_SNP1 = structure(c(0, 0, 289, 1, 0, 1, 
261, 0), dim = c(4L, 2L), dimnames = list(c("-2", "-1", "0", 
"1"), c("A", "G"))), GM26_SNP1 = structure(c(0, 0, 477, 0, 0, 
0, 1, 0), dim = c(4L, 2L), dimnames = list(c("-2", "-1", "0", 
"1"), c("A", "G"))), GM29_SNP1 = structure(c(0, 202, 0, 0, 218, 
0), dim = 3:2, dimnames = list(c("-1", "0", "1"), c("A", "G"))), 
    IM16_SNP1 = structure(c(0, 1, 558, 2, 0, 0, 5, 0, 0, 0, 0, 
    0), dim = 4:3, dimnames = list(c("-2", "-1", "0", "1"), c("A", 
    "G", "T"))), IM49_SNP1 = structure(c(0, 4, 293, 3, 0, 0, 
    5, 260, 0, 0), dim = c(5L, 2L), dimnames = list(c("-2", "-1", 
    "0", "1", "2"), c("C", "G"))), LR10_SNP1 = structure(c(0, 
    0, 0, 0, 0, 0, 1, 227, 0, 0, 0, 0, 232, 0, 0), dim = c(5L, 
    3L), dimnames = list(c("-2", "-1", "0", "1", "2"), c("A", 
    "C", "T"))), LR11_SNP1 = structure(c(0, 0, 0, 0, 0, 0, 1, 
    2, 275, 0, 0, 0, 3, 199, 1), dim = c(5L, 3L), dimnames = list(
        c("-3", "-2", "-1", "0", "1"), c("-", "A", "C"))), LR17_SNP1 = structure(c(0, 
    0, 3, 336, 1), dim = c(5L, 1L), dimnames = list(c("-3", "-2", 
    "-1", "0", "1"), "A")), LR20_SNP1 = structure(c(0, 263, 0, 
    0, 0, 305, 0, 0), dim = c(4L, 2L), dimnames = list(c("-1", 
    "0", "1", "2"), c("A", "G"))), LR24_SNP1 = structure(c(0, 
    0, 0, 0, 0, 0, 0, 1, 360, 0, 0, 0, 0, 367, 0), dim = c(5L, 
    3L), dimnames = list(c("-3", "-2", "-1", "0", "1"), c("-", 
    "A", "G"))), LR36_SNP1 = structure(c(0, 0, 0, 3, 0, 0, 0, 
    3, 350, 1), dim = c(5L, 2L), dimnames = list(c("-4", "-2", 
    "-1", "0", "1"), c("A", "T"))), LR40_SNP1 = structure(c(0, 
    0, 0, 0, 1, 1, 549, 0, 0, 0, 0, 0), dim = 4:3, dimnames = list(
        c("-2", "-1", "0", "1"), c("A", "C", "T"))), LR44_SNP1 = structure(c(0, 
    0, 4, 305, 2, 0, 0, 0, 5, 312, 0, 0), dim = c(6L, 2L), dimnames = list(
        c("-3", "-2", "-1", "0", "1", "2"), c("C", "T"))), LR46_SNP1 = structure(c(0, 
    0, 0, 0, 174, 0, 1, 172, 0), dim = c(3L, 3L), dimnames = list(
        c("-1", "0", "1"), c("C", "G", "T"))), LR48_SNP1 = structure(c(0, 
    0, 3, 335, 2), dim = c(5L, 1L), dimnames = list(c("-3", "-2", 
    "-1", "0", "1"), "C")), LR49_SNP1 = structure(c(1, 2, 0, 
    458), dim = c(2L, 2L), dimnames = list(c("-1", "0"), c("A", 
    "G"))), LR52_SNP1 = structure(c(0, 0, 0, 0, 0, 1, 14, 407, 
    1, 0, 0, 0, 1, 0, 0), dim = c(5L, 3L), dimnames = list(c("-2", 
    "-1", "0", "1", "2"), c("-", "C", "T"))))
