Result <-
list(DEPDC2_SNP1 = structure(c(0, 0, 0, 1, 514, 2, 0, 17, 0), dim = c(3L, 
3L), dimnames = list(c("-1", "0", "1"), c("A", "C", "T"))), GM07_SNP1 = structure(c(0, 
4, 181, 2, 0, 0, 4, 157, 1, 0, 0, 0, 0, 0, 0), dim = c(5L, 3L
), dimnames = list(c("-2", "-1", "0", "1", "2"), c("A", "G", 
"T"))), GM09_SNP1 = structure(c(0, 4, 0, 1, 412, 1, 0, 1, 0), dim = c(3L, 
3L), dimnames = list(c("-1", "0", "1"), c("A", "G", "T"))), GM11_SNP1 = structure(c(0, 
6, 0, 4, 400, 3), dim = 3:2, dimnames = list(c("-1", "0", "1"
), c("A", "G"))), GM14_SNP1 = structure(c(1, 5, 98, 0, 0, 3, 
129, 0), dim = c(4L, 2L), dimnames = list(c("-2", "-1", "0", 
"1"), c("C", "T"))), GM17_SNP1 = structure(c(0, 0, 9, 0, 0, 1, 
353, 2), dim = c(4L, 2L), dimnames = list(c("-2", "-1", "0", 
"1"), c("C", "T"))), GM22_SNP1 = structure(c(0, 2, 237, 1, 0, 
1, 197, 0), dim = c(4L, 2L), dimnames = list(c("-2", "-1", "0", 
"1"), c("A", "G"))), GM26_SNP1 = structure(c(0, 0, 331, 0, 0, 
0, 9, 0), dim = c(4L, 2L), dimnames = list(c("-2", "-1", "0", 
"1"), c("A", "G"))), GM29_SNP1 = structure(c(0, 4, 154, 0, 0, 
1, 146, 0, 0, 0, 0, 0), dim = 4:3, dimnames = list(c("-2", "-1", 
"0", "1"), c("A", "G", "T"))), IM16_SNP1 = structure(c(1, 180, 
0, 0, 2, 197, 3, 0), dim = c(4L, 2L), dimnames = list(c("-1", 
"0", "1", "2"), c("A", "G"))), IM49_SNP1 = structure(c(0, 8, 
167, 1, 1, 0, 3, 127, 0, 0), dim = c(5L, 2L), dimnames = list(
    c("-2", "-1", "0", "1", "2"), c("C", "G"))), LR10_SNP1 = structure(c(0, 
3, 175, 0, 0, 0, 0, 0, 0, 0, 171, 0), dim = 4:3, dimnames = list(
    c("-2", "-1", "0", "1"), c("C", "G", "T"))), LR11_SNP1 = structure(c(0, 
0, 0, 5, 0, 0, 0, 0, 1, 305, 0, 0, 0, 0, 0, 0, 0, 0), dim = c(6L, 
3L), dimnames = list(c("-3", "-2", "-1", "0", "1", "2"), c("A", 
"C", "T"))), LR17_SNP1 = structure(c(2, 2, 216, 0, 0, 0, 0, 0, 
0, 0), dim = c(5L, 2L), dimnames = list(c("-2", "-1", "0", "1", 
"2"), c("A", "G"))), LR20_SNP1 = structure(c(2, 211, 0, 0, 212, 
0), dim = 3:2, dimnames = list(c("-1", "0", "1"), c("A", "G"))), 
    LR24_SNP1 = structure(c(7, 618, 0, 0, 17, 0), dim = 3:2, dimnames = list(
        c("-1", "0", "1"), c("A", "G"))), LR36_SNP1 = structure(c(0, 
    0, 5, 0, 0, 5, 223, 0), dim = c(4L, 2L), dimnames = list(
        c("-2", "-1", "0", "1"), c("A", "T"))), LR40_SNP1 = structure(c(0, 
    1, 0, 1, 348, 3), dim = 3:2, dimnames = list(c("-1", "0", 
    "1"), c("A", "C"))), LR44_SNP1 = structure(c(0, 0, 0, 0, 
    0, 0, 1, 0, 0, 25, 0, 0, 0, 3, 24, 443, 0, 0), dim = c(6L, 
    3L), dimnames = list(c("-3", "-2", "-1", "0", "1", "2"), 
        c("A", "C", "T"))), LR46_SNP1 = structure(c(0, 2, 325, 
    0, 0, 0, 3, 0), dim = c(4L, 2L), dimnames = list(c("-2", 
    "-1", "0", "1"), c("G", "T"))), LR48_SNP1 = structure(c(0, 
    5, 252, 0, 0, 1, 0, 0), dim = c(4L, 2L), dimnames = list(
        c("-2", "-1", "0", "1"), c("C", "T"))), LR49_SNP1 = structure(c(4, 
    354, 0, 0, 5, 0, 0, 1, 0), dim = c(3L, 3L), dimnames = list(
        c("-1", "0", "1"), c("A", "G", "T"))), LR52_SNP1 = structure(c(0, 
    0, 0, 0, 0, 0, 0, 0, 0, 0, 0, 7, 0, 0, 0, 0, 0, 11, 226, 
    2, 0), dim = c(7L, 3L), dimnames = list(c("-5", "-3", "-2", 
    "-1", "0", "1", "2"), c("A", "C", "T"))))
