Result <-
list(DEPDC2_SNP1 = structure(c(0, 0, 400, 1, 0, 0, 428, 1), dim = c(4L, 
2L), dimnames = list(c("-2", "-1", "0", "1"), c("C", "T"))), 
    GM01_SNP1 = structure(c(0, 2, 439, 0, 0, 1, 396, 0, 0, 0, 
    0, 0), dim = 4:3, dimnames = list(c("-2", "-1", "0", "1"), 
        c("A", "G", "T"))), GM07_SNP1 = structure(c(0, 0, 1, 
    0, 0, 9, 583, 6), dim = c(4L, 2L), dimnames = list(c("-2", 
    "-1", "0", "1"), c("A", "G"))), GM09_SNP1 = structure(c(0, 
    3, 0, 1, 669, 2, 0, 0, 0), dim = c(3L, 3L), dimnames = list(
        c("-1", "0", "1"), c("A", "G", "T"))), GM11_SNP1 = structure(c(0, 
    0, 637, 0, 0, 0, 1, 0), dim = c(4L, 2L), dimnames = list(
        c("-2", "-1", "0", "1"), c("A", "G"))), GM14_SNP1 = structure(c(0, 
    0, 5, 0, 0, 1, 3, 368, 0, 0), dim = c(5L, 2L), dimnames = list(
        c("-2", "-1", "0", "1", "2"), c("C", "T"))), GM17_SNP1 = structure(c(0, 
    309, 0, 0, 1, 301, 0, 0), dim = c(4L, 2L), dimnames = list(
        c("-1", "0", "1", "2"), c("C", "T"))), GM22_SNP1 = structure(c(0, 
    0, 0, 6, 0, 0, 0, 0, 0, 606, 2, 0, 0, 0, 0, 0, 0, 0), dim = c(6L, 
    3L), dimnames = list(c("-3", "-2", "-1", "0", "1", "2"), 
        c("A", "G", "T"))), GM26_SNP1 = structure(c(0, 279, 0, 
    0, 254, 0), dim = 3:2, dimnames = list(c("-1", "0", "1"), 
        c("A", "G"))), GM29_SNP1 = structure(c(0, 3, 278, 0, 
    0, 1, 249, 0), dim = c(4L, 2L), dimnames = list(c("-2", "-1", 
    "0", "1"), c("A", "G"))), IM16_SNP1 = structure(c(1, 5, 0, 
    0, 0, 0, 0, 0, 2, 654, 3, 0, 0, 0, 0, 0), dim = c(4L, 4L), dimnames = list(
        c("-1", "0", "1", "2"), c("A", "C", "G", "T"))), IM49_SNP1 = structure(c(0, 
    8, 797, 6, 0, 0, 4, 0), dim = c(4L, 2L), dimnames = list(
        c("-2", "-1", "0", "1"), c("C", "G"))), LR10_SNP1 = structure(c(0, 
    0, 267, 1, 0, 1, 288, 0), dim = c(4L, 2L), dimnames = list(
        c("-2", "-1", "0", "1"), c("C", "T"))), LR11_SNP1 = structure(c(0, 
    4, 506, 0, 0, 0, 0, 4, 0, 0, 0, 0, 0, 0, 0, 0, 0, 0, 0, 0
    ), dim = 5:4, dimnames = list(c("-2", "-1", "0", "1", "2"
    ), c("A", "C", "G", "T"))), LR17_SNP1 = structure(c(0, 0, 
    3, 368, 0, 0, 0, 0, 0, 0, 0, 0), dim = c(6L, 2L), dimnames = list(
        c("-3", "-2", "-1", "0", "1", "2"), c("A", "G"))), LR20_SNP1 = structure(c(0, 
    0, 5, 0, 0, 0, 661, 1, 0, 0, 0, 0), dim = 4:3, dimnames = list(
        c("-2", "-1", "0", "1"), c("A", "G", "T"))), LR24_SNP1 = structure(c(1, 
    789, 0, 0, 0, 5, 0, 0), dim = c(4L, 2L), dimnames = list(
        c("-1", "0", "1", "2"), c("A", "G"))), LR36_SNP1 = structure(c(0, 
    0, 1, 0, 0, 2, 242, 0, 0, 0, 0, 0, 0, 1, 225, 1), dim = c(4L, 
    4L), dimnames = list(c("-2", "-1", "0", "1"), c("-", "A", 
    "G", "T"))), LR40_SNP1 = structure(c(2, 625, 0), dim = c(3L, 
    1L), dimnames = list(c("-1", "0", "1"), "C")), LR44_SNP1 = structure(c(0, 
    0, 6, 336, 1, 0, 0, 0, 12, 357, 1, 0), dim = c(6L, 2L), dimnames = list(
        c("-3", "-2", "-1", "0", "1", "2"), c("C", "T"))), LR46_SNP1 = structure(c(0, 
    373, 0, 0, 1, 0), dim = 3:2, dimnames = list(c("-1", "0", 
    "1"), c("G", "T"))), LR48_SNP1 = structure(c(0, 4, 193, 1, 
    0, 4, 210, 0), dim = c(4L, 2L), dimnames = list(c("-2", "-1", 
    "0", "1"), c("C", "T"))), LR49_SNP1 = structure(c(0, 412, 
    0, 1), dim = c(2L, 2L), dimnames = list(c("-1", "0"), c("A", 
    "G"))), LR52_SNP1 = structure(c(1, 0, 11, 188, 2, 0, 0, 6, 
    243, 1), dim = c(5L, 2L), dimnames = list(c("-3", "-2", "-1", 
    "0", "1"), c("C", "T"))))
