Result <-
list(DEPDC2_SNP1 = structure(c(0, 2, 0, 0, 2, 368, 0, 0, 1, 344, 
0, 0), dim = 4:3, dimnames = list(c("-1", "0", "1", "2"), c("A", 
"C", "T"))), GM01_SNP1 = structure(c(0, 365, 0, 1, 358, 0), dim = 3:2, dimnames = list(
    c("-1", "0", "1"), c("A", "G"))), GM07_SNP1 = structure(c(0, 
9, 443, 2, 0, 0, 0, 1, 0, 0), dim = c(5L, 2L), dimnames = list(
    c("-2", "-1", "0", "1", "2"), c("A", "G"))), GM09_SNP1 = structure(c(0, 
5, 0, 7, 139, 5, 0, 0, 0), dim = c(3L, 3L), dimnames = list(c("-1", 
"0", "1"), c("A", "G", "T"))), GM11_SNP1 = structure(c(1, 568, 
0, 0, 3, 0), dim = 3:2, dimnames = list(c("-1", "0", "1"), c("A", 
"G"))), GM14_SNP1 = structure(c(0, 1, 172, 1, 0, 1, 188, 0), dim = c(4L, 
2L), dimnames = list(c("-2", "-1", "0", "1"), c("C", "T"))), 
    GM17_SNP1 = structure(c(0, 2, 250, 0, 0, 0, 0, 262, 0, 0), dim = c(5L, 
    2L), dimnames = list(c("-2", "-1", "0", "1", "2"), c("C", 
    "T"))), GM22_SNP1 = structure(c(0, 2, 298, 1, 0, 2, 261, 
    0), dim = c(4L, 2L), dimnames = list(c("-2", "-1", "0", "1"
    ), c("A", "G"))), GM26_SNP1 = structure(c(1, 478, 0, 0, 0, 
    0, 0, 1, 0), dim = c(3L, 3L), dimnames = list(c("-1", "0", 
    "1"), c("A", "G", "T"))), GM29_SNP1 = structure(c(2, 228, 
    0, 0, 211, 0), dim = 3:2, dimnames = list(c("-1", "0", "1"
    ), c("A", "G"))), IM16_SNP1 = structure(c(0, 1, 556, 1, 0, 
    0, 2, 0, 0, 0, 0, 0), dim = 4:3, dimnames = list(c("-2", 
    "-1", "0", "1"), c("A", "G", "T"))), IM49_SNP1 = structure(c(1, 
    2, 598, 3, 0, 0, 0, 1, 0, 0), dim = c(5L, 2L), dimnames = list(
        c("-2", "-1", "0", "1", "2"), c("C", "G"))), LR10_SNP1 = structure(c(0, 
    0, 0, 0, 0, 5, 469, 0, 0, 0, 3, 0), dim = 4:3, dimnames = list(
        c("-2", "-1", "0", "1"), c("A", "C", "T"))), LR11_SNP1 = structure(c(0, 
    0, 284, 0, 0, 0, 0, 238, 1, 0), dim = c(5L, 2L), dimnames = list(
        c("-2", "-1", "0", "1", "2"), c("A", "C"))), LR17_SNP1 = structure(c(6, 
    336, 1, 0, 0, 0), dim = 3:2, dimnames = list(c("-1", "0", 
    "1"), c("A", "G"))), LR20_SNP1 = structure(c(0, 0, 0, 0, 
    577, 1, 0, 5, 0), dim = c(3L, 3L), dimnames = list(c("-1", 
    "0", "1"), c("-", "A", "G"))), LR24_SNP1 = structure(c(0, 
    0, 359, 0, 0, 0, 386, 0), dim = c(4L, 2L), dimnames = list(
        c("-2", "-1", "0", "1"), c("A", "G"))), LR36_SNP1 = structure(c(0, 
    1, 3, 0, 0, 0, 0, 0, 0, 3, 388, 1), dim = 4:3, dimnames = list(
        c("-2", "-1", "0", "1"), c("A", "G", "T"))), LR40_SNP1 = structure(c(0, 
    3, 290, 1, 0, 0, 277, 0), dim = c(4L, 2L), dimnames = list(
        c("-2", "-1", "0", "1"), c("A", "C"))), LR44_SNP1 = structure(c(0, 
    1, 0, 0, 0, 0, 3, 294, 0, 0, 0, 0, 0, 0, 0, 0, 6, 302, 4, 
    0), dim = 5:4, dimnames = list(c("-2", "-1", "0", "1", "2"
    ), c("A", "C", "G", "T"))), LR46_SNP1 = structure(c(2, 410, 
    0, 0, 2, 0), dim = 3:2, dimnames = list(c("-1", "0", "1"), 
        c("G", "T"))), LR48_SNP1 = structure(c(0, 6, 361, 3, 
    0), dim = c(5L, 1L), dimnames = list(c("-2", "-1", "0", "1", 
    "2"), "C")), LR49_SNP1 = structure(c(1, 2, 1, 400), dim = c(2L, 
    2L), dimnames = list(c("-1", "0"), c("A", "G"))), LR52_SNP1 = structure(c(0, 
    2, 8, 201, 2, 0, 0, 0, 2, 195, 2, 0), dim = c(6L, 2L), dimnames = list(
        c("-3", "-2", "-1", "0", "1", "2"), c("C", "T"))))
