Result <-
list(DEPDC2_SNP1 = structure(c(0, 0, 0, 3, 912, 3), dim = 3:2, dimnames = list(
    c("-1", "0", "1"), c("A", "T"))), GM01_SNP1 = structure(c(0, 
2, 426, 1, 0, 3, 446, 0), dim = c(4L, 2L), dimnames = list(c("-2", 
"-1", "0", "1"), c("A", "G"))), GM07_SNP1 = structure(c(0, 0, 
0, 0, 0, 0, 3, 284, 2, 0, 0, 2, 325, 0, 0), dim = c(5L, 3L), dimnames = list(
    c("-2", "-1", "0", "1", "2"), c("-", "A", "G"))), GM09_SNP1 = structure(c(13, 
77, 3, 12, 74, 4, 0, 0, 0), dim = c(3L, 3L), dimnames = list(
    c("-1", "0", "1"), c("A", "G", "T"))), GM11_SNP1 = structure(c(1, 
763, 0, 0, 3, 0), dim = 3:2, dimnames = list(c("-1", "0", "1"
), c("A", "G"))), GM14_SNP1 = structure(c(0, 2, 203, 0, 0, 3, 
225, 1), dim = c(4L, 2L), dimnames = list(c("-2", "-1", "0", 
"1"), c("C", "T"))), GM17_SNP1 = structure(c(0, 1, 326, 0, 0, 
1, 325, 0), dim = c(4L, 2L), dimnames = list(c("-2", "-1", "0", 
"1"), c("C", "T"))), GM22_SNP1 = structure(c(0, 3, 752, 1, 0, 
0, 2, 0), dim = c(4L, 2L), dimnames = list(c("-2", "-1", "0", 
"1"), c("A", "G"))), GM26_SNP1 = structure(c(0, 0, 0, 308, 0, 
0, 0, 1, 266, 0), dim = c(5L, 2L), dimnames = list(c("-3", "-2", 
"-1", "0", "1"), c("A", "G"))), GM29_SNP1 = structure(c(0, 0, 
0, 0, 0, 0, 0, 0, 537, 0, 0, 0, 0, 2, 0, 0, 0, 0, 0, 0), dim = 5:4, dimnames = list(
    c("-3", "-2", "-1", "0", "1"), c("-", "A", "G", "T"))), IM16_SNP1 = structure(c(0, 
0, 3, 0, 0, 0, 0, 0, 0, 2, 688, 2), dim = 4:3, dimnames = list(
    c("-2", "-1", "0", "1"), c("A", "C", "G"))), IM49_SNP1 = structure(c(0, 
0, 0, 6, 0, 0, 0, 0, 7, 625, 1, 0), dim = c(6L, 2L), dimnames = list(
    c("-3", "-2", "-1", "0", "1", "2"), c("C", "G"))), LR10_SNP1 = structure(c(0, 
3, 0, 2, 625, 0), dim = 3:2, dimnames = list(c("-1", "0", "1"
), c("C", "T"))), LR11_SNP1 = structure(c(0, 0, 344, 0, 0, 2, 
302, 0), dim = c(4L, 2L), dimnames = list(c("-2", "-1", "0", 
"1"), c("A", "C"))), LR17_SNP1 = structure(c(8, 460, 1, 0, 0, 
0, 0, 0), dim = c(4L, 2L), dimnames = list(c("-1", "0", "1", 
"2"), c("A", "G"))), LR20_SNP1 = structure(c(0, 1, 0, 0, 766, 
0, 0, 0, 0), dim = c(3L, 3L), dimnames = list(c("-1", "0", "1"
), c("-", "A", "G"))), LR24_SNP1 = structure(c(0, 3, 572, 0, 
0, 2, 532, 0), dim = c(4L, 2L), dimnames = list(c("-2", "-1", 
"0", "1"), c("A", "G"))), LR36_SNP1 = structure(c(0, 0, 0, 0, 
0, 1, 244, 0, 0, 2, 232, 0), dim = 4:3, dimnames = list(c("-2", 
"-1", "0", "1"), c("-", "A", "T"))), LR40_SNP1 = structure(c(0, 
0, 0, 1, 0, 0, 0, 0, 2, 695, 0, 0, 0, 0, 0, 0, 0, 0), dim = c(6L, 
3L), dimnames = list(c("-3", "-2", "-1", "0", "1", "2"), c("A", 
"C", "T"))), LR44_SNP1 = structure(c(0, 12, 775, 2, 0, 0, 0, 
3, 1, 0), dim = c(5L, 2L), dimnames = list(c("-2", "-1", "0", 
"1", "2"), c("C", "T"))), LR46_SNP1 = structure(c(0, 0, 0, 0, 
553, 0, 0, 1, 0), dim = c(3L, 3L), dimnames = list(c("-1", "0", 
"1"), c("A", "G", "T"))), LR48_SNP1 = structure(c(0, 5, 501, 
0, 0, 0, 1, 0), dim = c(4L, 2L), dimnames = list(c("-2", "-1", 
"0", "1"), c("C", "T"))), LR49_SNP1 = structure(c(0, 3, 0, 1, 
662, 0, 0, 0, 0), dim = c(3L, 3L), dimnames = list(c("-1", "0", 
"1"), c("A", "G", "T"))), LR52_SNP1 = structure(c(0, 0, 0, 0, 
0, 0, 0, 3, 1, 0, 0, 1, 15, 529, 5), dim = c(5L, 3L), dimnames = list(
    c("-3", "-2", "-1", "0", "1"), c("A", "C", "T"))))
