Result <-
list(DEPDC2_SNP1 = structure(c(0, 0, 0, 0, 2, 0, 0, 0, 0, 1, 
1188, 1), dim = 3:4, dimnames = list(c("-1", "0", "1"), c("A", 
"C", "G", "T"))), GM01_SNP1 = structure(c(2, 754, 0, 4, 783, 
0), dim = 3:2, dimnames = list(c("-1", "0", "1"), c("A", "G"))), 
    GM07_SNP1 = structure(c(0, 0, 1, 0, 0, 0, 13, 807, 9, 0), dim = c(5L, 
    2L), dimnames = list(c("-2", "-1", "0", "1", "2"), c("A", 
    "G"))), GM09_SNP1 = structure(c(4, 740, 0, 0, 676, 0), dim = 3:2, dimnames = list(
        c("-1", "0", "1"), c("A", "G"))), GM11_SNP1 = structure(c(0, 
    0, 20, 0, 0, 3, 1207, 1), dim = c(4L, 2L), dimnames = list(
        c("-2", "-1", "0", "1"), c("A", "G"))), GM14_SNP1 = structure(c(1, 
    4, 443, 0, 0, 2, 417, 1), dim = c(4L, 2L), dimnames = list(
        c("-2", "-1", "0", "1"), c("C", "T"))), GM17_SNP1 = structure(c(0, 
    4, 1069, 0, 0, 0, 1, 12, 0, 0), dim = c(5L, 2L), dimnames = list(
        c("-2", "-1", "0", "1", "2"), c("C", "T"))), GM22_SNP1 = structure(c(0, 
    3, 1256, 1, 0, 0, 1, 0), dim = c(4L, 2L), dimnames = list(
        c("-2", "-1", "0", "1"), c("A", "G"))), GM26_SNP1 = structure(c(0, 
    1, 495, 1, 0, 0, 580, 0), dim = c(4L, 2L), dimnames = list(
        c("-2", "-1", "0", "1"), c("A", "G"))), GM29_SNP1 = structure(c(4, 
    880, 0, 0, 13, 1, 0, 0, 0), dim = c(3L, 3L), dimnames = list(
        c("-1", "0", "1"), c("A", "G", "T"))), IM16_SNP1 = structure(c(2, 
    228, 1, 0, 2, 545, 4, 0), dim = c(4L, 2L), dimnames = list(
        c("-1", "0", "1", "2"), c("A", "G"))), IM49_SNP1 = structure(c(0, 
    5, 462, 1, 0, 0, 5, 370, 4, 0), dim = c(5L, 2L), dimnames = list(
        c("-2", "-1", "0", "1", "2"), c("C", "G"))), LR10_SNP1 = structure(c(0, 
    3, 661, 2, 0, 0, 3, 595, 0, 0), dim = c(5L, 2L), dimnames = list(
        c("-2", "-1", "0", "1", "2"), c("C", "T"))), LR11_SNP1 = structure(c(0, 
    4, 653, 0, 0, 8, 527, 2), dim = c(4L, 2L), dimnames = list(
        c("-2", "-1", "0", "1"), c("A", "C"))), LR17_SNP1 = structure(c(0, 
    4, 9, 846, 0, 1, 0, 0, 0, 0, 0, 0), dim = c(6L, 2L), dimnames = list(
        c("-3", "-2", "-1", "0", "1", "2"), c("A", "G"))), LR20_SNP1 = structure(c(0, 
    3, 7, 0, 0, 1, 1220, 0), dim = c(4L, 2L), dimnames = list(
        c("-2", "-1", "0", "1"), c("A", "G"))), LR24_SNP1 = structure(c(3, 
    711, 1, 1, 698, 0), dim = 3:2, dimnames = list(c("-1", "0", 
    "1"), c("A", "G"))), LR36_SNP1 = structure(c(0, 7, 0, 0, 
    4, 438, 2, 0), dim = c(4L, 2L), dimnames = list(c("-1", "0", 
    "1", "2"), c("A", "T"))), LR40_SNP1 = structure(c(0, 0, 1, 
    0, 0, 4, 707, 0, 0, 0, 0, 0), dim = 4:3, dimnames = list(
        c("-2", "-1", "0", "1"), c("A", "C", "T"))), LR44_SNP1 = structure(c(0, 
    0, 11, 588, 3, 0, 3, 1, 17, 647, 2, 0), dim = c(6L, 2L), dimnames = list(
        c("-3", "-2", "-1", "0", "1", "2"), c("C", "T"))), LR46_SNP1 = structure(c(1, 
    376, 0, 4, 389, 0), dim = 3:2, dimnames = list(c("-1", "0", 
    "1"), c("G", "T"))), LR48_SNP1 = structure(c(0, 0, 14, 1, 
    1, 6, 720, 1), dim = c(4L, 2L), dimnames = list(c("-2", "-1", 
    "0", "1"), c("C", "T"))), LR49_SNP1 = structure(c(3, 789, 
    0, 3), dim = c(2L, 2L), dimnames = list(c("-1", "0"), c("A", 
    "G"))), LR52_SNP1 = structure(c(0, 0, 0, 0, 0, 0, 0, 0, 0, 
    0, 0, 0, 0, 0, 31, 803, 5, 0, 1, 0, 0, 2, 0, 0), dim = c(6L, 
    4L), dimnames = list(c("-3", "-2", "-1", "0", "1", "2"), 
        c("-", "A", "C", "T"))))
