Result <-
list(DEPDC2_SNP1 = structure(c(0, 1, 0, 1, 877, 2), dim = 3:2, dimnames = list(
    c("-1", "0", "1"), c("C", "T"))), GM01_SNP1 = structure(c(2, 
521, 0, 0, 1, 556, 0, 0), dim = c(4L, 2L), dimnames = list(c("-1", 
"0", "1", "2"), c("A", "G"))), GM07_SNP1 = structure(c(0, 0, 
0, 0, 0, 10, 549, 4, 0, 0, 0, 0), dim = 4:3, dimnames = list(
    c("-2", "-1", "0", "1"), c("-", "A", "G"))), GM09_SNP1 = structure(c(1, 
517, 0, 0, 446, 0, 0, 0, 0), dim = c(3L, 3L), dimnames = list(
    c("-1", "0", "1"), c("A", "G", "T"))), GM11_SNP1 = structure(c(0, 
0, 1, 0, 0, 0, 725, 0), dim = c(4L, 2L), dimnames = list(c("-2", 
"-1", "0", "1"), c("A", "G"))), GM14_SNP1 = structure(c(0, 0, 
294, 1, 0, 1, 274, 0), dim = c(4L, 2L), dimnames = list(c("-2", 
"-1", "0", "1"), c("C", "T"))), GM17_SNP1 = structure(c(0, 0, 
354, 0, 0, 1, 367, 0), dim = c(4L, 2L), dimnames = list(c("-2", 
"-1", "0", "1"), c("C", "T"))), GM22_SNP1 = structure(c(0, 2, 
799, 1, 0, 0, 0, 0, 0, 0, 0, 0), dim = 4:3, dimnames = list(c("-2", 
"-1", "0", "1"), c("A", "G", "T"))), GM26_SNP1 = structure(c(0, 
390, 0, 0, 0, 387, 0, 0), dim = c(4L, 2L), dimnames = list(c("-1", 
"0", "1", "2"), c("A", "G"))), GM29_SNP1 = structure(c(4, 349, 
0, 1, 322, 0), dim = 3:2, dimnames = list(c("-1", "0", "1"), 
    c("A", "G"))), IM16_SNP1 = structure(c(0, 0, 0, 0, 1, 275, 
1, 0, 0, 303, 1, 0), dim = 4:3, dimnames = list(c("-1", "0", 
"1", "2"), c("-", "A", "G"))), IM49_SNP1 = structure(c(1, 352, 
3, 0, 2, 343, 0, 0), dim = c(4L, 2L), dimnames = list(c("-1", 
"0", "1", "2"), c("C", "G"))), LR10_SNP1 = structure(c(0, 3, 
429, 0, 0, 0, 0, 0, 0, 0, 0, 1, 430, 0, 0), dim = c(5L, 3L), dimnames = list(
    c("-2", "-1", "0", "1", "2"), c("C", "G", "T"))), LR11_SNP1 = structure(c(0, 
0, 2, 0, 0, 3, 730, 0), dim = c(4L, 2L), dimnames = list(c("-2", 
"-1", "0", "1"), c("A", "C"))), LR17_SNP1 = structure(c(0, 5, 
554, 1, 0, 0, 0, 0, 0, 0), dim = c(5L, 2L), dimnames = list(c("-2", 
"-1", "0", "1", "2"), c("A", "G"))), LR20_SNP1 = structure(c(0, 
1, 0, 0, 783, 0), dim = 3:2, dimnames = list(c("-1", "0", "1"
), c("A", "G"))), LR24_SNP1 = structure(c(0, 0, 0, 0, 0, 0, 1, 
0, 0, 0, 0, 0, 1, 1, 1213, 1), dim = c(4L, 4L), dimnames = list(
    c("-2", "-1", "0", "1"), c("-", "A", "C", "G"))), LR36_SNP1 = structure(c(0, 
0, 0, 1, 0, 0, 0, 1, 1, 312, 1, 0), dim = c(6L, 2L), dimnames = list(
    c("-3", "-2", "-1", "0", "1", "2"), c("A", "T"))), LR40_SNP1 = structure(c(0, 
1, 0, 2, 444, 0, 0, 0, 0), dim = c(3L, 3L), dimnames = list(c("-1", 
"0", "1"), c("A", "C", "G"))), LR44_SNP1 = structure(c(0, 0, 
0, 0, 0, 0, 0, 0, 11, 481, 1, 0, 0, 0, 8, 459, 3, 0), dim = c(6L, 
3L), dimnames = list(c("-3", "-2", "-1", "0", "1", "2"), c("A", 
"C", "T"))), LR46_SNP1 = structure(c(0, 0, 0, 0, 1, 545, 1, 0
), dim = c(4L, 2L), dimnames = list(c("-1", "0", "1", "2"), c("G", 
"T"))), LR48_SNP1 = structure(c(0, 1, 241, 0, 0, 0, 2, 245, 1, 
0), dim = c(5L, 2L), dimnames = list(c("-2", "-1", "0", "1", 
"2"), c("C", "T"))), LR49_SNP1 = structure(c(0, 0, 1, 655), dim = c(2L, 
2L), dimnames = list(c("-1", "0"), c("A", "G"))), LR52_SNP1 = structure(c(2, 
17, 597, 4, 0, 0, 0, 2, 0, 0), dim = c(5L, 2L), dimnames = list(
    c("-2", "-1", "0", "1", "2"), c("C", "T"))))
