Result <-
list(DEPDC2_SNP1 = structure(c(2, 291, 0, 0, 341, 2), dim = 3:2, dimnames = list(
    c("-1", "0", "1"), c("C", "T"))), GM01_SNP1 = structure(c(8, 
585, 1, 0, 0, 5, 0, 0), dim = c(4L, 2L), dimnames = list(c("-1", 
"0", "1", "2"), c("A", "G"))), GM07_SNP1 = structure(c(0, 0, 
0, 0, 0, 0, 0, 13, 199, 1, 0, 0, 1, 5, 189, 0, 0, 0, 0, 0, 0, 
0, 0, 0), dim = c(6L, 4L), dimnames = list(c("-2", "-1", "0", 
"1", "2", "3"), c("-", "A", "G", "T"))), GM09_SNP1 = structure(c(0, 
1, 0, 2, 575, 0), dim = 3:2, dimnames = list(c("-1", "0", "1"
), c("A", "G"))), GM11_SNP1 = structure(c(0, 6, 0, 0, 2, 486, 
0, 0), dim = c(4L, 2L), dimnames = list(c("-1", "0", "1", "2"
), c("A", "G"))), GM14_SNP1 = structure(c(0, 0, 0, 3, 0, 0, 0, 
5, 262, 0), dim = c(5L, 2L), dimnames = list(c("-3", "-2", "-1", 
"0", "1"), c("C", "T"))), GM17_SNP1 = structure(c(0, 224, 0, 
0, 183, 0), dim = 3:2, dimnames = list(c("-1", "0", "1"), c("C", 
"T"))), GM22_SNP1 = structure(c(0, 1, 452, 0), dim = c(4L, 1L
), dimnames = list(c("-2", "-1", "0", "1"), "A")), GM26_SNP1 = structure(c(1, 
232, 0, 0, 230, 2), dim = 3:2, dimnames = list(c("-1", "0", "1"
), c("A", "G"))), GM29_SNP1 = structure(c(0, 2, 433, 1, 0, 0, 
2, 0), dim = c(4L, 2L), dimnames = list(c("-2", "-1", "0", "1"
), c("A", "G"))), IM16_SNP1 = structure(c(2, 208, 0, 2, 213, 
1, 0, 0, 0), dim = c(3L, 3L), dimnames = list(c("-1", "0", "1"
), c("A", "G", "T"))), IM49_SNP1 = structure(c(0, 0, 0, 0, 0, 
0, 0, 0, 8, 270, 0, 0, 0, 0, 10, 249, 2, 0), dim = c(6L, 3L), dimnames = list(
    c("-3", "-2", "-1", "0", "1", "2"), c("-", "C", "G"))), LR10_SNP1 = structure(c(0, 
0, 0, 0, 0, 0, 0, 4, 0, 0, 0, 0, 366, 1, 0), dim = c(5L, 3L), dimnames = list(
    c("-2", "-1", "0", "1", "2"), c("A", "C", "T"))), LR11_SNP1 = structure(c(0, 
0, 0, 0, 0, 3, 235, 0, 0, 1, 226, 1, 0, 0, 0, 0), dim = c(4L, 
4L), dimnames = list(c("-2", "-1", "0", "1"), c("-", "A", "C", 
"T"))), LR17_SNP1 = structure(c(0, 2, 75, 0), dim = c(4L, 1L), dimnames = list(
    c("-2", "-1", "0", "1"), "A")), LR20_SNP1 = structure(c(0, 
0, 0, 0, 0, 8, 599, 0, 0, 0, 4, 0), dim = 4:3, dimnames = list(
    c("-2", "-1", "0", "1"), c("-", "A", "G"))), LR24_SNP1 = structure(c(0, 
3, 447, 0, 0, 9, 495, 0), dim = c(4L, 2L), dimnames = list(c("-2", 
"-1", "0", "1"), c("A", "G"))), LR36_SNP1 = structure(c(0, 1, 
112, 1, 0, 1, 93, 0), dim = c(4L, 2L), dimnames = list(c("-2", 
"-1", "0", "1"), c("A", "T"))), LR40_SNP1 = structure(c(0, 3, 
0, 1, 138, 0), dim = 3:2, dimnames = list(c("-1", "0", "1"), 
    c("A", "C"))), LR44_SNP1 = structure(c(0, 0, 6, 0, 0, 3, 
63, 539, 1, 0), dim = c(5L, 2L), dimnames = list(c("-2", "-1", 
"0", "1", "2"), c("C", "T"))), LR46_SNP1 = structure(c(1, 145, 
0, 0, 154, 0), dim = 3:2, dimnames = list(c("-1", "0", "1"), 
    c("G", "T"))), LR48_SNP1 = structure(c(1, 14, 366, 0, 0, 
0, 0, 0, 0, 0), dim = c(5L, 2L), dimnames = list(c("-2", "-1", 
"0", "1", "2"), c("C", "T"))), LR49_SNP1 = structure(c(10, 290, 
0, 0, 3, 0, 0, 0, 0), dim = c(3L, 3L), dimnames = list(c("-1", 
"0", "1"), c("A", "G", "T"))), LR52_SNP1 = structure(c(0, 1, 
0, 0, 0, 0, 0, 34, 348, 8), dim = c(5L, 2L), dimnames = list(
    c("-3", "-2", "-1", "0", "1"), c("C", "T"))))
