Result <-
list(DEPDC2_SNP1 = structure(c(0, 333, 0, 3, 380, 1), dim = 3:2, dimnames = list(
    c("-1", "0", "1"), c("C", "T"))), GM01_SNP1 = structure(c(1, 
723, 0, 0, 21, 0, 0, 0, 0), dim = c(3L, 3L), dimnames = list(
    c("-1", "0", "1"), c("A", "G", "T"))), GM07_SNP1 = structure(c(0, 
0, 0, 0, 0, 0, 2, 230, 2, 0, 0, 2, 201, 4, 1), dim = c(5L, 3L
), dimnames = list(c("-2", "-1", "0", "1", "2"), c("-", "A", 
"G"))), GM09_SNP1 = structure(c(2, 314, 0, 1, 322, 0, 0, 1, 0
), dim = c(3L, 3L), dimnames = list(c("-1", "0", "1"), c("A", 
"G", "T"))), GM11_SNP1 = structure(c(1, 354, 2, 0, 321, 1, 0, 
0, 0), dim = c(3L, 3L), dimnames = list(c("-1", "0", "1"), c("A", 
"G", "T"))), GM14_SNP1 = structure(c(0, 4, 182, 0, 0, 1, 197, 
0), dim = c(4L, 2L), dimnames = list(c("-2", "-1", "0", "1"), 
    c("C", "T"))), GM17_SNP1 = structure(c(0, 1, 271, 1, 0, 0, 
1, 251, 0, 0), dim = c(5L, 2L), dimnames = list(c("-2", "-1", 
"0", "1", "2"), c("C", "T"))), GM22_SNP1 = structure(c(0, 1, 
277, 0, 0, 0, 1, 277, 1, 0), dim = c(5L, 2L), dimnames = list(
    c("-2", "-1", "0", "1", "2"), c("A", "G"))), GM26_SNP1 = structure(c(0, 
0, 446, 0, 0, 0, 4, 0), dim = c(4L, 2L), dimnames = list(c("-2", 
"-1", "0", "1"), c("A", "G"))), GM29_SNP1 = structure(c(0, 1, 
437, 0, 0, 0, 2, 0, 0, 0, 0, 0), dim = 4:3, dimnames = list(c("-2", 
"-1", "0", "1"), c("A", "G", "T"))), IM16_SNP1 = structure(c(0, 
0, 288, 1, 0, 0, 0, 0, 0, 0, 0, 1, 322, 3, 0, 0, 0, 0, 0, 0), dim = 5:4, dimnames = list(
    c("-2", "-1", "0", "1", "2"), c("A", "C", "G", "T"))), IM49_SNP1 = structure(c(0, 
4, 658, 4, 0, 0, 0, 9, 0, 0), dim = c(5L, 2L), dimnames = list(
    c("-2", "-1", "0", "1", "2"), c("C", "G"))), LR10_SNP1 = structure(c(0, 
0, 0, 0, 7, 0, 3, 495, 2), dim = c(3L, 3L), dimnames = list(c("-1", 
"0", "1"), c("A", "C", "T"))), LR11_SNP1 = structure(c(0, 0, 
0, 0, 0, 0, 0, 0, 6, 456, 0, 1, 0, 0, 0, 0, 0, 0), dim = c(6L, 
3L), dimnames = list(c("-3", "-2", "-1", "0", "1", "2"), c("A", 
"C", "T"))), LR17_SNP1 = structure(c(0, 0, 0, 340, 2, 0, 0, 0, 
0, 0, 0, 0), dim = c(6L, 2L), dimnames = list(c("-3", "-2", "-1", 
"0", "1", "2"), c("A", "G"))), LR20_SNP1 = structure(c(0, 296, 
0, 0, 280, 0), dim = 3:2, dimnames = list(c("-1", "0", "1"), 
    c("A", "G"))), LR24_SNP1 = structure(c(0, 7, 0, 0, 685, 0
), dim = 3:2, dimnames = list(c("-1", "0", "1"), c("A", "G"))), 
    LR36_SNP1 = structure(c(0, 2, 0, 203, 0, 0, 0, 0, 0, 0, 0, 
    0, 2, 186, 0), dim = c(5L, 3L), dimnames = list(c("-3", "-2", 
    "-1", "0", "1"), c("A", "C", "T"))), LR40_SNP1 = structure(c(0, 
    0, 0, 0, 1, 2, 610, 1), dim = c(4L, 2L), dimnames = list(
        c("-2", "-1", "0", "1"), c("A", "C"))), LR44_SNP1 = structure(c(0, 
    0, 0, 0, 0, 0, 19, 644, 1, 0, 0, 0, 0, 0, 0, 0, 1, 13, 0, 
    0), dim = 5:4, dimnames = list(c("-2", "-1", "0", "1", "2"
    ), c("-", "C", "G", "T"))), LR46_SNP1 = structure(c(0, 5, 
    0, 0, 339, 2), dim = 3:2, dimnames = list(c("-1", "0", "1"
    ), c("G", "T"))), LR48_SNP1 = structure(c(0, 0, 0, 2, 193, 
    0, 2, 211, 0), dim = c(3L, 3L), dimnames = list(c("-1", "0", 
    "1"), c("A", "C", "T"))), LR49_SNP1 = structure(c(0, 4, 0, 
    263), dim = c(2L, 2L), dimnames = list(c("-1", "0"), c("A", 
    "G"))), LR52_SNP1 = structure(c(0, 1, 14, 400, 3, 0, 0, 0, 
    5, 0), dim = c(5L, 2L), dimnames = list(c("-3", "-2", "-1", 
    "0", "1"), c("C", "T"))))
