Result <-
list(DEPDC2_SNP1 = structure(c(0, 0, 0, 2, 243, 0, 0, 293, 2), dim = c(3L, 
3L), dimnames = list(c("-1", "0", "1"), c("A", "C", "T"))), GM01_SNP1 = structure(c(0, 
4, 554, 2, 0, 0, 15, 0), dim = c(4L, 2L), dimnames = list(c("-2", 
"-1", "0", "1"), c("A", "G"))), GM07_SNP1 = structure(c(0, 0, 
0, 0, 0, 0, 6, 185, 3, 0, 0, 3, 156, 1, 0, 0, 0, 0, 0, 0), dim = 5:4, dimnames = list(
    c("-2", "-1", "0", "1", "2"), c("-", "A", "G", "T"))), GM09_SNP1 = structure(c(0, 
238, 0, 1, 230, 0), dim = 3:2, dimnames = list(c("-1", "0", "1"
), c("A", "G"))), GM11_SNP1 = structure(c(1, 2, 419, 0, 0, 0, 
14, 0), dim = c(4L, 2L), dimnames = list(c("-2", "-1", "0", "1"
), c("A", "G"))), GM14_SNP1 = structure(c(0, 12, 0, 3, 248, 1
), dim = 3:2, dimnames = list(c("-1", "0", "1"), c("C", "T"))), 
    GM17_SNP1 = structure(c(0, 2, 380, 0, 0, 0, 17, 0), dim = c(4L, 
    2L), dimnames = list(c("-2", "-1", "0", "1"), c("C", "T"))), 
    GM22_SNP1 = structure(c(0, 33, 0, 0, 390, 0, 0, 0, 0), dim = c(3L, 
    3L), dimnames = list(c("-1", "0", "1"), c("A", "G", "T"))), 
    GM26_SNP1 = structure(c(0, 0, 315, 0, 0, 0, 7, 0), dim = c(4L, 
    2L), dimnames = list(c("-2", "-1", "0", "1"), c("A", "G"))), 
    GM29_SNP1 = structure(c(0, 1, 315, 0, 0, 0, 4, 0, 0, 0, 0, 
    0), dim = 4:3, dimnames = list(c("-2", "-1", "0", "1"), c("A", 
    "G", "T"))), IM16_SNP1 = structure(c(0, 170, 0, 2, 212, 0
    ), dim = 3:2, dimnames = list(c("-1", "0", "1"), c("A", "G"
    ))), IM49_SNP1 = structure(c(0, 0, 0, 0, 0, 0, 2, 11, 0, 
    0, 0, 2, 304, 1, 0), dim = c(5L, 3L), dimnames = list(c("-2", 
    "-1", "0", "1", "2"), c("A", "C", "G"))), LR10_SNP1 = structure(c(0, 
    0, 0, 0, 0, 0, 167, 0, 0, 2, 180, 1), dim = 4:3, dimnames = list(
        c("-3", "-1", "0", "1"), c("-", "C", "T"))), LR11_SNP1 = structure(c(0, 
    0, 0, 0, 0, 0, 218, 1, 0, 1, 164, 0, 0, 0, 0, 0), dim = c(4L, 
    4L), dimnames = list(c("-2", "-1", "0", "1"), c("-", "A", 
    "C", "G"))), LR17_SNP1 = structure(c(2, 4, 220, 5, 0, 0, 
    0, 0, 0, 0, 0, 0), dim = c(6L, 2L), dimnames = list(c("-2", 
    "-1", "0", "1", "2", "3"), c("A", "G"))), LR20_SNP1 = structure(c(0, 
    212, 0, 2, 190, 0, 0, 1, 0), dim = c(3L, 3L), dimnames = list(
        c("-1", "0", "1"), c("A", "G", "T"))), LR24_SNP1 = structure(c(0, 
    2, 282, 1, 0, 3, 297, 0), dim = c(4L, 2L), dimnames = list(
        c("-2", "-1", "0", "1"), c("A", "G"))), LR36_SNP1 = structure(c(0, 
    0, 0, 4, 0, 0, 0, 1, 282, 1), dim = c(5L, 2L), dimnames = list(
        c("-3", "-2", "-1", "0", "1"), c("A", "T"))), LR40_SNP1 = structure(c(0, 
    0, 0, 0, 2, 403, 1, 0, 0, 0, 0, 0), dim = 4:3, dimnames = list(
        c("-1", "0", "1", "2"), c("A", "C", "G"))), LR44_SNP1 = structure(c(0, 
    0, 0, 1, 0, 0, 11, 255, 1, 0, 2, 9, 198, 2, 0), dim = c(5L, 
    3L), dimnames = list(c("-2", "-1", "0", "1", "2"), c("-", 
    "C", "T"))), LR46_SNP1 = structure(c(0, 0, 0, 0, 0, 0, 0, 
    292, 1, 0, 17, 0), dim = 3:4, dimnames = list(c("-1", "0", 
    "1"), c("A", "C", "G", "T"))), LR48_SNP1 = structure(c(0, 
    0, 1, 0, 0, 3, 224, 1, 0, 0, 4, 0), dim = 4:3, dimnames = list(
        c("-2", "-1", "0", "1"), c("A", "C", "T"))), LR49_SNP1 = structure(c(1, 
    10, 0, 0, 1, 438), dim = 2:3, dimnames = list(c("-1", "0"
    ), c("A", "C", "G"))), LR52_SNP1 = structure(c(0, 0, 0, 0, 
    0, 0, 0, 0, 0, 0, 0, 1, 14, 292, 2, 0, 0, 1, 10, 0), dim = 5:4, dimnames = list(
        c("-3", "-2", "-1", "0", "1"), c("-", "A", "C", "T"))))
