Result <-
list(DEPDC2_SNP1 = structure(c(0, 0, 0, 3, 807, 1, 0, 0, 0, 0, 
1, 0), dim = 3:4, dimnames = list(c("-1", "0", "1"), c("A", "C", 
"G", "T"))), GM01_SNP1 = structure(c(0, 1, 434, 0, 0, 1, 423, 
0), dim = c(4L, 2L), dimnames = list(c("-2", "-1", "0", "1"), 
    c("A", "G"))), GM07_SNP1 = structure(c(0, 0, 0, 0, 0, 0, 
0, 8, 548, 3, 0, 0, 0, 0, 0, 0, 0, 0, 0, 0, 3, 0, 0, 0), dim = c(6L, 
4L), dimnames = list(c("-2", "-1", "0", "1", "2", "3"), c("-", 
"A", "C", "G"))), GM09_SNP1 = structure(c(2, 393, 0, 1, 331, 
0), dim = 3:2, dimnames = list(c("-1", "0", "1"), c("A", "G"))), 
    GM11_SNP1 = structure(c(0, 289, 0, 1, 370, 0, 0, 0, 0), dim = c(3L, 
    3L), dimnames = list(c("-1", "0", "1"), c("A", "G", "T"))), 
    GM14_SNP1 = structure(c(0, 4, 387, 0, 0, 0, 2, 0), dim = c(4L, 
    2L), dimnames = list(c("-2", "-1", "0", "1"), c("C", "T"))), 
    GM17_SNP1 = structure(c(0, 300, 0, 0, 269, 0), dim = 3:2, dimnames = list(
        c("-1", "0", "1"), c("C", "T"))), GM22_SNP1 = structure(c(0, 
    0, 352, 0, 0, 1, 264, 0), dim = c(4L, 2L), dimnames = list(
        c("-2", "-1", "0", "1"), c("A", "G"))), GM26_SNP1 = structure(c(0, 
    0, 265, 0, 0, 1, 257, 1), dim = c(4L, 2L), dimnames = list(
        c("-2", "-1", "0", "1"), c("A", "G"))), GM29_SNP1 = structure(c(0, 
    0, 255, 0, 0, 0, 253, 0), dim = c(4L, 2L), dimnames = list(
        c("-2", "-1", "0", "1"), c("A", "G"))), IM16_SNP1 = structure(c(1, 
    282, 0, 1, 327, 1), dim = 3:2, dimnames = list(c("-1", "0", 
    "1"), c("A", "G"))), IM49_SNP1 = structure(c(0, 1, 7, 547, 
    3, 0, 0, 0, 3, 0), dim = c(5L, 2L), dimnames = list(c("-3", 
    "-2", "-1", "0", "1"), c("C", "G"))), LR10_SNP1 = structure(c(2, 
    297, 0, 2, 251, 0), dim = 3:2, dimnames = list(c("-1", "0", 
    "1"), c("C", "T"))), LR11_SNP1 = structure(c(0, 3, 323, 0, 
    0, 0, 0, 281, 1, 0, 0, 0, 0, 0, 0, 0, 0, 0, 0, 0), dim = 5:4, dimnames = list(
        c("-2", "-1", "0", "1", "2"), c("A", "C", "G", "T"))), 
    LR17_SNP1 = structure(c(0, 3, 350, 1, 0, 0, 0, 0, 0, 0, 0, 
    0, 0, 0, 0), dim = c(5L, 3L), dimnames = list(c("-2", "-1", 
    "0", "1", "2"), c("A", "G", "T"))), LR20_SNP1 = structure(c(0, 
    0, 0, 0, 684, 2, 0, 1, 0), dim = c(3L, 3L), dimnames = list(
        c("-1", "0", "1"), c("-", "A", "G"))), LR24_SNP1 = structure(c(0, 
    0, 0, 2, 0, 0, 0, 0, 924, 0, 0, 0, 0, 0, 0), dim = c(5L, 
    3L), dimnames = list(c("-3", "-2", "-1", "0", "1"), c("A", 
    "G", "T"))), LR36_SNP1 = structure(c(0, 0, 4, 0, 0, 0, 0, 
    0, 0, 0, 487, 3), dim = 4:3, dimnames = list(c("-2", "-1", 
    "0", "1"), c("A", "C", "T"))), LR40_SNP1 = structure(c(0, 
    1, 0, 1, 668, 1, 0, 0, 0), dim = c(3L, 3L), dimnames = list(
        c("-1", "0", "1"), c("A", "C", "G"))), LR44_SNP1 = structure(c(0, 
    0, 10, 320, 0, 0, 0, 0, 0, 0, 0, 0, 0, 0, 9, 348, 1, 0), dim = c(6L, 
    3L), dimnames = list(c("-3", "-2", "-1", "0", "1", "2"), 
        c("C", "G", "T"))), LR46_SNP1 = structure(c(0, 0, 230, 
    0, 0, 0, 228, 0), dim = c(4L, 2L), dimnames = list(c("-2", 
    "-1", "0", "1"), c("G", "T"))), LR48_SNP1 = structure(c(0, 
    6, 493, 2, 0, 0, 0, 0), dim = c(4L, 2L), dimnames = list(
        c("-2", "-1", "0", "1"), c("C", "T"))), LR49_SNP1 = structure(c(0, 
    294, 0, 1, 303, 0), dim = 3:2, dimnames = list(c("-1", "0", 
    "1"), c("A", "G"))), LR52_SNP1 = structure(c(0, 8, 198, 0, 
    1, 1, 253, 3), dim = c(4L, 2L), dimnames = list(c("-2", "-1", 
    "0", "1"), c("C", "T"))))
