Result <-
list(DEPDC2_SNP1 = structure(c(0, 0, 0, 0, 0, 0, 0, 2, 0, 0, 
0, 1, 860, 0, 0), dim = c(5L, 3L), dimnames = list(c("-2", "-1", 
"0", "1", "2"), c("A", "C", "T"))), GM01_SNP1 = structure(c(1, 
843, 0, 0, 6, 0), dim = 3:2, dimnames = list(c("-1", "0", "1"
), c("A", "G"))), GM07_SNP1 = structure(c(0, 6, 277, 1, 0, 0, 
4, 266, 0, 0), dim = c(5L, 2L), dimnames = list(c("-2", "-1", 
"0", "1", "2"), c("A", "G"))), GM09_SNP1 = structure(c(3, 354, 
0, 0, 340, 0), dim = 3:2, dimnames = list(c("-1", "0", "1"), 
    c("A", "G"))), GM11_SNP1 = structure(c(1, 10, 0, 0, 642, 
0, 0, 0, 0), dim = c(3L, 3L), dimnames = list(c("-1", "0", "1"
), c("A", "G", "T"))), GM14_SNP1 = structure(c(0, 0, 1, 362, 
0, 0, 0, 0, 1, 0), dim = c(5L, 2L), dimnames = list(c("-3", "-2", 
"-1", "0", "1"), c("C", "T"))), GM17_SNP1 = structure(c(0, 0, 
0, 3, 610, 0, 1, 6, 0), dim = c(3L, 3L), dimnames = list(c("-1", 
"0", "1"), c("A", "C", "T"))), GM22_SNP1 = structure(c(1, 637, 
1, 0, 3, 0), dim = 3:2, dimnames = list(c("-1", "0", "1"), c("A", 
"G"))), GM26_SNP1 = structure(c(0, 2, 223, 0, 0, 0, 238, 0), dim = c(4L, 
2L), dimnames = list(c("-4", "-1", "0", "1"), c("A", "G"))), 
    GM29_SNP1 = structure(c(0, 0, 273, 0, 0, 0, 230, 0), dim = c(4L, 
    2L), dimnames = list(c("-2", "-1", "0", "1"), c("A", "G"))), 
    IM16_SNP1 = structure(c(0, 1, 292, 1, 0, 0, 2, 315, 2, 0), dim = c(5L, 
    2L), dimnames = list(c("-2", "-1", "0", "1", "2"), c("A", 
    "G"))), IM49_SNP1 = structure(c(0, 0, 0, 0, 0, 0, 6, 290, 
    5, 0, 1, 4, 237, 2, 0), dim = c(5L, 3L), dimnames = list(
        c("-2", "-1", "0", "1", "2"), c("A", "C", "G"))), LR10_SNP1 = structure(c(0, 
    0, 0, 0, 0, 3, 303, 1, 0, 1, 276, 0), dim = 4:3, dimnames = list(
        c("-3", "-1", "0", "1"), c("A", "C", "T"))), LR11_SNP1 = structure(c(0, 
    0, 2, 0, 0, 0, 4, 536, 1, 1), dim = c(5L, 2L), dimnames = list(
        c("-2", "-1", "0", "1", "2"), c("A", "C"))), LR17_SNP1 = structure(c(2, 
    354, 0, 0, 0, 0), dim = 3:2, dimnames = list(c("-1", "0", 
    "1"), c("A", "G"))), LR20_SNP1 = structure(c(0, 0, 0, 0, 
    0, 0, 675, 0, 0, 0, 6, 0), dim = 4:3, dimnames = list(c("-3", 
    "-1", "0", "1"), c("-", "A", "G"))), LR24_SNP1 = structure(c(0, 
    471, 2, 0, 459, 0), dim = 3:2, dimnames = list(c("-1", "0", 
    "1"), c("A", "G"))), LR36_SNP1 = structure(c(0, 0, 2, 0, 
    0, 1, 430, 1), dim = c(4L, 2L), dimnames = list(c("-2", "-1", 
    "0", "1"), c("A", "T"))), LR40_SNP1 = structure(c(0, 1, 0, 
    1, 631, 0), dim = 3:2, dimnames = list(c("-1", "0", "1"), 
        c("A", "C"))), LR44_SNP1 = structure(c(0, 0, 0, 1, 0, 
    0, 0, 1, 8, 330, 1, 0, 0, 0, 3, 346, 1, 0), dim = c(6L, 3L
    ), dimnames = list(c("-3", "-2", "-1", "0", "1", "2"), c("A", 
    "C", "T"))), LR46_SNP1 = structure(c(1, 252, 0, 0, 269, 0
    ), dim = 3:2, dimnames = list(c("-1", "0", "1"), c("G", "T"
    ))), LR48_SNP1 = structure(c(0, 0, 0, 0, 0, 0, 4, 417, 2, 
    0, 0, 0, 5, 0, 0), dim = c(5L, 3L), dimnames = list(c("-2", 
    "-1", "0", "1", "2"), c("A", "C", "T"))), LR49_SNP1 = structure(c(0, 
    279, 0, 0, 319, 0, 0, 0, 0), dim = c(3L, 3L), dimnames = list(
        c("-1", "0", "1"), c("A", "G", "T"))), LR52_SNP1 = structure(c(0, 
    0, 0, 1, 1, 0, 0, 0, 0, 0, 9, 471, 7, 0), dim = c(7L, 2L), dimnames = list(
        c("-4", "-3", "-2", "-1", "0", "1", "2"), c("C", "T"))))
