Result <-
list(DEPDC2_SNP1 = structure(c(0, 0, 0, 0, 0, 2, 0, 0, 1, 962, 
2, 0), dim = 4:3, dimnames = list(c("-1", "0", "1", "2"), c("A", 
"C", "T"))), GM01_SNP1 = structure(c(0, 0, 0, 0, 0, 6, 1065, 
0, 0, 0, 2, 0), dim = 4:3, dimnames = list(c("-2", "-1", "0", 
"1"), c("-", "A", "G"))), GM07_SNP1 = structure(c(0, 0, 0, 0, 
0, 6, 344, 1, 0, 8, 333, 1, 0, 0, 0, 0), dim = c(4L, 4L), dimnames = list(
    c("-2", "-1", "0", "1"), c("-", "A", "G", "T"))), GM09_SNP1 = structure(c(0, 
443, 1, 0, 409, 0, 0, 0, 0), dim = c(3L, 3L), dimnames = list(
    c("-1", "0", "1"), c("A", "G", "T"))), GM11_SNP1 = structure(c(0, 
410, 0, 0, 0, 430, 1, 0), dim = c(4L, 2L), dimnames = list(c("-1", 
"0", "1", "2"), c("A", "G"))), GM14_SNP1 = structure(c(0, 2, 
243, 0, 0, 1, 263, 0), dim = c(4L, 2L), dimnames = list(c("-2", 
"-1", "0", "1"), c("C", "T"))), GM17_SNP1 = structure(c(0, 0, 
0, 0, 0, 3, 745, 0, 0, 0, 4, 0), dim = 4:3, dimnames = list(c("-2", 
"-1", "0", "1"), c("A", "C", "T"))), GM22_SNP1 = structure(c(0, 
2, 471, 0, 0, 1, 355, 0, 0, 0, 0, 0), dim = 4:3, dimnames = list(
    c("-2", "-1", "0", "1"), c("A", "G", "T"))), GM26_SNP1 = structure(c(0, 
647, 0, 0, 2, 0), dim = 3:2, dimnames = list(c("-1", "0", "1"
), c("A", "G"))), GM29_SNP1 = structure(c(0, 2, 631, 0, 0, 0, 
0, 0), dim = c(4L, 2L), dimnames = list(c("-2", "-1", "0", "1"
), c("A", "G"))), IM16_SNP1 = structure(c(2, 804, 3, 0, 1, 0, 
0, 0, 0), dim = c(3L, 3L), dimnames = list(c("-1", "0", "1"), 
    c("A", "G", "T"))), IM49_SNP1 = structure(c(0, 0, 4, 0, 0, 
5, 661, 6), dim = c(4L, 2L), dimnames = list(c("-2", "-1", "0", 
"1"), c("C", "G"))), LR10_SNP1 = structure(c(0, 3, 373, 0, 0, 
0, 1, 320, 0, 0), dim = c(5L, 2L), dimnames = list(c("-2", "-1", 
"0", "1", "2"), c("C", "T"))), LR11_SNP1 = structure(c(0, 0, 
3, 0, 0, 0, 4, 656, 1, 0, 0, 0, 0, 0, 0), dim = c(5L, 3L), dimnames = list(
    c("-2", "-1", "0", "1", "2"), c("A", "C", "T"))), LR17_SNP1 = structure(c(1, 
2, 473, 1, 0, 0, 0, 0, 0, 0, 0, 0), dim = 4:3, dimnames = list(
    c("-2", "-1", "0", "1"), c("A", "G", "T"))), LR20_SNP1 = structure(c(0, 
0, 368, 0, 0, 1, 370, 0), dim = c(4L, 2L), dimnames = list(c("-2", 
"-1", "0", "1"), c("A", "G"))), LR24_SNP1 = structure(c(0, 0, 
0, 0, 0, 0, 459, 0, 0, 0, 462, 0), dim = 4:3, dimnames = list(
    c("-2", "-1", "0", "1"), c("-", "A", "G"))), LR36_SNP1 = structure(c(0, 
2, 301, 2, 0, 0, 0, 0, 0, 3, 290, 0), dim = 4:3, dimnames = list(
    c("-2", "-1", "0", "1"), c("A", "G", "T"))), LR40_SNP1 = structure(c(0, 
2, 0, 1, 784, 0, 0, 0, 0), dim = c(3L, 3L), dimnames = list(c("-1", 
"0", "1"), c("A", "C", "T"))), LR44_SNP1 = structure(c(1, 1, 
12, 386, 2, 0, 0, 1, 6, 425, 4, 0), dim = c(6L, 2L), dimnames = list(
    c("-3", "-2", "-1", "0", "1", "2"), c("C", "T"))), LR46_SNP1 = structure(c(0, 
225, 0, 0, 241, 0), dim = 3:2, dimnames = list(c("-1", "0", "1"
), c("G", "T"))), LR48_SNP1 = structure(c(0, 0, 1, 0, 0, 0, 0, 
0, 0, 7, 642, 1), dim = 4:3, dimnames = list(c("-2", "-1", "0", 
"1"), c("C", "G", "T"))), LR49_SNP1 = structure(c(0, 3, 0, 1, 
524, 2), dim = 3:2, dimnames = list(c("-1", "0", "1"), c("A", 
"G"))), LR52_SNP1 = structure(c(0, 1, 15, 267, 4, 0, 0, 4, 323, 
3), dim = c(5L, 2L), dimnames = list(c("-3", "-2", "-1", "0", 
"1"), c("C", "T"))))
