Result <-
list(DEPDC2_SNP1 = structure(c(0, 0, 242, 0, 0, 0, 321, 0), dim = c(4L, 
2L), dimnames = list(c("-2", "-1", "0", "1"), c("C", "T"))), 
    GM01_SNP1 = structure(c(0, 264, 1, 0, 0, 251, 0, 0), dim = c(4L, 
    2L), dimnames = list(c("-1", "0", "1", "3"), c("A", "G"))), 
    GM07_SNP1 = structure(c(0, 0, 0, 0, 0, 1, 2, 180, 0, 1, 0, 
    1, 178, 1, 0, 0, 0, 0, 0, 0), dim = 5:4, dimnames = list(
        c("-2", "-1", "0", "1", "2"), c("-", "A", "G", "T"))), 
    GM09_SNP1 = structure(c(0, 256, 0, 0, 202, 0, 0, 0, 0), dim = c(3L, 
    3L), dimnames = list(c("-1", "0", "1"), c("A", "G", "T"))), 
    GM11_SNP1 = structure(c(0, 220, 0, 1, 241, 0), dim = 3:2, dimnames = list(
        c("-1", "0", "1"), c("A", "G"))), GM14_SNP1 = structure(c(0, 
    2, 252, 1, 0, 0, 4, 0), dim = c(4L, 2L), dimnames = list(
        c("-2", "-1", "0", "1"), c("C", "T"))), GM17_SNP1 = structure(c(0, 
    197, 0, 0, 1, 190, 0, 0), dim = c(4L, 2L), dimnames = list(
        c("-1", "0", "1", "2"), c("C", "T"))), GM22_SNP1 = structure(c(0, 
    0, 459, 1, 0, 0, 0, 3, 0, 0), dim = c(5L, 2L), dimnames = list(
        c("-2", "-1", "0", "1", "2"), c("A", "G"))), GM26_SNP1 = structure(c(1, 
    361, 0, 0, 2, 0), dim = 3:2, dimnames = list(c("-1", "0", 
    "1"), c("A", "G"))), GM29_SNP1 = structure(c(0, 0, 0, 0, 
    0, 0, 209, 0, 0, 0, 193, 0), dim = 4:3, dimnames = list(c("-3", 
    "-1", "0", "1"), c("-", "A", "G"))), IM16_SNP1 = structure(c(1, 
    215, 3, 0, 0, 0, 0, 0, 0, 241, 1, 0), dim = 4:3, dimnames = list(
        c("-1", "0", "1", "2"), c("A", "C", "G"))), IM49_SNP1 = structure(c(0, 
    5, 445, 3, 0, 0, 1, 2, 0, 0), dim = c(5L, 2L), dimnames = list(
        c("-2", "-1", "0", "1", "2"), c("C", "G"))), LR10_SNP1 = structure(c(2, 
    161, 2, 0, 173, 0), dim = 3:2, dimnames = list(c("-1", "0", 
    "1"), c("C", "T"))), LR11_SNP1 = structure(c(0, 1, 373, 1, 
    0, 0, 0, 1, 0, 0, 0, 0, 0, 0, 0), dim = c(5L, 3L), dimnames = list(
        c("-2", "-1", "0", "1", "2"), c("A", "C", "G"))), LR17_SNP1 = structure(c(0, 
    3, 304, 2, 0), dim = c(5L, 1L), dimnames = list(c("-2", "-1", 
    "0", "1", "2"), "A")), LR20_SNP1 = structure(c(0, 479, 0, 
    0, 4, 0), dim = 3:2, dimnames = list(c("-1", "0", "1"), c("A", 
    "G"))), LR24_SNP1 = structure(c(0, 1, 365, 0, 0, 1, 348, 
    1), dim = c(4L, 2L), dimnames = list(c("-2", "-1", "0", "1"
    ), c("A", "G"))), LR36_SNP1 = structure(c(0, 0, 1, 0, 0, 
    0, 0, 0, 0, 0, 0, 0, 0, 0, 0, 0, 0, 321, 0, 0), dim = 5:4, dimnames = list(
        c("-2", "-1", "0", "1", "4"), c("A", "C", "G", "T"))), 
    LR40_SNP1 = structure(c(0, 3, 0, 4, 449, 1), dim = 3:2, dimnames = list(
        c("-1", "0", "1"), c("A", "C"))), LR44_SNP1 = structure(c(0, 
    9, 247, 1, 0, 0, 3, 230, 1, 0), dim = c(5L, 2L), dimnames = list(
        c("-2", "-1", "0", "1", "2"), c("C", "T"))), LR46_SNP1 = structure(c(0, 
    353, 0, 0, 2, 0), dim = 3:2, dimnames = list(c("-1", "0", 
    "1"), c("G", "T"))), LR48_SNP1 = structure(c(0, 2, 138, 1, 
    1, 0, 124, 2), dim = c(4L, 2L), dimnames = list(c("-2", "-1", 
    "0", "1"), c("C", "T"))), LR49_SNP1 = structure(c(1, 224, 
    0, 0, 225, 1), dim = 3:2, dimnames = list(c("-1", "0", "1"
    ), c("A", "G"))), LR52_SNP1 = structure(c(0, 0, 7, 332, 3, 
    0, 0, 0, 0, 4, 0, 0), dim = c(6L, 2L), dimnames = list(c("-3", 
    "-2", "-1", "0", "1", "2"), c("C", "T"))))
