Result <-
list(DEPDC2_SNP1 = structure(c(0, 1, 0, 0, 602, 1, 0, 0, 0, 1, 
660, 0), dim = 3:4, dimnames = list(c("-1", "0", "1"), c("A", 
"C", "G", "T"))), GM01_SNP1 = structure(c(0, 0, 0, 0, 0, 15, 
2097, 1, 0, 0, 2, 0, 0, 0, 0, 0), dim = c(4L, 4L), dimnames = list(
    c("-2", "-1", "0", "1"), c("-", "A", "G", "T"))), GM07_SNP1 = structure(c(0, 
0, 0, 0, 0, 12, 632, 731, 9, 0, 0, 0, 1, 0, 0, 0, 13, 79, 1, 
0), dim = 5:4, dimnames = list(c("-2", "-1", "0", "1", "2"), 
    c("-", "A", "G", "T"))), GM09_SNP1 = structure(c(0, 5, 0, 
44, 206, 6, 0, 0, 0), dim = c(3L, 3L), dimnames = list(c("-1", 
"0", "1"), c("A", "G", "T"))), GM11_SNP1 = structure(c(0, 0, 
2, 0, 0, 0, 23, 1264, 0, 0, 0, 0, 2, 0, 0), dim = c(5L, 3L), dimnames = list(
    c("-2", "-1", "0", "1", "2"), c("A", "G", "T"))), GM14_SNP1 = structure(c(0, 
0, 0, 1, 0, 0, 0, 0, 22, 938, 0, 0, 0, 5, 749, 217, 0, 0), dim = c(6L, 
3L), dimnames = list(c("-3", "-2", "-1", "0", "1", "2"), c("A", 
"C", "T"))), GM17_SNP1 = structure(c(0, 0, 0, 81, 2090, 3, 0, 
1, 0), dim = c(3L, 3L), dimnames = list(c("-1", "0", "1"), c("A", 
"C", "T"))), GM22_SNP1 = structure(c(1, 9, 2504, 4, 0, 0, 0, 
1, 0, 0), dim = c(5L, 2L), dimnames = list(c("-2", "-1", "0", 
"1", "2"), c("A", "G"))), GM26_SNP1 = structure(c(0, 6, 427, 
0, 0, 306, 92, 0), dim = c(4L, 2L), dimnames = list(c("-2", "-1", 
"0", "1"), c("A", "G"))), GM29_SNP1 = structure(c(0, 28, 1362, 
0, 0, 0, 0, 0, 0, 0, 0, 0, 0, 0, 0), dim = c(5L, 3L), dimnames = list(
    c("-2", "-1", "0", "1", "2"), c("A", "G", "T"))), IM16_SNP1 = structure(c(0, 
4, 0, 0, 18, 1348, 3, 0, 0, 0, 0, 0), dim = 4:3, dimnames = list(
    c("-1", "0", "1", "2"), c("A", "G", "T"))), IM49_SNP1 = structure(c(0, 
0, 0, 2, 0, 2, 168, 15, 251, 3, 0, 0, 0, 3, 0), dim = c(5L, 3L
), dimnames = list(c("-3", "-2", "-1", "0", "1"), c("A", "C", 
"G"))), LR10_SNP1 = structure(c(0, 0, 1, 0, 0, 6, 582, 0, 0, 
40, 515, 1), dim = 4:3, dimnames = list(c("-2", "-1", "0", "1"
), c("A", "C", "T"))), LR11_SNP1 = structure(c(0, 0, 0, 0, 0, 
2, 15, 657, 2, 0, 2, 102, 430, 5, 0, 0, 0, 0, 0, 0), dim = 5:4, dimnames = list(
    c("-2", "-1", "0", "1", "2"), c("-", "A", "C", "G"))), LR17_SNP1 = structure(c(12, 
411, 647, 2, 0, 0, 0, 0, 0, 0), dim = c(5L, 2L), dimnames = list(
    c("-2", "-1", "0", "1", "2"), c("A", "G"))), LR20_SNP1 = structure(c(0, 
3, 0, 1, 750, 0), dim = 3:2, dimnames = list(c("-1", "0", "1"
), c("A", "G"))), LR24_SNP1 = structure(c(0, 0, 0, 0, 0, 0, 3, 
0, 0, 3, 1224, 1), dim = 4:3, dimnames = list(c("-3", "-1", "0", 
"1"), c("-", "A", "G"))), LR36_SNP1 = structure(c(0, 0, 0, 0, 
0, 0, 0, 0, 0, 13, 615, 2, 0, 0, 8, 485, 140, 0), dim = c(6L, 
3L), dimnames = list(c("-5", "-3", "-2", "-1", "0", "1"), c("-", 
"A", "T"))), LR40_SNP1 = structure(c(0, 0, 0, 0, 1, 7, 1060, 
4), dim = c(4L, 2L), dimnames = list(c("-3", "-1", "0", "1"), 
    c("A", "C"))), LR44_SNP1 = structure(c(0, 0, 1, 0, 14, 164, 
253, 4), dim = c(4L, 2L), dimnames = list(c("-2", "-1", "0", 
"1"), c("C", "T"))), LR46_SNP1 = structure(c(0, 0, 0, 0, 0, 4, 
1122, 0, 3, 907, 251, 0), dim = 4:3, dimnames = list(c("-2", 
"-1", "0", "1"), c("A", "G", "T"))), LR48_SNP1 = structure(c(0, 
0, 0, 0, 0, 0, 34, 1296, 377, 1, 0, 0, 1, 2, 0), dim = c(5L, 
3L), dimnames = list(c("-3", "-2", "-1", "0", "1"), c("A", "C", 
"T"))), LR49_SNP1 = structure(c(0, 4, 727, 0, 0, 0, 1, 0, 0, 
7, 787, 0, 0, 0, 0, 0), dim = c(4L, 4L), dimnames = list(c("-2", 
"-1", "0", "1"), c("A", "C", "G", "T"))), LR52_SNP1 = structure(c(0, 
0, 0, 0, 0, 0, 0, 0, 0, 2, 1, 0, 1, 11, 555, 60, 729, 12), dim = c(6L, 
3L), dimnames = list(c("-4", "-3", "-2", "-1", "0", "1"), c("A", 
"C", "T"))))
