Result <-
list(DEPDC2_SNP1 = structure(c(0, 479, 1), dim = c(3L, 1L), dimnames = list(
    c("-1", "0", "1"), "T")), GM01_SNP1 = structure(c(0, 3, 991, 
1, 0, 0, 0, 1, 0, 0, 0, 0, 0, 0, 0), dim = c(5L, 3L), dimnames = list(
    c("-2", "-1", "0", "1", "2"), c("A", "G", "T"))), GM07_SNP1 = structure(c(0, 
0, 0, 0, 0, 0, 2, 317, 1, 0, 0, 3, 246, 1, 0), dim = c(5L, 3L
), dimnames = list(c("-2", "-1", "0", "1", "2"), c("-", "A", 
"G"))), GM09_SNP1 = structure(c(1, 286, 0, 0, 259, 0), dim = 3:2, dimnames = list(
    c("-1", "0", "1"), c("A", "G"))), GM11_SNP1 = structure(c(1, 
411, 0), dim = c(3L, 1L), dimnames = list(c("-1", "0", "1"), 
    "A")), GM14_SNP1 = structure(c(0, 0, 1, 0, 0, 0, 3, 365, 
0, 0, 0, 3, 349, 1, 0), dim = c(5L, 3L), dimnames = list(c("-2", 
"-1", "0", "1", "2"), c("A", "C", "T"))), GM17_SNP1 = structure(c(0, 
0, 0, 0, 0, 3, 854, 1, 0, 0, 5, 0), dim = 4:3, dimnames = list(
    c("-2", "-1", "0", "1"), c("A", "C", "T"))), GM22_SNP1 = structure(c(0, 
1, 731, 4, 0, 0, 1, 510, 0, 0, 0, 0, 0, 0, 0), dim = c(5L, 3L
), dimnames = list(c("-2", "-1", "0", "1", "2"), c("A", "G", 
"T"))), GM26_SNP1 = structure(c(0, 0, 353, 0, 0, 1, 0, 0), dim = c(4L, 
2L), dimnames = list(c("-2", "-1", "0", "1"), c("A", "G"))), 
    GM29_SNP1 = structure(c(0, 3, 554, 0, 0, 0, 0, 0, 0, 0, 1, 
    0), dim = 4:3, dimnames = list(c("-2", "-1", "0", "1"), c("A", 
    "G", "T"))), IM16_SNP1 = structure(c(0, 0, 255, 0, 0, 0, 
    1, 265, 0, 0), dim = c(5L, 2L), dimnames = list(c("-2", "-1", 
    "0", "1", "2"), c("A", "G"))), IM49_SNP1 = structure(c(1, 
    234, 1), dim = c(3L, 1L), dimnames = list(c("-1", "0", "1"
    ), "C")), LR10_SNP1 = structure(c(0, 3, 233, 0, 0, 1, 276, 
    1), dim = c(4L, 2L), dimnames = list(c("-2", "-1", "0", "1"
    ), c("C", "T"))), LR11_SNP1 = structure(c(0, 1, 0, 0, 4, 
    444, 0, 0, 0, 0, 0, 0), dim = 4:3, dimnames = list(c("-1", 
    "0", "1", "2"), c("A", "C", "T"))), LR17_SNP1 = structure(c(0, 
    1, 335, 1, 0, 0, 0, 0, 0, 0, 0, 0, 0, 0, 0), dim = c(5L, 
    3L), dimnames = list(c("-2", "-1", "0", "1", "2"), c("A", 
    "C", "G"))), LR20_SNP1 = structure(c(1, 164, 0, 0, 145, 0
    ), dim = 3:2, dimnames = list(c("-1", "0", "1"), c("A", "G"
    ))), LR24_SNP1 = structure(c(0, 208, 0, 1, 239, 0), dim = 3:2, dimnames = list(
        c("-1", "0", "1"), c("A", "G"))), LR36_SNP1 = structure(c(0, 
    0, 3, 0, 0, 0, 0, 0, 0, 6, 442, 0), dim = 4:3, dimnames = list(
        c("-2", "-1", "0", "1"), c("A", "G", "T"))), LR40_SNP1 = structure(c(1, 
    384, 0), dim = c(3L, 1L), dimnames = list(c("-1", "0", "1"
    ), "C")), LR44_SNP1 = structure(c(0, 0, 136, 0, 0, 0, 5, 
    120, 1, 0), dim = c(5L, 2L), dimnames = list(c("-2", "-1", 
    "0", "1", "2"), c("C", "T"))), LR46_SNP1 = structure(c(0, 
    0, 0, 0, 0, 1, 966, 0, 0, 0, 4, 1), dim = 4:3, dimnames = list(
        c("-2", "-1", "0", "1"), c("-", "G", "T"))), LR48_SNP1 = structure(c(0, 
    1, 343, 0, 0, 0, 0, 379, 1, 0), dim = c(5L, 2L), dimnames = list(
        c("-2", "-1", "0", "1", "2"), c("C", "T"))), LR49_SNP1 = structure(c(0, 
    1, 0, 538, 0, 0), dim = 2:3, dimnames = list(c("-1", "0"), 
        c("A", "G", "T"))), LR52_SNP1 = structure(c(0, 0, 0, 
    0, 1, 15, 490, 3, 1, 0, 2, 0), dim = 4:3, dimnames = list(
        c("-2", "-1", "0", "1"), c("A", "C", "T"))))
