Result <-
list(DEPDC2_SNP1 = structure(c(0, 22, 106, 0, 1, 30, 107, 1), dim = c(4L, 
2L), dimnames = list(c("-2", "-1", "0", "1"), c("C", "T"))), 
    GM01_SNP1 = structure(c(5, 227, 0, 4, 262, 1), dim = 3:2, dimnames = list(
        c("-1", "0", "1"), c("A", "G"))), GM07_SNP1 = structure(c(0, 
    0, 2, 0, 0, 2, 38, 249, 2, 0), dim = c(5L, 2L), dimnames = list(
        c("-2", "-1", "0", "1", "2"), c("A", "G"))), GM09_SNP1 = structure(c(0, 
    3, 0, 20, 60, 3), dim = 3:2, dimnames = list(c("-1", "0", 
    "1"), c("A", "G"))), GM11_SNP1 = structure(c(5, 215, 4, 0, 
    6, 0), dim = 3:2, dimnames = list(c("-1", "0", "1"), c("A", 
    "G"))), GM14_SNP1 = structure(c(0, 3, 7, 208, 2, 0, 0, 8, 
    190, 0), dim = c(5L, 2L), dimnames = list(c("-4", "-2", "-1", 
    "0", "1"), c("C", "T"))), GM17_SNP1 = structure(c(0, 2, 204, 
    0, 0, 12, 220, 0), dim = c(4L, 2L), dimnames = list(c("-2", 
    "-1", "0", "1"), c("C", "T"))), GM22_SNP1 = structure(c(0, 
    8, 751, 3, 0, 0, 3, 0), dim = c(4L, 2L), dimnames = list(
        c("-2", "-1", "0", "1"), c("A", "G"))), GM26_SNP1 = structure(c(7, 
    177, 1, 0, 1, 0), dim = 3:2, dimnames = list(c("-1", "0", 
    "1"), c("A", "G"))), GM29_SNP1 = structure(c(0, 0, 26, 238, 
    1, 0, 0, 0, 0, 1, 0, 0), dim = c(6L, 2L), dimnames = list(
        c("-3", "-2", "-1", "0", "1", "2"), c("A", "G"))), IM16_SNP1 = structure(c(0, 
    0, 5, 0, 0, 0, 15, 263, 2, 0), dim = c(5L, 2L), dimnames = list(
        c("-2", "-1", "0", "1", "2"), c("A", "G"))), IM49_SNP1 = structure(c(3, 
    26, 93, 0), dim = c(4L, 1L), dimnames = list(c("-2", "-1", 
    "0", "1"), "C")), LR10_SNP1 = structure(c(0, 4, 0, 10, 192, 
    0), dim = 3:2, dimnames = list(c("-1", "0", "1"), c("C", 
    "T"))), LR11_SNP1 = structure(c(0, 0, 0, 0, 0, 0, 20, 98, 
    1, 0, 0, 44, 57, 0, 0, 0, 0, 0, 0, 0), dim = 5:4, dimnames = list(
        c("-2", "-1", "0", "1", "2"), c("-", "A", "C", "T"))), 
    LR17_SNP1 = structure(c(0, 35, 89, 0), dim = c(4L, 1L), dimnames = list(
        c("-2", "-1", "0", "1"), "A")), LR20_SNP1 = structure(c(2, 
    55, 0, 1, 70, 0), dim = 3:2, dimnames = list(c("-1", "0", 
    "1"), c("A", "G"))), LR24_SNP1 = structure(c(0, 11, 193, 
    0), dim = c(4L, 1L), dimnames = list(c("-2", "-1", "0", "1"
    ), "A")), LR36_SNP1 = structure(c(0, 0, 32, 70, 0, 0, 0, 
    0, 0, 0, 0, 1, 21, 93, 0), dim = c(5L, 3L), dimnames = list(
        c("-3", "-2", "-1", "0", "1"), c("A", "C", "T"))), LR40_SNP1 = structure(c(3, 
    165, 1, 0, 0, 0), dim = 3:2, dimnames = list(c("-1", "0", 
    "1"), c("C", "G"))), LR44_SNP1 = structure(c(0, 0, 0, 0, 
    5, 20, 61, 0, 0, 5, 106, 0), dim = 4:3, dimnames = list(c("-2", 
    "-1", "0", "1"), c("A", "C", "T"))), LR46_SNP1 = structure(c(0, 
    0, 0, 0, 0, 0, 0, 0, 0, 6, 523, 0, 0, 0, 9, 0), dim = c(4L, 
    4L), dimnames = list(c("-2", "-1", "0", "1"), c("-", "C", 
    "G", "T"))), LR48_SNP1 = structure(c(0, 0, 0, 0, 0, 73, 363, 
    3, 0, 1, 5, 0), dim = 4:3, dimnames = list(c("-2", "-1", 
    "0", "1"), c("A", "C", "T"))), LR49_SNP1 = structure(c(0, 
    0, 2, 257), dim = c(2L, 2L), dimnames = list(c("-1", "0"), 
        c("A", "G"))), LR52_SNP1 = structure(c(0, 0, 0, 0, 0, 
    0, 2, 3, 12, 78, 74, 0, 1, 8, 57, 77, 0, 0), dim = c(6L, 
    3L), dimnames = list(c("-3", "-2", "-1", "0", "1", "2"), 
        c("A", "C", "T"))))
