Result <-
list(DEPDC2_SNP1 = structure(c(0, 1, 0, 0, 370, 2), dim = 3:2, dimnames = list(
    c("-1", "0", "1"), c("C", "T"))), GM01_SNP1 = structure(c(1, 
138, 138, 0, 0, 0, 2, 245, 0, 0), dim = c(5L, 2L), dimnames = list(
    c("-2", "-1", "0", "1", "2"), c("A", "G"))), GM07_SNP1 = structure(c(1, 
70, 66, 2, 0, 11, 151, 0), dim = c(4L, 2L), dimnames = list(c("-2", 
"-1", "0", "1"), c("A", "G"))), GM09_SNP1 = structure(c(2, 186, 
0, 0, 167, 1), dim = 3:2, dimnames = list(c("-1", "0", "1"), 
    c("A", "G"))), GM11_SNP1 = structure(c(2, 286, 0, 0, 2, 0
), dim = 3:2, dimnames = list(c("-1", "0", "1"), c("A", "G"))), 
    GM14_SNP1 = structure(c(0, 0, 33, 202, 0, 0, 0, 2, 228, 0
    ), dim = c(5L, 2L), dimnames = list(c("-3", "-2", "-1", "0", 
    "1"), c("C", "T"))), GM17_SNP1 = structure(c(0, 0, 0, 0, 
    0, 0, 1, 298, 0, 0, 0, 116, 102, 0, 0), dim = c(5L, 3L), dimnames = list(
        c("-2", "-1", "0", "1", "2"), c("A", "C", "T"))), GM22_SNP1 = structure(c(0, 
    0, 4, 851, 2, 0, 0, 0, 1, 0, 0, 0, 0, 0, 0), dim = c(5L, 
    3L), dimnames = list(c("-4", "-2", "-1", "0", "1"), c("A", 
    "G", "T"))), GM26_SNP1 = structure(c(0, 0, 102, 0, 0, 0, 
    81, 0), dim = c(4L, 2L), dimnames = list(c("-3", "-1", "0", 
    "1"), c("A", "G"))), GM29_SNP1 = structure(c(0, 1, 176, 0, 
    0, 0, 142, 0), dim = c(4L, 2L), dimnames = list(c("-2", "-1", 
    "0", "1"), c("A", "G"))), IM16_SNP1 = structure(c(69, 66, 
    0, 1, 166, 1, 0, 0, 0), dim = c(3L, 3L), dimnames = list(
        c("-1", "0", "1"), c("A", "G", "T"))), IM49_SNP1 = structure(c(0, 
    0, 2, 0, 0, 0, 6, 115, 0, 0, 0, 0, 0, 0, 0), dim = c(5L, 
    3L), dimnames = list(c("-2", "-1", "0", "1", "2"), c("C", 
    "G", "T"))), LR10_SNP1 = structure(c(0, 0, 118, 1, 0, 2, 
    164, 1), dim = c(4L, 2L), dimnames = list(c("-2", "-1", "0", 
    "1"), c("C", "T"))), LR11_SNP1 = structure(c(0, 0, 1, 0, 
    0, 7, 210, 0, 0, 0, 0, 0), dim = 4:3, dimnames = list(c("-2", 
    "-1", "0", "1"), c("A", "C", "T"))), LR17_SNP1 = structure(c(0, 
    7, 160, 3, 0, 0, 0, 0), dim = c(4L, 2L), dimnames = list(
        c("-2", "-1", "0", "1"), c("A", "G"))), LR20_SNP1 = structure(c(1, 
    57, 0, 0, 62, 0), dim = 3:2, dimnames = list(c("-1", "0", 
    "1"), c("A", "G"))), LR24_SNP1 = structure(c(0, 134, 0, 27, 
    117, 0), dim = 3:2, dimnames = list(c("-1", "0", "1"), c("A", 
    "G"))), LR36_SNP1 = structure(c(0, 0, 0, 0, 0, 0, 2, 258, 
    0, 0), dim = c(5L, 2L), dimnames = list(c("-2", "-1", "0", 
    "1", "2"), c("A", "T"))), LR40_SNP1 = structure(c(38, 19, 
    148, 0), dim = c(4L, 1L), dimnames = list(c("-2", "-1", "0", 
    "1"), "C")), LR44_SNP1 = structure(c(0, 4, 100, 40, 1, 0, 
    0, 1, 0, 0), dim = c(5L, 2L), dimnames = list(c("-2", "-1", 
    "0", "1", "2"), c("C", "T"))), LR46_SNP1 = structure(c(0, 
    0, 0, 2, 302, 1, 4, 289, 0), dim = c(3L, 3L), dimnames = list(
        c("-1", "0", "1"), c("A", "G", "T"))), LR48_SNP1 = structure(c(0, 
    1, 122, 108, 0, 0, 0, 2, 148, 106, 0, 0), dim = c(6L, 2L), dimnames = list(
        c("-3", "-2", "-1", "0", "1", "2"), c("C", "T"))), LR49_SNP1 = structure(c(1, 
    168, 2, 169), dim = c(2L, 2L), dimnames = list(c("-1", "0"
    ), c("A", "G"))), LR52_SNP1 = structure(c(0, 0, 2, 29, 79, 
    201, 4, 0, 0, 0, 0, 0, 0, 1, 0, 0), dim = c(8L, 2L), dimnames = list(
        c("-5", "-4", "-3", "-2", "-1", "0", "1", "2"), c("C", 
        "T"))))
