Result <-
list(DEPDC2_SNP1 = structure(c(0, 0, 170, 0, 0, 0, 208, 0), dim = c(4L, 
2L), dimnames = list(c("-2", "-1", "0", "1"), c("C", "T"))), 
    GM01_SNP1 = structure(c(0, 0, 0, 0, 0, 0, 0, 660, 0, 0, 0, 
    0, 1, 0, 0), dim = c(5L, 3L), dimnames = list(c("-2", "-1", 
    "0", "1", "2"), c("-", "A", "G"))), GM07_SNP1 = structure(c(0, 
    0, 0, 0, 0, 0, 4, 205, 1, 0, 0, 5, 203, 0, 0), dim = c(5L, 
    3L), dimnames = list(c("-2", "-1", "0", "1", "2"), c("-", 
    "A", "G"))), GM09_SNP1 = structure(c(0, 195, 0, 0, 194, 0, 
    0, 0, 0), dim = c(3L, 3L), dimnames = list(c("-1", "0", "1"
    ), c("A", "G", "T"))), GM11_SNP1 = structure(c(0, 351, 0, 
    0, 4, 0, 0, 0, 0), dim = c(3L, 3L), dimnames = list(c("-1", 
    "0", "1"), c("A", "G", "T"))), GM14_SNP1 = structure(c(0, 
    0, 0, 0, 0, 0, 499, 1, 0, 0, 5, 1), dim = 4:3, dimnames = list(
        c("-2", "-1", "0", "1"), c("A", "C", "T"))), GM17_SNP1 = structure(c(0, 
    0, 0, 0, 0, 0, 1, 264, 0, 0, 0, 0, 305, 0, 0), dim = c(5L, 
    3L), dimnames = list(c("-2", "-1", "0", "1", "2"), c("A", 
    "C", "T"))), GM22_SNP1 = structure(c(0, 5, 981, 0, 0, 0, 
    3, 0, 0, 0, 0, 0), dim = 4:3, dimnames = list(c("-2", "-1", 
    "0", "1"), c("A", "G", "T"))), GM26_SNP1 = structure(c(0, 
    110, 0, 0, 124, 0), dim = 3:2, dimnames = list(c("-1", "0", 
    "1"), c("A", "G"))), GM29_SNP1 = structure(c(0, 0, 184, 0, 
    0, 1, 167, 0), dim = c(4L, 2L), dimnames = list(c("-2", "-1", 
    "0", "1"), c("A", "G"))), IM16_SNP1 = structure(c(0, 3, 0, 
    0, 348, 2), dim = 3:2, dimnames = list(c("-1", "0", "1"), 
        c("A", "G"))), IM49_SNP1 = structure(c(0, 84, 0, 0, 0, 
    61, 0, 0), dim = c(4L, 2L), dimnames = list(c("-1", "0", 
    "1", "2"), c("C", "G"))), LR10_SNP1 = structure(c(0, 0, 0, 
    0, 2, 0, 2, 353, 0), dim = c(3L, 3L), dimnames = list(c("-1", 
    "0", "1"), c("A", "C", "T"))), LR11_SNP1 = structure(c(0, 
    1, 142, 8, 0, 0, 0, 127, 0, 0), dim = c(5L, 2L), dimnames = list(
        c("-2", "-1", "0", "1", "2"), c("A", "C"))), LR17_SNP1 = structure(c(0, 
    2, 241, 0, 0, 0, 0, 0), dim = c(4L, 2L), dimnames = list(
        c("-2", "-1", "0", "1"), c("A", "G"))), LR20_SNP1 = structure(c(1, 
    148, 0, 0, 4, 0), dim = 3:2, dimnames = list(c("-1", "0", 
    "1"), c("A", "G"))), LR24_SNP1 = structure(c(0, 0, 1, 0, 
    0, 0, 304, 0), dim = c(4L, 2L), dimnames = list(c("-2", "-1", 
    "0", "1"), c("A", "G"))), LR36_SNP1 = structure(c(0, 0, 1, 
    180, 0, 0, 0, 0, 0, 0, 0, 0, 0, 189, 0), dim = c(5L, 3L), dimnames = list(
        c("-3", "-2", "-1", "0", "1"), c("A", "C", "T"))), LR40_SNP1 = structure(c(0, 
    215, 1, 0, 0, 0), dim = 3:2, dimnames = list(c("-1", "0", 
    "1"), c("C", "G"))), LR44_SNP1 = structure(c(0, 1, 76, 0, 
    0, 1, 105, 0), dim = c(4L, 2L), dimnames = list(c("-2", "-1", 
    "0", "1"), c("C", "T"))), LR46_SNP1 = structure(c(0, 0, 0, 
    0, 0, 0, 352, 0, 0, 1, 361, 0), dim = 4:3, dimnames = list(
        c("-2", "-1", "0", "1"), c("A", "G", "T"))), LR48_SNP1 = structure(c(0, 
    3, 255, 1, 0, 0, 2, 250, 1, 0), dim = c(5L, 2L), dimnames = list(
        c("-2", "-1", "0", "1", "2"), c("C", "T"))), LR49_SNP1 = structure(c(0, 
    186, 0, 170), dim = c(2L, 2L), dimnames = list(c("-1", "0"
    ), c("A", "G"))), LR52_SNP1 = structure(c(0, 0, 0, 10, 324, 
    0, 0, 1, 0, 0, 2, 0), dim = c(6L, 2L), dimnames = list(c("-4", 
    "-3", "-2", "-1", "0", "1"), c("C", "T"))))
