Result <-
list(DEPDC2_SNP1 = structure(c(1, 98, 1, 3, 93, 0), dim = 3:2, dimnames = list(
    c("-1", "0", "1"), c("C", "T"))), GM01_SNP1 = structure(c(0, 
3, 137, 0, 0, 0, 158, 0), dim = c(4L, 2L), dimnames = list(c("-2", 
"-1", "0", "1"), c("A", "G"))), GM07_SNP1 = structure(c(0, 0, 
0, 0, 0, 0, 0, 1, 75, 40, 0, 0, 0, 71, 1, 28, 0, 0), dim = c(6L, 
3L), dimnames = list(c("-3", "-2", "-1", "0", "1", "2"), c("-", 
"A", "G"))), GM09_SNP1 = structure(c(0, 5, 256, 0, 0, 0, 1, 0
), dim = c(4L, 2L), dimnames = list(c("-2", "-1", "0", "1"), 
    c("A", "G"))), GM11_SNP1 = structure(c(1, 151, 0, 0, 2, 0
), dim = 3:2, dimnames = list(c("-1", "0", "1"), c("A", "G"))), 
    GM14_SNP1 = structure(c(0, 0, 0, 0, 0, 0, 0, 0, 7, 176, 1, 
    0, 0, 0, 6, 167, 0, 0), dim = c(6L, 3L), dimnames = list(
        c("-3", "-2", "-1", "0", "1", "2"), c("-", "C", "T"))), 
    GM17_SNP1 = structure(c(116, 196, 0, 0, 3, 0), dim = 3:2, dimnames = list(
        c("-1", "0", "1"), c("C", "T"))), GM22_SNP1 = structure(c(0, 
    3, 531, 0, 0, 0, 0, 2, 0, 0, 0, 0, 0, 0, 0), dim = c(5L, 
    3L), dimnames = list(c("-2", "-1", "0", "1", "2"), c("A", 
    "G", "T"))), GM26_SNP1 = structure(c(0, 104, 1, 0, 2, 0), dim = 3:2, dimnames = list(
        c("-1", "0", "1"), c("A", "G"))), GM29_SNP1 = structure(c(0, 
    3, 0, 6, 188, 0), dim = 3:2, dimnames = list(c("-1", "0", 
    "1"), c("A", "G"))), IM16_SNP1 = structure(c(65, 5, 113, 
    0, 0, 1, 2, 0, 0, 0, 0, 0), dim = 4:3, dimnames = list(c("-2", 
    "-1", "0", "1"), c("A", "G", "T"))), IM49_SNP1 = structure(c(0, 
    32, 0, 26, 0, 0, 5, 24, 27, 0), dim = c(5L, 2L), dimnames = list(
        c("-3", "-2", "-1", "0", "1"), c("C", "G"))), LR10_SNP1 = structure(c(2, 
    60, 0, 2, 101, 0), dim = 3:2, dimnames = list(c("-1", "0", 
    "1"), c("C", "T"))), LR11_SNP1 = structure(c(0, 11, 129, 
    0, 0), dim = c(5L, 1L), dimnames = list(c("-2", "-1", "0", 
    "1", "2"), "C")), LR17_SNP1 = structure(c(13, 32, 68, 0, 
    0, 0, 0, 0), dim = c(4L, 2L), dimnames = list(c("-2", "-1", 
    "0", "1"), c("A", "G"))), LR20_SNP1 = structure(c(0, 50, 
    0, 0, 49, 0), dim = 3:2, dimnames = list(c("-1", "0", "1"
    ), c("A", "G"))), LR24_SNP1 = structure(c(11, 282, 0), dim = c(3L, 
    1L), dimnames = list(c("-1", "0", "1"), "A")), LR36_SNP1 = structure(c(0, 
    0, 9, 62, 0, 0, 2, 52, 32, 0), dim = c(5L, 2L), dimnames = list(
        c("-3", "-2", "-1", "0", "1"), c("A", "T"))), LR40_SNP1 = structure(c(0, 
    1, 0, 3, 103, 0), dim = 3:2, dimnames = list(c("-1", "0", 
    "1"), c("A", "C"))), LR44_SNP1 = structure(c(0, 0, 0, 0, 
    0, 0, 0, 0, 0, 0, 0, 7, 31, 68, 1), dim = c(5L, 3L), dimnames = list(
        c("-3", "-2", "-1", "0", "1"), c("A", "C", "T"))), LR46_SNP1 = structure(c(0, 
    0, 0, 9, 376, 0, 1, 2, 0), dim = c(3L, 3L), dimnames = list(
        c("-1", "0", "1"), c("A", "G", "T"))), LR48_SNP1 = structure(c(0, 
    93, 173, 0, 0, 0, 0, 1, 0, 0), dim = c(5L, 2L), dimnames = list(
        c("-2", "-1", "0", "1", "2"), c("C", "T"))), LR49_SNP1 = structure(c(9, 
    192, 0, 0, 0, 0, 0, 1, 0), dim = c(3L, 3L), dimnames = list(
        c("-1", "0", "1"), c("A", "C", "G"))), LR52_SNP1 = structure(c(0, 
    0, 0, 0, 0, 0, 0, 0, 0, 0, 0, 0, 0, 0, 0, 3, 58, 1, 11, 89, 
    1, 0, 0, 0, 0, 0, 1, 0), dim = c(7L, 4L), dimnames = list(
        c("-6", "-4", "-3", "-2", "-1", "0", "1"), c("-", "A", 
        "C", "T"))))
