Result <-
list(DEPDC2_SNP1 = structure(c(0, 1, 0, 0, 317, 0), dim = 3:2, dimnames = list(
    c("-1", "0", "1"), c("A", "T"))), GM01_SNP1 = structure(c(0, 
0, 0, 0, 0, 1, 299, 2, 1, 18, 226, 0), dim = 4:3, dimnames = list(
    c("-2", "-1", "0", "1"), c("-", "A", "G"))), GM07_SNP1 = structure(c(0, 
0, 2, 0, 0, 0, 22, 330, 3, 1), dim = c(5L, 2L), dimnames = list(
    c("-2", "-1", "0", "1", "2"), c("A", "G"))), GM09_SNP1 = structure(c(0, 
4, 0, 4, 68, 1), dim = 3:2, dimnames = list(c("-1", "0", "1"), 
    c("A", "G"))), GM11_SNP1 = structure(c(4, 126, 0, 0, 2, 136, 
4, 0), dim = c(4L, 2L), dimnames = list(c("-1", "0", "1", "2"
), c("A", "G"))), GM14_SNP1 = structure(c(1, 19, 226, 0, 0, 0, 
0, 0, 0, 1, 197, 1), dim = 4:3, dimnames = list(c("-2", "-1", 
"0", "1"), c("C", "G", "T"))), GM17_SNP1 = structure(c(0, 5, 
237, 1, 0, 0, 230, 0), dim = c(4L, 2L), dimnames = list(c("-2", 
"-1", "0", "1"), c("C", "T"))), GM22_SNP1 = structure(c(0, 7, 
788, 0, 0, 0, 1, 0, 0, 0, 0, 0), dim = 4:3, dimnames = list(c("-2", 
"-1", "0", "1"), c("A", "G", "T"))), GM26_SNP1 = structure(c(0, 
0, 2, 168, 1, 0, 0, 0, 1, 0), dim = c(5L, 2L), dimnames = list(
    c("-3", "-2", "-1", "0", "1"), c("A", "G"))), GM29_SNP1 = structure(c(2, 
299, 0, 0, 2, 0), dim = 3:2, dimnames = list(c("-1", "0", "1"
), c("A", "G"))), IM16_SNP1 = structure(c(0, 0, 0, 6, 265, 1, 
0, 0, 0), dim = c(3L, 3L), dimnames = list(c("-1", "0", "1"), 
    c("A", "G", "T"))), IM49_SNP1 = structure(c(0, 4, 22, 89, 
1, 0, 0, 0, 0, 0), dim = c(5L, 2L), dimnames = list(c("-3", "-2", 
"-1", "0", "1"), c("C", "G"))), LR10_SNP1 = structure(c(0, 105, 
2, 2, 130, 1), dim = 3:2, dimnames = list(c("-1", "0", "1"), 
    c("C", "T"))), LR11_SNP1 = structure(c(0, 0, 2, 158, 0, 0, 
1, 2, 91, 1, 0, 0, 0, 0, 0), dim = c(5L, 3L), dimnames = list(
    c("-3", "-2", "-1", "0", "1"), c("A", "C", "T"))), LR17_SNP1 = structure(c(0, 
7, 68, 92, 0, 0, 0, 0, 0, 0), dim = c(5L, 2L), dimnames = list(
    c("-3", "-2", "-1", "0", "1"), c("A", "G"))), LR20_SNP1 = structure(c(0, 
55, 0, 0, 60, 0), dim = 3:2, dimnames = list(c("-1", "0", "1"
), c("A", "G"))), LR24_SNP1 = structure(c(0, 2, 0, 106, 289, 
0), dim = 3:2, dimnames = list(c("-1", "0", "1"), c("A", "G"))), 
    LR36_SNP1 = structure(c(0, 0, 0, 0, 2, 0, 0, 0, 0, 0, 0, 
    0, 0, 0, 5, 95, 159, 0), dim = c(6L, 3L), dimnames = list(
        c("-6", "-3", "-2", "-1", "0", "1"), c("A", "C", "T"))), 
    LR40_SNP1 = structure(c(0, 0, 0, 3, 172, 0, 0, 0, 0), dim = c(3L, 
    3L), dimnames = list(c("-1", "0", "1"), c("A", "C", "T"))), 
    LR44_SNP1 = structure(c(2, 57, 85, 2, 0, 0, 2, 0), dim = c(4L, 
    2L), dimnames = list(c("-2", "-1", "0", "1"), c("C", "T"))), 
    LR46_SNP1 = structure(c(0, 0, 0, 0, 0, 0, 0, 6, 311, 0, 0, 
    0, 3, 274, 0), dim = c(5L, 3L), dimnames = list(c("-3", "-2", 
    "-1", "0", "1"), c("A", "G", "T"))), LR48_SNP1 = structure(c(1, 
    45, 151, 0, 0, 14, 223, 0), dim = c(4L, 2L), dimnames = list(
        c("-2", "-1", "0", "1"), c("C", "T"))), LR49_SNP1 = structure(c(0, 
    0, 3, 289), dim = c(2L, 2L), dimnames = list(c("-1", "0"), 
        c("A", "G"))), LR52_SNP1 = structure(c(0, 0, 0, 0, 0, 
    0, 2, 24, 126, 3, 0, 0, 13, 119, 0), dim = c(5L, 3L), dimnames = list(
        c("-3", "-2", "-1", "0", "1"), c("A", "C", "T"))))
