Result <-
list(DEPDC2_SNP1 = structure(c(0, 1, 198, 0, 0, 0, 213, 1), dim = c(4L, 
2L), dimnames = list(c("-2", "-1", "0", "1"), c("C", "T"))), 
    GM01_SNP1 = structure(c(3, 771, 2, 0, 3, 0), dim = 3:2, dimnames = list(
        c("-1", "0", "1"), c("A", "G"))), GM07_SNP1 = structure(c(0, 
    0, 0, 0, 0, 0, 5, 298, 4, 0, 0, 3, 237, 2, 0, 0, 0, 0, 0, 
    0), dim = 5:4, dimnames = list(c("-2", "-1", "0", "1", "2"
    ), c("-", "A", "G", "T"))), GM09_SNP1 = structure(c(0, 1, 
    0, 0, 463, 0), dim = 3:2, dimnames = list(c("-1", "0", "1"
    ), c("A", "G"))), GM11_SNP1 = structure(c(2, 343, 0, 0, 1, 
    0), dim = 3:2, dimnames = list(c("-1", "0", "1"), c("A", 
    "G"))), GM14_SNP1 = structure(c(0, 0, 1, 0, 0, 3, 707, 2, 
    0, 0, 1, 0), dim = 4:3, dimnames = list(c("-2", "-1", "0", 
    "1"), c("A", "C", "T"))), GM17_SNP1 = structure(c(0, 0, 2, 
    0, 0, 0, 1, 701, 0, 0), dim = c(5L, 2L), dimnames = list(
        c("-2", "-1", "0", "1", "2"), c("C", "T"))), GM22_SNP1 = structure(c(0, 
    3, 1028, 2, 0, 0, 6, 0, 0, 0, 0, 0), dim = 4:3, dimnames = list(
        c("-2", "-1", "0", "1"), c("A", "G", "T"))), GM26_SNP1 = structure(c(0, 
    1, 303, 1, 0, 0, 0, 0, 0, 0), dim = c(5L, 2L), dimnames = list(
        c("-2", "-1", "0", "1", "2"), c("A", "T"))), GM29_SNP1 = structure(c(0, 
    2, 496, 0, 0, 0, 2, 0), dim = c(4L, 2L), dimnames = list(
        c("-2", "-1", "0", "1"), c("A", "G"))), IM16_SNP1 = structure(c(0, 
    2, 0, 2, 418, 1, 0, 1, 0), dim = c(3L, 3L), dimnames = list(
        c("-1", "0", "1"), c("A", "G", "T"))), IM49_SNP1 = structure(c(0, 
    1, 185, 0, 0, 1, 0, 0), dim = c(4L, 2L), dimnames = list(
        c("-2", "-1", "0", "1"), c("C", "G"))), LR10_SNP1 = structure(c(3, 
    187, 0, 1, 207, 0), dim = 3:2, dimnames = list(c("-1", "0", 
    "1"), c("C", "T"))), LR11_SNP1 = structure(c(0, 0, 2, 0, 
    0, 2, 319, 0), dim = c(4L, 2L), dimnames = list(c("-2", "-1", 
    "0", "1"), c("A", "C"))), LR17_SNP1 = structure(c(0, 2, 380, 
    3, 0, 0, 0, 0, 0, 0, 0, 0, 0, 0, 0), dim = c(5L, 3L), dimnames = list(
        c("-2", "-1", "0", "1", "2"), c("A", "C", "G"))), LR20_SNP1 = structure(c(0, 
    122, 0, 1, 107, 0), dim = 3:2, dimnames = list(c("-1", "0", 
    "1"), c("A", "G"))), LR24_SNP1 = structure(c(0, 157, 0, 0, 
    128, 0), dim = 3:2, dimnames = list(c("-1", "0", "1"), c("A", 
    "G"))), LR36_SNP1 = structure(c(0, 1, 3, 276, 0, 0, 0, 0, 
    1, 249, 2, 0), dim = c(6L, 2L), dimnames = list(c("-3", "-2", 
    "-1", "0", "1", "2"), c("A", "T"))), LR40_SNP1 = structure(c(2, 
    286, 1), dim = c(3L, 1L), dimnames = list(c("-1", "0", "1"
    ), "C")), LR44_SNP1 = structure(c(0, 0, 0, 0, 0, 4, 171, 
    0, 0, 0, 2, 0), dim = 4:3, dimnames = list(c("-2", "-1", 
    "0", "1"), c("A", "C", "T"))), LR46_SNP1 = structure(c(0, 
    0, 0, 0, 444, 0, 1, 416, 0), dim = c(3L, 3L), dimnames = list(
        c("-1", "0", "1"), c("C", "G", "T"))), LR48_SNP1 = structure(c(0, 
    7, 644, 13, 0, 0, 0, 2, 0, 0), dim = c(5L, 2L), dimnames = list(
        c("-2", "-1", "0", "1", "2"), c("C", "T"))), LR49_SNP1 = structure(c(0, 
    1, 0, 0, 0, 0, 2, 386, 0), dim = c(3L, 3L), dimnames = list(
        c("-1", "0", "1"), c("A", "C", "G"))), LR52_SNP1 = structure(c(0, 
    8, 192, 2, 0, 5, 182, 2), dim = c(4L, 2L), dimnames = list(
        c("-2", "-1", "0", "1"), c("C", "T"))))
