Result <-
list(DEPDC2_SNP1 = structure(c(0, 0, 0, 1, 700, 2, 3, 794, 1), dim = c(3L, 
3L), dimnames = list(c("-1", "0", "1"), c("A", "C", "T"))), GM01_SNP1 = structure(c(0, 
5, 999, 0, 0, 6, 991, 6, 0, 0, 1, 0), dim = 4:3, dimnames = list(
    c("-2", "-1", "0", "1"), c("A", "G", "T"))), GM07_SNP1 = structure(c(0, 
0, 0, 0, 0, 10, 664, 1164, 11, 0, 0, 0, 0, 0, 0, 0, 1, 2, 0, 
0), dim = 5:4, dimnames = list(c("-2", "-1", "0", "1", "2"), 
    c("-", "A", "C", "G"))), GM09_SNP1 = structure(c(7, 1784, 
0, 0, 3, 0), dim = 3:2, dimnames = list(c("-1", "0", "1"), c("A", 
"G"))), GM11_SNP1 = structure(c(0, 9, 1587, 2, 0, 0, 2, 0, 0, 
0, 0, 0), dim = 4:3, dimnames = list(c("-2", "-1", "0", "1"), 
    c("A", "G", "T"))), GM14_SNP1 = structure(c(0, 0, 6, 0, 0, 
1, 63, 1352, 463, 7, 0, 0, 2, 0, 0), dim = c(5L, 3L), dimnames = list(
    c("-2", "-1", "0", "1", "2"), c("A", "C", "T"))), GM17_SNP1 = structure(c(0, 
0, 0, 0, 0, 0, 4, 1061, 2, 0, 0, 4, 980, 12, 0), dim = c(5L, 
3L), dimnames = list(c("-2", "-1", "0", "1", "2"), c("A", "C", 
"T"))), GM22_SNP1 = structure(c(0, 22, 2170, 5, 0, 0, 0, 4, 0, 
0), dim = c(5L, 2L), dimnames = list(c("-2", "-1", "0", "1", 
"2"), c("A", "G"))), GM26_SNP1 = structure(c(0, 8, 582, 0, 0, 
0, 0, 0, 0, 9, 650, 0, 0, 0, 0, 0), dim = c(4L, 4L), dimnames = list(
    c("-2", "-1", "0", "1"), c("A", "C", "G", "T"))), GM29_SNP1 = structure(c(0, 
3, 615, 1, 0, 5, 603, 0, 0, 0, 2, 0), dim = 4:3, dimnames = list(
    c("-2", "-1", "0", "1"), c("A", "G", "T"))), IM16_SNP1 = structure(c(6, 
1860, 15, 0, 0, 4, 0, 0), dim = c(4L, 2L), dimnames = list(c("-1", 
"0", "1", "2"), c("A", "G"))), IM49_SNP1 = structure(c(0, 0, 
0, 1, 0, 0, 0, 1, 20, 404, 0, 1, 0, 13, 250, 149, 0, 0), dim = c(6L, 
3L), dimnames = list(c("-3", "-2", "-1", "0", "1", "2"), c("A", 
"C", "G"))), LR10_SNP1 = structure(c(0, 11, 700, 3, 0, 4, 770, 
0), dim = c(4L, 2L), dimnames = list(c("-3", "-1", "0", "1"), 
    c("C", "T"))), LR11_SNP1 = structure(c(2, 15, 1383, 2, 0, 
0, 1, 0, 0, 0, 0, 0), dim = 4:3, dimnames = list(c("-2", "-1", 
"0", "1"), c("A", "C", "G"))), LR17_SNP1 = structure(c(0, 2, 
194, 898, 3), dim = c(5L, 1L), dimnames = list(c("-3", "-2", 
"-1", "0", "1"), "A")), LR20_SNP1 = structure(c(1, 581, 0, 0, 
155, 1), dim = 3:2, dimnames = list(c("-1", "0", "1"), c("A", 
"G"))), LR24_SNP1 = structure(c(20, 1455, 3, 0, 1, 0, 0, 1, 0
), dim = c(3L, 3L), dimnames = list(c("-1", "0", "1"), c("A", 
"G", "T"))), LR36_SNP1 = structure(c(0, 0, 0, 5, 0, 0, 4, 36, 
1655, 6), dim = c(5L, 2L), dimnames = list(c("-3", "-2", "-1", 
"0", "1"), c("A", "T"))), LR40_SNP1 = structure(c(4, 640, 1, 
5, 609, 1), dim = 3:2, dimnames = list(c("-1", "0", "1"), c("A", 
"C"))), LR44_SNP1 = structure(c(0, 0, 0, 1, 0, 0, 0, 0, 7, 123, 
0, 0, 2, 62, 481, 420, 6, 0), dim = c(6L, 3L), dimnames = list(
    c("-3", "-2", "-1", "0", "1", "2"), c("A", "C", "T"))), LR46_SNP1 = structure(c(0, 
4, 965, 2, 0, 0, 2, 946, 14, 0), dim = c(5L, 2L), dimnames = list(
    c("-2", "-1", "0", "1", "2"), c("G", "T"))), LR48_SNP1 = structure(c(0, 
0, 0, 1, 0, 0, 0, 44, 505, 369, 3, 0, 0, 0, 0, 0, 0, 0, 0, 0, 
73, 826, 3, 0), dim = c(6L, 4L), dimnames = list(c("-3", "-2", 
"-1", "0", "1", "2"), c("A", "C", "G", "T"))), LR49_SNP1 = structure(c(5, 
239, 0, 8, 255, 0), dim = 3:2, dimnames = list(c("-1", "0", "1"
), c("A", "G"))), LR52_SNP1 = structure(c(0, 0, 0, 0, 0, 1, 38, 
536, 798, 7, 0, 0, 0, 2, 0), dim = c(5L, 3L), dimnames = list(
    c("-3", "-2", "-1", "0", "1"), c("A", "C", "T"))))
