Result <-
list(DEPDC2_SNP1 = structure(c(0, 0, 0, 2, 967, 5), dim = 3:2, dimnames = list(
    c("-1", "0", "1"), c("A", "T"))), GM01_SNP1 = structure(c(0, 
3, 1515, 0, 0, 0, 1, 0, 0, 0, 0, 0), dim = 4:3, dimnames = list(
    c("-2", "-1", "0", "1"), c("A", "G", "T"))), GM07_SNP1 = structure(c(0, 
0, 0, 0, 0, 0, 3, 550, 2, 0, 1, 10, 521, 2, 0, 0, 0, 0, 0, 0), dim = 5:4, dimnames = list(
    c("-2", "-1", "0", "1", "2"), c("-", "A", "G", "T"))), GM09_SNP1 = structure(c(0, 
3, 483, 1, 0, 1, 539, 0), dim = c(4L, 2L), dimnames = list(c("-2", 
"-1", "0", "1"), c("A", "G"))), GM11_SNP1 = structure(c(0, 465, 
0, 2, 516, 0), dim = 3:2, dimnames = list(c("-1", "0", "1"), 
    c("A", "G"))), GM14_SNP1 = structure(c(0, 4, 653, 1, 0, 1, 
650, 1), dim = c(4L, 2L), dimnames = list(c("-2", "-1", "0", 
"1"), c("C", "T"))), GM17_SNP1 = structure(c(0, 0, 0, 0, 0, 0, 
1, 3, 673, 1, 0, 0, 4, 725, 1), dim = c(5L, 3L), dimnames = list(
    c("-3", "-2", "-1", "0", "1"), c("A", "C", "T"))), GM22_SNP1 = structure(c(1, 
5, 2075, 2, 0, 0, 1, 2, 0, 0, 0, 0, 0, 0, 0), dim = c(5L, 3L), dimnames = list(
    c("-2", "-1", "0", "1", "2"), c("A", "G", "T"))), GM26_SNP1 = structure(c(0, 
0, 2, 682, 0), dim = c(5L, 1L), dimnames = list(c("-3", "-2", 
"-1", "0", "1"), "A")), GM29_SNP1 = structure(c(0, 0, 4, 868, 
0), dim = c(5L, 1L), dimnames = list(c("-3", "-2", "-1", "0", 
"1"), "A")), IM16_SNP1 = structure(c(0, 0, 2, 0, 0, 0, 0, 0, 
0, 0, 0, 6, 925, 2, 0), dim = c(5L, 3L), dimnames = list(c("-2", 
"-1", "0", "1", "2"), c("A", "C", "G"))), IM49_SNP1 = structure(c(0, 
1, 0, 0, 0, 6, 283, 0), dim = c(4L, 2L), dimnames = list(c("-2", 
"-1", "0", "1"), c("C", "G"))), LR10_SNP1 = structure(c(0, 1, 
0, 0, 6, 871, 0, 0, 0, 1, 0, 0), dim = 4:3, dimnames = list(c("-1", 
"0", "1", "2"), c("A", "C", "T"))), LR11_SNP1 = structure(c(0, 
2, 400, 1, 0, 2, 361, 0, 0, 0, 0, 0, 0, 0, 0, 0), dim = c(4L, 
4L), dimnames = list(c("-2", "-1", "0", "1"), c("A", "C", "G", 
"T"))), LR17_SNP1 = structure(c(2, 7, 795, 3, 0, 0, 0, 0, 0, 
0), dim = c(5L, 2L), dimnames = list(c("-2", "-1", "0", "1", 
"2"), c("A", "G"))), LR20_SNP1 = structure(c(211, 0, 231, 0), dim = c(2L, 
2L), dimnames = list(c("0", "1"), c("A", "G"))), LR24_SNP1 = structure(c(2, 
402, 0, 0, 408, 0), dim = 3:2, dimnames = list(c("-1", "0", "1"
), c("A", "G"))), LR36_SNP1 = structure(c(0, 0, 0, 0, 3, 0, 0, 
0, 0, 6, 882, 2), dim = c(6L, 2L), dimnames = list(c("-4", "-3", 
"-2", "-1", "0", "1"), c("A", "T"))), LR40_SNP1 = structure(c(0, 
1, 0, 0, 671, 0), dim = 3:2, dimnames = list(c("-1", "0", "1"
), c("A", "C"))), LR44_SNP1 = structure(c(0, 1, 12, 320, 1, 0, 
0, 0, 0, 0, 0, 0), dim = c(6L, 2L), dimnames = list(c("-3", "-2", 
"-1", "0", "1", "2"), c("C", "T"))), LR46_SNP1 = structure(c(0, 
0, 0, 0, 847, 0, 1, 747, 1), dim = c(3L, 3L), dimnames = list(
    c("-1", "0", "1"), c("-", "G", "T"))), LR48_SNP1 = structure(c(0, 
3, 1372, 7, 0, 0, 0, 3, 0, 0), dim = c(5L, 2L), dimnames = list(
    c("-2", "-1", "0", "1", "2"), c("C", "T"))), LR49_SNP1 = structure(c(0, 
5, 0, 1, 1004, 0, 0, 0, 0), dim = c(3L, 3L), dimnames = list(
    c("-1", "0", "1"), c("A", "G", "T"))), LR52_SNP1 = structure(c(0, 
0, 0, 0, 0, 0, 2, 34, 937, 3, 0, 0, 0, 6, 0), dim = c(5L, 3L), dimnames = list(
    c("-3", "-2", "-1", "0", "1"), c("A", "C", "T"))))
