Result <-
list(DEPDC2_SNP1 = structure(c(0, 2, 0, 0, 0, 0, 1, 283, 5), dim = c(3L, 
3L), dimnames = list(c("-1", "0", "1"), c("C", "G", "T"))), GM01_SNP1 = structure(c(0, 
1, 241, 0, 0, 0, 229, 0, 0, 0, 0, 0), dim = 4:3, dimnames = list(
    c("-2", "-1", "0", "1"), c("A", "G", "T"))), GM07_SNP1 = structure(c(0, 
0, 1, 0, 0, 1, 13, 234, 2, 0), dim = c(5L, 2L), dimnames = list(
    c("-2", "-1", "0", "1", "2"), c("A", "G"))), GM09_SNP1 = structure(c(2, 
279, 2, 0, 2, 0), dim = 3:2, dimnames = list(c("-1", "0", "1"
), c("A", "G"))), GM11_SNP1 = structure(c(0, 13, 109, 0, 0, 3, 
116, 0), dim = c(4L, 2L), dimnames = list(c("-2", "-1", "0", 
"1"), c("A", "G"))), GM14_SNP1 = structure(c(0, 0, 0, 0, 0, 0, 
9, 236, 0, 0, 0, 42, 141, 0, 0), dim = c(5L, 3L), dimnames = list(
    c("-2", "-1", "0", "1", "2"), c("A", "C", "T"))), GM17_SNP1 = structure(c(0, 
0, 0, 0, 0, 3, 461, 0, 0, 0, 1, 0), dim = 4:3, dimnames = list(
    c("-3", "-1", "0", "1"), c("A", "C", "T"))), GM22_SNP1 = structure(c(0, 
0, 0, 0, 0, 0, 11, 0, 0, 13, 582, 0), dim = 4:3, dimnames = list(
    c("-2", "-1", "0", "1"), c("-", "A", "G"))), GM26_SNP1 = structure(c(0, 
66, 0, 0, 81, 0), dim = 3:2, dimnames = list(c("-1", "0", "1"
), c("A", "G"))), GM29_SNP1 = structure(c(2, 307, 0, 0, 0, 2, 
0, 0, 0, 0, 0, 0), dim = 4:3, dimnames = list(c("-1", "0", "1", 
"2"), c("A", "G", "T"))), IM16_SNP1 = structure(c(2, 112, 1, 
2, 127, 0), dim = 3:2, dimnames = list(c("-1", "0", "1"), c("A", 
"G"))), IM49_SNP1 = structure(c(0, 0, 0, 0, 1, 0, 3, 0, 0, 3, 
113, 1), dim = 4:3, dimnames = list(c("-2", "-1", "0", "1"), 
    c("A", "C", "G"))), LR10_SNP1 = structure(c(0, 0, 106, 0, 
1, 0, 131, 0), dim = c(4L, 2L), dimnames = list(c("-2", "-1", 
"0", "1"), c("C", "T"))), LR11_SNP1 = structure(c(0, 0, 0, 1, 
0, 0, 0, 7, 211, 1, 0, 0, 0, 0, 0), dim = c(5L, 3L), dimnames = list(
    c("-3", "-2", "-1", "0", "1"), c("A", "C", "T"))), LR17_SNP1 = structure(c(0, 
0, 23, 143, 0, 0, 0, 0, 0, 0, 0, 0, 0, 0, 0), dim = c(5L, 3L), dimnames = list(
    c("-4", "-2", "-1", "0", "1"), c("A", "G", "T"))), LR20_SNP1 = structure(c(0, 
53, 0, 1, 61, 0), dim = 3:2, dimnames = list(c("-1", "0", "1"
), c("A", "G"))), LR24_SNP1 = structure(c(0, 114, 0, 7, 118, 
0), dim = 3:2, dimnames = list(c("-1", "0", "1"), c("A", "G"))), 
    LR36_SNP1 = structure(c(0, 0, 0, 0, 0, 0, 2, 3, 96, 0), dim = c(5L, 
    2L), dimnames = list(c("-3", "-2", "-1", "0", "1"), c("A", 
    "T"))), LR40_SNP1 = structure(c(0, 79, 0, 0, 74, 0), dim = 3:2, dimnames = list(
        c("-1", "0", "1"), c("A", "C"))), LR44_SNP1 = structure(c(0, 
    9, 1, 76, 1, 0, 0, 0, 10, 67, 0, 0), dim = c(6L, 2L), dimnames = list(
        c("-3", "-2", "-1", "0", "1", "2"), c("C", "T"))), LR46_SNP1 = structure(c(0, 
    0, 0, 0, 0, 0, 0, 0, 0, 2, 234, 0, 0, 130, 125, 1), dim = c(4L, 
    4L), dimnames = list(c("-2", "-1", "0", "1"), c("A", "C", 
    "G", "T"))), LR48_SNP1 = structure(c(0, 0, 0, 0, 0, 0, 0, 
    66, 109, 0, 0, 0, 1, 186, 0), dim = c(5L, 3L), dimnames = list(
        c("-3", "-2", "-1", "0", "1"), c("A", "C", "T"))), LR49_SNP1 = structure(c(0, 
    143, 0, 1, 153, 0), dim = 3:2, dimnames = list(c("-1", "0", 
    "1"), c("A", "G"))), LR52_SNP1 = structure(c(0, 0, 0, 1, 
    0, 0, 33, 78, 138, 1), dim = c(5L, 2L), dimnames = list(c("-3", 
    "-2", "-1", "0", "1"), c("C", "T"))))
