Result <-
list(DEPDC2_SNP1 = structure(c(0, 0, 0, 0, 1, 953, 96, 0, 0, 
0, 0, 0, 0, 3, 0, 0), dim = c(4L, 4L), dimnames = list(c("-1", 
"0", "1", "2"), c("A", "C", "G", "T"))), GM01_SNP1 = structure(c(0, 
3, 800, 1, 0, 0, 0, 0, 0, 0, 0, 4, 775, 0, 0, 0, 0, 0, 0, 0), dim = 5:4, dimnames = list(
    c("-2", "-1", "0", "1", "2"), c("A", "C", "G", "T"))), GM07_SNP1 = structure(c(0, 
0, 0, 0, 0, 29, 383, 929, 8, 1, 0, 0, 0, 0, 0), dim = c(5L, 3L
), dimnames = list(c("-2", "-1", "0", "1", "2"), c("-", "A", 
"G"))), GM09_SNP1 = structure(c(83, 1278, 12, 0, 0, 2, 0, 0), dim = c(4L, 
2L), dimnames = list(c("-1", "0", "1", "2"), c("A", "G"))), GM11_SNP1 = structure(c(1, 
32, 789, 236, 3, 0, 0, 1, 0, 0), dim = c(5L, 2L), dimnames = list(
    c("-2", "-1", "0", "1", "2"), c("A", "G"))), GM14_SNP1 = structure(c(0, 
0, 1, 0, 0, 0, 7, 823, 46, 0, 0, 17, 914, 0, 0), dim = c(5L, 
3L), dimnames = list(c("-2", "-1", "0", "1", "2"), c("A", "C", 
"T"))), GM17_SNP1 = structure(c(0, 213, 1450, 2, 0, 0, 0, 0, 
0, 0, 4, 0), dim = 4:3, dimnames = list(c("-2", "-1", "0", "1"
), c("C", "G", "T"))), GM22_SNP1 = structure(c(0, 11, 1498, 177, 
1, 0, 0, 1, 0, 0, 0, 0, 0, 0, 0), dim = c(5L, 3L), dimnames = list(
    c("-2", "-1", "0", "1", "2"), c("A", "G", "T"))), GM26_SNP1 = structure(c(0, 
2, 510, 1, 1, 2, 480, 3, 0, 0, 0, 0), dim = 4:3, dimnames = list(
    c("-2", "-1", "0", "1"), c("A", "G", "T"))), GM29_SNP1 = structure(c(0, 
0, 4, 0, 0, 0, 10, 1037, 0, 0, 0, 0, 2, 0, 0), dim = c(5L, 3L
), dimnames = list(c("-2", "-1", "0", "1", "2"), c("A", "G", 
"T"))), IM16_SNP1 = structure(c(0, 0, 0, 0, 0, 0, 2, 150, 1076, 
71, 7, 0), dim = c(6L, 2L), dimnames = list(c("-2", "-1", "0", 
"1", "2", "3"), c("A", "G"))), IM49_SNP1 = structure(c(0, 0, 
1, 0, 0, 16, 116, 481, 3, 0), dim = c(5L, 2L), dimnames = list(
    c("-2", "-1", "0", "1", "2"), c("A", "C"))), LR10_SNP1 = structure(c(0, 
0, 0, 0, 0, 0, 2, 0, 2, 57, 1216, 2), dim = 4:3, dimnames = list(
    c("-2", "-1", "0", "1"), c("A", "C", "T"))), LR11_SNP1 = structure(c(0, 
0, 11, 511, 59, 0, 0, 0, 54, 559, 3, 0, 0, 0, 0, 0, 0, 0), dim = c(6L, 
3L), dimnames = list(c("-3", "-2", "-1", "0", "1", "2"), c("A", 
"C", "G"))), LR17_SNP1 = structure(c(0, 27, 693, 7, 0, 0, 0, 
0, 0, 0), dim = c(5L, 2L), dimnames = list(c("-2", "-1", "0", 
"1", "2"), c("A", "G"))), LR20_SNP1 = structure(c(0, 412, 0, 
3, 479, 0), dim = 3:2, dimnames = list(c("-1", "0", "1"), c("A", 
"G"))), LR24_SNP1 = structure(c(1, 432, 0, 1, 368, 1), dim = 3:2, dimnames = list(
    c("-1", "0", "1"), c("A", "G"))), LR36_SNP1 = structure(c(0, 
0, 0, 0, 0, 0, 0, 0, 2, 561, 131, 3, 0, 0, 0, 0, 0, 0, 0, 0, 
0, 0, 0, 0, 2, 78, 80, 503, 1, 0), dim = 6:5, dimnames = list(
    c("-3", "-2", "-1", "0", "1", "2"), c("-", "A", "C", "G", 
    "T"))), LR40_SNP1 = structure(c(0, 0, 0, 4, 967, 3), dim = 3:2, dimnames = list(
    c("-1", "0", "1"), c("A", "C"))), LR44_SNP1 = structure(c(3, 
41, 26, 267, 1, 0, 0, 0, 1, 2, 0, 1), dim = c(6L, 2L), dimnames = list(
    c("-3", "-2", "-1", "0", "1", "4"), c("C", "T"))), LR46_SNP1 = structure(c(7, 
815, 3, 7, 861, 0), dim = 3:2, dimnames = list(c("-1", "0", "1"
), c("G", "T"))), LR48_SNP1 = structure(c(0, 0, 0, 2, 0, 0, 3, 
241, 1098, 5, 0, 0, 1, 0, 0), dim = c(5L, 3L), dimnames = list(
    c("-3", "-2", "-1", "0", "1"), c("A", "C", "T"))), LR49_SNP1 = structure(c(0, 
174, 171, 0, 76, 278), dim = 3:2, dimnames = list(c("-2", "-1", 
"0"), c("A", "G"))), LR52_SNP1 = structure(c(0, 0, 9, 92, 390, 
33, 0, 0, 0, 0, 60, 68, 315, 122, 1, 0), dim = c(8L, 2L), dimnames = list(
    c("-4", "-3", "-2", "-1", "0", "1", "2", "3"), c("C", "T"
    ))))
