Result <-
list(DEPDC2_SNP1 = structure(c(0, 0, 0, 0, 0, 0, 0, 0, 2, 487, 
937, 2), dim = 4:3, dimnames = list(c("-2", "-1", "0", "1"), 
    c("A", "C", "T"))), GM01_SNP1 = structure(c(0, 9, 1110, 1, 
0, 8, 1056, 0), dim = c(4L, 2L), dimnames = list(c("-2", "-1", 
"0", "1"), c("A", "G"))), GM07_SNP1 = structure(c(2, 579, 124, 
152, 0, 0, 1, 0, 0, 0, 0, 4, 637, 152, 1, 0, 0, 0, 0, 0), dim = 5:4, dimnames = list(
    c("-3", "-2", "-1", "0", "1"), c("A", "C", "G", "T"))), GM09_SNP1 = structure(c(2, 
883, 0, 4, 852, 0), dim = 3:2, dimnames = list(c("-1", "0", "1"
), c("A", "G"))), GM11_SNP1 = structure(c(0, 0, 1, 0, 1, 633, 
831, 2, 0, 0, 0, 0), dim = 4:3, dimnames = list(c("-2", "-1", 
"0", "1"), c("A", "G", "T"))), GM14_SNP1 = structure(c(0, 0, 
0, 0, 0, 0, 0, 0, 0, 0, 0, 2, 0, 0, 0, 0, 6, 794, 1260, 1, 0), dim = c(7L, 
3L), dimnames = list(c("-4", "-3", "-2", "-1", "0", "1", "2"), 
    c("-", "C", "T"))), GM17_SNP1 = structure(c(0, 0, 0, 0, 0, 
0, 28, 1079, 0, 0, 0, 13, 1117, 0, 0), dim = c(5L, 3L), dimnames = list(
    c("-2", "-1", "0", "1", "2"), c("A", "C", "T"))), GM22_SNP1 = structure(c(0, 
18, 2818, 4, 0, 0, 0, 3, 0, 0), dim = c(5L, 2L), dimnames = list(
    c("-2", "-1", "0", "1", "2"), c("A", "G"))), GM26_SNP1 = structure(c(5, 
1198, 2, 0, 0, 0, 0, 1, 0), dim = c(3L, 3L), dimnames = list(
    c("-1", "0", "1"), c("A", "G", "T"))), GM29_SNP1 = structure(c(0, 
0, 0, 0, 0, 14, 1408, 0, 0, 0, 0, 0, 0, 0, 0, 0), dim = c(4L, 
4L), dimnames = list(c("-2", "-1", "0", "1"), c("-", "A", "G", 
"T"))), IM16_SNP1 = structure(c(1, 570, 942, 6, 0, 0, 0, 1, 0, 
0, 0, 0, 0, 0, 0), dim = c(5L, 3L), dimnames = list(c("-2", "-1", 
"0", "1", "2"), c("A", "G", "T"))), IM49_SNP1 = structure(c(3, 
227, 60, 0, 0, 12, 250, 0, 0, 0, 0, 0), dim = 4:3, dimnames = list(
    c("-2", "-1", "0", "1"), c("C", "G", "T"))), LR10_SNP1 = structure(c(0, 
0, 1, 0, 0, 0, 3, 0, 0, 22, 1365, 0), dim = 4:3, dimnames = list(
    c("-2", "-1", "0", "1"), c("A", "C", "T"))), LR11_SNP1 = structure(c(0, 
0, 1, 0, 2, 69, 1398, 2), dim = c(4L, 2L), dimnames = list(c("-2", 
"-1", "0", "1"), c("A", "C"))), LR17_SNP1 = structure(c(0, 9, 
752, 959, 5, 0, 0, 0, 0, 0), dim = c(5L, 2L), dimnames = list(
    c("-3", "-2", "-1", "0", "1"), c("A", "G"))), LR20_SNP1 = structure(c(0, 
442, 0, 0, 427, 1), dim = 3:2, dimnames = list(c("-1", "0", "1"
), c("A", "G"))), LR24_SNP1 = structure(c(0, 0, 0, 11, 723, 1, 
5, 715, 1), dim = c(3L, 3L), dimnames = list(c("-1", "0", "1"
), c("-", "A", "G"))), LR36_SNP1 = structure(c(0, 0, 1, 34, 723, 
5, 0, 0, 0, 0, 0, 0, 0, 0, 0, 31, 704, 0), dim = c(6L, 3L), dimnames = list(
    c("-4", "-3", "-2", "-1", "0", "1"), c("A", "C", "T"))), 
    LR40_SNP1 = structure(c(0, 1, 0, 9, 1257, 3, 0, 1, 0), dim = c(3L, 
    3L), dimnames = list(c("-1", "0", "1"), c("A", "C", "T"))), 
    LR44_SNP1 = structure(c(0, 0, 0, 0, 0, 0, 0, 1, 0, 0, 13, 
    227, 248, 2, 0, 0, 3, 53, 0, 0), dim = 5:4, dimnames = list(
        c("-2", "-1", "0", "1", "2"), c("-", "A", "C", "T"))), 
    LR46_SNP1 = structure(c(0, 0, 0, 0, 0, 67, 2442, 2, 0, 0, 
    2, 0), dim = 4:3, dimnames = list(c("-2", "-1", "0", "1"), 
        c("A", "G", "T"))), LR48_SNP1 = structure(c(0, 0, 0, 
    0, 0, 0, 0, 6, 833, 1206, 1, 0, 0, 0, 0, 2, 0, 0), dim = c(6L, 
    3L), dimnames = list(c("-3", "-2", "-1", "0", "1", "2"), 
        c("A", "C", "T"))), LR49_SNP1 = structure(c(11, 1715, 
    0, 0, 0, 0, 0, 0, 0), dim = c(3L, 3L), dimnames = list(c("-1", 
    "0", "1"), c("A", "G", "T"))), LR52_SNP1 = structure(c(0, 
    0, 0, 0, 0, 0, 0, 0, 0, 45, 261, 518, 892, 5, 0, 0, 0, 0, 
    0, 1, 0), dim = c(7L, 3L), dimnames = list(c("-5", "-4", 
    "-3", "-2", "-1", "0", "1"), c("A", "C", "T"))))
