Result <-
list(DEPDC2_SNP1 = structure(c(0, 0, 0, 2, 545, 0), dim = 3:2, dimnames = list(
    c("-1", "0", "1"), c("A", "T"))), GM01_SNP1 = structure(c(0, 
0, 0, 0, 0, 0, 1, 424, 0, 0, 0, 0, 463, 0, 0), dim = c(5L, 3L
), dimnames = list(c("-2", "-1", "0", "1", "2"), c("-", "A", 
"G"))), GM07_SNP1 = structure(c(0, 0, 0, 0, 0, 0, 4, 298, 0, 
0, 0, 10, 415, 2, 0, 0, 0, 0, 0, 0), dim = 5:4, dimnames = list(
    c("-2", "-1", "0", "1", "2"), c("-", "A", "G", "T"))), GM09_SNP1 = structure(c(1, 
660, 0, 0, 1, 0), dim = 3:2, dimnames = list(c("-1", "0", "1"
), c("A", "G"))), GM11_SNP1 = structure(c(0, 1, 201, 0, 0, 1, 
221, 1), dim = c(4L, 2L), dimnames = list(c("-2", "-1", "0", 
"1"), c("A", "G"))), GM14_SNP1 = structure(c(0, 0, 0, 0, 0, 6, 
676, 4, 0, 0, 1, 0), dim = 4:3, dimnames = list(c("-2", "-1", 
"0", "1"), c("A", "C", "T"))), GM17_SNP1 = structure(c(0, 250, 
0, 1, 369, 0), dim = 3:2, dimnames = list(c("-1", "0", "1"), 
    c("C", "T"))), GM22_SNP1 = structure(c(0, 3, 1737, 0, 0, 
0, 3, 0), dim = c(4L, 2L), dimnames = list(c("-2", "-1", "0", 
"1"), c("A", "G"))), GM26_SNP1 = structure(c(1, 377, 1), dim = c(3L, 
1L), dimnames = list(c("-1", "0", "1"), "A")), GM29_SNP1 = structure(c(3, 
523, 0, 0, 1, 1, 0, 0), dim = c(4L, 2L), dimnames = list(c("-1", 
"0", "1", "2"), c("A", "G"))), IM16_SNP1 = structure(c(0, 1, 
0, 0, 1, 508, 0, 0, 0, 1, 0, 0), dim = 4:3, dimnames = list(c("-1", 
"0", "1", "2"), c("A", "G", "T"))), IM49_SNP1 = structure(c(0, 
4, 190, 0, 0), dim = c(5L, 1L), dimnames = list(c("-2", "-1", 
"0", "1", "2"), "G")), LR10_SNP1 = structure(c(0, 0, 0, 0, 0, 
3, 236, 0, 0, 2, 261, 0), dim = 4:3, dimnames = list(c("-2", 
"-1", "0", "1"), c("-", "C", "T"))), LR11_SNP1 = structure(c(0, 
0, 1, 0, 0, 2, 470, 0), dim = c(4L, 2L), dimnames = list(c("-2", 
"-1", "0", "1"), c("A", "C"))), LR17_SNP1 = structure(c(0, 0, 
3, 410, 1, 0, 0, 0, 0, 0), dim = c(5L, 2L), dimnames = list(c("-3", 
"-2", "-1", "0", "1"), c("A", "G"))), LR20_SNP1 = structure(c(0, 
105, 0, 102), dim = c(2L, 2L), dimnames = list(c("-1", "0"), 
    c("A", "G"))), LR24_SNP1 = structure(c(2, 341, 1, 0, 179, 
0), dim = 3:2, dimnames = list(c("-1", "0", "1"), c("A", "G"))), 
    LR36_SNP1 = structure(c(0, 0, 242, 0, 0, 1, 206, 0), dim = c(4L, 
    2L), dimnames = list(c("-2", "-1", "0", "1"), c("A", "T"))), 
    LR40_SNP1 = structure(c(0, 1, 0, 0, 380, 0), dim = 3:2, dimnames = list(
        c("-1", "0", "1"), c("A", "C"))), LR44_SNP1 = structure(c(0, 
    0, 0, 24, 0, 0, 0, 0, 8, 232, 0, 0), dim = c(6L, 2L), dimnames = list(
        c("-3", "-2", "-1", "0", "1", "2"), c("C", "T"))), LR46_SNP1 = structure(c(0, 
    0, 0, 0, 2, 0, 0, 1107, 2), dim = c(3L, 3L), dimnames = list(
        c("-1", "0", "1"), c("C", "G", "T"))), LR48_SNP1 = structure(c(0, 
    0, 0, 0, 0, 0, 4, 926, 2, 0, 0, 1, 2, 0, 0), dim = c(5L, 
    3L), dimnames = list(c("-2", "-1", "0", "1", "2"), c("A", 
    "C", "T"))), LR49_SNP1 = structure(c(0, 4, 0, 466), dim = c(2L, 
    2L), dimnames = list(c("-1", "0"), c("A", "G"))), LR52_SNP1 = structure(c(0, 
    0, 1, 0, 0, 1, 12, 493, 3, 0), dim = c(5L, 2L), dimnames = list(
        c("-2", "-1", "0", "1", "2"), c("C", "T"))))
