Result <-
list(DEPDC2_SNP1 = structure(c(1, 353, 2), dim = c(3L, 1L), dimnames = list(
    c("-1", "0", "1"), "T")), GM01_SNP1 = structure(c(0, 4, 341, 
0, 0, 0, 321, 0, 0, 0, 0, 0), dim = 4:3, dimnames = list(c("-2", 
"-1", "0", "1"), c("A", "G", "T"))), GM07_SNP1 = structure(c(0, 
1, 2, 0, 0, 2, 9, 443, 0, 0), dim = c(5L, 2L), dimnames = list(
    c("-2", "-1", "0", "1", "2"), c("A", "G"))), GM09_SNP1 = structure(c(6, 
57, 2, 11, 38, 1), dim = 3:2, dimnames = list(c("-1", "0", "1"
), c("A", "G"))), GM11_SNP1 = structure(c(0, 180, 2, 0, 141, 
1), dim = 3:2, dimnames = list(c("-1", "0", "1"), c("A", "G"))), 
    GM14_SNP1 = structure(c(0, 0, 0, 0, 0, 0, 0, 1, 261, 0, 0, 
    0, 0, 240, 0), dim = c(5L, 3L), dimnames = list(c("-4", "-3", 
    "-1", "0", "1"), c("A", "C", "T"))), GM17_SNP1 = structure(c(0, 
    0, 0, 0, 0, 0, 4, 0, 0, 3, 622, 0), dim = 4:3, dimnames = list(
        c("-2", "-1", "0", "1"), c("A", "C", "T"))), GM22_SNP1 = structure(c(0, 
    1, 1023, 1, 0, 0, 3, 0, 0, 0, 0, 0), dim = 4:3, dimnames = list(
        c("-2", "-1", "0", "1"), c("A", "G", "T"))), GM26_SNP1 = structure(c(0, 
    221, 0, 0, 0, 0), dim = 3:2, dimnames = list(c("-1", "0", 
    "1"), c("A", "T"))), GM29_SNP1 = structure(c(3, 216, 0, 1, 
    180, 0), dim = 3:2, dimnames = list(c("-1", "0", "1"), c("A", 
    "G"))), IM16_SNP1 = structure(c(0, 1, 373, 2, 0, 1, 2, 0), dim = c(4L, 
    2L), dimnames = list(c("-2", "-1", "0", "1"), c("A", "G"))), 
    IM49_SNP1 = structure(c(3, 158, 0, 0, 0, 0), dim = 3:2, dimnames = list(
        c("-1", "0", "1"), c("C", "G"))), LR10_SNP1 = structure(c(0, 
    0, 0, 0, 0, 0, 1, 384, 0), dim = c(3L, 3L), dimnames = list(
        c("-1", "0", "1"), c("A", "C", "T"))), LR11_SNP1 = structure(c(0, 
    0, 193, 0, 0, 0, 1, 149, 0, 0), dim = c(5L, 2L), dimnames = list(
        c("-2", "-1", "0", "1", "2"), c("A", "C"))), LR17_SNP1 = structure(c(0, 
    4, 237, 2, 0, 0, 0, 0), dim = c(4L, 2L), dimnames = list(
        c("-2", "-1", "0", "1"), c("A", "G"))), LR20_SNP1 = structure(c(0, 
    81, 0, 0, 103, 0), dim = 3:2, dimnames = list(c("-1", "0", 
    "1"), c("A", "G"))), LR24_SNP1 = structure(c(0, 0, 1, 0, 
    0, 0, 342, 2), dim = c(4L, 2L), dimnames = list(c("-2", "-1", 
    "0", "1"), c("A", "G"))), LR36_SNP1 = structure(c(0, 0, 0, 
    157, 0, 0, 0, 0, 0, 0, 0, 0, 1, 188, 0), dim = c(5L, 3L), dimnames = list(
        c("-3", "-2", "-1", "0", "1"), c("A", "G", "T"))), LR40_SNP1 = structure(c(0, 
    0, 0, 0, 0, 0, 236, 0), dim = c(4L, 2L), dimnames = list(
        c("-2", "-1", "0", "1"), c("A", "C"))), LR44_SNP1 = structure(c(0, 
    0, 4, 141, 2), dim = c(5L, 1L), dimnames = list(c("-3", "-2", 
    "-1", "0", "1"), "C")), LR46_SNP1 = structure(c(0, 0, 0, 
    0, 349, 0, 0, 368, 0), dim = c(3L, 3L), dimnames = list(c("-1", 
    "0", "1"), c("-", "G", "T"))), LR48_SNP1 = structure(c(0, 
    6, 522, 3, 0, 0, 0, 2, 0, 0), dim = c(5L, 2L), dimnames = list(
        c("-2", "-1", "0", "1", "2"), c("C", "T"))), LR49_SNP1 = structure(c(0, 
    4, 0, 0, 385, 0, 0, 0, 0), dim = c(3L, 3L), dimnames = list(
        c("-1", "0", "1"), c("A", "G", "T"))), LR52_SNP1 = structure(c(0, 
    0, 0, 1, 175, 0, 0, 0, 0, 0, 6, 186, 2, 1), dim = c(7L, 2L
    ), dimnames = list(c("-4", "-3", "-2", "-1", "0", "1", "2"
    ), c("C", "T"))))
