Result <-
list(DEPDC2_SNP1 = structure(c(0, 0, 0, 0, 0, 0, 188, 0, 1, 49, 
153, 2), dim = 4:3, dimnames = list(c("-2", "-1", "0", "1"), 
    c("A", "C", "T"))), GM01_SNP1 = structure(c(0, 0, 0, 0, 1, 
354, 0, 0, 2, 346, 0, 0), dim = 4:3, dimnames = list(c("-1", 
"0", "1", "2"), c("-", "A", "G"))), GM07_SNP1 = structure(c(2, 
85, 364, 3, 0, 0, 0, 0, 0, 0, 0, 0, 2, 0, 0, 0, 0, 0, 0, 0), dim = 5:4, dimnames = list(
    c("-2", "-1", "0", "1", "2"), c("A", "C", "G", "T"))), GM09_SNP1 = structure(c(0, 
3, 0, 15, 100, 6, 0, 0, 0), dim = c(3L, 3L), dimnames = list(
    c("-1", "0", "1"), c("A", "G", "T"))), GM11_SNP1 = structure(c(0, 
191, 0, 0, 2, 171, 32, 1), dim = c(4L, 2L), dimnames = list(c("-1", 
"0", "1", "2"), c("A", "G"))), GM14_SNP1 = structure(c(0, 3, 
35, 613, 4, 0, 0, 0, 0, 1, 0, 0), dim = c(6L, 2L), dimnames = list(
    c("-4", "-2", "-1", "0", "1", "3"), c("C", "T"))), GM17_SNP1 = structure(c(0, 
9, 688, 1, 0, 0, 4, 0), dim = c(4L, 2L), dimnames = list(c("-2", 
"-1", "0", "1"), c("C", "T"))), GM22_SNP1 = structure(c(1, 103, 
348, 0, 0, 0, 2, 385, 0, 0, 0, 0, 0, 0, 0), dim = c(5L, 3L), dimnames = list(
    c("-2", "-1", "0", "1", "2"), c("A", "G", "T"))), GM26_SNP1 = structure(c(2, 
132, 1, 0, 120, 0), dim = 3:2, dimnames = list(c("-1", "0", "1"
), c("A", "G"))), GM29_SNP1 = structure(c(0, 3, 179, 0, 0, 7, 
190, 0), dim = c(4L, 2L), dimnames = list(c("-2", "-1", "0", 
"1"), c("A", "G"))), IM16_SNP1 = structure(c(0, 11, 192, 0, 0, 
0, 1, 172, 4, 0, 0, 0, 1, 0, 0), dim = c(5L, 3L), dimnames = list(
    c("-2", "-1", "0", "1", "2"), c("A", "G", "T"))), IM49_SNP1 = structure(c(0, 
0, 3, 0, 0, 36, 148, 0), dim = c(4L, 2L), dimnames = list(c("-2", 
"-1", "0", "1"), c("C", "G"))), LR10_SNP1 = structure(c(0, 0, 
0, 0, 0, 171, 0, 0, 5, 187, 0, 0), dim = 4:3, dimnames = list(
    c("-1", "0", "1", "2"), c("A", "C", "T"))), LR11_SNP1 = structure(c(0, 
0, 0, 0, 0, 9, 353, 1), dim = c(4L, 2L), dimnames = list(c("-2", 
"-1", "0", "1"), c("A", "C"))), LR17_SNP1 = structure(c(1, 46, 
257, 1, 0, 0, 0, 0), dim = c(4L, 2L), dimnames = list(c("-2", 
"-1", "0", "1"), c("A", "G"))), LR20_SNP1 = structure(c(0, 0, 
1, 0, 0, 18, 181, 0), dim = c(4L, 2L), dimnames = list(c("-2", 
"-1", "0", "1"), c("A", "G"))), LR24_SNP1 = structure(c(0, 2, 
241, 1, 0, 0, 238, 0, 0, 0, 0, 0), dim = 4:3, dimnames = list(
    c("-2", "-1", "0", "1"), c("A", "G", "T"))), LR36_SNP1 = structure(c(0, 
0, 0, 3, 0, 0, 0, 0, 0, 0, 0, 0, 0, 1, 14, 371, 0, 0), dim = c(6L, 
3L), dimnames = list(c("-5", "-2", "-1", "0", "1", "2"), c("A", 
"G", "T"))), LR40_SNP1 = structure(c(0, 1, 0, 8, 295, 2), dim = 3:2, dimnames = list(
    c("-1", "0", "1"), c("A", "C"))), LR44_SNP1 = structure(c(0, 
1, 0, 0, 0, 0, 4, 23, 126, 1, 0, 1, 0, 2, 5, 0, 0, 0), dim = c(6L, 
3L), dimnames = list(c("-2", "-1", "0", "1", "2", "10"), c("A", 
"C", "T"))), LR46_SNP1 = structure(c(0, 0, 0, 0, 0, 0, 6, 0, 
0, 37, 698, 0), dim = 4:3, dimnames = list(c("-2", "-1", "0", 
"1"), c("A", "G", "T"))), LR48_SNP1 = structure(c(0, 0, 0, 0, 
0, 0, 1, 67, 208, 2, 0, 0, 7, 245, 1), dim = c(5L, 3L), dimnames = list(
    c("-3", "-2", "-1", "0", "1"), c("A", "C", "T"))), LR49_SNP1 = structure(c(1, 
182, 0, 4, 219, 0), dim = 3:2, dimnames = list(c("-1", "0", "1"
), c("A", "G"))), LR52_SNP1 = structure(c(0, 0, 0, 0, 0, 0, 0, 
0, 0, 0, 0, 9, 165, 12, 13, 10, 0, 0, 10, 61, 142, 3, 0, 0), dim = c(8L, 
3L), dimnames = list(c("-4", "-3", "-2", "-1", "0", "1", "2", 
"3"), c("A", "C", "T"))))
