Result <-
list(DEPDC2_SNP1 = structure(c(0, 317, 79, 0), dim = c(4L, 1L
), dimnames = list(c("-1", "0", "1", "2"), "T")), GM01_SNP1 = structure(c(11, 
723, 1, 0, 1, 0, 0, 0, 0), dim = c(3L, 3L), dimnames = list(c("-1", 
"0", "1"), c("A", "G", "T"))), GM07_SNP1 = structure(c(0, 0, 
3, 0, 0, 0, 43, 403, 1, 0), dim = c(5L, 2L), dimnames = list(
    c("-2", "-1", "0", "1", "2"), c("A", "G"))), GM09_SNP1 = structure(c(0, 
0, 240, 0, 0, 0, 203, 0), dim = c(4L, 2L), dimnames = list(c("-2", 
"-1", "0", "1"), c("A", "G"))), GM11_SNP1 = structure(c(3, 361, 
0), dim = c(3L, 1L), dimnames = list(c("-1", "0", "1"), "A")), 
    GM14_SNP1 = structure(c(0, 19, 280, 0, 1, 3, 286, 1), dim = c(4L, 
    2L), dimnames = list(c("-2", "-1", "0", "1"), c("C", "T"))), 
    GM17_SNP1 = structure(c(6, 634, 1, 0, 3, 0), dim = 3:2, dimnames = list(
        c("-1", "0", "1"), c("C", "T"))), GM22_SNP1 = structure(c(0, 
    0, 0, 0, 0, 5, 568, 2, 0, 6, 501, 0, 0, 0, 0, 0), dim = c(4L, 
    4L), dimnames = list(c("-2", "-1", "0", "1"), c("-", "A", 
    "G", "T"))), GM26_SNP1 = structure(c(1, 280, 0, 0, 1, 0), dim = 3:2, dimnames = list(
        c("-1", "0", "1"), c("A", "G"))), GM29_SNP1 = structure(c(0, 
    0, 0, 0, 0, 0, 0, 0, 0, 5, 400, 0), dim = 4:3, dimnames = list(
        c("-2", "-1", "0", "1"), c("A", "C", "G"))), IM16_SNP1 = structure(c(0, 
    2, 192, 2, 0, 7, 210, 0, 0, 0, 1, 0), dim = 4:3, dimnames = list(
        c("-2", "-1", "0", "1"), c("A", "G", "T"))), IM49_SNP1 = structure(c(0, 
    2, 16, 161, 1), dim = c(5L, 1L), dimnames = list(c("-3", 
    "-2", "-1", "0", "1"), "C")), LR10_SNP1 = structure(c(0, 
    0, 1, 0, 0, 0, 1, 0, 0, 1, 382, 3), dim = 4:3, dimnames = list(
        c("-2", "-1", "0", "1"), c("A", "C", "T"))), LR11_SNP1 = structure(c(0, 
    13, 335, 0), dim = c(4L, 1L), dimnames = list(c("-2", "-1", 
    "0", "1"), "C")), LR17_SNP1 = structure(c(1, 15, 241, 0, 
    0, 0, 0, 0), dim = c(4L, 2L), dimnames = list(c("-2", "-1", 
    "0", "1"), c("A", "G"))), LR20_SNP1 = structure(c(0, 0, 0, 
    0, 102, 0, 1, 75, 0, 0, 0, 0), dim = 3:4, dimnames = list(
        c("-1", "0", "1"), c("-", "A", "G", "T"))), LR24_SNP1 = structure(c(2, 
    440, 0, 0, 1, 0), dim = 3:2, dimnames = list(c("-1", "0", 
    "1"), c("A", "G"))), LR36_SNP1 = structure(c(0, 0, 1, 0, 
    0, 0, 0, 0, 0, 0, 0, 0, 0, 7, 375, 2), dim = c(4L, 4L), dimnames = list(
        c("-2", "-1", "0", "1"), c("A", "C", "G", "T"))), LR40_SNP1 = structure(c(0, 
    1, 0, 2, 277, 0, 0, 0, 0, 0, 0, 0), dim = 3:4, dimnames = list(
        c("-1", "0", "1"), c("A", "C", "G", "T"))), LR44_SNP1 = structure(c(0, 
    1, 54, 154, 2), dim = c(5L, 1L), dimnames = list(c("-3", 
    "-2", "-1", "0", "1"), "C")), LR46_SNP1 = structure(c(0, 
    8, 336, 0, 0, 170, 209, 0), dim = c(4L, 2L), dimnames = list(
        c("-2", "-1", "0", "1"), c("G", "T"))), LR48_SNP1 = structure(c(0, 
    0, 5, 291, 0, 0, 0, 0, 0, 0, 0, 0, 0, 10, 30, 251, 0, 0), dim = c(6L, 
    3L), dimnames = list(c("-3", "-2", "-1", "0", "1", "2"), 
        c("C", "G", "T"))), LR49_SNP1 = structure(c(0, 238, 3, 
    209, 0, 0), dim = 2:3, dimnames = list(c("-1", "0"), c("A", 
    "G", "T"))), LR52_SNP1 = structure(c(0, 3, 20, 167, 2, 0, 
    0, 6, 53, 132, 1, 0), dim = c(6L, 2L), dimnames = list(c("-3", 
    "-2", "-1", "0", "1", "2"), c("C", "T"))))
