Result <-
list(DEPDC2_SNP1 = structure(c(0, 2, 0, 0, 315, 0), dim = 3:2, dimnames = list(
    c("-1", "0", "1"), c("C", "T"))), GM01_SNP1 = structure(c(0, 
0, 0, 0, 1, 580, 3, 0, 0, 1, 0, 0), dim = 4:3, dimnames = list(
    c("-1", "0", "1", "2"), c("-", "A", "G"))), GM07_SNP1 = structure(c(0, 
0, 0, 0, 0, 0, 4, 406, 3, 0, 0, 0, 3, 0, 0), dim = c(5L, 3L), dimnames = list(
    c("-2", "-1", "0", "1", "2"), c("-", "A", "G"))), GM09_SNP1 = structure(c(0, 
178, 0, 0, 184, 0), dim = 3:2, dimnames = list(c("-1", "0", "1"
), c("A", "G"))), GM11_SNP1 = structure(c(0, 0, 290, 1, 0, 0, 
3, 0), dim = c(4L, 2L), dimnames = list(c("-2", "-1", "0", "1"
), c("A", "G"))), GM14_SNP1 = structure(c(0, 3, 252, 0, 0, 3, 
257, 0), dim = c(4L, 2L), dimnames = list(c("-2", "-1", "0", 
"1"), c("C", "T"))), GM17_SNP1 = structure(c(0, 0, 0, 0, 0, 0, 
1, 270, 0, 1, 0, 2, 310, 1, 0), dim = c(5L, 3L), dimnames = list(
    c("-2", "-1", "0", "1", "2"), c("A", "C", "T"))), GM22_SNP1 = structure(c(0, 
0, 3, 448, 0, 0, 0, 0, 0, 366, 0, 0), dim = c(6L, 2L), dimnames = list(
    c("-3", "-2", "-1", "0", "1", "2"), c("A", "G"))), GM26_SNP1 = structure(c(2, 
188, 2, 0, 0, 4, 0, 0), dim = c(4L, 2L), dimnames = list(c("-1", 
"0", "1", "2"), c("A", "G"))), GM29_SNP1 = structure(c(0, 2, 
364, 0, 0, 0, 8, 0), dim = c(4L, 2L), dimnames = list(c("-2", 
"-1", "0", "1"), c("A", "G"))), IM16_SNP1 = structure(c(0, 0, 
149, 0, 0, 0, 1, 157, 1, 0), dim = c(5L, 2L), dimnames = list(
    c("-2", "-1", "0", "1", "3"), c("A", "G"))), IM49_SNP1 = structure(c(0, 
0, 0, 0, 0, 0, 0, 60, 0, 0, 0, 0, 79, 0, 0), dim = c(5L, 3L), dimnames = list(
    c("-2", "-1", "0", "1", "2"), c("-", "C", "G"))), LR10_SNP1 = structure(c(2, 
143, 0, 0, 1, 135, 0, 0), dim = c(4L, 2L), dimnames = list(c("-1", 
"0", "1", "2"), c("C", "T"))), LR11_SNP1 = structure(c(0, 1, 
4, 0, 0, 0, 1, 265, 1, 0, 0, 0, 0, 0, 0), dim = c(5L, 3L), dimnames = list(
    c("-2", "-1", "0", "1", "2"), c("A", "C", "T"))), LR17_SNP1 = structure(c(0, 
2, 188, 1), dim = c(4L, 1L), dimnames = list(c("-2", "-1", "0", 
"1"), "A")), LR20_SNP1 = structure(c(0, 0, 0, 0, 134, 0, 0, 1, 
0), dim = c(3L, 3L), dimnames = list(c("-1", "0", "1"), c("-", 
"A", "G"))), LR24_SNP1 = structure(c(0, 203, 0, 0, 191, 0), dim = 3:2, dimnames = list(
    c("-1", "0", "1"), c("A", "G"))), LR36_SNP1 = structure(c(0, 
1, 110, 0, 0, 0, 0, 0, 0, 1, 97, 2), dim = 4:3, dimnames = list(
    c("-2", "-1", "0", "1"), c("A", "C", "T"))), LR40_SNP1 = structure(c(0, 
0, 0, 1, 221, 0), dim = 3:2, dimnames = list(c("-1", "0", "1"
), c("A", "C"))), LR44_SNP1 = structure(c(0, 0, 1, 0, 0, 1, 170, 
0, 0, 0, 3, 0), dim = 4:3, dimnames = list(c("-2", "-1", "0", 
"1"), c("A", "C", "T"))), LR46_SNP1 = structure(c(0, 0, 0, 0, 
17, 0, 0, 637, 1), dim = c(3L, 3L), dimnames = list(c("-1", "0", 
"1"), c("A", "G", "T"))), LR48_SNP1 = structure(c(0, 0, 0, 1, 
0, 0, 0, 0, 225, 0, 0, 0, 1, 220, 1), dim = c(5L, 3L), dimnames = list(
    c("-3", "-2", "-1", "0", "1"), c("A", "C", "T"))), LR49_SNP1 = structure(c(0, 
0, 1, 370, 0, 0), dim = 2:3, dimnames = list(c("-1", "0"), c("A", 
"G", "T"))), LR52_SNP1 = structure(c(0, 2, 14, 295, 4, 0, 0, 
0, 1, 8, 0, 0), dim = c(6L, 2L), dimnames = list(c("-3", "-2", 
"-1", "0", "1", "2"), c("C", "T"))))
