Result <-
list(DEPDC2_SNP1 = structure(c(0, 1, 150, 0, 0, 1, 182, 0), dim = c(4L, 
2L), dimnames = list(c("-2", "-1", "0", "1"), c("C", "T"))), 
    GM01_SNP1 = structure(c(0, 1, 287, 0, 0, 0, 0, 0, 0, 0, 257, 
    2, 0, 0, 0, 0), dim = c(4L, 4L), dimnames = list(c("-2", 
    "-1", "0", "1"), c("A", "C", "G", "T"))), GM07_SNP1 = structure(c(0, 
    0, 0, 0, 0, 0, 1, 175, 3, 0, 0, 3, 155, 0, 1), dim = c(5L, 
    3L), dimnames = list(c("-2", "-1", "0", "1", "2"), c("-", 
    "A", "G"))), GM09_SNP1 = structure(c(0, 184, 0, 0, 156, 0
    ), dim = 3:2, dimnames = list(c("-1", "0", "1"), c("A", "G"
    ))), GM11_SNP1 = structure(c(0, 0, 139, 0, 0, 0, 146, 0), dim = c(4L, 
    2L), dimnames = list(c("-2", "-1", "0", "1"), c("A", "G"))), 
    GM14_SNP1 = structure(c(0, 3, 268, 0, 0, 0, 2, 203, 0, 0), dim = c(5L, 
    2L), dimnames = list(c("-2", "-1", "0", "1", "2"), c("C", 
    "T"))), GM17_SNP1 = structure(c(0, 2, 473, 0, 0, 0, 8, 0), dim = c(4L, 
    2L), dimnames = list(c("-2", "-1", "0", "1"), c("C", "T"))), 
    GM22_SNP1 = structure(c(0, 0, 13, 0, 0, 4, 826, 0), dim = c(4L, 
    2L), dimnames = list(c("-2", "-1", "0", "1"), c("A", "G"))), 
    GM26_SNP1 = structure(c(0, 0, 176, 0), dim = c(4L, 1L), dimnames = list(
        c("-2", "-1", "0", "1"), "A")), GM29_SNP1 = structure(c(0, 
    0, 0, 155, 0, 0, 0, 0, 144, 0), dim = c(5L, 2L), dimnames = list(
        c("-3", "-2", "-1", "0", "1"), c("A", "G"))), IM16_SNP1 = structure(c(0, 
    0, 159, 0, 0, 0, 0, 153, 0, 0), dim = c(5L, 2L), dimnames = list(
        c("-2", "-1", "0", "1", "2"), c("A", "G"))), IM49_SNP1 = structure(c(0, 
    1, 0, 0, 2, 143, 0, 0), dim = c(4L, 2L), dimnames = list(
        c("-1", "0", "1", "2"), c("C", "G"))), LR10_SNP1 = structure(c(0, 
    0, 143, 1, 0, 0, 137, 0), dim = c(4L, 2L), dimnames = list(
        c("-2", "-1", "0", "1"), c("C", "T"))), LR11_SNP1 = structure(c(0, 
    1, 0, 0, 0, 0, 250, 0), dim = c(4L, 2L), dimnames = list(
        c("-3", "-1", "0", "1"), c("A", "C"))), LR17_SNP1 = structure(c(0, 
    2, 157, 0, 0, 0, 0, 0), dim = c(4L, 2L), dimnames = list(
        c("-2", "-1", "0", "1"), c("A", "G"))), LR20_SNP1 = structure(c(117, 
    0, 2, 0), dim = c(2L, 2L), dimnames = list(c("0", "1"), c("A", 
    "G"))), LR24_SNP1 = structure(c(1, 340, 0, 0, 3, 0), dim = 3:2, dimnames = list(
        c("-1", "0", "1"), c("A", "G"))), LR36_SNP1 = structure(c(0, 
    0, 0, 3, 0, 0, 0, 0, 1, 0, 0, 1, 1, 265, 0), dim = c(5L, 
    3L), dimnames = list(c("-3", "-2", "-1", "0", "1"), c("A", 
    "G", "T"))), LR40_SNP1 = structure(c(0, 101, 0, 1, 139, 0, 
    0, 0, 0), dim = c(3L, 3L), dimnames = list(c("-1", "0", "1"
    ), c("A", "C", "G"))), LR44_SNP1 = structure(c(0, 3, 121, 
    1, 1, 0, 1, 0), dim = c(4L, 2L), dimnames = list(c("-2", 
    "-1", "0", "1"), c("C", "T"))), LR46_SNP1 = structure(c(0, 
    0, 0, 0, 6, 0, 2, 610, 0), dim = c(3L, 3L), dimnames = list(
        c("-1", "0", "1"), c("A", "G", "T"))), LR48_SNP1 = structure(c(0, 
    0, 0, 0, 0, 0, 0, 0, 0, 0, 0, 0, 1, 204, 0, 0, 2, 243, 2, 
    0), dim = 5:4, dimnames = list(c("-3", "-2", "-1", "0", "1"
    ), c("-", "A", "C", "T"))), LR49_SNP1 = structure(c(0, 287, 
    0, 3), dim = c(2L, 2L), dimnames = list(c("-1", "0"), c("A", 
    "G"))), LR52_SNP1 = structure(c(0, 0, 0, 0, 0, 0, 0, 0, 2, 
    0, 0, 0, 8, 301, 2), dim = c(5L, 3L), dimnames = list(c("-3", 
    "-2", "-1", "0", "1"), c("A", "C", "T"))))
