Result <-
list(DEPDC2_SNP1 = structure(c(0, 0, 0, 0, 0, 5, 482, 1), dim = c(4L, 
2L), dimnames = list(c("-2", "-1", "0", "1"), c("C", "T"))), 
    GM01_SNP1 = structure(c(15, 737, 1, 0, 0, 1, 0, 0, 0, 0, 
    0, 0), dim = 4:3, dimnames = list(c("-1", "0", "1", "2"), 
        c("A", "G", "T"))), GM07_SNP1 = structure(c(0, 54, 166, 
    2, 0, 0, 61, 167, 0, 0, 0, 0, 0, 0, 0), dim = c(5L, 3L), dimnames = list(
        c("-2", "-1", "0", "1", "2"), c("A", "G", "T"))), GM09_SNP1 = structure(c(6, 
    262, 0, 0, 236, 0, 0, 0, 0), dim = c(3L, 3L), dimnames = list(
        c("-1", "0", "1"), c("A", "G", "T"))), GM11_SNP1 = structure(c(4, 
    362, 4, 0, 0, 0), dim = 3:2, dimnames = list(c("-1", "0", 
    "1"), c("A", "G"))), GM14_SNP1 = structure(c(0, 0, 0, 0, 
    0, 0, 1, 0, 0, 72, 537, 0, 0, 0, 3, 0), dim = c(4L, 4L), dimnames = list(
        c("-2", "-1", "0", "1"), c("-", "A", "C", "T"))), GM17_SNP1 = structure(c(0, 
    0, 0, 0, 0, 1, 3, 0, 0, 8, 706, 1), dim = 4:3, dimnames = list(
        c("-2", "-1", "0", "1"), c("A", "C", "T"))), GM22_SNP1 = structure(c(1, 
    18, 1092, 2, 0, 0, 2, 0), dim = c(4L, 2L), dimnames = list(
        c("-2", "-1", "0", "1"), c("A", "G"))), GM26_SNP1 = structure(c(0, 
    26, 258, 0), dim = c(4L, 1L), dimnames = list(c("-2", "-1", 
    "0", "1"), "A")), GM29_SNP1 = structure(c(3, 213, 5, 5, 214, 
    0), dim = 3:2, dimnames = list(c("-1", "0", "1"), c("A", 
    "G"))), IM16_SNP1 = structure(c(0, 0, 0, 0, 0, 4, 211, 0, 
    1, 39, 180, 0, 0, 0, 0, 0), dim = c(4L, 4L), dimnames = list(
        c("-2", "-1", "0", "1"), c("-", "A", "G", "T"))), IM49_SNP1 = structure(c(0, 
    13, 89, 0, 0, 0, 17, 65, 0, 0), dim = c(5L, 2L), dimnames = list(
        c("-2", "-1", "0", "1", "2"), c("C", "G"))), LR10_SNP1 = structure(c(5, 
    179, 0, 1, 208, 0), dim = 3:2, dimnames = list(c("-1", "0", 
    "1"), c("C", "T"))), LR11_SNP1 = structure(c(0, 4, 188, 0, 
    0, 33, 150, 0, 0, 0, 0, 0, 0, 0, 0, 0), dim = c(4L, 4L), dimnames = list(
        c("-2", "-1", "0", "1"), c("A", "C", "G", "T"))), LR17_SNP1 = structure(c(1, 
    19, 274, 1), dim = c(4L, 1L), dimnames = list(c("-2", "-1", 
    "0", "1"), "A")), LR20_SNP1 = structure(c(0, 1, 189, 0), dim = c(4L, 
    1L), dimnames = list(c("-2", "-1", "0", "1"), "G")), LR24_SNP1 = structure(c(0, 
    54, 420, 0), dim = c(4L, 1L), dimnames = list(c("-2", "-1", 
    "0", "1"), "A")), LR36_SNP1 = structure(c(0, 1, 15, 200, 
    0, 0, 1, 68, 121, 0), dim = c(5L, 2L), dimnames = list(c("-3", 
    "-2", "-1", "0", "1"), c("A", "T"))), LR40_SNP1 = structure(c(2, 
    292, 1), dim = c(3L, 1L), dimnames = list(c("-1", "0", "1"
    ), "C")), LR44_SNP1 = structure(c(3, 21, 170, 0, 0, 0, 1, 
    52, 0, 0), dim = c(5L, 2L), dimnames = list(c("-2", "-1", 
    "0", "1", "2"), c("C", "T"))), LR46_SNP1 = structure(c(0, 
    0, 0, 0, 6, 0, 8, 765, 3), dim = c(3L, 3L), dimnames = list(
        c("-1", "0", "1"), c("-", "G", "T"))), LR48_SNP1 = structure(c(0, 
    0, 0, 0, 0, 0, 0, 0, 9, 290, 2, 0, 0, 1, 124, 198, 3, 0), dim = c(6L, 
    3L), dimnames = list(c("-3", "-2", "-1", "0", "1", "2"), 
        c("A", "C", "T"))), LR49_SNP1 = structure(c(6, 210, 0, 
    11, 241, 0, 0, 0, 0), dim = c(3L, 3L), dimnames = list(c("-1", 
    "0", "1"), c("A", "G", "T"))), LR52_SNP1 = structure(c(1, 
    7, 48, 151, 10, 0, 0, 39, 48, 140, 0, 0), dim = c(6L, 2L), dimnames = list(
        c("-3", "-2", "-1", "0", "1", "2"), c("C", "T"))))
