Result <-
list(DEPDC2_SNP1 = structure(c(0, 1, 0, 1, 361, 0), dim = 3:2, dimnames = list(
    c("-1", "0", "1"), c("C", "T"))), GM01_SNP1 = structure(c(2, 
564, 0, 0, 6, 0), dim = 3:2, dimnames = list(c("-1", "0", "1"
), c("A", "G"))), GM07_SNP1 = structure(c(0, 0, 0, 0, 0, 0, 60, 
131, 1, 0, 2, 41, 139, 2, 0), dim = c(5L, 3L), dimnames = list(
    c("-2", "-1", "0", "1", "2"), c("-", "A", "G"))), GM09_SNP1 = structure(c(0, 
206, 0, 15, 169, 0), dim = 3:2, dimnames = list(c("-1", "0", 
"1"), c("A", "G"))), GM11_SNP1 = structure(c(0, 164, 0, 0, 180, 
0), dim = 3:2, dimnames = list(c("-1", "0", "1"), c("A", "G"))), 
    GM14_SNP1 = structure(c(0, 0, 0, 0, 0, 0, 0, 0, 4, 263, 1, 
    0, 0, 0, 26, 212, 0, 0), dim = c(6L, 3L), dimnames = list(
        c("-3", "-2", "-1", "0", "1", "2"), c("A", "C", "T"))), 
    GM17_SNP1 = structure(c(0, 1, 120, 172, 0, 0, 0, 24, 273, 
    0), dim = c(5L, 2L), dimnames = list(c("-3", "-2", "-1", 
    "0", "1"), c("C", "T"))), GM22_SNP1 = structure(c(0, 0, 135, 
    782, 0, 0, 0, 0, 3, 0), dim = c(5L, 2L), dimnames = list(
        c("-3", "-2", "-1", "0", "1"), c("A", "G"))), GM26_SNP1 = structure(c(1, 
    240, 0, 0, 2, 0, 0, 0, 0), dim = c(3L, 3L), dimnames = list(
        c("-1", "0", "1"), c("A", "G", "T"))), GM29_SNP1 = structure(c(0, 
    45, 296, 0, 0, 0, 5, 0), dim = c(4L, 2L), dimnames = list(
        c("-2", "-1", "0", "1"), c("A", "G"))), IM16_SNP1 = structure(c(68, 
    289, 0, 0, 2, 0, 0, 0, 0), dim = c(3L, 3L), dimnames = list(
        c("-1", "0", "1"), c("A", "G", "T"))), IM49_SNP1 = structure(c(0, 
    0, 17, 152, 0, 0, 0, 0, 0, 0, 1, 0, 0, 0), dim = c(7L, 2L
    ), dimnames = list(c("-3", "-2", "-1", "0", "1", "2", "3"
    ), c("C", "G"))), LR10_SNP1 = structure(c(0, 1, 119, 0, 0, 
    2, 151, 0), dim = c(4L, 2L), dimnames = list(c("-2", "-1", 
    "0", "1"), c("C", "T"))), LR11_SNP1 = structure(c(3, 8, 154, 
    0, 0, 2, 128, 0, 0, 0, 0, 0), dim = 4:3, dimnames = list(
        c("-2", "-1", "0", "1"), c("A", "C", "G"))), LR17_SNP1 = structure(c(0, 
    35, 187, 0, 0, 0, 0, 0), dim = c(4L, 2L), dimnames = list(
        c("-2", "-1", "0", "1"), c("A", "G"))), LR20_SNP1 = structure(c(0, 
    77, 0, 5, 79, 0), dim = 3:2, dimnames = list(c("-1", "0", 
    "1"), c("A", "G"))), LR24_SNP1 = structure(c(0, 0, 4, 17, 
    102, 235), dim = 3:2, dimnames = list(c("-2", "-1", "0"), 
        c("A", "G"))), LR36_SNP1 = structure(c(0, 1, 54, 95, 
    0, 0, 17, 55, 66, 0), dim = c(5L, 2L), dimnames = list(c("-3", 
    "-2", "-1", "0", "1"), c("A", "T"))), LR40_SNP1 = structure(c(0, 
    0, 0, 4, 255, 0), dim = 3:2, dimnames = list(c("-1", "0", 
    "1"), c("A", "C"))), LR44_SNP1 = structure(c(1, 9, 69, 0, 
    0, 0, 13, 84, 0, 0), dim = c(5L, 2L), dimnames = list(c("-2", 
    "-1", "0", "1", "2"), c("C", "T"))), LR46_SNP1 = structure(c(27, 
    337, 0, 1, 327, 0), dim = 3:2, dimnames = list(c("-1", "0", 
    "1"), c("G", "T"))), LR48_SNP1 = structure(c(0, 0, 0, 0, 
    0, 73, 438, 0, 0, 1, 3, 1), dim = 4:3, dimnames = list(c("-2", 
    "-1", "0", "1"), c("A", "C", "T"))), LR49_SNP1 = structure(c(1, 
    199, 0, 2, 184, 0), dim = 3:2, dimnames = list(c("-1", "0", 
    "1"), c("A", "G"))), LR52_SNP1 = structure(c(0, 0, 0, 0, 
    0, 0, 0, 1, 66, 17, 91, 0, 0, 11, 62, 8, 97, 2), dim = c(6L, 
    3L), dimnames = list(c("-4", "-3", "-2", "-1", "0", "1"), 
        c("A", "C", "T"))))
