Result <-
list(DEPDC2_SNP1 = structure(c(0, 0, 0, 0, 186, 1, 0, 178, 0), dim = c(3L, 
3L), dimnames = list(c("-1", "0", "1"), c("A", "C", "T"))), GM01_SNP1 = structure(c(0, 
1, 291, 0, 0, 2, 348, 1), dim = c(4L, 2L), dimnames = list(c("-2", 
"-1", "0", "1"), c("A", "G"))), GM07_SNP1 = structure(c(0, 0, 
4, 1, 0, 0, 7, 448, 0, 0), dim = c(5L, 2L), dimnames = list(c("-2", 
"-1", "0", "1", "2"), c("A", "G"))), GM09_SNP1 = structure(c(1, 
459, 0, 0, 4, 0), dim = 3:2, dimnames = list(c("-1", "0", "1"
), c("A", "G"))), GM11_SNP1 = structure(c(0, 0, 0, 0, 388, 0, 
0, 2, 0), dim = c(3L, 3L), dimnames = list(c("-1", "0", "1"), 
    c("-", "A", "G"))), GM14_SNP1 = structure(c(0, 0, 0, 3, 581, 
1, 0, 0, 0, 0, 0, 1, 0, 0), dim = c(7L, 2L), dimnames = list(
    c("-4", "-3", "-2", "-1", "0", "1", "2"), c("C", "T"))), 
    GM17_SNP1 = structure(c(2, 607, 0, 0, 6, 0), dim = 3:2, dimnames = list(
        c("-1", "0", "1"), c("C", "T"))), GM22_SNP1 = structure(c(0, 
    0, 553, 0, 0, 3, 480, 0, 0, 0, 0, 0), dim = 4:3, dimnames = list(
        c("-2", "-1", "0", "1"), c("A", "G", "T"))), GM26_SNP1 = structure(c(0, 
    139, 0, 0, 137, 1), dim = 3:2, dimnames = list(c("-1", "0", 
    "1"), c("A", "G"))), GM29_SNP1 = structure(c(0, 0, 183, 0, 
    0, 0, 2, 213, 0, 0), dim = c(5L, 2L), dimnames = list(c("-2", 
    "-1", "0", "1", "2"), c("A", "G"))), IM16_SNP1 = structure(c(2, 
    400, 2, 0, 3, 0, 0, 0, 0), dim = c(3L, 3L), dimnames = list(
        c("-1", "0", "1"), c("A", "G", "T"))), IM49_SNP1 = structure(c(1, 
    161, 1, 0, 0, 0, 0, 0), dim = c(4L, 2L), dimnames = list(
        c("-1", "0", "1", "2"), c("C", "G"))), LR10_SNP1 = structure(c(0, 
    1, 0, 1, 353, 0), dim = 3:2, dimnames = list(c("-1", "0", 
    "1"), c("C", "T"))), LR11_SNP1 = structure(c(0, 0, 0, 138, 
    0, 0, 0, 2, 147, 0), dim = c(5L, 2L), dimnames = list(c("-3", 
    "-2", "-1", "0", "1"), c("A", "C"))), LR17_SNP1 = structure(c(2, 
    1, 222, 1, 0, 0, 0, 0), dim = c(4L, 2L), dimnames = list(
        c("-2", "-1", "0", "1"), c("A", "G"))), LR20_SNP1 = structure(c(0, 
    1, 0, 190), dim = c(2L, 2L), dimnames = list(c("-1", "0"), 
        c("A", "G"))), LR24_SNP1 = structure(c(1, 162, 0, 0, 
    245, 0), dim = 3:2, dimnames = list(c("-1", "0", "1"), c("A", 
    "G"))), LR36_SNP1 = structure(c(0, 0, 0, 0, 0, 0, 2, 161, 
    1, 0, 0, 0, 0, 0, 0, 0, 0, 179, 0, 0), dim = 5:4, dimnames = list(
        c("-2", "-1", "0", "1", "2"), c("-", "A", "G", "T"))), 
    LR40_SNP1 = structure(c(0, 251, 0, 0, 0, 0), dim = 3:2, dimnames = list(
        c("-1", "0", "1"), c("C", "T"))), LR44_SNP1 = structure(c(0, 
    0, 1, 113, 1, 0, 1, 0, 3, 88, 0, 0), dim = c(6L, 2L), dimnames = list(
        c("-3", "-2", "-1", "0", "1", "2"), c("C", "T"))), LR46_SNP1 = structure(c(0, 
    0, 0, 0, 353, 0, 1, 377, 1), dim = c(3L, 3L), dimnames = list(
        c("-1", "0", "1"), c("C", "G", "T"))), LR48_SNP1 = structure(c(0, 
    0, 4, 520, 2, 0, 0, 0, 0, 0, 0, 0, 0, 0, 0, 4, 0, 0), dim = c(6L, 
    3L), dimnames = list(c("-3", "-2", "-1", "0", "1", "2"), 
        c("C", "G", "T"))), LR49_SNP1 = structure(c(0, 220, 1, 
    206), dim = c(2L, 2L), dimnames = list(c("-1", "0"), c("A", 
    "G"))), LR52_SNP1 = structure(c(1, 8, 193, 0, 1, 3, 158, 
    1), dim = c(4L, 2L), dimnames = list(c("-2", "-1", "0", "1"
    ), c("C", "T"))))
