Result <-
list(DEPDC2_SNP1 = structure(c(0, 0, 0, 0, 0, 1, 346, 60), dim = c(4L, 
2L), dimnames = list(c("-2", "-1", "0", "1"), c("C", "T"))), 
    GM01_SNP1 = structure(c(0, 4, 394, 1, 0, 2, 384, 0), dim = c(4L, 
    2L), dimnames = list(c("-2", "-1", "0", "1"), c("A", "G"))), 
    GM07_SNP1 = structure(c(0, 123, 127, 1, 0, 6, 120, 128, 0, 
    0), dim = c(5L, 2L), dimnames = list(c("-2", "-1", "0", "1", 
    "2"), c("A", "G"))), GM09_SNP1 = structure(c(0, 2, 0, 4, 
    494, 0), dim = 3:2, dimnames = list(c("-1", "0", "1"), c("A", 
    "G"))), GM11_SNP1 = structure(c(2, 343, 109, 0), dim = c(4L, 
    1L), dimnames = list(c("-1", "0", "1", "2"), "A")), GM14_SNP1 = structure(c(0, 
    0, 5, 310, 1, 0, 0, 4, 344, 0), dim = c(5L, 2L), dimnames = list(
        c("-3", "-2", "-1", "0", "1"), c("C", "T"))), GM17_SNP1 = structure(c(0, 
    0, 0, 0, 0, 1, 1, 0, 0, 2, 759, 3), dim = 4:3, dimnames = list(
        c("-2", "-1", "0", "1"), c("A", "C", "T"))), GM22_SNP1 = structure(c(0, 
    1, 7, 1086, 4, 0, 0, 0, 0, 1, 0, 0, 0, 0, 0, 0, 0, 0), dim = c(6L, 
    3L), dimnames = list(c("-3", "-2", "-1", "0", "1", "2"), 
        c("A", "G", "T"))), GM26_SNP1 = structure(c(0, 144, 1, 
    1, 150, 0), dim = 3:2, dimnames = list(c("-1", "0", "1"), 
        c("A", "G"))), GM29_SNP1 = structure(c(0, 10, 476, 0, 
    0, 0, 1, 0, 0, 0, 0, 0), dim = 4:3, dimnames = list(c("-2", 
    "-1", "0", "1"), c("A", "G", "T"))), IM16_SNP1 = structure(c(0, 
    2, 239, 1, 0, 2, 236, 1), dim = c(4L, 2L), dimnames = list(
        c("-2", "-1", "0", "1"), c("A", "G"))), IM49_SNP1 = structure(c(0, 
    0, 0, 1, 0, 0, 0, 2, 43, 145, 1, 0), dim = c(6L, 2L), dimnames = list(
        c("-3", "-2", "-1", "0", "1", "2"), c("C", "G"))), LR10_SNP1 = structure(c(0, 
    0, 0, 4, 454, 0), dim = 3:2, dimnames = list(c("-1", "0", 
    "1"), c("A", "T"))), LR11_SNP1 = structure(c(0, 2, 195, 0, 
    0, 0, 4, 187, 0, 0), dim = c(5L, 2L), dimnames = list(c("-2", 
    "-1", "0", "1", "2"), c("A", "C"))), LR17_SNP1 = structure(c(3, 
    138, 207, 0, 0, 0, 0, 0, 0, 0, 0, 0, 0, 0, 0), dim = c(5L, 
    3L), dimnames = list(c("-2", "-1", "0", "1", "2"), c("A", 
    "G", "T"))), LR20_SNP1 = structure(c(0, 119, 0, 0, 0, 167, 
    0, 0), dim = c(4L, 2L), dimnames = list(c("-1", "0", "1", 
    "2"), c("A", "G"))), LR24_SNP1 = structure(c(75, 484, 1), dim = c(3L, 
    1L), dimnames = list(c("-1", "0", "1"), "G")), LR36_SNP1 = structure(c(0, 
    1, 1, 0, 0, 0, 14, 426, 4, 0), dim = c(5L, 2L), dimnames = list(
        c("-2", "-1", "0", "1", "2"), c("A", "T"))), LR40_SNP1 = structure(c(1, 
    154, 0, 0, 154, 0, 0, 0, 0), dim = c(3L, 3L), dimnames = list(
        c("-1", "0", "1"), c("A", "C", "T"))), LR44_SNP1 = structure(c(0, 
    0, 0, 1, 0, 0, 0, 0, 1, 0, 0, 1, 45, 125, 0, 0, 0, 0, 1, 
    0), dim = 5:4, dimnames = list(c("-3", "-2", "-1", "0", "1"
    ), c("-", "A", "C", "T"))), LR46_SNP1 = structure(c(0, 0, 
    0, 0, 6, 0, 5, 821, 0), dim = c(3L, 3L), dimnames = list(
        c("-1", "0", "1"), c("-", "G", "T"))), LR48_SNP1 = structure(c(0, 
    2, 310, 1, 0, 1, 9, 345, 1, 0), dim = c(5L, 2L), dimnames = list(
        c("-2", "-1", "0", "1", "2"), c("C", "T"))), LR49_SNP1 = structure(c(0, 
    0, 0, 0, 0, 130, 355, 0), dim = c(4L, 2L), dimnames = list(
        c("-2", "-1", "0", "1"), c("A", "G"))), LR52_SNP1 = structure(c(0, 
    1, 0, 0, 1, 0, 0, 1, 9, 99, 314, 1), dim = c(6L, 2L), dimnames = list(
        c("-4", "-3", "-2", "-1", "0", "1"), c("C", "T"))))
