Results <-
list(`bwa.out//20220204//BlindCMMRD94_S53.sam` = list(LR36_SNP1 = list(
    All = list(Freqs = structure(c(4L, 33L, 1504L, 9L, 11L, 0L, 
    0L, 1L, 0L, 0L, 3L, 27L, 1514L, 12L, 10L, 0L, 1L, 108L, 2L, 
    0L), .Dim = 5:4, .Dimnames = structure(list(c("-2", "-1", 
    "0", "1", NA), c("A", "G", "T", NA)), .Names = c("", "")), class = "table"), 
        N = 3239L), Tag.Distribution = structure(c(`1` = 94L, 
    `2` = 51L, `3` = 29L, `4` = 33L, `5` = 31L, `6` = 23L, `7` = 24L, 
    `8` = 24L, `9` = 19L, `10` = 18L, `11` = 20L, `12` = 4L, 
    `13` = 7L, `14` = 5L, `15` = 8L, `16` = 4L, `17` = 8L, `18` = 5L, 
    `19` = 4L, `20` = 5L, `21` = 5L, `22` = 5L, `23` = 1L, `24` = 3L, 
    `25` = 5L, `26` = 1L, `27` = 1L, `29` = 4L, `32` = 1L, `40` = 1L
    ), .Dim = 30L, .Dimnames = list(TagUsage = c("1", "2", "3", 
    "4", "5", "6", "7", "8", "9", "10", "11", "12", "13", "14", 
    "15", "16", "17", "18", "19", "20", "21", "22", "23", "24", 
    "25", "26", "27", "29", "32", "40")), class = "table"), No.Tag = structure(c(0L, 
    1L, 63L, 0L, 0L, 0L, 0L, 1L, 0L, 0L, 0L, 0L, 51L, 0L, 3L, 
    0L, 0L, 10L, 0L, 0L), .Dim = 5:4, .Dimnames = structure(list(
        c("-2", "-1", "0", "1", NA), c("A", "G", "T", NA)), .Names = c("", 
    "")), class = "table"), All.Tags = list(Concordant = list(
        Freqs = structure(c(0, 0, 175, 1, 0, 0, 0, 0, 0, 1, 180, 
        0), .Dim = 4:3, .Dimnames = list(c("-2", "-1", "0", "1"
        ), c("A", "G", "T"))), N = 357), Majority = list(Freqs = structure(c(0, 
    1, 219, 1, 0, 0, 0, 0, 0, 1, 215, 0), .Dim = 4:3, .Dimnames = list(
        c("-2", "-1", "0", "1"), c("A", "G", "T"))), N = 437)), 
    `2` = structure(c(0, 1, 174, 0, 0, 0, 0, 0, 0, 0, 172, 0), .Dim = 4:3, .Dimnames = list(
        c("-2", "-1", "0", "1"), c("A", "G", "T"))))))
