Results <-
list(`bwa.out//20220204//BlindCMMRD130_S56.sam` = list(LR20_SNP1 = list(
    All = list(Freqs = structure(c(0L, 0L, 2L, 0L, 0L, 1L, 9L, 
    4749L, 6L, 3L, 0L, 0L, 47L, 1L, 0L), .Dim = c(5L, 3L), .Dimnames = structure(list(
        c("-3", "-1", "0", "1", NA), c("A", "G", NA)), .Names = c("", 
    "")), class = "table"), N = 4818L), Tag.Distribution = structure(c(`1` = 202L, 
    `2` = 195L, `3` = 123L, `4` = 116L, `5` = 86L, `6` = 70L, 
    `7` = 71L, `8` = 43L, `9` = 40L, `10` = 26L, `11` = 14L, 
    `12` = 13L, `13` = 12L, `14` = 9L, `15` = 3L, `16` = 5L, 
    `17` = 2L, `18` = 3L, `19` = 4L, `20` = 1L, `21` = 1L, `22` = 1L, 
    `28` = 1L, `32` = 1L), .Dim = 24L, .Dimnames = list(TagUsage = c("1", 
    "2", "3", "4", "5", "6", "7", "8", "9", "10", "11", "12", 
    "13", "14", "15", "16", "17", "18", "19", "20", "21", "22", 
    "28", "32")), class = "table"), No.Tag = structure(c(0L, 
    0L, 0L, 0L, 0L, 0L, 0L, 75L, 0L, 0L, 0L, 0L, 3L, 0L, 0L), .Dim = c(5L, 
    3L), .Dimnames = structure(list(c("-3", "-1", "0", "1", NA
    ), c("A", "G", NA)), .Names = c("", "")), class = "table"), 
    All.Tags = list(Concordant = list(Freqs = structure(c(0, 
    0, 1, 0, 0, 1, 1020, 0), .Dim = c(4L, 2L), .Dimnames = list(
        c("-3", "-1", "0", "1"), c("A", "G"))), N = 1022), Majority = list(
        Freqs = structure(c(0, 0, 1, 0, 0, 1, 1034, 0), .Dim = c(4L, 
        2L), .Dimnames = list(c("-3", "-1", "0", "1"), c("A", 
        "G"))), N = 1036)), `2` = structure(c(0, 0, 0, 0, 0, 
    1, 839, 0), .Dim = c(4L, 2L), .Dimnames = list(c("-3", "-1", 
    "0", "1"), c("A", "G"))))))
