Results <-
list(`bwa.out//20220204//BlindCMMRD74_S33.sam` = list(GM01_SNP1 = list(
    All = list(Freqs = structure(c(1L, 40L, 3105L, 10L, 0L, 6L, 
    1L, 36L, 3153L, 14L, 1L, 6L, 0L, 2L, 73L, 0L, 0L, 0L), .Dim = c(6L, 
    3L), .Dimnames = structure(list(c("-2", "-1", "0", "1", "2", 
    NA), c("A", "G", NA)), .Names = c("", "")), class = "table"), 
        N = 6448L), Tag.Distribution = structure(c(`1` = 144L, 
    `2` = 84L, `3` = 67L, `4` = 56L, `5` = 40L, `6` = 54L, `7` = 41L, 
    `8` = 33L, `9` = 36L, `10` = 33L, `11` = 20L, `12` = 16L, 
    `13` = 21L, `14` = 16L, `15` = 23L, `16` = 7L, `17` = 14L, 
    `18` = 18L, `19` = 18L, `20` = 5L, `21` = 9L, `22` = 11L, 
    `23` = 5L, `24` = 9L, `25` = 4L, `26` = 3L, `27` = 3L, `28` = 4L, 
    `29` = 2L, `30` = 1L, `32` = 1L, `33` = 2L, `34` = 1L, `37` = 1L, 
    `38` = 1L, `44` = 1L, `53` = 1L), .Dim = 37L, .Dimnames = list(
        TagUsage = c("1", "2", "3", "4", "5", "6", "7", "8", 
        "9", "10", "11", "12", "13", "14", "15", "16", "17", 
        "18", "19", "20", "21", "22", "23", "24", "25", "26", 
        "27", "28", "29", "30", "32", "33", "34", "37", "38", 
        "44", "53")), class = "table"), No.Tag = structure(c(0L, 
    1L, 49L, 0L, 0L, 0L, 0L, 1L, 34L, 1L, 0L, 0L, 0L, 0L, 1L, 
    0L, 0L, 0L), .Dim = c(6L, 3L), .Dimnames = structure(list(
        c("-2", "-1", "0", "1", "2", NA), c("A", "G", NA)), .Names = c("", 
    "")), class = "table"), All.Tags = list(Concordant = list(
        Freqs = structure(c(0, 0, 341, 0, 0, 0, 1, 325, 0, 0), .Dim = c(5L, 
        2L), .Dimnames = list(c("-2", "-1", "0", "1", "2"), c("A", 
        "G"))), N = 667), Majority = list(Freqs = structure(c(0, 
    0, 402, 0, 0, 0, 1, 393, 1, 0), .Dim = c(5L, 2L), .Dimnames = list(
        c("-2", "-1", "0", "1", "2"), c("A", "G"))), N = 797)), 
    `2` = structure(c(0, 0, 330, 0, 0, 0, 0, 327, 1, 0), .Dim = c(5L, 
    2L), .Dimnames = list(c("-2", "-1", "0", "1", "2"), c("A", 
    "G"))))))
