Results <-
list(`bwa.out//20220204//BlindCMMRD121_S47.sam` = list(LR10_SNP1 = list(
    All = list(Freqs = structure(c(1L, 120L, 5318L, 36L, 3L, 
    6L, 0L, 0L, 14L, 0L, 0L, 0L, 0L, 0L, 14L, 0L, 0L, 0L), .Dim = c(6L, 
    3L), .Dimnames = structure(list(c("-2", "-1", "0", "1", "2", 
    NA), c("C", "T", NA)), .Names = c("", "")), class = "table"), 
        N = 5512L), Tag.Distribution = structure(c(`1` = 271L, 
    `2` = 231L, `3` = 199L, `4` = 148L, `5` = 111L, `6` = 99L, 
    `7` = 69L, `8` = 39L, `9` = 32L, `10` = 22L, `11` = 16L, 
    `12` = 20L, `13` = 10L, `14` = 6L, `15` = 3L, `16` = 4L, 
    `17` = 5L, `18` = 4L, `19` = 1L, `20` = 1L, `23` = 1L), .Dim = 21L, .Dimnames = list(
        TagUsage = c("1", "2", "3", "4", "5", "6", "7", "8", 
        "9", "10", "11", "12", "13", "14", "15", "16", "17", 
        "18", "19", "20", "23")), class = "table"), No.Tag = structure(c(0L, 
    4L, 170L, 3L, 0L, 1L, 0L, 0L, 0L, 0L, 0L, 0L, 0L, 0L, 2L, 
    0L, 0L, 0L), .Dim = c(6L, 3L), .Dimnames = structure(list(
        c("-2", "-1", "0", "1", "2", NA), c("C", "T", NA)), .Names = c("", 
    "")), class = "table"), All.Tags = list(Concordant = list(
        Freqs = structure(c(0, 8, 1145, 2, 0, 0, 0, 2, 0, 0), .Dim = c(5L, 
        2L), .Dimnames = list(c("-2", "-1", "0", "1", "2"), c("C", 
        "T"))), N = 1157), Majority = list(Freqs = structure(c(0, 
    9, 1258, 4, 0, 0, 0, 2, 0, 0), .Dim = c(5L, 2L), .Dimnames = list(
        c("-2", "-1", "0", "1", "2"), c("C", "T"))), N = 1273)), 
    `2` = structure(c(0, 2, 1001, 2, 0, 0, 0, 0, 0, 0), .Dim = c(5L, 
    2L), .Dimnames = list(c("-2", "-1", "0", "1", "2"), c("C", 
    "T"))))))
