Results <-
list(`bwa.out//20220204//Control12_S5.sam` = list(DEPDC2_SNP1 = list(
    All = list(Freqs = structure(c(0L, 5L, 0L, 0L, 16L, 2815L, 
    18L, 12L, 0L, 48L, 0L, 0L), .Dim = 4:3, .Dimnames = structure(list(
        c("-1", "0", "1", NA), c("C", "T", NA)), .Names = c("", 
    "")), class = "table"), N = 2914L), Tag.Distribution = structure(c(`1` = 147L, 
    `2` = 80L, `3` = 71L, `4` = 41L, `5` = 38L, `6` = 32L, `7` = 34L, 
    `8` = 36L, `9` = 12L, `10` = 14L, `11` = 20L, `12` = 11L, 
    `13` = 7L, `14` = 4L, `15` = 4L, `16` = 6L, `17` = 4L, `18` = 3L, 
    `19` = 1L, `20` = 1L, `21` = 1L, `23` = 1L, `24` = 1L, `27` = 1L, 
    `28` = 1L), .Dim = 25L, .Dimnames = list(TagUsage = c("1", 
    "2", "3", "4", "5", "6", "7", "8", "9", "10", "11", "12", 
    "13", "14", "15", "16", "17", "18", "19", "20", "21", "23", 
    "24", "27", "28")), class = "table"), No.Tag = structure(c(0L, 
    0L, 0L, 0L, 1L, 122L, 1L, 3L, 0L, 8L, 0L, 0L), .Dim = 4:3, .Dimnames = structure(list(
        c("-1", "0", "1", NA), c("C", "T", NA)), .Names = c("", 
    "")), class = "table"), All.Tags = list(Concordant = list(
        Freqs = structure(c(0, 2, 0, 1, 529, 2), .Dim = 3:2, .Dimnames = list(
            c("-1", "0", "1"), c("C", "T"))), N = 534), Majority = list(
        Freqs = structure(c(0, 2, 0, 1, 555, 2), .Dim = 3:2, .Dimnames = list(
            c("-1", "0", "1"), c("C", "T"))), N = 560)), `2` = structure(c(0, 
    0, 0, 0, 421, 1), .Dim = 3:2, .Dimnames = list(c("-1", "0", 
    "1"), c("C", "T"))))))
