Results <-
list(`bwa.out//20220204//BlindCMMRD90_S49.sam` = list(LR46_SNP1 = list(
    All = list(Freqs = structure(c(0L, 2L, 0L, 0L, 18L, 4477L, 
    11L, 4L, 0L, 1L, 0L, 0L, 0L, 25L, 0L, 0L), .Dim = c(4L, 4L
    ), .Dimnames = structure(list(c("-1", "0", "1", NA), c("A", 
    "G", "T", NA)), .Names = c("", "")), class = "table"), N = 4538L), 
    Tag.Distribution = structure(c(`1` = 109L, `2` = 45L, `3` = 54L, 
    `4` = 46L, `5` = 42L, `6` = 33L, `7` = 25L, `8` = 33L, `9` = 20L, 
    `10` = 16L, `11` = 16L, `12` = 10L, `13` = 12L, `14` = 8L, 
    `15` = 11L, `16` = 7L, `17` = 10L, `18` = 4L, `19` = 7L, 
    `20` = 7L, `21` = 4L, `22` = 4L, `23` = 4L, `24` = 5L, `25` = 5L, 
    `26` = 1L, `27` = 4L, `28` = 2L, `29` = 1L, `30` = 2L, `31` = 1L, 
    `32` = 2L, `33` = 2L, `35` = 1L, `36` = 1L, `37` = 1L, `38` = 2L, 
    `39` = 1L, `40` = 1L, `43` = 1L, `48` = 1L), .Dim = 41L, .Dimnames = list(
        TagUsage = c("1", "2", "3", "4", "5", "6", "7", "8", 
        "9", "10", "11", "12", "13", "14", "15", "16", "17", 
        "18", "19", "20", "21", "22", "23", "24", "25", "26", 
        "27", "28", "29", "30", "31", "32", "33", "35", "36", 
        "37", "38", "39", "40", "43", "48")), class = "table"), 
    No.Tag = structure(c(0L, 0L, 0L, 0L, 2L, 143L, 0L, 0L, 0L, 
    0L, 0L, 0L, 0L, 2L, 0L, 0L), .Dim = c(4L, 4L), .Dimnames = structure(list(
        c("-1", "0", "1", NA), c("A", "G", "T", NA)), .Names = c("", 
    "")), class = "table"), All.Tags = list(Concordant = list(
        Freqs = structure(c(0, 0, 0, 0, 525, 0, 0, 1, 0), .Dim = c(3L, 
        3L), .Dimnames = list(c("-1", "0", "1"), c("A", "G", 
        "T"))), N = 526), Majority = list(Freqs = structure(c(0, 
    0, 0, 0, 553, 0, 0, 1, 0), .Dim = c(3L, 3L), .Dimnames = list(
        c("-1", "0", "1"), c("A", "G", "T"))), N = 554)), `2` = structure(c(0, 
    0, 0, 0, 452, 0, 0, 0, 0), .Dim = c(3L, 3L), .Dimnames = list(
        c("-1", "0", "1"), c("A", "G", "T"))))))
