Results <-
list(`bwa.out//20220204//BlindCMMRD73_S32.sam` = list(LR48_SNP1 = list(
    All = list(Freqs = structure(c(4L, 117L, 5005L, 91L, 1L, 
    24L, 0L, 0L, 3L, 0L, 0L, 0L, 0L, 0L, 87L, 1L, 0L, 0L), .Dim = c(6L, 
    3L), .Dimnames = structure(list(c("-2", "-1", "0", "1", "2", 
    NA), c("C", "T", NA)), .Names = c("", "")), class = "table"), 
        N = 5333L), Tag.Distribution = structure(c(`1` = 110L, 
    `2` = 31L, `3` = 26L, `4` = 23L, `5` = 31L, `6` = 20L, `7` = 18L, 
    `8` = 24L, `9` = 24L, `10` = 12L, `11` = 8L, `12` = 13L, 
    `13` = 12L, `14` = 28L, `15` = 12L, `16` = 11L, `17` = 18L, 
    `18` = 10L, `19` = 6L, `20` = 4L, `21` = 2L, `22` = 5L, `23` = 5L, 
    `24` = 10L, `25` = 4L, `26` = 8L, `27` = 8L, `28` = 3L, `29` = 4L, 
    `30` = 1L, `31` = 2L, `32` = 5L, `33` = 2L, `35` = 5L, `36` = 3L, 
    `39` = 2L, `40` = 1L, `41` = 1L, `45` = 1L, `54` = 1L, `55` = 1L
    ), .Dim = 41L, .Dimnames = list(TagUsage = c("1", "2", "3", 
    "4", "5", "6", "7", "8", "9", "10", "11", "12", "13", "14", 
    "15", "16", "17", "18", "19", "20", "21", "22", "23", "24", 
    "25", "26", "27", "28", "29", "30", "31", "32", "33", "35", 
    "36", "39", "40", "41", "45", "54", "55")), class = "table"), 
    No.Tag = structure(c(0L, 2L, 81L, 0L, 0L, 1L, 0L, 0L, 0L, 
    0L, 0L, 0L, 0L, 0L, 5L, 0L, 0L, 0L), .Dim = c(6L, 3L), .Dimnames = structure(list(
        c("-2", "-1", "0", "1", "2", NA), c("C", "T", NA)), .Names = c("", 
    "")), class = "table"), All.Tags = list(Concordant = list(
        Freqs = structure(c(0, 1, 369, 0, 0, 0, 0, 3, 0, 0), .Dim = c(5L, 
        2L), .Dimnames = list(c("-2", "-1", "0", "1", "2"), c("C", 
        "T"))), N = 373), Majority = list(Freqs = structure(c(0, 
    1, 503, 1, 0, 0, 0, 3, 0, 0), .Dim = c(5L, 2L), .Dimnames = list(
        c("-2", "-1", "0", "1", "2"), c("C", "T"))), N = 508)), 
    `2` = structure(c(0, 0, 404, 1, 0, 0, 0, 0, 0, 0), .Dim = c(5L, 
    2L), .Dimnames = list(c("-2", "-1", "0", "1", "2"), c("C", 
    "T"))))))
