Results <-
list(`bwa.out//20220204//BlindCMMRD53_S12.sam` = list(LR11_SNP1 = list(
    All = list(Freqs = structure(c(2L, 42L, 2066L, 13L, 3L, 2L, 
    36L, 1621L, 3L, 6L, 0L, 0L, 1L, 0L, 0L, 0L, 3L, 69L, 1L, 
    0L), .Dim = 5:4, .Dimnames = structure(list(c("-2", "-1", 
    "0", "1", NA), c("A", "C", "G", NA)), .Names = c("", "")), class = "table"), 
        N = 3868L), Tag.Distribution = structure(c(`1` = 112L, 
    `2` = 52L, `3` = 56L, `4` = 32L, `5` = 23L, `6` = 36L, `7` = 25L, 
    `8` = 17L, `9` = 19L, `10` = 24L, `11` = 15L, `12` = 15L, 
    `13` = 15L, `14` = 14L, `15` = 9L, `16` = 8L, `17` = 5L, 
    `18` = 10L, `19` = 5L, `20` = 3L, `21` = 5L, `22` = 5L, `23` = 2L, 
    `24` = 4L, `25` = 1L, `26` = 3L, `28` = 2L, `30` = 2L, `31` = 1L, 
    `32` = 2L, `44` = 1L, `49` = 1L, `51` = 1L), .Dim = 33L, .Dimnames = list(
        TagUsage = c("1", "2", "3", "4", "5", "6", "7", "8", 
        "9", "10", "11", "12", "13", "14", "15", "16", "17", 
        "18", "19", "20", "21", "22", "23", "24", "25", "26", 
        "28", "30", "31", "32", "44", "49", "51")), class = "table"), 
    No.Tag = structure(c(0L, 1L, 54L, 0L, 0L, 0L, 0L, 13L, 0L, 
    0L, 0L, 0L, 0L, 0L, 0L, 0L, 0L, 1L, 0L, 0L), .Dim = 5:4, .Dimnames = structure(list(
        c("-2", "-1", "0", "1", NA), c("A", "C", "G", NA)), .Names = c("", 
    "")), class = "table"), All.Tags = list(Concordant = list(
        Freqs = structure(c(0, 1, 222, 0, 0, 0, 191, 0, 0, 0, 
        0, 0), .Dim = 4:3, .Dimnames = list(c("-2", "-1", "0", 
        "1"), c("A", "C", "G"))), N = 414), Majority = list(Freqs = structure(c(0, 
    1, 279, 0, 0, 0, 228, 0, 0, 0, 0, 0), .Dim = 4:3, .Dimnames = list(
        c("-2", "-1", "0", "1"), c("A", "C", "G"))), N = 508)), 
    `2` = structure(c(0, 0, 223, 0, 0, 0, 184, 0, 0, 0, 0, 0), .Dim = 4:3, .Dimnames = list(
        c("-2", "-1", "0", "1"), c("A", "C", "G"))))))
