Results <-
list(`bwa.out//20220204//BlindCMMRD73_S32.sam` = list(DEPDC2_SNP1 = list(
    All = list(Freqs = structure(c(0L, 3L, 0L, 0L, 0L, 0L, 6L, 
    0L, 0L, 0L, 0L, 1L, 0L, 0L, 0L, 32L, 5574L, 27L, 1L, 24L, 
    0L, 35L, 0L, 0L, 0L), .Dim = c(5L, 5L), .Dimnames = structure(list(
        c("-1", "0", "1", "2", NA), c("A", "C", "G", "T", NA)), .Names = c("", 
    "")), class = "table"), N = 5703L), Tag.Distribution = structure(c(`1` = 185L, 
    `2` = 100L, `3` = 85L, `4` = 66L, `5` = 56L, `6` = 53L, `7` = 42L, 
    `8` = 39L, `9` = 40L, `10` = 24L, `11` = 20L, `12` = 30L, 
    `13` = 20L, `14` = 15L, `15` = 11L, `16` = 7L, `17` = 13L, 
    `18` = 8L, `19` = 7L, `20` = 6L, `21` = 13L, `22` = 6L, `23` = 2L, 
    `24` = 3L, `25` = 1L, `27` = 1L, `28` = 2L, `29` = 1L, `30` = 1L, 
    `31` = 2L, `33` = 2L, `34` = 1L, `35` = 1L, `37` = 1L), .Dim = 34L, .Dimnames = list(
        TagUsage = c("1", "2", "3", "4", "5", "6", "7", "8", 
        "9", "10", "11", "12", "13", "14", "15", "16", "17", 
        "18", "19", "20", "21", "22", "23", "24", "25", "27", 
        "28", "29", "30", "31", "33", "34", "35", "37")), class = "table"), 
    No.Tag = structure(c(0L, 1L, 0L, 0L, 0L, 0L, 0L, 0L, 0L, 
    0L, 0L, 0L, 0L, 0L, 0L, 0L, 117L, 0L, 0L, 4L, 0L, 4L, 0L, 
    0L, 0L), .Dim = c(5L, 5L), .Dimnames = structure(list(c("-1", 
    "0", "1", "2", NA), c("A", "C", "G", "T", NA)), .Names = c("", 
    "")), class = "table"), All.Tags = list(Concordant = list(
        Freqs = structure(c(0, 0, 0, 0, 0, 3, 0, 0, 0, 0, 0, 
        0, 1, 800, 0, 0), .Dim = c(4L, 4L), .Dimnames = list(
            c("-1", "0", "1", "2"), c("A", "C", "G", "T"))), 
        N = 804), Majority = list(Freqs = structure(c(0, 0, 0, 
    0, 0, 3, 0, 0, 0, 0, 0, 0, 1, 853, 0, 0), .Dim = c(4L, 4L
    ), .Dimnames = list(c("-1", "0", "1", "2"), c("A", "C", "G", 
    "T"))), N = 857)), `2` = structure(c(0, 0, 0, 0, 0, 0, 0, 
    0, 0, 0, 0, 0, 1, 676, 0, 0), .Dim = c(4L, 4L), .Dimnames = list(
        c("-1", "0", "1", "2"), c("A", "C", "G", "T"))))))
