Results <-
list(`bwa.out//20220204//BlindCMMRD42_S2.sam` = list(LR10_SNP1 = list(
    All = list(Freqs = structure(c(0L, 0L, 10L, 0L, 0L, 2L, 101L, 
    4699L, 26L, 7L, 0L, 1L, 40L, 1L, 0L), .Dim = c(5L, 3L), .Dimnames = structure(list(
        c("-2", "-1", "0", "1", NA), c("C", "T", NA)), .Names = c("", 
    "")), class = "table"), N = 4887L), Tag.Distribution = structure(c(`1` = 71L, 
    `2` = 15L, `3` = 11L, `4` = 9L, `5` = 10L, `6` = 11L, `7` = 7L, 
    `8` = 8L, `9` = 7L, `10` = 6L, `11` = 9L, `12` = 6L, `13` = 5L, 
    `14` = 5L, `15` = 3L, `16` = 11L, `17` = 6L, `18` = 10L, 
    `19` = 7L, `20` = 2L, `21` = 6L, `22` = 6L, `23` = 5L, `24` = 2L, 
    `25` = 2L, `26` = 4L, `27` = 2L, `28` = 4L, `29` = 3L, `31` = 4L, 
    `32` = 3L, `33` = 1L, `34` = 3L, `35` = 3L, `36` = 3L, `37` = 2L, 
    `38` = 1L, `39` = 1L, `40` = 3L, `41` = 2L, `42` = 1L, `43` = 1L, 
    `44` = 5L, `45` = 2L, `46` = 2L, `48` = 3L, `49` = 3L, `52` = 1L, 
    `53` = 1L, `56` = 2L, `57` = 1L, `58` = 1L, `60` = 1L, `70` = 1L, 
    `71` = 1L, `78` = 1L, `98` = 1L), .Dim = 57L, .Dimnames = list(
        TagUsage = c("1", "2", "3", "4", "5", "6", "7", "8", 
        "9", "10", "11", "12", "13", "14", "15", "16", "17", 
        "18", "19", "20", "21", "22", "23", "24", "25", "26", 
        "27", "28", "29", "31", "32", "33", "34", "35", "36", 
        "37", "38", "39", "40", "41", "42", "43", "44", "45", 
        "46", "48", "49", "52", "53", "56", "57", "58", "60", 
        "70", "71", "78", "98")), class = "table"), No.Tag = structure(c(0L, 
    0L, 2L, 0L, 0L, 0L, 4L, 140L, 0L, 0L, 0L, 0L, 1L, 0L, 0L), .Dim = c(5L, 
    3L), .Dimnames = structure(list(c("-2", "-1", "0", "1", NA
    ), c("C", "T", NA)), .Names = c("", "")), class = "table"), 
    All.Tags = list(Concordant = list(Freqs = structure(c(0, 
    0, 7, 0, 0, 0, 244, 1), .Dim = c(4L, 2L), .Dimnames = list(
        c("-2", "-1", "0", "1"), c("C", "T"))), N = 252), Majority = list(
        Freqs = structure(c(0, 0, 7, 0, 0, 2, 294, 1), .Dim = c(4L, 
        2L), .Dimnames = list(c("-2", "-1", "0", "1"), c("C", 
        "T"))), N = 304)), `2` = structure(c(0, 0, 0, 0, 0, 2, 
    233, 0), .Dim = c(4L, 2L), .Dimnames = list(c("-2", "-1", 
    "0", "1"), c("C", "T"))))))
