Results <-
list(`bwa.out//20220204//BlindCMMRD88_S47.sam` = list(LR49_SNP1 = list(
    All = list(Freqs = structure(c(0L, 9L, 0L, 0L, 11L, 4548L, 
    3L, 4L, 0L, 18L, 0L, 0L), .Dim = 4:3, .Dimnames = structure(list(
        c("-1", "0", "1", NA), c("A", "G", NA)), .Names = c("", 
    "")), class = "table"), N = 4593L), Tag.Distribution = structure(c(`1` = 157L, 
    `2` = 73L, `3` = 43L, `4` = 51L, `5` = 33L, `6` = 33L, `7` = 28L, 
    `8` = 31L, `9` = 25L, `10` = 16L, `11` = 19L, `12` = 17L, 
    `13` = 10L, `14` = 15L, `15` = 9L, `16` = 9L, `17` = 9L, 
    `18` = 8L, `19` = 5L, `20` = 7L, `21` = 4L, `22` = 7L, `23` = 2L, 
    `24` = 8L, `26` = 3L, `27` = 1L, `28` = 3L, `29` = 1L, `31` = 2L, 
    `33` = 2L, `34` = 1L, `35` = 3L, `37` = 1L, `38` = 1L, `45` = 1L
    ), .Dim = 35L, .Dimnames = list(TagUsage = c("1", "2", "3", 
    "4", "5", "6", "7", "8", "9", "10", "11", "12", "13", "14", 
    "15", "16", "17", "18", "19", "20", "21", "22", "23", "24", 
    "26", "27", "28", "29", "31", "33", "34", "35", "37", "38", 
    "45")), class = "table"), No.Tag = structure(c(0L, 1L, 0L, 
    0L, 0L, 114L, 0L, 1L, 0L, 4L, 0L, 0L), .Dim = 4:3, .Dimnames = structure(list(
        c("-1", "0", "1", NA), c("A", "G", NA)), .Names = c("", 
    "")), class = "table"), All.Tags = list(Concordant = list(
        Freqs = structure(c(0, 4, 0, 0, 617, 0), .Dim = 3:2, .Dimnames = list(
            c("-1", "0", "1"), c("A", "G"))), N = 621), Majority = list(
        Freqs = structure(c(0, 4, 0, 0, 632, 0), .Dim = 3:2, .Dimnames = list(
            c("-1", "0", "1"), c("A", "G"))), N = 636)), `2` = structure(c(0, 
    1, 0, 0, 480, 0), .Dim = 3:2, .Dimnames = list(c("-1", "0", 
    "1"), c("A", "G"))))))
