Results <-
list(`bwa.out//20220204//Control28_S21.sam` = list(LR10_SNP1 = list(
    All = list(Freqs = structure(c(1L, 56L, 2350L, 11L, 2L, 0L, 
    0L, 6L, 0L, 0L, 0L, 1L, 17L, 0L, 0L), .Dim = c(5L, 3L), .Dimnames = structure(list(
        c("-2", "-1", "0", "1", NA), c("C", "T", NA)), .Names = c("", 
    "")), class = "table"), N = 2444L), Tag.Distribution = structure(c(`1` = 78L, 
    `2` = 40L, `3` = 44L, `4` = 27L, `5` = 22L, `6` = 23L, `7` = 18L, 
    `8` = 18L, `9` = 22L, `10` = 12L, `11` = 7L, `12` = 11L, 
    `13` = 7L, `14` = 5L, `15` = 4L, `16` = 5L, `17` = 3L, `18` = 5L, 
    `19` = 2L, `20` = 3L, `22` = 1L, `23` = 3L, `24` = 4L, `25` = 3L, 
    `30` = 1L, `32` = 1L), .Dim = 26L, .Dimnames = list(TagUsage = c("1", 
    "2", "3", "4", "5", "6", "7", "8", "9", "10", "11", "12", 
    "13", "14", "15", "16", "17", "18", "19", "20", "22", "23", 
    "24", "25", "30", "32")), class = "table"), No.Tag = structure(c(0L, 
    0L, 135L, 0L, 1L, 0L, 0L, 0L, 0L, 0L, 0L, 0L, 1L, 0L, 0L), .Dim = c(5L, 
    3L), .Dimnames = structure(list(c("-2", "-1", "0", "1", NA
    ), c("C", "T", NA)), .Names = c("", "")), class = "table"), 
    All.Tags = list(Concordant = list(Freqs = structure(c(0, 
    3, 310, 0, 0, 0, 2, 0), .Dim = c(4L, 2L), .Dimnames = list(
        c("-2", "-1", "0", "1"), c("C", "T"))), N = 315), Majority = list(
        Freqs = structure(c(0, 4, 359, 0, 0, 0, 2, 0), .Dim = c(4L, 
        2L), .Dimnames = list(c("-2", "-1", "0", "1"), c("C", 
        "T"))), N = 365)), `2` = structure(c(0, 2, 286, 0, 0, 
    0, 0, 0), .Dim = c(4L, 2L), .Dimnames = list(c("-2", "-1", 
    "0", "1"), c("C", "T"))))))
