Results <-
list(`bwa.out//20220204//BlindCMMRD119_S45.sam` = list(LR17_SNP1 = list(
    All = list(Freqs = structure(c(1L, 13L, 165L, 4281L, 35L, 
    3L, 22L, 0L, 0L, 0L, 2L, 0L, 0L, 0L, 0L, 0L, 1L, 90L, 0L, 
    0L, 0L), .Dim = c(7L, 3L), .Dimnames = structure(list(c("-3", 
    "-2", "-1", "0", "1", "2", NA), c("A", "G", NA)), .Names = c("", 
    "")), class = "table"), N = 4613L), Tag.Distribution = structure(c(`1` = 178L, 
    `2` = 117L, `3` = 112L, `4` = 75L, `5` = 75L, `6` = 62L, 
    `7` = 62L, `8` = 50L, `9` = 36L, `10` = 21L, `11` = 13L, 
    `12` = 15L, `13` = 16L, `14` = 11L, `15` = 6L, `16` = 7L, 
    `17` = 8L, `18` = 3L, `19` = 5L, `20` = 1L, `21` = 1L, `22` = 1L, 
    `26` = 1L, `28` = 1L), .Dim = 24L, .Dimnames = list(TagUsage = c("1", 
    "2", "3", "4", "5", "6", "7", "8", "9", "10", "11", "12", 
    "13", "14", "15", "16", "17", "18", "19", "20", "21", "22", 
    "26", "28")), class = "table"), No.Tag = structure(c(1L, 
    0L, 3L, 147L, 1L, 0L, 1L, 0L, 0L, 0L, 0L, 0L, 0L, 0L, 0L, 
    0L, 0L, 8L, 0L, 0L, 0L), .Dim = c(7L, 3L), .Dimnames = structure(list(
        c("-3", "-2", "-1", "0", "1", "2", NA), c("A", "G", NA
        )), .Names = c("", "")), class = "table"), All.Tags = list(
        Concordant = list(Freqs = structure(c(0, 4, 7, 698, 0, 
        1, 0, 0, 0, 0, 0, 0), .Dim = c(6L, 2L), .Dimnames = list(
            c("-3", "-2", "-1", "0", "1", "2"), c("A", "G"))), 
            N = 710), Majority = list(Freqs = structure(c(0, 
        4, 9, 846, 0, 1, 0, 0, 0, 0, 0, 0), .Dim = c(6L, 2L), .Dimnames = list(
            c("-3", "-2", "-1", "0", "1", "2"), c("A", "G"))), 
            N = 860)), `2` = structure(c(0, 0, 4, 682, 0, 0, 
    0, 0, 0, 0, 0, 0), .Dim = c(6L, 2L), .Dimnames = list(c("-3", 
    "-2", "-1", "0", "1", "2"), c("A", "G"))))))
