Results <-
list(`bwa.out//20220204//Control20_S13.sam` = list(GM09_SNP1 = list(
    All = list(Freqs = structure(c(13L, 1882L, 4L, 2L, 7L, 1610L, 
    6L, 0L, 1L, 13L, 0L, 0L), .Dim = 4:3, .Dimnames = structure(list(
        c("-1", "0", "1", NA), c("A", "G", NA)), .Names = c("", 
    "")), class = "table"), N = 3538L), Tag.Distribution = structure(c(`1` = 113L, 
    `2` = 50L, `3` = 50L, `4` = 43L, `5` = 37L, `6` = 36L, `7` = 25L, 
    `8` = 22L, `9` = 16L, `10` = 18L, `11` = 17L, `12` = 10L, 
    `13` = 12L, `14` = 12L, `15` = 11L, `16` = 4L, `17` = 4L, 
    `18` = 6L, `19` = 8L, `20` = 6L, `21` = 3L, `22` = 2L, `23` = 4L, 
    `24` = 2L, `25` = 1L, `26` = 1L, `27` = 1L, `28` = 3L, `30` = 1L, 
    `32` = 1L, `33` = 1L, `35` = 1L), .Dim = 32L, .Dimnames = list(
        TagUsage = c("1", "2", "3", "4", "5", "6", "7", "8", 
        "9", "10", "11", "12", "13", "14", "15", "16", "17", 
        "18", "19", "20", "21", "22", "23", "24", "25", "26", 
        "27", "28", "30", "32", "33", "35")), class = "table"), 
    No.Tag = structure(c(1L, 61L, 0L, 0L, 0L, 15L, 0L, 0L, 0L, 
    3L, 0L, 0L), .Dim = 4:3, .Dimnames = structure(list(c("-1", 
    "0", "1", NA), c("A", "G", NA)), .Names = c("", "")), class = "table"), 
    All.Tags = list(Concordant = list(Freqs = structure(c(1, 
    244, 0, 0, 229, 0), .Dim = 3:2, .Dimnames = list(c("-1", 
    "0", "1"), c("A", "G"))), N = 474), Majority = list(Freqs = structure(c(1, 
    271, 0, 0, 248, 1), .Dim = 3:2, .Dimnames = list(c("-1", 
    "0", "1"), c("A", "G"))), N = 521)), `2` = structure(c(0, 
    216, 0, 0, 191, 1), .Dim = 3:2, .Dimnames = list(c("-1", 
    "0", "1"), c("A", "G"))))))
