Results <-
list(`bwa.out//20220204//BlindCMMRD57_S16.sam` = list(LR52_SNP1 = list(
    All = list(Freqs = structure(c(0L, 0L, 1L, 0L, 0L, 26L, 295L, 
    2545L, 13L, 52L, 0L, 0L, 2L, 0L, 0L, 0L, 26L, 877L, 3L, 0L
    ), .Dim = 5:4, .Dimnames = structure(list(c("-2", "-1", "0", 
    "1", NA), c("A", "C", "T", NA)), .Names = c("", "")), class = "table"), 
        N = 3840L), Tag.Distribution = structure(c(`1` = 79L, 
    `2` = 46L, `3` = 41L, `4` = 27L, `5` = 29L, `6` = 35L, `7` = 22L, 
    `8` = 31L, `9` = 28L, `10` = 20L, `11` = 17L, `12` = 10L, 
    `13` = 11L, `14` = 14L, `15` = 4L, `16` = 6L, `17` = 7L, 
    `18` = 9L, `19` = 6L, `20` = 5L, `21` = 3L, `22` = 9L, `23` = 2L, 
    `24` = 5L, `25` = 2L, `26` = 3L, `27` = 1L, `28` = 1L, `29` = 2L, 
    `30` = 1L, `31` = 2L, `32` = 1L, `39` = 1L, `43` = 1L), .Dim = 34L, .Dimnames = list(
        TagUsage = c("1", "2", "3", "4", "5", "6", "7", "8", 
        "9", "10", "11", "12", "13", "14", "15", "16", "17", 
        "18", "19", "20", "21", "22", "23", "24", "25", "26", 
        "27", "28", "29", "30", "31", "32", "39", "43")), class = "table"), 
    No.Tag = structure(c(0L, 0L, 0L, 0L, 0L, 0L, 5L, 40L, 1L, 
    1L, 0L, 0L, 0L, 0L, 0L, 0L, 0L, 11L, 0L, 0L), .Dim = 5:4, .Dimnames = structure(list(
        c("-2", "-1", "0", "1", NA), c("A", "C", "T", NA)), .Names = c("", 
    "")), class = "table"), All.Tags = list(Concordant = list(
        Freqs = structure(c(0, 0, 0, 0, 0, 16, 257, 1, 0, 0, 
        2, 0), .Dim = 4:3, .Dimnames = list(c("-2", "-1", "0", 
        "1"), c("A", "C", "T"))), N = 276), Majority = list(Freqs = structure(c(0, 
    0, 0, 0, 0, 20, 421, 1, 0, 0, 2, 0), .Dim = 4:3, .Dimnames = list(
        c("-2", "-1", "0", "1"), c("A", "C", "T"))), N = 444)), 
    `2` = structure(c(0, 0, 0, 0, 0, 11, 374, 0, 0, 0, 0, 0), .Dim = 4:3, .Dimnames = list(
        c("-2", "-1", "0", "1"), c("A", "C", "T"))))))
