Results <-
list(`bwa.out//20220204//BlindCMMRD48_S8.sam` = list(LR17_SNP1 = list(
    All = list(Freqs = structure(c(1L, 44L, 1284L, 13L, 6L, 0L, 
    0L, 40L, 0L, 0L), .Dim = c(5L, 2L), .Dimnames = structure(list(
        c("-2", "-1", "0", "1", NA), c("A", NA)), .Names = c("", 
    "")), class = "table"), N = 1388L), Tag.Distribution = structure(c(`1` = 21L, 
    `2` = 6L, `3` = 5L, `4` = 2L, `5` = 2L, `6` = 5L, `7` = 7L, 
    `8` = 1L, `9` = 2L, `10` = 3L, `11` = 4L, `12` = 5L, `13` = 3L, 
    `14` = 5L, `15` = 4L, `16` = 5L, `17` = 2L, `18` = 2L, `20` = 2L, 
    `22` = 1L, `24` = 2L, `26` = 1L, `27` = 1L, `28` = 2L, `29` = 1L, 
    `32` = 1L, `33` = 1L, `34` = 2L, `35` = 1L, `36` = 1L, `38` = 1L, 
    `39` = 1L, `41` = 1L, `42` = 2L, `51` = 1L, `52` = 1L), .Dim = 36L, .Dimnames = list(
        TagUsage = c("1", "2", "3", "4", "5", "6", "7", "8", 
        "9", "10", "11", "12", "13", "14", "15", "16", "17", 
        "18", "20", "22", "24", "26", "27", "28", "29", "32", 
        "33", "34", "35", "36", "38", "39", "41", "42", "51", 
        "52")), class = "table"), No.Tag = structure(c(0L, 0L, 
    6L, 0L, 0L, 0L, 0L, 1L, 0L, 0L), .Dim = c(5L, 2L), .Dimnames = structure(list(
        c("-2", "-1", "0", "1", NA), c("A", NA)), .Names = c("", 
    "")), class = "table"), All.Tags = list(Concordant = list(
        Freqs = structure(c(0, 1, 69, 0), .Dim = c(4L, 1L), .Dimnames = list(
            c("-2", "-1", "0", "1"), "A")), N = 70), Majority = list(
        Freqs = structure(c(0, 1, 104, 0), .Dim = c(4L, 1L), .Dimnames = list(
            c("-2", "-1", "0", "1"), "A")), N = 105)), `2` = structure(c(0, 
    0, 85, 0), .Dim = c(4L, 1L), .Dimnames = list(c("-2", "-1", 
    "0", "1"), "A")))))
