Results <-
list(`bwa.out//20220204//BlindCMMRD42_S2.sam` = list(LR17_SNP1 = list(
    All = list(Freqs = structure(c(4L, 163L, 2829L, 54L, 22L, 
    0L, 0L, 1L, 0L, 0L, 0L, 3L, 89L, 2L, 0L), .Dim = c(5L, 3L
    ), .Dimnames = structure(list(c("-2", "-1", "0", "1", NA), 
        c("A", "G", NA)), .Names = c("", "")), class = "table"), 
        N = 3167L), Tag.Distribution = structure(c(`1` = 50L, 
    `2` = 3L, `3` = 5L, `4` = 4L, `5` = 3L, `6` = 1L, `7` = 7L, 
    `8` = 10L, `9` = 1L, `10` = 7L, `11` = 1L, `12` = 3L, `13` = 2L, 
    `14` = 5L, `15` = 2L, `16` = 3L, `17` = 2L, `18` = 2L, `19` = 5L, 
    `20` = 2L, `21` = 4L, `22` = 3L, `23` = 5L, `24` = 2L, `25` = 2L, 
    `26` = 1L, `27` = 1L, `28` = 2L, `29` = 2L, `30` = 1L, `31` = 5L, 
    `32` = 1L, `33` = 1L, `35` = 4L, `37` = 1L, `38` = 4L, `39` = 3L, 
    `41` = 1L, `43` = 1L, `45` = 2L, `47` = 3L, `48` = 1L, `50` = 2L, 
    `51` = 1L, `52` = 1L, `53` = 1L, `55` = 1L, `57` = 1L, `58` = 1L, 
    `59` = 3L, `64` = 1L, `67` = 1L, `71` = 1L), .Dim = 53L, .Dimnames = list(
        TagUsage = c("1", "2", "3", "4", "5", "6", "7", "8", 
        "9", "10", "11", "12", "13", "14", "15", "16", "17", 
        "18", "19", "20", "21", "22", "23", "24", "25", "26", 
        "27", "28", "29", "30", "31", "32", "33", "35", "37", 
        "38", "39", "41", "43", "45", "47", "48", "50", "51", 
        "52", "53", "55", "57", "58", "59", "64", "67", "71")), class = "table"), 
    No.Tag = structure(c(0L, 2L, 25L, 2L, 2L, 0L, 0L, 0L, 0L, 
    0L, 0L, 0L, 0L, 0L, 0L), .Dim = c(5L, 3L), .Dimnames = structure(list(
        c("-2", "-1", "0", "1", NA), c("A", "G", NA)), .Names = c("", 
    "")), class = "table"), All.Tags = list(Concordant = list(
        Freqs = structure(c(0, 1, 96, 0, 0, 0, 0, 0), .Dim = c(4L, 
        2L), .Dimnames = list(c("-2", "-1", "0", "1"), c("A", 
        "G"))), N = 97), Majority = list(Freqs = structure(c(0, 
    1, 177, 0, 0, 0, 0, 0), .Dim = c(4L, 2L), .Dimnames = list(
        c("-2", "-1", "0", "1"), c("A", "G"))), N = 178)), `2` = structure(c(0, 
    0, 132, 0, 0, 0, 0, 0), .Dim = c(4L, 2L), .Dimnames = list(
        c("-2", "-1", "0", "1"), c("A", "G"))))))
