Results <-
list(`bwa.out//20220204//BlindCMMRD51_S11.sam` = list(GM22_SNP1 = list(
    All = list(Freqs = structure(c(5L, 64L, 4705L, 26L, 8L, 0L, 
    0L, 2L, 0L, 0L, 0L, 2L, 45L, 1L, 0L), .Dim = c(5L, 3L), .Dimnames = structure(list(
        c("-2", "-1", "0", "1", NA), c("A", "G", NA)), .Names = c("", 
    "")), class = "table"), N = 4858L), Tag.Distribution = structure(c(`1` = 84L, 
    `2` = 23L, `3` = 16L, `4` = 21L, `5` = 10L, `6` = 20L, `7` = 25L, 
    `8` = 10L, `9` = 14L, `10` = 9L, `11` = 8L, `12` = 11L, `13` = 9L, 
    `14` = 8L, `15` = 8L, `16` = 11L, `17` = 8L, `18` = 3L, `19` = 4L, 
    `20` = 8L, `21` = 1L, `22` = 5L, `23` = 5L, `24` = 3L, `25` = 4L, 
    `26` = 3L, `27` = 5L, `28` = 1L, `29` = 8L, `30` = 6L, `31` = 3L, 
    `32` = 2L, `33` = 1L, `34` = 5L, `35` = 4L, `36` = 4L, `37` = 2L, 
    `38` = 2L, `39` = 2L, `40` = 2L, `41` = 3L, `42` = 2L, `43` = 1L, 
    `44` = 1L, `45` = 1L, `46` = 1L, `50` = 1L, `54` = 1L, `57` = 1L, 
    `60` = 1L), .Dim = 50L, .Dimnames = list(TagUsage = c("1", 
    "2", "3", "4", "5", "6", "7", "8", "9", "10", "11", "12", 
    "13", "14", "15", "16", "17", "18", "19", "20", "21", "22", 
    "23", "24", "25", "26", "27", "28", "29", "30", "31", "32", 
    "33", "34", "35", "36", "37", "38", "39", "40", "41", "42", 
    "43", "44", "45", "46", "50", "54", "57", "60")), class = "table"), 
    No.Tag = structure(c(0L, 2L, 148L, 0L, 1L, 0L, 0L, 0L, 0L, 
    0L, 0L, 0L, 4L, 0L, 0L), .Dim = c(5L, 3L), .Dimnames = structure(list(
        c("-2", "-1", "0", "1", NA), c("A", "G", NA)), .Names = c("", 
    "")), class = "table"), All.Tags = list(Concordant = list(
        Freqs = structure(c(0, 0, 316, 2, 0, 0, 2, 0), .Dim = c(4L, 
        2L), .Dimnames = list(c("-2", "-1", "0", "1"), c("A", 
        "G"))), N = 320), Majority = list(Freqs = structure(c(0, 
    1, 380, 2, 0, 0, 2, 0), .Dim = c(4L, 2L), .Dimnames = list(
        c("-2", "-1", "0", "1"), c("A", "G"))), N = 385)), `2` = structure(c(0, 
    1, 305, 1, 0, 0, 0, 0), .Dim = c(4L, 2L), .Dimnames = list(
        c("-2", "-1", "0", "1"), c("A", "G"))))))
