Results <-
list(`bwa.out//20220204//BlindCMMRD60_S19.sam` = list(LR40_SNP1 = list(
    All = list(Freqs = structure(c(0L, 0L, 1L, 0L, 0L, 1L, 53L, 
    4713L, 15L, 10L, 0L, 0L, 21L, 0L, 0L), .Dim = c(5L, 3L), .Dimnames = structure(list(
        c("-2", "-1", "0", "1", NA), c("A", "C", NA)), .Names = c("", 
    "")), class = "table"), N = 4814L), Tag.Distribution = structure(c(`1` = 105L, 
    `2` = 64L, `3` = 53L, `4` = 42L, `5` = 42L, `6` = 35L, `7` = 34L, 
    `8` = 38L, `9` = 22L, `10` = 22L, `11` = 21L, `12` = 17L, 
    `13` = 16L, `14` = 13L, `15` = 14L, `16` = 11L, `17` = 10L, 
    `18` = 11L, `19` = 5L, `20` = 9L, `21` = 8L, `22` = 8L, `23` = 3L, 
    `24` = 3L, `26` = 2L, `27` = 1L, `29` = 2L, `30` = 3L, `31` = 1L, 
    `35` = 1L, `36` = 1L, `39` = 1L, `41` = 1L, `46` = 1L), .Dim = 34L, .Dimnames = list(
        TagUsage = c("1", "2", "3", "4", "5", "6", "7", "8", 
        "9", "10", "11", "12", "13", "14", "15", "16", "17", 
        "18", "19", "20", "21", "22", "23", "24", "26", "27", 
        "29", "30", "31", "35", "36", "39", "41", "46")), class = "table"), 
    No.Tag = structure(c(0L, 0L, 0L, 0L, 0L, 0L, 1L, 78L, 0L, 
    1L, 0L, 0L, 0L, 0L, 0L), .Dim = c(5L, 3L), .Dimnames = structure(list(
        c("-2", "-1", "0", "1", NA), c("A", "C", NA)), .Names = c("", 
    "")), class = "table"), All.Tags = list(Concordant = list(
        Freqs = structure(c(0, 0, 0, 0, 1, 1, 557, 1), .Dim = c(4L, 
        2L), .Dimnames = list(c("-2", "-1", "0", "1"), c("A", 
        "C"))), N = 560), Majority = list(Freqs = structure(c(0, 
    0, 0, 0, 1, 2, 610, 1), .Dim = c(4L, 2L), .Dimnames = list(
        c("-2", "-1", "0", "1"), c("A", "C"))), N = 614)), `2` = structure(c(0, 
    0, 0, 0, 0, 1, 513, 0), .Dim = c(4L, 2L), .Dimnames = list(
        c("-2", "-1", "0", "1"), c("A", "C"))))))
