Results <-
list(`bwa.out//20220204//BlindCMMRD118_S44.sam` = list(GM29_SNP1 = list(
    All = list(Freqs = structure(c(2L, 15L, 1649L, 2L, 3L, 0L, 
    22L, 1446L, 4L, 8L, 0L, 1L, 11L, 0L, 0L), .Dim = c(5L, 3L
    ), .Dimnames = structure(list(c("-2", "-1", "0", "1", NA), 
        c("A", "G", NA)), .Names = c("", "")), class = "table"), 
        N = 3163L), Tag.Distribution = structure(c(`1` = 193L, 
    `2` = 164L, `3` = 89L, `4` = 73L, `5` = 57L, `6` = 49L, `7` = 38L, 
    `8` = 16L, `9` = 22L, `10` = 11L, `11` = 5L, `12` = 4L, `13` = 5L, 
    `14` = 6L, `15` = 3L, `16` = 6L, `17` = 1L, `18` = 5L, `20` = 2L, 
    `22` = 1L, `23` = 1L, `25` = 2L, `27` = 1L, `34` = 1L), .Dim = 24L, .Dimnames = list(
        TagUsage = c("1", "2", "3", "4", "5", "6", "7", "8", 
        "9", "10", "11", "12", "13", "14", "15", "16", "17", 
        "18", "20", "22", "23", "25", "27", "34")), class = "table"), 
    No.Tag = structure(c(0L, 0L, 69L, 0L, 1L, 0L, 2L, 34L, 0L, 
    0L, 0L, 0L, 0L, 0L, 0L), .Dim = c(5L, 3L), .Dimnames = structure(list(
        c("-2", "-1", "0", "1", NA), c("A", "G", NA)), .Names = c("", 
    "")), class = "table"), All.Tags = list(Concordant = list(
        Freqs = structure(c(0, 1, 324, 0, 0, 0, 279, 0), .Dim = c(4L, 
        2L), .Dimnames = list(c("-2", "-1", "0", "1"), c("A", 
        "G"))), N = 604), Majority = list(Freqs = structure(c(0, 
    1, 394, 0, 0, 0, 339, 0), .Dim = c(4L, 2L), .Dimnames = list(
        c("-2", "-1", "0", "1"), c("A", "G"))), N = 734)), `2` = structure(c(0, 
    0, 291, 0, 0, 0, 252, 0), .Dim = c(4L, 2L), .Dimnames = list(
        c("-2", "-1", "0", "1"), c("A", "G"))))))
