Results <-
list(`bwa.out//20220204//17D1097_S1.sam` = list(GM22_SNP1 = list(
    All = list(Freqs = structure(c(21L, 2053L, 6L, 1L, 7L, 22L, 
    1747L, 5L, 0L, 7L, 2L, 94L, 0L, 0L, 0L), .Dim = c(5L, 3L), .Dimnames = structure(list(
        c("-1", "0", "1", "2", NA), c("A", "G", NA)), .Names = c("", 
    "")), class = "table"), N = 3965L), Tag.Distribution = structure(c(`1` = 261L, 
    `2` = 115L, `3` = 115L, `4` = 85L, `5` = 72L, `6` = 53L, 
    `7` = 35L, `8` = 33L, `9` = 27L, `10` = 24L, `11` = 9L, `12` = 11L, 
    `13` = 17L, `14` = 10L, `15` = 6L, `16` = 5L, `17` = 6L, 
    `18` = 4L, `19` = 1L, `20` = 1L, `21` = 1L, `22` = 1L, `27` = 1L
    ), .Dim = 23L, .Dimnames = list(TagUsage = c("1", "2", "3", 
    "4", "5", "6", "7", "8", "9", "10", "11", "12", "13", "14", 
    "15", "16", "17", "18", "19", "20", "21", "22", "27")), class = "table"), 
    No.Tag = structure(c(1L, 57L, 0L, 0L, 1L, 0L, 9L, 0L, 0L, 
    3L, 0L, 3L, 0L, 0L, 0L), .Dim = c(5L, 3L), .Dimnames = structure(list(
        c("-1", "0", "1", "2", NA), c("A", "G", NA)), .Names = c("", 
    "")), class = "table"), All.Tags = list(Concordant = list(
        Freqs = structure(c(2, 423, 0, 0, 4, 348, 0, 0), .Dim = c(4L, 
        2L), .Dimnames = list(c("-1", "0", "1", "2"), c("A", 
        "G"))), N = 777), Majority = list(Freqs = structure(c(2, 
    468, 0, 0, 4, 395, 0, 0), .Dim = c(4L, 2L), .Dimnames = list(
        c("-1", "0", "1", "2"), c("A", "G"))), N = 869)), `2` = structure(c(0, 
    339, 0, 0, 1, 284, 0, 0), .Dim = c(4L, 2L), .Dimnames = list(
        c("-1", "0", "1", "2"), c("A", "G"))))))
