Results <-
list(`bwa.out//20220204//MLPA101_S15.sam` = list(GM17_SNP1 = list(
    All = list(Freqs = structure(c(1L, 15L, 1408L, 3L, 1L, 0L, 
    22L, 1492L, 1L, 1L, 0L, 0L, 22L, 0L, 0L), .Dim = c(5L, 3L
    ), .Dimnames = structure(list(c("-2", "-1", "0", "1", NA), 
        c("C", "T", NA)), .Names = c("", "")), class = "table"), 
        N = 2966L), Tag.Distribution = structure(c(`1` = 120L, 
    `2` = 56L, `3` = 38L, `4` = 32L, `5` = 32L, `6` = 27L, `7` = 25L, 
    `8` = 14L, `9` = 17L, `10` = 5L, `11` = 7L, `12` = 8L, `13` = 8L, 
    `14` = 5L, `15` = 7L, `16` = 6L, `17` = 7L, `18` = 5L, `19` = 3L, 
    `20` = 4L, `21` = 3L, `22` = 4L, `23` = 5L, `24` = 2L, `25` = 2L, 
    `26` = 1L, `27` = 2L, `28` = 1L, `29` = 2L, `30` = 1L, `31` = 1L, 
    `32` = 2L, `34` = 1L), .Dim = 33L, .Dimnames = list(TagUsage = c("1", 
    "2", "3", "4", "5", "6", "7", "8", "9", "10", "11", "12", 
    "13", "14", "15", "16", "17", "18", "19", "20", "21", "22", 
    "23", "24", "25", "26", "27", "28", "29", "30", "31", "32", 
    "34")), class = "table"), No.Tag = structure(c(0L, 0L, 57L, 
    0L, 0L, 0L, 0L, 36L, 0L, 0L, 0L, 0L, 4L, 0L, 0L), .Dim = c(5L, 
    3L), .Dimnames = structure(list(c("-2", "-1", "0", "1", NA
    ), c("C", "T", NA)), .Names = c("", "")), class = "table"), 
    All.Tags = list(Concordant = list(Freqs = structure(c(0, 
    0, 199, 0, 0, 0, 201, 0), .Dim = c(4L, 2L), .Dimnames = list(
        c("-2", "-1", "0", "1"), c("C", "T"))), N = 400), Majority = list(
        Freqs = structure(c(0, 0, 221, 0, 0, 0, 223, 0), .Dim = c(4L, 
        2L), .Dimnames = list(c("-2", "-1", "0", "1"), c("C", 
        "T"))), N = 444)), `2` = structure(c(0, 0, 164, 0, 0, 
    0, 165, 0), .Dim = c(4L, 2L), .Dimnames = list(c("-2", "-1", 
    "0", "1"), c("C", "T"))))))
