Results <-
list(`bwa.out//20220204//Control23_S16.sam` = list(GM07_SNP1 = list(
    All = list(Freqs = structure(c(2L, 53L, 1244L, 40L, 1L, 7L, 
    3L, 44L, 1225L, 23L, 0L, 5L, 0L, 1L, 17L, 1L, 0L, 0L), .Dim = c(6L, 
    3L), .Dimnames = structure(list(c("-2", "-1", "0", "1", "2", 
    NA), c("A", "G", NA)), .Names = c("", "")), class = "table"), 
        N = 2666L), Tag.Distribution = structure(c(`1` = 79L, 
    `2` = 48L, `3` = 46L, `4` = 47L, `5` = 32L, `6` = 30L, `7` = 23L, 
    `8` = 21L, `9` = 19L, `10` = 10L, `11` = 7L, `12` = 13L, 
    `13` = 6L, `14` = 5L, `15` = 2L, `16` = 5L, `17` = 5L, `18` = 2L, 
    `19` = 2L, `20` = 3L, `21` = 3L, `22` = 3L, `23` = 2L, `24` = 1L
    ), .Dim = 24L, .Dimnames = list(TagUsage = c("1", "2", "3", 
    "4", "5", "6", "7", "8", "9", "10", "11", "12", "13", "14", 
    "15", "16", "17", "18", "19", "20", "21", "22", "23", "24"
    )), class = "table"), No.Tag = structure(c(0L, 4L, 162L, 
    3L, 0L, 1L, 0L, 4L, 130L, 3L, 0L, 2L, 0L, 0L, 7L, 0L, 0L, 
    0L), .Dim = c(6L, 3L), .Dimnames = structure(list(c("-2", 
    "-1", "0", "1", "2", NA), c("A", "G", NA)), .Names = c("", 
    "")), class = "table"), All.Tags = list(Concordant = list(
        Freqs = structure(c(0, 0, 147, 1, 0, 0, 4, 153, 0, 0), .Dim = c(5L, 
        2L), .Dimnames = list(c("-2", "-1", "0", "1", "2"), c("A", 
        "G"))), N = 305), Majority = list(Freqs = structure(c(0, 
    0, 203, 1, 0, 0, 5, 195, 0, 0), .Dim = c(5L, 2L), .Dimnames = list(
        c("-2", "-1", "0", "1", "2"), c("A", "G"))), N = 404)), 
    `2` = structure(c(0, 0, 166, 0, 0, 0, 2, 160, 0, 0), .Dim = c(5L, 
    2L), .Dimnames = list(c("-2", "-1", "0", "1", "2"), c("A", 
    "G"))))))
