Results <-
list(`bwa.out//20220204//BlindCMMRD89_S48.sam` = list(LR24_SNP1 = list(
    All = list(Freqs = structure(c(0L, 0L, 5L, 0L, 1L, 2L, 15L, 
    4503L, 8L, 1L, 0L, 0L, 22L, 0L, 0L), .Dim = c(5L, 3L), .Dimnames = structure(list(
        c("-2", "-1", "0", "1", NA), c("A", "G", NA)), .Names = c("", 
    "")), class = "table"), N = 4557L), Tag.Distribution = structure(c(`1` = 230L, 
    `2` = 126L, `3` = 122L, `4` = 79L, `5` = 69L, `6` = 60L, 
    `7` = 55L, `8` = 41L, `9` = 23L, `10` = 26L, `11` = 19L, 
    `12` = 22L, `13` = 10L, `14` = 7L, `15` = 8L, `16` = 5L, 
    `17` = 5L, `18` = 2L, `19` = 3L, `20` = 4L, `21` = 3L, `22` = 1L, 
    `23` = 3L, `30` = 1L, `31` = 1L), .Dim = 25L, .Dimnames = list(
        TagUsage = c("1", "2", "3", "4", "5", "6", "7", "8", 
        "9", "10", "11", "12", "13", "14", "15", "16", "17", 
        "18", "19", "20", "21", "22", "23", "30", "31")), class = "table"), 
    No.Tag = structure(c(0L, 0L, 1L, 0L, 0L, 0L, 0L, 128L, 0L, 
    1L, 0L, 0L, 4L, 0L, 0L), .Dim = c(5L, 3L), .Dimnames = structure(list(
        c("-2", "-1", "0", "1", NA), c("A", "G", NA)), .Names = c("", 
    "")), class = "table"), All.Tags = list(Concordant = list(
        Freqs = structure(c(0, 0, 3, 0, 1, 0, 894, 0), .Dim = c(4L, 
        2L), .Dimnames = list(c("-2", "-1", "0", "1"), c("A", 
        "G"))), N = 898), Majority = list(Freqs = structure(c(0, 
    0, 3, 0, 1, 0, 918, 0), .Dim = c(4L, 2L), .Dimnames = list(
        c("-2", "-1", "0", "1"), c("A", "G"))), N = 922)), `2` = structure(c(0, 
    0, 0, 0, 0, 0, 694, 0), .Dim = c(4L, 2L), .Dimnames = list(
        c("-2", "-1", "0", "1"), c("A", "G"))))))
