Results <-
list(`bwa.out//20220204//Control20_S13.sam` = list(LR17_SNP1 = list(
    All = list(Freqs = structure(c(2L, 112L, 3059L, 33L, 1L, 
    17L, 0L, 0L, 81L, 2L, 0L, 0L), .Dim = c(6L, 2L), .Dimnames = structure(list(
        c("-2", "-1", "0", "1", "2", NA), c("A", NA)), .Names = c("", 
    "")), class = "table"), N = 3307L), Tag.Distribution = structure(c(`1` = 107L, 
    `2` = 19L, `3` = 31L, `4` = 22L, `5` = 24L, `6` = 20L, `7` = 23L, 
    `8` = 16L, `9` = 17L, `10` = 10L, `11` = 19L, `12` = 16L, 
    `13` = 11L, `14` = 11L, `15` = 11L, `16` = 5L, `17` = 5L, 
    `18` = 2L, `19` = 7L, `20` = 5L, `21` = 5L, `22` = 4L, `23` = 3L, 
    `24` = 5L, `25` = 3L, `26` = 2L, `28` = 3L, `29` = 1L, `30` = 1L, 
    `32` = 3L, `33` = 1L), .Dim = 31L, .Dimnames = list(TagUsage = c("1", 
    "2", "3", "4", "5", "6", "7", "8", "9", "10", "11", "12", 
    "13", "14", "15", "16", "17", "18", "19", "20", "21", "22", 
    "23", "24", "25", "26", "28", "29", "30", "32", "33")), class = "table"), 
    No.Tag = structure(c(0L, 3L, 107L, 1L, 0L, 3L, 0L, 0L, 6L, 
    1L, 0L, 0L), .Dim = c(6L, 2L), .Dimnames = structure(list(
        c("-2", "-1", "0", "1", "2", NA), c("A", NA)), .Names = c("", 
    "")), class = "table"), All.Tags = list(Concordant = list(
        Freqs = structure(c(0, 2, 293, 0, 0), .Dim = c(5L, 1L
        ), .Dimnames = list(c("-2", "-1", "0", "1", "2"), "A")), 
        N = 295), Majority = list(Freqs = structure(c(0, 2, 396, 
    0, 0), .Dim = c(5L, 1L), .Dimnames = list(c("-2", "-1", "0", 
    "1", "2"), "A")), N = 398)), `2` = structure(c(0, 0, 303, 
    0, 0), .Dim = c(5L, 1L), .Dimnames = list(c("-2", "-1", "0", 
    "1", "2"), "A")))))
