Results <-
list(`bwa.out//20220204//BlindCMMRD73_S32.sam` = list(GM22_SNP1 = list(
    All = list(Freqs = structure(c(2L, 82L, 5763L, 26L, 13L, 
    0L, 0L, 4L, 0L, 0L, 0L, 1L, 80L, 1L, 0L), .Dim = c(5L, 3L
    ), .Dimnames = structure(list(c("-2", "-1", "0", "1", NA), 
        c("A", "G", NA)), .Names = c("", "")), class = "table"), 
        N = 5972L), Tag.Distribution = structure(c(`1` = 150L, 
    `2` = 66L, `3` = 51L, `4` = 45L, `5` = 47L, `6` = 31L, `7` = 41L, 
    `8` = 27L, `9` = 32L, `10` = 23L, `11` = 27L, `12` = 31L, 
    `13` = 14L, `14` = 15L, `15` = 20L, `16` = 10L, `17` = 17L, 
    `18` = 12L, `19` = 7L, `20` = 10L, `21` = 12L, `22` = 2L, 
    `23` = 2L, `24` = 7L, `25` = 6L, `26` = 5L, `27` = 4L, `28` = 4L, 
    `29` = 2L, `30` = 1L, `31` = 1L, `32` = 1L, `33` = 2L, `35` = 1L, 
    `38` = 1L, `39` = 1L, `42` = 2L, `43` = 1L), .Dim = 38L, .Dimnames = list(
        TagUsage = c("1", "2", "3", "4", "5", "6", "7", "8", 
        "9", "10", "11", "12", "13", "14", "15", "16", "17", 
        "18", "19", "20", "21", "22", "23", "24", "25", "26", 
        "27", "28", "29", "30", "31", "32", "33", "35", "38", 
        "39", "42", "43")), class = "table"), No.Tag = structure(c(0L, 
    1L, 80L, 0L, 1L, 0L, 0L, 0L, 0L, 0L, 0L, 0L, 8L, 0L, 0L), .Dim = c(5L, 
    3L), .Dimnames = structure(list(c("-2", "-1", "0", "1", NA
    ), c("A", "G", NA)), .Names = c("", "")), class = "table"), 
    All.Tags = list(Concordant = list(Freqs = structure(c(0, 
    3, 618, 0, 0, 0, 4, 0), .Dim = c(4L, 2L), .Dimnames = list(
        c("-2", "-1", "0", "1"), c("A", "G"))), N = 625), Majority = list(
        Freqs = structure(c(0, 3, 710, 0, 0, 0, 4, 0), .Dim = c(4L, 
        2L), .Dimnames = list(c("-2", "-1", "0", "1"), c("A", 
        "G"))), N = 717)), `2` = structure(c(0, 0, 578, 0, 0, 
    0, 0, 0), .Dim = c(4L, 2L), .Dimnames = list(c("-2", "-1", 
    "0", "1"), c("A", "G"))))))
