Results <-
list(`bwa.out//20220204//BlindCMMRD61_S20.sam` = list(LR44_SNP1 = list(
    All = list(Freqs = structure(c(1L, 6L, 202L, 2783L, 35L, 
    0L, 9L, 0L, 0L, 0L, 1L, 0L, 0L, 0L, 0L, 5L, 254L, 2910L, 
    33L, 3L, 9L, 0L, 2L, 7L, 117L, 2L, 0L, 0L), .Dim = c(7L, 
    4L), .Dimnames = structure(list(c("-3", "-2", "-1", "0", 
    "1", "2", NA), c("C", "G", "T", NA)), .Names = c("", "")), class = "table"), 
        N = 6379L), Tag.Distribution = structure(c(`1` = 129L, 
    `2` = 62L, `3` = 29L, `4` = 43L, `5` = 34L, `6` = 34L, `7` = 29L, 
    `8` = 31L, `9` = 23L, `10` = 22L, `11` = 21L, `12` = 20L, 
    `13` = 19L, `14` = 14L, `15` = 9L, `16` = 16L, `17` = 10L, 
    `18` = 18L, `19` = 10L, `20` = 11L, `21` = 7L, `22` = 10L, 
    `23` = 8L, `24` = 5L, `25` = 6L, `26` = 4L, `27` = 9L, `28` = 3L, 
    `29` = 3L, `30` = 5L, `31` = 4L, `32` = 3L, `33` = 3L, `35` = 1L, 
    `37` = 4L, `38` = 1L, `40` = 1L, `41` = 2L, `44` = 1L, `50` = 1L, 
    `52` = 1L), .Dim = 41L, .Dimnames = list(TagUsage = c("1", 
    "2", "3", "4", "5", "6", "7", "8", "9", "10", "11", "12", 
    "13", "14", "15", "16", "17", "18", "19", "20", "21", "22", 
    "23", "24", "25", "26", "27", "28", "29", "30", "31", "32", 
    "33", "35", "37", "38", "40", "41", "44", "50", "52")), class = "table"), 
    No.Tag = structure(c(0L, 0L, 0L, 22L, 0L, 0L, 0L, 0L, 0L, 
    0L, 0L, 0L, 0L, 0L, 0L, 0L, 4L, 74L, 0L, 0L, 0L, 0L, 0L, 
    0L, 9L, 0L, 0L, 0L), .Dim = c(7L, 4L), .Dimnames = structure(list(
        c("-3", "-2", "-1", "0", "1", "2", NA), c("C", "G", "T", 
        NA)), .Names = c("", "")), class = "table"), All.Tags = list(
        Concordant = list(Freqs = structure(c(1, 1, 6, 180, 0, 
        0, 0, 0, 0, 0, 0, 0, 0, 0, 3, 184, 1, 0), .Dim = c(6L, 
        3L), .Dimnames = list(c("-3", "-2", "-1", "0", "1", "2"
        ), c("C", "G", "T"))), N = 376), Majority = list(Freqs = structure(c(1, 
        1, 7, 306, 0, 0, 0, 0, 0, 0, 0, 0, 0, 0, 7, 315, 1, 0
        ), .Dim = c(6L, 3L), .Dimnames = list(c("-3", "-2", "-1", 
        "0", "1", "2"), c("C", "G", "T"))), N = 638)), `2` = structure(c(0, 
    0, 3, 253, 0, 0, 0, 0, 0, 0, 0, 0, 0, 0, 7, 260, 0, 0), .Dim = c(6L, 
    3L), .Dimnames = list(c("-3", "-2", "-1", "0", "1", "2"), 
        c("C", "G", "T"))))))
