Results <-
list(`bwa.out//20220204//BlindCMMRD66_S25.sam` = list(GM29_SNP1 = list(
    All = list(Freqs = structure(c(2L, 56L, 4151L, 20L, 4L, 0L, 
    1L, 3L, 0L, 1L, 0L, 2L, 38L, 0L, 0L), .Dim = c(5L, 3L), .Dimnames = structure(list(
        c("-2", "-1", "0", "1", NA), c("A", "G", NA)), .Names = c("", 
    "")), class = "table"), N = 4278L), Tag.Distribution = structure(c(`1` = 83L, 
    `2` = 47L, `3` = 38L, `4` = 33L, `5` = 45L, `6` = 39L, `7` = 25L, 
    `8` = 29L, `9` = 28L, `10` = 25L, `11` = 17L, `12` = 9L, 
    `13` = 10L, `14` = 11L, `15` = 11L, `16` = 5L, `17` = 12L, 
    `18` = 1L, `19` = 5L, `20` = 10L, `21` = 2L, `22` = 8L, `23` = 4L, 
    `24` = 2L, `25` = 3L, `26` = 1L, `27` = 1L, `28` = 3L, `29` = 2L, 
    `30` = 4L, `32` = 1L, `33` = 1L, `34` = 1L, `35` = 1L, `38` = 1L, 
    `40` = 1L, `45` = 1L), .Dim = 37L, .Dimnames = list(TagUsage = c("1", 
    "2", "3", "4", "5", "6", "7", "8", "9", "10", "11", "12", 
    "13", "14", "15", "16", "17", "18", "19", "20", "21", "22", 
    "23", "24", "25", "26", "27", "28", "29", "30", "32", "33", 
    "34", "35", "38", "40", "45")), class = "table"), No.Tag = structure(c(0L, 
    3L, 135L, 0L, 0L, 0L, 0L, 0L, 0L, 1L, 0L, 0L, 2L, 0L, 0L), .Dim = c(5L, 
    3L), .Dimnames = structure(list(c("-2", "-1", "0", "1", NA
    ), c("A", "G", NA)), .Names = c("", "")), class = "table"), 
    All.Tags = list(Concordant = list(Freqs = structure(c(0, 
    0, 454, 0, 0, 1, 1, 0), .Dim = c(4L, 2L), .Dimnames = list(
        c("-2", "-1", "0", "1"), c("A", "G"))), N = 456), Majority = list(
        Freqs = structure(c(0, 0, 516, 0, 0, 1, 1, 0), .Dim = c(4L, 
        2L), .Dimnames = list(c("-2", "-1", "0", "1"), c("A", 
        "G"))), N = 518)), `2` = structure(c(0, 0, 437, 0, 0, 
    0, 0, 0), .Dim = c(4L, 2L), .Dimnames = list(c("-2", "-1", 
    "0", "1"), c("A", "G"))))))
