Results <-
list(`bwa.out//20220204//Control15_S8.sam` = list(LR44_SNP1 = list(
    All = list(Freqs = structure(c(0L, 2L, 87L, 1452L, 45L, 2L, 
    8L, 1L, 2L, 160L, 1477L, 22L, 2L, 7L, 0L, 0L, 3L, 43L, 2L, 
    0L, 0L), .Dim = c(7L, 3L), .Dimnames = structure(list(c("-3", 
    "-2", "-1", "0", "1", "2", NA), c("C", "T", NA)), .Names = c("", 
    "")), class = "table"), N = 3315L), Tag.Distribution = structure(c(`1` = 106L, 
    `2` = 54L, `3` = 53L, `4` = 47L, `5` = 37L, `6` = 28L, `7` = 23L, 
    `8` = 19L, `9` = 12L, `10` = 14L, `11` = 6L, `12` = 11L, 
    `13` = 11L, `14` = 13L, `15` = 12L, `16` = 6L, `17` = 5L, 
    `18` = 6L, `19` = 6L, `20` = 6L, `21` = 4L, `22` = 3L, `23` = 2L, 
    `24` = 1L, `25` = 3L, `26` = 1L, `27` = 4L, `28` = 1L, `32` = 1L, 
    `35` = 1L), .Dim = 30L, .Dimnames = list(TagUsage = c("1", 
    "2", "3", "4", "5", "6", "7", "8", "9", "10", "11", "12", 
    "13", "14", "15", "16", "17", "18", "19", "20", "21", "22", 
    "23", "24", "25", "26", "27", "28", "32", "35")), class = "table"), 
    No.Tag = structure(c(0L, 0L, 1L, 33L, 1L, 0L, 0L, 0L, 0L, 
    10L, 39L, 0L, 0L, 0L, 0L, 0L, 0L, 6L, 0L, 0L, 0L), .Dim = c(7L, 
    3L), .Dimnames = structure(list(c("-3", "-2", "-1", "0", 
    "1", "2", NA), c("C", "T", NA)), .Names = c("", "")), class = "table"), 
    All.Tags = list(Concordant = list(Freqs = structure(c(0, 
    0, 6, 155, 0, 0, 0, 0, 4, 159, 0, 0), .Dim = c(6L, 2L), .Dimnames = list(
        c("-3", "-2", "-1", "0", "1", "2"), c("C", "T"))), N = 324), 
        Majority = list(Freqs = structure(c(0, 0, 7, 221, 1, 
        0, 0, 0, 6, 243, 0, 0), .Dim = c(6L, 2L), .Dimnames = list(
            c("-3", "-2", "-1", "0", "1", "2"), c("C", "T"))), 
            N = 478)), `2` = structure(c(0, 0, 2, 184, 1, 0, 
    0, 0, 3, 189, 0, 0), .Dim = c(6L, 2L), .Dimnames = list(c("-3", 
    "-2", "-1", "0", "1", "2"), c("C", "T"))))))
