Results <-
list(`bwa.out//20220204//BlindCMMRD51_S11.sam` = list(GM17_SNP1 = list(
    All = list(Freqs = structure(c(1L, 29L, 1935L, 6L, 4L, 0L, 
    31L, 1754L, 5L, 1L, 0L, 0L, 26L, 0L, 0L), .Dim = c(5L, 3L
    ), .Dimnames = structure(list(c("-2", "-1", "0", "1", NA), 
        c("C", "T", NA)), .Names = c("", "")), class = "table"), 
        N = 3792L), Tag.Distribution = structure(c(`1` = 80L, 
    `2` = 19L, `3` = 20L, `4` = 17L, `5` = 18L, `6` = 8L, `7` = 15L, 
    `8` = 12L, `9` = 9L, `10` = 11L, `11` = 16L, `12` = 10L, 
    `13` = 8L, `14` = 11L, `15` = 9L, `16` = 11L, `17` = 7L, 
    `18` = 5L, `19` = 3L, `20` = 2L, `21` = 4L, `22` = 2L, `23` = 3L, 
    `24` = 2L, `25` = 5L, `26` = 5L, `27` = 4L, `28` = 5L, `29` = 1L, 
    `30` = 2L, `31` = 2L, `32` = 1L, `33` = 2L, `34` = 3L, `35` = 1L, 
    `36` = 2L, `37` = 1L, `38` = 1L, `39` = 2L, `40` = 1L, `41` = 1L, 
    `42` = 1L, `43` = 1L, `46` = 1L, `48` = 1L, `53` = 1L, `54` = 2L
    ), .Dim = 47L, .Dimnames = list(TagUsage = c("1", "2", "3", 
    "4", "5", "6", "7", "8", "9", "10", "11", "12", "13", "14", 
    "15", "16", "17", "18", "19", "20", "21", "22", "23", "24", 
    "25", "26", "27", "28", "29", "30", "31", "32", "33", "34", 
    "35", "36", "37", "38", "39", "40", "41", "42", "43", "46", 
    "48", "53", "54")), class = "table"), No.Tag = structure(c(0L, 
    0L, 18L, 0L, 2L, 0L, 0L, 44L, 0L, 0L, 0L, 0L, 1L, 0L, 0L), .Dim = c(5L, 
    3L), .Dimnames = structure(list(c("-2", "-1", "0", "1", NA
    ), c("C", "T", NA)), .Names = c("", "")), class = "table"), 
    All.Tags = list(Concordant = list(Freqs = structure(c(0, 
    0, 142, 0, 0, 1, 136, 0), .Dim = c(4L, 2L), .Dimnames = list(
        c("-2", "-1", "0", "1"), c("C", "T"))), N = 279), Majority = list(
        Freqs = structure(c(0, 0, 175, 0, 0, 1, 168, 0), .Dim = c(4L, 
        2L), .Dimnames = list(c("-2", "-1", "0", "1"), c("C", 
        "T"))), N = 344)), `2` = structure(c(0, 0, 137, 0, 0, 
    0, 131, 0), .Dim = c(4L, 2L), .Dimnames = list(c("-2", "-1", 
    "0", "1"), c("C", "T"))))))
