Results <-
list(`bwa.out//20220204//BlindCMMRD84_S43.sam` = list(LR17_SNP1 = list(
    All = list(Freqs = structure(c(100L, 3380L, 37L, 12L, 0L, 
    4L, 0L, 0L, 3L, 129L, 0L, 0L), .Dim = 4:3, .Dimnames = structure(list(
        c("-1", "0", "1", NA), c("A", "G", NA)), .Names = c("", 
    "")), class = "table"), N = 3665L), Tag.Distribution = structure(c(`1` = 73L, 
    `2` = 23L, `3` = 29L, `4` = 26L, `5` = 19L, `6` = 17L, `7` = 17L, 
    `8` = 13L, `9` = 13L, `10` = 14L, `11` = 9L, `12` = 8L, `13` = 4L, 
    `14` = 9L, `15` = 7L, `16` = 7L, `17` = 5L, `18` = 8L, `19` = 4L, 
    `20` = 6L, `21` = 7L, `22` = 5L, `23` = 4L, `24` = 3L, `26` = 3L, 
    `27` = 7L, `28` = 4L, `29` = 2L, `30` = 2L, `31` = 2L, `32` = 3L, 
    `34` = 2L, `35` = 4L, `36` = 1L, `37` = 1L, `39` = 2L, `41` = 1L, 
    `48` = 1L, `58` = 1L), .Dim = 39L, .Dimnames = list(TagUsage = c("1", 
    "2", "3", "4", "5", "6", "7", "8", "9", "10", "11", "12", 
    "13", "14", "15", "16", "17", "18", "19", "20", "21", "22", 
    "23", "24", "26", "27", "28", "29", "30", "31", "32", "34", 
    "35", "36", "37", "39", "41", "48", "58")), class = "table"), 
    No.Tag = structure(c(1L, 66L, 2L, 1L, 0L, 0L, 0L, 0L, 1L, 
    10L, 0L, 0L), .Dim = 4:3, .Dimnames = structure(list(c("-1", 
    "0", "1", NA), c("A", "G", NA)), .Names = c("", "")), class = "table"), 
    All.Tags = list(Concordant = list(Freqs = structure(c(2, 
    255, 0, 0, 0, 0), .Dim = 3:2, .Dimnames = list(c("-1", "0", 
    "1"), c("A", "G"))), N = 257), Majority = list(Freqs = structure(c(2, 
    354, 0, 0, 0, 0), .Dim = 3:2, .Dimnames = list(c("-1", "0", 
    "1"), c("A", "G"))), N = 356)), `2` = structure(c(0, 292, 
    0, 0, 0, 0), .Dim = 3:2, .Dimnames = list(c("-1", "0", "1"
    ), c("A", "G"))))))
