Results <-
list(`bwa.out//20220204//Control19_S12.sam` = list(GM07_SNP1 = list(
    All = list(Freqs = structure(c(0L, 1L, 0L, 0L, 0L, 0L, 2L, 
    74L, 1393L, 57L, 0L, 16L, 1L, 64L, 1398L, 32L, 2L, 8L, 0L, 
    1L, 15L, 1L, 0L, 0L), .Dim = c(6L, 4L), .Dimnames = structure(list(
        c("-2", "-1", "0", "1", "2", NA), c("-", "A", "G", NA
        )), .Names = c("", "")), class = "table"), N = 3065L), 
    Tag.Distribution = structure(c(`1` = 89L, `2` = 39L, `3` = 22L, 
    `4` = 32L, `5` = 31L, `6` = 31L, `7` = 27L, `8` = 17L, `9` = 19L, 
    `10` = 16L, `11` = 9L, `12` = 10L, `13` = 9L, `14` = 8L, 
    `15` = 9L, `16` = 8L, `17` = 2L, `18` = 3L, `19` = 3L, `20` = 5L, 
    `21` = 5L, `22` = 1L, `23` = 2L, `24` = 3L, `25` = 2L, `28` = 1L, 
    `30` = 2L, `35` = 1L), .Dim = 28L, .Dimnames = list(TagUsage = c("1", 
    "2", "3", "4", "5", "6", "7", "8", "9", "10", "11", "12", 
    "13", "14", "15", "16", "17", "18", "19", "20", "21", "22", 
    "23", "24", "25", "28", "30", "35")), class = "table"), No.Tag = structure(c(0L, 
    0L, 0L, 0L, 0L, 0L, 0L, 11L, 157L, 4L, 0L, 4L, 0L, 4L, 145L, 
    2L, 0L, 1L, 0L, 1L, 4L, 0L, 0L, 0L), .Dim = c(6L, 4L), .Dimnames = structure(list(
        c("-2", "-1", "0", "1", "2", NA), c("-", "A", "G", NA
        )), .Names = c("", "")), class = "table"), All.Tags = list(
        Concordant = list(Freqs = structure(c(0, 0, 0, 0, 0, 
        0, 4, 130, 3, 0, 0, 2, 133, 0, 0), .Dim = c(5L, 3L), .Dimnames = list(
            c("-2", "-1", "0", "1", "2"), c("-", "A", "G"))), 
            N = 272), Majority = list(Freqs = structure(c(0, 
        0, 0, 0, 0, 0, 5, 193, 4, 0, 0, 2, 194, 0, 0), .Dim = c(5L, 
        3L), .Dimnames = list(c("-2", "-1", "0", "1", "2"), c("-", 
        "A", "G"))), N = 398)), `2` = structure(c(0, 0, 0, 0, 
    0, 0, 1, 156, 3, 0, 0, 0, 152, 0, 0), .Dim = c(5L, 3L), .Dimnames = list(
        c("-2", "-1", "0", "1", "2"), c("-", "A", "G"))))))
