Results <-
list(`bwa.out//20220204//17D0989_S8.sam` = list(GM26_SNP1 = list(
    All = list(Freqs = structure(c(1L, 31L, 4303L, 19L, 5L, 0L, 
    0L, 4L, 0L, 0L, 0L, 2L, 47L, 0L, 0L), .Dim = c(5L, 3L), .Dimnames = structure(list(
        c("-2", "-1", "0", "1", NA), c("A", "G", NA)), .Names = c("", 
    "")), class = "table"), N = 4412L), Tag.Distribution = structure(c(`1` = 133L, 
    `2` = 73L, `3` = 58L, `4` = 49L, `5` = 27L, `6` = 27L, `7` = 30L, 
    `8` = 30L, `9` = 21L, `10` = 19L, `11` = 17L, `12` = 10L, 
    `13` = 13L, `14` = 10L, `15` = 8L, `16` = 10L, `17` = 6L, 
    `18` = 4L, `19` = 10L, `20` = 6L, `21` = 6L, `22` = 1L, `23` = 5L, 
    `24` = 4L, `25` = 2L, `28` = 1L, `29` = 1L, `30` = 2L, `32` = 2L, 
    `34` = 1L, `37` = 2L, `39` = 1L, `40` = 1L, `42` = 2L, `43` = 2L, 
    `44` = 1L, `50` = 1L, `53` = 1L, `72` = 1L), .Dim = 39L, .Dimnames = list(
        TagUsage = c("1", "2", "3", "4", "5", "6", "7", "8", 
        "9", "10", "11", "12", "13", "14", "15", "16", "17", 
        "18", "19", "20", "21", "22", "23", "24", "25", "28", 
        "29", "30", "32", "34", "37", "39", "40", "42", "43", 
        "44", "50", "53", "72")), class = "table"), No.Tag = structure(c(0L, 
    0L, 90L, 0L, 0L, 0L, 0L, 0L, 0L, 0L, 0L, 0L, 1L, 0L, 0L), .Dim = c(5L, 
    3L), .Dimnames = structure(list(c("-2", "-1", "0", "1", NA
    ), c("A", "G", NA)), .Names = c("", "")), class = "table"), 
    All.Tags = list(Concordant = list(Freqs = structure(c(0, 
    1, 548, 1, 0, 0, 1, 0), .Dim = c(4L, 2L), .Dimnames = list(
        c("-2", "-1", "0", "1"), c("A", "G"))), N = 551), Majority = list(
        Freqs = structure(c(0, 1, 590, 1, 0, 0, 1, 0), .Dim = c(4L, 
        2L), .Dimnames = list(c("-2", "-1", "0", "1"), c("A", 
        "G"))), N = 593)), `2` = structure(c(0, 0, 464, 1, 0, 
    0, 0, 0), .Dim = c(4L, 2L), .Dimnames = list(c("-2", "-1", 
    "0", "1"), c("A", "G"))))))
