Results <-
list(`bwa.out//20220204//Control27_S20.sam` = list(LR40_SNP1 = list(
    All = list(Freqs = structure(c(0L, 1L, 0L, 0L, 30L, 3236L, 
    13L, 4L, 0L, 10L, 0L, 0L), .Dim = 4:3, .Dimnames = structure(list(
        c("-1", "0", "1", NA), c("A", "C", NA)), .Names = c("", 
    "")), class = "table"), N = 3294L), Tag.Distribution = structure(c(`1` = 103L, 
    `2` = 60L, `3` = 43L, `4` = 29L, `5` = 33L, `6` = 29L, `7` = 20L, 
    `8` = 26L, `9` = 11L, `10` = 13L, `11` = 10L, `12` = 4L, 
    `13` = 12L, `14` = 10L, `15` = 7L, `16` = 9L, `17` = 5L, 
    `18` = 5L, `19` = 7L, `20` = 6L, `21` = 5L, `22` = 3L, `23` = 1L, 
    `24` = 1L, `25` = 5L, `26` = 2L, `27` = 2L, `28` = 2L, `32` = 1L, 
    `36` = 1L, `37` = 1L, `39` = 1L, `41` = 1L), .Dim = 33L, .Dimnames = list(
        TagUsage = c("1", "2", "3", "4", "5", "6", "7", "8", 
        "9", "10", "11", "12", "13", "14", "15", "16", "17", 
        "18", "19", "20", "21", "22", "23", "24", "25", "26", 
        "27", "28", "32", "36", "37", "39", "41")), class = "table"), 
    No.Tag = structure(c(0L, 0L, 0L, 0L, 0L, 86L, 0L, 2L, 0L, 
    1L, 0L, 0L), .Dim = 4:3, .Dimnames = structure(list(c("-1", 
    "0", "1", NA), c("A", "C", NA)), .Names = c("", "")), class = "table"), 
    All.Tags = list(Concordant = list(Freqs = structure(c(0, 
    0, 0, 0, 427, 0), .Dim = 3:2, .Dimnames = list(c("-1", "0", 
    "1"), c("A", "C"))), N = 427), Majority = list(Freqs = structure(c(0, 
    0, 0, 0, 464, 0), .Dim = 3:2, .Dimnames = list(c("-1", "0", 
    "1"), c("A", "C"))), N = 464)), `2` = structure(c(0, 0, 0, 
    0, 363, 0), .Dim = 3:2, .Dimnames = list(c("-1", "0", "1"
    ), c("A", "C"))))))
