Results <-
list(`bwa.out//20220204//BlindCMMRD85_S44.sam` = list(GM26_SNP1 = list(
    All = list(Freqs = structure(c(0L, 13L, 1412L, 0L, 1L, 1L, 
    0L, 0L, 1L, 0L, 0L, 0L, 1L, 15L, 1614L, 10L, 0L, 2L, 0L, 
    0L, 3L, 0L, 0L, 0L, 0L, 2L, 34L, 1L, 0L, 0L), .Dim = 6:5, .Dimnames = structure(list(
        c("-2", "-1", "0", "1", "2", NA), c("A", "C", "G", "T", 
        NA)), .Names = c("", "")), class = "table"), N = 3110L), 
    Tag.Distribution = structure(c(`1` = 120L, `2` = 74L, `3` = 62L, 
    `4` = 40L, `5` = 41L, `6` = 33L, `7` = 22L, `8` = 19L, `9` = 24L, 
    `10` = 19L, `11` = 8L, `12` = 21L, `13` = 8L, `14` = 9L, 
    `15` = 9L, `16` = 7L, `17` = 4L, `18` = 4L, `19` = 5L, `20` = 4L, 
    `21` = 3L, `23` = 2L, `24` = 1L, `47` = 1L), .Dim = 24L, .Dimnames = list(
        TagUsage = c("1", "2", "3", "4", "5", "6", "7", "8", 
        "9", "10", "11", "12", "13", "14", "15", "16", "17", 
        "18", "19", "20", "21", "23", "24", "47")), class = "table"), 
    No.Tag = structure(c(0L, 0L, 12L, 0L, 0L, 0L, 0L, 0L, 0L, 
    0L, 0L, 0L, 0L, 0L, 50L, 1L, 0L, 0L, 0L, 0L, 3L, 0L, 0L, 
    0L, 0L, 0L, 3L, 0L, 0L, 0L), .Dim = 6:5, .Dimnames = structure(list(
        c("-2", "-1", "0", "1", "2", NA), c("A", "C", "G", "T", 
        NA)), .Names = c("", "")), class = "table"), All.Tags = list(
        Concordant = list(Freqs = structure(c(0, 3, 230, 0, 0, 
        0, 0, 0, 0, 0, 0, 1, 242, 2, 0, 0, 0, 0, 0, 0), .Dim = 5:4, .Dimnames = list(
            c("-2", "-1", "0", "1", "2"), c("A", "C", "G", "T"
            ))), N = 478), Majority = list(Freqs = structure(c(0, 
        3, 248, 0, 0, 0, 0, 0, 0, 0, 0, 1, 272, 2, 0, 0, 0, 0, 
        0, 0), .Dim = 5:4, .Dimnames = list(c("-2", "-1", "0", 
        "1", "2"), c("A", "C", "G", "T"))), N = 526)), `2` = structure(c(0, 
    0, 203, 0, 0, 0, 0, 0, 0, 0, 0, 0, 211, 0, 0, 0, 0, 0, 0, 
    0), .Dim = 5:4, .Dimnames = list(c("-2", "-1", "0", "1", 
    "2"), c("A", "C", "G", "T"))))))
