Results <-
list(`bwa.out//20220204//Control12_S5.sam` = list(LR11_SNP1 = list(
    All = list(Freqs = structure(c(1L, 58L, 1987L, 18L, 5L, 0L, 
    0L, 1L, 0L, 0L, 0L, 0L, 1L, 0L, 0L, 0L, 0L, 15L, 0L, 0L), .Dim = 5:4, .Dimnames = structure(list(
        c("-2", "-1", "0", "1", NA), c("A", "C", "G", NA)), .Names = c("", 
    "")), class = "table"), N = 2086L), Tag.Distribution = structure(c(`1` = 99L, 
    `2` = 57L, `3` = 40L, `4` = 41L, `5` = 26L, `6` = 19L, `7` = 29L, 
    `8` = 12L, `9` = 19L, `10` = 14L, `11` = 6L, `12` = 12L, 
    `13` = 3L, `14` = 4L, `15` = 6L, `16` = 7L, `17` = 4L, `18` = 3L, 
    `19` = 1L, `20` = 1L, `27` = 1L), .Dim = 21L, .Dimnames = list(
        TagUsage = c("1", "2", "3", "4", "5", "6", "7", "8", 
        "9", "10", "11", "12", "13", "14", "15", "16", "17", 
        "18", "19", "20", "27")), class = "table"), No.Tag = structure(c(0L, 
    1L, 36L, 2L, 0L, 0L, 0L, 0L, 0L, 0L, 0L, 0L, 0L, 0L, 0L, 
    0L, 0L, 1L, 0L, 0L), .Dim = 5:4, .Dimnames = structure(list(
        c("-2", "-1", "0", "1", NA), c("A", "C", "G", NA)), .Names = c("", 
    "")), class = "table"), All.Tags = list(Concordant = list(
        Freqs = structure(c(0, 3, 350, 1, 0, 0, 0, 0, 0, 0, 0, 
        0), .Dim = 4:3, .Dimnames = list(c("-2", "-1", "0", "1"
        ), c("A", "C", "G"))), N = 354), Majority = list(Freqs = structure(c(0, 
    4, 391, 2, 0, 0, 0, 0, 0, 0, 0, 0), .Dim = 4:3, .Dimnames = list(
        c("-2", "-1", "0", "1"), c("A", "C", "G"))), N = 397)), 
    `2` = structure(c(0, 2, 297, 2, 0, 0, 0, 0, 0, 0, 0, 0), .Dim = 4:3, .Dimnames = list(
        c("-2", "-1", "0", "1"), c("A", "C", "G"))))))
