Results <-
list(`bwa.out//20220204//BlindCMMRD57_S16.sam` = list(DEPDC2_SNP1 = list(
    All = list(Freqs = structure(c(0L, 1L, 0L, 0L, 42L, 5322L, 
    24L, 11L, 0L, 1L, 0L, 0L, 0L, 11L, 0L, 0L, 0L, 76L, 0L, 0L
    ), .Dim = 4:5, .Dimnames = structure(list(c("-1", "0", "1", 
    NA), c("A", "C", "G", "T", NA)), .Names = c("", "")), class = "table"), 
        N = 5488L), Tag.Distribution = structure(c(`1` = 194L, 
    `2` = 87L, `3` = 61L, `4` = 73L, `5` = 59L, `6` = 55L, `7` = 48L, 
    `8` = 32L, `9` = 35L, `10` = 20L, `11` = 26L, `12` = 28L, 
    `13` = 28L, `14` = 14L, `15` = 20L, `16` = 8L, `17` = 8L, 
    `18` = 11L, `19` = 11L, `20` = 8L, `21` = 3L, `22` = 5L, 
    `23` = 2L, `24` = 4L, `25` = 3L, `32` = 2L, `33` = 1L, `34` = 1L
    ), .Dim = 28L, .Dimnames = list(TagUsage = c("1", "2", "3", 
    "4", "5", "6", "7", "8", "9", "10", "11", "12", "13", "14", 
    "15", "16", "17", "18", "19", "20", "21", "22", "23", "24", 
    "25", "32", "33", "34")), class = "table"), No.Tag = structure(c(0L, 
    0L, 0L, 0L, 0L, 76L, 0L, 1L, 0L, 0L, 0L, 0L, 0L, 0L, 0L, 
    0L, 0L, 2L, 0L, 0L), .Dim = 4:5, .Dimnames = structure(list(
        c("-1", "0", "1", NA), c("A", "C", "G", "T", NA)), .Names = c("", 
    "")), class = "table"), All.Tags = list(Concordant = list(
        Freqs = structure(c(0, 0, 0, 1, 771, 2, 0, 0, 0, 0, 6, 
        0), .Dim = 3:4, .Dimnames = list(c("-1", "0", "1"), c("A", 
        "C", "G", "T"))), N = 780), Majority = list(Freqs = structure(c(0, 
    0, 0, 2, 820, 3, 0, 0, 0, 0, 6, 0), .Dim = 3:4, .Dimnames = list(
        c("-1", "0", "1"), c("A", "C", "G", "T"))), N = 831)), 
    `2` = structure(c(0, 0, 0, 1, 651, 1, 0, 0, 0, 0, 0, 0), .Dim = 3:4, .Dimnames = list(
        c("-1", "0", "1"), c("A", "C", "G", "T"))))))
