Results <-
list(`bwa.out//20220204//BlindCMMRD54_S13.sam` = list(LR17_SNP1 = list(
    All = list(Freqs = structure(c(1L, 3L, 185L, 3716L, 63L, 
    2L, 19L, 0L, 0L, 0L, 1L, 0L, 0L, 0L, 0L, 0L, 0L, 1L, 0L, 
    0L, 0L, 0L, 0L, 2L, 126L, 0L, 0L, 0L), .Dim = c(7L, 4L), .Dimnames = structure(list(
        c("-3", "-2", "-1", "0", "1", "2", NA), c("A", "C", "G", 
        NA)), .Names = c("", "")), class = "table"), N = 4119L), 
    Tag.Distribution = structure(c(`1` = 70L, `2` = 20L, `3` = 20L, 
    `4` = 20L, `5` = 12L, `6` = 19L, `7` = 11L, `8` = 9L, `9` = 11L, 
    `10` = 12L, `11` = 10L, `12` = 13L, `13` = 8L, `14` = 12L, 
    `15` = 10L, `16` = 8L, `17` = 10L, `18` = 12L, `19` = 3L, 
    `20` = 5L, `21` = 4L, `22` = 5L, `23` = 3L, `24` = 4L, `25` = 3L, 
    `26` = 3L, `27` = 4L, `28` = 5L, `29` = 5L, `30` = 2L, `31` = 2L, 
    `32` = 3L, `33` = 1L, `34` = 2L, `35` = 3L, `36` = 2L, `37` = 2L, 
    `38` = 1L, `39` = 1L, `40` = 1L, `41` = 1L, `44` = 1L, `49` = 2L, 
    `52` = 1L), .Dim = 44L, .Dimnames = list(TagUsage = c("1", 
    "2", "3", "4", "5", "6", "7", "8", "9", "10", "11", "12", 
    "13", "14", "15", "16", "17", "18", "19", "20", "21", "22", 
    "23", "24", "25", "26", "27", "28", "29", "30", "31", "32", 
    "33", "34", "35", "36", "37", "38", "39", "40", "41", "44", 
    "49", "52")), class = "table"), No.Tag = structure(c(0L, 
    0L, 5L, 126L, 1L, 0L, 3L, 0L, 0L, 0L, 0L, 0L, 0L, 0L, 0L, 
    0L, 0L, 0L, 0L, 0L, 0L, 0L, 0L, 0L, 6L, 0L, 0L, 0L), .Dim = c(7L, 
    4L), .Dimnames = structure(list(c("-3", "-2", "-1", "0", 
    "1", "2", NA), c("A", "C", "G", NA)), .Names = c("", "")), class = "table"), 
    All.Tags = list(Concordant = list(Freqs = structure(c(0, 
    0, 7, 228, 4, 0, 0, 0, 0, 0, 0, 0, 0, 0, 0, 0, 0, 0), .Dim = c(6L, 
    3L), .Dimnames = list(c("-3", "-2", "-1", "0", "1", "2"), 
        c("A", "C", "G"))), N = 239), Majority = list(Freqs = structure(c(0, 
    0, 8, 337, 4, 0, 0, 0, 0, 0, 0, 0, 0, 0, 0, 0, 0, 0), .Dim = c(6L, 
    3L), .Dimnames = list(c("-3", "-2", "-1", "0", "1", "2"), 
        c("A", "C", "G"))), N = 349)), `2` = structure(c(0, 0, 
    5, 279, 2, 0, 0, 0, 0, 0, 0, 0, 0, 0, 0, 0, 0, 0), .Dim = c(6L, 
    3L), .Dimnames = list(c("-3", "-2", "-1", "0", "1", "2"), 
        c("A", "C", "G"))))))
