Results <-
list(`bwa.out//20220204//BlindCMMRD71_S30.sam` = list(GM29_SNP1 = list(
    All = list(Freqs = structure(c(1L, 86L, 3346L, 6L, 6L, 2L, 
    41L, 3436L, 13L, 8L, 0L, 2L, 53L, 1L, 0L), .Dim = c(5L, 3L
    ), .Dimnames = structure(list(c("-2", "-1", "0", "1", NA), 
        c("A", "G", NA)), .Names = c("", "")), class = "table"), 
        N = 7001L), Tag.Distribution = structure(c(`1` = 82L, 
    `2` = 25L, `3` = 26L, `4` = 19L, `5` = 21L, `6` = 23L, `7` = 13L, 
    `8` = 19L, `9` = 11L, `10` = 15L, `11` = 15L, `12` = 12L, 
    `13` = 19L, `14` = 13L, `15` = 9L, `16` = 14L, `17` = 9L, 
    `18` = 9L, `19` = 14L, `20` = 7L, `21` = 7L, `22` = 3L, `23` = 3L, 
    `24` = 5L, `25` = 5L, `26` = 4L, `27` = 6L, `28` = 5L, `29` = 7L, 
    `30` = 6L, `31` = 4L, `32` = 6L, `33` = 5L, `34` = 2L, `36` = 3L, 
    `37` = 7L, `38` = 1L, `39` = 3L, `41` = 3L, `42` = 1L, `43` = 1L, 
    `44` = 2L, `45` = 5L, `47` = 1L, `49` = 1L, `50` = 1L, `54` = 4L, 
    `55` = 1L, `58` = 2L, `59` = 1L, `63` = 1L, `74` = 1L, `90` = 1L, 
    `95` = 1L, `104` = 1L), .Dim = 55L, .Dimnames = list(TagUsage = c("1", 
    "2", "3", "4", "5", "6", "7", "8", "9", "10", "11", "12", 
    "13", "14", "15", "16", "17", "18", "19", "20", "21", "22", 
    "23", "24", "25", "26", "27", "28", "29", "30", "31", "32", 
    "33", "34", "36", "37", "38", "39", "41", "42", "43", "44", 
    "45", "47", "49", "50", "54", "55", "58", "59", "63", "74", 
    "90", "95", "104")), class = "table"), No.Tag = structure(c(0L, 
    1L, 165L, 0L, 0L, 0L, 2L, 60L, 0L, 0L, 0L, 1L, 7L, 0L, 0L
    ), .Dim = c(5L, 3L), .Dimnames = structure(list(c("-2", "-1", 
    "0", "1", NA), c("A", "G", NA)), .Names = c("", "")), class = "table"), 
    All.Tags = list(Concordant = list(Freqs = structure(c(0, 
    1, 176, 0, 0, 0, 186, 0), .Dim = c(4L, 2L), .Dimnames = list(
        c("-2", "-1", "0", "1"), c("A", "G"))), N = 363), Majority = list(
        Freqs = structure(c(0, 1, 234, 0, 0, 0, 244, 0), .Dim = c(4L, 
        2L), .Dimnames = list(c("-2", "-1", "0", "1"), c("A", 
        "G"))), N = 479)), `2` = structure(c(0, 1, 200, 0, 0, 
    0, 201, 0), .Dim = c(4L, 2L), .Dimnames = list(c("-2", "-1", 
    "0", "1"), c("A", "G"))))))
