Results <-
list(`bwa.out//20220204//BlindCMMRD64_S23.sam` = list(LR40_SNP1 = list(
    All = list(Freqs = structure(c(0L, 0L, 1L, 0L, 0L, 1L, 41L, 
    5333L, 14L, 10L, 0L, 1L, 20L, 0L, 0L), .Dim = c(5L, 3L), .Dimnames = structure(list(
        c("-2", "-1", "0", "1", NA), c("A", "C", NA)), .Names = c("", 
    "")), class = "table"), N = 5421L), Tag.Distribution = structure(c(`1` = 134L, 
    `2` = 91L, `3` = 64L, `4` = 47L, `5` = 47L, `6` = 47L, `7` = 37L, 
    `8` = 27L, `9` = 26L, `10` = 25L, `11` = 19L, `12` = 26L, 
    `13` = 18L, `14` = 15L, `15` = 10L, `16` = 12L, `17` = 10L, 
    `18` = 10L, `19` = 8L, `20` = 7L, `21` = 8L, `22` = 7L, `23` = 3L, 
    `24` = 4L, `26` = 5L, `27` = 2L, `28` = 1L, `29` = 1L, `30` = 2L, 
    `31` = 2L, `32` = 4L, `33` = 2L, `37` = 1L, `44` = 1L, `46` = 1L
    ), .Dim = 35L, .Dimnames = list(TagUsage = c("1", "2", "3", 
    "4", "5", "6", "7", "8", "9", "10", "11", "12", "13", "14", 
    "15", "16", "17", "18", "19", "20", "21", "22", "23", "24", 
    "26", "27", "28", "29", "30", "31", "32", "33", "37", "44", 
    "46")), class = "table"), No.Tag = structure(c(0L, 0L, 0L, 
    0L, 0L, 0L, 2L, 124L, 1L, 1L, 0L, 0L, 1L, 0L, 0L), .Dim = c(5L, 
    3L), .Dimnames = structure(list(c("-2", "-1", "0", "1", NA
    ), c("A", "C", NA)), .Names = c("", "")), class = "table"), 
    All.Tags = list(Concordant = list(Freqs = structure(c(0, 
    0, 1, 0, 0, 0, 675, 3), .Dim = c(4L, 2L), .Dimnames = list(
        c("-2", "-1", "0", "1"), c("A", "C"))), N = 679), Majority = list(
        Freqs = structure(c(0, 0, 1, 0, 0, 0, 715, 3), .Dim = c(4L, 
        2L), .Dimnames = list(c("-2", "-1", "0", "1"), c("A", 
        "C"))), N = 719)), `2` = structure(c(0, 0, 0, 0, 0, 0, 
    589, 0), .Dim = c(4L, 2L), .Dimnames = list(c("-2", "-1", 
    "0", "1"), c("A", "C"))))))
