Results <-
list(`bwa.out//20220204//BlindCMMRD64_S23.sam` = list(LR49_SNP1 = list(
    All = list(Freqs = structure(c(8L, 2034L, 2L, 1L, 1L, 1877L, 
    2L, 0L, 0L, 1L, 0L, 0L, 0L, 17L, 0L, 0L), .Dim = c(4L, 4L
    ), .Dimnames = structure(list(c("-1", "0", "1", NA), c("A", 
    "G", "T", NA)), .Names = c("", "")), class = "table"), N = 3943L), 
    Tag.Distribution = structure(c(`1` = 125L, `2` = 77L, `3` = 51L, 
    `4` = 48L, `5` = 34L, `6` = 39L, `7` = 31L, `8` = 30L, `9` = 26L, 
    `10` = 21L, `11` = 19L, `12` = 19L, `13` = 12L, `14` = 10L, 
    `15` = 11L, `16` = 8L, `17` = 4L, `18` = 8L, `19` = 4L, `20` = 2L, 
    `21` = 1L, `22` = 5L, `23` = 3L, `24` = 2L, `25` = 2L, `26` = 2L, 
    `28` = 3L, `31` = 2L, `32` = 1L, `33` = 1L, `35` = 1L), .Dim = 31L, .Dimnames = list(
        TagUsage = c("1", "2", "3", "4", "5", "6", "7", "8", 
        "9", "10", "11", "12", "13", "14", "15", "16", "17", 
        "18", "19", "20", "21", "22", "23", "24", "25", "26", 
        "28", "31", "32", "33", "35")), class = "table"), No.Tag = structure(c(0L, 
    34L, 0L, 1L, 0L, 29L, 0L, 0L, 0L, 0L, 0L, 0L, 0L, 0L, 0L, 
    0L), .Dim = c(4L, 4L), .Dimnames = structure(list(c("-1", 
    "0", "1", NA), c("A", "G", "T", NA)), .Names = c("", "")), class = "table"), 
    All.Tags = list(Concordant = list(Freqs = structure(c(2, 
    281, 0, 0, 273, 0, 0, 0, 0), .Dim = c(3L, 3L), .Dimnames = list(
        c("-1", "0", "1"), c("A", "G", "T"))), N = 556), Majority = list(
        Freqs = structure(c(2, 303, 0, 0, 288, 0, 0, 0, 0), .Dim = c(3L, 
        3L), .Dimnames = list(c("-1", "0", "1"), c("A", "G", 
        "T"))), N = 593)), `2` = structure(c(0, 240, 0, 0, 232, 
    0, 0, 0, 0), .Dim = c(3L, 3L), .Dimnames = list(c("-1", "0", 
    "1"), c("A", "G", "T"))))))
