Results <-
list(`bwa.out//20220204//16D2889_S4.sam` = list(LR44_SNP1 = list(
    All = list(Freqs = structure(c(0L, 1L, 3L, 0L, 0L, 0L, 10L, 
    376L, 3756L, 75L, 2L, 38L, 0L, 3L, 52L, 1L, 0L, 0L), .Dim = c(6L, 
    3L), .Dimnames = structure(list(c("-2", "-1", "0", "1", "2", 
    NA), c("C", "T", NA)), .Names = c("", "")), class = "table"), 
        N = 4317L), Tag.Distribution = structure(c(`1` = 226L, 
    `2` = 156L, `3` = 89L, `4` = 80L, `5` = 62L, `6` = 45L, `7` = 41L, 
    `8` = 37L, `9` = 29L, `10` = 16L, `11` = 17L, `12` = 13L, 
    `13` = 12L, `14` = 14L, `15` = 8L, `16` = 10L, `17` = 10L, 
    `18` = 9L, `19` = 3L, `21` = 1L, `22` = 1L, `23` = 1L, `24` = 1L, 
    `27` = 1L, `29` = 1L, `35` = 1L), .Dim = 26L, .Dimnames = list(
        TagUsage = c("1", "2", "3", "4", "5", "6", "7", "8", 
        "9", "10", "11", "12", "13", "14", "15", "16", "17", 
        "18", "19", "21", "22", "23", "24", "27", "29", "35")), class = "table"), 
    No.Tag = structure(c(0L, 0L, 0L, 0L, 0L, 0L, 0L, 6L, 54L, 
    0L, 0L, 0L, 0L, 0L, 3L, 0L, 0L, 0L), .Dim = c(6L, 3L), .Dimnames = structure(list(
        c("-2", "-1", "0", "1", "2", NA), c("C", "T", NA)), .Names = c("", 
    "")), class = "table"), All.Tags = list(Concordant = list(
        Freqs = structure(c(0, 1, 1, 0, 0, 0, 29, 584, 3, 0), .Dim = c(5L, 
        2L), .Dimnames = list(c("-2", "-1", "0", "1", "2"), c("C", 
        "T"))), N = 618), Majority = list(Freqs = structure(c(0, 
    1, 1, 0, 0, 0, 36, 805, 4, 0), .Dim = c(5L, 2L), .Dimnames = list(
        c("-2", "-1", "0", "1", "2"), c("C", "T"))), N = 847)), 
    `2` = structure(c(0, 0, 0, 0, 0, 0, 19, 609, 2, 0), .Dim = c(5L, 
    2L), .Dimnames = list(c("-2", "-1", "0", "1", "2"), c("C", 
    "T"))))))
