Results <-
list(`bwa.out//20220204//MLPA80_S12.sam` = list(LR24_SNP1 = list(
    All = list(Freqs = structure(c(10L, 2643L, 7L, 3L, 6L, 2690L, 
    4L, 2L, 0L, 48L, 1L, 0L), .Dim = 4:3, .Dimnames = structure(list(
        c("-1", "0", "1", NA), c("A", "G", NA)), .Names = c("", 
    "")), class = "table"), N = 5414L), Tag.Distribution = structure(c(`1` = 280L, 
    `2` = 166L, `3` = 128L, `4` = 115L, `5` = 78L, `6` = 74L, 
    `7` = 41L, `8` = 41L, `9` = 45L, `10` = 32L, `11` = 24L, 
    `12` = 11L, `13` = 14L, `14` = 11L, `15` = 8L, `16` = 7L, 
    `17` = 7L, `18` = 5L, `19` = 5L, `20` = 3L, `21` = 2L, `22` = 4L, 
    `23` = 2L, `25` = 1L, `26` = 1L, `27` = 1L, `28` = 1L, `29` = 2L
    ), .Dim = 28L, .Dimnames = list(TagUsage = c("1", "2", "3", 
    "4", "5", "6", "7", "8", "9", "10", "11", "12", "13", "14", 
    "15", "16", "17", "18", "19", "20", "21", "22", "23", "25", 
    "26", "27", "28", "29")), class = "table"), No.Tag = structure(c(2L, 
    71L, 0L, 0L, 0L, 35L, 0L, 0L, 0L, 8L, 0L, 0L), .Dim = 4:3, .Dimnames = structure(list(
        c("-1", "0", "1", NA), c("A", "G", NA)), .Names = c("", 
    "")), class = "table"), All.Tags = list(Concordant = list(
        Freqs = structure(c(0, 475, 0, 1, 484, 0), .Dim = 3:2, .Dimnames = list(
            c("-1", "0", "1"), c("A", "G"))), N = 960), Majority = list(
        Freqs = structure(c(0, 534, 0, 1, 542, 0), .Dim = 3:2, .Dimnames = list(
            c("-1", "0", "1"), c("A", "G"))), N = 1077)), `2` = structure(c(0, 
    397, 0, 0, 409, 0), .Dim = 3:2, .Dimnames = list(c("-1", 
    "0", "1"), c("A", "G"))))))
