Results <-
list(`bwa.out//20220204//BlindCMMRD123_S49.sam` = list(LR46_SNP1 = list(
    All = list(Freqs = structure(c(3L, 1533L, 6L, 2L, 6L, 1603L, 
    5L, 0L, 0L, 6L, 0L, 0L), .Dim = 4:3, .Dimnames = structure(list(
        c("-1", "0", "1", NA), c("G", "T", NA)), .Names = c("", 
    "")), class = "table"), N = 3164L), Tag.Distribution = structure(c(`1` = 151L, 
    `2` = 119L, `3` = 87L, `4` = 79L, `5` = 69L, `6` = 39L, `7` = 33L, 
    `8` = 33L, `9` = 16L, `10` = 17L, `11` = 16L, `12` = 9L, 
    `13` = 6L, `14` = 7L, `15` = 1L, `16` = 3L, `17` = 3L, `18` = 1L, 
    `19` = 1L, `21` = 1L, `24` = 2L, `28` = 1L), .Dim = 22L, .Dimnames = list(
        TagUsage = c("1", "2", "3", "4", "5", "6", "7", "8", 
        "9", "10", "11", "12", "13", "14", "15", "16", "17", 
        "18", "19", "21", "24", "28")), class = "table"), No.Tag = structure(c(0L, 
    35L, 0L, 0L, 0L, 66L, 0L, 0L, 0L, 1L, 0L, 0L), .Dim = 4:3, .Dimnames = structure(list(
        c("-1", "0", "1", NA), c("G", "T", NA)), .Names = c("", 
    "")), class = "table"), All.Tags = list(Concordant = list(
        Freqs = structure(c(0, 308, 1, 0, 318, 0), .Dim = 3:2, .Dimnames = list(
            c("-1", "0", "1"), c("G", "T"))), N = 627), Majority = list(
        Freqs = structure(c(0, 339, 1, 0, 343, 0), .Dim = 3:2, .Dimnames = list(
            c("-1", "0", "1"), c("G", "T"))), N = 683)), `2` = structure(c(0, 
    266, 0, 0, 267, 0), .Dim = 3:2, .Dimnames = list(c("-1", 
    "0", "1"), c("G", "T"))))))
