Results <-
list(`bwa.out//20220204//BlindCMMRD62_S21.sam` = list(LR11_SNP1 = list(
    All = list(Freqs = structure(c(2L, 49L, 2221L, 23L, 0L, 1L, 
    8L, 4L, 30L, 2081L, 14L, 1L, 0L, 6L, 0L, 0L, 1L, 0L, 0L, 
    0L, 0L, 0L, 2L, 91L, 3L, 0L, 0L, 0L), .Dim = c(7L, 4L), .Dimnames = structure(list(
        c("-2", "-1", "0", "1", "2", "3", NA), c("A", "C", "G", 
        NA)), .Names = c("", "")), class = "table"), N = 4537L), 
    Tag.Distribution = structure(c(`1` = 105L, `2` = 52L, `3` = 49L, 
    `4` = 44L, `5` = 40L, `6` = 46L, `7` = 39L, `8` = 30L, `9` = 21L, 
    `10` = 27L, `11` = 21L, `12` = 28L, `13` = 16L, `14` = 15L, 
    `15` = 11L, `16` = 18L, `17` = 10L, `18` = 8L, `19` = 8L, 
    `20` = 3L, `21` = 6L, `22` = 3L, `23` = 4L, `24` = 2L, `25` = 3L, 
    `26` = 1L, `27` = 1L, `28` = 1L, `30` = 1L, `34` = 1L), .Dim = 30L, .Dimnames = list(
        TagUsage = c("1", "2", "3", "4", "5", "6", "7", "8", 
        "9", "10", "11", "12", "13", "14", "15", "16", "17", 
        "18", "19", "20", "21", "22", "23", "24", "25", "26", 
        "27", "28", "30", "34")), class = "table"), No.Tag = structure(c(0L, 
    0L, 13L, 0L, 0L, 0L, 0L, 0L, 0L, 22L, 0L, 0L, 0L, 0L, 0L, 
    0L, 0L, 0L, 0L, 0L, 0L, 0L, 1L, 5L, 0L, 0L, 0L, 0L), .Dim = c(7L, 
    4L), .Dimnames = structure(list(c("-2", "-1", "0", "1", "2", 
    "3", NA), c("A", "C", "G", NA)), .Names = c("", "")), class = "table"), 
    All.Tags = list(Concordant = list(Freqs = structure(c(0, 
    2, 235, 1, 0, 0, 0, 1, 233, 0, 0, 0, 0, 0, 0, 0, 0, 0), .Dim = c(6L, 
    3L), .Dimnames = list(c("-2", "-1", "0", "1", "2", "3"), 
        c("A", "C", "G"))), N = 472), Majority = list(Freqs = structure(c(0, 
    2, 308, 1, 0, 0, 0, 1, 284, 0, 0, 0, 0, 0, 0, 0, 0, 0), .Dim = c(6L, 
    3L), .Dimnames = list(c("-2", "-1", "0", "1", "2", "3"), 
        c("A", "C", "G"))), N = 596)), `2` = structure(c(0, 0, 
    260, 0, 0, 0, 0, 0, 238, 0, 0, 0, 0, 0, 0, 0, 0, 0), .Dim = c(6L, 
    3L), .Dimnames = list(c("-2", "-1", "0", "1", "2", "3"), 
        c("A", "C", "G"))))))
