Results <-
list(`bwa.out//20220204//BlindCMMRD42_S2.sam` = list(LR11_SNP1 = list(
    All = list(Freqs = structure(c(2L, 59L, 2696L, 15L, 1L, 6L, 
    3L, 63L, 2308L, 24L, 0L, 7L, 0L, 3L, 89L, 3L, 0L, 0L), .Dim = c(6L, 
    3L), .Dimnames = structure(list(c("-2", "-1", "0", "1", "2", 
    NA), c("A", "C", NA)), .Names = c("", "")), class = "table"), 
        N = 5279L), Tag.Distribution = structure(c(`1` = 79L, 
    `2` = 12L, `3` = 8L, `4` = 14L, `5` = 12L, `6` = 6L, `7` = 7L, 
    `8` = 9L, `9` = 1L, `10` = 7L, `11` = 9L, `12` = 8L, `13` = 9L, 
    `14` = 4L, `15` = 7L, `16` = 12L, `17` = 10L, `18` = 8L, 
    `19` = 7L, `20` = 7L, `21` = 9L, `22` = 9L, `23` = 5L, `24` = 1L, 
    `25` = 4L, `26` = 4L, `27` = 3L, `28` = 2L, `29` = 4L, `30` = 2L, 
    `31` = 5L, `32` = 8L, `33` = 5L, `34` = 4L, `35` = 2L, `36` = 1L, 
    `37` = 4L, `38` = 4L, `39` = 1L, `40` = 4L, `41` = 1L, `42` = 1L, 
    `43` = 1L, `44` = 2L, `45` = 1L, `46` = 2L, `49` = 4L, `50` = 2L, 
    `52` = 1L, `55` = 1L, `56` = 1L, `57` = 1L, `62` = 1L, `66` = 1L, 
    `73` = 1L, `83` = 1L), .Dim = 56L, .Dimnames = list(TagUsage = c("1", 
    "2", "3", "4", "5", "6", "7", "8", "9", "10", "11", "12", 
    "13", "14", "15", "16", "17", "18", "19", "20", "21", "22", 
    "23", "24", "25", "26", "27", "28", "29", "30", "31", "32", 
    "33", "34", "35", "36", "37", "38", "39", "40", "41", "42", 
    "43", "44", "45", "46", "49", "50", "52", "55", "56", "57", 
    "62", "66", "73", "83")), class = "table"), No.Tag = structure(c(0L, 
    0L, 22L, 0L, 0L, 1L, 0L, 0L, 12L, 0L, 0L, 1L, 0L, 0L, 1L, 
    0L, 0L, 0L), .Dim = c(6L, 3L), .Dimnames = structure(list(
        c("-2", "-1", "0", "1", "2", NA), c("A", "C", NA)), .Names = c("", 
    "")), class = "table"), All.Tags = list(Concordant = list(
        Freqs = structure(c(0, 1, 129, 0, 0, 0, 0, 117, 0, 0), .Dim = c(5L, 
        2L), .Dimnames = list(c("-2", "-1", "0", "1", "2"), c("A", 
        "C"))), N = 247), Majority = list(Freqs = structure(c(0, 
    2, 172, 0, 0, 0, 1, 155, 1, 0), .Dim = c(5L, 2L), .Dimnames = list(
        c("-2", "-1", "0", "1", "2"), c("A", "C"))), N = 331)), 
    `2` = structure(c(0, 1, 135, 0, 0, 0, 1, 120, 1, 0), .Dim = c(5L, 
    2L), .Dimnames = list(c("-2", "-1", "0", "1", "2"), c("A", 
    "C"))))))
