Results <-
list(`bwa.out//20220204//MLPA03_S10.sam` = list(GM22_SNP1 = list(
    All = list(Freqs = structure(c(0L, 0L, 3L, 0L, 0L, 0L, 0L, 
    1L, 0L, 0L, 1L, 52L, 4358L, 16L, 15L, 0L, 6L, 167L, 3L, 0L
    ), .Dim = 5:4, .Dimnames = structure(list(c("-2", "-1", "0", 
    "1", NA), c("A", "C", "G", NA)), .Names = c("", "")), class = "table"), 
        N = 4622L), Tag.Distribution = structure(c(`1` = 177L, 
    `2` = 41L, `3` = 32L, `4` = 29L, `5` = 19L, `6` = 17L, `7` = 16L, 
    `8` = 14L, `9` = 17L, `10` = 7L, `11` = 14L, `12` = 11L, 
    `13` = 14L, `14` = 7L, `15` = 4L, `16` = 13L, `17` = 5L, 
    `18` = 9L, `19` = 9L, `20` = 4L, `21` = 5L, `22` = 8L, `23` = 8L, 
    `24` = 2L, `25` = 3L, `26` = 6L, `27` = 7L, `28` = 2L, `29` = 2L, 
    `30` = 4L, `32` = 2L, `33` = 3L, `34` = 3L, `35` = 2L, `36` = 2L, 
    `37` = 2L, `38` = 3L, `39` = 2L, `40` = 3L, `41` = 1L, `54` = 1L
    ), .Dim = 41L, .Dimnames = list(TagUsage = c("1", "2", "3", 
    "4", "5", "6", "7", "8", "9", "10", "11", "12", "13", "14", 
    "15", "16", "17", "18", "19", "20", "21", "22", "23", "24", 
    "25", "26", "27", "28", "29", "30", "32", "33", "34", "35", 
    "36", "37", "38", "39", "40", "41", "54")), class = "table"), 
    No.Tag = structure(c(0L, 0L, 0L, 0L, 0L, 0L, 0L, 0L, 0L, 
    0L, 0L, 2L, 94L, 2L, 3L, 0L, 0L, 18L, 1L, 0L), .Dim = 5:4, .Dimnames = structure(list(
        c("-2", "-1", "0", "1", NA), c("A", "C", "G", NA)), .Names = c("", 
    "")), class = "table"), All.Tags = list(Concordant = list(
        Freqs = structure(c(0, 0, 2, 0, 0, 0, 0, 0, 0, 2, 437, 
        0), .Dim = 4:3, .Dimnames = list(c("-2", "-1", "0", "1"
        ), c("A", "C", "G"))), N = 441), Majority = list(Freqs = structure(c(0, 
    0, 2, 0, 0, 0, 0, 0, 0, 2, 489, 0), .Dim = 4:3, .Dimnames = list(
        c("-2", "-1", "0", "1"), c("A", "C", "G"))), N = 493)), 
    `2` = structure(c(0, 0, 0, 0, 0, 0, 0, 0, 0, 0, 351, 0), .Dim = 4:3, .Dimnames = list(
        c("-2", "-1", "0", "1"), c("A", "C", "G"))))))
