Results <-
list(`bwa.out//20220204//BlindCMMRD51_S11.sam` = list(LR11_SNP1 = list(
    All = list(Freqs = structure(c(1L, 47L, 1589L, 14L, 7L, 3L, 
    30L, 1834L, 9L, 6L, 1L, 0L, 0L, 0L, 0L, 0L, 0L, 0L, 0L, 1L, 
    0L, 2L, 82L, 0L, 0L), .Dim = c(5L, 5L), .Dimnames = structure(list(
        c("-2", "-1", "0", "1", NA), c("A", "C", "G", "T", NA
        )), .Names = c("", "")), class = "table"), N = 3626L), 
    Tag.Distribution = structure(c(`1` = 78L, `2` = 24L, `3` = 17L, 
    `4` = 9L, `5` = 23L, `6` = 10L, `7` = 14L, `8` = 14L, `9` = 4L, 
    `10` = 11L, `11` = 7L, `12` = 10L, `13` = 12L, `14` = 5L, 
    `15` = 9L, `16` = 6L, `17` = 14L, `18` = 4L, `19` = 5L, `20` = 10L, 
    `21` = 2L, `22` = 8L, `23` = 4L, `24` = 6L, `25` = 1L, `26` = 4L, 
    `28` = 4L, `29` = 2L, `30` = 2L, `31` = 1L, `32` = 2L, `33` = 1L, 
    `34` = 2L, `36` = 1L, `38` = 3L, `40` = 1L, `44` = 1L, `46` = 1L, 
    `49` = 1L, `61` = 2L, `69` = 1L), .Dim = 41L, .Dimnames = list(
        TagUsage = c("1", "2", "3", "4", "5", "6", "7", "8", 
        "9", "10", "11", "12", "13", "14", "15", "16", "17", 
        "18", "19", "20", "21", "22", "23", "24", "25", "26", 
        "28", "29", "30", "31", "32", "33", "34", "36", "38", 
        "40", "44", "46", "49", "61", "69")), class = "table"), 
    No.Tag = structure(c(0L, 1L, 85L, 1L, 0L, 0L, 0L, 1L, 0L, 
    0L, 0L, 0L, 0L, 0L, 0L, 0L, 0L, 0L, 0L, 0L, 0L, 1L, 5L, 0L, 
    0L), .Dim = c(5L, 5L), .Dimnames = structure(list(c("-2", 
    "-1", "0", "1", NA), c("A", "C", "G", "T", NA)), .Names = c("", 
    "")), class = "table"), All.Tags = list(Concordant = list(
        Freqs = structure(c(0, 2, 114, 0, 0, 0, 137, 0, 0, 0, 
        0, 0, 0, 0, 0, 0), .Dim = c(4L, 4L), .Dimnames = list(
            c("-2", "-1", "0", "1"), c("A", "C", "G", "T"))), 
        N = 253), Majority = list(Freqs = structure(c(0, 2, 152, 
    0, 0, 0, 173, 0, 0, 0, 0, 0, 0, 0, 0, 0), .Dim = c(4L, 4L
    ), .Dimnames = list(c("-2", "-1", "0", "1"), c("A", "C", 
    "G", "T"))), N = 327)), `2` = structure(c(0, 2, 120, 0, 0, 
    0, 136, 0, 0, 0, 0, 0, 0, 0, 0, 0), .Dim = c(4L, 4L), .Dimnames = list(
        c("-2", "-1", "0", "1"), c("A", "C", "G", "T"))))))
