Results <-
list(`bwa.out//20220204//BlindCMMRD97_S56.sam` = list(GM26_SNP1 = list(
    All = list(Freqs = structure(c(0L, 16L, 2287L, 5L, 2L, 1L, 
    23L, 2037L, 10L, 1L, 0L, 2L, 34L, 0L, 0L), .Dim = c(5L, 3L
    ), .Dimnames = structure(list(c("-2", "-1", "0", "1", NA), 
        c("A", "G", NA)), .Names = c("", "")), class = "table"), 
        N = 4418L), Tag.Distribution = structure(c(`1` = 92L, 
    `2` = 43L, `3` = 50L, `4` = 46L, `5` = 46L, `6` = 37L, `7` = 28L, 
    `8` = 20L, `9` = 28L, `10` = 17L, `11` = 15L, `12` = 15L, 
    `13` = 10L, `14` = 20L, `15` = 7L, `16` = 8L, `17` = 10L, 
    `18` = 9L, `19` = 5L, `20` = 4L, `21` = 5L, `22` = 3L, `23` = 3L, 
    `24` = 8L, `25` = 5L, `26` = 2L, `27` = 1L, `28` = 2L, `29` = 1L, 
    `32` = 1L, `33` = 1L, `34` = 1L, `36` = 1L, `37` = 2L, `41` = 2L, 
    `44` = 1L, `47` = 1L, `53` = 1L), .Dim = 38L, .Dimnames = list(
        TagUsage = c("1", "2", "3", "4", "5", "6", "7", "8", 
        "9", "10", "11", "12", "13", "14", "15", "16", "17", 
        "18", "19", "20", "21", "22", "23", "24", "25", "26", 
        "27", "28", "29", "32", "33", "34", "36", "37", "41", 
        "44", "47", "53")), class = "table"), No.Tag = structure(c(0L, 
    0L, 20L, 0L, 0L, 0L, 0L, 5L, 0L, 0L, 0L, 0L, 0L, 0L, 0L), .Dim = c(5L, 
    3L), .Dimnames = structure(list(c("-2", "-1", "0", "1", NA
    ), c("A", "G", NA)), .Names = c("", "")), class = "table"), 
    All.Tags = list(Concordant = list(Freqs = structure(c(0, 
    0, 242, 0, 0, 0, 229, 0), .Dim = c(4L, 2L), .Dimnames = list(
        c("-2", "-1", "0", "1"), c("A", "G"))), N = 471), Majority = list(
        Freqs = structure(c(0, 0, 275, 0, 0, 0, 268, 0), .Dim = c(4L, 
        2L), .Dimnames = list(c("-2", "-1", "0", "1"), c("A", 
        "G"))), N = 543)), `2` = structure(c(0, 0, 233, 0, 0, 
    0, 223, 0), .Dim = c(4L, 2L), .Dimnames = list(c("-2", "-1", 
    "0", "1"), c("A", "G"))))))
