Results <-
list(`bwa.out//20220204//Control15_S8.sam` = list(IM49_SNP1 = list(
    All = list(Freqs = structure(c(0L, 0L, 0L, 1L, 0L, 0L, 0L, 
    0L, 1L, 37L, 1462L, 34L, 0L, 16L, 1L, 1L, 22L, 1045L, 13L, 
    1L, 9L, 0L, 0L, 1L, 148L, 1L, 0L, 0L), .Dim = c(7L, 4L), .Dimnames = structure(list(
        c("-3", "-2", "-1", "0", "1", "2", NA), c("A", "C", "G", 
        NA)), .Names = c("", "")), class = "table"), N = 2793L), 
    Tag.Distribution = structure(c(`1` = 172L, `2` = 61L, `3` = 41L, 
    `4` = 31L, `5` = 22L, `6` = 25L, `7` = 28L, `8` = 15L, `9` = 18L, 
    `10` = 14L, `11` = 9L, `12` = 11L, `13` = 12L, `14` = 7L, 
    `15` = 5L, `16` = 3L, `17` = 6L, `18` = 2L, `19` = 2L, `20` = 3L, 
    `21` = 3L, `22` = 2L, `23` = 1L, `24` = 2L, `25` = 1L, `26` = 1L, 
    `28` = 2L, `29` = 1L, `31` = 1L, `33` = 1L), .Dim = 30L, .Dimnames = list(
        TagUsage = c("1", "2", "3", "4", "5", "6", "7", "8", 
        "9", "10", "11", "12", "13", "14", "15", "16", "17", 
        "18", "19", "20", "21", "22", "23", "24", "25", "26", 
        "28", "29", "31", "33")), class = "table"), No.Tag = structure(c(0L, 
    0L, 0L, 0L, 0L, 0L, 0L, 0L, 0L, 1L, 81L, 0L, 0L, 1L, 0L, 
    0L, 0L, 54L, 0L, 0L, 1L, 0L, 0L, 0L, 14L, 0L, 0L, 0L), .Dim = c(7L, 
    4L), .Dimnames = structure(list(c("-3", "-2", "-1", "0", 
    "1", "2", NA), c("A", "C", "G", NA)), .Names = c("", "")), class = "table"), 
    All.Tags = list(Concordant = list(Freqs = structure(c(0, 
    0, 0, 0, 0, 0, 0, 0, 3, 191, 3, 0, 0, 0, 0, 163, 4, 0), .Dim = c(6L, 
    3L), .Dimnames = list(c("-3", "-2", "-1", "0", "1", "2"), 
        c("A", "C", "G"))), N = 364), Majority = list(Freqs = structure(c(0, 
    0, 0, 0, 0, 0, 0, 0, 5, 238, 3, 0, 0, 0, 0, 190, 4, 0), .Dim = c(6L, 
    3L), .Dimnames = list(c("-3", "-2", "-1", "0", "1", "2"), 
        c("A", "C", "G"))), N = 440)), `2` = structure(c(0, 0, 
    0, 0, 0, 0, 0, 0, 2, 177, 0, 0, 0, 0, 0, 135, 1, 0), .Dim = c(6L, 
    3L), .Dimnames = list(c("-3", "-2", "-1", "0", "1", "2"), 
        c("A", "C", "G"))))))
