Results <-
list(`bwa.out//20220204//Control16_S9.sam` = list(LR17_SNP1 = list(
    All = list(Freqs = structure(c(2L, 79L, 1926L, 35L, 1L, 18L, 
    0L, 0L, 3L, 0L, 0L, 0L, 0L, 0L, 57L, 1L, 0L, 0L), .Dim = c(6L, 
    3L), .Dimnames = structure(list(c("-2", "-1", "0", "1", "2", 
    NA), c("A", "G", NA)), .Names = c("", "")), class = "table"), 
        N = 2122L), Tag.Distribution = structure(c(`1` = 88L, 
    `2` = 28L, `3` = 19L, `4` = 18L, `5` = 24L, `6` = 16L, `7` = 8L, 
    `8` = 9L, `9` = 9L, `10` = 13L, `11` = 5L, `12` = 10L, `13` = 7L, 
    `14` = 8L, `15` = 6L, `16` = 5L, `17` = 3L, `18` = 3L, `19` = 4L, 
    `20` = 3L, `21` = 1L, `22` = 4L, `24` = 1L, `25` = 2L, `27` = 1L, 
    `28` = 1L, `29` = 1L, `30` = 2L, `38` = 1L, `44` = 1L), .Dim = 30L, .Dimnames = list(
        TagUsage = c("1", "2", "3", "4", "5", "6", "7", "8", 
        "9", "10", "11", "12", "13", "14", "15", "16", "17", 
        "18", "19", "20", "21", "22", "24", "25", "27", "28", 
        "29", "30", "38", "44")), class = "table"), No.Tag = structure(c(0L, 
    0L, 90L, 0L, 0L, 0L, 0L, 0L, 0L, 0L, 0L, 0L, 0L, 0L, 6L, 
    0L, 0L, 0L), .Dim = c(6L, 3L), .Dimnames = structure(list(
        c("-2", "-1", "0", "1", "2", NA), c("A", "G", NA)), .Names = c("", 
    "")), class = "table"), All.Tags = list(Concordant = list(
        Freqs = structure(c(0, 4, 207, 0, 0, 0, 0, 0, 0, 0), .Dim = c(5L, 
        2L), .Dimnames = list(c("-2", "-1", "0", "1", "2"), c("A", 
        "G"))), N = 211), Majority = list(Freqs = structure(c(0, 
    4, 282, 0, 0, 0, 0, 0, 0, 0), .Dim = c(5L, 2L), .Dimnames = list(
        c("-2", "-1", "0", "1", "2"), c("A", "G"))), N = 286)), 
    `2` = structure(c(0, 1, 207, 0, 0, 0, 0, 0, 0, 0), .Dim = c(5L, 
    2L), .Dimnames = list(c("-2", "-1", "0", "1", "2"), c("A", 
    "G"))))))
