Results <-
list(`bwa.out//20220204//17D1098_S3.sam` = list(LR10_SNP1 = list(
    All = list(Freqs = structure(c(30L, 1186L, 20L, 1L, 13L, 
    1201L, 6L, 0L, 1L, 29L, 1L, 0L), .Dim = 4:3, .Dimnames = structure(list(
        c("-1", "0", "1", NA), c("C", "T", NA)), .Names = c("", 
    "")), class = "table"), N = 2488L), Tag.Distribution = structure(c(`1` = 179L, 
    `2` = 108L, `3` = 70L, `4` = 40L, `5` = 45L, `6` = 34L, `7` = 25L, 
    `8` = 24L, `9` = 19L, `10` = 13L, `11` = 10L, `12` = 7L, 
    `13` = 6L, `14` = 4L, `16` = 4L, `18` = 1L, `19` = 1L, `22` = 1L, 
    `23` = 2L, `26` = 1L), .Dim = 20L, .Dimnames = list(TagUsage = c("1", 
    "2", "3", "4", "5", "6", "7", "8", "9", "10", "11", "12", 
    "13", "14", "16", "18", "19", "22", "23", "26")), class = "table"), 
    No.Tag = structure(c(2L, 55L, 0L, 0L, 0L, 38L, 0L, 0L, 0L, 
    8L, 0L, 0L), .Dim = 4:3, .Dimnames = structure(list(c("-1", 
    "0", "1", NA), c("C", "T", NA)), .Names = c("", "")), class = "table"), 
    All.Tags = list(Concordant = list(Freqs = structure(c(3, 
    242, 0, 0, 269, 0), .Dim = 3:2, .Dimnames = list(c("-1", 
    "0", "1"), c("C", "T"))), N = 514), Majority = list(Freqs = structure(c(3, 
    276, 1, 1, 300, 0), .Dim = 3:2, .Dimnames = list(c("-1", 
    "0", "1"), c("C", "T"))), N = 581)), `2` = structure(c(2, 
    187, 1, 1, 212, 0), .Dim = 3:2, .Dimnames = list(c("-1", 
    "0", "1"), c("C", "T"))))))
