Results <-
list(`bwa.out//20220204//Control20_S13.sam` = list(LR44_SNP1 = list(
    All = list(Freqs = structure(c(2L, 109L, 1689L, 22L, 1L, 
    7L, 4L, 142L, 1747L, 32L, 0L, 6L, 0L, 2L, 51L, 0L, 0L, 0L
    ), .Dim = c(6L, 3L), .Dimnames = structure(list(c("-2", "-1", 
    "0", "1", "2", NA), c("C", "T", NA)), .Names = c("", "")), class = "table"), 
        N = 3814L), Tag.Distribution = structure(c(`1` = 118L, 
    `2` = 64L, `3` = 47L, `4` = 35L, `5` = 39L, `6` = 33L, `7` = 33L, 
    `8` = 28L, `9` = 14L, `10` = 22L, `11` = 9L, `12` = 12L, 
    `13` = 16L, `14` = 16L, `15` = 10L, `16` = 9L, `17` = 5L, 
    `18` = 6L, `19` = 9L, `20` = 5L, `21` = 1L, `22` = 5L, `23` = 2L, 
    `24` = 2L, `25` = 3L, `26` = 3L, `27` = 1L, `30` = 1L, `31` = 1L, 
    `32` = 1L, `51` = 1L), .Dim = 31L, .Dimnames = list(TagUsage = c("1", 
    "2", "3", "4", "5", "6", "7", "8", "9", "10", "11", "12", 
    "13", "14", "15", "16", "17", "18", "19", "20", "21", "22", 
    "23", "24", "25", "26", "27", "30", "31", "32", "51")), class = "table"), 
    No.Tag = structure(c(0L, 3L, 55L, 1L, 0L, 0L, 0L, 2L, 45L, 
    0L, 0L, 1L, 0L, 0L, 4L, 0L, 0L, 0L), .Dim = c(6L, 3L), .Dimnames = structure(list(
        c("-2", "-1", "0", "1", "2", NA), c("C", "T", NA)), .Names = c("", 
    "")), class = "table"), All.Tags = list(Concordant = list(
        Freqs = structure(c(0, 7, 177, 2, 0, 1, 6, 172, 1, 0), .Dim = c(5L, 
        2L), .Dimnames = list(c("-2", "-1", "0", "1", "2"), c("C", 
        "T"))), N = 366), Majority = list(Freqs = structure(c(0, 
    8, 250, 2, 0, 1, 9, 262, 1, 0), .Dim = c(5L, 2L), .Dimnames = list(
        c("-2", "-1", "0", "1", "2"), c("C", "T"))), N = 533)), 
    `2` = structure(c(0, 2, 198, 0, 0, 0, 6, 211, 0, 0), .Dim = c(5L, 
    2L), .Dimnames = list(c("-2", "-1", "0", "1", "2"), c("C", 
    "T"))))))
