Results <-
list(`bwa.out//20220204//BlindCMMRD57_S16.sam` = list(LR17_SNP1 = list(
    All = list(Freqs = structure(c(1L, 101L, 2761L, 21L, 10L, 
    0L, 0L, 1L, 0L, 0L, 0L, 2L, 105L, 0L, 0L), .Dim = c(5L, 3L
    ), .Dimnames = structure(list(c("-2", "-1", "0", "1", NA), 
        c("A", "G", NA)), .Names = c("", "")), class = "table"), 
        N = 3002L), Tag.Distribution = structure(c(`1` = 60L, 
    `2` = 32L, `3` = 17L, `4` = 27L, `5` = 14L, `6` = 12L, `7` = 21L, 
    `8` = 20L, `9` = 18L, `10` = 15L, `11` = 10L, `12` = 12L, 
    `13` = 10L, `14` = 5L, `15` = 7L, `16` = 4L, `17` = 7L, `18` = 7L, 
    `19` = 4L, `20` = 5L, `22` = 6L, `23` = 6L, `24` = 3L, `25` = 4L, 
    `26` = 3L, `27` = 1L, `28` = 1L, `29` = 1L, `31` = 2L, `32` = 1L, 
    `33` = 1L, `37` = 2L, `39` = 1L), .Dim = 33L, .Dimnames = list(
        TagUsage = c("1", "2", "3", "4", "5", "6", "7", "8", 
        "9", "10", "11", "12", "13", "14", "15", "16", "17", 
        "18", "19", "20", "22", "23", "24", "25", "26", "27", 
        "28", "29", "31", "32", "33", "37", "39")), class = "table"), 
    No.Tag = structure(c(0L, 2L, 61L, 0L, 1L, 0L, 0L, 0L, 0L, 
    0L, 0L, 0L, 6L, 0L, 0L), .Dim = c(5L, 3L), .Dimnames = structure(list(
        c("-2", "-1", "0", "1", NA), c("A", "G", NA)), .Names = c("", 
    "")), class = "table"), All.Tags = list(Concordant = list(
        Freqs = structure(c(0, 2, 239, 1, 0, 0, 0, 0), .Dim = c(4L, 
        2L), .Dimnames = list(c("-2", "-1", "0", "1"), c("A", 
        "G"))), N = 242), Majority = list(Freqs = structure(c(0, 
    2, 329, 1, 0, 0, 0, 0), .Dim = c(4L, 2L), .Dimnames = list(
        c("-2", "-1", "0", "1"), c("A", "G"))), N = 332)), `2` = structure(c(0, 
    1, 277, 0, 0, 0, 0, 0), .Dim = c(4L, 2L), .Dimnames = list(
        c("-2", "-1", "0", "1"), c("A", "G"))))))
