Results <-
list(`bwa.out//20220204//BlindCMMRD82_S41.sam` = list(LR44_SNP1 = list(
    All = list(Freqs = structure(c(0L, 0L, 0L, 0L, 1L, 0L, 0L, 
    0L, 0L, 2L, 39L, 964L, 2280L, 39L, 1L, 10L, 1L, 0L, 7L, 281L, 
    2630L, 34L, 0L, 10L, 0L, 0L, 1L, 18L, 108L, 0L, 0L, 0L), .Dim = c(8L, 
    4L), .Dimnames = structure(list(c("-4", "-3", "-2", "-1", 
    "0", "1", "2", NA), c("A", "C", "T", NA)), .Names = c("", 
    "")), class = "table"), N = 6426L), Tag.Distribution = structure(c(`1` = 139L, 
    `2` = 86L, `3` = 75L, `4` = 66L, `5` = 58L, `6` = 60L, `7` = 52L, 
    `8` = 46L, `9` = 32L, `10` = 29L, `11` = 22L, `12` = 29L, 
    `13` = 28L, `14` = 27L, `15` = 25L, `16` = 15L, `17` = 10L, 
    `18` = 10L, `19` = 7L, `20` = 8L, `21` = 8L, `22` = 8L, `23` = 6L, 
    `24` = 3L, `25` = 1L, `26` = 3L, `27` = 2L, `29` = 1L, `31` = 2L, 
    `32` = 1L, `37` = 1L, `46` = 1L, `51` = 1L), .Dim = 33L, .Dimnames = list(
        TagUsage = c("1", "2", "3", "4", "5", "6", "7", "8", 
        "9", "10", "11", "12", "13", "14", "15", "16", "17", 
        "18", "19", "20", "21", "22", "23", "24", "25", "26", 
        "27", "29", "31", "32", "37", "46", "51")), class = "table"), 
    No.Tag = structure(c(0L, 0L, 0L, 0L, 0L, 0L, 0L, 0L, 0L, 
    1L, 0L, 9L, 27L, 1L, 0L, 0L, 0L, 0L, 0L, 5L, 58L, 0L, 0L, 
    0L, 0L, 0L, 0L, 0L, 7L, 0L, 0L, 0L), .Dim = c(8L, 4L), .Dimnames = structure(list(
        c("-4", "-3", "-2", "-1", "0", "1", "2", NA), c("A", 
        "C", "T", NA)), .Names = c("", "")), class = "table"), 
    All.Tags = list(Concordant = list(Freqs = structure(c(0, 
    0, 0, 0, 0, 0, 0, 0, 1, 1, 73, 192, 2, 0, 0, 0, 0, 18, 241, 
    1, 0), .Dim = c(7L, 3L), .Dimnames = list(c("-4", "-3", "-2", 
    "-1", "0", "1", "2"), c("A", "C", "T"))), N = 529), Majority = list(
        Freqs = structure(c(0, 0, 0, 0, 0, 0, 0, 0, 1, 1, 105, 
        313, 2, 0, 0, 0, 0, 23, 384, 1, 0), .Dim = c(7L, 3L), .Dimnames = list(
            c("-4", "-3", "-2", "-1", "0", "1", "2"), c("A", 
            "C", "T"))), N = 830)), `2` = structure(c(0, 0, 0, 
    0, 0, 0, 0, 0, 0, 0, 92, 273, 1, 0, 0, 0, 0, 13, 321, 0, 
    0), .Dim = c(7L, 3L), .Dimnames = list(c("-4", "-3", "-2", 
    "-1", "0", "1", "2"), c("A", "C", "T"))))))
