Results <-
list(`bwa.out//20220204//Control29_S22.sam` = list(GM29_SNP1 = list(
    All = list(Freqs = structure(c(1L, 45L, 3093L, 8L, 4L, 0L, 
    0L, 22L, 0L, 0L), .Dim = c(5L, 2L), .Dimnames = structure(list(
        c("-2", "-1", "0", "1", NA), c("A", NA)), .Names = c("", 
    "")), class = "table"), N = 3173L), Tag.Distribution = structure(c(`1` = 104L, 
    `2` = 49L, `3` = 37L, `4` = 36L, `5` = 30L, `6` = 29L, `7` = 27L, 
    `8` = 15L, `9` = 10L, `10` = 15L, `11` = 11L, `12` = 12L, 
    `13` = 7L, `14` = 7L, `15` = 7L, `16` = 7L, `17` = 7L, `18` = 4L, 
    `19` = 4L, `20` = 4L, `21` = 2L, `22` = 5L, `23` = 2L, `24` = 9L, 
    `25` = 1L, `26` = 1L, `29` = 2L, `30` = 2L, `31` = 1L, `32` = 1L, 
    `34` = 2L, `38` = 1L), .Dim = 32L, .Dimnames = list(TagUsage = c("1", 
    "2", "3", "4", "5", "6", "7", "8", "9", "10", "11", "12", 
    "13", "14", "15", "16", "17", "18", "19", "20", "21", "22", 
    "23", "24", "25", "26", "29", "30", "31", "32", "34", "38"
    )), class = "table"), No.Tag = structure(c(0L, 0L, 68L, 0L, 
    0L, 0L, 0L, 5L, 0L, 0L), .Dim = c(5L, 2L), .Dimnames = structure(list(
        c("-2", "-1", "0", "1", NA), c("A", NA)), .Names = c("", 
    "")), class = "table"), All.Tags = list(Concordant = list(
        Freqs = structure(c(0, 4, 402, 0), .Dim = c(4L, 1L), .Dimnames = list(
            c("-2", "-1", "0", "1"), "A")), N = 406), Majority = list(
        Freqs = structure(c(0, 5, 443, 0), .Dim = c(4L, 1L), .Dimnames = list(
            c("-2", "-1", "0", "1"), "A")), N = 448)), `2` = structure(c(0, 
    1, 344, 0), .Dim = c(4L, 1L), .Dimnames = list(c("-2", "-1", 
    "0", "1"), "A")))))
