Results <-
list(`bwa.out//20220204//BlindCMMRD85_S44.sam` = list(LR24_SNP1 = list(
    All = list(Freqs = structure(c(0L, 6L, 0L, 1L, 16L, 4396L, 
    10L, 2L, 0L, 22L, 2L, 0L), .Dim = 4:3, .Dimnames = structure(list(
        c("-1", "0", "1", NA), c("A", "G", NA)), .Names = c("", 
    "")), class = "table"), N = 4455L), Tag.Distribution = structure(c(`1` = 247L, 
    `2` = 140L, `3` = 109L, `4` = 97L, `5` = 88L, `6` = 62L, 
    `7` = 55L, `8` = 35L, `9` = 30L, `10` = 25L, `11` = 21L, 
    `12` = 6L, `13` = 6L, `14` = 8L, `15` = 6L, `16` = 3L, `17` = 5L, 
    `18` = 2L, `19` = 4L, `20` = 2L, `21` = 2L, `22` = 1L, `24` = 1L, 
    `25` = 1L, `29` = 1L, `31` = 1L, `32` = 1L), .Dim = 27L, .Dimnames = list(
        TagUsage = c("1", "2", "3", "4", "5", "6", "7", "8", 
        "9", "10", "11", "12", "13", "14", "15", "16", "17", 
        "18", "19", "20", "21", "22", "24", "25", "29", "31", 
        "32")), class = "table"), No.Tag = structure(c(0L, 0L, 
    0L, 1L, 0L, 140L, 0L, 0L, 0L, 2L, 0L, 0L), .Dim = 4:3, .Dimnames = structure(list(
        c("-1", "0", "1", NA), c("A", "G", NA)), .Names = c("", 
    "")), class = "table"), All.Tags = list(Concordant = list(
        Freqs = structure(c(0, 1, 0, 1, 929, 0), .Dim = 3:2, .Dimnames = list(
            c("-1", "0", "1"), c("A", "G"))), N = 931), Majority = list(
        Freqs = structure(c(0, 2, 0, 1, 952, 0), .Dim = 3:2, .Dimnames = list(
            c("-1", "0", "1"), c("A", "G"))), N = 955)), `2` = structure(c(0, 
    1, 0, 0, 708, 0), .Dim = 3:2, .Dimnames = list(c("-1", "0", 
    "1"), c("A", "G"))))))
