Results <-
list(`bwa.out//20220204//BlindCMMRD67_S26.sam` = list(GM26_SNP1 = list(
    All = list(Freqs = structure(c(18L, 2223L, 7L, 2L, 12L, 1967L, 
    6L, 1L, 1L, 29L, 0L, 0L), .Dim = 4:3, .Dimnames = structure(list(
        c("-1", "0", "1", NA), c("A", "G", NA)), .Names = c("", 
    "")), class = "table"), N = 4266L), Tag.Distribution = structure(c(`1` = 88L, 
    `2` = 54L, `3` = 49L, `4` = 35L, `5` = 44L, `6` = 36L, `7` = 25L, 
    `8` = 16L, `9` = 30L, `10` = 17L, `11` = 17L, `12` = 19L, 
    `13` = 15L, `14` = 17L, `15` = 11L, `16` = 9L, `17` = 7L, 
    `18` = 7L, `19` = 5L, `20` = 8L, `21` = 5L, `22` = 5L, `23` = 6L, 
    `24` = 2L, `25` = 3L, `26` = 3L, `27` = 3L, `28` = 2L, `29` = 1L, 
    `32` = 1L, `34` = 1L, `36` = 2L), .Dim = 32L, .Dimnames = list(
        TagUsage = c("1", "2", "3", "4", "5", "6", "7", "8", 
        "9", "10", "11", "12", "13", "14", "15", "16", "17", 
        "18", "19", "20", "21", "22", "23", "24", "25", "26", 
        "27", "28", "29", "32", "34", "36")), class = "table"), 
    No.Tag = structure(c(0L, 62L, 0L, 0L, 0L, 26L, 0L, 0L, 0L, 
    1L, 0L, 0L), .Dim = 4:3, .Dimnames = structure(list(c("-1", 
    "0", "1", NA), c("A", "G", NA)), .Names = c("", "")), class = "table"), 
    All.Tags = list(Concordant = list(Freqs = structure(c(0, 
    247, 0, 0, 227, 0), .Dim = 3:2, .Dimnames = list(c("-1", 
    "0", "1"), c("A", "G"))), N = 474), Majority = list(Freqs = structure(c(0, 
    279, 0, 0, 254, 0), .Dim = 3:2, .Dimnames = list(c("-1", 
    "0", "1"), c("A", "G"))), N = 533)), `2` = structure(c(0, 
    233, 0, 0, 217, 0), .Dim = 3:2, .Dimnames = list(c("-1", 
    "0", "1"), c("A", "G"))))))
