Results <-
list(`bwa.out//20220204//BlindCMMRD97_S56.sam` = list(GM14_SNP1 = list(
    All = list(Freqs = structure(c(1L, 109L, 3357L, 19L, 7L, 
    0L, 0L, 1L, 0L, 0L, 0L, 0L, 26L, 0L, 0L), .Dim = c(5L, 3L
    ), .Dimnames = structure(list(c("-2", "-1", "0", "1", NA), 
        c("C", "T", NA)), .Names = c("", "")), class = "table"), 
        N = 3520L), Tag.Distribution = structure(c(`1` = 77L, 
    `2` = 41L, `3` = 39L, `4` = 31L, `5` = 25L, `6` = 23L, `7` = 33L, 
    `8` = 14L, `9` = 15L, `10` = 15L, `11` = 15L, `12` = 15L, 
    `13` = 3L, `14` = 12L, `15` = 12L, `16` = 6L, `17` = 5L, 
    `18` = 10L, `19` = 7L, `20` = 10L, `21` = 4L, `22` = 4L, 
    `23` = 4L, `24` = 4L, `26` = 2L, `27` = 1L, `29` = 2L, `30` = 1L, 
    `32` = 3L, `33` = 2L, `35` = 1L, `41` = 1L), .Dim = 32L, .Dimnames = list(
        TagUsage = c("1", "2", "3", "4", "5", "6", "7", "8", 
        "9", "10", "11", "12", "13", "14", "15", "16", "17", 
        "18", "19", "20", "21", "22", "23", "24", "26", "27", 
        "29", "30", "32", "33", "35", "41")), class = "table"), 
    No.Tag = structure(c(0L, 1L, 34L, 0L, 0L, 0L, 0L, 1L, 0L, 
    0L, 0L, 0L, 2L, 0L, 0L), .Dim = c(5L, 3L), .Dimnames = structure(list(
        c("-2", "-1", "0", "1", NA), c("C", "T", NA)), .Names = c("", 
    "")), class = "table"), All.Tags = list(Concordant = list(
        Freqs = structure(c(0, 4, 346, 0, 0, 0, 0, 0), .Dim = c(4L, 
        2L), .Dimnames = list(c("-2", "-1", "0", "1"), c("C", 
        "T"))), N = 350), Majority = list(Freqs = structure(c(0, 
    5, 430, 0, 0, 0, 0, 0), .Dim = c(4L, 2L), .Dimnames = list(
        c("-2", "-1", "0", "1"), c("C", "T"))), N = 435)), `2` = structure(c(0, 
    2, 356, 0, 0, 0, 0, 0), .Dim = c(4L, 2L), .Dimnames = list(
        c("-2", "-1", "0", "1"), c("C", "T"))))))
