Results <-
list(`bwa.out//20220204//17D1520_S5.sam` = list(GM29_SNP1 = list(
    All = list(Freqs = structure(c(0L, 36L, 1937L, 10L, 1L, 3L, 
    1L, 41L, 1600L, 2L, 0L, 3L, 0L, 0L, 16L, 0L, 0L, 0L), .Dim = c(6L, 
    3L), .Dimnames = structure(list(c("-2", "-1", "0", "1", "2", 
    NA), c("A", "G", NA)), .Names = c("", "")), class = "table"), 
        N = 3650L), Tag.Distribution = structure(c(`1` = 112L, 
    `2` = 52L, `3` = 42L, `4` = 43L, `5` = 31L, `6` = 24L, `7` = 21L, 
    `8` = 24L, `9` = 10L, `10` = 16L, `11` = 14L, `12` = 5L, 
    `13` = 10L, `14` = 8L, `15` = 4L, `16` = 10L, `17` = 10L, 
    `18` = 2L, `19` = 3L, `20` = 2L, `21` = 7L, `22` = 2L, `23` = 2L, 
    `24` = 4L, `25` = 4L, `26` = 4L, `27` = 1L, `28` = 3L, `29` = 1L, 
    `30` = 1L, `32` = 1L, `37` = 1L, `39` = 1L, `40` = 1L, `43` = 1L, 
    `45` = 2L, `49` = 1L, `50` = 1L, `54` = 2L), .Dim = 39L, .Dimnames = list(
        TagUsage = c("1", "2", "3", "4", "5", "6", "7", "8", 
        "9", "10", "11", "12", "13", "14", "15", "16", "17", 
        "18", "19", "20", "21", "22", "23", "24", "25", "26", 
        "27", "28", "29", "30", "32", "37", "39", "40", "43", 
        "45", "49", "50", "54")), class = "table"), No.Tag = structure(c(0L, 
    0L, 13L, 0L, 0L, 0L, 0L, 3L, 58L, 0L, 0L, 0L, 0L, 0L, 0L, 
    0L, 0L, 0L), .Dim = c(6L, 3L), .Dimnames = structure(list(
        c("-2", "-1", "0", "1", "2", NA), c("A", "G", NA)), .Names = c("", 
    "")), class = "table"), All.Tags = list(Concordant = list(
        Freqs = structure(c(0, 3, 204, 0, 0, 0, 4, 192, 0, 0), .Dim = c(5L, 
        2L), .Dimnames = list(c("-2", "-1", "0", "1", "2"), c("A", 
        "G"))), N = 403), Majority = list(Freqs = structure(c(0, 
    5, 248, 0, 0, 0, 4, 218, 0, 0), .Dim = c(5L, 2L), .Dimnames = list(
        c("-2", "-1", "0", "1", "2"), c("A", "G"))), N = 475)), 
    `2` = structure(c(0, 2, 190, 0, 0, 0, 2, 171, 0, 0), .Dim = c(5L, 
    2L), .Dimnames = list(c("-2", "-1", "0", "1", "2"), c("A", 
    "G"))))))
