Results <-
list(`bwa.out//20220204//17D1520_S5.sam` = list(LR20_SNP1 = list(
    All = list(Freqs = structure(c(14L, 2102L, 6L, 1L, 1L, 2186L, 
    2L, 3L, 0L, 1L, 0L, 0L, 0L, 35L, 1L, 0L), .Dim = c(4L, 4L
    ), .Dimnames = structure(list(c("-1", "0", "1", NA), c("A", 
    "G", "T", NA)), .Names = c("", "")), class = "table"), N = 4352L), 
    Tag.Distribution = structure(c(`1` = 164L, `2` = 71L, `3` = 57L, 
    `4` = 46L, `5` = 43L, `6` = 34L, `7` = 22L, `8` = 24L, `9` = 23L, 
    `10` = 16L, `11` = 12L, `12` = 10L, `13` = 14L, `14` = 14L, 
    `15` = 8L, `16` = 14L, `17` = 7L, `18` = 7L, `19` = 5L, `20` = 5L, 
    `21` = 3L, `22` = 1L, `23` = 2L, `24` = 3L, `25` = 2L, `26` = 3L, 
    `27` = 2L, `28` = 3L, `29` = 5L, `30` = 1L, `32` = 2L, `33` = 2L, 
    `35` = 1L, `38` = 1L, `39` = 2L, `41` = 2L, `66` = 1L), .Dim = 37L, .Dimnames = list(
        TagUsage = c("1", "2", "3", "4", "5", "6", "7", "8", 
        "9", "10", "11", "12", "13", "14", "15", "16", "17", 
        "18", "19", "20", "21", "22", "23", "24", "25", "26", 
        "27", "28", "29", "30", "32", "33", "35", "38", "39", 
        "41", "66")), class = "table"), No.Tag = structure(c(0L, 
    23L, 0L, 0L, 0L, 48L, 0L, 0L, 0L, 0L, 0L, 0L, 0L, 1L, 0L, 
    0L), .Dim = c(4L, 4L), .Dimnames = structure(list(c("-1", 
    "0", "1", NA), c("A", "G", "T", NA)), .Names = c("", "")), class = "table"), 
    All.Tags = list(Concordant = list(Freqs = structure(c(3, 
    291, 0, 0, 272, 0, 0, 0, 0), .Dim = c(3L, 3L), .Dimnames = list(
        c("-1", "0", "1"), c("A", "G", "T"))), N = 566), Majority = list(
        Freqs = structure(c(4, 314, 0, 0, 302, 0, 0, 0, 0), .Dim = c(3L, 
        3L), .Dimnames = list(c("-1", "0", "1"), c("A", "G", 
        "T"))), N = 620)), `2` = structure(c(4, 218, 0, 0, 241, 
    0, 0, 0, 0), .Dim = c(3L, 3L), .Dimnames = list(c("-1", "0", 
    "1"), c("A", "G", "T"))))))
