Results <-
list(`bwa.out//20220204//BlindCMMRD95_S54.sam` = list(LR52_SNP1 = list(
    All = list(Freqs = structure(c(0L, 0L, 0L, 0L, 1L, 0L, 0L, 
    1L, 0L, 20L, 172L, 1465L, 19L, 29L, 0L, 1L, 10L, 190L, 1984L, 
    15L, 23L, 0L, 0L, 1L, 14L, 656L, 6L, 0L), .Dim = c(7L, 4L
    ), .Dimnames = structure(list(c("-5", "-4", "-2", "-1", "0", 
    "1", NA), c("A", "C", "T", NA)), .Names = c("", "")), class = "table"), 
        N = 4607L), Tag.Distribution = structure(c(`1` = 71L, 
    `2` = 39L, `3` = 26L, `4` = 27L, `5` = 26L, `6` = 16L, `7` = 14L, 
    `8` = 12L, `9` = 11L, `10` = 10L, `11` = 9L, `12` = 17L, 
    `13` = 7L, `14` = 13L, `15` = 10L, `16` = 5L, `17` = 7L, 
    `18` = 4L, `19` = 9L, `20` = 7L, `21` = 9L, `22` = 8L, `23` = 5L, 
    `24` = 5L, `25` = 3L, `26` = 2L, `27` = 5L, `28` = 3L, `29` = 7L, 
    `30` = 5L, `31` = 3L, `32` = 4L, `33` = 3L, `35` = 2L, `36` = 3L, 
    `37` = 2L, `38` = 1L, `39` = 1L, `41` = 1L, `42` = 1L, `47` = 2L, 
    `48` = 1L, `49` = 1L, `58` = 1L), .Dim = 44L, .Dimnames = list(
        TagUsage = c("1", "2", "3", "4", "5", "6", "7", "8", 
        "9", "10", "11", "12", "13", "14", "15", "16", "17", 
        "18", "19", "20", "21", "22", "23", "24", "25", "26", 
        "27", "28", "29", "30", "31", "32", "33", "35", "36", 
        "37", "38", "39", "41", "42", "47", "48", "49", "58")), class = "table"), 
    No.Tag = structure(c(0L, 0L, 0L, 0L, 0L, 0L, 0L, 0L, 0L, 
    0L, 0L, 8L, 0L, 1L, 0L, 0L, 0L, 1L, 40L, 1L, 1L, 0L, 0L, 
    0L, 2L, 11L, 0L, 0L), .Dim = c(7L, 4L), .Dimnames = structure(list(
        c("-5", "-4", "-2", "-1", "0", "1", NA), c("A", "C", 
        "T", NA)), .Names = c("", "")), class = "table"), All.Tags = list(
        Concordant = list(Freqs = structure(c(0, 0, 0, 0, 0, 
        0, 0, 0, 0, 3, 95, 3, 0, 0, 0, 3, 107, 1), .Dim = c(6L, 
        3L), .Dimnames = list(c("-5", "-4", "-2", "-1", "0", 
        "1"), c("A", "C", "T"))), N = 212), Majority = list(Freqs = structure(c(0, 
        0, 0, 0, 0, 0, 0, 0, 0, 5, 174, 3, 0, 0, 0, 5, 208, 1
        ), .Dim = c(6L, 3L), .Dimnames = list(c("-5", "-4", "-2", 
        "-1", "0", "1"), c("A", "C", "T"))), N = 396)), `2` = structure(c(0, 
    0, 0, 0, 0, 0, 0, 0, 0, 4, 159, 1, 0, 0, 0, 3, 170, 0), .Dim = c(6L, 
    3L), .Dimnames = list(c("-5", "-4", "-2", "-1", "0", "1"), 
        c("A", "C", "T"))))))
