Results <-
list(`bwa.out//20220204//BlindCMMRD77_S36.sam` = list(LR44_SNP1 = list(
    All = list(Freqs = structure(c(0L, 0L, 0L, 0L, 0L, 1L, 1L, 
    1L, 140L, 2229L, 26L, 10L, 2L, 6L, 212L, 1982L, 27L, 8L, 
    0L, 0L, 6L, 100L, 1L, 0L), .Dim = c(6L, 4L), .Dimnames = structure(list(
        c("-3", "-2", "-1", "0", "1", NA), c("A", "C", "T", NA
        )), .Names = c("", "")), class = "table"), N = 4752L), 
    Tag.Distribution = structure(c(`1` = 142L, `2` = 86L, `3` = 47L, 
    `4` = 50L, `5` = 64L, `6` = 41L, `7` = 38L, `8` = 29L, `9` = 31L, 
    `10` = 26L, `11` = 20L, `12` = 20L, `13` = 19L, `14` = 14L, 
    `15` = 19L, `16` = 12L, `17` = 14L, `18` = 9L, `19` = 5L, 
    `20` = 3L, `21` = 4L, `22` = 3L, `23` = 3L, `24` = 2L, `26` = 2L, 
    `27` = 2L, `28` = 1L, `29` = 1L, `31` = 1L, `39` = 1L), .Dim = 30L, .Dimnames = list(
        TagUsage = c("1", "2", "3", "4", "5", "6", "7", "8", 
        "9", "10", "11", "12", "13", "14", "15", "16", "17", 
        "18", "19", "20", "21", "22", "23", "24", "26", "27", 
        "28", "29", "31", "39")), class = "table"), No.Tag = structure(c(0L, 
    0L, 0L, 0L, 0L, 0L, 0L, 0L, 2L, 33L, 1L, 1L, 0L, 0L, 2L, 
    13L, 0L, 0L, 0L, 0L, 0L, 7L, 0L, 0L), .Dim = c(6L, 4L), .Dimnames = structure(list(
        c("-3", "-2", "-1", "0", "1", NA), c("A", "C", "T", NA
        )), .Names = c("", "")), class = "table"), All.Tags = list(
        Concordant = list(Freqs = structure(c(0, 0, 0, 0, 0, 
        1, 0, 5, 232, 1, 0, 1, 9, 208, 1), .Dim = c(5L, 3L), .Dimnames = list(
            c("-3", "-2", "-1", "0", "1"), c("A", "C", "T"))), 
            N = 458), Majority = list(Freqs = structure(c(0, 
        0, 0, 0, 0, 1, 0, 8, 332, 1, 0, 1, 16, 323, 1), .Dim = c(5L, 
        3L), .Dimnames = list(c("-3", "-2", "-1", "0", "1"), 
            c("A", "C", "T"))), N = 683)), `2` = structure(c(0, 
    0, 0, 0, 0, 0, 0, 5, 276, 0, 0, 0, 11, 255, 0), .Dim = c(5L, 
    3L), .Dimnames = list(c("-3", "-2", "-1", "0", "1"), c("A", 
    "C", "T"))))))
