Results <-
list(`bwa.out//20220204//BlindCMMRD74_S33.sam` = list(GM11_SNP1 = list(
    All = list(Freqs = structure(c(16L, 4802L, 12L, 2L, 0L, 6L, 
    0L, 0L, 0L, 42L, 0L, 0L), .Dim = 4:3, .Dimnames = structure(list(
        c("-1", "0", "1", NA), c("A", "G", NA)), .Names = c("", 
    "")), class = "table"), N = 4880L), Tag.Distribution = structure(c(`1` = 123L, 
    `2` = 61L, `3` = 64L, `4` = 49L, `5` = 49L, `6` = 39L, `7` = 42L, 
    `8` = 28L, `9` = 32L, `10` = 32L, `11` = 13L, `12` = 15L, 
    `13` = 16L, `14` = 6L, `15` = 15L, `16` = 10L, `17` = 8L, 
    `18` = 7L, `19` = 8L, `20` = 5L, `21` = 7L, `22` = 3L, `23` = 5L, 
    `24` = 4L, `25` = 2L, `26` = 2L, `27` = 3L, `28` = 3L, `29` = 1L, 
    `30` = 2L, `31` = 1L, `34` = 1L, `35` = 1L, `37` = 1L, `38` = 1L, 
    `43` = 1L, `45` = 1L), .Dim = 37L, .Dimnames = list(TagUsage = c("1", 
    "2", "3", "4", "5", "6", "7", "8", "9", "10", "11", "12", 
    "13", "14", "15", "16", "17", "18", "19", "20", "21", "22", 
    "23", "24", "25", "26", "27", "28", "29", "30", "31", "34", 
    "35", "37", "38", "43", "45")), class = "table"), No.Tag = structure(c(0L, 
    82L, 0L, 0L, 0L, 1L, 0L, 0L, 0L, 2L, 0L, 0L), .Dim = 4:3, .Dimnames = structure(list(
        c("-1", "0", "1", NA), c("A", "G", NA)), .Names = c("", 
    "")), class = "table"), All.Tags = list(Concordant = list(
        Freqs = structure(c(0, 621, 2, 0, 3, 0), .Dim = 3:2, .Dimnames = list(
            c("-1", "0", "1"), c("A", "G"))), N = 626), Majority = list(
        Freqs = structure(c(0, 647, 2, 0, 3, 0), .Dim = 3:2, .Dimnames = list(
            c("-1", "0", "1"), c("A", "G"))), N = 652)), `2` = structure(c(0, 
    536, 1, 0, 0, 0), .Dim = 3:2, .Dimnames = list(c("-1", "0", 
    "1"), c("A", "G"))))))
