Results <-
list(`bwa.out//20220204//BlindCMMRD63_S22.sam` = list(IM16_SNP1 = list(
    All = list(Freqs = structure(c(1L, 33L, 4291L, 65L, 2L, 0L, 
    0L, 7L, 0L, 0L, 0L, 0L, 1L, 0L, 0L, 0L, 1L, 31L, 3L, 0L), .Dim = 5:4, .Dimnames = structure(list(
        c("-2", "-1", "0", "1", NA), c("A", "G", "T", NA)), .Names = c("", 
    "")), class = "table"), N = 4435L), Tag.Distribution = structure(c(`1` = 117L, 
    `2` = 62L, `3` = 47L, `4` = 35L, `5` = 30L, `6` = 29L, `7` = 35L, 
    `8` = 25L, `9` = 20L, `10` = 20L, `11` = 19L, `12` = 15L, 
    `13` = 10L, `14` = 7L, `15` = 15L, `16` = 11L, `17` = 9L, 
    `18` = 9L, `19` = 5L, `20` = 7L, `21` = 6L, `22` = 11L, `23` = 2L, 
    `24` = 5L, `25` = 4L, `26` = 2L, `27` = 4L, `28` = 4L, `29` = 1L, 
    `30` = 1L, `31` = 1L, `33` = 1L, `36` = 1L, `45` = 1L), .Dim = 34L, .Dimnames = list(
        TagUsage = c("1", "2", "3", "4", "5", "6", "7", "8", 
        "9", "10", "11", "12", "13", "14", "15", "16", "17", 
        "18", "19", "20", "21", "22", "23", "24", "25", "26", 
        "27", "28", "29", "30", "31", "33", "36", "45")), class = "table"), 
    No.Tag = structure(c(0L, 1L, 73L, 5L, 1L, 0L, 0L, 0L, 0L, 
    0L, 0L, 0L, 0L, 0L, 0L, 0L, 0L, 5L, 1L, 0L), .Dim = 5:4, .Dimnames = structure(list(
        c("-2", "-1", "0", "1", NA), c("A", "G", "T", NA)), .Names = c("", 
    "")), class = "table"), All.Tags = list(Concordant = list(
        Freqs = structure(c(0, 1, 481, 2, 0, 0, 5, 0, 0, 0, 0, 
        0), .Dim = 4:3, .Dimnames = list(c("-2", "-1", "0", "1"
        ), c("A", "G", "T"))), N = 489), Majority = list(Freqs = structure(c(0, 
    1, 558, 2, 0, 0, 5, 0, 0, 0, 0, 0), .Dim = 4:3, .Dimnames = list(
        c("-2", "-1", "0", "1"), c("A", "G", "T"))), N = 566)), 
    `2` = structure(c(0, 0, 452, 1, 0, 0, 0, 0, 0, 0, 0, 0), .Dim = 4:3, .Dimnames = list(
        c("-2", "-1", "0", "1"), c("A", "G", "T"))))))
