Results <-
list(`bwa.out//20220204//Control30_S23.sam` = list(LR40_SNP1 = list(
    All = list(Freqs = structure(c(18L, 1689L, 7L, 0L, 4L, 14L, 
    1883L, 4L, 1L, 3L, 0L, 15L, 0L, 0L, 0L), .Dim = c(5L, 3L), .Dimnames = structure(list(
        c("-1", "0", "1", "2", NA), c("A", "C", NA)), .Names = c("", 
    "")), class = "table"), N = 3638L), Tag.Distribution = structure(c(`1` = 108L, 
    `2` = 58L, `3` = 58L, `4` = 41L, `5` = 29L, `6` = 34L, `7` = 41L, 
    `8` = 21L, `9` = 25L, `10` = 16L, `11` = 12L, `12` = 10L, 
    `13` = 9L, `14` = 11L, `15` = 7L, `16` = 5L, `17` = 8L, `18` = 5L, 
    `19` = 3L, `20` = 4L, `21` = 3L, `22` = 1L, `23` = 1L, `24` = 4L, 
    `26` = 2L, `27` = 2L, `28` = 1L, `29` = 4L, `30` = 2L, `32` = 1L, 
    `33` = 1L, `34` = 1L, `35` = 1L), .Dim = 33L, .Dimnames = list(
        TagUsage = c("1", "2", "3", "4", "5", "6", "7", "8", 
        "9", "10", "11", "12", "13", "14", "15", "16", "17", 
        "18", "19", "20", "21", "22", "23", "24", "26", "27", 
        "28", "29", "30", "32", "33", "34", "35")), class = "table"), 
    No.Tag = structure(c(3L, 77L, 0L, 0L, 1L, 0L, 86L, 0L, 0L, 
    0L, 0L, 1L, 0L, 0L, 0L), .Dim = c(5L, 3L), .Dimnames = structure(list(
        c("-1", "0", "1", "2", NA), c("A", "C", NA)), .Names = c("", 
    "")), class = "table"), All.Tags = list(Concordant = list(
        Freqs = structure(c(0, 225, 0, 0, 0, 233, 0, 0), .Dim = c(4L, 
        2L), .Dimnames = list(c("-1", "0", "1", "2"), c("A", 
        "C"))), N = 458), Majority = list(Freqs = structure(c(0, 
    259, 0, 0, 0, 266, 0, 0), .Dim = c(4L, 2L), .Dimnames = list(
        c("-1", "0", "1", "2"), c("A", "C"))), N = 525)), `2` = structure(c(0, 
    206, 0, 0, 0, 212, 0, 0), .Dim = c(4L, 2L), .Dimnames = list(
        c("-1", "0", "1", "2"), c("A", "C"))))))
