Results <-
list(`bwa.out//20220204//MLPA79_S11.sam` = list(LR11_SNP1 = list(
    All = list(Freqs = structure(c(2L, 50L, 1841L, 30L, 0L, 6L, 
    2L, 59L, 1383L, 22L, 2L, 12L, 0L, 1L, 36L, 0L, 0L, 0L), .Dim = c(6L, 
    3L), .Dimnames = structure(list(c("-2", "-1", "0", "1", "2", 
    NA), c("A", "C", NA)), .Names = c("", "")), class = "table"), 
        N = 3446L), Tag.Distribution = structure(c(`1` = 140L, 
    `2` = 69L, `3` = 52L, `4` = 49L, `5` = 42L, `6` = 39L, `7` = 28L, 
    `8` = 12L, `9` = 14L, `10` = 19L, `11` = 17L, `12` = 14L, 
    `13` = 8L, `14` = 7L, `15` = 10L, `16` = 8L, `17` = 6L, `18` = 5L, 
    `19` = 6L, `20` = 5L, `21` = 4L, `22` = 4L, `23` = 2L, `24` = 3L, 
    `26` = 1L, `27` = 2L, `30` = 1L, `45` = 1L), .Dim = 28L, .Dimnames = list(
        TagUsage = c("1", "2", "3", "4", "5", "6", "7", "8", 
        "9", "10", "11", "12", "13", "14", "15", "16", "17", 
        "18", "19", "20", "21", "22", "23", "24", "26", "27", 
        "30", "45")), class = "table"), No.Tag = structure(c(0L, 
    1L, 51L, 0L, 0L, 0L, 1L, 1L, 21L, 1L, 0L, 0L, 0L, 0L, 2L, 
    0L, 0L, 0L), .Dim = c(6L, 3L), .Dimnames = structure(list(
        c("-2", "-1", "0", "1", "2", NA), c("A", "C", NA)), .Names = c("", 
    "")), class = "table"), All.Tags = list(Concordant = list(
        Freqs = structure(c(0, 3, 254, 4, 0, 0, 1, 204, 1, 0), .Dim = c(5L, 
        2L), .Dimnames = list(c("-2", "-1", "0", "1", "2"), c("A", 
        "C"))), N = 467), Majority = list(Freqs = structure(c(0, 
    3, 309, 4, 0, 0, 2, 235, 1, 0), .Dim = c(5L, 2L), .Dimnames = list(
        c("-2", "-1", "0", "1", "2"), c("A", "C"))), N = 554)), 
    `2` = structure(c(0, 0, 239, 2, 0, 0, 2, 180, 0, 0), .Dim = c(5L, 
    2L), .Dimnames = list(c("-2", "-1", "0", "1", "2"), c("A", 
    "C"))))))
