Results <-
list(`bwa.out//20220204//BlindCMMRD116_S42.sam` = list(GM07_SNP1 = list(
    All = list(Freqs = structure(c(0L, 0L, 1L, 0L, 0L, 0L, 5L, 
    161L, 1084L, 46L, 0L, 14L, 2L, 212L, 1204L, 48L, 1L, 19L, 
    0L, 0L, 12L, 0L, 0L, 0L), .Dim = c(6L, 4L), .Dimnames = structure(list(
        c("-2", "-1", "0", "1", "2", NA), c("-", "A", "G", NA
        )), .Names = c("", "")), class = "table"), N = 2809L), 
    Tag.Distribution = structure(c(`1` = 75L, `2` = 64L, `3` = 74L, 
    `4` = 63L, `5` = 43L, `6` = 43L, `7` = 39L, `8` = 38L, `9` = 18L, 
    `10` = 19L, `11` = 13L, `12` = 5L, `13` = 6L, `14` = 5L, 
    `15` = 5L, `16` = 2L, `17` = 5L, `18` = 1L, `20` = 1L, `21` = 1L, 
    `22` = 1L), .Dim = 21L, .Dimnames = list(TagUsage = c("1", 
    "2", "3", "4", "5", "6", "7", "8", "9", "10", "11", "12", 
    "13", "14", "15", "16", "17", "18", "20", "21", "22")), class = "table"), 
    No.Tag = structure(c(0L, 0L, 0L, 0L, 0L, 0L, 0L, 7L, 45L, 
    1L, 0L, 0L, 0L, 3L, 43L, 1L, 0L, 3L, 0L, 0L, 3L, 0L, 0L, 
    0L), .Dim = c(6L, 4L), .Dimnames = structure(list(c("-2", 
    "-1", "0", "1", "2", NA), c("-", "A", "G", NA)), .Names = c("", 
    "")), class = "table"), All.Tags = list(Concordant = list(
        Freqs = structure(c(0, 0, 0, 0, 0, 1, 19, 146, 2, 0, 
        0, 28, 159, 4, 0), .Dim = c(5L, 3L), .Dimnames = list(
            c("-2", "-1", "0", "1", "2"), c("-", "A", "G"))), 
        N = 359), Majority = list(Freqs = structure(c(0, 0, 0, 
    0, 0, 1, 23, 211, 4, 0, 0, 35, 228, 4, 0), .Dim = c(5L, 3L
    ), .Dimnames = list(c("-2", "-1", "0", "1", "2"), c("-", 
    "A", "G"))), N = 506)), `2` = structure(c(0, 0, 0, 0, 0, 
    1, 17, 180, 3, 0, 0, 27, 202, 1, 0), .Dim = c(5L, 3L), .Dimnames = list(
        c("-2", "-1", "0", "1", "2"), c("-", "A", "G"))))))
