Results <-
list(`bwa.out//20220204//BlindCMMRD97_S56.sam` = list(LR46_SNP1 = list(
    All = list(Freqs = structure(c(7L, 2039L, 7L, 4L, 12L, 1977L, 
    2L, 3L, 0L, 31L, 0L, 0L), .Dim = 4:3, .Dimnames = structure(list(
        c("-1", "0", "1", NA), c("G", "T", NA)), .Names = c("", 
    "")), class = "table"), N = 4082L), Tag.Distribution = structure(c(`1` = 86L, 
    `2` = 43L, `3` = 36L, `4` = 35L, `5` = 26L, `6` = 26L, `7` = 29L, 
    `8` = 20L, `9` = 25L, `10` = 23L, `11` = 15L, `12` = 17L, 
    `13` = 17L, `14` = 6L, `15` = 11L, `16` = 13L, `17` = 10L, 
    `18` = 3L, `19` = 4L, `20` = 10L, `21` = 4L, `22` = 7L, `23` = 4L, 
    `24` = 3L, `26` = 4L, `27` = 4L, `28` = 2L, `29` = 1L, `30` = 1L, 
    `34` = 2L, `36` = 1L, `37` = 1L, `38` = 1L, `42` = 1L), .Dim = 34L, .Dimnames = list(
        TagUsage = c("1", "2", "3", "4", "5", "6", "7", "8", 
        "9", "10", "11", "12", "13", "14", "15", "16", "17", 
        "18", "19", "20", "21", "22", "23", "24", "26", "27", 
        "28", "29", "30", "34", "36", "37", "38", "42")), class = "table"), 
    No.Tag = structure(c(0L, 18L, 0L, 1L, 0L, 39L, 0L, 1L, 0L, 
    2L, 0L, 0L), .Dim = 4:3, .Dimnames = structure(list(c("-1", 
    "0", "1", NA), c("G", "T", NA)), .Names = c("", "")), class = "table"), 
    All.Tags = list(Concordant = list(Freqs = structure(c(0, 
    229, 0, 0, 215, 0), .Dim = 3:2, .Dimnames = list(c("-1", 
    "0", "1"), c("G", "T"))), N = 444), Majority = list(Freqs = structure(c(0, 
    256, 0, 0, 230, 0), .Dim = 3:2, .Dimnames = list(c("-1", 
    "0", "1"), c("G", "T"))), N = 486)), `2` = structure(c(0, 
    208, 0, 0, 196, 0), .Dim = 3:2, .Dimnames = list(c("-1", 
    "0", "1"), c("G", "T"))))))
