Results <-
list(`bwa.out//20220204//BlindCMMRD66_S25.sam` = list(GM07_SNP1 = list(
    All = list(Freqs = structure(c(0L, 0L, 1L, 0L, 0L, 0L, 1L, 
    97L, 1959L, 41L, 4L, 21L, 1L, 68L, 1586L, 40L, 2L, 21L, 0L, 
    3L, 59L, 3L, 0L, 0L), .Dim = c(6L, 4L), .Dimnames = structure(list(
        c("-2", "-1", "0", "1", "2", NA), c("-", "A", "G", NA
        )), .Names = c("", "")), class = "table"), N = 3907L), 
    Tag.Distribution = structure(c(`1` = 111L, `2` = 51L, `3` = 39L, 
    `4` = 58L, `5` = 30L, `6` = 31L, `7` = 28L, `8` = 29L, `9` = 28L, 
    `10` = 19L, `11` = 17L, `12` = 16L, `13` = 14L, `14` = 6L, 
    `15` = 11L, `16` = 15L, `17` = 10L, `18` = 4L, `19` = 4L, 
    `20` = 9L, `21` = 2L, `22` = 5L, `23` = 1L, `25` = 1L, `26` = 1L, 
    `28` = 2L, `29` = 1L, `32` = 2L, `34` = 1L), .Dim = 29L, .Dimnames = list(
        TagUsage = c("1", "2", "3", "4", "5", "6", "7", "8", 
        "9", "10", "11", "12", "13", "14", "15", "16", "17", 
        "18", "19", "20", "21", "22", "23", "25", "26", "28", 
        "29", "32", "34")), class = "table"), No.Tag = structure(c(0L, 
    0L, 0L, 0L, 0L, 0L, 0L, 1L, 95L, 4L, 0L, 3L, 0L, 0L, 68L, 
    4L, 0L, 4L, 0L, 0L, 3L, 0L, 0L, 0L), .Dim = c(6L, 4L), .Dimnames = structure(list(
        c("-2", "-1", "0", "1", "2", NA), c("-", "A", "G", NA
        )), .Names = c("", "")), class = "table"), All.Tags = list(
        Concordant = list(Freqs = structure(c(0, 0, 0, 0, 0, 
        0, 3, 188, 1, 0, 0, 4, 176, 2, 0), .Dim = c(5L, 3L), .Dimnames = list(
            c("-2", "-1", "0", "1", "2"), c("-", "A", "G"))), 
            N = 374), Majority = list(Freqs = structure(c(0, 
        0, 0, 0, 0, 0, 5, 271, 1, 0, 0, 5, 246, 3, 0), .Dim = c(5L, 
        3L), .Dimnames = list(c("-2", "-1", "0", "1", "2"), c("-", 
        "A", "G"))), N = 531)), `2` = structure(c(0, 0, 0, 0, 
    0, 0, 3, 222, 0, 0, 0, 3, 198, 2, 0), .Dim = c(5L, 3L), .Dimnames = list(
        c("-2", "-1", "0", "1", "2"), c("-", "A", "G"))))))
