Results <-
list(`bwa.out//20220204//BlindCMMRD47_S7.sam` = list(GM26_SNP1 = list(
    All = list(Freqs = structure(c(0L, 17L, 1748L, 3L, 0L, 1L, 
    17L, 1742L, 11L, 2L, 0L, 2L, 33L, 0L, 0L), .Dim = c(5L, 3L
    ), .Dimnames = structure(list(c("-2", "-1", "0", "1", NA), 
        c("A", "G", NA)), .Names = c("", "")), class = "table"), 
        N = 3576L), Tag.Distribution = structure(c(`1` = 77L, 
    `2` = 17L, `3` = 10L, `4` = 13L, `5` = 13L, `6` = 10L, `7` = 12L, 
    `8` = 2L, `9` = 12L, `10` = 6L, `11` = 4L, `12` = 6L, `13` = 5L, 
    `14` = 7L, `15` = 4L, `16` = 5L, `17` = 7L, `18` = 5L, `19` = 8L, 
    `20` = 3L, `21` = 5L, `22` = 3L, `23` = 1L, `24` = 2L, `25` = 3L, 
    `26` = 4L, `27` = 3L, `28` = 4L, `29` = 3L, `30` = 3L, `31` = 2L, 
    `32` = 4L, `33` = 1L, `35` = 1L, `36` = 1L, `37` = 2L, `38` = 2L, 
    `39` = 1L, `41` = 2L, `42` = 1L, `45` = 1L, `46` = 1L, `47` = 1L, 
    `48` = 1L, `50` = 3L, `51` = 1L, `54` = 1L, `56` = 1L, `57` = 1L, 
    `61` = 1L, `63` = 1L), .Dim = 51L, .Dimnames = list(TagUsage = c("1", 
    "2", "3", "4", "5", "6", "7", "8", "9", "10", "11", "12", 
    "13", "14", "15", "16", "17", "18", "19", "20", "21", "22", 
    "23", "24", "25", "26", "27", "28", "29", "30", "31", "32", 
    "33", "35", "36", "37", "38", "39", "41", "42", "45", "46", 
    "47", "48", "50", "51", "54", "56", "57", "61", "63")), class = "table"), 
    No.Tag = structure(c(0L, 0L, 30L, 0L, 0L, 0L, 1L, 39L, 1L, 
    1L, 0L, 0L, 2L, 0L, 0L), .Dim = c(5L, 3L), .Dimnames = structure(list(
        c("-2", "-1", "0", "1", NA), c("A", "G", NA)), .Names = c("", 
    "")), class = "table"), All.Tags = list(Concordant = list(
        Freqs = structure(c(0, 0, 121, 0, 0, 1, 118, 0), .Dim = c(4L, 
        2L), .Dimnames = list(c("-2", "-1", "0", "1"), c("A", 
        "G"))), N = 240), Majority = list(Freqs = structure(c(0, 
    0, 143, 0, 0, 1, 141, 0), .Dim = c(4L, 2L), .Dimnames = list(
        c("-2", "-1", "0", "1"), c("A", "G"))), N = 285)), `2` = structure(c(0, 
    0, 106, 0, 0, 0, 104, 0), .Dim = c(4L, 2L), .Dimnames = list(
        c("-2", "-1", "0", "1"), c("A", "G"))))))
