Results <-
list(`bwa.out//20220204//BlindCMMRD114_S40.sam` = list(LR36_SNP1 = list(
    All = list(Freqs = structure(c(0L, 0L, 0L, 1L, 0L, 0L, 0L, 
    1L, 2L, 49L, 1910L, 11L, 1L, 9L, 0L, 0L, 2L, 48L, 0L, 0L, 
    0L), .Dim = c(7L, 3L), .Dimnames = structure(list(c("-3", 
    "-2", "-1", "0", "1", "2", NA), c("A", "T", NA)), .Names = c("", 
    "")), class = "table"), N = 2034L), Tag.Distribution = structure(c(`1` = 42L, 
    `2` = 19L, `3` = 37L, `4` = 36L, `5` = 21L, `6` = 26L, `7` = 28L, 
    `8` = 20L, `9` = 29L, `10` = 15L, `11` = 8L, `12` = 8L, `13` = 9L, 
    `14` = 6L, `15` = 4L, `16` = 3L, `17` = 1L, `18` = 2L, `19` = 1L, 
    `20` = 2L, `21` = 1L), .Dim = 21L, .Dimnames = list(TagUsage = c("1", 
    "2", "3", "4", "5", "6", "7", "8", "9", "10", "11", "12", 
    "13", "14", "15", "16", "17", "18", "19", "20", "21")), class = "table"), 
    No.Tag = structure(c(0L, 0L, 0L, 0L, 0L, 0L, 0L, 0L, 0L, 
    1L, 42L, 0L, 0L, 1L, 0L, 0L, 0L, 1L, 0L, 0L, 0L), .Dim = c(7L, 
    3L), .Dimnames = structure(list(c("-3", "-2", "-1", "0", 
    "1", "2", NA), c("A", "T", NA)), .Names = c("", "")), class = "table"), 
    All.Tags = list(Concordant = list(Freqs = structure(c(0, 
    0, 0, 1, 0, 0, 0, 1, 1, 258, 1, 0), .Dim = c(6L, 2L), .Dimnames = list(
        c("-3", "-2", "-1", "0", "1", "2"), c("A", "T"))), N = 262), 
        Majority = list(Freqs = structure(c(0, 0, 0, 1, 0, 0, 
        0, 1, 1, 312, 1, 0), .Dim = c(6L, 2L), .Dimnames = list(
            c("-3", "-2", "-1", "0", "1", "2"), c("A", "T"))), 
            N = 316)), `2` = structure(c(0, 0, 0, 0, 0, 0, 0, 
    0, 0, 275, 0, 0), .Dim = c(6L, 2L), .Dimnames = list(c("-3", 
    "-2", "-1", "0", "1", "2"), c("A", "T"))))))
