Results <-
list(`bwa.out//20220204//Control28_S21.sam` = list(LR52_SNP1 = list(
    All = list(Freqs = structure(c(16L, 232L, 2158L, 21L, 16L, 
    0L, 0L, 1L, 0L, 0L, 0L, 0L, 5L, 0L, 0L, 2L, 1L, 123L, 0L, 
    0L), .Dim = 5:4, .Dimnames = structure(list(c("-2", "-1", 
    "0", "1", NA), c("C", "G", "T", NA)), .Names = c("", "")), class = "table"), 
        N = 2575L), Tag.Distribution = structure(c(`1` = 69L, 
    `2` = 35L, `3` = 38L, `4` = 30L, `5` = 29L, `6` = 35L, `7` = 18L, 
    `8` = 22L, `9` = 20L, `10` = 8L, `11` = 10L, `12` = 12L, 
    `13` = 5L, `14` = 2L, `15` = 7L, `16` = 11L, `17` = 3L, `18` = 5L, 
    `19` = 3L, `20` = 3L, `21` = 3L, `22` = 2L, `23` = 1L, `24` = 3L, 
    `25` = 1L, `30` = 1L, `31` = 1L, `32` = 1L), .Dim = 28L, .Dimnames = list(
        TagUsage = c("1", "2", "3", "4", "5", "6", "7", "8", 
        "9", "10", "11", "12", "13", "14", "15", "16", "17", 
        "18", "19", "20", "21", "22", "23", "24", "25", "30", 
        "31", "32")), class = "table"), No.Tag = structure(c(2L, 
    6L, 62L, 0L, 2L, 0L, 0L, 0L, 0L, 0L, 0L, 0L, 0L, 0L, 0L, 
    0L, 0L, 7L, 0L, 0L), .Dim = 5:4, .Dimnames = structure(list(
        c("-2", "-1", "0", "1", NA), c("C", "G", "T", NA)), .Names = c("", 
    "")), class = "table"), All.Tags = list(Concordant = list(
        Freqs = structure(c(0, 13, 203, 3, 0, 0, 0, 0, 0, 0, 
        2, 0), .Dim = 4:3, .Dimnames = list(c("-2", "-1", "0", 
        "1"), c("C", "G", "T"))), N = 221), Majority = list(Freqs = structure(c(0, 
    19, 339, 3, 0, 0, 0, 0, 0, 0, 2, 0), .Dim = 4:3, .Dimnames = list(
        c("-2", "-1", "0", "1"), c("C", "G", "T"))), N = 363)), 
    `2` = structure(c(0, 7, 293, 1, 0, 0, 0, 0, 0, 0, 0, 0), .Dim = 4:3, .Dimnames = list(
        c("-2", "-1", "0", "1"), c("C", "G", "T"))))))
