Results <-
list(`bwa.out//20220204//BlindCMMRD131_S57.sam` = list(DEPDC2_SNP1 = list(
    All = list(Freqs = structure(c(0L, 2L, 0L, 0L, 0L, 2L, 0L, 
    0L, 0L, 1L, 0L, 0L, 38L, 5919L, 24L, 13L, 0L, 122L, 0L, 0L
    ), .Dim = 4:5, .Dimnames = structure(list(c("-1", "0", "1", 
    NA), c("A", "C", "G", "T", NA)), .Names = c("", "")), class = "table"), 
        N = 6121L), Tag.Distribution = structure(c(`1` = 255L, 
    `2` = 185L, `3` = 176L, `4` = 140L, `5` = 156L, `6` = 76L, 
    `7` = 77L, `8` = 48L, `9` = 50L, `10` = 47L, `11` = 16L, 
    `12` = 21L, `13` = 16L, `14` = 11L, `15` = 6L, `16` = 4L, 
    `17` = 2L, `18` = 1L, `20` = 4L, `23` = 1L, `25` = 1L, `26` = 1L, 
    `28` = 1L), .Dim = 23L, .Dimnames = list(TagUsage = c("1", 
    "2", "3", "4", "5", "6", "7", "8", "9", "10", "11", "12", 
    "13", "14", "15", "16", "17", "18", "20", "23", "25", "26", 
    "28")), class = "table"), No.Tag = structure(c(0L, 0L, 0L, 
    0L, 0L, 0L, 0L, 0L, 0L, 1L, 0L, 0L, 2L, 122L, 0L, 3L, 0L, 
    23L, 0L, 0L), .Dim = 4:5, .Dimnames = structure(list(c("-1", 
    "0", "1", NA), c("A", "C", "G", "T", NA)), .Names = c("", 
    "")), class = "table"), All.Tags = list(Concordant = list(
        Freqs = structure(c(0, 0, 0, 0, 1, 0, 0, 0, 0, 0, 1222, 
        2), .Dim = 3:4, .Dimnames = list(c("-1", "0", "1"), c("A", 
        "C", "G", "T"))), N = 1225), Majority = list(Freqs = structure(c(0, 
    0, 0, 0, 1, 0, 0, 0, 0, 0, 1275, 2), .Dim = 3:4, .Dimnames = list(
        c("-1", "0", "1"), c("A", "C", "G", "T"))), N = 1278)), 
    `2` = structure(c(0, 0, 0, 0, 0, 0, 0, 0, 0, 0, 1034, 0), .Dim = 3:4, .Dimnames = list(
        c("-1", "0", "1"), c("A", "C", "G", "T"))))))
