Results <-
list(`bwa.out//20220204//BlindCMMRD135_S61.sam` = list(LR44_SNP1 = list(
    All = list(Freqs = structure(c(1L, 0L, 2L, 0L, 0L, 0L, 11L, 
    413L, 5218L, 72L, 3L, 36L, 1L, 9L, 59L, 1L, 0L, 0L), .Dim = c(6L, 
    3L), .Dimnames = structure(list(c("-2", "-1", "0", "1", "2", 
    NA), c("C", "T", NA)), .Names = c("", "")), class = "table"), 
        N = 5826L), Tag.Distribution = structure(c(`1` = 180L, 
    `2` = 171L, `3` = 106L, `4` = 118L, `5` = 105L, `6` = 79L, 
    `7` = 57L, `8` = 61L, `9` = 48L, `10` = 33L, `11` = 35L, 
    `12` = 28L, `13` = 17L, `14` = 12L, `15` = 6L, `16` = 8L, 
    `17` = 4L, `18` = 2L, `19` = 4L, `20` = 3L, `21` = 1L, `22` = 1L, 
    `23` = 2L, `24` = 1L, `25` = 2L), .Dim = 25L, .Dimnames = list(
        TagUsage = c("1", "2", "3", "4", "5", "6", "7", "8", 
        "9", "10", "11", "12", "13", "14", "15", "16", "17", 
        "18", "19", "20", "21", "22", "23", "24", "25")), class = "table"), 
    No.Tag = structure(c(0L, 0L, 1L, 0L, 0L, 0L, 0L, 12L, 115L, 
    3L, 0L, 0L, 1L, 0L, 3L, 0L, 0L, 0L), .Dim = c(6L, 3L), .Dimnames = structure(list(
        c("-2", "-1", "0", "1", "2", NA), c("C", "T", NA)), .Names = c("", 
    "")), class = "table"), All.Tags = list(Concordant = list(
        Freqs = structure(c(1, 0, 1, 0, 0, 1, 21, 739, 1, 0), .Dim = c(5L, 
        2L), .Dimnames = list(c("-2", "-1", "0", "1", "2"), c("C", 
        "T"))), N = 764), Majority = list(Freqs = structure(c(1, 
    0, 1, 0, 0, 1, 26, 1016, 1, 0), .Dim = c(5L, 2L), .Dimnames = list(
        c("-2", "-1", "0", "1", "2"), c("C", "T"))), N = 1046)), 
    `2` = structure(c(0, 0, 0, 0, 0, 0, 11, 862, 0, 0), .Dim = c(5L, 
    2L), .Dimnames = list(c("-2", "-1", "0", "1", "2"), c("C", 
    "T"))))))
