Results <-
list(`bwa.out//20220204//17D0939_S6.sam` = list(LR40_SNP1 = list(
    All = list(Freqs = structure(c(33L, 2991L, 8L, 6L, 0L, 10L, 
    0L, 0L), .Dim = c(4L, 2L), .Dimnames = structure(list(c("-1", 
    "0", "1", NA), c("C", NA)), .Names = c("", "")), class = "table"), 
        N = 3048L), Tag.Distribution = structure(c(`1` = 93L, 
    `2` = 30L, `3` = 34L, `4` = 32L, `5` = 23L, `6` = 17L, `7` = 15L, 
    `8` = 13L, `9` = 19L, `10` = 8L, `11` = 8L, `12` = 9L, `13` = 15L, 
    `14` = 13L, `15` = 9L, `16` = 5L, `17` = 3L, `18` = 10L, 
    `19` = 5L, `20` = 4L, `21` = 2L, `22` = 3L, `23` = 3L, `24` = 2L, 
    `25` = 2L, `26` = 3L, `27` = 2L, `28` = 1L, `31` = 1L, `32` = 1L, 
    `34` = 1L, `36` = 1L, `37` = 1L, `38` = 1L, `46` = 1L), .Dim = 35L, .Dimnames = list(
        TagUsage = c("1", "2", "3", "4", "5", "6", "7", "8", 
        "9", "10", "11", "12", "13", "14", "15", "16", "17", 
        "18", "19", "20", "21", "22", "23", "24", "25", "26", 
        "27", "28", "31", "32", "34", "36", "37", "38", "46")), class = "table"), 
    No.Tag = structure(c(2L, 102L, 0L, 0L, 0L, 1L, 0L, 0L), .Dim = c(4L, 
    2L), .Dimnames = structure(list(c("-1", "0", "1", NA), c("C", 
    NA)), .Names = c("", "")), class = "table"), All.Tags = list(
        Concordant = list(Freqs = structure(c(1, 353, 0), .Dim = c(3L, 
        1L), .Dimnames = list(c("-1", "0", "1"), "C")), N = 354), 
        Majority = list(Freqs = structure(c(2, 386, 0), .Dim = c(3L, 
        1L), .Dimnames = list(c("-1", "0", "1"), "C")), N = 388)), 
    `2` = structure(c(1, 295, 0), .Dim = c(3L, 1L), .Dimnames = list(
        c("-1", "0", "1"), "C")))))
