Results <-
list(`bwa.out//20220204//BlindCMMRD121_S47.sam` = list(GM07_SNP1 = list(
    All = list(Freqs = structure(c(1L, 89L, 1686L, 44L, 2L, 13L, 
    2L, 86L, 1631L, 48L, 2L, 28L, 0L, 2L, 18L, 1L, 0L, 0L), .Dim = c(6L, 
    3L), .Dimnames = structure(list(c("-2", "-1", "0", "1", "2", 
    NA), c("A", "G", NA)), .Names = c("", "")), class = "table"), 
        N = 3653L), Tag.Distribution = structure(c(`1` = 193L, 
    `2` = 149L, `3` = 140L, `4` = 108L, `5` = 92L, `6` = 60L, 
    `7` = 34L, `8` = 28L, `9` = 33L, `10` = 10L, `11` = 9L, `12` = 7L, 
    `13` = 9L, `14` = 4L, `15` = 2L, `16` = 3L, `17` = 1L, `18` = 1L, 
    `21` = 1L), .Dim = 19L, .Dimnames = list(TagUsage = c("1", 
    "2", "3", "4", "5", "6", "7", "8", "9", "10", "11", "12", 
    "13", "14", "15", "16", "17", "18", "21")), class = "table"), 
    No.Tag = structure(c(0L, 1L, 57L, 0L, 0L, 4L, 0L, 11L, 61L, 
    1L, 1L, 3L, 0L, 1L, 1L, 0L, 0L, 0L), .Dim = c(6L, 3L), .Dimnames = structure(list(
        c("-2", "-1", "0", "1", "2", NA), c("A", "G", NA)), .Names = c("", 
    "")), class = "table"), All.Tags = list(Concordant = list(
        Freqs = structure(c(0, 5, 326, 2, 0, 0, 8, 310, 2, 0), .Dim = c(5L, 
        2L), .Dimnames = list(c("-2", "-1", "0", "1", "2"), c("A", 
        "G"))), N = 653), Majority = list(Freqs = structure(c(0, 
    6, 427, 3, 0, 0, 9, 402, 3, 0), .Dim = c(5L, 2L), .Dimnames = list(
        c("-2", "-1", "0", "1", "2"), c("A", "G"))), N = 850)), 
    `2` = structure(c(0, 3, 345, 1, 0, 0, 2, 309, 1, 0), .Dim = c(5L, 
    2L), .Dimnames = list(c("-2", "-1", "0", "1", "2"), c("A", 
    "G"))))))
