Results <-
list(`bwa.out//20220204//BlindCMMRD67_S26.sam` = list(GM22_SNP1 = list(
    All = list(Freqs = structure(c(0L, 0L, 0L, 10L, 0L, 0L, 1L, 
    1L, 2L, 65L, 5325L, 19L, 2L, 6L, 0L, 0L, 0L, 1L, 0L, 0L, 
    0L, 0L, 1L, 3L, 100L, 0L, 0L, 0L), .Dim = c(7L, 4L), .Dimnames = structure(list(
        c("-3", "-2", "-1", "0", "1", "2", NA), c("A", "G", "T", 
        NA)), .Names = c("", "")), class = "table"), N = 5536L), 
    Tag.Distribution = structure(c(`1` = 125L, `2` = 43L, `3` = 42L, 
    `4` = 36L, `5` = 36L, `6` = 49L, `7` = 30L, `8` = 35L, `9` = 20L, 
    `10` = 26L, `11` = 20L, `12` = 15L, `13` = 6L, `14` = 13L, 
    `15` = 11L, `16` = 14L, `17` = 15L, `18` = 12L, `19` = 10L, 
    `20` = 11L, `21` = 11L, `22` = 9L, `23` = 6L, `24` = 3L, 
    `25` = 5L, `26` = 3L, `27` = 1L, `28` = 4L, `29` = 3L, `31` = 3L, 
    `32` = 3L, `35` = 1L, `37` = 2L, `39` = 2L, `45` = 1L, `46` = 1L, 
    `47` = 1L), .Dim = 37L, .Dimnames = list(TagUsage = c("1", 
    "2", "3", "4", "5", "6", "7", "8", "9", "10", "11", "12", 
    "13", "14", "15", "16", "17", "18", "19", "20", "21", "22", 
    "23", "24", "25", "26", "27", "28", "29", "31", "32", "35", 
    "37", "39", "45", "46", "47")), class = "table"), No.Tag = structure(c(0L, 
    0L, 0L, 0L, 0L, 0L, 1L, 0L, 0L, 1L, 129L, 0L, 0L, 1L, 0L, 
    0L, 0L, 0L, 0L, 0L, 0L, 0L, 0L, 0L, 7L, 0L, 0L, 0L), .Dim = c(7L, 
    4L), .Dimnames = structure(list(c("-3", "-2", "-1", "0", 
    "1", "2", NA), c("A", "G", "T", NA)), .Names = c("", "")), class = "table"), 
    All.Tags = list(Concordant = list(Freqs = structure(c(0, 
    0, 0, 6, 0, 0, 0, 0, 0, 530, 2, 0, 0, 0, 0, 0, 0, 0), .Dim = c(6L, 
    3L), .Dimnames = list(c("-3", "-2", "-1", "0", "1", "2"), 
        c("A", "G", "T"))), N = 538), Majority = list(Freqs = structure(c(0, 
    0, 0, 6, 0, 0, 0, 0, 0, 606, 2, 0, 0, 0, 0, 0, 0, 0), .Dim = c(6L, 
    3L), .Dimnames = list(c("-3", "-2", "-1", "0", "1", "2"), 
        c("A", "G", "T"))), N = 614)), `2` = structure(c(0, 0, 
    0, 0, 0, 0, 0, 0, 0, 503, 0, 0, 0, 0, 0, 0, 0, 0), .Dim = c(6L, 
    3L), .Dimnames = list(c("-3", "-2", "-1", "0", "1", "2"), 
        c("A", "G", "T"))))))
