Results <-
list(`bwa.out//20220204//MLPA100_S14.sam` = list(LR46_SNP1 = list(
    All = list(Freqs = structure(c(11L, 1765L, 6L, 1L, 5L, 6L, 
    1571L, 3L, 0L, 2L, 0L, 15L, 0L, 0L, 0L), .Dim = c(5L, 3L), .Dimnames = structure(list(
        c("-1", "0", "1", "2", NA), c("G", "T", NA)), .Names = c("", 
    "")), class = "table"), N = 3385L), Tag.Distribution = structure(c(`1` = 172L, 
    `2` = 98L, `3` = 70L, `4` = 50L, `5` = 41L, `6` = 35L, `7` = 23L, 
    `8` = 21L, `9` = 16L, `10` = 24L, `11` = 17L, `12` = 13L, 
    `13` = 6L, `14` = 8L, `15` = 9L, `16` = 5L, `17` = 2L, `18` = 3L, 
    `19` = 6L, `20` = 2L, `21` = 1L, `22` = 2L, `23` = 2L, `24` = 1L, 
    `25` = 2L, `27` = 1L, `28` = 1L, `30` = 1L, `31` = 1L), .Dim = 29L, .Dimnames = list(
        TagUsage = c("1", "2", "3", "4", "5", "6", "7", "8", 
        "9", "10", "11", "12", "13", "14", "15", "16", "17", 
        "18", "19", "20", "21", "22", "23", "24", "25", "27", 
        "28", "30", "31")), class = "table"), No.Tag = structure(c(1L, 
    114L, 0L, 0L, 0L, 0L, 70L, 0L, 0L, 0L, 0L, 3L, 0L, 0L, 0L
    ), .Dim = c(5L, 3L), .Dimnames = structure(list(c("-1", "0", 
    "1", "2", NA), c("G", "T", NA)), .Names = c("", "")), class = "table"), 
    All.Tags = list(Concordant = list(Freqs = structure(c(1, 
    289, 2, 1, 2, 279, 0, 0), .Dim = c(4L, 2L), .Dimnames = list(
        c("-1", "0", "1", "2"), c("G", "T"))), N = 574), Majority = list(
        Freqs = structure(c(1, 312, 2, 1, 2, 301, 0, 0), .Dim = c(4L, 
        2L), .Dimnames = list(c("-1", "0", "1", "2"), c("G", 
        "T"))), N = 619)), `2` = structure(c(0, 228, 0, 0, 0, 
    224, 0, 0), .Dim = c(4L, 2L), .Dimnames = list(c("-1", "0", 
    "1", "2"), c("G", "T"))))))
