Results <-
list(`bwa.out//20220204//BlindCMMRD65_S24.sam` = list(LR48_SNP1 = list(
    All = list(Freqs = structure(c(0L, 0L, 1L, 0L, 0L, 0L, 2L, 
    114L, 2024L, 20L, 1L, 11L, 1L, 80L, 2215L, 31L, 0L, 12L, 
    0L, 3L, 84L, 0L, 0L, 0L), .Dim = c(6L, 4L), .Dimnames = structure(list(
        c("-2", "-1", "0", "1", "2", NA), c("A", "C", "T", NA
        )), .Names = c("", "")), class = "table"), N = 4599L), 
    Tag.Distribution = structure(c(`1` = 74L, `2` = 22L, `3` = 24L, 
    `4` = 26L, `5` = 29L, `6` = 30L, `7` = 19L, `8` = 20L, `9` = 14L, 
    `10` = 16L, `11` = 22L, `12` = 14L, `13` = 17L, `14` = 10L, 
    `15` = 13L, `16` = 16L, `17` = 5L, `18` = 13L, `19` = 7L, 
    `20` = 9L, `21` = 10L, `22` = 12L, `23` = 4L, `24` = 5L, 
    `25` = 4L, `26` = 2L, `27` = 4L, `28` = 2L, `29` = 1L, `30` = 2L, 
    `31` = 2L, `33` = 2L, `34` = 1L, `35` = 1L, `36` = 2L, `40` = 1L, 
    `45` = 1L, `51` = 1L), .Dim = 38L, .Dimnames = list(TagUsage = c("1", 
    "2", "3", "4", "5", "6", "7", "8", "9", "10", "11", "12", 
    "13", "14", "15", "16", "17", "18", "19", "20", "21", "22", 
    "23", "24", "25", "26", "27", "28", "29", "30", "31", "33", 
    "34", "35", "36", "40", "45", "51")), class = "table"), No.Tag = structure(c(0L, 
    0L, 0L, 0L, 0L, 0L, 0L, 1L, 22L, 0L, 0L, 0L, 0L, 0L, 21L, 
    0L, 0L, 2L, 0L, 0L, 5L, 0L, 0L, 0L), .Dim = c(6L, 4L), .Dimnames = structure(list(
        c("-2", "-1", "0", "1", "2", NA), c("A", "C", "T", NA
        )), .Names = c("", "")), class = "table"), All.Tags = list(
        Concordant = list(Freqs = structure(c(0, 0, 0, 0, 0, 
        1, 7, 138, 1, 0, 0, 5, 162, 1, 0), .Dim = c(5L, 3L), .Dimnames = list(
            c("-2", "-1", "0", "1", "2"), c("A", "C", "T"))), 
            N = 315), Majority = list(Freqs = structure(c(0, 
        0, 0, 0, 0, 1, 7, 198, 1, 0, 0, 5, 235, 1, 0), .Dim = c(5L, 
        3L), .Dimnames = list(c("-2", "-1", "0", "1", "2"), c("A", 
        "C", "T"))), N = 448)), `2` = structure(c(0, 0, 0, 0, 
    0, 0, 5, 172, 0, 0, 0, 3, 201, 0, 0), .Dim = c(5L, 3L), .Dimnames = list(
        c("-2", "-1", "0", "1", "2"), c("A", "C", "T"))))))
