Results <-
list(`bwa.out//20220204//BlindCMMRD124_S50.sam` = list(LR10_SNP1 = list(
    All = list(Freqs = structure(c(0L, 0L, 1L, 0L, 0L, 0L, 2L, 
    94L, 4480L, 28L, 1L, 4L, 0L, 0L, 5L, 0L, 0L, 0L, 0L, 1L, 
    18L, 0L, 0L, 0L), .Dim = c(6L, 4L), .Dimnames = structure(list(
        c("-2", "-1", "0", "1", "2", NA), c("A", "C", "T", NA
        )), .Names = c("", "")), class = "table"), N = 4634L), 
    Tag.Distribution = structure(c(`1` = 161L, `2` = 107L, `3` = 104L, 
    `4` = 83L, `5` = 58L, `6` = 55L, `7` = 43L, `8` = 40L, `9` = 30L, 
    `10` = 30L, `11` = 12L, `12` = 15L, `13` = 15L, `14` = 14L, 
    `15` = 8L, `16` = 5L, `17` = 11L, `18` = 6L, `19` = 6L, `20` = 4L, 
    `21` = 4L, `22` = 1L, `23` = 1L, `24` = 1L, `26` = 1L, `28` = 2L, 
    `30` = 1L, `41` = 1L), .Dim = 28L, .Dimnames = list(TagUsage = c("1", 
    "2", "3", "4", "5", "6", "7", "8", "9", "10", "11", "12", 
    "13", "14", "15", "16", "17", "18", "19", "20", "21", "22", 
    "23", "24", "26", "28", "30", "41")), class = "table"), No.Tag = structure(c(0L, 
    0L, 0L, 0L, 0L, 0L, 0L, 2L, 96L, 1L, 0L, 0L, 0L, 0L, 0L, 
    0L, 0L, 0L, 0L, 0L, 7L, 0L, 0L, 0L), .Dim = c(6L, 4L), .Dimnames = structure(list(
        c("-2", "-1", "0", "1", "2", NA), c("A", "C", "T", NA
        )), .Names = c("", "")), class = "table"), All.Tags = list(
        Concordant = list(Freqs = structure(c(0, 0, 0, 0, 0, 
        0, 9, 720, 1, 0, 0, 0, 0, 0, 0), .Dim = c(5L, 3L), .Dimnames = list(
            c("-2", "-1", "0", "1", "2"), c("A", "C", "T"))), 
            N = 730), Majority = list(Freqs = structure(c(0, 
        0, 0, 0, 0, 0, 10, 801, 2, 0, 0, 0, 0, 0, 0), .Dim = c(5L, 
        3L), .Dimnames = list(c("-2", "-1", "0", "1", "2"), c("A", 
        "C", "T"))), N = 813)), `2` = structure(c(0, 0, 0, 0, 
    0, 0, 5, 648, 1, 0, 0, 0, 0, 0, 0), .Dim = c(5L, 3L), .Dimnames = list(
        c("-2", "-1", "0", "1", "2"), c("A", "C", "T"))))))
