Results <-
list(`bwa.out//20220204//MLPA101_S15.sam` = list(LR17_SNP1 = list(
    All = list(Freqs = structure(c(1L, 78L, 1800L, 22L, 14L, 
    0L, 0L, 1L, 0L, 0L, 0L, 5L, 146L, 0L, 0L), .Dim = c(5L, 3L
    ), .Dimnames = structure(list(c("-2", "-1", "0", "1", NA), 
        c("A", "G", NA)), .Names = c("", "")), class = "table"), 
        N = 2067L), Tag.Distribution = structure(c(`1` = 81L, 
    `2` = 27L, `3` = 23L, `4` = 18L, `5` = 14L, `6` = 14L, `7` = 3L, 
    `8` = 10L, `9` = 15L, `10` = 11L, `11` = 9L, `12` = 13L, 
    `13` = 3L, `14` = 8L, `15` = 2L, `16` = 5L, `17` = 5L, `18` = 3L, 
    `19` = 6L, `20` = 7L, `21` = 2L, `22` = 5L, `24` = 2L, `26` = 1L, 
    `27` = 1L, `31` = 1L, `53` = 1L), .Dim = 27L, .Dimnames = list(
        TagUsage = c("1", "2", "3", "4", "5", "6", "7", "8", 
        "9", "10", "11", "12", "13", "14", "15", "16", "17", 
        "18", "19", "20", "21", "22", "24", "26", "27", "31", 
        "53")), class = "table"), No.Tag = structure(c(0L, 1L, 
    37L, 1L, 0L, 0L, 0L, 0L, 0L, 0L, 0L, 0L, 6L, 0L, 0L), .Dim = c(5L, 
    3L), .Dimnames = structure(list(c("-2", "-1", "0", "1", NA
    ), c("A", "G", NA)), .Names = c("", "")), class = "table"), 
    All.Tags = list(Concordant = list(Freqs = structure(c(0, 
    4, 200, 0, 0, 0, 0, 0), .Dim = c(4L, 2L), .Dimnames = list(
        c("-2", "-1", "0", "1"), c("A", "G"))), N = 204), Majority = list(
        Freqs = structure(c(0, 4, 269, 0, 0, 0, 0, 0), .Dim = c(4L, 
        2L), .Dimnames = list(c("-2", "-1", "0", "1"), c("A", 
        "G"))), N = 273)), `2` = structure(c(0, 2, 202, 0, 0, 
    0, 0, 0), .Dim = c(4L, 2L), .Dimnames = list(c("-2", "-1", 
    "0", "1"), c("A", "G"))))))
