Results <-
list(`bwa.out//20220204//MLPA101_S15.sam` = list(LR40_SNP1 = list(
    All = list(Freqs = structure(c(55L, 3982L, 12L, 5L, 0L, 2L, 
    0L, 0L, 0L, 15L, 0L, 0L), .Dim = 4:3, .Dimnames = structure(list(
        c("-1", "0", "1", NA), c("C", "G", NA)), .Names = c("", 
    "")), class = "table"), N = 4071L), Tag.Distribution = structure(c(`1` = 138L, 
    `2` = 68L, `3` = 49L, `4` = 40L, `5` = 48L, `6` = 33L, `7` = 26L, 
    `8` = 22L, `9` = 20L, `10` = 19L, `11` = 17L, `12` = 16L, 
    `13` = 13L, `14` = 9L, `15` = 8L, `16` = 15L, `17` = 3L, 
    `18` = 7L, `19` = 5L, `20` = 1L, `21` = 4L, `22` = 3L, `23` = 4L, 
    `24` = 1L, `25` = 2L, `26` = 4L, `27` = 4L, `28` = 2L, `29` = 3L, 
    `31` = 1L, `32` = 2L, `37` = 1L, `41` = 1L), .Dim = 33L, .Dimnames = list(
        TagUsage = c("1", "2", "3", "4", "5", "6", "7", "8", 
        "9", "10", "11", "12", "13", "14", "15", "16", "17", 
        "18", "19", "20", "21", "22", "23", "24", "25", "26", 
        "27", "28", "29", "31", "32", "37", "41")), class = "table"), 
    No.Tag = structure(c(1L, 150L, 1L, 1L, 0L, 0L, 0L, 0L, 0L, 
    1L, 0L, 0L), .Dim = 4:3, .Dimnames = structure(list(c("-1", 
    "0", "1", NA), c("C", "G", NA)), .Names = c("", "")), class = "table"), 
    All.Tags = list(Concordant = list(Freqs = structure(c(3, 
    536, 0, 0, 0, 0), .Dim = 3:2, .Dimnames = list(c("-1", "0", 
    "1"), c("C", "G"))), N = 539), Majority = list(Freqs = structure(c(4, 
    581, 0, 0, 0, 0), .Dim = 3:2, .Dimnames = list(c("-1", "0", 
    "1"), c("C", "G"))), N = 585)), `2` = structure(c(1, 448, 
    0, 0, 0, 0), .Dim = 3:2, .Dimnames = list(c("-1", "0", "1"
    ), c("C", "G"))))))
