Results <-
list(`bwa.out//20220204//Control25_S18.sam` = list(LR52_SNP1 = list(
    All = list(Freqs = structure(c(5L, 107L, 769L, 10L, 4L, 4L, 
    92L, 955L, 21L, 2L, 0L, 1L, 44L, 0L, 0L), .Dim = c(5L, 3L
    ), .Dimnames = structure(list(c("-2", "-1", "0", "1", NA), 
        c("C", "T", NA)), .Names = c("", "")), class = "table"), 
        N = 2014L), Tag.Distribution = structure(c(`1` = 35L, 
    `2` = 20L, `3` = 17L, `4` = 20L, `5` = 12L, `6` = 12L, `7` = 12L, 
    `8` = 8L, `9` = 12L, `10` = 14L, `11` = 8L, `12` = 5L, `13` = 6L, 
    `14` = 9L, `15` = 2L, `16` = 4L, `17` = 1L, `18` = 8L, `19` = 5L, 
    `20` = 2L, `21` = 4L, `22` = 2L, `23` = 1L, `24` = 2L, `25` = 1L, 
    `26` = 3L, `28` = 2L, `29` = 2L, `32` = 1L, `34` = 1L, `40` = 1L
    ), .Dim = 31L, .Dimnames = list(TagUsage = c("1", "2", "3", 
    "4", "5", "6", "7", "8", "9", "10", "11", "12", "13", "14", 
    "15", "16", "17", "18", "19", "20", "21", "22", "23", "24", 
    "25", "26", "28", "29", "32", "34", "40")), class = "table"), 
    No.Tag = structure(c(0L, 1L, 6L, 0L, 1L, 1L, 0L, 7L, 0L, 
    0L, 0L, 0L, 0L, 0L, 0L), .Dim = c(5L, 3L), .Dimnames = structure(list(
        c("-2", "-1", "0", "1", NA), c("C", "T", NA)), .Names = c("", 
    "")), class = "table"), All.Tags = list(Concordant = list(
        Freqs = structure(c(0, 2, 45, 0, 0, 3, 71, 4), .Dim = c(4L, 
        2L), .Dimnames = list(c("-2", "-1", "0", "1"), c("C", 
        "T"))), N = 125), Majority = list(Freqs = structure(c(0, 
    3, 93, 0, 0, 3, 123, 4), .Dim = c(4L, 2L), .Dimnames = list(
        c("-2", "-1", "0", "1"), c("C", "T"))), N = 226)), `2` = structure(c(0, 
    3, 84, 0, 0, 2, 101, 1), .Dim = c(4L, 2L), .Dimnames = list(
        c("-2", "-1", "0", "1"), c("C", "T"))))))
