Results <-
list(`bwa.out//20220204//Control23_S16.sam` = list(LR20_SNP1 = list(
    All = list(Freqs = structure(c(2L, 1165L, 3L, 2L, 6L, 1234L, 
    2L, 2L, 0L, 18L, 0L, 0L), .Dim = 4:3, .Dimnames = structure(list(
        c("-1", "0", "1", NA), c("A", "G", NA)), .Names = c("", 
    "")), class = "table"), N = 2434L), Tag.Distribution = structure(c(`1` = 123L, 
    `2` = 58L, `3` = 50L, `4` = 41L, `5` = 37L, `6` = 21L, `7` = 25L, 
    `8` = 12L, `9` = 13L, `10` = 16L, `11` = 11L, `12` = 10L, 
    `13` = 8L, `14` = 6L, `15` = 4L, `16` = 5L, `17` = 3L, `18` = 1L, 
    `19` = 4L, `20` = 2L, `23` = 1L, `24` = 1L, `26` = 1L, `28` = 1L, 
    `29` = 1L, `30` = 1L), .Dim = 26L, .Dimnames = list(TagUsage = c("1", 
    "2", "3", "4", "5", "6", "7", "8", "9", "10", "11", "12", 
    "13", "14", "15", "16", "17", "18", "19", "20", "23", "24", 
    "26", "28", "29", "30")), class = "table"), No.Tag = structure(c(0L, 
    55L, 0L, 2L, 0L, 50L, 0L, 0L, 0L, 1L, 0L, 0L), .Dim = 4:3, .Dimnames = structure(list(
        c("-1", "0", "1", NA), c("A", "G", NA)), .Names = c("", 
    "")), class = "table"), All.Tags = list(Concordant = list(
        Freqs = structure(c(0, 204, 0, 1, 210, 0), .Dim = 3:2, .Dimnames = list(
            c("-1", "0", "1"), c("A", "G"))), N = 415), Majority = list(
        Freqs = structure(c(0, 223, 0, 1, 225, 0), .Dim = 3:2, .Dimnames = list(
            c("-1", "0", "1"), c("A", "G"))), N = 449)), `2` = structure(c(0, 
    166, 0, 1, 164, 0), .Dim = 3:2, .Dimnames = list(c("-1", 
    "0", "1"), c("A", "G"))))))
