Results <-
list(`bwa.out//20220204//17D0989_S8.sam` = list(LR44_SNP1 = list(
    All = list(Freqs = structure(c(12L, 365L, 4714L, 80L, 1L, 
    29L, 0L, 0L, 8L, 0L, 0L, 1L, 0L, 4L, 72L, 1L, 0L, 0L), .Dim = c(6L, 
    3L), .Dimnames = structure(list(c("-2", "-1", "0", "1", "2", 
    NA), c("C", "T", NA)), .Names = c("", "")), class = "table"), 
        N = 5287L), Tag.Distribution = structure(c(`1` = 196L, 
    `2` = 86L, `3` = 72L, `4` = 48L, `5` = 52L, `6` = 42L, `7` = 38L, 
    `8` = 29L, `9` = 28L, `10` = 22L, `11` = 21L, `12` = 20L, 
    `13` = 24L, `14` = 15L, `15` = 9L, `16` = 11L, `17` = 8L, 
    `18` = 6L, `19` = 6L, `20` = 9L, `21` = 7L, `22` = 9L, `23` = 2L, 
    `24` = 4L, `25` = 4L, `26` = 1L, `27` = 4L, `28` = 3L, `29` = 1L, 
    `31` = 1L, `33` = 2L, `37` = 1L, `42` = 3L), .Dim = 33L, .Dimnames = list(
        TagUsage = c("1", "2", "3", "4", "5", "6", "7", "8", 
        "9", "10", "11", "12", "13", "14", "15", "16", "17", 
        "18", "19", "20", "21", "22", "23", "24", "25", "26", 
        "27", "28", "29", "31", "33", "37", "42")), class = "table"), 
    No.Tag = structure(c(0L, 6L, 77L, 1L, 0L, 3L, 0L, 0L, 0L, 
    0L, 0L, 0L, 0L, 0L, 6L, 0L, 0L, 0L), .Dim = c(6L, 3L), .Dimnames = structure(list(
        c("-2", "-1", "0", "1", "2", NA), c("C", "T", NA)), .Names = c("", 
    "")), class = "table"), All.Tags = list(Concordant = list(
        Freqs = structure(c(0, 24, 498, 4, 0, 0, 0, 4, 0, 0), .Dim = c(5L, 
        2L), .Dimnames = list(c("-2", "-1", "0", "1", "2"), c("C", 
        "T"))), N = 530), Majority = list(Freqs = structure(c(0, 
    30, 723, 4, 0, 0, 0, 4, 0, 0), .Dim = c(5L, 2L), .Dimnames = list(
        c("-2", "-1", "0", "1", "2"), c("C", "T"))), N = 761)), 
    `2` = structure(c(0, 10, 564, 1, 0, 0, 0, 1, 0, 0), .Dim = c(5L, 
    2L), .Dimnames = list(c("-2", "-1", "0", "1", "2"), c("C", 
    "T"))))))
