Results <-
list(`bwa.out//20220204//BlindCMMRD125_S51.sam` = list(LR11_SNP1 = list(
    All = list(Freqs = structure(c(0L, 0L, 1L, 0L, 0L, 0L, 1L, 
    111L, 3818L, 25L, 1L, 14L, 0L, 0L, 5L, 0L, 0L, 0L, 0L, 0L, 
    16L, 0L, 0L, 0L), .Dim = c(6L, 4L), .Dimnames = structure(list(
        c("-2", "-1", "0", "1", "2", NA), c("-", "A", "C", NA
        )), .Names = c("", "")), class = "table"), N = 3992L), 
    Tag.Distribution = structure(c(`1` = 220L, `2` = 187L, `3` = 162L, 
    `4` = 111L, `5` = 100L, `6` = 71L, `7` = 48L, `8` = 40L, 
    `9` = 13L, `10` = 17L, `11` = 18L, `12` = 13L, `13` = 5L, 
    `14` = 2L, `15` = 5L, `16` = 1L, `21` = 1L), .Dim = 17L, .Dimnames = list(
        TagUsage = c("1", "2", "3", "4", "5", "6", "7", "8", 
        "9", "10", "11", "12", "13", "14", "15", "16", "21")), class = "table"), 
    No.Tag = structure(c(0L, 0L, 0L, 0L, 0L, 0L, 0L, 0L, 39L, 
    0L, 0L, 0L, 0L, 0L, 1L, 0L, 0L, 0L, 0L, 0L, 0L, 0L, 0L, 0L
    ), .Dim = c(6L, 4L), .Dimnames = structure(list(c("-2", "-1", 
    "0", "1", "2", NA), c("-", "A", "C", NA)), .Names = c("", 
    "")), class = "table"), All.Tags = list(Concordant = list(
        Freqs = structure(c(0, 0, 0, 0, 0, 0, 13, 901, 2, 0, 
        0, 0, 4, 0, 0), .Dim = c(5L, 3L), .Dimnames = list(c("-2", 
        "-1", "0", "1", "2"), c("-", "A", "C"))), N = 920), Majority = list(
        Freqs = structure(c(0, 0, 0, 0, 0, 0, 14, 974, 2, 0, 
        0, 0, 4, 0, 0), .Dim = c(5L, 3L), .Dimnames = list(c("-2", 
        "-1", "0", "1", "2"), c("-", "A", "C"))), N = 994)), 
    `2` = structure(c(0, 0, 0, 0, 0, 0, 5, 771, 1, 0, 0, 0, 0, 
    0, 0), .Dim = c(5L, 3L), .Dimnames = list(c("-2", "-1", "0", 
    "1", "2"), c("-", "A", "C"))))))
