Results <-
list(`bwa.out//20220204//BlindCMMRD59_S18.sam` = list(GM14_SNP1 = list(
    All = list(Freqs = structure(c(1L, 6L, 102L, 2640L, 23L, 
    11L, 0L, 0L, 0L, 17L, 0L, 0L), .Dim = c(6L, 2L), .Dimnames = structure(list(
        c("-3", "-2", "-1", "0", "1", NA), c("C", NA)), .Names = c("", 
    "")), class = "table"), N = 2800L), Tag.Distribution = structure(c(`1` = 50L, 
    `2` = 36L, `3` = 24L, `4` = 27L, `5` = 21L, `6` = 18L, `7` = 17L, 
    `8` = 21L, `9` = 13L, `10` = 17L, `11` = 9L, `12` = 12L, 
    `13` = 6L, `14` = 17L, `15` = 6L, `16` = 8L, `17` = 12L, 
    `18` = 7L, `19` = 3L, `20` = 2L, `21` = 2L, `22` = 2L, `24` = 4L, 
    `25` = 3L, `26` = 1L, `27` = 1L, `30` = 1L, `31` = 1L, `32` = 1L, 
    `35` = 1L, `38` = 1L), .Dim = 31L, .Dimnames = list(TagUsage = c("1", 
    "2", "3", "4", "5", "6", "7", "8", "9", "10", "11", "12", 
    "13", "14", "15", "16", "17", "18", "19", "20", "21", "22", 
    "24", "25", "26", "27", "30", "31", "32", "35", "38")), class = "table"), 
    No.Tag = structure(c(0L, 0L, 1L, 26L, 0L, 2L, 0L, 0L, 0L, 
    2L, 0L, 0L), .Dim = c(6L, 2L), .Dimnames = structure(list(
        c("-3", "-2", "-1", "0", "1", NA), c("C", NA)), .Names = c("", 
    "")), class = "table"), All.Tags = list(Concordant = list(
        Freqs = structure(c(0, 0, 2, 248, 0), .Dim = c(5L, 1L
        ), .Dimnames = list(c("-3", "-2", "-1", "0", "1"), "C")), 
        N = 250), Majority = list(Freqs = structure(c(0, 0, 2, 
    335, 0), .Dim = c(5L, 1L), .Dimnames = list(c("-3", "-2", 
    "-1", "0", "1"), "C")), N = 337)), `2` = structure(c(0, 0, 
    1, 287, 0), .Dim = c(5L, 1L), .Dimnames = list(c("-3", "-2", 
    "-1", "0", "1"), "C")))))
