Results <-
list(`bwa.out//20220204//Control30_S23.sam` = list(LR17_SNP1 = list(
    All = list(Freqs = structure(c(4L, 89L, 2701L, 31L, 1L, 13L, 
    0L, 0L, 1L, 0L, 0L, 0L, 0L, 1L, 66L, 1L, 0L, 0L), .Dim = c(6L, 
    3L), .Dimnames = structure(list(c("-2", "-1", "0", "1", "2", 
    NA), c("A", "G", NA)), .Names = c("", "")), class = "table"), 
        N = 2908L), Tag.Distribution = structure(c(`1` = 82L, 
    `2` = 31L, `3` = 33L, `4` = 28L, `5` = 23L, `6` = 21L, `7` = 15L, 
    `8` = 17L, `9` = 17L, `10` = 14L, `11` = 6L, `12` = 9L, `13` = 9L, 
    `14` = 7L, `15` = 5L, `16` = 12L, `17` = 1L, `18` = 6L, `19` = 4L, 
    `20` = 3L, `21` = 3L, `22` = 3L, `23` = 3L, `24` = 3L, `25` = 2L, 
    `26` = 1L, `27` = 2L, `28` = 3L, `29` = 1L, `31` = 2L, `33` = 1L, 
    `34` = 2L, `36` = 1L), .Dim = 33L, .Dimnames = list(TagUsage = c("1", 
    "2", "3", "4", "5", "6", "7", "8", "9", "10", "11", "12", 
    "13", "14", "15", "16", "17", "18", "19", "20", "21", "22", 
    "23", "24", "25", "26", "27", "28", "29", "31", "33", "34", 
    "36")), class = "table"), No.Tag = structure(c(0L, 4L, 139L, 
    0L, 0L, 2L, 0L, 0L, 0L, 0L, 0L, 0L, 0L, 0L, 4L, 0L, 0L, 0L
    ), .Dim = c(6L, 3L), .Dimnames = structure(list(c("-2", "-1", 
    "0", "1", "2", NA), c("A", "G", NA)), .Names = c("", "")), class = "table"), 
    All.Tags = list(Concordant = list(Freqs = structure(c(0, 
    6, 269, 1, 0, 0, 0, 0, 0, 0), .Dim = c(5L, 2L), .Dimnames = list(
        c("-2", "-1", "0", "1", "2"), c("A", "G"))), N = 276), 
        Majority = list(Freqs = structure(c(0, 7, 353, 1, 0, 
        0, 0, 0, 0, 0), .Dim = c(5L, 2L), .Dimnames = list(c("-2", 
        "-1", "0", "1", "2"), c("A", "G"))), N = 361)), `2` = structure(c(0, 
    3, 282, 0, 0, 0, 0, 0, 0, 0), .Dim = c(5L, 2L), .Dimnames = list(
        c("-2", "-1", "0", "1", "2"), c("A", "G"))))))
