Results <-
list(`bwa.out//20220204//BlindCMMRD48_S8.sam` = list(GM14_SNP1 = list(
    All = list(Freqs = structure(c(1L, 1L, 40L, 1429L, 20L, 1L, 
    0L, 0L, 32L, 1203L, 8L, 2L, 0L, 0L, 0L, 20L, 0L, 0L), .Dim = c(6L, 
    3L), .Dimnames = structure(list(c("-4", "-2", "-1", "0", 
    "1", NA), c("C", "T", NA)), .Names = c("", "")), class = "table"), 
        N = 2757L), Tag.Distribution = structure(c(`1` = 44L, 
    `2` = 17L, `3` = 2L, `4` = 11L, `5` = 10L, `6` = 10L, `7` = 5L, 
    `8` = 11L, `9` = 10L, `10` = 5L, `11` = 8L, `12` = 3L, `13` = 3L, 
    `14` = 8L, `15` = 4L, `16` = 6L, `17` = 3L, `19` = 2L, `20` = 8L, 
    `21` = 1L, `22` = 5L, `23` = 2L, `24` = 4L, `25` = 3L, `26` = 4L, 
    `27` = 4L, `28` = 5L, `29` = 1L, `30` = 2L, `31` = 2L, `32` = 3L, 
    `33` = 1L, `34` = 1L, `35` = 1L, `36` = 3L, `38` = 1L, `39` = 2L, 
    `40` = 1L, `42` = 2L, `46` = 1L, `48` = 1L, `71` = 1L), .Dim = 42L, .Dimnames = list(
        TagUsage = c("1", "2", "3", "4", "5", "6", "7", "8", 
        "9", "10", "11", "12", "13", "14", "15", "16", "17", 
        "19", "20", "21", "22", "23", "24", "25", "26", "27", 
        "28", "29", "30", "31", "32", "33", "34", "35", "36", 
        "38", "39", "40", "42", "46", "48", "71")), class = "table"), 
    No.Tag = structure(c(0L, 0L, 1L, 5L, 0L, 0L, 0L, 0L, 0L, 
    5L, 0L, 0L, 0L, 0L, 0L, 3L, 0L, 0L), .Dim = c(6L, 3L), .Dimnames = structure(list(
        c("-4", "-2", "-1", "0", "1", NA), c("C", "T", NA)), .Names = c("", 
    "")), class = "table"), All.Tags = list(Concordant = list(
        Freqs = structure(c(0, 0, 0, 77, 0, 0, 0, 0, 70, 0), .Dim = c(5L, 
        2L), .Dimnames = list(c("-4", "-2", "-1", "0", "1"), 
            c("C", "T"))), N = 147), Majority = list(Freqs = structure(c(0, 
    0, 0, 117, 0, 0, 0, 0, 101, 0), .Dim = c(5L, 2L), .Dimnames = list(
        c("-4", "-2", "-1", "0", "1"), c("C", "T"))), N = 218)), 
    `2` = structure(c(0, 0, 0, 91, 0, 0, 0, 0, 85, 0), .Dim = c(5L, 
    2L), .Dimnames = list(c("-4", "-2", "-1", "0", "1"), c("C", 
    "T"))))))
