Results <-
list(`bwa.out//20220204//BlindCMMRD135_S61.sam` = list(LR10_SNP1 = list(
    All = list(Freqs = structure(c(0L, 0L, 2L, 0L, 0L, 1L, 62L, 
    2138L, 12L, 1L, 0L, 45L, 2336L, 8L, 1L, 0L, 0L, 28L, 0L, 
    0L), .Dim = 5:4, .Dimnames = structure(list(c("-2", "-1", 
    "0", "1", NA), c("A", "C", "T", NA)), .Names = c("", "")), class = "table"), 
        N = 4634L), Tag.Distribution = structure(c(`1` = 172L, 
    `2` = 114L, `3` = 111L, `4` = 115L, `5` = 75L, `6` = 62L, 
    `7` = 53L, `8` = 50L, `9` = 31L, `10` = 17L, `11` = 23L, 
    `12` = 20L, `13` = 12L, `14` = 12L, `15` = 8L, `16` = 6L, 
    `17` = 1L, `18` = 5L, `19` = 2L, `20` = 2L, `21` = 2L, `23` = 3L, 
    `27` = 1L), .Dim = 23L, .Dimnames = list(TagUsage = c("1", 
    "2", "3", "4", "5", "6", "7", "8", "9", "10", "11", "12", 
    "13", "14", "15", "16", "17", "18", "19", "20", "21", "23", 
    "27")), class = "table"), No.Tag = structure(c(0L, 0L, 0L, 
    0L, 0L, 0L, 0L, 85L, 0L, 0L, 0L, 0L, 30L, 0L, 0L, 0L, 0L, 
    3L, 0L, 0L), .Dim = 5:4, .Dimnames = structure(list(c("-2", 
    "-1", "0", "1", NA), c("A", "C", "T", NA)), .Names = c("", 
    "")), class = "table"), All.Tags = list(Concordant = list(
        Freqs = structure(c(0, 0, 0, 0, 0, 4, 334, 0, 0, 4, 398, 
        1), .Dim = 4:3, .Dimnames = list(c("-2", "-1", "0", "1"
        ), c("A", "C", "T"))), N = 741), Majority = list(Freqs = structure(c(0, 
    0, 0, 0, 0, 4, 408, 0, 0, 4, 469, 1), .Dim = 4:3, .Dimnames = list(
        c("-2", "-1", "0", "1"), c("A", "C", "T"))), N = 886)), 
    `2` = structure(c(0, 0, 0, 0, 0, 2, 338, 0, 0, 0, 377, 0), .Dim = 4:3, .Dimnames = list(
        c("-2", "-1", "0", "1"), c("A", "C", "T"))))))
