Results <-
list(`bwa.out//20220204//BlindCMMRD133_S59.sam` = list(LR52_SNP1 = list(
    All = list(Freqs = structure(c(2L, 26L, 355L, 3269L, 21L, 
    1L, 29L, 0L, 0L, 0L, 4L, 0L, 0L, 0L, 0L, 0L, 2L, 223L, 2L, 
    0L, 0L), .Dim = c(7L, 3L), .Dimnames = structure(list(c("-3", 
    "-2", "-1", "0", "1", "2", NA), c("C", "T", NA)), .Names = c("", 
    "")), class = "table"), N = 3934L), Tag.Distribution = structure(c(`1` = 140L, 
    `2` = 130L, `3` = 122L, `4` = 101L, `5` = 104L, `6` = 67L, 
    `7` = 50L, `8` = 42L, `9` = 32L, `10` = 20L, `11` = 11L, 
    `12` = 12L, `13` = 9L, `14` = 4L, `15` = 6L, `16` = 1L, `20` = 2L, 
    `22` = 1L), .Dim = 18L, .Dimnames = list(TagUsage = c("1", 
    "2", "3", "4", "5", "6", "7", "8", "9", "10", "11", "12", 
    "13", "14", "15", "16", "20", "22")), class = "table"), No.Tag = structure(c(0L, 
    0L, 5L, 53L, 0L, 0L, 0L, 0L, 0L, 0L, 0L, 0L, 0L, 0L, 0L, 
    0L, 0L, 4L, 0L, 0L, 0L), .Dim = c(7L, 3L), .Dimnames = structure(list(
        c("-3", "-2", "-1", "0", "1", "2", NA), c("C", "T", NA
        )), .Names = c("", "")), class = "table"), All.Tags = list(
        Concordant = list(Freqs = structure(c(0, 0, 17, 561, 
        4, 0, 0, 0, 0, 2, 0, 0), .Dim = c(6L, 2L), .Dimnames = list(
            c("-3", "-2", "-1", "0", "1", "2"), c("C", "T"))), 
            N = 584), Majority = list(Freqs = structure(c(0, 
        0, 27, 781, 4, 0, 0, 0, 0, 2, 0, 0), .Dim = c(6L, 2L), .Dimnames = list(
            c("-3", "-2", "-1", "0", "1", "2"), c("C", "T"))), 
            N = 814)), `2` = structure(c(0, 0, 18, 667, 1, 0, 
    0, 0, 0, 0, 0, 0), .Dim = c(6L, 2L), .Dimnames = list(c("-3", 
    "-2", "-1", "0", "1", "2"), c("C", "T"))))))
