Results <-
list(`bwa.out//20220204//BlindCMMRD89_S48.sam` = list(GM09_SNP1 = list(
    All = list(Freqs = structure(c(0L, 34L, 0L, 0L, 28L, 5675L, 
    6L, 5L, 3L, 40L, 0L, 0L), .Dim = 4:3, .Dimnames = structure(list(
        c("-1", "0", "1", NA), c("A", "G", NA)), .Names = c("", 
    "")), class = "table"), N = 5791L), Tag.Distribution = structure(c(`1` = 172L, 
    `2` = 66L, `3` = 61L, `4` = 51L, `5` = 48L, `6` = 46L, `7` = 45L, 
    `8` = 35L, `9` = 27L, `10` = 20L, `11` = 11L, `12` = 15L, 
    `13` = 17L, `14` = 14L, `15` = 11L, `16` = 8L, `17` = 7L, 
    `18` = 11L, `19` = 7L, `20` = 7L, `21` = 12L, `22` = 8L, 
    `23` = 9L, `24` = 3L, `25` = 4L, `26` = 4L, `27` = 5L, `28` = 9L, 
    `29` = 2L, `30` = 1L, `31` = 3L, `32` = 1L, `33` = 2L, `34` = 1L, 
    `37` = 2L, `40` = 2L, `46` = 1L, `58` = 1L), .Dim = 38L, .Dimnames = list(
        TagUsage = c("1", "2", "3", "4", "5", "6", "7", "8", 
        "9", "10", "11", "12", "13", "14", "15", "16", "17", 
        "18", "19", "20", "21", "22", "23", "24", "25", "26", 
        "27", "28", "29", "30", "31", "32", "33", "34", "37", 
        "40", "46", "58")), class = "table"), No.Tag = structure(c(0L, 
    0L, 0L, 0L, 1L, 69L, 0L, 2L, 0L, 4L, 0L, 0L), .Dim = 4:3, .Dimnames = structure(list(
        c("-1", "0", "1", NA), c("A", "G", NA)), .Names = c("", 
    "")), class = "table"), All.Tags = list(Concordant = list(
        Freqs = structure(c(0, 2, 0, 0, 709, 0), .Dim = 3:2, .Dimnames = list(
            c("-1", "0", "1"), c("A", "G"))), N = 711), Majority = list(
        Freqs = structure(c(0, 3, 0, 0, 741, 0), .Dim = 3:2, .Dimnames = list(
            c("-1", "0", "1"), c("A", "G"))), N = 744)), `2` = structure(c(0, 
    1, 0, 0, 576, 0), .Dim = 3:2, .Dimnames = list(c("-1", "0", 
    "1"), c("A", "G"))))))
