Results <-
list(`bwa.out//20220204//BlindCMMRD84_S43.sam` = list(LR24_SNP1 = list(
    All = list(Freqs = structure(c(5L, 2723L, 9L, 1L, 7L, 2641L, 
    6L, 1L, 0L, 31L, 0L, 0L), .Dim = 4:3, .Dimnames = structure(list(
        c("-1", "0", "1", NA), c("A", "G", NA)), .Names = c("", 
    "")), class = "table"), N = 5424L), Tag.Distribution = structure(c(`1` = 202L, 
    `2` = 128L, `3` = 105L, `4` = 93L, `5` = 78L, `6` = 57L, 
    `7` = 40L, `8` = 54L, `9` = 30L, `10` = 29L, `11` = 18L, 
    `12` = 21L, `13` = 20L, `14` = 12L, `15` = 11L, `16` = 11L, 
    `17` = 6L, `18` = 5L, `19` = 5L, `20` = 3L, `21` = 1L, `22` = 1L, 
    `23` = 3L, `24` = 2L, `26` = 3L, `27` = 3L, `28` = 3L, `29` = 1L, 
    `30` = 1L, `33` = 1L, `35` = 1L, `43` = 1L), .Dim = 32L, .Dimnames = list(
        TagUsage = c("1", "2", "3", "4", "5", "6", "7", "8", 
        "9", "10", "11", "12", "13", "14", "15", "16", "17", 
        "18", "19", "20", "21", "22", "23", "24", "26", "27", 
        "28", "29", "30", "33", "35", "43")), class = "table"), 
    No.Tag = structure(c(1L, 64L, 0L, 0L, 0L, 65L, 0L, 0L, 0L, 
    6L, 0L, 0L), .Dim = 4:3, .Dimnames = structure(list(c("-1", 
    "0", "1", NA), c("A", "G", NA)), .Names = c("", "")), class = "table"), 
    All.Tags = list(Concordant = list(Freqs = structure(c(0, 
    427, 2, 0, 413, 0), .Dim = 3:2, .Dimnames = list(c("-1", 
    "0", "1"), c("A", "G"))), N = 842), Majority = list(Freqs = structure(c(0, 
    471, 2, 0, 459, 0), .Dim = 3:2, .Dimnames = list(c("-1", 
    "0", "1"), c("A", "G"))), N = 932)), `2` = structure(c(0, 
    371, 0, 0, 365, 0), .Dim = 3:2, .Dimnames = list(c("-1", 
    "0", "1"), c("A", "G"))))))
