Results <-
list(`bwa.out//20220204//Control22_S15.sam` = list(GM07_SNP1 = list(
    All = list(Freqs = structure(c(51L, 982L, 28L, 8L, 43L, 749L, 
    8L, 12L, 0L, 18L, 0L, 0L), .Dim = 4:3, .Dimnames = structure(list(
        c("-1", "0", "1", NA), c("A", "G", NA)), .Names = c("", 
    "")), class = "table"), N = 1899L), Tag.Distribution = structure(c(`1` = 84L, 
    `2` = 38L, `3` = 49L, `4` = 36L, `5` = 21L, `6` = 13L, `7` = 27L, 
    `8` = 10L, `9` = 14L, `10` = 8L, `11` = 2L, `12` = 9L, `13` = 2L, 
    `14` = 7L, `15` = 4L, `16` = 4L, `17` = 1L, `18` = 1L, `19` = 2L, 
    `20` = 1L, `21` = 1L, `22` = 1L, `23` = 1L, `24` = 1L, `25` = 1L
    ), .Dim = 25L, .Dimnames = list(TagUsage = c("1", "2", "3", 
    "4", "5", "6", "7", "8", "9", "10", "11", "12", "13", "14", 
    "15", "16", "17", "18", "19", "20", "21", "22", "23", "24", 
    "25")), class = "table"), No.Tag = structure(c(6L, 102L, 
    5L, 4L, 2L, 78L, 1L, 2L, 0L, 4L, 0L, 0L), .Dim = 4:3, .Dimnames = structure(list(
        c("-1", "0", "1", NA), c("A", "G", NA)), .Names = c("", 
    "")), class = "table"), All.Tags = list(Concordant = list(
        Freqs = structure(c(3, 132, 2, 2, 114, 0), .Dim = 3:2, .Dimnames = list(
            c("-1", "0", "1"), c("A", "G"))), N = 253), Majority = list(
        Freqs = structure(c(3, 176, 2, 5, 146, 0), .Dim = 3:2, .Dimnames = list(
            c("-1", "0", "1"), c("A", "G"))), N = 332)), `2` = structure(c(0, 
    129, 0, 4, 118, 0), .Dim = 3:2, .Dimnames = list(c("-1", 
    "0", "1"), c("A", "G"))))))
