Results <-
list(`bwa.out//20220204//MLPA99_S13.sam` = list(GM09_SNP1 = list(
    All = list(Freqs = structure(c(14L, 2730L, 4L, 4L, 13L, 2682L, 
    3L, 0L, 0L, 34L, 0L, 0L), .Dim = 4:3, .Dimnames = structure(list(
        c("-1", "0", "1", NA), c("A", "G", NA)), .Names = c("", 
    "")), class = "table"), N = 5484L), Tag.Distribution = structure(c(`1` = 123L, 
    `2` = 21L, `3` = 21L, `4` = 15L, `5` = 21L, `6` = 18L, `7` = 18L, 
    `8` = 22L, `9` = 23L, `10` = 18L, `11` = 11L, `12` = 19L, 
    `13` = 12L, `14` = 18L, `15` = 8L, `16` = 9L, `17` = 14L, 
    `18` = 9L, `19` = 13L, `20` = 3L, `21` = 4L, `22` = 3L, `23` = 4L, 
    `24` = 5L, `25` = 7L, `26` = 3L, `27` = 4L, `28` = 3L, `29` = 3L, 
    `30` = 1L, `31` = 2L, `32` = 4L, `34` = 1L, `35` = 3L, `36` = 6L, 
    `37` = 1L, `38` = 1L, `39` = 1L, `40` = 1L, `41` = 2L, `42` = 3L, 
    `43` = 1L, `45` = 1L, `47` = 2L, `48` = 1L, `50` = 1L, `56` = 2L, 
    `59` = 1L, `72` = 1L, `74` = 1L, `76` = 1L), .Dim = 51L, .Dimnames = list(
        TagUsage = c("1", "2", "3", "4", "5", "6", "7", "8", 
        "9", "10", "11", "12", "13", "14", "15", "16", "17", 
        "18", "19", "20", "21", "22", "23", "24", "25", "26", 
        "27", "28", "29", "30", "31", "32", "34", "35", "36", 
        "37", "38", "39", "40", "41", "42", "43", "45", "47", 
        "48", "50", "56", "59", "72", "74", "76")), class = "table"), 
    No.Tag = structure(c(0L, 32L, 2L, 2L, 0L, 23L, 0L, 0L, 0L, 
    3L, 0L, 0L), .Dim = 4:3, .Dimnames = structure(list(c("-1", 
    "0", "1", NA), c("A", "G", NA)), .Names = c("", "")), class = "table"), 
    All.Tags = list(Concordant = list(Freqs = structure(c(0, 
    225, 0, 0, 205, 0), .Dim = 3:2, .Dimnames = list(c("-1", 
    "0", "1"), c("A", "G"))), N = 430), Majority = list(Freqs = structure(c(0, 
    253, 0, 0, 232, 0), .Dim = 3:2, .Dimnames = list(c("-1", 
    "0", "1"), c("A", "G"))), N = 485)), `2` = structure(c(0, 
    195, 0, 0, 171, 0), .Dim = 3:2, .Dimnames = list(c("-1", 
    "0", "1"), c("A", "G"))))))
