Results <-
list(`bwa.out//20220204//BlindCMMRD96_S55.sam` = list(GM29_SNP1 = list(
    All = list(Freqs = structure(c(1L, 17L, 1506L, 8L, 0L, 1L, 
    14L, 1537L, 5L, 5L, 0L, 0L, 1L, 0L, 0L, 0L, 0L, 29L, 0L, 
    0L), .Dim = 5:4, .Dimnames = structure(list(c("-2", "-1", 
    "0", "1", NA), c("A", "G", "T", NA)), .Names = c("", "")), class = "table"), 
        N = 3124L), Tag.Distribution = structure(c(`1` = 106L, 
    `2` = 57L, `3` = 47L, `4` = 60L, `5` = 38L, `6` = 22L, `7` = 24L, 
    `8` = 31L, `9` = 18L, `10` = 22L, `11` = 13L, `12` = 19L, 
    `13` = 8L, `14` = 7L, `15` = 10L, `16` = 5L, `17` = 3L, `18` = 2L, 
    `19` = 2L, `20` = 4L, `22` = 1L, `24` = 2L, `26` = 1L, `28` = 1L, 
    `30` = 2L, `33` = 1L, `37` = 1L), .Dim = 27L, .Dimnames = list(
        TagUsage = c("1", "2", "3", "4", "5", "6", "7", "8", 
        "9", "10", "11", "12", "13", "14", "15", "16", "17", 
        "18", "19", "20", "22", "24", "26", "28", "30", "33", 
        "37")), class = "table"), No.Tag = structure(c(0L, 0L, 
    60L, 1L, 0L, 0L, 2L, 74L, 0L, 2L, 0L, 0L, 0L, 0L, 0L, 0L, 
    0L, 2L, 0L, 0L), .Dim = 5:4, .Dimnames = structure(list(c("-2", 
    "-1", "0", "1", NA), c("A", "G", "T", NA)), .Names = c("", 
    "")), class = "table"), All.Tags = list(Concordant = list(
        Freqs = structure(c(0, 0, 201, 0, 0, 0, 212, 0, 0, 0, 
        0, 0), .Dim = 4:3, .Dimnames = list(c("-2", "-1", "0", 
        "1"), c("A", "G", "T"))), N = 413), Majority = list(Freqs = structure(c(0, 
    0, 245, 0, 0, 0, 248, 0, 0, 0, 0, 0), .Dim = 4:3, .Dimnames = list(
        c("-2", "-1", "0", "1"), c("A", "G", "T"))), N = 493)), 
    `2` = structure(c(0, 0, 194, 0, 0, 0, 199, 0, 0, 0, 0, 0), .Dim = 4:3, .Dimnames = list(
        c("-2", "-1", "0", "1"), c("A", "G", "T"))))))
