Results <-
list(`bwa.out//20220204//Control19_S12.sam` = list(IM16_SNP1 = list(
    All = list(Freqs = structure(c(17L, 1411L, 14L, 0L, 10L, 
    1493L, 22L, 1L, 0L, 1L, 0L, 0L, 0L, 75L, 0L, 0L), .Dim = c(4L, 
    4L), .Dimnames = structure(list(c("-1", "0", "1", NA), c("A", 
    "G", "T", NA)), .Names = c("", "")), class = "table"), N = 3044L), 
    Tag.Distribution = structure(c(`1` = 109L, `2` = 56L, `3` = 54L, 
    `4` = 37L, `5` = 30L, `6` = 25L, `7` = 24L, `8` = 20L, `9` = 16L, 
    `10` = 12L, `11` = 8L, `12` = 8L, `13` = 6L, `14` = 10L, 
    `15` = 6L, `16` = 11L, `17` = 10L, `18` = 2L, `19` = 3L, 
    `20` = 2L, `21` = 5L, `22` = 2L, `23` = 3L, `24` = 5L, `25` = 2L, 
    `26` = 1L, `28` = 1L, `30` = 1L, `35` = 1L, `37` = 1L), .Dim = 30L, .Dimnames = list(
        TagUsage = c("1", "2", "3", "4", "5", "6", "7", "8", 
        "9", "10", "11", "12", "13", "14", "15", "16", "17", 
        "18", "19", "20", "21", "22", "23", "24", "25", "26", 
        "28", "30", "35", "37")), class = "table"), No.Tag = structure(c(2L, 
    23L, 0L, 0L, 0L, 68L, 0L, 0L, 0L, 1L, 0L, 0L, 0L, 12L, 0L, 
    0L), .Dim = c(4L, 4L), .Dimnames = structure(list(c("-1", 
    "0", "1", NA), c("A", "G", "T", NA)), .Names = c("", "")), class = "table"), 
    All.Tags = list(Concordant = list(Freqs = structure(c(0, 
    196, 0, 0, 201, 0, 0, 0, 0), .Dim = c(3L, 3L), .Dimnames = list(
        c("-1", "0", "1"), c("A", "G", "T"))), N = 397), Majority = list(
        Freqs = structure(c(0, 223, 0, 0, 233, 0, 0, 0, 0), .Dim = c(3L, 
        3L), .Dimnames = list(c("-1", "0", "1"), c("A", "G", 
        "T"))), N = 456)), `2` = structure(c(0, 174, 0, 0, 183, 
    0, 0, 0, 0), .Dim = c(3L, 3L), .Dimnames = list(c("-1", "0", 
    "1"), c("A", "G", "T"))))))
