Results <-
list(`bwa.out//20220204//Control30_S23.sam` = list(LR20_SNP1 = list(
    All = list(Freqs = structure(c(6L, 3332L, 6L, 1L, 0L, 1L, 
    0L, 0L, 0L, 19L, 1L, 0L), .Dim = 4:3, .Dimnames = structure(list(
        c("-1", "0", "1", NA), c("A", "G", NA)), .Names = c("", 
    "")), class = "table"), N = 3366L), Tag.Distribution = structure(c(`1` = 119L, 
    `2` = 58L, `3` = 55L, `4` = 45L, `5` = 27L, `6` = 35L, `7` = 35L, 
    `8` = 25L, `9` = 21L, `10` = 14L, `11` = 9L, `12` = 11L, 
    `13` = 15L, `14` = 12L, `15` = 6L, `16` = 8L, `17` = 4L, 
    `18` = 3L, `19` = 5L, `20` = 4L, `21` = 5L, `22` = 3L, `23` = 4L, 
    `24` = 1L, `26` = 2L, `27` = 1L, `28` = 1L, `32` = 2L), .Dim = 28L, .Dimnames = list(
        TagUsage = c("1", "2", "3", "4", "5", "6", "7", "8", 
        "9", "10", "11", "12", "13", "14", "15", "16", "17", 
        "18", "19", "20", "21", "22", "23", "24", "26", "27", 
        "28", "32")), class = "table"), No.Tag = structure(c(0L, 
    96L, 0L, 0L, 0L, 1L, 0L, 0L, 0L, 3L, 0L, 0L), .Dim = 4:3, .Dimnames = structure(list(
        c("-1", "0", "1", NA), c("A", "G", NA)), .Names = c("", 
    "")), class = "table"), All.Tags = list(Concordant = list(
        Freqs = structure(c(0, 515, 0, 0, 0, 0), .Dim = 3:2, .Dimnames = list(
            c("-1", "0", "1"), c("A", "G"))), N = 515), Majority = list(
        Freqs = structure(c(0, 527, 0, 0, 0, 0), .Dim = 3:2, .Dimnames = list(
            c("-1", "0", "1"), c("A", "G"))), N = 527)), `2` = structure(c(0, 
    411, 0, 0, 0, 0), .Dim = 3:2, .Dimnames = list(c("-1", "0", 
    "1"), c("A", "G"))))))
