Results <-
list(`bwa.out//20220204//BlindCMMRD80_S39.sam` = list(GM07_SNP1 = list(
    All = list(Freqs = structure(c(0L, 0L, 3L, 0L, 0L, 1L, 131L, 
    3054L, 59L, 34L, 0L, 1L, 28L, 1L, 0L), .Dim = c(5L, 3L), .Dimnames = structure(list(
        c("-2", "-1", "0", "1", NA), c("A", "G", NA)), .Names = c("", 
    "")), class = "table"), N = 3312L), Tag.Distribution = structure(c(`1` = 116L, 
    `2` = 65L, `3` = 60L, `4` = 51L, `5` = 49L, `6` = 45L, `7` = 25L, 
    `8` = 26L, `9` = 19L, `10` = 16L, `11` = 15L, `12` = 9L, 
    `13` = 6L, `14` = 13L, `15` = 7L, `16` = 8L, `17` = 8L, `18` = 6L, 
    `19` = 2L, `20` = 2L, `21` = 1L, `22` = 2L, `23` = 1L, `24` = 1L, 
    `25` = 1L, `26` = 3L), .Dim = 26L, .Dimnames = list(TagUsage = c("1", 
    "2", "3", "4", "5", "6", "7", "8", "9", "10", "11", "12", 
    "13", "14", "15", "16", "17", "18", "19", "20", "21", "22", 
    "23", "24", "25", "26")), class = "table"), No.Tag = structure(c(0L, 
    0L, 0L, 0L, 0L, 0L, 2L, 130L, 3L, 7L, 0L, 0L, 7L, 1L, 0L), .Dim = c(5L, 
    3L), .Dimnames = structure(list(c("-2", "-1", "0", "1", NA
    ), c("A", "G", NA)), .Names = c("", "")), class = "table"), 
    All.Tags = list(Concordant = list(Freqs = structure(c(0, 
    0, 1, 0, 0, 6, 398, 2), .Dim = c(4L, 2L), .Dimnames = list(
        c("-2", "-1", "0", "1"), c("A", "G"))), N = 407), Majority = list(
        Freqs = structure(c(0, 0, 1, 0, 0, 6, 533, 2), .Dim = c(4L, 
        2L), .Dimnames = list(c("-2", "-1", "0", "1"), c("A", 
        "G"))), N = 542)), `2` = structure(c(0, 0, 0, 0, 0, 1, 
    429, 0), .Dim = c(4L, 2L), .Dimnames = list(c("-2", "-1", 
    "0", "1"), c("A", "G"))))))
