Results <-
list(`bwa.out//20220204//MLPA100_S14.sam` = list(GM29_SNP1 = list(
    All = list(Freqs = structure(c(0L, 4L, 0L, 0L, 54L, 3031L, 
    7L, 9L, 1L, 12L, 0L, 0L), .Dim = 4:3, .Dimnames = structure(list(
        c("-1", "0", "1", NA), c("A", "G", NA)), .Names = c("", 
    "")), class = "table"), N = 3118L), Tag.Distribution = structure(c(`1` = 163L, 
    `2` = 119L, `3` = 57L, `4` = 57L, `5` = 46L, `6` = 46L, `7` = 32L, 
    `8` = 21L, `9` = 21L, `10` = 18L, `11` = 6L, `12` = 11L, 
    `13` = 7L, `14` = 4L, `15` = 6L, `16` = 2L, `17` = 4L, `18` = 4L, 
    `19` = 2L, `20` = 5L, `21` = 3L, `22` = 2L, `23` = 1L, `29` = 1L, 
    `30` = 1L), .Dim = 25L, .Dimnames = list(TagUsage = c("1", 
    "2", "3", "4", "5", "6", "7", "8", "9", "10", "11", "12", 
    "13", "14", "15", "16", "17", "18", "19", "20", "21", "22", 
    "23", "29", "30")), class = "table"), No.Tag = structure(c(0L, 
    0L, 0L, 0L, 1L, 112L, 2L, 1L, 0L, 1L, 0L, 0L), .Dim = 4:3, .Dimnames = structure(list(
        c("-1", "0", "1", NA), c("A", "G", NA)), .Names = c("", 
    "")), class = "table"), All.Tags = list(Concordant = list(
        Freqs = structure(c(0, 4, 0, 1, 592, 1), .Dim = 3:2, .Dimnames = list(
            c("-1", "0", "1"), c("A", "G"))), N = 598), Majority = list(
        Freqs = structure(c(0, 4, 0, 1, 627, 1), .Dim = 3:2, .Dimnames = list(
            c("-1", "0", "1"), c("A", "G"))), N = 633)), `2` = structure(c(0, 
    0, 0, 1, 473, 0), .Dim = 3:2, .Dimnames = list(c("-1", "0", 
    "1"), c("A", "G"))))))
