Results <-
list(`bwa.out//20220204//BlindCMMRD61_S20.sam` = list(LR24_SNP1 = list(
    All = list(Freqs = structure(c(16L, 5378L, 13L, 3L, 0L, 8L, 
    0L, 0L, 0L, 39L, 0L, 0L), .Dim = 4:3, .Dimnames = structure(list(
        c("-1", "0", "1", NA), c("A", "G", NA)), .Names = c("", 
    "")), class = "table"), N = 5457L), Tag.Distribution = structure(c(`1` = 175L, 
    `2` = 106L, `3` = 72L, `4` = 73L, `5` = 66L, `6` = 40L, `7` = 45L, 
    `8` = 41L, `9` = 35L, `10` = 28L, `11` = 21L, `12` = 28L, 
    `13` = 17L, `14` = 13L, `15` = 12L, `16` = 13L, `17` = 8L, 
    `18` = 9L, `19` = 2L, `20` = 7L, `21` = 6L, `22` = 4L, `23` = 3L, 
    `25` = 6L, `26` = 3L, `27` = 2L, `29` = 2L, `30` = 1L, `31` = 2L, 
    `42` = 1L), .Dim = 30L, .Dimnames = list(TagUsage = c("1", 
    "2", "3", "4", "5", "6", "7", "8", "9", "10", "11", "12", 
    "13", "14", "15", "16", "17", "18", "19", "20", "21", "22", 
    "23", "25", "26", "27", "29", "30", "31", "42")), class = "table"), 
    No.Tag = structure(c(1L, 156L, 0L, 1L, 0L, 1L, 0L, 0L, 0L, 
    4L, 0L, 0L), .Dim = 4:3, .Dimnames = structure(list(c("-1", 
    "0", "1", NA), c("A", "G", NA)), .Names = c("", "")), class = "table"), 
    All.Tags = list(Concordant = list(Freqs = structure(c(0, 
    799, 0, 0, 5, 0), .Dim = 3:2, .Dimnames = list(c("-1", "0", 
    "1"), c("A", "G"))), N = 804), Majority = list(Freqs = structure(c(0, 
    823, 0, 0, 5, 0), .Dim = 3:2, .Dimnames = list(c("-1", "0", 
    "1"), c("A", "G"))), N = 828)), `2` = structure(c(0, 663, 
    0, 0, 0, 0), .Dim = 3:2, .Dimnames = list(c("-1", "0", "1"
    ), c("A", "G"))))))
