Results <-
list(`bwa.out//20220204//BlindCMMRD124_S50.sam` = list(LR20_SNP1 = list(
    All = list(Freqs = structure(c(0L, 3L, 0L, 0L, 6L, 4429L, 
    9L, 2L, 0L, 1L, 0L, 0L, 0L, 30L, 0L, 0L), .Dim = c(4L, 4L
    ), .Dimnames = structure(list(c("-1", "0", "1", NA), c("A", 
    "G", "T", NA)), .Names = c("", "")), class = "table"), N = 4480L), 
    Tag.Distribution = structure(c(`1` = 190L, `2` = 144L, `3` = 99L, 
    `4` = 73L, `5` = 55L, `6` = 46L, `7` = 52L, `8` = 26L, `9` = 22L, 
    `10` = 28L, `11` = 19L, `12` = 18L, `13` = 10L, `14` = 7L, 
    `15` = 9L, `16` = 8L, `17` = 8L, `18` = 4L, `19` = 8L, `20` = 4L, 
    `21` = 2L, `22` = 1L, `23` = 2L, `25` = 1L, `27` = 3L, `28` = 1L, 
    `29` = 1L, `37` = 1L, `39` = 1L), .Dim = 29L, .Dimnames = list(
        TagUsage = c("1", "2", "3", "4", "5", "6", "7", "8", 
        "9", "10", "11", "12", "13", "14", "15", "16", "17", 
        "18", "19", "20", "21", "22", "23", "25", "27", "28", 
        "29", "37", "39")), class = "table"), No.Tag = structure(c(0L, 
    0L, 0L, 0L, 0L, 99L, 0L, 2L, 0L, 0L, 0L, 0L, 0L, 6L, 0L, 
    0L), .Dim = c(4L, 4L), .Dimnames = structure(list(c("-1", 
    "0", "1", NA), c("A", "G", "T", NA)), .Names = c("", "")), class = "table"), 
    All.Tags = list(Concordant = list(Freqs = structure(c(0, 
    1, 0, 0, 822, 0, 0, 0, 0), .Dim = c(3L, 3L), .Dimnames = list(
        c("-1", "0", "1"), c("A", "G", "T"))), N = 823), Majority = list(
        Freqs = structure(c(0, 1, 0, 0, 836, 0, 0, 0, 0), .Dim = c(3L, 
        3L), .Dimnames = list(c("-1", "0", "1"), c("A", "G", 
        "T"))), N = 837)), `2` = structure(c(0, 0, 0, 0, 651, 
    0, 0, 0, 0), .Dim = c(3L, 3L), .Dimnames = list(c("-1", "0", 
    "1"), c("A", "G", "T"))))))
