Results <-
list(`bwa.out//20220204//BlindCMMRD127_S53.sam` = list(LR44_SNP1 = list(
    All = list(Freqs = structure(c(4L, 18L, 488L, 6812L, 84L, 
    4L, 53L, 0L, 0L, 0L, 1L, 0L, 0L, 0L, 0L, 0L, 1L, 8L, 2L, 
    0L, 0L, 0L, 1L, 3L, 69L, 1L, 0L, 0L), .Dim = c(7L, 4L), .Dimnames = structure(list(
        c("-3", "-2", "-1", "0", "1", "2", NA), c("C", "G", "T", 
        NA)), .Names = c("", "")), class = "table"), N = 7549L), 
    Tag.Distribution = structure(c(`1` = 194L, `2` = 161L, `3` = 137L, 
    `4` = 131L, `5` = 117L, `6` = 109L, `7` = 73L, `8` = 74L, 
    `9` = 59L, `10` = 38L, `11` = 39L, `12` = 35L, `13` = 22L, 
    `14` = 15L, `15` = 12L, `16` = 17L, `17` = 5L, `18` = 7L, 
    `19` = 3L, `20` = 4L, `21` = 5L, `22` = 3L, `23` = 3L, `24` = 1L, 
    `25` = 2L, `27` = 1L, `28` = 1L, `29` = 1L, `30` = 2L, `31` = 1L, 
    `32` = 1L, `37` = 1L), .Dim = 32L, .Dimnames = list(TagUsage = c("1", 
    "2", "3", "4", "5", "6", "7", "8", "9", "10", "11", "12", 
    "13", "14", "15", "16", "17", "18", "19", "20", "21", "22", 
    "23", "24", "25", "27", "28", "29", "30", "31", "32", "37"
    )), class = "table"), No.Tag = structure(c(0L, 1L, 7L, 131L, 
    0L, 1L, 0L, 0L, 0L, 0L, 0L, 0L, 0L, 0L, 0L, 0L, 0L, 0L, 0L, 
    0L, 0L, 0L, 0L, 0L, 2L, 0L, 0L, 0L), .Dim = c(7L, 4L), .Dimnames = structure(list(
        c("-3", "-2", "-1", "0", "1", "2", NA), c("C", "G", "T", 
        NA)), .Names = c("", "")), class = "table"), All.Tags = list(
        Concordant = list(Freqs = structure(c(0, 0, 18, 861, 
        2, 1, 0, 0, 0, 0, 0, 0, 0, 0, 0, 1, 1, 0), .Dim = c(6L, 
        3L), .Dimnames = list(c("-3", "-2", "-1", "0", "1", "2"
        ), c("C", "G", "T"))), N = 884), Majority = list(Freqs = structure(c(0, 
        0, 22, 1210, 3, 1, 0, 0, 0, 0, 0, 0, 0, 0, 0, 1, 1, 0
        ), .Dim = c(6L, 3L), .Dimnames = list(c("-3", "-2", "-1", 
        "0", "1", "2"), c("C", "G", "T"))), N = 1238)), `2` = structure(c(0, 
    0, 7, 1044, 2, 0, 0, 0, 0, 0, 0, 0, 0, 0, 0, 0, 0, 0), .Dim = c(6L, 
    3L), .Dimnames = list(c("-3", "-2", "-1", "0", "1", "2"), 
        c("C", "G", "T"))))))
