Results <-
list(`bwa.out//20220204//Control18_S11.sam` = list(GM01_SNP1 = list(
    All = list(Freqs = structure(c(0L, 1L, 0L, 0L, 0L, 1L, 15L, 
    0L, 0L, 0L, 42L, 3535L, 13L, 1L, 3L, 0L, 44L, 0L, 0L, 0L), .Dim = 5:4, .Dimnames = structure(list(
        c("-1", "0", "1", "2", NA), c("-", "A", "G", NA)), .Names = c("", 
    "")), class = "table"), N = 3655L), Tag.Distribution = structure(c(`1` = 114L, 
    `2` = 57L, `3` = 40L, `4` = 47L, `5` = 36L, `6` = 34L, `7` = 34L, 
    `8` = 18L, `9` = 21L, `10` = 16L, `11` = 14L, `12` = 21L, 
    `13` = 16L, `14` = 13L, `15` = 8L, `16` = 7L, `17` = 4L, 
    `18` = 5L, `19` = 7L, `20` = 5L, `21` = 3L, `22` = 3L, `23` = 5L, 
    `26` = 1L, `27` = 1L, `28` = 1L, `29` = 1L, `31` = 1L, `32` = 1L, 
    `34` = 1L, `46` = 1L), .Dim = 31L, .Dimnames = list(TagUsage = c("1", 
    "2", "3", "4", "5", "6", "7", "8", "9", "10", "11", "12", 
    "13", "14", "15", "16", "17", "18", "19", "20", "21", "22", 
    "23", "26", "27", "28", "29", "31", "32", "34", "46")), class = "table"), 
    No.Tag = structure(c(0L, 0L, 0L, 0L, 0L, 0L, 0L, 0L, 0L, 
    0L, 1L, 85L, 0L, 0L, 0L, 0L, 2L, 0L, 0L, 0L), .Dim = 5:4, .Dimnames = structure(list(
        c("-1", "0", "1", "2", NA), c("-", "A", "G", NA)), .Names = c("", 
    "")), class = "table"), All.Tags = list(Concordant = list(
        Freqs = structure(c(0, 0, 0, 0, 0, 3, 0, 0, 3, 472, 0, 
        1), .Dim = 4:3, .Dimnames = list(c("-1", "0", "1", "2"
        ), c("-", "A", "G"))), N = 479), Majority = list(Freqs = structure(c(0, 
    0, 0, 0, 0, 4, 0, 0, 3, 519, 0, 1), .Dim = 4:3, .Dimnames = list(
        c("-1", "0", "1", "2"), c("-", "A", "G"))), N = 527)), 
    `2` = structure(c(0, 0, 0, 0, 0, 1, 0, 0, 0, 420, 0, 0), .Dim = 4:3, .Dimnames = list(
        c("-1", "0", "1", "2"), c("-", "A", "G"))))))
