Results <-
list(`bwa.out//20220204//BlindCMMRD42_S2.sam` = list(LR36_SNP1 = list(
    All = list(Freqs = structure(c(0L, 0L, 5L, 0L, 1L, 0L, 0L, 
    1L, 0L, 0L, 5L, 95L, 4339L, 32L, 24L, 1L, 4L, 196L, 1L, 0L
    ), .Dim = 5:4, .Dimnames = structure(list(c("-2", "-1", "0", 
    "1", NA), c("A", "G", "T", NA)), .Names = c("", "")), class = "table"), 
        N = 4704L), Tag.Distribution = structure(c(`1` = 64L, 
    `2` = 15L, `3` = 10L, `4` = 9L, `5` = 12L, `6` = 15L, `7` = 8L, 
    `8` = 9L, `9` = 8L, `10` = 2L, `11` = 14L, `12` = 5L, `13` = 9L, 
    `14` = 9L, `15` = 8L, `16` = 9L, `17` = 4L, `18` = 7L, `19` = 8L, 
    `20` = 9L, `21` = 5L, `22` = 5L, `23` = 2L, `24` = 3L, `25` = 2L, 
    `26` = 2L, `27` = 4L, `28` = 5L, `29` = 2L, `30` = 3L, `31` = 2L, 
    `32` = 4L, `33` = 1L, `35` = 6L, `36` = 2L, `37` = 3L, `38` = 4L, 
    `39` = 1L, `40` = 1L, `41` = 5L, `42` = 1L, `43` = 1L, `44` = 2L, 
    `46` = 1L, `47` = 2L, `48` = 1L, `52` = 3L, `53` = 1L, `54` = 1L, 
    `60` = 1L, `61` = 1L, `74` = 1L, `75` = 1L), .Dim = 53L, .Dimnames = list(
        TagUsage = c("1", "2", "3", "4", "5", "6", "7", "8", 
        "9", "10", "11", "12", "13", "14", "15", "16", "17", 
        "18", "19", "20", "21", "22", "23", "24", "25", "26", 
        "27", "28", "29", "30", "31", "32", "33", "35", "36", 
        "37", "38", "39", "40", "41", "42", "43", "44", "46", 
        "47", "48", "52", "53", "54", "60", "61", "74", "75")), class = "table"), 
    No.Tag = structure(c(0L, 0L, 0L, 0L, 0L, 0L, 0L, 0L, 0L, 
    0L, 0L, 0L, 128L, 1L, 2L, 0L, 0L, 19L, 0L, 0L), .Dim = 5:4, .Dimnames = structure(list(
        c("-2", "-1", "0", "1", NA), c("A", "G", "T", NA)), .Names = c("", 
    "")), class = "table"), All.Tags = list(Concordant = list(
        Freqs = structure(c(0, 0, 2, 0, 0, 0, 1, 0, 0, 0, 210, 
        1), .Dim = 4:3, .Dimnames = list(c("-2", "-1", "0", "1"
        ), c("A", "G", "T"))), N = 214), Majority = list(Freqs = structure(c(0, 
    0, 2, 0, 0, 0, 1, 0, 0, 0, 302, 1), .Dim = 4:3, .Dimnames = list(
        c("-2", "-1", "0", "1"), c("A", "G", "T"))), N = 306)), 
    `2` = structure(c(0, 0, 0, 0, 0, 0, 0, 0, 0, 0, 248, 0), .Dim = 4:3, .Dimnames = list(
        c("-2", "-1", "0", "1"), c("A", "G", "T"))))))
