Results <-
list(`bwa.out//20220204//BlindCMMRD48_S8.sam` = list(LR48_SNP1 = list(
    All = list(Freqs = structure(c(1L, 43L, 2028L, 21L, 1L, 12L, 
    0L, 29L, 1498L, 22L, 0L, 8L, 0L, 1L, 62L, 0L, 0L, 0L), .Dim = c(6L, 
    3L), .Dimnames = structure(list(c("-2", "-1", "0", "1", "2", 
    NA), c("C", "T", NA)), .Names = c("", "")), class = "table"), 
        N = 3726L), Tag.Distribution = structure(c(`1` = 54L, 
    `2` = 10L, `3` = 8L, `4` = 6L, `5` = 10L, `6` = 3L, `7` = 6L, 
    `8` = 5L, `9` = 11L, `10` = 10L, `11` = 6L, `12` = 6L, `13` = 3L, 
    `14` = 7L, `15` = 3L, `16` = 6L, `17` = 6L, `18` = 7L, `19` = 5L, 
    `20` = 1L, `21` = 2L, `22` = 5L, `23` = 3L, `24` = 4L, `25` = 2L, 
    `26` = 1L, `27` = 7L, `28` = 2L, `29` = 2L, `31` = 1L, `32` = 4L, 
    `33` = 4L, `34` = 1L, `35` = 2L, `36` = 1L, `38` = 2L, `39` = 2L, 
    `40` = 1L, `41` = 5L, `42` = 1L, `44` = 1L, `45` = 1L, `47` = 1L, 
    `48` = 1L, `49` = 2L, `50` = 1L, `53` = 1L, `58` = 3L, `59` = 1L, 
    `60` = 2L, `77` = 1L, `78` = 1L), .Dim = 52L, .Dimnames = list(
        TagUsage = c("1", "2", "3", "4", "5", "6", "7", "8", 
        "9", "10", "11", "12", "13", "14", "15", "16", "17", 
        "18", "19", "20", "21", "22", "23", "24", "25", "26", 
        "27", "28", "29", "31", "32", "33", "34", "35", "36", 
        "38", "39", "40", "41", "42", "44", "45", "47", "48", 
        "49", "50", "53", "58", "59", "60", "77", "78")), class = "table"), 
    No.Tag = structure(c(0L, 0L, 27L, 3L, 0L, 0L, 0L, 0L, 4L, 
    0L, 0L, 0L, 0L, 0L, 1L, 0L, 0L, 0L), .Dim = c(6L, 3L), .Dimnames = structure(list(
        c("-2", "-1", "0", "1", "2", NA), c("C", "T", NA)), .Names = c("", 
    "")), class = "table"), All.Tags = list(Concordant = list(
        Freqs = structure(c(0, 1, 93, 0, 0, 0, 0, 65, 1, 0), .Dim = c(5L, 
        2L), .Dimnames = list(c("-2", "-1", "0", "1", "2"), c("C", 
        "T"))), N = 160), Majority = list(Freqs = structure(c(0, 
    1, 132, 0, 0, 0, 0, 101, 1, 0), .Dim = c(5L, 2L), .Dimnames = list(
        c("-2", "-1", "0", "1", "2"), c("C", "T"))), N = 235)), 
    `2` = structure(c(0, 1, 104, 0, 0, 0, 0, 81, 0, 0), .Dim = c(5L, 
    2L), .Dimnames = list(c("-2", "-1", "0", "1", "2"), c("C", 
    "T"))))))
