Results <-
list(`bwa.out//20220204//17D0989_S8.sam` = list(LR11_SNP1 = list(
    All = list(Freqs = structure(c(0L, 0L, 2L, 0L, 0L, 1L, 64L, 
    3600L, 20L, 16L, 0L, 1L, 36L, 2L, 0L), .Dim = c(5L, 3L), .Dimnames = structure(list(
        c("-2", "-1", "0", "1", NA), c("A", "C", NA)), .Names = c("", 
    "")), class = "table"), N = 3742L), Tag.Distribution = structure(c(`1` = 126L, 
    `2` = 76L, `3` = 65L, `4` = 43L, `5` = 39L, `6` = 30L, `7` = 24L, 
    `8` = 25L, `9` = 20L, `10` = 17L, `11` = 11L, `12` = 15L, 
    `13` = 11L, `14` = 7L, `15` = 7L, `16` = 11L, `17` = 7L, 
    `18` = 7L, `19` = 5L, `20` = 7L, `21` = 1L, `22` = 3L, `23` = 2L, 
    `24` = 1L, `25` = 4L, `26` = 3L, `27` = 1L, `28` = 4L, `29` = 2L, 
    `31` = 1L, `34` = 1L, `37` = 1L, `42` = 1L), .Dim = 33L, .Dimnames = list(
        TagUsage = c("1", "2", "3", "4", "5", "6", "7", "8", 
        "9", "10", "11", "12", "13", "14", "15", "16", "17", 
        "18", "19", "20", "21", "22", "23", "24", "25", "26", 
        "27", "28", "29", "31", "34", "37", "42")), class = "table"), 
    No.Tag = structure(c(0L, 0L, 0L, 0L, 0L, 0L, 1L, 21L, 0L, 
    2L, 0L, 0L, 1L, 0L, 0L), .Dim = c(5L, 3L), .Dimnames = structure(list(
        c("-2", "-1", "0", "1", NA), c("A", "C", NA)), .Names = c("", 
    "")), class = "table"), All.Tags = list(Concordant = list(
        Freqs = structure(c(0, 0, 2, 0, 0, 4, 499, 1), .Dim = c(4L, 
        2L), .Dimnames = list(c("-2", "-1", "0", "1"), c("A", 
        "C"))), N = 506), Majority = list(Freqs = structure(c(0, 
    0, 2, 0, 0, 5, 562, 1), .Dim = c(4L, 2L), .Dimnames = list(
        c("-2", "-1", "0", "1"), c("A", "C"))), N = 570)), `2` = structure(c(0, 
    0, 0, 0, 0, 1, 448, 0), .Dim = c(4L, 2L), .Dimnames = list(
        c("-2", "-1", "0", "1"), c("A", "C"))))))
