Results <-
list(`bwa.out//20220204//Control19_S12.sam` = list(LR52_SNP1 = list(
    All = list(Freqs = structure(c(22L, 311L, 2153L, 19L, 10L, 
    0L, 0L, 1L, 0L, 0L, 0L, 1L, 108L, 0L, 0L), .Dim = c(5L, 3L
    ), .Dimnames = structure(list(c("-2", "-1", "0", "1", NA), 
        c("C", "T", NA)), .Names = c("", "")), class = "table"), 
        N = 2625L), Tag.Distribution = structure(c(`1` = 87L, 
    `2` = 37L, `3` = 35L, `4` = 26L, `5` = 28L, `6` = 25L, `7` = 15L, 
    `8` = 13L, `9` = 13L, `10` = 9L, `11` = 9L, `12` = 10L, `13` = 7L, 
    `14` = 7L, `15` = 4L, `16` = 11L, `17` = 4L, `18` = 5L, `19` = 4L, 
    `20` = 3L, `21` = 2L, `22` = 5L, `23` = 5L, `24` = 2L, `25` = 3L, 
    `26` = 1L, `27` = 1L, `36` = 1L), .Dim = 28L, .Dimnames = list(
        TagUsage = c("1", "2", "3", "4", "5", "6", "7", "8", 
        "9", "10", "11", "12", "13", "14", "15", "16", "17", 
        "18", "19", "20", "21", "22", "23", "24", "25", "26", 
        "27", "36")), class = "table"), No.Tag = structure(c(0L, 
    16L, 97L, 0L, 0L, 0L, 0L, 1L, 0L, 0L, 0L, 0L, 18L, 0L, 0L
    ), .Dim = c(5L, 3L), .Dimnames = structure(list(c("-2", "-1", 
    "0", "1", NA), c("C", "T", NA)), .Names = c("", "")), class = "table"), 
    All.Tags = list(Concordant = list(Freqs = structure(c(0, 
    14, 198, 2, 0, 0, 0, 0), .Dim = c(4L, 2L), .Dimnames = list(
        c("-2", "-1", "0", "1"), c("C", "T"))), N = 214), Majority = list(
        Freqs = structure(c(0, 19, 334, 2, 0, 0, 0, 0), .Dim = c(4L, 
        2L), .Dimnames = list(c("-2", "-1", "0", "1"), c("C", 
        "T"))), N = 355)), `2` = structure(c(0, 9, 266, 1, 0, 
    0, 0, 0), .Dim = c(4L, 2L), .Dimnames = list(c("-2", "-1", 
    "0", "1"), c("C", "T"))))))
