Results <-
list(`bwa.out//20220204//17D0939_S6.sam` = list(LR20_SNP1 = list(
    All = list(Freqs = structure(c(4L, 1692L, 4L, 1L, 1L, 1789L, 
    4L, 0L, 1L, 31L, 1L, 0L), .Dim = 4:3, .Dimnames = structure(list(
        c("-1", "0", "1", NA), c("A", "G", NA)), .Names = c("", 
    "")), class = "table"), N = 3528L), Tag.Distribution = structure(c(`1` = 114L, 
    `2` = 48L, `3` = 41L, `4` = 29L, `5` = 26L, `6` = 17L, `7` = 25L, 
    `8` = 21L, `9` = 5L, `10` = 15L, `11` = 11L, `12` = 11L, 
    `13` = 5L, `14` = 10L, `15` = 8L, `16` = 11L, `17` = 5L, 
    `18` = 7L, `19` = 7L, `20` = 3L, `21` = 4L, `22` = 2L, `23` = 3L, 
    `24` = 2L, `25` = 1L, `26` = 2L, `27` = 1L, `28` = 2L, `29` = 1L, 
    `30` = 1L, `31` = 1L, `32` = 2L, `34` = 1L, `36` = 1L, `38` = 1L, 
    `43` = 1L, `45` = 1L, `49` = 1L, `61` = 1L, `65` = 1L, `68` = 1L, 
    `69` = 1L), .Dim = 42L, .Dimnames = list(TagUsage = c("1", 
    "2", "3", "4", "5", "6", "7", "8", "9", "10", "11", "12", 
    "13", "14", "15", "16", "17", "18", "19", "20", "21", "22", 
    "23", "24", "25", "26", "27", "28", "29", "30", "31", "32", 
    "34", "36", "38", "43", "45", "49", "61", "65", "68", "69"
    )), class = "table"), No.Tag = structure(c(0L, 46L, 0L, 0L, 
    0L, 33L, 0L, 0L, 0L, 5L, 0L, 0L), .Dim = 4:3, .Dimnames = structure(list(
        c("-1", "0", "1", NA), c("A", "G", NA)), .Names = c("", 
    "")), class = "table"), All.Tags = list(Concordant = list(
        Freqs = structure(c(0, 210, 0, 0, 201, 0), .Dim = 3:2, .Dimnames = list(
            c("-1", "0", "1"), c("A", "G"))), N = 411), Majority = list(
        Freqs = structure(c(0, 226, 0, 0, 216, 0), .Dim = 3:2, .Dimnames = list(
            c("-1", "0", "1"), c("A", "G"))), N = 442)), `2` = structure(c(0, 
    172, 0, 0, 162, 0), .Dim = 3:2, .Dimnames = list(c("-1", 
    "0", "1"), c("A", "G"))))))
