Results <-
list(`bwa.out//20220204//BlindCMMRD114_S40.sam` = list(GM29_SNP1 = list(
    All = list(Freqs = structure(c(41L, 2390L, 6L, 6L, 30L, 2422L, 
    4L, 8L, 0L, 16L, 0L, 0L), .Dim = 4:3, .Dimnames = structure(list(
        c("-1", "0", "1", NA), c("A", "G", NA)), .Names = c("", 
    "")), class = "table"), N = 4923L), Tag.Distribution = structure(c(`1` = 91L, 
    `2` = 68L, `3` = 69L, `4` = 64L, `5` = 63L, `6` = 65L, `7` = 44L, 
    `8` = 42L, `9` = 27L, `10` = 24L, `11` = 16L, `12` = 20L, 
    `13` = 22L, `14` = 11L, `15` = 11L, `16` = 5L, `17` = 6L, 
    `18` = 4L, `19` = 5L, `20` = 8L, `21` = 2L, `22` = 1L, `23` = 4L, 
    `24` = 1L, `25` = 1L, `27` = 3L, `28` = 2L, `32` = 1L, `33` = 1L, 
    `34` = 2L, `35` = 3L, `37` = 1L, `39` = 1L, `48` = 1L), .Dim = 34L, .Dimnames = list(
        TagUsage = c("1", "2", "3", "4", "5", "6", "7", "8", 
        "9", "10", "11", "12", "13", "14", "15", "16", "17", 
        "18", "19", "20", "21", "22", "23", "24", "25", "27", 
        "28", "32", "33", "34", "35", "37", "39", "48")), class = "table"), 
    No.Tag = structure(c(0L, 76L, 0L, 0L, 3L, 86L, 0L, 0L, 0L, 
    2L, 0L, 0L), .Dim = 4:3, .Dimnames = structure(list(c("-1", 
    "0", "1", NA), c("A", "G", NA)), .Names = c("", "")), class = "table"), 
    All.Tags = list(Concordant = list(Freqs = structure(c(4, 
    284, 0, 1, 252, 0), .Dim = 3:2, .Dimnames = list(c("-1", 
    "0", "1"), c("A", "G"))), N = 541), Majority = list(Freqs = structure(c(4, 
    349, 0, 1, 322, 0), .Dim = 3:2, .Dimnames = list(c("-1", 
    "0", "1"), c("A", "G"))), N = 676)), `2` = structure(c(2, 
    298, 0, 0, 288, 0), .Dim = 3:2, .Dimnames = list(c("-1", 
    "0", "1"), c("A", "G"))))))
