Results <-
list(`bwa.out//20220204//BlindCMMRD56_S15.sam` = list(IM49_SNP1 = list(
    All = list(Freqs = structure(c(2L, 87L, 1760L, 37L, 1L, 23L, 
    0L, 47L, 1299L, 32L, 0L, 13L, 0L, 3L, 211L, 4L, 0L, 0L), .Dim = c(6L, 
    3L), .Dimnames = structure(list(c("-2", "-1", "0", "1", "2", 
    NA), c("C", "G", NA)), .Names = c("", "")), class = "table"), 
        N = 3519L), Tag.Distribution = structure(c(`1` = 194L, 
    `2` = 62L, `3` = 53L, `4` = 41L, `5` = 42L, `6` = 23L, `7` = 44L, 
    `8` = 17L, `9` = 24L, `10` = 10L, `11` = 13L, `12` = 10L, 
    `13` = 7L, `14` = 9L, `15` = 14L, `16` = 10L, `17` = 9L, 
    `18` = 4L, `19` = 3L, `20` = 3L, `21` = 4L, `22` = 1L, `23` = 2L, 
    `24` = 1L, `25` = 1L, `26` = 1L, `27` = 1L, `28` = 2L, `29` = 1L, 
    `30` = 1L, `32` = 2L, `33` = 1L, `39` = 1L), .Dim = 33L, .Dimnames = list(
        TagUsage = c("1", "2", "3", "4", "5", "6", "7", "8", 
        "9", "10", "11", "12", "13", "14", "15", "16", "17", 
        "18", "19", "20", "21", "22", "23", "24", "25", "26", 
        "27", "28", "29", "30", "32", "33", "39")), class = "table"), 
    No.Tag = structure(c(0L, 0L, 45L, 0L, 0L, 2L, 0L, 0L, 21L, 
    0L, 0L, 0L, 0L, 0L, 5L, 0L, 0L, 0L), .Dim = c(6L, 3L), .Dimnames = structure(list(
        c("-2", "-1", "0", "1", "2", NA), c("C", "G", NA)), .Names = c("", 
    "")), class = "table"), All.Tags = list(Concordant = list(
        Freqs = structure(c(0, 6, 225, 2, 0, 0, 6, 189, 3, 0), .Dim = c(5L, 
        2L), .Dimnames = list(c("-2", "-1", "0", "1", "2"), c("C", 
        "G"))), N = 431), Majority = list(Freqs = structure(c(0, 
    7, 294, 2, 0, 0, 6, 233, 4, 0), .Dim = c(5L, 2L), .Dimnames = list(
        c("-2", "-1", "0", "1", "2"), c("C", "G"))), N = 546)), 
    `2` = structure(c(0, 4, 214, 0, 0, 0, 4, 182, 2, 0), .Dim = c(5L, 
    2L), .Dimnames = list(c("-2", "-1", "0", "1", "2"), c("C", 
    "G"))))))
