Results <-
list(`bwa.out//20220204//BlindCMMRD87_S46.sam` = list(IM16_SNP1 = list(
    All = list(Freqs = structure(c(38L, 2736L, 44L, 1L, 41L, 
    2667L, 46L, 4L, 0L, 2L, 0L, 0L, 0L, 58L, 7L, 0L), .Dim = c(4L, 
    4L), .Dimnames = structure(list(c("-1", "0", "1", NA), c("A", 
    "G", "T", NA)), .Names = c("", "")), class = "table"), N = 5644L), 
    Tag.Distribution = structure(c(`1` = 82L, `2` = 30L, `3` = 23L, 
    `4` = 20L, `5` = 27L, `6` = 15L, `7` = 15L, `8` = 8L, `9` = 12L, 
    `10` = 13L, `11` = 11L, `12` = 8L, `13` = 10L, `14` = 13L, 
    `15` = 6L, `16` = 5L, `17` = 8L, `18` = 14L, `19` = 11L, 
    `20` = 6L, `21` = 5L, `22` = 7L, `23` = 9L, `24` = 6L, `25` = 6L, 
    `26` = 8L, `27` = 3L, `28` = 1L, `29` = 3L, `30` = 5L, `31` = 5L, 
    `32` = 3L, `33` = 5L, `34` = 1L, `35` = 2L, `37` = 3L, `38` = 2L, 
    `40` = 1L, `41` = 1L, `42` = 2L, `43` = 1L, `45` = 2L, `46` = 2L, 
    `47` = 1L, `48` = 3L, `49` = 1L, `50` = 1L, `52` = 1L, `54` = 1L, 
    `55` = 1L, `56` = 1L, `59` = 2L, `72` = 1L, `77` = 1L), .Dim = 54L, .Dimnames = list(
        TagUsage = c("1", "2", "3", "4", "5", "6", "7", "8", 
        "9", "10", "11", "12", "13", "14", "15", "16", "17", 
        "18", "19", "20", "21", "22", "23", "24", "25", "26", 
        "27", "28", "29", "30", "31", "32", "33", "34", "35", 
        "37", "38", "40", "41", "42", "43", "45", "46", "47", 
        "48", "49", "50", "52", "54", "55", "56", "59", "72", 
        "77")), class = "table"), No.Tag = structure(c(0L, 54L, 
    1L, 0L, 1L, 46L, 1L, 0L, 0L, 0L, 0L, 0L, 0L, 15L, 2L, 0L), .Dim = c(4L, 
    4L), .Dimnames = structure(list(c("-1", "0", "1", NA), c("A", 
    "G", "T", NA)), .Names = c("", "")), class = "table"), All.Tags = list(
        Concordant = list(Freqs = structure(c(2, 153, 0, 2, 163, 
        1, 0, 0, 0), .Dim = c(3L, 3L), .Dimnames = list(c("-1", 
        "0", "1"), c("A", "G", "T"))), N = 321), Majority = list(
            Freqs = structure(c(2, 208, 0, 2, 213, 1, 0, 0, 0
            ), .Dim = c(3L, 3L), .Dimnames = list(c("-1", "0", 
            "1"), c("A", "G", "T"))), N = 426)), `2` = structure(c(1, 
    171, 0, 1, 177, 1, 0, 0, 0), .Dim = c(3L, 3L), .Dimnames = list(
        c("-1", "0", "1"), c("A", "G", "T"))))))
