Results <-
list(`bwa.out//20220204//BlindCMMRD133_S59.sam` = list(GM01_SNP1 = list(
    All = list(Freqs = structure(c(1L, 94L, 7108L, 27L, 1L, 29L, 
    0L, 0L, 3L, 0L, 0L, 0L, 0L, 2L, 56L, 3L, 0L, 0L), .Dim = c(6L, 
    3L), .Dimnames = structure(list(c("-2", "-1", "0", "1", "2", 
    NA), c("A", "G", NA)), .Names = c("", "")), class = "table"), 
        N = 7324L), Tag.Distribution = structure(c(`1` = 265L, 
    `2` = 215L, `3` = 233L, `4` = 180L, `5` = 162L, `6` = 122L, 
    `7` = 88L, `8` = 82L, `9` = 37L, `10` = 44L, `11` = 39L, 
    `12` = 23L, `13` = 13L, `14` = 9L, `15` = 5L, `16` = 5L, 
    `17` = 5L, `18` = 2L, `19` = 3L, `20` = 2L, `22` = 1L, `24` = 1L, 
    `25` = 1L, `26` = 1L, `35` = 1L), .Dim = 25L, .Dimnames = list(
        TagUsage = c("1", "2", "3", "4", "5", "6", "7", "8", 
        "9", "10", "11", "12", "13", "14", "15", "16", "17", 
        "18", "19", "20", "22", "24", "25", "26", "35")), class = "table"), 
    No.Tag = structure(c(0L, 1L, 113L, 0L, 0L, 1L, 0L, 0L, 0L, 
    0L, 0L, 0L, 0L, 0L, 3L, 0L, 0L, 0L), .Dim = c(6L, 3L), .Dimnames = structure(list(
        c("-2", "-1", "0", "1", "2", NA), c("A", "G", NA)), .Names = c("", 
    "")), class = "table"), All.Tags = list(Concordant = list(
        Freqs = structure(c(0, 3, 1411, 0, 0, 0, 0, 2, 0, 0), .Dim = c(5L, 
        2L), .Dimnames = list(c("-2", "-1", "0", "1", "2"), c("A", 
        "G"))), N = 1416), Majority = list(Freqs = structure(c(0, 
    3, 1518, 0, 0, 0, 0, 2, 0, 0), .Dim = c(5L, 2L), .Dimnames = list(
        c("-2", "-1", "0", "1", "2"), c("A", "G"))), N = 1523)), 
    `2` = structure(c(0, 0, 1264, 0, 0, 0, 0, 0, 0, 0), .Dim = c(5L, 
    2L), .Dimnames = list(c("-2", "-1", "0", "1", "2"), c("A", 
    "G"))))))
