Results <-
list(`bwa.out//20220204//17D1097_S1.sam` = list(GM29_SNP1 = list(
    All = list(Freqs = structure(c(69L, 3543L, 8L, 7L, 0L, 1L, 
    0L, 0L, 1L, 19L, 1L, 0L), .Dim = 4:3, .Dimnames = structure(list(
        c("-1", "0", "1", NA), c("A", "G", NA)), .Names = c("", 
    "")), class = "table"), N = 3649L), Tag.Distribution = structure(c(`1` = 198L, 
    `2` = 116L, `3` = 94L, `4` = 66L, `5` = 58L, `6` = 60L, `7` = 38L, 
    `8` = 26L, `9` = 24L, `10` = 22L, `11` = 12L, `12` = 11L, 
    `13` = 12L, `14` = 4L, `15` = 10L, `16` = 6L, `17` = 5L, 
    `18` = 1L, `19` = 1L, `21` = 1L, `24` = 1L, `25` = 3L, `27` = 1L, 
    `35` = 1L), .Dim = 24L, .Dimnames = list(TagUsage = c("1", 
    "2", "3", "4", "5", "6", "7", "8", "9", "10", "11", "12", 
    "13", "14", "15", "16", "17", "18", "19", "21", "24", "25", 
    "27", "35")), class = "table"), No.Tag = structure(c(0L, 
    86L, 0L, 0L, 0L, 0L, 0L, 0L, 0L, 1L, 0L, 0L), .Dim = 4:3, .Dimnames = structure(list(
        c("-1", "0", "1", NA), c("A", "G", NA)), .Names = c("", 
    "")), class = "table"), All.Tags = list(Concordant = list(
        Freqs = structure(c(3, 713, 1, 0, 0, 0), .Dim = 3:2, .Dimnames = list(
            c("-1", "0", "1"), c("A", "G"))), N = 717), Majority = list(
        Freqs = structure(c(5, 757, 1, 0, 0, 0), .Dim = 3:2, .Dimnames = list(
            c("-1", "0", "1"), c("A", "G"))), N = 763)), `2` = structure(c(5, 
    564, 0, 0, 0, 0), .Dim = 3:2, .Dimnames = list(c("-1", "0", 
    "1"), c("A", "G"))))))
