Results <-
list(`bwa.out//20220204//BlindCMMRD133_S59.sam` = list(LR24_SNP1 = list(
    All = list(Freqs = structure(c(0L, 1L, 0L, 0L, 0L, 12L, 0L, 
    0L, 0L, 1L, 0L, 0L, 27L, 5530L, 10L, 11L, 1L, 17L, 0L, 0L
    ), .Dim = 4:5, .Dimnames = structure(list(c("-1", "0", "1", 
    NA), c("-", "A", "C", "G", NA)), .Names = c("", "")), class = "table"), 
        N = 5610L), Tag.Distribution = structure(c(`1` = 513L, 
    `2` = 372L, `3` = 255L, `4` = 183L, `5` = 133L, `6` = 65L, 
    `7` = 61L, `8` = 41L, `9` = 33L, `10` = 27L, `11` = 13L, 
    `12` = 4L, `13` = 2L, `14` = 3L, `16` = 3L, `17` = 1L, `18` = 1L, 
    `19` = 1L, `25` = 1L), .Dim = 19L, .Dimnames = list(TagUsage = c("1", 
    "2", "3", "4", "5", "6", "7", "8", "9", "10", "11", "12", 
    "13", "14", "16", "17", "18", "19", "25")), class = "table"), 
    No.Tag = structure(c(0L, 0L, 0L, 0L, 0L, 0L, 0L, 0L, 0L, 
    0L, 0L, 0L, 0L, 90L, 0L, 1L, 0L, 2L, 0L, 0L), .Dim = 4:5, .Dimnames = structure(list(
        c("-1", "0", "1", NA), c("-", "A", "C", "G", NA)), .Names = c("", 
    "")), class = "table"), All.Tags = list(Concordant = list(
        Freqs = structure(c(0, 0, 0, 0, 2, 0, 0, 0, 0, 2, 1664, 
        1), .Dim = 3:4, .Dimnames = list(c("-1", "0", "1"), c("-", 
        "A", "C", "G"))), N = 1669), Majority = list(Freqs = structure(c(0, 
    0, 0, 0, 2, 0, 0, 0, 0, 3, 1698, 1), .Dim = 3:4, .Dimnames = list(
        c("-1", "0", "1"), c("-", "A", "C", "G"))), N = 1704)), 
    `2` = structure(c(0, 0, 0, 0, 2, 0, 0, 0, 0, 1, 1190, 0), .Dim = 3:4, .Dimnames = list(
        c("-1", "0", "1"), c("-", "A", "C", "G"))))))
