Results <-
list(`bwa.out//20220204//BlindCMMRD64_S23.sam` = list(LR44_SNP1 = list(
    All = list(Freqs = structure(c(0L, 0L, 0L, 1L, 0L, 0L, 0L, 
    0L, 4L, 171L, 2640L, 23L, 2L, 6L, 1L, 7L, 205L, 2408L, 46L, 
    1L, 11L, 0L, 0L, 4L, 104L, 3L, 0L, 0L), .Dim = c(7L, 4L), .Dimnames = structure(list(
        c("-3", "-2", "-1", "0", "1", "2", NA), c("A", "C", "T", 
        NA)), .Names = c("", "")), class = "table"), N = 5637L), 
    Tag.Distribution = structure(c(`1` = 140L, `2` = 86L, `3` = 75L, 
    `4` = 62L, `5` = 46L, `6` = 42L, `7` = 39L, `8` = 39L, `9` = 31L, 
    `10` = 20L, `11` = 22L, `12` = 20L, `13` = 12L, `14` = 17L, 
    `15` = 20L, `16` = 12L, `17` = 15L, `18` = 13L, `19` = 12L, 
    `20` = 12L, `21` = 6L, `22` = 5L, `23` = 5L, `24` = 1L, `25` = 1L, 
    `26` = 2L, `27` = 2L, `28` = 1L, `29` = 4L, `30` = 2L, `33` = 4L
    ), .Dim = 31L, .Dimnames = list(TagUsage = c("1", "2", "3", 
    "4", "5", "6", "7", "8", "9", "10", "11", "12", "13", "14", 
    "15", "16", "17", "18", "19", "20", "21", "22", "23", "24", 
    "25", "26", "27", "28", "29", "30", "33")), class = "table"), 
    No.Tag = structure(c(0L, 0L, 0L, 0L, 0L, 0L, 0L, 0L, 0L, 
    3L, 40L, 1L, 0L, 0L, 0L, 1L, 4L, 86L, 0L, 0L, 1L, 0L, 0L, 
    0L, 3L, 0L, 0L, 0L), .Dim = c(7L, 4L), .Dimnames = structure(list(
        c("-3", "-2", "-1", "0", "1", "2", NA), c("A", "C", "T", 
        NA)), .Names = c("", "")), class = "table"), All.Tags = list(
        Concordant = list(Freqs = structure(c(0, 0, 0, 0, 0, 
        0, 0, 0, 7, 262, 1, 0, 0, 0, 6, 223, 1, 0), .Dim = c(6L, 
        3L), .Dimnames = list(c("-3", "-2", "-1", "0", "1", "2"
        ), c("A", "C", "T"))), N = 500), Majority = list(Freqs = structure(c(0, 
        0, 0, 0, 0, 0, 0, 0, 8, 376, 1, 0, 0, 0, 9, 340, 2, 0
        ), .Dim = c(6L, 3L), .Dimnames = list(c("-3", "-2", "-1", 
        "0", "1", "2"), c("A", "C", "T"))), N = 736)), `2` = structure(c(0, 
    0, 0, 0, 0, 0, 0, 0, 3, 313, 0, 0, 0, 0, 5, 283, 1, 0), .Dim = c(6L, 
    3L), .Dimnames = list(c("-3", "-2", "-1", "0", "1", "2"), 
        c("A", "C", "T"))))))
