Results <-
list(`bwa.out//20220204//BlindCMMRD46_S6.sam` = list(IM49_SNP1 = list(
    All = list(Freqs = structure(c(0L, 8L, 4L, 0L, 0L, 1L, 137L, 
    3239L, 53L, 32L, 0L, 0L, 3L, 0L, 0L, 0L, 1L, 156L, 6L, 0L
    ), .Dim = 5:4, .Dimnames = structure(list(c("-2", "-1", "0", 
    "1", NA), c("A", "C", "G", NA)), .Names = c("", "")), class = "table"), 
        N = 3640L), Tag.Distribution = structure(c(`1` = 151L, 
    `2` = 31L, `3` = 16L, `4` = 15L, `5` = 18L, `6` = 16L, `7` = 14L, 
    `8` = 10L, `9` = 13L, `10` = 12L, `11` = 6L, `12` = 15L, 
    `13` = 14L, `14` = 8L, `15` = 14L, `16` = 6L, `17` = 4L, 
    `18` = 11L, `19` = 4L, `20` = 4L, `21` = 1L, `22` = 3L, `23` = 1L, 
    `24` = 2L, `25` = 5L, `26` = 2L, `27` = 5L, `28` = 1L, `29` = 1L, 
    `30` = 1L, `31` = 3L, `32` = 1L, `33` = 1L, `34` = 1L, `35` = 4L, 
    `36` = 5L, `37` = 2L, `38` = 2L, `42` = 1L, `46` = 1L, `51` = 1L
    ), .Dim = 41L, .Dimnames = list(TagUsage = c("1", "2", "3", 
    "4", "5", "6", "7", "8", "9", "10", "11", "12", "13", "14", 
    "15", "16", "17", "18", "19", "20", "21", "22", "23", "24", 
    "25", "26", "27", "28", "29", "30", "31", "32", "33", "34", 
    "35", "36", "37", "38", "42", "46", "51")), class = "table"), 
    No.Tag = structure(c(0L, 0L, 0L, 0L, 0L, 0L, 4L, 80L, 1L, 
    1L, 0L, 0L, 0L, 0L, 0L, 0L, 0L, 5L, 1L, 0L), .Dim = 5:4, .Dimnames = structure(list(
        c("-2", "-1", "0", "1", NA), c("A", "C", "G", NA)), .Names = c("", 
    "")), class = "table"), All.Tags = list(Concordant = list(
        Freqs = structure(c(0, 0, 0, 0, 0, 8, 278, 0, 0, 0, 3, 
        0), .Dim = 4:3, .Dimnames = list(c("-2", "-1", "0", "1"
        ), c("A", "C", "G"))), N = 289), Majority = list(Freqs = structure(c(0, 
    1, 0, 0, 0, 9, 371, 1, 0, 0, 3, 0), .Dim = 4:3, .Dimnames = list(
        c("-2", "-1", "0", "1"), c("A", "C", "G"))), N = 385)), 
    `2` = structure(c(0, 1, 0, 0, 0, 3, 268, 1, 0, 0, 0, 0), .Dim = 4:3, .Dimnames = list(
        c("-2", "-1", "0", "1"), c("A", "C", "G"))))))
