Results <-
list(`bwa.out//20220204//BlindCMMRD73_S32.sam` = list(LR40_SNP1 = list(
    All = list(Freqs = structure(c(66L, 4935L, 11L, 8L, 0L, 9L, 
    0L, 0L, 0L, 2L, 0L, 0L, 2L, 21L, 0L, 0L), .Dim = c(4L, 4L
    ), .Dimnames = structure(list(c("-1", "0", "1", NA), c("A", 
    "C", "T", NA)), .Names = c("", "")), class = "table"), N = 5054L), 
    Tag.Distribution = structure(c(`1` = 103L, `2` = 69L, `3` = 59L, 
    `4` = 42L, `5` = 51L, `6` = 42L, `7` = 39L, `8` = 54L, `9` = 22L, 
    `10` = 26L, `11` = 22L, `12` = 20L, `13` = 14L, `14` = 11L, 
    `15` = 15L, `16` = 10L, `17` = 7L, `18` = 8L, `19` = 8L, 
    `20` = 7L, `21` = 2L, `22` = 5L, `23` = 6L, `24` = 2L, `25` = 5L, 
    `26` = 3L, `27` = 5L, `28` = 2L, `29` = 1L, `30` = 1L, `32` = 2L, 
    `35` = 1L, `44` = 1L), .Dim = 33L, .Dimnames = list(TagUsage = c("1", 
    "2", "3", "4", "5", "6", "7", "8", "9", "10", "11", "12", 
    "13", "14", "15", "16", "17", "18", "19", "20", "21", "22", 
    "23", "24", "25", "26", "27", "28", "29", "30", "32", "35", 
    "44")), class = "table"), No.Tag = structure(c(0L, 103L, 
    0L, 2L, 0L, 1L, 0L, 0L, 0L, 0L, 0L, 0L, 0L, 0L, 0L, 0L), .Dim = c(4L, 
    4L), .Dimnames = structure(list(c("-1", "0", "1", NA), c("A", 
    "C", "T", NA)), .Names = c("", "")), class = "table"), All.Tags = list(
        Concordant = list(Freqs = structure(c(0, 600, 0, 0, 3, 
        0, 0, 0, 0), .Dim = c(3L, 3L), .Dimnames = list(c("-1", 
        "0", "1"), c("A", "C", "T"))), N = 603), Majority = list(
            Freqs = structure(c(2, 656, 0, 0, 3, 0, 0, 0, 0), .Dim = c(3L, 
            3L), .Dimnames = list(c("-1", "0", "1"), c("A", "C", 
            "T"))), N = 661)), `2` = structure(c(2, 559, 0, 0, 
    0, 0, 0, 0, 0), .Dim = c(3L, 3L), .Dimnames = list(c("-1", 
    "0", "1"), c("A", "C", "T"))))))
