Results <-
list(`bwa.out//20220204//16D2889_S4.sam` = list(LR20_SNP1 = list(
    All = list(Freqs = structure(c(12L, 3821L, 6L, 5L, 0L, 1L, 
    0L, 0L, 0L, 26L, 0L, 0L), .Dim = 4:3, .Dimnames = structure(list(
        c("-1", "0", "1", NA), c("A", "G", NA)), .Names = c("", 
    "")), class = "table"), N = 3871L), Tag.Distribution = structure(c(`1` = 202L, 
    `2` = 136L, `3` = 103L, `4` = 84L, `5` = 53L, `6` = 49L, 
    `7` = 30L, `8` = 42L, `9` = 29L, `10` = 25L, `11` = 13L, 
    `12` = 8L, `13` = 12L, `14` = 8L, `15` = 3L, `16` = 8L, `17` = 4L, 
    `18` = 1L, `19` = 2L, `21` = 1L, `22` = 2L, `24` = 2L, `25` = 1L, 
    `27` = 2L, `33` = 1L, `35` = 1L), .Dim = 26L, .Dimnames = list(
        TagUsage = c("1", "2", "3", "4", "5", "6", "7", "8", 
        "9", "10", "11", "12", "13", "14", "15", "16", "17", 
        "18", "19", "21", "22", "24", "25", "27", "33", "35")), class = "table"), 
    No.Tag = structure(c(0L, 67L, 0L, 0L, 0L, 0L, 0L, 0L, 0L, 
    5L, 0L, 0L), .Dim = 4:3, .Dimnames = structure(list(c("-1", 
    "0", "1", NA), c("A", "G", NA)), .Names = c("", "")), class = "table"), 
    All.Tags = list(Concordant = list(Freqs = structure(c(2, 
    800, 0, 0, 0, 0), .Dim = 3:2, .Dimnames = list(c("-1", "0", 
    "1"), c("A", "G"))), N = 802), Majority = list(Freqs = structure(c(2, 
    817, 0, 0, 0, 0), .Dim = 3:2, .Dimnames = list(c("-1", "0", 
    "1"), c("A", "G"))), N = 819)), `2` = structure(c(0, 620, 
    0, 0, 0, 0), .Dim = 3:2, .Dimnames = list(c("-1", "0", "1"
    ), c("A", "G"))))))
