Results <-
list(`bwa.out//20220204//BlindCMMRD134_S60.sam` = list(GM14_SNP1 = list(
    All = list(Freqs = structure(c(1L, 57L, 1844L, 18L, 1L, 1L, 
    33L, 2057L, 8L, 1L, 0L, 0L, 24L, 1L, 0L), .Dim = c(5L, 3L
    ), .Dimnames = structure(list(c("-2", "-1", "0", "1", NA), 
        c("C", "T", NA)), .Names = c("", "")), class = "table"), 
        N = 4046L), Tag.Distribution = structure(c(`1` = 126L, 
    `2` = 90L, `3` = 91L, `4` = 81L, `5` = 68L, `6` = 54L, `7` = 65L, 
    `8` = 37L, `9` = 25L, `10` = 25L, `11` = 17L, `12` = 15L, 
    `13` = 15L, `14` = 8L, `15` = 8L, `16` = 13L, `17` = 3L, 
    `19` = 3L, `20` = 1L, `21` = 1L, `22` = 3L), .Dim = 21L, .Dimnames = list(
        TagUsage = c("1", "2", "3", "4", "5", "6", "7", "8", 
        "9", "10", "11", "12", "13", "14", "15", "16", "17", 
        "19", "20", "21", "22")), class = "table"), No.Tag = structure(c(0L, 
    0L, 23L, 0L, 0L, 0L, 1L, 9L, 0L, 0L, 0L, 0L, 3L, 0L, 0L), .Dim = c(5L, 
    3L), .Dimnames = structure(list(c("-2", "-1", "0", "1", NA
    ), c("C", "T", NA)), .Names = c("", "")), class = "table"), 
    All.Tags = list(Concordant = list(Freqs = structure(c(0, 
    2, 274, 1, 0, 1, 336, 0), .Dim = c(4L, 2L), .Dimnames = list(
        c("-2", "-1", "0", "1"), c("C", "T"))), N = 614), Majority = list(
        Freqs = structure(c(0, 2, 346, 1, 0, 1, 382, 0), .Dim = c(4L, 
        2L), .Dimnames = list(c("-2", "-1", "0", "1"), c("C", 
        "T"))), N = 732)), `2` = structure(c(0, 0, 291, 0, 0, 
    0, 319, 0), .Dim = c(4L, 2L), .Dimnames = list(c("-2", "-1", 
    "0", "1"), c("C", "T"))))))
