Results <-
list(`bwa.out//20220204//Control20_S13.sam` = list(LR48_SNP1 = list(
    All = list(Freqs = structure(c(0L, 1L, 0L, 0L, 41L, 1256L, 
    10L, 9L, 26L, 1405L, 13L, 7L, 2L, 42L, 0L, 0L), .Dim = c(4L, 
    4L), .Dimnames = structure(list(c("-1", "0", "1", NA), c("A", 
    "C", "T", NA)), .Names = c("", "")), class = "table"), N = 2812L), 
    Tag.Distribution = structure(c(`1` = 66L, `2` = 37L, `3` = 25L, 
    `4` = 16L, `5` = 19L, `6` = 17L, `7` = 19L, `8` = 13L, `9` = 11L, 
    `10` = 11L, `11` = 14L, `12` = 7L, `13` = 10L, `14` = 4L, 
    `15` = 6L, `16` = 2L, `17` = 10L, `18` = 3L, `19` = 6L, `20` = 7L, 
    `21` = 5L, `22` = 4L, `23` = 3L, `24` = 4L, `25` = 3L, `26` = 1L, 
    `27` = 2L, `29` = 1L, `30` = 2L, `31` = 1L, `32` = 3L, `34` = 1L
    ), .Dim = 32L, .Dimnames = list(TagUsage = c("1", "2", "3", 
    "4", "5", "6", "7", "8", "9", "10", "11", "12", "13", "14", 
    "15", "16", "17", "18", "19", "20", "21", "22", "23", "24", 
    "25", "26", "27", "29", "30", "31", "32", "34")), class = "table"), 
    No.Tag = structure(c(0L, 0L, 0L, 0L, 1L, 52L, 1L, 0L, 2L, 
    39L, 1L, 1L, 0L, 6L, 0L, 0L), .Dim = c(4L, 4L), .Dimnames = structure(list(
        c("-1", "0", "1", NA), c("A", "C", "T", NA)), .Names = c("", 
    "")), class = "table"), All.Tags = list(Concordant = list(
        Freqs = structure(c(0, 0, 0, 0, 117, 0, 0, 144, 0), .Dim = c(3L, 
        3L), .Dimnames = list(c("-1", "0", "1"), c("A", "C", 
        "T"))), N = 261), Majority = list(Freqs = structure(c(0, 
    0, 0, 0, 154, 0, 0, 171, 0), .Dim = c(3L, 3L), .Dimnames = list(
        c("-1", "0", "1"), c("A", "C", "T"))), N = 325)), `2` = structure(c(0, 
    0, 0, 0, 124, 0, 0, 141, 0), .Dim = c(3L, 3L), .Dimnames = list(
        c("-1", "0", "1"), c("A", "C", "T"))))))
