Results <-
list(`bwa.out//20220204//BlindCMMRD41_S1.sam` = list(LR17_SNP1 = list(
    All = list(Freqs = structure(c(5L, 120L, 3048L, 49L, 1L, 
    1L, 22L, 0L, 0L, 1L, 0L, 0L, 0L, 0L, 0L, 2L, 109L, 1L, 0L, 
    0L, 0L), .Dim = c(7L, 3L), .Dimnames = structure(list(c("-2", 
    "-1", "0", "1", "2", "3", NA), c("A", "G", NA)), .Names = c("", 
    "")), class = "table"), N = 3359L), Tag.Distribution = structure(c(`1` = 71L, 
    `2` = 3L, `3` = 5L, `4` = 7L, `5` = 7L, `6` = 10L, `7` = 6L, 
    `8` = 6L, `9` = 6L, `10` = 4L, `11` = 4L, `12` = 4L, `13` = 3L, 
    `14` = 4L, `15` = 6L, `16` = 6L, `17` = 4L, `18` = 4L, `19` = 4L, 
    `20` = 2L, `21` = 5L, `22` = 3L, `23` = 3L, `24` = 2L, `25` = 2L, 
    `26` = 4L, `27` = 4L, `28` = 5L, `29` = 2L, `30` = 5L, `31` = 1L, 
    `32` = 3L, `33` = 1L, `34` = 2L, `35` = 1L, `36` = 2L, `37` = 1L, 
    `38` = 3L, `39` = 3L, `42` = 4L, `43` = 2L, `44` = 1L, `45` = 1L, 
    `46` = 1L, `48` = 1L, `50` = 2L, `51` = 2L, `55` = 1L, `62` = 1L
    ), .Dim = 49L, .Dimnames = list(TagUsage = c("1", "2", "3", 
    "4", "5", "6", "7", "8", "9", "10", "11", "12", "13", "14", 
    "15", "16", "17", "18", "19", "20", "21", "22", "23", "24", 
    "25", "26", "27", "28", "29", "30", "31", "32", "33", "34", 
    "35", "36", "37", "38", "39", "42", "43", "44", "45", "46", 
    "48", "50", "51", "55", "62")), class = "table"), No.Tag = structure(c(0L, 
    3L, 66L, 1L, 0L, 0L, 2L, 0L, 0L, 0L, 0L, 0L, 0L, 0L, 0L, 
    1L, 1L, 0L, 0L, 0L, 0L), .Dim = c(7L, 3L), .Dimnames = structure(list(
        c("-2", "-1", "0", "1", "2", "3", NA), c("A", "G", NA
        )), .Names = c("", "")), class = "table"), All.Tags = list(
        Concordant = list(Freqs = structure(c(2, 4, 141, 4, 0, 
        0, 0, 0, 0, 0, 0, 0), .Dim = c(6L, 2L), .Dimnames = list(
            c("-2", "-1", "0", "1", "2", "3"), c("A", "G"))), 
            N = 151), Majority = list(Freqs = structure(c(2, 
        4, 220, 5, 0, 0, 0, 0, 0, 0, 0, 0), .Dim = c(6L, 2L), .Dimnames = list(
            c("-2", "-1", "0", "1", "2", "3"), c("A", "G"))), 
            N = 231)), `2` = structure(c(0, 1, 161, 1, 0, 0, 
    0, 0, 0, 0, 0, 0), .Dim = c(6L, 2L), .Dimnames = list(c("-2", 
    "-1", "0", "1", "2", "3"), c("A", "G"))))))
