Results <-
list(`bwa.out//20220204//BlindCMMRD131_S57.sam` = list(LR10_SNP1 = list(
    All = list(Freqs = structure(c(0L, 0L, 2L, 0L, 0L, 1L, 88L, 
    3397L, 29L, 5L, 0L, 82L, 3401L, 14L, 3L, 0L, 2L, 32L, 0L, 
    0L), .Dim = 5:4, .Dimnames = structure(list(c("-2", "-1", 
    "0", "1", NA), c("A", "C", "T", NA)), .Names = c("", "")), class = "table"), 
        N = 7056L), Tag.Distribution = structure(c(`1` = 192L, 
    `2` = 183L, `3` = 168L, `4` = 166L, `5` = 141L, `6` = 91L, 
    `7` = 90L, `8` = 75L, `9` = 44L, `10` = 43L, `11` = 37L, 
    `12` = 26L, `13` = 20L, `14` = 8L, `15` = 14L, `16` = 10L, 
    `17` = 4L, `18` = 4L, `19` = 1L, `20` = 1L, `21` = 1L, `22` = 1L, 
    `23` = 1L, `24` = 1L, `25` = 1L, `30` = 1L), .Dim = 26L, .Dimnames = list(
        TagUsage = c("1", "2", "3", "4", "5", "6", "7", "8", 
        "9", "10", "11", "12", "13", "14", "15", "16", "17", 
        "18", "19", "20", "21", "22", "23", "24", "25", "30")), class = "table"), 
    No.Tag = structure(c(0L, 0L, 0L, 0L, 0L, 0L, 4L, 145L, 0L, 
    0L, 0L, 2L, 83L, 1L, 0L, 0L, 0L, 3L, 0L, 0L), .Dim = 5:4, .Dimnames = structure(list(
        c("-2", "-1", "0", "1", NA), c("A", "C", "T", NA)), .Names = c("", 
    "")), class = "table"), All.Tags = list(Concordant = list(
        Freqs = structure(c(0, 0, 1, 0, 0, 5, 483, 2, 0, 0, 535, 
        0), .Dim = 4:3, .Dimnames = list(c("-2", "-1", "0", "1"
        ), c("A", "C", "T"))), N = 1026), Majority = list(Freqs = structure(c(0, 
    0, 1, 0, 0, 5, 617, 2, 0, 2, 663, 0), .Dim = 4:3, .Dimnames = list(
        c("-2", "-1", "0", "1"), c("A", "C", "T"))), N = 1290)), 
    `2` = structure(c(0, 0, 0, 0, 0, 2, 531, 0, 0, 2, 566, 0), .Dim = 4:3, .Dimnames = list(
        c("-2", "-1", "0", "1"), c("A", "C", "T"))))))
