Results <-
list(`bwa.out//20220204//BlindCMMRD124_S50.sam` = list(GM01_SNP1 = list(
    All = list(Freqs = structure(c(0L, 0L, 1L, 0L, 0L, 1L, 111L, 
    6134L, 24L, 28L, 0L, 0L, 2L, 0L, 0L, 0L, 1L, 45L, 0L, 0L), .Dim = 5:4, .Dimnames = structure(list(
        c("-2", "-1", "0", "1", NA), c("-", "A", "G", NA)), .Names = c("", 
    "")), class = "table"), N = 6347L), Tag.Distribution = structure(c(`1` = 229L, 
    `2` = 170L, `3` = 134L, `4` = 102L, `5` = 84L, `6` = 62L, 
    `7` = 52L, `8` = 39L, `9` = 43L, `10` = 28L, `11` = 35L, 
    `12` = 21L, `13` = 13L, `14` = 15L, `15` = 15L, `16` = 16L, 
    `17` = 13L, `18` = 11L, `19` = 4L, `20` = 5L, `21` = 7L, 
    `22` = 1L, `23` = 7L, `24` = 3L, `25` = 1L, `26` = 2L, `27` = 1L, 
    `30` = 3L, `37` = 1L, `39` = 1L), .Dim = 30L, .Dimnames = list(
        TagUsage = c("1", "2", "3", "4", "5", "6", "7", "8", 
        "9", "10", "11", "12", "13", "14", "15", "16", "17", 
        "18", "19", "20", "21", "22", "23", "24", "25", "26", 
        "27", "30", "37", "39")), class = "table"), No.Tag = structure(c(0L, 
    0L, 0L, 0L, 0L, 0L, 2L, 64L, 0L, 1L, 0L, 0L, 0L, 0L, 0L, 
    0L, 0L, 2L, 0L, 0L), .Dim = 5:4, .Dimnames = structure(list(
        c("-2", "-1", "0", "1", NA), c("-", "A", "G", NA)), .Names = c("", 
    "")), class = "table"), All.Tags = list(Concordant = list(
        Freqs = structure(c(0, 0, 0, 0, 0, 5, 1014, 0, 0, 0, 
        1, 0), .Dim = 4:3, .Dimnames = list(c("-2", "-1", "0", 
        "1"), c("-", "A", "G"))), N = 1020), Majority = list(
        Freqs = structure(c(0, 0, 0, 0, 0, 6, 1098, 2, 0, 0, 
        1, 0), .Dim = 4:3, .Dimnames = list(c("-2", "-1", "0", 
        "1"), c("-", "A", "G"))), N = 1107)), `2` = structure(c(0, 
    0, 0, 0, 0, 4, 876, 2, 0, 0, 0, 0), .Dim = 4:3, .Dimnames = list(
        c("-2", "-1", "0", "1"), c("-", "A", "G"))))))
