Results <-
list(`bwa.out//20220204//BlindCMMRD96_S55.sam` = list(GM14_SNP1 = list(
    All = list(Freqs = structure(c(4L, 39L, 943L, 9L, 3L, 2L, 
    27L, 1143L, 7L, 2L, 0L, 0L, 18L, 1L, 0L), .Dim = c(5L, 3L
    ), .Dimnames = structure(list(c("-2", "-1", "0", "1", NA), 
        c("C", "T", NA)), .Names = c("", "")), class = "table"), 
        N = 2198L), Tag.Distribution = structure(c(`1` = 78L, 
    `2` = 64L, `3` = 42L, `4` = 33L, `5` = 25L, `6` = 20L, `7` = 19L, 
    `8` = 16L, `9` = 16L, `10` = 16L, `11` = 9L, `12` = 7L, `13` = 8L, 
    `14` = 6L, `15` = 3L, `16` = 6L, `17` = 4L, `18` = 3L, `19` = 2L, 
    `20` = 3L, `21` = 2L, `23` = 1L, `24` = 1L, `25` = 1L, `29` = 1L
    ), .Dim = 25L, .Dimnames = list(TagUsage = c("1", "2", "3", 
    "4", "5", "6", "7", "8", "9", "10", "11", "12", "13", "14", 
    "15", "16", "17", "18", "19", "20", "21", "23", "24", "25", 
    "29")), class = "table"), No.Tag = structure(c(0L, 0L, 40L, 
    1L, 0L, 0L, 0L, 7L, 0L, 0L, 0L, 0L, 1L, 0L, 0L), .Dim = c(5L, 
    3L), .Dimnames = structure(list(c("-2", "-1", "0", "1", NA
    ), c("C", "T", NA)), .Names = c("", "")), class = "table"), 
    All.Tags = list(Concordant = list(Freqs = structure(c(1, 
    2, 143, 1, 0, 1, 171, 1), .Dim = c(4L, 2L), .Dimnames = list(
        c("-2", "-1", "0", "1"), c("C", "T"))), N = 320), Majority = list(
        Freqs = structure(c(1, 2, 174, 1, 0, 1, 200, 1), .Dim = c(4L, 
        2L), .Dimnames = list(c("-2", "-1", "0", "1"), c("C", 
        "T"))), N = 380)), `2` = structure(c(1, 0, 135, 0, 0, 
    0, 166, 0), .Dim = c(4L, 2L), .Dimnames = list(c("-2", "-1", 
    "0", "1"), c("C", "T"))))))
