Results <-
list(`bwa.out//20220204//BlindCMMRD131_S57.sam` = list(LR17_SNP1 = list(
    All = list(Freqs = structure(c(4L, 237L, 6416L, 62L, 1L, 
    27L, 0L, 0L, 4L, 0L, 0L, 0L, 0L, 1L, 156L, 1L, 0L, 0L), .Dim = c(6L, 
    3L), .Dimnames = structure(list(c("-2", "-1", "0", "1", "2", 
    NA), c("A", "G", NA)), .Names = c("", "")), class = "table"), 
        N = 6909L), Tag.Distribution = structure(c(`1` = 134L, 
    `2` = 105L, `3` = 111L, `4` = 116L, `5` = 90L, `6` = 97L, 
    `7` = 76L, `8` = 72L, `9` = 60L, `10` = 54L, `11` = 36L, 
    `12` = 28L, `13` = 17L, `14` = 16L, `15` = 22L, `16` = 11L, 
    `17` = 7L, `18` = 3L, `19` = 1L, `20` = 5L, `21` = 2L, `22` = 3L, 
    `23` = 3L, `24` = 2L, `29` = 2L, `41` = 1L), .Dim = 26L, .Dimnames = list(
        TagUsage = c("1", "2", "3", "4", "5", "6", "7", "8", 
        "9", "10", "11", "12", "13", "14", "15", "16", "17", 
        "18", "19", "20", "21", "22", "23", "24", "29", "41")), class = "table"), 
    No.Tag = structure(c(0L, 6L, 230L, 1L, 0L, 4L, 0L, 0L, 0L, 
    0L, 0L, 0L, 0L, 0L, 8L, 0L, 0L, 0L), .Dim = c(6L, 3L), .Dimnames = structure(list(
        c("-2", "-1", "0", "1", "2", NA), c("A", "G", NA)), .Names = c("", 
    "")), class = "table"), All.Tags = list(Concordant = list(
        Freqs = structure(c(0, 4, 833, 0, 0, 0, 0, 0, 0, 0), .Dim = c(5L, 
        2L), .Dimnames = list(c("-2", "-1", "0", "1", "2"), c("A", 
        "G"))), N = 837), Majority = list(Freqs = structure(c(0, 
    5, 1052, 0, 0, 0, 0, 0, 0, 0), .Dim = c(5L, 2L), .Dimnames = list(
        c("-2", "-1", "0", "1", "2"), c("A", "G"))), N = 1057)), 
    `2` = structure(c(0, 2, 923, 0, 0, 0, 0, 0, 0, 0), .Dim = c(5L, 
    2L), .Dimnames = list(c("-2", "-1", "0", "1", "2"), c("A", 
    "G"))))))
