Results <-
list(`bwa.out//20220204//BlindCMMRD129_S55.sam` = list(LR44_SNP1 = list(
    All = list(Freqs = structure(c(6L, 192L, 2343L, 38L, 11L, 
    7L, 194L, 2209L, 38L, 22L, 0L, 2L, 63L, 0L, 0L), .Dim = c(5L, 
    3L), .Dimnames = structure(list(c("-2", "-1", "0", "1", NA
    ), c("C", "T", NA)), .Names = c("", "")), class = "table"), 
        N = 5125L), Tag.Distribution = structure(c(`1` = 226L, 
    `2` = 174L, `3` = 171L, `4` = 155L, `5` = 119L, `6` = 91L, 
    `7` = 76L, `8` = 43L, `9` = 27L, `10` = 30L, `11` = 14L, 
    `12` = 11L, `13` = 11L, `14` = 8L, `15` = 2L, `16` = 3L, 
    `17` = 1L, `19` = 2L, `21` = 1L, `23` = 1L, `25` = 1L), .Dim = 21L, .Dimnames = list(
        TagUsage = c("1", "2", "3", "4", "5", "6", "7", "8", 
        "9", "10", "11", "12", "13", "14", "15", "16", "17", 
        "19", "21", "23", "25")), class = "table"), No.Tag = structure(c(0L, 
    1L, 61L, 0L, 0L, 1L, 5L, 44L, 1L, 0L, 0L, 1L, 1L, 0L, 0L), .Dim = c(5L, 
    3L), .Dimnames = structure(list(c("-2", "-1", "0", "1", NA
    ), c("C", "T", NA)), .Names = c("", "")), class = "table"), 
    All.Tags = list(Concordant = list(Freqs = structure(c(0, 
    13, 381, 1, 0, 9, 339, 2), .Dim = c(4L, 2L), .Dimnames = list(
        c("-2", "-1", "0", "1"), c("C", "T"))), N = 745), Majority = list(
        Freqs = structure(c(0, 18, 540, 1, 0, 14, 526, 3), .Dim = c(4L, 
        2L), .Dimnames = list(c("-2", "-1", "0", "1"), c("C", 
        "T"))), N = 1102)), `2` = structure(c(0, 11, 431, 0, 
    0, 7, 432, 1), .Dim = c(4L, 2L), .Dimnames = list(c("-2", 
    "-1", "0", "1"), c("C", "T"))))))
