Results <-
list(`bwa.out//20220204//Control13_S6.sam` = list(LR46_SNP1 = list(
    All = list(Freqs = structure(c(7L, 2408L, 1L, 5L, 0L, 5L, 
    0L, 0L), .Dim = c(4L, 2L), .Dimnames = structure(list(c("-1", 
    "0", "1", NA), c("G", NA)), .Names = c("", "")), class = "table"), 
        N = 2426L), Tag.Distribution = structure(c(`1` = 94L, 
    `2` = 41L, `3` = 24L, `4` = 25L, `5` = 22L, `6` = 17L, `7` = 23L, 
    `8` = 14L, `9` = 13L, `10` = 13L, `11` = 11L, `12` = 5L, 
    `13` = 8L, `14` = 7L, `15` = 1L, `16` = 3L, `17` = 7L, `18` = 1L, 
    `19` = 7L, `20` = 7L, `21` = 2L, `22` = 1L, `23` = 1L, `24` = 1L, 
    `27` = 1L, `28` = 2L, `29` = 1L, `35` = 2L, `36` = 1L, `37` = 1L
    ), .Dim = 30L, .Dimnames = list(TagUsage = c("1", "2", "3", 
    "4", "5", "6", "7", "8", "9", "10", "11", "12", "13", "14", 
    "15", "16", "17", "18", "19", "20", "21", "22", "23", "24", 
    "27", "28", "29", "35", "36", "37")), class = "table"), No.Tag = structure(c(0L, 
    120L, 0L, 2L, 0L, 2L, 0L, 0L), .Dim = c(4L, 2L), .Dimnames = structure(list(
        c("-1", "0", "1", NA), c("G", NA)), .Names = c("", ""
    )), class = "table"), All.Tags = list(Concordant = list(Freqs = structure(c(0, 
    348, 0), .Dim = c(3L, 1L), .Dimnames = list(c("-1", "0", 
    "1"), "G")), N = 348), Majority = list(Freqs = structure(c(0, 
    356, 0), .Dim = c(3L, 1L), .Dimnames = list(c("-1", "0", 
    "1"), "G")), N = 356)), `2` = structure(c(0, 262, 0), .Dim = c(3L, 
    1L), .Dimnames = list(c("-1", "0", "1"), "G")))))
