Results <-
list(`bwa.out//20220204//BlindCMMRD128_S54.sam` = list(LR48_SNP1 = list(
    All = list(Freqs = structure(c(0L, 0L, 1L, 0L, 0L, 6L, 153L, 
    4552L, 45L, 24L, 0L, 1L, 1L, 0L, 0L, 0L, 1L, 49L, 0L, 0L), .Dim = 5:4, .Dimnames = structure(list(
        c("-2", "-1", "0", "1", NA), c("A", "C", "T", NA)), .Names = c("", 
    "")), class = "table"), N = 4833L), Tag.Distribution = structure(c(`1` = 285L, 
    `2` = 219L, `3` = 178L, `4` = 150L, `5` = 103L, `6` = 99L, 
    `7` = 50L, `8` = 41L, `9` = 28L, `10` = 18L, `11` = 17L, 
    `12` = 13L, `13` = 7L, `14` = 5L, `15` = 1L, `16` = 2L, `17` = 1L, 
    `19` = 2L, `26` = 1L), .Dim = 19L, .Dimnames = list(TagUsage = c("1", 
    "2", "3", "4", "5", "6", "7", "8", "9", "10", "11", "12", 
    "13", "14", "15", "16", "17", "19", "26")), class = "table"), 
    No.Tag = structure(c(0L, 0L, 0L, 0L, 0L, 0L, 1L, 118L, 0L, 
    0L, 0L, 0L, 0L, 0L, 0L, 0L, 0L, 6L, 0L, 0L), .Dim = 5:4, .Dimnames = structure(list(
        c("-2", "-1", "0", "1", NA), c("A", "C", "T", NA)), .Names = c("", 
    "")), class = "table"), All.Tags = list(Concordant = list(
        Freqs = structure(c(0, 0, 0, 0, 0, 11, 1056, 5, 0, 1, 
        1, 0), .Dim = 4:3, .Dimnames = list(c("-2", "-1", "0", 
        "1"), c("A", "C", "T"))), N = 1074), Majority = list(
        Freqs = structure(c(0, 0, 0, 0, 0, 15, 1170, 5, 0, 1, 
        1, 0), .Dim = 4:3, .Dimnames = list(c("-2", "-1", "0", 
        "1"), c("A", "C", "T"))), N = 1192)), `2` = structure(c(0, 
    0, 0, 0, 0, 8, 909, 0, 0, 0, 0, 0), .Dim = 4:3, .Dimnames = list(
        c("-2", "-1", "0", "1"), c("A", "C", "T"))))))
