Results <-
list(`bwa.out//20220204//BlindCMMRD57_S16.sam` = list(LR10_SNP1 = list(
    All = list(Freqs = structure(c(0L, 1L, 0L, 0L, 0L, 3L, 0L, 
    0L, 41L, 4014L, 12L, 4L, 0L, 38L, 0L, 0L), .Dim = c(4L, 4L
    ), .Dimnames = structure(list(c("-1", "0", "1", NA), c("A", 
    "C", "T", NA)), .Names = c("", "")), class = "table"), N = 4113L), 
    Tag.Distribution = structure(c(`1` = 95L, `2` = 43L, `3` = 42L, 
    `4` = 43L, `5` = 45L, `6` = 31L, `7` = 29L, `8` = 25L, `9` = 21L, 
    `10` = 15L, `11` = 20L, `12` = 13L, `13` = 18L, `14` = 7L, 
    `15` = 12L, `16` = 7L, `17` = 2L, `18` = 6L, `19` = 4L, `20` = 5L, 
    `21` = 9L, `22` = 3L, `23` = 5L, `24` = 2L, `25` = 1L, `26` = 4L, 
    `27` = 2L, `28` = 1L, `30` = 2L, `31` = 1L, `32` = 1L, `34` = 3L, 
    `35` = 1L, `39` = 1L, `40` = 1L, `42` = 2L), .Dim = 36L, .Dimnames = list(
        TagUsage = c("1", "2", "3", "4", "5", "6", "7", "8", 
        "9", "10", "11", "12", "13", "14", "15", "16", "17", 
        "18", "19", "20", "21", "22", "23", "24", "25", "26", 
        "27", "28", "30", "31", "32", "34", "35", "39", "40", 
        "42")), class = "table"), No.Tag = structure(c(0L, 1L, 
    0L, 0L, 0L, 0L, 0L, 0L, 0L, 106L, 0L, 0L, 0L, 4L, 0L, 0L), .Dim = c(4L, 
    4L), .Dimnames = structure(list(c("-1", "0", "1", NA), c("A", 
    "C", "T", NA)), .Names = c("", "")), class = "table"), All.Tags = list(
        Concordant = list(Freqs = structure(c(0, 0, 0, 0, 3, 
        0, 1, 472, 1), .Dim = c(3L, 3L), .Dimnames = list(c("-1", 
        "0", "1"), c("A", "C", "T"))), N = 477), Majority = list(
            Freqs = structure(c(0, 0, 0, 0, 3, 0, 1, 515, 1), .Dim = c(3L, 
            3L), .Dimnames = list(c("-1", "0", "1"), c("A", "C", 
            "T"))), N = 520)), `2` = structure(c(0, 0, 0, 0, 
    0, 0, 0, 427, 0), .Dim = c(3L, 3L), .Dimnames = list(c("-1", 
    "0", "1"), c("A", "C", "T"))))))
