Results <-
list(`bwa.out//20220204//BlindCMMRD82_S41.sam` = list(GM29_SNP1 = list(
    All = list(Freqs = structure(c(3L, 32L, 2513L, 4L, 3L, 0L, 
    27L, 1851L, 6L, 7L, 0L, 2L, 37L, 0L, 0L), .Dim = c(5L, 3L
    ), .Dimnames = structure(list(c("-2", "-1", "0", "1", NA), 
        c("A", "G", NA)), .Names = c("", "")), class = "table"), 
        N = 4485L), Tag.Distribution = structure(c(`1` = 100L, 
    `2` = 57L, `3` = 51L, `4` = 41L, `5` = 42L, `6` = 35L, `7` = 35L, 
    `8` = 25L, `9` = 22L, `10` = 23L, `11` = 23L, `12` = 17L, 
    `13` = 19L, `14` = 12L, `15` = 13L, `16` = 5L, `17` = 7L, 
    `18` = 7L, `19` = 10L, `20` = 2L, `21` = 4L, `22` = 4L, `23` = 2L, 
    `24` = 3L, `26` = 2L, `27` = 4L, `28` = 2L, `29` = 3L, `30` = 2L, 
    `31` = 1L, `32` = 1L, `33` = 2L, `34` = 1L, `39` = 1L, `44` = 1L, 
    `54` = 1L), .Dim = 36L, .Dimnames = list(TagUsage = c("1", 
    "2", "3", "4", "5", "6", "7", "8", "9", "10", "11", "12", 
    "13", "14", "15", "16", "17", "18", "19", "20", "21", "22", 
    "23", "24", "26", "27", "28", "29", "30", "31", "32", "33", 
    "34", "39", "44", "54")), class = "table"), No.Tag = structure(c(0L, 
    1L, 43L, 0L, 0L, 0L, 0L, 40L, 0L, 1L, 0L, 0L, 1L, 0L, 0L), .Dim = c(5L, 
    3L), .Dimnames = structure(list(c("-2", "-1", "0", "1", NA
    ), c("A", "G", NA)), .Names = c("", "")), class = "table"), 
    All.Tags = list(Concordant = list(Freqs = structure(c(0, 
    1, 257, 0, 0, 3, 211, 0), .Dim = c(4L, 2L), .Dimnames = list(
        c("-2", "-1", "0", "1"), c("A", "G"))), N = 472), Majority = list(
        Freqs = structure(c(0, 1, 308, 0, 0, 3, 255, 0), .Dim = c(4L, 
        2L), .Dimnames = list(c("-2", "-1", "0", "1"), c("A", 
        "G"))), N = 567)), `2` = structure(c(0, 0, 266, 0, 0, 
    0, 206, 0), .Dim = c(4L, 2L), .Dimnames = list(c("-2", "-1", 
    "0", "1"), c("A", "G"))))))
