Results <-
list(`bwa.out//20220204//17D0939_S6.sam` = list(LR52_SNP1 = list(
    All = list(Freqs = structure(c(1L, 20L, 270L, 2351L, 29L, 
    18L, 0L, 0L, 2L, 23L, 0L, 0L, 0L, 0L, 1L, 262L, 3L, 0L), .Dim = c(6L, 
    3L), .Dimnames = structure(list(c("-3", "-2", "-1", "0", 
    "1", NA), c("C", "T", NA)), .Names = c("", "")), class = "table"), 
        N = 2980L), Tag.Distribution = structure(c(`1` = 73L, 
    `2` = 26L, `3` = 30L, `4` = 23L, `5` = 19L, `6` = 13L, `7` = 9L, 
    `8` = 14L, `9` = 12L, `10` = 5L, `11` = 14L, `12` = 6L, `13` = 7L, 
    `14` = 8L, `15` = 6L, `16` = 3L, `17` = 2L, `18` = 9L, `19` = 4L, 
    `20` = 3L, `21` = 8L, `22` = 1L, `23` = 2L, `24` = 1L, `25` = 1L, 
    `26` = 6L, `27` = 1L, `28` = 3L, `29` = 1L, `31` = 2L, `32` = 2L, 
    `33` = 3L, `34` = 1L, `35` = 1L, `37` = 1L, `44` = 1L, `46` = 2L, 
    `48` = 1L, `49` = 1L, `57` = 1L), .Dim = 40L, .Dimnames = list(
        TagUsage = c("1", "2", "3", "4", "5", "6", "7", "8", 
        "9", "10", "11", "12", "13", "14", "15", "16", "17", 
        "18", "19", "20", "21", "22", "23", "24", "25", "26", 
        "27", "28", "29", "31", "32", "33", "34", "35", "37", 
        "44", "46", "48", "49", "57")), class = "table"), No.Tag = structure(c(0L, 
    1L, 8L, 47L, 0L, 0L, 0L, 0L, 0L, 0L, 0L, 0L, 0L, 0L, 0L, 
    10L, 0L, 0L), .Dim = c(6L, 3L), .Dimnames = structure(list(
        c("-3", "-2", "-1", "0", "1", NA), c("C", "T", NA)), .Names = c("", 
    "")), class = "table"), All.Tags = list(Concordant = list(
        Freqs = structure(c(0, 0, 5, 180, 5, 0, 0, 0, 1, 0), .Dim = c(5L, 
        2L), .Dimnames = list(c("-3", "-2", "-1", "0", "1"), 
            c("C", "T"))), N = 191), Majority = list(Freqs = structure(c(0, 
    0, 7, 296, 5, 0, 0, 0, 2, 0), .Dim = c(5L, 2L), .Dimnames = list(
        c("-3", "-2", "-1", "0", "1"), c("C", "T"))), N = 310)), 
    `2` = structure(c(0, 0, 4, 241, 2, 0, 0, 0, 1, 0), .Dim = c(5L, 
    2L), .Dimnames = list(c("-3", "-2", "-1", "0", "1"), c("C", 
    "T"))))))
