Results <-
list(`bwa.out//20220204//BlindCMMRD41_S1.sam` = list(LR52_SNP1 = list(
    All = list(Freqs = structure(c(0L, 0L, 0L, 1L, 0L, 0L, 0L, 
    0L, 0L, 1L, 0L, 0L, 3L, 25L, 413L, 3199L, 18L, 52L, 0L, 0L, 
    1L, 12L, 0L, 0L, 0L, 1L, 32L, 1075L, 6L, 0L), .Dim = 6:5, .Dimnames = structure(list(
        c("-3", "-2", "-1", "0", "1", NA), c("-", "A", "C", "T", 
        NA)), .Names = c("", "")), class = "table"), N = 4839L), 
    Tag.Distribution = structure(c(`1` = 81L, `2` = 24L, `3` = 18L, 
    `4` = 16L, `5` = 11L, `6` = 11L, `7` = 9L, `8` = 10L, `9` = 9L, 
    `10` = 9L, `11` = 6L, `12` = 8L, `13` = 10L, `14` = 10L, 
    `15` = 8L, `16` = 6L, `17` = 5L, `18` = 3L, `19` = 8L, `20` = 4L, 
    `21` = 5L, `22` = 4L, `24` = 2L, `25` = 4L, `26` = 3L, `27` = 8L, 
    `28` = 5L, `29` = 2L, `30` = 3L, `31` = 5L, `32` = 2L, `33` = 3L, 
    `34` = 4L, `35` = 3L, `36` = 3L, `37` = 6L, `38` = 5L, `39` = 3L, 
    `40` = 3L, `41` = 1L, `42` = 3L, `43` = 1L, `44` = 3L, `47` = 1L, 
    `51` = 1L, `54` = 2L, `60` = 1L, `61` = 1L, `62` = 1L), .Dim = 49L, .Dimnames = list(
        TagUsage = c("1", "2", "3", "4", "5", "6", "7", "8", 
        "9", "10", "11", "12", "13", "14", "15", "16", "17", 
        "18", "19", "20", "21", "22", "24", "25", "26", "27", 
        "28", "29", "30", "31", "32", "33", "34", "35", "36", 
        "37", "38", "39", "40", "41", "42", "43", "44", "47", 
        "51", "54", "60", "61", "62")), class = "table"), No.Tag = structure(c(0L, 
    0L, 0L, 0L, 0L, 0L, 0L, 0L, 0L, 0L, 0L, 0L, 1L, 0L, 10L, 
    121L, 0L, 0L, 0L, 0L, 0L, 1L, 0L, 0L, 0L, 0L, 1L, 34L, 0L, 
    0L), .Dim = 6:5, .Dimnames = structure(list(c("-3", "-2", 
    "-1", "0", "1", NA), c("-", "A", "C", "T", NA)), .Names = c("", 
    "")), class = "table"), All.Tags = list(Concordant = list(
        Freqs = structure(c(0, 0, 0, 0, 0, 0, 0, 0, 0, 0, 0, 
        1, 6, 135, 2, 0, 0, 1, 10, 0), .Dim = 5:4, .Dimnames = list(
            c("-3", "-2", "-1", "0", "1"), c("-", "A", "C", "T"
            ))), N = 155), Majority = list(Freqs = structure(c(0, 
    0, 0, 0, 0, 0, 0, 0, 0, 0, 0, 1, 14, 292, 2, 0, 0, 1, 10, 
    0), .Dim = 5:4, .Dimnames = list(c("-3", "-2", "-1", "0", 
    "1"), c("-", "A", "C", "T"))), N = 320)), `2` = structure(c(0, 
    0, 0, 0, 0, 0, 0, 0, 0, 0, 0, 0, 9, 256, 0, 0, 0, 0, 0, 0
    ), .Dim = 5:4, .Dimnames = list(c("-3", "-2", "-1", "0", 
    "1"), c("-", "A", "C", "T"))))))
