Results <-
list(`bwa.out//20220204//16D2889_S4.sam` = list(LR46_SNP1 = list(
    All = list(Freqs = structure(c(20L, 3926L, 31L, 15L, 0L, 
    3L, 0L, 0L, 0L, 19L, 0L, 0L), .Dim = 4:3, .Dimnames = structure(list(
        c("-1", "0", "1", NA), c("G", "T", NA)), .Names = c("", 
    "")), class = "table"), N = 4014L), Tag.Distribution = structure(c(`1` = 149L, 
    `2` = 96L, `3` = 70L, `4` = 60L, `5` = 55L, `6` = 44L, `7` = 39L, 
    `8` = 31L, `9` = 23L, `10` = 24L, `11` = 22L, `12` = 8L, 
    `13` = 18L, `14` = 7L, `15` = 7L, `16` = 4L, `17` = 3L, `18` = 3L, 
    `19` = 4L, `20` = 1L, `21` = 2L, `22` = 1L, `23` = 3L, `24` = 2L, 
    `25` = 4L, `26` = 4L, `27` = 1L, `28` = 1L, `29` = 1L, `30` = 1L, 
    `46` = 1L), .Dim = 31L, .Dimnames = list(TagUsage = c("1", 
    "2", "3", "4", "5", "6", "7", "8", "9", "10", "11", "12", 
    "13", "14", "15", "16", "17", "18", "19", "20", "21", "22", 
    "23", "24", "25", "26", "27", "28", "29", "30", "46")), class = "table"), 
    No.Tag = structure(c(2L, 117L, 1L, 4L, 0L, 2L, 0L, 0L, 0L, 
    5L, 0L, 0L), .Dim = 4:3, .Dimnames = structure(list(c("-1", 
    "0", "1", NA), c("G", "T", NA)), .Names = c("", "")), class = "table"), 
    All.Tags = list(Concordant = list(Freqs = structure(c(1, 
    653, 1, 0, 0, 0), .Dim = 3:2, .Dimnames = list(c("-1", "0", 
    "1"), c("G", "T"))), N = 655), Majority = list(Freqs = structure(c(1, 
    677, 2, 0, 0, 0), .Dim = 3:2, .Dimnames = list(c("-1", "0", 
    "1"), c("G", "T"))), N = 680)), `2` = structure(c(1, 535, 
    1, 0, 0, 0), .Dim = 3:2, .Dimnames = list(c("-1", "0", "1"
    ), c("G", "T"))))))
