Results <-
list(`bwa.out//20220204//BlindCMMRD57_S16.sam` = list(IM16_SNP1 = list(
    All = list(Freqs = structure(c(0L, 2L, 0L, 0L, 0L, 44L, 5286L, 
    87L, 2L, 6L, 0L, 68L, 11L, 0L, 0L), .Dim = c(5L, 3L), .Dimnames = structure(list(
        c("-1", "0", "1", "2", NA), c("A", "G", NA)), .Names = c("", 
    "")), class = "table"), N = 5506L), Tag.Distribution = structure(c(`1` = 130L, 
    `2` = 68L, `3` = 55L, `4` = 39L, `5` = 44L, `6` = 37L, `7` = 31L, 
    `8` = 39L, `9` = 27L, `10` = 26L, `11` = 14L, `12` = 21L, 
    `13` = 15L, `14` = 19L, `15` = 14L, `16` = 8L, `17` = 6L, 
    `18` = 10L, `19` = 9L, `20` = 7L, `21` = 6L, `22` = 5L, `23` = 9L, 
    `24` = 5L, `25` = 8L, `26` = 2L, `27` = 5L, `28` = 4L, `29` = 3L, 
    `30` = 1L, `31` = 1L, `32` = 1L, `33` = 1L, `35` = 2L, `37` = 1L, 
    `43` = 1L, `45` = 1L, `74` = 1L), .Dim = 38L, .Dimnames = list(
        TagUsage = c("1", "2", "3", "4", "5", "6", "7", "8", 
        "9", "10", "11", "12", "13", "14", "15", "16", "17", 
        "18", "19", "20", "21", "22", "23", "24", "25", "26", 
        "27", "28", "29", "30", "31", "32", "33", "35", "37", 
        "43", "45", "74")), class = "table"), No.Tag = structure(c(0L, 
    0L, 0L, 0L, 0L, 0L, 89L, 3L, 0L, 1L, 0L, 8L, 2L, 0L, 0L), .Dim = c(5L, 
    3L), .Dimnames = structure(list(c("-1", "0", "1", "2", NA
    ), c("A", "G", NA)), .Names = c("", "")), class = "table"), 
    All.Tags = list(Concordant = list(Freqs = structure(c(0, 
    0, 0, 0, 2, 570, 0, 0), .Dim = c(4L, 2L), .Dimnames = list(
        c("-1", "0", "1", "2"), c("A", "G"))), N = 572), Majority = list(
        Freqs = structure(c(0, 0, 0, 0, 2, 664, 1, 0), .Dim = c(4L, 
        2L), .Dimnames = list(c("-1", "0", "1", "2"), c("A", 
        "G"))), N = 667)), `2` = structure(c(0, 0, 0, 0, 0, 542, 
    1, 0), .Dim = c(4L, 2L), .Dimnames = list(c("-1", "0", "1", 
    "2"), c("A", "G"))))))
