Results <-
list(`bwa.out//20220204//Control16_S9.sam` = list(GM14_SNP1 = list(
    All = list(Freqs = structure(c(0L, 2L, 18L, 812L, 10L, 1L, 
    5L, 1L, 1L, 11L, 684L, 3L, 0L, 1L, 0L, 0L, 0L, 33L, 0L, 0L, 
    0L), .Dim = c(7L, 3L), .Dimnames = structure(list(c("-3", 
    "-2", "-1", "0", "1", "2", NA), c("C", "T", NA)), .Names = c("", 
    "")), class = "table"), N = 1582L), Tag.Distribution = structure(c(`1` = 53L, 
    `2` = 30L, `3` = 16L, `4` = 16L, `5` = 18L, `6` = 17L, `7` = 10L, 
    `8` = 10L, `9` = 9L, `10` = 8L, `11` = 6L, `12` = 2L, `13` = 1L, 
    `14` = 3L, `15` = 2L, `16` = 1L, `17` = 2L, `18` = 4L, `19` = 4L, 
    `20` = 6L, `21` = 1L, `22` = 3L, `23` = 3L, `25` = 1L, `31` = 2L, 
    `32` = 1L), .Dim = 26L, .Dimnames = list(TagUsage = c("1", 
    "2", "3", "4", "5", "6", "7", "8", "9", "10", "11", "12", 
    "13", "14", "15", "16", "17", "18", "19", "20", "21", "22", 
    "23", "25", "31", "32")), class = "table"), No.Tag = structure(c(0L, 
    1L, 1L, 32L, 1L, 0L, 0L, 0L, 0L, 0L, 44L, 0L, 0L, 0L, 0L, 
    0L, 0L, 7L, 0L, 0L, 0L), .Dim = c(7L, 3L), .Dimnames = structure(list(
        c("-3", "-2", "-1", "0", "1", "2", NA), c("C", "T", NA
        )), .Names = c("", "")), class = "table"), All.Tags = list(
        Concordant = list(Freqs = structure(c(0, 0, 0, 95, 0, 
        0, 0, 0, 0, 92, 0, 0), .Dim = c(6L, 2L), .Dimnames = list(
            c("-3", "-2", "-1", "0", "1", "2"), c("C", "T"))), 
            N = 187), Majority = list(Freqs = structure(c(0, 
        0, 0, 114, 0, 0, 0, 0, 0, 106, 0, 0), .Dim = c(6L, 2L
        ), .Dimnames = list(c("-3", "-2", "-1", "0", "1", "2"
        ), c("C", "T"))), N = 220)), `2` = structure(c(0, 0, 
    0, 92, 0, 0, 0, 0, 0, 81, 0, 0), .Dim = c(6L, 2L), .Dimnames = list(
        c("-3", "-2", "-1", "0", "1", "2"), c("C", "T"))))))
