Results <-
list(`bwa.out//20220204//BlindCMMRD109_S35.sam` = list(GM14_SNP1 = list(
    All = list(Freqs = structure(c(0L, 0L, 2L, 0L, 0L, 10L, 180L, 
    5690L, 43L, 26L, 0L, 0L, 3L, 0L, 0L, 0L, 1L, 30L, 0L, 0L), .Dim = 5:4, .Dimnames = structure(list(
        c("-2", "-1", "0", "1", NA), c("A", "C", "T", NA)), .Names = c("", 
    "")), class = "table"), N = 5985L), Tag.Distribution = structure(c(`1` = 207L, 
    `2` = 175L, `3` = 159L, `4` = 135L, `5` = 131L, `6` = 91L, 
    `7` = 72L, `8` = 64L, `9` = 35L, `10` = 30L, `11` = 25L, 
    `12` = 23L, `13` = 21L, `14` = 14L, `15` = 3L, `16` = 6L, 
    `17` = 2L, `18` = 4L, `19` = 4L, `21` = 1L, `22` = 2L, `24` = 1L, 
    `26` = 1L, `28` = 1L), .Dim = 24L, .Dimnames = list(TagUsage = c("1", 
    "2", "3", "4", "5", "6", "7", "8", "9", "10", "11", "12", 
    "13", "14", "15", "16", "17", "18", "19", "21", "22", "24", 
    "26", "28")), class = "table"), No.Tag = structure(c(0L, 
    0L, 0L, 0L, 0L, 1L, 1L, 86L, 0L, 2L, 0L, 0L, 0L, 0L, 0L, 
    0L, 0L, 3L, 0L, 0L), .Dim = 5:4, .Dimnames = structure(list(
        c("-2", "-1", "0", "1", NA), c("A", "C", "T", NA)), .Names = c("", 
    "")), class = "table"), All.Tags = list(Concordant = list(
        Freqs = structure(c(0, 0, 0, 0, 0, 15, 1014, 4, 0, 0, 
        1, 0), .Dim = 4:3, .Dimnames = list(c("-2", "-1", "0", 
        "1"), c("A", "C", "T"))), N = 1034), Majority = list(
        Freqs = structure(c(0, 0, 0, 0, 0, 15, 1178, 4, 0, 0, 
        1, 0), .Dim = 4:3, .Dimnames = list(c("-2", "-1", "0", 
        "1"), c("A", "C", "T"))), N = 1198)), `2` = structure(c(0, 
    0, 0, 0, 0, 3, 988, 1, 0, 0, 0, 0), .Dim = 4:3, .Dimnames = list(
        c("-2", "-1", "0", "1"), c("A", "C", "T"))))))
