Results <-
list(`bwa.out//20220204//BlindCMMRD76_S35.sam` = list(LR46_SNP1 = list(
    All = list(Freqs = structure(c(18L, 3851L, 7L, 6L, 0L, 1L, 
    0L, 0L, 0L, 34L, 0L, 0L), .Dim = 4:3, .Dimnames = structure(list(
        c("-1", "0", "1", NA), c("G", "T", NA)), .Names = c("", 
    "")), class = "table"), N = 3917L), Tag.Distribution = structure(c(`1` = 85L, 
    `2` = 22L, `3` = 19L, `4` = 16L, `5` = 17L, `6` = 15L, `7` = 19L, 
    `8` = 11L, `9` = 15L, `10` = 13L, `11` = 9L, `12` = 17L, 
    `13` = 12L, `14` = 6L, `15` = 10L, `16` = 8L, `17` = 9L, 
    `18` = 8L, `19` = 8L, `20` = 10L, `21` = 3L, `22` = 5L, `23` = 4L, 
    `24` = 3L, `25` = 4L, `26` = 3L, `27` = 5L, `28` = 5L, `29` = 3L, 
    `30` = 2L, `32` = 3L, `33` = 2L, `34` = 1L, `35` = 1L, `36` = 1L, 
    `38` = 1L, `39` = 2L, `41` = 1L, `61` = 1L), .Dim = 39L, .Dimnames = list(
        TagUsage = c("1", "2", "3", "4", "5", "6", "7", "8", 
        "9", "10", "11", "12", "13", "14", "15", "16", "17", 
        "18", "19", "20", "21", "22", "23", "24", "25", "26", 
        "27", "28", "29", "30", "32", "33", "34", "35", "36", 
        "38", "39", "41", "61")), class = "table"), No.Tag = structure(c(1L, 
    109L, 0L, 0L, 0L, 0L, 0L, 0L, 0L, 4L, 0L, 0L), .Dim = 4:3, .Dimnames = structure(list(
        c("-1", "0", "1", NA), c("G", "T", NA)), .Names = c("", 
    "")), class = "table"), All.Tags = list(Concordant = list(
        Freqs = structure(c(2, 345, 0, 0, 1, 0), .Dim = 3:2, .Dimnames = list(
            c("-1", "0", "1"), c("G", "T"))), N = 348), Majority = list(
        Freqs = structure(c(2, 365, 0, 0, 1, 0), .Dim = 3:2, .Dimnames = list(
            c("-1", "0", "1"), c("G", "T"))), N = 368)), `2` = structure(c(1, 
    293, 0, 0, 0, 0), .Dim = 3:2, .Dimnames = list(c("-1", "0", 
    "1"), c("G", "T"))))))
