Results <-
list(`bwa.out//20220204//BlindCMMRD120_S46.sam` = list(LR11_SNP1 = list(
    All = list(Freqs = structure(c(1L, 67L, 2805L, 17L, 1L, 9L, 
    3L, 54L, 2221L, 20L, 0L, 12L, 0L, 0L, 1L, 0L, 0L, 0L, 0L, 
    1L, 27L, 0L, 0L, 0L), .Dim = c(6L, 4L), .Dimnames = structure(list(
        c("-2", "-1", "0", "1", "2", NA), c("A", "C", "T", NA
        )), .Names = c("", "")), class = "table"), N = 5239L), 
    Tag.Distribution = structure(c(`1` = 235L, `2` = 182L, `3` = 159L, 
    `4` = 139L, `5` = 98L, `6` = 80L, `7` = 78L, `8` = 32L, `9` = 47L, 
    `10` = 21L, `11` = 29L, `12` = 12L, `13` = 9L, `14` = 11L, 
    `15` = 4L, `16` = 2L, `17` = 4L, `18` = 2L, `19` = 2L, `20` = 4L, 
    `23` = 2L, `32` = 1L), .Dim = 22L, .Dimnames = list(TagUsage = c("1", 
    "2", "3", "4", "5", "6", "7", "8", "9", "10", "11", "12", 
    "13", "14", "15", "16", "17", "18", "19", "20", "23", "32"
    )), class = "table"), No.Tag = structure(c(0L, 1L, 31L, 0L, 
    0L, 1L, 0L, 0L, 40L, 0L, 0L, 0L, 0L, 0L, 0L, 0L, 0L, 0L, 
    0L, 0L, 3L, 0L, 0L, 0L), .Dim = c(6L, 4L), .Dimnames = structure(list(
        c("-2", "-1", "0", "1", "2", NA), c("A", "C", "T", NA
        )), .Names = c("", "")), class = "table"), All.Tags = list(
        Concordant = list(Freqs = structure(c(0, 3, 513, 0, 0, 
        0, 5, 414, 2, 0, 0, 0, 0, 0, 0), .Dim = c(5L, 3L), .Dimnames = list(
            c("-2", "-1", "0", "1", "2"), c("A", "C", "T"))), 
            N = 937), Majority = list(Freqs = structure(c(0, 
        4, 604, 0, 0, 0, 7, 504, 2, 0, 0, 0, 0, 0, 0), .Dim = c(5L, 
        3L), .Dimnames = list(c("-2", "-1", "0", "1", "2"), c("A", 
        "C", "T"))), N = 1121)), `2` = structure(c(0, 1, 496, 
    0, 0, 0, 3, 391, 0, 0, 0, 0, 0, 0, 0), .Dim = c(5L, 3L), .Dimnames = list(
        c("-2", "-1", "0", "1", "2"), c("A", "C", "T"))))))
