Results <-
list(`bwa.out//20220204//BlindCMMRD78_S37.sam` = list(GM07_SNP1 = list(
    All = list(Freqs = structure(c(0L, 0L, 6L, 0L, 0L, 0L, 1L, 
    142L, 3264L, 92L, 2L, 59L, 0L, 2L, 46L, 4L, 0L, 0L), .Dim = c(6L, 
    3L), .Dimnames = structure(list(c("-2", "-1", "0", "1", "2", 
    NA), c("A", "G", NA)), .Names = c("", "")), class = "table"), 
        N = 3618L), Tag.Distribution = structure(c(`1` = 116L, 
    `2` = 50L, `3` = 36L, `4` = 39L, `5` = 38L, `6` = 28L, `7` = 21L, 
    `8` = 16L, `9` = 18L, `10` = 14L, `11` = 17L, `12` = 15L, 
    `13` = 13L, `14` = 10L, `15` = 4L, `16` = 11L, `17` = 7L, 
    `18` = 9L, `19` = 5L, `20` = 4L, `21` = 5L, `22` = 4L, `23` = 4L, 
    `24` = 4L, `25` = 2L, `27` = 3L, `38` = 1L, `48` = 1L), .Dim = 28L, .Dimnames = list(
        TagUsage = c("1", "2", "3", "4", "5", "6", "7", "8", 
        "9", "10", "11", "12", "13", "14", "15", "16", "17", 
        "18", "19", "20", "21", "22", "23", "24", "25", "27", 
        "38", "48")), class = "table"), No.Tag = structure(c(0L, 
    0L, 0L, 0L, 0L, 0L, 0L, 6L, 198L, 6L, 0L, 17L, 0L, 0L, 10L, 
    0L, 0L, 0L), .Dim = c(6L, 3L), .Dimnames = structure(list(
        c("-2", "-1", "0", "1", "2", NA), c("A", "G", NA)), .Names = c("", 
    "")), class = "table"), All.Tags = list(Concordant = list(
        Freqs = structure(c(0, 0, 6, 0, 0, 1, 3, 340, 1, 0), .Dim = c(5L, 
        2L), .Dimnames = list(c("-2", "-1", "0", "1", "2"), c("A", 
        "G"))), N = 351), Majority = list(Freqs = structure(c(0, 
    0, 6, 0, 0, 1, 4, 466, 2, 0), .Dim = c(5L, 2L), .Dimnames = list(
        c("-2", "-1", "0", "1", "2"), c("A", "G"))), N = 479)), 
    `2` = structure(c(0, 0, 0, 0, 0, 0, 2, 367, 1, 0), .Dim = c(5L, 
    2L), .Dimnames = list(c("-2", "-1", "0", "1", "2"), c("A", 
    "G"))))))
