Results <-
list(`bwa.out//20220204//17D0944_S7.sam` = list(DEPDC2_SNP1 = list(
    All = list(Freqs = structure(c(0L, 8L, 0L, 0L, 39L, 4160L, 
    31L, 19L, 0L, 96L, 0L, 0L), .Dim = 4:3, .Dimnames = structure(list(
        c("-1", "0", "1", NA), c("C", "T", NA)), .Names = c("", 
    "")), class = "table"), N = 4353L), Tag.Distribution = structure(c(`1` = 149L, 
    `2` = 51L, `3` = 50L, `4` = 44L, `5` = 43L, `6` = 34L, `7` = 21L, 
    `8` = 25L, `9` = 24L, `10` = 19L, `11` = 14L, `12` = 22L, 
    `13` = 13L, `14` = 17L, `15` = 10L, `16` = 10L, `17` = 11L, 
    `18` = 2L, `19` = 5L, `20` = 2L, `21` = 5L, `22` = 3L, `23` = 2L, 
    `24` = 3L, `25` = 2L, `26` = 5L, `27` = 3L, `28` = 2L, `29` = 3L, 
    `30` = 2L, `31` = 2L, `32` = 3L, `35` = 1L, `37` = 1L, `41` = 1L
    ), .Dim = 35L, .Dimnames = list(TagUsage = c("1", "2", "3", 
    "4", "5", "6", "7", "8", "9", "10", "11", "12", "13", "14", 
    "15", "16", "17", "18", "19", "20", "21", "22", "23", "24", 
    "25", "26", "27", "28", "29", "30", "31", "32", "35", "37", 
    "41")), class = "table"), No.Tag = structure(c(0L, 1L, 0L, 
    0L, 1L, 76L, 0L, 1L, 0L, 8L, 0L, 0L), .Dim = 4:3, .Dimnames = structure(list(
        c("-1", "0", "1", NA), c("C", "T", NA)), .Names = c("", 
    "")), class = "table"), All.Tags = list(Concordant = list(
        Freqs = structure(c(0, 4, 0, 1, 537, 3), .Dim = 3:2, .Dimnames = list(
            c("-1", "0", "1"), c("C", "T"))), N = 545), Majority = list(
        Freqs = structure(c(0, 4, 0, 1, 582, 4), .Dim = 3:2, .Dimnames = list(
            c("-1", "0", "1"), c("C", "T"))), N = 591)), `2` = structure(c(0, 
    0, 0, 0, 451, 2), .Dim = 3:2, .Dimnames = list(c("-1", "0", 
    "1"), c("C", "T"))))))
