Results <-
list(`bwa.out//20220204//BlindCMMRD93_S52.sam` = list(IM49_SNP1 = list(
    All = list(Freqs = structure(c(0L, 0L, 4L, 0L, 0L, 2L, 2L, 
    125L, 3288L, 64L, 1L, 20L, 0L, 0L, 2L, 0L, 0L, 0L, 0L, 2L, 
    305L, 3L, 0L, 0L), .Dim = c(6L, 4L), .Dimnames = structure(list(
        c("-2", "-1", "0", "1", "2", NA), c("C", "G", "T", NA
        )), .Names = c("", "")), class = "table"), N = 3818L), 
    Tag.Distribution = structure(c(`1` = 215L, `2` = 92L, `3` = 78L, 
    `4` = 69L, `5` = 57L, `6` = 39L, `7` = 31L, `8` = 17L, `9` = 20L, 
    `10` = 18L, `11` = 24L, `12` = 14L, `13` = 10L, `14` = 11L, 
    `15` = 8L, `16` = 13L, `17` = 9L, `18` = 4L, `19` = 7L, `20` = 1L, 
    `21` = 3L, `23` = 2L, `24` = 1L, `26` = 1L, `32` = 1L), .Dim = 25L, .Dimnames = list(
        TagUsage = c("1", "2", "3", "4", "5", "6", "7", "8", 
        "9", "10", "11", "12", "13", "14", "15", "16", "17", 
        "18", "19", "20", "21", "23", "24", "26", "32")), class = "table"), 
    No.Tag = structure(c(0L, 0L, 0L, 0L, 0L, 0L, 0L, 2L, 58L, 
    0L, 0L, 1L, 0L, 0L, 0L, 0L, 0L, 0L, 0L, 0L, 3L, 0L, 0L, 0L
    ), .Dim = c(6L, 4L), .Dimnames = structure(list(c("-2", "-1", 
    "0", "1", "2", NA), c("C", "G", "T", NA)), .Names = c("", 
    "")), class = "table"), All.Tags = list(Concordant = list(
        Freqs = structure(c(0, 0, 0, 0, 0, 0, 10, 529, 2, 0, 
        0, 0, 0, 0, 0), .Dim = c(5L, 3L), .Dimnames = list(c("-2", 
        "-1", "0", "1", "2"), c("C", "G", "T"))), N = 541), Majority = list(
        Freqs = structure(c(0, 0, 0, 0, 0, 0, 11, 653, 2, 0, 
        0, 0, 0, 0, 0), .Dim = c(5L, 3L), .Dimnames = list(c("-2", 
        "-1", "0", "1", "2"), c("C", "G", "T"))), N = 666)), 
    `2` = structure(c(0, 0, 0, 0, 0, 0, 5, 507, 0, 0, 0, 0, 0, 
    0, 0), .Dim = c(5L, 3L), .Dimnames = list(c("-2", "-1", "0", 
    "1", "2"), c("C", "G", "T"))))))
