Results <-
list(`bwa.out//20220204//BlindCMMRD70_S29.sam` = list(LR49_SNP1 = list(
    All = list(Freqs = structure(c(0L, 5L, 0L, 0L, 0L, 1L, 0L, 
    0L, 17L, 3871L, 2L, 3L, 0L, 12L, 0L, 0L), .Dim = c(4L, 4L
    ), .Dimnames = structure(list(c("-1", "0", "1", NA), c("A", 
    "C", "G", NA)), .Names = c("", "")), class = "table"), N = 3911L), 
    Tag.Distribution = structure(c(`1` = 105L, `2` = 51L, `3` = 36L, 
    `4` = 44L, `5` = 34L, `6` = 32L, `7` = 30L, `8` = 24L, `9` = 16L, 
    `10` = 16L, `11` = 10L, `12` = 14L, `13` = 14L, `14` = 15L, 
    `15` = 4L, `16` = 4L, `17` = 8L, `18` = 7L, `19` = 9L, `20` = 4L, 
    `21` = 8L, `22` = 1L, `23` = 2L, `24` = 1L, `25` = 1L, `26` = 1L, 
    `27` = 2L, `29` = 1L, `30` = 1L, `31` = 1L, `34` = 1L, `35` = 1L, 
    `37` = 1L, `38` = 1L, `40` = 1L, `42` = 2L, `43` = 1L, `45` = 1L, 
    `48` = 1L, `62` = 1L), .Dim = 40L, .Dimnames = list(TagUsage = c("1", 
    "2", "3", "4", "5", "6", "7", "8", "9", "10", "11", "12", 
    "13", "14", "15", "16", "17", "18", "19", "20", "21", "22", 
    "23", "24", "25", "26", "27", "29", "30", "31", "34", "35", 
    "37", "38", "40", "42", "43", "45", "48", "62")), class = "table"), 
    No.Tag = structure(c(0L, 0L, 0L, 0L, 0L, 0L, 0L, 0L, 0L, 
    122L, 0L, 0L, 0L, 2L, 0L, 0L), .Dim = c(4L, 4L), .Dimnames = structure(list(
        c("-1", "0", "1", NA), c("A", "C", "G", NA)), .Names = c("", 
    "")), class = "table"), All.Tags = list(Concordant = list(
        Freqs = structure(c(0, 1, 0, 0, 0, 0, 0, 480, 0), .Dim = c(3L, 
        3L), .Dimnames = list(c("-1", "0", "1"), c("A", "C", 
        "G"))), N = 481), Majority = list(Freqs = structure(c(0, 
    1, 0, 0, 0, 0, 0, 502, 0), .Dim = c(3L, 3L), .Dimnames = list(
        c("-1", "0", "1"), c("A", "C", "G"))), N = 503)), `2` = structure(c(0, 
    0, 0, 0, 0, 0, 0, 402, 0), .Dim = c(3L, 3L), .Dimnames = list(
        c("-1", "0", "1"), c("A", "C", "G"))))))
