Results <-
list(`bwa.out//20220204//BlindCMMRD74_S33.sam` = list(LR20_SNP1 = list(
    All = list(Freqs = structure(c(0L, 6L, 0L, 0L, 9L, 3939L, 
    4L, 4L, 0L, 1L, 0L, 0L, 1L, 30L, 0L, 0L), .Dim = c(4L, 4L
    ), .Dimnames = structure(list(c("-1", "0", "1", NA), c("A", 
    "G", "T", NA)), .Names = c("", "")), class = "table"), N = 3994L), 
    Tag.Distribution = structure(c(`1` = 118L, `2` = 86L, `3` = 78L, 
    `4` = 55L, `5` = 53L, `6` = 42L, `7` = 25L, `8` = 22L, `9` = 26L, 
    `10` = 20L, `11` = 15L, `12` = 10L, `13` = 5L, `14` = 9L, 
    `15` = 13L, `16` = 6L, `17` = 13L, `18` = 5L, `19` = 4L, 
    `20` = 4L, `21` = 4L, `22` = 3L, `23` = 3L, `24` = 4L, `25` = 2L, 
    `29` = 2L, `31` = 1L, `32` = 3L, `34` = 1L, `38` = 1L), .Dim = 30L, .Dimnames = list(
        TagUsage = c("1", "2", "3", "4", "5", "6", "7", "8", 
        "9", "10", "11", "12", "13", "14", "15", "16", "17", 
        "18", "19", "20", "21", "22", "23", "24", "25", "29", 
        "31", "32", "34", "38")), class = "table"), No.Tag = structure(c(0L, 
    0L, 0L, 0L, 0L, 86L, 0L, 1L, 0L, 0L, 0L, 0L, 0L, 5L, 0L, 
    0L), .Dim = c(4L, 4L), .Dimnames = structure(list(c("-1", 
    "0", "1", NA), c("A", "G", "T", NA)), .Names = c("", "")), class = "table"), 
    All.Tags = list(Concordant = list(Freqs = structure(c(0, 
    4, 0, 3, 607, 0, 0, 0, 0), .Dim = c(3L, 3L), .Dimnames = list(
        c("-1", "0", "1"), c("A", "G", "T"))), N = 614), Majority = list(
        Freqs = structure(c(0, 4, 0, 3, 619, 0, 0, 0, 0), .Dim = c(3L, 
        3L), .Dimnames = list(c("-1", "0", "1"), c("A", "G", 
        "T"))), N = 626)), `2` = structure(c(0, 0, 0, 0, 514, 
    0, 0, 0, 0), .Dim = c(3L, 3L), .Dimnames = list(c("-1", "0", 
    "1"), c("A", "G", "T"))))))
