Results <-
list(`bwa.out//20220204//Control27_S20.sam` = list(IM49_SNP1 = list(
    All = list(Freqs = structure(c(2L, 50L, 1783L, 36L, 1L, 18L, 
    0L, 45L, 1695L, 33L, 0L, 19L, 0L, 2L, 141L, 2L, 0L, 0L), .Dim = c(6L, 
    3L), .Dimnames = structure(list(c("-2", "-1", "0", "1", "2", 
    NA), c("C", "G", NA)), .Names = c("", "")), class = "table"), 
        N = 3827L), Tag.Distribution = structure(c(`1` = 247L, 
    `2` = 93L, `3` = 75L, `4` = 57L, `5` = 46L, `6` = 41L, `7` = 34L, 
    `8` = 20L, `9` = 25L, `10` = 13L, `11` = 9L, `12` = 11L, 
    `13` = 12L, `14` = 8L, `15` = 12L, `16` = 5L, `17` = 8L, 
    `18` = 7L, `19` = 6L, `20` = 2L, `21` = 4L, `22` = 2L, `23` = 2L, 
    `24` = 1L, `25` = 1L, `26` = 1L, `27` = 1L, `28` = 3L, `30` = 1L, 
    `36` = 1L, `38` = 1L), .Dim = 31L, .Dimnames = list(TagUsage = c("1", 
    "2", "3", "4", "5", "6", "7", "8", "9", "10", "11", "12", 
    "13", "14", "15", "16", "17", "18", "19", "20", "21", "22", 
    "23", "24", "25", "26", "27", "28", "30", "36", "38")), class = "table"), 
    No.Tag = structure(c(0L, 2L, 27L, 0L, 0L, 0L, 0L, 0L, 35L, 
    2L, 0L, 0L, 0L, 1L, 6L, 0L, 0L, 0L), .Dim = c(6L, 3L), .Dimnames = structure(list(
        c("-2", "-1", "0", "1", "2", NA), c("C", "G", NA)), .Names = c("", 
    "")), class = "table"), All.Tags = list(Concordant = list(
        Freqs = structure(c(0, 2, 285, 3, 0, 0, 2, 269, 0, 0), .Dim = c(5L, 
        2L), .Dimnames = list(c("-2", "-1", "0", "1", "2"), c("C", 
        "G"))), N = 561), Majority = list(Freqs = structure(c(0, 
    2, 358, 3, 0, 0, 2, 332, 0, 0), .Dim = c(5L, 2L), .Dimnames = list(
        c("-2", "-1", "0", "1", "2"), c("C", "G"))), N = 697)), 
    `2` = structure(c(0, 0, 247, 0, 0, 0, 0, 241, 0, 0), .Dim = c(5L, 
    2L), .Dimnames = list(c("-2", "-1", "0", "1", "2"), c("C", 
    "G"))))))
