Results <-
list(`bwa.out//20220204//MLPA99_S13.sam` = list(GM17_SNP1 = list(
    All = list(Freqs = structure(c(69L, 4086L, 13L, 4L, 0L, 1L, 
    0L, 0L, 0L, 21L, 0L, 0L), .Dim = 4:3, .Dimnames = structure(list(
        c("-1", "0", "1", NA), c("C", "T", NA)), .Names = c("", 
    "")), class = "table"), N = 4194L), Tag.Distribution = structure(c(`1` = 96L, 
    `2` = 22L, `3` = 19L, `4` = 18L, `5` = 14L, `6` = 11L, `7` = 20L, 
    `8` = 20L, `9` = 14L, `10` = 15L, `11` = 10L, `12` = 11L, 
    `13` = 7L, `14` = 10L, `15` = 8L, `16` = 11L, `17` = 4L, 
    `18` = 10L, `19` = 7L, `20` = 11L, `21` = 4L, `22` = 3L, 
    `23` = 7L, `24` = 4L, `25` = 2L, `26` = 1L, `27` = 6L, `28` = 2L, 
    `29` = 4L, `30` = 1L, `32` = 1L, `33` = 1L, `34` = 1L, `35` = 4L, 
    `38` = 1L, `39` = 2L, `42` = 2L, `43` = 1L, `44` = 1L, `49` = 1L, 
    `51` = 1L, `53` = 1L, `56` = 1L, `58` = 1L, `59` = 1L, `63` = 1L
    ), .Dim = 46L, .Dimnames = list(TagUsage = c("1", "2", "3", 
    "4", "5", "6", "7", "8", "9", "10", "11", "12", "13", "14", 
    "15", "16", "17", "18", "19", "20", "21", "22", "23", "24", 
    "25", "26", "27", "28", "29", "30", "32", "33", "34", "35", 
    "38", "39", "42", "43", "44", "49", "51", "53", "56", "58", 
    "59", "63")), class = "table"), No.Tag = structure(c(2L, 
    78L, 0L, 0L, 0L, 0L, 0L, 0L, 0L, 1L, 0L, 0L), .Dim = 4:3, .Dimnames = structure(list(
        c("-1", "0", "1", NA), c("C", "T", NA)), .Names = c("", 
    "")), class = "table"), All.Tags = list(Concordant = list(
        Freqs = structure(c(6, 333, 0, 0, 1, 0), .Dim = 3:2, .Dimnames = list(
            c("-1", "0", "1"), c("C", "T"))), N = 340), Majority = list(
        Freqs = structure(c(7, 379, 0, 0, 1, 0), .Dim = 3:2, .Dimnames = list(
            c("-1", "0", "1"), c("C", "T"))), N = 387)), `2` = structure(c(2, 
    293, 0, 0, 0, 0), .Dim = 3:2, .Dimnames = list(c("-1", "0", 
    "1"), c("C", "T"))))))
