Results <-
list(`bwa.out//20220204//Control15_S8.sam` = list(LR36_SNP1 = list(
    All = list(Freqs = structure(c(0L, 1L, 24L, 1084L, 9L, 3L, 
    1L, 4L, 23L, 1010L, 6L, 2L, 0L, 0L, 0L, 50L, 0L, 0L), .Dim = c(6L, 
    3L), .Dimnames = structure(list(c("-3", "-2", "-1", "0", 
    "1", NA), c("A", "T", NA)), .Names = c("", "")), class = "table"), 
        N = 2217L), Tag.Distribution = structure(c(`1` = 61L, 
    `2` = 21L, `3` = 27L, `4` = 29L, `5` = 15L, `6` = 19L, `7` = 17L, 
    `8` = 16L, `9` = 7L, `10` = 6L, `11` = 10L, `12` = 8L, `13` = 9L, 
    `14` = 7L, `15` = 4L, `16` = 3L, `17` = 8L, `18` = 3L, `19` = 2L, 
    `20` = 2L, `21` = 1L, `22` = 3L, `25` = 2L, `26` = 1L, `27` = 1L, 
    `28` = 1L, `30` = 1L, `31` = 1L, `32` = 2L, `45` = 1L), .Dim = 30L, .Dimnames = list(
        TagUsage = c("1", "2", "3", "4", "5", "6", "7", "8", 
        "9", "10", "11", "12", "13", "14", "15", "16", "17", 
        "18", "19", "20", "21", "22", "25", "26", "27", "28", 
        "30", "31", "32", "45")), class = "table"), No.Tag = structure(c(0L, 
    0L, 3L, 108L, 1L, 0L, 0L, 0L, 2L, 46L, 0L, 1L, 0L, 0L, 0L, 
    12L, 0L, 0L), .Dim = c(6L, 3L), .Dimnames = structure(list(
        c("-3", "-2", "-1", "0", "1", NA), c("A", "T", NA)), .Names = c("", 
    "")), class = "table"), All.Tags = list(Concordant = list(
        Freqs = structure(c(0, 1, 0, 120, 1, 0, 0, 2, 118, 0), .Dim = c(5L, 
        2L), .Dimnames = list(c("-3", "-2", "-1", "0", "1"), 
            c("A", "T"))), N = 242), Majority = list(Freqs = structure(c(0, 
    1, 1, 136, 1, 0, 0, 3, 138, 0), .Dim = c(5L, 2L), .Dimnames = list(
        c("-3", "-2", "-1", "0", "1"), c("A", "T"))), N = 280)), 
    `2` = structure(c(0, 0, 1, 105, 0, 0, 0, 1, 115, 0), .Dim = c(5L, 
    2L), .Dimnames = list(c("-3", "-2", "-1", "0", "1"), c("A", 
    "T"))))))
