Results <-
list(`bwa.out//20220204//MLPA03_S10.sam` = list(LR36_SNP1 = list(
    All = list(Freqs = structure(c(0L, 1L, 4L, 36L, 1717L, 17L, 
    21L, 1L, 0L, 1L, 33L, 1651L, 8L, 15L, 0L, 0L, 1L, 3L, 130L, 
    2L, 0L), .Dim = c(7L, 3L), .Dimnames = structure(list(c("-4", 
    "-3", "-2", "-1", "0", "1", NA), c("A", "T", NA)), .Names = c("", 
    "")), class = "table"), N = 3641L), Tag.Distribution = structure(c(`1` = 119L, 
    `2` = 32L, `3` = 28L, `4` = 17L, `5` = 23L, `6` = 16L, `7` = 9L, 
    `8` = 10L, `9` = 16L, `10` = 13L, `11` = 10L, `12` = 5L, 
    `13` = 5L, `14` = 8L, `15` = 10L, `16` = 4L, `17` = 8L, `18` = 5L, 
    `19` = 4L, `20` = 3L, `21` = 2L, `22` = 3L, `23` = 6L, `24` = 2L, 
    `25` = 2L, `26` = 2L, `28` = 1L, `29` = 2L, `30` = 2L, `31` = 1L, 
    `32` = 3L, `33` = 3L, `35` = 2L, `37` = 2L, `38` = 2L, `40` = 3L, 
    `41` = 2L, `42` = 1L, `43` = 1L, `46` = 1L, `47` = 1L, `48` = 2L, 
    `51` = 2L, `53` = 1L), .Dim = 44L, .Dimnames = list(TagUsage = c("1", 
    "2", "3", "4", "5", "6", "7", "8", "9", "10", "11", "12", 
    "13", "14", "15", "16", "17", "18", "19", "20", "21", "22", 
    "23", "24", "25", "26", "28", "29", "30", "31", "32", "33", 
    "35", "37", "38", "40", "41", "42", "43", "46", "47", "48", 
    "51", "53")), class = "table"), No.Tag = structure(c(0L, 
    0L, 0L, 0L, 52L, 1L, 3L, 0L, 0L, 0L, 0L, 60L, 0L, 2L, 0L, 
    0L, 0L, 0L, 18L, 0L, 0L), .Dim = c(7L, 3L), .Dimnames = structure(list(
        c("-4", "-3", "-2", "-1", "0", "1", NA), c("A", "T", 
        NA)), .Names = c("", "")), class = "table"), All.Tags = list(
        Concordant = list(Freqs = structure(c(0, 0, 1, 2, 141, 
        1, 0, 0, 0, 0, 149, 0), .Dim = c(6L, 2L), .Dimnames = list(
            c("-4", "-3", "-2", "-1", "0", "1"), c("A", "T"))), 
            N = 294), Majority = list(Freqs = structure(c(0, 
        0, 1, 2, 180, 1, 0, 0, 0, 0, 188, 0), .Dim = c(6L, 2L
        ), .Dimnames = list(c("-4", "-3", "-2", "-1", "0", "1"
        ), c("A", "T"))), N = 372)), `2` = structure(c(0, 0, 
    0, 0, 131, 0, 0, 0, 0, 0, 140, 0), .Dim = c(6L, 2L), .Dimnames = list(
        c("-4", "-3", "-2", "-1", "0", "1"), c("A", "T"))))))
