Results <-
list(`bwa.out//20220204//BlindCMMRD124_S50.sam` = list(GM11_SNP1 = list(
    All = list(Freqs = structure(c(20L, 4351L, 11L, 3L, 0L, 5L, 
    0L, 0L, 0L, 20L, 0L, 0L), .Dim = 4:3, .Dimnames = structure(list(
        c("-1", "0", "1", NA), c("A", "G", NA)), .Names = c("", 
    "")), class = "table"), N = 4410L), Tag.Distribution = structure(c(`1` = 195L, 
    `2` = 152L, `3` = 88L, `4` = 73L, `5` = 55L, `6` = 49L, `7` = 23L, 
    `8` = 36L, `9` = 26L, `10` = 17L, `11` = 20L, `12` = 18L, 
    `13` = 13L, `14` = 16L, `15` = 8L, `16` = 12L, `17` = 9L, 
    `18` = 7L, `19` = 4L, `20` = 3L, `21` = 4L, `22` = 1L, `23` = 1L, 
    `24` = 2L, `26` = 1L, `30` = 1L, `31` = 1L, `32` = 1L, `35` = 1L
    ), .Dim = 29L, .Dimnames = list(TagUsage = c("1", "2", "3", 
    "4", "5", "6", "7", "8", "9", "10", "11", "12", "13", "14", 
    "15", "16", "17", "18", "19", "20", "21", "22", "23", "24", 
    "26", "30", "31", "32", "35")), class = "table"), No.Tag = structure(c(0L, 
    45L, 0L, 0L, 0L, 0L, 0L, 0L, 0L, 1L, 0L, 0L), .Dim = 4:3, .Dimnames = structure(list(
        c("-1", "0", "1", NA), c("A", "G", NA)), .Names = c("", 
    "")), class = "table"), All.Tags = list(Concordant = list(
        Freqs = structure(c(1, 806, 0, 0, 4, 0), .Dim = 3:2, .Dimnames = list(
            c("-1", "0", "1"), c("A", "G"))), N = 811), Majority = list(
        Freqs = structure(c(2, 829, 0, 0, 4, 0), .Dim = 3:2, .Dimnames = list(
            c("-1", "0", "1"), c("A", "G"))), N = 835)), `2` = structure(c(1, 
    640, 0, 0, 0, 0), .Dim = 3:2, .Dimnames = list(c("-1", "0", 
    "1"), c("A", "G"))))))
