Results <-
list(`bwa.out//20220204//BlindCMMRD47_S7.sam` = list(LR52_SNP1 = list(
    All = list(Freqs = structure(c(0L, 0L, 0L, 1L, 0L, 0L, 0L, 
    0L, 0L, 1L, 0L, 0L, 1L, 9L, 126L, 1134L, 4L, 20L, 0L, 11L, 
    110L, 1305L, 7L, 15L, 0L, 0L, 12L, 458L, 7L, 0L), .Dim = 6:5, .Dimnames = structure(list(
        c("-3", "-2", "-1", "0", "1", NA), c("-", "A", "C", "T", 
        NA)), .Names = c("", "")), class = "table"), N = 3221L), 
    Tag.Distribution = structure(c(`1` = 63L, `2` = 14L, `3` = 11L, 
    `4` = 13L, `5` = 3L, `6` = 13L, `7` = 10L, `8` = 7L, `9` = 11L, 
    `10` = 6L, `11` = 8L, `12` = 7L, `13` = 3L, `14` = 5L, `15` = 6L, 
    `16` = 6L, `17` = 10L, `18` = 4L, `19` = 6L, `20` = 1L, `21` = 1L, 
    `22` = 1L, `23` = 1L, `24` = 2L, `25` = 1L, `26` = 4L, `27` = 1L, 
    `29` = 2L, `30` = 1L, `31` = 1L, `32` = 1L, `34` = 2L, `35` = 5L, 
    `37` = 3L, `38` = 1L, `39` = 4L, `40` = 1L, `41` = 3L, `42` = 1L, 
    `46` = 3L, `47` = 1L, `48` = 2L, `50` = 1L, `51` = 1L, `53` = 1L, 
    `63` = 1L, `66` = 1L, `69` = 1L), .Dim = 48L, .Dimnames = list(
        TagUsage = c("1", "2", "3", "4", "5", "6", "7", "8", 
        "9", "10", "11", "12", "13", "14", "15", "16", "17", 
        "18", "19", "20", "21", "22", "23", "24", "25", "26", 
        "27", "29", "30", "31", "32", "34", "35", "37", "38", 
        "39", "40", "41", "42", "46", "47", "48", "50", "51", 
        "53", "63", "66", "69")), class = "table"), No.Tag = structure(c(0L, 
    0L, 0L, 0L, 0L, 0L, 0L, 0L, 0L, 0L, 0L, 0L, 0L, 0L, 0L, 5L, 
    0L, 1L, 0L, 0L, 1L, 2L, 0L, 0L, 0L, 0L, 1L, 7L, 0L, 0L), .Dim = 6:5, .Dimnames = structure(list(
        c("-3", "-2", "-1", "0", "1", NA), c("-", "A", "C", "T", 
        NA)), .Names = c("", "")), class = "table"), All.Tags = list(
        Concordant = list(Freqs = structure(c(0, 0, 0, 0, 0, 
        0, 0, 0, 0, 0, 0, 0, 2, 52, 0, 0, 0, 1, 66, 1), .Dim = 5:4, .Dimnames = list(
            c("-3", "-2", "-1", "0", "1"), c("-", "A", "C", "T"
            ))), N = 122), Majority = list(Freqs = structure(c(0, 
        0, 0, 0, 0, 0, 0, 0, 0, 0, 0, 0, 3, 113, 0, 0, 0, 1, 
        119, 1), .Dim = 5:4, .Dimnames = list(c("-3", "-2", "-1", 
        "0", "1"), c("-", "A", "C", "T"))), N = 237)), `2` = structure(c(0, 
    0, 0, 0, 0, 0, 0, 0, 0, 0, 0, 0, 1, 93, 0, 0, 0, 0, 93, 0
    ), .Dim = 5:4, .Dimnames = list(c("-3", "-2", "-1", "0", 
    "1"), c("-", "A", "C", "T"))))))
