Results <-
list(`bwa.out//20220204//BlindCMMRD59_S18.sam` = list(GM26_SNP1 = list(
    All = list(Freqs = structure(c(0L, 12L, 2004L, 7L, 5L, 2L, 
    19L, 2110L, 6L, 0L, 0L, 0L, 38L, 0L, 0L), .Dim = c(5L, 3L
    ), .Dimnames = structure(list(c("-2", "-1", "0", "1", NA), 
        c("A", "G", NA)), .Names = c("", "")), class = "table"), 
        N = 4203L), Tag.Distribution = structure(c(`1` = 87L, 
    `2` = 38L, `3` = 53L, `4` = 37L, `5` = 40L, `6` = 37L, `7` = 29L, 
    `8` = 35L, `9` = 18L, `10` = 18L, `11` = 21L, `12` = 17L, 
    `13` = 18L, `14` = 9L, `15` = 7L, `16` = 10L, `17` = 7L, 
    `18` = 4L, `19` = 5L, `20` = 7L, `21` = 4L, `22` = 4L, `23` = 5L, 
    `24` = 3L, `25` = 2L, `26` = 6L, `27` = 2L, `29` = 1L, `30` = 1L, 
    `31` = 1L, `33` = 1L, `35` = 1L, `38` = 2L, `46` = 1L), .Dim = 34L, .Dimnames = list(
        TagUsage = c("1", "2", "3", "4", "5", "6", "7", "8", 
        "9", "10", "11", "12", "13", "14", "15", "16", "17", 
        "18", "19", "20", "21", "22", "23", "24", "25", "26", 
        "27", "29", "30", "31", "33", "35", "38", "46")), class = "table"), 
    No.Tag = structure(c(0L, 0L, 28L, 0L, 0L, 0L, 1L, 70L, 0L, 
    0L, 0L, 0L, 2L, 0L, 0L), .Dim = c(5L, 3L), .Dimnames = structure(list(
        c("-2", "-1", "0", "1", NA), c("A", "G", NA)), .Names = c("", 
    "")), class = "table"), All.Tags = list(Concordant = list(
        Freqs = structure(c(0, 0, 236, 0, 0, 0, 224, 1), .Dim = c(4L, 
        2L), .Dimnames = list(c("-2", "-1", "0", "1"), c("A", 
        "G"))), N = 461), Majority = list(Freqs = structure(c(0, 
    0, 264, 0, 0, 0, 257, 1), .Dim = c(4L, 2L), .Dimnames = list(
        c("-2", "-1", "0", "1"), c("A", "G"))), N = 522)), `2` = structure(c(0, 
    0, 226, 0, 0, 0, 217, 0), .Dim = c(4L, 2L), .Dimnames = list(
        c("-2", "-1", "0", "1"), c("A", "G"))))))
