Results <-
list(`bwa.out//20220204//MLPA79_S11.sam` = list(GM07_SNP1 = list(
    All = list(Freqs = structure(c(0L, 0L, 2L, 4L, 0L, 0L, 1L, 
    1L, 2L, 158L, 3443L, 120L, 3L, 71L, 0L, 0L, 0L, 1L, 0L, 0L, 
    0L, 0L, 0L, 1L, 49L, 4L, 0L, 0L), .Dim = c(7L, 4L), .Dimnames = structure(list(
        c("-3", "-2", "-1", "0", "1", "2", NA), c("A", "G", "T", 
        NA)), .Names = c("", "")), class = "table"), N = 3860L), 
    Tag.Distribution = structure(c(`1` = 144L, `2` = 66L, `3` = 46L, 
    `4` = 50L, `5` = 35L, `6` = 35L, `7` = 25L, `8` = 18L, `9` = 23L, 
    `10` = 16L, `11` = 13L, `12` = 16L, `13` = 14L, `14` = 10L, 
    `15` = 6L, `16` = 6L, `17` = 9L, `18` = 8L, `19` = 5L, `20` = 4L, 
    `21` = 3L, `22` = 1L, `23` = 4L, `24` = 2L, `27` = 3L, `28` = 2L, 
    `29` = 1L, `32` = 1L, `36` = 1L, `37` = 1L, `39` = 1L, `42` = 2L
    ), .Dim = 32L, .Dimnames = list(TagUsage = c("1", "2", "3", 
    "4", "5", "6", "7", "8", "9", "10", "11", "12", "13", "14", 
    "15", "16", "17", "18", "19", "20", "21", "22", "23", "24", 
    "27", "28", "29", "32", "36", "37", "39", "42")), class = "table"), 
    No.Tag = structure(c(0L, 0L, 0L, 1L, 0L, 0L, 1L, 0L, 0L, 
    6L, 198L, 9L, 1L, 18L, 0L, 0L, 0L, 0L, 0L, 0L, 0L, 0L, 0L, 
    0L, 7L, 0L, 0L, 0L), .Dim = c(7L, 4L), .Dimnames = structure(list(
        c("-3", "-2", "-1", "0", "1", "2", NA), c("A", "G", "T", 
        NA)), .Names = c("", "")), class = "table"), All.Tags = list(
        Concordant = list(Freqs = structure(c(0, 0, 2, 1, 0, 
        0, 0, 0, 4, 393, 8, 0, 0, 0, 0, 0, 0, 0), .Dim = c(6L, 
        3L), .Dimnames = list(c("-3", "-2", "-1", "0", "1", "2"
        ), c("A", "G", "T"))), N = 408), Majority = list(Freqs = structure(c(0, 
        0, 2, 1, 0, 0, 0, 0, 5, 536, 8, 0, 0, 0, 0, 0, 0, 0), .Dim = c(6L, 
        3L), .Dimnames = list(c("-3", "-2", "-1", "0", "1", "2"
        ), c("A", "G", "T"))), N = 552)), `2` = structure(c(0, 
    0, 0, 0, 0, 0, 0, 0, 2, 413, 3, 0, 0, 0, 0, 0, 0, 0), .Dim = c(6L, 
    3L), .Dimnames = list(c("-3", "-2", "-1", "0", "1", "2"), 
        c("A", "G", "T"))))))
