Results <-
list(`bwa.out//20220204//BlindCMMRD61_S20.sam` = list(GM14_SNP1 = list(
    All = list(Freqs = structure(c(4L, 109L, 3389L, 25L, 2L, 
    6L, 0L, 0L, 22L, 0L, 0L, 0L), .Dim = c(6L, 2L), .Dimnames = structure(list(
        c("-2", "-1", "0", "1", "2", NA), c("C", NA)), .Names = c("", 
    "")), class = "table"), N = 3557L), Tag.Distribution = structure(c(`1` = 73L, 
    `2` = 26L, `3` = 30L, `4` = 18L, `5` = 26L, `6` = 12L, `7` = 10L, 
    `8` = 14L, `9` = 18L, `10` = 22L, `11` = 6L, `12` = 13L, 
    `13` = 10L, `14` = 9L, `15` = 4L, `16` = 11L, `17` = 4L, 
    `18` = 5L, `19` = 2L, `20` = 6L, `21` = 5L, `22` = 3L, `23` = 7L, 
    `24` = 7L, `25` = 2L, `26` = 2L, `27` = 1L, `28` = 1L, `29` = 4L, 
    `30` = 6L, `31` = 2L, `32` = 4L, `33` = 2L, `35` = 1L, `40` = 1L, 
    `50` = 1L, `53` = 1L), .Dim = 37L, .Dimnames = list(TagUsage = c("1", 
    "2", "3", "4", "5", "6", "7", "8", "9", "10", "11", "12", 
    "13", "14", "15", "16", "17", "18", "19", "20", "21", "22", 
    "23", "24", "25", "26", "27", "28", "29", "30", "31", "32", 
    "33", "35", "40", "50", "53")), class = "table"), No.Tag = structure(c(0L, 
    8L, 74L, 2L, 0L, 1L, 0L, 0L, 2L, 0L, 0L, 0L), .Dim = c(6L, 
    2L), .Dimnames = structure(list(c("-2", "-1", "0", "1", "2", 
    NA), c("C", NA)), .Names = c("", "")), class = "table"), 
    All.Tags = list(Concordant = list(Freqs = structure(c(0, 
    0, 266, 2, 0), .Dim = c(5L, 1L), .Dimnames = list(c("-2", 
    "-1", "0", "1", "2"), "C")), N = 268), Majority = list(Freqs = structure(c(0, 
    0, 361, 2, 0), .Dim = c(5L, 1L), .Dimnames = list(c("-2", 
    "-1", "0", "1", "2"), "C")), N = 363)), `2` = structure(c(0, 
    0, 293, 0, 0), .Dim = c(5L, 1L), .Dimnames = list(c("-2", 
    "-1", "0", "1", "2"), "C")))))
