Results <-
list(`bwa.out//20220204//BlindCMMRD113_S39.sam` = list(GM07_SNP1 = list(
    All = list(Freqs = structure(c(3L, 78L, 886L, 24L, 6L, 1L, 
    10L, 0L, 60L, 826L, 21L, 1L, 0L, 10L, 0L, 0L, 1L, 0L, 0L, 
    0L, 0L, 0L, 1L, 6L, 0L, 0L, 0L, 0L), .Dim = c(7L, 4L), .Dimnames = structure(list(
        c("-2", "-1", "0", "1", "2", "3", NA), c("A", "G", "T", 
        NA)), .Names = c("", "")), class = "table"), N = 1934L), 
    Tag.Distribution = structure(c(`1` = 151L, `2` = 118L, `3` = 79L, 
    `4` = 64L, `5` = 36L, `6` = 24L, `7` = 24L, `8` = 10L, `9` = 10L, 
    `10` = 9L, `11` = 6L, `12` = 4L, `13` = 5L, `16` = 2L), .Dim = 14L, .Dimnames = list(
        TagUsage = c("1", "2", "3", "4", "5", "6", "7", "8", 
        "9", "10", "11", "12", "13", "16")), class = "table"), 
    No.Tag = structure(c(0L, 2L, 44L, 1L, 0L, 0L, 1L, 0L, 2L, 
    34L, 1L, 0L, 0L, 5L, 0L, 0L, 0L, 0L, 0L, 0L, 0L, 0L, 0L, 
    1L, 0L, 0L, 0L, 0L), .Dim = c(7L, 4L), .Dimnames = structure(list(
        c("-2", "-1", "0", "1", "2", "3", NA), c("A", "G", "T", 
        NA)), .Names = c("", "")), class = "table"), All.Tags = list(
        Concordant = list(Freqs = structure(c(0, 6, 212, 0, 0, 
        0, 0, 7, 208, 1, 0, 0, 0, 0, 0, 0, 0, 0), .Dim = c(6L, 
        3L), .Dimnames = list(c("-2", "-1", "0", "1", "2", "3"
        ), c("A", "G", "T"))), N = 434), Majority = list(Freqs = structure(c(0, 
        11, 249, 2, 1, 0, 0, 10, 247, 1, 0, 0, 0, 0, 0, 0, 0, 
        0), .Dim = c(6L, 3L), .Dimnames = list(c("-2", "-1", 
        "0", "1", "2", "3"), c("A", "G", "T"))), N = 521)), `2` = structure(c(0, 
    9, 176, 2, 1, 0, 0, 6, 176, 0, 0, 0, 0, 0, 0, 0, 0, 0), .Dim = c(6L, 
    3L), .Dimnames = list(c("-2", "-1", "0", "1", "2", "3"), 
        c("A", "G", "T"))))))
