Results <-
list(`bwa.out//20220204//Control22_S15.sam` = list(LR44_SNP1 = list(
    All = list(Freqs = structure(c(7L, 173L, 2241L, 35L, 1L, 
    7L, 0L, 1L, 29L, 0L, 0L, 0L), .Dim = c(6L, 2L), .Dimnames = structure(list(
        c("-2", "-1", "0", "1", "2", NA), c("C", NA)), .Names = c("", 
    "")), class = "table"), N = 2494L), Tag.Distribution = structure(c(`1` = 112L, 
    `2` = 62L, `3` = 55L, `4` = 48L, `5` = 35L, `6` = 31L, `7` = 23L, 
    `8` = 21L, `9` = 16L, `10` = 15L, `11` = 7L, `12` = 14L, 
    `13` = 6L, `14` = 4L, `15` = 5L, `16` = 4L, `17` = 6L, `18` = 3L, 
    `19` = 2L, `20` = 1L, `21` = 1L, `22` = 1L, `23` = 1L, `29` = 1L, 
    `36` = 1L), .Dim = 25L, .Dimnames = list(TagUsage = c("1", 
    "2", "3", "4", "5", "6", "7", "8", "9", "10", "11", "12", 
    "13", "14", "15", "16", "17", "18", "19", "20", "21", "22", 
    "23", "29", "36")), class = "table"), No.Tag = structure(c(0L, 
    7L, 44L, 0L, 0L, 0L, 0L, 0L, 3L, 0L, 0L, 0L), .Dim = c(6L, 
    2L), .Dimnames = structure(list(c("-2", "-1", "0", "1", "2", 
    NA), c("C", NA)), .Names = c("", "")), class = "table"), 
    All.Tags = list(Concordant = list(Freqs = structure(c(0, 
    10, 319, 2, 0), .Dim = c(5L, 1L), .Dimnames = list(c("-2", 
    "-1", "0", "1", "2"), "C")), N = 331), Majority = list(Freqs = structure(c(0, 
    11, 445, 2, 0), .Dim = c(5L, 1L), .Dimnames = list(c("-2", 
    "-1", "0", "1", "2"), "C")), N = 458)), `2` = structure(c(0, 
    4, 349, 0, 0), .Dim = c(5L, 1L), .Dimnames = list(c("-2", 
    "-1", "0", "1", "2"), "C")))))
