Results <-
list(`bwa.out//20220204//Control16_S9.sam` = list(GM11_SNP1 = list(
    All = list(Freqs = structure(c(0L, 11L, 1177L, 0L, 0L, 1L, 
    8L, 1437L, 8L, 1L, 0L, 0L, 14L, 1L, 0L), .Dim = c(5L, 3L), .Dimnames = structure(list(
        c("-2", "-1", "0", "1", NA), c("A", "G", NA)), .Names = c("", 
    "")), class = "table"), N = 2658L), Tag.Distribution = structure(c(`1` = 103L, 
    `2` = 60L, `3` = 51L, `4` = 48L, `5` = 32L, `6` = 32L, `7` = 17L, 
    `8` = 22L, `9` = 14L, `10` = 10L, `11` = 13L, `12` = 9L, 
    `13` = 7L, `14` = 5L, `15` = 9L, `16` = 4L, `17` = 4L, `18` = 1L, 
    `19` = 4L, `20` = 3L, `21` = 1L, `23` = 4L, `24` = 2L, `25` = 2L, 
    `26` = 2L, `28` = 1L, `31` = 1L), .Dim = 27L, .Dimnames = list(
        TagUsage = c("1", "2", "3", "4", "5", "6", "7", "8", 
        "9", "10", "11", "12", "13", "14", "15", "16", "17", 
        "18", "19", "20", "21", "23", "24", "25", "26", "28", 
        "31")), class = "table"), No.Tag = structure(c(0L, 1L, 
    30L, 0L, 0L, 0L, 1L, 28L, 0L, 0L, 0L, 0L, 1L, 1L, 0L), .Dim = c(5L, 
    3L), .Dimnames = structure(list(c("-2", "-1", "0", "1", NA
    ), c("A", "G", NA)), .Names = c("", "")), class = "table"), 
    All.Tags = list(Concordant = list(Freqs = structure(c(0, 
    1, 206, 0, 0, 0, 210, 0), .Dim = c(4L, 2L), .Dimnames = list(
        c("-2", "-1", "0", "1"), c("A", "G"))), N = 417), Majority = list(
        Freqs = structure(c(0, 1, 226, 0, 0, 0, 231, 0), .Dim = c(4L, 
        2L), .Dimnames = list(c("-2", "-1", "0", "1"), c("A", 
        "G"))), N = 458)), `2` = structure(c(0, 1, 169, 0, 0, 
    0, 185, 0), .Dim = c(4L, 2L), .Dimnames = list(c("-2", "-1", 
    "0", "1"), c("A", "G"))))))
