Results <-
list(`bwa.out//20220204//BlindCMMRD71_S30.sam` = list(GM17_SNP1 = list(
    All = list(Freqs = structure(c(0L, 0L, 2L, 0L, 0L, 1L, 60L, 
    4208L, 6L, 4L, 3L, 106L, 4767L, 15L, 4L, 0L, 0L, 57L, 0L, 
    0L), .Dim = 5:4, .Dimnames = structure(list(c("-2", "-1", 
    "0", "1", NA), c("A", "C", "T", NA)), .Names = c("", "")), class = "table"), 
        N = 9233L), Tag.Distribution = structure(c(`1` = 118L, 
    `2` = 24L, `3` = 19L, `4` = 23L, `5` = 25L, `6` = 22L, `7` = 25L, 
    `8` = 18L, `9` = 16L, `10` = 17L, `11` = 25L, `12` = 15L, 
    `13` = 12L, `14` = 15L, `15` = 16L, `16` = 16L, `17` = 13L, 
    `18` = 14L, `19` = 10L, `20` = 14L, `21` = 15L, `22` = 11L, 
    `23` = 9L, `24` = 3L, `25` = 8L, `26` = 4L, `27` = 5L, `28` = 6L, 
    `29` = 5L, `31` = 6L, `32` = 5L, `33` = 4L, `34` = 9L, `35` = 2L, 
    `36` = 7L, `37` = 7L, `38` = 3L, `39` = 5L, `40` = 4L, `41` = 1L, 
    `42` = 1L, `43` = 3L, `44` = 2L, `45` = 5L, `46` = 1L, `47` = 5L, 
    `48` = 2L, `49` = 1L, `50` = 3L, `51` = 1L, `52` = 5L, `53` = 4L, 
    `54` = 1L, `55` = 2L, `57` = 1L, `59` = 1L, `62` = 1L, `70` = 1L, 
    `79` = 1L), .Dim = 59L, .Dimnames = list(TagUsage = c("1", 
    "2", "3", "4", "5", "6", "7", "8", "9", "10", "11", "12", 
    "13", "14", "15", "16", "17", "18", "19", "20", "21", "22", 
    "23", "24", "25", "26", "27", "28", "29", "31", "32", "33", 
    "34", "35", "36", "37", "38", "39", "40", "41", "42", "43", 
    "44", "45", "46", "47", "48", "49", "50", "51", "52", "53", 
    "54", "55", "57", "59", "62", "70", "79")), class = "table"), 
    No.Tag = structure(c(0L, 0L, 1L, 0L, 0L, 0L, 0L, 99L, 0L, 
    0L, 0L, 1L, 121L, 0L, 1L, 0L, 0L, 8L, 0L, 0L), .Dim = 5:4, .Dimnames = structure(list(
        c("-2", "-1", "0", "1", NA), c("A", "C", "T", NA)), .Names = c("", 
    "")), class = "table"), All.Tags = list(Concordant = list(
        Freqs = structure(c(0, 0, 0, 0, 0, 1, 225, 0, 0, 2, 255, 
        0), .Dim = 4:3, .Dimnames = list(c("-2", "-1", "0", "1"
        ), c("A", "C", "T"))), N = 483), Majority = list(Freqs = structure(c(0, 
    0, 0, 0, 0, 1, 280, 0, 0, 4, 321, 0), .Dim = 4:3, .Dimnames = list(
        c("-2", "-1", "0", "1"), c("A", "C", "T"))), N = 606)), 
    `2` = structure(c(0, 0, 0, 0, 0, 0, 230, 0, 0, 3, 263, 0), .Dim = 4:3, .Dimnames = list(
        c("-2", "-1", "0", "1"), c("A", "C", "T"))))))
