Results <-
list(`bwa.out//20220204//MLPA03_S10.sam` = list(IM49_SNP1 = list(
    All = list(Freqs = structure(c(1L, 53L, 2041L, 44L, 1L, 11L, 
    0L, 0L, 1L, 0L, 0L, 0L, 0L, 0L, 109L, 1L, 0L, 0L), .Dim = c(6L, 
    3L), .Dimnames = structure(list(c("-2", "-1", "0", "1", "2", 
    NA), c("C", "G", NA)), .Names = c("", "")), class = "table"), 
        N = 2262L), Tag.Distribution = structure(c(`1` = 126L, 
    `2` = 34L, `3` = 33L, `4` = 22L, `5` = 24L, `6` = 19L, `7` = 15L, 
    `8` = 15L, `9` = 16L, `10` = 11L, `11` = 7L, `12` = 6L, `13` = 8L, 
    `14` = 6L, `15` = 9L, `16` = 3L, `17` = 1L, `18` = 3L, `19` = 3L, 
    `20` = 2L, `21` = 2L, `22` = 1L, `23` = 2L, `24` = 1L, `25` = 1L, 
    `27` = 1L, `28` = 3L, `30` = 1L, `33` = 2L, `37` = 1L, `38` = 1L
    ), .Dim = 31L, .Dimnames = list(TagUsage = c("1", "2", "3", 
    "4", "5", "6", "7", "8", "9", "10", "11", "12", "13", "14", 
    "15", "16", "17", "18", "19", "20", "21", "22", "23", "24", 
    "25", "27", "28", "30", "33", "37", "38")), class = "table"), 
    No.Tag = structure(c(0L, 1L, 34L, 0L, 0L, 0L, 0L, 0L, 0L, 
    0L, 0L, 0L, 0L, 0L, 4L, 0L, 0L, 0L), .Dim = c(6L, 3L), .Dimnames = structure(list(
        c("-2", "-1", "0", "1", "2", NA), c("C", "G", NA)), .Names = c("", 
    "")), class = "table"), All.Tags = list(Concordant = list(
        Freqs = structure(c(0, 1, 265, 2, 0, 0, 0, 1, 0, 0), .Dim = c(5L, 
        2L), .Dimnames = list(c("-2", "-1", "0", "1", "2"), c("C", 
        "G"))), N = 269), Majority = list(Freqs = structure(c(0, 
    1, 332, 2, 0, 0, 0, 1, 0, 0), .Dim = c(5L, 2L), .Dimnames = list(
        c("-2", "-1", "0", "1", "2"), c("C", "G"))), N = 336)), 
    `2` = structure(c(0, 1, 246, 0, 0, 0, 0, 0, 0, 0), .Dim = c(5L, 
    2L), .Dimnames = list(c("-2", "-1", "0", "1", "2"), c("C", 
    "G"))))))
