Results <-
list(`bwa.out//20220204//BlindCMMRD71_S30.sam` = list(LR24_SNP1 = list(
    All = list(Freqs = structure(c(51L, 5954L, 13L, 7L, 0L, 0L, 
    0L, 1L, 1L, 3L, 0L, 0L, 0L, 32L, 1L, 0L), .Dim = c(4L, 4L
    ), .Dimnames = structure(list(c("-1", "0", "1", NA), c("A", 
    "C", "G", NA)), .Names = c("", "")), class = "table"), N = 6063L), 
    Tag.Distribution = structure(c(`1` = 151L, `2` = 74L, `3` = 65L, 
    `4` = 57L, `5` = 42L, `6` = 37L, `7` = 30L, `8` = 37L, `9` = 35L, 
    `10` = 24L, `11` = 27L, `12` = 33L, `13` = 13L, `14` = 18L, 
    `15` = 17L, `16` = 15L, `17` = 15L, `18` = 10L, `19` = 10L, 
    `20` = 7L, `21` = 2L, `22` = 5L, `23` = 5L, `24` = 3L, `25` = 6L, 
    `26` = 4L, `27` = 1L, `28` = 3L, `29` = 1L, `31` = 2L, `32` = 1L, 
    `33` = 1L, `35` = 1L, `36` = 2L, `42` = 1L, `44` = 1L, `45` = 1L, 
    `47` = 1L), .Dim = 38L, .Dimnames = list(TagUsage = c("1", 
    "2", "3", "4", "5", "6", "7", "8", "9", "10", "11", "12", 
    "13", "14", "15", "16", "17", "18", "19", "20", "21", "22", 
    "23", "24", "25", "26", "27", "28", "29", "31", "32", "33", 
    "35", "36", "42", "44", "45", "47")), class = "table"), No.Tag = structure(c(3L, 
    316L, 1L, 3L, 0L, 0L, 0L, 0L, 0L, 0L, 0L, 0L, 0L, 6L, 0L, 
    0L), .Dim = c(4L, 4L), .Dimnames = structure(list(c("-1", 
    "0", "1", NA), c("A", "C", "G", NA)), .Names = c("", "")), class = "table"), 
    All.Tags = list(Concordant = list(Freqs = structure(c(2, 
    701, 0, 0, 0, 0, 1, 2, 0), .Dim = c(3L, 3L), .Dimnames = list(
        c("-1", "0", "1"), c("A", "C", "G"))), N = 706), Majority = list(
        Freqs = structure(c(3, 739, 0, 0, 0, 0, 1, 2, 0), .Dim = c(3L, 
        3L), .Dimnames = list(c("-1", "0", "1"), c("A", "C", 
        "G"))), N = 745)), `2` = structure(c(2, 602, 0, 0, 0, 
    0, 0, 0, 0), .Dim = c(3L, 3L), .Dimnames = list(c("-1", "0", 
    "1"), c("A", "C", "G"))))))
