Results <-
list(`bwa.out//20220204//BlindCMMRD93_S52.sam` = list(LR40_SNP1 = list(
    All = list(Freqs = structure(c(0L, 1L, 0L, 0L, 0L, 57L, 3862L, 
    10L, 1L, 9L, 0L, 15L, 0L, 0L, 0L), .Dim = c(5L, 3L), .Dimnames = structure(list(
        c("-1", "0", "1", "2", NA), c("A", "C", NA)), .Names = c("", 
    "")), class = "table"), N = 3955L), Tag.Distribution = structure(c(`1` = 112L, 
    `2` = 76L, `3` = 61L, `4` = 53L, `5` = 45L, `6` = 40L, `7` = 26L, 
    `8` = 30L, `9` = 25L, `10` = 12L, `11` = 18L, `12` = 10L, 
    `13` = 9L, `14` = 9L, `15` = 6L, `16` = 9L, `17` = 7L, `18` = 7L, 
    `19` = 5L, `20` = 4L, `21` = 5L, `22` = 4L, `23` = 5L, `24` = 1L, 
    `25` = 1L, `26` = 2L, `27` = 2L, `28` = 3L, `29` = 2L, `30` = 1L, 
    `31` = 1L, `33` = 1L, `34` = 1L), .Dim = 33L, .Dimnames = list(
        TagUsage = c("1", "2", "3", "4", "5", "6", "7", "8", 
        "9", "10", "11", "12", "13", "14", "15", "16", "17", 
        "18", "19", "20", "21", "22", "23", "24", "25", "26", 
        "27", "28", "29", "30", "31", "33", "34")), class = "table"), 
    No.Tag = structure(c(0L, 0L, 0L, 0L, 0L, 2L, 107L, 0L, 0L, 
    3L, 0L, 4L, 0L, 0L, 0L), .Dim = c(5L, 3L), .Dimnames = structure(list(
        c("-1", "0", "1", "2", NA), c("A", "C", NA)), .Names = c("", 
    "")), class = "table"), All.Tags = list(Concordant = list(
        Freqs = structure(c(0, 1, 0, 0, 2, 539, 1, 0), .Dim = c(4L, 
        2L), .Dimnames = list(c("-1", "0", "1", "2"), c("A", 
        "C"))), N = 543), Majority = list(Freqs = structure(c(0, 
    1, 0, 0, 2, 589, 1, 0), .Dim = c(4L, 2L), .Dimnames = list(
        c("-1", "0", "1", "2"), c("A", "C"))), N = 593)), `2` = structure(c(0, 
    0, 0, 0, 0, 481, 0, 0), .Dim = c(4L, 2L), .Dimnames = list(
        c("-1", "0", "1", "2"), c("A", "C"))))))
