Results <-
list(`bwa.out//20220204//BlindCMMRD50_S10.sam` = list(LR17_SNP1 = list(
    All = list(Freqs = structure(c(1L, 80L, 1489L, 15L, 1L, 8L, 
    0L, 0L, 1L, 0L, 0L, 0L, 0L, 2L, 50L, 0L, 0L, 0L), .Dim = c(6L, 
    3L), .Dimnames = structure(list(c("-2", "-1", "0", "1", "2", 
    NA), c("A", "G", NA)), .Names = c("", "")), class = "table"), 
        N = 1647L), Tag.Distribution = structure(c(`1` = 33L, 
    `2` = 3L, `3` = 5L, `4` = 4L, `5` = 6L, `6` = 2L, `7` = 4L, 
    `8` = 1L, `9` = 4L, `10` = 2L, `11` = 1L, `12` = 3L, `13` = 1L, 
    `14` = 4L, `15` = 4L, `16` = 5L, `17` = 2L, `19` = 4L, `21` = 1L, 
    `22` = 1L, `23` = 1L, `24` = 1L, `25` = 1L, `26` = 1L, `27` = 1L, 
    `28` = 3L, `29` = 1L, `32` = 1L, `33` = 1L, `34` = 1L, `37` = 2L, 
    `38` = 2L, `39` = 2L, `42` = 2L, `43` = 1L, `44` = 2L, `46` = 1L, 
    `48` = 1L, `68` = 1L), .Dim = 39L, .Dimnames = list(TagUsage = c("1", 
    "2", "3", "4", "5", "6", "7", "8", "9", "10", "11", "12", 
    "13", "14", "15", "16", "17", "19", "21", "22", "23", "24", 
    "25", "26", "27", "28", "29", "32", "33", "34", "37", "38", 
    "39", "42", "43", "44", "46", "48", "68")), class = "table"), 
    No.Tag = structure(c(0L, 0L, 86L, 1L, 0L, 0L, 0L, 0L, 0L, 
    0L, 0L, 0L, 0L, 0L, 5L, 0L, 0L, 0L), .Dim = c(6L, 3L), .Dimnames = structure(list(
        c("-2", "-1", "0", "1", "2", NA), c("A", "G", NA)), .Names = c("", 
    "")), class = "table"), All.Tags = list(Concordant = list(
        Freqs = structure(c(0, 2, 74, 0, 0, 0, 0, 0, 0, 0), .Dim = c(5L, 
        2L), .Dimnames = list(c("-2", "-1", "0", "1", "2"), c("A", 
        "G"))), N = 76), Majority = list(Freqs = structure(c(0, 
    3, 110, 0, 0, 0, 0, 0, 0, 0), .Dim = c(5L, 2L), .Dimnames = list(
        c("-2", "-1", "0", "1", "2"), c("A", "G"))), N = 113)), 
    `2` = structure(c(0, 1, 82, 0, 0, 0, 0, 0, 0, 0), .Dim = c(5L, 
    2L), .Dimnames = list(c("-2", "-1", "0", "1", "2"), c("A", 
    "G"))))))
