Results <-
list(`bwa.out//20220204//BlindCMMRD73_S32.sam` = list(GM09_SNP1 = list(
    All = list(Freqs = structure(c(0L, 1L, 0L, 0L, 18L, 3067L, 
    3L, 4L, 14L, 3105L, 7L, 1L, 0L, 3L, 0L, 0L, 0L, 39L, 0L, 
    0L), .Dim = 4:5, .Dimnames = structure(list(c("-1", "0", 
    "1", NA), c("-", "A", "G", "T", NA)), .Names = c("", "")), class = "table"), 
        N = 6262L), Tag.Distribution = structure(c(`1` = 133L, 
    `2` = 66L, `3` = 51L, `4` = 46L, `5` = 51L, `6` = 37L, `7` = 45L, 
    `8` = 37L, `9` = 35L, `10` = 24L, `11` = 27L, `12` = 22L, 
    `13` = 14L, `14` = 15L, `15` = 14L, `16` = 12L, `17` = 12L, 
    `18` = 12L, `19` = 9L, `20` = 8L, `21` = 10L, `22` = 5L, 
    `23` = 6L, `24` = 10L, `25` = 5L, `26` = 3L, `27` = 3L, `28` = 3L, 
    `29` = 3L, `30` = 2L, `31` = 1L, `34` = 1L, `35` = 3L, `36` = 2L, 
    `37` = 1L, `39` = 1L, `40` = 1L, `41` = 2L, `46` = 1L, `52` = 1L
    ), .Dim = 40L, .Dimnames = list(TagUsage = c("1", "2", "3", 
    "4", "5", "6", "7", "8", "9", "10", "11", "12", "13", "14", 
    "15", "16", "17", "18", "19", "20", "21", "22", "23", "24", 
    "25", "26", "27", "28", "29", "30", "31", "34", "35", "36", 
    "37", "39", "40", "41", "46", "52")), class = "table"), No.Tag = structure(c(0L, 
    0L, 0L, 0L, 0L, 67L, 0L, 1L, 0L, 89L, 0L, 1L, 0L, 0L, 0L, 
    0L, 0L, 2L, 0L, 0L), .Dim = 4:5, .Dimnames = structure(list(
        c("-1", "0", "1", NA), c("-", "A", "G", "T", NA)), .Names = c("", 
    "")), class = "table"), All.Tags = list(Concordant = list(
        Freqs = structure(c(0, 0, 0, 0, 332, 0, 0, 304, 0, 0, 
        0, 0), .Dim = 3:4, .Dimnames = list(c("-1", "0", "1"), 
            c("-", "A", "G", "T"))), N = 636), Majority = list(
        Freqs = structure(c(0, 0, 0, 0, 374, 0, 0, 348, 0, 0, 
        0, 0), .Dim = 3:4, .Dimnames = list(c("-1", "0", "1"), 
            c("-", "A", "G", "T"))), N = 722)), `2` = structure(c(0, 
    0, 0, 0, 308, 0, 0, 285, 0, 0, 0, 0), .Dim = 3:4, .Dimnames = list(
        c("-1", "0", "1"), c("-", "A", "G", "T"))))))
