Results <-
list(`bwa.out//20220204//BlindCMMRD110_S36.sam` = list(GM11_SNP1 = list(
    All = list(Freqs = structure(c(11L, 2847L, 4L, 1L, 19L, 2906L, 
    8L, 4L, 0L, 21L, 1L, 0L), .Dim = 4:3, .Dimnames = structure(list(
        c("-1", "0", "1", NA), c("A", "G", NA)), .Names = c("", 
    "")), class = "table"), N = 5822L), Tag.Distribution = structure(c(`1` = 200L, 
    `2` = 156L, `3` = 132L, `4` = 111L, `5` = 94L, `6` = 65L, 
    `7` = 83L, `8` = 47L, `9` = 40L, `10` = 35L, `11` = 34L, 
    `12` = 21L, `13` = 19L, `14` = 16L, `15` = 6L, `16` = 4L, 
    `17` = 5L, `18` = 2L, `19` = 5L, `20` = 3L, `21` = 3L, `22` = 1L, 
    `23` = 4L, `26` = 4L, `27` = 1L, `30` = 1L), .Dim = 26L, .Dimnames = list(
        TagUsage = c("1", "2", "3", "4", "5", "6", "7", "8", 
        "9", "10", "11", "12", "13", "14", "15", "16", "17", 
        "18", "19", "20", "21", "22", "23", "26", "27", "30")), class = "table"), 
    No.Tag = structure(c(1L, 35L, 0L, 0L, 0L, 41L, 0L, 1L, 0L, 
    0L, 0L, 0L), .Dim = 4:3, .Dimnames = structure(list(c("-1", 
    "0", "1", NA), c("A", "G", NA)), .Names = c("", "")), class = "table"), 
    All.Tags = list(Concordant = list(Freqs = structure(c(0, 
    467, 0, 0, 450, 0), .Dim = 3:2, .Dimnames = list(c("-1", 
    "0", "1"), c("A", "G"))), N = 917), Majority = list(Freqs = structure(c(0, 
    537, 0, 1, 534, 0), .Dim = 3:2, .Dimnames = list(c("-1", 
    "0", "1"), c("A", "G"))), N = 1072)), `2` = structure(c(0, 
    430, 0, 1, 446, 0), .Dim = 3:2, .Dimnames = list(c("-1", 
    "0", "1"), c("A", "G"))))))
