Results <-
list(`bwa.out//20220204//BlindCMMRD73_S32.sam` = list(GM14_SNP1 = list(
    All = list(Freqs = structure(c(3L, 78L, 3000L, 24L, 8L, 0L, 
    0L, 4L, 0L, 0L, 0L, 0L, 27L, 0L, 0L), .Dim = c(5L, 3L), .Dimnames = structure(list(
        c("-2", "-1", "0", "1", NA), c("C", "T", NA)), .Names = c("", 
    "")), class = "table"), N = 3144L), Tag.Distribution = structure(c(`1` = 92L, 
    `2` = 53L, `3` = 33L, `4` = 23L, `5` = 28L, `6` = 16L, `7` = 16L, 
    `8` = 19L, `9` = 11L, `10` = 17L, `11` = 13L, `12` = 7L, 
    `13` = 10L, `14` = 8L, `15` = 6L, `16` = 8L, `17` = 6L, `18` = 4L, 
    `19` = 5L, `20` = 6L, `21` = 5L, `22` = 5L, `23` = 5L, `25` = 4L, 
    `26` = 5L, `27` = 4L, `28` = 1L, `30` = 2L, `31` = 1L, `34` = 1L, 
    `51` = 1L), .Dim = 31L, .Dimnames = list(TagUsage = c("1", 
    "2", "3", "4", "5", "6", "7", "8", "9", "10", "11", "12", 
    "13", "14", "15", "16", "17", "18", "19", "20", "21", "22", 
    "23", "25", "26", "27", "28", "30", "31", "34", "51")), class = "table"), 
    No.Tag = structure(c(0L, 1L, 30L, 1L, 0L, 0L, 0L, 1L, 0L, 
    0L, 0L, 0L, 5L, 0L, 0L), .Dim = c(5L, 3L), .Dimnames = structure(list(
        c("-2", "-1", "0", "1", NA), c("C", "T", NA)), .Names = c("", 
    "")), class = "table"), All.Tags = list(Concordant = list(
        Freqs = structure(c(0, 2, 337, 2, 0, 0, 3, 0), .Dim = c(4L, 
        2L), .Dimnames = list(c("-2", "-1", "0", "1"), c("C", 
        "T"))), N = 344), Majority = list(Freqs = structure(c(0, 
    2, 402, 2, 0, 0, 3, 0), .Dim = c(4L, 2L), .Dimnames = list(
        c("-2", "-1", "0", "1"), c("C", "T"))), N = 409)), `2` = structure(c(0, 
    1, 318, 0, 0, 0, 0, 0), .Dim = c(4L, 2L), .Dimnames = list(
        c("-2", "-1", "0", "1"), c("C", "T"))))))
