Results <-
list(`bwa.out//20220204//BlindCMMRD54_S13.sam` = list(GM11_SNP1 = list(
    All = list(Freqs = structure(c(0L, 1L, 0L, 0L, 0L, 6L, 2819L, 
    7L, 0L, 3L, 58L, 2989L, 21L, 1L, 6L, 0L, 34L, 0L, 0L, 0L), .Dim = 5:4, .Dimnames = structure(list(
        c("-1", "0", "1", "2", NA), c("-", "A", "G", NA)), .Names = c("", 
    "")), class = "table"), N = 5945L), Tag.Distribution = structure(c(`1` = 118L, 
    `2` = 44L, `3` = 70L, `4` = 38L, `5` = 33L, `6` = 32L, `7` = 40L, 
    `8` = 28L, `9` = 33L, `10` = 29L, `11` = 17L, `12` = 18L, 
    `13` = 11L, `14` = 17L, `15` = 10L, `16` = 15L, `17` = 12L, 
    `18` = 5L, `19` = 12L, `20` = 7L, `21` = 10L, `22` = 2L, 
    `23` = 10L, `24` = 3L, `25` = 7L, `26` = 3L, `27` = 4L, `28` = 4L, 
    `30` = 3L, `31` = 3L, `32` = 3L, `33` = 4L, `34` = 1L, `35` = 1L, 
    `36` = 2L, `37` = 2L, `38` = 1L, `40` = 1L, `43` = 2L, `44` = 1L, 
    `47` = 1L, `73` = 1L), .Dim = 42L, .Dimnames = list(TagUsage = c("1", 
    "2", "3", "4", "5", "6", "7", "8", "9", "10", "11", "12", 
    "13", "14", "15", "16", "17", "18", "19", "20", "21", "22", 
    "23", "24", "25", "26", "27", "28", "30", "31", "32", "33", 
    "34", "35", "36", "37", "38", "40", "43", "44", "47", "73"
    )), class = "table"), No.Tag = structure(c(0L, 1L, 0L, 0L, 
    0L, 0L, 47L, 0L, 0L, 0L, 0L, 59L, 0L, 0L, 1L, 0L, 2L, 0L, 
    0L, 0L), .Dim = 5:4, .Dimnames = structure(list(c("-1", "0", 
    "1", "2", NA), c("-", "A", "G", NA)), .Names = c("", "")), class = "table"), 
    All.Tags = list(Concordant = list(Freqs = structure(c(0, 
    0, 0, 0, 1, 291, 0, 0, 4, 276, 1, 0), .Dim = 4:3, .Dimnames = list(
        c("-1", "0", "1", "2"), c("-", "A", "G"))), N = 573), 
        Majority = list(Freqs = structure(c(0, 0, 0, 0, 1, 326, 
        0, 0, 4, 321, 1, 0), .Dim = 4:3, .Dimnames = list(c("-1", 
        "0", "1", "2"), c("-", "A", "G"))), N = 653)), `2` = structure(c(0, 
    0, 0, 0, 0, 260, 0, 0, 3, 273, 1, 0), .Dim = 4:3, .Dimnames = list(
        c("-1", "0", "1", "2"), c("-", "A", "G"))))))
