Results <-
list(`bwa.out//20220204//BlindCMMRD88_S47.sam` = list(IM49_SNP1 = list(
    All = list(Freqs = structure(c(0L, 55L, 1812L, 26L, 12L, 
    1L, 48L, 1713L, 40L, 13L, 0L, 3L, 220L, 2L, 0L), .Dim = c(5L, 
    3L), .Dimnames = structure(list(c("-2", "-1", "0", "1", NA
    ), c("C", "G", NA)), .Names = c("", "")), class = "table"), 
        N = 3945L), Tag.Distribution = structure(c(`1` = 182L, 
    `2` = 62L, `3` = 45L, `4` = 50L, `5` = 25L, `6` = 33L, `7` = 26L, 
    `8` = 20L, `9` = 19L, `10` = 19L, `11` = 14L, `12` = 16L, 
    `13` = 9L, `14` = 12L, `15` = 10L, `16` = 7L, `17` = 7L, 
    `18` = 2L, `19` = 6L, `20` = 7L, `21` = 1L, `22` = 4L, `23` = 2L, 
    `24` = 5L, `25` = 5L, `26` = 1L, `27` = 1L, `28` = 2L, `29` = 1L, 
    `30` = 1L, `31` = 1L, `32` = 2L, `33` = 1L, `35` = 1L, `36` = 2L, 
    `38` = 1L), .Dim = 36L, .Dimnames = list(TagUsage = c("1", 
    "2", "3", "4", "5", "6", "7", "8", "9", "10", "11", "12", 
    "13", "14", "15", "16", "17", "18", "19", "20", "21", "22", 
    "23", "24", "25", "26", "27", "28", "29", "30", "31", "32", 
    "33", "35", "36", "38")), class = "table"), No.Tag = structure(c(0L, 
    1L, 26L, 0L, 0L, 0L, 7L, 92L, 0L, 0L, 0L, 0L, 9L, 0L, 0L), .Dim = c(5L, 
    3L), .Dimnames = structure(list(c("-2", "-1", "0", "1", NA
    ), c("C", "G", NA)), .Names = c("", "")), class = "table"), 
    All.Tags = list(Concordant = list(Freqs = structure(c(0, 
    3, 229, 1, 0, 2, 186, 0), .Dim = c(4L, 2L), .Dimnames = list(
        c("-2", "-1", "0", "1"), c("C", "G"))), N = 421), Majority = list(
        Freqs = structure(c(0, 3, 297, 1, 0, 2, 247, 1), .Dim = c(4L, 
        2L), .Dimnames = list(c("-2", "-1", "0", "1"), c("C", 
        "G"))), N = 551)), `2` = structure(c(0, 0, 224, 0, 0, 
    1, 183, 1), .Dim = c(4L, 2L), .Dimnames = list(c("-2", "-1", 
    "0", "1"), c("C", "G"))))))
