Results <-
list(`bwa.out//20220204//BlindCMMRD82_S41.sam` = list(IM16_SNP1 = list(
    All = list(Freqs = structure(c(0L, 3L, 0L, 0L, 0L, 73L, 6031L, 
    63L, 0L, 5L, 2L, 72L, 13L, 1L, 0L), .Dim = c(5L, 3L), .Dimnames = structure(list(
        c("-1", "0", "1", "2", NA), c("A", "G", NA)), .Names = c("", 
    "")), class = "table"), N = 6263L), Tag.Distribution = structure(c(`1` = 101L, 
    `2` = 77L, `3` = 63L, `4` = 48L, `5` = 48L, `6` = 52L, `7` = 45L, 
    `8` = 38L, `9` = 31L, `10` = 22L, `11` = 26L, `12` = 21L, 
    `13` = 22L, `14` = 15L, `15` = 19L, `16` = 11L, `17` = 13L, 
    `18` = 15L, `19` = 8L, `20` = 15L, `21` = 8L, `22` = 7L, 
    `23` = 7L, `24` = 3L, `25` = 4L, `26` = 1L, `27` = 2L, `28` = 6L, 
    `29` = 4L, `30` = 1L, `35` = 1L, `36` = 1L, `38` = 1L, `39` = 1L, 
    `44` = 1L, `48` = 1L, `52` = 1L, `53` = 1L), .Dim = 38L, .Dimnames = list(
        TagUsage = c("1", "2", "3", "4", "5", "6", "7", "8", 
        "9", "10", "11", "12", "13", "14", "15", "16", "17", 
        "18", "19", "20", "21", "22", "23", "24", "25", "26", 
        "27", "28", "29", "30", "35", "36", "38", "39", "44", 
        "48", "52", "53")), class = "table"), No.Tag = structure(c(0L, 
    0L, 0L, 0L, 0L, 1L, 103L, 1L, 0L, 0L, 0L, 19L, 0L, 1L, 0L
    ), .Dim = c(5L, 3L), .Dimnames = structure(list(c("-1", "0", 
    "1", "2", NA), c("A", "G", NA)), .Names = c("", "")), class = "table"), 
    All.Tags = list(Concordant = list(Freqs = structure(c(0, 
    2, 0, 0, 2, 645, 3, 0), .Dim = c(4L, 2L), .Dimnames = list(
        c("-1", "0", "1", "2"), c("A", "G"))), N = 652), Majority = list(
        Freqs = structure(c(0, 2, 0, 0, 3, 726, 3, 0), .Dim = c(4L, 
        2L), .Dimnames = list(c("-1", "0", "1", "2"), c("A", 
        "G"))), N = 734)), `2` = structure(c(0, 0, 0, 0, 2, 633, 
    1, 0), .Dim = c(4L, 2L), .Dimnames = list(c("-1", "0", "1", 
    "2"), c("A", "G"))))))
