Results <-
list(`bwa.out//20220204//BlindCMMRD82_S41.sam` = list(GM11_SNP1 = list(
    All = list(Freqs = structure(c(15L, 2604L, 3L, 0L, 2L, 77L, 
    3608L, 12L, 1L, 3L, 0L, 46L, 1L, 0L, 0L), .Dim = c(5L, 3L
    ), .Dimnames = structure(list(c("-1", "0", "1", "2", NA), 
        c("A", "G", NA)), .Names = c("", "")), class = "table"), 
        N = 6372L), Tag.Distribution = structure(c(`1` = 117L, 
    `2` = 56L, `3` = 61L, `4` = 77L, `5` = 50L, `6` = 52L, `7` = 52L, 
    `8` = 34L, `9` = 32L, `10` = 35L, `11` = 22L, `12` = 22L, 
    `13` = 24L, `14` = 18L, `15` = 18L, `16` = 11L, `17` = 9L, 
    `18` = 12L, `19` = 9L, `20` = 8L, `21` = 8L, `22` = 8L, `23` = 3L, 
    `24` = 2L, `25` = 8L, `26` = 3L, `27` = 3L, `28` = 1L, `29` = 2L, 
    `30` = 1L, `31` = 4L, `32` = 4L, `33` = 1L, `34` = 2L, `36` = 1L, 
    `38` = 1L, `39` = 2L, `55` = 1L), .Dim = 38L, .Dimnames = list(
        TagUsage = c("1", "2", "3", "4", "5", "6", "7", "8", 
        "9", "10", "11", "12", "13", "14", "15", "16", "17", 
        "18", "19", "20", "21", "22", "23", "24", "25", "26", 
        "27", "28", "29", "30", "31", "32", "33", "34", "36", 
        "38", "39", "55")), class = "table"), No.Tag = structure(c(0L, 
    25L, 0L, 0L, 0L, 0L, 74L, 0L, 0L, 0L, 0L, 5L, 0L, 0L, 0L), .Dim = c(5L, 
    3L), .Dimnames = structure(list(c("-1", "0", "1", "2", NA
    ), c("A", "G", NA)), .Names = c("", "")), class = "table"), 
    All.Tags = list(Concordant = list(Freqs = structure(c(0, 
    308, 0, 0, 7, 351, 0, 0), .Dim = c(4L, 2L), .Dimnames = list(
        c("-1", "0", "1", "2"), c("A", "G"))), N = 666), Majority = list(
        Freqs = structure(c(0, 344, 0, 0, 7, 411, 0, 0), .Dim = c(4L, 
        2L), .Dimnames = list(c("-1", "0", "1", "2"), c("A", 
        "G"))), N = 762)), `2` = structure(c(0, 293, 0, 0, 6, 
    354, 0, 0), .Dim = c(4L, 2L), .Dimnames = list(c("-1", "0", 
    "1", "2"), c("A", "G"))))))
