Results <-
list(`bwa.out//20220204//BlindCMMRD76_S35.sam` = list(GM29_SNP1 = list(
    All = list(Freqs = structure(c(3L, 119L, 5047L, 15L, 8L, 
    0L, 0L, 3L, 0L, 0L, 0L, 0L, 31L, 0L, 0L), .Dim = c(5L, 3L
    ), .Dimnames = structure(list(c("-2", "-1", "0", "1", NA), 
        c("A", "G", NA)), .Names = c("", "")), class = "table"), 
        N = 5226L), Tag.Distribution = structure(c(`1` = 95L, 
    `2` = 34L, `3` = 36L, `4` = 29L, `5` = 21L, `6` = 27L, `7` = 21L, 
    `8` = 25L, `9` = 16L, `10` = 23L, `11` = 14L, `12` = 19L, 
    `13` = 15L, `14` = 11L, `15` = 14L, `16` = 8L, `17` = 10L, 
    `18` = 4L, `19` = 8L, `20` = 12L, `21` = 7L, `22` = 11L, 
    `23` = 7L, `24` = 8L, `25` = 2L, `26` = 4L, `27` = 2L, `28` = 7L, 
    `30` = 4L, `31` = 2L, `32` = 2L, `33` = 3L, `34` = 1L, `36` = 2L, 
    `37` = 1L, `39` = 3L, `41` = 1L, `44` = 2L, `47` = 1L, `53` = 1L, 
    `55` = 1L), .Dim = 41L, .Dimnames = list(TagUsage = c("1", 
    "2", "3", "4", "5", "6", "7", "8", "9", "10", "11", "12", 
    "13", "14", "15", "16", "17", "18", "19", "20", "21", "22", 
    "23", "24", "25", "26", "27", "28", "30", "31", "32", "33", 
    "34", "36", "37", "39", "41", "44", "47", "53", "55")), class = "table"), 
    No.Tag = structure(c(1L, 2L, 107L, 0L, 1L, 0L, 0L, 0L, 0L, 
    0L, 0L, 0L, 2L, 0L, 0L), .Dim = c(5L, 3L), .Dimnames = structure(list(
        c("-2", "-1", "0", "1", NA), c("A", "G", NA)), .Names = c("", 
    "")), class = "table"), All.Tags = list(Concordant = list(
        Freqs = structure(c(0, 3, 426, 1, 0, 0, 1, 0), .Dim = c(4L, 
        2L), .Dimnames = list(c("-2", "-1", "0", "1"), c("A", 
        "G"))), N = 431), Majority = list(Freqs = structure(c(0, 
    6, 497, 1, 0, 0, 1, 0), .Dim = c(4L, 2L), .Dimnames = list(
        c("-2", "-1", "0", "1"), c("A", "G"))), N = 505)), `2` = structure(c(0, 
    5, 412, 0, 0, 0, 0, 0), .Dim = c(4L, 2L), .Dimnames = list(
        c("-2", "-1", "0", "1"), c("A", "G"))))))
