Results <-
list(`bwa.out//20220204//17D1097_S1.sam` = list(LR20_SNP1 = list(
    All = list(Freqs = structure(c(3L, 1624L, 4L, 0L, 11L, 1768L, 
    3L, 4L, 0L, 30L, 0L, 0L), .Dim = 4:3, .Dimnames = structure(list(
        c("-1", "0", "1", NA), c("A", "G", NA)), .Names = c("", 
    "")), class = "table"), N = 3447L), Tag.Distribution = structure(c(`1` = 257L, 
    `2` = 131L, `3` = 117L, `4` = 93L, `5` = 58L, `6` = 62L, 
    `7` = 34L, `8` = 21L, `9` = 22L, `10` = 9L, `11` = 15L, `12` = 5L, 
    `13` = 9L, `14` = 4L, `15` = 6L, `16` = 4L, `17` = 3L, `18` = 2L, 
    `19` = 1L, `20` = 1L, `21` = 2L, `24` = 1L, `27` = 1L), .Dim = 23L, .Dimnames = list(
        TagUsage = c("1", "2", "3", "4", "5", "6", "7", "8", 
        "9", "10", "11", "12", "13", "14", "15", "16", "17", 
        "18", "19", "20", "21", "24", "27")), class = "table"), 
    No.Tag = structure(c(0L, 43L, 0L, 0L, 0L, 27L, 1L, 1L, 0L, 
    6L, 0L, 0L), .Dim = 4:3, .Dimnames = structure(list(c("-1", 
    "0", "1", NA), c("A", "G", NA)), .Names = c("", "")), class = "table"), 
    All.Tags = list(Concordant = list(Freqs = structure(c(2, 
    359, 0, 2, 385, 0), .Dim = 3:2, .Dimnames = list(c("-1", 
    "0", "1"), c("A", "G"))), N = 748), Majority = list(Freqs = structure(c(2, 
    401, 0, 2, 429, 0), .Dim = 3:2, .Dimnames = list(c("-1", 
    "0", "1"), c("A", "G"))), N = 834)), `2` = structure(c(0, 
    274, 0, 2, 304, 0), .Dim = 3:2, .Dimnames = list(c("-1", 
    "0", "1"), c("A", "G"))))))
