Results <-
list(`bwa.out//20220204//17D1097_S1.sam` = list(GM09_SNP1 = list(
    All = list(Freqs = structure(c(36L, 4382L, 5L, 5L, 0L, 6L, 
    0L, 0L, 0L, 25L, 1L, 0L), .Dim = 4:3, .Dimnames = structure(list(
        c("-1", "0", "1", NA), c("A", "G", NA)), .Names = c("", 
    "")), class = "table"), N = 4460L), Tag.Distribution = structure(c(`1` = 232L, 
    `2` = 153L, `3` = 123L, `4` = 99L, `5` = 64L, `6` = 62L, 
    `7` = 40L, `8` = 40L, `9` = 26L, `10` = 21L, `11` = 16L, 
    `12` = 13L, `13` = 12L, `14` = 8L, `15` = 8L, `16` = 14L, 
    `17` = 5L, `18` = 3L, `19` = 2L, `20` = 2L, `22` = 1L, `23` = 2L, 
    `24` = 1L, `25` = 1L, `26` = 1L, `27` = 1L, `29` = 1L), .Dim = 27L, .Dimnames = list(
        TagUsage = c("1", "2", "3", "4", "5", "6", "7", "8", 
        "9", "10", "11", "12", "13", "14", "15", "16", "17", 
        "18", "19", "20", "22", "23", "24", "25", "26", "27", 
        "29")), class = "table"), No.Tag = structure(c(0L, 57L, 
    0L, 1L, 0L, 0L, 0L, 0L, 0L, 3L, 0L, 0L), .Dim = 4:3, .Dimnames = structure(list(
        c("-1", "0", "1", NA), c("A", "G", NA)), .Names = c("", 
    "")), class = "table"), All.Tags = list(Concordant = list(
        Freqs = structure(c(2, 907, 0, 0, 4, 0), .Dim = 3:2, .Dimnames = list(
            c("-1", "0", "1"), c("A", "G"))), N = 913), Majority = list(
        Freqs = structure(c(2, 937, 0, 0, 4, 0), .Dim = 3:2, .Dimnames = list(
            c("-1", "0", "1"), c("A", "G"))), N = 943)), `2` = structure(c(1, 
    716, 0, 0, 0, 0), .Dim = 3:2, .Dimnames = list(c("-1", "0", 
    "1"), c("A", "G"))))))
