Results <-
list(`bwa.out//20220204//BlindCMMRD120_S46.sam` = list(LR17_SNP1 = list(
    All = list(Freqs = structure(c(1L, 5L, 193L, 4269L, 44L, 
    18L, 0L, 0L, 0L, 83L, 0L, 0L), .Dim = c(6L, 2L), .Dimnames = structure(list(
        c("-3", "-2", "-1", "0", "1", NA), c("A", NA)), .Names = c("", 
    "")), class = "table"), N = 4613L), Tag.Distribution = structure(c(`1` = 128L, 
    `2` = 109L, `3` = 101L, `4` = 95L, `5` = 65L, `6` = 58L, 
    `7` = 49L, `8` = 42L, `9` = 40L, `10` = 29L, `11` = 25L, 
    `12` = 18L, `13` = 13L, `14` = 15L, `15` = 8L, `16` = 10L, 
    `17` = 2L, `18` = 1L, `19` = 1L, `20` = 3L, `21` = 1L, `23` = 1L, 
    `24` = 1L, `26` = 1L, `27` = 2L, `30` = 1L), .Dim = 26L, .Dimnames = list(
        TagUsage = c("1", "2", "3", "4", "5", "6", "7", "8", 
        "9", "10", "11", "12", "13", "14", "15", "16", "17", 
        "18", "19", "20", "21", "23", "24", "26", "27", "30")), class = "table"), 
    No.Tag = structure(c(0L, 1L, 8L, 102L, 3L, 0L, 0L, 0L, 0L, 
    9L, 0L, 0L), .Dim = c(6L, 2L), .Dimnames = structure(list(
        c("-3", "-2", "-1", "0", "1", NA), c("A", NA)), .Names = c("", 
    "")), class = "table"), All.Tags = list(Concordant = list(
        Freqs = structure(c(0, 0, 6, 637, 1), .Dim = c(5L, 1L
        ), .Dimnames = list(c("-3", "-2", "-1", "0", "1"), "A")), 
        N = 644), Majority = list(Freqs = structure(c(0, 0, 8, 
    791, 1), .Dim = c(5L, 1L), .Dimnames = list(c("-3", "-2", 
    "-1", "0", "1"), "A")), N = 800)), `2` = structure(c(0, 0, 
    5, 673, 0), .Dim = c(5L, 1L), .Dimnames = list(c("-3", "-2", 
    "-1", "0", "1"), "A")))))
