Results <-
list(`bwa.out//20220204//BlindCMMRD42_S2.sam` = list(GM07_SNP1 = list(
    All = list(Freqs = structure(c(0L, 0L, 4L, 0L, 0L, 0L, 6L, 
    299L, 5116L, 125L, 2L, 61L, 0L, 1L, 6L, 0L, 0L, 0L, 0L, 1L, 
    0L, 0L, 0L, 0L, 0L, 2L, 61L, 1L, 0L, 0L), .Dim = 6:5, .Dimnames = structure(list(
        c("-2", "-1", "0", "1", "2", NA), c("-", "A", "G", "T", 
        NA)), .Names = c("", "")), class = "table"), N = 5685L), 
    Tag.Distribution = structure(c(`1` = 78L, `2` = 17L, `3` = 8L, 
    `4` = 16L, `5` = 15L, `6` = 11L, `7` = 10L, `8` = 13L, `9` = 10L, 
    `10` = 15L, `11` = 12L, `12` = 14L, `13` = 7L, `14` = 6L, 
    `15` = 8L, `16` = 11L, `17` = 6L, `18` = 4L, `19` = 8L, `20` = 9L, 
    `21` = 5L, `22` = 5L, `23` = 6L, `24` = 5L, `25` = 2L, `26` = 2L, 
    `27` = 4L, `28` = 2L, `29` = 3L, `30` = 1L, `31` = 3L, `32` = 2L, 
    `33` = 1L, `34` = 3L, `35` = 1L, `36` = 2L, `37` = 5L, `38` = 1L, 
    `39` = 2L, `40` = 2L, `41` = 1L, `42` = 5L, `43` = 2L, `44` = 4L, 
    `45` = 1L, `46` = 1L, `48` = 4L, `49` = 2L, `51` = 4L, `54` = 1L, 
    `55` = 2L, `56` = 1L, `62` = 1L, `65` = 1L, `68` = 2L, `70` = 1L, 
    `75` = 1L), .Dim = 57L, .Dimnames = list(TagUsage = c("1", 
    "2", "3", "4", "5", "6", "7", "8", "9", "10", "11", "12", 
    "13", "14", "15", "16", "17", "18", "19", "20", "21", "22", 
    "23", "24", "25", "26", "27", "28", "29", "30", "31", "32", 
    "33", "34", "35", "36", "37", "38", "39", "40", "41", "42", 
    "43", "44", "45", "46", "48", "49", "51", "54", "55", "56", 
    "62", "65", "68", "70", "75")), class = "table"), No.Tag = structure(c(0L, 
    0L, 0L, 0L, 0L, 0L, 0L, 14L, 257L, 4L, 0L, 11L, 0L, 0L, 1L, 
    0L, 0L, 0L, 0L, 0L, 0L, 0L, 0L, 0L, 0L, 0L, 4L, 0L, 0L, 0L
    ), .Dim = 6:5, .Dimnames = structure(list(c("-2", "-1", "0", 
    "1", "2", NA), c("-", "A", "G", "T", NA)), .Names = c("", 
    "")), class = "table"), All.Tags = list(Concordant = list(
        Freqs = structure(c(0, 0, 0, 0, 0, 0, 6, 185, 2, 0, 0, 
        1, 4, 0, 0, 0, 0, 0, 0, 0), .Dim = 5:4, .Dimnames = list(
            c("-2", "-1", "0", "1", "2"), c("-", "A", "G", "T"
            ))), N = 198), Majority = list(Freqs = structure(c(0, 
    0, 0, 0, 0, 0, 8, 340, 3, 0, 0, 1, 4, 0, 0, 0, 0, 0, 0, 0
    ), .Dim = 5:4, .Dimnames = list(c("-2", "-1", "0", "1", "2"
    ), c("-", "A", "G", "T"))), N = 356)), `2` = structure(c(0, 
    0, 0, 0, 0, 0, 2, 283, 1, 0, 0, 0, 0, 0, 0, 0, 0, 0, 0, 0
    ), .Dim = 5:4, .Dimnames = list(c("-2", "-1", "0", "1", "2"
    ), c("-", "A", "G", "T"))))))
