Results <-
list(`bwa.out//20220204//Control25_S18.sam` = list(GM07_SNP1 = list(
    All = list(Freqs = structure(c(89L, 1939L, 49L, 6L, 12L, 
    0L, 1L, 0L, 0L, 0L, 0L, 15L, 0L, 0L, 0L), .Dim = c(5L, 3L
    ), .Dimnames = structure(list(c("-1", "0", "1", "2", NA), 
        c("A", "G", NA)), .Names = c("", "")), class = "table"), 
        N = 2111L), Tag.Distribution = structure(c(`1` = 43L, 
    `2` = 22L, `3` = 20L, `4` = 17L, `5` = 19L, `6` = 15L, `7` = 18L, 
    `8` = 13L, `9` = 9L, `10` = 8L, `11` = 6L, `12` = 10L, `13` = 9L, 
    `14` = 5L, `15` = 4L, `16` = 5L, `17` = 4L, `18` = 2L, `19` = 5L, 
    `20` = 1L, `21` = 1L, `22` = 5L, `23` = 3L, `24` = 2L, `26` = 2L, 
    `31` = 1L, `32` = 1L, `33` = 1L), .Dim = 28L, .Dimnames = list(
        TagUsage = c("1", "2", "3", "4", "5", "6", "7", "8", 
        "9", "10", "11", "12", "13", "14", "15", "16", "17", 
        "18", "19", "20", "21", "22", "23", "24", "26", "31", 
        "32", "33")), class = "table"), No.Tag = structure(c(8L, 
    175L, 2L, 0L, 4L, 0L, 0L, 0L, 0L, 0L, 0L, 3L, 0L, 0L, 0L), .Dim = c(5L, 
    3L), .Dimnames = structure(list(c("-1", "0", "1", "2", NA
    ), c("A", "G", NA)), .Names = c("", "")), class = "table"), 
    All.Tags = list(Concordant = list(Freqs = structure(c(1, 
    164, 1, 0, 0, 0, 0, 0), .Dim = c(4L, 2L), .Dimnames = list(
        c("-1", "0", "1", "2"), c("A", "G"))), N = 166), Majority = list(
        Freqs = structure(c(2, 243, 1, 1, 0, 0, 0, 0), .Dim = c(4L, 
        2L), .Dimnames = list(c("-1", "0", "1", "2"), c("A", 
        "G"))), N = 247)), `2` = structure(c(1, 202, 0, 1, 0, 
    0, 0, 0), .Dim = c(4L, 2L), .Dimnames = list(c("-1", "0", 
    "1", "2"), c("A", "G"))))))
