Results <-
list(`bwa.out//20220204//MLPA101_S15.sam` = list(LR10_SNP1 = list(
    All = list(Freqs = structure(c(21L, 1200L, 5L, 1L, 27L, 1313L, 
    7L, 3L, 0L, 44L, 1L, 0L), .Dim = 4:3, .Dimnames = structure(list(
        c("-1", "0", "1", NA), c("C", "T", NA)), .Names = c("", 
    "")), class = "table"), N = 2622L), Tag.Distribution = structure(c(`1` = 89L, 
    `2` = 46L, `3` = 32L, `4` = 40L, `5` = 27L, `6` = 17L, `7` = 20L, 
    `8` = 19L, `9` = 13L, `10` = 11L, `11` = 10L, `12` = 11L, 
    `13` = 7L, `14` = 7L, `15` = 4L, `16` = 5L, `17` = 5L, `18` = 6L, 
    `19` = 3L, `20` = 2L, `21` = 4L, `22` = 2L, `23` = 3L, `24` = 3L, 
    `25` = 1L, `27` = 1L, `28` = 2L, `30` = 1L, `31` = 1L), .Dim = 29L, .Dimnames = list(
        TagUsage = c("1", "2", "3", "4", "5", "6", "7", "8", 
        "9", "10", "11", "12", "13", "14", "15", "16", "17", 
        "18", "19", "20", "21", "22", "23", "24", "25", "27", 
        "28", "30", "31")), class = "table"), No.Tag = structure(c(1L, 
    46L, 0L, 0L, 0L, 74L, 0L, 2L, 0L, 7L, 0L, 0L), .Dim = 4:3, .Dimnames = structure(list(
        c("-1", "0", "1", NA), c("C", "T", NA)), .Names = c("", 
    "")), class = "table"), All.Tags = list(Concordant = list(
        Freqs = structure(c(1, 158, 0, 0, 179, 1), .Dim = 3:2, .Dimnames = list(
            c("-1", "0", "1"), c("C", "T"))), N = 339), Majority = list(
        Freqs = structure(c(1, 178, 0, 0, 203, 1), .Dim = 3:2, .Dimnames = list(
            c("-1", "0", "1"), c("C", "T"))), N = 383)), `2` = structure(c(0, 
    135, 0, 0, 165, 0), .Dim = 3:2, .Dimnames = list(c("-1", 
    "0", "1"), c("C", "T"))))))
