Results <-
list(`bwa.out//20220204//BlindCMMRD97_S56.sam` = list(GM07_SNP1 = list(
    All = list(Freqs = structure(c(4L, 81L, 1921L, 54L, 1L, 19L, 
    2L, 120L, 1850L, 53L, 2L, 24L, 0L, 4L, 53L, 1L, 0L, 0L), .Dim = c(6L, 
    3L), .Dimnames = structure(list(c("-2", "-1", "0", "1", "2", 
    NA), c("A", "G", NA)), .Names = c("", "")), class = "table"), 
        N = 4189L), Tag.Distribution = structure(c(`1` = 116L, 
    `2` = 64L, `3` = 44L, `4` = 36L, `5` = 37L, `6` = 36L, `7` = 33L, 
    `8` = 23L, `9` = 26L, `10` = 17L, `11` = 14L, `12` = 13L, 
    `13` = 11L, `14` = 11L, `15` = 6L, `16` = 13L, `17` = 12L, 
    `18` = 5L, `19` = 7L, `20` = 3L, `21` = 7L, `22` = 5L, `23` = 3L, 
    `24` = 1L, `25` = 1L, `26` = 1L, `27` = 1L, `28` = 8L, `29` = 1L, 
    `31` = 1L, `32` = 2L, `33` = 1L, `41` = 1L), .Dim = 33L, .Dimnames = list(
        TagUsage = c("1", "2", "3", "4", "5", "6", "7", "8", 
        "9", "10", "11", "12", "13", "14", "15", "16", "17", 
        "18", "19", "20", "21", "22", "23", "24", "25", "26", 
        "27", "28", "29", "31", "32", "33", "41")), class = "table"), 
    No.Tag = structure(c(0L, 1L, 95L, 1L, 0L, 3L, 0L, 3L, 86L, 
    5L, 0L, 4L, 0L, 0L, 9L, 0L, 0L, 0L), .Dim = c(6L, 3L), .Dimnames = structure(list(
        c("-2", "-1", "0", "1", "2", NA), c("A", "G", NA)), .Names = c("", 
    "")), class = "table"), All.Tags = list(Concordant = list(
        Freqs = structure(c(0, 1, 196, 2, 0, 0, 6, 168, 2, 0), .Dim = c(5L, 
        2L), .Dimnames = list(c("-2", "-1", "0", "1", "2"), c("A", 
        "G"))), N = 375), Majority = list(Freqs = structure(c(0, 
    2, 277, 2, 0, 0, 9, 245, 3, 0), .Dim = c(5L, 2L), .Dimnames = list(
        c("-2", "-1", "0", "1", "2"), c("A", "G"))), N = 538)), 
    `2` = structure(c(0, 1, 221, 0, 0, 0, 3, 202, 1, 0), .Dim = c(5L, 
    2L), .Dimnames = list(c("-2", "-1", "0", "1", "2"), c("A", 
    "G"))))))
