Results <-
list(`bwa.out//20220204//BlindCMMRD81_S40.sam` = list(GM17_SNP1 = list(
    All = list(Freqs = structure(c(0L, 0L, 2L, 0L, 0L, 1L, 52L, 
    4568L, 11L, 1L, 0L, 0L, 3L, 0L, 0L, 0L, 0L, 34L, 0L, 0L), .Dim = 5:4, .Dimnames = structure(list(
        c("-2", "-1", "0", "1", "2"), c("A", "C", "T", NA)), .Names = c("", 
    "")), class = "table"), N = 4672L), Tag.Distribution = structure(c(`1` = 81L, 
    `2` = 43L, `3` = 40L, `4` = 37L, `5` = 36L, `6` = 35L, `7` = 26L, 
    `8` = 27L, `9` = 24L, `10` = 21L, `11` = 19L, `12` = 16L, 
    `13` = 17L, `14` = 13L, `15` = 9L, `16` = 10L, `17` = 13L, 
    `18` = 6L, `19` = 14L, `20` = 6L, `21` = 6L, `22` = 4L, `23` = 7L, 
    `24` = 4L, `25` = 7L, `26` = 2L, `27` = 1L, `28` = 2L, `29` = 2L, 
    `30` = 2L, `31` = 2L, `32` = 1L, `33` = 1L, `36` = 1L, `38` = 1L, 
    `51` = 1L), .Dim = 36L, .Dimnames = list(TagUsage = c("1", 
    "2", "3", "4", "5", "6", "7", "8", "9", "10", "11", "12", 
    "13", "14", "15", "16", "17", "18", "19", "20", "21", "22", 
    "23", "24", "25", "26", "27", "28", "29", "30", "31", "32", 
    "33", "36", "38", "51")), class = "table"), No.Tag = structure(c(0L, 
    0L, 0L, 0L, 0L, 0L, 0L, 4L, 49L, 0L, 0L, 0L, 0L, 0L, 0L, 
    0L, 0L, 0L, 0L, 0L, 5L, 0L, 0L, 0L), .Dim = c(6L, 4L), .Dimnames = structure(list(
        c("-2", "-1", "0", "1", "2", NA), c("A", "C", "T", NA
        )), .Names = c("", "")), class = "table"), All.Tags = list(
        Concordant = list(Freqs = structure(c(0, 0, 0, 0, 0, 
        0, 0, 468, 0, 0, 0, 0, 2, 0, 0), .Dim = c(5L, 3L), .Dimnames = list(
            c("-2", "-1", "0", "1", "2"), c("A", "C", "T"))), 
            N = 470), Majority = list(Freqs = structure(c(0, 
        0, 0, 0, 0, 0, 0, 530, 0, 0, 0, 0, 2, 0, 0), .Dim = c(5L, 
        3L), .Dimnames = list(c("-2", "-1", "0", "1", "2"), c("A", 
        "C", "T"))), N = 532)), `2` = structure(c(0, 0, 0, 0, 
    0, 0, 0, 455, 0, 0, 0, 0, 0, 0, 0), .Dim = c(5L, 3L), .Dimnames = list(
        c("-2", "-1", "0", "1", "2"), c("A", "C", "T"))))))
