Results <-
list(`bwa.out//20220204//BlindCMMRD119_S45.sam` = list(DEPDC2_SNP1 = list(
    All = list(Freqs = structure(c(0L, 1L, 0L, 0L, 0L, 5L, 0L, 
    0L, 0L, 1L, 0L, 0L, 36L, 5366L, 25L, 12L, 3L, 91L, 0L, 0L
    ), .Dim = 4:5, .Dimnames = structure(list(c("-1", "0", "1", 
    NA), c("A", "C", "G", "T", NA)), .Names = c("", "")), class = "table"), 
        N = 5540L), Tag.Distribution = structure(c(`1` = 281L, 
    `2` = 202L, `3` = 142L, `4` = 131L, `5` = 117L, `6` = 78L, 
    `7` = 66L, `8` = 40L, `9` = 29L, `10` = 29L, `11` = 17L, 
    `12` = 18L, `13` = 23L, `14` = 10L, `15` = 12L, `16` = 9L, 
    `17` = 4L, `18` = 2L, `19` = 1L, `20` = 2L, `22` = 4L), .Dim = 21L, .Dimnames = list(
        TagUsage = c("1", "2", "3", "4", "5", "6", "7", "8", 
        "9", "10", "11", "12", "13", "14", "15", "16", "17", 
        "18", "19", "20", "22")), class = "table"), No.Tag = structure(c(0L, 
    0L, 0L, 0L, 0L, 0L, 0L, 0L, 0L, 0L, 0L, 0L, 0L, 93L, 0L, 
    1L, 0L, 8L, 0L, 0L), .Dim = 4:5, .Dimnames = structure(list(
        c("-1", "0", "1", NA), c("A", "C", "G", "T", NA)), .Names = c("", 
    "")), class = "table"), All.Tags = list(Concordant = list(
        Freqs = structure(c(0, 0, 0, 0, 2, 0, 0, 0, 0, 1, 1138, 
        1), .Dim = 3:4, .Dimnames = list(c("-1", "0", "1"), c("A", 
        "C", "G", "T"))), N = 1142), Majority = list(Freqs = structure(c(0, 
    0, 0, 0, 2, 0, 0, 0, 0, 1, 1188, 1), .Dim = 3:4, .Dimnames = list(
        c("-1", "0", "1"), c("A", "C", "G", "T"))), N = 1192)), 
    `2` = structure(c(0, 0, 0, 0, 0, 0, 0, 0, 0, 0, 927, 0), .Dim = 3:4, .Dimnames = list(
        c("-1", "0", "1"), c("A", "C", "G", "T"))))))
