Results <-
list(`bwa.out//20220204//BlindCMMRD110_S36.sam` = list(LR10_SNP1 = list(
    All = list(Freqs = structure(c(0L, 0L, 1L, 0L, 0L, 1L, 88L, 
    5019L, 52L, 11L, 0L, 0L, 1L, 0L, 0L, 0L, 0L, 9L, 0L, 0L, 
    0L, 0L, 23L, 0L, 0L), .Dim = c(5L, 5L), .Dimnames = structure(list(
        c("-2", "-1", "0", "1", NA), c("A", "C", "G", "T", NA
        )), .Names = c("", "")), class = "table"), N = 5205L), 
    Tag.Distribution = structure(c(`1` = 187L, `2` = 152L, `3` = 127L, 
    `4` = 124L, `5` = 93L, `6` = 73L, `7` = 70L, `8` = 60L, `9` = 36L, 
    `10` = 30L, `11` = 34L, `12` = 18L, `13` = 8L, `14` = 8L, 
    `15` = 11L, `16` = 1L, `17` = 4L, `18` = 2L, `19` = 1L, `20` = 2L, 
    `21` = 2L, `22` = 1L, `23` = 1L), .Dim = 23L, .Dimnames = list(
        TagUsage = c("1", "2", "3", "4", "5", "6", "7", "8", 
        "9", "10", "11", "12", "13", "14", "15", "16", "17", 
        "18", "19", "20", "21", "22", "23")), class = "table"), 
    No.Tag = structure(c(0L, 0L, 0L, 0L, 0L, 0L, 1L, 89L, 10L, 
    1L, 0L, 0L, 0L, 0L, 0L, 0L, 0L, 0L, 0L, 0L, 0L, 0L, 2L, 0L, 
    0L), .Dim = c(5L, 5L), .Dimnames = structure(list(c("-2", 
    "-1", "0", "1", NA), c("A", "C", "G", "T", NA)), .Names = c("", 
    "")), class = "table"), All.Tags = list(Concordant = list(
        Freqs = structure(c(0, 0, 0, 0, 0, 6, 919, 2, 0, 0, 0, 
        0, 0, 0, 2, 0), .Dim = c(4L, 4L), .Dimnames = list(c("-2", 
        "-1", "0", "1"), c("A", "C", "G", "T"))), N = 929), Majority = list(
        Freqs = structure(c(0, 0, 0, 0, 0, 6, 1022, 3, 0, 0, 
        0, 0, 0, 0, 2, 0), .Dim = c(4L, 4L), .Dimnames = list(
            c("-2", "-1", "0", "1"), c("A", "C", "G", "T"))), 
        N = 1033)), `2` = structure(c(0, 0, 0, 0, 0, 1, 844, 
    3, 0, 0, 0, 0, 0, 0, 0, 0), .Dim = c(4L, 4L), .Dimnames = list(
        c("-2", "-1", "0", "1"), c("A", "C", "G", "T"))))))
