Results <-
list(`bwa.out//20220204//17D1098_S3.sam` = list(LR52_SNP1 = list(
    All = list(Freqs = structure(c(0L, 0L, 0L, 1L, 0L, 0L, 0L, 
    2L, 25L, 240L, 1539L, 33L, 1L, 22L, 0L, 15L, 191L, 1537L, 
    20L, 0L, 13L, 0L, 0L, 7L, 264L, 7L, 0L, 0L), .Dim = c(7L, 
    4L), .Dimnames = structure(list(c("-3", "-2", "-1", "0", 
    "1", "2", NA), c("A", "C", "T", NA)), .Names = c("", "")), class = "table"), 
        N = 3917L), Tag.Distribution = structure(c(`1` = 150L, 
    `2` = 94L, `3` = 74L, `4` = 70L, `5` = 58L, `6` = 39L, `7` = 32L, 
    `8` = 36L, `9` = 23L, `10` = 25L, `11` = 16L, `12` = 17L, 
    `13` = 16L, `14` = 13L, `15` = 4L, `16` = 9L, `17` = 4L, 
    `18` = 7L, `19` = 3L, `20` = 1L, `21` = 2L, `22` = 2L, `23` = 1L, 
    `25` = 1L, `26` = 2L, `29` = 1L, `32` = 1L, `37` = 1L), .Dim = 28L, .Dimnames = list(
        TagUsage = c("1", "2", "3", "4", "5", "6", "7", "8", 
        "9", "10", "11", "12", "13", "14", "15", "16", "17", 
        "18", "19", "20", "21", "22", "23", "25", "26", "29", 
        "32", "37")), class = "table"), No.Tag = structure(c(0L, 
    0L, 0L, 0L, 0L, 0L, 0L, 0L, 1L, 7L, 11L, 0L, 0L, 1L, 0L, 
    0L, 1L, 32L, 0L, 0L, 1L, 0L, 0L, 0L, 1L, 0L, 0L, 0L), .Dim = c(7L, 
    4L), .Dimnames = structure(list(c("-3", "-2", "-1", "0", 
    "1", "2", NA), c("A", "C", "T", NA)), .Names = c("", "")), class = "table"), 
    All.Tags = list(Concordant = list(Freqs = structure(c(0, 
    0, 0, 0, 0, 0, 0, 2, 20, 216, 5, 0, 0, 1, 13, 174, 5, 0), .Dim = c(6L, 
    3L), .Dimnames = list(c("-3", "-2", "-1", "0", "1", "2"), 
        c("A", "C", "T"))), N = 436), Majority = list(Freqs = structure(c(0, 
    0, 0, 0, 0, 0, 0, 2, 27, 321, 7, 0, 0, 1, 17, 277, 5, 0), .Dim = c(6L, 
    3L), .Dimnames = list(c("-3", "-2", "-1", "0", "1", "2"), 
        c("A", "C", "T"))), N = 657)), `2` = structure(c(0, 0, 
    0, 0, 0, 0, 0, 1, 17, 262, 4, 0, 0, 0, 8, 235, 0, 0), .Dim = c(6L, 
    3L), .Dimnames = list(c("-3", "-2", "-1", "0", "1", "2"), 
        c("A", "C", "T"))))))
