Results <-
list(`bwa.out//20220204//BlindCMMRD117_S43.sam` = list(LR11_SNP1 = list(
    All = list(Freqs = structure(c(2L, 19L, 1407L, 7L, 1L, 5L, 
    1L, 19L, 1119L, 3L, 0L, 7L, 0L, 0L, 1L, 0L, 0L, 0L, 0L, 0L, 
    9L, 0L, 0L, 0L), .Dim = c(6L, 4L), .Dimnames = structure(list(
        c("-2", "-1", "0", "1", "2", NA), c("A", "C", "T", NA
        )), .Names = c("", "")), class = "table"), N = 2600L), 
    Tag.Distribution = structure(c(`1` = 266L, `2` = 200L, `3` = 156L, 
    `4` = 95L, `5` = 64L, `6` = 34L, `7` = 25L, `8` = 15L, `9` = 10L, 
    `10` = 6L, `11` = 3L, `13` = 1L, `14` = 1L, `17` = 1L), .Dim = 14L, .Dimnames = list(
        TagUsage = c("1", "2", "3", "4", "5", "6", "7", "8", 
        "9", "10", "11", "13", "14", "17")), class = "table"), 
    No.Tag = structure(c(0L, 0L, 25L, 0L, 0L, 1L, 0L, 1L, 13L, 
    0L, 0L, 0L, 0L, 0L, 0L, 0L, 0L, 0L, 0L, 0L, 0L, 0L, 0L, 0L
    ), .Dim = c(6L, 4L), .Dimnames = structure(list(c("-2", "-1", 
    "0", "1", "2", NA), c("A", "C", "T", NA)), .Names = c("", 
    "")), class = "table"), All.Tags = list(Concordant = list(
        Freqs = structure(c(1, 1, 406, 2, 0, 0, 1, 347, 0, 0, 
        0, 0, 0, 0, 0), .Dim = c(5L, 3L), .Dimnames = list(c("-2", 
        "-1", "0", "1", "2"), c("A", "C", "T"))), N = 758), Majority = list(
        Freqs = structure(c(1, 2, 457, 2, 0, 0, 2, 389, 0, 0, 
        0, 0, 0, 0, 0), .Dim = c(5L, 3L), .Dimnames = list(c("-2", 
        "-1", "0", "1", "2"), c("A", "C", "T"))), N = 853)), 
    `2` = structure(c(0, 1, 318, 1, 0, 0, 1, 270, 0, 0, 0, 0, 
    0, 0, 0), .Dim = c(5L, 3L), .Dimnames = list(c("-2", "-1", 
    "0", "1", "2"), c("A", "C", "T"))))))
