Results <-
list(`bwa.out//20220204//BlindCMMRD95_S54.sam` = list(GM29_SNP1 = list(
    All = list(Freqs = structure(c(0L, 0L, 1L, 0L, 0L, 0L, 24L, 
    1967L, 2L, 0L, 1L, 19L, 1877L, 4L, 5L, 0L, 1L, 27L, 0L, 0L
    ), .Dim = 5:4, .Dimnames = structure(list(c("-2", "-1", "0", 
    "1", NA), c("-", "A", "G", NA)), .Names = c("", "")), class = "table"), 
        N = 3928L), Tag.Distribution = structure(c(`1` = 82L, 
    `2` = 34L, `3` = 28L, `4` = 20L, `5` = 18L, `6` = 11L, `7` = 26L, 
    `8` = 13L, `9` = 14L, `10` = 13L, `11` = 14L, `12` = 11L, 
    `13` = 7L, `14` = 12L, `15` = 11L, `16` = 9L, `17` = 5L, 
    `18` = 7L, `19` = 6L, `20` = 7L, `21` = 3L, `22` = 2L, `23` = 3L, 
    `24` = 4L, `25` = 3L, `26` = 4L, `27` = 2L, `29` = 2L, `30` = 2L, 
    `31` = 2L, `32` = 2L, `33` = 4L, `34` = 2L, `35` = 1L, `36` = 1L, 
    `37` = 3L, `42` = 1L, `44` = 2L, `46` = 1L, `48` = 1L, `49` = 1L, 
    `50` = 1L, `60` = 1L), .Dim = 43L, .Dimnames = list(TagUsage = c("1", 
    "2", "3", "4", "5", "6", "7", "8", "9", "10", "11", "12", 
    "13", "14", "15", "16", "17", "18", "19", "20", "21", "22", 
    "23", "24", "25", "26", "27", "29", "30", "31", "32", "33", 
    "34", "35", "36", "37", "42", "44", "46", "48", "49", "50", 
    "60")), class = "table"), No.Tag = structure(c(0L, 0L, 0L, 
    0L, 0L, 0L, 0L, 14L, 0L, 0L, 0L, 0L, 66L, 0L, 0L, 0L, 0L, 
    3L, 0L, 0L), .Dim = 5:4, .Dimnames = structure(list(c("-2", 
    "-1", "0", "1", NA), c("-", "A", "G", NA)), .Names = c("", 
    "")), class = "table"), All.Tags = list(Concordant = list(
        Freqs = structure(c(0, 0, 0, 0, 0, 0, 173, 1, 0, 0, 155, 
        0), .Dim = 4:3, .Dimnames = list(c("-2", "-1", "0", "1"
        ), c("-", "A", "G"))), N = 329), Majority = list(Freqs = structure(c(0, 
    0, 0, 0, 0, 1, 203, 1, 0, 1, 183, 0), .Dim = 4:3, .Dimnames = list(
        c("-2", "-1", "0", "1"), c("-", "A", "G"))), N = 389)), 
    `2` = structure(c(0, 0, 0, 0, 0, 1, 155, 0, 0, 1, 151, 0), .Dim = 4:3, .Dimnames = list(
        c("-2", "-1", "0", "1"), c("-", "A", "G"))))))
