Results <-
list(`bwa.out//20220204//BlindCMMRD133_S59.sam` = list(IM49_SNP1 = list(
    All = list(Freqs = structure(c(4L, 58L, 1712L, 37L, 2L, 6L, 
    0L, 48L, 1546L, 38L, 3L, 2L, 0L, 1L, 87L, 2L, 0L, 0L), .Dim = c(6L, 
    3L), .Dimnames = structure(list(c("-2", "-1", "0", "1", "2", 
    NA), c("C", "G", NA)), .Names = c("", "")), class = "table"), 
        N = 3546L), Tag.Distribution = structure(c(`1` = 360L, 
    `2` = 225L, `3` = 186L, `4` = 115L, `5` = 72L, `6` = 54L, 
    `7` = 46L, `8` = 30L, `9` = 15L, `10` = 6L, `11` = 7L, `12` = 3L, 
    `13` = 1L, `14` = 1L, `15` = 1L, `16` = 1L, `17` = 1L, `20` = 1L
    ), .Dim = 18L, .Dimnames = list(TagUsage = c("1", "2", "3", 
    "4", "5", "6", "7", "8", "9", "10", "11", "12", "13", "14", 
    "15", "16", "17", "20")), class = "table"), No.Tag = structure(c(0L, 
    2L, 43L, 1L, 0L, 0L, 0L, 0L, 20L, 0L, 0L, 0L, 0L, 0L, 3L, 
    0L, 0L, 0L), .Dim = c(6L, 3L), .Dimnames = structure(list(
        c("-2", "-1", "0", "1", "2", NA), c("C", "G", NA)), .Names = c("", 
    "")), class = "table"), All.Tags = list(Concordant = list(
        Freqs = structure(c(0, 9, 441, 6, 1, 0, 6, 408, 4, 0), .Dim = c(5L, 
        2L), .Dimnames = list(c("-2", "-1", "0", "1", "2"), c("C", 
        "G"))), N = 875), Majority = list(Freqs = structure(c(0, 
    10, 525, 6, 1, 0, 6, 496, 4, 0), .Dim = c(5L, 2L), .Dimnames = list(
        c("-2", "-1", "0", "1", "2"), c("C", "G"))), N = 1048)), 
    `2` = structure(c(0, 1, 365, 0, 0, 0, 3, 343, 0, 0), .Dim = c(5L, 
    2L), .Dimnames = list(c("-2", "-1", "0", "1", "2"), c("C", 
    "G"))))))
