Results <-
list(`bwa.out//20220204//BlindCMMRD127_S53.sam` = list(GM22_SNP1 = list(
    All = list(Freqs = structure(c(5L, 102L, 7150L, 21L, 23L, 
    0L, 0L, 1L, 0L, 0L, 0L, 0L, 1L, 0L, 0L, 0L, 1L, 68L, 0L, 
    0L), .Dim = 5:4, .Dimnames = structure(list(c("-2", "-1", 
    "0", "1", NA), c("A", "G", "T", NA)), .Names = c("", "")), class = "table"), 
        N = 7372L), Tag.Distribution = structure(c(`1` = 183L, 
    `2` = 117L, `3` = 112L, `4` = 112L, `5` = 110L, `6` = 104L, 
    `7` = 62L, `8` = 63L, `9` = 53L, `10` = 41L, `11` = 31L, 
    `12` = 25L, `13` = 24L, `14` = 28L, `15` = 15L, `16` = 11L, 
    `17` = 9L, `18` = 10L, `19` = 10L, `20` = 6L, `21` = 6L, 
    `22` = 2L, `23` = 4L, `24` = 1L, `25` = 3L, `26` = 2L, `28` = 4L, 
    `32` = 1L, `33` = 1L, `38` = 1L), .Dim = 30L, .Dimnames = list(
        TagUsage = c("1", "2", "3", "4", "5", "6", "7", "8", 
        "9", "10", "11", "12", "13", "14", "15", "16", "17", 
        "18", "19", "20", "21", "22", "23", "24", "25", "26", 
        "28", "32", "33", "38")), class = "table"), No.Tag = structure(c(0L, 
    1L, 147L, 0L, 0L, 0L, 0L, 0L, 0L, 0L, 0L, 0L, 0L, 0L, 0L, 
    0L, 0L, 7L, 0L, 0L), .Dim = 5:4, .Dimnames = structure(list(
        c("-2", "-1", "0", "1", NA), c("A", "G", "T", NA)), .Names = c("", 
    "")), class = "table"), All.Tags = list(Concordant = list(
        Freqs = structure(c(0, 0, 1034, 1, 0, 0, 1, 0, 0, 0, 
        0, 0), .Dim = 4:3, .Dimnames = list(c("-2", "-1", "0", 
        "1"), c("A", "G", "T"))), N = 1036), Majority = list(
        Freqs = structure(c(0, 1, 1134, 1, 0, 0, 1, 0, 0, 0, 
        0, 0), .Dim = 4:3, .Dimnames = list(c("-2", "-1", "0", 
        "1"), c("A", "G", "T"))), N = 1137)), `2` = structure(c(0, 
    1, 964, 0, 0, 0, 0, 0, 0, 0, 0, 0), .Dim = 4:3, .Dimnames = list(
        c("-2", "-1", "0", "1"), c("A", "G", "T"))))))
