Results <-
list(`bwa.out//20220204//MLPA80_S12.sam` = list(LR52_SNP1 = list(
    All = list(Freqs = structure(c(2L, 29L, 349L, 2818L, 24L, 
    37L, 0L, 1L, 0L, 1L, 0L, 0L, 0L, 1L, 5L, 414L, 4L, 0L), .Dim = c(6L, 
    3L), .Dimnames = structure(list(c("-3", "-2", "-1", "0", 
    "1", NA), c("C", "T", NA)), .Names = c("", "")), class = "table"), 
        N = 3685L), Tag.Distribution = structure(c(`1` = 108L, 
    `2` = 69L, `3` = 48L, `4` = 37L, `5` = 44L, `6` = 35L, `7` = 20L, 
    `8` = 29L, `9` = 16L, `10` = 12L, `11` = 16L, `12` = 13L, 
    `13` = 12L, `14` = 8L, `15` = 11L, `16` = 3L, `17` = 13L, 
    `18` = 5L, `19` = 7L, `20` = 2L, `21` = 5L, `22` = 4L, `23` = 2L, 
    `25` = 4L, `26` = 2L, `28` = 1L, `29` = 1L, `30` = 1L, `32` = 1L, 
    `33` = 1L, `34` = 1L, `35` = 1L, `46` = 1L), .Dim = 33L, .Dimnames = list(
        TagUsage = c("1", "2", "3", "4", "5", "6", "7", "8", 
        "9", "10", "11", "12", "13", "14", "15", "16", "17", 
        "18", "19", "20", "21", "22", "23", "25", "26", "28", 
        "29", "30", "32", "33", "34", "35", "46")), class = "table"), 
    No.Tag = structure(c(0L, 0L, 9L, 99L, 1L, 0L, 0L, 0L, 0L, 
    0L, 0L, 0L, 0L, 0L, 1L, 15L, 1L, 0L), .Dim = c(6L, 3L), .Dimnames = structure(list(
        c("-3", "-2", "-1", "0", "1", NA), c("C", "T", NA)), .Names = c("", 
    "")), class = "table"), All.Tags = list(Concordant = list(
        Freqs = structure(c(0, 0, 12, 303, 3, 0, 1, 0, 1, 0), .Dim = c(5L, 
        2L), .Dimnames = list(c("-3", "-2", "-1", "0", "1"), 
            c("C", "T"))), N = 320), Majority = list(Freqs = structure(c(0, 
    0, 20, 472, 3, 0, 1, 0, 1, 0), .Dim = c(5L, 2L), .Dimnames = list(
        c("-3", "-2", "-1", "0", "1"), c("C", "T"))), N = 497)), 
    `2` = structure(c(0, 0, 10, 397, 0, 0, 0, 0, 0, 0), .Dim = c(5L, 
    2L), .Dimnames = list(c("-3", "-2", "-1", "0", "1"), c("C", 
    "T"))))))
