Results <-
list(`bwa.out//20220204//BlindCMMRD64_S23.sam` = list(GM11_SNP1 = list(
    All = list(Freqs = structure(c(29L, 5038L, 17L, 2L, 0L, 7L, 
    0L, 0L, 0L, 1L, 0L, 0L, 0L, 29L, 1L, 0L), .Dim = c(4L, 4L
    ), .Dimnames = structure(list(c("-1", "0", "1", NA), c("A", 
    "G", "T", NA)), .Names = c("", "")), class = "table"), N = 5124L), 
    Tag.Distribution = structure(c(`1` = 129L, `2` = 72L, `3` = 63L, 
    `4` = 56L, `5` = 46L, `6` = 46L, `7` = 36L, `8` = 27L, `9` = 28L, 
    `10` = 23L, `11` = 17L, `12` = 9L, `13` = 17L, `14` = 14L, 
    `15` = 12L, `16` = 9L, `17` = 7L, `18` = 14L, `19` = 9L, 
    `20` = 7L, `21` = 5L, `22` = 5L, `23` = 6L, `24` = 4L, `25` = 3L, 
    `27` = 2L, `28` = 1L, `29` = 3L, `30` = 2L, `32` = 1L, `34` = 1L, 
    `38` = 2L, `39` = 1L, `40` = 1L, `42` = 2L, `43` = 1L, `61` = 1L
    ), .Dim = 37L, .Dimnames = list(TagUsage = c("1", "2", "3", 
    "4", "5", "6", "7", "8", "9", "10", "11", "12", "13", "14", 
    "15", "16", "17", "18", "19", "20", "21", "22", "23", "24", 
    "25", "27", "28", "29", "30", "32", "34", "38", "39", "40", 
    "42", "43", "61")), class = "table"), No.Tag = structure(c(0L, 
    102L, 0L, 0L, 0L, 0L, 0L, 0L, 0L, 0L, 0L, 0L, 0L, 0L, 0L, 
    0L), .Dim = c(4L, 4L), .Dimnames = structure(list(c("-1", 
    "0", "1", NA), c("A", "G", "T", NA)), .Names = c("", "")), class = "table"), 
    All.Tags = list(Concordant = list(Freqs = structure(c(1, 
    631, 0, 0, 4, 0, 0, 0, 0), .Dim = c(3L, 3L), .Dimnames = list(
        c("-1", "0", "1"), c("A", "G", "T"))), N = 636), Majority = list(
        Freqs = structure(c(1, 671, 0, 0, 4, 0, 0, 0, 0), .Dim = c(3L, 
        3L), .Dimnames = list(c("-1", "0", "1"), c("A", "G", 
        "T"))), N = 676)), `2` = structure(c(0, 550, 0, 0, 0, 
    0, 0, 0, 0), .Dim = c(3L, 3L), .Dimnames = list(c("-1", "0", 
    "1"), c("A", "G", "T"))))))
