Results <-
list(`bwa.out//20220204//BlindCMMRD73_S32.sam` = list(LR46_SNP1 = list(
    All = list(Freqs = structure(c(0L, 1L, 0L, 0L, 2L, 1455L, 
    1L, 3L, 8L, 1700L, 1L, 3L, 0L, 8L, 0L, 0L), .Dim = c(4L, 
    4L), .Dimnames = structure(list(c("-1", "0", "1", NA), c("A", 
    "G", "T", NA)), .Names = c("", "")), class = "table"), N = 3182L), 
    Tag.Distribution = structure(c(`1` = 94L, `2` = 50L, `3` = 41L, 
    `4` = 30L, `5` = 24L, `6` = 24L, `7` = 24L, `8` = 23L, `9` = 18L, 
    `10` = 17L, `11` = 8L, `12` = 8L, `13` = 6L, `14` = 9L, `15` = 10L, 
    `16` = 2L, `17` = 8L, `18` = 6L, `19` = 4L, `20` = 5L, `21` = 5L, 
    `22` = 3L, `23` = 5L, `24` = 3L, `26` = 5L, `27` = 3L, `28` = 1L, 
    `29` = 1L, `30` = 2L, `36` = 1L), .Dim = 30L, .Dimnames = list(
        TagUsage = c("1", "2", "3", "4", "5", "6", "7", "8", 
        "9", "10", "11", "12", "13", "14", "15", "16", "17", 
        "18", "19", "20", "21", "22", "23", "24", "26", "27", 
        "28", "29", "30", "36")), class = "table"), No.Tag = structure(c(0L, 
    0L, 0L, 0L, 0L, 25L, 0L, 2L, 0L, 57L, 0L, 0L, 0L, 1L, 0L, 
    0L), .Dim = c(4L, 4L), .Dimnames = structure(list(c("-1", 
    "0", "1", NA), c("A", "G", "T", NA)), .Names = c("", "")), class = "table"), 
    All.Tags = list(Concordant = list(Freqs = structure(c(0, 
    0, 0, 0, 184, 0, 1, 227, 0), .Dim = c(3L, 3L), .Dimnames = list(
        c("-1", "0", "1"), c("A", "G", "T"))), N = 412), Majority = list(
        Freqs = structure(c(0, 0, 0, 0, 192, 0, 1, 243, 0), .Dim = c(3L, 
        3L), .Dimnames = list(c("-1", "0", "1"), c("A", "G", 
        "T"))), N = 436)), `2` = structure(c(0, 0, 0, 0, 149, 
    0, 0, 193, 0), .Dim = c(3L, 3L), .Dimnames = list(c("-1", 
    "0", "1"), c("A", "G", "T"))))))
