Results <-
list(`bwa.out//20220204//BlindCMMRD82_S41.sam` = list(LR10_SNP1 = list(
    All = list(Freqs = structure(c(0L, 27L, 0L, 0L, 61L, 4268L, 
    15L, 1L, 0L, 45L, 0L, 0L), .Dim = 4:3, .Dimnames = structure(list(
        c("-1", "0", "1", NA), c("C", "T", NA)), .Names = c("", 
    "")), class = "table"), N = 4417L), Tag.Distribution = structure(c(`1` = 98L, 
    `2` = 69L, `3` = 38L, `4` = 70L, `5` = 51L, `6` = 31L, `7` = 46L, 
    `8` = 35L, `9` = 27L, `10` = 24L, `11` = 17L, `12` = 15L, 
    `13` = 15L, `14` = 12L, `15` = 6L, `16` = 10L, `17` = 5L, 
    `18` = 10L, `19` = 5L, `20` = 5L, `21` = 6L, `22` = 1L, `23` = 1L, 
    `24` = 7L, `25` = 1L, `26` = 5L, `27` = 3L, `28` = 2L, `30` = 1L, 
    `31` = 1L), .Dim = 30L, .Dimnames = list(TagUsage = c("1", 
    "2", "3", "4", "5", "6", "7", "8", "9", "10", "11", "12", 
    "13", "14", "15", "16", "17", "18", "19", "20", "21", "22", 
    "23", "24", "25", "26", "27", "28", "30", "31")), class = "table"), 
    No.Tag = structure(c(0L, 0L, 0L, 0L, 1L, 124L, 1L, 0L, 0L, 
    3L, 0L, 0L), .Dim = 4:3, .Dimnames = structure(list(c("-1", 
    "0", "1", NA), c("C", "T", NA)), .Names = c("", "")), class = "table"), 
    All.Tags = list(Concordant = list(Freqs = structure(c(0, 
    4, 0, 6, 546, 0), .Dim = 3:2, .Dimnames = list(c("-1", "0", 
    "1"), c("C", "T"))), N = 556), Majority = list(Freqs = structure(c(0, 
    5, 0, 6, 598, 0), .Dim = 3:2, .Dimnames = list(c("-1", "0", 
    "1"), c("C", "T"))), N = 609)), `2` = structure(c(0, 2, 0, 
    3, 511, 0), .Dim = 3:2, .Dimnames = list(c("-1", "0", "1"
    ), c("C", "T"))))))
