Results <-
list(`bwa.out//20220204//BlindCMMRD97_S56.sam` = list(LR49_SNP1 = list(
    All = list(Freqs = structure(c(4L, 1883L, 1L, 6L, 1940L, 
    1L, 0L, 26L, 0L), .Dim = c(3L, 3L), .Dimnames = structure(list(
        c("-1", "0", NA), c("A", "G", NA)), .Names = c("", ""
    )), class = "table"), N = 3861L), Tag.Distribution = structure(c(`1` = 120L, 
    `2` = 62L, `3` = 50L, `4` = 52L, `5` = 46L, `6` = 36L, `7` = 26L, 
    `8` = 33L, `9` = 23L, `10` = 19L, `11` = 23L, `12` = 12L, 
    `13` = 9L, `14` = 3L, `15` = 4L, `16` = 5L, `17` = 7L, `18` = 8L, 
    `19` = 4L, `20` = 5L, `21` = 7L, `22` = 4L, `23` = 2L, `24` = 2L, 
    `25` = 4L, `27` = 2L, `28` = 1L, `29` = 1L, `31` = 1L, `35` = 2L, 
    `41` = 2L), .Dim = 31L, .Dimnames = list(TagUsage = c("1", 
    "2", "3", "4", "5", "6", "7", "8", "9", "10", "11", "12", 
    "13", "14", "15", "16", "17", "18", "19", "20", "21", "22", 
    "23", "24", "25", "27", "28", "29", "31", "35", "41")), class = "table"), 
    No.Tag = structure(c(0L, 75L, 0L, 0L, 34L, 0L, 0L, 3L, 0L
    ), .Dim = c(3L, 3L), .Dimnames = structure(list(c("-1", "0", 
    NA), c("A", "G", NA)), .Names = c("", "")), class = "table"), 
    All.Tags = list(Concordant = list(Freqs = structure(c(0, 
    259, 1, 273), .Dim = c(2L, 2L), .Dimnames = list(c("-1", 
    "0"), c("A", "G"))), N = 533), Majority = list(Freqs = structure(c(0, 
    275, 1, 293), .Dim = c(2L, 2L), .Dimnames = list(c("-1", 
    "0"), c("A", "G"))), N = 569)), `2` = structure(c(0, 219, 
    0, 234), .Dim = c(2L, 2L), .Dimnames = list(c("-1", "0"), 
        c("A", "G"))))))
