Results <-
list(`bwa.out//20220204//BlindCMMRD58_S17.sam` = list(GM07_SNP1 = list(
    All = list(Freqs = structure(c(2L, 157L, 2797L, 71L, 3L, 
    35L, 3L, 154L, 2231L, 53L, 1L, 31L, 0L, 0L, 1L, 0L, 0L, 0L, 
    0L, 2L, 83L, 1L, 0L, 0L), .Dim = c(6L, 4L), .Dimnames = structure(list(
        c("-2", "-1", "0", "1", "2", NA), c("A", "G", "T", NA
        )), .Names = c("", "")), class = "table"), N = 5625L), 
    Tag.Distribution = structure(c(`1` = 90L, `2` = 20L, `3` = 14L, 
    `4` = 12L, `5` = 10L, `6` = 7L, `7` = 7L, `8` = 10L, `9` = 9L, 
    `10` = 15L, `11` = 8L, `12` = 10L, `13` = 15L, `14` = 5L, 
    `15` = 8L, `16` = 6L, `17` = 8L, `18` = 10L, `19` = 7L, `20` = 6L, 
    `21` = 4L, `22` = 5L, `23` = 4L, `24` = 5L, `25` = 3L, `26` = 3L, 
    `27` = 2L, `28` = 3L, `29` = 6L, `30` = 4L, `31` = 2L, `32` = 1L, 
    `33` = 2L, `34` = 1L, `35` = 1L, `38` = 1L, `39` = 1L, `40` = 1L, 
    `41` = 2L, `42` = 1L, `43` = 2L, `44` = 1L, `45` = 1L, `46` = 2L, 
    `47` = 1L, `48` = 2L, `49` = 2L, `50` = 3L, `51` = 1L, `52` = 1L, 
    `53` = 1L, `54` = 1L, `56` = 3L, `58` = 2L, `59` = 1L, `60` = 2L, 
    `62` = 2L, `63` = 1L, `66` = 2L, `76` = 1L, `78` = 1L, `79` = 1L
    ), .Dim = 62L, .Dimnames = list(TagUsage = c("1", "2", "3", 
    "4", "5", "6", "7", "8", "9", "10", "11", "12", "13", "14", 
    "15", "16", "17", "18", "19", "20", "21", "22", "23", "24", 
    "25", "26", "27", "28", "29", "30", "31", "32", "33", "34", 
    "35", "38", "39", "40", "41", "42", "43", "44", "45", "46", 
    "47", "48", "49", "50", "51", "52", "53", "54", "56", "58", 
    "59", "60", "62", "63", "66", "76", "78", "79")), class = "table"), 
    No.Tag = structure(c(0L, 7L, 203L, 5L, 0L, 6L, 1L, 4L, 103L, 
    3L, 0L, 6L, 0L, 0L, 0L, 0L, 0L, 0L, 0L, 0L, 13L, 0L, 0L, 
    0L), .Dim = c(6L, 4L), .Dimnames = structure(list(c("-2", 
    "-1", "0", "1", "2", NA), c("A", "G", "T", NA)), .Names = c("", 
    "")), class = "table"), All.Tags = list(Concordant = list(
        Freqs = structure(c(0, 3, 96, 2, 0, 0, 3, 84, 1, 0, 0, 
        0, 0, 0, 0), .Dim = c(5L, 3L), .Dimnames = list(c("-2", 
        "-1", "0", "1", "2"), c("A", "G", "T"))), N = 189), Majority = list(
        Freqs = structure(c(0, 4, 181, 2, 0, 0, 4, 157, 1, 0, 
        0, 0, 0, 0, 0), .Dim = c(5L, 3L), .Dimnames = list(c("-2", 
        "-1", "0", "1", "2"), c("A", "G", "T"))), N = 349)), 
    `2` = structure(c(0, 2, 144, 0, 0, 0, 1, 122, 0, 0, 0, 0, 
    0, 0, 0), .Dim = c(5L, 3L), .Dimnames = list(c("-2", "-1", 
    "0", "1", "2"), c("A", "G", "T"))))))
