Results <-
list(`bwa.out//20220204//BlindCMMRD115_S41.sam` = list(LR44_SNP1 = list(
    All = list(Freqs = structure(c(0L, 4L, 4L, 0L, 0L, 0L, 7L, 
    362L, 4413L, 52L, 2L, 35L, 0L, 2L, 43L, 1L, 0L, 0L), .Dim = c(6L, 
    3L), .Dimnames = structure(list(c("-2", "-1", "0", "1", "2", 
    NA), c("C", "T", NA)), .Names = c("", "")), class = "table"), 
        N = 4925L), Tag.Distribution = structure(c(`1` = 228L, 
    `2` = 213L, `3` = 162L, `4` = 130L, `5` = 94L, `6` = 84L, 
    `7` = 72L, `8` = 43L, `9` = 23L, `10` = 23L, `11` = 21L, 
    `12` = 17L, `13` = 10L, `14` = 5L, `15` = 5L, `16` = 4L, 
    `17` = 1L, `18` = 2L, `19` = 2L, `20` = 1L, `22` = 1L), .Dim = 21L, .Dimnames = list(
        TagUsage = c("1", "2", "3", "4", "5", "6", "7", "8", 
        "9", "10", "11", "12", "13", "14", "15", "16", "17", 
        "18", "19", "20", "22")), class = "table"), No.Tag = structure(c(0L, 
    0L, 0L, 0L, 0L, 0L, 0L, 7L, 90L, 1L, 0L, 0L, 0L, 0L, 1L, 
    0L, 0L, 0L), .Dim = c(6L, 3L), .Dimnames = structure(list(
        c("-2", "-1", "0", "1", "2", NA), c("C", "T", NA)), .Names = c("", 
    "")), class = "table"), All.Tags = list(Concordant = list(
        Freqs = structure(c(0, 4, 2, 0, 0, 0, 24, 819, 2, 0), .Dim = c(5L, 
        2L), .Dimnames = list(c("-2", "-1", "0", "1", "2"), c("C", 
        "T"))), N = 851), Majority = list(Freqs = structure(c(0, 
    4, 2, 0, 0, 0, 32, 1038, 2, 0), .Dim = c(5L, 2L), .Dimnames = list(
        c("-2", "-1", "0", "1", "2"), c("C", "T"))), N = 1078)), 
    `2` = structure(c(0, 0, 0, 0, 0, 0, 15, 844, 0, 0), .Dim = c(5L, 
    2L), .Dimnames = list(c("-2", "-1", "0", "1", "2"), c("C", 
    "T"))))))
