Results <-
list(`bwa.out//20220204//BlindCMMRD47_S7.sam` = list(GM11_SNP1 = list(
    All = list(Freqs = structure(c(1L, 22L, 4198L, 9L, 0L, 0L, 
    7L, 0L, 0L, 0L, 17L, 1L), .Dim = 4:3, .Dimnames = structure(list(
        c("-2", "-1", "0", "1"), c("A", "G", NA)), .Names = c("", 
    "")), class = "table"), N = 4255L), Tag.Distribution = structure(c(`1` = 90L, 
    `2` = 24L, `3` = 18L, `4` = 17L, `5` = 20L, `6` = 10L, `7` = 15L, 
    `8` = 19L, `9` = 10L, `10` = 15L, `11` = 10L, `12` = 9L, 
    `13` = 11L, `14` = 5L, `15` = 7L, `16` = 3L, `17` = 6L, `18` = 8L, 
    `19` = 4L, `20` = 6L, `21` = 3L, `22` = 2L, `23` = 7L, `24` = 4L, 
    `25` = 3L, `26` = 2L, `27` = 4L, `28` = 5L, `29` = 4L, `30` = 3L, 
    `31` = 3L, `32` = 2L, `33` = 4L, `34` = 1L, `36` = 1L, `37` = 1L, 
    `38` = 2L, `39` = 2L, `40` = 1L, `42` = 1L, `43` = 3L, `45` = 1L, 
    `50` = 1L, `51` = 1L, `53` = 1L, `54` = 2L, `56` = 1L, `63` = 1L, 
    `71` = 1L), .Dim = 49L, .Dimnames = list(TagUsage = c("1", 
    "2", "3", "4", "5", "6", "7", "8", "9", "10", "11", "12", 
    "13", "14", "15", "16", "17", "18", "19", "20", "21", "22", 
    "23", "24", "25", "26", "27", "28", "29", "30", "31", "32", 
    "33", "34", "36", "37", "38", "39", "40", "42", "43", "45", 
    "50", "51", "53", "54", "56", "63", "71")), class = "table"), 
    No.Tag = structure(c(0L, 1L, 103L, 0L, 0L, 0L, 0L, 1L, 0L, 
    0L, 0L, 0L, 4L, 0L, 0L), .Dim = c(5L, 3L), .Dimnames = structure(list(
        c("-2", "-1", "0", "1", NA), c("A", "G", NA)), .Names = c("", 
    "")), class = "table"), All.Tags = list(Concordant = list(
        Freqs = structure(c(0, 1, 337, 1, 0, 0, 6, 0), .Dim = c(4L, 
        2L), .Dimnames = list(c("-2", "-1", "0", "1"), c("A", 
        "G"))), N = 345), Majority = list(Freqs = structure(c(0, 
    1, 365, 1, 0, 0, 6, 0), .Dim = c(4L, 2L), .Dimnames = list(
        c("-2", "-1", "0", "1"), c("A", "G"))), N = 373)), `2` = structure(c(0, 
    0, 284, 0, 0, 0, 0, 0), .Dim = c(4L, 2L), .Dimnames = list(
        c("-2", "-1", "0", "1"), c("A", "G"))))))
