Results <-
list(`bwa.out//20220204//Control16_S9.sam` = list(GM09_SNP1 = list(
    All = list(Freqs = structure(c(12L, 1035L, 1L, 0L, 4L, 1113L, 
    3L, 1L, 0L, 3L, 0L, 0L, 0L, 12L, 0L, 0L), .Dim = c(4L, 4L
    ), .Dimnames = structure(list(c("-1", "0", "1", NA), c("A", 
    "G", "T", NA)), .Names = c("", "")), class = "table"), N = 2184L), 
    Tag.Distribution = structure(c(`1` = 97L, `2` = 45L, `3` = 36L, 
    `4` = 33L, `5` = 23L, `6` = 27L, `7` = 15L, `8` = 20L, `9` = 19L, 
    `10` = 10L, `11` = 9L, `12` = 8L, `13` = 7L, `14` = 2L, `15` = 5L, 
    `16` = 1L, `17` = 6L, `18` = 3L, `19` = 1L, `20` = 3L, `21` = 2L, 
    `22` = 1L, `23` = 3L, `24` = 2L, `25` = 1L, `27` = 1L, `28` = 1L
    ), .Dim = 27L, .Dimnames = list(TagUsage = c("1", "2", "3", 
    "4", "5", "6", "7", "8", "9", "10", "11", "12", "13", "14", 
    "15", "16", "17", "18", "19", "20", "21", "22", "23", "24", 
    "25", "27", "28")), class = "table"), No.Tag = structure(c(0L, 
    20L, 0L, 0L, 0L, 21L, 0L, 0L, 0L, 0L, 0L, 0L, 0L, 2L, 0L, 
    0L), .Dim = c(4L, 4L), .Dimnames = structure(list(c("-1", 
    "0", "1", NA), c("A", "G", "T", NA)), .Names = c("", "")), class = "table"), 
    All.Tags = list(Concordant = list(Freqs = structure(c(1, 
    176, 0, 0, 176, 0, 0, 0, 0), .Dim = c(3L, 3L), .Dimnames = list(
        c("-1", "0", "1"), c("A", "G", "T"))), N = 353), Majority = list(
        Freqs = structure(c(2, 187, 0, 0, 187, 0, 0, 0, 0), .Dim = c(3L, 
        3L), .Dimnames = list(c("-1", "0", "1"), c("A", "G", 
        "T"))), N = 376)), `2` = structure(c(1, 136, 0, 0, 144, 
    0, 0, 0, 0), .Dim = c(3L, 3L), .Dimnames = list(c("-1", "0", 
    "1"), c("A", "G", "T"))))))
