Results <-
list(`bwa.out//20220204//BlindCMMRD119_S45.sam` = list(GM17_SNP1 = list(
    All = list(Freqs = structure(c(1L, 57L, 5591L, 12L, 1L, 18L, 
    0L, 1L, 22L, 0L, 0L, 0L, 0L, 0L, 20L, 1L, 0L, 0L), .Dim = c(6L, 
    3L), .Dimnames = structure(list(c("-2", "-1", "0", "1", "2", 
    NA), c("C", "T", NA)), .Names = c("", "")), class = "table"), 
        N = 5724L), Tag.Distribution = structure(c(`1` = 201L, 
    `2` = 151L, `3` = 158L, `4` = 108L, `5` = 96L, `6` = 83L, 
    `7` = 60L, `8` = 46L, `9` = 36L, `10` = 29L, `11` = 27L, 
    `12` = 24L, `13` = 17L, `14` = 7L, `15` = 7L, `16` = 9L, 
    `17` = 12L, `18` = 6L, `19` = 1L, `20` = 2L, `21` = 6L, `23` = 2L, 
    `24` = 2L, `26` = 2L), .Dim = 24L, .Dimnames = list(TagUsage = c("1", 
    "2", "3", "4", "5", "6", "7", "8", "9", "10", "11", "12", 
    "13", "14", "15", "16", "17", "18", "19", "20", "21", "23", 
    "24", "26")), class = "table"), No.Tag = structure(c(0L, 
    2L, 135L, 0L, 0L, 1L, 0L, 0L, 0L, 0L, 0L, 0L, 0L, 0L, 1L, 
    0L, 0L, 0L), .Dim = c(6L, 3L), .Dimnames = structure(list(
        c("-2", "-1", "0", "1", "2", NA), c("C", "T", NA)), .Names = c("", 
    "")), class = "table"), All.Tags = list(Concordant = list(
        Freqs = structure(c(0, 4, 1003, 0, 0, 0, 1, 12, 0, 0), .Dim = c(5L, 
        2L), .Dimnames = list(c("-2", "-1", "0", "1", "2"), c("C", 
        "T"))), N = 1020), Majority = list(Freqs = structure(c(0, 
    4, 1069, 0, 0, 0, 1, 12, 0, 0), .Dim = c(5L, 2L), .Dimnames = list(
        c("-2", "-1", "0", "1", "2"), c("C", "T"))), N = 1086)), 
    `2` = structure(c(0, 0, 885, 0, 0, 0, 0, 0, 0, 0), .Dim = c(5L, 
    2L), .Dimnames = list(c("-2", "-1", "0", "1", "2"), c("C", 
    "T"))))))
