Results <-
list(`bwa.out//20220204//BlindCMMRD51_S11.sam` = list(GM09_SNP1 = list(
    All = list(Freqs = structure(c(40L, 1888L, 0L, 14L, 1979L, 
    4L, 1L, 30L, 0L), .Dim = c(3L, 3L), .Dimnames = structure(list(
        c("-1", "0", "1"), c("A", "G", NA)), .Names = c("", ""
    )), class = "table"), N = 3956L), Tag.Distribution = structure(c(`1` = 75L, 
    `2` = 31L, `3` = 18L, `4` = 19L, `5` = 25L, `6` = 19L, `7` = 15L, 
    `8` = 17L, `9` = 23L, `10` = 18L, `11` = 15L, `12` = 7L, 
    `13` = 7L, `14` = 9L, `15` = 5L, `16` = 5L, `17` = 8L, `18` = 4L, 
    `19` = 5L, `20` = 4L, `21` = 6L, `22` = 4L, `23` = 1L, `24` = 9L, 
    `25` = 3L, `26` = 5L, `27` = 1L, `28` = 2L, `29` = 8L, `30` = 2L, 
    `31` = 1L, `32` = 1L, `33` = 1L, `34` = 3L, `35` = 4L, `36` = 3L, 
    `37` = 1L, `40` = 1L, `41` = 2L, `43` = 1L, `47` = 1L, `55` = 1L
    ), .Dim = 42L, .Dimnames = list(TagUsage = c("1", "2", "3", 
    "4", "5", "6", "7", "8", "9", "10", "11", "12", "13", "14", 
    "15", "16", "17", "18", "19", "20", "21", "22", "23", "24", 
    "25", "26", "27", "28", "29", "30", "31", "32", "33", "34", 
    "35", "36", "37", "40", "41", "43", "47", "55")), class = "table"), 
    No.Tag = structure(c(0L, 13L, 0L, 0L, 0L, 20L, 0L, 0L, 0L, 
    2L, 0L, 0L), .Dim = 4:3, .Dimnames = structure(list(c("-1", 
    "0", "1", NA), c("A", "G", NA)), .Names = c("", "")), class = "table"), 
    All.Tags = list(Concordant = list(Freqs = structure(c(3, 
    163, 0, 1, 170, 0), .Dim = 3:2, .Dimnames = list(c("-1", 
    "0", "1"), c("A", "G"))), N = 337), Majority = list(Freqs = structure(c(3, 
    187, 0, 1, 192, 0), .Dim = 3:2, .Dimnames = list(c("-1", 
    "0", "1"), c("A", "G"))), N = 383)), `2` = structure(c(2, 
    158, 0, 0, 155, 0), .Dim = 3:2, .Dimnames = list(c("-1", 
    "0", "1"), c("A", "G"))))))
