Results <-
list(`bwa.out//20220204//BlindCMMRD59_S18.sam` = list(DEPDC2_SNP1 = list(
    All = list(Freqs = structure(c(0L, 1L, 0L, 0L, 8L, 2306L, 
    8L, 4L, 28L, 2784L, 17L, 6L, 1L, 57L, 0L, 0L), .Dim = c(4L, 
    4L), .Dimnames = structure(list(c("-1", "0", "1", NA), c("A", 
    "C", "T", NA)), .Names = c("", "")), class = "table"), N = 5220L), 
    Tag.Distribution = structure(c(`1` = 180L, `2` = 79L, `3` = 70L, 
    `4` = 50L, `5` = 58L, `6` = 55L, `7` = 41L, `8` = 33L, `9` = 35L, 
    `10` = 32L, `11` = 19L, `12` = 18L, `13` = 15L, `14` = 15L, 
    `15` = 12L, `16` = 9L, `17` = 10L, `18` = 6L, `19` = 8L, 
    `20` = 11L, `21` = 2L, `22` = 2L, `23` = 3L, `24` = 4L, `25` = 4L, 
    `26` = 3L, `28` = 2L, `29` = 1L, `31` = 2L, `33` = 1L, `40` = 1L, 
    `41` = 1L, `42` = 1L, `48` = 1L), .Dim = 34L, .Dimnames = list(
        TagUsage = c("1", "2", "3", "4", "5", "6", "7", "8", 
        "9", "10", "11", "12", "13", "14", "15", "16", "17", 
        "18", "19", "20", "21", "22", "23", "24", "25", "26", 
        "28", "29", "31", "33", "40", "41", "42", "48")), class = "table"), 
    No.Tag = structure(c(0L, 0L, 0L, 0L, 0L, 23L, 0L, 0L, 0L, 
    54L, 0L, 1L, 0L, 4L, 0L, 0L), .Dim = c(4L, 4L), .Dimnames = structure(list(
        c("-1", "0", "1", NA), c("A", "C", "T", NA)), .Names = c("", 
    "")), class = "table"), All.Tags = list(Concordant = list(
        Freqs = structure(c(0, 1, 0, 0, 320, 0, 2, 345, 0), .Dim = c(3L, 
        3L), .Dimnames = list(c("-1", "0", "1"), c("A", "C", 
        "T"))), N = 668), Majority = list(Freqs = structure(c(0, 
    1, 0, 0, 357, 0, 3, 405, 0), .Dim = c(3L, 3L), .Dimnames = list(
        c("-1", "0", "1"), c("A", "C", "T"))), N = 766)), `2` = structure(c(0, 
    0, 0, 0, 274, 0, 1, 322, 0), .Dim = c(3L, 3L), .Dimnames = list(
        c("-1", "0", "1"), c("A", "C", "T"))))))
