Results <-
list(`bwa.out//20220204//BlindCMMRD86_S45.sam` = list(LR10_SNP1 = list(
    All = list(Freqs = structure(c(1L, 57L, 2234L, 7L, 1L, 4L, 
    0L, 30L, 1953L, 9L, 0L, 3L, 0L, 1L, 30L, 1L, 0L, 0L), .Dim = c(6L, 
    3L), .Dimnames = structure(list(c("-2", "-1", "0", "1", "2", 
    NA), c("C", "T", NA)), .Names = c("", "")), class = "table"), 
        N = 4331L), Tag.Distribution = structure(c(`1` = 118L, 
    `2` = 83L, `3` = 72L, `4` = 61L, `5` = 67L, `6` = 61L, `7` = 47L, 
    `8` = 30L, `9` = 24L, `10` = 33L, `11` = 18L, `12` = 19L, 
    `13` = 16L, `14` = 12L, `15` = 5L, `16` = 9L, `17` = 6L, 
    `18` = 9L, `19` = 5L, `20` = 3L, `21` = 1L, `22` = 2L, `23` = 1L, 
    `26` = 1L, `31` = 1L, `32` = 1L, `33` = 1L), .Dim = 27L, .Dimnames = list(
        TagUsage = c("1", "2", "3", "4", "5", "6", "7", "8", 
        "9", "10", "11", "12", "13", "14", "15", "16", "17", 
        "18", "19", "20", "21", "22", "23", "26", "31", "32", 
        "33")), class = "table"), No.Tag = structure(c(0L, 2L, 
    50L, 0L, 0L, 2L, 0L, 1L, 63L, 0L, 0L, 0L, 0L, 0L, 3L, 0L, 
    0L, 0L), .Dim = c(6L, 3L), .Dimnames = structure(list(c("-2", 
    "-1", "0", "1", "2", NA), c("C", "T", NA)), .Names = c("", 
    "")), class = "table"), All.Tags = list(Concordant = list(
        Freqs = structure(c(0, 2, 312, 0, 0, 0, 1, 267, 0, 0), .Dim = c(5L, 
        2L), .Dimnames = list(c("-2", "-1", "0", "1", "2"), c("C", 
        "T"))), N = 582), Majority = list(Freqs = structure(c(0, 
    3, 373, 0, 0, 0, 1, 320, 0, 0), .Dim = c(5L, 2L), .Dimnames = list(
        c("-2", "-1", "0", "1", "2"), c("C", "T"))), N = 697)), 
    `2` = structure(c(0, 2, 315, 0, 0, 0, 0, 265, 0, 0), .Dim = c(5L, 
    2L), .Dimnames = list(c("-2", "-1", "0", "1", "2"), c("C", 
    "T"))))))
