Results <-
list(`bwa.out//20220204//BlindCMMRD67_S26.sam` = list(GM29_SNP1 = list(
    All = list(Freqs = structure(c(1L, 41L, 2312L, 4L, 0L, 2L, 
    32L, 2224L, 6L, 3L, 0L, 0L, 41L, 1L, 0L), .Dim = c(5L, 3L
    ), .Dimnames = structure(list(c("-2", "-1", "0", "1", NA), 
        c("A", "G", NA)), .Names = c("", "")), class = "table"), 
        N = 4667L), Tag.Distribution = structure(c(`1` = 99L, 
    `2` = 43L, `3` = 42L, `4` = 42L, `5` = 31L, `6` = 36L, `7` = 31L, 
    `8` = 26L, `9` = 26L, `10` = 12L, `11` = 18L, `12` = 14L, 
    `13` = 11L, `14` = 11L, `15` = 7L, `16` = 12L, `17` = 9L, 
    `18` = 7L, `19` = 9L, `20` = 6L, `21` = 8L, `22` = 5L, `23` = 3L, 
    `24` = 4L, `25` = 3L, `26` = 5L, `27` = 4L, `28` = 4L, `29` = 2L, 
    `30` = 2L, `31` = 1L, `32` = 2L, `33` = 1L, `35` = 2L, `37` = 2L, 
    `42` = 1L, `44` = 1L), .Dim = 37L, .Dimnames = list(TagUsage = c("1", 
    "2", "3", "4", "5", "6", "7", "8", "9", "10", "11", "12", 
    "13", "14", "15", "16", "17", "18", "19", "20", "21", "22", 
    "23", "24", "25", "26", "27", "28", "29", "30", "31", "32", 
    "33", "35", "37", "42", "44")), class = "table"), No.Tag = structure(c(1L, 
    0L, 86L, 0L, 0L, 0L, 0L, 73L, 0L, 0L, 0L, 0L, 4L, 0L, 0L), .Dim = c(5L, 
    3L), .Dimnames = structure(list(c("-2", "-1", "0", "1", NA
    ), c("A", "G", NA)), .Names = c("", "")), class = "table"), 
    All.Tags = list(Concordant = list(Freqs = structure(c(0, 
    3, 226, 0, 0, 0, 197, 0), .Dim = c(4L, 2L), .Dimnames = list(
        c("-2", "-1", "0", "1"), c("A", "G"))), N = 426), Majority = list(
        Freqs = structure(c(0, 3, 278, 0, 0, 1, 249, 0), .Dim = c(4L, 
        2L), .Dimnames = list(c("-2", "-1", "0", "1"), c("A", 
        "G"))), N = 531)), `2` = structure(c(0, 0, 227, 0, 0, 
    1, 210, 0), .Dim = c(4L, 2L), .Dimnames = list(c("-2", "-1", 
    "0", "1"), c("A", "G"))))))
