Results <-
list(`bwa.out//20220204//MLPA03_S10.sam` = list(LR49_SNP1 = list(
    All = list(Freqs = structure(c(0L, 19L, 0L, 0L, 28L, 4739L, 
    2L, 5L, 0L, 2L, 0L, 0L, 0L, 21L, 0L, 0L), .Dim = c(4L, 4L
    ), .Dimnames = structure(list(c("-1", "0", "1", NA), c("A", 
    "G", "T", NA)), .Names = c("", "")), class = "table"), N = 4816L), 
    Tag.Distribution = structure(c(`1` = 141L, `2` = 48L, `3` = 38L, 
    `4` = 28L, `5` = 31L, `6` = 29L, `7` = 27L, `8` = 16L, `9` = 23L, 
    `10` = 17L, `11` = 17L, `12` = 14L, `13` = 13L, `14` = 16L, 
    `15` = 9L, `16` = 12L, `17` = 6L, `18` = 11L, `19` = 8L, 
    `20` = 4L, `21` = 5L, `22` = 6L, `23` = 4L, `24` = 7L, `25` = 5L, 
    `27` = 1L, `28` = 2L, `29` = 2L, `30` = 3L, `31` = 2L, `32` = 3L, 
    `34` = 1L, `35` = 3L, `36` = 1L, `37` = 2L, `38` = 1L, `39` = 1L, 
    `40` = 1L, `41` = 1L, `42` = 2L, `49` = 2L), .Dim = 41L, .Dimnames = list(
        TagUsage = c("1", "2", "3", "4", "5", "6", "7", "8", 
        "9", "10", "11", "12", "13", "14", "15", "16", "17", 
        "18", "19", "20", "21", "22", "23", "24", "25", "27", 
        "28", "29", "30", "31", "32", "34", "35", "36", "37", 
        "38", "39", "40", "41", "42", "49")), class = "table"), 
    No.Tag = structure(c(0L, 2L, 0L, 0L, 0L, 114L, 0L, 2L, 0L, 
    0L, 0L, 0L, 0L, 5L, 0L, 0L), .Dim = c(4L, 4L), .Dimnames = structure(list(
        c("-1", "0", "1", NA), c("A", "G", "T", NA)), .Names = c("", 
    "")), class = "table"), All.Tags = list(Concordant = list(
        Freqs = structure(c(0, 3, 0, 0, 537, 0, 0, 0, 0), .Dim = c(3L, 
        3L), .Dimnames = list(c("-1", "0", "1"), c("A", "G", 
        "T"))), N = 540), Majority = list(Freqs = structure(c(0, 
    3, 0, 0, 557, 0, 0, 0, 0), .Dim = c(3L, 3L), .Dimnames = list(
        c("-1", "0", "1"), c("A", "G", "T"))), N = 560)), `2` = structure(c(0, 
    1, 0, 0, 419, 0, 0, 0, 0), .Dim = c(3L, 3L), .Dimnames = list(
        c("-1", "0", "1"), c("A", "G", "T"))))))
