Results <-
list(`bwa.out//20220204//BlindCMMRD123_S49.sam` = list(LR48_SNP1 = list(
    All = list(Freqs = structure(c(1L, 41L, 1677L, 29L, 6L, 3L, 
    40L, 1754L, 23L, 7L, 0L, 0L, 26L, 0L, 0L), .Dim = c(5L, 3L
    ), .Dimnames = structure(list(c("-2", "-1", "0", "1", NA), 
        c("C", "T", NA)), .Names = c("", "")), class = "table"), 
        N = 3607L), Tag.Distribution = structure(c(`1` = 130L, 
    `2` = 81L, `3` = 87L, `4` = 75L, `5` = 68L, `6` = 44L, `7` = 35L, 
    `8` = 33L, `9` = 23L, `10` = 21L, `11` = 12L, `12` = 19L, 
    `13` = 11L, `14` = 12L, `15` = 9L, `16` = 6L, `17` = 2L, 
    `18` = 5L, `19` = 2L, `20` = 1L, `21` = 1L, `22` = 2L), .Dim = 22L, .Dimnames = list(
        TagUsage = c("1", "2", "3", "4", "5", "6", "7", "8", 
        "9", "10", "11", "12", "13", "14", "15", "16", "17", 
        "18", "19", "20", "21", "22")), class = "table"), No.Tag = structure(c(1L, 
    1L, 47L, 1L, 0L, 0L, 0L, 25L, 0L, 0L, 0L, 0L, 0L, 0L, 0L), .Dim = c(5L, 
    3L), .Dimnames = structure(list(c("-2", "-1", "0", "1", NA
    ), c("C", "T", NA)), .Names = c("", "")), class = "table"), 
    All.Tags = list(Concordant = list(Freqs = structure(c(0, 
    0, 261, 0, 0, 1, 272, 0), .Dim = c(4L, 2L), .Dimnames = list(
        c("-2", "-1", "0", "1"), c("C", "T"))), N = 534), Majority = list(
        Freqs = structure(c(0, 0, 324, 0, 0, 1, 342, 0), .Dim = c(4L, 
        2L), .Dimnames = list(c("-2", "-1", "0", "1"), c("C", 
        "T"))), N = 667)), `2` = structure(c(0, 0, 260, 0, 0, 
    0, 281, 0), .Dim = c(4L, 2L), .Dimnames = list(c("-2", "-1", 
    "0", "1"), c("C", "T"))))))
