Results <-
list(`bwa.out//20220204//BlindCMMRD46_S6.sam` = list(GM14_SNP1 = list(
    All = list(Freqs = structure(c(0L, 0L, 6L, 0L, 0L, 1L, 63L, 
    2931L, 16L, 2L, 0L, 0L, 33L, 0L, 0L), .Dim = c(5L, 3L), .Dimnames = structure(list(
        c("-2", "-1", "0", "1", NA), c("C", "T", NA)), .Names = c("", 
    "")), class = "table"), N = 3052L), Tag.Distribution = structure(c(`1` = 43L, 
    `2` = 13L, `3` = 10L, `4` = 14L, `5` = 10L, `6` = 6L, `7` = 6L, 
    `8` = 7L, `9` = 5L, `10` = 10L, `11` = 8L, `12` = 9L, `13` = 8L, 
    `14` = 10L, `15` = 4L, `16` = 3L, `17` = 4L, `18` = 6L, `19` = 3L, 
    `20` = 7L, `21` = 7L, `22` = 4L, `23` = 2L, `24` = 4L, `25` = 3L, 
    `26` = 1L, `27` = 3L, `28` = 1L, `30` = 1L, `32` = 1L, `33` = 1L, 
    `34` = 2L, `35` = 4L, `36` = 4L, `38` = 1L, `39` = 1L, `40` = 1L, 
    `41` = 1L, `44` = 1L, `45` = 2L, `46` = 1L, `47` = 1L, `50` = 1L, 
    `51` = 1L, `73` = 1L), .Dim = 45L, .Dimnames = list(TagUsage = c("1", 
    "2", "3", "4", "5", "6", "7", "8", "9", "10", "11", "12", 
    "13", "14", "15", "16", "17", "18", "19", "20", "21", "22", 
    "23", "24", "25", "26", "27", "28", "30", "32", "33", "34", 
    "35", "36", "38", "39", "40", "41", "44", "45", "46", "47", 
    "50", "51", "73")), class = "table"), No.Tag = structure(c(0L, 
    0L, 2L, 0L, 0L, 0L, 2L, 48L, 1L, 0L, 0L, 0L, 1L, 0L, 0L), .Dim = c(5L, 
    3L), .Dimnames = structure(list(c("-2", "-1", "0", "1", NA
    ), c("C", "T", NA)), .Names = c("", "")), class = "table"), 
    All.Tags = list(Concordant = list(Freqs = structure(c(0, 
    0, 3, 0, 0, 3, 176, 1), .Dim = c(4L, 2L), .Dimnames = list(
        c("-2", "-1", "0", "1"), c("C", "T"))), N = 183), Majority = list(
        Freqs = structure(c(0, 0, 3, 0, 0, 3, 225, 1), .Dim = c(4L, 
        2L), .Dimnames = list(c("-2", "-1", "0", "1"), c("C", 
        "T"))), N = 232)), `2` = structure(c(0, 0, 0, 0, 0, 2, 
    191, 0), .Dim = c(4L, 2L), .Dimnames = list(c("-2", "-1", 
    "0", "1"), c("C", "T"))))))
