Results <-
list(`bwa.out//20220204//BlindCMMRD58_S17.sam` = list(LR49_SNP1 = list(
    All = list(Freqs = structure(c(49L, 4982L, 2L, 5L, 0L, 10L, 
    0L, 0L, 0L, 2L, 0L, 0L, 1L, 38L, 0L, 0L), .Dim = c(4L, 4L
    ), .Dimnames = structure(list(c("-1", "0", "1", NA), c("A", 
    "G", "T", NA)), .Names = c("", "")), class = "table"), N = 5089L), 
    Tag.Distribution = structure(c(`1` = 91L, `2` = 19L, `3` = 18L, 
    `4` = 14L, `5` = 15L, `6` = 18L, `7` = 14L, `8` = 10L, `9` = 10L, 
    `10` = 13L, `11` = 6L, `12` = 6L, `13` = 5L, `14` = 8L, `15` = 11L, 
    `16` = 2L, `17` = 5L, `18` = 5L, `19` = 7L, `20` = 4L, `21` = 5L, 
    `22` = 2L, `23` = 9L, `24` = 3L, `25` = 6L, `26` = 3L, `27` = 3L, 
    `28` = 1L, `29` = 4L, `30` = 6L, `31` = 5L, `32` = 2L, `36` = 2L, 
    `37` = 2L, `38` = 4L, `39` = 4L, `40` = 1L, `41` = 4L, `42` = 1L, 
    `43` = 1L, `44` = 2L, `48` = 1L, `51` = 2L, `52` = 1L, `53` = 2L, 
    `54` = 2L, `57` = 1L, `62` = 1L, `64` = 3L, `65` = 1L, `68` = 1L, 
    `70` = 1L, `71` = 1L, `75` = 1L, `93` = 1L), .Dim = 55L, .Dimnames = list(
        TagUsage = c("1", "2", "3", "4", "5", "6", "7", "8", 
        "9", "10", "11", "12", "13", "14", "15", "16", "17", 
        "18", "19", "20", "21", "22", "23", "24", "25", "26", 
        "27", "28", "29", "30", "31", "32", "36", "37", "38", 
        "39", "40", "41", "42", "43", "44", "48", "51", "52", 
        "53", "54", "57", "62", "64", "65", "68", "70", "71", 
        "75", "93")), class = "table"), No.Tag = structure(c(0L, 
    80L, 0L, 0L, 0L, 3L, 0L, 0L, 0L, 0L, 0L, 0L, 0L, 6L, 0L, 
    0L), .Dim = c(4L, 4L), .Dimnames = structure(list(c("-1", 
    "0", "1", NA), c("A", "G", "T", NA)), .Names = c("", "")), class = "table"), 
    All.Tags = list(Concordant = list(Freqs = structure(c(4, 
    344, 0, 0, 5, 0, 0, 1, 0), .Dim = c(3L, 3L), .Dimnames = list(
        c("-1", "0", "1"), c("A", "G", "T"))), N = 354), Majority = list(
        Freqs = structure(c(4, 354, 0, 0, 5, 0, 0, 1, 0), .Dim = c(3L, 
        3L), .Dimnames = list(c("-1", "0", "1"), c("A", "G", 
        "T"))), N = 364)), `2` = structure(c(2, 277, 0, 0, 0, 
    0, 0, 0, 0), .Dim = c(3L, 3L), .Dimnames = list(c("-1", "0", 
    "1"), c("A", "G", "T"))))))
