Results <-
list(`bwa.out//20220204//BlindCMMRD115_S41.sam` = list(LR52_SNP1 = list(
    All = list(Freqs = structure(c(0L, 0L, 0L, 1L, 0L, 0L, 0L, 
    0L, 0L, 2L, 12L, 0L, 0L, 0L, 2L, 10L, 224L, 2550L, 36L, 1L, 
    24L, 0L, 0L, 3L, 46L, 1L, 0L, 0L), .Dim = c(7L, 4L), .Dimnames = structure(list(
        c("-3", "-2", "-1", "0", "1", "2", NA), c("A", "C", "T", 
        NA)), .Names = c("", "")), class = "table"), N = 2912L), 
    Tag.Distribution = structure(c(`1` = 155L, `2` = 107L, `3` = 100L, 
    `4` = 72L, `5` = 67L, `6` = 49L, `7` = 45L, `8` = 22L, `9` = 27L, 
    `10` = 13L, `11` = 14L, `12` = 6L, `13` = 2L, `14` = 5L, 
    `15` = 2L, `16` = 1L, `17` = 1L, `19` = 1L, `22` = 1L), .Dim = 19L, .Dimnames = list(
        TagUsage = c("1", "2", "3", "4", "5", "6", "7", "8", 
        "9", "10", "11", "12", "13", "14", "15", "16", "17", 
        "19", "22")), class = "table"), No.Tag = structure(c(0L, 
    0L, 0L, 0L, 0L, 0L, 0L, 0L, 0L, 1L, 6L, 0L, 0L, 0L, 0L, 0L, 
    1L, 25L, 1L, 0L, 0L, 0L, 0L, 1L, 1L, 0L, 0L, 0L), .Dim = c(7L, 
    4L), .Dimnames = structure(list(c("-3", "-2", "-1", "0", 
    "1", "2", NA), c("A", "C", "T", NA)), .Names = c("", "")), class = "table"), 
    All.Tags = list(Concordant = list(Freqs = structure(c(0, 
    0, 0, 0, 0, 0, 0, 0, 0, 5, 0, 0, 0, 0, 14, 480, 5, 0), .Dim = c(6L, 
    3L), .Dimnames = list(c("-3", "-2", "-1", "0", "1", "2"), 
        c("A", "C", "T"))), N = 504), Majority = list(Freqs = structure(c(0, 
    0, 0, 0, 0, 0, 0, 0, 0, 5, 0, 0, 0, 0, 17, 635, 6, 0), .Dim = c(6L, 
    3L), .Dimnames = list(c("-3", "-2", "-1", "0", "1", "2"), 
        c("A", "C", "T"))), N = 663)), `2` = structure(c(0, 0, 
    0, 0, 0, 0, 0, 0, 0, 0, 0, 0, 0, 0, 7, 506, 3, 0), .Dim = c(6L, 
    3L), .Dimnames = list(c("-3", "-2", "-1", "0", "1", "2"), 
        c("A", "C", "T"))))))
