Results <-
list(`bwa.out//20220204//Control27_S20.sam` = list(GM26_SNP1 = list(
    All = list(Freqs = structure(c(0L, 0L, 6L, 0L, 0L, 1L, 23L, 
    2646L, 6L, 3L, 0L, 1L, 34L, 0L, 0L), .Dim = c(5L, 3L), .Dimnames = structure(list(
        c("-2", "-1", "0", "1", NA), c("A", "G", NA)), .Names = c("", 
    "")), class = "table"), N = 2720L), Tag.Distribution = structure(c(`1` = 110L, 
    `2` = 53L, `3` = 37L, `4` = 32L, `5` = 29L, `6` = 28L, `7` = 17L, 
    `8` = 23L, `9` = 14L, `10` = 15L, `11` = 8L, `12` = 10L, 
    `13` = 14L, `14` = 6L, `15` = 6L, `16` = 7L, `17` = 7L, `18` = 5L, 
    `19` = 2L, `20` = 1L, `21` = 1L, `23` = 4L, `24` = 1L, `25` = 1L, 
    `26` = 2L, `27` = 1L, `28` = 2L, `30` = 3L, `33` = 1L), .Dim = 29L, .Dimnames = list(
        TagUsage = c("1", "2", "3", "4", "5", "6", "7", "8", 
        "9", "10", "11", "12", "13", "14", "15", "16", "17", 
        "18", "19", "20", "21", "23", "24", "25", "26", "27", 
        "28", "30", "33")), class = "table"), No.Tag = structure(c(0L, 
    0L, 0L, 0L, 0L, 0L, 0L, 10L, 0L, 0L, 0L, 0L, 0L, 0L, 0L), .Dim = c(5L, 
    3L), .Dimnames = structure(list(c("-2", "-1", "0", "1", NA
    ), c("A", "G", NA)), .Names = c("", "")), class = "table"), 
    All.Tags = list(Concordant = list(Freqs = structure(c(0, 
    0, 5, 0, 0, 3, 397, 0), .Dim = c(4L, 2L), .Dimnames = list(
        c("-2", "-1", "0", "1"), c("A", "G"))), N = 405), Majority = list(
        Freqs = structure(c(0, 0, 5, 0, 0, 3, 419, 0), .Dim = c(4L, 
        2L), .Dimnames = list(c("-2", "-1", "0", "1"), c("A", 
        "G"))), N = 427)), `2` = structure(c(0, 0, 0, 0, 0, 0, 
    325, 0), .Dim = c(4L, 2L), .Dimnames = list(c("-2", "-1", 
    "0", "1"), c("A", "G"))))))
