Results <-
list(`bwa.out//20220204//BlindCMMRD132_S58.sam` = list(GM07_SNP1 = list(
    All = list(Freqs = structure(c(0L, 105L, 1087L, 26L, 1L, 
    11L, 3L, 119L, 1027L, 27L, 2L, 15L, 0L, 1L, 6L, 0L, 0L, 0L
    ), .Dim = c(6L, 3L), .Dimnames = structure(list(c("-2", "-1", 
    "0", "1", "2", NA), c("A", "G", NA)), .Names = c("", "")), class = "table"), 
        N = 2430L), Tag.Distribution = structure(c(`1` = 173L, 
    `2` = 150L, `3` = 104L, `4` = 88L, `5` = 49L, `6` = 43L, 
    `7` = 29L, `8` = 17L, `9` = 7L, `10` = 7L, `11` = 5L, `12` = 3L, 
    `13` = 3L, `14` = 2L, `15` = 2L, `16` = 1L, `22` = 1L), .Dim = 17L, .Dimnames = list(
        TagUsage = c("1", "2", "3", "4", "5", "6", "7", "8", 
        "9", "10", "11", "12", "13", "14", "15", "16", "22")), class = "table"), 
    No.Tag = structure(c(0L, 1L, 36L, 2L, 0L, 3L, 0L, 5L, 37L, 
    1L, 0L, 6L, 0L, 0L, 1L, 0L, 0L, 0L), .Dim = c(6L, 3L), .Dimnames = structure(list(
        c("-2", "-1", "0", "1", "2", NA), c("A", "G", NA)), .Names = c("", 
    "")), class = "table"), All.Tags = list(Concordant = list(
        Freqs = structure(c(0, 17, 255, 0, 0, 1, 26, 242, 4, 
        0), .Dim = c(5L, 2L), .Dimnames = list(c("-2", "-1", 
        "0", "1", "2"), c("A", "G"))), N = 545), Majority = list(
        Freqs = structure(c(0, 21, 310, 0, 0, 1, 28, 293, 6, 
        0), .Dim = c(5L, 2L), .Dimnames = list(c("-2", "-1", 
        "0", "1", "2"), c("A", "G"))), N = 659)), `2` = structure(c(0, 
    13, 237, 0, 0, 0, 13, 223, 2, 0), .Dim = c(5L, 2L), .Dimnames = list(
        c("-2", "-1", "0", "1", "2"), c("A", "G"))))))
