Results <-
list(`bwa.out//20220204//BlindCMMRD122_S48.sam` = list(LR49_SNP1 = list(
    All = list(Freqs = structure(c(8L, 1568L, 0L, 5L, 4L, 1789L, 
    2L, 1L, 0L, 14L, 0L, 0L), .Dim = 4:3, .Dimnames = structure(list(
        c("-1", "0", "1", NA), c("A", "G", NA)), .Names = c("", 
    "")), class = "table"), N = 3391L), Tag.Distribution = structure(c(`1` = 214L, 
    `2` = 142L, `3` = 94L, `4` = 77L, `5` = 47L, `6` = 50L, `7` = 39L, 
    `8` = 21L, `9` = 22L, `10` = 20L, `11` = 16L, `12` = 5L, 
    `13` = 8L, `14` = 5L, `15` = 8L, `16` = 7L, `17` = 2L, `18` = 1L, 
    `19` = 2L, `20` = 4L, `21` = 1L, `24` = 1L, `28` = 1L), .Dim = 23L, .Dimnames = list(
        TagUsage = c("1", "2", "3", "4", "5", "6", "7", "8", 
        "9", "10", "11", "12", "13", "14", "15", "16", "17", 
        "18", "19", "20", "21", "24", "28")), class = "table"), 
    No.Tag = structure(c(0L, 16L, 0L, 0L, 0L, 27L, 0L, 0L, 0L, 
    1L, 0L, 0L), .Dim = 4:3, .Dimnames = structure(list(c("-1", 
    "0", "1", NA), c("A", "G", NA)), .Names = c("", "")), class = "table"), 
    All.Tags = list(Concordant = list(Freqs = structure(c(1, 
    327, 0, 1, 385, 0), .Dim = 3:2, .Dimnames = list(c("-1", 
    "0", "1"), c("A", "G"))), N = 714), Majority = list(Freqs = structure(c(1, 
    355, 0, 1, 419, 0), .Dim = 3:2, .Dimnames = list(c("-1", 
    "0", "1"), c("A", "G"))), N = 776)), `2` = structure(c(0, 
    256, 0, 0, 308, 0), .Dim = 3:2, .Dimnames = list(c("-1", 
    "0", "1"), c("A", "G"))))))
