Results <-
list(`bwa.out//20220204//BlindCMMRD89_S48.sam` = list(LR48_SNP1 = list(
    All = list(Freqs = structure(c(2L, 57L, 2661L, 32L, 11L, 
    1L, 60L, 2161L, 40L, 5L, 0L, 1L, 91L, 1L, 0L), .Dim = c(5L, 
    3L), .Dimnames = structure(list(c("-2", "-1", "0", "1", NA
    ), c("C", "T", NA)), .Names = c("", "")), class = "table"), 
        N = 5123L), Tag.Distribution = structure(c(`1` = 90L, 
    `2` = 36L, `3` = 25L, `4` = 32L, `5` = 35L, `6` = 34L, `7` = 18L, 
    `8` = 23L, `9` = 20L, `10` = 25L, `11` = 13L, `12` = 17L, 
    `13` = 17L, `14` = 13L, `15` = 16L, `16` = 4L, `17` = 12L, 
    `18` = 9L, `19` = 5L, `20` = 6L, `21` = 6L, `22` = 3L, `23` = 4L, 
    `24` = 4L, `25` = 5L, `26` = 4L, `27` = 3L, `28` = 3L, `29` = 3L, 
    `30` = 4L, `31` = 3L, `32` = 4L, `33` = 3L, `34` = 2L, `37` = 2L, 
    `39` = 1L, `40` = 1L, `41` = 2L, `43` = 1L, `45` = 1L, `46` = 1L, 
    `48` = 1L, `50` = 1L), .Dim = 43L, .Dimnames = list(TagUsage = c("1", 
    "2", "3", "4", "5", "6", "7", "8", "9", "10", "11", "12", 
    "13", "14", "15", "16", "17", "18", "19", "20", "21", "22", 
    "23", "24", "25", "26", "27", "28", "29", "30", "31", "32", 
    "33", "34", "37", "39", "40", "41", "43", "45", "46", "48", 
    "50")), class = "table"), No.Tag = structure(c(0L, 2L, 90L, 
    3L, 0L, 0L, 2L, 59L, 1L, 0L, 0L, 0L, 11L, 0L, 0L), .Dim = c(5L, 
    3L), .Dimnames = structure(list(c("-2", "-1", "0", "1", NA
    ), c("C", "T", NA)), .Names = c("", "")), class = "table"), 
    All.Tags = list(Concordant = list(Freqs = structure(c(0, 
    1, 199, 1, 0, 2, 181, 0), .Dim = c(4L, 2L), .Dimnames = list(
        c("-2", "-1", "0", "1"), c("C", "T"))), N = 384), Majority = list(
        Freqs = structure(c(0, 1, 264, 1, 0, 2, 234, 0), .Dim = c(4L, 
        2L), .Dimnames = list(c("-2", "-1", "0", "1"), c("C", 
        "T"))), N = 502)), `2` = structure(c(0, 0, 223, 0, 0, 
    2, 194, 0), .Dim = c(4L, 2L), .Dimnames = list(c("-2", "-1", 
    "0", "1"), c("C", "T"))))))
