Results <-
list(`bwa.out//20220204//BlindCMMRD86_S45.sam` = list(GM14_SNP1 = list(
    All = list(Freqs = structure(c(1L, 44L, 1420L, 14L, 7L, 1L, 
    34L, 1522L, 10L, 3L, 0L, 0L, 20L, 0L, 0L), .Dim = c(5L, 3L
    ), .Dimnames = structure(list(c("-2", "-1", "0", "1", NA), 
        c("C", "T", NA)), .Names = c("", "")), class = "table"), 
        N = 3076L), Tag.Distribution = structure(c(`1` = 99L, 
    `2` = 59L, `3` = 60L, `4` = 47L, `5` = 38L, `6` = 43L, `7` = 24L, 
    `8` = 21L, `9` = 20L, `10` = 17L, `11` = 17L, `12` = 17L, 
    `13` = 15L, `14` = 13L, `15` = 3L, `16` = 11L, `17` = 3L, 
    `18` = 5L, `19` = 1L, `20` = 1L, `21` = 4L, `23` = 1L), .Dim = 22L, .Dimnames = list(
        TagUsage = c("1", "2", "3", "4", "5", "6", "7", "8", 
        "9", "10", "11", "12", "13", "14", "15", "16", "17", 
        "18", "19", "20", "21", "23")), class = "table"), No.Tag = structure(c(0L, 
    0L, 45L, 0L, 0L, 0L, 0L, 36L, 0L, 0L, 0L, 0L, 0L, 0L, 0L), .Dim = c(5L, 
    3L), .Dimnames = structure(list(c("-2", "-1", "0", "1", NA
    ), c("C", "T", NA)), .Names = c("", "")), class = "table"), 
    All.Tags = list(Concordant = list(Freqs = structure(c(0, 
    2, 194, 0, 0, 1, 222, 0), .Dim = c(4L, 2L), .Dimnames = list(
        c("-2", "-1", "0", "1"), c("C", "T"))), N = 419), Majority = list(
        Freqs = structure(c(0, 2, 243, 0, 0, 1, 263, 0), .Dim = c(4L, 
        2L), .Dimnames = list(c("-2", "-1", "0", "1"), c("C", 
        "T"))), N = 509)), `2` = structure(c(0, 0, 201, 0, 0, 
    0, 215, 0), .Dim = c(4L, 2L), .Dimnames = list(c("-2", "-1", 
    "0", "1"), c("C", "T"))))))
