Results <-
list(`bwa.out//20220204//BlindCMMRD41_S1.sam` = list(GM29_SNP1 = list(
    All = list(Freqs = structure(c(1L, 44L, 4012L, 13L, 6L, 0L, 
    0L, 7L, 0L, 0L, 0L, 0L, 1L, 0L, 0L, 0L, 0L, 32L, 0L, 0L), .Dim = 5:4, .Dimnames = structure(list(
        c("-2", "-1", "0", "1", NA), c("A", "G", "T", NA)), .Names = c("", 
    "")), class = "table"), N = 4116L), Tag.Distribution = structure(c(`1` = 60L, 
    `2` = 17L, `3` = 11L, `4` = 13L, `5` = 10L, `6` = 17L, `7` = 20L, 
    `8` = 10L, `9` = 10L, `10` = 14L, `11` = 8L, `12` = 14L, 
    `13` = 11L, `14` = 11L, `15` = 6L, `16` = 6L, `17` = 11L, 
    `18` = 5L, `19` = 4L, `20` = 4L, `21` = 3L, `22` = 4L, `23` = 7L, 
    `24` = 1L, `25` = 3L, `26` = 3L, `27` = 2L, `28` = 3L, `29` = 5L, 
    `30` = 4L, `31` = 1L, `32` = 1L, `33` = 3L, `34` = 1L, `35` = 3L, 
    `36` = 4L, `37` = 1L, `40` = 1L, `42` = 1L, `45` = 2L, `46` = 1L, 
    `47` = 1L, `49` = 1L, `50` = 1L, `51` = 1L, `53` = 1L, `57` = 1L, 
    `68` = 1L, `71` = 1L), .Dim = 49L, .Dimnames = list(TagUsage = c("1", 
    "2", "3", "4", "5", "6", "7", "8", "9", "10", "11", "12", 
    "13", "14", "15", "16", "17", "18", "19", "20", "21", "22", 
    "23", "24", "25", "26", "27", "28", "29", "30", "31", "32", 
    "33", "34", "35", "36", "37", "40", "42", "45", "46", "47", 
    "49", "50", "51", "53", "57", "68", "71")), class = "table"), 
    No.Tag = structure(c(0L, 1L, 120L, 1L, 1L, 0L, 0L, 0L, 0L, 
    0L, 0L, 0L, 0L, 0L, 0L, 0L, 0L, 2L, 0L, 0L), .Dim = 5:4, .Dimnames = structure(list(
        c("-2", "-1", "0", "1", NA), c("A", "G", "T", NA)), .Names = c("", 
    "")), class = "table"), All.Tags = list(Concordant = list(
        Freqs = structure(c(0, 1, 265, 0, 0, 0, 4, 0, 0, 0, 0, 
        0), .Dim = 4:3, .Dimnames = list(c("-2", "-1", "0", "1"
        ), c("A", "G", "T"))), N = 270), Majority = list(Freqs = structure(c(0, 
    1, 315, 0, 0, 0, 4, 0, 0, 0, 0, 0), .Dim = 4:3, .Dimnames = list(
        c("-2", "-1", "0", "1"), c("A", "G", "T"))), N = 320)), 
    `2` = structure(c(0, 0, 262, 0, 0, 0, 0, 0, 0, 0, 0, 0), .Dim = 4:3, .Dimnames = list(
        c("-2", "-1", "0", "1"), c("A", "G", "T"))))))
