Results <-
list(`bwa.out//20220204//BlindCMMRD108_S10.sam` = list(IM16_SNP1 = list(
    All = list(Freqs = structure(c(3L, 870L, 10L, 5L, 746L, 7L, 
    0L, 21L, 0L), .Dim = c(3L, 3L), .Dimnames = structure(list(
        c("-1", "0", "1"), c("A", "G", NA)), .Names = c("", ""
    )), class = "table"), N = 1662L), Tag.Distribution = structure(c(`1` = 54L, 
    `2` = 11L, `3` = 13L, `4` = 19L, `5` = 16L, `6` = 13L, `7` = 12L, 
    `8` = 13L, `9` = 9L, `10` = 4L, `11` = 4L, `12` = 4L, `13` = 4L, 
    `14` = 4L, `15` = 9L, `16` = 2L, `17` = 6L, `18` = 2L, `19` = 1L, 
    `20` = 5L, `21` = 2L, `22` = 2L, `23` = 1L, `25` = 2L, `26` = 1L, 
    `27` = 1L, `28` = 2L, `30` = 1L, `42` = 1L), .Dim = 29L, .Dimnames = list(
        TagUsage = c("1", "2", "3", "4", "5", "6", "7", "8", 
        "9", "10", "11", "12", "13", "14", "15", "16", "17", 
        "18", "19", "20", "21", "22", "23", "25", "26", "27", 
        "28", "30", "42")), class = "table"), No.Tag = structure(c(0L, 
    13L, 0L, 0L, 0L, 27L, 0L, 0L, 0L, 0L, 0L, 0L), .Dim = 4:3, .Dimnames = structure(list(
        c("-1", "0", "1", NA), c("A", "G", NA)), .Names = c("", 
    "")), class = "table"), All.Tags = list(Concordant = list(
        Freqs = structure(c(0, 96, 0, 0, 94, 1), .Dim = 3:2, .Dimnames = list(
            c("-1", "0", "1"), c("A", "G"))), N = 191), Majority = list(
        Freqs = structure(c(0, 107, 0, 0, 101, 1), .Dim = 3:2, .Dimnames = list(
            c("-1", "0", "1"), c("A", "G"))), N = 209)), `2` = structure(c(0, 
    84, 0, 0, 76, 1), .Dim = 3:2, .Dimnames = list(c("-1", "0", 
    "1"), c("A", "G"))))))
