Results <-
list(`bwa.out//20220204//BlindCMMRD79_S38.sam` = list(LR52_SNP1 = list(
    All = list(Freqs = structure(c(0L, 0L, 0L, 1L, 0L, 0L, 0L, 
    6L, 81L, 856L, 9L, 25L, 1L, 10L, 118L, 1612L, 9L, 17L, 0L, 
    0L, 15L, 375L, 2L, 0L), .Dim = c(6L, 4L), .Dimnames = structure(list(
        c("-3", "-2", "-1", "0", "1", NA), c("A", "C", "T", NA
        )), .Names = c("", "")), class = "table"), N = 3137L), 
    Tag.Distribution = structure(c(`1` = 103L, `2` = 72L, `3` = 75L, 
    `4` = 59L, `5` = 36L, `6` = 43L, `7` = 38L, `8` = 31L, `9` = 19L, 
    `10` = 14L, `11` = 11L, `12` = 13L, `13` = 11L, `14` = 15L, 
    `15` = 8L, `16` = 5L, `17` = 3L, `18` = 2L, `19` = 4L, `20` = 1L, 
    `21` = 1L, `27` = 1L, `38` = 1L), .Dim = 23L, .Dimnames = list(
        TagUsage = c("1", "2", "3", "4", "5", "6", "7", "8", 
        "9", "10", "11", "12", "13", "14", "15", "16", "17", 
        "18", "19", "20", "21", "27", "38")), class = "table"), 
    No.Tag = structure(c(0L, 0L, 0L, 0L, 0L, 0L, 0L, 0L, 2L, 
    19L, 0L, 1L, 0L, 0L, 1L, 37L, 0L, 0L, 0L, 0L, 0L, 7L, 0L, 
    0L), .Dim = c(6L, 4L), .Dimnames = structure(list(c("-3", 
    "-2", "-1", "0", "1", NA), c("A", "C", "T", NA)), .Names = c("", 
    "")), class = "table"), All.Tags = list(Concordant = list(
        Freqs = structure(c(0, 0, 0, 0, 0, 0, 0, 4, 155, 2, 1, 
        0, 3, 214, 1), .Dim = c(5L, 3L), .Dimnames = list(c("-3", 
        "-2", "-1", "0", "1"), c("A", "C", "T"))), N = 380), 
        Majority = list(Freqs = structure(c(0, 0, 0, 0, 0, 0, 
        1, 5, 211, 2, 1, 0, 5, 303, 1), .Dim = c(5L, 3L), .Dimnames = list(
            c("-3", "-2", "-1", "0", "1"), c("A", "C", "T"))), 
            N = 529)), `2` = structure(c(0, 0, 0, 0, 0, 0, 1, 
    3, 182, 1, 0, 0, 3, 257, 0), .Dim = c(5L, 3L), .Dimnames = list(
        c("-3", "-2", "-1", "0", "1"), c("A", "C", "T"))))))
