Results <-
list(`bwa.out//20220204//BlindCMMRD92_S51.sam` = list(GM22_SNP1 = list(
    All = list(Freqs = structure(c(1L, 70L, 5298L, 50L, 7L, 0L, 
    0L, 6L, 0L, 0L, 0L, 0L, 1L, 0L, 0L, 0L, 4L, 69L, 0L, 0L), .Dim = 5:4, .Dimnames = structure(list(
        c("-2", "-1", "0", "1", NA), c("A", "G", "T", NA)), .Names = c("", 
    "")), class = "table"), N = 5506L), Tag.Distribution = structure(c(`1` = 106L, 
    `2` = 34L, `3` = 34L, `4` = 31L, `5` = 22L, `6` = 31L, `7` = 35L, 
    `8` = 19L, `9` = 16L, `10` = 27L, `11` = 16L, `12` = 22L, 
    `13` = 16L, `14` = 9L, `15` = 17L, `16` = 7L, `17` = 11L, 
    `18` = 8L, `19` = 9L, `20` = 7L, `21` = 8L, `22` = 7L, `23` = 7L, 
    `24` = 5L, `25` = 4L, `26` = 11L, `27` = 7L, `28` = 4L, `29` = 5L, 
    `30` = 4L, `32` = 3L, `33` = 2L, `35` = 1L, `36` = 1L, `40` = 1L, 
    `42` = 2L, `44` = 1L, `46` = 1L, `52` = 1L), .Dim = 39L, .Dimnames = list(
        TagUsage = c("1", "2", "3", "4", "5", "6", "7", "8", 
        "9", "10", "11", "12", "13", "14", "15", "16", "17", 
        "18", "19", "20", "21", "22", "23", "24", "25", "26", 
        "27", "28", "29", "30", "32", "33", "35", "36", "40", 
        "42", "44", "46", "52")), class = "table"), No.Tag = structure(c(0L, 
    7L, 146L, 1L, 3L, 0L, 0L, 0L, 0L, 0L, 0L, 0L, 0L, 0L, 0L, 
    0L, 0L, 5L, 0L, 0L), .Dim = 5:4, .Dimnames = structure(list(
        c("-2", "-1", "0", "1", NA), c("A", "G", "T", NA)), .Names = c("", 
    "")), class = "table"), All.Tags = list(Concordant = list(
        Freqs = structure(c(0, 0, 467, 1, 0, 0, 5, 0, 0, 0, 0, 
        0), .Dim = 4:3, .Dimnames = list(c("-2", "-1", "0", "1"
        ), c("A", "G", "T"))), N = 473), Majority = list(Freqs = structure(c(0, 
    0, 540, 1, 0, 0, 5, 0, 0, 0, 0, 0), .Dim = 4:3, .Dimnames = list(
        c("-2", "-1", "0", "1"), c("A", "G", "T"))), N = 546)), 
    `2` = structure(c(0, 0, 445, 0, 0, 0, 1, 0, 0, 0, 0, 0), .Dim = 4:3, .Dimnames = list(
        c("-2", "-1", "0", "1"), c("A", "G", "T"))))))
