Results <-
list(`bwa.out//20220204//BlindCMMRD69_S28.sam` = list(LR40_SNP1 = list(
    All = list(Freqs = structure(c(1L, 16L, 2144L, 9L, 3L, 0L, 
    33L, 1968L, 7L, 2L, 0L, 0L, 15L, 0L, 0L), .Dim = c(5L, 3L
    ), .Dimnames = structure(list(c("-2", "-1", "0", "1", NA), 
        c("A", "C", NA)), .Names = c("", "")), class = "table"), 
        N = 4198L), Tag.Distribution = structure(c(`1` = 112L, 
    `2` = 51L, `3` = 47L, `4` = 51L, `5` = 34L, `6` = 34L, `7` = 42L, 
    `8` = 28L, `9` = 25L, `10` = 17L, `11` = 26L, `12` = 14L, 
    `13` = 18L, `14` = 10L, `15` = 7L, `16` = 6L, `17` = 10L, 
    `18` = 11L, `19` = 10L, `20` = 6L, `21` = 3L, `22` = 4L, 
    `23` = 2L, `24` = 3L, `25` = 2L, `26` = 2L, `27` = 1L, `28` = 1L, 
    `30` = 2L, `33` = 1L), .Dim = 30L, .Dimnames = list(TagUsage = c("1", 
    "2", "3", "4", "5", "6", "7", "8", "9", "10", "11", "12", 
    "13", "14", "15", "16", "17", "18", "19", "20", "21", "22", 
    "23", "24", "25", "26", "27", "28", "30", "33")), class = "table"), 
    No.Tag = structure(c(0L, 0L, 64L, 0L, 0L, 0L, 21L, 39L, 0L, 
    0L, 0L, 0L, 2L, 0L, 0L), .Dim = c(5L, 3L), .Dimnames = structure(list(
        c("-2", "-1", "0", "1", NA), c("A", "C", NA)), .Names = c("", 
    "")), class = "table"), All.Tags = list(Concordant = list(
        Freqs = structure(c(0, 3, 259, 1, 0, 0, 234, 0), .Dim = c(4L, 
        2L), .Dimnames = list(c("-2", "-1", "0", "1"), c("A", 
        "C"))), N = 497), Majority = list(Freqs = structure(c(0, 
    3, 290, 1, 0, 0, 277, 0), .Dim = c(4L, 2L), .Dimnames = list(
        c("-2", "-1", "0", "1"), c("A", "C"))), N = 571)), `2` = structure(c(0, 
    1, 242, 0, 0, 0, 218, 0), .Dim = c(4L, 2L), .Dimnames = list(
        c("-2", "-1", "0", "1"), c("A", "C"))))))
