Results <-
list(`bwa.out//20220204//BlindCMMRD84_S43.sam` = list(LR10_SNP1 = list(
    All = list(Freqs = structure(c(0L, 0L, 1L, 0L, 0L, 0L, 43L, 
    2590L, 28L, 3L, 1L, 22L, 2116L, 10L, 2L, 0L, 0L, 42L, 0L, 
    0L), .Dim = 5:4, .Dimnames = structure(list(c("-3", "-1", 
    "0", "1", NA), c("A", "C", "T", NA)), .Names = c("", "")), class = "table"), 
        N = 4858L), Tag.Distribution = structure(c(`1` = 126L, 
    `2` = 40L, `3` = 51L, `4` = 32L, `5` = 32L, `6` = 44L, `7` = 34L, 
    `8` = 26L, `9` = 20L, `10` = 14L, `11` = 23L, `12` = 23L, 
    `13` = 19L, `14` = 10L, `15` = 16L, `16` = 8L, `17` = 12L, 
    `18` = 11L, `19` = 6L, `20` = 2L, `21` = 9L, `22` = 3L, `23` = 3L, 
    `24` = 6L, `25` = 2L, `26` = 2L, `27` = 2L, `28` = 3L, `29` = 2L, 
    `30` = 2L, `31` = 2L, `32` = 2L, `34` = 1L, `35` = 1L, `36` = 3L, 
    `38` = 1L, `41` = 1L), .Dim = 37L, .Dimnames = list(TagUsage = c("1", 
    "2", "3", "4", "5", "6", "7", "8", "9", "10", "11", "12", 
    "13", "14", "15", "16", "17", "18", "19", "20", "21", "22", 
    "23", "24", "25", "26", "27", "28", "29", "30", "31", "32", 
    "34", "35", "36", "38", "41")), class = "table"), No.Tag = structure(c(0L, 
    0L, 0L, 0L, 0L, 0L, 2L, 62L, 2L, 0L, 0L, 1L, 61L, 0L, 0L, 
    0L, 0L, 5L, 0L, 0L), .Dim = 5:4, .Dimnames = structure(list(
        c("-3", "-1", "0", "1", NA), c("A", "C", "T", NA)), .Names = c("", 
    "")), class = "table"), All.Tags = list(Concordant = list(
        Freqs = structure(c(0, 0, 0, 0, 0, 3, 245, 0, 0, 1, 237, 
        0), .Dim = 4:3, .Dimnames = list(c("-3", "-1", "0", "1"
        ), c("A", "C", "T"))), N = 486), Majority = list(Freqs = structure(c(0, 
    0, 0, 0, 0, 3, 303, 1, 0, 1, 276, 0), .Dim = 4:3, .Dimnames = list(
        c("-3", "-1", "0", "1"), c("A", "C", "T"))), N = 584)), 
    `2` = structure(c(0, 0, 0, 0, 0, 0, 240, 1, 0, 0, 221, 0), .Dim = 4:3, .Dimnames = list(
        c("-3", "-1", "0", "1"), c("A", "C", "T"))))))
