Results <-
list(`bwa.out//20220204//BlindCMMRD76_S35.sam` = list(LR40_SNP1 = list(
    All = list(Freqs = structure(c(37L, 2984L, 6L, 3L, 51L, 3090L, 
    10L, 4L, 0L, 2L, 0L, 0L, 0L, 34L, 0L, 0L), .Dim = c(4L, 4L
    ), .Dimnames = structure(list(c("-1", "0", "1", NA), c("A", 
    "C", "G", NA)), .Names = c("", "")), class = "table"), N = 6221L), 
    Tag.Distribution = structure(c(`1` = 107L, `2` = 44L, `3` = 41L, 
    `4` = 34L, `5` = 42L, `6` = 39L, `7` = 31L, `8` = 25L, `9` = 28L, 
    `10` = 22L, `11` = 15L, `12` = 10L, `13` = 21L, `14` = 9L, 
    `15` = 18L, `16` = 14L, `17` = 13L, `18` = 17L, `19` = 10L, 
    `20` = 10L, `21` = 5L, `22` = 5L, `23` = 3L, `24` = 4L, `25` = 7L, 
    `26` = 7L, `27` = 6L, `28` = 8L, `29` = 2L, `30` = 3L, `31` = 3L, 
    `32` = 3L, `33` = 2L, `34` = 2L, `35` = 1L, `36` = 2L, `37` = 1L, 
    `38` = 1L, `41` = 1L, `43` = 1L, `44` = 1L, `45` = 2L, `49` = 1L, 
    `51` = 1L, `68` = 1L), .Dim = 45L, .Dimnames = list(TagUsage = c("1", 
    "2", "3", "4", "5", "6", "7", "8", "9", "10", "11", "12", 
    "13", "14", "15", "16", "17", "18", "19", "20", "21", "22", 
    "23", "24", "25", "26", "27", "28", "29", "30", "31", "32", 
    "33", "34", "35", "36", "37", "38", "41", "43", "44", "45", 
    "49", "51", "68")), class = "table"), No.Tag = structure(c(2L, 
    88L, 0L, 0L, 0L, 82L, 0L, 0L, 0L, 0L, 0L, 0L, 0L, 5L, 0L, 
    0L), .Dim = c(4L, 4L), .Dimnames = structure(list(c("-1", 
    "0", "1", NA), c("A", "C", "G", NA)), .Names = c("", "")), class = "table"), 
    All.Tags = list(Concordant = list(Freqs = structure(c(0, 
    251, 0, 2, 252, 1, 0, 0, 0), .Dim = c(3L, 3L), .Dimnames = list(
        c("-1", "0", "1"), c("A", "C", "G"))), N = 506), Majority = list(
        Freqs = structure(c(1, 299, 0, 2, 314, 1, 0, 0, 0), .Dim = c(3L, 
        3L), .Dimnames = list(c("-1", "0", "1"), c("A", "C", 
        "G"))), N = 617)), `2` = structure(c(1, 244, 0, 2, 268, 
    0, 0, 0, 0), .Dim = c(3L, 3L), .Dimnames = list(c("-1", "0", 
    "1"), c("A", "C", "G"))))))
