Results <-
list(`bwa.out//20220204//BlindCMMRD128_S54.sam` = list(LR11_SNP1 = list(
    All = list(Freqs = structure(c(5L, 63L, 2906L, 17L, 1L, 6L, 
    2L, 59L, 2483L, 8L, 0L, 13L, 0L, 0L, 1L, 0L, 0L, 0L, 0L, 
    0L, 31L, 0L, 0L, 0L), .Dim = c(6L, 4L), .Dimnames = structure(list(
        c("-2", "-1", "0", "1", "2", NA), c("A", "C", "G", NA
        )), .Names = c("", "")), class = "table"), N = 5595L), 
    Tag.Distribution = structure(c(`1` = 514L, `2` = 382L, `3` = 283L, 
    `4` = 191L, `5` = 115L, `6` = 90L, `7` = 60L, `8` = 33L, 
    `9` = 36L, `10` = 14L, `11` = 16L, `12` = 6L, `13` = 4L, 
    `14` = 2L, `17` = 2L), .Dim = 15L, .Dimnames = list(TagUsage = c("1", 
    "2", "3", "4", "5", "6", "7", "8", "9", "10", "11", "12", 
    "13", "14", "17")), class = "table"), No.Tag = structure(c(0L, 
    1L, 40L, 1L, 0L, 0L, 0L, 1L, 33L, 1L, 0L, 0L, 0L, 0L, 0L, 
    0L, 0L, 0L, 0L, 0L, 2L, 0L, 0L, 0L), .Dim = c(6L, 4L), .Dimnames = structure(list(
        c("-2", "-1", "0", "1", "2", NA), c("A", "C", "G", NA
        )), .Names = c("", "")), class = "table"), All.Tags = list(
        Concordant = list(Freqs = structure(c(0, 6, 731, 2, 0, 
        0, 6, 577, 0, 0, 0, 0, 0, 0, 0), .Dim = c(5L, 3L), .Dimnames = list(
            c("-2", "-1", "0", "1", "2"), c("A", "C", "G"))), 
            N = 1322), Majority = list(Freqs = structure(c(0, 
        8, 889, 2, 0, 0, 7, 747, 0, 0, 0, 0, 0, 0, 0), .Dim = c(5L, 
        3L), .Dimnames = list(c("-2", "-1", "0", "1", "2"), c("A", 
        "C", "G"))), N = 1653)), `2` = structure(c(0, 2, 626, 
    0, 0, 0, 2, 519, 0, 0, 0, 0, 0, 0, 0), .Dim = c(5L, 3L), .Dimnames = list(
        c("-2", "-1", "0", "1", "2"), c("A", "C", "G"))))))
