Results <-
list(`bwa.out//20220204//BlindCMMRD94_S53.sam` = list(LR20_SNP1 = list(
    All = list(Freqs = structure(c(1L, 12L, 4294L, 12L, 1L, 0L, 
    0L, 4L, 0L, 0L, 0L, 1L, 10L, 0L, 0L), .Dim = c(5L, 3L), .Dimnames = structure(list(
        c("-2", "-1", "0", "1", NA), c("A", "G", NA)), .Names = c("", 
    "")), class = "table"), N = 4335L), Tag.Distribution = structure(c(`1` = 122L, 
    `2` = 93L, `3` = 69L, `4` = 54L, `5` = 42L, `6` = 39L, `7` = 52L, 
    `8` = 31L, `9` = 21L, `10` = 17L, `11` = 14L, `12` = 14L, 
    `13` = 9L, `14` = 7L, `15` = 11L, `16` = 12L, `17` = 7L, 
    `18` = 4L, `19` = 5L, `20` = 3L, `21` = 5L, `22` = 5L, `23` = 4L, 
    `24` = 3L, `25` = 1L, `26` = 1L, `28` = 2L, `31` = 3L, `32` = 1L, 
    `34` = 1L, `38` = 1L, `39` = 1L, `40` = 2L, `49` = 1L), .Dim = 34L, .Dimnames = list(
        TagUsage = c("1", "2", "3", "4", "5", "6", "7", "8", 
        "9", "10", "11", "12", "13", "14", "15", "16", "17", 
        "18", "19", "20", "21", "22", "23", "24", "25", "26", 
        "28", "31", "32", "34", "38", "39", "40", "49")), class = "table"), 
    No.Tag = structure(c(0L, 0L, 97L, 0L, 0L, 0L, 0L, 1L, 0L, 
    0L, 0L, 0L, 0L, 0L, 0L), .Dim = c(5L, 3L), .Dimnames = structure(list(
        c("-2", "-1", "0", "1", NA), c("A", "G", NA)), .Names = c("", 
    "")), class = "table"), All.Tags = list(Concordant = list(
        Freqs = structure(c(0, 0, 628, 0, 0, 0, 1, 0), .Dim = c(4L, 
        2L), .Dimnames = list(c("-2", "-1", "0", "1"), c("A", 
        "G"))), N = 629), Majority = list(Freqs = structure(c(0, 
    0, 655, 0, 0, 0, 1, 0), .Dim = c(4L, 2L), .Dimnames = list(
        c("-2", "-1", "0", "1"), c("A", "G"))), N = 656)), `2` = structure(c(0, 
    0, 535, 0, 0, 0, 0, 0), .Dim = c(4L, 2L), .Dimnames = list(
        c("-2", "-1", "0", "1"), c("A", "G"))))))
