Results <-
list(`bwa.out//20220204//BlindCMMRD93_S52.sam` = list(LR44_SNP1 = list(
    All = list(Freqs = structure(c(17L, 370L, 3391L, 42L, 1L, 
    8L, 0L, 0L, 1L, 0L, 0L, 0L, 1L, 0L, 3L, 0L, 0L, 0L, 0L, 4L, 
    88L, 3L, 0L, 0L), .Dim = c(6L, 4L), .Dimnames = structure(list(
        c("-2", "-1", "0", "1", "2", NA), c("C", "G", "T", NA
        )), .Names = c("", "")), class = "table"), N = 3929L), 
    Tag.Distribution = structure(c(`1` = 136L, `2` = 86L, `3` = 75L, 
    `4` = 64L, `5` = 47L, `6` = 42L, `7` = 32L, `8` = 28L, `9` = 24L, 
    `10` = 27L, `11` = 15L, `12` = 14L, `13` = 16L, `14` = 12L, 
    `15` = 11L, `16` = 10L, `17` = 8L, `18` = 4L, `19` = 2L, 
    `20` = 5L, `21` = 3L, `22` = 1L, `23` = 2L, `24` = 3L, `25` = 1L, 
    `26` = 1L), .Dim = 26L, .Dimnames = list(TagUsage = c("1", 
    "2", "3", "4", "5", "6", "7", "8", "9", "10", "11", "12", 
    "13", "14", "15", "16", "17", "18", "19", "20", "21", "22", 
    "23", "24", "25", "26")), class = "table"), No.Tag = structure(c(1L, 
    21L, 60L, 1L, 0L, 0L, 0L, 0L, 0L, 0L, 0L, 0L, 1L, 0L, 0L, 
    0L, 0L, 0L, 0L, 0L, 1L, 0L, 0L, 0L), .Dim = c(6L, 4L), .Dimnames = structure(list(
        c("-2", "-1", "0", "1", "2", NA), c("C", "G", "T", NA
        )), .Names = c("", "")), class = "table"), All.Tags = list(
        Concordant = list(Freqs = structure(c(1, 23, 435, 2, 
        0, 0, 0, 0, 0, 0, 0, 0, 3, 0, 0), .Dim = c(5L, 3L), .Dimnames = list(
            c("-2", "-1", "0", "1", "2"), c("C", "G", "T"))), 
            N = 464), Majority = list(Freqs = structure(c(1, 
        34, 608, 2, 0, 0, 0, 0, 0, 0, 0, 0, 3, 0, 0), .Dim = c(5L, 
        3L), .Dimnames = list(c("-2", "-1", "0", "1", "2"), c("C", 
        "G", "T"))), N = 648)), `2` = structure(c(0, 22, 495, 
    1, 0, 0, 0, 0, 0, 0, 0, 0, 0, 0, 0), .Dim = c(5L, 3L), .Dimnames = list(
        c("-2", "-1", "0", "1", "2"), c("C", "G", "T"))))))
