Results <-
list(`bwa.out//20220204//MLPA03_S10.sam` = list(GM07_SNP1 = list(
    All = list(Freqs = structure(c(0L, 2L, 96L, 2049L, 56L, 2L, 
    47L, 1L, 2L, 103L, 1943L, 49L, 1L, 40L, 0L, 1L, 1L, 27L, 
    2L, 0L, 0L), .Dim = c(7L, 3L), .Dimnames = structure(list(
        c("-3", "-2", "-1", "0", "1", "2", NA), c("A", "G", NA
        )), .Names = c("", "")), class = "table"), N = 4422L), 
    Tag.Distribution = structure(c(`1` = 104L, `2` = 33L, `3` = 32L, 
    `4` = 22L, `5` = 22L, `6` = 21L, `7` = 14L, `8` = 21L, `9` = 18L, 
    `10` = 12L, `11` = 10L, `12` = 6L, `13` = 8L, `14` = 9L, 
    `15` = 6L, `16` = 4L, `17` = 8L, `18` = 6L, `19` = 10L, `20` = 8L, 
    `21` = 7L, `22` = 6L, `23` = 2L, `24` = 3L, `25` = 8L, `26` = 3L, 
    `27` = 4L, `28` = 3L, `29` = 2L, `30` = 2L, `31` = 1L, `32` = 1L, 
    `34` = 2L, `35` = 1L, `36` = 5L, `37` = 1L, `38` = 1L, `40` = 1L, 
    `41` = 1L, `42` = 3L, `43` = 2L, `49` = 1L, `55` = 1L, `57` = 1L
    ), .Dim = 44L, .Dimnames = list(TagUsage = c("1", "2", "3", 
    "4", "5", "6", "7", "8", "9", "10", "11", "12", "13", "14", 
    "15", "16", "17", "18", "19", "20", "21", "22", "23", "24", 
    "25", "26", "27", "28", "29", "30", "31", "32", "34", "35", 
    "36", "37", "38", "40", "41", "42", "43", "49", "55", "57"
    )), class = "table"), No.Tag = structure(c(0L, 0L, 4L, 96L, 
    4L, 0L, 7L, 0L, 1L, 2L, 131L, 5L, 0L, 11L, 0L, 0L, 0L, 3L, 
    0L, 0L, 0L), .Dim = c(7L, 3L), .Dimnames = structure(list(
        c("-3", "-2", "-1", "0", "1", "2", NA), c("A", "G", NA
        )), .Names = c("", "")), class = "table"), All.Tags = list(
        Concordant = list(Freqs = structure(c(0, 0, 3, 139, 2, 
        0, 0, 0, 1, 127, 1, 0), .Dim = c(6L, 2L), .Dimnames = list(
            c("-3", "-2", "-1", "0", "1", "2"), c("A", "G"))), 
            N = 273), Majority = list(Freqs = structure(c(0, 
        0, 3, 221, 2, 0, 0, 0, 1, 197, 1, 0), .Dim = c(6L, 2L
        ), .Dimnames = list(c("-3", "-2", "-1", "0", "1", "2"
        ), c("A", "G"))), N = 425)), `2` = structure(c(0, 0, 
    2, 172, 1, 0, 0, 0, 1, 152, 1, 0), .Dim = c(6L, 2L), .Dimnames = list(
        c("-3", "-2", "-1", "0", "1", "2"), c("A", "G"))))))
