Results <-
list(`bwa.out//20220204//BlindCMMRD67_S26.sam` = list(GM01_SNP1 = list(
    All = list(Freqs = structure(c(0L, 34L, 3608L, 8L, 3L, 1L, 
    38L, 3661L, 10L, 4L, 0L, 0L, 1L, 0L, 0L, 0L, 2L, 71L, 1L, 
    0L), .Dim = 5:4, .Dimnames = structure(list(c("-2", "-1", 
    "0", "1", NA), c("A", "G", "T", NA)), .Names = c("", "")), class = "table"), 
        N = 7442L), Tag.Distribution = structure(c(`1` = 141L, 
    `2` = 72L, `3` = 77L, `4` = 49L, `5` = 60L, `6` = 49L, `7` = 40L, 
    `8` = 41L, `9` = 25L, `10` = 34L, `11` = 25L, `12` = 20L, 
    `13` = 15L, `14` = 22L, `15` = 22L, `16` = 11L, `17` = 23L, 
    `18` = 19L, `19` = 12L, `20` = 13L, `21` = 10L, `22` = 14L, 
    `23` = 3L, `24` = 9L, `25` = 3L, `26` = 7L, `27` = 6L, `28` = 4L, 
    `29` = 1L, `30` = 1L, `31` = 7L, `32` = 2L, `33` = 3L, `35` = 3L, 
    `36` = 1L, `37` = 3L, `43` = 1L, `45` = 1L), .Dim = 38L, .Dimnames = list(
        TagUsage = c("1", "2", "3", "4", "5", "6", "7", "8", 
        "9", "10", "11", "12", "13", "14", "15", "16", "17", 
        "18", "19", "20", "21", "22", "23", "24", "25", "26", 
        "27", "28", "29", "30", "31", "32", "33", "35", "36", 
        "37", "43", "45")), class = "table"), No.Tag = structure(c(0L, 
    0L, 43L, 0L, 0L, 0L, 3L, 56L, 0L, 0L, 0L, 0L, 0L, 0L, 0L, 
    0L, 0L, 3L, 0L, 0L), .Dim = 5:4, .Dimnames = structure(list(
        c("-2", "-1", "0", "1", NA), c("A", "G", "T", NA)), .Names = c("", 
    "")), class = "table"), All.Tags = list(Concordant = list(
        Freqs = structure(c(0, 0, 370, 0, 0, 1, 324, 0, 0, 0, 
        0, 0), .Dim = 4:3, .Dimnames = list(c("-2", "-1", "0", 
        "1"), c("A", "G", "T"))), N = 695), Majority = list(Freqs = structure(c(0, 
    2, 439, 0, 0, 1, 396, 0, 0, 0, 0, 0), .Dim = 4:3, .Dimnames = list(
        c("-2", "-1", "0", "1"), c("A", "G", "T"))), N = 838)), 
    `2` = structure(c(0, 2, 364, 0, 0, 0, 335, 0, 0, 0, 0, 0), .Dim = 4:3, .Dimnames = list(
        c("-2", "-1", "0", "1"), c("A", "G", "T"))))))
