Results <-
list(`bwa.out//20220204//BlindCMMRD43_S3.sam` = list(GM22_SNP1 = list(
    All = list(Freqs = structure(c(23L, 1844L, 8L, 1L, 13L, 1413L, 
    2L, 1L, 0L, 43L, 1L, 0L), .Dim = 4:3, .Dimnames = structure(list(
        c("-1", "0", "1", NA), c("A", "G", NA)), .Names = c("", 
    "")), class = "table"), N = 3349L), Tag.Distribution = structure(c(`1` = 97L, 
    `2` = 29L, `3` = 30L, `4` = 26L, `5` = 24L, `6` = 23L, `7` = 22L, 
    `8` = 21L, `9` = 20L, `10` = 9L, `11` = 16L, `12` = 7L, `13` = 13L, 
    `14` = 4L, `15` = 6L, `16` = 7L, `17` = 4L, `18` = 5L, `19` = 6L, 
    `20` = 4L, `21` = 6L, `22` = 3L, `23` = 6L, `24` = 2L, `26` = 8L, 
    `28` = 1L, `29` = 3L, `31` = 1L, `32` = 2L, `33` = 2L, `34` = 2L, 
    `37` = 2L, `40` = 1L, `41` = 1L), .Dim = 34L, .Dimnames = list(
        TagUsage = c("1", "2", "3", "4", "5", "6", "7", "8", 
        "9", "10", "11", "12", "13", "14", "15", "16", "17", 
        "18", "19", "20", "21", "22", "23", "24", "26", "28", 
        "29", "31", "32", "33", "34", "37", "40", "41")), class = "table"), 
    No.Tag = structure(c(0L, 10L, 0L, 0L, 0L, 10L, 0L, 0L, 0L, 
    6L, 0L, 0L), .Dim = 4:3, .Dimnames = structure(list(c("-1", 
    "0", "1", NA), c("A", "G", NA)), .Names = c("", "")), class = "table"), 
    All.Tags = list(Concordant = list(Freqs = structure(c(0, 
    195, 0, 1, 163, 0), .Dim = 3:2, .Dimnames = list(c("-1", 
    "0", "1"), c("A", "G"))), N = 359), Majority = list(Freqs = structure(c(0, 
    226, 0, 1, 178, 0), .Dim = 3:2, .Dimnames = list(c("-1", 
    "0", "1"), c("A", "G"))), N = 405)), `2` = structure(c(0, 
    163, 0, 0, 149, 0), .Dim = 3:2, .Dimnames = list(c("-1", 
    "0", "1"), c("A", "G"))))))
