Results <-
list(`bwa.out//20220204//BlindCMMRD131_S57.sam` = list(GM22_SNP1 = list(
    All = list(Freqs = structure(c(1L, 59L, 3947L, 13L, 10L, 
    0L, 38L, 3231L, 7L, 10L, 0L, 3L, 68L, 0L, 0L), .Dim = c(5L, 
    3L), .Dimnames = structure(list(c("-2", "-1", "0", "1", NA
    ), c("A", "G", NA)), .Names = c("", "")), class = "table"), 
        N = 7387L), Tag.Distribution = structure(c(`1` = 183L, 
    `2` = 146L, `3` = 137L, `4` = 127L, `5` = 118L, `6` = 102L, 
    `7` = 110L, `8` = 68L, `9` = 62L, `10` = 40L, `11` = 33L, 
    `12` = 33L, `13` = 28L, `14` = 19L, `15` = 12L, `16` = 12L, 
    `17` = 13L, `18` = 5L, `19` = 6L, `20` = 4L, `21` = 2L, `22` = 1L, 
    `23` = 1L, `26` = 1L), .Dim = 24L, .Dimnames = list(TagUsage = c("1", 
    "2", "3", "4", "5", "6", "7", "8", "9", "10", "11", "12", 
    "13", "14", "15", "16", "17", "18", "19", "20", "21", "22", 
    "23", "26")), class = "table"), No.Tag = structure(c(0L, 
    0L, 80L, 0L, 3L, 0L, 0L, 54L, 0L, 0L, 0L, 0L, 3L, 0L, 0L), .Dim = c(5L, 
    3L), .Dimnames = structure(list(c("-2", "-1", "0", "1", NA
    ), c("A", "G", NA)), .Names = c("", "")), class = "table"), 
    All.Tags = list(Concordant = list(Freqs = structure(c(0, 
    3, 565, 1, 0, 2, 454, 0), .Dim = c(4L, 2L), .Dimnames = list(
        c("-2", "-1", "0", "1"), c("A", "G"))), N = 1025), Majority = list(
        Freqs = structure(c(0, 4, 682, 1, 0, 2, 550, 0), .Dim = c(4L, 
        2L), .Dimnames = list(c("-2", "-1", "0", "1"), c("A", 
        "G"))), N = 1239)), `2` = structure(c(0, 1, 588, 0, 0, 
    0, 478, 0), .Dim = c(4L, 2L), .Dimnames = list(c("-2", "-1", 
    "0", "1"), c("A", "G"))))))
