Results <-
list(`bwa.out//20220204//Control28_S21.sam` = list(DEPDC2_SNP1 = list(
    All = list(Freqs = structure(c(0L, 9L, 1574L, 7L, 7L, 1L, 
    8L, 1566L, 15L, 5L, 0L, 1L, 51L, 0L, 0L), .Dim = c(5L, 3L
    ), .Dimnames = structure(list(c("-2", "-1", "0", "1", NA), 
        c("C", "T", NA)), .Names = c("", "")), class = "table"), 
        N = 3244L), Tag.Distribution = structure(c(`1` = 158L, 
    `2` = 71L, `3` = 65L, `4` = 54L, `5` = 40L, `6` = 39L, `7` = 34L, 
    `8` = 31L, `9` = 25L, `10` = 15L, `11` = 16L, `12` = 11L, 
    `13` = 8L, `14` = 9L, `15` = 8L, `16` = 4L, `17` = 3L, `18` = 8L, 
    `19` = 1L, `20` = 1L, `21` = 2L, `22` = 1L, `23` = 1L, `25` = 1L
    ), .Dim = 24L, .Dimnames = list(TagUsage = c("1", "2", "3", 
    "4", "5", "6", "7", "8", "9", "10", "11", "12", "13", "14", 
    "15", "16", "17", "18", "19", "20", "21", "22", "23", "25"
    )), class = "table"), No.Tag = structure(c(0L, 0L, 76L, 1L, 
    1L, 0L, 0L, 81L, 0L, 1L, 0L, 0L, 10L, 0L, 0L), .Dim = c(5L, 
    3L), .Dimnames = structure(list(c("-2", "-1", "0", "1", NA
    ), c("C", "T", NA)), .Names = c("", "")), class = "table"), 
    All.Tags = list(Concordant = list(Freqs = structure(c(0, 
    0, 277, 1, 0, 1, 256, 1), .Dim = c(4L, 2L), .Dimnames = list(
        c("-2", "-1", "0", "1"), c("C", "T"))), N = 536), Majority = list(
        Freqs = structure(c(0, 0, 301, 1, 0, 1, 289, 2), .Dim = c(4L, 
        2L), .Dimnames = list(c("-2", "-1", "0", "1"), c("C", 
        "T"))), N = 594)), `2` = structure(c(0, 0, 231, 0, 0, 
    0, 209, 2), .Dim = c(4L, 2L), .Dimnames = list(c("-2", "-1", 
    "0", "1"), c("C", "T"))))))
