Results <-
list(`bwa.out//20220204//BlindCMMRD76_S35.sam` = list(IM16_SNP1 = list(
    All = list(Freqs = structure(c(2L, 53L, 2752L, 25L, 0L, 1L, 
    1L, 40L, 3041L, 72L, 4L, 4L, 0L, 2L, 51L, 3L, 0L, 0L), .Dim = c(6L, 
    3L), .Dimnames = structure(list(c("-2", "-1", "0", "1", "2", 
    NA), c("A", "G", NA)), .Names = c("", "")), class = "table"), 
        N = 6051L), Tag.Distribution = structure(c(`1` = 97L, 
    `2` = 49L, `3` = 38L, `4` = 40L, `5` = 25L, `6` = 36L, `7` = 29L, 
    `8` = 26L, `9` = 20L, `10` = 28L, `11` = 16L, `12` = 13L, 
    `13` = 10L, `14` = 10L, `15` = 12L, `16` = 16L, `17` = 13L, 
    `18` = 17L, `19` = 9L, `20` = 7L, `21` = 9L, `22` = 8L, `23` = 10L, 
    `24` = 8L, `25` = 3L, `26` = 4L, `27` = 6L, `28` = 12L, `29` = 5L, 
    `30` = 5L, `31` = 1L, `32` = 3L, `33` = 2L, `34` = 1L, `37` = 1L, 
    `38` = 1L, `44` = 1L, `46` = 1L, `53` = 2L), .Dim = 39L, .Dimnames = list(
        TagUsage = c("1", "2", "3", "4", "5", "6", "7", "8", 
        "9", "10", "11", "12", "13", "14", "15", "16", "17", 
        "18", "19", "20", "21", "22", "23", "24", "25", "26", 
        "27", "28", "29", "30", "31", "32", "33", "34", "37", 
        "38", "44", "46", "53")), class = "table"), No.Tag = structure(c(0L, 
    2L, 71L, 2L, 0L, 0L, 0L, 1L, 145L, 4L, 0L, 0L, 0L, 0L, 11L, 
    1L, 0L, 0L), .Dim = c(6L, 3L), .Dimnames = structure(list(
        c("-2", "-1", "0", "1", "2", NA), c("A", "G", NA)), .Names = c("", 
    "")), class = "table"), All.Tags = list(Concordant = list(
        Freqs = structure(c(0, 2, 229, 0, 0, 0, 2, 246, 2, 0), .Dim = c(5L, 
        2L), .Dimnames = list(c("-2", "-1", "0", "1", "2"), c("A", 
        "G"))), N = 481), Majority = list(Freqs = structure(c(0, 
    2, 273, 0, 0, 0, 3, 307, 3, 0), .Dim = c(5L, 2L), .Dimnames = list(
        c("-2", "-1", "0", "1", "2"), c("A", "G"))), N = 588)), 
    `2` = structure(c(0, 2, 230, 0, 0, 0, 1, 260, 3, 0), .Dim = c(5L, 
    2L), .Dimnames = list(c("-2", "-1", "0", "1", "2"), c("A", 
    "G"))))))
