Results <-
list(`bwa.out//20220204//BlindCMMRD93_S52.sam` = list(LR11_SNP1 = list(
    All = list(Freqs = structure(c(0L, 41L, 1380L, 11L, 9L, 1L, 
    22L, 1329L, 18L, 4L, 0L, 2L, 49L, 0L, 0L), .Dim = c(5L, 3L
    ), .Dimnames = structure(list(c("-2", "-1", "0", "1", NA), 
        c("A", "C", NA)), .Names = c("", "")), class = "table"), 
        N = 2866L), Tag.Distribution = structure(c(`1` = 104L, 
    `2` = 57L, `3` = 45L, `4` = 36L, `5` = 34L, `6` = 30L, `7` = 25L, 
    `8` = 33L, `9` = 22L, `10` = 16L, `11` = 13L, `12` = 10L, 
    `13` = 9L, `14` = 13L, `15` = 9L, `16` = 10L, `17` = 6L, 
    `18` = 3L, `21` = 1L, `22` = 2L, `23` = 1L, `27` = 1L, `28` = 1L
    ), .Dim = 23L, .Dimnames = list(TagUsage = c("1", "2", "3", 
    "4", "5", "6", "7", "8", "9", "10", "11", "12", "13", "14", 
    "15", "16", "17", "18", "21", "22", "23", "27", "28")), class = "table"), 
    No.Tag = structure(c(0L, 1L, 42L, 1L, 1L, 0L, 0L, 20L, 0L, 
    0L, 0L, 0L, 1L, 0L, 0L), .Dim = c(5L, 3L), .Dimnames = structure(list(
        c("-2", "-1", "0", "1", NA), c("A", "C", NA)), .Names = c("", 
    "")), class = "table"), All.Tags = list(Concordant = list(
        Freqs = structure(c(0, 5, 187, 1, 0, 1, 200, 2), .Dim = c(4L, 
        2L), .Dimnames = list(c("-2", "-1", "0", "1"), c("A", 
        "C"))), N = 396), Majority = list(Freqs = structure(c(0, 
    5, 222, 1, 0, 1, 231, 2), .Dim = c(4L, 2L), .Dimnames = list(
        c("-2", "-1", "0", "1"), c("A", "C"))), N = 462)), `2` = structure(c(0, 
    4, 183, 0, 0, 0, 179, 1), .Dim = c(4L, 2L), .Dimnames = list(
        c("-2", "-1", "0", "1"), c("A", "C"))))))
