Results <-
list(`bwa.out//20220204//Control12_S5.sam` = list(GM22_SNP1 = list(
    All = list(Freqs = structure(c(3L, 36L, 3347L, 11L, 13L, 
    0L, 0L, 3L, 0L, 0L, 0L, 0L, 22L, 0L, 0L), .Dim = c(5L, 3L
    ), .Dimnames = structure(list(c("-2", "-1", "0", "1", NA), 
        c("A", "G", NA)), .Names = c("", "")), class = "table"), 
        N = 3435L), Tag.Distribution = structure(c(`1` = 117L, 
    `2` = 32L, `3` = 28L, `4` = 41L, `5` = 30L, `6` = 32L, `7` = 25L, 
    `8` = 25L, `9` = 15L, `10` = 10L, `11` = 11L, `12` = 12L, 
    `13` = 8L, `14` = 5L, `15` = 14L, `16` = 6L, `17` = 6L, `18` = 10L, 
    `19` = 3L, `20` = 6L, `21` = 5L, `22` = 4L, `23` = 4L, `24` = 1L, 
    `25` = 2L, `26` = 2L, `28` = 2L, `29` = 3L, `30` = 3L, `31` = 1L, 
    `33` = 1L, `34` = 1L, `37` = 1L), .Dim = 33L, .Dimnames = list(
        TagUsage = c("1", "2", "3", "4", "5", "6", "7", "8", 
        "9", "10", "11", "12", "13", "14", "15", "16", "17", 
        "18", "19", "20", "21", "22", "23", "24", "25", "26", 
        "28", "29", "30", "31", "33", "34", "37")), class = "table"), 
    No.Tag = structure(c(0L, 0L, 65L, 0L, 4L, 0L, 0L, 0L, 0L, 
    0L, 0L, 0L, 2L, 0L, 0L), .Dim = c(5L, 3L), .Dimnames = structure(list(
        c("-2", "-1", "0", "1", NA), c("A", "G", NA)), .Names = c("", 
    "")), class = "table"), All.Tags = list(Concordant = list(
        Freqs = structure(c(0, 2, 415, 3, 0, 0, 3, 0), .Dim = c(4L, 
        2L), .Dimnames = list(c("-2", "-1", "0", "1"), c("A", 
        "G"))), N = 423), Majority = list(Freqs = structure(c(0, 
    2, 455, 3, 0, 0, 3, 0), .Dim = c(4L, 2L), .Dimnames = list(
        c("-2", "-1", "0", "1"), c("A", "G"))), N = 463)), `2` = structure(c(0, 
    0, 349, 0, 0, 0, 0, 0), .Dim = c(4L, 2L), .Dimnames = list(
        c("-2", "-1", "0", "1"), c("A", "G"))))))
