Results <-
list(`bwa.out//20220204//13D0575_S2.sam` = list(LR10_SNP1 = list(
    All = list(Freqs = structure(c(0L, 0L, 2L, 0L, 0L, 0L, 0L, 
    2L, 0L, 0L, 1L, 126L, 2251L, 6L, 4L, 0L, 4L, 31L, 1L, 0L), .Dim = 5:4, .Dimnames = structure(list(
        c("-2", "-1", "0", "1", NA), c("A", "C", "T", NA)), .Names = c("", 
    "")), class = "table"), N = 2428L), Tag.Distribution = structure(c(`1` = 109L, 
    `2` = 69L, `3` = 58L, `4` = 39L, `5` = 36L, `6` = 35L, `7` = 17L, 
    `8` = 16L, `9` = 10L, `10` = 15L, `11` = 7L, `12` = 7L, `13` = 8L, 
    `14` = 5L, `15` = 6L, `16` = 3L, `17` = 2L, `18` = 2L, `19` = 5L, 
    `20` = 1L, `22` = 2L, `24` = 1L, `26` = 1L, `28` = 1L, `29` = 2L, 
    `32` = 1L, `33` = 1L, `34` = 1L), .Dim = 28L, .Dimnames = list(
        TagUsage = c("1", "2", "3", "4", "5", "6", "7", "8", 
        "9", "10", "11", "12", "13", "14", "15", "16", "17", 
        "18", "19", "20", "22", "24", "26", "28", "29", "32", 
        "33", "34")), class = "table"), No.Tag = structure(c(0L, 
    0L, 0L, 0L, 0L, 0L, 0L, 0L, 0L, 0L, 0L, 4L, 32L, 0L, 0L, 
    0L, 0L, 1L, 0L, 0L), .Dim = 5:4, .Dimnames = structure(list(
        c("-2", "-1", "0", "1", NA), c("A", "C", "T", NA)), .Names = c("", 
    "")), class = "table"), All.Tags = list(Concordant = list(
        Freqs = structure(c(0, 0, 0, 0, 0, 0, 2, 0, 0, 13, 404, 
        0), .Dim = 4:3, .Dimnames = list(c("-2", "-1", "0", "1"
        ), c("A", "C", "T"))), N = 419), Majority = list(Freqs = structure(c(0, 
    0, 0, 0, 0, 0, 2, 0, 0, 15, 435, 0), .Dim = 4:3, .Dimnames = list(
        c("-2", "-1", "0", "1"), c("A", "C", "T"))), N = 452)), 
    `2` = structure(c(0, 0, 0, 0, 0, 0, 0, 0, 0, 11, 336, 0), .Dim = 4:3, .Dimnames = list(
        c("-2", "-1", "0", "1"), c("A", "C", "T"))))))
