Results <-
list(`bwa.out//20220204//BlindCMMRD53_S12.sam` = list(IM16_SNP1 = list(
    All = list(Freqs = structure(c(17L, 2464L, 34L, 2L, 16L, 
    2621L, 34L, 1L, 1L, 58L, 1L, 0L), .Dim = 4:3, .Dimnames = structure(list(
        c("-1", "0", "1", NA), c("A", "G", NA)), .Names = c("", 
    "")), class = "table"), N = 5249L), Tag.Distribution = structure(c(`1` = 110L, 
    `2` = 61L, `3` = 48L, `4` = 42L, `5` = 43L, `6` = 37L, `7` = 37L, 
    `8` = 24L, `9` = 18L, `10` = 23L, `11` = 22L, `12` = 14L, 
    `13` = 18L, `14` = 12L, `15` = 14L, `16` = 8L, `17` = 13L, 
    `18` = 6L, `19` = 10L, `20` = 2L, `21` = 9L, `22` = 5L, `23` = 3L, 
    `24` = 3L, `25` = 6L, `26` = 6L, `27` = 4L, `28` = 2L, `29` = 5L, 
    `30` = 4L, `31` = 3L, `33` = 1L, `35` = 1L, `36` = 1L, `37` = 2L, 
    `38` = 1L, `42` = 2L), .Dim = 37L, .Dimnames = list(TagUsage = c("1", 
    "2", "3", "4", "5", "6", "7", "8", "9", "10", "11", "12", 
    "13", "14", "15", "16", "17", "18", "19", "20", "21", "22", 
    "23", "24", "25", "26", "27", "28", "29", "30", "31", "33", 
    "35", "36", "37", "38", "42")), class = "table"), No.Tag = structure(c(0L, 
    57L, 3L, 0L, 0L, 73L, 2L, 0L, 1L, 12L, 0L, 0L), .Dim = 4:3, .Dimnames = structure(list(
        c("-1", "0", "1", NA), c("A", "G", NA)), .Names = c("", 
    "")), class = "table"), All.Tags = list(Concordant = list(
        Freqs = structure(c(1, 256, 0, 0, 252, 1), .Dim = 3:2, .Dimnames = list(
            c("-1", "0", "1"), c("A", "G"))), N = 510), Majority = list(
        Freqs = structure(c(1, 305, 0, 0, 302, 1), .Dim = 3:2, .Dimnames = list(
            c("-1", "0", "1"), c("A", "G"))), N = 609)), `2` = structure(c(0, 
    245, 0, 0, 258, 0), .Dim = 3:2, .Dimnames = list(c("-1", 
    "0", "1"), c("A", "G"))))))
