Results <-
list(`bwa.out//20220204//BlindCMMRD108_S10.sam` = list(GM22_SNP1 = list(
    All = list(Freqs = structure(c(1L, 28L, 1692L, 12L, 2L, 0L, 
    0L, 1L, 0L, 0L, 0L, 1L, 12L, 0L, 0L), .Dim = c(5L, 3L), .Dimnames = structure(list(
        c("-2", "-1", "0", "1", NA), c("A", "G", NA)), .Names = c("", 
    "")), class = "table"), N = 1749L), Tag.Distribution = structure(c(`1` = 44L, 
    `2` = 21L, `3` = 13L, `4` = 15L, `5` = 14L, `6` = 9L, `7` = 12L, 
    `8` = 10L, `9` = 10L, `10` = 5L, `11` = 5L, `12` = 10L, `13` = 5L, 
    `14` = 2L, `15` = 3L, `16` = 5L, `17` = 6L, `18` = 3L, `19` = 2L, 
    `20` = 1L, `21` = 2L, `22` = 6L, `23` = 3L, `25` = 1L, `26` = 2L, 
    `27` = 3L, `29` = 1L, `30` = 2L, `32` = 1L), .Dim = 29L, .Dimnames = list(
        TagUsage = c("1", "2", "3", "4", "5", "6", "7", "8", 
        "9", "10", "11", "12", "13", "14", "15", "16", "17", 
        "18", "19", "20", "21", "22", "23", "25", "26", "27", 
        "29", "30", "32")), class = "table"), No.Tag = structure(c(0L, 
    0L, 6L, 1L, 0L, 0L, 0L, 0L, 0L, 0L, 0L, 0L, 0L, 0L, 0L), .Dim = c(5L, 
    3L), .Dimnames = structure(list(c("-2", "-1", "0", "1", NA
    ), c("A", "G", NA)), .Names = c("", "")), class = "table"), 
    All.Tags = list(Concordant = list(Freqs = structure(c(0, 
    0, 191, 1, 0, 0, 0, 0), .Dim = c(4L, 2L), .Dimnames = list(
        c("-2", "-1", "0", "1"), c("A", "G"))), N = 192), Majority = list(
        Freqs = structure(c(0, 0, 213, 1, 0, 0, 0, 0), .Dim = c(4L, 
        2L), .Dimnames = list(c("-2", "-1", "0", "1"), c("A", 
        "G"))), N = 214)), `2` = structure(c(0, 0, 171, 0, 0, 
    0, 0, 0), .Dim = c(4L, 2L), .Dimnames = list(c("-2", "-1", 
    "0", "1"), c("A", "G"))))))
