Results <-
list(`bwa.out//20220204//BlindCMMRD94_S53.sam` = list(LR44_SNP1 = list(
    All = list(Freqs = structure(c(2L, 6L, 166L, 2518L, 32L, 
    0L, 4L, 0L, 3L, 192L, 2538L, 35L, 1L, 11L, 0L, 0L, 10L, 107L, 
    1L, 0L, 0L), .Dim = c(7L, 3L), .Dimnames = structure(list(
        c("-3", "-2", "-1", "0", "1", "2", NA), c("C", "T", NA
        )), .Names = c("", "")), class = "table"), N = 5626L), 
    Tag.Distribution = structure(c(`1` = 121L, `2` = 70L, `3` = 53L, 
    `4` = 50L, `5` = 55L, `6` = 42L, `7` = 40L, `8` = 39L, `9` = 36L, 
    `10` = 30L, `11` = 18L, `12` = 21L, `13` = 13L, `14` = 16L, 
    `15` = 15L, `16` = 15L, `17` = 8L, `18` = 7L, `19` = 18L, 
    `20` = 9L, `21` = 5L, `22` = 9L, `23` = 8L, `24` = 4L, `25` = 3L, 
    `26` = 2L, `27` = 3L, `28` = 2L, `31` = 1L, `32` = 1L, `33` = 3L, 
    `35` = 1L, `36` = 1L), .Dim = 33L, .Dimnames = list(TagUsage = c("1", 
    "2", "3", "4", "5", "6", "7", "8", "9", "10", "11", "12", 
    "13", "14", "15", "16", "17", "18", "19", "20", "21", "22", 
    "23", "24", "25", "26", "27", "28", "31", "32", "33", "35", 
    "36")), class = "table"), No.Tag = structure(c(0L, 0L, 1L, 
    36L, 1L, 0L, 0L, 0L, 0L, 5L, 43L, 0L, 0L, 1L, 0L, 0L, 0L, 
    4L, 0L, 0L, 0L), .Dim = c(7L, 3L), .Dimnames = structure(list(
        c("-3", "-2", "-1", "0", "1", "2", NA), c("C", "T", NA
        )), .Names = c("", "")), class = "table"), All.Tags = list(
        Concordant = list(Freqs = structure(c(0, 0, 5, 209, 0, 
        0, 0, 0, 8, 215, 0, 0), .Dim = c(6L, 2L), .Dimnames = list(
            c("-3", "-2", "-1", "0", "1", "2"), c("C", "T"))), 
            N = 437), Majority = list(Freqs = structure(c(0, 
        0, 6, 334, 0, 0, 0, 0, 11, 342, 1, 0), .Dim = c(6L, 2L
        ), .Dimnames = list(c("-3", "-2", "-1", "0", "1", "2"
        ), c("C", "T"))), N = 694)), `2` = structure(c(0, 0, 
    3, 285, 0, 0, 0, 0, 3, 293, 1, 0), .Dim = c(6L, 2L), .Dimnames = list(
        c("-3", "-2", "-1", "0", "1", "2"), c("C", "T"))))))
