Results <-
list(`bwa.out//20220204//Control16_S9.sam` = list(GM29_SNP1 = list(
    All = list(Freqs = structure(c(1L, 10L, 1039L, 3L, 1L, 0L, 
    8L, 1056L, 1L, 3L, 0L, 0L, 11L, 0L, 0L), .Dim = c(5L, 3L), .Dimnames = structure(list(
        c("-3", "-1", "0", "1", NA), c("A", "G", NA)), .Names = c("", 
    "")), class = "table"), N = 2133L), Tag.Distribution = structure(c(`1` = 82L, 
    `2` = 39L, `3` = 43L, `4` = 22L, `5` = 23L, `6` = 16L, `7` = 20L, 
    `8` = 13L, `9` = 17L, `10` = 14L, `11` = 11L, `12` = 7L, 
    `13` = 13L, `14` = 3L, `15` = 2L, `16` = 5L, `17` = 3L, `18` = 1L, 
    `19` = 1L, `20` = 1L, `22` = 1L, `23` = 2L, `24` = 2L, `25` = 1L, 
    `29` = 1L, `30` = 1L, `32` = 2L, `33` = 1L), .Dim = 28L, .Dimnames = list(
        TagUsage = c("1", "2", "3", "4", "5", "6", "7", "8", 
        "9", "10", "11", "12", "13", "14", "15", "16", "17", 
        "18", "19", "20", "22", "23", "24", "25", "29", "30", 
        "32", "33")), class = "table"), No.Tag = structure(c(0L, 
    0L, 27L, 0L, 0L, 0L, 2L, 47L, 0L, 0L, 0L, 0L, 1L, 0L, 0L), .Dim = c(5L, 
    3L), .Dimnames = structure(list(c("-3", "-1", "0", "1", NA
    ), c("A", "G", NA)), .Names = c("", "")), class = "table"), 
    All.Tags = list(Concordant = list(Freqs = structure(c(0, 
    0, 143, 0, 0, 0, 155, 0), .Dim = c(4L, 2L), .Dimnames = list(
        c("-3", "-1", "0", "1"), c("A", "G"))), N = 298), Majority = list(
        Freqs = structure(c(0, 0, 164, 0, 0, 0, 175, 0), .Dim = c(4L, 
        2L), .Dimnames = list(c("-3", "-1", "0", "1"), c("A", 
        "G"))), N = 339)), `2` = structure(c(0, 0, 129, 0, 0, 
    0, 133, 0), .Dim = c(4L, 2L), .Dimnames = list(c("-3", "-1", 
    "0", "1"), c("A", "G"))))))
