Results <-
list(`bwa.out//20220204//BlindCMMRD127_S53.sam` = list(LR52_SNP1 = list(
    All = list(Freqs = structure(c(0L, 0L, 0L, 0L, 1L, 0L, 0L, 
    1L, 1L, 26L, 221L, 2029L, 21L, 15L, 0L, 1L, 11L, 204L, 2466L, 
    19L, 18L, 0L, 0L, 1L, 5L, 167L, 2L, 0L), .Dim = c(7L, 4L), .Dimnames = structure(list(
        c("-4", "-3", "-2", "-1", "0", "1", NA), c("-", "C", 
        "T", NA)), .Names = c("", "")), class = "table"), N = 5209L), 
    Tag.Distribution = structure(c(`1` = 113L, `2` = 113L, `3` = 98L, 
    `4` = 78L, `5` = 71L, `6` = 63L, `7` = 53L, `8` = 51L, `9` = 39L, 
    `10` = 32L, `11` = 34L, `12` = 19L, `13` = 20L, `14` = 16L, 
    `15` = 11L, `16` = 6L, `17` = 9L, `18` = 7L, `19` = 3L, `20` = 2L, 
    `21` = 4L, `22` = 1L, `23` = 1L, `25` = 1L, `26` = 2L, `28` = 1L, 
    `29` = 1L, `33` = 1L), .Dim = 28L, .Dimnames = list(TagUsage = c("1", 
    "2", "3", "4", "5", "6", "7", "8", "9", "10", "11", "12", 
    "13", "14", "15", "16", "17", "18", "19", "20", "21", "22", 
    "23", "25", "26", "28", "29", "33")), class = "table"), No.Tag = structure(c(0L, 
    0L, 0L, 0L, 0L, 0L, 0L, 0L, 0L, 0L, 2L, 20L, 0L, 1L, 0L, 
    0L, 0L, 4L, 29L, 0L, 1L, 0L, 0L, 0L, 0L, 5L, 0L, 0L), .Dim = c(7L, 
    4L), .Dimnames = structure(list(c("-4", "-3", "-2", "-1", 
    "0", "1", NA), c("-", "C", "T", NA)), .Names = c("", "")), class = "table"), 
    All.Tags = list(Concordant = list(Freqs = structure(c(0, 
    0, 0, 0, 0, 0, 0, 0, 1, 7, 233, 1, 0, 0, 0, 4, 272, 2), .Dim = c(6L, 
    3L), .Dimnames = list(c("-4", "-3", "-2", "-1", "0", "1"), 
        c("-", "C", "T"))), N = 520), Majority = list(Freqs = structure(c(0, 
    0, 0, 0, 0, 0, 0, 0, 2, 11, 379, 1, 0, 0, 0, 7, 411, 2), .Dim = c(6L, 
    3L), .Dimnames = list(c("-4", "-3", "-2", "-1", "0", "1"), 
        c("-", "C", "T"))), N = 813)), `2` = structure(c(0, 0, 
    0, 0, 0, 0, 0, 0, 1, 6, 332, 0, 0, 0, 0, 6, 362, 0), .Dim = c(6L, 
    3L), .Dimnames = list(c("-4", "-3", "-2", "-1", "0", "1"), 
        c("-", "C", "T"))))))
