Results <-
list(`bwa.out//20220204//BlindCMMRD91_S50.sam` = list(LR40_SNP1 = list(
    All = list(Freqs = structure(c(0L, 0L, 2L, 0L, 0L, 3L, 76L, 
    4500L, 9L, 1L, 0L, 0L, 1L, 0L, 0L, 0L, 1L, 23L, 0L, 0L), .Dim = 5:4, .Dimnames = structure(list(
        c("-2", "-1", "0", "1", NA), c("A", "C", "T", NA)), .Names = c("", 
    "")), class = "table"), N = 4616L), Tag.Distribution = structure(c(`1` = 117L, 
    `2` = 57L, `3` = 58L, `4` = 48L, `5` = 41L, `6` = 33L, `7` = 28L, 
    `8` = 28L, `9` = 29L, `10` = 28L, `11` = 23L, `12` = 15L, 
    `13` = 17L, `14` = 9L, `15` = 7L, `16` = 6L, `17` = 9L, `18` = 11L, 
    `19` = 7L, `20` = 3L, `21` = 4L, `22` = 4L, `23` = 1L, `24` = 6L, 
    `25` = 1L, `26` = 4L, `27` = 3L, `28` = 3L, `29` = 4L, `30` = 1L, 
    `31` = 3L, `35` = 1L, `37` = 1L, `38` = 1L, `48` = 1L, `49` = 1L
    ), .Dim = 36L, .Dimnames = list(TagUsage = c("1", "2", "3", 
    "4", "5", "6", "7", "8", "9", "10", "11", "12", "13", "14", 
    "15", "16", "17", "18", "19", "20", "21", "22", "23", "24", 
    "25", "26", "27", "28", "29", "30", "31", "35", "37", "38", 
    "48", "49")), class = "table"), No.Tag = structure(c(0L, 
    0L, 0L, 0L, 0L, 0L, 1L, 49L, 0L, 0L, 0L, 0L, 0L, 0L, 0L, 
    0L, 0L, 1L, 0L, 0L), .Dim = 5:4, .Dimnames = structure(list(
        c("-2", "-1", "0", "1", NA), c("A", "C", "T", NA)), .Names = c("", 
    "")), class = "table"), All.Tags = list(Concordant = list(
        Freqs = structure(c(0, 0, 0, 0, 0, 4, 549, 0, 0, 0, 0, 
        0), .Dim = 4:3, .Dimnames = list(c("-2", "-1", "0", "1"
        ), c("A", "C", "T"))), N = 553), Majority = list(Freqs = structure(c(0, 
    0, 0, 0, 0, 4, 604, 0, 0, 0, 0, 0), .Dim = 4:3, .Dimnames = list(
        c("-2", "-1", "0", "1"), c("A", "C", "T"))), N = 608)), 
    `2` = structure(c(0, 0, 0, 0, 0, 2, 490, 0, 0, 0, 0, 0), .Dim = 4:3, .Dimnames = list(
        c("-2", "-1", "0", "1"), c("A", "C", "T"))))))
