Results <-
list(`bwa.out//20220204//Control30_S23.sam` = list(GM22_SNP1 = list(
    All = list(Freqs = structure(c(1L, 18L, 1730L, 9L, 3L, 0L, 
    12L, 1477L, 2L, 3L, 0L, 2L, 59L, 0L, 0L), .Dim = c(5L, 3L
    ), .Dimnames = structure(list(c("-2", "-1", "0", "1", NA), 
        c("A", "G", NA)), .Names = c("", "")), class = "table"), 
        N = 3316L), Tag.Distribution = structure(c(`1` = 129L, 
    `2` = 43L, `3` = 36L, `4` = 34L, `5` = 24L, `6` = 18L, `7` = 24L, 
    `8` = 20L, `9` = 12L, `10` = 16L, `11` = 15L, `12` = 9L, 
    `13` = 8L, `14` = 8L, `15` = 7L, `16` = 5L, `17` = 8L, `18` = 8L, 
    `19` = 7L, `20` = 1L, `21` = 2L, `22` = 4L, `23` = 4L, `24` = 4L, 
    `25` = 3L, `26` = 4L, `27` = 1L, `28` = 3L, `29` = 1L, `31` = 1L, 
    `32` = 3L, `34` = 1L, `36` = 1L), .Dim = 33L, .Dimnames = list(
        TagUsage = c("1", "2", "3", "4", "5", "6", "7", "8", 
        "9", "10", "11", "12", "13", "14", "15", "16", "17", 
        "18", "19", "20", "21", "22", "23", "24", "25", "26", 
        "27", "28", "29", "31", "32", "34", "36")), class = "table"), 
    No.Tag = structure(c(0L, 0L, 32L, 0L, 1L, 0L, 1L, 50L, 0L, 
    0L, 0L, 0L, 8L, 0L, 0L), .Dim = c(5L, 3L), .Dimnames = structure(list(
        c("-2", "-1", "0", "1", NA), c("A", "G", NA)), .Names = c("", 
    "")), class = "table"), All.Tags = list(Concordant = list(
        Freqs = structure(c(0, 0, 225, 0, 0, 0, 181, 0), .Dim = c(4L, 
        2L), .Dimnames = list(c("-2", "-1", "0", "1"), c("A", 
        "G"))), N = 406), Majority = list(Freqs = structure(c(0, 
    0, 256, 0, 0, 0, 197, 0), .Dim = c(4L, 2L), .Dimnames = list(
        c("-2", "-1", "0", "1"), c("A", "G"))), N = 453)), `2` = structure(c(0, 
    0, 187, 0, 0, 0, 145, 0), .Dim = c(4L, 2L), .Dimnames = list(
        c("-2", "-1", "0", "1"), c("A", "G"))))))
