Results <-
list(`bwa.out//20220204//MLPA03_S10.sam` = list(LR20_SNP1 = list(
    All = list(Freqs = structure(c(4L, 2302L, 2L, 1L, 6L, 0L, 
    2136L, 2L, 0L, 9L, 0L, 32L, 0L, 0L, 0L), .Dim = c(5L, 3L), .Dimnames = structure(list(
        c("-1", "0", "1", "2", NA), c("A", "G", NA)), .Names = c("", 
    "")), class = "table"), N = 4494L), Tag.Distribution = structure(c(`1` = 175L, 
    `2` = 64L, `3` = 27L, `4` = 44L, `5` = 45L, `6` = 33L, `7` = 20L, 
    `8` = 20L, `9` = 13L, `10` = 14L, `11` = 10L, `12` = 8L, 
    `13` = 14L, `14` = 12L, `15` = 10L, `16` = 10L, `17` = 14L, 
    `18` = 8L, `19` = 1L, `20` = 8L, `21` = 3L, `22` = 4L, `23` = 4L, 
    `24` = 4L, `25` = 8L, `26` = 3L, `27` = 1L, `28` = 4L, `29` = 2L, 
    `30` = 2L, `31` = 1L, `32` = 2L, `35` = 2L, `36` = 2L, `37` = 1L, 
    `38` = 1L, `44` = 1L, `45` = 1L, `49` = 1L, `50` = 1L, `51` = 1L
    ), .Dim = 41L, .Dimnames = list(TagUsage = c("1", "2", "3", 
    "4", "5", "6", "7", "8", "9", "10", "11", "12", "13", "14", 
    "15", "16", "17", "18", "19", "20", "21", "22", "23", "24", 
    "25", "26", "27", "28", "29", "30", "31", "32", "35", "36", 
    "37", "38", "44", "45", "49", "50", "51")), class = "table"), 
    No.Tag = structure(c(0L, 65L, 0L, 0L, 1L, 0L, 33L, 0L, 0L, 
    1L, 0L, 2L, 0L, 0L, 0L), .Dim = c(5L, 3L), .Dimnames = structure(list(
        c("-1", "0", "1", "2", NA), c("A", "G", NA)), .Names = c("", 
    "")), class = "table"), All.Tags = list(Concordant = list(
        Freqs = structure(c(0, 271, 0, 0, 0, 274, 1, 0), .Dim = c(4L, 
        2L), .Dimnames = list(c("-1", "0", "1", "2"), c("A", 
        "G"))), N = 546), Majority = list(Freqs = structure(c(0, 
    294, 0, 0, 0, 290, 1, 0), .Dim = c(4L, 2L), .Dimnames = list(
        c("-1", "0", "1", "2"), c("A", "G"))), N = 585)), `2` = structure(c(0, 
    212, 0, 0, 0, 206, 0, 0), .Dim = c(4L, 2L), .Dimnames = list(
        c("-1", "0", "1", "2"), c("A", "G"))))))
