Results <-
list(`bwa.out//20220204//BlindCMMRD55_S14.sam` = list(IM49_SNP1 = list(
    All = list(Freqs = structure(c(0L, 60L, 1904L, 32L, 0L, 23L, 
    1L, 52L, 1549L, 42L, 1L, 19L, 0L, 3L, 252L, 3L, 0L, 0L), .Dim = c(6L, 
    3L), .Dimnames = structure(list(c("-2", "-1", "0", "1", "2", 
    NA), c("C", "G", NA)), .Names = c("", "")), class = "table"), 
        N = 3941L), Tag.Distribution = structure(c(`1` = 177L, 
    `2` = 72L, `3` = 55L, `4` = 55L, `5` = 41L, `6` = 30L, `7` = 36L, 
    `8` = 28L, `9` = 27L, `10` = 20L, `11` = 21L, `12` = 9L, 
    `13` = 11L, `14` = 8L, `15` = 13L, `16` = 10L, `17` = 8L, 
    `18` = 4L, `19` = 10L, `20` = 3L, `21` = 3L, `22` = 2L, `23` = 3L, 
    `25` = 3L, `27` = 2L, `29` = 1L, `30` = 1L, `41` = 1L), .Dim = 28L, .Dimnames = list(
        TagUsage = c("1", "2", "3", "4", "5", "6", "7", "8", 
        "9", "10", "11", "12", "13", "14", "15", "16", "17", 
        "18", "19", "20", "21", "22", "23", "25", "27", "29", 
        "30", "41")), class = "table"), No.Tag = structure(c(0L, 
    3L, 72L, 0L, 0L, 2L, 0L, 0L, 30L, 0L, 0L, 1L, 0L, 0L, 11L, 
    0L, 0L, 0L), .Dim = c(6L, 3L), .Dimnames = structure(list(
        c("-2", "-1", "0", "1", "2", NA), c("C", "G", NA)), .Names = c("", 
    "")), class = "table"), All.Tags = list(Concordant = list(
        Freqs = structure(c(0, 3, 240, 1, 0, 0, 5, 207, 2, 0), .Dim = c(5L, 
        2L), .Dimnames = list(c("-2", "-1", "0", "1", "2"), c("C", 
        "G"))), N = 458), Majority = list(Freqs = structure(c(0, 
    3, 308, 2, 0, 0, 6, 265, 2, 0), .Dim = c(5L, 2L), .Dimnames = list(
        c("-2", "-1", "0", "1", "2"), c("C", "G"))), N = 586)), 
    `2` = structure(c(0, 1, 244, 1, 0, 0, 3, 211, 2, 0), .Dim = c(5L, 
    2L), .Dimnames = list(c("-2", "-1", "0", "1", "2"), c("C", 
    "G"))))))
