Results <-
list(`bwa.out//20220204//BlindCMMRD45_S5.sam` = list(LR20_SNP1 = list(
    All = list(Freqs = structure(c(3L, 2111L, 4L, 0L, 5L, 2391L, 
    12L, 3L, 1L, 24L, 0L, 0L), .Dim = 4:3, .Dimnames = structure(list(
        c("-1", "0", "1", NA), c("A", "G", NA)), .Names = c("", 
    "")), class = "table"), N = 4554L), Tag.Distribution = structure(c(`1` = 97L, 
    `2` = 47L, `3` = 34L, `4` = 24L, `5` = 16L, `6` = 18L, `7` = 17L, 
    `8` = 18L, `9` = 15L, `10` = 10L, `11` = 8L, `12` = 11L, 
    `13` = 11L, `14` = 10L, `15` = 11L, `16` = 8L, `17` = 6L, 
    `18` = 6L, `19` = 4L, `20` = 6L, `21` = 4L, `22` = 9L, `23` = 3L, 
    `24` = 3L, `25` = 5L, `26` = 2L, `27` = 4L, `28` = 4L, `29` = 6L, 
    `30` = 4L, `31` = 4L, `32` = 1L, `33` = 1L, `34` = 2L, `35` = 1L, 
    `36` = 2L, `37` = 2L, `39` = 2L, `40` = 2L, `42` = 2L, `45` = 2L, 
    `53` = 1L, `54` = 1L, `59` = 1L, `60` = 1L, `70` = 1L), .Dim = 46L, .Dimnames = list(
        TagUsage = c("1", "2", "3", "4", "5", "6", "7", "8", 
        "9", "10", "11", "12", "13", "14", "15", "16", "17", 
        "18", "19", "20", "21", "22", "23", "24", "25", "26", 
        "27", "28", "29", "30", "31", "32", "33", "34", "35", 
        "36", "37", "39", "40", "42", "45", "53", "54", "59", 
        "60", "70")), class = "table"), No.Tag = structure(c(0L, 
    47L, 0L, 0L, 0L, 47L, 0L, 1L, 0L, 2L, 0L, 0L), .Dim = 4:3, .Dimnames = structure(list(
        c("-1", "0", "1", NA), c("A", "G", NA)), .Names = c("", 
    "")), class = "table"), All.Tags = list(Concordant = list(
        Freqs = structure(c(0, 196, 0, 0, 214, 0), .Dim = 3:2, .Dimnames = list(
            c("-1", "0", "1"), c("A", "G"))), N = 410), Majority = list(
        Freqs = structure(c(0, 211, 0, 0, 231, 1), .Dim = 3:2, .Dimnames = list(
            c("-1", "0", "1"), c("A", "G"))), N = 443)), `2` = structure(c(0, 
    168, 0, 0, 179, 1), .Dim = 3:2, .Dimnames = list(c("-1", 
    "0", "1"), c("A", "G"))))))
