Results <-
list(`bwa.out//20220204//17D1098_S3.sam` = list(LR20_SNP1 = list(
    All = list(Freqs = structure(c(0L, 1L, 0L, 0L, 6L, 1676L, 
    4L, 3L, 0L, 1700L, 3L, 0L, 0L, 34L, 0L, 0L), .Dim = c(4L, 
    4L), .Dimnames = structure(list(c("-1", "0", "1", NA), c("-", 
    "A", "G", NA)), .Names = c("", "")), class = "table"), N = 3427L), 
    Tag.Distribution = structure(c(`1` = 224L, `2` = 97L, `3` = 63L, 
    `4` = 68L, `5` = 66L, `6` = 39L, `7` = 33L, `8` = 27L, `9` = 28L, 
    `10` = 12L, `11` = 11L, `12` = 10L, `13` = 11L, `14` = 9L, 
    `15` = 5L, `16` = 3L, `17` = 4L, `18` = 6L, `19` = 5L, `20` = 4L, 
    `22` = 1L, `23` = 1L, `26` = 1L, `29` = 1L), .Dim = 24L, .Dimnames = list(
        TagUsage = c("1", "2", "3", "4", "5", "6", "7", "8", 
        "9", "10", "11", "12", "13", "14", "15", "16", "17", 
        "18", "19", "20", "22", "23", "26", "29")), class = "table"), 
    No.Tag = structure(c(0L, 0L, 0L, 0L, 0L, 40L, 0L, 0L, 0L, 
    39L, 0L, 0L, 0L, 2L, 0L, 0L), .Dim = c(4L, 4L), .Dimnames = structure(list(
        c("-1", "0", "1", NA), c("-", "A", "G", NA)), .Names = c("", 
    "")), class = "table"), All.Tags = list(Concordant = list(
        Freqs = structure(c(0, 0, 0, 0, 308, 1, 0, 322, 0), .Dim = c(3L, 
        3L), .Dimnames = list(c("-1", "0", "1"), c("-", "A", 
        "G"))), N = 631), Majority = list(Freqs = structure(c(0, 
    0, 0, 0, 347, 1, 0, 360, 0), .Dim = c(3L, 3L), .Dimnames = list(
        c("-1", "0", "1"), c("-", "A", "G"))), N = 708)), `2` = structure(c(0, 
    0, 0, 0, 239, 0, 0, 255, 0), .Dim = c(3L, 3L), .Dimnames = list(
        c("-1", "0", "1"), c("-", "A", "G"))))))
