Results <-
list(`bwa.out//20220204//BlindCMMRD78_S37.sam` = list(GM26_SNP1 = list(
    All = list(Freqs = structure(c(23L, 3210L, 9L, 1L, 7L, 0L, 
    5L, 0L, 0L, 0L, 0L, 18L, 0L, 0L, 0L), .Dim = c(5L, 3L), .Dimnames = structure(list(
        c("-1", "0", "1", "2", NA), c("A", "G", NA)), .Names = c("", 
    "")), class = "table"), N = 3273L), Tag.Distribution = structure(c(`1` = 86L, 
    `2` = 49L, `3` = 42L, `4` = 44L, `5` = 32L, `6` = 27L, `7` = 24L, 
    `8` = 18L, `9` = 28L, `10` = 18L, `11` = 14L, `12` = 13L, 
    `13` = 12L, `14` = 6L, `15` = 12L, `16` = 8L, `17` = 6L, 
    `18` = 4L, `19` = 8L, `20` = 3L, `21` = 1L, `22` = 3L, `23` = 3L, 
    `25` = 2L, `27` = 1L, `28` = 1L, `30` = 2L, `32` = 2L, `33` = 1L
    ), .Dim = 29L, .Dimnames = list(TagUsage = c("1", "2", "3", 
    "4", "5", "6", "7", "8", "9", "10", "11", "12", "13", "14", 
    "15", "16", "17", "18", "19", "20", "21", "22", "23", "25", 
    "27", "28", "30", "32", "33")), class = "table"), No.Tag = structure(c(1L, 
    56L, 0L, 0L, 0L, 0L, 0L, 0L, 0L, 0L, 0L, 2L, 0L, 0L, 0L), .Dim = c(5L, 
    3L), .Dimnames = structure(list(c("-1", "0", "1", "2", NA
    ), c("A", "G", NA)), .Names = c("", "")), class = "table"), 
    All.Tags = list(Concordant = list(Freqs = structure(c(1, 
    437, 0, 0, 0, 4, 0, 0), .Dim = c(4L, 2L), .Dimnames = list(
        c("-1", "0", "1", "2"), c("A", "G"))), N = 442), Majority = list(
        Freqs = structure(c(1, 464, 0, 0, 0, 4, 0, 0), .Dim = c(4L, 
        2L), .Dimnames = list(c("-1", "0", "1", "2"), c("A", 
        "G"))), N = 469)), `2` = structure(c(0, 384, 0, 0, 0, 
    0, 0, 0), .Dim = c(4L, 2L), .Dimnames = list(c("-1", "0", 
    "1", "2"), c("A", "G"))))))
