Results <-
list(`bwa.out//20220204//BlindCMMRD70_S29.sam` = list(GM14_SNP1 = list(
    All = list(Freqs = structure(c(0L, 0L, 1L, 0L, 0L, 0L, 2L, 
    39L, 1228L, 13L, 0L, 1L, 0L, 41L, 1477L, 8L, 1L, 2L, 0L, 
    0L, 25L, 0L, 0L, 0L), .Dim = c(6L, 4L), .Dimnames = structure(list(
        c("-2", "-1", "0", "1", "2", NA), c("A", "C", "T", NA
        )), .Names = c("", "")), class = "table"), N = 2838L), 
    Tag.Distribution = structure(c(`1` = 66L, `2` = 32L, `3` = 34L, 
    `4` = 25L, `5` = 19L, `6` = 16L, `7` = 9L, `8` = 21L, `9` = 11L, 
    `10` = 12L, `11` = 8L, `12` = 6L, `13` = 9L, `14` = 5L, `15` = 6L, 
    `16` = 7L, `17` = 5L, `18` = 4L, `19` = 3L, `20` = 3L, `21` = 5L, 
    `22` = 2L, `23` = 2L, `25` = 3L, `26` = 3L, `27` = 3L, `28` = 2L, 
    `30` = 2L, `31` = 4L, `34` = 1L, `36` = 1L, `37` = 2L, `39` = 1L, 
    `40` = 1L, `43` = 1L, `48` = 1L), .Dim = 36L, .Dimnames = list(
        TagUsage = c("1", "2", "3", "4", "5", "6", "7", "8", 
        "9", "10", "11", "12", "13", "14", "15", "16", "17", 
        "18", "19", "20", "21", "22", "23", "25", "26", "27", 
        "28", "30", "31", "34", "36", "37", "39", "40", "43", 
        "48")), class = "table"), No.Tag = structure(c(0L, 0L, 
    1L, 0L, 0L, 0L, 0L, 0L, 26L, 0L, 0L, 0L, 0L, 1L, 28L, 0L, 
    0L, 1L, 0L, 0L, 2L, 0L, 0L, 0L), .Dim = c(6L, 4L), .Dimnames = structure(list(
        c("-2", "-1", "0", "1", "2", NA), c("A", "C", "T", NA
        )), .Names = c("", "")), class = "table"), All.Tags = list(
        Concordant = list(Freqs = structure(c(0, 0, 0, 0, 0, 
        0, 4, 121, 0, 0, 0, 1, 134, 0, 0), .Dim = c(5L, 3L), .Dimnames = list(
            c("-2", "-1", "0", "1", "2"), c("A", "C", "T"))), 
            N = 260), Majority = list(Freqs = structure(c(0, 
        0, 0, 0, 0, 0, 4, 154, 0, 0, 0, 1, 171, 0, 0), .Dim = c(5L, 
        3L), .Dimnames = list(c("-2", "-1", "0", "1", "2"), c("A", 
        "C", "T"))), N = 330)), `2` = structure(c(0, 0, 0, 0, 
    0, 0, 1, 124, 0, 0, 0, 0, 140, 0, 0), .Dim = c(5L, 3L), .Dimnames = list(
        c("-2", "-1", "0", "1", "2"), c("A", "C", "T"))))))
