Results <-
list(`bwa.out//20220204//BlindCMMRD98_S57.sam` = list(GM14_SNP1 = list(
    All = list(Freqs = structure(c(0L, 0L, 1L, 0L, 0L, 7L, 150L, 
    3533L, 42L, 4L, 0L, 0L, 2L, 0L, 0L, 0L, 0L, 32L, 2L, 0L), .Dim = 5:4, .Dimnames = structure(list(
        c("-2", "-1", "0", "1", NA), c("A", "C", "T", NA)), .Names = c("", 
    "")), class = "table"), N = 3773L), Tag.Distribution = structure(c(`1` = 98L, 
    `2` = 41L, `3` = 31L, `4` = 24L, `5` = 29L, `6` = 24L, `7` = 27L, 
    `8` = 16L, `9` = 12L, `10` = 8L, `11` = 14L, `12` = 8L, `13` = 10L, 
    `14` = 12L, `15` = 14L, `16` = 8L, `17` = 5L, `18` = 4L, 
    `19` = 5L, `20` = 3L, `21` = 3L, `22` = 6L, `23` = 4L, `24` = 1L, 
    `25` = 2L, `26` = 3L, `27` = 3L, `28` = 2L, `29` = 1L, `30` = 2L, 
    `31` = 3L, `32` = 1L, `33` = 3L, `34` = 4L, `37` = 1L, `38` = 2L, 
    `40` = 1L, `47` = 1L, `49` = 1L, `67` = 1L), .Dim = 40L, .Dimnames = list(
        TagUsage = c("1", "2", "3", "4", "5", "6", "7", "8", 
        "9", "10", "11", "12", "13", "14", "15", "16", "17", 
        "18", "19", "20", "21", "22", "23", "24", "25", "26", 
        "27", "28", "29", "30", "31", "32", "33", "34", "37", 
        "38", "40", "47", "49", "67")), class = "table"), No.Tag = structure(c(0L, 
    0L, 0L, 0L, 0L, 0L, 1L, 65L, 2L, 0L, 0L, 0L, 0L, 0L, 0L, 
    0L, 0L, 3L, 0L, 0L), .Dim = 5:4, .Dimnames = structure(list(
        c("-2", "-1", "0", "1", NA), c("A", "C", "T", NA)), .Names = c("", 
    "")), class = "table"), All.Tags = list(Concordant = list(
        Freqs = structure(c(0, 0, 0, 0, 1, 4, 328, 3, 0, 0, 1, 
        0), .Dim = 4:3, .Dimnames = list(c("-2", "-1", "0", "1"
        ), c("A", "C", "T"))), N = 337), Majority = list(Freqs = structure(c(0, 
    0, 0, 0, 1, 5, 421, 4, 0, 0, 1, 0), .Dim = 4:3, .Dimnames = list(
        c("-2", "-1", "0", "1"), c("A", "C", "T"))), N = 432)), 
    `2` = structure(c(0, 0, 0, 0, 0, 4, 331, 3, 0, 0, 0, 0), .Dim = 4:3, .Dimnames = list(
        c("-2", "-1", "0", "1"), c("A", "C", "T"))))))
