Results <-
list(`bwa.out//20220204//BlindCMMRD123_S49.sam` = list(LR17_SNP1 = list(
    All = list(Freqs = structure(c(1L, 5L, 141L, 3946L, 42L, 
    10L, 0L, 0L, 0L, 1L, 0L, 0L, 0L, 0L, 0L, 103L, 1L, 0L), .Dim = c(6L, 
    3L), .Dimnames = structure(list(c("-3", "-2", "-1", "0", 
    "1", NA), c("A", "G", NA)), .Names = c("", "")), class = "table"), 
        N = 4250L), Tag.Distribution = structure(c(`1` = 169L, 
    `2` = 144L, `3` = 111L, `4` = 100L, `5` = 85L, `6` = 53L, 
    `7` = 47L, `8` = 41L, `9` = 33L, `10` = 20L, `11` = 21L, 
    `12` = 17L, `13` = 14L, `14` = 8L, `15` = 5L, `16` = 2L, 
    `17` = 4L, `18` = 2L, `19` = 2L, `20` = 1L, `22` = 1L, `23` = 1L, 
    `28` = 1L), .Dim = 23L, .Dimnames = list(TagUsage = c("1", 
    "2", "3", "4", "5", "6", "7", "8", "9", "10", "11", "12", 
    "13", "14", "15", "16", "17", "18", "19", "20", "22", "23", 
    "28")), class = "table"), No.Tag = structure(c(0L, 0L, 3L, 
    86L, 0L, 0L, 0L, 0L, 0L, 0L, 0L, 0L, 0L, 0L, 0L, 3L, 0L, 
    0L), .Dim = c(6L, 3L), .Dimnames = structure(list(c("-3", 
    "-2", "-1", "0", "1", NA), c("A", "G", NA)), .Names = c("", 
    "")), class = "table"), All.Tags = list(Concordant = list(
        Freqs = structure(c(0, 0, 5, 727, 1, 0, 0, 0, 0, 0), .Dim = c(5L, 
        2L), .Dimnames = list(c("-3", "-2", "-1", "0", "1"), 
            c("A", "G"))), N = 733), Majority = list(Freqs = structure(c(0, 
    0, 6, 851, 1, 0, 0, 0, 0, 0), .Dim = c(5L, 2L), .Dimnames = list(
        c("-3", "-2", "-1", "0", "1"), c("A", "G"))), N = 858)), 
    `2` = structure(c(0, 0, 1, 693, 0, 0, 0, 0, 0, 0), .Dim = c(5L, 
    2L), .Dimnames = list(c("-3", "-2", "-1", "0", "1"), c("A", 
    "G"))))))
