Results <-
list(`bwa.out//20220204//Control21_S14.sam` = list(GM07_SNP1 = list(
    All = list(Freqs = structure(c(0L, 55L, 1113L, 40L, 1L, 9L, 
    3L, 75L, 1356L, 32L, 0L, 13L, 0L, 1L, 23L, 0L, 0L, 0L), .Dim = c(6L, 
    3L), .Dimnames = structure(list(c("-2", "-1", "0", "1", "2", 
    NA), c("A", "G", NA)), .Names = c("", "")), class = "table"), 
        N = 2721L), Tag.Distribution = structure(c(`1` = 109L, 
    `2` = 50L, `3` = 49L, `4` = 41L, `5` = 29L, `6` = 25L, `7` = 19L, 
    `8` = 14L, `9` = 19L, `10` = 16L, `11` = 7L, `12` = 10L, 
    `13` = 3L, `14` = 9L, `15` = 6L, `16` = 4L, `17` = 4L, `18` = 5L, 
    `19` = 10L, `22` = 2L, `23` = 2L, `24` = 1L, `26` = 1L, `30` = 1L, 
    `37` = 1L), .Dim = 25L, .Dimnames = list(TagUsage = c("1", 
    "2", "3", "4", "5", "6", "7", "8", "9", "10", "11", "12", 
    "13", "14", "15", "16", "17", "18", "19", "22", "23", "24", 
    "26", "30", "37")), class = "table"), No.Tag = structure(c(0L, 
    7L, 98L, 6L, 1L, 1L, 0L, 9L, 126L, 1L, 0L, 3L, 0L, 0L, 7L, 
    0L, 0L, 0L), .Dim = c(6L, 3L), .Dimnames = structure(list(
        c("-2", "-1", "0", "1", "2", NA), c("A", "G", NA)), .Names = c("", 
    "")), class = "table"), All.Tags = list(Concordant = list(
        Freqs = structure(c(0, 2, 133, 2, 0, 1, 4, 151, 2, 0), .Dim = c(5L, 
        2L), .Dimnames = list(c("-2", "-1", "0", "1", "2"), c("A", 
        "G"))), N = 295), Majority = list(Freqs = structure(c(0, 
    2, 192, 2, 0, 1, 4, 213, 2, 0), .Dim = c(5L, 2L), .Dimnames = list(
        c("-2", "-1", "0", "1", "2"), c("A", "G"))), N = 416)), 
    `2` = structure(c(0, 0, 156, 0, 0, 0, 1, 159, 0, 0), .Dim = c(5L, 
    2L), .Dimnames = list(c("-2", "-1", "0", "1", "2"), c("A", 
    "G"))))))
