Results <-
list(`bwa.out//20220204//BlindCMMRD91_S50.sam` = list(LR20_SNP1 = list(
    All = list(Freqs = structure(c(1L, 7L, 4141L, 4L, 4L, 0L, 
    0L, 6L, 0L, 0L, 0L, 0L, 8L, 0L, 0L), .Dim = c(5L, 3L), .Dimnames = structure(list(
        c("-2", "-1", "0", "1", NA), c("A", "G", NA)), .Names = c("", 
    "")), class = "table"), N = 4171L), Tag.Distribution = structure(c(`1` = 110L, 
    `2` = 68L, `3` = 60L, `4` = 47L, `5` = 65L, `6` = 26L, `7` = 38L, 
    `8` = 38L, `9` = 24L, `10` = 17L, `11` = 11L, `12` = 18L, 
    `13` = 9L, `14` = 3L, `15` = 17L, `16` = 9L, `17` = 8L, `18` = 8L, 
    `19` = 8L, `20` = 3L, `21` = 2L, `22` = 2L, `23` = 4L, `24` = 1L, 
    `25` = 2L, `27` = 5L, `29` = 1L, `30` = 1L, `32` = 2L, `33` = 2L, 
    `38` = 1L), .Dim = 31L, .Dimnames = list(TagUsage = c("1", 
    "2", "3", "4", "5", "6", "7", "8", "9", "10", "11", "12", 
    "13", "14", "15", "16", "17", "18", "19", "20", "21", "22", 
    "23", "24", "25", "27", "29", "30", "32", "33", "38")), class = "table"), 
    No.Tag = structure(c(0L, 0L, 116L, 0L, 1L, 0L, 0L, 1L, 0L, 
    0L, 0L, 0L, 1L, 0L, 0L), .Dim = c(5L, 3L), .Dimnames = structure(list(
        c("-2", "-1", "0", "1", NA), c("A", "G", NA)), .Names = c("", 
    "")), class = "table"), All.Tags = list(Concordant = list(
        Freqs = structure(c(1, 0, 593, 0, 0, 0, 2, 0), .Dim = c(4L, 
        2L), .Dimnames = list(c("-2", "-1", "0", "1"), c("A", 
        "G"))), N = 596), Majority = list(Freqs = structure(c(1, 
    0, 606, 0, 0, 0, 2, 0), .Dim = c(4L, 2L), .Dimnames = list(
        c("-2", "-1", "0", "1"), c("A", "G"))), N = 609)), `2` = structure(c(0, 
    0, 499, 0, 0, 0, 0, 0), .Dim = c(4L, 2L), .Dimnames = list(
        c("-2", "-1", "0", "1"), c("A", "G"))))))
