Results <-
list(`bwa.out//20220204//BlindCMMRD113_S39.sam` = list(LR52_SNP1 = list(
    All = list(Freqs = structure(c(1L, 11L, 163L, 1187L, 26L, 
    10L, 1L, 15L, 224L, 1045L, 19L, 8L, 0L, 0L, 4L, 112L, 0L, 
    0L), .Dim = c(6L, 3L), .Dimnames = structure(list(c("-3", 
    "-2", "-1", "0", "1", NA), c("C", "T", NA)), .Names = c("", 
    "")), class = "table"), N = 2826L), Tag.Distribution = structure(c(`1` = 143L, 
    `2` = 115L, `3` = 118L, `4` = 87L, `5` = 67L, `6` = 56L, 
    `7` = 30L, `8` = 25L, `9` = 18L, `10` = 18L, `11` = 6L, `12` = 8L, 
    `13` = 3L, `17` = 1L, `18` = 1L, `19` = 2L), .Dim = 16L, .Dimnames = list(
        TagUsage = c("1", "2", "3", "4", "5", "6", "7", "8", 
        "9", "10", "11", "12", "13", "17", "18", "19")), class = "table"), 
    No.Tag = structure(c(0L, 0L, 0L, 9L, 0L, 0L, 0L, 0L, 16L, 
    27L, 0L, 1L, 0L, 0L, 0L, 1L, 0L, 0L), .Dim = c(6L, 3L), .Dimnames = structure(list(
        c("-3", "-2", "-1", "0", "1", NA), c("C", "T", NA)), .Names = c("", 
    "")), class = "table"), All.Tags = list(Concordant = list(
        Freqs = structure(c(0, 1, 14, 222, 4, 0, 0, 28, 211, 
        3), .Dim = c(5L, 2L), .Dimnames = list(c("-3", "-2", 
        "-1", "0", "1"), c("C", "T"))), N = 483), Majority = list(
        Freqs = structure(c(0, 1, 20, 306, 5, 0, 0, 39, 286, 
        3), .Dim = c(5L, 2L), .Dimnames = list(c("-3", "-2", 
        "-1", "0", "1"), c("C", "T"))), N = 660)), `2` = structure(c(0, 
    0, 11, 258, 4, 0, 0, 27, 227, 1), .Dim = c(5L, 2L), .Dimnames = list(
        c("-3", "-2", "-1", "0", "1"), c("C", "T"))))))
