Results <-
list(`bwa.out//20220204//17D0944_S7.sam` = list(LR49_SNP1 = list(
    All = list(Freqs = structure(c(6L, 3444L, 1L, 2L, 0L, 12L, 
    0L, 0L, 0L, 83L, 0L, 0L), .Dim = 4:3, .Dimnames = structure(list(
        c("-1", "0", "1", NA), c("A", "G", NA)), .Names = c("", 
    "")), class = "table"), N = 3548L), Tag.Distribution = structure(c(`1` = 101L, 
    `2` = 42L, `3` = 35L, `4` = 29L, `5` = 37L, `6` = 29L, `7` = 21L, 
    `8` = 25L, `9` = 20L, `10` = 16L, `11` = 17L, `12` = 12L, 
    `13` = 11L, `14` = 5L, `15` = 13L, `16` = 11L, `17` = 6L, 
    `18` = 4L, `19` = 9L, `20` = 7L, `21` = 1L, `23` = 4L, `25` = 6L, 
    `27` = 2L, `28` = 1L, `31` = 2L, `33` = 1L, `36` = 1L, `38` = 1L, 
    `39` = 1L, `70` = 1L), .Dim = 31L, .Dimnames = list(TagUsage = c("1", 
    "2", "3", "4", "5", "6", "7", "8", "9", "10", "11", "12", 
    "13", "14", "15", "16", "17", "18", "19", "20", "21", "23", 
    "25", "27", "28", "31", "33", "36", "38", "39", "70")), class = "table"), 
    No.Tag = structure(c(0L, 65L, 0L, 1L, 0L, 1L, 0L, 0L, 0L, 
    6L, 0L, 0L), .Dim = 4:3, .Dimnames = structure(list(c("-1", 
    "0", "1", NA), c("A", "G", NA)), .Names = c("", "")), class = "table"), 
    All.Tags = list(Concordant = list(Freqs = structure(c(0, 
    445, 0, 0, 4, 0), .Dim = 3:2, .Dimnames = list(c("-1", "0", 
    "1"), c("A", "G"))), N = 449), Majority = list(Freqs = structure(c(0, 
    457, 0, 0, 4, 0), .Dim = 3:2, .Dimnames = list(c("-1", "0", 
    "1"), c("A", "G"))), N = 461)), `2` = structure(c(0, 370, 
    0, 0, 0, 0), .Dim = 3:2, .Dimnames = list(c("-1", "0", "1"
    ), c("A", "G"))))))
