Results <-
list(`bwa.out//20220204//BlindCMMRD44_S4.sam` = list(GM14_SNP1 = list(
    All = list(Freqs = structure(c(0L, 0L, 6L, 0L, 0L, 2L, 51L, 
    2437L, 16L, 5L, 0L, 0L, 22L, 0L, 0L), .Dim = c(5L, 3L), .Dimnames = structure(list(
        c("-2", "-1", "0", "1", NA), c("C", "T", NA)), .Names = c("", 
    "")), class = "table"), N = 2539L), Tag.Distribution = structure(c(`1` = 32L, 
    `2` = 19L, `3` = 13L, `4` = 14L, `5` = 20L, `6` = 15L, `7` = 16L, 
    `8` = 6L, `9` = 9L, `10` = 13L, `11` = 5L, `12` = 7L, `13` = 7L, 
    `14` = 8L, `15` = 5L, `16` = 4L, `17` = 4L, `18` = 5L, `19` = 2L, 
    `20` = 4L, `21` = 2L, `22` = 1L, `23` = 2L, `24` = 3L, `25` = 4L, 
    `26` = 4L, `27` = 5L, `28` = 1L, `29` = 1L, `34` = 3L, `37` = 2L, 
    `40` = 1L, `43` = 1L, `44` = 1L, `48` = 1L, `49` = 1L), .Dim = 36L, .Dimnames = list(
        TagUsage = c("1", "2", "3", "4", "5", "6", "7", "8", 
        "9", "10", "11", "12", "13", "14", "15", "16", "17", 
        "18", "19", "20", "21", "22", "23", "24", "25", "26", 
        "27", "28", "29", "34", "37", "40", "43", "44", "48", 
        "49")), class = "table"), No.Tag = structure(c(0L, 0L, 
    0L, 0L, 0L, 1L, 0L, 76L, 0L, 1L, 0L, 0L, 0L, 0L, 0L), .Dim = c(5L, 
    3L), .Dimnames = structure(list(c("-2", "-1", "0", "1", NA
    ), c("C", "T", NA)), .Names = c("", "")), class = "table"), 
    All.Tags = list(Concordant = list(Freqs = structure(c(0, 
    0, 5, 0, 0, 2, 181, 0), .Dim = c(4L, 2L), .Dimnames = list(
        c("-2", "-1", "0", "1"), c("C", "T"))), N = 188), Majority = list(
        Freqs = structure(c(0, 0, 5, 0, 0, 2, 232, 0), .Dim = c(4L, 
        2L), .Dimnames = list(c("-2", "-1", "0", "1"), c("C", 
        "T"))), N = 239)), `2` = structure(c(0, 0, 0, 0, 0, 1, 
    206, 0), .Dim = c(4L, 2L), .Dimnames = list(c("-2", "-1", 
    "0", "1"), c("C", "T"))))))
