Results <-
list(`bwa.out//20220204//BlindCMMRD81_S40.sam` = list(GM14_SNP1 = list(
    All = list(Freqs = structure(c(1L, 92L, 2919L, 22L, 1L, 13L, 
    0L, 0L, 1L, 0L, 0L, 0L, 0L, 0L, 21L, 0L, 0L, 0L), .Dim = c(6L, 
    3L), .Dimnames = structure(list(c("-2", "-1", "0", "1", "2", 
    NA), c("C", "T", NA)), .Names = c("", "")), class = "table"), 
        N = 3070L), Tag.Distribution = structure(c(`1` = 65L, 
    `2` = 37L, `3` = 34L, `4` = 30L, `5` = 25L, `6` = 19L, `7` = 12L, 
    `8` = 18L, `9` = 14L, `10` = 20L, `11` = 15L, `12` = 15L, 
    `13` = 14L, `14` = 12L, `15` = 5L, `16` = 4L, `17` = 7L, 
    `18` = 1L, `19` = 3L, `20` = 4L, `21` = 3L, `23` = 3L, `24` = 4L, 
    `25` = 3L, `26` = 3L, `27` = 3L, `28` = 1L, `29` = 2L, `30` = 2L, 
    `31` = 1L, `37` = 1L, `40` = 1L, `45` = 1L), .Dim = 33L, .Dimnames = list(
        TagUsage = c("1", "2", "3", "4", "5", "6", "7", "8", 
        "9", "10", "11", "12", "13", "14", "15", "16", "17", 
        "18", "19", "20", "21", "23", "24", "25", "26", "27", 
        "28", "29", "30", "31", "37", "40", "45")), class = "table"), 
    No.Tag = structure(c(1L, 0L, 44L, 0L, 0L, 0L, 0L, 0L, 0L, 
    0L, 0L, 0L, 0L, 0L, 2L, 0L, 0L, 0L), .Dim = c(6L, 3L), .Dimnames = structure(list(
        c("-2", "-1", "0", "1", "2", NA), c("C", "T", NA)), .Names = c("", 
    "")), class = "table"), All.Tags = list(Concordant = list(
        Freqs = structure(c(0, 2, 297, 0, 0, 0, 0, 0, 0, 0), .Dim = c(5L, 
        2L), .Dimnames = list(c("-2", "-1", "0", "1", "2"), c("C", 
        "T"))), N = 299), Majority = list(Freqs = structure(c(0, 
    2, 376, 0, 0, 0, 0, 0, 0, 0), .Dim = c(5L, 2L), .Dimnames = list(
        c("-2", "-1", "0", "1", "2"), c("C", "T"))), N = 378)), 
    `2` = structure(c(0, 0, 314, 0, 0, 0, 0, 0, 0, 0), .Dim = c(5L, 
    2L), .Dimnames = list(c("-2", "-1", "0", "1", "2"), c("C", 
    "T"))))))
