Results <-
list(`bwa.out//20220204//BlindCMMRD81_S40.sam` = list(GM22_SNP1 = list(
    All = list(Freqs = structure(c(3L, 79L, 5033L, 20L, 13L, 
    0L, 0L, 1L, 0L, 0L, 0L, 0L, 50L, 0L, 0L), .Dim = c(5L, 3L
    ), .Dimnames = structure(list(c("-2", "-1", "0", "1", NA), 
        c("A", "G", NA)), .Names = c("", "")), class = "table"), 
        N = 5199L), Tag.Distribution = structure(c(`1` = 134L, 
    `2` = 58L, `3` = 41L, `4` = 33L, `5` = 43L, `6` = 34L, `7` = 33L, 
    `8` = 35L, `9` = 28L, `10` = 29L, `11` = 17L, `12` = 13L, 
    `13` = 15L, `14` = 12L, `15` = 11L, `16` = 16L, `17` = 12L, 
    `18` = 8L, `19` = 8L, `20` = 9L, `21` = 6L, `22` = 6L, `23` = 10L, 
    `24` = 3L, `25` = 5L, `26` = 4L, `27` = 2L, `28` = 2L, `29` = 3L, 
    `31` = 2L, `32` = 2L, `33` = 1L, `35` = 1L, `37` = 1L, `46` = 1L, 
    `51` = 1L), .Dim = 36L, .Dimnames = list(TagUsage = c("1", 
    "2", "3", "4", "5", "6", "7", "8", "9", "10", "11", "12", 
    "13", "14", "15", "16", "17", "18", "19", "20", "21", "22", 
    "23", "24", "25", "26", "27", "28", "29", "31", "32", "33", 
    "35", "37", "46", "51")), class = "table"), No.Tag = structure(c(0L, 
    0L, 91L, 2L, 2L, 0L, 0L, 0L, 0L, 0L, 0L, 0L, 6L, 0L, 0L), .Dim = c(5L, 
    3L), .Dimnames = structure(list(c("-2", "-1", "0", "1", NA
    ), c("A", "G", NA)), .Names = c("", "")), class = "table"), 
    All.Tags = list(Concordant = list(Freqs = structure(c(0, 
    2, 548, 1, 0, 0, 0, 0), .Dim = c(4L, 2L), .Dimnames = list(
        c("-2", "-1", "0", "1"), c("A", "G"))), N = 551), Majority = list(
        Freqs = structure(c(0, 2, 628, 1, 0, 0, 0, 0), .Dim = c(4L, 
        2L), .Dimnames = list(c("-2", "-1", "0", "1"), c("A", 
        "G"))), N = 631)), `2` = structure(c(0, 1, 502, 0, 0, 
    0, 0, 0), .Dim = c(4L, 2L), .Dimnames = list(c("-2", "-1", 
    "0", "1"), c("A", "G"))))))
