Results <-
list(`bwa.out//20220204//BlindCMMRD70_S29.sam` = list(LR36_SNP1 = list(
    All = list(Freqs = structure(c(0L, 0L, 0L, 3L, 0L, 0L, 0L, 
    0L, 0L, 1L, 0L, 0L, 2L, 8L, 56L, 3512L, 23L, 22L, 0L, 0L, 
    3L, 170L, 2L, 0L), .Dim = c(6L, 4L), .Dimnames = structure(list(
        c("-3", "-2", "-1", "0", "1", NA), c("A", "C", "T", NA
        )), .Names = c("", "")), class = "table"), N = 3802L), 
    Tag.Distribution = structure(c(`1` = 67L, `2` = 36L, `3` = 23L, 
    `4` = 27L, `5` = 24L, `6` = 26L, `7` = 21L, `8` = 15L, `9` = 14L, 
    `10` = 14L, `11` = 9L, `12` = 15L, `13` = 7L, `14` = 8L, 
    `15` = 7L, `16` = 2L, `17` = 7L, `18` = 4L, `19` = 5L, `20` = 5L, 
    `21` = 3L, `23` = 6L, `24` = 4L, `25` = 4L, `26` = 4L, `27` = 1L, 
    `28` = 2L, `29` = 3L, `30` = 3L, `31` = 1L, `32` = 3L, `33` = 1L, 
    `34` = 1L, `36` = 1L, `37` = 2L, `38` = 2L, `39` = 1L, `40` = 1L, 
    `42` = 1L, `48` = 3L, `52` = 1L, `53` = 1L), .Dim = 42L, .Dimnames = list(
        TagUsage = c("1", "2", "3", "4", "5", "6", "7", "8", 
        "9", "10", "11", "12", "13", "14", "15", "16", "17", 
        "18", "19", "20", "21", "23", "24", "25", "26", "27", 
        "28", "29", "30", "31", "32", "33", "34", "36", "37", 
        "38", "39", "40", "42", "48", "52", "53")), class = "table"), 
    No.Tag = structure(c(0L, 0L, 0L, 1L, 0L, 0L, 0L, 0L, 0L, 
    0L, 0L, 0L, 0L, 0L, 1L, 138L, 3L, 3L, 0L, 0L, 0L, 15L, 0L, 
    0L), .Dim = c(6L, 4L), .Dimnames = structure(list(c("-3", 
    "-2", "-1", "0", "1", NA), c("A", "C", "T", NA)), .Names = c("", 
    "")), class = "table"), All.Tags = list(Concordant = list(
        Freqs = structure(c(0, 0, 0, 1, 0, 0, 0, 0, 0, 0, 0, 
        1, 1, 309, 0), .Dim = c(5L, 3L), .Dimnames = list(c("-3", 
        "-2", "-1", "0", "1"), c("A", "C", "T"))), N = 312), 
        Majority = list(Freqs = structure(c(0, 0, 0, 1, 0, 0, 
        0, 0, 0, 0, 0, 1, 1, 374, 0), .Dim = c(5L, 3L), .Dimnames = list(
            c("-3", "-2", "-1", "0", "1"), c("A", "C", "T"))), 
            N = 377)), `2` = structure(c(0, 0, 0, 0, 0, 0, 0, 
    0, 0, 0, 0, 0, 0, 317, 0), .Dim = c(5L, 3L), .Dimnames = list(
        c("-3", "-2", "-1", "0", "1"), c("A", "C", "T"))))))
