Results <-
list(`bwa.out//20220204//Control21_S14.sam` = list(IM16_SNP1 = list(
    All = list(Freqs = structure(c(14L, 1598L, 20L, 6L, 9L, 1454L, 
    27L, 1L, 1L, 52L, 2L, 0L), .Dim = 4:3, .Dimnames = structure(list(
        c("-1", "0", "1", NA), c("A", "G", NA)), .Names = c("", 
    "")), class = "table"), N = 3184L), Tag.Distribution = structure(c(`1` = 116L, 
    `2` = 55L, `3` = 51L, `4` = 53L, `5` = 29L, `6` = 26L, `7` = 29L, 
    `8` = 27L, `9` = 11L, `10` = 8L, `11` = 10L, `12` = 8L, `13` = 5L, 
    `14` = 9L, `15` = 7L, `16` = 5L, `17` = 7L, `18` = 8L, `19` = 5L, 
    `20` = 4L, `21` = 3L, `22` = 6L, `23` = 2L, `24` = 1L, `25` = 4L, 
    `32` = 1L, `33` = 1L, `35` = 1L, `36` = 1L, `39` = 1L), .Dim = 30L, .Dimnames = list(
        TagUsage = c("1", "2", "3", "4", "5", "6", "7", "8", 
        "9", "10", "11", "12", "13", "14", "15", "16", "17", 
        "18", "19", "20", "21", "22", "23", "24", "25", "32", 
        "33", "35", "36", "39")), class = "table"), No.Tag = structure(c(0L, 
    57L, 0L, 2L, 0L, 60L, 0L, 1L, 0L, 14L, 0L, 0L), .Dim = 4:3, .Dimnames = structure(list(
        c("-1", "0", "1", NA), c("A", "G", NA)), .Names = c("", 
    "")), class = "table"), All.Tags = list(Concordant = list(
        Freqs = structure(c(0, 216, 1, 0, 206, 1), .Dim = 3:2, .Dimnames = list(
            c("-1", "0", "1"), c("A", "G"))), N = 424), Majority = list(
        Freqs = structure(c(0, 247, 1, 0, 236, 2), .Dim = 3:2, .Dimnames = list(
            c("-1", "0", "1"), c("A", "G"))), N = 486)), `2` = structure(c(0, 
    189, 0, 0, 185, 1), .Dim = 3:2, .Dimnames = list(c("-1", 
    "0", "1"), c("A", "G"))))))
