Results <-
list(`bwa.out//20220204//BlindCMMRD82_S41.sam` = list(DEPDC2_SNP1 = list(
    All = list(Freqs = structure(c(0L, 3L, 0L, 0L, 10L, 2642L, 
    9L, 5L, 17L, 2782L, 8L, 11L, 0L, 40L, 0L, 0L), .Dim = c(4L, 
    4L), .Dimnames = structure(list(c("-1", "0", "1", NA), c("A", 
    "C", "T", NA)), .Names = c("", "")), class = "table"), N = 5527L), 
    Tag.Distribution = structure(c(`1` = 195L, `2` = 87L, `3` = 95L, 
    `4` = 86L, `5` = 67L, `6` = 76L, `7` = 43L, `8` = 41L, `9` = 38L, 
    `10` = 31L, `11` = 28L, `12` = 29L, `13` = 13L, `14` = 14L, 
    `15` = 12L, `16` = 19L, `17` = 4L, `18` = 3L, `19` = 10L, 
    `20` = 3L, `21` = 5L, `22` = 2L, `23` = 1L, `24` = 1L, `25` = 2L, 
    `26` = 1L, `27` = 1L, `29` = 1L, `32` = 1L, `34` = 2L, `36` = 1L
    ), .Dim = 31L, .Dimnames = list(TagUsage = c("1", "2", "3", 
    "4", "5", "6", "7", "8", "9", "10", "11", "12", "13", "14", 
    "15", "16", "17", "18", "19", "20", "21", "22", "23", "24", 
    "25", "26", "27", "29", "32", "34", "36")), class = "table"), 
    No.Tag = structure(c(0L, 0L, 0L, 0L, 0L, 46L, 0L, 1L, 0L, 
    68L, 0L, 0L, 0L, 1L, 0L, 0L), .Dim = c(4L, 4L), .Dimnames = structure(list(
        c("-1", "0", "1", NA), c("A", "C", "T", NA)), .Names = c("", 
    "")), class = "table"), All.Tags = list(Concordant = list(
        Freqs = structure(c(0, 0, 0, 1, 381, 0, 0, 404, 0), .Dim = c(3L, 
        3L), .Dimnames = list(c("-1", "0", "1"), c("A", "C", 
        "T"))), N = 786), Majority = list(Freqs = structure(c(0, 
    0, 0, 1, 431, 0, 1, 456, 0), .Dim = c(3L, 3L), .Dimnames = list(
        c("-1", "0", "1"), c("A", "C", "T"))), N = 889)), `2` = structure(c(0, 
    0, 0, 0, 340, 0, 1, 361, 0), .Dim = c(3L, 3L), .Dimnames = list(
        c("-1", "0", "1"), c("A", "C", "T"))))))
