Results <-
list(`bwa.out//20220204//Control21_S14.sam` = list(GM01_SNP1 = list(
    All = list(Freqs = structure(c(0L, 0L, 2L, 0L, 0L, 0L, 2L, 
    48L, 3349L, 14L, 1L, 4L, 0L, 0L, 1L, 0L, 0L, 0L, 0L, 3L, 
    37L, 0L, 0L, 0L), .Dim = c(6L, 4L), .Dimnames = structure(list(
        c("-2", "-1", "0", "1", "2", NA), c("A", "G", "T", NA
        )), .Names = c("", "")), class = "table"), N = 3461L), 
    Tag.Distribution = structure(c(`1` = 140L, `2` = 65L, `3` = 40L, 
    `4` = 53L, `5` = 56L, `6` = 42L, `7` = 33L, `8` = 19L, `9` = 23L, 
    `10` = 24L, `11` = 16L, `12` = 11L, `13` = 12L, `14` = 14L, 
    `15` = 5L, `16` = 7L, `17` = 3L, `18` = 1L, `19` = 5L, `20` = 3L, 
    `21` = 4L, `22` = 7L, `25` = 1L, `27` = 1L, `28` = 1L, `29` = 1L
    ), .Dim = 26L, .Dimnames = list(TagUsage = c("1", "2", "3", 
    "4", "5", "6", "7", "8", "9", "10", "11", "12", "13", "14", 
    "15", "16", "17", "18", "19", "20", "21", "22", "25", "27", 
    "28", "29")), class = "table"), No.Tag = structure(c(0L, 
    0L, 0L, 0L, 0L, 0L, 0L, 0L, 76L, 0L, 0L, 1L, 0L, 0L, 0L, 
    0L, 0L, 0L, 0L, 0L, 2L, 0L, 0L, 0L), .Dim = c(6L, 4L), .Dimnames = structure(list(
        c("-2", "-1", "0", "1", "2", NA), c("A", "G", "T", NA
        )), .Names = c("", "")), class = "table"), All.Tags = list(
        Concordant = list(Freqs = structure(c(0, 0, 2, 0, 0, 
        0, 0, 522, 0, 0, 0, 0, 0, 0, 0), .Dim = c(5L, 3L), .Dimnames = list(
            c("-2", "-1", "0", "1", "2"), c("A", "G", "T"))), 
            N = 524), Majority = list(Freqs = structure(c(0, 
        0, 2, 0, 0, 0, 0, 580, 0, 0, 0, 0, 0, 0, 0), .Dim = c(5L, 
        3L), .Dimnames = list(c("-2", "-1", "0", "1", "2"), c("A", 
        "G", "T"))), N = 582)), `2` = structure(c(0, 0, 0, 0, 
    0, 0, 0, 446, 0, 0, 0, 0, 0, 0, 0), .Dim = c(5L, 3L), .Dimnames = list(
        c("-2", "-1", "0", "1", "2"), c("A", "G", "T"))))))
