Results <-
list(`bwa.out//20220204//BlindCMMRD60_S19.sam` = list(GM26_SNP1 = list(
    All = list(Freqs = structure(c(2L, 31L, 3727L, 7L, 9L, 0L, 
    0L, 9L, 0L, 0L, 0L, 2L, 29L, 0L, 0L), .Dim = c(5L, 3L), .Dimnames = structure(list(
        c("-2", "-1", "0", "1", NA), c("A", "G", NA)), .Names = c("", 
    "")), class = "table"), N = 3816L), Tag.Distribution = structure(c(`1` = 96L, 
    `2` = 34L, `3` = 23L, `4` = 37L, `5` = 25L, `6` = 32L, `7` = 20L, 
    `8` = 20L, `9` = 20L, `10` = 19L, `11` = 17L, `12` = 9L, 
    `13` = 12L, `14` = 11L, `15` = 7L, `16` = 7L, `17` = 7L, 
    `18` = 12L, `19` = 4L, `20` = 5L, `21` = 2L, `22` = 9L, `23` = 3L, 
    `24` = 4L, `25` = 6L, `26` = 2L, `27` = 2L, `28` = 1L, `29` = 3L, 
    `34` = 2L, `36` = 1L, `37` = 2L, `39` = 1L, `40` = 1L, `45` = 1L
    ), .Dim = 35L, .Dimnames = list(TagUsage = c("1", "2", "3", 
    "4", "5", "6", "7", "8", "9", "10", "11", "12", "13", "14", 
    "15", "16", "17", "18", "19", "20", "21", "22", "23", "24", 
    "25", "26", "27", "28", "29", "34", "36", "37", "39", "40", 
    "45")), class = "table"), No.Tag = structure(c(0L, 0L, 36L, 
    0L, 0L, 0L, 0L, 0L, 0L, 0L, 0L, 0L, 1L, 0L, 0L), .Dim = c(5L, 
    3L), .Dimnames = structure(list(c("-2", "-1", "0", "1", NA
    ), c("A", "G", NA)), .Names = c("", "")), class = "table"), 
    All.Tags = list(Concordant = list(Freqs = structure(c(0, 
    0, 411, 0, 0, 0, 4, 0), .Dim = c(4L, 2L), .Dimnames = list(
        c("-2", "-1", "0", "1"), c("A", "G"))), N = 415), Majority = list(
        Freqs = structure(c(0, 0, 446, 0, 0, 0, 4, 0), .Dim = c(4L, 
        2L), .Dimnames = list(c("-2", "-1", "0", "1"), c("A", 
        "G"))), N = 450)), `2` = structure(c(0, 0, 360, 0, 0, 
    0, 0, 0), .Dim = c(4L, 2L), .Dimnames = list(c("-2", "-1", 
    "0", "1"), c("A", "G"))))))
