Results <-
list(`bwa.out//20220204//BlindCMMRD96_S55.sam` = list(GM17_SNP1 = list(
    All = list(Freqs = structure(c(0L, 0L, 1L, 0L, 0L, 1L, 42L, 
    2029L, 3L, 2L, 0L, 19L, 1829L, 4L, 0L, 0L, 2L, 31L, 1L, 0L
    ), .Dim = 5:4, .Dimnames = structure(list(c("-2", "-1", "0", 
    "1", NA), c("A", "C", "T", NA)), .Names = c("", "")), class = "table"), 
        N = 3964L), Tag.Distribution = structure(c(`1` = 140L, 
    `2` = 66L, `3` = 49L, `4` = 48L, `5` = 37L, `6` = 33L, `7` = 37L, 
    `8` = 37L, `9` = 18L, `10` = 21L, `11` = 14L, `12` = 12L, 
    `13` = 13L, `14` = 11L, `15` = 7L, `16` = 13L, `17` = 7L, 
    `18` = 14L, `19` = 4L, `20` = 6L, `21` = 2L, `22` = 2L, `23` = 2L, 
    `25` = 2L, `26` = 1L, `27` = 2L, `28` = 1L, `29` = 1L, `30` = 2L, 
    `34` = 1L, `37` = 1L, `38` = 1L), .Dim = 32L, .Dimnames = list(
        TagUsage = c("1", "2", "3", "4", "5", "6", "7", "8", 
        "9", "10", "11", "12", "13", "14", "15", "16", "17", 
        "18", "19", "20", "21", "22", "23", "25", "26", "27", 
        "28", "29", "30", "34", "37", "38")), class = "table"), 
    No.Tag = structure(c(0L, 0L, 0L, 0L, 0L, 0L, 0L, 33L, 0L, 
    0L, 0L, 0L, 16L, 0L, 0L, 0L, 1L, 4L, 0L, 0L), .Dim = 5:4, .Dimnames = structure(list(
        c("-2", "-1", "0", "1", NA), c("A", "C", "T", NA)), .Names = c("", 
    "")), class = "table"), All.Tags = list(Concordant = list(
        Freqs = structure(c(0, 0, 0, 0, 0, 4, 261, 0, 0, 0, 258, 
        1), .Dim = 4:3, .Dimnames = list(c("-2", "-1", "0", "1"
        ), c("A", "C", "T"))), N = 524), Majority = list(Freqs = structure(c(0, 
    0, 0, 0, 0, 4, 302, 0, 0, 0, 290, 1), .Dim = 4:3, .Dimnames = list(
        c("-2", "-1", "0", "1"), c("A", "C", "T"))), N = 597)), 
    `2` = structure(c(0, 0, 0, 0, 0, 2, 242, 0, 0, 0, 218, 0), .Dim = 4:3, .Dimnames = list(
        c("-2", "-1", "0", "1"), c("A", "C", "T"))))))
