Results <-
list(`bwa.out//20220204//BlindCMMRD135_S61.sam` = list(GM07_SNP1 = list(
    All = list(Freqs = structure(c(4L, 102L, 2506L, 64L, 2L, 
    22L, 0L, 0L, 1L, 0L, 0L, 1L, 0L, 0L, 1L, 0L, 0L, 0L, 0L, 
    1L, 6L, 0L, 0L, 0L), .Dim = c(6L, 4L), .Dimnames = structure(list(
        c("-2", "-1", "0", "1", "2", NA), c("A", "G", "T", NA
        )), .Names = c("", "")), class = "table"), N = 2710L), 
    Tag.Distribution = structure(c(`1` = 103L, `2` = 89L, `3` = 72L, 
    `4` = 61L, `5` = 56L, `6` = 31L, `7` = 42L, `8` = 16L, `9` = 19L, 
    `10` = 14L, `11` = 14L, `12` = 11L, `13` = 8L, `14` = 3L, 
    `15` = 5L, `16` = 4L, `17` = 1L, `18` = 1L, `19` = 2L, `20` = 1L
    ), .Dim = 20L, .Dimnames = list(TagUsage = c("1", "2", "3", 
    "4", "5", "6", "7", "8", "9", "10", "11", "12", "13", "14", 
    "15", "16", "17", "18", "19", "20")), class = "table"), No.Tag = structure(c(0L, 
    4L, 98L, 0L, 0L, 3L, 0L, 0L, 0L, 0L, 0L, 1L, 0L, 0L, 0L, 
    0L, 0L, 0L, 0L, 0L, 0L, 0L, 0L, 0L), .Dim = c(6L, 4L), .Dimnames = structure(list(
        c("-2", "-1", "0", "1", "2", NA), c("A", "G", "T", NA
        )), .Names = c("", "")), class = "table"), All.Tags = list(
        Concordant = list(Freqs = structure(c(0, 4, 422, 3, 0, 
        0, 0, 1, 0, 0, 0, 0, 0, 0, 0), .Dim = c(5L, 3L), .Dimnames = list(
            c("-2", "-1", "0", "1", "2"), c("A", "G", "T"))), 
            N = 430), Majority = list(Freqs = structure(c(0, 
        5, 531, 3, 0, 0, 0, 1, 0, 0, 0, 0, 0, 0, 0), .Dim = c(5L, 
        3L), .Dimnames = list(c("-2", "-1", "0", "1", "2"), c("A", 
        "G", "T"))), N = 540)), `2` = structure(c(0, 4, 433, 
    1, 0, 0, 0, 0, 0, 0, 0, 0, 0, 0, 0), .Dim = c(5L, 3L), .Dimnames = list(
        c("-2", "-1", "0", "1", "2"), c("A", "G", "T"))))))
