Results <-
list(`bwa.out//20220204//BlindCMMRD77_S36.sam` = list(GM29_SNP1 = list(
    All = list(Freqs = structure(c(2L, 30L, 3019L, 12L, 3L, 0L, 
    0L, 3L, 0L, 0L, 0L, 0L, 21L, 2L, 0L), .Dim = c(5L, 3L), .Dimnames = structure(list(
        c("-2", "-1", "0", "1", NA), c("A", "G", NA)), .Names = c("", 
    "")), class = "table"), N = 3092L), Tag.Distribution = structure(c(`1` = 103L, 
    `2` = 50L, `3` = 48L, `4` = 36L, `5` = 34L, `6` = 24L, `7` = 30L, 
    `8` = 25L, `9` = 21L, `10` = 17L, `11` = 10L, `12` = 11L, 
    `13` = 10L, `14` = 7L, `15` = 10L, `16` = 5L, `17` = 6L, 
    `18` = 2L, `19` = 4L, `20` = 4L, `21` = 4L, `23` = 4L, `24` = 3L, 
    `26` = 3L, `27` = 1L, `28` = 1L, `30` = 2L, `35` = 1L), .Dim = 28L, .Dimnames = list(
        TagUsage = c("1", "2", "3", "4", "5", "6", "7", "8", 
        "9", "10", "11", "12", "13", "14", "15", "16", "17", 
        "18", "19", "20", "21", "23", "24", "26", "27", "28", 
        "30", "35")), class = "table"), No.Tag = structure(c(0L, 
    1L, 44L, 1L, 0L, 0L, 0L, 1L, 0L, 0L, 0L, 0L, 1L, 0L, 0L), .Dim = c(5L, 
    3L), .Dimnames = structure(list(c("-2", "-1", "0", "1", NA
    ), c("A", "G", NA)), .Names = c("", "")), class = "table"), 
    All.Tags = list(Concordant = list(Freqs = structure(c(0, 
    1, 436, 1, 0, 0, 2, 0), .Dim = c(4L, 2L), .Dimnames = list(
        c("-2", "-1", "0", "1"), c("A", "G"))), N = 440), Majority = list(
        Freqs = structure(c(0, 1, 468, 1, 0, 0, 2, 0), .Dim = c(4L, 
        2L), .Dimnames = list(c("-2", "-1", "0", "1"), c("A", 
        "G"))), N = 472)), `2` = structure(c(0, 0, 371, 0, 0, 
    0, 0, 0), .Dim = c(4L, 2L), .Dimnames = list(c("-2", "-1", 
    "0", "1"), c("A", "G"))))))
