Results <-
list(`bwa.out//20220204//BlindCMMRD88_S47.sam` = list(GM29_SNP1 = list(
    All = list(Freqs = structure(c(0L, 20L, 2019L, 5L, 3L, 1L, 
    32L, 2433L, 9L, 7L, 0L, 1L, 38L, 0L, 0L), .Dim = c(5L, 3L
    ), .Dimnames = structure(list(c("-2", "-1", "0", "1", NA), 
        c("A", "G", NA)), .Names = c("", "")), class = "table"), 
        N = 4568L), Tag.Distribution = structure(c(`1` = 85L, 
    `2` = 45L, `3` = 47L, `4` = 35L, `5` = 33L, `6` = 25L, `7` = 16L, 
    `8` = 25L, `9` = 19L, `10` = 15L, `11` = 13L, `12` = 9L, 
    `13` = 9L, `14` = 11L, `15` = 12L, `16` = 11L, `17` = 8L, 
    `18` = 4L, `19` = 5L, `20` = 13L, `21` = 8L, `22` = 9L, `23` = 3L, 
    `24` = 4L, `26` = 4L, `27` = 2L, `28` = 1L, `29` = 2L, `30` = 2L, 
    `31` = 1L, `32` = 3L, `33` = 1L, `34` = 1L, `35` = 1L, `37` = 3L, 
    `38` = 3L, `42` = 3L, `43` = 2L, `46` = 1L, `47` = 1L), .Dim = 40L, .Dimnames = list(
        TagUsage = c("1", "2", "3", "4", "5", "6", "7", "8", 
        "9", "10", "11", "12", "13", "14", "15", "16", "17", 
        "18", "19", "20", "21", "22", "23", "24", "26", "27", 
        "28", "29", "30", "31", "32", "33", "34", "35", "37", 
        "38", "42", "43", "46", "47")), class = "table"), No.Tag = structure(c(0L, 
    0L, 56L, 0L, 1L, 0L, 2L, 67L, 0L, 1L, 0L, 0L, 2L, 0L, 0L), .Dim = c(5L, 
    3L), .Dimnames = structure(list(c("-2", "-1", "0", "1", NA
    ), c("A", "G", NA)), .Names = c("", "")), class = "table"), 
    All.Tags = list(Concordant = list(Freqs = structure(c(0, 
    3, 172, 0, 0, 2, 225, 0), .Dim = c(4L, 2L), .Dimnames = list(
        c("-2", "-1", "0", "1"), c("A", "G"))), N = 402), Majority = list(
        Freqs = structure(c(0, 3, 218, 0, 0, 2, 267, 0), .Dim = c(4L, 
        2L), .Dimnames = list(c("-2", "-1", "0", "1"), c("A", 
        "G"))), N = 490)), `2` = structure(c(0, 0, 189, 0, 0, 
    1, 218, 0), .Dim = c(4L, 2L), .Dimnames = list(c("-2", "-1", 
    "0", "1"), c("A", "G"))))))
