Results <-
list(`bwa.out//20220204//BlindCMMRD88_S47.sam` = list(GM09_SNP1 = list(
    All = list(Freqs = structure(c(17L, 3415L, 5L, 1L, 19L, 3133L, 
    3L, 0L, 0L, 40L, 0L, 0L), .Dim = 4:3, .Dimnames = structure(list(
        c("-1", "0", "1", NA), c("A", "G", NA)), .Names = c("", 
    "")), class = "table"), N = 6633L), Tag.Distribution = structure(c(`1` = 136L, 
    `2` = 67L, `3` = 52L, `4` = 50L, `5` = 45L, `6` = 37L, `7` = 35L, 
    `8` = 32L, `9` = 27L, `10` = 20L, `11` = 29L, `12` = 16L, 
    `13` = 15L, `14` = 10L, `15` = 10L, `16` = 12L, `17` = 13L, 
    `18` = 11L, `19` = 7L, `20` = 12L, `21` = 8L, `22` = 4L, 
    `23` = 6L, `24` = 4L, `25` = 7L, `26` = 5L, `27` = 3L, `28` = 5L, 
    `29` = 2L, `30` = 2L, `31` = 3L, `32` = 6L, `33` = 3L, `35` = 1L, 
    `36` = 3L, `37` = 3L, `38` = 1L, `39` = 5L, `40` = 1L, `42` = 2L, 
    `43` = 1L, `44` = 3L, `49` = 1L, `54` = 2L, `55` = 1L), .Dim = 45L, .Dimnames = list(
        TagUsage = c("1", "2", "3", "4", "5", "6", "7", "8", 
        "9", "10", "11", "12", "13", "14", "15", "16", "17", 
        "18", "19", "20", "21", "22", "23", "24", "25", "26", 
        "27", "28", "29", "30", "31", "32", "33", "35", "36", 
        "37", "38", "39", "40", "42", "43", "44", "49", "54", 
        "55")), class = "table"), No.Tag = structure(c(1L, 81L, 
    0L, 0L, 2L, 34L, 0L, 0L, 0L, 2L, 0L, 0L), .Dim = 4:3, .Dimnames = structure(list(
        c("-1", "0", "1", NA), c("A", "G", NA)), .Names = c("", 
    "")), class = "table"), All.Tags = list(Concordant = list(
        Freqs = structure(c(0, 313, 0, 0, 308, 0), .Dim = 3:2, .Dimnames = list(
            c("-1", "0", "1"), c("A", "G"))), N = 621), Majority = list(
        Freqs = structure(c(0, 360, 0, 0, 350, 0), .Dim = 3:2, .Dimnames = list(
            c("-1", "0", "1"), c("A", "G"))), N = 710)), `2` = structure(c(0, 
    300, 0, 0, 277, 0), .Dim = 3:2, .Dimnames = list(c("-1", 
    "0", "1"), c("A", "G"))))))
