Results <-
list(`bwa.out//20220204//BlindCMMRD110_S36.sam` = list(GM22_SNP1 = list(
    All = list(Freqs = structure(c(41L, 3142L, 18L, 4L, 35L, 
    2569L, 5L, 6L, 1L, 50L, 2L, 0L), .Dim = 4:3, .Dimnames = structure(list(
        c("-1", "0", "1", NA), c("A", "G", NA)), .Names = c("", 
    "")), class = "table"), N = 5873L), Tag.Distribution = structure(c(`1` = 166L, 
    `2` = 109L, `3` = 125L, `4` = 90L, `5` = 108L, `6` = 97L, 
    `7` = 75L, `8` = 53L, `9` = 53L, `10` = 39L, `11` = 22L, 
    `12` = 27L, `13` = 17L, `14` = 11L, `15` = 13L, `16` = 3L, 
    `17` = 3L, `18` = 8L, `19` = 5L, `20` = 2L, `21` = 3L, `22` = 1L, 
    `23` = 1L, `24` = 1L, `28` = 2L), .Dim = 25L, .Dimnames = list(
        TagUsage = c("1", "2", "3", "4", "5", "6", "7", "8", 
        "9", "10", "11", "12", "13", "14", "15", "16", "17", 
        "18", "19", "20", "21", "22", "23", "24", "28")), class = "table"), 
    No.Tag = structure(c(1L, 90L, 0L, 0L, 1L, 18L, 0L, 0L, 0L, 
    4L, 0L, 0L), .Dim = 4:3, .Dimnames = structure(list(c("-1", 
    "0", "1", NA), c("A", "G", NA)), .Names = c("", "")), class = "table"), 
    All.Tags = list(Concordant = list(Freqs = structure(c(1, 
    462, 0, 1, 407, 0), .Dim = 3:2, .Dimnames = list(c("-1", 
    "0", "1"), c("A", "G"))), N = 871), Majority = list(Freqs = structure(c(2, 
    543, 0, 1, 471, 0), .Dim = 3:2, .Dimnames = list(c("-1", 
    "0", "1"), c("A", "G"))), N = 1017)), `2` = structure(c(1, 
    454, 0, 1, 400, 0), .Dim = 3:2, .Dimnames = list(c("-1", 
    "0", "1"), c("A", "G"))))))
