Results <-
list(`bwa.out//20220204//BlindCMMRD84_S43.sam` = list(GM22_SNP1 = list(
    All = list(Freqs = structure(c(109L, 5552L, 19L, 13L, 0L, 
    3L, 0L, 0L, 1L, 60L, 1L, 0L), .Dim = 4:3, .Dimnames = structure(list(
        c("-1", "0", "1", NA), c("A", "G", NA)), .Names = c("", 
    "")), class = "table"), N = 5758L), Tag.Distribution = structure(c(`1` = 143L, 
    `2` = 60L, `3` = 46L, `4` = 36L, `5` = 45L, `6` = 30L, `7` = 30L, 
    `8` = 20L, `9` = 22L, `10` = 17L, `11` = 20L, `12` = 22L, 
    `13` = 18L, `14` = 8L, `15` = 15L, `16` = 8L, `17` = 7L, 
    `18` = 8L, `19` = 8L, `20` = 5L, `21` = 6L, `22` = 3L, `23` = 3L, 
    `24` = 10L, `25` = 4L, `26` = 8L, `27` = 11L, `28` = 7L, 
    `29` = 7L, `30` = 2L, `31` = 1L, `32` = 1L, `33` = 3L, `34` = 3L, 
    `35` = 2L, `36` = 1L, `37` = 1L, `44` = 2L, `45` = 1L, `49` = 1L, 
    `51` = 1L), .Dim = 41L, .Dimnames = list(TagUsage = c("1", 
    "2", "3", "4", "5", "6", "7", "8", "9", "10", "11", "12", 
    "13", "14", "15", "16", "17", "18", "19", "20", "21", "22", 
    "23", "24", "25", "26", "27", "28", "29", "30", "31", "32", 
    "33", "34", "35", "36", "37", "44", "45", "49", "51")), class = "table"), 
    No.Tag = structure(c(43L, 117L, 2L, 2L, 0L, 0L, 0L, 0L, 0L, 
    2L, 1L, 0L), .Dim = 4:3, .Dimnames = structure(list(c("-1", 
    "0", "1", NA), c("A", "G", NA)), .Names = c("", "")), class = "table"), 
    All.Tags = list(Concordant = list(Freqs = structure(c(1, 
    566, 1, 0, 3, 0), .Dim = 3:2, .Dimnames = list(c("-1", "0", 
    "1"), c("A", "G"))), N = 571), Majority = list(Freqs = structure(c(1, 
    637, 1, 0, 3, 0), .Dim = 3:2, .Dimnames = list(c("-1", "0", 
    "1"), c("A", "G"))), N = 642)), `2` = structure(c(0, 502, 
    0, 0, 0, 0), .Dim = 3:2, .Dimnames = list(c("-1", "0", "1"
    ), c("A", "G"))))))
