Results <-
list(`bwa.out//20220204//BlindCMMRD74_S33.sam` = list(GM09_SNP1 = list(
    All = list(Freqs = structure(c(10L, 2380L, 3L, 2L, 15L, 2743L, 
    2L, 2L, 0L, 28L, 0L, 0L), .Dim = 4:3, .Dimnames = structure(list(
        c("-1", "0", "1", NA), c("A", "G", NA)), .Names = c("", 
    "")), class = "table"), N = 5185L), Tag.Distribution = structure(c(`1` = 130L, 
    `2` = 75L, `3` = 51L, `4` = 44L, `5` = 46L, `6` = 54L, `7` = 37L, 
    `8` = 29L, `9` = 32L, `10` = 22L, `11` = 16L, `12` = 19L, 
    `13` = 11L, `14` = 12L, `15` = 9L, `16` = 13L, `17` = 7L, 
    `18` = 9L, `19` = 5L, `20` = 8L, `21` = 8L, `22` = 8L, `23` = 7L, 
    `24` = 1L, `25` = 6L, `26` = 7L, `27` = 1L, `28` = 2L, `29` = 2L, 
    `30` = 6L, `37` = 2L, `42` = 1L, `43` = 1L), .Dim = 33L, .Dimnames = list(
        TagUsage = c("1", "2", "3", "4", "5", "6", "7", "8", 
        "9", "10", "11", "12", "13", "14", "15", "16", "17", 
        "18", "19", "20", "21", "22", "23", "24", "25", "26", 
        "27", "28", "29", "30", "37", "42", "43")), class = "table"), 
    No.Tag = structure(c(0L, 41L, 0L, 0L, 0L, 45L, 0L, 1L, 0L, 
    1L, 0L, 0L), .Dim = 4:3, .Dimnames = structure(list(c("-1", 
    "0", "1", NA), c("A", "G", NA)), .Names = c("", "")), class = "table"), 
    All.Tags = list(Concordant = list(Freqs = structure(c(0, 
    293, 0, 0, 307, 0), .Dim = 3:2, .Dimnames = list(c("-1", 
    "0", "1"), c("A", "G"))), N = 600), Majority = list(Freqs = structure(c(0, 
    331, 0, 0, 341, 0), .Dim = 3:2, .Dimnames = list(c("-1", 
    "0", "1"), c("A", "G"))), N = 672)), `2` = structure(c(0, 
    271, 0, 0, 276, 0), .Dim = 3:2, .Dimnames = list(c("-1", 
    "0", "1"), c("A", "G"))))))
