Results <-
list(`bwa.out//20220204//Control11_S4.sam` = list(GM11_SNP1 = list(
    All = list(Freqs = structure(c(1L, 5L, 1826L, 5L, 1L, 7L, 
    1751L, 9L, 0L, 0L, 30L, 0L), .Dim = 4:3, .Dimnames = structure(list(
        c("-2", "-1", "0", "1"), c("A", "G", NA)), .Names = c("", 
    "")), class = "table"), N = 3635L), Tag.Distribution = structure(c(`1` = 123L, 
    `2` = 71L, `3` = 46L, `4` = 57L, `5` = 34L, `6` = 41L, `7` = 33L, 
    `8` = 17L, `9` = 20L, `10` = 19L, `11` = 14L, `12` = 16L, 
    `13` = 13L, `14` = 10L, `15` = 12L, `16` = 9L, `17` = 6L, 
    `18` = 5L, `19` = 5L, `20` = 4L, `21` = 3L, `22` = 2L, `23` = 4L, 
    `24` = 4L, `26` = 1L, `27` = 1L, `29` = 1L, `30` = 1L, `34` = 1L
    ), .Dim = 29L, .Dimnames = list(TagUsage = c("1", "2", "3", 
    "4", "5", "6", "7", "8", "9", "10", "11", "12", "13", "14", 
    "15", "16", "17", "18", "19", "20", "21", "22", "23", "24", 
    "26", "27", "29", "30", "34")), class = "table"), No.Tag = structure(c(0L, 
    0L, 26L, 0L, 0L, 0L, 0L, 35L, 0L, 0L, 0L, 0L, 3L, 0L, 0L), .Dim = c(5L, 
    3L), .Dimnames = structure(list(c("-2", "-1", "0", "1", NA
    ), c("A", "G", NA)), .Names = c("", "")), class = "table"), 
    All.Tags = list(Concordant = list(Freqs = structure(c(0, 
    0, 244, 1, 0, 0, 254, 1), .Dim = c(4L, 2L), .Dimnames = list(
        c("-2", "-1", "0", "1"), c("A", "G"))), N = 500), Majority = list(
        Freqs = structure(c(0, 0, 274, 1, 0, 0, 292, 1), .Dim = c(4L, 
        2L), .Dimnames = list(c("-2", "-1", "0", "1"), c("A", 
        "G"))), N = 568)), `2` = structure(c(0, 0, 218, 0, 0, 
    0, 230, 0), .Dim = c(4L, 2L), .Dimnames = list(c("-2", "-1", 
    "0", "1"), c("A", "G"))))))
