Results <-
list(`bwa.out//20220204//BlindCMMRD80_S39.sam` = list(LR10_SNP1 = list(
    All = list(Freqs = structure(c(0L, 2L, 0L, 0L, 43L, 4713L, 
    12L, 4L, 0L, 50L, 0L, 0L), .Dim = 4:3, .Dimnames = structure(list(
        c("-1", "0", "1", NA), c("C", "T", NA)), .Names = c("", 
    "")), class = "table"), N = 4824L), Tag.Distribution = structure(c(`1` = 100L, 
    `2` = 58L, `3` = 56L, `4` = 54L, `5` = 66L, `6` = 25L, `7` = 44L, 
    `8` = 31L, `9` = 25L, `10` = 32L, `11` = 22L, `12` = 13L, 
    `13` = 10L, `14` = 11L, `15` = 12L, `16` = 16L, `17` = 5L, 
    `18` = 8L, `19` = 9L, `20` = 5L, `21` = 4L, `22` = 8L, `23` = 8L, 
    `24` = 4L, `25` = 5L, `26` = 3L, `27` = 2L, `28` = 1L, `29` = 1L, 
    `33` = 1L, `35` = 1L), .Dim = 31L, .Dimnames = list(TagUsage = c("1", 
    "2", "3", "4", "5", "6", "7", "8", "9", "10", "11", "12", 
    "13", "14", "15", "16", "17", "18", "19", "20", "21", "22", 
    "23", "24", "25", "26", "27", "28", "29", "33", "35")), class = "table"), 
    No.Tag = structure(c(0L, 1L, 0L, 0L, 0L, 98L, 0L, 0L, 0L, 
    4L, 0L, 0L), .Dim = 4:3, .Dimnames = structure(list(c("-1", 
    "0", "1", NA), c("C", "T", NA)), .Names = c("", "")), class = "table"), 
    All.Tags = list(Concordant = list(Freqs = structure(c(0, 
    0, 0, 1, 585, 0), .Dim = 3:2, .Dimnames = list(c("-1", "0", 
    "1"), c("C", "T"))), N = 586), Majority = list(Freqs = structure(c(0, 
    0, 0, 1, 633, 0), .Dim = 3:2, .Dimnames = list(c("-1", "0", 
    "1"), c("C", "T"))), N = 634)), `2` = structure(c(0, 0, 0, 
    0, 538, 0), .Dim = 3:2, .Dimnames = list(c("-1", "0", "1"
    ), c("C", "T"))))))
