Results <-
list(`bwa.out//20220204//BlindCMMRD122_S48.sam` = list(GM14_SNP1 = list(
    All = list(Freqs = structure(c(3L, 128L, 3991L, 28L, 8L, 
    0L, 0L, 3L, 0L, 0L, 0L, 0L, 25L, 0L, 0L), .Dim = c(5L, 3L
    ), .Dimnames = structure(list(c("-2", "-1", "0", "1", NA), 
        c("C", "T", NA)), .Names = c("", "")), class = "table"), 
        N = 4186L), Tag.Distribution = structure(c(`1` = 152L, 
    `2` = 96L, `3` = 87L, `4` = 87L, `5` = 52L, `6` = 46L, `7` = 31L, 
    `8` = 43L, `9` = 26L, `10` = 25L, `11` = 19L, `12` = 11L, 
    `13` = 10L, `14` = 11L, `15` = 6L, `16` = 9L, `17` = 7L, 
    `18` = 6L, `19` = 5L, `20` = 7L, `21` = 5L, `22` = 2L, `24` = 1L, 
    `25` = 1L, `26` = 1L, `29` = 1L), .Dim = 26L, .Dimnames = list(
        TagUsage = c("1", "2", "3", "4", "5", "6", "7", "8", 
        "9", "10", "11", "12", "13", "14", "15", "16", "17", 
        "18", "19", "20", "21", "22", "24", "25", "26", "29")), class = "table"), 
    No.Tag = structure(c(0L, 2L, 72L, 1L, 0L, 0L, 0L, 0L, 0L, 
    0L, 0L, 0L, 3L, 0L, 0L), .Dim = c(5L, 3L), .Dimnames = structure(list(
        c("-2", "-1", "0", "1", NA), c("C", "T", NA)), .Names = c("", 
    "")), class = "table"), All.Tags = list(Concordant = list(
        Freqs = structure(c(0, 1, 618, 0, 0, 0, 2, 0), .Dim = c(4L, 
        2L), .Dimnames = list(c("-2", "-1", "0", "1"), c("C", 
        "T"))), N = 621), Majority = list(Freqs = structure(c(0, 
    3, 732, 1, 0, 0, 2, 0), .Dim = c(4L, 2L), .Dimnames = list(
        c("-2", "-1", "0", "1"), c("C", "T"))), N = 738)), `2` = structure(c(0, 
    2, 586, 1, 0, 0, 0, 0), .Dim = c(4L, 2L), .Dimnames = list(
        c("-2", "-1", "0", "1"), c("C", "T"))))))
