Results <-
list(`bwa.out//20220204//BlindCMMRD71_S30.sam` = list(LR11_SNP1 = list(
    All = list(Freqs = structure(c(0L, 0L, 0L, 1L, 0L, 0L, 0L, 
    0L, 0L, 0L, 7L, 0L, 0L, 0L, 1L, 2L, 126L, 5400L, 36L, 1L, 
    16L, 0L, 0L, 0L, 2L, 0L, 0L, 0L, 0L, 0L, 12L, 173L, 3L, 0L, 
    0L), .Dim = c(7L, 5L), .Dimnames = structure(list(c("-4", 
    "-2", "-1", "0", "1", "2", NA), c("-", "A", "C", "T", NA)), .Names = c("", 
    "")), class = "table"), N = 5780L), Tag.Distribution = structure(c(`1` = 109L, 
    `2` = 23L, `3` = 22L, `4` = 12L, `5` = 19L, `6` = 10L, `7` = 15L, 
    `8` = 24L, `9` = 11L, `10` = 16L, `11` = 9L, `12` = 12L, 
    `13` = 5L, `14` = 16L, `15` = 5L, `16` = 8L, `17` = 8L, `18` = 9L, 
    `19` = 8L, `20` = 6L, `21` = 4L, `22` = 9L, `23` = 6L, `24` = 5L, 
    `25` = 6L, `26` = 10L, `27` = 2L, `28` = 7L, `29` = 8L, `30` = 8L, 
    `31` = 3L, `32` = 6L, `33` = 4L, `34` = 7L, `35` = 1L, `36` = 2L, 
    `38` = 2L, `40` = 2L, `42` = 4L, `44` = 2L, `45` = 2L, `46` = 2L, 
    `47` = 1L, `48` = 1L, `50` = 1L, `55` = 2L, `59` = 2L, `60` = 1L
    ), .Dim = 48L, .Dimnames = list(TagUsage = c("1", "2", "3", 
    "4", "5", "6", "7", "8", "9", "10", "11", "12", "13", "14", 
    "15", "16", "17", "18", "19", "20", "21", "22", "23", "24", 
    "25", "26", "27", "28", "29", "30", "31", "32", "33", "34", 
    "35", "36", "38", "40", "42", "44", "45", "46", "47", "48", 
    "50", "55", "59", "60")), class = "table"), No.Tag = structure(c(0L, 
    0L, 0L, 0L, 0L, 0L, 0L, 0L, 0L, 0L, 0L, 0L, 0L, 0L, 0L, 0L, 
    1L, 30L, 0L, 0L, 0L, 0L, 0L, 0L, 0L, 0L, 0L, 0L, 0L, 0L, 
    0L, 2L, 1L, 0L, 0L), .Dim = c(7L, 5L), .Dimnames = structure(list(
        c("-4", "-2", "-1", "0", "1", "2", NA), c("-", "A", "C", 
        "T", NA)), .Names = c("", "")), class = "table"), All.Tags = list(
        Concordant = list(Freqs = structure(c(0, 0, 0, 0, 0, 
        0, 0, 0, 0, 6, 0, 0, 0, 0, 1, 328, 1, 0, 0, 0, 0, 0, 
        0, 0), .Dim = c(6L, 4L), .Dimnames = list(c("-4", "-2", 
        "-1", "0", "1", "2"), c("-", "A", "C", "T"))), N = 336), 
        Majority = list(Freqs = structure(c(0, 0, 0, 0, 0, 0, 
        0, 0, 0, 6, 0, 0, 0, 0, 2, 436, 1, 0, 0, 0, 0, 0, 0, 
        0), .Dim = c(6L, 4L), .Dimnames = list(c("-4", "-2", 
        "-1", "0", "1", "2"), c("-", "A", "C", "T"))), N = 445)), 
    `2` = structure(c(0, 0, 0, 0, 0, 0, 0, 0, 0, 0, 0, 0, 0, 
    0, 1, 347, 0, 0, 0, 0, 0, 0, 0, 0), .Dim = c(6L, 4L), .Dimnames = list(
        c("-4", "-2", "-1", "0", "1", "2"), c("-", "A", "C", 
        "T"))))))
