Results <-
list(`bwa.out//20220204//BlindCMMRD128_S54.sam` = list(LR44_SNP1 = list(
    All = list(Freqs = structure(c(0L, 2L, 6L, 0L, 0L, 0L, 18L, 
    513L, 5080L, 86L, 1L, 46L, 0L, 2L, 61L, 2L, 0L, 0L), .Dim = c(6L, 
    3L), .Dimnames = structure(list(c("-2", "-1", "0", "1", "2", 
    NA), c("C", "T", NA)), .Names = c("", "")), class = "table"), 
        N = 5817L), Tag.Distribution = structure(c(`1` = 529L, 
    `2` = 389L, `3` = 287L, `4` = 197L, `5` = 153L, `6` = 96L, 
    `7` = 59L, `8` = 32L, `9` = 15L, `10` = 20L, `11` = 14L, 
    `12` = 7L, `13` = 6L, `14` = 2L, `16` = 2L, `17` = 2L, `18` = 1L
    ), .Dim = 17L, .Dimnames = list(TagUsage = c("1", "2", "3", 
    "4", "5", "6", "7", "8", "9", "10", "11", "12", "13", "14", 
    "16", "17", "18")), class = "table"), No.Tag = structure(c(0L, 
    0L, 1L, 0L, 0L, 0L, 0L, 4L, 79L, 3L, 0L, 0L, 0L, 0L, 1L, 
    0L, 0L, 0L), .Dim = c(6L, 3L), .Dimnames = structure(list(
        c("-2", "-1", "0", "1", "2", NA), c("C", "T", NA)), .Names = c("", 
    "")), class = "table"), All.Tags = list(Concordant = list(
        Freqs = structure(c(0, 0, 0, 0, 0, 1, 61, 1353, 11, 0
        ), .Dim = c(5L, 2L), .Dimnames = list(c("-2", "-1", "0", 
        "1", "2"), c("C", "T"))), N = 1426), Majority = list(
        Freqs = structure(c(0, 0, 0, 0, 0, 1, 83, 1630, 11, 0
        ), .Dim = c(5L, 2L), .Dimnames = list(c("-2", "-1", "0", 
        "1", "2"), c("C", "T"))), N = 1725)), `2` = structure(c(0, 
    0, 0, 0, 0, 0, 31, 1177, 2, 0), .Dim = c(5L, 2L), .Dimnames = list(
        c("-2", "-1", "0", "1", "2"), c("C", "T"))))))
