Results <-
list(`bwa.out//20220204//BlindCMMRD121_S47.sam` = list(GM01_SNP1 = list(
    All = list(Freqs = structure(c(1L, 94L, 7303L, 32L, 30L, 
    0L, 0L, 2L, 0L, 0L, 0L, 0L, 1L, 0L, 0L, 0L, 2L, 40L, 0L, 
    0L), .Dim = 5:4, .Dimnames = structure(list(c("-2", "-1", 
    "0", "1", NA), c("A", "G", "T", NA)), .Names = c("", "")), class = "table"), 
        N = 7505L), Tag.Distribution = structure(c(`1` = 279L, 
    `2` = 256L, `3` = 211L, `4` = 174L, `5` = 133L, `6` = 115L, 
    `7` = 87L, `8` = 56L, `9` = 48L, `10` = 36L, `11` = 27L, 
    `12` = 22L, `13` = 18L, `14` = 21L, `15` = 12L, `16` = 10L, 
    `17` = 9L, `18` = 6L, `19` = 5L, `20` = 1L, `21` = 2L, `22` = 1L, 
    `23` = 1L, `25` = 2L, `31` = 1L, `38` = 1L, `54` = 1L), .Dim = 27L, .Dimnames = list(
        TagUsage = c("1", "2", "3", "4", "5", "6", "7", "8", 
        "9", "10", "11", "12", "13", "14", "15", "16", "17", 
        "18", "19", "20", "21", "22", "23", "25", "31", "38", 
        "54")), class = "table"), No.Tag = structure(c(0L, 1L, 
    111L, 0L, 1L, 0L, 0L, 0L, 0L, 0L, 0L, 0L, 0L, 0L, 0L, 0L, 
    0L, 3L, 0L, 0L), .Dim = 5:4, .Dimnames = structure(list(c("-2", 
    "-1", "0", "1", NA), c("A", "G", "T", NA)), .Names = c("", 
    "")), class = "table"), All.Tags = list(Concordant = list(
        Freqs = structure(c(0, 5, 1411, 2, 0, 0, 1, 0, 0, 0, 
        0, 0), .Dim = 4:3, .Dimnames = list(c("-2", "-1", "0", 
        "1"), c("A", "G", "T"))), N = 1419), Majority = list(
        Freqs = structure(c(0, 5, 1506, 2, 0, 0, 1, 0, 0, 0, 
        0, 0), .Dim = 4:3, .Dimnames = list(c("-2", "-1", "0", 
        "1"), c("A", "G", "T"))), N = 1514)), `2` = structure(c(0, 
    0, 1242, 1, 0, 0, 0, 0, 0, 0, 0, 0), .Dim = 4:3, .Dimnames = list(
        c("-2", "-1", "0", "1"), c("A", "G", "T"))))))
