Results <-
list(`bwa.out//20220204//Control20_S13.sam` = list(LR20_SNP1 = list(
    All = list(Freqs = structure(c(7L, 3692L, 5L, 2L, 0L, 1L, 
    0L, 0L, 0L, 26L, 0L, 0L), .Dim = 4:3, .Dimnames = structure(list(
        c("-1", "0", "1", NA), c("A", "G", NA)), .Names = c("", 
    "")), class = "table"), N = 3733L), Tag.Distribution = structure(c(`1` = 131L, 
    `2` = 54L, `3` = 38L, `4` = 47L, `5` = 39L, `6` = 28L, `7` = 34L, 
    `8` = 25L, `9` = 25L, `10` = 24L, `11` = 13L, `12` = 8L, 
    `13` = 8L, `14` = 13L, `15` = 10L, `16` = 7L, `17` = 4L, 
    `18` = 8L, `19` = 8L, `20` = 5L, `21` = 4L, `22` = 1L, `23` = 2L, 
    `24` = 3L, `25` = 3L, `26` = 3L, `27` = 2L, `30` = 1L, `31` = 1L, 
    `33` = 1L, `36` = 1L), .Dim = 31L, .Dimnames = list(TagUsage = c("1", 
    "2", "3", "4", "5", "6", "7", "8", "9", "10", "11", "12", 
    "13", "14", "15", "16", "17", "18", "19", "20", "21", "22", 
    "23", "24", "25", "26", "27", "30", "31", "33", "36")), class = "table"), 
    No.Tag = structure(c(0L, 109L, 0L, 1L, 0L, 0L, 0L, 0L, 0L, 
    4L, 0L, 0L), .Dim = 4:3, .Dimnames = structure(list(c("-1", 
    "0", "1", NA), c("A", "G", NA)), .Names = c("", "")), class = "table"), 
    All.Tags = list(Concordant = list(Freqs = structure(c(0, 
    537, 1, 0, 1, 0), .Dim = 3:2, .Dimnames = list(c("-1", "0", 
    "1"), c("A", "G"))), N = 539), Majority = list(Freqs = structure(c(0, 
    547, 1, 0, 1, 0), .Dim = 3:2, .Dimnames = list(c("-1", "0", 
    "1"), c("A", "G"))), N = 549)), `2` = structure(c(0, 420, 
    0, 0, 0, 0), .Dim = 3:2, .Dimnames = list(c("-1", "0", "1"
    ), c("A", "G"))))))
