Results <-
list(`bwa.out//20220204//BlindCMMRD47_S7.sam` = list(LR20_SNP1 = list(
    All = list(Freqs = structure(c(1L, 2089L, 4L, 0L, 0L, 1566L, 
    3L, 2L, 0L, 12L, 0L, 0L), .Dim = 4:3, .Dimnames = structure(list(
        c("-1", "0", "1", NA), c("A", "G", NA)), .Names = c("", 
    "")), class = "table"), N = 3677L), Tag.Distribution = structure(c(`1` = 103L, 
    `2` = 26L, `3` = 32L, `4` = 20L, `5` = 18L, `6` = 21L, `7` = 8L, 
    `8` = 13L, `9` = 21L, `10` = 15L, `11` = 12L, `12` = 7L, 
    `13` = 6L, `14` = 6L, `15` = 11L, `16` = 6L, `17` = 10L, 
    `18` = 8L, `19` = 4L, `20` = 5L, `21` = 3L, `22` = 3L, `23` = 5L, 
    `24` = 2L, `25` = 1L, `26` = 2L, `27` = 2L, `28` = 1L, `29` = 1L, 
    `30` = 3L, `31` = 2L, `32` = 1L, `33` = 3L, `34` = 1L, `35` = 2L, 
    `36` = 2L, `37` = 1L, `39` = 2L, `42` = 1L, `44` = 1L, `45` = 1L, 
    `46` = 1L, `47` = 1L, `51` = 1L, `55` = 1L, `63` = 1L), .Dim = 46L, .Dimnames = list(
        TagUsage = c("1", "2", "3", "4", "5", "6", "7", "8", 
        "9", "10", "11", "12", "13", "14", "15", "16", "17", 
        "18", "19", "20", "21", "22", "23", "24", "25", "26", 
        "27", "28", "29", "30", "31", "32", "33", "34", "35", 
        "36", "37", "39", "42", "44", "45", "46", "47", "51", 
        "55", "63")), class = "table"), No.Tag = structure(c(0L, 
    30L, 0L, 0L, 0L, 24L, 0L, 0L, 0L, 1L, 0L, 0L), .Dim = 4:3, .Dimnames = structure(list(
        c("-1", "0", "1", NA), c("A", "G", NA)), .Names = c("", 
    "")), class = "table"), All.Tags = list(Concordant = list(
        Freqs = structure(c(0, 195, 0, 0, 175, 0), .Dim = 3:2, .Dimnames = list(
            c("-1", "0", "1"), c("A", "G"))), N = 370), Majority = list(
        Freqs = structure(c(0, 209, 0, 0, 182, 0), .Dim = 3:2, .Dimnames = list(
            c("-1", "0", "1"), c("A", "G"))), N = 391)), `2` = structure(c(0, 
    164, 0, 0, 129, 0), .Dim = 3:2, .Dimnames = list(c("-1", 
    "0", "1"), c("A", "G"))))))
