Results <-
list(`bwa.out//20220204//BlindCMMRD58_S17.sam` = list(GM22_SNP1 = list(
    All = list(Freqs = structure(c(1L, 61L, 3475L, 28L, 8L, 0L, 
    45L, 2943L, 20L, 2L, 0L, 5L, 96L, 2L, 0L), .Dim = c(5L, 3L
    ), .Dimnames = structure(list(c("-2", "-1", "0", "1", NA), 
        c("A", "G", NA)), .Names = c("", "")), class = "table"), 
        N = 6686L), Tag.Distribution = structure(c(`1` = 138L, 
    `2` = 24L, `3` = 18L, `4` = 19L, `5` = 13L, `6` = 10L, `7` = 10L, 
    `8` = 11L, `9` = 12L, `10` = 10L, `11` = 7L, `12` = 13L, 
    `13` = 11L, `14` = 8L, `15` = 9L, `16` = 8L, `17` = 8L, `18` = 4L, 
    `19` = 7L, `20` = 3L, `21` = 4L, `22` = 5L, `23` = 6L, `24` = 2L, 
    `25` = 5L, `26` = 2L, `27` = 2L, `28` = 6L, `29` = 3L, `30` = 5L, 
    `31` = 3L, `32` = 3L, `33` = 2L, `34` = 3L, `35` = 5L, `37` = 7L, 
    `38` = 3L, `39` = 3L, `40` = 2L, `41` = 3L, `42` = 3L, `43` = 3L, 
    `44` = 2L, `45` = 1L, `48` = 2L, `49` = 2L, `51` = 2L, `52` = 1L, 
    `53` = 2L, `54` = 2L, `56` = 1L, `57` = 1L, `58` = 1L, `59` = 3L, 
    `60` = 2L, `62` = 1L, `64` = 1L, `65` = 2L, `67` = 1L, `68` = 1L, 
    `70` = 1L, `71` = 1L, `72` = 1L, `75` = 1L, `76` = 1L, `82` = 1L, 
    `85` = 1L), .Dim = 67L, .Dimnames = list(TagUsage = c("1", 
    "2", "3", "4", "5", "6", "7", "8", "9", "10", "11", "12", 
    "13", "14", "15", "16", "17", "18", "19", "20", "21", "22", 
    "23", "24", "25", "26", "27", "28", "29", "30", "31", "32", 
    "33", "34", "35", "37", "38", "39", "40", "41", "42", "43", 
    "44", "45", "48", "49", "51", "52", "53", "54", "56", "57", 
    "58", "59", "60", "62", "64", "65", "67", "68", "70", "71", 
    "72", "75", "76", "82", "85")), class = "table"), No.Tag = structure(c(0L, 
    0L, 57L, 0L, 1L, 0L, 0L, 86L, 0L, 0L, 0L, 0L, 2L, 0L, 0L), .Dim = c(5L, 
    3L), .Dimnames = structure(list(c("-2", "-1", "0", "1", NA
    ), c("A", "G", NA)), .Names = c("", "")), class = "table"), 
    All.Tags = list(Concordant = list(Freqs = structure(c(0, 
    1, 193, 0, 0, 1, 146, 0), .Dim = c(4L, 2L), .Dimnames = list(
        c("-2", "-1", "0", "1"), c("A", "G"))), N = 341), Majority = list(
        Freqs = structure(c(0, 2, 237, 1, 0, 1, 197, 0), .Dim = c(4L, 
        2L), .Dimnames = list(c("-2", "-1", "0", "1"), c("A", 
        "G"))), N = 438)), `2` = structure(c(0, 1, 166, 1, 0, 
    0, 150, 0), .Dim = c(4L, 2L), .Dimnames = list(c("-2", "-1", 
    "0", "1"), c("A", "G"))))))
