Results <-
list(`bwa.out//20220204//16D2889_S4.sam` = list(GM17_SNP1 = list(
    All = list(Freqs = structure(c(51L, 3771L, 14L, 6L, 0L, 2L, 
    0L, 0L, 1L, 13L, 0L, 0L), .Dim = 4:3, .Dimnames = structure(list(
        c("-1", "0", "1", NA), c("C", "T", NA)), .Names = c("", 
    "")), class = "table"), N = 3858L), Tag.Distribution = structure(c(`1` = 189L, 
    `2` = 110L, `3` = 79L, `4` = 74L, `5` = 68L, `6` = 40L, `7` = 41L, 
    `8` = 30L, `9` = 23L, `10` = 18L, `11` = 20L, `12` = 16L, 
    `13` = 7L, `14` = 8L, `15` = 1L, `16` = 3L, `17` = 10L, `18` = 5L, 
    `19` = 2L, `20` = 3L, `21` = 2L, `22` = 2L, `23` = 3L, `25` = 2L, 
    `27` = 1L, `28` = 1L, `56` = 1L), .Dim = 27L, .Dimnames = list(
        TagUsage = c("1", "2", "3", "4", "5", "6", "7", "8", 
        "9", "10", "11", "12", "13", "14", "15", "16", "17", 
        "18", "19", "20", "21", "22", "23", "25", "27", "28", 
        "56")), class = "table"), No.Tag = structure(c(2L, 65L, 
    1L, 1L, 0L, 0L, 0L, 0L, 0L, 1L, 0L, 0L), .Dim = 4:3, .Dimnames = structure(list(
        c("-1", "0", "1", NA), c("C", "T", NA)), .Names = c("", 
    "")), class = "table"), All.Tags = list(Concordant = list(
        Freqs = structure(c(5, 699, 1, 0, 1, 0), .Dim = 3:2, .Dimnames = list(
            c("-1", "0", "1"), c("C", "T"))), N = 706), Majority = list(
        Freqs = structure(c(6, 747, 1, 0, 1, 0), .Dim = 3:2, .Dimnames = list(
            c("-1", "0", "1"), c("C", "T"))), N = 755)), `2` = structure(c(1, 
    567, 0, 0, 0, 0), .Dim = 3:2, .Dimnames = list(c("-1", "0", 
    "1"), c("C", "T"))))))
