Results <-
list(`bwa.out//20220204//17D1098_S3.sam` = list(LR17_SNP1 = list(
    All = list(Freqs = structure(c(6L, 128L, 2354L, 34L, 1L, 
    15L, 0L, 0L, 1L, 0L, 0L, 0L, 0L, 3L, 172L, 3L, 0L, 0L), .Dim = c(6L, 
    3L), .Dimnames = structure(list(c("-2", "-1", "0", "1", "2", 
    NA), c("A", "C", NA)), .Names = c("", "")), class = "table"), 
        N = 2717L), Tag.Distribution = structure(c(`1` = 116L, 
    `2` = 63L, `3` = 58L, `4` = 57L, `5` = 40L, `6` = 27L, `7` = 34L, 
    `8` = 26L, `9` = 18L, `10` = 18L, `11` = 19L, `12` = 7L, 
    `13` = 5L, `14` = 5L, `15` = 5L, `16` = 5L, `17` = 7L, `18` = 2L, 
    `19` = 1L, `20` = 2L, `22` = 1L, `25` = 1L), .Dim = 22L, .Dimnames = list(
        TagUsage = c("1", "2", "3", "4", "5", "6", "7", "8", 
        "9", "10", "11", "12", "13", "14", "15", "16", "17", 
        "18", "19", "20", "22", "25")), class = "table"), No.Tag = structure(c(0L, 
    8L, 63L, 1L, 0L, 1L, 0L, 0L, 0L, 0L, 0L, 0L, 0L, 0L, 6L, 
    0L, 0L, 0L), .Dim = c(6L, 3L), .Dimnames = structure(list(
        c("-2", "-1", "0", "1", "2", NA), c("A", "C", NA)), .Names = c("", 
    "")), class = "table"), All.Tags = list(Concordant = list(
        Freqs = structure(c(0, 12, 403, 1, 0, 0, 0, 0, 0, 0), .Dim = c(5L, 
        2L), .Dimnames = list(c("-2", "-1", "0", "1", "2"), c("A", 
        "C"))), N = 416), Majority = list(Freqs = structure(c(0, 
    17, 480, 1, 0, 0, 0, 0, 0, 0), .Dim = c(5L, 2L), .Dimnames = list(
        c("-2", "-1", "0", "1", "2"), c("A", "C"))), N = 498)), 
    `2` = structure(c(0, 8, 386, 0, 0, 0, 0, 0, 0, 0), .Dim = c(5L, 
    2L), .Dimnames = list(c("-2", "-1", "0", "1", "2"), c("A", 
    "C"))))))
