Results <-
list(`bwa.out//20220204//BlindCMMRD46_S6.sam` = list(LR40_SNP1 = list(
    All = list(Freqs = structure(c(0L, 2L, 0L, 0L, 64L, 4363L, 
    7L, 9L, 0L, 27L, 0L, 0L), .Dim = 4:3, .Dimnames = structure(list(
        c("-1", "0", "1", NA), c("A", "C", NA)), .Names = c("", 
    "")), class = "table"), N = 4472L), Tag.Distribution = structure(c(`1` = 58L, 
    `2` = 34L, `3` = 19L, `4` = 28L, `5` = 13L, `6` = 16L, `7` = 21L, 
    `8` = 8L, `9` = 21L, `10` = 16L, `11` = 19L, `12` = 6L, `13` = 10L, 
    `14` = 7L, `15` = 10L, `16` = 5L, `17` = 3L, `18` = 9L, `19` = 6L, 
    `20` = 2L, `21` = 5L, `22` = 5L, `23` = 1L, `24` = 5L, `26` = 5L, 
    `27` = 5L, `28` = 4L, `29` = 3L, `30` = 3L, `31` = 5L, `32` = 4L, 
    `33` = 3L, `34` = 3L, `35` = 3L, `36` = 1L, `37` = 2L, `38` = 3L, 
    `39` = 1L, `40` = 1L, `41` = 1L, `42` = 1L, `46` = 2L, `48` = 2L, 
    `49` = 1L, `73` = 1L), .Dim = 45L, .Dimnames = list(TagUsage = c("1", 
    "2", "3", "4", "5", "6", "7", "8", "9", "10", "11", "12", 
    "13", "14", "15", "16", "17", "18", "19", "20", "21", "22", 
    "23", "24", "26", "27", "28", "29", "30", "31", "32", "33", 
    "34", "35", "36", "37", "38", "39", "40", "41", "42", "46", 
    "48", "49", "73")), class = "table"), No.Tag = structure(c(0L, 
    0L, 0L, 0L, 1L, 143L, 0L, 2L, 0L, 7L, 0L, 0L), .Dim = 4:3, .Dimnames = structure(list(
        c("-1", "0", "1", NA), c("A", "C", NA)), .Names = c("", 
    "")), class = "table"), All.Tags = list(Concordant = list(
        Freqs = structure(c(0, 0, 0, 2, 332, 0), .Dim = 3:2, .Dimnames = list(
            c("-1", "0", "1"), c("A", "C"))), N = 334), Majority = list(
        Freqs = structure(c(0, 0, 0, 2, 376, 0), .Dim = 3:2, .Dimnames = list(
            c("-1", "0", "1"), c("A", "C"))), N = 378)), `2` = structure(c(0, 
    0, 0, 1, 322, 0), .Dim = 3:2, .Dimnames = list(c("-1", "0", 
    "1"), c("A", "C"))))))
