Results <-
list(`bwa.out//20220204//BlindCMMRD116_S42.sam` = list(LR44_SNP1 = list(
    All = list(Freqs = structure(c(0L, 0L, 0L, 0L, 0L, 1L, 48L, 
    456L, 4050L, 59L, 3L, 21L, 0L, 0L, 3L, 0L, 0L, 0L, 0L, 4L, 
    38L, 0L, 0L, 0L), .Dim = c(6L, 4L), .Dimnames = structure(list(
        c("-2", "-1", "0", "1", "2", NA), c("A", "C", "T", NA
        )), .Names = c("", "")), class = "table"), N = 4683L), 
    Tag.Distribution = structure(c(`1` = 115L, `2` = 95L, `3` = 93L, 
    `4` = 93L, `5` = 90L, `6` = 74L, `7` = 57L, `8` = 52L, `9` = 40L, 
    `10` = 33L, `11` = 25L, `12` = 16L, `13` = 16L, `14` = 6L, 
    `15` = 7L, `16` = 6L, `17` = 4L, `18` = 5L, `19` = 1L, `20` = 1L, 
    `21` = 2L, `22` = 1L, `23` = 1L), .Dim = 23L, .Dimnames = list(
        TagUsage = c("1", "2", "3", "4", "5", "6", "7", "8", 
        "9", "10", "11", "12", "13", "14", "15", "16", "17", 
        "18", "19", "20", "21", "22", "23")), class = "table"), 
    No.Tag = structure(c(0L, 0L, 0L, 0L, 0L, 0L, 1L, 6L, 68L, 
    4L, 0L, 3L, 0L, 0L, 0L, 0L, 0L, 0L, 0L, 0L, 2L, 0L, 0L, 0L
    ), .Dim = c(6L, 4L), .Dimnames = structure(list(c("-2", "-1", 
    "0", "1", "2", NA), c("A", "C", "T", NA)), .Names = c("", 
    "")), class = "table"), All.Tags = list(Concordant = list(
        Freqs = structure(c(0, 0, 0, 0, 0, 1, 31, 533, 1, 0, 
        0, 0, 1, 0, 0), .Dim = c(5L, 3L), .Dimnames = list(c("-2", 
        "-1", "0", "1", "2"), c("A", "C", "T"))), N = 567), Majority = list(
        Freqs = structure(c(0, 0, 0, 0, 0, 2, 48, 761, 2, 0, 
        0, 0, 1, 0, 0), .Dim = c(5L, 3L), .Dimnames = list(c("-2", 
        "-1", "0", "1", "2"), c("A", "C", "T"))), N = 814)), 
    `2` = structure(c(0, 0, 0, 0, 0, 2, 40, 659, 2, 0, 0, 0, 
    0, 0, 0), .Dim = c(5L, 3L), .Dimnames = list(c("-2", "-1", 
    "0", "1", "2"), c("A", "C", "T"))))))
