Results <-
list(`bwa.out//20220204//Control15_S8.sam` = list(GM17_SNP1 = list(
    All = list(Freqs = structure(c(27L, 2870L, 4L, 6L, 2L, 38L, 
    0L, 0L, 1L, 6L, 1L, 0L), .Dim = 4:3, .Dimnames = structure(list(
        c("-1", "0", "1", NA), c("C", "T", NA)), .Names = c("", 
    "")), class = "table"), N = 2955L), Tag.Distribution = structure(c(`1` = 85L, 
    `2` = 35L, `3` = 32L, `4` = 26L, `5` = 21L, `6` = 17L, `7` = 9L, 
    `8` = 17L, `9` = 14L, `10` = 12L, `11` = 9L, `12` = 5L, `13` = 8L, 
    `14` = 12L, `15` = 11L, `16` = 4L, `17` = 7L, `18` = 7L, 
    `19` = 6L, `20` = 2L, `21` = 6L, `22` = 4L, `23` = 3L, `24` = 1L, 
    `25` = 2L, `26` = 2L, `27` = 1L, `28` = 5L, `29` = 2L, `30` = 2L, 
    `31` = 1L, `35` = 1L, `36` = 1L, `37` = 1L), .Dim = 34L, .Dimnames = list(
        TagUsage = c("1", "2", "3", "4", "5", "6", "7", "8", 
        "9", "10", "11", "12", "13", "14", "15", "16", "17", 
        "18", "19", "20", "21", "22", "23", "24", "25", "26", 
        "27", "28", "29", "30", "31", "35", "36", "37")), class = "table"), 
    No.Tag = structure(c(1L, 50L, 0L, 1L, 1L, 0L, 0L, 0L, 1L, 
    2L, 0L, 0L), .Dim = 4:3, .Dimnames = structure(list(c("-1", 
    "0", "1", NA), c("C", "T", NA)), .Names = c("", "")), class = "table"), 
    All.Tags = list(Concordant = list(Freqs = structure(c(0, 
    341, 0, 0, 1, 0), .Dim = 3:2, .Dimnames = list(c("-1", "0", 
    "1"), c("C", "T"))), N = 342), Majority = list(Freqs = structure(c(0, 
    367, 0, 0, 2, 0), .Dim = 3:2, .Dimnames = list(c("-1", "0", 
    "1"), c("C", "T"))), N = 369)), `2` = structure(c(0, 284, 
    0, 0, 1, 0), .Dim = 3:2, .Dimnames = list(c("-1", "0", "1"
    ), c("C", "T"))))))
