Results <-
list(`bwa.out//20220204//MLPA99_S13.sam` = list(LR10_SNP1 = list(
    All = list(Freqs = structure(c(100L, 4257L, 31L, 1L, 9L, 
    0L, 14L, 0L, 0L, 0L, 2L, 33L, 0L, 0L, 0L), .Dim = c(5L, 3L
    ), .Dimnames = structure(list(c("-1", "0", "1", "2", NA), 
        c("C", "T", NA)), .Names = c("", "")), class = "table"), 
        N = 4447L), Tag.Distribution = structure(c(`1` = 95L, 
    `2` = 25L, `3` = 13L, `4` = 13L, `5` = 15L, `6` = 17L, `7` = 21L, 
    `8` = 14L, `9` = 17L, `10` = 21L, `11` = 15L, `12` = 8L, 
    `13` = 9L, `14` = 5L, `15` = 9L, `16` = 9L, `17` = 7L, `18` = 10L, 
    `19` = 11L, `20` = 3L, `21` = 11L, `22` = 2L, `23` = 3L, 
    `24` = 5L, `25` = 5L, `26` = 2L, `28` = 1L, `29` = 2L, `30` = 4L, 
    `31` = 2L, `32` = 1L, `33` = 1L, `34` = 2L, `35` = 3L, `37` = 3L, 
    `38` = 2L, `40` = 1L, `41` = 1L, `42` = 2L, `45` = 1L, `46` = 2L, 
    `49` = 2L, `54` = 1L, `57` = 1L, `58` = 1L, `61` = 1L), .Dim = 46L, .Dimnames = list(
        TagUsage = c("1", "2", "3", "4", "5", "6", "7", "8", 
        "9", "10", "11", "12", "13", "14", "15", "16", "17", 
        "18", "19", "20", "21", "22", "23", "24", "25", "26", 
        "28", "29", "30", "31", "32", "33", "34", "35", "37", 
        "38", "40", "41", "42", "45", "46", "49", "54", "57", 
        "58", "61")), class = "table"), No.Tag = structure(c(2L, 
    142L, 0L, 0L, 0L, 0L, 2L, 0L, 0L, 0L, 0L, 7L, 0L, 0L, 0L), .Dim = c(5L, 
    3L), .Dimnames = structure(list(c("-1", "0", "1", "2", NA
    ), c("C", "T", NA)), .Names = c("", "")), class = "table"), 
    All.Tags = list(Concordant = list(Freqs = structure(c(0, 
    294, 0, 0, 0, 3, 0, 0), .Dim = c(4L, 2L), .Dimnames = list(
        c("-1", "0", "1", "2"), c("C", "T"))), N = 297), Majority = list(
        Freqs = structure(c(0, 390, 0, 0, 0, 3, 0, 0), .Dim = c(4L, 
        2L), .Dimnames = list(c("-1", "0", "1", "2"), c("C", 
        "T"))), N = 393)), `2` = structure(c(0, 302, 0, 0, 0, 
    0, 0, 0), .Dim = c(4L, 2L), .Dimnames = list(c("-1", "0", 
    "1", "2"), c("C", "T"))))))
