Results <-
list(`bwa.out//20220204//17D0989_S8.sam` = list(GM09_SNP1 = list(
    All = list(Freqs = structure(c(30L, 6098L, 15L, 2L, 0L, 3L, 
    0L, 0L, 0L, 24L, 0L, 0L), .Dim = 4:3, .Dimnames = structure(list(
        c("-1", "0", "1", NA), c("A", "G", NA)), .Names = c("", 
    "")), class = "table"), N = 6172L), Tag.Distribution = structure(c(`1` = 175L, 
    `2` = 112L, `3` = 71L, `4` = 63L, `5` = 48L, `6` = 53L, `7` = 36L, 
    `8` = 23L, `9` = 29L, `10` = 24L, `11` = 19L, `12` = 17L, 
    `13` = 19L, `14` = 18L, `15` = 8L, `16` = 9L, `17` = 16L, 
    `18` = 6L, `19` = 12L, `20` = 6L, `21` = 5L, `22` = 9L, `23` = 5L, 
    `24` = 5L, `25` = 4L, `26` = 5L, `27` = 3L, `28` = 3L, `29` = 1L, 
    `30` = 5L, `31` = 2L, `33` = 1L, `34` = 2L, `35` = 1L, `37` = 1L, 
    `38` = 2L, `39` = 2L, `43` = 1L, `46` = 1L, `48` = 1L, `54` = 2L
    ), .Dim = 41L, .Dimnames = list(TagUsage = c("1", "2", "3", 
    "4", "5", "6", "7", "8", "9", "10", "11", "12", "13", "14", 
    "15", "16", "17", "18", "19", "20", "21", "22", "23", "24", 
    "25", "26", "27", "28", "29", "30", "31", "33", "34", "35", 
    "37", "38", "39", "43", "46", "48", "54")), class = "table"), 
    No.Tag = structure(c(0L, 161L, 1L, 0L, 0L, 0L, 0L, 0L, 0L, 
    1L, 0L, 0L), .Dim = 4:3, .Dimnames = structure(list(c("-1", 
    "0", "1", NA), c("A", "G", NA)), .Names = c("", "")), class = "table"), 
    All.Tags = list(Concordant = list(Freqs = structure(c(1, 
    780, 0, 0, 3, 0), .Dim = 3:2, .Dimnames = list(c("-1", "0", 
    "1"), c("A", "G"))), N = 784), Majority = list(Freqs = structure(c(1, 
    816, 0, 0, 3, 0), .Dim = 3:2, .Dimnames = list(c("-1", "0", 
    "1"), c("A", "G"))), N = 820)), `2` = structure(c(0, 649, 
    0, 0, 0, 0), .Dim = 3:2, .Dimnames = list(c("-1", "0", "1"
    ), c("A", "G"))))))
