Results <-
list(`bwa.out//20220204//BlindCMMRD129_S55.sam` = list(GM14_SNP1 = list(
    All = list(Freqs = structure(c(0L, 0L, 1L, 0L, 0L, 0L, 2L, 
    54L, 1678L, 8L, 0L, 5L, 1L, 36L, 1740L, 8L, 1L, 2L, 0L, 0L, 
    25L, 0L, 0L, 0L), .Dim = c(6L, 4L), .Dimnames = structure(list(
        c("-2", "-1", "0", "1", "2", NA), c("A", "C", "T", NA
        )), .Names = c("", "")), class = "table"), N = 3561L), 
    Tag.Distribution = structure(c(`1` = 173L, `2` = 130L, `3` = 121L, 
    `4` = 98L, `5` = 96L, `6` = 55L, `7` = 56L, `8` = 25L, `9` = 28L, 
    `10` = 27L, `11` = 11L, `12` = 7L, `13` = 2L, `14` = 4L, 
    `15` = 4L, `16` = 1L, `20` = 1L), .Dim = 17L, .Dimnames = list(
        TagUsage = c("1", "2", "3", "4", "5", "6", "7", "8", 
        "9", "10", "11", "12", "13", "14", "15", "16", "20")), class = "table"), 
    No.Tag = structure(c(0L, 0L, 0L, 0L, 0L, 0L, 0L, 0L, 28L, 
    0L, 0L, 0L, 0L, 1L, 31L, 0L, 1L, 0L, 0L, 0L, 5L, 0L, 0L, 
    0L), .Dim = c(6L, 4L), .Dimnames = structure(list(c("-2", 
    "-1", "0", "1", "2", NA), c("A", "C", "T", NA)), .Names = c("", 
    "")), class = "table"), All.Tags = list(Concordant = list(
        Freqs = structure(c(0, 0, 0, 0, 0, 1, 3, 344, 0, 0, 0, 
        1, 354, 0, 0), .Dim = c(5L, 3L), .Dimnames = list(c("-2", 
        "-1", "0", "1", "2"), c("A", "C", "T"))), N = 703), Majority = list(
        Freqs = structure(c(0, 0, 0, 0, 0, 1, 3, 400, 0, 0, 0, 
        1, 414, 0, 0), .Dim = c(5L, 3L), .Dimnames = list(c("-2", 
        "-1", "0", "1", "2"), c("A", "C", "T"))), N = 819)), 
    `2` = structure(c(0, 0, 0, 0, 0, 0, 1, 322, 0, 0, 0, 0, 327, 
    0, 0), .Dim = c(5L, 3L), .Dimnames = list(c("-2", "-1", "0", 
    "1", "2"), c("A", "C", "T"))))))
