Results <-
list(`bwa.out//20220204//BlindCMMRD96_S55.sam` = list(LR49_SNP1 = list(
    All = list(Freqs = structure(c(1L, 1664L, 1L, 1L, 1L, 1359L, 
    0L, 2L, 0L, 13L, 0L, 0L), .Dim = 4:3, .Dimnames = structure(list(
        c("-1", "0", "1", NA), c("A", "G", NA)), .Names = c("", 
    "")), class = "table"), N = 3042L), Tag.Distribution = structure(c(`1` = 129L, 
    `2` = 82L, `3` = 45L, `4` = 60L, `5` = 38L, `6` = 44L, `7` = 32L, 
    `8` = 30L, `9` = 20L, `10` = 13L, `11` = 19L, `12` = 6L, 
    `13` = 8L, `14` = 5L, `15` = 5L, `16` = 4L, `17` = 5L, `18` = 6L, 
    `19` = 3L, `20` = 4L, `22` = 1L, `23` = 1L, `24` = 2L, `25` = 2L
    ), .Dim = 24L, .Dimnames = list(TagUsage = c("1", "2", "3", 
    "4", "5", "6", "7", "8", "9", "10", "11", "12", "13", "14", 
    "15", "16", "17", "18", "19", "20", "22", "23", "24", "25"
    )), class = "table"), No.Tag = structure(c(0L, 36L, 0L, 1L, 
    0L, 39L, 0L, 0L, 0L, 3L, 0L, 0L), .Dim = 4:3, .Dimnames = structure(list(
        c("-1", "0", "1", NA), c("A", "G", NA)), .Names = c("", 
    "")), class = "table"), All.Tags = list(Concordant = list(
        Freqs = structure(c(0, 279, 1, 0, 237, 0), .Dim = 3:2, .Dimnames = list(
            c("-1", "0", "1"), c("A", "G"))), N = 517), Majority = list(
        Freqs = structure(c(0, 299, 1, 0, 253, 0), .Dim = 3:2, .Dimnames = list(
            c("-1", "0", "1"), c("A", "G"))), N = 553)), `2` = structure(c(0, 
    240, 0, 0, 188, 0), .Dim = 3:2, .Dimnames = list(c("-1", 
    "0", "1"), c("A", "G"))))))
