Results <-
list(`bwa.out//20220204//BlindCMMRD84_S43.sam` = list(GM29_SNP1 = list(
    All = list(Freqs = structure(c(1L, 33L, 2535L, 7L, 3L, 1L, 
    32L, 1896L, 7L, 6L, 0L, 0L, 34L, 0L, 0L), .Dim = c(5L, 3L
    ), .Dimnames = structure(list(c("-2", "-1", "0", "1", NA), 
        c("A", "G", NA)), .Names = c("", "")), class = "table"), 
        N = 4555L), Tag.Distribution = structure(c(`1` = 103L, 
    `2` = 37L, `3` = 44L, `4` = 37L, `5` = 35L, `6` = 23L, `7` = 21L, 
    `8` = 28L, `9` = 19L, `10` = 17L, `11` = 13L, `12` = 10L, 
    `13` = 8L, `14` = 13L, `15` = 10L, `16` = 11L, `17` = 17L, 
    `18` = 10L, `19` = 5L, `20` = 4L, `21` = 3L, `22` = 3L, `23` = 3L, 
    `24` = 1L, `25` = 2L, `26` = 1L, `27` = 3L, `28` = 3L, `29` = 4L, 
    `30` = 4L, `31` = 2L, `32` = 1L, `33` = 3L, `34` = 1L, `35` = 1L, 
    `37` = 2L, `38` = 1L, `39` = 2L, `45` = 1L, `48` = 2L, `57` = 1L, 
    `70` = 1L), .Dim = 42L, .Dimnames = list(TagUsage = c("1", 
    "2", "3", "4", "5", "6", "7", "8", "9", "10", "11", "12", 
    "13", "14", "15", "16", "17", "18", "19", "20", "21", "22", 
    "23", "24", "25", "26", "27", "28", "29", "30", "31", "32", 
    "33", "34", "35", "37", "38", "39", "45", "48", "57", "70"
    )), class = "table"), No.Tag = structure(c(0L, 2L, 99L, 0L, 
    0L, 0L, 0L, 32L, 0L, 0L, 0L, 0L, 2L, 0L, 0L), .Dim = c(5L, 
    3L), .Dimnames = structure(list(c("-2", "-1", "0", "1", NA
    ), c("A", "G", NA)), .Names = c("", "")), class = "table"), 
    All.Tags = list(Concordant = list(Freqs = structure(c(0, 
    0, 222, 0, 0, 0, 186, 0), .Dim = c(4L, 2L), .Dimnames = list(
        c("-2", "-1", "0", "1"), c("A", "G"))), N = 408), Majority = list(
        Freqs = structure(c(0, 0, 273, 0, 0, 0, 230, 0), .Dim = c(4L, 
        2L), .Dimnames = list(c("-2", "-1", "0", "1"), c("A", 
        "G"))), N = 503)), `2` = structure(c(0, 0, 219, 0, 0, 
    0, 183, 0), .Dim = c(4L, 2L), .Dimnames = list(c("-2", "-1", 
    "0", "1"), c("A", "G"))))))
