Results <-
list(`bwa.out//20220204//BlindCMMRD91_S50.sam` = list(GM01_SNP1 = list(
    All = list(Freqs = structure(c(2L, 68L, 6087L, 41L, 10L, 
    0L, 0L, 12L, 0L, 0L, 0L, 0L, 54L, 0L, 0L), .Dim = c(5L, 3L
    ), .Dimnames = structure(list(c("-2", "-1", "0", "1", NA), 
        c("A", "G", NA)), .Names = c("", "")), class = "table"), 
        N = 6274L), Tag.Distribution = structure(c(`1` = 134L, 
    `2` = 61L, `3` = 49L, `4` = 39L, `5` = 51L, `6` = 42L, `7` = 41L, 
    `8` = 44L, `9` = 28L, `10` = 33L, `11` = 25L, `12` = 21L, 
    `13` = 25L, `14` = 28L, `15` = 32L, `16` = 15L, `17` = 9L, 
    `18` = 14L, `19` = 7L, `20` = 9L, `21` = 5L, `22` = 4L, `23` = 7L, 
    `24` = 6L, `25` = 5L, `26` = 6L, `27` = 3L, `28` = 2L, `29` = 2L, 
    `30` = 2L, `33` = 1L, `34` = 1L, `35` = 1L, `39` = 1L, `40` = 1L
    ), .Dim = 35L, .Dimnames = list(TagUsage = c("1", "2", "3", 
    "4", "5", "6", "7", "8", "9", "10", "11", "12", "13", "14", 
    "15", "16", "17", "18", "19", "20", "21", "22", "23", "24", 
    "25", "26", "27", "28", "29", "30", "33", "34", "35", "39", 
    "40")), class = "table"), No.Tag = structure(c(0L, 0L, 84L, 
    0L, 2L, 0L, 0L, 1L, 0L, 0L, 0L, 0L, 3L, 0L, 0L), .Dim = c(5L, 
    3L), .Dimnames = structure(list(c("-2", "-1", "0", "1", NA
    ), c("A", "G", NA)), .Names = c("", "")), class = "table"), 
    All.Tags = list(Concordant = list(Freqs = structure(c(0, 
    1, 664, 1, 0, 0, 10, 0), .Dim = c(4L, 2L), .Dimnames = list(
        c("-2", "-1", "0", "1"), c("A", "G"))), N = 676), Majority = list(
        Freqs = structure(c(0, 1, 734, 1, 0, 0, 10, 0), .Dim = c(4L, 
        2L), .Dimnames = list(c("-2", "-1", "0", "1"), c("A", 
        "G"))), N = 746)), `2` = structure(c(0, 0, 617, 1, 0, 
    0, 0, 0), .Dim = c(4L, 2L), .Dimnames = list(c("-2", "-1", 
    "0", "1"), c("A", "G"))))))
