Results <-
list(`bwa.out//20220204//Control11_S4.sam` = list(GM01_SNP1 = list(
    All = list(Freqs = structure(c(25L, 2089L, 7L, 2L, 23L, 1841L, 
    5L, 0L, 0L, 39L, 1L, 0L), .Dim = 4:3, .Dimnames = structure(list(
        c("-1", "0", "1", NA), c("A", "G", NA)), .Names = c("", 
    "")), class = "table"), N = 4032L), Tag.Distribution = structure(c(`1` = 151L, 
    `2` = 84L, `3` = 63L, `4` = 43L, `5` = 43L, `6` = 41L, `7` = 31L, 
    `8` = 32L, `9` = 19L, `10` = 17L, `11` = 16L, `12` = 19L, 
    `13` = 13L, `14` = 14L, `15` = 11L, `16` = 8L, `17` = 11L, 
    `18` = 7L, `19` = 3L, `20` = 4L, `21` = 3L, `22` = 3L, `23` = 4L, 
    `24` = 1L, `26` = 2L, `28` = 2L, `29` = 1L, `32` = 1L, `42` = 1L, 
    `45` = 1L), .Dim = 30L, .Dimnames = list(TagUsage = c("1", 
    "2", "3", "4", "5", "6", "7", "8", "9", "10", "11", "12", 
    "13", "14", "15", "16", "17", "18", "19", "20", "21", "22", 
    "23", "24", "26", "28", "29", "32", "42", "45")), class = "table"), 
    No.Tag = structure(c(0L, 25L, 0L, 0L, 1L, 36L, 0L, 0L, 0L, 
    2L, 0L, 0L), .Dim = 4:3, .Dimnames = structure(list(c("-1", 
    "0", "1", NA), c("A", "G", NA)), .Names = c("", "")), class = "table"), 
    All.Tags = list(Concordant = list(Freqs = structure(c(1, 
    283, 0, 0, 260, 0), .Dim = 3:2, .Dimnames = list(c("-1", 
    "0", "1"), c("A", "G"))), N = 544), Majority = list(Freqs = structure(c(1, 
    324, 0, 0, 304, 0), .Dim = 3:2, .Dimnames = list(c("-1", 
    "0", "1"), c("A", "G"))), N = 629)), `2` = structure(c(0, 
    248, 0, 0, 238, 0), .Dim = 3:2, .Dimnames = list(c("-1", 
    "0", "1"), c("A", "G"))))))
