Results <-
list(`bwa.out//20220204//BlindCMMRD55_S14.sam` = list(GM17_SNP1 = list(
    All = list(Freqs = structure(c(43L, 2199L, 6L, 1L, 26L, 2172L, 
    3L, 0L, 2L, 22L, 0L, 0L), .Dim = 4:3, .Dimnames = structure(list(
        c("-1", "0", "1", NA), c("C", "T", NA)), .Names = c("", 
    "")), class = "table"), N = 4474L), Tag.Distribution = structure(c(`1` = 97L, 
    `2` = 44L, `3` = 39L, `4` = 36L, `5` = 37L, `6` = 29L, `7` = 27L, 
    `8` = 26L, `9` = 22L, `10` = 33L, `11` = 13L, `12` = 17L, 
    `13` = 16L, `14` = 10L, `15` = 8L, `16` = 6L, `17` = 9L, 
    `18` = 9L, `19` = 13L, `20` = 8L, `21` = 3L, `22` = 10L, 
    `23` = 5L, `24` = 2L, `25` = 2L, `26` = 1L, `27` = 3L, `28` = 3L, 
    `29` = 1L, `30` = 1L, `31` = 1L, `32` = 2L, `33` = 1L, `34` = 1L, 
    `37` = 1L, `45` = 1L), .Dim = 36L, .Dimnames = list(TagUsage = c("1", 
    "2", "3", "4", "5", "6", "7", "8", "9", "10", "11", "12", 
    "13", "14", "15", "16", "17", "18", "19", "20", "21", "22", 
    "23", "24", "25", "26", "27", "28", "29", "30", "31", "32", 
    "33", "34", "37", "45")), class = "table"), No.Tag = structure(c(0L, 
    44L, 0L, 0L, 0L, 77L, 0L, 0L, 0L, 0L, 0L, 0L), .Dim = 4:3, .Dimnames = structure(list(
        c("-1", "0", "1", NA), c("C", "T", NA)), .Names = c("", 
    "")), class = "table"), All.Tags = list(Concordant = list(
        Freqs = structure(c(2, 216, 0, 0, 234, 0), .Dim = 3:2, .Dimnames = list(
            c("-1", "0", "1"), c("C", "T"))), N = 452), Majority = list(
        Freqs = structure(c(3, 255, 0, 0, 270, 0), .Dim = 3:2, .Dimnames = list(
            c("-1", "0", "1"), c("C", "T"))), N = 528)), `2` = structure(c(1, 
    221, 0, 0, 213, 0), .Dim = 3:2, .Dimnames = list(c("-1", 
    "0", "1"), c("C", "T"))))))
