Results <-
list(`bwa.out//20220204//BlindCMMRD70_S29.sam` = list(GM07_SNP1 = list(
    All = list(Freqs = structure(c(0L, 0L, 0L, 1L, 0L, 0L, 0L, 
    0L, 1L, 3L, 209L, 3628L, 106L, 3L, 1L, 52L, 0L, 0L, 0L, 2L, 
    0L, 0L, 0L, 0L, 0L, 0L, 1L, 45L, 0L, 0L, 0L, 0L), .Dim = c(8L, 
    4L), .Dimnames = structure(list(c("-3", "-2", "-1", "0", 
    "1", "2", "3", NA), c("-", "A", "G", NA)), .Names = c("", 
    "")), class = "table"), N = 4052L), Tag.Distribution = structure(c(`1` = 89L, 
    `2` = 47L, `3` = 38L, `4` = 33L, `5` = 20L, `6` = 27L, `7` = 25L, 
    `8` = 21L, `9` = 15L, `10` = 12L, `11` = 20L, `12` = 14L, 
    `13` = 12L, `14` = 4L, `15` = 6L, `16` = 6L, `17` = 9L, `18` = 4L, 
    `19` = 4L, `20` = 5L, `21` = 3L, `22` = 3L, `23` = 9L, `25` = 2L, 
    `26` = 3L, `27` = 3L, `28` = 7L, `30` = 3L, `32` = 1L, `33` = 2L, 
    `34` = 1L, `35` = 2L, `36` = 2L, `37` = 3L, `45` = 1L, `54` = 1L
    ), .Dim = 36L, .Dimnames = list(TagUsage = c("1", "2", "3", 
    "4", "5", "6", "7", "8", "9", "10", "11", "12", "13", "14", 
    "15", "16", "17", "18", "19", "20", "21", "22", "23", "25", 
    "26", "27", "28", "30", "32", "33", "34", "35", "36", "37", 
    "45", "54")), class = "table"), No.Tag = structure(c(0L, 
    0L, 0L, 0L, 0L, 0L, 0L, 0L, 0L, 0L, 11L, 209L, 10L, 0L, 0L, 
    14L, 0L, 0L, 0L, 1L, 0L, 0L, 0L, 0L, 0L, 0L, 0L, 16L, 0L, 
    0L, 0L, 0L), .Dim = c(8L, 4L), .Dimnames = structure(list(
        c("-3", "-2", "-1", "0", "1", "2", "3", NA), c("-", "A", 
        "G", NA)), .Names = c("", "")), class = "table"), All.Tags = list(
        Concordant = list(Freqs = structure(c(0, 0, 0, 0, 0, 
        0, 0, 0, 0, 1, 298, 1, 0, 0, 0, 0, 0, 1, 0, 0, 0), .Dim = c(7L, 
        3L), .Dimnames = list(c("-3", "-2", "-1", "0", "1", "2", 
        "3"), c("-", "A", "G"))), N = 301), Majority = list(Freqs = structure(c(0, 
        0, 0, 0, 0, 0, 0, 0, 0, 4, 438, 1, 0, 0, 0, 0, 0, 1, 
        0, 0, 0), .Dim = c(7L, 3L), .Dimnames = list(c("-3", 
        "-2", "-1", "0", "1", "2", "3"), c("-", "A", "G"))), 
            N = 444)), `2` = structure(c(0, 0, 0, 0, 0, 0, 0, 
    0, 0, 3, 355, 1, 0, 0, 0, 0, 0, 0, 0, 0, 0), .Dim = c(7L, 
    3L), .Dimnames = list(c("-3", "-2", "-1", "0", "1", "2", 
    "3"), c("-", "A", "G"))))))
