Results <-
list(`bwa.out//20220204//Control18_S11.sam` = list(LR24_SNP1 = list(
    All = list(Freqs = structure(c(1L, 4L, 1475L, 4L, 0L, 2L, 
    0L, 13L, 1379L, 2L, 1L, 0L, 0L, 0L, 16L, 0L, 0L, 0L), .Dim = c(6L, 
    3L), .Dimnames = structure(list(c("-2", "-1", "0", "1", "2", 
    NA), c("A", "G", NA)), .Names = c("", "")), class = "table"), 
        N = 2897L), Tag.Distribution = structure(c(`1` = 182L, 
    `2` = 79L, `3` = 71L, `4` = 55L, `5` = 43L, `6` = 38L, `7` = 38L, 
    `8` = 20L, `9` = 25L, `10` = 17L, `11` = 17L, `12` = 11L, 
    `13` = 7L, `14` = 2L, `15` = 1L, `16` = 3L, `17` = 1L, `18` = 3L, 
    `19` = 3L, `20` = 2L, `25` = 2L, `26` = 1L), .Dim = 22L, .Dimnames = list(
        TagUsage = c("1", "2", "3", "4", "5", "6", "7", "8", 
        "9", "10", "11", "12", "13", "14", "15", "16", "17", 
        "18", "19", "20", "25", "26")), class = "table"), No.Tag = structure(c(0L, 
    0L, 57L, 1L, 0L, 1L, 0L, 0L, 52L, 0L, 0L, 0L, 0L, 0L, 4L, 
    0L, 0L, 0L), .Dim = c(6L, 3L), .Dimnames = structure(list(
        c("-2", "-1", "0", "1", "2", NA), c("A", "G", NA)), .Names = c("", 
    "")), class = "table"), All.Tags = list(Concordant = list(
        Freqs = structure(c(0, 0, 290, 0, 0, 0, 1, 280, 0, 0), .Dim = c(5L, 
        2L), .Dimnames = list(c("-2", "-1", "0", "1", "2"), c("A", 
        "G"))), N = 571), Majority = list(Freqs = structure(c(0, 
    0, 307, 0, 0, 0, 1, 304, 0, 0), .Dim = c(5L, 2L), .Dimnames = list(
        c("-2", "-1", "0", "1", "2"), c("A", "G"))), N = 612)), 
    `2` = structure(c(0, 0, 216, 0, 0, 0, 0, 219, 0, 0), .Dim = c(5L, 
    2L), .Dimnames = list(c("-2", "-1", "0", "1", "2"), c("A", 
    "G"))))))
