Results <-
list(`bwa.out//20220204//17D1520_S5.sam` = list(LR49_SNP1 = list(
    All = list(Freqs = structure(c(0L, 14L, 0L, 0L, 1L, 0L, 25L, 
    4613L, 8L, 0L, 2L, 0L, 0L, 33L, 0L), .Dim = c(3L, 5L), .Dimnames = structure(list(
        c("-1", "0", NA), c("A", "C", "G", "T", NA)), .Names = c("", 
    "")), class = "table"), N = 4696L), Tag.Distribution = structure(c(`1` = 183L, 
    `2` = 89L, `3` = 70L, `4` = 45L, `5` = 64L, `6` = 31L, `7` = 39L, 
    `8` = 23L, `9` = 20L, `10` = 14L, `11` = 14L, `12` = 10L, 
    `13` = 15L, `14` = 14L, `15` = 8L, `16` = 10L, `17` = 3L, 
    `18` = 7L, `19` = 8L, `20` = 4L, `21` = 10L, `22` = 6L, `23` = 3L, 
    `25` = 3L, `26` = 3L, `27` = 2L, `29` = 1L, `30` = 4L, `32` = 1L, 
    `35` = 1L, `36` = 2L, `37` = 3L, `41` = 2L, `46` = 1L, `51` = 1L
    ), .Dim = 35L, .Dimnames = list(TagUsage = c("1", "2", "3", 
    "4", "5", "6", "7", "8", "9", "10", "11", "12", "13", "14", 
    "15", "16", "17", "18", "19", "20", "21", "22", "23", "25", 
    "26", "27", "29", "30", "32", "35", "36", "37", "41", "46", 
    "51")), class = "table"), No.Tag = structure(c(0L, 0L, 0L, 
    0L, 0L, 0L, 1L, 104L, 1L, 0L, 0L, 0L, 0L, 6L, 0L), .Dim = c(3L, 
    5L), .Dimnames = structure(list(c("-1", "0", NA), c("A", 
    "C", "G", "T", NA)), .Names = c("", "")), class = "table"), 
    All.Tags = list(Concordant = list(Freqs = structure(c(0, 
    4, 0, 1, 2, 687, 0, 0), .Dim = c(2L, 4L), .Dimnames = list(
        c("-1", "0"), c("A", "C", "G", "T"))), N = 694), Majority = list(
        Freqs = structure(c(0, 4, 0, 1, 4, 698, 0, 0), .Dim = c(2L, 
        4L), .Dimnames = list(c("-1", "0"), c("A", "C", "G", 
        "T"))), N = 707)), `2` = structure(c(0, 2, 0, 0, 3, 526, 
    0, 0), .Dim = c(2L, 4L), .Dimnames = list(c("-1", "0"), c("A", 
    "C", "G", "T"))))))
