Results <-
list(`bwa.out//20220204//Control13_S6.sam` = list(LR36_SNP1 = list(
    All = list(Freqs = structure(c(0L, 0L, 1L, 0L, 0L, 0L, 1L, 
    3L, 34L, 1644L, 12L, 4L, 0L, 0L, 2L, 54L, 0L, 0L), .Dim = c(6L, 
    3L), .Dimnames = structure(list(c("-3", "-2", "-1", "0", 
    "1", NA), c("A", "T", NA)), .Names = c("", "")), class = "table"), 
        N = 1755L), Tag.Distribution = structure(c(`1` = 63L, 
    `2` = 45L, `3` = 35L, `4` = 20L, `5` = 20L, `6` = 17L, `7` = 17L, 
    `8` = 12L, `9` = 8L, `10` = 10L, `11` = 9L, `12` = 5L, `13` = 5L, 
    `14` = 5L, `15` = 5L, `16` = 3L, `17` = 1L, `18` = 4L, `19` = 1L, 
    `21` = 3L, `24` = 1L, `25` = 2L, `26` = 1L, `27` = 1L), .Dim = 24L, .Dimnames = list(
        TagUsage = c("1", "2", "3", "4", "5", "6", "7", "8", 
        "9", "10", "11", "12", "13", "14", "15", "16", "17", 
        "18", "19", "21", "24", "25", "26", "27")), class = "table"), 
    No.Tag = structure(c(0L, 0L, 1L, 0L, 0L, 0L, 0L, 0L, 2L, 
    105L, 0L, 1L, 0L, 0L, 0L, 4L, 0L, 0L), .Dim = c(6L, 3L), .Dimnames = structure(list(
        c("-3", "-2", "-1", "0", "1", NA), c("A", "T", NA)), .Names = c("", 
    "")), class = "table"), All.Tags = list(Concordant = list(
        Freqs = structure(c(0, 0, 0, 0, 0, 0, 0, 4, 246, 0), .Dim = c(5L, 
        2L), .Dimnames = list(c("-3", "-2", "-1", "0", "1"), 
            c("A", "T"))), N = 250), Majority = list(Freqs = structure(c(0, 
    0, 0, 0, 0, 0, 0, 4, 281, 0), .Dim = c(5L, 2L), .Dimnames = list(
        c("-3", "-2", "-1", "0", "1"), c("A", "T"))), N = 285)), 
    `2` = structure(c(0, 0, 0, 0, 0, 0, 0, 0, 228, 0), .Dim = c(5L, 
    2L), .Dimnames = list(c("-3", "-2", "-1", "0", "1"), c("A", 
    "T"))))))
