Results <-
list(`bwa.out//20220204//BlindCMMRD77_S36.sam` = list(GM09_SNP1 = list(
    All = list(Freqs = structure(c(29L, 4727L, 2L, 1L, 0L, 11L, 
    0L, 0L, 0L, 24L, 0L, 0L), .Dim = 4:3, .Dimnames = structure(list(
        c("-1", "0", "1", NA), c("A", "G", NA)), .Names = c("", 
    "")), class = "table"), N = 4794L), Tag.Distribution = structure(c(`1` = 134L, 
    `2` = 79L, `3` = 43L, `4` = 53L, `5` = 55L, `6` = 37L, `7` = 36L, 
    `8` = 38L, `9` = 24L, `10` = 27L, `11` = 16L, `12` = 18L, 
    `13` = 19L, `14` = 19L, `15` = 12L, `16` = 12L, `17` = 10L, 
    `18` = 5L, `19` = 4L, `20` = 5L, `21` = 4L, `22` = 7L, `23` = 2L, 
    `24` = 4L, `25` = 1L, `26` = 2L, `27` = 3L, `28` = 1L, `29` = 1L, 
    `30` = 1L, `31` = 1L, `32` = 1L, `37` = 1L, `38` = 1L, `42` = 1L
    ), .Dim = 35L, .Dimnames = list(TagUsage = c("1", "2", "3", 
    "4", "5", "6", "7", "8", "9", "10", "11", "12", "13", "14", 
    "15", "16", "17", "18", "19", "20", "21", "22", "23", "24", 
    "25", "26", "27", "28", "29", "30", "31", "32", "37", "38", 
    "42")), class = "table"), No.Tag = structure(c(0L, 100L, 
    0L, 0L, 0L, 0L, 0L, 0L, 0L, 4L, 0L, 0L), .Dim = 4:3, .Dimnames = structure(list(
        c("-1", "0", "1", NA), c("A", "G", NA)), .Names = c("", 
    "")), class = "table"), All.Tags = list(Concordant = list(
        Freqs = structure(c(1, 633, 0, 0, 7, 0), .Dim = 3:2, .Dimnames = list(
            c("-1", "0", "1"), c("A", "G"))), N = 641), Majority = list(
        Freqs = structure(c(1, 661, 0, 0, 7, 0), .Dim = 3:2, .Dimnames = list(
            c("-1", "0", "1"), c("A", "G"))), N = 669)), `2` = structure(c(0, 
    541, 0, 0, 0, 0), .Dim = 3:2, .Dimnames = list(c("-1", "0", 
    "1"), c("A", "G"))))))
