Results <-
list(`bwa.out//20220204//BlindCMMRD64_S23.sam` = list(GM09_SNP1 = list(
    All = list(Freqs = structure(c(11L, 2791L, 9L, 0L, 16L, 2563L, 
    2L, 3L, 0L, 1L, 0L, 0L, 0L, 33L, 0L, 0L), .Dim = c(4L, 4L
    ), .Dimnames = structure(list(c("-1", "0", "1", NA), c("A", 
    "G", "T", NA)), .Names = c("", "")), class = "table"), N = 5429L), 
    Tag.Distribution = structure(c(`1` = 160L, `2` = 66L, `3` = 61L, 
    `4` = 42L, `5` = 45L, `6` = 44L, `7` = 38L, `8` = 36L, `9` = 21L, 
    `10` = 32L, `11` = 17L, `12` = 22L, `13` = 14L, `14` = 18L, 
    `15` = 11L, `16` = 10L, `17` = 14L, `18` = 11L, `19` = 7L, 
    `20` = 15L, `21` = 9L, `22` = 6L, `23` = 5L, `24` = 3L, `25` = 3L, 
    `26` = 3L, `27` = 3L, `28` = 3L, `29` = 1L, `30` = 2L, `33` = 1L, 
    `34` = 1L, `39` = 1L, `57` = 1L), .Dim = 34L, .Dimnames = list(
        TagUsage = c("1", "2", "3", "4", "5", "6", "7", "8", 
        "9", "10", "11", "12", "13", "14", "15", "16", "17", 
        "18", "19", "20", "21", "22", "23", "24", "25", "26", 
        "27", "28", "29", "30", "33", "34", "39", "57")), class = "table"), 
    No.Tag = structure(c(0L, 35L, 0L, 0L, 1L, 36L, 0L, 1L, 0L, 
    0L, 0L, 0L, 0L, 4L, 0L, 0L), .Dim = c(4L, 4L), .Dimnames = structure(list(
        c("-1", "0", "1", NA), c("A", "G", "T", NA)), .Names = c("", 
    "")), class = "table"), All.Tags = list(Concordant = list(
        Freqs = structure(c(0, 336, 0, 0, 308, 0, 0, 0, 0), .Dim = c(3L, 
        3L), .Dimnames = list(c("-1", "0", "1"), c("A", "G", 
        "T"))), N = 644), Majority = list(Freqs = structure(c(0, 
    373, 0, 0, 342, 0, 0, 0, 0), .Dim = c(3L, 3L), .Dimnames = list(
        c("-1", "0", "1"), c("A", "G", "T"))), N = 715)), `2` = structure(c(0, 
    294, 0, 0, 268, 0, 0, 0, 0), .Dim = c(3L, 3L), .Dimnames = list(
        c("-1", "0", "1"), c("A", "G", "T"))))))
