Results <-
list(`bwa.out//20220204//BlindCMMRD122_S48.sam` = list(GM07_SNP1 = list(
    All = list(Freqs = structure(c(0L, 0L, 2L, 0L, 0L, 0L, 4L, 
    183L, 3164L, 86L, 2L, 35L, 0L, 3L, 16L, 1L, 0L, 0L), .Dim = c(6L, 
    3L), .Dimnames = structure(list(c("-2", "-1", "0", "1", "2", 
    NA), c("A", "G", NA)), .Names = c("", "")), class = "table"), 
        N = 3496L), Tag.Distribution = structure(c(`1` = 159L, 
    `2` = 93L, `3` = 90L, `4` = 66L, `5` = 63L, `6` = 34L, `7` = 41L, 
    `8` = 25L, `9` = 27L, `10` = 19L, `11` = 7L, `12` = 12L, 
    `13` = 11L, `14` = 6L, `15` = 7L, `16` = 4L, `17` = 7L, `18` = 2L, 
    `19` = 1L, `20` = 4L, `21` = 4L, `23` = 3L, `26` = 1L), .Dim = 23L, .Dimnames = list(
        TagUsage = c("1", "2", "3", "4", "5", "6", "7", "8", 
        "9", "10", "11", "12", "13", "14", "15", "16", "17", 
        "18", "19", "20", "21", "23", "26")), class = "table"), 
    No.Tag = structure(c(0L, 0L, 0L, 0L, 0L, 0L, 1L, 4L, 115L, 
    1L, 0L, 5L, 0L, 1L, 1L, 0L, 0L, 0L), .Dim = c(6L, 3L), .Dimnames = structure(list(
        c("-2", "-1", "0", "1", "2", NA), c("A", "G", NA)), .Names = c("", 
    "")), class = "table"), All.Tags = list(Concordant = list(
        Freqs = structure(c(0, 0, 1, 0, 0, 1, 4, 503, 6, 0), .Dim = c(5L, 
        2L), .Dimnames = list(c("-2", "-1", "0", "1", "2"), c("A", 
        "G"))), N = 515), Majority = list(Freqs = structure(c(0, 
    0, 1, 0, 0, 1, 8, 650, 6, 0), .Dim = c(5L, 2L), .Dimnames = list(
        c("-2", "-1", "0", "1", "2"), c("A", "G"))), N = 666)), 
    `2` = structure(c(0, 0, 0, 0, 0, 0, 5, 506, 1, 0), .Dim = c(5L, 
    2L), .Dimnames = list(c("-2", "-1", "0", "1", "2"), c("A", 
    "G"))))))
