Results <-
list(`bwa.out//20220204//17D1098_S3.sam` = list(LR46_SNP1 = list(
    All = list(Freqs = structure(c(1L, 90L, 1470L, 10L, 0L, 12L, 
    1389L, 0L, 0L, 0L, 21L, 0L), .Dim = 4:3, .Dimnames = structure(list(
        c("-2", "-1", "0", NA), c("G", "T", NA)), .Names = c("", 
    "")), class = "table"), N = 2993L), Tag.Distribution = structure(c(`1` = 163L, 
    `2` = 60L, `3` = 69L, `4` = 42L, `5` = 46L, `6` = 30L, `7` = 26L, 
    `8` = 27L, `9` = 28L, `10` = 18L, `11` = 12L, `12` = 15L, 
    `13` = 5L, `14` = 5L, `15` = 4L, `16` = 1L, `17` = 3L, `18` = 6L, 
    `19` = 4L, `20` = 2L, `21` = 2L, `22` = 1L, `23` = 1L, `24` = 1L, 
    `25` = 1L, `27` = 1L, `32` = 1L), .Dim = 27L, .Dimnames = list(
        TagUsage = c("1", "2", "3", "4", "5", "6", "7", "8", 
        "9", "10", "11", "12", "13", "14", "15", "16", "17", 
        "18", "19", "20", "21", "22", "23", "24", "25", "27", 
        "32")), class = "table"), No.Tag = structure(c(0L, 1L, 
    52L, 1L, 0L, 0L, 42L, 0L, 0L, 0L, 6L, 0L), .Dim = 4:3, .Dimnames = structure(list(
        c("-2", "-1", "0", NA), c("G", "T", NA)), .Names = c("", 
    "")), class = "table"), All.Tags = list(Concordant = list(
        Freqs = structure(c(0, 14, 248, 0, 1, 261), .Dim = 3:2, .Dimnames = list(
            c("-2", "-1", "0"), c("G", "T"))), N = 524), Majority = list(
        Freqs = structure(c(0, 16, 263, 0, 1, 284), .Dim = 3:2, .Dimnames = list(
            c("-2", "-1", "0"), c("G", "T"))), N = 564)), `2` = structure(c(0, 
    14, 188, 0, 1, 202), .Dim = 3:2, .Dimnames = list(c("-2", 
    "-1", "0"), c("G", "T"))))))
