Results <-
list(`bwa.out//20220204//BlindCMMRD54_S13.sam` = list(DEPDC2_SNP1 = list(
    All = list(Freqs = structure(c(0L, 0L, 1L, 0L, 0L, 1L, 35L, 
    6021L, 41L, 25L, 0L, 0L, 11L, 0L, 0L, 0L, 1L, 60L, 1L, 0L
    ), .Dim = 5:4, .Dimnames = structure(list(c("-2", "-1", "0", 
    "1", NA), c("A", "C", "T", NA)), .Names = c("", "")), class = "table"), 
        N = 6197L), Tag.Distribution = structure(c(`1` = 207L, 
    `2` = 74L, `3` = 83L, `4` = 61L, `5` = 60L, `6` = 53L, `7` = 39L, 
    `8` = 40L, `9` = 39L, `10` = 20L, `11` = 22L, `12` = 26L, 
    `13` = 11L, `14` = 10L, `15` = 11L, `16` = 18L, `17` = 15L, 
    `18` = 4L, `19` = 11L, `20` = 4L, `21` = 9L, `22` = 6L, `23` = 3L, 
    `24` = 8L, `25` = 3L, `26` = 5L, `27` = 4L, `28` = 1L, `29` = 6L, 
    `30` = 3L, `31` = 4L, `32` = 1L, `33` = 1L, `35` = 1L, `36` = 1L, 
    `43` = 1L, `45` = 1L, `47` = 1L), .Dim = 38L, .Dimnames = list(
        TagUsage = c("1", "2", "3", "4", "5", "6", "7", "8", 
        "9", "10", "11", "12", "13", "14", "15", "16", "17", 
        "18", "19", "20", "21", "22", "23", "24", "25", "26", 
        "27", "28", "29", "30", "31", "32", "33", "35", "36", 
        "43", "45", "47")), class = "table"), No.Tag = structure(c(0L, 
    0L, 0L, 0L, 0L, 0L, 0L, 92L, 0L, 4L, 0L, 0L, 0L, 0L, 0L, 
    0L, 0L, 2L, 1L, 0L), .Dim = 5:4, .Dimnames = structure(list(
        c("-2", "-1", "0", "1", NA), c("A", "C", "T", NA)), .Names = c("", 
    "")), class = "table"), All.Tags = list(Concordant = list(
        Freqs = structure(c(0, 0, 0, 0, 0, 0, 795, 3, 0, 0, 7, 
        0), .Dim = 4:3, .Dimnames = list(c("-2", "-1", "0", "1"
        ), c("A", "C", "T"))), N = 805), Majority = list(Freqs = structure(c(0, 
    0, 0, 0, 0, 0, 849, 3, 0, 0, 7, 0), .Dim = 4:3, .Dimnames = list(
        c("-2", "-1", "0", "1"), c("A", "C", "T"))), N = 859)), 
    `2` = structure(c(0, 0, 0, 0, 0, 0, 655, 3, 0, 0, 0, 0), .Dim = 4:3, .Dimnames = list(
        c("-2", "-1", "0", "1"), c("A", "C", "T"))))))
