Results <-
list(`bwa.out//20220204//BlindCMMRD47_S7.sam` = list(IM16_SNP1 = list(
    All = list(Freqs = structure(c(1L, 17L, 2366L, 21L, 0L, 0L, 
    0L, 12L, 2333L, 26L, 0L, 3L, 0L, 1L, 56L, 3L, 1L, 0L), .Dim = c(6L, 
    3L), .Dimnames = structure(list(c("-2", "-1", "0", "1", "2", 
    NA), c("A", "G", NA)), .Names = c("", "")), class = "table"), 
        N = 4840L), Tag.Distribution = structure(c(`1` = 94L, 
    `2` = 25L, `3` = 22L, `4` = 17L, `5` = 19L, `6` = 16L, `7` = 19L, 
    `8` = 15L, `9` = 13L, `10` = 7L, `11` = 12L, `12` = 6L, `13` = 12L, 
    `14` = 12L, `15` = 8L, `16` = 8L, `17` = 2L, `18` = 12L, 
    `19` = 3L, `20` = 4L, `21` = 2L, `22` = 3L, `23` = 4L, `24` = 2L, 
    `25` = 4L, `26` = 1L, `27` = 3L, `28` = 3L, `29` = 2L, `30` = 3L, 
    `31` = 2L, `32` = 1L, `33` = 6L, `34` = 3L, `35` = 5L, `36` = 4L, 
    `37` = 3L, `39` = 1L, `40` = 2L, `41` = 1L, `42` = 2L, `43` = 2L, 
    `45` = 2L, `46` = 3L, `47` = 1L, `48` = 1L, `49` = 1L, `51` = 1L, 
    `52` = 1L, `53` = 1L, `54` = 1L, `55` = 1L, `58` = 1L, `62` = 1L, 
    `63` = 1L), .Dim = 55L, .Dimnames = list(TagUsage = c("1", 
    "2", "3", "4", "5", "6", "7", "8", "9", "10", "11", "12", 
    "13", "14", "15", "16", "17", "18", "19", "20", "21", "22", 
    "23", "24", "25", "26", "27", "28", "29", "30", "31", "32", 
    "33", "34", "35", "36", "37", "39", "40", "41", "42", "43", 
    "45", "46", "47", "48", "49", "51", "52", "53", "54", "55", 
    "58", "62", "63")), class = "table"), No.Tag = structure(c(0L, 
    0L, 57L, 2L, 0L, 0L, 0L, 0L, 32L, 2L, 0L, 0L, 0L, 0L, 14L, 
    0L, 0L, 0L), .Dim = c(6L, 3L), .Dimnames = structure(list(
        c("-2", "-1", "0", "1", "2", NA), c("A", "G", NA)), .Names = c("", 
    "")), class = "table"), All.Tags = list(Concordant = list(
        Freqs = structure(c(0, 0, 164, 0, 0, 0, 1, 159, 1, 0), .Dim = c(5L, 
        2L), .Dimnames = list(c("-2", "-1", "0", "1", "2"), c("A", 
        "G"))), N = 325), Majority = list(Freqs = structure(c(0, 
    0, 200, 0, 0, 0, 1, 194, 1, 0), .Dim = c(5L, 2L), .Dimnames = list(
        c("-2", "-1", "0", "1", "2"), c("A", "G"))), N = 396)), 
    `2` = structure(c(0, 0, 155, 0, 0, 0, 0, 152, 0, 0), .Dim = c(5L, 
    2L), .Dimnames = list(c("-2", "-1", "0", "1", "2"), c("A", 
    "G"))))))
