Results <-
list(`bwa.out//20220204//BlindCMMRD61_S20.sam` = list(GM17_SNP1 = list(
    All = list(Freqs = structure(c(0L, 0L, 1L, 0L, 0L, 0L, 21L, 
    2722L, 7L, 2L, 1L, 47L, 2985L, 5L, 1L, 0L, 2L, 37L, 0L, 0L
    ), .Dim = 5:4, .Dimnames = structure(list(c("-2", "-1", "0", 
    "1", NA), c("A", "C", "T", NA)), .Names = c("", "")), class = "table"), 
        N = 5831L), Tag.Distribution = structure(c(`1` = 117L, 
    `2` = 25L, `3` = 29L, `4` = 36L, `5` = 31L, `6` = 24L, `7` = 24L, 
    `8` = 22L, `9` = 19L, `10` = 25L, `11` = 12L, `12` = 21L, 
    `13` = 16L, `14` = 12L, `15` = 10L, `16` = 9L, `17` = 7L, 
    `18` = 15L, `19` = 8L, `20` = 12L, `21` = 7L, `22` = 1L, 
    `23` = 5L, `24` = 5L, `25` = 9L, `26` = 6L, `27` = 6L, `28` = 4L, 
    `29` = 1L, `30` = 5L, `31` = 3L, `32` = 2L, `33` = 2L, `34` = 5L, 
    `35` = 3L, `36` = 3L, `38` = 2L, `39` = 2L, `40` = 2L, `41` = 1L, 
    `43` = 1L, `45` = 2L, `47` = 1L, `67` = 1L), .Dim = 44L, .Dimnames = list(
        TagUsage = c("1", "2", "3", "4", "5", "6", "7", "8", 
        "9", "10", "11", "12", "13", "14", "15", "16", "17", 
        "18", "19", "20", "21", "22", "23", "24", "25", "26", 
        "27", "28", "29", "30", "31", "32", "33", "34", "35", 
        "36", "38", "39", "40", "41", "43", "45", "47", "67")), class = "table"), 
    No.Tag = structure(c(0L, 0L, 0L, 0L, 0L, 0L, 1L, 67L, 0L, 
    0L, 0L, 3L, 92L, 1L, 0L, 0L, 0L, 4L, 0L, 0L), .Dim = 5:4, .Dimnames = structure(list(
        c("-2", "-1", "0", "1", NA), c("A", "C", "T", NA)), .Names = c("", 
    "")), class = "table"), All.Tags = list(Concordant = list(
        Freqs = structure(c(0, 0, 0, 0, 0, 1, 234, 0, 0, 1, 229, 
        0), .Dim = 4:3, .Dimnames = list(c("-2", "-1", "0", "1"
        ), c("A", "C", "T"))), N = 465), Majority = list(Freqs = structure(c(0, 
    0, 0, 0, 0, 1, 265, 0, 0, 2, 273, 0), .Dim = 4:3, .Dimnames = list(
        c("-2", "-1", "0", "1"), c("A", "C", "T"))), N = 541)), 
    `2` = structure(c(0, 0, 0, 0, 0, 0, 213, 0, 0, 1, 220, 0), .Dim = 4:3, .Dimnames = list(
        c("-2", "-1", "0", "1"), c("A", "C", "T"))))))
