Results <-
list(`bwa.out//20220204//BlindCMMRD63_S22.sam` = list(LR10_SNP1 = list(
    All = list(Freqs = structure(c(0L, 0L, 1L, 0L, 0L, 0L, 1L, 
    39L, 1710L, 11L, 1L, 2L, 0L, 22L, 1668L, 3L, 0L, 1L, 0L, 
    0L, 35L, 0L, 0L, 0L), .Dim = c(6L, 4L), .Dimnames = structure(list(
        c("-2", "-1", "0", "1", "2", NA), c("A", "C", "T", NA
        )), .Names = c("", "")), class = "table"), N = 3494L), 
    Tag.Distribution = structure(c(`1` = 96L, `2` = 44L, `3` = 37L, 
    `4` = 34L, `5` = 32L, `6` = 28L, `7` = 19L, `8` = 23L, `9` = 15L, 
    `10` = 21L, `11` = 17L, `12` = 10L, `13` = 11L, `14` = 9L, 
    `15` = 14L, `16` = 10L, `17` = 8L, `18` = 4L, `19` = 2L, 
    `20` = 2L, `21` = 4L, `22` = 3L, `23` = 5L, `24` = 4L, `25` = 2L, 
    `26` = 2L, `27` = 5L, `29` = 1L, `30` = 1L, `35` = 2L, `48` = 1L
    ), .Dim = 31L, .Dimnames = list(TagUsage = c("1", "2", "3", 
    "4", "5", "6", "7", "8", "9", "10", "11", "12", "13", "14", 
    "15", "16", "17", "18", "19", "20", "21", "22", "23", "24", 
    "25", "26", "27", "29", "30", "35", "48")), class = "table"), 
    No.Tag = structure(c(0L, 0L, 0L, 0L, 0L, 0L, 0L, 0L, 42L, 
    1L, 0L, 0L, 0L, 0L, 22L, 0L, 0L, 0L, 0L, 0L, 1L, 0L, 0L, 
    0L), .Dim = c(6L, 4L), .Dimnames = structure(list(c("-2", 
    "-1", "0", "1", "2", NA), c("A", "C", "T", NA)), .Names = c("", 
    "")), class = "table"), All.Tags = list(Concordant = list(
        Freqs = structure(c(0, 0, 0, 0, 0, 0, 0, 192, 0, 0, 0, 
        0, 199, 0, 0), .Dim = c(5L, 3L), .Dimnames = list(c("-2", 
        "-1", "0", "1", "2"), c("A", "C", "T"))), N = 391), Majority = list(
        Freqs = structure(c(0, 0, 0, 0, 0, 0, 1, 227, 0, 0, 0, 
        0, 232, 0, 0), .Dim = c(5L, 3L), .Dimnames = list(c("-2", 
        "-1", "0", "1", "2"), c("A", "C", "T"))), N = 460)), 
    `2` = structure(c(0, 0, 0, 0, 0, 0, 1, 187, 0, 0, 0, 0, 179, 
    0, 0), .Dim = c(5L, 3L), .Dimnames = list(c("-2", "-1", "0", 
    "1", "2"), c("A", "C", "T"))))))
