Results <-
list(`bwa.out//20220204//BlindCMMRD56_S15.sam` = list(GM14_SNP1 = list(
    All = list(Freqs = structure(c(102L, 2615L, 28L, 7L, 1L, 
    2L, 0L, 0L, 0L, 24L, 0L, 0L), .Dim = 4:3, .Dimnames = structure(list(
        c("-1", "0", "1", NA), c("C", "T", NA)), .Names = c("", 
    "")), class = "table"), N = 2779L), Tag.Distribution = structure(c(`1` = 72L, 
    `2` = 45L, `3` = 21L, `4` = 23L, `5` = 24L, `6` = 19L, `7` = 17L, 
    `8` = 15L, `9` = 17L, `10` = 16L, `11` = 12L, `12` = 10L, 
    `13` = 14L, `14` = 8L, `15` = 1L, `16` = 10L, `17` = 5L, 
    `18` = 3L, `19` = 4L, `20` = 7L, `21` = 5L, `23` = 3L, `24` = 3L, 
    `25` = 1L, `27` = 1L, `29` = 1L, `30` = 2L, `33` = 1L, `38` = 1L, 
    `41` = 1L, `43` = 1L), .Dim = 31L, .Dimnames = list(TagUsage = c("1", 
    "2", "3", "4", "5", "6", "7", "8", "9", "10", "11", "12", 
    "13", "14", "15", "16", "17", "18", "19", "20", "21", "23", 
    "24", "25", "27", "29", "30", "33", "38", "41", "43")), class = "table"), 
    No.Tag = structure(c(2L, 51L, 1L, 0L, 0L, 0L, 0L, 0L, 0L, 
    4L, 0L, 0L), .Dim = 4:3, .Dimnames = structure(list(c("-1", 
    "0", "1", NA), c("C", "T", NA)), .Names = c("", "")), class = "table"), 
    All.Tags = list(Concordant = list(Freqs = structure(c(6, 
    267, 2, 1, 2, 0), .Dim = 3:2, .Dimnames = list(c("-1", "0", 
    "1"), c("C", "T"))), N = 278), Majority = list(Freqs = structure(c(6, 
    343, 2, 1, 2, 0), .Dim = 3:2, .Dimnames = list(c("-1", "0", 
    "1"), c("C", "T"))), N = 354)), `2` = structure(c(1, 284, 
    1, 0, 0, 0), .Dim = 3:2, .Dimnames = list(c("-1", "0", "1"
    ), c("C", "T"))))))
