Results <-
list(`bwa.out//20220204//MLPA80_S12.sam` = list(GM22_SNP1 = list(
    All = list(Freqs = structure(c(2L, 69L, 4108L, 24L, 10L, 
    0L, 0L, 1L, 0L, 0L, 0L, 0L, 1L, 0L, 0L, 0L, 1L, 57L, 1L, 
    0L), .Dim = 5:4, .Dimnames = structure(list(c("-2", "-1", 
    "0", "1", NA), c("A", "G", "T", NA)), .Names = c("", "")), class = "table"), 
        N = 4274L), Tag.Distribution = structure(c(`1` = 187L, 
    `2` = 65L, `3` = 70L, `4` = 52L, `5` = 43L, `6` = 44L, `7` = 44L, 
    `8` = 25L, `9` = 20L, `10` = 25L, `11` = 13L, `12` = 12L, 
    `13` = 14L, `14` = 10L, `15` = 7L, `16` = 8L, `17` = 5L, 
    `18` = 3L, `19` = 5L, `20` = 9L, `21` = 5L, `22` = 4L, `23` = 2L, 
    `24` = 6L, `25` = 5L, `26` = 2L, `27` = 1L, `28` = 1L, `29` = 1L, 
    `30` = 1L, `33` = 2L, `42` = 1L), .Dim = 32L, .Dimnames = list(
        TagUsage = c("1", "2", "3", "4", "5", "6", "7", "8", 
        "9", "10", "11", "12", "13", "14", "15", "16", "17", 
        "18", "19", "20", "21", "22", "23", "24", "25", "26", 
        "27", "28", "29", "30", "33", "42")), class = "table"), 
    No.Tag = structure(c(0L, 2L, 72L, 0L, 1L, 0L, 0L, 0L, 0L, 
    0L, 0L, 0L, 0L, 0L, 0L, 0L, 0L, 9L, 0L, 0L), .Dim = 5:4, .Dimnames = structure(list(
        c("-2", "-1", "0", "1", NA), c("A", "G", "T", NA)), .Names = c("", 
    "")), class = "table"), All.Tags = list(Concordant = list(
        Freqs = structure(c(0, 1, 602, 1, 0, 0, 1, 0, 0, 0, 0, 
        0), .Dim = 4:3, .Dimnames = list(c("-2", "-1", "0", "1"
        ), c("A", "G", "T"))), N = 605), Majority = list(Freqs = structure(c(0, 
    1, 675, 1, 0, 0, 1, 0, 0, 0, 0, 0), .Dim = 4:3, .Dimnames = list(
        c("-2", "-1", "0", "1"), c("A", "G", "T"))), N = 678)), 
    `2` = structure(c(0, 1, 499, 0, 0, 0, 0, 0, 0, 0, 0, 0), .Dim = 4:3, .Dimnames = list(
        c("-2", "-1", "0", "1"), c("A", "G", "T"))))))
