Results <-
list(`bwa.out//20220204//17D1097_S1.sam` = list(LR52_SNP1 = list(
    All = list(Freqs = structure(c(2L, 51L, 456L, 2281L, 36L, 
    1L, 42L, 0L, 0L, 0L, 2L, 0L, 0L, 0L, 0L, 0L, 7L, 391L, 6L, 
    0L, 0L), .Dim = c(7L, 3L), .Dimnames = structure(list(c("-3", 
    "-2", "-1", "0", "1", "2", NA), c("C", "T", NA)), .Names = c("", 
    "")), class = "table"), N = 3275L), Tag.Distribution = structure(c(`1` = 208L, 
    `2` = 127L, `3` = 92L, `4` = 90L, `5` = 54L, `6` = 38L, `7` = 35L, 
    `8` = 30L, `9` = 20L, `10` = 12L, `11` = 20L, `12` = 9L, 
    `13` = 8L, `14` = 6L, `15` = 7L, `16` = 1L, `17` = 2L, `18` = 4L, 
    `19` = 2L, `20` = 2L, `21` = 1L), .Dim = 21L, .Dimnames = list(
        TagUsage = c("1", "2", "3", "4", "5", "6", "7", "8", 
        "9", "10", "11", "12", "13", "14", "15", "16", "17", 
        "18", "19", "20", "21")), class = "table"), No.Tag = structure(c(0L, 
    2L, 7L, 28L, 0L, 0L, 1L, 0L, 0L, 0L, 0L, 0L, 0L, 0L, 0L, 
    0L, 0L, 14L, 0L, 0L, 0L), .Dim = c(7L, 3L), .Dimnames = structure(list(
        c("-3", "-2", "-1", "0", "1", "2", NA), c("C", "T", NA
        )), .Names = c("", "")), class = "table"), All.Tags = list(
        Concordant = list(Freqs = structure(c(0, 7, 58, 467, 
        6, 0, 0, 0, 0, 2, 0, 0), .Dim = c(6L, 2L), .Dimnames = list(
            c("-3", "-2", "-1", "0", "1", "2"), c("C", "T"))), 
            N = 540), Majority = list(Freqs = structure(c(0, 
        8, 72, 609, 7, 0, 0, 0, 0, 2, 0, 0), .Dim = c(6L, 2L), .Dimnames = list(
            c("-3", "-2", "-1", "0", "1", "2"), c("C", "T"))), 
            N = 698)), `2` = structure(c(0, 2, 48, 470, 4, 0, 
    0, 0, 0, 0, 0, 0), .Dim = c(6L, 2L), .Dimnames = list(c("-3", 
    "-2", "-1", "0", "1", "2"), c("C", "T"))))))
