Results <-
list(`bwa.out//20220204//17D0944_S7.sam` = list(LR46_SNP1 = list(
    All = list(Freqs = structure(c(0L, 1L, 0L, 0L, 0L, 7L, 0L, 
    0L, 29L, 4194L, 8L, 11L, 0L, 28L, 0L, 0L), .Dim = c(4L, 4L
    ), .Dimnames = structure(list(c("-1", "0", "1", NA), c("-", 
    "G", "T", NA)), .Names = c("", "")), class = "table"), N = 4278L), 
    Tag.Distribution = structure(c(`1` = 112L, `2` = 27L, `3` = 15L, 
    `4` = 26L, `5` = 19L, `6` = 27L, `7` = 16L, `8` = 20L, `9` = 9L, 
    `10` = 12L, `11` = 16L, `12` = 10L, `13` = 9L, `14` = 13L, 
    `15` = 7L, `16` = 10L, `17` = 6L, `18` = 8L, `19` = 6L, `20` = 9L, 
    `21` = 4L, `22` = 3L, `23` = 3L, `24` = 2L, `25` = 4L, `26` = 2L, 
    `27` = 2L, `28` = 6L, `29` = 4L, `31` = 1L, `32` = 1L, `33` = 4L, 
    `34` = 1L, `35` = 1L, `36` = 2L, `39` = 2L, `40` = 2L, `42` = 2L, 
    `43` = 1L, `44` = 1L, `46` = 1L, `48` = 1L, `49` = 1L, `51` = 1L, 
    `83` = 1L), .Dim = 45L, .Dimnames = list(TagUsage = c("1", 
    "2", "3", "4", "5", "6", "7", "8", "9", "10", "11", "12", 
    "13", "14", "15", "16", "17", "18", "19", "20", "21", "22", 
    "23", "24", "25", "26", "27", "28", "29", "31", "32", "33", 
    "34", "35", "36", "39", "40", "42", "43", "44", "46", "48", 
    "49", "51", "83")), class = "table"), No.Tag = structure(c(0L, 
    0L, 0L, 0L, 0L, 0L, 0L, 0L, 0L, 130L, 0L, 0L, 0L, 4L, 0L, 
    0L), .Dim = c(4L, 4L), .Dimnames = structure(list(c("-1", 
    "0", "1", NA), c("-", "G", "T", NA)), .Names = c("", "")), class = "table"), 
    All.Tags = list(Concordant = list(Freqs = structure(c(0, 
    0, 0, 0, 4, 0, 2, 400, 0), .Dim = c(3L, 3L), .Dimnames = list(
        c("-1", "0", "1"), c("-", "G", "T"))), N = 406), Majority = list(
        Freqs = structure(c(0, 0, 0, 0, 4, 0, 2, 419, 0), .Dim = c(3L, 
        3L), .Dimnames = list(c("-1", "0", "1"), c("-", "G", 
        "T"))), N = 425)), `2` = structure(c(0, 0, 0, 0, 1, 0, 
    2, 315, 0), .Dim = c(3L, 3L), .Dimnames = list(c("-1", "0", 
    "1"), c("-", "G", "T"))))))
