Results <-
list(`bwa.out//20220204//BlindCMMRD59_S18.sam` = list(GM11_SNP1 = list(
    All = list(Freqs = structure(c(1L, 33L, 6262L, 21L, 2L, 0L, 
    0L, 2L, 0L, 0L, 0L, 0L, 38L, 0L, 0L), .Dim = c(5L, 3L), .Dimnames = structure(list(
        c("-2", "-1", "0", "1", NA), c("A", "G", NA)), .Names = c("", 
    "")), class = "table"), N = 6359L), Tag.Distribution = structure(c(`1` = 142L, 
    `2` = 65L, `3` = 59L, `4` = 51L, `5` = 40L, `6` = 36L, `7` = 33L, 
    `8` = 21L, `9` = 38L, `10` = 11L, `11` = 17L, `12` = 22L, 
    `13` = 24L, `14` = 17L, `15` = 22L, `16` = 12L, `17` = 10L, 
    `18` = 9L, `19` = 13L, `20` = 10L, `21` = 11L, `22` = 9L, 
    `23` = 7L, `24` = 12L, `25` = 3L, `26` = 5L, `27` = 4L, `28` = 3L, 
    `29` = 3L, `30` = 3L, `31` = 2L, `32` = 1L, `34` = 2L, `35` = 1L, 
    `37` = 1L, `38` = 1L, `40` = 1L, `41` = 1L, `44` = 2L, `46` = 1L, 
    `53` = 1L, `55` = 1L), .Dim = 42L, .Dimnames = list(TagUsage = c("1", 
    "2", "3", "4", "5", "6", "7", "8", "9", "10", "11", "12", 
    "13", "14", "15", "16", "17", "18", "19", "20", "21", "22", 
    "23", "24", "25", "26", "27", "28", "29", "30", "31", "32", 
    "34", "35", "37", "38", "40", "41", "44", "46", "53", "55"
    )), class = "table"), No.Tag = structure(c(0L, 2L, 82L, 0L, 
    0L, 0L, 0L, 0L, 0L, 0L, 0L, 0L, 6L, 0L, 0L), .Dim = c(5L, 
    3L), .Dimnames = structure(list(c("-2", "-1", "0", "1", NA
    ), c("A", "G", NA)), .Names = c("", "")), class = "table"), 
    All.Tags = list(Concordant = list(Freqs = structure(c(0, 
    2, 676, 1, 0, 0, 2, 0), .Dim = c(4L, 2L), .Dimnames = list(
        c("-2", "-1", "0", "1"), c("A", "G"))), N = 681), Majority = list(
        Freqs = structure(c(0, 2, 714, 1, 0, 0, 2, 0), .Dim = c(4L, 
        2L), .Dimnames = list(c("-2", "-1", "0", "1"), c("A", 
        "G"))), N = 719)), `2` = structure(c(0, 1, 582, 0, 0, 
    0, 0, 0), .Dim = c(4L, 2L), .Dimnames = list(c("-2", "-1", 
    "0", "1"), c("A", "G"))))))
