Results <-
list(`bwa.out//20220204//BlindCMMRD41_S1.sam` = list(GM07_SNP1 = list(
    All = list(Freqs = structure(c(0L, 1L, 0L, 0L, 0L, 0L, 5L, 
    146L, 2265L, 56L, 3L, 31L, 5L, 111L, 1764L, 55L, 0L, 43L, 
    0L, 0L, 1L, 0L, 0L, 0L, 0L, 2L, 52L, 1L, 0L, 0L), .Dim = 6:5, .Dimnames = structure(list(
        c("-2", "-1", "0", "1", "2", NA), c("-", "A", "G", "T", 
        NA)), .Names = c("", "")), class = "table"), N = 4541L), 
    Tag.Distribution = structure(c(`1` = 90L, `2` = 16L, `3` = 17L, 
    `4` = 13L, `5` = 9L, `6` = 10L, `7` = 4L, `8` = 15L, `9` = 21L, 
    `10` = 19L, `11` = 13L, `12` = 7L, `13` = 9L, `14` = 11L, 
    `15` = 9L, `16` = 11L, `17` = 6L, `18` = 9L, `19` = 6L, `20` = 6L, 
    `21` = 5L, `22` = 4L, `23` = 1L, `24` = 1L, `25` = 4L, `26` = 3L, 
    `27` = 2L, `28` = 5L, `29` = 2L, `30` = 1L, `31` = 5L, `32` = 1L, 
    `33` = 2L, `34` = 1L, `35` = 3L, `36` = 5L, `37` = 2L, `38` = 2L, 
    `39` = 4L, `40` = 2L, `42` = 2L, `43` = 1L, `45` = 3L, `52` = 2L, 
    `55` = 1L, `77` = 1L), .Dim = 46L, .Dimnames = list(TagUsage = c("1", 
    "2", "3", "4", "5", "6", "7", "8", "9", "10", "11", "12", 
    "13", "14", "15", "16", "17", "18", "19", "20", "21", "22", 
    "23", "24", "25", "26", "27", "28", "29", "30", "31", "32", 
    "33", "34", "35", "36", "37", "38", "39", "40", "42", "43", 
    "45", "52", "55", "77")), class = "table"), No.Tag = structure(c(0L, 
    0L, 0L, 0L, 0L, 0L, 0L, 1L, 129L, 1L, 0L, 3L, 0L, 6L, 68L, 
    2L, 0L, 4L, 0L, 0L, 0L, 0L, 0L, 0L, 0L, 0L, 7L, 0L, 0L, 0L
    ), .Dim = 6:5, .Dimnames = structure(list(c("-2", "-1", "0", 
    "1", "2", NA), c("-", "A", "G", "T", NA)), .Names = c("", 
    "")), class = "table"), All.Tags = list(Concordant = list(
        Freqs = structure(c(0, 0, 0, 0, 0, 0, 4, 107, 3, 0, 0, 
        1, 100, 1, 0, 0, 0, 0, 0, 0), .Dim = 5:4, .Dimnames = list(
            c("-2", "-1", "0", "1", "2"), c("-", "A", "G", "T"
            ))), N = 216), Majority = list(Freqs = structure(c(0, 
    0, 0, 0, 0, 0, 6, 185, 3, 0, 0, 3, 156, 1, 0, 0, 0, 0, 0, 
    0), .Dim = 5:4, .Dimnames = list(c("-2", "-1", "0", "1", 
    "2"), c("-", "A", "G", "T"))), N = 354)), `2` = structure(c(0, 
    0, 0, 0, 0, 0, 2, 149, 0, 0, 0, 2, 120, 0, 0, 0, 0, 0, 0, 
    0), .Dim = 5:4, .Dimnames = list(c("-2", "-1", "0", "1", 
    "2"), c("-", "A", "G", "T"))))))
