Results <-
list(`bwa.out//20220204//MLPA01_S9.sam` = list(DEPDC2_SNP1 = list(
    All = list(Freqs = structure(c(17L, 2039L, 7L, 13L, 19L, 
    2125L, 11L, 7L, 1L, 79L, 0L, 0L), .Dim = 4:3, .Dimnames = structure(list(
        c("-1", "0", "1", NA), c("C", "T", NA)), .Names = c("", 
    "")), class = "table"), N = 4318L), Tag.Distribution = structure(c(`1` = 246L, 
    `2` = 115L, `3` = 89L, `4` = 79L, `5` = 56L, `6` = 58L, `7` = 58L, 
    `8` = 26L, `9` = 25L, `10` = 17L, `11` = 18L, `12` = 15L, 
    `13` = 13L, `14` = 8L, `15` = 8L, `16` = 12L, `17` = 5L, 
    `18` = 4L, `19` = 6L, `20` = 3L, `21` = 3L, `22` = 2L, `24` = 3L, 
    `26` = 1L), .Dim = 24L, .Dimnames = list(TagUsage = c("1", 
    "2", "3", "4", "5", "6", "7", "8", "9", "10", "11", "12", 
    "13", "14", "15", "16", "17", "18", "19", "20", "21", "22", 
    "24", "26")), class = "table"), No.Tag = structure(c(0L, 
    53L, 0L, 1L, 0L, 54L, 0L, 0L, 0L, 7L, 0L, 0L), .Dim = 4:3, .Dimnames = structure(list(
        c("-1", "0", "1", NA), c("C", "T", NA)), .Names = c("", 
    "")), class = "table"), All.Tags = list(Concordant = list(
        Freqs = structure(c(0, 357, 3, 1, 384, 0), .Dim = 3:2, .Dimnames = list(
            c("-1", "0", "1"), c("C", "T"))), N = 745), Majority = list(
        Freqs = structure(c(0, 406, 3, 1, 429, 0), .Dim = 3:2, .Dimnames = list(
            c("-1", "0", "1"), c("C", "T"))), N = 839)), `2` = structure(c(0, 
    307, 0, 0, 304, 0), .Dim = 3:2, .Dimnames = list(c("-1", 
    "0", "1"), c("C", "T"))))))
