Results <-
list(`bwa.out//20220204//BlindCMMRD49_S9.sam` = list(GM22_SNP1 = list(
    All = list(Freqs = structure(c(0L, 0L, 5L, 0L, 1L, 3L, 111L, 
    5990L, 19L, 12L, 0L, 5L, 109L, 2L, 0L), .Dim = c(5L, 3L), .Dimnames = structure(list(
        c("-2", "-1", "0", "1", NA), c("A", "G", NA)), .Names = c("", 
    "")), class = "table"), N = 6257L), Tag.Distribution = structure(c(`1` = 86L, 
    `2` = 11L, `3` = 12L, `4` = 12L, `5` = 12L, `6` = 10L, `7` = 7L, 
    `8` = 5L, `9` = 13L, `10` = 3L, `11` = 8L, `12` = 7L, `13` = 7L, 
    `14` = 9L, `15` = 2L, `16` = 6L, `17` = 6L, `18` = 4L, `19` = 5L, 
    `20` = 7L, `21` = 5L, `22` = 5L, `23` = 7L, `24` = 7L, `26` = 1L, 
    `27` = 5L, `28` = 2L, `29` = 1L, `30` = 2L, `31` = 4L, `32` = 3L, 
    `33` = 3L, `34` = 2L, `35` = 2L, `36` = 6L, `37` = 1L, `38` = 4L, 
    `39` = 4L, `41` = 3L, `42` = 2L, `43` = 3L, `44` = 4L, `45` = 1L, 
    `46` = 2L, `47` = 2L, `50` = 1L, `52` = 1L, `53` = 2L, `56` = 3L, 
    `57` = 1L, `58` = 3L, `60` = 2L, `63` = 3L, `64` = 2L, `65` = 2L, 
    `69` = 1L, `70` = 2L, `71` = 1L, `76` = 2L, `77` = 1L, `78` = 1L, 
    `88` = 1L, `89` = 1L, `90` = 1L), .Dim = 64L, .Dimnames = list(
        TagUsage = c("1", "2", "3", "4", "5", "6", "7", "8", 
        "9", "10", "11", "12", "13", "14", "15", "16", "17", 
        "18", "19", "20", "21", "22", "23", "24", "26", "27", 
        "28", "29", "30", "31", "32", "33", "34", "35", "36", 
        "37", "38", "39", "41", "42", "43", "44", "45", "46", 
        "47", "50", "52", "53", "56", "57", "58", "60", "63", 
        "64", "65", "69", "70", "71", "76", "77", "78", "88", 
        "89", "90")), class = "table"), No.Tag = structure(c(0L, 
    0L, 0L, 0L, 1L, 0L, 1L, 137L, 1L, 2L, 0L, 0L, 4L, 0L, 0L), .Dim = c(5L, 
    3L), .Dimnames = structure(list(c("-2", "-1", "0", "1", NA
    ), c("A", "G", NA)), .Names = c("", "")), class = "table"), 
    All.Tags = list(Concordant = list(Freqs = structure(c(0, 
    0, 5, 0, 0, 5, 240, 0), .Dim = c(4L, 2L), .Dimnames = list(
        c("-2", "-1", "0", "1"), c("A", "G"))), N = 250), Majority = list(
        Freqs = structure(c(0, 0, 5, 0, 0, 5, 318, 0), .Dim = c(4L, 
        2L), .Dimnames = list(c("-2", "-1", "0", "1"), c("A", 
        "G"))), N = 328)), `2` = structure(c(0, 0, 0, 0, 0, 3, 
    255, 0), .Dim = c(4L, 2L), .Dimnames = list(c("-2", "-1", 
    "0", "1"), c("A", "G"))))))
