Results <-
list(`bwa.out//20220204//BlindCMMRD72_S31.sam` = list(GM14_SNP1 = list(
    All = list(Freqs = structure(c(0L, 0L, 1L, 0L, 0L, 3L, 113L, 
    3077L, 25L, 9L, 0L, 0L, 3L, 0L, 0L, 0L, 0L, 22L, 0L, 0L), .Dim = 5:4, .Dimnames = structure(list(
        c("-2", "-1", "0", "1", NA), c("A", "C", "T", NA)), .Names = c("", 
    "")), class = "table"), N = 3253L), Tag.Distribution = structure(c(`1` = 85L, 
    `2` = 44L, `3` = 38L, `4` = 28L, `5` = 42L, `6` = 28L, `7` = 27L, 
    `8` = 17L, `9` = 22L, `10` = 9L, `11` = 14L, `12` = 7L, `13` = 8L, 
    `14` = 11L, `15` = 4L, `16` = 6L, `17` = 5L, `18` = 9L, `19` = 4L, 
    `20` = 2L, `21` = 2L, `22` = 2L, `23` = 6L, `24` = 4L, `25` = 4L, 
    `26` = 3L, `27` = 2L, `30` = 2L, `31` = 2L, `35` = 2L), .Dim = 30L, .Dimnames = list(
        TagUsage = c("1", "2", "3", "4", "5", "6", "7", "8", 
        "9", "10", "11", "12", "13", "14", "15", "16", "17", 
        "18", "19", "20", "21", "22", "23", "24", "25", "26", 
        "27", "30", "31", "35")), class = "table"), No.Tag = structure(c(0L, 
    0L, 0L, 0L, 0L, 0L, 0L, 103L, 0L, 1L, 0L, 0L, 0L, 0L, 0L, 
    0L, 0L, 0L, 0L, 0L), .Dim = 5:4, .Dimnames = structure(list(
        c("-2", "-1", "0", "1", NA), c("A", "C", "T", NA)), .Names = c("", 
    "")), class = "table"), All.Tags = list(Concordant = list(
        Freqs = structure(c(0, 0, 0, 0, 0, 4, 331, 1, 0, 0, 1, 
        0), .Dim = 4:3, .Dimnames = list(c("-2", "-1", "0", "1"
        ), c("A", "C", "T"))), N = 337), Majority = list(Freqs = structure(c(0, 
    0, 0, 0, 0, 4, 425, 1, 0, 0, 1, 0), .Dim = 4:3, .Dimnames = list(
        c("-2", "-1", "0", "1"), c("A", "C", "T"))), N = 431)), 
    `2` = structure(c(0, 0, 0, 0, 0, 1, 349, 0, 0, 0, 0, 0), .Dim = 4:3, .Dimnames = list(
        c("-2", "-1", "0", "1"), c("A", "C", "T"))))))
