Results <-
list(`bwa.out//20220204//BlindCMMRD55_S14.sam` = list(LR52_SNP1 = list(
    All = list(Freqs = structure(c(0L, 0L, 1L, 0L, 1L, 0L, 0L, 
    1L, 1L, 29L, 353L, 3962L, 32L, 35L, 0L, 0L, 1L, 7L, 188L, 
    0L, 0L), .Dim = c(7L, 3L), .Dimnames = structure(list(c("-4", 
    "-3", "-2", "-1", "0", "1", NA), c("C", "T", NA)), .Names = c("", 
    "")), class = "table"), N = 4611L), Tag.Distribution = structure(c(`1` = 95L, 
    `2` = 30L, `3` = 38L, `4` = 27L, `5` = 31L, `6` = 28L, `7` = 26L, 
    `8` = 21L, `9` = 24L, `10` = 22L, `11` = 9L, `12` = 17L, 
    `13` = 11L, `14` = 10L, `15` = 14L, `16` = 12L, `17` = 14L, 
    `18` = 8L, `19` = 15L, `20` = 13L, `21` = 8L, `22` = 4L, 
    `23` = 6L, `24` = 4L, `25` = 4L, `26` = 4L, `27` = 5L, `28` = 1L, 
    `29` = 1L, `30` = 2L, `31` = 1L, `33` = 1L, `36` = 1L, `40` = 1L, 
    `42` = 1L), .Dim = 35L, .Dimnames = list(TagUsage = c("1", 
    "2", "3", "4", "5", "6", "7", "8", "9", "10", "11", "12", 
    "13", "14", "15", "16", "17", "18", "19", "20", "21", "22", 
    "23", "24", "25", "26", "27", "28", "29", "30", "31", "33", 
    "36", "40", "42")), class = "table"), No.Tag = structure(c(0L, 
    0L, 0L, 0L, 0L, 0L, 0L, 0L, 0L, 0L, 5L, 69L, 0L, 1L, 0L, 
    0L, 0L, 1L, 6L, 0L, 0L), .Dim = c(7L, 3L), .Dimnames = structure(list(
        c("-4", "-3", "-2", "-1", "0", "1", NA), c("C", "T", 
        NA)), .Names = c("", "")), class = "table"), All.Tags = list(
        Concordant = list(Freqs = structure(c(0, 0, 1, 0, 1, 
        0, 0, 0, 1, 6, 258, 3), .Dim = c(6L, 2L), .Dimnames = list(
            c("-4", "-3", "-2", "-1", "0", "1"), c("C", "T"))), 
            N = 270), Majority = list(Freqs = structure(c(0, 
        0, 1, 0, 1, 0, 0, 0, 1, 8, 481, 3), .Dim = c(6L, 2L), .Dimnames = list(
            c("-4", "-3", "-2", "-1", "0", "1"), c("C", "T"))), 
            N = 495)), `2` = structure(c(0, 0, 0, 0, 0, 0, 0, 
    0, 0, 3, 408, 0), .Dim = c(6L, 2L), .Dimnames = list(c("-4", 
    "-3", "-2", "-1", "0", "1"), c("C", "T"))))))
