Results <-
list(`bwa.out//20220204//BlindCMMRD76_S35.sam` = list(LR36_SNP1 = list(
    All = list(Freqs = structure(c(0L, 4L, 79L, 1344L, 16L, 3L, 
    2L, 4L, 80L, 1677L, 27L, 13L, 0L, 0L, 11L, 109L, 1L, 0L), .Dim = c(6L, 
    3L), .Dimnames = structure(list(c("-3", "-2", "-1", "0", 
    "1", NA), c("A", "T", NA)), .Names = c("", "")), class = "table"), 
        N = 3370L), Tag.Distribution = structure(c(`1` = 80L, 
    `2` = 21L, `3` = 25L, `4` = 25L, `5` = 23L, `6` = 29L, `7` = 18L, 
    `8` = 13L, `9` = 11L, `10` = 12L, `11` = 19L, `12` = 11L, 
    `13` = 5L, `14` = 12L, `15` = 9L, `16` = 11L, `18` = 8L, 
    `19` = 7L, `20` = 6L, `21` = 7L, `22` = 6L, `23` = 3L, `24` = 1L, 
    `25` = 1L, `26` = 1L, `27` = 2L, `28` = 3L, `29` = 1L, `30` = 1L, 
    `31` = 2L, `34` = 3L, `39` = 1L, `43` = 1L, `47` = 1L), .Dim = 34L, .Dimnames = list(
        TagUsage = c("1", "2", "3", "4", "5", "6", "7", "8", 
        "9", "10", "11", "12", "13", "14", "15", "16", "18", 
        "19", "20", "21", "22", "23", "24", "25", "26", "27", 
        "28", "29", "30", "31", "34", "39", "43", "47")), class = "table"), 
    No.Tag = structure(c(0L, 0L, 1L, 57L, 0L, 0L, 0L, 0L, 1L, 
    59L, 3L, 5L, 0L, 0L, 0L, 14L, 0L, 0L), .Dim = c(6L, 3L), .Dimnames = structure(list(
        c("-3", "-2", "-1", "0", "1", NA), c("A", "T", NA)), .Names = c("", 
    "")), class = "table"), All.Tags = list(Concordant = list(
        Freqs = structure(c(0, 0, 5, 119, 0, 0, 0, 3, 161, 1), .Dim = c(5L, 
        2L), .Dimnames = list(c("-3", "-2", "-1", "0", "1"), 
            c("A", "T"))), N = 289), Majority = list(Freqs = structure(c(0, 
    0, 5, 159, 0, 0, 0, 5, 199, 1), .Dim = c(5L, 2L), .Dimnames = list(
        c("-3", "-2", "-1", "0", "1"), c("A", "T"))), N = 369)), 
    `2` = structure(c(0, 0, 5, 124, 0, 0, 0, 4, 161, 1), .Dim = c(5L, 
    2L), .Dimnames = list(c("-3", "-2", "-1", "0", "1"), c("A", 
    "T"))))))
