Results <-
list(`bwa.out//20220204//BlindCMMRD46_S6.sam` = list(IM16_SNP1 = list(
    All = list(Freqs = structure(c(0L, 1L, 16L, 0L, 0L, 0L, 0L, 
    0L, 1L, 0L, 0L, 0L, 2L, 42L, 4866L, 63L, 2L, 6L, 0L, 0L, 
    50L, 2L, 0L, 0L), .Dim = c(6L, 4L), .Dimnames = structure(list(
        c("-2", "-1", "0", "1", "2", NA), c("A", "C", "G", NA
        )), .Names = c("", "")), class = "table"), N = 5051L), 
    Tag.Distribution = structure(c(`1` = 82L, `2` = 30L, `3` = 23L, 
    `4` = 23L, `5` = 25L, `6` = 20L, `7` = 11L, `8` = 12L, `9` = 15L, 
    `10` = 17L, `11` = 14L, `12` = 13L, `13` = 12L, `14` = 10L, 
    `15` = 10L, `16` = 6L, `17` = 7L, `18` = 6L, `19` = 9L, `20` = 7L, 
    `21` = 7L, `22` = 8L, `23` = 5L, `24` = 1L, `25` = 5L, `26` = 3L, 
    `27` = 2L, `28` = 5L, `29` = 3L, `30` = 5L, `31` = 5L, `33` = 4L, 
    `34` = 2L, `35` = 3L, `36` = 3L, `37` = 4L, `38` = 2L, `39` = 1L, 
    `42` = 1L, `43` = 1L, `44` = 3L, `45` = 1L, `47` = 2L, `49` = 1L, 
    `53` = 1L, `60` = 1L), .Dim = 46L, .Dimnames = list(TagUsage = c("1", 
    "2", "3", "4", "5", "6", "7", "8", "9", "10", "11", "12", 
    "13", "14", "15", "16", "17", "18", "19", "20", "21", "22", 
    "23", "24", "25", "26", "27", "28", "29", "30", "31", "33", 
    "34", "35", "36", "37", "38", "39", "42", "43", "44", "45", 
    "47", "49", "53", "60")), class = "table"), No.Tag = structure(c(0L, 
    0L, 0L, 0L, 0L, 0L, 0L, 0L, 0L, 0L, 0L, 0L, 1L, 0L, 174L, 
    2L, 1L, 2L, 0L, 0L, 10L, 0L, 0L, 0L), .Dim = c(6L, 4L), .Dimnames = structure(list(
        c("-2", "-1", "0", "1", "2", NA), c("A", "C", "G", NA
        )), .Names = c("", "")), class = "table"), All.Tags = list(
        Concordant = list(Freqs = structure(c(0, 0, 1, 0, 0, 
        0, 0, 0, 0, 0, 0, 3, 347, 1, 0), .Dim = c(5L, 3L), .Dimnames = list(
            c("-2", "-1", "0", "1", "2"), c("A", "C", "G"))), 
            N = 352), Majority = list(Freqs = structure(c(0, 
        0, 1, 0, 0, 0, 0, 0, 0, 0, 0, 3, 418, 2, 0), .Dim = c(5L, 
        3L), .Dimnames = list(c("-2", "-1", "0", "1", "2"), c("A", 
        "C", "G"))), N = 424)), `2` = structure(c(0, 0, 0, 0, 
    0, 0, 0, 0, 0, 0, 0, 0, 348, 1, 0), .Dim = c(5L, 3L), .Dimnames = list(
        c("-2", "-1", "0", "1", "2"), c("A", "C", "G"))))))
