Results <-
list(`bwa.out//20220204//Control16_S9.sam` = list(LR20_SNP1 = list(
    All = list(Freqs = structure(c(0L, 1L, 0L, 0L, 5L, 1149L, 
    0L, 2L, 4L, 1276L, 1L, 1L, 0L, 22L, 0L, 0L), .Dim = c(4L, 
    4L), .Dimnames = structure(list(c("-1", "0", "1", NA), c("-", 
    "A", "G", NA)), .Names = c("", "")), class = "table"), N = 2461L), 
    Tag.Distribution = structure(c(`1` = 117L, `2` = 48L, `3` = 42L, 
    `4` = 32L, `5` = 31L, `6` = 19L, `7` = 21L, `8` = 26L, `9` = 19L, 
    `10` = 12L, `11` = 11L, `12` = 4L, `13` = 8L, `14` = 8L, 
    `15` = 4L, `16` = 4L, `17` = 5L, `18` = 4L, `19` = 3L, `20` = 1L, 
    `21` = 1L, `22` = 3L, `23` = 2L, `24` = 2L, `25` = 1L, `26` = 1L, 
    `40` = 1L), .Dim = 27L, .Dimnames = list(TagUsage = c("1", 
    "2", "3", "4", "5", "6", "7", "8", "9", "10", "11", "12", 
    "13", "14", "15", "16", "17", "18", "19", "20", "21", "22", 
    "23", "24", "25", "26", "40")), class = "table"), No.Tag = structure(c(0L, 
    0L, 0L, 0L, 0L, 36L, 0L, 1L, 0L, 23L, 0L, 0L, 0L, 4L, 0L, 
    0L), .Dim = c(4L, 4L), .Dimnames = structure(list(c("-1", 
    "0", "1", NA), c("-", "A", "G", NA)), .Names = c("", "")), class = "table"), 
    All.Tags = list(Concordant = list(Freqs = structure(c(0, 
    0, 0, 0, 199, 0, 0, 200, 0), .Dim = c(3L, 3L), .Dimnames = list(
        c("-1", "0", "1"), c("-", "A", "G"))), N = 399), Majority = list(
        Freqs = structure(c(0, 0, 0, 0, 212, 0, 0, 214, 0), .Dim = c(3L, 
        3L), .Dimnames = list(c("-1", "0", "1"), c("-", "A", 
        "G"))), N = 426)), `2` = structure(c(0, 0, 0, 0, 155, 
    0, 0, 156, 0), .Dim = c(3L, 3L), .Dimnames = list(c("-1", 
    "0", "1"), c("-", "A", "G"))))))
