Results <-
list(`bwa.out//20220204//Control23_S16.sam` = list(GM17_SNP1 = list(
    All = list(Freqs = structure(c(0L, 1L, 0L, 0L, 25L, 2103L, 
    5L, 2L, 0L, 6L, 0L, 0L), .Dim = 4:3, .Dimnames = structure(list(
        c("-1", "0", "1", NA), c("A", "C", NA)), .Names = c("", 
    "")), class = "table"), N = 2142L), Tag.Distribution = structure(c(`1` = 82L, 
    `2` = 35L, `3` = 30L, `4` = 33L, `5` = 26L, `6` = 18L, `7` = 12L, 
    `8` = 9L, `9` = 11L, `10` = 13L, `11` = 9L, `12` = 13L, `13` = 4L, 
    `14` = 5L, `15` = 5L, `16` = 3L, `17` = 3L, `18` = 4L, `20` = 3L, 
    `22` = 1L, `23` = 3L, `24` = 2L, `25` = 3L, `26` = 2L, `27` = 1L, 
    `30` = 1L, `34` = 1L, `36` = 1L), .Dim = 28L, .Dimnames = list(
        TagUsage = c("1", "2", "3", "4", "5", "6", "7", "8", 
        "9", "10", "11", "12", "13", "14", "15", "16", "17", 
        "18", "20", "22", "23", "24", "25", "26", "27", "30", 
        "34", "36")), class = "table"), No.Tag = structure(c(0L, 
    0L, 0L, 0L, 0L, 67L, 1L, 1L, 0L, 0L, 0L, 0L), .Dim = 4:3, .Dimnames = structure(list(
        c("-1", "0", "1", NA), c("A", "C", NA)), .Names = c("", 
    "")), class = "table"), All.Tags = list(Concordant = list(
        Freqs = structure(c(0, 0, 0, 1, 306, 1), .Dim = 3:2, .Dimnames = list(
            c("-1", "0", "1"), c("A", "C"))), N = 308), Majority = list(
        Freqs = structure(c(0, 0, 0, 1, 330, 1), .Dim = 3:2, .Dimnames = list(
            c("-1", "0", "1"), c("A", "C"))), N = 332)), `2` = structure(c(0, 
    0, 0, 0, 250, 0), .Dim = 3:2, .Dimnames = list(c("-1", "0", 
    "1"), c("A", "C"))))))
