Results <-
list(`bwa.out//20220204//BlindCMMRD114_S40.sam` = list(LR17_SNP1 = list(
    All = list(Freqs = structure(c(5L, 146L, 3673L, 63L, 2L, 
    26L, 0L, 0L, 1L, 0L, 0L, 0L, 0L, 0L, 100L, 0L, 0L, 0L), .Dim = c(6L, 
    3L), .Dimnames = structure(list(c("-2", "-1", "0", "1", "2", 
    NA), c("A", "G", NA)), .Names = c("", "")), class = "table"), 
        N = 4016L), Tag.Distribution = structure(c(`1` = 54L, 
    `2` = 41L, `3` = 44L, `4` = 56L, `5` = 51L, `6` = 49L, `7` = 52L, 
    `8` = 38L, `9` = 41L, `10` = 29L, `11` = 26L, `12` = 15L, 
    `13` = 16L, `14` = 15L, `15` = 14L, `16` = 6L, `17` = 6L, 
    `18` = 4L, `19` = 4L, `20` = 2L, `21` = 1L, `23` = 1L, `27` = 1L, 
    `28` = 1L), .Dim = 24L, .Dimnames = list(TagUsage = c("1", 
    "2", "3", "4", "5", "6", "7", "8", "9", "10", "11", "12", 
    "13", "14", "15", "16", "17", "18", "19", "20", "21", "23", 
    "27", "28")), class = "table"), No.Tag = structure(c(0L, 
    2L, 62L, 1L, 0L, 0L, 0L, 0L, 0L, 0L, 0L, 0L, 0L, 0L, 4L, 
    0L, 0L, 0L), .Dim = c(6L, 3L), .Dimnames = structure(list(
        c("-2", "-1", "0", "1", "2", NA), c("A", "G", NA)), .Names = c("", 
    "")), class = "table"), All.Tags = list(Concordant = list(
        Freqs = structure(c(0, 5, 418, 0, 0, 0, 0, 0, 0, 0), .Dim = c(5L, 
        2L), .Dimnames = list(c("-2", "-1", "0", "1", "2"), c("A", 
        "G"))), N = 423), Majority = list(Freqs = structure(c(0, 
    5, 554, 1, 0, 0, 0, 0, 0, 0), .Dim = c(5L, 2L), .Dimnames = list(
        c("-2", "-1", "0", "1", "2"), c("A", "G"))), N = 560)), 
    `2` = structure(c(0, 1, 505, 1, 0, 0, 0, 0, 0, 0), .Dim = c(5L, 
    2L), .Dimnames = list(c("-2", "-1", "0", "1", "2"), c("A", 
    "G"))))))
