Results <-
list(`bwa.out//20220204//BlindCMMRD55_S14.sam` = list(DEPDC2_SNP1 = list(
    All = list(Freqs = structure(c(0L, 1L, 0L, 0L, 38L, 6381L, 
    35L, 24L, 0L, 39L, 0L, 0L), .Dim = 4:3, .Dimnames = structure(list(
        c("-1", "0", "1", NA), c("C", "T", NA)), .Names = c("", 
    "")), class = "table"), N = 6518L), Tag.Distribution = structure(c(`1` = 150L, 
    `2` = 65L, `3` = 81L, `4` = 67L, `5` = 53L, `6` = 47L, `7` = 40L, 
    `8` = 32L, `9` = 32L, `10` = 27L, `11` = 27L, `12` = 24L, 
    `13` = 22L, `14` = 19L, `15` = 21L, `16` = 14L, `17` = 12L, 
    `18` = 17L, `19` = 10L, `20` = 8L, `21` = 9L, `22` = 7L, 
    `23` = 8L, `24` = 8L, `25` = 7L, `26` = 2L, `27` = 4L, `28` = 2L, 
    `29` = 3L, `30` = 3L, `32` = 1L, `33` = 1L, `35` = 2L, `37` = 1L
    ), .Dim = 34L, .Dimnames = list(TagUsage = c("1", "2", "3", 
    "4", "5", "6", "7", "8", "9", "10", "11", "12", "13", "14", 
    "15", "16", "17", "18", "19", "20", "21", "22", "23", "24", 
    "25", "26", "27", "28", "29", "30", "32", "33", "35", "37"
    )), class = "table"), No.Tag = structure(c(0L, 0L, 0L, 0L, 
    0L, 87L, 0L, 3L, 0L, 1L, 0L, 0L), .Dim = 4:3, .Dimnames = structure(list(
        c("-1", "0", "1", NA), c("C", "T", NA)), .Names = c("", 
    "")), class = "table"), All.Tags = list(Concordant = list(
        Freqs = structure(c(0, 1, 0, 1, 757, 1), .Dim = 3:2, .Dimnames = list(
            c("-1", "0", "1"), c("C", "T"))), N = 760), Majority = list(
        Freqs = structure(c(0, 1, 0, 1, 813, 2), .Dim = 3:2, .Dimnames = list(
            c("-1", "0", "1"), c("C", "T"))), N = 817)), `2` = structure(c(0, 
    0, 0, 0, 674, 1), .Dim = 3:2, .Dimnames = list(c("-1", "0", 
    "1"), c("C", "T"))))))
