Results <-
list(`bwa.out//20220204//BlindCMMRD79_S38.sam` = list(LR36_SNP1 = list(
    All = list(Freqs = structure(c(1L, 6L, 61L, 3104L, 30L, 19L, 
    0L, 0L, 0L, 1L, 0L, 0L, 0L, 0L, 2L, 53L, 1L, 0L), .Dim = c(6L, 
    3L), .Dimnames = structure(list(c("-3", "-2", "-1", "0", 
    "1", NA), c("A", "T", NA)), .Names = c("", "")), class = "table"), 
        N = 3278L), Tag.Distribution = structure(c(`1` = 89L, 
    `2` = 58L, `3` = 52L, `4` = 50L, `5` = 37L, `6` = 33L, `7` = 30L, 
    `8` = 20L, `9` = 24L, `10` = 16L, `11` = 20L, `12` = 13L, 
    `13` = 15L, `14` = 4L, `15` = 3L, `16` = 7L, `17` = 3L, `18` = 7L, 
    `19` = 3L, `20` = 4L, `21` = 4L, `22` = 2L, `23` = 2L, `25` = 2L, 
    `28` = 2L, `29` = 1L, `31` = 2L), .Dim = 27L, .Dimnames = list(
        TagUsage = c("1", "2", "3", "4", "5", "6", "7", "8", 
        "9", "10", "11", "12", "13", "14", "15", "16", "17", 
        "18", "19", "20", "21", "22", "23", "25", "28", "29", 
        "31")), class = "table"), No.Tag = structure(c(0L, 0L, 
    1L, 108L, 3L, 1L, 0L, 0L, 0L, 0L, 0L, 0L, 0L, 0L, 0L, 6L, 
    0L, 0L), .Dim = c(6L, 3L), .Dimnames = structure(list(c("-3", 
    "-2", "-1", "0", "1", NA), c("A", "T", NA)), .Names = c("", 
    "")), class = "table"), All.Tags = list(Concordant = list(
        Freqs = structure(c(0, 0, 2, 419, 1, 0, 0, 0, 1, 0), .Dim = c(5L, 
        2L), .Dimnames = list(c("-3", "-2", "-1", "0", "1"), 
            c("A", "T"))), N = 423), Majority = list(Freqs = structure(c(0, 
    0, 2, 493, 1, 0, 0, 0, 1, 0), .Dim = c(5L, 2L), .Dimnames = list(
        c("-3", "-2", "-1", "0", "1"), c("A", "T"))), N = 497)), 
    `2` = structure(c(0, 0, 0, 411, 0, 0, 0, 0, 0, 0), .Dim = c(5L, 
    2L), .Dimnames = list(c("-3", "-2", "-1", "0", "1"), c("A", 
    "T"))))))
