Results <-
list(`bwa.out//20220204//BlindCMMRD91_S50.sam` = list(LR17_SNP1 = list(
    All = list(Freqs = structure(c(1L, 8L, 138L, 2863L, 30L, 
    22L, 0L, 0L, 0L, 1L, 0L, 0L, 0L, 0L, 3L, 116L, 1L, 0L), .Dim = c(6L, 
    3L), .Dimnames = structure(list(c("-3", "-2", "-1", "0", 
    "1", NA), c("A", "G", NA)), .Names = c("", "")), class = "table"), 
        N = 3183L), Tag.Distribution = structure(c(`1` = 69L, 
    `2` = 26L, `3` = 24L, `4` = 20L, `5` = 15L, `6` = 17L, `7` = 15L, 
    `8` = 13L, `9` = 18L, `10` = 17L, `11` = 11L, `12` = 9L, 
    `13` = 13L, `14` = 12L, `15` = 8L, `16` = 13L, `17` = 4L, 
    `18` = 4L, `19` = 7L, `20` = 4L, `21` = 7L, `22` = 4L, `23` = 3L, 
    `24` = 5L, `25` = 1L, `26` = 2L, `27` = 1L, `30` = 1L, `31` = 1L, 
    `32` = 2L, `33` = 2L, `34` = 1L, `35` = 1L, `44` = 1L), .Dim = 34L, .Dimnames = list(
        TagUsage = c("1", "2", "3", "4", "5", "6", "7", "8", 
        "9", "10", "11", "12", "13", "14", "15", "16", "17", 
        "18", "19", "20", "21", "22", "23", "24", "25", "26", 
        "27", "30", "31", "32", "33", "34", "35", "44")), class = "table"), 
    No.Tag = structure(c(0L, 0L, 1L, 105L, 1L, 1L, 0L, 0L, 0L, 
    0L, 0L, 0L, 0L, 0L, 0L, 5L, 0L, 0L), .Dim = c(6L, 3L), .Dimnames = structure(list(
        c("-3", "-2", "-1", "0", "1", NA), c("A", "G", NA)), .Names = c("", 
    "")), class = "table"), All.Tags = list(Concordant = list(
        Freqs = structure(c(0, 0, 3, 245, 0, 0, 0, 0, 0, 0), .Dim = c(5L, 
        2L), .Dimnames = list(c("-3", "-2", "-1", "0", "1"), 
            c("A", "G"))), N = 248), Majority = list(Freqs = structure(c(0, 
    0, 6, 338, 0, 0, 0, 0, 0, 0), .Dim = c(5L, 2L), .Dimnames = list(
        c("-3", "-2", "-1", "0", "1"), c("A", "G"))), N = 344)), 
    `2` = structure(c(0, 0, 6, 273, 0, 0, 0, 0, 0, 0), .Dim = c(5L, 
    2L), .Dimnames = list(c("-3", "-2", "-1", "0", "1"), c("A", 
    "G"))))))
