Results <-
list(`bwa.out//20220204//BlindCMMRD86_S45.sam` = list(DEPDC2_SNP1 = list(
    All = list(Freqs = structure(c(0L, 1L, 0L, 0L, 0L, 0L, 3L, 
    0L, 0L, 0L, 25L, 4837L, 28L, 1L, 13L, 0L, 44L, 0L, 0L, 0L
    ), .Dim = 5:4, .Dimnames = structure(list(c("-1", "0", "1", 
    "2", NA), c("A", "C", "T", NA)), .Names = c("", "")), class = "table"), 
        N = 4952L), Tag.Distribution = structure(c(`1` = 220L, 
    `2` = 145L, `3` = 107L, `4` = 113L, `5` = 68L, `6` = 78L, 
    `7` = 48L, `8` = 44L, `9` = 28L, `10` = 24L, `11` = 22L, 
    `12` = 16L, `13` = 14L, `14` = 18L, `15` = 10L, `16` = 6L, 
    `17` = 8L, `18` = 4L, `19` = 1L, `20` = 4L, `22` = 1L, `23` = 2L, 
    `24` = 1L, `25` = 1L, `26` = 1L), .Dim = 25L, .Dimnames = list(
        TagUsage = c("1", "2", "3", "4", "5", "6", "7", "8", 
        "9", "10", "11", "12", "13", "14", "15", "16", "17", 
        "18", "19", "20", "22", "23", "24", "25", "26")), class = "table"), 
    No.Tag = structure(c(0L, 0L, 0L, 0L, 0L, 0L, 0L, 0L, 0L, 
    0L, 1L, 111L, 0L, 0L, 1L, 0L, 4L, 0L, 0L, 0L), .Dim = 5:4, .Dimnames = structure(list(
        c("-1", "0", "1", "2", NA), c("A", "C", "T", NA)), .Names = c("", 
    "")), class = "table"), All.Tags = list(Concordant = list(
        Freqs = structure(c(0, 0, 0, 0, 0, 2, 0, 0, 1, 916, 2, 
        0), .Dim = 4:3, .Dimnames = list(c("-1", "0", "1", "2"
        ), c("A", "C", "T"))), N = 921), Majority = list(Freqs = structure(c(0, 
    0, 0, 0, 0, 2, 0, 0, 1, 962, 2, 0), .Dim = 4:3, .Dimnames = list(
        c("-1", "0", "1", "2"), c("A", "C", "T"))), N = 967)), 
    `2` = structure(c(0, 0, 0, 0, 0, 0, 0, 0, 0, 758, 0, 0), .Dim = 4:3, .Dimnames = list(
        c("-1", "0", "1", "2"), c("A", "C", "T"))))))
