Results <-
list(`bwa.out//20220204//17D0944_S7.sam` = list(GM17_SNP1 = list(
    All = list(Freqs = structure(c(0L, 0L, 11L, 0L, 0L, 1L, 22L, 
    3462L, 6L, 1L, 0L, 0L, 22L, 0L, 0L), .Dim = c(5L, 3L), .Dimnames = structure(list(
        c("-2", "-1", "0", "1", NA), c("C", "T", NA)), .Names = c("", 
    "")), class = "table"), N = 3525L), Tag.Distribution = structure(c(`1` = 99L, 
    `2` = 24L, `3` = 25L, `4` = 19L, `5` = 24L, `6` = 25L, `7` = 19L, 
    `8` = 22L, `9` = 15L, `10` = 15L, `11` = 10L, `12` = 8L, 
    `13` = 10L, `14` = 10L, `15` = 8L, `16` = 9L, `17` = 10L, 
    `18` = 3L, `19` = 6L, `20` = 2L, `21` = 4L, `22` = 6L, `23` = 3L, 
    `24` = 4L, `25` = 3L, `26` = 1L, `27` = 5L, `28` = 2L, `30` = 3L, 
    `31` = 2L, `32` = 1L, `34` = 1L, `35` = 2L, `37` = 1L, `44` = 1L, 
    `47` = 2L, `63` = 1L), .Dim = 37L, .Dimnames = list(TagUsage = c("1", 
    "2", "3", "4", "5", "6", "7", "8", "9", "10", "11", "12", 
    "13", "14", "15", "16", "17", "18", "19", "20", "21", "22", 
    "23", "24", "25", "26", "27", "28", "30", "31", "32", "34", 
    "35", "37", "44", "47", "63")), class = "table"), No.Tag = structure(c(0L, 
    0L, 0L, 0L, 0L, 0L, 2L, 43L, 0L, 0L, 0L, 0L, 1L, 0L, 0L), .Dim = c(5L, 
    3L), .Dimnames = structure(list(c("-2", "-1", "0", "1", NA
    ), c("C", "T", NA)), .Names = c("", "")), class = "table"), 
    All.Tags = list(Concordant = list(Freqs = structure(c(0, 
    0, 9, 0, 0, 0, 362, 0), .Dim = c(4L, 2L), .Dimnames = list(
        c("-2", "-1", "0", "1"), c("C", "T"))), N = 371), Majority = list(
        Freqs = structure(c(0, 0, 9, 0, 0, 0, 389, 0), .Dim = c(4L, 
        2L), .Dimnames = list(c("-2", "-1", "0", "1"), c("C", 
        "T"))), N = 398)), `2` = structure(c(0, 0, 1, 0, 0, 0, 
    304, 0), .Dim = c(4L, 2L), .Dimnames = list(c("-2", "-1", 
    "0", "1"), c("C", "T"))))))
