Results <-
list(`bwa.out//20220204//Control17_S10.sam` = list(GM17_SNP1 = list(
    All = list(Freqs = structure(c(41L, 2661L, 10L, 4L, 0L, 3L, 
    0L, 0L, 0L, 7L, 0L, 0L), .Dim = 4:3, .Dimnames = structure(list(
        c("-1", "0", "1", NA), c("C", "T", NA)), .Names = c("", 
    "")), class = "table"), N = 2726L), Tag.Distribution = structure(c(`1` = 115L, 
    `2` = 33L, `3` = 30L, `4` = 30L, `5` = 21L, `6` = 24L, `7` = 15L, 
    `8` = 14L, `9` = 21L, `10` = 14L, `11` = 8L, `12` = 7L, `13` = 4L, 
    `14` = 8L, `15` = 4L, `16` = 9L, `17` = 9L, `18` = 6L, `19` = 6L, 
    `20` = 3L, `21` = 5L, `22` = 1L, `23` = 2L, `24` = 3L, `25` = 4L, 
    `26` = 2L, `27` = 2L, `28` = 1L), .Dim = 28L, .Dimnames = list(
        TagUsage = c("1", "2", "3", "4", "5", "6", "7", "8", 
        "9", "10", "11", "12", "13", "14", "15", "16", "17", 
        "18", "19", "20", "21", "22", "23", "24", "25", "26", 
        "27", "28")), class = "table"), No.Tag = structure(c(1L, 
    81L, 1L, 2L, 0L, 0L, 0L, 0L, 0L, 1L, 0L, 0L), .Dim = 4:3, .Dimnames = structure(list(
        c("-1", "0", "1", NA), c("C", "T", NA)), .Names = c("", 
    "")), class = "table"), All.Tags = list(Concordant = list(
        Freqs = structure(c(3, 357, 0, 0, 3, 0), .Dim = 3:2, .Dimnames = list(
            c("-1", "0", "1"), c("C", "T"))), N = 363), Majority = list(
        Freqs = structure(c(3, 391, 0, 0, 3, 0), .Dim = 3:2, .Dimnames = list(
            c("-1", "0", "1"), c("C", "T"))), N = 397)), `2` = structure(c(0, 
    285, 0, 0, 0, 0), .Dim = 3:2, .Dimnames = list(c("-1", "0", 
    "1"), c("C", "T"))))))
