Results <-
list(`bwa.out//20220204//Control30_S23.sam` = list(LR49_SNP1 = list(
    All = list(Freqs = structure(c(0L, 2L, 0L, 3L, 3102L, 2L, 
    0L, 15L, 0L), .Dim = c(3L, 3L), .Dimnames = structure(list(
        c("-1", "0", NA), c("A", "G", NA)), .Names = c("", ""
    )), class = "table"), N = 3124L), Tag.Distribution = structure(c(`1` = 122L, 
    `2` = 60L, `3` = 55L, `4` = 38L, `5` = 33L, `6` = 28L, `7` = 25L, 
    `8` = 17L, `9` = 23L, `10` = 18L, `11` = 8L, `12` = 9L, `13` = 9L, 
    `14` = 6L, `15` = 11L, `16` = 3L, `17` = 4L, `18` = 2L, `19` = 5L, 
    `20` = 3L, `21` = 3L, `22` = 4L, `23` = 2L, `25` = 2L, `26` = 1L, 
    `27` = 1L, `28` = 3L, `29` = 1L, `30` = 1L, `31` = 1L, `34` = 1L
    ), .Dim = 31L, .Dimnames = list(TagUsage = c("1", "2", "3", 
    "4", "5", "6", "7", "8", "9", "10", "11", "12", "13", "14", 
    "15", "16", "17", "18", "19", "20", "21", "22", "23", "25", 
    "26", "27", "28", "29", "30", "31", "34")), class = "table"), 
    No.Tag = structure(c(0L, 1L, 0L, 0L, 154L, 0L, 0L, 2L, 0L
    ), .Dim = c(3L, 3L), .Dimnames = structure(list(c("-1", "0", 
    NA), c("A", "G", NA)), .Names = c("", "")), class = "table"), 
    All.Tags = list(Concordant = list(Freqs = structure(c(0, 
    0, 0, 493), .Dim = c(2L, 2L), .Dimnames = list(c("-1", "0"
    ), c("A", "G"))), N = 493), Majority = list(Freqs = structure(c(0, 
    0, 0, 497), .Dim = c(2L, 2L), .Dimnames = list(c("-1", "0"
    ), c("A", "G"))), N = 497)), `2` = structure(c(0, 0, 0, 377
    ), .Dim = c(2L, 2L), .Dimnames = list(c("-1", "0"), c("A", 
    "G"))))))
