Results <-
list(`bwa.out//20220204//17D0939_S6.sam` = list(LR36_SNP1 = list(
    All = list(Freqs = structure(c(0L, 0L, 0L, 4L, 0L, 0L, 1L, 
    1L, 4L, 44L, 2725L, 31L, 1L, 22L, 0L, 0L, 1L, 126L, 2L, 0L, 
    0L), .Dim = c(7L, 3L), .Dimnames = structure(list(c("-3", 
    "-2", "-1", "0", "1", "2", NA), c("A", "T", NA)), .Names = c("", 
    "")), class = "table"), N = 2962L), Tag.Distribution = structure(c(`1` = 76L, 
    `2` = 39L, `3` = 18L, `4` = 21L, `5` = 21L, `6` = 10L, `7` = 13L, 
    `8` = 12L, `9` = 14L, `10` = 11L, `11` = 11L, `12` = 7L, 
    `13` = 7L, `14` = 9L, `15` = 7L, `16` = 4L, `17` = 2L, `18` = 6L, 
    `19` = 5L, `20` = 6L, `21` = 3L, `22` = 4L, `23` = 2L, `24` = 4L, 
    `25` = 3L, `27` = 4L, `28` = 1L, `30` = 1L, `31` = 4L, `32` = 1L, 
    `33` = 1L, `35` = 1L, `37` = 2L, `39` = 1L, `41` = 1L, `52` = 1L, 
    `56` = 1L), .Dim = 37L, .Dimnames = list(TagUsage = c("1", 
    "2", "3", "4", "5", "6", "7", "8", "9", "10", "11", "12", 
    "13", "14", "15", "16", "17", "18", "19", "20", "21", "22", 
    "23", "24", "25", "27", "28", "30", "31", "32", "33", "35", 
    "37", "39", "41", "52", "56")), class = "table"), No.Tag = structure(c(0L, 
    0L, 0L, 0L, 0L, 0L, 1L, 0L, 0L, 0L, 97L, 0L, 0L, 5L, 0L, 
    0L, 0L, 10L, 1L, 0L, 0L), .Dim = c(7L, 3L), .Dimnames = structure(list(
        c("-3", "-2", "-1", "0", "1", "2", NA), c("A", "T", NA
        )), .Names = c("", "")), class = "table"), All.Tags = list(
        Concordant = list(Freqs = structure(c(0, 0, 0, 2, 0, 
        0, 0, 1, 2, 264, 1, 0), .Dim = c(6L, 2L), .Dimnames = list(
            c("-3", "-2", "-1", "0", "1", "2"), c("A", "T"))), 
            N = 270), Majority = list(Freqs = structure(c(0, 
        0, 0, 2, 0, 0, 0, 1, 2, 320, 2, 0), .Dim = c(6L, 2L), .Dimnames = list(
            c("-3", "-2", "-1", "0", "1", "2"), c("A", "T"))), 
            N = 327)), `2` = structure(c(0, 0, 0, 0, 0, 0, 0, 
    0, 1, 255, 2, 0), .Dim = c(6L, 2L), .Dimnames = list(c("-3", 
    "-2", "-1", "0", "1", "2"), c("A", "T"))))))
