Results <-
list(`bwa.out//20220204//Control29_S22.sam` = list(GM22_SNP1 = list(
    All = list(Freqs = structure(c(52L, 3770L, 8L, 13L, 0L, 36L, 
    1L, 0L), .Dim = c(4L, 2L), .Dimnames = structure(list(c("-1", 
    "0", "1", NA), c("A", NA)), .Names = c("", "")), class = "table"), 
        N = 3880L), Tag.Distribution = structure(c(`1` = 142L, 
    `2` = 66L, `3` = 48L, `4` = 29L, `5` = 35L, `6` = 36L, `7` = 28L, 
    `8` = 24L, `9` = 19L, `10` = 16L, `11` = 12L, `12` = 11L, 
    `13` = 14L, `14` = 12L, `15` = 8L, `16` = 14L, `17` = 6L, 
    `18` = 3L, `19` = 6L, `20` = 6L, `21` = 5L, `22` = 5L, `23` = 2L, 
    `24` = 3L, `25` = 4L, `26` = 1L, `27` = 1L, `28` = 3L, `29` = 1L, 
    `30` = 1L, `31` = 1L, `33` = 2L, `36` = 1L, `39` = 1L), .Dim = 34L, .Dimnames = list(
        TagUsage = c("1", "2", "3", "4", "5", "6", "7", "8", 
        "9", "10", "11", "12", "13", "14", "15", "16", "17", 
        "18", "19", "20", "21", "22", "23", "24", "25", "26", 
        "27", "28", "29", "30", "31", "33", "36", "39")), class = "table"), 
    No.Tag = structure(c(3L, 79L, 0L, 0L, 0L, 5L, 0L, 0L), .Dim = c(4L, 
    2L), .Dimnames = structure(list(c("-1", "0", "1", NA), c("A", 
    NA)), .Names = c("", "")), class = "table"), All.Tags = list(
        Concordant = list(Freqs = structure(c(1, 512, 0), .Dim = c(3L, 
        1L), .Dimnames = list(c("-1", "0", "1"), "A")), N = 513), 
        Majority = list(Freqs = structure(c(1, 558, 0), .Dim = c(3L, 
        1L), .Dimnames = list(c("-1", "0", "1"), "A")), N = 559)), 
    `2` = structure(c(0, 421, 0), .Dim = c(3L, 1L), .Dimnames = list(
        c("-1", "0", "1"), "A")))))
