Results <-
list(`bwa.out//20220204//BlindCMMRD79_S38.sam` = list(GM11_SNP1 = list(
    All = list(Freqs = structure(c(1L, 19L, 4587L, 18L, 1L, 0L, 
    0L, 3L, 0L, 0L, 0L, 0L, 29L, 0L, 0L), .Dim = c(5L, 3L), .Dimnames = structure(list(
        c("-2", "-1", "0", "1", NA), c("A", "G", NA)), .Names = c("", 
    "")), class = "table"), N = 4658L), Tag.Distribution = structure(c(`1` = 119L, 
    `2` = 97L, `3` = 75L, `4` = 69L, `5` = 65L, `6` = 44L, `7` = 32L, 
    `8` = 30L, `9` = 32L, `10` = 20L, `11` = 17L, `12` = 20L, 
    `13` = 18L, `14` = 19L, `15` = 12L, `16` = 8L, `17` = 5L, 
    `18` = 9L, `19` = 6L, `20` = 6L, `21` = 3L, `22` = 4L, `23` = 1L, 
    `24` = 3L, `26` = 4L, `27` = 2L, `28` = 2L, `29` = 1L, `30` = 1L
    ), .Dim = 29L, .Dimnames = list(TagUsage = c("1", "2", "3", 
    "4", "5", "6", "7", "8", "9", "10", "11", "12", "13", "14", 
    "15", "16", "17", "18", "19", "20", "21", "22", "23", "24", 
    "26", "27", "28", "29", "30")), class = "table"), No.Tag = structure(c(0L, 
    2L, 63L, 0L, 0L, 0L, 0L, 1L, 0L, 0L, 0L, 0L, 2L, 0L, 0L), .Dim = c(5L, 
    3L), .Dimnames = structure(list(c("-2", "-1", "0", "1", NA
    ), c("A", "G", NA)), .Names = c("", "")), class = "table"), 
    All.Tags = list(Concordant = list(Freqs = structure(c(0, 
    0, 688, 0, 0, 0, 2, 0), .Dim = c(4L, 2L), .Dimnames = list(
        c("-2", "-1", "0", "1"), c("A", "G"))), N = 690), Majority = list(
        Freqs = structure(c(0, 0, 718, 0, 0, 0, 2, 0), .Dim = c(4L, 
        2L), .Dimnames = list(c("-2", "-1", "0", "1"), c("A", 
        "G"))), N = 720)), `2` = structure(c(0, 0, 604, 0, 0, 
    0, 0, 0), .Dim = c(4L, 2L), .Dimnames = list(c("-2", "-1", 
    "0", "1"), c("A", "G"))))))
