Results <-
list(`bwa.out//20220204//BlindCMMRD50_S10.sam` = list(LR46_SNP1 = list(
    All = list(Freqs = structure(c(6L, 3874L, 7L, 7L, 0L, 4L, 
    0L, 0L, 1L, 24L, 0L, 0L), .Dim = 4:3, .Dimnames = structure(list(
        c("-1", "0", "1", NA), c("G", "T", NA)), .Names = c("", 
    "")), class = "table"), N = 3923L), Tag.Distribution = structure(c(`1` = 63L, 
    `2` = 16L, `3` = 7L, `4` = 10L, `5` = 6L, `6` = 6L, `7` = 8L, 
    `8` = 7L, `9` = 8L, `10` = 9L, `11` = 7L, `12` = 9L, `13` = 7L, 
    `14` = 10L, `15` = 5L, `16` = 4L, `17` = 2L, `18` = 5L, `19` = 1L, 
    `20` = 1L, `21` = 2L, `22` = 1L, `23` = 3L, `24` = 2L, `25` = 1L, 
    `26` = 2L, `27` = 3L, `28` = 3L, `29` = 6L, `30` = 3L, `32` = 3L, 
    `33` = 2L, `34` = 1L, `35` = 1L, `36` = 2L, `37` = 2L, `38` = 1L, 
    `40` = 4L, `41` = 2L, `42` = 2L, `43` = 2L, `44` = 1L, `45` = 1L, 
    `46` = 2L, `47` = 1L, `48` = 2L, `49` = 1L, `50` = 2L, `51` = 2L, 
    `52` = 2L, `56` = 1L, `59` = 1L, `65` = 1L, `67` = 1L, `72` = 2L
    ), .Dim = 55L, .Dimnames = list(TagUsage = c("1", "2", "3", 
    "4", "5", "6", "7", "8", "9", "10", "11", "12", "13", "14", 
    "15", "16", "17", "18", "19", "20", "21", "22", "23", "24", 
    "25", "26", "27", "28", "29", "30", "32", "33", "34", "35", 
    "36", "37", "38", "40", "41", "42", "43", "44", "45", "46", 
    "47", "48", "49", "50", "51", "52", "56", "59", "65", "67", 
    "72")), class = "table"), No.Tag = structure(c(0L, 117L, 
    0L, 1L, 0L, 1L, 0L, 0L, 0L, 6L, 0L, 0L), .Dim = 4:3, .Dimnames = structure(list(
        c("-1", "0", "1", NA), c("G", "T", NA)), .Names = c("", 
    "")), class = "table"), All.Tags = list(Concordant = list(
        Freqs = structure(c(0, 241, 0, 0, 3, 0), .Dim = 3:2, .Dimnames = list(
            c("-1", "0", "1"), c("G", "T"))), N = 244), Majority = list(
        Freqs = structure(c(0, 253, 0, 0, 3, 0), .Dim = 3:2, .Dimnames = list(
            c("-1", "0", "1"), c("G", "T"))), N = 256)), `2` = structure(c(0, 
    195, 0, 0, 0, 0), .Dim = 3:2, .Dimnames = list(c("-1", "0", 
    "1"), c("G", "T"))))))
