Results <-
list(`bwa.out//20220204//BlindCMMRD59_S18.sam` = list(GM01_SNP1 = list(
    All = list(Freqs = structure(c(38L, 3936L, 8L, 6L, 0L, 1L, 
    0L, 0L, 51L, 3998L, 27L, 4L, 1L, 93L, 1L, 0L), .Dim = c(4L, 
    4L), .Dimnames = structure(list(c("-1", "0", "1", NA), c("A", 
    "C", "G", NA)), .Names = c("", "")), class = "table"), N = 8164L), 
    Tag.Distribution = structure(c(`1` = 145L, `2` = 64L, `3` = 55L, 
    `4` = 50L, `5` = 54L, `6` = 55L, `7` = 43L, `8` = 32L, `9` = 19L, 
    `10` = 25L, `11` = 34L, `12` = 28L, `13` = 27L, `14` = 16L, 
    `15` = 25L, `16` = 18L, `17` = 14L, `18` = 16L, `19` = 14L, 
    `20` = 14L, `21` = 11L, `22` = 12L, `23` = 5L, `24` = 8L, 
    `25` = 10L, `26` = 7L, `27` = 7L, `28` = 3L, `29` = 4L, `30` = 5L, 
    `32` = 6L, `34` = 4L, `35` = 6L, `36` = 1L, `37` = 3L, `39` = 1L, 
    `40` = 1L, `42` = 2L, `46` = 1L, `47` = 1L, `51` = 2L, `52` = 1L
    ), .Dim = 42L, .Dimnames = list(TagUsage = c("1", "2", "3", 
    "4", "5", "6", "7", "8", "9", "10", "11", "12", "13", "14", 
    "15", "16", "17", "18", "19", "20", "21", "22", "23", "24", 
    "25", "26", "27", "28", "29", "30", "32", "34", "35", "36", 
    "37", "39", "40", "42", "46", "47", "51", "52")), class = "table"), 
    No.Tag = structure(c(0L, 38L, 0L, 1L, 0L, 0L, 0L, 0L, 0L, 
    16L, 0L, 0L, 0L, 5L, 0L, 0L), .Dim = c(4L, 4L), .Dimnames = structure(list(
        c("-1", "0", "1", NA), c("A", "C", "G", NA)), .Names = c("", 
    "")), class = "table"), All.Tags = list(Concordant = list(
        Freqs = structure(c(0, 339, 0, 0, 0, 0, 0, 340, 0), .Dim = c(3L, 
        3L), .Dimnames = list(c("-1", "0", "1"), c("A", "C", 
        "G"))), N = 679), Majority = list(Freqs = structure(c(0, 
    411, 0, 0, 0, 0, 0, 425, 0), .Dim = c(3L, 3L), .Dimnames = list(
        c("-1", "0", "1"), c("A", "C", "G"))), N = 836)), `2` = structure(c(0, 
    347, 0, 0, 0, 0, 0, 352, 0), .Dim = c(3L, 3L), .Dimnames = list(
        c("-1", "0", "1"), c("A", "C", "G"))))))
