Results <-
list(`bwa.out//20220204//Control30_S23.sam` = list(DEPDC2_SNP1 = list(
    All = list(Freqs = structure(c(0L, 2L, 0L, 0L, 8L, 1430L, 
    9L, 4L, 14L, 1605L, 10L, 6L, 1L, 40L, 0L, 0L), .Dim = c(4L, 
    4L), .Dimnames = structure(list(c("-1", "0", "1", NA), c("A", 
    "C", "T", NA)), .Names = c("", "")), class = "table"), N = 3129L), 
    Tag.Distribution = structure(c(`1` = 173L, `2` = 81L, `3` = 63L, 
    `4` = 49L, `5` = 36L, `6` = 45L, `7` = 22L, `8` = 22L, `9` = 22L, 
    `10` = 24L, `11` = 18L, `12` = 9L, `13` = 3L, `14` = 7L, 
    `15` = 7L, `16` = 3L, `17` = 4L, `18` = 5L, `19` = 4L, `20` = 1L, 
    `21` = 1L, `22` = 2L, `23` = 1L, `24` = 1L, `38` = 1L, `42` = 1L
    ), .Dim = 26L, .Dimnames = list(TagUsage = c("1", "2", "3", 
    "4", "5", "6", "7", "8", "9", "10", "11", "12", "13", "14", 
    "15", "16", "17", "18", "19", "20", "21", "22", "23", "24", 
    "38", "42")), class = "table"), No.Tag = structure(c(0L, 
    1L, 0L, 0L, 1L, 65L, 2L, 2L, 0L, 69L, 2L, 1L, 0L, 6L, 0L, 
    0L), .Dim = c(4L, 4L), .Dimnames = structure(list(c("-1", 
    "0", "1", NA), c("A", "C", "T", NA)), .Names = c("", "")), class = "table"), 
    All.Tags = list(Concordant = list(Freqs = structure(c(0, 
    1, 0, 0, 248, 1, 0, 289, 0), .Dim = c(3L, 3L), .Dimnames = list(
        c("-1", "0", "1"), c("A", "C", "T"))), N = 539), Majority = list(
        Freqs = structure(c(0, 1, 0, 0, 272, 1, 1, 313, 0), .Dim = c(3L, 
        3L), .Dimnames = list(c("-1", "0", "1"), c("A", "C", 
        "T"))), N = 588)), `2` = structure(c(0, 0, 0, 0, 199, 
    0, 1, 222, 0), .Dim = c(3L, 3L), .Dimnames = list(c("-1", 
    "0", "1"), c("A", "C", "T"))))))
