Results <-
list(`bwa.out//20220204//BlindCMMRD59_S18.sam` = list(IM49_SNP1 = list(
    All = list(Freqs = structure(c(1L, 70L, 1827L, 31L, 21L, 
    0L, 48L, 1674L, 40L, 14L, 0L, 4L, 263L, 4L, 0L), .Dim = c(5L, 
    3L), .Dimnames = structure(list(c("-2", "-1", "0", "1", NA
    ), c("C", "G", NA)), .Names = c("", "")), class = "table"), 
        N = 3997L), Tag.Distribution = structure(c(`1` = 186L, 
    `2` = 67L, `3` = 52L, `4` = 42L, `5` = 39L, `6` = 39L, `7` = 29L, 
    `8` = 29L, `9` = 23L, `10` = 19L, `11` = 20L, `12` = 13L, 
    `13` = 9L, `14` = 16L, `15` = 10L, `16` = 9L, `17` = 10L, 
    `18` = 6L, `19` = 2L, `20` = 4L, `21` = 6L, `22` = 1L, `23` = 4L, 
    `24` = 2L, `25` = 4L, `27` = 1L, `28` = 2L, `30` = 1L, `31` = 2L, 
    `33` = 1L), .Dim = 30L, .Dimnames = list(TagUsage = c("1", 
    "2", "3", "4", "5", "6", "7", "8", "9", "10", "11", "12", 
    "13", "14", "15", "16", "17", "18", "19", "20", "21", "22", 
    "23", "24", "25", "27", "28", "30", "31", "33")), class = "table"), 
    No.Tag = structure(c(0L, 1L, 45L, 1L, 0L, 0L, 1L, 37L, 2L, 
    0L, 0L, 0L, 2L, 0L, 0L), .Dim = c(5L, 3L), .Dimnames = structure(list(
        c("-2", "-1", "0", "1", NA), c("C", "G", NA)), .Names = c("", 
    "")), class = "table"), All.Tags = list(Concordant = list(
        Freqs = structure(c(0, 1, 249, 3, 0, 3, 202, 0), .Dim = c(4L, 
        2L), .Dimnames = list(c("-2", "-1", "0", "1"), c("C", 
        "G"))), N = 458), Majority = list(Freqs = structure(c(0, 
    2, 319, 3, 0, 3, 261, 0), .Dim = c(4L, 2L), .Dimnames = list(
        c("-2", "-1", "0", "1"), c("C", "G"))), N = 588)), `2` = structure(c(0, 
    2, 239, 2, 0, 0, 209, 0), .Dim = c(4L, 2L), .Dimnames = list(
        c("-2", "-1", "0", "1"), c("C", "G"))))))
