Results <-
list(`bwa.out//20220204//BlindCMMRD92_S51.sam` = list(GM17_SNP1 = list(
    All = list(Freqs = structure(c(44L, 2497L, 10L, 2L, 35L, 
    2174L, 6L, 2L, 0L, 23L, 0L, 0L), .Dim = 4:3, .Dimnames = structure(list(
        c("-1", "0", "1", NA), c("C", "T", NA)), .Names = c("", 
    "")), class = "table"), N = 4793L), Tag.Distribution = structure(c(`1` = 103L, 
    `2` = 33L, `3` = 32L, `4` = 20L, `5` = 30L, `6` = 23L, `7` = 32L, 
    `8` = 16L, `9` = 25L, `10` = 15L, `11` = 19L, `12` = 15L, 
    `13` = 10L, `14` = 13L, `15` = 15L, `16` = 5L, `17` = 6L, 
    `18` = 11L, `19` = 10L, `20` = 7L, `21` = 5L, `22` = 8L, 
    `23` = 8L, `24` = 7L, `25` = 5L, `26` = 5L, `27` = 4L, `28` = 2L, 
    `30` = 3L, `31` = 3L, `32` = 3L, `33` = 1L, `34` = 1L, `36` = 2L, 
    `37` = 1L, `38` = 1L, `39` = 1L, `40` = 1L, `41` = 1L, `47` = 1L
    ), .Dim = 40L, .Dimnames = list(TagUsage = c("1", "2", "3", 
    "4", "5", "6", "7", "8", "9", "10", "11", "12", "13", "14", 
    "15", "16", "17", "18", "19", "20", "21", "22", "23", "24", 
    "25", "26", "27", "28", "30", "31", "32", "33", "34", "36", 
    "37", "38", "39", "40", "41", "47")), class = "table"), No.Tag = structure(c(0L, 
    64L, 1L, 0L, 0L, 17L, 1L, 1L, 0L, 1L, 0L, 0L), .Dim = 4:3, .Dimnames = structure(list(
        c("-1", "0", "1", NA), c("C", "T", NA)), .Names = c("", 
    "")), class = "table"), All.Tags = list(Concordant = list(
        Freqs = structure(c(1, 213, 0, 1, 213, 0), .Dim = 3:2, .Dimnames = list(
            c("-1", "0", "1"), c("C", "T"))), N = 428), Majority = list(
        Freqs = structure(c(1, 247, 0, 2, 248, 0), .Dim = 3:2, .Dimnames = list(
            c("-1", "0", "1"), c("C", "T"))), N = 498)), `2` = structure(c(1, 
    201, 0, 2, 196, 0), .Dim = 3:2, .Dimnames = list(c("-1", 
    "0", "1"), c("C", "T"))))))
