Results <-
list(`bwa.out//20220204//BlindCMMRD79_S38.sam` = list(GM17_SNP1 = list(
    All = list(Freqs = structure(c(1L, 62L, 4186L, 6L, 1L, 0L, 
    0L, 2L, 0L, 0L, 0L, 0L, 19L, 0L, 0L), .Dim = c(5L, 3L), .Dimnames = structure(list(
        c("-2", "-1", "0", "1", NA), c("C", "T", NA)), .Names = c("", 
    "")), class = "table"), N = 4277L), Tag.Distribution = structure(c(`1` = 101L, 
    `2` = 47L, `3` = 52L, `4` = 55L, `5` = 48L, `6` = 51L, `7` = 26L, 
    `8` = 34L, `9` = 19L, `10` = 26L, `11` = 22L, `12` = 20L, 
    `13` = 15L, `14` = 18L, `15` = 13L, `16` = 10L, `17` = 8L, 
    `18` = 4L, `19` = 4L, `20` = 5L, `21` = 1L, `22` = 4L, `23` = 4L, 
    `24` = 4L, `25` = 1L, `27` = 1L, `28` = 2L, `32` = 1L, `35` = 1L
    ), .Dim = 29L, .Dimnames = list(TagUsage = c("1", "2", "3", 
    "4", "5", "6", "7", "8", "9", "10", "11", "12", "13", "14", 
    "15", "16", "17", "18", "19", "20", "21", "22", "23", "24", 
    "25", "27", "28", "32", "35")), class = "table"), No.Tag = structure(c(0L, 
    2L, 130L, 0L, 0L, 0L, 0L, 0L, 0L, 0L, 0L, 0L, 3L, 0L, 0L), .Dim = c(5L, 
    3L), .Dimnames = structure(list(c("-2", "-1", "0", "1", NA
    ), c("C", "T", NA)), .Names = c("", "")), class = "table"), 
    All.Tags = list(Concordant = list(Freqs = structure(c(0, 
    2, 540, 1, 0, 0, 1, 0), .Dim = c(4L, 2L), .Dimnames = list(
        c("-2", "-1", "0", "1"), c("C", "T"))), N = 544), Majority = list(
        Freqs = structure(c(0, 3, 589, 1, 0, 0, 1, 0), .Dim = c(4L, 
        2L), .Dimnames = list(c("-2", "-1", "0", "1"), c("C", 
        "T"))), N = 594)), `2` = structure(c(0, 1, 493, 0, 0, 
    0, 0, 0), .Dim = c(4L, 2L), .Dimnames = list(c("-2", "-1", 
    "0", "1"), c("C", "T"))))))
