Results <-
list(`bwa.out//20220204//BlindCMMRD47_S7.sam` = list(LR36_SNP1 = list(
    All = list(Freqs = structure(c(0L, 2L, 31L, 1270L, 8L, 8L, 
    0L, 0L, 0L, 1L, 0L, 0L, 1L, 1L, 27L, 1347L, 12L, 9L, 0L, 
    0L, 1L, 89L, 1L, 0L), .Dim = c(6L, 4L), .Dimnames = structure(list(
        c("-3", "-2", "-1", "0", "1", NA), c("A", "G", "T", NA
        )), .Names = c("", "")), class = "table"), N = 2808L), 
    Tag.Distribution = structure(c(`1` = 67L, `2` = 21L, `3` = 18L, 
    `4` = 9L, `5` = 16L, `6` = 6L, `7` = 11L, `8` = 5L, `9` = 3L, 
    `10` = 6L, `11` = 8L, `12` = 4L, `13` = 4L, `14` = 4L, `15` = 6L, 
    `16` = 6L, `17` = 4L, `18` = 4L, `19` = 4L, `20` = 2L, `21` = 2L, 
    `22` = 2L, `24` = 4L, `25` = 2L, `26` = 3L, `27` = 2L, `28` = 5L, 
    `29` = 2L, `31` = 2L, `33` = 2L, `36` = 1L, `38` = 1L, `40` = 1L, 
    `41` = 2L, `42` = 2L, `43` = 1L, `46` = 1L, `48` = 3L, `49` = 3L, 
    `50` = 1L, `53` = 1L, `59` = 1L), .Dim = 42L, .Dimnames = list(
        TagUsage = c("1", "2", "3", "4", "5", "6", "7", "8", 
        "9", "10", "11", "12", "13", "14", "15", "16", "17", 
        "18", "19", "20", "21", "22", "24", "25", "26", "27", 
        "28", "29", "31", "33", "36", "38", "40", "41", "42", 
        "43", "46", "48", "49", "50", "53", "59")), class = "table"), 
    No.Tag = structure(c(0L, 0L, 0L, 44L, 0L, 1L, 0L, 0L, 0L, 
    0L, 0L, 0L, 0L, 0L, 1L, 32L, 2L, 1L, 0L, 0L, 0L, 9L, 1L, 
    0L), .Dim = c(6L, 4L), .Dimnames = structure(list(c("-3", 
    "-2", "-1", "0", "1", NA), c("A", "G", "T", NA)), .Names = c("", 
    "")), class = "table"), All.Tags = list(Concordant = list(
        Freqs = structure(c(0, 0, 1, 85, 0, 0, 0, 0, 0, 0, 0, 
        0, 1, 100, 0), .Dim = c(5L, 3L), .Dimnames = list(c("-3", 
        "-2", "-1", "0", "1"), c("A", "G", "T"))), N = 187), 
        Majority = list(Freqs = structure(c(0, 0, 1, 112, 0, 
        0, 0, 0, 0, 0, 0, 0, 1, 130, 0), .Dim = c(5L, 3L), .Dimnames = list(
            c("-3", "-2", "-1", "0", "1"), c("A", "G", "T"))), 
            N = 244)), `2` = structure(c(0, 0, 0, 85, 0, 0, 0, 
    0, 0, 0, 0, 0, 0, 99, 0), .Dim = c(5L, 3L), .Dimnames = list(
        c("-3", "-2", "-1", "0", "1"), c("A", "G", "T"))))))
