Results <-
list(`bwa.out//20220204//BlindCMMRD92_S51.sam` = list(LR40_SNP1 = list(
    All = list(Freqs = structure(c(0L, 0L, 1L, 0L, 0L, 1L, 71L, 
    4813L, 16L, 6L, 0L, 0L, 32L, 0L, 0L), .Dim = c(5L, 3L), .Dimnames = structure(list(
        c("-2", "-1", "0", "1", NA), c("A", "C", NA)), .Names = c("", 
    "")), class = "table"), N = 4940L), Tag.Distribution = structure(c(`1` = 107L, 
    `2` = 45L, `3` = 41L, `4` = 41L, `5` = 35L, `6` = 33L, `7` = 27L, 
    `8` = 26L, `9` = 24L, `10` = 26L, `11` = 16L, `12` = 15L, 
    `13` = 14L, `14` = 9L, `15` = 17L, `16` = 8L, `17` = 8L, 
    `18` = 9L, `19` = 9L, `20` = 7L, `21` = 5L, `22` = 6L, `23` = 1L, 
    `24` = 5L, `25` = 3L, `27` = 4L, `28` = 3L, `29` = 5L, `30` = 1L, 
    `31` = 2L, `34` = 2L, `36` = 1L, `37` = 1L, `38` = 3L, `42` = 2L, 
    `43` = 1L, `47` = 1L, `48` = 1L), .Dim = 38L, .Dimnames = list(
        TagUsage = c("1", "2", "3", "4", "5", "6", "7", "8", 
        "9", "10", "11", "12", "13", "14", "15", "16", "17", 
        "18", "19", "20", "21", "22", "23", "24", "25", "27", 
        "28", "29", "30", "31", "34", "36", "37", "38", "42", 
        "43", "47", "48")), class = "table"), No.Tag = structure(c(0L, 
    0L, 0L, 0L, 0L, 0L, 3L, 186L, 0L, 0L, 0L, 0L, 4L, 0L, 0L), .Dim = c(5L, 
    3L), .Dimnames = structure(list(c("-2", "-1", "0", "1", NA
    ), c("A", "C", NA)), .Names = c("", "")), class = "table"), 
    All.Tags = list(Concordant = list(Freqs = structure(c(0, 
    0, 0, 0, 0, 2, 496, 0), .Dim = c(4L, 2L), .Dimnames = list(
        c("-2", "-1", "0", "1"), c("A", "C"))), N = 498), Majority = list(
        Freqs = structure(c(0, 0, 0, 0, 0, 2, 556, 0), .Dim = c(4L, 
        2L), .Dimnames = list(c("-2", "-1", "0", "1"), c("A", 
        "C"))), N = 558)), `2` = structure(c(0, 0, 0, 0, 0, 1, 
    452, 0), .Dim = c(4L, 2L), .Dimnames = list(c("-2", "-1", 
    "0", "1"), c("A", "C"))))))
