Results <-
list(`bwa.out//20220204//BlindCMMRD86_S45.sam` = list(IM16_SNP1 = list(
    All = list(Freqs = structure(c(49L, 4769L, 55L, 1L, 0L, 4L, 
    0L, 1L, 0L, 1L, 0L, 0L, 0L, 41L, 1L, 0L), .Dim = c(4L, 4L
    ), .Dimnames = structure(list(c("-1", "0", "1", NA), c("A", 
    "G", "T", NA)), .Names = c("", "")), class = "table"), N = 4922L), 
    Tag.Distribution = structure(c(`1` = 164L, `2` = 89L, `3` = 84L, 
    `4` = 56L, `5` = 80L, `6` = 60L, `7` = 56L, `8` = 40L, `9` = 34L, 
    `10` = 25L, `11` = 22L, `12` = 30L, `13` = 15L, `14` = 15L, 
    `15` = 12L, `16` = 11L, `17` = 5L, `18` = 3L, `19` = 5L, 
    `20` = 5L, `21` = 2L, `22` = 2L, `23` = 1L, `26` = 2L, `27` = 2L, 
    `34` = 1L, `40` = 1L), .Dim = 27L, .Dimnames = list(TagUsage = c("1", 
    "2", "3", "4", "5", "6", "7", "8", "9", "10", "11", "12", 
    "13", "14", "15", "16", "17", "18", "19", "20", "21", "22", 
    "23", "26", "27", "34", "40")), class = "table"), No.Tag = structure(c(0L, 
    73L, 4L, 1L, 0L, 0L, 0L, 1L, 0L, 0L, 0L, 0L, 0L, 11L, 0L, 
    0L), .Dim = c(4L, 4L), .Dimnames = structure(list(c("-1", 
    "0", "1", NA), c("A", "G", "T", NA)), .Names = c("", "")), class = "table"), 
    All.Tags = list(Concordant = list(Freqs = structure(c(2, 
    730, 2, 0, 1, 0, 0, 0, 0), .Dim = c(3L, 3L), .Dimnames = list(
        c("-1", "0", "1"), c("A", "G", "T"))), N = 735), Majority = list(
        Freqs = structure(c(2, 804, 3, 0, 1, 0, 0, 0, 0), .Dim = c(3L, 
        3L), .Dimnames = list(c("-1", "0", "1"), c("A", "G", 
        "T"))), N = 810)), `2` = structure(c(0, 651, 1, 0, 0, 
    0, 0, 0, 0), .Dim = c(3L, 3L), .Dimnames = list(c("-1", "0", 
    "1"), c("A", "G", "T"))))))
