Results <-
list(`bwa.out//20220204//BlindCMMRD67_S26.sam` = list(IM16_SNP1 = list(
    All = list(Freqs = structure(c(1L, 9L, 0L, 0L, 0L, 0L, 2L, 
    0L, 0L, 0L, 73L, 5212L, 51L, 1L, 3L, 0L, 2L, 0L, 0L, 0L, 
    0L, 67L, 8L, 0L, 0L), .Dim = c(5L, 5L), .Dimnames = structure(list(
        c("-1", "0", "1", "2", NA), c("A", "C", "G", "T", NA)), .Names = c("", 
    "")), class = "table"), N = 5429L), Tag.Distribution = structure(c(`1` = 133L, 
    `2` = 54L, `3` = 62L, `4` = 40L, `5` = 40L, `6` = 61L, `7` = 38L, 
    `8` = 24L, `9` = 25L, `10` = 19L, `11` = 19L, `12` = 14L, 
    `13` = 12L, `14` = 13L, `15` = 17L, `16` = 10L, `17` = 17L, 
    `18` = 9L, `19` = 6L, `20` = 11L, `21` = 6L, `22` = 3L, `23` = 8L, 
    `24` = 8L, `25` = 5L, `26` = 3L, `27` = 2L, `28` = 2L, `29` = 3L, 
    `30` = 2L, `33` = 1L, `34` = 1L, `36` = 1L, `41` = 2L, `43` = 1L, 
    `45` = 1L), .Dim = 36L, .Dimnames = list(TagUsage = c("1", 
    "2", "3", "4", "5", "6", "7", "8", "9", "10", "11", "12", 
    "13", "14", "15", "16", "17", "18", "19", "20", "21", "22", 
    "23", "24", "25", "26", "27", "28", "29", "30", "33", "34", 
    "36", "41", "43", "45")), class = "table"), No.Tag = structure(c(0L, 
    1L, 0L, 0L, 0L, 0L, 0L, 0L, 0L, 0L, 3L, 171L, 2L, 0L, 0L, 
    0L, 0L, 0L, 0L, 0L, 0L, 8L, 2L, 0L, 0L), .Dim = c(5L, 5L), .Dimnames = structure(list(
        c("-1", "0", "1", "2", NA), c("A", "C", "G", "T", NA)), .Names = c("", 
    "")), class = "table"), All.Tags = list(Concordant = list(
        Freqs = structure(c(1, 5, 0, 0, 0, 0, 0, 0, 0, 569, 2, 
        0, 0, 0, 0, 0), .Dim = c(4L, 4L), .Dimnames = list(c("-1", 
        "0", "1", "2"), c("A", "C", "G", "T"))), N = 577), Majority = list(
        Freqs = structure(c(1, 5, 0, 0, 0, 0, 0, 0, 2, 654, 3, 
        0, 0, 0, 0, 0), .Dim = c(4L, 4L), .Dimnames = list(c("-1", 
        "0", "1", "2"), c("A", "C", "G", "T"))), N = 665)), `2` = structure(c(0, 
    0, 0, 0, 0, 0, 0, 0, 2, 537, 1, 0, 0, 0, 0, 0), .Dim = c(4L, 
    4L), .Dimnames = list(c("-1", "0", "1", "2"), c("A", "C", 
    "G", "T"))))))
