Results <-
list(`bwa.out//20220204//BlindCMMRD77_S36.sam` = list(LR17_SNP1 = list(
    All = list(Freqs = structure(c(1L, 87L, 2783L, 30L, 1L, 14L, 
    0L, 1L, 0L, 0L, 0L, 0L, 0L, 1L, 117L, 0L, 0L, 0L), .Dim = c(6L, 
    3L), .Dimnames = structure(list(c("-2", "-1", "0", "1", "2", 
    NA), c("A", "G", NA)), .Names = c("", "")), class = "table"), 
        N = 3035L), Tag.Distribution = structure(c(`1` = 82L, 
    `2` = 40L, `3` = 31L, `4` = 26L, `5` = 25L, `6` = 22L, `7` = 15L, 
    `8` = 9L, `9` = 14L, `10` = 10L, `11` = 9L, `12` = 18L, `13` = 14L, 
    `14` = 12L, `15` = 9L, `16` = 7L, `17` = 11L, `18` = 9L, 
    `19` = 1L, `20` = 7L, `21` = 3L, `23` = 5L, `24` = 1L, `25` = 2L, 
    `26` = 1L, `28` = 3L, `30` = 1L, `31` = 2L, `34` = 1L, `38` = 1L
    ), .Dim = 30L, .Dimnames = list(TagUsage = c("1", "2", "3", 
    "4", "5", "6", "7", "8", "9", "10", "11", "12", "13", "14", 
    "15", "16", "17", "18", "19", "20", "21", "23", "24", "25", 
    "26", "28", "30", "31", "34", "38")), class = "table"), No.Tag = structure(c(0L, 
    4L, 59L, 0L, 0L, 1L, 0L, 0L, 0L, 0L, 0L, 0L, 0L, 0L, 6L, 
    0L, 0L, 0L), .Dim = c(6L, 3L), .Dimnames = structure(list(
        c("-2", "-1", "0", "1", "2", NA), c("A", "G", NA)), .Names = c("", 
    "")), class = "table"), All.Tags = list(Concordant = list(
        Freqs = structure(c(0, 5, 296, 0, 0, 0, 0, 0, 0, 0), .Dim = c(5L, 
        2L), .Dimnames = list(c("-2", "-1", "0", "1", "2"), c("A", 
        "G"))), N = 301), Majority = list(Freqs = structure(c(0, 
    5, 375, 0, 0, 0, 0, 0, 0, 0), .Dim = c(5L, 2L), .Dimnames = list(
        c("-2", "-1", "0", "1", "2"), c("A", "G"))), N = 380)), 
    `2` = structure(c(0, 0, 301, 0, 0, 0, 0, 0, 0, 0), .Dim = c(5L, 
    2L), .Dimnames = list(c("-2", "-1", "0", "1", "2"), c("A", 
    "G"))))))
