Results <-
list(`bwa.out//20220204//BlindCMMRD124_S50.sam` = list(LR52_SNP1 = list(
    All = list(Freqs = structure(c(2L, 27L, 407L, 2660L, 39L, 
    18L, 0L, 0L, 1L, 8L, 1L, 0L, 0L, 0L, 4L, 179L, 0L, 0L), .Dim = c(6L, 
    3L), .Dimnames = structure(list(c("-3", "-2", "-1", "0", 
    "1", NA), c("C", "T", NA)), .Names = c("", "")), class = "table"), 
        N = 3346L), Tag.Distribution = structure(c(`1` = 119L, 
    `2` = 87L, `3` = 64L, `4` = 56L, `5` = 44L, `6` = 44L, `7` = 36L, 
    `8` = 25L, `9` = 25L, `10` = 22L, `11` = 12L, `12` = 12L, 
    `13` = 9L, `14` = 4L, `15` = 4L, `16` = 4L, `17` = 4L, `18` = 5L, 
    `19` = 3L, `20` = 3L, `21` = 6L, `22` = 4L, `23` = 1L, `24` = 1L, 
    `26` = 1L, `29` = 1L), .Dim = 26L, .Dimnames = list(TagUsage = c("1", 
    "2", "3", "4", "5", "6", "7", "8", "9", "10", "11", "12", 
    "13", "14", "15", "16", "17", "18", "19", "20", "21", "22", 
    "23", "24", "26", "29")), class = "table"), No.Tag = structure(c(0L, 
    0L, 12L, 73L, 0L, 1L, 0L, 0L, 0L, 1L, 0L, 0L, 0L, 0L, 0L, 
    5L, 0L, 0L), .Dim = c(6L, 3L), .Dimnames = structure(list(
        c("-3", "-2", "-1", "0", "1", NA), c("C", "T", NA)), .Names = c("", 
    "")), class = "table"), All.Tags = list(Concordant = list(
        Freqs = structure(c(0, 1, 35, 343, 3, 0, 0, 0, 3, 0), .Dim = c(5L, 
        2L), .Dimnames = list(c("-3", "-2", "-1", "0", "1"), 
            c("C", "T"))), N = 385), Majority = list(Freqs = structure(c(0, 
    2, 48, 508, 5, 0, 0, 0, 4, 0), .Dim = c(5L, 2L), .Dimnames = list(
        c("-3", "-2", "-1", "0", "1"), c("C", "T"))), N = 567)), 
    `2` = structure(c(0, 1, 29, 424, 3, 0, 0, 0, 1, 0), .Dim = c(5L, 
    2L), .Dimnames = list(c("-3", "-2", "-1", "0", "1"), c("C", 
    "T"))))))
