Results <-
list(`bwa.out//20220204//BlindCMMRD116_S42.sam` = list(GM29_SNP1 = list(
    All = list(Freqs = structure(c(1L, 60L, 3844L, 8L, 8L, 0L, 
    1L, 1L, 0L, 0L, 0L, 0L, 1L, 0L, 0L, 0L, 0L, 20L, 0L, 0L), .Dim = 5:4, .Dimnames = structure(list(
        c("-3", "-1", "0", "1", NA), c("A", "G", "T", NA)), .Names = c("", 
    "")), class = "table"), N = 3944L), Tag.Distribution = structure(c(`1` = 102L, 
    `2` = 83L, `3` = 75L, `4` = 78L, `5` = 70L, `6` = 47L, `7` = 41L, 
    `8` = 32L, `9` = 18L, `10` = 16L, `11` = 21L, `12` = 18L, 
    `13` = 15L, `14` = 14L, `15` = 11L, `16` = 2L, `17` = 5L, 
    `18` = 4L, `19` = 5L, `21` = 3L, `22` = 1L, `23` = 2L, `25` = 2L, 
    `26` = 1L, `27` = 1L), .Dim = 25L, .Dimnames = list(TagUsage = c("1", 
    "2", "3", "4", "5", "6", "7", "8", "9", "10", "11", "12", 
    "13", "14", "15", "16", "17", "18", "19", "21", "22", "23", 
    "25", "26", "27")), class = "table"), No.Tag = structure(c(0L, 
    0L, 119L, 0L, 0L, 0L, 0L, 1L, 0L, 0L, 0L, 0L, 0L, 0L, 0L, 
    0L, 0L, 1L, 0L, 0L), .Dim = 5:4, .Dimnames = structure(list(
        c("-3", "-1", "0", "1", NA), c("A", "G", "T", NA)), .Names = c("", 
    "")), class = "table"), All.Tags = list(Concordant = list(
        Freqs = structure(c(0, 6, 609, 0, 0, 1, 0, 0, 0, 0, 0, 
        0), .Dim = 4:3, .Dimnames = list(c("-3", "-1", "0", "1"
        ), c("A", "G", "T"))), N = 616), Majority = list(Freqs = structure(c(0, 
    6, 656, 0, 0, 1, 0, 0, 0, 0, 0, 0), .Dim = 4:3, .Dimnames = list(
        c("-3", "-1", "0", "1"), c("A", "G", "T"))), N = 663)), 
    `2` = structure(c(0, 4, 559, 0, 0, 0, 0, 0, 0, 0, 0, 0), .Dim = 4:3, .Dimnames = list(
        c("-3", "-1", "0", "1"), c("A", "G", "T"))))))
