Results <-
list(`bwa.out//20220204//Control25_S18.sam` = list(LR11_SNP1 = list(
    All = list(Freqs = structure(c(19L, 1301L, 11L, 6L, 18L, 
    946L, 5L, 4L, 0L, 11L, 0L, 0L), .Dim = 4:3, .Dimnames = structure(list(
        c("-1", "0", "1", NA), c("A", "C", NA)), .Names = c("", 
    "")), class = "table"), N = 2321L), Tag.Distribution = structure(c(`1` = 62L, 
    `2` = 28L, `3` = 26L, `4` = 18L, `5` = 14L, `6` = 29L, `7` = 23L, 
    `8` = 18L, `9` = 10L, `10` = 14L, `11` = 9L, `12` = 12L, 
    `13` = 8L, `14` = 9L, `15` = 6L, `16` = 12L, `17` = 3L, `18` = 1L, 
    `19` = 3L, `20` = 3L, `21` = 1L, `22` = 5L, `23` = 1L, `24` = 1L, 
    `25` = 2L, `26` = 1L, `27` = 1L, `33` = 1L), .Dim = 28L, .Dimnames = list(
        TagUsage = c("1", "2", "3", "4", "5", "6", "7", "8", 
        "9", "10", "11", "12", "13", "14", "15", "16", "17", 
        "18", "19", "20", "21", "22", "23", "24", "25", "26", 
        "27", "33")), class = "table"), No.Tag = structure(c(0L, 
    12L, 0L, 0L, 1L, 5L, 0L, 0L, 0L, 1L, 0L, 0L), .Dim = 4:3, .Dimnames = structure(list(
        c("-1", "0", "1", NA), c("A", "C", NA)), .Names = c("", 
    "")), class = "table"), All.Tags = list(Concordant = list(
        Freqs = structure(c(1, 158, 1, 1, 110, 0), .Dim = 3:2, .Dimnames = list(
            c("-1", "0", "1"), c("A", "C"))), N = 271), Majority = list(
        Freqs = structure(c(1, 184, 1, 1, 131, 0), .Dim = 3:2, .Dimnames = list(
            c("-1", "0", "1"), c("A", "C"))), N = 318)), `2` = structure(c(0, 
    147, 0, 0, 111, 0), .Dim = 3:2, .Dimnames = list(c("-1", 
    "0", "1"), c("A", "C"))))))
