Results <-
list(`bwa.out//20220204//17D1520_S5.sam` = list(LR11_SNP1 = list(
    All = list(Freqs = structure(c(1L, 35L, 1959L, 11L, 0L, 15L, 
    1L, 28L, 1287L, 14L, 0L, 5L, 0L, 0L, 1L, 0L, 0L, 0L, 0L, 
    1L, 1L, 0L, 0L, 0L, 0L, 0L, 28L, 1L, 1L, 0L), .Dim = 6:5, .Dimnames = structure(list(
        c("-2", "-1", "0", "1", "2", NA), c("A", "C", "G", "T", 
        NA)), .Names = c("", "")), class = "table"), N = 3389L), 
    Tag.Distribution = structure(c(`1` = 119L, `2` = 61L, `3` = 45L, 
    `4` = 36L, `5` = 28L, `6` = 26L, `7` = 17L, `8` = 22L, `9` = 17L, 
    `10` = 20L, `11` = 8L, `12` = 8L, `13` = 9L, `14` = 9L, `15` = 6L, 
    `16` = 4L, `17` = 7L, `18` = 2L, `19` = 2L, `20` = 4L, `21` = 3L, 
    `22` = 5L, `23` = 3L, `24` = 5L, `25` = 1L, `26` = 1L, `27` = 2L, 
    `28` = 1L, `29` = 2L, `30` = 2L, `32` = 2L, `33` = 1L, `34` = 1L, 
    `35` = 1L, `36` = 1L, `37` = 2L, `40` = 1L, `53` = 1L), .Dim = 38L, .Dimnames = list(
        TagUsage = c("1", "2", "3", "4", "5", "6", "7", "8", 
        "9", "10", "11", "12", "13", "14", "15", "16", "17", 
        "18", "19", "20", "21", "22", "23", "24", "25", "26", 
        "27", "28", "29", "30", "32", "33", "34", "35", "36", 
        "37", "40", "53")), class = "table"), No.Tag = structure(c(0L, 
    0L, 11L, 0L, 0L, 1L, 0L, 0L, 70L, 0L, 0L, 0L, 0L, 0L, 0L, 
    0L, 0L, 0L, 0L, 0L, 0L, 0L, 0L, 0L, 0L, 0L, 7L, 0L, 0L, 0L
    ), .Dim = 6:5, .Dimnames = structure(list(c("-2", "-1", "0", 
    "1", "2", NA), c("A", "C", "G", "T", NA)), .Names = c("", 
    "")), class = "table"), All.Tags = list(Concordant = list(
        Freqs = structure(c(0, 1, 210, 1, 0, 0, 4, 172, 1, 0, 
        0, 0, 0, 0, 0, 0, 0, 0, 0, 0), .Dim = 5:4, .Dimnames = list(
            c("-2", "-1", "0", "1", "2"), c("A", "C", "G", "T"
            ))), N = 389), Majority = list(Freqs = structure(c(0, 
    1, 262, 1, 0, 0, 4, 205, 1, 0, 0, 0, 0, 0, 0, 0, 0, 0, 0, 
    0), .Dim = 5:4, .Dimnames = list(c("-2", "-1", "0", "1", 
    "2"), c("A", "C", "G", "T"))), N = 474)), `2` = structure(c(0, 
    0, 202, 0, 0, 0, 2, 155, 0, 0, 0, 0, 0, 0, 0, 0, 0, 0, 0, 
    0), .Dim = 5:4, .Dimnames = list(c("-2", "-1", "0", "1", 
    "2"), c("A", "C", "G", "T"))))))
