Results <-
list(`bwa.out//20220204//BlindCMMRD66_S25.sam` = list(LR40_SNP1 = list(
    All = list(Freqs = structure(c(0L, 0L, 2L, 0L, 0L, 1L, 47L, 
    4897L, 11L, 9L, 0L, 0L, 16L, 1L, 0L), .Dim = c(5L, 3L), .Dimnames = structure(list(
        c("-2", "-1", "0", "1", NA), c("A", "C", NA)), .Names = c("", 
    "")), class = "table"), N = 4984L), Tag.Distribution = structure(c(`1` = 119L, 
    `2` = 62L, `3` = 56L, `4` = 39L, `5` = 40L, `6` = 33L, `7` = 43L, 
    `8` = 28L, `9` = 31L, `10` = 16L, `11` = 23L, `12` = 17L, 
    `13` = 11L, `14` = 12L, `15` = 13L, `16` = 14L, `17` = 13L, 
    `18` = 10L, `19` = 13L, `20` = 6L, `21` = 6L, `22` = 3L, 
    `23` = 3L, `24` = 6L, `25` = 3L, `26` = 3L, `27` = 2L, `28` = 4L, 
    `29` = 1L, `30` = 4L, `32` = 1L, `33` = 2L, `35` = 1L), .Dim = 33L, .Dimnames = list(
        TagUsage = c("1", "2", "3", "4", "5", "6", "7", "8", 
        "9", "10", "11", "12", "13", "14", "15", "16", "17", 
        "18", "19", "20", "21", "22", "23", "24", "25", "26", 
        "27", "28", "29", "30", "32", "33", "35")), class = "table"), 
    No.Tag = structure(c(0L, 0L, 0L, 0L, 0L, 0L, 0L, 91L, 0L, 
    0L, 0L, 0L, 2L, 1L, 0L), .Dim = c(5L, 3L), .Dimnames = structure(list(
        c("-2", "-1", "0", "1", NA), c("A", "C", NA)), .Names = c("", 
    "")), class = "table"), All.Tags = list(Concordant = list(
        Freqs = structure(c(0, 0, 2, 0, 0, 4, 579, 0), .Dim = c(4L, 
        2L), .Dimnames = list(c("-2", "-1", "0", "1"), c("A", 
        "C"))), N = 585), Majority = list(Freqs = structure(c(0, 
    0, 2, 0, 0, 4, 628, 0), .Dim = c(4L, 2L), .Dimnames = list(
        c("-2", "-1", "0", "1"), c("A", "C"))), N = 634)), `2` = structure(c(0, 
    0, 0, 0, 0, 1, 516, 0), .Dim = c(4L, 2L), .Dimnames = list(
        c("-2", "-1", "0", "1"), c("A", "C"))))))
