Results <-
list(`bwa.out//20220204//Control26_S19.sam` = list(GM09_SNP1 = list(
    All = list(Freqs = structure(c(0L, 3L, 0L, 0L, 12L, 3109L, 
    6L, 3L, 0L, 8L, 0L, 0L), .Dim = 4:3, .Dimnames = structure(list(
        c("-1", "0", "1", NA), c("A", "G", NA)), .Names = c("", 
    "")), class = "table"), N = 3141L), Tag.Distribution = structure(c(`1` = 108L, 
    `2` = 58L, `3` = 48L, `4` = 45L, `5` = 33L, `6` = 31L, `7` = 39L, 
    `8` = 16L, `9` = 16L, `10` = 13L, `11` = 12L, `12` = 10L, 
    `13` = 12L, `14` = 13L, `15` = 9L, `16` = 6L, `17` = 3L, 
    `18` = 7L, `19` = 5L, `20` = 1L, `21` = 3L, `22` = 4L, `23` = 2L, 
    `24` = 4L, `25` = 2L, `28` = 1L, `30` = 1L), .Dim = 27L, .Dimnames = list(
        TagUsage = c("1", "2", "3", "4", "5", "6", "7", "8", 
        "9", "10", "11", "12", "13", "14", "15", "16", "17", 
        "18", "19", "20", "21", "22", "23", "24", "25", "28", 
        "30")), class = "table"), No.Tag = structure(c(0L, 0L, 
    0L, 0L, 0L, 51L, 0L, 2L, 0L, 0L, 0L, 0L), .Dim = 4:3, .Dimnames = structure(list(
        c("-1", "0", "1", NA), c("A", "G", NA)), .Names = c("", 
    "")), class = "table"), All.Tags = list(Concordant = list(
        Freqs = structure(c(0, 2, 0, 1, 478, 0), .Dim = 3:2, .Dimnames = list(
            c("-1", "0", "1"), c("A", "G"))), N = 481), Majority = list(
        Freqs = structure(c(0, 2, 0, 1, 495, 0), .Dim = 3:2, .Dimnames = list(
            c("-1", "0", "1"), c("A", "G"))), N = 498)), `2` = structure(c(0, 
    0, 0, 0, 393, 0), .Dim = 3:2, .Dimnames = list(c("-1", "0", 
    "1"), c("A", "G"))))))
