Results <-
list(`bwa.out//20220204//Control19_S12.sam` = list(GM22_SNP1 = list(
    All = list(Freqs = structure(c(34L, 1781L, 6L, 13L, 26L, 
    1328L, 4L, 5L, 1L, 34L, 0L, 0L), .Dim = 4:3, .Dimnames = structure(list(
        c("-1", "0", "1", NA), c("A", "G", NA)), .Names = c("", 
    "")), class = "table"), N = 3232L), Tag.Distribution = structure(c(`1` = 104L, 
    `2` = 53L, `3` = 36L, `4` = 38L, `5` = 25L, `6` = 27L, `7` = 17L, 
    `8` = 26L, `9` = 13L, `10` = 20L, `11` = 15L, `12` = 13L, 
    `13` = 12L, `14` = 6L, `15` = 10L, `16` = 3L, `17` = 3L, 
    `18` = 9L, `19` = 4L, `20` = 6L, `21` = 1L, `22` = 6L, `23` = 3L, 
    `24` = 3L, `25` = 3L, `26` = 3L, `28` = 2L, `29` = 1L, `30` = 1L, 
    `37` = 1L), .Dim = 30L, .Dimnames = list(TagUsage = c("1", 
    "2", "3", "4", "5", "6", "7", "8", "9", "10", "11", "12", 
    "13", "14", "15", "16", "17", "18", "19", "20", "21", "22", 
    "23", "24", "25", "26", "28", "29", "30", "37")), class = "table"), 
    No.Tag = structure(c(0L, 35L, 0L, 0L, 1L, 21L, 0L, 2L, 0L, 
    5L, 0L, 0L), .Dim = 4:3, .Dimnames = structure(list(c("-1", 
    "0", "1", NA), c("A", "G", NA)), .Names = c("", "")), class = "table"), 
    All.Tags = list(Concordant = list(Freqs = structure(c(2, 
    230, 0, 1, 160, 0), .Dim = 3:2, .Dimnames = list(c("-1", 
    "0", "1"), c("A", "G"))), N = 393), Majority = list(Freqs = structure(c(2, 
    264, 0, 1, 186, 0), .Dim = 3:2, .Dimnames = list(c("-1", 
    "0", "1"), c("A", "G"))), N = 453)), `2` = structure(c(0, 
    203, 0, 0, 150, 0), .Dim = 3:2, .Dimnames = list(c("-1", 
    "0", "1"), c("A", "G"))))))
