Results <-
list(`bwa.out//20220204//Control27_S20.sam` = list(GM29_SNP1 = list(
    All = list(Freqs = structure(c(1L, 40L, 3269L, 13L, 2L, 0L, 
    0L, 1L, 0L, 1L, 0L, 0L, 18L, 0L, 0L), .Dim = c(5L, 3L), .Dimnames = structure(list(
        c("-2", "-1", "0", "1", NA), c("A", "G", NA)), .Names = c("", 
    "")), class = "table"), N = 3345L), Tag.Distribution = structure(c(`1` = 97L, 
    `2` = 56L, `3` = 35L, `4` = 34L, `5` = 24L, `6` = 26L, `7` = 24L, 
    `8` = 18L, `9` = 16L, `10` = 21L, `11` = 12L, `12` = 7L, 
    `13` = 11L, `14` = 6L, `15` = 10L, `16` = 15L, `17` = 6L, 
    `18` = 4L, `19` = 7L, `20` = 4L, `21` = 3L, `22` = 2L, `23` = 2L, 
    `24` = 3L, `25` = 6L, `27` = 1L, `30` = 2L, `31` = 2L, `32` = 2L, 
    `33` = 1L, `34` = 1L), .Dim = 31L, .Dimnames = list(TagUsage = c("1", 
    "2", "3", "4", "5", "6", "7", "8", "9", "10", "11", "12", 
    "13", "14", "15", "16", "17", "18", "19", "20", "21", "22", 
    "23", "24", "25", "27", "30", "31", "32", "33", "34")), class = "table"), 
    No.Tag = structure(c(1L, 0L, 75L, 0L, 0L, 0L, 0L, 0L, 0L, 
    1L, 0L, 0L, 1L, 0L, 0L), .Dim = c(5L, 3L), .Dimnames = structure(list(
        c("-2", "-1", "0", "1", NA), c("A", "G", NA)), .Names = c("", 
    "")), class = "table"), All.Tags = list(Concordant = list(
        Freqs = structure(c(0, 0, 406, 0, 0, 0, 1, 0), .Dim = c(4L, 
        2L), .Dimnames = list(c("-2", "-1", "0", "1"), c("A", 
        "G"))), N = 407), Majority = list(Freqs = structure(c(0, 
    0, 453, 0, 0, 0, 1, 0), .Dim = c(4L, 2L), .Dimnames = list(
        c("-2", "-1", "0", "1"), c("A", "G"))), N = 454)), `2` = structure(c(0, 
    0, 358, 0, 0, 0, 0, 0), .Dim = c(4L, 2L), .Dimnames = list(
        c("-2", "-1", "0", "1"), c("A", "G"))))))
