Results <-
list(`bwa.out//20220204//BlindCMMRD60_S19.sam` = list(IM49_SNP1 = list(
    All = list(Freqs = structure(c(1L, 116L, 3912L, 65L, 1L, 
    43L, 0L, 0L, 12L, 1L, 0L, 1L, 0L, 4L, 233L, 3L, 0L, 0L), .Dim = c(6L, 
    3L), .Dimnames = structure(list(c("-2", "-1", "0", "1", "2", 
    NA), c("C", "G", NA)), .Names = c("", "")), class = "table"), 
        N = 4392L), Tag.Distribution = structure(c(`1` = 230L, 
    `2` = 74L, `3` = 79L, `4` = 48L, `5` = 40L, `6` = 36L, `7` = 30L, 
    `8` = 34L, `9` = 23L, `10` = 22L, `11` = 18L, `12` = 14L, 
    `13` = 14L, `14` = 10L, `15` = 11L, `16` = 10L, `17` = 6L, 
    `18` = 11L, `19` = 4L, `20` = 4L, `21` = 2L, `22` = 7L, `23` = 3L, 
    `24` = 3L, `25` = 2L, `27` = 1L, `28` = 2L, `29` = 2L, `31` = 3L, 
    `33` = 1L, `34` = 1L), .Dim = 31L, .Dimnames = list(TagUsage = c("1", 
    "2", "3", "4", "5", "6", "7", "8", "9", "10", "11", "12", 
    "13", "14", "15", "16", "17", "18", "19", "20", "21", "22", 
    "23", "24", "25", "27", "28", "29", "31", "33", "34")), class = "table"), 
    No.Tag = structure(c(0L, 4L, 91L, 1L, 0L, 1L, 0L, 0L, 0L, 
    0L, 0L, 0L, 0L, 0L, 6L, 0L, 0L, 0L), .Dim = c(6L, 3L), .Dimnames = structure(list(
        c("-2", "-1", "0", "1", "2", NA), c("C", "G", NA)), .Names = c("", 
    "")), class = "table"), All.Tags = list(Concordant = list(
        Freqs = structure(c(0, 4, 532, 4, 0, 0, 0, 9, 0, 0), .Dim = c(5L, 
        2L), .Dimnames = list(c("-2", "-1", "0", "1", "2"), c("C", 
        "G"))), N = 549), Majority = list(Freqs = structure(c(0, 
    4, 658, 4, 0, 0, 0, 9, 0, 0), .Dim = c(5L, 2L), .Dimnames = list(
        c("-2", "-1", "0", "1", "2"), c("C", "G"))), N = 675)), 
    `2` = structure(c(0, 0, 506, 0, 0, 0, 0, 0, 0, 0), .Dim = c(5L, 
    2L), .Dimnames = list(c("-2", "-1", "0", "1", "2"), c("C", 
    "G"))))))
