Results <-
list(`bwa.out//20220204//Control11_S4.sam` = list(GM14_SNP1 = list(
    All = list(Freqs = structure(c(21L, 756L, 5L, 3L, 18L, 921L, 
    6L, 0L, 0L, 32L, 1L, 0L), .Dim = 4:3, .Dimnames = structure(list(
        c("-1", "0", "1", NA), c("C", "T", NA)), .Names = c("", 
    "")), class = "table"), N = 1763L), Tag.Distribution = structure(c(`1` = 80L, 
    `2` = 37L, `3` = 29L, `4` = 17L, `5` = 20L, `6` = 21L, `7` = 15L, 
    `8` = 16L, `9` = 18L, `10` = 6L, `11` = 10L, `12` = 5L, `13` = 6L, 
    `14` = 3L, `15` = 6L, `16` = 2L, `17` = 2L, `18` = 1L, `20` = 2L, 
    `21` = 2L, `22` = 1L, `23` = 3L, `25` = 2L), .Dim = 23L, .Dimnames = list(
        TagUsage = c("1", "2", "3", "4", "5", "6", "7", "8", 
        "9", "10", "11", "12", "13", "14", "15", "16", "17", 
        "18", "20", "21", "22", "23", "25")), class = "table"), 
    No.Tag = structure(c(0L, 23L, 1L, 0L, 3L, 54L, 0L, 0L, 0L, 
    5L, 0L, 0L), .Dim = 4:3, .Dimnames = structure(list(c("-1", 
    "0", "1", NA), c("C", "T", NA)), .Names = c("", "")), class = "table"), 
    All.Tags = list(Concordant = list(Freqs = structure(c(1, 
    123, 0, 1, 133, 0), .Dim = 3:2, .Dimnames = list(c("-1", 
    "0", "1"), c("C", "T"))), N = 258), Majority = list(Freqs = structure(c(1, 
    149, 0, 1, 149, 0), .Dim = 3:2, .Dimnames = list(c("-1", 
    "0", "1"), c("C", "T"))), N = 300)), `2` = structure(c(0, 
    109, 0, 0, 114, 0), .Dim = 3:2, .Dimnames = list(c("-1", 
    "0", "1"), c("C", "T"))))))
