Results <-
list(`bwa.out//20220204//Control24_S17.sam` = list(IM16_SNP1 = list(
    All = list(Freqs = structure(c(9L, 1307L, 17L, 1L, 7L, 1390L, 
    19L, 1L, 0L, 45L, 1L, 0L), .Dim = 4:3, .Dimnames = structure(list(
        c("-1", "0", "1", NA), c("A", "G", NA)), .Names = c("", 
    "")), class = "table"), N = 2797L), Tag.Distribution = structure(c(`1` = 106L, 
    `2` = 41L, `3` = 40L, `4` = 37L, `5` = 36L, `6` = 17L, `7` = 19L, 
    `8` = 22L, `9` = 17L, `10` = 5L, `11` = 8L, `12` = 8L, `13` = 4L, 
    `14` = 10L, `15` = 10L, `16` = 7L, `17` = 6L, `18` = 3L, 
    `19` = 1L, `20` = 5L, `21` = 4L, `22` = 3L, `23` = 2L, `24` = 3L, 
    `25` = 3L, `26` = 1L, `27` = 2L, `28` = 1L, `30` = 1L, `31` = 2L
    ), .Dim = 30L, .Dimnames = list(TagUsage = c("1", "2", "3", 
    "4", "5", "6", "7", "8", "9", "10", "11", "12", "13", "14", 
    "15", "16", "17", "18", "19", "20", "21", "22", "23", "24", 
    "25", "26", "27", "28", "30", "31")), class = "table"), No.Tag = structure(c(1L, 
    35L, 1L, 0L, 0L, 48L, 0L, 1L, 0L, 5L, 0L, 0L), .Dim = 4:3, .Dimnames = structure(list(
        c("-1", "0", "1", NA), c("A", "G", NA)), .Names = c("", 
    "")), class = "table"), All.Tags = list(Concordant = list(
        Freqs = structure(c(1, 177, 1, 0, 183, 1), .Dim = 3:2, .Dimnames = list(
            c("-1", "0", "1"), c("A", "G"))), N = 363), Majority = list(
        Freqs = structure(c(1, 200, 1, 0, 208, 1), .Dim = 3:2, .Dimnames = list(
            c("-1", "0", "1"), c("A", "G"))), N = 411)), `2` = structure(c(0, 
    152, 0, 0, 161, 0), .Dim = 3:2, .Dimnames = list(c("-1", 
    "0", "1"), c("A", "G"))))))
