Results <-
list(`bwa.out//20220204//BlindCMMRD111_S37.sam` = list(GM17_SNP1 = list(
    All = list(Freqs = structure(c(25L, 2022L, 5L, 4L, 13L, 1884L, 
    4L, 4L, 1L, 20L, 1L, 0L), .Dim = 4:3, .Dimnames = structure(list(
        c("-1", "0", "1", NA), c("C", "T", NA)), .Names = c("", 
    "")), class = "table"), N = 3983L), Tag.Distribution = structure(c(`1` = 210L, 
    `2` = 169L, `3` = 157L, `4` = 119L, `5` = 74L, `6` = 65L, 
    `7` = 38L, `8` = 40L, `9` = 23L, `10` = 24L, `11` = 11L, 
    `12` = 10L, `13` = 8L, `14` = 4L, `15` = 6L, `16` = 3L, `17` = 3L, 
    `21` = 1L, `22` = 1L, `25` = 1L), .Dim = 20L, .Dimnames = list(
        TagUsage = c("1", "2", "3", "4", "5", "6", "7", "8", 
        "9", "10", "11", "12", "13", "14", "15", "16", "17", 
        "21", "22", "25")), class = "table"), No.Tag = structure(c(0L, 
    28L, 0L, 0L, 0L, 6L, 0L, 0L, 0L, 3L, 0L, 0L), .Dim = 4:3, .Dimnames = structure(list(
        c("-1", "0", "1", NA), c("C", "T", NA)), .Names = c("", 
    "")), class = "table"), All.Tags = list(Concordant = list(
        Freqs = structure(c(1, 420, 1, 1, 404, 0), .Dim = 3:2, .Dimnames = list(
            c("-1", "0", "1"), c("C", "T"))), N = 827), Majority = list(
        Freqs = structure(c(1, 482, 1, 1, 453, 0), .Dim = 3:2, .Dimnames = list(
            c("-1", "0", "1"), c("C", "T"))), N = 938)), `2` = structure(c(0, 
    375, 0, 0, 356, 0), .Dim = 3:2, .Dimnames = list(c("-1", 
    "0", "1"), c("C", "T"))))))
