Results <-
list(`bwa.out//20220204//BlindCMMRD50_S10.sam` = list(GM09_SNP1 = list(
    All = list(Freqs = structure(c(0L, 0L, 9L, 0L, 0L, 1L, 92L, 
    5041L, 5L, 1L, 0L, 0L, 36L, 0L, 0L), .Dim = c(5L, 3L), .Dimnames = structure(list(
        c("-2", "-1", "0", "1", NA), c("A", "G", NA)), .Names = c("", 
    "")), class = "table"), N = 5185L), Tag.Distribution = structure(c(`1` = 102L, 
    `2` = 32L, `3` = 12L, `4` = 22L, `5` = 21L, `6` = 15L, `7` = 14L, 
    `8` = 10L, `9` = 14L, `10` = 11L, `11` = 7L, `12` = 5L, `13` = 11L, 
    `14` = 6L, `15` = 5L, `16` = 5L, `17` = 3L, `18` = 11L, `19` = 8L, 
    `20` = 4L, `21` = 2L, `22` = 4L, `23` = 6L, `24` = 6L, `25` = 3L, 
    `26` = 4L, `27` = 1L, `28` = 3L, `29` = 4L, `30` = 2L, `31` = 3L, 
    `32` = 1L, `33` = 5L, `34` = 3L, `35` = 2L, `36` = 3L, `37` = 2L, 
    `38` = 2L, `39` = 4L, `40` = 3L, `41` = 2L, `43` = 4L, `44` = 1L, 
    `45` = 1L, `46` = 1L, `47` = 3L, `48` = 1L, `52` = 2L, `54` = 1L, 
    `55` = 2L, `58` = 1L, `59` = 1L, `62` = 1L, `63` = 1L, `68` = 1L, 
    `69` = 1L, `71` = 1L), .Dim = 57L, .Dimnames = list(TagUsage = c("1", 
    "2", "3", "4", "5", "6", "7", "8", "9", "10", "11", "12", 
    "13", "14", "15", "16", "17", "18", "19", "20", "21", "22", 
    "23", "24", "25", "26", "27", "28", "29", "30", "31", "32", 
    "33", "34", "35", "36", "37", "38", "39", "40", "41", "43", 
    "44", "45", "46", "47", "48", "52", "54", "55", "58", "59", 
    "62", "63", "68", "69", "71")), class = "table"), No.Tag = structure(c(0L, 
    0L, 0L, 0L, 0L, 0L, 0L, 114L, 0L, 0L, 0L, 0L, 2L, 0L, 0L), .Dim = c(5L, 
    3L), .Dimnames = structure(list(c("-2", "-1", "0", "1", NA
    ), c("A", "G", NA)), .Names = c("", "")), class = "table"), 
    All.Tags = list(Concordant = list(Freqs = structure(c(0, 
    0, 8, 0, 0, 1, 360, 0), .Dim = c(4L, 2L), .Dimnames = list(
        c("-2", "-1", "0", "1"), c("A", "G"))), N = 369), Majority = list(
        Freqs = structure(c(0, 0, 8, 0, 0, 3, 389, 0), .Dim = c(4L, 
        2L), .Dimnames = list(c("-2", "-1", "0", "1"), c("A", 
        "G"))), N = 400)), `2` = structure(c(0, 0, 0, 0, 0, 2, 
    302, 0), .Dim = c(4L, 2L), .Dimnames = list(c("-2", "-1", 
    "0", "1"), c("A", "G"))))))
