Results <-
list(`bwa.out//20220204//BlindCMMRD99_S58.sam` = list(GM09_SNP1 = list(
    All = list(Freqs = structure(c(1L, 17L, 2619L, 5L, 0L, 5L, 
    2406L, 20L, 0L, 1L, 29L, 0L), .Dim = 4:3, .Dimnames = structure(list(
        c("-2", "-1", "0", "1"), c("A", "G", NA)), .Names = c("", 
    "")), class = "table"), N = 5103L), Tag.Distribution = structure(c(`1` = 174L, 
    `2` = 78L, `3` = 76L, `4` = 66L, `5` = 42L, `6` = 43L, `7` = 26L, 
    `8` = 39L, `9` = 24L, `10` = 15L, `11` = 24L, `12` = 21L, 
    `13` = 12L, `14` = 8L, `15` = 14L, `16` = 14L, `17` = 6L, 
    `18` = 10L, `19` = 6L, `20` = 5L, `21` = 5L, `22` = 4L, `23` = 3L, 
    `24` = 4L, `25` = 1L, `26` = 5L, `27` = 3L, `28` = 4L, `29` = 5L, 
    `30` = 1L, `31` = 1L, `32` = 1L, `33` = 1L, `34` = 2L, `41` = 1L, 
    `49` = 2L), .Dim = 36L, .Dimnames = list(TagUsage = c("1", 
    "2", "3", "4", "5", "6", "7", "8", "9", "10", "11", "12", 
    "13", "14", "15", "16", "17", "18", "19", "20", "21", "22", 
    "23", "24", "25", "26", "27", "28", "29", "30", "31", "32", 
    "33", "34", "41", "49")), class = "table"), No.Tag = structure(c(0L, 
    0L, 23L, 0L, 0L, 0L, 0L, 29L, 0L, 0L, 0L, 0L, 3L, 0L, 0L), .Dim = c(5L, 
    3L), .Dimnames = structure(list(c("-2", "-1", "0", "1", NA
    ), c("A", "G", NA)), .Names = c("", "")), class = "table"), 
    All.Tags = list(Concordant = list(Freqs = structure(c(0, 
    1, 342, 1, 0, 0, 325, 1), .Dim = c(4L, 2L), .Dimnames = list(
        c("-2", "-1", "0", "1"), c("A", "G"))), N = 670), Majority = list(
        Freqs = structure(c(0, 1, 377, 1, 0, 0, 357, 1), .Dim = c(4L, 
        2L), .Dimnames = list(c("-2", "-1", "0", "1"), c("A", 
        "G"))), N = 737)), `2` = structure(c(0, 1, 291, 0, 0, 
    0, 275, 0), .Dim = c(4L, 2L), .Dimnames = list(c("-2", "-1", 
    "0", "1"), c("A", "G"))))))
