Results <-
list(`bwa.out//20220204//Control24_S17.sam` = list(LR52_SNP1 = list(
    All = list(Freqs = structure(c(3L, 28L, 242L, 2230L, 35L, 
    2L, 9L, 0L, 3L, 24L, 3L, 0L, 0L, 1L, 0L, 0L, 2L, 87L, 0L, 
    0L, 0L), .Dim = c(7L, 3L), .Dimnames = structure(list(c("-3", 
    "-2", "-1", "0", "1", "2", NA), c("C", "T", NA)), .Names = c("", 
    "")), class = "table"), N = 2669L), Tag.Distribution = structure(c(`1` = 82L, 
    `2` = 32L, `3` = 26L, `4` = 32L, `5` = 17L, `6` = 16L, `7` = 17L, 
    `8` = 15L, `9` = 19L, `10` = 18L, `11` = 10L, `12` = 7L, 
    `13` = 7L, `14` = 8L, `15` = 7L, `16` = 2L, `17` = 5L, `18` = 4L, 
    `19` = 4L, `20` = 4L, `21` = 5L, `22` = 4L, `23` = 5L, `24` = 3L, 
    `26` = 1L, `27` = 3L, `28` = 2L, `32` = 1L, `37` = 1L, `39` = 1L
    ), .Dim = 30L, .Dimnames = list(TagUsage = c("1", "2", "3", 
    "4", "5", "6", "7", "8", "9", "10", "11", "12", "13", "14", 
    "15", "16", "17", "18", "19", "20", "21", "22", "23", "24", 
    "26", "27", "28", "32", "37", "39")), class = "table"), No.Tag = structure(c(0L, 
    1L, 3L, 37L, 1L, 0L, 0L, 0L, 0L, 2L, 0L, 0L, 0L, 0L, 0L, 
    0L, 0L, 4L, 0L, 0L, 0L), .Dim = c(7L, 3L), .Dimnames = structure(list(
        c("-3", "-2", "-1", "0", "1", "2", NA), c("C", "T", NA
        )), .Names = c("", "")), class = "table"), All.Tags = list(
        Concordant = list(Freqs = structure(c(0, 0, 8, 199, 0, 
        0, 0, 0, 0, 1, 0, 0), .Dim = c(6L, 2L), .Dimnames = list(
            c("-3", "-2", "-1", "0", "1", "2"), c("C", "T"))), 
            N = 208), Majority = list(Freqs = structure(c(0, 
        0, 15, 329, 1, 0, 0, 0, 1, 1, 0, 0), .Dim = c(6L, 2L), .Dimnames = list(
            c("-3", "-2", "-1", "0", "1", "2"), c("C", "T"))), 
            N = 347)), `2` = structure(c(0, 0, 7, 261, 1, 0, 
    0, 0, 1, 1, 0, 0), .Dim = c(6L, 2L), .Dimnames = list(c("-3", 
    "-2", "-1", "0", "1", "2"), c("C", "T"))))))
