Results <-
list(`bwa.out//20220204//17D0944_S7.sam` = list(IM16_SNP1 = list(
    All = list(Freqs = structure(c(0L, 9L, 0L, 0L, 34L, 4507L, 
    65L, 2L, 0L, 54L, 2L, 0L), .Dim = 4:3, .Dimnames = structure(list(
        c("-1", "0", "1", NA), c("A", "G", NA)), .Names = c("", 
    "")), class = "table"), N = 4673L), Tag.Distribution = structure(c(`1` = 119L, 
    `2` = 30L, `3` = 42L, `4` = 46L, `5` = 25L, `6` = 22L, `7` = 30L, 
    `8` = 23L, `9` = 23L, `10` = 23L, `11` = 9L, `12` = 13L, 
    `13` = 12L, `14` = 10L, `15` = 14L, `16` = 7L, `17` = 5L, 
    `18` = 7L, `19` = 4L, `20` = 12L, `21` = 6L, `22` = 7L, `23` = 4L, 
    `24` = 3L, `25` = 4L, `26` = 3L, `27` = 2L, `28` = 5L, `29` = 3L, 
    `31` = 2L, `32` = 2L, `33` = 2L, `34` = 1L, `35` = 3L, `37` = 1L, 
    `38` = 1L, `39` = 1L, `40` = 2L, `41` = 2L, `42` = 1L, `43` = 1L
    ), .Dim = 41L, .Dimnames = list(TagUsage = c("1", "2", "3", 
    "4", "5", "6", "7", "8", "9", "10", "11", "12", "13", "14", 
    "15", "16", "17", "18", "19", "20", "21", "22", "23", "24", 
    "25", "26", "27", "28", "29", "31", "32", "33", "34", "35", 
    "37", "38", "39", "40", "41", "42", "43")), class = "table"), 
    No.Tag = structure(c(0L, 0L, 0L, 0L, 2L, 90L, 5L, 0L, 0L, 
    4L, 0L, 0L), .Dim = 4:3, .Dimnames = structure(list(c("-1", 
    "0", "1", NA), c("A", "G", NA)), .Names = c("", "")), class = "table"), 
    All.Tags = list(Concordant = list(Freqs = structure(c(0, 
    5, 0, 0, 445, 2), .Dim = 3:2, .Dimnames = list(c("-1", "0", 
    "1"), c("A", "G"))), N = 452), Majority = list(Freqs = structure(c(0, 
    5, 0, 0, 514, 3), .Dim = 3:2, .Dimnames = list(c("-1", "0", 
    "1"), c("A", "G"))), N = 522)), `2` = structure(c(0, 1, 0, 
    0, 410, 1), .Dim = 3:2, .Dimnames = list(c("-1", "0", "1"
    ), c("A", "G"))))))
