Results <-
list(`bwa.out//20220204//13D0575_S2.sam` = list(LR17_SNP1 = list(
    All = list(Freqs = structure(c(1L, 68L, 1383L, 26L, 1L, 9L, 
    0L, 2L, 85L, 0L, 0L, 0L), .Dim = c(6L, 2L), .Dimnames = structure(list(
        c("-2", "-1", "0", "1", "2", NA), c("A", NA)), .Names = c("", 
    "")), class = "table"), N = 1575L), Tag.Distribution = structure(c(`1` = 52L, 
    `2` = 38L, `3` = 32L, `4` = 17L, `5` = 23L, `6` = 23L, `7` = 18L, 
    `8` = 15L, `9` = 8L, `10` = 8L, `11` = 5L, `12` = 6L, `13` = 3L, 
    `14` = 1L, `15` = 1L, `16` = 5L, `17` = 1L, `19` = 3L, `20` = 2L, 
    `22` = 2L, `23` = 2L, `24` = 1L, `28` = 1L, `29` = 1L, `33` = 1L
    ), .Dim = 25L, .Dimnames = list(TagUsage = c("1", "2", "3", 
    "4", "5", "6", "7", "8", "9", "10", "11", "12", "13", "14", 
    "15", "16", "17", "19", "20", "22", "23", "24", "28", "29", 
    "33")), class = "table"), No.Tag = structure(c(0L, 2L, 32L, 
    0L, 0L, 1L, 0L, 0L, 4L, 0L, 0L, 0L), .Dim = c(6L, 2L), .Dimnames = structure(list(
        c("-2", "-1", "0", "1", "2", NA), c("A", NA)), .Names = c("", 
    "")), class = "table"), All.Tags = list(Concordant = list(
        Freqs = structure(c(0, 1, 201, 1, 0), .Dim = c(5L, 1L
        ), .Dimnames = list(c("-2", "-1", "0", "1", "2"), "A")), 
        N = 203), Majority = list(Freqs = structure(c(0, 2, 251, 
    4, 0), .Dim = c(5L, 1L), .Dimnames = list(c("-2", "-1", "0", 
    "1", "2"), "A")), N = 257)), `2` = structure(c(0, 2, 203, 
    3, 0), .Dim = c(5L, 1L), .Dimnames = list(c("-2", "-1", "0", 
    "1", "2"), "A")))))
