Results <-
list(`bwa.out//20220204//Control21_S14.sam` = list(GM26_SNP1 = list(
    All = list(Freqs = structure(c(1L, 15L, 2539L, 3L, 3L, 0L, 
    0L, 1L, 0L, 0L, 0L, 0L, 24L, 0L, 0L), .Dim = c(5L, 3L), .Dimnames = structure(list(
        c("-2", "-1", "0", "1", NA), c("A", "G", NA)), .Names = c("", 
    "")), class = "table"), N = 2586L), Tag.Distribution = structure(c(`1` = 109L, 
    `2` = 43L, `3` = 38L, `4` = 29L, `5` = 30L, `6` = 26L, `7` = 30L, 
    `8` = 17L, `9` = 22L, `10` = 17L, `11` = 7L, `12` = 5L, `13` = 8L, 
    `14` = 7L, `15` = 7L, `16` = 12L, `17` = 8L, `18` = 1L, `19` = 1L, 
    `20` = 3L, `21` = 4L, `22` = 2L, `24` = 1L, `26` = 1L, `28` = 1L, 
    `37` = 1L), .Dim = 26L, .Dimnames = list(TagUsage = c("1", 
    "2", "3", "4", "5", "6", "7", "8", "9", "10", "11", "12", 
    "13", "14", "15", "16", "17", "18", "19", "20", "21", "22", 
    "24", "26", "28", "37")), class = "table"), No.Tag = structure(c(0L, 
    0L, 25L, 0L, 2L, 0L, 0L, 0L, 0L, 0L, 0L, 0L, 2L, 0L, 0L), .Dim = c(5L, 
    3L), .Dimnames = structure(list(c("-2", "-1", "0", "1", NA
    ), c("A", "G", NA)), .Names = c("", "")), class = "table"), 
    All.Tags = list(Concordant = list(Freqs = structure(c(0, 
    0, 404, 0, 0, 0, 1, 0), .Dim = c(4L, 2L), .Dimnames = list(
        c("-2", "-1", "0", "1"), c("A", "G"))), N = 405), Majority = list(
        Freqs = structure(c(0, 0, 421, 0, 0, 0, 1, 0), .Dim = c(4L, 
        2L), .Dimnames = list(c("-2", "-1", "0", "1"), c("A", 
        "G"))), N = 422)), `2` = structure(c(0, 0, 320, 0, 0, 
    0, 0, 0), .Dim = c(4L, 2L), .Dimnames = list(c("-2", "-1", 
    "0", "1"), c("A", "G"))))))
