Results <-
list(`bwa.out//20220204//BlindCMMRD69_S28.sam` = list(LR24_SNP1 = list(
    All = list(Freqs = structure(c(0L, 7L, 1617L, 2L, 3L, 1L, 
    5L, 1850L, 7L, 3L, 0L, 0L, 16L, 0L, 0L), .Dim = c(5L, 3L), .Dimnames = structure(list(
        c("-2", "-1", "0", "1", NA), c("A", "G", NA)), .Names = c("", 
    "")), class = "table"), N = 3511L), Tag.Distribution = structure(c(`1` = 172L, 
    `2` = 109L, `3` = 110L, `4` = 91L, `5` = 66L, `6` = 42L, 
    `7` = 45L, `8` = 24L, `9` = 21L, `10` = 17L, `11` = 11L, 
    `12` = 12L, `13` = 9L, `14` = 3L, `15` = 5L, `16` = 4L, `17` = 3L, 
    `18` = 2L, `19` = 1L, `20` = 2L, `21` = 2L, `22` = 1L, `23` = 1L, 
    `31` = 1L, `38` = 1L), .Dim = 25L, .Dimnames = list(TagUsage = c("1", 
    "2", "3", "4", "5", "6", "7", "8", "9", "10", "11", "12", 
    "13", "14", "15", "16", "17", "18", "19", "20", "21", "22", 
    "23", "31", "38")), class = "table"), No.Tag = structure(c(0L, 
    0L, 48L, 0L, 1L, 0L, 0L, 62L, 0L, 1L, 0L, 0L, 2L, 0L, 0L), .Dim = c(5L, 
    3L), .Dimnames = structure(list(c("-2", "-1", "0", "1", NA
    ), c("A", "G", NA)), .Names = c("", "")), class = "table"), 
    All.Tags = list(Concordant = list(Freqs = structure(c(0, 
    0, 323, 0, 0, 0, 362, 0), .Dim = c(4L, 2L), .Dimnames = list(
        c("-2", "-1", "0", "1"), c("A", "G"))), N = 685), Majority = list(
        Freqs = structure(c(0, 0, 359, 0, 0, 0, 386, 0), .Dim = c(4L, 
        2L), .Dimnames = list(c("-2", "-1", "0", "1"), c("A", 
        "G"))), N = 745)), `2` = structure(c(0, 0, 279, 0, 0, 
    0, 297, 0), .Dim = c(4L, 2L), .Dimnames = list(c("-2", "-1", 
    "0", "1"), c("A", "G"))))))
