Results <-
list(`bwa.out//20220204//BlindCMMRD57_S16.sam` = list(LR11_SNP1 = list(
    All = list(Freqs = structure(c(0L, 0L, 2L, 0L, 0L, 0L, 2L, 
    71L, 3503L, 22L, 0L, 6L, 0L, 0L, 2L, 0L, 0L, 0L, 0L, 0L, 
    1L, 0L, 0L, 0L, 1L, 8L, 126L, 1L, 1L, 0L), .Dim = 6:5, .Dimnames = structure(list(
        c("-2", "-1", "0", "1", "2", NA), c("A", "C", "G", "T", 
        NA)), .Names = c("", "")), class = "table"), N = 3746L), 
    Tag.Distribution = structure(c(`1` = 81L, `2` = 38L, `3` = 34L, 
    `4` = 39L, `5` = 32L, `6` = 16L, `7` = 27L, `8` = 15L, `9` = 22L, 
    `10` = 18L, `11` = 18L, `12` = 18L, `13` = 16L, `14` = 12L, 
    `15` = 19L, `16` = 18L, `17` = 8L, `18` = 8L, `19` = 10L, 
    `20` = 6L, `21` = 2L, `22` = 3L, `23` = 3L, `24` = 2L, `25` = 2L, 
    `27` = 1L, `31` = 1L, `40` = 1L), .Dim = 28L, .Dimnames = list(
        TagUsage = c("1", "2", "3", "4", "5", "6", "7", "8", 
        "9", "10", "11", "12", "13", "14", "15", "16", "17", 
        "18", "19", "20", "21", "22", "23", "24", "25", "27", 
        "31", "40")), class = "table"), No.Tag = structure(c(0L, 
    0L, 0L, 0L, 0L, 0L, 0L, 0L, 57L, 0L, 0L, 0L, 0L, 0L, 0L, 
    0L, 0L, 0L, 0L, 0L, 0L, 0L, 0L, 0L, 0L, 0L, 5L, 0L, 0L, 0L
    ), .Dim = 6:5, .Dimnames = structure(list(c("-2", "-1", "0", 
    "1", "2", NA), c("A", "C", "G", "T", NA)), .Names = c("", 
    "")), class = "table"), All.Tags = list(Concordant = list(
        Freqs = structure(c(0, 0, 0, 0, 0, 0, 3, 382, 0, 0, 0, 
        0, 0, 0, 0, 0, 0, 0, 0, 0), .Dim = 5:4, .Dimnames = list(
            c("-2", "-1", "0", "1", "2"), c("A", "C", "G", "T"
            ))), N = 385), Majority = list(Freqs = structure(c(0, 
    0, 0, 0, 0, 0, 3, 456, 0, 0, 0, 0, 0, 0, 0, 0, 0, 0, 0, 0
    ), .Dim = 5:4, .Dimnames = list(c("-2", "-1", "0", "1", "2"
    ), c("A", "C", "G", "T"))), N = 459)), `2` = structure(c(0, 
    0, 0, 0, 0, 0, 2, 385, 0, 0, 0, 0, 0, 0, 0, 0, 0, 0, 0, 0
    ), .Dim = 5:4, .Dimnames = list(c("-2", "-1", "0", "1", "2"
    ), c("A", "C", "G", "T"))))))
