Results <-
list(`bwa.out//20220204//BlindCMMRD87_S46.sam` = list(GM17_SNP1 = list(
    All = list(Freqs = structure(c(41L, 3148L, 10L, 4L, 41L, 
    2676L, 9L, 2L, 1L, 36L, 2L, 0L), .Dim = 4:3, .Dimnames = structure(list(
        c("-1", "0", "1", NA), c("C", "T", NA)), .Names = c("", 
    "")), class = "table"), N = 5970L), Tag.Distribution = structure(c(`1` = 86L, 
    `2` = 21L, `3` = 20L, `4` = 14L, `5` = 21L, `6` = 18L, `7` = 14L, 
    `8` = 12L, `9` = 9L, `10` = 12L, `11` = 15L, `12` = 10L, 
    `13` = 3L, `14` = 14L, `15` = 4L, `16` = 12L, `17` = 5L, 
    `18` = 4L, `19` = 4L, `20` = 7L, `21` = 3L, `22` = 4L, `23` = 6L, 
    `24` = 4L, `25` = 6L, `26` = 8L, `27` = 5L, `28` = 5L, `29` = 3L, 
    `30` = 6L, `31` = 4L, `32` = 3L, `33` = 2L, `34` = 1L, `35` = 2L, 
    `36` = 3L, `37` = 3L, `38` = 1L, `39` = 4L, `40` = 1L, `41` = 3L, 
    `42` = 1L, `43` = 1L, `44` = 2L, `45` = 6L, `46` = 1L, `47` = 2L, 
    `49` = 1L, `51` = 2L, `52` = 3L, `53` = 3L, `56` = 3L, `58` = 1L, 
    `59` = 1L, `60` = 2L, `62` = 1L, `66` = 1L, `72` = 1L), .Dim = 58L, .Dimnames = list(
        TagUsage = c("1", "2", "3", "4", "5", "6", "7", "8", 
        "9", "10", "11", "12", "13", "14", "15", "16", "17", 
        "18", "19", "20", "21", "22", "23", "24", "25", "26", 
        "27", "28", "29", "30", "31", "32", "33", "34", "35", 
        "36", "37", "38", "39", "40", "41", "42", "43", "44", 
        "45", "46", "47", "49", "51", "52", "53", "56", "58", 
        "59", "60", "62", "66", "72")), class = "table"), No.Tag = structure(c(0L, 
    24L, 0L, 0L, 0L, 37L, 0L, 0L, 0L, 7L, 0L, 0L), .Dim = 4:3, .Dimnames = structure(list(
        c("-1", "0", "1", NA), c("C", "T", NA)), .Names = c("", 
    "")), class = "table"), All.Tags = list(Concordant = list(
        Freqs = structure(c(0, 176, 0, 0, 141, 0), .Dim = 3:2, .Dimnames = list(
            c("-1", "0", "1"), c("C", "T"))), N = 317), Majority = list(
        Freqs = structure(c(0, 224, 0, 0, 183, 0), .Dim = 3:2, .Dimnames = list(
            c("-1", "0", "1"), c("C", "T"))), N = 407)), `2` = structure(c(0, 
    174, 0, 0, 154, 0), .Dim = 3:2, .Dimnames = list(c("-1", 
    "0", "1"), c("C", "T"))))))
