Results <-
list(`bwa.out//20220204//BlindCMMRD130_S56.sam` = list(GM29_SNP1 = list(
    All = list(Freqs = structure(c(22L, 2092L, 7L, 7L, 28L, 1807L, 
    1L, 5L, 1L, 12L, 1L, 0L), .Dim = 4:3, .Dimnames = structure(list(
        c("-1", "0", "1", NA), c("A", "G", NA)), .Names = c("", 
    "")), class = "table"), N = 3983L), Tag.Distribution = structure(c(`1` = 150L, 
    `2` = 106L, `3` = 83L, `4` = 70L, `5` = 62L, `6` = 41L, `7` = 51L, 
    `8` = 27L, `9` = 31L, `10` = 20L, `11` = 18L, `12` = 13L, 
    `13` = 12L, `14` = 3L, `15` = 9L, `16` = 9L, `17` = 2L, `18` = 5L, 
    `19` = 2L, `20` = 3L, `21` = 1L, `22` = 4L, `25` = 2L, `26` = 3L, 
    `29` = 1L, `30` = 1L), .Dim = 26L, .Dimnames = list(TagUsage = c("1", 
    "2", "3", "4", "5", "6", "7", "8", "9", "10", "11", "12", 
    "13", "14", "15", "16", "17", "18", "19", "20", "21", "22", 
    "25", "26", "29", "30")), class = "table"), No.Tag = structure(c(1L, 
    86L, 0L, 0L, 0L, 47L, 0L, 0L, 0L, 1L, 0L, 0L), .Dim = 4:3, .Dimnames = structure(list(
        c("-1", "0", "1", NA), c("A", "G", NA)), .Names = c("", 
    "")), class = "table"), All.Tags = list(Concordant = list(
        Freqs = structure(c(2, 291, 0, 0, 276, 0), .Dim = 3:2, .Dimnames = list(
            c("-1", "0", "1"), c("A", "G"))), N = 569), Majority = list(
        Freqs = structure(c(2, 365, 0, 0, 338, 0), .Dim = 3:2, .Dimnames = list(
            c("-1", "0", "1"), c("A", "G"))), N = 705)), `2` = structure(c(0, 
    288, 0, 0, 270, 0), .Dim = 3:2, .Dimnames = list(c("-1", 
    "0", "1"), c("A", "G"))))))
