Results <-
list(`bwa.out//20220204//BlindCMMRD94_S53.sam` = list(GM26_SNP1 = list(
    All = list(Freqs = structure(c(27L, 3333L, 15L, 3L, 0L, 3L, 
    0L, 0L, 0L, 23L, 0L, 0L), .Dim = 4:3, .Dimnames = structure(list(
        c("-1", "0", "1", NA), c("A", "G", NA)), .Names = c("", 
    "")), class = "table"), N = 3404L), Tag.Distribution = structure(c(`1` = 92L, 
    `2` = 46L, `3` = 47L, `4` = 30L, `5` = 26L, `6` = 32L, `7` = 23L, 
    `8` = 29L, `9` = 16L, `10` = 16L, `11` = 14L, `12` = 15L, 
    `13` = 13L, `14` = 9L, `15` = 6L, `16` = 8L, `17` = 3L, `18` = 6L, 
    `19` = 7L, `20` = 7L, `21` = 4L, `22` = 4L, `23` = 6L, `24` = 1L, 
    `26` = 2L, `27` = 2L, `28` = 2L, `31` = 1L, `34` = 1L, `41` = 1L
    ), .Dim = 30L, .Dimnames = list(TagUsage = c("1", "2", "3", 
    "4", "5", "6", "7", "8", "9", "10", "11", "12", "13", "14", 
    "15", "16", "17", "18", "19", "20", "21", "22", "23", "24", 
    "26", "27", "28", "31", "34", "41")), class = "table"), No.Tag = structure(c(0L, 
    57L, 1L, 0L, 0L, 0L, 0L, 0L, 0L, 1L, 0L, 0L), .Dim = 4:3, .Dimnames = structure(list(
        c("-1", "0", "1", NA), c("A", "G", NA)), .Names = c("", 
    "")), class = "table"), All.Tags = list(Concordant = list(
        Freqs = structure(c(2, 424, 1, 0, 2, 0), .Dim = 3:2, .Dimnames = list(
            c("-1", "0", "1"), c("A", "G"))), N = 429), Majority = list(
        Freqs = structure(c(2, 460, 1, 0, 2, 0), .Dim = 3:2, .Dimnames = list(
            c("-1", "0", "1"), c("A", "G"))), N = 465)), `2` = structure(c(0, 
    376, 0, 0, 0, 0), .Dim = 3:2, .Dimnames = list(c("-1", "0", 
    "1"), c("A", "G"))))))
