Results <-
list(`bwa.out//20220204//BlindCMMRD111_S37.sam` = list(LR48_SNP1 = list(
    All = list(Freqs = structure(c(2L, 55L, 1681L, 25L, 0L, 10L, 
    1L, 48L, 1667L, 26L, 1L, 4L, 0L, 0L, 17L, 0L, 0L, 0L), .Dim = c(6L, 
    3L), .Dimnames = structure(list(c("-2", "-1", "0", "1", "2", 
    NA), c("C", "T", NA)), .Names = c("", "")), class = "table"), 
        N = 3537L), Tag.Distribution = structure(c(`1` = 104L, 
    `2` = 104L, `3` = 85L, `4` = 62L, `5` = 63L, `6` = 61L, `7` = 35L, 
    `8` = 28L, `9` = 36L, `10` = 21L, `11` = 20L, `12` = 16L, 
    `13` = 12L, `14` = 6L, `15` = 8L, `16` = 2L, `18` = 2L, `19` = 2L, 
    `20` = 2L, `23` = 2L), .Dim = 20L, .Dimnames = list(TagUsage = c("1", 
    "2", "3", "4", "5", "6", "7", "8", "9", "10", "11", "12", 
    "13", "14", "15", "16", "18", "19", "20", "23")), class = "table"), 
    No.Tag = structure(c(0L, 1L, 19L, 0L, 0L, 1L, 0L, 3L, 44L, 
    1L, 0L, 0L, 0L, 0L, 5L, 0L, 0L, 0L), .Dim = c(6L, 3L), .Dimnames = structure(list(
        c("-2", "-1", "0", "1", "2", NA), c("C", "T", NA)), .Names = c("", 
    "")), class = "table"), All.Tags = list(Concordant = list(
        Freqs = structure(c(1, 2, 246, 0, 0, 0, 3, 260, 0, 0), .Dim = c(5L, 
        2L), .Dimnames = list(c("-2", "-1", "0", "1", "2"), c("C", 
        "T"))), N = 512), Majority = list(Freqs = structure(c(1, 
    3, 314, 0, 0, 0, 3, 335, 1, 0), .Dim = c(5L, 2L), .Dimnames = list(
        c("-2", "-1", "0", "1", "2"), c("C", "T"))), N = 657)), 
    `2` = structure(c(0, 1, 269, 0, 0, 0, 0, 282, 1, 0), .Dim = c(5L, 
    2L), .Dimnames = list(c("-2", "-1", "0", "1", "2"), c("C", 
    "T"))))))
