Results <-
list(`bwa.out//20220204//BlindCMMRD83_S42.sam` = list(LR24_SNP1 = list(
    All = list(Freqs = structure(c(37L, 6128L, 19L, 8L, 0L, 1L, 
    0L, 0L, 0L, 1L, 0L, 0L, 0L, 41L, 0L, 0L), .Dim = c(4L, 4L
    ), .Dimnames = structure(list(c("-1", "0", "1", NA), c("A", 
    "G", "T", NA)), .Names = c("", "")), class = "table"), N = 6235L), 
    Tag.Distribution = structure(c(`1` = 199L, `2` = 116L, `3` = 118L, 
    `4` = 104L, `5` = 88L, `6` = 58L, `7` = 50L, `8` = 46L, `9` = 29L, 
    `10` = 29L, `11` = 32L, `12` = 22L, `13` = 18L, `14` = 18L, 
    `15` = 10L, `16` = 9L, `17` = 12L, `18` = 8L, `19` = 4L, 
    `20` = 11L, `21` = 2L, `22` = 6L, `24` = 4L, `25` = 3L, `28` = 1L, 
    `29` = 3L, `30` = 1L, `31` = 2L, `32` = 1L, `33` = 2L, `34` = 1L, 
    `36` = 1L, `40` = 1L), .Dim = 33L, .Dimnames = list(TagUsage = c("1", 
    "2", "3", "4", "5", "6", "7", "8", "9", "10", "11", "12", 
    "13", "14", "15", "16", "17", "18", "19", "20", "21", "22", 
    "24", "25", "28", "29", "30", "31", "32", "33", "34", "36", 
    "40")), class = "table"), No.Tag = structure(c(2L, 165L, 
    0L, 3L, 0L, 1L, 0L, 0L, 0L, 1L, 0L, 0L, 0L, 5L, 0L, 0L), .Dim = c(4L, 
    4L), .Dimnames = structure(list(c("-1", "0", "1", NA), c("A", 
    "G", "T", NA)), .Names = c("", "")), class = "table"), All.Tags = list(
        Concordant = list(Freqs = structure(c(2, 953, 1, 0, 0, 
        0, 0, 0, 0), .Dim = c(3L, 3L), .Dimnames = list(c("-1", 
        "0", "1"), c("A", "G", "T"))), N = 956), Majority = list(
            Freqs = structure(c(4, 996, 1, 0, 0, 0, 0, 0, 0), .Dim = c(3L, 
            3L), .Dimnames = list(c("-1", "0", "1"), c("A", "G", 
            "T"))), N = 1001)), `2` = structure(c(3, 807, 0, 
    0, 0, 0, 0, 0, 0), .Dim = c(3L, 3L), .Dimnames = list(c("-1", 
    "0", "1"), c("A", "G", "T"))))))
