Results <-
list(`bwa.out//20220204//BlindCMMRD46_S6.sam` = list(GM07_SNP1 = list(
    All = list(Freqs = structure(c(0L, 0L, 1L, 0L, 0L, 0L, 2L, 
    75L, 1678L, 25L, 0L, 17L, 1L, 80L, 1871L, 38L, 3L, 27L, 0L, 
    1L, 36L, 3L, 0L, 0L), .Dim = c(6L, 4L), .Dimnames = structure(list(
        c("-2", "-1", "0", "1", "2", NA), c("-", "A", "G", NA
        )), .Names = c("", "")), class = "table"), N = 3858L), 
    Tag.Distribution = structure(c(`1` = 66L, `2` = 23L, `3` = 26L, 
    `4` = 13L, `5` = 9L, `6` = 16L, `7` = 10L, `8` = 14L, `9` = 15L, 
    `10` = 16L, `11` = 17L, `12` = 11L, `13` = 7L, `14` = 10L, 
    `15` = 8L, `16` = 9L, `17` = 6L, `18` = 5L, `19` = 5L, `20` = 7L, 
    `21` = 5L, `22` = 6L, `23` = 7L, `25` = 4L, `26` = 2L, `27` = 5L, 
    `28` = 4L, `30` = 4L, `31` = 1L, `32` = 2L, `34` = 1L, `35` = 2L, 
    `37` = 1L, `40` = 3L, `41` = 1L, `42` = 3L, `43` = 1L, `45` = 1L, 
    `61` = 1L), .Dim = 39L, .Dimnames = list(TagUsage = c("1", 
    "2", "3", "4", "5", "6", "7", "8", "9", "10", "11", "12", 
    "13", "14", "15", "16", "17", "18", "19", "20", "21", "22", 
    "23", "25", "26", "27", "28", "30", "31", "32", "34", "35", 
    "37", "40", "41", "42", "43", "45", "61")), class = "table"), 
    No.Tag = structure(c(0L, 0L, 0L, 0L, 0L, 0L, 0L, 5L, 72L, 
    1L, 0L, 3L, 0L, 2L, 76L, 0L, 0L, 3L, 0L, 1L, 5L, 0L, 0L, 
    0L), .Dim = c(6L, 4L), .Dimnames = structure(list(c("-2", 
    "-1", "0", "1", "2", NA), c("-", "A", "G", NA)), .Names = c("", 
    "")), class = "table"), All.Tags = list(Concordant = list(
        Freqs = structure(c(0, 0, 0, 0, 0, 0, 3, 98, 0, 0, 0, 
        2, 113, 1, 0), .Dim = c(5L, 3L), .Dimnames = list(c("-2", 
        "-1", "0", "1", "2"), c("-", "A", "G"))), N = 217), Majority = list(
        Freqs = structure(c(0, 0, 0, 0, 0, 0, 3, 160, 0, 0, 0, 
        2, 173, 1, 0), .Dim = c(5L, 3L), .Dimnames = list(c("-2", 
        "-1", "0", "1", "2"), c("-", "A", "G"))), N = 339)), 
    `2` = structure(c(0, 0, 0, 0, 0, 0, 1, 133, 0, 0, 0, 1, 143, 
    0, 0), .Dim = c(5L, 3L), .Dimnames = list(c("-2", "-1", "0", 
    "1", "2"), c("-", "A", "G"))))))
