Results <-
list(`bwa.out//20220204//BlindCMMRD99_S58.sam` = list(LR48_SNP1 = list(
    All = list(Freqs = structure(c(2L, 75L, 2299L, 31L, 7L, 0L, 
    53L, 2283L, 33L, 3L, 0L, 5L, 91L, 2L, 0L), .Dim = c(5L, 3L
    ), .Dimnames = structure(list(c("-2", "-1", "0", "1", NA), 
        c("C", "T", NA)), .Names = c("", "")), class = "table"), 
        N = 4884L), Tag.Distribution = structure(c(`1` = 91L, 
    `2` = 48L, `3` = 40L, `4` = 32L, `5` = 33L, `6` = 26L, `7` = 22L, 
    `8` = 18L, `9` = 11L, `10` = 20L, `11` = 17L, `12` = 13L, 
    `13` = 7L, `14` = 7L, `15` = 6L, `16` = 8L, `17` = 9L, `18` = 6L, 
    `19` = 5L, `20` = 8L, `21` = 6L, `22` = 3L, `23` = 1L, `24` = 1L, 
    `25` = 4L, `26` = 6L, `27` = 4L, `29` = 1L, `30` = 3L, `31` = 1L, 
    `32` = 4L, `33` = 3L, `35` = 1L, `36` = 2L, `37` = 3L, `38` = 2L, 
    `39` = 3L, `40` = 1L, `41` = 1L, `42` = 1L, `43` = 1L, `45` = 1L, 
    `46` = 2L, `47` = 1L, `52` = 3L, `53` = 1L, `54` = 2L, `81` = 1L
    ), .Dim = 48L, .Dimnames = list(TagUsage = c("1", "2", "3", 
    "4", "5", "6", "7", "8", "9", "10", "11", "12", "13", "14", 
    "15", "16", "17", "18", "19", "20", "21", "22", "23", "24", 
    "25", "26", "27", "29", "30", "31", "32", "33", "35", "36", 
    "37", "38", "39", "40", "41", "42", "43", "45", "46", "47", 
    "52", "53", "54", "81")), class = "table"), No.Tag = structure(c(0L, 
    1L, 76L, 0L, 0L, 0L, 0L, 43L, 0L, 0L, 0L, 0L, 6L, 0L, 0L), .Dim = c(5L, 
    3L), .Dimnames = structure(list(c("-2", "-1", "0", "1", NA
    ), c("C", "T", NA)), .Names = c("", "")), class = "table"), 
    All.Tags = list(Concordant = list(Freqs = structure(c(0, 
    5, 176, 1, 0, 4, 176, 3), .Dim = c(4L, 2L), .Dimnames = list(
        c("-2", "-1", "0", "1"), c("C", "T"))), N = 365), Majority = list(
        Freqs = structure(c(0, 5, 235, 1, 0, 4, 235, 3), .Dim = c(4L, 
        2L), .Dimnames = list(c("-2", "-1", "0", "1"), c("C", 
        "T"))), N = 483)), `2` = structure(c(0, 3, 191, 0, 0, 
    1, 200, 0), .Dim = c(4L, 2L), .Dimnames = list(c("-2", "-1", 
    "0", "1"), c("C", "T"))))))
