Results <-
list(`bwa.out//20220204//BlindCMMRD59_S18.sam` = list(LR10_SNP1 = list(
    All = list(Freqs = structure(c(0L, 0L, 1L, 0L, 0L, 2L, 49L, 
    2055L, 10L, 4L, 0L, 23L, 2095L, 2L, 3L, 0L, 0L, 34L, 0L, 
    0L), .Dim = 5:4, .Dimnames = structure(list(c("-2", "-1", 
    "0", "1", NA), c("A", "C", "T", NA)), .Names = c("", "")), class = "table"), 
        N = 4278L), Tag.Distribution = structure(c(`1` = 95L, 
    `2` = 40L, `3` = 33L, `4` = 38L, `5` = 29L, `6` = 27L, `7` = 24L, 
    `8` = 27L, `9` = 25L, `10` = 18L, `11` = 19L, `12` = 13L, 
    `13` = 24L, `14` = 13L, `15` = 11L, `16` = 8L, `17` = 5L, 
    `18` = 13L, `19` = 7L, `20` = 3L, `21` = 5L, `22` = 5L, `23` = 6L, 
    `24` = 5L, `25` = 4L, `26` = 1L, `27` = 2L, `28` = 1L, `29` = 5L, 
    `30` = 1L, `31` = 1L, `32` = 1L, `49` = 1L), .Dim = 33L, .Dimnames = list(
        TagUsage = c("1", "2", "3", "4", "5", "6", "7", "8", 
        "9", "10", "11", "12", "13", "14", "15", "16", "17", 
        "18", "19", "20", "21", "22", "23", "24", "25", "26", 
        "27", "28", "29", "30", "31", "32", "49")), class = "table"), 
    No.Tag = structure(c(0L, 0L, 0L, 0L, 0L, 0L, 0L, 42L, 1L, 
    2L, 0L, 0L, 76L, 0L, 0L, 0L, 0L, 3L, 0L, 0L), .Dim = 5:4, .Dimnames = structure(list(
        c("-2", "-1", "0", "1", NA), c("A", "C", "T", NA)), .Names = c("", 
    "")), class = "table"), All.Tags = list(Concordant = list(
        Freqs = structure(c(0, 0, 0, 0, 0, 0, 196, 0, 0, 1, 233, 
        0), .Dim = 4:3, .Dimnames = list(c("-2", "-1", "0", "1"
        ), c("A", "C", "T"))), N = 430), Majority = list(Freqs = structure(c(0, 
    0, 0, 0, 0, 1, 245, 0, 0, 1, 257, 0), .Dim = 4:3, .Dimnames = list(
        c("-2", "-1", "0", "1"), c("A", "C", "T"))), N = 504)), 
    `2` = structure(c(0, 0, 0, 0, 0, 1, 202, 0, 0, 0, 211, 0), .Dim = 4:3, .Dimnames = list(
        c("-2", "-1", "0", "1"), c("A", "C", "T"))))))
