Results <-
list(`bwa.out//20220204//BlindCMMRD114_S40.sam` = list(GM14_SNP1 = list(
    All = list(Freqs = structure(c(1L, 63L, 1923L, 11L, 6L, 1L, 
    43L, 1894L, 9L, 2L, 0L, 0L, 25L, 1L, 0L), .Dim = c(5L, 3L
    ), .Dimnames = structure(list(c("-2", "-1", "0", "1", NA), 
        c("C", "T", NA)), .Names = c("", "")), class = "table"), 
        N = 3979L), Tag.Distribution = structure(c(`1` = 64L, 
    `2` = 54L, `3` = 37L, `4` = 64L, `5` = 62L, `6` = 56L, `7` = 34L, 
    `8` = 38L, `9` = 28L, `10` = 30L, `11` = 30L, `12` = 21L, 
    `13` = 16L, `14` = 15L, `15` = 9L, `16` = 5L, `17` = 6L, 
    `18` = 3L, `20` = 3L, `21` = 2L, `22` = 1L, `23` = 1L, `24` = 1L, 
    `32` = 1L, `39` = 1L), .Dim = 25L, .Dimnames = list(TagUsage = c("1", 
    "2", "3", "4", "5", "6", "7", "8", "9", "10", "11", "12", 
    "13", "14", "15", "16", "17", "18", "20", "21", "22", "23", 
    "24", "32", "39")), class = "table"), No.Tag = structure(c(0L, 
    11L, 49L, 0L, 0L, 0L, 3L, 23L, 0L, 1L, 0L, 0L, 0L, 0L, 0L
    ), .Dim = c(5L, 3L), .Dimnames = structure(list(c("-2", "-1", 
    "0", "1", NA), c("C", "T", NA)), .Names = c("", "")), class = "table"), 
    All.Tags = list(Concordant = list(Freqs = structure(c(0, 
    0, 236, 1, 0, 0, 230, 0), .Dim = c(4L, 2L), .Dimnames = list(
        c("-2", "-1", "0", "1"), c("C", "T"))), N = 467), Majority = list(
        Freqs = structure(c(0, 0, 294, 1, 0, 1, 274, 0), .Dim = c(4L, 
        2L), .Dimnames = list(c("-2", "-1", "0", "1"), c("C", 
        "T"))), N = 570)), `2` = structure(c(0, 0, 262, 0, 0, 
    1, 246, 0), .Dim = c(4L, 2L), .Dimnames = list(c("-2", "-1", 
    "0", "1"), c("C", "T"))))))
