Results <-
list(`bwa.out//20220204//13D0575_S2.sam` = list(GM07_SNP1 = list(
    All = list(Freqs = structure(c(0L, 0L, 9L, 1L, 0L, 0L, 2L, 
    130L, 1421L, 45L, 2L, 27L, 2L, 110L, 1333L, 58L, 4L, 19L, 
    0L, 4L, 26L, 4L, 0L, 0L), .Dim = c(6L, 4L), .Dimnames = structure(list(
        c("-2", "-1", "0", "1", "2", NA), c("-", "A", "G", NA
        )), .Names = c("", "")), class = "table"), N = 3197L), 
    Tag.Distribution = structure(c(`1` = 150L, `2` = 85L, `3` = 66L, 
    `4` = 50L, `5` = 40L, `6` = 25L, `7` = 20L, `8` = 24L, `9` = 18L, 
    `10` = 18L, `11` = 9L, `12` = 12L, `13` = 7L, `14` = 10L, 
    `15` = 6L, `16` = 5L, `17` = 2L, `18` = 4L, `20` = 3L, `21` = 3L, 
    `22` = 2L, `23` = 2L, `24` = 2L, `25` = 2L, `26` = 4L, `27` = 1L, 
    `28` = 1L, `29` = 1L, `31` = 1L, `32` = 1L), .Dim = 30L, .Dimnames = list(
        TagUsage = c("1", "2", "3", "4", "5", "6", "7", "8", 
        "9", "10", "11", "12", "13", "14", "15", "16", "17", 
        "18", "20", "21", "22", "23", "24", "25", "26", "27", 
        "28", "29", "31", "32")), class = "table"), No.Tag = structure(c(0L, 
    0L, 0L, 0L, 0L, 0L, 0L, 0L, 61L, 3L, 0L, 3L, 0L, 5L, 58L, 
    4L, 0L, 3L, 0L, 1L, 5L, 0L, 0L, 0L), .Dim = c(6L, 4L), .Dimnames = structure(list(
        c("-2", "-1", "0", "1", "2", NA), c("-", "A", "G", NA
        )), .Names = c("", "")), class = "table"), All.Tags = list(
        Concordant = list(Freqs = structure(c(0, 0, 0, 0, 0, 
        1, 12, 185, 3, 0, 0, 9, 176, 3, 0), .Dim = c(5L, 3L), .Dimnames = list(
            c("-2", "-1", "0", "1", "2"), c("-", "A", "G"))), 
            N = 389), Majority = list(Freqs = structure(c(0, 
        0, 1, 0, 0, 1, 14, 260, 3, 0, 0, 12, 252, 4, 0), .Dim = c(5L, 
        3L), .Dimnames = list(c("-2", "-1", "0", "1", "2"), c("-", 
        "A", "G"))), N = 547)), `2` = structure(c(0, 0, 1, 0, 
    0, 0, 10, 190, 0, 0, 0, 8, 195, 2, 0), .Dim = c(5L, 3L), .Dimnames = list(
        c("-2", "-1", "0", "1", "2"), c("-", "A", "G"))))))
