Results <-
list(`bwa.out//20220204//BlindCMMRD49_S9.sam` = list(LR46_SNP1 = list(
    All = list(Freqs = structure(c(0L, 1L, 0L, 0L, 100L, 1940L, 
    5L, 7L, 117L, 1933L, 10L, 4L, 0L, 20L, 0L, 0L), .Dim = c(4L, 
    4L), .Dimnames = structure(list(c("-1", "0", "1", NA), c("-", 
    "G", "T", NA)), .Names = c("", "")), class = "table"), N = 4137L), 
    Tag.Distribution = structure(c(`1` = 61L, `2` = 8L, `3` = 4L, 
    `4` = 6L, `5` = 6L, `6` = 9L, `7` = 12L, `8` = 6L, `9` = 4L, 
    `10` = 4L, `11` = 2L, `12` = 4L, `13` = 3L, `14` = 6L, `15` = 3L, 
    `16` = 2L, `17` = 3L, `18` = 2L, `19` = 3L, `20` = 4L, `22` = 3L, 
    `23` = 3L, `24` = 4L, `25` = 3L, `26` = 1L, `27` = 3L, `29` = 2L, 
    `30` = 2L, `31` = 3L, `32` = 7L, `33` = 2L, `34` = 2L, `35` = 3L, 
    `36` = 2L, `37` = 2L, `39` = 1L, `41` = 1L, `43` = 1L, `44` = 2L, 
    `45` = 2L, `46` = 1L, `54` = 2L, `57` = 1L, `58` = 2L, `61` = 1L, 
    `63` = 2L, `65` = 1L, `66` = 1L, `71` = 1L, `73` = 2L, `76` = 1L, 
    `79` = 1L, `81` = 1L, `84` = 1L, `98` = 1L, `108` = 1L, `115` = 1L, 
    `120` = 1L), .Dim = 58L, .Dimnames = list(TagUsage = c("1", 
    "2", "3", "4", "5", "6", "7", "8", "9", "10", "11", "12", 
    "13", "14", "15", "16", "17", "18", "19", "20", "22", "23", 
    "24", "25", "26", "27", "29", "30", "31", "32", "33", "34", 
    "35", "36", "37", "39", "41", "43", "44", "45", "46", "54", 
    "57", "58", "61", "63", "65", "66", "71", "73", "76", "79", 
    "81", "84", "98", "108", "115", "120")), class = "table"), 
    No.Tag = structure(c(0L, 0L, 0L, 0L, 1L, 43L, 0L, 0L, 1L, 
    34L, 0L, 0L, 0L, 2L, 0L, 0L), .Dim = c(4L, 4L), .Dimnames = structure(list(
        c("-1", "0", "1", NA), c("-", "G", "T", NA)), .Names = c("", 
    "")), class = "table"), All.Tags = list(Concordant = list(
        Freqs = structure(c(0, 0, 0, 4, 101, 0, 3, 77, 0), .Dim = c(3L, 
        3L), .Dimnames = list(c("-1", "0", "1"), c("-", "G", 
        "T"))), N = 185), Majority = list(Freqs = structure(c(0, 
    0, 0, 4, 112, 0, 4, 98, 0), .Dim = c(3L, 3L), .Dimnames = list(
        c("-1", "0", "1"), c("-", "G", "T"))), N = 218)), `2` = structure(c(0, 
    0, 0, 2, 79, 0, 2, 78, 0), .Dim = c(3L, 3L), .Dimnames = list(
        c("-1", "0", "1"), c("-", "G", "T"))))))
