Results <-
list(`bwa.out//20220204//BlindCMMRD42_S2.sam` = list(IM16_SNP1 = list(
    All = list(Freqs = structure(c(1L, 41L, 3416L, 44L, 1L, 2L, 
    0L, 0L, 1L, 0L, 0L, 0L, 0L, 20L, 3229L, 24L, 0L, 4L, 0L, 
    0L, 1L, 0L, 0L, 0L, 0L, 1L, 63L, 3L, 0L, 0L), .Dim = 6:5, .Dimnames = structure(list(
        c("-2", "-1", "0", "1", "2", NA), c("A", "C", "G", "T", 
        NA)), .Names = c("", "")), class = "table"), N = 6851L), 
    Tag.Distribution = structure(c(`1` = 77L, `2` = 24L, `3` = 8L, 
    `4` = 10L, `5` = 15L, `6` = 19L, `7` = 12L, `8` = 12L, `9` = 13L, 
    `10` = 5L, `11` = 12L, `12` = 5L, `13` = 16L, `14` = 8L, 
    `15` = 21L, `16` = 10L, `17` = 8L, `18` = 9L, `19` = 5L, 
    `20` = 5L, `21` = 6L, `22` = 6L, `23` = 7L, `24` = 4L, `25` = 3L, 
    `26` = 3L, `27` = 1L, `28` = 3L, `29` = 5L, `30` = 3L, `31` = 6L, 
    `32` = 3L, `33` = 6L, `34` = 3L, `36` = 2L, `37` = 4L, `38` = 2L, 
    `39` = 5L, `40` = 3L, `41` = 8L, `42` = 4L, `43` = 1L, `44` = 3L, 
    `45` = 2L, `46` = 3L, `47` = 3L, `48` = 1L, `49` = 2L, `50` = 3L, 
    `51` = 2L, `52` = 3L, `53` = 1L, `55` = 1L, `57` = 1L, `58` = 1L, 
    `60` = 1L, `61` = 1L, `62` = 1L, `63` = 2L, `64` = 1L, `68` = 2L
    ), .Dim = 61L, .Dimnames = list(TagUsage = c("1", "2", "3", 
    "4", "5", "6", "7", "8", "9", "10", "11", "12", "13", "14", 
    "15", "16", "17", "18", "19", "20", "21", "22", "23", "24", 
    "25", "26", "27", "28", "29", "30", "31", "32", "33", "34", 
    "36", "37", "38", "39", "40", "41", "42", "43", "44", "45", 
    "46", "47", "48", "49", "50", "51", "52", "53", "55", "57", 
    "58", "60", "61", "62", "63", "64", "68")), class = "table"), 
    No.Tag = structure(c(0L, 0L, 57L, 1L, 0L, 1L, 0L, 0L, 0L, 
    0L, 0L, 0L, 0L, 0L, 41L, 0L, 0L, 0L, 0L, 0L, 0L, 0L, 0L, 
    0L, 0L, 0L, 13L, 0L, 0L, 0L), .Dim = 6:5, .Dimnames = structure(list(
        c("-2", "-1", "0", "1", "2", NA), c("A", "C", "G", "T", 
        NA)), .Names = c("", "")), class = "table"), All.Tags = list(
        Concordant = list(Freqs = structure(c(0, 1, 133, 1, 0, 
        0, 0, 0, 0, 0, 0, 2, 170, 1, 0, 0, 0, 0, 0, 0), .Dim = 5:4, .Dimnames = list(
            c("-2", "-1", "0", "1", "2"), c("A", "C", "G", "T"
            ))), N = 308), Majority = list(Freqs = structure(c(0, 
        1, 198, 1, 0, 0, 0, 0, 0, 0, 0, 2, 207, 1, 0, 0, 0, 0, 
        0, 0), .Dim = 5:4, .Dimnames = list(c("-2", "-1", "0", 
        "1", "2"), c("A", "C", "G", "T"))), N = 410)), `2` = structure(c(0, 
    0, 169, 0, 0, 0, 0, 0, 0, 0, 0, 0, 169, 0, 0, 0, 0, 0, 0, 
    0), .Dim = 5:4, .Dimnames = list(c("-2", "-1", "0", "1", 
    "2"), c("A", "C", "G", "T"))))))
