Results <-
list(`bwa.out//20220204//BlindCMMRD82_S41.sam` = list(LR36_SNP1 = list(
    All = list(Freqs = structure(c(2L, 2L, 31L, 1986L, 14L, 11L, 
    0L, 0L, 0L, 1L, 0L, 0L, 1L, 4L, 60L, 1737L, 17L, 10L, 0L, 
    0L, 2L, 123L, 2L, 0L), .Dim = c(6L, 4L), .Dimnames = structure(list(
        c("-3", "-2", "-1", "0", "1", NA), c("A", "G", "T", NA
        )), .Names = c("", "")), class = "table"), N = 4003L), 
    Tag.Distribution = structure(c(`1` = 94L, `2` = 47L, `3` = 54L, 
    `4` = 35L, `5` = 40L, `6` = 31L, `7` = 31L, `8` = 23L, `9` = 20L, 
    `10` = 17L, `11` = 18L, `12` = 16L, `13` = 20L, `14` = 16L, 
    `15` = 14L, `16` = 7L, `17` = 8L, `18` = 4L, `19` = 3L, `20` = 9L, 
    `21` = 6L, `22` = 2L, `23` = 3L, `24` = 1L, `25` = 2L, `27` = 1L, 
    `28` = 2L, `29` = 2L, `32` = 1L, `33` = 1L, `36` = 1L), .Dim = 31L, .Dimnames = list(
        TagUsage = c("1", "2", "3", "4", "5", "6", "7", "8", 
        "9", "10", "11", "12", "13", "14", "15", "16", "17", 
        "18", "19", "20", "21", "22", "23", "24", "25", "27", 
        "28", "29", "32", "33", "36")), class = "table"), No.Tag = structure(c(0L, 
    0L, 1L, 81L, 1L, 2L, 0L, 0L, 0L, 0L, 0L, 0L, 0L, 1L, 0L, 
    78L, 0L, 2L, 0L, 0L, 0L, 14L, 0L, 0L), .Dim = c(6L, 4L), .Dimnames = structure(list(
        c("-3", "-2", "-1", "0", "1", NA), c("A", "G", "T", NA
        )), .Names = c("", "")), class = "table"), All.Tags = list(
        Concordant = list(Freqs = structure(c(0, 0, 2, 223, 0, 
        0, 0, 0, 0, 0, 0, 0, 3, 189, 0), .Dim = c(5L, 3L), .Dimnames = list(
            c("-3", "-2", "-1", "0", "1"), c("A", "G", "T"))), 
            N = 417), Majority = list(Freqs = structure(c(0, 
        0, 2, 269, 0, 0, 0, 0, 0, 0, 0, 0, 3, 243, 0), .Dim = c(5L, 
        3L), .Dimnames = list(c("-3", "-2", "-1", "0", "1"), 
            c("A", "G", "T"))), N = 517)), `2` = structure(c(0, 
    0, 1, 221, 0, 0, 0, 0, 0, 0, 0, 0, 2, 206, 0), .Dim = c(5L, 
    3L), .Dimnames = list(c("-3", "-2", "-1", "0", "1"), c("A", 
    "G", "T"))))))
