Results <-
list(`bwa.out//20220204//BlindCMMRD64_S23.sam` = list(GM26_SNP1 = list(
    All = list(Freqs = structure(c(16L, 2074L, 5L, 4L, 0L, 1L, 
    0L, 0L, 14L, 1724L, 5L, 0L, 1L, 30L, 0L, 0L), .Dim = c(4L, 
    4L), .Dimnames = structure(list(c("-1", "0", "1", NA), c("A", 
    "C", "G", NA)), .Names = c("", "")), class = "table"), N = 3874L), 
    Tag.Distribution = structure(c(`1` = 106L, `2` = 64L, `3` = 47L, 
    `4` = 42L, `5` = 39L, `6` = 20L, `7` = 41L, `8` = 25L, `9` = 24L, 
    `10` = 14L, `11` = 22L, `12` = 18L, `13` = 12L, `14` = 8L, 
    `15` = 15L, `16` = 4L, `17` = 4L, `18` = 4L, `19` = 3L, `20` = 3L, 
    `21` = 2L, `23` = 3L, `24` = 3L, `25` = 3L, `26` = 3L, `27` = 2L, 
    `28` = 2L, `29` = 2L, `31` = 2L, `34` = 2L, `41` = 1L, `44` = 1L, 
    `47` = 1L, `64` = 1L), .Dim = 34L, .Dimnames = list(TagUsage = c("1", 
    "2", "3", "4", "5", "6", "7", "8", "9", "10", "11", "12", 
    "13", "14", "15", "16", "17", "18", "19", "20", "21", "23", 
    "24", "25", "26", "27", "28", "29", "31", "34", "41", "44", 
    "47", "64")), class = "table"), No.Tag = structure(c(0L, 
    41L, 0L, 0L, 0L, 0L, 0L, 0L, 0L, 29L, 0L, 0L, 0L, 1L, 0L, 
    0L), .Dim = c(4L, 4L), .Dimnames = structure(list(c("-1", 
    "0", "1", NA), c("A", "C", "G", NA)), .Names = c("", "")), class = "table"), 
    All.Tags = list(Concordant = list(Freqs = structure(c(0, 
    253, 0, 0, 0, 0, 1, 222, 0), .Dim = c(3L, 3L), .Dimnames = list(
        c("-1", "0", "1"), c("A", "C", "G"))), N = 476), Majority = list(
        Freqs = structure(c(0, 288, 0, 0, 0, 0, 1, 246, 0), .Dim = c(3L, 
        3L), .Dimnames = list(c("-1", "0", "1"), c("A", "C", 
        "G"))), N = 535)), `2` = structure(c(0, 225, 0, 0, 0, 
    0, 0, 207, 0), .Dim = c(3L, 3L), .Dimnames = list(c("-1", 
    "0", "1"), c("A", "C", "G"))))))
