Results <-
list(`bwa.out//20220204//MLPA01_S9.sam` = list(GM29_SNP1 = list(
    All = list(Freqs = structure(c(1L, 60L, 3186L, 6L, 6L, 0L, 
    0L, 1L, 0L, 1L, 0L, 0L, 15L, 0L, 0L), .Dim = c(5L, 3L), .Dimnames = structure(list(
        c("-3", "-1", "0", "1", NA), c("A", "G", NA)), .Names = c("", 
    "")), class = "table"), N = 3276L), Tag.Distribution = structure(c(`1` = 110L, 
    `2` = 72L, `3` = 58L, `4` = 48L, `5` = 42L, `6` = 31L, `7` = 37L, 
    `8` = 23L, `9` = 16L, `10` = 17L, `11` = 17L, `12` = 11L, 
    `13` = 6L, `14` = 8L, `15` = 11L, `16` = 6L, `17` = 6L, `18` = 5L, 
    `19` = 2L, `20` = 7L, `21` = 2L, `24` = 2L, `25` = 1L, `29` = 1L, 
    `30` = 1L, `31` = 2L, `61` = 1L), .Dim = 27L, .Dimnames = list(
        TagUsage = c("1", "2", "3", "4", "5", "6", "7", "8", 
        "9", "10", "11", "12", "13", "14", "15", "16", "17", 
        "18", "19", "20", "21", "24", "25", "29", "30", "31", 
        "61")), class = "table"), No.Tag = structure(c(0L, 2L, 
    62L, 0L, 1L, 0L, 0L, 0L, 0L, 0L, 0L, 0L, 1L, 0L, 0L), .Dim = c(5L, 
    3L), .Dimnames = structure(list(c("-3", "-1", "0", "1", NA
    ), c("A", "G", NA)), .Names = c("", "")), class = "table"), 
    All.Tags = list(Concordant = list(Freqs = structure(c(0, 
    2, 487, 0, 0, 0, 1, 0), .Dim = c(4L, 2L), .Dimnames = list(
        c("-3", "-1", "0", "1"), c("A", "G"))), N = 490), Majority = list(
        Freqs = structure(c(0, 3, 531, 0, 0, 0, 1, 0), .Dim = c(4L, 
        2L), .Dimnames = list(c("-3", "-1", "0", "1"), c("A", 
        "G"))), N = 535)), `2` = structure(c(0, 2, 428, 0, 0, 
    0, 0, 0), .Dim = c(4L, 2L), .Dimnames = list(c("-3", "-1", 
    "0", "1"), c("A", "G"))))))
