Results <-
list(`bwa.out//20220204//BlindCMMRD109_S35.sam` = list(LR44_SNP1 = list(
    All = list(Freqs = structure(c(24L, 508L, 6200L, 77L, 41L, 
    0L, 0L, 8L, 0L, 0L, 1L, 1L, 71L, 1L, 0L), .Dim = c(5L, 3L
    ), .Dimnames = structure(list(c("-2", "-1", "0", "1", NA), 
        c("C", "T", NA)), .Names = c("", "")), class = "table"), 
        N = 6932L), Tag.Distribution = structure(c(`1` = 272L, 
    `2` = 219L, `3` = 192L, `4` = 133L, `5` = 125L, `6` = 110L, 
    `7` = 107L, `8` = 66L, `9` = 50L, `10` = 42L, `11` = 32L, 
    `12` = 31L, `13` = 15L, `14` = 11L, `15` = 7L, `16` = 7L, 
    `17` = 3L, `18` = 4L, `19` = 1L, `21` = 2L, `23` = 2L, `24` = 1L, 
    `27` = 1L), .Dim = 23L, .Dimnames = list(TagUsage = c("1", 
    "2", "3", "4", "5", "6", "7", "8", "9", "10", "11", "12", 
    "13", "14", "15", "16", "17", "18", "19", "21", "23", "24", 
    "27")), class = "table"), No.Tag = structure(c(0L, 10L, 98L, 
    0L, 0L, 0L, 0L, 0L, 0L, 0L, 0L, 0L, 3L, 0L, 0L), .Dim = c(5L, 
    3L), .Dimnames = structure(list(c("-2", "-1", "0", "1", NA
    ), c("C", "T", NA)), .Names = c("", "")), class = "table"), 
    All.Tags = list(Concordant = list(Freqs = structure(c(3, 
    42, 1009, 5, 0, 0, 6, 0), .Dim = c(4L, 2L), .Dimnames = list(
        c("-2", "-1", "0", "1"), c("C", "T"))), N = 1065), Majority = list(
        Freqs = structure(c(3, 53, 1317, 5, 0, 0, 6, 0), .Dim = c(4L, 
        2L), .Dimnames = list(c("-2", "-1", "0", "1"), c("C", 
        "T"))), N = 1384)), `2` = structure(c(2, 26, 1095, 1, 
    0, 0, 0, 0), .Dim = c(4L, 2L), .Dimnames = list(c("-2", "-1", 
    "0", "1"), c("C", "T"))))))
