Results <-
list(`bwa.out//20220204//BlindCMMRD67_S26.sam` = list(LR52_SNP1 = list(
    All = list(Freqs = structure(c(2L, 12L, 155L, 1124L, 22L, 
    22L, 0L, 12L, 163L, 1849L, 10L, 12L, 0L, 1L, 9L, 490L, 6L, 
    0L), .Dim = c(6L, 3L), .Dimnames = structure(list(c("-3", 
    "-2", "-1", "0", "1", NA), c("C", "T", NA)), .Names = c("", 
    "")), class = "table"), N = 3889L), Tag.Distribution = structure(c(`1` = 78L, 
    `2` = 52L, `3` = 31L, `4` = 46L, `5` = 23L, `6` = 33L, `7` = 20L, 
    `8` = 30L, `9` = 20L, `10` = 16L, `11` = 13L, `12` = 16L, 
    `13` = 12L, `14` = 15L, `15` = 16L, `16` = 14L, `17` = 11L, 
    `18` = 5L, `19` = 7L, `20` = 5L, `21` = 8L, `22` = 3L, `23` = 6L, 
    `24` = 3L, `25` = 1L, `26` = 2L, `28` = 1L, `44` = 1L), .Dim = 28L, .Dimnames = list(
        TagUsage = c("1", "2", "3", "4", "5", "6", "7", "8", 
        "9", "10", "11", "12", "13", "14", "15", "16", "17", 
        "18", "19", "20", "21", "22", "23", "24", "25", "26", 
        "28", "44")), class = "table"), No.Tag = structure(c(0L, 
    0L, 9L, 36L, 0L, 1L, 0L, 0L, 4L, 53L, 0L, 3L, 0L, 0L, 1L, 
    22L, 0L, 0L), .Dim = c(6L, 3L), .Dimnames = structure(list(
        c("-3", "-2", "-1", "0", "1", NA), c("C", "T", NA)), .Names = c("", 
    "")), class = "table"), All.Tags = list(Concordant = list(
        Freqs = structure(c(1, 0, 8, 108, 1, 0, 0, 4, 152, 1), .Dim = c(5L, 
        2L), .Dimnames = list(c("-3", "-2", "-1", "0", "1"), 
            c("C", "T"))), N = 275), Majority = list(Freqs = structure(c(1, 
    0, 11, 188, 2, 0, 0, 6, 243, 1), .Dim = c(5L, 2L), .Dimnames = list(
        c("-3", "-2", "-1", "0", "1"), c("C", "T"))), N = 452)), 
    `2` = structure(c(0, 0, 5, 170, 1, 0, 0, 4, 214, 0), .Dim = c(5L, 
    2L), .Dimnames = list(c("-3", "-2", "-1", "0", "1"), c("C", 
    "T"))))))
