Results <-
list(`bwa.out//20220204//Control13_S6.sam` = list(IM49_SNP1 = list(
    All = list(Freqs = structure(c(0L, 37L, 1211L, 19L, 8L, 1L, 
    35L, 1057L, 31L, 7L, 0L, 0L, 120L, 1L, 0L), .Dim = c(5L, 
    3L), .Dimnames = structure(list(c("-2", "-1", "0", "1", NA
    ), c("C", "G", NA)), .Names = c("", "")), class = "table"), 
        N = 2527L), Tag.Distribution = structure(c(`1` = 185L, 
    `2` = 62L, `3` = 45L, `4` = 36L, `5` = 37L, `6` = 30L, `7` = 21L, 
    `8` = 15L, `9` = 18L, `10` = 8L, `11` = 16L, `12` = 10L, 
    `13` = 6L, `14` = 5L, `15` = 5L, `16` = 4L, `17` = 4L, `18` = 6L, 
    `19` = 3L, `20` = 5L, `21` = 2L, `22` = 2L), .Dim = 22L, .Dimnames = list(
        TagUsage = c("1", "2", "3", "4", "5", "6", "7", "8", 
        "9", "10", "11", "12", "13", "14", "15", "16", "17", 
        "18", "19", "20", "21", "22")), class = "table"), No.Tag = structure(c(0L, 
    0L, 28L, 1L, 0L, 0L, 1L, 21L, 1L, 0L, 0L, 0L, 11L, 0L, 0L
    ), .Dim = c(5L, 3L), .Dimnames = structure(list(c("-2", "-1", 
    "0", "1", NA), c("C", "G", NA)), .Names = c("", "")), class = "table"), 
    All.Tags = list(Concordant = list(Freqs = structure(c(0, 
    3, 206, 0, 0, 2, 180, 1), .Dim = c(4L, 2L), .Dimnames = list(
        c("-2", "-1", "0", "1"), c("C", "G"))), N = 392), Majority = list(
        Freqs = structure(c(0, 4, 246, 0, 0, 2, 224, 2), .Dim = c(4L, 
        2L), .Dimnames = list(c("-2", "-1", "0", "1"), c("C", 
        "G"))), N = 478)), `2` = structure(c(0, 2, 170, 0, 0, 
    1, 159, 2), .Dim = c(4L, 2L), .Dimnames = list(c("-2", "-1", 
    "0", "1"), c("C", "G"))))))
