Results <-
list(`bwa.out//20220204//BlindCMMRD125_S51.sam` = list(GM29_SNP1 = list(
    All = list(Freqs = structure(c(0L, 17L, 1367L, 1L, 8L, 1L, 
    18L, 1452L, 3L, 5L, 0L, 2L, 14L, 0L, 0L), .Dim = c(5L, 3L
    ), .Dimnames = structure(list(c("-2", "-1", "0", "1", NA), 
        c("A", "G", NA)), .Names = c("", "")), class = "table"), 
        N = 2888L), Tag.Distribution = structure(c(`1` = 171L, 
    `2` = 135L, `3` = 81L, `4` = 71L, `5` = 57L, `6` = 33L, `7` = 26L, 
    `8` = 25L, `9` = 20L, `10` = 14L, `11` = 9L, `12` = 9L, `13` = 6L, 
    `14` = 2L, `15` = 3L, `16` = 4L, `17` = 4L, `19` = 2L, `20` = 1L, 
    `21` = 2L, `22` = 1L, `24` = 1L, `31` = 1L), .Dim = 23L, .Dimnames = list(
        TagUsage = c("1", "2", "3", "4", "5", "6", "7", "8", 
        "9", "10", "11", "12", "13", "14", "15", "16", "17", 
        "19", "20", "21", "22", "24", "31")), class = "table"), 
    No.Tag = structure(c(0L, 0L, 18L, 0L, 0L, 0L, 2L, 45L, 0L, 
    2L, 0L, 0L, 1L, 0L, 0L), .Dim = c(5L, 3L), .Dimnames = structure(list(
        c("-2", "-1", "0", "1", NA), c("A", "G", NA)), .Names = c("", 
    "")), class = "table"), All.Tags = list(Concordant = list(
        Freqs = structure(c(0, 1, 279, 0, 0, 1, 268, 1), .Dim = c(4L, 
        2L), .Dimnames = list(c("-2", "-1", "0", "1"), c("A", 
        "G"))), N = 550), Majority = list(Freqs = structure(c(0, 
    1, 328, 0, 0, 1, 325, 1), .Dim = c(4L, 2L), .Dimnames = list(
        c("-2", "-1", "0", "1"), c("A", "G"))), N = 656)), `2` = structure(c(0, 
    1, 245, 0, 0, 0, 244, 0), .Dim = c(4L, 2L), .Dimnames = list(
        c("-2", "-1", "0", "1"), c("A", "G"))))))
