Results <-
list(`bwa.out//20220204//BlindCMMRD53_S12.sam` = list(GM22_SNP1 = list(
    All = list(Freqs = structure(c(0L, 30L, 2476L, 3L, 3L, 1L, 
    27L, 2328L, 6L, 2L, 0L, 0L, 73L, 0L, 0L), .Dim = c(5L, 3L
    ), .Dimnames = structure(list(c("-2", "-1", "0", "1", NA), 
        c("A", "G", NA)), .Names = c("", "")), class = "table"), 
        N = 4949L), Tag.Distribution = structure(c(`1` = 133L, 
    `2` = 46L, `3` = 48L, `4` = 41L, `5` = 36L, `6` = 31L, `7` = 31L, 
    `8` = 25L, `9` = 22L, `10` = 20L, `11` = 14L, `12` = 15L, 
    `13` = 11L, `14` = 15L, `15` = 12L, `16` = 9L, `17` = 9L, 
    `18` = 6L, `19` = 9L, `20` = 4L, `21` = 11L, `22` = 9L, `23` = 4L, 
    `24` = 4L, `25` = 3L, `26` = 2L, `27` = 5L, `28` = 5L, `29` = 5L, 
    `30` = 3L, `31` = 2L, `32` = 1L, `33` = 1L, `37` = 3L, `38` = 1L, 
    `39` = 1L), .Dim = 36L, .Dimnames = list(TagUsage = c("1", 
    "2", "3", "4", "5", "6", "7", "8", "9", "10", "11", "12", 
    "13", "14", "15", "16", "17", "18", "19", "20", "21", "22", 
    "23", "24", "25", "26", "27", "28", "29", "30", "31", "32", 
    "33", "37", "38", "39")), class = "table"), No.Tag = structure(c(0L, 
    0L, 98L, 0L, 0L, 0L, 0L, 36L, 1L, 0L, 0L, 0L, 8L, 0L, 0L), .Dim = c(5L, 
    3L), .Dimnames = structure(list(c("-2", "-1", "0", "1", NA
    ), c("A", "G", NA)), .Names = c("", "")), class = "table"), 
    All.Tags = list(Concordant = list(Freqs = structure(c(0, 
    1, 260, 1, 0, 0, 244, 0), .Dim = c(4L, 2L), .Dimnames = list(
        c("-2", "-1", "0", "1"), c("A", "G"))), N = 506), Majority = list(
        Freqs = structure(c(0, 1, 300, 1, 0, 0, 285, 0), .Dim = c(4L, 
        2L), .Dimnames = list(c("-2", "-1", "0", "1"), c("A", 
        "G"))), N = 587)), `2` = structure(c(0, 1, 233, 0, 0, 
    0, 227, 0), .Dim = c(4L, 2L), .Dimnames = list(c("-2", "-1", 
    "0", "1"), c("A", "G"))))))
