Results <-
list(`bwa.out//20220204//BlindCMMRD73_S32.sam` = list(LR24_SNP1 = list(
    All = list(Freqs = structure(c(16L, 2283L, 5L, 3L, 5L, 2201L, 
    6L, 2L, 0L, 28L, 0L, 0L), .Dim = 4:3, .Dimnames = structure(list(
        c("-1", "0", "1", NA), c("A", "G", NA)), .Names = c("", 
    "")), class = "table"), N = 4549L), Tag.Distribution = structure(c(`1` = 203L, 
    `2` = 124L, `3` = 93L, `4` = 80L, `5` = 81L, `6` = 80L, `7` = 48L, 
    `8` = 50L, `9` = 21L, `10` = 19L, `11` = 24L, `12` = 7L, 
    `13` = 18L, `14` = 8L, `15` = 10L, `16` = 5L, `17` = 4L, 
    `18` = 5L, `19` = 1L, `20` = 2L, `21` = 4L, `22` = 2L, `23` = 2L, 
    `25` = 1L, `26` = 1L), .Dim = 25L, .Dimnames = list(TagUsage = c("1", 
    "2", "3", "4", "5", "6", "7", "8", "9", "10", "11", "12", 
    "13", "14", "15", "16", "17", "18", "19", "20", "21", "22", 
    "23", "25", "26")), class = "table"), No.Tag = structure(c(0L, 
    55L, 0L, 0L, 0L, 73L, 1L, 0L, 0L, 4L, 0L, 0L), .Dim = 4:3, .Dimnames = structure(list(
        c("-1", "0", "1", NA), c("A", "G", NA)), .Names = c("", 
    "")), class = "table"), All.Tags = list(Concordant = list(
        Freqs = structure(c(1, 391, 1, 0, 394, 0), .Dim = 3:2, .Dimnames = list(
            c("-1", "0", "1"), c("A", "G"))), N = 787), Majority = list(
        Freqs = structure(c(1, 438, 1, 0, 441, 0), .Dim = 3:2, .Dimnames = list(
            c("-1", "0", "1"), c("A", "G"))), N = 881)), `2` = structure(c(1, 
    337, 0, 0, 345, 0), .Dim = 3:2, .Dimnames = list(c("-1", 
    "0", "1"), c("A", "G"))))))
