Results <-
list(`bwa.out//20220204//BlindCMMRD97_S56.sam` = list(LR20_SNP1 = list(
    All = list(Freqs = structure(c(0L, 2L, 0L, 0L, 6L, 4972L, 
    9L, 8L, 1L, 41L, 1L, 0L), .Dim = 4:3, .Dimnames = structure(list(
        c("-1", "0", "1", NA), c("A", "G", NA)), .Names = c("", 
    "")), class = "table"), N = 5040L), Tag.Distribution = structure(c(`1` = 146L, 
    `2` = 78L, `3` = 67L, `4` = 52L, `5` = 56L, `6` = 47L, `7` = 25L, 
    `8` = 36L, `9` = 22L, `10` = 23L, `11` = 20L, `12` = 10L, 
    `13` = 7L, `14` = 11L, `15` = 15L, `16` = 6L, `17` = 18L, 
    `18` = 5L, `19` = 6L, `20` = 5L, `21` = 6L, `22` = 7L, `23` = 3L, 
    `24` = 3L, `25` = 3L, `26` = 1L, `27` = 2L, `28` = 3L, `29` = 6L, 
    `30` = 2L, `31` = 2L, `32` = 2L, `33` = 1L, `35` = 2L, `39` = 1L, 
    `48` = 1L), .Dim = 36L, .Dimnames = list(TagUsage = c("1", 
    "2", "3", "4", "5", "6", "7", "8", "9", "10", "11", "12", 
    "13", "14", "15", "16", "17", "18", "19", "20", "21", "22", 
    "23", "24", "25", "26", "27", "28", "29", "30", "31", "32", 
    "33", "35", "39", "48")), class = "table"), No.Tag = structure(c(0L, 
    0L, 0L, 0L, 0L, 140L, 1L, 2L, 0L, 7L, 0L, 0L), .Dim = 4:3, .Dimnames = structure(list(
        c("-1", "0", "1", NA), c("A", "G", NA)), .Names = c("", 
    "")), class = "table"), All.Tags = list(Concordant = list(
        Freqs = structure(c(0, 1, 0, 0, 671, 0), .Dim = 3:2, .Dimnames = list(
            c("-1", "0", "1"), c("A", "G"))), N = 672), Majority = list(
        Freqs = structure(c(0, 1, 0, 0, 686, 0), .Dim = 3:2, .Dimnames = list(
            c("-1", "0", "1"), c("A", "G"))), N = 687)), `2` = structure(c(0, 
    0, 0, 0, 554, 0), .Dim = 3:2, .Dimnames = list(c("-1", "0", 
    "1"), c("A", "G"))))))
