Results <-
list(`bwa.out//20220204//BlindCMMRD111_S37.sam` = list(IM16_SNP1 = list(
    All = list(Freqs = structure(c(1L, 13L, 1876L, 27L, 1L, 1L, 
    0L, 11L, 1877L, 32L, 1L, 1L, 0L, 0L, 1L, 0L, 0L, 0L, 0L, 
    2L, 39L, 0L, 0L, 0L), .Dim = c(6L, 4L), .Dimnames = structure(list(
        c("-2", "-1", "0", "1", "2", NA), c("A", "G", "T", NA
        )), .Names = c("", "")), class = "table"), N = 3883L), 
    Tag.Distribution = structure(c(`1` = 202L, `2` = 172L, `3` = 120L, 
    `4` = 101L, `5` = 73L, `6` = 66L, `7` = 46L, `8` = 32L, `9` = 29L, 
    `10` = 22L, `11` = 12L, `12` = 11L, `13` = 7L, `14` = 3L, 
    `15` = 4L, `16` = 4L, `17` = 1L, `18` = 2L, `19` = 1L, `20` = 1L, 
    `21` = 1L, `22` = 1L), .Dim = 22L, .Dimnames = list(TagUsage = c("1", 
    "2", "3", "4", "5", "6", "7", "8", "9", "10", "11", "12", 
    "13", "14", "15", "16", "17", "18", "19", "20", "21", "22"
    )), class = "table"), No.Tag = structure(c(0L, 0L, 63L, 1L, 
    0L, 0L, 0L, 0L, 29L, 0L, 0L, 0L, 0L, 0L, 0L, 0L, 0L, 0L, 
    0L, 0L, 4L, 0L, 0L, 0L), .Dim = c(6L, 4L), .Dimnames = structure(list(
        c("-2", "-1", "0", "1", "2", NA), c("A", "G", "T", NA
        )), .Names = c("", "")), class = "table"), All.Tags = list(
        Concordant = list(Freqs = structure(c(0, 1, 381, 7, 0, 
        0, 1, 382, 0, 0, 0, 0, 0, 0, 0), .Dim = c(5L, 3L), .Dimnames = list(
            c("-2", "-1", "0", "1", "2"), c("A", "G", "T"))), 
            N = 772), Majority = list(Freqs = structure(c(0, 
        2, 438, 7, 0, 0, 2, 438, 1, 0, 0, 0, 0, 0, 0), .Dim = c(5L, 
        3L), .Dimnames = list(c("-2", "-1", "0", "1", "2"), c("A", 
        "G", "T"))), N = 888)), `2` = structure(c(0, 1, 356, 
    0, 0, 0, 1, 330, 1, 0, 0, 0, 0, 0, 0), .Dim = c(5L, 3L), .Dimnames = list(
        c("-2", "-1", "0", "1", "2"), c("A", "G", "T"))))))
