Results <-
list(`bwa.out//20220204//MLPA99_S13.sam` = list(GM07_SNP1 = list(
    All = list(Freqs = structure(c(0L, 0L, 2L, 0L, 0L, 1L, 5L, 
    288L, 4428L, 157L, 1L, 65L, 0L, 2L, 43L, 3L, 0L, 0L), .Dim = c(6L, 
    3L), .Dimnames = structure(list(c("-2", "-1", "0", "1", "2", 
    NA), c("A", "G", NA)), .Names = c("", "")), class = "table"), 
        N = 4995L), Tag.Distribution = structure(c(`1` = 112L, 
    `2` = 22L, `3` = 14L, `4` = 24L, `5` = 26L, `6` = 22L, `7` = 7L, 
    `8` = 17L, `9` = 12L, `10` = 15L, `11` = 13L, `12` = 18L, 
    `13` = 17L, `14` = 12L, `15` = 12L, `16` = 8L, `17` = 10L, 
    `18` = 7L, `19` = 8L, `20` = 10L, `21` = 4L, `22` = 5L, `23` = 3L, 
    `24` = 8L, `25` = 5L, `27` = 4L, `28` = 4L, `29` = 2L, `30` = 2L, 
    `31` = 1L, `32` = 3L, `34` = 4L, `35` = 1L, `36` = 1L, `37` = 2L, 
    `39` = 3L, `40` = 1L, `41` = 1L, `42` = 1L, `43` = 1L, `45` = 2L, 
    `46` = 2L, `49` = 1L, `65` = 1L, `75` = 1L), .Dim = 45L, .Dimnames = list(
        TagUsage = c("1", "2", "3", "4", "5", "6", "7", "8", 
        "9", "10", "11", "12", "13", "14", "15", "16", "17", 
        "18", "19", "20", "21", "22", "23", "24", "25", "27", 
        "28", "29", "30", "31", "32", "34", "35", "36", "37", 
        "39", "40", "41", "42", "43", "45", "46", "49", "65", 
        "75")), class = "table"), No.Tag = structure(c(0L, 0L, 
    1L, 0L, 0L, 0L, 1L, 13L, 268L, 9L, 0L, 17L, 0L, 0L, 2L, 1L, 
    0L, 0L), .Dim = c(6L, 3L), .Dimnames = structure(list(c("-2", 
    "-1", "0", "1", "2", NA), c("A", "G", NA)), .Names = c("", 
    "")), class = "table"), All.Tags = list(Concordant = list(
        Freqs = structure(c(0, 0, 1, 0, 0, 0, 8, 246, 1, 0), .Dim = c(5L, 
        2L), .Dimnames = list(c("-2", "-1", "0", "1", "2"), c("A", 
        "G"))), N = 256), Majority = list(Freqs = structure(c(0, 
    0, 1, 0, 0, 0, 11, 421, 3, 0), .Dim = c(5L, 2L), .Dimnames = list(
        c("-2", "-1", "0", "1", "2"), c("A", "G"))), N = 436)), 
    `2` = structure(c(0, 0, 0, 0, 0, 0, 4, 324, 3, 0), .Dim = c(5L, 
    2L), .Dimnames = list(c("-2", "-1", "0", "1", "2"), c("A", 
    "G"))))))
