Results <-
list(`bwa.out//20220204//BlindCMMRD130_S56.sam` = list(GM22_SNP1 = list(
    All = list(Freqs = structure(c(0L, 30L, 2672L, 6L, 12L, 1L, 
    25L, 2296L, 10L, 2L, 0L, 0L, 62L, 1L, 0L), .Dim = c(5L, 3L
    ), .Dimnames = structure(list(c("-2", "-1", "0", "1", NA), 
        c("A", "G", NA)), .Names = c("", "")), class = "table"), 
        N = 5117L), Tag.Distribution = structure(c(`1` = 158L, 
    `2` = 128L, `3` = 132L, `4` = 121L, `5` = 98L, `6` = 75L, 
    `7` = 74L, `8` = 52L, `9` = 47L, `10` = 29L, `11` = 16L, 
    `12` = 14L, `13` = 14L, `14` = 8L, `15` = 5L, `16` = 6L, 
    `17` = 3L, `18` = 3L, `19` = 3L, `20` = 2L, `23` = 3L, `29` = 1L
    ), .Dim = 22L, .Dimnames = list(TagUsage = c("1", "2", "3", 
    "4", "5", "6", "7", "8", "9", "10", "11", "12", "13", "14", 
    "15", "16", "17", "18", "19", "20", "23", "29")), class = "table"), 
    No.Tag = structure(c(0L, 1L, 92L, 0L, 0L, 0L, 0L, 31L, 0L, 
    0L, 0L, 0L, 3L, 0L, 0L), .Dim = c(5L, 3L), .Dimnames = structure(list(
        c("-2", "-1", "0", "1", NA), c("A", "G", NA)), .Names = c("", 
    "")), class = "table"), All.Tags = list(Concordant = list(
        Freqs = structure(c(0, 1, 447, 1, 0, 2, 401, 0), .Dim = c(4L, 
        2L), .Dimnames = list(c("-2", "-1", "0", "1"), c("A", 
        "G"))), N = 852), Majority = list(Freqs = structure(c(0, 
    1, 514, 1, 0, 2, 463, 0), .Dim = c(4L, 2L), .Dimnames = list(
        c("-2", "-1", "0", "1"), c("A", "G"))), N = 981)), `2` = structure(c(0, 
    0, 442, 0, 0, 0, 382, 0), .Dim = c(4L, 2L), .Dimnames = list(
        c("-2", "-1", "0", "1"), c("A", "G"))))))
