Results <-
list(`bwa.out//20220204//Control30_S23.sam` = list(IM49_SNP1 = list(
    All = list(Freqs = structure(c(1L, 91L, 2888L, 45L, 1L, 20L, 
    0L, 0L, 3L, 0L, 0L, 1L, 0L, 2L, 139L, 0L, 0L, 0L), .Dim = c(6L, 
    3L), .Dimnames = structure(list(c("-2", "-1", "0", "1", "2", 
    NA), c("C", "G", NA)), .Names = c("", "")), class = "table"), 
        N = 3191L), Tag.Distribution = structure(c(`1` = 266L, 
    `2` = 66L, `3` = 58L, `4` = 43L, `5` = 29L, `6` = 27L, `7` = 29L, 
    `8` = 24L, `9` = 24L, `10` = 17L, `11` = 9L, `12` = 7L, `13` = 7L, 
    `14` = 9L, `15` = 4L, `16` = 3L, `17` = 6L, `18` = 3L, `19` = 3L, 
    `20` = 3L, `21` = 3L, `22` = 3L, `23` = 3L, `24` = 1L, `26` = 1L, 
    `29` = 4L, `32` = 1L, `40` = 1L), .Dim = 28L, .Dimnames = list(
        TagUsage = c("1", "2", "3", "4", "5", "6", "7", "8", 
        "9", "10", "11", "12", "13", "14", "15", "16", "17", 
        "18", "19", "20", "21", "22", "23", "24", "26", "29", 
        "32", "40")), class = "table"), No.Tag = structure(c(0L, 
    5L, 129L, 0L, 0L, 1L, 0L, 0L, 0L, 0L, 0L, 0L, 0L, 0L, 7L, 
    0L, 0L, 0L), .Dim = c(6L, 3L), .Dimnames = structure(list(
        c("-2", "-1", "0", "1", "2", NA), c("C", "G", NA)), .Names = c("", 
    "")), class = "table"), All.Tags = list(Concordant = list(
        Freqs = structure(c(0, 5, 505, 2, 0, 0, 0, 3, 0, 0), .Dim = c(5L, 
        2L), .Dimnames = list(c("-2", "-1", "0", "1", "2"), c("C", 
        "G"))), N = 515), Majority = list(Freqs = structure(c(0, 
    6, 584, 2, 0, 0, 0, 3, 0, 0), .Dim = c(5L, 2L), .Dimnames = list(
        c("-2", "-1", "0", "1", "2"), c("C", "G"))), N = 595)), 
    `2` = structure(c(0, 2, 381, 0, 0, 0, 0, 0, 0, 0), .Dim = c(5L, 
    2L), .Dimnames = list(c("-2", "-1", "0", "1", "2"), c("C", 
    "G"))))))
