Results <-
list(`bwa.out//20220204//BlindCMMRD81_S40.sam` = list(LR17_SNP1 = list(
    All = list(Freqs = structure(c(1L, 6L, 126L, 3198L, 40L, 
    1L, 20L, 0L, 0L, 0L, 1L, 0L, 0L, 0L, 0L, 0L, 1L, 138L, 0L, 
    0L, 0L), .Dim = c(7L, 3L), .Dimnames = structure(list(c("-3", 
    "-2", "-1", "0", "1", "2", NA), c("A", "G", NA)), .Names = c("", 
    "")), class = "table"), N = 3532L), Tag.Distribution = structure(c(`1` = 63L, 
    `2` = 27L, `3` = 24L, `4` = 16L, `5` = 26L, `6` = 29L, `7` = 22L, 
    `8` = 20L, `9` = 8L, `10` = 10L, `11` = 15L, `12` = 12L, 
    `13` = 14L, `14` = 11L, `15` = 11L, `16` = 8L, `17` = 12L, 
    `18` = 6L, `19` = 10L, `20` = 4L, `21` = 3L, `22` = 4L, `23` = 5L, 
    `24` = 2L, `25` = 5L, `26` = 3L, `28` = 3L, `29` = 3L, `30` = 2L, 
    `31` = 2L, `32` = 1L, `37` = 1L, `45` = 1L), .Dim = 33L, .Dimnames = list(
        TagUsage = c("1", "2", "3", "4", "5", "6", "7", "8", 
        "9", "10", "11", "12", "13", "14", "15", "16", "17", 
        "18", "19", "20", "21", "22", "23", "24", "25", "26", 
        "28", "29", "30", "31", "32", "37", "45")), class = "table"), 
    No.Tag = structure(c(0L, 0L, 1L, 39L, 1L, 0L, 0L, 0L, 0L, 
    0L, 0L, 0L, 0L, 0L, 0L, 0L, 0L, 4L, 0L, 0L, 0L), .Dim = c(7L, 
    3L), .Dimnames = structure(list(c("-3", "-2", "-1", "0", 
    "1", "2", NA), c("A", "G", NA)), .Names = c("", "")), class = "table"), 
    All.Tags = list(Concordant = list(Freqs = structure(c(0, 
    1, 1, 257, 1, 0, 0, 0, 0, 0, 0, 0), .Dim = c(6L, 2L), .Dimnames = list(
        c("-3", "-2", "-1", "0", "1", "2"), c("A", "G"))), N = 260), 
        Majority = list(Freqs = structure(c(0, 1, 2, 373, 2, 
        0, 0, 0, 0, 0, 0, 0), .Dim = c(6L, 2L), .Dimnames = list(
            c("-3", "-2", "-1", "0", "1", "2"), c("A", "G"))), 
            N = 378)), `2` = structure(c(0, 0, 1, 315, 1, 0, 
    0, 0, 0, 0, 0, 0), .Dim = c(6L, 2L), .Dimnames = list(c("-3", 
    "-2", "-1", "0", "1", "2"), c("A", "G"))))))
