Results <-
list(`bwa.out//20220204//BlindCMMRD134_S60.sam` = list(LR52_SNP1 = list(
    All = list(Freqs = structure(c(0L, 0L, 0L, 1L, 0L, 0L, 1L, 
    0L, 1L, 1L, 0L, 0L, 1L, 16L, 257L, 2882L, 27L, 25L, 0L, 1L, 
    1L, 57L, 2L, 0L), .Dim = c(6L, 4L), .Dimnames = structure(list(
        c("-3", "-2", "-1", "0", "1", NA), c("A", "C", "T", NA
        )), .Names = c("", "")), class = "table"), N = 3273L), 
    Tag.Distribution = structure(c(`1` = 94L, `2` = 92L, `3` = 89L, 
    `4` = 77L, `5` = 63L, `6` = 46L, `7` = 40L, `8` = 34L, `9` = 27L, 
    `10` = 26L, `11` = 13L, `12` = 4L, `13` = 8L, `14` = 7L, 
    `15` = 3L, `16` = 2L, `17` = 3L, `18` = 1L, `19` = 1L, `20` = 1L, 
    `21` = 3L, `22` = 1L, `23` = 1L), .Dim = 23L, .Dimnames = list(
        TagUsage = c("1", "2", "3", "4", "5", "6", "7", "8", 
        "9", "10", "11", "12", "13", "14", "15", "16", "17", 
        "18", "19", "20", "21", "22", "23")), class = "table"), 
    No.Tag = structure(c(0L, 0L, 0L, 0L, 0L, 0L, 0L, 0L, 0L, 
    0L, 0L, 0L, 0L, 0L, 7L, 78L, 0L, 3L, 0L, 0L, 0L, 0L, 0L, 
    0L), .Dim = c(6L, 4L), .Dimnames = structure(list(c("-3", 
    "-2", "-1", "0", "1", NA), c("A", "C", "T", NA)), .Names = c("", 
    "")), class = "table"), All.Tags = list(Concordant = list(
        Freqs = structure(c(0, 0, 0, 0, 0, 0, 0, 0, 0, 0, 0, 
        1, 10, 425, 2), .Dim = c(5L, 3L), .Dimnames = list(c("-3", 
        "-2", "-1", "0", "1"), c("A", "C", "T"))), N = 438), 
        Majority = list(Freqs = structure(c(0, 0, 0, 0, 0, 0, 
        0, 0, 0, 0, 0, 1, 12, 597, 2), .Dim = c(5L, 3L), .Dimnames = list(
            c("-3", "-2", "-1", "0", "1"), c("A", "C", "T"))), 
            N = 612)), `2` = structure(c(0, 0, 0, 0, 0, 0, 0, 
    0, 0, 0, 0, 1, 6, 514, 0), .Dim = c(5L, 3L), .Dimnames = list(
        c("-3", "-2", "-1", "0", "1"), c("A", "C", "T"))))))
