Results <-
list(`bwa.out//20220204//BlindCMMRD91_S50.sam` = list(GM09_SNP1 = list(
    All = list(Freqs = structure(c(0L, 7L, 0L, 0L, 32L, 4905L, 
    5L, 3L, 1L, 45L, 0L, 0L), .Dim = 4:3, .Dimnames = structure(list(
        c("-1", "0", "1", NA), c("A", "G", NA)), .Names = c("", 
    "")), class = "table"), N = 4998L), Tag.Distribution = structure(c(`1` = 122L, 
    `2` = 63L, `3` = 53L, `4` = 46L, `5` = 43L, `6` = 28L, `7` = 32L, 
    `8` = 30L, `9` = 28L, `10` = 19L, `11` = 19L, `12` = 18L, 
    `13` = 15L, `14` = 14L, `15` = 11L, `16` = 17L, `17` = 11L, 
    `18` = 6L, `19` = 5L, `20` = 7L, `21` = 4L, `22` = 4L, `23` = 3L, 
    `24` = 6L, `25` = 5L, `26` = 4L, `27` = 4L, `28` = 3L, `29` = 3L, 
    `31` = 1L, `33` = 2L, `34` = 2L, `36` = 1L, `40` = 1L, `47` = 1L, 
    `48` = 1L), .Dim = 36L, .Dimnames = list(TagUsage = c("1", 
    "2", "3", "4", "5", "6", "7", "8", "9", "10", "11", "12", 
    "13", "14", "15", "16", "17", "18", "19", "20", "21", "22", 
    "23", "24", "25", "26", "27", "28", "29", "31", "33", "34", 
    "36", "40", "47", "48")), class = "table"), No.Tag = structure(c(0L, 
    1L, 0L, 0L, 0L, 97L, 0L, 1L, 0L, 7L, 0L, 0L), .Dim = 4:3, .Dimnames = structure(list(
        c("-1", "0", "1", NA), c("A", "G", NA)), .Names = c("", 
    "")), class = "table"), All.Tags = list(Concordant = list(
        Freqs = structure(c(0, 5, 0, 2, 587, 0), .Dim = 3:2, .Dimnames = list(
            c("-1", "0", "1"), c("A", "G"))), N = 594), Majority = list(
        Freqs = structure(c(0, 5, 0, 2, 617, 0), .Dim = 3:2, .Dimnames = list(
            c("-1", "0", "1"), c("A", "G"))), N = 624)), `2` = structure(c(0, 
    0, 0, 0, 509, 0), .Dim = 3:2, .Dimnames = list(c("-1", "0", 
    "1"), c("A", "G"))))))
