Results <-
list(`bwa.out//20220204//BlindCMMRD112_S38.sam` = list(LR44_SNP1 = list(
    All = list(Freqs = structure(c(3L, 142L, 1960L, 23L, 1L, 
    14L, 1L, 135L, 1854L, 23L, 2L, 7L, 0L, 1L, 46L, 0L, 0L, 0L
    ), .Dim = c(6L, 3L), .Dimnames = structure(list(c("-2", "-1", 
    "0", "1", "2", NA), c("C", "T", NA)), .Names = c("", "")), class = "table"), 
        N = 4212L), Tag.Distribution = structure(c(`1` = 301L, 
    `2` = 245L, `3` = 199L, `4` = 137L, `5` = 90L, `6` = 61L, 
    `7` = 63L, `8` = 42L, `9` = 25L, `10` = 10L, `11` = 9L, `12` = 7L, 
    `13` = 2L, `14` = 1L, `15` = 1L, `16` = 1L, `24` = 1L), .Dim = 17L, .Dimnames = list(
        TagUsage = c("1", "2", "3", "4", "5", "6", "7", "8", 
        "9", "10", "11", "12", "13", "14", "15", "16", "24")), class = "table"), 
    No.Tag = structure(c(0L, 2L, 33L, 1L, 0L, 3L, 0L, 2L, 35L, 
    0L, 0L, 1L, 0L, 0L, 3L, 0L, 0L, 0L), .Dim = c(6L, 3L), .Dimnames = structure(list(
        c("-2", "-1", "0", "1", "2", NA), c("C", "T", NA)), .Names = c("", 
    "")), class = "table"), All.Tags = list(Concordant = list(
        Freqs = structure(c(1, 15, 442, 4, 0, 0, 13, 400, 2, 
        0), .Dim = c(5L, 2L), .Dimnames = list(c("-2", "-1", 
        "0", "1", "2"), c("C", "T"))), N = 877), Majority = list(
        Freqs = structure(c(1, 18, 562, 4, 0, 0, 16, 532, 2, 
        0), .Dim = c(5L, 2L), .Dimnames = list(c("-2", "-1", 
        "0", "1", "2"), c("C", "T"))), N = 1135)), `2` = structure(c(0, 
    5, 419, 0, 0, 0, 5, 407, 1, 0), .Dim = c(5L, 2L), .Dimnames = list(
        c("-2", "-1", "0", "1", "2"), c("C", "T"))))))
