Results <-
list(`bwa.out//20220204//BlindCMMRD49_S9.sam` = list(GM26_SNP1 = list(
    All = list(Freqs = structure(c(40L, 5394L, 12L, 12L, 0L, 
    3L, 0L, 0L, 0L, 1L, 0L, 0L, 1L, 34L, 1L, 0L), .Dim = c(4L, 
    4L), .Dimnames = structure(list(c("-1", "0", "1", NA), c("A", 
    "G", "T", NA)), .Names = c("", "")), class = "table"), N = 5498L), 
    Tag.Distribution = structure(c(`1` = 74L, `2` = 13L, `3` = 11L, 
    `4` = 11L, `5` = 9L, `6` = 6L, `7` = 10L, `8` = 3L, `9` = 3L, 
    `10` = 9L, `11` = 5L, `12` = 7L, `13` = 3L, `14` = 6L, `15` = 8L, 
    `16` = 2L, `17` = 7L, `18` = 5L, `19` = 4L, `20` = 3L, `21` = 6L, 
    `22` = 5L, `23` = 5L, `24` = 7L, `25` = 4L, `26` = 5L, `27` = 1L, 
    `28` = 3L, `29` = 8L, `30` = 5L, `31` = 2L, `32` = 3L, `33` = 1L, 
    `34` = 2L, `35` = 2L, `36` = 1L, `37` = 5L, `38` = 1L, `40` = 2L, 
    `41` = 3L, `42` = 2L, `43` = 2L, `49` = 3L, `52` = 1L, `56` = 1L, 
    `57` = 3L, `58` = 4L, `60` = 1L, `61` = 1L, `63` = 1L, `67` = 2L, 
    `68` = 1L, `71` = 1L, `73` = 2L, `75` = 1L, `76` = 1L, `80` = 1L, 
    `84` = 1L, `86` = 2L, `87` = 1L, `89` = 2L), .Dim = 61L, .Dimnames = list(
        TagUsage = c("1", "2", "3", "4", "5", "6", "7", "8", 
        "9", "10", "11", "12", "13", "14", "15", "16", "17", 
        "18", "19", "20", "21", "22", "23", "24", "25", "26", 
        "27", "28", "29", "30", "31", "32", "33", "34", "35", 
        "36", "37", "38", "40", "41", "42", "43", "49", "52", 
        "56", "57", "58", "60", "61", "63", "67", "68", "71", 
        "73", "75", "76", "80", "84", "86", "87", "89")), class = "table"), 
    No.Tag = structure(c(0L, 52L, 0L, 0L, 0L, 0L, 0L, 0L, 0L, 
    0L, 0L, 0L, 0L, 2L, 0L, 0L), .Dim = c(4L, 4L), .Dimnames = structure(list(
        c("-1", "0", "1", NA), c("A", "G", "T", NA)), .Names = c("", 
    "")), class = "table"), All.Tags = list(Concordant = list(
        Freqs = structure(c(2, 251, 1, 0, 3, 0, 0, 0, 0), .Dim = c(3L, 
        3L), .Dimnames = list(c("-1", "0", "1"), c("A", "G", 
        "T"))), N = 257), Majority = list(Freqs = structure(c(3, 
    289, 1, 0, 3, 0, 0, 0, 0), .Dim = c(3L, 3L), .Dimnames = list(
        c("-1", "0", "1"), c("A", "G", "T"))), N = 296)), `2` = structure(c(1, 
    229, 0, 0, 0, 0, 0, 0, 0), .Dim = c(3L, 3L), .Dimnames = list(
        c("-1", "0", "1"), c("A", "G", "T"))))))
