Results <-
list(`bwa.out//20220204//MLPA80_S12.sam` = list(GM07_SNP1 = list(
    All = list(Freqs = structure(c(0L, 0L, 3L, 0L, 0L, 5L, 172L, 
    3884L, 92L, 63L, 0L, 0L, 1L, 0L, 0L, 0L, 1L, 19L, 0L, 0L), .Dim = 5:4, .Dimnames = structure(list(
        c("-2", "-1", "0", "1", NA), c("-", "A", "G", NA)), .Names = c("", 
    "")), class = "table"), N = 4240L), Tag.Distribution = structure(c(`1` = 123L, 
    `2` = 83L, `3` = 71L, `4` = 50L, `5` = 39L, `6` = 33L, `7` = 21L, 
    `8` = 35L, `9` = 24L, `10` = 17L, `11` = 19L, `12` = 11L, 
    `13` = 5L, `14` = 10L, `15` = 9L, `16` = 13L, `17` = 6L, 
    `18` = 8L, `19` = 9L, `20` = 4L, `21` = 2L, `22` = 5L, `23` = 2L, 
    `24` = 1L, `25` = 2L, `26` = 4L, `27` = 4L, `28` = 2L, `29` = 2L
    ), .Dim = 29L, .Dimnames = list(TagUsage = c("1", "2", "3", 
    "4", "5", "6", "7", "8", "9", "10", "11", "12", "13", "14", 
    "15", "16", "17", "18", "19", "20", "21", "22", "23", "24", 
    "25", "26", "27", "28", "29")), class = "table"), No.Tag = structure(c(0L, 
    0L, 0L, 0L, 0L, 1L, 12L, 306L, 9L, 19L, 0L, 0L, 0L, 0L, 0L, 
    0L, 0L, 1L, 0L, 0L), .Dim = 5:4, .Dimnames = structure(list(
        c("-2", "-1", "0", "1", NA), c("-", "A", "G", NA)), .Names = c("", 
    "")), class = "table"), All.Tags = list(Concordant = list(
        Freqs = structure(c(0, 0, 0, 0, 0, 2, 436, 2, 0, 0, 1, 
        0), .Dim = 4:3, .Dimnames = list(c("-2", "-1", "0", "1"
        ), c("-", "A", "G"))), N = 441), Majority = list(Freqs = structure(c(0, 
    0, 0, 0, 0, 3, 589, 3, 0, 0, 1, 0), .Dim = 4:3, .Dimnames = list(
        c("-2", "-1", "0", "1"), c("-", "A", "G"))), N = 596)), 
    `2` = structure(c(0, 0, 0, 0, 0, 2, 476, 1, 0, 0, 0, 0), .Dim = 4:3, .Dimnames = list(
        c("-2", "-1", "0", "1"), c("-", "A", "G"))))))
