Results <-
list(`bwa.out//20220204//BlindCMMRD132_S58.sam` = list(GM11_SNP1 = list(
    All = list(Freqs = structure(c(36L, 2541L, 10L, 2L, 32L, 
    2535L, 14L, 7L, 0L, 19L, 0L, 0L), .Dim = 4:3, .Dimnames = structure(list(
        c("-1", "0", "1", NA), c("A", "G", NA)), .Names = c("", 
    "")), class = "table"), N = 5196L), Tag.Distribution = structure(c(`1` = 249L, 
    `2` = 222L, `3` = 180L, `4` = 154L, `5` = 112L, `6` = 82L, 
    `7` = 56L, `8` = 49L, `9` = 41L, `10` = 23L, `11` = 14L, 
    `12` = 7L, `13` = 5L, `14` = 13L, `15` = 6L, `16` = 2L, `17` = 4L, 
    `19` = 1L, `20` = 2L, `21` = 1L, `26` = 1L, `31` = 1L, `32` = 1L
    ), .Dim = 23L, .Dimnames = list(TagUsage = c("1", "2", "3", 
    "4", "5", "6", "7", "8", "9", "10", "11", "12", "13", "14", 
    "15", "16", "17", "19", "20", "21", "26", "31", "32")), class = "table"), 
    No.Tag = structure(c(2L, 27L, 0L, 0L, 0L, 36L, 0L, 1L, 0L, 
    2L, 0L, 0L), .Dim = 4:3, .Dimnames = structure(list(c("-1", 
    "0", "1", NA), c("A", "G", NA)), .Names = c("", "")), class = "table"), 
    All.Tags = list(Concordant = list(Freqs = structure(c(3, 
    533, 0, 2, 486, 1), .Dim = 3:2, .Dimnames = list(c("-1", 
    "0", "1"), c("A", "G"))), N = 1025), Majority = list(Freqs = structure(c(6, 
    619, 0, 4, 571, 1), .Dim = 3:2, .Dimnames = list(c("-1", 
    "0", "1"), c("A", "G"))), N = 1201)), `2` = structure(c(6, 
    480, 0, 2, 465, 1), .Dim = 3:2, .Dimnames = list(c("-1", 
    "0", "1"), c("A", "G"))))))
