Results <-
list(`bwa.out//20220204//BlindCMMRD129_S55.sam` = list(GM11_SNP1 = list(
    All = list(Freqs = structure(c(1L, 1L, 22L, 4679L, 11L, 10L, 
    0L, 0L, 0L, 2L, 0L, 0L, 0L, 0L, 0L, 17L, 0L, 0L), .Dim = c(6L, 
    3L), .Dimnames = structure(list(c("-4", "-2", "-1", "0", 
    "1", NA), c("A", "G", NA)), .Names = c("", "")), class = "table"), 
        N = 4743L), Tag.Distribution = structure(c(`1` = 195L, 
    `2` = 186L, `3` = 136L, `4` = 147L, `5` = 105L, `6` = 78L, 
    `7` = 63L, `8` = 34L, `9` = 48L, `10` = 25L, `11` = 15L, 
    `12` = 13L, `13` = 10L, `14` = 8L, `15` = 4L, `17` = 1L, 
    `19` = 3L, `22` = 1L, `23` = 1L), .Dim = 19L, .Dimnames = list(
        TagUsage = c("1", "2", "3", "4", "5", "6", "7", "8", 
        "9", "10", "11", "12", "13", "14", "15", "17", "19", 
        "22", "23")), class = "table"), No.Tag = structure(c(0L, 
    0L, 0L, 49L, 0L, 0L, 0L, 0L, 0L, 0L, 0L, 0L, 0L, 0L, 0L, 
    1L, 0L, 0L), .Dim = c(6L, 3L), .Dimnames = structure(list(
        c("-4", "-2", "-1", "0", "1", NA), c("A", "G", NA)), .Names = c("", 
    "")), class = "table"), All.Tags = list(Concordant = list(
        Freqs = structure(c(0, 0, 1, 1035, 0, 0, 0, 0, 1, 0), .Dim = c(5L, 
        2L), .Dimnames = list(c("-4", "-2", "-1", "0", "1"), 
            c("A", "G"))), N = 1037), Majority = list(Freqs = structure(c(0, 
    0, 1, 1067, 0, 0, 0, 0, 1, 0), .Dim = c(5L, 2L), .Dimnames = list(
        c("-4", "-2", "-1", "0", "1"), c("A", "G"))), N = 1069)), 
    `2` = structure(c(0, 0, 0, 876, 0, 0, 0, 0, 0, 0), .Dim = c(5L, 
    2L), .Dimnames = list(c("-4", "-2", "-1", "0", "1"), c("A", 
    "G"))))))
