Results <-
list(`bwa.out//20220204//BlindCMMRD82_S41.sam` = list(LR11_SNP1 = list(
    All = list(Freqs = structure(c(0L, 3L, 0L, 0L, 0L, 62L, 3602L, 
    25L, 1L, 3L, 0L, 1L, 0L, 0L, 0L, 3L, 104L, 1L, 0L, 0L), .Dim = 5:4, .Dimnames = structure(list(
        c("-1", "0", "1", "2", NA), c("A", "C", "T", NA)), .Names = c("", 
    "")), class = "table"), N = 3805L), Tag.Distribution = structure(c(`1` = 88L, 
    `2` = 48L, `3` = 45L, `4` = 38L, `5` = 20L, `6` = 30L, `7` = 25L, 
    `8` = 28L, `9` = 36L, `10` = 19L, `11` = 24L, `12` = 16L, 
    `13` = 14L, `14` = 15L, `15` = 14L, `16` = 12L, `17` = 10L, 
    `18` = 9L, `20` = 6L, `21` = 3L, `22` = 3L, `24` = 3L, `25` = 1L, 
    `27` = 1L, `30` = 3L, `34` = 1L, `39` = 1L), .Dim = 27L, .Dimnames = list(
        TagUsage = c("1", "2", "3", "4", "5", "6", "7", "8", 
        "9", "10", "11", "12", "13", "14", "15", "16", "17", 
        "18", "20", "21", "22", "24", "25", "27", "30", "34", 
        "39")), class = "table"), No.Tag = structure(c(0L, 0L, 
    0L, 0L, 0L, 1L, 22L, 0L, 0L, 0L, 0L, 0L, 0L, 0L, 0L, 0L, 
    0L, 0L, 0L, 0L), .Dim = 5:4, .Dimnames = structure(list(c("-1", 
    "0", "1", "2", NA), c("A", "C", "T", NA)), .Names = c("", 
    "")), class = "table"), All.Tags = list(Concordant = list(
        Freqs = structure(c(0, 2, 0, 0, 2, 434, 1, 0, 0, 0, 0, 
        0), .Dim = 4:3, .Dimnames = list(c("-1", "0", "1", "2"
        ), c("A", "C", "T"))), N = 439), Majority = list(Freqs = structure(c(0, 
    2, 0, 0, 3, 501, 1, 0, 0, 0, 0, 0), .Dim = 4:3, .Dimnames = list(
        c("-1", "0", "1", "2"), c("A", "C", "T"))), N = 507)), 
    `2` = structure(c(0, 0, 0, 0, 1, 423, 0, 0, 0, 0, 0, 0), .Dim = 4:3, .Dimnames = list(
        c("-1", "0", "1", "2"), c("A", "C", "T"))))))
