Results <-
list(`bwa.out//20220204//BlindCMMRD50_S10.sam` = list(GM17_SNP1 = list(
    All = list(Freqs = structure(c(0L, 42L, 2155L, 2L, 0L, 4L, 
    1L, 56L, 2360L, 9L, 1L, 1L, 0L, 1L, 31L, 0L, 0L, 0L), .Dim = c(6L, 
    3L), .Dimnames = structure(list(c("-2", "-1", "0", "1", "2", 
    NA), c("C", "T", NA)), .Names = c("", "")), class = "table"), 
        N = 4663L), Tag.Distribution = structure(c(`1` = 77L, 
    `2` = 20L, `3` = 25L, `4` = 7L, `5` = 12L, `6` = 12L, `7` = 19L, 
    `8` = 11L, `9` = 14L, `10` = 13L, `11` = 18L, `12` = 8L, 
    `13` = 7L, `14` = 6L, `15` = 6L, `16` = 5L, `17` = 4L, `18` = 6L, 
    `19` = 6L, `20` = 5L, `21` = 11L, `22` = 3L, `23` = 4L, `24` = 2L, 
    `25` = 3L, `26` = 5L, `27` = 2L, `28` = 3L, `29` = 2L, `30` = 2L, 
    `31` = 2L, `32` = 4L, `33` = 4L, `34` = 1L, `35` = 2L, `36` = 1L, 
    `37` = 2L, `38` = 1L, `40` = 3L, `41` = 1L, `42` = 3L, `43` = 1L, 
    `44` = 4L, `45` = 4L, `46` = 1L, `47` = 2L, `48` = 2L, `50` = 1L, 
    `51` = 2L, `55` = 1L, `56` = 2L), .Dim = 51L, .Dimnames = list(
        TagUsage = c("1", "2", "3", "4", "5", "6", "7", "8", 
        "9", "10", "11", "12", "13", "14", "15", "16", "17", 
        "18", "19", "20", "21", "22", "23", "24", "25", "26", 
        "27", "28", "29", "30", "31", "32", "33", "34", "35", 
        "36", "37", "38", "40", "41", "42", "43", "44", "45", 
        "46", "47", "48", "50", "51", "55", "56")), class = "table"), 
    No.Tag = structure(c(0L, 0L, 49L, 0L, 0L, 0L, 0L, 2L, 37L, 
    0L, 0L, 0L, 0L, 0L, 4L, 0L, 0L, 0L), .Dim = c(6L, 3L), .Dimnames = structure(list(
        c("-2", "-1", "0", "1", "2", NA), c("C", "T", NA)), .Names = c("", 
    "")), class = "table"), All.Tags = list(Concordant = list(
        Freqs = structure(c(0, 1, 150, 0, 0, 0, 1, 140, 1, 0), .Dim = c(5L, 
        2L), .Dimnames = list(c("-2", "-1", "0", "1", "2"), c("C", 
        "T"))), N = 293), Majority = list(Freqs = structure(c(0, 
    2, 180, 0, 0, 0, 1, 173, 1, 0), .Dim = c(5L, 2L), .Dimnames = list(
        c("-2", "-1", "0", "1", "2"), c("C", "T"))), N = 357)), 
    `2` = structure(c(0, 2, 148, 0, 0, 0, 1, 134, 0, 0), .Dim = c(5L, 
    2L), .Dimnames = list(c("-2", "-1", "0", "1", "2"), c("C", 
    "T"))))))
