Results <-
list(`bwa.out//20220204//Control25_S18.sam` = list(LR36_SNP1 = list(
    All = list(Freqs = structure(c(1L, 20L, 800L, 10L, 7L, 2L, 
    14L, 782L, 26L, 2L, 0L, 0L, 25L, 0L, 0L), .Dim = c(5L, 3L
    ), .Dimnames = structure(list(c("-2", "-1", "0", "1", NA), 
        c("A", "T", NA)), .Names = c("", "")), class = "table"), 
        N = 1689L), Tag.Distribution = structure(c(`1` = 32L, 
    `2` = 26L, `3` = 11L, `4` = 11L, `5` = 14L, `6` = 11L, `7` = 9L, 
    `8` = 7L, `9` = 9L, `10` = 7L, `11` = 8L, `12` = 5L, `13` = 7L, 
    `14` = 4L, `16` = 6L, `17` = 2L, `18` = 3L, `19` = 1L, `20` = 5L, 
    `21` = 2L, `22` = 2L, `24` = 2L, `25` = 1L, `26` = 1L, `27` = 3L, 
    `28` = 1L, `31` = 1L, `32` = 1L, `33` = 1L), .Dim = 29L, .Dimnames = list(
        TagUsage = c("1", "2", "3", "4", "5", "6", "7", "8", 
        "9", "10", "11", "12", "13", "14", "16", "17", "18", 
        "19", "20", "21", "22", "24", "25", "26", "27", "28", 
        "31", "32", "33")), class = "table"), No.Tag = structure(c(0L, 
    1L, 44L, 0L, 0L, 0L, 0L, 84L, 1L, 0L, 0L, 0L, 4L, 0L, 0L), .Dim = c(5L, 
    3L), .Dimnames = structure(list(c("-2", "-1", "0", "1", NA
    ), c("A", "T", NA)), .Names = c("", "")), class = "table"), 
    All.Tags = list(Concordant = list(Freqs = structure(c(0, 
    0, 74, 0, 0, 0, 76, 1), .Dim = c(4L, 2L), .Dimnames = list(
        c("-2", "-1", "0", "1"), c("A", "T"))), N = 151), Majority = list(
        Freqs = structure(c(0, 0, 96, 0, 0, 0, 92, 1), .Dim = c(4L, 
        2L), .Dimnames = list(c("-2", "-1", "0", "1"), c("A", 
        "T"))), N = 189)), `2` = structure(c(0, 0, 78, 0, 0, 
    0, 78, 1), .Dim = c(4L, 2L), .Dimnames = list(c("-2", "-1", 
    "0", "1"), c("A", "T"))))))
