Results <-
list(`bwa.out//20220204//BlindCMMRD51_S11.sam` = list(LR36_SNP1 = list(
    All = list(Freqs = structure(c(0L, 0L, 1L, 0L, 0L, 1L, 27L, 
    1472L, 10L, 9L, 0L, 0L, 1L, 0L, 0L, 0L, 21L, 1286L, 11L, 
    6L, 0L, 2L, 94L, 0L, 0L), .Dim = c(5L, 5L), .Dimnames = structure(list(
        c("-4", "-1", "0", "1", NA), c("-", "A", "G", "T", NA
        )), .Names = c("", "")), class = "table"), N = 2941L), 
    Tag.Distribution = structure(c(`1` = 38L, `2` = 19L, `3` = 21L, 
    `4` = 18L, `5` = 12L, `6` = 16L, `7` = 13L, `8` = 9L, `9` = 7L, 
    `10` = 8L, `11` = 6L, `12` = 8L, `13` = 1L, `14` = 9L, `15` = 7L, 
    `16` = 7L, `17` = 3L, `18` = 4L, `19` = 3L, `20` = 1L, `21` = 1L, 
    `22` = 3L, `23` = 6L, `24` = 2L, `25` = 3L, `26` = 5L, `28` = 1L, 
    `29` = 2L, `31` = 3L, `32` = 3L, `33` = 2L, `34` = 1L, `36` = 1L, 
    `37` = 4L, `38` = 2L, `46` = 2L, `47` = 1L, `50` = 1L, `53` = 1L
    ), .Dim = 39L, .Dimnames = list(TagUsage = c("1", "2", "3", 
    "4", "5", "6", "7", "8", "9", "10", "11", "12", "13", "14", 
    "15", "16", "17", "18", "19", "20", "21", "22", "23", "24", 
    "25", "26", "28", "29", "31", "32", "33", "34", "36", "37", 
    "38", "46", "47", "50", "53")), class = "table"), No.Tag = structure(c(0L, 
    0L, 0L, 0L, 0L, 0L, 0L, 110L, 1L, 1L, 0L, 0L, 0L, 0L, 0L, 
    0L, 2L, 66L, 1L, 2L, 0L, 0L, 12L, 0L, 0L), .Dim = c(5L, 5L
    ), .Dimnames = structure(list(c("-4", "-1", "0", "1", NA), 
        c("-", "A", "G", "T", NA)), .Names = c("", "")), class = "table"), 
    All.Tags = list(Concordant = list(Freqs = structure(c(0, 
    0, 0, 0, 0, 1, 102, 0, 0, 0, 0, 0, 0, 0, 94, 0), .Dim = c(4L, 
    4L), .Dimnames = list(c("-4", "-1", "0", "1"), c("-", "A", 
    "G", "T"))), N = 197), Majority = list(Freqs = structure(c(0, 
    0, 0, 0, 0, 1, 132, 0, 0, 0, 0, 0, 0, 0, 118, 0), .Dim = c(4L, 
    4L), .Dimnames = list(c("-4", "-1", "0", "1"), c("-", "A", 
    "G", "T"))), N = 251)), `2` = structure(c(0, 0, 0, 0, 0, 
    0, 108, 0, 0, 0, 0, 0, 0, 0, 107, 0), .Dim = c(4L, 4L), .Dimnames = list(
        c("-4", "-1", "0", "1"), c("-", "A", "G", "T"))))))
