Results <-
list(`bwa.out//20220204//17D0989_S8.sam` = list(GM11_SNP1 = list(
    All = list(Freqs = structure(c(0L, 0L, 2L, 0L, 0L, 2L, 43L, 
    6493L, 52L, 10L, 0L, 0L, 47L, 1L, 0L), .Dim = c(5L, 3L), .Dimnames = structure(list(
        c("-2", "-1", "0", "1", NA), c("A", "G", NA)), .Names = c("", 
    "")), class = "table"), N = 6650L), Tag.Distribution = structure(c(`1` = 197L, 
    `2` = 84L, `3` = 73L, `4` = 47L, `5` = 49L, `6` = 38L, `7` = 32L, 
    `8` = 32L, `9` = 27L, `10` = 19L, `11` = 18L, `12` = 18L, 
    `13` = 9L, `14` = 17L, `15` = 12L, `16` = 16L, `17` = 19L, 
    `18` = 13L, `19` = 7L, `20` = 7L, `21` = 7L, `22` = 7L, `23` = 6L, 
    `24` = 7L, `25` = 4L, `26` = 5L, `27` = 8L, `28` = 2L, `29` = 1L, 
    `30` = 4L, `31` = 2L, `32` = 1L, `33` = 4L, `34` = 2L, `35` = 2L, 
    `36` = 2L, `38` = 2L, `39` = 1L, `40` = 1L, `41` = 4L, `44` = 2L, 
    `45` = 1L, `46` = 1L, `47` = 1L, `52` = 1L, `58` = 1L), .Dim = 46L, .Dimnames = list(
        TagUsage = c("1", "2", "3", "4", "5", "6", "7", "8", 
        "9", "10", "11", "12", "13", "14", "15", "16", "17", 
        "18", "19", "20", "21", "22", "23", "24", "25", "26", 
        "27", "28", "29", "30", "31", "32", "33", "34", "35", 
        "36", "38", "39", "40", "41", "44", "45", "46", "47", 
        "52", "58")), class = "table"), No.Tag = structure(c(0L, 
    0L, 0L, 0L, 0L, 0L, 1L, 103L, 0L, 0L, 0L, 0L, 4L, 0L, 0L), .Dim = c(5L, 
    3L), .Dimnames = structure(list(c("-2", "-1", "0", "1", NA
    ), c("A", "G", NA)), .Names = c("", "")), class = "table"), 
    All.Tags = list(Concordant = list(Freqs = structure(c(0, 
    0, 2, 0, 0, 1, 738, 0), .Dim = c(4L, 2L), .Dimnames = list(
        c("-2", "-1", "0", "1"), c("A", "G"))), N = 741), Majority = list(
        Freqs = structure(c(0, 0, 2, 0, 0, 1, 799, 1), .Dim = c(4L, 
        2L), .Dimnames = list(c("-2", "-1", "0", "1"), c("A", 
        "G"))), N = 803)), `2` = structure(c(0, 0, 0, 0, 0, 0, 
    615, 1), .Dim = c(4L, 2L), .Dimnames = list(c("-2", "-1", 
    "0", "1"), c("A", "G"))))))
