Results <-
list(`bwa.out//20220204//BlindCMMRD78_S37.sam` = list(GM11_SNP1 = list(
    All = list(Freqs = structure(c(1L, 25L, 5186L, 10L, 2L, 0L, 
    0L, 4L, 0L, 0L, 0L, 0L, 22L, 0L, 0L), .Dim = c(5L, 3L), .Dimnames = structure(list(
        c("-2", "-1", "0", "1", NA), c("A", "G", NA)), .Names = c("", 
    "")), class = "table"), N = 5250L), Tag.Distribution = structure(c(`1` = 134L, 
    `2` = 56L, `3` = 57L, `4` = 53L, `5` = 43L, `6` = 37L, `7` = 49L, 
    `8` = 26L, `9` = 27L, `10` = 30L, `11` = 26L, `12` = 15L, 
    `13` = 16L, `14` = 14L, `15` = 14L, `16` = 11L, `17` = 13L, 
    `18` = 7L, `19` = 8L, `20` = 8L, `21` = 7L, `22` = 3L, `23` = 4L, 
    `24` = 4L, `25` = 1L, `26` = 2L, `27` = 2L, `29` = 5L, `30` = 1L, 
    `32` = 2L, `37` = 1L, `38` = 1L, `40` = 2L, `47` = 1L, `52` = 1L, 
    `53` = 1L), .Dim = 36L, .Dimnames = list(TagUsage = c("1", 
    "2", "3", "4", "5", "6", "7", "8", "9", "10", "11", "12", 
    "13", "14", "15", "16", "17", "18", "19", "20", "21", "22", 
    "23", "24", "25", "26", "27", "29", "30", "32", "37", "38", 
    "40", "47", "52", "53")), class = "table"), No.Tag = structure(c(0L, 
    1L, 94L, 1L, 0L, 0L, 0L, 0L, 0L, 0L, 0L, 0L, 1L, 0L, 0L), .Dim = c(5L, 
    3L), .Dimnames = structure(list(c("-2", "-1", "0", "1", NA
    ), c("A", "G", NA)), .Names = c("", "")), class = "table"), 
    All.Tags = list(Concordant = list(Freqs = structure(c(0, 
    1, 642, 0, 0, 0, 2, 0), .Dim = c(4L, 2L), .Dimnames = list(
        c("-2", "-1", "0", "1"), c("A", "G"))), N = 645), Majority = list(
        Freqs = structure(c(0, 1, 675, 0, 0, 0, 2, 0), .Dim = c(4L, 
        2L), .Dimnames = list(c("-2", "-1", "0", "1"), c("A", 
        "G"))), N = 678)), `2` = structure(c(0, 0, 548, 0, 0, 
    0, 0, 0), .Dim = c(4L, 2L), .Dimnames = list(c("-2", "-1", 
    "0", "1"), c("A", "G"))))))
