Results <-
list(`bwa.out//20220204//BlindCMMRD110_S36.sam` = list(GM01_SNP1 = list(
    All = list(Freqs = structure(c(1L, 44L, 4277L, 10L, 17L, 
    0L, 57L, 3956L, 16L, 25L, 0L, 0L, 60L, 0L, 0L), .Dim = c(5L, 
    3L), .Dimnames = structure(list(c("-2", "-1", "0", "1", NA
    ), c("A", "G", NA)), .Names = c("", "")), class = "table"), 
        N = 8463L), Tag.Distribution = structure(c(`1` = 196L, 
    `2` = 175L, `3` = 189L, `4` = 163L, `5` = 134L, `6` = 125L, 
    `7` = 92L, `8` = 78L, `9` = 74L, `10` = 53L, `11` = 41L, 
    `12` = 29L, `13` = 27L, `14` = 12L, `15` = 14L, `16` = 8L, 
    `17` = 7L, `18` = 12L, `19` = 10L, `20` = 4L, `21` = 2L, 
    `22` = 3L, `23` = 1L, `25` = 2L, `26` = 1L, `27` = 1L, `28` = 2L, 
    `30` = 1L, `33` = 1L, `38` = 1L, `41` = 1L), .Dim = 31L, .Dimnames = list(
        TagUsage = c("1", "2", "3", "4", "5", "6", "7", "8", 
        "9", "10", "11", "12", "13", "14", "15", "16", "17", 
        "18", "19", "20", "21", "22", "23", "25", "26", "27", 
        "28", "30", "33", "38", "41")), class = "table"), No.Tag = structure(c(0L, 
    1L, 54L, 0L, 1L, 0L, 0L, 63L, 0L, 0L, 0L, 0L, 2L, 0L, 0L), .Dim = c(5L, 
    3L), .Dimnames = structure(list(c("-2", "-1", "0", "1", NA
    ), c("A", "G", NA)), .Names = c("", "")), class = "table"), 
    All.Tags = list(Concordant = list(Freqs = structure(c(0, 
    1, 588, 0, 0, 1, 544, 1), .Dim = c(4L, 2L), .Dimnames = list(
        c("-2", "-1", "0", "1"), c("A", "G"))), N = 1135), Majority = list(
        Freqs = structure(c(0, 1, 735, 0, 0, 1, 687, 1), .Dim = c(4L, 
        2L), .Dimnames = list(c("-2", "-1", "0", "1"), c("A", 
        "G"))), N = 1425)), `2` = structure(c(0, 0, 639, 0, 0, 
    1, 592, 0), .Dim = c(4L, 2L), .Dimnames = list(c("-2", "-1", 
    "0", "1"), c("A", "G"))))))
