Results <-
list(`bwa.out//20220204//BlindCMMRD41_S1.sam` = list(LR44_SNP1 = list(
    All = list(Freqs = structure(c(0L, 0L, 0L, 3L, 0L, 0L, 8L, 
    207L, 2990L, 43L, 2L, 11L, 13L, 224L, 2309L, 47L, 1L, 8L, 
    0L, 5L, 83L, 1L, 0L, 0L), .Dim = c(6L, 4L), .Dimnames = structure(list(
        c("-2", "-1", "0", "1", "2", NA), c("-", "C", "T", NA
        )), .Names = c("", "")), class = "table"), N = 5955L), 
    Tag.Distribution = structure(c(`1` = 118L, `2` = 38L, `3` = 24L, 
    `4` = 13L, `5` = 16L, `6` = 19L, `7` = 11L, `8` = 19L, `9` = 13L, 
    `10` = 12L, `11` = 20L, `12` = 14L, `13` = 14L, `14` = 9L, 
    `15` = 11L, `16` = 13L, `17` = 3L, `18` = 5L, `19` = 7L, 
    `20` = 9L, `21` = 4L, `22` = 11L, `23` = 4L, `24` = 5L, `25` = 6L, 
    `26` = 5L, `27` = 4L, `28` = 5L, `29` = 6L, `30` = 6L, `31` = 5L, 
    `32` = 5L, `33` = 6L, `34` = 5L, `35` = 3L, `36` = 5L, `37` = 4L, 
    `38` = 3L, `40` = 2L, `41` = 3L, `43` = 1L, `45` = 2L, `49` = 1L, 
    `50` = 1L, `53` = 1L, `54` = 1L, `58` = 1L, `59` = 1L, `65` = 1L
    ), .Dim = 49L, .Dimnames = list(TagUsage = c("1", "2", "3", 
    "4", "5", "6", "7", "8", "9", "10", "11", "12", "13", "14", 
    "15", "16", "17", "18", "19", "20", "21", "22", "23", "24", 
    "25", "26", "27", "28", "29", "30", "31", "32", "33", "34", 
    "35", "36", "37", "38", "40", "41", "43", "45", "49", "50", 
    "53", "54", "58", "59", "65")), class = "table"), No.Tag = structure(c(0L, 
    0L, 0L, 0L, 0L, 0L, 0L, 0L, 29L, 0L, 0L, 1L, 0L, 4L, 44L, 
    1L, 0L, 0L, 0L, 0L, 1L, 0L, 0L, 0L), .Dim = c(6L, 4L), .Dimnames = structure(list(
        c("-2", "-1", "0", "1", "2", NA), c("-", "C", "T", NA
        )), .Names = c("", "")), class = "table"), All.Tags = list(
        Concordant = list(Freqs = structure(c(0, 0, 0, 1, 0, 
        0, 10, 143, 1, 0, 2, 4, 97, 2, 0), .Dim = c(5L, 3L), .Dimnames = list(
            c("-2", "-1", "0", "1", "2"), c("-", "C", "T"))), 
            N = 260), Majority = list(Freqs = structure(c(0, 
        0, 0, 1, 0, 0, 11, 255, 1, 0, 2, 9, 198, 2, 0), .Dim = c(5L, 
        3L), .Dimnames = list(c("-2", "-1", "0", "1", "2"), c("-", 
        "C", "T"))), N = 479)), `2` = structure(c(0, 0, 0, 1, 
    0, 0, 1, 195, 0, 0, 0, 8, 164, 0, 0), .Dim = c(5L, 3L), .Dimnames = list(
        c("-2", "-1", "0", "1", "2"), c("-", "C", "T"))))))
