Results <-
list(`bwa.out//20220204//BlindCMMRD48_S8.sam` = list(GM01_SNP1 = list(
    All = list(Freqs = structure(c(0L, 1L, 0L, 0L, 0L, 62L, 5963L, 
    28L, 1L, 12L, 1L, 17L, 0L, 0L, 0L, 0L, 1L, 0L, 0L, 0L, 3L, 
    66L, 1L, 0L, 0L), .Dim = c(5L, 5L), .Dimnames = structure(list(
        c("-1", "0", "1", "2", NA), c("-", "A", "G", "T", NA)), .Names = c("", 
    "")), class = "table"), N = 6156L), Tag.Distribution = structure(c(`1` = 99L, 
    `2` = 29L, `3` = 13L, `4` = 24L, `5` = 21L, `6` = 21L, `7` = 20L, 
    `8` = 14L, `9` = 12L, `10` = 13L, `11` = 14L, `12` = 16L, 
    `13` = 13L, `14` = 10L, `15` = 8L, `16` = 8L, `17` = 8L, 
    `18` = 9L, `19` = 10L, `20` = 14L, `21` = 7L, `22` = 5L, 
    `23` = 8L, `24` = 7L, `25` = 11L, `26` = 9L, `27` = 4L, `28` = 13L, 
    `29` = 4L, `30` = 2L, `31` = 6L, `32` = 2L, `33` = 6L, `34` = 4L, 
    `35` = 1L, `36` = 3L, `37` = 3L, `38` = 4L, `39` = 2L, `40` = 1L, 
    `41` = 2L, `44` = 2L, `45` = 2L, `46` = 2L, `47` = 1L, `51` = 1L, 
    `56` = 1L, `59` = 1L), .Dim = 48L, .Dimnames = list(TagUsage = c("1", 
    "2", "3", "4", "5", "6", "7", "8", "9", "10", "11", "12", 
    "13", "14", "15", "16", "17", "18", "19", "20", "21", "22", 
    "23", "24", "25", "26", "27", "28", "29", "30", "31", "32", 
    "33", "34", "35", "36", "37", "38", "39", "40", "41", "44", 
    "45", "46", "47", "51", "56", "59")), class = "table"), No.Tag = structure(c(0L, 
    0L, 0L, 0L, 0L, 0L, 27L, 0L, 0L, 0L, 0L, 2L, 0L, 0L, 0L, 
    0L, 0L, 0L, 0L, 0L, 0L, 4L, 0L, 0L, 0L), .Dim = c(5L, 5L), .Dimnames = structure(list(
        c("-1", "0", "1", "2", NA), c("-", "A", "G", "T", NA)), .Names = c("", 
    "")), class = "table"), All.Tags = list(Concordant = list(
        Freqs = structure(c(0, 0, 0, 0, 2, 390, 2, 0, 0, 9, 0, 
        0, 0, 0, 0, 0), .Dim = c(4L, 4L), .Dimnames = list(c("-1", 
        "0", "1", "2"), c("-", "A", "G", "T"))), N = 403), Majority = list(
        Freqs = structure(c(0, 0, 0, 0, 2, 470, 2, 0, 0, 9, 0, 
        0, 0, 0, 0, 0), .Dim = c(4L, 4L), .Dimnames = list(c("-1", 
        "0", "1", "2"), c("-", "A", "G", "T"))), N = 483)), `2` = structure(c(0, 
    0, 0, 0, 0, 388, 0, 0, 0, 0, 0, 0, 0, 0, 0, 0), .Dim = c(4L, 
    4L), .Dimnames = list(c("-1", "0", "1", "2"), c("-", "A", 
    "G", "T"))))))
