Results <-
list(`bwa.out//20220204//BlindCMMRD74_S33.sam` = list(IM16_SNP1 = list(
    All = list(Freqs = structure(c(0L, 0L, 3L, 0L, 0L, 0L, 0L, 
    0L, 1L, 0L, 0L, 0L, 1L, 44L, 4285L, 54L, 1L, 4L, 0L, 0L, 
    1L, 0L, 0L, 0L, 0L, 0L, 55L, 6L, 0L, 0L), .Dim = 6:5, .Dimnames = structure(list(
        c("-2", "-1", "0", "1", "2", NA), c("A", "C", "G", "T", 
        NA)), .Names = c("", "")), class = "table"), N = 4455L), 
    Tag.Distribution = structure(c(`1` = 102L, `2` = 47L, `3` = 60L, 
    `4` = 45L, `5` = 42L, `6` = 32L, `7` = 38L, `8` = 24L, `9` = 21L, 
    `10` = 24L, `11` = 18L, `12` = 18L, `13` = 13L, `14` = 7L, 
    `15` = 14L, `16` = 12L, `17` = 5L, `18` = 2L, `19` = 8L, 
    `20` = 6L, `21` = 9L, `22` = 6L, `24` = 4L, `25` = 3L, `26` = 2L, 
    `27` = 6L, `28` = 1L, `30` = 2L, `31` = 1L, `32` = 1L, `33` = 1L, 
    `34` = 1L, `35` = 1L, `36` = 1L, `48` = 1L), .Dim = 35L, .Dimnames = list(
        TagUsage = c("1", "2", "3", "4", "5", "6", "7", "8", 
        "9", "10", "11", "12", "13", "14", "15", "16", "17", 
        "18", "19", "20", "21", "22", "24", "25", "26", "27", 
        "28", "30", "31", "32", "33", "34", "35", "36", "48")), class = "table"), 
    No.Tag = structure(c(0L, 0L, 0L, 0L, 0L, 0L, 0L, 0L, 0L, 
    0L, 0L, 0L, 0L, 1L, 77L, 4L, 0L, 0L, 0L, 0L, 0L, 0L, 0L, 
    0L, 0L, 0L, 9L, 0L, 0L, 0L), .Dim = 6:5, .Dimnames = structure(list(
        c("-2", "-1", "0", "1", "2", NA), c("A", "C", "G", "T", 
        NA)), .Names = c("", "")), class = "table"), All.Tags = list(
        Concordant = list(Freqs = structure(c(0, 0, 3, 0, 0, 
        0, 0, 0, 0, 0, 0, 1, 504, 2, 0, 0, 0, 0, 0, 0), .Dim = 5:4, .Dimnames = list(
            c("-2", "-1", "0", "1", "2"), c("A", "C", "G", "T"
            ))), N = 510), Majority = list(Freqs = structure(c(0, 
        0, 3, 0, 0, 0, 0, 0, 0, 0, 0, 3, 564, 3, 0, 0, 0, 0, 
        0, 0), .Dim = 5:4, .Dimnames = list(c("-2", "-1", "0", 
        "1", "2"), c("A", "C", "G", "T"))), N = 573)), `2` = structure(c(0, 
    0, 0, 0, 0, 0, 0, 0, 0, 0, 0, 2, 472, 1, 0, 0, 0, 0, 0, 0
    ), .Dim = 5:4, .Dimnames = list(c("-2", "-1", "0", "1", "2"
    ), c("A", "C", "G", "T"))))))
