Results <-
list(`bwa.out//20220204//Control28_S21.sam` = list(LR24_SNP1 = list(
    All = list(Freqs = structure(c(5L, 1771L, 9L, 3L, 7L, 1635L, 
    3L, 0L, 0L, 19L, 0L, 0L), .Dim = 4:3, .Dimnames = structure(list(
        c("-1", "0", "1", NA), c("A", "G", NA)), .Names = c("", 
    "")), class = "table"), N = 3452L), Tag.Distribution = structure(c(`1` = 203L, 
    `2` = 111L, `3` = 95L, `4` = 74L, `5` = 55L, `6` = 54L, `7` = 33L, 
    `8` = 32L, `9` = 17L, `10` = 15L, `11` = 12L, `12` = 14L, 
    `13` = 13L, `14` = 10L, `15` = 2L, `16` = 4L, `17` = 2L, 
    `18` = 4L, `20` = 3L, `21` = 1L, `25` = 1L, `26` = 1L), .Dim = 22L, .Dimnames = list(
        TagUsage = c("1", "2", "3", "4", "5", "6", "7", "8", 
        "9", "10", "11", "12", "13", "14", "15", "16", "17", 
        "18", "20", "21", "25", "26")), class = "table"), No.Tag = structure(c(0L, 
    51L, 0L, 0L, 1L, 60L, 0L, 0L, 0L, 4L, 0L, 0L), .Dim = 4:3, .Dimnames = structure(list(
        c("-1", "0", "1", NA), c("A", "G", NA)), .Names = c("", 
    "")), class = "table"), All.Tags = list(Concordant = list(
        Freqs = structure(c(0, 353, 0, 0, 333, 1), .Dim = 3:2, .Dimnames = list(
            c("-1", "0", "1"), c("A", "G"))), N = 687), Majority = list(
        Freqs = structure(c(0, 385, 0, 0, 356, 1), .Dim = 3:2, .Dimnames = list(
            c("-1", "0", "1"), c("A", "G"))), N = 742)), `2` = structure(c(0, 
    284, 0, 0, 263, 0), .Dim = 3:2, .Dimnames = list(c("-1", 
    "0", "1"), c("A", "G"))))))
