Results <-
list(`bwa.out//20220204//BlindCMMRD44_S4.sam` = list(GM11_SNP1 = list(
    All = list(Freqs = structure(c(0L, 8L, 0L, 0L, 0L, 27L, 5701L, 
    37L, 1L, 3L, 0L, 34L, 0L, 0L, 0L), .Dim = c(5L, 3L), .Dimnames = structure(list(
        c("-1", "0", "1", "2", NA), c("A", "G", NA)), .Names = c("", 
    "")), class = "table"), N = 5811L), Tag.Distribution = structure(c(`1` = 80L, 
    `2` = 34L, `3` = 22L, `4` = 26L, `5` = 35L, `6` = 13L, `7` = 21L, 
    `8` = 13L, `9` = 22L, `10` = 22L, `11` = 15L, `12` = 17L, 
    `13` = 10L, `14` = 9L, `15` = 13L, `16` = 8L, `17` = 8L, 
    `18` = 9L, `19` = 10L, `20` = 5L, `21` = 9L, `22` = 3L, `23` = 4L, 
    `24` = 12L, `25` = 6L, `26` = 4L, `27` = 6L, `28` = 5L, `29` = 2L, 
    `30` = 4L, `31` = 1L, `32` = 3L, `33` = 7L, `34` = 2L, `35` = 6L, 
    `36` = 1L, `38` = 5L, `39` = 3L, `41` = 1L, `42` = 4L, `43` = 1L, 
    `44` = 1L, `46` = 1L, `47` = 1L, `48` = 1L, `50` = 1L, `58` = 2L
    ), .Dim = 47L, .Dimnames = list(TagUsage = c("1", "2", "3", 
    "4", "5", "6", "7", "8", "9", "10", "11", "12", "13", "14", 
    "15", "16", "17", "18", "19", "20", "21", "22", "23", "24", 
    "25", "26", "27", "28", "29", "30", "31", "32", "33", "34", 
    "35", "36", "38", "39", "41", "42", "43", "44", "46", "47", 
    "48", "50", "58")), class = "table"), No.Tag = structure(c(0L, 
    3L, 0L, 0L, 0L, 1L, 78L, 0L, 0L, 0L, 0L, 2L, 0L, 0L, 0L), .Dim = c(5L, 
    3L), .Dimnames = structure(list(c("-1", "0", "1", "2", NA
    ), c("A", "G", NA)), .Names = c("", "")), class = "table"), 
    All.Tags = list(Concordant = list(Freqs = structure(c(0, 
    3, 0, 0, 0, 424, 1, 0), .Dim = c(4L, 2L), .Dimnames = list(
        c("-1", "0", "1", "2"), c("A", "G"))), N = 428), Majority = list(
        Freqs = structure(c(0, 3, 0, 0, 0, 478, 1, 0), .Dim = c(4L, 
        2L), .Dimnames = list(c("-1", "0", "1", "2"), c("A", 
        "G"))), N = 482)), `2` = structure(c(0, 0, 0, 0, 0, 407, 
    0, 0), .Dim = c(4L, 2L), .Dimnames = list(c("-1", "0", "1", 
    "2"), c("A", "G"))))))
