Results <-
list(`bwa.out//20220204//Control18_S11.sam` = list(LR36_SNP1 = list(
    All = list(Freqs = structure(c(1L, 21L, 1001L, 7L, 7L, 1L, 
    13L, 959L, 8L, 4L, 0L, 1L, 54L, 3L, 0L), .Dim = c(5L, 3L), .Dimnames = structure(list(
        c("-2", "-1", "0", "1", NA), c("A", "T", NA)), .Names = c("", 
    "")), class = "table"), N = 2080L), Tag.Distribution = structure(c(`1` = 68L, 
    `2` = 34L, `3` = 25L, `4` = 26L, `5` = 22L, `6` = 28L, `7` = 21L, 
    `8` = 16L, `9` = 11L, `10` = 5L, `11` = 8L, `12` = 3L, `13` = 3L, 
    `14` = 7L, `15` = 2L, `16` = 4L, `17` = 1L, `18` = 2L, `19` = 5L, 
    `20` = 4L, `21` = 1L, `22` = 1L, `23` = 2L, `24` = 2L, `26` = 1L, 
    `28` = 1L, `32` = 1L, `34` = 1L, `40` = 1L), .Dim = 29L, .Dimnames = list(
        TagUsage = c("1", "2", "3", "4", "5", "6", "7", "8", 
        "9", "10", "11", "12", "13", "14", "15", "16", "17", 
        "18", "19", "20", "21", "22", "23", "24", "26", "28", 
        "32", "34", "40")), class = "table"), No.Tag = structure(c(0L, 
    1L, 90L, 2L, 0L, 0L, 0L, 74L, 0L, 1L, 0L, 0L, 14L, 1L, 0L
    ), .Dim = c(5L, 3L), .Dimnames = structure(list(c("-2", "-1", 
    "0", "1", NA), c("A", "T", NA)), .Names = c("", "")), class = "table"), 
    All.Tags = list(Concordant = list(Freqs = structure(c(0, 
    1, 124, 0, 0, 0, 127, 0), .Dim = c(4L, 2L), .Dimnames = list(
        c("-2", "-1", "0", "1"), c("A", "T"))), N = 252), Majority = list(
        Freqs = structure(c(0, 1, 146, 0, 0, 0, 152, 0), .Dim = c(4L, 
        2L), .Dimnames = list(c("-2", "-1", "0", "1"), c("A", 
        "T"))), N = 299)), `2` = structure(c(0, 0, 118, 0, 0, 
    0, 118, 0), .Dim = c(4L, 2L), .Dimnames = list(c("-2", "-1", 
    "0", "1"), c("A", "T"))))))
