Results <-
list(`bwa.out//20220204//BlindCMMRD97_S56.sam` = list(GM22_SNP1 = list(
    All = list(Freqs = structure(c(3L, 71L, 5928L, 12L, 13L, 
    0L, 0L, 3L, 0L, 0L, 0L, 0L, 1L, 0L, 0L, 0L, 0L, 55L, 2L, 
    0L), .Dim = 5:4, .Dimnames = structure(list(c("-2", "-1", 
    "0", "1", NA), c("A", "G", "T", NA)), .Names = c("", "")), class = "table"), 
        N = 6088L), Tag.Distribution = structure(c(`1` = 163L, 
    `2` = 59L, `3` = 51L, `4` = 44L, `5` = 42L, `6` = 34L, `7` = 34L, 
    `8` = 35L, `9` = 30L, `10` = 25L, `11` = 21L, `12` = 18L, 
    `13` = 18L, `14` = 18L, `15` = 12L, `16` = 20L, `17` = 11L, 
    `18` = 10L, `19` = 9L, `20` = 9L, `21` = 6L, `22` = 7L, `23` = 8L, 
    `24` = 4L, `25` = 5L, `26` = 3L, `27` = 3L, `28` = 3L, `29` = 4L, 
    `30` = 2L, `31` = 2L, `32` = 4L, `33` = 2L, `34` = 2L, `35` = 2L, 
    `36` = 3L, `37` = 1L, `38` = 1L, `39` = 1L, `41` = 1L), .Dim = 40L, .Dimnames = list(
        TagUsage = c("1", "2", "3", "4", "5", "6", "7", "8", 
        "9", "10", "11", "12", "13", "14", "15", "16", "17", 
        "18", "19", "20", "21", "22", "23", "24", "25", "26", 
        "27", "28", "29", "30", "31", "32", "33", "34", "35", 
        "36", "37", "38", "39", "41")), class = "table"), No.Tag = structure(c(0L, 
    2L, 108L, 0L, 1L, 0L, 0L, 0L, 0L, 0L, 0L, 0L, 0L, 0L, 0L, 
    0L, 0L, 3L, 0L, 0L), .Dim = 5:4, .Dimnames = structure(list(
        c("-2", "-1", "0", "1", NA), c("A", "G", "T", NA)), .Names = c("", 
    "")), class = "table"), All.Tags = list(Concordant = list(
        Freqs = structure(c(0, 4, 638, 0, 0, 0, 2, 0, 0, 0, 0, 
        0), .Dim = 4:3, .Dimnames = list(c("-2", "-1", "0", "1"
        ), c("A", "G", "T"))), N = 644), Majority = list(Freqs = structure(c(0, 
    4, 712, 0, 0, 0, 2, 0, 0, 0, 0, 0), .Dim = 4:3, .Dimnames = list(
        c("-2", "-1", "0", "1"), c("A", "G", "T"))), N = 718)), 
    `2` = structure(c(0, 0, 563, 0, 0, 0, 0, 0, 0, 0, 0, 0), .Dim = 4:3, .Dimnames = list(
        c("-2", "-1", "0", "1"), c("A", "G", "T"))))))
