Results <-
list(`bwa.out//20220204//BlindCMMRD60_S19.sam` = list(LR44_SNP1 = list(
    All = list(Freqs = structure(c(0L, 0L, 1L, 0L, 0L, 0L, 18L, 
    346L, 4655L, 61L, 2L, 23L, 0L, 0L, 1L, 0L, 0L, 0L, 0L, 1L, 
    18L, 0L, 0L, 0L, 0L, 5L, 94L, 1L, 0L, 0L), .Dim = 6:5, .Dimnames = structure(list(
        c("-2", "-1", "0", "1", "2", NA), c("-", "C", "G", "T", 
        NA)), .Names = c("", "")), class = "table"), N = 5226L), 
    Tag.Distribution = structure(c(`1` = 134L, `2` = 81L, `3` = 56L, 
    `4` = 45L, `5` = 27L, `6` = 41L, `7` = 35L, `8` = 22L, `9` = 42L, 
    `10` = 26L, `11` = 19L, `12` = 23L, `13` = 22L, `14` = 10L, 
    `15` = 15L, `16` = 13L, `17` = 11L, `18` = 10L, `19` = 5L, 
    `20` = 10L, `21` = 8L, `22` = 5L, `23` = 4L, `24` = 3L, `25` = 5L, 
    `26` = 1L, `28` = 4L, `30` = 1L, `31` = 2L, `32` = 1L, `33` = 1L, 
    `36` = 2L, `39` = 1L, `42` = 1L, `44` = 1L), .Dim = 35L, .Dimnames = list(
        TagUsage = c("1", "2", "3", "4", "5", "6", "7", "8", 
        "9", "10", "11", "12", "13", "14", "15", "16", "17", 
        "18", "19", "20", "21", "22", "23", "24", "25", "26", 
        "28", "30", "31", "32", "33", "36", "39", "42", "44")), class = "table"), 
    No.Tag = structure(c(0L, 0L, 0L, 0L, 0L, 0L, 1L, 6L, 57L, 
    0L, 0L, 6L, 0L, 0L, 0L, 0L, 0L, 0L, 0L, 0L, 1L, 0L, 0L, 0L, 
    0L, 0L, 6L, 0L, 0L, 0L), .Dim = 6:5, .Dimnames = structure(list(
        c("-2", "-1", "0", "1", "2", NA), c("-", "C", "G", "T", 
        NA)), .Names = c("", "")), class = "table"), All.Tags = list(
        Concordant = list(Freqs = structure(c(0, 0, 0, 0, 0, 
        0, 12, 409, 0, 0, 0, 0, 0, 0, 0, 0, 1, 13, 0, 0), .Dim = 5:4, .Dimnames = list(
            c("-2", "-1", "0", "1", "2"), c("-", "C", "G", "T"
            ))), N = 435), Majority = list(Freqs = structure(c(0, 
        0, 0, 0, 0, 0, 19, 644, 1, 0, 0, 0, 0, 0, 0, 0, 1, 13, 
        0, 0), .Dim = 5:4, .Dimnames = list(c("-2", "-1", "0", 
        "1", "2"), c("-", "C", "G", "T"))), N = 678)), `2` = structure(c(0, 
    0, 0, 0, 0, 0, 11, 537, 1, 0, 0, 0, 0, 0, 0, 0, 0, 0, 0, 
    0), .Dim = 5:4, .Dimnames = list(c("-2", "-1", "0", "1", 
    "2"), c("-", "C", "G", "T"))))))
