Results <-
list(`bwa.out//20220204//Control26_S19.sam` = list(GM26_SNP1 = list(
    All = list(Freqs = structure(c(5L, 1319L, 6L, 0L, 3L, 1367L, 
    6L, 3L, 0L, 35L, 0L, 0L), .Dim = 4:3, .Dimnames = structure(list(
        c("-1", "0", "1", NA), c("A", "G", NA)), .Names = c("", 
    "")), class = "table"), N = 2744L), Tag.Distribution = structure(c(`1` = 117L, 
    `2` = 50L, `3` = 42L, `4` = 34L, `5` = 27L, `6` = 24L, `7` = 28L, 
    `8` = 18L, `9` = 12L, `10` = 19L, `11` = 9L, `12` = 9L, `13` = 8L, 
    `14` = 9L, `15` = 3L, `16` = 4L, `17` = 7L, `18` = 2L, `19` = 4L, 
    `20` = 6L, `21` = 1L, `22` = 4L, `23` = 1L, `24` = 5L, `25` = 1L, 
    `26` = 1L, `27` = 1L, `32` = 1L, `53` = 1L), .Dim = 29L, .Dimnames = list(
        TagUsage = c("1", "2", "3", "4", "5", "6", "7", "8", 
        "9", "10", "11", "12", "13", "14", "15", "16", "17", 
        "18", "19", "20", "21", "22", "23", "24", "25", "26", 
        "27", "32", "53")), class = "table"), No.Tag = structure(c(0L, 
    25L, 0L, 0L, 0L, 11L, 0L, 0L, 0L, 0L, 0L, 0L), .Dim = 4:3, .Dimnames = structure(list(
        c("-1", "0", "1", NA), c("A", "G", NA)), .Names = c("", 
    "")), class = "table"), All.Tags = list(Concordant = list(
        Freqs = structure(c(0, 199, 1, 0, 220, 0), .Dim = 3:2, .Dimnames = list(
            c("-1", "0", "1"), c("A", "G"))), N = 420), Majority = list(
        Freqs = structure(c(0, 213, 1, 0, 227, 0), .Dim = 3:2, .Dimnames = list(
            c("-1", "0", "1"), c("A", "G"))), N = 441)), `2` = structure(c(0, 
    155, 0, 0, 173, 0), .Dim = 3:2, .Dimnames = list(c("-1", 
    "0", "1"), c("A", "G"))))))
