Results <-
list(`bwa.out//20220204//BlindCMMRD69_S28.sam` = list(GM26_SNP1 = list(
    All = list(Freqs = structure(c(28L, 3480L, 11L, 8L, 0L, 1L, 
    0L, 0L, 0L, 2L, 0L, 0L, 0L, 24L, 0L, 0L), .Dim = c(4L, 4L
    ), .Dimnames = structure(list(c("-1", "0", "1", NA), c("A", 
    "G", "T", NA)), .Names = c("", "")), class = "table"), N = 3554L), 
    Tag.Distribution = structure(c(`1` = 104L, `2` = 42L, `3` = 46L, 
    `4` = 38L, `5` = 23L, `6` = 23L, `7` = 28L, `8` = 25L, `9` = 20L, 
    `10` = 14L, `11` = 12L, `12` = 16L, `13` = 13L, `14` = 7L, 
    `15` = 20L, `16` = 7L, `17` = 10L, `18` = 8L, `19` = 6L, 
    `20` = 3L, `21` = 4L, `22` = 4L, `23` = 2L, `24` = 4L, `25` = 1L, 
    `26` = 2L, `28` = 1L, `29` = 2L, `52` = 1L), .Dim = 29L, .Dimnames = list(
        TagUsage = c("1", "2", "3", "4", "5", "6", "7", "8", 
        "9", "10", "11", "12", "13", "14", "15", "16", "17", 
        "18", "19", "20", "21", "22", "23", "24", "25", "26", 
        "28", "29", "52")), class = "table"), No.Tag = structure(c(1L, 
    83L, 0L, 1L, 0L, 0L, 0L, 0L, 0L, 0L, 0L, 0L, 0L, 2L, 0L, 
    0L), .Dim = c(4L, 4L), .Dimnames = structure(list(c("-1", 
    "0", "1", NA), c("A", "G", "T", NA)), .Names = c("", "")), class = "table"), 
    All.Tags = list(Concordant = list(Freqs = structure(c(1, 
    445, 0, 0, 0, 0, 0, 1, 0), .Dim = c(3L, 3L), .Dimnames = list(
        c("-1", "0", "1"), c("A", "G", "T"))), N = 447), Majority = list(
        Freqs = structure(c(1, 478, 0, 0, 0, 0, 0, 1, 0), .Dim = c(3L, 
        3L), .Dimnames = list(c("-1", "0", "1"), c("A", "G", 
        "T"))), N = 480)), `2` = structure(c(0, 380, 0, 0, 0, 
    0, 0, 1, 0), .Dim = c(3L, 3L), .Dimnames = list(c("-1", "0", 
    "1"), c("A", "G", "T"))))))
