Results <-
list(`bwa.out//20220204//BlindCMMRD132_S58.sam` = list(LR52_SNP1 = list(
    All = list(Freqs = structure(c(0L, 38L, 379L, 1191L, 11L, 
    4L, 15L, 3L, 22L, 222L, 1233L, 21L, 0L, 8L, 0L, 1L, 12L, 
    135L, 0L, 1L, 0L), .Dim = c(7L, 3L), .Dimnames = structure(list(
        c("-3", "-2", "-1", "0", "1", "2", NA), c("C", "T", NA
        )), .Names = c("", "")), class = "table"), N = 3296L), 
    Tag.Distribution = structure(c(`1` = 168L, `2` = 146L, `3` = 143L, 
    `4` = 118L, `5` = 101L, `6` = 66L, `7` = 31L, `8` = 26L, 
    `9` = 15L, `10` = 10L, `11` = 9L, `12` = 5L, `13` = 5L, `14` = 3L, 
    `16` = 2L, `19` = 1L), .Dim = 16L, .Dimnames = list(TagUsage = c("1", 
    "2", "3", "4", "5", "6", "7", "8", "9", "10", "11", "12", 
    "13", "14", "16", "19")), class = "table"), No.Tag = structure(c(0L, 
    0L, 8L, 18L, 2L, 0L, 0L, 0L, 1L, 5L, 19L, 0L, 0L, 0L, 0L, 
    0L, 2L, 2L, 0L, 0L, 0L), .Dim = c(7L, 3L), .Dimnames = structure(list(
        c("-3", "-2", "-1", "0", "1", "2", NA), c("C", "T", NA
        )), .Names = c("", "")), class = "table"), All.Tags = list(
        Concordant = list(Freqs = structure(c(0, 3, 63, 238, 
        1, 1, 2, 1, 28, 270, 2, 0), .Dim = c(6L, 2L), .Dimnames = list(
            c("-3", "-2", "-1", "0", "1", "2"), c("C", "T"))), 
            N = 609), Majority = list(Freqs = structure(c(0, 
        4, 80, 320, 1, 1, 2, 2, 41, 347, 2, 0), .Dim = c(6L, 
        2L), .Dimnames = list(c("-3", "-2", "-1", "0", "1", "2"
        ), c("C", "T"))), N = 800)), `2` = structure(c(0, 3, 
    67, 264, 1, 1, 0, 2, 28, 270, 2, 0), .Dim = c(6L, 2L), .Dimnames = list(
        c("-3", "-2", "-1", "0", "1", "2"), c("C", "T"))))))
