Results <-
list(`bwa.out//20220204//BlindCMMRD67_S26.sam` = list(LR20_SNP1 = list(
    All = list(Freqs = structure(c(0L, 0L, 6L, 0L, 0L, 1L, 5L, 
    4640L, 5L, 3L, 0L, 0L, 2L, 0L, 0L, 0L, 1L, 33L, 0L, 0L), .Dim = 5:4, .Dimnames = structure(list(
        c("-2", "-1", "0", "1", NA), c("A", "G", "T", NA)), .Names = c("", 
    "")), class = "table"), N = 4696L), Tag.Distribution = structure(c(`1` = 141L, 
    `2` = 72L, `3` = 62L, `4` = 58L, `5` = 45L, `6` = 46L, `7` = 36L, 
    `8` = 25L, `9` = 22L, `10` = 24L, `11` = 22L, `12` = 13L, 
    `13` = 17L, `14` = 7L, `15` = 13L, `16` = 12L, `17` = 14L, 
    `18` = 6L, `19` = 3L, `20` = 3L, `21` = 7L, `22` = 7L, `23` = 4L, 
    `24` = 4L, `25` = 1L, `26` = 3L, `28` = 3L, `29` = 1L, `30` = 1L, 
    `32` = 1L, `33` = 1L, `35` = 1L, `42` = 1L, `46` = 1L), .Dim = 34L, .Dimnames = list(
        TagUsage = c("1", "2", "3", "4", "5", "6", "7", "8", 
        "9", "10", "11", "12", "13", "14", "15", "16", "17", 
        "18", "19", "20", "21", "22", "23", "24", "25", "26", 
        "28", "29", "30", "32", "33", "35", "42", "46")), class = "table"), 
    No.Tag = structure(c(0L, 0L, 0L, 0L, 0L, 0L, 0L, 108L, 1L, 
    1L, 0L, 0L, 0L, 0L, 0L, 0L, 0L, 2L, 0L, 0L), .Dim = 5:4, .Dimnames = structure(list(
        c("-2", "-1", "0", "1", NA), c("A", "G", "T", NA)), .Names = c("", 
    "")), class = "table"), All.Tags = list(Concordant = list(
        Freqs = structure(c(0, 0, 5, 0, 0, 0, 651, 1, 0, 0, 0, 
        0), .Dim = 4:3, .Dimnames = list(c("-2", "-1", "0", "1"
        ), c("A", "G", "T"))), N = 657), Majority = list(Freqs = structure(c(0, 
    0, 5, 0, 0, 0, 661, 1, 0, 0, 0, 0), .Dim = 4:3, .Dimnames = list(
        c("-2", "-1", "0", "1"), c("A", "G", "T"))), N = 667)), 
    `2` = structure(c(0, 0, 0, 0, 0, 0, 534, 0, 0, 0, 0, 0), .Dim = 4:3, .Dimnames = list(
        c("-2", "-1", "0", "1"), c("A", "G", "T"))))))
