Results <-
list(`bwa.out//20220204//Control29_S22.sam` = list(LR40_SNP1 = list(
    All = list(Freqs = structure(c(0L, 1L, 0L, 0L, 39L, 3748L, 
    8L, 6L, 0L, 17L, 0L, 0L), .Dim = 4:3, .Dimnames = structure(list(
        c("-1", "0", "1", NA), c("A", "C", NA)), .Names = c("", 
    "")), class = "table"), N = 3819L), Tag.Distribution = structure(c(`1` = 110L, 
    `2` = 82L, `3` = 61L, `4` = 56L, `5` = 34L, `6` = 41L, `7` = 38L, 
    `8` = 33L, `9` = 20L, `10` = 17L, `11` = 15L, `12` = 15L, 
    `13` = 12L, `14` = 7L, `15` = 4L, `16` = 4L, `17` = 9L, `18` = 5L, 
    `19` = 5L, `20` = 2L, `21` = 3L, `22` = 6L, `23` = 2L, `24` = 1L, 
    `25` = 1L, `26` = 3L, `27` = 3L, `33` = 1L, `34` = 1L, `36` = 1L, 
    `40` = 1L), .Dim = 31L, .Dimnames = list(TagUsage = c("1", 
    "2", "3", "4", "5", "6", "7", "8", "9", "10", "11", "12", 
    "13", "14", "15", "16", "17", "18", "19", "20", "21", "22", 
    "23", "24", "25", "26", "27", "33", "34", "36", "40")), class = "table"), 
    No.Tag = structure(c(0L, 0L, 0L, 0L, 1L, 146L, 1L, 0L, 0L, 
    1L, 0L, 0L), .Dim = 4:3, .Dimnames = structure(list(c("-1", 
    "0", "1", NA), c("A", "C", NA)), .Names = c("", "")), class = "table"), 
    All.Tags = list(Concordant = list(Freqs = structure(c(0, 
    0, 0, 3, 549, 0), .Dim = 3:2, .Dimnames = list(c("-1", "0", 
    "1"), c("A", "C"))), N = 552), Majority = list(Freqs = structure(c(0, 
    0, 0, 3, 587, 0), .Dim = 3:2, .Dimnames = list(c("-1", "0", 
    "1"), c("A", "C"))), N = 590)), `2` = structure(c(0, 0, 0, 
    1, 481, 0), .Dim = 3:2, .Dimnames = list(c("-1", "0", "1"
    ), c("A", "C"))))))
