Results <-
list(`bwa.out//20220204//Control20_S13.sam` = list(LR24_SNP1 = list(
    All = list(Freqs = structure(c(15L, 1676L, 3L, 3L, 7L, 1705L, 
    4L, 4L, 0L, 1L, 0L, 0L, 0L, 17L, 0L, 0L), .Dim = c(4L, 4L
    ), .Dimnames = structure(list(c("-1", "0", "1", NA), c("A", 
    "G", "T", NA)), .Names = c("", "")), class = "table"), N = 3435L), 
    Tag.Distribution = structure(c(`1` = 175L, `2` = 107L, `3` = 84L, 
    `4` = 75L, `5` = 46L, `6` = 36L, `7` = 34L, `8` = 32L, `9` = 27L, 
    `10` = 18L, `11` = 11L, `12` = 9L, `13` = 10L, `14` = 7L, 
    `15` = 4L, `16` = 5L, `17` = 2L, `18` = 2L, `19` = 4L, `20` = 4L, 
    `21` = 3L, `23` = 2L, `24` = 1L, `27` = 1L, `28` = 1L), .Dim = 25L, .Dimnames = list(
        TagUsage = c("1", "2", "3", "4", "5", "6", "7", "8", 
        "9", "10", "11", "12", "13", "14", "15", "16", "17", 
        "18", "19", "20", "21", "23", "24", "27", "28")), class = "table"), 
    No.Tag = structure(c(0L, 63L, 0L, 0L, 1L, 50L, 1L, 1L, 0L, 
    0L, 0L, 0L, 0L, 4L, 0L, 0L), .Dim = c(4L, 4L), .Dimnames = structure(list(
        c("-1", "0", "1", NA), c("A", "G", "T", NA)), .Names = c("", 
    "")), class = "table"), All.Tags = list(Concordant = list(
        Freqs = structure(c(1, 331, 0, 0, 301, 0, 0, 0, 0), .Dim = c(3L, 
        3L), .Dimnames = list(c("-1", "0", "1"), c("A", "G", 
        "T"))), N = 633), Majority = list(Freqs = structure(c(1, 
    355, 0, 0, 328, 0, 0, 0, 0), .Dim = c(3L, 3L), .Dimnames = list(
        c("-1", "0", "1"), c("A", "G", "T"))), N = 684)), `2` = structure(c(0, 
    264, 0, 0, 249, 0, 0, 0, 0), .Dim = c(3L, 3L), .Dimnames = list(
        c("-1", "0", "1"), c("A", "G", "T"))))))
