Results <-
list(`bwa.out//20220204//17D0939_S6.sam` = list(LR46_SNP1 = list(
    All = list(Freqs = structure(c(0L, 1L, 0L, 0L, 6L, 1304L, 
    13L, 5L, 9L, 1917L, 4L, 1L, 0L, 12L, 0L, 0L), .Dim = c(4L, 
    4L), .Dimnames = structure(list(c("-1", "0", "1", NA), c("C", 
    "G", "T", NA)), .Names = c("", "")), class = "table"), N = 3272L), 
    Tag.Distribution = structure(c(`1` = 98L, `2` = 18L, `3` = 22L, 
    `4` = 23L, `5` = 19L, `6` = 21L, `7` = 15L, `8` = 7L, `9` = 12L, 
    `10` = 11L, `11` = 10L, `12` = 5L, `13` = 3L, `14` = 6L, 
    `15` = 2L, `16` = 3L, `17` = 5L, `18` = 2L, `19` = 4L, `20` = 8L, 
    `21` = 3L, `22` = 4L, `23` = 5L, `24` = 2L, `25` = 4L, `26` = 2L, 
    `27` = 1L, `28` = 3L, `29` = 1L, `30` = 3L, `31` = 2L, `32` = 2L, 
    `33` = 3L, `34` = 2L, `36` = 1L, `38` = 2L, `41` = 1L, `42` = 1L, 
    `47` = 1L, `48` = 1L, `49` = 1L, `52` = 1L, `54` = 1L, `60` = 1L, 
    `67` = 1L), .Dim = 45L, .Dimnames = list(TagUsage = c("1", 
    "2", "3", "4", "5", "6", "7", "8", "9", "10", "11", "12", 
    "13", "14", "15", "16", "17", "18", "19", "20", "21", "22", 
    "23", "24", "25", "26", "27", "28", "29", "30", "31", "32", 
    "33", "34", "36", "38", "41", "42", "47", "48", "49", "52", 
    "54", "60", "67")), class = "table"), No.Tag = structure(c(0L, 
    0L, 0L, 0L, 1L, 32L, 0L, 0L, 1L, 53L, 0L, 0L, 0L, 4L, 0L, 
    0L), .Dim = c(4L, 4L), .Dimnames = structure(list(c("-1", 
    "0", "1", NA), c("C", "G", "T", NA)), .Names = c("", "")), class = "table"), 
    All.Tags = list(Concordant = list(Freqs = structure(c(0, 
    0, 0, 1, 152, 1, 0, 159, 0), .Dim = c(3L, 3L), .Dimnames = list(
        c("-1", "0", "1"), c("C", "G", "T"))), N = 313), Majority = list(
        Freqs = structure(c(0, 0, 0, 1, 162, 1, 0, 173, 0), .Dim = c(3L, 
        3L), .Dimnames = list(c("-1", "0", "1"), c("C", "G", 
        "T"))), N = 337)), `2` = structure(c(0, 0, 0, 0, 115, 
    0, 0, 128, 0), .Dim = c(3L, 3L), .Dimnames = list(c("-1", 
    "0", "1"), c("C", "G", "T"))))))
