Results <-
list(`bwa.out//20220204//Control12_S5.sam` = list(LR17_SNP1 = list(
    All = list(Freqs = structure(c(2L, 90L, 2388L, 23L, 0L, 8L, 
    0L, 0L, 2L, 0L, 0L, 0L, 0L, 0L, 53L, 0L, 1L, 0L), .Dim = c(6L, 
    3L), .Dimnames = structure(list(c("-2", "-1", "0", "1", "2", 
    NA), c("A", "G", NA)), .Names = c("", "")), class = "table"), 
        N = 2567L), Tag.Distribution = structure(c(`1` = 93L, 
    `2` = 23L, `3` = 25L, `4` = 17L, `5` = 28L, `6` = 16L, `7` = 22L, 
    `8` = 19L, `9` = 8L, `10` = 16L, `11` = 10L, `12` = 7L, `13` = 8L, 
    `14` = 5L, `15` = 6L, `16` = 6L, `17` = 10L, `18` = 2L, `19` = 3L, 
    `20` = 5L, `21` = 6L, `22` = 3L, `23` = 1L, `24` = 2L, `25` = 2L, 
    `26` = 1L, `29` = 2L, `30` = 1L, `34` = 1L, `37` = 1L), .Dim = 30L, .Dimnames = list(
        TagUsage = c("1", "2", "3", "4", "5", "6", "7", "8", 
        "9", "10", "11", "12", "13", "14", "15", "16", "17", 
        "18", "19", "20", "21", "22", "23", "24", "25", "26", 
        "29", "30", "34", "37")), class = "table"), No.Tag = structure(c(0L, 
    3L, 91L, 1L, 0L, 0L, 0L, 0L, 0L, 0L, 0L, 0L, 0L, 0L, 1L, 
    0L, 0L, 0L), .Dim = c(6L, 3L), .Dimnames = structure(list(
        c("-2", "-1", "0", "1", "2", NA), c("A", "G", NA)), .Names = c("", 
    "")), class = "table"), All.Tags = list(Concordant = list(
        Freqs = structure(c(0, 4, 262, 0, 0, 0, 0, 1, 0, 0), .Dim = c(5L, 
        2L), .Dimnames = list(c("-2", "-1", "0", "1", "2"), c("A", 
        "G"))), N = 267), Majority = list(Freqs = structure(c(0, 
    4, 340, 0, 0, 0, 0, 1, 0, 0), .Dim = c(5L, 2L), .Dimnames = list(
        c("-2", "-1", "0", "1", "2"), c("A", "G"))), N = 345)), 
    `2` = structure(c(0, 0, 256, 0, 0, 0, 0, 0, 0, 0), .Dim = c(5L, 
    2L), .Dimnames = list(c("-2", "-1", "0", "1", "2"), c("A", 
    "G"))))))
