Results <-
list(`bwa.out//20220204//Control29_S22.sam` = list(LR20_SNP1 = list(
    All = list(Freqs = structure(c(3L, 1679L, 1L, 0L, 6L, 1745L, 
    6L, 2L, 0L, 28L, 0L, 0L), .Dim = 4:3, .Dimnames = structure(list(
        c("-1", "0", "1", NA), c("A", "G", NA)), .Names = c("", 
    "")), class = "table"), N = 3470L), Tag.Distribution = structure(c(`1` = 144L, 
    `2` = 75L, `3` = 51L, `4` = 56L, `5` = 34L, `6` = 27L, `7` = 34L, 
    `8` = 26L, `9` = 16L, `10` = 13L, `11` = 22L, `12` = 16L, 
    `13` = 9L, `14` = 6L, `15` = 7L, `16` = 8L, `17` = 4L, `18` = 3L, 
    `19` = 3L, `20` = 7L, `21` = 4L, `22` = 3L, `23` = 4L, `24` = 1L, 
    `25` = 4L, `31` = 1L, `38` = 1L, `39` = 1L), .Dim = 28L, .Dimnames = list(
        TagUsage = c("1", "2", "3", "4", "5", "6", "7", "8", 
        "9", "10", "11", "12", "13", "14", "15", "16", "17", 
        "18", "19", "20", "21", "22", "23", "24", "25", "31", 
        "38", "39")), class = "table"), No.Tag = structure(c(0L, 
    30L, 0L, 0L, 0L, 51L, 0L, 0L, 0L, 5L, 0L, 0L), .Dim = 4:3, .Dimnames = structure(list(
        c("-1", "0", "1", NA), c("A", "G", NA)), .Names = c("", 
    "")), class = "table"), All.Tags = list(Concordant = list(
        Freqs = structure(c(0, 269, 0, 2, 257, 0), .Dim = 3:2, .Dimnames = list(
            c("-1", "0", "1"), c("A", "G"))), N = 528), Majority = list(
        Freqs = structure(c(0, 291, 0, 2, 281, 0), .Dim = 3:2, .Dimnames = list(
            c("-1", "0", "1"), c("A", "G"))), N = 574)), `2` = structure(c(0, 
    218, 0, 0, 212, 0), .Dim = 3:2, .Dimnames = list(c("-1", 
    "0", "1"), c("A", "G"))))))
