Results <-
list(`bwa.out//20220204//BlindCMMRD110_S36.sam` = list(LR40_SNP1 = list(
    All = list(Freqs = structure(c(18L, 1640L, 2L, 1L, 18L, 1599L, 
    3L, 0L, 0L, 7L, 0L, 0L), .Dim = 4:3, .Dimnames = structure(list(
        c("-1", "0", "1", NA), c("A", "C", NA)), .Names = c("", 
    "")), class = "table"), N = 3288L), Tag.Distribution = structure(c(`1` = 147L, 
    `2` = 103L, `3` = 101L, `4` = 67L, `5` = 62L, `6` = 49L, 
    `7` = 38L, `8` = 32L, `9` = 27L, `10` = 18L, `11` = 10L, 
    `12` = 12L, `13` = 6L, `14` = 8L, `15` = 5L, `16` = 5L, `17` = 1L, 
    `18` = 2L, `19` = 3L, `21` = 2L, `23` = 1L), .Dim = 21L, .Dimnames = list(
        TagUsage = c("1", "2", "3", "4", "5", "6", "7", "8", 
        "9", "10", "11", "12", "13", "14", "15", "16", "17", 
        "18", "19", "21", "23")), class = "table"), No.Tag = structure(c(0L, 
    12L, 0L, 0L, 0L, 29L, 0L, 0L, 0L, 0L, 0L, 0L), .Dim = 4:3, .Dimnames = structure(list(
        c("-1", "0", "1", NA), c("A", "C", NA)), .Names = c("", 
    "")), class = "table"), All.Tags = list(Concordant = list(
        Freqs = structure(c(1, 288, 0, 3, 306, 0), .Dim = 3:2, .Dimnames = list(
            c("-1", "0", "1"), c("A", "C"))), N = 598), Majority = list(
        Freqs = structure(c(1, 334, 0, 4, 343, 0), .Dim = 3:2, .Dimnames = list(
            c("-1", "0", "1"), c("A", "C"))), N = 682)), `2` = structure(c(0, 
    267, 0, 1, 268, 0), .Dim = 3:2, .Dimnames = list(c("-1", 
    "0", "1"), c("A", "C"))))))
