Results <-
list(`bwa.out//20220204//17D1098_S3.sam` = list(LR36_SNP1 = list(
    All = list(Freqs = structure(c(0L, 0L, 0L, 3L, 0L, 0L, 0L, 
    0L, 0L, 0L, 0L, 1L, 0L, 0L, 0L, 1L, 1L, 3L, 59L, 2270L, 20L, 
    1L, 1L, 27L, 0L, 0L, 7L, 103L, 0L, 0L, 0L, 0L), .Dim = c(8L, 
    4L), .Dimnames = structure(list(c("-4", "-2", "-1", "0", 
    "1", "2", "5", NA), c("A", "G", "T", NA)), .Names = c("", 
    "")), class = "table"), N = 2497L), Tag.Distribution = structure(c(`1` = 131L, 
    `2` = 97L, `3` = 51L, `4` = 50L, `5` = 42L, `6` = 33L, `7` = 26L, 
    `8` = 19L, `9` = 12L, `10` = 16L, `11` = 12L, `12` = 7L, 
    `13` = 6L, `14` = 1L, `15` = 5L, `16` = 6L, `17` = 2L, `18` = 2L, 
    `19` = 1L, `20` = 1L, `24` = 1L, `26` = 1L, `27` = 1L, `35` = 1L
    ), .Dim = 24L, .Dimnames = list(TagUsage = c("1", "2", "3", 
    "4", "5", "6", "7", "8", "9", "10", "11", "12", "13", "14", 
    "15", "16", "17", "18", "19", "20", "24", "26", "27", "35"
    )), class = "table"), No.Tag = structure(c(0L, 0L, 0L, 0L, 
    0L, 0L, 0L, 0L, 0L, 0L, 0L, 0L, 0L, 0L, 0L, 0L, 0L, 0L, 2L, 
    85L, 1L, 0L, 0L, 7L, 0L, 0L, 0L, 14L, 0L, 0L, 0L, 0L), .Dim = c(8L, 
    4L), .Dimnames = structure(list(c("-4", "-2", "-1", "0", 
    "1", "2", "5", NA), c("A", "G", "T", NA)), .Names = c("", 
    "")), class = "table"), All.Tags = list(Concordant = list(
        Freqs = structure(c(0, 0, 0, 1, 0, 0, 0, 0, 0, 0, 0, 
        0, 0, 0, 0, 0, 6, 444, 1, 0, 0), .Dim = c(7L, 3L), .Dimnames = list(
            c("-4", "-2", "-1", "0", "1", "2", "5"), c("A", "G", 
            "T"))), N = 452), Majority = list(Freqs = structure(c(0, 
    0, 0, 1, 0, 0, 0, 0, 0, 0, 0, 0, 0, 0, 0, 0, 6, 499, 1, 0, 
    0), .Dim = c(7L, 3L), .Dimnames = list(c("-4", "-2", "-1", 
    "0", "1", "2", "5"), c("A", "G", "T"))), N = 507)), `2` = structure(c(0, 
    0, 0, 0, 0, 0, 0, 0, 0, 0, 0, 0, 0, 0, 0, 0, 3, 381, 0, 0, 
    0), .Dim = c(7L, 3L), .Dimnames = list(c("-4", "-2", "-1", 
    "0", "1", "2", "5"), c("A", "G", "T"))))))
