Results <-
list(`bwa.out//20220204//17D0989_S8.sam` = list(IM16_SNP1 = list(
    All = list(Freqs = structure(c(2L, 25L, 2818L, 46L, 3L, 0L, 
    22L, 2722L, 43L, 3L, 0L, 0L, 1L, 0L, 0L, 0L, 1L, 62L, 1L, 
    0L), .Dim = 5:4, .Dimnames = structure(list(c("-2", "-1", 
    "0", "1", NA), c("A", "G", "T", NA)), .Names = c("", "")), class = "table"), 
        N = 5749L), Tag.Distribution = structure(c(`1` = 161L, 
    `2` = 106L, `3` = 79L, `4` = 53L, `5` = 44L, `6` = 37L, `7` = 37L, 
    `8` = 28L, `9` = 29L, `10` = 20L, `11` = 23L, `12` = 16L, 
    `13` = 13L, `14` = 16L, `15` = 10L, `16` = 9L, `17` = 12L, 
    `18` = 11L, `19` = 5L, `20` = 3L, `21` = 5L, `22` = 9L, `23` = 1L, 
    `24` = 4L, `25` = 4L, `26` = 4L, `27` = 3L, `28` = 4L, `29` = 3L, 
    `30` = 1L, `31` = 2L, `32` = 2L, `33` = 4L, `34` = 4L, `36` = 1L, 
    `37` = 2L, `38` = 1L, `39` = 2L, `41` = 1L, `42` = 1L, `43` = 1L, 
    `47` = 1L, `48` = 1L), .Dim = 43L, .Dimnames = list(TagUsage = c("1", 
    "2", "3", "4", "5", "6", "7", "8", "9", "10", "11", "12", 
    "13", "14", "15", "16", "17", "18", "19", "20", "21", "22", 
    "23", "24", "25", "26", "27", "28", "29", "30", "31", "32", 
    "33", "34", "36", "37", "38", "39", "41", "42", "43", "47", 
    "48")), class = "table"), No.Tag = structure(c(0L, 0L, 39L, 
    0L, 0L, 0L, 0L, 29L, 1L, 1L, 0L, 0L, 1L, 0L, 0L, 0L, 0L, 
    4L, 0L, 0L), .Dim = 5:4, .Dimnames = structure(list(c("-2", 
    "-1", "0", "1", NA), c("A", "G", "T", NA)), .Names = c("", 
    "")), class = "table"), All.Tags = list(Concordant = list(
        Freqs = structure(c(0, 1, 323, 0, 0, 0, 290, 0, 0, 0, 
        0, 0), .Dim = 4:3, .Dimnames = list(c("-2", "-1", "0", 
        "1"), c("A", "G", "T"))), N = 614), Majority = list(Freqs = structure(c(0, 
    1, 398, 0, 0, 0, 357, 0, 0, 0, 0, 0), .Dim = 4:3, .Dimnames = list(
        c("-2", "-1", "0", "1"), c("A", "G", "T"))), N = 756)), 
    `2` = structure(c(0, 0, 314, 0, 0, 0, 289, 0, 0, 0, 0, 0), .Dim = 4:3, .Dimnames = list(
        c("-2", "-1", "0", "1"), c("A", "G", "T"))))))
