Results <-
list(`bwa.out//20220204//BlindCMMRD55_S14.sam` = list(LR24_SNP1 = list(
    All = list(Freqs = structure(c(29L, 4492L, 10L, 5L, 1L, 6L, 
    0L, 0L, 0L, 2L, 0L, 0L, 0L, 22L, 0L, 0L), .Dim = c(4L, 4L
    ), .Dimnames = structure(list(c("-1", "0", "1", NA), c("A", 
    "G", "T", NA)), .Names = c("", "")), class = "table"), N = 4567L), 
    Tag.Distribution = structure(c(`1` = 142L, `2` = 122L, `3` = 122L, 
    `4` = 78L, `5` = 64L, `6` = 55L, `7` = 54L, `8` = 44L, `9` = 23L, 
    `10` = 17L, `11` = 11L, `12` = 10L, `13` = 14L, `14` = 16L, 
    `15` = 6L, `16` = 7L, `17` = 7L, `18` = 3L, `19` = 5L, `20` = 3L, 
    `21` = 2L, `22` = 2L, `23` = 2L, `24` = 2L, `25` = 2L, `26` = 1L, 
    `27` = 1L, `28` = 3L, `29` = 1L, `31` = 1L), .Dim = 30L, .Dimnames = list(
        TagUsage = c("1", "2", "3", "4", "5", "6", "7", "8", 
        "9", "10", "11", "12", "13", "14", "15", "16", "17", 
        "18", "19", "20", "21", "22", "23", "24", "25", "26", 
        "27", "28", "29", "31")), class = "table"), No.Tag = structure(c(0L, 
    138L, 0L, 0L, 0L, 2L, 0L, 0L, 0L, 0L, 0L, 0L, 0L, 2L, 0L, 
    0L), .Dim = c(4L, 4L), .Dimnames = structure(list(c("-1", 
    "0", "1", NA), c("A", "G", "T", NA)), .Names = c("", "")), class = "table"), 
    All.Tags = list(Concordant = list(Freqs = structure(c(0, 
    781, 0, 1, 3, 0, 0, 0, 0), .Dim = c(3L, 3L), .Dimnames = list(
        c("-1", "0", "1"), c("A", "G", "T"))), N = 785), Majority = list(
        Freqs = structure(c(1, 807, 1, 1, 3, 0, 0, 0, 0), .Dim = c(3L, 
        3L), .Dimnames = list(c("-1", "0", "1"), c("A", "G", 
        "T"))), N = 813)), `2` = structure(c(1, 673, 1, 0, 0, 
    0, 0, 0, 0), .Dim = c(3L, 3L), .Dimnames = list(c("-1", "0", 
    "1"), c("A", "G", "T"))))))
