Results <-
list(`bwa.out//20220204//Control29_S22.sam` = list(GM01_SNP1 = list(
    All = list(Freqs = structure(c(48L, 4154L, 22L, 8L, 0L, 2L, 
    0L, 0L, 1L, 51L, 1L, 0L), .Dim = 4:3, .Dimnames = structure(list(
        c("-1", "0", "1", NA), c("A", "G", NA)), .Names = c("", 
    "")), class = "table"), N = 4287L), Tag.Distribution = structure(c(`1` = 142L, 
    `2` = 87L, `3` = 61L, `4` = 54L, `5` = 44L, `6` = 40L, `7` = 36L, 
    `8` = 37L, `9` = 32L, `10` = 16L, `11` = 15L, `12` = 18L, 
    `13` = 18L, `14` = 14L, `15` = 8L, `16` = 9L, `17` = 10L, 
    `18` = 9L, `19` = 3L, `20` = 4L, `21` = 2L, `22` = 4L, `23` = 4L, 
    `24` = 5L, `25` = 1L, `26` = 2L, `27` = 1L, `33` = 1L, `41` = 1L
    ), .Dim = 29L, .Dimnames = list(TagUsage = c("1", "2", "3", 
    "4", "5", "6", "7", "8", "9", "10", "11", "12", "13", "14", 
    "15", "16", "17", "18", "19", "20", "21", "22", "23", "24", 
    "25", "26", "27", "33", "41")), class = "table"), No.Tag = structure(c(0L, 
    48L, 0L, 0L, 0L, 0L, 0L, 0L, 0L, 4L, 0L, 0L), .Dim = 4:3, .Dimnames = structure(list(
        c("-1", "0", "1", NA), c("A", "G", NA)), .Names = c("", 
    "")), class = "table"), All.Tags = list(Concordant = list(
        Freqs = structure(c(0, 611, 2, 0, 2, 0), .Dim = 3:2, .Dimnames = list(
            c("-1", "0", "1"), c("A", "G"))), N = 615), Majority = list(
        Freqs = structure(c(0, 665, 2, 0, 2, 0), .Dim = 3:2, .Dimnames = list(
            c("-1", "0", "1"), c("A", "G"))), N = 669)), `2` = structure(c(0, 
    529, 1, 0, 0, 0), .Dim = 3:2, .Dimnames = list(c("-1", "0", 
    "1"), c("A", "G"))))))
