Results <-
list(`bwa.out//20220204//BlindCMMRD122_S48.sam` = list(IM16_SNP1 = list(
    All = list(Freqs = structure(c(20L, 1939L, 28L, 1L, 1L, 16L, 
    2037L, 38L, 1L, 3L, 0L, 43L, 2L, 0L, 0L), .Dim = c(5L, 3L
    ), .Dimnames = structure(list(c("-1", "0", "1", "2", NA), 
        c("A", "G", NA)), .Names = c("", "")), class = "table"), 
        N = 4129L), Tag.Distribution = structure(c(`1` = 192L, 
    `2` = 143L, `3` = 118L, `4` = 88L, `5` = 62L, `6` = 48L, 
    `7` = 51L, `8` = 31L, `9` = 32L, `10` = 22L, `11` = 15L, 
    `12` = 15L, `13` = 16L, `14` = 10L, `15` = 4L, `16` = 9L, 
    `17` = 4L, `18` = 1L, `19` = 1L, `20` = 2L, `21` = 3L, `22` = 2L, 
    `27` = 1L), .Dim = 23L, .Dimnames = list(TagUsage = c("1", 
    "2", "3", "4", "5", "6", "7", "8", "9", "10", "11", "12", 
    "13", "14", "15", "16", "17", "18", "19", "20", "21", "22", 
    "27")), class = "table"), No.Tag = structure(c(1L, 27L, 0L, 
    0L, 0L, 0L, 24L, 0L, 0L, 1L, 0L, 5L, 0L, 0L, 0L), .Dim = c(5L, 
    3L), .Dimnames = structure(list(c("-1", "0", "1", "2", NA
    ), c("A", "G", NA)), .Names = c("", "")), class = "table"), 
    All.Tags = list(Concordant = list(Freqs = structure(c(0, 
    348, 3, 0, 0, 385, 1, 0), .Dim = c(4L, 2L), .Dimnames = list(
        c("-1", "0", "1", "2"), c("A", "G"))), N = 737), Majority = list(
        Freqs = structure(c(1, 407, 3, 0, 0, 433, 2, 0), .Dim = c(4L, 
        2L), .Dimnames = list(c("-1", "0", "1", "2"), c("A", 
        "G"))), N = 846)), `2` = structure(c(1, 323, 0, 0, 0, 
    335, 2, 0), .Dim = c(4L, 2L), .Dimnames = list(c("-1", "0", 
    "1", "2"), c("A", "G"))))))
