Results <-
list(`bwa.out//20220204//Control14_S7.sam` = list(GM01_SNP1 = list(
    All = list(Freqs = structure(c(20L, 2029L, 6L, 1L, 2L, 17L, 
    1744L, 9L, 0L, 5L, 1L, 46L, 0L, 0L, 0L), .Dim = c(5L, 3L), .Dimnames = structure(list(
        c("-1", "0", "1", "3", NA), c("A", "G", NA)), .Names = c("", 
    "")), class = "table"), N = 3880L), Tag.Distribution = structure(c(`1` = 121L, 
    `2` = 60L, `3` = 37L, `4` = 48L, `5` = 19L, `6` = 24L, `7` = 25L, 
    `8` = 29L, `9` = 27L, `10` = 18L, `11` = 13L, `12` = 11L, 
    `13` = 15L, `14` = 8L, `15` = 8L, `16` = 8L, `17` = 9L, `18` = 7L, 
    `19` = 7L, `20` = 4L, `21` = 8L, `22` = 5L, `23` = 3L, `25` = 2L, 
    `26` = 6L, `27` = 2L, `29` = 1L, `30` = 2L, `31` = 1L, `33` = 2L, 
    `37` = 1L, `40` = 1L), .Dim = 32L, .Dimnames = list(TagUsage = c("1", 
    "2", "3", "4", "5", "6", "7", "8", "9", "10", "11", "12", 
    "13", "14", "15", "16", "17", "18", "19", "20", "21", "22", 
    "23", "25", "26", "27", "29", "30", "31", "33", "37", "40"
    )), class = "table"), No.Tag = structure(c(0L, 19L, 0L, 0L, 
    0L, 0L, 50L, 0L, 0L, 1L, 0L, 5L, 0L, 0L, 0L), .Dim = c(5L, 
    3L), .Dimnames = structure(list(c("-1", "0", "1", "3", NA
    ), c("A", "G", NA)), .Names = c("", "")), class = "table"), 
    All.Tags = list(Concordant = list(Freqs = structure(c(0, 
    235, 1, 0, 0, 222, 0, 0), .Dim = c(4L, 2L), .Dimnames = list(
        c("-1", "0", "1", "3"), c("A", "G"))), N = 458), Majority = list(
        Freqs = structure(c(0, 264, 1, 0, 0, 251, 0, 0), .Dim = c(4L, 
        2L), .Dimnames = list(c("-1", "0", "1", "3"), c("A", 
        "G"))), N = 516)), `2` = structure(c(0, 205, 0, 0, 0, 
    197, 0, 0), .Dim = c(4L, 2L), .Dimnames = list(c("-1", "0", 
    "1", "3"), c("A", "G"))))))
