Results <-
list(`bwa.out//20220204//Control12_S5.sam` = list(IM16_SNP1 = list(
    All = list(Freqs = structure(c(25L, 2479L, 29L, 1L, 0L, 2L, 
    1L, 0L, 1L, 41L, 0L, 0L), .Dim = 4:3, .Dimnames = structure(list(
        c("-1", "0", "1", NA), c("A", "G", NA)), .Names = c("", 
    "")), class = "table"), N = 2579L), Tag.Distribution = structure(c(`1` = 106L, 
    `2` = 47L, `3` = 38L, `4` = 32L, `5` = 23L, `6` = 27L, `7` = 26L, 
    `8` = 17L, `9` = 17L, `10` = 13L, `11` = 14L, `12` = 5L, 
    `13` = 6L, `14` = 4L, `15` = 2L, `16` = 8L, `17` = 4L, `18` = 5L, 
    `19` = 5L, `20` = 2L, `21` = 3L, `22` = 4L, `23` = 3L, `25` = 1L, 
    `28` = 1L, `30` = 2L, `31` = 1L), .Dim = 27L, .Dimnames = list(
        TagUsage = c("1", "2", "3", "4", "5", "6", "7", "8", 
        "9", "10", "11", "12", "13", "14", "15", "16", "17", 
        "18", "19", "20", "21", "22", "23", "25", "28", "30", 
        "31")), class = "table"), No.Tag = structure(c(1L, 81L, 
    0L, 1L, 0L, 0L, 0L, 0L, 0L, 13L, 0L, 0L), .Dim = 4:3, .Dimnames = structure(list(
        c("-1", "0", "1", NA), c("A", "G", NA)), .Names = c("", 
    "")), class = "table"), All.Tags = list(Concordant = list(
        Freqs = structure(c(1, 357, 1, 0, 1, 1), .Dim = 3:2, .Dimnames = list(
            c("-1", "0", "1"), c("A", "G"))), N = 361), Majority = list(
        Freqs = structure(c(1, 403, 1, 0, 1, 1), .Dim = 3:2, .Dimnames = list(
            c("-1", "0", "1"), c("A", "G"))), N = 407)), `2` = structure(c(0, 
    309, 0, 0, 0, 0), .Dim = 3:2, .Dimnames = list(c("-1", "0", 
    "1"), c("A", "G"))))))
