Results <-
list(`bwa.out//20220204//Control24_S17.sam` = list(IM49_SNP1 = list(
    All = list(Freqs = structure(c(1L, 53L, 1321L, 17L, 1L, 15L, 
    1L, 50L, 1104L, 21L, 0L, 6L, 0L, 3L, 154L, 2L, 0L, 0L), .Dim = c(6L, 
    3L), .Dimnames = structure(list(c("-2", "-1", "0", "1", "2", 
    NA), c("C", "G", NA)), .Names = c("", "")), class = "table"), 
        N = 2749L), Tag.Distribution = structure(c(`1` = 193L, 
    `2` = 62L, `3` = 43L, `4` = 46L, `5` = 36L, `6` = 32L, `7` = 15L, 
    `8` = 21L, `9` = 7L, `10` = 10L, `11` = 9L, `12` = 8L, `13` = 10L, 
    `14` = 7L, `15` = 4L, `16` = 6L, `17` = 4L, `18` = 6L, `19` = 3L, 
    `20` = 1L, `21` = 1L, `22` = 1L, `23` = 4L, `24` = 1L, `25` = 1L, 
    `26` = 2L, `27` = 1L, `29` = 1L, `30` = 1L, `31` = 1L, `34` = 1L
    ), .Dim = 31L, .Dimnames = list(TagUsage = c("1", "2", "3", 
    "4", "5", "6", "7", "8", "9", "10", "11", "12", "13", "14", 
    "15", "16", "17", "18", "19", "20", "21", "22", "23", "24", 
    "25", "26", "27", "29", "30", "31", "34")), class = "table"), 
    No.Tag = structure(c(0L, 1L, 16L, 0L, 0L, 1L, 1L, 8L, 54L, 
    0L, 0L, 0L, 0L, 0L, 11L, 0L, 0L, 0L), .Dim = c(6L, 3L), .Dimnames = structure(list(
        c("-2", "-1", "0", "1", "2", NA), c("C", "G", NA)), .Names = c("", 
    "")), class = "table"), All.Tags = list(Concordant = list(
        Freqs = structure(c(0, 5, 209, 1, 0, 0, 1, 191, 4, 0), .Dim = c(5L, 
        2L), .Dimnames = list(c("-2", "-1", "0", "1", "2"), c("C", 
        "G"))), N = 411), Majority = list(Freqs = structure(c(0, 
    5, 245, 1, 0, 0, 2, 220, 4, 0), .Dim = c(5L, 2L), .Dimnames = list(
        c("-2", "-1", "0", "1", "2"), c("C", "G"))), N = 477)), 
    `2` = structure(c(0, 2, 174, 0, 0, 0, 2, 151, 0, 0), .Dim = c(5L, 
    2L), .Dimnames = list(c("-2", "-1", "0", "1", "2"), c("C", 
    "G"))))))
