Results <-
list(`bwa.out//20220204//BlindCMMRD84_S43.sam` = list(LR40_SNP1 = list(
    All = list(Freqs = structure(c(0L, 4L, 0L, 0L, 67L, 4699L, 
    18L, 7L, 0L, 15L, 0L, 0L), .Dim = 4:3, .Dimnames = structure(list(
        c("-1", "0", "1", NA), c("A", "C", NA)), .Names = c("", 
    "")), class = "table"), N = 4810L), Tag.Distribution = structure(c(`1` = 115L, 
    `2` = 74L, `3` = 58L, `4` = 51L, `5` = 35L, `6` = 43L, `7` = 36L, 
    `8` = 24L, `9` = 27L, `10` = 29L, `11` = 19L, `12` = 11L, 
    `13` = 12L, `14` = 21L, `15` = 9L, `16` = 9L, `17` = 5L, 
    `18` = 2L, `19` = 6L, `20` = 5L, `21` = 3L, `22` = 4L, `23` = 5L, 
    `24` = 6L, `25` = 6L, `26` = 1L, `27` = 3L, `28` = 4L, `29` = 3L, 
    `30` = 1L, `31` = 1L, `32` = 2L, `33` = 1L, `34` = 2L, `36` = 1L, 
    `40` = 1L, `45` = 1L, `48` = 1L), .Dim = 38L, .Dimnames = list(
        TagUsage = c("1", "2", "3", "4", "5", "6", "7", "8", 
        "9", "10", "11", "12", "13", "14", "15", "16", "17", 
        "18", "19", "20", "21", "22", "23", "24", "25", "26", 
        "27", "28", "29", "30", "31", "32", "33", "34", "36", 
        "40", "45", "48")), class = "table"), No.Tag = structure(c(0L, 
    0L, 0L, 0L, 2L, 87L, 1L, 0L, 0L, 3L, 0L, 0L), .Dim = 4:3, .Dimnames = structure(list(
        c("-1", "0", "1", NA), c("A", "C", NA)), .Names = c("", 
    "")), class = "table"), All.Tags = list(Concordant = list(
        Freqs = structure(c(0, 1, 0, 1, 566, 0), .Dim = 3:2, .Dimnames = list(
            c("-1", "0", "1"), c("A", "C"))), N = 568), Majority = list(
        Freqs = structure(c(0, 1, 0, 1, 631, 0), .Dim = 3:2, .Dimnames = list(
            c("-1", "0", "1"), c("A", "C"))), N = 633)), `2` = structure(c(0, 
    0, 0, 1, 518, 0), .Dim = 3:2, .Dimnames = list(c("-1", "0", 
    "1"), c("A", "C"))))))
