Results <-
list(`bwa.out//20220204//BlindCMMRD78_S37.sam` = list(LR48_SNP1 = list(
    All = list(Freqs = structure(c(3L, 122L, 3718L, 42L, 11L, 
    0L, 0L, 1L, 0L, 0L, 0L, 1L, 61L, 0L, 0L), .Dim = c(5L, 3L
    ), .Dimnames = structure(list(c("-2", "-1", "0", "1", NA), 
        c("C", "T", NA)), .Names = c("", "")), class = "table"), 
        N = 3959L), Tag.Distribution = structure(c(`1` = 78L, 
    `2` = 32L, `3` = 22L, `4` = 27L, `5` = 20L, `6` = 24L, `7` = 29L, 
    `8` = 15L, `9` = 14L, `10` = 19L, `11` = 14L, `12` = 16L, 
    `13` = 12L, `14` = 9L, `15` = 8L, `16` = 9L, `17` = 10L, 
    `18` = 9L, `19` = 9L, `20` = 3L, `21` = 6L, `22` = 3L, `23` = 3L, 
    `24` = 7L, `25` = 3L, `26` = 3L, `27` = 3L, `28` = 2L, `29` = 1L, 
    `30` = 2L, `32` = 2L, `35` = 1L, `36` = 1L, `37` = 1L, `42` = 2L, 
    `44` = 1L, `49` = 1L), .Dim = 37L, .Dimnames = list(TagUsage = c("1", 
    "2", "3", "4", "5", "6", "7", "8", "9", "10", "11", "12", 
    "13", "14", "15", "16", "17", "18", "19", "20", "21", "22", 
    "23", "24", "25", "26", "27", "28", "29", "30", "32", "35", 
    "36", "37", "42", "44", "49")), class = "table"), No.Tag = structure(c(0L, 
    3L, 143L, 1L, 0L, 0L, 0L, 0L, 0L, 0L, 0L, 0L, 1L, 0L, 0L), .Dim = c(5L, 
    3L), .Dimnames = structure(list(c("-2", "-1", "0", "1", NA
    ), c("C", "T", NA)), .Names = c("", "")), class = "table"), 
    All.Tags = list(Concordant = list(Freqs = structure(c(0, 
    4, 318, 1, 0, 0, 0, 0), .Dim = c(4L, 2L), .Dimnames = list(
        c("-2", "-1", "0", "1"), c("C", "T"))), N = 323), Majority = list(
        Freqs = structure(c(0, 6, 407, 2, 0, 0, 0, 0), .Dim = c(4L, 
        2L), .Dimnames = list(c("-2", "-1", "0", "1"), c("C", 
        "T"))), N = 415)), `2` = structure(c(0, 3, 336, 1, 0, 
    0, 0, 0), .Dim = c(4L, 2L), .Dimnames = list(c("-2", "-1", 
    "0", "1"), c("C", "T"))))))
