Results <-
list(`bwa.out//20220204//16D2889_S4.sam` = list(GM01_SNP1 = list(
    All = list(Freqs = structure(c(86L, 4800L, 22L, 7L, 0L, 2L, 
    0L, 0L, 0L, 57L, 0L, 0L), .Dim = 4:3, .Dimnames = structure(list(
        c("-1", "0", "1", NA), c("A", "G", NA)), .Names = c("", 
    "")), class = "table"), N = 4974L), Tag.Distribution = structure(c(`1` = 220L, 
    `2` = 142L, `3` = 113L, `4` = 89L, `5` = 73L, `6` = 48L, 
    `7` = 43L, `8` = 35L, `9` = 35L, `10` = 18L, `11` = 19L, 
    `12` = 14L, `13` = 16L, `14` = 12L, `15` = 11L, `16` = 5L, 
    `17` = 10L, `18` = 8L, `19` = 2L, `20` = 4L, `21` = 7L, `22` = 4L, 
    `23` = 3L, `24` = 1L, `25` = 3L, `26` = 1L, `27` = 2L, `28` = 2L
    ), .Dim = 28L, .Dimnames = list(TagUsage = c("1", "2", "3", 
    "4", "5", "6", "7", "8", "9", "10", "11", "12", "13", "14", 
    "15", "16", "17", "18", "19", "20", "21", "22", "23", "24", 
    "25", "26", "27", "28")), class = "table"), No.Tag = structure(c(3L, 
    69L, 0L, 1L, 0L, 0L, 0L, 0L, 0L, 4L, 0L, 0L), .Dim = 4:3, .Dimnames = structure(list(
        c("-1", "0", "1", NA), c("A", "G", NA)), .Names = c("", 
    "")), class = "table"), All.Tags = list(Concordant = list(
        Freqs = structure(c(4, 851, 1, 0, 2, 0), .Dim = 3:2, .Dimnames = list(
            c("-1", "0", "1"), c("A", "G"))), N = 858), Majority = list(
        Freqs = structure(c(5, 917, 1, 0, 2, 0), .Dim = 3:2, .Dimnames = list(
            c("-1", "0", "1"), c("A", "G"))), N = 925)), `2` = structure(c(2, 
    709, 1, 0, 0, 0), .Dim = 3:2, .Dimnames = list(c("-1", "0", 
    "1"), c("A", "G"))))))
