Results <-
list(`bwa.out//20220204//BlindCMMRD89_S48.sam` = list(LR52_SNP1 = list(
    All = list(Freqs = structure(c(0L, 0L, 2L, 0L, 0L, 19L, 186L, 
    1660L, 11L, 19L, 18L, 198L, 2039L, 13L, 24L, 0L, 17L, 685L, 
    1L, 0L), .Dim = 5:4, .Dimnames = structure(list(c("-2", "-1", 
    "0", "1", NA), c("A", "C", "T", NA)), .Names = c("", "")), class = "table"), 
        N = 4892L), Tag.Distribution = structure(c(`1` = 100L, 
    `2` = 53L, `3` = 33L, `4` = 26L, `5` = 41L, `6` = 29L, `7` = 32L, 
    `8` = 18L, `9` = 22L, `10` = 18L, `11` = 19L, `12` = 20L, 
    `13` = 18L, `14` = 17L, `15` = 12L, `16` = 7L, `17` = 7L, 
    `18` = 4L, `19` = 7L, `20` = 8L, `21` = 10L, `22` = 7L, `23` = 8L, 
    `24` = 2L, `25` = 2L, `26` = 8L, `27` = 6L, `28` = 4L, `29` = 1L, 
    `30` = 1L, `31` = 2L, `32` = 2L, `34` = 1L, `35` = 1L, `36` = 2L, 
    `38` = 1L, `53` = 1L), .Dim = 37L, .Dimnames = list(TagUsage = c("1", 
    "2", "3", "4", "5", "6", "7", "8", "9", "10", "11", "12", 
    "13", "14", "15", "16", "17", "18", "19", "20", "21", "22", 
    "23", "24", "25", "26", "27", "28", "29", "30", "31", "32", 
    "34", "35", "36", "38", "53")), class = "table"), No.Tag = structure(c(0L, 
    0L, 0L, 0L, 0L, 0L, 2L, 39L, 1L, 1L, 1L, 7L, 52L, 0L, 0L, 
    0L, 0L, 13L, 0L, 0L), .Dim = 5:4, .Dimnames = structure(list(
        c("-2", "-1", "0", "1", NA), c("A", "C", "T", NA)), .Names = c("", 
    "")), class = "table"), All.Tags = list(Concordant = list(
        Freqs = structure(c(0, 0, 0, 0, 3, 3, 136, 1, 0, 4, 145, 
        2), .Dim = 4:3, .Dimnames = list(c("-2", "-1", "0", "1"
        ), c("A", "C", "T"))), N = 294), Majority = list(Freqs = structure(c(0, 
    0, 0, 0, 3, 5, 239, 1, 0, 6, 255, 2), .Dim = 4:3, .Dimnames = list(
        c("-2", "-1", "0", "1"), c("A", "C", "T"))), N = 511)), 
    `2` = structure(c(0, 0, 0, 0, 1, 3, 210, 1, 0, 4, 218, 0), .Dim = 4:3, .Dimnames = list(
        c("-2", "-1", "0", "1"), c("A", "C", "T"))))))
