Results <-
list(`bwa.out//20220204//BlindCMMRD85_S44.sam` = list(GM11_SNP1 = list(
    All = list(Freqs = structure(c(11L, 3937L, 11L, 2L, 0L, 2L, 
    0L, 0L, 0L, 21L, 1L, 0L), .Dim = 4:3, .Dimnames = structure(list(
        c("-1", "0", "1", NA), c("A", "G", NA)), .Names = c("", 
    "")), class = "table"), N = 3985L), Tag.Distribution = structure(c(`1` = 116L, 
    `2` = 73L, `3` = 52L, `4` = 58L, `5` = 43L, `6` = 46L, `7` = 38L, 
    `8` = 18L, `9` = 17L, `10` = 21L, `11` = 18L, `12` = 8L, 
    `13` = 16L, `14` = 19L, `15` = 8L, `16` = 7L, `17` = 7L, 
    `18` = 4L, `19` = 6L, `20` = 5L, `21` = 2L, `22` = 4L, `23` = 3L, 
    `26` = 2L, `28` = 1L, `29` = 3L, `33` = 1L, `35` = 1L, `36` = 1L, 
    `39` = 1L, `46` = 1L, `79` = 1L), .Dim = 32L, .Dimnames = list(
        TagUsage = c("1", "2", "3", "4", "5", "6", "7", "8", 
        "9", "10", "11", "12", "13", "14", "15", "16", "17", 
        "18", "19", "20", "21", "22", "23", "26", "28", "29", 
        "33", "35", "36", "39", "46", "79")), class = "table"), 
    No.Tag = structure(c(0L, 32L, 0L, 0L, 0L, 0L, 0L, 0L, 0L, 
    0L, 0L, 0L), .Dim = 4:3, .Dimnames = structure(list(c("-1", 
    "0", "1", NA), c("A", "G", NA)), .Names = c("", "")), class = "table"), 
    All.Tags = list(Concordant = list(Freqs = structure(c(1, 
    574, 0, 0, 2, 0), .Dim = 3:2, .Dimnames = list(c("-1", "0", 
    "1"), c("A", "G"))), N = 577), Majority = list(Freqs = structure(c(1, 
    594, 0, 0, 2, 0), .Dim = 3:2, .Dimnames = list(c("-1", "0", 
    "1"), c("A", "G"))), N = 597)), `2` = structure(c(0, 484, 
    0, 0, 0, 0), .Dim = 3:2, .Dimnames = list(c("-1", "0", "1"
    ), c("A", "G"))))))
