Results <-
list(`bwa.out//20220204//BlindCMMRD98_S57.sam` = list(LR11_SNP1 = list(
    All = list(Freqs = structure(c(0L, 0L, 1L, 0L, 0L, 0L, 3L, 
    135L, 2678L, 54L, 2L, 7L, 0L, 110L, 2226L, 23L, 1L, 4L, 0L, 
    1L, 77L, 1L, 0L, 0L), .Dim = c(6L, 4L), .Dimnames = structure(list(
        c("-2", "-1", "0", "1", "2", NA), c("-", "A", "C", NA
        )), .Names = c("", "")), class = "table"), N = 5323L), 
    Tag.Distribution = structure(c(`1` = 112L, `2` = 49L, `3` = 40L, 
    `4` = 36L, `5` = 31L, `6` = 26L, `7` = 23L, `8` = 24L, `9` = 23L, 
    `10` = 23L, `11` = 23L, `12` = 15L, `13` = 16L, `14` = 13L, 
    `15` = 17L, `16` = 16L, `17` = 13L, `18` = 11L, `19` = 6L, 
    `20` = 9L, `21` = 11L, `22` = 10L, `23` = 8L, `24` = 4L, 
    `25` = 3L, `26` = 3L, `27` = 4L, `29` = 2L, `30` = 3L, `31` = 2L, 
    `32` = 3L, `33` = 3L, `34` = 2L, `35` = 1L, `36` = 1L, `38` = 1L, 
    `39` = 1L, `42` = 1L), .Dim = 38L, .Dimnames = list(TagUsage = c("1", 
    "2", "3", "4", "5", "6", "7", "8", "9", "10", "11", "12", 
    "13", "14", "15", "16", "17", "18", "19", "20", "21", "22", 
    "23", "24", "25", "26", "27", "29", "30", "31", "32", "33", 
    "34", "35", "36", "38", "39", "42")), class = "table"), No.Tag = structure(c(0L, 
    0L, 0L, 0L, 0L, 0L, 0L, 0L, 33L, 0L, 0L, 1L, 0L, 0L, 11L, 
    0L, 0L, 0L, 0L, 0L, 1L, 0L, 0L, 0L), .Dim = c(6L, 4L), .Dimnames = structure(list(
        c("-2", "-1", "0", "1", "2", NA), c("-", "A", "C", NA
        )), .Names = c("", "")), class = "table"), All.Tags = list(
        Concordant = list(Freqs = structure(c(0, 0, 0, 0, 0, 
        1, 5, 251, 0, 0, 0, 2, 194, 2, 0), .Dim = c(5L, 3L), .Dimnames = list(
            c("-2", "-1", "0", "1", "2"), c("-", "A", "C"))), 
            N = 455), Majority = list(Freqs = structure(c(0, 
        0, 0, 0, 0, 1, 6, 306, 2, 0, 0, 3, 259, 3, 0), .Dim = c(5L, 
        3L), .Dimnames = list(c("-2", "-1", "0", "1", "2"), c("-", 
        "A", "C"))), N = 580)), `2` = structure(c(0, 0, 0, 0, 
    0, 0, 5, 256, 2, 0, 0, 2, 209, 1, 0), .Dim = c(5L, 3L), .Dimnames = list(
        c("-2", "-1", "0", "1", "2"), c("-", "A", "C"))))))
