Results <-
list(`bwa.out//20220204//BlindCMMRD61_S20.sam` = list(GM11_SNP1 = list(
    All = list(Freqs = structure(c(0L, 13L, 2299L, 7L, 0L, 2L, 
    1L, 24L, 2836L, 21L, 1L, 3L, 0L, 0L, 1L, 0L, 0L, 0L, 0L, 
    0L, 29L, 1L, 0L, 0L), .Dim = c(6L, 4L), .Dimnames = structure(list(
        c("-2", "-1", "0", "1", "2", NA), c("A", "G", "T", NA
        )), .Names = c("", "")), class = "table"), N = 5238L), 
    Tag.Distribution = structure(c(`1` = 100L, `2` = 48L, `3` = 46L, 
    `4` = 29L, `5` = 24L, `6` = 31L, `7` = 36L, `8` = 21L, `9` = 29L, 
    `10` = 19L, `11` = 11L, `12` = 17L, `13` = 13L, `14` = 16L, 
    `15` = 5L, `16` = 14L, `17` = 9L, `18` = 4L, `19` = 10L, 
    `20` = 4L, `21` = 7L, `22` = 12L, `23` = 6L, `24` = 7L, `26` = 5L, 
    `27` = 3L, `28` = 5L, `29` = 2L, `30` = 8L, `31` = 1L, `32` = 2L, 
    `33` = 1L, `34` = 1L, `35` = 2L, `36` = 2L, `37` = 1L, `41` = 1L, 
    `42` = 2L, `45` = 1L, `48` = 2L, `49` = 1L), .Dim = 41L, .Dimnames = list(
        TagUsage = c("1", "2", "3", "4", "5", "6", "7", "8", 
        "9", "10", "11", "12", "13", "14", "15", "16", "17", 
        "18", "19", "20", "21", "22", "23", "24", "26", "27", 
        "28", "29", "30", "31", "32", "33", "34", "35", "36", 
        "37", "41", "42", "45", "48", "49")), class = "table"), 
    No.Tag = structure(c(0L, 0L, 40L, 0L, 0L, 0L, 0L, 1L, 33L, 
    1L, 0L, 1L, 0L, 0L, 0L, 0L, 0L, 0L, 0L, 0L, 1L, 0L, 0L, 0L
    ), .Dim = c(6L, 4L), .Dimnames = structure(list(c("-2", "-1", 
    "0", "1", "2", NA), c("A", "G", "T", NA)), .Names = c("", 
    "")), class = "table"), All.Tags = list(Concordant = list(
        Freqs = structure(c(0, 0, 227, 0, 0, 0, 1, 257, 0, 0, 
        0, 0, 0, 0, 0), .Dim = c(5L, 3L), .Dimnames = list(c("-2", 
        "-1", "0", "1", "2"), c("A", "G", "T"))), N = 485), Majority = list(
        Freqs = structure(c(0, 0, 254, 0, 0, 0, 1, 296, 1, 0, 
        0, 0, 0, 0, 0), .Dim = c(5L, 3L), .Dimnames = list(c("-2", 
        "-1", "0", "1", "2"), c("A", "G", "T"))), N = 552)), 
    `2` = structure(c(0, 0, 201, 0, 0, 0, 1, 252, 1, 0, 0, 0, 
    0, 0, 0), .Dim = c(5L, 3L), .Dimnames = list(c("-2", "-1", 
    "0", "1", "2"), c("A", "G", "T"))))))
