Results <-
list(`bwa.out//20220204//Control30_S23.sam` = list(GM09_SNP1 = list(
    All = list(Freqs = structure(c(22L, 3320L, 6L, 0L, 29L, 0L, 
    0L, 8L, 0L), .Dim = c(3L, 3L), .Dimnames = structure(list(
        c("-1", "0", "1"), c("A", "G", NA)), .Names = c("", ""
    )), class = "table"), N = 3385L), Tag.Distribution = structure(c(`1` = 133L, 
    `2` = 53L, `3` = 48L, `4` = 46L, `5` = 39L, `6` = 34L, `7` = 31L, 
    `8` = 16L, `9` = 18L, `10` = 14L, `11` = 8L, `12` = 10L, 
    `13` = 14L, `14` = 14L, `15` = 10L, `16` = 10L, `17` = 6L, 
    `18` = 4L, `19` = 3L, `20` = 3L, `21` = 3L, `22` = 2L, `23` = 3L, 
    `24` = 2L, `25` = 1L, `26` = 4L, `31` = 1L, `35` = 1L, `36` = 1L, 
    `47` = 1L), .Dim = 30L, .Dimnames = list(TagUsage = c("1", 
    "2", "3", "4", "5", "6", "7", "8", "9", "10", "11", "12", 
    "13", "14", "15", "16", "17", "18", "19", "20", "21", "22", 
    "23", "24", "25", "26", "31", "35", "36", "47")), class = "table"), 
    No.Tag = structure(c(1L, 81L, 0L, 0L, 0L, 0L, 0L, 0L, 0L, 
    1L, 0L, 0L), .Dim = 4:3, .Dimnames = structure(list(c("-1", 
    "0", "1", NA), c("A", "G", NA)), .Names = c("", "")), class = "table"), 
    All.Tags = list(Concordant = list(Freqs = structure(c(1, 
    503, 1, 0, 3, 0), .Dim = 3:2, .Dimnames = list(c("-1", "0", 
    "1"), c("A", "G"))), N = 508), Majority = list(Freqs = structure(c(1, 
    525, 1, 0, 3, 0), .Dim = 3:2, .Dimnames = list(c("-1", "0", 
    "1"), c("A", "G"))), N = 530)), `2` = structure(c(0, 398, 
    0, 0, 1, 0), .Dim = 3:2, .Dimnames = list(c("-1", "0", "1"
    ), c("A", "G"))))))
