Results <-
list(`bwa.out//20220204//MLPA03_S10.sam` = list(GM17_SNP1 = list(
    All = list(Freqs = structure(c(78L, 3794L, 13L, 3L, 0L, 2L, 
    0L, 0L, 2L, 19L, 0L, 0L), .Dim = 4:3, .Dimnames = structure(list(
        c("-1", "0", "1", NA), c("C", "T", NA)), .Names = c("", 
    "")), class = "table"), N = 3911L), Tag.Distribution = structure(c(`1` = 129L, 
    `2` = 42L, `3` = 29L, `4` = 24L, `5` = 21L, `6` = 16L, `7` = 20L, 
    `8` = 16L, `9` = 18L, `10` = 8L, `11` = 12L, `12` = 9L, `13` = 8L, 
    `14` = 10L, `15` = 9L, `16` = 6L, `17` = 4L, `18` = 6L, `19` = 8L, 
    `20` = 6L, `21` = 5L, `22` = 4L, `23` = 5L, `24` = 1L, `25` = 2L, 
    `26` = 2L, `27` = 2L, `28` = 1L, `29` = 3L, `30` = 1L, `31` = 4L, 
    `32` = 3L, `34` = 2L, `35` = 2L, `36` = 2L, `38` = 2L, `39` = 2L, 
    `41` = 2L, `42` = 2L, `43` = 1L, `47` = 1L, `48` = 1L, `55` = 1L
    ), .Dim = 43L, .Dimnames = list(TagUsage = c("1", "2", "3", 
    "4", "5", "6", "7", "8", "9", "10", "11", "12", "13", "14", 
    "15", "16", "17", "18", "19", "20", "21", "22", "23", "24", 
    "25", "26", "27", "28", "29", "30", "31", "32", "34", "35", 
    "36", "38", "39", "41", "42", "43", "47", "48", "55")), class = "table"), 
    No.Tag = structure(c(1L, 61L, 0L, 0L, 0L, 1L, 0L, 0L, 1L, 
    1L, 0L, 0L), .Dim = 4:3, .Dimnames = structure(list(c("-1", 
    "0", "1", NA), c("C", "T", NA)), .Names = c("", "")), class = "table"), 
    All.Tags = list(Concordant = list(Freqs = structure(c(2, 
    399, 0, 0, 1, 0), .Dim = 3:2, .Dimnames = list(c("-1", "0", 
    "1"), c("C", "T"))), N = 402), Majority = list(Freqs = structure(c(2, 
    444, 0, 0, 1, 0), .Dim = 3:2, .Dimnames = list(c("-1", "0", 
    "1"), c("C", "T"))), N = 447)), `2` = structure(c(1, 320, 
    0, 0, 0, 0), .Dim = 3:2, .Dimnames = list(c("-1", "0", "1"
    ), c("C", "T"))))))
