Results <-
list(`bwa.out//20220204//MLPA100_S14.sam` = list(LR10_SNP1 = list(
    All = list(Freqs = structure(c(1L, 26L, 1475L, 7L, 6L, 0L, 
    18L, 1503L, 4L, 2L, 0L, 0L, 36L, 0L, 0L), .Dim = c(5L, 3L
    ), .Dimnames = structure(list(c("-2", "-1", "0", "1", NA), 
        c("C", "T", NA)), .Names = c("", "")), class = "table"), 
        N = 3078L), Tag.Distribution = structure(c(`1` = 173L, 
    `2` = 106L, `3` = 67L, `4` = 58L, `5` = 52L, `6` = 36L, `7` = 26L, 
    `8` = 26L, `9` = 18L, `10` = 23L, `11` = 7L, `12` = 8L, `13` = 8L, 
    `14` = 6L, `15` = 3L, `16` = 3L, `17` = 1L, `18` = 4L, `19` = 4L, 
    `20` = 2L, `21` = 2L, `22` = 2L, `23` = 1L, `26` = 1L, `32` = 2L, 
    `35` = 1L), .Dim = 26L, .Dimnames = list(TagUsage = c("1", 
    "2", "3", "4", "5", "6", "7", "8", "9", "10", "11", "12", 
    "13", "14", "15", "16", "17", "18", "19", "20", "21", "22", 
    "23", "26", "32", "35")), class = "table"), No.Tag = structure(c(0L, 
    2L, 59L, 1L, 0L, 0L, 1L, 44L, 0L, 0L, 0L, 0L, 2L, 0L, 0L), .Dim = c(5L, 
    3L), .Dimnames = structure(list(c("-2", "-1", "0", "1", NA
    ), c("C", "T", NA)), .Names = c("", "")), class = "table"), 
    All.Tags = list(Concordant = list(Freqs = structure(c(0, 
    1, 267, 0, 0, 0, 293, 0), .Dim = c(4L, 2L), .Dimnames = list(
        c("-2", "-1", "0", "1"), c("C", "T"))), N = 561), Majority = list(
        Freqs = structure(c(0, 2, 297, 0, 0, 0, 323, 1), .Dim = c(4L, 
        2L), .Dimnames = list(c("-2", "-1", "0", "1"), c("C", 
        "T"))), N = 623)), `2` = structure(c(0, 1, 222, 0, 0, 
    0, 231, 1), .Dim = c(4L, 2L), .Dimnames = list(c("-2", "-1", 
    "0", "1"), c("C", "T"))))))
