Results <-
list(`bwa.out//20220204//BlindCMMRD45_S5.sam` = list(LR44_SNP1 = list(
    All = list(Freqs = structure(c(2L, 11L, 386L, 5482L, 82L, 
    1L, 18L, 0L, 0L, 1L, 2L, 0L, 0L, 0L, 0L, 0L, 9L, 134L, 0L, 
    0L, 0L), .Dim = c(7L, 3L), .Dimnames = structure(list(c("-3", 
    "-2", "-1", "0", "1", "2", NA), c("C", "T", NA)), .Names = c("", 
    "")), class = "table"), N = 6128L), Tag.Distribution = structure(c(`1` = 109L, 
    `2` = 38L, `3` = 26L, `4` = 23L, `5` = 18L, `6` = 17L, `7` = 11L, 
    `8` = 22L, `9` = 11L, `10` = 9L, `11` = 11L, `12` = 18L, 
    `13` = 16L, `14` = 11L, `15` = 13L, `16` = 7L, `17` = 11L, 
    `18` = 7L, `19` = 9L, `20` = 11L, `21` = 5L, `22` = 8L, `23` = 7L, 
    `24` = 2L, `25` = 6L, `26` = 8L, `27` = 6L, `28` = 8L, `29` = 3L, 
    `30` = 4L, `31` = 2L, `32` = 5L, `33` = 3L, `34` = 4L, `35` = 2L, 
    `36` = 6L, `37` = 2L, `38` = 1L, `39` = 4L, `40` = 3L, `41` = 2L, 
    `42` = 3L, `43` = 3L, `44` = 1L, `45` = 2L, `46` = 2L, `49` = 1L, 
    `53` = 2L, `56` = 1L), .Dim = 49L, .Dimnames = list(TagUsage = c("1", 
    "2", "3", "4", "5", "6", "7", "8", "9", "10", "11", "12", 
    "13", "14", "15", "16", "17", "18", "19", "20", "21", "22", 
    "23", "24", "25", "26", "27", "28", "29", "30", "31", "32", 
    "33", "34", "35", "36", "37", "38", "39", "40", "41", "42", 
    "43", "44", "45", "46", "49", "53", "56")), class = "table"), 
    No.Tag = structure(c(0L, 1L, 11L, 63L, 1L, 0L, 1L, 0L, 0L, 
    0L, 0L, 0L, 0L, 0L, 0L, 0L, 0L, 6L, 0L, 0L, 0L), .Dim = c(7L, 
    3L), .Dimnames = structure(list(c("-3", "-2", "-1", "0", 
    "1", "2", NA), c("C", "T", NA)), .Names = c("", "")), class = "table"), 
    All.Tags = list(Concordant = list(Freqs = structure(c(0, 
    0, 8, 276, 0, 0, 0, 0, 1, 0, 0, 0), .Dim = c(6L, 2L), .Dimnames = list(
        c("-3", "-2", "-1", "0", "1", "2"), c("C", "T"))), N = 285), 
        Majority = list(Freqs = structure(c(0, 0, 10, 476, 0, 
        0, 0, 0, 1, 0, 0, 0), .Dim = c(6L, 2L), .Dimnames = list(
            c("-3", "-2", "-1", "0", "1", "2"), c("C", "T"))), 
            N = 487)), `2` = structure(c(0, 0, 2, 385, 0, 0, 
    0, 0, 0, 0, 0, 0), .Dim = c(6L, 2L), .Dimnames = list(c("-3", 
    "-2", "-1", "0", "1", "2"), c("C", "T"))))))
