Results <-
list(`bwa.out//20220204//BlindCMMRD72_S31.sam` = list(GM29_SNP1 = list(
    All = list(Freqs = structure(c(0L, 25L, 2275L, 10L, 2L, 1L, 
    32L, 2019L, 7L, 4L, 0L, 0L, 1L, 0L, 0L, 0L, 1L, 30L, 0L, 
    0L), .Dim = 5:4, .Dimnames = structure(list(c("-4", "-1", 
    "0", "1", NA), c("A", "G", "T", NA)), .Names = c("", "")), class = "table"), 
        N = 4407L), Tag.Distribution = structure(c(`1` = 84L, 
    `2` = 55L, `3` = 41L, `4` = 51L, `5` = 26L, `6` = 31L, `7` = 33L, 
    `8` = 32L, `9` = 22L, `10` = 21L, `11` = 16L, `12` = 17L, 
    `13` = 14L, `14` = 5L, `15` = 11L, `16` = 11L, `17` = 10L, 
    `18` = 12L, `20` = 2L, `21` = 2L, `22` = 3L, `23` = 3L, `24` = 5L, 
    `25` = 2L, `26` = 2L, `27` = 3L, `28` = 1L, `29` = 5L, `30` = 3L, 
    `31` = 1L, `35` = 3L, `36` = 2L, `39` = 1L, `45` = 1L, `51` = 1L, 
    `52` = 1L), .Dim = 36L, .Dimnames = list(TagUsage = c("1", 
    "2", "3", "4", "5", "6", "7", "8", "9", "10", "11", "12", 
    "13", "14", "15", "16", "17", "18", "20", "21", "22", "23", 
    "24", "25", "26", "27", "28", "29", "30", "31", "35", "36", 
    "39", "45", "51", "52")), class = "table"), No.Tag = structure(c(0L, 
    1L, 75L, 0L, 1L, 0L, 2L, 59L, 0L, 0L, 0L, 0L, 0L, 0L, 0L, 
    0L, 0L, 0L, 0L, 0L), .Dim = 5:4, .Dimnames = structure(list(
        c("-4", "-1", "0", "1", NA), c("A", "G", "T", NA)), .Names = c("", 
    "")), class = "table"), All.Tags = list(Concordant = list(
        Freqs = structure(c(0, 0, 235, 0, 0, 0, 201, 0, 0, 0, 
        0, 0), .Dim = 4:3, .Dimnames = list(c("-4", "-1", "0", 
        "1"), c("A", "G", "T"))), N = 436), Majority = list(Freqs = structure(c(0, 
    0, 277, 0, 0, 0, 248, 0, 0, 0, 0, 0), .Dim = 4:3, .Dimnames = list(
        c("-4", "-1", "0", "1"), c("A", "G", "T"))), N = 525)), 
    `2` = structure(c(0, 0, 231, 0, 0, 0, 211, 0, 0, 0, 0, 0), .Dim = 4:3, .Dimnames = list(
        c("-4", "-1", "0", "1"), c("A", "G", "T"))))))
