Results <-
list(`bwa.out//20220204//BlindCMMRD67_S26.sam` = list(LR44_SNP1 = list(
    All = list(Freqs = structure(c(2L, 7L, 175L, 2501L, 41L, 
    0L, 6L, 1L, 6L, 239L, 2609L, 47L, 1L, 11L, 0L, 0L, 1L, 109L, 
    1L, 0L, 0L), .Dim = c(7L, 3L), .Dimnames = structure(list(
        c("-3", "-2", "-1", "0", "1", "2", NA), c("C", "T", NA
        )), .Names = c("", "")), class = "table"), N = 5757L), 
    Tag.Distribution = structure(c(`1` = 127L, `2` = 64L, `3` = 63L, 
    `4` = 61L, `5` = 46L, `6` = 43L, `7` = 41L, `8` = 32L, `9` = 39L, 
    `10` = 19L, `11` = 31L, `12` = 14L, `13` = 20L, `14` = 16L, 
    `15` = 12L, `16` = 21L, `17` = 12L, `18` = 10L, `19` = 9L, 
    `20` = 5L, `21` = 9L, `22` = 4L, `23` = 5L, `24` = 5L, `25` = 3L, 
    `26` = 1L, `27` = 5L, `28` = 4L, `30` = 1L, `31` = 1L, `33` = 2L, 
    `34` = 1L, `35` = 2L, `36` = 1L, `37` = 2L), .Dim = 35L, .Dimnames = list(
        TagUsage = c("1", "2", "3", "4", "5", "6", "7", "8", 
        "9", "10", "11", "12", "13", "14", "15", "16", "17", 
        "18", "19", "20", "21", "22", "23", "24", "25", "26", 
        "27", "28", "30", "31", "33", "34", "35", "36", "37")), class = "table"), 
    No.Tag = structure(c(0L, 0L, 4L, 50L, 0L, 0L, 0L, 0L, 0L, 
    9L, 65L, 0L, 0L, 1L, 0L, 0L, 0L, 3L, 0L, 0L, 0L), .Dim = c(7L, 
    3L), .Dimnames = structure(list(c("-3", "-2", "-1", "0", 
    "1", "2", NA), c("C", "T", NA)), .Names = c("", "")), class = "table"), 
    All.Tags = list(Concordant = list(Freqs = structure(c(0, 
    0, 5, 199, 1, 0, 0, 0, 6, 217, 1, 0), .Dim = c(6L, 2L), .Dimnames = list(
        c("-3", "-2", "-1", "0", "1", "2"), c("C", "T"))), N = 429), 
        Majority = list(Freqs = structure(c(0, 0, 6, 336, 1, 
        0, 0, 0, 12, 357, 1, 0), .Dim = c(6L, 2L), .Dimnames = list(
            c("-3", "-2", "-1", "0", "1", "2"), c("C", "T"))), 
            N = 713)), `2` = structure(c(0, 0, 1, 286, 0, 0, 
    0, 0, 9, 297, 0, 0), .Dim = c(6L, 2L), .Dimnames = list(c("-3", 
    "-2", "-1", "0", "1", "2"), c("C", "T"))))))
