Results <-
list(`bwa.out//20220204//BlindCMMRD132_S58.sam` = list(GM01_SNP1 = list(
    All = list(Freqs = structure(c(0L, 1L, 65L, 2910L, 10L, 10L, 
    1L, 2L, 57L, 2999L, 15L, 26L, 0L, 0L, 0L, 40L, 0L, 0L), .Dim = c(6L, 
    3L), .Dimnames = structure(list(c("-3", "-2", "-1", "0", 
    "1", NA), c("A", "G", NA)), .Names = c("", "")), class = "table"), 
        N = 6136L), Tag.Distribution = structure(c(`1` = 323L, 
    `2` = 272L, `3` = 218L, `4` = 205L, `5` = 134L, `6` = 102L, 
    `7` = 74L, `8` = 44L, `9` = 34L, `10` = 22L, `11` = 25L, 
    `12` = 19L, `13` = 10L, `14` = 8L, `15` = 8L, `16` = 5L, 
    `18` = 1L, `19` = 1L, `21` = 1L, `23` = 1L, `24` = 1L), .Dim = 21L, .Dimnames = list(
        TagUsage = c("1", "2", "3", "4", "5", "6", "7", "8", 
        "9", "10", "11", "12", "13", "14", "15", "16", "18", 
        "19", "21", "23", "24")), class = "table"), No.Tag = structure(c(0L, 
    0L, 1L, 17L, 0L, 1L, 0L, 0L, 0L, 42L, 1L, 1L, 0L, 0L, 0L, 
    4L, 0L, 0L), .Dim = c(6L, 3L), .Dimnames = structure(list(
        c("-3", "-2", "-1", "0", "1", NA), c("A", "G", NA)), .Names = c("", 
    "")), class = "table"), All.Tags = list(Concordant = list(
        Freqs = structure(c(0, 0, 4, 561, 1, 0, 0, 5, 612, 0), .Dim = c(5L, 
        2L), .Dimnames = list(c("-3", "-2", "-1", "0", "1"), 
            c("A", "G"))), N = 1183), Majority = list(Freqs = structure(c(0, 
    0, 7, 692, 1, 0, 0, 7, 740, 0), .Dim = c(5L, 2L), .Dimnames = list(
        c("-3", "-2", "-1", "0", "1"), c("A", "G"))), N = 1447)), 
    `2` = structure(c(0, 0, 5, 545, 1, 0, 0, 5, 574, 0), .Dim = c(5L, 
    2L), .Dimnames = list(c("-3", "-2", "-1", "0", "1"), c("A", 
    "G"))))))
