Results <-
list(`bwa.out//20220204//BlindCMMRD79_S38.sam` = list(LR40_SNP1 = list(
    All = list(Freqs = structure(c(0L, 2L, 0L, 0L, 44L, 4204L, 
    11L, 6L, 0L, 22L, 1L, 0L), .Dim = 4:3, .Dimnames = structure(list(
        c("-1", "0", "1", NA), c("A", "C", NA)), .Names = c("", 
    "")), class = "table"), N = 4290L), Tag.Distribution = structure(c(`1` = 132L, 
    `2` = 105L, `3` = 78L, `4` = 57L, `5` = 45L, `6` = 36L, `7` = 35L, 
    `8` = 34L, `9` = 28L, `10` = 21L, `11` = 21L, `12` = 13L, 
    `13` = 14L, `14` = 12L, `15` = 9L, `16` = 11L, `17` = 10L, 
    `18` = 7L, `19` = 4L, `20` = 4L, `21` = 5L, `22` = 1L, `23` = 2L, 
    `24` = 2L, `25` = 3L, `26` = 2L, `28` = 1L, `29` = 1L, `33` = 1L
    ), .Dim = 29L, .Dimnames = list(TagUsage = c("1", "2", "3", 
    "4", "5", "6", "7", "8", "9", "10", "11", "12", "13", "14", 
    "15", "16", "17", "18", "19", "20", "21", "22", "23", "24", 
    "25", "26", "28", "29", "33")), class = "table"), No.Tag = structure(c(0L, 
    0L, 0L, 0L, 0L, 124L, 0L, 0L, 0L, 4L, 0L, 0L), .Dim = 4:3, .Dimnames = structure(list(
        c("-1", "0", "1", NA), c("A", "C", NA)), .Names = c("", 
    "")), class = "table"), All.Tags = list(Concordant = list(
        Freqs = structure(c(0, 0, 0, 0, 641, 0), .Dim = 3:2, .Dimnames = list(
            c("-1", "0", "1"), c("A", "C"))), N = 641), Majority = list(
        Freqs = structure(c(0, 0, 0, 0, 691, 0), .Dim = 3:2, .Dimnames = list(
            c("-1", "0", "1"), c("A", "C"))), N = 691)), `2` = structure(c(0, 
    0, 0, 0, 562, 0), .Dim = 3:2, .Dimnames = list(c("-1", "0", 
    "1"), c("A", "C"))))))
