Results <-
list(`bwa.out//20220204//Control26_S19.sam` = list(LR17_SNP1 = list(
    All = list(Freqs = structure(c(1L, 3L, 108L, 2371L, 36L, 
    22L, 0L, 0L, 0L, 51L, 1L, 0L), .Dim = c(6L, 2L), .Dimnames = structure(list(
        c("-3", "-2", "-1", "0", "1", NA), c("A", NA)), .Names = c("", 
    "")), class = "table"), N = 2593L), Tag.Distribution = structure(c(`1` = 68L, 
    `2` = 46L, `3` = 28L, `4` = 21L, `5` = 22L, `6` = 20L, `7` = 21L, 
    `8` = 14L, `9` = 15L, `10` = 10L, `11` = 12L, `12` = 9L, 
    `13` = 14L, `14` = 7L, `15` = 10L, `16` = 10L, `17` = 7L, 
    `18` = 4L, `20` = 5L, `21` = 3L, `22` = 3L, `23` = 2L, `24` = 1L, 
    `25` = 1L, `29` = 1L, `30` = 1L, `36` = 1L), .Dim = 27L, .Dimnames = list(
        TagUsage = c("1", "2", "3", "4", "5", "6", "7", "8", 
        "9", "10", "11", "12", "13", "14", "15", "16", "17", 
        "18", "20", "21", "22", "23", "24", "25", "29", "30", 
        "36")), class = "table"), No.Tag = structure(c(0L, 0L, 
    5L, 88L, 2L, 0L, 0L, 0L, 0L, 6L, 0L, 0L), .Dim = c(6L, 2L
    ), .Dimnames = structure(list(c("-3", "-2", "-1", "0", "1", 
    NA), c("A", NA)), .Names = c("", "")), class = "table"), 
    All.Tags = list(Concordant = list(Freqs = structure(c(0, 
    0, 6, 255, 1), .Dim = c(5L, 1L), .Dimnames = list(c("-3", 
    "-2", "-1", "0", "1"), "A")), N = 262), Majority = list(Freqs = structure(c(0, 
    0, 6, 340, 2), .Dim = c(5L, 1L), .Dimnames = list(c("-3", 
    "-2", "-1", "0", "1"), "A")), N = 348)), `2` = structure(c(0, 
    0, 0, 282, 2), .Dim = c(5L, 1L), .Dimnames = list(c("-3", 
    "-2", "-1", "0", "1"), "A")))))
