Results <-
list(`bwa.out//20220204//BlindCMMRD76_S35.sam` = list(GM14_SNP1 = list(
    All = list(Freqs = structure(c(5L, 119L, 3263L, 56L, 8L, 
    0L, 1L, 3L, 0L, 0L, 0L, 0L, 29L, 0L, 0L), .Dim = c(5L, 3L
    ), .Dimnames = structure(list(c("-2", "-1", "0", "1", NA), 
        c("C", "T", NA)), .Names = c("", "")), class = "table"), 
        N = 3484L), Tag.Distribution = structure(c(`1` = 71L, 
    `2` = 24L, `3` = 24L, `4` = 24L, `5` = 25L, `6` = 26L, `7` = 19L, 
    `8` = 22L, `9` = 19L, `10` = 14L, `11` = 10L, `12` = 4L, 
    `13` = 11L, `14` = 13L, `15` = 9L, `16` = 3L, `17` = 11L, 
    `18` = 8L, `19` = 9L, `20` = 5L, `21` = 11L, `22` = 3L, `23` = 4L, 
    `24` = 2L, `25` = 2L, `26` = 4L, `27` = 2L, `28` = 1L, `29` = 2L, 
    `30` = 4L, `32` = 2L, `33` = 1L), .Dim = 32L, .Dimnames = list(
        TagUsage = c("1", "2", "3", "4", "5", "6", "7", "8", 
        "9", "10", "11", "12", "13", "14", "15", "16", "17", 
        "18", "19", "20", "21", "22", "23", "24", "25", "26", 
        "27", "28", "29", "30", "32", "33")), class = "table"), 
    No.Tag = structure(c(0L, 3L, 75L, 0L, 0L, 0L, 0L, 0L, 0L, 
    0L, 0L, 0L, 2L, 0L, 0L), .Dim = c(5L, 3L), .Dimnames = structure(list(
        c("-2", "-1", "0", "1", NA), c("C", "T", NA)), .Names = c("", 
    "")), class = "table"), All.Tags = list(Concordant = list(
        Freqs = structure(c(0, 4, 280, 2, 0, 1, 2, 0), .Dim = c(4L, 
        2L), .Dimnames = list(c("-2", "-1", "0", "1"), c("C", 
        "T"))), N = 289), Majority = list(Freqs = structure(c(0, 
    5, 369, 3, 0, 1, 2, 0), .Dim = c(4L, 2L), .Dimnames = list(
        c("-2", "-1", "0", "1"), c("C", "T"))), N = 380)), `2` = structure(c(0, 
    2, 309, 2, 0, 0, 0, 0), .Dim = c(4L, 2L), .Dimnames = list(
        c("-2", "-1", "0", "1"), c("C", "T"))))))
