Results <-
list(`bwa.out//20220204//BlindCMMRD86_S45.sam` = list(GM07_SNP1 = list(
    All = list(Freqs = structure(c(0L, 0L, 3L, 0L, 0L, 4L, 117L, 
    1870L, 40L, 18L, 1L, 109L, 1722L, 43L, 23L, 0L, 0L, 1L, 0L, 
    0L, 0L, 4L, 44L, 0L, 0L), .Dim = c(5L, 5L), .Dimnames = structure(list(
        c("-2", "-1", "0", "1", NA), c("-", "A", "G", "T", NA
        )), .Names = c("", "")), class = "table"), N = 3999L), 
    Tag.Distribution = structure(c(`1` = 137L, `2` = 95L, `3` = 96L, 
    `4` = 78L, `5` = 51L, `6` = 52L, `7` = 44L, `8` = 27L, `9` = 32L, 
    `10` = 15L, `11` = 17L, `12` = 16L, `13` = 6L, `14` = 15L, 
    `15` = 7L, `16` = 6L, `17` = 4L, `18` = 4L, `19` = 6L, `21` = 2L, 
    `22` = 2L, `23` = 1L, `26` = 2L, `29` = 2L), .Dim = 24L, .Dimnames = list(
        TagUsage = c("1", "2", "3", "4", "5", "6", "7", "8", 
        "9", "10", "11", "12", "13", "14", "15", "16", "17", 
        "18", "19", "21", "22", "23", "26", "29")), class = "table"), 
    No.Tag = structure(c(0L, 0L, 1L, 0L, 0L, 0L, 3L, 101L, 1L, 
    3L, 1L, 2L, 72L, 2L, 7L, 0L, 0L, 0L, 0L, 0L, 0L, 1L, 8L, 
    0L, 0L), .Dim = c(5L, 5L), .Dimnames = structure(list(c("-2", 
    "-1", "0", "1", NA), c("-", "A", "G", "T", NA)), .Names = c("", 
    "")), class = "table"), All.Tags = list(Concordant = list(
        Freqs = structure(c(0, 0, 0, 0, 0, 5, 247, 1, 0, 5, 232, 
        1, 0, 0, 0, 0), .Dim = c(4L, 4L), .Dimnames = list(c("-2", 
        "-1", "0", "1"), c("-", "A", "G", "T"))), N = 491), Majority = list(
        Freqs = structure(c(0, 0, 0, 0, 0, 6, 344, 1, 0, 8, 333, 
        1, 0, 0, 0, 0), .Dim = c(4L, 4L), .Dimnames = list(c("-2", 
        "-1", "0", "1"), c("-", "A", "G", "T"))), N = 693)), 
    `2` = structure(c(0, 0, 0, 0, 0, 1, 278, 0, 0, 5, 278, 0, 
    0, 0, 0, 0), .Dim = c(4L, 4L), .Dimnames = list(c("-2", "-1", 
    "0", "1"), c("-", "A", "G", "T"))))))
