Results <-
list(`bwa.out//20220204//MLPA01_S9.sam` = list(LR49_SNP1 = list(
    All = list(Freqs = structure(c(7L, 1928L, 1L, 1L, 5L, 2233L, 
    0L, 3L, 0L, 1L, 0L, 0L, 0L, 67L, 0L, 0L), .Dim = c(4L, 4L
    ), .Dimnames = structure(list(c("-1", "0", "1", NA), c("A", 
    "G", "T", NA)), .Names = c("", "")), class = "table"), N = 4246L), 
    Tag.Distribution = structure(c(`1` = 185L, `2` = 97L, `3` = 84L, 
    `4` = 54L, `5` = 56L, `6` = 43L, `7` = 40L, `8` = 33L, `9` = 21L, 
    `10` = 23L, `11` = 18L, `12` = 13L, `13` = 14L, `14` = 15L, 
    `15` = 12L, `16` = 10L, `17` = 2L, `18` = 8L, `19` = 5L, 
    `22` = 5L, `23` = 1L, `25` = 3L, `26` = 4L, `30` = 1L, `31` = 1L, 
    `41` = 1L), .Dim = 26L, .Dimnames = list(TagUsage = c("1", 
    "2", "3", "4", "5", "6", "7", "8", "9", "10", "11", "12", 
    "13", "14", "15", "16", "17", "18", "19", "22", "23", "25", 
    "26", "30", "31", "41")), class = "table"), No.Tag = structure(c(0L, 
    45L, 0L, 0L, 0L, 71L, 0L, 2L, 0L, 0L, 0L, 0L, 0L, 7L, 0L, 
    0L), .Dim = c(4L, 4L), .Dimnames = structure(list(c("-1", 
    "0", "1", NA), c("A", "G", "T", NA)), .Names = c("", "")), class = "table"), 
    All.Tags = list(Concordant = list(Freqs = structure(c(0, 
    316, 0, 0, 362, 0, 0, 0, 0), .Dim = c(3L, 3L), .Dimnames = list(
        c("-1", "0", "1"), c("A", "G", "T"))), N = 678), Majority = list(
        Freqs = structure(c(0, 343, 0, 1, 391, 0, 0, 0, 0), .Dim = c(3L, 
        3L), .Dimnames = list(c("-1", "0", "1"), c("A", "G", 
        "T"))), N = 735)), `2` = structure(c(0, 255, 0, 1, 302, 
    0, 0, 0, 0), .Dim = c(3L, 3L), .Dimnames = list(c("-1", "0", 
    "1"), c("A", "G", "T"))))))
