Results <-
list(`bwa.out//20220204//BlindCMMRD58_S17.sam` = list(GM29_SNP1 = list(
    All = list(Freqs = structure(c(1L, 164L, 2156L, 7L, 2L, 1L, 
    28L, 2253L, 4L, 2L, 0L, 0L, 1L, 0L, 0L, 0L, 2L, 46L, 0L, 
    0L), .Dim = 5:4, .Dimnames = structure(list(c("-2", "-1", 
    "0", "1", NA), c("A", "G", "T", NA)), .Names = c("", "")), class = "table"), 
        N = 4667L), Tag.Distribution = structure(c(`1` = 61L, 
    `2` = 24L, `3` = 11L, `4` = 16L, `5` = 15L, `6` = 6L, `7` = 11L, 
    `8` = 7L, `9` = 9L, `10` = 15L, `11` = 7L, `12` = 7L, `13` = 5L, 
    `14` = 6L, `15` = 2L, `16` = 6L, `17` = 7L, `18` = 5L, `19` = 8L, 
    `20` = 2L, `21` = 4L, `22` = 8L, `23` = 3L, `24` = 2L, `25` = 3L, 
    `26` = 3L, `27` = 5L, `28` = 3L, `29` = 3L, `30` = 1L, `31` = 1L, 
    `32` = 1L, `33` = 1L, `34` = 2L, `36` = 2L, `37` = 2L, `38` = 3L, 
    `39` = 2L, `40` = 1L, `41` = 1L, `42` = 1L, `43` = 1L, `46` = 2L, 
    `47` = 1L, `49` = 1L, `50` = 2L, `51` = 1L, `53` = 1L, `54` = 2L, 
    `55` = 5L, `57` = 2L, `61` = 1L, `64` = 1L, `65` = 2L, `69` = 1L, 
    `73` = 1L, `79` = 1L, `81` = 1L, `112` = 1L), .Dim = 59L, .Dimnames = list(
        TagUsage = c("1", "2", "3", "4", "5", "6", "7", "8", 
        "9", "10", "11", "12", "13", "14", "15", "16", "17", 
        "18", "19", "20", "21", "22", "23", "24", "25", "26", 
        "27", "28", "29", "30", "31", "32", "33", "34", "36", 
        "37", "38", "39", "40", "41", "42", "43", "46", "47", 
        "49", "50", "51", "53", "54", "55", "57", "61", "64", 
        "65", "69", "73", "79", "81", "112")), class = "table"), 
    No.Tag = structure(c(0L, 0L, 25L, 0L, 0L, 0L, 0L, 30L, 0L, 
    0L, 0L, 0L, 0L, 0L, 0L, 0L, 0L, 2L, 0L, 0L), .Dim = 5:4, .Dimnames = structure(list(
        c("-2", "-1", "0", "1", NA), c("A", "G", "T", NA)), .Names = c("", 
    "")), class = "table"), All.Tags = list(Concordant = list(
        Freqs = structure(c(0, 2, 118, 0, 0, 1, 118, 0, 0, 0, 
        0, 0), .Dim = 4:3, .Dimnames = list(c("-2", "-1", "0", 
        "1"), c("A", "G", "T"))), N = 239), Majority = list(Freqs = structure(c(0, 
    4, 154, 0, 0, 1, 146, 0, 0, 0, 0, 0), .Dim = 4:3, .Dimnames = list(
        c("-2", "-1", "0", "1"), c("A", "G", "T"))), N = 305)), 
    `2` = structure(c(0, 4, 119, 0, 0, 1, 123, 0, 0, 0, 0, 0), .Dim = 4:3, .Dimnames = list(
        c("-2", "-1", "0", "1"), c("A", "G", "T"))))))
