Results <-
list(`bwa.out//20220204//BlindCMMRD43_S3.sam` = list(LR52_SNP1 = list(
    All = list(Freqs = structure(c(0L, 0L, 0L, 1L, 0L, 0L, 0L, 
    2L, 15L, 125L, 1198L, 483L, 8L, 229L, 0L, 0L, 1L, 2L, 14L, 
    1L, 3L, 0L, 1L, 5L, 417L, 123L, 1L, 0L), .Dim = c(7L, 4L), .Dimnames = structure(list(
        c("-3", "-2", "-1", "0", "1", "2", NA), c("A", "C", "T", 
        NA)), .Names = c("", "")), class = "table"), N = 2629L), 
    Tag.Distribution = structure(c(`1` = 89L, `2` = 38L, `3` = 22L, 
    `4` = 24L, `5` = 14L, `6` = 17L, `7` = 13L, `8` = 18L, `9` = 9L, 
    `10` = 9L, `11` = 8L, `12` = 7L, `13` = 10L, `14` = 6L, `15` = 6L, 
    `16` = 5L, `17` = 3L, `18` = 4L, `19` = 2L, `20` = 4L, `21` = 2L, 
    `22` = 5L, `23` = 4L, `24` = 5L, `25` = 2L, `26` = 1L, `27` = 3L, 
    `29` = 2L, `30` = 1L, `31` = 3L, `32` = 1L, `34` = 1L, `35` = 1L, 
    `36` = 1L, `55` = 1L), .Dim = 35L, .Dimnames = list(TagUsage = c("1", 
    "2", "3", "4", "5", "6", "7", "8", "9", "10", "11", "12", 
    "13", "14", "15", "16", "17", "18", "19", "20", "21", "22", 
    "23", "24", "25", "26", "27", "29", "30", "31", "32", "34", 
    "35", "36", "55")), class = "table"), No.Tag = structure(c(0L, 
    0L, 0L, 0L, 0L, 0L, 0L, 0L, 0L, 3L, 21L, 1L, 0L, 1L, 0L, 
    0L, 0L, 0L, 0L, 0L, 0L, 0L, 0L, 0L, 7L, 0L, 0L, 0L), .Dim = c(7L, 
    4L), .Dimnames = structure(list(c("-3", "-2", "-1", "0", 
    "1", "2", NA), c("A", "C", "T", NA)), .Names = c("", "")), class = "table"), 
    All.Tags = list(Concordant = list(Freqs = structure(c(0, 
    0, 0, 0, 0, 0, 2, 1, 5, 99, 73, 1, 0, 0, 1, 2, 0, 0), .Dim = c(6L, 
    3L), .Dimnames = list(c("-3", "-2", "-1", "0", "1", "2"), 
        c("A", "C", "T"))), N = 184), Majority = list(Freqs = structure(c(0, 
    0, 0, 0, 0, 0, 2, 1, 7, 157, 121, 1, 0, 0, 1, 2, 1, 0), .Dim = c(6L, 
    3L), .Dimnames = list(c("-3", "-2", "-1", "0", "1", "2"), 
        c("A", "C", "T"))), N = 293)), `2` = structure(c(0, 0, 
    0, 0, 0, 0, 0, 0, 5, 134, 91, 1, 0, 0, 0, 0, 1, 0), .Dim = c(6L, 
    3L), .Dimnames = list(c("-3", "-2", "-1", "0", "1", "2"), 
        c("A", "C", "T"))))))
