Results <-
list(`bwa.out//20220204//Control15_S8.sam` = list(LR46_SNP1 = list(
    All = list(Freqs = structure(c(17L, 1058L, 2L, 2L, 1L, 1257L, 
    5L, 1L, 0L, 5L, 0L, 0L), .Dim = 4:3, .Dimnames = structure(list(
        c("-1", "0", "1", NA), c("G", "T", NA)), .Names = c("", 
    "")), class = "table"), N = 2348L), Tag.Distribution = structure(c(`1` = 106L, 
    `2` = 39L, `3` = 20L, `4` = 19L, `5` = 22L, `6` = 15L, `7` = 17L, 
    `8` = 12L, `9` = 10L, `10` = 8L, `11` = 8L, `12` = 6L, `13` = 9L, 
    `14` = 5L, `15` = 8L, `16` = 2L, `17` = 3L, `18` = 7L, `19` = 5L, 
    `20` = 3L, `21` = 1L, `22` = 1L, `23` = 3L, `24` = 3L, `25` = 2L, 
    `27` = 2L, `28` = 2L, `31` = 1L, `32` = 1L, `34` = 2L, `36` = 1L
    ), .Dim = 31L, .Dimnames = list(TagUsage = c("1", "2", "3", 
    "4", "5", "6", "7", "8", "9", "10", "11", "12", "13", "14", 
    "15", "16", "17", "18", "19", "20", "21", "22", "23", "24", 
    "25", "27", "28", "31", "32", "34", "36")), class = "table"), 
    No.Tag = structure(c(1L, 36L, 0L, 0L, 0L, 63L, 0L, 0L, 0L, 
    1L, 0L, 0L), .Dim = 4:3, .Dimnames = structure(list(c("-1", 
    "0", "1", NA), c("G", "T", NA)), .Names = c("", "")), class = "table"), 
    All.Tags = list(Concordant = list(Freqs = structure(c(1, 
    147, 0, 0, 177, 0), .Dim = 3:2, .Dimnames = list(c("-1", 
    "0", "1"), c("G", "T"))), N = 325), Majority = list(Freqs = structure(c(1, 
    158, 0, 0, 184, 0), .Dim = 3:2, .Dimnames = list(c("-1", 
    "0", "1"), c("G", "T"))), N = 343)), `2` = structure(c(1, 
    104, 0, 0, 132, 0), .Dim = 3:2, .Dimnames = list(c("-1", 
    "0", "1"), c("G", "T"))))))
