Results <-
list(`bwa.out//20220204//BlindCMMRD84_S43.sam` = list(GM17_SNP1 = list(
    All = list(Freqs = structure(c(0L, 1L, 0L, 0L, 67L, 5612L, 
    17L, 5L, 1L, 12L, 0L, 0L, 1L, 40L, 0L, 0L), .Dim = c(4L, 
    4L), .Dimnames = structure(list(c("-1", "0", "1", NA), c("A", 
    "C", "T", NA)), .Names = c("", "")), class = "table"), N = 5756L), 
    Tag.Distribution = structure(c(`1` = 136L, `2` = 48L, `3` = 47L, 
    `4` = 33L, `5` = 41L, `6` = 41L, `7` = 23L, `8` = 27L, `9` = 16L, 
    `10` = 21L, `11` = 17L, `12` = 13L, `13` = 22L, `14` = 13L, 
    `15` = 12L, `16` = 12L, `17` = 14L, `18` = 7L, `19` = 7L, 
    `20` = 5L, `21` = 4L, `22` = 4L, `23` = 5L, `24` = 4L, `25` = 7L, 
    `26` = 7L, `27` = 3L, `28` = 5L, `29` = 6L, `30` = 3L, `31` = 3L, 
    `32` = 2L, `33` = 3L, `34` = 5L, `35` = 3L, `36` = 2L, `39` = 5L, 
    `43` = 1L, `44` = 1L, `45` = 1L, `49` = 1L), .Dim = 41L, .Dimnames = list(
        TagUsage = c("1", "2", "3", "4", "5", "6", "7", "8", 
        "9", "10", "11", "12", "13", "14", "15", "16", "17", 
        "18", "19", "20", "21", "22", "23", "24", "25", "26", 
        "27", "28", "29", "30", "31", "32", "33", "34", "35", 
        "36", "39", "43", "44", "45", "49")), class = "table"), 
    No.Tag = structure(c(0L, 0L, 0L, 0L, 4L, 77L, 0L, 0L, 0L, 
    1L, 0L, 0L, 0L, 3L, 0L, 0L), .Dim = c(4L, 4L), .Dimnames = structure(list(
        c("-1", "0", "1", NA), c("A", "C", "T", NA)), .Names = c("", 
    "")), class = "table"), All.Tags = list(Concordant = list(
        Freqs = structure(c(0, 0, 0, 2, 548, 0, 1, 6, 0), .Dim = c(3L, 
        3L), .Dimnames = list(c("-1", "0", "1"), c("A", "C", 
        "T"))), N = 557), Majority = list(Freqs = structure(c(0, 
    0, 0, 3, 610, 0, 1, 6, 0), .Dim = c(3L, 3L), .Dimnames = list(
        c("-1", "0", "1"), c("A", "C", "T"))), N = 620)), `2` = structure(c(0, 
    0, 0, 1, 490, 0, 0, 0, 0), .Dim = c(3L, 3L), .Dimnames = list(
        c("-1", "0", "1"), c("A", "C", "T"))))))
