Results <-
list(`bwa.out//20220204//BlindCMMRD50_S10.sam` = list(LR44_SNP1 = list(
    All = list(Freqs = structure(c(0L, 0L, 3L, 11L, 0L, 0L, 2L, 
    13L, 453L, 5742L, 84L, 28L, 0L, 0L, 9L, 110L, 3L, 0L), .Dim = c(6L, 
    3L), .Dimnames = structure(list(c("-3", "-2", "-1", "0", 
    "1", NA), c("C", "T", NA)), .Names = c("", "")), class = "table"), 
        N = 6458L), Tag.Distribution = structure(c(`1` = 119L, 
    `2` = 29L, `3` = 34L, `4` = 19L, `5` = 28L, `6` = 15L, `7` = 20L, 
    `8` = 7L, `9` = 14L, `10` = 6L, `11` = 9L, `12` = 6L, `13` = 8L, 
    `14` = 9L, `15` = 9L, `16` = 8L, `17` = 7L, `18` = 12L, `19` = 9L, 
    `20` = 6L, `21` = 3L, `22` = 5L, `23` = 10L, `24` = 5L, `25` = 1L, 
    `26` = 7L, `27` = 7L, `28` = 7L, `29` = 5L, `30` = 4L, `31` = 4L, 
    `32` = 3L, `33` = 7L, `34` = 5L, `35` = 4L, `36` = 5L, `37` = 3L, 
    `38` = 1L, `39` = 6L, `40` = 2L, `41` = 1L, `42` = 5L, `43` = 3L, 
    `44` = 1L, `45` = 3L, `47` = 2L, `48` = 1L, `49` = 1L, `50` = 3L, 
    `51` = 1L, `52` = 1L, `53` = 2L, `54` = 1L, `60` = 1L, `73` = 1L
    ), .Dim = 55L, .Dimnames = list(TagUsage = c("1", "2", "3", 
    "4", "5", "6", "7", "8", "9", "10", "11", "12", "13", "14", 
    "15", "16", "17", "18", "19", "20", "21", "22", "23", "24", 
    "25", "26", "27", "28", "29", "30", "31", "32", "33", "34", 
    "35", "36", "37", "38", "39", "40", "41", "42", "43", "44", 
    "45", "47", "48", "49", "50", "51", "52", "53", "54", "60", 
    "73")), class = "table"), No.Tag = structure(c(0L, 0L, 0L, 
    0L, 0L, 0L, 0L, 0L, 9L, 104L, 1L, 2L, 0L, 0L, 0L, 5L, 0L, 
    0L), .Dim = c(6L, 3L), .Dimnames = structure(list(c("-3", 
    "-2", "-1", "0", "1", NA), c("C", "T", NA)), .Names = c("", 
    "")), class = "table"), All.Tags = list(Concordant = list(
        Freqs = structure(c(0, 0, 2, 8, 0, 0, 0, 9, 237, 1), .Dim = c(5L, 
        2L), .Dimnames = list(c("-3", "-2", "-1", "0", "1"), 
            c("C", "T"))), N = 257), Majority = list(Freqs = structure(c(0, 
    0, 2, 8, 0, 0, 0, 13, 453, 1), .Dim = c(5L, 2L), .Dimnames = list(
        c("-3", "-2", "-1", "0", "1"), c("C", "T"))), N = 477)), 
    `2` = structure(c(0, 0, 0, 0, 0, 0, 0, 6, 366, 0), .Dim = c(5L, 
    2L), .Dimnames = list(c("-3", "-2", "-1", "0", "1"), c("C", 
    "T"))))))
