Results <-
list(`bwa.out//20220204//BlindCMMRD123_S49.sam` = list(GM17_SNP1 = list(
    All = list(Freqs = structure(c(0L, 1L, 0L, 0L, 19L, 2220L, 
    7L, 4L, 23L, 2399L, 4L, 5L, 1L, 16L, 1L, 0L), .Dim = c(4L, 
    4L), .Dimnames = structure(list(c("-1", "0", "1", NA), c("A", 
    "C", "T", NA)), .Names = c("", "")), class = "table"), N = 4700L), 
    Tag.Distribution = structure(c(`1` = 219L, `2` = 185L, `3` = 144L, 
    `4` = 121L, `5` = 78L, `6` = 67L, `7` = 52L, `8` = 33L, `9` = 28L, 
    `10` = 30L, `11` = 23L, `12` = 24L, `13` = 12L, `14` = 7L, 
    `15` = 5L, `16` = 5L, `18` = 5L, `21` = 1L, `22` = 3L, `25` = 1L
    ), .Dim = 20L, .Dimnames = list(TagUsage = c("1", "2", "3", 
    "4", "5", "6", "7", "8", "9", "10", "11", "12", "13", "14", 
    "15", "16", "18", "21", "22", "25")), class = "table"), No.Tag = structure(c(0L, 
    0L, 0L, 0L, 0L, 30L, 0L, 1L, 0L, 36L, 0L, 1L, 0L, 3L, 0L, 
    0L), .Dim = c(4L, 4L), .Dimnames = structure(list(c("-1", 
    "0", "1", NA), c("A", "C", "T", NA)), .Names = c("", "")), class = "table"), 
    All.Tags = list(Concordant = list(Freqs = structure(c(0, 
    0, 0, 3, 457, 1, 1, 456, 0), .Dim = c(3L, 3L), .Dimnames = list(
        c("-1", "0", "1"), c("A", "C", "T"))), N = 918), Majority = list(
        Freqs = structure(c(0, 0, 0, 3, 494, 1, 1, 522, 0), .Dim = c(3L, 
        3L), .Dimnames = list(c("-1", "0", "1"), c("A", "C", 
        "T"))), N = 1021)), `2` = structure(c(0, 0, 0, 0, 381, 
    1, 0, 422, 0), .Dim = c(3L, 3L), .Dimnames = list(c("-1", 
    "0", "1"), c("A", "C", "T"))))))
