Results <-
list(`bwa.out//20220204//BlindCMMRD76_S35.sam` = list(LR17_SNP1 = list(
    All = list(Freqs = structure(c(5L, 196L, 3493L, 65L, 24L, 
    0L, 0L, 1L, 0L, 0L, 0L, 5L, 133L, 0L, 0L), .Dim = c(5L, 3L
    ), .Dimnames = structure(list(c("-2", "-1", "0", "1", NA), 
        c("A", "G", NA)), .Names = c("", "")), class = "table"), 
        N = 3922L), Tag.Distribution = structure(c(`1` = 72L, 
    `2` = 21L, `3` = 20L, `4` = 16L, `5` = 16L, `6` = 10L, `7` = 19L, 
    `8` = 12L, `9` = 11L, `10` = 16L, `11` = 12L, `12` = 9L, 
    `13` = 9L, `14` = 11L, `15` = 9L, `16` = 4L, `17` = 12L, 
    `18` = 6L, `19` = 8L, `20` = 6L, `21` = 2L, `22` = 7L, `23` = 2L, 
    `24` = 6L, `25` = 7L, `26` = 3L, `27` = 4L, `28` = 1L, `29` = 4L, 
    `30` = 3L, `31` = 2L, `32` = 4L, `33` = 2L, `34` = 1L, `35` = 2L, 
    `37` = 2L, `38` = 1L, `39` = 1L, `43` = 1L, `48` = 1L, `57` = 1L
    ), .Dim = 41L, .Dimnames = list(TagUsage = c("1", "2", "3", 
    "4", "5", "6", "7", "8", "9", "10", "11", "12", "13", "14", 
    "15", "16", "17", "18", "19", "20", "21", "22", "23", "24", 
    "25", "26", "27", "28", "29", "30", "31", "32", "33", "34", 
    "35", "37", "38", "39", "43", "48", "57")), class = "table"), 
    No.Tag = structure(c(0L, 1L, 112L, 5L, 0L, 0L, 0L, 0L, 0L, 
    0L, 0L, 0L, 4L, 0L, 0L), .Dim = c(5L, 3L), .Dimnames = structure(list(
        c("-2", "-1", "0", "1", NA), c("A", "G", NA)), .Names = c("", 
    "")), class = "table"), All.Tags = list(Concordant = list(
        Freqs = structure(c(0, 4, 224, 5, 0, 0, 0, 0), .Dim = c(4L, 
        2L), .Dimnames = list(c("-2", "-1", "0", "1"), c("A", 
        "G"))), N = 233), Majority = list(Freqs = structure(c(0, 
    5, 336, 5, 0, 0, 0, 0), .Dim = c(4L, 2L), .Dimnames = list(
        c("-2", "-1", "0", "1"), c("A", "G"))), N = 346)), `2` = structure(c(0, 
    4, 277, 1, 0, 0, 0, 0), .Dim = c(4L, 2L), .Dimnames = list(
        c("-2", "-1", "0", "1"), c("A", "G"))))))
