Results <-
list(`bwa.out//20220204//BlindCMMRD130_S56.sam` = list(LR44_SNP1 = list(
    All = list(Freqs = structure(c(2L, 23L, 499L, 4400L, 94L, 
    3L, 35L, 0L, 1L, 0L, 4L, 0L, 0L, 0L, 0L, 1L, 1L, 46L, 1L, 
    0L, 0L), .Dim = c(7L, 3L), .Dimnames = structure(list(c("-3", 
    "-2", "-1", "0", "1", "2", NA), c("C", "T", NA)), .Names = c("", 
    "")), class = "table"), N = 5110L), Tag.Distribution = structure(c(`1` = 206L, 
    `2` = 199L, `3` = 134L, `4` = 128L, `5` = 91L, `6` = 83L, 
    `7` = 83L, `8` = 60L, `9` = 40L, `10` = 29L, `11` = 19L, 
    `12` = 16L, `13` = 10L, `14` = 3L, `15` = 3L, `16` = 2L, 
    `17` = 4L, `18` = 1L, `19` = 1L, `20` = 1L, `23` = 1L), .Dim = 21L, .Dimnames = list(
        TagUsage = c("1", "2", "3", "4", "5", "6", "7", "8", 
        "9", "10", "11", "12", "13", "14", "15", "16", "17", 
        "18", "19", "20", "23")), class = "table"), No.Tag = structure(c(1L, 
    2L, 15L, 107L, 2L, 0L, 0L, 0L, 0L, 0L, 1L, 0L, 0L, 0L, 0L, 
    0L, 0L, 2L, 0L, 0L, 0L), .Dim = c(7L, 3L), .Dimnames = structure(list(
        c("-3", "-2", "-1", "0", "1", "2", NA), c("C", "T", NA
        )), .Names = c("", "")), class = "table"), All.Tags = list(
        Concordant = list(Freqs = structure(c(0, 0, 44, 766, 
        4, 0, 0, 1, 0, 2, 0, 0), .Dim = c(6L, 2L), .Dimnames = list(
            c("-3", "-2", "-1", "0", "1", "2"), c("C", "T"))), 
            N = 817), Majority = list(Freqs = structure(c(0, 
        0, 60, 1004, 9, 0, 0, 1, 0, 2, 0, 0), .Dim = c(6L, 2L
        ), .Dimnames = list(c("-3", "-2", "-1", "0", "1", "2"
        ), c("C", "T"))), N = 1076)), `2` = structure(c(0, 0, 
    42, 825, 8, 0, 0, 0, 0, 1, 0, 0), .Dim = c(6L, 2L), .Dimnames = list(
        c("-3", "-2", "-1", "0", "1", "2"), c("C", "T"))))))
