Results <-
list(`bwa.out//20220204//BlindCMMRD77_S36.sam` = list(DEPDC2_SNP1 = list(
    All = list(Freqs = structure(c(0L, 1L, 0L, 0L, 0L, 3L, 0L, 
    0L, 46L, 4186L, 15L, 20L, 0L, 25L, 0L, 0L), .Dim = c(4L, 
    4L), .Dimnames = structure(list(c("-1", "0", "1", NA), c("A", 
    "C", "T", NA)), .Names = c("", "")), class = "table"), N = 4296L), 
    Tag.Distribution = structure(c(`1` = 175L, `2` = 85L, `3` = 86L, 
    `4` = 67L, `5` = 62L, `6` = 44L, `7` = 37L, `8` = 31L, `9` = 32L, 
    `10` = 17L, `11` = 19L, `12` = 17L, `13` = 14L, `14` = 14L, 
    `15` = 9L, `16` = 8L, `17` = 7L, `18` = 8L, `19` = 7L, `20` = 2L, 
    `21` = 7L, `22` = 1L, `25` = 3L, `27` = 3L, `30` = 1L), .Dim = 25L, .Dimnames = list(
        TagUsage = c("1", "2", "3", "4", "5", "6", "7", "8", 
        "9", "10", "11", "12", "13", "14", "15", "16", "17", 
        "18", "19", "20", "21", "22", "25", "27", "30")), class = "table"), 
    No.Tag = structure(c(0L, 0L, 0L, 0L, 0L, 0L, 0L, 0L, 1L, 
    37L, 0L, 1L, 0L, 2L, 0L, 0L), .Dim = c(4L, 4L), .Dimnames = structure(list(
        c("-1", "0", "1", NA), c("A", "C", "T", NA)), .Names = c("", 
    "")), class = "table"), All.Tags = list(Concordant = list(
        Freqs = structure(c(0, 0, 0, 0, 2, 0, 2, 710, 1), .Dim = c(3L, 
        3L), .Dimnames = list(c("-1", "0", "1"), c("A", "C", 
        "T"))), N = 715), Majority = list(Freqs = structure(c(0, 
    0, 0, 0, 2, 0, 5, 740, 1), .Dim = c(3L, 3L), .Dimnames = list(
        c("-1", "0", "1"), c("A", "C", "T"))), N = 748)), `2` = structure(c(0, 
    0, 0, 0, 0, 0, 3, 575, 0), .Dim = c(3L, 3L), .Dimnames = list(
        c("-1", "0", "1"), c("A", "C", "T"))))))
