Results <-
list(`bwa.out//20220204//BlindCMMRD79_S38.sam` = list(GM29_SNP1 = list(
    All = list(Freqs = structure(c(1L, 21L, 1809L, 6L, 3L, 1L, 
    32L, 2115L, 10L, 1L, 0L, 1L, 27L, 1L, 0L), .Dim = c(5L, 3L
    ), .Dimnames = structure(list(c("-3", "-1", "0", "1", NA), 
        c("A", "G", NA)), .Names = c("", "")), class = "table"), 
        N = 4028L), Tag.Distribution = structure(c(`1` = 81L, 
    `2` = 52L, `3` = 54L, `4` = 39L, `5` = 46L, `6` = 32L, `7` = 39L, 
    `8` = 26L, `9` = 13L, `10` = 12L, `11` = 12L, `12` = 20L, 
    `13` = 21L, `14` = 10L, `15` = 4L, `16` = 12L, `17` = 6L, 
    `18` = 13L, `19` = 5L, `20` = 4L, `21` = 2L, `22` = 3L, `23` = 4L, 
    `24` = 4L, `25` = 2L, `26` = 2L, `27` = 4L, `28` = 2L, `29` = 2L, 
    `31` = 1L, `34` = 2L, `35` = 1L), .Dim = 32L, .Dimnames = list(
        TagUsage = c("1", "2", "3", "4", "5", "6", "7", "8", 
        "9", "10", "11", "12", "13", "14", "15", "16", "17", 
        "18", "19", "20", "21", "22", "23", "24", "25", "26", 
        "27", "28", "29", "31", "34", "35")), class = "table"), 
    No.Tag = structure(c(0L, 0L, 25L, 0L, 0L, 0L, 2L, 52L, 0L, 
    0L, 0L, 0L, 4L, 0L, 0L), .Dim = c(5L, 3L), .Dimnames = structure(list(
        c("-3", "-1", "0", "1", NA), c("A", "G", NA)), .Names = c("", 
    "")), class = "table"), All.Tags = list(Concordant = list(
        Freqs = structure(c(0, 0, 196, 0, 0, 0, 227, 1), .Dim = c(4L, 
        2L), .Dimnames = list(c("-3", "-1", "0", "1"), c("A", 
        "G"))), N = 424), Majority = list(Freqs = structure(c(0, 
    0, 245, 0, 0, 0, 278, 1), .Dim = c(4L, 2L), .Dimnames = list(
        c("-3", "-1", "0", "1"), c("A", "G"))), N = 524)), `2` = structure(c(0, 
    0, 209, 0, 0, 0, 237, 0), .Dim = c(4L, 2L), .Dimnames = list(
        c("-3", "-1", "0", "1"), c("A", "G"))))))
