Results <-
list(`bwa.out//20220204//Control25_S18.sam` = list(DEPDC2_SNP1 = list(
    All = list(Freqs = structure(c(9L, 1187L, 4L, 3L, 7L, 1281L, 
    6L, 3L, 0L, 29L, 0L, 0L), .Dim = 4:3, .Dimnames = structure(list(
        c("-1", "0", "1", NA), c("C", "T", NA)), .Names = c("", 
    "")), class = "table"), N = 2529L), Tag.Distribution = structure(c(`1` = 115L, 
    `2` = 45L, `3` = 38L, `4` = 29L, `5` = 34L, `6` = 30L, `7` = 33L, 
    `8` = 27L, `9` = 12L, `10` = 12L, `11` = 15L, `12` = 8L, 
    `13` = 3L, `14` = 12L, `15` = 3L, `16` = 7L, `17` = 5L, `18` = 1L, 
    `20` = 2L, `21` = 1L, `22` = 1L, `23` = 2L, `24` = 1L, `27` = 1L, 
    `28` = 1L, `35` = 1L), .Dim = 26L, .Dimnames = list(TagUsage = c("1", 
    "2", "3", "4", "5", "6", "7", "8", "9", "10", "11", "12", 
    "13", "14", "15", "16", "17", "18", "20", "21", "22", "23", 
    "24", "27", "28", "35")), class = "table"), No.Tag = structure(c(0L, 
    59L, 1L, 1L, 0L, 35L, 0L, 0L, 0L, 2L, 0L, 0L), .Dim = 4:3, .Dimnames = structure(list(
        c("-1", "0", "1", NA), c("C", "T", NA)), .Names = c("", 
    "")), class = "table"), All.Tags = list(Concordant = list(
        Freqs = structure(c(0, 196, 0, 0, 201, 0), .Dim = 3:2, .Dimnames = list(
            c("-1", "0", "1"), c("C", "T"))), N = 397), Majority = list(
        Freqs = structure(c(0, 214, 0, 0, 214, 0), .Dim = 3:2, .Dimnames = list(
            c("-1", "0", "1"), c("C", "T"))), N = 428)), `2` = structure(c(0, 
    160, 0, 0, 159, 0), .Dim = 3:2, .Dimnames = list(c("-1", 
    "0", "1"), c("C", "T"))))))
