Results <-
list(`bwa.out//20220204//BlindCMMRD123_S49.sam` = list(GM26_SNP1 = list(
    All = list(Freqs = structure(c(0L, 10L, 2175L, 5L, 0L, 2L, 
    2L, 13L, 2287L, 6L, 2L, 4L, 0L, 1L, 59L, 0L, 0L, 0L), .Dim = c(6L, 
    3L), .Dimnames = structure(list(c("-2", "-1", "0", "1", "2", 
    NA), c("A", "G", NA)), .Names = c("", "")), class = "table"), 
        N = 4566L), Tag.Distribution = structure(c(`1` = 239L, 
    `2` = 187L, `3` = 152L, `4` = 101L, `5` = 88L, `6` = 77L, 
    `7` = 63L, `8` = 55L, `9` = 25L, `10` = 18L, `11` = 17L, 
    `12` = 12L, `13` = 9L, `14` = 9L, `15` = 12L, `17` = 2L, 
    `19` = 1L, `26` = 1L, `28` = 1L), .Dim = 19L, .Dimnames = list(
        TagUsage = c("1", "2", "3", "4", "5", "6", "7", "8", 
        "9", "10", "11", "12", "13", "14", "15", "17", "19", 
        "26", "28")), class = "table"), No.Tag = structure(c(0L, 
    0L, 27L, 0L, 0L, 1L, 0L, 0L, 14L, 0L, 0L, 0L, 0L, 0L, 2L, 
    0L, 0L, 0L), .Dim = c(6L, 3L), .Dimnames = structure(list(
        c("-2", "-1", "0", "1", "2", NA), c("A", "G", NA)), .Names = c("", 
    "")), class = "table"), All.Tags = list(Concordant = list(
        Freqs = structure(c(0, 2, 475, 1, 0, 0, 0, 447, 3, 0), .Dim = c(5L, 
        2L), .Dimnames = list(c("-2", "-1", "0", "1", "2"), c("A", 
        "G"))), N = 928), Majority = list(Freqs = structure(c(0, 
    2, 535, 1, 0, 0, 0, 510, 3, 0), .Dim = c(5L, 2L), .Dimnames = list(
        c("-2", "-1", "0", "1", "2"), c("A", "G"))), N = 1051)), 
    `2` = structure(c(0, 0, 415, 0, 0, 0, 0, 402, 0, 0), .Dim = c(5L, 
    2L), .Dimnames = list(c("-2", "-1", "0", "1", "2"), c("A", 
    "G"))))))
