Results <-
list(`bwa.out//20220204//Control25_S18.sam` = list(LR17_SNP1 = list(
    All = list(Freqs = structure(c(1L, 77L, 2209L, 34L, 2L, 10L, 
    0L, 0L, 1L, 0L, 0L, 0L, 0L, 0L, 45L, 0L, 0L, 0L), .Dim = c(6L, 
    3L), .Dimnames = structure(list(c("-2", "-1", "0", "1", "2", 
    NA), c("A", "T", NA)), .Names = c("", "")), class = "table"), 
        N = 2379L), Tag.Distribution = structure(c(`1` = 39L, 
    `2` = 18L, `3` = 12L, `4` = 11L, `5` = 15L, `6` = 12L, `7` = 15L, 
    `8` = 12L, `9` = 12L, `10` = 12L, `11` = 6L, `12` = 8L, `13` = 4L, 
    `14` = 6L, `15` = 7L, `16` = 8L, `17` = 4L, `18` = 5L, `19` = 3L, 
    `20` = 5L, `21` = 1L, `22` = 5L, `23` = 3L, `24` = 2L, `25` = 2L, 
    `26` = 3L, `27` = 2L, `28` = 2L, `30` = 1L, `35` = 1L, `36` = 1L, 
    `37` = 1L, `39` = 1L, `55` = 1L), .Dim = 34L, .Dimnames = list(
        TagUsage = c("1", "2", "3", "4", "5", "6", "7", "8", 
        "9", "10", "11", "12", "13", "14", "15", "16", "17", 
        "18", "19", "20", "21", "22", "23", "24", "25", "26", 
        "27", "28", "30", "35", "36", "37", "39", "55")), class = "table"), 
    No.Tag = structure(c(0L, 3L, 78L, 2L, 0L, 1L, 0L, 0L, 0L, 
    0L, 0L, 0L, 0L, 0L, 0L, 0L, 0L, 0L), .Dim = c(6L, 3L), .Dimnames = structure(list(
        c("-2", "-1", "0", "1", "2", NA), c("A", "T", NA)), .Names = c("", 
    "")), class = "table"), All.Tags = list(Concordant = list(
        Freqs = structure(c(0, 1, 165, 0, 0, 0, 0, 0, 0, 0), .Dim = c(5L, 
        2L), .Dimnames = list(c("-2", "-1", "0", "1", "2"), c("A", 
        "T"))), N = 166), Majority = list(Freqs = structure(c(0, 
    2, 230, 0, 0, 0, 0, 0, 0, 0), .Dim = c(5L, 2L), .Dimnames = list(
        c("-2", "-1", "0", "1", "2"), c("A", "T"))), N = 232)), 
    `2` = structure(c(0, 1, 197, 0, 0, 0, 0, 0, 0, 0), .Dim = c(5L, 
    2L), .Dimnames = list(c("-2", "-1", "0", "1", "2"), c("A", 
    "T"))))))
