Results <-
list(`bwa.out//20220204//16D2889_S4.sam` = list(GM26_SNP1 = list(
    All = list(Freqs = structure(c(38L, 3807L, 12L, 6L, 0L, 5L, 
    0L, 0L, 1L, 40L, 0L, 0L), .Dim = 4:3, .Dimnames = structure(list(
        c("-1", "0", "1", NA), c("A", "G", NA)), .Names = c("", 
    "")), class = "table"), N = 3909L), Tag.Distribution = structure(c(`1` = 221L, 
    `2` = 123L, `3` = 102L, `4` = 74L, `5` = 49L, `6` = 46L, 
    `7` = 42L, `8` = 27L, `9` = 22L, `10` = 18L, `11` = 15L, 
    `12` = 12L, `13` = 8L, `14` = 5L, `15` = 8L, `16` = 7L, `17` = 7L, 
    `18` = 6L, `19` = 5L, `20` = 3L, `22` = 3L, `23` = 1L, `25` = 3L, 
    `28` = 2L, `35` = 2L), .Dim = 25L, .Dimnames = list(TagUsage = c("1", 
    "2", "3", "4", "5", "6", "7", "8", "9", "10", "11", "12", 
    "13", "14", "15", "16", "17", "18", "19", "20", "22", "23", 
    "25", "28", "35")), class = "table"), No.Tag = structure(c(0L, 
    39L, 1L, 1L, 0L, 0L, 0L, 0L, 0L, 3L, 0L, 0L), .Dim = 4:3, .Dimnames = structure(list(
        c("-1", "0", "1", NA), c("A", "G", NA)), .Names = c("", 
    "")), class = "table"), All.Tags = list(Concordant = list(
        Freqs = structure(c(4, 761, 1, 0, 3, 0), .Dim = 3:2, .Dimnames = list(
            c("-1", "0", "1"), c("A", "G"))), N = 769), Majority = list(
        Freqs = structure(c(4, 793, 1, 0, 3, 0), .Dim = 3:2, .Dimnames = list(
            c("-1", "0", "1"), c("A", "G"))), N = 801)), `2` = structure(c(1, 
    584, 0, 0, 0, 0), .Dim = 3:2, .Dimnames = list(c("-1", "0", 
    "1"), c("A", "G"))))))
