Results <-
list(`bwa.out//20220204//BlindCMMRD89_S48.sam` = list(GM29_SNP1 = list(
    All = list(Freqs = structure(c(21L, 2291L, 6L, 3L, 32L, 2055L, 
    6L, 5L, 0L, 1L, 0L, 0L, 1L, 37L, 0L, 0L), .Dim = c(4L, 4L
    ), .Dimnames = structure(list(c("-1", "0", "1", NA), c("A", 
    "G", "T", NA)), .Names = c("", "")), class = "table"), N = 4458L), 
    Tag.Distribution = structure(c(`1` = 101L, `2` = 67L, `3` = 46L, 
    `4` = 49L, `5` = 31L, `6` = 27L, `7` = 28L, `8` = 30L, `9` = 26L, 
    `10` = 17L, `11` = 18L, `12` = 13L, `13` = 12L, `14` = 8L, 
    `15` = 8L, `16` = 7L, `17` = 6L, `18` = 8L, `19` = 5L, `20` = 4L, 
    `21` = 3L, `22` = 5L, `23` = 2L, `24` = 5L, `25` = 2L, `26` = 1L, 
    `27` = 3L, `28` = 3L, `29` = 2L, `30` = 2L, `31` = 3L, `33` = 2L, 
    `34` = 1L, `35` = 2L, `36` = 2L, `37` = 2L, `40` = 2L, `46` = 1L, 
    `49` = 1L, `50` = 1L), .Dim = 40L, .Dimnames = list(TagUsage = c("1", 
    "2", "3", "4", "5", "6", "7", "8", "9", "10", "11", "12", 
    "13", "14", "15", "16", "17", "18", "19", "20", "21", "22", 
    "23", "24", "25", "26", "27", "28", "29", "30", "31", "33", 
    "34", "35", "36", "37", "40", "46", "49", "50")), class = "table"), 
    No.Tag = structure(c(0L, 91L, 0L, 0L, 0L, 33L, 0L, 0L, 0L, 
    0L, 0L, 0L, 0L, 1L, 0L, 0L), .Dim = c(4L, 4L), .Dimnames = structure(list(
        c("-1", "0", "1", NA), c("A", "G", "T", NA)), .Names = c("", 
    "")), class = "table"), All.Tags = list(Concordant = list(
        Freqs = structure(c(0, 219, 0, 0, 214, 0, 0, 0, 0), .Dim = c(3L, 
        3L), .Dimnames = list(c("-1", "0", "1"), c("A", "G", 
        "T"))), N = 433), Majority = list(Freqs = structure(c(0, 
    273, 0, 0, 269, 0, 0, 0, 0), .Dim = c(3L, 3L), .Dimnames = list(
        c("-1", "0", "1"), c("A", "G", "T"))), N = 542)), `2` = structure(c(0, 
    228, 0, 0, 221, 0, 0, 0, 0), .Dim = c(3L, 3L), .Dimnames = list(
        c("-1", "0", "1"), c("A", "G", "T"))))))
