Results <-
list(`bwa.out//20220204//BlindCMMRD81_S40.sam` = list(GM09_SNP1 = list(
    All = list(Freqs = structure(c(34L, 5825L, 7L, 1L, 0L, 7L, 
    0L, 0L, 0L, 24L, 0L, 0L), .Dim = 4:3, .Dimnames = structure(list(
        c("-1", "0", "1", NA), c("A", "G", NA)), .Names = c("", 
    "")), class = "table"), N = 5898L), Tag.Distribution = structure(c(`1` = 119L, 
    `2` = 74L, `3` = 71L, `4` = 52L, `5` = 47L, `6` = 41L, `7` = 47L, 
    `8` = 36L, `9` = 32L, `10` = 23L, `11` = 34L, `12` = 19L, 
    `13` = 17L, `14` = 17L, `15` = 11L, `16` = 9L, `17` = 12L, 
    `18` = 8L, `19` = 12L, `20` = 5L, `21` = 6L, `22` = 7L, `23` = 10L, 
    `24` = 4L, `25` = 5L, `26` = 2L, `27` = 1L, `28` = 3L, `29` = 2L, 
    `31` = 4L, `33` = 3L, `35` = 1L, `36` = 1L, `37` = 1L, `38` = 1L, 
    `39` = 1L, `51` = 1L), .Dim = 37L, .Dimnames = list(TagUsage = c("1", 
    "2", "3", "4", "5", "6", "7", "8", "9", "10", "11", "12", 
    "13", "14", "15", "16", "17", "18", "19", "20", "21", "22", 
    "23", "24", "25", "26", "27", "28", "29", "31", "33", "35", 
    "36", "37", "38", "39", "51")), class = "table"), No.Tag = structure(c(2L, 
    134L, 0L, 0L, 0L, 0L, 0L, 0L, 0L, 1L, 0L, 0L), .Dim = 4:3, .Dimnames = structure(list(
        c("-1", "0", "1", NA), c("A", "G", NA)), .Names = c("", 
    "")), class = "table"), All.Tags = list(Concordant = list(
        Freqs = structure(c(2, 694, 0, 0, 5, 0), .Dim = 3:2, .Dimnames = list(
            c("-1", "0", "1"), c("A", "G"))), N = 701), Majority = list(
        Freqs = structure(c(2, 725, 0, 0, 5, 0), .Dim = 3:2, .Dimnames = list(
            c("-1", "0", "1"), c("A", "G"))), N = 732)), `2` = structure(c(0, 
    618, 0, 0, 0, 0), .Dim = 3:2, .Dimnames = list(c("-1", "0", 
    "1"), c("A", "G"))))))
