Results <-
list(`bwa.out//20220204//BlindCMMRD120_S46.sam` = list(GM01_SNP1 = list(
    All = list(Freqs = structure(c(1L, 106L, 7619L, 29L, 1L, 
    36L, 0L, 0L, 7L, 0L, 0L, 0L, 0L, 1L, 36L, 0L, 0L, 0L), .Dim = c(6L, 
    3L), .Dimnames = structure(list(c("-2", "-1", "0", "1", "2", 
    NA), c("A", "G", NA)), .Names = c("", "")), class = "table"), 
        N = 7836L), Tag.Distribution = structure(c(`1` = 279L, 
    `2` = 213L, `3` = 209L, `4` = 163L, `5` = 129L, `6` = 115L, 
    `7` = 71L, `8` = 58L, `9` = 46L, `10` = 40L, `11` = 28L, 
    `12` = 34L, `13` = 18L, `14` = 13L, `15` = 16L, `16` = 11L, 
    `17` = 11L, `18` = 12L, `19` = 7L, `20` = 5L, `21` = 4L, 
    `22` = 3L, `23` = 1L, `24` = 2L, `25` = 1L, `26` = 1L, `27` = 1L, 
    `30` = 1L, `33` = 1L, `36` = 1L, `48` = 1L), .Dim = 31L, .Dimnames = list(
        TagUsage = c("1", "2", "3", "4", "5", "6", "7", "8", 
        "9", "10", "11", "12", "13", "14", "15", "16", "17", 
        "18", "19", "20", "21", "22", "23", "24", "25", "26", 
        "27", "30", "33", "36", "48")), class = "table"), No.Tag = structure(c(0L, 
    2L, 107L, 0L, 0L, 1L, 0L, 0L, 0L, 0L, 0L, 0L, 0L, 0L, 2L, 
    0L, 0L, 0L), .Dim = c(6L, 3L), .Dimnames = structure(list(
        c("-2", "-1", "0", "1", "2", NA), c("A", "G", NA)), .Names = c("", 
    "")), class = "table"), All.Tags = list(Concordant = list(
        Freqs = structure(c(0, 6, 1375, 2, 0, 0, 0, 4, 0, 0), .Dim = c(5L, 
        2L), .Dimnames = list(c("-2", "-1", "0", "1", "2"), c("A", 
        "G"))), N = 1387), Majority = list(Freqs = structure(c(0, 
    9, 1473, 2, 0, 0, 0, 4, 0, 0), .Dim = c(5L, 2L), .Dimnames = list(
        c("-2", "-1", "0", "1", "2"), c("A", "G"))), N = 1488)), 
    `2` = structure(c(0, 4, 1208, 0, 0, 0, 0, 0, 0, 0), .Dim = c(5L, 
    2L), .Dimnames = list(c("-2", "-1", "0", "1", "2"), c("A", 
    "G"))))))
