Results <-
list(`bwa.out//20220204//Control11_S4.sam` = list(LR52_SNP1 = list(
    All = list(Freqs = structure(c(1L, 15L, 223L, 2258L, 20L, 
    1L, 8L, 0L, 0L, 0L, 2L, 0L, 0L, 0L, 0L, 0L, 0L, 3L, 0L, 0L, 
    0L, 0L, 0L, 4L, 95L, 0L, 0L, 0L), .Dim = c(7L, 4L), .Dimnames = structure(list(
        c("-3", "-2", "-1", "0", "1", "2", NA), c("C", "G", "T", 
        NA)), .Names = c("", "")), class = "table"), N = 2630L), 
    Tag.Distribution = structure(c(`1` = 69L, `2` = 47L, `3` = 47L, 
    `4` = 30L, `5` = 33L, `6` = 23L, `7` = 20L, `8` = 14L, `9` = 22L, 
    `10` = 16L, `11` = 9L, `12` = 11L, `13` = 6L, `14` = 9L, 
    `15` = 6L, `16` = 7L, `17` = 8L, `18` = 5L, `20` = 4L, `21` = 7L, 
    `22` = 2L, `25` = 3L, `30` = 1L), .Dim = 23L, .Dimnames = list(
        TagUsage = c("1", "2", "3", "4", "5", "6", "7", "8", 
        "9", "10", "11", "12", "13", "14", "15", "16", "17", 
        "18", "20", "21", "22", "25", "30")), class = "table"), 
    No.Tag = structure(c(0L, 0L, 7L, 40L, 0L, 0L, 1L, 0L, 0L, 
    0L, 0L, 0L, 0L, 0L, 0L, 0L, 0L, 0L, 0L, 0L, 0L, 0L, 0L, 2L, 
    4L, 0L, 0L, 0L), .Dim = c(7L, 4L), .Dimnames = structure(list(
        c("-3", "-2", "-1", "0", "1", "2", NA), c("C", "G", "T", 
        NA)), .Names = c("", "")), class = "table"), All.Tags = list(
        Concordant = list(Freqs = structure(c(0, 0, 5, 233, 0, 
        0, 0, 0, 0, 0, 0, 0, 0, 0, 0, 2, 0, 0), .Dim = c(6L, 
        3L), .Dimnames = list(c("-3", "-2", "-1", "0", "1", "2"
        ), c("C", "G", "T"))), N = 240), Majority = list(Freqs = structure(c(0, 
        0, 8, 372, 0, 0, 0, 0, 0, 0, 0, 0, 0, 0, 0, 2, 0, 0), .Dim = c(6L, 
        3L), .Dimnames = list(c("-3", "-2", "-1", "0", "1", "2"
        ), c("C", "G", "T"))), N = 382)), `2` = structure(c(0, 
    0, 4, 316, 0, 0, 0, 0, 0, 0, 0, 0, 0, 0, 0, 0, 0, 0), .Dim = c(6L, 
    3L), .Dimnames = list(c("-3", "-2", "-1", "0", "1", "2"), 
        c("C", "G", "T"))))))
