Results <-
list(`bwa.out//20220204//Control23_S16.sam` = list(LR24_SNP1 = list(
    All = list(Freqs = structure(c(9L, 2948L, 4L, 4L, 0L, 2L, 
    0L, 0L, 0L, 22L, 1L, 0L), .Dim = 4:3, .Dimnames = structure(list(
        c("-1", "0", "1", NA), c("A", "G", NA)), .Names = c("", 
    "")), class = "table"), N = 2990L), Tag.Distribution = structure(c(`1` = 179L, 
    `2` = 99L, `3` = 87L, `4` = 67L, `5` = 55L, `6` = 34L, `7` = 30L, 
    `8` = 25L, `9` = 18L, `10` = 18L, `11` = 13L, `12` = 4L, 
    `13` = 9L, `14` = 5L, `15` = 4L, `16` = 3L, `17` = 3L, `18` = 2L, 
    `19` = 1L, `20` = 1L, `21` = 1L, `22` = 2L, `23` = 1L, `25` = 1L, 
    `31` = 1L), .Dim = 25L, .Dimnames = list(TagUsage = c("1", 
    "2", "3", "4", "5", "6", "7", "8", "9", "10", "11", "12", 
    "13", "14", "15", "16", "17", "18", "19", "20", "21", "22", 
    "23", "25", "31")), class = "table"), No.Tag = structure(c(0L, 
    95L, 0L, 1L, 0L, 0L, 0L, 0L, 0L, 1L, 0L, 0L), .Dim = 4:3, .Dimnames = structure(list(
        c("-1", "0", "1", NA), c("A", "G", NA)), .Names = c("", 
    "")), class = "table"), All.Tags = list(Concordant = list(
        Freqs = structure(c(0, 640, 1, 0, 1, 0), .Dim = 3:2, .Dimnames = list(
            c("-1", "0", "1"), c("A", "G"))), N = 642), Majority = list(
        Freqs = structure(c(0, 652, 1, 0, 1, 0), .Dim = 3:2, .Dimnames = list(
            c("-1", "0", "1"), c("A", "G"))), N = 654)), `2` = structure(c(0, 
    483, 0, 0, 0, 0), .Dim = 3:2, .Dimnames = list(c("-1", "0", 
    "1"), c("A", "G"))))))
