Results <-
list(`bwa.out//20220204//BlindCMMRD96_S55.sam` = list(GM07_SNP1 = list(
    All = list(Freqs = structure(c(0L, 0L, 10L, 0L, 1L, 1L, 113L, 
    2659L, 45L, 30L, 0L, 2L, 56L, 3L, 0L), .Dim = c(5L, 3L), .Dimnames = structure(list(
        c("-2", "-1", "0", "1", NA), c("A", "G", NA)), .Names = c("", 
    "")), class = "table"), N = 2920L), Tag.Distribution = structure(c(`1` = 131L, 
    `2` = 69L, `3` = 56L, `4` = 52L, `5` = 32L, `6` = 35L, `7` = 29L, 
    `8` = 21L, `9` = 21L, `10` = 15L, `11` = 11L, `12` = 7L, 
    `13` = 3L, `14` = 9L, `15` = 9L, `16` = 5L, `17` = 4L, `18` = 2L, 
    `19` = 1L, `20` = 2L, `21` = 3L, `22` = 4L, `23` = 3L, `30` = 1L
    ), .Dim = 24L, .Dimnames = list(TagUsage = c("1", "2", "3", 
    "4", "5", "6", "7", "8", "9", "10", "11", "12", "13", "14", 
    "15", "16", "17", "18", "19", "20", "21", "22", "23", "30"
    )), class = "table"), No.Tag = structure(c(0L, 0L, 1L, 0L, 
    0L, 0L, 7L, 180L, 1L, 2L, 0L, 0L, 6L, 0L, 0L), .Dim = c(5L, 
    3L), .Dimnames = structure(list(c("-2", "-1", "0", "1", NA
    ), c("A", "G", NA)), .Names = c("", "")), class = "table"), 
    All.Tags = list(Concordant = list(Freqs = structure(c(0, 
    0, 7, 0, 0, 9, 390, 2), .Dim = c(4L, 2L), .Dimnames = list(
        c("-2", "-1", "0", "1"), c("A", "G"))), N = 408), Majority = list(
        Freqs = structure(c(0, 0, 7, 0, 0, 11, 491, 2), .Dim = c(4L, 
        2L), .Dimnames = list(c("-2", "-1", "0", "1"), c("A", 
        "G"))), N = 511)), `2` = structure(c(0, 0, 0, 0, 0, 3, 
    385, 0), .Dim = c(4L, 2L), .Dimnames = list(c("-2", "-1", 
    "0", "1"), c("A", "G"))))))
