Results <-
list(`bwa.out//20220204//BlindCMMRD91_S50.sam` = list(GM11_SNP1 = list(
    All = list(Freqs = structure(c(1L, 9L, 2365L, 7L, 0L, 0L, 
    16L, 2473L, 14L, 3L, 0L, 0L, 16L, 0L, 0L), .Dim = c(5L, 3L
    ), .Dimnames = structure(list(c("-2", "-1", "0", "1", NA), 
        c("A", "G", NA)), .Names = c("", "")), class = "table"), 
        N = 4904L), Tag.Distribution = structure(c(`1` = 110L, 
    `2` = 55L, `3` = 42L, `4` = 45L, `5` = 41L, `6` = 20L, `7` = 31L, 
    `8` = 35L, `9` = 30L, `10` = 28L, `11` = 16L, `12` = 15L, 
    `13` = 12L, `14` = 12L, `15` = 6L, `16` = 10L, `17` = 10L, 
    `18` = 11L, `19` = 8L, `20` = 5L, `21` = 4L, `22` = 8L, `23` = 2L, 
    `24` = 8L, `25` = 6L, `26` = 5L, `27` = 4L, `28` = 2L, `29` = 3L, 
    `30` = 5L, `32` = 2L, `33` = 1L, `37` = 1L, `42` = 1L, `51` = 1L
    ), .Dim = 35L, .Dimnames = list(TagUsage = c("1", "2", "3", 
    "4", "5", "6", "7", "8", "9", "10", "11", "12", "13", "14", 
    "15", "16", "17", "18", "19", "20", "21", "22", "23", "24", 
    "25", "26", "27", "28", "29", "30", "32", "33", "37", "42", 
    "51")), class = "table"), No.Tag = structure(c(0L, 0L, 30L, 
    0L, 0L, 0L, 0L, 20L, 0L, 0L, 0L, 0L, 0L, 0L, 0L), .Dim = c(5L, 
    3L), .Dimnames = structure(list(c("-2", "-1", "0", "1", NA
    ), c("A", "G", NA)), .Names = c("", "")), class = "table"), 
    All.Tags = list(Concordant = list(Freqs = structure(c(0, 
    2, 259, 0, 0, 0, 258, 0), .Dim = c(4L, 2L), .Dimnames = list(
        c("-2", "-1", "0", "1"), c("A", "G"))), N = 519), Majority = list(
        Freqs = structure(c(0, 2, 286, 0, 0, 0, 298, 0), .Dim = c(4L, 
        2L), .Dimnames = list(c("-2", "-1", "0", "1"), c("A", 
        "G"))), N = 586)), `2` = structure(c(0, 1, 232, 0, 0, 
    0, 249, 0), .Dim = c(4L, 2L), .Dimnames = list(c("-2", "-1", 
    "0", "1"), c("A", "G"))))))
