Results <-
list(`bwa.out//20220204//BlindCMMRD122_S48.sam` = list(GM26_SNP1 = list(
    All = list(Freqs = structure(c(1L, 31L, 4677L, 15L, 12L, 
    0L, 0L, 1L, 0L, 0L, 0L, 3L, 32L, 0L, 0L), .Dim = c(5L, 3L
    ), .Dimnames = structure(list(c("-2", "-1", "0", "1", NA), 
        c("A", "G", NA)), .Names = c("", "")), class = "table"), 
        N = 4772L), Tag.Distribution = structure(c(`1` = 240L, 
    `2` = 159L, `3` = 125L, `4` = 92L, `5` = 70L, `6` = 60L, 
    `7` = 49L, `8` = 46L, `9` = 28L, `10` = 23L, `11` = 26L, 
    `12` = 13L, `13` = 10L, `14` = 11L, `15` = 10L, `16` = 5L, 
    `17` = 7L, `18` = 7L, `19` = 2L, `20` = 3L, `21` = 1L, `22` = 1L, 
    `24` = 2L, `26` = 1L, `30` = 1L, `32` = 1L), .Dim = 26L, .Dimnames = list(
        TagUsage = c("1", "2", "3", "4", "5", "6", "7", "8", 
        "9", "10", "11", "12", "13", "14", "15", "16", "17", 
        "18", "19", "20", "21", "22", "24", "26", "30", "32")), class = "table"), 
    No.Tag = structure(c(0L, 0L, 82L, 1L, 2L, 0L, 0L, 0L, 0L, 
    0L, 0L, 0L, 5L, 0L, 0L), .Dim = c(5L, 3L), .Dimnames = structure(list(
        c("-2", "-1", "0", "1", NA), c("A", "G", NA)), .Names = c("", 
    "")), class = "table"), All.Tags = list(Concordant = list(
        Freqs = structure(c(0, 4, 943, 0, 0, 0, 1, 0), .Dim = c(4L, 
        2L), .Dimnames = list(c("-2", "-1", "0", "1"), c("A", 
        "G"))), N = 948), Majority = list(Freqs = structure(c(0, 
    4, 980, 0, 0, 0, 1, 0), .Dim = c(4L, 2L), .Dimnames = list(
        c("-2", "-1", "0", "1"), c("A", "G"))), N = 985)), `2` = structure(c(0, 
    0, 750, 0, 0, 0, 0, 0), .Dim = c(4L, 2L), .Dimnames = list(
        c("-2", "-1", "0", "1"), c("A", "G"))))))
