Results <-
list(`bwa.out//20220204//BlindCMMRD55_S14.sam` = list(LR49_SNP1 = list(
    All = list(Freqs = structure(c(7L, 1643L, 3L, 4L, 1712L, 
    3L, 0L, 24L, 0L), .Dim = c(3L, 3L), .Dimnames = structure(list(
        c("-1", "0", NA), c("A", "G", NA)), .Names = c("", ""
    )), class = "table"), N = 3396L), Tag.Distribution = structure(c(`1` = 92L, 
    `2` = 52L, `3` = 40L, `4` = 37L, `5` = 25L, `6` = 27L, `7` = 26L, 
    `8` = 28L, `9` = 9L, `10` = 20L, `11` = 14L, `12` = 17L, 
    `13` = 8L, `14` = 13L, `15` = 8L, `16` = 9L, `17` = 5L, `18` = 5L, 
    `19` = 1L, `20` = 8L, `21` = 5L, `22` = 3L, `23` = 2L, `24` = 1L, 
    `25` = 2L, `26` = 1L, `27` = 2L, `28` = 3L, `29` = 1L, `30` = 1L, 
    `31` = 1L, `32` = 1L), .Dim = 32L, .Dimnames = list(TagUsage = c("1", 
    "2", "3", "4", "5", "6", "7", "8", "9", "10", "11", "12", 
    "13", "14", "15", "16", "17", "18", "19", "20", "21", "22", 
    "23", "24", "25", "26", "27", "28", "29", "30", "31", "32"
    )), class = "table"), No.Tag = structure(c(0L, 56L, 0L, 1L, 
    56L, 2L, 0L, 4L, 0L), .Dim = c(3L, 3L), .Dimnames = structure(list(
        c("-1", "0", NA), c("A", "G", NA)), .Names = c("", ""
    )), class = "table"), All.Tags = list(Concordant = list(Freqs = structure(c(1, 
    213, 0, 225), .Dim = c(2L, 2L), .Dimnames = list(c("-1", 
    "0"), c("A", "G"))), N = 439), Majority = list(Freqs = structure(c(1, 
    223, 0, 237), .Dim = c(2L, 2L), .Dimnames = list(c("-1", 
    "0"), c("A", "G"))), N = 461)), `2` = structure(c(1, 171, 
    0, 200), .Dim = c(2L, 2L), .Dimnames = list(c("-1", "0"), 
        c("A", "G"))))))
