Results <-
list(`bwa.out//20220204//BlindCMMRD86_S45.sam` = list(LR20_SNP1 = list(
    All = list(Freqs = structure(c(0L, 2L, 1909L, 4L, 1L, 1L, 
    17L, 1795L, 4L, 1L, 0L, 1L, 14L, 0L, 0L), .Dim = c(5L, 3L
    ), .Dimnames = structure(list(c("-2", "-1", "0", "1", NA), 
        c("A", "G", NA)), .Names = c("", "")), class = "table"), 
        N = 3749L), Tag.Distribution = structure(c(`1` = 170L, 
    `2` = 113L, `3` = 95L, `4` = 78L, `5` = 62L, `6` = 43L, `7` = 44L, 
    `8` = 28L, `9` = 30L, `10` = 13L, `11` = 10L, `12` = 19L, 
    `13` = 14L, `14` = 5L, `15` = 8L, `16` = 4L, `17` = 5L, `18` = 2L, 
    `19` = 3L, `20` = 1L, `21` = 2L, `22` = 1L, `24` = 1L, `25` = 1L, 
    `30` = 1L, `32` = 1L), .Dim = 26L, .Dimnames = list(TagUsage = c("1", 
    "2", "3", "4", "5", "6", "7", "8", "9", "10", "11", "12", 
    "13", "14", "15", "16", "17", "18", "19", "20", "21", "22", 
    "24", "25", "30", "32")), class = "table"), No.Tag = structure(c(0L, 
    1L, 61L, 0L, 1L, 0L, 0L, 44L, 0L, 0L, 0L, 0L, 2L, 0L, 0L), .Dim = c(5L, 
    3L), .Dimnames = structure(list(c("-2", "-1", "0", "1", NA
    ), c("A", "G", NA)), .Names = c("", "")), class = "table"), 
    All.Tags = list(Concordant = list(Freqs = structure(c(0, 
    0, 329, 0, 0, 0, 337, 0), .Dim = c(4L, 2L), .Dimnames = list(
        c("-2", "-1", "0", "1"), c("A", "G"))), N = 666), Majority = list(
        Freqs = structure(c(0, 0, 368, 0, 0, 1, 370, 0), .Dim = c(4L, 
        2L), .Dimnames = list(c("-2", "-1", "0", "1"), c("A", 
        "G"))), N = 739)), `2` = structure(c(0, 0, 303, 0, 0, 
    1, 268, 0), .Dim = c(4L, 2L), .Dimnames = list(c("-2", "-1", 
    "0", "1"), c("A", "G"))))))
