Results <-
list(`bwa.out//20220204//Control13_S6.sam` = list(LR11_SNP1 = list(
    All = list(Freqs = structure(c(0L, 0L, 1L, 0L, 0L, 0L, 2L, 
    27L, 1971L, 13L, 1L, 3L, 1L, 0L, 16L, 0L, 0L, 0L), .Dim = c(6L, 
    3L), .Dimnames = structure(list(c("-2", "-1", "0", "1", "2", 
    NA), c("A", "C", NA)), .Names = c("", "")), class = "table"), 
        N = 2035L), Tag.Distribution = structure(c(`1` = 84L, 
    `2` = 49L, `3` = 39L, `4` = 30L, `5` = 27L, `6` = 22L, `7` = 26L, 
    `8` = 18L, `9` = 16L, `10` = 13L, `11` = 10L, `12` = 11L, 
    `13` = 4L, `14` = 4L, `15` = 6L, `16` = 4L, `17` = 3L, `18` = 1L, 
    `19` = 2L, `20` = 2L, `21` = 2L, `27` = 1L), .Dim = 22L, .Dimnames = list(
        TagUsage = c("1", "2", "3", "4", "5", "6", "7", "8", 
        "9", "10", "11", "12", "13", "14", "15", "16", "17", 
        "18", "19", "20", "21", "27")), class = "table"), No.Tag = structure(c(0L, 
    0L, 1L, 0L, 0L, 0L, 0L, 1L, 26L, 0L, 0L, 0L, 0L, 0L, 1L, 
    0L, 0L, 0L), .Dim = c(6L, 3L), .Dimnames = structure(list(
        c("-2", "-1", "0", "1", "2", NA), c("A", "C", NA)), .Names = c("", 
    "")), class = "table"), All.Tags = list(Concordant = list(
        Freqs = structure(c(0, 0, 0, 0, 0, 0, 2, 338, 1, 0), .Dim = c(5L, 
        2L), .Dimnames = list(c("-2", "-1", "0", "1", "2"), c("A", 
        "C"))), N = 341), Majority = list(Freqs = structure(c(0, 
    0, 0, 0, 0, 0, 2, 368, 1, 0), .Dim = c(5L, 2L), .Dimnames = list(
        c("-2", "-1", "0", "1", "2"), c("A", "C"))), N = 371)), 
    `2` = structure(c(0, 0, 0, 0, 0, 0, 0, 288, 0, 0), .Dim = c(5L, 
    2L), .Dimnames = list(c("-2", "-1", "0", "1", "2"), c("A", 
    "C"))))))
