Results <-
list(`bwa.out//20220204//BlindCMMRD96_S55.sam` = list(LR20_SNP1 = list(
    All = list(Freqs = structure(c(0L, 1L, 12L, 0L, 0L, 1L, 4L, 
    3724L, 4L, 1L, 0L, 0L, 34L, 0L, 0L), .Dim = c(5L, 3L), .Dimnames = structure(list(
        c("-2", "-1", "0", "1", NA), c("A", "G", NA)), .Names = c("", 
    "")), class = "table"), N = 3781L), Tag.Distribution = structure(c(`1` = 156L, 
    `2` = 90L, `3` = 63L, `4` = 66L, `5` = 51L, `6` = 54L, `7` = 36L, 
    `8` = 26L, `9` = 23L, `10` = 12L, `11` = 18L, `12` = 11L, 
    `13` = 12L, `14` = 13L, `15` = 8L, `16` = 3L, `17` = 5L, 
    `18` = 6L, `19` = 3L, `20` = 3L, `21` = 2L, `22` = 4L, `23` = 1L, 
    `25` = 1L, `26` = 3L, `28` = 2L, `30` = 1L, `31` = 1L), .Dim = 28L, .Dimnames = list(
        TagUsage = c("1", "2", "3", "4", "5", "6", "7", "8", 
        "9", "10", "11", "12", "13", "14", "15", "16", "17", 
        "18", "19", "20", "21", "22", "23", "25", "26", "28", 
        "30", "31")), class = "table"), No.Tag = structure(c(0L, 
    0L, 0L, 0L, 0L, 0L, 0L, 105L, 0L, 0L, 0L, 0L, 2L, 0L, 0L), .Dim = c(5L, 
    3L), .Dimnames = structure(list(c("-2", "-1", "0", "1", NA
    ), c("A", "G", NA)), .Names = c("", "")), class = "table"), 
    All.Tags = list(Concordant = list(Freqs = structure(c(0, 
    0, 10, 0, 0, 0, 646, 0), .Dim = c(4L, 2L), .Dimnames = list(
        c("-2", "-1", "0", "1"), c("A", "G"))), N = 656), Majority = list(
        Freqs = structure(c(0, 0, 10, 0, 0, 0, 656, 0), .Dim = c(4L, 
        2L), .Dimnames = list(c("-2", "-1", "0", "1"), c("A", 
        "G"))), N = 666)), `2` = structure(c(0, 0, 1, 0, 0, 0, 
    515, 0), .Dim = c(4L, 2L), .Dimnames = list(c("-2", "-1", 
    "0", "1"), c("A", "G"))))))
