Results <-
list(`bwa.out//20220204//MLPA99_S13.sam` = list(LR48_SNP1 = list(
    All = list(Freqs = structure(c(3L, 52L, 2048L, 26L, 0L, 9L, 
    4L, 50L, 1998L, 33L, 1L, 8L, 0L, 1L, 63L, 0L, 0L, 0L), .Dim = c(6L, 
    3L), .Dimnames = structure(list(c("-2", "-1", "0", "1", "2", 
    NA), c("C", "T", NA)), .Names = c("", "")), class = "table"), 
        N = 4296L), Tag.Distribution = structure(c(`1` = 75L, 
    `2` = 8L, `3` = 16L, `4` = 5L, `5` = 19L, `6` = 9L, `7` = 8L, 
    `8` = 10L, `9` = 7L, `10` = 8L, `11` = 5L, `12` = 9L, `13` = 7L, 
    `14` = 12L, `15` = 9L, `16` = 5L, `17` = 8L, `18` = 7L, `19` = 5L, 
    `20` = 5L, `21` = 6L, `22` = 4L, `23` = 3L, `24` = 1L, `25` = 2L, 
    `26` = 7L, `27` = 2L, `28` = 1L, `29` = 5L, `30` = 2L, `32` = 2L, 
    `33` = 1L, `34` = 2L, `35` = 1L, `36` = 1L, `38` = 2L, `39` = 1L, 
    `40` = 2L, `41` = 1L, `42` = 1L, `44` = 1L, `45` = 4L, `47` = 1L, 
    `48` = 1L, `49` = 1L, `50` = 2L, `51` = 1L, `53` = 2L, `54` = 1L, 
    `57` = 2L, `58` = 1L, `60` = 1L, `61` = 2L, `63` = 1L, `64` = 1L, 
    `88` = 1L), .Dim = 56L, .Dimnames = list(TagUsage = c("1", 
    "2", "3", "4", "5", "6", "7", "8", "9", "10", "11", "12", 
    "13", "14", "15", "16", "17", "18", "19", "20", "21", "22", 
    "23", "24", "25", "26", "27", "28", "29", "30", "32", "33", 
    "34", "35", "36", "38", "39", "40", "41", "42", "44", "45", 
    "47", "48", "49", "50", "51", "53", "54", "57", "58", "60", 
    "61", "63", "64", "88")), class = "table"), No.Tag = structure(c(0L, 
    0L, 11L, 0L, 0L, 0L, 0L, 0L, 13L, 0L, 0L, 0L, 0L, 0L, 3L, 
    0L, 0L, 0L), .Dim = c(6L, 3L), .Dimnames = structure(list(
        c("-2", "-1", "0", "1", "2", NA), c("C", "T", NA)), .Names = c("", 
    "")), class = "table"), All.Tags = list(Concordant = list(
        Freqs = structure(c(0, 1, 90, 1, 0, 0, 1, 91, 0, 0), .Dim = c(5L, 
        2L), .Dimnames = list(c("-2", "-1", "0", "1", "2"), c("C", 
        "T"))), N = 184), Majority = list(Freqs = structure(c(0, 
    1, 139, 1, 0, 0, 1, 153, 0, 0), .Dim = c(5L, 2L), .Dimnames = list(
        c("-2", "-1", "0", "1", "2"), c("C", "T"))), N = 295)), 
    `2` = structure(c(0, 0, 107, 0, 0, 0, 0, 123, 0, 0), .Dim = c(5L, 
    2L), .Dimnames = list(c("-2", "-1", "0", "1", "2"), c("C", 
    "T"))))))
