Results <-
list(`bwa.out//20220204//BlindCMMRD121_S47.sam` = list(LR52_SNP1 = list(
    All = list(Freqs = structure(c(1L, 15L, 357L, 3204L, 29L, 
    2L, 25L, 0L, 0L, 1L, 1L, 0L, 0L, 0L, 0L, 1L, 4L, 232L, 1L, 
    1L, 0L), .Dim = c(7L, 3L), .Dimnames = structure(list(c("-3", 
    "-2", "-1", "0", "1", "2", NA), c("C", "T", NA)), .Names = c("", 
    "")), class = "table"), N = 3874L), Tag.Distribution = structure(c(`1` = 182L, 
    `2` = 155L, `3` = 138L, `4` = 105L, `5` = 78L, `6` = 56L, 
    `7` = 48L, `8` = 36L, `9` = 23L, `10` = 20L, `11` = 19L, 
    `12` = 9L, `13` = 7L, `14` = 10L, `15` = 5L, `16` = 4L, `17` = 1L, 
    `32` = 1L), .Dim = 18L, .Dimnames = list(TagUsage = c("1", 
    "2", "3", "4", "5", "6", "7", "8", "9", "10", "11", "12", 
    "13", "14", "15", "16", "17", "32")), class = "table"), No.Tag = structure(c(0L, 
    1L, 1L, 46L, 1L, 0L, 0L, 0L, 0L, 0L, 0L, 0L, 0L, 0L, 0L, 
    0L, 1L, 5L, 0L, 0L, 0L), .Dim = c(7L, 3L), .Dimnames = structure(list(
        c("-3", "-2", "-1", "0", "1", "2", NA), c("C", "T", NA
        )), .Names = c("", "")), class = "table"), All.Tags = list(
        Concordant = list(Freqs = structure(c(0, 1, 30, 611, 
        2, 0, 0, 0, 1, 1, 0, 0), .Dim = c(6L, 2L), .Dimnames = list(
            c("-3", "-2", "-1", "0", "1", "2"), c("C", "T"))), 
            N = 646), Majority = list(Freqs = structure(c(0, 
        1, 40, 796, 3, 0, 0, 0, 1, 1, 0, 0), .Dim = c(6L, 2L), .Dimnames = list(
            c("-3", "-2", "-1", "0", "1", "2"), c("C", "T"))), 
            N = 842)), `2` = structure(c(0, 0, 19, 657, 1, 0, 
    0, 0, 0, 0, 0, 0), .Dim = c(6L, 2L), .Dimnames = list(c("-3", 
    "-2", "-1", "0", "1", "2"), c("C", "T"))))))
