Results <-
list(`bwa.out//20220204//Control24_S17.sam` = list(LR20_SNP1 = list(
    All = list(Freqs = structure(c(0L, 1L, 0L, 0L, 9L, 2531L, 
    1L, 3L, 0L, 10L, 0L, 0L, 0L, 18L, 0L, 0L), .Dim = c(4L, 4L
    ), .Dimnames = structure(list(c("-1", "0", "1", NA), c("-", 
    "A", "G", NA)), .Names = c("", "")), class = "table"), N = 2573L), 
    Tag.Distribution = structure(c(`1` = 107L, `2` = 46L, `3` = 38L, 
    `4` = 36L, `5` = 28L, `6` = 27L, `7` = 21L, `8` = 11L, `9` = 16L, 
    `10` = 13L, `11` = 4L, `12` = 8L, `13` = 11L, `14` = 3L, 
    `15` = 2L, `16` = 4L, `17` = 4L, `18` = 5L, `19` = 1L, `20` = 3L, 
    `21` = 2L, `22` = 2L, `23` = 3L, `24` = 2L, `25` = 2L, `26` = 1L, 
    `27` = 1L, `28` = 1L, `29` = 1L, `31` = 1L, `32` = 1L, `33` = 3L, 
    `37` = 1L), .Dim = 33L, .Dimnames = list(TagUsage = c("1", 
    "2", "3", "4", "5", "6", "7", "8", "9", "10", "11", "12", 
    "13", "14", "15", "16", "17", "18", "19", "20", "21", "22", 
    "23", "24", "25", "26", "27", "28", "29", "31", "32", "33", 
    "37")), class = "table"), No.Tag = structure(c(0L, 0L, 0L, 
    0L, 0L, 82L, 0L, 3L, 0L, 0L, 0L, 0L, 0L, 2L, 0L, 0L), .Dim = c(4L, 
    4L), .Dimnames = structure(list(c("-1", "0", "1", NA), c("-", 
    "A", "G", NA)), .Names = c("", "")), class = "table"), All.Tags = list(
        Concordant = list(Freqs = structure(c(0, 0, 0, 0, 394, 
        0, 0, 0, 0), .Dim = c(3L, 3L), .Dimnames = list(c("-1", 
        "0", "1"), c("-", "A", "G"))), N = 394), Majority = list(
            Freqs = structure(c(0, 0, 0, 0, 404, 0, 0, 0, 0), .Dim = c(3L, 
            3L), .Dimnames = list(c("-1", "0", "1"), c("-", "A", 
            "G"))), N = 404)), `2` = structure(c(0, 0, 0, 0, 
    302, 0, 0, 0, 0), .Dim = c(3L, 3L), .Dimnames = list(c("-1", 
    "0", "1"), c("-", "A", "G"))))))
