Results <-
list(`bwa.out//20220204//BlindCMMRD53_S12.sam` = list(LR20_SNP1 = list(
    All = list(Freqs = structure(c(0L, 3L, 2059L, 2L, 2L, 1L, 
    3L, 2077L, 3L, 3L, 0L, 0L, 28L, 1L, 0L), .Dim = c(5L, 3L), .Dimnames = structure(list(
        c("-2", "-1", "0", "1", NA), c("A", "G", NA)), .Names = c("", 
    "")), class = "table"), N = 4182L), Tag.Distribution = structure(c(`1` = 129L, 
    `2` = 70L, `3` = 67L, `4` = 57L, `5` = 39L, `6` = 33L, `7` = 28L, 
    `8` = 30L, `9` = 26L, `10` = 14L, `11` = 17L, `12` = 20L, 
    `13` = 12L, `14` = 10L, `15` = 10L, `16` = 10L, `17` = 3L, 
    `18` = 6L, `19` = 6L, `20` = 6L, `21` = 2L, `22` = 6L, `23` = 3L, 
    `24` = 3L, `25` = 1L, `26` = 4L, `28` = 2L, `29` = 2L, `30` = 1L, 
    `32` = 1L, `33` = 1L, `38` = 1L, `46` = 1L), .Dim = 33L, .Dimnames = list(
        TagUsage = c("1", "2", "3", "4", "5", "6", "7", "8", 
        "9", "10", "11", "12", "13", "14", "15", "16", "17", 
        "18", "19", "20", "21", "22", "23", "24", "25", "26", 
        "28", "29", "30", "32", "33", "38", "46")), class = "table"), 
    No.Tag = structure(c(0L, 0L, 56L, 0L, 1L, 0L, 0L, 53L, 0L, 
    0L, 0L, 0L, 8L, 0L, 0L), .Dim = c(5L, 3L), .Dimnames = structure(list(
        c("-2", "-1", "0", "1", NA), c("A", "G", NA)), .Names = c("", 
    "")), class = "table"), All.Tags = list(Concordant = list(
        Freqs = structure(c(0, 0, 283, 0, 0, 0, 277, 0), .Dim = c(4L, 
        2L), .Dimnames = list(c("-2", "-1", "0", "1"), c("A", 
        "G"))), N = 560), Majority = list(Freqs = structure(c(0, 
    0, 306, 0, 0, 0, 309, 0), .Dim = c(4L, 2L), .Dimnames = list(
        c("-2", "-1", "0", "1"), c("A", "G"))), N = 615)), `2` = structure(c(0, 
    0, 235, 0, 0, 0, 253, 0), .Dim = c(4L, 2L), .Dimnames = list(
        c("-2", "-1", "0", "1"), c("A", "G"))))))
