Results <-
list(`bwa.out//20220204//BlindCMMRD97_S56.sam` = list(LR40_SNP1 = list(
    All = list(Freqs = structure(c(42L, 2701L, 8L, 2L, 31L, 2886L, 
    7L, 5L, 1L, 31L, 0L, 0L), .Dim = 4:3, .Dimnames = structure(list(
        c("-1", "0", "1", NA), c("A", "C", NA)), .Names = c("", 
    "")), class = "table"), N = 5714L), Tag.Distribution = structure(c(`1` = 104L, 
    `2` = 79L, `3` = 58L, `4` = 42L, `5` = 52L, `6` = 33L, `7` = 42L, 
    `8` = 35L, `9` = 28L, `10` = 35L, `11` = 22L, `12` = 21L, 
    `13` = 16L, `14` = 6L, `15` = 8L, `16` = 10L, `17` = 12L, 
    `18` = 16L, `19` = 13L, `20` = 10L, `21` = 7L, `22` = 5L, 
    `23` = 7L, `24` = 2L, `25` = 8L, `26` = 4L, `27` = 3L, `28` = 3L, 
    `29` = 3L, `30` = 1L, `31` = 1L, `32` = 3L, `33` = 1L, `34` = 1L, 
    `35` = 1L, `37` = 1L), .Dim = 36L, .Dimnames = list(TagUsage = c("1", 
    "2", "3", "4", "5", "6", "7", "8", "9", "10", "11", "12", 
    "13", "14", "15", "16", "17", "18", "19", "20", "21", "22", 
    "23", "24", "25", "26", "27", "28", "29", "30", "31", "32", 
    "33", "34", "35", "37")), class = "table"), No.Tag = structure(c(0L, 
    24L, 1L, 0L, 8L, 116L, 0L, 0L, 0L, 4L, 0L, 0L), .Dim = 4:3, .Dimnames = structure(list(
        c("-1", "0", "1", NA), c("A", "C", NA)), .Names = c("", 
    "")), class = "table"), All.Tags = list(Concordant = list(
        Freqs = structure(c(0, 273, 0, 0, 308, 0), .Dim = 3:2, .Dimnames = list(
            c("-1", "0", "1"), c("A", "C"))), N = 581), Majority = list(
        Freqs = structure(c(0, 321, 0, 0, 363, 0), .Dim = 3:2, .Dimnames = list(
            c("-1", "0", "1"), c("A", "C"))), N = 684)), `2` = structure(c(0, 
    278, 0, 0, 305, 0), .Dim = 3:2, .Dimnames = list(c("-1", 
    "0", "1"), c("A", "C"))))))
