Results <-
list(`bwa.out//20220204//BlindCMMRD97_S56.sam` = list(GM11_SNP1 = list(
    All = list(Freqs = structure(c(3L, 3078L, 6L, 1L, 18L, 3142L, 
    16L, 1L, 0L, 26L, 1L, 0L), .Dim = 4:3, .Dimnames = structure(list(
        c("-1", "0", "1", NA), c("A", "G", NA)), .Names = c("", 
    "")), class = "table"), N = 6292L), Tag.Distribution = structure(c(`1` = 124L, 
    `2` = 61L, `3` = 48L, `4` = 49L, `5` = 46L, `6` = 43L, `7` = 46L, 
    `8` = 30L, `9` = 37L, `10` = 26L, `11` = 12L, `12` = 20L, 
    `13` = 17L, `14` = 13L, `15` = 13L, `16` = 14L, `17` = 6L, 
    `18` = 11L, `19` = 13L, `20` = 9L, `21` = 7L, `22` = 5L, 
    `23` = 7L, `24` = 10L, `25` = 11L, `26` = 5L, `27` = 4L, 
    `28` = 3L, `29` = 2L, `30` = 4L, `31` = 1L, `32` = 1L, `33` = 2L, 
    `34` = 1L, `35` = 3L, `36` = 3L, `39` = 2L, `40` = 1L, `41` = 1L, 
    `43` = 1L, `46` = 1L), .Dim = 41L, .Dimnames = list(TagUsage = c("1", 
    "2", "3", "4", "5", "6", "7", "8", "9", "10", "11", "12", 
    "13", "14", "15", "16", "17", "18", "19", "20", "21", "22", 
    "23", "24", "25", "26", "27", "28", "29", "30", "31", "32", 
    "33", "34", "35", "36", "39", "40", "41", "43", "46")), class = "table"), 
    No.Tag = structure(c(0L, 53L, 0L, 0L, 0L, 29L, 0L, 1L, 0L, 
    2L, 0L, 0L), .Dim = 4:3, .Dimnames = structure(list(c("-1", 
    "0", "1", NA), c("A", "G", NA)), .Names = c("", "")), class = "table"), 
    All.Tags = list(Concordant = list(Freqs = structure(c(0, 
    319, 0, 0, 292, 0), .Dim = 3:2, .Dimnames = list(c("-1", 
    "0", "1"), c("A", "G"))), N = 611), Majority = list(Freqs = structure(c(0, 
    355, 0, 0, 342, 0), .Dim = 3:2, .Dimnames = list(c("-1", 
    "0", "1"), c("A", "G"))), N = 697)), `2` = structure(c(0, 
    292, 0, 0, 285, 0), .Dim = 3:2, .Dimnames = list(c("-1", 
    "0", "1"), c("A", "G"))))))
