Results <-
list(`bwa.out//20220204//17D0939_S6.sam` = list(LR49_SNP1 = list(
    All = list(Freqs = structure(c(4L, 1924L, 2L, 1L, 3L, 1521L, 
    0L, 2L, 0L, 56L, 0L, 0L), .Dim = 4:3, .Dimnames = structure(list(
        c("-1", "0", "1", NA), c("A", "G", NA)), .Names = c("", 
    "")), class = "table"), N = 3513L), Tag.Distribution = structure(c(`1` = 122L, 
    `2` = 65L, `3` = 47L, `4` = 28L, `5` = 22L, `6` = 20L, `7` = 21L, 
    `8` = 15L, `9` = 16L, `10` = 12L, `11` = 10L, `12` = 10L, 
    `13` = 14L, `14` = 12L, `15` = 9L, `16` = 4L, `17` = 11L, 
    `18` = 1L, `19` = 4L, `20` = 9L, `21` = 5L, `22` = 4L, `23` = 2L, 
    `24` = 2L, `25` = 2L, `26` = 1L, `27` = 1L, `28` = 1L, `30` = 2L, 
    `31` = 2L, `33` = 2L, `34` = 2L, `35` = 1L, `37` = 1L, `38` = 1L, 
    `39` = 2L, `43` = 1L), .Dim = 37L, .Dimnames = list(TagUsage = c("1", 
    "2", "3", "4", "5", "6", "7", "8", "9", "10", "11", "12", 
    "13", "14", "15", "16", "17", "18", "19", "20", "21", "22", 
    "23", "24", "25", "26", "27", "28", "30", "31", "33", "34", 
    "35", "37", "38", "39", "43")), class = "table"), No.Tag = structure(c(1L, 
    66L, 0L, 0L, 0L, 24L, 0L, 1L, 0L, 10L, 0L, 0L), .Dim = 4:3, .Dimnames = structure(list(
        c("-1", "0", "1", NA), c("A", "G", NA)), .Names = c("", 
    "")), class = "table"), All.Tags = list(Concordant = list(
        Freqs = structure(c(0, 244, 0, 0, 208, 0), .Dim = 3:2, .Dimnames = list(
            c("-1", "0", "1"), c("A", "G"))), N = 452), Majority = list(
        Freqs = structure(c(0, 257, 0, 0, 218, 0), .Dim = 3:2, .Dimnames = list(
            c("-1", "0", "1"), c("A", "G"))), N = 475)), `2` = structure(c(0, 
    185, 0, 0, 170, 0), .Dim = 3:2, .Dimnames = list(c("-1", 
    "0", "1"), c("A", "G"))))))
