Results <-
list(`bwa.out//20220204//MLPA99_S13.sam` = list(GM14_SNP1 = list(
    All = list(Freqs = structure(c(0L, 1L, 0L, 0L, 107L, 2843L, 
    26L, 8L, 0L, 1L, 0L, 0L, 0L, 45L, 0L, 0L), .Dim = c(4L, 4L
    ), .Dimnames = structure(list(c("-1", "0", "1", NA), c("A", 
    "C", "T", NA)), .Names = c("", "")), class = "table"), N = 3031L), 
    Tag.Distribution = structure(c(`1` = 63L, `2` = 15L, `3` = 16L, 
    `4` = 18L, `5` = 13L, `6` = 10L, `7` = 14L, `8` = 16L, `9` = 7L, 
    `10` = 12L, `11` = 12L, `12` = 11L, `13` = 8L, `14` = 10L, 
    `15` = 7L, `16` = 6L, `17` = 5L, `18` = 5L, `19` = 1L, `20` = 2L, 
    `21` = 2L, `23` = 1L, `24` = 4L, `25` = 6L, `26` = 3L, `28` = 1L, 
    `29` = 1L, `30` = 2L, `32` = 1L, `33` = 3L, `34` = 1L, `35` = 1L, 
    `37` = 2L, `38` = 1L, `39` = 1L, `40` = 1L, `43` = 4L, `44` = 1L, 
    `46` = 1L, `49` = 1L, `50` = 1L, `52` = 1L), .Dim = 42L, .Dimnames = list(
        TagUsage = c("1", "2", "3", "4", "5", "6", "7", "8", 
        "9", "10", "11", "12", "13", "14", "15", "16", "17", 
        "18", "19", "20", "21", "23", "24", "25", "26", "28", 
        "29", "30", "32", "33", "34", "35", "37", "38", "39", 
        "40", "43", "44", "46", "49", "50", "52")), class = "table"), 
    No.Tag = structure(c(0L, 0L, 0L, 0L, 0L, 30L, 0L, 0L, 0L, 
    0L, 0L, 0L, 0L, 1L, 0L, 0L), .Dim = c(4L, 4L), .Dimnames = structure(list(
        c("-1", "0", "1", NA), c("A", "C", "T", NA)), .Names = c("", 
    "")), class = "table"), All.Tags = list(Concordant = list(
        Freqs = structure(c(0, 0, 0, 1, 204, 1, 0, 1, 0), .Dim = c(3L, 
        3L), .Dimnames = list(c("-1", "0", "1"), c("A", "C", 
        "T"))), N = 207), Majority = list(Freqs = structure(c(0, 
    0, 0, 1, 284, 1, 0, 1, 0), .Dim = c(3L, 3L), .Dimnames = list(
        c("-1", "0", "1"), c("A", "C", "T"))), N = 287)), `2` = structure(c(0, 
    0, 0, 0, 226, 0, 0, 0, 0), .Dim = c(3L, 3L), .Dimnames = list(
        c("-1", "0", "1"), c("A", "C", "T"))))))
