Results <-
list(`bwa.out//20220204//Control18_S11.sam` = list(GM26_SNP1 = list(
    All = list(Freqs = structure(c(5L, 956L, 3L, 1L, 6L, 979L, 
    6L, 0L, 0L, 22L, 0L, 0L), .Dim = 4:3, .Dimnames = structure(list(
        c("-1", "0", "1", NA), c("A", "G", NA)), .Names = c("", 
    "")), class = "table"), N = 1978L), Tag.Distribution = structure(c(`1` = 77L, 
    `2` = 35L, `3` = 27L, `4` = 30L, `5` = 19L, `6` = 21L, `7` = 16L, 
    `8` = 15L, `9` = 10L, `10` = 11L, `11` = 11L, `12` = 13L, 
    `13` = 5L, `14` = 5L, `15` = 6L, `16` = 5L, `17` = 1L, `18` = 4L, 
    `19` = 1L, `21` = 2L, `22` = 3L, `23` = 3L, `25` = 2L), .Dim = 23L, .Dimnames = list(
        TagUsage = c("1", "2", "3", "4", "5", "6", "7", "8", 
        "9", "10", "11", "12", "13", "14", "15", "16", "17", 
        "18", "19", "21", "22", "23", "25")), class = "table"), 
    No.Tag = structure(c(0L, 18L, 0L, 0L, 0L, 41L, 0L, 0L, 0L, 
    1L, 0L, 0L), .Dim = 4:3, .Dimnames = structure(list(c("-1", 
    "0", "1", NA), c("A", "G", NA)), .Names = c("", "")), class = "table"), 
    All.Tags = list(Concordant = list(Freqs = structure(c(0, 
    147, 1, 0, 142, 0), .Dim = 3:2, .Dimnames = list(c("-1", 
    "0", "1"), c("A", "G"))), N = 290), Majority = list(Freqs = structure(c(0, 
    157, 1, 0, 158, 0), .Dim = 3:2, .Dimnames = list(c("-1", 
    "0", "1"), c("A", "G"))), N = 316)), `2` = structure(c(0, 
    126, 0, 0, 115, 0), .Dim = 3:2, .Dimnames = list(c("-1", 
    "0", "1"), c("A", "G"))))))
