Results <-
list(`bwa.out//20220204//BlindCMMRD49_S9.sam` = list(IM49_SNP1 = list(
    All = list(Freqs = structure(c(0L, 0L, 4L, 0L, 0L, 1L, 4L, 
    274L, 3007L, 47L, 2L, 28L, 0L, 0L, 2L, 0L, 0L, 0L, 0L, 8L, 
    257L, 1L, 0L, 0L), .Dim = c(6L, 4L), .Dimnames = structure(list(
        c("-2", "-1", "0", "1", "2", NA), c("C", "G", "T", NA
        )), .Names = c("", "")), class = "table"), N = 3635L), 
    Tag.Distribution = structure(c(`1` = 134L, `2` = 22L, `3` = 11L, 
    `4` = 9L, `5` = 15L, `6` = 8L, `7` = 8L, `8` = 10L, `9` = 7L, 
    `10` = 5L, `11` = 7L, `12` = 3L, `13` = 6L, `14` = 3L, `15` = 1L, 
    `16` = 6L, `17` = 1L, `18` = 4L, `20` = 3L, `21` = 3L, `22` = 3L, 
    `23` = 4L, `24` = 2L, `25` = 4L, `27` = 2L, `29` = 2L, `30` = 1L, 
    `31` = 3L, `32` = 2L, `34` = 2L, `35` = 2L, `36` = 1L, `37` = 2L, 
    `38` = 2L, `39` = 1L, `40` = 1L, `41` = 2L, `42` = 2L, `46` = 1L, 
    `47` = 1L, `49` = 2L, `51` = 2L, `53` = 1L, `54` = 1L, `57` = 1L, 
    `58` = 1L, `64` = 2L, `65` = 2L, `68` = 1L, `72` = 1L, `77` = 2L, 
    `80` = 1L, `96` = 1L), .Dim = 53L, .Dimnames = list(TagUsage = c("1", 
    "2", "3", "4", "5", "6", "7", "8", "9", "10", "11", "12", 
    "13", "14", "15", "16", "17", "18", "20", "21", "22", "23", 
    "24", "25", "27", "29", "30", "31", "32", "34", "35", "36", 
    "37", "38", "39", "40", "41", "42", "46", "47", "49", "51", 
    "53", "54", "57", "58", "64", "65", "68", "72", "77", "80", 
    "96")), class = "table"), No.Tag = structure(c(0L, 0L, 0L, 
    0L, 0L, 0L, 0L, 3L, 33L, 0L, 0L, 0L, 0L, 0L, 0L, 0L, 0L, 
    0L, 0L, 0L, 7L, 0L, 0L, 0L), .Dim = c(6L, 4L), .Dimnames = structure(list(
        c("-2", "-1", "0", "1", "2", NA), c("C", "G", "T", NA
        )), .Names = c("", "")), class = "table"), All.Tags = list(
        Concordant = list(Freqs = structure(c(0, 0, 4, 0, 0, 
        0, 9, 181, 0, 0, 0, 0, 1, 0, 0), .Dim = c(5L, 3L), .Dimnames = list(
            c("-2", "-1", "0", "1", "2"), c("C", "G", "T"))), 
            N = 195), Majority = list(Freqs = structure(c(0, 
        0, 4, 0, 0, 0, 11, 249, 0, 0, 0, 0, 1, 0, 0), .Dim = c(5L, 
        3L), .Dimnames = list(c("-2", "-1", "0", "1", "2"), c("C", 
        "G", "T"))), N = 265)), `2` = structure(c(0, 0, 0, 0, 
    0, 0, 8, 177, 0, 0, 0, 0, 0, 0, 0), .Dim = c(5L, 3L), .Dimnames = list(
        c("-2", "-1", "0", "1", "2"), c("C", "G", "T"))))))
