Results <-
list(`bwa.out//20220204//BlindCMMRD75_S34.sam` = list(LR20_SNP1 = list(
    All = list(Freqs = structure(c(0L, 1L, 0L, 0L, 2L, 4933L, 
    7L, 3L, 0L, 4L, 0L, 0L, 0L, 8L, 0L, 0L), .Dim = c(4L, 4L), .Dimnames = structure(list(
        c("-1", "0", "1", NA), c("-", "A", "G", NA)), .Names = c("", 
    "")), class = "table"), N = 4958L), Tag.Distribution = structure(c(`1` = 143L, 
    `2` = 88L, `3` = 49L, `4` = 52L, `5` = 37L, `6` = 46L, `7` = 32L, 
    `8` = 35L, `9` = 28L, `10` = 24L, `11` = 20L, `12` = 21L, 
    `13` = 16L, `14` = 16L, `15` = 10L, `16` = 11L, `17` = 9L, 
    `18` = 4L, `19` = 4L, `20` = 7L, `21` = 4L, `22` = 4L, `24` = 1L, 
    `25` = 7L, `26` = 4L, `27` = 1L, `28` = 7L, `29` = 2L, `31` = 2L, 
    `33` = 1L, `34` = 1L, `37` = 2L, `38` = 1L, `42` = 1L), .Dim = 34L, .Dimnames = list(
        TagUsage = c("1", "2", "3", "4", "5", "6", "7", "8", 
        "9", "10", "11", "12", "13", "14", "15", "16", "17", 
        "18", "19", "20", "21", "22", "24", "25", "26", "27", 
        "28", "29", "31", "33", "34", "37", "38", "42")), class = "table"), 
    No.Tag = structure(c(0L, 0L, 0L, 0L, 0L, 114L, 0L, 2L, 0L, 
    0L, 0L, 0L, 0L, 1L, 0L, 0L), .Dim = c(4L, 4L), .Dimnames = structure(list(
        c("-1", "0", "1", NA), c("-", "A", "G", NA)), .Names = c("", 
    "")), class = "table"), All.Tags = list(Concordant = list(
        Freqs = structure(c(0, 0, 0, 0, 675, 2, 0, 1, 0), .Dim = c(3L, 
        3L), .Dimnames = list(c("-1", "0", "1"), c("-", "A", 
        "G"))), N = 678), Majority = list(Freqs = structure(c(0, 
    0, 0, 0, 684, 2, 0, 1, 0), .Dim = c(3L, 3L), .Dimnames = list(
        c("-1", "0", "1"), c("-", "A", "G"))), N = 687)), `2` = structure(c(0, 
    0, 0, 0, 545, 1, 0, 0, 0), .Dim = c(3L, 3L), .Dimnames = list(
        c("-1", "0", "1"), c("-", "A", "G"))))))
