Results <-
list(`bwa.out//20220204//Control26_S19.sam` = list(LR46_SNP1 = list(
    All = list(Freqs = structure(c(0L, 1L, 0L, 0L, 2L, 1323L, 
    3L, 4L, 9L, 1309L, 2L, 2L, 0L, 9L, 0L, 0L), .Dim = c(4L, 
    4L), .Dimnames = structure(list(c("-1", "0", "1", NA), c("A", 
    "G", "T", NA)), .Names = c("", "")), class = "table"), N = 2664L), 
    Tag.Distribution = structure(c(`1` = 91L, `2` = 36L, `3` = 29L, 
    `4` = 33L, `5` = 16L, `6` = 30L, `7` = 26L, `8` = 20L, `9` = 13L, 
    `10` = 15L, `11` = 14L, `12` = 7L, `13` = 7L, `14` = 10L, 
    `15` = 4L, `16` = 5L, `17` = 4L, `18` = 3L, `19` = 2L, `20` = 4L, 
    `21` = 2L, `22` = 2L, `23` = 1L, `24` = 2L, `25` = 4L, `26` = 1L, 
    `27` = 1L, `28` = 1L, `31` = 1L, `42` = 1L), .Dim = 30L, .Dimnames = list(
        TagUsage = c("1", "2", "3", "4", "5", "6", "7", "8", 
        "9", "10", "11", "12", "13", "14", "15", "16", "17", 
        "18", "19", "20", "21", "22", "23", "24", "25", "26", 
        "27", "28", "31", "42")), class = "table"), No.Tag = structure(c(0L, 
    1L, 0L, 0L, 1L, 58L, 0L, 0L, 2L, 90L, 0L, 0L, 0L, 1L, 0L, 
    0L), .Dim = c(4L, 4L), .Dimnames = structure(list(c("-1", 
    "0", "1", NA), c("A", "G", "T", NA)), .Names = c("", "")), class = "table"), 
    All.Tags = list(Concordant = list(Freqs = structure(c(0, 
    0, 0, 0, 180, 0, 0, 181, 0), .Dim = c(3L, 3L), .Dimnames = list(
        c("-1", "0", "1"), c("A", "G", "T"))), N = 361), Majority = list(
        Freqs = structure(c(0, 0, 0, 0, 189, 0, 0, 190, 0), .Dim = c(3L, 
        3L), .Dimnames = list(c("-1", "0", "1"), c("A", "G", 
        "T"))), N = 379)), `2` = structure(c(0, 0, 0, 0, 144, 
    0, 0, 147, 0), .Dim = c(3L, 3L), .Dimnames = list(c("-1", 
    "0", "1"), c("A", "G", "T"))))))
