Results <-
list(`bwa.out//20220204//BlindCMMRD134_S60.sam` = list(LR17_SNP1 = list(
    All = list(Freqs = structure(c(6L, 164L, 4259L, 38L, 2L, 
    23L, 0L, 0L, 1L, 0L, 0L, 0L, 0L, 0L, 1L, 0L, 0L, 0L, 0L, 
    1L, 88L, 0L, 0L, 0L), .Dim = c(6L, 4L), .Dimnames = structure(list(
        c("-2", "-1", "0", "1", "2", NA), c("A", "G", "T", NA
        )), .Names = c("", "")), class = "table"), N = 4583L), 
    Tag.Distribution = structure(c(`1` = 118L, `2` = 93L, `3` = 85L, 
    `4` = 69L, `5` = 74L, `6` = 68L, `7` = 64L, `8` = 48L, `9` = 27L, 
    `10` = 37L, `11` = 23L, `12` = 16L, `13` = 11L, `14` = 9L, 
    `15` = 11L, `16` = 9L, `17` = 5L, `18` = 2L, `19` = 2L, `20` = 4L, 
    `22` = 1L, `24` = 1L, `26` = 1L, `27` = 1L), .Dim = 24L, .Dimnames = list(
        TagUsage = c("1", "2", "3", "4", "5", "6", "7", "8", 
        "9", "10", "11", "12", "13", "14", "15", "16", "17", 
        "18", "19", "20", "22", "24", "26", "27")), class = "table"), 
    No.Tag = structure(c(0L, 3L, 156L, 1L, 0L, 0L, 0L, 0L, 0L, 
    0L, 0L, 0L, 0L, 0L, 0L, 0L, 0L, 0L, 0L, 0L, 4L, 0L, 0L, 0L
    ), .Dim = c(6L, 4L), .Dimnames = structure(list(c("-2", "-1", 
    "0", "1", "2", NA), c("A", "G", "T", NA)), .Names = c("", 
    "")), class = "table"), All.Tags = list(Concordant = list(
        Freqs = structure(c(0, 2, 611, 0, 0, 0, 0, 0, 0, 0, 0, 
        0, 0, 0, 0), .Dim = c(5L, 3L), .Dimnames = list(c("-2", 
        "-1", "0", "1", "2"), c("A", "G", "T"))), N = 613), Majority = list(
        Freqs = structure(c(0, 4, 756, 0, 0, 0, 0, 0, 0, 0, 0, 
        0, 0, 0, 0), .Dim = c(5L, 3L), .Dimnames = list(c("-2", 
        "-1", "0", "1", "2"), c("A", "G", "T"))), N = 760)), 
    `2` = structure(c(0, 2, 643, 0, 0, 0, 0, 0, 0, 0, 0, 0, 0, 
    0, 0), .Dim = c(5L, 3L), .Dimnames = list(c("-2", "-1", "0", 
    "1", "2"), c("A", "G", "T"))))))
