Results <-
list(`bwa.out//20220204//MLPA01_S9.sam` = list(LR48_SNP1 = list(
    All = list(Freqs = structure(c(5L, 107L, 3141L, 46L, 13L, 
    0L, 2L, 54L, 1L, 0L), .Dim = c(5L, 2L), .Dimnames = structure(list(
        c("-2", "-1", "0", "1", NA), c("C", NA)), .Names = c("", 
    "")), class = "table"), N = 3369L), Tag.Distribution = structure(c(`1` = 111L, 
    `2` = 36L, `3` = 54L, `4` = 33L, `5` = 26L, `6` = 12L, `7` = 20L, 
    `8` = 21L, `9` = 15L, `10` = 20L, `11` = 9L, `12` = 11L, 
    `13` = 10L, `14` = 8L, `15` = 5L, `16` = 9L, `17` = 5L, `18` = 3L, 
    `19` = 6L, `20` = 3L, `21` = 5L, `22` = 3L, `23` = 3L, `24` = 3L, 
    `25` = 1L, `26` = 1L, `27` = 4L, `28` = 7L, `29` = 2L, `30` = 2L, 
    `34` = 1L, `36` = 1L, `38` = 1L, `47` = 1L), .Dim = 34L, .Dimnames = list(
        TagUsage = c("1", "2", "3", "4", "5", "6", "7", "8", 
        "9", "10", "11", "12", "13", "14", "15", "16", "17", 
        "18", "19", "20", "21", "22", "23", "24", "25", "26", 
        "27", "28", "29", "30", "34", "36", "38", "47")), class = "table"), 
    No.Tag = structure(c(0L, 6L, 89L, 1L, 1L, 0L, 0L, 4L, 1L, 
    0L), .Dim = c(5L, 2L), .Dimnames = structure(list(c("-2", 
    "-1", "0", "1", NA), c("C", NA)), .Names = c("", "")), class = "table"), 
    All.Tags = list(Concordant = list(Freqs = structure(c(0, 
    3, 349, 1), .Dim = c(4L, 1L), .Dimnames = list(c("-2", "-1", 
    "0", "1"), "C")), N = 353), Majority = list(Freqs = structure(c(0, 
    4, 439, 1), .Dim = c(4L, 1L), .Dimnames = list(c("-2", "-1", 
    "0", "1"), "C")), N = 444)), `2` = structure(c(0, 1, 335, 
    1), .Dim = c(4L, 1L), .Dimnames = list(c("-2", "-1", "0", 
    "1"), "C")))))
