Results <-
list(`bwa.out//20220204//BlindCMMRD69_S28.sam` = list(LR10_SNP1 = list(
    All = list(Freqs = structure(c(0L, 0L, 1L, 0L, 0L, 1L, 83L, 
    3799L, 22L, 13L, 0L, 0L, 7L, 0L, 0L, 0L, 0L, 27L, 0L, 0L), .Dim = 5:4, .Dimnames = structure(list(
        c("-2", "-1", "0", "1", NA), c("A", "C", "T", NA)), .Names = c("", 
    "")), class = "table"), N = 3953L), Tag.Distribution = structure(c(`1` = 75L, 
    `2` = 33L, `3` = 34L, `4` = 46L, `5` = 34L, `6` = 32L, `7` = 30L, 
    `8` = 28L, `9` = 20L, `10` = 25L, `11` = 14L, `12` = 16L, 
    `13` = 10L, `14` = 13L, `15` = 8L, `16` = 13L, `17` = 6L, 
    `18` = 7L, `19` = 6L, `20` = 6L, `21` = 6L, `22` = 5L, `23` = 3L, 
    `24` = 5L, `26` = 1L, `27` = 1L, `28` = 1L, `32` = 1L, `33` = 1L, 
    `34` = 1L, `37` = 1L, `40` = 1L, `41` = 1L), .Dim = 33L, .Dimnames = list(
        TagUsage = c("1", "2", "3", "4", "5", "6", "7", "8", 
        "9", "10", "11", "12", "13", "14", "15", "16", "17", 
        "18", "19", "20", "21", "22", "23", "24", "26", "27", 
        "28", "32", "33", "34", "37", "40", "41")), class = "table"), 
    No.Tag = structure(c(0L, 0L, 0L, 0L, 0L, 0L, 0L, 124L, 0L, 
    1L, 0L, 0L, 0L, 0L, 0L, 0L, 0L, 4L, 0L, 0L), .Dim = 5:4, .Dimnames = structure(list(
        c("-2", "-1", "0", "1", NA), c("A", "C", "T", NA)), .Names = c("", 
    "")), class = "table"), All.Tags = list(Concordant = list(
        Freqs = structure(c(0, 0, 0, 0, 0, 2, 400, 0, 0, 0, 3, 
        0), .Dim = 4:3, .Dimnames = list(c("-2", "-1", "0", "1"
        ), c("A", "C", "T"))), N = 405), Majority = list(Freqs = structure(c(0, 
    0, 0, 0, 0, 5, 469, 0, 0, 0, 3, 0), .Dim = 4:3, .Dimnames = list(
        c("-2", "-1", "0", "1"), c("A", "C", "T"))), N = 477)), 
    `2` = structure(c(0, 0, 0, 0, 0, 3, 404, 0, 0, 0, 0, 0), .Dim = 4:3, .Dimnames = list(
        c("-2", "-1", "0", "1"), c("A", "C", "T"))))))
