Results <-
list(`bwa.out//20220204//BlindCMMRD83_S42.sam` = list(LR36_SNP1 = list(
    All = list(Freqs = structure(c(0L, 0L, 2L, 0L, 0L, 0L, 5L, 
    40L, 1899L, 17L, 1L, 12L, 0L, 56L, 1589L, 6L, 0L, 6L, 0L, 
    3L, 110L, 2L, 0L, 0L), .Dim = c(6L, 4L), .Dimnames = structure(list(
        c("-2", "-1", "0", "1", "2", NA), c("-", "A", "T", NA
        )), .Names = c("", "")), class = "table"), N = 3748L), 
    Tag.Distribution = structure(c(`1` = 69L, `2` = 39L, `3` = 41L, 
    `4` = 24L, `5` = 30L, `6` = 16L, `7` = 21L, `8` = 19L, `9` = 20L, 
    `10` = 18L, `11` = 15L, `12` = 10L, `13` = 9L, `14` = 6L, 
    `15` = 8L, `16` = 2L, `17` = 5L, `18` = 7L, `19` = 7L, `20` = 1L, 
    `21` = 5L, `22` = 1L, `23` = 5L, `24` = 7L, `25` = 3L, `26` = 3L, 
    `27` = 3L, `28` = 6L, `29` = 1L, `30` = 2L, `31` = 1L, `32` = 3L, 
    `33` = 1L, `36` = 1L, `37` = 2L, `40` = 1L, `41` = 1L, `43` = 2L
    ), .Dim = 38L, .Dimnames = list(TagUsage = c("1", "2", "3", 
    "4", "5", "6", "7", "8", "9", "10", "11", "12", "13", "14", 
    "15", "16", "17", "18", "19", "20", "21", "22", "23", "24", 
    "25", "26", "27", "28", "29", "30", "31", "32", "33", "36", 
    "37", "40", "41", "43")), class = "table"), No.Tag = structure(c(0L, 
    0L, 1L, 0L, 0L, 0L, 0L, 0L, 71L, 1L, 0L, 4L, 0L, 0L, 52L, 
    0L, 0L, 0L, 0L, 0L, 8L, 0L, 0L, 0L), .Dim = c(6L, 4L), .Dimnames = structure(list(
        c("-2", "-1", "0", "1", "2", NA), c("-", "A", "T", NA
        )), .Names = c("", "")), class = "table"), All.Tags = list(
        Concordant = list(Freqs = structure(c(0, 0, 0, 0, 0, 
        0, 1, 164, 0, 0, 0, 2, 162, 0, 0), .Dim = c(5L, 3L), .Dimnames = list(
            c("-2", "-1", "0", "1", "2"), c("-", "A", "T"))), 
            N = 329), Majority = list(Freqs = structure(c(0, 
        0, 0, 0, 0, 0, 1, 207, 0, 0, 0, 2, 199, 0, 0), .Dim = c(5L, 
        3L), .Dimnames = list(c("-2", "-1", "0", "1", "2"), c("-", 
        "A", "T"))), N = 409)), `2` = structure(c(0, 0, 0, 0, 
    0, 0, 1, 176, 0, 0, 0, 1, 167, 0, 0), .Dim = c(5L, 3L), .Dimnames = list(
        c("-2", "-1", "0", "1", "2"), c("-", "A", "T"))))))
