Results <-
list(`bwa.out//20220204//BlindCMMRD75_S34.sam` = list(GM29_SNP1 = list(
    All = list(Freqs = structure(c(0L, 35L, 2155L, 5L, 3L, 1L, 
    28L, 2128L, 7L, 5L, 0L, 1L, 36L, 0L, 0L), .Dim = c(5L, 3L
    ), .Dimnames = structure(list(c("-2", "-1", "0", "1", NA), 
        c("A", "G", NA)), .Names = c("", "")), class = "table"), 
        N = 4404L), Tag.Distribution = structure(c(`1` = 99L, 
    `2` = 47L, `3` = 45L, `4` = 38L, `5` = 31L, `6` = 23L, `7` = 29L, 
    `8` = 24L, `9` = 25L, `10` = 19L, `11` = 16L, `12` = 10L, 
    `13` = 13L, `14` = 9L, `15` = 9L, `16` = 6L, `17` = 11L, 
    `18` = 7L, `19` = 4L, `20` = 11L, `21` = 6L, `22` = 4L, `23` = 2L, 
    `24` = 9L, `25` = 1L, `26` = 2L, `27` = 1L, `28` = 2L, `29` = 2L, 
    `30` = 2L, `31` = 1L, `32` = 1L, `33` = 1L, `35` = 1L, `37` = 1L, 
    `38` = 2L, `40` = 1L, `41` = 1L, `43` = 1L, `46` = 1L, `54` = 1L
    ), .Dim = 41L, .Dimnames = list(TagUsage = c("1", "2", "3", 
    "4", "5", "6", "7", "8", "9", "10", "11", "12", "13", "14", 
    "15", "16", "17", "18", "19", "20", "21", "22", "23", "24", 
    "25", "26", "27", "28", "29", "30", "31", "32", "33", "35", 
    "37", "38", "40", "41", "43", "46", "54")), class = "table"), 
    No.Tag = structure(c(0L, 0L, 82L, 2L, 0L, 0L, 2L, 77L, 0L, 
    1L, 0L, 0L, 4L, 0L, 0L), .Dim = c(5L, 3L), .Dimnames = structure(list(
        c("-2", "-1", "0", "1", NA), c("A", "G", NA)), .Names = c("", 
    "")), class = "table"), All.Tags = list(Concordant = list(
        Freqs = structure(c(0, 0, 208, 0, 0, 0, 206, 0), .Dim = c(4L, 
        2L), .Dimnames = list(c("-2", "-1", "0", "1"), c("A", 
        "G"))), N = 414), Majority = list(Freqs = structure(c(0, 
    0, 255, 0, 0, 0, 253, 0), .Dim = c(4L, 2L), .Dimnames = list(
        c("-2", "-1", "0", "1"), c("A", "G"))), N = 508)), `2` = structure(c(0, 
    0, 206, 0, 0, 0, 211, 0), .Dim = c(4L, 2L), .Dimnames = list(
        c("-2", "-1", "0", "1"), c("A", "G"))))))
