Results <-
list(`bwa.out//20220204//BlindCMMRD84_S43.sam` = list(LR20_SNP1 = list(
    All = list(Freqs = structure(c(0L, 0L, 1L, 0L, 0L, 1L, 6L, 
    4857L, 4L, 3L, 0L, 0L, 7L, 0L, 0L, 0L, 0L, 16L, 0L, 0L), .Dim = 5:4, .Dimnames = structure(list(
        c("-3", "-1", "0", "1", NA), c("-", "A", "G", NA)), .Names = c("", 
    "")), class = "table"), N = 4895L), Tag.Distribution = structure(c(`1` = 154L, 
    `2` = 84L, `3` = 57L, `4` = 46L, `5` = 45L, `6` = 43L, `7` = 40L, 
    `8` = 39L, `9` = 18L, `10` = 15L, `11` = 22L, `12` = 7L, 
    `13` = 20L, `14` = 9L, `15` = 9L, `16` = 9L, `17` = 10L, 
    `18` = 3L, `19` = 7L, `20` = 3L, `21` = 4L, `22` = 9L, `23` = 7L, 
    `24` = 2L, `25` = 4L, `26` = 4L, `27` = 3L, `28` = 2L, `29` = 2L, 
    `30` = 1L, `31` = 2L, `32` = 1L, `33` = 1L, `34` = 2L, `36` = 1L, 
    `37` = 1L, `44` = 2L, `48` = 1L), .Dim = 38L, .Dimnames = list(
        TagUsage = c("1", "2", "3", "4", "5", "6", "7", "8", 
        "9", "10", "11", "12", "13", "14", "15", "16", "17", 
        "18", "19", "20", "21", "22", "23", "24", "25", "26", 
        "27", "28", "29", "30", "31", "32", "33", "34", "36", 
        "37", "44", "48")), class = "table"), No.Tag = structure(c(0L, 
    0L, 0L, 0L, 0L, 0L, 0L, 97L, 0L, 0L, 0L, 0L, 0L, 0L, 0L, 
    0L, 0L, 2L, 0L, 0L), .Dim = 5:4, .Dimnames = structure(list(
        c("-3", "-1", "0", "1", NA), c("-", "A", "G", NA)), .Names = c("", 
    "")), class = "table"), All.Tags = list(Concordant = list(
        Freqs = structure(c(0, 0, 0, 0, 0, 0, 662, 0, 0, 0, 6, 
        0), .Dim = 4:3, .Dimnames = list(c("-3", "-1", "0", "1"
        ), c("-", "A", "G"))), N = 668), Majority = list(Freqs = structure(c(0, 
    0, 0, 0, 0, 0, 675, 0, 0, 0, 6, 0), .Dim = 4:3, .Dimnames = list(
        c("-3", "-1", "0", "1"), c("-", "A", "G"))), N = 681)), 
    `2` = structure(c(0, 0, 0, 0, 0, 0, 535, 0, 0, 0, 0, 0), .Dim = 4:3, .Dimnames = list(
        c("-3", "-1", "0", "1"), c("-", "A", "G"))))))
