Results <-
list(`bwa.out//20220204//Control21_S14.sam` = list(LR44_SNP1 = list(
    All = list(Freqs = structure(c(0L, 0L, 1L, 0L, 0L, 0L, 5L, 
    202L, 3115L, 53L, 1L, 10L, 0L, 1L, 5L, 0L, 0L, 0L, 0L, 3L, 
    38L, 0L, 0L, 0L), .Dim = c(6L, 4L), .Dimnames = structure(list(
        c("-2", "-1", "0", "1", "3", NA), c("A", "C", "T", NA
        )), .Names = c("", "")), class = "table"), N = 3434L), 
    Tag.Distribution = structure(c(`1` = 161L, `2` = 94L, `3` = 64L, 
    `4` = 45L, `5` = 36L, `6` = 41L, `7` = 28L, `8` = 18L, `9` = 32L, 
    `10` = 14L, `11` = 20L, `12` = 16L, `13` = 16L, `14` = 13L, 
    `15` = 7L, `16` = 8L, `17` = 5L, `18` = 2L, `19` = 2L, `20` = 5L, 
    `21` = 3L, `22` = 1L, `23` = 1L, `24` = 2L), .Dim = 24L, .Dimnames = list(
        TagUsage = c("1", "2", "3", "4", "5", "6", "7", "8", 
        "9", "10", "11", "12", "13", "14", "15", "16", "17", 
        "18", "19", "20", "21", "22", "23", "24")), class = "table"), 
    No.Tag = structure(c(0L, 0L, 0L, 0L, 0L, 0L, 0L, 3L, 65L, 
    0L, 0L, 0L, 0L, 0L, 0L, 0L, 0L, 0L, 0L, 0L, 1L, 0L, 0L, 0L
    ), .Dim = c(6L, 4L), .Dimnames = structure(list(c("-2", "-1", 
    "0", "1", "3", NA), c("A", "C", "T", NA)), .Names = c("", 
    "")), class = "table"), All.Tags = list(Concordant = list(
        Freqs = structure(c(0, 0, 0, 0, 0, 0, 13, 448, 1, 0, 
        0, 0, 0, 0, 0), .Dim = c(5L, 3L), .Dimnames = list(c("-2", 
        "-1", "0", "1", "3"), c("A", "C", "T"))), N = 462), Majority = list(
        Freqs = structure(c(0, 0, 0, 0, 0, 0, 18, 587, 2, 0, 
        0, 0, 1, 0, 0), .Dim = c(5L, 3L), .Dimnames = list(c("-2", 
        "-1", "0", "1", "3"), c("A", "C", "T"))), N = 608)), 
    `2` = structure(c(0, 0, 0, 0, 0, 0, 7, 447, 1, 0, 0, 0, 1, 
    0, 0), .Dim = c(5L, 3L), .Dimnames = list(c("-2", "-1", "0", 
    "1", "3"), c("A", "C", "T"))))))
