Results <-
list(`bwa.out//20220204//BlindCMMRD53_S12.sam` = list(LR52_SNP1 = list(
    All = list(Freqs = structure(c(13L, 178L, 1118L, 5L, 25L, 
    8L, 148L, 1751L, 11L, 18L, 1L, 10L, 497L, 1L, 0L), .Dim = c(5L, 
    3L), .Dimnames = structure(list(c("-2", "-1", "0", "1", NA
    ), c("C", "T", NA)), .Names = c("", "")), class = "table"), 
        N = 3784L), Tag.Distribution = structure(c(`1` = 81L, 
    `2` = 46L, `3` = 27L, `4` = 31L, `5` = 27L, `6` = 22L, `7` = 22L, 
    `8` = 25L, `9` = 17L, `10` = 13L, `11` = 13L, `12` = 11L, 
    `13` = 7L, `14` = 13L, `15` = 6L, `16` = 10L, `17` = 8L, 
    `18` = 13L, `19` = 7L, `20` = 7L, `21` = 8L, `22` = 1L, `23` = 3L, 
    `24` = 6L, `25` = 2L, `26` = 4L, `27` = 5L, `28` = 1L, `29` = 3L, 
    `30` = 2L, `31` = 2L, `33` = 2L, `37` = 1L), .Dim = 33L, .Dimnames = list(
        TagUsage = c("1", "2", "3", "4", "5", "6", "7", "8", 
        "9", "10", "11", "12", "13", "14", "15", "16", "17", 
        "18", "19", "20", "21", "22", "23", "24", "25", "26", 
        "27", "28", "29", "30", "31", "33", "37")), class = "table"), 
    No.Tag = structure(c(0L, 1L, 13L, 0L, 1L, 0L, 1L, 12L, 0L, 
    0L, 0L, 0L, 1L, 0L, 0L), .Dim = c(5L, 3L), .Dimnames = structure(list(
        c("-2", "-1", "0", "1", NA), c("C", "T", NA)), .Names = c("", 
    "")), class = "table"), All.Tags = list(Concordant = list(
        Freqs = structure(c(0, 9, 93, 1, 1, 1, 133, 2), .Dim = c(4L, 
        2L), .Dimnames = list(c("-2", "-1", "0", "1"), c("C", 
        "T"))), N = 240), Majority = list(Freqs = structure(c(0, 
    12, 172, 1, 1, 3, 217, 2), .Dim = c(4L, 2L), .Dimnames = list(
        c("-2", "-1", "0", "1"), c("C", "T"))), N = 408)), `2` = structure(c(0, 
    7, 151, 0, 1, 3, 182, 0), .Dim = c(4L, 2L), .Dimnames = list(
        c("-2", "-1", "0", "1"), c("C", "T"))))))
