Results <-
list(`bwa.out//20220204//BlindCMMRD83_S42.sam` = list(IM16_SNP1 = list(
    All = list(Freqs = structure(c(0L, 0L, 1L, 0L, 0L, 0L, 1L, 
    56L, 5573L, 81L, 1L, 7L, 0L, 0L, 8L, 0L, 0L, 0L, 0L, 0L, 
    51L, 2L, 0L, 0L), .Dim = c(6L, 4L), .Dimnames = structure(list(
        c("-2", "-1", "0", "1", "2", NA), c("-", "A", "G", NA
        )), .Names = c("", "")), class = "table"), N = 5781L), 
    Tag.Distribution = structure(c(`1` = 110L, `2` = 65L, `3` = 50L, 
    `4` = 38L, `5` = 35L, `6` = 33L, `7` = 22L, `8` = 25L, `9` = 24L, 
    `10` = 16L, `11` = 18L, `12` = 18L, `13` = 10L, `14` = 11L, 
    `15` = 9L, `16` = 10L, `17` = 10L, `18` = 9L, `19` = 6L, 
    `20` = 11L, `21` = 5L, `22` = 7L, `23` = 5L, `24` = 1L, `25` = 4L, 
    `26` = 5L, `27` = 3L, `28` = 7L, `29` = 3L, `30` = 3L, `31` = 4L, 
    `32` = 3L, `33` = 5L, `34` = 2L, `35` = 2L, `37` = 1L, `38` = 3L, 
    `39` = 1L, `40` = 2L, `41` = 1L, `42` = 1L, `43` = 1L, `45` = 2L, 
    `47` = 1L, `49` = 1L, `52` = 1L, `54` = 1L, `61` = 1L), .Dim = 48L, .Dimnames = list(
        TagUsage = c("1", "2", "3", "4", "5", "6", "7", "8", 
        "9", "10", "11", "12", "13", "14", "15", "16", "17", 
        "18", "19", "20", "21", "22", "23", "24", "25", "26", 
        "27", "28", "29", "30", "31", "32", "33", "34", "35", 
        "37", "38", "39", "40", "41", "42", "43", "45", "47", 
        "49", "52", "54", "61")), class = "table"), No.Tag = structure(c(0L, 
    0L, 0L, 0L, 0L, 0L, 0L, 0L, 110L, 4L, 0L, 1L, 0L, 0L, 0L, 
    0L, 0L, 0L, 0L, 0L, 8L, 0L, 0L, 0L), .Dim = c(6L, 4L), .Dimnames = structure(list(
        c("-2", "-1", "0", "1", "2", NA), c("-", "A", "G", NA
        )), .Names = c("", "")), class = "table"), All.Tags = list(
        Concordant = list(Freqs = structure(c(0, 0, 0, 0, 0, 
        0, 4, 492, 2, 0, 0, 0, 6, 0, 0), .Dim = c(5L, 3L), .Dimnames = list(
            c("-2", "-1", "0", "1", "2"), c("-", "A", "G"))), 
            N = 504), Majority = list(Freqs = structure(c(0, 
        0, 0, 0, 0, 0, 5, 581, 2, 0, 0, 0, 6, 0, 0), .Dim = c(5L, 
        3L), .Dimnames = list(c("-2", "-1", "0", "1", "2"), c("-", 
        "A", "G"))), N = 594)), `2` = structure(c(0, 0, 0, 0, 
    0, 0, 2, 490, 0, 0, 0, 0, 0, 0, 0), .Dim = c(5L, 3L), .Dimnames = list(
        c("-2", "-1", "0", "1", "2"), c("-", "A", "G"))))))
