Results <-
list(`bwa.out//20220204//BlindCMMRD56_S15.sam` = list(LR40_SNP1 = list(
    All = list(Freqs = structure(c(50L, 4489L, 12L, 11L, 0L, 
    1L, 0L, 0L, 1L, 20L, 1L, 0L), .Dim = 4:3, .Dimnames = structure(list(
        c("-1", "0", "1", NA), c("C", "G", NA)), .Names = c("", 
    "")), class = "table"), N = 4585L), Tag.Distribution = structure(c(`1` = 118L, 
    `2` = 72L, `3` = 53L, `4` = 40L, `5` = 46L, `6` = 40L, `7` = 25L, 
    `8` = 38L, `9` = 25L, `10` = 23L, `11` = 11L, `12` = 17L, 
    `13` = 13L, `14` = 8L, `15` = 15L, `16` = 11L, `17` = 13L, 
    `18` = 4L, `19` = 6L, `20` = 5L, `21` = 8L, `22` = 4L, `23` = 6L, 
    `24` = 2L, `25` = 4L, `26` = 1L, `27` = 3L, `30` = 2L, `32` = 1L, 
    `33` = 3L, `35` = 2L, `41` = 1L, `42` = 1L), .Dim = 33L, .Dimnames = list(
        TagUsage = c("1", "2", "3", "4", "5", "6", "7", "8", 
        "9", "10", "11", "12", "13", "14", "15", "16", "17", 
        "18", "19", "20", "21", "22", "23", "24", "25", "26", 
        "27", "30", "32", "33", "35", "41", "42")), class = "table"), 
    No.Tag = structure(c(8L, 78L, 1L, 1L, 0L, 0L, 0L, 0L, 0L, 
    5L, 0L, 0L), .Dim = 4:3, .Dimnames = structure(list(c("-1", 
    "0", "1", NA), c("C", "G", NA)), .Names = c("", "")), class = "table"), 
    All.Tags = list(Concordant = list(Freqs = structure(c(2, 
    575, 0, 0, 0, 0), .Dim = 3:2, .Dimnames = list(c("-1", "0", 
    "1"), c("C", "G"))), N = 577), Majority = list(Freqs = structure(c(3, 
    615, 0, 0, 0, 0), .Dim = 3:2, .Dimnames = list(c("-1", "0", 
    "1"), c("C", "G"))), N = 618)), `2` = structure(c(1, 501, 
    0, 0, 0, 0), .Dim = 3:2, .Dimnames = list(c("-1", "0", "1"
    ), c("C", "G"))))))
