Results <-
list(`bwa.out//20220204//BlindCMMRD62_S21.sam` = list(LR17_SNP1 = list(
    All = list(Freqs = structure(c(108L, 3728L, 34L, 2L, 19L, 
    2L, 156L, 0L, 0L, 0L), .Dim = c(5L, 2L), .Dimnames = structure(list(
        c("-1", "0", "1", "2", NA), c("A", NA)), .Names = c("", 
    "")), class = "table"), N = 4049L), Tag.Distribution = structure(c(`1` = 87L, 
    `2` = 36L, `3` = 23L, `4` = 33L, `5` = 25L, `6` = 26L, `7` = 19L, 
    `8` = 21L, `9` = 14L, `10` = 18L, `11` = 13L, `12` = 19L, 
    `13` = 9L, `14` = 18L, `15` = 15L, `16` = 14L, `17` = 8L, 
    `18` = 6L, `19` = 7L, `20` = 4L, `21` = 5L, `22` = 5L, `23` = 1L, 
    `24` = 4L, `25` = 6L, `27` = 4L, `28` = 1L, `29` = 1L, `30` = 3L, 
    `31` = 4L, `32` = 2L, `33` = 1L, `36` = 1L, `40` = 1L, `41` = 1L
    ), .Dim = 35L, .Dimnames = list(TagUsage = c("1", "2", "3", 
    "4", "5", "6", "7", "8", "9", "10", "11", "12", "13", "14", 
    "15", "16", "17", "18", "19", "20", "21", "22", "23", "24", 
    "25", "27", "28", "29", "30", "31", "32", "33", "36", "40", 
    "41")), class = "table"), No.Tag = structure(c(4L, 69L, 0L, 
    0L, 0L, 0L, 5L, 0L, 0L, 0L), .Dim = c(5L, 2L), .Dimnames = structure(list(
        c("-1", "0", "1", "2", NA), c("A", NA)), .Names = c("", 
    "")), class = "table"), All.Tags = list(Concordant = list(
        Freqs = structure(c(2, 340, 1, 0), .Dim = c(4L, 1L), .Dimnames = list(
            c("-1", "0", "1", "2"), "A")), N = 343), Majority = list(
        Freqs = structure(c(2, 445, 1, 0), .Dim = c(4L, 1L), .Dimnames = list(
            c("-1", "0", "1", "2"), "A")), N = 448)), `2` = structure(c(0, 
    365, 0, 0), .Dim = c(4L, 1L), .Dimnames = list(c("-1", "0", 
    "1", "2"), "A")))))
