Results <-
list(`bwa.out//20220204//MLPA03_S10.sam` = list(GM11_SNP1 = list(
    All = list(Freqs = structure(c(0L, 9L, 2423L, 4L, 0L, 1L, 
    22L, 2764L, 11L, 6L, 0L, 0L, 1L, 0L, 0L, 0L, 1L, 56L, 1L, 
    0L), .Dim = 5:4, .Dimnames = structure(list(c("-2", "-1", 
    "0", "1", NA), c("A", "G", "T", NA)), .Names = c("", "")), class = "table"), 
        N = 5299L), Tag.Distribution = structure(c(`1` = 133L, 
    `2` = 46L, `3` = 39L, `4` = 31L, `5` = 31L, `6` = 22L, `7` = 28L, 
    `8` = 21L, `9` = 14L, `10` = 14L, `11` = 14L, `12` = 14L, 
    `13` = 13L, `14` = 12L, `15` = 7L, `16` = 13L, `17` = 10L, 
    `18` = 8L, `19` = 2L, `20` = 4L, `21` = 9L, `22` = 5L, `23` = 3L, 
    `24` = 5L, `25` = 5L, `26` = 4L, `27` = 5L, `28` = 1L, `29` = 6L, 
    `30` = 5L, `31` = 2L, `32` = 2L, `34` = 3L, `35` = 4L, `36` = 4L, 
    `39` = 2L, `41` = 2L, `42` = 1L, `43` = 2L, `45` = 1L, `47` = 1L, 
    `50` = 1L, `51` = 1L, `55` = 1L, `56` = 2L, `63` = 1L), .Dim = 46L, .Dimnames = list(
        TagUsage = c("1", "2", "3", "4", "5", "6", "7", "8", 
        "9", "10", "11", "12", "13", "14", "15", "16", "17", 
        "18", "19", "20", "21", "22", "23", "24", "25", "26", 
        "27", "28", "29", "30", "31", "32", "34", "35", "36", 
        "39", "41", "42", "43", "45", "47", "50", "51", "55", 
        "56", "63")), class = "table"), No.Tag = structure(c(0L, 
    1L, 25L, 0L, 0L, 0L, 0L, 54L, 0L, 1L, 0L, 0L, 0L, 0L, 0L, 
    0L, 0L, 4L, 0L, 0L), .Dim = 5:4, .Dimnames = structure(list(
        c("-2", "-1", "0", "1", NA), c("A", "G", "T", NA)), .Names = c("", 
    "")), class = "table"), All.Tags = list(Concordant = list(
        Freqs = structure(c(0, 0, 242, 0, 0, 0, 236, 0, 0, 0, 
        0, 0), .Dim = 4:3, .Dimnames = list(c("-2", "-1", "0", 
        "1"), c("A", "G", "T"))), N = 478), Majority = list(Freqs = structure(c(0, 
    0, 263, 0, 0, 0, 275, 0, 0, 0, 0, 0), .Dim = 4:3, .Dimnames = list(
        c("-2", "-1", "0", "1"), c("A", "G", "T"))), N = 538)), 
    `2` = structure(c(0, 0, 201, 0, 0, 0, 215, 0, 0, 0, 0, 0), .Dim = 4:3, .Dimnames = list(
        c("-2", "-1", "0", "1"), c("A", "G", "T"))))))
