Results <-
list(`bwa.out//20220204//BlindCMMRD56_S15.sam` = list(LR24_SNP1 = list(
    All = list(Freqs = structure(c(2L, 24L, 3938L, 6L, 4L, 0L, 
    0L, 31L, 0L, 0L), .Dim = c(5L, 2L), .Dimnames = structure(list(
        c("-2", "-1", "0", "1", NA), c("A", NA)), .Names = c("", 
    "")), class = "table"), N = 4005L), Tag.Distribution = structure(c(`1` = 207L, 
    `2` = 125L, `3` = 96L, `4` = 75L, `5` = 69L, `6` = 48L, `7` = 46L, 
    `8` = 34L, `9` = 19L, `10` = 19L, `11` = 14L, `12` = 10L, 
    `13` = 7L, `14` = 10L, `15` = 10L, `16` = 7L, `17` = 3L, 
    `18` = 4L, `19` = 2L, `20` = 3L, `22` = 2L, `23` = 1L, `25` = 3L, 
    `26` = 1L, `27` = 1L, `30` = 1L, `31` = 1L, `32` = 1L), .Dim = 28L, .Dimnames = list(
        TagUsage = c("1", "2", "3", "4", "5", "6", "7", "8", 
        "9", "10", "11", "12", "13", "14", "15", "16", "17", 
        "18", "19", "20", "22", "23", "25", "26", "27", "30", 
        "31", "32")), class = "table"), No.Tag = structure(c(0L, 
    0L, 94L, 0L, 1L, 0L, 0L, 1L, 0L, 0L), .Dim = c(5L, 2L), .Dimnames = structure(list(
        c("-2", "-1", "0", "1", NA), c("A", NA)), .Names = c("", 
    "")), class = "table"), All.Tags = list(Concordant = list(
        Freqs = structure(c(0, 4, 789, 1), .Dim = c(4L, 1L), .Dimnames = list(
            c("-2", "-1", "0", "1"), "A")), N = 794), Majority = list(
        Freqs = structure(c(0, 5, 804, 1), .Dim = c(4L, 1L), .Dimnames = list(
            c("-2", "-1", "0", "1"), "A")), N = 810)), `2` = structure(c(0, 
    3, 608, 1), .Dim = c(4L, 1L), .Dimnames = list(c("-2", "-1", 
    "0", "1"), "A")))))
