Results <-
list(`bwa.out//20220204//13D0575_S2.sam` = list(GM09_SNP1 = list(
    All = list(Freqs = structure(c(0L, 19L, 1821L, 1L, 1L, 13L, 
    1597L, 1L, 0L, 1L, 22L, 0L), .Dim = 4:3, .Dimnames = structure(list(
        c("-2", "-1", "0", "1"), c("A", "G", NA)), .Names = c("", 
    "")), class = "table"), N = 3476L), Tag.Distribution = structure(c(`1` = 174L, 
    `2` = 98L, `3` = 84L, `4` = 71L, `5` = 52L, `6` = 39L, `7` = 28L, 
    `8` = 21L, `9` = 25L, `10` = 14L, `11` = 15L, `12` = 6L, 
    `13` = 9L, `14` = 6L, `15` = 5L, `16` = 2L, `17` = 2L, `18` = 6L, 
    `19` = 6L, `20` = 5L, `21` = 2L, `22` = 1L, `23` = 3L, `24` = 2L, 
    `26` = 2L, `27` = 1L, `29` = 2L, `30` = 1L, `31` = 1L), .Dim = 29L, .Dimnames = list(
        TagUsage = c("1", "2", "3", "4", "5", "6", "7", "8", 
        "9", "10", "11", "12", "13", "14", "15", "16", "17", 
        "18", "19", "20", "21", "22", "23", "24", "26", "27", 
        "29", "30", "31")), class = "table"), No.Tag = structure(c(0L, 
    0L, 37L, 0L, 0L, 0L, 0L, 28L, 0L, 0L, 0L, 0L, 2L, 0L, 0L), .Dim = c(5L, 
    3L), .Dimnames = structure(list(c("-2", "-1", "0", "1", NA
    ), c("A", "G", NA)), .Names = c("", "")), class = "table"), 
    All.Tags = list(Concordant = list(Freqs = structure(c(0, 
    3, 319, 0, 0, 0, 292, 0), .Dim = c(4L, 2L), .Dimnames = list(
        c("-2", "-1", "0", "1"), c("A", "G"))), N = 614), Majority = list(
        Freqs = structure(c(0, 3, 343, 0, 0, 0, 323, 0), .Dim = c(4L, 
        2L), .Dimnames = list(c("-2", "-1", "0", "1"), c("A", 
        "G"))), N = 669)), `2` = structure(c(0, 2, 252, 0, 0, 
    0, 245, 0), .Dim = c(4L, 2L), .Dimnames = list(c("-2", "-1", 
    "0", "1"), c("A", "G"))))))
