Results <-
list(`bwa.out//20220204//Control17_S10.sam` = list(LR49_SNP1 = list(
    All = list(Freqs = structure(c(1L, 5L, 1235L, 2L, 2L, 0L, 
    1L, 1486L, 0L, 2L, 0L, 0L, 1L, 0L, 0L, 0L, 0L, 28L, 0L, 0L
    ), .Dim = 5:4, .Dimnames = structure(list(c("-2", "-1", "0", 
    "1", NA), c("A", "G", "T", NA)), .Names = c("", "")), class = "table"), 
        N = 2763L), Tag.Distribution = structure(c(`1` = 124L, 
    `2` = 62L, `3` = 49L, `4` = 41L, `5` = 36L, `6` = 21L, `7` = 18L, 
    `8` = 20L, `9` = 15L, `10` = 22L, `11` = 10L, `12` = 8L, 
    `13` = 10L, `14` = 8L, `15` = 3L, `16` = 6L, `17` = 4L, `18` = 1L, 
    `19` = 1L, `20` = 2L, `21` = 2L, `22` = 1L, `23` = 3L, `24` = 1L, 
    `25` = 1L, `27` = 4L, `28` = 2L, `35` = 1L), .Dim = 28L, .Dimnames = list(
        TagUsage = c("1", "2", "3", "4", "5", "6", "7", "8", 
        "9", "10", "11", "12", "13", "14", "15", "16", "17", 
        "18", "19", "20", "21", "22", "23", "24", "25", "27", 
        "28", "35")), class = "table"), No.Tag = structure(c(0L, 
    0L, 70L, 0L, 0L, 0L, 0L, 62L, 0L, 1L, 0L, 0L, 0L, 0L, 0L, 
    0L, 0L, 9L, 0L, 0L), .Dim = 5:4, .Dimnames = structure(list(
        c("-2", "-1", "0", "1", NA), c("A", "G", "T", NA)), .Names = c("", 
    "")), class = "table"), All.Tags = list(Concordant = list(
        Freqs = structure(c(0, 0, 202, 0, 0, 0, 236, 0, 0, 0, 
        0, 0), .Dim = 4:3, .Dimnames = list(c("-2", "-1", "0", 
        "1"), c("A", "G", "T"))), N = 438), Majority = list(Freqs = structure(c(0, 
    0, 220, 0, 0, 0, 245, 0, 0, 0, 0, 0), .Dim = 4:3, .Dimnames = list(
        c("-2", "-1", "0", "1"), c("A", "G", "T"))), N = 465)), 
    `2` = structure(c(0, 0, 157, 0, 0, 0, 190, 0, 0, 0, 0, 0), .Dim = 4:3, .Dimnames = list(
        c("-2", "-1", "0", "1"), c("A", "G", "T"))))))
