Results <-
list(`bwa.out//20220204//BlindCMMRD99_S58.sam` = list(IM16_SNP1 = list(
    All = list(Freqs = structure(c(0L, 0L, 0L, 7L, 0L, 0L, 0L, 
    1L, 1L, 49L, 4870L, 51L, 1L, 5L, 0L, 0L, 0L, 1L, 0L, 0L, 
    0L, 0L, 0L, 0L, 57L, 3L, 0L, 0L), .Dim = c(7L, 4L), .Dimnames = structure(list(
        c("-3", "-2", "-1", "0", "1", "2", NA), c("A", "G", "T", 
        NA)), .Names = c("", "")), class = "table"), N = 5046L), 
    Tag.Distribution = structure(c(`1` = 128L, `2` = 73L, `3` = 53L, 
    `4` = 42L, `5` = 43L, `6` = 33L, `7` = 26L, `8` = 16L, `9` = 14L, 
    `10` = 24L, `11` = 17L, `12` = 20L, `13` = 10L, `14` = 11L, 
    `15` = 14L, `16` = 7L, `17` = 7L, `18` = 7L, `19` = 8L, `20` = 9L, 
    `21` = 2L, `22` = 7L, `23` = 4L, `24` = 7L, `25` = 2L, `26` = 4L, 
    `27` = 3L, `28` = 4L, `29` = 4L, `30` = 2L, `31` = 4L, `32` = 1L, 
    `34` = 2L, `35` = 1L, `36` = 2L, `37` = 2L, `38` = 1L, `39` = 1L, 
    `41` = 2L, `44` = 1L, `45` = 1L), .Dim = 41L, .Dimnames = list(
        TagUsage = c("1", "2", "3", "4", "5", "6", "7", "8", 
        "9", "10", "11", "12", "13", "14", "15", "16", "17", 
        "18", "19", "20", "21", "22", "23", "24", "25", "26", 
        "27", "28", "29", "30", "31", "32", "34", "35", "36", 
        "37", "38", "39", "41", "44", "45")), class = "table"), 
    No.Tag = structure(c(0L, 0L, 0L, 1L, 0L, 0L, 0L, 0L, 0L, 
    1L, 96L, 1L, 0L, 1L, 0L, 0L, 0L, 1L, 0L, 0L, 0L, 0L, 0L, 
    0L, 13L, 0L, 0L, 0L), .Dim = c(7L, 4L), .Dimnames = structure(list(
        c("-3", "-2", "-1", "0", "1", "2", NA), c("A", "G", "T", 
        NA)), .Names = c("", "")), class = "table"), All.Tags = list(
        Concordant = list(Freqs = structure(c(0, 0, 0, 4, 0, 
        0, 0, 0, 2, 533, 0, 0, 0, 0, 0, 0, 0, 0), .Dim = c(6L, 
        3L), .Dimnames = list(c("-3", "-2", "-1", "0", "1", "2"
        ), c("A", "G", "T"))), N = 539), Majority = list(Freqs = structure(c(0, 
        0, 0, 4, 0, 0, 0, 0, 2, 604, 0, 0, 0, 0, 0, 0, 0, 0), .Dim = c(6L, 
        3L), .Dimnames = list(c("-3", "-2", "-1", "0", "1", "2"
        ), c("A", "G", "T"))), N = 610)), `2` = structure(c(0, 
    0, 0, 0, 0, 0, 0, 0, 1, 483, 0, 0, 0, 0, 0, 0, 0, 0), .Dim = c(6L, 
    3L), .Dimnames = list(c("-3", "-2", "-1", "0", "1", "2"), 
        c("A", "G", "T"))))))
