Results <-
list(`bwa.out//20220204//BlindCMMRD74_S33.sam` = list(GM17_SNP1 = list(
    All = list(Freqs = structure(c(0L, 41L, 2219L, 11L, 1L, 14L, 
    2124L, 4L, 0L, 1L, 25L, 0L), .Dim = 4:3, .Dimnames = structure(list(
        c("-2", "-1", "0", "1"), c("C", "T", NA)), .Names = c("", 
    "")), class = "table"), N = 4440L), Tag.Distribution = structure(c(`1` = 96L, 
    `2` = 46L, `3` = 44L, `4` = 34L, `5` = 32L, `6` = 33L, `7` = 27L, 
    `8` = 27L, `9` = 26L, `10` = 20L, `11` = 23L, `12` = 13L, 
    `13` = 7L, `14` = 6L, `15` = 9L, `16` = 8L, `17` = 5L, `18` = 5L, 
    `19` = 7L, `20` = 8L, `21` = 5L, `22` = 6L, `23` = 4L, `24` = 7L, 
    `25` = 5L, `26` = 3L, `27` = 4L, `28` = 3L, `29` = 1L, `30` = 3L, 
    `31` = 3L, `32` = 1L, `34` = 1L, `36` = 1L, `37` = 1L, `38` = 1L, 
    `40` = 1L), .Dim = 37L, .Dimnames = list(TagUsage = c("1", 
    "2", "3", "4", "5", "6", "7", "8", "9", "10", "11", "12", 
    "13", "14", "15", "16", "17", "18", "19", "20", "21", "22", 
    "23", "24", "25", "26", "27", "28", "29", "30", "31", "32", 
    "34", "36", "37", "38", "40")), class = "table"), No.Tag = structure(c(0L, 
    1L, 61L, 0L, 0L, 0L, 0L, 80L, 0L, 0L, 0L, 0L, 9L, 0L, 0L), .Dim = c(5L, 
    3L), .Dimnames = structure(list(c("-2", "-1", "0", "1", NA
    ), c("C", "T", NA)), .Names = c("", "")), class = "table"), 
    All.Tags = list(Concordant = list(Freqs = structure(c(0, 
    1, 228, 1, 0, 1, 224, 0), .Dim = c(4L, 2L), .Dimnames = list(
        c("-2", "-1", "0", "1"), c("C", "T"))), N = 455), Majority = list(
        Freqs = structure(c(0, 1, 265, 1, 0, 1, 255, 0), .Dim = c(4L, 
        2L), .Dimnames = list(c("-2", "-1", "0", "1"), c("C", 
        "T"))), N = 523)), `2` = structure(c(0, 0, 215, 0, 0, 
    0, 214, 0), .Dim = c(4L, 2L), .Dimnames = list(c("-2", "-1", 
    "0", "1"), c("C", "T"))))))
