Results <-
list(`bwa.out//20220204//BlindCMMRD99_S58.sam` = list(GM14_SNP1 = list(
    All = list(Freqs = structure(c(2L, 102L, 2476L, 18L, 1L, 
    10L, 0L, 0L, 3L, 0L, 0L, 0L, 0L, 0L, 12L, 0L, 0L, 0L), .Dim = c(6L, 
    3L), .Dimnames = structure(list(c("-2", "-1", "0", "1", "2", 
    NA), c("C", "T", NA)), .Names = c("", "")), class = "table"), 
        N = 2624L), Tag.Distribution = structure(c(`1` = 90L, 
    `2` = 38L, `3` = 33L, `4` = 35L, `5` = 27L, `6` = 29L, `7` = 14L, 
    `8` = 16L, `9` = 10L, `10` = 9L, `11` = 12L, `12` = 6L, `13` = 6L, 
    `14` = 9L, `15` = 6L, `16` = 5L, `17` = 4L, `18` = 3L, `19` = 1L, 
    `20` = 2L, `21` = 5L, `22` = 3L, `23` = 1L, `24` = 2L, `25` = 3L, 
    `26` = 2L, `28` = 1L, `29` = 1L, `30` = 1L, `33` = 2L, `34` = 1L, 
    `35` = 2L, `36` = 1L, `42` = 1L), .Dim = 34L, .Dimnames = list(
        TagUsage = c("1", "2", "3", "4", "5", "6", "7", "8", 
        "9", "10", "11", "12", "13", "14", "15", "16", "17", 
        "18", "19", "20", "21", "22", "23", "24", "25", "26", 
        "28", "29", "30", "33", "34", "35", "36", "42")), class = "table"), 
    No.Tag = structure(c(0L, 1L, 39L, 0L, 0L, 0L, 0L, 0L, 0L, 
    0L, 0L, 0L, 0L, 0L, 1L, 0L, 0L, 0L), .Dim = c(6L, 3L), .Dimnames = structure(list(
        c("-2", "-1", "0", "1", "2", NA), c("C", "T", NA)), .Names = c("", 
    "")), class = "table"), All.Tags = list(Concordant = list(
        Freqs = structure(c(0, 2, 285, 2, 0, 0, 0, 2, 0, 0), .Dim = c(5L, 
        2L), .Dimnames = list(c("-2", "-1", "0", "1", "2"), c("C", 
        "T"))), N = 291), Majority = list(Freqs = structure(c(0, 
    4, 364, 2, 0, 0, 0, 2, 0, 0), .Dim = c(5L, 2L), .Dimnames = list(
        c("-2", "-1", "0", "1", "2"), c("C", "T"))), N = 372)), 
    `2` = structure(c(0, 3, 283, 1, 0, 0, 0, 0, 0, 0), .Dim = c(5L, 
    2L), .Dimnames = list(c("-2", "-1", "0", "1", "2"), c("C", 
    "T"))))))
