Results <-
list(`bwa.out//20220204//BlindCMMRD93_S52.sam` = list(GM17_SNP1 = list(
    All = list(Freqs = structure(c(55L, 3696L, 20L, 1L, 4L, 0L, 
    3L, 0L, 0L, 0L, 0L, 28L, 0L, 0L, 0L), .Dim = c(5L, 3L), .Dimnames = structure(list(
        c("-1", "0", "1", "2", NA), c("C", "T", NA)), .Names = c("", 
    "")), class = "table"), N = 3807L), Tag.Distribution = structure(c(`1` = 109L, 
    `2` = 59L, `3` = 50L, `4` = 44L, `5` = 38L, `6` = 32L, `7` = 23L, 
    `8` = 32L, `9` = 20L, `10` = 24L, `11` = 19L, `12` = 12L, 
    `13` = 11L, `14` = 10L, `15` = 10L, `16` = 10L, `17` = 8L, 
    `18` = 8L, `19` = 6L, `20` = 3L, `21` = 4L, `22` = 6L, `23` = 1L, 
    `24` = 4L, `25` = 2L, `28` = 3L, `35` = 1L, `46` = 1L), .Dim = 28L, .Dimnames = list(
        TagUsage = c("1", "2", "3", "4", "5", "6", "7", "8", 
        "9", "10", "11", "12", "13", "14", "15", "16", "17", 
        "18", "19", "20", "21", "22", "23", "24", "25", "28", 
        "35", "46")), class = "table"), No.Tag = structure(c(1L, 
    82L, 0L, 0L, 0L, 0L, 0L, 0L, 0L, 0L, 0L, 2L, 0L, 0L, 0L), .Dim = c(5L, 
    3L), .Dimnames = structure(list(c("-1", "0", "1", "2", NA
    ), c("C", "T", NA)), .Names = c("", "")), class = "table"), 
    All.Tags = list(Concordant = list(Freqs = structure(c(3, 
    494, 2, 0, 0, 3, 0, 0), .Dim = c(4L, 2L), .Dimnames = list(
        c("-1", "0", "1", "2"), c("C", "T"))), N = 502), Majority = list(
        Freqs = structure(c(3, 538, 2, 0, 0, 3, 0, 0), .Dim = c(4L, 
        2L), .Dimnames = list(c("-1", "0", "1", "2"), c("C", 
        "T"))), N = 546)), `2` = structure(c(1, 438, 1, 0, 0, 
    0, 0, 0), .Dim = c(4L, 2L), .Dimnames = list(c("-1", "0", 
    "1", "2"), c("C", "T"))))))
