Results <-
list(`bwa.out//20220204//BlindCMMRD81_S40.sam` = list(LR10_SNP1 = list(
    All = list(Freqs = structure(c(57L, 1976L, 10L, 4L, 0L, 1L, 
    0L, 0L, 30L, 2061L, 8L, 1L, 1L, 36L, 0L, 0L), .Dim = c(4L, 
    4L), .Dimnames = structure(list(c("-1", "0", "1", NA), c("C", 
    "G", "T", NA)), .Names = c("", "")), class = "table"), N = 4185L), 
    Tag.Distribution = structure(c(`1` = 97L, `2` = 43L, `3` = 42L, 
    `4` = 41L, `5` = 27L, `6` = 24L, `7` = 34L, `8` = 26L, `9` = 17L, 
    `10` = 24L, `11` = 26L, `12` = 13L, `13` = 15L, `14` = 11L, 
    `15` = 12L, `16` = 12L, `17` = 5L, `18` = 4L, `19` = 9L, 
    `20` = 11L, `21` = 8L, `23` = 4L, `24` = 5L, `25` = 1L, `26` = 4L, 
    `27` = 1L, `28` = 2L, `29` = 1L, `31` = 1L, `32` = 1L, `34` = 1L, 
    `35` = 1L, `42` = 1L), .Dim = 33L, .Dimnames = list(TagUsage = c("1", 
    "2", "3", "4", "5", "6", "7", "8", "9", "10", "11", "12", 
    "13", "14", "15", "16", "17", "18", "19", "20", "21", "23", 
    "24", "25", "26", "27", "28", "29", "31", "32", "34", "35", 
    "42")), class = "table"), No.Tag = structure(c(0L, 22L, 0L, 
    0L, 0L, 0L, 0L, 0L, 2L, 61L, 0L, 0L, 0L, 3L, 0L, 0L), .Dim = c(4L, 
    4L), .Dimnames = structure(list(c("-1", "0", "1", NA), c("C", 
    "G", "T", NA)), .Names = c("", "")), class = "table"), All.Tags = list(
        Concordant = list(Freqs = structure(c(1, 192, 1, 0, 0, 
        0, 1, 220, 0), .Dim = c(3L, 3L), .Dimnames = list(c("-1", 
        "0", "1"), c("C", "G", "T"))), N = 415), Majority = list(
            Freqs = structure(c(1, 247, 1, 0, 0, 0, 1, 261, 0
            ), .Dim = c(3L, 3L), .Dimnames = list(c("-1", "0", 
            "1"), c("C", "G", "T"))), N = 511)), `2` = structure(c(0, 
    214, 0, 0, 0, 0, 0, 206, 0), .Dim = c(3L, 3L), .Dimnames = list(
        c("-1", "0", "1"), c("C", "G", "T"))))))
