Results <-
list(`bwa.out//20220204//BlindCMMRD79_S38.sam` = list(LR24_SNP1 = list(
    All = list(Freqs = structure(c(0L, 1L, 0L, 0L, 8L, 2196L, 
    2L, 0L, 13L, 2263L, 5L, 2L, 1L, 23L, 1L, 0L), .Dim = c(4L, 
    4L), .Dimnames = structure(list(c("-1", "0", "1", NA), c("-", 
    "A", "G", NA)), .Names = c("", "")), class = "table"), N = 4515L), 
    Tag.Distribution = structure(c(`1` = 225L, `2` = 127L, `3` = 117L, 
    `4` = 88L, `5` = 77L, `6` = 72L, `7` = 51L, `8` = 43L, `9` = 29L, 
    `10` = 19L, `11` = 18L, `12` = 16L, `13` = 15L, `14` = 6L, 
    `15` = 6L, `16` = 4L, `17` = 3L, `18` = 2L, `19` = 6L, `20` = 4L, 
    `22` = 1L, `23` = 2L, `25` = 1L, `29` = 1L), .Dim = 24L, .Dimnames = list(
        TagUsage = c("1", "2", "3", "4", "5", "6", "7", "8", 
        "9", "10", "11", "12", "13", "14", "15", "16", "17", 
        "18", "19", "20", "22", "23", "25", "29")), class = "table"), 
    No.Tag = structure(c(0L, 0L, 0L, 0L, 0L, 82L, 0L, 0L, 0L, 
    52L, 0L, 0L, 0L, 4L, 0L, 0L), .Dim = c(4L, 4L), .Dimnames = structure(list(
        c("-1", "0", "1", NA), c("-", "A", "G", NA)), .Names = c("", 
    "")), class = "table"), All.Tags = list(Concordant = list(
        Freqs = structure(c(0, 0, 0, 0, 391, 0, 1, 424, 0), .Dim = c(3L, 
        3L), .Dimnames = list(c("-1", "0", "1"), c("-", "A", 
        "G"))), N = 816), Majority = list(Freqs = structure(c(0, 
    0, 0, 0, 443, 0, 2, 466, 0), .Dim = c(3L, 3L), .Dimnames = list(
        c("-1", "0", "1"), c("-", "A", "G"))), N = 911)), `2` = structure(c(0, 
    0, 0, 0, 341, 0, 1, 346, 0), .Dim = c(3L, 3L), .Dimnames = list(
        c("-1", "0", "1"), c("-", "A", "G"))))))
