Results <-
list(`bwa.out//20220204//BlindCMMRD131_S57.sam` = list(LR11_SNP1 = list(
    All = list(Freqs = structure(c(0L, 0L, 4L, 0L, 0L, 4L, 99L, 
    5374L, 38L, 35L, 0L, 0L, 1L, 0L, 0L, 0L, 2L, 36L, 0L, 0L), .Dim = 5:4, .Dimnames = structure(list(
        c("-2", "-1", "0", "1", NA), c("A", "C", "T", NA)), .Names = c("", 
    "")), class = "table"), N = 5593L), Tag.Distribution = structure(c(`1` = 216L, 
    `2` = 160L, `3` = 170L, `4` = 141L, `5` = 110L, `6` = 83L, 
    `7` = 83L, `8` = 57L, `9` = 44L, `10` = 27L, `11` = 24L, 
    `12` = 29L, `13` = 13L, `14` = 4L, `15` = 7L, `16` = 5L, 
    `17` = 3L, `18` = 1L, `19` = 1L, `20` = 1L, `29` = 1L), .Dim = 21L, .Dimnames = list(
        TagUsage = c("1", "2", "3", "4", "5", "6", "7", "8", 
        "9", "10", "11", "12", "13", "14", "15", "16", "17", 
        "18", "19", "20", "29")), class = "table"), No.Tag = structure(c(0L, 
    0L, 1L, 0L, 0L, 0L, 0L, 67L, 3L, 2L, 0L, 0L, 0L, 0L, 0L, 
    0L, 0L, 0L, 0L, 0L), .Dim = 5:4, .Dimnames = structure(list(
        c("-2", "-1", "0", "1", NA), c("A", "C", "T", NA)), .Names = c("", 
    "")), class = "table"), All.Tags = list(Concordant = list(
        Freqs = structure(c(0, 0, 3, 0, 0, 6, 1046, 1, 0, 0, 
        0, 0), .Dim = 4:3, .Dimnames = list(c("-2", "-1", "0", 
        "1"), c("A", "C", "T"))), N = 1056), Majority = list(
        Freqs = structure(c(0, 0, 3, 0, 0, 6, 1156, 2, 0, 0, 
        0, 0), .Dim = 4:3, .Dimnames = list(c("-2", "-1", "0", 
        "1"), c("A", "C", "T"))), N = 1167)), `2` = structure(c(0, 
    0, 0, 0, 0, 0, 955, 1, 0, 0, 0, 0), .Dim = 4:3, .Dimnames = list(
        c("-2", "-1", "0", "1"), c("A", "C", "T"))))))
