Results <-
list(`bwa.out//20220204//BlindCMMRD49_S9.sam` = list(LR48_SNP1 = list(
    All = list(Freqs = structure(c(10L, 393L, 5080L, 73L, 1L, 
    26L, 0L, 0L, 2L, 0L, 0L, 0L, 0L, 0L, 1L, 0L, 0L, 0L, 0L, 
    1L, 71L, 0L, 0L, 0L), .Dim = c(6L, 4L), .Dimnames = structure(list(
        c("-2", "-1", "0", "1", "2", NA), c("C", "G", "T", NA
        )), .Names = c("", "")), class = "table"), N = 5658L), 
    Tag.Distribution = structure(c(`1` = 66L, `2` = 4L, `3` = 3L, 
    `4` = 11L, `5` = 6L, `6` = 3L, `7` = 3L, `8` = 7L, `9` = 4L, 
    `10` = 4L, `11` = 4L, `12` = 3L, `13` = 2L, `14` = 2L, `15` = 4L, 
    `16` = 9L, `17` = 2L, `18` = 5L, `19` = 2L, `20` = 1L, `21` = 5L, 
    `22` = 6L, `23` = 1L, `24` = 1L, `25` = 4L, `26` = 2L, `27` = 1L, 
    `28` = 2L, `29` = 1L, `30` = 2L, `31` = 2L, `32` = 1L, `33` = 2L, 
    `34` = 1L, `35` = 2L, `36` = 1L, `37` = 3L, `39` = 1L, `40` = 1L, 
    `41` = 5L, `42` = 2L, `44` = 1L, `45` = 1L, `46` = 2L, `47` = 4L, 
    `48` = 1L, `50` = 1L, `51` = 1L, `52` = 1L, `53` = 2L, `54` = 1L, 
    `55` = 2L, `56` = 2L, `57` = 1L, `58` = 1L, `59` = 1L, `60` = 3L, 
    `62` = 1L, `64` = 1L, `65` = 2L, `71` = 1L, `75` = 1L, `77` = 2L, 
    `83` = 2L, `84` = 1L, `85` = 1L, `87` = 1L, `88` = 2L, `89` = 1L, 
    `90` = 1L, `91` = 2L, `93` = 1L, `94` = 1L, `95` = 1L, `100` = 1L, 
    `133` = 1L), .Dim = 76L, .Dimnames = list(TagUsage = c("1", 
    "2", "3", "4", "5", "6", "7", "8", "9", "10", "11", "12", 
    "13", "14", "15", "16", "17", "18", "19", "20", "21", "22", 
    "23", "24", "25", "26", "27", "28", "29", "30", "31", "32", 
    "33", "34", "35", "36", "37", "39", "40", "41", "42", "44", 
    "45", "46", "47", "48", "50", "51", "52", "53", "54", "55", 
    "56", "57", "58", "59", "60", "62", "64", "65", "71", "75", 
    "77", "83", "84", "85", "87", "88", "89", "90", "91", "93", 
    "94", "95", "100", "133")), class = "table"), No.Tag = structure(c(0L, 
    1L, 79L, 0L, 0L, 0L, 0L, 0L, 0L, 0L, 0L, 0L, 0L, 0L, 0L, 
    0L, 0L, 0L, 0L, 0L, 7L, 0L, 0L, 0L), .Dim = c(6L, 4L), .Dimnames = structure(list(
        c("-2", "-1", "0", "1", "2", NA), c("C", "G", "T", NA
        )), .Names = c("", "")), class = "table"), All.Tags = list(
        Concordant = list(Freqs = structure(c(0, 11, 126, 4, 
        0, 0, 0, 0, 0, 0, 0, 0, 0, 0, 0), .Dim = c(5L, 3L), .Dimnames = list(
            c("-2", "-1", "0", "1", "2"), c("C", "G", "T"))), 
            N = 141), Majority = list(Freqs = structure(c(0, 
        16, 212, 4, 0, 0, 0, 0, 0, 0, 0, 0, 0, 0, 0), .Dim = c(5L, 
        3L), .Dimnames = list(c("-2", "-1", "0", "1", "2"), c("C", 
        "G", "T"))), N = 232)), `2` = structure(c(0, 10, 161, 
    2, 0, 0, 0, 0, 0, 0, 0, 0, 0, 0, 0), .Dim = c(5L, 3L), .Dimnames = list(
        c("-2", "-1", "0", "1", "2"), c("C", "G", "T"))))))
