Results <-
list(`bwa.out//20220204//Control17_S10.sam` = list(LR52_SNP1 = list(
    All = list(Freqs = structure(c(10L, 141L, 1351L, 28L, 6L, 
    9L, 148L, 1404L, 19L, 4L, 0L, 1L, 97L, 0L, 0L), .Dim = c(5L, 
    3L), .Dimnames = structure(list(c("-2", "-1", "0", "1", NA
    ), c("C", "T", NA)), .Names = c("", "")), class = "table"), 
        N = 3218L), Tag.Distribution = structure(c(`1` = 94L, 
    `2` = 36L, `3` = 33L, `4` = 21L, `5` = 29L, `6` = 24L, `7` = 15L, 
    `8` = 18L, `9` = 18L, `10` = 14L, `11` = 14L, `12` = 6L, 
    `13` = 7L, `14` = 7L, `15` = 7L, `16` = 7L, `17` = 7L, `18` = 4L, 
    `19` = 6L, `20` = 2L, `21` = 2L, `22` = 10L, `23` = 5L, `24` = 7L, 
    `25` = 2L, `26` = 1L, `27` = 5L, `28` = 1L, `29` = 1L, `31` = 1L, 
    `32` = 2L, `36` = 1L), .Dim = 32L, .Dimnames = list(TagUsage = c("1", 
    "2", "3", "4", "5", "6", "7", "8", "9", "10", "11", "12", 
    "13", "14", "15", "16", "17", "18", "19", "20", "21", "22", 
    "23", "24", "25", "26", "27", "28", "29", "31", "32", "36"
    )), class = "table"), No.Tag = structure(c(0L, 1L, 47L, 0L, 
    0L, 0L, 16L, 39L, 0L, 0L, 0L, 0L, 5L, 0L, 0L), .Dim = c(5L, 
    3L), .Dimnames = structure(list(c("-2", "-1", "0", "1", NA
    ), c("C", "T", NA)), .Names = c("", "")), class = "table"), 
    All.Tags = list(Concordant = list(Freqs = structure(c(0, 
    3, 109, 1, 0, 5, 115, 2), .Dim = c(4L, 2L), .Dimnames = list(
        c("-2", "-1", "0", "1"), c("C", "T"))), N = 235), Majority = list(
        Freqs = structure(c(0, 5, 191, 1, 0, 7, 187, 2), .Dim = c(4L, 
        2L), .Dimnames = list(c("-2", "-1", "0", "1"), c("C", 
        "T"))), N = 393)), `2` = structure(c(0, 3, 149, 0, 0, 
    2, 151, 0), .Dim = c(4L, 2L), .Dimnames = list(c("-2", "-1", 
    "0", "1"), c("C", "T"))))))
