Results <-
list(`bwa.out//20220204//MLPA99_S13.sam` = list(LR11_SNP1 = list(
    All = list(Freqs = structure(c(0L, 46L, 2066L, 12L, 1L, 10L, 
    3L, 25L, 1469L, 13L, 0L, 6L, 0L, 1L, 27L, 0L, 0L, 0L), .Dim = c(6L, 
    3L), .Dimnames = structure(list(c("-2", "-1", "0", "1", "2", 
    NA), c("A", "C", NA)), .Names = c("", "")), class = "table"), 
        N = 3679L), Tag.Distribution = structure(c(`1` = 80L, 
    `2` = 23L, `3` = 14L, `4` = 23L, `5` = 20L, `6` = 18L, `7` = 15L, 
    `8` = 19L, `9` = 19L, `10` = 17L, `11` = 10L, `12` = 9L, 
    `13` = 6L, `14` = 10L, `15` = 10L, `16` = 2L, `17` = 3L, 
    `18` = 3L, `19` = 3L, `20` = 5L, `21` = 4L, `22` = 6L, `23` = 2L, 
    `24` = 2L, `25` = 4L, `26` = 3L, `27` = 3L, `28` = 2L, `29` = 3L, 
    `30` = 4L, `31` = 1L, `32` = 2L, `33` = 4L, `34` = 3L, `35` = 3L, 
    `36` = 2L, `37` = 1L, `38` = 2L, `39` = 2L, `41` = 1L, `43` = 1L, 
    `47` = 1L), .Dim = 42L, .Dimnames = list(TagUsage = c("1", 
    "2", "3", "4", "5", "6", "7", "8", "9", "10", "11", "12", 
    "13", "14", "15", "16", "17", "18", "19", "20", "21", "22", 
    "23", "24", "25", "26", "27", "28", "29", "30", "31", "32", 
    "33", "34", "35", "36", "37", "38", "39", "41", "43", "47"
    )), class = "table"), No.Tag = structure(c(0L, 0L, 16L, 0L, 
    1L, 0L, 1L, 0L, 52L, 0L, 0L, 3L, 0L, 0L, 0L, 0L, 0L, 0L), .Dim = c(6L, 
    3L), .Dimnames = structure(list(c("-2", "-1", "0", "1", "2", 
    NA), c("A", "C", NA)), .Names = c("", "")), class = "table"), 
    All.Tags = list(Concordant = list(Freqs = structure(c(0, 
    1, 163, 0, 0, 0, 0, 120, 0, 0), .Dim = c(5L, 2L), .Dimnames = list(
        c("-2", "-1", "0", "1", "2"), c("A", "C"))), N = 284), 
        Majority = list(Freqs = structure(c(0, 1, 207, 0, 0, 
        0, 0, 148, 0, 0), .Dim = c(5L, 2L), .Dimnames = list(
            c("-2", "-1", "0", "1", "2"), c("A", "C"))), N = 356)), 
    `2` = structure(c(0, 1, 162, 0, 0, 0, 0, 117, 0, 0), .Dim = c(5L, 
    2L), .Dimnames = list(c("-2", "-1", "0", "1", "2"), c("A", 
    "C"))))))
