Results <-
list(`bwa.out//20220204//MLPA101_S15.sam` = list(IM49_SNP1 = list(
    All = list(Freqs = structure(c(1L, 27L, 861L, 29L, 1L, 1L, 
    0L, 21L, 664L, 16L, 0L, 3L, 0L, 3L, 91L, 0L, 0L, 0L), .Dim = c(6L, 
    3L), .Dimnames = structure(list(c("-2", "-1", "0", "1", "2", 
    NA), c("C", "G", NA)), .Names = c("", "")), class = "table"), 
        N = 1718L), Tag.Distribution = structure(c(`1` = 142L, 
    `2` = 45L, `3` = 47L, `4` = 37L, `5` = 25L, `6` = 14L, `7` = 17L, 
    `8` = 9L, `9` = 8L, `10` = 7L, `11` = 3L, `12` = 6L, `13` = 4L, 
    `14` = 7L, `15` = 3L, `16` = 3L, `17` = 4L, `18` = 3L, `19` = 4L, 
    `20` = 1L, `23` = 1L, `25` = 1L), .Dim = 22L, .Dimnames = list(
        TagUsage = c("1", "2", "3", "4", "5", "6", "7", "8", 
        "9", "10", "11", "12", "13", "14", "15", "16", "17", 
        "18", "19", "20", "23", "25")), class = "table"), No.Tag = structure(c(0L, 
    0L, 16L, 1L, 0L, 0L, 0L, 0L, 20L, 0L, 0L, 0L, 0L, 0L, 4L, 
    0L, 0L, 0L), .Dim = c(6L, 3L), .Dimnames = structure(list(
        c("-2", "-1", "0", "1", "2", NA), c("C", "G", NA)), .Names = c("", 
    "")), class = "table"), All.Tags = list(Concordant = list(
        Freqs = structure(c(0, 0, 161, 1, 0, 0, 3, 132, 1, 0), .Dim = c(5L, 
        2L), .Dimnames = list(c("-2", "-1", "0", "1", "2"), c("C", 
        "G"))), N = 298), Majority = list(Freqs = structure(c(0, 
    1, 195, 1, 0, 0, 4, 153, 2, 0), .Dim = c(5L, 2L), .Dimnames = list(
        c("-2", "-1", "0", "1", "2"), c("C", "G"))), N = 356)), 
    `2` = structure(c(0, 1, 134, 1, 0, 0, 1, 103, 2, 0), .Dim = c(5L, 
    2L), .Dimnames = list(c("-2", "-1", "0", "1", "2"), c("C", 
    "G"))))))
