Results <-
list(`bwa.out//20220204//BlindCMMRD82_S41.sam` = list(GM22_SNP1 = list(
    All = list(Freqs = structure(c(3L, 92L, 6316L, 28L, 14L, 
    0L, 1L, 21L, 0L, 0L, 0L, 0L, 1L, 0L, 0L, 0L, 2L, 61L, 1L, 
    0L), .Dim = 5:4, .Dimnames = structure(list(c("-2", "-1", 
    "0", "1", NA), c("A", "G", "T", NA)), .Names = c("", "")), class = "table"), 
        N = 6540L), Tag.Distribution = structure(c(`1` = 151L, 
    `2` = 53L, `3` = 57L, `4` = 57L, `5` = 58L, `6` = 41L, `7` = 42L, 
    `8` = 52L, `9` = 41L, `10` = 32L, `11` = 36L, `12` = 30L, 
    `13` = 16L, `14` = 22L, `15` = 19L, `16` = 21L, `17` = 20L, 
    `18` = 14L, `19` = 15L, `20` = 10L, `21` = 4L, `22` = 4L, 
    `23` = 5L, `24` = 7L, `25` = 4L, `26` = 2L, `27` = 1L, `30` = 1L, 
    `33` = 1L, `36` = 1L, `37` = 2L, `40` = 1L), .Dim = 32L, .Dimnames = list(
        TagUsage = c("1", "2", "3", "4", "5", "6", "7", "8", 
        "9", "10", "11", "12", "13", "14", "15", "16", "17", 
        "18", "19", "20", "21", "22", "23", "24", "25", "26", 
        "27", "30", "33", "36", "37", "40")), class = "table"), 
    No.Tag = structure(c(0L, 2L, 123L, 2L, 0L, 0L, 0L, 0L, 0L, 
    0L, 0L, 0L, 0L, 0L, 0L, 0L, 0L, 5L, 0L, 0L), .Dim = 5:4, .Dimnames = structure(list(
        c("-2", "-1", "0", "1", NA), c("A", "G", "T", NA)), .Names = c("", 
    "")), class = "table"), All.Tags = list(Concordant = list(
        Freqs = structure(c(1, 3, 719, 1, 0, 0, 2, 0, 0, 0, 0, 
        0), .Dim = 4:3, .Dimnames = list(c("-2", "-1", "0", "1"
        ), c("A", "G", "T"))), N = 726), Majority = list(Freqs = structure(c(1, 
    3, 802, 1, 0, 0, 3, 0, 0, 0, 0, 0), .Dim = 4:3, .Dimnames = list(
        c("-2", "-1", "0", "1"), c("A", "G", "T"))), N = 810)), 
    `2` = structure(c(0, 3, 662, 0, 0, 0, 2, 0, 0, 0, 0, 0), .Dim = 4:3, .Dimnames = list(
        c("-2", "-1", "0", "1"), c("A", "G", "T"))))))
