Results <-
list(`bwa.out//20220204//BlindCMMRD58_S17.sam` = list(DEPDC2_SNP1 = list(
    All = list(Freqs = structure(c(0L, 1L, 0L, 0L, 56L, 6057L, 
    39L, 80L, 0L, 24L, 0L, 0L, 0L, 84L, 0L, 0L), .Dim = c(4L, 
    4L), .Dimnames = structure(list(c("-1", "0", "1", NA), c("A", 
    "C", "T", NA)), .Names = c("", "")), class = "table"), N = 6341L), 
    Tag.Distribution = structure(c(`1` = 158L, `2` = 28L, `3` = 26L, 
    `4` = 17L, `5` = 38L, `6` = 13L, `7` = 15L, `8` = 17L, `9` = 20L, 
    `10` = 14L, `11` = 12L, `12` = 13L, `13` = 13L, `14` = 11L, 
    `15` = 11L, `16` = 17L, `17` = 15L, `18` = 14L, `19` = 6L, 
    `20` = 7L, `21` = 5L, `22` = 6L, `23` = 4L, `24` = 3L, `25` = 2L, 
    `26` = 5L, `27` = 5L, `28` = 1L, `29` = 2L, `30` = 6L, `31` = 3L, 
    `32` = 1L, `33` = 4L, `34` = 3L, `35` = 3L, `36` = 1L, `37` = 1L, 
    `38` = 2L, `39` = 2L, `40` = 1L, `42` = 4L, `43` = 5L, `44` = 1L, 
    `45` = 3L, `46` = 1L, `47` = 1L, `48` = 3L, `50` = 1L, `51` = 1L, 
    `53` = 1L, `54` = 1L, `55` = 2L, `56` = 3L, `57` = 1L, `59` = 1L, 
    `64` = 1L), .Dim = 56L, .Dimnames = list(TagUsage = c("1", 
    "2", "3", "4", "5", "6", "7", "8", "9", "10", "11", "12", 
    "13", "14", "15", "16", "17", "18", "19", "20", "21", "22", 
    "23", "24", "25", "26", "27", "28", "29", "30", "31", "32", 
    "33", "34", "35", "36", "37", "38", "39", "40", "42", "43", 
    "44", "45", "46", "47", "48", "50", "51", "53", "54", "55", 
    "56", "57", "59", "64")), class = "table"), No.Tag = structure(c(0L, 
    0L, 0L, 0L, 0L, 153L, 1L, 3L, 0L, 1L, 0L, 0L, 0L, 7L, 0L, 
    0L), .Dim = c(4L, 4L), .Dimnames = structure(list(c("-1", 
    "0", "1", NA), c("A", "C", "T", NA)), .Names = c("", "")), class = "table"), 
    All.Tags = list(Concordant = list(Freqs = structure(c(0, 
    0, 0, 1, 458, 2, 0, 17, 0), .Dim = c(3L, 3L), .Dimnames = list(
        c("-1", "0", "1"), c("A", "C", "T"))), N = 478), Majority = list(
        Freqs = structure(c(0, 0, 0, 1, 514, 2, 0, 17, 0), .Dim = c(3L, 
        3L), .Dimnames = list(c("-1", "0", "1"), c("A", "C", 
        "T"))), N = 534)), `2` = structure(c(0, 0, 0, 0, 392, 
    1, 0, 0, 0), .Dim = c(3L, 3L), .Dimnames = list(c("-1", "0", 
    "1"), c("A", "C", "T"))))))
