Results <-
list(`bwa.out//20220204//MLPA01_S9.sam` = list(LR10_SNP1 = list(
    All = list(Freqs = structure(c(0L, 0L, 1L, 0L, 0L, 1L, 26L, 
    1758L, 7L, 1L, 0L, 1L, 0L, 0L, 0L, 0L, 18L, 1466L, 3L, 0L, 
    0L, 1L, 46L, 1L, 0L), .Dim = c(5L, 5L), .Dimnames = structure(list(
        c("-2", "-1", "0", "1", NA), c("A", "C", "G", "T", NA
        )), .Names = c("", "")), class = "table"), N = 3330L), 
    Tag.Distribution = structure(c(`1` = 132L, `2` = 77L, `3` = 64L, 
    `4` = 49L, `5` = 36L, `6` = 35L, `7` = 30L, `8` = 22L, `9` = 20L, 
    `10` = 21L, `11` = 11L, `12` = 19L, `13` = 16L, `14` = 8L, 
    `15` = 11L, `16` = 6L, `17` = 4L, `18` = 2L, `19` = 1L, `20` = 3L, 
    `21` = 2L, `23` = 3L, `24` = 2L, `25` = 1L, `28` = 1L, `29` = 1L
    ), .Dim = 26L, .Dimnames = list(TagUsage = c("1", "2", "3", 
    "4", "5", "6", "7", "8", "9", "10", "11", "12", "13", "14", 
    "15", "16", "17", "18", "19", "20", "21", "23", "24", "25", 
    "28", "29")), class = "table"), No.Tag = structure(c(0L, 
    0L, 0L, 0L, 0L, 0L, 5L, 80L, 0L, 0L, 0L, 0L, 0L, 0L, 0L, 
    0L, 1L, 41L, 0L, 0L, 0L, 0L, 9L, 0L, 0L), .Dim = c(5L, 5L
    ), .Dimnames = structure(list(c("-2", "-1", "0", "1", NA), 
        c("A", "C", "G", "T", NA)), .Names = c("", "")), class = "table"), 
    All.Tags = list(Concordant = list(Freqs = structure(c(0, 
    0, 0, 0, 0, 0, 268, 0, 0, 0, 0, 0, 0, 1, 241, 1), .Dim = c(4L, 
    4L), .Dimnames = list(c("-2", "-1", "0", "1"), c("A", "C", 
    "G", "T"))), N = 511), Majority = list(Freqs = structure(c(0, 
    0, 0, 0, 0, 0, 299, 1, 0, 0, 0, 0, 0, 1, 269, 1), .Dim = c(4L, 
    4L), .Dimnames = list(c("-2", "-1", "0", "1"), c("A", "C", 
    "G", "T"))), N = 571)), `2` = structure(c(0, 0, 0, 0, 0, 
    0, 242, 1, 0, 0, 0, 0, 0, 1, 198, 0), .Dim = c(4L, 4L), .Dimnames = list(
        c("-2", "-1", "0", "1"), c("A", "C", "G", "T"))))))
