Results <-
list(`bwa.out//20220204//BlindCMMRD64_S23.sam` = list(GM29_SNP1 = list(
    All = list(Freqs = structure(c(0L, 0L, 3L, 0L, 0L, 1L, 76L, 
    4591L, 12L, 10L, 0L, 0L, 1L, 0L, 0L, 0L, 0L, 39L, 0L, 0L), .Dim = 5:4, .Dimnames = structure(list(
        c("-2", "-1", "0", "1", NA), c("A", "G", "T", NA)), .Names = c("", 
    "")), class = "table"), N = 4733L), Tag.Distribution = structure(c(`1` = 93L, 
    `2` = 46L, `3` = 49L, `4` = 44L, `5` = 31L, `6` = 34L, `7` = 25L, 
    `8` = 41L, `9` = 22L, `10` = 18L, `11` = 14L, `12` = 19L, 
    `13` = 8L, `14` = 9L, `15` = 10L, `16` = 12L, `17` = 8L, 
    `18` = 8L, `19` = 5L, `20` = 12L, `21` = 7L, `22` = 7L, `23` = 5L, 
    `24` = 7L, `26` = 3L, `27` = 2L, `28` = 1L, `29` = 2L, `30` = 3L, 
    `31` = 2L, `32` = 1L, `33` = 2L, `34` = 1L, `37` = 1L, `39` = 2L, 
    `49` = 1L), .Dim = 36L, .Dimnames = list(TagUsage = c("1", 
    "2", "3", "4", "5", "6", "7", "8", "9", "10", "11", "12", 
    "13", "14", "15", "16", "17", "18", "19", "20", "21", "22", 
    "23", "24", "26", "27", "28", "29", "30", "31", "32", "33", 
    "34", "37", "39", "49")), class = "table"), No.Tag = structure(c(0L, 
    0L, 1L, 0L, 0L, 0L, 1L, 161L, 0L, 0L, 0L, 0L, 0L, 0L, 0L, 
    0L, 0L, 3L, 0L, 0L), .Dim = 5:4, .Dimnames = structure(list(
        c("-2", "-1", "0", "1", NA), c("A", "G", "T", NA)), .Names = c("", 
    "")), class = "table"), All.Tags = list(Concordant = list(
        Freqs = structure(c(0, 0, 1, 0, 0, 1, 485, 0, 0, 0, 0, 
        0), .Dim = 4:3, .Dimnames = list(c("-2", "-1", "0", "1"
        ), c("A", "G", "T"))), N = 487), Majority = list(Freqs = structure(c(0, 
    0, 1, 0, 0, 1, 548, 0, 0, 0, 0, 0), .Dim = 4:3, .Dimnames = list(
        c("-2", "-1", "0", "1"), c("A", "G", "T"))), N = 550)), 
    `2` = structure(c(0, 0, 0, 0, 0, 1, 461, 0, 0, 0, 0, 0), .Dim = 4:3, .Dimnames = list(
        c("-2", "-1", "0", "1"), c("A", "G", "T"))))))
