Results <-
list(`bwa.out//20220204//BlindCMMRD61_S20.sam` = list(GM22_SNP1 = list(
    All = list(Freqs = structure(c(1L, 3L, 91L, 6840L, 34L, 13L, 
    0L, 0L, 0L, 2L, 0L, 0L, 0L, 0L, 5L, 71L, 1L, 0L), .Dim = c(6L, 
    3L), .Dimnames = structure(list(c("-3", "-2", "-1", "0", 
    "1", NA), c("A", "G", NA)), .Names = c("", "")), class = "table"), 
        N = 7061L), Tag.Distribution = structure(c(`1` = 138L, 
    `2` = 38L, `3` = 31L, `4` = 42L, `5` = 38L, `6` = 32L, `7` = 31L, 
    `8` = 26L, `9` = 23L, `10` = 24L, `11` = 18L, `12` = 14L, 
    `13` = 13L, `14` = 16L, `15` = 13L, `16` = 8L, `17` = 12L, 
    `18` = 12L, `19` = 11L, `20` = 8L, `21` = 9L, `22` = 9L, 
    `23` = 9L, `24` = 6L, `25` = 6L, `26` = 11L, `27` = 6L, `28` = 2L, 
    `29` = 7L, `30` = 3L, `31` = 2L, `32` = 2L, `33` = 4L, `34` = 4L, 
    `35` = 8L, `36` = 5L, `37` = 3L, `39` = 2L, `40` = 1L, `42` = 1L, 
    `47` = 1L, `50` = 1L, `54` = 1L, `55` = 1L, `58` = 1L, `59` = 1L, 
    `60` = 1L, `74` = 1L), .Dim = 48L, .Dimnames = list(TagUsage = c("1", 
    "2", "3", "4", "5", "6", "7", "8", "9", "10", "11", "12", 
    "13", "14", "15", "16", "17", "18", "19", "20", "21", "22", 
    "23", "24", "25", "26", "27", "28", "29", "30", "31", "32", 
    "33", "34", "35", "36", "37", "39", "40", "42", "47", "50", 
    "54", "55", "58", "59", "60", "74")), class = "table"), No.Tag = structure(c(0L, 
    0L, 0L, 188L, 1L, 2L, 0L, 0L, 0L, 0L, 0L, 0L, 0L, 0L, 0L, 
    3L, 0L, 0L), .Dim = c(6L, 3L), .Dimnames = structure(list(
        c("-3", "-2", "-1", "0", "1", NA), c("A", "G", NA)), .Names = c("", 
    "")), class = "table"), All.Tags = list(Concordant = list(
        Freqs = structure(c(0, 0, 3, 543, 0, 0, 0, 0, 1, 0), .Dim = c(5L, 
        2L), .Dimnames = list(c("-3", "-2", "-1", "0", "1"), 
            c("A", "G"))), N = 547), Majority = list(Freqs = structure(c(0, 
    0, 3, 640, 0, 0, 0, 0, 1, 0), .Dim = c(5L, 2L), .Dimnames = list(
        c("-3", "-2", "-1", "0", "1"), c("A", "G"))), N = 644)), 
    `2` = structure(c(0, 0, 0, 516, 0, 0, 0, 0, 0, 0), .Dim = c(5L, 
    2L), .Dimnames = list(c("-3", "-2", "-1", "0", "1"), c("A", 
    "G"))))))
