Results <-
list(`bwa.out//20220204//Control22_S15.sam` = list(IM49_SNP1 = list(
    All = list(Freqs = structure(c(0L, 1L, 0L, 0L, 0L, 0L, 0L, 
    2L, 0L, 0L, 2L, 66L, 2029L, 36L, 10L, 0L, 2L, 138L, 2L, 0L
    ), .Dim = 5:4, .Dimnames = structure(list(c("-2", "-1", "0", 
    "1", NA), c("A", "C", "G", NA)), .Names = c("", "")), class = "table"), 
        N = 2288L), Tag.Distribution = structure(c(`1` = 203L, 
    `2` = 67L, `3` = 40L, `4` = 38L, `5` = 29L, `6` = 20L, `7` = 25L, 
    `8` = 18L, `9` = 16L, `10` = 16L, `11` = 9L, `12` = 10L, 
    `13` = 5L, `14` = 3L, `15` = 4L, `16` = 1L, `17` = 3L, `18` = 2L, 
    `19` = 4L, `20` = 2L, `21` = 2L, `23` = 1L, `24` = 1L, `25` = 1L
    ), .Dim = 24L, .Dimnames = list(TagUsage = c("1", "2", "3", 
    "4", "5", "6", "7", "8", "9", "10", "11", "12", "13", "14", 
    "15", "16", "17", "18", "19", "20", "21", "23", "24", "25"
    )), class = "table"), No.Tag = structure(c(0L, 0L, 0L, 0L, 
    0L, 0L, 0L, 0L, 0L, 0L, 0L, 4L, 58L, 0L, 0L, 0L, 0L, 10L, 
    0L, 0L), .Dim = 5:4, .Dimnames = structure(list(c("-2", "-1", 
    "0", "1", NA), c("A", "C", "G", NA)), .Names = c("", "")), class = "table"), 
    All.Tags = list(Concordant = list(Freqs = structure(c(0, 
    0, 0, 0, 0, 0, 2, 0, 0, 9, 403, 4), .Dim = 4:3, .Dimnames = list(
        c("-2", "-1", "0", "1"), c("A", "C", "G"))), N = 418), 
        Majority = list(Freqs = structure(c(0, 0, 0, 0, 0, 0, 
        2, 0, 0, 9, 460, 4), .Dim = 4:3, .Dimnames = list(c("-2", 
        "-1", "0", "1"), c("A", "C", "G"))), N = 475)), `2` = structure(c(0, 
    0, 0, 0, 0, 0, 0, 0, 0, 4, 306, 2), .Dim = 4:3, .Dimnames = list(
        c("-2", "-1", "0", "1"), c("A", "C", "G"))))))
