Results <-
list(`bwa.out//20220204//BlindCMMRD62_S21.sam` = list(GM14_SNP1 = list(
    All = list(Freqs = structure(c(4L, 76L, 2839L, 18L, 8L, 0L, 
    1L, 0L, 0L, 0L, 0L, 0L, 15L, 0L, 0L), .Dim = c(5L, 3L), .Dimnames = structure(list(
        c("-2", "-1", "0", "1", NA), c("C", "T", NA)), .Names = c("", 
    "")), class = "table"), N = 2961L), Tag.Distribution = structure(c(`1` = 71L, 
    `2` = 39L, `3` = 31L, `4` = 28L, `5` = 24L, `6` = 28L, `7` = 24L, 
    `8` = 20L, `9` = 14L, `10` = 13L, `11` = 12L, `12` = 7L, 
    `13` = 7L, `14` = 11L, `15` = 9L, `16` = 6L, `17` = 4L, `18` = 2L, 
    `19` = 6L, `20` = 8L, `21` = 5L, `22` = 4L, `23` = 2L, `24` = 3L, 
    `25` = 2L, `26` = 3L, `27` = 2L, `31` = 1L, `39` = 1L, `48` = 1L
    ), .Dim = 30L, .Dimnames = list(TagUsage = c("1", "2", "3", 
    "4", "5", "6", "7", "8", "9", "10", "11", "12", "13", "14", 
    "15", "16", "17", "18", "19", "20", "21", "22", "23", "24", 
    "25", "26", "27", "31", "39", "48")), class = "table"), No.Tag = structure(c(0L, 
    1L, 51L, 0L, 0L, 0L, 0L, 0L, 0L, 0L, 0L, 0L, 2L, 0L, 0L), .Dim = c(5L, 
    3L), .Dimnames = structure(list(c("-2", "-1", "0", "1", NA
    ), c("C", "T", NA)), .Names = c("", "")), class = "table"), 
    All.Tags = list(Concordant = list(Freqs = structure(c(0, 
    2, 313, 1, 0, 1, 0, 0), .Dim = c(4L, 2L), .Dimnames = list(
        c("-2", "-1", "0", "1"), c("C", "T"))), N = 317), Majority = list(
        Freqs = structure(c(0, 2, 378, 1, 0, 1, 0, 0), .Dim = c(4L, 
        2L), .Dimnames = list(c("-2", "-1", "0", "1"), c("C", 
        "T"))), N = 382)), `2` = structure(c(0, 0, 313, 0, 0, 
    0, 0, 0), .Dim = c(4L, 2L), .Dimnames = list(c("-2", "-1", 
    "0", "1"), c("C", "T"))))))
