Results <-
list(`bwa.out//20220204//BlindCMMRD67_S26.sam` = list(GM14_SNP1 = list(
    All = list(Freqs = structure(c(0L, 0L, 5L, 0L, 0L, 0L, 5L, 
    55L, 2496L, 10L, 2L, 3L, 0L, 0L, 32L, 0L, 0L, 0L), .Dim = c(6L, 
    3L), .Dimnames = structure(list(c("-2", "-1", "0", "1", "2", 
    NA), c("C", "T", NA)), .Names = c("", "")), class = "table"), 
        N = 2608L), Tag.Distribution = structure(c(`1` = 82L, 
    `2` = 36L, `3` = 27L, `4` = 38L, `5` = 16L, `6` = 20L, `7` = 18L, 
    `8` = 17L, `9` = 23L, `10` = 16L, `11` = 13L, `12` = 15L, 
    `13` = 12L, `14` = 6L, `15` = 8L, `16` = 4L, `17` = 6L, `18` = 2L, 
    `19` = 2L, `20` = 5L, `21` = 4L, `22` = 3L, `23` = 3L, `24` = 2L, 
    `25` = 1L, `28` = 1L, `37` = 1L), .Dim = 27L, .Dimnames = list(
        TagUsage = c("1", "2", "3", "4", "5", "6", "7", "8", 
        "9", "10", "11", "12", "13", "14", "15", "16", "17", 
        "18", "19", "20", "21", "22", "23", "24", "25", "28", 
        "37")), class = "table"), No.Tag = structure(c(0L, 0L, 
    0L, 0L, 0L, 0L, 0L, 0L, 12L, 0L, 0L, 0L, 0L, 0L, 0L, 0L, 
    0L, 0L), .Dim = c(6L, 3L), .Dimnames = structure(list(c("-2", 
    "-1", "0", "1", "2", NA), c("C", "T", NA)), .Names = c("", 
    "")), class = "table"), All.Tags = list(Concordant = list(
        Freqs = structure(c(0, 0, 5, 0, 0, 1, 3, 314, 0, 0), .Dim = c(5L, 
        2L), .Dimnames = list(c("-2", "-1", "0", "1", "2"), c("C", 
        "T"))), N = 323), Majority = list(Freqs = structure(c(0, 
    0, 5, 0, 0, 1, 3, 368, 0, 0), .Dim = c(5L, 2L), .Dimnames = list(
        c("-2", "-1", "0", "1", "2"), c("C", "T"))), N = 377)), 
    `2` = structure(c(0, 0, 0, 0, 0, 0, 0, 296, 0, 0), .Dim = c(5L, 
    2L), .Dimnames = list(c("-2", "-1", "0", "1", "2"), c("C", 
    "T"))))))
