Results <-
list(`bwa.out//20220204//BlindCMMRD81_S40.sam` = list(LR46_SNP1 = list(
    All = list(Freqs = structure(c(13L, 3490L, 11L, 4L, 0L, 3L, 
    0L, 0L, 0L, 19L, 0L, 0L), .Dim = 4:3, .Dimnames = structure(list(
        c("-1", "0", "1", NA), c("G", "T", NA)), .Names = c("", 
    "")), class = "table"), N = 3540L), Tag.Distribution = structure(c(`1` = 90L, 
    `2` = 36L, `3` = 29L, `4` = 38L, `5` = 20L, `6` = 24L, `7` = 20L, 
    `8` = 18L, `9` = 15L, `10` = 19L, `11` = 21L, `12` = 6L, 
    `13` = 9L, `14` = 6L, `15` = 11L, `16` = 8L, `17` = 5L, `18` = 7L, 
    `19` = 8L, `20` = 4L, `21` = 7L, `22` = 6L, `23` = 5L, `24` = 5L, 
    `25` = 3L, `27` = 2L, `29` = 3L, `30` = 3L, `32` = 2L, `36` = 1L
    ), .Dim = 30L, .Dimnames = list(TagUsage = c("1", "2", "3", 
    "4", "5", "6", "7", "8", "9", "10", "11", "12", "13", "14", 
    "15", "16", "17", "18", "19", "20", "21", "22", "23", "24", 
    "25", "27", "29", "30", "32", "36")), class = "table"), No.Tag = structure(c(0L, 
    123L, 0L, 1L, 0L, 0L, 0L, 0L, 0L, 2L, 0L, 0L), .Dim = 4:3, .Dimnames = structure(list(
        c("-1", "0", "1", NA), c("G", "T", NA)), .Names = c("", 
    "")), class = "table"), All.Tags = list(Concordant = list(
        Freqs = structure(c(0, 403, 0, 0, 3, 0), .Dim = 3:2, .Dimnames = list(
            c("-1", "0", "1"), c("G", "T"))), N = 406), Majority = list(
        Freqs = structure(c(0, 424, 0, 0, 3, 0), .Dim = 3:2, .Dimnames = list(
            c("-1", "0", "1"), c("G", "T"))), N = 427)), `2` = structure(c(0, 
    341, 0, 0, 0, 0), .Dim = 3:2, .Dimnames = list(c("-1", "0", 
    "1"), c("G", "T"))))))
