Results <-
list(`bwa.out//20220204//BlindCMMRD114_S40.sam` = list(DEPDC2_SNP1 = list(
    All = list(Freqs = structure(c(0L, 2L, 0L, 0L, 29L, 5031L, 
    27L, 9L, 0L, 74L, 0L, 0L), .Dim = 4:3, .Dimnames = structure(list(
        c("-1", "0", "1", NA), c("C", "T", NA)), .Names = c("", 
    "")), class = "table"), N = 5172L), Tag.Distribution = structure(c(`1` = 106L, 
    `2` = 99L, `3` = 94L, `4` = 110L, `5` = 99L, `6` = 65L, `7` = 74L, 
    `8` = 48L, `9` = 51L, `10` = 41L, `11` = 22L, `12` = 20L, 
    `13` = 18L, `14` = 10L, `15` = 10L, `16` = 5L, `17` = 5L, 
    `18` = 2L, `19` = 3L, `20` = 1L, `22` = 1L, `23` = 2L, `33` = 1L
    ), .Dim = 23L, .Dimnames = list(TagUsage = c("1", "2", "3", 
    "4", "5", "6", "7", "8", "9", "10", "11", "12", "13", "14", 
    "15", "16", "17", "18", "19", "20", "22", "23", "33")), class = "table"), 
    No.Tag = structure(c(0L, 0L, 0L, 0L, 1L, 90L, 1L, 1L, 0L, 
    12L, 0L, 0L), .Dim = 4:3, .Dimnames = structure(list(c("-1", 
    "0", "1", NA), c("C", "T", NA)), .Names = c("", "")), class = "table"), 
    All.Tags = list(Concordant = list(Freqs = structure(c(0, 
    1, 0, 1, 829, 2), .Dim = 3:2, .Dimnames = list(c("-1", "0", 
    "1"), c("C", "T"))), N = 833), Majority = list(Freqs = structure(c(0, 
    1, 0, 1, 877, 2), .Dim = 3:2, .Dimnames = list(c("-1", "0", 
    "1"), c("C", "T"))), N = 881)), `2` = structure(c(0, 0, 0, 
    0, 778, 0), .Dim = 3:2, .Dimnames = list(c("-1", "0", "1"
    ), c("C", "T"))))))
