Results <-
list(`bwa.out//20220204//BlindCMMRD75_S34.sam` = list(LR52_SNP1 = list(
    All = list(Freqs = structure(c(8L, 191L, 1295L, 11L, 18L, 
    16L, 158L, 1931L, 16L, 18L, 1L, 11L, 591L, 4L, 0L), .Dim = c(5L, 
    3L), .Dimnames = structure(list(c("-2", "-1", "0", "1", NA
    ), c("C", "T", NA)), .Names = c("", "")), class = "table"), 
        N = 4269L), Tag.Distribution = structure(c(`1` = 67L, 
    `2` = 42L, `3` = 37L, `4` = 34L, `5` = 47L, `6` = 32L, `7` = 27L, 
    `8` = 31L, `9` = 18L, `10` = 24L, `11` = 14L, `12` = 14L, 
    `13` = 9L, `14` = 11L, `15` = 8L, `16` = 18L, `17` = 7L, 
    `18` = 7L, `19` = 9L, `20` = 8L, `21` = 3L, `22` = 3L, `23` = 7L, 
    `24` = 3L, `25` = 4L, `26` = 3L, `28` = 1L, `29` = 3L, `30` = 1L, 
    `34` = 2L, `38` = 1L, `42` = 2L, `46` = 1L), .Dim = 33L, .Dimnames = list(
        TagUsage = c("1", "2", "3", "4", "5", "6", "7", "8", 
        "9", "10", "11", "12", "13", "14", "15", "16", "17", 
        "18", "19", "20", "21", "22", "23", "24", "25", "26", 
        "28", "29", "30", "34", "38", "42", "46")), class = "table"), 
    No.Tag = structure(c(0L, 2L, 23L, 0L, 1L, 2L, 4L, 56L, 0L, 
    3L, 0L, 0L, 16L, 0L, 0L), .Dim = c(5L, 3L), .Dimnames = structure(list(
        c("-2", "-1", "0", "1", NA), c("C", "T", NA)), .Names = c("", 
    "")), class = "table"), All.Tags = list(Concordant = list(
        Freqs = structure(c(0, 6, 104, 0, 0, 0, 147, 3), .Dim = c(4L, 
        2L), .Dimnames = list(c("-2", "-1", "0", "1"), c("C", 
        "T"))), N = 260), Majority = list(Freqs = structure(c(0, 
    8, 198, 0, 1, 1, 253, 3), .Dim = c(4L, 2L), .Dimnames = list(
        c("-2", "-1", "0", "1"), c("C", "T"))), N = 464)), `2` = structure(c(0, 
    3, 183, 0, 1, 1, 224, 1), .Dim = c(4L, 2L), .Dimnames = list(
        c("-2", "-1", "0", "1"), c("C", "T"))))))
