Results <-
list(`bwa.out//20220204//BlindCMMRD44_S4.sam` = list(GM09_SNP1 = list(
    All = list(Freqs = structure(c(0L, 4L, 0L, 0L, 29L, 5249L, 
    5L, 4L, 0L, 1L, 0L, 0L, 0L, 36L, 0L, 0L), .Dim = c(4L, 4L
    ), .Dimnames = structure(list(c("-1", "0", "1", NA), c("A", 
    "G", "T", NA)), .Names = c("", "")), class = "table"), N = 5328L), 
    Tag.Distribution = structure(c(`1` = 94L, `2` = 39L, `3` = 25L, 
    `4` = 32L, `5` = 18L, `6` = 18L, `7` = 22L, `8` = 14L, `9` = 15L, 
    `10` = 20L, `11` = 14L, `12` = 7L, `13` = 5L, `14` = 9L, 
    `15` = 8L, `16` = 14L, `17` = 8L, `18` = 4L, `19` = 9L, `20` = 3L, 
    `21` = 6L, `22` = 4L, `23` = 8L, `24` = 4L, `25` = 4L, `26` = 4L, 
    `27` = 5L, `28` = 3L, `29` = 6L, `30` = 4L, `31` = 4L, `32` = 5L, 
    `33` = 4L, `34` = 1L, `35` = 1L, `36` = 3L, `37` = 4L, `38` = 2L, 
    `39` = 5L, `40` = 2L, `42` = 1L, `43` = 2L, `44` = 1L, `46` = 2L, 
    `48` = 1L, `52` = 2L, `66` = 1L, `69` = 1L), .Dim = 48L, .Dimnames = list(
        TagUsage = c("1", "2", "3", "4", "5", "6", "7", "8", 
        "9", "10", "11", "12", "13", "14", "15", "16", "17", 
        "18", "19", "20", "21", "22", "23", "24", "25", "26", 
        "27", "28", "29", "30", "31", "32", "33", "34", "35", 
        "36", "37", "38", "39", "40", "42", "43", "44", "46", 
        "48", "52", "66", "69")), class = "table"), No.Tag = structure(c(0L, 
    0L, 0L, 0L, 0L, 85L, 0L, 2L, 0L, 0L, 0L, 0L, 0L, 1L, 0L, 
    0L), .Dim = c(4L, 4L), .Dimnames = structure(list(c("-1", 
    "0", "1", NA), c("A", "G", "T", NA)), .Names = c("", "")), class = "table"), 
    All.Tags = list(Concordant = list(Freqs = structure(c(0, 
    3, 0, 1, 432, 0, 0, 0, 0), .Dim = c(3L, 3L), .Dimnames = list(
        c("-1", "0", "1"), c("A", "G", "T"))), N = 436), Majority = list(
        Freqs = structure(c(0, 3, 0, 1, 459, 0, 0, 0, 0), .Dim = c(3L, 
        3L), .Dimnames = list(c("-1", "0", "1"), c("A", "G", 
        "T"))), N = 463)), `2` = structure(c(0, 0, 0, 0, 374, 
    0, 0, 0, 0), .Dim = c(3L, 3L), .Dimnames = list(c("-1", "0", 
    "1"), c("A", "G", "T"))))))
