Results <-
list(`bwa.out//20220204//BlindCMMRD111_S37.sam` = list(LR52_SNP1 = list(
    All = list(Freqs = structure(c(0L, 0L, 0L, 1L, 0L, 0L, 6L, 
    18L, 312L, 2768L, 27L, 15L, 0L, 0L, 0L, 4L, 0L, 0L, 0L, 0L, 
    4L, 175L, 1L, 0L), .Dim = c(6L, 4L), .Dimnames = structure(list(
        c("-3", "-2", "-1", "0", "1", NA), c("-", "C", "T", NA
        )), .Names = c("", "")), class = "table"), N = 3331L), 
    Tag.Distribution = structure(c(`1` = 186L, `2` = 160L, `3` = 136L, 
    `4` = 87L, `5` = 71L, `6` = 58L, `7` = 40L, `8` = 32L, `9` = 27L, 
    `10` = 15L, `11` = 14L, `12` = 10L, `13` = 2L, `14` = 3L, 
    `15` = 2L), .Dim = 15L, .Dimnames = list(TagUsage = c("1", 
    "2", "3", "4", "5", "6", "7", "8", "9", "10", "11", "12", 
    "13", "14", "15")), class = "table"), No.Tag = structure(c(0L, 
    0L, 0L, 0L, 0L, 0L, 0L, 0L, 4L, 57L, 0L, 0L, 0L, 0L, 0L, 
    0L, 0L, 0L, 0L, 0L, 0L, 4L, 0L, 0L), .Dim = c(6L, 4L), .Dimnames = structure(list(
        c("-3", "-2", "-1", "0", "1", NA), c("-", "C", "T", NA
        )), .Names = c("", "")), class = "table"), All.Tags = list(
        Concordant = list(Freqs = structure(c(0, 0, 0, 0, 0, 
        1, 3, 27, 561, 4, 0, 0, 0, 2, 0), .Dim = c(5L, 3L), .Dimnames = list(
            c("-3", "-2", "-1", "0", "1"), c("-", "C", "T"))), 
            N = 598), Majority = list(Freqs = structure(c(0, 
        0, 0, 0, 0, 1, 3, 29, 747, 4, 0, 0, 0, 2, 0), .Dim = c(5L, 
        3L), .Dimnames = list(c("-3", "-2", "-1", "0", "1"), 
            c("-", "C", "T"))), N = 786)), `2` = structure(c(0, 
    0, 0, 0, 0, 0, 0, 20, 598, 0, 0, 0, 0, 0, 0), .Dim = c(5L, 
    3L), .Dimnames = list(c("-3", "-2", "-1", "0", "1"), c("-", 
    "C", "T"))))))
