Results <-
list(`bwa.out//20220204//BlindCMMRD55_S14.sam` = list(GM07_SNP1 = list(
    All = list(Freqs = structure(c(6L, 107L, 2500L, 46L, 2L, 
    22L, 3L, 102L, 2172L, 47L, 1L, 25L, 1L, 0L, 65L, 2L, 0L, 
    0L), .Dim = c(6L, 3L), .Dimnames = structure(list(c("-2", 
    "-1", "0", "1", "2", NA), c("A", "G", NA)), .Names = c("", 
    "")), class = "table"), N = 5101L), Tag.Distribution = structure(c(`1` = 106L, 
    `2` = 42L, `3` = 46L, `4` = 33L, `5` = 32L, `6` = 34L, `7` = 25L, 
    `8` = 29L, `9` = 32L, `10` = 22L, `11` = 24L, `12` = 17L, 
    `13` = 16L, `14` = 14L, `15` = 7L, `16` = 16L, `17` = 15L, 
    `18` = 7L, `19` = 8L, `20` = 6L, `21` = 11L, `22` = 9L, `24` = 6L, 
    `25` = 3L, `26` = 3L, `28` = 6L, `29` = 2L, `35` = 1L, `36` = 1L, 
    `40` = 1L, `48` = 1L, `51` = 1L), .Dim = 32L, .Dimnames = list(
        TagUsage = c("1", "2", "3", "4", "5", "6", "7", "8", 
        "9", "10", "11", "12", "13", "14", "15", "16", "17", 
        "18", "19", "20", "21", "22", "24", "25", "26", "28", 
        "29", "35", "36", "40", "48", "51")), class = "table"), 
    No.Tag = structure(c(0L, 4L, 120L, 1L, 0L, 6L, 0L, 2L, 165L, 
    3L, 1L, 4L, 0L, 0L, 8L, 0L, 0L, 0L), .Dim = c(6L, 3L), .Dimnames = structure(list(
        c("-2", "-1", "0", "1", "2", NA), c("A", "G", NA)), .Names = c("", 
    "")), class = "table"), All.Tags = list(Concordant = list(
        Freqs = structure(c(0, 1, 180, 0, 0, 0, 1, 185, 1, 0), .Dim = c(5L, 
        2L), .Dimnames = list(c("-2", "-1", "0", "1", "2"), c("A", 
        "G"))), N = 368), Majority = list(Freqs = structure(c(0, 
    1, 286, 0, 0, 0, 2, 267, 1, 0), .Dim = c(5L, 2L), .Dimnames = list(
        c("-2", "-1", "0", "1", "2"), c("A", "G"))), N = 557)), 
    `2` = structure(c(0, 0, 241, 0, 0, 0, 1, 222, 0, 0), .Dim = c(5L, 
    2L), .Dimnames = list(c("-2", "-1", "0", "1", "2"), c("A", 
    "G"))))))
