Results <-
list(`bwa.out//20220204//17D0944_S7.sam` = list(LR52_SNP1 = list(
    All = list(Freqs = structure(c(2L, 23L, 374L, 3042L, 25L, 
    1L, 30L, 0L, 0L, 2L, 3L, 0L, 0L, 0L, 0L, 1L, 7L, 351L, 0L, 
    0L, 0L), .Dim = c(7L, 3L), .Dimnames = structure(list(c("-3", 
    "-2", "-1", "0", "1", "2", NA), c("C", "T", NA)), .Names = c("", 
    "")), class = "table"), N = 3861L), Tag.Distribution = structure(c(`1` = 68L, 
    `2` = 24L, `3` = 25L, `4` = 22L, `5` = 24L, `6` = 25L, `7` = 10L, 
    `8` = 13L, `9` = 14L, `10` = 13L, `11` = 7L, `12` = 7L, `13` = 11L, 
    `14` = 9L, `15` = 9L, `16` = 6L, `17` = 12L, `18` = 4L, `19` = 8L, 
    `20` = 4L, `21` = 6L, `22` = 3L, `23` = 5L, `24` = 2L, `25` = 3L, 
    `26` = 3L, `27` = 6L, `28` = 3L, `29` = 5L, `30` = 1L, `31` = 4L, 
    `32` = 1L, `33` = 2L, `35` = 2L, `36` = 2L, `37` = 1L, `39` = 1L, 
    `40` = 1L, `41` = 2L, `45` = 1L, `51` = 1L, `62` = 1L), .Dim = 42L, .Dimnames = list(
        TagUsage = c("1", "2", "3", "4", "5", "6", "7", "8", 
        "9", "10", "11", "12", "13", "14", "15", "16", "17", 
        "18", "19", "20", "21", "22", "23", "24", "25", "26", 
        "27", "28", "29", "30", "31", "32", "33", "35", "36", 
        "37", "39", "40", "41", "45", "51", "62")), class = "table"), 
    No.Tag = structure(c(0L, 0L, 6L, 50L, 0L, 0L, 0L, 0L, 0L, 
    0L, 0L, 0L, 0L, 0L, 0L, 0L, 0L, 8L, 0L, 0L, 0L), .Dim = c(7L, 
    3L), .Dimnames = structure(list(c("-3", "-2", "-1", "0", 
    "1", "2", NA), c("C", "T", NA)), .Names = c("", "")), class = "table"), 
    All.Tags = list(Concordant = list(Freqs = structure(c(0, 
    1, 4, 187, 2, 0, 0, 0, 2, 2, 0, 0), .Dim = c(6L, 2L), .Dimnames = list(
        c("-3", "-2", "-1", "0", "1", "2"), c("C", "T"))), N = 198), 
        Majority = list(Freqs = structure(c(0, 1, 11, 334, 2, 
        0, 0, 0, 2, 2, 0, 0), .Dim = c(6L, 2L), .Dimnames = list(
            c("-3", "-2", "-1", "0", "1", "2"), c("C", "T"))), 
            N = 352)), `2` = structure(c(0, 0, 8, 288, 0, 0, 
    0, 0, 0, 0, 0, 0), .Dim = c(6L, 2L), .Dimnames = list(c("-3", 
    "-2", "-1", "0", "1", "2"), c("C", "T"))))))
