Results <-
list(`bwa.out//20220204//BlindCMMRD117_S43.sam` = list(LR52_SNP1 = list(
    All = list(Freqs = structure(c(0L, 0L, 0L, 0L, 1L, 0L, 0L, 
    1L, 0L, 5L, 93L, 889L, 8L, 3L, 0L, 1L, 7L, 79L, 1025L, 9L, 
    4L, 0L, 0L, 0L, 2L, 83L, 0L, 0L), .Dim = c(7L, 4L), .Dimnames = structure(list(
        c("-4", "-3", "-2", "-1", "0", "1", NA), c("A", "C", 
        "T", NA)), .Names = c("", "")), class = "table"), N = 2210L), 
    Tag.Distribution = structure(c(`1` = 204L, `2` = 152L, `3` = 126L, 
    `4` = 65L, `5` = 63L, `6` = 40L, `7` = 20L, `8` = 15L, `9` = 10L, 
    `10` = 7L, `11` = 1L, `12` = 1L), .Dim = 12L, .Dimnames = list(
        TagUsage = c("1", "2", "3", "4", "5", "6", "7", "8", 
        "9", "10", "11", "12")), class = "table"), No.Tag = structure(c(0L, 
    0L, 0L, 0L, 0L, 0L, 0L, 0L, 0L, 0L, 1L, 39L, 0L, 0L, 0L, 
    0L, 1L, 0L, 22L, 0L, 0L, 0L, 0L, 0L, 0L, 3L, 0L, 0L), .Dim = c(7L, 
    4L), .Dimnames = structure(list(c("-4", "-3", "-2", "-1", 
    "0", "1", NA), c("A", "C", "T", NA)), .Names = c("", "")), class = "table"), 
    All.Tags = list(Concordant = list(Freqs = structure(c(0, 
    0, 0, 0, 0, 0, 0, 0, 1, 11, 225, 2, 0, 0, 0, 13, 281, 2), .Dim = c(6L, 
    3L), .Dimnames = list(c("-4", "-3", "-2", "-1", "0", "1"), 
        c("A", "C", "T"))), N = 535), Majority = list(Freqs = structure(c(0, 
    0, 0, 0, 0, 0, 0, 0, 1, 13, 290, 2, 0, 0, 0, 14, 341, 2), .Dim = c(6L, 
    3L), .Dimnames = list(c("-4", "-3", "-2", "-1", "0", "1"), 
        c("A", "C", "T"))), N = 663)), `2` = structure(c(0, 0, 
    0, 0, 0, 0, 0, 0, 0, 4, 217, 0, 0, 0, 0, 2, 245, 0), .Dim = c(6L, 
    3L), .Dimnames = list(c("-4", "-3", "-2", "-1", "0", "1"), 
        c("A", "C", "T"))))))
