Results <-
list(`bwa.out//20220204//BlindCMMRD44_S4.sam` = list(DEPDC2_SNP1 = list(
    All = list(Freqs = structure(c(20L, 2339L, 13L, 6L, 14L, 
    2601L, 19L, 11L, 0L, 53L, 0L, 0L), .Dim = 4:3, .Dimnames = structure(list(
        c("-1", "0", "1", NA), c("C", "T", NA)), .Names = c("", 
    "")), class = "table"), N = 5076L), Tag.Distribution = structure(c(`1` = 140L, 
    `2` = 39L, `3` = 43L, `4` = 46L, `5` = 23L, `6` = 32L, `7` = 29L, 
    `8` = 37L, `9` = 19L, `10` = 17L, `11` = 23L, `12` = 11L, 
    `13` = 25L, `14` = 6L, `15` = 10L, `16` = 10L, `17` = 11L, 
    `18` = 7L, `19` = 4L, `20` = 4L, `21` = 5L, `22` = 8L, `23` = 5L, 
    `24` = 6L, `25` = 5L, `26` = 2L, `27` = 10L, `29` = 2L, `30` = 1L, 
    `31` = 2L, `32` = 1L, `33` = 4L, `34` = 3L, `37` = 2L, `38` = 1L, 
    `49` = 1L, `51` = 1L, `54` = 1L, `60` = 1L), .Dim = 39L, .Dimnames = list(
        TagUsage = c("1", "2", "3", "4", "5", "6", "7", "8", 
        "9", "10", "11", "12", "13", "14", "15", "16", "17", 
        "18", "19", "20", "21", "22", "23", "24", "25", "26", 
        "27", "29", "30", "31", "32", "33", "34", "37", "38", 
        "49", "51", "54", "60")), class = "table"), No.Tag = structure(c(0L, 
    39L, 0L, 0L, 0L, 50L, 1L, 2L, 0L, 4L, 0L, 0L), .Dim = 4:3, .Dimnames = structure(list(
        c("-1", "0", "1", NA), c("C", "T", NA)), .Names = c("", 
    "")), class = "table"), All.Tags = list(Concordant = list(
        Freqs = structure(c(0, 266, 0, 2, 249, 0), .Dim = 3:2, .Dimnames = list(
            c("-1", "0", "1"), c("C", "T"))), N = 517), Majority = list(
        Freqs = structure(c(1, 302, 0, 2, 280, 0), .Dim = 3:2, .Dimnames = list(
            c("-1", "0", "1"), c("C", "T"))), N = 585)), `2` = structure(c(1, 
    239, 0, 0, 214, 0), .Dim = 3:2, .Dimnames = list(c("-1", 
    "0", "1"), c("C", "T"))))))
