Results <-
list(`bwa.out//20220204//BlindCMMRD41_S1.sam` = list(LR48_SNP1 = list(
    All = list(Freqs = structure(c(0L, 0L, 17L, 1L, 0L, 1L, 84L, 
    3319L, 52L, 19L, 0L, 0L, 6L, 0L, 0L, 0L, 0L, 46L, 0L, 0L), .Dim = 5:4, .Dimnames = structure(list(
        c("-2", "-1", "0", "1", NA), c("A", "C", "T", NA)), .Names = c("", 
    "")), class = "table"), N = 3545L), Tag.Distribution = structure(c(`1` = 56L, 
    `2` = 13L, `3` = 12L, `4` = 2L, `5` = 10L, `6` = 6L, `7` = 7L, 
    `8` = 7L, `9` = 4L, `10` = 11L, `11` = 7L, `12` = 6L, `13` = 7L, 
    `14` = 2L, `15` = 6L, `16` = 8L, `17` = 3L, `18` = 2L, `19` = 3L, 
    `20` = 7L, `22` = 1L, `23` = 5L, `24` = 2L, `25` = 5L, `29` = 1L, 
    `32` = 1L, `33` = 2L, `34` = 7L, `35` = 1L, `36` = 2L, `37` = 3L, 
    `38` = 2L, `39` = 1L, `40` = 2L, `41` = 4L, `42` = 1L, `43` = 1L, 
    `44` = 2L, `45` = 2L, `47` = 1L, `49` = 2L, `50` = 1L, `52` = 1L, 
    `53` = 1L, `56` = 1L, `57` = 1L, `58` = 1L, `63` = 1L, `65` = 1L, 
    `66` = 1L, `72` = 1L), .Dim = 51L, .Dimnames = list(TagUsage = c("1", 
    "2", "3", "4", "5", "6", "7", "8", "9", "10", "11", "12", 
    "13", "14", "15", "16", "17", "18", "19", "20", "22", "23", 
    "24", "25", "29", "32", "33", "34", "35", "36", "37", "38", 
    "39", "40", "41", "42", "43", "44", "45", "47", "49", "50", 
    "52", "53", "56", "57", "58", "63", "65", "66", "72")), class = "table"), 
    No.Tag = structure(c(0L, 0L, 0L, 0L, 0L, 0L, 2L, 50L, 1L, 
    1L, 0L, 0L, 1L, 0L, 0L, 0L, 0L, 5L, 0L, 0L), .Dim = 5:4, .Dimnames = structure(list(
        c("-2", "-1", "0", "1", NA), c("A", "C", "T", NA)), .Names = c("", 
    "")), class = "table"), All.Tags = list(Concordant = list(
        Freqs = structure(c(0, 0, 0, 0, 0, 3, 150, 1, 0, 0, 4, 
        0), .Dim = 4:3, .Dimnames = list(c("-2", "-1", "0", "1"
        ), c("A", "C", "T"))), N = 158), Majority = list(Freqs = structure(c(0, 
    0, 1, 0, 0, 3, 224, 1, 0, 0, 4, 0), .Dim = 4:3, .Dimnames = list(
        c("-2", "-1", "0", "1"), c("A", "C", "T"))), N = 233)), 
    `2` = structure(c(0, 0, 1, 0, 0, 0, 178, 0, 0, 0, 1, 0), .Dim = 4:3, .Dimnames = list(
        c("-2", "-1", "0", "1"), c("A", "C", "T"))))))
