Results <-
list(`bwa.out//20220204//BlindCMMRD53_S12.sam` = list(LR10_SNP1 = list(
    All = list(Freqs = structure(c(0L, 1L, 0L, 0L, 0L, 2L, 64L, 
    3780L, 9L, 4L, 0L, 0L, 50L, 0L, 0L), .Dim = c(5L, 3L), .Dimnames = structure(list(
        c("-2", "-1", "0", "1", NA), c("C", "T", NA)), .Names = c("", 
    "")), class = "table"), N = 3910L), Tag.Distribution = structure(c(`1` = 79L, 
    `2` = 55L, `3` = 46L, `4` = 39L, `5` = 39L, `6` = 30L, `7` = 31L, 
    `8` = 21L, `9` = 23L, `10` = 20L, `11` = 16L, `12` = 21L, 
    `13` = 15L, `14` = 12L, `15` = 4L, `16` = 6L, `17` = 6L, 
    `18` = 8L, `19` = 3L, `20` = 1L, `21` = 3L, `22` = 4L, `23` = 3L, 
    `24` = 7L, `25` = 2L, `26` = 5L, `27` = 2L, `28` = 4L, `30` = 1L, 
    `31` = 1L, `32` = 1L, `41` = 1L), .Dim = 32L, .Dimnames = list(
        TagUsage = c("1", "2", "3", "4", "5", "6", "7", "8", 
        "9", "10", "11", "12", "13", "14", "15", "16", "17", 
        "18", "19", "20", "21", "22", "23", "24", "25", "26", 
        "27", "28", "30", "31", "32", "41")), class = "table"), 
    No.Tag = structure(c(0L, 1L, 0L, 0L, 0L, 1L, 1L, 113L, 0L, 
    1L, 0L, 0L, 5L, 0L, 0L), .Dim = c(5L, 3L), .Dimnames = structure(list(
        c("-2", "-1", "0", "1", NA), c("C", "T", NA)), .Names = c("", 
    "")), class = "table"), All.Tags = list(Concordant = list(
        Freqs = structure(c(0, 0, 0, 0, 0, 1, 453, 0), .Dim = c(4L, 
        2L), .Dimnames = list(c("-2", "-1", "0", "1"), c("C", 
        "T"))), N = 454), Majority = list(Freqs = structure(c(0, 
    0, 0, 0, 0, 1, 502, 0), .Dim = c(4L, 2L), .Dimnames = list(
        c("-2", "-1", "0", "1"), c("C", "T"))), N = 503)), `2` = structure(c(0, 
    0, 0, 0, 0, 0, 427, 0), .Dim = c(4L, 2L), .Dimnames = list(
        c("-2", "-1", "0", "1"), c("C", "T"))))))
