Results <-
list(`bwa.out//20220204//BlindCMMRD66_S25.sam` = list(LR48_SNP1 = list(
    All = list(Freqs = structure(c(1L, 38L, 1869L, 36L, 18L, 
    0L, 42L, 1968L, 26L, 7L, 0L, 1L, 82L, 3L, 0L), .Dim = c(5L, 
    3L), .Dimnames = structure(list(c("-2", "-1", "0", "1", NA
    ), c("C", "T", NA)), .Names = c("", "")), class = "table"), 
        N = 4091L), Tag.Distribution = structure(c(`1` = 73L, 
    `2` = 34L, `3` = 27L, `4` = 16L, `5` = 22L, `6` = 11L, `7` = 17L, 
    `8` = 19L, `9` = 14L, `10` = 16L, `11` = 15L, `12` = 15L, 
    `13` = 11L, `14` = 5L, `15` = 12L, `16` = 6L, `17` = 6L, 
    `18` = 7L, `19` = 12L, `20` = 6L, `21` = 8L, `22` = 6L, `23` = 10L, 
    `24` = 4L, `25` = 3L, `26` = 2L, `29` = 2L, `30` = 4L, `31` = 5L, 
    `33` = 2L, `34` = 2L, `35` = 3L, `36` = 1L, `38` = 1L, `40` = 2L, 
    `41` = 3L), .Dim = 36L, .Dimnames = list(TagUsage = c("1", 
    "2", "3", "4", "5", "6", "7", "8", "9", "10", "11", "12", 
    "13", "14", "15", "16", "17", "18", "19", "20", "21", "22", 
    "23", "24", "25", "26", "29", "30", "31", "33", "34", "35", 
    "36", "38", "40", "41")), class = "table"), No.Tag = structure(c(0L, 
    0L, 18L, 1L, 0L, 0L, 3L, 31L, 1L, 1L, 0L, 0L, 5L, 0L, 0L), .Dim = c(5L, 
    3L), .Dimnames = structure(list(c("-2", "-1", "0", "1", NA
    ), c("C", "T", NA)), .Names = c("", "")), class = "table"), 
    All.Tags = list(Concordant = list(Freqs = structure(c(0, 
    0, 145, 0, 0, 1, 149, 0), .Dim = c(4L, 2L), .Dimnames = list(
        c("-2", "-1", "0", "1"), c("C", "T"))), N = 295), Majority = list(
        Freqs = structure(c(0, 0, 194, 0, 0, 1, 194, 0), .Dim = c(4L, 
        2L), .Dimnames = list(c("-2", "-1", "0", "1"), c("C", 
        "T"))), N = 389)), `2` = structure(c(0, 0, 158, 0, 0, 
    0, 167, 0), .Dim = c(4L, 2L), .Dimnames = list(c("-2", "-1", 
    "0", "1"), c("C", "T"))))))
