Results <-
list(`bwa.out//20220204//Control13_S6.sam` = list(LR10_SNP1 = list(
    All = list(Freqs = structure(c(0L, 13L, 1039L, 5L, 2L, 1L, 
    17L, 923L, 4L, 0L, 0L, 0L, 21L, 0L, 0L), .Dim = c(5L, 3L), .Dimnames = structure(list(
        c("-2", "-1", "0", "1", NA), c("C", "T", NA)), .Names = c("", 
    "")), class = "table"), N = 2025L), Tag.Distribution = structure(c(`1` = 59L, 
    `2` = 22L, `3` = 28L, `4` = 32L, `5` = 23L, `6` = 23L, `7` = 26L, 
    `8` = 17L, `9` = 16L, `10` = 5L, `11` = 9L, `12` = 5L, `13` = 5L, 
    `14` = 7L, `15` = 8L, `16` = 4L, `17` = 4L, `18` = 1L, `19` = 4L, 
    `20` = 2L, `21` = 2L, `22` = 1L, `25` = 1L, `26` = 2L, `28` = 1L, 
    `29` = 1L), .Dim = 26L, .Dimnames = list(TagUsage = c("1", 
    "2", "3", "4", "5", "6", "7", "8", "9", "10", "11", "12", 
    "13", "14", "15", "16", "17", "18", "19", "20", "21", "22", 
    "25", "26", "28", "29")), class = "table"), No.Tag = structure(c(0L, 
    1L, 25L, 0L, 0L, 0L, 0L, 12L, 0L, 0L, 0L, 0L, 1L, 0L, 0L), .Dim = c(5L, 
    3L), .Dimnames = structure(list(c("-2", "-1", "0", "1", NA
    ), c("C", "T", NA)), .Names = c("", "")), class = "table"), 
    All.Tags = list(Concordant = list(Freqs = structure(c(0, 
    1, 134, 0, 0, 0, 128, 0), .Dim = c(4L, 2L), .Dimnames = list(
        c("-2", "-1", "0", "1"), c("C", "T"))), N = 263), Majority = list(
        Freqs = structure(c(0, 1, 154, 0, 0, 0, 146, 0), .Dim = c(4L, 
        2L), .Dimnames = list(c("-2", "-1", "0", "1"), c("C", 
        "T"))), N = 301)), `2` = structure(c(0, 0, 123, 0, 0, 
    0, 119, 0), .Dim = c(4L, 2L), .Dimnames = list(c("-2", "-1", 
    "0", "1"), c("C", "T"))))))
