Results <-
list(`bwa.out//20220204//BlindCMMRD133_S59.sam` = list(GM29_SNP1 = list(
    All = list(Freqs = structure(c(2L, 57L, 4759L, 17L, 14L, 
    0L, 0L, 2L, 0L, 0L, 0L, 0L, 13L, 0L, 0L), .Dim = c(5L, 3L
    ), .Dimnames = structure(list(c("-2", "-1", "0", "1", NA), 
        c("A", "G", NA)), .Names = c("", "")), class = "table"), 
        N = 4864L), Tag.Distribution = structure(c(`1` = 196L, 
    `2` = 139L, `3` = 117L, `4` = 119L, `5` = 86L, `6` = 55L, 
    `7` = 42L, `8` = 39L, `9` = 42L, `10` = 28L, `11` = 16L, 
    `12` = 14L, `13` = 12L, `14` = 7L, `15` = 6L, `16` = 10L, 
    `17` = 3L, `18` = 4L, `19` = 2L, `20` = 1L, `21` = 1L, `22` = 4L, 
    `23` = 3L, `24` = 1L, `25` = 2L, `28` = 1L, `29` = 1L, `31` = 2L, 
    `36` = 1L), .Dim = 29L, .Dimnames = list(TagUsage = c("1", 
    "2", "3", "4", "5", "6", "7", "8", "9", "10", "11", "12", 
    "13", "14", "15", "16", "17", "18", "19", "20", "21", "22", 
    "23", "24", "25", "28", "29", "31", "36")), class = "table"), 
    No.Tag = structure(c(0L, 1L, 99L, 0L, 0L, 0L, 0L, 0L, 0L, 
    0L, 0L, 0L, 3L, 0L, 0L), .Dim = c(5L, 3L), .Dimnames = structure(list(
        c("-2", "-1", "0", "1", NA), c("A", "G", NA)), .Names = c("", 
    "")), class = "table"), All.Tags = list(Concordant = list(
        Freqs = structure(c(0, 5, 881, 0, 0, 0, 0, 0), .Dim = c(4L, 
        2L), .Dimnames = list(c("-2", "-1", "0", "1"), c("A", 
        "G"))), N = 886), Majority = list(Freqs = structure(c(0, 
    5, 943, 1, 0, 0, 0, 0), .Dim = c(4L, 2L), .Dimnames = list(
        c("-2", "-1", "0", "1"), c("A", "G"))), N = 949)), `2` = structure(c(0, 
    1, 754, 1, 0, 0, 0, 0), .Dim = c(4L, 2L), .Dimnames = list(
        c("-2", "-1", "0", "1"), c("A", "G"))))))
