Results <-
list(`bwa.out//20220204//Control25_S18.sam` = list(GM14_SNP1 = list(
    All = list(Freqs = structure(c(22L, 746L, 7L, 2L, 19L, 519L, 
    4L, 1L, 0L, 20L, 0L, 0L), .Dim = 4:3, .Dimnames = structure(list(
        c("-1", "0", "1", NA), c("C", "T", NA)), .Names = c("", 
    "")), class = "table"), N = 1340L), Tag.Distribution = structure(c(`1` = 37L, 
    `2` = 14L, `3` = 14L, `4` = 16L, `5` = 10L, `6` = 12L, `7` = 10L, 
    `8` = 4L, `9` = 14L, `10` = 7L, `11` = 3L, `12` = 3L, `13` = 2L, 
    `14` = 6L, `15` = 2L, `16` = 4L, `17` = 3L, `18` = 4L, `19` = 3L, 
    `20` = 1L, `21` = 2L, `22` = 2L, `24` = 1L, `27` = 1L, `29` = 1L, 
    `33` = 1L, `41` = 1L), .Dim = 27L, .Dimnames = list(TagUsage = c("1", 
    "2", "3", "4", "5", "6", "7", "8", "9", "10", "11", "12", 
    "13", "14", "15", "16", "17", "18", "19", "20", "21", "22", 
    "24", "27", "29", "33", "41")), class = "table"), No.Tag = structure(c(1L, 
    23L, 0L, 0L, 0L, 8L, 0L, 0L, 0L, 4L, 0L, 0L), .Dim = 4:3, .Dimnames = structure(list(
        c("-1", "0", "1", NA), c("C", "T", NA)), .Names = c("", 
    "")), class = "table"), All.Tags = list(Concordant = list(
        Freqs = structure(c(1, 80, 1, 0, 59, 0), .Dim = 3:2, .Dimnames = list(
            c("-1", "0", "1"), c("C", "T"))), N = 141), Majority = list(
        Freqs = structure(c(1, 99, 1, 0, 74, 0), .Dim = 3:2, .Dimnames = list(
            c("-1", "0", "1"), c("C", "T"))), N = 175)), `2` = structure(c(0, 
    76, 0, 0, 64, 0), .Dim = 3:2, .Dimnames = list(c("-1", "0", 
    "1"), c("C", "T"))))))
