Results <-
list(`bwa.out//20220204//BlindCMMRD109_S35.sam` = list(LR17_SNP1 = list(
    All = list(Freqs = structure(c(5L, 267L, 5835L, 53L, 0L, 
    31L, 0L, 0L, 1L, 0L, 0L, 0L, 0L, 0L, 122L, 0L, 1L, 0L), .Dim = c(6L, 
    3L), .Dimnames = structure(list(c("-2", "-1", "0", "1", "2", 
    NA), c("A", "G", NA)), .Names = c("", "")), class = "table"), 
        N = 6315L), Tag.Distribution = structure(c(`1` = 212L, 
    `2` = 125L, `3` = 142L, `4` = 118L, `5` = 105L, `6` = 85L, 
    `7` = 90L, `8` = 51L, `9` = 64L, `10` = 49L, `11` = 29L, 
    `12` = 20L, `13` = 15L, `14` = 12L, `15` = 12L, `16` = 8L, 
    `17` = 4L, `18` = 4L, `19` = 4L, `20` = 4L, `22` = 2L, `23` = 2L, 
    `24` = 1L, `25` = 1L, `32` = 1L), .Dim = 25L, .Dimnames = list(
        TagUsage = c("1", "2", "3", "4", "5", "6", "7", "8", 
        "9", "10", "11", "12", "13", "14", "15", "16", "17", 
        "18", "19", "20", "22", "23", "24", "25", "32")), class = "table"), 
    No.Tag = structure(c(0L, 3L, 112L, 0L, 0L, 1L, 0L, 0L, 0L, 
    0L, 0L, 0L, 0L, 0L, 3L, 0L, 0L, 0L), .Dim = c(6L, 3L), .Dimnames = structure(list(
        c("-2", "-1", "0", "1", "2", NA), c("A", "G", NA)), .Names = c("", 
    "")), class = "table"), All.Tags = list(Concordant = list(
        Freqs = structure(c(0, 22, 927, 3, 0, 0, 0, 0, 0, 0), .Dim = c(5L, 
        2L), .Dimnames = list(c("-2", "-1", "0", "1", "2"), c("A", 
        "G"))), N = 952), Majority = list(Freqs = structure(c(0, 
    25, 1115, 3, 0, 0, 0, 0, 0, 0), .Dim = c(5L, 2L), .Dimnames = list(
        c("-2", "-1", "0", "1", "2"), c("A", "G"))), N = 1143)), 
    `2` = structure(c(0, 12, 923, 0, 0, 0, 0, 0, 0, 0), .Dim = c(5L, 
    2L), .Dimnames = list(c("-2", "-1", "0", "1", "2"), c("A", 
    "G"))))))
