Results <-
list(`bwa.out//20220204//BlindCMMRD51_S11.sam` = list(LR24_SNP1 = list(
    All = list(Freqs = structure(c(20L, 1349L, 3L, 3L, 8L, 1405L, 
    4L, 0L, 0L, 15L, 0L, 0L), .Dim = 4:3, .Dimnames = structure(list(
        c("-1", "0", "1", NA), c("A", "G", NA)), .Names = c("", 
    "")), class = "table"), N = 2807L), Tag.Distribution = structure(c(`1` = 79L, 
    `2` = 26L, `3` = 32L, `4` = 31L, `5` = 17L, `6` = 19L, `7` = 24L, 
    `8` = 16L, `9` = 19L, `10` = 15L, `11` = 12L, `12` = 9L, 
    `13` = 8L, `14` = 6L, `15` = 9L, `16` = 3L, `17` = 4L, `18` = 2L, 
    `19` = 4L, `20` = 5L, `21` = 3L, `22` = 2L, `23` = 1L, `24` = 3L, 
    `25` = 2L, `29` = 1L, `30` = 6L, `31` = 1L, `33` = 1L, `35` = 1L, 
    `37` = 1L, `39` = 1L), .Dim = 32L, .Dimnames = list(TagUsage = c("1", 
    "2", "3", "4", "5", "6", "7", "8", "9", "10", "11", "12", 
    "13", "14", "15", "16", "17", "18", "19", "20", "21", "22", 
    "23", "24", "25", "29", "30", "31", "33", "35", "37", "39"
    )), class = "table"), No.Tag = structure(c(10L, 67L, 0L, 
    1L, 0L, 34L, 0L, 0L, 0L, 1L, 0L, 0L), .Dim = 4:3, .Dimnames = structure(list(
        c("-1", "0", "1", NA), c("A", "G", NA)), .Names = c("", 
    "")), class = "table"), All.Tags = list(Concordant = list(
        Freqs = structure(c(0, 167, 0, 0, 160, 0), .Dim = 3:2, .Dimnames = list(
            c("-1", "0", "1"), c("A", "G"))), N = 327), Majority = list(
        Freqs = structure(c(0, 181, 0, 0, 180, 0), .Dim = 3:2, .Dimnames = list(
            c("-1", "0", "1"), c("A", "G"))), N = 361)), `2` = structure(c(0, 
    142, 0, 0, 142, 0), .Dim = 3:2, .Dimnames = list(c("-1", 
    "0", "1"), c("A", "G"))))))
