Results <-
list(`bwa.out//20220204//BlindCMMRD57_S16.sam` = list(LR36_SNP1 = list(
    All = list(Freqs = structure(c(4L, 46L, 1575L, 20L, 11L, 
    3L, 22L, 1270L, 9L, 13L, 1L, 2L, 116L, 3L, 0L), .Dim = c(5L, 
    3L), .Dimnames = structure(list(c("-2", "-1", "0", "1", NA
    ), c("A", "T", NA)), .Names = c("", "")), class = "table"), 
        N = 3095L), Tag.Distribution = structure(c(`1` = 100L, 
    `2` = 55L, `3` = 45L, `4` = 36L, `5` = 25L, `6` = 35L, `7` = 26L, 
    `8` = 19L, `9` = 13L, `10` = 8L, `11` = 8L, `12` = 6L, `13` = 8L, 
    `14` = 7L, `15` = 4L, `16` = 9L, `17` = 4L, `18` = 8L, `19` = 2L, 
    `20` = 4L, `21` = 6L, `22` = 2L, `23` = 4L, `24` = 1L, `25` = 2L, 
    `26` = 4L, `27` = 2L, `28` = 1L, `31` = 1L, `32` = 1L, `37` = 1L
    ), .Dim = 31L, .Dimnames = list(TagUsage = c("1", "2", "3", 
    "4", "5", "6", "7", "8", "9", "10", "11", "12", "13", "14", 
    "15", "16", "17", "18", "19", "20", "21", "22", "23", "24", 
    "25", "26", "27", "28", "31", "32", "37")), class = "table"), 
    No.Tag = structure(c(0L, 2L, 98L, 3L, 2L, 0L, 1L, 94L, 0L, 
    4L, 0L, 0L, 18L, 0L, 0L), .Dim = c(5L, 3L), .Dimnames = structure(list(
        c("-2", "-1", "0", "1", NA), c("A", "T", NA)), .Names = c("", 
    "")), class = "table"), All.Tags = list(Concordant = list(
        Freqs = structure(c(0, 3, 186, 1, 0, 2, 167, 0), .Dim = c(4L, 
        2L), .Dimnames = list(c("-2", "-1", "0", "1"), c("A", 
        "T"))), N = 359), Majority = list(Freqs = structure(c(0, 
    3, 236, 1, 0, 3, 191, 0), .Dim = c(4L, 2L), .Dimnames = list(
        c("-2", "-1", "0", "1"), c("A", "T"))), N = 434)), `2` = structure(c(0, 
    1, 187, 0, 0, 1, 155, 0), .Dim = c(4L, 2L), .Dimnames = list(
        c("-2", "-1", "0", "1"), c("A", "T"))))))
