Results <-
list(`bwa.out//20220204//BlindCMMRD68_S27.sam` = list(LR48_SNP1 = list(
    All = list(Freqs = structure(c(0L, 51L, 1835L, 19L, 0L, 6L, 
    2L, 55L, 1869L, 25L, 1L, 11L, 0L, 0L, 77L, 0L, 0L, 0L), .Dim = c(6L, 
    3L), .Dimnames = structure(list(c("-2", "-1", "0", "1", "2", 
    NA), c("C", "T", NA)), .Names = c("", "")), class = "table"), 
        N = 3951L), Tag.Distribution = structure(c(`1` = 81L, 
    `2` = 26L, `3` = 24L, `4` = 23L, `5` = 22L, `6` = 10L, `7` = 18L, 
    `8` = 18L, `9` = 11L, `10` = 10L, `11` = 13L, `12` = 9L, 
    `13` = 10L, `14` = 12L, `15` = 11L, `16` = 7L, `17` = 7L, 
    `18` = 8L, `19` = 3L, `20` = 6L, `21` = 5L, `22` = 5L, `23` = 3L, 
    `24` = 3L, `25` = 5L, `26` = 5L, `27` = 6L, `28` = 4L, `29` = 5L, 
    `30` = 4L, `31` = 3L, `32` = 2L, `35` = 5L, `37` = 1L, `42` = 1L, 
    `45` = 2L, `55` = 1L), .Dim = 37L, .Dimnames = list(TagUsage = c("1", 
    "2", "3", "4", "5", "6", "7", "8", "9", "10", "11", "12", 
    "13", "14", "15", "16", "17", "18", "19", "20", "21", "22", 
    "23", "24", "25", "26", "27", "28", "29", "30", "31", "32", 
    "35", "37", "42", "45", "55")), class = "table"), No.Tag = structure(c(0L, 
    0L, 13L, 0L, 0L, 0L, 0L, 1L, 25L, 0L, 0L, 0L, 0L, 0L, 4L, 
    0L, 0L, 0L), .Dim = c(6L, 3L), .Dimnames = structure(list(
        c("-2", "-1", "0", "1", "2", NA), c("C", "T", NA)), .Names = c("", 
    "")), class = "table"), All.Tags = list(Concordant = list(
        Freqs = structure(c(0, 4, 137, 0, 0, 0, 0, 133, 0, 0), .Dim = c(5L, 
        2L), .Dimnames = list(c("-2", "-1", "0", "1", "2"), c("C", 
        "T"))), N = 274), Majority = list(Freqs = structure(c(0, 
    4, 181, 0, 0, 0, 2, 190, 0, 0), .Dim = c(5L, 2L), .Dimnames = list(
        c("-2", "-1", "0", "1", "2"), c("C", "T"))), N = 377)), 
    `2` = structure(c(0, 1, 137, 0, 0, 0, 2, 165, 0, 0), .Dim = c(5L, 
    2L), .Dimnames = list(c("-2", "-1", "0", "1", "2"), c("C", 
    "T"))))))
