Results <-
list(`bwa.out//20220204//BlindCMMRD123_S49.sam` = list(GM11_SNP1 = list(
    All = list(Freqs = structure(c(1L, 21L, 4528L, 11L, 3L, 0L, 
    0L, 3L, 0L, 1L, 0L, 0L, 12L, 0L, 0L), .Dim = c(5L, 3L), .Dimnames = structure(list(
        c("-2", "-1", "0", "1", NA), c("A", "G", NA)), .Names = c("", 
    "")), class = "table"), N = 4580L), Tag.Distribution = structure(c(`1` = 236L, 
    `2` = 176L, `3` = 148L, `4` = 114L, `5` = 81L, `6` = 62L, 
    `7` = 58L, `8` = 41L, `9` = 32L, `10` = 20L, `11` = 31L, 
    `12` = 12L, `13` = 10L, `14` = 7L, `15` = 7L, `16` = 2L, 
    `18` = 3L, `19` = 3L, `25` = 1L, `26` = 1L, `27` = 1L), .Dim = 21L, .Dimnames = list(
        TagUsage = c("1", "2", "3", "4", "5", "6", "7", "8", 
        "9", "10", "11", "12", "13", "14", "15", "16", "18", 
        "19", "25", "26", "27")), class = "table"), No.Tag = structure(c(0L, 
    3L, 50L, 0L, 0L, 0L, 0L, 0L, 0L, 0L, 0L, 0L, 1L, 0L, 0L), .Dim = c(5L, 
    3L), .Dimnames = structure(list(c("-2", "-1", "0", "1", NA
    ), c("A", "G", NA)), .Names = c("", "")), class = "table"), 
    All.Tags = list(Concordant = list(Freqs = structure(c(0, 
    1, 1011, 1, 0, 0, 2, 0), .Dim = c(4L, 2L), .Dimnames = list(
        c("-2", "-1", "0", "1"), c("A", "G"))), N = 1015), Majority = list(
        Freqs = structure(c(0, 1, 1040, 1, 0, 0, 2, 0), .Dim = c(4L, 
        2L), .Dimnames = list(c("-2", "-1", "0", "1"), c("A", 
        "G"))), N = 1044)), `2` = structure(c(0, 0, 810, 0, 0, 
    0, 0, 0), .Dim = c(4L, 2L), .Dimnames = list(c("-2", "-1", 
    "0", "1"), c("A", "G"))))))
