Results <-
list(`bwa.out//20220204//BlindCMMRD79_S38.sam` = list(IM49_SNP1 = list(
    All = list(Freqs = structure(c(1L, 47L, 1816L, 35L, 2L, 28L, 
    0L, 31L, 1382L, 16L, 0L, 10L, 0L, 0L, 1L, 0L, 0L, 0L, 0L, 
    2L, 202L, 4L, 0L, 0L), .Dim = c(6L, 4L), .Dimnames = structure(list(
        c("-2", "-1", "0", "1", "2", NA), c("C", "G", "T", NA
        )), .Names = c("", "")), class = "table"), N = 3577L), 
    Tag.Distribution = structure(c(`1` = 203L, `2` = 103L, `3` = 66L, 
    `4` = 50L, `5` = 51L, `6` = 51L, `7` = 35L, `8` = 26L, `9` = 20L, 
    `10` = 27L, `11` = 11L, `12` = 19L, `13` = 8L, `14` = 12L, 
    `15` = 5L, `16` = 4L, `17` = 5L, `18` = 5L, `19` = 4L, `20` = 4L, 
    `21` = 1L, `22` = 1L, `24` = 2L, `27` = 1L, `30` = 1L), .Dim = 25L, .Dimnames = list(
        TagUsage = c("1", "2", "3", "4", "5", "6", "7", "8", 
        "9", "10", "11", "12", "13", "14", "15", "16", "17", 
        "18", "19", "20", "21", "22", "24", "27", "30")), class = "table"), 
    No.Tag = structure(c(0L, 1L, 37L, 1L, 0L, 2L, 0L, 0L, 20L, 
    0L, 0L, 0L, 0L, 0L, 0L, 0L, 0L, 0L, 0L, 0L, 6L, 0L, 0L, 0L
    ), .Dim = c(6L, 4L), .Dimnames = structure(list(c("-2", "-1", 
    "0", "1", "2", NA), c("C", "G", "T", NA)), .Names = c("", 
    "")), class = "table"), All.Tags = list(Concordant = list(
        Freqs = structure(c(0, 2, 298, 2, 0, 0, 0, 243, 0, 0, 
        0, 0, 1, 0, 0), .Dim = c(5L, 3L), .Dimnames = list(c("-2", 
        "-1", "0", "1", "2"), c("C", "G", "T"))), N = 546), Majority = list(
        Freqs = structure(c(0, 2, 365, 2, 0, 0, 0, 287, 0, 0, 
        0, 0, 1, 0, 0), .Dim = c(5L, 3L), .Dimnames = list(c("-2", 
        "-1", "0", "1", "2"), c("C", "G", "T"))), N = 657)), 
    `2` = structure(c(0, 1, 282, 0, 0, 0, 0, 215, 0, 0, 0, 0, 
    0, 0, 0), .Dim = c(5L, 3L), .Dimnames = list(c("-2", "-1", 
    "0", "1", "2"), c("C", "G", "T"))))))
