Results <-
list(`bwa.out//20220204//Control23_S16.sam` = list(GM29_SNP1 = list(
    All = list(Freqs = structure(c(32L, 2573L, 11L, 8L, 0L, 1L, 
    0L, 0L, 0L, 9L, 0L, 0L), .Dim = 4:3, .Dimnames = structure(list(
        c("-1", "0", "1", NA), c("A", "G", NA)), .Names = c("", 
    "")), class = "table"), N = 2634L), Tag.Distribution = structure(c(`1` = 77L, 
    `2` = 53L, `3` = 35L, `4` = 31L, `5` = 35L, `6` = 23L, `7` = 15L, 
    `8` = 19L, `9` = 17L, `10` = 12L, `11` = 8L, `12` = 4L, `13` = 9L, 
    `14` = 7L, `15` = 3L, `16` = 9L, `17` = 4L, `18` = 4L, `19` = 1L, 
    `20` = 2L, `21` = 4L, `22` = 2L, `23` = 3L, `24` = 4L, `25` = 2L, 
    `26` = 2L, `27` = 1L, `28` = 1L, `31` = 1L, `33` = 1L, `36` = 1L, 
    `45` = 1L), .Dim = 32L, .Dimnames = list(TagUsage = c("1", 
    "2", "3", "4", "5", "6", "7", "8", "9", "10", "11", "12", 
    "13", "14", "15", "16", "17", "18", "19", "20", "21", "22", 
    "23", "24", "25", "26", "27", "28", "31", "33", "36", "45"
    )), class = "table"), No.Tag = structure(c(0L, 41L, 0L, 2L, 
    0L, 0L, 0L, 0L, 0L, 2L, 0L, 0L), .Dim = 4:3, .Dimnames = structure(list(
        c("-1", "0", "1", NA), c("A", "G", NA)), .Names = c("", 
    "")), class = "table"), All.Tags = list(Concordant = list(
        Freqs = structure(c(3, 351, 0, 0, 1, 0), .Dim = 3:2, .Dimnames = list(
            c("-1", "0", "1"), c("A", "G"))), N = 355), Majority = list(
        Freqs = structure(c(3, 383, 0, 0, 1, 0), .Dim = 3:2, .Dimnames = list(
            c("-1", "0", "1"), c("A", "G"))), N = 387)), `2` = structure(c(0, 
    312, 0, 0, 0, 0), .Dim = 3:2, .Dimnames = list(c("-1", "0", 
    "1"), c("A", "G"))))))
