Results <-
list(`bwa.out//20220204//13D0575_S2.sam` = list(GM14_SNP1 = list(
    All = list(Freqs = structure(c(2L, 56L, 1612L, 24L, 1L, 7L, 
    0L, 0L, 3L, 0L, 0L, 0L, 0L, 0L, 22L, 1L, 0L, 0L), .Dim = c(6L, 
    3L), .Dimnames = structure(list(c("-2", "-1", "0", "1", "2", 
    NA), c("C", "T", NA)), .Names = c("", "")), class = "table"), 
        N = 1728L), Tag.Distribution = structure(c(`1` = 88L, 
    `2` = 44L, `3` = 35L, `4` = 40L, `5` = 29L, `6` = 17L, `7` = 9L, 
    `8` = 13L, `9` = 8L, `10` = 9L, `11` = 11L, `12` = 12L, `13` = 7L, 
    `14` = 5L, `15` = 6L, `16` = 1L, `18` = 1L, `22` = 1L, `24` = 1L, 
    `25` = 1L, `28` = 1L, `29` = 1L), .Dim = 22L, .Dimnames = list(
        TagUsage = c("1", "2", "3", "4", "5", "6", "7", "8", 
        "9", "10", "11", "12", "13", "14", "15", "16", "18", 
        "22", "24", "25", "28", "29")), class = "table"), No.Tag = structure(c(0L, 
    1L, 31L, 0L, 0L, 0L, 0L, 0L, 0L, 0L, 0L, 0L, 0L, 0L, 1L, 
    0L, 0L, 0L), .Dim = c(6L, 3L), .Dimnames = structure(list(
        c("-2", "-1", "0", "1", "2", NA), c("C", "T", NA)), .Names = c("", 
    "")), class = "table"), All.Tags = list(Concordant = list(
        Freqs = structure(c(0, 2, 275, 4, 0, 0, 0, 3, 0, 0), .Dim = c(5L, 
        2L), .Dimnames = list(c("-2", "-1", "0", "1", "2"), c("C", 
        "T"))), N = 284), Majority = list(Freqs = structure(c(0, 
    2, 326, 5, 0, 0, 0, 3, 0, 0), .Dim = c(5L, 2L), .Dimnames = list(
        c("-2", "-1", "0", "1", "2"), c("C", "T"))), N = 336)), 
    `2` = structure(c(0, 1, 245, 4, 0, 0, 0, 0, 0, 0), .Dim = c(5L, 
    2L), .Dimnames = list(c("-2", "-1", "0", "1", "2"), c("C", 
    "T"))))))
