Results <-
list(`bwa.out//20220204//BlindCMMRD46_S6.sam` = list(LR24_SNP1 = list(
    All = list(Freqs = structure(c(0L, 0L, 1L, 0L, 0L, 0L, 0L, 
    7L, 0L, 0L, 1L, 18L, 4652L, 10L, 1L, 0L, 0L, 33L, 0L, 0L), .Dim = 5:4, .Dimnames = structure(list(
        c("-3", "-1", "0", "1", NA), c("-", "A", "G", NA)), .Names = c("", 
    "")), class = "table"), N = 4723L), Tag.Distribution = structure(c(`1` = 122L, 
    `2` = 50L, `3` = 39L, `4` = 39L, `5` = 38L, `6` = 32L, `7` = 28L, 
    `8` = 36L, `9` = 37L, `10` = 17L, `11` = 21L, `12` = 21L, 
    `13` = 17L, `14` = 16L, `15` = 11L, `16` = 14L, `17` = 7L, 
    `18` = 4L, `19` = 3L, `20` = 7L, `21` = 6L, `22` = 5L, `23` = 2L, 
    `24` = 4L, `25` = 1L, `26` = 4L, `27` = 3L, `28` = 1L, `29` = 1L, 
    `30` = 1L, `31` = 1L, `32` = 1L, `33` = 1L, `37` = 1L, `42` = 1L, 
    `43` = 2L, `44` = 2L), .Dim = 37L, .Dimnames = list(TagUsage = c("1", 
    "2", "3", "4", "5", "6", "7", "8", "9", "10", "11", "12", 
    "13", "14", "15", "16", "17", "18", "19", "20", "21", "22", 
    "23", "24", "25", "26", "27", "28", "29", "30", "31", "32", 
    "33", "37", "42", "43", "44")), class = "table"), No.Tag = structure(c(0L, 
    0L, 0L, 0L, 0L, 0L, 0L, 2L, 0L, 0L, 0L, 0L, 124L, 1L, 0L, 
    0L, 0L, 3L, 0L, 0L), .Dim = 5:4, .Dimnames = structure(list(
        c("-3", "-1", "0", "1", NA), c("-", "A", "G", NA)), .Names = c("", 
    "")), class = "table"), All.Tags = list(Concordant = list(
        Freqs = structure(c(0, 0, 0, 0, 0, 0, 4, 0, 0, 0, 554, 
        0), .Dim = 4:3, .Dimnames = list(c("-3", "-1", "0", "1"
        ), c("-", "A", "G"))), N = 558), Majority = list(Freqs = structure(c(0, 
    0, 0, 0, 0, 0, 4, 0, 0, 0, 584, 0), .Dim = 4:3, .Dimnames = list(
        c("-3", "-1", "0", "1"), c("-", "A", "G"))), N = 588)), 
    `2` = structure(c(0, 0, 0, 0, 0, 0, 0, 0, 0, 0, 474, 0), .Dim = 4:3, .Dimnames = list(
        c("-3", "-1", "0", "1"), c("-", "A", "G"))))))
