Results <-
list(`bwa.out//20220204//BlindCMMRD99_S58.sam` = list(DEPDC2_SNP1 = list(
    All = list(Freqs = structure(c(0L, 2L, 0L, 0L, 25L, 5204L, 
    27L, 24L, 0L, 30L, 0L, 0L), .Dim = 4:3, .Dimnames = structure(list(
        c("-1", "0", "1", NA), c("C", "T", NA)), .Names = c("", 
    "")), class = "table"), N = 5312L), Tag.Distribution = structure(c(`1` = 218L, 
    `2` = 105L, `3` = 79L, `4` = 69L, `5` = 59L, `6` = 53L, `7` = 44L, 
    `8` = 36L, `9` = 20L, `10` = 18L, `11` = 16L, `12` = 22L, 
    `13` = 13L, `14` = 14L, `15` = 12L, `16` = 5L, `17` = 9L, 
    `18` = 8L, `19` = 7L, `20` = 7L, `21` = 6L, `22` = 2L, `23` = 2L, 
    `24` = 4L, `25` = 5L, `26` = 5L, `27` = 1L, `28` = 2L, `29` = 6L, 
    `30` = 2L, `31` = 1L, `32` = 2L, `33` = 1L, `34` = 1L, `45` = 1L
    ), .Dim = 35L, .Dimnames = list(TagUsage = c("1", "2", "3", 
    "4", "5", "6", "7", "8", "9", "10", "11", "12", "13", "14", 
    "15", "16", "17", "18", "19", "20", "21", "22", "23", "24", 
    "25", "26", "27", "28", "29", "30", "31", "32", "33", "34", 
    "45")), class = "table"), No.Tag = structure(c(0L, 0L, 0L, 
    0L, 0L, 67L, 1L, 4L, 0L, 4L, 0L, 0L), .Dim = 4:3, .Dimnames = structure(list(
        c("-1", "0", "1", NA), c("C", "T", NA)), .Names = c("", 
    "")), class = "table"), All.Tags = list(Concordant = list(
        Freqs = structure(c(0, 2, 0, 2, 795, 3), .Dim = 3:2, .Dimnames = list(
            c("-1", "0", "1"), c("C", "T"))), N = 802), Majority = list(
        Freqs = structure(c(0, 2, 0, 2, 834, 3), .Dim = 3:2, .Dimnames = list(
            c("-1", "0", "1"), c("C", "T"))), N = 841)), `2` = structure(c(0, 
    0, 0, 0, 632, 1), .Dim = 3:2, .Dimnames = list(c("-1", "0", 
    "1"), c("C", "T"))))))
