Results <-
list(`bwa.out//20220204//BlindCMMRD83_S42.sam` = list(IM49_SNP1 = list(
    All = list(Freqs = structure(c(1L, 34L, 1526L, 25L, 16L, 
    7L, 376L, 1193L, 23L, 21L, 0L, 13L, 177L, 2L, 0L), .Dim = c(5L, 
    3L), .Dimnames = structure(list(c("-2", "-1", "0", "1", NA
    ), c("C", "G", NA)), .Names = c("", "")), class = "table"), 
        N = 3414L), Tag.Distribution = structure(c(`1` = 167L, 
    `2` = 45L, `3` = 39L, `4` = 32L, `5` = 35L, `6` = 24L, `7` = 27L, 
    `8` = 21L, `9` = 17L, `10` = 17L, `11` = 13L, `12` = 14L, 
    `13` = 8L, `14` = 11L, `15` = 4L, `16` = 6L, `17` = 5L, `18` = 3L, 
    `19` = 4L, `20` = 5L, `21` = 4L, `22` = 6L, `23` = 1L, `24` = 1L, 
    `25` = 1L, `26` = 3L, `28` = 1L, `29` = 1L, `30` = 2L, `31` = 1L, 
    `33` = 1L, `34` = 1L, `37` = 1L, `38` = 1L, `39` = 1L, `41` = 1L, 
    `42` = 1L, `44` = 1L), .Dim = 38L, .Dimnames = list(TagUsage = c("1", 
    "2", "3", "4", "5", "6", "7", "8", "9", "10", "11", "12", 
    "13", "14", "15", "16", "17", "18", "19", "20", "21", "22", 
    "23", "24", "25", "26", "28", "29", "30", "31", "33", "34", 
    "37", "38", "39", "41", "42", "44")), class = "table"), No.Tag = structure(c(1L, 
    2L, 21L, 0L, 0L, 0L, 0L, 19L, 0L, 1L, 0L, 0L, 7L, 0L, 0L), .Dim = c(5L, 
    3L), .Dimnames = structure(list(c("-2", "-1", "0", "1", NA
    ), c("C", "G", NA)), .Names = c("", "")), class = "table"), 
    All.Tags = list(Concordant = list(Freqs = structure(c(0, 
    4, 173, 1, 1, 38, 153, 0), .Dim = c(4L, 2L), .Dimnames = list(
        c("-2", "-1", "0", "1"), c("C", "G"))), N = 370), Majority = list(
        Freqs = structure(c(0, 4, 225, 1, 1, 47, 198, 0), .Dim = c(4L, 
        2L), .Dimnames = list(c("-2", "-1", "0", "1"), c("C", 
        "G"))), N = 476)), `2` = structure(c(0, 2, 160, 1, 0, 
    40, 152, 0), .Dim = c(4L, 2L), .Dimnames = list(c("-2", "-1", 
    "0", "1"), c("C", "G"))))))
