Results <-
list(`bwa.out//20220204//BlindCMMRD94_S53.sam` = list(LR52_SNP1 = list(
    All = list(Freqs = structure(c(1L, 2L, 41L, 301L, 2466L, 
    21L, 36L, 0L, 0L, 0L, 0L, 2L, 0L, 0L, 0L, 0L, 0L, 21L, 853L, 
    2L, 0L), .Dim = c(7L, 3L), .Dimnames = structure(list(c("-4", 
    "-3", "-2", "-1", "0", "1", NA), c("C", "T", NA)), .Names = c("", 
    "")), class = "table"), N = 3746L), Tag.Distribution = structure(c(`1` = 69L, 
    `2` = 50L, `3` = 39L, `4` = 42L, `5` = 26L, `6` = 32L, `7` = 27L, 
    `8` = 27L, `9` = 33L, `10` = 14L, `11` = 16L, `12` = 18L, 
    `13` = 12L, `14` = 13L, `15` = 12L, `16` = 5L, `17` = 14L, 
    `18` = 4L, `19` = 4L, `20` = 3L, `21` = 5L, `22` = 2L, `23` = 5L, 
    `24` = 2L, `25` = 1L, `26` = 1L, `27` = 2L, `28` = 1L, `29` = 1L, 
    `30` = 2L, `36` = 1L), .Dim = 31L, .Dimnames = list(TagUsage = c("1", 
    "2", "3", "4", "5", "6", "7", "8", "9", "10", "11", "12", 
    "13", "14", "15", "16", "17", "18", "19", "20", "21", "22", 
    "23", "24", "25", "26", "27", "28", "29", "30", "36")), class = "table"), 
    No.Tag = structure(c(0L, 0L, 0L, 4L, 74L, 0L, 2L, 0L, 0L, 
    0L, 0L, 1L, 0L, 0L, 0L, 0L, 0L, 1L, 40L, 0L, 0L), .Dim = c(7L, 
    3L), .Dimnames = structure(list(c("-4", "-3", "-2", "-1", 
    "0", "1", NA), c("C", "T", NA)), .Names = c("", "")), class = "table"), 
    All.Tags = list(Concordant = list(Freqs = structure(c(0, 
    0, 1, 13, 255, 3, 0, 0, 0, 0, 0, 0), .Dim = c(6L, 2L), .Dimnames = list(
        c("-4", "-3", "-2", "-1", "0", "1"), c("C", "T"))), N = 272), 
        Majority = list(Freqs = structure(c(0, 0, 2, 22, 423, 
        3, 0, 0, 0, 0, 0, 0), .Dim = c(6L, 2L), .Dimnames = list(
            c("-4", "-3", "-2", "-1", "0", "1"), c("C", "T"))), 
            N = 450)), `2` = structure(c(0, 0, 1, 15, 383, 0, 
    0, 0, 0, 0, 0, 0), .Dim = c(6L, 2L), .Dimnames = list(c("-4", 
    "-3", "-2", "-1", "0", "1"), c("C", "T"))))))
