Results <-
list(`bwa.out//20220204//BlindCMMRD45_S5.sam` = list(GM11_SNP1 = list(
    All = list(Freqs = structure(c(1L, 22L, 6288L, 13L, 2L, 0L, 
    0L, 4L, 0L, 0L, 0L, 0L, 24L, 0L, 0L), .Dim = c(5L, 3L), .Dimnames = structure(list(
        c("-2", "-1", "0", "1", NA), c("A", "G", NA)), .Names = c("", 
    "")), class = "table"), N = 6354L), Tag.Distribution = structure(c(`1` = 83L, 
    `2` = 28L, `3` = 27L, `4` = 22L, `5` = 24L, `6` = 21L, `7` = 15L, 
    `8` = 20L, `9` = 14L, `10` = 15L, `11` = 15L, `12` = 15L, 
    `13` = 12L, `14` = 15L, `15` = 14L, `16` = 4L, `17` = 7L, 
    `18` = 5L, `19` = 6L, `20` = 8L, `21` = 9L, `22` = 7L, `23` = 6L, 
    `24` = 5L, `25` = 5L, `26` = 3L, `27` = 3L, `28` = 5L, `29` = 4L, 
    `30` = 4L, `31` = 1L, `32` = 7L, `33` = 1L, `34` = 3L, `35` = 1L, 
    `37` = 2L, `38` = 3L, `39` = 2L, `40` = 4L, `42` = 2L, `43` = 2L, 
    `44` = 3L, `45` = 2L, `46` = 4L, `47` = 3L, `48` = 2L, `49` = 1L, 
    `50` = 3L, `52` = 1L, `53` = 1L, `54` = 1L, `57` = 1L, `59` = 1L, 
    `61` = 2L, `82` = 1L, `95` = 1L), .Dim = 56L, .Dimnames = list(
        TagUsage = c("1", "2", "3", "4", "5", "6", "7", "8", 
        "9", "10", "11", "12", "13", "14", "15", "16", "17", 
        "18", "19", "20", "21", "22", "23", "24", "25", "26", 
        "27", "28", "29", "30", "31", "32", "33", "34", "35", 
        "37", "38", "39", "40", "42", "43", "44", "45", "46", 
        "47", "48", "49", "50", "52", "53", "54", "57", "59", 
        "61", "82", "95")), class = "table"), No.Tag = structure(c(0L, 
    1L, 90L, 0L, 0L, 0L, 0L, 1L, 0L, 0L, 0L, 0L, 1L, 0L, 0L), .Dim = c(5L, 
    3L), .Dimnames = structure(list(c("-2", "-1", "0", "1", NA
    ), c("A", "G", NA)), .Names = c("", "")), class = "table"), 
    All.Tags = list(Concordant = list(Freqs = structure(c(0, 
    0, 435, 0, 0, 0, 3, 0), .Dim = c(4L, 2L), .Dimnames = list(
        c("-2", "-1", "0", "1"), c("A", "G"))), N = 438), Majority = list(
        Freqs = structure(c(0, 0, 469, 0, 0, 0, 3, 0), .Dim = c(4L, 
        2L), .Dimnames = list(c("-2", "-1", "0", "1"), c("A", 
        "G"))), N = 472)), `2` = structure(c(0, 0, 393, 0, 0, 
    0, 0, 0), .Dim = c(4L, 2L), .Dimnames = list(c("-2", "-1", 
    "0", "1"), c("A", "G"))))))
