Results <-
list(`bwa.out//20220204//MLPA79_S11.sam` = list(GM01_SNP1 = list(
    All = list(Freqs = structure(c(62L, 5458L, 14L, 12L, 0L, 
    1L, 0L, 0L, 1L, 70L, 0L, 0L), .Dim = 4:3, .Dimnames = structure(list(
        c("-1", "0", "1", NA), c("A", "G", NA)), .Names = c("", 
    "")), class = "table"), N = 5618L), Tag.Distribution = structure(c(`1` = 180L, 
    `2` = 98L, `3` = 81L, `4` = 63L, `5` = 46L, `6` = 35L, `7` = 48L, 
    `8` = 35L, `9` = 31L, `10` = 16L, `11` = 24L, `12` = 19L, 
    `13` = 16L, `14` = 14L, `15` = 13L, `16` = 13L, `17` = 13L, 
    `18` = 6L, `19` = 8L, `20` = 7L, `21` = 9L, `22` = 2L, `23` = 4L, 
    `24` = 7L, `25` = 6L, `26` = 3L, `27` = 2L, `28` = 3L, `29` = 1L, 
    `30` = 3L, `31` = 1L, `33` = 1L, `34` = 1L, `35` = 1L, `36` = 2L, 
    `44` = 1L, `48` = 1L), .Dim = 37L, .Dimnames = list(TagUsage = c("1", 
    "2", "3", "4", "5", "6", "7", "8", "9", "10", "11", "12", 
    "13", "14", "15", "16", "17", "18", "19", "20", "21", "22", 
    "23", "24", "25", "26", "27", "28", "29", "30", "31", "33", 
    "34", "35", "36", "44", "48")), class = "table"), No.Tag = structure(c(2L, 
    47L, 0L, 2L, 0L, 0L, 0L, 0L, 1L, 5L, 0L, 0L), .Dim = 4:3, .Dimnames = structure(list(
        c("-1", "0", "1", NA), c("A", "G", NA)), .Names = c("", 
    "")), class = "table"), All.Tags = list(Concordant = list(
        Freqs = structure(c(1, 745, 1, 0, 1, 0), .Dim = 3:2, .Dimnames = list(
            c("-1", "0", "1"), c("A", "G"))), N = 748), Majority = list(
        Freqs = structure(c(1, 802, 1, 0, 1, 0), .Dim = 3:2, .Dimnames = list(
            c("-1", "0", "1"), c("A", "G"))), N = 805)), `2` = structure(c(0, 
    631, 0, 0, 0, 0), .Dim = 3:2, .Dimnames = list(c("-1", "0", 
    "1"), c("A", "G"))))))
