Results <-
list(`bwa.out//20220204//BlindCMMRD82_S41.sam` = list(LR20_SNP1 = list(
    All = list(Freqs = structure(c(2L, 2565L, 5L, 0L, 2L, 2328L, 
    2L, 2L, 0L, 16L, 1L, 0L), .Dim = 4:3, .Dimnames = structure(list(
        c("-1", "0", "1", NA), c("A", "G", NA)), .Names = c("", 
    "")), class = "table"), N = 4923L), Tag.Distribution = structure(c(`1` = 153L, 
    `2` = 85L, `3` = 82L, `4` = 66L, `5` = 58L, `6` = 51L, `7` = 46L, 
    `8` = 30L, `9` = 26L, `10` = 28L, `11` = 27L, `12` = 21L, 
    `13` = 25L, `14` = 8L, `15` = 16L, `16` = 9L, `17` = 7L, 
    `18` = 10L, `19` = 3L, `20` = 7L, `21` = 2L, `22` = 1L, `23` = 3L, 
    `24` = 2L, `25` = 2L, `26` = 2L, `29` = 1L, `30` = 1L, `35` = 1L, 
    `54` = 1L), .Dim = 30L, .Dimnames = list(TagUsage = c("1", 
    "2", "3", "4", "5", "6", "7", "8", "9", "10", "11", "12", 
    "13", "14", "15", "16", "17", "18", "19", "20", "21", "22", 
    "23", "24", "25", "26", "29", "30", "35", "54")), class = "table"), 
    No.Tag = structure(c(0L, 60L, 1L, 0L, 0L, 59L, 0L, 0L, 0L, 
    1L, 0L, 0L), .Dim = 4:3, .Dimnames = structure(list(c("-1", 
    "0", "1", NA), c("A", "G", NA)), .Names = c("", "")), class = "table"), 
    All.Tags = list(Concordant = list(Freqs = structure(c(0, 
    363, 0, 0, 338, 0), .Dim = 3:2, .Dimnames = list(c("-1", 
    "0", "1"), c("A", "G"))), N = 701), Majority = list(Freqs = structure(c(0, 
    393, 0, 0, 371, 0), .Dim = 3:2, .Dimnames = list(c("-1", 
    "0", "1"), c("A", "G"))), N = 764)), `2` = structure(c(0, 
    315, 0, 0, 297, 0), .Dim = 3:2, .Dimnames = list(c("-1", 
    "0", "1"), c("A", "G"))))))
