Results <-
list(`bwa.out//20220204//Control18_S11.sam` = list(LR48_SNP1 = list(
    All = list(Freqs = structure(c(1L, 2L, 26L, 1018L, 36L, 1L, 
    6L, 0L, 3L, 50L, 1175L, 15L, 0L, 5L, 0L, 0L, 2L, 34L, 2L, 
    0L, 0L), .Dim = c(7L, 3L), .Dimnames = structure(list(c("-3", 
    "-2", "-1", "0", "1", "3", NA), c("C", "T", NA)), .Names = c("", 
    "")), class = "table"), N = 2376L), Tag.Distribution = structure(c(`1` = 63L, 
    `2` = 26L, `3` = 11L, `4` = 21L, `5` = 17L, `6` = 16L, `7` = 10L, 
    `8` = 14L, `9` = 10L, `10` = 9L, `11` = 5L, `12` = 6L, `13` = 10L, 
    `14` = 8L, `15` = 7L, `16` = 8L, `17` = 4L, `18` = 1L, `19` = 6L, 
    `20` = 3L, `21` = 7L, `22` = 1L, `23` = 5L, `24` = 6L, `25` = 2L, 
    `26` = 2L, `27` = 1L, `28` = 1L, `32` = 1L, `35` = 1L, `36` = 1L
    ), .Dim = 31L, .Dimnames = list(TagUsage = c("1", "2", "3", 
    "4", "5", "6", "7", "8", "9", "10", "11", "12", "13", "14", 
    "15", "16", "17", "18", "19", "20", "21", "22", "23", "24", 
    "25", "26", "27", "28", "32", "35", "36")), class = "table"), 
    No.Tag = structure(c(0L, 0L, 1L, 23L, 2L, 0L, 0L, 0L, 0L, 
    2L, 21L, 0L, 0L, 0L, 0L, 0L, 0L, 2L, 0L, 0L, 0L), .Dim = c(7L, 
    3L), .Dimnames = structure(list(c("-3", "-2", "-1", "0", 
    "1", "3", NA), c("C", "T", NA)), .Names = c("", "")), class = "table"), 
    All.Tags = list(Concordant = list(Freqs = structure(c(0, 
    0, 1, 92, 1, 0, 0, 0, 2, 110, 2, 0), .Dim = c(6L, 2L), .Dimnames = list(
        c("-3", "-2", "-1", "0", "1", "3"), c("C", "T"))), N = 208), 
        Majority = list(Freqs = structure(c(0, 0, 1, 125, 2, 
        0, 0, 0, 3, 145, 2, 0), .Dim = c(6L, 2L), .Dimnames = list(
            c("-3", "-2", "-1", "0", "1", "3"), c("C", "T"))), 
            N = 278)), `2` = structure(c(0, 0, 0, 102, 1, 0, 
    0, 0, 1, 114, 1, 0), .Dim = c(6L, 2L), .Dimnames = list(c("-3", 
    "-2", "-1", "0", "1", "3"), c("C", "T"))))))
