Results <-
list(`bwa.out//20220204//BlindCMMRD51_S11.sam` = list(LR20_SNP1 = list(
    All = list(Freqs = structure(c(0L, 0L, 7L, 0L, 1L, 1L, 5L, 
    3729L, 3L, 4L, 0L, 0L, 33L, 0L, 0L), .Dim = c(5L, 3L), .Dimnames = structure(list(
        c("-2", "-1", "0", "1", NA), c("A", "G", NA)), .Names = c("", 
    "")), class = "table"), N = 3783L), Tag.Distribution = structure(c(`1` = 96L, 
    `2` = 22L, `3` = 27L, `4` = 23L, `5` = 23L, `6` = 21L, `7` = 18L, 
    `8` = 15L, `9` = 18L, `10` = 15L, `11` = 12L, `12` = 10L, 
    `13` = 10L, `14` = 6L, `15` = 10L, `16` = 8L, `17` = 8L, 
    `18` = 9L, `19` = 5L, `20` = 7L, `21` = 6L, `22` = 2L, `24` = 5L, 
    `25` = 7L, `26` = 1L, `27` = 1L, `28` = 4L, `29` = 4L, `30` = 1L, 
    `31` = 1L, `32` = 1L, `33` = 2L, `34` = 1L, `35` = 1L, `36` = 3L, 
    `39` = 2L, `44` = 1L, `50` = 1L, `51` = 1L), .Dim = 39L, .Dimnames = list(
        TagUsage = c("1", "2", "3", "4", "5", "6", "7", "8", 
        "9", "10", "11", "12", "13", "14", "15", "16", "17", 
        "18", "19", "20", "21", "22", "24", "25", "26", "27", 
        "28", "29", "30", "31", "32", "33", "34", "35", "36", 
        "39", "44", "50", "51")), class = "table"), No.Tag = structure(c(0L, 
    0L, 1L, 0L, 0L, 0L, 0L, 83L, 0L, 2L, 0L, 0L, 3L, 0L, 0L), .Dim = c(5L, 
    3L), .Dimnames = structure(list(c("-2", "-1", "0", "1", NA
    ), c("A", "G", NA)), .Names = c("", "")), class = "table"), 
    All.Tags = list(Concordant = list(Freqs = structure(c(0, 
    0, 5, 0, 0, 0, 382, 0), .Dim = c(4L, 2L), .Dimnames = list(
        c("-2", "-1", "0", "1"), c("A", "G"))), N = 387), Majority = list(
        Freqs = structure(c(0, 0, 5, 0, 0, 0, 392, 0), .Dim = c(4L, 
        2L), .Dimnames = list(c("-2", "-1", "0", "1"), c("A", 
        "G"))), N = 397)), `2` = structure(c(0, 0, 0, 0, 0, 0, 
    312, 0), .Dim = c(4L, 2L), .Dimnames = list(c("-2", "-1", 
    "0", "1"), c("A", "G"))))))
