Results <-
list(`bwa.out//20220204//BlindCMMRD119_S45.sam` = list(GM01_SNP1 = list(
    All = list(Freqs = structure(c(49L, 3990L, 7L, 29L, 65L, 
    4274L, 14L, 33L, 3L, 49L, 1L, 0L), .Dim = 4:3, .Dimnames = structure(list(
        c("-1", "0", "1", NA), c("A", "G", NA)), .Names = c("", 
    "")), class = "table"), N = 8514L), Tag.Distribution = structure(c(`1` = 298L, 
    `2` = 240L, `3` = 177L, `4` = 161L, `5` = 152L, `6` = 107L, 
    `7` = 90L, `8` = 88L, `9` = 68L, `10` = 34L, `11` = 50L, 
    `12` = 26L, `13` = 23L, `14` = 16L, `15` = 14L, `16` = 13L, 
    `17` = 8L, `18` = 12L, `19` = 9L, `20` = 6L, `21` = 5L, `22` = 1L, 
    `23` = 2L, `24` = 4L, `25` = 2L), .Dim = 25L, .Dimnames = list(
        TagUsage = c("1", "2", "3", "4", "5", "6", "7", "8", 
        "9", "10", "11", "12", "13", "14", "15", "16", "17", 
        "18", "19", "20", "21", "22", "23", "24", "25")), class = "table"), 
    No.Tag = structure(c(1L, 63L, 0L, 0L, 1L, 38L, 0L, 0L, 0L, 
    5L, 0L, 0L), .Dim = 4:3, .Dimnames = structure(list(c("-1", 
    "0", "1", NA), c("A", "G", NA)), .Names = c("", "")), class = "table"), 
    All.Tags = list(Concordant = list(Freqs = structure(c(2, 
    611, 0, 3, 627, 0), .Dim = 3:2, .Dimnames = list(c("-1", 
    "0", "1"), c("A", "G"))), N = 1243), Majority = list(Freqs = structure(c(2, 
    754, 0, 4, 783, 0), .Dim = 3:2, .Dimnames = list(c("-1", 
    "0", "1"), c("A", "G"))), N = 1543)), `2` = structure(c(0, 
    617, 0, 1, 632, 0), .Dim = 3:2, .Dimnames = list(c("-1", 
    "0", "1"), c("A", "G"))))))
