Results <-
list(`bwa.out//20220204//BlindCMMRD56_S15.sam` = list(LR17_SNP1 = list(
    All = list(Freqs = structure(c(1L, 98L, 2740L, 42L, 2L, 21L, 
    0L, 0L, 2L, 0L, 0L, 0L, 0L, 5L, 94L, 0L, 0L, 0L), .Dim = c(6L, 
    3L), .Dimnames = structure(list(c("-2", "-1", "0", "1", "2", 
    NA), c("A", "G", NA)), .Names = c("", "")), class = "table"), 
        N = 3005L), Tag.Distribution = structure(c(`1` = 71L, 
    `2` = 41L, `3` = 23L, `4` = 18L, `5` = 23L, `6` = 17L, `7` = 19L, 
    `8` = 14L, `9` = 11L, `10` = 19L, `11` = 10L, `12` = 13L, 
    `13` = 9L, `14` = 4L, `15` = 10L, `16` = 4L, `17` = 4L, `18` = 7L, 
    `19` = 3L, `20` = 8L, `21` = 7L, `22` = 5L, `23` = 6L, `24` = 2L, 
    `25` = 3L, `26` = 2L, `27` = 2L, `28` = 2L, `29` = 1L, `32` = 1L, 
    `34` = 1L, `40` = 1L), .Dim = 32L, .Dimnames = list(TagUsage = c("1", 
    "2", "3", "4", "5", "6", "7", "8", "9", "10", "11", "12", 
    "13", "14", "15", "16", "17", "18", "19", "20", "21", "22", 
    "23", "24", "25", "26", "27", "28", "29", "32", "34", "40"
    )), class = "table"), No.Tag = structure(c(0L, 3L, 72L, 0L, 
    0L, 1L, 0L, 0L, 0L, 0L, 0L, 0L, 0L, 0L, 5L, 0L, 0L, 0L), .Dim = c(6L, 
    3L), .Dimnames = structure(list(c("-2", "-1", "0", "1", "2", 
    NA), c("A", "G", NA)), .Names = c("", "")), class = "table"), 
    All.Tags = list(Concordant = list(Freqs = structure(c(0, 
    4, 271, 0, 0, 0, 0, 0, 0, 0), .Dim = c(5L, 2L), .Dimnames = list(
        c("-2", "-1", "0", "1", "2"), c("A", "G"))), N = 275), 
        Majority = list(Freqs = structure(c(0, 5, 348, 1, 0, 
        0, 0, 0, 0, 0), .Dim = c(5L, 2L), .Dimnames = list(c("-2", 
        "-1", "0", "1", "2"), c("A", "G"))), N = 354)), `2` = structure(c(0, 
    1, 286, 1, 0, 0, 0, 0, 0, 0), .Dim = c(5L, 2L), .Dimnames = list(
        c("-2", "-1", "0", "1", "2"), c("A", "G"))))))
