Results <-
list(`bwa.out//20220204//BlindCMMRD58_S17.sam` = list(GM09_SNP1 = list(
    All = list(Freqs = structure(c(0L, 10L, 0L, 0L, 41L, 6302L, 
    12L, 1L, 0L, 2L, 0L, 0L, 0L, 50L, 0L, 0L), .Dim = c(4L, 4L
    ), .Dimnames = structure(list(c("-1", "0", "1", NA), c("A", 
    "G", "T", NA)), .Names = c("", "")), class = "table"), N = 6418L), 
    Tag.Distribution = structure(c(`1` = 115L, `2` = 20L, `3` = 16L, 
    `4` = 15L, `5` = 13L, `6` = 13L, `7` = 15L, `8` = 10L, `9` = 12L, 
    `10` = 11L, `11` = 4L, `12` = 9L, `13` = 9L, `14` = 6L, `15` = 9L, 
    `16` = 5L, `17` = 8L, `18` = 6L, `19` = 6L, `20` = 10L, `21` = 5L, 
    `22` = 12L, `23` = 6L, `24` = 4L, `25` = 2L, `26` = 6L, `27` = 6L, 
    `28` = 2L, `29` = 5L, `30` = 2L, `31` = 2L, `32` = 2L, `33` = 2L, 
    `34` = 2L, `35` = 3L, `36` = 1L, `37` = 4L, `38` = 4L, `39` = 1L, 
    `40` = 4L, `41` = 4L, `42` = 4L, `43` = 1L, `45` = 1L, `46` = 2L, 
    `47` = 2L, `48` = 1L, `49` = 4L, `50` = 2L, `51` = 2L, `52` = 2L, 
    `53` = 1L, `54` = 3L, `55` = 2L, `56` = 1L, `57` = 2L, `59` = 2L, 
    `61` = 2L, `62` = 2L, `66` = 1L, `69` = 1L, `89` = 1L), .Dim = 62L, .Dimnames = list(
        TagUsage = c("1", "2", "3", "4", "5", "6", "7", "8", 
        "9", "10", "11", "12", "13", "14", "15", "16", "17", 
        "18", "19", "20", "21", "22", "23", "24", "25", "26", 
        "27", "28", "29", "30", "31", "32", "33", "34", "35", 
        "36", "37", "38", "39", "40", "41", "42", "43", "45", 
        "46", "47", "48", "49", "50", "51", "52", "53", "54", 
        "55", "56", "57", "59", "61", "62", "66", "69", "89")), class = "table"), 
    No.Tag = structure(c(0L, 1L, 0L, 0L, 2L, 105L, 0L, 1L, 0L, 
    0L, 0L, 0L, 0L, 3L, 0L, 0L), .Dim = c(4L, 4L), .Dimnames = structure(list(
        c("-1", "0", "1", NA), c("A", "G", "T", NA)), .Names = c("", 
    "")), class = "table"), All.Tags = list(Concordant = list(
        Freqs = structure(c(0, 3, 0, 1, 372, 1, 0, 1, 0), .Dim = c(3L, 
        3L), .Dimnames = list(c("-1", "0", "1"), c("A", "G", 
        "T"))), N = 378), Majority = list(Freqs = structure(c(0, 
    4, 0, 1, 412, 1, 0, 1, 0), .Dim = c(3L, 3L), .Dimnames = list(
        c("-1", "0", "1"), c("A", "G", "T"))), N = 419)), `2` = structure(c(0, 
    1, 0, 0, 311, 0, 0, 0, 0), .Dim = c(3L, 3L), .Dimnames = list(
        c("-1", "0", "1"), c("A", "G", "T"))))))
