Results <-
list(`bwa.out//20220204//Control17_S10.sam` = list(GM01_SNP1 = list(
    All = list(Freqs = structure(c(0L, 1L, 0L, 0L, 14L, 1694L, 
    5L, 5L, 28L, 2017L, 14L, 3L, 1L, 52L, 0L, 0L), .Dim = c(4L, 
    4L), .Dimnames = structure(list(c("-1", "0", "1", NA), c("-", 
    "A", "G", NA)), .Names = c("", "")), class = "table"), N = 3834L), 
    Tag.Distribution = structure(c(`1` = 161L, `2` = 66L, `3` = 56L, 
    `4` = 47L, `5` = 38L, `6` = 38L, `7` = 31L, `8` = 21L, `9` = 21L, 
    `10` = 19L, `11` = 18L, `12` = 15L, `13` = 16L, `14` = 21L, 
    `15` = 7L, `16` = 7L, `17` = 7L, `18` = 5L, `19` = 8L, `20` = 2L, 
    `21` = 6L, `22` = 2L, `24` = 1L, `25` = 4L, `26` = 1L, `27` = 1L, 
    `28` = 1L, `35` = 1L, `37` = 1L), .Dim = 29L, .Dimnames = list(
        TagUsage = c("1", "2", "3", "4", "5", "6", "7", "8", 
        "9", "10", "11", "12", "13", "14", "15", "16", "17", 
        "18", "19", "20", "21", "22", "24", "25", "26", "27", 
        "28", "35", "37")), class = "table"), No.Tag = structure(c(0L, 
    0L, 0L, 0L, 0L, 15L, 0L, 1L, 0L, 33L, 0L, 0L, 0L, 9L, 0L, 
    0L), .Dim = c(4L, 4L), .Dimnames = structure(list(c("-1", 
    "0", "1", NA), c("-", "A", "G", NA)), .Names = c("", "")), class = "table"), 
    All.Tags = list(Concordant = list(Freqs = structure(c(0, 
    0, 0, 2, 261, 1, 1, 271, 0), .Dim = c(3L, 3L), .Dimnames = list(
        c("-1", "0", "1"), c("-", "A", "G"))), N = 536), Majority = list(
        Freqs = structure(c(0, 0, 0, 2, 289, 1, 1, 317, 1), .Dim = c(3L, 
        3L), .Dimnames = list(c("-1", "0", "1"), c("-", "A", 
        "G"))), N = 611)), `2` = structure(c(0, 0, 0, 0, 223, 
    0, 0, 233, 1), .Dim = c(3L, 3L), .Dimnames = list(c("-1", 
    "0", "1"), c("-", "A", "G"))))))
