Results <-
list(`bwa.out//20220204//17D0944_S7.sam` = list(GM29_SNP1 = list(
    All = list(Freqs = structure(c(1L, 39L, 3553L, 15L, 2L, 0L, 
    0L, 2L, 0L, 0L, 0L, 3L, 33L, 0L, 0L), .Dim = c(5L, 3L), .Dimnames = structure(list(
        c("-2", "-1", "0", "1", NA), c("A", "G", NA)), .Names = c("", 
    "")), class = "table"), N = 3648L), Tag.Distribution = structure(c(`1` = 73L, 
    `2` = 28L, `3` = 31L, `4` = 23L, `5` = 24L, `6` = 17L, `7` = 20L, 
    `8` = 25L, `9` = 20L, `10` = 19L, `11` = 11L, `12` = 10L, 
    `13` = 10L, `14` = 15L, `15` = 7L, `16` = 5L, `17` = 3L, 
    `18` = 4L, `19` = 5L, `20` = 3L, `21` = 5L, `22` = 1L, `23` = 5L, 
    `24` = 1L, `25` = 4L, `26` = 2L, `27` = 3L, `28` = 3L, `30` = 2L, 
    `32` = 3L, `33` = 1L, `34` = 2L, `36` = 1L, `39` = 1L, `42` = 1L, 
    `44` = 1L, `57` = 1L, `58` = 1L, `65` = 1L), .Dim = 39L, .Dimnames = list(
        TagUsage = c("1", "2", "3", "4", "5", "6", "7", "8", 
        "9", "10", "11", "12", "13", "14", "15", "16", "17", 
        "18", "19", "20", "21", "22", "23", "24", "25", "26", 
        "27", "28", "30", "32", "33", "34", "36", "39", "42", 
        "44", "57", "58", "65")), class = "table"), No.Tag = structure(c(0L, 
    1L, 172L, 0L, 0L, 0L, 0L, 0L, 0L, 0L, 0L, 0L, 4L, 0L, 0L), .Dim = c(5L, 
    3L), .Dimnames = structure(list(c("-2", "-1", "0", "1", NA
    ), c("A", "G", NA)), .Names = c("", "")), class = "table"), 
    All.Tags = list(Concordant = list(Freqs = structure(c(0, 
    0, 340, 0, 0, 0, 1, 0), .Dim = c(4L, 2L), .Dimnames = list(
        c("-2", "-1", "0", "1"), c("A", "G"))), N = 341), Majority = list(
        Freqs = structure(c(0, 0, 385, 0, 0, 0, 1, 0), .Dim = c(4L, 
        2L), .Dimnames = list(c("-2", "-1", "0", "1"), c("A", 
        "G"))), N = 386)), `2` = structure(c(0, 0, 318, 0, 0, 
    0, 0, 0), .Dim = c(4L, 2L), .Dimnames = list(c("-2", "-1", 
    "0", "1"), c("A", "G"))))))
