Results <-
list(`bwa.out//20220204//MLPA99_S13.sam` = list(LR49_SNP1 = list(
    All = list(Freqs = structure(c(7L, 2812L, 0L, 1L, 9L, 2688L, 
    1L, 1L, 0L, 1L, 0L, 0L, 2L, 94L, 0L, 0L), .Dim = c(4L, 4L
    ), .Dimnames = structure(list(c("-1", "0", "1", NA), c("A", 
    "G", "T", NA)), .Names = c("", "")), class = "table"), N = 5616L), 
    Tag.Distribution = structure(c(`1` = 112L, `2` = 27L, `3` = 20L, 
    `4` = 22L, `5` = 29L, `6` = 19L, `7` = 15L, `8` = 24L, `9` = 21L, 
    `10` = 20L, `11` = 14L, `12` = 17L, `13` = 21L, `14` = 26L, 
    `15` = 13L, `16` = 14L, `17` = 8L, `18` = 19L, `19` = 7L, 
    `20` = 8L, `21` = 7L, `22` = 8L, `23` = 3L, `24` = 3L, `25` = 5L, 
    `26` = 4L, `27` = 2L, `28` = 2L, `29` = 5L, `30` = 5L, `31` = 3L, 
    `32` = 2L, `34` = 1L, `35` = 1L, `36` = 2L, `37` = 1L, `38` = 1L, 
    `39` = 2L, `40` = 2L, `42` = 2L, `44` = 1L, `46` = 1L, `47` = 1L, 
    `50` = 1L, `52` = 1L), .Dim = 45L, .Dimnames = list(TagUsage = c("1", 
    "2", "3", "4", "5", "6", "7", "8", "9", "10", "11", "12", 
    "13", "14", "15", "16", "17", "18", "19", "20", "21", "22", 
    "23", "24", "25", "26", "27", "28", "29", "30", "31", "32", 
    "34", "35", "36", "37", "38", "39", "40", "42", "44", "46", 
    "47", "50", "52")), class = "table"), No.Tag = structure(c(0L, 
    73L, 0L, 0L, 1L, 134L, 1L, 1L, 0L, 0L, 0L, 0L, 0L, 10L, 0L, 
    0L), .Dim = c(4L, 4L), .Dimnames = structure(list(c("-1", 
    "0", "1", NA), c("A", "G", "T", NA)), .Names = c("", "")), class = "table"), 
    All.Tags = list(Concordant = list(Freqs = structure(c(0, 
    224, 0, 1, 237, 0, 0, 0, 0), .Dim = c(3L, 3L), .Dimnames = list(
        c("-1", "0", "1"), c("A", "G", "T"))), N = 462), Majority = list(
        Freqs = structure(c(0, 248, 0, 1, 256, 0, 0, 0, 0), .Dim = c(3L, 
        3L), .Dimnames = list(c("-1", "0", "1"), c("A", "G", 
        "T"))), N = 505)), `2` = structure(c(0, 202, 0, 0, 205, 
    0, 0, 0, 0), .Dim = c(3L, 3L), .Dimnames = list(c("-1", "0", 
    "1"), c("A", "G", "T"))))))
