Results <-
list(`bwa.out//20220204//Control14_S7.sam` = list(LR10_SNP1 = list(
    All = list(Freqs = structure(c(15L, 1130L, 11L, 3L, 20L, 
    1513L, 4L, 1L, 0L, 27L, 0L, 0L), .Dim = 4:3, .Dimnames = structure(list(
        c("-1", "0", "1", NA), c("C", "T", NA)), .Names = c("", 
    "")), class = "table"), N = 2724L), Tag.Distribution = structure(c(`1` = 72L, 
    `2` = 39L, `3` = 29L, `4` = 19L, `5` = 24L, `6` = 16L, `7` = 12L, 
    `8` = 13L, `9` = 15L, `10` = 19L, `11` = 9L, `12` = 10L, 
    `13` = 8L, `14` = 10L, `15` = 7L, `16` = 5L, `17` = 4L, `18` = 6L, 
    `19` = 1L, `20` = 3L, `21` = 3L, `22` = 2L, `23` = 2L, `24` = 1L, 
    `25` = 5L, `26` = 2L, `27` = 1L, `29` = 2L, `30` = 2L, `31` = 2L, 
    `32` = 1L, `35` = 1L, `45` = 1L), .Dim = 33L, .Dimnames = list(
        TagUsage = c("1", "2", "3", "4", "5", "6", "7", "8", 
        "9", "10", "11", "12", "13", "14", "15", "16", "17", 
        "18", "19", "20", "21", "22", "23", "24", "25", "26", 
        "27", "29", "30", "31", "32", "35", "45")), class = "table"), 
    No.Tag = structure(c(0L, 43L, 0L, 0L, 0L, 60L, 0L, 0L, 0L, 
    3L, 0L, 0L), .Dim = 4:3, .Dimnames = structure(list(c("-1", 
    "0", "1", NA), c("C", "T", NA)), .Names = c("", "")), class = "table"), 
    All.Tags = list(Concordant = list(Freqs = structure(c(1, 
    141, 2, 0, 149, 0), .Dim = 3:2, .Dimnames = list(c("-1", 
    "0", "1"), c("C", "T"))), N = 293), Majority = list(Freqs = structure(c(2, 
    161, 2, 0, 173, 0), .Dim = 3:2, .Dimnames = list(c("-1", 
    "0", "1"), c("C", "T"))), N = 338)), `2` = structure(c(1, 
    129, 0, 0, 141, 0), .Dim = 3:2, .Dimnames = list(c("-1", 
    "0", "1"), c("C", "T"))))))
