Results <-
list(`bwa.out//20220204//BlindCMMRD81_S40.sam` = list(LR20_SNP1 = list(
    All = list(Freqs = structure(c(13L, 4672L, 6L, 2L, 0L, 6L, 
    0L, 0L, 0L, 20L, 0L, 0L), .Dim = 4:3, .Dimnames = structure(list(
        c("-1", "0", "1", NA), c("A", "G", NA)), .Names = c("", 
    "")), class = "table"), N = 4719L), Tag.Distribution = structure(c(`1` = 137L, 
    `2` = 77L, `3` = 65L, `4` = 59L, `5` = 53L, `6` = 50L, `7` = 42L, 
    `8` = 33L, `9` = 27L, `10` = 31L, `11` = 21L, `12` = 12L, 
    `13` = 12L, `14` = 13L, `15` = 15L, `16` = 10L, `17` = 5L, 
    `18` = 6L, `19` = 3L, `20` = 8L, `21` = 1L, `22` = 4L, `23` = 2L, 
    `24` = 2L, `25` = 5L, `26` = 2L, `27` = 4L, `28` = 2L, `32` = 1L, 
    `33` = 1L, `34` = 1L, `40` = 1L), .Dim = 32L, .Dimnames = list(
        TagUsage = c("1", "2", "3", "4", "5", "6", "7", "8", 
        "9", "10", "11", "12", "13", "14", "15", "16", "17", 
        "18", "19", "20", "21", "22", "23", "24", "25", "26", 
        "27", "28", "32", "33", "34", "40")), class = "table"), 
    No.Tag = structure(c(0L, 126L, 0L, 0L, 0L, 1L, 0L, 0L, 0L, 
    3L, 0L, 0L), .Dim = 4:3, .Dimnames = structure(list(c("-1", 
    "0", "1", NA), c("A", "G", NA)), .Names = c("", "")), class = "table"), 
    All.Tags = list(Concordant = list(Freqs = structure(c(0, 
    681, 0, 0, 3, 0), .Dim = 3:2, .Dimnames = list(c("-1", "0", 
    "1"), c("A", "G"))), N = 684), Majority = list(Freqs = structure(c(0, 
    696, 0, 0, 3, 0), .Dim = 3:2, .Dimnames = list(c("-1", "0", 
    "1"), c("A", "G"))), N = 699)), `2` = structure(c(0, 567, 
    0, 0, 0, 0), .Dim = 3:2, .Dimnames = list(c("-1", "0", "1"
    ), c("A", "G"))))))
