Results <-
list(`bwa.out//20220204//BlindCMMRD70_S29.sam` = list(LR24_SNP1 = list(
    All = list(Freqs = structure(c(0L, 1L, 4L, 0L, 1L, 1L, 22L, 
    5272L, 8L, 2L, 0L, 0L, 1L, 0L, 0L, 0L, 0L, 35L, 0L, 0L), .Dim = 5:4, .Dimnames = structure(list(
        c("-2", "-1", "0", "1", NA), c("A", "G", "T", NA)), .Names = c("", 
    "")), class = "table"), N = 5347L), Tag.Distribution = structure(c(`1` = 174L, 
    `2` = 102L, `3` = 94L, `4` = 68L, `5` = 65L, `6` = 52L, `7` = 33L, 
    `8` = 45L, `9` = 29L, `10` = 28L, `11` = 24L, `12` = 17L, 
    `13` = 14L, `14` = 12L, `15` = 12L, `16` = 10L, `17` = 7L, 
    `18` = 10L, `19` = 5L, `20` = 8L, `21` = 6L, `22` = 3L, `23` = 2L, 
    `24` = 2L, `25` = 4L, `26` = 1L, `27` = 1L, `28` = 3L, `29` = 1L, 
    `32` = 1L, `34` = 1L, `36` = 1L, `39` = 2L, `42` = 1L, `46` = 1L
    ), .Dim = 35L, .Dimnames = list(TagUsage = c("1", "2", "3", 
    "4", "5", "6", "7", "8", "9", "10", "11", "12", "13", "14", 
    "15", "16", "17", "18", "19", "20", "21", "22", "23", "24", 
    "25", "26", "27", "28", "29", "32", "34", "36", "39", "42", 
    "46")), class = "table"), No.Tag = structure(c(0L, 0L, 1L, 
    0L, 0L, 0L, 1L, 108L, 0L, 0L, 0L, 0L, 0L, 0L, 0L, 0L, 0L, 
    4L, 0L, 0L), .Dim = 5:4, .Dimnames = structure(list(c("-2", 
    "-1", "0", "1", NA), c("A", "G", "T", NA)), .Names = c("", 
    "")), class = "table"), All.Tags = list(Concordant = list(
        Freqs = structure(c(0, 1, 1, 0, 0, 0, 800, 0, 0, 0, 0, 
        0), .Dim = 4:3, .Dimnames = list(c("-2", "-1", "0", "1"
        ), c("A", "G", "T"))), N = 802), Majority = list(Freqs = structure(c(0, 
    1, 1, 0, 0, 0, 829, 0, 0, 0, 0, 0), .Dim = 4:3, .Dimnames = list(
        c("-2", "-1", "0", "1"), c("A", "G", "T"))), N = 831)), 
    `2` = structure(c(0, 0, 0, 0, 0, 0, 663, 0, 0, 0, 0, 0), .Dim = 4:3, .Dimnames = list(
        c("-2", "-1", "0", "1"), c("A", "G", "T"))))))
