Results <-
list(`bwa.out//20220204//Control18_S11.sam` = list(LR20_SNP1 = list(
    All = list(Freqs = structure(c(4L, 1310L, 3L, 1L, 0L, 1290L, 
    2L, 3L, 0L, 31L, 0L, 0L), .Dim = 4:3, .Dimnames = structure(list(
        c("-1", "0", "1", NA), c("A", "G", NA)), .Names = c("", 
    "")), class = "table"), N = 2644L), Tag.Distribution = structure(c(`1` = 105L, 
    `2` = 57L, `3` = 46L, `4` = 41L, `5` = 32L, `6` = 25L, `7` = 25L, 
    `8` = 16L, `9` = 15L, `10` = 15L, `11` = 5L, `12` = 5L, `13` = 7L, 
    `14` = 6L, `15` = 6L, `16` = 8L, `17` = 4L, `18` = 6L, `19` = 2L, 
    `20` = 2L, `21` = 3L, `22` = 2L, `23` = 4L, `24` = 2L, `25` = 1L, 
    `26` = 1L, `30` = 1L, `31` = 1L), .Dim = 28L, .Dimnames = list(
        TagUsage = c("1", "2", "3", "4", "5", "6", "7", "8", 
        "9", "10", "11", "12", "13", "14", "15", "16", "17", 
        "18", "19", "20", "21", "22", "23", "24", "25", "26", 
        "30", "31")), class = "table"), No.Tag = structure(c(0L, 
    58L, 0L, 1L, 0L, 35L, 0L, 0L, 0L, 10L, 0L, 0L), .Dim = 4:3, .Dimnames = structure(list(
        c("-1", "0", "1", NA), c("A", "G", NA)), .Names = c("", 
    "")), class = "table"), All.Tags = list(Concordant = list(
        Freqs = structure(c(0, 199, 0, 0, 212, 0), .Dim = 3:2, .Dimnames = list(
            c("-1", "0", "1"), c("A", "G"))), N = 411), Majority = list(
        Freqs = structure(c(0, 213, 0, 0, 223, 0), .Dim = 3:2, .Dimnames = list(
            c("-1", "0", "1"), c("A", "G"))), N = 436)), `2` = structure(c(0, 
    167, 0, 0, 170, 0), .Dim = 3:2, .Dimnames = list(c("-1", 
    "0", "1"), c("A", "G"))))))
