Results <-
list(`bwa.out//20220204//Control12_S5.sam` = list(GM26_SNP1 = list(
    All = list(Freqs = structure(c(3L, 1068L, 3L, 3L, 3L, 799L, 
    1L, 2L, 0L, 21L, 0L, 0L), .Dim = 4:3, .Dimnames = structure(list(
        c("-1", "0", "1", NA), c("A", "G", NA)), .Names = c("", 
    "")), class = "table"), N = 1903L), Tag.Distribution = structure(c(`1` = 99L, 
    `2` = 53L, `3` = 38L, `4` = 26L, `5` = 15L, `6` = 26L, `7` = 14L, 
    `8` = 10L, `9` = 9L, `10` = 14L, `11` = 9L, `12` = 9L, `13` = 11L, 
    `14` = 3L, `15` = 5L, `16` = 9L, `17` = 1L, `18` = 1L, `20` = 2L, 
    `21` = 1L, `24` = 1L, `25` = 2L, `26` = 1L, `28` = 1L), .Dim = 24L, .Dimnames = list(
        TagUsage = c("1", "2", "3", "4", "5", "6", "7", "8", 
        "9", "10", "11", "12", "13", "14", "15", "16", "17", 
        "18", "20", "21", "24", "25", "26", "28")), class = "table"), 
    No.Tag = structure(c(0L, 14L, 0L, 0L, 0L, 1L, 0L, 0L, 0L, 
    0L, 0L, 0L), .Dim = 4:3, .Dimnames = structure(list(c("-1", 
    "0", "1", NA), c("A", "G", NA)), .Names = c("", "")), class = "table"), 
    All.Tags = list(Concordant = list(Freqs = structure(c(0, 
    181, 1, 0, 154, 0), .Dim = 3:2, .Dimnames = list(c("-1", 
    "0", "1"), c("A", "G"))), N = 336), Majority = list(Freqs = structure(c(0, 
    191, 1, 0, 163, 0), .Dim = 3:2, .Dimnames = list(c("-1", 
    "0", "1"), c("A", "G"))), N = 355)), `2` = structure(c(0, 
    144, 0, 0, 116, 0), .Dim = 3:2, .Dimnames = list(c("-1", 
    "0", "1"), c("A", "G"))))))
