Results <-
list(`bwa.out//20220204//BlindCMMRD128_S54.sam` = list(IM16_SNP1 = list(
    All = list(Freqs = structure(c(35L, 2375L, 30L, 1L, 2L, 24L, 
    2454L, 35L, 0L, 8L, 2L, 45L, 1L, 0L, 0L), .Dim = c(5L, 3L
    ), .Dimnames = structure(list(c("-1", "0", "1", "2", NA), 
        c("A", "G", NA)), .Names = c("", "")), class = "table"), 
        N = 5012L), Tag.Distribution = structure(c(`1` = 484L, 
    `2` = 331L, `3` = 246L, `4` = 153L, `5` = 101L, `6` = 90L, 
    `7` = 42L, `8` = 37L, `9` = 23L, `10` = 15L, `11` = 13L, 
    `12` = 8L, `13` = 8L, `14` = 3L, `16` = 1L, `17` = 2L, `18` = 1L
    ), .Dim = 17L, .Dimnames = list(TagUsage = c("1", "2", "3", 
    "4", "5", "6", "7", "8", "9", "10", "11", "12", "13", "14", 
    "16", "17", "18")), class = "table"), No.Tag = structure(c(0L, 
    31L, 1L, 0L, 0L, 1L, 30L, 0L, 0L, 8L, 0L, 0L, 0L, 0L, 0L), .Dim = c(5L, 
    3L), .Dimnames = structure(list(c("-1", "0", "1", "2", NA
    ), c("A", "G", NA)), .Names = c("", "")), class = "table"), 
    All.Tags = list(Concordant = list(Freqs = structure(c(5, 
    621, 5, 0, 2, 612, 12, 0), .Dim = c(4L, 2L), .Dimnames = list(
        c("-1", "0", "1", "2"), c("A", "G"))), N = 1257), Majority = list(
        Freqs = structure(c(6, 725, 5, 0, 3, 733, 12, 0), .Dim = c(4L, 
        2L), .Dimnames = list(c("-1", "0", "1", "2"), c("A", 
        "G"))), N = 1484)), `2` = structure(c(4, 501, 0, 0, 1, 
    500, 1, 0), .Dim = c(4L, 2L), .Dimnames = list(c("-1", "0", 
    "1", "2"), c("A", "G"))))))
