Results <-
list(`bwa.out//20220204//Control11_S4.sam` = list(LR44_SNP1 = list(
    All = list(Freqs = structure(c(0L, 0L, 3L, 0L, 0L, 0L, 12L, 
    251L, 3343L, 53L, 2L, 13L, 2L, 6L, 73L, 2L, 0L, 0L), .Dim = c(6L, 
    3L), .Dimnames = structure(list(c("-2", "-1", "0", "1", "2", 
    NA), c("C", "T", NA)), .Names = c("", "")), class = "table"), 
        N = 3760L), Tag.Distribution = structure(c(`1` = 138L, 
    `2` = 79L, `3` = 82L, `4` = 52L, `5` = 42L, `6` = 40L, `7` = 27L, 
    `8` = 26L, `9` = 17L, `10` = 16L, `11` = 15L, `12` = 15L, 
    `13` = 17L, `14` = 11L, `15` = 12L, `16` = 8L, `17` = 11L, 
    `18` = 10L, `19` = 3L, `20` = 3L, `21` = 2L, `22` = 2L, `23` = 1L, 
    `24` = 1L, `25` = 2L, `26` = 1L, `28` = 1L, `37` = 1L), .Dim = 28L, .Dimnames = list(
        TagUsage = c("1", "2", "3", "4", "5", "6", "7", "8", 
        "9", "10", "11", "12", "13", "14", "15", "16", "17", 
        "18", "19", "20", "21", "22", "23", "24", "25", "26", 
        "28", "37")), class = "table"), No.Tag = structure(c(0L, 
    0L, 1L, 0L, 0L, 0L, 0L, 7L, 52L, 1L, 0L, 0L, 0L, 0L, 3L, 
    0L, 0L, 0L), .Dim = c(6L, 3L), .Dimnames = structure(list(
        c("-2", "-1", "0", "1", "2", NA), c("C", "T", NA)), .Names = c("", 
    "")), class = "table"), All.Tags = list(Concordant = list(
        Freqs = structure(c(0, 0, 2, 0, 0, 1, 11, 421, 1, 0), .Dim = c(5L, 
        2L), .Dimnames = list(c("-2", "-1", "0", "1", "2"), c("C", 
        "T"))), N = 436), Majority = list(Freqs = structure(c(0, 
    0, 2, 0, 0, 1, 16, 599, 1, 0), .Dim = c(5L, 2L), .Dimnames = list(
        c("-2", "-1", "0", "1", "2"), c("C", "T"))), N = 619)), 
    `2` = structure(c(0, 0, 0, 0, 0, 0, 7, 482, 0, 0), .Dim = c(5L, 
    2L), .Dimnames = list(c("-2", "-1", "0", "1", "2"), c("C", 
    "T"))))))
