Results <-
list(`bwa.out//20220204//Control28_S21.sam` = list(LR36_SNP1 = list(
    All = list(Freqs = structure(c(0L, 27L, 1220L, 16L, 9L, 2L, 
    16L, 1258L, 21L, 5L, 0L, 1L, 69L, 0L, 0L), .Dim = c(5L, 3L
    ), .Dimnames = structure(list(c("-2", "-1", "0", "1", NA), 
        c("A", "T", NA)), .Names = c("", "")), class = "table"), 
        N = 2644L), Tag.Distribution = structure(c(`1` = 80L, 
    `2` = 44L, `3` = 32L, `4` = 33L, `5` = 25L, `6` = 23L, `7` = 20L, 
    `8` = 14L, `9` = 19L, `10` = 9L, `11` = 12L, `12` = 7L, `13` = 4L, 
    `14` = 7L, `15` = 11L, `16` = 6L, `17` = 3L, `18` = 5L, `19` = 6L, 
    `20` = 2L, `21` = 1L, `22` = 5L, `23` = 1L, `24` = 2L, `25` = 1L, 
    `26` = 1L, `28` = 2L, `29` = 1L), .Dim = 28L, .Dimnames = list(
        TagUsage = c("1", "2", "3", "4", "5", "6", "7", "8", 
        "9", "10", "11", "12", "13", "14", "15", "16", "17", 
        "18", "19", "20", "21", "22", "23", "24", "25", "26", 
        "28", "29")), class = "table"), No.Tag = structure(c(0L, 
    2L, 100L, 1L, 0L, 0L, 1L, 90L, 4L, 0L, 0L, 0L, 14L, 0L, 0L
    ), .Dim = c(5L, 3L), .Dimnames = structure(list(c("-2", "-1", 
    "0", "1", NA), c("A", "T", NA)), .Names = c("", "")), class = "table"), 
    All.Tags = list(Concordant = list(Freqs = structure(c(0, 
    2, 142, 0, 0, 0, 157, 0), .Dim = c(4L, 2L), .Dimnames = list(
        c("-2", "-1", "0", "1"), c("A", "T"))), N = 301), Majority = list(
        Freqs = structure(c(0, 2, 173, 0, 0, 0, 191, 0), .Dim = c(4L, 
        2L), .Dimnames = list(c("-2", "-1", "0", "1"), c("A", 
        "T"))), N = 366)), `2` = structure(c(0, 0, 140, 0, 0, 
    0, 151, 0), .Dim = c(4L, 2L), .Dimnames = list(c("-2", "-1", 
    "0", "1"), c("A", "T"))))))
