Results <-
list(`bwa.out//20220204//BlindCMMRD67_S26.sam` = list(LR40_SNP1 = list(
    All = list(Freqs = structure(c(74L, 4772L, 11L, 11L, 1L, 
    22L, 1L, 0L), .Dim = c(4L, 2L), .Dimnames = structure(list(
        c("-1", "0", "1", NA), c("C", NA)), .Names = c("", ""
    )), class = "table"), N = 4892L), Tag.Distribution = structure(c(`1` = 128L, 
    `2` = 59L, `3` = 49L, `4` = 45L, `5` = 53L, `6` = 28L, `7` = 40L, 
    `8` = 29L, `9` = 27L, `10` = 22L, `11` = 24L, `12` = 13L, 
    `13` = 12L, `14` = 14L, `15` = 9L, `16` = 5L, `17` = 5L, 
    `18` = 2L, `19` = 6L, `20` = 9L, `21` = 4L, `22` = 8L, `23` = 4L, 
    `24` = 2L, `25` = 9L, `26` = 2L, `27` = 3L, `28` = 2L, `29` = 1L, 
    `30` = 3L, `31` = 3L, `32` = 3L, `33` = 3L, `35` = 1L, `36` = 1L, 
    `38` = 1L, `40` = 1L, `44` = 1L), .Dim = 38L, .Dimnames = list(
        TagUsage = c("1", "2", "3", "4", "5", "6", "7", "8", 
        "9", "10", "11", "12", "13", "14", "15", "16", "17", 
        "18", "19", "20", "21", "22", "23", "24", "25", "26", 
        "27", "28", "29", "30", "31", "32", "33", "35", "36", 
        "38", "40", "44")), class = "table"), No.Tag = structure(c(1L, 
    87L, 1L, 2L, 0L, 4L, 0L, 0L), .Dim = c(4L, 2L), .Dimnames = structure(list(
        c("-1", "0", "1", NA), c("C", NA)), .Names = c("", ""
    )), class = "table"), All.Tags = list(Concordant = list(Freqs = structure(c(2, 
    572, 0), .Dim = c(3L, 1L), .Dimnames = list(c("-1", "0", 
    "1"), "C")), N = 574), Majority = list(Freqs = structure(c(2, 
    625, 0), .Dim = c(3L, 1L), .Dimnames = list(c("-1", "0", 
    "1"), "C")), N = 627)), `2` = structure(c(1, 500, 0), .Dim = c(3L, 
    1L), .Dimnames = list(c("-1", "0", "1"), "C")))))
