Results <-
list(`bwa.out//20220204//BlindCMMRD54_S13.sam` = list(GM07_SNP1 = list(
    All = list(Freqs = structure(c(0L, 0L, 2L, 0L, 0L, 0L, 18L, 
    917L, 5174L, 149L, 6L, 91L, 0L, 0L, 3L, 0L, 0L, 0L, 0L, 0L, 
    1L, 0L, 0L, 0L, 1L, 6L, 57L, 0L, 0L, 0L), .Dim = 6:5, .Dimnames = structure(list(
        c("-2", "-1", "0", "1", "2", NA), c("-", "A", "G", "T", 
        NA)), .Names = c("", "")), class = "table"), N = 6425L), 
    Tag.Distribution = structure(c(`1` = 114L, `2` = 43L, `3` = 49L, 
    `4` = 40L, `5` = 37L, `6` = 32L, `7` = 26L, `8` = 19L, `9` = 26L, 
    `10` = 27L, `11` = 15L, `12` = 13L, `13` = 24L, `14` = 13L, 
    `15` = 15L, `16` = 13L, `17` = 12L, `18` = 13L, `19` = 5L, 
    `20` = 8L, `21` = 6L, `22` = 7L, `23` = 10L, `24` = 8L, `25` = 4L, 
    `26` = 6L, `27` = 4L, `28` = 5L, `30` = 4L, `31` = 7L, `32` = 5L, 
    `33` = 2L, `34` = 1L, `35` = 3L, `36` = 2L, `37` = 1L, `38` = 2L, 
    `39` = 1L, `41` = 1L, `43` = 1L, `44` = 1L, `47` = 1L, `48` = 1L, 
    `50` = 1L), .Dim = 44L, .Dimnames = list(TagUsage = c("1", 
    "2", "3", "4", "5", "6", "7", "8", "9", "10", "11", "12", 
    "13", "14", "15", "16", "17", "18", "19", "20", "21", "22", 
    "23", "24", "25", "26", "27", "28", "30", "31", "32", "33", 
    "34", "35", "36", "37", "38", "39", "41", "43", "44", "47", 
    "48", "50")), class = "table"), No.Tag = structure(c(0L, 
    0L, 0L, 0L, 0L, 0L, 0L, 22L, 292L, 13L, 0L, 13L, 0L, 0L, 
    0L, 0L, 0L, 0L, 0L, 0L, 1L, 0L, 0L, 0L, 0L, 2L, 14L, 0L, 
    0L, 0L), .Dim = 6:5, .Dimnames = structure(list(c("-2", "-1", 
    "0", "1", "2", NA), c("-", "A", "G", "T", NA)), .Names = c("", 
    "")), class = "table"), All.Tags = list(Concordant = list(
        Freqs = structure(c(0, 0, 0, 0, 0, 1, 48, 350, 1, 0, 
        0, 0, 2, 0, 0, 0, 0, 0, 0, 0), .Dim = 5:4, .Dimnames = list(
            c("-2", "-1", "0", "1", "2"), c("-", "A", "G", "T"
            ))), N = 402), Majority = list(Freqs = structure(c(0, 
    0, 0, 0, 0, 1, 67, 540, 5, 0, 0, 0, 2, 0, 0, 0, 0, 0, 0, 
    0), .Dim = 5:4, .Dimnames = list(c("-2", "-1", "0", "1", 
    "2"), c("-", "A", "G", "T"))), N = 615)), `2` = structure(c(0, 
    0, 0, 0, 0, 1, 52, 451, 4, 0, 0, 0, 0, 0, 0, 0, 0, 0, 0, 
    0), .Dim = 5:4, .Dimnames = list(c("-2", "-1", "0", "1", 
    "2"), c("-", "A", "G", "T"))))))
