Results <-
list(`bwa.out//20220204//MLPA79_S11.sam` = list(GM29_SNP1 = list(
    All = list(Freqs = structure(c(0L, 0L, 5L, 0L, 0L, 4L, 49L, 
    3730L, 9L, 12L, 0L, 0L, 17L, 0L, 0L), .Dim = c(5L, 3L), .Dimnames = structure(list(
        c("-2", "-1", "0", "1", NA), c("A", "G", NA)), .Names = c("", 
    "")), class = "table"), N = 3826L), Tag.Distribution = structure(c(`1` = 100L, 
    `2` = 64L, `3` = 54L, `4` = 51L, `5` = 40L, `6` = 35L, `7` = 36L, 
    `8` = 31L, `9` = 21L, `10` = 18L, `11` = 19L, `12` = 14L, 
    `13` = 9L, `14` = 2L, `15` = 10L, `16` = 7L, `17` = 5L, `18` = 5L, 
    `19` = 3L, `20` = 5L, `21` = 3L, `22` = 5L, `23` = 2L, `24` = 3L, 
    `26` = 1L, `27` = 3L, `31` = 1L, `32` = 1L, `36` = 1L, `38` = 1L, 
    `39` = 1L, `43` = 2L, `47` = 1L, `51` = 1L), .Dim = 34L, .Dimnames = list(
        TagUsage = c("1", "2", "3", "4", "5", "6", "7", "8", 
        "9", "10", "11", "12", "13", "14", "15", "16", "17", 
        "18", "19", "20", "21", "22", "23", "24", "26", "27", 
        "31", "32", "36", "38", "39", "43", "47", "51")), class = "table"), 
    No.Tag = structure(c(0L, 0L, 0L, 0L, 0L, 0L, 0L, 77L, 0L, 
    0L, 0L, 0L, 2L, 0L, 0L), .Dim = c(5L, 3L), .Dimnames = structure(list(
        c("-2", "-1", "0", "1", NA), c("A", "G", NA)), .Names = c("", 
    "")), class = "table"), All.Tags = list(Concordant = list(
        Freqs = structure(c(0, 0, 3, 0, 0, 3, 491, 0), .Dim = c(4L, 
        2L), .Dimnames = list(c("-2", "-1", "0", "1"), c("A", 
        "G"))), N = 497), Majority = list(Freqs = structure(c(0, 
    0, 3, 0, 0, 3, 540, 0), .Dim = c(4L, 2L), .Dimnames = list(
        c("-2", "-1", "0", "1"), c("A", "G"))), N = 546)), `2` = structure(c(0, 
    0, 0, 0, 0, 0, 450, 0), .Dim = c(4L, 2L), .Dimnames = list(
        c("-2", "-1", "0", "1"), c("A", "G"))))))
