Results <-
list(`bwa.out//20220204//16D2889_S4.sam` = list(LR36_SNP1 = list(
    All = list(Freqs = structure(c(0L, 0L, 0L, 6L, 0L, 0L, 1L, 
    3L, 64L, 3148L, 26L, 20L, 0L, 1L, 5L, 181L, 5L, 0L), .Dim = c(6L, 
    3L), .Dimnames = structure(list(c("-3", "-2", "-1", "0", 
    "1", NA), c("A", "T", NA)), .Names = c("", "")), class = "table"), 
        N = 3460L), Tag.Distribution = structure(c(`1` = 169L, 
    `2` = 91L, `3` = 78L, `4` = 61L, `5` = 48L, `6` = 34L, `7` = 35L, 
    `8` = 23L, `9` = 21L, `10` = 18L, `11` = 5L, `12` = 16L, 
    `13` = 12L, `14` = 11L, `15` = 5L, `16` = 7L, `17` = 2L, 
    `18` = 5L, `19` = 4L, `20` = 3L, `21` = 4L, `22` = 1L, `23` = 2L, 
    `25` = 1L, `27` = 1L, `28` = 1L, `29` = 1L, `30` = 1L), .Dim = 28L, .Dimnames = list(
        TagUsage = c("1", "2", "3", "4", "5", "6", "7", "8", 
        "9", "10", "11", "12", "13", "14", "15", "16", "17", 
        "18", "19", "20", "21", "22", "23", "25", "27", "28", 
        "29", "30")), class = "table"), No.Tag = structure(c(0L, 
    0L, 0L, 0L, 0L, 0L, 0L, 0L, 1L, 72L, 0L, 3L, 0L, 0L, 0L, 
    18L, 0L, 0L), .Dim = c(6L, 3L), .Dimnames = structure(list(
        c("-3", "-2", "-1", "0", "1", NA), c("A", "T", NA)), .Names = c("", 
    "")), class = "table"), All.Tags = list(Concordant = list(
        Freqs = structure(c(0, 0, 0, 2, 0, 0, 0, 5, 565, 2), .Dim = c(5L, 
        2L), .Dimnames = list(c("-3", "-2", "-1", "0", "1"), 
            c("A", "T"))), N = 574), Majority = list(Freqs = structure(c(0, 
    0, 0, 2, 0, 0, 0, 5, 627, 2), .Dim = c(5L, 2L), .Dimnames = list(
        c("-3", "-2", "-1", "0", "1"), c("A", "T"))), N = 636)), 
    `2` = structure(c(0, 0, 0, 1, 0, 0, 0, 3, 481, 1), .Dim = c(5L, 
    2L), .Dimnames = list(c("-3", "-2", "-1", "0", "1"), c("A", 
    "T"))))))
