Results <-
list(`bwa.out//20220204//Control30_S23.sam` = list(LR48_SNP1 = list(
    All = list(Freqs = structure(c(2L, 32L, 1169L, 18L, 1L, 8L, 
    2L, 38L, 1559L, 30L, 0L, 3L, 0L, 0L, 35L, 1L, 0L, 0L), .Dim = c(6L, 
    3L), .Dimnames = structure(list(c("-2", "-1", "0", "1", "2", 
    NA), c("C", "T", NA)), .Names = c("", "")), class = "table"), 
        N = 2898L), Tag.Distribution = structure(c(`1` = 81L, 
    `2` = 29L, `3` = 30L, `4` = 26L, `5` = 23L, `6` = 21L, `7` = 15L, 
    `8` = 11L, `9` = 14L, `10` = 16L, `11` = 10L, `12` = 4L, 
    `13` = 3L, `14` = 8L, `15` = 5L, `16` = 6L, `17` = 7L, `18` = 4L, 
    `19` = 3L, `20` = 2L, `21` = 5L, `22` = 7L, `23` = 2L, `24` = 2L, 
    `25` = 2L, `26` = 4L, `27` = 2L, `28` = 2L, `29` = 3L, `30` = 1L, 
    `31` = 1L, `33` = 1L, `35` = 1L, `47` = 1L), .Dim = 34L, .Dimnames = list(
        TagUsage = c("1", "2", "3", "4", "5", "6", "7", "8", 
        "9", "10", "11", "12", "13", "14", "15", "16", "17", 
        "18", "19", "20", "21", "22", "23", "24", "25", "26", 
        "27", "28", "29", "30", "31", "33", "35", "47")), class = "table"), 
    No.Tag = structure(c(0L, 0L, 105L, 3L, 0L, 1L, 0L, 2L, 80L, 
    1L, 0L, 0L, 0L, 0L, 5L, 0L, 0L, 0L), .Dim = c(6L, 3L), .Dimnames = structure(list(
        c("-2", "-1", "0", "1", "2", NA), c("C", "T", NA)), .Names = c("", 
    "")), class = "table"), All.Tags = list(Concordant = list(
        Freqs = structure(c(0, 3, 130, 0, 0, 0, 1, 122, 2, 0), .Dim = c(5L, 
        2L), .Dimnames = list(c("-2", "-1", "0", "1", "2"), c("C", 
        "T"))), N = 258), Majority = list(Freqs = structure(c(0, 
    3, 165, 1, 0, 0, 1, 170, 2, 0), .Dim = c(5L, 2L), .Dimnames = list(
        c("-2", "-1", "0", "1", "2"), c("C", "T"))), N = 342)), 
    `2` = structure(c(0, 0, 126, 1, 0, 0, 0, 139, 0, 0), .Dim = c(5L, 
    2L), .Dimnames = list(c("-2", "-1", "0", "1", "2"), c("C", 
    "T"))))))
