Results <-
list(`bwa.out//20220204//BlindCMMRD92_S51.sam` = list(LR52_SNP1 = list(
    All = list(Freqs = structure(c(1L, 34L, 389L, 2753L, 23L, 
    1L, 34L, 0L, 0L, 1L, 3L, 0L, 0L, 0L, 0L, 0L, 17L, 913L, 4L, 
    0L, 0L), .Dim = c(7L, 3L), .Dimnames = structure(list(c("-3", 
    "-2", "-1", "0", "1", "2", NA), c("C", "T", NA)), .Names = c("", 
    "")), class = "table"), N = 4173L), Tag.Distribution = structure(c(`1` = 73L, 
    `2` = 29L, `3` = 33L, `4` = 32L, `5` = 31L, `6` = 26L, `7` = 21L, 
    `8` = 25L, `9` = 16L, `10` = 16L, `11` = 13L, `12` = 13L, 
    `13` = 14L, `14` = 16L, `15` = 12L, `16` = 9L, `17` = 10L, 
    `18` = 5L, `19` = 4L, `20` = 9L, `21` = 2L, `22` = 7L, `23` = 3L, 
    `24` = 2L, `25` = 1L, `26` = 8L, `27` = 2L, `28` = 4L, `29` = 2L, 
    `30` = 1L, `31` = 1L, `32` = 1L, `33` = 2L, `34` = 2L, `36` = 2L, 
    `37` = 1L, `39` = 1L, `43` = 1L, `44` = 1L), .Dim = 39L, .Dimnames = list(
        TagUsage = c("1", "2", "3", "4", "5", "6", "7", "8", 
        "9", "10", "11", "12", "13", "14", "15", "16", "17", 
        "18", "19", "20", "21", "22", "23", "24", "25", "26", 
        "27", "28", "29", "30", "31", "32", "33", "34", "36", 
        "37", "39", "43", "44")), class = "table"), No.Tag = structure(c(0L, 
    1L, 5L, 58L, 0L, 0L, 0L, 0L, 0L, 0L, 0L, 0L, 0L, 0L, 0L, 
    0L, 0L, 12L, 0L, 0L, 0L), .Dim = c(7L, 3L), .Dimnames = structure(list(
        c("-3", "-2", "-1", "0", "1", "2", NA), c("C", "T", NA
        )), .Names = c("", "")), class = "table"), All.Tags = list(
        Concordant = list(Freqs = structure(c(0, 0, 11, 213, 
        4, 0, 0, 0, 0, 3, 0, 0), .Dim = c(6L, 2L), .Dimnames = list(
            c("-3", "-2", "-1", "0", "1", "2"), c("C", "T"))), 
            N = 231), Majority = list(Freqs = structure(c(0, 
        0, 18, 398, 4, 0, 0, 0, 0, 3, 0, 0), .Dim = c(6L, 2L), .Dimnames = list(
            c("-3", "-2", "-1", "0", "1", "2"), c("C", "T"))), 
            N = 423)), `2` = structure(c(0, 0, 12, 355, 0, 0, 
    0, 0, 0, 0, 0, 0), .Dim = c(6L, 2L), .Dimnames = list(c("-3", 
    "-2", "-1", "0", "1", "2"), c("C", "T"))))))
