Results <-
list(`bwa.out//20220204//MLPA01_S9.sam` = list(LR20_SNP1 = list(
    All = list(Freqs = structure(c(6L, 2144L, 4L, 1L, 3L, 1839L, 
    0L, 1L, 0L, 33L, 0L, 0L), .Dim = 4:3, .Dimnames = structure(list(
        c("-1", "0", "1", NA), c("A", "G", NA)), .Names = c("", 
    "")), class = "table"), N = 4031L), Tag.Distribution = structure(c(`1` = 173L, 
    `2` = 114L, `3` = 73L, `4` = 62L, `5` = 55L, `6` = 47L, `7` = 41L, 
    `8` = 27L, `9` = 21L, `10` = 16L, `11` = 24L, `12` = 16L, 
    `13` = 12L, `14` = 8L, `15` = 12L, `16` = 7L, `17` = 7L, 
    `18` = 8L, `19` = 2L, `20` = 4L, `21` = 2L, `22` = 2L, `23` = 1L, 
    `24` = 2L, `25` = 2L, `26` = 1L, `32` = 1L, `34` = 1L), .Dim = 28L, .Dimnames = list(
        TagUsage = c("1", "2", "3", "4", "5", "6", "7", "8", 
        "9", "10", "11", "12", "13", "14", "15", "16", "17", 
        "18", "19", "20", "21", "22", "23", "24", "25", "26", 
        "32", "34")), class = "table"), No.Tag = structure(c(0L, 
    35L, 0L, 0L, 0L, 19L, 0L, 0L, 0L, 4L, 0L, 0L), .Dim = 4:3, .Dimnames = structure(list(
        c("-1", "0", "1", NA), c("A", "G", NA)), .Names = c("", 
    "")), class = "table"), All.Tags = list(Concordant = list(
        Freqs = structure(c(0, 334, 0, 0, 328, 0), .Dim = 3:2, .Dimnames = list(
            c("-1", "0", "1"), c("A", "G"))), N = 662), Majority = list(
        Freqs = structure(c(0, 370, 0, 0, 359, 0), .Dim = 3:2, .Dimnames = list(
            c("-1", "0", "1"), c("A", "G"))), N = 729)), `2` = structure(c(0, 
    286, 0, 0, 272, 0), .Dim = 3:2, .Dimnames = list(c("-1", 
    "0", "1"), c("A", "G"))))))
