Results <-
list(`bwa.out//20220204//Control29_S22.sam` = list(GM11_SNP1 = list(
    All = list(Freqs = structure(c(9L, 1808L, 5L, 2L, 16L, 1845L, 
    8L, 2L, 0L, 34L, 1L, 0L), .Dim = 4:3, .Dimnames = structure(list(
        c("-1", "0", "1", NA), c("A", "G", NA)), .Names = c("", 
    "")), class = "table"), N = 3730L), Tag.Distribution = structure(c(`1` = 109L, 
    `2` = 70L, `3` = 56L, `4` = 42L, `5` = 38L, `6` = 38L, `7` = 23L, 
    `8` = 25L, `9` = 35L, `10` = 22L, `11` = 18L, `12` = 14L, 
    `13` = 7L, `14` = 13L, `15` = 14L, `16` = 11L, `17` = 3L, 
    `18` = 8L, `19` = 5L, `20` = 3L, `21` = 1L, `22` = 3L, `23` = 4L, 
    `24` = 2L, `25` = 2L, `31` = 1L, `33` = 1L, `36` = 1L), .Dim = 28L, .Dimnames = list(
        TagUsage = c("1", "2", "3", "4", "5", "6", "7", "8", 
        "9", "10", "11", "12", "13", "14", "15", "16", "17", 
        "18", "19", "20", "21", "22", "23", "24", "25", "31", 
        "33", "36")), class = "table"), No.Tag = structure(c(0L, 
    48L, 0L, 0L, 0L, 30L, 0L, 0L, 0L, 1L, 0L, 0L), .Dim = 4:3, .Dimnames = structure(list(
        c("-1", "0", "1", NA), c("A", "G", NA)), .Names = c("", 
    "")), class = "table"), All.Tags = list(Concordant = list(
        Freqs = structure(c(1, 259, 0, 0, 247, 0), .Dim = 3:2, .Dimnames = list(
            c("-1", "0", "1"), c("A", "G"))), N = 507), Majority = list(
        Freqs = structure(c(1, 275, 0, 0, 285, 0), .Dim = 3:2, .Dimnames = list(
            c("-1", "0", "1"), c("A", "G"))), N = 561)), `2` = structure(c(0, 
    220, 0, 0, 236, 0), .Dim = 3:2, .Dimnames = list(c("-1", 
    "0", "1"), c("A", "G"))))))
