Results <-
list(`bwa.out//20220204//Control15_S8.sam` = list(LR17_SNP1 = list(
    All = list(Freqs = structure(c(3L, 100L, 2480L, 36L, 1L, 
    26L, 0L, 0L, 3L, 0L, 0L, 0L, 0L, 0L, 59L, 2L, 0L, 0L), .Dim = c(6L, 
    3L), .Dimnames = structure(list(c("-2", "-1", "0", "1", "2", 
    NA), c("A", "G", NA)), .Names = c("", "")), class = "table"), 
        N = 2710L), Tag.Distribution = structure(c(`1` = 74L, 
    `2` = 28L, `3` = 19L, `4` = 17L, `5` = 11L, `6` = 16L, `7` = 21L, 
    `8` = 14L, `9` = 19L, `10` = 8L, `11` = 7L, `12` = 6L, `13` = 14L, 
    `14` = 10L, `15` = 9L, `16` = 7L, `17` = 4L, `18` = 5L, `19` = 6L, 
    `20` = 3L, `21` = 5L, `22` = 4L, `23` = 3L, `24` = 1L, `25` = 1L, 
    `26` = 1L, `27` = 1L, `29` = 4L, `30` = 1L, `31` = 1L, `32` = 1L, 
    `33` = 1L, `35` = 1L), .Dim = 33L, .Dimnames = list(TagUsage = c("1", 
    "2", "3", "4", "5", "6", "7", "8", "9", "10", "11", "12", 
    "13", "14", "15", "16", "17", "18", "19", "20", "21", "22", 
    "23", "24", "25", "26", "27", "29", "30", "31", "32", "33", 
    "35")), class = "table"), No.Tag = structure(c(0L, 5L, 91L, 
    2L, 0L, 2L, 0L, 0L, 0L, 0L, 0L, 0L, 0L, 0L, 3L, 0L, 0L, 0L
    ), .Dim = c(6L, 3L), .Dimnames = structure(list(c("-2", "-1", 
    "0", "1", "2", NA), c("A", "G", NA)), .Names = c("", "")), class = "table"), 
    All.Tags = list(Concordant = list(Freqs = structure(c(0, 
    3, 233, 1, 0, 0, 0, 0, 0, 0), .Dim = c(5L, 2L), .Dimnames = list(
        c("-2", "-1", "0", "1", "2"), c("A", "G"))), N = 237), 
        Majority = list(Freqs = structure(c(0, 3, 312, 1, 0, 
        0, 0, 0, 0, 0), .Dim = c(5L, 2L), .Dimnames = list(c("-2", 
        "-1", "0", "1", "2"), c("A", "G"))), N = 316)), `2` = structure(c(0, 
    1, 244, 0, 0, 0, 0, 0, 0, 0), .Dim = c(5L, 2L), .Dimnames = list(
        c("-2", "-1", "0", "1", "2"), c("A", "G"))))))
