Results <-
list(`bwa.out//20220204//BlindCMMRD53_S12.sam` = list(GM17_SNP1 = list(
    All = list(Freqs = structure(c(0L, 1L, 0L, 0L, 44L, 4239L, 
    9L, 5L, 0L, 5L, 0L, 0L, 0L, 40L, 0L, 0L), .Dim = c(4L, 4L
    ), .Dimnames = structure(list(c("-1", "0", "1", NA), c("A", 
    "C", "T", NA)), .Names = c("", "")), class = "table"), N = 4343L), 
    Tag.Distribution = structure(c(`1` = 116L, `2` = 48L, `3` = 42L, 
    `4` = 39L, `5` = 46L, `6` = 31L, `7` = 36L, `8` = 28L, `9` = 18L, 
    `10` = 16L, `11` = 10L, `12` = 10L, `13` = 11L, `14` = 15L, 
    `15` = 11L, `16` = 6L, `17` = 7L, `18` = 5L, `19` = 9L, `20` = 3L, 
    `21` = 8L, `22` = 4L, `23` = 3L, `24` = 4L, `25` = 3L, `26` = 2L, 
    `27` = 4L, `28` = 2L, `29` = 3L, `30` = 1L, `31` = 4L, `32` = 2L, 
    `33` = 1L, `34` = 1L, `35` = 2L, `37` = 1L, `46` = 1L, `54` = 1L
    ), .Dim = 38L, .Dimnames = list(TagUsage = c("1", "2", "3", 
    "4", "5", "6", "7", "8", "9", "10", "11", "12", "13", "14", 
    "15", "16", "17", "18", "19", "20", "21", "22", "23", "24", 
    "25", "26", "27", "28", "29", "30", "31", "32", "33", "34", 
    "35", "37", "46", "54")), class = "table"), No.Tag = structure(c(0L, 
    0L, 0L, 0L, 0L, 54L, 0L, 1L, 0L, 0L, 0L, 0L, 0L, 5L, 0L, 
    0L), .Dim = c(4L, 4L), .Dimnames = structure(list(c("-1", 
    "0", "1", NA), c("A", "C", "T", NA)), .Names = c("", "")), class = "table"), 
    All.Tags = list(Concordant = list(Freqs = structure(c(0, 
    0, 0, 3, 497, 0, 0, 3, 0), .Dim = c(3L, 3L), .Dimnames = list(
        c("-1", "0", "1"), c("A", "C", "T"))), N = 503), Majority = list(
        Freqs = structure(c(0, 0, 0, 3, 542, 0, 0, 3, 0), .Dim = c(3L, 
        3L), .Dimnames = list(c("-1", "0", "1"), c("A", "C", 
        "T"))), N = 548)), `2` = structure(c(0, 0, 0, 0, 436, 
    0, 0, 0, 0), .Dim = c(3L, 3L), .Dimnames = list(c("-1", "0", 
    "1"), c("A", "C", "T"))))))
