Results <-
list(`bwa.out//20220204//BlindCMMRD121_S47.sam` = list(LR20_SNP1 = list(
    All = list(Freqs = structure(c(2L, 2409L, 2L, 2L, 0L, 1L, 
    0L, 0L, 2L, 2418L, 3L, 1L, 0L, 32L, 1L, 0L), .Dim = c(4L, 
    4L), .Dimnames = structure(list(c("-1", "0", "1", NA), c("A", 
    "C", "G", NA)), .Names = c("", "")), class = "table"), N = 4873L), 
    Tag.Distribution = structure(c(`1` = 258L, `2` = 197L, `3` = 177L, 
    `4` = 138L, `5` = 92L, `6` = 63L, `7` = 51L, `8` = 34L, `9` = 34L, 
    `10` = 25L, `11` = 16L, `12` = 18L, `13` = 10L, `14` = 5L, 
    `15` = 5L, `16` = 8L, `17` = 4L, `18` = 3L, `19` = 1L, `20` = 3L, 
    `21` = 1L, `24` = 1L), .Dim = 22L, .Dimnames = list(TagUsage = c("1", 
    "2", "3", "4", "5", "6", "7", "8", "9", "10", "11", "12", 
    "13", "14", "15", "16", "17", "18", "19", "20", "21", "24"
    )), class = "table"), No.Tag = structure(c(0L, 23L, 0L, 1L, 
    0L, 0L, 0L, 0L, 0L, 46L, 0L, 0L, 0L, 4L, 0L, 0L), .Dim = c(4L, 
    4L), .Dimnames = structure(list(c("-1", "0", "1", NA), c("A", 
    "C", "G", NA)), .Names = c("", "")), class = "table"), All.Tags = list(
        Concordant = list(Freqs = structure(c(0, 484, 0, 0, 0, 
        0, 0, 459, 0), .Dim = c(3L, 3L), .Dimnames = list(c("-1", 
        "0", "1"), c("A", "C", "G"))), N = 943), Majority = list(
            Freqs = structure(c(0, 563, 0, 0, 0, 0, 0, 555, 0
            ), .Dim = c(3L, 3L), .Dimnames = list(c("-1", "0", 
            "1"), c("A", "C", "G"))), N = 1118)), `2` = structure(c(0, 
    434, 0, 0, 0, 0, 0, 431, 0), .Dim = c(3L, 3L), .Dimnames = list(
        c("-1", "0", "1"), c("A", "C", "G"))))))
