Results <-
list(`bwa.out//20220204//Control11_S4.sam` = list(LR46_SNP1 = list(
    All = list(Freqs = structure(c(0L, 3L, 0L, 0L, 14L, 2495L, 
    7L, 2L, 0L, 5L, 0L, 0L), .Dim = 4:3, .Dimnames = structure(list(
        c("-1", "0", "1", NA), c("G", "T", NA)), .Names = c("", 
    "")), class = "table"), N = 2526L), Tag.Distribution = structure(c(`1` = 108L, 
    `2` = 52L, `3` = 33L, `4` = 28L, `5` = 39L, `6` = 18L, `7` = 14L, 
    `8` = 25L, `9` = 13L, `10` = 12L, `11` = 5L, `12` = 3L, `13` = 10L, 
    `14` = 5L, `15` = 11L, `16` = 4L, `17` = 2L, `18` = 6L, `19` = 5L, 
    `20` = 5L, `21` = 2L, `22` = 3L, `24` = 1L, `26` = 1L, `27` = 4L, 
    `30` = 1L), .Dim = 26L, .Dimnames = list(TagUsage = c("1", 
    "2", "3", "4", "5", "6", "7", "8", "9", "10", "11", "12", 
    "13", "14", "15", "16", "17", "18", "19", "20", "21", "22", 
    "24", "26", "27", "30")), class = "table"), No.Tag = structure(c(0L, 
    0L, 0L, 0L, 0L, 109L, 0L, 0L, 0L, 3L, 0L, 0L), .Dim = 4:3, .Dimnames = structure(list(
        c("-1", "0", "1", NA), c("G", "T", NA)), .Names = c("", 
    "")), class = "table"), All.Tags = list(Concordant = list(
        Freqs = structure(c(0, 1, 0, 1, 388, 0), .Dim = 3:2, .Dimnames = list(
            c("-1", "0", "1"), c("G", "T"))), N = 390), Majority = list(
        Freqs = structure(c(0, 1, 0, 1, 407, 0), .Dim = 3:2, .Dimnames = list(
            c("-1", "0", "1"), c("G", "T"))), N = 409)), `2` = structure(c(0, 
    1, 0, 0, 300, 0), .Dim = 3:2, .Dimnames = list(c("-1", "0", 
    "1"), c("G", "T"))))))
