Results <-
list(`bwa.out//20220204//BlindCMMRD86_S45.sam` = list(LR46_SNP1 = list(
    All = list(Freqs = structure(c(2L, 1247L, 1L, 3L, 3L, 1521L, 
    0L, 4L, 0L, 15L, 0L, 0L), .Dim = 4:3, .Dimnames = structure(list(
        c("-1", "0", "1", NA), c("G", "T", NA)), .Names = c("", 
    "")), class = "table"), N = 2796L), Tag.Distribution = structure(c(`1` = 93L, 
    `2` = 54L, `3` = 39L, `4` = 46L, `5` = 37L, `6` = 33L, `7` = 33L, 
    `8` = 23L, `9` = 26L, `10` = 12L, `11` = 16L, `12` = 11L, 
    `13` = 11L, `14` = 7L, `15` = 3L, `16` = 4L, `17` = 4L, `18` = 5L, 
    `19` = 3L, `20` = 2L, `22` = 1L, `23` = 2L, `24` = 3L, `29` = 1L
    ), .Dim = 24L, .Dimnames = list(TagUsage = c("1", "2", "3", 
    "4", "5", "6", "7", "8", "9", "10", "11", "12", "13", "14", 
    "15", "16", "17", "18", "19", "20", "22", "23", "24", "29"
    )), class = "table"), No.Tag = structure(c(0L, 20L, 0L, 0L, 
    1L, 37L, 0L, 0L, 0L, 2L, 0L, 0L), .Dim = 4:3, .Dimnames = structure(list(
        c("-1", "0", "1", NA), c("G", "T", NA)), .Names = c("", 
    "")), class = "table"), All.Tags = list(Concordant = list(
        Freqs = structure(c(0, 207, 0, 0, 227, 0), .Dim = 3:2, .Dimnames = list(
            c("-1", "0", "1"), c("G", "T"))), N = 434), Majority = list(
        Freqs = structure(c(0, 225, 0, 0, 241, 0), .Dim = 3:2, .Dimnames = list(
            c("-1", "0", "1"), c("G", "T"))), N = 466)), `2` = structure(c(0, 
    177, 0, 0, 198, 0), .Dim = 3:2, .Dimnames = list(c("-1", 
    "0", "1"), c("G", "T"))))))
