Results <-
list(`bwa.out//20220204//BlindCMMRD63_S22.sam` = list(LR36_SNP1 = list(
    All = list(Freqs = structure(c(0L, 0L, 0L, 8L, 0L, 1L, 1L, 
    4L, 78L, 2279L, 14L, 15L, 0L, 0L, 1L, 86L, 1L, 0L), .Dim = c(6L, 
    3L), .Dimnames = structure(list(c("-4", "-2", "-1", "0", 
    "1", NA), c("A", "T", NA)), .Names = c("", "")), class = "table"), 
        N = 2488L), Tag.Distribution = structure(c(`1` = 76L, 
    `2` = 40L, `3` = 37L, `4` = 27L, `5` = 30L, `6` = 21L, `7` = 14L, 
    `8` = 18L, `9` = 12L, `10` = 13L, `11` = 9L, `12` = 8L, `13` = 7L, 
    `14` = 7L, `15` = 7L, `16` = 7L, `17` = 3L, `18` = 3L, `19` = 5L, 
    `20` = 3L, `21` = 3L, `22` = 2L, `23` = 2L, `24` = 1L, `25` = 4L, 
    `26` = 1L, `27` = 2L, `29` = 1L), .Dim = 28L, .Dimnames = list(
        TagUsage = c("1", "2", "3", "4", "5", "6", "7", "8", 
        "9", "10", "11", "12", "13", "14", "15", "16", "17", 
        "18", "19", "20", "21", "22", "23", "24", "25", "26", 
        "27", "29")), class = "table"), No.Tag = structure(c(0L, 
    0L, 0L, 3L, 0L, 1L, 0L, 0L, 2L, 87L, 1L, 1L, 0L, 0L, 0L, 
    14L, 1L, 0L), .Dim = c(6L, 3L), .Dimnames = structure(list(
        c("-4", "-2", "-1", "0", "1", NA), c("A", "T", NA)), .Names = c("", 
    "")), class = "table"), All.Tags = list(Concordant = list(
        Freqs = structure(c(0, 0, 0, 3, 0, 0, 0, 2, 292, 1), .Dim = c(5L, 
        2L), .Dimnames = list(c("-4", "-2", "-1", "0", "1"), 
            c("A", "T"))), N = 298), Majority = list(Freqs = structure(c(0, 
    0, 0, 3, 0, 0, 0, 3, 350, 1), .Dim = c(5L, 2L), .Dimnames = list(
        c("-4", "-2", "-1", "0", "1"), c("A", "T"))), N = 357)), 
    `2` = structure(c(0, 0, 0, 0, 0, 0, 0, 2, 285, 0), .Dim = c(5L, 
    2L), .Dimnames = list(c("-4", "-2", "-1", "0", "1"), c("A", 
    "T"))))))
