Results <-
list(`bwa.out//20220204//BlindCMMRD84_S43.sam` = list(LR11_SNP1 = list(
    All = list(Freqs = structure(c(0L, 0L, 2L, 0L, 0L, 0L, 2L, 
    108L, 3902L, 19L, 1L, 13L, 1L, 7L, 110L, 2L, 0L, 0L), .Dim = c(6L, 
    3L), .Dimnames = structure(list(c("-2", "-1", "0", "1", "2", 
    NA), c("A", "C", NA)), .Names = c("", "")), class = "table"), 
        N = 4167L), Tag.Distribution = structure(c(`1` = 126L, 
    `2` = 73L, `3` = 39L, `4` = 42L, `5` = 34L, `6` = 23L, `7` = 27L, 
    `8` = 20L, `9` = 13L, `10` = 17L, `11` = 20L, `12` = 14L, 
    `13` = 7L, `14` = 7L, `15` = 13L, `16` = 11L, `17` = 9L, 
    `18` = 6L, `19` = 10L, `20` = 7L, `21` = 3L, `22` = 5L, `23` = 5L, 
    `24` = 4L, `25` = 4L, `26` = 3L, `27` = 1L, `28` = 1L, `29` = 1L, 
    `30` = 3L, `31` = 1L, `34` = 1L, `37` = 1L, `38` = 1L, `41` = 1L, 
    `43` = 1L, `48` = 1L, `50` = 1L), .Dim = 38L, .Dimnames = list(
        TagUsage = c("1", "2", "3", "4", "5", "6", "7", "8", 
        "9", "10", "11", "12", "13", "14", "15", "16", "17", 
        "18", "19", "20", "21", "22", "23", "24", "25", "26", 
        "27", "28", "29", "30", "31", "34", "37", "38", "41", 
        "43", "48", "50")), class = "table"), No.Tag = structure(c(0L, 
    0L, 0L, 0L, 0L, 0L, 0L, 3L, 62L, 0L, 0L, 0L, 0L, 0L, 4L, 
    0L, 0L, 0L), .Dim = c(6L, 3L), .Dimnames = structure(list(
        c("-2", "-1", "0", "1", "2", NA), c("A", "C", NA)), .Names = c("", 
    "")), class = "table"), All.Tags = list(Concordant = list(
        Freqs = structure(c(0, 0, 2, 0, 0, 0, 4, 449, 1, 1), .Dim = c(5L, 
        2L), .Dimnames = list(c("-2", "-1", "0", "1", "2"), c("A", 
        "C"))), N = 457), Majority = list(Freqs = structure(c(0, 
    0, 2, 0, 0, 0, 4, 536, 1, 1), .Dim = c(5L, 2L), .Dimnames = list(
        c("-2", "-1", "0", "1", "2"), c("A", "C"))), N = 544)), 
    `2` = structure(c(0, 0, 0, 0, 0, 0, 0, 425, 0, 0), .Dim = c(5L, 
    2L), .Dimnames = list(c("-2", "-1", "0", "1", "2"), c("A", 
    "C"))))))
