Results <-
list(`bwa.out//20220204//MLPA79_S11.sam` = list(DEPDC2_SNP1 = list(
    All = list(Freqs = structure(c(1L, 21L, 4424L, 18L, 14L, 
    0L, 0L, 4L, 0L, 0L, 0L, 1L, 75L, 1L, 0L), .Dim = c(5L, 3L
    ), .Dimnames = structure(list(c("-2", "-1", "0", "1", NA), 
        c("C", "T", NA)), .Names = c("", "")), class = "table"), 
        N = 4559L), Tag.Distribution = structure(c(`1` = 256L, 
    `2` = 101L, `3` = 67L, `4` = 73L, `5` = 46L, `6` = 45L, `7` = 43L, 
    `8` = 37L, `9` = 24L, `10` = 17L, `11` = 19L, `12` = 21L, 
    `13` = 9L, `14` = 11L, `15` = 6L, `16` = 9L, `17` = 8L, `18` = 8L, 
    `19` = 4L, `20` = 4L, `21` = 2L, `22` = 4L, `23` = 5L, `25` = 1L, 
    `26` = 3L, `27` = 1L, `28` = 1L, `29` = 1L, `31` = 2L, `32` = 3L
    ), .Dim = 30L, .Dimnames = list(TagUsage = c("1", "2", "3", 
    "4", "5", "6", "7", "8", "9", "10", "11", "12", "13", "14", 
    "15", "16", "17", "18", "19", "20", "21", "22", "23", "25", 
    "26", "27", "28", "29", "31", "32")), class = "table"), No.Tag = structure(c(0L, 
    0L, 127L, 0L, 1L, 0L, 0L, 0L, 0L, 0L, 0L, 0L, 5L, 0L, 0L), .Dim = c(5L, 
    3L), .Dimnames = structure(list(c("-2", "-1", "0", "1", NA
    ), c("C", "T", NA)), .Names = c("", "")), class = "table"), 
    All.Tags = list(Concordant = list(Freqs = structure(c(0, 
    3, 777, 1, 0, 0, 3, 0), .Dim = c(4L, 2L), .Dimnames = list(
        c("-2", "-1", "0", "1"), c("C", "T"))), N = 784), Majority = list(
        Freqs = structure(c(0, 3, 808, 1, 0, 0, 3, 0), .Dim = c(4L, 
        2L), .Dimnames = list(c("-2", "-1", "0", "1"), c("C", 
        "T"))), N = 815)), `2` = structure(c(0, 0, 573, 1, 0, 
    0, 0, 0), .Dim = c(4L, 2L), .Dimnames = list(c("-2", "-1", 
    "0", "1"), c("C", "T"))))))
