Results <-
list(`bwa.out//20220204//17D0989_S8.sam` = list(LR20_SNP1 = list(
    All = list(Freqs = structure(c(0L, 0L, 4L, 0L, 0L, 1L, 7L, 
    5386L, 8L, 6L, 0L, 0L, 61L, 1L, 0L), .Dim = c(5L, 3L), .Dimnames = structure(list(
        c("-2", "-1", "0", "1", NA), c("A", "G", NA)), .Names = c("", 
    "")), class = "table"), N = 5474L), Tag.Distribution = structure(c(`1` = 193L, 
    `2` = 92L, `3` = 64L, `4` = 62L, `5` = 47L, `6` = 46L, `7` = 37L, 
    `8` = 25L, `9` = 28L, `10` = 15L, `11` = 26L, `12` = 23L, 
    `13` = 14L, `14` = 15L, `15` = 16L, `16` = 14L, `17` = 10L, 
    `18` = 10L, `19` = 7L, `20` = 2L, `21` = 11L, `23` = 3L, 
    `24` = 2L, `25` = 4L, `26` = 4L, `27` = 3L, `31` = 4L, `32` = 2L, 
    `33` = 2L, `35` = 2L, `38` = 3L, `40` = 1L, `42` = 1L, `46` = 1L, 
    `48` = 1L), .Dim = 35L, .Dimnames = list(TagUsage = c("1", 
    "2", "3", "4", "5", "6", "7", "8", "9", "10", "11", "12", 
    "13", "14", "15", "16", "17", "18", "19", "20", "21", "23", 
    "24", "25", "26", "27", "31", "32", "33", "35", "38", "40", 
    "42", "46", "48")), class = "table"), No.Tag = structure(c(0L, 
    0L, 1L, 0L, 0L, 0L, 0L, 85L, 1L, 1L, 0L, 0L, 9L, 0L, 0L), .Dim = c(5L, 
    3L), .Dimnames = structure(list(c("-2", "-1", "0", "1", NA
    ), c("A", "G", NA)), .Names = c("", "")), class = "table"), 
    All.Tags = list(Concordant = list(Freqs = structure(c(0, 
    0, 2, 0, 0, 0, 765, 0), .Dim = c(4L, 2L), .Dimnames = list(
        c("-2", "-1", "0", "1"), c("A", "G"))), N = 767), Majority = list(
        Freqs = structure(c(0, 0, 2, 0, 0, 0, 780, 0), .Dim = c(4L, 
        2L), .Dimnames = list(c("-2", "-1", "0", "1"), c("A", 
        "G"))), N = 782)), `2` = structure(c(0, 0, 0, 0, 0, 0, 
    596, 0), .Dim = c(4L, 2L), .Dimnames = list(c("-2", "-1", 
    "0", "1"), c("A", "G"))))))
