Results <-
list(`bwa.out//20220204//BlindCMMRD70_S29.sam` = list(LR40_SNP1 = list(
    All = list(Freqs = structure(c(24L, 2460L, 6L, 2L, 31L, 2690L, 
    6L, 2L, 0L, 1L, 0L, 0L, 0L, 36L, 0L, 0L), .Dim = c(4L, 4L
    ), .Dimnames = structure(list(c("-1", "0", "1", NA), c("A", 
    "C", "G", NA)), .Names = c("", "")), class = "table"), N = 5258L), 
    Tag.Distribution = structure(c(`1` = 103L, `2` = 74L, `3` = 45L, 
    `4` = 34L, `5` = 36L, `6` = 26L, `7` = 25L, `8` = 23L, `9` = 22L, 
    `10` = 22L, `11` = 24L, `12` = 14L, `13` = 12L, `14` = 12L, 
    `15` = 12L, `16` = 8L, `17` = 12L, `18` = 11L, `19` = 6L, 
    `20` = 6L, `21` = 8L, `22` = 2L, `23` = 6L, `24` = 6L, `25` = 4L, 
    `26` = 8L, `27` = 1L, `28` = 1L, `29` = 3L, `30` = 6L, `32` = 2L, 
    `33` = 1L, `34` = 1L, `35` = 2L, `36` = 1L, `38` = 1L, `39` = 2L, 
    `41` = 1L, `43` = 1L, `44` = 1L, `46` = 1L, `48` = 1L, `60` = 1L
    ), .Dim = 43L, .Dimnames = list(TagUsage = c("1", "2", "3", 
    "4", "5", "6", "7", "8", "9", "10", "11", "12", "13", "14", 
    "15", "16", "17", "18", "19", "20", "21", "22", "23", "24", 
    "25", "26", "27", "28", "29", "30", "32", "33", "34", "35", 
    "36", "38", "39", "41", "43", "44", "46", "48", "60")), class = "table"), 
    No.Tag = structure(c(2L, 76L, 1L, 0L, 0L, 83L, 0L, 0L, 0L, 
    0L, 0L, 0L, 0L, 2L, 0L, 0L), .Dim = c(4L, 4L), .Dimnames = structure(list(
        c("-1", "0", "1", NA), c("A", "C", "G", NA)), .Names = c("", 
    "")), class = "table"), All.Tags = list(Concordant = list(
        Freqs = structure(c(1, 245, 0, 0, 246, 0, 0, 0, 0), .Dim = c(3L, 
        3L), .Dimnames = list(c("-1", "0", "1"), c("A", "C", 
        "G"))), N = 492), Majority = list(Freqs = structure(c(1, 
    278, 0, 0, 303, 0, 0, 0, 0), .Dim = c(3L, 3L), .Dimnames = list(
        c("-1", "0", "1"), c("A", "C", "G"))), N = 582)), `2` = structure(c(0, 
    227, 0, 0, 255, 0, 0, 0, 0), .Dim = c(3L, 3L), .Dimnames = list(
        c("-1", "0", "1"), c("A", "C", "G"))))))
