Results <-
list(`bwa.out//20220204//Control14_S7.sam` = list(GM22_SNP1 = list(
    All = list(Freqs = structure(c(1L, 33L, 3907L, 21L, 1L, 12L, 
    0L, 0L, 5L, 0L, 0L, 0L, 0L, 2L, 41L, 0L, 0L, 0L), .Dim = c(6L, 
    3L), .Dimnames = structure(list(c("-2", "-1", "0", "1", "2", 
    NA), c("A", "G", NA)), .Names = c("", "")), class = "table"), 
        N = 4023L), Tag.Distribution = structure(c(`1` = 147L, 
    `2` = 25L, `3` = 21L, `4` = 23L, `5` = 21L, `6` = 25L, `7` = 26L, 
    `8` = 23L, `9` = 18L, `10` = 14L, `11` = 11L, `12` = 12L, 
    `13` = 8L, `14` = 8L, `15` = 7L, `16` = 7L, `17` = 6L, `18` = 4L, 
    `19` = 3L, `20` = 6L, `21` = 9L, `22` = 5L, `23` = 2L, `24` = 3L, 
    `25` = 5L, `26` = 2L, `27` = 2L, `28` = 6L, `29` = 3L, `30` = 1L, 
    `31` = 2L, `32` = 3L, `33` = 3L, `34` = 3L, `35` = 1L, `37` = 1L, 
    `39` = 1L, `41` = 2L, `42` = 2L, `43` = 1L), .Dim = 40L, .Dimnames = list(
        TagUsage = c("1", "2", "3", "4", "5", "6", "7", "8", 
        "9", "10", "11", "12", "13", "14", "15", "16", "17", 
        "18", "19", "20", "21", "22", "23", "24", "25", "26", 
        "27", "28", "29", "30", "31", "32", "33", "34", "35", 
        "37", "39", "41", "42", "43")), class = "table"), No.Tag = structure(c(0L, 
    0L, 83L, 1L, 0L, 1L, 0L, 0L, 0L, 0L, 0L, 0L, 0L, 0L, 2L, 
    0L, 0L, 0L), .Dim = c(6L, 3L), .Dimnames = structure(list(
        c("-2", "-1", "0", "1", "2", NA), c("A", "G", NA)), .Names = c("", 
    "")), class = "table"), All.Tags = list(Concordant = list(
        Freqs = structure(c(0, 0, 412, 1, 0, 0, 0, 3, 0, 0), .Dim = c(5L, 
        2L), .Dimnames = list(c("-2", "-1", "0", "1", "2"), c("A", 
        "G"))), N = 416), Majority = list(Freqs = structure(c(0, 
    0, 459, 1, 0, 0, 0, 3, 0, 0), .Dim = c(5L, 2L), .Dimnames = list(
        c("-2", "-1", "0", "1", "2"), c("A", "G"))), N = 463)), 
    `2` = structure(c(0, 0, 325, 0, 0, 0, 0, 0, 0, 0), .Dim = c(5L, 
    2L), .Dimnames = list(c("-2", "-1", "0", "1", "2"), c("A", 
    "G"))))))
