Results <-
list(`bwa.out//20220204//BlindCMMRD54_S13.sam` = list(LR46_SNP1 = list(
    All = list(Freqs = structure(c(32L, 2341L, 3L, 11L, 0L, 5L, 
    0L, 0L, 0L, 10L, 0L, 0L), .Dim = 4:3, .Dimnames = structure(list(
        c("-1", "0", "1", NA), c("G", "T", NA)), .Names = c("", 
    "")), class = "table"), N = 2402L), Tag.Distribution = structure(c(`1` = 72L, 
    `2` = 21L, `3` = 20L, `4` = 21L, `5` = 8L, `6` = 10L, `7` = 14L, 
    `8` = 8L, `9` = 7L, `10` = 11L, `11` = 12L, `12` = 11L, `13` = 11L, 
    `14` = 9L, `15` = 4L, `17` = 5L, `18` = 7L, `19` = 1L, `20` = 2L, 
    `21` = 4L, `22` = 4L, `23` = 3L, `24` = 1L, `26` = 2L, `27` = 1L, 
    `28` = 2L, `29` = 2L, `30` = 1L, `32` = 2L, `33` = 2L, `34` = 1L, 
    `42` = 1L, `46` = 1L, `47` = 1L), .Dim = 34L, .Dimnames = list(
        TagUsage = c("1", "2", "3", "4", "5", "6", "7", "8", 
        "9", "10", "11", "12", "13", "14", "15", "17", "18", 
        "19", "20", "21", "22", "23", "24", "26", "27", "28", 
        "29", "30", "32", "33", "34", "42", "46", "47")), class = "table"), 
    No.Tag = structure(c(5L, 50L, 0L, 3L, 0L, 1L, 0L, 0L, 0L, 
    0L, 0L, 0L), .Dim = 4:3, .Dimnames = structure(list(c("-1", 
    "0", "1", NA), c("G", "T", NA)), .Names = c("", "")), class = "table"), 
    All.Tags = list(Concordant = list(Freqs = structure(c(3, 
    267, 0, 0, 4, 0), .Dim = 3:2, .Dimnames = list(c("-1", "0", 
    "1"), c("G", "T"))), N = 274), Majority = list(Freqs = structure(c(3, 
    274, 0, 0, 4, 0), .Dim = 3:2, .Dimnames = list(c("-1", "0", 
    "1"), c("G", "T"))), N = 281)), `2` = structure(c(2, 208, 
    0, 0, 0, 0), .Dim = 3:2, .Dimnames = list(c("-1", "0", "1"
    ), c("G", "T"))))))
