Results <-
list(`bwa.out//20220204//BlindCMMRD48_S8.sam` = list(LR36_SNP1 = list(
    All = list(Freqs = structure(c(0L, 32L, 1392L, 12L, 12L, 
    0L, 0L, 1L, 0L, 0L, 1L, 16L, 1022L, 14L, 9L, 0L, 4L, 83L, 
    2L, 0L), .Dim = 5:4, .Dimnames = structure(list(c("-2", "-1", 
    "0", "1", NA), c("A", "G", "T", NA)), .Names = c("", "")), class = "table"), 
        N = 2600L), Tag.Distribution = structure(c(`1` = 54L, 
    `2` = 23L, `3` = 16L, `4` = 18L, `5` = 8L, `6` = 8L, `7` = 8L, 
    `8` = 10L, `9` = 7L, `10` = 4L, `11` = 11L, `12` = 8L, `13` = 6L, 
    `14` = 5L, `15` = 7L, `16` = 6L, `17` = 3L, `18` = 2L, `19` = 2L, 
    `20` = 2L, `21` = 5L, `22` = 4L, `23` = 4L, `24` = 2L, `25` = 1L, 
    `26` = 3L, `27` = 3L, `28` = 3L, `29` = 1L, `31` = 2L, `32` = 1L, 
    `33` = 3L, `34` = 2L, `38` = 1L, `39` = 2L, `45` = 1L, `47` = 2L, 
    `59` = 1L), .Dim = 38L, .Dimnames = list(TagUsage = c("1", 
    "2", "3", "4", "5", "6", "7", "8", "9", "10", "11", "12", 
    "13", "14", "15", "16", "17", "18", "19", "20", "21", "22", 
    "23", "24", "25", "26", "27", "28", "29", "31", "32", "33", 
    "34", "38", "39", "45", "47", "59")), class = "table"), No.Tag = structure(c(0L, 
    1L, 49L, 1L, 4L, 0L, 0L, 0L, 0L, 0L, 0L, 0L, 47L, 2L, 0L, 
    0L, 0L, 12L, 1L, 0L), .Dim = 5:4, .Dimnames = structure(list(
        c("-2", "-1", "0", "1", NA), c("A", "G", "T", NA)), .Names = c("", 
    "")), class = "table"), All.Tags = list(Concordant = list(
        Freqs = structure(c(0, 0, 79, 0, 0, 0, 0, 0, 0, 0, 100, 
        0), .Dim = 4:3, .Dimnames = list(c("-2", "-1", "0", "1"
        ), c("A", "G", "T"))), N = 179), Majority = list(Freqs = structure(c(0, 
    0, 116, 0, 0, 0, 0, 0, 0, 0, 121, 0), .Dim = 4:3, .Dimnames = list(
        c("-2", "-1", "0", "1"), c("A", "G", "T"))), N = 237)), 
    `2` = structure(c(0, 0, 93, 0, 0, 0, 0, 0, 0, 0, 100, 0), .Dim = 4:3, .Dimnames = list(
        c("-2", "-1", "0", "1"), c("A", "G", "T"))))))
