Results <-
list(`bwa.out//20220204//17D0939_S6.sam` = list(GM14_SNP1 = list(
    All = list(Freqs = structure(c(3L, 26L, 1017L, 3L, 0L, 2L, 
    3L, 22L, 1274L, 19L, 1L, 2L, 0L, 0L, 50L, 0L, 0L, 0L), .Dim = c(6L, 
    3L), .Dimnames = structure(list(c("-2", "-1", "0", "1", "2", 
    NA), c("C", "T", NA)), .Names = c("", "")), class = "table"), 
        N = 2422L), Tag.Distribution = structure(c(`1` = 54L, 
    `2` = 16L, `3` = 21L, `4` = 15L, `5` = 12L, `6` = 13L, `7` = 7L, 
    `8` = 6L, `9` = 7L, `10` = 12L, `11` = 10L, `12` = 8L, `13` = 6L, 
    `14` = 4L, `15` = 5L, `16` = 2L, `17` = 5L, `18` = 5L, `19` = 4L, 
    `20` = 1L, `21` = 1L, `22` = 3L, `23` = 3L, `25` = 2L, `26` = 2L, 
    `27` = 2L, `28` = 2L, `29` = 2L, `30` = 2L, `31` = 3L, `32` = 1L, 
    `33` = 2L, `34` = 1L, `35` = 1L, `37` = 1L, `38` = 1L, `39` = 1L, 
    `42` = 1L, `44` = 1L, `47` = 1L, `52` = 1L), .Dim = 41L, .Dimnames = list(
        TagUsage = c("1", "2", "3", "4", "5", "6", "7", "8", 
        "9", "10", "11", "12", "13", "14", "15", "16", "17", 
        "18", "19", "20", "21", "22", "23", "25", "26", "27", 
        "28", "29", "30", "31", "32", "33", "34", "35", "37", 
        "38", "39", "42", "44", "47", "52")), class = "table"), 
    No.Tag = structure(c(0L, 0L, 10L, 0L, 0L, 0L, 0L, 0L, 20L, 
    0L, 0L, 0L, 0L, 0L, 2L, 0L, 0L, 0L), .Dim = c(6L, 3L), .Dimnames = structure(list(
        c("-2", "-1", "0", "1", "2", NA), c("C", "T", NA)), .Names = c("", 
    "")), class = "table"), All.Tags = list(Concordant = list(
        Freqs = structure(c(0, 1, 89, 0, 0, 0, 0, 101, 0, 0), .Dim = c(5L, 
        2L), .Dimnames = list(c("-2", "-1", "0", "1", "2"), c("C", 
        "T"))), N = 191), Majority = list(Freqs = structure(c(0, 
    1, 113, 0, 0, 0, 0, 128, 0, 0), .Dim = c(5L, 2L), .Dimnames = list(
        c("-2", "-1", "0", "1", "2"), c("C", "T"))), N = 242)), 
    `2` = structure(c(0, 0, 87, 0, 0, 0, 0, 106, 0, 0), .Dim = c(5L, 
    2L), .Dimnames = list(c("-2", "-1", "0", "1", "2"), c("C", 
    "T"))))))
