Results <-
list(`bwa.out//20220204//BlindCMMRD65_S24.sam` = list(LR44_SNP1 = list(
    All = list(Freqs = structure(c(2L, 12L, 422L, 4568L, 69L, 
    5L, 20L, 0L, 0L, 0L, 1L, 0L, 0L, 0L, 0L, 1L, 0L, 7L, 0L, 
    0L, 0L, 0L, 1L, 7L, 123L, 5L, 0L, 0L), .Dim = c(7L, 4L), .Dimnames = structure(list(
        c("-3", "-2", "-1", "0", "1", "2", NA), c("C", "G", "T", 
        NA)), .Names = c("", "")), class = "table"), N = 5243L), 
    Tag.Distribution = structure(c(`1` = 161L, `2` = 80L, `3` = 55L, 
    `4` = 48L, `5` = 63L, `6` = 50L, `7` = 38L, `8` = 43L, `9` = 27L, 
    `10` = 23L, `11` = 27L, `12` = 19L, `13` = 25L, `14` = 9L, 
    `15` = 19L, `16` = 20L, `17` = 14L, `18` = 11L, `19` = 5L, 
    `20` = 4L, `21` = 6L, `22` = 3L, `23` = 1L, `24` = 3L, `25` = 1L, 
    `26` = 3L, `31` = 1L, `32` = 2L, `33` = 2L, `37` = 1L), .Dim = 30L, .Dimnames = list(
        TagUsage = c("1", "2", "3", "4", "5", "6", "7", "8", 
        "9", "10", "11", "12", "13", "14", "15", "16", "17", 
        "18", "19", "20", "21", "22", "23", "24", "25", "26", 
        "31", "32", "33", "37")), class = "table"), No.Tag = structure(c(0L, 
    0L, 5L, 72L, 0L, 0L, 1L, 0L, 0L, 0L, 0L, 0L, 0L, 0L, 0L, 
    0L, 0L, 0L, 0L, 0L, 0L, 0L, 0L, 0L, 8L, 1L, 0L, 0L), .Dim = c(7L, 
    4L), .Dimnames = structure(list(c("-3", "-2", "-1", "0", 
    "1", "2", NA), c("C", "G", "T", NA)), .Names = c("", "")), class = "table"), 
    All.Tags = list(Concordant = list(Freqs = structure(c(0, 
    0, 22, 484, 0, 0, 0, 0, 0, 0, 0, 0, 0, 1, 0, 5, 0, 0), .Dim = c(6L, 
    3L), .Dimnames = list(c("-3", "-2", "-1", "0", "1", "2"), 
        c("C", "G", "T"))), N = 512), Majority = list(Freqs = structure(c(0, 
    0, 31, 701, 3, 0, 0, 0, 0, 0, 0, 0, 0, 1, 0, 5, 0, 0), .Dim = c(6L, 
    3L), .Dimnames = list(c("-3", "-2", "-1", "0", "1", "2"), 
        c("C", "G", "T"))), N = 741)), `2` = structure(c(0, 0, 
    21, 568, 3, 0, 0, 0, 0, 0, 0, 0, 0, 0, 0, 0, 0, 0), .Dim = c(6L, 
    3L), .Dimnames = list(c("-3", "-2", "-1", "0", "1", "2"), 
        c("C", "G", "T"))))))
