Results <-
list(`bwa.out//20220204//Control15_S8.sam` = list(LR11_SNP1 = list(
    All = list(Freqs = structure(c(1L, 53L, 2318L, 11L, 10L, 
    0L, 0L, 13L, 0L, 0L), .Dim = c(5L, 2L), .Dimnames = structure(list(
        c("-2", "-1", "0", "1", NA), c("A", NA)), .Names = c("", 
    "")), class = "table"), N = 2406L), Tag.Distribution = structure(c(`1` = 94L, 
    `2` = 42L, `3` = 21L, `4` = 36L, `5` = 20L, `6` = 20L, `7` = 14L, 
    `8` = 16L, `9` = 13L, `10` = 15L, `11` = 10L, `12` = 12L, 
    `13` = 6L, `14` = 10L, `15` = 12L, `16` = 8L, `17` = 7L, 
    `18` = 4L, `20` = 3L, `21` = 1L, `22` = 1L, `23` = 3L, `24` = 1L, 
    `25` = 1L, `26` = 1L, `27` = 1L, `28` = 1L), .Dim = 27L, .Dimnames = list(
        TagUsage = c("1", "2", "3", "4", "5", "6", "7", "8", 
        "9", "10", "11", "12", "13", "14", "15", "16", "17", 
        "18", "20", "21", "22", "23", "24", "25", "26", "27", 
        "28")), class = "table"), No.Tag = structure(c(0L, 1L, 
    32L, 0L, 0L, 0L, 0L, 2L, 0L, 0L), .Dim = c(5L, 2L), .Dimnames = structure(list(
        c("-2", "-1", "0", "1", NA), c("A", NA)), .Names = c("", 
    "")), class = "table"), All.Tags = list(Concordant = list(
        Freqs = structure(c(0, 3, 321, 1), .Dim = c(4L, 1L), .Dimnames = list(
            c("-2", "-1", "0", "1"), "A")), N = 325), Majority = list(
        Freqs = structure(c(0, 4, 362, 1), .Dim = c(4L, 1L), .Dimnames = list(
            c("-2", "-1", "0", "1"), "A")), N = 367)), `2` = structure(c(0, 
    2, 273, 0), .Dim = c(4L, 1L), .Dimnames = list(c("-2", "-1", 
    "0", "1"), "A")))))
