Results <-
list(`bwa.out//20220204//BlindCMMRD124_S50.sam` = list(GM17_SNP1 = list(
    All = list(Freqs = structure(c(16L, 1528L, 4L, 1L, 22L, 1650L, 
    8L, 5L, 0L, 9L, 0L, 0L), .Dim = 4:3, .Dimnames = structure(list(
        c("-1", "0", "1", NA), c("C", "T", NA)), .Names = c("", 
    "")), class = "table"), N = 3243L), Tag.Distribution = structure(c(`1` = 154L, 
    `2` = 112L, `3` = 70L, `4` = 74L, `5` = 49L, `6` = 38L, `7` = 32L, 
    `8` = 21L, `9` = 22L, `10` = 14L, `11` = 9L, `12` = 13L, 
    `13` = 10L, `14` = 13L, `15` = 7L, `16` = 5L, `17` = 2L, 
    `18` = 5L, `19` = 2L, `20` = 1L, `21` = 3L, `22` = 1L, `23` = 1L, 
    `24` = 1L, `25` = 1L, `32` = 1L), .Dim = 26L, .Dimnames = list(
        TagUsage = c("1", "2", "3", "4", "5", "6", "7", "8", 
        "9", "10", "11", "12", "13", "14", "15", "16", "17", 
        "18", "19", "20", "21", "22", "23", "24", "25", "32")), class = "table"), 
    No.Tag = structure(c(0L, 5L, 0L, 0L, 0L, 26L, 0L, 0L, 0L, 
    2L, 0L, 0L), .Dim = 4:3, .Dimnames = structure(list(c("-1", 
    "0", "1", NA), c("C", "T", NA)), .Names = c("", "")), class = "table"), 
    All.Tags = list(Concordant = list(Freqs = structure(c(1, 
    292, 0, 2, 280, 1), .Dim = 3:2, .Dimnames = list(c("-1", 
    "0", "1"), c("C", "T"))), N = 576), Majority = list(Freqs = structure(c(2, 
    324, 0, 2, 318, 1), .Dim = 3:2, .Dimnames = list(c("-1", 
    "0", "1"), c("C", "T"))), N = 647)), `2` = structure(c(1, 
    242, 0, 1, 252, 0), .Dim = 3:2, .Dimnames = list(c("-1", 
    "0", "1"), c("C", "T"))))))
