Results <-
list(`bwa.out//20220204//BlindCMMRD134_S60.sam` = list(LR10_SNP1 = list(
    All = list(Freqs = structure(c(0L, 1L, 0L, 0L, 99L, 5029L, 
    34L, 8L, 0L, 3L, 0L, 0L, 0L, 15L, 0L, 0L), .Dim = c(4L, 4L
    ), .Dimnames = structure(list(c("-1", "0", "1", NA), c("A", 
    "C", "T", NA)), .Names = c("", "")), class = "table"), N = 5189L), 
    Tag.Distribution = structure(c(`1` = 137L, `2` = 139L, `3` = 124L, 
    `4` = 109L, `5` = 95L, `6` = 81L, `7` = 63L, `8` = 55L, `9` = 38L, 
    `10` = 25L, `11` = 27L, `12` = 26L, `13` = 8L, `14` = 7L, 
    `15` = 7L, `16` = 7L, `17` = 4L, `18` = 4L, `19` = 1L, `20` = 1L, 
    `21` = 1L, `23` = 1L, `24` = 1L, `25` = 2L, `32` = 1L, `45` = 1L
    ), .Dim = 26L, .Dimnames = list(TagUsage = c("1", "2", "3", 
    "4", "5", "6", "7", "8", "9", "10", "11", "12", "13", "14", 
    "15", "16", "17", "18", "19", "20", "21", "23", "24", "25", 
    "32", "45")), class = "table"), No.Tag = structure(c(0L, 
    0L, 0L, 0L, 2L, 125L, 0L, 0L, 0L, 0L, 0L, 0L, 0L, 3L, 0L, 
    0L), .Dim = c(4L, 4L), .Dimnames = structure(list(c("-1", 
    "0", "1", NA), c("A", "C", "T", NA)), .Names = c("", "")), class = "table"), 
    All.Tags = list(Concordant = list(Freqs = structure(c(0, 
    0, 0, 4, 853, 0, 0, 0, 0), .Dim = c(3L, 3L), .Dimnames = list(
        c("-1", "0", "1"), c("A", "C", "T"))), N = 857), Majority = list(
        Freqs = structure(c(0, 0, 0, 4, 951, 1, 0, 0, 0), .Dim = c(3L, 
        3L), .Dimnames = list(c("-1", "0", "1"), c("A", "C", 
        "T"))), N = 956)), `2` = structure(c(0, 0, 0, 1, 818, 
    1, 0, 0, 0), .Dim = c(3L, 3L), .Dimnames = list(c("-1", "0", 
    "1"), c("A", "C", "T"))))))
