Results <-
list(`bwa.out//20220204//Control14_S7.sam` = list(GM14_SNP1 = list(
    All = list(Freqs = structure(c(1L, 44L, 1764L, 17L, 6L, 0L, 
    0L, 4L, 0L, 0L, 0L, 0L, 24L, 0L, 0L), .Dim = c(5L, 3L), .Dimnames = structure(list(
        c("-2", "-1", "0", "1", NA), c("C", "T", NA)), .Names = c("", 
    "")), class = "table"), N = 1860L), Tag.Distribution = structure(c(`1` = 65L, 
    `2` = 18L, `3` = 25L, `4` = 20L, `5` = 17L, `6` = 19L, `7` = 17L, 
    `8` = 10L, `9` = 10L, `10` = 7L, `11` = 5L, `12` = 11L, `13` = 6L, 
    `14` = 4L, `15` = 2L, `16` = 4L, `17` = 3L, `18` = 2L, `19` = 5L, 
    `20` = 2L, `21` = 2L, `23` = 2L, `24` = 1L, `25` = 1L, `26` = 3L, 
    `30` = 1L, `32` = 2L, `34` = 1L), .Dim = 28L, .Dimnames = list(
        TagUsage = c("1", "2", "3", "4", "5", "6", "7", "8", 
        "9", "10", "11", "12", "13", "14", "15", "16", "17", 
        "18", "19", "20", "21", "23", "24", "25", "26", "30", 
        "32", "34")), class = "table"), No.Tag = structure(c(0L, 
    1L, 63L, 0L, 0L, 0L, 0L, 0L, 0L, 0L, 0L, 0L, 2L, 0L, 0L), .Dim = c(5L, 
    3L), .Dimnames = structure(list(c("-2", "-1", "0", "1", NA
    ), c("C", "T", NA)), .Names = c("", "")), class = "table"), 
    All.Tags = list(Concordant = list(Freqs = structure(c(0, 
    2, 208, 1, 0, 0, 4, 0), .Dim = c(4L, 2L), .Dimnames = list(
        c("-2", "-1", "0", "1"), c("C", "T"))), N = 215), Majority = list(
        Freqs = structure(c(0, 2, 252, 1, 0, 0, 4, 0), .Dim = c(4L, 
        2L), .Dimnames = list(c("-2", "-1", "0", "1"), c("C", 
        "T"))), N = 259)), `2` = structure(c(0, 0, 198, 0, 0, 
    0, 0, 0), .Dim = c(4L, 2L), .Dimnames = list(c("-2", "-1", 
    "0", "1"), c("C", "T"))))))
