Results <-
list(`bwa.out//20220204//BlindCMMRD129_S55.sam` = list(GM29_SNP1 = list(
    All = list(Freqs = structure(c(2L, 66L, 4371L, 9L, 10L, 0L, 
    0L, 1L, 0L, 1L, 0L, 2L, 18L, 0L, 0L), .Dim = c(5L, 3L), .Dimnames = structure(list(
        c("-2", "-1", "0", "1", NA), c("A", "G", NA)), .Names = c("", 
    "")), class = "table"), N = 4480L), Tag.Distribution = structure(c(`1` = 198L, 
    `2` = 138L, `3` = 104L, `4` = 87L, `5` = 76L, `6` = 54L, 
    `7` = 61L, `8` = 41L, `9` = 37L, `10` = 22L, `11` = 18L, 
    `12` = 13L, `13` = 8L, `14` = 6L, `15` = 8L, `16` = 5L, `17` = 4L, 
    `18` = 1L, `19` = 5L, `20` = 2L, `21` = 1L, `23` = 1L, `24` = 2L, 
    `25` = 1L, `26` = 1L, `31` = 1L, `38` = 1L, `40` = 1L), .Dim = 28L, .Dimnames = list(
        TagUsage = c("1", "2", "3", "4", "5", "6", "7", "8", 
        "9", "10", "11", "12", "13", "14", "15", "16", "17", 
        "18", "19", "20", "21", "23", "24", "25", "26", "31", 
        "38", "40")), class = "table"), No.Tag = structure(c(0L, 
    0L, 116L, 0L, 1L, 0L, 0L, 0L, 0L, 0L, 0L, 0L, 2L, 0L, 0L), .Dim = c(5L, 
    3L), .Dimnames = structure(list(c("-2", "-1", "0", "1", NA
    ), c("A", "G", NA)), .Names = c("", "")), class = "table"), 
    All.Tags = list(Concordant = list(Freqs = structure(c(1, 
    2, 822, 0, 0, 0, 1, 0), .Dim = c(4L, 2L), .Dimnames = list(
        c("-2", "-1", "0", "1"), c("A", "G"))), N = 826), Majority = list(
        Freqs = structure(c(1, 2, 883, 0, 0, 0, 1, 0), .Dim = c(4L, 
        2L), .Dimnames = list(c("-2", "-1", "0", "1"), c("A", 
        "G"))), N = 887)), `2` = structure(c(0, 0, 695, 0, 0, 
    0, 0, 0), .Dim = c(4L, 2L), .Dimnames = list(c("-2", "-1", 
    "0", "1"), c("A", "G"))))))
