Results <-
list(`bwa.out//20220204//Control26_S19.sam` = list(GM22_SNP1 = list(
    All = list(Freqs = structure(c(19L, 1585L, 1648L, 24L, 22L, 
    0L, 1L, 0L, 0L, 0L, 0L, 18L, 4L, 1L, 0L), .Dim = c(5L, 3L
    ), .Dimnames = structure(list(c("-1", "0", "1", "2", NA), 
        c("A", "G", NA)), .Names = c("", "")), class = "table"), 
        N = 3322L), Tag.Distribution = structure(c(`1` = 109L, 
    `2` = 47L, `3` = 57L, `4` = 39L, `5` = 37L, `6` = 25L, `7` = 27L, 
    `8` = 23L, `9` = 18L, `10` = 24L, `11` = 21L, `12` = 9L, 
    `13` = 13L, `14` = 7L, `15` = 12L, `16` = 6L, `17` = 4L, 
    `18` = 3L, `19` = 4L, `20` = 4L, `21` = 3L, `22` = 1L, `23` = 1L, 
    `24` = 4L, `26` = 3L, `27` = 1L, `34` = 1L, `37` = 1L, `38` = 1L
    ), .Dim = 29L, .Dimnames = list(TagUsage = c("1", "2", "3", 
    "4", "5", "6", "7", "8", "9", "10", "11", "12", "13", "14", 
    "15", "16", "17", "18", "19", "20", "21", "22", "23", "24", 
    "26", "27", "34", "37", "38")), class = "table"), No.Tag = structure(c(0L, 
    37L, 65L, 0L, 1L, 0L, 0L, 0L, 0L, 0L, 0L, 0L, 1L, 0L, 0L), .Dim = c(5L, 
    3L), .Dimnames = structure(list(c("-1", "0", "1", "2", NA
    ), c("A", "G", NA)), .Names = c("", "")), class = "table"), 
    All.Tags = list(Concordant = list(Freqs = structure(c(0, 
    217, 190, 0, 0, 0, 0, 0), .Dim = c(4L, 2L), .Dimnames = list(
        c("-1", "0", "1", "2"), c("A", "G"))), N = 407), Majority = list(
        Freqs = structure(c(0, 247, 244, 0, 0, 0, 0, 0), .Dim = c(4L, 
        2L), .Dimnames = list(c("-1", "0", "1", "2"), c("A", 
        "G"))), N = 491)), `2` = structure(c(0, 195, 196, 0, 
    0, 0, 0, 0), .Dim = c(4L, 2L), .Dimnames = list(c("-1", "0", 
    "1", "2"), c("A", "G"))))))
