Results <-
list(`bwa.out//20220204//BlindCMMRD80_S39.sam` = list(LR52_SNP1 = list(
    All = list(Freqs = structure(c(0L, 0L, 0L, 1L, 0L, 0L, 0L, 
    1L, 22L, 306L, 2468L, 17L, 1L, 50L, 0L, 0L, 21L, 900L, 7L, 
    0L, 0L), .Dim = c(7L, 3L), .Dimnames = structure(list(c("-3", 
    "-2", "-1", "0", "1", "2", NA), c("-", "C", NA)), .Names = c("", 
    "")), class = "table"), N = 3794L), Tag.Distribution = structure(c(`1` = 70L, 
    `2` = 61L, `3` = 63L, `4` = 47L, `5` = 42L, `6` = 38L, `7` = 25L, 
    `8` = 30L, `9` = 18L, `10` = 24L, `11` = 15L, `12` = 15L, 
    `13` = 15L, `14` = 12L, `15` = 14L, `16` = 7L, `17` = 10L, 
    `18` = 10L, `19` = 4L, `20` = 4L, `21` = 3L, `22` = 7L, `23` = 3L, 
    `24` = 2L, `25` = 1L, `32` = 1L), .Dim = 26L, .Dimnames = list(
        TagUsage = c("1", "2", "3", "4", "5", "6", "7", "8", 
        "9", "10", "11", "12", "13", "14", "15", "16", "17", 
        "18", "19", "20", "21", "22", "23", "24", "25", "32")), class = "table"), 
    No.Tag = structure(c(0L, 0L, 0L, 0L, 0L, 0L, 0L, 0L, 0L, 
    2L, 22L, 0L, 0L, 2L, 0L, 0L, 0L, 17L, 0L, 0L, 0L), .Dim = c(7L, 
    3L), .Dimnames = structure(list(c("-3", "-2", "-1", "0", 
    "1", "2", NA), c("-", "C", NA)), .Names = c("", "")), class = "table"), 
    All.Tags = list(Concordant = list(Freqs = structure(c(0, 
    0, 0, 0, 0, 0, 0, 1, 10, 315, 1, 0), .Dim = c(6L, 2L), .Dimnames = list(
        c("-3", "-2", "-1", "0", "1", "2"), c("-", "C"))), N = 327), 
        Majority = list(Freqs = structure(c(0, 0, 0, 0, 0, 0, 
        0, 1, 20, 477, 1, 0), .Dim = c(6L, 2L), .Dimnames = list(
            c("-3", "-2", "-1", "0", "1", "2"), c("-", "C"))), 
            N = 499)), `2` = structure(c(0, 0, 0, 0, 0, 0, 0, 
    0, 16, 438, 0, 0), .Dim = c(6L, 2L), .Dimnames = list(c("-3", 
    "-2", "-1", "0", "1", "2"), c("-", "C"))))))
