Results <-
list(`bwa.out//20220204//BlindCMMRD59_S18.sam` = list(LR36_SNP1 = list(
    All = list(Freqs = structure(c(4L, 29L, 1574L, 13L, 10L, 
    1L, 33L, 1756L, 16L, 16L, 0L, 2L, 138L, 1L, 0L), .Dim = c(5L, 
    3L), .Dimnames = structure(list(c("-2", "-1", "0", "1", NA
    ), c("A", "T", NA)), .Names = c("", "")), class = "table"), 
        N = 3593L), Tag.Distribution = structure(c(`1` = 83L, 
    `2` = 36L, `3` = 41L, `4` = 35L, `5` = 27L, `6` = 26L, `7` = 18L, 
    `8` = 22L, `9` = 18L, `10` = 19L, `11` = 16L, `12` = 15L, 
    `13` = 13L, `14` = 9L, `15` = 8L, `16` = 10L, `17` = 4L, 
    `18` = 10L, `19` = 8L, `20` = 4L, `21` = 2L, `22` = 3L, `23` = 3L, 
    `25` = 4L, `26` = 5L, `27` = 3L, `28` = 4L, `36` = 1L), .Dim = 28L, .Dimnames = list(
        TagUsage = c("1", "2", "3", "4", "5", "6", "7", "8", 
        "9", "10", "11", "12", "13", "14", "15", "16", "17", 
        "18", "19", "20", "21", "22", "23", "25", "26", "27", 
        "28", "36")), class = "table"), No.Tag = structure(c(0L, 
    3L, 78L, 2L, 2L, 0L, 2L, 67L, 3L, 1L, 0L, 0L, 25L, 0L, 0L
    ), .Dim = c(5L, 3L), .Dimnames = structure(list(c("-2", "-1", 
    "0", "1", NA), c("A", "T", NA)), .Names = c("", "")), class = "table"), 
    All.Tags = list(Concordant = list(Freqs = structure(c(0, 
    0, 167, 0, 0, 0, 185, 0), .Dim = c(4L, 2L), .Dimnames = list(
        c("-2", "-1", "0", "1"), c("A", "T"))), N = 352), Majority = list(
        Freqs = structure(c(0, 1, 203, 0, 0, 0, 230, 0), .Dim = c(4L, 
        2L), .Dimnames = list(c("-2", "-1", "0", "1"), c("A", 
        "T"))), N = 434)), `2` = structure(c(0, 1, 167, 0, 0, 
    0, 193, 0), .Dim = c(4L, 2L), .Dimnames = list(c("-2", "-1", 
    "0", "1"), c("A", "T"))))))
