Results <-
list(`bwa.out//20220204//BlindCMMRD80_S39.sam` = list(GM26_SNP1 = list(
    All = list(Freqs = structure(c(2L, 11L, 1515L, 5L, 2L, 0L, 
    5L, 1376L, 5L, 1L, 0L, 0L, 28L, 1L, 0L), .Dim = c(5L, 3L), .Dimnames = structure(list(
        c("-2", "-1", "0", "1", NA), c("A", "G", NA)), .Names = c("", 
    "")), class = "table"), N = 2951L), Tag.Distribution = structure(c(`1` = 122L, 
    `2` = 75L, `3` = 50L, `4` = 65L, `5` = 48L, `6` = 31L, `7` = 34L, 
    `8` = 28L, `9` = 15L, `10` = 10L, `11` = 17L, `12` = 8L, 
    `13` = 16L, `14` = 4L, `15` = 8L, `16` = 3L, `17` = 7L, `18` = 3L, 
    `19` = 4L, `20` = 1L, `21` = 1L, `25` = 1L, `28` = 1L, `29` = 1L
    ), .Dim = 24L, .Dimnames = list(TagUsage = c("1", "2", "3", 
    "4", "5", "6", "7", "8", "9", "10", "11", "12", "13", "14", 
    "15", "16", "17", "18", "19", "20", "21", "25", "28", "29"
    )), class = "table"), No.Tag = structure(c(0L, 0L, 41L, 0L, 
    0L, 0L, 0L, 17L, 0L, 0L, 0L, 0L, 1L, 0L, 0L), .Dim = c(5L, 
    3L), .Dimnames = structure(list(c("-2", "-1", "0", "1", NA
    ), c("A", "G", NA)), .Names = c("", "")), class = "table"), 
    All.Tags = list(Concordant = list(Freqs = structure(c(0, 
    1, 229, 0, 0, 0, 268, 1), .Dim = c(4L, 2L), .Dimnames = list(
        c("-2", "-1", "0", "1"), c("A", "G"))), N = 499), Majority = list(
        Freqs = structure(c(0, 1, 259, 0, 0, 0, 284, 1), .Dim = c(4L, 
        2L), .Dimnames = list(c("-2", "-1", "0", "1"), c("A", 
        "G"))), N = 545)), `2` = structure(c(0, 0, 204, 0, 0, 
    0, 224, 0), .Dim = c(4L, 2L), .Dimnames = list(c("-2", "-1", 
    "0", "1"), c("A", "G"))))))
