Results <-
list(`bwa.out//20220204//BlindCMMRD83_S42.sam` = list(GM01_SNP1 = list(
    All = list(Freqs = structure(c(0L, 41L, 3282L, 9L, 4L, 1L, 
    39L, 4041L, 7L, 7L, 0L, 2L, 90L, 1L, 0L), .Dim = c(5L, 3L
    ), .Dimnames = structure(list(c("-2", "-1", "0", "1", NA), 
        c("A", "G", NA)), .Names = c("", "")), class = "table"), 
        N = 7524L), Tag.Distribution = structure(c(`1` = 165L, 
    `2` = 71L, `3` = 60L, `4` = 46L, `5` = 43L, `6` = 55L, `7` = 24L, 
    `8` = 36L, `9` = 30L, `10` = 22L, `11` = 32L, `12` = 14L, 
    `13` = 22L, `14` = 17L, `15` = 15L, `16` = 13L, `17` = 20L, 
    `18` = 7L, `19` = 14L, `20` = 7L, `21` = 9L, `22` = 8L, `23` = 7L, 
    `24` = 7L, `25` = 11L, `26` = 7L, `27` = 8L, `28` = 6L, `29` = 7L, 
    `30` = 4L, `31` = 4L, `32` = 6L, `33` = 1L, `34` = 2L, `35` = 1L, 
    `36` = 2L, `37` = 1L, `38` = 2L, `43` = 2L, `44` = 1L, `51` = 2L, 
    `52` = 1L, `55` = 1L, `66` = 1L), .Dim = 44L, .Dimnames = list(
        TagUsage = c("1", "2", "3", "4", "5", "6", "7", "8", 
        "9", "10", "11", "12", "13", "14", "15", "16", "17", 
        "18", "19", "20", "21", "22", "23", "24", "25", "26", 
        "27", "28", "29", "30", "31", "32", "33", "34", "35", 
        "36", "37", "38", "43", "44", "51", "52", "55", "66")), class = "table"), 
    No.Tag = structure(c(0L, 0L, 53L, 1L, 0L, 0L, 0L, 53L, 0L, 
    0L, 0L, 0L, 6L, 0L, 0L), .Dim = c(5L, 3L), .Dimnames = structure(list(
        c("-2", "-1", "0", "1", NA), c("A", "G", NA)), .Names = c("", 
    "")), class = "table"), All.Tags = list(Concordant = list(
        Freqs = structure(c(0, 1, 336, 0, 0, 2, 349, 0), .Dim = c(4L, 
        2L), .Dimnames = list(c("-2", "-1", "0", "1"), c("A", 
        "G"))), N = 688), Majority = list(Freqs = structure(c(0, 
    1, 392, 0, 0, 2, 407, 0), .Dim = c(4L, 2L), .Dimnames = list(
        c("-2", "-1", "0", "1"), c("A", "G"))), N = 802)), `2` = structure(c(0, 
    0, 306, 0, 0, 0, 338, 0), .Dim = c(4L, 2L), .Dimnames = list(
        c("-2", "-1", "0", "1"), c("A", "G"))))))
