Results <-
list(`bwa.out//20220204//BlindCMMRD72_S31.sam` = list(LR52_SNP1 = list(
    All = list(Freqs = structure(c(0L, 0L, 0L, 2L, 0L, 0L, 4L, 
    34L, 353L, 2945L, 17L, 39L, 0L, 0L, 0L, 1L, 0L, 0L, 0L, 0L, 
    24L, 1030L, 10L, 0L), .Dim = c(6L, 4L), .Dimnames = structure(list(
        c("-3", "-2", "-1", "0", "1", NA), c("A", "C", "T", NA
        )), .Names = c("", "")), class = "table"), N = 4459L), 
    Tag.Distribution = structure(c(`1` = 79L, `2` = 50L, `3` = 56L, 
    `4` = 47L, `5` = 39L, `6` = 26L, `7` = 34L, `8` = 30L, `9` = 22L, 
    `10` = 22L, `11` = 17L, `12` = 20L, `13` = 11L, `14` = 19L, 
    `15` = 10L, `16` = 7L, `17` = 8L, `18` = 8L, `19` = 4L, `20` = 7L, 
    `21` = 5L, `22` = 4L, `23` = 2L, `24` = 8L, `25` = 4L, `26` = 3L, 
    `27` = 4L, `29` = 4L, `30` = 2L, `35` = 2L, `37` = 1L, `41` = 1L
    ), .Dim = 32L, .Dimnames = list(TagUsage = c("1", "2", "3", 
    "4", "5", "6", "7", "8", "9", "10", "11", "12", "13", "14", 
    "15", "16", "17", "18", "19", "20", "21", "22", "23", "24", 
    "25", "26", "27", "29", "30", "35", "37", "41")), class = "table"), 
    No.Tag = structure(c(0L, 0L, 0L, 1L, 0L, 0L, 0L, 2L, 2L, 
    22L, 0L, 0L, 0L, 0L, 0L, 0L, 0L, 0L, 0L, 0L, 1L, 14L, 0L, 
    0L), .Dim = c(6L, 4L), .Dimnames = structure(list(c("-3", 
    "-2", "-1", "0", "1", NA), c("A", "C", "T", NA)), .Names = c("", 
    "")), class = "table"), All.Tags = list(Concordant = list(
        Freqs = structure(c(0, 0, 0, 0, 0, 1, 2, 9, 301, 3, 0, 
        0, 0, 0, 0), .Dim = c(5L, 3L), .Dimnames = list(c("-3", 
        "-2", "-1", "0", "1"), c("A", "C", "T"))), N = 316), 
        Majority = list(Freqs = structure(c(0, 0, 0, 0, 0, 1, 
        2, 14, 492, 3, 0, 0, 0, 0, 0), .Dim = c(5L, 3L), .Dimnames = list(
            c("-3", "-2", "-1", "0", "1"), c("A", "C", "T"))), 
            N = 512)), `2` = structure(c(0, 0, 0, 0, 0, 0, 2, 
    9, 446, 0, 0, 0, 0, 0, 0), .Dim = c(5L, 3L), .Dimnames = list(
        c("-3", "-2", "-1", "0", "1"), c("A", "C", "T"))))))
