Results <-
list(`bwa.out//20220204//Control32_S5.sam` = list(LR48_SNP1 = list(
    All = list(Freqs = structure(c(1L, 32L, 838L, 15L, 1L, 5L, 
    3L, 34L, 919L, 14L, 0L, 1L, 0L, 0L, 8L, 0L, 0L, 0L), .Dim = c(6L, 
    3L), .Dimnames = structure(list(c("-2", "-1", "0", "1", "2", 
    NA), c("C", "T", NA)), .Names = c("", "")), class = "table"), 
        N = 1871L), Tag.Distribution = structure(c(`1` = 49L, 
    `2` = 43L, `3` = 39L, `4` = 51L, `5` = 30L, `6` = 33L, `7` = 25L, 
    `8` = 14L, `9` = 14L, `10` = 11L, `11` = 5L, `12` = 5L, `13` = 4L, 
    `14` = 5L, `15` = 3L, `16` = 3L, `17` = 1L, `18` = 2L, `19` = 2L, 
    `20` = 2L, `21` = 1L, `27` = 1L), .Dim = 22L, .Dimnames = list(
        TagUsage = c("1", "2", "3", "4", "5", "6", "7", "8", 
        "9", "10", "11", "12", "13", "14", "15", "16", "17", 
        "18", "19", "20", "21", "27")), class = "table"), No.Tag = structure(c(0L, 
    0L, 3L, 1L, 0L, 0L, 0L, 1L, 29L, 1L, 0L, 0L, 0L, 0L, 0L, 
    0L, 0L, 0L), .Dim = c(6L, 3L), .Dimnames = structure(list(
        c("-2", "-1", "0", "1", "2", NA), c("C", "T", NA)), .Names = c("", 
    "")), class = "table"), All.Tags = list(Concordant = list(
        Freqs = structure(c(0, 2, 134, 0, 0, 0, 1, 141, 0, 0), .Dim = c(5L, 
        2L), .Dimnames = list(c("-2", "-1", "0", "1", "2"), c("C", 
        "T"))), N = 278), Majority = list(Freqs = structure(c(0, 
    3, 164, 0, 0, 0, 1, 171, 0, 0), .Dim = c(5L, 2L), .Dimnames = list(
        c("-2", "-1", "0", "1", "2"), c("C", "T"))), N = 339)), 
    `2` = structure(c(0, 3, 144, 0, 0, 0, 0, 143, 0, 0), .Dim = c(5L, 
    2L), .Dimnames = list(c("-2", "-1", "0", "1", "2"), c("C", 
    "T"))))))
