Results <-
list(`bwa.out//20220204//BlindCMMRD72_S31.sam` = list(GM07_SNP1 = list(
    All = list(Freqs = structure(c(2L, 90L, 1650L, 31L, 0L, 24L, 
    0L, 78L, 1662L, 68L, 4L, 28L, 0L, 0L, 2L, 0L, 0L, 0L, 0L, 
    2L, 46L, 2L, 0L, 0L), .Dim = c(6L, 4L), .Dimnames = structure(list(
        c("-2", "-1", "0", "1", "2", NA), c("A", "G", "T", NA
        )), .Names = c("", "")), class = "table"), N = 3689L), 
    Tag.Distribution = structure(c(`1` = 103L, `2` = 62L, `3` = 48L, 
    `4` = 56L, `5` = 37L, `6` = 24L, `7` = 35L, `8` = 30L, `9` = 15L, 
    `10` = 21L, `11` = 15L, `12` = 13L, `13` = 10L, `14` = 8L, 
    `15` = 13L, `16` = 6L, `17` = 8L, `18` = 4L, `19` = 8L, `20` = 2L, 
    `21` = 3L, `22` = 2L, `23` = 2L, `25` = 2L, `26` = 2L, `27` = 3L, 
    `28` = 1L, `29` = 1L, `31` = 1L, `37` = 1L), .Dim = 30L, .Dimnames = list(
        TagUsage = c("1", "2", "3", "4", "5", "6", "7", "8", 
        "9", "10", "11", "12", "13", "14", "15", "16", "17", 
        "18", "19", "20", "21", "22", "23", "25", "26", "27", 
        "28", "29", "31", "37")), class = "table"), No.Tag = structure(c(0L, 
    4L, 105L, 3L, 0L, 6L, 0L, 1L, 81L, 5L, 0L, 7L, 0L, 0L, 0L, 
    0L, 0L, 0L, 0L, 0L, 7L, 1L, 0L, 0L), .Dim = c(6L, 4L), .Dimnames = structure(list(
        c("-2", "-1", "0", "1", "2", NA), c("A", "G", "T", NA
        )), .Names = c("", "")), class = "table"), All.Tags = list(
        Concordant = list(Freqs = structure(c(0, 1, 189, 1, 0, 
        0, 4, 181, 1, 0, 0, 0, 0, 0, 0), .Dim = c(5L, 3L), .Dimnames = list(
            c("-2", "-1", "0", "1", "2"), c("A", "G", "T"))), 
            N = 377), Majority = list(Freqs = structure(c(0, 
        4, 260, 1, 0, 0, 5, 249, 3, 0, 0, 0, 0, 0, 0), .Dim = c(5L, 
        3L), .Dimnames = list(c("-2", "-1", "0", "1", "2"), c("A", 
        "G", "T"))), N = 522)), `2` = structure(c(0, 3, 209, 
    0, 0, 0, 3, 206, 2, 0, 0, 0, 0, 0, 0), .Dim = c(5L, 3L), .Dimnames = list(
        c("-2", "-1", "0", "1", "2"), c("A", "G", "T"))))))
