Results <-
list(`bwa.out//20220204//BlindCMMRD134_S60.sam` = list(IM16_SNP1 = list(
    All = list(Freqs = structure(c(0L, 0L, 1L, 0L, 0L, 0L, 1L, 
    37L, 4411L, 63L, 2L, 4L, 0L, 1L, 49L, 1L, 0L, 0L), .Dim = c(6L, 
    3L), .Dimnames = structure(list(c("-2", "-1", "0", "1", "2", 
    NA), c("C", "G", NA)), .Names = c("", "")), class = "table"), 
        N = 4570L), Tag.Distribution = structure(c(`1` = 158L, 
    `2` = 134L, `3` = 111L, `4` = 96L, `5` = 75L, `6` = 69L, 
    `7` = 53L, `8` = 46L, `9` = 35L, `10` = 37L, `11` = 19L, 
    `12` = 16L, `13` = 13L, `14` = 11L, `15` = 5L, `16` = 5L, 
    `17` = 3L, `18` = 5L, `19` = 1L, `20` = 2L, `21` = 1L, `22` = 2L, 
    `25` = 1L), .Dim = 23L, .Dimnames = list(TagUsage = c("1", 
    "2", "3", "4", "5", "6", "7", "8", "9", "10", "11", "12", 
    "13", "14", "15", "16", "17", "18", "19", "20", "21", "22", 
    "25")), class = "table"), No.Tag = structure(c(0L, 0L, 0L, 
    0L, 0L, 0L, 0L, 0L, 44L, 0L, 0L, 0L, 0L, 0L, 1L, 0L, 0L, 
    0L), .Dim = c(6L, 3L), .Dimnames = structure(list(c("-2", 
    "-1", "0", "1", "2", NA), c("C", "G", NA)), .Names = c("", 
    "")), class = "table"), All.Tags = list(Concordant = list(
        Freqs = structure(c(0, 0, 0, 0, 0, 0, 3, 804, 3, 0), .Dim = c(5L, 
        2L), .Dimnames = list(c("-2", "-1", "0", "1", "2"), c("C", 
        "G"))), N = 810), Majority = list(Freqs = structure(c(0, 
    0, 0, 0, 0, 0, 3, 884, 4, 0), .Dim = c(5L, 2L), .Dimnames = list(
        c("-2", "-1", "0", "1", "2"), c("C", "G"))), N = 891)), 
    `2` = structure(c(0, 0, 0, 0, 0, 0, 2, 732, 1, 0), .Dim = c(5L, 
    2L), .Dimnames = list(c("-2", "-1", "0", "1", "2"), c("C", 
    "G"))))))
