Results <-
list(`bwa.out//20220204//BlindCMMRD132_S58.sam` = list(GM09_SNP1 = list(
    All = list(Freqs = structure(c(3L, 24L, 0L, 0L, 41L, 5499L, 
    10L, 1L, 0L, 26L, 0L, 0L), .Dim = 4:3, .Dimnames = structure(list(
        c("-1", "0", "1", NA), c("A", "G", NA)), .Names = c("", 
    "")), class = "table"), N = 5604L), Tag.Distribution = structure(c(`1` = 318L, 
    `2` = 246L, `3` = 213L, `4` = 158L, `5` = 134L, `6` = 83L, 
    `7` = 60L, `8` = 41L, `9` = 26L, `10` = 22L, `11` = 22L, 
    `12` = 11L, `13` = 11L, `14` = 8L, `15` = 4L, `16` = 4L, 
    `17` = 4L, `18` = 2L, `19` = 4L, `20` = 2L, `23` = 1L, `26` = 1L, 
    `34` = 1L), .Dim = 23L, .Dimnames = list(TagUsage = c("1", 
    "2", "3", "4", "5", "6", "7", "8", "9", "10", "11", "12", 
    "13", "14", "15", "16", "17", "18", "19", "20", "23", "26", 
    "34")), class = "table"), No.Tag = structure(c(0L, 0L, 0L, 
    0L, 2L, 94L, 0L, 0L, 0L, 1L, 0L, 0L), .Dim = 4:3, .Dimnames = structure(list(
        c("-1", "0", "1", NA), c("A", "G", NA)), .Names = c("", 
    "")), class = "table"), All.Tags = list(Concordant = list(
        Freqs = structure(c(1, 10, 0, 7, 1312, 1), .Dim = 3:2, .Dimnames = list(
            c("-1", "0", "1"), c("A", "G"))), N = 1331), Majority = list(
        Freqs = structure(c(2, 10, 0, 8, 1349, 1), .Dim = 3:2, .Dimnames = list(
            c("-1", "0", "1"), c("A", "G"))), N = 1370)), `2` = structure(c(1, 
    1, 0, 4, 1050, 0), .Dim = 3:2, .Dimnames = list(c("-1", "0", 
    "1"), c("A", "G"))))))
