Results <-
list(`bwa.out//20220204//BlindCMMRD68_S27.sam` = list(DEPDC2_SNP1 = list(
    All = list(Freqs = structure(c(0L, 1L, 0L, 0L, 28L, 4561L, 
    22L, 19L, 0L, 35L, 0L, 0L), .Dim = 4:3, .Dimnames = structure(list(
        c("-1", "0", "1", NA), c("C", "T", NA)), .Names = c("", 
    "")), class = "table"), N = 4666L), Tag.Distribution = structure(c(`1` = 151L, 
    `2` = 72L, `3` = 70L, `4` = 64L, `5` = 59L, `6` = 44L, `7` = 27L, 
    `8` = 38L, `9` = 31L, `10` = 27L, `11` = 16L, `12` = 22L, 
    `13` = 11L, `14` = 18L, `15` = 6L, `16` = 14L, `17` = 8L, 
    `18` = 6L, `19` = 6L, `20` = 4L, `21` = 6L, `22` = 3L, `23` = 7L, 
    `24` = 3L, `25` = 2L, `26` = 4L, `27` = 1L, `28` = 1L), .Dim = 28L, .Dimnames = list(
        TagUsage = c("1", "2", "3", "4", "5", "6", "7", "8", 
        "9", "10", "11", "12", "13", "14", "15", "16", "17", 
        "18", "19", "20", "21", "22", "23", "24", "25", "26", 
        "27", "28")), class = "table"), No.Tag = structure(c(0L, 
    0L, 0L, 0L, 0L, 76L, 0L, 4L, 0L, 3L, 0L, 0L), .Dim = 4:3, .Dimnames = structure(list(
        c("-1", "0", "1", NA), c("C", "T", NA)), .Names = c("", 
    "")), class = "table"), All.Tags = list(Concordant = list(
        Freqs = structure(c(0, 1, 0, 2, 666, 0), .Dim = 3:2, .Dimnames = list(
            c("-1", "0", "1"), c("C", "T"))), N = 669), Majority = list(
        Freqs = structure(c(0, 1, 0, 2, 711, 0), .Dim = 3:2, .Dimnames = list(
            c("-1", "0", "1"), c("C", "T"))), N = 714)), `2` = structure(c(0, 
    0, 0, 0, 569, 0), .Dim = 3:2, .Dimnames = list(c("-1", "0", 
    "1"), c("C", "T"))))))
