Results <-
list(`bwa.out//20220204//BlindCMMRD60_S19.sam` = list(LR36_SNP1 = list(
    All = list(Freqs = structure(c(0L, 3L, 22L, 1335L, 11L, 8L, 
    0L, 0L, 0L, 1L, 0L, 0L, 2L, 2L, 23L, 1299L, 15L, 9L, 0L, 
    1L, 1L, 99L, 0L, 0L), .Dim = c(6L, 4L), .Dimnames = structure(list(
        c("-3", "-2", "-1", "0", "1", NA), c("A", "C", "T", NA
        )), .Names = c("", "")), class = "table"), N = 2831L), 
    Tag.Distribution = structure(c(`1` = 87L, `2` = 45L, `3` = 48L, 
    `4` = 21L, `5` = 25L, `6` = 16L, `7` = 22L, `8` = 23L, `9` = 19L, 
    `10` = 10L, `11` = 11L, `12` = 11L, `13` = 10L, `14` = 8L, 
    `15` = 7L, `16` = 6L, `17` = 2L, `18` = 2L, `19` = 5L, `20` = 3L, 
    `21` = 5L, `22` = 2L, `23` = 4L, `24` = 2L, `26` = 2L, `27` = 2L, 
    `28` = 1L, `29` = 3L, `30` = 2L), .Dim = 29L, .Dimnames = list(
        TagUsage = c("1", "2", "3", "4", "5", "6", "7", "8", 
        "9", "10", "11", "12", "13", "14", "15", "16", "17", 
        "18", "19", "20", "21", "22", "23", "24", "26", "27", 
        "28", "29", "30")), class = "table"), No.Tag = structure(c(0L, 
    0L, 0L, 47L, 0L, 2L, 0L, 0L, 0L, 0L, 0L, 0L, 0L, 1L, 0L, 
    46L, 1L, 0L, 0L, 0L, 0L, 8L, 0L, 0L), .Dim = c(6L, 4L), .Dimnames = structure(list(
        c("-3", "-2", "-1", "0", "1", NA), c("A", "C", "T", NA
        )), .Names = c("", "")), class = "table"), All.Tags = list(
        Concordant = list(Freqs = structure(c(0, 2, 0, 173, 0, 
        0, 0, 0, 0, 0, 0, 0, 2, 150, 0), .Dim = c(5L, 3L), .Dimnames = list(
            c("-3", "-2", "-1", "0", "1"), c("A", "C", "T"))), 
            N = 327), Majority = list(Freqs = structure(c(0, 
        2, 0, 203, 0, 0, 0, 0, 0, 0, 0, 0, 2, 186, 0), .Dim = c(5L, 
        3L), .Dimnames = list(c("-3", "-2", "-1", "0", "1"), 
            c("A", "C", "T"))), N = 393)), `2` = structure(c(0, 
    0, 0, 159, 0, 0, 0, 0, 0, 0, 0, 0, 0, 153, 0), .Dim = c(5L, 
    3L), .Dimnames = list(c("-3", "-2", "-1", "0", "1"), c("A", 
    "C", "T"))))))
