Results <-
list(`bwa.out//20220204//BlindCMMRD77_S36.sam` = list(LR52_SNP1 = list(
    All = list(Freqs = structure(c(1L, 30L, 374L, 2659L, 11L, 
    39L, 0L, 0L, 0L, 1L, 0L, 0L, 0L, 0L, 30L, 867L, 2L, 0L), .Dim = c(6L, 
    3L), .Dimnames = structure(list(c("-3", "-2", "-1", "0", 
    "1", NA), c("C", "G", NA)), .Names = c("", "")), class = "table"), 
        N = 4014L), Tag.Distribution = structure(c(`1` = 99L, 
    `2` = 38L, `3` = 35L, `4` = 37L, `5` = 27L, `6` = 31L, `7` = 30L, 
    `8` = 32L, `9` = 22L, `10` = 20L, `11` = 21L, `12` = 17L, 
    `13` = 14L, `14` = 16L, `15` = 14L, `16` = 13L, `17` = 5L, 
    `18` = 8L, `19` = 11L, `20` = 6L, `21` = 3L, `22` = 1L, `23` = 6L, 
    `24` = 4L, `25` = 1L, `26` = 4L, `32` = 1L, `33` = 1L), .Dim = 28L, .Dimnames = list(
        TagUsage = c("1", "2", "3", "4", "5", "6", "7", "8", 
        "9", "10", "11", "12", "13", "14", "15", "16", "17", 
        "18", "19", "20", "21", "22", "23", "24", "25", "26", 
        "32", "33")), class = "table"), No.Tag = structure(c(0L, 
    0L, 15L, 39L, 0L, 0L, 0L, 0L, 0L, 0L, 0L, 0L, 0L, 0L, 1L, 
    16L, 0L, 0L), .Dim = c(6L, 3L), .Dimnames = structure(list(
        c("-3", "-2", "-1", "0", "1", NA), c("C", "G", NA)), .Names = c("", 
    "")), class = "table"), All.Tags = list(Concordant = list(
        Freqs = structure(c(0, 2, 13, 277, 0, 0, 0, 0, 0, 0), .Dim = c(5L, 
        2L), .Dimnames = list(c("-3", "-2", "-1", "0", "1"), 
            c("C", "G"))), N = 292), Majority = list(Freqs = structure(c(0, 
    2, 18, 464, 0, 0, 0, 0, 0, 0), .Dim = c(5L, 2L), .Dimnames = list(
        c("-3", "-2", "-1", "0", "1"), c("C", "G"))), N = 484)), 
    `2` = structure(c(0, 1, 13, 394, 0, 0, 0, 0, 0, 0), .Dim = c(5L, 
    2L), .Dimnames = list(c("-3", "-2", "-1", "0", "1"), c("C", 
    "G"))))))
