Results <-
list(`bwa.out//20220204//BlindCMMRD83_S42.sam` = list(LR44_SNP1 = list(
    All = list(Freqs = structure(c(0L, 0L, 0L, 1L, 0L, 0L, 0L, 
    0L, 7L, 216L, 2436L, 38L, 1L, 10L, 1L, 18L, 251L, 2628L, 
    46L, 4L, 12L, 0L, 0L, 9L, 98L, 4L, 0L, 0L), .Dim = c(7L, 
    4L), .Dimnames = structure(list(c("-3", "-2", "-1", "0", 
    "1", "2", NA), c("A", "C", "T", NA)), .Names = c("", "")), class = "table"), 
        N = 5780L), Tag.Distribution = structure(c(`1` = 114L, 
    `2` = 53L, `3` = 31L, `4` = 49L, `5` = 34L, `6` = 30L, `7` = 37L, 
    `8` = 25L, `9` = 35L, `10` = 30L, `11` = 27L, `12` = 22L, 
    `13` = 16L, `14` = 10L, `15` = 15L, `16` = 18L, `17` = 12L, 
    `18` = 6L, `19` = 5L, `20` = 8L, `21` = 5L, `22` = 8L, `23` = 7L, 
    `24` = 4L, `25` = 3L, `26` = 1L, `27` = 5L, `28` = 2L, `29` = 4L, 
    `30` = 4L, `31` = 5L, `32` = 2L, `33` = 2L, `34` = 2L, `35` = 1L, 
    `36` = 1L, `37` = 2L, `39` = 1L, `42` = 1L, `52` = 1L), .Dim = 40L, .Dimnames = list(
        TagUsage = c("1", "2", "3", "4", "5", "6", "7", "8", 
        "9", "10", "11", "12", "13", "14", "15", "16", "17", 
        "18", "19", "20", "21", "22", "23", "24", "25", "26", 
        "27", "28", "29", "30", "31", "32", "33", "34", "35", 
        "36", "37", "39", "42", "52")), class = "table"), No.Tag = structure(c(0L, 
    0L, 0L, 0L, 0L, 0L, 0L, 0L, 0L, 4L, 62L, 0L, 0L, 1L, 0L, 
    0L, 8L, 82L, 0L, 0L, 1L, 0L, 0L, 0L, 2L, 1L, 0L, 0L), .Dim = c(7L, 
    4L), .Dimnames = structure(list(c("-3", "-2", "-1", "0", 
    "1", "2", NA), c("A", "C", "T", NA)), .Names = c("", "")), class = "table"), 
    All.Tags = list(Concordant = list(Freqs = structure(c(0, 
    0, 0, 0, 0, 0, 0, 0, 4, 174, 0, 0, 0, 1, 4, 169, 1, 0), .Dim = c(6L, 
    3L), .Dimnames = list(c("-3", "-2", "-1", "0", "1", "2"), 
        c("A", "C", "T"))), N = 353), Majority = list(Freqs = structure(c(0, 
    0, 0, 0, 0, 0, 0, 0, 7, 292, 0, 0, 0, 1, 9, 306, 1, 0), .Dim = c(6L, 
    3L), .Dimnames = list(c("-3", "-2", "-1", "0", "1", "2"), 
        c("A", "C", "T"))), N = 616)), `2` = structure(c(0, 0, 
    0, 0, 0, 0, 0, 0, 6, 242, 0, 0, 0, 1, 8, 257, 0, 0), .Dim = c(6L, 
    3L), .Dimnames = list(c("-3", "-2", "-1", "0", "1", "2"), 
        c("A", "C", "T"))))))
