Results <-
list(`bwa.out//20220204//BlindCMMRD122_S48.sam` = list(LR17_SNP1 = list(
    All = list(Freqs = structure(c(4L, 197L, 4467L, 43L, 19L, 
    0L, 0L, 1L, 0L, 0L, 0L, 1L, 115L, 2L, 0L), .Dim = c(5L, 3L
    ), .Dimnames = structure(list(c("-2", "-1", "0", "1", NA), 
        c("A", "G", NA)), .Names = c("", "")), class = "table"), 
        N = 4849L), Tag.Distribution = structure(c(`1` = 152L, 
    `2` = 111L, `3` = 100L, `4` = 73L, `5` = 55L, `6` = 57L, 
    `7` = 55L, `8` = 39L, `9` = 34L, `10` = 30L, `11` = 23L, 
    `12` = 13L, `13` = 17L, `14` = 17L, `15` = 11L, `16` = 8L, 
    `17` = 5L, `18` = 3L, `19` = 7L, `20` = 3L, `21` = 4L, `22` = 2L, 
    `23` = 1L, `24` = 1L, `25` = 1L, `26` = 3L, `27` = 1L, `31` = 1L, 
    `32` = 1L), .Dim = 29L, .Dimnames = list(TagUsage = c("1", 
    "2", "3", "4", "5", "6", "7", "8", "9", "10", "11", "12", 
    "13", "14", "15", "16", "17", "18", "19", "20", "21", "22", 
    "23", "24", "25", "26", "27", "31", "32")), class = "table"), 
    No.Tag = structure(c(0L, 2L, 92L, 0L, 1L, 0L, 0L, 0L, 0L, 
    0L, 0L, 0L, 7L, 0L, 0L), .Dim = c(5L, 3L), .Dimnames = structure(list(
        c("-2", "-1", "0", "1", NA), c("A", "G", NA)), .Names = c("", 
    "")), class = "table"), All.Tags = list(Concordant = list(
        Freqs = structure(c(0, 9, 653, 2, 0, 0, 0, 0), .Dim = c(4L, 
        2L), .Dimnames = list(c("-2", "-1", "0", "1"), c("A", 
        "G"))), N = 664), Majority = list(Freqs = structure(c(0, 
    11, 802, 2, 0, 0, 0, 0), .Dim = c(4L, 2L), .Dimnames = list(
        c("-2", "-1", "0", "1"), c("A", "G"))), N = 815)), `2` = structure(c(0, 
    4, 666, 0, 0, 0, 0, 0), .Dim = c(4L, 2L), .Dimnames = list(
        c("-2", "-1", "0", "1"), c("A", "G"))))))
