Results <-
list(`bwa.out//20220204//BlindCMMRD90_S49.sam` = list(LR10_SNP1 = list(
    All = list(Freqs = structure(c(0L, 3L, 0L, 0L, 44L, 4809L, 
    15L, 2L, 0L, 45L, 2L, 0L), .Dim = 4:3, .Dimnames = structure(list(
        c("-1", "0", "1", NA), c("C", "T", NA)), .Names = c("", 
    "")), class = "table"), N = 4920L), Tag.Distribution = structure(c(`1` = 127L, 
    `2` = 61L, `3` = 56L, `4` = 53L, `5` = 44L, `6` = 45L, `7` = 28L, 
    `8` = 30L, `9` = 21L, `10` = 21L, `11` = 12L, `12` = 13L, 
    `13` = 13L, `14` = 15L, `15` = 7L, `16` = 7L, `17` = 9L, 
    `18` = 7L, `19` = 9L, `20` = 10L, `21` = 6L, `22` = 15L, 
    `23` = 5L, `24` = 4L, `25` = 1L, `26` = 2L, `27` = 2L, `28` = 4L, 
    `30` = 2L, `31` = 1L, `34` = 1L, `37` = 1L, `38` = 1L, `46` = 1L, 
    `49` = 2L, `57` = 1L), .Dim = 36L, .Dimnames = list(TagUsage = c("1", 
    "2", "3", "4", "5", "6", "7", "8", "9", "10", "11", "12", 
    "13", "14", "15", "16", "17", "18", "19", "20", "21", "22", 
    "23", "24", "25", "26", "27", "28", "30", "31", "34", "37", 
    "38", "46", "49", "57")), class = "table"), No.Tag = structure(c(0L, 
    0L, 0L, 0L, 2L, 114L, 2L, 0L, 0L, 3L, 0L, 0L), .Dim = 4:3, .Dimnames = structure(list(
        c("-1", "0", "1", NA), c("C", "T", NA)), .Names = c("", 
    "")), class = "table"), All.Tags = list(Concordant = list(
        Freqs = structure(c(0, 3, 0, 2, 583, 0), .Dim = 3:2, .Dimnames = list(
            c("-1", "0", "1"), c("C", "T"))), N = 588), Majority = list(
        Freqs = structure(c(0, 3, 0, 2, 625, 0), .Dim = 3:2, .Dimnames = list(
            c("-1", "0", "1"), c("C", "T"))), N = 630)), `2` = structure(c(0, 
    0, 0, 1, 506, 0), .Dim = 3:2, .Dimnames = list(c("-1", "0", 
    "1"), c("C", "T"))))))
