Results <-
list(`bwa.out//20220204//BlindCMMRD71_S30.sam` = list(LR44_SNP1 = list(
    All = list(Freqs = structure(c(0L, 2L, 7L, 284L, 4047L, 89L, 
    4L, 16L, 0L, 0L, 0L, 0L, 9L, 0L, 0L, 0L, 1L, 2L, 13L, 468L, 
    3928L, 74L, 2L, 23L, 0L, 0L, 1L, 14L, 161L, 2L, 0L, 0L), .Dim = c(8L, 
    4L), .Dimnames = structure(list(c("-4", "-3", "-2", "-1", 
    "0", "1", "2", NA), c("C", "G", "T", NA)), .Names = c("", 
    "")), class = "table"), N = 9147L), Tag.Distribution = structure(c(`1` = 109L, 
    `2` = 32L, `3` = 42L, `4` = 31L, `5` = 32L, `6` = 26L, `7` = 25L, 
    `8` = 33L, `9` = 27L, `10` = 29L, `11` = 17L, `12` = 22L, 
    `13` = 17L, `14` = 19L, `15` = 13L, `16` = 14L, `17` = 11L, 
    `18` = 19L, `19` = 10L, `20` = 9L, `21` = 8L, `22` = 6L, 
    `23` = 12L, `24` = 7L, `25` = 7L, `26` = 11L, `27` = 9L, 
    `28` = 10L, `29` = 7L, `30` = 12L, `31` = 5L, `32` = 3L, 
    `33` = 6L, `34` = 6L, `35` = 3L, `36` = 4L, `37` = 3L, `38` = 5L, 
    `39` = 5L, `41` = 2L, `42` = 2L, `43` = 1L, `44` = 2L, `45` = 3L, 
    `46` = 2L, `47` = 2L, `48` = 1L, `49` = 1L, `50` = 1L, `51` = 1L, 
    `52` = 1L, `54` = 2L, `57` = 1L, `59` = 1L, `61` = 1L, `66` = 1L, 
    `67` = 1L, `74` = 1L), .Dim = 58L, .Dimnames = list(TagUsage = c("1", 
    "2", "3", "4", "5", "6", "7", "8", "9", "10", "11", "12", 
    "13", "14", "15", "16", "17", "18", "19", "20", "21", "22", 
    "23", "24", "25", "26", "27", "28", "29", "30", "31", "32", 
    "33", "34", "35", "36", "37", "38", "39", "41", "42", "43", 
    "44", "45", "46", "47", "48", "49", "50", "51", "52", "54", 
    "57", "59", "61", "66", "67", "74")), class = "table"), No.Tag = structure(c(0L, 
    0L, 0L, 2L, 63L, 0L, 0L, 3L, 0L, 0L, 0L, 0L, 0L, 0L, 0L, 
    0L, 0L, 0L, 0L, 3L, 53L, 1L, 0L, 3L, 0L, 0L, 0L, 1L, 2L, 
    0L, 0L, 0L), .Dim = c(8L, 4L), .Dimnames = structure(list(
        c("-4", "-3", "-2", "-1", "0", "1", "2", NA), c("C", 
        "G", "T", NA)), .Names = c("", "")), class = "table"), 
    All.Tags = list(Concordant = list(Freqs = structure(c(0, 
    0, 0, 7, 159, 1, 0, 0, 0, 0, 0, 1, 0, 0, 0, 0, 1, 6, 153, 
    0, 0), .Dim = c(7L, 3L), .Dimnames = list(c("-4", "-3", "-2", 
    "-1", "0", "1", "2"), c("C", "G", "T"))), N = 328), Majority = list(
        Freqs = structure(c(0, 0, 0, 11, 322, 3, 0, 0, 0, 0, 
        0, 1, 0, 0, 0, 0, 1, 17, 312, 0, 0), .Dim = c(7L, 3L), .Dimnames = list(
            c("-4", "-3", "-2", "-1", "0", "1", "2"), c("C", 
            "G", "T"))), N = 667)), `2` = structure(c(0, 0, 0, 
    5, 273, 2, 0, 0, 0, 0, 0, 1, 0, 0, 0, 0, 0, 13, 275, 0, 0
    ), .Dim = c(7L, 3L), .Dimnames = list(c("-4", "-3", "-2", 
    "-1", "0", "1", "2"), c("C", "G", "T"))))))
