Results <-
list(`bwa.out//20220204//BlindCMMRD44_S4.sam` = list(LR20_SNP1 = list(
    All = list(Freqs = structure(c(7L, 2601L, 2L, 2L, 5L, 2100L, 
    14L, 2L, 0L, 1L, 0L, 0L, 0L, 24L, 2L, 0L), .Dim = c(4L, 4L
    ), .Dimnames = structure(list(c("-1", "0", "1", NA), c("A", 
    "G", "T", NA)), .Names = c("", "")), class = "table"), N = 4760L), 
    Tag.Distribution = structure(c(`1` = 91L, `2` = 35L, `3` = 35L, 
    `4` = 27L, `5` = 22L, `6` = 20L, `7` = 25L, `8` = 22L, `9` = 12L, 
    `10` = 16L, `11` = 14L, `12` = 13L, `13` = 13L, `14` = 14L, 
    `15` = 12L, `16` = 9L, `17` = 6L, `18` = 8L, `19` = 6L, `20` = 4L, 
    `21` = 4L, `22` = 5L, `23` = 7L, `24` = 5L, `25` = 6L, `26` = 1L, 
    `27` = 4L, `28` = 3L, `29` = 2L, `30` = 7L, `33` = 4L, `34` = 2L, 
    `36` = 4L, `37` = 2L, `40` = 1L, `41` = 3L, `44` = 1L, `46` = 2L, 
    `49` = 1L, `52` = 1L, `57` = 1L), .Dim = 41L, .Dimnames = list(
        TagUsage = c("1", "2", "3", "4", "5", "6", "7", "8", 
        "9", "10", "11", "12", "13", "14", "15", "16", "17", 
        "18", "19", "20", "21", "22", "23", "24", "25", "26", 
        "27", "28", "29", "30", "33", "34", "36", "37", "40", 
        "41", "44", "46", "49", "52", "57")), class = "table"), 
    No.Tag = structure(c(0L, 84L, 0L, 0L, 0L, 26L, 0L, 0L, 0L, 
    0L, 0L, 0L, 0L, 2L, 0L, 0L), .Dim = c(4L, 4L), .Dimnames = structure(list(
        c("-1", "0", "1", NA), c("A", "G", "T", NA)), .Names = c("", 
    "")), class = "table"), All.Tags = list(Concordant = list(
        Freqs = structure(c(1, 228, 0, 0, 194, 0, 0, 1, 0), .Dim = c(3L, 
        3L), .Dimnames = list(c("-1", "0", "1"), c("A", "G", 
        "T"))), N = 424), Majority = list(Freqs = structure(c(1, 
    248, 0, 0, 210, 0, 0, 1, 0), .Dim = c(3L, 3L), .Dimnames = list(
        c("-1", "0", "1"), c("A", "G", "T"))), N = 460)), `2` = structure(c(0, 
    205, 0, 0, 171, 0, 0, 0, 0), .Dim = c(3L, 3L), .Dimnames = list(
        c("-1", "0", "1"), c("A", "G", "T"))))))
