Results <-
list(`bwa.out//20220204//BlindCMMRD57_S16.sam` = list(GM14_SNP1 = list(
    All = list(Freqs = structure(c(6L, 70L, 2662L, 24L, 1L, 12L, 
    0L, 0L, 2L, 0L, 0L, 0L, 0L, 1L, 19L, 0L, 0L, 0L), .Dim = c(6L, 
    3L), .Dimnames = structure(list(c("-2", "-1", "0", "1", "2", 
    NA), c("C", "T", NA)), .Names = c("", "")), class = "table"), 
        N = 2797L), Tag.Distribution = structure(c(`1` = 87L, 
    `2` = 34L, `3` = 35L, `4` = 27L, `5` = 24L, `6` = 16L, `7` = 22L, 
    `8` = 11L, `9` = 20L, `10` = 13L, `11` = 6L, `12` = 8L, `13` = 9L, 
    `14` = 9L, `15` = 8L, `16` = 7L, `17` = 10L, `18` = 4L, `19` = 4L, 
    `20` = 5L, `21` = 4L, `22` = 4L, `23` = 5L, `25` = 4L, `26` = 3L, 
    `29` = 2L, `30` = 1L, `35` = 1L), .Dim = 28L, .Dimnames = list(
        TagUsage = c("1", "2", "3", "4", "5", "6", "7", "8", 
        "9", "10", "11", "12", "13", "14", "15", "16", "17", 
        "18", "19", "20", "21", "22", "23", "25", "26", "29", 
        "30", "35")), class = "table"), No.Tag = structure(c(0L, 
    0L, 17L, 0L, 0L, 0L, 0L, 0L, 1L, 0L, 0L, 0L, 0L, 0L, 0L, 
    0L, 0L, 0L), .Dim = c(6L, 3L), .Dimnames = structure(list(
        c("-2", "-1", "0", "1", "2", NA), c("C", "T", NA)), .Names = c("", 
    "")), class = "table"), All.Tags = list(Concordant = list(
        Freqs = structure(c(0, 2, 299, 1, 0, 0, 0, 1, 0, 0), .Dim = c(5L, 
        2L), .Dimnames = list(c("-2", "-1", "0", "1", "2"), c("C", 
        "T"))), N = 303), Majority = list(Freqs = structure(c(0, 
    2, 373, 1, 0, 0, 0, 1, 0, 0), .Dim = c(5L, 2L), .Dimnames = list(
        c("-2", "-1", "0", "1", "2"), c("C", "T"))), N = 377)), 
    `2` = structure(c(0, 0, 292, 0, 0, 0, 0, 0, 0, 0), .Dim = c(5L, 
    2L), .Dimnames = list(c("-2", "-1", "0", "1", "2"), c("C", 
    "T"))))))
