Results <-
list(`bwa.out//20220204//BlindCMMRD66_S25.sam` = list(LR11_SNP1 = list(
    All = list(Freqs = structure(c(0L, 0L, 2L, 0L, 1L, 1L, 67L, 
    3648L, 23L, 5L, 0L, 2L, 97L, 3L, 0L), .Dim = c(5L, 3L), .Dimnames = structure(list(
        c("-2", "-1", "0", "1", NA), c("A", "C", NA)), .Names = c("", 
    "")), class = "table"), N = 3849L), Tag.Distribution = structure(c(`1` = 100L, 
    `2` = 39L, `3` = 46L, `4` = 45L, `5` = 29L, `6` = 36L, `7` = 18L, 
    `8` = 25L, `9` = 27L, `10` = 21L, `11` = 13L, `12` = 17L, 
    `13` = 19L, `14` = 15L, `15` = 13L, `16` = 10L, `17` = 9L, 
    `18` = 6L, `19` = 2L, `20` = 5L, `21` = 4L, `22` = 6L, `23` = 1L, 
    `24` = 2L, `25` = 3L, `26` = 2L, `27` = 1L, `28` = 2L, `30` = 1L, 
    `33` = 2L), .Dim = 30L, .Dimnames = list(TagUsage = c("1", 
    "2", "3", "4", "5", "6", "7", "8", "9", "10", "11", "12", 
    "13", "14", "15", "16", "17", "18", "19", "20", "21", "22", 
    "23", "24", "25", "26", "27", "28", "30", "33")), class = "table"), 
    No.Tag = structure(c(0L, 0L, 0L, 0L, 0L, 0L, 1L, 57L, 0L, 
    0L, 0L, 0L, 4L, 0L, 0L), .Dim = c(5L, 3L), .Dimnames = structure(list(
        c("-2", "-1", "0", "1", NA), c("A", "C", NA)), .Names = c("", 
    "")), class = "table"), All.Tags = list(Concordant = list(
        Freqs = structure(c(0, 0, 2, 0, 0, 2, 436, 0), .Dim = c(4L, 
        2L), .Dimnames = list(c("-2", "-1", "0", "1"), c("A", 
        "C"))), N = 440), Majority = list(Freqs = structure(c(0, 
    0, 2, 0, 0, 3, 500, 0), .Dim = c(4L, 2L), .Dimnames = list(
        c("-2", "-1", "0", "1"), c("A", "C"))), N = 505)), `2` = structure(c(0, 
    0, 0, 0, 0, 1, 414, 0), .Dim = c(4L, 2L), .Dimnames = list(
        c("-2", "-1", "0", "1"), c("A", "C"))))))
