Results <-
list(`bwa.out//20220204//BlindCMMRD74_S33.sam` = list(GM26_SNP1 = list(
    All = list(Freqs = structure(c(1L, 25L, 3788L, 17L, 5L, 0L, 
    0L, 4L, 0L, 0L, 0L, 0L, 32L, 0L, 0L), .Dim = c(5L, 3L), .Dimnames = structure(list(
        c("-2", "-1", "0", "1", NA), c("A", "G", NA)), .Names = c("", 
    "")), class = "table"), N = 3872L), Tag.Distribution = structure(c(`1` = 115L, 
    `2` = 36L, `3` = 37L, `4` = 43L, `5` = 37L, `6` = 32L, `7` = 41L, 
    `8` = 33L, `9` = 21L, `10` = 18L, `11` = 16L, `12` = 13L, 
    `13` = 10L, `14` = 10L, `15` = 10L, `16` = 5L, `17` = 8L, 
    `18` = 3L, `19` = 7L, `20` = 1L, `21` = 4L, `22` = 2L, `23` = 5L, 
    `24` = 3L, `25` = 3L, `26` = 3L, `27` = 4L, `28` = 3L, `29` = 1L, 
    `30` = 1L, `31` = 2L, `32` = 1L, `38` = 1L, `41` = 1L), .Dim = 34L, .Dimnames = list(
        TagUsage = c("1", "2", "3", "4", "5", "6", "7", "8", 
        "9", "10", "11", "12", "13", "14", "15", "16", "17", 
        "18", "19", "20", "21", "22", "23", "24", "25", "26", 
        "27", "28", "29", "30", "31", "32", "38", "41")), class = "table"), 
    No.Tag = structure(c(0L, 0L, 37L, 0L, 1L, 0L, 0L, 0L, 0L, 
    0L, 0L, 0L, 0L, 0L, 0L), .Dim = c(5L, 3L), .Dimnames = structure(list(
        c("-2", "-1", "0", "1", NA), c("A", "G", NA)), .Names = c("", 
    "")), class = "table"), All.Tags = list(Concordant = list(
        Freqs = structure(c(0, 2, 482, 0, 0, 0, 3, 0), .Dim = c(4L, 
        2L), .Dimnames = list(c("-2", "-1", "0", "1"), c("A", 
        "G"))), N = 487), Majority = list(Freqs = structure(c(0, 
    2, 521, 0, 0, 0, 3, 0), .Dim = c(4L, 2L), .Dimnames = list(
        c("-2", "-1", "0", "1"), c("A", "G"))), N = 526)), `2` = structure(c(0, 
    0, 414, 0, 0, 0, 0, 0), .Dim = c(4L, 2L), .Dimnames = list(
        c("-2", "-1", "0", "1"), c("A", "G"))))))
