Results <-
list(`bwa.out//20220204//BlindCMMRD86_S45.sam` = list(GM29_SNP1 = list(
    All = list(Freqs = structure(c(1L, 45L, 4051L, 3L, 1L, 0L, 
    0L, 1L, 0L, 0L, 0L, 0L, 23L, 0L, 0L), .Dim = c(5L, 3L), .Dimnames = structure(list(
        c("-2", "-1", "0", "1", NA), c("A", "G", NA)), .Names = c("", 
    "")), class = "table"), N = 4125L), Tag.Distribution = structure(c(`1` = 99L, 
    `2` = 76L, `3` = 68L, `4` = 70L, `5` = 49L, `6` = 50L, `7` = 27L, 
    `8` = 27L, `9` = 31L, `10` = 18L, `11` = 13L, `12` = 15L, 
    `13` = 19L, `14` = 12L, `15` = 11L, `16` = 15L, `17` = 11L, 
    `18` = 6L, `19` = 5L, `20` = 2L, `21` = 1L, `22` = 5L, `23` = 2L, 
    `25` = 1L, `29` = 2L, `38` = 1L), .Dim = 26L, .Dimnames = list(
        TagUsage = c("1", "2", "3", "4", "5", "6", "7", "8", 
        "9", "10", "11", "12", "13", "14", "15", "16", "17", 
        "18", "19", "20", "21", "22", "23", "25", "29", "38")), class = "table"), 
    No.Tag = structure(c(0L, 0L, 106L, 0L, 0L, 0L, 0L, 0L, 0L, 
    0L, 0L, 0L, 4L, 0L, 0L), .Dim = c(5L, 3L), .Dimnames = structure(list(
        c("-2", "-1", "0", "1", NA), c("A", "G", NA)), .Names = c("", 
    "")), class = "table"), All.Tags = list(Concordant = list(
        Freqs = structure(c(0, 2, 594, 0, 0, 0, 0, 0), .Dim = c(4L, 
        2L), .Dimnames = list(c("-2", "-1", "0", "1"), c("A", 
        "G"))), N = 596), Majority = list(Freqs = structure(c(0, 
    2, 631, 0, 0, 0, 0, 0), .Dim = c(4L, 2L), .Dimnames = list(
        c("-2", "-1", "0", "1"), c("A", "G"))), N = 633)), `2` = structure(c(0, 
    0, 534, 0, 0, 0, 0, 0), .Dim = c(4L, 2L), .Dimnames = list(
        c("-2", "-1", "0", "1"), c("A", "G"))))))
