Results <-
list(`bwa.out//20220204//MLPA100_S14.sam` = list(GM11_SNP1 = list(
    All = list(Freqs = structure(c(0L, 13L, 1753L, 4L, 0L, 1L, 
    20L, 2329L, 13L, 5L, 0L, 0L, 38L, 0L, 0L), .Dim = c(5L, 3L
    ), .Dimnames = structure(list(c("-2", "-1", "0", "1", NA), 
        c("A", "G", NA)), .Names = c("", "")), class = "table"), 
        N = 4176L), Tag.Distribution = structure(c(`1` = 226L, 
    `2` = 122L, `3` = 91L, `4` = 78L, `5` = 74L, `6` = 56L, `7` = 34L, 
    `8` = 31L, `9` = 29L, `10` = 26L, `11` = 21L, `12` = 21L, 
    `13` = 9L, `14` = 10L, `15` = 5L, `16` = 1L, `17` = 5L, `18` = 3L, 
    `19` = 3L, `20` = 2L, `21` = 5L, `22` = 3L, `23` = 2L, `25` = 1L
    ), .Dim = 24L, .Dimnames = list(TagUsage = c("1", "2", "3", 
    "4", "5", "6", "7", "8", "9", "10", "11", "12", "13", "14", 
    "15", "16", "17", "18", "19", "20", "21", "22", "23", "25"
    )), class = "table"), No.Tag = structure(c(0L, 0L, 43L, 0L, 
    0L, 0L, 0L, 55L, 0L, 1L, 0L, 0L, 0L, 0L, 0L), .Dim = c(5L, 
    3L), .Dimnames = structure(list(c("-2", "-1", "0", "1", NA
    ), c("A", "G", NA)), .Names = c("", "")), class = "table"), 
    All.Tags = list(Concordant = list(Freqs = structure(c(0, 
    4, 348, 0, 0, 1, 361, 1), .Dim = c(4L, 2L), .Dimnames = list(
        c("-2", "-1", "0", "1"), c("A", "G"))), N = 715), Majority = list(
        Freqs = structure(c(0, 4, 398, 0, 0, 1, 430, 1), .Dim = c(4L, 
        2L), .Dimnames = list(c("-2", "-1", "0", "1"), c("A", 
        "G"))), N = 834)), `2` = structure(c(0, 2, 278, 0, 0, 
    0, 339, 0), .Dim = c(4L, 2L), .Dimnames = list(c("-2", "-1", 
    "0", "1"), c("A", "G"))))))
