Results <-
list(`bwa.out//20220204//BlindCMMRD42_S2.sam` = list(GM26_SNP1 = list(
    All = list(Freqs = structure(c(1L, 1L, 37L, 5373L, 15L, 1L, 
    7L, 0L, 0L, 0L, 4L, 0L, 0L, 0L, 0L, 0L, 0L, 32L, 0L, 0L, 
    0L), .Dim = c(7L, 3L), .Dimnames = structure(list(c("-3", 
    "-2", "-1", "0", "1", "2", NA), c("A", "G", NA)), .Names = c("", 
    "")), class = "table"), N = 5471L), Tag.Distribution = structure(c(`1` = 74L, 
    `2` = 24L, `3` = 26L, `4` = 14L, `5` = 4L, `6` = 9L, `7` = 9L, 
    `8` = 11L, `9` = 8L, `10` = 12L, `11` = 12L, `12` = 5L, `13` = 9L, 
    `14` = 10L, `15` = 6L, `16` = 7L, `17` = 9L, `18` = 6L, `19` = 12L, 
    `20` = 11L, `21` = 6L, `22` = 2L, `23` = 5L, `24` = 4L, `25` = 4L, 
    `26` = 7L, `27` = 3L, `28` = 3L, `29` = 6L, `30` = 4L, `31` = 3L, 
    `32` = 2L, `33` = 5L, `34` = 2L, `35` = 2L, `36` = 1L, `37` = 2L, 
    `38` = 4L, `39` = 2L, `40` = 2L, `41` = 1L, `42` = 5L, `43` = 3L, 
    `44` = 1L, `45` = 1L, `48` = 3L, `49` = 2L, `50` = 2L, `51` = 2L, 
    `52` = 1L, `53` = 2L, `54` = 1L, `59` = 1L, `67` = 1L, `87` = 1L
    ), .Dim = 55L, .Dimnames = list(TagUsage = c("1", "2", "3", 
    "4", "5", "6", "7", "8", "9", "10", "11", "12", "13", "14", 
    "15", "16", "17", "18", "19", "20", "21", "22", "23", "24", 
    "25", "26", "27", "28", "29", "30", "31", "32", "33", "34", 
    "35", "36", "37", "38", "39", "40", "41", "42", "43", "44", 
    "45", "48", "49", "50", "51", "52", "53", "54", "59", "67", 
    "87")), class = "table"), No.Tag = structure(c(0L, 0L, 0L, 
    94L, 0L, 0L, 2L, 0L, 0L, 0L, 0L, 0L, 0L, 0L, 0L, 0L, 0L, 
    2L, 0L, 0L, 0L), .Dim = c(7L, 3L), .Dimnames = structure(list(
        c("-3", "-2", "-1", "0", "1", "2", NA), c("A", "G", NA
        )), .Names = c("", "")), class = "table"), All.Tags = list(
        Concordant = list(Freqs = structure(c(0, 0, 0, 317, 0, 
        0, 0, 0, 0, 3, 0, 0), .Dim = c(6L, 2L), .Dimnames = list(
            c("-3", "-2", "-1", "0", "1", "2"), c("A", "G"))), 
            N = 320), Majority = list(Freqs = structure(c(0, 
        0, 0, 366, 0, 0, 0, 0, 0, 3, 0, 0), .Dim = c(6L, 2L), .Dimnames = list(
            c("-3", "-2", "-1", "0", "1", "2"), c("A", "G"))), 
            N = 369)), `2` = structure(c(0, 0, 0, 299, 0, 0, 
    0, 0, 0, 0, 0, 0), .Dim = c(6L, 2L), .Dimnames = list(c("-3", 
    "-2", "-1", "0", "1", "2"), c("A", "G"))))))
