Results <-
list(`bwa.out//20220204//Control28_S21.sam` = list(LR46_SNP1 = list(
    All = list(Freqs = structure(c(15L, 2728L, 3L, 5L, 0L, 4L, 
    0L, 0L, 0L, 8L, 0L, 0L), .Dim = 4:3, .Dimnames = structure(list(
        c("-1", "0", "1", NA), c("G", "T", NA)), .Names = c("", 
    "")), class = "table"), N = 2763L), Tag.Distribution = structure(c(`1` = 101L, 
    `2` = 45L, `3` = 33L, `4` = 32L, `5` = 22L, `6` = 26L, `7` = 14L, 
    `8` = 24L, `9` = 14L, `10` = 14L, `11` = 9L, `12` = 7L, `13` = 6L, 
    `14` = 10L, `15` = 6L, `16` = 5L, `17` = 4L, `18` = 9L, `19` = 5L, 
    `20` = 3L, `21` = 3L, `22` = 3L, `23` = 3L, `24` = 3L, `25` = 1L, 
    `26` = 2L, `27` = 1L, `31` = 1L, `41` = 1L), .Dim = 29L, .Dimnames = list(
        TagUsage = c("1", "2", "3", "4", "5", "6", "7", "8", 
        "9", "10", "11", "12", "13", "14", "15", "16", "17", 
        "18", "19", "20", "21", "22", "23", "24", "25", "26", 
        "27", "31", "41")), class = "table"), No.Tag = structure(c(0L, 
    115L, 0L, 1L, 0L, 1L, 0L, 0L, 0L, 4L, 0L, 0L), .Dim = 4:3, .Dimnames = structure(list(
        c("-1", "0", "1", NA), c("G", "T", NA)), .Names = c("", 
    "")), class = "table"), All.Tags = list(Concordant = list(
        Freqs = structure(c(0, 388, 0, 0, 1, 0), .Dim = 3:2, .Dimnames = list(
            c("-1", "0", "1"), c("G", "T"))), N = 389), Majority = list(
        Freqs = structure(c(0, 404, 0, 0, 1, 0), .Dim = 3:2, .Dimnames = list(
            c("-1", "0", "1"), c("G", "T"))), N = 405)), `2` = structure(c(0, 
    305, 0, 0, 0, 0), .Dim = 3:2, .Dimnames = list(c("-1", "0", 
    "1"), c("G", "T"))))))
