Results <-
list(`bwa.out//20220204//BlindCMMRD54_S13.sam` = list(LR36_SNP1 = list(
    All = list(Freqs = structure(c(0L, 0L, 0L, 6L, 0L, 0L, 0L, 
    1L, 7L, 144L, 3314L, 40L, 1L, 31L, 0L, 0L, 4L, 169L, 6L, 
    0L, 0L), .Dim = c(7L, 3L), .Dimnames = structure(list(c("-3", 
    "-2", "-1", "0", "1", "5", NA), c("A", "T", NA)), .Names = c("", 
    "")), class = "table"), N = 3723L), Tag.Distribution = structure(c(`1` = 117L, 
    `2` = 35L, `3` = 42L, `4` = 28L, `5` = 31L, `6` = 24L, `7` = 19L, 
    `8` = 23L, `9` = 12L, `10` = 7L, `11` = 8L, `12` = 11L, `13` = 7L, 
    `14` = 9L, `15` = 7L, `16` = 9L, `17` = 10L, `18` = 3L, `19` = 6L, 
    `20` = 5L, `21` = 3L, `22` = 7L, `23` = 3L, `24` = 6L, `25` = 3L, 
    `26` = 2L, `27` = 2L, `28` = 1L, `29` = 3L, `30` = 4L, `31` = 2L, 
    `32` = 4L, `33` = 1L, `34` = 1L, `39` = 1L, `42` = 1L, `45` = 1L
    ), .Dim = 37L, .Dimnames = list(TagUsage = c("1", "2", "3", 
    "4", "5", "6", "7", "8", "9", "10", "11", "12", "13", "14", 
    "15", "16", "17", "18", "19", "20", "21", "22", "23", "24", 
    "25", "26", "27", "28", "29", "30", "31", "32", "33", "34", 
    "39", "42", "45")), class = "table"), No.Tag = structure(c(0L, 
    0L, 0L, 1L, 0L, 0L, 0L, 0L, 0L, 5L, 109L, 1L, 0L, 6L, 0L, 
    0L, 1L, 26L, 2L, 0L, 0L), .Dim = c(7L, 3L), .Dimnames = structure(list(
        c("-3", "-2", "-1", "0", "1", "5", NA), c("A", "T", NA
        )), .Names = c("", "")), class = "table"), All.Tags = list(
        Concordant = list(Freqs = structure(c(0, 0, 0, 4, 0, 
        0, 0, 0, 6, 361, 2, 0), .Dim = c(6L, 2L), .Dimnames = list(
            c("-3", "-2", "-1", "0", "1", "5"), c("A", "T"))), 
            N = 373), Majority = list(Freqs = structure(c(0, 
        0, 0, 4, 0, 0, 0, 0, 10, 429, 3, 0), .Dim = c(6L, 2L), .Dimnames = list(
            c("-3", "-2", "-1", "0", "1", "5"), c("A", "T"))), 
            N = 446)), `2` = structure(c(0, 0, 0, 0, 0, 0, 0, 
    0, 7, 329, 3, 0), .Dim = c(6L, 2L), .Dimnames = list(c("-3", 
    "-2", "-1", "0", "1", "5"), c("A", "T"))))))
