Results <-
list(`bwa.out//20220204//BlindCMMRD80_S39.sam` = list(LR48_SNP1 = list(
    All = list(Freqs = structure(c(6L, 147L, 4937L, 55L, 2L, 
    27L, 0L, 0L, 1L, 0L, 0L, 0L, 0L, 0L, 76L, 0L, 0L, 0L), .Dim = c(6L, 
    3L), .Dimnames = structure(list(c("-2", "-1", "0", "1", "2", 
    NA), c("C", "T", NA)), .Names = c("", "")), class = "table"), 
        N = 5251L), Tag.Distribution = structure(c(`1` = 80L, 
    `2` = 43L, `3` = 39L, `4` = 28L, `5` = 34L, `6` = 33L, `7` = 30L, 
    `8` = 30L, `9` = 15L, `10` = 21L, `11` = 24L, `12` = 15L, 
    `13` = 9L, `14` = 15L, `15` = 10L, `16` = 18L, `17` = 12L, 
    `18` = 13L, `19` = 11L, `20` = 6L, `21` = 6L, `22` = 6L, 
    `23` = 6L, `24` = 8L, `25` = 4L, `26` = 8L, `27` = 5L, `28` = 5L, 
    `29` = 2L, `30` = 1L, `33` = 2L, `34` = 2L, `37` = 1L, `40` = 1L, 
    `41` = 2L, `43` = 1L, `45` = 1L), .Dim = 37L, .Dimnames = list(
        TagUsage = c("1", "2", "3", "4", "5", "6", "7", "8", 
        "9", "10", "11", "12", "13", "14", "15", "16", "17", 
        "18", "19", "20", "21", "22", "23", "24", "25", "26", 
        "27", "28", "29", "30", "33", "34", "37", "40", "41", 
        "43", "45")), class = "table"), No.Tag = structure(c(0L, 
    12L, 58L, 1L, 0L, 0L, 0L, 0L, 0L, 0L, 0L, 0L, 0L, 0L, 6L, 
    0L, 0L, 0L), .Dim = c(6L, 3L), .Dimnames = structure(list(
        c("-2", "-1", "0", "1", "2", NA), c("C", "T", NA)), .Names = c("", 
    "")), class = "table"), All.Tags = list(Concordant = list(
        Freqs = structure(c(0, 1, 409, 1, 0, 0, 0, 0, 0, 0), .Dim = c(5L, 
        2L), .Dimnames = list(c("-2", "-1", "0", "1", "2"), c("C", 
        "T"))), N = 411), Majority = list(Freqs = structure(c(0, 
    2, 534, 1, 0, 0, 0, 0, 0, 0), .Dim = c(5L, 2L), .Dimnames = list(
        c("-2", "-1", "0", "1", "2"), c("C", "T"))), N = 537)), 
    `2` = structure(c(0, 1, 459, 1, 0, 0, 0, 0, 0, 0), .Dim = c(5L, 
    2L), .Dimnames = list(c("-2", "-1", "0", "1", "2"), c("C", 
    "T"))))))
