Results <-
list(`bwa.out//20220204//BlindCMMRD71_S30.sam` = list(LR40_SNP1 = list(
    All = list(Freqs = structure(c(0L, 0L, 2L, 0L, 0L, 1L, 87L, 
    6611L, 32L, 11L, 0L, 0L, 35L, 0L, 0L), .Dim = c(5L, 3L), .Dimnames = structure(list(
        c("-3", "-1", "0", "1", NA), c("A", "C", NA)), .Names = c("", 
    "")), class = "table"), N = 6779L), Tag.Distribution = structure(c(`1` = 97L, 
    `2` = 30L, `3` = 18L, `4` = 16L, `5` = 24L, `6` = 24L, `7` = 27L, 
    `8` = 17L, `9` = 22L, `10` = 15L, `11` = 15L, `12` = 19L, 
    `13` = 11L, `14` = 14L, `15` = 13L, `16` = 15L, `17` = 14L, 
    `18` = 11L, `19` = 10L, `20` = 8L, `21` = 7L, `22` = 2L, 
    `23` = 5L, `24` = 4L, `25` = 4L, `26` = 3L, `27` = 6L, `28` = 4L, 
    `29` = 9L, `30` = 5L, `31` = 4L, `32` = 5L, `33` = 2L, `34` = 3L, 
    `35` = 2L, `37` = 2L, `38` = 2L, `39` = 4L, `40` = 2L, `41` = 1L, 
    `42` = 4L, `43` = 2L, `44` = 4L, `45` = 2L, `47` = 1L, `48` = 1L, 
    `49` = 2L, `51` = 2L, `57` = 1L, `64` = 1L, `67` = 1L, `75` = 1L, 
    `76` = 1L, `83` = 1L, `88` = 1L), .Dim = 55L, .Dimnames = list(
        TagUsage = c("1", "2", "3", "4", "5", "6", "7", "8", 
        "9", "10", "11", "12", "13", "14", "15", "16", "17", 
        "18", "19", "20", "21", "22", "23", "24", "25", "26", 
        "27", "28", "29", "30", "31", "32", "33", "34", "35", 
        "37", "38", "39", "40", "41", "42", "43", "44", "45", 
        "47", "48", "49", "51", "57", "64", "67", "75", "76", 
        "83", "88")), class = "table"), No.Tag = structure(c(0L, 
    0L, 0L, 0L, 0L, 0L, 0L, 73L, 0L, 0L, 0L, 0L, 2L, 0L, 0L), .Dim = c(5L, 
    3L), .Dimnames = structure(list(c("-3", "-1", "0", "1", NA
    ), c("A", "C", NA)), .Names = c("", "")), class = "table"), 
    All.Tags = list(Concordant = list(Freqs = structure(c(0, 
    0, 0, 0, 0, 5, 437, 0), .Dim = c(4L, 2L), .Dimnames = list(
        c("-3", "-1", "0", "1"), c("A", "C"))), N = 442), Majority = list(
        Freqs = structure(c(0, 0, 0, 0, 0, 6, 508, 0), .Dim = c(4L, 
        2L), .Dimnames = list(c("-3", "-1", "0", "1"), c("A", 
        "C"))), N = 514)), `2` = structure(c(0, 0, 0, 0, 0, 3, 
    420, 0), .Dim = c(4L, 2L), .Dimnames = list(c("-3", "-1", 
    "0", "1"), c("A", "C"))))))
