Results <-
list(`bwa.out//20220204//BlindCMMRD67_S26.sam` = list(GM07_SNP1 = list(
    All = list(Freqs = structure(c(0L, 0L, 3L, 0L, 0L, 3L, 224L, 
    4218L, 106L, 50L, 0L, 3L, 60L, 3L, 0L), .Dim = c(5L, 3L), .Dimnames = structure(list(
        c("-2", "-1", "0", "1", NA), c("A", "G", NA)), .Names = c("", 
    "")), class = "table"), N = 4670L), Tag.Distribution = structure(c(`1` = 113L, 
    `2` = 63L, `3` = 51L, `4` = 51L, `5` = 41L, `6` = 40L, `7` = 35L, 
    `8` = 30L, `9` = 28L, `10` = 27L, `11` = 18L, `12` = 23L, 
    `13` = 10L, `14` = 12L, `15` = 6L, `16` = 7L, `17` = 6L, 
    `18` = 6L, `19` = 6L, `20` = 4L, `21` = 10L, `22` = 7L, `23` = 3L, 
    `24` = 2L, `25` = 2L, `26` = 4L, `27` = 3L, `28` = 1L, `29` = 3L, 
    `31` = 1L, `33` = 2L, `35` = 1L), .Dim = 32L, .Dimnames = list(
        TagUsage = c("1", "2", "3", "4", "5", "6", "7", "8", 
        "9", "10", "11", "12", "13", "14", "15", "16", "17", 
        "18", "19", "20", "21", "22", "23", "24", "25", "26", 
        "27", "28", "29", "31", "33", "35")), class = "table"), 
    No.Tag = structure(c(0L, 0L, 0L, 0L, 0L, 0L, 7L, 255L, 2L, 
    10L, 0L, 1L, 6L, 0L, 0L), .Dim = c(5L, 3L), .Dimnames = structure(list(
        c("-2", "-1", "0", "1", NA), c("A", "G", NA)), .Names = c("", 
    "")), class = "table"), All.Tags = list(Concordant = list(
        Freqs = structure(c(0, 0, 1, 0, 0, 7, 398, 6), .Dim = c(4L, 
        2L), .Dimnames = list(c("-2", "-1", "0", "1"), c("A", 
        "G"))), N = 412), Majority = list(Freqs = structure(c(0, 
    0, 1, 0, 0, 9, 583, 6), .Dim = c(4L, 2L), .Dimnames = list(
        c("-2", "-1", "0", "1"), c("A", "G"))), N = 599)), `2` = structure(c(0, 
    0, 0, 0, 0, 5, 488, 2), .Dim = c(4L, 2L), .Dimnames = list(
        c("-2", "-1", "0", "1"), c("A", "G"))))))
