Results <-
list(`bwa.out//20220204//BlindCMMRD58_S17.sam` = list(GM11_SNP1 = list(
    All = list(Freqs = structure(c(0L, 10L, 0L, 0L, 104L, 6929L, 
    54L, 3L, 1L, 40L, 1L, 0L), .Dim = 4:3, .Dimnames = structure(list(
        c("-1", "0", "1", NA), c("A", "G", NA)), .Names = c("", 
    "")), class = "table"), N = 7142L), Tag.Distribution = structure(c(`1` = 89L, 
    `2` = 30L, `3` = 15L, `4` = 13L, `5` = 11L, `6` = 17L, `7` = 9L, 
    `8` = 8L, `9` = 17L, `10` = 10L, `11` = 10L, `12` = 6L, `13` = 9L, 
    `14` = 8L, `15` = 12L, `16` = 7L, `17` = 14L, `18` = 4L, 
    `19` = 8L, `20` = 4L, `21` = 11L, `22` = 5L, `23` = 9L, `24` = 14L, 
    `25` = 4L, `26` = 1L, `27` = 5L, `28` = 1L, `29` = 1L, `30` = 3L, 
    `31` = 2L, `32` = 3L, `33` = 2L, `34` = 3L, `35` = 1L, `36` = 1L, 
    `37` = 2L, `38` = 1L, `39` = 1L, `40` = 1L, `41` = 1L, `43` = 1L, 
    `44` = 1L, `45` = 3L, `46` = 2L, `47` = 1L, `49` = 2L, `50` = 3L, 
    `51` = 3L, `53` = 3L, `54` = 1L, `57` = 1L, `60` = 1L, `61` = 1L, 
    `63` = 1L, `65` = 3L, `66` = 4L, `67` = 2L, `68` = 2L, `69` = 4L, 
    `70` = 2L, `72` = 1L, `73` = 1L, `75` = 1L, `76` = 1L, `77` = 1L, 
    `84` = 1L, `165` = 1L), .Dim = 68L, .Dimnames = list(TagUsage = c("1", 
    "2", "3", "4", "5", "6", "7", "8", "9", "10", "11", "12", 
    "13", "14", "15", "16", "17", "18", "19", "20", "21", "22", 
    "23", "24", "25", "26", "27", "28", "29", "30", "31", "32", 
    "33", "34", "35", "36", "37", "38", "39", "40", "41", "43", 
    "44", "45", "46", "47", "49", "50", "51", "53", "54", "57", 
    "60", "61", "63", "65", "66", "67", "68", "69", "70", "72", 
    "73", "75", "76", "77", "84", "165")), class = "table"), 
    No.Tag = structure(c(0L, 1L, 0L, 0L, 3L, 201L, 2L, 0L, 0L, 
    3L, 0L, 0L), .Dim = 4:3, .Dimnames = structure(list(c("-1", 
    "0", "1", NA), c("A", "G", NA)), .Names = c("", "")), class = "table"), 
    All.Tags = list(Concordant = list(Freqs = structure(c(0, 
    6, 0, 4, 349, 1), .Dim = 3:2, .Dimnames = list(c("-1", "0", 
    "1"), c("A", "G"))), N = 360), Majority = list(Freqs = structure(c(0, 
    6, 0, 4, 400, 3), .Dim = 3:2, .Dimnames = list(c("-1", "0", 
    "1"), c("A", "G"))), N = 413)), `2` = structure(c(0, 0, 0, 
    2, 327, 2), .Dim = 3:2, .Dimnames = list(c("-1", "0", "1"
    ), c("A", "G"))))))
