Results <-
list(`bwa.out//20220204//MLPA101_S15.sam` = list(LR20_SNP1 = list(
    All = list(Freqs = structure(c(0L, 3L, 0L, 1L, 6L, 3342L, 
    6L, 3L, 0L, 39L, 0L, 0L), .Dim = 4:3, .Dimnames = structure(list(
        c("-1", "0", "1", NA), c("A", "G", NA)), .Names = c("", 
    "")), class = "table"), N = 3400L), Tag.Distribution = structure(c(`1` = 156L, 
    `2` = 73L, `3` = 59L, `4` = 42L, `5` = 40L, `6` = 32L, `7` = 23L, 
    `8` = 13L, `9` = 21L, `10` = 26L, `11` = 12L, `12` = 12L, 
    `13` = 9L, `14` = 8L, `15` = 10L, `16` = 4L, `17` = 4L, `18` = 7L, 
    `19` = 3L, `20` = 1L, `21` = 5L, `22` = 3L, `23` = 1L, `24` = 1L, 
    `25` = 1L, `26` = 2L, `27` = 2L, `28` = 1L, `29` = 2L, `31` = 1L, 
    `35` = 1L, `38` = 1L, `41` = 1L), .Dim = 33L, .Dimnames = list(
        TagUsage = c("1", "2", "3", "4", "5", "6", "7", "8", 
        "9", "10", "11", "12", "13", "14", "15", "16", "17", 
        "18", "19", "20", "21", "22", "23", "24", "25", "26", 
        "27", "28", "29", "31", "35", "38", "41")), class = "table"), 
    No.Tag = structure(c(0L, 0L, 0L, 0L, 0L, 70L, 0L, 2L, 0L, 
    5L, 0L, 0L), .Dim = 4:3, .Dimnames = structure(list(c("-1", 
    "0", "1", NA), c("A", "G", NA)), .Names = c("", "")), class = "table"), 
    All.Tags = list(Concordant = list(Freqs = structure(c(0, 
    2, 0, 0, 559, 0), .Dim = 3:2, .Dimnames = list(c("-1", "0", 
    "1"), c("A", "G"))), N = 561), Majority = list(Freqs = structure(c(0, 
    2, 0, 0, 568, 0), .Dim = 3:2, .Dimnames = list(c("-1", "0", 
    "1"), c("A", "G"))), N = 570)), `2` = structure(c(0, 0, 0, 
    0, 421, 0), .Dim = 3:2, .Dimnames = list(c("-1", "0", "1"
    ), c("A", "G"))))))
