Results <-
list(`bwa.out//20220204//BlindCMMRD70_S29.sam` = list(GM17_SNP1 = list(
    All = list(Freqs = structure(c(0L, 3L, 0L, 0L, 38L, 4708L, 
    18L, 2L, 0L, 27L, 0L, 0L), .Dim = 4:3, .Dimnames = structure(list(
        c("-1", "0", "1", NA), c("C", "T", NA)), .Names = c("", 
    "")), class = "table"), N = 4796L), Tag.Distribution = structure(c(`1` = 92L, 
    `2` = 40L, `3` = 38L, `4` = 40L, `5` = 28L, `6` = 34L, `7` = 16L, 
    `8` = 13L, `9` = 19L, `10` = 18L, `11` = 19L, `12` = 12L, 
    `13` = 17L, `14` = 10L, `15` = 6L, `16` = 13L, `17` = 12L, 
    `18` = 9L, `19` = 12L, `20` = 8L, `21` = 7L, `22` = 4L, `23` = 4L, 
    `24` = 2L, `25` = 4L, `26` = 3L, `27` = 2L, `28` = 5L, `29` = 1L, 
    `30` = 2L, `31` = 3L, `32` = 3L, `35` = 1L, `37` = 3L, `39` = 1L, 
    `43` = 1L, `45` = 3L, `46` = 1L, `48` = 1L, `49` = 1L, `52` = 1L
    ), .Dim = 41L, .Dimnames = list(TagUsage = c("1", "2", "3", 
    "4", "5", "6", "7", "8", "9", "10", "11", "12", "13", "14", 
    "15", "16", "17", "18", "19", "20", "21", "22", "23", "24", 
    "25", "26", "27", "28", "29", "30", "31", "32", "35", "37", 
    "39", "43", "45", "46", "48", "49", "52")), class = "table"), 
    No.Tag = structure(c(0L, 1L, 0L, 0L, 0L, 87L, 0L, 0L, 0L, 
    2L, 0L, 0L), .Dim = 4:3, .Dimnames = structure(list(c("-1", 
    "0", "1", NA), c("C", "T", NA)), .Names = c("", "")), class = "table"), 
    All.Tags = list(Concordant = list(Freqs = structure(c(0, 
    2, 0, 1, 449, 0), .Dim = 3:2, .Dimnames = list(c("-1", "0", 
    "1"), c("C", "T"))), N = 452), Majority = list(Freqs = structure(c(0, 
    2, 0, 1, 499, 0), .Dim = 3:2, .Dimnames = list(c("-1", "0", 
    "1"), c("C", "T"))), N = 502)), `2` = structure(c(0, 0, 0, 
    0, 415, 0), .Dim = 3:2, .Dimnames = list(c("-1", "0", "1"
    ), c("C", "T"))))))
