Results <-
list(`bwa.out//20220204//BlindCMMRD63_S22.sam` = list(GM17_SNP1 = list(
    All = list(Freqs = structure(c(29L, 2084L, 5L, 3L, 28L, 1787L, 
    9L, 1L, 0L, 25L, 0L, 0L), .Dim = 4:3, .Dimnames = structure(list(
        c("-1", "0", "1", NA), c("C", "T", NA)), .Names = c("", 
    "")), class = "table"), N = 3971L), Tag.Distribution = structure(c(`1` = 90L, 
    `2` = 46L, `3` = 36L, `4` = 30L, `5` = 41L, `6` = 31L, `7` = 24L, 
    `8` = 23L, `9` = 19L, `10` = 13L, `11` = 16L, `12` = 10L, 
    `13` = 15L, `14` = 12L, `15` = 7L, `16` = 6L, `17` = 9L, 
    `18` = 7L, `19` = 6L, `20` = 8L, `21` = 9L, `22` = 6L, `23` = 3L, 
    `24` = 5L, `25` = 4L, `26` = 2L, `27` = 2L, `28` = 2L, `29` = 3L, 
    `30` = 2L, `31` = 1L, `32` = 1L, `34` = 1L), .Dim = 33L, .Dimnames = list(
        TagUsage = c("1", "2", "3", "4", "5", "6", "7", "8", 
        "9", "10", "11", "12", "13", "14", "15", "16", "17", 
        "18", "19", "20", "21", "22", "23", "24", "25", "26", 
        "27", "28", "29", "30", "31", "32", "34")), class = "table"), 
    No.Tag = structure(c(1L, 56L, 0L, 0L, 0L, 25L, 0L, 0L, 0L, 
    6L, 0L, 0L), .Dim = 4:3, .Dimnames = structure(list(c("-1", 
    "0", "1", NA), c("C", "T", NA)), .Names = c("", "")), class = "table"), 
    All.Tags = list(Concordant = list(Freqs = structure(c(0, 
    217, 0, 1, 197, 0), .Dim = 3:2, .Dimnames = list(c("-1", 
    "0", "1"), c("C", "T"))), N = 415), Majority = list(Freqs = structure(c(0, 
    254, 0, 1, 232, 0), .Dim = 3:2, .Dimnames = list(c("-1", 
    "0", "1"), c("C", "T"))), N = 487)), `2` = structure(c(0, 
    207, 0, 1, 191, 0), .Dim = 3:2, .Dimnames = list(c("-1", 
    "0", "1"), c("C", "T"))))))
