Results <-
list(`bwa.out//20220204//BlindCMMRD43_S3.sam` = list(LR20_SNP1 = list(
    All = list(Freqs = structure(c(2L, 1411L, 2L, 0L, 1L, 1396L, 
    3L, 1L, 0L, 1L, 0L, 0L, 0L, 12L, 0L, 0L), .Dim = c(4L, 4L
    ), .Dimnames = structure(list(c("-1", "0", "1", NA), c("A", 
    "G", "T", NA)), .Names = c("", "")), class = "table"), N = 2829L), 
    Tag.Distribution = structure(c(`1` = 94L, `2` = 40L, `3` = 23L, 
    `4` = 27L, `5` = 23L, `6` = 24L, `7` = 20L, `8` = 19L, `9` = 15L, 
    `10` = 4L, `11` = 5L, `12` = 8L, `13` = 14L, `14` = 6L, `15` = 6L, 
    `16` = 3L, `17` = 3L, `18` = 8L, `19` = 3L, `20` = 6L, `21` = 4L, 
    `22` = 1L, `23` = 3L, `24` = 4L, `25` = 4L, `26` = 1L, `28` = 3L, 
    `29` = 1L, `31` = 3L, `32` = 1L, `37` = 1L, `38` = 2L), .Dim = 32L, .Dimnames = list(
        TagUsage = c("1", "2", "3", "4", "5", "6", "7", "8", 
        "9", "10", "11", "12", "13", "14", "15", "16", "17", 
        "18", "19", "20", "21", "22", "23", "24", "25", "26", 
        "28", "29", "31", "32", "37", "38")), class = "table"), 
    No.Tag = structure(c(0L, 29L, 0L, 0L, 0L, 46L, 0L, 0L, 0L, 
    0L, 0L, 0L, 0L, 2L, 0L, 0L), .Dim = c(4L, 4L), .Dimnames = structure(list(
        c("-1", "0", "1", NA), c("A", "G", "T", NA)), .Names = c("", 
    "")), class = "table"), All.Tags = list(Concordant = list(
        Freqs = structure(c(0, 181, 0, 0, 173, 0, 0, 1, 0), .Dim = c(3L, 
        3L), .Dimnames = list(c("-1", "0", "1"), c("A", "G", 
        "T"))), N = 355), Majority = list(Freqs = structure(c(0, 
    193, 0, 0, 182, 0, 0, 1, 0), .Dim = c(3L, 3L), .Dimnames = list(
        c("-1", "0", "1"), c("A", "G", "T"))), N = 376)), `2` = structure(c(0, 
    142, 0, 0, 143, 0, 0, 0, 0), .Dim = c(3L, 3L), .Dimnames = list(
        c("-1", "0", "1"), c("A", "G", "T"))))))
