Results <-
list(`bwa.out//20220204//BlindCMMRD57_S16.sam` = list(LR44_SNP1 = list(
    All = list(Freqs = structure(c(0L, 0L, 0L, 1L, 1L, 0L, 0L, 
    0L, 1L, 3L, 9L, 392L, 4515L, 62L, 5L, 8L, 0L, 0L, 0L, 0L, 
    5L, 0L, 0L, 0L, 0L, 0L, 0L, 4L, 103L, 3L, 0L, 0L), .Dim = c(8L, 
    4L), .Dimnames = structure(list(c("-4", "-3", "-2", "-1", 
    "0", "1", "2", NA), c("A", "C", "T", NA)), .Names = c("", 
    "")), class = "table"), N = 5112L), Tag.Distribution = structure(c(`1` = 97L, 
    `2` = 79L, `3` = 61L, `4` = 50L, `5` = 50L, `6` = 36L, `7` = 35L, 
    `8` = 28L, `9` = 24L, `10` = 19L, `11` = 16L, `12` = 16L, 
    `13` = 13L, `14` = 14L, `15` = 10L, `16` = 20L, `17` = 14L, 
    `18` = 5L, `19` = 7L, `20` = 7L, `21` = 8L, `22` = 10L, `23` = 3L, 
    `24` = 6L, `25` = 4L, `26` = 3L, `27` = 1L, `29` = 1L, `30` = 3L, 
    `31` = 3L, `33` = 1L, `39` = 2L, `40` = 1L, `42` = 1L), .Dim = 34L, .Dimnames = list(
        TagUsage = c("1", "2", "3", "4", "5", "6", "7", "8", 
        "9", "10", "11", "12", "13", "14", "15", "16", "17", 
        "18", "19", "20", "21", "22", "23", "24", "25", "26", 
        "27", "29", "30", "31", "33", "39", "40", "42")), class = "table"), 
    No.Tag = structure(c(0L, 0L, 0L, 0L, 0L, 0L, 0L, 0L, 0L, 
    0L, 1L, 8L, 103L, 0L, 1L, 0L, 0L, 0L, 0L, 0L, 0L, 0L, 0L, 
    0L, 0L, 0L, 0L, 1L, 4L, 0L, 0L, 0L), .Dim = c(8L, 4L), .Dimnames = structure(list(
        c("-4", "-3", "-2", "-1", "0", "1", "2", NA), c("A", 
        "C", "T", NA)), .Names = c("", "")), class = "table"), 
    All.Tags = list(Concordant = list(Freqs = structure(c(0, 
    0, 0, 0, 0, 0, 0, 0, 0, 0, 13, 369, 2, 0, 0, 0, 0, 0, 3, 
    0, 0), .Dim = c(7L, 3L), .Dimnames = list(c("-4", "-3", "-2", 
    "-1", "0", "1", "2"), c("A", "C", "T"))), N = 387), Majority = list(
        Freqs = structure(c(0, 0, 0, 0, 0, 0, 0, 0, 0, 0, 21, 
        602, 2, 0, 0, 0, 0, 0, 3, 0, 0), .Dim = c(7L, 3L), .Dimnames = list(
            c("-4", "-3", "-2", "-1", "0", "1", "2"), c("A", 
            "C", "T"))), N = 628)), `2` = structure(c(0, 0, 0, 
    0, 0, 0, 0, 0, 0, 0, 14, 520, 1, 0, 0, 0, 0, 0, 0, 0, 0), .Dim = c(7L, 
    3L), .Dimnames = list(c("-4", "-3", "-2", "-1", "0", "1", 
    "2"), c("A", "C", "T"))))))
