Results <-
list(`bwa.out//20220204//BlindCMMRD82_S41.sam` = list(LR46_SNP1 = list(
    All = list(Freqs = structure(c(0L, 1L, 0L, 0L, 0L, 2L, 0L, 
    0L, 11L, 2329L, 7L, 2L, 0L, 7L, 0L, 0L), .Dim = c(4L, 4L), .Dimnames = structure(list(
        c("-1", "0", "1", NA), c("-", "G", "T", NA)), .Names = c("", 
    "")), class = "table"), N = 2359L), Tag.Distribution = structure(c(`1` = 56L, 
    `2` = 22L, `3` = 31L, `4` = 22L, `5` = 15L, `6` = 25L, `7` = 17L, 
    `8` = 19L, `9` = 10L, `10` = 12L, `11` = 14L, `12` = 8L, 
    `13` = 8L, `14` = 3L, `15` = 7L, `16` = 6L, `17` = 7L, `18` = 3L, 
    `19` = 4L, `20` = 2L, `21` = 2L, `22` = 5L, `23` = 2L, `24` = 4L, 
    `25` = 2L, `27` = 1L, `29` = 1L, `32` = 1L, `35` = 1L), .Dim = 29L, .Dimnames = list(
        TagUsage = c("1", "2", "3", "4", "5", "6", "7", "8", 
        "9", "10", "11", "12", "13", "14", "15", "16", "17", 
        "18", "19", "20", "21", "22", "23", "24", "25", "27", 
        "29", "32", "35")), class = "table"), No.Tag = structure(c(0L, 
    0L, 0L, 0L, 0L, 0L, 0L, 0L, 0L, 18L, 0L, 1L, 0L, 0L, 0L, 
    0L), .Dim = c(4L, 4L), .Dimnames = structure(list(c("-1", 
    "0", "1", NA), c("-", "G", "T", NA)), .Names = c("", "")), class = "table"), 
    All.Tags = list(Concordant = list(Freqs = structure(c(0, 
    0, 0, 0, 1, 0, 0, 290, 0), .Dim = c(3L, 3L), .Dimnames = list(
        c("-1", "0", "1"), c("-", "G", "T"))), N = 291), Majority = list(
        Freqs = structure(c(0, 0, 0, 0, 1, 0, 0, 307, 0), .Dim = c(3L, 
        3L), .Dimnames = list(c("-1", "0", "1"), c("-", "G", 
        "T"))), N = 308)), `2` = structure(c(0, 0, 0, 0, 0, 0, 
    0, 254, 0), .Dim = c(3L, 3L), .Dimnames = list(c("-1", "0", 
    "1"), c("-", "G", "T"))))))
