Results <-
list(`bwa.out//20220204//BlindCMMRD94_S53.sam` = list(GM14_SNP1 = list(
    All = list(Freqs = structure(c(3L, 46L, 1448L, 3L, 2L, 0L, 
    29L, 1579L, 2L, 0L, 0L, 0L, 23L, 0L, 0L), .Dim = c(5L, 3L
    ), .Dimnames = structure(list(c("-2", "-1", "0", "1", NA), 
        c("C", "T", NA)), .Names = c("", "")), class = "table"), 
        N = 3135L), Tag.Distribution = structure(c(`1` = 85L, 
    `2` = 47L, `3` = 38L, `4` = 23L, `5` = 22L, `6` = 19L, `7` = 26L, 
    `8` = 23L, `9` = 13L, `10` = 16L, `11` = 13L, `12` = 7L, 
    `13` = 4L, `14` = 10L, `15` = 11L, `16` = 9L, `17` = 7L, 
    `18` = 6L, `19` = 5L, `20` = 9L, `21` = 7L, `22` = 5L, `23` = 2L, 
    `24` = 2L, `25` = 3L, `26` = 2L, `27` = 1L, `28` = 2L, `40` = 1L
    ), .Dim = 29L, .Dimnames = list(TagUsage = c("1", "2", "3", 
    "4", "5", "6", "7", "8", "9", "10", "11", "12", "13", "14", 
    "15", "16", "17", "18", "19", "20", "21", "22", "23", "24", 
    "25", "26", "27", "28", "40")), class = "table"), No.Tag = structure(c(0L, 
    2L, 15L, 0L, 0L, 0L, 0L, 33L, 0L, 0L, 0L, 0L, 2L, 0L, 0L), .Dim = c(5L, 
    3L), .Dimnames = structure(list(c("-2", "-1", "0", "1", NA
    ), c("C", "T", NA)), .Names = c("", "")), class = "table"), 
    All.Tags = list(Concordant = list(Freqs = structure(c(0, 
    2, 156, 0, 0, 1, 185, 0), .Dim = c(4L, 2L), .Dimnames = list(
        c("-2", "-1", "0", "1"), c("C", "T"))), N = 344), Majority = list(
        Freqs = structure(c(0, 2, 194, 0, 0, 2, 215, 0), .Dim = c(4L, 
        2L), .Dimnames = list(c("-2", "-1", "0", "1"), c("C", 
        "T"))), N = 413)), `2` = structure(c(0, 0, 158, 0, 0, 
    1, 172, 0), .Dim = c(4L, 2L), .Dimnames = list(c("-2", "-1", 
    "0", "1"), c("C", "T"))))))
