Results <-
list(`bwa.out//20220204//BlindCMMRD76_S35.sam` = list(LR48_SNP1 = list(
    All = list(Freqs = structure(c(1L, 4L, 358L, 6405L, 65L, 
    2L, 32L, 0L, 0L, 0L, 125L, 1L, 0L, 0L), .Dim = c(7L, 2L), .Dimnames = structure(list(
        c("-3", "-2", "-1", "0", "1", "2", NA), c("C", NA)), .Names = c("", 
    "")), class = "table"), N = 6993L), Tag.Distribution = structure(c(`1` = 91L, 
    `2` = 19L, `3` = 23L, `4` = 14L, `5` = 14L, `6` = 24L, `7` = 22L, 
    `8` = 17L, `9` = 16L, `10` = 15L, `11` = 15L, `12` = 13L, 
    `13` = 18L, `14` = 8L, `15` = 11L, `16` = 10L, `17` = 12L, 
    `18` = 6L, `19` = 13L, `20` = 10L, `21` = 9L, `22` = 10L, 
    `23` = 7L, `24` = 6L, `25` = 8L, `26` = 8L, `27` = 11L, `28` = 9L, 
    `29` = 7L, `30` = 3L, `31` = 2L, `32` = 4L, `33` = 6L, `34` = 5L, 
    `35` = 3L, `36` = 1L, `37` = 3L, `38` = 2L, `39` = 4L, `40` = 3L, 
    `41` = 1L, `42` = 1L, `43` = 1L, `45` = 3L, `46` = 2L, `47` = 1L, 
    `49` = 1L, `51` = 1L, `53` = 1L, `56` = 1L, `57` = 2L, `65` = 1L, 
    `71` = 1L, `81` = 1L), .Dim = 54L, .Dimnames = list(TagUsage = c("1", 
    "2", "3", "4", "5", "6", "7", "8", "9", "10", "11", "12", 
    "13", "14", "15", "16", "17", "18", "19", "20", "21", "22", 
    "23", "24", "25", "26", "27", "28", "29", "30", "31", "32", 
    "33", "34", "35", "36", "37", "38", "39", "40", "41", "42", 
    "43", "45", "46", "47", "49", "51", "53", "56", "57", "65", 
    "71", "81")), class = "table"), No.Tag = structure(c(0L, 
    0L, 4L, 108L, 2L, 0L, 1L, 0L, 0L, 0L, 9L, 0L, 0L, 0L), .Dim = c(7L, 
    2L), .Dimnames = structure(list(c("-3", "-2", "-1", "0", 
    "1", "2", NA), c("C", NA)), .Names = c("", "")), class = "table"), 
    All.Tags = list(Concordant = list(Freqs = structure(c(0, 
    0, 12, 323, 0, 0), .Dim = c(6L, 1L), .Dimnames = list(c("-3", 
    "-2", "-1", "0", "1", "2"), "C")), N = 335), Majority = list(
        Freqs = structure(c(0, 0, 14, 474, 0, 0), .Dim = c(6L, 
        1L), .Dimnames = list(c("-3", "-2", "-1", "0", "1", "2"
        ), "C")), N = 488)), `2` = structure(c(0, 0, 9, 399, 
    0, 0), .Dim = c(6L, 1L), .Dimnames = list(c("-3", "-2", "-1", 
    "0", "1", "2"), "C")))))
