Results <-
list(`bwa.out//20220204//MLPA99_S13.sam` = list(GM01_SNP1 = list(
    All = list(Freqs = structure(c(33L, 3301L, 12L, 5L, 34L, 
    3293L, 6L, 6L, 1L, 88L, 0L, 0L), .Dim = 4:3, .Dimnames = structure(list(
        c("-1", "0", "1", NA), c("A", "G", NA)), .Names = c("", 
    "")), class = "table"), N = 6779L), Tag.Distribution = structure(c(`1` = 112L, 
    `2` = 46L, `3` = 29L, `4` = 36L, `5` = 23L, `6` = 29L, `7` = 22L, 
    `8` = 22L, `9` = 13L, `10` = 17L, `11` = 26L, `12` = 20L, 
    `13` = 23L, `14` = 17L, `15` = 12L, `16` = 11L, `17` = 9L, 
    `18` = 7L, `19` = 11L, `20` = 7L, `21` = 8L, `22` = 9L, `23` = 5L, 
    `24` = 5L, `25` = 9L, `26` = 6L, `27` = 3L, `28` = 5L, `30` = 7L, 
    `31` = 4L, `32` = 4L, `33` = 5L, `34` = 1L, `35` = 3L, `36` = 1L, 
    `38` = 1L, `39` = 7L, `40` = 5L, `41` = 1L, `42` = 1L, `44` = 3L, 
    `47` = 1L, `49` = 2L, `50` = 1L, `51` = 1L, `53` = 1L, `54` = 1L, 
    `55` = 1L, `58` = 1L), .Dim = 49L, .Dimnames = list(TagUsage = c("1", 
    "2", "3", "4", "5", "6", "7", "8", "9", "10", "11", "12", 
    "13", "14", "15", "16", "17", "18", "19", "20", "21", "22", 
    "23", "24", "25", "26", "27", "28", "30", "31", "32", "33", 
    "34", "35", "36", "38", "39", "40", "41", "42", "44", "47", 
    "49", "50", "51", "53", "54", "55", "58")), class = "table"), 
    No.Tag = structure(c(0L, 98L, 1L, 2L, 3L, 84L, 0L, 0L, 0L, 
    6L, 0L, 0L), .Dim = 4:3, .Dimnames = structure(list(c("-1", 
    "0", "1", NA), c("A", "G", NA)), .Names = c("", "")), class = "table"), 
    All.Tags = list(Concordant = list(Freqs = structure(c(1, 
    243, 1, 3, 246, 0), .Dim = 3:2, .Dimnames = list(c("-1", 
    "0", "1"), c("A", "G"))), N = 494), Majority = list(Freqs = structure(c(1, 
    290, 1, 3, 288, 0), .Dim = 3:2, .Dimnames = list(c("-1", 
    "0", "1"), c("A", "G"))), N = 583)), `2` = structure(c(0, 
    239, 1, 0, 240, 0), .Dim = 3:2, .Dimnames = list(c("-1", 
    "0", "1"), c("A", "G"))))))
