Results <-
list(`bwa.out//20220204//BlindCMMRD41_S1.sam` = list(LR11_SNP1 = list(
    All = list(Freqs = structure(c(0L, 0L, 1L, 0L, 0L, 4L, 36L, 
    2659L, 20L, 8L, 3L, 35L, 1908L, 12L, 5L, 0L, 0L, 2L, 0L, 
    0L, 0L, 3L, 72L, 0L, 0L), .Dim = c(5L, 5L), .Dimnames = structure(list(
        c("-2", "-1", "0", "1", NA), c("-", "A", "C", "G", NA
        )), .Names = c("", "")), class = "table"), N = 4768L), 
    Tag.Distribution = structure(c(`1` = 100L, `2` = 19L, `3` = 17L, 
    `4` = 15L, `5` = 18L, `6` = 15L, `7` = 8L, `8` = 8L, `9` = 10L, 
    `10` = 13L, `11` = 15L, `12` = 7L, `13` = 9L, `14` = 8L, 
    `15` = 10L, `16` = 7L, `17` = 9L, `18` = 10L, `19` = 9L, 
    `20` = 5L, `21` = 5L, `22` = 7L, `23` = 4L, `24` = 6L, `25` = 7L, 
    `26` = 6L, `27` = 5L, `28` = 3L, `29` = 6L, `30` = 2L, `31` = 1L, 
    `32` = 5L, `33` = 4L, `35` = 2L, `36` = 3L, `37` = 1L, `39` = 2L, 
    `40` = 1L, `41` = 2L, `42` = 2L, `43` = 2L, `46` = 1L, `47` = 2L, 
    `49` = 1L, `50` = 1L, `54` = 1L, `75` = 1L), .Dim = 47L, .Dimnames = list(
        TagUsage = c("1", "2", "3", "4", "5", "6", "7", "8", 
        "9", "10", "11", "12", "13", "14", "15", "16", "17", 
        "18", "19", "20", "21", "22", "23", "24", "25", "26", 
        "27", "28", "29", "30", "31", "32", "33", "35", "36", 
        "37", "39", "40", "41", "42", "43", "46", "47", "49", 
        "50", "54", "75")), class = "table"), No.Tag = structure(c(0L, 
    0L, 0L, 0L, 0L, 0L, 0L, 66L, 0L, 1L, 0L, 1L, 31L, 0L, 0L, 
    0L, 0L, 0L, 0L, 0L, 0L, 0L, 1L, 0L, 0L), .Dim = c(5L, 5L), .Dimnames = structure(list(
        c("-2", "-1", "0", "1", NA), c("-", "A", "C", "G", NA
        )), .Names = c("", "")), class = "table"), All.Tags = list(
        Concordant = list(Freqs = structure(c(0, 0, 0, 0, 0, 
        0, 168, 1, 0, 1, 126, 0, 0, 0, 0, 0), .Dim = c(4L, 4L
        ), .Dimnames = list(c("-2", "-1", "0", "1"), c("-", "A", 
        "C", "G"))), N = 296), Majority = list(Freqs = structure(c(0, 
        0, 0, 0, 0, 0, 218, 1, 0, 1, 164, 0, 0, 0, 0, 0), .Dim = c(4L, 
        4L), .Dimnames = list(c("-2", "-1", "0", "1"), c("-", 
        "A", "C", "G"))), N = 384)), `2` = structure(c(0, 0, 
    0, 0, 0, 0, 164, 0, 0, 0, 128, 0, 0, 0, 0, 0), .Dim = c(4L, 
    4L), .Dimnames = list(c("-2", "-1", "0", "1"), c("-", "A", 
    "C", "G"))))))
