Results <-
list(`bwa.out//20220204//BlindCMMRD90_S49.sam` = list(LR49_SNP1 = list(
    All = list(Freqs = structure(c(0L, 5L, 0L, 0L, 14L, 4846L, 
    2L, 1L, 0L, 1L, 0L, 0L, 0L, 20L, 0L, 0L), .Dim = c(4L, 4L
    ), .Dimnames = structure(list(c("-1", "0", "1", NA), c("A", 
    "G", "T", NA)), .Names = c("", "")), class = "table"), N = 4889L), 
    Tag.Distribution = structure(c(`1` = 120L, `2` = 72L, `3` = 59L, 
    `4` = 60L, `5` = 51L, `6` = 37L, `7` = 27L, `8` = 31L, `9` = 30L, 
    `10` = 28L, `11` = 28L, `12` = 20L, `13` = 21L, `14` = 13L, 
    `15` = 11L, `16` = 6L, `17` = 6L, `18` = 4L, `19` = 10L, 
    `20` = 1L, `21` = 3L, `22` = 3L, `23` = 2L, `24` = 4L, `25` = 5L, 
    `26` = 6L, `28` = 1L, `29` = 1L, `30` = 3L, `31` = 1L, `32` = 1L, 
    `34` = 1L, `38` = 1L, `40` = 1L, `45` = 2L), .Dim = 35L, .Dimnames = list(
        TagUsage = c("1", "2", "3", "4", "5", "6", "7", "8", 
        "9", "10", "11", "12", "13", "14", "15", "16", "17", 
        "18", "19", "20", "21", "22", "23", "24", "25", "26", 
        "28", "29", "30", "31", "32", "34", "38", "40", "45")), class = "table"), 
    No.Tag = structure(c(0L, 1L, 0L, 0L, 0L, 127L, 0L, 0L, 0L, 
    0L, 0L, 0L, 0L, 4L, 0L, 0L), .Dim = c(4L, 4L), .Dimnames = structure(list(
        c("-1", "0", "1", NA), c("A", "G", "T", NA)), .Names = c("", 
    "")), class = "table"), All.Tags = list(Concordant = list(
        Freqs = structure(c(0, 3, 0, 1, 647, 0, 0, 0, 0), .Dim = c(3L, 
        3L), .Dimnames = list(c("-1", "0", "1"), c("A", "G", 
        "T"))), N = 651), Majority = list(Freqs = structure(c(0, 
    3, 0, 1, 662, 0, 0, 0, 0), .Dim = c(3L, 3L), .Dimnames = list(
        c("-1", "0", "1"), c("A", "G", "T"))), N = 666)), `2` = structure(c(0, 
    0, 0, 0, 549, 0, 0, 0, 0), .Dim = c(3L, 3L), .Dimnames = list(
        c("-1", "0", "1"), c("A", "G", "T"))))))
