Results <-
list(`bwa.out//20220204//MLPA03_S10.sam` = list(GM09_SNP1 = list(
    All = list(Freqs = structure(c(15L, 3065L, 3L, 1L, 21L, 2282L, 
    3L, 1L, 0L, 40L, 0L, 0L), .Dim = 4:3, .Dimnames = structure(list(
        c("-1", "0", "1", NA), c("A", "G", NA)), .Names = c("", 
    "")), class = "table"), N = 5431L), Tag.Distribution = structure(c(`1` = 180L, 
    `2` = 55L, `3` = 40L, `4` = 34L, `5` = 25L, `6` = 25L, `7` = 23L, 
    `8` = 24L, `9` = 14L, `10` = 14L, `11` = 21L, `12` = 20L, 
    `13` = 10L, `14` = 12L, `15` = 11L, `16` = 11L, `17` = 8L, 
    `18` = 5L, `19` = 8L, `20` = 3L, `21` = 5L, `22` = 6L, `23` = 6L, 
    `24` = 5L, `25` = 9L, `26` = 6L, `27` = 4L, `28` = 4L, `29` = 1L, 
    `30` = 4L, `31` = 6L, `32` = 2L, `33` = 1L, `34` = 2L, `35` = 2L, 
    `38` = 2L, `41` = 3L, `43` = 2L, `44` = 2L, `45` = 1L, `46` = 2L, 
    `53` = 1L, `64` = 1L), .Dim = 43L, .Dimnames = list(TagUsage = c("1", 
    "2", "3", "4", "5", "6", "7", "8", "9", "10", "11", "12", 
    "13", "14", "15", "16", "17", "18", "19", "20", "21", "22", 
    "23", "24", "25", "26", "27", "28", "29", "30", "31", "32", 
    "33", "34", "35", "38", "41", "43", "44", "45", "46", "53", 
    "64")), class = "table"), No.Tag = structure(c(0L, 114L, 
    0L, 0L, 1L, 29L, 1L, 0L, 0L, 5L, 0L, 0L), .Dim = 4:3, .Dimnames = structure(list(
        c("-1", "0", "1", NA), c("A", "G", NA)), .Names = c("", 
    "")), class = "table"), All.Tags = list(Concordant = list(
        Freqs = structure(c(0, 299, 0, 0, 247, 0), .Dim = 3:2, .Dimnames = list(
            c("-1", "0", "1"), c("A", "G"))), N = 546), Majority = list(
        Freqs = structure(c(0, 331, 0, 1, 280, 0), .Dim = 3:2, .Dimnames = list(
            c("-1", "0", "1"), c("A", "G"))), N = 612)), `2` = structure(c(0, 
    233, 0, 1, 204, 0), .Dim = 3:2, .Dimnames = list(c("-1", 
    "0", "1"), c("A", "G"))))))
