Results <-
list(`bwa.out//20220204//BlindCMMRD86_S45.sam` = list(GM01_SNP1 = list(
    All = list(Freqs = structure(c(0L, 0L, 1L, 0L, 0L, 3L, 85L, 
    6527L, 25L, 11L, 0L, 0L, 3L, 0L, 0L, 0L, 2L, 62L, 2L, 0L), .Dim = 5:4, .Dimnames = structure(list(
        c("-2", "-1", "0", "1", NA), c("-", "A", "G", NA)), .Names = c("", 
    "")), class = "table"), N = 6721L), Tag.Distribution = structure(c(`1` = 198L, 
    `2` = 116L, `3` = 117L, `4` = 110L, `5` = 85L, `6` = 68L, 
    `7` = 57L, `8` = 51L, `9` = 46L, `10` = 39L, `11` = 32L, 
    `12` = 36L, `13` = 26L, `14` = 21L, `15` = 12L, `16` = 17L, 
    `17` = 16L, `18` = 4L, `19` = 5L, `20` = 4L, `21` = 6L, `22` = 5L, 
    `23` = 2L, `24` = 5L, `25` = 3L, `27` = 2L, `28` = 1L, `29` = 1L
    ), .Dim = 28L, .Dimnames = list(TagUsage = c("1", "2", "3", 
    "4", "5", "6", "7", "8", "9", "10", "11", "12", "13", "14", 
    "15", "16", "17", "18", "19", "20", "21", "22", "23", "24", 
    "25", "27", "28", "29")), class = "table"), No.Tag = structure(c(0L, 
    0L, 0L, 0L, 0L, 0L, 0L, 78L, 0L, 0L, 0L, 0L, 1L, 0L, 0L, 
    0L, 0L, 2L, 0L, 0L), .Dim = 5:4, .Dimnames = structure(list(
        c("-2", "-1", "0", "1", NA), c("-", "A", "G", NA)), .Names = c("", 
    "")), class = "table"), All.Tags = list(Concordant = list(
        Freqs = structure(c(0, 0, 0, 0, 0, 5, 986, 0, 0, 0, 2, 
        0), .Dim = 4:3, .Dimnames = list(c("-2", "-1", "0", "1"
        ), c("-", "A", "G"))), N = 993), Majority = list(Freqs = structure(c(0, 
    0, 0, 0, 0, 6, 1065, 0, 0, 0, 2, 0), .Dim = 4:3, .Dimnames = list(
        c("-2", "-1", "0", "1"), c("-", "A", "G"))), N = 1073)), 
    `2` = structure(c(0, 0, 0, 0, 0, 2, 881, 0, 0, 0, 0, 0), .Dim = 4:3, .Dimnames = list(
        c("-2", "-1", "0", "1"), c("-", "A", "G"))))))
