Results <-
list(`bwa.out//20220204//17D1520_S5.sam` = list(GM14_SNP1 = list(
    All = list(Freqs = structure(c(1L, 52L, 1251L, 15L, 0L, 5L, 
    1L, 27L, 1122L, 10L, 1L, 1L, 0L, 0L, 49L, 0L, 0L, 0L), .Dim = c(6L, 
    3L), .Dimnames = structure(list(c("-2", "-1", "0", "1", "2", 
    NA), c("C", "T", NA)), .Names = c("", "")), class = "table"), 
        N = 2535L), Tag.Distribution = structure(c(`1` = 96L, 
    `2` = 38L, `3` = 40L, `4` = 29L, `5` = 19L, `6` = 19L, `7` = 16L, 
    `8` = 13L, `9` = 14L, `10` = 8L, `11` = 7L, `12` = 10L, `13` = 5L, 
    `14` = 5L, `15` = 4L, `16` = 4L, `17` = 4L, `18` = 4L, `19` = 2L, 
    `20` = 4L, `22` = 1L, `23` = 2L, `24` = 3L, `25` = 3L, `26` = 1L, 
    `27` = 3L, `28` = 1L, `29` = 2L, `31` = 3L, `33` = 1L, `34` = 2L, 
    `37` = 1L, `40` = 1L, `41` = 1L), .Dim = 34L, .Dimnames = list(
        TagUsage = c("1", "2", "3", "4", "5", "6", "7", "8", 
        "9", "10", "11", "12", "13", "14", "15", "16", "17", 
        "18", "19", "20", "22", "23", "24", "25", "26", "27", 
        "28", "29", "31", "33", "34", "37", "40", "41")), class = "table"), 
    No.Tag = structure(c(0L, 0L, 18L, 1L, 0L, 0L, 0L, 1L, 39L, 
    0L, 1L, 0L, 0L, 0L, 2L, 0L, 0L, 0L), .Dim = c(6L, 3L), .Dimnames = structure(list(
        c("-2", "-1", "0", "1", "2", NA), c("C", "T", NA)), .Names = c("", 
    "")), class = "table"), All.Tags = list(Concordant = list(
        Freqs = structure(c(1, 4, 140, 0, 0, 0, 2, 146, 0, 0), .Dim = c(5L, 
        2L), .Dimnames = list(c("-2", "-1", "0", "1", "2"), c("C", 
        "T"))), N = 293), Majority = list(Freqs = structure(c(1, 
    4, 179, 0, 0, 0, 2, 172, 0, 0), .Dim = c(5L, 2L), .Dimnames = list(
        c("-2", "-1", "0", "1", "2"), c("C", "T"))), N = 358)), 
    `2` = structure(c(0, 1, 127, 0, 0, 0, 0, 137, 0, 0), .Dim = c(5L, 
    2L), .Dimnames = list(c("-2", "-1", "0", "1", "2"), c("C", 
    "T"))))))
