Results <-
list(`bwa.out//20220204//BlindCMMRD59_S18.sam` = list(GM29_SNP1 = list(
    All = list(Freqs = structure(c(56L, 4241L, 7L, 4L, 0L, 2L, 
    0L, 0L, 1L, 36L, 0L, 0L), .Dim = 4:3, .Dimnames = structure(list(
        c("-1", "0", "1", NA), c("A", "G", NA)), .Names = c("", 
    "")), class = "table"), N = 4347L), Tag.Distribution = structure(c(`1` = 74L, 
    `2` = 41L, `3` = 43L, `4` = 28L, `5` = 23L, `6` = 27L, `7` = 29L, 
    `8` = 19L, `9` = 20L, `10` = 18L, `11` = 25L, `12` = 16L, 
    `13` = 20L, `14` = 5L, `15` = 8L, `16` = 8L, `17` = 6L, `18` = 5L, 
    `19` = 5L, `20` = 11L, `21` = 5L, `22` = 7L, `23` = 3L, `24` = 2L, 
    `25` = 2L, `26` = 4L, `27` = 2L, `28` = 4L, `29` = 2L, `30` = 2L, 
    `31` = 2L, `32` = 1L, `36` = 2L, `37` = 1L, `39` = 1L, `40` = 1L, 
    `41` = 1L, `43` = 1L, `44` = 1L, `49` = 1L, `66` = 1L), .Dim = 41L, .Dimnames = list(
        TagUsage = c("1", "2", "3", "4", "5", "6", "7", "8", 
        "9", "10", "11", "12", "13", "14", "15", "16", "17", 
        "18", "19", "20", "21", "22", "23", "24", "25", "26", 
        "27", "28", "29", "30", "31", "32", "36", "37", "39", 
        "40", "41", "43", "44", "49", "66")), class = "table"), 
    No.Tag = structure(c(0L, 63L, 0L, 1L, 0L, 0L, 0L, 0L, 0L, 
    3L, 0L, 0L), .Dim = 4:3, .Dimnames = structure(list(c("-1", 
    "0", "1", NA), c("A", "G", NA)), .Names = c("", "")), class = "table"), 
    All.Tags = list(Concordant = list(Freqs = structure(c(2, 
    417, 0, 0, 0, 0), .Dim = 3:2, .Dimnames = list(c("-1", "0", 
    "1"), c("A", "G"))), N = 419), Majority = list(Freqs = structure(c(2, 
    473, 0, 0, 0, 0), .Dim = 3:2, .Dimnames = list(c("-1", "0", 
    "1"), c("A", "G"))), N = 475)), `2` = structure(c(0, 403, 
    0, 0, 0, 0), .Dim = 3:2, .Dimnames = list(c("-1", "0", "1"
    ), c("A", "G"))))))
