Results <-
list(`bwa.out//20220204//MLPA80_S12.sam` = list(LR11_SNP1 = list(
    All = list(Freqs = structure(c(3L, 52L, 3201L, 24L, 17L, 
    0L, 0L, 1L, 0L, 0L, 0L, 0L, 21L, 0L, 0L), .Dim = c(5L, 3L
    ), .Dimnames = structure(list(c("-2", "-1", "0", "1", NA), 
        c("A", "C", NA)), .Names = c("", "")), class = "table"), 
        N = 3319L), Tag.Distribution = structure(c(`1` = 132L, 
    `2` = 81L, `3` = 74L, `4` = 47L, `5` = 40L, `6` = 37L, `7` = 36L, 
    `8` = 27L, `9` = 20L, `10` = 17L, `11` = 16L, `12` = 8L, 
    `13` = 16L, `14` = 12L, `15` = 6L, `16` = 2L, `17` = 6L, 
    `18` = 2L, `19` = 1L, `20` = 2L, `21` = 3L, `22` = 2L, `23` = 2L, 
    `24` = 5L, `25` = 1L, `29` = 1L), .Dim = 26L, .Dimnames = list(
        TagUsage = c("1", "2", "3", "4", "5", "6", "7", "8", 
        "9", "10", "11", "12", "13", "14", "15", "16", "17", 
        "18", "19", "20", "21", "22", "23", "24", "25", "29")), class = "table"), 
    No.Tag = structure(c(0L, 3L, 77L, 0L, 1L, 0L, 0L, 0L, 0L, 
    0L, 0L, 0L, 0L, 0L, 0L), .Dim = c(5L, 3L), .Dimnames = structure(list(
        c("-2", "-1", "0", "1", NA), c("A", "C", NA)), .Names = c("", 
    "")), class = "table"), All.Tags = list(Concordant = list(
        Freqs = structure(c(1, 3, 530, 2, 0, 0, 1, 0), .Dim = c(4L, 
        2L), .Dimnames = list(c("-2", "-1", "0", "1"), c("A", 
        "C"))), N = 537), Majority = list(Freqs = structure(c(1, 
    3, 582, 2, 0, 0, 1, 0), .Dim = c(4L, 2L), .Dimnames = list(
        c("-2", "-1", "0", "1"), c("A", "C"))), N = 589)), `2` = structure(c(0, 
    1, 459, 0, 0, 0, 0, 0), .Dim = c(4L, 2L), .Dimnames = list(
        c("-2", "-1", "0", "1"), c("A", "C"))))))
