Results <-
list(`bwa.out//20220204//BlindCMMRD78_S37.sam` = list(GM14_SNP1 = list(
    All = list(Freqs = structure(c(2L, 46L, 1167L, 8L, 3L, 1L, 
    23L, 1197L, 3L, 1L, 0L, 0L, 7L, 0L, 0L), .Dim = c(5L, 3L), .Dimnames = structure(list(
        c("-2", "-1", "0", "1", NA), c("C", "T", NA)), .Names = c("", 
    "")), class = "table"), N = 2458L), Tag.Distribution = structure(c(`1` = 68L, 
    `2` = 26L, `3` = 31L, `4` = 42L, `5` = 25L, `6` = 22L, `7` = 16L, 
    `8` = 18L, `9` = 13L, `10` = 7L, `11` = 12L, `12` = 7L, `13` = 10L, 
    `14` = 8L, `15` = 8L, `16` = 8L, `17` = 6L, `18` = 6L, `19` = 7L, 
    `20` = 3L, `21` = 2L, `24` = 3L, `25` = 2L, `29` = 1L, `31` = 1L
    ), .Dim = 25L, .Dimnames = list(TagUsage = c("1", "2", "3", 
    "4", "5", "6", "7", "8", "9", "10", "11", "12", "13", "14", 
    "15", "16", "17", "18", "19", "20", "21", "24", "25", "29", 
    "31")), class = "table"), No.Tag = structure(c(0L, 0L, 34L, 
    0L, 0L, 0L, 1L, 9L, 0L, 0L, 0L, 0L, 0L, 0L, 0L), .Dim = c(5L, 
    3L), .Dimnames = structure(list(c("-2", "-1", "0", "1", NA
    ), c("C", "T", NA)), .Names = c("", "")), class = "table"), 
    All.Tags = list(Concordant = list(Freqs = structure(c(0, 
    3, 133, 0, 0, 0, 151, 0), .Dim = c(4L, 2L), .Dimnames = list(
        c("-2", "-1", "0", "1"), c("C", "T"))), N = 287), Majority = list(
        Freqs = structure(c(0, 4, 167, 0, 0, 0, 176, 0), .Dim = c(4L, 
        2L), .Dimnames = list(c("-2", "-1", "0", "1"), c("C", 
        "T"))), N = 347)), `2` = structure(c(0, 1, 140, 0, 0, 
    0, 138, 0), .Dim = c(4L, 2L), .Dimnames = list(c("-2", "-1", 
    "0", "1"), c("C", "T"))))))
