Results <-
list(`bwa.out//20220204//BlindCMMRD114_S40.sam` = list(GM11_SNP1 = list(
    All = list(Freqs = structure(c(0L, 0L, 2L, 0L, 0L, 1L, 25L, 
    5097L, 20L, 13L, 0L, 0L, 15L, 0L, 0L), .Dim = c(5L, 3L), .Dimnames = structure(list(
        c("-2", "-1", "0", "1", NA), c("A", "G", NA)), .Names = c("", 
    "")), class = "table"), N = 5173L), Tag.Distribution = structure(c(`1` = 77L, 
    `2` = 70L, `3` = 63L, `4` = 58L, `5` = 77L, `6` = 44L, `7` = 48L, 
    `8` = 51L, `9` = 43L, `10` = 38L, `11` = 28L, `12` = 21L, 
    `13` = 26L, `14` = 20L, `15` = 13L, `16` = 10L, `17` = 11L, 
    `18` = 11L, `19` = 6L, `20` = 4L, `21` = 2L, `22` = 3L, `23` = 1L, 
    `24` = 2L, `27` = 1L, `28` = 1L), .Dim = 26L, .Dimnames = list(
        TagUsage = c("1", "2", "3", "4", "5", "6", "7", "8", 
        "9", "10", "11", "12", "13", "14", "15", "16", "17", 
        "18", "19", "20", "21", "22", "23", "24", "27", "28")), class = "table"), 
    No.Tag = structure(c(0L, 0L, 0L, 0L, 0L, 0L, 0L, 27L, 0L, 
    2L, 0L, 0L, 0L, 0L, 0L), .Dim = c(5L, 3L), .Dimnames = structure(list(
        c("-2", "-1", "0", "1", NA), c("A", "G", NA)), .Names = c("", 
    "")), class = "table"), All.Tags = list(Concordant = list(
        Freqs = structure(c(0, 0, 1, 0, 0, 0, 686, 0), .Dim = c(4L, 
        2L), .Dimnames = list(c("-2", "-1", "0", "1"), c("A", 
        "G"))), N = 687), Majority = list(Freqs = structure(c(0, 
    0, 1, 0, 0, 0, 725, 0), .Dim = c(4L, 2L), .Dimnames = list(
        c("-2", "-1", "0", "1"), c("A", "G"))), N = 726)), `2` = structure(c(0, 
    0, 0, 0, 0, 0, 651, 0), .Dim = c(4L, 2L), .Dimnames = list(
        c("-2", "-1", "0", "1"), c("A", "G"))))))
