Results <-
list(`bwa.out//20220204//17D1520_S5.sam` = list(GM26_SNP1 = list(
    All = list(Freqs = structure(c(26L, 3717L, 10L, 1L, 5L, 0L, 
    1L, 0L, 0L, 0L, 0L, 33L, 0L, 0L, 0L), .Dim = c(5L, 3L), .Dimnames = structure(list(
        c("-1", "0", "1", "2", NA), c("A", "G", NA)), .Names = c("", 
    "")), class = "table"), N = 3793L), Tag.Distribution = structure(c(`1` = 142L, 
    `2` = 48L, `3` = 58L, `4` = 48L, `5` = 26L, `6` = 24L, `7` = 19L, 
    `8` = 21L, `9` = 20L, `10` = 11L, `11` = 9L, `12` = 12L, 
    `13` = 7L, `14` = 12L, `15` = 14L, `16` = 6L, `17` = 5L, 
    `18` = 4L, `19` = 4L, `20` = 5L, `21` = 2L, `22` = 4L, `23` = 1L, 
    `24` = 2L, `26` = 4L, `27` = 1L, `28` = 3L, `29` = 6L, `30` = 1L, 
    `31` = 3L, `32` = 1L, `33` = 2L, `36` = 1L, `37` = 2L, `40` = 1L, 
    `41` = 1L, `42` = 1L, `54` = 1L, `56` = 1L), .Dim = 39L, .Dimnames = list(
        TagUsage = c("1", "2", "3", "4", "5", "6", "7", "8", 
        "9", "10", "11", "12", "13", "14", "15", "16", "17", 
        "18", "19", "20", "21", "22", "23", "24", "26", "27", 
        "28", "29", "30", "31", "32", "33", "36", "37", "40", 
        "41", "42", "54", "56")), class = "table"), No.Tag = structure(c(0L, 
    26L, 0L, 0L, 1L, 0L, 0L, 0L, 0L, 0L, 0L, 2L, 0L, 0L, 0L), .Dim = c(5L, 
    3L), .Dimnames = structure(list(c("-1", "0", "1", "2", NA
    ), c("A", "G", NA)), .Names = c("", "")), class = "table"), 
    All.Tags = list(Concordant = list(Freqs = structure(c(4, 
    489, 1, 0, 0, 1, 0, 0), .Dim = c(4L, 2L), .Dimnames = list(
        c("-1", "0", "1", "2"), c("A", "G"))), N = 495), Majority = list(
        Freqs = structure(c(4, 520, 1, 0, 0, 1, 0, 0), .Dim = c(4L, 
        2L), .Dimnames = list(c("-1", "0", "1", "2"), c("A", 
        "G"))), N = 526)), `2` = structure(c(0, 391, 0, 0, 0, 
    0, 0, 0), .Dim = c(4L, 2L), .Dimnames = list(c("-1", "0", 
    "1", "2"), c("A", "G"))))))
