Results <-
list(`bwa.out//20220204//17D1097_S1.sam` = list(LR44_SNP1 = list(
    All = list(Freqs = structure(c(11L, 149L, 1389L, 20L, 0L, 
    13L, 9L, 160L, 1321L, 39L, 1L, 12L, 0L, 3L, 46L, 0L, 0L, 
    0L), .Dim = c(6L, 3L), .Dimnames = structure(list(c("-2", 
    "-1", "0", "1", "2", NA), c("C", "T", NA)), .Names = c("", 
    "")), class = "table"), N = 3173L), Tag.Distribution = structure(c(`1` = 197L, 
    `2` = 104L, `3` = 89L, `4` = 85L, `5` = 55L, `6` = 34L, `7` = 38L, 
    `8` = 30L, `9` = 26L, `10` = 15L, `11` = 9L, `12` = 12L, 
    `13` = 7L, `14` = 5L, `15` = 5L, `16` = 4L, `17` = 2L, `18` = 3L, 
    `19` = 1L, `20` = 1L, `21` = 1L, `25` = 1L), .Dim = 22L, .Dimnames = list(
        TagUsage = c("1", "2", "3", "4", "5", "6", "7", "8", 
        "9", "10", "11", "12", "13", "14", "15", "16", "17", 
        "18", "19", "20", "21", "25")), class = "table"), No.Tag = structure(c(0L, 
    2L, 28L, 0L, 0L, 0L, 0L, 7L, 32L, 1L, 0L, 3L, 0L, 0L, 3L, 
    0L, 0L, 0L), .Dim = c(6L, 3L), .Dimnames = structure(list(
        c("-2", "-1", "0", "1", "2", NA), c("C", "T", NA)), .Names = c("", 
    "")), class = "table"), All.Tags = list(Concordant = list(
        Freqs = structure(c(1, 12, 242, 0, 0, 1, 17, 225, 4, 
        0), .Dim = c(5L, 2L), .Dimnames = list(c("-2", "-1", 
        "0", "1", "2"), c("C", "T"))), N = 502), Majority = list(
        Freqs = structure(c(1, 16, 324, 1, 0, 1, 20, 314, 5, 
        0), .Dim = c(5L, 2L), .Dimnames = list(c("-2", "-1", 
        "0", "1", "2"), c("C", "T"))), N = 682)), `2` = structure(c(1, 
    10, 239, 1, 0, 1, 9, 231, 2, 0), .Dim = c(5L, 2L), .Dimnames = list(
        c("-2", "-1", "0", "1", "2"), c("C", "T"))))))
