Results <-
list(`bwa.out//20220204//BlindCMMRD95_S54.sam` = list(LR17_SNP1 = list(
    All = list(Freqs = structure(c(2L, 118L, 2937L, 26L, 17L, 
    0L, 5L, 120L, 0L, 0L), .Dim = c(5L, 2L), .Dimnames = structure(list(
        c("-2", "-1", "0", "1", NA), c("A", NA)), .Names = c("", 
    "")), class = "table"), N = 3225L), Tag.Distribution = structure(c(`1` = 74L, 
    `2` = 17L, `3` = 29L, `4` = 13L, `5` = 20L, `6` = 20L, `7` = 9L, 
    `8` = 9L, `9` = 11L, `10` = 5L, `11` = 15L, `12` = 10L, `13` = 10L, 
    `14` = 9L, `15` = 8L, `16` = 6L, `17` = 4L, `18` = 8L, `19` = 5L, 
    `20` = 4L, `21` = 4L, `22` = 2L, `23` = 3L, `24` = 1L, `25` = 3L, 
    `26` = 3L, `27` = 1L, `28` = 3L, `29` = 4L, `30` = 2L, `31` = 2L, 
    `32` = 4L, `34` = 3L, `36` = 2L, `38` = 1L, `41` = 1L, `44` = 2L, 
    `49` = 1L), .Dim = 38L, .Dimnames = list(TagUsage = c("1", 
    "2", "3", "4", "5", "6", "7", "8", "9", "10", "11", "12", 
    "13", "14", "15", "16", "17", "18", "19", "20", "21", "22", 
    "23", "24", "25", "26", "27", "28", "29", "30", "31", "32", 
    "34", "36", "38", "41", "44", "49")), class = "table"), No.Tag = structure(c(0L, 
    2L, 82L, 0L, 0L, 0L, 0L, 5L, 0L, 0L), .Dim = c(5L, 2L), .Dimnames = structure(list(
        c("-2", "-1", "0", "1", NA), c("A", NA)), .Names = c("", 
    "")), class = "table"), All.Tags = list(Concordant = list(
        Freqs = structure(c(0, 3, 223, 0), .Dim = c(4L, 1L), .Dimnames = list(
            c("-2", "-1", "0", "1"), "A")), N = 226), Majority = list(
        Freqs = structure(c(0, 5, 314, 0), .Dim = c(4L, 1L), .Dimnames = list(
            c("-2", "-1", "0", "1"), "A")), N = 319)), `2` = structure(c(0, 
    2, 250, 0), .Dim = c(4L, 1L), .Dimnames = list(c("-2", "-1", 
    "0", "1"), "A")))))
