Results <-
list(`bwa.out//20220204//Control27_S20.sam` = list(LR24_SNP1 = list(
    All = list(Freqs = structure(c(5L, 1511L, 3L, 1L, 4L, 1476L, 
    4L, 0L, 0L, 5L, 0L, 0L), .Dim = 4:3, .Dimnames = structure(list(
        c("-1", "0", "1", NA), c("A", "G", NA)), .Names = c("", 
    "")), class = "table"), N = 3009L), Tag.Distribution = structure(c(`1` = 151L, 
    `2` = 82L, `3` = 70L, `4` = 74L, `5` = 40L, `6` = 34L, `7` = 31L, 
    `8` = 30L, `9` = 16L, `10` = 16L, `11` = 17L, `12` = 11L, 
    `13` = 12L, `14` = 4L, `15` = 6L, `16` = 3L, `17` = 2L, `19` = 3L, 
    `20` = 2L, `21` = 2L, `22` = 2L, `25` = 2L), .Dim = 22L, .Dimnames = list(
        TagUsage = c("1", "2", "3", "4", "5", "6", "7", "8", 
        "9", "10", "11", "12", "13", "14", "15", "16", "17", 
        "19", "20", "21", "22", "25")), class = "table"), No.Tag = structure(c(0L, 
    31L, 0L, 0L, 0L, 56L, 0L, 0L, 0L, 0L, 0L, 0L), .Dim = 4:3, .Dimnames = structure(list(
        c("-1", "0", "1", NA), c("A", "G", NA)), .Names = c("", 
    "")), class = "table"), All.Tags = list(Concordant = list(
        Freqs = structure(c(0, 304, 0, 1, 259, 0), .Dim = 3:2, .Dimnames = list(
            c("-1", "0", "1"), c("A", "G"))), N = 564), Majority = list(
        Freqs = structure(c(0, 327, 0, 1, 278, 0), .Dim = 3:2, .Dimnames = list(
            c("-1", "0", "1"), c("A", "G"))), N = 606)), `2` = structure(c(0, 
    243, 0, 0, 212, 0), .Dim = 3:2, .Dimnames = list(c("-1", 
    "0", "1"), c("A", "G"))))))
