Results <-
list(`bwa.out//20220204//BlindCMMRD44_S4.sam` = list(GM01_SNP1 = list(
    All = list(Freqs = structure(c(0L, 0L, 1L, 0L, 0L, 0L, 2L, 
    81L, 7419L, 33L, 0L, 4L, 1L, 38L, 3324L, 11L, 1L, 6L, 0L, 
    0L, 1L, 0L, 0L, 0L, 0L, 3L, 111L, 2L, 0L, 0L), .Dim = 6:5, .Dimnames = structure(list(
        c("-2", "-1", "0", "1", "2", NA), c("-", "A", "G", "T", 
        NA)), .Names = c("", "")), class = "table"), N = 11038L), 
    Tag.Distribution = structure(c(`1` = 133L, `2` = 47L, `3` = 44L, 
    `4` = 38L, `5` = 38L, `6` = 40L, `7` = 34L, `8` = 28L, `9` = 34L, 
    `10` = 17L, `11` = 24L, `12` = 23L, `13` = 19L, `14` = 15L, 
    `15` = 25L, `16` = 21L, `17` = 22L, `18` = 3L, `19` = 7L, 
    `20` = 17L, `21` = 8L, `22` = 11L, `23` = 12L, `24` = 13L, 
    `25` = 10L, `26` = 11L, `27` = 14L, `28` = 11L, `29` = 14L, 
    `30` = 10L, `31` = 10L, `32` = 7L, `33` = 6L, `34` = 10L, 
    `35` = 3L, `36` = 7L, `37` = 3L, `38` = 4L, `39` = 9L, `40` = 1L, 
    `41` = 2L, `43` = 3L, `44` = 4L, `45` = 1L, `47` = 3L, `48` = 1L, 
    `53` = 3L, `55` = 1L, `58` = 2L, `59` = 1L, `62` = 1L, `63` = 2L, 
    `64` = 1L, `67` = 1L, `68` = 1L), .Dim = 55L, .Dimnames = list(
        TagUsage = c("1", "2", "3", "4", "5", "6", "7", "8", 
        "9", "10", "11", "12", "13", "14", "15", "16", "17", 
        "18", "19", "20", "21", "22", "23", "24", "25", "26", 
        "27", "28", "29", "30", "31", "32", "33", "34", "35", 
        "36", "37", "38", "39", "40", "41", "43", "44", "45", 
        "47", "48", "53", "55", "58", "59", "62", "63", "64", 
        "67", "68")), class = "table"), No.Tag = structure(c(0L, 
    0L, 0L, 0L, 0L, 0L, 0L, 1L, 119L, 1L, 0L, 1L, 0L, 0L, 18L, 
    0L, 0L, 0L, 0L, 0L, 0L, 0L, 0L, 0L, 0L, 0L, 4L, 0L, 0L, 0L
    ), .Dim = 6:5, .Dimnames = structure(list(c("-2", "-1", "0", 
    "1", "2", NA), c("-", "A", "G", "T", NA)), .Names = c("", 
    "")), class = "table"), All.Tags = list(Concordant = list(
        Freqs = structure(c(0, 0, 0, 0, 0, 0, 2, 447, 1, 0, 0, 
        0, 196, 0, 0, 0, 0, 0, 0, 0), .Dim = 5:4, .Dimnames = list(
            c("-2", "-1", "0", "1", "2"), c("-", "A", "G", "T"
            ))), N = 646), Majority = list(Freqs = structure(c(0, 
    0, 0, 0, 0, 0, 2, 564, 1, 0, 0, 0, 247, 0, 0, 0, 0, 0, 0, 
    0), .Dim = 5:4, .Dimnames = list(c("-2", "-1", "0", "1", 
    "2"), c("-", "A", "G", "T"))), N = 814)), `2` = structure(c(0, 
    0, 0, 0, 0, 0, 0, 479, 0, 0, 0, 0, 212, 0, 0, 0, 0, 0, 0, 
    0), .Dim = 5:4, .Dimnames = list(c("-2", "-1", "0", "1", 
    "2"), c("-", "A", "G", "T"))))))
