Results <-
list(`bwa.out//20220204//Control30_S23.sam` = list(GM07_SNP1 = list(
    All = list(Freqs = structure(c(2L, 129L, 2484L, 71L, 1L, 
    19L, 0L, 0L, 1L, 0L, 0L, 0L, 0L, 1L, 13L, 0L, 0L, 0L), .Dim = c(6L, 
    3L), .Dimnames = structure(list(c("-2", "-1", "0", "1", "2", 
    NA), c("A", "G", NA)), .Names = c("", "")), class = "table"), 
        N = 2721L), Tag.Distribution = structure(c(`1` = 98L, 
    `2` = 56L, `3` = 31L, `4` = 33L, `5` = 18L, `6` = 17L, `7` = 20L, 
    `8` = 15L, `9` = 23L, `10` = 12L, `11` = 11L, `12` = 10L, 
    `13` = 7L, `14` = 7L, `15` = 3L, `16` = 6L, `17` = 10L, `18` = 4L, 
    `19` = 1L, `20` = 3L, `21` = 3L, `22` = 1L, `24` = 1L, `26` = 1L, 
    `28` = 1L, `32` = 1L, `33` = 1L), .Dim = 27L, .Dimnames = list(
        TagUsage = c("1", "2", "3", "4", "5", "6", "7", "8", 
        "9", "10", "11", "12", "13", "14", "15", "16", "17", 
        "18", "19", "20", "21", "22", "24", "26", "28", "32", 
        "33")), class = "table"), No.Tag = structure(c(1L, 12L, 
    361L, 5L, 0L, 3L, 0L, 0L, 0L, 0L, 0L, 0L, 0L, 0L, 5L, 0L, 
    0L, 0L), .Dim = c(6L, 3L), .Dimnames = structure(list(c("-2", 
    "-1", "0", "1", "2", NA), c("A", "G", NA)), .Names = c("", 
    "")), class = "table"), All.Tags = list(Concordant = list(
        Freqs = structure(c(0, 7, 265, 4, 0, 0, 0, 0, 0, 0), .Dim = c(5L, 
        2L), .Dimnames = list(c("-2", "-1", "0", "1", "2"), c("A", 
        "G"))), N = 276), Majority = list(Freqs = structure(c(0, 
    8, 368, 5, 0, 0, 0, 0, 0, 0), .Dim = c(5L, 2L), .Dimnames = list(
        c("-2", "-1", "0", "1", "2"), c("A", "G"))), N = 381)), 
    `2` = structure(c(0, 2, 282, 2, 0, 0, 0, 0, 0, 0), .Dim = c(5L, 
    2L), .Dimnames = list(c("-2", "-1", "0", "1", "2"), c("A", 
    "G"))))))
