Results <-
list(`bwa.out//20220204//BlindCMMRD62_S21.sam` = list(GM22_SNP1 = list(
    All = list(Freqs = structure(c(37L, 2684L, 9L, 0L, 8L, 36L, 
    2308L, 11L, 1L, 8L, 0L, 73L, 2L, 0L, 0L), .Dim = c(5L, 3L
    ), .Dimnames = structure(list(c("-1", "0", "1", "2", NA), 
        c("A", "G", NA)), .Names = c("", "")), class = "table"), 
        N = 5177L), Tag.Distribution = structure(c(`1` = 125L, 
    `2` = 50L, `3` = 53L, `4` = 58L, `5` = 47L, `6` = 41L, `7` = 32L, 
    `8` = 28L, `9` = 27L, `10` = 33L, `11` = 19L, `12` = 26L, 
    `13` = 24L, `14` = 7L, `15` = 14L, `16` = 8L, `17` = 13L, 
    `18` = 9L, `19` = 9L, `20` = 5L, `21` = 9L, `22` = 6L, `23` = 7L, 
    `24` = 5L, `26` = 2L, `27` = 2L, `28` = 1L, `29` = 1L, `30` = 1L, 
    `32` = 1L, `35` = 1L, `37` = 1L, `38` = 2L, `40` = 1L, `44` = 1L
    ), .Dim = 35L, .Dimnames = list(TagUsage = c("1", "2", "3", 
    "4", "5", "6", "7", "8", "9", "10", "11", "12", "13", "14", 
    "15", "16", "17", "18", "19", "20", "21", "22", "23", "24", 
    "26", "27", "28", "29", "30", "32", "35", "37", "38", "40", 
    "44")), class = "table"), No.Tag = structure(c(0L, 43L, 0L, 
    0L, 1L, 0L, 27L, 1L, 0L, 0L, 0L, 5L, 0L, 0L, 0L), .Dim = c(5L, 
    3L), .Dimnames = structure(list(c("-1", "0", "1", "2", NA
    ), c("A", "G", NA)), .Names = c("", "")), class = "table"), 
    All.Tags = list(Concordant = list(Freqs = structure(c(1, 
    302, 0, 0, 1, 249, 0, 0), .Dim = c(4L, 2L), .Dimnames = list(
        c("-1", "0", "1", "2"), c("A", "G"))), N = 553), Majority = list(
        Freqs = structure(c(2, 354, 0, 0, 1, 301, 0, 0), .Dim = c(4L, 
        2L), .Dimnames = list(c("-1", "0", "1", "2"), c("A", 
        "G"))), N = 658)), `2` = structure(c(1, 293, 0, 0, 0, 
    247, 0, 0), .Dim = c(4L, 2L), .Dimnames = list(c("-1", "0", 
    "1", "2"), c("A", "G"))))))
