Results <-
list(`bwa.out//20220204//BlindCMMRD79_S38.sam` = list(GM07_SNP1 = list(
    All = list(Freqs = structure(c(0L, 0L, 1L, 0L, 0L, 0L, 2L, 
    92L, 1637L, 38L, 3L, 21L, 2L, 91L, 1533L, 48L, 1L, 18L, 0L, 
    0L, 1L, 0L, 0L, 0L, 0L, 3L, 33L, 2L, 0L, 0L), .Dim = 6:5, .Dimnames = structure(list(
        c("-2", "-1", "0", "1", "2", NA), c("-", "A", "G", "T", 
        NA)), .Names = c("", "")), class = "table"), N = 3526L), 
    Tag.Distribution = structure(c(`1` = 114L, `2` = 62L, `3` = 65L, 
    `4` = 36L, `5` = 55L, `6` = 38L, `7` = 40L, `8` = 31L, `9` = 15L, 
    `10` = 13L, `11` = 23L, `12` = 13L, `13` = 11L, `14` = 10L, 
    `15` = 3L, `16` = 3L, `17` = 5L, `18` = 6L, `19` = 3L, `20` = 5L, 
    `21` = 2L, `22` = 2L, `23` = 5L, `28` = 2L, `40` = 1L), .Dim = 25L, .Dimnames = list(
        TagUsage = c("1", "2", "3", "4", "5", "6", "7", "8", 
        "9", "10", "11", "12", "13", "14", "15", "16", "17", 
        "18", "19", "20", "21", "22", "23", "28", "40")), class = "table"), 
    No.Tag = structure(c(0L, 0L, 0L, 0L, 0L, 0L, 0L, 5L, 106L, 
    3L, 0L, 8L, 0L, 0L, 87L, 2L, 0L, 4L, 0L, 0L, 0L, 0L, 0L, 
    0L, 0L, 0L, 6L, 0L, 0L, 0L), .Dim = 6:5, .Dimnames = structure(list(
        c("-2", "-1", "0", "1", "2", NA), c("-", "A", "G", "T", 
        NA)), .Names = c("", "")), class = "table"), All.Tags = list(
        Concordant = list(Freqs = structure(c(0, 0, 0, 0, 0, 
        0, 4, 197, 2, 0, 0, 6, 182, 0, 0, 0, 0, 0, 0, 0), .Dim = 5:4, .Dimnames = list(
            c("-2", "-1", "0", "1", "2"), c("-", "A", "G", "T"
            ))), N = 391), Majority = list(Freqs = structure(c(0, 
        0, 0, 0, 0, 0, 5, 268, 2, 0, 0, 6, 265, 0, 0, 0, 0, 0, 
        0, 0), .Dim = 5:4, .Dimnames = list(c("-2", "-1", "0", 
        "1", "2"), c("-", "A", "G", "T"))), N = 546)), `2` = structure(c(0, 
    0, 0, 0, 0, 0, 2, 215, 0, 0, 0, 4, 217, 0, 0, 0, 0, 0, 0, 
    0), .Dim = 5:4, .Dimnames = list(c("-2", "-1", "0", "1", 
    "2"), c("-", "A", "G", "T"))))))
