Results <-
list(`bwa.out//20220204//16D2889_S4.sam` = list(LR48_SNP1 = list(
    All = list(Freqs = structure(c(0L, 0L, 3L, 0L, 0L, 0L, 2L, 
    151L, 3486L, 72L, 3L, 24L, 0L, 0L, 6L, 1L, 0L, 0L, 0L, 0L, 
    54L, 1L, 0L, 0L), .Dim = c(6L, 4L), .Dimnames = structure(list(
        c("-2", "-1", "0", "1", "2", NA), c("A", "C", "T", NA
        )), .Names = c("", "")), class = "table"), N = 3803L), 
    Tag.Distribution = structure(c(`1` = 131L, `2` = 76L, `3` = 64L, 
    `4` = 62L, `5` = 38L, `6` = 39L, `7` = 29L, `8` = 32L, `9` = 26L, 
    `10` = 19L, `11` = 11L, `12` = 15L, `13` = 13L, `14` = 9L, 
    `15` = 8L, `16` = 6L, `17` = 4L, `18` = 7L, `19` = 4L, `20` = 4L, 
    `21` = 3L, `22` = 5L, `23` = 2L, `24` = 2L, `25` = 4L, `26` = 1L, 
    `28` = 1L, `31` = 1L, `34` = 1L, `35` = 1L), .Dim = 30L, .Dimnames = list(
        TagUsage = c("1", "2", "3", "4", "5", "6", "7", "8", 
        "9", "10", "11", "12", "13", "14", "15", "16", "17", 
        "18", "19", "20", "21", "22", "23", "24", "25", "26", 
        "28", "31", "34", "35")), class = "table"), No.Tag = structure(c(0L, 
    0L, 0L, 0L, 0L, 0L, 0L, 5L, 79L, 3L, 0L, 0L, 0L, 0L, 0L, 
    0L, 0L, 0L, 0L, 0L, 2L, 1L, 0L, 0L), .Dim = c(6L, 4L), .Dimnames = structure(list(
        c("-2", "-1", "0", "1", "2", NA), c("A", "C", "T", NA
        )), .Names = c("", "")), class = "table"), All.Tags = list(
        Concordant = list(Freqs = structure(c(0, 0, 1, 0, 0, 
        0, 10, 465, 2, 1, 0, 0, 6, 0, 0), .Dim = c(5L, 3L), .Dimnames = list(
            c("-2", "-1", "0", "1", "2"), c("A", "C", "T"))), 
            N = 485), Majority = list(Freqs = structure(c(0, 
        0, 1, 0, 0, 0, 13, 583, 4, 1, 0, 0, 6, 0, 0), .Dim = c(5L, 
        3L), .Dimnames = list(c("-2", "-1", "0", "1", "2"), c("A", 
        "C", "T"))), N = 608)), `2` = structure(c(0, 0, 1, 0, 
    0, 0, 8, 470, 2, 0, 0, 0, 0, 0, 0), .Dim = c(5L, 3L), .Dimnames = list(
        c("-2", "-1", "0", "1", "2"), c("A", "C", "T"))))))
