Results <-
list(`bwa.out//20220204//BlindCMMRD127_S53.sam` = list(GM29_SNP1 = list(
    All = list(Freqs = structure(c(105L, 6233L, 20L, 22L, 0L, 
    4L, 0L, 0L, 1L, 18L, 0L, 0L), .Dim = 4:3, .Dimnames = structure(list(
        c("-1", "0", "1", NA), c("A", "G", NA)), .Names = c("", 
    "")), class = "table"), N = 6403L), Tag.Distribution = structure(c(`1` = 135L, 
    `2` = 114L, `3` = 105L, `4` = 103L, `5` = 75L, `6` = 61L, 
    `7` = 56L, `8` = 47L, `9` = 46L, `10` = 43L, `11` = 32L, 
    `12` = 18L, `13` = 17L, `14` = 12L, `15` = 12L, `16` = 11L, 
    `17` = 6L, `18` = 13L, `19` = 6L, `20` = 7L, `21` = 6L, `22` = 2L, 
    `23` = 2L, `24` = 1L, `25` = 2L, `26` = 2L, `27` = 2L, `28` = 2L, 
    `29` = 1L, `30` = 1L, `31` = 1L, `33` = 1L, `34` = 2L, `37` = 1L, 
    `38` = 1L, `40` = 2L, `48` = 1L, `55` = 1L), .Dim = 38L, .Dimnames = list(
        TagUsage = c("1", "2", "3", "4", "5", "6", "7", "8", 
        "9", "10", "11", "12", "13", "14", "15", "16", "17", 
        "18", "19", "20", "21", "22", "23", "24", "25", "26", 
        "27", "28", "29", "30", "31", "33", "34", "37", "38", 
        "40", "48", "55")), class = "table"), No.Tag = structure(c(1L, 
    152L, 1L, 0L, 0L, 0L, 0L, 0L, 0L, 2L, 0L, 0L), .Dim = 4:3, .Dimnames = structure(list(
        c("-1", "0", "1", NA), c("A", "G", NA)), .Names = c("", 
    "")), class = "table"), All.Tags = list(Concordant = list(
        Freqs = structure(c(4, 843, 0, 0, 0, 0), .Dim = 3:2, .Dimnames = list(
            c("-1", "0", "1"), c("A", "G"))), N = 847), Majority = list(
        Freqs = structure(c(4, 940, 1, 0, 0, 0), .Dim = 3:2, .Dimnames = list(
            c("-1", "0", "1"), c("A", "G"))), N = 945)), `2` = structure(c(1, 
    809, 1, 0, 0, 0), .Dim = 3:2, .Dimnames = list(c("-1", "0", 
    "1"), c("A", "G"))))))
