Results <-
list(`bwa.out//20220204//BlindCMMRD82_S41.sam` = list(LR40_SNP1 = list(
    All = list(Freqs = structure(c(0L, 0L, 24L, 0L, 0L, 1L, 71L, 
    5547L, 11L, 8L, 0L, 0L, 1L, 0L, 0L, 0L, 0L, 33L, 0L, 0L), .Dim = 5:4, .Dimnames = structure(list(
        c("-2", "-1", "0", "1", NA), c("A", "C", "T", NA)), .Names = c("", 
    "")), class = "table"), N = 5696L), Tag.Distribution = structure(c(`1` = 116L, 
    `2` = 64L, `3` = 83L, `4` = 66L, `5` = 61L, `6` = 44L, `7` = 37L, 
    `8` = 37L, `9` = 45L, `10` = 25L, `11` = 24L, `12` = 28L, 
    `13` = 21L, `14` = 9L, `15` = 8L, `16` = 8L, `17` = 15L, 
    `18` = 10L, `19` = 12L, `20` = 9L, `21` = 3L, `22` = 8L, 
    `23` = 3L, `24` = 3L, `25` = 3L, `26` = 1L, `28` = 4L, `29` = 1L, 
    `30` = 1L, `31` = 2L, `32` = 2L, `33` = 1L, `34` = 2L, `35` = 1L, 
    `38` = 1L), .Dim = 35L, .Dimnames = list(TagUsage = c("1", 
    "2", "3", "4", "5", "6", "7", "8", "9", "10", "11", "12", 
    "13", "14", "15", "16", "17", "18", "19", "20", "21", "22", 
    "23", "24", "25", "26", "28", "29", "30", "31", "32", "33", 
    "34", "35", "38")), class = "table"), No.Tag = structure(c(0L, 
    0L, 0L, 0L, 0L, 0L, 1L, 111L, 1L, 1L, 0L, 0L, 0L, 0L, 0L, 
    0L, 0L, 4L, 0L, 0L), .Dim = 5:4, .Dimnames = structure(list(
        c("-2", "-1", "0", "1", NA), c("A", "C", "T", NA)), .Names = c("", 
    "")), class = "table"), All.Tags = list(Concordant = list(
        Freqs = structure(c(0, 0, 3, 0, 0, 5, 680, 0, 0, 0, 0, 
        0), .Dim = 4:3, .Dimnames = list(c("-2", "-1", "0", "1"
        ), c("A", "C", "T"))), N = 688), Majority = list(Freqs = structure(c(0, 
    0, 3, 0, 0, 5, 746, 0, 0, 0, 0, 0), .Dim = 4:3, .Dimnames = list(
        c("-2", "-1", "0", "1"), c("A", "C", "T"))), N = 754)), 
    `2` = structure(c(0, 0, 3, 0, 0, 0, 635, 0, 0, 0, 0, 0), .Dim = 4:3, .Dimnames = list(
        c("-2", "-1", "0", "1"), c("A", "C", "T"))))))
