Results <-
list(`bwa.out//20220204//16D2889_S4.sam` = list(DEPDC2_SNP1 = list(
    All = list(Freqs = structure(c(0L, 0L, 1L, 0L, 0L, 1L, 45L, 
    5925L, 38L, 29L, 0L, 1L, 169L, 0L, 0L), .Dim = c(5L, 3L), .Dimnames = structure(list(
        c("-2", "-1", "0", "1", NA), c("C", "T", NA)), .Names = c("", 
    "")), class = "table"), N = 6209L), Tag.Distribution = structure(c(`1` = 308L, 
    `2` = 189L, `3` = 143L, `4` = 121L, `5` = 73L, `6` = 71L, 
    `7` = 54L, `8` = 56L, `9` = 42L, `10` = 24L, `11` = 29L, 
    `12` = 24L, `13` = 18L, `14` = 11L, `15` = 7L, `16` = 11L, 
    `17` = 7L, `18` = 7L, `19` = 8L, `20` = 7L, `21` = 6L, `22` = 2L, 
    `23` = 4L, `25` = 2L, `26` = 3L, `30` = 1L, `37` = 1L), .Dim = 27L, .Dimnames = list(
        TagUsage = c("1", "2", "3", "4", "5", "6", "7", "8", 
        "9", "10", "11", "12", "13", "14", "15", "16", "17", 
        "18", "19", "20", "21", "22", "23", "25", "26", "30", 
        "37")), class = "table"), No.Tag = structure(c(0L, 0L, 
    0L, 0L, 0L, 0L, 1L, 95L, 0L, 3L, 0L, 0L, 6L, 0L, 0L), .Dim = c(5L, 
    3L), .Dimnames = structure(list(c("-2", "-1", "0", "1", NA
    ), c("C", "T", NA)), .Names = c("", "")), class = "table"), 
    All.Tags = list(Concordant = list(Freqs = structure(c(0, 
    0, 1, 0, 0, 4, 1138, 6), .Dim = c(4L, 2L), .Dimnames = list(
        c("-2", "-1", "0", "1"), c("C", "T"))), N = 1149), Majority = list(
        Freqs = structure(c(0, 0, 1, 0, 0, 4, 1192, 6), .Dim = c(4L, 
        2L), .Dimnames = list(c("-2", "-1", "0", "1"), c("C", 
        "T"))), N = 1203)), `2` = structure(c(0, 0, 0, 0, 0, 
    0, 915, 3), .Dim = c(4L, 2L), .Dimnames = list(c("-2", "-1", 
    "0", "1"), c("C", "T"))))))
