Results <-
list(`bwa.out//20220204//Control24_S17.sam` = list(GM17_SNP1 = list(
    All = list(Freqs = structure(c(0L, 19L, 1435L, 2L, 1L, 2L, 
    16L, 963L, 3L, 0L, 0L, 0L, 21L, 0L, 0L), .Dim = c(5L, 3L), .Dimnames = structure(list(
        c("-2", "-1", "0", "1", NA), c("C", "T", NA)), .Names = c("", 
    "")), class = "table"), N = 2462L), Tag.Distribution = structure(c(`1` = 84L, 
    `2` = 35L, `3` = 41L, `4` = 26L, `5` = 23L, `6` = 17L, `7` = 12L, 
    `8` = 15L, `9` = 9L, `10` = 9L, `11` = 16L, `12` = 11L, `13` = 10L, 
    `14` = 4L, `15` = 4L, `16` = 6L, `17` = 7L, `18` = 4L, `19` = 5L, 
    `20` = 2L, `21` = 4L, `22` = 3L, `23` = 4L, `24` = 2L, `26` = 1L, 
    `28` = 1L, `30` = 1L, `32` = 1L, `35` = 1L), .Dim = 29L, .Dimnames = list(
        TagUsage = c("1", "2", "3", "4", "5", "6", "7", "8", 
        "9", "10", "11", "12", "13", "14", "15", "16", "17", 
        "18", "19", "20", "21", "22", "23", "24", "26", "28", 
        "30", "32", "35")), class = "table"), No.Tag = structure(c(0L, 
    0L, 56L, 0L, 0L, 0L, 0L, 13L, 0L, 0L, 0L, 0L, 3L, 0L, 0L), .Dim = c(5L, 
    3L), .Dimnames = structure(list(c("-2", "-1", "0", "1", NA
    ), c("C", "T", NA)), .Names = c("", "")), class = "table"), 
    All.Tags = list(Concordant = list(Freqs = structure(c(0, 
    0, 181, 0, 0, 1, 136, 0), .Dim = c(4L, 2L), .Dimnames = list(
        c("-2", "-1", "0", "1"), c("C", "T"))), N = 318), Majority = list(
        Freqs = structure(c(0, 1, 203, 0, 0, 2, 148, 0), .Dim = c(4L, 
        2L), .Dimnames = list(c("-2", "-1", "0", "1"), c("C", 
        "T"))), N = 354)), `2` = structure(c(0, 1, 155, 0, 0, 
    1, 116, 0), .Dim = c(4L, 2L), .Dimnames = list(c("-2", "-1", 
    "0", "1"), c("C", "T"))))))
