Results <-
list(`bwa.out//20220204//BlindCMMRD67_S26.sam` = list(LR17_SNP1 = list(
    All = list(Freqs = structure(c(1L, 2L, 122L, 3056L, 39L, 
    1L, 12L, 0L, 0L, 0L, 1L, 0L, 0L, 0L, 0L, 0L, 4L, 147L, 1L, 
    0L, 0L), .Dim = c(7L, 3L), .Dimnames = structure(list(c("-3", 
    "-2", "-1", "0", "1", "2", NA), c("A", "G", NA)), .Names = c("", 
    "")), class = "table"), N = 3386L), Tag.Distribution = structure(c(`1` = 79L, 
    `2` = 29L, `3` = 25L, `4` = 25L, `5` = 22L, `6` = 17L, `7` = 23L, 
    `8` = 11L, `9` = 19L, `10` = 9L, `11` = 19L, `12` = 13L, 
    `13` = 8L, `14` = 9L, `15` = 11L, `16` = 5L, `17` = 8L, `18` = 7L, 
    `19` = 5L, `20` = 5L, `21` = 5L, `22` = 3L, `24` = 9L, `25` = 1L, 
    `26` = 1L, `27` = 1L, `28` = 3L, `29` = 3L, `30` = 1L, `31` = 1L, 
    `32` = 1L, `35` = 1L, `36` = 1L, `40` = 1L, `51` = 1L, `60` = 1L
    ), .Dim = 36L, .Dimnames = list(TagUsage = c("1", "2", "3", 
    "4", "5", "6", "7", "8", "9", "10", "11", "12", "13", "14", 
    "15", "16", "17", "18", "19", "20", "21", "22", "24", "25", 
    "26", "27", "28", "29", "30", "31", "32", "35", "36", "40", 
    "51", "60")), class = "table"), No.Tag = structure(c(0L, 
    0L, 5L, 92L, 0L, 0L, 0L, 0L, 0L, 0L, 0L, 0L, 0L, 0L, 0L, 
    0L, 0L, 7L, 0L, 0L, 0L), .Dim = c(7L, 3L), .Dimnames = structure(list(
        c("-3", "-2", "-1", "0", "1", "2", NA), c("A", "G", NA
        )), .Names = c("", "")), class = "table"), All.Tags = list(
        Concordant = list(Freqs = structure(c(0, 0, 2, 272, 0, 
        0, 0, 0, 0, 0, 0, 0), .Dim = c(6L, 2L), .Dimnames = list(
            c("-3", "-2", "-1", "0", "1", "2"), c("A", "G"))), 
            N = 274), Majority = list(Freqs = structure(c(0, 
        0, 3, 368, 0, 0, 0, 0, 0, 0, 0, 0), .Dim = c(6L, 2L), .Dimnames = list(
            c("-3", "-2", "-1", "0", "1", "2"), c("A", "G"))), 
            N = 371)), `2` = structure(c(0, 0, 2, 298, 0, 0, 
    0, 0, 0, 0, 0, 0), .Dim = c(6L, 2L), .Dimnames = list(c("-3", 
    "-2", "-1", "0", "1", "2"), c("A", "G"))))))
