Results <-
list(`bwa.out//20220204//Control26_S19.sam` = list(LR24_SNP1 = list(
    All = list(Freqs = structure(c(1L, 1732L, 2L, 9L, 1757L, 
    4L, 0L, 13L, 0L), .Dim = c(3L, 3L), .Dimnames = structure(list(
        c("-1", "0", "1"), c("A", "G", NA)), .Names = c("", ""
    )), class = "table"), N = 3518L), Tag.Distribution = structure(c(`1` = 176L, 
    `2` = 122L, `3` = 82L, `4` = 77L, `5` = 60L, `6` = 53L, `7` = 38L, 
    `8` = 21L, `9` = 23L, `10` = 21L, `11` = 15L, `12` = 11L, 
    `13` = 15L, `14` = 6L, `15` = 6L, `16` = 3L, `17` = 1L, `18` = 1L, 
    `19` = 2L, `21` = 2L, `22` = 1L, `23` = 1L, `24` = 2L, `26` = 1L, 
    `27` = 1L), .Dim = 25L, .Dimnames = list(TagUsage = c("1", 
    "2", "3", "4", "5", "6", "7", "8", "9", "10", "11", "12", 
    "13", "14", "15", "16", "17", "18", "19", "21", "22", "23", 
    "24", "26", "27")), class = "table"), No.Tag = structure(c(0L, 
    47L, 0L, 0L, 0L, 52L, 0L, 0L, 0L, 1L, 0L, 0L), .Dim = 4:3, .Dimnames = structure(list(
        c("-1", "0", "1", NA), c("A", "G", NA)), .Names = c("", 
    "")), class = "table"), All.Tags = list(Concordant = list(
        Freqs = structure(c(0, 339, 0, 0, 353, 1), .Dim = 3:2, .Dimnames = list(
            c("-1", "0", "1"), c("A", "G"))), N = 693), Majority = list(
        Freqs = structure(c(0, 356, 0, 1, 374, 1), .Dim = 3:2, .Dimnames = list(
            c("-1", "0", "1"), c("A", "G"))), N = 732)), `2` = structure(c(0, 
    278, 0, 1, 279, 0), .Dim = 3:2, .Dimnames = list(c("-1", 
    "0", "1"), c("A", "G"))))))
