Results <-
list(`bwa.out//20220204//BlindCMMRD99_S58.sam` = list(LR44_SNP1 = list(
    All = list(Freqs = structure(c(0L, 0L, 0L, 2L, 0L, 0L, 0L, 
    1L, 4L, 188L, 2219L, 29L, 2L, 5L, 0L, 0L, 0L, 1L, 0L, 0L, 
    0L, 0L, 8L, 172L, 2114L, 22L, 1L, 12L, 0L, 1L, 6L, 85L, 0L, 
    0L, 0L), .Dim = c(7L, 5L), .Dimnames = structure(list(c("-4", 
    "-2", "-1", "0", "1", "2", NA), c("A", "C", "G", "T", NA)), .Names = c("", 
    "")), class = "table"), N = 4872L), Tag.Distribution = structure(c(`1` = 171L, 
    `2` = 72L, `3` = 73L, `4` = 59L, `5` = 39L, `6` = 30L, `7` = 39L, 
    `8` = 28L, `9` = 17L, `10` = 21L, `11` = 17L, `12` = 11L, 
    `13` = 21L, `14` = 19L, `15` = 10L, `16` = 19L, `17` = 8L, 
    `18` = 9L, `19` = 6L, `20` = 4L, `21` = 1L, `22` = 2L, `23` = 5L, 
    `24` = 3L, `25` = 2L, `26` = 3L, `27` = 3L, `28` = 2L, `29` = 2L, 
    `30` = 1L, `31` = 1L, `32` = 4L, `34` = 1L, `36` = 3L, `40` = 1L
    ), .Dim = 35L, .Dimnames = list(TagUsage = c("1", "2", "3", 
    "4", "5", "6", "7", "8", "9", "10", "11", "12", "13", "14", 
    "15", "16", "17", "18", "19", "20", "21", "22", "23", "24", 
    "25", "26", "27", "28", "29", "30", "31", "32", "34", "36", 
    "40")), class = "table"), No.Tag = structure(c(0L, 0L, 0L, 
    1L, 0L, 0L, 0L, 0L, 0L, 6L, 77L, 1L, 0L, 1L, 0L, 0L, 0L, 
    0L, 0L, 0L, 0L, 0L, 0L, 3L, 25L, 0L, 0L, 2L, 0L, 0L, 0L, 
    1L, 0L, 0L, 0L), .Dim = c(7L, 5L), .Dimnames = structure(list(
        c("-4", "-2", "-1", "0", "1", "2", NA), c("A", "C", "G", 
        "T", NA)), .Names = c("", "")), class = "table"), All.Tags = list(
        Concordant = list(Freqs = structure(c(0, 0, 0, 0, 0, 
        0, 0, 0, 9, 223, 1, 0, 0, 0, 0, 0, 0, 0, 0, 0, 16, 218, 
        1, 0), .Dim = c(6L, 4L), .Dimnames = list(c("-4", "-2", 
        "-1", "0", "1", "2"), c("A", "C", "G", "T"))), N = 468), 
        Majority = list(Freqs = structure(c(0, 0, 0, 0, 0, 0, 
        0, 0, 12, 333, 2, 0, 0, 0, 0, 0, 0, 0, 0, 0, 19, 326, 
        1, 0), .Dim = c(6L, 4L), .Dimnames = list(c("-4", "-2", 
        "-1", "0", "1", "2"), c("A", "C", "G", "T"))), N = 693)), 
    `2` = structure(c(0, 0, 0, 0, 0, 0, 0, 0, 7, 252, 1, 0, 0, 
    0, 0, 0, 0, 0, 0, 0, 8, 261, 0, 0), .Dim = c(6L, 4L), .Dimnames = list(
        c("-4", "-2", "-1", "0", "1", "2"), c("A", "C", "G", 
        "T"))))))
