Results <-
list(`bwa.out//20220204//MLPA80_S12.sam` = list(LR10_SNP1 = list(
    All = list(Freqs = structure(c(1L, 63L, 3218L, 28L, 8L, 0L, 
    0L, 19L, 0L, 0L, 0L, 1L, 32L, 0L, 0L), .Dim = c(5L, 3L), .Dimnames = structure(list(
        c("-2", "-1", "0", "1", NA), c("C", "T", NA)), .Names = c("", 
    "")), class = "table"), N = 3370L), Tag.Distribution = structure(c(`1` = 122L, 
    `2` = 73L, `3` = 59L, `4` = 35L, `5` = 36L, `6` = 26L, `7` = 33L, 
    `8` = 31L, `9` = 17L, `10` = 16L, `11` = 16L, `12` = 11L, 
    `13` = 10L, `14` = 8L, `15` = 7L, `16` = 9L, `17` = 3L, `18` = 2L, 
    `19` = 6L, `20` = 2L, `21` = 4L, `22` = 3L, `24` = 4L, `25` = 3L, 
    `26` = 4L, `29` = 2L, `41` = 1L), .Dim = 27L, .Dimnames = list(
        TagUsage = c("1", "2", "3", "4", "5", "6", "7", "8", 
        "9", "10", "11", "12", "13", "14", "15", "16", "17", 
        "18", "19", "20", "21", "22", "24", "25", "26", "29", 
        "41")), class = "table"), No.Tag = structure(c(0L, 1L, 
    88L, 1L, 1L, 0L, 0L, 0L, 0L, 0L, 0L, 0L, 2L, 0L, 0L), .Dim = c(5L, 
    3L), .Dimnames = structure(list(c("-2", "-1", "0", "1", NA
    ), c("C", "T", NA)), .Names = c("", "")), class = "table"), 
    All.Tags = list(Concordant = list(Freqs = structure(c(0, 
    3, 465, 0, 0, 0, 3, 0), .Dim = c(4L, 2L), .Dimnames = list(
        c("-2", "-1", "0", "1"), c("C", "T"))), N = 471), Majority = list(
        Freqs = structure(c(0, 4, 530, 0, 0, 0, 3, 0), .Dim = c(4L, 
        2L), .Dimnames = list(c("-2", "-1", "0", "1"), c("C", 
        "T"))), N = 537)), `2` = structure(c(0, 1, 415, 0, 0, 
    0, 0, 0), .Dim = c(4L, 2L), .Dimnames = list(c("-2", "-1", 
    "0", "1"), c("C", "T"))))))
