Results <-
list(`bwa.out//20220204//BlindCMMRD75_S34.sam` = list(LR46_SNP1 = list(
    All = list(Freqs = structure(c(0L, 8L, 2077L, 3L, 4L, 1L, 
    12L, 1980L, 5L, 5L, 0L, 0L, 27L, 0L, 0L), .Dim = c(5L, 3L
    ), .Dimnames = structure(list(c("-2", "-1", "0", "1", NA), 
        c("G", "T", NA)), .Names = c("", "")), class = "table"), 
        N = 4122L), Tag.Distribution = structure(c(`1` = 81L, 
    `2` = 38L, `3` = 39L, `4` = 28L, `5` = 28L, `6` = 32L, `7` = 16L, 
    `8` = 23L, `9` = 13L, `10` = 22L, `11` = 19L, `12` = 8L, 
    `13` = 21L, `14` = 12L, `15` = 9L, `16` = 9L, `17` = 9L, 
    `18` = 8L, `19` = 2L, `20` = 2L, `21` = 7L, `22` = 8L, `23` = 6L, 
    `24` = 6L, `25` = 2L, `26` = 1L, `27` = 1L, `28` = 1L, `29` = 1L, 
    `30` = 1L, `31` = 3L, `32` = 3L, `35` = 4L, `36` = 1L, `43` = 1L, 
    `46` = 1L), .Dim = 36L, .Dimnames = list(TagUsage = c("1", 
    "2", "3", "4", "5", "6", "7", "8", "9", "10", "11", "12", 
    "13", "14", "15", "16", "17", "18", "19", "20", "21", "22", 
    "23", "24", "25", "26", "27", "28", "29", "30", "31", "32", 
    "35", "36", "43", "46")), class = "table"), No.Tag = structure(c(0L, 
    0L, 32L, 0L, 0L, 0L, 0L, 83L, 1L, 0L, 0L, 0L, 6L, 0L, 0L), .Dim = c(5L, 
    3L), .Dimnames = structure(list(c("-2", "-1", "0", "1", NA
    ), c("G", "T", NA)), .Names = c("", "")), class = "table"), 
    All.Tags = list(Concordant = list(Freqs = structure(c(0, 
    0, 215, 0, 0, 0, 206, 0), .Dim = c(4L, 2L), .Dimnames = list(
        c("-2", "-1", "0", "1"), c("G", "T"))), N = 421), Majority = list(
        Freqs = structure(c(0, 0, 230, 0, 0, 0, 228, 0), .Dim = c(4L, 
        2L), .Dimnames = list(c("-2", "-1", "0", "1"), c("G", 
        "T"))), N = 458)), `2` = structure(c(0, 0, 194, 0, 0, 
    0, 190, 0), .Dim = c(4L, 2L), .Dimnames = list(c("-2", "-1", 
    "0", "1"), c("G", "T"))))))
