Results <-
list(`bwa.out//20220204//MLPA79_S11.sam` = list(LR49_SNP1 = list(
    All = list(Freqs = structure(c(0L, 7L, 0L, 0L, 19L, 5438L, 
    3L, 7L, 0L, 37L, 0L, 0L), .Dim = 4:3, .Dimnames = structure(list(
        c("-1", "0", "1", NA), c("A", "G", NA)), .Names = c("", 
    "")), class = "table"), N = 5511L), Tag.Distribution = structure(c(`1` = 201L, 
    `2` = 83L, `3` = 76L, `4` = 71L, `5` = 51L, `6` = 49L, `7` = 45L, 
    `8` = 34L, `9` = 32L, `10` = 29L, `11` = 34L, `12` = 19L, 
    `13` = 15L, `14` = 13L, `15` = 9L, `16` = 9L, `17` = 13L, 
    `18` = 16L, `19` = 5L, `20` = 3L, `21` = 3L, `22` = 4L, `23` = 8L, 
    `24` = 4L, `25` = 6L, `26` = 1L, `27` = 1L, `28` = 1L, `29` = 1L, 
    `30` = 1L, `44` = 1L, `49` = 1L, `52` = 1L), .Dim = 33L, .Dimnames = list(
        TagUsage = c("1", "2", "3", "4", "5", "6", "7", "8", 
        "9", "10", "11", "12", "13", "14", "15", "16", "17", 
        "18", "19", "20", "21", "22", "23", "24", "25", "26", 
        "27", "28", "29", "30", "44", "49", "52")), class = "table"), 
    No.Tag = structure(c(0L, 0L, 0L, 0L, 0L, 123L, 0L, 0L, 0L, 
    7L, 0L, 0L), .Dim = 4:3, .Dimnames = structure(list(c("-1", 
    "0", "1", NA), c("A", "G", NA)), .Names = c("", "")), class = "table"), 
    All.Tags = list(Concordant = list(Freqs = structure(c(0, 
    4, 0, 1, 814, 0), .Dim = 3:2, .Dimnames = list(c("-1", "0", 
    "1"), c("A", "G"))), N = 819), Majority = list(Freqs = structure(c(0, 
    4, 0, 1, 828, 0), .Dim = 3:2, .Dimnames = list(c("-1", "0", 
    "1"), c("A", "G"))), N = 833)), `2` = structure(c(0, 0, 0, 
    1, 635, 0), .Dim = 3:2, .Dimnames = list(c("-1", "0", "1"
    ), c("A", "G"))))))
