Results <-
list(`bwa.out//20220204//MLPA03_S10.sam` = list(GM29_SNP1 = list(
    All = list(Freqs = structure(c(1L, 42L, 3535L, 9L, 13L, 0L, 
    0L, 24L, 1L, 0L), .Dim = c(5L, 2L), .Dimnames = structure(list(
        c("-2", "-1", "0", "1", NA), c("G", NA)), .Names = c("", 
    "")), class = "table"), N = 3625L), Tag.Distribution = structure(c(`1` = 94L, 
    `2` = 40L, `3` = 24L, `4` = 32L, `5` = 23L, `6` = 26L, `7` = 26L, 
    `8` = 22L, `9` = 9L, `10` = 14L, `11` = 7L, `12` = 12L, `13` = 7L, 
    `14` = 7L, `15` = 6L, `16` = 3L, `17` = 7L, `18` = 8L, `19` = 6L, 
    `20` = 2L, `21` = 1L, `22` = 4L, `23` = 5L, `24` = 3L, `25` = 3L, 
    `27` = 1L, `28` = 2L, `29` = 1L, `30` = 3L, `31` = 1L, `32` = 2L, 
    `33` = 2L, `34` = 2L, `35` = 2L, `36` = 1L, `37` = 1L, `38` = 1L, 
    `40` = 2L, `41` = 1L, `42` = 1L, `44` = 1L, `45` = 1L, `51` = 1L, 
    `52` = 1L), .Dim = 44L, .Dimnames = list(TagUsage = c("1", 
    "2", "3", "4", "5", "6", "7", "8", "9", "10", "11", "12", 
    "13", "14", "15", "16", "17", "18", "19", "20", "21", "22", 
    "23", "24", "25", "27", "28", "29", "30", "31", "32", "33", 
    "34", "35", "36", "37", "38", "40", "41", "42", "44", "45", 
    "51", "52")), class = "table"), No.Tag = structure(c(0L, 
    0L, 97L, 0L, 0L, 0L, 0L, 0L, 1L, 0L), .Dim = c(5L, 2L), .Dimnames = structure(list(
        c("-2", "-1", "0", "1", NA), c("G", NA)), .Names = c("", 
    "")), class = "table"), All.Tags = list(Concordant = list(
        Freqs = structure(c(0, 0, 377, 1), .Dim = c(4L, 1L), .Dimnames = list(
            c("-2", "-1", "0", "1"), "G")), N = 378), Majority = list(
        Freqs = structure(c(0, 0, 415, 1), .Dim = c(4L, 1L), .Dimnames = list(
            c("-2", "-1", "0", "1"), "G")), N = 416)), `2` = structure(c(0, 
    0, 323, 1), .Dim = c(4L, 1L), .Dimnames = list(c("-2", "-1", 
    "0", "1"), "G")))))
