Results <-
list(`bwa.out//20220204//BlindCMMRD78_S37.sam` = list(GM09_SNP1 = list(
    All = list(Freqs = structure(c(0L, 1L, 0L, 0L, 17L, 5605L, 
    10L, 2L, 0L, 11L, 0L, 0L, 1L, 26L, 0L, 0L), .Dim = c(4L, 
    4L), .Dimnames = structure(list(c("-1", "0", "1", NA), c("-", 
    "A", "G", NA)), .Names = c("", "")), class = "table"), N = 5673L), 
    Tag.Distribution = structure(c(`1` = 140L, `2` = 71L, `3` = 71L, 
    `4` = 50L, `5` = 47L, `6` = 51L, `7` = 40L, `8` = 37L, `9` = 23L, 
    `10` = 36L, `11` = 26L, `12` = 15L, `13` = 19L, `14` = 12L, 
    `15` = 9L, `16` = 7L, `17` = 14L, `18` = 9L, `19` = 15L, 
    `20` = 4L, `21` = 11L, `22` = 5L, `23` = 4L, `24` = 3L, `25` = 5L, 
    `26` = 1L, `27` = 3L, `28` = 2L, `29` = 4L, `30` = 2L, `31` = 1L, 
    `32` = 2L, `33` = 2L, `39` = 2L, `41` = 1L, `44` = 1L), .Dim = 36L, .Dimnames = list(
        TagUsage = c("1", "2", "3", "4", "5", "6", "7", "8", 
        "9", "10", "11", "12", "13", "14", "15", "16", "17", 
        "18", "19", "20", "21", "22", "23", "24", "25", "26", 
        "27", "28", "29", "30", "31", "32", "33", "39", "41", 
        "44")), class = "table"), No.Tag = structure(c(0L, 0L, 
    0L, 0L, 0L, 107L, 0L, 0L, 0L, 1L, 0L, 0L, 0L, 0L, 0L, 0L), .Dim = c(4L, 
    4L), .Dimnames = structure(list(c("-1", "0", "1", NA), c("-", 
    "A", "G", NA)), .Names = c("", "")), class = "table"), All.Tags = list(
        Concordant = list(Freqs = structure(c(0, 0, 0, 1, 705, 
        1, 0, 7, 0), .Dim = c(3L, 3L), .Dimnames = list(c("-1", 
        "0", "1"), c("-", "A", "G"))), N = 714), Majority = list(
            Freqs = structure(c(0, 0, 0, 1, 731, 1, 0, 7, 0), .Dim = c(3L, 
            3L), .Dimnames = list(c("-1", "0", "1"), c("-", "A", 
            "G"))), N = 740)), `2` = structure(c(0, 0, 0, 0, 
    604, 0, 0, 0, 0), .Dim = c(3L, 3L), .Dimnames = list(c("-1", 
    "0", "1"), c("-", "A", "G"))))))
