Results <-
list(`bwa.out//20220204//Control29_S22.sam` = list(LR48_SNP1 = list(
    All = list(Freqs = structure(c(0L, 0L, 1L, 0L, 0L, 0L, 1L, 
    31L, 1292L, 29L, 1L, 3L, 0L, 34L, 1040L, 15L, 0L, 3L, 0L, 
    1L, 36L, 1L, 0L, 0L), .Dim = c(6L, 4L), .Dimnames = structure(list(
        c("-2", "-1", "0", "1", "2", NA), c("A", "C", "T", NA
        )), .Names = c("", "")), class = "table"), N = 2488L), 
    Tag.Distribution = structure(c(`1` = 61L, `2` = 30L, `3` = 22L, 
    `4` = 24L, `5` = 28L, `6` = 18L, `7` = 19L, `8` = 16L, `9` = 14L, 
    `10` = 21L, `11` = 9L, `12` = 7L, `13` = 8L, `14` = 7L, `15` = 8L, 
    `16` = 4L, `17` = 4L, `18` = 2L, `19` = 1L, `20` = 3L, `21` = 4L, 
    `22` = 2L, `23` = 1L, `24` = 1L, `25` = 3L, `27` = 2L, `29` = 2L, 
    `30` = 1L, `31` = 1L, `32` = 1L, `33` = 1L, `34` = 1L, `35` = 1L
    ), .Dim = 33L, .Dimnames = list(TagUsage = c("1", "2", "3", 
    "4", "5", "6", "7", "8", "9", "10", "11", "12", "13", "14", 
    "15", "16", "17", "18", "19", "20", "21", "22", "23", "24", 
    "25", "27", "29", "30", "31", "32", "33", "34", "35")), class = "table"), 
    No.Tag = structure(c(0L, 0L, 0L, 0L, 0L, 0L, 0L, 1L, 31L, 
    0L, 0L, 1L, 0L, 0L, 14L, 0L, 0L, 0L, 0L, 0L, 4L, 0L, 0L, 
    0L), .Dim = c(6L, 4L), .Dimnames = structure(list(c("-2", 
    "-1", "0", "1", "2", NA), c("A", "C", "T", NA)), .Names = c("", 
    "")), class = "table"), All.Tags = list(Concordant = list(
        Freqs = structure(c(0, 0, 0, 0, 0, 0, 2, 126, 2, 0, 0, 
        1, 124, 1, 0), .Dim = c(5L, 3L), .Dimnames = list(c("-2", 
        "-1", "0", "1", "2"), c("A", "C", "T"))), N = 256), Majority = list(
        Freqs = structure(c(0, 0, 0, 0, 0, 0, 2, 163, 3, 0, 0, 
        1, 152, 1, 0), .Dim = c(5L, 3L), .Dimnames = list(c("-2", 
        "-1", "0", "1", "2"), c("A", "C", "T"))), N = 322)), 
    `2` = structure(c(0, 0, 0, 0, 0, 0, 0, 137, 1, 0, 0, 1, 125, 
    0, 0), .Dim = c(5L, 3L), .Dimnames = list(c("-2", "-1", "0", 
    "1", "2"), c("A", "C", "T"))))))
