Results <-
list(`bwa.out//20220204//Control21_S14.sam` = list(LR46_SNP1 = list(
    All = list(Freqs = structure(c(0L, 2L, 0L, 0L, 7L, 2912L, 
    5L, 4L, 0L, 2L, 0L, 0L, 0L, 9L, 1L, 0L), .Dim = c(4L, 4L), .Dimnames = structure(list(
        c("-1", "0", "1", NA), c("A", "G", "T", NA)), .Names = c("", 
    "")), class = "table"), N = 2942L), Tag.Distribution = structure(c(`1` = 108L, 
    `2` = 37L, `3` = 24L, `4` = 27L, `5` = 44L, `6` = 26L, `7` = 16L, 
    `8` = 13L, `9` = 15L, `10` = 10L, `11` = 9L, `12` = 15L, 
    `13` = 8L, `14` = 5L, `15` = 8L, `16` = 6L, `17` = 10L, `18` = 2L, 
    `19` = 7L, `20` = 5L, `21` = 2L, `22` = 3L, `23` = 4L, `24` = 2L, 
    `26` = 1L, `27` = 4L, `28` = 1L, `29` = 1L, `32` = 1L, `34` = 1L
    ), .Dim = 30L, .Dimnames = list(TagUsage = c("1", "2", "3", 
    "4", "5", "6", "7", "8", "9", "10", "11", "12", "13", "14", 
    "15", "16", "17", "18", "19", "20", "21", "22", "23", "24", 
    "26", "27", "28", "29", "32", "34")), class = "table"), No.Tag = structure(c(0L, 
    0L, 0L, 0L, 1L, 138L, 1L, 0L, 0L, 0L, 0L, 0L, 0L, 0L, 0L, 
    0L), .Dim = c(4L, 4L), .Dimnames = structure(list(c("-1", 
    "0", "1", NA), c("A", "G", "T", NA)), .Names = c("", "")), class = "table"), 
    All.Tags = list(Concordant = list(Freqs = structure(c(0, 
    0, 0, 0, 398, 0, 0, 2, 0), .Dim = c(3L, 3L), .Dimnames = list(
        c("-1", "0", "1"), c("A", "G", "T"))), N = 400), Majority = list(
        Freqs = structure(c(0, 0, 0, 0, 409, 0, 0, 2, 0), .Dim = c(3L, 
        3L), .Dimnames = list(c("-1", "0", "1"), c("A", "G", 
        "T"))), N = 411)), `2` = structure(c(0, 0, 0, 0, 306, 
    0, 0, 0, 0), .Dim = c(3L, 3L), .Dimnames = list(c("-1", "0", 
    "1"), c("A", "G", "T"))))))
