Results <-
list(`bwa.out//20220204//17D1097_S1.sam` = list(GM01_SNP1 = list(
    All = list(Freqs = structure(c(33L, 2441L, 8L, 3L, 40L, 2468L, 
    15L, 1L, 0L, 72L, 0L, 0L), .Dim = 4:3, .Dimnames = structure(list(
        c("-1", "0", "1", NA), c("A", "G", NA)), .Names = c("", 
    "")), class = "table"), N = 5081L), Tag.Distribution = structure(c(`1` = 244L, 
    `2` = 149L, `3` = 140L, `4` = 109L, `5` = 89L, `6` = 64L, 
    `7` = 49L, `8` = 42L, `9` = 28L, `10` = 34L, `11` = 22L, 
    `12` = 18L, `13` = 23L, `14` = 17L, `15` = 6L, `16` = 4L, 
    `17` = 3L, `18` = 6L, `19` = 3L, `20` = 2L, `24` = 1L, `26` = 1L, 
    `28` = 1L), .Dim = 23L, .Dimnames = list(TagUsage = c("1", 
    "2", "3", "4", "5", "6", "7", "8", "9", "10", "11", "12", 
    "13", "14", "15", "16", "17", "18", "19", "20", "24", "26", 
    "28")), class = "table"), No.Tag = structure(c(1L, 45L, 1L, 
    1L, 0L, 50L, 0L, 0L, 0L, 2L, 0L, 0L), .Dim = 4:3, .Dimnames = structure(list(
        c("-1", "0", "1", NA), c("A", "G", NA)), .Names = c("", 
    "")), class = "table"), All.Tags = list(Concordant = list(
        Freqs = structure(c(2, 440, 0, 2, 413, 2), .Dim = 3:2, .Dimnames = list(
            c("-1", "0", "1"), c("A", "G"))), N = 859), Majority = list(
        Freqs = structure(c(3, 510, 0, 2, 507, 2), .Dim = 3:2, .Dimnames = list(
            c("-1", "0", "1"), c("A", "G"))), N = 1024)), `2` = structure(c(2, 
    384, 0, 0, 400, 0), .Dim = 3:2, .Dimnames = list(c("-1", 
    "0", "1"), c("A", "G"))))))
