Results <-
list(`bwa.out//20220204//BlindCMMRD97_S56.sam` = list(GM17_SNP1 = list(
    All = list(Freqs = structure(c(2L, 62L, 5221L, 18L, 4L, 0L, 
    0L, 3L, 0L, 0L, 0L, 0L, 35L, 0L, 0L), .Dim = c(5L, 3L), .Dimnames = structure(list(
        c("-2", "-1", "0", "1", NA), c("C", "T", NA)), .Names = c("", 
    "")), class = "table"), N = 5345L), Tag.Distribution = structure(c(`1` = 103L, 
    `2` = 45L, `3` = 39L, `4` = 34L, `5` = 37L, `6` = 47L, `7` = 34L, 
    `8` = 23L, `9` = 28L, `10` = 16L, `11` = 16L, `12` = 22L, 
    `13` = 17L, `14` = 14L, `15` = 9L, `16` = 8L, `17` = 8L, 
    `18` = 7L, `19` = 7L, `20` = 11L, `21` = 7L, `22` = 7L, `23` = 10L, 
    `24` = 3L, `25` = 4L, `26` = 8L, `27` = 6L, `28` = 5L, `29` = 2L, 
    `30` = 2L, `31` = 1L, `32` = 4L, `33` = 2L, `34` = 1L, `35` = 1L, 
    `37` = 1L, `40` = 1L, `47` = 1L), .Dim = 38L, .Dimnames = list(
        TagUsage = c("1", "2", "3", "4", "5", "6", "7", "8", 
        "9", "10", "11", "12", "13", "14", "15", "16", "17", 
        "18", "19", "20", "21", "22", "23", "24", "25", "26", 
        "27", "28", "29", "30", "31", "32", "33", "34", "35", 
        "37", "40", "47")), class = "table"), No.Tag = structure(c(0L, 
    0L, 109L, 0L, 2L, 0L, 0L, 0L, 0L, 0L, 0L, 0L, 3L, 0L, 0L), .Dim = c(5L, 
    3L), .Dimnames = structure(list(c("-2", "-1", "0", "1", NA
    ), c("C", "T", NA)), .Names = c("", "")), class = "table"), 
    All.Tags = list(Concordant = list(Freqs = structure(c(0, 
    2, 513, 0, 0, 0, 3, 0), .Dim = c(4L, 2L), .Dimnames = list(
        c("-2", "-1", "0", "1"), c("C", "T"))), N = 518), Majority = list(
        Freqs = structure(c(0, 2, 577, 0, 0, 0, 3, 0), .Dim = c(4L, 
        2L), .Dimnames = list(c("-2", "-1", "0", "1"), c("C", 
        "T"))), N = 582)), `2` = structure(c(0, 0, 485, 0, 0, 
    0, 0, 0), .Dim = c(4L, 2L), .Dimnames = list(c("-2", "-1", 
    "0", "1"), c("C", "T"))))))
