Results <-
list(`bwa.out//20220204//BlindCMMRD78_S37.sam` = list(LR49_SNP1 = list(
    All = list(Freqs = structure(c(8L, 3890L, 6L, 2L, 0L, 3L, 
    0L, 0L, 0L, 1L, 0L, 0L, 0L, 32L, 0L, 0L), .Dim = c(4L, 4L
    ), .Dimnames = structure(list(c("-1", "0", "1", NA), c("A", 
    "G", "T", NA)), .Names = c("", "")), class = "table"), N = 3942L), 
    Tag.Distribution = structure(c(`1` = 133L, `2` = 66L, `3` = 48L, 
    `4` = 59L, `5` = 49L, `6` = 28L, `7` = 35L, `8` = 28L, `9` = 26L, 
    `10` = 23L, `11` = 12L, `12` = 15L, `13` = 18L, `14` = 10L, 
    `15` = 7L, `16` = 8L, `17` = 4L, `18` = 2L, `19` = 3L, `20` = 5L, 
    `21` = 3L, `22` = 7L, `23` = 3L, `24` = 2L, `25` = 2L, `26` = 2L, 
    `27` = 1L, `28` = 1L, `33` = 1L, `35` = 2L, `38` = 1L), .Dim = 31L, .Dimnames = list(
        TagUsage = c("1", "2", "3", "4", "5", "6", "7", "8", 
        "9", "10", "11", "12", "13", "14", "15", "16", "17", 
        "18", "19", "20", "21", "22", "23", "24", "25", "26", 
        "27", "28", "33", "35", "38")), class = "table"), No.Tag = structure(c(0L, 
    131L, 0L, 1L, 0L, 2L, 0L, 0L, 0L, 1L, 0L, 0L, 0L, 4L, 0L, 
    0L), .Dim = c(4L, 4L), .Dimnames = structure(list(c("-1", 
    "0", "1", NA), c("A", "G", "T", NA)), .Names = c("", "")), class = "table"), 
    All.Tags = list(Concordant = list(Freqs = structure(c(1, 
    589, 0, 0, 0, 0, 0, 0, 0), .Dim = c(3L, 3L), .Dimnames = list(
        c("-1", "0", "1"), c("A", "G", "T"))), N = 590), Majority = list(
        Freqs = structure(c(1, 599, 0, 0, 0, 0, 0, 0, 0), .Dim = c(3L, 
        3L), .Dimnames = list(c("-1", "0", "1"), c("A", "G", 
        "T"))), N = 600)), `2` = structure(c(0, 471, 0, 0, 0, 
    0, 0, 0, 0), .Dim = c(3L, 3L), .Dimnames = list(c("-1", "0", 
    "1"), c("A", "G", "T"))))))
