Results <-
list(`bwa.out//20220204//BlindCMMRD60_S19.sam` = list(GM29_SNP1 = list(
    All = list(Freqs = structure(c(1L, 65L, 3832L, 7L, 3L, 0L, 
    0L, 5L, 0L, 0L, 0L, 0L, 1L, 0L, 0L, 0L, 1L, 25L, 0L, 0L), .Dim = 5:4, .Dimnames = structure(list(
        c("-2", "-1", "0", "1", NA), c("A", "G", "T", NA)), .Names = c("", 
    "")), class = "table"), N = 3940L), Tag.Distribution = structure(c(`1` = 89L, 
    `2` = 50L, `3` = 32L, `4` = 29L, `5` = 32L, `6` = 13L, `7` = 21L, 
    `8` = 15L, `9` = 19L, `10` = 10L, `11` = 11L, `12` = 12L, 
    `13` = 14L, `14` = 11L, `15` = 10L, `16` = 9L, `17` = 7L, 
    `18` = 8L, `19` = 4L, `20` = 6L, `21` = 6L, `22` = 4L, `23` = 3L, 
    `24` = 3L, `25` = 2L, `26` = 2L, `27` = 3L, `28` = 1L, `29` = 2L, 
    `30` = 2L, `31` = 1L, `32` = 2L, `34` = 2L, `35` = 1L, `36` = 2L, 
    `37` = 1L, `38` = 1L, `41` = 1L, `43` = 1L, `47` = 1L, `48` = 1L, 
    `49` = 1L, `54` = 1L), .Dim = 43L, .Dimnames = list(TagUsage = c("1", 
    "2", "3", "4", "5", "6", "7", "8", "9", "10", "11", "12", 
    "13", "14", "15", "16", "17", "18", "19", "20", "21", "22", 
    "23", "24", "25", "26", "27", "28", "29", "30", "31", "32", 
    "34", "35", "36", "37", "38", "41", "43", "47", "48", "49", 
    "54")), class = "table"), No.Tag = structure(c(0L, 0L, 97L, 
    1L, 0L, 0L, 0L, 0L, 0L, 0L, 0L, 0L, 0L, 0L, 0L, 0L, 0L, 0L, 
    0L, 0L), .Dim = 5:4, .Dimnames = structure(list(c("-2", "-1", 
    "0", "1", NA), c("A", "G", "T", NA)), .Names = c("", "")), class = "table"), 
    All.Tags = list(Concordant = list(Freqs = structure(c(0, 
    1, 378, 0, 0, 0, 2, 0, 0, 0, 0, 0), .Dim = 4:3, .Dimnames = list(
        c("-2", "-1", "0", "1"), c("A", "G", "T"))), N = 381), 
        Majority = list(Freqs = structure(c(0, 1, 437, 0, 0, 
        0, 2, 0, 0, 0, 0, 0), .Dim = 4:3, .Dimnames = list(c("-2", 
        "-1", "0", "1"), c("A", "G", "T"))), N = 440)), `2` = structure(c(0, 
    1, 352, 0, 0, 0, 0, 0, 0, 0, 0, 0), .Dim = 4:3, .Dimnames = list(
        c("-2", "-1", "0", "1"), c("A", "G", "T"))))))
