Results <-
list(`bwa.out//20220204//MLPA03_S10.sam` = list(LR11_SNP1 = list(
    All = list(Freqs = structure(c(0L, 1L, 2L, 0L, 0L, 0L, 2L, 
    48L, 3144L, 24L, 1L, 14L, 0L, 1L, 30L, 0L, 0L, 0L), .Dim = c(6L, 
    3L), .Dimnames = structure(list(c("-2", "-1", "0", "1", "2", 
    NA), c("A", "C", NA)), .Names = c("", "")), class = "table"), 
        N = 3267L), Tag.Distribution = structure(c(`1` = 100L, 
    `2` = 40L, `3` = 22L, `4` = 27L, `5` = 21L, `6` = 27L, `7` = 22L, 
    `8` = 29L, `9` = 13L, `10` = 12L, `11` = 11L, `12` = 11L, 
    `13` = 7L, `14` = 8L, `15` = 5L, `16` = 7L, `17` = 8L, `18` = 7L, 
    `19` = 3L, `20` = 4L, `21` = 3L, `22` = 4L, `23` = 1L, `24` = 3L, 
    `25` = 1L, `26` = 4L, `27` = 2L, `28` = 1L, `29` = 2L, `30` = 1L, 
    `31` = 3L, `32` = 2L, `33` = 1L, `34` = 2L, `37` = 1L, `38` = 1L, 
    `40` = 1L, `43` = 1L), .Dim = 38L, .Dimnames = list(TagUsage = c("1", 
    "2", "3", "4", "5", "6", "7", "8", "9", "10", "11", "12", 
    "13", "14", "15", "16", "17", "18", "19", "20", "21", "22", 
    "23", "24", "25", "26", "27", "28", "29", "30", "31", "32", 
    "33", "34", "37", "38", "40", "43")), class = "table"), No.Tag = structure(c(0L, 
    0L, 0L, 0L, 0L, 0L, 0L, 0L, 19L, 0L, 0L, 0L, 0L, 0L, 1L, 
    0L, 0L, 0L), .Dim = c(6L, 3L), .Dimnames = structure(list(
        c("-2", "-1", "0", "1", "2", NA), c("A", "C", NA)), .Names = c("", 
    "")), class = "table"), All.Tags = list(Concordant = list(
        Freqs = structure(c(0, 1, 2, 0, 0, 0, 3, 340, 0, 0), .Dim = c(5L, 
        2L), .Dimnames = list(c("-2", "-1", "0", "1", "2"), c("A", 
        "C"))), N = 346), Majority = list(Freqs = structure(c(0, 
    1, 2, 0, 0, 0, 3, 399, 0, 0), .Dim = c(5L, 2L), .Dimnames = list(
        c("-2", "-1", "0", "1", "2"), c("A", "C"))), N = 405)), 
    `2` = structure(c(0, 0, 0, 0, 0, 0, 0, 315, 0, 0), .Dim = c(5L, 
    2L), .Dimnames = list(c("-2", "-1", "0", "1", "2"), c("A", 
    "C"))))))
