Results <-
list(`bwa.out//20220204//Control26_S19.sam` = list(LR10_SNP1 = list(
    All = list(Freqs = structure(c(26L, 1202L, 6L, 12L, 1205L, 
    3L, 0L, 24L, 0L), .Dim = c(3L, 3L), .Dimnames = structure(list(
        c("-1", "0", "1"), c("C", "T", NA)), .Names = c("", ""
    )), class = "table"), N = 2478L), Tag.Distribution = structure(c(`1` = 78L, 
    `2` = 38L, `3` = 45L, `4` = 25L, `5` = 39L, `6` = 18L, `7` = 12L, 
    `8` = 24L, `9` = 14L, `10` = 15L, `11` = 14L, `12` = 9L, 
    `13` = 13L, `14` = 10L, `15` = 5L, `16` = 4L, `17` = 5L, 
    `18` = 2L, `19` = 2L, `21` = 2L, `22` = 1L, `23` = 2L, `24` = 2L, 
    `25` = 1L, `31` = 1L, `33` = 1L, `34` = 1L), .Dim = 27L, .Dimnames = list(
        TagUsage = c("1", "2", "3", "4", "5", "6", "7", "8", 
        "9", "10", "11", "12", "13", "14", "15", "16", "17", 
        "18", "19", "21", "22", "23", "24", "25", "31", "33", 
        "34")), class = "table"), No.Tag = structure(c(1L, 24L, 
    0L, 0L, 1L, 56L, 0L, 0L, 0L, 2L, 0L, 0L), .Dim = 4:3, .Dimnames = structure(list(
        c("-1", "0", "1", NA), c("C", "T", NA)), .Names = c("", 
    "")), class = "table"), All.Tags = list(Concordant = list(
        Freqs = structure(c(2, 162, 0, 0, 179, 0), .Dim = 3:2, .Dimnames = list(
            c("-1", "0", "1"), c("C", "T"))), N = 343), Majority = list(
        Freqs = structure(c(2, 185, 0, 0, 193, 0), .Dim = 3:2, .Dimnames = list(
            c("-1", "0", "1"), c("C", "T"))), N = 380)), `2` = structure(c(0, 
    147, 0, 0, 158, 0), .Dim = 3:2, .Dimnames = list(c("-1", 
    "0", "1"), c("C", "T"))))))
