Results <-
list(`bwa.out//20220204//BlindCMMRD131_S57.sam` = list(GM07_SNP1 = list(
    All = list(Freqs = structure(c(3L, 251L, 3938L, 111L, 4L, 
    1L, 46L, 0L, 0L, 0L, 0L, 0L, 0L, 1L, 0L, 0L, 11L, 0L, 0L, 
    0L, 0L), .Dim = c(7L, 3L), .Dimnames = structure(list(c("-2", 
    "-1", "0", "1", "2", "3", NA), c("A", "G", NA)), .Names = c("", 
    "")), class = "table"), N = 4366L), Tag.Distribution = structure(c(`1` = 144L, 
    `2` = 137L, `3` = 104L, `4` = 107L, `5` = 99L, `6` = 67L, 
    `7` = 45L, `8` = 39L, `9` = 35L, `10` = 27L, `11` = 17L, 
    `12` = 14L, `13` = 9L, `14` = 9L, `15` = 6L, `16` = 4L, `17` = 6L, 
    `18` = 1L, `19` = 1L, `25` = 2L), .Dim = 20L, .Dimnames = list(
        TagUsage = c("1", "2", "3", "4", "5", "6", "7", "8", 
        "9", "10", "11", "12", "13", "14", "15", "16", "17", 
        "18", "19", "25")), class = "table"), No.Tag = structure(c(0L, 
    10L, 138L, 4L, 1L, 0L, 4L, 0L, 0L, 0L, 0L, 0L, 0L, 0L, 0L, 
    0L, 1L, 0L, 0L, 0L, 0L), .Dim = c(7L, 3L), .Dimnames = structure(list(
        c("-2", "-1", "0", "1", "2", "3", NA), c("A", "G", NA
        )), .Names = c("", "")), class = "table"), All.Tags = list(
        Concordant = list(Freqs = structure(c(0, 8, 620, 5, 1, 
        0, 0, 0, 0, 0, 0, 0), .Dim = c(6L, 2L), .Dimnames = list(
            c("-2", "-1", "0", "1", "2", "3"), c("A", "G"))), 
            N = 634), Majority = list(Freqs = structure(c(0, 
        12, 823, 6, 1, 0, 0, 0, 0, 0, 0, 0), .Dim = c(6L, 2L), .Dimnames = list(
            c("-2", "-1", "0", "1", "2", "3"), c("A", "G"))), 
            N = 842)), `2` = structure(c(0, 6, 697, 1, 0, 0, 
    0, 0, 0, 0, 0, 0), .Dim = c(6L, 2L), .Dimnames = list(c("-2", 
    "-1", "0", "1", "2", "3"), c("A", "G"))))))
