Results <-
list(`bwa.out//20220204//BlindCMMRD67_S26.sam` = list(GM09_SNP1 = list(
    All = list(Freqs = structure(c(0L, 5L, 0L, 0L, 48L, 5343L, 
    18L, 3L, 0L, 2L, 0L, 0L, 0L, 43L, 0L, 0L), .Dim = c(4L, 4L
    ), .Dimnames = structure(list(c("-1", "0", "1", NA), c("A", 
    "G", "T", NA)), .Names = c("", "")), class = "table"), N = 5462L), 
    Tag.Distribution = structure(c(`1` = 126L, `2` = 66L, `3` = 57L, 
    `4` = 42L, `5` = 41L, `6` = 45L, `7` = 32L, `8` = 25L, `9` = 38L, 
    `10` = 25L, `11` = 31L, `12` = 13L, `13` = 15L, `14` = 14L, 
    `15` = 13L, `16` = 10L, `17` = 11L, `18` = 8L, `19` = 14L, 
    `20` = 7L, `21` = 6L, `22` = 9L, `23` = 3L, `24` = 3L, `25` = 4L, 
    `26` = 5L, `27` = 5L, `28` = 3L, `29` = 3L, `30` = 1L, `31` = 2L, 
    `35` = 3L, `37` = 2L, `41` = 1L), .Dim = 34L, .Dimnames = list(
        TagUsage = c("1", "2", "3", "4", "5", "6", "7", "8", 
        "9", "10", "11", "12", "13", "14", "15", "16", "17", 
        "18", "19", "20", "21", "22", "23", "24", "25", "26", 
        "27", "28", "29", "30", "31", "35", "37", "41")), class = "table"), 
    No.Tag = structure(c(0L, 0L, 0L, 0L, 2L, 75L, 0L, 0L, 0L, 
    1L, 0L, 0L, 0L, 3L, 0L, 0L), .Dim = c(4L, 4L), .Dimnames = structure(list(
        c("-1", "0", "1", NA), c("A", "G", "T", NA)), .Names = c("", 
    "")), class = "table"), All.Tags = list(Concordant = list(
        Freqs = structure(c(0, 3, 0, 1, 628, 2, 0, 0, 0), .Dim = c(3L, 
        3L), .Dimnames = list(c("-1", "0", "1"), c("A", "G", 
        "T"))), N = 634), Majority = list(Freqs = structure(c(0, 
    3, 0, 1, 669, 2, 0, 0, 0), .Dim = c(3L, 3L), .Dimnames = list(
        c("-1", "0", "1"), c("A", "G", "T"))), N = 675)), `2` = structure(c(0, 
    0, 0, 1, 552, 2, 0, 0, 0), .Dim = c(3L, 3L), .Dimnames = list(
        c("-1", "0", "1"), c("A", "G", "T"))))))
