Results <-
list(`bwa.out//20220204//MLPA99_S13.sam` = list(GM26_SNP1 = list(
    All = list(Freqs = structure(c(0L, 8L, 1882L, 4L, 4L, 0L, 
    0L, 1L, 0L, 0L, 0L, 8L, 1850L, 4L, 2L, 1L, 0L, 60L, 0L, 0L
    ), .Dim = 5:4, .Dimnames = structure(list(c("-2", "-1", "0", 
    "1", NA), c("A", "C", "G", NA)), .Names = c("", "")), class = "table"), 
        N = 3824L), Tag.Distribution = structure(c(`1` = 106L, 
    `2` = 22L, `3` = 15L, `4` = 13L, `5` = 19L, `6` = 16L, `7` = 10L, 
    `8` = 7L, `9` = 18L, `10` = 12L, `11` = 3L, `12` = 12L, `13` = 8L, 
    `14` = 14L, `15` = 10L, `16` = 4L, `17` = 7L, `18` = 3L, 
    `19` = 4L, `20` = 4L, `21` = 5L, `22` = 6L, `23` = 4L, `24` = 4L, 
    `25` = 6L, `26` = 4L, `27` = 2L, `28` = 3L, `30` = 2L, `31` = 4L, 
    `32` = 1L, `33` = 1L, `34` = 1L, `35` = 1L, `37` = 1L, `38` = 1L, 
    `39` = 2L, `40` = 1L, `43` = 2L, `45` = 1L, `47` = 1L, `48` = 1L, 
    `49` = 1L, `52` = 1L, `54` = 2L, `64` = 1L), .Dim = 46L, .Dimnames = list(
        TagUsage = c("1", "2", "3", "4", "5", "6", "7", "8", 
        "9", "10", "11", "12", "13", "14", "15", "16", "17", 
        "18", "19", "20", "21", "22", "23", "24", "25", "26", 
        "27", "28", "30", "31", "32", "33", "34", "35", "37", 
        "38", "39", "40", "43", "45", "47", "48", "49", "52", 
        "54", "64")), class = "table"), No.Tag = structure(c(0L, 
    0L, 22L, 0L, 0L, 0L, 0L, 0L, 0L, 0L, 0L, 0L, 100L, 0L, 0L, 
    0L, 0L, 9L, 0L, 0L), .Dim = 5:4, .Dimnames = structure(list(
        c("-2", "-1", "0", "1", NA), c("A", "C", "G", NA)), .Names = c("", 
    "")), class = "table"), All.Tags = list(Concordant = list(
        Freqs = structure(c(0, 0, 164, 0, 0, 0, 0, 0, 0, 0, 160, 
        0), .Dim = 4:3, .Dimnames = list(c("-2", "-1", "0", "1"
        ), c("A", "C", "G"))), N = 324), Majority = list(Freqs = structure(c(0, 
    0, 178, 0, 0, 0, 0, 0, 0, 0, 181, 0), .Dim = 4:3, .Dimnames = list(
        c("-2", "-1", "0", "1"), c("A", "C", "G"))), N = 359)), 
    `2` = structure(c(0, 0, 122, 0, 0, 0, 0, 0, 0, 0, 134, 0), .Dim = 4:3, .Dimnames = list(
        c("-2", "-1", "0", "1"), c("A", "C", "G"))))))
