Results <-
list(`bwa.out//20220204//17D1098_S3.sam` = list(GM14_SNP1 = list(
    All = list(Freqs = structure(c(2L, 114L, 1991L, 18L, 5L, 
    0L, 0L, 2L, 0L, 0L, 0L, 0L, 39L, 0L, 0L), .Dim = c(5L, 3L
    ), .Dimnames = structure(list(c("-2", "-1", "0", "1", NA), 
        c("C", "T", NA)), .Names = c("", "")), class = "table"), 
        N = 2171L), Tag.Distribution = structure(c(`1` = 104L, 
    `2` = 70L, `3` = 50L, `4` = 31L, `5` = 26L, `6` = 29L, `7` = 19L, 
    `8` = 17L, `9` = 19L, `10` = 16L, `11` = 16L, `12` = 4L, 
    `13` = 5L, `14` = 1L, `15` = 8L, `16` = 2L, `17` = 2L, `18` = 2L, 
    `19` = 1L, `20` = 2L, `21` = 1L, `23` = 2L, `24` = 1L, `25` = 1L
    ), .Dim = 24L, .Dimnames = list(TagUsage = c("1", "2", "3", 
    "4", "5", "6", "7", "8", "9", "10", "11", "12", "13", "14", 
    "15", "16", "17", "18", "19", "20", "21", "23", "24", "25"
    )), class = "table"), No.Tag = structure(c(0L, 2L, 41L, 0L, 
    0L, 0L, 0L, 0L, 0L, 0L, 0L, 0L, 6L, 0L, 0L), .Dim = c(5L, 
    3L), .Dimnames = structure(list(c("-2", "-1", "0", "1", NA
    ), c("C", "T", NA)), .Names = c("", "")), class = "table"), 
    All.Tags = list(Concordant = list(Freqs = structure(c(1, 
    7, 340, 2, 0, 0, 1, 0), .Dim = c(4L, 2L), .Dimnames = list(
        c("-2", "-1", "0", "1"), c("C", "T"))), N = 351), Majority = list(
        Freqs = structure(c(1, 11, 409, 2, 0, 0, 1, 0), .Dim = c(4L, 
        2L), .Dimnames = list(c("-2", "-1", "0", "1"), c("C", 
        "T"))), N = 424)), `2` = structure(c(0, 5, 316, 0, 0, 
    0, 0, 0), .Dim = c(4L, 2L), .Dimnames = list(c("-2", "-1", 
    "0", "1"), c("C", "T"))))))
