Results <-
list(`bwa.out//20220204//Control24_S17.sam` = list(GM22_SNP1 = list(
    All = list(Freqs = structure(c(21L, 1682L, 5L, 2L, 12L, 1322L, 
    9L, 6L, 0L, 1L, 0L, 0L, 0L, 34L, 0L, 0L), .Dim = c(4L, 4L
    ), .Dimnames = structure(list(c("-1", "0", "1", NA), c("A", 
    "G", "T", NA)), .Names = c("", "")), class = "table"), N = 3094L), 
    Tag.Distribution = structure(c(`1` = 128L, `2` = 48L, `3` = 32L, 
    `4` = 36L, `5` = 23L, `6` = 15L, `7` = 18L, `8` = 16L, `9` = 21L, 
    `10` = 17L, `11` = 10L, `12` = 12L, `13` = 7L, `14` = 7L, 
    `15` = 9L, `16` = 9L, `17` = 5L, `18` = 5L, `19` = 3L, `20` = 5L, 
    `21` = 3L, `22` = 3L, `24` = 2L, `25` = 1L, `26` = 1L, `27` = 1L, 
    `28` = 2L, `29` = 2L, `30` = 2L, `31` = 1L, `32` = 1L, `34` = 2L, 
    `35` = 1L, `43` = 1L, `51` = 1L), .Dim = 35L, .Dimnames = list(
        TagUsage = c("1", "2", "3", "4", "5", "6", "7", "8", 
        "9", "10", "11", "12", "13", "14", "15", "16", "17", 
        "18", "19", "20", "21", "22", "24", "25", "26", "27", 
        "28", "29", "30", "31", "32", "34", "35", "43", "51")), class = "table"), 
    No.Tag = structure(c(0L, 51L, 0L, 1L, 0L, 11L, 0L, 3L, 0L, 
    0L, 0L, 0L, 0L, 3L, 0L, 0L), .Dim = c(4L, 4L), .Dimnames = structure(list(
        c("-1", "0", "1", NA), c("A", "G", "T", NA)), .Names = c("", 
    "")), class = "table"), All.Tags = list(Concordant = list(
        Freqs = structure(c(3, 216, 1, 2, 176, 0, 0, 0, 0), .Dim = c(3L, 
        3L), .Dimnames = list(c("-1", "0", "1"), c("A", "G", 
        "T"))), N = 398), Majority = list(Freqs = structure(c(3, 
    236, 1, 2, 195, 0, 0, 0, 0), .Dim = c(3L, 3L), .Dimnames = list(
        c("-1", "0", "1"), c("A", "G", "T"))), N = 437)), `2` = structure(c(0, 
    166, 0, 0, 147, 0, 0, 0, 0), .Dim = c(3L, 3L), .Dimnames = list(
        c("-1", "0", "1"), c("A", "G", "T"))))))
