Results <-
list(`bwa.out//20220204//BlindCMMRD120_S46.sam` = list(LR10_SNP1 = list(
    All = list(Freqs = structure(c(0L, 0L, 1L, 0L, 0L, 2L, 114L, 
    5250L, 32L, 3L, 0L, 0L, 10L, 0L, 0L, 0L, 0L, 12L, 0L, 0L), .Dim = 5:4, .Dimnames = structure(list(
        c("-2", "-1", "0", "1", NA), c("A", "C", "T", NA)), .Names = c("", 
    "")), class = "table"), N = 5424L), Tag.Distribution = structure(c(`1` = 260L, 
    `2` = 173L, `3` = 147L, `4` = 135L, `5` = 107L, `6` = 80L, 
    `7` = 66L, `8` = 62L, `9` = 39L, `10` = 26L, `11` = 24L, 
    `12` = 26L, `13` = 12L, `14` = 6L, `15` = 4L, `16` = 5L, 
    `17` = 2L, `18` = 1L, `19` = 2L, `20` = 1L, `21` = 2L, `22` = 1L, 
    `25` = 1L), .Dim = 23L, .Dimnames = list(TagUsage = c("1", 
    "2", "3", "4", "5", "6", "7", "8", "9", "10", "11", "12", 
    "13", "14", "15", "16", "17", "18", "19", "20", "21", "22", 
    "25")), class = "table"), No.Tag = structure(c(0L, 0L, 0L, 
    0L, 0L, 0L, 4L, 89L, 2L, 0L, 0L, 0L, 0L, 0L, 0L, 0L, 0L, 
    3L, 0L, 0L), .Dim = 5:4, .Dimnames = structure(list(c("-2", 
    "-1", "0", "1", NA), c("A", "C", "T", NA)), .Names = c("", 
    "")), class = "table"), All.Tags = list(Concordant = list(
        Freqs = structure(c(0, 0, 0, 0, 0, 6, 1056, 5, 0, 0, 
        2, 0), .Dim = 4:3, .Dimnames = list(c("-2", "-1", "0", 
        "1"), c("A", "C", "T"))), N = 1069), Majority = list(
        Freqs = structure(c(0, 0, 0, 0, 0, 7, 1158, 5, 0, 0, 
        2, 0), .Dim = 4:3, .Dimnames = list(c("-2", "-1", "0", 
        "1"), c("A", "C", "T"))), N = 1172)), `2` = structure(c(0, 
    0, 0, 0, 0, 2, 912, 0, 0, 0, 0, 0), .Dim = 4:3, .Dimnames = list(
        c("-2", "-1", "0", "1"), c("A", "C", "T"))))))
