Results <-
list(`bwa.out//20220204//BlindCMMRD98_S57.sam` = list(LR36_SNP1 = list(
    All = list(Freqs = structure(c(0L, 0L, 3L, 0L, 0L, 0L, 0L, 
    0L, 0L, 0L, 0L, 1L, 13L, 201L, 4441L, 53L, 1L, 33L, 1L, 7L, 
    184L, 2L, 0L, 0L), .Dim = c(6L, 4L), .Dimnames = structure(list(
        c("-2", "-1", "0", "1", "2", NA), c("A", "G", "T", NA
        )), .Names = c("", "")), class = "table"), N = 4940L), 
    Tag.Distribution = structure(c(`1` = 96L, `2` = 39L, `3` = 38L, 
    `4` = 32L, `5` = 25L, `6` = 24L, `7` = 26L, `8` = 23L, `9` = 17L, 
    `10` = 12L, `11` = 12L, `12` = 19L, `13` = 12L, `14` = 11L, 
    `15` = 14L, `16` = 9L, `17` = 10L, `18` = 8L, `19` = 6L, 
    `20` = 6L, `21` = 4L, `22` = 6L, `23` = 4L, `24` = 4L, `25` = 5L, 
    `26` = 5L, `27` = 1L, `28` = 4L, `29` = 2L, `30` = 5L, `31` = 1L, 
    `32` = 3L, `33` = 1L, `34` = 4L, `35` = 4L, `36` = 1L, `38` = 2L, 
    `39` = 1L, `41` = 1L, `43` = 2L, `44` = 1L, `52` = 1L, `53` = 1L
    ), .Dim = 43L, .Dimnames = list(TagUsage = c("1", "2", "3", 
    "4", "5", "6", "7", "8", "9", "10", "11", "12", "13", "14", 
    "15", "16", "17", "18", "19", "20", "21", "22", "23", "24", 
    "25", "26", "27", "28", "29", "30", "31", "32", "33", "34", 
    "35", "36", "38", "39", "41", "43", "44", "52", "53")), class = "table"), 
    No.Tag = structure(c(0L, 0L, 1L, 0L, 0L, 0L, 0L, 0L, 0L, 
    0L, 0L, 0L, 0L, 2L, 139L, 3L, 0L, 8L, 0L, 1L, 21L, 0L, 0L, 
    0L), .Dim = c(6L, 4L), .Dimnames = structure(list(c("-2", 
    "-1", "0", "1", "2", NA), c("A", "G", "T", NA)), .Names = c("", 
    "")), class = "table"), All.Tags = list(Concordant = list(
        Freqs = structure(c(0, 0, 0, 0, 0, 0, 0, 0, 0, 0, 0, 
        14, 382, 1, 0), .Dim = c(5L, 3L), .Dimnames = list(c("-2", 
        "-1", "0", "1", "2"), c("A", "G", "T"))), N = 397), Majority = list(
        Freqs = structure(c(0, 0, 0, 0, 0, 0, 0, 0, 0, 0, 0, 
        17, 476, 1, 0), .Dim = c(5L, 3L), .Dimnames = list(c("-2", 
        "-1", "0", "1", "2"), c("A", "G", "T"))), N = 494)), 
    `2` = structure(c(0, 0, 0, 0, 0, 0, 0, 0, 0, 0, 0, 12, 391, 
    1, 0), .Dim = c(5L, 3L), .Dimnames = list(c("-2", "-1", "0", 
    "1", "2"), c("A", "G", "T"))))))
