Results <-
list(`bwa.out//20220204//BlindCMMRD95_S54.sam` = list(GM26_SNP1 = list(
    All = list(Freqs = structure(c(1L, 26L, 3790L, 12L, 6L, 0L, 
    0L, 5L, 0L, 0L, 0L, 2L, 24L, 0L, 0L), .Dim = c(5L, 3L), .Dimnames = structure(list(
        c("-2", "-1", "0", "1", NA), c("A", "G", NA)), .Names = c("", 
    "")), class = "table"), N = 3866L), Tag.Distribution = structure(c(`1` = 118L, 
    `2` = 35L, `3` = 20L, `4` = 24L, `5` = 22L, `6` = 21L, `7` = 16L, 
    `8` = 14L, `9` = 13L, `10` = 16L, `11` = 17L, `12` = 8L, 
    `13` = 10L, `14` = 8L, `15` = 3L, `16` = 9L, `17` = 6L, `18` = 7L, 
    `19` = 6L, `20` = 3L, `21` = 3L, `23` = 2L, `24` = 3L, `26` = 8L, 
    `27` = 2L, `28` = 4L, `29` = 2L, `30` = 5L, `31` = 1L, `32` = 1L, 
    `33` = 2L, `34` = 4L, `35` = 2L, `36` = 2L, `37` = 1L, `38` = 2L, 
    `39` = 1L, `40` = 2L, `43` = 2L, `48` = 1L, `54` = 1L), .Dim = 41L, .Dimnames = list(
        TagUsage = c("1", "2", "3", "4", "5", "6", "7", "8", 
        "9", "10", "11", "12", "13", "14", "15", "16", "17", 
        "18", "19", "20", "21", "23", "24", "26", "27", "28", 
        "29", "30", "31", "32", "33", "34", "35", "36", "37", 
        "38", "39", "40", "43", "48", "54")), class = "table"), 
    No.Tag = structure(c(0L, 1L, 75L, 1L, 1L, 0L, 0L, 0L, 0L, 
    0L, 0L, 0L, 1L, 0L, 0L), .Dim = c(5L, 3L), .Dimnames = structure(list(
        c("-2", "-1", "0", "1", NA), c("A", "G", NA)), .Names = c("", 
    "")), class = "table"), All.Tags = list(Concordant = list(
        Freqs = structure(c(0, 0, 390, 1, 0, 0, 4, 0), .Dim = c(4L, 
        2L), .Dimnames = list(c("-2", "-1", "0", "1"), c("A", 
        "G"))), N = 395), Majority = list(Freqs = structure(c(0, 
    0, 416, 1, 0, 0, 4, 0), .Dim = c(4L, 2L), .Dimnames = list(
        c("-2", "-1", "0", "1"), c("A", "G"))), N = 421)), `2` = structure(c(0, 
    0, 308, 0, 0, 0, 0, 0), .Dim = c(4L, 2L), .Dimnames = list(
        c("-2", "-1", "0", "1"), c("A", "G"))))))
