Results <-
list(`bwa.out//20220204//BlindCMMRD58_S17.sam` = list(LR52_SNP1 = list(
    All = list(Freqs = structure(c(0L, 0L, 0L, 0L, 1L, 0L, 0L, 
    0L, 0L, 0L, 0L, 0L, 8L, 0L, 0L, 2L, 1L, 1L, 26L, 456L, 3982L, 
    24L, 1L, 47L, 0L, 0L, 1L, 8L, 201L, 0L, 0L, 0L), .Dim = c(8L, 
    4L), .Dimnames = structure(list(c("-5", "-3", "-2", "-1", 
    "0", "1", "2", NA), c("A", "C", "T", NA)), .Names = c("", 
    "")), class = "table"), N = 4759L), Tag.Distribution = structure(c(`1` = 47L, 
    `2` = 16L, `3` = 10L, `4` = 7L, `5` = 13L, `6` = 7L, `7` = 8L, 
    `8` = 11L, `9` = 8L, `10` = 5L, `11` = 2L, `12` = 6L, `13` = 4L, 
    `14` = 10L, `15` = 5L, `16` = 2L, `17` = 4L, `18` = 5L, `19` = 7L, 
    `20` = 4L, `21` = 3L, `22` = 3L, `23` = 2L, `24` = 2L, `25` = 4L, 
    `27` = 7L, `28` = 1L, `29` = 1L, `31` = 3L, `32` = 4L, `33` = 2L, 
    `34` = 1L, `36` = 1L, `37` = 1L, `39` = 1L, `40` = 1L, `41` = 2L, 
    `42` = 2L, `43` = 1L, `45` = 2L, `46` = 1L, `47` = 2L, `48` = 1L, 
    `49` = 2L, `50` = 3L, `51` = 2L, `52` = 2L, `53` = 1L, `54` = 1L, 
    `55` = 5L, `59` = 1L, `60` = 1L, `61` = 1L, `62` = 2L, `63` = 1L, 
    `64` = 1L, `66` = 1L, `67` = 2L, `74` = 3L, `86` = 1L, `100` = 1L
    ), .Dim = 61L, .Dimnames = list(TagUsage = c("1", "2", "3", 
    "4", "5", "6", "7", "8", "9", "10", "11", "12", "13", "14", 
    "15", "16", "17", "18", "19", "20", "21", "22", "23", "24", 
    "25", "27", "28", "29", "31", "32", "33", "34", "36", "37", 
    "39", "40", "41", "42", "43", "45", "46", "47", "48", "49", 
    "50", "51", "52", "53", "54", "55", "59", "60", "61", "62", 
    "63", "64", "66", "67", "74", "86", "100")), class = "table"), 
    No.Tag = structure(c(0L, 0L, 0L, 0L, 0L, 0L, 0L, 0L, 0L, 
    0L, 0L, 0L, 0L, 0L, 0L, 0L, 0L, 0L, 0L, 9L, 66L, 0L, 0L, 
    0L, 0L, 0L, 0L, 1L, 5L, 0L, 0L, 0L), .Dim = c(8L, 4L), .Dimnames = structure(list(
        c("-5", "-3", "-2", "-1", "0", "1", "2", NA), c("A", 
        "C", "T", NA)), .Names = c("", "")), class = "table"), 
    All.Tags = list(Concordant = list(Freqs = structure(c(0, 
    0, 0, 0, 0, 0, 0, 0, 0, 0, 0, 7, 0, 0, 0, 0, 0, 4, 95, 2, 
    0), .Dim = c(7L, 3L), .Dimnames = list(c("-5", "-3", "-2", 
    "-1", "0", "1", "2"), c("A", "C", "T"))), N = 108), Majority = list(
        Freqs = structure(c(0, 0, 0, 0, 0, 0, 0, 0, 0, 0, 0, 
        7, 0, 0, 0, 0, 0, 11, 226, 2, 0), .Dim = c(7L, 3L), .Dimnames = list(
            c("-5", "-3", "-2", "-1", "0", "1", "2"), c("A", 
            "C", "T"))), N = 246)), `2` = structure(c(0, 0, 0, 
    0, 0, 0, 0, 0, 0, 0, 0, 0, 0, 0, 0, 0, 0, 8, 201, 0, 0), .Dim = c(7L, 
    3L), .Dimnames = list(c("-5", "-3", "-2", "-1", "0", "1", 
    "2"), c("A", "C", "T"))))))
