Results <-
list(`bwa.out//20220204//BlindCMMRD49_S9.sam` = list(GM11_SNP1 = list(
    All = list(Freqs = structure(c(24L, 6067L, 38L, 1L, 0L, 7L, 
    0L, 0L, 0L, 32L, 1L, 0L), .Dim = 4:3, .Dimnames = structure(list(
        c("-1", "0", "1", NA), c("A", "G", NA)), .Names = c("", 
    "")), class = "table"), N = 6170L), Tag.Distribution = structure(c(`1` = 75L, 
    `2` = 19L, `3` = 15L, `4` = 13L, `5` = 12L, `6` = 11L, `7` = 11L, 
    `8` = 10L, `9` = 6L, `10` = 8L, `11` = 9L, `12` = 11L, `13` = 6L, 
    `14` = 8L, `15` = 9L, `16` = 10L, `17` = 1L, `18` = 9L, `19` = 5L, 
    `20` = 5L, `21` = 6L, `22` = 1L, `23` = 11L, `24` = 7L, `25` = 5L, 
    `26` = 3L, `27` = 6L, `29` = 8L, `30` = 2L, `31` = 2L, `32` = 4L, 
    `33` = 5L, `34` = 1L, `35` = 2L, `37` = 1L, `38` = 2L, `39` = 3L, 
    `40` = 2L, `42` = 2L, `45` = 2L, `46` = 1L, `47` = 1L, `48` = 1L, 
    `49` = 2L, `50` = 1L, `51` = 1L, `52` = 2L, `53` = 3L, `54` = 1L, 
    `55` = 1L, `57` = 2L, `58` = 1L, `59` = 2L, `60` = 1L, `63` = 1L, 
    `64` = 1L, `65` = 3L, `67` = 2L, `69` = 1L, `70` = 2L, `80` = 2L, 
    `93` = 1L, `101` = 1L, `120` = 1L), .Dim = 64L, .Dimnames = list(
        TagUsage = c("1", "2", "3", "4", "5", "6", "7", "8", 
        "9", "10", "11", "12", "13", "14", "15", "16", "17", 
        "18", "19", "20", "21", "22", "23", "24", "25", "26", 
        "27", "29", "30", "31", "32", "33", "34", "35", "37", 
        "38", "39", "40", "42", "45", "46", "47", "48", "49", 
        "50", "51", "52", "53", "54", "55", "57", "58", "59", 
        "60", "63", "64", "65", "67", "69", "70", "80", "93", 
        "101", "120")), class = "table"), No.Tag = structure(c(0L, 
    82L, 0L, 0L, 0L, 0L, 0L, 0L, 0L, 1L, 0L, 0L), .Dim = 4:3, .Dimnames = structure(list(
        c("-1", "0", "1", NA), c("A", "G", NA)), .Names = c("", 
    "")), class = "table"), All.Tags = list(Concordant = list(
        Freqs = structure(c(1, 316, 2, 0, 6, 0), .Dim = 3:2, .Dimnames = list(
            c("-1", "0", "1"), c("A", "G"))), N = 325), Majority = list(
        Freqs = structure(c(1, 352, 3, 0, 6, 0), .Dim = 3:2, .Dimnames = list(
            c("-1", "0", "1"), c("A", "G"))), N = 362)), `2` = structure(c(0, 
    285, 3, 0, 0, 0), .Dim = 3:2, .Dimnames = list(c("-1", "0", 
    "1"), c("A", "G"))))))
