Results <-
list(`bwa.out//20220204//Control12_S5.sam` = list(GM14_SNP1 = list(
    All = list(Freqs = structure(c(21L, 727L, 4L, 0L, 25L, 848L, 
    2L, 1L, 0L, 26L, 0L, 0L), .Dim = 4:3, .Dimnames = structure(list(
        c("-1", "0", "1", NA), c("C", "T", NA)), .Names = c("", 
    "")), class = "table"), N = 1654L), Tag.Distribution = structure(c(`1` = 69L, 
    `2` = 33L, `3` = 27L, `4` = 25L, `5` = 17L, `6` = 13L, `7` = 13L, 
    `8` = 10L, `9` = 13L, `10` = 7L, `11` = 6L, `12` = 3L, `13` = 3L, 
    `14` = 5L, `15` = 6L, `16` = 7L, `17` = 4L, `18` = 3L, `19` = 2L, 
    `20` = 1L, `21` = 2L, `23` = 2L, `24` = 1L, `25` = 1L, `28` = 1L
    ), .Dim = 25L, .Dimnames = list(TagUsage = c("1", "2", "3", 
    "4", "5", "6", "7", "8", "9", "10", "11", "12", "13", "14", 
    "15", "16", "17", "18", "19", "20", "21", "23", "24", "25", 
    "28")), class = "table"), No.Tag = structure(c(0L, 34L, 0L, 
    0L, 0L, 22L, 0L, 0L, 0L, 3L, 0L, 0L), .Dim = 4:3, .Dimnames = structure(list(
        c("-1", "0", "1", NA), c("C", "T", NA)), .Names = c("", 
    "")), class = "table"), All.Tags = list(Concordant = list(
        Freqs = structure(c(3, 103, 0, 0, 116, 0), .Dim = 3:2, .Dimnames = list(
            c("-1", "0", "1"), c("C", "T"))), N = 222), Majority = list(
        Freqs = structure(c(3, 125, 0, 0, 136, 0), .Dim = 3:2, .Dimnames = list(
            c("-1", "0", "1"), c("C", "T"))), N = 264)), `2` = structure(c(0, 
    96, 0, 0, 103, 0), .Dim = 3:2, .Dimnames = list(c("-1", "0", 
    "1"), c("C", "T"))))))
