Results <-
list(`bwa.out//20220204//BlindCMMRD116_S42.sam` = list(LR11_SNP1 = list(
    All = list(Freqs = structure(c(1L, 1L, 79L, 1951L, 12L, 7L, 
    0L, 1L, 76L, 1582L, 16L, 8L, 0L, 0L, 0L, 18L, 0L, 0L), .Dim = c(6L, 
    3L), .Dimnames = structure(list(c("-4", "-2", "-1", "0", 
    "1", NA), c("A", "C", NA)), .Names = c("", "")), class = "table"), 
        N = 3752L), Tag.Distribution = structure(c(`1` = 143L, 
    `2` = 106L, `3` = 123L, `4` = 85L, `5` = 62L, `6` = 64L, 
    `7` = 59L, `8` = 40L, `9` = 22L, `10` = 17L, `11` = 19L, 
    `12` = 17L, `13` = 5L, `14` = 8L, `15` = 4L, `16` = 4L, `17` = 1L, 
    `18` = 2L, `19` = 2L, `20` = 1L, `21` = 1L), .Dim = 21L, .Dimnames = list(
        TagUsage = c("1", "2", "3", "4", "5", "6", "7", "8", 
        "9", "10", "11", "12", "13", "14", "15", "16", "17", 
        "18", "19", "20", "21")), class = "table"), No.Tag = structure(c(0L, 
    0L, 0L, 23L, 0L, 2L, 0L, 0L, 0L, 21L, 0L, 0L, 0L, 0L, 0L, 
    1L, 0L, 0L), .Dim = c(6L, 3L), .Dimnames = structure(list(
        c("-4", "-2", "-1", "0", "1", NA), c("A", "C", NA)), .Names = c("", 
    "")), class = "table"), All.Tags = list(Concordant = list(
        Freqs = structure(c(0, 0, 13, 338, 2, 0, 0, 12, 289, 
        1), .Dim = c(5L, 2L), .Dimnames = list(c("-4", "-2", 
        "-1", "0", "1"), c("A", "C"))), N = 655), Majority = list(
        Freqs = structure(c(0, 0, 14, 400, 2, 0, 0, 12, 342, 
        2), .Dim = c(5L, 2L), .Dimnames = list(c("-4", "-2", 
        "-1", "0", "1"), c("A", "C"))), N = 772)), `2` = structure(c(0, 
    0, 10, 332, 1, 0, 0, 7, 278, 1), .Dim = c(5L, 2L), .Dimnames = list(
        c("-4", "-2", "-1", "0", "1"), c("A", "C"))))))
