Results <-
list(`bwa.out//20220204//Control30_S23.sam` = list(GM17_SNP1 = list(
    All = list(Freqs = structure(c(0L, 1L, 0L, 0L, 16L, 1607L, 
    9L, 2L, 15L, 1534L, 2L, 1L, 0L, 17L, 0L, 0L), .Dim = c(4L, 
    4L), .Dimnames = structure(list(c("-1", "0", "1", NA), c("A", 
    "C", "T", NA)), .Names = c("", "")), class = "table"), N = 3204L), 
    Tag.Distribution = structure(c(`1` = 121L, `2` = 43L, `3` = 33L, 
    `4` = 41L, `5` = 29L, `6` = 16L, `7` = 30L, `8` = 25L, `9` = 18L, 
    `10` = 14L, `11` = 13L, `12` = 13L, `13` = 10L, `14` = 4L, 
    `15` = 3L, `16` = 6L, `17` = 6L, `18` = 3L, `19` = 4L, `20` = 3L, 
    `21` = 4L, `22` = 1L, `23` = 5L, `24` = 5L, `25` = 2L, `26` = 3L, 
    `27` = 3L, `28` = 1L, `29` = 2L, `31` = 2L, `33` = 1L, `37` = 1L
    ), .Dim = 32L, .Dimnames = list(TagUsage = c("1", "2", "3", 
    "4", "5", "6", "7", "8", "9", "10", "11", "12", "13", "14", 
    "15", "16", "17", "18", "19", "20", "21", "22", "23", "24", 
    "25", "26", "27", "28", "29", "31", "33", "37")), class = "table"), 
    No.Tag = structure(c(0L, 0L, 0L, 0L, 0L, 23L, 0L, 1L, 0L, 
    70L, 0L, 0L, 0L, 1L, 0L, 0L), .Dim = c(4L, 4L), .Dimnames = structure(list(
        c("-1", "0", "1", NA), c("A", "C", "T", NA)), .Names = c("", 
    "")), class = "table"), All.Tags = list(Concordant = list(
        Freqs = structure(c(0, 0, 0, 1, 210, 0, 0, 196, 0), .Dim = c(3L, 
        3L), .Dimnames = list(c("-1", "0", "1"), c("A", "C", 
        "T"))), N = 407), Majority = list(Freqs = structure(c(0, 
    0, 0, 1, 238, 0, 0, 221, 0), .Dim = c(3L, 3L), .Dimnames = list(
        c("-1", "0", "1"), c("A", "C", "T"))), N = 460)), `2` = structure(c(0, 
    0, 0, 0, 168, 0, 0, 173, 0), .Dim = c(3L, 3L), .Dimnames = list(
        c("-1", "0", "1"), c("A", "C", "T"))))))
