Results <-
list(`bwa.out//20220204//BlindCMMRD88_S47.sam` = list(GM22_SNP1 = list(
    All = list(Freqs = structure(c(3L, 112L, 6443L, 16L, 17L, 
    0L, 0L, 5L, 0L, 0L, 0L, 2L, 66L, 1L, 0L), .Dim = c(5L, 3L
    ), .Dimnames = structure(list(c("-2", "-1", "0", "1", NA), 
        c("A", "G", NA)), .Names = c("", "")), class = "table"), 
        N = 6665L), Tag.Distribution = structure(c(`1` = 151L, 
    `2` = 73L, `3` = 47L, `4` = 53L, `5` = 34L, `6` = 40L, `7` = 25L, 
    `8` = 21L, `9` = 26L, `10` = 20L, `11` = 26L, `12` = 28L, 
    `13` = 19L, `14` = 18L, `15` = 12L, `16` = 9L, `17` = 6L, 
    `18` = 12L, `19` = 8L, `20` = 12L, `21` = 8L, `22` = 7L, 
    `23` = 8L, `24` = 11L, `25` = 3L, `26` = 5L, `27` = 1L, `28` = 2L, 
    `29` = 5L, `30` = 1L, `31` = 3L, `32` = 3L, `33` = 6L, `34` = 2L, 
    `35` = 3L, `37` = 1L, `38` = 1L, `39` = 3L, `40` = 3L, `41` = 1L, 
    `43` = 1L, `44` = 1L, `46` = 2L, `47` = 1L, `48` = 1L, `53` = 1L, 
    `56` = 1L), .Dim = 47L, .Dimnames = list(TagUsage = c("1", 
    "2", "3", "4", "5", "6", "7", "8", "9", "10", "11", "12", 
    "13", "14", "15", "16", "17", "18", "19", "20", "21", "22", 
    "23", "24", "25", "26", "27", "28", "29", "30", "31", "32", 
    "33", "34", "35", "37", "38", "39", "40", "41", "43", "44", 
    "46", "47", "48", "53", "56")), class = "table"), No.Tag = structure(c(1L, 
    4L, 135L, 0L, 2L, 0L, 0L, 0L, 0L, 0L, 0L, 0L, 2L, 0L, 0L), .Dim = c(5L, 
    3L), .Dimnames = structure(list(c("-2", "-1", "0", "1", NA
    ), c("A", "G", NA)), .Names = c("", "")), class = "table"), 
    All.Tags = list(Concordant = list(Freqs = structure(c(0, 
    1, 619, 0, 0, 0, 3, 0), .Dim = c(4L, 2L), .Dimnames = list(
        c("-2", "-1", "0", "1"), c("A", "G"))), N = 623), Majority = list(
        Freqs = structure(c(0, 3, 708, 0, 0, 0, 3, 0), .Dim = c(4L, 
        2L), .Dimnames = list(c("-2", "-1", "0", "1"), c("A", 
        "G"))), N = 714)), `2` = structure(c(0, 2, 570, 0, 0, 
    0, 0, 0), .Dim = c(4L, 2L), .Dimnames = list(c("-2", "-1", 
    "0", "1"), c("A", "G"))))))
