Results <-
list(`bwa.out//20220204//BlindCMMRD42_S2.sam` = list(IM49_SNP1 = list(
    All = list(Freqs = structure(c(112L, 3157L, 64L, 0L, 39L, 
    0L, 5L, 0L, 0L, 0L, 1L, 162L, 1L, 1L, 0L), .Dim = c(5L, 3L
    ), .Dimnames = structure(list(c("-1", "0", "1", "2", NA), 
        c("C", "G", NA)), .Names = c("", "")), class = "table"), 
        N = 3542L), Tag.Distribution = structure(c(`1` = 141L, 
    `2` = 14L, `3` = 10L, `4` = 10L, `5` = 18L, `6` = 8L, `7` = 11L, 
    `8` = 10L, `9` = 19L, `10` = 14L, `11` = 13L, `12` = 13L, 
    `13` = 2L, `14` = 5L, `15` = 10L, `16` = 1L, `17` = 5L, `18` = 3L, 
    `19` = 2L, `20` = 6L, `21` = 5L, `22` = 4L, `23` = 4L, `24` = 2L, 
    `25` = 2L, `27` = 3L, `28` = 1L, `29` = 2L, `30` = 1L, `31` = 3L, 
    `32` = 3L, `33` = 3L, `35` = 1L, `37` = 2L, `38` = 3L, `39` = 1L, 
    `40` = 3L, `42` = 2L, `43` = 1L, `45` = 2L, `47` = 1L, `49` = 2L, 
    `50` = 1L, `51` = 2L), .Dim = 44L, .Dimnames = list(TagUsage = c("1", 
    "2", "3", "4", "5", "6", "7", "8", "9", "10", "11", "12", 
    "13", "14", "15", "16", "17", "18", "19", "20", "21", "22", 
    "23", "24", "25", "27", "28", "29", "30", "31", "32", "33", 
    "35", "37", "38", "39", "40", "42", "43", "45", "47", "49", 
    "50", "51")), class = "table"), No.Tag = structure(c(1L, 
    71L, 1L, 0L, 0L, 0L, 1L, 0L, 0L, 0L, 0L, 1L, 0L, 0L, 0L), .Dim = c(5L, 
    3L), .Dimnames = structure(list(c("-1", "0", "1", "2", NA
    ), c("C", "G", NA)), .Names = c("", "")), class = "table"), 
    All.Tags = list(Concordant = list(Freqs = structure(c(9, 
    212, 0, 0, 0, 3, 0, 0), .Dim = c(4L, 2L), .Dimnames = list(
        c("-1", "0", "1", "2"), c("C", "G"))), N = 224), Majority = list(
        Freqs = structure(c(10, 302, 1, 0, 0, 3, 0, 0), .Dim = c(4L, 
        2L), .Dimnames = list(c("-1", "0", "1", "2"), c("C", 
        "G"))), N = 316)), `2` = structure(c(3, 223, 1, 0, 0, 
    0, 0, 0), .Dim = c(4L, 2L), .Dimnames = list(c("-1", "0", 
    "1", "2"), c("C", "G"))))))
