Results <-
list(`bwa.out//20220204//BlindCMMRD45_S5.sam` = list(LR10_SNP1 = list(
    All = list(Freqs = structure(c(29L, 1560L, 7L, 4L, 0L, 1L, 
    0L, 0L, 33L, 1690L, 5L, 1L, 1L, 23L, 0L, 0L), .Dim = c(4L, 
    4L), .Dimnames = structure(list(c("-1", "0", "1", NA), c("C", 
    "G", "T", NA)), .Names = c("", "")), class = "table"), N = 3354L), 
    Tag.Distribution = structure(c(`1` = 69L, `2` = 23L, `3` = 20L, 
    `4` = 18L, `5` = 8L, `6` = 15L, `7` = 15L, `8` = 10L, `9` = 6L, 
    `10` = 5L, `11` = 12L, `12` = 7L, `13` = 8L, `14` = 7L, `15` = 4L, 
    `16` = 5L, `17` = 5L, `18` = 7L, `19` = 9L, `20` = 7L, `21` = 4L, 
    `22` = 1L, `23` = 1L, `24` = 3L, `25` = 5L, `26` = 3L, `28` = 4L, 
    `29` = 3L, `30` = 1L, `31` = 2L, `32` = 1L, `33` = 2L, `34` = 4L, 
    `35` = 2L, `36` = 2L, `37` = 1L, `40` = 1L, `42` = 2L, `49` = 2L, 
    `51` = 2L, `58` = 1L), .Dim = 41L, .Dimnames = list(TagUsage = c("1", 
    "2", "3", "4", "5", "6", "7", "8", "9", "10", "11", "12", 
    "13", "14", "15", "16", "17", "18", "19", "20", "21", "22", 
    "23", "24", "25", "26", "28", "29", "30", "31", "32", "33", 
    "34", "35", "36", "37", "40", "42", "49", "51", "58")), class = "table"), 
    No.Tag = structure(c(2L, 43L, 1L, 1L, 0L, 0L, 0L, 0L, 2L, 
    68L, 0L, 0L, 0L, 1L, 0L, 0L), .Dim = c(4L, 4L), .Dimnames = structure(list(
        c("-1", "0", "1", NA), c("C", "G", "T", NA)), .Names = c("", 
    "")), class = "table"), All.Tags = list(Concordant = list(
        Freqs = structure(c(1, 125, 0, 0, 0, 0, 2, 124, 0), .Dim = c(3L, 
        3L), .Dimnames = list(c("-1", "0", "1"), c("C", "G", 
        "T"))), N = 252), Majority = list(Freqs = structure(c(3, 
    147, 0, 0, 0, 0, 2, 152, 0), .Dim = c(3L, 3L), .Dimnames = list(
        c("-1", "0", "1"), c("C", "G", "T"))), N = 304)), `2` = structure(c(2, 
    114, 0, 0, 0, 0, 1, 120, 0), .Dim = c(3L, 3L), .Dimnames = list(
        c("-1", "0", "1"), c("C", "G", "T"))))))
