Results <-
list(`bwa.out//20220204//BlindCMMRD98_S57.sam` = list(GM11_SNP1 = list(
    All = list(Freqs = structure(c(106L, 5593L, 19L, 2L, 0L, 
    4L, 0L, 0L, 1L, 38L, 1L, 0L), .Dim = 4:3, .Dimnames = structure(list(
        c("-1", "0", "1", NA), c("A", "G", NA)), .Names = c("", 
    "")), class = "table"), N = 5764L), Tag.Distribution = structure(c(`1` = 123L, 
    `2` = 44L, `3` = 49L, `4` = 44L, `5` = 33L, `6` = 30L, `7` = 30L, 
    `8` = 27L, `9` = 20L, `10` = 18L, `11` = 15L, `12` = 15L, 
    `13` = 10L, `14` = 12L, `15` = 12L, `16` = 10L, `17` = 7L, 
    `18` = 6L, `19` = 10L, `20` = 8L, `21` = 6L, `22` = 3L, `23` = 3L, 
    `24` = 10L, `25` = 6L, `26` = 11L, `27` = 5L, `28` = 4L, 
    `29` = 3L, `30` = 5L, `31` = 3L, `32` = 6L, `33` = 4L, `34` = 2L, 
    `36` = 2L, `37` = 1L, `38` = 1L, `39` = 3L, `40` = 2L, `41` = 2L, 
    `42` = 1L, `45` = 1L, `49` = 1L), .Dim = 43L, .Dimnames = list(
        TagUsage = c("1", "2", "3", "4", "5", "6", "7", "8", 
        "9", "10", "11", "12", "13", "14", "15", "16", "17", 
        "18", "19", "20", "21", "22", "23", "24", "25", "26", 
        "27", "28", "29", "30", "31", "32", "33", "34", "36", 
        "37", "38", "39", "40", "41", "42", "45", "49")), class = "table"), 
    No.Tag = structure(c(1L, 67L, 0L, 0L, 0L, 0L, 0L, 0L, 0L, 
    3L, 0L, 0L), .Dim = 4:3, .Dimnames = structure(list(c("-1", 
    "0", "1", NA), c("A", "G", NA)), .Names = c("", "")), class = "table"), 
    All.Tags = list(Concordant = list(Freqs = structure(c(5, 
    559, 1, 0, 2, 0), .Dim = 3:2, .Dimnames = list(c("-1", "0", 
    "1"), c("A", "G"))), N = 567), Majority = list(Freqs = structure(c(5, 
    595, 1, 0, 2, 0), .Dim = 3:2, .Dimnames = list(c("-1", "0", 
    "1"), c("A", "G"))), N = 603)), `2` = structure(c(3, 481, 
    1, 0, 0, 0), .Dim = 3:2, .Dimnames = list(c("-1", "0", "1"
    ), c("A", "G"))))))
