Results <-
list(`bwa.out//20220204//13D0575_S2.sam` = list(LR36_SNP1 = list(
    All = list(Freqs = structure(c(0L, 1L, 0L, 0L, 0L, 0L, 4L, 
    69L, 1997L, 7L, 1L, 11L, 0L, 5L, 91L, 1L, 0L, 0L), .Dim = c(6L, 
    3L), .Dimnames = structure(list(c("-2", "-1", "0", "1", "2", 
    NA), c("A", "T", NA)), .Names = c("", "")), class = "table"), 
        N = 2187L), Tag.Distribution = structure(c(`1` = 111L, 
    `2` = 60L, `3` = 58L, `4` = 31L, `5` = 28L, `6` = 23L, `7` = 23L, 
    `8` = 19L, `9` = 17L, `10` = 12L, `11` = 11L, `12` = 9L, 
    `13` = 4L, `14` = 6L, `15` = 2L, `17` = 4L, `18` = 1L, `19` = 3L, 
    `20` = 1L, `21` = 1L, `22` = 1L, `23` = 1L, `26` = 2L, `27` = 1L, 
    `30` = 1L), .Dim = 25L, .Dimnames = list(TagUsage = c("1", 
    "2", "3", "4", "5", "6", "7", "8", "9", "10", "11", "12", 
    "13", "14", "15", "17", "18", "19", "20", "21", "22", "23", 
    "26", "27", "30")), class = "table"), No.Tag = structure(c(0L, 
    0L, 0L, 0L, 0L, 0L, 0L, 2L, 47L, 0L, 0L, 3L, 0L, 0L, 9L, 
    0L, 0L, 0L), .Dim = c(6L, 3L), .Dimnames = structure(list(
        c("-2", "-1", "0", "1", "2", NA), c("A", "T", NA)), .Names = c("", 
    "")), class = "table"), All.Tags = list(Concordant = list(
        Freqs = structure(c(0, 1, 0, 0, 0, 0, 9, 378, 0, 0), .Dim = c(5L, 
        2L), .Dimnames = list(c("-2", "-1", "0", "1", "2"), c("A", 
        "T"))), N = 388), Majority = list(Freqs = structure(c(0, 
    1, 0, 0, 0, 0, 10, 409, 0, 0), .Dim = c(5L, 2L), .Dimnames = list(
        c("-2", "-1", "0", "1", "2"), c("A", "T"))), N = 420)), 
    `2` = structure(c(0, 0, 0, 0, 0, 0, 8, 308, 0, 0), .Dim = c(5L, 
    2L), .Dimnames = list(c("-2", "-1", "0", "1", "2"), c("A", 
    "T"))))))
