Results <-
list(`bwa.out//20220204//BlindCMMRD56_S15.sam` = list(IM16_SNP1 = list(
    All = list(Freqs = structure(c(90L, 4702L, 62L, 3L, 0L, 3L, 
    0L, 0L, 0L, 1L, 0L, 0L, 0L, 34L, 2L, 0L), .Dim = c(4L, 4L
    ), .Dimnames = structure(list(c("-1", "0", "1", NA), c("A", 
    "G", "T", NA)), .Names = c("", "")), class = "table"), N = 4897L), 
    Tag.Distribution = structure(c(`1` = 117L, `2` = 60L, `3` = 56L, 
    `4` = 52L, `5` = 38L, `6` = 38L, `7` = 29L, `8` = 30L, `9` = 33L, 
    `10` = 26L, `11` = 18L, `12` = 14L, `13` = 13L, `14` = 10L, 
    `15` = 8L, `16` = 7L, `17` = 12L, `18` = 7L, `19` = 8L, `20` = 7L, 
    `21` = 4L, `22` = 1L, `23` = 14L, `24` = 5L, `25` = 2L, `27` = 2L, 
    `28` = 3L, `29` = 2L, `30` = 2L, `31` = 1L, `32` = 1L, `33` = 2L, 
    `34` = 1L, `35` = 1L, `41` = 1L, `42` = 1L, `47` = 1L), .Dim = 37L, .Dimnames = list(
        TagUsage = c("1", "2", "3", "4", "5", "6", "7", "8", 
        "9", "10", "11", "12", "13", "14", "15", "16", "17", 
        "18", "19", "20", "21", "22", "23", "24", "25", "27", 
        "28", "29", "30", "31", "32", "33", "34", "35", "41", 
        "42", "47")), class = "table"), No.Tag = structure(c(0L, 
    140L, 5L, 0L, 0L, 1L, 0L, 0L, 0L, 0L, 0L, 0L, 0L, 8L, 1L, 
    0L), .Dim = c(4L, 4L), .Dimnames = structure(list(c("-1", 
    "0", "1", NA), c("A", "G", "T", NA)), .Names = c("", "")), class = "table"), 
    All.Tags = list(Concordant = list(Freqs = structure(c(2, 
    527, 3, 0, 1, 0, 0, 0, 0), .Dim = c(3L, 3L), .Dimnames = list(
        c("-1", "0", "1"), c("A", "G", "T"))), N = 533), Majority = list(
        Freqs = structure(c(4, 609, 3, 0, 1, 0, 0, 0, 0), .Dim = c(3L, 
        3L), .Dimnames = list(c("-1", "0", "1"), c("A", "G", 
        "T"))), N = 617)), `2` = structure(c(4, 501, 1, 0, 0, 
    0, 0, 0, 0), .Dim = c(3L, 3L), .Dimnames = list(c("-1", "0", 
    "1"), c("A", "G", "T"))))))
