Results <-
list(`bwa.out//20220204//BlindCMMRD124_S50.sam` = list(GM07_SNP1 = list(
    All = list(Freqs = structure(c(4L, 163L, 2124L, 122L, 4L, 
    23L, 0L, 0L, 12L, 2L, 0L, 0L), .Dim = c(6L, 2L), .Dimnames = structure(list(
        c("-2", "-1", "0", "1", "2", NA), c("G", NA)), .Names = c("", 
    "")), class = "table"), N = 2454L), Tag.Distribution = structure(c(`1` = 109L, 
    `2` = 73L, `3` = 52L, `4` = 61L, `5` = 34L, `6` = 29L, `7` = 26L, 
    `8` = 17L, `9` = 15L, `10` = 11L, `11` = 9L, `12` = 11L, 
    `13` = 9L, `14` = 10L, `15` = 6L, `16` = 4L, `18` = 2L, `19` = 3L, 
    `21` = 1L, `25` = 1L, `30` = 1L), .Dim = 21L, .Dimnames = list(
        TagUsage = c("1", "2", "3", "4", "5", "6", "7", "8", 
        "9", "10", "11", "12", "13", "14", "15", "16", "18", 
        "19", "21", "25", "30")), class = "table"), No.Tag = structure(c(0L, 
    3L, 69L, 4L, 0L, 3L, 0L, 0L, 2L, 0L, 0L, 0L), .Dim = c(6L, 
    2L), .Dimnames = structure(list(c("-2", "-1", "0", "1", "2", 
    NA), c("G", NA)), .Names = c("", "")), class = "table"), 
    All.Tags = list(Concordant = list(Freqs = structure(c(1, 
    10, 341, 13, 0), .Dim = c(5L, 1L), .Dimnames = list(c("-2", 
    "-1", "0", "1", "2"), "G")), N = 365), Majority = list(Freqs = structure(c(1, 
    15, 435, 17, 1), .Dim = c(5L, 1L), .Dimnames = list(c("-2", 
    "-1", "0", "1", "2"), "G")), N = 469)), `2` = structure(c(0, 
    12, 343, 11, 1), .Dim = c(5L, 1L), .Dimnames = list(c("-2", 
    "-1", "0", "1", "2"), "G")))))
