Results <-
list(`bwa.out//20220204//MLPA01_S9.sam` = list(GM22_SNP1 = list(
    All = list(Freqs = structure(c(4L, 50L, 3976L, 18L, 11L, 
    0L, 2L, 46L, 0L, 0L), .Dim = c(5L, 2L), .Dimnames = structure(list(
        c("-2", "-1", "0", "1", NA), c("A", NA)), .Names = c("", 
    "")), class = "table"), N = 4107L), Tag.Distribution = structure(c(`1` = 161L, 
    `2` = 78L, `3` = 60L, `4` = 56L, `5` = 40L, `6` = 41L, `7` = 41L, 
    `8` = 25L, `9` = 24L, `10` = 18L, `11` = 14L, `12` = 23L, 
    `13` = 17L, `14` = 11L, `15` = 11L, `16` = 7L, `17` = 6L, 
    `18` = 9L, `19` = 6L, `20` = 4L, `21` = 5L, `22` = 3L, `23` = 4L, 
    `24` = 3L, `26` = 1L, `31` = 1L, `34` = 1L), .Dim = 27L, .Dimnames = list(
        TagUsage = c("1", "2", "3", "4", "5", "6", "7", "8", 
        "9", "10", "11", "12", "13", "14", "15", "16", "17", 
        "18", "19", "20", "21", "22", "23", "24", "26", "31", 
        "34")), class = "table"), No.Tag = structure(c(0L, 0L, 
    86L, 0L, 2L, 0L, 0L, 3L, 0L, 0L), .Dim = c(5L, 2L), .Dimnames = structure(list(
        c("-2", "-1", "0", "1", NA), c("A", NA)), .Names = c("", 
    "")), class = "table"), All.Tags = list(Concordant = list(
        Freqs = structure(c(0, 1, 600, 0), .Dim = c(4L, 1L), .Dimnames = list(
            c("-2", "-1", "0", "1"), "A")), N = 601), Majority = list(
        Freqs = structure(c(0, 2, 657, 0), .Dim = c(4L, 1L), .Dimnames = list(
            c("-2", "-1", "0", "1"), "A")), N = 659)), `2` = structure(c(0, 
    1, 505, 0), .Dim = c(4L, 1L), .Dimnames = list(c("-2", "-1", 
    "0", "1"), "A")))))
