Results <-
list(`bwa.out//20220204//BlindCMMRD96_S55.sam` = list(LR40_SNP1 = list(
    All = list(Freqs = structure(c(0L, 3L, 0L, 0L, 46L, 3880L, 
    16L, 7L, 0L, 22L, 0L, 0L), .Dim = 4:3, .Dimnames = structure(list(
        c("-1", "0", "1", NA), c("A", "C", NA)), .Names = c("", 
    "")), class = "table"), N = 3974L), Tag.Distribution = structure(c(`1` = 161L, 
    `2` = 72L, `3` = 71L, `4` = 68L, `5` = 62L, `6` = 46L, `7` = 44L, 
    `8` = 21L, `9` = 32L, `10` = 21L, `11` = 13L, `12` = 13L, 
    `13` = 8L, `14` = 10L, `15` = 11L, `16` = 11L, `17` = 5L, 
    `18` = 1L, `19` = 2L, `20` = 3L, `22` = 2L, `24` = 4L, `25` = 1L, 
    `26` = 1L, `27` = 1L, `28` = 1L, `31` = 1L, `33` = 1L, `34` = 1L, 
    `41` = 1L, `43` = 1L), .Dim = 31L, .Dimnames = list(TagUsage = c("1", 
    "2", "3", "4", "5", "6", "7", "8", "9", "10", "11", "12", 
    "13", "14", "15", "16", "17", "18", "19", "20", "22", "24", 
    "25", "26", "27", "28", "31", "33", "34", "41", "43")), class = "table"), 
    No.Tag = structure(c(0L, 0L, 0L, 0L, 1L, 103L, 0L, 2L, 0L, 
    5L, 0L, 0L), .Dim = 4:3, .Dimnames = structure(list(c("-1", 
    "0", "1", NA), c("A", "C", NA)), .Names = c("", "")), class = "table"), 
    All.Tags = list(Concordant = list(Freqs = structure(c(0, 
    3, 0, 4, 634, 0), .Dim = 3:2, .Dimnames = list(c("-1", "0", 
    "1"), c("A", "C"))), N = 641), Majority = list(Freqs = structure(c(0, 
    3, 0, 4, 677, 1), .Dim = 3:2, .Dimnames = list(c("-1", "0", 
    "1"), c("A", "C"))), N = 685)), `2` = structure(c(0, 0, 0, 
    0, 527, 1), .Dim = 3:2, .Dimnames = list(c("-1", "0", "1"
    ), c("A", "C"))))))
