Results <-
list(`bwa.out//20220204//BlindCMMRD45_S5.sam` = list(LR49_SNP1 = list(
    All = list(Freqs = structure(c(9L, 2172L, 1L, 2L, 1L, 2009L, 
    0L, 0L, 0L, 1L, 0L, 0L, 0L, 36L, 0L, 0L), .Dim = c(4L, 4L
    ), .Dimnames = structure(list(c("-1", "0", "1", NA), c("A", 
    "G", "T", NA)), .Names = c("", "")), class = "table"), N = 4231L), 
    Tag.Distribution = structure(c(`1` = 91L, `2` = 22L, `3` = 21L, 
    `4` = 22L, `5` = 20L, `6` = 27L, `7` = 9L, `8` = 10L, `9` = 20L, 
    `10` = 13L, `11` = 12L, `12` = 13L, `13` = 8L, `14` = 7L, 
    `15` = 9L, `16` = 11L, `17` = 5L, `18` = 13L, `19` = 9L, 
    `20` = 5L, `21` = 2L, `22` = 4L, `23` = 3L, `24` = 2L, `25` = 2L, 
    `26` = 6L, `27` = 5L, `28` = 2L, `30` = 2L, `31` = 2L, `32` = 3L, 
    `35` = 2L, `36` = 1L, `37` = 3L, `38` = 3L, `40` = 1L, `42` = 1L, 
    `43` = 1L, `44` = 1L, `45` = 1L, `49` = 1L, `50` = 1L, `52` = 1L, 
    `55` = 3L), .Dim = 44L, .Dimnames = list(TagUsage = c("1", 
    "2", "3", "4", "5", "6", "7", "8", "9", "10", "11", "12", 
    "13", "14", "15", "16", "17", "18", "19", "20", "21", "22", 
    "23", "24", "25", "26", "27", "28", "30", "31", "32", "35", 
    "36", "37", "38", "40", "42", "43", "44", "45", "49", "50", 
    "52", "55")), class = "table"), No.Tag = structure(c(1L, 
    48L, 0L, 0L, 0L, 65L, 0L, 0L, 0L, 0L, 0L, 0L, 0L, 2L, 0L, 
    0L), .Dim = c(4L, 4L), .Dimnames = structure(list(c("-1", 
    "0", "1", NA), c("A", "G", "T", NA)), .Names = c("", "")), class = "table"), 
    All.Tags = list(Concordant = list(Freqs = structure(c(0, 
    181, 0, 0, 191, 0, 0, 0, 0), .Dim = c(3L, 3L), .Dimnames = list(
        c("-1", "0", "1"), c("A", "G", "T"))), N = 372), Majority = list(
        Freqs = structure(c(0, 194, 0, 0, 196, 0, 0, 0, 0), .Dim = c(3L, 
        3L), .Dimnames = list(c("-1", "0", "1"), c("A", "G", 
        "T"))), N = 390)), `2` = structure(c(0, 152, 0, 0, 156, 
    0, 0, 0, 0), .Dim = c(3L, 3L), .Dimnames = list(c("-1", "0", 
    "1"), c("A", "G", "T"))))))
