Results <-
list(`bwa.out//20220204//17D0944_S7.sam` = list(GM26_SNP1 = list(
    All = list(Freqs = structure(c(1L, 13L, 1599L, 4L, 4L, 0L, 
    9L, 1697L, 3L, 2L, 0L, 0L, 56L, 0L, 0L), .Dim = c(5L, 3L), .Dimnames = structure(list(
        c("-2", "-1", "0", "1", NA), c("A", "G", NA)), .Names = c("", 
    "")), class = "table"), N = 3388L), Tag.Distribution = structure(c(`1` = 92L, 
    `2` = 30L, `3` = 25L, `4` = 23L, `5` = 16L, `6` = 15L, `7` = 14L, 
    `8` = 15L, `9` = 12L, `10` = 16L, `11` = 8L, `12` = 6L, `13` = 11L, 
    `14` = 3L, `15` = 6L, `16` = 5L, `17` = 6L, `18` = 6L, `19` = 5L, 
    `20` = 7L, `21` = 9L, `22` = 2L, `23` = 1L, `24` = 8L, `25` = 7L, 
    `26` = 3L, `27` = 3L, `28` = 4L, `29` = 2L, `30` = 1L, `32` = 1L, 
    `33` = 1L, `38` = 1L, `39` = 2L, `51` = 1L, `59` = 1L, `60` = 1L, 
    `70` = 1L), .Dim = 38L, .Dimnames = list(TagUsage = c("1", 
    "2", "3", "4", "5", "6", "7", "8", "9", "10", "11", "12", 
    "13", "14", "15", "16", "17", "18", "19", "20", "21", "22", 
    "23", "24", "25", "26", "27", "28", "29", "30", "32", "33", 
    "38", "39", "51", "59", "60", "70")), class = "table"), No.Tag = structure(c(0L, 
    0L, 34L, 1L, 0L, 0L, 0L, 14L, 0L, 0L, 0L, 0L, 1L, 0L, 0L), .Dim = c(5L, 
    3L), .Dimnames = structure(list(c("-2", "-1", "0", "1", NA
    ), c("A", "G", NA)), .Names = c("", "")), class = "table"), 
    All.Tags = list(Concordant = list(Freqs = structure(c(0, 
    0, 167, 0, 0, 1, 157, 0), .Dim = c(4L, 2L), .Dimnames = list(
        c("-2", "-1", "0", "1"), c("A", "G"))), N = 325), Majority = list(
        Freqs = structure(c(0, 0, 185, 0, 0, 1, 173, 0), .Dim = c(4L, 
        2L), .Dimnames = list(c("-2", "-1", "0", "1"), c("A", 
        "G"))), N = 359)), `2` = structure(c(0, 0, 145, 0, 0, 
    0, 131, 0), .Dim = c(4L, 2L), .Dimnames = list(c("-2", "-1", 
    "0", "1"), c("A", "G"))))))
