Results <-
list(`bwa.out//20220204//BlindCMMRD87_S46.sam` = list(GM22_SNP1 = list(
    All = list(Freqs = structure(c(1L, 69L, 5876L, 45L, 9L, 0L, 
    1L, 65L, 3L, 0L), .Dim = c(5L, 2L), .Dimnames = structure(list(
        c("-2", "-1", "0", "1", NA), c("A", NA)), .Names = c("", 
    "")), class = "table"), N = 6069L), Tag.Distribution = structure(c(`1` = 88L, 
    `2` = 27L, `3` = 19L, `4` = 22L, `5` = 19L, `6` = 22L, `7` = 16L, 
    `8` = 9L, `9` = 18L, `10` = 15L, `11` = 9L, `12` = 17L, `13` = 12L, 
    `14` = 9L, `15` = 11L, `16` = 10L, `17` = 6L, `18` = 8L, 
    `19` = 11L, `20` = 11L, `21` = 9L, `22` = 9L, `23` = 9L, 
    `24` = 9L, `25` = 5L, `26` = 2L, `27` = 3L, `28` = 3L, `29` = 6L, 
    `30` = 3L, `31` = 1L, `32` = 2L, `33` = 3L, `34` = 3L, `35` = 3L, 
    `36` = 2L, `37` = 2L, `38` = 1L, `39` = 1L, `40` = 3L, `42` = 1L, 
    `43` = 6L, `44` = 1L, `45` = 4L, `46` = 2L, `48` = 1L, `50` = 3L, 
    `54` = 3L, `57` = 1L, `64` = 1L, `65` = 1L, `83` = 1L), .Dim = 52L, .Dimnames = list(
        TagUsage = c("1", "2", "3", "4", "5", "6", "7", "8", 
        "9", "10", "11", "12", "13", "14", "15", "16", "17", 
        "18", "19", "20", "21", "22", "23", "24", "25", "26", 
        "27", "28", "29", "30", "31", "32", "33", "34", "35", 
        "36", "37", "38", "39", "40", "42", "43", "44", "45", 
        "46", "48", "50", "54", "57", "64", "65", "83")), class = "table"), 
    No.Tag = structure(c(0L, 0L, 60L, 1L, 2L, 0L, 0L, 6L, 0L, 
    0L), .Dim = c(5L, 2L), .Dimnames = structure(list(c("-2", 
    "-1", "0", "1", NA), c("A", NA)), .Names = c("", "")), class = "table"), 
    All.Tags = list(Concordant = list(Freqs = structure(c(0, 
    1, 379, 0), .Dim = c(4L, 1L), .Dimnames = list(c("-2", "-1", 
    "0", "1"), "A")), N = 380), Majority = list(Freqs = structure(c(0, 
    1, 452, 0), .Dim = c(4L, 1L), .Dimnames = list(c("-2", "-1", 
    "0", "1"), "A")), N = 453)), `2` = structure(c(0, 0, 372, 
    0), .Dim = c(4L, 1L), .Dimnames = list(c("-2", "-1", "0", 
    "1"), "A")))))
