Results <-
list(`bwa.out//20220204//BlindCMMRD95_S54.sam` = list(GM17_SNP1 = list(
    All = list(Freqs = structure(c(50L, 4973L, 10L, 3L, 0L, 12L, 
    0L, 0L, 0L, 47L, 0L, 0L), .Dim = 4:3, .Dimnames = structure(list(
        c("-1", "0", "1", NA), c("C", "T", NA)), .Names = c("", 
    "")), class = "table"), N = 5095L), Tag.Distribution = structure(c(`1` = 99L, 
    `2` = 39L, `3` = 37L, `4` = 30L, `5` = 25L, `6` = 24L, `7` = 21L, 
    `8` = 21L, `9` = 6L, `10` = 7L, `11` = 19L, `12` = 11L, `13` = 13L, 
    `14` = 13L, `15` = 4L, `16` = 2L, `17` = 5L, `18` = 2L, `19` = 9L, 
    `20` = 8L, `21` = 2L, `22` = 7L, `23` = 8L, `24` = 10L, `25` = 7L, 
    `26` = 3L, `27` = 9L, `28` = 3L, `29` = 3L, `30` = 2L, `31` = 5L, 
    `32` = 4L, `33` = 1L, `34` = 3L, `35` = 2L, `36` = 5L, `37` = 3L, 
    `39` = 1L, `40` = 2L, `41` = 1L, `42` = 3L, `43` = 1L, `44` = 1L, 
    `45` = 1L, `47` = 1L, `52` = 1L), .Dim = 46L, .Dimnames = list(
        TagUsage = c("1", "2", "3", "4", "5", "6", "7", "8", 
        "9", "10", "11", "12", "13", "14", "15", "16", "17", 
        "18", "19", "20", "21", "22", "23", "24", "25", "26", 
        "27", "28", "29", "30", "31", "32", "33", "34", "35", 
        "36", "37", "39", "40", "41", "42", "43", "44", "45", 
        "47", "52")), class = "table"), No.Tag = structure(c(1L, 
    92L, 0L, 0L, 0L, 1L, 0L, 0L, 0L, 6L, 0L, 0L), .Dim = 4:3, .Dimnames = structure(list(
        c("-1", "0", "1", NA), c("C", "T", NA)), .Names = c("", 
    "")), class = "table"), All.Tags = list(Concordant = list(
        Freqs = structure(c(1, 420, 0, 0, 9, 0), .Dim = 3:2, .Dimnames = list(
            c("-1", "0", "1"), c("C", "T"))), N = 430), Majority = list(
        Freqs = structure(c(1, 464, 0, 0, 9, 0), .Dim = 3:2, .Dimnames = list(
            c("-1", "0", "1"), c("C", "T"))), N = 474)), `2` = structure(c(0, 
    384, 0, 0, 0, 0), .Dim = 3:2, .Dimnames = list(c("-1", "0", 
    "1"), c("C", "T"))))))
