Results <-
list(`bwa.out//20220204//BlindCMMRD43_S3.sam` = list(LR48_SNP1 = list(
    All = list(Freqs = structure(c(0L, 0L, 1L, 0L, 0L, 2L, 60L, 
    1487L, 14L, 11L, 0L, 45L, 1789L, 21L, 3L, 0L, 2L, 53L, 3L, 
    0L), .Dim = 5:4, .Dimnames = structure(list(c("-2", "-1", 
    "0", "1", NA), c("A", "C", "T", NA)), .Names = c("", "")), class = "table"), 
        N = 3491L), Tag.Distribution = structure(c(`1` = 59L, 
    `2` = 13L, `3` = 19L, `4` = 14L, `5` = 9L, `6` = 14L, `7` = 5L, 
    `8` = 8L, `9` = 14L, `10` = 6L, `11` = 7L, `12` = 14L, `13` = 8L, 
    `14` = 7L, `15` = 6L, `16` = 5L, `17` = 4L, `18` = 6L, `19` = 4L, 
    `20` = 6L, `21` = 2L, `22` = 4L, `23` = 4L, `24` = 4L, `25` = 2L, 
    `26` = 1L, `27` = 3L, `28` = 2L, `29` = 2L, `30` = 6L, `31` = 4L, 
    `32` = 2L, `33` = 2L, `34` = 2L, `35` = 1L, `36` = 1L, `37` = 2L, 
    `38` = 3L, `39` = 1L, `40` = 1L, `41` = 2L, `42` = 1L, `45` = 1L, 
    `47` = 1L, `50` = 1L, `51` = 1L), .Dim = 46L, .Dimnames = list(
        TagUsage = c("1", "2", "3", "4", "5", "6", "7", "8", 
        "9", "10", "11", "12", "13", "14", "15", "16", "17", 
        "18", "19", "20", "21", "22", "23", "24", "25", "26", 
        "27", "28", "29", "30", "31", "32", "33", "34", "35", 
        "36", "37", "38", "39", "40", "41", "42", "45", "47", 
        "50", "51")), class = "table"), No.Tag = structure(c(0L, 
    0L, 0L, 0L, 0L, 0L, 0L, 17L, 0L, 0L, 0L, 0L, 109L, 5L, 1L, 
    0L, 0L, 10L, 2L, 0L), .Dim = 5:4, .Dimnames = structure(list(
        c("-2", "-1", "0", "1", NA), c("A", "C", "T", NA)), .Names = c("", 
    "")), class = "table"), All.Tags = list(Concordant = list(
        Freqs = structure(c(0, 0, 0, 0, 0, 5, 93, 0, 0, 5, 103, 
        1), .Dim = 4:3, .Dimnames = list(c("-2", "-1", "0", "1"
        ), c("A", "C", "T"))), N = 207), Majority = list(Freqs = structure(c(0, 
    0, 0, 0, 0, 6, 128, 0, 0, 5, 139, 1), .Dim = 4:3, .Dimnames = list(
        c("-2", "-1", "0", "1"), c("A", "C", "T"))), N = 279)), 
    `2` = structure(c(0, 0, 0, 0, 0, 3, 103, 0, 0, 3, 114, 0), .Dim = 4:3, .Dimnames = list(
        c("-2", "-1", "0", "1"), c("A", "C", "T"))))))
