Results <-
list(`bwa.out//20220204//BlindCMMRD46_S6.sam` = list(GM11_SNP1 = list(
    All = list(Freqs = structure(c(8L, 2230L, 4L, 0L, 17L, 2582L, 
    16L, 4L, 0L, 28L, 0L, 0L), .Dim = 4:3, .Dimnames = structure(list(
        c("-1", "0", "1", NA), c("A", "G", NA)), .Names = c("", 
    "")), class = "table"), N = 4889L), Tag.Distribution = structure(c(`1` = 77L, 
    `2` = 26L, `3` = 25L, `4` = 19L, `5` = 18L, `6` = 17L, `7` = 15L, 
    `8` = 22L, `9` = 11L, `10` = 10L, `11` = 16L, `12` = 17L, 
    `13` = 17L, `14` = 11L, `15` = 6L, `16` = 6L, `17` = 7L, 
    `18` = 5L, `19` = 6L, `20` = 2L, `21` = 2L, `22` = 9L, `23` = 2L, 
    `24` = 5L, `25` = 8L, `26` = 5L, `27` = 3L, `28` = 7L, `29` = 9L, 
    `30` = 5L, `31` = 3L, `32` = 2L, `33` = 5L, `34` = 4L, `35` = 1L, 
    `36` = 2L, `39` = 1L, `41` = 1L, `42` = 3L, `45` = 1L, `47` = 1L, 
    `52` = 1L, `54` = 1L, `56` = 2L, `58` = 1L), .Dim = 45L, .Dimnames = list(
        TagUsage = c("1", "2", "3", "4", "5", "6", "7", "8", 
        "9", "10", "11", "12", "13", "14", "15", "16", "17", 
        "18", "19", "20", "21", "22", "23", "24", "25", "26", 
        "27", "28", "29", "30", "31", "32", "33", "34", "35", 
        "36", "39", "41", "42", "45", "47", "52", "54", "56", 
        "58")), class = "table"), No.Tag = structure(c(0L, 37L, 
    0L, 0L, 0L, 32L, 1L, 0L, 0L, 0L, 0L, 0L), .Dim = 4:3, .Dimnames = structure(list(
        c("-1", "0", "1", NA), c("A", "G", NA)), .Names = c("", 
    "")), class = "table"), All.Tags = list(Concordant = list(
        Freqs = structure(c(0, 181, 0, 0, 178, 0), .Dim = 3:2, .Dimnames = list(
            c("-1", "0", "1"), c("A", "G"))), N = 359), Majority = list(
        Freqs = structure(c(0, 201, 0, 0, 211, 0), .Dim = 3:2, .Dimnames = list(
            c("-1", "0", "1"), c("A", "G"))), N = 412)), `2` = structure(c(0, 
    156, 0, 0, 181, 0), .Dim = 3:2, .Dimnames = list(c("-1", 
    "0", "1"), c("A", "G"))))))
