Results <-
list(`bwa.out//20220204//MLPA100_S14.sam` = list(LR40_SNP1 = list(
    All = list(Freqs = structure(c(1L, 57L, 4503L, 20L, 12L, 
    0L, 0L, 1L, 0L, 0L, 0L, 0L, 19L, 0L, 0L), .Dim = c(5L, 3L
    ), .Dimnames = structure(list(c("-2", "-1", "0", "1", NA), 
        c("C", "T", NA)), .Names = c("", "")), class = "table"), 
        N = 4613L), Tag.Distribution = structure(c(`1` = 219L, 
    `2` = 131L, `3` = 93L, `4` = 96L, `5` = 65L, `6` = 47L, `7` = 46L, 
    `8` = 35L, `9` = 25L, `10` = 26L, `11` = 21L, `12` = 10L, 
    `13` = 13L, `14` = 9L, `15` = 5L, `16` = 5L, `17` = 10L, 
    `18` = 5L, `20` = 7L, `22` = 3L, `23` = 6L, `24` = 1L, `25` = 3L, 
    `26` = 1L, `30` = 1L, `32` = 1L, `34` = 1L, `36` = 1L), .Dim = 28L, .Dimnames = list(
        TagUsage = c("1", "2", "3", "4", "5", "6", "7", "8", 
        "9", "10", "11", "12", "13", "14", "15", "16", "17", 
        "18", "20", "22", "23", "24", "25", "26", "30", "32", 
        "34", "36")), class = "table"), No.Tag = structure(c(0L, 
    1L, 110L, 1L, 0L, 0L, 0L, 0L, 0L, 0L, 0L, 0L, 1L, 0L, 0L), .Dim = c(5L, 
    3L), .Dimnames = structure(list(c("-2", "-1", "0", "1", NA
    ), c("C", "T", NA)), .Names = c("", "")), class = "table"), 
    All.Tags = list(Concordant = list(Freqs = structure(c(0, 
    3, 824, 0, 0, 0, 0, 0), .Dim = c(4L, 2L), .Dimnames = list(
        c("-2", "-1", "0", "1"), c("C", "T"))), N = 827), Majority = list(
        Freqs = structure(c(0, 4, 878, 0, 0, 0, 0, 0), .Dim = c(4L, 
        2L), .Dimnames = list(c("-2", "-1", "0", "1"), c("C", 
        "T"))), N = 882)), `2` = structure(c(0, 2, 661, 0, 0, 
    0, 0, 0), .Dim = c(4L, 2L), .Dimnames = list(c("-2", "-1", 
    "0", "1"), c("C", "T"))))))
