Results <-
list(`bwa.out//20220204//BlindCMMRD108_S10.sam` = list(GM09_SNP1 = list(
    All = list(Freqs = structure(c(0L, 2L, 0L, 0L, 10L, 2067L, 
    1L, 3L, 0L, 1L, 0L, 0L, 0L, 9L, 0L, 0L), .Dim = c(4L, 4L), .Dimnames = structure(list(
        c("-1", "0", "1", NA), c("A", "G", "T", NA)), .Names = c("", 
    "")), class = "table"), N = 2093L), Tag.Distribution = structure(c(`1` = 56L, 
    `2` = 21L, `3` = 15L, `4` = 10L, `5` = 13L, `6` = 15L, `7` = 10L, 
    `8` = 17L, `9` = 10L, `10` = 9L, `11` = 7L, `12` = 10L, `13` = 10L, 
    `14` = 3L, `15` = 9L, `16` = 2L, `17` = 4L, `18` = 1L, `19` = 3L, 
    `20` = 4L, `21` = 4L, `22` = 3L, `23` = 3L, `24` = 3L, `25` = 2L, 
    `26` = 2L, `27` = 1L, `28` = 3L, `30` = 2L), .Dim = 29L, .Dimnames = list(
        TagUsage = c("1", "2", "3", "4", "5", "6", "7", "8", 
        "9", "10", "11", "12", "13", "14", "15", "16", "17", 
        "18", "19", "20", "21", "22", "23", "24", "25", "26", 
        "27", "28", "30")), class = "table"), No.Tag = structure(c(0L, 
    0L, 0L, 0L, 1L, 44L, 0L, 1L, 0L, 0L, 0L, 0L, 0L, 0L, 0L, 
    0L), .Dim = c(4L, 4L), .Dimnames = structure(list(c("-1", 
    "0", "1", NA), c("A", "G", "T", NA)), .Names = c("", "")), class = "table"), 
    All.Tags = list(Concordant = list(Freqs = structure(c(0, 
    1, 0, 1, 238, 0, 0, 0, 0), .Dim = c(3L, 3L), .Dimnames = list(
        c("-1", "0", "1"), c("A", "G", "T"))), N = 240), Majority = list(
        Freqs = structure(c(0, 1, 0, 1, 248, 0, 0, 0, 0), .Dim = c(3L, 
        3L), .Dimnames = list(c("-1", "0", "1"), c("A", "G", 
        "T"))), N = 250)), `2` = structure(c(0, 0, 0, 1, 195, 
    0, 0, 0, 0), .Dim = c(3L, 3L), .Dimnames = list(c("-1", "0", 
    "1"), c("A", "G", "T"))))))
