Results <-
list(`bwa.out//20220204//BlindCMMRD41_S1.sam` = list(IM16_SNP1 = list(
    All = list(Freqs = structure(c(14L, 2251L, 23L, 1L, 20L, 
    2641L, 32L, 0L, 1L, 58L, 5L, 0L), .Dim = 4:3, .Dimnames = structure(list(
        c("-1", "0", "1", NA), c("A", "G", NA)), .Names = c("", 
    "")), class = "table"), N = 5046L), Tag.Distribution = structure(c(`1` = 96L, 
    `2` = 22L, `3` = 12L, `4` = 13L, `5` = 11L, `6` = 9L, `7` = 14L, 
    `8` = 19L, `9` = 14L, `10` = 12L, `11` = 10L, `12` = 18L, 
    `13` = 10L, `14` = 7L, `15` = 8L, `16` = 8L, `17` = 4L, `18` = 6L, 
    `19` = 7L, `20` = 4L, `21` = 5L, `22` = 6L, `23` = 9L, `24` = 4L, 
    `25` = 3L, `26` = 5L, `27` = 3L, `28` = 3L, `29` = 4L, `30` = 6L, 
    `31` = 2L, `33` = 1L, `34` = 4L, `35` = 4L, `36` = 2L, `37` = 4L, 
    `38` = 2L, `39` = 4L, `41` = 3L, `42` = 2L, `43` = 2L, `44` = 2L, 
    `45` = 2L, `46` = 3L, `47` = 2L, `51` = 1L, `52` = 1L, `63` = 1L
    ), .Dim = 48L, .Dimnames = list(TagUsage = c("1", "2", "3", 
    "4", "5", "6", "7", "8", "9", "10", "11", "12", "13", "14", 
    "15", "16", "17", "18", "19", "20", "21", "22", "23", "24", 
    "25", "26", "27", "28", "29", "30", "31", "33", "34", "35", 
    "36", "37", "38", "39", "41", "42", "43", "44", "45", "46", 
    "47", "51", "52", "63")), class = "table"), No.Tag = structure(c(0L, 
    72L, 0L, 1L, 0L, 39L, 0L, 0L, 1L, 11L, 0L, 0L), .Dim = 4:3, .Dimnames = structure(list(
        c("-1", "0", "1", NA), c("A", "G", NA)), .Names = c("", 
    "")), class = "table"), All.Tags = list(Concordant = list(
        Freqs = structure(c(0, 139, 0, 2, 172, 0), .Dim = 3:2, .Dimnames = list(
            c("-1", "0", "1"), c("A", "G"))), N = 313), Majority = list(
        Freqs = structure(c(0, 170, 0, 2, 212, 0), .Dim = 3:2, .Dimnames = list(
            c("-1", "0", "1"), c("A", "G"))), N = 384)), `2` = structure(c(0, 
    128, 0, 0, 168, 0), .Dim = 3:2, .Dimnames = list(c("-1", 
    "0", "1"), c("A", "G"))))))
