Results <-
list(`bwa.out//20220204//BlindCMMRD53_S12.sam` = list(GM09_SNP1 = list(
    All = list(Freqs = structure(c(0L, 4L, 0L, 0L, 20L, 4719L, 
    8L, 1L, 0L, 1L, 0L, 0L, 0L, 40L, 0L, 0L), .Dim = c(4L, 4L
    ), .Dimnames = structure(list(c("-1", "0", "1", NA), c("A", 
    "G", "T", NA)), .Names = c("", "")), class = "table"), N = 4793L), 
    Tag.Distribution = structure(c(`1` = 135L, `2` = 66L, `3` = 63L, 
    `4` = 38L, `5` = 33L, `6` = 24L, `7` = 25L, `8` = 41L, `9` = 21L, 
    `10` = 19L, `11` = 22L, `12` = 16L, `13` = 14L, `14` = 14L, 
    `15` = 10L, `16` = 5L, `17` = 8L, `18` = 9L, `19` = 8L, `20` = 10L, 
    `21` = 10L, `22` = 3L, `23` = 1L, `24` = 2L, `25` = 7L, `26` = 3L, 
    `27` = 4L, `28` = 5L, `29` = 1L, `31` = 1L, `32` = 2L, `33` = 1L, 
    `35` = 1L, `37` = 1L, `40` = 1L, `41` = 1L, `43` = 1L), .Dim = 37L, .Dimnames = list(
        TagUsage = c("1", "2", "3", "4", "5", "6", "7", "8", 
        "9", "10", "11", "12", "13", "14", "15", "16", "17", 
        "18", "19", "20", "21", "22", "23", "24", "25", "26", 
        "27", "28", "29", "31", "32", "33", "35", "37", "40", 
        "41", "43")), class = "table"), No.Tag = structure(c(0L, 
    0L, 0L, 0L, 1L, 99L, 0L, 1L, 0L, 0L, 0L, 0L, 0L, 0L, 0L, 
    0L), .Dim = c(4L, 4L), .Dimnames = structure(list(c("-1", 
    "0", "1", NA), c("A", "G", "T", NA)), .Names = c("", "")), class = "table"), 
    All.Tags = list(Concordant = list(Freqs = structure(c(0, 
    3, 0, 1, 590, 0, 0, 0, 0), .Dim = c(3L, 3L), .Dimnames = list(
        c("-1", "0", "1"), c("A", "G", "T"))), N = 594), Majority = list(
        Freqs = structure(c(0, 3, 0, 1, 615, 0, 0, 0, 0), .Dim = c(3L, 
        3L), .Dimnames = list(c("-1", "0", "1"), c("A", "G", 
        "T"))), N = 619)), `2` = structure(c(0, 0, 0, 0, 491, 
    0, 0, 0, 0), .Dim = c(3L, 3L), .Dimnames = list(c("-1", "0", 
    "1"), c("A", "G", "T"))))))
