Results <-
list(`bwa.out//20220204//Control19_S12.sam` = list(GM26_SNP1 = list(
    All = list(Freqs = structure(c(11L, 1132L, 4L, 2L, 6L, 1168L, 
    2L, 0L, 0L, 46L, 0L, 0L), .Dim = 4:3, .Dimnames = structure(list(
        c("-1", "0", "1", NA), c("A", "G", NA)), .Names = c("", 
    "")), class = "table"), N = 2371L), Tag.Distribution = structure(c(`1` = 107L, 
    `2` = 49L, `3` = 37L, `4` = 26L, `5` = 26L, `6` = 30L, `7` = 23L, 
    `8` = 16L, `9` = 15L, `10` = 22L, `11` = 13L, `12` = 7L, 
    `13` = 6L, `14` = 3L, `15` = 7L, `16` = 5L, `17` = 1L, `18` = 4L, 
    `19` = 4L, `20` = 3L, `21` = 4L, `22` = 2L, `23` = 1L, `28` = 2L
    ), .Dim = 24L, .Dimnames = list(TagUsage = c("1", "2", "3", 
    "4", "5", "6", "7", "8", "9", "10", "11", "12", "13", "14", 
    "15", "16", "17", "18", "19", "20", "21", "22", "23", "28"
    )), class = "table"), No.Tag = structure(c(0L, 26L, 0L, 0L, 
    0L, 3L, 0L, 0L, 0L, 4L, 0L, 0L), .Dim = 4:3, .Dimnames = structure(list(
        c("-1", "0", "1", NA), c("A", "G", NA)), .Names = c("", 
    "")), class = "table"), All.Tags = list(Concordant = list(
        Freqs = structure(c(1, 187, 1, 0, 183, 0), .Dim = 3:2, .Dimnames = list(
            c("-1", "0", "1"), c("A", "G"))), N = 372), Majority = list(
        Freqs = structure(c(2, 200, 1, 0, 199, 0), .Dim = 3:2, .Dimnames = list(
            c("-1", "0", "1"), c("A", "G"))), N = 402)), `2` = structure(c(1, 
    147, 0, 0, 153, 0), .Dim = 3:2, .Dimnames = list(c("-1", 
    "0", "1"), c("A", "G"))))))
