Results <-
list(`bwa.out//20220204//17D0989_S8.sam` = list(GM29_SNP1 = list(
    All = list(Freqs = structure(c(0L, 1L, 0L, 0L, 48L, 4145L, 
    15L, 11L, 0L, 1L, 0L, 0L, 0L, 27L, 0L, 0L), .Dim = c(4L, 
    4L), .Dimnames = structure(list(c("-1", "0", "1", NA), c("A", 
    "G", "T", NA)), .Names = c("", "")), class = "table"), N = 4248L), 
    Tag.Distribution = structure(c(`1` = 125L, `2` = 79L, `3` = 51L, 
    `4` = 37L, `5` = 32L, `6` = 26L, `7` = 26L, `8` = 24L, `9` = 22L, 
    `10` = 14L, `11` = 17L, `12` = 20L, `13` = 9L, `14` = 17L, 
    `15` = 7L, `16` = 6L, `17` = 10L, `18` = 5L, `19` = 5L, `20` = 4L, 
    `21` = 6L, `22` = 3L, `23` = 6L, `24` = 5L, `25` = 1L, `26` = 6L, 
    `28` = 3L, `29` = 3L, `30` = 2L, `31` = 1L, `32` = 1L, `33` = 2L, 
    `35` = 1L, `38` = 1L, `46` = 1L), .Dim = 35L, .Dimnames = list(
        TagUsage = c("1", "2", "3", "4", "5", "6", "7", "8", 
        "9", "10", "11", "12", "13", "14", "15", "16", "17", 
        "18", "19", "20", "21", "22", "23", "24", "25", "26", 
        "28", "29", "30", "31", "32", "33", "35", "38", "46")), class = "table"), 
    No.Tag = structure(c(0L, 0L, 0L, 0L, 3L, 98L, 0L, 3L, 0L, 
    0L, 0L, 0L, 0L, 4L, 0L, 0L), .Dim = c(4L, 4L), .Dimnames = structure(list(
        c("-1", "0", "1", NA), c("A", "G", "T", NA)), .Names = c("", 
    "")), class = "table"), All.Tags = list(Concordant = list(
        Freqs = structure(c(0, 1, 0, 2, 518, 1, 0, 0, 0), .Dim = c(3L, 
        3L), .Dimnames = list(c("-1", "0", "1"), c("A", "G", 
        "T"))), N = 522), Majority = list(Freqs = structure(c(0, 
    1, 0, 2, 571, 1, 0, 0, 0), .Dim = c(3L, 3L), .Dimnames = list(
        c("-1", "0", "1"), c("A", "G", "T"))), N = 575)), `2` = structure(c(0, 
    0, 0, 0, 452, 0, 0, 0, 0), .Dim = c(3L, 3L), .Dimnames = list(
        c("-1", "0", "1"), c("A", "G", "T"))))))
