Results <-
list(`bwa.out//20220204//Control28_S21.sam` = list(GM11_SNP1 = list(
    All = list(Freqs = structure(c(7L, 1568L, 6L, 1L, 12L, 1704L, 
    14L, 1L, 0L, 33L, 0L, 0L), .Dim = 4:3, .Dimnames = structure(list(
        c("-1", "0", "1", NA), c("A", "G", NA)), .Names = c("", 
    "")), class = "table"), N = 3346L), Tag.Distribution = structure(c(`1` = 121L, 
    `2` = 70L, `3` = 53L, `4` = 38L, `5` = 41L, `6` = 31L, `7` = 33L, 
    `8` = 22L, `9` = 9L, `10` = 15L, `11` = 22L, `12` = 14L, 
    `13` = 14L, `14` = 10L, `15` = 9L, `16` = 8L, `17` = 1L, 
    `18` = 7L, `19` = 6L, `20` = 4L, `21` = 2L, `23` = 1L, `24` = 4L, 
    `25` = 1L, `26` = 2L, `27` = 1L, `28` = 1L, `45` = 1L), .Dim = 28L, .Dimnames = list(
        TagUsage = c("1", "2", "3", "4", "5", "6", "7", "8", 
        "9", "10", "11", "12", "13", "14", "15", "16", "17", 
        "18", "19", "20", "21", "23", "24", "25", "26", "27", 
        "28", "45")), class = "table"), No.Tag = structure(c(0L, 
    35L, 0L, 0L, 0L, 39L, 0L, 0L, 0L, 1L, 0L, 0L), .Dim = 4:3, .Dimnames = structure(list(
        c("-1", "0", "1", NA), c("A", "G", NA)), .Names = c("", 
    "")), class = "table"), All.Tags = list(Concordant = list(
        Freqs = structure(c(0, 240, 0, 0, 228, 0), .Dim = 3:2, .Dimnames = list(
            c("-1", "0", "1"), c("A", "G"))), N = 468), Majority = list(
        Freqs = structure(c(0, 262, 1, 0, 261, 0), .Dim = 3:2, .Dimnames = list(
            c("-1", "0", "1"), c("A", "G"))), N = 524)), `2` = structure(c(0, 
    208, 1, 0, 205, 0), .Dim = 3:2, .Dimnames = list(c("-1", 
    "0", "1"), c("A", "G"))))))
