Results <-
list(`bwa.out//20220204//BlindCMMRD79_S38.sam` = list(LR46_SNP1 = list(
    All = list(Freqs = structure(c(15L, 3142L, 7L, 9L, 0L, 3L, 
    0L, 0L, 0L, 19L, 0L, 0L), .Dim = 4:3, .Dimnames = structure(list(
        c("-1", "0", "1", NA), c("G", "T", NA)), .Names = c("", 
    "")), class = "table"), N = 3195L), Tag.Distribution = structure(c(`1` = 98L, 
    `2` = 38L, `3` = 39L, `4` = 39L, `5` = 33L, `6` = 32L, `7` = 25L, 
    `8` = 29L, `9` = 18L, `10` = 17L, `11` = 11L, `12` = 10L, 
    `13` = 9L, `14` = 14L, `15` = 4L, `16` = 6L, `17` = 4L, `18` = 4L, 
    `19` = 7L, `20` = 7L, `21` = 2L, `22` = 2L, `23` = 2L, `24` = 3L, 
    `26` = 1L, `28` = 1L, `29` = 1L, `30` = 1L, `33` = 1L, `36` = 1L, 
    `38` = 2L), .Dim = 31L, .Dimnames = list(TagUsage = c("1", 
    "2", "3", "4", "5", "6", "7", "8", "9", "10", "11", "12", 
    "13", "14", "15", "16", "17", "18", "19", "20", "21", "22", 
    "23", "24", "26", "28", "29", "30", "33", "36", "38")), class = "table"), 
    No.Tag = structure(c(1L, 62L, 0L, 0L, 0L, 0L, 0L, 0L, 0L, 
    4L, 0L, 0L), .Dim = 4:3, .Dimnames = structure(list(c("-1", 
    "0", "1", NA), c("G", "T", NA)), .Names = c("", "")), class = "table"), 
    All.Tags = list(Concordant = list(Freqs = structure(c(0, 
    434, 0, 0, 3, 0), .Dim = 3:2, .Dimnames = list(c("-1", "0", 
    "1"), c("G", "T"))), N = 437), Majority = list(Freqs = structure(c(0, 
    453, 0, 0, 3, 0), .Dim = 3:2, .Dimnames = list(c("-1", "0", 
    "1"), c("G", "T"))), N = 456)), `2` = structure(c(0, 361, 
    0, 0, 0, 0), .Dim = 3:2, .Dimnames = list(c("-1", "0", "1"
    ), c("G", "T"))))))
