Results <-
list(`bwa.out//20220204//BlindCMMRD95_S54.sam` = list(GM07_SNP1 = list(
    All = list(Freqs = structure(c(2L, 91L, 1460L, 43L, 2L, 30L, 
    1L, 63L, 1331L, 39L, 0L, 14L, 0L, 0L, 52L, 2L, 0L, 0L), .Dim = c(6L, 
    3L), .Dimnames = structure(list(c("-2", "-1", "0", "1", "2", 
    NA), c("A", "G", NA)), .Names = c("", "")), class = "table"), 
        N = 3130L), Tag.Distribution = structure(c(`1` = 101L, 
    `2` = 37L, `3` = 35L, `4` = 27L, `5` = 18L, `6` = 18L, `7` = 20L, 
    `8` = 17L, `9` = 13L, `10` = 17L, `11` = 13L, `12` = 12L, 
    `13` = 9L, `14` = 5L, `15` = 7L, `16` = 4L, `17` = 3L, `18` = 5L, 
    `19` = 4L, `20` = 6L, `21` = 2L, `22` = 4L, `23` = 5L, `24` = 3L, 
    `25` = 3L, `26` = 2L, `27` = 2L, `29` = 1L, `31` = 1L, `32` = 3L, 
    `34` = 1L, `35` = 1L, `37` = 1L, `39` = 1L), .Dim = 34L, .Dimnames = list(
        TagUsage = c("1", "2", "3", "4", "5", "6", "7", "8", 
        "9", "10", "11", "12", "13", "14", "15", "16", "17", 
        "18", "19", "20", "21", "22", "23", "24", "25", "26", 
        "27", "29", "31", "32", "34", "35", "37", "39")), class = "table"), 
    No.Tag = structure(c(0L, 2L, 87L, 4L, 0L, 3L, 0L, 2L, 87L, 
    2L, 0L, 2L, 0L, 0L, 12L, 1L, 0L, 0L), .Dim = c(6L, 3L), .Dimnames = structure(list(
        c("-2", "-1", "0", "1", "2", NA), c("A", "G", NA)), .Names = c("", 
    "")), class = "table"), All.Tags = list(Concordant = list(
        Freqs = structure(c(0, 3, 139, 1, 0, 0, 1, 122, 0, 0), .Dim = c(5L, 
        2L), .Dimnames = list(c("-2", "-1", "0", "1", "2"), c("A", 
        "G"))), N = 266), Majority = list(Freqs = structure(c(0, 
    5, 208, 1, 0, 0, 1, 173, 0, 0), .Dim = c(5L, 2L), .Dimnames = list(
        c("-2", "-1", "0", "1", "2"), c("A", "G"))), N = 388)), 
    `2` = structure(c(0, 2, 157, 0, 0, 0, 1, 134, 0, 0), .Dim = c(5L, 
    2L), .Dimnames = list(c("-2", "-1", "0", "1", "2"), c("A", 
    "G"))))))
