Results <-
list(`bwa.out//20220204//BlindCMMRD70_S29.sam` = list(GM29_SNP1 = list(
    All = list(Freqs = structure(c(1L, 45L, 4223L, 6L, 1L, 7L, 
    0L, 0L, 1L, 0L, 0L, 0L, 0L, 0L, 33L, 0L, 0L, 0L), .Dim = c(6L, 
    3L), .Dimnames = structure(list(c("-2", "-1", "0", "1", "2", 
    NA), c("A", "G", NA)), .Names = c("", "")), class = "table"), 
        N = 4317L), Tag.Distribution = structure(c(`1` = 73L, 
    `2` = 42L, `3` = 36L, `4` = 36L, `5` = 27L, `6` = 20L, `7` = 25L, 
    `8` = 25L, `9` = 21L, `10` = 14L, `11` = 10L, `12` = 12L, 
    `13` = 13L, `14` = 7L, `15` = 10L, `16` = 7L, `17` = 5L, 
    `18` = 5L, `19` = 5L, `20` = 5L, `21` = 3L, `22` = 5L, `23` = 4L, 
    `24` = 1L, `25` = 5L, `26` = 1L, `27` = 3L, `28` = 3L, `29` = 4L, 
    `30` = 1L, `31` = 1L, `33` = 3L, `34` = 3L, `35` = 2L, `36` = 1L, 
    `39` = 1L, `40` = 2L, `41` = 1L, `42` = 1L, `43` = 1L, `45` = 1L, 
    `49` = 2L, `59` = 1L, `60` = 1L, `82` = 1L), .Dim = 45L, .Dimnames = list(
        TagUsage = c("1", "2", "3", "4", "5", "6", "7", "8", 
        "9", "10", "11", "12", "13", "14", "15", "16", "17", 
        "18", "19", "20", "21", "22", "23", "24", "25", "26", 
        "27", "28", "29", "30", "31", "33", "34", "35", "36", 
        "39", "40", "41", "42", "43", "45", "49", "59", "60", 
        "82")), class = "table"), No.Tag = structure(c(0L, 3L, 
    113L, 0L, 0L, 1L, 0L, 0L, 0L, 0L, 0L, 0L, 0L, 0L, 1L, 0L, 
    0L, 0L), .Dim = c(6L, 3L), .Dimnames = structure(list(c("-2", 
    "-1", "0", "1", "2", NA), c("A", "G", NA)), .Names = c("", 
    "")), class = "table"), All.Tags = list(Concordant = list(
        Freqs = structure(c(0, 0, 401, 0, 0, 0, 0, 0, 0, 0), .Dim = c(5L, 
        2L), .Dimnames = list(c("-2", "-1", "0", "1", "2"), c("A", 
        "G"))), N = 401), Majority = list(Freqs = structure(c(0, 
    0, 446, 0, 0, 0, 0, 0, 0, 0), .Dim = c(5L, 2L), .Dimnames = list(
        c("-2", "-1", "0", "1", "2"), c("A", "G"))), N = 446)), 
    `2` = structure(c(0, 0, 375, 0, 0, 0, 0, 0, 0, 0), .Dim = c(5L, 
    2L), .Dimnames = list(c("-2", "-1", "0", "1", "2"), c("A", 
    "G"))))))
