Results <-
list(`bwa.out//20220204//BlindCMMRD109_S35.sam` = list(DEPDC2_SNP1 = list(
    All = list(Freqs = structure(c(28L, 2667L, 10L, 5L, 17L, 
    3022L, 22L, 4L, 0L, 79L, 0L, 0L), .Dim = 4:3, .Dimnames = structure(list(
        c("-1", "0", "1", NA), c("C", "T", NA)), .Names = c("", 
    "")), class = "table"), N = 5854L), Tag.Distribution = structure(c(`1` = 311L, 
    `2` = 220L, `3` = 210L, `4` = 130L, `5` = 126L, `6` = 97L, 
    `7` = 69L, `8` = 54L, `9` = 44L, `10` = 32L, `11` = 27L, 
    `12` = 15L, `13` = 9L, `14` = 5L, `15` = 4L, `16` = 1L, `17` = 3L, 
    `18` = 4L, `19` = 1L, `20` = 1L, `23` = 1L, `25` = 3L), .Dim = 22L, .Dimnames = list(
        TagUsage = c("1", "2", "3", "4", "5", "6", "7", "8", 
        "9", "10", "11", "12", "13", "14", "15", "16", "17", 
        "18", "19", "20", "23", "25")), class = "table"), No.Tag = structure(c(1L, 
    44L, 0L, 1L, 0L, 59L, 0L, 0L, 0L, 5L, 0L, 0L), .Dim = 4:3, .Dimnames = structure(list(
        c("-1", "0", "1", NA), c("C", "T", NA)), .Names = c("", 
    "")), class = "table"), All.Tags = list(Concordant = list(
        Freqs = structure(c(3, 535, 0, 0, 584, 1), .Dim = 3:2, .Dimnames = list(
            c("-1", "0", "1"), c("C", "T"))), N = 1123), Majority = list(
        Freqs = structure(c(3, 642, 0, 0, 688, 1), .Dim = 3:2, .Dimnames = list(
            c("-1", "0", "1"), c("C", "T"))), N = 1334)), `2` = structure(c(1, 
    498, 0, 0, 532, 0), .Dim = 3:2, .Dimnames = list(c("-1", 
    "0", "1"), c("C", "T"))))))
