Results <-
list(`bwa.out//20220204//BlindCMMRD53_S12.sam` = list(LR24_SNP1 = list(
    All = list(Freqs = structure(c(1L, 4L, 2161L, 7L, 2L, 0L, 
    14L, 2041L, 2L, 1L, 0L, 0L, 1L, 0L, 0L, 0L, 0L, 19L, 0L, 
    0L), .Dim = 5:4, .Dimnames = structure(list(c("-2", "-1", 
    "0", "1", NA), c("A", "G", "T", NA)), .Names = c("", "")), class = "table"), 
        N = 4253L), Tag.Distribution = structure(c(`1` = 191L, 
    `2` = 115L, `3` = 98L, `4` = 72L, `5` = 72L, `6` = 46L, `7` = 35L, 
    `8` = 34L, `9` = 34L, `10` = 31L, `11` = 16L, `12` = 16L, 
    `13` = 10L, `14` = 7L, `15` = 9L, `16` = 4L, `17` = 2L, `18` = 7L, 
    `19` = 3L, `20` = 4L, `21` = 2L, `22` = 2L, `23` = 1L, `24` = 1L, 
    `25` = 1L, `26` = 1L, `27` = 1L, `28` = 2L), .Dim = 28L, .Dimnames = list(
        TagUsage = c("1", "2", "3", "4", "5", "6", "7", "8", 
        "9", "10", "11", "12", "13", "14", "15", "16", "17", 
        "18", "19", "20", "21", "22", "23", "24", "25", "26", 
        "27", "28")), class = "table"), No.Tag = structure(c(0L, 
    0L, 42L, 0L, 0L, 0L, 0L, 78L, 0L, 0L, 0L, 0L, 0L, 0L, 0L, 
    0L, 0L, 2L, 0L, 0L), .Dim = 5:4, .Dimnames = structure(list(
        c("-2", "-1", "0", "1", NA), c("A", "G", "T", NA)), .Names = c("", 
    "")), class = "table"), All.Tags = list(Concordant = list(
        Freqs = structure(c(0, 0, 386, 0, 0, 0, 369, 0, 0, 0, 
        0, 0), .Dim = 4:3, .Dimnames = list(c("-2", "-1", "0", 
        "1"), c("A", "G", "T"))), N = 755), Majority = list(Freqs = structure(c(0, 
    0, 413, 1, 0, 0, 395, 0, 0, 0, 0, 0), .Dim = 4:3, .Dimnames = list(
        c("-2", "-1", "0", "1"), c("A", "G", "T"))), N = 809)), 
    `2` = structure(c(0, 0, 323, 1, 0, 0, 296, 0, 0, 0, 0, 0), .Dim = 4:3, .Dimnames = list(
        c("-2", "-1", "0", "1"), c("A", "G", "T"))))))
