Results <-
list(`bwa.out//20220204//MLPA03_S10.sam` = list(LR52_SNP1 = list(
    All = list(Freqs = structure(c(0L, 0L, 0L, 1L, 0L, 0L, 0L, 
    0L, 0L, 1L, 0L, 0L, 1L, 27L, 395L, 3016L, 31L, 30L, 0L, 0L, 
    0L, 4L, 0L, 0L, 0L, 1L, 12L, 442L, 10L, 0L), .Dim = 6:5, .Dimnames = structure(list(
        c("-3", "-2", "-1", "0", "1", NA), c("-", "A", "C", "T", 
        NA)), .Names = c("", "")), class = "table"), N = 3971L), 
    Tag.Distribution = structure(c(`1` = 86L, `2` = 34L, `3` = 28L, 
    `4` = 17L, `5` = 11L, `6` = 16L, `7` = 18L, `8` = 10L, `9` = 9L, 
    `10` = 12L, `11` = 8L, `12` = 7L, `13` = 9L, `14` = 7L, `15` = 6L, 
    `16` = 2L, `17` = 8L, `18` = 8L, `19` = 8L, `20` = 4L, `21` = 3L, 
    `22` = 5L, `23` = 2L, `24` = 5L, `25` = 3L, `26` = 2L, `27` = 2L, 
    `28` = 3L, `29` = 3L, `30` = 2L, `32` = 2L, `33` = 2L, `34` = 1L, 
    `35` = 3L, `36` = 2L, `37` = 5L, `39` = 3L, `40` = 1L, `41` = 1L, 
    `42` = 1L, `43` = 2L, `44` = 1L, `45` = 2L, `48` = 1L, `51` = 1L, 
    `52` = 2L, `59` = 1L), .Dim = 47L, .Dimnames = list(TagUsage = c("1", 
    "2", "3", "4", "5", "6", "7", "8", "9", "10", "11", "12", 
    "13", "14", "15", "16", "17", "18", "19", "20", "21", "22", 
    "23", "24", "25", "26", "27", "28", "29", "30", "32", "33", 
    "34", "35", "36", "37", "39", "40", "41", "42", "43", "44", 
    "45", "48", "51", "52", "59")), class = "table"), No.Tag = structure(c(0L, 
    0L, 0L, 0L, 0L, 0L, 0L, 0L, 0L, 0L, 0L, 0L, 0L, 0L, 5L, 72L, 
    0L, 0L, 0L, 0L, 0L, 0L, 0L, 0L, 0L, 0L, 1L, 9L, 0L, 0L), .Dim = 6:5, .Dimnames = structure(list(
        c("-3", "-2", "-1", "0", "1", NA), c("-", "A", "C", "T", 
        NA)), .Names = c("", "")), class = "table"), All.Tags = list(
        Concordant = list(Freqs = structure(c(0, 0, 0, 0, 0, 
        0, 0, 0, 0, 0, 0, 0, 12, 166, 2, 0, 0, 0, 2, 0), .Dim = 5:4, .Dimnames = list(
            c("-3", "-2", "-1", "0", "1"), c("-", "A", "C", "T"
            ))), N = 182), Majority = list(Freqs = structure(c(0, 
        0, 0, 0, 0, 0, 0, 0, 0, 0, 0, 0, 18, 324, 2, 0, 0, 0, 
        2, 0), .Dim = 5:4, .Dimnames = list(c("-3", "-2", "-1", 
        "0", "1"), c("-", "A", "C", "T"))), N = 346)), `2` = structure(c(0, 
    0, 0, 0, 0, 0, 0, 0, 0, 0, 0, 0, 11, 265, 0, 0, 0, 0, 0, 
    0), .Dim = 5:4, .Dimnames = list(c("-3", "-2", "-1", "0", 
    "1"), c("-", "A", "C", "T"))))))
