Results <-
list(`bwa.out//20220204//BlindCMMRD95_S54.sam` = list(LR40_SNP1 = list(
    All = list(Freqs = structure(c(0L, 0L, 2L, 0L, 0L, 1L, 70L, 
    4958L, 9L, 5L, 0L, 0L, 1L, 0L, 0L, 0L, 0L, 23L, 0L, 0L), .Dim = 5:4, .Dimnames = structure(list(
        c("-2", "-1", "0", "1", NA), c("A", "C", "T", NA)), .Names = c("", 
    "")), class = "table"), N = 5069L), Tag.Distribution = structure(c(`1` = 102L, 
    `2` = 50L, `3` = 41L, `4` = 47L, `5` = 35L, `6` = 21L, `7` = 18L, 
    `8` = 17L, `9` = 17L, `10` = 20L, `11` = 20L, `12` = 18L, 
    `13` = 13L, `14` = 11L, `15` = 8L, `16` = 8L, `17` = 3L, 
    `18` = 9L, `19` = 6L, `20` = 4L, `21` = 5L, `22` = 6L, `23` = 6L, 
    `24` = 5L, `25` = 7L, `26` = 7L, `27` = 2L, `28` = 2L, `29` = 6L, 
    `30` = 3L, `31` = 5L, `32` = 5L, `33` = 2L, `34` = 4L, `36` = 2L, 
    `37` = 2L, `39` = 1L, `40` = 1L, `44` = 1L, `45` = 2L, `52` = 1L
    ), .Dim = 41L, .Dimnames = list(TagUsage = c("1", "2", "3", 
    "4", "5", "6", "7", "8", "9", "10", "11", "12", "13", "14", 
    "15", "16", "17", "18", "19", "20", "21", "22", "23", "24", 
    "25", "26", "27", "28", "29", "30", "31", "32", "33", "34", 
    "36", "37", "39", "40", "44", "45", "52")), class = "table"), 
    No.Tag = structure(c(0L, 0L, 0L, 0L, 0L, 0L, 1L, 68L, 0L, 
    1L, 0L, 0L, 0L, 0L, 0L, 0L, 0L, 2L, 0L, 0L), .Dim = 5:4, .Dimnames = structure(list(
        c("-2", "-1", "0", "1", NA), c("A", "C", "T", NA)), .Names = c("", 
    "")), class = "table"), All.Tags = list(Concordant = list(
        Freqs = structure(c(0, 0, 0, 0, 0, 2, 483, 0, 0, 0, 0, 
        0), .Dim = 4:3, .Dimnames = list(c("-2", "-1", "0", "1"
        ), c("A", "C", "T"))), N = 485), Majority = list(Freqs = structure(c(0, 
    0, 0, 0, 0, 4, 534, 0, 0, 0, 0, 0), .Dim = 4:3, .Dimnames = list(
        c("-2", "-1", "0", "1"), c("A", "C", "T"))), N = 538)), 
    `2` = structure(c(0, 0, 0, 0, 0, 2, 435, 0, 0, 0, 0, 0), .Dim = 4:3, .Dimnames = list(
        c("-2", "-1", "0", "1"), c("A", "C", "T"))))))
