Results <-
list(`bwa.out//20220204//BlindCMMRD116_S42.sam` = list(GM17_SNP1 = list(
    All = list(Freqs = structure(c(0L, 0L, 1L, 0L, 0L, 1L, 20L, 
    1990L, 6L, 8L, 1L, 52L, 2087L, 10L, 2L, 0L, 0L, 13L, 0L, 
    0L), .Dim = 5:4, .Dimnames = structure(list(c("-2", "-1", 
    "0", "1", NA), c("A", "C", "T", NA)), .Names = c("", "")), class = "table"), 
        N = 4191L), Tag.Distribution = structure(c(`1` = 89L, 
    `2` = 80L, `3` = 75L, `4` = 65L, `5` = 58L, `6` = 61L, `7` = 47L, 
    `8` = 50L, `9` = 38L, `10` = 33L, `11` = 26L, `12` = 18L, 
    `13` = 12L, `14` = 8L, `15` = 13L, `16` = 6L, `17` = 2L, 
    `18` = 2L, `20` = 2L, `22` = 2L, `24` = 2L, `29` = 1L, `32` = 1L
    ), .Dim = 23L, .Dimnames = list(TagUsage = c("1", "2", "3", 
    "4", "5", "6", "7", "8", "9", "10", "11", "12", "13", "14", 
    "15", "16", "17", "18", "20", "22", "24", "29", "32")), class = "table"), 
    No.Tag = structure(c(0L, 0L, 0L, 0L, 0L, 0L, 0L, 31L, 0L, 
    2L, 0L, 0L, 43L, 0L, 0L, 0L, 0L, 0L, 0L, 0L), .Dim = 5:4, .Dimnames = structure(list(
        c("-2", "-1", "0", "1", NA), c("A", "C", "T", NA)), .Names = c("", 
    "")), class = "table"), All.Tags = list(Concordant = list(
        Freqs = structure(c(0, 0, 0, 0, 0, 0, 290, 0, 0, 6, 297, 
        0), .Dim = 4:3, .Dimnames = list(c("-2", "-1", "0", "1"
        ), c("A", "C", "T"))), N = 593), Majority = list(Freqs = structure(c(0, 
    0, 0, 0, 0, 0, 327, 0, 0, 6, 351, 0), .Dim = 4:3, .Dimnames = list(
        c("-2", "-1", "0", "1"), c("A", "C", "T"))), N = 684)), 
    `2` = structure(c(0, 0, 0, 0, 0, 0, 283, 0, 0, 4, 310, 0), .Dim = 4:3, .Dimnames = list(
        c("-2", "-1", "0", "1"), c("A", "C", "T"))))))
