Results <-
list(`bwa.out//20220204//BlindCMMRD134_S60.sam` = list(GM09_SNP1 = list(
    All = list(Freqs = structure(c(27L, 3291L, 3L, 0L, 15L, 3053L, 
    2L, 2L, 0L, 26L, 0L, 0L), .Dim = 4:3, .Dimnames = structure(list(
        c("-1", "0", "1", NA), c("A", "G", NA)), .Names = c("", 
    "")), class = "table"), N = 6419L), Tag.Distribution = structure(c(`1` = 187L, 
    `2` = 148L, `3` = 170L, `4` = 129L, `5` = 103L, `6` = 81L, 
    `7` = 79L, `8` = 47L, `9` = 65L, `10` = 37L, `11` = 35L, 
    `12` = 29L, `13` = 20L, `14` = 16L, `15` = 9L, `16` = 8L, 
    `17` = 8L, `18` = 5L, `19` = 3L, `20` = 2L, `21` = 1L, `24` = 2L, 
    `25` = 1L, `31` = 1L), .Dim = 24L, .Dimnames = list(TagUsage = c("1", 
    "2", "3", "4", "5", "6", "7", "8", "9", "10", "11", "12", 
    "13", "14", "15", "16", "17", "18", "19", "20", "21", "24", 
    "25", "31")), class = "table"), No.Tag = structure(c(0L, 
    54L, 0L, 0L, 1L, 40L, 0L, 0L, 0L, 2L, 0L, 0L), .Dim = 4:3, .Dimnames = structure(list(
        c("-1", "0", "1", NA), c("A", "G", NA)), .Names = c("", 
    "")), class = "table"), All.Tags = list(Concordant = list(
        Freqs = structure(c(0, 525, 0, 1, 460, 1), .Dim = 3:2, .Dimnames = list(
            c("-1", "0", "1"), c("A", "G"))), N = 987), Majority = list(
        Freqs = structure(c(1, 622, 0, 1, 540, 1), .Dim = 3:2, .Dimnames = list(
            c("-1", "0", "1"), c("A", "G"))), N = 1165)), `2` = structure(c(1, 
    524, 0, 1, 454, 0), .Dim = 3:2, .Dimnames = list(c("-1", 
    "0", "1"), c("A", "G"))))))
