Results <-
list(`bwa.out//20220204//BlindCMMRD64_S23.sam` = list(LR46_SNP1 = list(
    All = list(Freqs = structure(c(2L, 2017L, 5L, 1L, 5L, 1957L, 
    5L, 3L, 0L, 26L, 0L, 0L), .Dim = 4:3, .Dimnames = structure(list(
        c("-1", "0", "1", NA), c("G", "T", NA)), .Names = c("", 
    "")), class = "table"), N = 4021L), Tag.Distribution = structure(c(`1` = 89L, 
    `2` = 43L, `3` = 47L, `4` = 35L, `5` = 29L, `6` = 39L, `7` = 27L, 
    `8` = 19L, `9` = 15L, `10` = 21L, `11` = 17L, `12` = 12L, 
    `13` = 13L, `14` = 9L, `15` = 9L, `16` = 5L, `17` = 7L, `18` = 4L, 
    `19` = 7L, `20` = 7L, `21` = 3L, `22` = 3L, `23` = 2L, `24` = 5L, 
    `25` = 2L, `26` = 3L, `27` = 4L, `28` = 3L, `29` = 3L, `30` = 1L, 
    `31` = 2L, `32` = 2L, `33` = 1L, `34` = 4L, `44` = 1L), .Dim = 35L, .Dimnames = list(
        TagUsage = c("1", "2", "3", "4", "5", "6", "7", "8", 
        "9", "10", "11", "12", "13", "14", "15", "16", "17", 
        "18", "19", "20", "21", "22", "23", "24", "25", "26", 
        "27", "28", "29", "30", "31", "32", "33", "34", "44")), class = "table"), 
    No.Tag = structure(c(0L, 30L, 0L, 0L, 0L, 88L, 0L, 0L, 0L, 
    6L, 0L, 0L), .Dim = 4:3, .Dimnames = structure(list(c("-1", 
    "0", "1", NA), c("G", "T", NA)), .Names = c("", "")), class = "table"), 
    All.Tags = list(Concordant = list(Freqs = structure(c(0, 
    214, 0, 0, 237, 0), .Dim = 3:2, .Dimnames = list(c("-1", 
    "0", "1"), c("G", "T"))), N = 451), Majority = list(Freqs = structure(c(0, 
    234, 0, 0, 249, 0), .Dim = 3:2, .Dimnames = list(c("-1", 
    "0", "1"), c("G", "T"))), N = 483)), `2` = structure(c(0, 
    191, 0, 0, 210, 0), .Dim = 3:2, .Dimnames = list(c("-1", 
    "0", "1"), c("G", "T"))))))
