Results <-
list(`bwa.out//20220204//13D0575_S2.sam` = list(LR40_SNP1 = list(
    All = list(Freqs = structure(c(58L, 3084L, 6L, 5L, 0L, 15L, 
    0L, 0L), .Dim = c(4L, 2L), .Dimnames = structure(list(c("-1", 
    "0", "1", NA), c("C", NA)), .Names = c("", "")), class = "table"), 
        N = 3168L), Tag.Distribution = structure(c(`1` = 146L, 
    `2` = 73L, `3` = 54L, `4` = 56L, `5` = 42L, `6` = 38L, `7` = 24L, 
    `8` = 20L, `9` = 10L, `10` = 21L, `11` = 14L, `12` = 10L, 
    `13` = 11L, `14` = 9L, `15` = 3L, `16` = 6L, `17` = 7L, `18` = 6L, 
    `19` = 4L, `20` = 3L, `21` = 1L, `22` = 2L, `23` = 2L, `24` = 1L, 
    `25` = 2L, `27` = 3L, `32` = 1L), .Dim = 27L, .Dimnames = list(
        TagUsage = c("1", "2", "3", "4", "5", "6", "7", "8", 
        "9", "10", "11", "12", "13", "14", "15", "16", "17", 
        "18", "19", "20", "21", "22", "23", "24", "25", "27", 
        "32")), class = "table"), No.Tag = structure(c(1L, 76L, 
    0L, 2L, 0L, 0L, 0L, 0L), .Dim = c(4L, 2L), .Dimnames = structure(list(
        c("-1", "0", "1", NA), c("C", NA)), .Names = c("", ""
    )), class = "table"), All.Tags = list(Concordant = list(Freqs = structure(c(4, 
    518, 0), .Dim = c(3L, 1L), .Dimnames = list(c("-1", "0", 
    "1"), "C")), N = 522), Majority = list(Freqs = structure(c(5, 
    559, 0), .Dim = c(3L, 1L), .Dimnames = list(c("-1", "0", 
    "1"), "C")), N = 564)), `2` = structure(c(3, 417, 0), .Dim = c(3L, 
    1L), .Dimnames = list(c("-1", "0", "1"), "C")))))
