Results <-
list(`bwa.out//20220204//BlindCMMRD60_S19.sam` = list(IM16_SNP1 = list(
    All = list(Freqs = structure(c(1L, 17L, 2447L, 37L, 0L, 4L, 
    0L, 0L, 1L, 0L, 0L, 0L, 0L, 33L, 2793L, 46L, 1L, 7L, 0L, 
    0L, 1L, 0L, 0L, 0L, 0L, 1L, 45L, 6L, 0L, 0L), .Dim = 6:5, .Dimnames = structure(list(
        c("-2", "-1", "0", "1", "2", NA), c("A", "C", "G", "T", 
        NA)), .Names = c("", "")), class = "table"), N = 5440L), 
    Tag.Distribution = structure(c(`1` = 124L, `2` = 45L, `3` = 45L, 
    `4` = 37L, `5` = 26L, `6` = 41L, `7` = 43L, `8` = 32L, `9` = 23L, 
    `10` = 28L, `11` = 10L, `12` = 20L, `13` = 14L, `14` = 19L, 
    `15` = 10L, `16` = 12L, `17` = 15L, `18` = 12L, `19` = 8L, 
    `20` = 7L, `21` = 6L, `22` = 5L, `23` = 9L, `24` = 4L, `25` = 3L, 
    `26` = 7L, `27` = 9L, `28` = 2L, `29` = 2L, `30` = 2L, `32` = 1L, 
    `33` = 1L, `34` = 1L, `36` = 2L, `44` = 1L, `49` = 1L), .Dim = 36L, .Dimnames = list(
        TagUsage = c("1", "2", "3", "4", "5", "6", "7", "8", 
        "9", "10", "11", "12", "13", "14", "15", "16", "17", 
        "18", "19", "20", "21", "22", "23", "24", "25", "26", 
        "27", "28", "29", "30", "32", "33", "34", "36", "44", 
        "49")), class = "table"), No.Tag = structure(c(0L, 0L, 
    56L, 2L, 0L, 1L, 0L, 0L, 0L, 0L, 0L, 0L, 0L, 1L, 73L, 2L, 
    0L, 0L, 0L, 0L, 0L, 0L, 0L, 0L, 0L, 0L, 8L, 0L, 0L, 0L), .Dim = 6:5, .Dimnames = structure(list(
        c("-2", "-1", "0", "1", "2", NA), c("A", "C", "G", "T", 
        NA)), .Names = c("", "")), class = "table"), All.Tags = list(
        Concordant = list(Freqs = structure(c(0, 0, 235, 0, 0, 
        0, 0, 0, 0, 0, 0, 1, 264, 1, 0, 0, 0, 0, 0, 0), .Dim = 5:4, .Dimnames = list(
            c("-2", "-1", "0", "1", "2"), c("A", "C", "G", "T"
            ))), N = 501), Majority = list(Freqs = structure(c(0, 
        0, 288, 1, 0, 0, 0, 0, 0, 0, 0, 1, 322, 3, 0, 0, 0, 0, 
        0, 0), .Dim = 5:4, .Dimnames = list(c("-2", "-1", "0", 
        "1", "2"), c("A", "C", "G", "T"))), N = 615)), `2` = structure(c(0, 
    0, 245, 1, 0, 0, 0, 0, 0, 0, 0, 1, 249, 2, 0, 0, 0, 0, 0, 
    0), .Dim = 5:4, .Dimnames = list(c("-2", "-1", "0", "1", 
    "2"), c("A", "C", "G", "T"))))))
