Results <-
list(`bwa.out//20220204//BlindCMMRD55_S14.sam` = list(GM22_SNP1 = list(
    All = list(Freqs = structure(c(4L, 77L, 5258L, 15L, 16L, 
    0L, 0L, 2L, 0L, 0L, 0L, 1L, 48L, 0L, 0L), .Dim = c(5L, 3L
    ), .Dimnames = structure(list(c("-2", "-1", "0", "1", NA), 
        c("A", "G", NA)), .Names = c("", "")), class = "table"), 
        N = 5421L), Tag.Distribution = structure(c(`1` = 118L, 
    `2` = 42L, `3` = 25L, `4` = 33L, `5` = 41L, `6` = 34L, `7` = 33L, 
    `8` = 33L, `9` = 26L, `10` = 18L, `11` = 27L, `12` = 11L, 
    `13` = 12L, `14` = 14L, `15` = 15L, `16` = 15L, `17` = 8L, 
    `18` = 10L, `19` = 6L, `20` = 9L, `21` = 10L, `22` = 6L, 
    `23` = 9L, `24` = 3L, `25` = 4L, `26` = 2L, `27` = 2L, `28` = 3L, 
    `29` = 2L, `30` = 4L, `31` = 4L, `33` = 2L, `34` = 2L, `35` = 2L, 
    `38` = 1L, `39` = 2L, `40` = 1L, `43` = 1L, `49` = 1L), .Dim = 39L, .Dimnames = list(
        TagUsage = c("1", "2", "3", "4", "5", "6", "7", "8", 
        "9", "10", "11", "12", "13", "14", "15", "16", "17", 
        "18", "19", "20", "21", "22", "23", "24", "25", "26", 
        "27", "28", "29", "30", "31", "33", "34", "35", "38", 
        "39", "40", "43", "49")), class = "table"), No.Tag = structure(c(0L, 
    1L, 165L, 0L, 1L, 0L, 0L, 0L, 0L, 0L, 0L, 0L, 6L, 0L, 0L), .Dim = c(5L, 
    3L), .Dimnames = structure(list(c("-2", "-1", "0", "1", NA
    ), c("A", "G", NA)), .Names = c("", "")), class = "table"), 
    All.Tags = list(Concordant = list(Freqs = structure(c(1, 
    0, 502, 0, 0, 0, 2, 0), .Dim = c(4L, 2L), .Dimnames = list(
        c("-2", "-1", "0", "1"), c("A", "G"))), N = 505), Majority = list(
        Freqs = structure(c(1, 0, 580, 0, 0, 0, 2, 0), .Dim = c(4L, 
        2L), .Dimnames = list(c("-2", "-1", "0", "1"), c("A", 
        "G"))), N = 583)), `2` = structure(c(0, 0, 471, 0, 0, 
    0, 0, 0), .Dim = c(4L, 2L), .Dimnames = list(c("-2", "-1", 
    "0", "1"), c("A", "G"))))))
