Results <-
list(`bwa.out//20220204//BlindCMMRD86_S45.sam` = list(GM17_SNP1 = list(
    All = list(Freqs = structure(c(0L, 0L, 1L, 0L, 0L, 2L, 67L, 
    4716L, 7L, 6L, 0L, 0L, 6L, 0L, 0L, 0L, 0L, 35L, 0L, 0L), .Dim = 5:4, .Dimnames = structure(list(
        c("-2", "-1", "0", "1", NA), c("A", "C", "T", NA)), .Names = c("", 
    "")), class = "table"), N = 4840L), Tag.Distribution = structure(c(`1` = 146L, 
    `2` = 84L, `3` = 76L, `4` = 62L, `5` = 64L, `6` = 50L, `7` = 45L, 
    `8` = 33L, `9` = 30L, `10` = 28L, `11` = 14L, `12` = 22L, 
    `13` = 21L, `14` = 19L, `15` = 11L, `16` = 9L, `17` = 8L, 
    `18` = 10L, `19` = 10L, `20` = 4L, `21` = 3L, `22` = 3L, 
    `23` = 1L, `24` = 2L, `25` = 1L, `26` = 1L, `30` = 1L, `34` = 1L, 
    `36` = 1L), .Dim = 29L, .Dimnames = list(TagUsage = c("1", 
    "2", "3", "4", "5", "6", "7", "8", "9", "10", "11", "12", 
    "13", "14", "15", "16", "17", "18", "19", "20", "21", "22", 
    "23", "24", "25", "26", "30", "34", "36")), class = "table"), 
    No.Tag = structure(c(0L, 0L, 0L, 0L, 0L, 0L, 0L, 96L, 0L, 
    1L, 0L, 0L, 0L, 0L, 0L, 0L, 0L, 1L, 0L, 0L), .Dim = 5:4, .Dimnames = structure(list(
        c("-2", "-1", "0", "1", NA), c("A", "C", "T", NA)), .Names = c("", 
    "")), class = "table"), All.Tags = list(Concordant = list(
        Freqs = structure(c(0, 0, 0, 0, 0, 2, 689, 0, 0, 0, 4, 
        0), .Dim = 4:3, .Dimnames = list(c("-2", "-1", "0", "1"
        ), c("A", "C", "T"))), N = 695), Majority = list(Freqs = structure(c(0, 
    0, 0, 0, 0, 3, 745, 0, 0, 0, 4, 0), .Dim = 4:3, .Dimnames = list(
        c("-2", "-1", "0", "1"), c("A", "C", "T"))), N = 752)), 
    `2` = structure(c(0, 0, 0, 0, 0, 1, 609, 0, 0, 0, 0, 0), .Dim = 4:3, .Dimnames = list(
        c("-2", "-1", "0", "1"), c("A", "C", "T"))))))
