Results <-
list(`bwa.out//20220204//BlindCMMRD54_S13.sam` = list(GM09_SNP1 = list(
    All = list(Freqs = structure(c(29L, 3293L, 3L, 2L, 12L, 2897L, 
    4L, 3L, 0L, 33L, 0L, 0L), .Dim = 4:3, .Dimnames = structure(list(
        c("-1", "0", "1", NA), c("A", "G", NA)), .Names = c("", 
    "")), class = "table"), N = 6276L), Tag.Distribution = structure(c(`1` = 124L, 
    `2` = 51L, `3` = 60L, `4` = 50L, `5` = 43L, `6` = 28L, `7` = 40L, 
    `8` = 30L, `9` = 27L, `10` = 27L, `11` = 27L, `12` = 22L, 
    `13` = 14L, `14` = 19L, `15` = 9L, `16` = 12L, `17` = 11L, 
    `18` = 12L, `19` = 10L, `20` = 7L, `21` = 12L, `22` = 3L, 
    `23` = 3L, `24` = 8L, `25` = 3L, `26` = 6L, `27` = 2L, `28` = 3L, 
    `29` = 4L, `30` = 4L, `31` = 3L, `32` = 1L, `33` = 4L, `34` = 2L, 
    `35` = 3L, `36` = 3L, `37` = 3L, `38` = 1L, `44` = 1L, `45` = 1L, 
    `46` = 1L, `47` = 1L, `54` = 1L), .Dim = 43L, .Dimnames = list(
        TagUsage = c("1", "2", "3", "4", "5", "6", "7", "8", 
        "9", "10", "11", "12", "13", "14", "15", "16", "17", 
        "18", "19", "20", "21", "22", "23", "24", "25", "26", 
        "27", "28", "29", "30", "31", "32", "33", "34", "35", 
        "36", "37", "38", "44", "45", "46", "47", "54")), class = "table"), 
    No.Tag = structure(c(0L, 45L, 0L, 1L, 0L, 30L, 0L, 0L, 0L, 
    2L, 0L, 0L), .Dim = 4:3, .Dimnames = structure(list(c("-1", 
    "0", "1", NA), c("A", "G", NA)), .Names = c("", "")), class = "table"), 
    All.Tags = list(Concordant = list(Freqs = structure(c(1, 
    327, 0, 1, 283, 0), .Dim = 3:2, .Dimnames = list(c("-1", 
    "0", "1"), c("A", "G"))), N = 612), Majority = list(Freqs = structure(c(1, 
    360, 0, 1, 322, 0), .Dim = 3:2, .Dimnames = list(c("-1", 
    "0", "1"), c("A", "G"))), N = 684)), `2` = structure(c(1, 
    298, 0, 0, 268, 0), .Dim = 3:2, .Dimnames = list(c("-1", 
    "0", "1"), c("A", "G"))))))
