Results <-
list(`bwa.out//20220204//MLPA01_S9.sam` = list(IM16_SNP1 = list(
    All = list(Freqs = structure(c(8L, 1992L, 20L, 2L, 24L, 2082L, 
    28L, 1L, 0L, 1L, 0L, 0L, 1L, 57L, 2L, 0L), .Dim = c(4L, 4L
    ), .Dimnames = structure(list(c("-1", "0", "1", NA), c("A", 
    "G", "T", NA)), .Names = c("", "")), class = "table"), N = 4218L), 
    Tag.Distribution = structure(c(`1` = 170L, `2` = 96L, `3` = 61L, 
    `4` = 68L, `5` = 54L, `6` = 37L, `7` = 35L, `8` = 28L, `9` = 21L, 
    `10` = 18L, `11` = 14L, `12` = 9L, `13` = 8L, `14` = 20L, 
    `15` = 8L, `16` = 7L, `17` = 9L, `18` = 6L, `19` = 5L, `20` = 6L, 
    `21` = 1L, `22` = 7L, `23` = 4L, `24` = 5L, `25` = 2L, `26` = 2L, 
    `27` = 1L, `32` = 1L, `33` = 1L, `34` = 1L), .Dim = 30L, .Dimnames = list(
        TagUsage = c("1", "2", "3", "4", "5", "6", "7", "8", 
        "9", "10", "11", "12", "13", "14", "15", "16", "17", 
        "18", "19", "20", "21", "22", "23", "24", "25", "26", 
        "27", "32", "33", "34")), class = "table"), No.Tag = structure(c(0L, 
    51L, 2L, 0L, 1L, 40L, 2L, 0L, 0L, 0L, 0L, 0L, 0L, 6L, 0L, 
    0L), .Dim = c(4L, 4L), .Dimnames = structure(list(c("-1", 
    "0", "1", NA), c("A", "G", "T", NA)), .Names = c("", "")), class = "table"), 
    All.Tags = list(Concordant = list(Freqs = structure(c(0, 
    299, 3, 1, 297, 1, 0, 0, 0), .Dim = c(3L, 3L), .Dimnames = list(
        c("-1", "0", "1"), c("A", "G", "T"))), N = 601), Majority = list(
        Freqs = structure(c(0, 334, 3, 1, 353, 1, 0, 0, 0), .Dim = c(3L, 
        3L), .Dimnames = list(c("-1", "0", "1"), c("A", "G", 
        "T"))), N = 692)), `2` = structure(c(0, 261, 0, 0, 270, 
    0, 0, 0, 0), .Dim = c(3L, 3L), .Dimnames = list(c("-1", "0", 
    "1"), c("A", "G", "T"))))))
