Results <-
list(`bwa.out//20220204//BlindCMMRD55_S14.sam` = list(GM14_SNP1 = list(
    All = list(Freqs = structure(c(1L, 115L, 2840L, 29L, 13L, 
    0L, 1L, 2L, 0L, 0L, 0L, 1L, 22L, 1L, 0L), .Dim = c(5L, 3L
    ), .Dimnames = structure(list(c("-2", "-1", "0", "1", NA), 
        c("C", "T", NA)), .Names = c("", "")), class = "table"), 
        N = 3025L), Tag.Distribution = structure(c(`1` = 78L, 
    `2` = 35L, `3` = 24L, `4` = 26L, `5` = 21L, `6` = 14L, `7` = 23L, 
    `8` = 25L, `9` = 18L, `10` = 12L, `11` = 13L, `12` = 18L, 
    `13` = 9L, `14` = 11L, `15` = 8L, `16` = 16L, `17` = 6L, 
    `18` = 5L, `19` = 5L, `20` = 3L, `21` = 3L, `22` = 5L, `23` = 3L, 
    `25` = 3L, `26` = 3L, `32` = 1L, `48` = 1L), .Dim = 27L, .Dimnames = list(
        TagUsage = c("1", "2", "3", "4", "5", "6", "7", "8", 
        "9", "10", "11", "12", "13", "14", "15", "16", "17", 
        "18", "19", "20", "21", "22", "23", "25", "26", "32", 
        "48")), class = "table"), No.Tag = structure(c(0L, 0L, 
    40L, 1L, 0L, 0L, 0L, 0L, 0L, 0L, 0L, 0L, 0L, 0L, 0L), .Dim = c(5L, 
    3L), .Dimnames = structure(list(c("-2", "-1", "0", "1", NA
    ), c("C", "T", NA)), .Names = c("", "")), class = "table"), 
    All.Tags = list(Concordant = list(Freqs = structure(c(0, 
    2, 287, 0, 0, 1, 1, 0), .Dim = c(4L, 2L), .Dimnames = list(
        c("-2", "-1", "0", "1"), c("C", "T"))), N = 291), Majority = list(
        Freqs = structure(c(0, 3, 374, 0, 0, 1, 1, 0), .Dim = c(4L, 
        2L), .Dimnames = list(c("-2", "-1", "0", "1"), c("C", 
        "T"))), N = 379)), `2` = structure(c(0, 2, 304, 0, 0, 
    0, 0, 0), .Dim = c(4L, 2L), .Dimnames = list(c("-2", "-1", 
    "0", "1"), c("C", "T"))))))
