Results <-
list(`bwa.out//20220204//BlindCMMRD112_S38.sam` = list(LR52_SNP1 = list(
    All = list(Freqs = structure(c(2L, 12L, 280L, 2471L, 18L, 
    1L, 16L, 0L, 0L, 0L, 2L, 0L, 0L, 0L, 0L, 0L, 5L, 136L, 0L, 
    0L, 0L), .Dim = c(7L, 3L), .Dimnames = structure(list(c("-3", 
    "-2", "-1", "0", "1", "2", NA), c("C", "T", NA)), .Names = c("", 
    "")), class = "table"), N = 2943L), Tag.Distribution = structure(c(`1` = 214L, 
    `2` = 177L, `3` = 138L, `4` = 96L, `5` = 71L, `6` = 58L, 
    `7` = 39L, `8` = 15L, `9` = 11L, `10` = 7L, `11` = 9L, `12` = 2L, 
    `13` = 5L, `14` = 1L, `15` = 1L, `16` = 1L, `17` = 1L, `19` = 1L
    ), .Dim = 18L, .Dimnames = list(TagUsage = c("1", "2", "3", 
    "4", "5", "6", "7", "8", "9", "10", "11", "12", "13", "14", 
    "15", "16", "17", "19")), class = "table"), No.Tag = structure(c(0L, 
    0L, 1L, 37L, 0L, 0L, 0L, 0L, 0L, 0L, 0L, 0L, 0L, 0L, 0L, 
    0L, 0L, 5L, 0L, 0L, 0L), .Dim = c(7L, 3L), .Dimnames = structure(list(
        c("-3", "-2", "-1", "0", "1", "2", NA), c("C", "T", NA
        )), .Names = c("", "")), class = "table"), All.Tags = list(
        Concordant = list(Freqs = structure(c(1, 0, 27, 591, 
        2, 0, 0, 0, 0, 2, 0, 0), .Dim = c(6L, 2L), .Dimnames = list(
            c("-3", "-2", "-1", "0", "1", "2"), c("C", "T"))), 
            N = 623), Majority = list(Freqs = structure(c(1, 
        0, 32, 760, 2, 0, 0, 0, 0, 2, 0, 0), .Dim = c(6L, 2L), .Dimnames = list(
            c("-3", "-2", "-1", "0", "1", "2"), c("C", "T"))), 
            N = 797)), `2` = structure(c(0, 0, 15, 582, 0, 0, 
    0, 0, 0, 0, 0, 0), .Dim = c(6L, 2L), .Dimnames = list(c("-3", 
    "-2", "-1", "0", "1", "2"), c("C", "T"))))))
