Results <-
list(`bwa.out//20220204//BlindCMMRD91_S50.sam` = list(IM49_SNP1 = list(
    All = list(Freqs = structure(c(1L, 93L, 2176L, 35L, 0L, 1L, 
    29L, 2L, 74L, 1630L, 26L, 1L, 0L, 10L, 0L, 2L, 229L, 1L, 
    0L, 0L, 0L), .Dim = c(7L, 3L), .Dimnames = structure(list(
        c("-2", "-1", "0", "1", "2", "4", NA), c("C", "G", NA
        )), .Names = c("", "")), class = "table"), N = 4310L), 
    Tag.Distribution = structure(c(`1` = 202L, `2` = 101L, `3` = 77L, 
    `4` = 54L, `5` = 48L, `6` = 35L, `7` = 40L, `8` = 37L, `9` = 26L, 
    `10` = 26L, `11` = 23L, `12` = 22L, `13` = 9L, `14` = 9L, 
    `15` = 6L, `16` = 10L, `17` = 10L, `18` = 5L, `19` = 5L, 
    `20` = 2L, `21` = 3L, `22` = 3L, `23` = 3L, `24` = 2L, `25` = 4L, 
    `26` = 1L, `34` = 2L), .Dim = 27L, .Dimnames = list(TagUsage = c("1", 
    "2", "3", "4", "5", "6", "7", "8", "9", "10", "11", "12", 
    "13", "14", "15", "16", "17", "18", "19", "20", "21", "22", 
    "23", "24", "25", "26", "34")), class = "table"), No.Tag = structure(c(0L, 
    1L, 32L, 1L, 0L, 0L, 0L, 1L, 3L, 48L, 0L, 0L, 0L, 0L, 0L, 
    0L, 8L, 0L, 0L, 0L, 0L), .Dim = c(7L, 3L), .Dimnames = structure(list(
        c("-2", "-1", "0", "1", "2", "4", NA), c("C", "G", NA
        )), .Names = c("", "")), class = "table"), All.Tags = list(
        Concordant = list(Freqs = structure(c(1, 8, 296, 0, 0, 
        0, 0, 7, 249, 0, 0, 0), .Dim = c(6L, 2L), .Dimnames = list(
            c("-2", "-1", "0", "1", "2", "4"), c("C", "G"))), 
            N = 561), Majority = list(Freqs = structure(c(1, 
        9, 384, 0, 0, 0, 0, 8, 297, 1, 0, 0), .Dim = c(6L, 2L
        ), .Dimnames = list(c("-2", "-1", "0", "1", "2", "4"), 
            c("C", "G"))), N = 700)), `2` = structure(c(0, 5, 
    300, 0, 0, 0, 0, 7, 235, 1, 0, 0), .Dim = c(6L, 2L), .Dimnames = list(
        c("-2", "-1", "0", "1", "2", "4"), c("C", "G"))))))
