Results <-
list(`bwa.out//20220204//BlindCMMRD91_S50.sam` = list(LR44_SNP1 = list(
    All = list(Freqs = structure(c(1L, 0L, 13L, 230L, 2519L, 
    36L, 2L, 8L, 0L, 0L, 10L, 256L, 2214L, 59L, 1L, 14L, 0L, 
    1L, 0L, 9L, 98L, 2L, 0L, 0L), .Dim = c(8L, 3L), .Dimnames = structure(list(
        c("-4", "-3", "-2", "-1", "0", "1", "2", NA), c("C", 
        "T", NA)), .Names = c("", "")), class = "table"), N = 5473L), 
    Tag.Distribution = structure(c(`1` = 128L, `2` = 73L, `3` = 74L, 
    `4` = 52L, `5` = 41L, `6` = 52L, `7` = 38L, `8` = 32L, `9` = 31L, 
    `10` = 30L, `11` = 27L, `12` = 24L, `13` = 10L, `14` = 17L, 
    `15` = 13L, `16` = 9L, `17` = 18L, `18` = 9L, `19` = 5L, 
    `20` = 6L, `21` = 5L, `22` = 5L, `23` = 5L, `24` = 6L, `25` = 3L, 
    `26` = 3L, `27` = 1L, `28` = 1L, `29` = 1L, `30` = 2L, `32` = 2L, 
    `33` = 1L, `34` = 2L, `35` = 1L, `40` = 2L), .Dim = 35L, .Dimnames = list(
        TagUsage = c("1", "2", "3", "4", "5", "6", "7", "8", 
        "9", "10", "11", "12", "13", "14", "15", "16", "17", 
        "18", "19", "20", "21", "22", "23", "24", "25", "26", 
        "27", "28", "29", "30", "32", "33", "34", "35", "40")), class = "table"), 
    No.Tag = structure(c(0L, 0L, 0L, 0L, 66L, 3L, 0L, 0L, 0L, 
    0L, 0L, 1L, 45L, 3L, 0L, 2L, 0L, 0L, 0L, 1L, 4L, 0L, 0L, 
    0L), .Dim = c(8L, 3L), .Dimnames = structure(list(c("-4", 
    "-3", "-2", "-1", "0", "1", "2", NA), c("C", "T", NA)), .Names = c("", 
    "")), class = "table"), All.Tags = list(Concordant = list(
        Freqs = structure(c(0, 0, 1, 9, 225, 2, 0, 0, 0, 1, 8, 
        190, 0, 0), .Dim = c(7L, 2L), .Dimnames = list(c("-4", 
        "-3", "-2", "-1", "0", "1", "2"), c("C", "T"))), N = 436), 
        Majority = list(Freqs = structure(c(0, 0, 1, 16, 344, 
        3, 0, 0, 0, 1, 15, 322, 2, 0), .Dim = c(7L, 2L), .Dimnames = list(
            c("-4", "-3", "-2", "-1", "0", "1", "2"), c("C", 
            "T"))), N = 704)), `2` = structure(c(0, 0, 0, 13, 
    288, 1, 0, 0, 0, 1, 12, 269, 2, 0), .Dim = c(7L, 2L), .Dimnames = list(
        c("-4", "-3", "-2", "-1", "0", "1", "2"), c("C", "T"))))))
