Results <-
list(`bwa.out//20220204//BlindCMMRD77_S36.sam` = list(LR24_SNP1 = list(
    All = list(Freqs = structure(c(4L, 1898L, 3L, 2L, 12L, 1826L, 
    7L, 2L, 0L, 1L, 0L, 0L, 0L, 22L, 0L, 0L), .Dim = c(4L, 4L
    ), .Dimnames = structure(list(c("-1", "0", "1", NA), c("A", 
    "G", "T", NA)), .Names = c("", "")), class = "table"), N = 3777L), 
    Tag.Distribution = structure(c(`1` = 239L, `2` = 131L, `3` = 91L, 
    `4` = 87L, `5` = 51L, `6` = 52L, `7` = 47L, `8` = 30L, `9` = 20L, 
    `10` = 25L, `11` = 14L, `12` = 12L, `13` = 14L, `14` = 6L, 
    `15` = 3L, `16` = 3L, `17` = 3L, `18` = 2L, `19` = 2L, `20` = 4L, 
    `21` = 1L, `22` = 2L, `23` = 1L, `25` = 1L, `27` = 1L), .Dim = 25L, .Dimnames = list(
        TagUsage = c("1", "2", "3", "4", "5", "6", "7", "8", 
        "9", "10", "11", "12", "13", "14", "15", "16", "17", 
        "18", "19", "20", "21", "22", "23", "25", "27")), class = "table"), 
    No.Tag = structure(c(0L, 39L, 0L, 0L, 1L, 44L, 1L, 0L, 0L, 
    0L, 0L, 0L, 0L, 2L, 0L, 0L), .Dim = c(4L, 4L), .Dimnames = structure(list(
        c("-1", "0", "1", NA), c("A", "G", "T", NA)), .Names = c("", 
    "")), class = "table"), All.Tags = list(Concordant = list(
        Freqs = structure(c(0, 378, 0, 0, 381, 0, 0, 0, 0), .Dim = c(3L, 
        3L), .Dimnames = list(c("-1", "0", "1"), c("A", "G", 
        "T"))), N = 759), Majority = list(Freqs = structure(c(0, 
    412, 0, 0, 416, 0, 0, 0, 0), .Dim = c(3L, 3L), .Dimnames = list(
        c("-1", "0", "1"), c("A", "G", "T"))), N = 828)), `2` = structure(c(0, 
    308, 0, 0, 284, 0, 0, 0, 0), .Dim = c(3L, 3L), .Dimnames = list(
        c("-1", "0", "1"), c("A", "G", "T"))))))
