Results <-
list(`bwa.out//20220204//BlindCMMRD119_S45.sam` = list(GM11_SNP1 = list(
    All = list(Freqs = structure(c(0L, 1L, 34L, 0L, 0L, 1L, 55L, 
    6469L, 28L, 13L, 0L, 1L, 21L, 1L, 0L), .Dim = c(5L, 3L), .Dimnames = structure(list(
        c("-2", "-1", "0", "1", NA), c("A", "G", NA)), .Names = c("", 
    "")), class = "table"), N = 6624L), Tag.Distribution = structure(c(`1` = 234L, 
    `2` = 177L, `3` = 143L, `4` = 105L, `5` = 110L, `6` = 101L, 
    `7` = 70L, `8` = 64L, `9` = 47L, `10` = 43L, `11` = 27L, 
    `12` = 22L, `13` = 24L, `14` = 15L, `15` = 15L, `16` = 9L, 
    `17` = 11L, `18` = 4L, `19` = 3L, `20` = 6L, `21` = 1L, `22` = 1L, 
    `23` = 3L, `24` = 4L, `29` = 1L), .Dim = 25L, .Dimnames = list(
        TagUsage = c("1", "2", "3", "4", "5", "6", "7", "8", 
        "9", "10", "11", "12", "13", "14", "15", "16", "17", 
        "18", "19", "20", "21", "22", "23", "24", "29")), class = "table"), 
    No.Tag = structure(c(0L, 1L, 2L, 0L, 0L, 0L, 0L, 45L, 0L, 
    1L, 0L, 0L, 2L, 0L, 0L), .Dim = c(5L, 3L), .Dimnames = structure(list(
        c("-2", "-1", "0", "1", NA), c("A", "G", NA)), .Names = c("", 
    "")), class = "table"), All.Tags = list(Concordant = list(
        Freqs = structure(c(0, 0, 20, 0, 0, 2, 1139, 0), .Dim = c(4L, 
        2L), .Dimnames = list(c("-2", "-1", "0", "1"), c("A", 
        "G"))), N = 1161), Majority = list(Freqs = structure(c(0, 
    0, 20, 0, 0, 3, 1207, 1), .Dim = c(4L, 2L), .Dimnames = list(
        c("-2", "-1", "0", "1"), c("A", "G"))), N = 1231)), `2` = structure(c(0, 
    0, 1, 0, 0, 2, 995, 1), .Dim = c(4L, 2L), .Dimnames = list(
        c("-2", "-1", "0", "1"), c("A", "G"))))))
