Results <-
list(`bwa.out//20220204//13D0575_S2.sam` = list(LR48_SNP1 = list(
    All = list(Freqs = structure(c(112L, 2751L, 59L, 1L, 18L, 
    0L, 1L, 0L, 0L, 0L, 2L, 36L, 2L, 0L, 0L), .Dim = c(5L, 3L
    ), .Dimnames = structure(list(c("-1", "0", "1", "2", NA), 
        c("C", "T", NA)), .Names = c("", "")), class = "table"), 
        N = 2982L), Tag.Distribution = structure(c(`1` = 98L, 
    `2` = 63L, `3` = 36L, `4` = 37L, `5` = 34L, `6` = 25L, `7` = 24L, 
    `8` = 18L, `9` = 20L, `10` = 9L, `11` = 13L, `12` = 9L, `13` = 12L, 
    `14` = 5L, `15` = 6L, `16` = 1L, `17` = 4L, `18` = 9L, `19` = 4L, 
    `20` = 2L, `21` = 1L, `22` = 4L, `23` = 1L, `24` = 2L, `25` = 1L, 
    `26` = 1L, `27` = 1L, `28` = 1L, `29` = 1L, `30` = 2L, `31` = 2L, 
    `36` = 1L, `37` = 1L, `39` = 1L, `40` = 1L, `52` = 1L), .Dim = 36L, .Dimnames = list(
        TagUsage = c("1", "2", "3", "4", "5", "6", "7", "8", 
        "9", "10", "11", "12", "13", "14", "15", "16", "17", 
        "18", "19", "20", "21", "22", "23", "24", "25", "26", 
        "27", "28", "29", "30", "31", "36", "37", "39", "40", 
        "52")), class = "table"), No.Tag = structure(c(2L, 26L, 
    0L, 0L, 0L, 0L, 0L, 0L, 0L, 0L, 0L, 2L, 0L, 0L, 0L), .Dim = c(5L, 
    3L), .Dimnames = structure(list(c("-1", "0", "1", "2", NA
    ), c("C", "T", NA)), .Names = c("", "")), class = "table"), 
    All.Tags = list(Concordant = list(Freqs = structure(c(8, 
    351, 3, 0, 0, 1, 0, 0), .Dim = c(4L, 2L), .Dimnames = list(
        c("-1", "0", "1", "2"), c("C", "T"))), N = 363), Majority = list(
        Freqs = structure(c(12, 421, 4, 0, 0, 1, 0, 0), .Dim = c(4L, 
        2L), .Dimnames = list(c("-1", "0", "1", "2"), c("C", 
        "T"))), N = 438)), `2` = structure(c(8, 335, 3, 0, 0, 
    0, 0, 0), .Dim = c(4L, 2L), .Dimnames = list(c("-1", "0", 
    "1", "2"), c("C", "T"))))))
