Results <-
list(`bwa.out//20220204//Control11_S4.sam` = list(DEPDC2_SNP1 = list(
    All = list(Freqs = structure(c(4L, 1294L, 12L, 7L, 6L, 1711L, 
    4L, 5L, 0L, 45L, 0L, 0L), .Dim = 4:3, .Dimnames = structure(list(
        c("-1", "0", "1", NA), c("C", "T", NA)), .Names = c("", 
    "")), class = "table"), N = 3088L), Tag.Distribution = structure(c(`1` = 187L, 
    `2` = 110L, `3` = 83L, `4` = 72L, `5` = 48L, `6` = 30L, `7` = 25L, 
    `8` = 25L, `9` = 9L, `10` = 13L, `11` = 16L, `12` = 12L, 
    `13` = 8L, `14` = 9L, `15` = 3L, `16` = 6L, `17` = 6L, `18` = 4L, 
    `19` = 2L, `20` = 2L, `22` = 1L, `24` = 1L, `26` = 1L), .Dim = 23L, .Dimnames = list(
        TagUsage = c("1", "2", "3", "4", "5", "6", "7", "8", 
        "9", "10", "11", "12", "13", "14", "15", "16", "17", 
        "18", "19", "20", "22", "24", "26")), class = "table"), 
    No.Tag = structure(c(0L, 57L, 1L, 2L, 1L, 54L, 0L, 1L, 0L, 
    7L, 0L, 0L), .Dim = 4:3, .Dimnames = structure(list(c("-1", 
    "0", "1", NA), c("C", "T", NA)), .Names = c("", "")), class = "table"), 
    All.Tags = list(Concordant = list(Freqs = structure(c(0, 
    274, 1, 0, 328, 0), .Dim = 3:2, .Dimnames = list(c("-1", 
    "0", "1"), c("C", "T"))), N = 603), Majority = list(Freqs = structure(c(0, 
    293, 2, 0, 359, 0), .Dim = 3:2, .Dimnames = list(c("-1", 
    "0", "1"), c("C", "T"))), N = 654)), `2` = structure(c(0, 
    212, 1, 0, 263, 0), .Dim = 3:2, .Dimnames = list(c("-1", 
    "0", "1"), c("C", "T"))))))
