Results <-
list(`bwa.out//20220204//BlindCMMRD92_S51.sam` = list(GM29_SNP1 = list(
    All = list(Freqs = structure(c(0L, 0L, 0L, 1L, 0L, 0L, 0L, 
    1L, 31L, 2136L, 9L, 0L, 1L, 0L, 24L, 2139L, 9L, 4L, 0L, 0L, 
    0L, 1L, 0L, 0L, 0L, 0L, 1L, 28L, 0L, 0L), .Dim = 6:5, .Dimnames = structure(list(
        c("-3", "-2", "-1", "0", "1", NA), c("-", "A", "G", "T", 
        NA)), .Names = c("", "")), class = "table"), N = 4385L), 
    Tag.Distribution = structure(c(`1` = 87L, `2` = 36L, `3` = 41L, 
    `4` = 26L, `5` = 36L, `6` = 19L, `7` = 28L, `8` = 22L, `9` = 27L, 
    `10` = 11L, `11` = 16L, `12` = 16L, `13` = 6L, `14` = 9L, 
    `15` = 17L, `16` = 12L, `17` = 2L, `18` = 8L, `19` = 7L, 
    `20` = 1L, `21` = 5L, `22` = 4L, `23` = 2L, `24` = 1L, `25` = 4L, 
    `26` = 6L, `27` = 4L, `28` = 7L, `29` = 2L, `30` = 3L, `31` = 2L, 
    `32` = 1L, `33` = 2L, `34` = 3L, `35` = 1L, `37` = 1L, `40` = 1L, 
    `42` = 1L, `44` = 1L, `46` = 1L, `48` = 1L), .Dim = 41L, .Dimnames = list(
        TagUsage = c("1", "2", "3", "4", "5", "6", "7", "8", 
        "9", "10", "11", "12", "13", "14", "15", "16", "17", 
        "18", "19", "20", "21", "22", "23", "24", "25", "26", 
        "27", "28", "29", "30", "31", "32", "33", "34", "35", 
        "37", "40", "42", "44", "46", "48")), class = "table"), 
    No.Tag = structure(c(0L, 0L, 0L, 0L, 0L, 0L, 0L, 0L, 1L, 
    45L, 0L, 0L, 0L, 0L, 2L, 54L, 0L, 2L, 0L, 0L, 0L, 0L, 0L, 
    0L, 0L, 0L, 0L, 1L, 0L, 0L), .Dim = 6:5, .Dimnames = structure(list(
        c("-3", "-2", "-1", "0", "1", NA), c("-", "A", "G", "T", 
        NA)), .Names = c("", "")), class = "table"), All.Tags = list(
        Concordant = list(Freqs = structure(c(0, 0, 0, 0, 0, 
        0, 0, 1, 185, 0, 0, 0, 1, 204, 0, 0, 0, 0, 0, 0), .Dim = 5:4, .Dimnames = list(
            c("-3", "-2", "-1", "0", "1"), c("-", "A", "G", "T"
            ))), N = 391), Majority = list(Freqs = structure(c(0, 
        0, 0, 0, 0, 0, 0, 1, 225, 0, 0, 0, 1, 244, 0, 0, 0, 0, 
        0, 0), .Dim = 5:4, .Dimnames = list(c("-3", "-2", "-1", 
        "0", "1"), c("-", "A", "G", "T"))), N = 471)), `2` = structure(c(0, 
    0, 0, 0, 0, 0, 0, 0, 185, 0, 0, 0, 1, 204, 0, 0, 0, 0, 0, 
    0), .Dim = 5:4, .Dimnames = list(c("-3", "-2", "-1", "0", 
    "1"), c("-", "A", "G", "T"))))))
