Results <-
list(`bwa.out//20220204//BlindCMMRD45_S5.sam` = list(GM26_SNP1 = list(
    All = list(Freqs = structure(c(0L, 0L, 5L, 0L, 0L, 0L, 0L, 
    1L, 0L, 0L, 1L, 36L, 4203L, 15L, 12L, 0L, 1L, 41L, 0L, 0L
    ), .Dim = 5:4, .Dimnames = structure(list(c("-2", "-1", "0", 
    "1", NA), c("A", "C", "G", NA)), .Names = c("", "")), class = "table"), 
        N = 4315L), Tag.Distribution = structure(c(`1` = 82L, 
    `2` = 20L, `3` = 20L, `4` = 17L, `5` = 19L, `6` = 23L, `7` = 12L, 
    `8` = 15L, `9` = 11L, `10` = 8L, `11` = 14L, `12` = 9L, `13` = 5L, 
    `14` = 7L, `15` = 11L, `16` = 9L, `17` = 7L, `18` = 3L, `19` = 4L, 
    `20` = 4L, `21` = 4L, `22` = 2L, `23` = 4L, `24` = 2L, `25` = 4L, 
    `26` = 4L, `27` = 4L, `28` = 2L, `29` = 2L, `30` = 2L, `31` = 2L, 
    `32` = 6L, `33` = 5L, `34` = 2L, `35` = 1L, `36` = 2L, `37` = 1L, 
    `38` = 2L, `39` = 1L, `42` = 1L, `43` = 1L, `44` = 1L, `46` = 3L, 
    `47` = 1L, `48` = 1L, `51` = 1L, `52` = 1L, `55` = 1L, `58` = 1L, 
    `65` = 1L, `76` = 1L, `85` = 1L), .Dim = 52L, .Dimnames = list(
        TagUsage = c("1", "2", "3", "4", "5", "6", "7", "8", 
        "9", "10", "11", "12", "13", "14", "15", "16", "17", 
        "18", "19", "20", "21", "22", "23", "24", "25", "26", 
        "27", "28", "29", "30", "31", "32", "33", "34", "35", 
        "36", "37", "38", "39", "42", "43", "44", "46", "47", 
        "48", "51", "52", "55", "58", "65", "76", "85")), class = "table"), 
    No.Tag = structure(c(0L, 0L, 0L, 0L, 0L, 0L, 0L, 0L, 0L, 
    0L, 0L, 0L, 75L, 1L, 2L, 0L, 0L, 4L, 0L, 0L), .Dim = 5:4, .Dimnames = structure(list(
        c("-2", "-1", "0", "1", NA), c("A", "C", "G", NA)), .Names = c("", 
    "")), class = "table"), All.Tags = list(Concordant = list(
        Freqs = structure(c(0, 0, 2, 0, 0, 0, 0, 0, 0, 3, 315, 
        1), .Dim = 4:3, .Dimnames = list(c("-2", "-1", "0", "1"
        ), c("A", "C", "G"))), N = 321), Majority = list(Freqs = structure(c(0, 
    0, 2, 0, 0, 0, 0, 0, 0, 3, 353, 1), .Dim = 4:3, .Dimnames = list(
        c("-2", "-1", "0", "1"), c("A", "C", "G"))), N = 359)), 
    `2` = structure(c(0, 0, 0, 0, 0, 0, 0, 0, 0, 0, 284, 0), .Dim = 4:3, .Dimnames = list(
        c("-2", "-1", "0", "1"), c("A", "C", "G"))))))
