Results <-
list(`bwa.out//20220204//BlindCMMRD53_S12.sam` = list(LR49_SNP1 = list(
    All = list(Freqs = structure(c(0L, 3L, 0L, 12L, 2659L, 2L, 
    0L, 13L, 0L), .Dim = c(3L, 3L), .Dimnames = structure(list(
        c("-1", "0", "1"), c("A", "G", NA)), .Names = c("", ""
    )), class = "table"), N = 2689L), Tag.Distribution = structure(c(`1` = 99L, 
    `2` = 54L, `3` = 39L, `4` = 39L, `5` = 26L, `6` = 31L, `7` = 24L, 
    `8` = 22L, `9` = 21L, `10` = 10L, `11` = 13L, `12` = 8L, 
    `13` = 10L, `14` = 5L, `15` = 6L, `16` = 4L, `17` = 6L, `18` = 1L, 
    `19` = 1L, `20` = 4L, `21` = 1L, `22` = 2L, `23` = 1L, `24` = 1L, 
    `25` = 1L, `26` = 1L, `28` = 1L, `29` = 1L, `30` = 2L, `32` = 1L, 
    `33` = 1L, `38` = 1L), .Dim = 32L, .Dimnames = list(TagUsage = c("1", 
    "2", "3", "4", "5", "6", "7", "8", "9", "10", "11", "12", 
    "13", "14", "15", "16", "17", "18", "19", "20", "21", "22", 
    "23", "24", "25", "26", "28", "29", "30", "32", "33", "38"
    )), class = "table"), No.Tag = structure(c(0L, 0L, 0L, 0L, 
    0L, 63L, 0L, 0L, 0L, 2L, 0L, 0L), .Dim = 4:3, .Dimnames = structure(list(
        c("-1", "0", "1", NA), c("A", "G", NA)), .Names = c("", 
    "")), class = "table"), All.Tags = list(Concordant = list(
        Freqs = structure(c(0, 2, 0, 1, 418, 1), .Dim = 3:2, .Dimnames = list(
            c("-1", "0", "1"), c("A", "G"))), N = 422), Majority = list(
        Freqs = structure(c(0, 2, 0, 1, 425, 1), .Dim = 3:2, .Dimnames = list(
            c("-1", "0", "1"), c("A", "G"))), N = 429)), `2` = structure(c(0, 
    0, 0, 1, 336, 0), .Dim = 3:2, .Dimnames = list(c("-1", "0", 
    "1"), c("A", "G"))))))
