Results <-
list(`bwa.out//20220204//BlindCMMRD110_S36.sam` = list(GM26_SNP1 = list(
    All = list(Freqs = structure(c(21L, 2580L, 8L, 3L, 0L, 1L, 
    0L, 0L, 11L, 2125L, 6L, 3L, 1L, 54L, 1L, 0L), .Dim = c(4L, 
    4L), .Dimnames = structure(list(c("-1", "0", "1", NA), c("A", 
    "C", "G", NA)), .Names = c("", "")), class = "table"), N = 4814L), 
    Tag.Distribution = structure(c(`1` = 196L, `2` = 142L, `3` = 126L, 
    `4` = 90L, `5` = 80L, `6` = 81L, `7` = 60L, `8` = 45L, `9` = 37L, 
    `10` = 29L, `11` = 24L, `12` = 14L, `13` = 22L, `14` = 5L, 
    `15` = 3L, `16` = 4L, `17` = 3L, `18` = 5L, `19` = 2L, `20` = 1L, 
    `21` = 1L, `22` = 1L, `26` = 1L, `52` = 1L), .Dim = 24L, .Dimnames = list(
        TagUsage = c("1", "2", "3", "4", "5", "6", "7", "8", 
        "9", "10", "11", "12", "13", "14", "15", "16", "17", 
        "18", "19", "20", "21", "22", "26", "52")), class = "table"), 
    No.Tag = structure(c(1L, 32L, 0L, 0L, 0L, 0L, 0L, 0L, 0L, 
    52L, 0L, 0L, 0L, 5L, 0L, 0L), .Dim = c(4L, 4L), .Dimnames = structure(list(
        c("-1", "0", "1", NA), c("A", "C", "G", NA)), .Names = c("", 
    "")), class = "table"), All.Tags = list(Concordant = list(
        Freqs = structure(c(1, 442, 0, 0, 0, 0, 1, 388, 0), .Dim = c(3L, 
        3L), .Dimnames = list(c("-1", "0", "1"), c("A", "C", 
        "G"))), N = 832), Majority = list(Freqs = structure(c(1, 
    511, 0, 0, 0, 0, 1, 442, 0), .Dim = c(3L, 3L), .Dimnames = list(
        c("-1", "0", "1"), c("A", "C", "G"))), N = 955)), `2` = structure(c(0, 
    415, 0, 0, 0, 0, 0, 354, 0), .Dim = c(3L, 3L), .Dimnames = list(
        c("-1", "0", "1"), c("A", "C", "G"))))))
