Results <-
list(`bwa.out//20220204//BlindCMMRD77_S36.sam` = list(GM26_SNP1 = list(
    All = list(Freqs = structure(c(1L, 26L, 3584L, 17L, 7L, 0L, 
    0L, 1L, 0L, 0L, 0L, 0L, 1L, 0L, 0L, 0L, 3L, 26L, 0L, 0L), .Dim = 5:4, .Dimnames = structure(list(
        c("-2", "-1", "0", "1", NA), c("A", "G", "T", NA)), .Names = c("", 
    "")), class = "table"), N = 3666L), Tag.Distribution = structure(c(`1` = 102L, 
    `2` = 45L, `3` = 53L, `4` = 43L, `5` = 25L, `6` = 33L, `7` = 25L, 
    `8` = 17L, `9` = 22L, `10` = 20L, `11` = 13L, `12` = 14L, 
    `13` = 8L, `14` = 5L, `15` = 7L, `16` = 10L, `17` = 6L, `18` = 11L, 
    `19` = 6L, `20` = 5L, `21` = 6L, `22` = 6L, `23` = 5L, `25` = 4L, 
    `26` = 2L, `27` = 1L, `29` = 1L, `30` = 1L, `31` = 1L, `32` = 1L, 
    `36` = 1L, `43` = 1L), .Dim = 32L, .Dimnames = list(TagUsage = c("1", 
    "2", "3", "4", "5", "6", "7", "8", "9", "10", "11", "12", 
    "13", "14", "15", "16", "17", "18", "19", "20", "21", "22", 
    "23", "25", "26", "27", "29", "30", "31", "32", "36", "43"
    )), class = "table"), No.Tag = structure(c(0L, 1L, 88L, 0L, 
    0L, 0L, 0L, 0L, 0L, 0L, 0L, 0L, 0L, 0L, 0L, 0L, 0L, 5L, 0L, 
    0L), .Dim = 5:4, .Dimnames = structure(list(c("-2", "-1", 
    "0", "1", NA), c("A", "G", "T", NA)), .Names = c("", "")), class = "table"), 
    All.Tags = list(Concordant = list(Freqs = structure(c(0, 
    1, 461, 1, 0, 0, 1, 0, 0, 0, 0, 0), .Dim = 4:3, .Dimnames = list(
        c("-2", "-1", "0", "1"), c("A", "G", "T"))), N = 464), 
        Majority = list(Freqs = structure(c(0, 1, 496, 1, 0, 
        0, 1, 0, 0, 0, 0, 0), .Dim = 4:3, .Dimnames = list(c("-2", 
        "-1", "0", "1"), c("A", "G", "T"))), N = 499)), `2` = structure(c(0, 
    0, 397, 0, 0, 0, 0, 0, 0, 0, 0, 0), .Dim = 4:3, .Dimnames = list(
        c("-2", "-1", "0", "1"), c("A", "G", "T"))))))
