Results <-
list(`bwa.out//20220204//Control15_S8.sam` = list(DEPDC2_SNP1 = list(
    All = list(Freqs = structure(c(0L, 0L, 0L, 0L, 1L, 1L, 13L, 
    1365L, 2L, 6L, 0L, 0L, 1L, 0L, 0L, 0L, 4L, 1407L, 8L, 7L, 
    0L, 0L, 32L, 0L, 0L), .Dim = c(5L, 5L), .Dimnames = structure(list(
        c("-2", "-1", "0", "1", NA), c("A", "C", "G", "T", NA
        )), .Names = c("", "")), class = "table"), N = 2847L), 
    Tag.Distribution = structure(c(`1` = 140L, `2` = 69L, `3` = 59L, 
    `4` = 48L, `5` = 34L, `6` = 37L, `7` = 24L, `8` = 20L, `9` = 19L, 
    `10` = 16L, `11` = 10L, `12` = 6L, `13` = 9L, `14` = 4L, 
    `15` = 5L, `16` = 1L, `17` = 3L, `18` = 6L, `19` = 3L, `20` = 4L, 
    `21` = 3L, `22` = 3L, `23` = 3L, `25` = 2L, `33` = 1L), .Dim = 25L, .Dimnames = list(
        TagUsage = c("1", "2", "3", "4", "5", "6", "7", "8", 
        "9", "10", "11", "12", "13", "14", "15", "16", "17", 
        "18", "19", "20", "21", "22", "23", "25", "33")), class = "table"), 
    No.Tag = structure(c(0L, 0L, 0L, 0L, 0L, 0L, 0L, 45L, 0L, 
    1L, 0L, 0L, 0L, 0L, 0L, 0L, 0L, 75L, 0L, 1L, 0L, 0L, 4L, 
    0L, 0L), .Dim = c(5L, 5L), .Dimnames = structure(list(c("-2", 
    "-1", "0", "1", NA), c("A", "C", "G", "T", NA)), .Names = c("", 
    "")), class = "table"), All.Tags = list(Concordant = list(
        Freqs = structure(c(0, 0, 0, 0, 0, 1, 229, 0, 0, 0, 0, 
        0, 0, 1, 246, 1), .Dim = c(4L, 4L), .Dimnames = list(
            c("-2", "-1", "0", "1"), c("A", "C", "G", "T"))), 
        N = 478), Majority = list(Freqs = structure(c(0, 0, 0, 
    0, 0, 1, 253, 0, 0, 0, 0, 0, 0, 1, 264, 1), .Dim = c(4L, 
    4L), .Dimnames = list(c("-2", "-1", "0", "1"), c("A", "C", 
    "G", "T"))), N = 520)), `2` = structure(c(0, 0, 0, 0, 0, 
    0, 191, 0, 0, 0, 0, 0, 0, 0, 192, 1), .Dim = c(4L, 4L), .Dimnames = list(
        c("-2", "-1", "0", "1"), c("A", "C", "G", "T"))))))
