Results <-
list(`bwa.out//20220204//BlindCMMRD85_S44.sam` = list(LR20_SNP1 = list(
    All = list(Freqs = structure(c(0L, 1L, 0L, 0L, 3L, 2055L, 
    2L, 3L, 2L, 2046L, 2L, 0L, 0L, 1L, 0L, 0L, 0L, 34L, 0L, 0L
    ), .Dim = 4:5, .Dimnames = structure(list(c("-1", "0", "1", 
    NA), c("-", "A", "G", "T", NA)), .Names = c("", "")), class = "table"), 
        N = 4149L), Tag.Distribution = structure(c(`1` = 150L, 
    `2` = 108L, `3` = 76L, `4` = 55L, `5` = 51L, `6` = 44L, `7` = 29L, 
    `8` = 33L, `9` = 24L, `10` = 21L, `11` = 14L, `12` = 14L, 
    `13` = 17L, `14` = 10L, `15` = 3L, `16` = 8L, `17` = 8L, 
    `18` = 1L, `19` = 5L, `20` = 8L, `21` = 3L, `22` = 3L, `23` = 2L, 
    `24` = 2L, `25` = 2L, `26` = 1L, `28` = 1L, `30` = 1L, `31` = 3L, 
    `32` = 1L, `36` = 1L, `39` = 1L), .Dim = 32L, .Dimnames = list(
        TagUsage = c("1", "2", "3", "4", "5", "6", "7", "8", 
        "9", "10", "11", "12", "13", "14", "15", "16", "17", 
        "18", "19", "20", "21", "22", "23", "24", "25", "26", 
        "28", "30", "31", "32", "36", "39")), class = "table"), 
    No.Tag = structure(c(0L, 0L, 0L, 0L, 0L, 54L, 0L, 1L, 0L, 
    40L, 1L, 0L, 0L, 0L, 0L, 0L, 0L, 5L, 0L, 0L), .Dim = 4:5, .Dimnames = structure(list(
        c("-1", "0", "1", NA), c("-", "A", "G", "T", NA)), .Names = c("", 
    "")), class = "table"), All.Tags = list(Concordant = list(
        Freqs = structure(c(0, 0, 0, 1, 311, 0, 0, 316, 0, 0, 
        0, 0), .Dim = 3:4, .Dimnames = list(c("-1", "0", "1"), 
            c("-", "A", "G", "T"))), N = 628), Majority = list(
        Freqs = structure(c(0, 0, 0, 1, 343, 0, 0, 343, 0, 0, 
        0, 0), .Dim = 3:4, .Dimnames = list(c("-1", "0", "1"), 
            c("-", "A", "G", "T"))), N = 687)), `2` = structure(c(0, 
    0, 0, 0, 261, 0, 0, 280, 0, 0, 0, 0), .Dim = 3:4, .Dimnames = list(
        c("-1", "0", "1"), c("-", "A", "G", "T"))))))
