Results <-
list(`bwa.out//20220204//BlindCMMRD73_S32.sam` = list(IM16_SNP1 = list(
    All = list(Freqs = structure(c(1L, 20L, 2770L, 43L, 2L, 0L, 
    35L, 2797L, 22L, 2L, 0L, 0L, 1L, 0L, 0L, 0L, 0L, 64L, 3L, 
    0L), .Dim = 5:4, .Dimnames = structure(list(c("-2", "-1", 
    "0", "1", NA), c("A", "G", "T", NA)), .Names = c("", "")), class = "table"), 
        N = 5760L), Tag.Distribution = structure(c(`1` = 117L, 
    `2` = 54L, `3` = 42L, `4` = 40L, `5` = 50L, `6` = 39L, `7` = 31L, 
    `8` = 25L, `9` = 25L, `10` = 24L, `11` = 28L, `12` = 20L, 
    `13` = 15L, `14` = 20L, `15` = 9L, `16` = 8L, `17` = 9L, 
    `18` = 11L, `19` = 10L, `20` = 11L, `21` = 7L, `22` = 7L, 
    `23` = 7L, `24` = 9L, `26` = 2L, `27` = 2L, `28` = 7L, `29` = 2L, 
    `30` = 4L, `31` = 2L, `32` = 2L, `34` = 2L, `35` = 2L, `36` = 2L, 
    `37` = 2L, `40` = 2L, `41` = 1L, `56` = 1L), .Dim = 38L, .Dimnames = list(
        TagUsage = c("1", "2", "3", "4", "5", "6", "7", "8", 
        "9", "10", "11", "12", "13", "14", "15", "16", "17", 
        "18", "19", "20", "21", "22", "23", "24", "26", "27", 
        "28", "29", "30", "31", "32", "34", "35", "36", "37", 
        "40", "41", "56")), class = "table"), No.Tag = structure(c(0L, 
    0L, 35L, 2L, 1L, 0L, 1L, 32L, 4L, 1L, 0L, 0L, 0L, 0L, 0L, 
    0L, 0L, 15L, 0L, 0L), .Dim = 5:4, .Dimnames = structure(list(
        c("-2", "-1", "0", "1", NA), c("A", "G", "T", NA)), .Names = c("", 
    "")), class = "table"), All.Tags = list(Concordant = list(
        Freqs = structure(c(0, 1, 256, 1, 0, 0, 273, 0, 0, 0, 
        0, 0), .Dim = 4:3, .Dimnames = list(c("-2", "-1", "0", 
        "1"), c("A", "G", "T"))), N = 531), Majority = list(Freqs = structure(c(0, 
    1, 312, 1, 0, 0, 327, 0, 0, 0, 0, 0), .Dim = 4:3, .Dimnames = list(
        c("-2", "-1", "0", "1"), c("A", "G", "T"))), N = 641)), 
    `2` = structure(c(0, 0, 261, 0, 0, 0, 268, 0, 0, 0, 0, 0), .Dim = 4:3, .Dimnames = list(
        c("-2", "-1", "0", "1"), c("A", "G", "T"))))))
