Results <-
list(`bwa.out//20220204//17D0989_S8.sam` = list(IM49_SNP1 = list(
    All = list(Freqs = structure(c(0L, 19L, 1171L, 22L, 1L, 10L, 
    1L, 35L, 936L, 28L, 0L, 2L, 0L, 2L, 124L, 0L, 0L, 0L), .Dim = c(6L, 
    3L), .Dimnames = structure(list(c("-2", "-1", "0", "1", "2", 
    NA), c("C", "G", NA)), .Names = c("", "")), class = "table"), 
        N = 2351L), Tag.Distribution = structure(c(`1` = 156L, 
    `2` = 71L, `3` = 50L, `4` = 39L, `5` = 40L, `6` = 16L, `7` = 21L, 
    `8` = 26L, `9` = 8L, `10` = 4L, `11` = 10L, `12` = 7L, `13` = 8L, 
    `14` = 3L, `15` = 5L, `16` = 1L, `17` = 2L, `18` = 5L, `19` = 3L, 
    `20` = 5L, `24` = 1L, `25` = 1L, `27` = 1L, `28` = 1L, `30` = 1L, 
    `31` = 1L), .Dim = 26L, .Dimnames = list(TagUsage = c("1", 
    "2", "3", "4", "5", "6", "7", "8", "9", "10", "11", "12", 
    "13", "14", "15", "16", "17", "18", "19", "20", "24", "25", 
    "27", "28", "30", "31")), class = "table"), No.Tag = structure(c(0L, 
    2L, 43L, 1L, 0L, 0L, 0L, 0L, 51L, 3L, 0L, 0L, 0L, 0L, 7L, 
    0L, 0L, 0L), .Dim = c(6L, 3L), .Dimnames = structure(list(
        c("-2", "-1", "0", "1", "2", NA), c("C", "G", NA)), .Names = c("", 
    "")), class = "table"), All.Tags = list(Concordant = list(
        Freqs = structure(c(0, 3, 207, 3, 0, 0, 5, 165, 4, 0), .Dim = c(5L, 
        2L), .Dimnames = list(c("-2", "-1", "0", "1", "2"), c("C", 
        "G"))), N = 387), Majority = list(Freqs = structure(c(0, 
    3, 240, 3, 0, 0, 5, 198, 5, 0), .Dim = c(5L, 2L), .Dimnames = list(
        c("-2", "-1", "0", "1", "2"), c("C", "G"))), N = 454)), 
    `2` = structure(c(0, 1, 174, 0, 0, 0, 2, 142, 1, 0), .Dim = c(5L, 
    2L), .Dimnames = list(c("-2", "-1", "0", "1", "2"), c("C", 
    "G"))))))
