Results <-
list(`bwa.out//20220204//BlindCMMRD54_S13.sam` = list(LR10_SNP1 = list(
    All = list(Freqs = structure(c(1L, 220L, 5318L, 37L, 1L, 
    8L, 0L, 0L, 1L, 0L, 0L, 0L, 0L, 0L, 15L, 0L, 0L, 0L, 0L, 
    0L, 54L, 1L, 0L, 0L), .Dim = c(6L, 4L), .Dimnames = structure(list(
        c("-2", "-1", "0", "1", "2", NA), c("C", "G", "T", NA
        )), .Names = c("", "")), class = "table"), N = 5656L), 
    Tag.Distribution = structure(c(`1` = 93L, `2` = 42L, `3` = 43L, 
    `4` = 32L, `5` = 33L, `6` = 26L, `7` = 20L, `8` = 29L, `9` = 21L, 
    `10` = 28L, `11` = 17L, `12` = 21L, `13` = 17L, `14` = 15L, 
    `15` = 9L, `16` = 14L, `17` = 10L, `18` = 10L, `19` = 6L, 
    `20` = 9L, `21` = 6L, `22` = 4L, `23` = 6L, `24` = 6L, `25` = 3L, 
    `26` = 7L, `27` = 4L, `28` = 4L, `29` = 4L, `30` = 3L, `32` = 2L, 
    `33` = 1L, `34` = 4L, `35` = 2L, `36` = 4L, `37` = 3L, `39` = 1L, 
    `40` = 3L, `41` = 1L, `44` = 1L, `49` = 1L), .Dim = 41L, .Dimnames = list(
        TagUsage = c("1", "2", "3", "4", "5", "6", "7", "8", 
        "9", "10", "11", "12", "13", "14", "15", "16", "17", 
        "18", "19", "20", "21", "22", "23", "24", "25", "26", 
        "27", "28", "29", "30", "32", "33", "34", "35", "36", 
        "37", "39", "40", "41", "44", "49")), class = "table"), 
    No.Tag = structure(c(0L, 10L, 142L, 1L, 0L, 0L, 0L, 0L, 0L, 
    0L, 0L, 0L, 0L, 0L, 1L, 0L, 0L, 0L, 0L, 0L, 3L, 0L, 0L, 0L
    ), .Dim = c(6L, 4L), .Dimnames = structure(list(c("-2", "-1", 
    "0", "1", "2", NA), c("C", "G", "T", NA)), .Names = c("", 
    "")), class = "table"), All.Tags = list(Concordant = list(
        Freqs = structure(c(0, 14, 452, 1, 0, 0, 0, 0, 0, 0, 
        0, 0, 3, 0, 0), .Dim = c(5L, 3L), .Dimnames = list(c("-2", 
        "-1", "0", "1", "2"), c("C", "G", "T"))), N = 470), Majority = list(
        Freqs = structure(c(0, 17, 536, 1, 0, 0, 0, 0, 0, 0, 
        0, 0, 3, 0, 0), .Dim = c(5L, 3L), .Dimnames = list(c("-2", 
        "-1", "0", "1", "2"), c("C", "G", "T"))), N = 557)), 
    `2` = structure(c(0, 15, 452, 1, 0, 0, 0, 0, 0, 0, 0, 0, 
    1, 0, 0), .Dim = c(5L, 3L), .Dimnames = list(c("-2", "-1", 
    "0", "1", "2"), c("C", "G", "T"))))))
