Results <-
list(`bwa.out//20220204//Control23_S16.sam` = list(GM14_SNP1 = list(
    All = list(Freqs = structure(c(50L, 1600L, 17L, 8L, 0L, 1L, 
    0L, 0L, 0L, 1L, 0L, 0L, 0L, 40L, 0L, 0L), .Dim = c(4L, 4L
    ), .Dimnames = structure(list(c("-1", "0", "1", NA), c("C", 
    "G", "T", NA)), .Names = c("", "")), class = "table"), N = 1717L), 
    Tag.Distribution = structure(c(`1` = 51L, `2` = 31L, `3` = 26L, 
    `4` = 19L, `5` = 21L, `6` = 19L, `7` = 16L, `8` = 12L, `9` = 9L, 
    `10` = 8L, `11` = 10L, `12` = 10L, `13` = 5L, `14` = 3L, 
    `15` = 3L, `16` = 5L, `17` = 1L, `18` = 4L, `19` = 1L, `21` = 2L, 
    `23` = 1L, `24` = 1L, `25` = 1L, `27` = 1L, `28` = 1L, `34` = 2L
    ), .Dim = 26L, .Dimnames = list(TagUsage = c("1", "2", "3", 
    "4", "5", "6", "7", "8", "9", "10", "11", "12", "13", "14", 
    "15", "16", "17", "18", "19", "21", "23", "24", "25", "27", 
    "28", "34")), class = "table"), No.Tag = structure(c(4L, 
    43L, 0L, 1L, 0L, 0L, 0L, 0L, 0L, 0L, 0L, 0L, 0L, 7L, 0L, 
    0L), .Dim = c(4L, 4L), .Dimnames = structure(list(c("-1", 
    "0", "1", NA), c("C", "G", "T", NA)), .Names = c("", "")), class = "table"), 
    All.Tags = list(Concordant = list(Freqs = structure(c(2, 
    212, 0, 0, 0, 0, 0, 0, 0), .Dim = c(3L, 3L), .Dimnames = list(
        c("-1", "0", "1"), c("C", "G", "T"))), N = 214), Majority = list(
        Freqs = structure(c(2, 255, 1, 0, 0, 0, 0, 0, 0), .Dim = c(3L, 
        3L), .Dimnames = list(c("-1", "0", "1"), c("C", "G", 
        "T"))), N = 258)), `2` = structure(c(0, 209, 1, 0, 0, 
    0, 0, 0, 0), .Dim = c(3L, 3L), .Dimnames = list(c("-1", "0", 
    "1"), c("C", "G", "T"))))))
