Results <-
list(`bwa.out//20220204//BlindCMMRD88_S47.sam` = list(GM17_SNP1 = list(
    All = list(Freqs = structure(c(0L, 0L, 1L, 0L, 0L, 1L, 18L, 
    2559L, 8L, 2L, 0L, 1L, 0L, 0L, 0L, 1L, 30L, 2427L, 5L, 1L, 
    0L, 0L, 35L, 0L, 0L), .Dim = c(5L, 5L), .Dimnames = structure(list(
        c("-2", "-1", "0", "1", NA), c("A", "C", "G", "T", NA
        )), .Names = c("", "")), class = "table"), N = 5089L), 
    Tag.Distribution = structure(c(`1` = 115L, `2` = 44L, `3` = 49L, 
    `4` = 36L, `5` = 33L, `6` = 21L, `7` = 25L, `8` = 22L, `9` = 20L, 
    `10` = 15L, `11` = 22L, `12` = 17L, `13` = 11L, `14` = 17L, 
    `15` = 11L, `16` = 10L, `17` = 9L, `18` = 8L, `19` = 4L, 
    `20` = 9L, `21` = 4L, `22` = 2L, `23` = 6L, `24` = 6L, `25` = 5L, 
    `26` = 5L, `27` = 2L, `28` = 1L, `29` = 1L, `31` = 5L, `33` = 2L, 
    `34` = 2L, `35` = 1L, `36` = 1L, `37` = 1L, `38` = 2L, `39` = 2L, 
    `41` = 1L, `42` = 1L, `43` = 1L, `46` = 2L, `48` = 2L, `49` = 1L, 
    `53` = 1L, `64` = 1L), .Dim = 45L, .Dimnames = list(TagUsage = c("1", 
    "2", "3", "4", "5", "6", "7", "8", "9", "10", "11", "12", 
    "13", "14", "15", "16", "17", "18", "19", "20", "21", "22", 
    "23", "24", "25", "26", "27", "28", "29", "31", "33", "34", 
    "35", "36", "37", "38", "39", "41", "42", "43", "46", "48", 
    "49", "53", "64")), class = "table"), No.Tag = structure(c(0L, 
    0L, 0L, 0L, 0L, 0L, 2L, 71L, 0L, 0L, 0L, 0L, 0L, 0L, 0L, 
    0L, 0L, 32L, 0L, 0L, 0L, 0L, 6L, 0L, 0L), .Dim = c(5L, 5L
    ), .Dimnames = structure(list(c("-2", "-1", "0", "1", NA), 
        c("A", "C", "G", "T", NA)), .Names = c("", "")), class = "table"), 
    All.Tags = list(Concordant = list(Freqs = structure(c(0, 
    0, 0, 0, 0, 0, 236, 1, 0, 0, 0, 0, 0, 3, 231, 0), .Dim = c(4L, 
    4L), .Dimnames = list(c("-2", "-1", "0", "1"), c("A", "C", 
    "G", "T"))), N = 471), Majority = list(Freqs = structure(c(0, 
    0, 0, 0, 0, 0, 275, 1, 0, 0, 0, 0, 0, 3, 269, 0), .Dim = c(4L, 
    4L), .Dimnames = list(c("-2", "-1", "0", "1"), c("A", "C", 
    "G", "T"))), N = 548)), `2` = structure(c(0, 0, 0, 0, 0, 
    0, 217, 0, 0, 0, 0, 0, 0, 0, 221, 0), .Dim = c(4L, 4L), .Dimnames = list(
        c("-2", "-1", "0", "1"), c("A", "C", "G", "T"))))))
