Results <-
list(`bwa.out//20220204//16D2889_S4.sam` = list(GM14_SNP1 = list(
    All = list(Freqs = structure(c(46L, 1044L, 7L, 1L, 5L, 29L, 
    1165L, 6L, 0L, 1L, 0L, 34L, 0L, 0L, 0L), .Dim = c(5L, 3L), .Dimnames = structure(list(
        c("-1", "0", "1", "2", NA), c("C", "T", NA)), .Names = c("", 
    "")), class = "table"), N = 2338L), Tag.Distribution = structure(c(`1` = 138L, 
    `2` = 87L, `3` = 71L, `4` = 46L, `5` = 39L, `6` = 24L, `7` = 27L, 
    `8` = 21L, `9` = 9L, `10` = 13L, `11` = 7L, `12` = 5L, `13` = 5L, 
    `14` = 6L, `15` = 6L, `16` = 2L, `17` = 4L, `18` = 2L, `19` = 1L, 
    `20` = 1L, `21` = 1L, `22` = 1L, `29` = 1L, `32` = 1L), .Dim = 24L, .Dimnames = list(
        TagUsage = c("1", "2", "3", "4", "5", "6", "7", "8", 
        "9", "10", "11", "12", "13", "14", "15", "16", "17", 
        "18", "19", "20", "21", "22", "29", "32")), class = "table"), 
    No.Tag = structure(c(1L, 43L, 0L, 0L, 0L, 0L, 17L, 0L, 0L, 
    0L, 0L, 6L, 0L, 0L, 0L), .Dim = c(5L, 3L), .Dimnames = structure(list(
        c("-1", "0", "1", "2", NA), c("C", "T", NA)), .Names = c("", 
    "")), class = "table"), All.Tags = list(Concordant = list(
        Freqs = structure(c(4, 204, 0, 0, 3, 234, 0, 0), .Dim = c(4L, 
        2L), .Dimnames = list(c("-1", "0", "1", "2"), c("C", 
        "T"))), N = 445), Majority = list(Freqs = structure(c(4, 
    243, 0, 0, 3, 260, 0, 0), .Dim = c(4L, 2L), .Dimnames = list(
        c("-1", "0", "1", "2"), c("C", "T"))), N = 510)), `2` = structure(c(1, 
    186, 0, 0, 2, 185, 0, 0), .Dim = c(4L, 2L), .Dimnames = list(
        c("-1", "0", "1", "2"), c("C", "T"))))))
