Results <-
list(`bwa.out//20220204//Control25_S18.sam` = list(GM26_SNP1 = list(
    All = list(Freqs = structure(c(15L, 2039L, 4L, 5L, 0L, 1L, 
    0L, 0L, 1L, 12L, 0L, 0L), .Dim = 4:3, .Dimnames = structure(list(
        c("-1", "0", "1", NA), c("A", "G", NA)), .Names = c("", 
    "")), class = "table"), N = 2077L), Tag.Distribution = structure(c(`1` = 59L, 
    `2` = 20L, `3` = 16L, `4` = 20L, `5` = 21L, `6` = 8L, `7` = 11L, 
    `8` = 9L, `9` = 13L, `10` = 8L, `11` = 11L, `12` = 6L, `13` = 10L, 
    `14` = 5L, `15` = 3L, `16` = 4L, `17` = 5L, `18` = 3L, `19` = 4L, 
    `20` = 4L, `21` = 2L, `22` = 1L, `23` = 3L, `24` = 1L, `25` = 1L, 
    `26` = 1L, `27` = 2L, `28` = 1L, `29` = 2L, `33` = 1L, `34` = 1L, 
    `37` = 1L, `38` = 1L, `39` = 1L), .Dim = 34L, .Dimnames = list(
        TagUsage = c("1", "2", "3", "4", "5", "6", "7", "8", 
        "9", "10", "11", "12", "13", "14", "15", "16", "17", 
        "18", "19", "20", "21", "22", "23", "24", "25", "26", 
        "27", "28", "29", "33", "34", "37", "38", "39")), class = "table"), 
    No.Tag = structure(c(0L, 25L, 0L, 0L, 0L, 0L, 0L, 0L, 0L, 
    0L, 0L, 0L), .Dim = 4:3, .Dimnames = structure(list(c("-1", 
    "0", "1", NA), c("A", "G", NA)), .Names = c("", "")), class = "table"), 
    All.Tags = list(Concordant = list(Freqs = structure(c(0, 
    238, 2, 0, 1, 0), .Dim = 3:2, .Dimnames = list(c("-1", "0", 
    "1"), c("A", "G"))), N = 241), Majority = list(Freqs = structure(c(0, 
    255, 2, 0, 1, 0), .Dim = 3:2, .Dimnames = list(c("-1", "0", 
    "1"), c("A", "G"))), N = 258)), `2` = structure(c(0, 200, 
    0, 0, 0, 0), .Dim = 3:2, .Dimnames = list(c("-1", "0", "1"
    ), c("A", "G"))))))
