Results <-
list(`bwa.out//20220204//BlindCMMRD50_S10.sam` = list(LR24_SNP1 = list(
    All = list(Freqs = structure(c(10L, 2107L, 5L, 0L, 5L, 1799L, 
    5L, 1L, 0L, 24L, 0L, 0L), .Dim = 4:3, .Dimnames = structure(list(
        c("-1", "0", "1", NA), c("A", "G", NA)), .Names = c("", 
    "")), class = "table"), N = 3956L), Tag.Distribution = structure(c(`1` = 132L, 
    `2` = 37L, `3` = 48L, `4` = 34L, `5` = 21L, `6` = 20L, `7` = 22L, 
    `8` = 17L, `9` = 14L, `10` = 21L, `11` = 13L, `12` = 12L, 
    `13` = 10L, `14` = 10L, `15` = 12L, `16` = 5L, `17` = 4L, 
    `18` = 3L, `19` = 8L, `20` = 4L, `21` = 2L, `22` = 6L, `23` = 4L, 
    `24` = 1L, `25` = 3L, `26` = 2L, `27` = 1L, `28` = 2L, `29` = 2L, 
    `30` = 1L, `31` = 1L, `33` = 2L, `34` = 2L, `35` = 3L, `36` = 1L, 
    `40` = 1L, `41` = 1L, `43` = 1L, `44` = 1L, `46` = 1L, `47` = 1L, 
    `49` = 1L, `59` = 1L), .Dim = 43L, .Dimnames = list(TagUsage = c("1", 
    "2", "3", "4", "5", "6", "7", "8", "9", "10", "11", "12", 
    "13", "14", "15", "16", "17", "18", "19", "20", "21", "22", 
    "23", "24", "25", "26", "27", "28", "29", "30", "31", "33", 
    "34", "35", "36", "40", "41", "43", "44", "46", "47", "49", 
    "59")), class = "table"), No.Tag = structure(c(0L, 77L, 0L, 
    0L, 1L, 103L, 0L, 0L, 0L, 4L, 0L, 0L), .Dim = 4:3, .Dimnames = structure(list(
        c("-1", "0", "1", NA), c("A", "G", NA)), .Names = c("", 
    "")), class = "table"), All.Tags = list(Concordant = list(
        Freqs = structure(c(1, 229, 0, 0, 221, 0), .Dim = 3:2, .Dimnames = list(
            c("-1", "0", "1"), c("A", "G"))), N = 451), Majority = list(
        Freqs = structure(c(1, 249, 0, 0, 231, 0), .Dim = 3:2, .Dimnames = list(
            c("-1", "0", "1"), c("A", "G"))), N = 481)), `2` = structure(c(0, 
    183, 0, 0, 171, 0), .Dim = 3:2, .Dimnames = list(c("-1", 
    "0", "1"), c("A", "G"))))))
