Results <-
list(`bwa.out//20220204//BlindCMMRD62_S21.sam` = list(GM26_SNP1 = list(
    All = list(Freqs = structure(c(14L, 1938L, 5L, 3L, 11L, 1935L, 
    9L, 2L, 1L, 32L, 0L, 0L), .Dim = 4:3, .Dimnames = structure(list(
        c("-1", "0", "1", NA), c("A", "G", NA)), .Names = c("", 
    "")), class = "table"), N = 3950L), Tag.Distribution = structure(c(`1` = 115L, 
    `2` = 49L, `3` = 57L, `4` = 48L, `5` = 38L, `6` = 42L, `7` = 34L, 
    `8` = 28L, `9` = 20L, `10` = 16L, `11` = 22L, `12` = 14L, 
    `13` = 14L, `14` = 9L, `15` = 8L, `16` = 9L, `17` = 4L, `18` = 12L, 
    `19` = 3L, `20` = 2L, `21` = 5L, `22` = 2L, `23` = 5L, `24` = 1L, 
    `25` = 4L, `26` = 1L, `28` = 3L, `29` = 2L, `30` = 1L, `32` = 1L, 
    `33` = 1L, `35` = 1L, `41` = 1L), .Dim = 33L, .Dimnames = list(
        TagUsage = c("1", "2", "3", "4", "5", "6", "7", "8", 
        "9", "10", "11", "12", "13", "14", "15", "16", "17", 
        "18", "19", "20", "21", "22", "23", "24", "25", "26", 
        "28", "29", "30", "32", "33", "35", "41")), class = "table"), 
    No.Tag = structure(c(0L, 19L, 0L, 0L, 0L, 19L, 0L, 0L, 0L, 
    2L, 0L, 0L), .Dim = 4:3, .Dimnames = structure(list(c("-1", 
    "0", "1", NA), c("A", "G", NA)), .Names = c("", "")), class = "table"), 
    All.Tags = list(Concordant = list(Freqs = structure(c(1, 
    255, 0, 0, 247, 0), .Dim = 3:2, .Dimnames = list(c("-1", 
    "0", "1"), c("A", "G"))), N = 503), Majority = list(Freqs = structure(c(1, 
    284, 0, 0, 281, 0), .Dim = 3:2, .Dimnames = list(c("-1", 
    "0", "1"), c("A", "G"))), N = 566)), `2` = structure(c(0, 
    216, 0, 0, 240, 0), .Dim = 3:2, .Dimnames = list(c("-1", 
    "0", "1"), c("A", "G"))))))
