Results <-
list(`bwa.out//20220204//Control23_S16.sam` = list(LR46_SNP1 = list(
    All = list(Freqs = structure(c(7L, 2880L, 12L, 7L, 0L, 12L, 
    0L, 0L), .Dim = c(4L, 2L), .Dimnames = structure(list(c("-1", 
    "0", "1", NA), c("G", NA)), .Names = c("", "")), class = "table"), 
        N = 2918L), Tag.Distribution = structure(c(`1` = 84L, 
    `2` = 32L, `3` = 29L, `4` = 30L, `5` = 20L, `6` = 29L, `7` = 20L, 
    `8` = 8L, `9` = 11L, `10` = 15L, `11` = 11L, `12` = 9L, `13` = 8L, 
    `14` = 8L, `15` = 4L, `16` = 6L, `17` = 4L, `18` = 2L, `19` = 3L, 
    `20` = 5L, `21` = 3L, `22` = 2L, `23` = 2L, `24` = 6L, `25` = 3L, 
    `26` = 1L, `27` = 1L, `28` = 2L, `29` = 2L, `30` = 1L, `31` = 2L, 
    `34` = 3L, `35` = 2L, `38` = 1L), .Dim = 34L, .Dimnames = list(
        TagUsage = c("1", "2", "3", "4", "5", "6", "7", "8", 
        "9", "10", "11", "12", "13", "14", "15", "16", "17", 
        "18", "19", "20", "21", "22", "23", "24", "25", "26", 
        "27", "28", "29", "30", "31", "34", "35", "38")), class = "table"), 
    No.Tag = structure(c(0L, 126L, 0L, 3L, 0L, 4L, 0L, 0L), .Dim = c(4L, 
    2L), .Dimnames = structure(list(c("-1", "0", "1", NA), c("G", 
    NA)), .Names = c("", "")), class = "table"), All.Tags = list(
        Concordant = list(Freqs = structure(c(0, 352, 2), .Dim = c(3L, 
        1L), .Dimnames = list(c("-1", "0", "1"), "G")), N = 354), 
        Majority = list(Freqs = structure(c(0, 364, 2), .Dim = c(3L, 
        1L), .Dimnames = list(c("-1", "0", "1"), "G")), N = 366)), 
    `2` = structure(c(0, 283, 1), .Dim = c(3L, 1L), .Dimnames = list(
        c("-1", "0", "1"), "G")))))
