Results <-
list(`bwa.out//20220204//BlindCMMRD57_S16.sam` = list(GM11_SNP1 = list(
    All = list(Freqs = structure(c(1L, 5L, 2041L, 9L, 1L, 0L, 
    8L, 2748L, 12L, 1L, 0L, 0L, 29L, 1L, 0L), .Dim = c(5L, 3L
    ), .Dimnames = structure(list(c("-2", "-1", "0", "1", NA), 
        c("A", "G", NA)), .Names = c("", "")), class = "table"), 
        N = 4856L), Tag.Distribution = structure(c(`1` = 79L, 
    `2` = 54L, `3` = 46L, `4` = 46L, `5` = 28L, `6` = 32L, `7` = 27L, 
    `8` = 26L, `9` = 22L, `10` = 25L, `11` = 14L, `12` = 17L, 
    `13` = 13L, `14` = 12L, `15` = 17L, `16` = 9L, `17` = 12L, 
    `18` = 6L, `19` = 8L, `20` = 4L, `21` = 9L, `22` = 7L, `23` = 8L, 
    `24` = 6L, `25` = 4L, `26` = 4L, `27` = 3L, `28` = 2L, `29` = 2L, 
    `30` = 2L, `31` = 2L, `33` = 3L, `34` = 1L, `35` = 1L, `37` = 2L, 
    `39` = 1L), .Dim = 36L, .Dimnames = list(TagUsage = c("1", 
    "2", "3", "4", "5", "6", "7", "8", "9", "10", "11", "12", 
    "13", "14", "15", "16", "17", "18", "19", "20", "21", "22", 
    "23", "24", "25", "26", "27", "28", "29", "30", "31", "33", 
    "34", "35", "37", "39")), class = "table"), No.Tag = structure(c(0L, 
    0L, 19L, 0L, 0L, 0L, 0L, 38L, 0L, 0L, 0L, 0L, 2L, 0L, 0L), .Dim = c(5L, 
    3L), .Dimnames = structure(list(c("-2", "-1", "0", "1", NA
    ), c("A", "G", NA)), .Names = c("", "")), class = "table"), 
    All.Tags = list(Concordant = list(Freqs = structure(c(0, 
    1, 215, 1, 0, 1, 276, 0), .Dim = c(4L, 2L), .Dimnames = list(
        c("-2", "-1", "0", "1"), c("A", "G"))), N = 494), Majority = list(
        Freqs = structure(c(0, 1, 237, 1, 0, 1, 303, 0), .Dim = c(4L, 
        2L), .Dimnames = list(c("-2", "-1", "0", "1"), c("A", 
        "G"))), N = 543)), `2` = structure(c(0, 0, 208, 0, 0, 
    0, 260, 0), .Dim = c(4L, 2L), .Dimnames = list(c("-2", "-1", 
    "0", "1"), c("A", "G"))))))
