Results <-
list(`bwa.out//20220204//BlindCMMRD87_S46.sam` = list(LR44_SNP1 = list(
    All = list(Freqs = structure(c(0L, 0L, 9L, 0L, 0L, 0L, 46L, 
    1153L, 6182L, 115L, 2L, 32L, 0L, 9L, 93L, 0L, 0L, 0L), .Dim = c(6L, 
    3L), .Dimnames = structure(list(c("-2", "-1", "0", "1", "2", 
    NA), c("C", "T", NA)), .Names = c("", "")), class = "table"), 
        N = 7641L), Tag.Distribution = structure(c(`1` = 128L, 
    `2` = 46L, `3` = 45L, `4` = 34L, `5` = 33L, `6` = 29L, `7` = 23L, 
    `8` = 17L, `9` = 19L, `10` = 15L, `11` = 16L, `12` = 9L, 
    `13` = 11L, `14` = 20L, `15` = 15L, `16` = 12L, `17` = 9L, 
    `18` = 12L, `19` = 9L, `20` = 9L, `21` = 11L, `22` = 9L, 
    `23` = 6L, `24` = 7L, `25` = 9L, `26` = 4L, `27` = 6L, `28` = 1L, 
    `29` = 2L, `30` = 3L, `31` = 3L, `32` = 5L, `33` = 4L, `34` = 3L, 
    `35` = 2L, `36` = 5L, `37` = 4L, `38` = 2L, `39` = 1L, `40` = 1L, 
    `41` = 3L, `42` = 1L, `43` = 1L, `44` = 4L, `45` = 4L, `46` = 2L, 
    `47` = 3L, `48` = 5L, `49` = 1L, `53` = 2L, `54` = 2L, `56` = 1L, 
    `57` = 2L, `62` = 2L, `63` = 1L, `65` = 1L, `69` = 1L), .Dim = 57L, .Dimnames = list(
        TagUsage = c("1", "2", "3", "4", "5", "6", "7", "8", 
        "9", "10", "11", "12", "13", "14", "15", "16", "17", 
        "18", "19", "20", "21", "22", "23", "24", "25", "26", 
        "27", "28", "29", "30", "31", "32", "33", "34", "35", 
        "36", "37", "38", "39", "40", "41", "42", "43", "44", 
        "45", "46", "47", "48", "49", "53", "54", "56", "57", 
        "62", "63", "65", "69")), class = "table"), No.Tag = structure(c(0L, 
    0L, 0L, 0L, 0L, 0L, 1L, 30L, 81L, 0L, 0L, 2L, 0L, 0L, 2L, 
    0L, 0L, 0L), .Dim = c(6L, 3L), .Dimnames = structure(list(
        c("-2", "-1", "0", "1", "2", NA), c("C", "T", NA)), .Names = c("", 
    "")), class = "table"), All.Tags = list(Concordant = list(
        Freqs = structure(c(0, 0, 6, 0, 0, 3, 43, 286, 1, 0), .Dim = c(5L, 
        2L), .Dimnames = list(c("-2", "-1", "0", "1", "2"), c("C", 
        "T"))), N = 339), Majority = list(Freqs = structure(c(0, 
    0, 6, 0, 0, 3, 63, 539, 1, 0), .Dim = c(5L, 2L), .Dimnames = list(
        c("-2", "-1", "0", "1", "2"), c("C", "T"))), N = 612)), 
    `2` = structure(c(0, 0, 0, 0, 0, 1, 49, 442, 1, 0), .Dim = c(5L, 
    2L), .Dimnames = list(c("-2", "-1", "0", "1", "2"), c("C", 
    "T"))))))
