Results <-
list(`bwa.out//20220204//MLPA99_S13.sam` = list(LR17_SNP1 = list(
    All = list(Freqs = structure(c(3L, 128L, 2869L, 54L, 1L, 
    23L, 0L, 0L, 1L, 0L, 0L, 0L, 0L, 0L, 1L, 0L, 0L, 0L, 0L, 
    0L, 221L, 4L, 0L, 0L), .Dim = c(6L, 4L), .Dimnames = structure(list(
        c("-2", "-1", "0", "1", "2", NA), c("A", "C", "G", NA
        )), .Names = c("", "")), class = "table"), N = 3305L), 
    Tag.Distribution = structure(c(`1` = 54L, `2` = 11L, `3` = 13L, 
    `4` = 11L, `5` = 11L, `6` = 12L, `7` = 5L, `8` = 6L, `9` = 5L, 
    `10` = 9L, `11` = 7L, `12` = 5L, `13` = 6L, `14` = 2L, `15` = 10L, 
    `16` = 5L, `17` = 5L, `18` = 8L, `19` = 7L, `20` = 6L, `21` = 5L, 
    `22` = 3L, `23` = 3L, `24` = 3L, `25` = 1L, `26` = 3L, `27` = 2L, 
    `28` = 2L, `30` = 2L, `31` = 4L, `33` = 2L, `34` = 1L, `35` = 5L, 
    `36` = 1L, `37` = 1L, `38` = 3L, `40` = 2L, `41` = 1L, `43` = 3L, 
    `45` = 2L, `47` = 1L, `49` = 1L, `50` = 1L, `52` = 1L, `55` = 1L
    ), .Dim = 45L, .Dimnames = list(TagUsage = c("1", "2", "3", 
    "4", "5", "6", "7", "8", "9", "10", "11", "12", "13", "14", 
    "15", "16", "17", "18", "19", "20", "21", "22", "23", "24", 
    "25", "26", "27", "28", "30", "31", "33", "34", "35", "36", 
    "37", "38", "40", "41", "43", "45", "47", "49", "50", "52", 
    "55")), class = "table"), No.Tag = structure(c(0L, 20L, 57L, 
    0L, 0L, 2L, 0L, 0L, 0L, 0L, 0L, 0L, 0L, 0L, 0L, 0L, 0L, 0L, 
    0L, 0L, 3L, 0L, 0L, 0L), .Dim = c(6L, 4L), .Dimnames = structure(list(
        c("-2", "-1", "0", "1", "2", NA), c("A", "C", "G", NA
        )), .Names = c("", "")), class = "table"), All.Tags = list(
        Concordant = list(Freqs = structure(c(0, 2, 152, 1, 0, 
        0, 0, 0, 0, 0, 0, 0, 0, 0, 0), .Dim = c(5L, 3L), .Dimnames = list(
            c("-2", "-1", "0", "1", "2"), c("A", "C", "G"))), 
            N = 155), Majority = list(Freqs = structure(c(0, 
        3, 233, 2, 0, 0, 0, 0, 0, 0, 0, 0, 0, 0, 0), .Dim = c(5L, 
        3L), .Dimnames = list(c("-2", "-1", "0", "1", "2"), c("A", 
        "C", "G"))), N = 238)), `2` = structure(c(0, 2, 194, 
    1, 0, 0, 0, 0, 0, 0, 0, 0, 0, 0, 0), .Dim = c(5L, 3L), .Dimnames = list(
        c("-2", "-1", "0", "1", "2"), c("A", "C", "G"))))))
