Results <-
list(`bwa.out//20220204//BlindCMMRD66_S25.sam` = list(GM22_SNP1 = list(
    All = list(Freqs = structure(c(1L, 68L, 5123L, 28L, 14L, 
    0L, 0L, 1L, 0L, 0L, 0L, 0L, 55L, 0L, 0L), .Dim = c(5L, 3L
    ), .Dimnames = structure(list(c("-2", "-1", "0", "1", NA), 
        c("A", "G", NA)), .Names = c("", "")), class = "table"), 
        N = 5290L), Tag.Distribution = structure(c(`1` = 105L, 
    `2` = 62L, `3` = 50L, `4` = 46L, `5` = 43L, `6` = 46L, `7` = 27L, 
    `8` = 34L, `9` = 33L, `10` = 25L, `11` = 22L, `12` = 20L, 
    `13` = 15L, `14` = 15L, `15` = 20L, `16` = 11L, `17` = 13L, 
    `18` = 5L, `19` = 4L, `20` = 8L, `21` = 5L, `22` = 9L, `23` = 6L, 
    `24` = 5L, `25` = 6L, `26` = 2L, `27` = 2L, `28` = 1L, `29` = 1L, 
    `30` = 1L, `31` = 3L, `32` = 1L, `33` = 2L, `37` = 1L, `38` = 1L, 
    `39` = 1L), .Dim = 36L, .Dimnames = list(TagUsage = c("1", 
    "2", "3", "4", "5", "6", "7", "8", "9", "10", "11", "12", 
    "13", "14", "15", "16", "17", "18", "19", "20", "21", "22", 
    "23", "24", "25", "26", "27", "28", "29", "30", "31", "32", 
    "33", "37", "38", "39")), class = "table"), No.Tag = structure(c(0L, 
    0L, 104L, 1L, 2L, 0L, 0L, 0L, 0L, 0L, 0L, 0L, 2L, 0L, 0L), .Dim = c(5L, 
    3L), .Dimnames = structure(list(c("-2", "-1", "0", "1", NA
    ), c("A", "G", NA)), .Names = c("", "")), class = "table"), 
    All.Tags = list(Concordant = list(Freqs = structure(c(0, 
    1, 557, 0, 0, 0, 1, 0), .Dim = c(4L, 2L), .Dimnames = list(
        c("-2", "-1", "0", "1"), c("A", "G"))), N = 559), Majority = list(
        Freqs = structure(c(0, 1, 642, 0, 0, 0, 1, 0), .Dim = c(4L, 
        2L), .Dimnames = list(c("-2", "-1", "0", "1"), c("A", 
        "G"))), N = 644)), `2` = structure(c(0, 0, 546, 0, 0, 
    0, 0, 0), .Dim = c(4L, 2L), .Dimnames = list(c("-2", "-1", 
    "0", "1"), c("A", "G"))))))
