Results <-
list(`bwa.out//20220204//BlindCMMRD133_S59.sam` = list(LR48_SNP1 = list(
    All = list(Freqs = structure(c(0L, 0L, 1L, 4L, 0L, 0L, 1L, 
    3L, 106L, 4102L, 53L, 12L, 0L, 0L, 1L, 27L, 0L, 0L), .Dim = c(6L, 
    3L), .Dimnames = structure(list(c("-3", "-2", "-1", "0", 
    "1", NA), c("C", "T", NA)), .Names = c("", "")), class = "table"), 
        N = 4310L), Tag.Distribution = structure(c(`1` = 115L, 
    `2` = 94L, `3` = 94L, `4` = 79L, `5` = 71L, `6` = 43L, `7` = 51L, 
    `8` = 49L, `9` = 40L, `10` = 28L, `11` = 29L, `12` = 14L, 
    `13` = 8L, `14` = 7L, `15` = 7L, `16` = 4L, `17` = 6L, `18` = 3L, 
    `19` = 2L, `20` = 2L, `21` = 3L, `22` = 2L, `24` = 1L, `27` = 1L, 
    `31` = 1L), .Dim = 25L, .Dimnames = list(TagUsage = c("1", 
    "2", "3", "4", "5", "6", "7", "8", "9", "10", "11", "12", 
    "13", "14", "15", "16", "17", "18", "19", "20", "21", "22", 
    "24", "27", "31")), class = "table"), No.Tag = structure(c(0L, 
    0L, 0L, 0L, 0L, 0L, 0L, 0L, 1L, 121L, 2L, 0L, 0L, 0L, 1L, 
    1L, 0L, 0L), .Dim = c(6L, 3L), .Dimnames = structure(list(
        c("-3", "-2", "-1", "0", "1", NA), c("C", "T", NA)), .Names = c("", 
    "")), class = "table"), All.Tags = list(Concordant = list(
        Freqs = structure(c(0, 0, 1, 2, 0, 0, 0, 0, 606, 2), .Dim = c(5L, 
        2L), .Dimnames = list(c("-3", "-2", "-1", "0", "1"), 
            c("C", "T"))), N = 611), Majority = list(Freqs = structure(c(0, 
    0, 1, 2, 0, 0, 0, 0, 736, 2), .Dim = c(5L, 2L), .Dimnames = list(
        c("-3", "-2", "-1", "0", "1"), c("C", "T"))), N = 741)), 
    `2` = structure(c(0, 0, 0, 0, 0, 0, 0, 0, 630, 0), .Dim = c(5L, 
    2L), .Dimnames = list(c("-3", "-2", "-1", "0", "1"), c("C", 
    "T"))))))
