Results <-
list(`bwa.out//20220204//MLPA101_S15.sam` = list(LR49_SNP1 = list(
    All = list(Freqs = structure(c(0L, 1L, 0L, 0L, 6L, 2861L, 
    1L, 1L, 0L, 12L, 0L, 0L), .Dim = 4:3, .Dimnames = structure(list(
        c("-1", "0", "1", NA), c("A", "G", NA)), .Names = c("", 
    "")), class = "table"), N = 2882L), Tag.Distribution = structure(c(`1` = 144L, 
    `2` = 68L, `3` = 56L, `4` = 31L, `5` = 35L, `6` = 29L, `7` = 26L, 
    `8` = 15L, `9` = 21L, `10` = 18L, `11` = 11L, `12` = 12L, 
    `13` = 9L, `14` = 4L, `15` = 6L, `16` = 4L, `17` = 1L, `18` = 7L, 
    `19` = 3L, `20` = 2L, `21` = 4L, `22` = 2L, `24` = 2L, `25` = 2L, 
    `28` = 1L, `29` = 1L, `30` = 1L, `31` = 1L, `33` = 1L), .Dim = 29L, .Dimnames = list(
        TagUsage = c("1", "2", "3", "4", "5", "6", "7", "8", 
        "9", "10", "11", "12", "13", "14", "15", "16", "17", 
        "18", "19", "20", "21", "22", "24", "25", "28", "29", 
        "30", "31", "33")), class = "table"), No.Tag = structure(c(0L, 
    1L, 0L, 0L, 0L, 77L, 0L, 1L, 0L, 2L, 0L, 0L), .Dim = 4:3, .Dimnames = structure(list(
        c("-1", "0", "1", NA), c("A", "G", NA)), .Names = c("", 
    "")), class = "table"), All.Tags = list(Concordant = list(
        Freqs = structure(c(0, 0, 0, 0, 509, 0), .Dim = 3:2, .Dimnames = list(
            c("-1", "0", "1"), c("A", "G"))), N = 509), Majority = list(
        Freqs = structure(c(0, 0, 0, 0, 516, 0), .Dim = 3:2, .Dimnames = list(
            c("-1", "0", "1"), c("A", "G"))), N = 516)), `2` = structure(c(0, 
    0, 0, 0, 373, 0), .Dim = 3:2, .Dimnames = list(c("-1", "0", 
    "1"), c("A", "G"))))))
