Results <-
list(`bwa.out//20220204//BlindCMMRD96_S55.sam` = list(LR48_SNP1 = list(
    All = list(Freqs = structure(c(1L, 0L, 43L, 1664L, 38L, 1L, 
    6L, 0L, 1L, 56L, 1777L, 24L, 0L, 7L, 0L, 0L, 0L, 69L, 0L, 
    0L, 0L), .Dim = c(7L, 3L), .Dimnames = structure(list(c("-4", 
    "-2", "-1", "0", "1", "2", NA), c("C", "T", NA)), .Names = c("", 
    "")), class = "table"), N = 3687L), Tag.Distribution = structure(c(`1` = 90L, 
    `2` = 48L, `3` = 40L, `4` = 22L, `5` = 38L, `6` = 31L, `7` = 27L, 
    `8` = 14L, `9` = 16L, `10` = 13L, `11` = 12L, `12` = 8L, 
    `13` = 16L, `14` = 12L, `15` = 5L, `16` = 5L, `17` = 5L, 
    `18` = 6L, `19` = 5L, `20` = 1L, `21` = 4L, `22` = 6L, `23` = 11L, 
    `24` = 5L, `25` = 2L, `26` = 2L, `27` = 1L, `28` = 7L, `29` = 3L, 
    `30` = 2L, `34` = 2L, `35` = 1L), .Dim = 32L, .Dimnames = list(
        TagUsage = c("1", "2", "3", "4", "5", "6", "7", "8", 
        "9", "10", "11", "12", "13", "14", "15", "16", "17", 
        "18", "19", "20", "21", "22", "23", "24", "25", "26", 
        "27", "28", "29", "30", "34", "35")), class = "table"), 
    No.Tag = structure(c(0L, 0L, 2L, 51L, 7L, 0L, 0L, 0L, 0L, 
    0L, 44L, 1L, 0L, 0L, 0L, 0L, 0L, 6L, 0L, 0L, 0L), .Dim = c(7L, 
    3L), .Dimnames = structure(list(c("-4", "-2", "-1", "0", 
    "1", "2", NA), c("C", "T", NA)), .Names = c("", "")), class = "table"), 
    All.Tags = list(Concordant = list(Freqs = structure(c(0, 
    0, 2, 183, 1, 0, 0, 0, 0, 169, 0, 0), .Dim = c(6L, 2L), .Dimnames = list(
        c("-4", "-2", "-1", "0", "1", "2"), c("C", "T"))), N = 355), 
        Majority = list(Freqs = structure(c(0, 0, 3, 218, 2, 
        0, 0, 0, 0, 227, 0, 0), .Dim = c(6L, 2L), .Dimnames = list(
            c("-4", "-2", "-1", "0", "1", "2"), c("C", "T"))), 
            N = 450)), `2` = structure(c(0, 0, 1, 173, 1, 0, 
    0, 0, 0, 190, 0, 0), .Dim = c(6L, 2L), .Dimnames = list(c("-4", 
    "-2", "-1", "0", "1", "2"), c("C", "T"))))))
