Results <-
list(`bwa.out//20220204//BlindCMMRD66_S25.sam` = list(LR10_SNP1 = list(
    All = list(Freqs = structure(c(0L, 0L, 1L, 0L, 0L, 1L, 26L, 
    1623L, 7L, 2L, 0L, 25L, 1953L, 3L, 1L, 0L, 0L, 20L, 1L, 0L
    ), .Dim = 5:4, .Dimnames = structure(list(c("-2", "-1", "0", 
    "1", NA), c("A", "C", "T", NA)), .Names = c("", "")), class = "table"), 
        N = 3663L), Tag.Distribution = structure(c(`1` = 107L, 
    `2` = 60L, `3` = 50L, `4` = 40L, `5` = 34L, `6` = 28L, `7` = 28L, 
    `8` = 26L, `9` = 24L, `10` = 16L, `11` = 14L, `12` = 14L, 
    `13` = 12L, `14` = 8L, `15` = 8L, `16` = 9L, `17` = 6L, `18` = 3L, 
    `19` = 8L, `20` = 1L, `21` = 5L, `22` = 4L, `23` = 2L, `24` = 6L, 
    `25` = 3L, `26` = 3L, `27` = 2L, `30` = 1L, `32` = 1L, `41` = 1L
    ), .Dim = 30L, .Dimnames = list(TagUsage = c("1", "2", "3", 
    "4", "5", "6", "7", "8", "9", "10", "11", "12", "13", "14", 
    "15", "16", "17", "18", "19", "20", "21", "22", "23", "24", 
    "25", "26", "27", "30", "32", "41")), class = "table"), No.Tag = structure(c(0L, 
    0L, 0L, 0L, 0L, 1L, 0L, 59L, 1L, 0L, 0L, 0L, 67L, 0L, 1L, 
    0L, 0L, 4L, 0L, 0L), .Dim = 5:4, .Dimnames = structure(list(
        c("-2", "-1", "0", "1", NA), c("A", "C", "T", NA)), .Names = c("", 
    "")), class = "table"), All.Tags = list(Concordant = list(
        Freqs = structure(c(0, 0, 0, 0, 0, 0, 205, 1, 0, 1, 253, 
        0), .Dim = 4:3, .Dimnames = list(c("-2", "-1", "0", "1"
        ), c("A", "C", "T"))), N = 460), Majority = list(Freqs = structure(c(0, 
    0, 0, 0, 0, 0, 236, 1, 0, 1, 283, 0), .Dim = 4:3, .Dimnames = list(
        c("-2", "-1", "0", "1"), c("A", "C", "T"))), N = 521)), 
    `2` = structure(c(0, 0, 0, 0, 0, 0, 198, 0, 0, 0, 216, 0), .Dim = 4:3, .Dimnames = list(
        c("-2", "-1", "0", "1"), c("A", "C", "T"))))))
