Results <-
list(`bwa.out//20220204//Control23_S16.sam` = list(DEPDC2_SNP1 = list(
    All = list(Freqs = structure(c(22L, 2734L, 9L, 3L, 0L, 19L, 
    0L, 0L, 0L, 36L, 0L, 0L), .Dim = 4:3, .Dimnames = structure(list(
        c("-1", "0", "1", NA), c("C", "T", NA)), .Names = c("", 
    "")), class = "table"), N = 2823L), Tag.Distribution = structure(c(`1` = 145L, 
    `2` = 69L, `3` = 64L, `4` = 50L, `5` = 53L, `6` = 29L, `7` = 27L, 
    `8` = 32L, `9` = 11L, `10` = 9L, `11` = 10L, `12` = 11L, 
    `13` = 5L, `14` = 10L, `15` = 5L, `16` = 4L, `17` = 3L, `18` = 3L, 
    `19` = 5L, `20` = 2L, `21` = 1L, `22` = 1L, `24` = 1L, `27` = 1L, 
    `28` = 1L), .Dim = 25L, .Dimnames = list(TagUsage = c("1", 
    "2", "3", "4", "5", "6", "7", "8", "9", "10", "11", "12", 
    "13", "14", "15", "16", "17", "18", "19", "20", "21", "22", 
    "24", "27", "28")), class = "table"), No.Tag = structure(c(1L, 
    121L, 0L, 1L, 0L, 0L, 0L, 0L, 0L, 4L, 0L, 0L), .Dim = 4:3, .Dimnames = structure(list(
        c("-1", "0", "1", NA), c("C", "T", NA)), .Names = c("", 
    "")), class = "table"), All.Tags = list(Concordant = list(
        Freqs = structure(c(0, 518, 0, 0, 1, 0), .Dim = 3:2, .Dimnames = list(
            c("-1", "0", "1"), c("C", "T"))), N = 519), Majority = list(
        Freqs = structure(c(0, 542, 0, 0, 1, 0), .Dim = 3:2, .Dimnames = list(
            c("-1", "0", "1"), c("C", "T"))), N = 543)), `2` = structure(c(0, 
    404, 0, 0, 1, 0), .Dim = 3:2, .Dimnames = list(c("-1", "0", 
    "1"), c("C", "T"))))))
