Results <-
list(`bwa.out//20220204//BlindCMMRD81_S40.sam` = list(LR24_SNP1 = list(
    All = list(Freqs = structure(c(0L, 0L, 1L, 0L, 0L, 0L, 1L, 
    6L, 0L, 0L, 1L, 18L, 4313L, 8L, 3L, 0L, 0L, 1L, 0L, 0L, 0L, 
    0L, 29L, 0L, 0L), .Dim = c(5L, 5L), .Dimnames = structure(list(
        c("-2", "-1", "0", "1", NA), c("-", "A", "G", "T", NA
        )), .Names = c("", "")), class = "table"), N = 4381L), 
    Tag.Distribution = structure(c(`1` = 194L, `2` = 123L, `3` = 91L, 
    `4` = 82L, `5` = 70L, `6` = 60L, `7` = 43L, `8` = 51L, `9` = 33L, 
    `10` = 25L, `11` = 11L, `12` = 13L, `13` = 9L, `14` = 6L, 
    `15` = 5L, `16` = 3L, `17` = 2L, `18` = 5L, `19` = 5L, `20` = 3L, 
    `21` = 6L, `22` = 3L, `23` = 1L, `24` = 1L, `25` = 1L, `26` = 2L, 
    `28` = 1L), .Dim = 27L, .Dimnames = list(TagUsage = c("1", 
    "2", "3", "4", "5", "6", "7", "8", "9", "10", "11", "12", 
    "13", "14", "15", "16", "17", "18", "19", "20", "21", "22", 
    "23", "24", "25", "26", "28")), class = "table"), No.Tag = structure(c(0L, 
    0L, 0L, 0L, 0L, 0L, 0L, 2L, 0L, 0L, 0L, 3L, 137L, 0L, 1L, 
    0L, 0L, 0L, 0L, 0L, 0L, 0L, 7L, 0L, 0L), .Dim = c(5L, 5L), .Dimnames = structure(list(
        c("-2", "-1", "0", "1", NA), c("-", "A", "G", "T", NA
        )), .Names = c("", "")), class = "table"), All.Tags = list(
        Concordant = list(Freqs = structure(c(0, 0, 0, 0, 0, 
        1, 2, 0, 0, 1, 815, 0, 0, 0, 0, 0), .Dim = c(4L, 4L), .Dimnames = list(
            c("-2", "-1", "0", "1"), c("-", "A", "G", "T"))), 
            N = 819), Majority = list(Freqs = structure(c(0, 
        0, 0, 0, 0, 1, 2, 0, 0, 1, 841, 0, 0, 0, 0, 0), .Dim = c(4L, 
        4L), .Dimnames = list(c("-2", "-1", "0", "1"), c("-", 
        "A", "G", "T"))), N = 845)), `2` = structure(c(0, 0, 
    0, 0, 0, 0, 0, 0, 0, 0, 655, 0, 0, 0, 0, 0), .Dim = c(4L, 
    4L), .Dimnames = list(c("-2", "-1", "0", "1"), c("-", "A", 
    "G", "T"))))))
