Results <-
list(`bwa.out//20220204//BlindCMMRD123_S49.sam` = list(LR52_SNP1 = list(
    All = list(Freqs = structure(c(3L, 22L, 338L, 3278L, 34L, 
    16L, 0L, 0L, 0L, 1L, 0L, 0L, 0L, 0L, 2L, 186L, 2L, 0L), .Dim = c(6L, 
    3L), .Dimnames = structure(list(c("-3", "-2", "-1", "0", 
    "1", NA), c("C", "T", NA)), .Names = c("", "")), class = "table"), 
        N = 3882L), Tag.Distribution = structure(c(`1` = 167L, 
    `2` = 137L, `3` = 126L, `4` = 86L, `5` = 72L, `6` = 56L, 
    `7` = 47L, `8` = 32L, `9` = 31L, `10` = 23L, `11` = 11L, 
    `12` = 15L, `13` = 5L, `14` = 11L, `15` = 7L, `16` = 6L, 
    `17` = 5L, `18` = 2L, `21` = 1L, `22` = 1L), .Dim = 20L, .Dimnames = list(
        TagUsage = c("1", "2", "3", "4", "5", "6", "7", "8", 
        "9", "10", "11", "12", "13", "14", "15", "16", "17", 
        "18", "21", "22")), class = "table"), No.Tag = structure(c(0L, 
    0L, 4L, 37L, 0L, 0L, 0L, 0L, 0L, 0L, 0L, 0L, 0L, 0L, 0L, 
    3L, 0L, 0L), .Dim = c(6L, 3L), .Dimnames = structure(list(
        c("-3", "-2", "-1", "0", "1", NA), c("C", "T", NA)), .Names = c("", 
    "")), class = "table"), All.Tags = list(Concordant = list(
        Freqs = structure(c(1, 2, 20, 555, 0, 0, 0, 0, 1, 0), .Dim = c(5L, 
        2L), .Dimnames = list(c("-3", "-2", "-1", "0", "1"), 
            c("C", "T"))), N = 579), Majority = list(Freqs = structure(c(1, 
    2, 26, 768, 0, 0, 0, 0, 1, 0), .Dim = c(5L, 2L), .Dimnames = list(
        c("-3", "-2", "-1", "0", "1"), c("C", "T"))), N = 798)), 
    `2` = structure(c(0, 0, 13, 634, 0, 0, 0, 0, 0, 0), .Dim = c(5L, 
    2L), .Dimnames = list(c("-3", "-2", "-1", "0", "1"), c("C", 
    "T"))))))
