Results <-
list(`bwa.out//20220204//MLPA100_S14.sam` = list(IM16_SNP1 = list(
    All = list(Freqs = structure(c(0L, 1L, 0L, 0L, 31L, 3750L, 
    47L, 2L, 0L, 1L, 0L, 0L, 0L, 1L, 0L, 0L, 0L, 43L, 2L, 0L), .Dim = 4:5, .Dimnames = structure(list(
        c("-1", "0", "1", NA), c("-", "A", "C", "G", NA)), .Names = c("", 
    "")), class = "table"), N = 3878L), Tag.Distribution = structure(c(`1` = 203L, 
    `2` = 126L, `3` = 103L, `4` = 74L, `5` = 56L, `6` = 52L, 
    `7` = 34L, `8` = 26L, `9` = 33L, `10` = 21L, `11` = 11L, 
    `12` = 8L, `13` = 7L, `14` = 6L, `15` = 5L, `16` = 6L, `17` = 6L, 
    `18` = 7L, `19` = 1L, `20` = 3L, `21` = 1L, `22` = 5L, `23` = 1L, 
    `24` = 1L, `25` = 1L, `26` = 2L, `28` = 1L, `29` = 1L, `33` = 1L
    ), .Dim = 29L, .Dimnames = list(TagUsage = c("1", "2", "3", 
    "4", "5", "6", "7", "8", "9", "10", "11", "12", "13", "14", 
    "15", "16", "17", "18", "19", "20", "21", "22", "23", "24", 
    "25", "26", "28", "29", "33")), class = "table"), No.Tag = structure(c(0L, 
    0L, 0L, 0L, 0L, 52L, 1L, 0L, 0L, 0L, 0L, 0L, 0L, 0L, 0L, 
    0L, 0L, 5L, 0L, 0L), .Dim = 4:5, .Dimnames = structure(list(
        c("-1", "0", "1", NA), c("-", "A", "C", "G", NA)), .Names = c("", 
    "")), class = "table"), All.Tags = list(Concordant = list(
        Freqs = structure(c(0, 0, 0, 1, 725, 4, 0, 1, 0, 0, 1, 
        0), .Dim = 3:4, .Dimnames = list(c("-1", "0", "1"), c("-", 
        "A", "C", "G"))), N = 732), Majority = list(Freqs = structure(c(0, 
    0, 0, 3, 774, 4, 0, 1, 0, 0, 1, 0), .Dim = 3:4, .Dimnames = list(
        c("-1", "0", "1"), c("-", "A", "C", "G"))), N = 783)), 
    `2` = structure(c(0, 0, 0, 3, 588, 1, 0, 0, 0, 0, 0, 0), .Dim = 3:4, .Dimnames = list(
        c("-1", "0", "1"), c("-", "A", "C", "G"))))))
