Results <-
list(`bwa.out//20220204//MLPA101_S15.sam` = list(GM22_SNP1 = list(
    All = list(Freqs = structure(c(29L, 2008L, 9L, 11L, 26L, 
    1414L, 3L, 2L, 1L, 68L, 1L, 0L), .Dim = 4:3, .Dimnames = structure(list(
        c("-1", "0", "1", NA), c("A", "G", NA)), .Names = c("", 
    "")), class = "table"), N = 3572L), Tag.Distribution = structure(c(`1` = 147L, 
    `2` = 54L, `3` = 35L, `4` = 31L, `5` = 35L, `6` = 31L, `7` = 26L, 
    `8` = 19L, `9` = 14L, `10` = 18L, `11` = 14L, `12` = 13L, 
    `13` = 13L, `14` = 8L, `15` = 3L, `16` = 8L, `17` = 2L, `18` = 7L, 
    `19` = 8L, `20` = 5L, `21` = 3L, `22` = 4L, `23` = 5L, `25` = 5L, 
    `26` = 3L, `27` = 2L, `28` = 1L, `29` = 1L, `30` = 1L, `31` = 3L, 
    `33` = 1L, `44` = 1L), .Dim = 32L, .Dimnames = list(TagUsage = c("1", 
    "2", "3", "4", "5", "6", "7", "8", "9", "10", "11", "12", 
    "13", "14", "15", "16", "17", "18", "19", "20", "21", "22", 
    "23", "25", "26", "27", "28", "29", "30", "31", "33", "44"
    )), class = "table"), No.Tag = structure(c(1L, 100L, 2L, 
    1L, 0L, 18L, 0L, 1L, 0L, 8L, 0L, 0L), .Dim = 4:3, .Dimnames = structure(list(
        c("-1", "0", "1", NA), c("A", "G", NA)), .Names = c("", 
    "")), class = "table"), All.Tags = list(Concordant = list(
        Freqs = structure(c(1, 242, 0, 0, 204, 0), .Dim = 3:2, .Dimnames = list(
            c("-1", "0", "1"), c("A", "G"))), N = 447), Majority = list(
        Freqs = structure(c(1, 274, 0, 0, 230, 0), .Dim = 3:2, .Dimnames = list(
            c("-1", "0", "1"), c("A", "G"))), N = 505)), `2` = structure(c(0, 
    198, 0, 0, 169, 0), .Dim = 3:2, .Dimnames = list(c("-1", 
    "0", "1"), c("A", "G"))))))
