Results <-
list(`bwa.out//20220204//BlindCMMRD127_S53.sam` = list(GM17_SNP1 = list(
    All = list(Freqs = structure(c(3L, 84L, 6093L, 11L, 22L, 
    0L, 0L, 4L, 0L, 0L, 0L, 0L, 21L, 0L, 0L), .Dim = c(5L, 3L
    ), .Dimnames = structure(list(c("-2", "-1", "0", "1", NA), 
        c("C", "T", NA)), .Names = c("", "")), class = "table"), 
        N = 6238L), Tag.Distribution = structure(c(`1` = 148L, 
    `2` = 110L, `3` = 130L, `4` = 105L, `5` = 82L, `6` = 78L, 
    `7` = 52L, `8` = 52L, `9` = 53L, `10` = 45L, `11` = 28L, 
    `12` = 31L, `13` = 16L, `14` = 17L, `15` = 6L, `16` = 9L, 
    `17` = 11L, `18` = 4L, `19` = 8L, `20` = 8L, `21` = 7L, `22` = 6L, 
    `23` = 1L, `24` = 1L, `25` = 3L, `26` = 1L, `27` = 2L), .Dim = 27L, .Dimnames = list(
        TagUsage = c("1", "2", "3", "4", "5", "6", "7", "8", 
        "9", "10", "11", "12", "13", "14", "15", "16", "17", 
        "18", "19", "20", "21", "22", "23", "24", "25", "26", 
        "27")), class = "table"), No.Tag = structure(c(0L, 0L, 
    58L, 1L, 1L, 0L, 0L, 0L, 0L, 0L, 0L, 0L, 3L, 0L, 0L), .Dim = c(5L, 
    3L), .Dimnames = structure(list(c("-2", "-1", "0", "1", NA
    ), c("C", "T", NA)), .Names = c("", "")), class = "table"), 
    All.Tags = list(Concordant = list(Freqs = structure(c(0, 
    3, 933, 0, 0, 0, 0, 0), .Dim = c(4L, 2L), .Dimnames = list(
        c("-2", "-1", "0", "1"), c("C", "T"))), N = 936), Majority = list(
        Freqs = structure(c(0, 3, 999, 0, 0, 0, 0, 0), .Dim = c(4L, 
        2L), .Dimnames = list(c("-2", "-1", "0", "1"), c("C", 
        "T"))), N = 1002)), `2` = structure(c(0, 2, 857, 0, 0, 
    0, 0, 0), .Dim = c(4L, 2L), .Dimnames = list(c("-2", "-1", 
    "0", "1"), c("C", "T"))))))
