Results <-
list(`bwa.out//20220204//BlindCMMRD69_S28.sam` = list(LR44_SNP1 = list(
    All = list(Freqs = structure(c(0L, 1L, 0L, 0L, 0L, 0L, 5L, 
    136L, 1889L, 32L, 1L, 5L, 0L, 0L, 1L, 0L, 0L, 0L, 9L, 144L, 
    1909L, 31L, 2L, 10L, 0L, 3L, 81L, 3L, 0L, 0L), .Dim = 6:5, .Dimnames = structure(list(
        c("-2", "-1", "0", "1", "2", NA), c("A", "C", "G", "T", 
        NA)), .Names = c("", "")), class = "table"), N = 4262L), 
    Tag.Distribution = structure(c(`1` = 119L, `2` = 54L, `3` = 50L, 
    `4` = 64L, `5` = 51L, `6` = 39L, `7` = 39L, `8` = 23L, `9` = 37L, 
    `10` = 29L, `11` = 24L, `12` = 19L, `13` = 17L, `14` = 9L, 
    `15` = 14L, `16` = 11L, `17` = 7L, `18` = 5L, `19` = 6L, 
    `20` = 7L, `21` = 4L, `22` = 2L, `23` = 2L, `24` = 1L, `25` = 1L, 
    `27` = 1L, `29` = 1L), .Dim = 27L, .Dimnames = list(TagUsage = c("1", 
    "2", "3", "4", "5", "6", "7", "8", "9", "10", "11", "12", 
    "13", "14", "15", "16", "17", "18", "19", "20", "21", "22", 
    "23", "24", "25", "27", "29")), class = "table"), No.Tag = structure(c(0L, 
    0L, 0L, 0L, 0L, 0L, 0L, 2L, 18L, 0L, 0L, 1L, 0L, 0L, 0L, 
    0L, 0L, 0L, 0L, 0L, 63L, 2L, 0L, 0L, 0L, 1L, 6L, 0L, 0L, 
    0L), .Dim = 6:5, .Dimnames = structure(list(c("-2", "-1", 
    "0", "1", "2", NA), c("A", "C", "G", "T", NA)), .Names = c("", 
    "")), class = "table"), All.Tags = list(Concordant = list(
        Freqs = structure(c(0, 1, 0, 0, 0, 0, 1, 193, 0, 0, 0, 
        0, 0, 0, 0, 0, 6, 194, 3, 0), .Dim = 5:4, .Dimnames = list(
            c("-2", "-1", "0", "1", "2"), c("A", "C", "G", "T"
            ))), N = 398), Majority = list(Freqs = structure(c(0, 
    1, 0, 0, 0, 0, 3, 294, 0, 0, 0, 0, 0, 0, 0, 0, 6, 302, 4, 
    0), .Dim = 5:4, .Dimnames = list(c("-2", "-1", "0", "1", 
    "2"), c("A", "C", "G", "T"))), N = 610)), `2` = structure(c(0, 
    0, 0, 0, 0, 0, 2, 254, 0, 0, 0, 0, 0, 0, 0, 0, 2, 242, 2, 
    0), .Dim = 5:4, .Dimnames = list(c("-2", "-1", "0", "1", 
    "2"), c("A", "C", "G", "T"))))))
