Results <-
list(`bwa.out//20220204//BlindCMMRD88_S47.sam` = list(LR44_SNP1 = list(
    All = list(Freqs = structure(c(2L, 11L, 133L, 2333L, 35L, 
    3L, 12L, 1L, 6L, 165L, 2349L, 38L, 0L, 11L, 0L, 1L, 6L, 91L, 
    3L, 0L, 0L), .Dim = c(7L, 3L), .Dimnames = structure(list(
        c("-3", "-2", "-1", "0", "1", "2", NA), c("C", "T", NA
        )), .Names = c("", "")), class = "table"), N = 5200L), 
    Tag.Distribution = structure(c(`1` = 147L, `2` = 80L, `3` = 68L, 
    `4` = 45L, `5` = 53L, `6` = 42L, `7` = 29L, `8` = 30L, `9` = 31L, 
    `10` = 16L, `11` = 20L, `12` = 23L, `13` = 14L, `14` = 14L, 
    `15` = 14L, `16` = 6L, `17` = 10L, `18` = 10L, `19` = 3L, 
    `20` = 1L, `21` = 6L, `22` = 4L, `23` = 2L, `24` = 8L, `25` = 3L, 
    `26` = 6L, `27` = 5L, `28` = 3L, `29` = 2L, `30` = 1L, `31` = 4L, 
    `32` = 2L, `33` = 1L, `34` = 1L, `36` = 1L, `40` = 1L, `42` = 1L, 
    `43` = 1L), .Dim = 38L, .Dimnames = list(TagUsage = c("1", 
    "2", "3", "4", "5", "6", "7", "8", "9", "10", "11", "12", 
    "13", "14", "15", "16", "17", "18", "19", "20", "21", "22", 
    "23", "24", "25", "26", "27", "28", "29", "30", "31", "32", 
    "33", "34", "36", "40", "42", "43")), class = "table"), No.Tag = structure(c(0L, 
    0L, 1L, 35L, 0L, 0L, 0L, 0L, 1L, 2L, 55L, 1L, 0L, 0L, 0L, 
    0L, 0L, 2L, 0L, 0L, 0L), .Dim = c(7L, 3L), .Dimnames = structure(list(
        c("-3", "-2", "-1", "0", "1", "2", NA), c("C", "T", NA
        )), .Names = c("", "")), class = "table"), All.Tags = list(
        Concordant = list(Freqs = structure(c(2, 0, 4, 213, 0, 
        1, 0, 0, 5, 220, 2, 0), .Dim = c(6L, 2L), .Dimnames = list(
            c("-3", "-2", "-1", "0", "1", "2"), c("C", "T"))), 
            N = 447), Majority = list(Freqs = structure(c(2, 
        0, 6, 326, 0, 1, 0, 0, 6, 337, 2, 0), .Dim = c(6L, 2L
        ), .Dimnames = list(c("-3", "-2", "-1", "0", "1", "2"
        ), c("C", "T"))), N = 680)), `2` = structure(c(0, 0, 
    3, 259, 0, 0, 0, 0, 2, 274, 0, 0), .Dim = c(6L, 2L), .Dimnames = list(
        c("-3", "-2", "-1", "0", "1", "2"), c("C", "T"))))))
