Results <-
list(`bwa.out//20220204//BlindCMMRD44_S4.sam` = list(IM16_SNP1 = list(
    All = list(Freqs = structure(c(0L, 11L, 2516L, 42L, 2L, 0L, 
    1L, 18L, 2253L, 26L, 1L, 2L, 0L, 0L, 47L, 5L, 0L, 0L), .Dim = c(6L, 
    3L), .Dimnames = structure(list(c("-2", "-1", "0", "1", "2", 
    NA), c("A", "G", NA)), .Names = c("", "")), class = "table"), 
        N = 4924L), Tag.Distribution = structure(c(`1` = 72L, 
    `2` = 27L, `3` = 26L, `4` = 27L, `5` = 18L, `6` = 29L, `7` = 20L, 
    `8` = 19L, `9` = 19L, `10` = 12L, `11` = 15L, `12` = 12L, 
    `13` = 8L, `14` = 7L, `15` = 9L, `16` = 4L, `17` = 6L, `18` = 8L, 
    `19` = 5L, `20` = 5L, `21` = 6L, `22` = 2L, `23` = 2L, `24` = 2L, 
    `25` = 4L, `26` = 4L, `27` = 5L, `28` = 4L, `29` = 5L, `30` = 9L, 
    `31` = 6L, `32` = 2L, `34` = 3L, `35` = 1L, `36` = 6L, `38` = 1L, 
    `39` = 3L, `41` = 1L, `42` = 1L, `43` = 1L, `44` = 3L, `45` = 1L, 
    `49` = 2L, `52` = 1L, `55` = 1L, `57` = 1L), .Dim = 46L, .Dimnames = list(
        TagUsage = c("1", "2", "3", "4", "5", "6", "7", "8", 
        "9", "10", "11", "12", "13", "14", "15", "16", "17", 
        "18", "19", "20", "21", "22", "23", "24", "25", "26", 
        "27", "28", "29", "30", "31", "32", "34", "35", "36", 
        "38", "39", "41", "42", "43", "44", "45", "49", "52", 
        "55", "57")), class = "table"), No.Tag = structure(c(0L, 
    0L, 42L, 1L, 0L, 0L, 0L, 2L, 110L, 2L, 0L, 0L, 0L, 0L, 3L, 
    1L, 0L, 0L), .Dim = c(6L, 3L), .Dimnames = structure(list(
        c("-2", "-1", "0", "1", "2", NA), c("A", "G", NA)), .Names = c("", 
    "")), class = "table"), All.Tags = list(Concordant = list(
        Freqs = structure(c(0, 0, 187, 1, 0, 0, 0, 155, 0, 0), .Dim = c(5L, 
        2L), .Dimnames = list(c("-2", "-1", "0", "1", "2"), c("A", 
        "G"))), N = 343), Majority = list(Freqs = structure(c(0, 
    0, 221, 3, 0, 0, 0, 196, 0, 0), .Dim = c(5L, 2L), .Dimnames = list(
        c("-2", "-1", "0", "1", "2"), c("A", "G"))), N = 420)), 
    `2` = structure(c(0, 0, 184, 2, 0, 0, 0, 165, 0, 0), .Dim = c(5L, 
    2L), .Dimnames = list(c("-2", "-1", "0", "1", "2"), c("A", 
    "G"))))))
