Results <-
list(`bwa.out//20220204//MLPA80_S12.sam` = list(LR36_SNP1 = list(
    All = list(Freqs = structure(c(2L, 1L, 35L, 1629L, 12L, 0L, 
    13L, 0L, 4L, 36L, 1534L, 22L, 1L, 17L, 0L, 1L, 2L, 114L, 
    1L, 0L, 0L), .Dim = c(7L, 3L), .Dimnames = structure(list(
        c("-3", "-2", "-1", "0", "1", "2", NA), c("A", "T", NA
        )), .Names = c("", "")), class = "table"), N = 3424L), 
    Tag.Distribution = structure(c(`1` = 139L, `2` = 66L, `3` = 65L, 
    `4` = 37L, `5` = 41L, `6` = 33L, `7` = 31L, `8` = 28L, `9` = 23L, 
    `10` = 20L, `11` = 11L, `12` = 9L, `13` = 9L, `14` = 7L, 
    `15` = 8L, `16` = 4L, `17` = 5L, `18` = 6L, `19` = 1L, `20` = 4L, 
    `21` = 2L, `22` = 5L, `23` = 2L, `24` = 1L, `25` = 1L, `27` = 2L, 
    `28` = 1L, `29` = 1L, `31` = 2L, `34` = 1L), .Dim = 30L, .Dimnames = list(
        TagUsage = c("1", "2", "3", "4", "5", "6", "7", "8", 
        "9", "10", "11", "12", "13", "14", "15", "16", "17", 
        "18", "19", "20", "21", "22", "23", "24", "25", "27", 
        "28", "29", "31", "34")), class = "table"), No.Tag = structure(c(0L, 
    0L, 0L, 90L, 1L, 0L, 1L, 0L, 0L, 0L, 79L, 0L, 0L, 1L, 0L, 
    0L, 0L, 12L, 1L, 0L, 0L), .Dim = c(7L, 3L), .Dimnames = structure(list(
        c("-3", "-2", "-1", "0", "1", "2", NA), c("A", "T", NA
        )), .Names = c("", "")), class = "table"), All.Tags = list(
        Concordant = list(Freqs = structure(c(0, 0, 2, 234, 1, 
        0, 0, 1, 1, 223, 1, 0), .Dim = c(6L, 2L), .Dimnames = list(
            c("-3", "-2", "-1", "0", "1", "2"), c("A", "T"))), 
            N = 463), Majority = list(Freqs = structure(c(0, 
        0, 2, 275, 1, 0, 0, 1, 1, 270, 1, 0), .Dim = c(6L, 2L
        ), .Dimnames = list(c("-3", "-2", "-1", "0", "1", "2"
        ), c("A", "T"))), N = 551)), `2` = structure(c(0, 0, 
    0, 217, 0, 0, 0, 0, 0, 201, 1, 0), .Dim = c(6L, 2L), .Dimnames = list(
        c("-3", "-2", "-1", "0", "1", "2"), c("A", "T"))))))
