Results <-
list(`bwa.out//20220204//Control26_S19.sam` = list(LR49_SNP1 = list(
    All = list(Freqs = structure(c(4L, 2766L, 1L, 0L, 3L, 0L, 
    0L, 1L, 0L, 2L, 38L, 0L), .Dim = 3:4, .Dimnames = structure(list(
        c("-1", "0", "1"), c("A", "G", "T", NA)), .Names = c("", 
    "")), class = "table"), N = 2815L), Tag.Distribution = structure(c(`1` = 115L, 
    `2` = 50L, `3` = 50L, `4` = 33L, `5` = 25L, `6` = 22L, `7` = 26L, 
    `8` = 22L, `9` = 17L, `10` = 13L, `11` = 7L, `12` = 15L, 
    `13` = 9L, `14` = 10L, `15` = 8L, `16` = 3L, `17` = 6L, `18` = 4L, 
    `19` = 3L, `20` = 4L, `21` = 4L, `22` = 2L, `23` = 1L, `24` = 1L, 
    `25` = 1L, `34` = 2L), .Dim = 26L, .Dimnames = list(TagUsage = c("1", 
    "2", "3", "4", "5", "6", "7", "8", "9", "10", "11", "12", 
    "13", "14", "15", "16", "17", "18", "19", "20", "21", "22", 
    "23", "24", "25", "34")), class = "table"), No.Tag = structure(c(0L, 
    152L, 0L, 0L, 0L, 0L, 0L, 0L, 0L, 0L, 0L, 0L, 0L, 7L, 0L, 
    0L), .Dim = c(4L, 4L), .Dimnames = structure(list(c("-1", 
    "0", "1", NA), c("A", "G", "T", NA)), .Names = c("", "")), class = "table"), 
    All.Tags = list(Concordant = list(Freqs = structure(c(0, 
    438, 0, 0, 3, 0, 0, 0, 0), .Dim = c(3L, 3L), .Dimnames = list(
        c("-1", "0", "1"), c("A", "G", "T"))), N = 441), Majority = list(
        Freqs = structure(c(0, 444, 0, 0, 3, 0, 0, 0, 0), .Dim = c(3L, 
        3L), .Dimnames = list(c("-1", "0", "1"), c("A", "G", 
        "T"))), N = 447)), `2` = structure(c(0, 338, 0, 0, 0, 
    0, 0, 0, 0), .Dim = c(3L, 3L), .Dimnames = list(c("-1", "0", 
    "1"), c("A", "G", "T"))))))
