Results <-
list(`bwa.out//20220204//BlindCMMRD77_S36.sam` = list(LR10_SNP1 = list(
    All = list(Freqs = structure(c(1L, 31L, 1913L, 17L, 4L, 0L, 
    0L, 1L, 0L, 0L, 0L, 12L, 1841L, 4L, 2L, 0L, 0L, 24L, 1L, 
    0L), .Dim = 5:4, .Dimnames = structure(list(c("-2", "-1", 
    "0", "1", NA), c("C", "G", "T", NA)), .Names = c("", "")), class = "table"), 
        N = 3851L), Tag.Distribution = structure(c(`1` = 130L, 
    `2` = 42L, `3` = 27L, `4` = 44L, `5` = 28L, `6` = 21L, `7` = 25L, 
    `8` = 24L, `9` = 18L, `10` = 25L, `11` = 17L, `12` = 15L, 
    `13` = 11L, `14` = 13L, `15` = 8L, `16` = 13L, `17` = 4L, 
    `18` = 7L, `19` = 4L, `20` = 3L, `21` = 5L, `22` = 5L, `23` = 6L, 
    `24` = 5L, `25` = 4L, `26` = 4L, `27` = 1L, `28` = 2L, `30` = 2L, 
    `31` = 1L, `32` = 1L), .Dim = 31L, .Dimnames = list(TagUsage = c("1", 
    "2", "3", "4", "5", "6", "7", "8", "9", "10", "11", "12", 
    "13", "14", "15", "16", "17", "18", "19", "20", "21", "22", 
    "23", "24", "25", "26", "27", "28", "30", "31", "32")), class = "table"), 
    No.Tag = structure(c(0L, 1L, 46L, 1L, 2L, 0L, 0L, 0L, 0L, 
    0L, 0L, 2L, 46L, 0L, 0L, 0L, 0L, 4L, 0L, 0L), .Dim = 5:4, .Dimnames = structure(list(
        c("-2", "-1", "0", "1", NA), c("C", "G", "T", NA)), .Names = c("", 
    "")), class = "table"), All.Tags = list(Concordant = list(
        Freqs = structure(c(0, 1, 199, 1, 0, 0, 0, 0, 0, 1, 240, 
        0), .Dim = 4:3, .Dimnames = list(c("-2", "-1", "0", "1"
        ), c("C", "G", "T"))), N = 442), Majority = list(Freqs = structure(c(0, 
    2, 240, 2, 0, 0, 0, 0, 0, 1, 261, 0), .Dim = 4:3, .Dimnames = list(
        c("-2", "-1", "0", "1"), c("C", "G", "T"))), N = 506)), 
    `2` = structure(c(0, 1, 188, 1, 0, 0, 0, 0, 0, 0, 191, 0), .Dim = 4:3, .Dimnames = list(
        c("-2", "-1", "0", "1"), c("C", "G", "T"))))))
