Results <-
list(`bwa.out//20220204//BlindCMMRD57_S16.sam` = list(GM07_SNP1 = list(
    All = list(Freqs = structure(c(0L, 0L, 0L, 0L, 0L, 1L, 1L, 
    176L, 3618L, 85L, 5L, 50L, 0L, 4L, 59L, 1L, 0L, 0L), .Dim = c(6L, 
    3L), .Dimnames = structure(list(c("-2", "-1", "0", "1", "2", 
    NA), c("A", "G", NA)), .Names = c("", "")), class = "table"), 
        N = 4000L), Tag.Distribution = structure(c(`1` = 95L, 
    `2` = 50L, `3` = 45L, `4` = 44L, `5` = 42L, `6` = 32L, `7` = 23L, 
    `8` = 24L, `9` = 22L, `10` = 18L, `11` = 15L, `12` = 15L, 
    `13` = 9L, `14` = 10L, `15` = 4L, `16` = 4L, `17` = 9L, `18` = 14L, 
    `19` = 3L, `20` = 12L, `21` = 5L, `22` = 5L, `23` = 6L, `24` = 1L, 
    `25` = 2L, `26` = 3L, `27` = 1L, `28` = 4L, `29` = 1L, `30` = 1L, 
    `31` = 1L, `32` = 1L), .Dim = 32L, .Dimnames = list(TagUsage = c("1", 
    "2", "3", "4", "5", "6", "7", "8", "9", "10", "11", "12", 
    "13", "14", "15", "16", "17", "18", "19", "20", "21", "22", 
    "23", "24", "25", "26", "27", "28", "29", "30", "31", "32"
    )), class = "table"), No.Tag = structure(c(0L, 0L, 0L, 0L, 
    0L, 0L, 0L, 8L, 136L, 8L, 0L, 8L, 0L, 0L, 7L, 0L, 0L, 0L), .Dim = c(6L, 
    3L), .Dimnames = structure(list(c("-2", "-1", "0", "1", "2", 
    NA), c("A", "G", NA)), .Names = c("", "")), class = "table"), 
    All.Tags = list(Concordant = list(Freqs = structure(c(0, 
    0, 0, 0, 0, 0, 7, 343, 0, 0), .Dim = c(5L, 2L), .Dimnames = list(
        c("-2", "-1", "0", "1", "2"), c("A", "G"))), N = 350), 
        Majority = list(Freqs = structure(c(0, 0, 0, 0, 0, 0, 
        9, 497, 2, 0), .Dim = c(5L, 2L), .Dimnames = list(c("-2", 
        "-1", "0", "1", "2"), c("A", "G"))), N = 508)), `2` = structure(c(0, 
    0, 0, 0, 0, 0, 3, 416, 2, 0), .Dim = c(5L, 2L), .Dimnames = list(
        c("-2", "-1", "0", "1", "2"), c("A", "G"))))))
