Results <-
list(`bwa.out//20220204//BlindCMMRD62_S21.sam` = list(GM17_SNP1 = list(
    All = list(Freqs = structure(c(0L, 1L, 0L, 0L, 0L, 3L, 0L, 
    0L, 77L, 5204L, 21L, 2L, 1L, 36L, 2L, 0L), .Dim = c(4L, 4L
    ), .Dimnames = structure(list(c("-1", "0", "1", NA), c("A", 
    "C", "T", NA)), .Names = c("", "")), class = "table"), N = 5347L), 
    Tag.Distribution = structure(c(`1` = 109L, `2` = 63L, `3` = 41L, 
    `4` = 34L, `5` = 29L, `6` = 43L, `7` = 29L, `8` = 30L, `9` = 32L, 
    `10` = 25L, `11` = 18L, `12` = 15L, `13` = 17L, `14` = 10L, 
    `15` = 15L, `16` = 10L, `17` = 11L, `18` = 8L, `19` = 10L, 
    `20` = 9L, `21` = 9L, `22` = 4L, `23` = 11L, `24` = 8L, `25` = 3L, 
    `26` = 5L, `27` = 6L, `28` = 4L, `29` = 2L, `30` = 5L, `31` = 2L, 
    `33` = 2L), .Dim = 32L, .Dimnames = list(TagUsage = c("1", 
    "2", "3", "4", "5", "6", "7", "8", "9", "10", "11", "12", 
    "13", "14", "15", "16", "17", "18", "19", "20", "21", "22", 
    "23", "24", "25", "26", "27", "28", "29", "30", "31", "33"
    )), class = "table"), No.Tag = structure(c(0L, 0L, 0L, 0L, 
    0L, 1L, 0L, 0L, 0L, 101L, 0L, 0L, 0L, 5L, 0L, 0L), .Dim = c(4L, 
    4L), .Dimnames = structure(list(c("-1", "0", "1", NA), c("A", 
    "C", "T", NA)), .Names = c("", "")), class = "table"), All.Tags = list(
        Concordant = list(Freqs = structure(c(0, 0, 0, 0, 1, 
        0, 2, 537, 0), .Dim = c(3L, 3L), .Dimnames = list(c("-1", 
        "0", "1"), c("A", "C", "T"))), N = 540), Majority = list(
            Freqs = structure(c(0, 0, 0, 0, 1, 0, 2, 606, 1), .Dim = c(3L, 
            3L), .Dimnames = list(c("-1", "0", "1"), c("A", "C", 
            "T"))), N = 610)), `2` = structure(c(0, 0, 0, 0, 
    0, 0, 0, 506, 1), .Dim = c(3L, 3L), .Dimnames = list(c("-1", 
    "0", "1"), c("A", "C", "T"))))))
