Results <-
list(`bwa.out//20220204//BlindCMMRD68_S27.sam` = list(GM07_SNP1 = list(
    All = list(Freqs = structure(c(0L, 0L, 1L, 0L, 0L, 3L, 181L, 
    3515L, 87L, 54L, 0L, 5L, 58L, 2L, 0L), .Dim = c(5L, 3L), .Dimnames = structure(list(
        c("-2", "-1", "0", "1", NA), c("A", "G", NA)), .Names = c("", 
    "")), class = "table"), N = 3906L), Tag.Distribution = structure(c(`1` = 100L, 
    `2` = 53L, `3` = 49L, `4` = 38L, `5` = 44L, `6` = 39L, `7` = 26L, 
    `8` = 33L, `9` = 25L, `10` = 13L, `11` = 19L, `12` = 13L, 
    `13` = 9L, `14` = 11L, `15` = 11L, `16` = 7L, `17` = 10L, 
    `18` = 10L, `19` = 5L, `20` = 8L, `21` = 3L, `22` = 3L, `23` = 2L, 
    `24` = 3L, `26` = 3L, `27` = 1L, `33` = 2L), .Dim = 27L, .Dimnames = list(
        TagUsage = c("1", "2", "3", "4", "5", "6", "7", "8", 
        "9", "10", "11", "12", "13", "14", "15", "16", "17", 
        "18", "19", "20", "21", "22", "23", "24", "26", "27", 
        "33")), class = "table"), No.Tag = structure(c(0L, 0L, 
    1L, 0L, 0L, 0L, 4L, 179L, 3L, 13L, 0L, 0L, 10L, 0L, 0L), .Dim = c(5L, 
    3L), .Dimnames = structure(list(c("-2", "-1", "0", "1", NA
    ), c("A", "G", NA)), .Names = c("", "")), class = "table"), 
    All.Tags = list(Concordant = list(Freqs = structure(c(0, 
    0, 0, 0, 1, 5, 373, 4), .Dim = c(4L, 2L), .Dimnames = list(
        c("-2", "-1", "0", "1"), c("A", "G"))), N = 383), Majority = list(
        Freqs = structure(c(0, 0, 0, 0, 1, 6, 512, 6), .Dim = c(4L, 
        2L), .Dimnames = list(c("-2", "-1", "0", "1"), c("A", 
        "G"))), N = 525)), `2` = structure(c(0, 0, 0, 0, 0, 2, 
    428, 4), .Dim = c(4L, 2L), .Dimnames = list(c("-2", "-1", 
    "0", "1"), c("A", "G"))))))
