Results <-
list(`bwa.out//20220204//BlindCMMRD75_S34.sam` = list(GM09_SNP1 = list(
    All = list(Freqs = structure(c(29L, 3316L, 5L, 18L, 2592L, 
    0L, 0L, 28L, 0L), .Dim = c(3L, 3L), .Dimnames = structure(list(
        c("-1", "0", "1"), c("A", "G", NA)), .Names = c("", ""
    )), class = "table"), N = 5988L), Tag.Distribution = structure(c(`1` = 164L, 
    `2` = 62L, `3` = 57L, `4` = 43L, `5` = 51L, `6` = 52L, `7` = 33L, 
    `8` = 33L, `9` = 26L, `10` = 25L, `11` = 25L, `12` = 17L, 
    `13` = 13L, `14` = 24L, `15` = 11L, `16` = 6L, `17` = 14L, 
    `18` = 11L, `19` = 6L, `20` = 8L, `21` = 6L, `22` = 5L, `23` = 8L, 
    `24` = 9L, `25` = 4L, `26` = 4L, `27` = 5L, `28` = 2L, `29` = 3L, 
    `30` = 3L, `31` = 1L, `33` = 1L, `34` = 2L, `37` = 2L, `38` = 1L, 
    `40` = 2L, `41` = 1L, `48` = 1L, `50` = 1L, `62` = 1L), .Dim = 40L, .Dimnames = list(
        TagUsage = c("1", "2", "3", "4", "5", "6", "7", "8", 
        "9", "10", "11", "12", "13", "14", "15", "16", "17", 
        "18", "19", "20", "21", "22", "23", "24", "25", "26", 
        "27", "28", "29", "30", "31", "33", "34", "37", "38", 
        "40", "41", "48", "50", "62")), class = "table"), No.Tag = structure(c(1L, 
    43L, 0L, 0L, 1L, 75L, 0L, 0L, 0L, 3L, 0L, 0L), .Dim = 4:3, .Dimnames = structure(list(
        c("-1", "0", "1", NA), c("A", "G", NA)), .Names = c("", 
    "")), class = "table"), All.Tags = list(Concordant = list(
        Freqs = structure(c(2, 354, 0, 1, 300, 0), .Dim = 3:2, .Dimnames = list(
            c("-1", "0", "1"), c("A", "G"))), N = 657), Majority = list(
        Freqs = structure(c(2, 393, 0, 1, 331, 0), .Dim = 3:2, .Dimnames = list(
            c("-1", "0", "1"), c("A", "G"))), N = 727)), `2` = structure(c(1, 
    319, 0, 0, 252, 0), .Dim = 3:2, .Dimnames = list(c("-1", 
    "0", "1"), c("A", "G"))))))
