Results <-
list(`bwa.out//20220204//BlindCMMRD121_S47.sam` = list(GM26_SNP1 = list(
    All = list(Freqs = structure(c(33L, 5534L, 22L, 5L, 0L, 3L, 
    0L, 0L, 0L, 43L, 0L, 0L), .Dim = 4:3, .Dimnames = structure(list(
        c("-1", "0", "1", NA), c("A", "G", NA)), .Names = c("", 
    "")), class = "table"), N = 5640L), Tag.Distribution = structure(c(`1` = 259L, 
    `2` = 204L, `3` = 188L, `4` = 142L, `5` = 110L, `6` = 90L, 
    `7` = 62L, `8` = 46L, `9` = 35L, `10` = 39L, `11` = 20L, 
    `12` = 13L, `13` = 14L, `14` = 7L, `15` = 8L, `16` = 4L, 
    `17` = 4L, `18` = 3L, `20` = 1L, `21` = 1L, `22` = 1L, `38` = 1L, 
    `40` = 1L, `62` = 1L), .Dim = 24L, .Dimnames = list(TagUsage = c("1", 
    "2", "3", "4", "5", "6", "7", "8", "9", "10", "11", "12", 
    "13", "14", "15", "16", "17", "18", "20", "21", "22", "38", 
    "40", "62")), class = "table"), No.Tag = structure(c(0L, 
    71L, 0L, 0L, 0L, 0L, 0L, 0L, 0L, 8L, 0L, 0L), .Dim = 4:3, .Dimnames = structure(list(
        c("-1", "0", "1", NA), c("A", "G", NA)), .Names = c("", 
    "")), class = "table"), All.Tags = list(Concordant = list(
        Freqs = structure(c(1, 1196, 1, 0, 1, 0), .Dim = 3:2, .Dimnames = list(
            c("-1", "0", "1"), c("A", "G"))), N = 1199), Majority = list(
        Freqs = structure(c(1, 1241, 1, 0, 1, 0), .Dim = 3:2, .Dimnames = list(
            c("-1", "0", "1"), c("A", "G"))), N = 1244)), `2` = structure(c(0, 
    989, 0, 0, 0, 0), .Dim = 3:2, .Dimnames = list(c("-1", "0", 
    "1"), c("A", "G"))))))
