Results <-
list(`bwa.out//20220204//BlindCMMRD96_S55.sam` = list(LR17_SNP1 = list(
    All = list(Freqs = structure(c(5L, 110L, 2863L, 30L, 1L, 
    20L, 0L, 3L, 132L, 1L, 0L, 0L), .Dim = c(6L, 2L), .Dimnames = structure(list(
        c("-2", "-1", "0", "1", "2", NA), c("A", NA)), .Names = c("", 
    "")), class = "table"), N = 3165L), Tag.Distribution = structure(c(`1` = 86L, 
    `2` = 52L, `3` = 33L, `4` = 36L, `5` = 33L, `6` = 21L, `7` = 25L, 
    `8` = 17L, `9` = 23L, `10` = 19L, `11` = 13L, `12` = 13L, 
    `13` = 5L, `14` = 4L, `15` = 8L, `16` = 12L, `17` = 5L, `18` = 5L, 
    `19` = 4L, `20` = 7L, `21` = 5L, `22` = 5L, `24` = 4L, `25` = 2L, 
    `26` = 1L, `27` = 2L, `29` = 2L, `45` = 1L), .Dim = 28L, .Dimnames = list(
        TagUsage = c("1", "2", "3", "4", "5", "6", "7", "8", 
        "9", "10", "11", "12", "13", "14", "15", "16", "17", 
        "18", "19", "20", "21", "22", "24", "25", "26", "27", 
        "29", "45")), class = "table"), No.Tag = structure(c(0L, 
    1L, 59L, 1L, 0L, 2L, 0L, 0L, 3L, 0L, 0L, 0L), .Dim = c(6L, 
    2L), .Dimnames = structure(list(c("-2", "-1", "0", "1", "2", 
    NA), c("A", NA)), .Names = c("", "")), class = "table"), 
    All.Tags = list(Concordant = list(Freqs = structure(c(0, 
    4, 330, 2, 0), .Dim = c(5L, 1L), .Dimnames = list(c("-2", 
    "-1", "0", "1", "2"), "A")), N = 336), Majority = list(Freqs = structure(c(0, 
    5, 423, 2, 0), .Dim = c(5L, 1L), .Dimnames = list(c("-2", 
    "-1", "0", "1", "2"), "A")), N = 430)), `2` = structure(c(0, 
    2, 350, 0, 0), .Dim = c(5L, 1L), .Dimnames = list(c("-2", 
    "-1", "0", "1", "2"), "A")))))
