Results <-
list(`bwa.out//20220204//BlindCMMRD119_S45.sam` = list(IM49_SNP1 = list(
    All = list(Freqs = structure(c(0L, 41L, 1610L, 21L, 1L, 8L, 
    1L, 40L, 1271L, 41L, 0L, 5L, 0L, 2L, 58L, 0L, 0L, 0L), .Dim = c(6L, 
    3L), .Dimnames = structure(list(c("-2", "-1", "0", "1", "2", 
    NA), c("C", "G", NA)), .Names = c("", "")), class = "table"), 
        N = 3099L), Tag.Distribution = structure(c(`1` = 303L, 
    `2` = 159L, `3` = 133L, `4` = 77L, `5` = 56L, `6` = 42L, 
    `7` = 30L, `8` = 24L, `9` = 18L, `10` = 15L, `11` = 11L, 
    `12` = 10L, `13` = 5L, `14` = 1L, `16` = 3L, `17` = 1L, `19` = 1L, 
    `20` = 1L, `23` = 1L), .Dim = 19L, .Dimnames = list(TagUsage = c("1", 
    "2", "3", "4", "5", "6", "7", "8", "9", "10", "11", "12", 
    "13", "14", "16", "17", "19", "20", "23")), class = "table"), 
    No.Tag = structure(c(0L, 0L, 42L, 2L, 0L, 0L, 0L, 0L, 31L, 
    0L, 0L, 0L, 0L, 0L, 3L, 0L, 0L, 0L), .Dim = c(6L, 3L), .Dimnames = structure(list(
        c("-2", "-1", "0", "1", "2", NA), c("C", "G", NA)), .Names = c("", 
    "")), class = "table"), All.Tags = list(Concordant = list(
        Freqs = structure(c(0, 5, 403, 1, 0, 0, 4, 299, 3, 0), .Dim = c(5L, 
        2L), .Dimnames = list(c("-2", "-1", "0", "1", "2"), c("C", 
        "G"))), N = 715), Majority = list(Freqs = structure(c(0, 
    5, 462, 1, 0, 0, 5, 370, 4, 0), .Dim = c(5L, 2L), .Dimnames = list(
        c("-2", "-1", "0", "1", "2"), c("C", "G"))), N = 847)), 
    `2` = structure(c(0, 1, 305, 0, 0, 0, 1, 253, 2, 0), .Dim = c(5L, 
    2L), .Dimnames = list(c("-2", "-1", "0", "1", "2"), c("C", 
    "G"))))))
