Results <-
list(`bwa.out//20220204//BlindCMMRD49_S9.sam` = list(LR11_SNP1 = list(
    All = list(Freqs = structure(c(0L, 0L, 0L, 1L, 0L, 0L, 0L, 
    0L, 0L, 0L, 6L, 0L, 0L, 1L, 1L, 4L, 96L, 4112L, 36L, 2L, 
    7L, 0L, 0L, 0L, 1L, 0L, 0L, 0L, 0L, 0L, 2L, 124L, 4L, 0L, 
    0L), .Dim = c(7L, 5L), .Dimnames = structure(list(c("-3", 
    "-2", "-1", "0", "1", "2", NA), c("-", "A", "C", "G", NA)), .Names = c("", 
    "")), class = "table"), N = 4397L), Tag.Distribution = structure(c(`1` = 65L, 
    `2` = 10L, `3` = 8L, `4` = 5L, `5` = 13L, `6` = 6L, `7` = 6L, 
    `8` = 6L, `9` = 6L, `10` = 3L, `11` = 4L, `12` = 3L, `13` = 5L, 
    `14` = 4L, `15` = 8L, `16` = 5L, `17` = 4L, `18` = 6L, `19` = 3L, 
    `20` = 1L, `21` = 5L, `22` = 5L, `23` = 2L, `24` = 5L, `25` = 2L, 
    `26` = 3L, `27` = 1L, `28` = 3L, `29` = 3L, `30` = 2L, `31` = 3L, 
    `32` = 1L, `34` = 3L, `35` = 2L, `37` = 1L, `39` = 2L, `41` = 2L, 
    `42` = 3L, `43` = 1L, `44` = 3L, `45` = 6L, `47` = 3L, `48` = 2L, 
    `49` = 2L, `51` = 1L, `53` = 1L, `54` = 1L, `55` = 1L, `58` = 2L, 
    `61` = 1L, `62` = 1L, `63` = 1L, `65` = 1L, `67` = 1L, `70` = 1L, 
    `74` = 1L, `77` = 2L, `85` = 1L, `88` = 1L), .Dim = 59L, .Dimnames = list(
        TagUsage = c("1", "2", "3", "4", "5", "6", "7", "8", 
        "9", "10", "11", "12", "13", "14", "15", "16", "17", 
        "18", "19", "20", "21", "22", "23", "24", "25", "26", 
        "27", "28", "29", "30", "31", "32", "34", "35", "37", 
        "39", "41", "42", "43", "44", "45", "47", "48", "49", 
        "51", "53", "54", "55", "58", "61", "62", "63", "65", 
        "67", "70", "74", "77", "85", "88")), class = "table"), 
    No.Tag = structure(c(0L, 0L, 0L, 0L, 0L, 0L, 0L, 0L, 0L, 
    0L, 0L, 0L, 0L, 0L, 0L, 0L, 0L, 52L, 0L, 0L, 0L, 0L, 0L, 
    0L, 0L, 0L, 0L, 0L, 0L, 0L, 0L, 2L, 0L, 0L, 0L), .Dim = c(7L, 
    5L), .Dimnames = structure(list(c("-3", "-2", "-1", "0", 
    "1", "2", NA), c("-", "A", "C", "G", NA)), .Names = c("", 
    "")), class = "table"), All.Tags = list(Concordant = list(
        Freqs = structure(c(0, 0, 0, 0, 0, 0, 0, 0, 0, 6, 0, 
        0, 0, 0, 1, 172, 0, 0, 0, 0, 0, 0, 0, 0), .Dim = c(6L, 
        4L), .Dimnames = list(c("-3", "-2", "-1", "0", "1", "2"
        ), c("-", "A", "C", "G"))), N = 179), Majority = list(
        Freqs = structure(c(0, 0, 0, 0, 0, 0, 0, 0, 0, 6, 0, 
        0, 0, 0, 3, 237, 1, 0, 0, 0, 0, 0, 0, 0), .Dim = c(6L, 
        4L), .Dimnames = list(c("-3", "-2", "-1", "0", "1", "2"
        ), c("-", "A", "C", "G"))), N = 247)), `2` = structure(c(0, 
    0, 0, 0, 0, 0, 0, 0, 0, 0, 0, 0, 0, 0, 3, 184, 1, 0, 0, 0, 
    0, 0, 0, 0), .Dim = c(6L, 4L), .Dimnames = list(c("-3", "-2", 
    "-1", "0", "1", "2"), c("-", "A", "C", "G"))))))
