Results <-
list(`bwa.out//20220204//BlindCMMRD90_S49.sam` = list(GM26_SNP1 = list(
    All = list(Freqs = structure(c(0L, 1L, 16L, 2348L, 5L, 2L, 
    1L, 0L, 15L, 1934L, 1L, 3L, 0L, 0L, 1L, 34L, 0L, 0L), .Dim = c(6L, 
    3L), .Dimnames = structure(list(c("-3", "-2", "-1", "0", 
    "1", NA), c("A", "G", NA)), .Names = c("", "")), class = "table"), 
        N = 4361L), Tag.Distribution = structure(c(`1` = 114L, 
    `2` = 55L, `3` = 47L, `4` = 54L, `5` = 28L, `6` = 31L, `7` = 27L, 
    `8` = 25L, `9` = 30L, `10` = 29L, `11` = 15L, `12` = 15L, 
    `13` = 15L, `14` = 18L, `15` = 9L, `16` = 7L, `17` = 3L, 
    `18` = 10L, `19` = 5L, `20` = 7L, `21` = 3L, `22` = 4L, `23` = 3L, 
    `24` = 3L, `25` = 2L, `26` = 3L, `27` = 1L, `28` = 2L, `29` = 3L, 
    `30` = 4L, `31` = 2L, `33` = 1L, `34` = 1L, `36` = 1L, `37` = 1L, 
    `46` = 1L), .Dim = 36L, .Dimnames = list(TagUsage = c("1", 
    "2", "3", "4", "5", "6", "7", "8", "9", "10", "11", "12", 
    "13", "14", "15", "16", "17", "18", "19", "20", "21", "22", 
    "23", "24", "25", "26", "27", "28", "29", "30", "31", "33", 
    "34", "36", "37", "46")), class = "table"), No.Tag = structure(c(0L, 
    0L, 0L, 15L, 0L, 0L, 0L, 0L, 0L, 26L, 0L, 1L, 0L, 0L, 0L, 
    0L, 0L, 0L), .Dim = c(6L, 3L), .Dimnames = structure(list(
        c("-3", "-2", "-1", "0", "1", NA), c("A", "G", NA)), .Names = c("", 
    "")), class = "table"), All.Tags = list(Concordant = list(
        Freqs = structure(c(0, 0, 0, 270, 0, 0, 0, 1, 235, 0), .Dim = c(5L, 
        2L), .Dimnames = list(c("-3", "-2", "-1", "0", "1"), 
            c("A", "G"))), N = 506), Majority = list(Freqs = structure(c(0, 
    0, 0, 308, 0, 0, 0, 1, 266, 0), .Dim = c(5L, 2L), .Dimnames = list(
        c("-3", "-2", "-1", "0", "1"), c("A", "G"))), N = 575)), 
    `2` = structure(c(0, 0, 0, 246, 0, 0, 0, 0, 218, 0), .Dim = c(5L, 
    2L), .Dimnames = list(c("-3", "-2", "-1", "0", "1"), c("A", 
    "G"))))))
