Results <-
list(`bwa.out//20220204//Control25_S18.sam` = list(GM01_SNP1 = list(
    All = list(Freqs = structure(c(17L, 1537L, 10L, 2L, 14L, 
    1502L, 3L, 3L, 0L, 33L, 1L, 0L), .Dim = 4:3, .Dimnames = structure(list(
        c("-1", "0", "1", NA), c("A", "G", NA)), .Names = c("", 
    "")), class = "table"), N = 3122L), Tag.Distribution = structure(c(`1` = 57L, 
    `2` = 29L, `3` = 33L, `4` = 26L, `5` = 23L, `6` = 22L, `7` = 16L, 
    `8` = 20L, `9` = 12L, `10` = 12L, `11` = 16L, `12` = 12L, 
    `13` = 11L, `14` = 8L, `15` = 13L, `16` = 5L, `17` = 4L, 
    `18` = 7L, `19` = 8L, `20` = 4L, `21` = 5L, `22` = 5L, `24` = 2L, 
    `25` = 4L, `26` = 3L, `28` = 1L, `29` = 2L, `35` = 1L, `36` = 2L, 
    `42` = 1L, `57` = 1L), .Dim = 31L, .Dimnames = list(TagUsage = c("1", 
    "2", "3", "4", "5", "6", "7", "8", "9", "10", "11", "12", 
    "13", "14", "15", "16", "17", "18", "19", "20", "21", "22", 
    "24", "25", "26", "28", "29", "35", "36", "42", "57")), class = "table"), 
    No.Tag = structure(c(0L, 13L, 0L, 0L, 0L, 32L, 0L, 0L, 0L, 
    3L, 0L, 0L), .Dim = 4:3, .Dimnames = structure(list(c("-1", 
    "0", "1", NA), c("A", "G", NA)), .Names = c("", "")), class = "table"), 
    All.Tags = list(Concordant = list(Freqs = structure(c(0, 
    168, 0, 0, 142, 0), .Dim = 3:2, .Dimnames = list(c("-1", 
    "0", "1"), c("A", "G"))), N = 310), Majority = list(Freqs = structure(c(0, 
    189, 1, 0, 168, 0), .Dim = 3:2, .Dimnames = list(c("-1", 
    "0", "1"), c("A", "G"))), N = 358)), `2` = structure(c(0, 
    159, 1, 0, 145, 0), .Dim = 3:2, .Dimnames = list(c("-1", 
    "0", "1"), c("A", "G"))))))
