Results <-
list(`bwa.out//20220204//BlindCMMRD89_S48.sam` = list(GM22_SNP1 = list(
    All = list(Freqs = structure(c(64L, 5659L, 24L, 14L, 0L, 
    4L, 0L, 0L, 0L, 1L, 0L, 0L, 3L, 59L, 0L, 0L), .Dim = c(4L, 
    4L), .Dimnames = structure(list(c("-1", "0", "1", NA), c("A", 
    "G", "T", NA)), .Names = c("", "")), class = "table"), N = 5828L), 
    Tag.Distribution = structure(c(`1` = 129L, `2` = 69L, `3` = 58L, 
    `4` = 54L, `5` = 43L, `6` = 45L, `7` = 33L, `8` = 40L, `9` = 35L, 
    `10` = 30L, `11` = 30L, `12` = 24L, `13` = 20L, `14` = 11L, 
    `15` = 13L, `16` = 11L, `17` = 14L, `18` = 8L, `19` = 9L, 
    `20` = 6L, `21` = 8L, `22` = 4L, `23` = 4L, `24` = 5L, `25` = 3L, 
    `26` = 4L, `27` = 2L, `28` = 5L, `29` = 5L, `33` = 2L, `34` = 1L, 
    `35` = 1L, `36` = 1L, `37` = 1L, `40` = 1L, `43` = 1L, `45` = 1L
    ), .Dim = 37L, .Dimnames = list(TagUsage = c("1", "2", "3", 
    "4", "5", "6", "7", "8", "9", "10", "11", "12", "13", "14", 
    "15", "16", "17", "18", "19", "20", "21", "22", "23", "24", 
    "25", "26", "27", "28", "29", "33", "34", "35", "36", "37", 
    "40", "43", "45")), class = "table"), No.Tag = structure(c(1L, 
    112L, 1L, 1L, 0L, 1L, 0L, 0L, 0L, 0L, 0L, 0L, 0L, 6L, 0L, 
    0L), .Dim = c(4L, 4L), .Dimnames = structure(list(c("-1", 
    "0", "1", NA), c("A", "G", "T", NA)), .Names = c("", "")), class = "table"), 
    All.Tags = list(Concordant = list(Freqs = structure(c(2, 
    640, 0, 0, 2, 0, 0, 0, 0), .Dim = c(3L, 3L), .Dimnames = list(
        c("-1", "0", "1"), c("A", "G", "T"))), N = 644), Majority = list(
        Freqs = structure(c(3, 714, 0, 0, 2, 0, 0, 0, 0), .Dim = c(3L, 
        3L), .Dimnames = list(c("-1", "0", "1"), c("A", "G", 
        "T"))), N = 719)), `2` = structure(c(1, 598, 0, 0, 0, 
    0, 0, 0, 0), .Dim = c(3L, 3L), .Dimnames = list(c("-1", "0", 
    "1"), c("A", "G", "T"))))))
