Results <-
list(`bwa.out//20220204//BlindCMMRD48_S8.sam` = list(LR46_SNP1 = list(
    All = list(Freqs = structure(c(0L, 1L, 0L, 0L, 4L, 1580L, 
    19L, 6L, 4L, 1430L, 4L, 4L, 0L, 11L, 0L, 0L), .Dim = c(4L, 
    4L), .Dimnames = structure(list(c("-1", "0", "1", NA), c("-", 
    "G", "T", NA)), .Names = c("", "")), class = "table"), N = 3063L), 
    Tag.Distribution = structure(c(`1` = 53L, `2` = 14L, `3` = 11L, 
    `4` = 14L, `5` = 7L, `6` = 10L, `7` = 8L, `8` = 9L, `9` = 5L, 
    `10` = 4L, `11` = 12L, `12` = 12L, `13` = 7L, `14` = 10L, 
    `15` = 7L, `16` = 1L, `17` = 2L, `18` = 6L, `19` = 3L, `20` = 8L, 
    `21` = 3L, `24` = 3L, `25` = 1L, `26` = 3L, `27` = 1L, `28` = 1L, 
    `29` = 1L, `31` = 1L, `32` = 1L, `33` = 2L, `34` = 4L, `35` = 2L, 
    `36` = 3L, `37` = 3L, `41` = 1L, `43` = 1L, `45` = 1L, `47` = 3L, 
    `49` = 1L, `50` = 1L, `55` = 1L, `57` = 2L, `60` = 1L, `68` = 1L
    ), .Dim = 44L, .Dimnames = list(TagUsage = c("1", "2", "3", 
    "4", "5", "6", "7", "8", "9", "10", "11", "12", "13", "14", 
    "15", "16", "17", "18", "19", "20", "21", "24", "25", "26", 
    "27", "28", "29", "31", "32", "33", "34", "35", "36", "37", 
    "41", "43", "45", "47", "49", "50", "55", "57", "60", "68"
    )), class = "table"), No.Tag = structure(c(0L, 0L, 0L, 0L, 
    0L, 20L, 0L, 1L, 0L, 32L, 2L, 0L, 0L, 1L, 0L, 0L), .Dim = c(4L, 
    4L), .Dimnames = structure(list(c("-1", "0", "1", NA), c("-", 
    "G", "T", NA)), .Names = c("", "")), class = "table"), All.Tags = list(
        Concordant = list(Freqs = structure(c(0, 0, 0, 0, 119, 
        3, 0, 97, 0), .Dim = c(3L, 3L), .Dimnames = list(c("-1", 
        "0", "1"), c("-", "G", "T"))), N = 219), Majority = list(
            Freqs = structure(c(0, 0, 0, 0, 131, 3, 0, 105, 0
            ), .Dim = c(3L, 3L), .Dimnames = list(c("-1", "0", 
            "1"), c("-", "G", "T"))), N = 239)), `2` = structure(c(0, 
    0, 0, 0, 106, 1, 0, 85, 0), .Dim = c(3L, 3L), .Dimnames = list(
        c("-1", "0", "1"), c("-", "G", "T"))))))
