Results <-
list(`bwa.out//20220204//13D0575_S2.sam` = list(GM01_SNP1 = list(
    All = list(Freqs = structure(c(1L, 31L, 1988L, 7L, 3L, 0L, 
    22L, 1880L, 4L, 4L, 0L, 1L, 52L, 0L, 0L), .Dim = c(5L, 3L
    ), .Dimnames = structure(list(c("-2", "-1", "0", "1", NA), 
        c("A", "G", NA)), .Names = c("", "")), class = "table"), 
        N = 3993L), Tag.Distribution = structure(c(`1` = 170L, 
    `2` = 90L, `3` = 98L, `4` = 65L, `5` = 53L, `6` = 50L, `7` = 29L, 
    `8` = 24L, `9` = 25L, `10` = 14L, `11` = 14L, `12` = 23L, 
    `13` = 10L, `14` = 8L, `15` = 6L, `16` = 6L, `17` = 4L, `18` = 9L, 
    `19` = 2L, `20` = 6L, `21` = 3L, `22` = 3L, `23` = 4L, `24` = 1L, 
    `25` = 3L, `26` = 3L, `27` = 1L, `29` = 1L), .Dim = 28L, .Dimnames = list(
        TagUsage = c("1", "2", "3", "4", "5", "6", "7", "8", 
        "9", "10", "11", "12", "13", "14", "15", "16", "17", 
        "18", "19", "20", "21", "22", "23", "24", "25", "26", 
        "27", "29")), class = "table"), No.Tag = structure(c(0L, 
    0L, 29L, 0L, 0L, 0L, 0L, 32L, 0L, 0L, 0L, 0L, 3L, 0L, 0L), .Dim = c(5L, 
    3L), .Dimnames = structure(list(c("-2", "-1", "0", "1", NA
    ), c("A", "G", NA)), .Names = c("", "")), class = "table"), 
    All.Tags = list(Concordant = list(Freqs = structure(c(0, 
    1, 318, 1, 0, 1, 282, 2), .Dim = c(4L, 2L), .Dimnames = list(
        c("-2", "-1", "0", "1"), c("A", "G"))), N = 605), Majority = list(
        Freqs = structure(c(0, 1, 362, 1, 0, 1, 339, 2), .Dim = c(4L, 
        2L), .Dimnames = list(c("-2", "-1", "0", "1"), c("A", 
        "G"))), N = 706)), `2` = structure(c(0, 0, 284, 0, 0, 
    1, 259, 0), .Dim = c(4L, 2L), .Dimnames = list(c("-2", "-1", 
    "0", "1"), c("A", "G"))))))
