Results <-
list(`bwa.out//20220204//BlindCMMRD78_S37.sam` = list(LR20_SNP1 = list(
    All = list(Freqs = structure(c(3L, 2206L, 6L, 1L, 3L, 2256L, 
    2L, 1L, 0L, 23L, 0L, 0L), .Dim = 4:3, .Dimnames = structure(list(
        c("-1", "0", "1", NA), c("A", "G", NA)), .Names = c("", 
    "")), class = "table"), N = 4501L), Tag.Distribution = structure(c(`1` = 137L, 
    `2` = 78L, `3` = 55L, `4` = 63L, `5` = 49L, `6` = 51L, `7` = 36L, 
    `8` = 35L, `9` = 25L, `10` = 26L, `11` = 20L, `12` = 19L, 
    `13` = 9L, `14` = 18L, `15` = 6L, `16` = 5L, `17` = 11L, 
    `18` = 6L, `19` = 5L, `20` = 1L, `21` = 5L, `22` = 3L, `23` = 5L, 
    `24` = 3L, `25` = 2L, `26` = 1L, `27` = 1L, `28` = 3L, `30` = 2L, 
    `39` = 1L, `43` = 1L), .Dim = 31L, .Dimnames = list(TagUsage = c("1", 
    "2", "3", "4", "5", "6", "7", "8", "9", "10", "11", "12", 
    "13", "14", "15", "16", "17", "18", "19", "20", "21", "22", 
    "23", "24", "25", "26", "27", "28", "30", "39", "43")), class = "table"), 
    No.Tag = structure(c(0L, 69L, 0L, 1L, 0L, 65L, 0L, 1L, 0L, 
    3L, 0L, 0L), .Dim = 4:3, .Dimnames = structure(list(c("-1", 
    "0", "1", NA), c("A", "G", NA)), .Names = c("", "")), class = "table"), 
    All.Tags = list(Concordant = list(Freqs = structure(c(0, 
    309, 0, 0, 302, 1), .Dim = 3:2, .Dimnames = list(c("-1", 
    "0", "1"), c("A", "G"))), N = 612), Majority = list(Freqs = structure(c(0, 
    347, 0, 0, 326, 1), .Dim = 3:2, .Dimnames = list(c("-1", 
    "0", "1"), c("A", "G"))), N = 674)), `2` = structure(c(0, 
    280, 0, 0, 261, 0), .Dim = 3:2, .Dimnames = list(c("-1", 
    "0", "1"), c("A", "G"))))))
