Results <-
list(`bwa.out//20220204//BlindCMMRD77_S36.sam` = list(GM14_SNP1 = list(
    All = list(Freqs = structure(c(4L, 40L, 1174L, 10L, 5L, 0L, 
    29L, 1323L, 3L, 0L, 0L, 0L, 23L, 0L, 0L), .Dim = c(5L, 3L
    ), .Dimnames = structure(list(c("-2", "-1", "0", "1", NA), 
        c("C", "T", NA)), .Names = c("", "")), class = "table"), 
        N = 2611L), Tag.Distribution = structure(c(`1` = 72L, 
    `2` = 34L, `3` = 35L, `4` = 41L, `5` = 15L, `6` = 21L, `7` = 14L, 
    `8` = 20L, `9` = 15L, `10` = 16L, `11` = 11L, `12` = 7L, 
    `13` = 14L, `14` = 9L, `15` = 8L, `16` = 7L, `17` = 5L, `18` = 7L, 
    `19` = 4L, `20` = 3L, `21` = 6L, `22` = 2L, `23` = 1L, `24` = 2L, 
    `28` = 1L, `31` = 1L, `32` = 1L), .Dim = 27L, .Dimnames = list(
        TagUsage = c("1", "2", "3", "4", "5", "6", "7", "8", 
        "9", "10", "11", "12", "13", "14", "15", "16", "17", 
        "18", "19", "20", "21", "22", "23", "24", "28", "31", 
        "32")), class = "table"), No.Tag = structure(c(0L, 0L, 
    8L, 0L, 0L, 0L, 0L, 16L, 0L, 0L, 0L, 0L, 0L, 0L, 0L), .Dim = c(5L, 
    3L), .Dimnames = structure(list(c("-2", "-1", "0", "1", NA
    ), c("C", "T", NA)), .Names = c("", "")), class = "table"), 
    All.Tags = list(Concordant = list(Freqs = structure(c(0, 
    2, 125, 1, 0, 0, 155, 0), .Dim = c(4L, 2L), .Dimnames = list(
        c("-2", "-1", "0", "1"), c("C", "T"))), N = 283), Majority = list(
        Freqs = structure(c(0, 2, 168, 1, 0, 0, 193, 0), .Dim = c(4L, 
        2L), .Dimnames = list(c("-2", "-1", "0", "1"), c("C", 
        "T"))), N = 364)), `2` = structure(c(0, 0, 131, 0, 0, 
    0, 165, 0), .Dim = c(4L, 2L), .Dimnames = list(c("-2", "-1", 
    "0", "1"), c("C", "T"))))))
