Results <-
list(`bwa.out//20220204//Control23_S16.sam` = list(GM01_SNP1 = list(
    All = list(Freqs = structure(c(22L, 1735L, 10L, 4L, 11L, 
    1952L, 2L, 4L, 4L, 35L, 0L, 0L), .Dim = 4:3, .Dimnames = structure(list(
        c("-1", "0", "1", NA), c("A", "G", NA)), .Names = c("", 
    "")), class = "table"), N = 3779L), Tag.Distribution = structure(c(`1` = 125L, 
    `2` = 52L, `3` = 73L, `4` = 51L, `5` = 47L, `6` = 36L, `7` = 33L, 
    `8` = 27L, `9` = 18L, `10` = 19L, `11` = 16L, `12` = 16L, 
    `13` = 19L, `14` = 10L, `15` = 7L, `16` = 6L, `17` = 9L, 
    `18` = 5L, `19` = 6L, `20` = 3L, `21` = 4L, `22` = 3L, `23` = 5L, 
    `24` = 4L, `28` = 1L, `29` = 1L), .Dim = 26L, .Dimnames = list(
        TagUsage = c("1", "2", "3", "4", "5", "6", "7", "8", 
        "9", "10", "11", "12", "13", "14", "15", "16", "17", 
        "18", "19", "20", "21", "22", "23", "24", "28", "29")), class = "table"), 
    No.Tag = structure(c(1L, 43L, 0L, 0L, 0L, 39L, 0L, 0L, 0L, 
    3L, 0L, 0L), .Dim = 4:3, .Dimnames = structure(list(c("-1", 
    "0", "1", NA), c("A", "G", NA)), .Names = c("", "")), class = "table"), 
    All.Tags = list(Concordant = list(Freqs = structure(c(2, 
    255, 1, 0, 282, 0), .Dim = 3:2, .Dimnames = list(c("-1", 
    "0", "1"), c("A", "G"))), N = 540), Majority = list(Freqs = structure(c(2, 
    288, 1, 0, 300, 0), .Dim = 3:2, .Dimnames = list(c("-1", 
    "0", "1"), c("A", "G"))), N = 591)), `2` = structure(c(0, 
    231, 0, 0, 237, 0), .Dim = 3:2, .Dimnames = list(c("-1", 
    "0", "1"), c("A", "G"))))))
