Results <-
list(`bwa.out//20220204//BlindCMMRD116_S42.sam` = list(LR20_SNP1 = list(
    All = list(Freqs = structure(c(11L, 4645L, 8L, 4L, 1L, 0L, 
    0L, 0L, 0L, 29L, 1L, 0L), .Dim = 4:3, .Dimnames = structure(list(
        c("-1", "0", "1", NA), c("A", "G", NA)), .Names = c("", 
    "")), class = "table"), N = 4699L), Tag.Distribution = structure(c(`1` = 142L, 
    `2` = 114L, `3` = 104L, `4` = 96L, `5` = 86L, `6` = 64L, 
    `7` = 52L, `8` = 37L, `9` = 41L, `10` = 37L, `11` = 19L, 
    `12` = 13L, `13` = 15L, `14` = 12L, `15` = 10L, `16` = 7L, 
    `17` = 7L, `18` = 1L, `19` = 2L, `20` = 1L, `23` = 1L, `24` = 2L, 
    `27` = 1L, `29` = 1L, `41` = 1L), .Dim = 25L, .Dimnames = list(
        TagUsage = c("1", "2", "3", "4", "5", "6", "7", "8", 
        "9", "10", "11", "12", "13", "14", "15", "16", "17", 
        "18", "19", "20", "23", "24", "27", "29", "41")), class = "table"), 
    No.Tag = structure(c(0L, 64L, 0L, 1L, 0L, 0L, 0L, 0L, 0L, 
    2L, 0L, 0L), .Dim = 4:3, .Dimnames = structure(list(c("-1", 
    "0", "1", NA), c("A", "G", NA)), .Names = c("", "")), class = "table"), 
    All.Tags = list(Concordant = list(Freqs = structure(c(1, 
    845, 1, 0, 0, 0), .Dim = 3:2, .Dimnames = list(c("-1", "0", 
    "1"), c("A", "G"))), N = 847), Majority = list(Freqs = structure(c(2, 
    859, 1, 0, 0, 0), .Dim = 3:2, .Dimnames = list(c("-1", "0", 
    "1"), c("A", "G"))), N = 862)), `2` = structure(c(1, 723, 
    0, 0, 0, 0), .Dim = 3:2, .Dimnames = list(c("-1", "0", "1"
    ), c("A", "G"))))))
