Results <-
list(`bwa.out//20220204//Control25_S18.sam` = list(IM16_SNP1 = list(
    All = list(Freqs = structure(c(19L, 1110L, 13L, 3L, 32L, 
    1222L, 9L, 3L, 0L, 2L, 0L, 0L, 0L, 38L, 0L, 0L), .Dim = c(4L, 
    4L), .Dimnames = structure(list(c("-1", "0", "1", NA), c("A", 
    "G", "T", NA)), .Names = c("", "")), class = "table"), N = 2451L), 
    Tag.Distribution = structure(c(`1` = 52L, `2` = 26L, `3` = 26L, 
    `4` = 18L, `5` = 7L, `6` = 20L, `7` = 17L, `8` = 17L, `9` = 13L, 
    `10` = 11L, `11` = 11L, `12` = 10L, `13` = 5L, `14` = 4L, 
    `15` = 5L, `16` = 3L, `17` = 7L, `18` = 5L, `19` = 4L, `20` = 4L, 
    `21` = 4L, `22` = 2L, `23` = 3L, `24` = 5L, `25` = 2L, `26` = 2L, 
    `27` = 1L, `28` = 1L, `29` = 4L, `31` = 2L), .Dim = 30L, .Dimnames = list(
        TagUsage = c("1", "2", "3", "4", "5", "6", "7", "8", 
        "9", "10", "11", "12", "13", "14", "15", "16", "17", 
        "18", "19", "20", "21", "22", "23", "24", "25", "26", 
        "27", "28", "29", "31")), class = "table"), No.Tag = structure(c(0L, 
    9L, 0L, 1L, 0L, 42L, 1L, 1L, 0L, 0L, 0L, 0L, 0L, 4L, 0L, 
    0L), .Dim = c(4L, 4L), .Dimnames = structure(list(c("-1", 
    "0", "1", NA), c("A", "G", "T", NA)), .Names = c("", "")), class = "table"), 
    All.Tags = list(Concordant = list(Freqs = structure(c(0, 
    128, 0, 0, 114, 0, 0, 0, 0), .Dim = c(3L, 3L), .Dimnames = list(
        c("-1", "0", "1"), c("A", "G", "T"))), N = 242), Majority = list(
        Freqs = structure(c(0, 150, 0, 2, 134, 0, 0, 0, 0), .Dim = c(3L, 
        3L), .Dimnames = list(c("-1", "0", "1"), c("A", "G", 
        "T"))), N = 286)), `2` = structure(c(0, 120, 0, 2, 116, 
    0, 0, 0, 0), .Dim = c(3L, 3L), .Dimnames = list(c("-1", "0", 
    "1"), c("A", "G", "T"))))))
