Results <-
list(`bwa.out//20220204//17D0939_S6.sam` = list(LR44_SNP1 = list(
    All = list(Freqs = structure(c(0L, 0L, 1L, 0L, 0L, 0L, 0L, 
    1L, 0L, 0L, 11L, 290L, 3653L, 54L, 27L, 1L, 9L, 63L, 2L, 
    0L), .Dim = 5:4, .Dimnames = structure(list(c("-2", "-1", 
    "0", "1", NA), c("A", "C", "T", NA)), .Names = c("", "")), class = "table"), 
        N = 4112L), Tag.Distribution = structure(c(`1` = 99L, 
    `2` = 44L, `3` = 37L, `4` = 36L, `5` = 26L, `6` = 25L, `7` = 18L, 
    `8` = 18L, `9` = 19L, `10` = 17L, `11` = 17L, `12` = 12L, 
    `13` = 12L, `14` = 7L, `15` = 4L, `16` = 6L, `17` = 12L, 
    `18` = 9L, `19` = 3L, `20` = 6L, `21` = 5L, `22` = 5L, `23` = 9L, 
    `24` = 5L, `26` = 3L, `27` = 2L, `28` = 1L, `31` = 3L, `32` = 2L, 
    `33` = 2L, `34` = 2L, `35` = 2L, `37` = 1L, `40` = 2L, `43` = 1L, 
    `50` = 2L, `54` = 1L, `65` = 1L), .Dim = 38L, .Dimnames = list(
        TagUsage = c("1", "2", "3", "4", "5", "6", "7", "8", 
        "9", "10", "11", "12", "13", "14", "15", "16", "17", 
        "18", "19", "20", "21", "22", "23", "24", "26", "27", 
        "28", "31", "32", "33", "34", "35", "37", "40", "43", 
        "50", "54", "65")), class = "table"), No.Tag = structure(c(0L, 
    0L, 0L, 0L, 0L, 0L, 0L, 0L, 0L, 0L, 0L, 3L, 48L, 0L, 0L, 
    0L, 1L, 1L, 0L, 0L), .Dim = 5:4, .Dimnames = structure(list(
        c("-2", "-1", "0", "1", NA), c("A", "C", "T", NA)), .Names = c("", 
    "")), class = "table"), All.Tags = list(Concordant = list(
        Freqs = structure(c(0, 0, 0, 0, 0, 0, 1, 0, 0, 9, 294, 
        2), .Dim = 4:3, .Dimnames = list(c("-2", "-1", "0", "1"
        ), c("A", "C", "T"))), N = 306), Majority = list(Freqs = structure(c(0, 
    0, 0, 0, 0, 0, 1, 0, 0, 14, 450, 2), .Dim = 4:3, .Dimnames = list(
        c("-2", "-1", "0", "1"), c("A", "C", "T"))), N = 467)), 
    `2` = structure(c(0, 0, 0, 0, 0, 0, 0, 0, 0, 7, 368, 0), .Dim = 4:3, .Dimnames = list(
        c("-2", "-1", "0", "1"), c("A", "C", "T"))))))
