Results <-
list(`bwa.out//20220204//BlindCMMRD43_S3.sam` = list(GM01_SNP1 = list(
    All = list(Freqs = structure(c(1L, 66L, 5132L, 20L, 7L, 0L, 
    0L, 12L, 0L, 0L, 0L, 0L, 41L, 1L, 0L), .Dim = c(5L, 3L), .Dimnames = structure(list(
        c("-2", "-1", "0", "1", NA), c("A", "G", NA)), .Names = c("", 
    "")), class = "table"), N = 5280L), Tag.Distribution = structure(c(`1` = 106L, 
    `2` = 51L, `3` = 34L, `4` = 35L, `5` = 33L, `6` = 17L, `7` = 24L, 
    `8` = 22L, `9` = 19L, `10` = 16L, `11` = 17L, `12` = 21L, 
    `13` = 10L, `14` = 11L, `15` = 11L, `16` = 10L, `17` = 10L, 
    `18` = 10L, `19` = 9L, `20` = 12L, `21` = 5L, `22` = 11L, 
    `23` = 9L, `24` = 5L, `26` = 3L, `27` = 8L, `28` = 1L, `29` = 4L, 
    `30` = 3L, `31` = 4L, `32` = 4L, `33` = 3L, `34` = 3L, `36` = 1L, 
    `37` = 1L, `39` = 1L, `43` = 1L, `49` = 2L, `79` = 1L), .Dim = 39L, .Dimnames = list(
        TagUsage = c("1", "2", "3", "4", "5", "6", "7", "8", 
        "9", "10", "11", "12", "13", "14", "15", "16", "17", 
        "18", "19", "20", "21", "22", "23", "24", "26", "27", 
        "28", "29", "30", "31", "32", "33", "34", "36", "37", 
        "39", "43", "49", "79")), class = "table"), No.Tag = structure(c(0L, 
    1L, 88L, 0L, 0L, 0L, 0L, 0L, 0L, 0L, 0L, 0L, 3L, 0L, 0L), .Dim = c(5L, 
    3L), .Dimnames = structure(list(c("-2", "-1", "0", "1", NA
    ), c("A", "G", NA)), .Names = c("", "")), class = "table"), 
    All.Tags = list(Concordant = list(Freqs = structure(c(0, 
    1, 476, 2, 0, 0, 10, 0), .Dim = c(4L, 2L), .Dimnames = list(
        c("-2", "-1", "0", "1"), c("A", "G"))), N = 489), Majority = list(
        Freqs = structure(c(0, 1, 531, 2, 0, 0, 10, 0), .Dim = c(4L, 
        2L), .Dimnames = list(c("-2", "-1", "0", "1"), c("A", 
        "G"))), N = 544)), `2` = structure(c(0, 1, 438, 1, 0, 
    0, 0, 0), .Dim = c(4L, 2L), .Dimnames = list(c("-2", "-1", 
    "0", "1"), c("A", "G"))))))
