Results <-
list(`bwa.out//20220204//BlindCMMRD92_S51.sam` = list(LR17_SNP1 = list(
    All = list(Freqs = structure(c(2L, 4L, 121L, 3343L, 31L, 
    18L, 0L, 0L, 0L, 2L, 0L, 0L, 0L, 0L, 2L, 126L, 0L, 0L), .Dim = c(6L, 
    3L), .Dimnames = structure(list(c("-3", "-2", "-1", "0", 
    "1", NA), c("A", "G", NA)), .Names = c("", "")), class = "table"), 
        N = 3649L), Tag.Distribution = structure(c(`1` = 66L, 
    `2` = 19L, `3` = 20L, `4` = 21L, `5` = 15L, `6` = 16L, `7` = 12L, 
    `8` = 18L, `9` = 15L, `10` = 12L, `11` = 9L, `12` = 6L, `13` = 7L, 
    `14` = 9L, `15` = 7L, `16` = 8L, `17` = 8L, `18` = 12L, `19` = 5L, 
    `20` = 8L, `21` = 9L, `22` = 8L, `23` = 5L, `24` = 3L, `25` = 7L, 
    `26` = 4L, `27` = 4L, `28` = 3L, `29` = 1L, `30` = 2L, `33` = 2L, 
    `34` = 2L, `40` = 1L, `41` = 3L, `50` = 1L), .Dim = 35L, .Dimnames = list(
        TagUsage = c("1", "2", "3", "4", "5", "6", "7", "8", 
        "9", "10", "11", "12", "13", "14", "15", "16", "17", 
        "18", "19", "20", "21", "22", "23", "24", "25", "26", 
        "27", "28", "29", "30", "33", "34", "40", "41", "50")), class = "table"), 
    No.Tag = structure(c(0L, 0L, 2L, 57L, 0L, 0L, 0L, 0L, 0L, 
    0L, 0L, 0L, 0L, 0L, 0L, 1L, 0L, 0L), .Dim = c(6L, 3L), .Dimnames = structure(list(
        c("-3", "-2", "-1", "0", "1", NA), c("A", "G", NA)), .Names = c("", 
    "")), class = "table"), All.Tags = list(Concordant = list(
        Freqs = structure(c(0, 1, 2, 234, 1, 0, 0, 0, 0, 0), .Dim = c(5L, 
        2L), .Dimnames = list(c("-3", "-2", "-1", "0", "1"), 
            c("A", "G"))), N = 238), Majority = list(Freqs = structure(c(0, 
    1, 3, 336, 1, 0, 0, 0, 0, 0), .Dim = c(5L, 2L), .Dimnames = list(
        c("-3", "-2", "-1", "0", "1"), c("A", "G"))), N = 341)), 
    `2` = structure(c(0, 0, 2, 277, 0, 0, 0, 0, 0, 0), .Dim = c(5L, 
    2L), .Dimnames = list(c("-3", "-2", "-1", "0", "1"), c("A", 
    "G"))))))
