Results <-
list(`bwa.out//20220204//BlindCMMRD68_S27.sam` = list(GM14_SNP1 = list(
    All = list(Freqs = structure(c(0L, 0L, 1L, 0L, 0L, 1L, 98L, 
    2661L, 15L, 5L, 0L, 0L, 1L, 0L, 0L, 0L, 0L, 23L, 0L, 0L), .Dim = 5:4, .Dimnames = structure(list(
        c("-2", "-1", "0", "1", NA), c("A", "C", "T", NA)), .Names = c("", 
    "")), class = "table"), N = 2805L), Tag.Distribution = structure(c(`1` = 60L, 
    `2` = 26L, `3` = 37L, `4` = 27L, `5` = 23L, `6` = 28L, `7` = 16L, 
    `8` = 15L, `9` = 15L, `10` = 17L, `11` = 14L, `12` = 13L, 
    `13` = 12L, `14` = 8L, `15` = 9L, `16` = 9L, `17` = 8L, `18` = 1L, 
    `19` = 3L, `20` = 2L, `21` = 3L, `22` = 5L, `23` = 4L, `24` = 2L, 
    `25` = 2L, `26` = 2L, `27` = 1L, `36` = 1L), .Dim = 28L, .Dimnames = list(
        TagUsage = c("1", "2", "3", "4", "5", "6", "7", "8", 
        "9", "10", "11", "12", "13", "14", "15", "16", "17", 
        "18", "19", "20", "21", "22", "23", "24", "25", "26", 
        "27", "36")), class = "table"), No.Tag = structure(c(0L, 
    0L, 0L, 0L, 0L, 0L, 1L, 63L, 0L, 0L, 0L, 0L, 0L, 0L, 0L, 
    0L, 0L, 4L, 0L, 0L), .Dim = 5:4, .Dimnames = structure(list(
        c("-2", "-1", "0", "1", NA), c("A", "C", "T", NA)), .Names = c("", 
    "")), class = "table"), All.Tags = list(Concordant = list(
        Freqs = structure(c(0, 0, 0, 0, 0, 1, 281, 1, 0, 0, 0, 
        0), .Dim = 4:3, .Dimnames = list(c("-2", "-1", "0", "1"
        ), c("A", "C", "T"))), N = 283), Majority = list(Freqs = structure(c(0, 
    0, 0, 0, 0, 3, 351, 1, 0, 0, 0, 0), .Dim = 4:3, .Dimnames = list(
        c("-2", "-1", "0", "1"), c("A", "C", "T"))), N = 355)), 
    `2` = structure(c(0, 0, 0, 0, 0, 2, 297, 0, 0, 0, 0, 0), .Dim = 4:3, .Dimnames = list(
        c("-2", "-1", "0", "1"), c("A", "C", "T"))))))
