Results <-
list(`bwa.out//20220204//Control17_S10.sam` = list(GM29_SNP1 = list(
    All = list(Freqs = structure(c(0L, 13L, 1137L, 0L, 3L, 1L, 
    16L, 1418L, 4L, 4L, 0L, 1L, 12L, 0L, 0L), .Dim = c(5L, 3L
    ), .Dimnames = structure(list(c("-2", "-1", "0", "1", NA), 
        c("A", "G", NA)), .Names = c("", "")), class = "table"), 
        N = 2609L), Tag.Distribution = structure(c(`1` = 93L, 
    `2` = 48L, `3` = 49L, `4` = 28L, `5` = 30L, `6` = 28L, `7` = 17L, 
    `8` = 16L, `9` = 17L, `10` = 15L, `11` = 12L, `12` = 10L, 
    `13` = 5L, `14` = 5L, `15` = 6L, `16` = 3L, `17` = 3L, `18` = 6L, 
    `19` = 3L, `22` = 3L, `23` = 1L, `24` = 1L, `25` = 1L, `26` = 2L, 
    `27` = 2L, `28` = 2L, `29` = 2L, `31` = 1L, `34` = 1L, `42` = 1L
    ), .Dim = 30L, .Dimnames = list(TagUsage = c("1", "2", "3", 
    "4", "5", "6", "7", "8", "9", "10", "11", "12", "13", "14", 
    "15", "16", "17", "18", "19", "22", "23", "24", "25", "26", 
    "27", "28", "29", "31", "34", "42")), class = "table"), No.Tag = structure(c(0L, 
    1L, 50L, 0L, 0L, 0L, 0L, 35L, 0L, 0L, 0L, 0L, 1L, 0L, 0L), .Dim = c(5L, 
    3L), .Dimnames = structure(list(c("-2", "-1", "0", "1", NA
    ), c("A", "G", NA)), .Names = c("", "")), class = "table"), 
    All.Tags = list(Concordant = list(Freqs = structure(c(0, 
    0, 172, 0, 0, 1, 188, 0), .Dim = c(4L, 2L), .Dimnames = list(
        c("-2", "-1", "0", "1"), c("A", "G"))), N = 361), Majority = list(
        Freqs = structure(c(0, 0, 190, 0, 0, 2, 212, 0), .Dim = c(4L, 
        2L), .Dimnames = list(c("-2", "-1", "0", "1"), c("A", 
        "G"))), N = 404)), `2` = structure(c(0, 0, 137, 0, 0, 
    1, 177, 0), .Dim = c(4L, 2L), .Dimnames = list(c("-2", "-1", 
    "0", "1"), c("A", "G"))))))
