Results <-
list(`bwa.out//20220204//BlindCMMRD80_S39.sam` = list(GM17_SNP1 = list(
    All = list(Freqs = structure(c(0L, 1L, 3L, 0L, 0L, 1L, 60L, 
    4338L, 15L, 2L, 0L, 0L, 20L, 0L, 0L), .Dim = c(5L, 3L), .Dimnames = structure(list(
        c("-2", "-1", "0", "1", NA), c("C", "T", NA)), .Names = c("", 
    "")), class = "table"), N = 4440L), Tag.Distribution = structure(c(`1` = 107L, 
    `2` = 58L, `3` = 52L, `4` = 61L, `5` = 31L, `6` = 28L, `7` = 37L, 
    `8` = 24L, `9` = 35L, `10` = 23L, `11` = 17L, `12` = 17L, 
    `13` = 14L, `14` = 13L, `15` = 12L, `16` = 7L, `17` = 12L, 
    `18` = 9L, `19` = 7L, `20` = 7L, `21` = 6L, `22` = 6L, `23` = 6L, 
    `25` = 5L, `26` = 2L, `29` = 2L, `30` = 1L, `31` = 2L, `32` = 1L
    ), .Dim = 29L, .Dimnames = list(TagUsage = c("1", "2", "3", 
    "4", "5", "6", "7", "8", "9", "10", "11", "12", "13", "14", 
    "15", "16", "17", "18", "19", "20", "21", "22", "23", "25", 
    "26", "29", "30", "31", "32")), class = "table"), No.Tag = structure(c(0L, 
    0L, 0L, 0L, 0L, 0L, 1L, 53L, 2L, 0L, 0L, 0L, 1L, 0L, 0L), .Dim = c(5L, 
    3L), .Dimnames = structure(list(c("-2", "-1", "0", "1", NA
    ), c("C", "T", NA)), .Names = c("", "")), class = "table"), 
    All.Tags = list(Concordant = list(Freqs = structure(c(0, 
    1, 2, 0, 0, 4, 536, 0), .Dim = c(4L, 2L), .Dimnames = list(
        c("-2", "-1", "0", "1"), c("C", "T"))), N = 543), Majority = list(
        Freqs = structure(c(0, 1, 2, 0, 0, 5, 592, 0), .Dim = c(4L, 
        2L), .Dimnames = list(c("-2", "-1", "0", "1"), c("C", 
        "T"))), N = 600)), `2` = structure(c(0, 0, 0, 0, 0, 1, 
    493, 0), .Dim = c(4L, 2L), .Dimnames = list(c("-2", "-1", 
    "0", "1"), c("C", "T"))))))
