Results <-
list(`bwa.out//20220204//BlindCMMRD114_S40.sam` = list(LR11_SNP1 = list(
    All = list(Freqs = structure(c(0L, 0L, 4L, 0L, 1L, 4L, 85L, 
    4419L, 26L, 22L, 0L, 0L, 41L, 1L, 0L), .Dim = c(5L, 3L), .Dimnames = structure(list(
        c("-2", "-1", "0", "1", NA), c("A", "C", NA)), .Names = c("", 
    "")), class = "table"), N = 4603L), Tag.Distribution = structure(c(`1` = 88L, 
    `2` = 74L, `3` = 96L, `4` = 69L, `5` = 63L, `6` = 71L, `7` = 48L, 
    `8` = 52L, `9` = 44L, `10` = 25L, `11` = 28L, `12` = 32L, 
    `13` = 12L, `14` = 9L, `15` = 14L, `16` = 6L, `17` = 5L, 
    `18` = 2L, `19` = 1L, `20` = 2L, `22` = 1L, `23` = 1L, `24` = 2L, 
    `25` = 1L), .Dim = 24L, .Dimnames = list(TagUsage = c("1", 
    "2", "3", "4", "5", "6", "7", "8", "9", "10", "11", "12", 
    "13", "14", "15", "16", "17", "18", "19", "20", "22", "23", 
    "24", "25")), class = "table"), No.Tag = structure(c(0L, 
    0L, 1L, 0L, 0L, 0L, 0L, 79L, 0L, 1L, 0L, 0L, 5L, 0L, 0L), .Dim = c(5L, 
    3L), .Dimnames = structure(list(c("-2", "-1", "0", "1", NA
    ), c("A", "C", NA)), .Names = c("", "")), class = "table"), 
    All.Tags = list(Concordant = list(Freqs = structure(c(0, 
    0, 2, 0, 0, 2, 646, 0), .Dim = c(4L, 2L), .Dimnames = list(
        c("-2", "-1", "0", "1"), c("A", "C"))), N = 650), Majority = list(
        Freqs = structure(c(0, 0, 2, 0, 0, 3, 730, 0), .Dim = c(4L, 
        2L), .Dimnames = list(c("-2", "-1", "0", "1"), c("A", 
        "C"))), N = 735)), `2` = structure(c(0, 0, 0, 0, 0, 2, 
    653, 0), .Dim = c(4L, 2L), .Dimnames = list(c("-2", "-1", 
    "0", "1"), c("A", "C"))))))
