Results <-
list(`bwa.out//20220204//BlindCMMRD111_S37.sam` = list(GM01_SNP1 = list(
    All = list(Freqs = structure(c(94L, 6158L, 19L, 25L, 0L, 
    23L, 0L, 0L, 0L, 1L, 0L, 0L, 2L, 42L, 0L, 0L), .Dim = c(4L, 
    4L), .Dimnames = structure(list(c("-1", "0", "1", NA), c("A", 
    "G", "T", NA)), .Names = c("", "")), class = "table"), N = 6364L), 
    Tag.Distribution = structure(c(`1` = 300L, `2` = 242L, `3` = 219L, 
    `4` = 168L, `5` = 142L, `6` = 113L, `7` = 76L, `8` = 66L, 
    `9` = 33L, `10` = 29L, `11` = 16L, `12` = 23L, `13` = 13L, 
    `14` = 4L, `15` = 8L, `16` = 7L, `17` = 4L, `18` = 2L, `20` = 1L, 
    `21` = 1L, `23` = 1L, `27` = 1L, `29` = 1L), .Dim = 23L, .Dimnames = list(
        TagUsage = c("1", "2", "3", "4", "5", "6", "7", "8", 
        "9", "10", "11", "12", "13", "14", "15", "16", "17", 
        "18", "20", "21", "23", "27", "29")), class = "table"), 
    No.Tag = structure(c(2L, 76L, 0L, 0L, 0L, 2L, 0L, 0L, 0L, 
    0L, 0L, 0L, 0L, 3L, 0L, 0L), .Dim = c(4L, 4L), .Dimnames = structure(list(
        c("-1", "0", "1", NA), c("A", "G", "T", NA)), .Names = c("", 
    "")), class = "table"), All.Tags = list(Concordant = list(
        Freqs = structure(c(4, 1341, 1, 0, 9, 0, 0, 0, 0), .Dim = c(3L, 
        3L), .Dimnames = list(c("-1", "0", "1"), c("A", "G", 
        "T"))), N = 1355), Majority = list(Freqs = structure(c(4, 
    1435, 1, 0, 9, 0, 0, 0, 0), .Dim = c(3L, 3L), .Dimnames = list(
        c("-1", "0", "1"), c("A", "G", "T"))), N = 1449)), `2` = structure(c(0, 
    1155, 0, 0, 1, 0, 0, 0, 0), .Dim = c(3L, 3L), .Dimnames = list(
        c("-1", "0", "1"), c("A", "G", "T"))))))
