Results <-
list(`bwa.out//20220204//17D1098_S3.sam` = list(GM22_SNP1 = list(
    All = list(Freqs = structure(c(1L, 50L, 3827L, 19L, 14L, 
    0L, 0L, 1L, 0L, 0L, 0L, 1L, 49L, 0L, 0L), .Dim = c(5L, 3L
    ), .Dimnames = structure(list(c("-3", "-1", "0", "1", NA), 
        c("A", "G", NA)), .Names = c("", "")), class = "table"), 
        N = 3962L), Tag.Distribution = structure(c(`1` = 222L, 
    `2` = 106L, `3` = 88L, `4` = 68L, `5` = 48L, `6` = 37L, `7` = 31L, 
    `8` = 32L, `9` = 28L, `10` = 21L, `11` = 17L, `12` = 26L, 
    `13` = 12L, `14` = 15L, `15` = 11L, `16` = 10L, `17` = 2L, 
    `18` = 5L, `19` = 1L, `20` = 2L, `22` = 1L, `26` = 1L, `27` = 1L, 
    `31` = 1L), .Dim = 24L, .Dimnames = list(TagUsage = c("1", 
    "2", "3", "4", "5", "6", "7", "8", "9", "10", "11", "12", 
    "13", "14", "15", "16", "17", "18", "19", "20", "22", "26", 
    "27", "31")), class = "table"), No.Tag = structure(c(0L, 
    1L, 107L, 1L, 2L, 0L, 0L, 0L, 0L, 0L, 0L, 0L, 5L, 0L, 0L), .Dim = c(5L, 
    3L), .Dimnames = structure(list(c("-3", "-1", "0", "1", NA
    ), c("A", "G", NA)), .Names = c("", "")), class = "table"), 
    All.Tags = list(Concordant = list(Freqs = structure(c(0, 
    3, 715, 1, 0, 0, 0, 0), .Dim = c(4L, 2L), .Dimnames = list(
        c("-3", "-1", "0", "1"), c("A", "G"))), N = 719), Majority = list(
        Freqs = structure(c(0, 4, 771, 1, 0, 0, 0, 0), .Dim = c(4L, 
        2L), .Dimnames = list(c("-3", "-1", "0", "1"), c("A", 
        "G"))), N = 776)), `2` = structure(c(0, 2, 559, 0, 0, 
    0, 0, 0), .Dim = c(4L, 2L), .Dimnames = list(c("-3", "-1", 
    "0", "1"), c("A", "G"))))))
