Results <-
list(`bwa.out//20220204//17D0944_S7.sam` = list(GM01_SNP1 = list(
    All = list(Freqs = structure(c(0L, 0L, 0L, 9L, 0L, 0L, 1L, 
    1L, 84L, 5517L, 14L, 9L, 0L, 0L, 0L, 63L, 0L, 0L), .Dim = c(6L, 
    3L), .Dimnames = structure(list(c("-3", "-2", "-1", "0", 
    "1", NA), c("A", "G", NA)), .Names = c("", "")), class = "table"), 
        N = 5698L), Tag.Distribution = structure(c(`1` = 121L, 
    `2` = 44L, `3` = 42L, `4` = 48L, `5` = 35L, `6` = 29L, `7` = 32L, 
    `8` = 32L, `9` = 22L, `10` = 20L, `11` = 20L, `12` = 14L, 
    `13` = 20L, `14` = 15L, `15` = 10L, `16` = 12L, `17` = 10L, 
    `18` = 12L, `19` = 12L, `20` = 9L, `21` = 7L, `22` = 9L, 
    `23` = 7L, `24` = 3L, `25` = 3L, `26` = 5L, `27` = 4L, `28` = 3L, 
    `29` = 1L, `30` = 5L, `33` = 3L, `34` = 2L, `35` = 3L, `37` = 1L, 
    `43` = 1L, `44` = 1L, `45` = 1L, `47` = 1L, `51` = 1L, `60` = 1L, 
    `67` = 1L, `76` = 1L), .Dim = 42L, .Dimnames = list(TagUsage = c("1", 
    "2", "3", "4", "5", "6", "7", "8", "9", "10", "11", "12", 
    "13", "14", "15", "16", "17", "18", "19", "20", "21", "22", 
    "23", "24", "25", "26", "27", "28", "29", "30", "33", "34", 
    "35", "37", "43", "44", "45", "47", "51", "60", "67", "76"
    )), class = "table"), No.Tag = structure(c(0L, 0L, 0L, 0L, 
    0L, 0L, 0L, 0L, 1L, 47L, 1L, 0L, 0L, 0L, 0L, 5L, 0L, 0L), .Dim = c(6L, 
    3L), .Dimnames = structure(list(c("-3", "-2", "-1", "0", 
    "1", NA), c("A", "G", NA)), .Names = c("", "")), class = "table"), 
    All.Tags = list(Concordant = list(Freqs = structure(c(0, 
    0, 0, 7, 0, 0, 0, 5, 527, 1), .Dim = c(5L, 2L), .Dimnames = list(
        c("-3", "-2", "-1", "0", "1"), c("A", "G"))), N = 540), 
        Majority = list(Freqs = structure(c(0, 0, 0, 7, 0, 0, 
        0, 5, 602, 1), .Dim = c(5L, 2L), .Dimnames = list(c("-3", 
        "-2", "-1", "0", "1"), c("A", "G"))), N = 615)), `2` = structure(c(0, 
    0, 0, 0, 0, 0, 0, 1, 500, 0), .Dim = c(5L, 2L), .Dimnames = list(
        c("-3", "-2", "-1", "0", "1"), c("A", "G"))))))
