Results <-
list(`bwa.out//20220204//Control25_S18.sam` = list(LR24_SNP1 = list(
    All = list(Freqs = structure(c(6L, 935L, 0L, 1L, 2L, 1222L, 
    1L, 0L, 0L, 5L, 0L, 0L), .Dim = 4:3, .Dimnames = structure(list(
        c("-1", "0", "1", NA), c("A", "G", NA)), .Names = c("", 
    "")), class = "table"), N = 2172L), Tag.Distribution = structure(c(`1` = 90L, 
    `2` = 65L, `3` = 43L, `4` = 42L, `5` = 33L, `6` = 39L, `7` = 17L, 
    `8` = 16L, `9` = 17L, `10` = 18L, `11` = 9L, `12` = 4L, `13` = 3L, 
    `14` = 7L, `15` = 4L, `16` = 2L, `17` = 4L, `18` = 2L, `19` = 1L, 
    `20` = 1L, `21` = 2L, `22` = 1L, `23` = 1L, `25` = 1L), .Dim = 24L, .Dimnames = list(
        TagUsage = c("1", "2", "3", "4", "5", "6", "7", "8", 
        "9", "10", "11", "12", "13", "14", "15", "16", "17", 
        "18", "19", "20", "21", "22", "23", "25")), class = "table"), 
    No.Tag = structure(c(0L, 24L, 0L, 0L, 0L, 21L, 0L, 0L, 0L, 
    0L, 0L, 0L), .Dim = 4:3, .Dimnames = structure(list(c("-1", 
    "0", "1", NA), c("A", "G", NA)), .Names = c("", "")), class = "table"), 
    All.Tags = list(Concordant = list(Freqs = structure(c(0, 
    182, 0, 0, 216, 0), .Dim = 3:2, .Dimnames = list(c("-1", 
    "0", "1"), c("A", "G"))), N = 398), Majority = list(Freqs = structure(c(0, 
    194, 0, 0, 225, 0), .Dim = 3:2, .Dimnames = list(c("-1", 
    "0", "1"), c("A", "G"))), N = 419)), `2` = structure(c(0, 
    156, 0, 0, 175, 0), .Dim = 3:2, .Dimnames = list(c("-1", 
    "0", "1"), c("A", "G"))))))
