Results <-
list(`bwa.out//20220204//BlindCMMRD41_S1.sam` = list(LR10_SNP1 = list(
    All = list(Freqs = structure(c(0L, 0L, 1L, 0L, 0L, 0L, 40L, 
    1972L, 10L, 5L, 1L, 32L, 2107L, 22L, 3L, 0L, 0L, 34L, 2L, 
    0L), .Dim = 5:4, .Dimnames = structure(list(c("-3", "-1", 
    "0", "1", NA), c("-", "C", "T", NA)), .Names = c("", "")), class = "table"), 
        N = 4229L), Tag.Distribution = structure(c(`1` = 108L, 
    `2` = 28L, `3` = 15L, `4` = 9L, `5` = 12L, `6` = 7L, `7` = 9L, 
    `8` = 11L, `9` = 13L, `10` = 7L, `11` = 9L, `12` = 5L, `13` = 14L, 
    `14` = 12L, `15` = 8L, `16` = 2L, `17` = 5L, `18` = 8L, `19` = 4L, 
    `20` = 4L, `21` = 4L, `22` = 6L, `23` = 2L, `24` = 4L, `25` = 5L, 
    `26` = 4L, `28` = 5L, `29` = 4L, `30` = 3L, `31` = 4L, `32` = 2L, 
    `33` = 1L, `34` = 1L, `35` = 2L, `36` = 1L, `37` = 1L, `38` = 2L, 
    `40` = 1L, `41` = 3L, `42` = 2L, `45` = 1L, `46` = 1L, `47` = 1L, 
    `49` = 4L, `50` = 1L, `51` = 1L, `52` = 1L, `53` = 3L, `60` = 1L
    ), .Dim = 49L, .Dimnames = list(TagUsage = c("1", "2", "3", 
    "4", "5", "6", "7", "8", "9", "10", "11", "12", "13", "14", 
    "15", "16", "17", "18", "19", "20", "21", "22", "23", "24", 
    "25", "26", "28", "29", "30", "31", "32", "33", "34", "35", 
    "36", "37", "38", "40", "41", "42", "45", "46", "47", "49", 
    "50", "51", "52", "53", "60")), class = "table"), No.Tag = structure(c(0L, 
    0L, 0L, 0L, 0L, 0L, 2L, 41L, 1L, 0L, 0L, 2L, 89L, 0L, 1L, 
    0L, 0L, 2L, 0L, 0L), .Dim = 5:4, .Dimnames = structure(list(
        c("-3", "-1", "0", "1", NA), c("-", "C", "T", NA)), .Names = c("", 
    "")), class = "table"), All.Tags = list(Concordant = list(
        Freqs = structure(c(0, 0, 0, 0, 0, 0, 132, 0, 0, 2, 156, 
        0), .Dim = 4:3, .Dimnames = list(c("-3", "-1", "0", "1"
        ), c("-", "C", "T"))), N = 290), Majority = list(Freqs = structure(c(0, 
    0, 0, 0, 0, 0, 167, 0, 0, 2, 180, 1), .Dim = 4:3, .Dimnames = list(
        c("-3", "-1", "0", "1"), c("-", "C", "T"))), N = 350)), 
    `2` = structure(c(0, 0, 0, 0, 0, 0, 121, 0, 0, 2, 125, 1), .Dim = 4:3, .Dimnames = list(
        c("-3", "-1", "0", "1"), c("-", "C", "T"))))))
