Results <-
list(`bwa.out//20220204//BlindCMMRD77_S36.sam` = list(GM17_SNP1 = list(
    All = list(Freqs = structure(c(16L, 1838L, 6L, 21L, 1836L, 
    5L, 0L, 32L, 0L), .Dim = c(3L, 3L), .Dimnames = structure(list(
        c("-1", "0", "1"), c("C", "T", NA)), .Names = c("", ""
    )), class = "table"), N = 3754L), Tag.Distribution = structure(c(`1` = 119L, 
    `2` = 65L, `3` = 49L, `4` = 34L, `5` = 30L, `6` = 23L, `7` = 36L, 
    `8` = 20L, `9` = 24L, `10` = 15L, `11` = 13L, `12` = 14L, 
    `13` = 16L, `14` = 14L, `15` = 12L, `16` = 14L, `17` = 5L, 
    `18` = 8L, `19` = 3L, `20` = 6L, `21` = 3L, `22` = 5L, `23` = 1L, 
    `24` = 4L, `25` = 3L, `26` = 3L, `27` = 1L, `28` = 2L, `29` = 1L, 
    `30` = 1L), .Dim = 30L, .Dimnames = list(TagUsage = c("1", 
    "2", "3", "4", "5", "6", "7", "8", "9", "10", "11", "12", 
    "13", "14", "15", "16", "17", "18", "19", "20", "21", "22", 
    "23", "24", "25", "26", "27", "28", "29", "30")), class = "table"), 
    No.Tag = structure(c(0L, 22L, 0L, 0L, 0L, 16L, 0L, 0L, 0L, 
    6L, 0L, 0L), .Dim = 4:3, .Dimnames = structure(list(c("-1", 
    "0", "1", NA), c("C", "T", NA)), .Names = c("", "")), class = "table"), 
    All.Tags = list(Concordant = list(Freqs = structure(c(1, 
    244, 0, 2, 232, 0), .Dim = 3:2, .Dimnames = list(c("-1", 
    "0", "1"), c("C", "T"))), N = 479), Majority = list(Freqs = structure(c(1, 
    268, 0, 2, 263, 0), .Dim = 3:2, .Dimnames = list(c("-1", 
    "0", "1"), c("C", "T"))), N = 534)), `2` = structure(c(0, 
    213, 0, 0, 207, 0), .Dim = 3:2, .Dimnames = list(c("-1", 
    "0", "1"), c("C", "T"))))))
