Results <-
list(`bwa.out//20220204//Control19_S12.sam` = list(GM11_SNP1 = list(
    All = list(Freqs = structure(c(12L, 3154L, 8L, 1L, 0L, 1L, 
    0L, 0L, 0L, 31L, 3L, 0L), .Dim = 4:3, .Dimnames = structure(list(
        c("-1", "0", "1", NA), c("A", "G", NA)), .Names = c("", 
    "")), class = "table"), N = 3210L), Tag.Distribution = structure(c(`1` = 112L, 
    `2` = 61L, `3` = 51L, `4` = 46L, `5` = 34L, `6` = 28L, `7` = 24L, 
    `8` = 24L, `9` = 24L, `10` = 12L, `11` = 15L, `12` = 8L, 
    `13` = 10L, `14` = 12L, `15` = 6L, `16` = 3L, `17` = 8L, 
    `18` = 5L, `19` = 7L, `20` = 2L, `21` = 2L, `22` = 2L, `23` = 2L, 
    `24` = 2L, `25` = 1L, `26` = 1L, `31` = 1L, `32` = 1L, `33` = 1L, 
    `34` = 1L, `41` = 2L), .Dim = 31L, .Dimnames = list(TagUsage = c("1", 
    "2", "3", "4", "5", "6", "7", "8", "9", "10", "11", "12", 
    "13", "14", "15", "16", "17", "18", "19", "20", "21", "22", 
    "23", "24", "25", "26", "31", "32", "33", "34", "41")), class = "table"), 
    No.Tag = structure(c(0L, 62L, 0L, 0L, 0L, 0L, 0L, 0L, 0L, 
    4L, 0L, 0L), .Dim = 4:3, .Dimnames = structure(list(c("-1", 
    "0", "1", NA), c("A", "G", NA)), .Names = c("", "")), class = "table"), 
    All.Tags = list(Concordant = list(Freqs = structure(c(1, 
    486, 0, 0, 1, 0), .Dim = 3:2, .Dimnames = list(c("-1", "0", 
    "1"), c("A", "G"))), N = 488), Majority = list(Freqs = structure(c(1, 
    500, 0, 0, 1, 0), .Dim = 3:2, .Dimnames = list(c("-1", "0", 
    "1"), c("A", "G"))), N = 502)), `2` = structure(c(1, 393, 
    0, 0, 0, 0), .Dim = 3:2, .Dimnames = list(c("-1", "0", "1"
    ), c("A", "G"))))))
