Results <-
list(`bwa.out//20220204//BlindCMMRD65_S24.sam` = list(GM01_SNP1 = list(
    All = list(Freqs = structure(c(60L, 3062L, 14L, 3L, 38L, 
    3088L, 8L, 5L, 0L, 2L, 0L, 0L, 1L, 69L, 0L, 0L), .Dim = c(4L, 
    4L), .Dimnames = structure(list(c("-1", "0", "1", NA), c("A", 
    "G", "T", NA)), .Names = c("", "")), class = "table"), N = 6350L), 
    Tag.Distribution = structure(c(`1` = 151L, `2` = 102L, `3` = 59L, 
    `4` = 62L, `5` = 70L, `6` = 53L, `7` = 48L, `8` = 34L, `9` = 40L, 
    `10` = 34L, `11` = 25L, `12` = 25L, `13` = 31L, `14` = 25L, 
    `15` = 23L, `16` = 19L, `17` = 11L, `18` = 11L, `19` = 12L, 
    `20` = 5L, `21` = 3L, `22` = 5L, `23` = 4L, `24` = 1L, `26` = 3L, 
    `27` = 1L, `28` = 3L, `29` = 1L, `30` = 1L, `32` = 3L, `33` = 1L, 
    `36` = 1L, `38` = 1L), .Dim = 33L, .Dimnames = list(TagUsage = c("1", 
    "2", "3", "4", "5", "6", "7", "8", "9", "10", "11", "12", 
    "13", "14", "15", "16", "17", "18", "19", "20", "21", "22", 
    "23", "24", "26", "27", "28", "29", "30", "32", "33", "36", 
    "38")), class = "table"), No.Tag = structure(c(3L, 53L, 0L, 
    0L, 3L, 97L, 0L, 0L, 0L, 0L, 0L, 0L, 0L, 8L, 0L, 0L), .Dim = c(4L, 
    4L), .Dimnames = structure(list(c("-1", "0", "1", NA), c("A", 
    "G", "T", NA)), .Names = c("", "")), class = "table"), All.Tags = list(
        Concordant = list(Freqs = structure(c(3, 371, 1, 1, 351, 
        0, 0, 0, 0), .Dim = c(3L, 3L), .Dimnames = list(c("-1", 
        "0", "1"), c("A", "G", "T"))), N = 727), Majority = list(
            Freqs = structure(c(3, 434, 1, 1, 415, 0, 0, 0, 0
            ), .Dim = c(3L, 3L), .Dimnames = list(c("-1", "0", 
            "1"), c("A", "G", "T"))), N = 854)), `2` = structure(c(1, 
    349, 1, 1, 356, 0, 0, 0, 0), .Dim = c(3L, 3L), .Dimnames = list(
        c("-1", "0", "1"), c("A", "G", "T"))))))
