Results <-
list(`bwa.out//20220204//BlindCMMRD70_S29.sam` = list(GM01_SNP1 = list(
    All = list(Freqs = structure(c(0L, 0L, 1L, 0L, 0L, 0L, 37L, 
    3390L, 5L, 5L, 2L, 42L, 3755L, 14L, 11L, 0L, 1L, 80L, 2L, 
    0L), .Dim = 5:4, .Dimnames = structure(list(c("-2", "-1", 
    "0", "1", NA), c("-", "A", "G", NA)), .Names = c("", "")), class = "table"), 
        N = 7345L), Tag.Distribution = structure(c(`1` = 130L, 
    `2` = 52L, `3` = 46L, `4` = 40L, `5` = 37L, `6` = 38L, `7` = 37L, 
    `8` = 27L, `9` = 25L, `10` = 32L, `11` = 20L, `12` = 19L, 
    `13` = 26L, `14` = 21L, `15` = 8L, `16` = 21L, `17` = 13L, 
    `18` = 13L, `19` = 8L, `20` = 9L, `21` = 8L, `22` = 5L, `23` = 5L, 
    `24` = 7L, `25` = 7L, `26` = 7L, `27` = 8L, `28` = 6L, `29` = 6L, 
    `30` = 4L, `31` = 4L, `32` = 5L, `33` = 4L, `34` = 1L, `35` = 1L, 
    `36` = 2L, `37` = 3L, `38` = 5L, `39` = 1L, `40` = 5L, `42` = 2L, 
    `44` = 1L, `46` = 1L, `62` = 1L), .Dim = 44L, .Dimnames = list(
        TagUsage = c("1", "2", "3", "4", "5", "6", "7", "8", 
        "9", "10", "11", "12", "13", "14", "15", "16", "17", 
        "18", "19", "20", "21", "22", "23", "24", "25", "26", 
        "27", "28", "29", "30", "31", "32", "33", "34", "35", 
        "36", "37", "38", "39", "40", "42", "44", "46", "62")), class = "table"), 
    No.Tag = structure(c(0L, 0L, 0L, 0L, 0L, 0L, 1L, 88L, 0L, 
    1L, 0L, 1L, 32L, 1L, 1L, 0L, 0L, 3L, 0L, 0L), .Dim = 5:4, .Dimnames = structure(list(
        c("-2", "-1", "0", "1", NA), c("-", "A", "G", NA)), .Names = c("", 
    "")), class = "table"), All.Tags = list(Concordant = list(
        Freqs = structure(c(0, 0, 0, 0, 0, 1, 285, 0, 0, 0, 314, 
        0), .Dim = 4:3, .Dimnames = list(c("-2", "-1", "0", "1"
        ), c("-", "A", "G"))), N = 600), Majority = list(Freqs = structure(c(0, 
    0, 0, 0, 0, 1, 332, 0, 0, 0, 380, 0), .Dim = 4:3, .Dimnames = list(
        c("-2", "-1", "0", "1"), c("-", "A", "G"))), N = 713)), 
    `2` = structure(c(0, 0, 0, 0, 0, 1, 279, 0, 0, 0, 308, 0), .Dim = 4:3, .Dimnames = list(
        c("-2", "-1", "0", "1"), c("-", "A", "G"))))))
