Results <-
list(`bwa.out//20220204//BlindCMMRD91_S50.sam` = list(GM26_SNP1 = list(
    All = list(Freqs = structure(c(4L, 20L, 3484L, 8L, 1L, 7L, 
    0L, 0L, 2L, 0L, 0L, 0L, 0L, 0L, 27L, 1L, 0L, 0L), .Dim = c(6L, 
    3L), .Dimnames = structure(list(c("-2", "-1", "0", "1", "2", 
    NA), c("A", "G", NA)), .Names = c("", "")), class = "table"), 
        N = 3554L), Tag.Distribution = structure(c(`1` = 99L, 
    `2` = 39L, `3` = 39L, `4` = 40L, `5` = 36L, `6` = 23L, `7` = 32L, 
    `8` = 22L, `9` = 17L, `10` = 18L, `11` = 24L, `12` = 16L, 
    `13` = 16L, `14` = 8L, `15` = 8L, `16` = 13L, `17` = 6L, 
    `18` = 2L, `19` = 6L, `20` = 3L, `21` = 1L, `22` = 4L, `23` = 3L, 
    `24` = 1L, `25` = 1L, `27` = 4L, `28` = 2L, `29` = 1L, `30` = 1L, 
    `31` = 2L, `36` = 1L, `41` = 1L), .Dim = 32L, .Dimnames = list(
        TagUsage = c("1", "2", "3", "4", "5", "6", "7", "8", 
        "9", "10", "11", "12", "13", "14", "15", "16", "17", 
        "18", "19", "20", "21", "22", "23", "24", "25", "27", 
        "28", "29", "30", "31", "36", "41")), class = "table"), 
    No.Tag = structure(c(1L, 0L, 38L, 1L, 0L, 1L, 0L, 0L, 0L, 
    0L, 0L, 0L, 0L, 0L, 3L, 0L, 0L, 0L), .Dim = c(6L, 3L), .Dimnames = structure(list(
        c("-2", "-1", "0", "1", "2", NA), c("A", "G", NA)), .Names = c("", 
    "")), class = "table"), All.Tags = list(Concordant = list(
        Freqs = structure(c(0, 0, 452, 0, 0, 0, 0, 2, 0, 0), .Dim = c(5L, 
        2L), .Dimnames = list(c("-2", "-1", "0", "1", "2"), c("A", 
        "G"))), N = 454), Majority = list(Freqs = structure(c(0, 
    0, 478, 0, 0, 0, 0, 2, 0, 0), .Dim = c(5L, 2L), .Dimnames = list(
        c("-2", "-1", "0", "1", "2"), c("A", "G"))), N = 480)), 
    `2` = structure(c(0, 0, 387, 0, 0, 0, 0, 0, 0, 0), .Dim = c(5L, 
    2L), .Dimnames = list(c("-2", "-1", "0", "1", "2"), c("A", 
    "G"))))))
