Results <-
list(`bwa.out//20220204//BlindCMMRD95_S54.sam` = list(LR24_SNP1 = list(
    All = list(Freqs = structure(c(2L, 21L, 4888L, 8L, 4L, 0L, 
    1L, 9L, 0L, 1L, 0L, 0L, 31L, 0L, 0L), .Dim = c(5L, 3L), .Dimnames = structure(list(
        c("-2", "-1", "0", "1", NA), c("A", "G", NA)), .Names = c("", 
    "")), class = "table"), N = 4965L), Tag.Distribution = structure(c(`1` = 190L, 
    `2` = 82L, `3` = 63L, `4` = 63L, `5` = 53L, `6` = 51L, `7` = 29L, 
    `8` = 39L, `9` = 26L, `10` = 25L, `11` = 24L, `12` = 13L, 
    `13` = 16L, `14` = 13L, `15` = 11L, `16` = 5L, `17` = 7L, 
    `18` = 9L, `19` = 10L, `20` = 7L, `21` = 4L, `22` = 2L, `23` = 3L, 
    `24` = 2L, `25` = 2L, `26` = 1L, `27` = 2L, `28` = 2L, `29` = 2L, 
    `31` = 1L, `33` = 1L, `34` = 1L, `43` = 2L, `44` = 1L), .Dim = 34L, .Dimnames = list(
        TagUsage = c("1", "2", "3", "4", "5", "6", "7", "8", 
        "9", "10", "11", "12", "13", "14", "15", "16", "17", 
        "18", "19", "20", "21", "22", "23", "24", "25", "26", 
        "27", "28", "29", "31", "33", "34", "43", "44")), class = "table"), 
    No.Tag = structure(c(1L, 0L, 212L, 0L, 0L, 0L, 0L, 0L, 0L, 
    1L, 0L, 0L, 3L, 0L, 0L), .Dim = c(5L, 3L), .Dimnames = structure(list(
        c("-2", "-1", "0", "1", NA), c("A", "G", NA)), .Names = c("", 
    "")), class = "table"), All.Tags = list(Concordant = list(
        Freqs = structure(c(0, 1, 714, 0, 0, 0, 8, 0), .Dim = c(4L, 
        2L), .Dimnames = list(c("-2", "-1", "0", "1"), c("A", 
        "G"))), N = 723), Majority = list(Freqs = structure(c(0, 
    1, 742, 0, 0, 0, 8, 0), .Dim = c(4L, 2L), .Dimnames = list(
        c("-2", "-1", "0", "1"), c("A", "G"))), N = 751)), `2` = structure(c(0, 
    0, 570, 0, 0, 0, 0, 0), .Dim = c(4L, 2L), .Dimnames = list(
        c("-2", "-1", "0", "1"), c("A", "G"))))))
