Results <-
list(`bwa.out//20220204//17D1098_S3.sam` = list(GM11_SNP1 = list(
    All = list(Freqs = structure(c(15L, 3617L, 1L, 3L, 0L, 4L, 
    0L, 0L, 0L, 33L, 0L, 0L), .Dim = 4:3, .Dimnames = structure(list(
        c("-1", "0", "1", NA), c("A", "G", NA)), .Names = c("", 
    "")), class = "table"), N = 3673L), Tag.Distribution = structure(c(`1` = 172L, 
    `2` = 118L, `3` = 74L, `4` = 71L, `5` = 47L, `6` = 37L, `7` = 32L, 
    `8` = 29L, `9` = 28L, `10` = 20L, `11` = 21L, `12` = 9L, 
    `13` = 10L, `14` = 15L, `15` = 8L, `16` = 4L, `17` = 4L, 
    `18` = 2L, `20` = 3L, `21` = 3L, `22` = 2L, `24` = 1L, `25` = 1L, 
    `34` = 1L, `35` = 1L, `39` = 1L, `40` = 1L), .Dim = 27L, .Dimnames = list(
        TagUsage = c("1", "2", "3", "4", "5", "6", "7", "8", 
        "9", "10", "11", "12", "13", "14", "15", "16", "17", 
        "18", "20", "21", "22", "24", "25", "34", "35", "39", 
        "40")), class = "table"), No.Tag = structure(c(0L, 62L, 
    0L, 0L, 0L, 0L, 0L, 0L, 0L, 1L, 0L, 0L), .Dim = 4:3, .Dimnames = structure(list(
        c("-1", "0", "1", NA), c("A", "G", NA)), .Names = c("", 
    "")), class = "table"), All.Tags = list(Concordant = list(
        Freqs = structure(c(0, 695, 0, 0, 4, 0), .Dim = 3:2, .Dimnames = list(
            c("-1", "0", "1"), c("A", "G"))), N = 699), Majority = list(
        Freqs = structure(c(0, 710, 0, 0, 4, 0), .Dim = 3:2, .Dimnames = list(
            c("-1", "0", "1"), c("A", "G"))), N = 714)), `2` = structure(c(0, 
    543, 0, 0, 0, 0), .Dim = 3:2, .Dimnames = list(c("-1", "0", 
    "1"), c("A", "G"))))))
