Results <-
list(`bwa.out//20220204//17D1098_S3.sam` = list(GM29_SNP1 = list(
    All = list(Freqs = structure(c(27L, 1935L, 9L, 1L, 56L, 1742L, 
    2L, 5L, 2L, 28L, 0L, 0L), .Dim = 4:3, .Dimnames = structure(list(
        c("-1", "0", "1", NA), c("A", "G", NA)), .Names = c("", 
    "")), class = "table"), N = 3807L), Tag.Distribution = structure(c(`1` = 153L, 
    `2` = 99L, `3` = 80L, `4` = 62L, `5` = 38L, `6` = 47L, `7` = 38L, 
    `8` = 31L, `9` = 14L, `10` = 22L, `11` = 18L, `12` = 15L, 
    `13` = 12L, `14` = 6L, `15` = 6L, `16` = 3L, `17` = 9L, `18` = 8L, 
    `19` = 3L, `20` = 3L, `21` = 1L, `23` = 3L, `24` = 2L, `25` = 1L, 
    `26` = 2L, `27` = 2L, `28` = 1L, `30` = 2L, `38` = 1L), .Dim = 29L, .Dimnames = list(
        TagUsage = c("1", "2", "3", "4", "5", "6", "7", "8", 
        "9", "10", "11", "12", "13", "14", "15", "16", "17", 
        "18", "19", "20", "21", "23", "24", "25", "26", "27", 
        "28", "30", "38")), class = "table"), No.Tag = structure(c(0L, 
    29L, 0L, 0L, 0L, 39L, 0L, 0L, 1L, 2L, 0L, 0L), .Dim = 4:3, .Dimnames = structure(list(
        c("-1", "0", "1", NA), c("A", "G", NA)), .Names = c("", 
    "")), class = "table"), All.Tags = list(Concordant = list(
        Freqs = structure(c(2, 279, 1, 7, 252, 0), .Dim = 3:2, .Dimnames = list(
            c("-1", "0", "1"), c("A", "G"))), N = 541), Majority = list(
        Freqs = structure(c(2, 340, 1, 7, 319, 0), .Dim = 3:2, .Dimnames = list(
            c("-1", "0", "1"), c("A", "G"))), N = 669)), `2` = structure(c(2, 
    260, 1, 2, 255, 0), .Dim = 3:2, .Dimnames = list(c("-1", 
    "0", "1"), c("A", "G"))))))
