Results <-
list(`bwa.out//20220204//BlindCMMRD72_S31.sam` = list(GM17_SNP1 = list(
    All = list(Freqs = structure(c(2L, 93L, 4740L, 14L, 3L, 0L, 
    0L, 5L, 0L, 0L, 0L, 1L, 34L, 0L, 0L), .Dim = c(5L, 3L), .Dimnames = structure(list(
        c("-2", "-1", "0", "1", NA), c("C", "T", NA)), .Names = c("", 
    "")), class = "table"), N = 4892L), Tag.Distribution = structure(c(`1` = 97L, 
    `2` = 48L, `3` = 52L, `4` = 48L, `5` = 37L, `6` = 35L, `7` = 32L, 
    `8` = 34L, `9` = 22L, `10` = 16L, `11` = 22L, `12` = 16L, 
    `13` = 14L, `14` = 7L, `15` = 8L, `16` = 12L, `17` = 8L, 
    `18` = 6L, `19` = 9L, `20` = 9L, `21` = 7L, `22` = 2L, `23` = 7L, 
    `24` = 3L, `25` = 5L, `26` = 4L, `27` = 8L, `29` = 4L, `30` = 2L, 
    `31` = 2L, `32` = 1L, `33` = 1L, `36` = 1L, `39` = 1L, `40` = 1L, 
    `41` = 1L, `48` = 1L), .Dim = 37L, .Dimnames = list(TagUsage = c("1", 
    "2", "3", "4", "5", "6", "7", "8", "9", "10", "11", "12", 
    "13", "14", "15", "16", "17", "18", "19", "20", "21", "22", 
    "23", "24", "25", "26", "27", "29", "30", "31", "32", "33", 
    "36", "39", "40", "41", "48")), class = "table"), No.Tag = structure(c(0L, 
    24L, 77L, 0L, 0L, 0L, 0L, 0L, 0L, 0L, 0L, 0L, 4L, 0L, 0L), .Dim = c(5L, 
    3L), .Dimnames = structure(list(c("-2", "-1", "0", "1", NA
    ), c("C", "T", NA)), .Names = c("", "")), class = "table"), 
    All.Tags = list(Concordant = list(Freqs = structure(c(0, 
    1, 515, 0, 0, 0, 4, 0), .Dim = c(4L, 2L), .Dimnames = list(
        c("-2", "-1", "0", "1"), c("C", "T"))), N = 520), Majority = list(
        Freqs = structure(c(0, 1, 576, 0, 0, 0, 4, 0), .Dim = c(4L, 
        2L), .Dimnames = list(c("-2", "-1", "0", "1"), c("C", 
        "T"))), N = 581)), `2` = structure(c(0, 0, 485, 0, 0, 
    0, 0, 0), .Dim = c(4L, 2L), .Dimnames = list(c("-2", "-1", 
    "0", "1"), c("C", "T"))))))
