Results <-
list(`bwa.out//20220204//Control17_S10.sam` = list(LR48_SNP1 = list(
    All = list(Freqs = structure(c(2L, 79L, 2668L, 37L, 14L, 
    0L, 1L, 49L, 0L, 0L), .Dim = c(5L, 2L), .Dimnames = structure(list(
        c("-2", "-1", "0", "1", NA), c("C", NA)), .Names = c("", 
    "")), class = "table"), N = 2850L), Tag.Distribution = structure(c(`1` = 109L, 
    `2` = 27L, `3` = 22L, `4` = 19L, `5` = 23L, `6` = 19L, `7` = 16L, 
    `8` = 20L, `9` = 14L, `10` = 8L, `11` = 13L, `12` = 11L, 
    `13` = 10L, `14` = 4L, `15` = 5L, `16` = 9L, `17` = 5L, `18` = 7L, 
    `19` = 4L, `20` = 4L, `21` = 8L, `22` = 1L, `23` = 3L, `24` = 1L, 
    `25` = 3L, `26` = 1L, `27` = 4L, `28` = 1L, `29` = 1L, `33` = 1L, 
    `35` = 1L), .Dim = 31L, .Dimnames = list(TagUsage = c("1", 
    "2", "3", "4", "5", "6", "7", "8", "9", "10", "11", "12", 
    "13", "14", "15", "16", "17", "18", "19", "20", "21", "22", 
    "23", "24", "25", "26", "27", "28", "29", "33", "35")), class = "table"), 
    No.Tag = structure(c(1L, 4L, 157L, 3L, 1L, 0L, 0L, 8L, 0L, 
    0L), .Dim = c(5L, 2L), .Dimnames = structure(list(c("-2", 
    "-1", "0", "1", NA), c("C", NA)), .Names = c("", "")), class = "table"), 
    All.Tags = list(Concordant = list(Freqs = structure(c(0, 
    4, 278, 2), .Dim = c(4L, 1L), .Dimnames = list(c("-2", "-1", 
    "0", "1"), "C")), N = 284), Majority = list(Freqs = structure(c(0, 
    4, 354, 2), .Dim = c(4L, 1L), .Dimnames = list(c("-2", "-1", 
    "0", "1"), "C")), N = 360)), `2` = structure(c(0, 2, 260, 
    0), .Dim = c(4L, 1L), .Dimnames = list(c("-2", "-1", "0", 
    "1"), "C")))))
