Results <-
list(`bwa.out//20220204//BlindCMMRD127_S53.sam` = list(LR17_SNP1 = list(
    All = list(Freqs = structure(c(7L, 157L, 4653L, 47L, 2L, 
    22L, 0L, 0L, 133L, 0L, 0L, 0L), .Dim = c(6L, 2L), .Dimnames = structure(list(
        c("-2", "-1", "0", "1", "2", NA), c("A", NA)), .Names = c("", 
    "")), class = "table"), N = 5021L), Tag.Distribution = structure(c(`1` = 130L, 
    `2` = 77L, `3` = 65L, `4` = 86L, `5` = 71L, `6` = 63L, `7` = 64L, 
    `8` = 43L, `9` = 29L, `10` = 31L, `11` = 21L, `12` = 23L, 
    `13` = 21L, `14` = 17L, `15` = 18L, `16` = 8L, `17` = 9L, 
    `18` = 5L, `19` = 2L, `20` = 4L, `21` = 3L, `22` = 2L, `23` = 2L, 
    `24` = 1L, `26` = 2L, `33` = 1L), .Dim = 26L, .Dimnames = list(
        TagUsage = c("1", "2", "3", "4", "5", "6", "7", "8", 
        "9", "10", "11", "12", "13", "14", "15", "16", "17", 
        "18", "19", "20", "21", "22", "23", "24", "26", "33")), class = "table"), 
    No.Tag = structure(c(0L, 0L, 55L, 0L, 0L, 0L, 0L, 0L, 8L, 
    0L, 0L, 0L), .Dim = c(6L, 2L), .Dimnames = structure(list(
        c("-2", "-1", "0", "1", "2", NA), c("A", NA)), .Names = c("", 
    "")), class = "table"), All.Tags = list(Concordant = list(
        Freqs = structure(c(1, 2, 623, 0, 0), .Dim = c(5L, 1L
        ), .Dimnames = list(c("-2", "-1", "0", "1", "2"), "A")), 
        N = 626), Majority = list(Freqs = structure(c(1, 2, 776, 
    0, 0), .Dim = c(5L, 1L), .Dimnames = list(c("-2", "-1", "0", 
    "1", "2"), "A")), N = 779)), `2` = structure(c(0, 2, 656, 
    0, 0), .Dim = c(5L, 1L), .Dimnames = list(c("-2", "-1", "0", 
    "1", "2"), "A")))))
