Results <-
list(`bwa.out//20220204//BlindCMMRD61_S20.sam` = list(LR48_SNP1 = list(
    All = list(Freqs = structure(c(1L, 3L, 63L, 2553L, 40L, 0L, 
    13L, 0L, 2L, 97L, 2389L, 50L, 1L, 9L, 0L, 0L, 2L, 120L, 2L, 
    0L, 0L), .Dim = c(7L, 3L), .Dimnames = structure(list(c("-3", 
    "-2", "-1", "0", "1", "2", NA), c("C", "T", NA)), .Names = c("", 
    "")), class = "table"), N = 5345L), Tag.Distribution = structure(c(`1` = 76L, 
    `2` = 29L, `3` = 21L, `4` = 18L, `5` = 16L, `6` = 16L, `7` = 10L, 
    `8` = 14L, `9` = 16L, `10` = 16L, `11` = 13L, `12` = 11L, 
    `13` = 12L, `14` = 10L, `15` = 17L, `16` = 6L, `17` = 7L, 
    `18` = 7L, `19` = 5L, `20` = 6L, `21` = 8L, `22` = 6L, `23` = 2L, 
    `24` = 3L, `25` = 2L, `26` = 7L, `27` = 4L, `28` = 6L, `29` = 5L, 
    `30` = 3L, `31` = 6L, `32` = 5L, `33` = 3L, `34` = 1L, `36` = 2L, 
    `37` = 2L, `38` = 5L, `40` = 3L, `41` = 1L, `42` = 4L, `43` = 2L, 
    `45` = 3L, `46` = 2L, `48` = 2L, `50` = 1L, `54` = 1L, `64` = 1L
    ), .Dim = 47L, .Dimnames = list(TagUsage = c("1", "2", "3", 
    "4", "5", "6", "7", "8", "9", "10", "11", "12", "13", "14", 
    "15", "16", "17", "18", "19", "20", "21", "22", "23", "24", 
    "25", "26", "27", "28", "29", "30", "31", "32", "33", "34", 
    "36", "37", "38", "40", "41", "42", "43", "45", "46", "48", 
    "50", "54", "64")), class = "table"), No.Tag = structure(c(0L, 
    1L, 3L, 92L, 1L, 0L, 0L, 0L, 0L, 3L, 41L, 0L, 0L, 0L, 0L, 
    0L, 0L, 9L, 0L, 0L, 0L), .Dim = c(7L, 3L), .Dimnames = structure(list(
        c("-3", "-2", "-1", "0", "1", "2", NA), c("C", "T", NA
        )), .Names = c("", "")), class = "table"), All.Tags = list(
        Concordant = list(Freqs = structure(c(0, 0, 0, 136, 1, 
        0, 0, 0, 0, 129, 0, 0), .Dim = c(6L, 2L), .Dimnames = list(
            c("-3", "-2", "-1", "0", "1", "2"), c("C", "T"))), 
            N = 266), Majority = list(Freqs = structure(c(0, 
        0, 1, 199, 1, 0, 0, 0, 1, 193, 0, 0), .Dim = c(6L, 2L
        ), .Dimnames = list(c("-3", "-2", "-1", "0", "1", "2"
        ), c("C", "T"))), N = 395)), `2` = structure(c(0, 0, 
    1, 164, 0, 0, 0, 0, 1, 166, 0, 0), .Dim = c(6L, 2L), .Dimnames = list(
        c("-3", "-2", "-1", "0", "1", "2"), c("C", "T"))))))
