Results <-
list(`bwa.out//20220204//BlindCMMRD55_S14.sam` = list(LR10_SNP1 = list(
    All = list(Freqs = structure(c(29L, 1910L, 14L, 0L, 39L, 
    2124L, 4L, 1L, 0L, 24L, 0L, 0L), .Dim = 4:3, .Dimnames = structure(list(
        c("-1", "0", "1", NA), c("C", "T", NA)), .Names = c("", 
    "")), class = "table"), N = 4145L), Tag.Distribution = structure(c(`1` = 95L, 
    `2` = 43L, `3` = 39L, `4` = 35L, `5` = 32L, `6` = 20L, `7` = 28L, 
    `8` = 29L, `9` = 19L, `10` = 24L, `11` = 15L, `12` = 11L, 
    `13` = 13L, `14` = 13L, `15` = 9L, `16` = 12L, `17` = 8L, 
    `18` = 9L, `19` = 6L, `20` = 7L, `21` = 6L, `22` = 3L, `23` = 3L, 
    `24` = 6L, `25` = 2L, `26` = 1L, `27` = 2L, `28` = 2L, `30` = 3L, 
    `31` = 1L, `32` = 1L, `33` = 1L, `36` = 1L, `37` = 1L, `41` = 1L, 
    `50` = 1L), .Dim = 36L, .Dimnames = list(TagUsage = c("1", 
    "2", "3", "4", "5", "6", "7", "8", "9", "10", "11", "12", 
    "13", "14", "15", "16", "17", "18", "19", "20", "21", "22", 
    "23", "24", "25", "26", "27", "28", "30", "31", "32", "33", 
    "36", "37", "41", "50")), class = "table"), No.Tag = structure(c(1L, 
    12L, 0L, 0L, 0L, 106L, 0L, 0L, 0L, 1L, 0L, 0L), .Dim = 4:3, .Dimnames = structure(list(
        c("-1", "0", "1", NA), c("C", "T", NA)), .Names = c("", 
    "")), class = "table"), All.Tags = list(Concordant = list(
        Freqs = structure(c(0, 206, 0, 1, 212, 0), .Dim = 3:2, .Dimnames = list(
            c("-1", "0", "1"), c("C", "T"))), N = 419), Majority = list(
        Freqs = structure(c(1, 243, 0, 2, 247, 0), .Dim = 3:2, .Dimnames = list(
            c("-1", "0", "1"), c("C", "T"))), N = 493)), `2` = structure(c(1, 
    197, 0, 2, 203, 0), .Dim = 3:2, .Dimnames = list(c("-1", 
    "0", "1"), c("C", "T"))))))
