Results <-
list(`bwa.out//20220204//BlindCMMRD133_S59.sam` = list(LR10_SNP1 = list(
    All = list(Freqs = structure(c(0L, 56L, 2766L, 21L, 4L, 1L, 
    25L, 2678L, 12L, 4L, 0L, 0L, 32L, 0L, 0L), .Dim = c(5L, 3L
    ), .Dimnames = structure(list(c("-2", "-1", "0", "1", NA), 
        c("C", "T", NA)), .Names = c("", "")), class = "table"), 
        N = 5599L), Tag.Distribution = structure(c(`1` = 239L, 
    `2` = 219L, `3` = 169L, `4` = 145L, `5` = 131L, `6` = 99L, 
    `7` = 71L, `8` = 58L, `9` = 34L, `10` = 23L, `11` = 17L, 
    `12` = 19L, `13` = 7L, `14` = 6L, `15` = 8L, `16` = 6L, `17` = 5L, 
    `18` = 1L, `19` = 1L, `20` = 1L, `22` = 1L), .Dim = 21L, .Dimnames = list(
        TagUsage = c("1", "2", "3", "4", "5", "6", "7", "8", 
        "9", "10", "11", "12", "13", "14", "15", "16", "17", 
        "18", "19", "20", "22")), class = "table"), No.Tag = structure(c(0L, 
    2L, 34L, 0L, 0L, 0L, 0L, 75L, 1L, 0L, 0L, 0L, 7L, 0L, 0L), .Dim = c(5L, 
    3L), .Dimnames = structure(list(c("-2", "-1", "0", "1", NA
    ), c("C", "T", NA)), .Names = c("", "")), class = "table"), 
    All.Tags = list(Concordant = list(Freqs = structure(c(0, 
    2, 477, 0, 0, 3, 547, 0), .Dim = c(4L, 2L), .Dimnames = list(
        c("-2", "-1", "0", "1"), c("C", "T"))), N = 1029), Majority = list(
        Freqs = structure(c(0, 3, 595, 0, 0, 3, 628, 0), .Dim = c(4L, 
        2L), .Dimnames = list(c("-2", "-1", "0", "1"), c("C", 
        "T"))), N = 1229)), `2` = structure(c(0, 1, 499, 0, 0, 
    0, 493, 0), .Dim = c(4L, 2L), .Dimnames = list(c("-2", "-1", 
    "0", "1"), c("C", "T"))))))
