Results <-
list(`bwa.out//20220204//BlindCMMRD113_S39.sam` = list(LR48_SNP1 = list(
    All = list(Freqs = structure(c(0L, 0L, 7L, 0L, 0L, 2L, 72L, 
    2579L, 54L, 13L, 0L, 0L, 2L, 0L, 0L, 0L, 0L, 20L, 2L, 0L), .Dim = 5:4, .Dimnames = structure(list(
        c("-2", "-1", "0", "1", NA), c("A", "C", "T", NA)), .Names = c("", 
    "")), class = "table"), N = 2751L), Tag.Distribution = structure(c(`1` = 91L, 
    `2` = 89L, `3` = 79L, `4` = 69L, `5` = 35L, `6` = 49L, `7` = 37L, 
    `8` = 29L, `9` = 20L, `10` = 19L, `11` = 14L, `12` = 9L, 
    `13` = 5L, `14` = 5L, `16` = 3L, `18` = 1L, `19` = 1L, `20` = 1L, 
    `22` = 1L, `23` = 1L), .Dim = 20L, .Dimnames = list(TagUsage = c("1", 
    "2", "3", "4", "5", "6", "7", "8", "9", "10", "11", "12", 
    "13", "14", "16", "18", "19", "20", "22", "23")), class = "table"), 
    No.Tag = structure(c(0L, 0L, 1L, 0L, 0L, 0L, 1L, 75L, 9L, 
    3L, 0L, 0L, 0L, 0L, 0L, 0L, 0L, 3L, 0L, 0L), .Dim = 5:4, .Dimnames = structure(list(
        c("-2", "-1", "0", "1", NA), c("A", "C", "T", NA)), .Names = c("", 
    "")), class = "table"), All.Tags = list(Concordant = list(
        Freqs = structure(c(0, 0, 1, 0, 0, 3, 455, 2, 0, 0, 2, 
        0), .Dim = 4:3, .Dimnames = list(c("-2", "-1", "0", "1"
        ), c("A", "C", "T"))), N = 463), Majority = list(Freqs = structure(c(0, 
    0, 1, 0, 0, 4, 538, 3, 0, 0, 2, 0), .Dim = 4:3, .Dimnames = list(
        c("-2", "-1", "0", "1"), c("A", "C", "T"))), N = 548)), 
    `2` = structure(c(0, 0, 1, 0, 0, 2, 457, 1, 0, 0, 0, 0), .Dim = 4:3, .Dimnames = list(
        c("-2", "-1", "0", "1"), c("A", "C", "T"))))))
