Results <-
list(`bwa.out//20220204//BlindCMMRD43_S3.sam` = list(DEPDC2_SNP1 = list(
    All = list(Freqs = structure(c(0L, 1L, 0L, 0L, 9L, 1604L, 
    8L, 5L, 7L, 1896L, 3L, 6L, 0L, 25L, 0L, 0L), .Dim = c(4L, 
    4L), .Dimnames = structure(list(c("-1", "0", "1", NA), c("A", 
    "C", "T", NA)), .Names = c("", "")), class = "table"), N = 3564L), 
    Tag.Distribution = structure(c(`1` = 127L, `2` = 63L, `3` = 28L, 
    `4` = 32L, `5` = 43L, `6` = 33L, `7` = 23L, `8` = 18L, `9` = 18L, 
    `10` = 24L, `11` = 10L, `12` = 3L, `13` = 16L, `14` = 9L, 
    `15` = 5L, `16` = 9L, `17` = 6L, `18` = 5L, `19` = 5L, `20` = 6L, 
    `21` = 2L, `22` = 6L, `23` = 6L, `24` = 5L, `25` = 3L, `26` = 4L, 
    `27` = 3L, `28` = 2L, `30` = 1L, `31` = 1L), .Dim = 30L, .Dimnames = list(
        TagUsage = c("1", "2", "3", "4", "5", "6", "7", "8", 
        "9", "10", "11", "12", "13", "14", "15", "16", "17", 
        "18", "19", "20", "21", "22", "23", "24", "25", "26", 
        "27", "28", "30", "31")), class = "table"), No.Tag = structure(c(0L, 
    0L, 0L, 0L, 0L, 25L, 0L, 1L, 0L, 36L, 0L, 1L, 0L, 1L, 0L, 
    0L), .Dim = c(4L, 4L), .Dimnames = structure(list(c("-1", 
    "0", "1", NA), c("A", "C", "T", NA)), .Names = c("", "")), class = "table"), 
    All.Tags = list(Concordant = list(Freqs = structure(c(0, 
    1, 0, 4, 218, 1, 1, 241, 0), .Dim = c(3L, 3L), .Dimnames = list(
        c("-1", "0", "1"), c("A", "C", "T"))), N = 466), Majority = list(
        Freqs = structure(c(0, 1, 0, 4, 235, 1, 1, 259, 0), .Dim = c(3L, 
        3L), .Dimnames = list(c("-1", "0", "1"), c("A", "C", 
        "T"))), N = 501)), `2` = structure(c(0, 0, 0, 1, 189, 
    1, 0, 192, 0), .Dim = c(3L, 3L), .Dimnames = list(c("-1", 
    "0", "1"), c("A", "C", "T"))))))
