Results <-
list(`bwa.out//20220204//Control25_S18.sam` = list(GM29_SNP1 = list(
    All = list(Freqs = structure(c(1L, 17L, 956L, 0L, 0L, 0L, 
    18L, 929L, 6L, 1L, 0L, 0L, 9L, 0L, 0L), .Dim = c(5L, 3L), .Dimnames = structure(list(
        c("-3", "-1", "0", "1", NA), c("A", "G", NA)), .Names = c("", 
    "")), class = "table"), N = 1937L), Tag.Distribution = structure(c(`1` = 50L, 
    `2` = 21L, `3` = 22L, `4` = 14L, `5` = 12L, `6` = 10L, `7` = 19L, 
    `8` = 12L, `9` = 6L, `10` = 9L, `11` = 6L, `12` = 7L, `13` = 8L, 
    `14` = 5L, `15` = 7L, `16` = 2L, `17` = 2L, `18` = 3L, `19` = 4L, 
    `21` = 2L, `22` = 2L, `23` = 2L, `25` = 2L, `26` = 1L, `28` = 1L, 
    `30` = 2L, `32` = 1L, `44` = 1L, `49` = 1L, `54` = 1L), .Dim = 30L, .Dimnames = list(
        TagUsage = c("1", "2", "3", "4", "5", "6", "7", "8", 
        "9", "10", "11", "12", "13", "14", "15", "16", "17", 
        "18", "19", "21", "22", "23", "25", "26", "28", "30", 
        "32", "44", "49", "54")), class = "table"), No.Tag = structure(c(0L, 
    1L, 72L, 0L, 0L, 0L, 0L, 54L, 0L, 0L, 0L, 0L, 3L, 0L, 0L), .Dim = c(5L, 
    3L), .Dimnames = structure(list(c("-3", "-1", "0", "1", NA
    ), c("A", "G", NA)), .Names = c("", "")), class = "table"), 
    All.Tags = list(Concordant = list(Freqs = structure(c(0, 
    1, 99, 0, 0, 0, 97, 0), .Dim = c(4L, 2L), .Dimnames = list(
        c("-3", "-1", "0", "1"), c("A", "G"))), N = 197), Majority = list(
        Freqs = structure(c(0, 1, 114, 0, 0, 0, 118, 0), .Dim = c(4L, 
        2L), .Dimnames = list(c("-3", "-1", "0", "1"), c("A", 
        "G"))), N = 233)), `2` = structure(c(0, 1, 88, 0, 0, 
    0, 94, 0), .Dim = c(4L, 2L), .Dimnames = list(c("-3", "-1", 
    "0", "1"), c("A", "G"))))))
