Results <-
list(`bwa.out//20220204//Control27_S20.sam` = list(LR52_SNP1 = list(
    All = list(Freqs = structure(c(3L, 15L, 291L, 2515L, 34L, 
    9L, 0L, 0L, 0L, 1L, 0L, 0L, 0L, 0L, 0L, 88L, 0L, 0L), .Dim = c(6L, 
    3L), .Dimnames = structure(list(c("-3", "-2", "-1", "0", 
    "1", NA), c("C", "T", NA)), .Names = c("", "")), class = "table"), 
        N = 2956L), Tag.Distribution = structure(c(`1` = 96L, 
    `2` = 42L, `3` = 43L, `4` = 27L, `5` = 21L, `6` = 24L, `7` = 32L, 
    `8` = 19L, `9` = 11L, `10` = 11L, `11` = 14L, `12` = 11L, 
    `13` = 10L, `14` = 8L, `15` = 6L, `16` = 8L, `17` = 2L, `18` = 7L, 
    `19` = 6L, `20` = 3L, `21` = 3L, `22` = 3L, `23` = 3L, `25` = 1L, 
    `27` = 2L, `28` = 2L, `30` = 2L, `32` = 1L, `36` = 1L, `37` = 3L
    ), .Dim = 30L, .Dimnames = list(TagUsage = c("1", "2", "3", 
    "4", "5", "6", "7", "8", "9", "10", "11", "12", "13", "14", 
    "15", "16", "17", "18", "19", "20", "21", "22", "23", "25", 
    "27", "28", "30", "32", "36", "37")), class = "table"), No.Tag = structure(c(0L, 
    1L, 5L, 36L, 1L, 0L, 0L, 0L, 0L, 0L, 0L, 0L, 0L, 0L, 0L, 
    10L, 0L, 0L), .Dim = c(6L, 3L), .Dimnames = structure(list(
        c("-3", "-2", "-1", "0", "1", NA), c("C", "T", NA)), .Names = c("", 
    "")), class = "table"), All.Tags = list(Concordant = list(
        Freqs = structure(c(0, 1, 9, 246, 3, 0, 0, 0, 0, 0), .Dim = c(5L, 
        2L), .Dimnames = list(c("-3", "-2", "-1", "0", "1"), 
            c("C", "T"))), N = 259), Majority = list(Freqs = structure(c(0, 
    1, 11, 396, 3, 0, 0, 0, 0, 0), .Dim = c(5L, 2L), .Dimnames = list(
        c("-3", "-2", "-1", "0", "1"), c("C", "T"))), N = 411)), 
    `2` = structure(c(0, 0, 3, 313, 1, 0, 0, 0, 0, 0), .Dim = c(5L, 
    2L), .Dimnames = list(c("-3", "-2", "-1", "0", "1"), c("C", 
    "T"))))))
