Results <-
list(`bwa.out//20220204//17D0989_S8.sam` = list(GM22_SNP1 = list(
    All = list(Freqs = structure(c(2L, 75L, 5310L, 16L, 11L, 
    0L, 0L, 3L, 0L, 0L, 0L, 0L, 2L, 0L, 0L, 0L, 2L, 57L, 0L, 
    0L), .Dim = 5:4, .Dimnames = structure(list(c("-2", "-1", 
    "0", "1", NA), c("A", "G", "T", NA)), .Names = c("", "")), class = "table"), 
        N = 5478L), Tag.Distribution = structure(c(`1` = 183L, 
    `2` = 86L, `3` = 78L, `4` = 58L, `5` = 42L, `6` = 32L, `7` = 33L, 
    `8` = 26L, `9` = 24L, `10` = 20L, `11` = 24L, `12` = 19L, 
    `13` = 20L, `14` = 10L, `15` = 14L, `16` = 5L, `17` = 9L, 
    `18` = 10L, `19` = 4L, `20` = 10L, `21` = 6L, `22` = 6L, 
    `23` = 2L, `24` = 5L, `25` = 1L, `26` = 3L, `27` = 5L, `28` = 4L, 
    `29` = 7L, `31` = 2L, `32` = 1L, `33` = 1L, `34` = 2L, `36` = 2L, 
    `38` = 3L, `41` = 1L, `44` = 1L, `51` = 1L), .Dim = 38L, .Dimnames = list(
        TagUsage = c("1", "2", "3", "4", "5", "6", "7", "8", 
        "9", "10", "11", "12", "13", "14", "15", "16", "17", 
        "18", "19", "20", "21", "22", "23", "24", "25", "26", 
        "27", "28", "29", "31", "32", "33", "34", "36", "38", 
        "41", "44", "51")), class = "table"), No.Tag = structure(c(0L, 
    2L, 109L, 0L, 0L, 0L, 0L, 0L, 0L, 0L, 0L, 0L, 0L, 0L, 0L, 
    0L, 0L, 4L, 0L, 0L), .Dim = 5:4, .Dimnames = structure(list(
        c("-2", "-1", "0", "1", NA), c("A", "G", "T", NA)), .Names = c("", 
    "")), class = "table"), All.Tags = list(Concordant = list(
        Freqs = structure(c(0, 2, 683, 0, 0, 0, 1, 0, 0, 0, 0, 
        0), .Dim = 4:3, .Dimnames = list(c("-2", "-1", "0", "1"
        ), c("A", "G", "T"))), N = 686), Majority = list(Freqs = structure(c(0, 
    2, 750, 0, 0, 0, 1, 0, 0, 0, 0, 0), .Dim = 4:3, .Dimnames = list(
        c("-2", "-1", "0", "1"), c("A", "G", "T"))), N = 753)), 
    `2` = structure(c(0, 1, 573, 0, 0, 0, 0, 0, 0, 0, 0, 0), .Dim = 4:3, .Dimnames = list(
        c("-2", "-1", "0", "1"), c("A", "G", "T"))))))
