Results <-
list(`bwa.out//20220204//BlindCMMRD124_S50.sam` = list(LR11_SNP1 = list(
    All = list(Freqs = structure(c(0L, 0L, 1L, 0L, 0L, 1L, 60L, 
    2751L, 16L, 17L, 0L, 0L, 1L, 0L, 0L, 0L, 2L, 21L, 1L, 0L), .Dim = 5:4, .Dimnames = structure(list(
        c("-2", "-1", "0", "1", NA), c("A", "C", "T", NA)), .Names = c("", 
    "")), class = "table"), N = 2871L), Tag.Distribution = structure(c(`1` = 174L, 
    `2` = 105L, `3` = 87L, `4` = 74L, `5` = 45L, `6` = 25L, `7` = 24L, 
    `8` = 31L, `9` = 18L, `10` = 18L, `11` = 12L, `12` = 10L, 
    `13` = 5L, `14` = 8L, `15` = 4L, `16` = 4L, `17` = 6L, `18` = 1L, 
    `19` = 1L, `20` = 1L, `21` = 2L), .Dim = 21L, .Dimnames = list(
        TagUsage = c("1", "2", "3", "4", "5", "6", "7", "8", 
        "9", "10", "11", "12", "13", "14", "15", "16", "17", 
        "18", "19", "20", "21")), class = "table"), No.Tag = structure(c(0L, 
    0L, 0L, 0L, 0L, 0L, 1L, 40L, 0L, 0L, 0L, 0L, 0L, 0L, 0L, 
    0L, 0L, 2L, 0L, 0L), .Dim = 5:4, .Dimnames = structure(list(
        c("-2", "-1", "0", "1", NA), c("A", "C", "T", NA)), .Names = c("", 
    "")), class = "table"), All.Tags = list(Concordant = list(
        Freqs = structure(c(0, 0, 1, 0, 0, 5, 590, 0, 0, 0, 0, 
        0), .Dim = 4:3, .Dimnames = list(c("-2", "-1", "0", "1"
        ), c("A", "C", "T"))), N = 596), Majority = list(Freqs = structure(c(0, 
    0, 1, 0, 0, 5, 639, 0, 0, 0, 0, 0), .Dim = 4:3, .Dimnames = list(
        c("-2", "-1", "0", "1"), c("A", "C", "T"))), N = 645)), 
    `2` = structure(c(0, 0, 0, 0, 0, 2, 472, 0, 0, 0, 0, 0), .Dim = 4:3, .Dimnames = list(
        c("-2", "-1", "0", "1"), c("A", "C", "T"))))))
