Results <-
list(`bwa.out//20220204//MLPA101_S15.sam` = list(LR48_SNP1 = list(
    All = list(Freqs = structure(c(0L, 0L, 1L, 0L, 0L, 0L, 0L, 
    42L, 1483L, 28L, 0L, 5L, 2L, 39L, 1416L, 25L, 1L, 6L, 0L, 
    0L, 41L, 1L, 0L, 0L), .Dim = c(6L, 4L), .Dimnames = structure(list(
        c("-2", "-1", "0", "1", "2", NA), c("A", "C", "T", NA
        )), .Names = c("", "")), class = "table"), N = 3090L), 
    Tag.Distribution = structure(c(`1` = 81L, `2` = 21L, `3` = 18L, 
    `4` = 18L, `5` = 27L, `6` = 14L, `7` = 11L, `8` = 13L, `9` = 10L, 
    `10` = 6L, `11` = 4L, `12` = 10L, `13` = 6L, `14` = 4L, `15` = 15L, 
    `16` = 9L, `17` = 5L, `18` = 7L, `19` = 1L, `20` = 8L, `21` = 2L, 
    `22` = 2L, `23` = 1L, `24` = 5L, `25` = 1L, `26` = 5L, `27` = 1L, 
    `28` = 1L, `30` = 2L, `31` = 1L, `32` = 4L, `33` = 3L, `34` = 1L, 
    `35` = 2L, `37` = 2L, `38` = 1L, `39` = 2L, `40` = 1L, `43` = 1L, 
    `46` = 1L), .Dim = 40L, .Dimnames = list(TagUsage = c("1", 
    "2", "3", "4", "5", "6", "7", "8", "9", "10", "11", "12", 
    "13", "14", "15", "16", "17", "18", "19", "20", "21", "22", 
    "23", "24", "25", "26", "27", "28", "30", "31", "32", "33", 
    "34", "35", "37", "38", "39", "40", "43", "46")), class = "table"), 
    No.Tag = structure(c(0L, 0L, 0L, 0L, 0L, 0L, 0L, 0L, 35L, 
    1L, 0L, 0L, 0L, 0L, 13L, 2L, 0L, 0L, 0L, 0L, 3L, 0L, 0L, 
    0L), .Dim = c(6L, 4L), .Dimnames = structure(list(c("-2", 
    "-1", "0", "1", "2", NA), c("A", "C", "T", NA)), .Names = c("", 
    "")), class = "table"), All.Tags = list(Concordant = list(
        Freqs = structure(c(0, 0, 0, 0, 0, 0, 0, 119, 0, 0, 0, 
        3, 112, 2, 0), .Dim = c(5L, 3L), .Dimnames = list(c("-2", 
        "-1", "0", "1", "2"), c("A", "C", "T"))), N = 236), Majority = list(
        Freqs = structure(c(0, 0, 0, 0, 0, 0, 0, 160, 0, 0, 0, 
        3, 154, 2, 0), .Dim = c(5L, 3L), .Dimnames = list(c("-2", 
        "-1", "0", "1", "2"), c("A", "C", "T"))), N = 319)), 
    `2` = structure(c(0, 0, 0, 0, 0, 0, 0, 122, 0, 0, 0, 1, 121, 
    0, 0), .Dim = c(5L, 3L), .Dimnames = list(c("-2", "-1", "0", 
    "1", "2"), c("A", "C", "T"))))))
