Results <-
list(`bwa.out//20220204//BlindCMMRD109_S35.sam` = list(IM49_SNP1 = list(
    All = list(Freqs = structure(c(2L, 48L, 1513L, 23L, 2L, 4L, 
    68L, 1646L, 33L, 2L, 0L, 0L, 2L, 0L, 0L, 0L, 3L, 70L, 0L, 
    0L), .Dim = 5:4, .Dimnames = structure(list(c("-2", "-1", 
    "0", "1", NA), c("C", "G", "T", NA)), .Names = c("", "")), class = "table"), 
        N = 3416L), Tag.Distribution = structure(c(`1` = 328L, 
    `2` = 213L, `3` = 135L, `4` = 95L, `5` = 78L, `6` = 48L, 
    `7` = 40L, `8` = 26L, `9` = 28L, `10` = 11L, `11` = 7L, `12` = 6L, 
    `13` = 5L, `14` = 2L, `23` = 1L, `24` = 1L), .Dim = 16L, .Dimnames = list(
        TagUsage = c("1", "2", "3", "4", "5", "6", "7", "8", 
        "9", "10", "11", "12", "13", "14", "23", "24")), class = "table"), 
    No.Tag = structure(c(0L, 2L, 26L, 0L, 0L, 1L, 2L, 26L, 0L, 
    0L, 0L, 0L, 0L, 0L, 0L, 0L, 1L, 2L, 0L, 0L), .Dim = 5:4, .Dimnames = structure(list(
        c("-2", "-1", "0", "1", NA), c("C", "G", "T", NA)), .Names = c("", 
    "")), class = "table"), All.Tags = list(Concordant = list(
        Freqs = structure(c(0, 4, 406, 1, 0, 6, 400, 3, 0, 0, 
        0, 0), .Dim = 4:3, .Dimnames = list(c("-2", "-1", "0", 
        "1"), c("C", "G", "T"))), N = 820), Majority = list(Freqs = structure(c(0, 
    4, 476, 1, 0, 9, 479, 3, 0, 0, 0, 0), .Dim = 4:3, .Dimnames = list(
        c("-2", "-1", "0", "1"), c("C", "G", "T"))), N = 972)), 
    `2` = structure(c(0, 3, 319, 0, 0, 5, 328, 0, 0, 0, 0, 0), .Dim = 4:3, .Dimnames = list(
        c("-2", "-1", "0", "1"), c("C", "G", "T"))))))
