Results <-
list(`bwa.out//20220204//BlindCMMRD48_S8.sam` = list(LR10_SNP1 = list(
    All = list(Freqs = structure(c(2L, 16L, 1826L, 8L, 0L, 0L, 
    0L, 1L, 0L, 0L, 1L, 19L, 1620L, 11L, 3L, 0L, 0L, 29L, 0L, 
    0L), .Dim = 5:4, .Dimnames = structure(list(c("-2", "-1", 
    "0", "1", NA), c("C", "G", "T", NA)), .Names = c("", "")), class = "table"), 
        N = 3536L), Tag.Distribution = structure(c(`1` = 41L, 
    `2` = 17L, `3` = 14L, `4` = 12L, `5` = 7L, `6` = 23L, `7` = 10L, 
    `8` = 10L, `9` = 7L, `10` = 10L, `11` = 12L, `12` = 3L, `13` = 7L, 
    `14` = 12L, `15` = 7L, `16` = 1L, `17` = 11L, `18` = 6L, 
    `19` = 3L, `20` = 7L, `21` = 2L, `22` = 4L, `23` = 4L, `24` = 5L, 
    `25` = 3L, `26` = 1L, `27` = 2L, `28` = 3L, `29` = 2L, `30` = 2L, 
    `32` = 1L, `33` = 1L, `35` = 4L, `37` = 4L, `38` = 2L, `39` = 2L, 
    `40` = 4L, `41` = 1L, `42` = 2L, `45` = 1L, `49` = 2L, `50` = 1L, 
    `53` = 1L, `59` = 1L), .Dim = 44L, .Dimnames = list(TagUsage = c("1", 
    "2", "3", "4", "5", "6", "7", "8", "9", "10", "11", "12", 
    "13", "14", "15", "16", "17", "18", "19", "20", "21", "22", 
    "23", "24", "25", "26", "27", "28", "29", "30", "32", "33", 
    "35", "37", "38", "39", "40", "41", "42", "45", "49", "50", 
    "53", "59")), class = "table"), No.Tag = structure(c(0L, 
    0L, 29L, 0L, 0L, 0L, 0L, 0L, 0L, 0L, 0L, 1L, 17L, 0L, 0L, 
    0L, 0L, 2L, 0L, 0L), .Dim = 5:4, .Dimnames = structure(list(
        c("-2", "-1", "0", "1", NA), c("C", "G", "T", NA)), .Names = c("", 
    "")), class = "table"), All.Tags = list(Concordant = list(
        Freqs = structure(c(0, 0, 115, 0, 0, 0, 0, 0, 0, 0, 111, 
        0), .Dim = 4:3, .Dimnames = list(c("-2", "-1", "0", "1"
        ), c("C", "G", "T"))), N = 226), Majority = list(Freqs = structure(c(0, 
    0, 140, 0, 0, 0, 0, 0, 0, 0, 133, 0), .Dim = 4:3, .Dimnames = list(
        c("-2", "-1", "0", "1"), c("C", "G", "T"))), N = 273)), 
    `2` = structure(c(0, 0, 121, 0, 0, 0, 0, 0, 0, 0, 113, 0), .Dim = 4:3, .Dimnames = list(
        c("-2", "-1", "0", "1"), c("C", "G", "T"))))))
