Results <-
list(`bwa.out//20220204//BlindCMMRD57_S16.sam` = list(GM29_SNP1 = list(
    All = list(Freqs = structure(c(63L, 3692L, 16L, 0L, 2L, 0L, 
    1L, 30L, 0L), .Dim = c(3L, 3L), .Dimnames = structure(list(
        c("-1", "0", "1"), c("A", "G", NA)), .Names = c("", ""
    )), class = "table"), N = 3804L), Tag.Distribution = structure(c(`1` = 99L, 
    `2` = 41L, `3` = 44L, `4` = 38L, `5` = 38L, `6` = 25L, `7` = 22L, 
    `8` = 28L, `9` = 9L, `10` = 19L, `11` = 15L, `12` = 12L, 
    `13` = 8L, `14` = 12L, `15` = 12L, `16` = 9L, `17` = 4L, 
    `18` = 6L, `19` = 2L, `20` = 1L, `21` = 7L, `22` = 4L, `23` = 3L, 
    `24` = 3L, `25` = 2L, `26` = 1L, `27` = 4L, `28` = 1L, `30` = 1L, 
    `32` = 3L, `34` = 1L, `35` = 2L, `36` = 2L, `37` = 1L, `44` = 2L, 
    `50` = 1L, `53` = 1L), .Dim = 37L, .Dimnames = list(TagUsage = c("1", 
    "2", "3", "4", "5", "6", "7", "8", "9", "10", "11", "12", 
    "13", "14", "15", "16", "17", "18", "19", "20", "21", "22", 
    "23", "24", "25", "26", "27", "28", "30", "32", "34", "35", 
    "36", "37", "44", "50", "53")), class = "table"), No.Tag = structure(c(0L, 
    91L, 0L, 0L, 0L, 0L, 0L, 0L, 0L, 2L, 0L, 0L), .Dim = 4:3, .Dimnames = structure(list(
        c("-1", "0", "1", NA), c("A", "G", NA)), .Names = c("", 
    "")), class = "table"), All.Tags = list(Concordant = list(
        Freqs = structure(c(1, 415, 1, 0, 1, 0), .Dim = 3:2, .Dimnames = list(
            c("-1", "0", "1"), c("A", "G"))), N = 418), Majority = list(
        Freqs = structure(c(1, 474, 1, 0, 1, 0), .Dim = 3:2, .Dimnames = list(
            c("-1", "0", "1"), c("A", "G"))), N = 477)), `2` = structure(c(1, 
    382, 0, 0, 0, 0), .Dim = 3:2, .Dimnames = list(c("-1", "0", 
    "1"), c("A", "G"))))))
