Results <-
list(`bwa.out//20220204//Control17_S10.sam` = list(LR24_SNP1 = list(
    All = list(Freqs = structure(c(8L, 1637L, 3L, 3L, 10L, 1695L, 
    3L, 1L, 0L, 33L, 0L, 0L), .Dim = 4:3, .Dimnames = structure(list(
        c("-1", "0", "1", NA), c("A", "G", NA)), .Names = c("", 
    "")), class = "table"), N = 3393L), Tag.Distribution = structure(c(`1` = 207L, 
    `2` = 103L, `3` = 76L, `4` = 86L, `5` = 67L, `6` = 34L, `7` = 33L, 
    `8` = 39L, `9` = 18L, `10` = 14L, `11` = 15L, `12` = 13L, 
    `13` = 5L, `14` = 2L, `15` = 3L, `16` = 4L, `17` = 3L, `20` = 2L, 
    `21` = 2L, `23` = 2L, `24` = 1L, `25` = 3L, `26` = 1L, `28` = 1L
    ), .Dim = 24L, .Dimnames = list(TagUsage = c("1", "2", "3", 
    "4", "5", "6", "7", "8", "9", "10", "11", "12", "13", "14", 
    "15", "16", "17", "20", "21", "23", "24", "25", "26", "28"
    )), class = "table"), No.Tag = structure(c(0L, 75L, 1L, 1L, 
    0L, 83L, 0L, 0L, 0L, 9L, 0L, 0L), .Dim = 4:3, .Dimnames = structure(list(
        c("-1", "0", "1", NA), c("A", "G", NA)), .Names = c("", 
    "")), class = "table"), All.Tags = list(Concordant = list(
        Freqs = structure(c(0, 307, 0, 0, 360, 0), .Dim = 3:2, .Dimnames = list(
            c("-1", "0", "1"), c("A", "G"))), N = 667), Majority = list(
        Freqs = structure(c(0, 335, 0, 0, 387, 0), .Dim = 3:2, .Dimnames = list(
            c("-1", "0", "1"), c("A", "G"))), N = 722)), `2` = structure(c(0, 
    241, 0, 0, 277, 0), .Dim = 3:2, .Dimnames = list(c("-1", 
    "0", "1"), c("A", "G"))))))
