Results <-
list(`bwa.out//20220204//BlindCMMRD65_S24.sam` = list(LR46_SNP1 = list(
    All = list(Freqs = structure(c(1L, 1304L, 1L, 0L, 2L, 5L, 
    1209L, 2L, 1L, 0L, 0L, 12L, 0L, 0L, 0L), .Dim = c(5L, 3L), .Dimnames = structure(list(
        c("-1", "0", "1", "2", NA), c("G", "T", NA)), .Names = c("", 
    "")), class = "table"), N = 2537L), Tag.Distribution = structure(c(`1` = 91L, 
    `2` = 28L, `3` = 24L, `4` = 20L, `5` = 24L, `6` = 15L, `7` = 28L, 
    `8` = 17L, `9` = 11L, `10` = 10L, `11` = 4L, `12` = 9L, `13` = 9L, 
    `14` = 4L, `15` = 10L, `16` = 9L, `17` = 9L, `18` = 7L, `19` = 3L, 
    `20` = 3L, `21` = 3L, `23` = 6L, `24` = 2L, `25` = 5L, `28` = 1L, 
    `29` = 1L), .Dim = 26L, .Dimnames = list(TagUsage = c("1", 
    "2", "3", "4", "5", "6", "7", "8", "9", "10", "11", "12", 
    "13", "14", "15", "16", "17", "18", "19", "20", "21", "23", 
    "24", "25", "28", "29")), class = "table"), No.Tag = structure(c(0L, 
    21L, 0L, 0L, 1L, 0L, 29L, 0L, 0L, 0L, 0L, 0L, 0L, 0L, 0L), .Dim = c(5L, 
    3L), .Dimnames = structure(list(c("-1", "0", "1", "2", NA
    ), c("G", "T", NA)), .Names = c("", "")), class = "table"), 
    All.Tags = list(Concordant = list(Freqs = structure(c(0, 
    175, 0, 0, 0, 157, 0, 0), .Dim = c(4L, 2L), .Dimnames = list(
        c("-1", "0", "1", "2"), c("G", "T"))), N = 332), Majority = list(
        Freqs = structure(c(0, 184, 0, 0, 0, 166, 0, 0), .Dim = c(4L, 
        2L), .Dimnames = list(c("-1", "0", "1", "2"), c("G", 
        "T"))), N = 350)), `2` = structure(c(0, 130, 0, 0, 0, 
    131, 0, 0), .Dim = c(4L, 2L), .Dimnames = list(c("-1", "0", 
    "1", "2"), c("G", "T"))))))
