Results <-
list(`bwa.out//20220204//BlindCMMRD53_S12.sam` = list(LR17_SNP1 = list(
    All = list(Freqs = structure(c(5L, 110L, 3283L, 32L, 1L, 
    12L, 0L, 2L, 130L, 0L, 0L, 0L), .Dim = c(6L, 2L), .Dimnames = structure(list(
        c("-2", "-1", "0", "1", "2", NA), c("A", NA)), .Names = c("", 
    "")), class = "table"), N = 3575L), Tag.Distribution = structure(c(`1` = 88L, 
    `2` = 22L, `3` = 18L, `4` = 12L, `5` = 25L, `6` = 29L, `7` = 17L, 
    `8` = 13L, `9` = 17L, `10` = 11L, `11` = 16L, `12` = 7L, 
    `13` = 12L, `14` = 8L, `15` = 10L, `16` = 7L, `17` = 14L, 
    `18` = 5L, `19` = 5L, `20` = 1L, `21` = 8L, `22` = 7L, `23` = 4L, 
    `24` = 1L, `25` = 3L, `26` = 4L, `28` = 3L, `29` = 3L, `30` = 4L, 
    `31` = 1L, `32` = 1L, `34` = 3L, `35` = 4L, `40` = 1L), .Dim = 34L, .Dimnames = list(
        TagUsage = c("1", "2", "3", "4", "5", "6", "7", "8", 
        "9", "10", "11", "12", "13", "14", "15", "16", "17", 
        "18", "19", "20", "21", "22", "23", "24", "25", "26", 
        "28", "29", "30", "31", "32", "34", "35", "40")), class = "table"), 
    No.Tag = structure(c(0L, 1L, 62L, 1L, 0L, 0L, 0L, 0L, 6L, 
    0L, 0L, 0L), .Dim = c(6L, 2L), .Dimnames = structure(list(
        c("-2", "-1", "0", "1", "2", NA), c("A", NA)), .Names = c("", 
    "")), class = "table"), All.Tags = list(Concordant = list(
        Freqs = structure(c(0, 3, 276, 3, 0), .Dim = c(5L, 1L
        ), .Dimnames = list(c("-2", "-1", "0", "1", "2"), "A")), 
        N = 282), Majority = list(Freqs = structure(c(0, 4, 367, 
    3, 0), .Dim = c(5L, 1L), .Dimnames = list(c("-2", "-1", "0", 
    "1", "2"), "A")), N = 374)), `2` = structure(c(0, 2, 293, 
    0, 0), .Dim = c(5L, 1L), .Dimnames = list(c("-2", "-1", "0", 
    "1", "2"), "A")))))
