Results <-
list(`bwa.out//20220204//BlindCMMRD69_S28.sam` = list(GM11_SNP1 = list(
    All = list(Freqs = structure(c(17L, 3832L, 8L, 4L, 0L, 5L, 
    0L, 0L, 0L, 16L, 0L, 0L), .Dim = 4:3, .Dimnames = structure(list(
        c("-1", "0", "1", NA), c("A", "G", NA)), .Names = c("", 
    "")), class = "table"), N = 3882L), Tag.Distribution = structure(c(`1` = 103L, 
    `2` = 63L, `3` = 62L, `4` = 52L, `5` = 30L, `6` = 39L, `7` = 29L, 
    `8` = 30L, `9` = 26L, `10` = 14L, `11` = 22L, `12` = 12L, 
    `13` = 17L, `14` = 10L, `15` = 16L, `16` = 12L, `17` = 5L, 
    `18` = 8L, `19` = 6L, `20` = 3L, `21` = 5L, `22` = 1L, `23` = 1L, 
    `24` = 1L, `25` = 2L, `26` = 1L, `27` = 1L, `29` = 1L, `34` = 1L, 
    `37` = 1L, `41` = 1L), .Dim = 31L, .Dimnames = list(TagUsage = c("1", 
    "2", "3", "4", "5", "6", "7", "8", "9", "10", "11", "12", 
    "13", "14", "15", "16", "17", "18", "19", "20", "21", "22", 
    "23", "24", "25", "26", "27", "29", "34", "37", "41")), class = "table"), 
    No.Tag = structure(c(0L, 56L, 0L, 0L, 0L, 0L, 0L, 0L, 0L, 
    2L, 0L, 0L), .Dim = 4:3, .Dimnames = structure(list(c("-1", 
    "0", "1", NA), c("A", "G", NA)), .Names = c("", "")), class = "table"), 
    All.Tags = list(Concordant = list(Freqs = structure(c(1, 
    550, 0, 0, 3, 0), .Dim = 3:2, .Dimnames = list(c("-1", "0", 
    "1"), c("A", "G"))), N = 554), Majority = list(Freqs = structure(c(1, 
    568, 0, 0, 3, 0), .Dim = 3:2, .Dimnames = list(c("-1", "0", 
    "1"), c("A", "G"))), N = 572)), `2` = structure(c(1, 471, 
    0, 0, 0, 0), .Dim = 3:2, .Dimnames = list(c("-1", "0", "1"
    ), c("A", "G"))))))
