Results <-
list(`bwa.out//20220204//BlindCMMRD80_S39.sam` = list(LR17_SNP1 = list(
    All = list(Freqs = structure(c(1L, 4L, 88L, 2657L, 32L, 15L, 
    0L, 0L, 0L, 1L, 0L, 0L, 0L, 0L, 1L, 104L, 0L, 0L), .Dim = c(6L, 
    3L), .Dimnames = structure(list(c("-3", "-2", "-1", "0", 
    "1", NA), c("A", "G", NA)), .Names = c("", "")), class = "table"), 
        N = 2903L), Tag.Distribution = structure(c(`1` = 84L, 
    `2` = 47L, `3` = 30L, `4` = 47L, `5` = 34L, `6` = 30L, `7` = 31L, 
    `8` = 22L, `9` = 16L, `10` = 19L, `11` = 21L, `12` = 14L, 
    `13` = 4L, `14` = 12L, `15` = 8L, `16` = 4L, `17` = 2L, `18` = 6L, 
    `19` = 2L, `20` = 2L, `21` = 3L, `22` = 3L, `23` = 1L, `24` = 1L, 
    `25` = 1L, `30` = 1L), .Dim = 26L, .Dimnames = list(TagUsage = c("1", 
    "2", "3", "4", "5", "6", "7", "8", "9", "10", "11", "12", 
    "13", "14", "15", "16", "17", "18", "19", "20", "21", "22", 
    "23", "24", "25", "30")), class = "table"), No.Tag = structure(c(0L, 
    0L, 3L, 109L, 0L, 0L, 0L, 0L, 0L, 0L, 0L, 0L, 0L, 0L, 0L, 
    4L, 0L, 0L), .Dim = c(6L, 3L), .Dimnames = structure(list(
        c("-3", "-2", "-1", "0", "1", NA), c("A", "G", NA)), .Names = c("", 
    "")), class = "table"), All.Tags = list(Concordant = list(
        Freqs = structure(c(0, 0, 4, 343, 2, 0, 0, 0, 0, 0), .Dim = c(5L, 
        2L), .Dimnames = list(c("-3", "-2", "-1", "0", "1"), 
            c("A", "G"))), N = 349), Majority = list(Freqs = structure(c(0, 
    0, 4, 427, 2, 0, 0, 0, 0, 0), .Dim = c(5L, 2L), .Dimnames = list(
        c("-3", "-2", "-1", "0", "1"), c("A", "G"))), N = 433)), 
    `2` = structure(c(0, 0, 1, 357, 0, 0, 0, 0, 0, 0), .Dim = c(5L, 
    2L), .Dimnames = list(c("-3", "-2", "-1", "0", "1"), c("A", 
    "G"))))))
