Results <-
list(`bwa.out//20220204//BlindCMMRD108_S10.sam` = list(GM17_SNP1 = list(
    All = list(Freqs = structure(c(23L, 2049L, 2L, 1L, 0L, 1L, 
    0L, 0L, 0L, 16L, 0L, 0L), .Dim = 4:3, .Dimnames = structure(list(
        c("-1", "0", "1", NA), c("C", "T", NA)), .Names = c("", 
    "")), class = "table"), N = 2092L), Tag.Distribution = structure(c(`1` = 35L, 
    `2` = 15L, `3` = 17L, `4` = 16L, `5` = 14L, `6` = 11L, `7` = 16L, 
    `8` = 13L, `9` = 5L, `10` = 11L, `11` = 8L, `12` = 11L, `13` = 4L, 
    `14` = 6L, `15` = 5L, `16` = 6L, `17` = 4L, `18` = 3L, `19` = 2L, 
    `20` = 3L, `21` = 3L, `22` = 2L, `23` = 3L, `24` = 2L, `25` = 2L, 
    `26` = 1L, `27` = 1L, `28` = 2L, `30` = 3L, `33` = 1L, `37` = 1L, 
    `44` = 1L), .Dim = 32L, .Dimnames = list(TagUsage = c("1", 
    "2", "3", "4", "5", "6", "7", "8", "9", "10", "11", "12", 
    "13", "14", "15", "16", "17", "18", "19", "20", "21", "22", 
    "23", "24", "25", "26", "27", "28", "30", "33", "37", "44"
    )), class = "table"), No.Tag = structure(c(1L, 69L, 0L, 0L, 
    0L, 0L, 0L, 0L, 0L, 1L, 0L, 0L), .Dim = 4:3, .Dimnames = structure(list(
        c("-1", "0", "1", NA), c("C", "T", NA)), .Names = c("", 
    "")), class = "table"), All.Tags = list(Concordant = list(
        Freqs = structure(c(1, 202, 0, 0, 1, 0), .Dim = 3:2, .Dimnames = list(
            c("-1", "0", "1"), c("C", "T"))), N = 204), Majority = list(
        Freqs = structure(c(1, 223, 0, 0, 1, 0), .Dim = 3:2, .Dimnames = list(
            c("-1", "0", "1"), c("C", "T"))), N = 225)), `2` = structure(c(0, 
    191, 0, 0, 0, 0), .Dim = 3:2, .Dimnames = list(c("-1", "0", 
    "1"), c("C", "T"))))))
