Results <-
list(`bwa.out//20220204//BlindCMMRD56_S15.sam` = list(LR11_SNP1 = list(
    All = list(Freqs = structure(c(3L, 40L, 2115L, 33L, 3L, 1L, 
    48L, 1322L, 7L, 2L, 0L, 0L, 2L, 0L, 0L, 0L, 0L, 1L, 0L, 0L, 
    0L, 1L, 41L, 1L, 0L), .Dim = c(5L, 5L), .Dimnames = structure(list(
        c("-2", "-1", "0", "1", NA), c("A", "C", "G", "T", NA
        )), .Names = c("", "")), class = "table"), N = 3620L), 
    Tag.Distribution = structure(c(`1` = 92L, `2` = 58L, `3` = 46L, 
    `4` = 23L, `5` = 34L, `6` = 23L, `7` = 21L, `8` = 22L, `9` = 28L, 
    `10` = 14L, `11` = 17L, `12` = 15L, `13` = 8L, `14` = 11L, 
    `15` = 14L, `16` = 11L, `17` = 9L, `18` = 3L, `19` = 10L, 
    `20` = 2L, `21` = 3L, `22` = 4L, `23` = 3L, `24` = 3L, `25` = 3L, 
    `26` = 3L, `27` = 2L, `28` = 1L, `30` = 2L, `31` = 1L, `32` = 1L, 
    `33` = 1L), .Dim = 32L, .Dimnames = list(TagUsage = c("1", 
    "2", "3", "4", "5", "6", "7", "8", "9", "10", "11", "12", 
    "13", "14", "15", "16", "17", "18", "19", "20", "21", "22", 
    "23", "24", "25", "26", "27", "28", "30", "31", "32", "33"
    )), class = "table"), No.Tag = structure(c(0L, 0L, 7L, 0L, 
    0L, 0L, 0L, 19L, 0L, 0L, 0L, 0L, 0L, 0L, 0L, 0L, 0L, 0L, 
    0L, 0L, 0L, 0L, 2L, 0L, 0L), .Dim = c(5L, 5L), .Dimnames = structure(list(
        c("-2", "-1", "0", "1", NA), c("A", "C", "G", "T", NA
        )), .Names = c("", "")), class = "table"), All.Tags = list(
        Concordant = list(Freqs = structure(c(1, 1, 222, 3, 0, 
        2, 161, 0, 0, 0, 0, 0, 0, 0, 0, 0), .Dim = c(4L, 4L), .Dimnames = list(
            c("-2", "-1", "0", "1"), c("A", "C", "G", "T"))), 
            N = 390), Majority = list(Freqs = structure(c(1, 
        1, 279, 3, 0, 2, 197, 0, 0, 0, 0, 0, 0, 0, 0, 0), .Dim = c(4L, 
        4L), .Dimnames = list(c("-2", "-1", "0", "1"), c("A", 
        "C", "G", "T"))), N = 483)), `2` = structure(c(0, 1, 
    233, 1, 0, 2, 156, 0, 0, 0, 0, 0, 0, 0, 0, 0), .Dim = c(4L, 
    4L), .Dimnames = list(c("-2", "-1", "0", "1"), c("A", "C", 
    "G", "T"))))))
