Results <-
list(`bwa.out//20220204//BlindCMMRD95_S54.sam` = list(GM11_SNP1 = list(
    All = list(Freqs = structure(c(0L, 0L, 1L, 0L, 0L, 1L, 17L, 
    5390L, 19L, 3L, 0L, 0L, 6L, 0L, 0L, 0L, 0L, 30L, 1L, 0L), .Dim = 5:4, .Dimnames = structure(list(
        c("-2", "-1", "0", "1", NA), c("-", "A", "G", NA)), .Names = c("", 
    "")), class = "table"), N = 5468L), Tag.Distribution = structure(c(`1` = 131L, 
    `2` = 53L, `3` = 40L, `4` = 37L, `5` = 31L, `6` = 22L, `7` = 29L, 
    `8` = 21L, `9` = 21L, `10` = 16L, `11` = 17L, `12` = 8L, 
    `13` = 13L, `14` = 16L, `15` = 5L, `16` = 15L, `17` = 10L, 
    `18` = 10L, `19` = 9L, `20` = 9L, `21` = 8L, `22` = 6L, `23` = 10L, 
    `24` = 5L, `25` = 3L, `26` = 2L, `27` = 2L, `28` = 5L, `29` = 4L, 
    `30` = 7L, `31` = 1L, `32` = 1L, `33` = 1L, `34` = 1L, `35` = 6L, 
    `37` = 1L, `38` = 2L, `39` = 2L, `40` = 1L, `43` = 1L, `45` = 1L, 
    `52` = 1L, `54` = 1L, `61` = 1L, `76` = 1L), .Dim = 45L, .Dimnames = list(
        TagUsage = c("1", "2", "3", "4", "5", "6", "7", "8", 
        "9", "10", "11", "12", "13", "14", "15", "16", "17", 
        "18", "19", "20", "21", "22", "23", "24", "25", "26", 
        "27", "28", "29", "30", "31", "32", "33", "34", "35", 
        "37", "38", "39", "40", "43", "45", "52", "54", "61", 
        "76")), class = "table"), No.Tag = structure(c(0L, 0L, 
    0L, 0L, 0L, 0L, 0L, 64L, 0L, 0L, 0L, 0L, 0L, 0L, 0L, 0L, 
    0L, 1L, 0L, 0L), .Dim = 5:4, .Dimnames = structure(list(c("-2", 
    "-1", "0", "1", NA), c("-", "A", "G", NA)), .Names = c("", 
    "")), class = "table"), All.Tags = list(Concordant = list(
        Freqs = structure(c(0, 0, 0, 0, 0, 0, 539, 0, 0, 0, 3, 
        0), .Dim = 4:3, .Dimnames = list(c("-2", "-1", "0", "1"
        ), c("-", "A", "G"))), N = 542), Majority = list(Freqs = structure(c(0, 
    0, 0, 0, 0, 0, 579, 0, 0, 0, 3, 0), .Dim = 4:3, .Dimnames = list(
        c("-2", "-1", "0", "1"), c("-", "A", "G"))), N = 582)), 
    `2` = structure(c(0, 0, 0, 0, 0, 0, 455, 0, 0, 0, 0, 0), .Dim = 4:3, .Dimnames = list(
        c("-2", "-1", "0", "1"), c("-", "A", "G"))))))
