Results <-
list(`bwa.out//20220204//MLPA101_S15.sam` = list(DEPDC2_SNP1 = list(
    All = list(Freqs = structure(c(0L, 0L, 2L, 0L, 0L, 0L, 0L, 
    1L, 0L, 0L, 1L, 15L, 3756L, 20L, 20L, 0L, 1L, 100L, 0L, 0L
    ), .Dim = 5:4, .Dimnames = structure(list(c("-2", "-1", "0", 
    "1", NA), c("A", "C", "T", NA)), .Names = c("", "")), class = "table"), 
        N = 3916L), Tag.Distribution = structure(c(`1` = 179L, 
    `2` = 82L, `3` = 72L, `4` = 49L, `5` = 41L, `6` = 34L, `7` = 37L, 
    `8` = 23L, `9` = 20L, `10` = 29L, `11` = 15L, `12` = 13L, 
    `13` = 13L, `14` = 10L, `15` = 9L, `16` = 7L, `17` = 4L, 
    `18` = 6L, `19` = 5L, `20` = 5L, `21` = 7L, `22` = 1L, `23` = 1L, 
    `26` = 3L, `27` = 2L, `28` = 2L, `29` = 2L, `31` = 1L, `39` = 1L
    ), .Dim = 29L, .Dimnames = list(TagUsage = c("1", "2", "3", 
    "4", "5", "6", "7", "8", "9", "10", "11", "12", "13", "14", 
    "15", "16", "17", "18", "19", "20", "21", "22", "23", "26", 
    "27", "28", "29", "31", "39")), class = "table"), No.Tag = structure(c(0L, 
    0L, 0L, 0L, 0L, 0L, 0L, 0L, 0L, 0L, 0L, 0L, 74L, 0L, 1L, 
    0L, 0L, 8L, 0L, 0L), .Dim = 5:4, .Dimnames = structure(list(
        c("-2", "-1", "0", "1", NA), c("A", "C", "T", NA)), .Names = c("", 
    "")), class = "table"), All.Tags = list(Concordant = list(
        Freqs = structure(c(0, 0, 0, 0, 0, 0, 1, 0, 0, 0, 622, 
        2), .Dim = 4:3, .Dimnames = list(c("-2", "-1", "0", "1"
        ), c("A", "C", "T"))), N = 625), Majority = list(Freqs = structure(c(0, 
    0, 0, 0, 0, 0, 1, 0, 0, 0, 652, 3), .Dim = 4:3, .Dimnames = list(
        c("-2", "-1", "0", "1"), c("A", "C", "T"))), N = 656)), 
    `2` = structure(c(0, 0, 0, 0, 0, 0, 0, 0, 0, 0, 490, 1), .Dim = 4:3, .Dimnames = list(
        c("-2", "-1", "0", "1"), c("A", "C", "T"))))))
