Results <-
list(`bwa.out//20220204//BlindCMMRD82_S41.sam` = list(GM09_SNP1 = list(
    All = list(Freqs = structure(c(10L, 3468L, 6L, 0L, 18L, 3038L, 
    8L, 2L, 0L, 1L, 0L, 0L, 0L, 29L, 0L, 0L), .Dim = c(4L, 4L
    ), .Dimnames = structure(list(c("-1", "0", "1", NA), c("A", 
    "G", "T", NA)), .Names = c("", "")), class = "table"), N = 6580L), 
    Tag.Distribution = structure(c(`1` = 106L, `2` = 71L, `3` = 74L, 
    `4` = 69L, `5` = 57L, `6` = 61L, `7` = 66L, `8` = 54L, `9` = 35L, 
    `10` = 33L, `11` = 30L, `12` = 28L, `13` = 14L, `14` = 17L, 
    `15` = 15L, `16` = 20L, `17` = 12L, `18` = 11L, `19` = 7L, 
    `20` = 11L, `21` = 11L, `22` = 5L, `23` = 5L, `24` = 5L, 
    `25` = 3L, `26` = 2L, `29` = 2L, `31` = 2L, `32` = 1L, `33` = 2L, 
    `34` = 2L, `35` = 1L, `39` = 2L, `41` = 1L), .Dim = 34L, .Dimnames = list(
        TagUsage = c("1", "2", "3", "4", "5", "6", "7", "8", 
        "9", "10", "11", "12", "13", "14", "15", "16", "17", 
        "18", "19", "20", "21", "22", "23", "24", "25", "26", 
        "29", "31", "32", "33", "34", "35", "39", "41")), class = "table"), 
    No.Tag = structure(c(1L, 57L, 0L, 0L, 0L, 54L, 0L, 0L, 0L, 
    0L, 0L, 0L, 0L, 3L, 0L, 0L), .Dim = c(4L, 4L), .Dimnames = structure(list(
        c("-1", "0", "1", NA), c("A", "G", "T", NA)), .Names = c("", 
    "")), class = "table"), All.Tags = list(Concordant = list(
        Freqs = structure(c(1, 383, 0, 0, 335, 0, 0, 0, 0), .Dim = c(3L, 
        3L), .Dimnames = list(c("-1", "0", "1"), c("A", "G", 
        "T"))), N = 719), Majority = list(Freqs = structure(c(1, 
    428, 0, 0, 391, 0, 0, 0, 0), .Dim = c(3L, 3L), .Dimnames = list(
        c("-1", "0", "1"), c("A", "G", "T"))), N = 820)), `2` = structure(c(0, 
    372, 0, 0, 345, 0, 0, 0, 0), .Dim = c(3L, 3L), .Dimnames = list(
        c("-1", "0", "1"), c("A", "G", "T"))))))
