Results <-
list(`bwa.out//20220204//Control28_S21.sam` = list(LR48_SNP1 = list(
    All = list(Freqs = structure(c(65L, 2333L, 49L, 18L, 1L, 
    38L, 3L, 0L), .Dim = c(4L, 2L), .Dimnames = structure(list(
        c("-1", "0", "1", NA), c("C", NA)), .Names = c("", ""
    )), class = "table"), N = 2507L), Tag.Distribution = structure(c(`1` = 75L, 
    `2` = 28L, `3` = 19L, `4` = 20L, `5` = 18L, `6` = 15L, `7` = 13L, 
    `8` = 13L, `9` = 12L, `10` = 12L, `11` = 11L, `12` = 8L, 
    `13` = 5L, `14` = 6L, `15` = 11L, `16` = 3L, `17` = 9L, `18` = 4L, 
    `19` = 7L, `20` = 6L, `21` = 1L, `22` = 2L, `23` = 1L, `24` = 4L, 
    `25` = 2L, `26` = 3L, `27` = 1L, `28` = 1L, `30` = 2L, `31` = 1L
    ), .Dim = 30L, .Dimnames = list(TagUsage = c("1", "2", "3", 
    "4", "5", "6", "7", "8", "9", "10", "11", "12", "13", "14", 
    "15", "16", "17", "18", "19", "20", "21", "22", "23", "24", 
    "25", "26", "27", "28", "30", "31")), class = "table"), No.Tag = structure(c(3L, 
    107L, 3L, 1L, 0L, 6L, 1L, 0L), .Dim = c(4L, 2L), .Dimnames = structure(list(
        c("-1", "0", "1", NA), c("C", NA)), .Names = c("", ""
    )), class = "table"), All.Tags = list(Concordant = list(Freqs = structure(c(1, 
    228, 1), .Dim = c(3L, 1L), .Dimnames = list(c("-1", "0", 
    "1"), "C")), N = 230), Majority = list(Freqs = structure(c(1, 
    301, 1), .Dim = c(3L, 1L), .Dimnames = list(c("-1", "0", 
    "1"), "C")), N = 303)), `2` = structure(c(0, 234, 0), .Dim = c(3L, 
    1L), .Dimnames = list(c("-1", "0", "1"), "C")))))
