Results <-
list(`bwa.out//20220204//Control12_S5.sam` = list(IM49_SNP1 = list(
    All = list(Freqs = structure(c(1L, 66L, 1463L, 30L, 20L, 
    0L, 33L, 1144L, 35L, 6L, 0L, 2L, 132L, 1L, 0L), .Dim = c(5L, 
    3L), .Dimnames = structure(list(c("-2", "-1", "0", "1", NA
    ), c("C", "G", NA)), .Names = c("", "")), class = "table"), 
        N = 2933L), Tag.Distribution = structure(c(`1` = 220L, 
    `2` = 69L, `3` = 56L, `4` = 46L, `5` = 33L, `6` = 33L, `7` = 23L, 
    `8` = 17L, `9` = 22L, `10` = 14L, `11` = 17L, `12` = 9L, 
    `13` = 11L, `14` = 5L, `15` = 8L, `16` = 5L, `17` = 5L, `18` = 7L, 
    `19` = 2L, `20` = 2L, `21` = 1L, `22` = 2L, `23` = 1L, `26` = 1L, 
    `29` = 1L, `38` = 1L), .Dim = 26L, .Dimnames = list(TagUsage = c("1", 
    "2", "3", "4", "5", "6", "7", "8", "9", "10", "11", "12", 
    "13", "14", "15", "16", "17", "18", "19", "20", "21", "22", 
    "23", "26", "29", "38")), class = "table"), No.Tag = structure(c(0L, 
    0L, 30L, 0L, 0L, 0L, 0L, 9L, 0L, 0L, 0L, 0L, 8L, 0L, 0L), .Dim = c(5L, 
    3L), .Dimnames = structure(list(c("-2", "-1", "0", "1", NA
    ), c("C", "G", NA)), .Names = c("", "")), class = "table"), 
    All.Tags = list(Concordant = list(Freqs = structure(c(0, 
    2, 239, 0, 0, 6, 202, 1), .Dim = c(4L, 2L), .Dimnames = list(
        c("-2", "-1", "0", "1"), c("C", "G"))), N = 450), Majority = list(
        Freqs = structure(c(0, 5, 295, 0, 0, 6, 242, 3), .Dim = c(4L, 
        2L), .Dimnames = list(c("-2", "-1", "0", "1"), c("C", 
        "G"))), N = 551)), `2` = structure(c(0, 3, 203, 0, 0, 
    0, 168, 3), .Dim = c(4L, 2L), .Dimnames = list(c("-2", "-1", 
    "0", "1"), c("C", "G"))))))
