Results <-
list(`bwa.out//20220204//BlindCMMRD43_S3.sam` = list(GM17_SNP1 = list(
    All = list(Freqs = structure(c(1L, 34L, 3253L, 12L, 2L, 0L, 
    0L, 10L, 0L, 0L, 0L, 0L, 31L, 0L, 0L), .Dim = c(5L, 3L), .Dimnames = structure(list(
        c("-3", "-1", "0", "1", NA), c("C", "T", NA)), .Names = c("", 
    "")), class = "table"), N = 3343L), Tag.Distribution = structure(c(`1` = 80L, 
    `2` = 30L, `3` = 28L, `4` = 24L, `5` = 15L, `6` = 23L, `7` = 9L, 
    `8` = 18L, `9` = 14L, `10` = 12L, `11` = 10L, `12` = 13L, 
    `13` = 12L, `14` = 14L, `15` = 5L, `16` = 4L, `17` = 12L, 
    `18` = 5L, `19` = 3L, `20` = 4L, `21` = 5L, `22` = 6L, `23` = 2L, 
    `24` = 2L, `25` = 4L, `26` = 3L, `27` = 3L, `28` = 4L, `29` = 3L, 
    `30` = 2L, `31` = 2L, `32` = 2L, `37` = 2L, `38` = 1L, `45` = 1L
    ), .Dim = 35L, .Dimnames = list(TagUsage = c("1", "2", "3", 
    "4", "5", "6", "7", "8", "9", "10", "11", "12", "13", "14", 
    "15", "16", "17", "18", "19", "20", "21", "22", "23", "24", 
    "25", "26", "27", "28", "29", "30", "31", "32", "37", "38", 
    "45")), class = "table"), No.Tag = structure(c(0L, 0L, 28L, 
    0L, 0L, 0L, 0L, 1L, 0L, 0L, 0L, 0L, 8L, 0L, 0L), .Dim = c(5L, 
    3L), .Dimnames = structure(list(c("-3", "-1", "0", "1", NA
    ), c("C", "T", NA)), .Names = c("", "")), class = "table"), 
    All.Tags = list(Concordant = list(Freqs = structure(c(0, 
    1, 324, 0, 0, 0, 7, 0), .Dim = c(4L, 2L), .Dimnames = list(
        c("-3", "-1", "0", "1"), c("C", "T"))), N = 332), Majority = list(
        Freqs = structure(c(0, 1, 361, 0, 0, 0, 7, 0), .Dim = c(4L, 
        2L), .Dimnames = list(c("-3", "-1", "0", "1"), c("C", 
        "T"))), N = 369)), `2` = structure(c(0, 0, 295, 0, 0, 
    0, 0, 0), .Dim = c(4L, 2L), .Dimnames = list(c("-3", "-1", 
    "0", "1"), c("C", "T"))))))
