Results <-
list(`bwa.out//20220204//BlindCMMRD48_S8.sam` = list(GM17_SNP1 = list(
    All = list(Freqs = structure(c(50L, 3718L, 11L, 4L, 1L, 4L, 
    0L, 0L, 0L, 30L, 0L, 0L), .Dim = 4:3, .Dimnames = structure(list(
        c("-1", "0", "1", NA), c("C", "T", NA)), .Names = c("", 
    "")), class = "table"), N = 3818L), Tag.Distribution = structure(c(`1` = 72L, 
    `2` = 12L, `3` = 19L, `4` = 10L, `5` = 9L, `6` = 7L, `7` = 15L, 
    `8` = 10L, `9` = 9L, `10` = 8L, `11` = 15L, `12` = 17L, `13` = 13L, 
    `14` = 8L, `15` = 6L, `16` = 10L, `17` = 5L, `18` = 2L, `19` = 5L, 
    `20` = 3L, `21` = 4L, `22` = 1L, `23` = 6L, `24` = 3L, `25` = 2L, 
    `26` = 3L, `27` = 2L, `29` = 1L, `30` = 3L, `31` = 1L, `32` = 1L, 
    `33` = 1L, `34` = 4L, `35` = 3L, `36` = 2L, `38` = 3L, `39` = 4L, 
    `40` = 2L, `41` = 2L, `44` = 3L, `45` = 1L, `46` = 2L, `52` = 2L, 
    `57` = 1L, `72` = 1L), .Dim = 45L, .Dimnames = list(TagUsage = c("1", 
    "2", "3", "4", "5", "6", "7", "8", "9", "10", "11", "12", 
    "13", "14", "15", "16", "17", "18", "19", "20", "21", "22", 
    "23", "24", "25", "26", "27", "29", "30", "31", "32", "33", 
    "34", "35", "36", "38", "39", "40", "41", "44", "45", "46", 
    "52", "57", "72")), class = "table"), No.Tag = structure(c(1L, 
    52L, 0L, 0L, 0L, 0L, 0L, 0L, 0L, 3L, 0L, 0L), .Dim = 4:3, .Dimnames = structure(list(
        c("-1", "0", "1", NA), c("C", "T", NA)), .Names = c("", 
    "")), class = "table"), All.Tags = list(Concordant = list(
        Freqs = structure(c(0, 253, 0, 1, 3, 0), .Dim = 3:2, .Dimnames = list(
            c("-1", "0", "1"), c("C", "T"))), N = 257), Majority = list(
        Freqs = structure(c(0, 301, 0, 1, 3, 0), .Dim = 3:2, .Dimnames = list(
            c("-1", "0", "1"), c("C", "T"))), N = 305)), `2` = structure(c(0, 
    240, 0, 0, 0, 0), .Dim = 3:2, .Dimnames = list(c("-1", "0", 
    "1"), c("C", "T"))))))
