Results <-
list(`bwa.out//20220204//BlindCMMRD127_S53.sam` = list(LR20_SNP1 = list(
    All = list(Freqs = structure(c(5L, 3031L, 3L, 2L, 4L, 3047L, 
    3L, 3L, 0L, 49L, 0L, 0L), .Dim = 4:3, .Dimnames = structure(list(
        c("-1", "0", "1", NA), c("A", "G", NA)), .Names = c("", 
    "")), class = "table"), N = 6147L), Tag.Distribution = structure(c(`1` = 185L, 
    `2` = 143L, `3` = 121L, `4` = 126L, `5` = 80L, `6` = 77L, 
    `7` = 51L, `8` = 48L, `9` = 41L, `10` = 30L, `11` = 21L, 
    `12` = 29L, `13` = 16L, `14` = 10L, `15` = 18L, `16` = 7L, 
    `17` = 5L, `18` = 8L, `19` = 6L, `20` = 8L, `21` = 8L, `22` = 4L, 
    `23` = 3L, `26` = 1L, `27` = 1L, `29` = 1L, `30` = 2L, `31` = 2L, 
    `33` = 1L, `34` = 1L, `41` = 1L), .Dim = 31L, .Dimnames = list(
        TagUsage = c("1", "2", "3", "4", "5", "6", "7", "8", 
        "9", "10", "11", "12", "13", "14", "15", "16", "17", 
        "18", "19", "20", "21", "22", "23", "26", "27", "29", 
        "30", "31", "33", "34", "41")), class = "table"), No.Tag = structure(c(1L, 
    49L, 0L, 0L, 0L, 33L, 0L, 1L, 0L, 4L, 0L, 0L), .Dim = 4:3, .Dimnames = structure(list(
        c("-1", "0", "1", NA), c("A", "G", NA)), .Names = c("", 
    "")), class = "table"), All.Tags = list(Concordant = list(
        Freqs = structure(c(0, 438, 0, 1, 462, 1), .Dim = 3:2, .Dimnames = list(
            c("-1", "0", "1"), c("A", "G"))), N = 902), Majority = list(
        Freqs = structure(c(0, 505, 0, 1, 527, 1), .Dim = 3:2, .Dimnames = list(
            c("-1", "0", "1"), c("A", "G"))), N = 1034)), `2` = structure(c(0, 
    424, 0, 0, 430, 0), .Dim = 3:2, .Dimnames = list(c("-1", 
    "0", "1"), c("A", "G"))))))
