Results <-
list(`bwa.out//20220204//BlindCMMRD122_S48.sam` = list(LR11_SNP1 = list(
    All = list(Freqs = structure(c(0L, 0L, 6L, 0L, 0L, 0L, 2L, 
    108L, 4580L, 28L, 1L, 34L, 0L, 4L, 24L, 0L, 0L, 0L), .Dim = c(6L, 
    3L), .Dimnames = structure(list(c("-2", "-1", "0", "1", "2", 
    NA), c("A", "C", NA)), .Names = c("", "")), class = "table"), 
        N = 4787L), Tag.Distribution = structure(c(`1` = 239L, 
    `2` = 170L, `3` = 128L, `4` = 99L, `5` = 92L, `6` = 63L, 
    `7` = 64L, `8` = 37L, `9` = 31L, `10` = 22L, `11` = 14L, 
    `12` = 13L, `13` = 17L, `14` = 7L, `15` = 10L, `16` = 4L, 
    `17` = 8L, `18` = 2L, `19` = 2L, `20` = 3L, `22` = 1L, `23` = 1L, 
    `24` = 1L, `26` = 1L, `30` = 1L, `33` = 1L), .Dim = 26L, .Dimnames = list(
        TagUsage = c("1", "2", "3", "4", "5", "6", "7", "8", 
        "9", "10", "11", "12", "13", "14", "15", "16", "17", 
        "18", "19", "20", "22", "23", "24", "26", "30", "33")), class = "table"), 
    No.Tag = structure(c(0L, 0L, 1L, 0L, 0L, 0L, 0L, 0L, 71L, 
    0L, 0L, 1L, 0L, 0L, 3L, 0L, 0L, 0L), .Dim = c(6L, 3L), .Dimnames = structure(list(
        c("-2", "-1", "0", "1", "2", NA), c("A", "C", NA)), .Names = c("", 
    "")), class = "table"), All.Tags = list(Concordant = list(
        Freqs = structure(c(0, 0, 3, 0, 0, 0, 3, 897, 0, 0), .Dim = c(5L, 
        2L), .Dimnames = list(c("-2", "-1", "0", "1", "2"), c("A", 
        "C"))), N = 903), Majority = list(Freqs = structure(c(0, 
    0, 3, 0, 0, 0, 4, 1003, 0, 0), .Dim = c(5L, 2L), .Dimnames = list(
        c("-2", "-1", "0", "1", "2"), c("A", "C"))), N = 1010)), 
    `2` = structure(c(0, 0, 0, 0, 0, 0, 1, 778, 0, 0), .Dim = c(5L, 
    2L), .Dimnames = list(c("-2", "-1", "0", "1", "2"), c("A", 
    "C"))))))
