Results <-
list(`bwa.out//20220204//BlindCMMRD123_S49.sam` = list(IM49_SNP1 = list(
    All = list(Freqs = structure(c(0L, 0L, 1L, 0L, 0L, 0L, 2L, 
    41L, 1318L, 34L, 1L, 5L, 0L, 47L, 1250L, 27L, 1L, 5L, 0L, 
    1L, 54L, 0L, 0L, 0L), .Dim = c(6L, 4L), .Dimnames = structure(list(
        c("-2", "-1", "0", "1", "2", NA), c("A", "C", "G", NA
        )), .Names = c("", "")), class = "table"), N = 2787L), 
    Tag.Distribution = structure(c(`1` = 267L, `2` = 185L, `3` = 125L, 
    `4` = 74L, `5` = 68L, `6` = 37L, `7` = 30L, `8` = 20L, `9` = 19L, 
    `10` = 7L, `11` = 10L, `12` = 3L, `13` = 1L, `14` = 2L, `15` = 1L, 
    `18` = 1L), .Dim = 16L, .Dimnames = list(TagUsage = c("1", 
    "2", "3", "4", "5", "6", "7", "8", "9", "10", "11", "12", 
    "13", "14", "15", "18")), class = "table"), No.Tag = structure(c(0L, 
    0L, 0L, 0L, 0L, 0L, 0L, 0L, 25L, 1L, 0L, 0L, 0L, 2L, 48L, 
    2L, 0L, 0L, 0L, 0L, 8L, 0L, 0L, 0L), .Dim = c(6L, 4L), .Dimnames = structure(list(
        c("-2", "-1", "0", "1", "2", NA), c("A", "C", "G", NA
        )), .Names = c("", "")), class = "table"), All.Tags = list(
        Concordant = list(Freqs = structure(c(0, 0, 0, 0, 0, 
        0, 2, 316, 4, 0, 0, 4, 340, 1, 0), .Dim = c(5L, 3L), .Dimnames = list(
            c("-2", "-1", "0", "1", "2"), c("A", "C", "G"))), 
            N = 667), Majority = list(Freqs = structure(c(0, 
        0, 0, 0, 0, 0, 3, 389, 4, 0, 0, 4, 405, 1, 0), .Dim = c(5L, 
        3L), .Dimnames = list(c("-2", "-1", "0", "1", "2"), c("A", 
        "C", "G"))), N = 806)), `2` = structure(c(0, 0, 0, 0, 
    0, 0, 1, 284, 0, 0, 0, 1, 263, 0, 0), .Dim = c(5L, 3L), .Dimnames = list(
        c("-2", "-1", "0", "1", "2"), c("A", "C", "G"))))))
