Results <-
list(`bwa.out//20220204//13D0575_S2.sam` = list(DEPDC2_SNP1 = list(
    All = list(Freqs = structure(c(0L, 1L, 0L, 0L, 36L, 4111L, 
    25L, 28L, 0L, 93L, 1L, 0L), .Dim = 4:3, .Dimnames = structure(list(
        c("-1", "0", "1", NA), c("C", "T", NA)), .Names = c("", 
    "")), class = "table"), N = 4295L), Tag.Distribution = structure(c(`1` = 227L, 
    `2` = 132L, `3` = 100L, `4` = 75L, `5` = 68L, `6` = 44L, 
    `7` = 32L, `8` = 37L, `9` = 31L, `10` = 30L, `11` = 22L, 
    `12` = 10L, `13` = 13L, `14` = 7L, `15` = 8L, `16` = 8L, 
    `17` = 2L, `18` = 4L, `19` = 5L, `20` = 2L, `21` = 4L, `23` = 3L, 
    `24` = 2L, `27` = 1L, `43` = 1L), .Dim = 25L, .Dimnames = list(
        TagUsage = c("1", "2", "3", "4", "5", "6", "7", "8", 
        "9", "10", "11", "12", "13", "14", "15", "16", "17", 
        "18", "19", "20", "21", "23", "24", "27", "43")), class = "table"), 
    No.Tag = structure(c(0L, 0L, 0L, 0L, 0L, 94L, 0L, 4L, 0L, 
    14L, 0L, 0L), .Dim = 4:3, .Dimnames = structure(list(c("-1", 
    "0", "1", NA), c("C", "T", NA)), .Names = c("", "")), class = "table"), 
    All.Tags = list(Concordant = list(Freqs = structure(c(0, 
    1, 0, 2, 807, 3), .Dim = 3:2, .Dimnames = list(c("-1", "0", 
    "1"), c("C", "T"))), N = 813), Majority = list(Freqs = structure(c(0, 
    1, 0, 3, 840, 3), .Dim = 3:2, .Dimnames = list(c("-1", "0", 
    "1"), c("C", "T"))), N = 847)), `2` = structure(c(0, 0, 0, 
    3, 634, 1), .Dim = 3:2, .Dimnames = list(c("-1", "0", "1"
    ), c("C", "T"))))))
