Results <-
list(`bwa.out//20220204//13D0575_S2.sam` = list(GM11_SNP1 = list(
    All = list(Freqs = structure(c(18L, 3051L, 17L, 0L, 4L, 0L, 
    0L, 33L, 0L), .Dim = c(3L, 3L), .Dimnames = structure(list(
        c("-1", "0", "1"), c("A", "G", NA)), .Names = c("", ""
    )), class = "table"), N = 3123L), Tag.Distribution = structure(c(`1` = 150L, 
    `2` = 91L, `3` = 72L, `4` = 51L, `5` = 44L, `6` = 30L, `7` = 34L, 
    `8` = 18L, `9` = 20L, `10` = 21L, `11` = 10L, `12` = 10L, 
    `13` = 18L, `14` = 10L, `15` = 3L, `16` = 6L, `17` = 5L, 
    `18` = 2L, `19` = 1L, `20` = 2L, `21` = 3L, `22` = 2L, `23` = 1L, 
    `26` = 1L, `29` = 2L), .Dim = 25L, .Dimnames = list(TagUsage = c("1", 
    "2", "3", "4", "5", "6", "7", "8", "9", "10", "11", "12", 
    "13", "14", "15", "16", "17", "18", "19", "20", "21", "22", 
    "23", "26", "29")), class = "table"), No.Tag = structure(c(1L, 
    58L, 0L, 0L, 0L, 0L, 0L, 0L, 0L, 1L, 0L, 0L), .Dim = 4:3, .Dimnames = structure(list(
        c("-1", "0", "1", NA), c("A", "G", NA)), .Names = c("", 
    "")), class = "table"), All.Tags = list(Concordant = list(
        Freqs = structure(c(2, 569, 3, 0, 1, 0), .Dim = 3:2, .Dimnames = list(
            c("-1", "0", "1"), c("A", "G"))), N = 575), Majority = list(
        Freqs = structure(c(2, 594, 3, 0, 1, 0), .Dim = 3:2, .Dimnames = list(
            c("-1", "0", "1"), c("A", "G"))), N = 600)), `2` = structure(c(0, 
    453, 2, 0, 0, 0), .Dim = 3:2, .Dimnames = list(c("-1", "0", 
    "1"), c("A", "G"))))))
