Results <-
list(`bwa.out//20220204//BlindCMMRD72_S31.sam` = list(LR44_SNP1 = list(
    All = list(Freqs = structure(c(0L, 0L, 0L, 1L, 0L, 0L, 0L, 
    2L, 4L, 172L, 2556L, 41L, 1L, 8L, 0L, 9L, 200L, 2467L, 54L, 
    2L, 7L, 0L, 0L, 12L, 110L, 2L, 0L, 0L), .Dim = c(7L, 4L), .Dimnames = structure(list(
        c("-3", "-2", "-1", "0", "1", "2", NA), c("A", "C", "T", 
        NA)), .Names = c("", "")), class = "table"), N = 5648L), 
    Tag.Distribution = structure(c(`1` = 140L, `2` = 70L, `3` = 81L, 
    `4` = 59L, `5` = 60L, `6` = 38L, `7` = 38L, `8` = 29L, `9` = 33L, 
    `10` = 31L, `11` = 23L, `12` = 17L, `13` = 20L, `14` = 16L, 
    `15` = 14L, `16` = 8L, `17` = 8L, `18` = 14L, `19` = 11L, 
    `20` = 4L, `21` = 6L, `22` = 8L, `23` = 11L, `24` = 1L, `25` = 4L, 
    `26` = 4L, `27` = 3L, `29` = 2L, `30` = 1L, `32` = 2L, `33` = 1L, 
    `36` = 1L, `37` = 1L, `41` = 1L), .Dim = 34L, .Dimnames = list(
        TagUsage = c("1", "2", "3", "4", "5", "6", "7", "8", 
        "9", "10", "11", "12", "13", "14", "15", "16", "17", 
        "18", "19", "20", "21", "22", "23", "24", "25", "26", 
        "27", "29", "30", "32", "33", "36", "37", "41")), class = "table"), 
    No.Tag = structure(c(0L, 0L, 0L, 0L, 0L, 0L, 0L, 1L, 0L, 
    7L, 67L, 0L, 0L, 0L, 0L, 0L, 7L, 49L, 0L, 0L, 0L, 0L, 0L, 
    2L, 4L, 0L, 0L, 0L), .Dim = c(7L, 4L), .Dimnames = structure(list(
        c("-3", "-2", "-1", "0", "1", "2", NA), c("A", "C", "T", 
        NA)), .Names = c("", "")), class = "table"), All.Tags = list(
        Concordant = list(Freqs = structure(c(0, 0, 0, 0, 0, 
        0, 0, 0, 10, 213, 2, 0, 0, 0, 7, 225, 1, 0), .Dim = c(6L, 
        3L), .Dimnames = list(c("-3", "-2", "-1", "0", "1", "2"
        ), c("A", "C", "T"))), N = 458), Majority = list(Freqs = structure(c(0, 
        0, 0, 0, 0, 0, 0, 0, 11, 342, 3, 0, 0, 0, 9, 364, 2, 
        0), .Dim = c(6L, 3L), .Dimnames = list(c("-3", "-2", 
        "-1", "0", "1", "2"), c("A", "C", "T"))), N = 731)), 
    `2` = structure(c(0, 0, 0, 0, 0, 0, 0, 0, 2, 293, 1, 0, 0, 
    0, 5, 296, 1, 0), .Dim = c(6L, 3L), .Dimnames = list(c("-3", 
    "-2", "-1", "0", "1", "2"), c("A", "C", "T"))))))
