Results <-
list(`bwa.out//20220204//Control28_S21.sam` = list(GM09_SNP1 = list(
    All = list(Freqs = structure(c(24L, 2897L, 2L, 1L, 2L, 0L, 
    0L, 12L, 0L), .Dim = c(3L, 3L), .Dimnames = structure(list(
        c("-1", "0", "1"), c("A", "G", NA)), .Names = c("", ""
    )), class = "table"), N = 2938L), Tag.Distribution = structure(c(`1` = 126L, 
    `2` = 55L, `3` = 61L, `4` = 46L, `5` = 31L, `6` = 28L, `7` = 33L, 
    `8` = 18L, `9` = 11L, `10` = 10L, `11` = 13L, `12` = 8L, 
    `13` = 16L, `14` = 8L, `15` = 9L, `16` = 2L, `17` = 9L, `18` = 9L, 
    `19` = 5L, `20` = 3L, `22` = 1L, `23` = 1L, `24` = 2L, `26` = 1L, 
    `30` = 1L), .Dim = 25L, .Dimnames = list(TagUsage = c("1", 
    "2", "3", "4", "5", "6", "7", "8", "9", "10", "11", "12", 
    "13", "14", "15", "16", "17", "18", "19", "20", "22", "23", 
    "24", "26", "30")), class = "table"), No.Tag = structure(c(1L, 
    89L, 1L, 0L, 0L, 0L, 0L, 0L, 0L, 2L, 0L, 0L), .Dim = 4:3, .Dimnames = structure(list(
        c("-1", "0", "1", NA), c("A", "G", NA)), .Names = c("", 
    "")), class = "table"), All.Tags = list(Concordant = list(
        Freqs = structure(c(1, 487, 0, 1, 2, 0), .Dim = 3:2, .Dimnames = list(
            c("-1", "0", "1"), c("A", "G"))), N = 491), Majority = list(
        Freqs = structure(c(2, 497, 0, 1, 2, 0), .Dim = 3:2, .Dimnames = list(
            c("-1", "0", "1"), c("A", "G"))), N = 502)), `2` = structure(c(1, 
    379, 0, 0, 0, 0), .Dim = 3:2, .Dimnames = list(c("-1", "0", 
    "1"), c("A", "G"))))))
