Results <-
list(`bwa.out//20220204//Control23_S16.sam` = list(LR48_SNP1 = list(
    All = list(Freqs = structure(c(0L, 0L, 1L, 0L, 0L, 1L, 60L, 
    2286L, 36L, 11L, 0L, 0L, 22L, 0L, 0L, 0L, 3L, 20L, 0L, 0L
    ), .Dim = 5:4, .Dimnames = structure(list(c("-2", "-1", "0", 
    "1", NA), c("A", "C", "T", NA)), .Names = c("", "")), class = "table"), 
        N = 2440L), Tag.Distribution = structure(c(`1` = 68L, 
    `2` = 26L, `3` = 35L, `4` = 20L, `5` = 15L, `6` = 17L, `7` = 15L, 
    `8` = 15L, `9` = 10L, `10` = 6L, `11` = 12L, `12` = 11L, 
    `13` = 6L, `14` = 4L, `15` = 8L, `16` = 5L, `17` = 5L, `18` = 5L, 
    `19` = 7L, `20` = 2L, `21` = 2L, `22` = 3L, `23` = 3L, `24` = 3L, 
    `25` = 1L, `26` = 1L, `27` = 3L, `29` = 1L, `31` = 1L, `33` = 1L, 
    `36` = 1L, `45` = 1L), .Dim = 32L, .Dimnames = list(TagUsage = c("1", 
    "2", "3", "4", "5", "6", "7", "8", "9", "10", "11", "12", 
    "13", "14", "15", "16", "17", "18", "19", "20", "21", "22", 
    "23", "24", "25", "26", "27", "29", "31", "33", "36", "45"
    )), class = "table"), No.Tag = structure(c(0L, 0L, 0L, 0L, 
    0L, 0L, 4L, 75L, 0L, 0L, 0L, 0L, 0L, 0L, 0L, 0L, 1L, 2L, 
    0L, 0L), .Dim = 5:4, .Dimnames = structure(list(c("-2", "-1", 
    "0", "1", NA), c("A", "C", "T", NA)), .Names = c("", "")), class = "table"), 
    All.Tags = list(Concordant = list(Freqs = structure(c(0, 
    0, 0, 0, 0, 1, 243, 1, 0, 0, 2, 0), .Dim = 4:3, .Dimnames = list(
        c("-2", "-1", "0", "1"), c("A", "C", "T"))), N = 247), 
        Majority = list(Freqs = structure(c(0, 0, 0, 0, 0, 1, 
        303, 1, 0, 0, 2, 0), .Dim = 4:3, .Dimnames = list(c("-2", 
        "-1", "0", "1"), c("A", "C", "T"))), N = 307)), `2` = structure(c(0, 
    0, 0, 0, 0, 0, 241, 0, 0, 0, 1, 0), .Dim = 4:3, .Dimnames = list(
        c("-2", "-1", "0", "1"), c("A", "C", "T"))))))
