Results <-
list(`bwa.out//20220204//BlindCMMRD69_S28.sam` = list(LR17_SNP1 = list(
    All = list(Freqs = structure(c(89L, 2486L, 24L, 10L, 0L, 
    2L, 0L, 0L, 0L, 83L, 0L, 0L), .Dim = 4:3, .Dimnames = structure(list(
        c("-1", "0", "1", NA), c("A", "G", NA)), .Names = c("", 
    "")), class = "table"), N = 2694L), Tag.Distribution = structure(c(`1` = 72L, 
    `2` = 25L, `3` = 27L, `4` = 18L, `5` = 25L, `6` = 25L, `7` = 24L, 
    `8` = 11L, `9` = 7L, `10` = 12L, `11` = 11L, `12` = 12L, 
    `13` = 10L, `14` = 11L, `15` = 13L, `16` = 9L, `17` = 11L, 
    `18` = 4L, `19` = 2L, `20` = 4L, `21` = 2L, `22` = 4L, `23` = 2L, 
    `24` = 1L, `25` = 2L, `27` = 3L, `29` = 1L, `48` = 1L), .Dim = 28L, .Dimnames = list(
        TagUsage = c("1", "2", "3", "4", "5", "6", "7", "8", 
        "9", "10", "11", "12", "13", "14", "15", "16", "17", 
        "18", "19", "20", "21", "22", "23", "24", "25", "27", 
        "29", "48")), class = "table"), No.Tag = structure(c(1L, 
    28L, 0L, 0L, 0L, 0L, 0L, 0L, 0L, 3L, 0L, 0L), .Dim = 4:3, .Dimnames = structure(list(
        c("-1", "0", "1", NA), c("A", "G", NA)), .Names = c("", 
    "")), class = "table"), All.Tags = list(Concordant = list(
        Freqs = structure(c(4, 266, 1, 0, 0, 0), .Dim = 3:2, .Dimnames = list(
            c("-1", "0", "1"), c("A", "G"))), N = 271), Majority = list(
        Freqs = structure(c(6, 336, 1, 0, 0, 0), .Dim = 3:2, .Dimnames = list(
            c("-1", "0", "1"), c("A", "G"))), N = 343)), `2` = structure(c(3, 
    273, 0, 0, 0, 0), .Dim = 3:2, .Dimnames = list(c("-1", "0", 
    "1"), c("A", "G"))))))
