Results <-
list(`bwa.out//20220204//BlindCMMRD87_S46.sam` = list(LR52_SNP1 = list(
    All = list(Freqs = structure(c(0L, 1L, 0L, 0L, 0L, 0L, 3L, 
    57L, 771L, 4406L, 73L, 71L, 0L, 0L, 15L, 199L, 3L, 0L), .Dim = c(6L, 
    3L), .Dimnames = structure(list(c("-3", "-2", "-1", "0", 
    "1", NA), c("C", "T", NA)), .Names = c("", "")), class = "table"), 
        N = 5599L), Tag.Distribution = structure(c(`1` = 69L, 
    `2` = 30L, `3` = 14L, `4` = 21L, `5` = 15L, `6` = 22L, `7` = 20L, 
    `8` = 18L, `9` = 13L, `10` = 9L, `11` = 14L, `12` = 5L, `13` = 11L, 
    `14` = 8L, `15` = 13L, `16` = 10L, `17` = 7L, `18` = 4L, 
    `19` = 12L, `20` = 6L, `21` = 8L, `22` = 5L, `23` = 6L, `24` = 4L, 
    `25` = 4L, `26` = 2L, `27` = 5L, `28` = 7L, `29` = 5L, `30` = 4L, 
    `31` = 3L, `32` = 3L, `33` = 4L, `34` = 3L, `35` = 1L, `36` = 1L, 
    `37` = 1L, `39` = 3L, `41` = 2L, `43` = 4L, `44` = 4L, `45` = 1L, 
    `47` = 1L, `48` = 1L, `49` = 1L, `51` = 1L, `52` = 2L, `53` = 1L, 
    `58` = 1L, `59` = 1L, `61` = 1L, `64` = 1L, `65` = 1L, `80` = 1L
    ), .Dim = 54L, .Dimnames = list(TagUsage = c("1", "2", "3", 
    "4", "5", "6", "7", "8", "9", "10", "11", "12", "13", "14", 
    "15", "16", "17", "18", "19", "20", "21", "22", "23", "24", 
    "25", "26", "27", "28", "29", "30", "31", "32", "33", "34", 
    "35", "36", "37", "39", "41", "43", "44", "45", "47", "48", 
    "49", "51", "52", "53", "58", "59", "61", "64", "65", "80"
    )), class = "table"), No.Tag = structure(c(0L, 0L, 0L, 0L, 
    0L, 0L, 0L, 2L, 16L, 133L, 0L, 1L, 0L, 0L, 0L, 9L, 0L, 0L
    ), .Dim = c(6L, 3L), .Dimnames = structure(list(c("-3", "-2", 
    "-1", "0", "1", NA), c("C", "T", NA)), .Names = c("", "")), class = "table"), 
    All.Tags = list(Concordant = list(Freqs = structure(c(0, 
    1, 0, 0, 0, 0, 0, 13, 159, 6), .Dim = c(5L, 2L), .Dimnames = list(
        c("-3", "-2", "-1", "0", "1"), c("C", "T"))), N = 179), 
        Majority = list(Freqs = structure(c(0, 1, 0, 0, 0, 0, 
        0, 34, 348, 8), .Dim = c(5L, 2L), .Dimnames = list(c("-3", 
        "-2", "-1", "0", "1"), c("C", "T"))), N = 391)), `2` = structure(c(0, 
    0, 0, 0, 0, 0, 0, 29, 307, 3), .Dim = c(5L, 2L), .Dimnames = list(
        c("-3", "-2", "-1", "0", "1"), c("C", "T"))))))
