Results <-
list(`bwa.out//20220204//MLPA79_S11.sam` = list(GM09_SNP1 = list(
    All = list(Freqs = structure(c(0L, 7L, 0L, 0L, 1L, 0L, 23L, 
    4756L, 3L, 0L, 27L, 1L), .Dim = 3:4, .Dimnames = structure(list(
        c("-1", "0", "1"), c("A", "C", "G", NA)), .Names = c("", 
    "")), class = "table"), N = 4818L), Tag.Distribution = structure(c(`1` = 167L, 
    `2` = 85L, `3` = 65L, `4` = 64L, `5` = 43L, `6` = 40L, `7` = 42L, 
    `8` = 26L, `9` = 24L, `10` = 22L, `11` = 14L, `12` = 17L, 
    `13` = 7L, `14` = 21L, `15` = 9L, `16` = 9L, `17` = 15L, 
    `18` = 5L, `19` = 8L, `20` = 5L, `21` = 8L, `22` = 5L, `23` = 4L, 
    `24` = 6L, `25` = 4L, `26` = 1L, `27` = 4L, `28` = 1L, `29` = 2L, 
    `30` = 1L, `33` = 1L, `36` = 1L), .Dim = 32L, .Dimnames = list(
        TagUsage = c("1", "2", "3", "4", "5", "6", "7", "8", 
        "9", "10", "11", "12", "13", "14", "15", "16", "17", 
        "18", "19", "20", "21", "22", "23", "24", "25", "26", 
        "27", "28", "29", "30", "33", "36")), class = "table"), 
    No.Tag = structure(c(0L, 0L, 0L, 0L, 0L, 0L, 0L, 0L, 0L, 
    81L, 0L, 0L, 0L, 4L, 0L, 0L), .Dim = c(4L, 4L), .Dimnames = structure(list(
        c("-1", "0", "1", NA), c("A", "C", "G", NA)), .Names = c("", 
    "")), class = "table"), All.Tags = list(Concordant = list(
        Freqs = structure(c(0, 5, 0, 0, 0, 0, 0, 693, 0), .Dim = c(3L, 
        3L), .Dimnames = list(c("-1", "0", "1"), c("A", "C", 
        "G"))), N = 698), Majority = list(Freqs = structure(c(0, 
    5, 0, 0, 0, 0, 0, 716, 0), .Dim = c(3L, 3L), .Dimnames = list(
        c("-1", "0", "1"), c("A", "C", "G"))), N = 721)), `2` = structure(c(0, 
    0, 0, 0, 0, 0, 0, 558, 0), .Dim = c(3L, 3L), .Dimnames = list(
        c("-1", "0", "1"), c("A", "C", "G"))))))
