Results <-
list(`bwa.out//20220204//BlindCMMRD74_S33.sam` = list(GM29_SNP1 = list(
    All = list(Freqs = structure(c(1L, 42L, 3755L, 12L, 4L, 0L, 
    0L, 4L, 0L, 0L, 0L, 0L, 27L, 0L, 0L), .Dim = c(5L, 3L), .Dimnames = structure(list(
        c("-2", "-1", "0", "1", NA), c("A", "G", NA)), .Names = c("", 
    "")), class = "table"), N = 3845L), Tag.Distribution = structure(c(`1` = 84L, 
    `2` = 37L, `3` = 26L, `4` = 35L, `5` = 32L, `6` = 22L, `7` = 28L, 
    `8` = 21L, `9` = 22L, `10` = 15L, `11` = 12L, `12` = 13L, 
    `13` = 11L, `14` = 13L, `15` = 12L, `16` = 5L, `17` = 4L, 
    `18` = 9L, `19` = 3L, `20` = 6L, `21` = 4L, `22` = 4L, `23` = 5L, 
    `24` = 5L, `25` = 3L, `26` = 2L, `28` = 1L, `29` = 4L, `31` = 1L, 
    `32` = 1L, `33` = 1L, `34` = 1L, `35` = 1L, `37` = 1L, `42` = 1L, 
    `43` = 1L, `44` = 1L, `50` = 1L, `55` = 1L), .Dim = 39L, .Dimnames = list(
        TagUsage = c("1", "2", "3", "4", "5", "6", "7", "8", 
        "9", "10", "11", "12", "13", "14", "15", "16", "17", 
        "18", "19", "20", "21", "22", "23", "24", "25", "26", 
        "28", "29", "31", "32", "33", "34", "35", "37", "42", 
        "43", "44", "50", "55")), class = "table"), No.Tag = structure(c(0L, 
    0L, 67L, 0L, 0L, 0L, 0L, 0L, 0L, 0L, 0L, 0L, 4L, 0L, 0L), .Dim = c(5L, 
    3L), .Dimnames = structure(list(c("-2", "-1", "0", "1", NA
    ), c("A", "G", NA)), .Names = c("", "")), class = "table"), 
    All.Tags = list(Concordant = list(Freqs = structure(c(0, 
    1, 396, 0, 0, 0, 2, 0), .Dim = c(4L, 2L), .Dimnames = list(
        c("-2", "-1", "0", "1"), c("A", "G"))), N = 399), Majority = list(
        Freqs = structure(c(0, 1, 444, 0, 0, 0, 2, 0), .Dim = c(4L, 
        2L), .Dimnames = list(c("-2", "-1", "0", "1"), c("A", 
        "G"))), N = 447)), `2` = structure(c(0, 0, 365, 0, 0, 
    0, 0, 0), .Dim = c(4L, 2L), .Dimnames = list(c("-2", "-1", 
    "0", "1"), c("A", "G"))))))
