Results <-
list(`bwa.out//20220204//Control13_S6.sam` = list(LR44_SNP1 = list(
    All = list(Freqs = structure(c(202L, 2596L, 34L, 11L, 0L, 
    2L, 0L, 0L, 0L, 34L, 0L, 0L), .Dim = 4:3, .Dimnames = structure(list(
        c("-1", "0", "1", NA), c("C", "T", NA)), .Names = c("", 
    "")), class = "table"), N = 2879L), Tag.Distribution = structure(c(`1` = 115L, 
    `2` = 71L, `3` = 48L, `4` = 46L, `5` = 32L, `6` = 41L, `7` = 26L, 
    `8` = 21L, `9` = 22L, `10` = 17L, `11` = 12L, `12` = 13L, 
    `13` = 9L, `14` = 13L, `15` = 2L, `16` = 5L, `17` = 7L, `18` = 4L, 
    `19` = 5L, `20` = 1L, `21` = 1L, `23` = 1L, `25` = 1L, `26` = 1L, 
    `36` = 1L), .Dim = 25L, .Dimnames = list(TagUsage = c("1", 
    "2", "3", "4", "5", "6", "7", "8", "9", "10", "11", "12", 
    "13", "14", "15", "16", "17", "18", "19", "20", "21", "23", 
    "25", "26", "36")), class = "table"), No.Tag = structure(c(0L, 
    28L, 1L, 1L, 0L, 1L, 0L, 0L, 0L, 5L, 0L, 0L), .Dim = 4:3, .Dimnames = structure(list(
        c("-1", "0", "1", NA), c("C", "T", NA)), .Names = c("", 
    "")), class = "table"), All.Tags = list(Concordant = list(
        Freqs = structure(c(13, 351, 1, 0, 0, 0), .Dim = 3:2, .Dimnames = list(
            c("-1", "0", "1"), c("C", "T"))), N = 365), Majority = list(
        Freqs = structure(c(14, 488, 1, 0, 0, 0), .Dim = 3:2, .Dimnames = list(
            c("-1", "0", "1"), c("C", "T"))), N = 503)), `2` = structure(c(4, 
    387, 0, 0, 0, 0), .Dim = 3:2, .Dimnames = list(c("-1", "0", 
    "1"), c("C", "T"))))))
