Results <-
list(`bwa.out//20220204//BlindCMMRD72_S31.sam` = list(GM26_SNP1 = list(
    All = list(Freqs = structure(c(1L, 19L, 3472L, 8L, 2L, 0L, 
    2L, 21L, 0L, 0L), .Dim = c(5L, 2L), .Dimnames = structure(list(
        c("-2", "-1", "0", "1", NA), c("A", NA)), .Names = c("", 
    "")), class = "table"), N = 3525L), Tag.Distribution = structure(c(`1` = 103L, 
    `2` = 60L, `3` = 43L, `4` = 43L, `5` = 43L, `6` = 28L, `7` = 32L, 
    `8` = 20L, `9` = 26L, `10` = 15L, `11` = 12L, `12` = 12L, 
    `13` = 12L, `14` = 11L, `15` = 11L, `16` = 2L, `17` = 5L, 
    `18` = 5L, `19` = 2L, `20` = 3L, `21` = 4L, `22` = 2L, `23` = 2L, 
    `24` = 2L, `25` = 5L, `27` = 3L, `28` = 2L, `29` = 1L, `30` = 2L, 
    `31` = 1L, `32` = 1L, `33` = 1L, `35` = 1L, `52` = 1L), .Dim = 34L, .Dimnames = list(
        TagUsage = c("1", "2", "3", "4", "5", "6", "7", "8", 
        "9", "10", "11", "12", "13", "14", "15", "16", "17", 
        "18", "19", "20", "21", "22", "23", "24", "25", "27", 
        "28", "29", "30", "31", "32", "33", "35", "52")), class = "table"), 
    No.Tag = structure(c(0L, 0L, 36L, 0L, 0L, 0L, 0L, 2L, 0L, 
    0L), .Dim = c(5L, 2L), .Dimnames = structure(list(c("-2", 
    "-1", "0", "1", NA), c("A", NA)), .Names = c("", "")), class = "table"), 
    All.Tags = list(Concordant = list(Freqs = structure(c(0, 
    1, 485, 0), .Dim = c(4L, 1L), .Dimnames = list(c("-2", "-1", 
    "0", "1"), "A")), N = 486), Majority = list(Freqs = structure(c(0, 
    1, 510, 0), .Dim = c(4L, 1L), .Dimnames = list(c("-2", "-1", 
    "0", "1"), "A")), N = 511)), `2` = structure(c(0, 0, 413, 
    0), .Dim = c(4L, 1L), .Dimnames = list(c("-2", "-1", "0", 
    "1"), "A")))))
