Results <-
list(`bwa.out//20220204//BlindCMMRD118_S44.sam` = list(GM01_SNP1 = list(
    All = list(Freqs = structure(c(44L, 2969L, 7L, 16L, 40L, 
    2801L, 12L, 18L, 0L, 46L, 0L, 0L), .Dim = 4:3, .Dimnames = structure(list(
        c("-1", "0", "1", NA), c("A", "G", NA)), .Names = c("", 
    "")), class = "table"), N = 5953L), Tag.Distribution = structure(c(`1` = 279L, 
    `2` = 237L, `3` = 194L, `4` = 180L, `5` = 130L, `6` = 109L, 
    `7` = 77L, `8` = 61L, `9` = 40L, `10` = 28L, `11` = 23L, 
    `12` = 12L, `13` = 9L, `14` = 6L, `16` = 4L, `18` = 2L, `24` = 2L, 
    `25` = 2L, `26` = 1L), .Dim = 19L, .Dimnames = list(TagUsage = c("1", 
    "2", "3", "4", "5", "6", "7", "8", "9", "10", "11", "12", 
    "13", "14", "16", "18", "24", "25", "26")), class = "table"), 
    No.Tag = structure(c(0L, 43L, 0L, 0L, 0L, 58L, 0L, 1L, 0L, 
    3L, 0L, 0L), .Dim = 4:3, .Dimnames = structure(list(c("-1", 
    "0", "1", NA), c("A", "G", NA)), .Names = c("", "")), class = "table"), 
    All.Tags = list(Concordant = list(Freqs = structure(c(3, 
    557, 0, 1, 533, 2), .Dim = 3:2, .Dimnames = list(c("-1", 
    "0", "1"), c("A", "G"))), N = 1096), Majority = list(Freqs = structure(c(3, 
    669, 0, 1, 664, 2), .Dim = 3:2, .Dimnames = list(c("-1", 
    "0", "1"), c("A", "G"))), N = 1339)), `2` = structure(c(0, 
    549, 0, 0, 519, 0), .Dim = 3:2, .Dimnames = list(c("-1", 
    "0", "1"), c("A", "G"))))))
