Results <-
list(`bwa.out//20220204//BlindCMMRD45_S5.sam` = list(LR40_SNP1 = list(
    All = list(Freqs = structure(c(48L, 4946L, 11L, 5L, 0L, 1L, 
    0L, 0L, 0L, 2L, 0L, 0L, 0L, 25L, 0L, 0L), .Dim = c(4L, 4L
    ), .Dimnames = structure(list(c("-1", "0", "1", NA), c("C", 
    "G", "T", NA)), .Names = c("", "")), class = "table"), N = 5038L), 
    Tag.Distribution = structure(c(`1` = 75L, `2` = 29L, `3` = 26L, 
    `4` = 24L, `5` = 23L, `6` = 23L, `7` = 22L, `8` = 22L, `9` = 17L, 
    `10` = 9L, `11` = 7L, `12` = 15L, `13` = 8L, `14` = 10L, 
    `15` = 7L, `16` = 13L, `17` = 10L, `18` = 5L, `19` = 6L, 
    `20` = 6L, `21` = 5L, `22` = 4L, `23` = 7L, `24` = 6L, `25` = 6L, 
    `26` = 2L, `27` = 4L, `28` = 3L, `29` = 3L, `31` = 1L, `32` = 2L, 
    `33` = 7L, `34` = 1L, `35` = 4L, `36` = 1L, `37` = 1L, `38` = 2L, 
    `40` = 1L, `42` = 1L, `43` = 2L, `46` = 1L, `47` = 1L, `49` = 1L, 
    `50` = 1L, `51` = 1L, `53` = 1L, `54` = 1L, `55` = 1L, `60` = 1L, 
    `62` = 1L, `65` = 1L, `71` = 1L), .Dim = 52L, .Dimnames = list(
        TagUsage = c("1", "2", "3", "4", "5", "6", "7", "8", 
        "9", "10", "11", "12", "13", "14", "15", "16", "17", 
        "18", "19", "20", "21", "22", "23", "24", "25", "26", 
        "27", "28", "29", "31", "32", "33", "34", "35", "36", 
        "37", "38", "40", "42", "43", "46", "47", "49", "50", 
        "51", "53", "54", "55", "60", "62", "65", "71")), class = "table"), 
    No.Tag = structure(c(1L, 133L, 0L, 1L, 0L, 0L, 0L, 0L, 0L, 
    0L, 0L, 0L, 0L, 3L, 0L, 0L), .Dim = c(4L, 4L), .Dimnames = structure(list(
        c("-1", "0", "1", NA), c("C", "G", "T", NA)), .Names = c("", 
    "")), class = "table"), All.Tags = list(Concordant = list(
        Freqs = structure(c(1, 378, 0, 0, 0, 0, 0, 0, 0), .Dim = c(3L, 
        3L), .Dimnames = list(c("-1", "0", "1"), c("C", "G", 
        "T"))), N = 379), Majority = list(Freqs = structure(c(2, 
    425, 0, 0, 0, 0, 0, 0, 0), .Dim = c(3L, 3L), .Dimnames = list(
        c("-1", "0", "1"), c("C", "G", "T"))), N = 427)), `2` = structure(c(1, 
    355, 0, 0, 0, 0, 0, 0, 0), .Dim = c(3L, 3L), .Dimnames = list(
        c("-1", "0", "1"), c("C", "G", "T"))))))
