Results <-
list(`bwa.out//20220204//BlindCMMRD42_S2.sam` = list(GM14_SNP1 = list(
    All = list(Freqs = structure(c(2L, 111L, 3502L, 30L, 9L, 
    0L, 1L, 3L, 0L, 0L, 0L, 0L, 29L, 0L, 0L), .Dim = c(5L, 3L
    ), .Dimnames = structure(list(c("-2", "-1", "0", "1", NA), 
        c("C", "T", NA)), .Names = c("", "")), class = "table"), 
        N = 3687L), Tag.Distribution = structure(c(`1` = 45L, 
    `2` = 19L, `3` = 9L, `4` = 12L, `5` = 5L, `6` = 8L, `7` = 10L, 
    `8` = 9L, `9` = 8L, `10` = 8L, `11` = 6L, `12` = 7L, `13` = 7L, 
    `14` = 4L, `15` = 10L, `16` = 7L, `17` = 5L, `18` = 8L, `19` = 4L, 
    `20` = 6L, `21` = 4L, `22` = 1L, `23` = 3L, `24` = 3L, `25` = 2L, 
    `27` = 3L, `28` = 1L, `29` = 4L, `30` = 1L, `31` = 2L, `32` = 4L, 
    `33` = 2L, `34` = 1L, `35` = 2L, `36` = 2L, `37` = 3L, `38` = 2L, 
    `39` = 1L, `40` = 3L, `41` = 1L, `42` = 1L, `43` = 2L, `45` = 1L, 
    `46` = 2L, `48` = 1L, `50` = 1L, `51` = 2L, `53` = 1L, `59` = 1L, 
    `60` = 2L), .Dim = 50L, .Dimnames = list(TagUsage = c("1", 
    "2", "3", "4", "5", "6", "7", "8", "9", "10", "11", "12", 
    "13", "14", "15", "16", "17", "18", "19", "20", "21", "22", 
    "23", "24", "25", "27", "28", "29", "30", "31", "32", "33", 
    "34", "35", "36", "37", "38", "39", "40", "41", "42", "43", 
    "45", "46", "48", "50", "51", "53", "59", "60")), class = "table"), 
    No.Tag = structure(c(0L, 2L, 100L, 1L, 1L, 0L, 0L, 0L, 0L, 
    0L, 0L, 0L, 6L, 0L, 0L), .Dim = c(5L, 3L), .Dimnames = structure(list(
        c("-2", "-1", "0", "1", NA), c("C", "T", NA)), .Names = c("", 
    "")), class = "table"), All.Tags = list(Concordant = list(
        Freqs = structure(c(0, 1, 171, 0, 0, 1, 3, 0), .Dim = c(4L, 
        2L), .Dimnames = list(c("-2", "-1", "0", "1"), c("C", 
        "T"))), N = 176), Majority = list(Freqs = structure(c(0, 
    1, 247, 0, 0, 1, 3, 0), .Dim = c(4L, 2L), .Dimnames = list(
        c("-2", "-1", "0", "1"), c("C", "T"))), N = 252)), `2` = structure(c(0, 
    0, 207, 0, 0, 0, 0, 0), .Dim = c(4L, 2L), .Dimnames = list(
        c("-2", "-1", "0", "1"), c("C", "T"))))))
