Results <-
list(`bwa.out//20220204//MLPA03_S10.sam` = list(IM16_SNP1 = list(
    All = list(Freqs = structure(c(50L, 5309L, 81L, 5L, 0L, 3L, 
    0L, 0L, 1L, 88L, 0L, 0L), .Dim = 4:3, .Dimnames = structure(list(
        c("-1", "0", "1", NA), c("A", "G", NA)), .Names = c("", 
    "")), class = "table"), N = 5537L), Tag.Distribution = structure(c(`1` = 149L, 
    `2` = 58L, `3` = 37L, `4` = 28L, `5` = 37L, `6` = 22L, `7` = 21L, 
    `8` = 19L, `9` = 20L, `10` = 10L, `11` = 12L, `12` = 11L, 
    `13` = 16L, `14` = 16L, `15` = 11L, `16` = 12L, `17` = 11L, 
    `18` = 8L, `19` = 8L, `20` = 5L, `21` = 7L, `22` = 7L, `23` = 10L, 
    `24` = 1L, `25` = 3L, `26` = 6L, `27` = 1L, `28` = 4L, `29` = 5L, 
    `30` = 1L, `31` = 8L, `32` = 2L, `33` = 2L, `34` = 1L, `37` = 3L, 
    `38` = 2L, `39` = 3L, `40` = 1L, `41` = 1L, `42` = 1L, `43` = 3L, 
    `44` = 1L, `48` = 1L, `50` = 1L, `55` = 1L, `65` = 1L), .Dim = 46L, .Dimnames = list(
        TagUsage = c("1", "2", "3", "4", "5", "6", "7", "8", 
        "9", "10", "11", "12", "13", "14", "15", "16", "17", 
        "18", "19", "20", "21", "22", "23", "24", "25", "26", 
        "27", "28", "29", "30", "31", "32", "33", "34", "37", 
        "38", "39", "40", "41", "42", "43", "44", "48", "50", 
        "55", "65")), class = "table"), No.Tag = structure(c(1L, 
    166L, 2L, 0L, 0L, 0L, 0L, 0L, 0L, 18L, 0L, 0L), .Dim = 4:3, .Dimnames = structure(list(
        c("-1", "0", "1", NA), c("A", "G", NA)), .Names = c("", 
    "")), class = "table"), All.Tags = list(Concordant = list(
        Freqs = structure(c(1, 471, 3, 0, 2, 0), .Dim = 3:2, .Dimnames = list(
            c("-1", "0", "1"), c("A", "G"))), N = 477), Majority = list(
        Freqs = structure(c(2, 568, 3, 0, 2, 0), .Dim = 3:2, .Dimnames = list(
            c("-1", "0", "1"), c("A", "G"))), N = 575)), `2` = structure(c(1, 
    436, 1, 0, 0, 0), .Dim = 3:2, .Dimnames = list(c("-1", "0", 
    "1"), c("A", "G"))))))
