Results <-
list(`bwa.out//20220204//Control25_S18.sam` = list(LR10_SNP1 = list(
    All = list(Freqs = structure(c(1L, 32L, 998L, 4L, 1L, 0L, 
    7L, 736L, 1L, 1L, 0L, 0L, 16L, 0L, 0L), .Dim = c(5L, 3L), .Dimnames = structure(list(
        c("-2", "-1", "0", "1", NA), c("C", "T", NA)), .Names = c("", 
    "")), class = "table"), N = 1797L), Tag.Distribution = structure(c(`1` = 40L, 
    `2` = 13L, `3` = 9L, `4` = 22L, `5` = 21L, `6` = 8L, `7` = 7L, 
    `8` = 5L, `9` = 10L, `10` = 10L, `11` = 6L, `12` = 2L, `13` = 5L, 
    `14` = 4L, `15` = 5L, `16` = 5L, `17` = 4L, `18` = 2L, `19` = 4L, 
    `20` = 5L, `21` = 2L, `22` = 1L, `23` = 1L, `24` = 1L, `25` = 1L, 
    `26` = 3L, `27` = 3L, `28` = 2L, `29` = 1L, `31` = 1L, `34` = 1L, 
    `40` = 1L), .Dim = 32L, .Dimnames = list(TagUsage = c("1", 
    "2", "3", "4", "5", "6", "7", "8", "9", "10", "11", "12", 
    "13", "14", "15", "16", "17", "18", "19", "20", "21", "22", 
    "23", "24", "25", "26", "27", "28", "29", "31", "34", "40"
    )), class = "table"), No.Tag = structure(c(0L, 0L, 21L, 0L, 
    0L, 0L, 0L, 31L, 0L, 0L, 0L, 0L, 1L, 0L, 0L), .Dim = c(5L, 
    3L), .Dimnames = structure(list(c("-2", "-1", "0", "1", NA
    ), c("C", "T", NA)), .Names = c("", "")), class = "table"), 
    All.Tags = list(Concordant = list(Freqs = structure(c(0, 
    0, 91, 0, 0, 0, 87, 0), .Dim = c(4L, 2L), .Dimnames = list(
        c("-2", "-1", "0", "1"), c("C", "T"))), N = 178), Majority = list(
        Freqs = structure(c(0, 1, 106, 0, 0, 0, 97, 0), .Dim = c(4L, 
        2L), .Dimnames = list(c("-2", "-1", "0", "1"), c("C", 
        "T"))), N = 204)), `2` = structure(c(0, 1, 90, 0, 0, 
    0, 74, 0), .Dim = c(4L, 2L), .Dimnames = list(c("-2", "-1", 
    "0", "1"), c("C", "T"))))))
