Results <-
list(`bwa.out//20220204//BlindCMMRD120_S46.sam` = list(IM16_SNP1 = list(
    All = list(Freqs = structure(c(66L, 4239L, 52L, 1L, 5L, 1L, 
    3L, 0L, 0L, 1L, 2L, 43L, 0L, 0L, 0L), .Dim = c(5L, 3L), .Dimnames = structure(list(
        c("-1", "0", "1", "2", NA), c("A", "G", NA)), .Names = c("", 
    "")), class = "table"), N = 4413L), Tag.Distribution = structure(c(`1` = 207L, 
    `2` = 144L, `3` = 110L, `4` = 98L, `5` = 100L, `6` = 64L, 
    `7` = 61L, `8` = 36L, `9` = 30L, `10` = 19L, `11` = 21L, 
    `12` = 14L, `13` = 11L, `14` = 8L, `15` = 5L, `16` = 7L, 
    `17` = 1L, `18` = 1L, `19` = 1L, `20` = 3L, `21` = 2L, `22` = 1L, 
    `24` = 1L, `25` = 1L), .Dim = 24L, .Dimnames = list(TagUsage = c("1", 
    "2", "3", "4", "5", "6", "7", "8", "9", "10", "11", "12", 
    "13", "14", "15", "16", "17", "18", "19", "20", "21", "22", 
    "24", "25")), class = "table"), No.Tag = structure(c(1L, 
    60L, 1L, 0L, 3L, 0L, 0L, 0L, 0L, 0L, 1L, 3L, 0L, 0L, 0L), .Dim = c(5L, 
    3L), .Dimnames = structure(list(c("-1", "0", "1", "2", NA
    ), c("A", "G", NA)), .Names = c("", "")), class = "table"), 
    All.Tags = list(Concordant = list(Freqs = structure(c(7, 
    853, 3, 0, 1, 3, 0, 0), .Dim = c(4L, 2L), .Dimnames = list(
        c("-1", "0", "1", "2"), c("A", "G"))), N = 867), Majority = list(
        Freqs = structure(c(8, 923, 3, 0, 1, 3, 0, 0), .Dim = c(4L, 
        2L), .Dimnames = list(c("-1", "0", "1", "2"), c("A", 
        "G"))), N = 938)), `2` = structure(c(6, 729, 0, 0, 0, 
    0, 0, 0), .Dim = c(4L, 2L), .Dimnames = list(c("-1", "0", 
    "1", "2"), c("A", "G"))))))
