Results <-
list(`bwa.out//20220204//BlindCMMRD131_S57.sam` = list(GM09_SNP1 = list(
    All = list(Freqs = structure(c(0L, 11L, 0L, 0L, 34L, 8234L, 
    19L, 3L, 1L, 46L, 0L, 0L), .Dim = 4:3, .Dimnames = structure(list(
        c("-1", "0", "1", NA), c("A", "G", NA)), .Names = c("", 
    "")), class = "table"), N = 8348L), Tag.Distribution = structure(c(`1` = 227L, 
    `2` = 202L, `3` = 175L, `4` = 146L, `5` = 123L, `6` = 123L, 
    `7` = 91L, `8` = 78L, `9` = 72L, `10` = 40L, `11` = 36L, 
    `12` = 35L, `13` = 28L, `14` = 23L, `15` = 15L, `16` = 11L, 
    `17` = 12L, `18` = 8L, `19` = 8L, `20` = 3L, `21` = 3L, `22` = 4L, 
    `23` = 5L, `26` = 2L, `31` = 1L, `32` = 1L), .Dim = 26L, .Dimnames = list(
        TagUsage = c("1", "2", "3", "4", "5", "6", "7", "8", 
        "9", "10", "11", "12", "13", "14", "15", "16", "17", 
        "18", "19", "20", "21", "22", "23", "26", "31", "32")), class = "table"), 
    No.Tag = structure(c(0L, 0L, 0L, 0L, 0L, 98L, 0L, 1L, 0L, 
    3L, 0L, 0L), .Dim = 4:3, .Dimnames = structure(list(c("-1", 
    "0", "1", NA), c("A", "G", NA)), .Names = c("", "")), class = "table"), 
    All.Tags = list(Concordant = list(Freqs = structure(c(0, 
    8, 0, 1, 1405, 0), .Dim = 3:2, .Dimnames = list(c("-1", "0", 
    "1"), c("A", "G"))), N = 1414), Majority = list(Freqs = structure(c(0, 
    8, 0, 1, 1455, 0), .Dim = 3:2, .Dimnames = list(c("-1", "0", 
    "1"), c("A", "G"))), N = 1464)), `2` = structure(c(0, 0, 
    0, 0, 1243, 0), .Dim = 3:2, .Dimnames = list(c("-1", "0", 
    "1"), c("A", "G"))))))
