Results <-
list(`bwa.out//20220204//BlindCMMRD64_S23.sam` = list(LR17_SNP1 = list(
    All = list(Freqs = structure(c(2L, 118L, 3016L, 31L, 15L, 
    0L, 4L, 120L, 0L, 0L), .Dim = c(5L, 2L), .Dimnames = structure(list(
        c("-2", "-1", "0", "1", NA), c("A", NA)), .Names = c("", 
    "")), class = "table"), N = 3306L), Tag.Distribution = structure(c(`1` = 79L, 
    `2` = 36L, `3` = 34L, `4` = 30L, `5` = 24L, `6` = 22L, `7` = 19L, 
    `8` = 12L, `9` = 12L, `10` = 16L, `11` = 16L, `12` = 19L, 
    `13` = 11L, `14` = 15L, `15` = 7L, `16` = 7L, `17` = 10L, 
    `18` = 9L, `19` = 6L, `20` = 7L, `21` = 6L, `22` = 1L, `23` = 4L, 
    `24` = 3L, `25` = 1L, `28` = 1L, `30` = 2L, `32` = 1L, `33` = 2L, 
    `49` = 1L), .Dim = 30L, .Dimnames = list(TagUsage = c("1", 
    "2", "3", "4", "5", "6", "7", "8", "9", "10", "11", "12", 
    "13", "14", "15", "16", "17", "18", "19", "20", "21", "22", 
    "23", "24", "25", "28", "30", "32", "33", "49")), class = "table"), 
    No.Tag = structure(c(0L, 3L, 45L, 0L, 0L, 0L, 0L, 4L, 0L, 
    0L), .Dim = c(5L, 2L), .Dimnames = structure(list(c("-2", 
    "-1", "0", "1", NA), c("A", NA)), .Names = c("", "")), class = "table"), 
    All.Tags = list(Concordant = list(Freqs = structure(c(0, 
    7, 302, 0), .Dim = c(4L, 1L), .Dimnames = list(c("-2", "-1", 
    "0", "1"), "A")), N = 309), Majority = list(Freqs = structure(c(0, 
    8, 396, 0), .Dim = c(4L, 1L), .Dimnames = list(c("-2", "-1", 
    "0", "1"), "A")), N = 404)), `2` = structure(c(0, 4, 326, 
    0), .Dim = c(4L, 1L), .Dimnames = list(c("-2", "-1", "0", 
    "1"), "A")))))
