Results <-
list(`bwa.out//20220204//BlindCMMRD56_S15.sam` = list(GM22_SNP1 = list(
    All = list(Freqs = structure(c(0L, 0L, 1L, 0L, 0L, 4L, 122L, 
    5067L, 19L, 9L, 0L, 0L, 2L, 0L, 0L, 0L, 2L, 45L, 2L, 0L), .Dim = 5:4, .Dimnames = structure(list(
        c("-2", "-1", "0", "1", NA), c("-", "A", "G", NA)), .Names = c("", 
    "")), class = "table"), N = 5273L), Tag.Distribution = structure(c(`1` = 142L, 
    `2` = 56L, `3` = 49L, `4` = 42L, `5` = 33L, `6` = 43L, `7` = 32L, 
    `8` = 36L, `9` = 20L, `10` = 21L, `11` = 19L, `12` = 17L, 
    `13` = 16L, `14` = 16L, `15` = 9L, `16` = 15L, `17` = 3L, 
    `18` = 10L, `19` = 9L, `20` = 9L, `21` = 9L, `22` = 7L, `23` = 5L, 
    `24` = 5L, `25` = 6L, `26` = 2L, `27` = 4L, `28` = 2L, `29` = 1L, 
    `30` = 1L, `31` = 2L, `32` = 2L, `33` = 2L, `36` = 1L, `37` = 1L, 
    `41` = 1L, `45` = 1L, `48` = 1L), .Dim = 38L, .Dimnames = list(
        TagUsage = c("1", "2", "3", "4", "5", "6", "7", "8", 
        "9", "10", "11", "12", "13", "14", "15", "16", "17", 
        "18", "19", "20", "21", "22", "23", "24", "25", "26", 
        "27", "28", "29", "30", "31", "32", "33", "36", "37", 
        "41", "45", "48")), class = "table"), No.Tag = structure(c(0L, 
    0L, 0L, 0L, 0L, 0L, 1L, 165L, 0L, 0L, 0L, 0L, 0L, 0L, 0L, 
    0L, 0L, 9L, 0L, 0L), .Dim = 5:4, .Dimnames = structure(list(
        c("-2", "-1", "0", "1", NA), c("-", "A", "G", NA)), .Names = c("", 
    "")), class = "table"), All.Tags = list(Concordant = list(
        Freqs = structure(c(0, 0, 0, 0, 0, 2, 537, 2, 0, 0, 2, 
        0), .Dim = 4:3, .Dimnames = list(c("-2", "-1", "0", "1"
        ), c("-", "A", "G"))), N = 543), Majority = list(Freqs = structure(c(0, 
    0, 0, 0, 0, 5, 627, 2, 0, 0, 2, 0), .Dim = 4:3, .Dimnames = list(
        c("-2", "-1", "0", "1"), c("-", "A", "G"))), N = 636)), 
    `2` = structure(c(0, 0, 0, 0, 0, 3, 498, 1, 0, 0, 0, 0), .Dim = 4:3, .Dimnames = list(
        c("-2", "-1", "0", "1"), c("-", "A", "G"))))))
