Results <-
list(`bwa.out//20220204//MLPA100_S14.sam` = list(LR48_SNP1 = list(
    All = list(Freqs = structure(c(7L, 83L, 3033L, 40L, 17L, 
    0L, 0L, 2L, 0L, 0L, 0L, 1L, 47L, 1L, 0L), .Dim = c(5L, 3L
    ), .Dimnames = structure(list(c("-2", "-1", "0", "1", NA), 
        c("C", "T", NA)), .Names = c("", "")), class = "table"), 
        N = 3231L), Tag.Distribution = structure(c(`1` = 137L, 
    `2` = 81L, `3` = 77L, `4` = 55L, `5` = 38L, `6` = 29L, `7` = 15L, 
    `8` = 17L, `9` = 20L, `10` = 15L, `11` = 10L, `12` = 13L, 
    `13` = 20L, `14` = 7L, `15` = 8L, `16` = 6L, `17` = 4L, `18` = 4L, 
    `19` = 3L, `21` = 1L, `22` = 3L, `23` = 3L, `24` = 1L, `25` = 1L, 
    `26` = 3L, `27` = 1L, `28` = 3L, `29` = 1L, `32` = 1L), .Dim = 29L, .Dimnames = list(
        TagUsage = c("1", "2", "3", "4", "5", "6", "7", "8", 
        "9", "10", "11", "12", "13", "14", "15", "16", "17", 
        "18", "19", "21", "22", "23", "24", "25", "26", "27", 
        "28", "29", "32")), class = "table"), No.Tag = structure(c(0L, 
    1L, 48L, 0L, 1L, 0L, 0L, 0L, 0L, 0L, 0L, 0L, 4L, 0L, 0L), .Dim = c(5L, 
    3L), .Dimnames = structure(list(c("-2", "-1", "0", "1", NA
    ), c("C", "T", NA)), .Names = c("", "")), class = "table"), 
    All.Tags = list(Concordant = list(Freqs = structure(c(0, 
    5, 461, 2, 0, 0, 2, 0), .Dim = c(4L, 2L), .Dimnames = list(
        c("-2", "-1", "0", "1"), c("C", "T"))), N = 470), Majority = list(
        Freqs = structure(c(0, 6, 545, 2, 0, 0, 2, 0), .Dim = c(4L, 
        2L), .Dimnames = list(c("-2", "-1", "0", "1"), c("C", 
        "T"))), N = 555)), `2` = structure(c(0, 2, 425, 0, 0, 
    0, 0, 0), .Dim = c(4L, 2L), .Dimnames = list(c("-2", "-1", 
    "0", "1"), c("C", "T"))))))
