Results <-
list(`bwa.out//20220204//BlindCMMRD69_S28.sam` = list(GM07_SNP1 = list(
    All = list(Freqs = structure(c(4L, 137L, 2944L, 86L, 2L, 
    31L, 0L, 0L, 2L, 0L, 0L, 1L, 0L, 0L, 48L, 3L, 0L, 0L), .Dim = c(6L, 
    3L), .Dimnames = structure(list(c("-2", "-1", "0", "1", "2", 
    NA), c("A", "G", NA)), .Names = c("", "")), class = "table"), 
        N = 3258L), Tag.Distribution = structure(c(`1` = 90L, 
    `2` = 52L, `3` = 38L, `4` = 50L, `5` = 34L, `6` = 27L, `7` = 39L, 
    `8` = 21L, `9` = 14L, `10` = 8L, `11` = 9L, `12` = 13L, `13` = 10L, 
    `14` = 13L, `15` = 10L, `16` = 7L, `17` = 11L, `18` = 8L, 
    `19` = 3L, `20` = 2L, `21` = 3L, `22` = 3L, `23` = 2L, `24` = 3L, 
    `25` = 1L, `30` = 1L, `36` = 1L), .Dim = 27L, .Dimnames = list(
        TagUsage = c("1", "2", "3", "4", "5", "6", "7", "8", 
        "9", "10", "11", "12", "13", "14", "15", "16", "17", 
        "18", "19", "20", "21", "22", "23", "24", "25", "30", 
        "36")), class = "table"), No.Tag = structure(c(1L, 8L, 
    148L, 4L, 0L, 6L, 0L, 0L, 0L, 0L, 0L, 0L, 0L, 0L, 8L, 1L, 
    0L, 0L), .Dim = c(6L, 3L), .Dimnames = structure(list(c("-2", 
    "-1", "0", "1", "2", NA), c("A", "G", NA)), .Names = c("", 
    "")), class = "table"), All.Tags = list(Concordant = list(
        Freqs = structure(c(0, 9, 319, 1, 0, 0, 0, 1, 0, 0), .Dim = c(5L, 
        2L), .Dimnames = list(c("-2", "-1", "0", "1", "2"), c("A", 
        "G"))), N = 330), Majority = list(Freqs = structure(c(0, 
    9, 443, 2, 0, 0, 0, 1, 0, 0), .Dim = c(5L, 2L), .Dimnames = list(
        c("-2", "-1", "0", "1", "2"), c("A", "G"))), N = 455)), 
    `2` = structure(c(0, 1, 370, 2, 0, 0, 0, 0, 0, 0), .Dim = c(5L, 
    2L), .Dimnames = list(c("-2", "-1", "0", "1", "2"), c("A", 
    "G"))))))
