Results <-
list(`bwa.out//20220204//BlindCMMRD90_S49.sam` = list(LR36_SNP1 = list(
    All = list(Freqs = structure(c(0L, 0L, 2L, 0L, 0L, 1L, 31L, 
    1662L, 11L, 10L, 1L, 36L, 1697L, 12L, 11L, 0L, 3L, 116L, 
    0L, 0L), .Dim = 5:4, .Dimnames = structure(list(c("-2", "-1", 
    "0", "1", NA), c("-", "A", "T", NA)), .Names = c("", "")), class = "table"), 
        N = 3593L), Tag.Distribution = structure(c(`1` = 115L, 
    `2` = 50L, `3` = 39L, `4` = 28L, `5` = 44L, `6` = 30L, `7` = 25L, 
    `8` = 19L, `9` = 20L, `10` = 25L, `11` = 8L, `12` = 14L, 
    `13` = 13L, `14` = 8L, `15` = 4L, `16` = 3L, `17` = 9L, `18` = 5L, 
    `19` = 2L, `20` = 5L, `21` = 2L, `22` = 4L, `23` = 3L, `24` = 2L, 
    `25` = 1L, `26` = 3L, `27` = 2L, `28` = 1L, `29` = 2L, `30` = 3L, 
    `31` = 2L, `36` = 1L, `38` = 1L, `39` = 1L), .Dim = 34L, .Dimnames = list(
        TagUsage = c("1", "2", "3", "4", "5", "6", "7", "8", 
        "9", "10", "11", "12", "13", "14", "15", "16", "17", 
        "18", "19", "20", "21", "22", "23", "24", "25", "26", 
        "27", "28", "29", "30", "31", "36", "38", "39")), class = "table"), 
    No.Tag = structure(c(0L, 0L, 0L, 0L, 0L, 0L, 1L, 54L, 2L, 
    0L, 0L, 2L, 129L, 1L, 5L, 0L, 0L, 17L, 0L, 0L), .Dim = 5:4, .Dimnames = structure(list(
        c("-2", "-1", "0", "1", NA), c("-", "A", "T", NA)), .Names = c("", 
    "")), class = "table"), All.Tags = list(Concordant = list(
        Freqs = structure(c(0, 0, 0, 0, 0, 1, 202, 0, 0, 2, 187, 
        0), .Dim = 4:3, .Dimnames = list(c("-2", "-1", "0", "1"
        ), c("-", "A", "T"))), N = 392), Majority = list(Freqs = structure(c(0, 
    0, 0, 0, 0, 1, 244, 0, 0, 2, 232, 0), .Dim = 4:3, .Dimnames = list(
        c("-2", "-1", "0", "1"), c("-", "A", "T"))), N = 479)), 
    `2` = structure(c(0, 0, 0, 0, 0, 1, 189, 0, 0, 0, 183, 0), .Dim = 4:3, .Dimnames = list(
        c("-2", "-1", "0", "1"), c("-", "A", "T"))))))
