Results <-
list(`bwa.out//20220204//BlindCMMRD65_S24.sam` = list(LR52_SNP1 = list(
    All = list(Freqs = structure(c(0L, 0L, 0L, 2L, 0L, 0L, 3L, 
    29L, 414L, 2470L, 21L, 52L, 0L, 0L, 1L, 3L, 0L, 0L, 0L, 2L, 
    27L, 876L, 4L, 0L), .Dim = c(6L, 4L), .Dimnames = structure(list(
        c("-3", "-2", "-1", "0", "1", NA), c("A", "C", "T", NA
        )), .Names = c("", "")), class = "table"), N = 3904L), 
    Tag.Distribution = structure(c(`1` = 68L, `2` = 48L, `3` = 49L, 
    `4` = 41L, `5` = 42L, `6` = 44L, `7` = 32L, `8` = 29L, `9` = 30L, 
    `10` = 19L, `11` = 9L, `12` = 19L, `13` = 14L, `14` = 9L, 
    `15` = 8L, `16` = 12L, `17` = 12L, `18` = 6L, `19` = 5L, 
    `20` = 6L, `21` = 2L, `22` = 4L, `23` = 3L, `24` = 1L, `25` = 1L, 
    `26` = 3L, `27` = 1L, `30` = 1L, `31` = 1L, `32` = 1L, `37` = 1L
    ), .Dim = 31L, .Dimnames = list(TagUsage = c("1", "2", "3", 
    "4", "5", "6", "7", "8", "9", "10", "11", "12", "13", "14", 
    "15", "16", "17", "18", "19", "20", "21", "22", "23", "24", 
    "25", "26", "27", "30", "31", "32", "37")), class = "table"), 
    No.Tag = structure(c(0L, 0L, 0L, 0L, 0L, 0L, 0L, 1L, 4L, 
    57L, 0L, 0L, 0L, 0L, 0L, 0L, 0L, 0L, 0L, 0L, 3L, 17L, 0L, 
    0L), .Dim = c(6L, 4L), .Dimnames = structure(list(c("-3", 
    "-2", "-1", "0", "1", NA), c("A", "C", "T", NA)), .Names = c("", 
    "")), class = "table"), All.Tags = list(Concordant = list(
        Freqs = structure(c(0, 0, 0, 0, 0, 0, 1, 18, 279, 3, 
        0, 0, 0, 2, 0), .Dim = c(5L, 3L), .Dimnames = list(c("-3", 
        "-2", "-1", "0", "1"), c("A", "C", "T"))), N = 303), 
        Majority = list(Freqs = structure(c(0, 0, 0, 0, 0, 0, 
        1, 30, 452, 3, 0, 0, 0, 2, 0), .Dim = c(5L, 3L), .Dimnames = list(
            c("-3", "-2", "-1", "0", "1"), c("A", "C", "T"))), 
            N = 488)), `2` = structure(c(0, 0, 0, 0, 0, 0, 0, 
    23, 414, 0, 0, 0, 0, 0, 0), .Dim = c(5L, 3L), .Dimnames = list(
        c("-3", "-2", "-1", "0", "1"), c("A", "C", "T"))))))
