Results <-
list(`bwa.out//20220204//Control14_S7.sam` = list(LR17_SNP1 = list(
    All = list(Freqs = structure(c(1L, 88L, 2358L, 29L, 1L, 19L, 
    0L, 0L, 60L, 0L, 0L, 0L), .Dim = c(6L, 2L), .Dimnames = structure(list(
        c("-2", "-1", "0", "1", "2", NA), c("A", NA)), .Names = c("", 
    "")), class = "table"), N = 2556L), Tag.Distribution = structure(c(`1` = 84L, 
    `2` = 21L, `3` = 23L, `4` = 21L, `5` = 18L, `6` = 17L, `7` = 10L, 
    `8` = 8L, `9` = 14L, `10` = 12L, `11` = 8L, `12` = 10L, `13` = 9L, 
    `14` = 7L, `15` = 5L, `16` = 6L, `17` = 3L, `18` = 3L, `19` = 5L, 
    `20` = 2L, `21` = 5L, `22` = 3L, `23` = 3L, `24` = 3L, `25` = 3L, 
    `27` = 2L, `28` = 1L, `29` = 2L, `30` = 1L, `31` = 2L, `33` = 1L, 
    `34` = 1L, `42` = 1L, `43` = 1L), .Dim = 34L, .Dimnames = list(
        TagUsage = c("1", "2", "3", "4", "5", "6", "7", "8", 
        "9", "10", "11", "12", "13", "14", "15", "16", "17", 
        "18", "19", "20", "21", "22", "23", "24", "25", "27", 
        "28", "29", "30", "31", "33", "34", "42", "43")), class = "table"), 
    No.Tag = structure(c(0L, 2L, 91L, 0L, 0L, 1L, 0L, 0L, 6L, 
    0L, 0L, 0L), .Dim = c(6L, 2L), .Dimnames = structure(list(
        c("-2", "-1", "0", "1", "2", NA), c("A", NA)), .Names = c("", 
    "")), class = "table"), All.Tags = list(Concordant = list(
        Freqs = structure(c(0, 3, 232, 2, 0), .Dim = c(5L, 1L
        ), .Dimnames = list(c("-2", "-1", "0", "1", "2"), "A")), 
        N = 237), Majority = list(Freqs = structure(c(0, 3, 304, 
    2, 0), .Dim = c(5L, 1L), .Dimnames = list(c("-2", "-1", "0", 
    "1", "2"), "A")), N = 309)), `2` = structure(c(0, 0, 228, 
    0, 0), .Dim = c(5L, 1L), .Dimnames = list(c("-2", "-1", "0", 
    "1", "2"), "A")))))
