Results <-
list(`bwa.out//20220204//MLPA99_S13.sam` = list(GM11_SNP1 = list(
    All = list(Freqs = structure(c(1L, 25L, 5053L, 16L, 1L, 0L, 
    0L, 2L, 0L, 0L, 0L, 0L, 32L, 0L, 0L), .Dim = c(5L, 3L), .Dimnames = structure(list(
        c("-2", "-1", "0", "1", NA), c("A", "G", NA)), .Names = c("", 
    "")), class = "table"), N = 5130L), Tag.Distribution = structure(c(`1` = 92L, 
    `2` = 21L, `3` = 22L, `4` = 30L, `5` = 22L, `6` = 23L, `7` = 21L, 
    `8` = 17L, `9` = 20L, `10` = 13L, `11` = 16L, `12` = 15L, 
    `13` = 14L, `14` = 13L, `15` = 11L, `16` = 11L, `17` = 6L, 
    `18` = 13L, `19` = 4L, `20` = 12L, `21` = 4L, `22` = 12L, 
    `23` = 11L, `24` = 6L, `25` = 5L, `26` = 4L, `27` = 2L, `28` = 1L, 
    `29` = 3L, `30` = 2L, `31` = 1L, `32` = 3L, `33` = 2L, `34` = 2L, 
    `35` = 1L, `36` = 2L, `37` = 1L, `38` = 1L, `39` = 3L, `40` = 1L, 
    `42` = 2L, `43` = 1L, `46` = 3L, `47` = 1L, `61` = 1L), .Dim = 45L, .Dimnames = list(
        TagUsage = c("1", "2", "3", "4", "5", "6", "7", "8", 
        "9", "10", "11", "12", "13", "14", "15", "16", "17", 
        "18", "19", "20", "21", "22", "23", "24", "25", "26", 
        "27", "28", "29", "30", "31", "32", "33", "34", "35", 
        "36", "37", "38", "39", "40", "42", "43", "46", "47", 
        "61")), class = "table"), No.Tag = structure(c(0L, 0L, 
    78L, 0L, 0L, 0L, 0L, 0L, 0L, 0L, 0L, 0L, 2L, 0L, 0L), .Dim = c(5L, 
    3L), .Dimnames = structure(list(c("-2", "-1", "0", "1", NA
    ), c("A", "G", NA)), .Names = c("", "")), class = "table"), 
    All.Tags = list(Concordant = list(Freqs = structure(c(0, 
    0, 432, 0, 0, 0, 2, 0), .Dim = c(4L, 2L), .Dimnames = list(
        c("-2", "-1", "0", "1"), c("A", "G"))), N = 434), Majority = list(
        Freqs = structure(c(0, 0, 468, 0, 0, 0, 2, 0), .Dim = c(4L, 
        2L), .Dimnames = list(c("-2", "-1", "0", "1"), c("A", 
        "G"))), N = 470)), `2` = structure(c(0, 0, 379, 0, 0, 
    0, 0, 0), .Dim = c(4L, 2L), .Dimnames = list(c("-2", "-1", 
    "0", "1"), c("A", "G"))))))
