Results <-
list(`bwa.out//20220204//BlindCMMRD135_S61.sam` = list(LR36_SNP1 = list(
    All = list(Freqs = structure(c(1L, 0L, 19L, 752L, 6L, 10L, 
    0L, 7L, 18L, 748L, 2L, 8L, 0L, 1L, 1L, 26L, 0L, 0L), .Dim = c(6L, 
    3L), .Dimnames = structure(list(c("-3", "-2", "-1", "0", 
    "1", NA), c("A", "T", NA)), .Names = c("", "")), class = "table"), 
        N = 1599L), Tag.Distribution = structure(c(`1` = 58L, 
    `2` = 49L, `3` = 44L, `4` = 37L, `5` = 38L, `6` = 24L, `7` = 12L, 
    `8` = 12L, `9` = 14L, `10` = 10L, `11` = 4L, `12` = 5L, `13` = 5L, 
    `14` = 3L, `15` = 1L, `16` = 2L, `17` = 1L, `18` = 2L, `19` = 1L, 
    `21` = 2L), .Dim = 20L, .Dimnames = list(TagUsage = c("1", 
    "2", "3", "4", "5", "6", "7", "8", "9", "10", "11", "12", 
    "13", "14", "15", "16", "17", "18", "19", "21")), class = "table"), 
    No.Tag = structure(c(0L, 0L, 0L, 40L, 0L, 0L, 0L, 0L, 0L, 
    9L, 0L, 0L, 0L, 0L, 0L, 2L, 0L, 0L), .Dim = c(6L, 3L), .Dimnames = structure(list(
        c("-3", "-2", "-1", "0", "1", NA), c("A", "T", NA)), .Names = c("", 
    "")), class = "table"), All.Tags = list(Concordant = list(
        Freqs = structure(c(0, 0, 1, 134, 1, 0, 0, 0, 136, 1), .Dim = c(5L, 
        2L), .Dimnames = list(c("-3", "-2", "-1", "0", "1"), 
            c("A", "T"))), N = 273), Majority = list(Freqs = structure(c(0, 
    0, 2, 152, 1, 0, 0, 0, 163, 1), .Dim = c(5L, 2L), .Dimnames = list(
        c("-3", "-2", "-1", "0", "1"), c("A", "T"))), N = 319)), 
    `2` = structure(c(0, 0, 1, 129, 1, 0, 0, 0, 132, 0), .Dim = c(5L, 
    2L), .Dimnames = list(c("-3", "-2", "-1", "0", "1"), c("A", 
    "T"))))))
