Results <-
list(`bwa.out//20220204//BlindCMMRD49_S9.sam` = list(GM29_SNP1 = list(
    All = list(Freqs = structure(c(61L, 4725L, 14L, 1L, 5L, 2L, 
    29L, 0L, 0L, 0L), .Dim = c(5L, 2L), .Dimnames = structure(list(
        c("-1", "0", "1", "2", NA), c("A", NA)), .Names = c("", 
    "")), class = "table"), N = 4837L), Tag.Distribution = structure(c(`1` = 40L, 
    `2` = 10L, `3` = 7L, `4` = 4L, `5` = 3L, `6` = 6L, `7` = 8L, 
    `8` = 6L, `9` = 7L, `10` = 3L, `11` = 9L, `12` = 3L, `13` = 3L, 
    `14` = 5L, `15` = 7L, `16` = 3L, `17` = 7L, `18` = 3L, `19` = 3L, 
    `20` = 5L, `21` = 2L, `22` = 1L, `23` = 6L, `24` = 2L, `25` = 3L, 
    `26` = 5L, `27` = 5L, `28` = 2L, `29` = 2L, `30` = 5L, `31` = 2L, 
    `32` = 3L, `33` = 1L, `35` = 2L, `36` = 1L, `38` = 2L, `39` = 2L, 
    `40` = 1L, `41` = 4L, `44` = 1L, `45` = 2L, `46` = 1L, `49` = 1L, 
    `50` = 1L, `52` = 2L, `54` = 1L, `55` = 1L, `59` = 1L, `61` = 2L, 
    `63` = 2L, `68` = 1L, `69` = 1L, `72` = 1L, `75` = 1L, `76` = 1L, 
    `77` = 1L, `81` = 2L, `82` = 2L, `85` = 1L, `92` = 1L, `93` = 1L, 
    `96` = 1L, `106` = 1L, `117` = 1L), .Dim = 64L, .Dimnames = list(
        TagUsage = c("1", "2", "3", "4", "5", "6", "7", "8", 
        "9", "10", "11", "12", "13", "14", "15", "16", "17", 
        "18", "19", "20", "21", "22", "23", "24", "25", "26", 
        "27", "28", "29", "30", "31", "32", "33", "35", "36", 
        "38", "39", "40", "41", "44", "45", "46", "49", "50", 
        "52", "54", "55", "59", "61", "63", "68", "69", "72", 
        "75", "76", "77", "81", "82", "85", "92", "93", "96", 
        "106", "117")), class = "table"), No.Tag = structure(c(0L, 
    103L, 0L, 0L, 1L, 0L, 1L, 0L, 0L, 0L), .Dim = c(5L, 2L), .Dimnames = structure(list(
        c("-1", "0", "1", "2", NA), c("A", NA)), .Names = c("", 
    "")), class = "table"), All.Tags = list(Concordant = list(
        Freqs = structure(c(0, 169, 0, 0), .Dim = c(4L, 1L), .Dimnames = list(
            c("-1", "0", "1", "2"), "A")), N = 169), Majority = list(
        Freqs = structure(c(1, 219, 0, 0), .Dim = c(4L, 1L), .Dimnames = list(
            c("-1", "0", "1", "2"), "A")), N = 220)), `2` = structure(c(1, 
    181, 0, 0), .Dim = c(4L, 1L), .Dimnames = list(c("-1", "0", 
    "1", "2"), "A")))))
