Results <-
list(`bwa.out//20220204//BlindCMMRD63_S22.sam` = list(LR40_SNP1 = list(
    All = list(Freqs = structure(c(0L, 0L, 1L, 0L, 0L, 2L, 34L, 
    3441L, 14L, 4L, 0L, 0L, 1L, 0L, 0L, 0L, 0L, 9L, 0L, 0L), .Dim = 5:4, .Dimnames = structure(list(
        c("-2", "-1", "0", "1", NA), c("A", "C", "T", NA)), .Names = c("", 
    "")), class = "table"), N = 3506L), Tag.Distribution = structure(c(`1` = 124L, 
    `2` = 68L, `3` = 55L, `4` = 44L, `5` = 36L, `6` = 38L, `7` = 29L, 
    `8` = 18L, `9` = 20L, `10` = 13L, `11` = 11L, `12` = 15L, 
    `13` = 11L, `14` = 12L, `15` = 9L, `16` = 8L, `17` = 5L, 
    `18` = 5L, `19` = 6L, `20` = 2L, `21` = 7L, `22` = 6L, `23` = 2L, 
    `24` = 1L, `26` = 1L, `27` = 3L, `29` = 1L, `33` = 1L, `41` = 1L
    ), .Dim = 29L, .Dimnames = list(TagUsage = c("1", "2", "3", 
    "4", "5", "6", "7", "8", "9", "10", "11", "12", "13", "14", 
    "15", "16", "17", "18", "19", "20", "21", "22", "23", "24", 
    "26", "27", "29", "33", "41")), class = "table"), No.Tag = structure(c(0L, 
    0L, 1L, 0L, 0L, 0L, 1L, 74L, 0L, 1L, 0L, 0L, 0L, 0L, 0L, 
    0L, 0L, 0L, 0L, 0L), .Dim = 5:4, .Dimnames = structure(list(
        c("-2", "-1", "0", "1", NA), c("A", "C", "T", NA)), .Names = c("", 
    "")), class = "table"), All.Tags = list(Concordant = list(
        Freqs = structure(c(0, 0, 0, 0, 1, 0, 509, 0, 0, 0, 0, 
        0), .Dim = 4:3, .Dimnames = list(c("-2", "-1", "0", "1"
        ), c("A", "C", "T"))), N = 510), Majority = list(Freqs = structure(c(0, 
    0, 0, 0, 1, 1, 549, 0, 0, 0, 0, 0), .Dim = 4:3, .Dimnames = list(
        c("-2", "-1", "0", "1"), c("A", "C", "T"))), N = 551)), 
    `2` = structure(c(0, 0, 0, 0, 0, 1, 426, 0, 0, 0, 0, 0), .Dim = 4:3, .Dimnames = list(
        c("-2", "-1", "0", "1"), c("A", "C", "T"))))))
