Results <-
list(`bwa.out//20220204//BlindCMMRD78_S37.sam` = list(GM17_SNP1 = list(
    All = list(Freqs = structure(c(1L, 23L, 2063L, 7L, 0L, 0L, 
    34L, 2121L, 3L, 3L, 0L, 0L, 25L, 0L, 0L), .Dim = c(5L, 3L
    ), .Dimnames = structure(list(c("-2", "-1", "0", "1", NA), 
        c("C", "T", NA)), .Names = c("", "")), class = "table"), 
        N = 4280L), Tag.Distribution = structure(c(`1` = 105L, 
    `2` = 51L, `3` = 45L, `4` = 44L, `5` = 38L, `6` = 37L, `7` = 33L, 
    `8` = 33L, `9` = 26L, `10` = 14L, `11` = 9L, `12` = 10L, 
    `13` = 13L, `14` = 19L, `15` = 18L, `16` = 7L, `17` = 16L, 
    `18` = 7L, `19` = 6L, `20` = 7L, `21` = 6L, `22` = 4L, `23` = 5L, 
    `24` = 4L, `25` = 1L, `26` = 4L, `28` = 1L, `29` = 1L, `34` = 1L, 
    `36` = 1L, `43` = 1L), .Dim = 31L, .Dimnames = list(TagUsage = c("1", 
    "2", "3", "4", "5", "6", "7", "8", "9", "10", "11", "12", 
    "13", "14", "15", "16", "17", "18", "19", "20", "21", "22", 
    "23", "24", "25", "26", "28", "29", "34", "36", "43")), class = "table"), 
    No.Tag = structure(c(1L, 1L, 44L, 0L, 0L, 0L, 0L, 20L, 0L, 
    0L, 0L, 0L, 3L, 0L, 0L), .Dim = c(5L, 3L), .Dimnames = structure(list(
        c("-2", "-1", "0", "1", NA), c("C", "T", NA)), .Names = c("", 
    "")), class = "table"), All.Tags = list(Concordant = list(
        Freqs = structure(c(0, 0, 246, 0, 0, 1, 240, 0), .Dim = c(4L, 
        2L), .Dimnames = list(c("-2", "-1", "0", "1"), c("C", 
        "T"))), N = 487), Majority = list(Freqs = structure(c(0, 
    0, 285, 0, 0, 1, 273, 0), .Dim = c(4L, 2L), .Dimnames = list(
        c("-2", "-1", "0", "1"), c("C", "T"))), N = 559)), `2` = structure(c(0, 
    0, 227, 0, 0, 1, 229, 0), .Dim = c(4L, 2L), .Dimnames = list(
        c("-2", "-1", "0", "1"), c("C", "T"))))))
