Results <-
list(`bwa.out//20220204//BlindCMMRD104_S6.sam` = list(IM16_SNP1 = list(
    All = list(Freqs = structure(c(13L, 828L, 21L, 2L, 2L, 12L, 
    668L, 8L, 0L, 1L, 0L, 22L, 1L, 0L, 0L), .Dim = c(5L, 3L), .Dimnames = structure(list(
        c("-1", "0", "1", "2", NA), c("A", "G", NA)), .Names = c("", 
    "")), class = "table"), N = 1578L), Tag.Distribution = structure(c(`1` = 37L, 
    `2` = 34L, `3` = 38L, `4` = 22L, `5` = 26L, `6` = 26L, `7` = 21L, 
    `8` = 14L, `9` = 12L, `10` = 6L, `11` = 10L, `12` = 3L, `13` = 5L, 
    `14` = 4L, `15` = 1L, `16` = 2L, `17` = 1L, `19` = 4L, `20` = 1L, 
    `21` = 1L, `23` = 1L, `25` = 1L, `26` = 1L), .Dim = 23L, .Dimnames = list(
        TagUsage = c("1", "2", "3", "4", "5", "6", "7", "8", 
        "9", "10", "11", "12", "13", "14", "15", "16", "17", 
        "19", "20", "21", "23", "25", "26")), class = "table"), 
    No.Tag = structure(c(0L, 21L, 0L, 0L, 0L, 0L, 9L, 0L, 0L, 
    1L, 0L, 4L, 1L, 0L, 0L), .Dim = c(5L, 3L), .Dimnames = structure(list(
        c("-1", "0", "1", "2", NA), c("A", "G", NA)), .Names = c("", 
    "")), class = "table"), All.Tags = list(Concordant = list(
        Freqs = structure(c(1, 112, 0, 0, 1, 113, 0, 0), .Dim = c(4L, 
        2L), .Dimnames = list(c("-1", "0", "1", "2"), c("A", 
        "G"))), N = 227), Majority = list(Freqs = structure(c(1, 
    134, 0, 0, 1, 128, 0, 0), .Dim = c(4L, 2L), .Dimnames = list(
        c("-1", "0", "1", "2"), c("A", "G"))), N = 264)), `2` = structure(c(1, 
    116, 0, 0, 1, 112, 0, 0), .Dim = c(4L, 2L), .Dimnames = list(
        c("-1", "0", "1", "2"), c("A", "G"))))))
