Results <-
list(`bwa.out//20220204//16D2889_S4.sam` = list(LR10_SNP1 = list(
    All = list(Freqs = structure(c(1L, 55L, 1631L, 10L, 2L, 0L, 
    1L, 0L, 0L, 0L, 0L, 22L, 1521L, 11L, 0L, 0L, 0L, 31L, 0L, 
    0L), .Dim = 5:4, .Dimnames = structure(list(c("-2", "-1", 
    "0", "1", NA), c("C", "G", "T", NA)), .Names = c("", "")), class = "table"), 
        N = 3285L), Tag.Distribution = structure(c(`1` = 166L, 
    `2` = 98L, `3` = 55L, `4` = 53L, `5` = 56L, `6` = 42L, `7` = 22L, 
    `8` = 28L, `9` = 17L, `10` = 13L, `11` = 15L, `12` = 14L, 
    `13` = 10L, `14` = 7L, `15` = 3L, `16` = 5L, `17` = 8L, `18` = 2L, 
    `20` = 4L, `21` = 2L, `22` = 2L, `23` = 2L, `24` = 3L, `25` = 1L, 
    `27` = 1L, `28` = 1L, `31` = 1L), .Dim = 27L, .Dimnames = list(
        TagUsage = c("1", "2", "3", "4", "5", "6", "7", "8", 
        "9", "10", "11", "12", "13", "14", "15", "16", "17", 
        "18", "20", "21", "22", "23", "24", "25", "27", "28", 
        "31")), class = "table"), No.Tag = structure(c(0L, 2L, 
    39L, 0L, 0L, 0L, 0L, 0L, 0L, 0L, 0L, 0L, 55L, 0L, 0L, 0L, 
    0L, 4L, 0L, 0L), .Dim = 5:4, .Dimnames = structure(list(c("-2", 
    "-1", "0", "1", NA), c("C", "G", "T", NA)), .Names = c("", 
    "")), class = "table"), All.Tags = list(Concordant = list(
        Freqs = structure(c(0, 5, 276, 0, 0, 0, 0, 0, 0, 3, 253, 
        1), .Dim = 4:3, .Dimnames = list(c("-2", "-1", "0", "1"
        ), c("C", "G", "T"))), N = 538), Majority = list(Freqs = structure(c(0, 
    5, 327, 0, 0, 0, 0, 0, 0, 3, 281, 2), .Dim = 4:3, .Dimnames = list(
        c("-2", "-1", "0", "1"), c("C", "G", "T"))), N = 618)), 
    `2` = structure(c(0, 3, 236, 0, 0, 0, 0, 0, 0, 1, 211, 1), .Dim = 4:3, .Dimnames = list(
        c("-2", "-1", "0", "1"), c("C", "G", "T"))))))
