Results <-
list(`bwa.out//20220204//BlindCMMRD109_S35.sam` = list(GM01_SNP1 = list(
    All = list(Freqs = structure(c(1L, 152L, 9991L, 32L, 2L, 
    36L, 0L, 0L, 11L, 0L, 0L, 0L, 0L, 0L, 51L, 1L, 0L, 0L), .Dim = c(6L, 
    3L), .Dimnames = structure(list(c("-2", "-1", "0", "1", "2", 
    NA), c("A", "G", NA)), .Names = c("", "")), class = "table"), 
        N = 10277L), Tag.Distribution = structure(c(`1` = 261L, 
    `2` = 236L, `3` = 222L, `4` = 197L, `5` = 171L, `6` = 170L, 
    `7` = 112L, `8` = 95L, `9` = 71L, `10` = 45L, `11` = 63L, 
    `12` = 33L, `13` = 31L, `14` = 29L, `15` = 21L, `16` = 12L, 
    `17` = 8L, `18` = 4L, `19` = 7L, `20` = 6L, `21` = 8L, `22` = 4L, 
    `23` = 4L, `24` = 1L, `25` = 2L, `26` = 2L, `28` = 1L, `30` = 1L, 
    `33` = 1L), .Dim = 29L, .Dimnames = list(TagUsage = c("1", 
    "2", "3", "4", "5", "6", "7", "8", "9", "10", "11", "12", 
    "13", "14", "15", "16", "17", "18", "19", "20", "21", "22", 
    "23", "24", "25", "26", "28", "30", "33")), class = "table"), 
    No.Tag = structure(c(0L, 2L, 144L, 0L, 0L, 0L, 0L, 0L, 3L, 
    0L, 0L, 0L, 0L, 0L, 2L, 0L, 0L, 0L), .Dim = c(6L, 3L), .Dimnames = structure(list(
        c("-2", "-1", "0", "1", "2", NA), c("A", "G", NA)), .Names = c("", 
    "")), class = "table"), All.Tags = list(Concordant = list(
        Freqs = structure(c(1, 6, 1644, 1, 0, 0, 0, 3, 0, 0), .Dim = c(5L, 
        2L), .Dimnames = list(c("-2", "-1", "0", "1", "2"), c("A", 
        "G"))), N = 1655), Majority = list(Freqs = structure(c(1, 
    6, 1794, 1, 0, 0, 0, 3, 0, 0), .Dim = c(5L, 2L), .Dimnames = list(
        c("-2", "-1", "0", "1", "2"), c("A", "G"))), N = 1805)), 
    `2` = structure(c(0, 2, 1543, 0, 0, 0, 0, 1, 0, 0), .Dim = c(5L, 
    2L), .Dimnames = list(c("-2", "-1", "0", "1", "2"), c("A", 
    "G"))))))
