Results <-
list(`bwa.out//20220204//BlindCMMRD44_S4.sam` = list(LR10_SNP1 = list(
    All = list(Freqs = structure(c(0L, 1L, 0L, 0L, 19L, 2053L, 
    9L, 3L, 0L, 1L, 0L, 0L, 18L, 2238L, 6L, 0L, 0L, 38L, 0L, 
    0L), .Dim = 4:5, .Dimnames = structure(list(c("-1", "0", 
    "1", NA), c("A", "C", "G", "T", NA)), .Names = c("", "")), class = "table"), 
        N = 4386L), Tag.Distribution = structure(c(`1` = 62L, 
    `2` = 23L, `3` = 23L, `4` = 24L, `5` = 17L, `6` = 9L, `7` = 13L, 
    `8` = 12L, `9` = 12L, `10` = 16L, `11` = 17L, `12` = 12L, 
    `13` = 7L, `14` = 13L, `15` = 11L, `16` = 13L, `17` = 9L, 
    `18` = 5L, `19` = 5L, `20` = 8L, `21` = 3L, `22` = 3L, `23` = 4L, 
    `24` = 6L, `26` = 2L, `27` = 2L, `28` = 1L, `29` = 3L, `30` = 2L, 
    `31` = 3L, `32` = 3L, `33` = 1L, `34` = 2L, `35` = 2L, `36` = 4L, 
    `37` = 2L, `38` = 1L, `39` = 1L, `40` = 2L, `41` = 2L, `42` = 2L, 
    `43` = 3L, `45` = 2L, `48` = 1L, `54` = 1L), .Dim = 45L, .Dimnames = list(
        TagUsage = c("1", "2", "3", "4", "5", "6", "7", "8", 
        "9", "10", "11", "12", "13", "14", "15", "16", "17", 
        "18", "19", "20", "21", "22", "23", "24", "26", "27", 
        "28", "29", "30", "31", "32", "33", "34", "35", "36", 
        "37", "38", "39", "40", "41", "42", "43", "45", "48", 
        "54")), class = "table"), No.Tag = structure(c(0L, 0L, 
    0L, 0L, 1L, 126L, 0L, 0L, 0L, 0L, 0L, 0L, 0L, 46L, 0L, 0L, 
    0L, 3L, 0L, 0L), .Dim = 4:5, .Dimnames = structure(list(c("-1", 
    "0", "1", NA), c("A", "C", "G", "T", NA)), .Names = c("", 
    "")), class = "table"), All.Tags = list(Concordant = list(
        Freqs = structure(c(0, 0, 0, 0, 145, 0, 0, 0, 0, 0, 166, 
        1), .Dim = 3:4, .Dimnames = list(c("-1", "0", "1"), c("A", 
        "C", "G", "T"))), N = 312), Majority = list(Freqs = structure(c(0, 
    0, 0, 0, 174, 0, 0, 0, 0, 0, 191, 2), .Dim = 3:4, .Dimnames = list(
        c("-1", "0", "1"), c("A", "C", "G", "T"))), N = 367)), 
    `2` = structure(c(0, 0, 0, 0, 144, 0, 0, 0, 0, 0, 161, 1), .Dim = 3:4, .Dimnames = list(
        c("-1", "0", "1"), c("A", "C", "G", "T"))))))
