Results <-
list(`bwa.out//20220204//BlindCMMRD129_S55.sam` = list(IM16_SNP1 = list(
    All = list(Freqs = structure(c(0L, 20L, 1995L, 32L, 0L, 2L, 
    1L, 19L, 1905L, 20L, 1L, 1L, 0L, 0L, 28L, 0L, 0L, 0L), .Dim = c(6L, 
    3L), .Dimnames = structure(list(c("-2", "-1", "0", "1", "2", 
    NA), c("A", "G", NA)), .Names = c("", "")), class = "table"), 
        N = 4024L), Tag.Distribution = structure(c(`1` = 171L, 
    `2` = 153L, `3` = 116L, `4` = 102L, `5` = 92L, `6` = 94L, 
    `7` = 47L, `8` = 38L, `9` = 31L, `10` = 26L, `11` = 16L, 
    `12` = 11L, `13` = 4L, `15` = 2L, `16` = 2L, `18` = 2L, `20` = 2L, 
    `22` = 1L), .Dim = 18L, .Dimnames = list(TagUsage = c("1", 
    "2", "3", "4", "5", "6", "7", "8", "9", "10", "11", "12", 
    "13", "15", "16", "18", "20", "22")), class = "table"), No.Tag = structure(c(0L, 
    1L, 31L, 0L, 0L, 0L, 0L, 0L, 37L, 2L, 0L, 0L, 0L, 0L, 4L, 
    0L, 0L, 0L), .Dim = c(6L, 3L), .Dimnames = structure(list(
        c("-2", "-1", "0", "1", "2", NA), c("A", "G", NA)), .Names = c("", 
    "")), class = "table"), All.Tags = list(Concordant = list(
        Freqs = structure(c(0, 1, 385, 1, 0, 0, 3, 374, 1, 0), .Dim = c(5L, 
        2L), .Dimnames = list(c("-2", "-1", "0", "1", "2"), c("A", 
        "G"))), N = 765), Majority = list(Freqs = structure(c(0, 
    1, 443, 3, 0, 0, 3, 428, 1, 0), .Dim = c(5L, 2L), .Dimnames = list(
        c("-2", "-1", "0", "1", "2"), c("A", "G"))), N = 879)), 
    `2` = structure(c(0, 0, 359, 2, 0, 0, 0, 352, 0, 0), .Dim = c(5L, 
    2L), .Dimnames = list(c("-2", "-1", "0", "1", "2"), c("A", 
    "G"))))))
