Results <-
list(`bwa.out//20220204//MLPA99_S13.sam` = list(LR44_SNP1 = list(
    All = list(Freqs = structure(c(0L, 7L, 172L, 2515L, 26L, 
    1L, 19L, 1L, 1L, 232L, 2601L, 66L, 2L, 30L, 1L, 0L, 3L, 99L, 
    0L, 1L, 0L), .Dim = c(7L, 3L), .Dimnames = structure(list(
        c("-3", "-2", "-1", "0", "1", "2", NA), c("C", "T", NA
        )), .Names = c("", "")), class = "table"), N = 5777L), 
    Tag.Distribution = structure(c(`1` = 120L, `2` = 38L, `3` = 27L, 
    `4` = 27L, `5` = 25L, `6` = 16L, `7` = 27L, `8` = 16L, `9` = 16L, 
    `10` = 22L, `11` = 11L, `12` = 23L, `13` = 9L, `14` = 23L, 
    `15` = 13L, `16` = 9L, `17` = 8L, `18` = 15L, `19` = 7L, 
    `20` = 11L, `21` = 9L, `22` = 6L, `23` = 8L, `24` = 7L, `25` = 5L, 
    `26` = 1L, `27` = 4L, `28` = 4L, `29` = 4L, `30` = 1L, `31` = 2L, 
    `32` = 2L, `33` = 3L, `35` = 1L, `36` = 1L, `37` = 3L, `38` = 2L, 
    `39` = 2L, `40` = 2L, `41` = 2L, `44` = 3L, `47` = 2L, `48` = 1L, 
    `50` = 1L, `55` = 1L, `57` = 1L, `63` = 1L), .Dim = 47L, .Dimnames = list(
        TagUsage = c("1", "2", "3", "4", "5", "6", "7", "8", 
        "9", "10", "11", "12", "13", "14", "15", "16", "17", 
        "18", "19", "20", "21", "22", "23", "24", "25", "26", 
        "27", "28", "29", "30", "31", "32", "33", "35", "36", 
        "37", "38", "39", "40", "41", "44", "47", "48", "50", 
        "55", "57", "63")), class = "table"), No.Tag = structure(c(0L, 
    0L, 0L, 40L, 1L, 0L, 0L, 0L, 0L, 11L, 83L, 2L, 0L, 5L, 0L, 
    0L, 0L, 2L, 0L, 0L, 0L), .Dim = c(7L, 3L), .Dimnames = structure(list(
        c("-3", "-2", "-1", "0", "1", "2", NA), c("C", "T", NA
        )), .Names = c("", "")), class = "table"), All.Tags = list(
        Concordant = list(Freqs = structure(c(0, 0, 5, 139, 0, 
        0, 1, 0, 3, 140, 4, 0), .Dim = c(6L, 2L), .Dimnames = list(
            c("-3", "-2", "-1", "0", "1", "2"), c("C", "T"))), 
            N = 292), Majority = list(Freqs = structure(c(0, 
        0, 5, 247, 0, 0, 1, 0, 4, 255, 5, 0), .Dim = c(6L, 2L
        ), .Dimnames = list(c("-3", "-2", "-1", "0", "1", "2"
        ), c("C", "T"))), N = 517)), `2` = structure(c(0, 0, 
    2, 201, 0, 0, 0, 0, 2, 206, 2, 0), .Dim = c(6L, 2L), .Dimnames = list(
        c("-3", "-2", "-1", "0", "1", "2"), c("C", "T"))))))
