Results <-
list(`bwa.out//20220204//BlindCMMRD78_S37.sam` = list(DEPDC2_SNP1 = list(
    All = list(Freqs = structure(c(0L, 7L, 0L, 0L, 25L, 2133L, 
    9L, 5L, 14L, 2688L, 7L, 11L, 0L, 46L, 0L, 0L), .Dim = c(4L, 
    4L), .Dimnames = structure(list(c("-1", "0", "1", NA), c("A", 
    "C", "T", NA)), .Names = c("", "")), class = "table"), N = 4945L), 
    Tag.Distribution = structure(c(`1` = 186L, `2` = 96L, `3` = 76L, 
    `4` = 89L, `5` = 78L, `6` = 45L, `7` = 50L, `8` = 36L, `9` = 32L, 
    `10` = 32L, `11` = 25L, `12` = 21L, `13` = 10L, `14` = 9L, 
    `15` = 10L, `16` = 14L, `17` = 12L, `18` = 2L, `19` = 4L, 
    `20` = 4L, `21` = 4L, `22` = 3L, `23` = 1L, `24` = 3L, `25` = 1L, 
    `29` = 1L, `32` = 2L, `34` = 1L, `38` = 1L), .Dim = 29L, .Dimnames = list(
        TagUsage = c("1", "2", "3", "4", "5", "6", "7", "8", 
        "9", "10", "11", "12", "13", "14", "15", "16", "17", 
        "18", "19", "20", "21", "22", "23", "24", "25", "29", 
        "32", "34", "38")), class = "table"), No.Tag = structure(c(0L, 
    0L, 0L, 0L, 0L, 39L, 0L, 0L, 0L, 45L, 0L, 1L, 0L, 4L, 0L, 
    0L), .Dim = c(4L, 4L), .Dimnames = structure(list(c("-1", 
    "0", "1", NA), c("A", "C", "T", NA)), .Names = c("", "")), class = "table"), 
    All.Tags = list(Concordant = list(Freqs = structure(c(0, 
    1, 0, 1, 334, 2, 1, 398, 0), .Dim = c(3L, 3L), .Dimnames = list(
        c("-1", "0", "1"), c("A", "C", "T"))), N = 737), Majority = list(
        Freqs = structure(c(0, 1, 0, 1, 386, 2, 1, 444, 0), .Dim = c(3L, 
        3L), .Dimnames = list(c("-1", "0", "1"), c("A", "C", 
        "T"))), N = 835)), `2` = structure(c(0, 1, 0, 1, 305, 
    0, 0, 345, 0), .Dim = c(3L, 3L), .Dimnames = list(c("-1", 
    "0", "1"), c("A", "C", "T"))))))
