Results <-
list(`bwa.out//20220204//BlindCMMRD108_S10.sam` = list(GM26_SNP1 = list(
    All = list(Freqs = structure(c(4L, 930L, 2L, 1L, 1L, 5L, 
    535L, 3L, 0L, 0L, 0L, 18L, 0L, 0L, 0L), .Dim = c(5L, 3L), .Dimnames = structure(list(
        c("-1", "0", "1", "2", NA), c("A", "G", NA)), .Names = c("", 
    "")), class = "table"), N = 1499L), Tag.Distribution = structure(c(`1` = 26L, 
    `2` = 10L, `3` = 11L, `4` = 10L, `5` = 16L, `6` = 14L, `7` = 10L, 
    `8` = 6L, `9` = 11L, `10` = 10L, `11` = 8L, `12` = 6L, `13` = 5L, 
    `14` = 2L, `15` = 4L, `16` = 4L, `17` = 2L, `18` = 2L, `19` = 1L, 
    `20` = 2L, `21` = 1L, `22` = 1L, `23` = 1L, `24` = 3L, `25` = 2L, 
    `26` = 2L, `27` = 1L, `29` = 1L, `31` = 2L), .Dim = 29L, .Dimnames = list(
        TagUsage = c("1", "2", "3", "4", "5", "6", "7", "8", 
        "9", "10", "11", "12", "13", "14", "15", "16", "17", 
        "18", "19", "20", "21", "22", "23", "24", "25", "26", 
        "27", "29", "31")), class = "table"), No.Tag = structure(c(0L, 
    31L, 0L, 0L, 0L, 0L, 1L, 0L, 0L, 0L, 0L, 3L, 0L, 0L, 0L), .Dim = c(5L, 
    3L), .Dimnames = structure(list(c("-1", "0", "1", "2", NA
    ), c("A", "G", NA)), .Names = c("", "")), class = "table"), 
    All.Tags = list(Concordant = list(Freqs = structure(c(0, 
    96, 0, 0, 1, 64, 0, 0), .Dim = c(4L, 2L), .Dimnames = list(
        c("-1", "0", "1", "2"), c("A", "G"))), N = 161), Majority = list(
        Freqs = structure(c(0, 101, 0, 0, 2, 69, 0, 0), .Dim = c(4L, 
        2L), .Dimnames = list(c("-1", "0", "1", "2"), c("A", 
        "G"))), N = 172)), `2` = structure(c(0, 86, 0, 0, 1, 
    60, 0, 0), .Dim = c(4L, 2L), .Dimnames = list(c("-1", "0", 
    "1", "2"), c("A", "G"))))))
