Results <-
list(`bwa.out//20220204//17D0989_S8.sam` = list(GM01_SNP1 = list(
    All = list(Freqs = structure(c(30L, 3436L, 18L, 5L, 35L, 
    3273L, 12L, 6L, 3L, 78L, 1L, 0L), .Dim = 4:3, .Dimnames = structure(list(
        c("-1", "0", "1", NA), c("A", "G", NA)), .Names = c("", 
    "")), class = "table"), N = 6897L), Tag.Distribution = structure(c(`1` = 197L, 
    `2` = 111L, `3` = 76L, `4` = 63L, `5` = 51L, `6` = 43L, `7` = 42L, 
    `8` = 32L, `9` = 23L, `10` = 29L, `11` = 17L, `12` = 20L, 
    `13` = 16L, `14` = 19L, `15` = 20L, `16` = 11L, `17` = 12L, 
    `18` = 8L, `19` = 10L, `20` = 10L, `21` = 9L, `22` = 8L, 
    `23` = 7L, `24` = 7L, `25` = 7L, `26` = 5L, `27` = 7L, `28` = 8L, 
    `29` = 7L, `30` = 1L, `31` = 2L, `32` = 2L, `33` = 2L, `35` = 1L, 
    `37` = 2L, `44` = 2L, `46` = 2L, `50` = 1L), .Dim = 38L, .Dimnames = list(
        TagUsage = c("1", "2", "3", "4", "5", "6", "7", "8", 
        "9", "10", "11", "12", "13", "14", "15", "16", "17", 
        "18", "19", "20", "21", "22", "23", "24", "25", "26", 
        "27", "28", "29", "30", "31", "32", "33", "35", "37", 
        "44", "46", "50")), class = "table"), No.Tag = structure(c(1L, 
    71L, 1L, 0L, 0L, 70L, 0L, 0L, 0L, 4L, 0L, 0L), .Dim = 4:3, .Dimnames = structure(list(
        c("-1", "0", "1", NA), c("A", "G", NA)), .Names = c("", 
    "")), class = "table"), All.Tags = list(Concordant = list(
        Freqs = structure(c(1, 378, 1, 0, 363, 1), .Dim = 3:2, .Dimnames = list(
            c("-1", "0", "1"), c("A", "G"))), N = 744), Majority = list(
        Freqs = structure(c(1, 446, 1, 0, 428, 1), .Dim = 3:2, .Dimnames = list(
            c("-1", "0", "1"), c("A", "G"))), N = 877)), `2` = structure(c(0, 
    348, 0, 0, 338, 0), .Dim = 3:2, .Dimnames = list(c("-1", 
    "0", "1"), c("A", "G"))))))
