Results <-
list(`bwa.out//20220204//BlindCMMRD47_S7.sam` = list(LR40_SNP1 = list(
    All = list(Freqs = structure(c(0L, 2L, 0L, 0L, 27L, 4172L, 
    10L, 7L, 0L, 21L, 0L, 0L), .Dim = 4:3, .Dimnames = structure(list(
        c("-1", "0", "1", NA), c("A", "C", NA)), .Names = c("", 
    "")), class = "table"), N = 4239L), Tag.Distribution = structure(c(`1` = 108L, 
    `2` = 28L, `3` = 21L, `4` = 15L, `5` = 10L, `6` = 11L, `7` = 21L, 
    `8` = 9L, `9` = 13L, `10` = 11L, `11` = 6L, `12` = 12L, `13` = 13L, 
    `14` = 8L, `15` = 5L, `16` = 5L, `17` = 4L, `18` = 5L, `19` = 4L, 
    `20` = 6L, `21` = 6L, `22` = 5L, `23` = 2L, `24` = 4L, `25` = 4L, 
    `26` = 3L, `27` = 2L, `28` = 5L, `29` = 1L, `30` = 3L, `31` = 5L, 
    `32` = 1L, `33` = 2L, `34` = 4L, `35` = 1L, `36` = 2L, `37` = 3L, 
    `38` = 3L, `39` = 1L, `40` = 1L, `42` = 1L, `43` = 2L, `44` = 1L, 
    `45` = 1L, `47` = 1L, `50` = 1L, `54` = 1L, `56` = 1L, `61` = 1L, 
    `78` = 1L), .Dim = 50L, .Dimnames = list(TagUsage = c("1", 
    "2", "3", "4", "5", "6", "7", "8", "9", "10", "11", "12", 
    "13", "14", "15", "16", "17", "18", "19", "20", "21", "22", 
    "23", "24", "25", "26", "27", "28", "29", "30", "31", "32", 
    "33", "34", "35", "36", "37", "38", "39", "40", "42", "43", 
    "44", "45", "47", "50", "54", "56", "61", "78")), class = "table"), 
    No.Tag = structure(c(0L, 0L, 0L, 0L, 0L, 153L, 1L, 4L, 0L, 
    0L, 0L, 0L), .Dim = 4:3, .Dimnames = structure(list(c("-1", 
    "0", "1", NA), c("A", "C", NA)), .Names = c("", "")), class = "table"), 
    All.Tags = list(Concordant = list(Freqs = structure(c(0, 
    2, 0, 0, 346, 0), .Dim = 3:2, .Dimnames = list(c("-1", "0", 
    "1"), c("A", "C"))), N = 348), Majority = list(Freqs = structure(c(0, 
    2, 0, 0, 379, 0), .Dim = 3:2, .Dimnames = list(c("-1", "0", 
    "1"), c("A", "C"))), N = 381)), `2` = structure(c(0, 0, 0, 
    0, 276, 0), .Dim = 3:2, .Dimnames = list(c("-1", "0", "1"
    ), c("A", "C"))))))
