Results <-
list(`bwa.out//20220204//BlindCMMRD68_S27.sam` = list(GM29_SNP1 = list(
    All = list(Freqs = structure(c(45L, 3271L, 11L, 9L, 1L, 37L, 
    0L, 0L), .Dim = c(4L, 2L), .Dimnames = structure(list(c("-1", 
    "0", "1", NA), c("G", NA)), .Names = c("", "")), class = "table"), 
        N = 3374L), Tag.Distribution = structure(c(`1` = 60L, 
    `2` = 39L, `3` = 44L, `4` = 35L, `5` = 25L, `6` = 21L, `7` = 18L, 
    `8` = 28L, `9` = 21L, `10` = 21L, `11` = 17L, `12` = 15L, 
    `13` = 8L, `14` = 4L, `15` = 8L, `16` = 5L, `17` = 7L, `18` = 2L, 
    `19` = 6L, `20` = 4L, `21` = 7L, `22` = 3L, `23` = 4L, `24` = 1L, 
    `25` = 1L, `28` = 3L, `29` = 1L, `30` = 1L, `31` = 4L, `34` = 1L, 
    `35` = 2L, `37` = 1L), .Dim = 32L, .Dimnames = list(TagUsage = c("1", 
    "2", "3", "4", "5", "6", "7", "8", "9", "10", "11", "12", 
    "13", "14", "15", "16", "17", "18", "19", "20", "21", "22", 
    "23", "24", "25", "28", "29", "30", "31", "34", "35", "37"
    )), class = "table"), No.Tag = structure(c(2L, 121L, 0L, 
    3L, 0L, 0L, 0L, 0L), .Dim = c(4L, 2L), .Dimnames = structure(list(
        c("-1", "0", "1", NA), c("G", NA)), .Names = c("", ""
    )), class = "table"), All.Tags = list(Concordant = list(Freqs = structure(c(2, 
    375, 0), .Dim = c(3L, 1L), .Dimnames = list(c("-1", "0", 
    "1"), "G")), N = 377), Majority = list(Freqs = structure(c(2, 
    411, 0), .Dim = c(3L, 1L), .Dimnames = list(c("-1", "0", 
    "1"), "G")), N = 413)), `2` = structure(c(1, 354, 0), .Dim = c(3L, 
    1L), .Dimnames = list(c("-1", "0", "1"), "G")))))
