Results <-
list(`bwa.out//20220204//BlindCMMRD92_S51.sam` = list(IM49_SNP1 = list(
    All = list(Freqs = structure(c(0L, 64L, 1853L, 45L, 2L, 25L, 
    1L, 43L, 1522L, 35L, 1L, 12L, 0L, 3L, 207L, 1L, 0L, 0L), .Dim = c(6L, 
    3L), .Dimnames = structure(list(c("-2", "-1", "0", "1", "2", 
    NA), c("C", "G", NA)), .Names = c("", "")), class = "table"), 
        N = 3814L), Tag.Distribution = structure(c(`1` = 166L, 
    `2` = 61L, `3` = 46L, `4` = 50L, `5` = 29L, `6` = 30L, `7` = 35L, 
    `8` = 27L, `9` = 20L, `10` = 15L, `11` = 16L, `12` = 15L, 
    `13` = 16L, `14` = 6L, `15` = 5L, `16` = 7L, `17` = 5L, `18` = 4L, 
    `19` = 5L, `20` = 8L, `21` = 7L, `22` = 5L, `23` = 5L, `24` = 3L, 
    `26` = 4L, `28` = 1L, `30` = 2L, `31` = 1L, `32` = 1L, `33` = 1L
    ), .Dim = 30L, .Dimnames = list(TagUsage = c("1", "2", "3", 
    "4", "5", "6", "7", "8", "9", "10", "11", "12", "13", "14", 
    "15", "16", "17", "18", "19", "20", "21", "22", "23", "24", 
    "26", "28", "30", "31", "32", "33")), class = "table"), No.Tag = structure(c(0L, 
    0L, 42L, 1L, 0L, 1L, 0L, 3L, 36L, 1L, 0L, 2L, 0L, 0L, 7L, 
    0L, 0L, 0L), .Dim = c(6L, 3L), .Dimnames = structure(list(
        c("-2", "-1", "0", "1", "2", NA), c("C", "G", NA)), .Names = c("", 
    "")), class = "table"), All.Tags = list(Concordant = list(
        Freqs = structure(c(0, 8, 222, 3, 0, 0, 1, 179, 2, 0), .Dim = c(5L, 
        2L), .Dimnames = list(c("-2", "-1", "0", "1", "2"), c("C", 
        "G"))), N = 415), Majority = list(Freqs = structure(c(0, 
    8, 294, 4, 0, 0, 3, 235, 3, 0), .Dim = c(5L, 2L), .Dimnames = list(
        c("-2", "-1", "0", "1", "2"), c("C", "G"))), N = 547)), 
    `2` = structure(c(0, 1, 221, 2, 0, 0, 2, 190, 3, 0), .Dim = c(5L, 
    2L), .Dimnames = list(c("-2", "-1", "0", "1", "2"), c("C", 
    "G"))))))
