Results <-
list(`bwa.out//20220204//BlindCMMRD62_S21.sam` = list(LR36_SNP1 = list(
    All = list(Freqs = structure(c(0L, 0L, 2L, 0L, 0L, 0L, 6L, 
    54L, 2868L, 18L, 1L, 22L, 1L, 1L, 127L, 0L, 0L, 0L), .Dim = c(6L, 
    3L), .Dimnames = structure(list(c("-2", "-1", "0", "1", "2", 
    NA), c("A", "T", NA)), .Names = c("", "")), class = "table"), 
        N = 3100L), Tag.Distribution = structure(c(`1` = 86L, 
    `2` = 47L, `3` = 51L, `4` = 34L, `5` = 30L, `6` = 25L, `7` = 29L, 
    `8` = 19L, `9` = 19L, `10` = 12L, `11` = 14L, `12` = 14L, 
    `13` = 10L, `14` = 14L, `15` = 7L, `16` = 4L, `17` = 9L, 
    `18` = 1L, `19` = 1L, `20` = 8L, `21` = 3L, `22` = 4L, `23` = 1L, 
    `25` = 1L, `26` = 2L, `27` = 1L, `31` = 1L, `40` = 1L, `43` = 1L
    ), .Dim = 29L, .Dimnames = list(TagUsage = c("1", "2", "3", 
    "4", "5", "6", "7", "8", "9", "10", "11", "12", "13", "14", 
    "15", "16", "17", "18", "19", "20", "21", "22", "23", "25", 
    "26", "27", "31", "40", "43")), class = "table"), No.Tag = structure(c(0L, 
    0L, 0L, 0L, 0L, 0L, 0L, 0L, 99L, 5L, 0L, 5L, 0L, 0L, 17L, 
    0L, 0L, 0L), .Dim = c(6L, 3L), .Dimnames = structure(list(
        c("-2", "-1", "0", "1", "2", NA), c("A", "T", NA)), .Names = c("", 
    "")), class = "table"), All.Tags = list(Concordant = list(
        Freqs = structure(c(0, 0, 1, 0, 0, 0, 1, 376, 0, 0), .Dim = c(5L, 
        2L), .Dimnames = list(c("-2", "-1", "0", "1", "2"), c("A", 
        "T"))), N = 378), Majority = list(Freqs = structure(c(0, 
    0, 1, 0, 0, 0, 2, 433, 0, 0), .Dim = c(5L, 2L), .Dimnames = list(
        c("-2", "-1", "0", "1", "2"), c("A", "T"))), N = 436)), 
    `2` = structure(c(0, 0, 0, 0, 0, 0, 1, 358, 0, 0), .Dim = c(5L, 
    2L), .Dimnames = list(c("-2", "-1", "0", "1", "2"), c("A", 
    "T"))))))
