Results <-
list(`bwa.out//20220204//BlindCMMRD69_S28.sam` = list(GM17_SNP1 = list(
    All = list(Freqs = structure(c(1L, 16L, 1833L, 4L, 0L, 1L, 
    0L, 30L, 2048L, 7L, 1L, 0L, 0L, 0L, 32L, 0L, 0L, 0L), .Dim = c(6L, 
    3L), .Dimnames = structure(list(c("-2", "-1", "0", "1", "2", 
    NA), c("C", "T", NA)), .Names = c("", "")), class = "table"), 
        N = 3973L), Tag.Distribution = structure(c(`1` = 92L, 
    `2` = 43L, `3` = 41L, `4` = 51L, `5` = 35L, `6` = 26L, `7` = 37L, 
    `8` = 22L, `9` = 21L, `10` = 19L, `11` = 12L, `12` = 21L, 
    `13` = 7L, `14` = 13L, `15` = 11L, `16` = 9L, `17` = 8L, 
    `18` = 6L, `19` = 12L, `20` = 5L, `21` = 7L, `22` = 5L, `23` = 2L, 
    `24` = 4L, `25` = 4L, `26` = 2L, `28` = 1L, `29` = 2L, `33` = 1L, 
    `59` = 1L), .Dim = 30L, .Dimnames = list(TagUsage = c("1", 
    "2", "3", "4", "5", "6", "7", "8", "9", "10", "11", "12", 
    "13", "14", "15", "16", "17", "18", "19", "20", "21", "22", 
    "23", "24", "25", "26", "28", "29", "33", "59")), class = "table"), 
    No.Tag = structure(c(0L, 0L, 24L, 0L, 0L, 1L, 0L, 0L, 29L, 
    0L, 0L, 0L, 0L, 0L, 2L, 0L, 0L, 0L), .Dim = c(6L, 3L), .Dimnames = structure(list(
        c("-2", "-1", "0", "1", "2", NA), c("C", "T", NA)), .Names = c("", 
    "")), class = "table"), All.Tags = list(Concordant = list(
        Freqs = structure(c(0, 2, 222, 0, 0, 0, 0, 216, 0, 0), .Dim = c(5L, 
        2L), .Dimnames = list(c("-2", "-1", "0", "1", "2"), c("C", 
        "T"))), N = 440), Majority = list(Freqs = structure(c(0, 
    2, 250, 0, 0, 0, 0, 262, 0, 0), .Dim = c(5L, 2L), .Dimnames = list(
        c("-2", "-1", "0", "1", "2"), c("C", "T"))), N = 514)), 
    `2` = structure(c(0, 0, 204, 0, 0, 0, 0, 222, 0, 0), .Dim = c(5L, 
    2L), .Dimnames = list(c("-2", "-1", "0", "1", "2"), c("C", 
    "T"))))))
