Results <-
list(`bwa.out//20220204//BlindCMMRD67_S26.sam` = list(LR24_SNP1 = list(
    All = list(Freqs = structure(c(15L, 4015L, 11L, 1L, 5L, 0L, 
    5L, 0L, 0L, 0L, 0L, 27L, 0L, 0L, 0L), .Dim = c(5L, 3L), .Dimnames = structure(list(
        c("-1", "0", "1", "2", NA), c("A", "G", NA)), .Names = c("", 
    "")), class = "table"), N = 4079L), Tag.Distribution = structure(c(`1` = 181L, 
    `2` = 102L, `3` = 114L, `4` = 86L, `5` = 65L, `6` = 57L, 
    `7` = 33L, `8` = 31L, `9` = 35L, `10` = 18L, `11` = 17L, 
    `12` = 10L, `13` = 10L, `14` = 10L, `15` = 5L, `16` = 3L, 
    `17` = 8L, `18` = 4L, `19` = 4L, `20` = 4L, `21` = 1L, `22` = 2L, 
    `25` = 2L, `26` = 1L, `28` = 1L, `29` = 1L), .Dim = 26L, .Dimnames = list(
        TagUsage = c("1", "2", "3", "4", "5", "6", "7", "8", 
        "9", "10", "11", "12", "13", "14", "15", "16", "17", 
        "18", "19", "20", "21", "22", "25", "26", "28", "29")), class = "table"), 
    No.Tag = structure(c(0L, 100L, 0L, 0L, 2L, 0L, 0L, 0L, 0L, 
    0L, 0L, 3L, 0L, 0L, 0L), .Dim = c(5L, 3L), .Dimnames = structure(list(
        c("-1", "0", "1", "2", NA), c("A", "G", NA)), .Names = c("", 
    "")), class = "table"), All.Tags = list(Concordant = list(
        Freqs = structure(c(1, 768, 0, 0, 0, 5, 0, 0), .Dim = c(4L, 
        2L), .Dimnames = list(c("-1", "0", "1", "2"), c("A", 
        "G"))), N = 774), Majority = list(Freqs = structure(c(1, 
    789, 0, 0, 0, 5, 0, 0), .Dim = c(4L, 2L), .Dimnames = list(
        c("-1", "0", "1", "2"), c("A", "G"))), N = 795)), `2` = structure(c(0, 
    620, 0, 0, 0, 0, 0, 0), .Dim = c(4L, 2L), .Dimnames = list(
        c("-1", "0", "1", "2"), c("A", "G"))))))
