Results <-
list(`bwa.out//20220204//BlindCMMRD93_S52.sam` = list(LR52_SNP1 = list(
    All = list(Freqs = structure(c(0L, 0L, 5L, 0L, 0L, 1L, 2L, 
    25L, 332L, 2679L, 35L, 39L, 0L, 1L, 5L, 128L, 3L, 0L), .Dim = c(6L, 
    3L), .Dimnames = structure(list(c("-3", "-2", "-1", "0", 
    "1", NA), c("C", "T", NA)), .Names = c("", "")), class = "table"), 
        N = 3255L), Tag.Distribution = structure(c(`1` = 80L, 
    `2` = 56L, `3` = 33L, `4` = 26L, `5` = 29L, `6` = 28L, `7` = 26L, 
    `8` = 23L, `9` = 18L, `10` = 20L, `11` = 10L, `12` = 16L, 
    `13` = 15L, `14` = 6L, `15` = 8L, `16` = 9L, `17` = 6L, `18` = 7L, 
    `19` = 2L, `20` = 9L, `21` = 4L, `22` = 3L, `23` = 4L, `24` = 2L, 
    `25` = 2L, `28` = 1L, `32` = 2L, `36` = 1L), .Dim = 28L, .Dimnames = list(
        TagUsage = c("1", "2", "3", "4", "5", "6", "7", "8", 
        "9", "10", "11", "12", "13", "14", "15", "16", "17", 
        "18", "19", "20", "21", "22", "23", "24", "25", "28", 
        "32", "36")), class = "table"), No.Tag = structure(c(0L, 
    0L, 0L, 0L, 0L, 0L, 1L, 0L, 3L, 49L, 2L, 2L, 0L, 0L, 0L, 
    3L, 0L, 0L), .Dim = c(6L, 3L), .Dimnames = structure(list(
        c("-3", "-2", "-1", "0", "1", NA), c("C", "T", NA)), .Names = c("", 
    "")), class = "table"), All.Tags = list(Concordant = list(
        Freqs = structure(c(0, 0, 3, 0, 0, 0, 1, 17, 249, 2), .Dim = c(5L, 
        2L), .Dimnames = list(c("-3", "-2", "-1", "0", "1"), 
            c("C", "T"))), N = 272), Majority = list(Freqs = structure(c(0, 
    0, 3, 0, 0, 0, 1, 27, 384, 4), .Dim = c(5L, 2L), .Dimnames = list(
        c("-3", "-2", "-1", "0", "1"), c("C", "T"))), N = 419)), 
    `2` = structure(c(0, 0, 0, 0, 0, 0, 0, 14, 336, 3), .Dim = c(5L, 
    2L), .Dimnames = list(c("-3", "-2", "-1", "0", "1"), c("C", 
    "T"))))))
