Results <-
list(`bwa.out//20220204//BlindCMMRD59_S18.sam` = list(LR52_SNP1 = list(
    All = list(Freqs = structure(c(0L, 0L, 0L, 2L, 0L, 0L, 0L, 
    4L, 26L, 366L, 4421L, 30L, 0L, 45L, 0L, 0L, 14L, 200L, 2L, 
    1L, 0L), .Dim = c(7L, 3L), .Dimnames = structure(list(c("-3", 
    "-2", "-1", "0", "1", "2", NA), c("C", "T", NA)), .Names = c("", 
    "")), class = "table"), N = 5111L), Tag.Distribution = structure(c(`1` = 79L, 
    `2` = 26L, `3` = 41L, `4` = 24L, `5` = 26L, `6` = 32L, `7` = 22L, 
    `8` = 33L, `9` = 22L, `10` = 26L, `11` = 19L, `12` = 11L, 
    `13` = 15L, `14` = 14L, `15` = 10L, `16` = 6L, `17` = 10L, 
    `18` = 8L, `19` = 7L, `20` = 8L, `21` = 11L, `22` = 2L, `23` = 6L, 
    `24` = 8L, `25` = 3L, `26` = 6L, `27` = 4L, `28` = 4L, `29` = 5L, 
    `30` = 1L, `31` = 7L, `32` = 3L, `33` = 1L, `35` = 1L, `36` = 1L, 
    `40` = 2L, `42` = 1L, `44` = 1L, `45` = 1L, `68` = 1L), .Dim = 40L, .Dimnames = list(
        TagUsage = c("1", "2", "3", "4", "5", "6", "7", "8", 
        "9", "10", "11", "12", "13", "14", "15", "16", "17", 
        "18", "19", "20", "21", "22", "23", "24", "25", "26", 
        "27", "28", "29", "30", "31", "32", "33", "35", "36", 
        "40", "42", "44", "45", "68")), class = "table"), No.Tag = structure(c(0L, 
    0L, 0L, 0L, 0L, 0L, 0L, 0L, 0L, 7L, 40L, 0L, 0L, 0L, 0L, 
    0L, 0L, 4L, 0L, 0L, 0L), .Dim = c(7L, 3L), .Dimnames = structure(list(
        c("-3", "-2", "-1", "0", "1", "2", NA), c("C", "T", NA
        )), .Names = c("", "")), class = "table"), All.Tags = list(
        Concordant = list(Freqs = structure(c(0, 0, 0, 1, 0, 
        0, 0, 1, 4, 285, 2, 0), .Dim = c(6L, 2L), .Dimnames = list(
            c("-3", "-2", "-1", "0", "1", "2"), c("C", "T"))), 
            N = 293), Majority = list(Freqs = structure(c(0, 
        0, 0, 1, 0, 0, 0, 1, 8, 476, 2, 0), .Dim = c(6L, 2L), .Dimnames = list(
            c("-3", "-2", "-1", "0", "1", "2"), c("C", "T"))), 
            N = 488)), `2` = structure(c(0, 0, 0, 0, 0, 0, 0, 
    1, 5, 418, 0, 0), .Dim = c(6L, 2L), .Dimnames = list(c("-3", 
    "-2", "-1", "0", "1", "2"), c("C", "T"))))))
