Results <-
list(`bwa.out//20220204//MLPA79_S11.sam` = list(IM16_SNP1 = list(
    All = list(Freqs = structure(c(0L, 25L, 2444L, 37L, 6L, 0L, 
    0L, 1L, 0L, 0L, 1L, 21L, 2467L, 24L, 4L, 0L, 0L, 2L, 0L, 
    0L, 0L, 3L, 61L, 0L, 0L), .Dim = c(5L, 5L), .Dimnames = structure(list(
        c("-2", "-1", "0", "1", NA), c("A", "C", "G", "T", NA
        )), .Names = c("", "")), class = "table"), N = 5096L), 
    Tag.Distribution = structure(c(`1` = 156L, `2` = 75L, `3` = 61L, 
    `4` = 64L, `5` = 43L, `6` = 32L, `7` = 40L, `8` = 23L, `9` = 24L, 
    `10` = 22L, `11` = 18L, `12` = 18L, `13` = 14L, `14` = 17L, 
    `15` = 9L, `16` = 5L, `17` = 9L, `18` = 7L, `19` = 8L, `20` = 4L, 
    `21` = 11L, `22` = 5L, `23` = 4L, `24` = 7L, `25` = 8L, `26` = 4L, 
    `27` = 2L, `28` = 4L, `29` = 2L, `30` = 3L, `31` = 1L, `32` = 1L, 
    `33` = 1L, `36` = 1L), .Dim = 34L, .Dimnames = list(TagUsage = c("1", 
    "2", "3", "4", "5", "6", "7", "8", "9", "10", "11", "12", 
    "13", "14", "15", "16", "17", "18", "19", "20", "21", "22", 
    "23", "24", "25", "26", "27", "28", "29", "30", "31", "32", 
    "33", "36")), class = "table"), No.Tag = structure(c(0L, 
    1L, 53L, 0L, 0L, 0L, 0L, 0L, 0L, 0L, 0L, 1L, 72L, 0L, 1L, 
    0L, 0L, 0L, 0L, 0L, 0L, 0L, 5L, 0L, 0L), .Dim = c(5L, 5L), .Dimnames = structure(list(
        c("-2", "-1", "0", "1", NA), c("A", "C", "G", "T", NA
        )), .Names = c("", "")), class = "table"), All.Tags = list(
        Concordant = list(Freqs = structure(c(0, 2, 271, 2, 0, 
        0, 0, 0, 0, 1, 289, 1, 0, 0, 0, 0), .Dim = c(4L, 4L), .Dimnames = list(
            c("-2", "-1", "0", "1"), c("A", "C", "G", "T"))), 
            N = 566), Majority = list(Freqs = structure(c(0, 
        3, 332, 2, 0, 0, 0, 0, 0, 1, 343, 1, 0, 0, 0, 0), .Dim = c(4L, 
        4L), .Dimnames = list(c("-2", "-1", "0", "1"), c("A", 
        "C", "G", "T"))), N = 682)), `2` = structure(c(0, 1, 
    258, 0, 0, 0, 0, 0, 0, 0, 276, 0, 0, 0, 0, 0), .Dim = c(4L, 
    4L), .Dimnames = list(c("-2", "-1", "0", "1"), c("A", "C", 
    "G", "T"))))))
