Results <-
list(`bwa.out//20220204//BlindCMMRD109_S35.sam` = list(GM22_SNP1 = list(
    All = list(Freqs = structure(c(7L, 98L, 8257L, 30L, 1L, 28L, 
    0L, 0L, 5L, 0L, 0L, 0L, 0L, 0L, 62L, 1L, 0L, 0L), .Dim = c(6L, 
    3L), .Dimnames = structure(list(c("-2", "-1", "0", "1", "2", 
    NA), c("A", "G", NA)), .Names = c("", "")), class = "table"), 
        N = 8489L), Tag.Distribution = structure(c(`1` = 231L, 
    `2` = 182L, `3` = 163L, `4` = 169L, `5` = 142L, `6` = 122L, 
    `7` = 108L, `8` = 78L, `9` = 63L, `10` = 51L, `11` = 45L, 
    `12` = 19L, `13` = 26L, `14` = 23L, `15` = 21L, `16` = 21L, 
    `17` = 10L, `18` = 5L, `19` = 7L, `20` = 3L, `24` = 3L, `25` = 2L, 
    `29` = 1L, `30` = 1L), .Dim = 24L, .Dimnames = list(TagUsage = c("1", 
    "2", "3", "4", "5", "6", "7", "8", "9", "10", "11", "12", 
    "13", "14", "15", "16", "17", "18", "19", "20", "24", "25", 
    "29", "30")), class = "table"), No.Tag = structure(c(0L, 
    1L, 151L, 1L, 0L, 4L, 0L, 0L, 0L, 0L, 0L, 0L, 0L, 0L, 5L, 
    0L, 0L, 0L), .Dim = c(6L, 3L), .Dimnames = structure(list(
        c("-2", "-1", "0", "1", "2", NA), c("A", "G", NA)), .Names = c("", 
    "")), class = "table"), All.Tags = list(Concordant = list(
        Freqs = structure(c(0, 2, 1369, 0, 0, 0, 0, 4, 0, 0), .Dim = c(5L, 
        2L), .Dimnames = list(c("-2", "-1", "0", "1", "2"), c("A", 
        "G"))), N = 1375), Majority = list(Freqs = structure(c(0, 
    4, 1482, 0, 0, 0, 0, 4, 0, 0), .Dim = c(5L, 2L), .Dimnames = list(
        c("-2", "-1", "0", "1", "2"), c("A", "G"))), N = 1490)), 
    `2` = structure(c(0, 2, 1258, 0, 0, 0, 0, 0, 0, 0), .Dim = c(5L, 
    2L), .Dimnames = list(c("-2", "-1", "0", "1", "2"), c("A", 
    "G"))))))
