Results <-
list(`bwa.out//20220204//BlindCMMRD131_S57.sam` = list(LR40_SNP1 = list(
    All = list(Freqs = structure(c(12L, 1711L, 4L, 1L, 13L, 1677L, 
    5L, 1L, 0L, 3L, 0L, 0L, 0L, 14L, 0L, 0L), .Dim = c(4L, 4L
    ), .Dimnames = structure(list(c("-1", "0", "1", NA), c("A", 
    "C", "T", NA)), .Names = c("", "")), class = "table"), N = 3441L), 
    Tag.Distribution = structure(c(`1` = 155L, `2` = 133L, `3` = 103L, 
    `4` = 82L, `5` = 74L, `6` = 48L, `7` = 29L, `8` = 34L, `9` = 16L, 
    `10` = 15L, `11` = 15L, `12` = 17L, `13` = 9L, `14` = 11L, 
    `15` = 3L, `16` = 1L, `17` = 2L, `18` = 2L, `19` = 1L, `21` = 1L, 
    `23` = 1L, `25` = 1L), .Dim = 22L, .Dimnames = list(TagUsage = c("1", 
    "2", "3", "4", "5", "6", "7", "8", "9", "10", "11", "12", 
    "13", "14", "15", "16", "17", "18", "19", "21", "23", "25"
    )), class = "table"), No.Tag = structure(c(0L, 41L, 1L, 0L, 
    1L, 54L, 0L, 0L, 0L, 0L, 0L, 0L, 0L, 0L, 0L, 0L), .Dim = c(4L, 
    4L), .Dimnames = structure(list(c("-1", "0", "1", NA), c("A", 
    "C", "T", NA)), .Names = c("", "")), class = "table"), All.Tags = list(
        Concordant = list(Freqs = structure(c(1, 321, 0, 1, 324, 
        0, 0, 0, 0), .Dim = c(3L, 3L), .Dimnames = list(c("-1", 
        "0", "1"), c("A", "C", "T"))), N = 647), Majority = list(
            Freqs = structure(c(1, 361, 0, 1, 372, 0, 0, 0, 0
            ), .Dim = c(3L, 3L), .Dimnames = list(c("-1", "0", 
            "1"), c("A", "C", "T"))), N = 735)), `2` = structure(c(0, 
    286, 0, 1, 296, 0, 0, 0, 0), .Dim = c(3L, 3L), .Dimnames = list(
        c("-1", "0", "1"), c("A", "C", "T"))))))
