Results <-
list(`bwa.out//20220204//BlindCMMRD85_S44.sam` = list(LR11_SNP1 = list(
    All = list(Freqs = structure(c(0L, 0L, 1L, 0L, 0L, 0L, 0L, 
    3L, 0L, 0L, 1L, 83L, 3610L, 33L, 12L, 0L, 4L, 112L, 2L, 0L
    ), .Dim = 5:4, .Dimnames = structure(list(c("-2", "-1", "0", 
    "1", NA), c("-", "A", "C", NA)), .Names = c("", "")), class = "table"), 
        N = 3861L), Tag.Distribution = structure(c(`1` = 121L, 
    `2` = 73L, `3` = 43L, `4` = 53L, `5` = 40L, `6` = 28L, `7` = 25L, 
    `8` = 27L, `9` = 29L, `10` = 24L, `11` = 13L, `12` = 19L, 
    `13` = 17L, `14` = 13L, `15` = 11L, `16` = 8L, `17` = 4L, 
    `18` = 12L, `19` = 3L, `20` = 3L, `21` = 5L, `22` = 2L, `23` = 1L, 
    `24` = 3L, `26` = 2L, `28` = 1L, `29` = 2L, `31` = 2L, `32` = 1L
    ), .Dim = 29L, .Dimnames = list(TagUsage = c("1", "2", "3", 
    "4", "5", "6", "7", "8", "9", "10", "11", "12", "13", "14", 
    "15", "16", "17", "18", "19", "20", "21", "22", "23", "24", 
    "26", "28", "29", "31", "32")), class = "table"), No.Tag = structure(c(0L, 
    0L, 0L, 0L, 0L, 0L, 0L, 1L, 0L, 0L, 0L, 0L, 45L, 0L, 1L, 
    0L, 0L, 2L, 0L, 0L), .Dim = 5:4, .Dimnames = structure(list(
        c("-2", "-1", "0", "1", NA), c("-", "A", "C", NA)), .Names = c("", 
    "")), class = "table"), All.Tags = list(Concordant = list(
        Freqs = structure(c(0, 0, 0, 0, 0, 0, 2, 0, 0, 4, 476, 
        2), .Dim = 4:3, .Dimnames = list(c("-2", "-1", "0", "1"
        ), c("-", "A", "C"))), N = 484), Majority = list(Freqs = structure(c(0, 
    0, 0, 0, 0, 0, 2, 0, 0, 4, 561, 2), .Dim = 4:3, .Dimnames = list(
        c("-2", "-1", "0", "1"), c("-", "A", "C"))), N = 569)), 
    `2` = structure(c(0, 0, 0, 0, 0, 0, 0, 0, 0, 2, 460, 0), .Dim = 4:3, .Dimnames = list(
        c("-2", "-1", "0", "1"), c("-", "A", "C"))))))
