Results <-
list(`bwa.out//20220204//Control13_S6.sam` = list(GM22_SNP1 = list(
    All = list(Freqs = structure(c(1L, 31L, 2571L, 16L, 7L, 0L, 
    0L, 28L, 0L, 0L), .Dim = c(5L, 2L), .Dimnames = structure(list(
        c("-3", "-1", "0", "1", NA), c("A", NA)), .Names = c("", 
    "")), class = "table"), N = 2654L), Tag.Distribution = structure(c(`1` = 119L, 
    `2` = 56L, `3` = 30L, `4` = 40L, `5` = 31L, `6` = 28L, `7` = 22L, 
    `8` = 15L, `9` = 14L, `10` = 18L, `11` = 14L, `12` = 13L, 
    `13` = 6L, `14` = 6L, `15` = 3L, `16` = 7L, `17` = 4L, `18` = 4L, 
    `19` = 7L, `20` = 2L, `21` = 2L, `22` = 2L, `23` = 1L, `24` = 2L, 
    `25` = 2L, `27` = 1L, `29` = 1L), .Dim = 27L, .Dimnames = list(
        TagUsage = c("1", "2", "3", "4", "5", "6", "7", "8", 
        "9", "10", "11", "12", "13", "14", "15", "16", "17", 
        "18", "19", "20", "21", "22", "23", "24", "25", "27", 
        "29")), class = "table"), No.Tag = structure(c(0L, 2L, 
    59L, 0L, 1L, 0L, 0L, 3L, 0L, 0L), .Dim = c(5L, 2L), .Dimnames = structure(list(
        c("-3", "-1", "0", "1", NA), c("A", NA)), .Names = c("", 
    "")), class = "table"), All.Tags = list(Concordant = list(
        Freqs = structure(c(0, 1, 407, 1), .Dim = c(4L, 1L), .Dimnames = list(
            c("-3", "-1", "0", "1"), "A")), N = 409), Majority = list(
        Freqs = structure(c(0, 1, 440, 1), .Dim = c(4L, 1L), .Dimnames = list(
            c("-3", "-1", "0", "1"), "A")), N = 442)), `2` = structure(c(0, 
    0, 328, 0), .Dim = c(4L, 1L), .Dimnames = list(c("-3", "-1", 
    "0", "1"), "A")))))
