Results <-
list(`bwa.out//20220204//Control26_S19.sam` = list(GM07_SNP1 = list(
    All = list(Freqs = structure(c(2L, 59L, 1284L, 36L, 0L, 10L, 
    0L, 52L, 1265L, 37L, 2L, 13L, 0L, 1L, 31L, 0L, 0L, 0L), .Dim = c(6L, 
    3L), .Dimnames = structure(list(c("-2", "-1", "0", "1", "2", 
    NA), c("A", "G", NA)), .Names = c("", "")), class = "table"), 
        N = 2792L), Tag.Distribution = structure(c(`1` = 86L, 
    `2` = 62L, `3` = 41L, `4` = 36L, `5` = 29L, `6` = 20L, `7` = 23L, 
    `8` = 18L, `9` = 21L, `10` = 12L, `11` = 7L, `12` = 7L, `13` = 9L, 
    `14` = 8L, `15` = 10L, `16` = 5L, `17` = 1L, `18` = 2L, `19` = 2L, 
    `20` = 7L, `21` = 4L, `22` = 1L, `23` = 3L, `24` = 2L, `26` = 1L
    ), .Dim = 25L, .Dimnames = list(TagUsage = c("1", "2", "3", 
    "4", "5", "6", "7", "8", "9", "10", "11", "12", "13", "14", 
    "15", "16", "17", "18", "19", "20", "21", "22", "23", "24", 
    "26")), class = "table"), No.Tag = structure(c(1L, 6L, 164L, 
    3L, 0L, 1L, 0L, 5L, 132L, 8L, 0L, 5L, 0L, 1L, 10L, 0L, 0L, 
    0L), .Dim = c(6L, 3L), .Dimnames = structure(list(c("-2", 
    "-1", "0", "1", "2", NA), c("A", "G", NA)), .Names = c("", 
    "")), class = "table"), All.Tags = list(Concordant = list(
        Freqs = structure(c(0, 1, 135, 1, 0, 0, 3, 150, 1, 0), .Dim = c(5L, 
        2L), .Dimnames = list(c("-2", "-1", "0", "1", "2"), c("A", 
        "G"))), N = 291), Majority = list(Freqs = structure(c(0, 
    3, 188, 1, 0, 0, 3, 199, 1, 0), .Dim = c(5L, 2L), .Dimnames = list(
        c("-2", "-1", "0", "1", "2"), c("A", "G"))), N = 395)), 
    `2` = structure(c(0, 2, 159, 0, 0, 0, 1, 152, 1, 0), .Dim = c(5L, 
    2L), .Dimnames = list(c("-2", "-1", "0", "1", "2"), c("A", 
    "G"))))))
