Results <-
list(`bwa.out//20220204//16D2889_S4.sam` = list(LR49_SNP1 = list(
    All = list(Freqs = structure(c(14L, 1937L, 0L, 3L, 0L, 1L, 
    0L, 0L, 9L, 2641L, 1L, 4L, 0L, 64L, 0L, 0L), .Dim = c(4L, 
    4L), .Dimnames = structure(list(c("-1", "0", "1", NA), c("A", 
    "C", "G", NA)), .Names = c("", "")), class = "table"), N = 4674L), 
    Tag.Distribution = structure(c(`1` = 223L, `2` = 152L, `3` = 107L, 
    `4` = 90L, `5` = 71L, `6` = 58L, `7` = 48L, `8` = 38L, `9` = 29L, 
    `10` = 33L, `11` = 20L, `12` = 9L, `13` = 13L, `14` = 9L, 
    `15` = 4L, `16` = 6L, `17` = 2L, `18` = 8L, `19` = 6L, `20` = 2L, 
    `22` = 3L, `23` = 1L, `24` = 1L, `25` = 2L, `26` = 2L, `27` = 1L, 
    `34` = 1L), .Dim = 27L, .Dimnames = list(TagUsage = c("1", 
    "2", "3", "4", "5", "6", "7", "8", "9", "10", "11", "12", 
    "13", "14", "15", "16", "17", "18", "19", "20", "22", "23", 
    "24", "25", "26", "27", "34")), class = "table"), No.Tag = structure(c(0L, 
    63L, 0L, 1L, 0L, 0L, 0L, 0L, 0L, 76L, 0L, 0L, 0L, 5L, 0L, 
    0L), .Dim = c(4L, 4L), .Dimnames = structure(list(c("-1", 
    "0", "1", NA), c("A", "C", "G", NA)), .Names = c("", "")), class = "table"), 
    All.Tags = list(Concordant = list(Freqs = structure(c(1, 
    341, 0, 0, 0, 0, 2, 478, 0), .Dim = c(3L, 3L), .Dimnames = list(
        c("-1", "0", "1"), c("A", "C", "G"))), N = 822), Majority = list(
        Freqs = structure(c(1, 391, 0, 0, 0, 0, 2, 528, 0), .Dim = c(3L, 
        3L), .Dimnames = list(c("-1", "0", "1"), c("A", "C", 
        "G"))), N = 922)), `2` = structure(c(1, 296, 0, 0, 0, 
    0, 0, 408, 0), .Dim = c(3L, 3L), .Dimnames = list(c("-1", 
    "0", "1"), c("A", "C", "G"))))))
