Results <-
list(`bwa.out//20220204//16D2889_S4.sam` = list(IM49_SNP1 = list(
    All = list(Freqs = structure(c(0L, 0L, 1L, 0L, 0L, 0L, 2L, 
    141L, 3025L, 81L, 1L, 26L, 0L, 0L, 5L, 0L, 0L, 0L, 0L, 5L, 
    112L, 1L, 0L, 0L), .Dim = c(6L, 4L), .Dimnames = structure(list(
        c("-2", "-1", "0", "1", "2", NA), c("A", "C", "G", NA
        )), .Names = c("", "")), class = "table"), N = 3400L), 
    Tag.Distribution = structure(c(`1` = 323L, `2` = 199L, `3` = 109L, 
    `4` = 94L, `5` = 60L, `6` = 58L, `7` = 30L, `8` = 28L, `9` = 19L, 
    `10` = 11L, `11` = 14L, `12` = 4L, `13` = 5L, `14` = 5L, 
    `15` = 2L, `16` = 2L, `17` = 2L, `19` = 2L, `20` = 2L, `21` = 1L, 
    `22` = 1L), .Dim = 21L, .Dimnames = list(TagUsage = c("1", 
    "2", "3", "4", "5", "6", "7", "8", "9", "10", "11", "12", 
    "13", "14", "15", "16", "17", "19", "20", "21", "22")), class = "table"), 
    No.Tag = structure(c(0L, 0L, 0L, 0L, 0L, 0L, 0L, 2L, 54L, 
    0L, 0L, 0L, 0L, 0L, 0L, 0L, 0L, 0L, 0L, 0L, 3L, 0L, 0L, 0L
    ), .Dim = c(6L, 4L), .Dimnames = structure(list(c("-2", "-1", 
    "0", "1", "2", NA), c("A", "C", "G", NA)), .Names = c("", 
    "")), class = "table"), All.Tags = list(Concordant = list(
        Freqs = structure(c(0, 0, 0, 0, 0, 0, 21, 766, 12, 0, 
        0, 0, 4, 0, 0), .Dim = c(5L, 3L), .Dimnames = list(c("-2", 
        "-1", "0", "1", "2"), c("A", "C", "G"))), N = 803), Majority = list(
        Freqs = structure(c(0, 0, 0, 0, 0, 0, 24, 872, 13, 0, 
        0, 0, 4, 0, 0), .Dim = c(5L, 3L), .Dimnames = list(c("-2", 
        "-1", "0", "1", "2"), c("A", "C", "G"))), N = 913)), 
    `2` = structure(c(0, 0, 0, 0, 0, 0, 11, 611, 1, 0, 0, 0, 
    0, 0, 0), .Dim = c(5L, 3L), .Dimnames = list(c("-2", "-1", 
    "0", "1", "2"), c("A", "C", "G"))))))
