Results <-
list(`bwa.out//20220204//MLPA101_S15.sam` = list(LR11_SNP1 = list(
    All = list(Freqs = structure(c(0L, 1L, 0L, 0L, 34L, 2170L, 
    18L, 7L, 0L, 18L, 1L, 0L), .Dim = 4:3, .Dimnames = structure(list(
        c("-1", "0", "1", NA), c("A", "C", NA)), .Names = c("", 
    "")), class = "table"), N = 2249L), Tag.Distribution = structure(c(`1` = 76L, 
    `2` = 53L, `3` = 36L, `4` = 27L, `5` = 15L, `6` = 24L, `7` = 15L, 
    `8` = 18L, `9` = 10L, `10` = 7L, `11` = 9L, `12` = 9L, `13` = 13L, 
    `14` = 7L, `15` = 11L, `16` = 2L, `17` = 5L, `18` = 3L, `19` = 8L, 
    `21` = 1L, `22` = 3L, `23` = 1L, `24` = 2L, `25` = 1L, `26` = 1L, 
    `30` = 1L), .Dim = 26L, .Dimnames = list(TagUsage = c("1", 
    "2", "3", "4", "5", "6", "7", "8", "9", "10", "11", "12", 
    "13", "14", "15", "16", "17", "18", "19", "21", "22", "23", 
    "24", "25", "26", "30")), class = "table"), No.Tag = structure(c(0L, 
    0L, 0L, 0L, 0L, 21L, 0L, 1L, 0L, 0L, 0L, 0L), .Dim = 4:3, .Dimnames = structure(list(
        c("-1", "0", "1", NA), c("A", "C", NA)), .Names = c("", 
    "")), class = "table"), All.Tags = list(Concordant = list(
        Freqs = structure(c(0, 1, 0, 0, 309, 0), .Dim = 3:2, .Dimnames = list(
            c("-1", "0", "1"), c("A", "C"))), N = 310), Majority = list(
        Freqs = structure(c(0, 1, 0, 0, 351, 0), .Dim = 3:2, .Dimnames = list(
            c("-1", "0", "1"), c("A", "C"))), N = 352)), `2` = structure(c(0, 
    0, 0, 0, 278, 0), .Dim = 3:2, .Dimnames = list(c("-1", "0", 
    "1"), c("A", "C"))))))
