Results <-
list(`bwa.out//20220204//BlindCMMRD89_S48.sam` = list(IM49_SNP1 = list(
    All = list(Freqs = structure(c(43L, 1650L, 43L, 20L, 54L, 
    1580L, 39L, 14L, 0L, 1L, 0L, 0L, 2L, 222L, 6L, 0L), .Dim = c(4L, 
    4L), .Dimnames = structure(list(c("-1", "0", "1", NA), c("C", 
    "G", "T", NA)), .Names = c("", "")), class = "table"), N = 3674L), 
    Tag.Distribution = structure(c(`1` = 189L, `2` = 72L, `3` = 46L, 
    `4` = 55L, `5` = 49L, `6` = 34L, `7` = 33L, `8` = 14L, `9` = 22L, 
    `10` = 21L, `11` = 14L, `12` = 16L, `13` = 13L, `14` = 13L, 
    `15` = 3L, `16` = 5L, `17` = 6L, `18` = 9L, `19` = 3L, `20` = 2L, 
    `21` = 4L, `22` = 3L, `23` = 2L, `24` = 3L, `25` = 3L, `26` = 1L, 
    `27` = 2L, `29` = 1L, `30` = 2L, `31` = 1L), .Dim = 30L, .Dimnames = list(
        TagUsage = c("1", "2", "3", "4", "5", "6", "7", "8", 
        "9", "10", "11", "12", "13", "14", "15", "16", "17", 
        "18", "19", "20", "21", "22", "23", "24", "25", "26", 
        "27", "29", "30", "31")), class = "table"), No.Tag = structure(c(0L, 
    34L, 0L, 0L, 1L, 13L, 1L, 0L, 0L, 1L, 0L, 0L, 0L, 7L, 0L, 
    0L), .Dim = c(4L, 4L), .Dimnames = structure(list(c("-1", 
    "0", "1", NA), c("C", "G", "T", NA)), .Names = c("", "")), class = "table"), 
    All.Tags = list(Concordant = list(Freqs = structure(c(1, 
    243, 1, 2, 207, 3, 0, 0, 0), .Dim = c(3L, 3L), .Dimnames = list(
        c("-1", "0", "1"), c("C", "G", "T"))), N = 457), Majority = list(
        Freqs = structure(c(2, 295, 2, 3, 278, 3, 0, 0, 0), .Dim = c(3L, 
        3L), .Dimnames = list(c("-1", "0", "1"), c("C", "G", 
        "T"))), N = 583)), `2` = structure(c(1, 217, 1, 2, 219, 
    0, 0, 0, 0), .Dim = c(3L, 3L), .Dimnames = list(c("-1", "0", 
    "1"), c("C", "G", "T"))))))
