Results <-
list(`bwa.out//20220204//BlindCMMRD124_S50.sam` = list(GM29_SNP1 = list(
    All = list(Freqs = structure(c(0L, 1L, 27L, 1671L, 5L, 4L, 
    1L, 0L, 22L, 1619L, 4L, 8L, 0L, 0L, 0L, 13L, 0L, 0L), .Dim = c(6L, 
    3L), .Dimnames = structure(list(c("-3", "-2", "-1", "0", 
    "1", NA), c("A", "G", NA)), .Names = c("", "")), class = "table"), 
        N = 3375L), Tag.Distribution = structure(c(`1` = 139L, 
    `2` = 86L, `3` = 55L, `4` = 43L, `5` = 46L, `6` = 34L, `7` = 26L, 
    `8` = 29L, `9` = 20L, `10` = 10L, `11` = 20L, `12` = 8L, 
    `13` = 9L, `14` = 14L, `15` = 8L, `16` = 1L, `17` = 7L, `18` = 5L, 
    `19` = 3L, `20` = 5L, `21` = 2L, `22` = 3L, `23` = 2L, `25` = 2L, 
    `26` = 1L, `28` = 1L, `30` = 1L, `34` = 1L, `36` = 2L), .Dim = 29L, .Dimnames = list(
        TagUsage = c("1", "2", "3", "4", "5", "6", "7", "8", 
        "9", "10", "11", "12", "13", "14", "15", "16", "17", 
        "18", "19", "20", "21", "22", "23", "25", "26", "28", 
        "30", "34", "36")), class = "table"), No.Tag = structure(c(0L, 
    0L, 0L, 37L, 0L, 0L, 0L, 0L, 1L, 33L, 1L, 0L, 0L, 0L, 0L, 
    2L, 0L, 0L), .Dim = c(6L, 3L), .Dimnames = structure(list(
        c("-3", "-2", "-1", "0", "1", NA), c("A", "G", NA)), .Names = c("", 
    "")), class = "table"), All.Tags = list(Concordant = list(
        Freqs = structure(c(0, 0, 0, 235, 0, 0, 0, 1, 247, 1), .Dim = c(5L, 
        2L), .Dimnames = list(c("-3", "-2", "-1", "0", "1"), 
            c("A", "G"))), N = 484), Majority = list(Freqs = structure(c(0, 
    0, 0, 288, 0, 0, 0, 1, 280, 1), .Dim = c(5L, 2L), .Dimnames = list(
        c("-3", "-2", "-1", "0", "1"), c("A", "G"))), N = 570)), 
    `2` = structure(c(0, 0, 0, 218, 0, 0, 0, 0, 215, 0), .Dim = c(5L, 
    2L), .Dimnames = list(c("-3", "-2", "-1", "0", "1"), c("A", 
    "G"))))))
