Results <-
list(`bwa.out//20220204//Control30_S23.sam` = list(LR10_SNP1 = list(
    All = list(Freqs = structure(c(15L, 1159L, 10L, 1L, 18L, 
    1368L, 17L, 0L, 0L, 22L, 0L, 0L), .Dim = 4:3, .Dimnames = structure(list(
        c("-1", "0", "1", NA), c("C", "T", NA)), .Names = c("", 
    "")), class = "table"), N = 2610L), Tag.Distribution = structure(c(`1` = 83L, 
    `2` = 37L, `3` = 31L, `4` = 34L, `5` = 31L, `6` = 20L, `7` = 21L, 
    `8` = 26L, `9` = 15L, `10` = 10L, `11` = 13L, `12` = 10L, 
    `13` = 6L, `14` = 4L, `15` = 10L, `16` = 5L, `17` = 1L, `18` = 3L, 
    `19` = 5L, `21` = 4L, `22` = 1L, `23` = 3L, `24` = 1L, `26` = 2L, 
    `27` = 1L, `28` = 3L, `29` = 1L, `34` = 2L), .Dim = 28L, .Dimnames = list(
        TagUsage = c("1", "2", "3", "4", "5", "6", "7", "8", 
        "9", "10", "11", "12", "13", "14", "15", "16", "17", 
        "18", "19", "21", "22", "23", "24", "26", "27", "28", 
        "29", "34")), class = "table"), No.Tag = structure(c(0L, 
    46L, 0L, 0L, 0L, 58L, 0L, 0L, 0L, 3L, 0L, 0L), .Dim = 4:3, .Dimnames = structure(list(
        c("-1", "0", "1", NA), c("C", "T", NA)), .Names = c("", 
    "")), class = "table"), All.Tags = list(Concordant = list(
        Freqs = structure(c(0, 152, 0, 0, 174, 0), .Dim = 3:2, .Dimnames = list(
            c("-1", "0", "1"), c("C", "T"))), N = 326), Majority = list(
        Freqs = structure(c(0, 171, 0, 0, 202, 0), .Dim = 3:2, .Dimnames = list(
            c("-1", "0", "1"), c("C", "T"))), N = 373)), `2` = structure(c(0, 
    137, 0, 0, 157, 0), .Dim = 3:2, .Dimnames = list(c("-1", 
    "0", "1"), c("C", "T"))))))
