Results <-
list(`bwa.out//20220204//BlindCMMRD46_S6.sam` = list(GM09_SNP1 = list(
    All = list(Freqs = structure(c(16L, 2308L, 3L, 0L, 14L, 2269L, 
    4L, 1L, 1L, 35L, 1L, 0L), .Dim = 4:3, .Dimnames = structure(list(
        c("-1", "0", "1", NA), c("A", "G", NA)), .Names = c("", 
    "")), class = "table"), N = 4652L), Tag.Distribution = structure(c(`1` = 65L, 
    `2` = 34L, `3` = 26L, `4` = 12L, `5` = 14L, `6` = 18L, `7` = 21L, 
    `8` = 16L, `9` = 15L, `10` = 7L, `11` = 15L, `12` = 15L, 
    `13` = 15L, `14` = 12L, `15` = 10L, `16` = 8L, `17` = 10L, 
    `18` = 5L, `19` = 6L, `20` = 6L, `21` = 4L, `22` = 5L, `23` = 1L, 
    `24` = 4L, `25` = 9L, `27` = 3L, `28` = 3L, `29` = 3L, `30` = 2L, 
    `31` = 1L, `32` = 5L, `33` = 3L, `34` = 3L, `35` = 4L, `36` = 1L, 
    `37` = 3L, `38` = 2L, `40` = 3L, `41` = 3L, `42` = 3L, `43` = 1L, 
    `52` = 1L, `55` = 1L, `59` = 1L), .Dim = 44L, .Dimnames = list(
        TagUsage = c("1", "2", "3", "4", "5", "6", "7", "8", 
        "9", "10", "11", "12", "13", "14", "15", "16", "17", 
        "18", "19", "20", "21", "22", "23", "24", "25", "27", 
        "28", "29", "30", "31", "32", "33", "34", "35", "36", 
        "37", "38", "40", "41", "42", "43", "52", "55", "59")), class = "table"), 
    No.Tag = structure(c(0L, 18L, 0L, 0L, 0L, 50L, 0L, 0L, 0L, 
    4L, 0L, 0L), .Dim = 4:3, .Dimnames = structure(list(c("-1", 
    "0", "1", NA), c("A", "G", NA)), .Names = c("", "")), class = "table"), 
    All.Tags = list(Concordant = list(Freqs = structure(c(0, 
    186, 0, 0, 166, 0), .Dim = 3:2, .Dimnames = list(c("-1", 
    "0", "1"), c("A", "G"))), N = 352), Majority = list(Freqs = structure(c(0, 
    209, 0, 0, 187, 0), .Dim = 3:2, .Dimnames = list(c("-1", 
    "0", "1"), c("A", "G"))), N = 396)), `2` = structure(c(0, 
    171, 0, 0, 163, 0), .Dim = 3:2, .Dimnames = list(c("-1", 
    "0", "1"), c("A", "G"))))))
