Results <-
list(`bwa.out//20220204//BlindCMMRD98_S57.sam` = list(LR44_SNP1 = list(
    All = list(Freqs = structure(c(1L, 1L, 27L, 564L, 6531L, 
    144L, 4L, 23L, 0L, 0L, 0L, 1L, 2L, 0L, 0L, 0L, 0L, 0L, 0L, 
    10L, 164L, 4L, 0L, 0L), .Dim = c(8L, 3L), .Dimnames = structure(list(
        c("-4", "-3", "-2", "-1", "0", "1", "2", NA), c("C", 
        "T", NA)), .Names = c("", "")), class = "table"), N = 7476L), 
    Tag.Distribution = structure(c(`1` = 152L, `2` = 62L, `3` = 54L, 
    `4` = 61L, `5` = 45L, `6` = 36L, `7` = 40L, `8` = 35L, `9` = 29L, 
    `10` = 15L, `11` = 22L, `12` = 21L, `13` = 14L, `14` = 16L, 
    `15` = 27L, `16` = 15L, `17` = 9L, `18` = 17L, `19` = 12L, 
    `20` = 12L, `21` = 8L, `22` = 9L, `23` = 11L, `24` = 4L, 
    `25` = 10L, `26` = 10L, `27` = 5L, `28` = 7L, `29` = 6L, 
    `30` = 5L, `31` = 6L, `32` = 2L, `33` = 3L, `34` = 4L, `37` = 1L, 
    `38` = 2L, `41` = 1L, `42` = 1L, `43` = 1L, `44` = 1L, `47` = 1L, 
    `57` = 1L), .Dim = 42L, .Dimnames = list(TagUsage = c("1", 
    "2", "3", "4", "5", "6", "7", "8", "9", "10", "11", "12", 
    "13", "14", "15", "16", "17", "18", "19", "20", "21", "22", 
    "23", "24", "25", "26", "27", "28", "29", "30", "31", "32", 
    "33", "34", "37", "38", "41", "42", "43", "44", "47", "57"
    )), class = "table"), No.Tag = structure(c(0L, 0L, 0L, 7L, 
    140L, 1L, 0L, 0L, 0L, 0L, 0L, 0L, 0L, 0L, 0L, 0L, 0L, 0L, 
    0L, 0L, 10L, 0L, 0L, 0L), .Dim = c(8L, 3L), .Dimnames = structure(list(
        c("-4", "-3", "-2", "-1", "0", "1", "2", NA), c("C", 
        "T", NA)), .Names = c("", "")), class = "table"), All.Tags = list(
        Concordant = list(Freqs = structure(c(0, 0, 0, 11, 465, 
        10, 1, 0, 0, 0, 1, 1, 0, 0), .Dim = c(7L, 2L), .Dimnames = list(
            c("-4", "-3", "-2", "-1", "0", "1", "2"), c("C", 
            "T"))), N = 489), Majority = list(Freqs = structure(c(0, 
        0, 1, 26, 728, 12, 1, 0, 0, 0, 1, 1, 0, 0), .Dim = c(7L, 
        2L), .Dimnames = list(c("-4", "-3", "-2", "-1", "0", 
        "1", "2"), c("C", "T"))), N = 770)), `2` = structure(c(0, 
    0, 1, 22, 601, 7, 0, 0, 0, 0, 0, 0, 0, 0), .Dim = c(7L, 2L
    ), .Dimnames = list(c("-4", "-3", "-2", "-1", "0", "1", "2"
    ), c("C", "T"))))))
