Results <-
list(`bwa.out//20220204//Control30_S23.sam` = list(LR52_SNP1 = list(
    All = list(Freqs = structure(c(0L, 6L, 2L, 0L, 0L, 17L, 318L, 
    3093L, 40L, 21L, 0L, 4L, 75L, 2L, 0L), .Dim = c(5L, 3L), .Dimnames = structure(list(
        c("-2", "-1", "0", "1", NA), c("C", "T", NA)), .Names = c("", 
    "")), class = "table"), N = 3578L), Tag.Distribution = structure(c(`1` = 85L, 
    `2` = 37L, `3` = 32L, `4` = 21L, `5` = 28L, `6` = 16L, `7` = 24L, 
    `8` = 18L, `9` = 8L, `10` = 13L, `11` = 12L, `12` = 12L, 
    `13` = 8L, `14` = 13L, `15` = 8L, `16` = 5L, `17` = 4L, `18` = 3L, 
    `19` = 15L, `20` = 5L, `21` = 6L, `22` = 5L, `23` = 3L, `24` = 2L, 
    `25` = 3L, `26` = 5L, `27` = 2L, `29` = 2L, `30` = 2L, `31` = 2L, 
    `32` = 2L, `33` = 1L, `34` = 1L, `35` = 1L, `49` = 1L, `52` = 1L
    ), .Dim = 36L, .Dimnames = list(TagUsage = c("1", "2", "3", 
    "4", "5", "6", "7", "8", "9", "10", "11", "12", "13", "14", 
    "15", "16", "17", "18", "19", "20", "21", "22", "23", "24", 
    "25", "26", "27", "29", "30", "31", "32", "33", "34", "35", 
    "49", "52")), class = "table"), No.Tag = structure(c(0L, 
    0L, 0L, 0L, 0L, 0L, 11L, 145L, 2L, 0L, 0L, 1L, 2L, 0L, 0L
    ), .Dim = c(5L, 3L), .Dimnames = structure(list(c("-2", "-1", 
    "0", "1", NA), c("C", "T", NA)), .Names = c("", "")), class = "table"), 
    All.Tags = list(Concordant = list(Freqs = structure(c(0, 
    1, 2, 0, 1, 5, 230, 0), .Dim = c(4L, 2L), .Dimnames = list(
        c("-2", "-1", "0", "1"), c("C", "T"))), N = 239), Majority = list(
        Freqs = structure(c(0, 1, 2, 0, 1, 7, 385, 0), .Dim = c(4L, 
        2L), .Dimnames = list(c("-2", "-1", "0", "1"), c("C", 
        "T"))), N = 396)), `2` = structure(c(0, 1, 0, 0, 0, 2, 
    312, 0), .Dim = c(4L, 2L), .Dimnames = list(c("-2", "-1", 
    "0", "1"), c("C", "T"))))))
