Results <-
list(`bwa.out//20220204//Control16_S9.sam` = list(GM01_SNP1 = list(
    All = list(Freqs = structure(c(16L, 1518L, 5L, 0L, 30L, 1594L, 
    6L, 3L, 0L, 33L, 0L, 0L), .Dim = 4:3, .Dimnames = structure(list(
        c("-1", "0", "1", NA), c("A", "G", NA)), .Names = c("", 
    "")), class = "table"), N = 3205L), Tag.Distribution = structure(c(`1` = 133L, 
    `2` = 58L, `3` = 43L, `4` = 47L, `5` = 38L, `6` = 30L, `7` = 19L, 
    `8` = 21L, `9` = 22L, `10` = 9L, `11` = 21L, `12` = 14L, 
    `13` = 10L, `14` = 5L, `15` = 10L, `16` = 3L, `17` = 3L, 
    `18` = 7L, `19` = 2L, `20` = 4L, `21` = 1L, `22` = 2L, `23` = 6L, 
    `24` = 5L, `25` = 1L, `26` = 1L, `28` = 2L, `30` = 1L, `44` = 1L
    ), .Dim = 29L, .Dimnames = list(TagUsage = c("1", "2", "3", 
    "4", "5", "6", "7", "8", "9", "10", "11", "12", "13", "14", 
    "15", "16", "17", "18", "19", "20", "21", "22", "23", "24", 
    "25", "26", "28", "30", "44")), class = "table"), No.Tag = structure(c(0L, 
    35L, 0L, 0L, 3L, 44L, 0L, 0L, 0L, 2L, 0L, 0L), .Dim = 4:3, .Dimnames = structure(list(
        c("-1", "0", "1", NA), c("A", "G", NA)), .Names = c("", 
    "")), class = "table"), All.Tags = list(Concordant = list(
        Freqs = structure(c(1, 223, 0, 1, 219, 0), .Dim = 3:2, .Dimnames = list(
            c("-1", "0", "1"), c("A", "G"))), N = 444), Majority = list(
        Freqs = structure(c(1, 251, 0, 2, 252, 0), .Dim = 3:2, .Dimnames = list(
            c("-1", "0", "1"), c("A", "G"))), N = 506)), `2` = structure(c(0, 
    182, 0, 1, 194, 0), .Dim = 3:2, .Dimnames = list(c("-1", 
    "0", "1"), c("A", "G"))))))
