Results <-
list(`bwa.out//20220204//BlindCMMRD72_S31.sam` = list(LR49_SNP1 = list(
    All = list(Freqs = structure(c(6L, 2103L, 4L, 1L, 20L, 2092L, 
    0L, 2L, 0L, 20L, 0L, 0L), .Dim = 4:3, .Dimnames = structure(list(
        c("-1", "0", "1", NA), c("A", "G", NA)), .Names = c("", 
    "")), class = "table"), N = 4248L), Tag.Distribution = structure(c(`1` = 140L, 
    `2` = 76L, `3` = 71L, `4` = 49L, `5` = 54L, `6` = 37L, `7` = 38L, 
    `8` = 28L, `9` = 35L, `10` = 20L, `11` = 17L, `12` = 14L, 
    `13` = 11L, `14` = 17L, `15` = 7L, `16` = 8L, `17` = 7L, 
    `18` = 5L, `19` = 9L, `20` = 4L, `21` = 3L, `22` = 2L, `23` = 3L, 
    `24` = 4L, `25` = 1L, `26` = 2L, `27` = 1L, `29` = 1L, `30` = 1L, 
    `31` = 1L, `32` = 1L, `34` = 1L), .Dim = 32L, .Dimnames = list(
        TagUsage = c("1", "2", "3", "4", "5", "6", "7", "8", 
        "9", "10", "11", "12", "13", "14", "15", "16", "17", 
        "18", "19", "20", "21", "22", "23", "24", "25", "26", 
        "27", "29", "30", "31", "32", "34")), class = "table"), 
    No.Tag = structure(c(0L, 53L, 0L, 0L, 0L, 31L, 0L, 1L, 0L, 
    4L, 0L, 0L), .Dim = 4:3, .Dimnames = structure(list(c("-1", 
    "0", "1", NA), c("A", "G", NA)), .Names = c("", "")), class = "table"), 
    All.Tags = list(Concordant = list(Freqs = structure(c(0, 
    307, 0, 0, 291, 0), .Dim = 3:2, .Dimnames = list(c("-1", 
    "0", "1"), c("A", "G"))), N = 598), Majority = list(Freqs = structure(c(0, 
    339, 0, 2, 317, 0), .Dim = 3:2, .Dimnames = list(c("-1", 
    "0", "1"), c("A", "G"))), N = 658)), `2` = structure(c(0, 
    262, 0, 2, 256, 0), .Dim = 3:2, .Dimnames = list(c("-1", 
    "0", "1"), c("A", "G"))))))
