Results <-
list(`bwa.out//20220204//BlindCMMRD68_S27.sam` = list(LR17_SNP1 = list(
    All = list(Freqs = structure(c(1L, 93L, 2112L, 31L, 10L, 
    0L, 0L, 1L, 0L, 0L, 0L, 0L, 86L, 1L, 0L), .Dim = c(5L, 3L
    ), .Dimnames = structure(list(c("-2", "-1", "0", "1", NA), 
        c("A", "T", NA)), .Names = c("", "")), class = "table"), 
        N = 2335L), Tag.Distribution = structure(c(`1` = 65L, 
    `2` = 16L, `3` = 22L, `4` = 12L, `5` = 24L, `6` = 12L, `7` = 16L, 
    `8` = 11L, `9` = 15L, `10` = 11L, `11` = 8L, `12` = 6L, `13` = 8L, 
    `14` = 10L, `15` = 3L, `16` = 8L, `17` = 5L, `18` = 4L, `19` = 3L, 
    `20` = 5L, `21` = 2L, `22` = 4L, `23` = 4L, `24` = 3L, `26` = 1L, 
    `28` = 1L, `29` = 3L, `30` = 1L, `33` = 1L), .Dim = 29L, .Dimnames = list(
        TagUsage = c("1", "2", "3", "4", "5", "6", "7", "8", 
        "9", "10", "11", "12", "13", "14", "15", "16", "17", 
        "18", "19", "20", "21", "22", "23", "24", "26", "28", 
        "29", "30", "33")), class = "table"), No.Tag = structure(c(0L, 
    4L, 90L, 0L, 1L, 0L, 0L, 0L, 0L, 0L, 0L, 0L, 3L, 0L, 0L), .Dim = c(5L, 
    3L), .Dimnames = structure(list(c("-2", "-1", "0", "1", NA
    ), c("A", "T", NA)), .Names = c("", "")), class = "table"), 
    All.Tags = list(Concordant = list(Freqs = structure(c(0, 
    5, 197, 0, 0, 0, 0, 0), .Dim = c(4L, 2L), .Dimnames = list(
        c("-2", "-1", "0", "1"), c("A", "T"))), N = 202), Majority = list(
        Freqs = structure(c(0, 5, 270, 0, 0, 0, 0, 0), .Dim = c(4L, 
        2L), .Dimnames = list(c("-2", "-1", "0", "1"), c("A", 
        "T"))), N = 275)), `2` = structure(c(0, 2, 215, 0, 0, 
    0, 0, 0), .Dim = c(4L, 2L), .Dimnames = list(c("-2", "-1", 
    "0", "1"), c("A", "T"))))))
