Results <-
list(`bwa.out//20220204//MLPA03_S10.sam` = list(LR48_SNP1 = list(
    All = list(Freqs = structure(c(0L, 1L, 0L, 0L, 57L, 1510L, 
    20L, 6L, 43L, 1735L, 36L, 5L, 2L, 71L, 0L, 0L), .Dim = c(4L, 
    4L), .Dimnames = structure(list(c("-1", "0", "1", NA), c("A", 
    "C", "T", NA)), .Names = c("", "")), class = "table"), N = 3486L), 
    Tag.Distribution = structure(c(`1` = 79L, `2` = 25L, `3` = 14L, 
    `4` = 21L, `5` = 14L, `6` = 15L, `7` = 11L, `8` = 16L, `9` = 8L, 
    `10` = 8L, `11` = 7L, `12` = 8L, `13` = 7L, `14` = 9L, `15` = 7L, 
    `16` = 4L, `17` = 4L, `18` = 6L, `19` = 10L, `20` = 2L, `21` = 5L, 
    `22` = 2L, `23` = 2L, `24` = 2L, `25` = 2L, `26` = 1L, `27` = 4L, 
    `28` = 3L, `30` = 1L, `32` = 6L, `33` = 1L, `34` = 1L, `36` = 3L, 
    `37` = 2L, `38` = 2L, `39` = 2L, `43` = 1L, `45` = 2L, `46` = 2L, 
    `47` = 1L, `48` = 1L, `53` = 2L, `91` = 1L), .Dim = 43L, .Dimnames = list(
        TagUsage = c("1", "2", "3", "4", "5", "6", "7", "8", 
        "9", "10", "11", "12", "13", "14", "15", "16", "17", 
        "18", "19", "20", "21", "22", "23", "24", "25", "26", 
        "27", "28", "30", "32", "33", "34", "36", "37", "38", 
        "39", "43", "45", "46", "47", "48", "53", "91")), class = "table"), 
    No.Tag = structure(c(0L, 0L, 0L, 0L, 1L, 61L, 1L, 0L, 0L, 
    24L, 2L, 0L, 0L, 7L, 0L, 0L), .Dim = c(4L, 4L), .Dimnames = structure(list(
        c("-1", "0", "1", NA), c("A", "C", "T", NA)), .Names = c("", 
    "")), class = "table"), All.Tags = list(Concordant = list(
        Freqs = structure(c(0, 0, 0, 2, 107, 0, 1, 112, 0), .Dim = c(3L, 
        3L), .Dimnames = list(c("-1", "0", "1"), c("A", "C", 
        "T"))), N = 222), Majority = list(Freqs = structure(c(0, 
    0, 0, 2, 151, 0, 1, 163, 0), .Dim = c(3L, 3L), .Dimnames = list(
        c("-1", "0", "1"), c("A", "C", "T"))), N = 317)), `2` = structure(c(0, 
    0, 0, 0, 117, 0, 0, 128, 0), .Dim = c(3L, 3L), .Dimnames = list(
        c("-1", "0", "1"), c("A", "C", "T"))))))
