Results <-
list(`bwa.out//20220204//BlindCMMRD71_S30.sam` = list(LR46_SNP1 = list(
    All = list(Freqs = structure(c(0L, 1L, 0L, 0L, 11L, 3028L, 
    1L, 5L, 12L, 2993L, 8L, 2L, 0L, 37L, 0L, 0L), .Dim = c(4L, 
    4L), .Dimnames = structure(list(c("-1", "0", "1", NA), c("A", 
    "G", "T", NA)), .Names = c("", "")), class = "table"), N = 6098L), 
    Tag.Distribution = structure(c(`1` = 103L, `2` = 19L, `3` = 19L, 
    `4` = 18L, `5` = 15L, `6` = 13L, `7` = 12L, `8` = 14L, `9` = 15L, 
    `10` = 9L, `11` = 17L, `12` = 8L, `13` = 8L, `14` = 14L, 
    `15` = 14L, `16` = 8L, `17` = 10L, `18` = 7L, `19` = 11L, 
    `20` = 5L, `21` = 7L, `22` = 6L, `23` = 6L, `24` = 8L, `25` = 4L, 
    `26` = 7L, `27` = 2L, `28` = 4L, `29` = 4L, `30` = 3L, `31` = 2L, 
    `32` = 3L, `33` = 5L, `34` = 2L, `35` = 4L, `36` = 2L, `37` = 3L, 
    `38` = 1L, `39` = 2L, `40` = 2L, `41` = 3L, `42` = 1L, `43` = 2L, 
    `44` = 2L, `45` = 2L, `46` = 2L, `47` = 4L, `48` = 2L, `50` = 1L, 
    `52` = 1L, `55` = 1L, `56` = 1L, `59` = 1L, `60` = 1L, `61` = 1L, 
    `62` = 1L, `64` = 1L, `67` = 1L), .Dim = 58L, .Dimnames = list(
        TagUsage = c("1", "2", "3", "4", "5", "6", "7", "8", 
        "9", "10", "11", "12", "13", "14", "15", "16", "17", 
        "18", "19", "20", "21", "22", "23", "24", "25", "26", 
        "27", "28", "29", "30", "31", "32", "33", "34", "35", 
        "36", "37", "38", "39", "40", "41", "42", "43", "44", 
        "45", "46", "47", "48", "50", "52", "55", "56", "59", 
        "60", "61", "62", "64", "67")), class = "table"), No.Tag = structure(c(0L, 
    0L, 0L, 0L, 0L, 70L, 0L, 0L, 0L, 91L, 1L, 0L, 0L, 2L, 0L, 
    0L), .Dim = c(4L, 4L), .Dimnames = structure(list(c("-1", 
    "0", "1", NA), c("A", "G", "T", NA)), .Names = c("", "")), class = "table"), 
    All.Tags = list(Concordant = list(Freqs = structure(c(0, 
    0, 0, 0, 212, 0, 0, 178, 0), .Dim = c(3L, 3L), .Dimnames = list(
        c("-1", "0", "1"), c("A", "G", "T"))), N = 390), Majority = list(
        Freqs = structure(c(0, 0, 0, 0, 233, 0, 0, 202, 0), .Dim = c(3L, 
        3L), .Dimnames = list(c("-1", "0", "1"), c("A", "G", 
        "T"))), N = 435)), `2` = structure(c(0, 0, 0, 0, 175, 
    0, 0, 165, 0), .Dim = c(3L, 3L), .Dimnames = list(c("-1", 
    "0", "1"), c("A", "G", "T"))))))
