Results <-
list(`bwa.out//20220204//BlindCMMRD51_S11.sam` = list(LR10_SNP1 = list(
    All = list(Freqs = structure(c(73L, 3370L, 19L, 6L, 0L, 1L, 
    0L, 0L, 0L, 10L, 0L, 0L, 0L, 31L, 0L, 0L), .Dim = c(4L, 4L
    ), .Dimnames = structure(list(c("-1", "0", "1", NA), c("C", 
    "G", "T", NA)), .Names = c("", "")), class = "table"), N = 3510L), 
    Tag.Distribution = structure(c(`1` = 54L, `2` = 15L, `3` = 16L, 
    `4` = 12L, `5` = 15L, `6` = 11L, `7` = 18L, `8` = 15L, `9` = 8L, 
    `10` = 10L, `11` = 9L, `12` = 12L, `13` = 6L, `14` = 12L, 
    `15` = 11L, `16` = 5L, `17` = 3L, `18` = 8L, `20` = 3L, `21` = 3L, 
    `22` = 3L, `23` = 1L, `24` = 1L, `25` = 4L, `26` = 2L, `28` = 3L, 
    `29` = 2L, `30` = 6L, `31` = 1L, `32` = 2L, `33` = 2L, `34` = 4L, 
    `35` = 3L, `36` = 1L, `37` = 2L, `38` = 3L, `39` = 1L, `40` = 1L, 
    `42` = 1L, `43` = 1L, `44` = 1L, `46` = 1L, `50` = 1L, `61` = 1L
    ), .Dim = 44L, .Dimnames = list(TagUsage = c("1", "2", "3", 
    "4", "5", "6", "7", "8", "9", "10", "11", "12", "13", "14", 
    "15", "16", "17", "18", "20", "21", "22", "23", "24", "25", 
    "26", "28", "29", "30", "31", "32", "33", "34", "35", "36", 
    "37", "38", "39", "40", "42", "43", "44", "46", "50", "61"
    )), class = "table"), No.Tag = structure(c(6L, 131L, 1L, 
    0L, 0L, 0L, 0L, 0L, 0L, 0L, 0L, 0L, 0L, 3L, 0L, 0L), .Dim = c(4L, 
    4L), .Dimnames = structure(list(c("-1", "0", "1", NA), c("C", 
    "G", "T", NA)), .Names = c("", "")), class = "table"), All.Tags = list(
        Concordant = list(Freqs = structure(c(1, 221, 0, 0, 0, 
        0, 0, 3, 0), .Dim = c(3L, 3L), .Dimnames = list(c("-1", 
        "0", "1"), c("C", "G", "T"))), N = 225), Majority = list(
            Freqs = structure(c(1, 288, 0, 0, 0, 0, 0, 3, 0), .Dim = c(3L, 
            3L), .Dimnames = list(c("-1", "0", "1"), c("C", "G", 
            "T"))), N = 292)), `2` = structure(c(1, 238, 0, 0, 
    0, 0, 0, 0, 0), .Dim = c(3L, 3L), .Dimnames = list(c("-1", 
    "0", "1"), c("C", "G", "T"))))))
