Results <-
list(`bwa.out//20220204//BlindCMMRD122_S48.sam` = list(LR10_SNP1 = list(
    All = list(Freqs = structure(c(0L, 57L, 2950L, 22L, 2L, 0L, 
    0L, 1L, 0L, 0L, 3L, 47L, 2880L, 7L, 4L, 0L, 0L, 48L, 0L, 
    0L), .Dim = 5:4, .Dimnames = structure(list(c("-2", "-1", 
    "0", "1", NA), c("C", "G", "T", NA)), .Names = c("", "")), class = "table"), 
        N = 6021L), Tag.Distribution = structure(c(`1` = 229L, 
    `2` = 181L, `3` = 117L, `4` = 107L, `5` = 92L, `6` = 81L, 
    `7` = 60L, `8` = 41L, `9` = 38L, `10` = 30L, `11` = 27L, 
    `12` = 21L, `13` = 12L, `14` = 17L, `15` = 13L, `16` = 16L, 
    `17` = 13L, `18` = 6L, `19` = 2L, `20` = 4L, `21` = 3L, `22` = 3L, 
    `23` = 1L, `24` = 2L, `25` = 1L, `26` = 1L, `28` = 1L, `33` = 2L
    ), .Dim = 28L, .Dimnames = list(TagUsage = c("1", "2", "3", 
    "4", "5", "6", "7", "8", "9", "10", "11", "12", "13", "14", 
    "15", "16", "17", "18", "19", "20", "21", "22", "23", "24", 
    "25", "26", "28", "33")), class = "table"), No.Tag = structure(c(0L, 
    1L, 50L, 0L, 0L, 0L, 0L, 0L, 0L, 0L, 0L, 2L, 69L, 2L, 0L, 
    0L, 0L, 5L, 0L, 0L), .Dim = 5:4, .Dimnames = structure(list(
        c("-2", "-1", "0", "1", NA), c("C", "G", "T", NA)), .Names = c("", 
    "")), class = "table"), All.Tags = list(Concordant = list(
        Freqs = structure(c(0, 1, 436, 0, 0, 0, 0, 0, 0, 3, 468, 
        0), .Dim = 4:3, .Dimnames = list(c("-2", "-1", "0", "1"
        ), c("C", "G", "T"))), N = 908), Majority = list(Freqs = structure(c(0, 
    2, 530, 0, 0, 0, 0, 0, 0, 3, 555, 0), .Dim = 4:3, .Dimnames = list(
        c("-2", "-1", "0", "1"), c("C", "G", "T"))), N = 1090)), 
    `2` = structure(c(0, 1, 421, 0, 0, 0, 0, 0, 0, 0, 442, 0), .Dim = 4:3, .Dimnames = list(
        c("-2", "-1", "0", "1"), c("C", "G", "T"))))))
