Results <-
list(`bwa.out//20220204//BlindCMMRD60_S19.sam` = list(GM09_SNP1 = list(
    All = list(Freqs = structure(c(19L, 2509L, 1L, 0L, 24L, 2536L, 
    3L, 1L, 0L, 1L, 0L, 0L, 0L, 30L, 0L, 0L), .Dim = c(4L, 4L
    ), .Dimnames = structure(list(c("-1", "0", "1", NA), c("A", 
    "G", "T", NA)), .Names = c("", "")), class = "table"), N = 5124L), 
    Tag.Distribution = structure(c(`1` = 136L, `2` = 59L, `3` = 54L, 
    `4` = 37L, `5` = 39L, `6` = 34L, `7` = 37L, `8` = 35L, `9` = 27L, 
    `10` = 22L, `11` = 10L, `12` = 13L, `13` = 17L, `14` = 23L, 
    `15` = 6L, `16` = 10L, `17` = 11L, `18` = 13L, `19` = 7L, 
    `20` = 5L, `21` = 2L, `22` = 8L, `23` = 7L, `24` = 6L, `25` = 2L, 
    `26` = 7L, `27` = 3L, `28` = 6L, `29` = 1L, `30` = 3L, `33` = 3L, 
    `34` = 1L, `35` = 1L, `49` = 1L), .Dim = 34L, .Dimnames = list(
        TagUsage = c("1", "2", "3", "4", "5", "6", "7", "8", 
        "9", "10", "11", "12", "13", "14", "15", "16", "17", 
        "18", "19", "20", "21", "22", "23", "24", "25", "26", 
        "27", "28", "29", "30", "33", "34", "35", "49")), class = "table"), 
    No.Tag = structure(c(0L, 41L, 0L, 0L, 1L, 60L, 0L, 1L, 0L, 
    0L, 0L, 0L, 0L, 3L, 0L, 0L), .Dim = c(4L, 4L), .Dimnames = structure(list(
        c("-1", "0", "1", NA), c("A", "G", "T", NA)), .Names = c("", 
    "")), class = "table"), All.Tags = list(Concordant = list(
        Freqs = structure(c(2, 283, 0, 0, 293, 0, 0, 1, 0), .Dim = c(3L, 
        3L), .Dimnames = list(c("-1", "0", "1"), c("A", "G", 
        "T"))), N = 579), Majority = list(Freqs = structure(c(2, 
    314, 0, 1, 322, 0, 0, 1, 0), .Dim = c(3L, 3L), .Dimnames = list(
        c("-1", "0", "1"), c("A", "G", "T"))), N = 640)), `2` = structure(c(1, 
    251, 0, 1, 255, 0, 0, 0, 0), .Dim = c(3L, 3L), .Dimnames = list(
        c("-1", "0", "1"), c("A", "G", "T"))))))
