Results <-
list(`bwa.out//20220204//BlindCMMRD65_S24.sam` = list(LR49_SNP1 = list(
    All = list(Freqs = structure(c(10L, 1535L, 1L, 23L, 1707L, 
    0L, 1L, 19L, 0L), .Dim = c(3L, 3L), .Dimnames = structure(list(
        c("-1", "0", "1"), c("A", "G", NA)), .Names = c("", ""
    )), class = "table"), N = 3296L), Tag.Distribution = structure(c(`1` = 109L, 
    `2` = 54L, `3` = 56L, `4` = 51L, `5` = 54L, `6` = 39L, `7` = 33L, 
    `8` = 19L, `9` = 27L, `10` = 19L, `11` = 12L, `12` = 11L, 
    `13` = 11L, `14` = 11L, `15` = 9L, `16` = 7L, `17` = 4L, 
    `18` = 4L, `19` = 4L, `20` = 3L, `21` = 1L, `26` = 2L, `29` = 1L, 
    `30` = 1L, `34` = 1L, `40` = 1L), .Dim = 26L, .Dimnames = list(
        TagUsage = c("1", "2", "3", "4", "5", "6", "7", "8", 
        "9", "10", "11", "12", "13", "14", "15", "16", "17", 
        "18", "19", "20", "21", "26", "29", "30", "34", "40")), class = "table"), 
    No.Tag = structure(c(0L, 51L, 0L, 0L, 0L, 44L, 0L, 0L, 0L, 
    2L, 0L, 0L), .Dim = 4:3, .Dimnames = structure(list(c("-1", 
    "0", "1", NA), c("A", "G", NA)), .Names = c("", "")), class = "table"), 
    All.Tags = list(Concordant = list(Freqs = structure(c(1, 
    233, 0, 1, 261, 0), .Dim = 3:2, .Dimnames = list(c("-1", 
    "0", "1"), c("A", "G"))), N = 496), Majority = list(Freqs = structure(c(1, 
    249, 0, 1, 284, 0), .Dim = 3:2, .Dimnames = list(c("-1", 
    "0", "1"), c("A", "G"))), N = 535)), `2` = structure(c(1, 
    195, 0, 1, 232, 0), .Dim = 3:2, .Dimnames = list(c("-1", 
    "0", "1"), c("A", "G"))))))
