Results <-
list(`bwa.out//20220204//Control24_S17.sam` = list(LR17_SNP1 = list(
    All = list(Freqs = structure(c(4L, 93L, 2495L, 28L, 1L, 10L, 
    0L, 0L, 55L, 0L, 0L, 0L), .Dim = c(6L, 2L), .Dimnames = structure(list(
        c("-2", "-1", "0", "1", "2", NA), c("A", NA)), .Names = c("", 
    "")), class = "table"), N = 2686L), Tag.Distribution = structure(c(`1` = 83L, 
    `2` = 33L, `3` = 19L, `4` = 30L, `5` = 17L, `6` = 16L, `7` = 8L, 
    `8` = 13L, `9` = 15L, `10` = 17L, `11` = 4L, `12` = 13L, 
    `13` = 3L, `14` = 5L, `15` = 7L, `16` = 10L, `17` = 3L, `18` = 4L, 
    `19` = 6L, `20` = 4L, `21` = 4L, `22` = 4L, `23` = 2L, `24` = 2L, 
    `25` = 2L, `26` = 1L, `27` = 2L, `28` = 2L, `29` = 2L, `30` = 1L, 
    `32` = 2L, `34` = 2L, `40` = 1L), .Dim = 33L, .Dimnames = list(
        TagUsage = c("1", "2", "3", "4", "5", "6", "7", "8", 
        "9", "10", "11", "12", "13", "14", "15", "16", "17", 
        "18", "19", "20", "21", "22", "23", "24", "25", "26", 
        "27", "28", "29", "30", "32", "34", "40")), class = "table"), 
    No.Tag = structure(c(0L, 4L, 105L, 0L, 0L, 0L, 0L, 0L, 2L, 
    0L, 0L, 0L), .Dim = c(6L, 2L), .Dimnames = structure(list(
        c("-2", "-1", "0", "1", "2", NA), c("A", NA)), .Names = c("", 
    "")), class = "table"), All.Tags = list(Concordant = list(
        Freqs = structure(c(0, 3, 254, 1, 1), .Dim = c(5L, 1L
        ), .Dimnames = list(c("-2", "-1", "0", "1", "2"), "A")), 
        N = 259), Majority = list(Freqs = structure(c(0, 3, 327, 
    1, 1), .Dim = c(5L, 1L), .Dimnames = list(c("-2", "-1", "0", 
    "1", "2"), "A")), N = 332)), `2` = structure(c(0, 1, 251, 
    0, 0), .Dim = c(5L, 1L), .Dimnames = list(c("-2", "-1", "0", 
    "1", "2"), "A")))))
