Results <-
list(`bwa.out//20220204//BlindCMMRD98_S57.sam` = list(LR17_SNP1 = list(
    All = list(Freqs = structure(c(3L, 316L, 4234L, 27L, 0L, 
    34L, 0L, 0L, 1L, 0L, 0L, 0L, 0L, 8L, 149L, 0L, 1L, 0L), .Dim = c(6L, 
    3L), .Dimnames = structure(list(c("-2", "-1", "0", "1", "2", 
    NA), c("A", "G", NA)), .Names = c("", "")), class = "table"), 
        N = 4773L), Tag.Distribution = structure(c(`1` = 92L, 
    `2` = 37L, `3` = 28L, `4` = 30L, `5` = 26L, `6` = 18L, `7` = 13L, 
    `8` = 13L, `9` = 15L, `10` = 13L, `11` = 13L, `12` = 11L, 
    `13` = 6L, `14` = 13L, `15` = 12L, `16` = 12L, `17` = 10L, 
    `18` = 6L, `19` = 7L, `20` = 6L, `21` = 9L, `22` = 8L, `23` = 7L, 
    `24` = 7L, `25` = 3L, `26` = 8L, `27` = 3L, `28` = 1L, `29` = 2L, 
    `30` = 4L, `31` = 1L, `32` = 2L, `33` = 2L, `34` = 4L, `35` = 1L, 
    `36` = 3L, `38` = 1L, `39` = 2L, `40` = 1L, `41` = 3L, `46` = 1L, 
    `47` = 1L, `67` = 1L), .Dim = 43L, .Dimnames = list(TagUsage = c("1", 
    "2", "3", "4", "5", "6", "7", "8", "9", "10", "11", "12", 
    "13", "14", "15", "16", "17", "18", "19", "20", "21", "22", 
    "23", "24", "25", "26", "27", "28", "29", "30", "31", "32", 
    "33", "34", "35", "36", "38", "39", "40", "41", "46", "47", 
    "67")), class = "table"), No.Tag = structure(c(0L, 8L, 111L, 
    1L, 0L, 0L, 0L, 0L, 0L, 0L, 0L, 0L, 0L, 0L, 4L, 0L, 0L, 0L
    ), .Dim = c(6L, 3L), .Dimnames = structure(list(c("-2", "-1", 
    "0", "1", "2", NA), c("A", "G", NA)), .Names = c("", "")), class = "table"), 
    All.Tags = list(Concordant = list(Freqs = structure(c(0, 
    15, 320, 0, 0, 0, 0, 0, 0, 0), .Dim = c(5L, 2L), .Dimnames = list(
        c("-2", "-1", "0", "1", "2"), c("A", "G"))), N = 335), 
        Majority = list(Freqs = structure(c(0, 18, 428, 0, 0, 
        0, 0, 0, 0, 0), .Dim = c(5L, 2L), .Dimnames = list(c("-2", 
        "-1", "0", "1", "2"), c("A", "G"))), N = 446)), `2` = structure(c(0, 
    13, 346, 0, 0, 0, 0, 0, 0, 0), .Dim = c(5L, 2L), .Dimnames = list(
        c("-2", "-1", "0", "1", "2"), c("A", "G"))))))
