Results <-
list(`bwa.out//20220204//BlindCMMRD49_S9.sam` = list(DEPDC2_SNP1 = list(
    All = list(Freqs = structure(c(0L, 6L, 0L, 0L, 0L, 1L, 0L, 
    0L, 44L, 5471L, 40L, 28L, 1L, 32L, 1L, 0L), .Dim = c(4L, 
    4L), .Dimnames = structure(list(c("-1", "0", "1", NA), c("C", 
    "G", "T", NA)), .Names = c("", "")), class = "table"), N = 5624L), 
    Tag.Distribution = structure(c(`1` = 113L, `2` = 21L, `3` = 11L, 
    `4` = 21L, `5` = 16L, `6` = 18L, `7` = 10L, `8` = 13L, `9` = 17L, 
    `10` = 11L, `11` = 11L, `12` = 4L, `13` = 12L, `14` = 6L, 
    `15` = 9L, `16` = 12L, `17` = 5L, `18` = 6L, `19` = 2L, `20` = 4L, 
    `21` = 7L, `22` = 6L, `23` = 7L, `24` = 4L, `25` = 3L, `26` = 4L, 
    `27` = 5L, `29` = 4L, `30` = 5L, `31` = 1L, `32` = 4L, `33` = 1L, 
    `34` = 2L, `35` = 3L, `37` = 4L, `38` = 2L, `40` = 2L, `41` = 3L, 
    `42` = 3L, `43` = 1L, `44` = 2L, `45` = 1L, `46` = 1L, `48` = 2L, 
    `49` = 1L, `50` = 1L, `51` = 1L, `55` = 1L, `56` = 1L, `58` = 1L, 
    `59` = 2L, `63` = 2L, `66` = 1L, `67` = 1L, `68` = 1L, `69` = 1L, 
    `72` = 2L, `78` = 1L, `83` = 2L), .Dim = 59L, .Dimnames = list(
        TagUsage = c("1", "2", "3", "4", "5", "6", "7", "8", 
        "9", "10", "11", "12", "13", "14", "15", "16", "17", 
        "18", "19", "20", "21", "22", "23", "24", "25", "26", 
        "27", "29", "30", "31", "32", "33", "34", "35", "37", 
        "38", "40", "41", "42", "43", "44", "45", "46", "48", 
        "49", "50", "51", "55", "56", "58", "59", "63", "66", 
        "67", "68", "69", "72", "78", "83")), class = "table"), 
    No.Tag = structure(c(0L, 0L, 0L, 0L, 0L, 0L, 0L, 0L, 1L, 
    104L, 0L, 1L, 0L, 1L, 0L, 0L), .Dim = c(4L, 4L), .Dimnames = structure(list(
        c("-1", "0", "1", NA), c("C", "G", "T", NA)), .Names = c("", 
    "")), class = "table"), All.Tags = list(Concordant = list(
        Freqs = structure(c(0, 5, 0, 0, 0, 0, 1, 361, 3), .Dim = c(3L, 
        3L), .Dimnames = list(c("-1", "0", "1"), c("C", "G", 
        "T"))), N = 370), Majority = list(Freqs = structure(c(0, 
    5, 0, 0, 0, 0, 2, 397, 4), .Dim = c(3L, 3L), .Dimnames = list(
        c("-1", "0", "1"), c("C", "G", "T"))), N = 408)), `2` = structure(c(0, 
    0, 0, 0, 0, 0, 1, 302, 1), .Dim = c(3L, 3L), .Dimnames = list(
        c("-1", "0", "1"), c("C", "G", "T"))))))
