Results <-
list(`bwa.out//20220204//MLPA100_S14.sam` = list(LR49_SNP1 = list(
    All = list(Freqs = structure(c(3L, 1432L, 1L, 0L, 11L, 1706L, 
    0L, 2L, 0L, 1L, 0L, 0L, 0L, 57L, 0L, 0L), .Dim = c(4L, 4L
    ), .Dimnames = structure(list(c("-1", "0", "1", NA), c("A", 
    "G", "T", NA)), .Names = c("", "")), class = "table"), N = 3213L), 
    Tag.Distribution = structure(c(`1` = 220L, `2` = 143L, `3` = 98L, 
    `4` = 79L, `5` = 60L, `6` = 57L, `7` = 27L, `8` = 30L, `9` = 11L, 
    `10` = 13L, `11` = 7L, `12` = 11L, `13` = 4L, `14` = 9L, 
    `15` = 1L, `16` = 4L, `17` = 3L, `18` = 1L, `19` = 4L, `20` = 1L, 
    `22` = 1L, `24` = 1L, `31` = 1L), .Dim = 23L, .Dimnames = list(
        TagUsage = c("1", "2", "3", "4", "5", "6", "7", "8", 
        "9", "10", "11", "12", "13", "14", "15", "16", "17", 
        "18", "19", "20", "22", "24", "31")), class = "table"), 
    No.Tag = structure(c(0L, 37L, 0L, 0L, 9L, 34L, 0L, 1L, 0L, 
    0L, 0L, 0L, 0L, 8L, 0L, 0L), .Dim = c(4L, 4L), .Dimnames = structure(list(
        c("-1", "0", "1", NA), c("A", "G", "T", NA)), .Names = c("", 
    "")), class = "table"), All.Tags = list(Concordant = list(
        Freqs = structure(c(0, 343, 0, 1, 366, 0, 0, 0, 0), .Dim = c(3L, 
        3L), .Dimnames = list(c("-1", "0", "1"), c("A", "G", 
        "T"))), N = 710), Majority = list(Freqs = structure(c(0, 
    371, 0, 1, 394, 0, 0, 0, 0), .Dim = c(3L, 3L), .Dimnames = list(
        c("-1", "0", "1"), c("A", "G", "T"))), N = 766)), `2` = structure(c(0, 
    259, 0, 0, 292, 0, 0, 0, 0), .Dim = c(3L, 3L), .Dimnames = list(
        c("-1", "0", "1"), c("A", "G", "T"))))))
