Results <-
list(`bwa.out//20220204//BlindCMMRD48_S8.sam` = list(GM07_SNP1 = list(
    All = list(Freqs = structure(c(1L, 84L, 1947L, 40L, 1L, 17L, 
    1L, 70L, 1357L, 26L, 0L, 15L, 0L, 3L, 46L, 1L, 0L, 0L), .Dim = c(6L, 
    3L), .Dimnames = structure(list(c("-2", "-1", "0", "1", "2", 
    NA), c("A", "G", NA)), .Names = c("", "")), class = "table"), 
        N = 3609L), Tag.Distribution = structure(c(`1` = 73L, 
    `2` = 13L, `3` = 11L, `4` = 21L, `5` = 10L, `6` = 15L, `7` = 18L, 
    `8` = 13L, `9` = 11L, `10` = 16L, `11` = 7L, `12` = 9L, `13` = 7L, 
    `14` = 6L, `15` = 4L, `16` = 6L, `17` = 9L, `18` = 5L, `19` = 6L, 
    `20` = 4L, `21` = 2L, `22` = 3L, `23` = 5L, `24` = 6L, `25` = 2L, 
    `26` = 2L, `27` = 1L, `28` = 2L, `29` = 1L, `30` = 2L, `31` = 2L, 
    `32` = 1L, `33` = 1L, `34` = 2L, `35` = 2L, `36` = 1L, `37` = 2L, 
    `38` = 1L, `40` = 1L, `41` = 2L, `44` = 1L, `47` = 1L, `48` = 1L, 
    `49` = 3L, `50` = 1L, `57` = 1L), .Dim = 46L, .Dimnames = list(
        TagUsage = c("1", "2", "3", "4", "5", "6", "7", "8", 
        "9", "10", "11", "12", "13", "14", "15", "16", "17", 
        "18", "19", "20", "21", "22", "23", "24", "25", "26", 
        "27", "28", "29", "30", "31", "32", "33", "34", "35", 
        "36", "37", "38", "40", "41", "44", "47", "48", "49", 
        "50", "57")), class = "table"), No.Tag = structure(c(0L, 
    6L, 120L, 1L, 0L, 4L, 0L, 2L, 92L, 2L, 0L, 4L, 0L, 1L, 9L, 
    1L, 0L, 0L), .Dim = c(6L, 3L), .Dimnames = structure(list(
        c("-2", "-1", "0", "1", "2", NA), c("A", "G", NA)), .Names = c("", 
    "")), class = "table"), All.Tags = list(Concordant = list(
        Freqs = structure(c(0, 0, 93, 0, 0, 0, 3, 90, 1, 0), .Dim = c(5L, 
        2L), .Dimnames = list(c("-2", "-1", "0", "1", "2"), c("A", 
        "G"))), N = 187), Majority = list(Freqs = structure(c(0, 
    0, 159, 0, 0, 0, 4, 139, 1, 0), .Dim = c(5L, 2L), .Dimnames = list(
        c("-2", "-1", "0", "1", "2"), c("A", "G"))), N = 303)), 
    `2` = structure(c(0, 0, 124, 0, 0, 0, 2, 110, 0, 0), .Dim = c(5L, 
    2L), .Dimnames = list(c("-2", "-1", "0", "1", "2"), c("A", 
    "G"))))))
