Results <-
list(`bwa.out//20220204//MLPA99_S13.sam` = list(LR36_SNP1 = list(
    All = list(Freqs = structure(c(0L, 1L, 4L, 0L, 0L, 0L, 0L, 
    1L, 0L, 0L, 3L, 47L, 3215L, 32L, 12L, 0L, 2L, 224L, 3L, 0L
    ), .Dim = 5:4, .Dimnames = structure(list(c("-2", "-1", "0", 
    "1", NA), c("A", "C", "T", NA)), .Names = c("", "")), class = "table"), 
        N = 3544L), Tag.Distribution = structure(c(`1` = 81L, 
    `2` = 24L, `3` = 15L, `4` = 16L, `5` = 25L, `6` = 21L, `7` = 23L, 
    `8` = 6L, `9` = 14L, `10` = 17L, `11` = 12L, `12` = 9L, `13` = 8L, 
    `14` = 6L, `15` = 8L, `16` = 10L, `17` = 4L, `18` = 7L, `19` = 3L, 
    `20` = 5L, `21` = 4L, `22` = 8L, `23` = 1L, `25` = 6L, `26` = 3L, 
    `28` = 3L, `30` = 3L, `31` = 3L, `32` = 1L, `33` = 1L, `35` = 1L, 
    `37` = 1L, `38` = 1L, `42` = 1L, `43` = 2L, `45` = 1L, `46` = 3L, 
    `48` = 1L, `55` = 1L), .Dim = 39L, .Dimnames = list(TagUsage = c("1", 
    "2", "3", "4", "5", "6", "7", "8", "9", "10", "11", "12", 
    "13", "14", "15", "16", "17", "18", "19", "20", "21", "22", 
    "23", "25", "26", "28", "30", "31", "32", "33", "35", "37", 
    "38", "42", "43", "45", "46", "48", "55")), class = "table"), 
    No.Tag = structure(c(0L, 0L, 1L, 0L, 0L, 0L, 0L, 0L, 0L, 
    0L, 0L, 0L, 107L, 0L, 1L, 0L, 1L, 14L, 0L, 0L), .Dim = 5:4, .Dimnames = structure(list(
        c("-2", "-1", "0", "1", NA), c("A", "C", "T", NA)), .Names = c("", 
    "")), class = "table"), All.Tags = list(Concordant = list(
        Freqs = structure(c(0, 1, 2, 0, 0, 0, 0, 0, 0, 0, 276, 
        1), .Dim = 4:3, .Dimnames = list(c("-2", "-1", "0", "1"
        ), c("A", "C", "T"))), N = 280), Majority = list(Freqs = structure(c(0, 
    1, 2, 0, 0, 0, 0, 0, 0, 0, 338, 1), .Dim = 4:3, .Dimnames = list(
        c("-2", "-1", "0", "1"), c("A", "C", "T"))), N = 342)), 
    `2` = structure(c(0, 0, 0, 0, 0, 0, 0, 0, 0, 0, 276, 0), .Dim = 4:3, .Dimnames = list(
        c("-2", "-1", "0", "1"), c("A", "C", "T"))))))
