Results <-
list(`bwa.out//20220204//Control13_S6.sam` = list(DEPDC2_SNP1 = list(
    All = list(Freqs = structure(c(6L, 1354L, 6L, 10L, 15L, 1535L, 
    3L, 8L, 0L, 41L, 2L, 0L), .Dim = 4:3, .Dimnames = structure(list(
        c("-1", "0", "1", NA), c("C", "T", NA)), .Names = c("", 
    "")), class = "table"), N = 2980L), Tag.Distribution = structure(c(`1` = 150L, 
    `2` = 95L, `3` = 69L, `4` = 58L, `5` = 57L, `6` = 31L, `7` = 23L, 
    `8` = 17L, `9` = 21L, `10` = 17L, `11` = 7L, `12` = 6L, `13` = 6L, 
    `14` = 4L, `15` = 5L, `16` = 4L, `17` = 3L, `18` = 3L, `19` = 2L, 
    `20` = 2L, `21` = 4L, `23` = 1L, `24` = 2L, `25` = 3L, `26` = 1L, 
    `27` = 1L, `33` = 1L, `37` = 1L), .Dim = 28L, .Dimnames = list(
        TagUsage = c("1", "2", "3", "4", "5", "6", "7", "8", 
        "9", "10", "11", "12", "13", "14", "15", "16", "17", 
        "18", "19", "20", "21", "23", "24", "25", "26", "27", 
        "33", "37")), class = "table"), No.Tag = structure(c(0L, 
    48L, 0L, 0L, 0L, 62L, 0L, 2L, 0L, 4L, 0L, 0L), .Dim = 4:3, .Dimnames = structure(list(
        c("-1", "0", "1", NA), c("C", "T", NA)), .Names = c("", 
    "")), class = "table"), All.Tags = list(Concordant = list(
        Freqs = structure(c(0, 263, 1, 1, 269, 0), .Dim = 3:2, .Dimnames = list(
            c("-1", "0", "1"), c("C", "T"))), N = 534), Majority = list(
        Freqs = structure(c(0, 286, 1, 2, 292, 0), .Dim = 3:2, .Dimnames = list(
            c("-1", "0", "1"), c("C", "T"))), N = 581)), `2` = structure(c(0, 
    203, 0, 1, 234, 0), .Dim = 3:2, .Dimnames = list(c("-1", 
    "0", "1"), c("C", "T"))))))
