Results <-
list(`bwa.out//20220204//Control21_S14.sam` = list(IM49_SNP1 = list(
    All = list(Freqs = structure(c(0L, 0L, 2L, 0L, 0L, 1L, 5L, 
    52L, 2264L, 54L, 1L, 15L, 0L, 2L, 142L, 1L, 0L, 0L), .Dim = c(6L, 
    3L), .Dimnames = structure(list(c("-2", "-1", "0", "1", "2", 
    NA), c("C", "G", NA)), .Names = c("", "")), class = "table"), 
        N = 2539L), Tag.Distribution = structure(c(`1` = 207L, 
    `2` = 62L, `3` = 57L, `4` = 35L, `5` = 28L, `6` = 26L, `7` = 20L, 
    `8` = 14L, `9` = 16L, `10` = 19L, `11` = 16L, `12` = 5L, 
    `13` = 9L, `14` = 6L, `15` = 5L, `16` = 4L, `17` = 6L, `19` = 3L, 
    `20` = 2L, `21` = 2L, `22` = 1L, `24` = 1L, `27` = 1L, `32` = 1L, 
    `33` = 1L), .Dim = 25L, .Dimnames = list(TagUsage = c("1", 
    "2", "3", "4", "5", "6", "7", "8", "9", "10", "11", "12", 
    "13", "14", "15", "16", "17", "19", "20", "21", "22", "24", 
    "27", "32", "33")), class = "table"), No.Tag = structure(c(0L, 
    0L, 0L, 0L, 0L, 0L, 0L, 2L, 49L, 0L, 0L, 1L, 0L, 0L, 8L, 
    0L, 0L, 0L), .Dim = c(6L, 3L), .Dimnames = structure(list(
        c("-2", "-1", "0", "1", "2", NA), c("C", "G", NA)), .Names = c("", 
    "")), class = "table"), All.Tags = list(Concordant = list(
        Freqs = structure(c(0, 0, 2, 0, 0, 0, 5, 412, 6, 0), .Dim = c(5L, 
        2L), .Dimnames = list(c("-2", "-1", "0", "1", "2"), c("C", 
        "G"))), N = 425), Majority = list(Freqs = structure(c(0, 
    0, 2, 0, 0, 0, 5, 488, 7, 0), .Dim = c(5L, 2L), .Dimnames = list(
        c("-2", "-1", "0", "1", "2"), c("C", "G"))), N = 502)), 
    `2` = structure(c(0, 0, 0, 0, 0, 0, 2, 334, 1, 0), .Dim = c(5L, 
    2L), .Dimnames = list(c("-2", "-1", "0", "1", "2"), c("C", 
    "G"))))))
