Results <-
list(`bwa.out//20220204//BlindCMMRD64_S23.sam` = list(IM49_SNP1 = list(
    All = list(Freqs = structure(c(1L, 64L, 2087L, 38L, 0L, 26L, 
    1L, 49L, 1511L, 28L, 1L, 13L, 0L, 4L, 267L, 9L, 0L, 0L), .Dim = c(6L, 
    3L), .Dimnames = structure(list(c("-2", "-1", "0", "1", "2", 
    NA), c("C", "G", NA)), .Names = c("", "")), class = "table"), 
        N = 4099L), Tag.Distribution = structure(c(`1` = 218L, 
    `2` = 65L, `3` = 81L, `4` = 50L, `5` = 42L, `6` = 35L, `7` = 24L, 
    `8` = 41L, `9` = 19L, `10` = 21L, `11` = 19L, `12` = 17L, 
    `13` = 11L, `14` = 12L, `15` = 11L, `16` = 9L, `17` = 9L, 
    `18` = 5L, `19` = 6L, `20` = 3L, `21` = 4L, `22` = 2L, `23` = 4L, 
    `24` = 2L, `25` = 4L, `31` = 1L, `38` = 1L, `39` = 1L), .Dim = 28L, .Dimnames = list(
        TagUsage = c("1", "2", "3", "4", "5", "6", "7", "8", 
        "9", "10", "11", "12", "13", "14", "15", "16", "17", 
        "18", "19", "20", "21", "22", "23", "24", "25", "31", 
        "38", "39")), class = "table"), No.Tag = structure(c(0L, 
    0L, 37L, 0L, 0L, 0L, 0L, 1L, 40L, 0L, 0L, 0L, 0L, 0L, 7L, 
    0L, 0L, 0L), .Dim = c(6L, 3L), .Dimnames = structure(list(
        c("-2", "-1", "0", "1", "2", NA), c("C", "G", NA)), .Names = c("", 
    "")), class = "table"), All.Tags = list(Concordant = list(
        Freqs = structure(c(1, 3, 265, 1, 0, 0, 4, 229, 0, 0), .Dim = c(5L, 
        2L), .Dimnames = list(c("-2", "-1", "0", "1", "2"), c("C", 
        "G"))), N = 503), Majority = list(Freqs = structure(c(1, 
    4, 339, 1, 0, 0, 5, 291, 0, 0), .Dim = c(5L, 2L), .Dimnames = list(
        c("-2", "-1", "0", "1", "2"), c("C", "G"))), N = 641)), 
    `2` = structure(c(0, 2, 266, 0, 0, 0, 1, 217, 0, 0), .Dim = c(5L, 
    2L), .Dimnames = list(c("-2", "-1", "0", "1", "2"), c("C", 
    "G"))))))
