Results <-
list(`bwa.out//20220204//BlindCMMRD123_S49.sam` = list(GM09_SNP1 = list(
    All = list(Freqs = structure(c(43L, 6313L, 11L, 4L, 0L, 8L, 
    0L, 0L, 0L, 25L, 0L, 0L), .Dim = 4:3, .Dimnames = structure(list(
        c("-1", "0", "1", NA), c("A", "G", NA)), .Names = c("", 
    "")), class = "table"), N = 6404L), Tag.Distribution = structure(c(`1` = 298L, 
    `2` = 200L, `3` = 162L, `4` = 154L, `5` = 109L, `6` = 94L, 
    `7` = 57L, `8` = 54L, `9` = 49L, `10` = 35L, `11` = 19L, 
    `12` = 18L, `13` = 29L, `14` = 11L, `15` = 9L, `16` = 10L, 
    `17` = 7L, `18` = 5L, `19` = 3L, `20` = 3L, `21` = 2L, `22` = 1L, 
    `25` = 1L, `28` = 1L, `29` = 1L, `38` = 1L), .Dim = 26L, .Dimnames = list(
        TagUsage = c("1", "2", "3", "4", "5", "6", "7", "8", 
        "9", "10", "11", "12", "13", "14", "15", "16", "17", 
        "18", "19", "20", "21", "22", "25", "28", "29", "38")), class = "table"), 
    No.Tag = structure(c(0L, 107L, 0L, 1L, 0L, 1L, 0L, 0L, 0L, 
    3L, 0L, 0L), .Dim = 4:3, .Dimnames = structure(list(c("-1", 
    "0", "1", NA), c("A", "G", NA)), .Names = c("", "")), class = "table"), 
    All.Tags = list(Concordant = list(Freqs = structure(c(2, 
    1274, 1, 0, 4, 0), .Dim = 3:2, .Dimnames = list(c("-1", "0", 
    "1"), c("A", "G"))), N = 1281), Majority = list(Freqs = structure(c(2, 
    1320, 1, 0, 4, 0), .Dim = 3:2, .Dimnames = list(c("-1", "0", 
    "1"), c("A", "G"))), N = 1327)), `2` = structure(c(0, 1032, 
    0, 0, 0, 0), .Dim = 3:2, .Dimnames = list(c("-1", "0", "1"
    ), c("A", "G"))))))
