Results <-
list(`bwa.out//20220204//BlindCMMRD70_S29.sam` = list(LR48_SNP1 = list(
    All = list(Freqs = structure(c(3L, 56L, 2174L, 17L, 15L, 
    1L, 63L, 2405L, 41L, 11L, 0L, 3L, 97L, 2L, 0L), .Dim = c(5L, 
    3L), .Dimnames = structure(list(c("-2", "-1", "0", "1", NA
    ), c("C", "T", NA)), .Names = c("", "")), class = "table"), 
        N = 4888L), Tag.Distribution = structure(c(`1` = 104L, 
    `2` = 22L, `3` = 23L, `4` = 18L, `5` = 16L, `6` = 20L, `7` = 13L, 
    `8` = 19L, `9` = 10L, `10` = 14L, `11` = 9L, `12` = 5L, `13` = 7L, 
    `14` = 12L, `15` = 3L, `16` = 6L, `17` = 5L, `18` = 5L, `19` = 6L, 
    `20` = 4L, `21` = 5L, `22` = 1L, `23` = 8L, `24` = 6L, `25` = 5L, 
    `26` = 4L, `27` = 6L, `28` = 1L, `30` = 4L, `31` = 1L, `32` = 1L, 
    `33` = 2L, `34` = 3L, `35` = 2L, `36` = 1L, `37` = 1L, `38` = 4L, 
    `40` = 2L, `41` = 2L, `42` = 1L, `43` = 1L, `44` = 2L, `45` = 4L, 
    `46` = 2L, `47` = 4L, `48` = 1L, `49` = 2L, `50` = 1L, `51` = 1L, 
    `53` = 2L, `54` = 1L, `57` = 1L, `62` = 1L, `70` = 1L), .Dim = 54L, .Dimnames = list(
        TagUsage = c("1", "2", "3", "4", "5", "6", "7", "8", 
        "9", "10", "11", "12", "13", "14", "15", "16", "17", 
        "18", "19", "20", "21", "22", "23", "24", "25", "26", 
        "27", "28", "30", "31", "32", "33", "34", "35", "36", 
        "37", "38", "40", "41", "42", "43", "44", "45", "46", 
        "47", "48", "49", "50", "51", "53", "54", "57", "62", 
        "70")), class = "table"), No.Tag = structure(c(0L, 1L, 
    50L, 0L, 1L, 0L, 1L, 28L, 2L, 0L, 0L, 0L, 4L, 0L, 0L), .Dim = c(5L, 
    3L), .Dimnames = structure(list(c("-2", "-1", "0", "1", NA
    ), c("C", "T", NA)), .Names = c("", "")), class = "table"), 
    All.Tags = list(Concordant = list(Freqs = structure(c(0, 
    1, 140, 0, 0, 1, 136, 1), .Dim = c(4L, 2L), .Dimnames = list(
        c("-2", "-1", "0", "1"), c("C", "T"))), N = 279), Majority = list(
        Freqs = structure(c(0, 1, 191, 0, 0, 1, 197, 1), .Dim = c(4L, 
        2L), .Dimnames = list(c("-2", "-1", "0", "1"), c("C", 
        "T"))), N = 391)), `2` = structure(c(0, 0, 146, 0, 0, 
    1, 151, 0), .Dim = c(4L, 2L), .Dimnames = list(c("-2", "-1", 
    "0", "1"), c("C", "T"))))))
