Results <-
list(`bwa.out//20220204//BlindCMMRD85_S44.sam` = list(DEPDC2_SNP1 = list(
    All = list(Freqs = structure(c(10L, 2363L, 15L, 6L, 0L, 1L, 
    0L, 0L, 9L, 2370L, 13L, 13L, 0L, 45L, 1L, 0L), .Dim = c(4L, 
    4L), .Dimnames = structure(list(c("-1", "0", "1", NA), c("C", 
    "G", "T", NA)), .Names = c("", "")), class = "table"), N = 4846L), 
    Tag.Distribution = structure(c(`1` = 203L, `2` = 90L, `3` = 91L, 
    `4` = 67L, `5` = 60L, `6` = 48L, `7` = 43L, `8` = 35L, `9` = 23L, 
    `10` = 25L, `11` = 11L, `12` = 25L, `13` = 11L, `14` = 16L, 
    `15` = 7L, `16` = 14L, `17` = 7L, `18` = 8L, `19` = 9L, `20` = 3L, 
    `21` = 5L, `22` = 4L, `23` = 4L, `24` = 2L, `25` = 1L, `26` = 1L, 
    `27` = 1L, `28` = 1L, `30` = 1L, `31` = 1L, `34` = 1L, `35` = 1L, 
    `40` = 1L), .Dim = 33L, .Dimnames = list(TagUsage = c("1", 
    "2", "3", "4", "5", "6", "7", "8", "9", "10", "11", "12", 
    "13", "14", "15", "16", "17", "18", "19", "20", "21", "22", 
    "23", "24", "25", "26", "27", "28", "30", "31", "34", "35", 
    "40")), class = "table"), No.Tag = structure(c(0L, 51L, 1L, 
    2L, 0L, 0L, 0L, 0L, 0L, 16L, 0L, 2L, 0L, 4L, 0L, 0L), .Dim = c(4L, 
    4L), .Dimnames = structure(list(c("-1", "0", "1", NA), c("C", 
    "G", "T", NA)), .Names = c("", "")), class = "table"), All.Tags = list(
        Concordant = list(Freqs = structure(c(1, 367, 0, 0, 0, 
        0, 0, 348, 0), .Dim = c(3L, 3L), .Dimnames = list(c("-1", 
        "0", "1"), c("C", "G", "T"))), N = 716), Majority = list(
            Freqs = structure(c(1, 415, 0, 0, 0, 0, 0, 387, 1
            ), .Dim = c(3L, 3L), .Dimnames = list(c("-1", "0", 
            "1"), c("C", "G", "T"))), N = 804)), `2` = structure(c(0, 
    315, 0, 0, 0, 0, 0, 290, 1), .Dim = c(3L, 3L), .Dimnames = list(
        c("-1", "0", "1"), c("C", "G", "T"))))))
