Results <-
list(`bwa.out//20220204//BlindCMMRD90_S49.sam` = list(LR17_SNP1 = list(
    All = list(Freqs = structure(c(193L, 3748L, 57L, 3L, 19L, 
    0L, 2L, 0L, 0L, 0L, 2L, 132L, 0L, 0L, 0L), .Dim = c(5L, 3L
    ), .Dimnames = structure(list(c("-1", "0", "1", "2", NA), 
        c("A", "G", NA)), .Names = c("", "")), class = "table"), 
        N = 4156L), Tag.Distribution = structure(c(`1` = 102L, 
    `2` = 40L, `3` = 35L, `4` = 48L, `5` = 28L, `6` = 25L, `7` = 15L, 
    `8` = 14L, `9` = 12L, `10` = 18L, `11` = 17L, `12` = 7L, 
    `13` = 10L, `14` = 9L, `15` = 7L, `16` = 15L, `17` = 10L, 
    `18` = 8L, `19` = 5L, `20` = 6L, `21` = 8L, `22` = 5L, `23` = 4L, 
    `24` = 4L, `26` = 5L, `27` = 3L, `28` = 6L, `29` = 2L, `30` = 4L, 
    `32` = 1L, `34` = 1L, `36` = 3L, `38` = 1L, `42` = 1L, `49` = 2L
    ), .Dim = 35L, .Dimnames = list(TagUsage = c("1", "2", "3", 
    "4", "5", "6", "7", "8", "9", "10", "11", "12", "13", "14", 
    "15", "16", "17", "18", "19", "20", "21", "22", "23", "24", 
    "26", "27", "28", "29", "30", "32", "34", "36", "38", "42", 
    "49")), class = "table"), No.Tag = structure(c(4L, 98L, 0L, 
    0L, 1L, 0L, 0L, 0L, 0L, 0L, 0L, 3L, 0L, 0L, 0L), .Dim = c(5L, 
    3L), .Dimnames = structure(list(c("-1", "0", "1", "2", NA
    ), c("A", "G", NA)), .Names = c("", "")), class = "table"), 
    All.Tags = list(Concordant = list(Freqs = structure(c(7, 
    327, 0, 0, 0, 0, 0, 0), .Dim = c(4L, 2L), .Dimnames = list(
        c("-1", "0", "1", "2"), c("A", "G"))), N = 334), Majority = list(
        Freqs = structure(c(8, 460, 1, 0, 0, 0, 0, 0), .Dim = c(4L, 
        2L), .Dimnames = list(c("-1", "0", "1", "2"), c("A", 
        "G"))), N = 469)), `2` = structure(c(3, 371, 1, 0, 0, 
    0, 0, 0), .Dim = c(4L, 2L), .Dimnames = list(c("-1", "0", 
    "1", "2"), c("A", "G"))))))
