Results <-
list(`bwa.out//20220204//BlindCMMRD87_S46.sam` = list(GM29_SNP1 = list(
    All = list(Freqs = structure(c(1L, 87L, 4867L, 29L, 6L, 0L, 
    0L, 4L, 0L, 1L, 0L, 0L, 33L, 0L, 0L), .Dim = c(5L, 3L), .Dimnames = structure(list(
        c("-2", "-1", "0", "1", NA), c("A", "G", NA)), .Names = c("", 
    "")), class = "table"), N = 5028L), Tag.Distribution = structure(c(`1` = 84L, 
    `2` = 31L, `3` = 33L, `4` = 27L, `5` = 25L, `6` = 22L, `7` = 15L, 
    `8` = 13L, `9` = 15L, `10` = 9L, `11` = 14L, `12` = 12L, 
    `13` = 15L, `14` = 5L, `15` = 11L, `16` = 6L, `17` = 13L, 
    `18` = 5L, `19` = 8L, `20` = 6L, `21` = 5L, `22` = 2L, `23` = 9L, 
    `24` = 3L, `25` = 5L, `26` = 6L, `27` = 4L, `28` = 5L, `29` = 2L, 
    `30` = 2L, `32` = 3L, `33` = 2L, `34` = 1L, `35` = 3L, `36` = 4L, 
    `37` = 1L, `38` = 1L, `39` = 1L, `40` = 2L, `42` = 1L, `44` = 1L, 
    `45` = 1L, `46` = 1L, `48` = 2L, `49` = 1L, `50` = 1L, `51` = 1L, 
    `53` = 1L, `56` = 1L, `60` = 1L, `61` = 1L, `75` = 1L), .Dim = 52L, .Dimnames = list(
        TagUsage = c("1", "2", "3", "4", "5", "6", "7", "8", 
        "9", "10", "11", "12", "13", "14", "15", "16", "17", 
        "18", "19", "20", "21", "22", "23", "24", "25", "26", 
        "27", "28", "29", "30", "32", "33", "34", "35", "36", 
        "37", "38", "39", "40", "42", "44", "45", "46", "48", 
        "49", "50", "51", "53", "56", "60", "61", "75")), class = "table"), 
    No.Tag = structure(c(0L, 4L, 126L, 0L, 2L, 0L, 0L, 1L, 0L, 
    0L, 0L, 0L, 2L, 0L, 0L), .Dim = c(5L, 3L), .Dimnames = structure(list(
        c("-2", "-1", "0", "1", NA), c("A", "G", NA)), .Names = c("", 
    "")), class = "table"), All.Tags = list(Concordant = list(
        Freqs = structure(c(0, 2, 369, 0, 0, 0, 2, 0), .Dim = c(4L, 
        2L), .Dimnames = list(c("-2", "-1", "0", "1"), c("A", 
        "G"))), N = 373), Majority = list(Freqs = structure(c(0, 
    2, 433, 1, 0, 0, 2, 0), .Dim = c(4L, 2L), .Dimnames = list(
        c("-2", "-1", "0", "1"), c("A", "G"))), N = 438)), `2` = structure(c(0, 
    2, 356, 1, 0, 0, 0, 0), .Dim = c(4L, 2L), .Dimnames = list(
        c("-2", "-1", "0", "1"), c("A", "G"))))))
