Results <-
list(`bwa.out//20220204//BlindCMMRD130_S56.sam` = list(GM01_SNP1 = list(
    All = list(Freqs = structure(c(42L, 3272L, 8L, 23L, 63L, 
    3537L, 18L, 21L, 0L, 44L, 0L, 0L), .Dim = 4:3, .Dimnames = structure(list(
        c("-1", "0", "1", NA), c("A", "G", NA)), .Names = c("", 
    "")), class = "table"), N = 7028L), Tag.Distribution = structure(c(`1` = 225L, 
    `2` = 203L, `3` = 163L, `4` = 168L, `5` = 133L, `6` = 127L, 
    `7` = 104L, `8` = 66L, `9` = 56L, `10` = 28L, `11` = 22L, 
    `12` = 19L, `13` = 15L, `14` = 18L, `15` = 14L, `16` = 5L, 
    `17` = 3L, `18` = 6L, `19` = 4L, `20` = 1L, `22` = 1L, `25` = 1L, 
    `28` = 1L, `29` = 1L, `31` = 1L, `36` = 1L, `38` = 1L), .Dim = 27L, .Dimnames = list(
        TagUsage = c("1", "2", "3", "4", "5", "6", "7", "8", 
        "9", "10", "11", "12", "13", "14", "15", "16", "17", 
        "18", "19", "20", "22", "25", "28", "29", "31", "36", 
        "38")), class = "table"), No.Tag = structure(c(1L, 38L, 
    1L, 3L, 2L, 50L, 0L, 2L, 0L, 1L, 0L, 0L), .Dim = 4:3, .Dimnames = structure(list(
        c("-1", "0", "1", NA), c("A", "G", NA)), .Names = c("", 
    "")), class = "table"), All.Tags = list(Concordant = list(
        Freqs = structure(c(2, 523, 0, 3, 578, 0), .Dim = 3:2, .Dimnames = list(
            c("-1", "0", "1"), c("A", "G"))), N = 1106), Majority = list(
        Freqs = structure(c(2, 642, 0, 4, 698, 1), .Dim = 3:2, .Dimnames = list(
            c("-1", "0", "1"), c("A", "G"))), N = 1347)), `2` = structure(c(0, 
    552, 0, 2, 576, 1), .Dim = 3:2, .Dimnames = list(c("-1", 
    "0", "1"), c("A", "G"))))))
