Results <-
list(`bwa.out//20220204//BlindCMMRD69_S28.sam` = list(LR48_SNP1 = list(
    All = list(Freqs = structure(c(7L, 95L, 3029L, 59L, 1L, 9L, 
    0L, 1L, 58L, 1L, 0L, 0L), .Dim = c(6L, 2L), .Dimnames = structure(list(
        c("-2", "-1", "0", "1", "2", NA), c("C", NA)), .Names = c("", 
    "")), class = "table"), N = 3260L), Tag.Distribution = structure(c(`1` = 71L, 
    `2` = 29L, `3` = 24L, `4` = 31L, `5` = 25L, `6` = 18L, `7` = 22L, 
    `8` = 14L, `9` = 12L, `10` = 13L, `11` = 10L, `12` = 13L, 
    `13` = 8L, `14` = 9L, `15` = 12L, `16` = 7L, `17` = 6L, `18` = 6L, 
    `19` = 5L, `20` = 4L, `21` = 4L, `22` = 8L, `23` = 3L, `24` = 4L, 
    `25` = 3L, `27` = 3L, `28` = 2L, `29` = 1L, `30` = 3L, `31` = 1L, 
    `33` = 3L, `37` = 1L, `40` = 1L), .Dim = 33L, .Dimnames = list(
        TagUsage = c("1", "2", "3", "4", "5", "6", "7", "8", 
        "9", "10", "11", "12", "13", "14", "15", "16", "17", 
        "18", "19", "20", "21", "22", "23", "24", "25", "27", 
        "28", "29", "30", "31", "33", "37", "40")), class = "table"), 
    No.Tag = structure(c(1L, 1L, 56L, 1L, 0L, 0L, 0L, 0L, 3L, 
    0L, 0L, 0L), .Dim = c(6L, 2L), .Dimnames = structure(list(
        c("-2", "-1", "0", "1", "2", NA), c("C", NA)), .Names = c("", 
    "")), class = "table"), All.Tags = list(Concordant = list(
        Freqs = structure(c(0, 4, 271, 2, 0), .Dim = c(5L, 1L
        ), .Dimnames = list(c("-2", "-1", "0", "1", "2"), "C")), 
        N = 277), Majority = list(Freqs = structure(c(0, 6, 361, 
    3, 0), .Dim = c(5L, 1L), .Dimnames = list(c("-2", "-1", "0", 
    "1", "2"), "C")), N = 370)), `2` = structure(c(0, 2, 299, 
    2, 0), .Dim = c(5L, 1L), .Dimnames = list(c("-2", "-1", "0", 
    "1", "2"), "C")))))
