Results <-
list(`bwa.out//20220204//BlindCMMRD98_S57.sam` = list(IM49_SNP1 = list(
    All = list(Freqs = structure(c(6L, 295L, 3539L, 73L, 43L, 
    0L, 0L, 5L, 0L, 0L, 0L, 5L, 192L, 1L, 0L), .Dim = c(5L, 3L
    ), .Dimnames = structure(list(c("-2", "-1", "0", "1", NA), 
        c("C", "G", NA)), .Names = c("", "")), class = "table"), 
        N = 4159L), Tag.Distribution = structure(c(`1` = 167L, 
    `2` = 69L, `3` = 47L, `4` = 40L, `5` = 39L, `6` = 28L, `7` = 26L, 
    `8` = 16L, `9` = 19L, `10` = 20L, `11` = 19L, `12` = 16L, 
    `13` = 11L, `14` = 8L, `15` = 8L, `16` = 6L, `17` = 7L, `18` = 7L, 
    `19` = 7L, `20` = 7L, `21` = 4L, `22` = 3L, `23` = 4L, `24` = 2L, 
    `25` = 3L, `26` = 4L, `27` = 3L, `29` = 1L, `30` = 2L, `31` = 3L, 
    `32` = 2L, `33` = 1L, `34` = 1L, `36` = 1L, `40` = 1L, `42` = 1L, 
    `44` = 1L), .Dim = 37L, .Dimnames = list(TagUsage = c("1", 
    "2", "3", "4", "5", "6", "7", "8", "9", "10", "11", "12", 
    "13", "14", "15", "16", "17", "18", "19", "20", "21", "22", 
    "23", "24", "25", "26", "27", "29", "30", "31", "32", "33", 
    "34", "36", "40", "42", "44")), class = "table"), No.Tag = structure(c(0L, 
    2L, 80L, 3L, 3L, 0L, 0L, 1L, 0L, 0L, 0L, 0L, 5L, 0L, 0L), .Dim = c(5L, 
    3L), .Dimnames = structure(list(c("-2", "-1", "0", "1", NA
    ), c("C", "G", NA)), .Names = c("", "")), class = "table"), 
    All.Tags = list(Concordant = list(Freqs = structure(c(0, 
    17, 407, 1, 0, 0, 1, 0), .Dim = c(4L, 2L), .Dimnames = list(
        c("-2", "-1", "0", "1"), c("C", "G"))), N = 426), Majority = list(
        Freqs = structure(c(0, 21, 525, 1, 0, 0, 1, 0), .Dim = c(4L, 
        2L), .Dimnames = list(c("-2", "-1", "0", "1"), c("C", 
        "G"))), N = 548)), `2` = structure(c(0, 15, 410, 1, 0, 
    0, 0, 0), .Dim = c(4L, 2L), .Dimnames = list(c("-2", "-1", 
    "0", "1"), c("C", "G"))))))
