Results <-
list(`bwa.out//20220204//BlindCMMRD86_S45.sam` = list(LR17_SNP1 = list(
    All = list(Freqs = structure(c(5L, 97L, 2798L, 39L, 14L, 
    0L, 0L, 2L, 0L, 0L, 0L, 0L, 1L, 0L, 0L, 0L, 1L, 141L, 0L, 
    0L), .Dim = 5:4, .Dimnames = structure(list(c("-2", "-1", 
    "0", "1", NA), c("A", "G", "T", NA)), .Names = c("", "")), class = "table"), 
        N = 3098L), Tag.Distribution = structure(c(`1` = 102L, 
    `2` = 40L, `3` = 42L, `4` = 44L, `5` = 32L, `6` = 28L, `7` = 34L, 
    `8` = 31L, `9` = 24L, `10` = 25L, `11` = 21L, `12` = 11L, 
    `13` = 8L, `14` = 15L, `15` = 8L, `16` = 6L, `17` = 4L, `18` = 5L, 
    `19` = 1L, `20` = 2L, `22` = 2L, `26` = 1L, `27` = 1L, `37` = 1L
    ), .Dim = 24L, .Dimnames = list(TagUsage = c("1", "2", "3", 
    "4", "5", "6", "7", "8", "9", "10", "11", "12", "13", "14", 
    "15", "16", "17", "18", "19", "20", "22", "26", "27", "37"
    )), class = "table"), No.Tag = structure(c(0L, 2L, 82L, 1L, 
    0L, 0L, 0L, 0L, 0L, 0L, 0L, 0L, 0L, 0L, 0L, 0L, 0L, 5L, 0L, 
    0L), .Dim = 5:4, .Dimnames = structure(list(c("-2", "-1", 
    "0", "1", NA), c("A", "G", "T", NA)), .Names = c("", "")), class = "table"), 
    All.Tags = list(Concordant = list(Freqs = structure(c(1, 
    2, 375, 1, 0, 0, 0, 0, 0, 0, 0, 0), .Dim = 4:3, .Dimnames = list(
        c("-2", "-1", "0", "1"), c("A", "G", "T"))), N = 379), 
        Majority = list(Freqs = structure(c(1, 2, 473, 1, 0, 
        0, 0, 0, 0, 0, 0, 0), .Dim = 4:3, .Dimnames = list(c("-2", 
        "-1", "0", "1"), c("A", "G", "T"))), N = 477)), `2` = structure(c(0, 
    0, 379, 0, 0, 0, 0, 0, 0, 0, 0, 0), .Dim = 4:3, .Dimnames = list(
        c("-2", "-1", "0", "1"), c("A", "G", "T"))))))
