Results <-
list(`bwa.out//20220204//Control19_S12.sam` = list(LR40_SNP1 = list(
    All = list(Freqs = structure(c(0L, 1L, 0L, 0L, 52L, 3015L, 
    19L, 1L, 0L, 8L, 0L, 0L), .Dim = 4:3, .Dimnames = structure(list(
        c("-1", "0", "1", NA), c("A", "C", NA)), .Names = c("", 
    "")), class = "table"), N = 3096L), Tag.Distribution = structure(c(`1` = 104L, 
    `2` = 57L, `3` = 46L, `4` = 48L, `5` = 39L, `6` = 30L, `7` = 35L, 
    `8` = 26L, `9` = 24L, `10` = 16L, `11` = 15L, `12` = 10L, 
    `13` = 8L, `14` = 9L, `15` = 6L, `16` = 4L, `17` = 8L, `18` = 3L, 
    `19` = 2L, `20` = 2L, `21` = 2L, `22` = 1L, `24` = 2L, `25` = 1L, 
    `26` = 1L, `28` = 1L, `30` = 1L, `33` = 1L, `34` = 1L, `40` = 1L
    ), .Dim = 30L, .Dimnames = list(TagUsage = c("1", "2", "3", 
    "4", "5", "6", "7", "8", "9", "10", "11", "12", "13", "14", 
    "15", "16", "17", "18", "19", "20", "21", "22", "24", "25", 
    "26", "28", "30", "33", "34", "40")), class = "table"), No.Tag = structure(c(0L, 
    0L, 0L, 0L, 0L, 79L, 0L, 0L, 0L, 0L, 0L, 0L), .Dim = 4:3, .Dimnames = structure(list(
        c("-1", "0", "1", NA), c("A", "C", NA)), .Names = c("", 
    "")), class = "table"), All.Tags = list(Concordant = list(
        Freqs = structure(c(0, 0, 0, 3, 445, 2), .Dim = 3:2, .Dimnames = list(
            c("-1", "0", "1"), c("A", "C"))), N = 450), Majority = list(
        Freqs = structure(c(0, 0, 0, 4, 496, 2), .Dim = 3:2, .Dimnames = list(
            c("-1", "0", "1"), c("A", "C"))), N = 502)), `2` = structure(c(0, 
    0, 0, 1, 397, 1), .Dim = 3:2, .Dimnames = list(c("-1", "0", 
    "1"), c("A", "C"))))))
