Results <-
list(`bwa.out//20220204//BlindCMMRD85_S44.sam` = list(IM16_SNP1 = list(
    All = list(Freqs = structure(c(0L, 2L, 0L, 0L, 0L, 0L, 1L, 
    0L, 0L, 0L, 47L, 4010L, 57L, 1L, 2L, 0L, 1L, 0L, 0L, 0L, 
    0L, 55L, 4L, 0L, 0L), .Dim = c(5L, 5L), .Dimnames = structure(list(
        c("-1", "0", "1", "2", NA), c("A", "C", "G", "T", NA)), .Names = c("", 
    "")), class = "table"), N = 4180L), Tag.Distribution = structure(c(`1` = 131L, 
    `2` = 69L, `3` = 53L, `4` = 50L, `5` = 49L, `6` = 36L, `7` = 25L, 
    `8` = 36L, `9` = 14L, `10` = 23L, `11` = 20L, `12` = 12L, 
    `13` = 9L, `14` = 14L, `15` = 14L, `16` = 12L, `17` = 7L, 
    `18` = 7L, `19` = 6L, `20` = 6L, `21` = 4L, `22` = 6L, `23` = 4L, 
    `24` = 1L, `25` = 3L, `29` = 1L, `30` = 2L, `31` = 1L, `32` = 1L, 
    `33` = 1L), .Dim = 30L, .Dimnames = list(TagUsage = c("1", 
    "2", "3", "4", "5", "6", "7", "8", "9", "10", "11", "12", 
    "13", "14", "15", "16", "17", "18", "19", "20", "21", "22", 
    "23", "24", "25", "29", "30", "31", "32", "33")), class = "table"), 
    No.Tag = structure(c(0L, 0L, 0L, 0L, 0L, 0L, 0L, 0L, 0L, 
    0L, 1L, 108L, 2L, 0L, 0L, 0L, 0L, 0L, 0L, 0L, 0L, 11L, 0L, 
    0L, 0L), .Dim = c(5L, 5L), .Dimnames = structure(list(c("-1", 
    "0", "1", "2", NA), c("A", "C", "G", "T", NA)), .Names = c("", 
    "")), class = "table"), All.Tags = list(Concordant = list(
        Freqs = structure(c(0, 2, 0, 0, 0, 0, 0, 0, 1, 530, 3, 
        0, 0, 0, 0, 0), .Dim = c(4L, 4L), .Dimnames = list(c("-1", 
        "0", "1", "2"), c("A", "C", "G", "T"))), N = 536), Majority = list(
        Freqs = structure(c(0, 2, 0, 0, 0, 0, 0, 0, 2, 597, 4, 
        0, 0, 0, 0, 0), .Dim = c(4L, 4L), .Dimnames = list(c("-1", 
        "0", "1", "2"), c("A", "C", "G", "T"))), N = 605)), `2` = structure(c(0, 
    0, 0, 0, 0, 0, 0, 0, 1, 475, 1, 0, 0, 0, 0, 0), .Dim = c(4L, 
    4L), .Dimnames = list(c("-1", "0", "1", "2"), c("A", "C", 
    "G", "T"))))))
