Results <-
list(`bwa.out//20220204//Control20_S13.sam` = list(GM22_SNP1 = list(
    All = list(Freqs = structure(c(1L, 44L, 3827L, 12L, 9L, 0L, 
    0L, 3L, 0L, 0L, 0L, 0L, 39L, 0L, 0L), .Dim = c(5L, 3L), .Dimnames = structure(list(
        c("-2", "-1", "0", "1", NA), c("A", "G", NA)), .Names = c("", 
    "")), class = "table"), N = 3935L), Tag.Distribution = structure(c(`1` = 134L, 
    `2` = 48L, `3` = 37L, `4` = 35L, `5` = 36L, `6` = 35L, `7` = 23L, 
    `8` = 23L, `9` = 18L, `10` = 11L, `11` = 13L, `12` = 11L, 
    `13` = 12L, `14` = 7L, `15` = 9L, `16` = 10L, `17` = 5L, 
    `18` = 8L, `19` = 7L, `20` = 9L, `21` = 7L, `22` = 5L, `23` = 7L, 
    `24` = 4L, `25` = 3L, `26` = 2L, `28` = 1L, `29` = 2L, `30` = 2L, 
    `31` = 1L, `33` = 1L, `34` = 2L, `35` = 2L), .Dim = 33L, .Dimnames = list(
        TagUsage = c("1", "2", "3", "4", "5", "6", "7", "8", 
        "9", "10", "11", "12", "13", "14", "15", "16", "17", 
        "18", "19", "20", "21", "22", "23", "24", "25", "26", 
        "28", "29", "30", "31", "33", "34", "35")), class = "table"), 
    No.Tag = structure(c(0L, 1L, 85L, 0L, 1L, 0L, 0L, 0L, 0L, 
    0L, 0L, 0L, 5L, 0L, 0L), .Dim = c(5L, 3L), .Dimnames = structure(list(
        c("-2", "-1", "0", "1", NA), c("A", "G", NA)), .Names = c("", 
    "")), class = "table"), All.Tags = list(Concordant = list(
        Freqs = structure(c(0, 1, 469, 0, 0, 0, 2, 0), .Dim = c(4L, 
        2L), .Dimnames = list(c("-2", "-1", "0", "1"), c("A", 
        "G"))), N = 472), Majority = list(Freqs = structure(c(0, 
    1, 518, 0, 0, 0, 2, 0), .Dim = c(4L, 2L), .Dimnames = list(
        c("-2", "-1", "0", "1"), c("A", "G"))), N = 521)), `2` = structure(c(0, 
    0, 394, 0, 0, 0, 0, 0), .Dim = c(4L, 2L), .Dimnames = list(
        c("-2", "-1", "0", "1"), c("A", "G"))))))
