Results <-
list(`bwa.out//20220204//Control18_S11.sam` = list(GM11_SNP1 = list(
    All = list(Freqs = structure(c(4L, 1350L, 3L, 1L, 0L, 28L, 
    1478L, 6L, 0L, 3L, 0L, 26L, 0L, 0L, 0L), .Dim = c(5L, 3L), .Dimnames = structure(list(
        c("-1", "0", "1", "2", NA), c("A", "G", NA)), .Names = c("", 
    "")), class = "table"), N = 2899L), Tag.Distribution = structure(c(`1` = 99L, 
    `2` = 34L, `3` = 47L, `4` = 25L, `5` = 39L, `6` = 17L, `7` = 19L, 
    `8` = 20L, `9` = 15L, `10` = 11L, `11` = 12L, `12` = 10L, 
    `13` = 6L, `14` = 10L, `15` = 11L, `16` = 6L, `17` = 2L, 
    `18` = 5L, `19` = 3L, `20` = 4L, `21` = 3L, `22` = 4L, `23` = 5L, 
    `24` = 5L, `25` = 1L, `27` = 1L, `28` = 1L, `29` = 1L, `31` = 2L, 
    `32` = 1L), .Dim = 30L, .Dimnames = list(TagUsage = c("1", 
    "2", "3", "4", "5", "6", "7", "8", "9", "10", "11", "12", 
    "13", "14", "15", "16", "17", "18", "19", "20", "21", "22", 
    "23", "24", "25", "27", "28", "29", "31", "32")), class = "table"), 
    No.Tag = structure(c(0L, 45L, 0L, 0L, 0L, 0L, 24L, 1L, 0L, 
    0L, 0L, 5L, 0L, 0L, 0L), .Dim = c(5L, 3L), .Dimnames = structure(list(
        c("-1", "0", "1", "2", NA), c("A", "G", NA)), .Names = c("", 
    "")), class = "table"), All.Tags = list(Concordant = list(
        Freqs = structure(c(0, 189, 0, 0, 0, 188, 0, 0), .Dim = c(4L, 
        2L), .Dimnames = list(c("-1", "0", "1", "2"), c("A", 
        "G"))), N = 377), Majority = list(Freqs = structure(c(0, 
    201, 0, 0, 1, 213, 0, 0), .Dim = c(4L, 2L), .Dimnames = list(
        c("-1", "0", "1", "2"), c("A", "G"))), N = 415)), `2` = structure(c(0, 
    154, 0, 0, 1, 163, 0, 0), .Dim = c(4L, 2L), .Dimnames = list(
        c("-1", "0", "1", "2"), c("A", "G"))))))
