Results <-
list(`bwa.out//20220204//BlindCMMRD77_S36.sam` = list(LR36_SNP1 = list(
    All = list(Freqs = structure(c(1L, 2L, 24L, 1243L, 9L, 7L, 
    0L, 0L, 35L, 1285L, 8L, 4L, 0L, 0L, 1L, 78L, 1L, 0L), .Dim = c(6L, 
    3L), .Dimnames = structure(list(c("-3", "-2", "-1", "0", 
    "1", NA), c("A", "T", NA)), .Names = c("", "")), class = "table"), 
        N = 2698L), Tag.Distribution = structure(c(`1` = 77L, 
    `2` = 50L, `3` = 36L, `4` = 33L, `5` = 39L, `6` = 28L, `7` = 21L, 
    `8` = 19L, `9` = 25L, `10` = 21L, `11` = 13L, `12` = 11L, 
    `13` = 6L, `14` = 5L, `15` = 5L, `16` = 6L, `17` = 2L, `18` = 5L, 
    `19` = 3L, `20` = 6L, `21` = 1L, `24` = 1L, `26` = 1L, `28` = 1L, 
    `29` = 1L, `31` = 1L), .Dim = 26L, .Dimnames = list(TagUsage = c("1", 
    "2", "3", "4", "5", "6", "7", "8", "9", "10", "11", "12", 
    "13", "14", "15", "16", "17", "18", "19", "20", "21", "24", 
    "26", "28", "29", "31")), class = "table"), No.Tag = structure(c(0L, 
    0L, 1L, 58L, 1L, 0L, 0L, 0L, 0L, 62L, 0L, 2L, 0L, 0L, 0L, 
    6L, 0L, 0L), .Dim = c(6L, 3L), .Dimnames = structure(list(
        c("-3", "-2", "-1", "0", "1", NA), c("A", "T", NA)), .Names = c("", 
    "")), class = "table"), All.Tags = list(Concordant = list(
        Freqs = structure(c(0, 0, 2, 171, 0, 0, 0, 1, 166, 0), .Dim = c(5L, 
        2L), .Dimnames = list(c("-3", "-2", "-1", "0", "1"), 
            c("A", "T"))), N = 340), Majority = list(Freqs = structure(c(0, 
    0, 2, 197, 0, 0, 0, 1, 208, 0), .Dim = c(5L, 2L), .Dimnames = list(
        c("-3", "-2", "-1", "0", "1"), c("A", "T"))), N = 408)), 
    `2` = structure(c(0, 0, 0, 163, 0, 0, 0, 0, 173, 0), .Dim = c(5L, 
    2L), .Dimnames = list(c("-3", "-2", "-1", "0", "1"), c("A", 
    "T"))))))
