Results <-
list(`bwa.out//20220204//BlindCMMRD65_S24.sam` = list(GM07_SNP1 = list(
    All = list(Freqs = structure(c(0L, 0L, 2L, 0L, 0L, 2L, 311L, 
    4047L, 115L, 42L, 0L, 1L, 5L, 0L, 0L, 0L, 0L, 1L, 0L, 0L, 
    0L, 1L, 36L, 0L, 0L), .Dim = c(5L, 5L), .Dimnames = structure(list(
        c("-2", "-1", "0", "1", NA), c("-", "A", "G", "T", NA
        )), .Names = c("", "")), class = "table"), N = 4563L), 
    Tag.Distribution = structure(c(`1` = 114L, `2` = 61L, `3` = 53L, 
    `4` = 54L, `5` = 41L, `6` = 36L, `7` = 53L, `8` = 33L, `9` = 28L, 
    `10` = 31L, `11` = 18L, `12` = 21L, `13` = 12L, `14` = 9L, 
    `15` = 17L, `16` = 7L, `17` = 8L, `18` = 4L, `19` = 3L, `20` = 4L, 
    `21` = 8L, `22` = 4L, `23` = 2L, `25` = 2L, `26` = 3L, `28` = 2L, 
    `29` = 3L, `32` = 2L), .Dim = 28L, .Dimnames = list(TagUsage = c("1", 
    "2", "3", "4", "5", "6", "7", "8", "9", "10", "11", "12", 
    "13", "14", "15", "16", "17", "18", "19", "20", "21", "22", 
    "23", "25", "26", "28", "29", "32")), class = "table"), No.Tag = structure(c(0L, 
    0L, 0L, 0L, 0L, 0L, 10L, 209L, 8L, 16L, 0L, 1L, 1L, 0L, 0L, 
    0L, 0L, 0L, 0L, 0L, 0L, 0L, 8L, 0L, 0L), .Dim = c(5L, 5L), .Dimnames = structure(list(
        c("-2", "-1", "0", "1", NA), c("-", "A", "G", "T", NA
        )), .Names = c("", "")), class = "table"), All.Tags = list(
        Concordant = list(Freqs = structure(c(0, 0, 0, 0, 0, 
        16, 403, 3, 0, 0, 4, 0, 0, 0, 0, 0), .Dim = c(4L, 4L), .Dimnames = list(
            c("-2", "-1", "0", "1"), c("-", "A", "G", "T"))), 
            N = 426), Majority = list(Freqs = structure(c(0, 
        0, 0, 0, 0, 21, 591, 4, 0, 0, 4, 0, 0, 0, 0, 0), .Dim = c(4L, 
        4L), .Dimnames = list(c("-2", "-1", "0", "1"), c("-", 
        "A", "G", "T"))), N = 620)), `2` = structure(c(0, 0, 
    0, 0, 0, 16, 492, 2, 0, 0, 0, 0, 0, 0, 0, 0), .Dim = c(4L, 
    4L), .Dimnames = list(c("-2", "-1", "0", "1"), c("-", "A", 
    "G", "T"))))))
