Results <-
list(`bwa.out//20220204//BlindCMMRD111_S37.sam` = list(GM22_SNP1 = list(
    All = list(Freqs = structure(c(2L, 38L, 2688L, 7L, 6L, 0L, 
    40L, 2243L, 3L, 6L, 0L, 0L, 47L, 0L, 0L), .Dim = c(5L, 3L
    ), .Dimnames = structure(list(c("-2", "-1", "0", "1", NA), 
        c("A", "G", NA)), .Names = c("", "")), class = "table"), 
        N = 5080L), Tag.Distribution = structure(c(`1` = 237L, 
    `2` = 183L, `3` = 173L, `4` = 140L, `5` = 108L, `6` = 89L, 
    `7` = 69L, `8` = 47L, `9` = 32L, `10` = 23L, `11` = 19L, 
    `12` = 11L, `13` = 14L, `14` = 6L, `15` = 7L, `17` = 2L, 
    `18` = 1L, `19` = 1L, `20` = 1L, `21` = 1L, `22` = 1L, `24` = 1L
    ), .Dim = 22L, .Dimnames = list(TagUsage = c("1", "2", "3", 
    "4", "5", "6", "7", "8", "9", "10", "11", "12", "13", "14", 
    "15", "17", "18", "19", "20", "21", "22", "24")), class = "table"), 
    No.Tag = structure(c(0L, 2L, 35L, 0L, 1L, 0L, 0L, 35L, 0L, 
    0L, 0L, 0L, 4L, 0L, 0L), .Dim = c(5L, 3L), .Dimnames = structure(list(
        c("-2", "-1", "0", "1", NA), c("A", "G", NA)), .Names = c("", 
    "")), class = "table"), All.Tags = list(Concordant = list(
        Freqs = structure(c(0, 1, 532, 1, 0, 1, 436, 0), .Dim = c(4L, 
        2L), .Dimnames = list(c("-2", "-1", "0", "1"), c("A", 
        "G"))), N = 971), Majority = list(Freqs = structure(c(0, 
    1, 623, 1, 0, 1, 505, 0), .Dim = c(4L, 2L), .Dimnames = list(
        c("-2", "-1", "0", "1"), c("A", "G"))), N = 1131)), `2` = structure(c(0, 
    0, 495, 0, 0, 0, 405, 0), .Dim = c(4L, 2L), .Dimnames = list(
        c("-2", "-1", "0", "1"), c("A", "G"))))))
