Results <-
list(`bwa.out//20220204//BlindCMMRD48_S8.sam` = list(GM26_SNP1 = list(
    All = list(Freqs = structure(c(18L, 1730L, 6L, 1L, 7L, 1651L, 
    5L, 3L, 0L, 1L, 0L, 0L, 1L, 33L, 0L, 0L), .Dim = c(4L, 4L
    ), .Dimnames = structure(list(c("-1", "0", "1", NA), c("A", 
    "G", "T", NA)), .Names = c("", "")), class = "table"), N = 3456L), 
    Tag.Distribution = structure(c(`1` = 80L, `2` = 23L, `3` = 12L, 
    `4` = 11L, `5` = 16L, `6` = 13L, `7` = 8L, `8` = 10L, `9` = 8L, 
    `10` = 11L, `11` = 8L, `12` = 12L, `13` = 11L, `14` = 10L, 
    `15` = 6L, `16` = 6L, `17` = 5L, `18` = 3L, `19` = 3L, `20` = 3L, 
    `21` = 3L, `22` = 4L, `23` = 3L, `24` = 1L, `25` = 7L, `26` = 5L, 
    `27` = 4L, `28` = 5L, `30` = 2L, `31` = 3L, `32` = 1L, `33` = 1L, 
    `35` = 1L, `36` = 2L, `37` = 1L, `38` = 1L, `39` = 2L, `40` = 1L, 
    `42` = 1L, `44` = 1L, `45` = 1L, `46` = 1L, `47` = 1L, `48` = 1L, 
    `49` = 1L, `59` = 1L, `66` = 1L), .Dim = 47L, .Dimnames = list(
        TagUsage = c("1", "2", "3", "4", "5", "6", "7", "8", 
        "9", "10", "11", "12", "13", "14", "15", "16", "17", 
        "18", "19", "20", "21", "22", "23", "24", "25", "26", 
        "27", "28", "30", "31", "32", "33", "35", "36", "37", 
        "38", "39", "40", "42", "44", "45", "46", "47", "48", 
        "49", "59", "66")), class = "table"), No.Tag = structure(c(0L, 
    19L, 0L, 0L, 0L, 36L, 0L, 0L, 0L, 0L, 0L, 0L, 0L, 1L, 0L, 
    0L), .Dim = c(4L, 4L), .Dimnames = structure(list(c("-1", 
    "0", "1", NA), c("A", "G", "T", NA)), .Names = c("", "")), class = "table"), 
    All.Tags = list(Concordant = list(Freqs = structure(c(0, 
    139, 1, 0, 134, 0, 0, 0, 0), .Dim = c(3L, 3L), .Dimnames = list(
        c("-1", "0", "1"), c("A", "G", "T"))), N = 274), Majority = list(
        Freqs = structure(c(0, 160, 1, 0, 148, 0, 0, 0, 0), .Dim = c(3L, 
        3L), .Dimnames = list(c("-1", "0", "1"), c("A", "G", 
        "T"))), N = 309)), `2` = structure(c(0, 122, 0, 0, 113, 
    0, 0, 0, 0), .Dim = c(3L, 3L), .Dimnames = list(c("-1", "0", 
    "1"), c("A", "G", "T"))))))
