Results <-
list(`bwa.out//20220204//BlindCMMRD70_S29.sam` = list(GM26_SNP1 = list(
    All = list(Freqs = structure(c(13L, 1866L, 4L, 4L, 10L, 1752L, 
    7L, 3L, 1L, 30L, 0L, 0L), .Dim = 4:3, .Dimnames = structure(list(
        c("-1", "0", "1", NA), c("A", "G", NA)), .Names = c("", 
    "")), class = "table"), N = 3690L), Tag.Distribution = structure(c(`1` = 92L, 
    `2` = 42L, `3` = 45L, `4` = 27L, `5` = 22L, `6` = 17L, `7` = 16L, 
    `8` = 25L, `9` = 18L, `10` = 18L, `11` = 11L, `12` = 14L, 
    `13` = 13L, `14` = 8L, `15` = 8L, `16` = 7L, `17` = 9L, `18` = 8L, 
    `19` = 8L, `20` = 6L, `21` = 6L, `22` = 6L, `23` = 3L, `24` = 2L, 
    `25` = 2L, `26` = 2L, `27` = 3L, `29` = 1L, `30` = 3L, `31` = 1L, 
    `33` = 1L, `37` = 2L, `38` = 1L, `41` = 2L, `43` = 1L), .Dim = 35L, .Dimnames = list(
        TagUsage = c("1", "2", "3", "4", "5", "6", "7", "8", 
        "9", "10", "11", "12", "13", "14", "15", "16", "17", 
        "18", "19", "20", "21", "22", "23", "24", "25", "26", 
        "27", "29", "30", "31", "33", "37", "38", "41", "43")), class = "table"), 
    No.Tag = structure(c(0L, 43L, 0L, 0L, 0L, 11L, 0L, 0L, 0L, 
    2L, 0L, 0L), .Dim = 4:3, .Dimnames = structure(list(c("-1", 
    "0", "1", NA), c("A", "G", NA)), .Names = c("", "")), class = "table"), 
    All.Tags = list(Concordant = list(Freqs = structure(c(0, 
    196, 0, 0, 198, 0), .Dim = 3:2, .Dimnames = list(c("-1", 
    "0", "1"), c("A", "G"))), N = 394), Majority = list(Freqs = structure(c(0, 
    219, 0, 0, 222, 0), .Dim = 3:2, .Dimnames = list(c("-1", 
    "0", "1"), c("A", "G"))), N = 441)), `2` = structure(c(0, 
    177, 0, 0, 176, 0), .Dim = 3:2, .Dimnames = list(c("-1", 
    "0", "1"), c("A", "G"))))))
