Results <-
list(`bwa.out//20220204//Control28_S21.sam` = list(GM29_SNP1 = list(
    All = list(Freqs = structure(c(1L, 34L, 2696L, 7L, 5L, 0L, 
    0L, 2L, 0L, 0L, 0L, 0L, 12L, 0L, 0L), .Dim = c(5L, 3L), .Dimnames = structure(list(
        c("-2", "-1", "0", "1", NA), c("A", "G", NA)), .Names = c("", 
    "")), class = "table"), N = 2757L), Tag.Distribution = structure(c(`1` = 99L, 
    `2` = 57L, `3` = 39L, `4` = 27L, `5` = 31L, `6` = 31L, `7` = 29L, 
    `8` = 16L, `9` = 14L, `10` = 12L, `11` = 13L, `12` = 11L, 
    `13` = 5L, `14` = 9L, `15` = 6L, `16` = 4L, `17` = 2L, `18` = 7L, 
    `19` = 2L, `20` = 2L, `22` = 4L, `23` = 2L, `24` = 1L, `25` = 2L, 
    `26` = 1L, `30` = 1L, `31` = 1L, `48` = 1L, `49` = 1L, `50` = 1L
    ), .Dim = 30L, .Dimnames = list(TagUsage = c("1", "2", "3", 
    "4", "5", "6", "7", "8", "9", "10", "11", "12", "13", "14", 
    "15", "16", "17", "18", "19", "20", "22", "23", "24", "25", 
    "26", "30", "31", "48", "49", "50")), class = "table"), No.Tag = structure(c(0L, 
    2L, 95L, 0L, 1L, 0L, 0L, 0L, 0L, 0L, 0L, 0L, 3L, 0L, 0L), .Dim = c(5L, 
    3L), .Dimnames = structure(list(c("-2", "-1", "0", "1", NA
    ), c("A", "G", NA)), .Names = c("", "")), class = "table"), 
    All.Tags = list(Concordant = list(Freqs = structure(c(1, 
    0, 394, 0, 0, 0, 1, 0), .Dim = c(4L, 2L), .Dimnames = list(
        c("-2", "-1", "0", "1"), c("A", "G"))), N = 396), Majority = list(
        Freqs = structure(c(1, 0, 427, 0, 0, 0, 1, 0), .Dim = c(4L, 
        2L), .Dimnames = list(c("-2", "-1", "0", "1"), c("A", 
        "G"))), N = 429)), `2` = structure(c(0, 0, 330, 0, 0, 
    0, 0, 0), .Dim = c(4L, 2L), .Dimnames = list(c("-2", "-1", 
    "0", "1"), c("A", "G"))))))
