Results <-
list(`bwa.out//20220204//BlindCMMRD73_S32.sam` = list(LR52_SNP1 = list(
    All = list(Freqs = structure(c(0L, 0L, 0L, 1L, 0L, 0L, 1L, 
    1L, 1L, 3L, 0L, 0L, 1L, 27L, 364L, 3793L, 38L, 44L, 0L, 0L, 
    5L, 189L, 2L, 0L), .Dim = c(6L, 4L), .Dimnames = structure(list(
        c("-3", "-2", "-1", "0", "1", NA), c("A", "C", "T", NA
        )), .Names = c("", "")), class = "table"), N = 4470L), 
    Tag.Distribution = structure(c(`1` = 91L, `2` = 59L, `3` = 51L, 
    `4` = 36L, `5` = 44L, `6` = 31L, `7` = 31L, `8` = 25L, `9` = 23L, 
    `10` = 26L, `11` = 13L, `12` = 19L, `13` = 11L, `14` = 13L, 
    `15` = 8L, `16` = 10L, `17` = 6L, `18` = 10L, `19` = 9L, 
    `20` = 7L, `21` = 6L, `22` = 5L, `23` = 6L, `24` = 5L, `25` = 4L, 
    `26` = 1L, `27` = 1L, `28` = 3L, `29` = 2L, `30` = 1L, `31` = 1L, 
    `32` = 2L, `36` = 2L, `42` = 1L), .Dim = 34L, .Dimnames = list(
        TagUsage = c("1", "2", "3", "4", "5", "6", "7", "8", 
        "9", "10", "11", "12", "13", "14", "15", "16", "17", 
        "18", "19", "20", "21", "22", "23", "24", "25", "26", 
        "27", "28", "29", "30", "31", "32", "36", "42")), class = "table"), 
    No.Tag = structure(c(0L, 0L, 0L, 0L, 0L, 0L, 0L, 0L, 0L, 
    0L, 0L, 0L, 1L, 1L, 6L, 64L, 1L, 0L, 0L, 0L, 0L, 4L, 0L, 
    0L), .Dim = c(6L, 4L), .Dimnames = structure(list(c("-3", 
    "-2", "-1", "0", "1", NA), c("A", "C", "T", NA)), .Names = c("", 
    "")), class = "table"), All.Tags = list(Concordant = list(
        Freqs = structure(c(0, 0, 0, 0, 0, 1, 1, 1, 3, 0, 0, 
        1, 11, 294, 0), .Dim = c(5L, 3L), .Dimnames = list(c("-3", 
        "-2", "-1", "0", "1"), c("A", "C", "T"))), N = 312), 
        Majority = list(Freqs = structure(c(0, 0, 0, 0, 0, 1, 
        1, 1, 3, 0, 0, 1, 17, 509, 1), .Dim = c(5L, 3L), .Dimnames = list(
            c("-3", "-2", "-1", "0", "1"), c("A", "C", "T"))), 
            N = 534)), `2` = structure(c(0, 0, 0, 0, 0, 0, 0, 
    0, 0, 0, 0, 0, 9, 446, 1), .Dim = c(5L, 3L), .Dimnames = list(
        c("-3", "-2", "-1", "0", "1"), c("A", "C", "T"))))))
