Results <-
list(`bwa.out//20220204//BlindCMMRD70_S29.sam` = list(GM22_SNP1 = list(
    All = list(Freqs = structure(c(68L, 5538L, 25L, 14L, 0L, 
    1L, 0L, 0L, 0L, 1L, 0L, 0L, 0L, 46L, 1L, 0L), .Dim = c(4L, 
    4L), .Dimnames = structure(list(c("-1", "0", "1", NA), c("A", 
    "G", "T", NA)), .Names = c("", "")), class = "table"), N = 5694L), 
    Tag.Distribution = structure(c(`1` = 127L, `2` = 43L, `3` = 37L, 
    `4` = 35L, `5` = 33L, `6` = 29L, `7` = 29L, `8` = 23L, `9` = 20L, 
    `10` = 20L, `11` = 17L, `12` = 13L, `13` = 21L, `14` = 10L, 
    `15` = 11L, `16` = 10L, `17` = 13L, `18` = 7L, `19` = 4L, 
    `20` = 5L, `21` = 9L, `22` = 5L, `23` = 6L, `24` = 4L, `25` = 2L, 
    `26` = 2L, `27` = 11L, `28` = 5L, `29` = 8L, `30` = 3L, `31` = 3L, 
    `32` = 3L, `33` = 1L, `34` = 4L, `35` = 3L, `36` = 2L, `37` = 2L, 
    `38` = 1L, `39` = 1L, `40` = 1L, `41` = 1L, `42` = 2L, `43` = 2L, 
    `45` = 1L), .Dim = 44L, .Dimnames = list(TagUsage = c("1", 
    "2", "3", "4", "5", "6", "7", "8", "9", "10", "11", "12", 
    "13", "14", "15", "16", "17", "18", "19", "20", "21", "22", 
    "23", "24", "25", "26", "27", "28", "29", "30", "31", "32", 
    "33", "34", "35", "36", "37", "38", "39", "40", "41", "42", 
    "43", "45")), class = "table"), No.Tag = structure(c(2L, 
    136L, 0L, 1L, 0L, 0L, 0L, 0L, 0L, 0L, 0L, 0L, 0L, 5L, 0L, 
    0L), .Dim = c(4L, 4L), .Dimnames = structure(list(c("-1", 
    "0", "1", NA), c("A", "G", "T", NA)), .Names = c("", "")), class = "table"), 
    All.Tags = list(Concordant = list(Freqs = structure(c(1, 
    504, 0, 0, 1, 0, 0, 0, 0), .Dim = c(3L, 3L), .Dimnames = list(
        c("-1", "0", "1"), c("A", "G", "T"))), N = 506), Majority = list(
        Freqs = structure(c(1, 573, 0, 0, 1, 0, 0, 0, 0), .Dim = c(3L, 
        3L), .Dimnames = list(c("-1", "0", "1"), c("A", "G", 
        "T"))), N = 575)), `2` = structure(c(0, 459, 0, 0, 0, 
    0, 0, 0, 0), .Dim = c(3L, 3L), .Dimnames = list(c("-1", "0", 
    "1"), c("A", "G", "T"))))))
