Results <-
list(`bwa.out//20220204//BlindCMMRD99_S58.sam` = list(GM22_SNP1 = list(
    All = list(Freqs = structure(c(2L, 86L, 5124L, 16L, 8L, 0L, 
    3L, 49L, 0L, 0L), .Dim = c(5L, 2L), .Dimnames = structure(list(
        c("-2", "-1", "0", "1", NA), c("A", NA)), .Names = c("", 
    "")), class = "table"), N = 5288L), Tag.Distribution = structure(c(`1` = 148L, 
    `2` = 63L, `3` = 69L, `4` = 46L, `5` = 39L, `6` = 40L, `7` = 25L, 
    `8` = 38L, `9` = 22L, `10` = 24L, `11` = 17L, `12` = 18L, 
    `13` = 15L, `14` = 18L, `15` = 14L, `16` = 11L, `17` = 7L, 
    `18` = 8L, `19` = 6L, `20` = 5L, `21` = 8L, `22` = 8L, `23` = 6L, 
    `24` = 8L, `25` = 4L, `26` = 3L, `27` = 4L, `28` = 5L, `29` = 2L, 
    `32` = 1L, `33` = 1L, `34` = 1L, `35` = 2L, `41` = 1L, `54` = 1L
    ), .Dim = 35L, .Dimnames = list(TagUsage = c("1", "2", "3", 
    "4", "5", "6", "7", "8", "9", "10", "11", "12", "13", "14", 
    "15", "16", "17", "18", "19", "20", "21", "22", "23", "24", 
    "25", "26", "27", "28", "29", "32", "33", "34", "35", "41", 
    "54")), class = "table"), No.Tag = structure(c(0L, 3L, 123L, 
    1L, 2L, 0L, 0L, 7L, 0L, 0L), .Dim = c(5L, 2L), .Dimnames = structure(list(
        c("-2", "-1", "0", "1", NA), c("A", NA)), .Names = c("", 
    "")), class = "table"), All.Tags = list(Concordant = list(
        Freqs = structure(c(0, 3, 595, 0), .Dim = c(4L, 1L), .Dimnames = list(
            c("-2", "-1", "0", "1"), "A")), N = 598), Majority = list(
        Freqs = structure(c(0, 3, 680, 0), .Dim = c(4L, 1L), .Dimnames = list(
            c("-2", "-1", "0", "1"), "A")), N = 683)), `2` = structure(c(0, 
    0, 536, 0), .Dim = c(4L, 1L), .Dimnames = list(c("-2", "-1", 
    "0", "1"), "A")))))
