Results <-
list(`bwa.out//20220204//MLPA80_S12.sam` = list(GM11_SNP1 = list(
    All = list(Freqs = structure(c(9L, 2727L, 7L, 1L, 18L, 2514L, 
    7L, 2L, 0L, 35L, 0L, 0L), .Dim = 4:3, .Dimnames = structure(list(
        c("-1", "0", "1", NA), c("A", "G", NA)), .Names = c("", 
    "")), class = "table"), N = 5320L), Tag.Distribution = structure(c(`1` = 132L, 
    `2` = 84L, `3` = 76L, `4` = 53L, `5` = 45L, `6` = 55L, `7` = 34L, 
    `8` = 21L, `9` = 26L, `10` = 22L, `11` = 12L, `12` = 23L, 
    `13` = 19L, `14` = 14L, `15` = 11L, `16` = 9L, `17` = 8L, 
    `18` = 10L, `19` = 7L, `20` = 5L, `21` = 6L, `22` = 7L, `23` = 7L, 
    `24` = 5L, `25` = 2L, `26` = 3L, `27` = 7L, `28` = 3L, `29` = 3L, 
    `30` = 1L, `31` = 1L, `33` = 1L, `35` = 1L, `37` = 1L, `41` = 1L, 
    `42` = 1L, `44` = 1L, `49` = 1L), .Dim = 38L, .Dimnames = list(
        TagUsage = c("1", "2", "3", "4", "5", "6", "7", "8", 
        "9", "10", "11", "12", "13", "14", "15", "16", "17", 
        "18", "19", "20", "21", "22", "23", "24", "25", "26", 
        "27", "28", "29", "30", "31", "33", "35", "37", "41", 
        "42", "44", "49")), class = "table"), No.Tag = structure(c(0L, 
    41L, 0L, 0L, 1L, 23L, 0L, 0L, 0L, 0L, 0L, 0L), .Dim = 4:3, .Dimnames = structure(list(
        c("-1", "0", "1", NA), c("A", "G", NA)), .Names = c("", 
    "")), class = "table"), All.Tags = list(Concordant = list(
        Freqs = structure(c(0, 323, 1, 0, 295, 0), .Dim = 3:2, .Dimnames = list(
            c("-1", "0", "1"), c("A", "G"))), N = 619), Majority = list(
        Freqs = structure(c(0, 364, 1, 0, 342, 0), .Dim = 3:2, .Dimnames = list(
            c("-1", "0", "1"), c("A", "G"))), N = 707)), `2` = structure(c(0, 
    295, 1, 0, 282, 0), .Dim = 3:2, .Dimnames = list(c("-1", 
    "0", "1"), c("A", "G"))))))
