Results <-
list(`bwa.out//20220204//MLPA80_S12.sam` = list(GM01_SNP1 = list(
    All = list(Freqs = structure(c(47L, 5077L, 18L, 7L, 0L, 4L, 
    0L, 0L, 2L, 74L, 1L, 0L), .Dim = 4:3, .Dimnames = structure(list(
        c("-1", "0", "1", NA), c("A", "G", NA)), .Names = c("", 
    "")), class = "table"), N = 5230L), Tag.Distribution = structure(c(`1` = 181L, 
    `2` = 79L, `3` = 79L, `4` = 67L, `5` = 51L, `6` = 60L, `7` = 47L, 
    `8` = 37L, `9` = 23L, `10` = 25L, `11` = 14L, `12` = 20L, 
    `13` = 15L, `14` = 20L, `15` = 11L, `16` = 14L, `17` = 8L, 
    `18` = 9L, `19` = 6L, `20` = 4L, `21` = 6L, `22` = 4L, `23` = 5L, 
    `24` = 2L, `25` = 3L, `26` = 1L, `28` = 5L, `29` = 1L, `30` = 3L, 
    `31` = 1L, `32` = 1L, `37` = 1L, `40` = 1L), .Dim = 33L, .Dimnames = list(
        TagUsage = c("1", "2", "3", "4", "5", "6", "7", "8", 
        "9", "10", "11", "12", "13", "14", "15", "16", "17", 
        "18", "19", "20", "21", "22", "23", "24", "25", "26", 
        "28", "29", "30", "31", "32", "37", "40")), class = "table"), 
    No.Tag = structure(c(2L, 58L, 0L, 0L, 0L, 0L, 0L, 0L, 0L, 
    2L, 0L, 0L), .Dim = 4:3, .Dimnames = structure(list(c("-1", 
    "0", "1", NA), c("A", "G", NA)), .Names = c("", "")), class = "table"), 
    All.Tags = list(Concordant = list(Freqs = structure(c(2, 
    738, 0, 0, 2, 0), .Dim = 3:2, .Dimnames = list(c("-1", "0", 
    "1"), c("A", "G"))), N = 742), Majority = list(Freqs = structure(c(3, 
    790, 0, 0, 2, 0), .Dim = 3:2, .Dimnames = list(c("-1", "0", 
    "1"), c("A", "G"))), N = 795)), `2` = structure(c(2, 620, 
    0, 0, 0, 0), .Dim = 3:2, .Dimnames = list(c("-1", "0", "1"
    ), c("A", "G"))))))
