Results <-
list(`bwa.out//20220204//Control14_S7.sam` = list(LR46_SNP1 = list(
    All = list(Freqs = structure(c(13L, 2869L, 14L, 7L, 0L, 2L, 
    0L, 0L, 0L, 9L, 0L, 0L), .Dim = 4:3, .Dimnames = structure(list(
        c("-1", "0", "1", NA), c("G", "T", NA)), .Names = c("", 
    "")), class = "table"), N = 2914L), Tag.Distribution = structure(c(`1` = 104L, 
    `2` = 29L, `3` = 27L, `4` = 24L, `5` = 13L, `6` = 15L, `7` = 11L, 
    `8` = 13L, `9` = 11L, `10` = 12L, `11` = 11L, `12` = 12L, 
    `13` = 7L, `14` = 7L, `15` = 10L, `16` = 7L, `17` = 3L, `18` = 9L, 
    `19` = 2L, `20` = 2L, `21` = 1L, `22` = 3L, `23` = 1L, `24` = 2L, 
    `25` = 5L, `26` = 2L, `27` = 3L, `28` = 1L, `29` = 1L, `30` = 1L, 
    `31` = 1L, `35` = 2L, `36` = 1L, `37` = 3L, `38` = 2L, `42` = 1L, 
    `46` = 1L), .Dim = 37L, .Dimnames = list(TagUsage = c("1", 
    "2", "3", "4", "5", "6", "7", "8", "9", "10", "11", "12", 
    "13", "14", "15", "16", "17", "18", "19", "20", "21", "22", 
    "23", "24", "25", "26", "27", "28", "29", "30", "31", "35", 
    "36", "37", "38", "42", "46")), class = "table"), No.Tag = structure(c(0L, 
    95L, 0L, 1L, 0L, 0L, 0L, 0L, 0L, 2L, 0L, 0L), .Dim = 4:3, .Dimnames = structure(list(
        c("-1", "0", "1", NA), c("G", "T", NA)), .Names = c("", 
    "")), class = "table"), All.Tags = list(Concordant = list(
        Freqs = structure(c(0, 335, 0, 0, 2, 0), .Dim = 3:2, .Dimnames = list(
            c("-1", "0", "1"), c("G", "T"))), N = 337), Majority = list(
        Freqs = structure(c(0, 353, 0, 0, 2, 0), .Dim = 3:2, .Dimnames = list(
            c("-1", "0", "1"), c("G", "T"))), N = 355)), `2` = structure(c(0, 
    256, 0, 0, 0, 0), .Dim = 3:2, .Dimnames = list(c("-1", "0", 
    "1"), c("G", "T"))))))
