Results <-
list(`bwa.out//20220204//BlindCMMRD114_S40.sam` = list(LR48_SNP1 = list(
    All = list(Freqs = structure(c(1L, 53L, 2026L, 20L, 0L, 8L, 
    2L, 57L, 1975L, 41L, 1L, 2L, 0L, 0L, 38L, 0L, 0L, 0L), .Dim = c(6L, 
    3L), .Dimnames = structure(list(c("-2", "-1", "0", "1", "2", 
    NA), c("C", "T", NA)), .Names = c("", "")), class = "table"), 
        N = 4224L), Tag.Distribution = structure(c(`1` = 41L, 
    `2` = 24L, `3` = 30L, `4` = 29L, `5` = 50L, `6` = 38L, `7` = 45L, 
    `8` = 40L, `9` = 26L, `10` = 28L, `11` = 23L, `12` = 24L, 
    `13` = 21L, `14` = 15L, `15` = 15L, `16` = 14L, `17` = 8L, 
    `18` = 5L, `19` = 6L, `20` = 3L, `21` = 5L, `23` = 2L, `26` = 1L, 
    `27` = 2L, `30` = 1L, `32` = 1L, `37` = 1L), .Dim = 27L, .Dimnames = list(
        TagUsage = c("1", "2", "3", "4", "5", "6", "7", "8", 
        "9", "10", "11", "12", "13", "14", "15", "16", "17", 
        "18", "19", "20", "21", "23", "26", "27", "30", "32", 
        "37")), class = "table"), No.Tag = structure(c(1L, 1L, 
    62L, 0L, 0L, 1L, 0L, 1L, 31L, 0L, 0L, 0L, 0L, 0L, 2L, 0L, 
    0L, 0L), .Dim = c(6L, 3L), .Dimnames = structure(list(c("-2", 
    "-1", "0", "1", "2", NA), c("C", "T", NA)), .Names = c("", 
    "")), class = "table"), All.Tags = list(Concordant = list(
        Freqs = structure(c(0, 0, 182, 0, 0, 0, 1, 176, 0, 0), .Dim = c(5L, 
        2L), .Dimnames = list(c("-2", "-1", "0", "1", "2"), c("C", 
        "T"))), N = 359), Majority = list(Freqs = structure(c(0, 
    1, 241, 0, 0, 0, 2, 245, 1, 0), .Dim = c(5L, 2L), .Dimnames = list(
        c("-2", "-1", "0", "1", "2"), c("C", "T"))), N = 490)), 
    `2` = structure(c(0, 1, 222, 0, 0, 0, 1, 227, 1, 0), .Dim = c(5L, 
    2L), .Dimnames = list(c("-2", "-1", "0", "1", "2"), c("C", 
    "T"))))))
