Results <-
list(`bwa.out//20220204//BlindCMMRD57_S16.sam` = list(LR40_SNP1 = list(
    All = list(Freqs = structure(c(0L, 1L, 0L, 0L, 70L, 4240L, 
    18L, 4L, 0L, 18L, 0L, 0L), .Dim = 4:3, .Dimnames = structure(list(
        c("-1", "0", "1", NA), c("A", "C", NA)), .Names = c("", 
    "")), class = "table"), N = 4351L), Tag.Distribution = structure(c(`1` = 111L, 
    `2` = 69L, `3` = 40L, `4` = 44L, `5` = 46L, `6` = 36L, `7` = 30L, 
    `8` = 26L, `9` = 22L, `10` = 22L, `11` = 15L, `12` = 17L, 
    `13` = 9L, `14` = 12L, `15` = 6L, `16` = 7L, `17` = 7L, `18` = 8L, 
    `19` = 5L, `20` = 5L, `21` = 1L, `22` = 3L, `23` = 7L, `24` = 6L, 
    `25` = 9L, `26` = 4L, `27` = 3L, `29` = 2L, `32` = 1L, `33` = 1L, 
    `41` = 1L, `44` = 1L, `45` = 2L), .Dim = 33L, .Dimnames = list(
        TagUsage = c("1", "2", "3", "4", "5", "6", "7", "8", 
        "9", "10", "11", "12", "13", "14", "15", "16", "17", 
        "18", "19", "20", "21", "22", "23", "24", "25", "26", 
        "27", "29", "32", "33", "41", "44", "45")), class = "table"), 
    No.Tag = structure(c(0L, 0L, 0L, 0L, 3L, 103L, 0L, 1L, 0L, 
    3L, 0L, 0L), .Dim = 4:3, .Dimnames = structure(list(c("-1", 
    "0", "1", NA), c("A", "C", NA)), .Names = c("", "")), class = "table"), 
    All.Tags = list(Concordant = list(Freqs = structure(c(0, 
    0, 0, 1, 523, 1), .Dim = 3:2, .Dimnames = list(c("-1", "0", 
    "1"), c("A", "C"))), N = 525), Majority = list(Freqs = structure(c(0, 
    0, 0, 3, 573, 1), .Dim = 3:2, .Dimnames = list(c("-1", "0", 
    "1"), c("A", "C"))), N = 577)), `2` = structure(c(0, 0, 0, 
    2, 464, 0), .Dim = 3:2, .Dimnames = list(c("-1", "0", "1"
    ), c("A", "C"))))))
