Results <-
list(`bwa.out//20220204//MLPA99_S13.sam` = list(LR40_SNP1 = list(
    All = list(Freqs = structure(c(0L, 1L, 0L, 0L, 62L, 5694L, 
    19L, 17L, 0L, 26L, 0L, 0L), .Dim = 4:3, .Dimnames = structure(list(
        c("-1", "0", "1", NA), c("A", "C", NA)), .Names = c("", 
    "")), class = "table"), N = 5819L), Tag.Distribution = structure(c(`1` = 83L, 
    `2` = 29L, `3` = 18L, `4` = 17L, `5` = 23L, `6` = 23L, `7` = 28L, 
    `8` = 16L, `9` = 28L, `10` = 29L, `11` = 22L, `12` = 19L, 
    `13` = 20L, `14` = 9L, `15` = 20L, `16` = 5L, `17` = 13L, 
    `18` = 13L, `19` = 12L, `20` = 8L, `21` = 6L, `22` = 7L, 
    `23` = 6L, `24` = 3L, `25` = 4L, `26` = 3L, `27` = 1L, `29` = 6L, 
    `30` = 1L, `31` = 3L, `33` = 3L, `34` = 2L, `35` = 2L, `36` = 1L, 
    `37` = 3L, `38` = 2L, `39` = 1L, `40` = 1L, `41` = 2L, `42` = 2L, 
    `43` = 1L, `44` = 2L, `45` = 1L, `49` = 2L, `51` = 1L, `53` = 1L, 
    `56` = 1L, `61` = 1L, `79` = 1L), .Dim = 49L, .Dimnames = list(
        TagUsage = c("1", "2", "3", "4", "5", "6", "7", "8", 
        "9", "10", "11", "12", "13", "14", "15", "16", "17", 
        "18", "19", "20", "21", "22", "23", "24", "25", "26", 
        "27", "29", "30", "31", "33", "34", "35", "36", "37", 
        "38", "39", "40", "41", "42", "43", "44", "45", "49", 
        "51", "53", "56", "61", "79")), class = "table"), No.Tag = structure(c(0L, 
    0L, 0L, 0L, 0L, 83L, 0L, 2L, 0L, 2L, 0L, 0L), .Dim = 4:3, .Dimnames = structure(list(
        c("-1", "0", "1", NA), c("A", "C", NA)), .Names = c("", 
    "")), class = "table"), All.Tags = list(Concordant = list(
        Freqs = structure(c(0, 0, 0, 1, 438, 0), .Dim = 3:2, .Dimnames = list(
            c("-1", "0", "1"), c("A", "C"))), N = 439), Majority = list(
        Freqs = structure(c(0, 0, 0, 1, 497, 1), .Dim = 3:2, .Dimnames = list(
            c("-1", "0", "1"), c("A", "C"))), N = 499)), `2` = structure(c(0, 
    0, 0, 0, 421, 1), .Dim = 3:2, .Dimnames = list(c("-1", "0", 
    "1"), c("A", "C"))))))
