Results <-
list(`bwa.out//20220204//17D0989_S8.sam` = list(LR24_SNP1 = list(
    All = list(Freqs = structure(c(9L, 3645L, 7L, 7L, 0L, 1L, 
    0L, 0L, 10L, 3465L, 10L, 2L, 0L, 2L, 0L, 0L, 0L, 63L, 1L, 
    0L), .Dim = 4:5, .Dimnames = structure(list(c("-1", "0", 
    "1", NA), c("A", "C", "G", "T", NA)), .Names = c("", "")), class = "table"), 
        N = 7222L), Tag.Distribution = structure(c(`1` = 287L, 
    `2` = 178L, `3` = 119L, `4` = 97L, `5` = 74L, `6` = 57L, 
    `7` = 64L, `8` = 59L, `9` = 36L, `10` = 37L, `11` = 29L, 
    `12` = 25L, `13` = 31L, `14` = 13L, `15` = 10L, `16` = 19L, 
    `17` = 11L, `18` = 8L, `19` = 17L, `20` = 6L, `21` = 7L, 
    `22` = 3L, `23` = 5L, `24` = 6L, `26` = 1L, `27` = 2L, `28` = 1L, 
    `29` = 3L, `32` = 1L, `35` = 1L, `39` = 1L, `40` = 1L, `52` = 1L, 
    `53` = 1L), .Dim = 34L, .Dimnames = list(TagUsage = c("1", 
    "2", "3", "4", "5", "6", "7", "8", "9", "10", "11", "12", 
    "13", "14", "15", "16", "17", "18", "19", "20", "21", "22", 
    "23", "24", "26", "27", "28", "29", "32", "35", "39", "40", 
    "52", "53")), class = "table"), No.Tag = structure(c(0L, 
    76L, 0L, 2L, 0L, 0L, 0L, 0L, 0L, 78L, 0L, 0L, 0L, 0L, 0L, 
    0L, 0L, 2L, 0L, 0L), .Dim = 4:5, .Dimnames = structure(list(
        c("-1", "0", "1", NA), c("A", "C", "G", "T", NA)), .Names = c("", 
    "")), class = "table"), All.Tags = list(Concordant = list(
        Freqs = structure(c(0, 533, 1, 0, 0, 0, 1, 500, 0, 0, 
        0, 0), .Dim = 3:4, .Dimnames = list(c("-1", "0", "1"), 
            c("A", "C", "G", "T"))), N = 1035), Majority = list(
        Freqs = structure(c(0, 601, 1, 0, 0, 0, 1, 568, 0, 0, 
        0, 0), .Dim = 3:4, .Dimnames = list(c("-1", "0", "1"), 
            c("A", "C", "G", "T"))), N = 1171)), `2` = structure(c(0, 
    465, 0, 0, 0, 0, 0, 433, 0, 0, 0, 0), .Dim = 3:4, .Dimnames = list(
        c("-1", "0", "1"), c("A", "C", "G", "T"))))))
