Results <-
list(`bwa.out//20220204//BlindCMMRD58_S17.sam` = list(LR20_SNP1 = list(
    All = list(Freqs = structure(c(35L, 2878L, 3L, 1L, 8L, 3086L, 
    3L, 2L, 0L, 25L, 1L, 0L), .Dim = 4:3, .Dimnames = structure(list(
        c("-1", "0", "1", NA), c("A", "G", NA)), .Names = c("", 
    "")), class = "table"), N = 6042L), Tag.Distribution = structure(c(`1` = 109L, 
    `2` = 26L, `3` = 15L, `4` = 17L, `5` = 15L, `6` = 14L, `7` = 15L, 
    `8` = 16L, `9` = 9L, `10` = 15L, `11` = 8L, `12` = 14L, `13` = 8L, 
    `14` = 8L, `15` = 8L, `16` = 8L, `17` = 7L, `18` = 3L, `19` = 7L, 
    `20` = 12L, `21` = 5L, `22` = 4L, `23` = 3L, `24` = 4L, `25` = 4L, 
    `26` = 5L, `27` = 4L, `28` = 3L, `29` = 3L, `30` = 1L, `31` = 3L, 
    `32` = 3L, `33` = 1L, `34` = 3L, `35` = 5L, `36` = 5L, `37` = 4L, 
    `38` = 1L, `39` = 5L, `40` = 4L, `41` = 3L, `42` = 3L, `47` = 1L, 
    `48` = 1L, `49` = 3L, `51` = 1L, `52` = 4L, `54` = 3L, `55` = 2L, 
    `56` = 1L, `57` = 2L, `62` = 1L, `72` = 1L, `76` = 1L, `77` = 1L, 
    `86` = 1L), .Dim = 56L, .Dimnames = list(TagUsage = c("1", 
    "2", "3", "4", "5", "6", "7", "8", "9", "10", "11", "12", 
    "13", "14", "15", "16", "17", "18", "19", "20", "21", "22", 
    "23", "24", "25", "26", "27", "28", "29", "30", "31", "32", 
    "33", "34", "35", "36", "37", "38", "39", "40", "41", "42", 
    "47", "48", "49", "51", "52", "54", "55", "56", "57", "62", 
    "72", "76", "77", "86")), class = "table"), No.Tag = structure(c(0L, 
    64L, 0L, 1L, 0L, 129L, 1L, 0L, 0L, 2L, 0L, 0L), .Dim = 4:3, .Dimnames = structure(list(
        c("-1", "0", "1", NA), c("A", "G", NA)), .Names = c("", 
    "")), class = "table"), All.Tags = list(Concordant = list(
        Freqs = structure(c(2, 185, 0, 0, 189, 0), .Dim = 3:2, .Dimnames = list(
            c("-1", "0", "1"), c("A", "G"))), N = 376), Majority = list(
        Freqs = structure(c(2, 211, 0, 0, 212, 0), .Dim = 3:2, .Dimnames = list(
            c("-1", "0", "1"), c("A", "G"))), N = 425)), `2` = structure(c(2, 
    156, 0, 0, 164, 0), .Dim = 3:2, .Dimnames = list(c("-1", 
    "0", "1"), c("A", "G"))))))
