Results <-
list(`bwa.out//20220204//Control30_S23.sam` = list(GM14_SNP1 = list(
    All = list(Freqs = structure(c(1L, 69L, 2015L, 26L, 7L, 0L, 
    0L, 1L, 0L, 0L, 0L, 0L, 21L, 0L, 0L), .Dim = c(5L, 3L), .Dimnames = structure(list(
        c("-2", "-1", "0", "1", NA), c("C", "T", NA)), .Names = c("", 
    "")), class = "table"), N = 2140L), Tag.Distribution = structure(c(`1` = 64L, 
    `2` = 30L, `3` = 30L, `4` = 23L, `5` = 19L, `6` = 22L, `7` = 23L, 
    `8` = 8L, `9` = 10L, `10` = 8L, `11` = 8L, `12` = 11L, `13` = 4L, 
    `14` = 3L, `15` = 3L, `16` = 3L, `17` = 3L, `18` = 5L, `19` = 3L, 
    `20` = 2L, `21` = 4L, `22` = 1L, `24` = 1L, `25` = 4L, `26` = 1L, 
    `27` = 2L, `28` = 1L, `29` = 1L, `31` = 3L, `36` = 1L), .Dim = 30L, .Dimnames = list(
        TagUsage = c("1", "2", "3", "4", "5", "6", "7", "8", 
        "9", "10", "11", "12", "13", "14", "15", "16", "17", 
        "18", "19", "20", "21", "22", "24", "25", "26", "27", 
        "28", "29", "31", "36")), class = "table"), No.Tag = structure(c(0L, 
    3L, 66L, 1L, 0L, 0L, 0L, 0L, 0L, 0L, 0L, 0L, 1L, 0L, 0L), .Dim = c(5L, 
    3L), .Dimnames = structure(list(c("-2", "-1", "0", "1", NA
    ), c("C", "T", NA)), .Names = c("", "")), class = "table"), 
    All.Tags = list(Concordant = list(Freqs = structure(c(0, 
    1, 243, 2, 0, 0, 1, 0), .Dim = c(4L, 2L), .Dimnames = list(
        c("-2", "-1", "0", "1"), c("C", "T"))), N = 247), Majority = list(
        Freqs = structure(c(0, 3, 292, 2, 0, 0, 1, 0), .Dim = c(4L, 
        2L), .Dimnames = list(c("-2", "-1", "0", "1"), c("C", 
        "T"))), N = 298)), `2` = structure(c(0, 3, 234, 0, 0, 
    0, 0, 0), .Dim = c(4L, 2L), .Dimnames = list(c("-2", "-1", 
    "0", "1"), c("C", "T"))))))
