Results <-
list(`bwa.out//20220204//Control20_S13.sam` = list(GM11_SNP1 = list(
    All = list(Freqs = structure(c(6L, 2311L, 4L, 1L, 14L, 2028L, 
    4L, 1L, 0L, 0L, 1L, 0L, 0L, 35L, 0L, 0L), .Dim = c(4L, 4L
    ), .Dimnames = structure(list(c("-1", "0", "1", NA), c("A", 
    "G", "T", NA)), .Names = c("", "")), class = "table"), N = 4405L), 
    Tag.Distribution = structure(c(`1` = 122L, `2` = 44L, `3` = 50L, 
    `4` = 40L, `5` = 35L, `6` = 36L, `7` = 24L, `8` = 33L, `9` = 23L, 
    `10` = 19L, `11` = 15L, `12` = 16L, `13` = 15L, `14` = 6L, 
    `15` = 6L, `16` = 12L, `17` = 11L, `18` = 10L, `19` = 10L, 
    `20` = 5L, `21` = 5L, `22` = 6L, `23` = 1L, `24` = 5L, `25` = 2L, 
    `26` = 3L, `27` = 2L, `28` = 3L, `29` = 3L, `32` = 1L, `33` = 1L, 
    `36` = 1L, `38` = 1L, `39` = 1L, `43` = 1L, `44` = 1L), .Dim = 36L, .Dimnames = list(
        TagUsage = c("1", "2", "3", "4", "5", "6", "7", "8", 
        "9", "10", "11", "12", "13", "14", "15", "16", "17", 
        "18", "19", "20", "21", "22", "23", "24", "25", "26", 
        "27", "28", "29", "32", "33", "36", "38", "39", "43", 
        "44")), class = "table"), No.Tag = structure(c(0L, 46L, 
    0L, 0L, 1L, 41L, 0L, 0L, 0L, 0L, 0L, 0L, 0L, 4L, 0L, 0L), .Dim = c(4L, 
    4L), .Dimnames = structure(list(c("-1", "0", "1", NA), c("A", 
    "G", "T", NA)), .Names = c("", "")), class = "table"), All.Tags = list(
        Concordant = list(Freqs = structure(c(0, 251, 0, 0, 253, 
        0, 0, 0, 0), .Dim = c(3L, 3L), .Dimnames = list(c("-1", 
        "0", "1"), c("A", "G", "T"))), N = 504), Majority = list(
            Freqs = structure(c(0, 274, 0, 0, 288, 0, 0, 0, 0
            ), .Dim = c(3L, 3L), .Dimnames = list(c("-1", "0", 
            "1"), c("A", "G", "T"))), N = 562)), `2` = structure(c(0, 
    223, 0, 0, 222, 0, 0, 0, 0), .Dim = c(3L, 3L), .Dimnames = list(
        c("-1", "0", "1"), c("A", "G", "T"))))))
