Results <-
list(`bwa.out//20220204//Control29_S22.sam` = list(IM49_SNP1 = list(
    All = list(Freqs = structure(c(0L, 0L, 3L, 0L, 0L, 0L, 1L, 
    64L, 2204L, 41L, 1L, 17L, 0L, 1L, 156L, 0L, 0L, 0L), .Dim = c(6L, 
    3L), .Dimnames = structure(list(c("-2", "-1", "0", "1", "2", 
    NA), c("C", "G", NA)), .Names = c("", "")), class = "table"), 
        N = 2488L), Tag.Distribution = structure(c(`1` = 201L, 
    `2` = 67L, `3` = 52L, `4` = 42L, `5` = 38L, `6` = 35L, `7` = 15L, 
    `8` = 19L, `9` = 22L, `10` = 15L, `11` = 12L, `12` = 11L, 
    `13` = 5L, `14` = 2L, `15` = 5L, `16` = 2L, `17` = 5L, `18` = 3L, 
    `20` = 3L, `22` = 2L, `23` = 3L), .Dim = 21L, .Dimnames = list(
        TagUsage = c("1", "2", "3", "4", "5", "6", "7", "8", 
        "9", "10", "11", "12", "13", "14", "15", "16", "17", 
        "18", "20", "22", "23")), class = "table"), No.Tag = structure(c(0L, 
    0L, 0L, 0L, 0L, 0L, 0L, 1L, 41L, 0L, 0L, 1L, 0L, 0L, 5L, 
    0L, 0L, 0L), .Dim = c(6L, 3L), .Dimnames = structure(list(
        c("-2", "-1", "0", "1", "2", NA), c("C", "G", NA)), .Names = c("", 
    "")), class = "table"), All.Tags = list(Concordant = list(
        Freqs = structure(c(0, 0, 3, 0, 0, 0, 4, 425, 5, 0), .Dim = c(5L, 
        2L), .Dimnames = list(c("-2", "-1", "0", "1", "2"), c("C", 
        "G"))), N = 437), Majority = list(Freqs = structure(c(0, 
    0, 3, 0, 0, 0, 6, 489, 5, 0), .Dim = c(5L, 2L), .Dimnames = list(
        c("-2", "-1", "0", "1", "2"), c("C", "G"))), N = 503)), 
    `2` = structure(c(0, 0, 0, 0, 0, 0, 3, 349, 1, 0), .Dim = c(5L, 
    2L), .Dimnames = list(c("-2", "-1", "0", "1", "2"), c("C", 
    "G"))))))
