Results <-
list(`bwa.out//20220204//16D2889_S4.sam` = list(GM22_SNP1 = list(
    All = list(Freqs = structure(c(2L, 52L, 4598L, 21L, 16L, 
    1L, 2L, 74L, 3L, 0L), .Dim = c(5L, 2L), .Dimnames = structure(list(
        c("-2", "-1", "0", "1", NA), c("A", NA)), .Names = c("", 
    "")), class = "table"), N = 4769L), Tag.Distribution = structure(c(`1` = 213L, 
    `2` = 95L, `3` = 104L, `4` = 63L, `5` = 48L, `6` = 61L, `7` = 38L, 
    `8` = 36L, `9` = 26L, `10` = 26L, `11` = 20L, `12` = 16L, 
    `13` = 12L, `14` = 16L, `15` = 10L, `16` = 12L, `17` = 7L, 
    `18` = 7L, `19` = 5L, `20` = 4L, `21` = 5L, `22` = 3L, `23` = 2L, 
    `24` = 2L, `26` = 1L, `27` = 1L, `28` = 1L, `33` = 1L, `36` = 1L, 
    `39` = 1L), .Dim = 30L, .Dimnames = list(TagUsage = c("1", 
    "2", "3", "4", "5", "6", "7", "8", "9", "10", "11", "12", 
    "13", "14", "15", "16", "17", "18", "19", "20", "21", "22", 
    "23", "24", "26", "27", "28", "33", "36", "39")), class = "table"), 
    No.Tag = structure(c(0L, 2L, 133L, 0L, 0L, 0L, 0L, 5L, 0L, 
    0L), .Dim = c(5L, 2L), .Dimnames = structure(list(c("-2", 
    "-1", "0", "1", NA), c("A", NA)), .Names = c("", "")), class = "table"), 
    All.Tags = list(Concordant = list(Freqs = structure(c(0, 
    5, 764, 1), .Dim = c(4L, 1L), .Dimnames = list(c("-2", "-1", 
    "0", "1"), "A")), N = 770), Majority = list(Freqs = structure(c(0, 
    5, 818, 1), .Dim = c(4L, 1L), .Dimnames = list(c("-2", "-1", 
    "0", "1"), "A")), N = 824)), `2` = structure(c(0, 1, 618, 
    1), .Dim = c(4L, 1L), .Dimnames = list(c("-2", "-1", "0", 
    "1"), "A")))))
