Results <-
list(`bwa.out//20220204//BlindCMMRD83_S42.sam` = list(LR11_SNP1 = list(
    All = list(Freqs = structure(c(0L, 0L, 1L, 0L, 0L, 0L, 1L, 
    81L, 2670L, 19L, 2L, 7L, 1L, 45L, 2286L, 11L, 0L, 6L, 0L, 
    0L, 1L, 0L, 0L, 0L, 0L, 0L, 1L, 0L, 0L, 0L, 0L, 2L, 83L, 
    2L, 0L, 0L), .Dim = c(6L, 6L), .Dimnames = structure(list(
        c("-2", "-1", "0", "1", "2", NA), c("-", "A", "C", "G", 
        "T", NA)), .Names = c("", "")), class = "table"), N = 5219L), 
    Tag.Distribution = structure(c(`1` = 100L, `2` = 63L, `3` = 37L, 
    `4` = 42L, `5` = 35L, `6` = 26L, `7` = 28L, `8` = 20L, `9` = 22L, 
    `10` = 20L, `11` = 17L, `12` = 15L, `13` = 12L, `14` = 13L, 
    `15` = 10L, `16` = 10L, `17` = 15L, `18` = 8L, `19` = 9L, 
    `20` = 4L, `21` = 5L, `22` = 9L, `23` = 9L, `24` = 8L, `25` = 8L, 
    `26` = 5L, `27` = 3L, `28` = 2L, `29` = 4L, `30` = 3L, `31` = 3L, 
    `32` = 1L, `33` = 1L, `36` = 1L, `38` = 2L, `39` = 1L, `43` = 1L, 
    `48` = 2L, `52` = 1L), .Dim = 39L, .Dimnames = list(TagUsage = c("1", 
    "2", "3", "4", "5", "6", "7", "8", "9", "10", "11", "12", 
    "13", "14", "15", "16", "17", "18", "19", "20", "21", "22", 
    "23", "24", "25", "26", "27", "28", "29", "30", "31", "32", 
    "33", "36", "38", "39", "43", "48", "52")), class = "table"), 
    No.Tag = structure(c(0L, 0L, 0L, 0L, 0L, 0L, 0L, 1L, 30L, 
    0L, 0L, 0L, 0L, 0L, 51L, 0L, 0L, 2L, 0L, 0L, 0L, 0L, 0L, 
    0L, 0L, 0L, 0L, 0L, 0L, 0L, 0L, 0L, 4L, 1L, 0L, 0L), .Dim = c(6L, 
    6L), .Dimnames = structure(list(c("-2", "-1", "0", "1", "2", 
    NA), c("-", "A", "C", "G", "T", NA)), .Names = c("", "")), class = "table"), 
    All.Tags = list(Concordant = list(Freqs = structure(c(0, 
    0, 0, 0, 0, 0, 2, 240, 0, 0, 0, 3, 218, 0, 0, 0, 0, 0, 0, 
    0, 0, 0, 0, 0, 0), .Dim = c(5L, 5L), .Dimnames = list(c("-2", 
    "-1", "0", "1", "2"), c("-", "A", "C", "G", "T"))), N = 463), 
        Majority = list(Freqs = structure(c(0, 0, 0, 0, 0, 0, 
        3, 298, 0, 0, 0, 3, 258, 0, 0, 0, 0, 0, 0, 0, 0, 0, 0, 
        0, 0), .Dim = c(5L, 5L), .Dimnames = list(c("-2", "-1", 
        "0", "1", "2"), c("-", "A", "C", "G", "T"))), N = 562)), 
    `2` = structure(c(0, 0, 0, 0, 0, 0, 1, 250, 0, 0, 0, 1, 217, 
    0, 0, 0, 0, 0, 0, 0, 0, 0, 0, 0, 0), .Dim = c(5L, 5L), .Dimnames = list(
        c("-2", "-1", "0", "1", "2"), c("-", "A", "C", "G", "T"
        ))))))
