Results <-
list(`bwa.out//20220204//BlindCMMRD131_S57.sam` = list(GM17_SNP1 = list(
    All = list(Freqs = structure(c(1L, 90L, 6358L, 21L, 14L, 
    0L, 1L, 5L, 0L, 0L, 0L, 0L, 15L, 0L, 0L), .Dim = c(5L, 3L
    ), .Dimnames = structure(list(c("-2", "-1", "0", "1", NA), 
        c("C", "T", NA)), .Names = c("", "")), class = "table"), 
        N = 6505L), Tag.Distribution = structure(c(`1` = 178L, 
    `2` = 154L, `3` = 160L, `4` = 132L, `5` = 115L, `6` = 96L, 
    `7` = 75L, `8` = 66L, `9` = 54L, `10` = 42L, `11` = 29L, 
    `12` = 23L, `13` = 23L, `14` = 17L, `15` = 8L, `16` = 9L, 
    `17` = 3L, `18` = 3L, `19` = 5L, `20` = 5L, `21` = 1L, `22` = 2L, 
    `26` = 1L), .Dim = 23L, .Dimnames = list(TagUsage = c("1", 
    "2", "3", "4", "5", "6", "7", "8", "9", "10", "11", "12", 
    "13", "14", "15", "16", "17", "18", "19", "20", "21", "22", 
    "26")), class = "table"), No.Tag = structure(c(0L, 0L, 109L, 
    0L, 1L, 0L, 1L, 0L, 0L, 0L, 0L, 0L, 3L, 0L, 0L), .Dim = c(5L, 
    3L), .Dimnames = structure(list(c("-2", "-1", "0", "1", NA
    ), c("C", "T", NA)), .Names = c("", "")), class = "table"), 
    All.Tags = list(Concordant = list(Freqs = structure(c(0, 
    2, 1102, 3, 0, 0, 3, 0), .Dim = c(4L, 2L), .Dimnames = list(
        c("-2", "-1", "0", "1"), c("C", "T"))), N = 1110), Majority = list(
        Freqs = structure(c(0, 3, 1187, 3, 0, 0, 3, 0), .Dim = c(4L, 
        2L), .Dimnames = list(c("-2", "-1", "0", "1"), c("C", 
        "T"))), N = 1196)), `2` = structure(c(0, 3, 1017, 0, 
    0, 0, 0, 0), .Dim = c(4L, 2L), .Dimnames = list(c("-2", "-1", 
    "0", "1"), c("C", "T"))))))
