Results <-
list(`bwa.out//20220204//Control17_S10.sam` = list(LR36_SNP1 = list(
    All = list(Freqs = structure(c(0L, 0L, 2L, 0L, 0L, 0L, 5L, 
    40L, 2031L, 27L, 3L, 7L, 0L, 3L, 65L, 1L, 0L, 0L), .Dim = c(6L, 
    3L), .Dimnames = structure(list(c("-2", "-1", "0", "1", "2", 
    NA), c("A", "T", NA)), .Names = c("", "")), class = "table"), 
        N = 2184L), Tag.Distribution = structure(c(`1` = 85L, 
    `2` = 30L, `3` = 22L, `4` = 27L, `5` = 29L, `6` = 25L, `7` = 23L, 
    `8` = 20L, `9` = 6L, `10` = 6L, `11` = 8L, `12` = 8L, `13` = 5L, 
    `14` = 1L, `15` = 3L, `16` = 5L, `17` = 3L, `18` = 2L, `19` = 2L, 
    `20` = 1L, `22` = 4L, `23` = 1L, `24` = 2L, `25` = 1L, `26` = 1L, 
    `27` = 2L, `29` = 1L, `31` = 1L, `40` = 1L), .Dim = 29L, .Dimnames = list(
        TagUsage = c("1", "2", "3", "4", "5", "6", "7", "8", 
        "9", "10", "11", "12", "13", "14", "15", "16", "17", 
        "18", "19", "20", "22", "23", "24", "25", "26", "27", 
        "29", "31", "40")), class = "table"), No.Tag = structure(c(0L, 
    0L, 1L, 0L, 0L, 0L, 0L, 1L, 219L, 4L, 0L, 2L, 0L, 0L, 11L, 
    0L, 0L, 0L), .Dim = c(6L, 3L), .Dimnames = structure(list(
        c("-2", "-1", "0", "1", "2", NA), c("A", "T", NA)), .Names = c("", 
    "")), class = "table"), All.Tags = list(Concordant = list(
        Freqs = structure(c(0, 0, 1, 0, 0, 0, 3, 263, 0, 0), .Dim = c(5L, 
        2L), .Dimnames = list(c("-2", "-1", "0", "1", "2"), c("A", 
        "T"))), N = 267), Majority = list(Freqs = structure(c(0, 
    0, 1, 0, 0, 0, 3, 315, 0, 0), .Dim = c(5L, 2L), .Dimnames = list(
        c("-2", "-1", "0", "1", "2"), c("A", "T"))), N = 319)), 
    `2` = structure(c(0, 0, 0, 0, 0, 0, 0, 239, 0, 0), .Dim = c(5L, 
    2L), .Dimnames = list(c("-2", "-1", "0", "1", "2"), c("A", 
    "T"))))))
