Results <-
list(`bwa.out//20220204//BlindCMMRD47_S7.sam` = list(GM01_SNP1 = list(
    All = list(Freqs = structure(c(2L, 61L, 5669L, 25L, 5L, 0L, 
    0L, 18L, 0L, 0L, 0L, 2L, 67L, 1L, 0L), .Dim = c(5L, 3L), .Dimnames = structure(list(
        c("-2", "-1", "0", "1", NA), c("A", "G", NA)), .Names = c("", 
    "")), class = "table"), N = 5850L), Tag.Distribution = structure(c(`1` = 137L, 
    `2` = 36L, `3` = 28L, `4` = 15L, `5` = 18L, `6` = 19L, `7` = 16L, 
    `8` = 15L, `9` = 11L, `10` = 7L, `11` = 16L, `12` = 14L, 
    `13` = 3L, `14` = 14L, `15` = 9L, `16` = 8L, `17` = 12L, 
    `18` = 10L, `19` = 5L, `20` = 4L, `21` = 5L, `22` = 3L, `23` = 11L, 
    `24` = 4L, `25` = 3L, `26` = 4L, `27` = 2L, `28` = 8L, `29` = 7L, 
    `30` = 5L, `31` = 3L, `32` = 3L, `33` = 6L, `34` = 5L, `36` = 2L, 
    `37` = 3L, `38` = 1L, `39` = 1L, `40` = 2L, `41` = 1L, `42` = 1L, 
    `43` = 2L, `44` = 3L, `45` = 4L, `46` = 2L, `47` = 1L, `50` = 1L, 
    `51` = 1L, `53` = 1L, `56` = 1L, `57` = 1L, `58` = 1L, `70` = 1L, 
    `85` = 1L, `102` = 1L), .Dim = 55L, .Dimnames = list(TagUsage = c("1", 
    "2", "3", "4", "5", "6", "7", "8", "9", "10", "11", "12", 
    "13", "14", "15", "16", "17", "18", "19", "20", "21", "22", 
    "23", "24", "25", "26", "27", "28", "29", "30", "31", "32", 
    "33", "34", "36", "37", "38", "39", "40", "41", "42", "43", 
    "44", "45", "46", "47", "50", "51", "53", "56", "57", "58", 
    "70", "85", "102")), class = "table"), No.Tag = structure(c(0L, 
    1L, 58L, 1L, 0L, 0L, 0L, 1L, 0L, 0L, 0L, 0L, 1L, 0L, 0L), .Dim = c(5L, 
    3L), .Dimnames = structure(list(c("-2", "-1", "0", "1", NA
    ), c("A", "G", NA)), .Names = c("", "")), class = "table"), 
    All.Tags = list(Concordant = list(Freqs = structure(c(0, 
    1, 403, 2, 0, 0, 15, 0), .Dim = c(4L, 2L), .Dimnames = list(
        c("-2", "-1", "0", "1"), c("A", "G"))), N = 421), Majority = list(
        Freqs = structure(c(0, 1, 472, 2, 0, 0, 15, 0), .Dim = c(4L, 
        2L), .Dimnames = list(c("-2", "-1", "0", "1"), c("A", 
        "G"))), N = 490)), `2` = structure(c(0, 0, 358, 0, 0, 
    0, 0, 0), .Dim = c(4L, 2L), .Dimnames = list(c("-2", "-1", 
    "0", "1"), c("A", "G"))))))
