Results <-
list(`bwa.out//20220204//BlindCMMRD48_S8.sam` = list(LR44_SNP1 = list(
    All = list(Freqs = structure(c(0L, 0L, 1L, 0L, 0L, 6L, 174L, 
    2394L, 33L, 5L, 3L, 225L, 2505L, 47L, 12L, 0L, 6L, 116L, 
    0L, 0L), .Dim = 5:4, .Dimnames = structure(list(c("-2", "-1", 
    "0", "1", NA), c("A", "C", "T", NA)), .Names = c("", "")), class = "table"), 
        N = 5527L), Tag.Distribution = structure(c(`1` = 82L, 
    `2` = 34L, `3` = 21L, `4` = 15L, `5` = 15L, `6` = 23L, `7` = 17L, 
    `8` = 14L, `9` = 14L, `10` = 19L, `11` = 18L, `12` = 13L, 
    `13` = 10L, `14` = 17L, `15` = 10L, `16` = 6L, `17` = 7L, 
    `18` = 5L, `19` = 9L, `20` = 12L, `21` = 6L, `22` = 8L, `23` = 5L, 
    `24` = 2L, `25` = 4L, `26` = 7L, `27` = 9L, `28` = 5L, `29` = 3L, 
    `30` = 5L, `31` = 4L, `32` = 4L, `33` = 2L, `34` = 3L, `35` = 1L, 
    `36` = 3L, `37` = 2L, `38` = 1L, `39` = 2L, `41` = 4L, `42` = 1L, 
    `43` = 2L, `44` = 1L, `45` = 1L, `47` = 2L, `48` = 1L, `50` = 1L, 
    `51` = 1L, `53` = 1L), .Dim = 49L, .Dimnames = list(TagUsage = c("1", 
    "2", "3", "4", "5", "6", "7", "8", "9", "10", "11", "12", 
    "13", "14", "15", "16", "17", "18", "19", "20", "21", "22", 
    "23", "24", "25", "26", "27", "28", "29", "30", "31", "32", 
    "33", "34", "35", "36", "37", "38", "39", "41", "42", "43", 
    "44", "45", "47", "48", "50", "51", "53")), class = "table"), 
    No.Tag = structure(c(0L, 0L, 0L, 0L, 0L, 0L, 17L, 55L, 1L, 
    1L, 0L, 2L, 26L, 0L, 1L, 0L, 0L, 6L, 0L, 0L), .Dim = 5:4, .Dimnames = structure(list(
        c("-2", "-1", "0", "1", NA), c("A", "C", "T", NA)), .Names = c("", 
    "")), class = "table"), All.Tags = list(Concordant = list(
        Freqs = structure(c(0, 0, 0, 0, 0, 6, 110, 1, 0, 3, 112, 
        3), .Dim = 4:3, .Dimnames = list(c("-2", "-1", "0", "1"
        ), c("A", "C", "T"))), N = 235), Majority = list(Freqs = structure(c(0, 
    0, 0, 0, 0, 6, 199, 1, 0, 3, 227, 3), .Dim = 4:3, .Dimnames = list(
        c("-2", "-1", "0", "1"), c("A", "C", "T"))), N = 439)), 
    `2` = structure(c(0, 0, 0, 0, 0, 1, 172, 0, 0, 3, 189, 0), .Dim = 4:3, .Dimnames = list(
        c("-2", "-1", "0", "1"), c("A", "C", "T"))))))
