Results <-
list(`bwa.out//20220204//BlindCMMRD74_S33.sam` = list(LR46_SNP1 = list(
    All = list(Freqs = structure(c(0L, 1L, 0L, 0L, 19L, 3087L, 
    8L, 14L, 0L, 3L, 0L, 0L, 0L, 31L, 1L, 0L), .Dim = c(4L, 4L
    ), .Dimnames = structure(list(c("-1", "0", "1", NA), c("A", 
    "G", "T", NA)), .Names = c("", "")), class = "table"), N = 3164L), 
    Tag.Distribution = structure(c(`1` = 90L, `2` = 34L, `3` = 35L, 
    `4` = 36L, `5` = 26L, `6` = 22L, `7` = 13L, `8` = 16L, `9` = 15L, 
    `10` = 19L, `11` = 23L, `12` = 10L, `13` = 12L, `14` = 9L, 
    `15` = 5L, `16` = 7L, `17` = 6L, `18` = 5L, `19` = 3L, `20` = 4L, 
    `21` = 5L, `22` = 4L, `24` = 2L, `26` = 1L, `27` = 1L, `29` = 3L, 
    `30` = 2L, `31` = 3L, `32` = 1L, `33` = 2L, `36` = 1L), .Dim = 31L, .Dimnames = list(
        TagUsage = c("1", "2", "3", "4", "5", "6", "7", "8", 
        "9", "10", "11", "12", "13", "14", "15", "16", "17", 
        "18", "19", "20", "21", "22", "24", "26", "27", "29", 
        "30", "31", "32", "33", "36")), class = "table"), No.Tag = structure(c(0L, 
    0L, 0L, 0L, 0L, 106L, 0L, 1L, 0L, 1L, 0L, 0L, 0L, 4L, 0L, 
    0L), .Dim = c(4L, 4L), .Dimnames = structure(list(c("-1", 
    "0", "1", NA), c("A", "G", "T", NA)), .Names = c("", "")), class = "table"), 
    All.Tags = list(Concordant = list(Freqs = structure(c(0, 
    0, 0, 1, 380, 0, 0, 2, 0), .Dim = c(3L, 3L), .Dimnames = list(
        c("-1", "0", "1"), c("A", "G", "T"))), N = 383), Majority = list(
        Freqs = structure(c(0, 0, 0, 1, 402, 0, 0, 2, 0), .Dim = c(3L, 
        3L), .Dimnames = list(c("-1", "0", "1"), c("A", "G", 
        "T"))), N = 405)), `2` = structure(c(0, 0, 0, 0, 324, 
    0, 0, 0, 0), .Dim = c(3L, 3L), .Dimnames = list(c("-1", "0", 
    "1"), c("A", "G", "T"))))))
