Results <-
list(`bwa.out//20220204//17D0939_S6.sam` = list(LR48_SNP1 = list(
    All = list(Freqs = structure(c(0L, 37L, 1363L, 24L, 2L, 4L, 
    1L, 61L, 1942L, 21L, 0L, 13L, 0L, 1L, 69L, 2L, 0L, 0L), .Dim = c(6L, 
    3L), .Dimnames = structure(list(c("-2", "-1", "0", "1", "2", 
    NA), c("C", "T", NA)), .Names = c("", "")), class = "table"), 
        N = 3540L), Tag.Distribution = structure(c(`1` = 88L, 
    `2` = 22L, `3` = 11L, `4` = 19L, `5` = 24L, `6` = 12L, `7` = 10L, 
    `8` = 3L, `9` = 4L, `10` = 5L, `11` = 10L, `12` = 2L, `13` = 4L, 
    `15` = 2L, `16` = 3L, `17` = 3L, `18` = 2L, `19` = 6L, `20` = 3L, 
    `21` = 3L, `22` = 2L, `23` = 3L, `24` = 3L, `26` = 4L, `27` = 3L, 
    `28` = 2L, `29` = 4L, `31` = 1L, `32` = 1L, `34` = 1L, `35` = 2L, 
    `36` = 4L, `38` = 2L, `40` = 4L, `41` = 2L, `42` = 2L, `43` = 1L, 
    `44` = 3L, `45` = 2L, `46` = 1L, `47` = 1L, `48` = 1L, `49` = 3L, 
    `50` = 2L, `53` = 1L, `55` = 1L, `57` = 2L, `58` = 2L), .Dim = 48L, .Dimnames = list(
        TagUsage = c("1", "2", "3", "4", "5", "6", "7", "8", 
        "9", "10", "11", "12", "13", "15", "16", "17", "18", 
        "19", "20", "21", "22", "23", "24", "26", "27", "28", 
        "29", "31", "32", "34", "35", "36", "38", "40", "41", 
        "42", "43", "44", "45", "46", "47", "48", "49", "50", 
        "53", "55", "57", "58")), class = "table"), No.Tag = structure(c(0L, 
    3L, 46L, 0L, 1L, 0L, 0L, 0L, 35L, 0L, 0L, 0L, 0L, 0L, 8L, 
    0L, 0L, 0L), .Dim = c(6L, 3L), .Dimnames = structure(list(
        c("-2", "-1", "0", "1", "2", NA), c("C", "T", NA)), .Names = c("", 
    "")), class = "table"), All.Tags = list(Concordant = list(
        Freqs = structure(c(0, 0, 86, 1, 0, 0, 0, 114, 0, 0), .Dim = c(5L, 
        2L), .Dimnames = list(c("-2", "-1", "0", "1", "2"), c("C", 
        "T"))), N = 201), Majority = list(Freqs = structure(c(0, 
    0, 118, 2, 0, 0, 0, 162, 0, 0), .Dim = c(5L, 2L), .Dimnames = list(
        c("-2", "-1", "0", "1", "2"), c("C", "T"))), N = 282)), 
    `2` = structure(c(0, 0, 92, 1, 0, 0, 0, 114, 0, 0), .Dim = c(5L, 
    2L), .Dimnames = list(c("-2", "-1", "0", "1", "2"), c("C", 
    "T"))))))
