Results <-
list(`bwa.out//20220204//BlindCMMRD99_S58.sam` = list(GM17_SNP1 = list(
    All = list(Freqs = structure(c(1L, 5L, 0L, 0L, 0L, 1L, 0L, 
    0L, 52L, 4445L, 13L, 2L, 1L, 27L, 1L, 0L), .Dim = c(4L, 4L
    ), .Dimnames = structure(list(c("-1", "0", "1", NA), c("C", 
    "G", "T", NA)), .Names = c("", "")), class = "table"), N = 4548L), 
    Tag.Distribution = structure(c(`1` = 136L, `2` = 72L, `3` = 52L, 
    `4` = 43L, `5` = 27L, `6` = 34L, `7` = 24L, `8` = 23L, `9` = 21L, 
    `10` = 20L, `11` = 12L, `12` = 11L, `13` = 15L, `14` = 18L, 
    `15` = 13L, `16` = 4L, `17` = 3L, `18` = 3L, `19` = 2L, `20` = 5L, 
    `21` = 4L, `22` = 4L, `23` = 4L, `24` = 5L, `25` = 2L, `26` = 4L, 
    `27` = 2L, `28` = 5L, `29` = 5L, `30` = 1L, `31` = 2L, `32` = 3L, 
    `34` = 1L, `35` = 3L, `36` = 1L, `38` = 3L, `39` = 1L, `46` = 1L, 
    `47` = 1L, `52` = 1L), .Dim = 40L, .Dimnames = list(TagUsage = c("1", 
    "2", "3", "4", "5", "6", "7", "8", "9", "10", "11", "12", 
    "13", "14", "15", "16", "17", "18", "19", "20", "21", "22", 
    "23", "24", "25", "26", "27", "28", "29", "30", "31", "32", 
    "34", "35", "36", "38", "39", "46", "47", "52")), class = "table"), 
    No.Tag = structure(c(1L, 0L, 0L, 0L, 0L, 0L, 0L, 0L, 2L, 
    101L, 0L, 0L, 0L, 5L, 0L, 0L), .Dim = c(4L, 4L), .Dimnames = structure(list(
        c("-1", "0", "1", NA), c("C", "G", "T", NA)), .Names = c("", 
    "")), class = "table"), All.Tags = list(Concordant = list(
        Freqs = structure(c(0, 4, 0, 0, 0, 0, 1, 531, 0), .Dim = c(3L, 
        3L), .Dimnames = list(c("-1", "0", "1"), c("C", "G", 
        "T"))), N = 536), Majority = list(Freqs = structure(c(0, 
    4, 0, 0, 0, 0, 1, 580, 0), .Dim = c(3L, 3L), .Dimnames = list(
        c("-1", "0", "1"), c("C", "G", "T"))), N = 585)), `2` = structure(c(0, 
    0, 0, 0, 0, 0, 0, 452, 0), .Dim = c(3L, 3L), .Dimnames = list(
        c("-1", "0", "1"), c("C", "G", "T"))))))
