Results <-
list(`bwa.out//20220204//17D1098_S3.sam` = list(IM16_SNP1 = list(
    All = list(Freqs = structure(c(0L, 7L, 0L, 0L, 0L, 49L, 3452L, 
    53L, 1L, 4L, 1L, 58L, 8L, 0L, 0L), .Dim = c(5L, 3L), .Dimnames = structure(list(
        c("-1", "0", "1", "2", NA), c("A", "G", NA)), .Names = c("", 
    "")), class = "table"), N = 3633L), Tag.Distribution = structure(c(`1` = 190L, 
    `2` = 97L, `3` = 77L, `4` = 58L, `5` = 36L, `6` = 58L, `7` = 41L, 
    `8` = 31L, `9` = 21L, `10` = 23L, `11` = 16L, `12` = 13L, 
    `13` = 20L, `14` = 7L, `15` = 10L, `16` = 6L, `17` = 2L, 
    `18` = 1L, `20` = 3L, `22` = 3L, `24` = 1L, `25` = 1L, `26` = 1L, 
    `28` = 1L, `30` = 1L), .Dim = 25L, .Dimnames = list(TagUsage = c("1", 
    "2", "3", "4", "5", "6", "7", "8", "9", "10", "11", "12", 
    "13", "14", "15", "16", "17", "18", "20", "22", "24", "25", 
    "26", "28", "30")), class = "table"), No.Tag = structure(c(0L, 
    0L, 0L, 0L, 0L, 1L, 37L, 2L, 0L, 1L, 0L, 15L, 1L, 0L, 0L), .Dim = c(5L, 
    3L), .Dimnames = structure(list(c("-1", "0", "1", "2", NA
    ), c("A", "G", NA)), .Names = c("", "")), class = "table"), 
    All.Tags = list(Concordant = list(Freqs = structure(c(0, 
    3, 0, 0, 6, 639, 6, 0), .Dim = c(4L, 2L), .Dimnames = list(
        c("-1", "0", "1", "2"), c("A", "G"))), N = 654), Majority = list(
        Freqs = structure(c(0, 3, 0, 0, 7, 694, 7, 0), .Dim = c(4L, 
        2L), .Dimnames = list(c("-1", "0", "1", "2"), c("A", 
        "G"))), N = 711)), `2` = structure(c(0, 1, 0, 0, 3, 518, 
    3, 0), .Dim = c(4L, 2L), .Dimnames = list(c("-1", "0", "1", 
    "2"), c("A", "G"))))))
