Results <-
list(`bwa.out//20220204//Control21_S14.sam` = list(GM22_SNP1 = list(
    All = list(Freqs = structure(c(2L, 50L, 3580L, 13L, 7L, 0L, 
    0L, 2L, 0L, 0L, 0L, 0L, 30L, 0L, 0L), .Dim = c(5L, 3L), .Dimnames = structure(list(
        c("-2", "-1", "0", "1", NA), c("A", "G", NA)), .Names = c("", 
    "")), class = "table"), N = 3684L), Tag.Distribution = structure(c(`1` = 139L, 
    `2` = 59L, `3` = 48L, `4` = 31L, `5` = 33L, `6` = 36L, `7` = 26L, 
    `8` = 24L, `9` = 23L, `10` = 19L, `11` = 13L, `12` = 13L, 
    `13` = 11L, `14` = 13L, `15` = 5L, `16` = 8L, `17` = 11L, 
    `18` = 4L, `19` = 6L, `20` = 5L, `21` = 6L, `22` = 2L, `23` = 3L, 
    `24` = 2L, `25` = 3L, `27` = 3L, `28` = 2L, `29` = 2L, `30` = 1L, 
    `32` = 1L, `33` = 1L), .Dim = 31L, .Dimnames = list(TagUsage = c("1", 
    "2", "3", "4", "5", "6", "7", "8", "9", "10", "11", "12", 
    "13", "14", "15", "16", "17", "18", "19", "20", "21", "22", 
    "23", "24", "25", "27", "28", "29", "30", "32", "33")), class = "table"), 
    No.Tag = structure(c(0L, 1L, 53L, 0L, 0L, 0L, 0L, 0L, 0L, 
    0L, 0L, 0L, 1L, 0L, 0L), .Dim = c(5L, 3L), .Dimnames = structure(list(
        c("-2", "-1", "0", "1", NA), c("A", "G", NA)), .Names = c("", 
    "")), class = "table"), All.Tags = list(Concordant = list(
        Freqs = structure(c(1, 3, 488, 0, 0, 0, 1, 0), .Dim = c(4L, 
        2L), .Dimnames = list(c("-2", "-1", "0", "1"), c("A", 
        "G"))), N = 493), Majority = list(Freqs = structure(c(1, 
    3, 539, 0, 0, 0, 1, 0), .Dim = c(4L, 2L), .Dimnames = list(
        c("-2", "-1", "0", "1"), c("A", "G"))), N = 544)), `2` = structure(c(0, 
    0, 412, 0, 0, 0, 0, 0), .Dim = c(4L, 2L), .Dimnames = list(
        c("-2", "-1", "0", "1"), c("A", "G"))))))
