Results <-
list(`bwa.out//20220204//BlindCMMRD90_S49.sam` = list(GM14_SNP1 = list(
    All = list(Freqs = structure(c(3L, 53L, 1600L, 8L, 5L, 0L, 
    43L, 1633L, 8L, 1L, 0L, 0L, 26L, 0L, 0L), .Dim = c(5L, 3L
    ), .Dimnames = structure(list(c("-2", "-1", "0", "1", NA), 
        c("C", "T", NA)), .Names = c("", "")), class = "table"), 
        N = 3380L), Tag.Distribution = structure(c(`1` = 77L, 
    `2` = 42L, `3` = 50L, `4` = 32L, `5` = 28L, `6` = 21L, `7` = 23L, 
    `8` = 19L, `9` = 17L, `10` = 16L, `11` = 16L, `12` = 9L, 
    `13` = 16L, `14` = 11L, `15` = 11L, `16` = 6L, `17` = 4L, 
    `18` = 4L, `19` = 5L, `20` = 6L, `21` = 1L, `22` = 9L, `23` = 6L, 
    `24` = 2L, `25` = 1L, `26` = 4L, `27` = 1L, `28` = 1L, `30` = 1L, 
    `31` = 1L, `32` = 1L, `35` = 1L), .Dim = 32L, .Dimnames = list(
        TagUsage = c("1", "2", "3", "4", "5", "6", "7", "8", 
        "9", "10", "11", "12", "13", "14", "15", "16", "17", 
        "18", "19", "20", "21", "22", "23", "24", "25", "26", 
        "27", "28", "30", "31", "32", "35")), class = "table"), 
    No.Tag = structure(c(0L, 1L, 32L, 1L, 0L, 0L, 2L, 32L, 0L, 
    0L, 0L, 0L, 2L, 0L, 0L), .Dim = c(5L, 3L), .Dimnames = structure(list(
        c("-2", "-1", "0", "1", NA), c("C", "T", NA)), .Names = c("", 
    "")), class = "table"), All.Tags = list(Concordant = list(
        Freqs = structure(c(0, 1, 156, 0, 0, 3, 183, 1), .Dim = c(4L, 
        2L), .Dimnames = list(c("-2", "-1", "0", "1"), c("C", 
        "T"))), N = 344), Majority = list(Freqs = structure(c(0, 
    2, 203, 0, 0, 3, 225, 1), .Dim = c(4L, 2L), .Dimnames = list(
        c("-2", "-1", "0", "1"), c("C", "T"))), N = 434)), `2` = structure(c(0, 
    1, 170, 0, 0, 0, 187, 0), .Dim = c(4L, 2L), .Dimnames = list(
        c("-2", "-1", "0", "1"), c("C", "T"))))))
