Results <-
list(`bwa.out//20220204//MLPA01_S9.sam` = list(LR24_SNP1 = list(
    All = list(Freqs = structure(c(0L, 2L, 0L, 0L, 24L, 4702L, 
    16L, 6L, 1L, 27L, 1L, 0L), .Dim = 4:3, .Dimnames = structure(list(
        c("-1", "0", "1", NA), c("A", "G", NA)), .Names = c("", 
    "")), class = "table"), N = 4779L), Tag.Distribution = structure(c(`1` = 313L, 
    `2` = 167L, `3` = 135L, `4` = 94L, `5` = 78L, `6` = 65L, 
    `7` = 37L, `8` = 46L, `9` = 32L, `10` = 22L, `11` = 16L, 
    `12` = 19L, `13` = 10L, `14` = 9L, `15` = 9L, `16` = 5L, 
    `17` = 6L, `18` = 2L, `19` = 4L, `20` = 1L, `21` = 2L, `22` = 2L, 
    `26` = 2L, `28` = 1L, `35` = 1L), .Dim = 25L, .Dimnames = list(
        TagUsage = c("1", "2", "3", "4", "5", "6", "7", "8", 
        "9", "10", "11", "12", "13", "14", "15", "16", "17", 
        "18", "19", "20", "21", "22", "26", "28", "35")), class = "table"), 
    No.Tag = structure(c(0L, 0L, 0L, 0L, 2L, 122L, 0L, 0L, 0L, 
    2L, 0L, 0L), .Dim = 4:3, .Dimnames = structure(list(c("-1", 
    "0", "1", NA), c("A", "G", NA)), .Names = c("", "")), class = "table"), 
    All.Tags = list(Concordant = list(Freqs = structure(c(0, 
    2, 0, 2, 1034, 0), .Dim = 3:2, .Dimnames = list(c("-1", "0", 
    "1"), c("A", "G"))), N = 1038), Majority = list(Freqs = structure(c(0, 
    2, 0, 3, 1059, 0), .Dim = 3:2, .Dimnames = list(c("-1", "0", 
    "1"), c("A", "G"))), N = 1064)), `2` = structure(c(0, 0, 
    0, 1, 760, 0), .Dim = 3:2, .Dimnames = list(c("-1", "0", 
    "1"), c("A", "G"))))))
