Results <-
list(`bwa.out//20220204//Control24_S17.sam` = list(LR49_SNP1 = list(
    All = list(Freqs = structure(c(4L, 1198L, 0L, 0L, 1L, 991L, 
    2L, 1L, 0L, 18L, 0L, 0L), .Dim = 4:3, .Dimnames = structure(list(
        c("-1", "0", "1", NA), c("A", "G", NA)), .Names = c("", 
    "")), class = "table"), N = 2215L), Tag.Distribution = structure(c(`1` = 99L, 
    `2` = 39L, `3` = 35L, `4` = 29L, `5` = 22L, `6` = 22L, `7` = 20L, 
    `8` = 16L, `9` = 12L, `10` = 11L, `11` = 13L, `12` = 14L, 
    `13` = 9L, `14` = 4L, `15` = 5L, `16` = 1L, `17` = 6L, `18` = 3L, 
    `19` = 1L, `22` = 1L, `23` = 1L, `24` = 1L, `25` = 2L, `26` = 2L, 
    `28` = 1L, `30` = 2L), .Dim = 26L, .Dimnames = list(TagUsage = c("1", 
    "2", "3", "4", "5", "6", "7", "8", "9", "10", "11", "12", 
    "13", "14", "15", "16", "17", "18", "19", "22", "23", "24", 
    "25", "26", "28", "30")), class = "table"), No.Tag = structure(c(0L, 
    31L, 0L, 0L, 0L, 45L, 0L, 0L, 0L, 4L, 0L, 0L), .Dim = 4:3, .Dimnames = structure(list(
        c("-1", "0", "1", NA), c("A", "G", NA)), .Names = c("", 
    "")), class = "table"), All.Tags = list(Concordant = list(
        Freqs = structure(c(0, 187, 0, 0, 159, 0), .Dim = 3:2, .Dimnames = list(
            c("-1", "0", "1"), c("A", "G"))), N = 346), Majority = list(
        Freqs = structure(c(0, 198, 0, 0, 167, 0), .Dim = 3:2, .Dimnames = list(
            c("-1", "0", "1"), c("A", "G"))), N = 365)), `2` = structure(c(0, 
    143, 0, 0, 125, 0), .Dim = 3:2, .Dimnames = list(c("-1", 
    "0", "1"), c("A", "G"))))))
