Results <-
list(`bwa.out//20220204//BlindCMMRD88_S47.sam` = list(GM26_SNP1 = list(
    All = list(Freqs = structure(c(1L, 28L, 4027L, 20L, 13L, 
    0L, 0L, 4L, 0L, 0L, 0L, 0L, 27L, 0L, 0L), .Dim = c(5L, 3L
    ), .Dimnames = structure(list(c("-2", "-1", "0", "1", NA), 
        c("A", "G", NA)), .Names = c("", "")), class = "table"), 
        N = 4120L), Tag.Distribution = structure(c(`1` = 108L, 
    `2` = 54L, `3` = 46L, `4` = 36L, `5` = 31L, `6` = 26L, `7` = 15L, 
    `8` = 34L, `9` = 26L, `10` = 17L, `11` = 22L, `12` = 11L, 
    `13` = 10L, `14` = 7L, `15` = 6L, `16` = 9L, `17` = 14L, 
    `18` = 3L, `19` = 8L, `20` = 9L, `21` = 4L, `22` = 4L, `23` = 1L, 
    `24` = 3L, `25` = 2L, `26` = 2L, `27` = 4L, `28` = 2L, `29` = 4L, 
    `30` = 3L, `32` = 2L, `34` = 1L, `35` = 1L, `36` = 3L, `53` = 1L
    ), .Dim = 35L, .Dimnames = list(TagUsage = c("1", "2", "3", 
    "4", "5", "6", "7", "8", "9", "10", "11", "12", "13", "14", 
    "15", "16", "17", "18", "19", "20", "21", "22", "23", "24", 
    "25", "26", "27", "28", "29", "30", "32", "34", "35", "36", 
    "53")), class = "table"), No.Tag = structure(c(0L, 1L, 34L, 
    0L, 0L, 0L, 0L, 0L, 0L, 0L, 0L, 0L, 2L, 0L, 0L), .Dim = c(5L, 
    3L), .Dimnames = structure(list(c("-2", "-1", "0", "1", NA
    ), c("A", "G", NA)), .Names = c("", "")), class = "table"), 
    All.Tags = list(Concordant = list(Freqs = structure(c(0, 
    3, 473, 0, 0, 0, 2, 0), .Dim = c(4L, 2L), .Dimnames = list(
        c("-2", "-1", "0", "1"), c("A", "G"))), N = 478), Majority = list(
        Freqs = structure(c(0, 3, 515, 0, 0, 0, 2, 0), .Dim = c(4L, 
        2L), .Dimnames = list(c("-2", "-1", "0", "1"), c("A", 
        "G"))), N = 520)), `2` = structure(c(0, 0, 418, 0, 0, 
    0, 0, 0), .Dim = c(4L, 2L), .Dimnames = list(c("-2", "-1", 
    "0", "1"), c("A", "G"))))))
