Results <-
list(`bwa.out//20220204//BlindCMMRD110_S36.sam` = list(GM29_SNP1 = list(
    All = list(Freqs = structure(c(41L, 4183L, 13L, 9L, 0L, 3L, 
    0L, 0L, 0L, 1L, 0L, 0L, 1L, 18L, 0L, 0L), .Dim = c(4L, 4L
    ), .Dimnames = structure(list(c("-1", "0", "1", NA), c("A", 
    "G", "T", NA)), .Names = c("", "")), class = "table"), N = 4269L), 
    Tag.Distribution = structure(c(`1` = 150L, `2` = 119L, `3` = 104L, 
    `4` = 93L, `5` = 56L, `6` = 49L, `7` = 50L, `8` = 35L, `9` = 29L, 
    `10` = 27L, `11` = 26L, `12` = 15L, `13` = 8L, `14` = 9L, 
    `15` = 6L, `16` = 8L, `17` = 8L, `18` = 3L, `19` = 3L, `20` = 1L, 
    `21` = 2L, `24` = 2L, `25` = 1L, `29` = 1L, `43` = 1L), .Dim = 25L, .Dimnames = list(
        TagUsage = c("1", "2", "3", "4", "5", "6", "7", "8", 
        "9", "10", "11", "12", "13", "14", "15", "16", "17", 
        "18", "19", "20", "21", "24", "25", "29", "43")), class = "table"), 
    No.Tag = structure(c(2L, 90L, 1L, 0L, 0L, 0L, 0L, 0L, 0L, 
    0L, 0L, 0L, 0L, 1L, 0L, 0L), .Dim = c(4L, 4L), .Dimnames = structure(list(
        c("-1", "0", "1", NA), c("A", "G", "T", NA)), .Names = c("", 
    "")), class = "table"), All.Tags = list(Concordant = list(
        Freqs = structure(c(2, 755, 1, 0, 3, 0, 0, 1, 0), .Dim = c(3L, 
        3L), .Dimnames = list(c("-1", "0", "1"), c("A", "G", 
        "T"))), N = 762), Majority = list(Freqs = structure(c(2, 
    795, 1, 0, 3, 0, 0, 1, 0), .Dim = c(3L, 3L), .Dimnames = list(
        c("-1", "0", "1"), c("A", "G", "T"))), N = 802)), `2` = structure(c(0, 
    654, 0, 0, 0, 0, 0, 0, 0), .Dim = c(3L, 3L), .Dimnames = list(
        c("-1", "0", "1"), c("A", "G", "T"))))))
