Results <-
list(`bwa.out//20220204//MLPA79_S11.sam` = list(LR36_SNP1 = list(
    All = list(Freqs = structure(c(0L, 0L, 7L, 0L, 0L, 3L, 58L, 
    3081L, 35L, 26L, 0L, 2L, 164L, 1L, 0L), .Dim = c(5L, 3L), .Dimnames = structure(list(
        c("-2", "-1", "0", "1", NA), c("A", "T", NA)), .Names = c("", 
    "")), class = "table"), N = 3377L), Tag.Distribution = structure(c(`1` = 127L, 
    `2` = 51L, `3` = 49L, `4` = 49L, `5` = 30L, `6` = 23L, `7` = 23L, 
    `8` = 17L, `9` = 22L, `10` = 10L, `11` = 18L, `12` = 11L, 
    `13` = 2L, `14` = 10L, `15` = 5L, `16` = 7L, `17` = 7L, `18` = 5L, 
    `19` = 7L, `20` = 1L, `21` = 6L, `22` = 2L, `23` = 3L, `24` = 2L, 
    `25` = 2L, `26` = 1L, `27` = 1L, `28` = 2L, `29` = 4L, `30` = 4L, 
    `34` = 1L, `35` = 1L), .Dim = 32L, .Dimnames = list(TagUsage = c("1", 
    "2", "3", "4", "5", "6", "7", "8", "9", "10", "11", "12", 
    "13", "14", "15", "16", "17", "18", "19", "20", "21", "22", 
    "23", "24", "25", "26", "27", "28", "29", "30", "34", "35"
    )), class = "table"), No.Tag = structure(c(0L, 0L, 0L, 0L, 
    0L, 0L, 0L, 104L, 2L, 2L, 0L, 0L, 18L, 0L, 0L), .Dim = c(5L, 
    3L), .Dimnames = structure(list(c("-2", "-1", "0", "1", NA
    ), c("A", "T", NA)), .Names = c("", "")), class = "table"), 
    All.Tags = list(Concordant = list(Freqs = structure(c(0, 
    0, 2, 0, 0, 3, 411, 0), .Dim = c(4L, 2L), .Dimnames = list(
        c("-2", "-1", "0", "1"), c("A", "T"))), N = 416), Majority = list(
        Freqs = structure(c(0, 0, 2, 0, 0, 3, 478, 1), .Dim = c(4L, 
        2L), .Dimnames = list(c("-2", "-1", "0", "1"), c("A", 
        "T"))), N = 484)), `2` = structure(c(0, 0, 0, 0, 0, 0, 
    371, 1), .Dim = c(4L, 2L), .Dimnames = list(c("-2", "-1", 
    "0", "1"), c("A", "T"))))))
