Results <-
list(`bwa.out//20220204//BlindCMMRD68_S27.sam` = list(GM01_SNP1 = list(
    All = list(Freqs = structure(c(0L, 0L, 0L, 1L, 0L, 0L, 1L, 
    1L, 67L, 6207L, 22L, 4L, 0L, 0L, 0L, 13L, 0L, 0L, 0L, 0L, 
    2L, 81L, 0L, 0L), .Dim = c(6L, 4L), .Dimnames = structure(list(
        c("-3", "-2", "-1", "0", "1", NA), c("-", "A", "G", NA
        )), .Names = c("", "")), class = "table"), N = 6399L), 
    Tag.Distribution = structure(c(`1` = 147L, `2` = 53L, `3` = 60L, 
    `4` = 54L, `5` = 54L, `6` = 34L, `7` = 37L, `8` = 30L, `9` = 31L, 
    `10` = 38L, `11` = 21L, `12` = 26L, `13` = 29L, `14` = 27L, 
    `15` = 15L, `16` = 18L, `17` = 17L, `18` = 16L, `19` = 15L, 
    `20` = 6L, `21` = 10L, `22` = 12L, `23` = 2L, `24` = 7L, 
    `25` = 3L, `26` = 4L, `27` = 4L, `30` = 1L, `32` = 1L, `35` = 1L, 
    `38` = 1L, `41` = 1L, `49` = 1L), .Dim = 33L, .Dimnames = list(
        TagUsage = c("1", "2", "3", "4", "5", "6", "7", "8", 
        "9", "10", "11", "12", "13", "14", "15", "16", "17", 
        "18", "19", "20", "21", "22", "23", "24", "25", "26", 
        "27", "30", "32", "35", "38", "41", "49")), class = "table"), 
    No.Tag = structure(c(0L, 0L, 0L, 0L, 0L, 0L, 0L, 0L, 1L, 
    118L, 0L, 0L, 0L, 0L, 0L, 3L, 0L, 0L, 0L, 0L, 0L, 3L, 0L, 
    0L), .Dim = c(6L, 4L), .Dimnames = structure(list(c("-3", 
    "-2", "-1", "0", "1", NA), c("-", "A", "G", NA)), .Names = c("", 
    "")), class = "table"), All.Tags = list(Concordant = list(
        Freqs = structure(c(0, 0, 0, 0, 0, 0, 0, 0, 674, 1, 0, 
        0, 0, 8, 0), .Dim = c(5L, 3L), .Dimnames = list(c("-3", 
        "-2", "-1", "0", "1"), c("-", "A", "G"))), N = 683), 
        Majority = list(Freqs = structure(c(0, 0, 0, 0, 0, 0, 
        0, 0, 756, 1, 0, 0, 0, 8, 0), .Dim = c(5L, 3L), .Dimnames = list(
            c("-3", "-2", "-1", "0", "1"), c("-", "A", "G"))), 
            N = 765)), `2` = structure(c(0, 0, 0, 0, 0, 0, 0, 
    0, 629, 0, 0, 0, 0, 0, 0), .Dim = c(5L, 3L), .Dimnames = list(
        c("-3", "-2", "-1", "0", "1"), c("-", "A", "G"))))))
