Results <-
list(`bwa.out//20220204//BlindCMMRD104_S6.sam` = list(GM01_SNP1 = list(
    All = list(Freqs = structure(c(0L, 0L, 1L, 0L, 0L, 1L, 71L, 
    2288L, 5L, 3L, 0L, 0L, 13L, 0L, 0L, 0L, 1L, 38L, 1L, 0L), .Dim = 5:4, .Dimnames = structure(list(
        c("-2", "-1", "0", "1", NA), c("-", "A", "G", NA)), .Names = c("", 
    "")), class = "table"), N = 2422L), Tag.Distribution = structure(c(`1` = 69L, 
    `2` = 43L, `3` = 42L, `4` = 24L, `5` = 29L, `6` = 26L, `7` = 20L, 
    `8` = 31L, `9` = 20L, `10` = 15L, `11` = 14L, `12` = 14L, 
    `13` = 15L, `14` = 10L, `15` = 6L, `16` = 5L, `17` = 4L, 
    `18` = 2L, `19` = 1L, `22` = 1L), .Dim = 20L, .Dimnames = list(
        TagUsage = c("1", "2", "3", "4", "5", "6", "7", "8", 
        "9", "10", "11", "12", "13", "14", "15", "16", "17", 
        "18", "19", "22")), class = "table"), No.Tag = structure(c(0L, 
    0L, 0L, 0L, 0L, 0L, 1L, 46L, 0L, 1L, 0L, 0L, 0L, 0L, 0L, 
    0L, 1L, 5L, 0L, 0L), .Dim = 5:4, .Dimnames = structure(list(
        c("-2", "-1", "0", "1", NA), c("-", "A", "G", NA)), .Names = c("", 
    "")), class = "table"), All.Tags = list(Concordant = list(
        Freqs = structure(c(0, 0, 0, 0, 0, 5, 342, 1, 0, 0, 2, 
        0), .Dim = 4:3, .Dimnames = list(c("-2", "-1", "0", "1"
        ), c("-", "A", "G"))), N = 350), Majority = list(Freqs = structure(c(0, 
    0, 0, 0, 0, 5, 380, 1, 0, 0, 2, 0), .Dim = 4:3, .Dimnames = list(
        c("-2", "-1", "0", "1"), c("-", "A", "G"))), N = 388)), 
    `2` = structure(c(0, 0, 0, 0, 0, 3, 316, 0, 0, 0, 2, 0), .Dim = 4:3, .Dimnames = list(
        c("-2", "-1", "0", "1"), c("-", "A", "G"))))))
