Results <-
list(`bwa.out//20220204//BlindCMMRD116_S42.sam` = list(LR52_SNP1 = list(
    All = list(Freqs = structure(c(4L, 48L, 502L, 2294L, 30L, 
    1L, 22L, 0L, 0L, 1L, 17L, 1L, 0L, 0L, 0L, 0L, 5L, 155L, 1L, 
    0L, 0L), .Dim = c(7L, 3L), .Dimnames = structure(list(c("-3", 
    "-2", "-1", "0", "1", "2", NA), c("C", "T", NA)), .Names = c("", 
    "")), class = "table"), N = 3081L), Tag.Distribution = structure(c(`1` = 82L, 
    `2` = 60L, `3` = 68L, `4` = 51L, `5` = 57L, `6` = 52L, `7` = 50L, 
    `8` = 33L, `9` = 22L, `10` = 20L, `11` = 13L, `12` = 14L, 
    `13` = 12L, `14` = 4L, `15` = 2L, `16` = 1L, `17` = 6L, `19` = 3L, 
    `21` = 1L, `22` = 1L, `23` = 1L), .Dim = 21L, .Dimnames = list(
        TagUsage = c("1", "2", "3", "4", "5", "6", "7", "8", 
        "9", "10", "11", "12", "13", "14", "15", "16", "17", 
        "19", "21", "22", "23")), class = "table"), No.Tag = structure(c(0L, 
    1L, 9L, 52L, 0L, 0L, 2L, 0L, 0L, 0L, 1L, 0L, 0L, 0L, 0L, 
    0L, 0L, 3L, 0L, 0L, 0L), .Dim = c(7L, 3L), .Dimnames = structure(list(
        c("-3", "-2", "-1", "0", "1", "2", NA), c("C", "T", NA
        )), .Names = c("", "")), class = "table"), All.Tags = list(
        Concordant = list(Freqs = structure(c(0, 4, 45, 286, 
        4, 0, 0, 0, 0, 4, 0, 0), .Dim = c(6L, 2L), .Dimnames = list(
            c("-3", "-2", "-1", "0", "1", "2"), c("C", "T"))), 
            N = 343), Majority = list(Freqs = structure(c(0, 
        4, 62, 454, 4, 0, 0, 0, 0, 5, 0, 0), .Dim = c(6L, 2L), .Dimnames = list(
            c("-3", "-2", "-1", "0", "1", "2"), c("C", "T"))), 
            N = 529)), `2` = structure(c(0, 3, 55, 397, 2, 0, 
    0, 0, 0, 3, 0, 0), .Dim = c(6L, 2L), .Dimnames = list(c("-3", 
    "-2", "-1", "0", "1", "2"), c("C", "T"))))))
