Results <-
list(`bwa.out//20220204//BlindCMMRD66_S25.sam` = list(LR36_SNP1 = list(
    All = list(Freqs = structure(c(3L, 30L, 1564L, 13L, 16L, 
    2L, 24L, 1353L, 10L, 8L, 0L, 1L, 66L, 0L, 0L), .Dim = c(5L, 
    3L), .Dimnames = structure(list(c("-2", "-1", "0", "1", NA
    ), c("A", "T", NA)), .Names = c("", "")), class = "table"), 
        N = 3090L), Tag.Distribution = structure(c(`1` = 90L, 
    `2` = 34L, `3` = 37L, `4` = 32L, `5` = 37L, `6` = 19L, `7` = 27L, 
    `8` = 31L, `9` = 13L, `10` = 19L, `11` = 12L, `12` = 8L, 
    `13` = 11L, `14` = 10L, `15` = 5L, `16` = 12L, `17` = 8L, 
    `18` = 5L, `19` = 7L, `20` = 2L, `21` = 3L, `22` = 2L, `23` = 2L, 
    `24` = 3L, `26` = 1L, `29` = 2L, `30` = 1L, `33` = 1L), .Dim = 28L, .Dimnames = list(
        TagUsage = c("1", "2", "3", "4", "5", "6", "7", "8", 
        "9", "10", "11", "12", "13", "14", "15", "16", "17", 
        "18", "19", "20", "21", "22", "23", "24", "26", "29", 
        "30", "33")), class = "table"), No.Tag = structure(c(0L, 
    0L, 61L, 1L, 1L, 0L, 0L, 31L, 0L, 2L, 0L, 0L, 5L, 0L, 0L), .Dim = c(5L, 
    3L), .Dimnames = structure(list(c("-2", "-1", "0", "1", NA
    ), c("A", "T", NA)), .Names = c("", "")), class = "table"), 
    All.Tags = list(Concordant = list(Freqs = structure(c(0, 
    2, 178, 0, 0, 0, 180, 1), .Dim = c(4L, 2L), .Dimnames = list(
        c("-2", "-1", "0", "1"), c("A", "T"))), N = 361), Majority = list(
        Freqs = structure(c(0, 2, 214, 0, 0, 0, 213, 1), .Dim = c(4L, 
        2L), .Dimnames = list(c("-2", "-1", "0", "1"), c("A", 
        "T"))), N = 430)), `2` = structure(c(0, 0, 178, 0, 0, 
    0, 163, 0), .Dim = c(4L, 2L), .Dimnames = list(c("-2", "-1", 
    "0", "1"), c("A", "T"))))))
