Results <-
list(`bwa.out//20220204//BlindCMMRD46_S6.sam` = list(LR49_SNP1 = list(
    All = list(Freqs = structure(c(4L, 3621L, 1L, 0L, 4L, 0L, 
    0L, 31L, 0L), .Dim = c(3L, 3L), .Dimnames = structure(list(
        c("-1", "0", NA), c("A", "G", NA)), .Names = c("", ""
    )), class = "table"), N = 3661L), Tag.Distribution = structure(c(`1` = 88L, 
    `2` = 22L, `3` = 25L, `4` = 20L, `5` = 23L, `6` = 16L, `7` = 21L, 
    `8` = 17L, `9` = 11L, `10` = 15L, `11` = 16L, `12` = 14L, 
    `13` = 7L, `14` = 8L, `15` = 17L, `16` = 8L, `17` = 5L, `18` = 9L, 
    `19` = 3L, `20` = 8L, `21` = 3L, `22` = 2L, `23` = 2L, `24` = 3L, 
    `25` = 1L, `26` = 1L, `28` = 3L, `29` = 2L, `30` = 1L, `31` = 1L, 
    `32` = 2L, `33` = 1L, `34` = 2L, `36` = 2L, `38` = 1L, `39` = 2L, 
    `41` = 1L, `42` = 1L, `43` = 2L, `48` = 1L, `50` = 1L, `55` = 1L
    ), .Dim = 42L, .Dimnames = list(TagUsage = c("1", "2", "3", 
    "4", "5", "6", "7", "8", "9", "10", "11", "12", "13", "14", 
    "15", "16", "17", "18", "19", "20", "21", "22", "23", "24", 
    "25", "26", "28", "29", "30", "31", "32", "33", "34", "36", 
    "38", "39", "41", "42", "43", "48", "50", "55")), class = "table"), 
    No.Tag = structure(c(0L, 75L, 0L, 0L, 1L, 0L, 0L, 7L, 0L), .Dim = c(3L, 
    3L), .Dimnames = structure(list(c("-1", "0", NA), c("A", 
    "G", NA)), .Names = c("", "")), class = "table"), All.Tags = list(
        Concordant = list(Freqs = structure(c(0, 380, 0, 1), .Dim = c(2L, 
        2L), .Dimnames = list(c("-1", "0"), c("A", "G"))), N = 381), 
        Majority = list(Freqs = structure(c(0, 386, 0, 1), .Dim = c(2L, 
        2L), .Dimnames = list(c("-1", "0"), c("A", "G"))), N = 387)), 
    `2` = structure(c(0, 301, 0, 0), .Dim = c(2L, 2L), .Dimnames = list(
        c("-1", "0"), c("A", "G"))))))
