Results <-
list(`bwa.out//20220204//BlindCMMRD76_S35.sam` = list(LR11_SNP1 = list(
    All = list(Freqs = structure(c(0L, 0L, 2L, 0L, 0L, 0L, 5L, 
    109L, 4518L, 33L, 1L, 6L, 0L, 4L, 128L, 0L, 0L, 0L), .Dim = c(6L, 
    3L), .Dimnames = structure(list(c("-2", "-1", "0", "1", "2", 
    NA), c("A", "C", NA)), .Names = c("", "")), class = "table"), 
        N = 4806L), Tag.Distribution = structure(c(`1` = 101L, 
    `2` = 32L, `3` = 34L, `4` = 24L, `5` = 30L, `6` = 22L, `7` = 23L, 
    `8` = 27L, `9` = 19L, `10` = 20L, `11` = 20L, `12` = 18L, 
    `13` = 21L, `14` = 18L, `15` = 16L, `16` = 14L, `17` = 15L, 
    `18` = 16L, `19` = 11L, `20` = 10L, `21` = 7L, `22` = 7L, 
    `23` = 1L, `24` = 5L, `25` = 3L, `26` = 1L, `27` = 2L, `28` = 3L, 
    `29` = 1L, `30` = 1L, `33` = 1L, `39` = 1L, `40` = 1L, `42` = 1L, 
    `43` = 1L, `48` = 1L), .Dim = 36L, .Dimnames = list(TagUsage = c("1", 
    "2", "3", "4", "5", "6", "7", "8", "9", "10", "11", "12", 
    "13", "14", "15", "16", "17", "18", "19", "20", "21", "22", 
    "23", "24", "25", "26", "27", "28", "29", "30", "33", "39", 
    "40", "42", "43", "48")), class = "table"), No.Tag = structure(c(0L, 
    0L, 0L, 0L, 0L, 0L, 0L, 0L, 47L, 0L, 0L, 0L, 0L, 0L, 2L, 
    0L, 0L, 0L), .Dim = c(6L, 3L), .Dimnames = structure(list(
        c("-2", "-1", "0", "1", "2", NA), c("A", "C", NA)), .Names = c("", 
    "")), class = "table"), All.Tags = list(Concordant = list(
        Freqs = structure(c(0, 0, 1, 0, 0, 0, 5, 420, 1, 0), .Dim = c(5L, 
        2L), .Dimnames = list(c("-2", "-1", "0", "1", "2"), c("A", 
        "C"))), N = 427), Majority = list(Freqs = structure(c(0, 
    0, 1, 0, 0, 0, 6, 511, 1, 0), .Dim = c(5L, 2L), .Dimnames = list(
        c("-2", "-1", "0", "1", "2"), c("A", "C"))), N = 519)), 
    `2` = structure(c(0, 0, 0, 0, 0, 0, 3, 422, 0, 0), .Dim = c(5L, 
    2L), .Dimnames = list(c("-2", "-1", "0", "1", "2"), c("A", 
    "C"))))))
