Results <-
list(`bwa.out//20220204//BlindCMMRD76_S35.sam` = list(GM07_SNP1 = list(
    All = list(Freqs = structure(c(0L, 0L, 1L, 0L, 0L, 0L, 1L, 
    6L, 343L, 4268L, 146L, 3L, 1L, 72L, 0L, 4L, 73L, 2L, 0L, 
    0L, 0L), .Dim = c(7L, 3L), .Dimnames = structure(list(c("-2", 
    "-1", "0", "1", "2", "3", NA), c("A", "G", NA)), .Names = c("", 
    "")), class = "table"), N = 4920L), Tag.Distribution = structure(c(`1` = 89L, 
    `2` = 26L, `3` = 33L, `4` = 28L, `5` = 28L, `6` = 28L, `7` = 33L, 
    `8` = 22L, `9` = 15L, `10` = 22L, `11` = 21L, `12` = 22L, 
    `13` = 18L, `14` = 9L, `15` = 16L, `16` = 5L, `17` = 9L, 
    `18` = 11L, `19` = 6L, `20` = 7L, `21` = 13L, `22` = 3L, 
    `23` = 5L, `24` = 2L, `25` = 3L, `26` = 4L, `27` = 2L, `28` = 3L, 
    `29` = 6L, `31` = 3L, `32` = 2L, `35` = 1L, `37` = 1L, `38` = 1L, 
    `41` = 1L, `52` = 1L, `55` = 1L), .Dim = 37L, .Dimnames = list(
        TagUsage = c("1", "2", "3", "4", "5", "6", "7", "8", 
        "9", "10", "11", "12", "13", "14", "15", "16", "17", 
        "18", "19", "20", "21", "22", "23", "24", "25", "26", 
        "27", "28", "29", "31", "32", "35", "37", "38", "41", 
        "52", "55")), class = "table"), No.Tag = structure(c(0L, 
    0L, 0L, 0L, 0L, 0L, 0L, 0L, 8L, 261L, 14L, 0L, 0L, 14L, 0L, 
    0L, 13L, 0L, 0L, 0L, 0L), .Dim = c(7L, 3L), .Dimnames = structure(list(
        c("-2", "-1", "0", "1", "2", "3", NA), c("A", "G", NA
        )), .Names = c("", "")), class = "table"), All.Tags = list(
        Concordant = list(Freqs = structure(c(0, 0, 1, 0, 0, 
        0, 1, 16, 284, 3, 0, 0), .Dim = c(6L, 2L), .Dimnames = list(
            c("-2", "-1", "0", "1", "2", "3"), c("A", "G"))), 
            N = 305), Majority = list(Freqs = structure(c(0, 
        0, 1, 0, 0, 0, 1, 22, 459, 6, 0, 0), .Dim = c(6L, 2L), .Dimnames = list(
            c("-2", "-1", "0", "1", "2", "3"), c("A", "G"))), 
            N = 489)), `2` = structure(c(0, 0, 0, 0, 0, 0, 1, 
    15, 387, 4, 0, 0), .Dim = c(6L, 2L), .Dimnames = list(c("-2", 
    "-1", "0", "1", "2", "3"), c("A", "G"))))))
