Results <-
list(`bwa.out//20220204//BlindCMMRD49_S9.sam` = list(GM07_SNP1 = list(
    All = list(Freqs = structure(c(0L, 0L, 1L, 0L, 0L, 0L, 4L, 
    276L, 2400L, 59L, 1L, 31L, 2L, 230L, 2632L, 55L, 1L, 39L, 
    1L, 1L, 59L, 1L, 0L, 0L), .Dim = c(6L, 4L), .Dimnames = structure(list(
        c("-2", "-1", "0", "1", "2", NA), c("-", "A", "G", NA
        )), .Names = c("", "")), class = "table"), N = 5793L), 
    Tag.Distribution = structure(c(`1` = 81L, `2` = 12L, `3` = 7L, 
    `4` = 5L, `5` = 9L, `6` = 7L, `7` = 8L, `8` = 10L, `9` = 5L, 
    `10` = 7L, `11` = 4L, `12` = 5L, `13` = 6L, `14` = 7L, `15` = 5L, 
    `16` = 4L, `17` = 7L, `18` = 3L, `19` = 8L, `20` = 6L, `21` = 5L, 
    `22` = 1L, `23` = 4L, `24` = 2L, `25` = 4L, `26` = 2L, `27` = 5L, 
    `28` = 4L, `29` = 2L, `30` = 4L, `31` = 2L, `32` = 2L, `33` = 1L, 
    `34` = 1L, `35` = 3L, `36` = 5L, `37` = 4L, `38` = 1L, `39` = 1L, 
    `40` = 2L, `41` = 1L, `42` = 1L, `43` = 4L, `44` = 2L, `47` = 2L, 
    `48` = 2L, `49` = 2L, `50` = 1L, `51` = 1L, `53` = 2L, `54` = 3L, 
    `55` = 1L, `56` = 1L, `57` = 1L, `59` = 2L, `61` = 1L, `63` = 1L, 
    `66` = 1L, `67` = 1L, `68` = 2L, `69` = 2L, `73` = 2L, `76` = 1L, 
    `81` = 1L, `84` = 1L, `87` = 1L, `88` = 1L, `93` = 1L, `95` = 1L
    ), .Dim = 69L, .Dimnames = list(TagUsage = c("1", "2", "3", 
    "4", "5", "6", "7", "8", "9", "10", "11", "12", "13", "14", 
    "15", "16", "17", "18", "19", "20", "21", "22", "23", "24", 
    "25", "26", "27", "28", "29", "30", "31", "32", "33", "34", 
    "35", "36", "37", "38", "39", "40", "41", "42", "43", "44", 
    "47", "48", "49", "50", "51", "53", "54", "55", "56", "57", 
    "59", "61", "63", "66", "67", "68", "69", "73", "76", "81", 
    "84", "87", "88", "93", "95")), class = "table"), No.Tag = structure(c(0L, 
    0L, 0L, 0L, 0L, 0L, 0L, 7L, 102L, 1L, 0L, 1L, 0L, 10L, 111L, 
    3L, 0L, 10L, 0L, 0L, 6L, 0L, 0L, 0L), .Dim = c(6L, 4L), .Dimnames = structure(list(
        c("-2", "-1", "0", "1", "2", NA), c("-", "A", "G", NA
        )), .Names = c("", "")), class = "table"), All.Tags = list(
        Concordant = list(Freqs = structure(c(0, 0, 1, 0, 0, 
        0, 5, 63, 1, 0, 0, 5, 70, 2, 0), .Dim = c(5L, 3L), .Dimnames = list(
            c("-2", "-1", "0", "1", "2"), c("-", "A", "G"))), 
            N = 147), Majority = list(Freqs = structure(c(0, 
        0, 1, 0, 0, 0, 9, 129, 1, 0, 0, 7, 140, 2, 0), .Dim = c(5L, 
        3L), .Dimnames = list(c("-2", "-1", "0", "1", "2"), c("-", 
        "A", "G"))), N = 289)), `2` = structure(c(0, 0, 0, 0, 
    0, 0, 7, 98, 0, 0, 0, 7, 109, 0, 0), .Dim = c(5L, 3L), .Dimnames = list(
        c("-2", "-1", "0", "1", "2"), c("-", "A", "G"))))))
