Results <-
list(`bwa.out//20220204//MLPA101_S15.sam` = list(GM26_SNP1 = list(
    All = list(Freqs = structure(c(5L, 1290L, 2L, 4L, 4L, 1103L, 
    0L, 0L, 3L, 34L, 0L, 0L), .Dim = 4:3, .Dimnames = structure(list(
        c("-1", "0", "1", NA), c("A", "G", NA)), .Names = c("", 
    "")), class = "table"), N = 2445L), Tag.Distribution = structure(c(`1` = 113L, 
    `2` = 43L, `3` = 38L, `4` = 28L, `5` = 37L, `6` = 20L, `7` = 19L, 
    `8` = 13L, `9` = 14L, `10` = 11L, `11` = 16L, `12` = 9L, 
    `13` = 7L, `14` = 11L, `15` = 7L, `16` = 5L, `17` = 4L, `18` = 3L, 
    `19` = 3L, `20` = 2L, `23` = 4L, `24` = 1L, `25` = 1L, `27` = 1L, 
    `28` = 1L, `33` = 2L, `37` = 1L), .Dim = 27L, .Dimnames = list(
        TagUsage = c("1", "2", "3", "4", "5", "6", "7", "8", 
        "9", "10", "11", "12", "13", "14", "15", "16", "17", 
        "18", "19", "20", "23", "24", "25", "27", "28", "33", 
        "37")), class = "table"), No.Tag = structure(c(0L, 7L, 
    0L, 0L, 0L, 2L, 0L, 0L, 0L, 1L, 0L, 0L), .Dim = 4:3, .Dimnames = structure(list(
        c("-1", "0", "1", NA), c("A", "G", NA)), .Names = c("", 
    "")), class = "table"), All.Tags = list(Concordant = list(
        Freqs = structure(c(1, 192, 0, 0, 185, 0), .Dim = 3:2, .Dimnames = list(
            c("-1", "0", "1"), c("A", "G"))), N = 378), Majority = list(
        Freqs = structure(c(1, 203, 0, 0, 198, 0), .Dim = 3:2, .Dimnames = list(
            c("-1", "0", "1"), c("A", "G"))), N = 402)), `2` = structure(c(0, 
    152, 0, 0, 147, 0), .Dim = 3:2, .Dimnames = list(c("-1", 
    "0", "1"), c("A", "G"))))))
