Results <-
list(`bwa.out//20220204//MLPA100_S14.sam` = list(GM09_SNP1 = list(
    All = list(Freqs = structure(c(13L, 2126L, 1L, 1L, 9L, 1999L, 
    2L, 0L, 1L, 21L, 0L, 0L), .Dim = 4:3, .Dimnames = structure(list(
        c("-1", "0", "1", NA), c("A", "G", NA)), .Names = c("", 
    "")), class = "table"), N = 4173L), Tag.Distribution = structure(c(`1` = 231L, 
    `2` = 134L, `3` = 99L, `4` = 74L, `5` = 63L, `6` = 59L, `7` = 36L, 
    `8` = 29L, `9` = 21L, `10` = 19L, `11` = 17L, `12` = 11L, 
    `13` = 6L, `14` = 9L, `15` = 11L, `16` = 8L, `17` = 10L, 
    `18` = 4L, `19` = 5L, `20` = 2L, `21` = 2L, `22` = 2L, `23` = 1L, 
    `25` = 1L, `27` = 1L, `29` = 2L, `30` = 1L), .Dim = 27L, .Dimnames = list(
        TagUsage = c("1", "2", "3", "4", "5", "6", "7", "8", 
        "9", "10", "11", "12", "13", "14", "15", "16", "17", 
        "18", "19", "20", "21", "22", "23", "25", "27", "29", 
        "30")), class = "table"), No.Tag = structure(c(0L, 17L, 
    0L, 0L, 1L, 89L, 0L, 0L, 0L, 0L, 0L, 0L), .Dim = 4:3, .Dimnames = structure(list(
        c("-1", "0", "1", NA), c("A", "G", NA)), .Names = c("", 
    "")), class = "table"), All.Tags = list(Concordant = list(
        Freqs = structure(c(1, 376, 0, 0, 388, 0), .Dim = 3:2, .Dimnames = list(
            c("-1", "0", "1"), c("A", "G"))), N = 765), Majority = list(
        Freqs = structure(c(1, 420, 0, 0, 423, 0), .Dim = 3:2, .Dimnames = list(
            c("-1", "0", "1"), c("A", "G"))), N = 844)), `2` = structure(c(0, 
    308, 0, 0, 307, 0), .Dim = 3:2, .Dimnames = list(c("-1", 
    "0", "1"), c("A", "G"))))))
