Results <-
list(`bwa.out//20220204//17D1520_S5.sam` = list(GM17_SNP1 = list(
    All = list(Freqs = structure(c(1L, 51L, 3824L, 11L, 2L, 0L, 
    0L, 2L, 0L, 0L, 0L, 1L, 19L, 0L, 0L), .Dim = c(5L, 3L), .Dimnames = structure(list(
        c("-2", "-1", "0", "1", NA), c("C", "T", NA)), .Names = c("", 
    "")), class = "table"), N = 3911L), Tag.Distribution = structure(c(`1` = 120L, 
    `2` = 59L, `3` = 39L, `4` = 40L, `5` = 30L, `6` = 34L, `7` = 20L, 
    `8` = 14L, `9` = 10L, `10` = 23L, `11` = 10L, `12` = 3L, 
    `13` = 10L, `14` = 13L, `15` = 10L, `16` = 11L, `17` = 3L, 
    `18` = 2L, `19` = 6L, `20` = 5L, `21` = 5L, `22` = 3L, `23` = 2L, 
    `24` = 6L, `25` = 4L, `26` = 1L, `27` = 3L, `28` = 3L, `29` = 2L, 
    `30` = 2L, `32` = 3L, `33` = 2L, `34` = 4L, `35` = 1L, `37` = 1L, 
    `38` = 1L, `40` = 1L, `41` = 1L, `43` = 1L), .Dim = 39L, .Dimnames = list(
        TagUsage = c("1", "2", "3", "4", "5", "6", "7", "8", 
        "9", "10", "11", "12", "13", "14", "15", "16", "17", 
        "18", "19", "20", "21", "22", "23", "24", "25", "26", 
        "27", "28", "29", "30", "32", "33", "34", "35", "37", 
        "38", "40", "41", "43")), class = "table"), No.Tag = structure(c(0L, 
    0L, 82L, 0L, 0L, 0L, 0L, 0L, 0L, 0L, 0L, 0L, 1L, 0L, 0L), .Dim = c(5L, 
    3L), .Dimnames = structure(list(c("-2", "-1", "0", "1", NA
    ), c("C", "T", NA)), .Names = c("", "")), class = "table"), 
    All.Tags = list(Concordant = list(Freqs = structure(c(0, 
    3, 458, 1, 0, 0, 1, 0), .Dim = c(4L, 2L), .Dimnames = list(
        c("-2", "-1", "0", "1"), c("C", "T"))), N = 463), Majority = list(
        Freqs = structure(c(0, 3, 500, 1, 0, 0, 1, 0), .Dim = c(4L, 
        2L), .Dimnames = list(c("-2", "-1", "0", "1"), c("C", 
        "T"))), N = 505)), `2` = structure(c(0, 0, 387, 0, 0, 
    0, 0, 0), .Dim = c(4L, 2L), .Dimnames = list(c("-2", "-1", 
    "0", "1"), c("C", "T"))))))
