Results <-
list(`bwa.out//20220204//Control15_S8.sam` = list(IM16_SNP1 = list(
    All = list(Freqs = structure(c(0L, 1L, 0L, 0L, 35L, 3181L, 
    49L, 8L, 0L, 42L, 1L, 0L), .Dim = 4:3, .Dimnames = structure(list(
        c("-1", "0", "1", NA), c("A", "G", NA)), .Names = c("", 
    "")), class = "table"), N = 3317L), Tag.Distribution = structure(c(`1` = 92L, 
    `2` = 39L, `3` = 46L, `4` = 30L, `5` = 22L, `6` = 26L, `7` = 27L, 
    `8` = 20L, `9` = 18L, `10` = 6L, `11` = 10L, `12` = 13L, 
    `13` = 5L, `14` = 16L, `15` = 9L, `16` = 12L, `17` = 2L, 
    `18` = 4L, `19` = 5L, `20` = 8L, `21` = 1L, `22` = 2L, `23` = 4L, 
    `24` = 4L, `25` = 1L, `26` = 1L, `27` = 3L, `29` = 1L, `30` = 1L, 
    `35` = 2L, `39` = 3L, `49` = 1L), .Dim = 32L, .Dimnames = list(
        TagUsage = c("1", "2", "3", "4", "5", "6", "7", "8", 
        "9", "10", "11", "12", "13", "14", "15", "16", "17", 
        "18", "19", "20", "21", "22", "23", "24", "25", "26", 
        "27", "29", "30", "35", "39", "49")), class = "table"), 
    No.Tag = structure(c(0L, 0L, 0L, 0L, 3L, 115L, 3L, 3L, 0L, 
    5L, 0L, 0L), .Dim = 4:3, .Dimnames = structure(list(c("-1", 
    "0", "1", NA), c("A", "G", NA)), .Names = c("", "")), class = "table"), 
    All.Tags = list(Concordant = list(Freqs = structure(c(0, 
    1, 0, 0, 371, 0), .Dim = 3:2, .Dimnames = list(c("-1", "0", 
    "1"), c("A", "G"))), N = 372), Majority = list(Freqs = structure(c(0, 
    1, 0, 0, 428, 0), .Dim = 3:2, .Dimnames = list(c("-1", "0", 
    "1"), c("A", "G"))), N = 429)), `2` = structure(c(0, 0, 0, 
    0, 341, 0), .Dim = 3:2, .Dimnames = list(c("-1", "0", "1"
    ), c("A", "G"))))))
