Results <-
list(`bwa.out//20220204//BlindCMMRD118_S44.sam` = list(LR48_SNP1 = list(
    All = list(Freqs = structure(c(0L, 0L, 1L, 0L, 0L, 3L, 86L, 
    3536L, 46L, 16L, 0L, 0L, 3L, 0L, 0L, 0L, 0L, 48L, 0L, 0L), .Dim = 5:4, .Dimnames = structure(list(
        c("-2", "-1", "0", "1", NA), c("-", "C", "T", NA)), .Names = c("", 
    "")), class = "table"), N = 3739L), Tag.Distribution = structure(c(`1` = 111L, 
    `2` = 75L, `3` = 61L, `4` = 71L, `5` = 69L, `6` = 68L, `7` = 47L, 
    `8` = 44L, `9` = 22L, `10` = 33L, `11` = 20L, `12` = 20L, 
    `13` = 8L, `14` = 10L, `15` = 2L, `16` = 2L, `17` = 2L, `18` = 4L, 
    `20` = 1L, `23` = 1L), .Dim = 20L, .Dimnames = list(TagUsage = c("1", 
    "2", "3", "4", "5", "6", "7", "8", "9", "10", "11", "12", 
    "13", "14", "15", "16", "17", "18", "20", "23")), class = "table"), 
    No.Tag = structure(c(0L, 0L, 0L, 0L, 0L, 0L, 4L, 120L, 5L, 
    0L, 0L, 0L, 0L, 0L, 0L, 0L, 0L, 5L, 0L, 0L), .Dim = 5:4, .Dimnames = structure(list(
        c("-2", "-1", "0", "1", NA), c("-", "C", "T", NA)), .Names = c("", 
    "")), class = "table"), All.Tags = list(Concordant = list(
        Freqs = structure(c(0, 0, 0, 0, 0, 4, 560, 0, 0, 0, 3, 
        0), .Dim = 4:3, .Dimnames = list(c("-2", "-1", "0", "1"
        ), c("-", "C", "T"))), N = 567), Majority = list(Freqs = structure(c(0, 
    0, 0, 0, 0, 6, 651, 1, 0, 0, 3, 0), .Dim = 4:3, .Dimnames = list(
        c("-2", "-1", "0", "1"), c("-", "C", "T"))), N = 661)), 
    `2` = structure(c(0, 0, 0, 0, 0, 2, 552, 1, 0, 0, 0, 0), .Dim = 4:3, .Dimnames = list(
        c("-2", "-1", "0", "1"), c("-", "C", "T"))))))
