Results <-
list(`bwa.out//20220204//MLPA101_S15.sam` = list(LR36_SNP1 = list(
    All = list(Freqs = structure(c(2L, 1L, 22L, 1030L, 9L, 11L, 
    0L, 3L, 17L, 1144L, 12L, 7L, 0L, 0L, 3L, 81L, 1L, 0L), .Dim = c(6L, 
    3L), .Dimnames = structure(list(c("-3", "-2", "-1", "0", 
    "1", NA), c("A", "T", NA)), .Names = c("", "")), class = "table"), 
        N = 2343L), Tag.Distribution = structure(c(`1` = 88L, 
    `2` = 39L, `3` = 34L, `4` = 28L, `5` = 36L, `6` = 19L, `7` = 13L, 
    `8` = 8L, `9` = 9L, `10` = 12L, `11` = 14L, `12` = 7L, `13` = 12L, 
    `14` = 6L, `15` = 3L, `16` = 7L, `17` = 3L, `18` = 4L, `19` = 2L, 
    `20` = 1L, `22` = 5L, `23` = 3L, `24` = 2L, `25` = 1L, `27` = 1L, 
    `29` = 2L, `30` = 1L, `33` = 2L), .Dim = 28L, .Dimnames = list(
        TagUsage = c("1", "2", "3", "4", "5", "6", "7", "8", 
        "9", "10", "11", "12", "13", "14", "15", "16", "17", 
        "18", "19", "20", "22", "23", "24", "25", "27", "29", 
        "30", "33")), class = "table"), No.Tag = structure(c(0L, 
    0L, 0L, 27L, 0L, 1L, 0L, 0L, 0L, 26L, 0L, 1L, 0L, 0L, 0L, 
    9L, 0L, 0L), .Dim = c(6L, 3L), .Dimnames = structure(list(
        c("-3", "-2", "-1", "0", "1", NA), c("A", "T", NA)), .Names = c("", 
    "")), class = "table"), All.Tags = list(Concordant = list(
        Freqs = structure(c(0, 0, 1, 135, 0, 0, 0, 0, 160, 0), .Dim = c(5L, 
        2L), .Dimnames = list(c("-3", "-2", "-1", "0", "1"), 
            c("A", "T"))), N = 296), Majority = list(Freqs = structure(c(0, 
    0, 1, 164, 0, 0, 0, 0, 185, 0), .Dim = c(5L, 2L), .Dimnames = list(
        c("-3", "-2", "-1", "0", "1"), c("A", "T"))), N = 350)), 
    `2` = structure(c(0, 0, 0, 125, 0, 0, 0, 0, 143, 0), .Dim = c(5L, 
    2L), .Dimnames = list(c("-3", "-2", "-1", "0", "1"), c("A", 
    "T"))))))
