Results <-
list(`bwa.out//20220204//BlindCMMRD78_S37.sam` = list(LR10_SNP1 = list(
    All = list(Freqs = structure(c(0L, 1L, 0L, 0L, 32L, 1923L, 
    14L, 6L, 24L, 1802L, 4L, 1L, 0L, 37L, 1L, 0L), .Dim = c(4L, 
    4L), .Dimnames = structure(list(c("-1", "0", "1", NA), c("A", 
    "C", "T", NA)), .Names = c("", "")), class = "table"), N = 3845L), 
    Tag.Distribution = structure(c(`1` = 81L, `2` = 65L, `3` = 46L, 
    `4` = 37L, `5` = 40L, `6` = 25L, `7` = 37L, `8` = 27L, `9` = 27L, 
    `10` = 26L, `11` = 13L, `12` = 17L, `13` = 8L, `14` = 6L, 
    `15` = 13L, `16` = 8L, `17` = 8L, `18` = 9L, `19` = 2L, `20` = 6L, 
    `21` = 5L, `22` = 3L, `23` = 2L, `24` = 3L, `25` = 1L, `26` = 1L, 
    `27` = 2L, `28` = 1L, `29` = 1L, `34` = 1L, `35` = 1L, `40` = 1L, 
    `46` = 1L), .Dim = 33L, .Dimnames = list(TagUsage = c("1", 
    "2", "3", "4", "5", "6", "7", "8", "9", "10", "11", "12", 
    "13", "14", "15", "16", "17", "18", "19", "20", "21", "22", 
    "23", "24", "25", "26", "27", "28", "29", "34", "35", "40", 
    "46")), class = "table"), No.Tag = structure(c(0L, 0L, 0L, 
    0L, 7L, 60L, 0L, 0L, 0L, 30L, 0L, 0L, 0L, 3L, 0L, 0L), .Dim = c(4L, 
    4L), .Dimnames = structure(list(c("-1", "0", "1", NA), c("A", 
    "C", "T", NA)), .Names = c("", "")), class = "table"), All.Tags = list(
        Concordant = list(Freqs = structure(c(0, 0, 0, 2, 210, 
        0, 1, 228, 0), .Dim = c(3L, 3L), .Dimnames = list(c("-1", 
        "0", "1"), c("A", "C", "T"))), N = 441), Majority = list(
            Freqs = structure(c(0, 0, 0, 2, 249, 0, 1, 265, 0
            ), .Dim = c(3L, 3L), .Dimnames = list(c("-1", "0", 
            "1"), c("A", "C", "T"))), N = 517)), `2` = structure(c(0, 
    0, 0, 0, 221, 0, 0, 219, 0), .Dim = c(3L, 3L), .Dimnames = list(
        c("-1", "0", "1"), c("A", "C", "T"))))))
