Results <-
list(`bwa.out//20220204//BlindCMMRD59_S18.sam` = list(LR46_SNP1 = list(
    All = list(Freqs = structure(c(0L, 1L, 0L, 0L, 14L, 3996L, 
    6L, 12L, 0L, 4L, 0L, 0L, 0L, 14L, 0L, 0L), .Dim = c(4L, 4L
    ), .Dimnames = structure(list(c("-1", "0", "1", NA), c("A", 
    "G", "T", NA)), .Names = c("", "")), class = "table"), N = 4047L), 
    Tag.Distribution = structure(c(`1` = 87L, `2` = 32L, `3` = 30L, 
    `4` = 30L, `5` = 29L, `6` = 26L, `7` = 20L, `8` = 22L, `9` = 19L, 
    `10` = 15L, `11` = 19L, `12` = 18L, `13` = 7L, `14` = 14L, 
    `15` = 10L, `16` = 10L, `17` = 9L, `18` = 3L, `19` = 2L, 
    `20` = 4L, `21` = 3L, `22` = 3L, `23` = 2L, `24` = 5L, `25` = 1L, 
    `26` = 2L, `27` = 3L, `29` = 2L, `30` = 2L, `31` = 2L, `32` = 5L, 
    `33` = 4L, `34` = 1L, `36` = 2L, `37` = 2L, `38` = 2L, `39` = 1L, 
    `45` = 1L, `52` = 1L), .Dim = 39L, .Dimnames = list(TagUsage = c("1", 
    "2", "3", "4", "5", "6", "7", "8", "9", "10", "11", "12", 
    "13", "14", "15", "16", "17", "18", "19", "20", "21", "22", 
    "23", "24", "25", "26", "27", "29", "30", "31", "32", "33", 
    "34", "36", "37", "38", "39", "45", "52")), class = "table"), 
    No.Tag = structure(c(0L, 0L, 0L, 0L, 0L, 81L, 0L, 0L, 0L, 
    0L, 0L, 0L, 0L, 3L, 0L, 0L), .Dim = c(4L, 4L), .Dimnames = structure(list(
        c("-1", "0", "1", NA), c("A", "G", "T", NA)), .Names = c("", 
    "")), class = "table"), All.Tags = list(Concordant = list(
        Freqs = structure(c(0, 0, 0, 1, 425, 0, 0, 4, 0), .Dim = c(3L, 
        3L), .Dimnames = list(c("-1", "0", "1"), c("A", "G", 
        "T"))), N = 430), Majority = list(Freqs = structure(c(0, 
    0, 0, 2, 441, 0, 0, 4, 0), .Dim = c(3L, 3L), .Dimnames = list(
        c("-1", "0", "1"), c("A", "G", "T"))), N = 447)), `2` = structure(c(0, 
    0, 0, 1, 361, 0, 0, 0, 0), .Dim = c(3L, 3L), .Dimnames = list(
        c("-1", "0", "1"), c("A", "G", "T"))))))
