Results <-
list(`bwa.out//20220204//BlindCMMRD43_S3.sam` = list(LR36_SNP1 = list(
    All = list(Freqs = structure(c(0L, 0L, 0L, 7L, 0L, 0L, 0L, 
    0L, 0L, 0L, 1L, 0L, 0L, 0L, 1L, 2L, 46L, 2015L, 14L, 1L, 
    10L, 0L, 0L, 1L, 88L, 0L, 0L, 0L), .Dim = c(7L, 4L), .Dimnames = structure(list(
        c("-4", "-2", "-1", "0", "1", "2", NA), c("A", "C", "T", 
        NA)), .Names = c("", "")), class = "table"), N = 2186L), 
    Tag.Distribution = structure(c(`1` = 55L, `2` = 28L, `3` = 20L, 
    `4` = 21L, `5` = 16L, `6` = 19L, `7` = 16L, `8` = 6L, `9` = 8L, 
    `10` = 5L, `11` = 6L, `12` = 10L, `13` = 1L, `14` = 5L, `15` = 4L, 
    `16` = 5L, `17` = 1L, `18` = 3L, `19` = 1L, `20` = 4L, `21` = 3L, 
    `22` = 4L, `23` = 1L, `24` = 2L, `25` = 2L, `26` = 2L, `27` = 1L, 
    `29` = 4L, `30` = 1L, `32` = 1L, `33` = 1L, `34` = 2L, `35` = 1L, 
    `36` = 1L, `39` = 1L, `52` = 1L), .Dim = 36L, .Dimnames = list(
        TagUsage = c("1", "2", "3", "4", "5", "6", "7", "8", 
        "9", "10", "11", "12", "13", "14", "15", "16", "17", 
        "18", "19", "20", "21", "22", "23", "24", "25", "26", 
        "27", "29", "30", "32", "33", "34", "35", "36", "39", 
        "52")), class = "table"), No.Tag = structure(c(0L, 0L, 
    0L, 0L, 0L, 0L, 0L, 0L, 0L, 0L, 0L, 0L, 0L, 0L, 0L, 0L, 0L, 
    64L, 1L, 1L, 3L, 0L, 0L, 0L, 15L, 0L, 0L, 0L), .Dim = c(7L, 
    4L), .Dimnames = structure(list(c("-4", "-2", "-1", "0", 
    "1", "2", NA), c("A", "C", "T", NA)), .Names = c("", "")), class = "table"), 
    All.Tags = list(Concordant = list(Freqs = structure(c(0, 
    0, 0, 6, 0, 0, 0, 0, 0, 0, 0, 0, 0, 0, 3, 204, 1, 0), .Dim = c(6L, 
    3L), .Dimnames = list(c("-4", "-2", "-1", "0", "1", "2"), 
        c("A", "C", "T"))), N = 214), Majority = list(Freqs = structure(c(0, 
    0, 0, 6, 0, 0, 0, 0, 0, 0, 0, 0, 0, 0, 4, 250, 1, 0), .Dim = c(6L, 
    3L), .Dimnames = list(c("-4", "-2", "-1", "0", "1", "2"), 
        c("A", "C", "T"))), N = 261)), `2` = structure(c(0, 0, 
    0, 0, 0, 0, 0, 0, 0, 0, 0, 0, 0, 0, 2, 205, 0, 0), .Dim = c(6L, 
    3L), .Dimnames = list(c("-4", "-2", "-1", "0", "1", "2"), 
        c("A", "C", "T"))))))
