Results <-
list(`bwa.out//20220204//BlindCMMRD78_S37.sam` = list(GM29_SNP1 = list(
    All = list(Freqs = structure(c(31L, 2307L, 11L, 3L, 30L, 
    1987L, 4L, 6L, 1L, 29L, 0L, 0L), .Dim = 4:3, .Dimnames = structure(list(
        c("-1", "0", "1", NA), c("A", "G", NA)), .Names = c("", 
    "")), class = "table"), N = 4409L), Tag.Distribution = structure(c(`1` = 76L, 
    `2` = 43L, `3` = 39L, `4` = 38L, `5` = 35L, `6` = 39L, `7` = 22L, 
    `8` = 24L, `9` = 20L, `10` = 16L, `11` = 12L, `12` = 11L, 
    `13` = 13L, `14` = 15L, `15` = 6L, `16` = 7L, `17` = 11L, 
    `18` = 9L, `19` = 7L, `20` = 3L, `21` = 2L, `22` = 6L, `23` = 4L, 
    `24` = 7L, `25` = 5L, `26` = 3L, `27` = 3L, `28` = 2L, `29` = 3L, 
    `30` = 4L, `31` = 2L, `32` = 2L, `34` = 2L, `38` = 2L, `45` = 1L, 
    `50` = 1L, `55` = 1L), .Dim = 37L, .Dimnames = list(TagUsage = c("1", 
    "2", "3", "4", "5", "6", "7", "8", "9", "10", "11", "12", 
    "13", "14", "15", "16", "17", "18", "19", "20", "21", "22", 
    "23", "24", "25", "26", "27", "28", "29", "30", "31", "32", 
    "34", "38", "45", "50", "55")), class = "table"), No.Tag = structure(c(1L, 
    51L, 0L, 0L, 1L, 36L, 0L, 2L, 0L, 4L, 0L, 0L), .Dim = 4:3, .Dimnames = structure(list(
        c("-1", "0", "1", NA), c("A", "G", NA)), .Names = c("", 
    "")), class = "table"), All.Tags = list(Concordant = list(
        Freqs = structure(c(0, 194, 0, 1, 193, 0), .Dim = 3:2, .Dimnames = list(
            c("-1", "0", "1"), c("A", "G"))), N = 388), Majority = list(
        Freqs = structure(c(0, 247, 0, 1, 240, 0), .Dim = 3:2, .Dimnames = list(
            c("-1", "0", "1"), c("A", "G"))), N = 488)), `2` = structure(c(0, 
    205, 0, 0, 209, 0), .Dim = 3:2, .Dimnames = list(c("-1", 
    "0", "1"), c("A", "G"))))))
