Results <-
list(`bwa.out//20220204//BlindCMMRD62_S21.sam` = list(LR10_SNP1 = list(
    All = list(Freqs = structure(c(0L, 0L, 1L, 0L, 0L, 1L, 72L, 
    4274L, 23L, 2L, 0L, 0L, 31L, 1L, 0L), .Dim = c(5L, 3L), .Dimnames = structure(list(
        c("-2", "-1", "0", "1", NA), c("C", "T", NA)), .Names = c("", 
    "")), class = "table"), N = 4405L), Tag.Distribution = structure(c(`1` = 110L, 
    `2` = 59L, `3` = 49L, `4` = 34L, `5` = 41L, `6` = 27L, `7` = 26L, 
    `8` = 19L, `9` = 20L, `10` = 21L, `11` = 26L, `12` = 15L, 
    `13` = 14L, `14` = 15L, `15` = 11L, `16` = 12L, `17` = 9L, 
    `18` = 5L, `19` = 6L, `20` = 6L, `21` = 4L, `22` = 4L, `23` = 9L, 
    `24` = 4L, `25` = 4L, `27` = 1L, `28` = 5L, `29` = 1L, `30` = 1L, 
    `31` = 1L, `32` = 1L, `33` = 1L, `35` = 1L, `45` = 1L), .Dim = 34L, .Dimnames = list(
        TagUsage = c("1", "2", "3", "4", "5", "6", "7", "8", 
        "9", "10", "11", "12", "13", "14", "15", "16", "17", 
        "18", "19", "20", "21", "22", "23", "24", "25", "27", 
        "28", "29", "30", "31", "32", "33", "35", "45")), class = "table"), 
    No.Tag = structure(c(0L, 0L, 0L, 0L, 0L, 0L, 1L, 126L, 2L, 
    0L, 0L, 0L, 5L, 0L, 0L), .Dim = c(5L, 3L), .Dimnames = structure(list(
        c("-2", "-1", "0", "1", NA), c("C", "T", NA)), .Names = c("", 
    "")), class = "table"), All.Tags = list(Concordant = list(
        Freqs = structure(c(0, 0, 1, 0, 0, 3, 493, 1), .Dim = c(4L, 
        2L), .Dimnames = list(c("-2", "-1", "0", "1"), c("C", 
        "T"))), N = 498), Majority = list(Freqs = structure(c(0, 
    0, 1, 0, 0, 4, 555, 1), .Dim = c(4L, 2L), .Dimnames = list(
        c("-2", "-1", "0", "1"), c("C", "T"))), N = 561)), `2` = structure(c(0, 
    0, 0, 0, 0, 1, 452, 0), .Dim = c(4L, 2L), .Dimnames = list(
        c("-2", "-1", "0", "1"), c("C", "T"))))))
