Results <-
list(`bwa.out//20220204//Control11_S4.sam` = list(IM49_SNP1 = list(
    All = list(Freqs = structure(c(1L, 79L, 2619L, 52L, 3L, 26L, 
    0L, 0L, 5L, 0L, 0L, 2L, 0L, 1L, 123L, 0L, 0L, 0L), .Dim = c(6L, 
    3L), .Dimnames = structure(list(c("-2", "-1", "0", "1", "2", 
    NA), c("C", "G", NA)), .Names = c("", "")), class = "table"), 
        N = 2911L), Tag.Distribution = structure(c(`1` = 237L, 
    `2` = 91L, `3` = 50L, `4` = 42L, `5` = 36L, `6` = 40L, `7` = 37L, 
    `8` = 22L, `9` = 14L, `10` = 10L, `11` = 17L, `12` = 13L, 
    `13` = 4L, `14` = 4L, `15` = 8L, `16` = 6L, `17` = 6L, `18` = 1L, 
    `19` = 3L, `20` = 2L, `22` = 1L, `23` = 2L, `26` = 1L, `28` = 1L
    ), .Dim = 24L, .Dimnames = list(TagUsage = c("1", "2", "3", 
    "4", "5", "6", "7", "8", "9", "10", "11", "12", "13", "14", 
    "15", "16", "17", "18", "19", "20", "22", "23", "26", "28"
    )), class = "table"), No.Tag = structure(c(0L, 1L, 79L, 0L, 
    0L, 0L, 0L, 0L, 1L, 0L, 0L, 0L, 0L, 0L, 6L, 0L, 0L, 0L), .Dim = c(6L, 
    3L), .Dimnames = structure(list(c("-2", "-1", "0", "1", "2", 
    NA), c("C", "G", NA)), .Names = c("", "")), class = "table"), 
    All.Tags = list(Concordant = list(Freqs = structure(c(0, 
    8, 502, 3, 0, 0, 0, 3, 0, 0), .Dim = c(5L, 2L), .Dimnames = list(
        c("-2", "-1", "0", "1", "2"), c("C", "G"))), N = 516), 
        Majority = list(Freqs = structure(c(0, 10, 584, 3, 0, 
        0, 0, 3, 0, 0), .Dim = c(5L, 2L), .Dimnames = list(c("-2", 
        "-1", "0", "1", "2"), c("C", "G"))), N = 600)), `2` = structure(c(0, 
    4, 404, 0, 0, 0, 0, 0, 0, 0), .Dim = c(5L, 2L), .Dimnames = list(
        c("-2", "-1", "0", "1", "2"), c("C", "G"))))))
