Results <-
list(`bwa.out//20220204//Control13_S6.sam` = list(GM26_SNP1 = list(
    All = list(Freqs = structure(c(1L, 4L, 1047L, 6L, 0L, 0L, 
    10L, 923L, 4L, 2L, 0L, 0L, 31L, 0L, 0L), .Dim = c(5L, 3L), .Dimnames = structure(list(
        c("-2", "-1", "0", "1", NA), c("A", "G", NA)), .Names = c("", 
    "")), class = "table"), N = 2028L), Tag.Distribution = structure(c(`1` = 84L, 
    `2` = 47L, `3` = 36L, `4` = 30L, `5` = 34L, `6` = 18L, `7` = 15L, 
    `8` = 17L, `9` = 12L, `10` = 14L, `11` = 7L, `12` = 7L, `13` = 4L, 
    `14` = 8L, `15` = 1L, `16` = 5L, `17` = 3L, `18` = 4L, `19` = 2L, 
    `20` = 4L, `21` = 1L, `22` = 1L, `23` = 1L, `24` = 1L, `32` = 1L, 
    `33` = 1L), .Dim = 26L, .Dimnames = list(TagUsage = c("1", 
    "2", "3", "4", "5", "6", "7", "8", "9", "10", "11", "12", 
    "13", "14", "15", "16", "17", "18", "19", "20", "21", "22", 
    "23", "24", "32", "33")), class = "table"), No.Tag = structure(c(0L, 
    0L, 15L, 0L, 0L, 0L, 0L, 22L, 0L, 0L, 0L, 0L, 2L, 0L, 0L), .Dim = c(5L, 
    3L), .Dimnames = structure(list(c("-2", "-1", "0", "1", NA
    ), c("A", "G", NA)), .Names = c("", "")), class = "table"), 
    All.Tags = list(Concordant = list(Freqs = structure(c(0, 
    0, 160, 0, 0, 0, 160, 0), .Dim = c(4L, 2L), .Dimnames = list(
        c("-2", "-1", "0", "1"), c("A", "G"))), N = 320), Majority = list(
        Freqs = structure(c(0, 0, 178, 0, 0, 0, 178, 0), .Dim = c(4L, 
        2L), .Dimnames = list(c("-2", "-1", "0", "1"), c("A", 
        "G"))), N = 356)), `2` = structure(c(0, 0, 142, 0, 0, 
    0, 132, 0), .Dim = c(4L, 2L), .Dimnames = list(c("-2", "-1", 
    "0", "1"), c("A", "G"))))))
