Results <-
list(`bwa.out//20220204//BlindCMMRD94_S53.sam` = list(IM49_SNP1 = list(
    All = list(Freqs = structure(c(1L, 2L, 56L, 1908L, 24L, 1L, 
    26L, 0L, 0L, 42L, 1229L, 15L, 1L, 15L, 0L, 0L, 1L, 226L, 
    3L, 0L, 0L), .Dim = c(7L, 3L), .Dimnames = structure(list(
        c("-4", "-2", "-1", "0", "1", "2", NA), c("C", "G", NA
        )), .Names = c("", "")), class = "table"), N = 3550L), 
    Tag.Distribution = structure(c(`1` = 191L, `2` = 67L, `3` = 62L, 
    `4` = 40L, `5` = 47L, `6` = 29L, `7` = 23L, `8` = 26L, `9` = 28L, 
    `10` = 14L, `11` = 16L, `12` = 9L, `13` = 11L, `14` = 6L, 
    `15` = 11L, `16` = 3L, `17` = 8L, `18` = 5L, `19` = 1L, `20` = 1L, 
    `21` = 4L, `22` = 5L, `23` = 2L, `25` = 1L, `26` = 4L, `27` = 1L, 
    `29` = 2L, `31` = 1L, `32` = 1L, `33` = 2L, `35` = 1L), .Dim = 31L, .Dimnames = list(
        TagUsage = c("1", "2", "3", "4", "5", "6", "7", "8", 
        "9", "10", "11", "12", "13", "14", "15", "16", "17", 
        "18", "19", "20", "21", "22", "23", "25", "26", "27", 
        "29", "31", "32", "33", "35")), class = "table"), No.Tag = structure(c(0L, 
    0L, 1L, 43L, 1L, 0L, 1L, 0L, 0L, 2L, 40L, 2L, 0L, 0L, 0L, 
    0L, 0L, 12L, 0L, 0L, 0L), .Dim = c(7L, 3L), .Dimnames = structure(list(
        c("-4", "-2", "-1", "0", "1", "2", NA), c("C", "G", NA
        )), .Names = c("", "")), class = "table"), All.Tags = list(
        Concordant = list(Freqs = structure(c(0, 0, 1, 276, 0, 
        0, 0, 0, 2, 186, 0, 0), .Dim = c(6L, 2L), .Dimnames = list(
            c("-4", "-2", "-1", "0", "1", "2"), c("C", "G"))), 
            N = 465), Majority = list(Freqs = structure(c(0, 
        0, 2, 335, 1, 0, 0, 0, 3, 224, 0, 0), .Dim = c(6L, 2L
        ), .Dimnames = list(c("-4", "-2", "-1", "0", "1", "2"
        ), c("C", "G"))), N = 565)), `2` = structure(c(0, 0, 
    1, 243, 1, 0, 0, 0, 1, 176, 0, 0), .Dim = c(6L, 2L), .Dimnames = list(
        c("-4", "-2", "-1", "0", "1", "2"), c("C", "G"))))))
