Results <-
list(`bwa.out//20220204//BlindCMMRD61_S20.sam` = list(LR52_SNP1 = list(
    All = list(Freqs = structure(c(1L, 38L, 354L, 3327L, 27L, 
    51L, 0L, 0L, 0L, 2L, 0L, 0L, 0L, 1L, 28L, 1238L, 5L, 0L), .Dim = c(6L, 
    3L), .Dimnames = structure(list(c("-3", "-2", "-1", "0", 
    "1", NA), c("C", "T", NA)), .Names = c("", "")), class = "table"), 
        N = 5072L), Tag.Distribution = structure(c(`1` = 71L, 
    `2` = 33L, `3` = 24L, `4` = 24L, `5` = 20L, `6` = 25L, `7` = 25L, 
    `8` = 18L, `9` = 25L, `10` = 14L, `11` = 17L, `12` = 11L, 
    `13` = 10L, `14` = 13L, `15` = 8L, `16` = 12L, `17` = 9L, 
    `18` = 6L, `19` = 5L, `20` = 9L, `21` = 11L, `22` = 9L, `23` = 6L, 
    `24` = 6L, `25` = 6L, `26` = 2L, `27` = 1L, `28` = 3L, `29` = 4L, 
    `30` = 6L, `31` = 2L, `32` = 3L, `33` = 2L, `34` = 2L, `35` = 2L, 
    `36` = 1L, `37` = 2L, `38` = 2L, `39` = 2L, `40` = 2L, `41` = 1L, 
    `45` = 1L, `51` = 1L, `55` = 1L), .Dim = 44L, .Dimnames = list(
        TagUsage = c("1", "2", "3", "4", "5", "6", "7", "8", 
        "9", "10", "11", "12", "13", "14", "15", "16", "17", 
        "18", "19", "20", "21", "22", "23", "24", "25", "26", 
        "27", "28", "29", "30", "31", "32", "33", "34", "35", 
        "36", "37", "38", "39", "40", "41", "45", "51", "55")), class = "table"), 
    No.Tag = structure(c(0L, 0L, 7L, 103L, 1L, 0L, 0L, 0L, 0L, 
    0L, 0L, 0L, 0L, 0L, 0L, 25L, 0L, 0L), .Dim = c(6L, 3L), .Dimnames = structure(list(
        c("-3", "-2", "-1", "0", "1", NA), c("C", "T", NA)), .Names = c("", 
    "")), class = "table"), All.Tags = list(Concordant = list(
        Freqs = structure(c(0, 1, 7, 220, 3, 0, 0, 0, 1, 0), .Dim = c(5L, 
        2L), .Dimnames = list(c("-3", "-2", "-1", "0", "1"), 
            c("C", "T"))), N = 232), Majority = list(Freqs = structure(c(0, 
    1, 12, 402, 3, 0, 0, 0, 1, 0), .Dim = c(5L, 2L), .Dimnames = list(
        c("-3", "-2", "-1", "0", "1"), c("C", "T"))), N = 419)), 
    `2` = structure(c(0, 1, 7, 364, 0, 0, 0, 0, 0, 0), .Dim = c(5L, 
    2L), .Dimnames = list(c("-3", "-2", "-1", "0", "1"), c("C", 
    "T"))))))
