Results <-
list(`bwa.out//20220204//BlindCMMRD70_S29.sam` = list(IM16_SNP1 = list(
    All = list(Freqs = structure(c(26L, 2728L, 34L, 2L, 1L, 23L, 
    3127L, 51L, 2L, 4L, 1L, 68L, 3L, 0L, 0L), .Dim = c(5L, 3L
    ), .Dimnames = structure(list(c("-1", "0", "1", "2", NA), 
        c("A", "G", NA)), .Names = c("", "")), class = "table"), 
        N = 6070L), Tag.Distribution = structure(c(`1` = 113L, 
    `2` = 43L, `3` = 37L, `4` = 37L, `5` = 32L, `6` = 27L, `7` = 30L, 
    `8` = 23L, `9` = 23L, `10` = 28L, `11` = 18L, `12` = 12L, 
    `13` = 12L, `14` = 13L, `15` = 11L, `16` = 13L, `17` = 14L, 
    `18` = 10L, `19` = 5L, `20` = 6L, `21` = 4L, `22` = 8L, `23` = 7L, 
    `24` = 7L, `25` = 4L, `26` = 8L, `27` = 4L, `28` = 4L, `29` = 1L, 
    `30` = 2L, `31` = 2L, `32` = 1L, `33` = 3L, `34` = 5L, `35` = 2L, 
    `36` = 3L, `37` = 1L, `38` = 2L, `39` = 3L, `40` = 2L, `41` = 1L, 
    `42` = 1L, `45` = 1L, `46` = 1L, `47` = 1L, `48` = 1L, `49` = 1L, 
    `51` = 1L, `53` = 1L, `54` = 1L), .Dim = 50L, .Dimnames = list(
        TagUsage = c("1", "2", "3", "4", "5", "6", "7", "8", 
        "9", "10", "11", "12", "13", "14", "15", "16", "17", 
        "18", "19", "20", "21", "22", "23", "24", "25", "26", 
        "27", "28", "29", "30", "31", "32", "33", "34", "35", 
        "36", "37", "38", "39", "40", "41", "42", "45", "46", 
        "47", "48", "49", "51", "53", "54")), class = "table"), 
    No.Tag = structure(c(0L, 75L, 0L, 1L, 1L, 1L, 95L, 4L, 0L, 
    1L, 0L, 11L, 1L, 0L, 0L), .Dim = c(5L, 3L), .Dimnames = structure(list(
        c("-1", "0", "1", "2", NA), c("A", "G", NA)), .Names = c("", 
    "")), class = "table"), All.Tags = list(Concordant = list(
        Freqs = structure(c(2, 235, 0, 0, 1, 222, 0, 0), .Dim = c(4L, 
        2L), .Dimnames = list(c("-1", "0", "1", "2"), c("A", 
        "G"))), N = 460), Majority = list(Freqs = structure(c(2, 
    289, 0, 0, 2, 283, 0, 0), .Dim = c(4L, 2L), .Dimnames = list(
        c("-1", "0", "1", "2"), c("A", "G"))), N = 576)), `2` = structure(c(1, 
    238, 0, 0, 1, 231, 0, 0), .Dim = c(4L, 2L), .Dimnames = list(
        c("-1", "0", "1", "2"), c("A", "G"))))))
