Results <-
list(`bwa.out//20220204//BlindCMMRD90_S49.sam` = list(LR52_SNP1 = list(
    All = list(Freqs = structure(c(0L, 0L, 0L, 1L, 0L, 0L, 0L, 
    0L, 3L, 2L, 0L, 0L, 2L, 26L, 376L, 3910L, 39L, 31L, 0L, 0L, 
    7L, 181L, 2L, 0L), .Dim = c(6L, 4L), .Dimnames = structure(list(
        c("-3", "-2", "-1", "0", "1", NA), c("A", "C", "T", NA
        )), .Names = c("", "")), class = "table"), N = 4580L), 
    Tag.Distribution = structure(c(`1` = 98L, `2` = 58L, `3` = 56L, 
    `4` = 46L, `5` = 26L, `6` = 28L, `7` = 29L, `8` = 32L, `9` = 28L, 
    `10` = 31L, `11` = 14L, `12` = 9L, `13` = 16L, `14` = 7L, 
    `15` = 13L, `16` = 10L, `17` = 5L, `18` = 8L, `19` = 6L, 
    `20` = 8L, `21` = 4L, `22` = 1L, `23` = 5L, `24` = 2L, `25` = 3L, 
    `26` = 6L, `27` = 2L, `28` = 4L, `29` = 2L, `30` = 2L, `31` = 2L, 
    `32` = 1L, `35` = 2L, `36` = 1L, `39` = 1L, `41` = 1L, `47` = 1L, 
    `48` = 1L), .Dim = 38L, .Dimnames = list(TagUsage = c("1", 
    "2", "3", "4", "5", "6", "7", "8", "9", "10", "11", "12", 
    "13", "14", "15", "16", "17", "18", "19", "20", "21", "22", 
    "23", "24", "25", "26", "27", "28", "29", "30", "31", "32", 
    "35", "36", "39", "41", "47", "48")), class = "table"), No.Tag = structure(c(0L, 
    0L, 0L, 0L, 0L, 0L, 0L, 0L, 0L, 0L, 0L, 0L, 0L, 1L, 9L, 92L, 
    0L, 2L, 0L, 0L, 0L, 6L, 0L, 0L), .Dim = c(6L, 4L), .Dimnames = structure(list(
        c("-3", "-2", "-1", "0", "1", NA), c("A", "C", "T", NA
        )), .Names = c("", "")), class = "table"), All.Tags = list(
        Concordant = list(Freqs = structure(c(0, 0, 0, 0, 0, 
        0, 0, 3, 1, 0, 0, 0, 6, 327, 5), .Dim = c(5L, 3L), .Dimnames = list(
            c("-3", "-2", "-1", "0", "1"), c("A", "C", "T"))), 
            N = 342), Majority = list(Freqs = structure(c(0, 
        0, 0, 0, 0, 0, 0, 3, 1, 0, 0, 1, 15, 529, 5), .Dim = c(5L, 
        3L), .Dimnames = list(c("-3", "-2", "-1", "0", "1"), 
            c("A", "C", "T"))), N = 554)), `2` = structure(c(0, 
    0, 0, 0, 0, 0, 0, 0, 0, 0, 0, 1, 11, 452, 0), .Dim = c(5L, 
    3L), .Dimnames = list(c("-3", "-2", "-1", "0", "1"), c("A", 
    "C", "T"))))))
