Results <-
list(`bwa.out//20220204//BlindCMMRD61_S20.sam` = list(LR49_SNP1 = list(
    All = list(Freqs = structure(c(13L, 2523L, 3L, 3L, 0L, 1L, 
    0L, 0L, 15L, 2440L, 2L, 0L, 0L, 37L, 0L, 0L), .Dim = c(4L, 
    4L), .Dimnames = structure(list(c("-1", "0", "1", NA), c("A", 
    "C", "G", NA)), .Names = c("", "")), class = "table"), N = 5037L), 
    Tag.Distribution = structure(c(`1` = 112L, `2` = 35L, `3` = 48L, 
    `4` = 37L, `5` = 30L, `6` = 20L, `7` = 25L, `8` = 26L, `9` = 31L, 
    `10` = 20L, `11` = 23L, `12` = 8L, `13` = 18L, `14` = 11L, 
    `15` = 9L, `16` = 8L, `17` = 9L, `18` = 6L, `19` = 8L, `20` = 7L, 
    `21` = 5L, `22` = 2L, `23` = 4L, `24` = 7L, `25` = 3L, `26` = 7L, 
    `27` = 3L, `28` = 3L, `29` = 3L, `30` = 5L, `31` = 5L, `32` = 1L, 
    `33` = 2L, `34` = 1L, `35` = 1L, `36` = 2L, `37` = 1L, `38` = 1L, 
    `39` = 1L, `42` = 1L, `43` = 1L, `50` = 1L), .Dim = 42L, .Dimnames = list(
        TagUsage = c("1", "2", "3", "4", "5", "6", "7", "8", 
        "9", "10", "11", "12", "13", "14", "15", "16", "17", 
        "18", "19", "20", "21", "22", "23", "24", "25", "26", 
        "27", "28", "29", "30", "31", "32", "33", "34", "35", 
        "36", "37", "38", "39", "42", "43", "50")), class = "table"), 
    No.Tag = structure(c(0L, 95L, 0L, 1L, 0L, 0L, 0L, 0L, 1L, 
    62L, 0L, 0L, 0L, 8L, 0L, 0L), .Dim = c(4L, 4L), .Dimnames = structure(list(
        c("-1", "0", "1", NA), c("A", "C", "G", NA)), .Names = c("", 
    "")), class = "table"), All.Tags = list(Concordant = list(
        Freqs = structure(c(2, 235, 1, 0, 0, 0, 1, 255, 0), .Dim = c(3L, 
        3L), .Dimnames = list(c("-1", "0", "1"), c("A", "C", 
        "G"))), N = 494), Majority = list(Freqs = structure(c(3, 
    257, 1, 0, 0, 0, 1, 283, 0), .Dim = c(3L, 3L), .Dimnames = list(
        c("-1", "0", "1"), c("A", "C", "G"))), N = 545)), `2` = structure(c(1, 
    217, 0, 0, 0, 0, 1, 219, 0), .Dim = c(3L, 3L), .Dimnames = list(
        c("-1", "0", "1"), c("A", "C", "G"))))))
