Results <-
list(`bwa.out//20220204//BlindCMMRD55_S14.sam` = list(LR44_SNP1 = list(
    All = list(Freqs = structure(c(1L, 1L, 1L, 15L, 354L, 5127L, 
    72L, 5L, 15L, 0L, 0L, 0L, 0L, 0L, 2L, 0L, 0L, 0L, 0L, 0L, 
    0L, 1L, 5L, 142L, 0L, 0L, 0L), .Dim = c(9L, 3L), .Dimnames = structure(list(
        c("-5", "-4", "-3", "-2", "-1", "0", "1", "2", NA), c("C", 
        "T", NA)), .Names = c("", "")), class = "table"), N = 5741L), 
    Tag.Distribution = structure(c(`1` = 110L, `2` = 47L, `3` = 55L, 
    `4` = 46L, `5` = 48L, `6` = 35L, `7` = 31L, `8` = 27L, `9` = 22L, 
    `10` = 17L, `11` = 20L, `12` = 32L, `13` = 22L, `14` = 12L, 
    `15` = 20L, `16` = 13L, `17` = 14L, `18` = 14L, `19` = 12L, 
    `20` = 15L, `21` = 7L, `22` = 4L, `23` = 6L, `24` = 3L, `25` = 2L, 
    `26` = 5L, `27` = 2L, `28` = 7L, `29` = 2L, `32` = 1L, `33` = 3L, 
    `34` = 1L, `35` = 1L, `38` = 1L, `46` = 1L), .Dim = 35L, .Dimnames = list(
        TagUsage = c("1", "2", "3", "4", "5", "6", "7", "8", 
        "9", "10", "11", "12", "13", "14", "15", "16", "17", 
        "18", "19", "20", "21", "22", "23", "24", "25", "26", 
        "27", "28", "29", "32", "33", "34", "35", "38", "46")), class = "table"), 
    No.Tag = structure(c(0L, 0L, 0L, 0L, 4L, 126L, 1L, 0L, 1L, 
    0L, 0L, 0L, 0L, 0L, 0L, 0L, 0L, 0L, 0L, 0L, 0L, 0L, 0L, 4L, 
    0L, 0L, 0L), .Dim = c(9L, 3L), .Dimnames = structure(list(
        c("-5", "-4", "-3", "-2", "-1", "0", "1", "2", NA), c("C", 
        "T", NA)), .Names = c("", "")), class = "table"), All.Tags = list(
        Concordant = list(Freqs = structure(c(0, 0, 0, 1, 7, 
        379, 2, 0, 0, 0, 0, 0, 0, 1, 0, 0), .Dim = c(8L, 2L), .Dimnames = list(
            c("-5", "-4", "-3", "-2", "-1", "0", "1", "2"), c("C", 
            "T"))), N = 390), Majority = list(Freqs = structure(c(0, 
        0, 0, 1, 11, 631, 2, 0, 0, 0, 0, 0, 0, 1, 0, 0), .Dim = c(8L, 
        2L), .Dimnames = list(c("-5", "-4", "-3", "-2", "-1", 
        "0", "1", "2"), c("C", "T"))), N = 646)), `2` = structure(c(0, 
    0, 0, 0, 5, 535, 0, 0, 0, 0, 0, 0, 0, 0, 0, 0), .Dim = c(8L, 
    2L), .Dimnames = list(c("-5", "-4", "-3", "-2", "-1", "0", 
    "1", "2"), c("C", "T"))))))
