Results <-
list(`bwa.out//20220204//BlindCMMRD63_S22.sam` = list(GM22_SNP1 = list(
    All = list(Freqs = structure(c(1L, 34L, 2273L, 14L, 5L, 1L, 
    32L, 2096L, 3L, 1L, 0L, 1L, 96L, 1L, 0L), .Dim = c(5L, 3L
    ), .Dimnames = structure(list(c("-2", "-1", "0", "1", NA), 
        c("A", "G", NA)), .Names = c("", "")), class = "table"), 
        N = 4558L), Tag.Distribution = structure(c(`1` = 127L, 
    `2` = 50L, `3` = 35L, `4` = 34L, `5` = 38L, `6` = 44L, `7` = 29L, 
    `8` = 25L, `9` = 23L, `10` = 23L, `11` = 14L, `12` = 16L, 
    `13` = 14L, `14` = 9L, `15` = 11L, `16` = 6L, `17` = 7L, 
    `18` = 13L, `19` = 10L, `20` = 4L, `21` = 5L, `22` = 8L, 
    `23` = 4L, `24` = 2L, `25` = 2L, `26` = 2L, `27` = 4L, `28` = 4L, 
    `29` = 3L, `31` = 3L, `32` = 1L, `34` = 1L, `49` = 1L, `50` = 1L, 
    `51` = 1L), .Dim = 35L, .Dimnames = list(TagUsage = c("1", 
    "2", "3", "4", "5", "6", "7", "8", "9", "10", "11", "12", 
    "13", "14", "15", "16", "17", "18", "19", "20", "21", "22", 
    "23", "24", "25", "26", "27", "28", "29", "31", "32", "34", 
    "49", "50", "51")), class = "table"), No.Tag = structure(c(0L, 
    4L, 75L, 0L, 0L, 0L, 1L, 33L, 0L, 0L, 0L, 0L, 6L, 0L, 0L), .Dim = c(5L, 
    3L), .Dimnames = structure(list(c("-2", "-1", "0", "1", NA
    ), c("A", "G", NA)), .Names = c("", "")), class = "table"), 
    All.Tags = list(Concordant = list(Freqs = structure(c(0, 
    0, 247, 1, 0, 1, 224, 0), .Dim = c(4L, 2L), .Dimnames = list(
        c("-2", "-1", "0", "1"), c("A", "G"))), N = 473), Majority = list(
        Freqs = structure(c(0, 0, 289, 1, 0, 1, 261, 0), .Dim = c(4L, 
        2L), .Dimnames = list(c("-2", "-1", "0", "1"), c("A", 
        "G"))), N = 552)), `2` = structure(c(0, 0, 223, 0, 0, 
    0, 221, 0), .Dim = c(4L, 2L), .Dimnames = list(c("-2", "-1", 
    "0", "1"), c("A", "G"))))))
