Results <-
list(`bwa.out//20220204//Control20_S13.sam` = list(GM29_SNP1 = list(
    All = list(Freqs = structure(c(33L, 2860L, 2L, 5L, 0L, 1L, 
    0L, 0L, 2L, 14L, 0L, 0L), .Dim = 4:3, .Dimnames = structure(list(
        c("-1", "0", "1", NA), c("A", "G", NA)), .Names = c("", 
    "")), class = "table"), N = 2917L), Tag.Distribution = structure(c(`1` = 94L, 
    `2` = 42L, `3` = 37L, `4` = 36L, `5` = 31L, `6` = 22L, `7` = 18L, 
    `8` = 19L, `9` = 20L, `10` = 9L, `11` = 9L, `12` = 9L, `13` = 12L, 
    `14` = 7L, `15` = 7L, `16` = 4L, `17` = 3L, `18` = 9L, `19` = 1L, 
    `20` = 5L, `21` = 3L, `22` = 2L, `23` = 2L, `25` = 2L, `26` = 4L, 
    `27` = 2L, `28` = 1L, `29` = 1L, `30` = 2L, `34` = 1L, `37` = 1L, 
    `39` = 1L, `41` = 1L), .Dim = 33L, .Dimnames = list(TagUsage = c("1", 
    "2", "3", "4", "5", "6", "7", "8", "9", "10", "11", "12", 
    "13", "14", "15", "16", "17", "18", "19", "20", "21", "22", 
    "23", "25", "26", "27", "28", "29", "30", "34", "37", "39", 
    "41")), class = "table"), No.Tag = structure(c(0L, 56L, 0L, 
    0L, 0L, 0L, 0L, 0L, 1L, 1L, 0L, 0L), .Dim = 4:3, .Dimnames = structure(list(
        c("-1", "0", "1", NA), c("A", "G", NA)), .Names = c("", 
    "")), class = "table"), All.Tags = list(Concordant = list(
        Freqs = structure(c(4, 386, 0, 0, 1, 0), .Dim = 3:2, .Dimnames = list(
            c("-1", "0", "1"), c("A", "G"))), N = 391), Majority = list(
        Freqs = structure(c(4, 409, 0, 0, 1, 0), .Dim = 3:2, .Dimnames = list(
            c("-1", "0", "1"), c("A", "G"))), N = 414)), `2` = structure(c(0, 
    323, 0, 0, 0, 0), .Dim = 3:2, .Dimnames = list(c("-1", "0", 
    "1"), c("A", "G"))))))
