Results <-
list(`bwa.out//20220204//BlindCMMRD134_S60.sam` = list(GM26_SNP1 = list(
    All = list(Freqs = structure(c(12L, 2698L, 7L, 2L, 14L, 2746L, 
    7L, 7L, 0L, 1L, 0L, 0L, 2L, 70L, 1L, 0L), .Dim = c(4L, 4L
    ), .Dimnames = structure(list(c("-1", "0", "1", NA), c("A", 
    "G", "T", NA)), .Names = c("", "")), class = "table"), N = 5567L), 
    Tag.Distribution = structure(c(`1` = 152L, `2` = 132L, `3` = 119L, 
    `4` = 99L, `5` = 100L, `6` = 77L, `7` = 60L, `8` = 45L, `9` = 49L, 
    `10` = 29L, `11` = 24L, `12` = 21L, `13` = 22L, `14` = 13L, 
    `15` = 13L, `16` = 14L, `17` = 7L, `18` = 1L, `19` = 4L, 
    `20` = 3L, `21` = 1L, `22` = 3L, `23` = 1L, `34` = 1L, `43` = 1L
    ), .Dim = 25L, .Dimnames = list(TagUsage = c("1", "2", "3", 
    "4", "5", "6", "7", "8", "9", "10", "11", "12", "13", "14", 
    "15", "16", "17", "18", "19", "20", "21", "22", "23", "34", 
    "43")), class = "table"), No.Tag = structure(c(0L, 26L, 0L, 
    2L, 0L, 31L, 0L, 1L, 0L, 0L, 0L, 0L, 0L, 2L, 0L, 0L), .Dim = c(4L, 
    4L), .Dimnames = structure(list(c("-1", "0", "1", NA), c("A", 
    "G", "T", NA)), .Names = c("", "")), class = "table"), All.Tags = list(
        Concordant = list(Freqs = structure(c(2, 440, 1, 0, 408, 
        1, 0, 0, 0), .Dim = c(3L, 3L), .Dimnames = list(c("-1", 
        "0", "1"), c("A", "G", "T"))), N = 852), Majority = list(
            Freqs = structure(c(2, 494, 1, 0, 481, 1, 0, 0, 0
            ), .Dim = c(3L, 3L), .Dimnames = list(c("-1", "0", 
            "1"), c("A", "G", "T"))), N = 979)), `2` = structure(c(0, 
    416, 0, 0, 416, 0, 0, 0, 0), .Dim = c(3L, 3L), .Dimnames = list(
        c("-1", "0", "1"), c("A", "G", "T"))))))
