Results <-
list(`bwa.out//20220204//BlindCMMRD56_S15.sam` = list(DEPDC2_SNP1 = list(
    All = list(Freqs = structure(c(0L, 1L, 0L, 0L, 0L, 6L, 0L, 
    0L, 32L, 4961L, 38L, 25L, 0L, 21L, 0L, 0L), .Dim = c(4L, 
    4L), .Dimnames = structure(list(c("-1", "0", "1", NA), c("A", 
    "C", "T", NA)), .Names = c("", "")), class = "table"), N = 5084L), 
    Tag.Distribution = structure(c(`1` = 184L, `2` = 110L, `3` = 78L, 
    `4` = 77L, `5` = 53L, `6` = 51L, `7` = 43L, `8` = 29L, `9` = 34L, 
    `10` = 24L, `11` = 17L, `12` = 15L, `13` = 19L, `14` = 16L, 
    `15` = 12L, `16` = 15L, `17` = 12L, `18` = 8L, `19` = 4L, 
    `20` = 5L, `21` = 4L, `22` = 2L, `23` = 8L, `24` = 2L, `25` = 3L, 
    `26` = 2L, `28` = 2L, `29` = 1L, `30` = 2L, `32` = 1L), .Dim = 30L, .Dimnames = list(
        TagUsage = c("1", "2", "3", "4", "5", "6", "7", "8", 
        "9", "10", "11", "12", "13", "14", "15", "16", "17", 
        "18", "19", "20", "21", "22", "23", "24", "25", "26", 
        "28", "29", "30", "32")), class = "table"), No.Tag = structure(c(0L, 
    0L, 0L, 0L, 0L, 0L, 0L, 0L, 0L, 41L, 0L, 0L, 0L, 1L, 0L, 
    0L), .Dim = c(4L, 4L), .Dimnames = structure(list(c("-1", 
    "0", "1", NA), c("A", "C", "T", NA)), .Names = c("", "")), class = "table"), 
    All.Tags = list(Concordant = list(Freqs = structure(c(0, 
    0, 0, 0, 3, 0, 1, 778, 2), .Dim = c(3L, 3L), .Dimnames = list(
        c("-1", "0", "1"), c("A", "C", "T"))), N = 784), Majority = list(
        Freqs = structure(c(0, 0, 0, 0, 3, 0, 2, 815, 3), .Dim = c(3L, 
        3L), .Dimnames = list(c("-1", "0", "1"), c("A", "C", 
        "T"))), N = 823)), `2` = structure(c(0, 0, 0, 0, 0, 0, 
    1, 642, 3), .Dim = c(3L, 3L), .Dimnames = list(c("-1", "0", 
    "1"), c("A", "C", "T"))))))
