Results <-
list(`bwa.out//20220204//BlindCMMRD50_S10.sam` = list(GM07_SNP1 = list(
    All = list(Freqs = structure(c(0L, 1L, 4L, 0L, 0L, 0L, 5L, 
    228L, 4385L, 101L, 4L, 62L, 0L, 0L, 52L, 0L, 0L, 0L), .Dim = c(6L, 
    3L), .Dimnames = structure(list(c("-2", "-1", "0", "1", "2", 
    NA), c("A", "G", NA)), .Names = c("", "")), class = "table"), 
        N = 4842L), Tag.Distribution = structure(c(`1` = 83L, 
    `2` = 22L, `3` = 16L, `4` = 24L, `5` = 12L, `6` = 11L, `7` = 6L, 
    `8` = 6L, `9` = 11L, `10` = 6L, `11` = 5L, `12` = 6L, `13` = 11L, 
    `14` = 9L, `15` = 9L, `16` = 6L, `17` = 4L, `18` = 2L, `19` = 7L, 
    `20` = 2L, `21` = 6L, `22` = 4L, `23` = 6L, `24` = 4L, `25` = 4L, 
    `26` = 5L, `27` = 4L, `28` = 3L, `30` = 4L, `31` = 4L, `33` = 3L, 
    `34` = 3L, `36` = 2L, `37` = 1L, `38` = 4L, `39` = 1L, `40` = 2L, 
    `41` = 1L, `43` = 1L, `44` = 3L, `46` = 4L, `48` = 1L, `50` = 3L, 
    `52` = 1L, `54` = 3L, `58` = 2L, `59` = 1L, `63` = 1L, `73` = 1L, 
    `74` = 1L, `78` = 1L), .Dim = 51L, .Dimnames = list(TagUsage = c("1", 
    "2", "3", "4", "5", "6", "7", "8", "9", "10", "11", "12", 
    "13", "14", "15", "16", "17", "18", "19", "20", "21", "22", 
    "23", "24", "25", "26", "27", "28", "30", "31", "33", "34", 
    "36", "37", "38", "39", "40", "41", "43", "44", "46", "48", 
    "50", "52", "54", "58", "59", "63", "73", "74", "78")), class = "table"), 
    No.Tag = structure(c(0L, 0L, 0L, 0L, 0L, 0L, 1L, 11L, 286L, 
    5L, 0L, 14L, 0L, 0L, 5L, 0L, 0L, 0L), .Dim = c(6L, 3L), .Dimnames = structure(list(
        c("-2", "-1", "0", "1", "2", NA), c("A", "G", NA)), .Names = c("", 
    "")), class = "table"), All.Tags = list(Concordant = list(
        Freqs = structure(c(0, 1, 4, 0, 0, 0, 2, 184, 3, 0), .Dim = c(5L, 
        2L), .Dimnames = list(c("-2", "-1", "0", "1", "2"), c("A", 
        "G"))), N = 194), Majority = list(Freqs = structure(c(0, 
    1, 4, 0, 0, 0, 2, 320, 3, 0), .Dim = c(5L, 2L), .Dimnames = list(
        c("-2", "-1", "0", "1", "2"), c("A", "G"))), N = 330)), 
    `2` = structure(c(0, 0, 0, 0, 0, 0, 0, 255, 0, 0), .Dim = c(5L, 
    2L), .Dimnames = list(c("-2", "-1", "0", "1", "2"), c("A", 
    "G"))))))
