Results <-
list(`bwa.out//20220204//16D2889_S4.sam` = list(LR40_SNP1 = list(
    All = list(Freqs = structure(c(0L, 1L, 0L, 0L, 39L, 4246L, 
    12L, 4L, 0L, 9L, 0L, 0L), .Dim = 4:3, .Dimnames = structure(list(
        c("-1", "0", "1", NA), c("A", "C", NA)), .Names = c("", 
    "")), class = "table"), N = 4311L), Tag.Distribution = structure(c(`1` = 166L, 
    `2` = 112L, `3` = 90L, `4` = 82L, `5` = 56L, `6` = 44L, `7` = 40L, 
    `8` = 34L, `9` = 32L, `10` = 18L, `11` = 26L, `12` = 13L, 
    `13` = 8L, `14` = 14L, `15` = 9L, `16` = 8L, `17` = 5L, `18` = 5L, 
    `19` = 5L, `20` = 4L, `21` = 3L, `22` = 2L, `23` = 2L, `25` = 2L, 
    `29` = 1L, `30` = 1L, `31` = 2L), .Dim = 27L, .Dimnames = list(
        TagUsage = c("1", "2", "3", "4", "5", "6", "7", "8", 
        "9", "10", "11", "12", "13", "14", "15", "16", "17", 
        "18", "19", "20", "21", "22", "23", "25", "29", "30", 
        "31")), class = "table"), No.Tag = structure(c(0L, 0L, 
    0L, 0L, 0L, 77L, 1L, 0L, 0L, 2L, 0L, 0L), .Dim = 4:3, .Dimnames = structure(list(
        c("-1", "0", "1", NA), c("A", "C", NA)), .Names = c("", 
    "")), class = "table"), All.Tags = list(Concordant = list(
        Freqs = structure(c(0, 0, 0, 3, 747, 0), .Dim = 3:2, .Dimnames = list(
            c("-1", "0", "1"), c("A", "C"))), N = 750), Majority = list(
        Freqs = structure(c(0, 0, 0, 4, 776, 0), .Dim = 3:2, .Dimnames = list(
            c("-1", "0", "1"), c("A", "C"))), N = 780)), `2` = structure(c(0, 
    0, 0, 3, 611, 0), .Dim = 3:2, .Dimnames = list(c("-1", "0", 
    "1"), c("A", "C"))))))
