Results <-
list(`bwa.out//20220204//BlindCMMRD81_S40.sam` = list(GM26_SNP1 = list(
    All = list(Freqs = structure(c(1L, 1L, 24L, 4228L, 16L, 3L, 
    0L, 0L, 0L, 1L, 0L, 0L, 0L, 0L, 2L, 26L, 0L, 0L), .Dim = c(6L, 
    3L), .Dimnames = structure(list(c("-3", "-2", "-1", "0", 
    "1", NA), c("A", "G", NA)), .Names = c("", "")), class = "table"), 
        N = 4302L), Tag.Distribution = structure(c(`1` = 109L, 
    `2` = 44L, `3` = 39L, `4` = 44L, `5` = 40L, `6` = 26L, `7` = 28L, 
    `8` = 21L, `9` = 21L, `10` = 20L, `11` = 16L, `12` = 13L, 
    `13` = 19L, `14` = 14L, `15` = 6L, `16` = 16L, `17` = 8L, 
    `18` = 3L, `19` = 7L, `20` = 5L, `21` = 9L, `22` = 3L, `23` = 7L, 
    `24` = 3L, `25` = 3L, `26` = 7L, `27` = 2L, `28` = 2L, `29` = 2L, 
    `31` = 1L, `32` = 2L, `35` = 2L, `38` = 1L), .Dim = 33L, .Dimnames = list(
        TagUsage = c("1", "2", "3", "4", "5", "6", "7", "8", 
        "9", "10", "11", "12", "13", "14", "15", "16", "17", 
        "18", "19", "20", "21", "22", "23", "24", "25", "26", 
        "27", "28", "29", "31", "32", "35", "38")), class = "table"), 
    No.Tag = structure(c(0L, 0L, 0L, 39L, 2L, 1L, 0L, 0L, 0L, 
    0L, 0L, 0L, 0L, 0L, 0L, 1L, 0L, 0L), .Dim = c(6L, 3L), .Dimnames = structure(list(
        c("-3", "-2", "-1", "0", "1", NA), c("A", "G", NA)), .Names = c("", 
    "")), class = "table"), All.Tags = list(Concordant = list(
        Freqs = structure(c(0, 0, 0, 504, 0, 0, 0, 0, 1, 0), .Dim = c(5L, 
        2L), .Dimnames = list(c("-3", "-2", "-1", "0", "1"), 
            c("A", "G"))), N = 505), Majority = list(Freqs = structure(c(0, 
    0, 0, 537, 0, 0, 0, 0, 1, 0), .Dim = c(5L, 2L), .Dimnames = list(
        c("-3", "-2", "-1", "0", "1"), c("A", "G"))), N = 538)), 
    `2` = structure(c(0, 0, 0, 433, 0, 0, 0, 0, 0, 0), .Dim = c(5L, 
    2L), .Dimnames = list(c("-3", "-2", "-1", "0", "1"), c("A", 
    "G"))))))
