Results <-
list(`bwa.out//20220204//Control25_S18.sam` = list(GM22_SNP1 = list(
    All = list(Freqs = structure(c(1L, 17L, 1493L, 6L, 5L, 2L, 
    13L, 1047L, 4L, 3L, 0L, 2L, 26L, 0L, 0L), .Dim = c(5L, 3L
    ), .Dimnames = structure(list(c("-2", "-1", "0", "1", NA), 
        c("A", "G", NA)), .Names = c("", "")), class = "table"), 
        N = 2619L), Tag.Distribution = structure(c(`1` = 38L, 
    `2` = 25L, `3` = 19L, `4` = 32L, `5` = 9L, `6` = 16L, `7` = 11L, 
    `8` = 12L, `9` = 9L, `10` = 11L, `11` = 15L, `12` = 10L, 
    `13` = 6L, `14` = 3L, `15` = 8L, `16` = 2L, `17` = 4L, `18` = 4L, 
    `19` = 5L, `20` = 5L, `21` = 4L, `22` = 3L, `23` = 2L, `25` = 1L, 
    `26` = 4L, `27` = 2L, `28` = 2L, `29` = 2L, `30` = 3L, `31` = 2L, 
    `32` = 3L, `33` = 1L, `34` = 1L, `37` = 1L, `40` = 1L, `44` = 1L
    ), .Dim = 36L, .Dimnames = list(TagUsage = c("1", "2", "3", 
    "4", "5", "6", "7", "8", "9", "10", "11", "12", "13", "14", 
    "15", "16", "17", "18", "19", "20", "21", "22", "23", "25", 
    "26", "27", "28", "29", "30", "31", "32", "33", "34", "37", 
    "40", "44")), class = "table"), No.Tag = structure(c(0L, 
    0L, 8L, 0L, 0L, 0L, 0L, 10L, 0L, 0L, 0L, 0L, 2L, 0L, 0L), .Dim = c(5L, 
    3L), .Dimnames = structure(list(c("-2", "-1", "0", "1", NA
    ), c("A", "G", NA)), .Names = c("", "")), class = "table"), 
    All.Tags = list(Concordant = list(Freqs = structure(c(0, 
    0, 133, 0, 0, 0, 102, 1), .Dim = c(4L, 2L), .Dimnames = list(
        c("-2", "-1", "0", "1"), c("A", "G"))), N = 236), Majority = list(
        Freqs = structure(c(0, 0, 155, 0, 0, 0, 117, 1), .Dim = c(4L, 
        2L), .Dimnames = list(c("-2", "-1", "0", "1"), c("A", 
        "G"))), N = 273)), `2` = structure(c(0, 0, 134, 0, 0, 
    0, 103, 0), .Dim = c(4L, 2L), .Dimnames = list(c("-2", "-1", 
    "0", "1"), c("A", "G"))))))
