Results <-
list(`bwa.out//20220204//BlindCMMRD96_S55.sam` = list(GM01_SNP1 = list(
    All = list(Freqs = structure(c(4L, 76L, 5128L, 14L, 8L, 0L, 
    0L, 12L, 0L, 0L, 0L, 4L, 63L, 1L, 0L), .Dim = c(5L, 3L), .Dimnames = structure(list(
        c("-2", "-1", "0", "1", NA), c("A", "G", NA)), .Names = c("", 
    "")), class = "table"), N = 5310L), Tag.Distribution = structure(c(`1` = 154L, 
    `2` = 104L, `3` = 97L, `4` = 65L, `5` = 44L, `6` = 55L, `7` = 49L, 
    `8` = 33L, `9` = 30L, `10` = 30L, `11` = 37L, `12` = 27L, 
    `13` = 23L, `14` = 12L, `15` = 7L, `16` = 8L, `17` = 14L, 
    `18` = 10L, `19` = 7L, `20` = 3L, `21` = 6L, `22` = 1L, `24` = 6L, 
    `25` = 4L, `26` = 1L, `27` = 1L, `28` = 1L, `29` = 1L), .Dim = 28L, .Dimnames = list(
        TagUsage = c("1", "2", "3", "4", "5", "6", "7", "8", 
        "9", "10", "11", "12", "13", "14", "15", "16", "17", 
        "18", "19", "20", "21", "22", "24", "25", "26", "27", 
        "28", "29")), class = "table"), No.Tag = structure(c(0L, 
    0L, 121L, 0L, 1L, 0L, 0L, 0L, 0L, 0L, 0L, 0L, 4L, 0L, 0L), .Dim = c(5L, 
    3L), .Dimnames = structure(list(c("-2", "-1", "0", "1", NA
    ), c("A", "G", NA)), .Names = c("", "")), class = "table"), 
    All.Tags = list(Concordant = list(Freqs = structure(c(0, 
    1, 744, 0, 0, 0, 6, 0), .Dim = c(4L, 2L), .Dimnames = list(
        c("-2", "-1", "0", "1"), c("A", "G"))), N = 751), Majority = list(
        Freqs = structure(c(0, 2, 815, 0, 0, 0, 6, 0), .Dim = c(4L, 
        2L), .Dimnames = list(c("-2", "-1", "0", "1"), c("A", 
        "G"))), N = 823)), `2` = structure(c(0, 1, 673, 0, 0, 
    0, 0, 0), .Dim = c(4L, 2L), .Dimnames = list(c("-2", "-1", 
    "0", "1"), c("A", "G"))))))
