Results <-
list(`bwa.out//20220204//MLPA01_S9.sam` = list(LR44_SNP1 = list(
    All = list(Freqs = structure(c(6L, 113L, 1765L, 22L, 8L, 
    3L, 148L, 1944L, 42L, 19L, 0L, 8L, 66L, 1L, 0L), .Dim = c(5L, 
    3L), .Dimnames = structure(list(c("-2", "-1", "0", "1", NA
    ), c("C", "T", NA)), .Names = c("", "")), class = "table"), 
        N = 4145L), Tag.Distribution = structure(c(`1` = 176L, 
    `2` = 93L, `3` = 79L, `4` = 61L, `5` = 56L, `6` = 53L, `7` = 27L, 
    `8` = 34L, `9` = 32L, `10` = 19L, `11` = 24L, `12` = 16L, 
    `13` = 15L, `14` = 10L, `15` = 10L, `16` = 7L, `17` = 8L, 
    `18` = 7L, `19` = 4L, `20` = 2L, `21` = 2L, `22` = 2L, `23` = 1L, 
    `25` = 1L, `27` = 2L, `30` = 1L, `35` = 1L), .Dim = 27L, .Dimnames = list(
        TagUsage = c("1", "2", "3", "4", "5", "6", "7", "8", 
        "9", "10", "11", "12", "13", "14", "15", "16", "17", 
        "18", "19", "20", "21", "22", "23", "25", "27", "30", 
        "35")), class = "table"), No.Tag = structure(c(2L, 4L, 
    48L, 0L, 0L, 0L, 2L, 24L, 0L, 0L, 0L, 0L, 1L, 0L, 0L), .Dim = c(5L, 
    3L), .Dimnames = structure(list(c("-2", "-1", "0", "1", NA
    ), c("C", "T", NA)), .Names = c("", "")), class = "table"), 
    All.Tags = list(Concordant = list(Freqs = structure(c(0, 
    5, 241, 2, 0, 5, 248, 0), .Dim = c(4L, 2L), .Dimnames = list(
        c("-2", "-1", "0", "1"), c("C", "T"))), N = 501), Majority = list(
        Freqs = structure(c(0, 6, 328, 2, 0, 9, 369, 0), .Dim = c(4L, 
        2L), .Dimnames = list(c("-2", "-1", "0", "1"), c("C", 
        "T"))), N = 714)), `2` = structure(c(0, 2, 259, 0, 0, 
    4, 279, 0), .Dim = c(4L, 2L), .Dimnames = list(c("-2", "-1", 
    "0", "1"), c("C", "T"))))))
