Results <-
list(`bwa.out//20220204//Control26_S19.sam` = list(GM11_SNP1 = list(
    All = list(Freqs = structure(c(0L, 0L, 14L, 0L, 0L, 1L, 18L, 
    3393L, 17L, 4L, 0L, 0L, 24L, 0L, 0L), .Dim = c(5L, 3L), .Dimnames = structure(list(
        c("-2", "-1", "0", "1", NA), c("A", "G", NA)), .Names = c("", 
    "")), class = "table"), N = 3471L), Tag.Distribution = structure(c(`1` = 104L, 
    `2` = 59L, `3` = 56L, `4` = 41L, `5` = 35L, `6` = 39L, `7` = 25L, 
    `8` = 30L, `9` = 18L, `10` = 20L, `11` = 13L, `12` = 13L, 
    `13` = 7L, `14` = 14L, `15` = 6L, `16` = 7L, `17` = 5L, `18` = 5L, 
    `19` = 6L, `20` = 4L, `21` = 2L, `22` = 4L, `23` = 2L, `24` = 3L, 
    `27` = 1L, `29` = 1L, `31` = 1L, `32` = 2L, `42` = 1L, `47` = 1L
    ), .Dim = 30L, .Dimnames = list(TagUsage = c("1", "2", "3", 
    "4", "5", "6", "7", "8", "9", "10", "11", "12", "13", "14", 
    "15", "16", "17", "18", "19", "20", "21", "22", "23", "24", 
    "27", "29", "31", "32", "42", "47")), class = "table"), No.Tag = structure(c(0L, 
    0L, 1L, 0L, 0L, 0L, 1L, 83L, 0L, 0L, 0L, 0L, 1L, 0L, 0L), .Dim = c(5L, 
    3L), .Dimnames = structure(list(c("-2", "-1", "0", "1", NA
    ), c("A", "G", NA)), .Names = c("", "")), class = "table"), 
    All.Tags = list(Concordant = list(Freqs = structure(c(0, 
    0, 2, 0, 0, 2, 483, 0), .Dim = c(4L, 2L), .Dimnames = list(
        c("-2", "-1", "0", "1"), c("A", "G"))), N = 487), Majority = list(
        Freqs = structure(c(0, 0, 2, 0, 0, 2, 515, 0), .Dim = c(4L, 
        2L), .Dimnames = list(c("-2", "-1", "0", "1"), c("A", 
        "G"))), N = 519)), `2` = structure(c(0, 0, 1, 0, 0, 0, 
    419, 0), .Dim = c(4L, 2L), .Dimnames = list(c("-2", "-1", 
    "0", "1"), c("A", "G"))))))
