Results <-
list(`bwa.out//20220204//BlindCMMRD67_S26.sam` = list(LR10_SNP1 = list(
    All = list(Freqs = structure(c(1L, 47L, 2078L, 19L, 4L, 0L, 
    36L, 2367L, 6L, 3L, 0L, 0L, 43L, 0L, 0L), .Dim = c(5L, 3L
    ), .Dimnames = structure(list(c("-2", "-1", "0", "1", NA), 
        c("C", "T", NA)), .Names = c("", "")), class = "table"), 
        N = 4604L), Tag.Distribution = structure(c(`1` = 108L, 
    `2` = 51L, `3` = 39L, `4` = 48L, `5` = 40L, `6` = 25L, `7` = 23L, 
    `8` = 26L, `9` = 26L, `10` = 31L, `11` = 14L, `12` = 18L, 
    `13` = 11L, `14` = 17L, `15` = 7L, `16` = 6L, `17` = 12L, 
    `18` = 6L, `19` = 8L, `20` = 4L, `21` = 8L, `22` = 4L, `23` = 2L, 
    `24` = 5L, `25` = 4L, `26` = 4L, `27` = 3L, `28` = 6L, `29` = 3L, 
    `30` = 1L, `31` = 2L, `32` = 2L, `34` = 1L, `39` = 1L, `41` = 1L
    ), .Dim = 35L, .Dimnames = list(TagUsage = c("1", "2", "3", 
    "4", "5", "6", "7", "8", "9", "10", "11", "12", "13", "14", 
    "15", "16", "17", "18", "19", "20", "21", "22", "23", "24", 
    "25", "26", "27", "28", "29", "30", "31", "32", "34", "39", 
    "41")), class = "table"), No.Tag = structure(c(0L, 0L, 44L, 
    1L, 0L, 0L, 0L, 45L, 0L, 0L, 0L, 0L, 4L, 0L, 0L), .Dim = c(5L, 
    3L), .Dimnames = structure(list(c("-2", "-1", "0", "1", NA
    ), c("C", "T", NA)), .Names = c("", "")), class = "table"), 
    All.Tags = list(Concordant = list(Freqs = structure(c(0, 
    0, 217, 1, 0, 0, 250, 0), .Dim = c(4L, 2L), .Dimnames = list(
        c("-2", "-1", "0", "1"), c("C", "T"))), N = 468), Majority = list(
        Freqs = structure(c(0, 0, 267, 1, 0, 1, 288, 0), .Dim = c(4L, 
        2L), .Dimnames = list(c("-2", "-1", "0", "1"), c("C", 
        "T"))), N = 557)), `2` = structure(c(0, 0, 217, 0, 0, 
    1, 236, 0), .Dim = c(4L, 2L), .Dimnames = list(c("-2", "-1", 
    "0", "1"), c("C", "T"))))))
