Results <-
list(`bwa.out//20220204//BlindCMMRD50_S10.sam` = list(LR11_SNP1 = list(
    All = list(Freqs = structure(c(0L, 0L, 1L, 0L, 0L, 0L, 3L, 
    66L, 2506L, 17L, 1L, 4L, 1L, 40L, 2002L, 13L, 0L, 7L, 0L, 
    0L, 1L, 0L, 0L, 0L, 0L, 0L, 1L, 0L, 0L, 0L, 0L, 0L, 75L, 
    1L, 0L, 0L), .Dim = c(6L, 6L), .Dimnames = structure(list(
        c("-2", "-1", "0", "1", "3", NA), c("-", "A", "C", "G", 
        "T", NA)), .Names = c("", "")), class = "table"), N = 4739L), 
    Tag.Distribution = structure(c(`1` = 82L, `2` = 27L, `3` = 17L, 
    `4` = 21L, `5` = 13L, `6` = 9L, `7` = 14L, `8` = 7L, `9` = 7L, 
    `10` = 4L, `11` = 9L, `12` = 10L, `13` = 6L, `14` = 7L, `15` = 6L, 
    `16` = 9L, `17` = 7L, `18` = 3L, `19` = 9L, `20` = 4L, `21` = 4L, 
    `22` = 4L, `23` = 3L, `24` = 2L, `25` = 9L, `26` = 7L, `27` = 6L, 
    `28` = 2L, `29` = 1L, `30` = 5L, `31` = 2L, `32` = 4L, `33` = 3L, 
    `34` = 2L, `35` = 1L, `36` = 3L, `37` = 3L, `38` = 4L, `39` = 3L, 
    `41` = 2L, `42` = 1L, `43` = 4L, `45` = 2L, `46` = 2L, `47` = 1L, 
    `56` = 2L, `59` = 1L, `60` = 1L, `62` = 1L, `64` = 1L, `84` = 1L
    ), .Dim = 51L, .Dimnames = list(TagUsage = c("1", "2", "3", 
    "4", "5", "6", "7", "8", "9", "10", "11", "12", "13", "14", 
    "15", "16", "17", "18", "19", "20", "21", "22", "23", "24", 
    "25", "26", "27", "28", "29", "30", "31", "32", "33", "34", 
    "35", "36", "37", "38", "39", "41", "42", "43", "45", "46", 
    "47", "56", "59", "60", "62", "64", "84")), class = "table"), 
    No.Tag = structure(c(0L, 0L, 0L, 0L, 0L, 0L, 0L, 0L, 30L, 
    0L, 0L, 0L, 0L, 1L, 65L, 0L, 0L, 1L, 0L, 0L, 0L, 0L, 0L, 
    0L, 0L, 0L, 0L, 0L, 0L, 0L, 0L, 0L, 3L, 0L, 0L, 0L), .Dim = c(6L, 
    6L), .Dimnames = structure(list(c("-2", "-1", "0", "1", "3", 
    NA), c("-", "A", "C", "G", "T", NA)), .Names = c("", "")), class = "table"), 
    All.Tags = list(Concordant = list(Freqs = structure(c(0, 
    0, 0, 0, 0, 0, 2, 140, 0, 1, 0, 1, 103, 0, 0, 0, 0, 0, 0, 
    0, 0, 0, 0, 0, 0), .Dim = c(5L, 5L), .Dimnames = list(c("-2", 
    "-1", "0", "1", "3"), c("-", "A", "C", "G", "T"))), N = 247), 
        Majority = list(Freqs = structure(c(0, 0, 0, 0, 0, 0, 
        2, 199, 0, 1, 0, 1, 139, 0, 0, 0, 0, 0, 0, 0, 0, 0, 0, 
        0, 0), .Dim = c(5L, 5L), .Dimnames = list(c("-2", "-1", 
        "0", "1", "3"), c("-", "A", "C", "G", "T"))), N = 342)), 
    `2` = structure(c(0, 0, 0, 0, 0, 0, 1, 158, 0, 0, 0, 0, 115, 
    0, 0, 0, 0, 0, 0, 0, 0, 0, 0, 0, 0), .Dim = c(5L, 5L), .Dimnames = list(
        c("-2", "-1", "0", "1", "3"), c("-", "A", "C", "G", "T"
        ))))))
