Results <-
list(`bwa.out//20220204//BlindCMMRD85_S44.sam` = list(GM14_SNP1 = list(
    All = list(Freqs = structure(c(1L, 59L, 1282L, 17L, 3L, 0L, 
    34L, 1403L, 6L, 3L, 0L, 0L, 19L, 0L, 0L), .Dim = c(5L, 3L
    ), .Dimnames = structure(list(c("-2", "-1", "0", "1", NA), 
        c("C", "T", NA)), .Names = c("", "")), class = "table"), 
        N = 2827L), Tag.Distribution = structure(c(`1` = 97L, 
    `2` = 46L, `3` = 35L, `4` = 45L, `5` = 38L, `6` = 34L, `7` = 25L, 
    `8` = 17L, `9` = 20L, `10` = 11L, `11` = 16L, `12` = 4L, 
    `13` = 6L, `14` = 7L, `15` = 9L, `16` = 9L, `17` = 6L, `18` = 2L, 
    `19` = 2L, `20` = 6L, `21` = 4L, `22` = 1L, `23` = 1L, `24` = 1L, 
    `25` = 1L, `28` = 1L, `29` = 4L, `31` = 1L), .Dim = 28L, .Dimnames = list(
        TagUsage = c("1", "2", "3", "4", "5", "6", "7", "8", 
        "9", "10", "11", "12", "13", "14", "15", "16", "17", 
        "18", "19", "20", "21", "22", "23", "24", "25", "28", 
        "29", "31")), class = "table"), No.Tag = structure(c(0L, 
    0L, 15L, 0L, 0L, 0L, 2L, 13L, 0L, 0L, 0L, 0L, 0L, 0L, 0L), .Dim = c(5L, 
    3L), .Dimnames = structure(list(c("-2", "-1", "0", "1", NA
    ), c("C", "T", NA)), .Names = c("", "")), class = "table"), 
    All.Tags = list(Concordant = list(Freqs = structure(c(0, 
    2, 136, 0, 0, 1, 215, 1), .Dim = c(4L, 2L), .Dimnames = list(
        c("-2", "-1", "0", "1"), c("C", "T"))), N = 355), Majority = list(
        Freqs = structure(c(0, 4, 187, 0, 0, 1, 248, 1), .Dim = c(4L, 
        2L), .Dimnames = list(c("-2", "-1", "0", "1"), c("C", 
        "T"))), N = 441)), `2` = structure(c(0, 2, 153, 0, 0, 
    0, 193, 0), .Dim = c(4L, 2L), .Dimnames = list(c("-2", "-1", 
    "0", "1"), c("C", "T"))))))
