Results <-
list(`bwa.out//20220204//17D1097_S1.sam` = list(LR36_SNP1 = list(
    All = list(Freqs = structure(c(0L, 0L, 5L, 0L, 0L, 0L, 4L, 
    77L, 2463L, 23L, 1L, 25L, 2L, 6L, 164L, 4L, 0L, 0L), .Dim = c(6L, 
    3L), .Dimnames = structure(list(c("-2", "-1", "0", "1", "2", 
    NA), c("A", "T", NA)), .Names = c("", "")), class = "table"), 
        N = 2774L), Tag.Distribution = structure(c(`1` = 165L, 
    `2` = 113L, `3` = 65L, `4` = 60L, `5` = 44L, `6` = 42L, `7` = 40L, 
    `8` = 23L, `9` = 19L, `10` = 10L, `11` = 9L, `12` = 9L, `13` = 9L, 
    `14` = 4L, `15` = 4L, `16` = 4L, `17` = 1L, `19` = 2L, `20` = 1L
    ), .Dim = 19L, .Dimnames = list(TagUsage = c("1", "2", "3", 
    "4", "5", "6", "7", "8", "9", "10", "11", "12", "13", "14", 
    "15", "16", "17", "19", "20")), class = "table"), No.Tag = structure(c(0L, 
    0L, 1L, 0L, 0L, 0L, 0L, 5L, 132L, 3L, 0L, 2L, 0L, 0L, 19L, 
    0L, 0L, 0L), .Dim = c(6L, 3L), .Dimnames = structure(list(
        c("-2", "-1", "0", "1", "2", NA), c("A", "T", NA)), .Names = c("", 
    "")), class = "table"), All.Tags = list(Concordant = list(
        Freqs = structure(c(0, 0, 0, 0, 0, 1, 5, 536, 3, 0), .Dim = c(5L, 
        2L), .Dimnames = list(c("-2", "-1", "0", "1", "2"), c("A", 
        "T"))), N = 545), Majority = list(Freqs = structure(c(0, 
    0, 0, 0, 0, 1, 7, 583, 3, 0), .Dim = c(5L, 2L), .Dimnames = list(
        c("-2", "-1", "0", "1", "2"), c("A", "T"))), N = 594)), 
    `2` = structure(c(0, 0, 0, 0, 0, 0, 3, 445, 2, 0), .Dim = c(5L, 
    2L), .Dimnames = list(c("-2", "-1", "0", "1", "2"), c("A", 
    "T"))))))
