Results <-
list(`bwa.out//20220204//BlindCMMRD122_S48.sam` = list(DEPDC2_SNP1 = list(
    All = list(Freqs = structure(c(0L, 0L, 2L, 0L, 0L, 0L, 0L, 
    1L, 0L, 0L, 1L, 28L, 4897L, 26L, 5L, 0L, 1L, 72L, 1L, 0L), .Dim = 5:4, .Dimnames = structure(list(
        c("-2", "-1", "0", "1", NA), c("A", "C", "T", NA)), .Names = c("", 
    "")), class = "table"), N = 5034L), Tag.Distribution = structure(c(`1` = 241L, 
    `2` = 171L, `3` = 144L, `4` = 106L, `5` = 80L, `6` = 77L, 
    `7` = 45L, `8` = 42L, `9` = 31L, `10` = 15L, `11` = 23L, 
    `12` = 16L, `13` = 18L, `14` = 7L, `15` = 13L, `16` = 8L, 
    `17` = 1L, `18` = 6L, `20` = 3L, `21` = 4L, `23` = 2L, `24` = 2L, 
    `26` = 1L, `31` = 1L), .Dim = 24L, .Dimnames = list(TagUsage = c("1", 
    "2", "3", "4", "5", "6", "7", "8", "9", "10", "11", "12", 
    "13", "14", "15", "16", "17", "18", "20", "21", "23", "24", 
    "26", "31")), class = "table"), No.Tag = structure(c(0L, 
    0L, 0L, 0L, 0L, 0L, 0L, 0L, 0L, 0L, 0L, 0L, 127L, 0L, 0L, 
    0L, 0L, 6L, 0L, 0L), .Dim = 5:4, .Dimnames = structure(list(
        c("-2", "-1", "0", "1", NA), c("A", "C", "T", NA)), .Names = c("", 
    "")), class = "table"), All.Tags = list(Concordant = list(
        Freqs = structure(c(0, 0, 0, 0, 0, 0, 0, 0, 0, 2, 1001, 
        3), .Dim = 4:3, .Dimnames = list(c("-2", "-1", "0", "1"
        ), c("A", "C", "T"))), N = 1006), Majority = list(Freqs = structure(c(0, 
    0, 0, 0, 0, 0, 0, 0, 0, 2, 1045, 3), .Dim = 4:3, .Dimnames = list(
        c("-2", "-1", "0", "1"), c("A", "C", "T"))), N = 1050)), 
    `2` = structure(c(0, 0, 0, 0, 0, 0, 0, 0, 0, 0, 813, 0), .Dim = 4:3, .Dimnames = list(
        c("-2", "-1", "0", "1"), c("A", "C", "T"))))))
