Results <-
list(`bwa.out//20220204//BlindCMMRD41_S1.sam` = list(LR49_SNP1 = list(
    All = list(Freqs = structure(c(1L, 21L, 0L, 0L, 1L, 0L, 7L, 
    4625L, 3L, 0L, 15L, 0L), .Dim = 3:4, .Dimnames = structure(list(
        c("-1", "0", NA), c("A", "C", "G", NA)), .Names = c("", 
    "")), class = "table"), N = 4673L), Tag.Distribution = structure(c(`1` = 123L, 
    `2` = 29L, `3` = 17L, `4` = 21L, `5` = 17L, `6` = 16L, `7` = 23L, 
    `8` = 14L, `9` = 16L, `10` = 14L, `11` = 15L, `12` = 10L, 
    `13` = 10L, `14` = 10L, `15` = 10L, `16` = 7L, `17` = 10L, 
    `18` = 12L, `19` = 9L, `20` = 4L, `21` = 7L, `22` = 5L, `23` = 4L, 
    `24` = 3L, `25` = 1L, `26` = 4L, `27` = 3L, `28` = 1L, `29` = 4L, 
    `30` = 7L, `32` = 3L, `33` = 6L, `34` = 2L, `35` = 1L, `36` = 2L, 
    `37` = 3L, `39` = 1L, `40` = 1L, `41` = 3L, `49` = 1L, `53` = 1L, 
    `59` = 1L, `64` = 1L, `73` = 1L), .Dim = 44L, .Dimnames = list(
        TagUsage = c("1", "2", "3", "4", "5", "6", "7", "8", 
        "9", "10", "11", "12", "13", "14", "15", "16", "17", 
        "18", "19", "20", "21", "22", "23", "24", "25", "26", 
        "27", "28", "29", "30", "32", "33", "34", "35", "36", 
        "37", "39", "40", "41", "49", "53", "59", "64", "73")), class = "table"), 
    No.Tag = structure(c(0L, 1L, 0L, 0L, 0L, 0L, 0L, 97L, 0L, 
    0L, 2L, 0L), .Dim = 3:4, .Dimnames = structure(list(c("-1", 
    "0", NA), c("A", "C", "G", NA)), .Names = c("", "")), class = "table"), 
    All.Tags = list(Concordant = list(Freqs = structure(c(1, 
    10, 0, 0, 1, 431), .Dim = 2:3, .Dimnames = list(c("-1", "0"
    ), c("A", "C", "G"))), N = 443), Majority = list(Freqs = structure(c(1, 
    10, 0, 0, 1, 438), .Dim = 2:3, .Dimnames = list(c("-1", "0"
    ), c("A", "C", "G"))), N = 450)), `2` = structure(c(0, 1, 
    0, 0, 0, 329), .Dim = 2:3, .Dimnames = list(c("-1", "0"), 
        c("A", "C", "G"))))))
