Results <-
list(`bwa.out//20220204//Control13_S6.sam` = list(LR24_SNP1 = list(
    All = list(Freqs = structure(c(12L, 1501L, 4L, 0L, 10L, 1471L, 
    2L, 2L, 0L, 1L, 0L, 0L, 0L, 13L, 1L, 0L), .Dim = c(4L, 4L
    ), .Dimnames = structure(list(c("-1", "0", "1", NA), c("A", 
    "G", "T", NA)), .Names = c("", "")), class = "table"), N = 3017L), 
    Tag.Distribution = structure(c(`1` = 188L, `2` = 104L, `3` = 86L, 
    `4` = 68L, `5` = 52L, `6` = 41L, `7` = 42L, `8` = 28L, `9` = 24L, 
    `10` = 12L, `11` = 8L, `12` = 10L, `13` = 11L, `14` = 7L, 
    `15` = 1L, `16` = 5L, `17` = 2L, `20` = 1L, `21` = 1L, `22` = 1L, 
    `26` = 1L), .Dim = 21L, .Dimnames = list(TagUsage = c("1", 
    "2", "3", "4", "5", "6", "7", "8", "9", "10", "11", "12", 
    "13", "14", "15", "16", "17", "20", "21", "22", "26")), class = "table"), 
    No.Tag = structure(c(0L, 34L, 0L, 0L, 0L, 29L, 0L, 0L, 0L, 
    0L, 0L, 0L, 0L, 1L, 0L, 0L), .Dim = c(4L, 4L), .Dimnames = structure(list(
        c("-1", "0", "1", NA), c("A", "G", "T", NA)), .Names = c("", 
    "")), class = "table"), All.Tags = list(Concordant = list(
        Freqs = structure(c(1, 311, 0, 0, 319, 1, 0, 0, 0), .Dim = c(3L, 
        3L), .Dimnames = list(c("-1", "0", "1"), c("A", "G", 
        "T"))), N = 632), Majority = list(Freqs = structure(c(2, 
    337, 0, 0, 341, 1, 0, 0, 0), .Dim = c(3L, 3L), .Dimnames = list(
        c("-1", "0", "1"), c("A", "G", "T"))), N = 681)), `2` = structure(c(1, 
    240, 0, 0, 254, 1, 0, 0, 0), .Dim = c(3L, 3L), .Dimnames = list(
        c("-1", "0", "1"), c("A", "G", "T"))))))
