Results <-
list(`bwa.out//20220204//BlindCMMRD72_S31.sam` = list(LR48_SNP1 = list(
    All = list(Freqs = structure(c(4L, 117L, 4557L, 78L, 16L, 
    0L, 0L, 1L, 0L, 0L, 0L, 1L, 64L, 0L, 0L), .Dim = c(5L, 3L
    ), .Dimnames = structure(list(c("-2", "-1", "0", "1", NA), 
        c("C", "T", NA)), .Names = c("", "")), class = "table"), 
        N = 4838L), Tag.Distribution = structure(c(`1` = 81L, 
    `2` = 35L, `3` = 30L, `4` = 31L, `5` = 24L, `6` = 29L, `7` = 26L, 
    `8` = 25L, `9` = 15L, `10` = 15L, `11` = 11L, `12` = 14L, 
    `13` = 4L, `14` = 8L, `15` = 13L, `16` = 12L, `17` = 5L, 
    `18` = 7L, `19` = 6L, `20` = 5L, `21` = 10L, `22` = 6L, `23` = 7L, 
    `24` = 2L, `25` = 1L, `26` = 6L, `27` = 3L, `28` = 6L, `29` = 4L, 
    `30` = 3L, `31` = 3L, `32` = 3L, `33` = 3L, `34` = 3L, `35` = 1L, 
    `36` = 1L, `38` = 1L, `39` = 1L, `40` = 1L, `41` = 2L, `44` = 2L, 
    `47` = 1L, `48` = 1L, `51` = 1L, `54` = 1L), .Dim = 45L, .Dimnames = list(
        TagUsage = c("1", "2", "3", "4", "5", "6", "7", "8", 
        "9", "10", "11", "12", "13", "14", "15", "16", "17", 
        "18", "19", "20", "21", "22", "23", "24", "25", "26", 
        "27", "28", "29", "30", "31", "32", "33", "34", "35", 
        "36", "38", "39", "40", "41", "44", "47", "48", "51", 
        "54")), class = "table"), No.Tag = structure(c(0L, 2L, 
    102L, 1L, 0L, 0L, 0L, 0L, 0L, 0L, 0L, 0L, 7L, 0L, 0L), .Dim = c(5L, 
    3L), .Dimnames = structure(list(c("-2", "-1", "0", "1", NA
    ), c("C", "T", NA)), .Names = c("", "")), class = "table"), 
    All.Tags = list(Concordant = list(Freqs = structure(c(0, 
    0, 334, 0, 0, 0, 0, 0), .Dim = c(4L, 2L), .Dimnames = list(
        c("-2", "-1", "0", "1"), c("C", "T"))), N = 334), Majority = list(
        Freqs = structure(c(0, 1, 458, 1, 0, 0, 0, 0), .Dim = c(4L, 
        2L), .Dimnames = list(c("-2", "-1", "0", "1"), c("C", 
        "T"))), N = 460)), `2` = structure(c(0, 1, 382, 1, 0, 
    0, 0, 0), .Dim = c(4L, 2L), .Dimnames = list(c("-2", "-1", 
    "0", "1"), c("C", "T"))))))
