Results <-
list(`bwa.out//20220204//BlindCMMRD95_S54.sam` = list(LR11_SNP1 = list(
    All = list(Freqs = structure(c(0L, 66L, 2762L, 14L, 0L, 11L, 
    4L, 50L, 1947L, 11L, 1L, 2L, 0L, 2L, 90L, 2L, 0L, 0L), .Dim = c(6L, 
    3L), .Dimnames = structure(list(c("-2", "-1", "0", "1", "2", 
    NA), c("A", "C", NA)), .Names = c("", "")), class = "table"), 
        N = 4962L), Tag.Distribution = structure(c(`1` = 113L, 
    `2` = 40L, `3` = 36L, `4` = 30L, `5` = 33L, `6` = 23L, `7` = 17L, 
    `8` = 13L, `9` = 15L, `10` = 10L, `11` = 17L, `12` = 17L, 
    `13` = 15L, `14` = 15L, `15` = 12L, `16` = 8L, `17` = 11L, 
    `18` = 9L, `19` = 11L, `20` = 10L, `21` = 7L, `22` = 3L, 
    `23` = 7L, `24` = 4L, `25` = 7L, `26` = 5L, `27` = 2L, `28` = 5L, 
    `29` = 6L, `30` = 4L, `32` = 2L, `33` = 3L, `34` = 1L, `35` = 1L, 
    `37` = 2L, `38` = 1L, `39` = 1L, `40` = 1L, `44` = 1L, `45` = 1L, 
    `48` = 2L), .Dim = 41L, .Dimnames = list(TagUsage = c("1", 
    "2", "3", "4", "5", "6", "7", "8", "9", "10", "11", "12", 
    "13", "14", "15", "16", "17", "18", "19", "20", "21", "22", 
    "23", "24", "25", "26", "27", "28", "29", "30", "32", "33", 
    "34", "35", "37", "38", "39", "40", "44", "45", "48")), class = "table"), 
    No.Tag = structure(c(0L, 1L, 18L, 0L, 0L, 0L, 1L, 2L, 23L, 
    0L, 0L, 0L, 0L, 0L, 2L, 0L, 0L, 0L), .Dim = c(6L, 3L), .Dimnames = structure(list(
        c("-2", "-1", "0", "1", "2", NA), c("A", "C", NA)), .Names = c("", 
    "")), class = "table"), All.Tags = list(Concordant = list(
        Freqs = structure(c(0, 1, 221, 0, 0, 0, 2, 169, 0, 0), .Dim = c(5L, 
        2L), .Dimnames = list(c("-2", "-1", "0", "1", "2"), c("A", 
        "C"))), N = 393), Majority = list(Freqs = structure(c(0, 
    2, 286, 0, 0, 0, 3, 212, 0, 0), .Dim = c(5L, 2L), .Dimnames = list(
        c("-2", "-1", "0", "1", "2"), c("A", "C"))), N = 503)), 
    `2` = structure(c(0, 1, 226, 0, 0, 0, 1, 175, 0, 0), .Dim = c(5L, 
    2L), .Dimnames = list(c("-2", "-1", "0", "1", "2"), c("A", 
    "C"))))))
