Results <-
list(`bwa.out//20220204//BlindCMMRD114_S40.sam` = list(GM22_SNP1 = list(
    All = list(Freqs = structure(c(1L, 68L, 5477L, 22L, 19L, 
    0L, 0L, 1L, 0L, 0L, 0L, 0L, 1L, 0L, 0L, 0L, 0L, 40L, 0L, 
    0L), .Dim = 5:4, .Dimnames = structure(list(c("-2", "-1", 
    "0", "1", NA), c("A", "G", "T", NA)), .Names = c("", "")), class = "table"), 
        N = 5629L), Tag.Distribution = structure(c(`1` = 92L, 
    `2` = 53L, `3` = 69L, `4` = 70L, `5` = 90L, `6` = 71L, `7` = 46L, 
    `8` = 62L, `9` = 48L, `10` = 33L, `11` = 46L, `12` = 32L, 
    `13` = 20L, `14` = 17L, `15` = 19L, `16` = 8L, `17` = 6L, 
    `18` = 8L, `19` = 1L, `20` = 1L, `22` = 4L, `24` = 1L, `26` = 2L, 
    `28` = 4L, `37` = 1L), .Dim = 25L, .Dimnames = list(TagUsage = c("1", 
    "2", "3", "4", "5", "6", "7", "8", "9", "10", "11", "12", 
    "13", "14", "15", "16", "17", "18", "19", "20", "22", "24", 
    "26", "28", "37")), class = "table"), No.Tag = structure(c(0L, 
    1L, 81L, 1L, 3L, 0L, 0L, 0L, 0L, 0L, 0L, 0L, 0L, 0L, 0L, 
    0L, 0L, 3L, 0L, 0L), .Dim = 5:4, .Dimnames = structure(list(
        c("-2", "-1", "0", "1", NA), c("A", "G", "T", NA)), .Names = c("", 
    "")), class = "table"), All.Tags = list(Concordant = list(
        Freqs = structure(c(0, 2, 716, 1, 0, 0, 0, 0, 0, 0, 0, 
        0), .Dim = 4:3, .Dimnames = list(c("-2", "-1", "0", "1"
        ), c("A", "G", "T"))), N = 719), Majority = list(Freqs = structure(c(0, 
    2, 799, 1, 0, 0, 0, 0, 0, 0, 0, 0), .Dim = 4:3, .Dimnames = list(
        c("-2", "-1", "0", "1"), c("A", "G", "T"))), N = 802)), 
    `2` = structure(c(0, 0, 710, 0, 0, 0, 0, 0, 0, 0, 0, 0), .Dim = 4:3, .Dimnames = list(
        c("-2", "-1", "0", "1"), c("A", "G", "T"))))))
