Results <-
list(`bwa.out//20220204//BlindCMMRD50_S10.sam` = list(GM29_SNP1 = list(
    All = list(Freqs = structure(c(1L, 3L, 39L, 2822L, 11L, 2L, 
    0L, 0L, 0L, 4L, 0L, 1L, 0L, 0L, 0L, 23L, 0L, 0L), .Dim = c(6L, 
    3L), .Dimnames = structure(list(c("-3", "-2", "-1", "0", 
    "1", NA), c("A", "G", NA)), .Names = c("", "")), class = "table"), 
        N = 2906L), Tag.Distribution = structure(c(`1` = 61L, 
    `2` = 25L, `3` = 15L, `4` = 18L, `5` = 10L, `6` = 8L, `7` = 17L, 
    `8` = 6L, `9` = 8L, `10` = 10L, `11` = 9L, `12` = 6L, `13` = 4L, 
    `14` = 5L, `15` = 2L, `16` = 4L, `17` = 2L, `18` = 4L, `19` = 2L, 
    `20` = 5L, `21` = 5L, `22` = 4L, `23` = 5L, `24` = 1L, `25` = 4L, 
    `26` = 4L, `27` = 2L, `28` = 1L, `30` = 2L, `31` = 3L, `34` = 1L, 
    `35` = 2L, `36` = 2L, `39` = 3L, `40` = 1L, `42` = 1L, `44` = 1L, 
    `46` = 2L, `50` = 1L, `53` = 1L, `57` = 1L, `58` = 1L, `63` = 1L
    ), .Dim = 43L, .Dimnames = list(TagUsage = c("1", "2", "3", 
    "4", "5", "6", "7", "8", "9", "10", "11", "12", "13", "14", 
    "15", "16", "17", "18", "19", "20", "21", "22", "23", "24", 
    "25", "26", "27", "28", "30", "31", "34", "35", "36", "39", 
    "40", "42", "44", "46", "50", "53", "57", "58", "63")), class = "table"), 
    No.Tag = structure(c(0L, 0L, 0L, 44L, 0L, 0L, 0L, 0L, 0L, 
    1L, 0L, 1L, 0L, 0L, 0L, 1L, 0L, 0L), .Dim = c(6L, 3L), .Dimnames = structure(list(
        c("-3", "-2", "-1", "0", "1", NA), c("A", "G", NA)), .Names = c("", 
    "")), class = "table"), All.Tags = list(Concordant = list(
        Freqs = structure(c(0, 0, 0, 220, 0, 0, 0, 0, 3, 0), .Dim = c(5L, 
        2L), .Dimnames = list(c("-3", "-2", "-1", "0", "1"), 
            c("A", "G"))), N = 223), Majority = list(Freqs = structure(c(0, 
    0, 0, 263, 0, 0, 0, 0, 3, 0), .Dim = c(5L, 2L), .Dimnames = list(
        c("-3", "-2", "-1", "0", "1"), c("A", "G"))), N = 266)), 
    `2` = structure(c(0, 0, 0, 209, 0, 0, 0, 0, 0, 0), .Dim = c(5L, 
    2L), .Dimnames = list(c("-3", "-2", "-1", "0", "1"), c("A", 
    "G"))))))
