Results <-
list(`bwa.out//20220204//17D1098_S3.sam` = list(DEPDC2_SNP1 = list(
    All = list(Freqs = structure(c(0L, 2L, 0L, 0L, 25L, 4007L, 
    22L, 20L, 1L, 104L, 1L, 0L), .Dim = 4:3, .Dimnames = structure(list(
        c("-1", "0", "1", NA), c("C", "T", NA)), .Names = c("", 
    "")), class = "table"), N = 4182L), Tag.Distribution = structure(c(`1` = 276L, 
    `2` = 163L, `3` = 112L, `4` = 108L, `5` = 60L, `6` = 52L, 
    `7` = 39L, `8` = 36L, `9` = 28L, `10` = 26L, `11` = 20L, 
    `12` = 13L, `13` = 11L, `14` = 6L, `15` = 7L, `16` = 7L, 
    `17` = 1L, `18` = 3L, `19` = 1L, `20` = 1L, `21` = 1L, `24` = 1L, 
    `25` = 1L), .Dim = 23L, .Dimnames = list(TagUsage = c("1", 
    "2", "3", "4", "5", "6", "7", "8", "9", "10", "11", "12", 
    "13", "14", "15", "16", "17", "18", "19", "20", "21", "24", 
    "25")), class = "table"), No.Tag = structure(c(0L, 0L, 0L, 
    0L, 0L, 113L, 1L, 4L, 0L, 9L, 0L, 0L), .Dim = 4:3, .Dimnames = structure(list(
        c("-1", "0", "1", NA), c("C", "T", NA)), .Names = c("", 
    "")), class = "table"), All.Tags = list(Concordant = list(
        Freqs = structure(c(0, 1, 0, 0, 920, 1), .Dim = 3:2, .Dimnames = list(
            c("-1", "0", "1"), c("C", "T"))), N = 922), Majority = list(
        Freqs = structure(c(0, 1, 0, 1, 952, 1), .Dim = 3:2, .Dimnames = list(
            c("-1", "0", "1"), c("C", "T"))), N = 955)), `2` = structure(c(0, 
    0, 0, 1, 693, 1), .Dim = 3:2, .Dimnames = list(c("-1", "0", 
    "1"), c("C", "T"))))))
