Results <-
list(`bwa.out//20220204//BlindCMMRD74_S33.sam` = list(GM14_SNP1 = list(
    All = list(Freqs = structure(c(1L, 77L, 2883L, 14L, 6L, 0L, 
    0L, 1L, 0L, 0L, 0L, 0L, 21L, 0L, 0L), .Dim = c(5L, 3L), .Dimnames = structure(list(
        c("-2", "-1", "0", "1", NA), c("C", "T", NA)), .Names = c("", 
    "")), class = "table"), N = 3003L), Tag.Distribution = structure(c(`1` = 69L, 
    `2` = 26L, `3` = 27L, `4` = 27L, `5` = 31L, `6` = 25L, `7` = 13L, 
    `8` = 15L, `9` = 20L, `10` = 11L, `11` = 8L, `12` = 8L, `13` = 6L, 
    `14` = 8L, `15` = 10L, `16` = 6L, `17` = 4L, `18` = 10L, 
    `19` = 6L, `20` = 2L, `21` = 6L, `22` = 4L, `23` = 5L, `24` = 3L, 
    `25` = 5L, `26` = 2L, `27` = 1L, `28` = 2L, `29` = 1L, `30` = 1L, 
    `31` = 1L), .Dim = 31L, .Dimnames = list(TagUsage = c("1", 
    "2", "3", "4", "5", "6", "7", "8", "9", "10", "11", "12", 
    "13", "14", "15", "16", "17", "18", "19", "20", "21", "22", 
    "23", "24", "25", "26", "27", "28", "29", "30", "31")), class = "table"), 
    No.Tag = structure(c(0L, 2L, 108L, 1L, 1L, 0L, 0L, 0L, 0L, 
    0L, 0L, 0L, 2L, 0L, 0L), .Dim = c(5L, 3L), .Dimnames = structure(list(
        c("-2", "-1", "0", "1", NA), c("C", "T", NA)), .Names = c("", 
    "")), class = "table"), All.Tags = list(Concordant = list(
        Freqs = structure(c(0, 0, 283, 0, 0, 0, 1, 0), .Dim = c(4L, 
        2L), .Dimnames = list(c("-2", "-1", "0", "1"), c("C", 
        "T"))), N = 284), Majority = list(Freqs = structure(c(0, 
    0, 358, 0, 0, 0, 1, 0), .Dim = c(4L, 2L), .Dimnames = list(
        c("-2", "-1", "0", "1"), c("C", "T"))), N = 359)), `2` = structure(c(0, 
    0, 291, 0, 0, 0, 0, 0), .Dim = c(4L, 2L), .Dimnames = list(
        c("-2", "-1", "0", "1"), c("C", "T"))))))
