Results <-
list(`bwa.out//20220204//MLPA99_S13.sam` = list(IM49_SNP1 = list(
    All = list(Freqs = structure(c(23L, 1250L, 27L, 4L, 32L, 
    1057L, 18L, 4L, 3L, 128L, 5L, 0L), .Dim = 4:3, .Dimnames = structure(list(
        c("-1", "0", "1", NA), c("C", "G", NA)), .Names = c("", 
    "")), class = "table"), N = 2551L), Tag.Distribution = structure(c(`1` = 116L, 
    `2` = 23L, `3` = 22L, `4` = 20L, `5` = 14L, `6` = 18L, `7` = 17L, 
    `8` = 12L, `9` = 14L, `10` = 18L, `11` = 10L, `12` = 12L, 
    `13` = 15L, `14` = 4L, `15` = 5L, `16` = 9L, `17` = 3L, `18` = 3L, 
    `19` = 2L, `20` = 3L, `21` = 4L, `22` = 1L, `23` = 1L, `24` = 4L, 
    `26` = 1L, `27` = 3L, `28` = 2L, `31` = 1L, `32` = 1L, `33` = 1L, 
    `35` = 2L, `43` = 1L), .Dim = 32L, .Dimnames = list(TagUsage = c("1", 
    "2", "3", "4", "5", "6", "7", "8", "9", "10", "11", "12", 
    "13", "14", "15", "16", "17", "18", "19", "20", "21", "22", 
    "23", "24", "26", "27", "28", "31", "32", "33", "35", "43"
    )), class = "table"), No.Tag = structure(c(0L, 2L, 0L, 0L, 
    0L, 14L, 0L, 1L, 0L, 3L, 0L, 0L), .Dim = 4:3, .Dimnames = structure(list(
        c("-1", "0", "1", NA), c("C", "G", NA)), .Names = c("", 
    "")), class = "table"), All.Tags = list(Concordant = list(
        Freqs = structure(c(0, 156, 1, 2, 110, 0), .Dim = 3:2, .Dimnames = list(
            c("-1", "0", "1"), c("C", "G"))), N = 269), Majority = list(
        Freqs = structure(c(0, 189, 1, 2, 145, 0), .Dim = 3:2, .Dimnames = list(
            c("-1", "0", "1"), c("C", "G"))), N = 337)), `2` = structure(c(0, 
    131, 0, 0, 112, 0), .Dim = 3:2, .Dimnames = list(c("-1", 
    "0", "1"), c("C", "G"))))))
