Results <-
list(`bwa.out//20220204//BlindCMMRD79_S38.sam` = list(LR17_SNP1 = list(
    All = list(Freqs = structure(c(2L, 80L, 2808L, 22L, 22L, 
    0L, 3L, 110L, 0L, 0L), .Dim = c(5L, 2L), .Dimnames = structure(list(
        c("-2", "-1", "0", "1", NA), c("A", NA)), .Names = c("", 
    "")), class = "table"), N = 3047L), Tag.Distribution = structure(c(`1` = 82L, 
    `2` = 40L, `3` = 23L, `4` = 29L, `5` = 25L, `6` = 30L, `7` = 22L, 
    `8` = 19L, `9` = 16L, `10` = 15L, `11` = 14L, `12` = 5L, 
    `13` = 7L, `14` = 11L, `15` = 10L, `16` = 10L, `17` = 6L, 
    `18` = 9L, `19` = 4L, `20` = 3L, `21` = 3L, `22` = 7L, `24` = 2L, 
    `26` = 2L, `27` = 2L, `29` = 2L, `30` = 1L, `33` = 1L, `36` = 1L
    ), .Dim = 29L, .Dimnames = list(TagUsage = c("1", "2", "3", 
    "4", "5", "6", "7", "8", "9", "10", "11", "12", "13", "14", 
    "15", "16", "17", "18", "19", "20", "21", "22", "24", "26", 
    "27", "29", "30", "33", "36")), class = "table"), No.Tag = structure(c(0L, 
    2L, 91L, 0L, 1L, 0L, 0L, 4L, 0L, 0L), .Dim = c(5L, 2L), .Dimnames = structure(list(
        c("-2", "-1", "0", "1", NA), c("A", NA)), .Names = c("", 
    "")), class = "table"), All.Tags = list(Concordant = list(
        Freqs = structure(c(0, 1, 310, 1), .Dim = c(4L, 1L), .Dimnames = list(
            c("-2", "-1", "0", "1"), "A")), N = 312), Majority = list(
        Freqs = structure(c(0, 1, 388, 1), .Dim = c(4L, 1L), .Dimnames = list(
            c("-2", "-1", "0", "1"), "A")), N = 390)), `2` = structure(c(0, 
    0, 317, 0), .Dim = c(4L, 1L), .Dimnames = list(c("-2", "-1", 
    "0", "1"), "A")))))
