Results <-
list(`bwa.out//20220204//BlindCMMRD110_S36.sam` = list(GM09_SNP1 = list(
    All = list(Freqs = structure(c(26L, 8021L, 6L, 0L, 6L, 0L, 
    0L, 35L, 0L), .Dim = c(3L, 3L), .Dimnames = structure(list(
        c("-1", "0", "1"), c("A", "G", NA)), .Names = c("", ""
    )), class = "table"), N = 8094L), Tag.Distribution = structure(c(`1` = 190L, 
    `2` = 165L, `3` = 160L, `4` = 142L, `5` = 109L, `6` = 84L, 
    `7` = 87L, `8` = 73L, `9` = 55L, `10` = 45L, `11` = 39L, 
    `12` = 25L, `13` = 28L, `14` = 14L, `15` = 19L, `16` = 14L, 
    `17` = 8L, `18` = 5L, `19` = 11L, `20` = 4L, `21` = 4L, `22` = 5L, 
    `23` = 1L, `24` = 8L, `25` = 2L, `26` = 3L, `27` = 2L, `28` = 1L, 
    `29` = 5L, `31` = 1L, `32` = 1L, `37` = 1L, `39` = 1L), .Dim = 33L, .Dimnames = list(
        TagUsage = c("1", "2", "3", "4", "5", "6", "7", "8", 
        "9", "10", "11", "12", "13", "14", "15", "16", "17", 
        "18", "19", "20", "21", "22", "23", "24", "25", "26", 
        "27", "28", "29", "31", "32", "37", "39")), class = "table"), 
    No.Tag = structure(c(1L, 115L, 0L, 0L, 0L, 0L, 0L, 0L, 0L, 
    7L, 0L, 0L), .Dim = 4:3, .Dimnames = structure(list(c("-1", 
    "0", "1", NA), c("A", "G", NA)), .Names = c("", "")), class = "table"), 
    All.Tags = list(Concordant = list(Freqs = structure(c(1, 
    1275, 0, 0, 3, 0), .Dim = 3:2, .Dimnames = list(c("-1", "0", 
    "1"), c("A", "G"))), N = 1279), Majority = list(Freqs = structure(c(1, 
    1304, 0, 0, 3, 0), .Dim = 3:2, .Dimnames = list(c("-1", "0", 
    "1"), c("A", "G"))), N = 1308)), `2` = structure(c(0, 1121, 
    0, 0, 0, 0), .Dim = 3:2, .Dimnames = list(c("-1", "0", "1"
    ), c("A", "G"))))))
