Results <-
list(`bwa.out//20220204//BlindCMMRD57_S16.sam` = list(LR48_SNP1 = list(
    All = list(Freqs = structure(c(0L, 0L, 3L, 0L, 0L, 0L, 2L, 
    132L, 4289L, 59L, 2L, 25L, 0L, 1L, 69L, 0L, 0L, 0L), .Dim = c(6L, 
    3L), .Dimnames = structure(list(c("-2", "-1", "0", "1", "2", 
    NA), c("A", "C", NA)), .Names = c("", "")), class = "table"), 
        N = 4582L), Tag.Distribution = structure(c(`1` = 57L, 
    `2` = 33L, `3` = 28L, `4` = 27L, `5` = 23L, `6` = 18L, `7` = 21L, 
    `8` = 11L, `9` = 20L, `10` = 12L, `11` = 16L, `12` = 7L, 
    `13` = 17L, `14` = 12L, `15` = 11L, `16` = 9L, `17` = 7L, 
    `18` = 3L, `19` = 3L, `20` = 13L, `21` = 8L, `22` = 5L, `23` = 5L, 
    `24` = 4L, `25` = 5L, `26` = 5L, `27` = 4L, `28` = 4L, `29` = 3L, 
    `30` = 5L, `32` = 3L, `33` = 2L, `34` = 8L, `37` = 2L, `38` = 2L, 
    `39` = 1L, `43` = 1L, `57` = 1L, `61` = 1L), .Dim = 39L, .Dimnames = list(
        TagUsage = c("1", "2", "3", "4", "5", "6", "7", "8", 
        "9", "10", "11", "12", "13", "14", "15", "16", "17", 
        "18", "19", "20", "21", "22", "23", "24", "25", "26", 
        "27", "28", "29", "30", "32", "33", "34", "37", "38", 
        "39", "43", "57", "61")), class = "table"), No.Tag = structure(c(0L, 
    0L, 0L, 0L, 0L, 0L, 0L, 0L, 62L, 6L, 1L, 1L, 0L, 0L, 6L, 
    0L, 0L, 0L), .Dim = c(6L, 3L), .Dimnames = structure(list(
        c("-2", "-1", "0", "1", "2", NA), c("A", "C", NA)), .Names = c("", 
    "")), class = "table"), All.Tags = list(Concordant = list(
        Freqs = structure(c(0, 0, 1, 0, 0, 0, 1, 274, 0, 0), .Dim = c(5L, 
        2L), .Dimnames = list(c("-2", "-1", "0", "1", "2"), c("A", 
        "C"))), N = 276), Majority = list(Freqs = structure(c(0, 
    0, 1, 0, 0, 0, 1, 407, 0, 0), .Dim = c(5L, 2L), .Dimnames = list(
        c("-2", "-1", "0", "1", "2"), c("A", "C"))), N = 409)), 
    `2` = structure(c(0, 0, 1, 0, 0, 0, 0, 354, 0, 0), .Dim = c(5L, 
    2L), .Dimnames = list(c("-2", "-1", "0", "1", "2"), c("A", 
    "C"))))))
