Results <-
list(`bwa.out//20220204//BlindCMMRD79_S38.sam` = list(LR49_SNP1 = list(
    All = list(Freqs = structure(c(0L, 2L, 0L, 0L, 6L, 2806L, 
    1L, 1L, 0L, 17L, 0L, 0L), .Dim = 4:3, .Dimnames = structure(list(
        c("-1", "0", "1", NA), c("A", "G", NA)), .Names = c("", 
    "")), class = "table"), N = 2833L), Tag.Distribution = structure(c(`1` = 100L, 
    `2` = 72L, `3` = 46L, `4` = 48L, `5` = 34L, `6` = 33L, `7` = 31L, 
    `8` = 23L, `9` = 15L, `10` = 17L, `11` = 14L, `12` = 9L, 
    `13` = 5L, `14` = 6L, `15` = 3L, `16` = 7L, `17` = 11L, `18` = 1L, 
    `19` = 2L, `20` = 3L, `21` = 3L, `22` = 1L, `24` = 1L, `25` = 1L, 
    `26` = 1L, `27` = 1L, `30` = 2L), .Dim = 27L, .Dimnames = list(
        TagUsage = c("1", "2", "3", "4", "5", "6", "7", "8", 
        "9", "10", "11", "12", "13", "14", "15", "16", "17", 
        "18", "19", "20", "21", "22", "24", "25", "26", "27", 
        "30")), class = "table"), No.Tag = structure(c(0L, 0L, 
    0L, 0L, 0L, 63L, 0L, 0L, 0L, 4L, 0L, 0L), .Dim = 4:3, .Dimnames = structure(list(
        c("-1", "0", "1", NA), c("A", "G", NA)), .Names = c("", 
    "")), class = "table"), All.Tags = list(Concordant = list(
        Freqs = structure(c(0, 1, 0, 0, 475, 0), .Dim = 3:2, .Dimnames = list(
            c("-1", "0", "1"), c("A", "G"))), N = 476), Majority = list(
        Freqs = structure(c(0, 1, 0, 0, 482, 0), .Dim = 3:2, .Dimnames = list(
            c("-1", "0", "1"), c("A", "G"))), N = 483)), `2` = structure(c(0, 
    0, 0, 0, 389, 0), .Dim = 3:2, .Dimnames = list(c("-1", "0", 
    "1"), c("A", "G"))))))
