Results <-
list(`bwa.out//20220204//BlindCMMRD115_S41.sam` = list(LR11_SNP1 = list(
    All = list(Freqs = structure(c(2L, 93L, 4502L, 33L, 2L, 13L, 
    1L, 0L, 14L, 0L, 0L, 0L, 0L, 2L, 23L, 0L, 0L, 0L), .Dim = c(6L, 
    3L), .Dimnames = structure(list(c("-2", "-1", "0", "1", "2", 
    NA), c("A", "C", NA)), .Names = c("", "")), class = "table"), 
        N = 4685L), Tag.Distribution = structure(c(`1` = 227L, 
    `2` = 187L, `3` = 180L, `4` = 144L, `5` = 98L, `6` = 82L, 
    `7` = 53L, `8` = 41L, `9` = 35L, `10` = 29L, `11` = 15L, 
    `12` = 11L, `13` = 6L, `14` = 4L, `15` = 5L, `16` = 2L, `17` = 1L, 
    `18` = 1L, `19` = 1L, `22` = 1L), .Dim = 20L, .Dimnames = list(
        TagUsage = c("1", "2", "3", "4", "5", "6", "7", "8", 
        "9", "10", "11", "12", "13", "14", "15", "16", "17", 
        "18", "19", "22")), class = "table"), No.Tag = structure(c(0L, 
    1L, 63L, 0L, 1L, 0L, 0L, 0L, 2L, 0L, 0L, 0L, 0L, 0L, 1L, 
    0L, 0L, 0L), .Dim = c(6L, 3L), .Dimnames = structure(list(
        c("-2", "-1", "0", "1", "2", NA), c("A", "C", NA)), .Names = c("", 
    "")), class = "table"), All.Tags = list(Concordant = list(
        Freqs = structure(c(0, 6, 1004, 4, 0, 0, 0, 8, 0, 0), .Dim = c(5L, 
        2L), .Dimnames = list(c("-2", "-1", "0", "1", "2"), c("A", 
        "C"))), N = 1022), Majority = list(Freqs = structure(c(0, 
    9, 1086, 4, 0, 0, 0, 8, 0, 0), .Dim = c(5L, 2L), .Dimnames = list(
        c("-2", "-1", "0", "1", "2"), c("A", "C"))), N = 1107)), 
    `2` = structure(c(0, 3, 882, 1, 0, 0, 0, 1, 0, 0), .Dim = c(5L, 
    2L), .Dimnames = list(c("-2", "-1", "0", "1", "2"), c("A", 
    "C"))))))
