Results <-
list(`bwa.out//20220204//Control19_S12.sam` = list(LR36_SNP1 = list(
    All = list(Freqs = structure(c(2L, 17L, 931L, 3L, 5L, 2L, 
    17L, 873L, 1L, 3L, 0L, 0L, 49L, 0L, 0L), .Dim = c(5L, 3L), .Dimnames = structure(list(
        c("-2", "-1", "0", "1", NA), c("A", "T", NA)), .Names = c("", 
    "")), class = "table"), N = 1903L), Tag.Distribution = structure(c(`1` = 82L, 
    `2` = 34L, `3` = 27L, `4` = 32L, `5` = 21L, `6` = 23L, `7` = 18L, 
    `8` = 11L, `9` = 11L, `10` = 6L, `11` = 5L, `12` = 6L, `13` = 5L, 
    `14` = 4L, `15` = 4L, `16` = 4L, `17` = 4L, `18` = 1L, `19` = 4L, 
    `20` = 3L, `22` = 1L, `23` = 1L, `24` = 1L, `25` = 1L, `26` = 1L, 
    `27` = 1L), .Dim = 26L, .Dimnames = list(TagUsage = c("1", 
    "2", "3", "4", "5", "6", "7", "8", "9", "10", "11", "12", 
    "13", "14", "15", "16", "17", "18", "19", "20", "22", "23", 
    "24", "25", "26", "27")), class = "table"), No.Tag = structure(c(0L, 
    1L, 85L, 1L, 2L, 0L, 2L, 90L, 0L, 0L, 0L, 0L, 6L, 0L, 0L), .Dim = c(5L, 
    3L), .Dimnames = structure(list(c("-2", "-1", "0", "1", NA
    ), c("A", "T", NA)), .Names = c("", "")), class = "table"), 
    All.Tags = list(Concordant = list(Freqs = structure(c(0, 
    0, 127, 0, 1, 2, 130, 0), .Dim = c(4L, 2L), .Dimnames = list(
        c("-2", "-1", "0", "1"), c("A", "T"))), N = 260), Majority = list(
        Freqs = structure(c(0, 0, 148, 0, 1, 2, 149, 0), .Dim = c(4L, 
        2L), .Dimnames = list(c("-2", "-1", "0", "1"), c("A", 
        "T"))), N = 300)), `2` = structure(c(0, 0, 114, 0, 0, 
    0, 112, 0), .Dim = c(4L, 2L), .Dimnames = list(c("-2", "-1", 
    "0", "1"), c("A", "T"))))))
