Results <-
list(`bwa.out//20220204//17D0939_S6.sam` = list(IM49_SNP1 = list(
    All = list(Freqs = structure(c(28L, 797L, 12L, 5L, 33L, 789L, 
    15L, 2L, 0L, 1L, 0L, 0L, 1L, 92L, 1L, 0L), .Dim = c(4L, 4L
    ), .Dimnames = structure(list(c("-1", "0", "1", NA), c("C", 
    "G", "T", NA)), .Names = c("", "")), class = "table"), N = 1776L), 
    Tag.Distribution = structure(c(`1` = 104L, `2` = 28L, `3` = 23L, 
    `4` = 20L, `5` = 23L, `6` = 14L, `7` = 14L, `8` = 14L, `9` = 10L, 
    `10` = 3L, `11` = 4L, `12` = 2L, `13` = 8L, `14` = 5L, `15` = 6L, 
    `16` = 3L, `17` = 5L, `18` = 2L, `19` = 1L, `20` = 1L, `22` = 2L, 
    `23` = 3L, `24` = 1L, `25` = 1L, `26` = 3L, `30` = 2L, `31` = 1L, 
    `42` = 1L), .Dim = 28L, .Dimnames = list(TagUsage = c("1", 
    "2", "3", "4", "5", "6", "7", "8", "9", "10", "11", "12", 
    "13", "14", "15", "16", "17", "18", "19", "20", "22", "23", 
    "24", "25", "26", "30", "31", "42")), class = "table"), No.Tag = structure(c(2L, 
    9L, 0L, 0L, 0L, 8L, 0L, 0L, 0L, 0L, 0L, 0L, 0L, 6L, 0L, 0L
    ), .Dim = c(4L, 4L), .Dimnames = structure(list(c("-1", "0", 
    "1", NA), c("C", "G", "T", NA)), .Names = c("", "")), class = "table"), 
    All.Tags = list(Concordant = list(Freqs = structure(c(2, 
    116, 0, 1, 101, 1, 0, 0, 0), .Dim = c(3L, 3L), .Dimnames = list(
        c("-1", "0", "1"), c("C", "G", "T"))), N = 221), Majority = list(
        Freqs = structure(c(2, 141, 0, 2, 135, 1, 0, 0, 0), .Dim = c(3L, 
        3L), .Dimnames = list(c("-1", "0", "1"), c("C", "G", 
        "T"))), N = 281)), `2` = structure(c(0, 100, 0, 1, 95, 
    0, 0, 0, 0), .Dim = c(3L, 3L), .Dimnames = list(c("-1", "0", 
    "1"), c("C", "G", "T"))))))
