Results <-
list(`bwa.out//20220204//BlindCMMRD50_S10.sam` = list(DEPDC2_SNP1 = list(
    All = list(Freqs = structure(c(0L, 0L, 1L, 0L, 0L, 0L, 10L, 
    1722L, 4L, 5L, 1L, 14L, 2625L, 15L, 20L, 0L, 0L, 38L, 0L, 
    0L), .Dim = 5:4, .Dimnames = structure(list(c("-2", "-1", 
    "0", "1", NA), c("A", "C", "T", NA)), .Names = c("", "")), class = "table"), 
        N = 4455L), Tag.Distribution = structure(c(`1` = 153L, 
    `2` = 55L, `3` = 33L, `4` = 31L, `5` = 16L, `6` = 24L, `7` = 17L, 
    `8` = 15L, `9` = 24L, `10` = 7L, `11` = 11L, `12` = 13L, 
    `13` = 13L, `14` = 7L, `15` = 12L, `16` = 5L, `17` = 7L, 
    `18` = 4L, `19` = 5L, `20` = 5L, `21` = 5L, `22` = 2L, `23` = 3L, 
    `24` = 4L, `25` = 4L, `26` = 1L, `27` = 2L, `28` = 4L, `29` = 3L, 
    `30` = 5L, `31` = 1L, `32` = 5L, `33` = 2L, `34` = 1L, `35` = 3L, 
    `36` = 1L, `37` = 3L, `38` = 3L, `40` = 2L, `42` = 1L, `43` = 1L, 
    `44` = 1L, `45` = 1L, `48` = 1L, `58` = 1L, `61` = 1L), .Dim = 46L, .Dimnames = list(
        TagUsage = c("1", "2", "3", "4", "5", "6", "7", "8", 
        "9", "10", "11", "12", "13", "14", "15", "16", "17", 
        "18", "19", "20", "21", "22", "23", "24", "25", "26", 
        "27", "28", "29", "30", "31", "32", "33", "34", "35", 
        "36", "37", "38", "40", "42", "43", "44", "45", "48", 
        "58", "61")), class = "table"), No.Tag = structure(c(0L, 
    0L, 0L, 0L, 0L, 0L, 0L, 64L, 0L, 0L, 0L, 0L, 40L, 2L, 1L, 
    0L, 0L, 2L, 0L, 0L), .Dim = 5:4, .Dimnames = structure(list(
        c("-2", "-1", "0", "1", NA), c("A", "C", "T", NA)), .Names = c("", 
    "")), class = "table"), All.Tags = list(Concordant = list(
        Freqs = structure(c(0, 0, 0, 0, 0, 0, 216, 0, 0, 0, 244, 
        0), .Dim = 4:3, .Dimnames = list(c("-2", "-1", "0", "1"
        ), c("A", "C", "T"))), N = 460), Majority = list(Freqs = structure(c(0, 
    0, 0, 0, 0, 0, 232, 0, 0, 0, 274, 0), .Dim = 4:3, .Dimnames = list(
        c("-2", "-1", "0", "1"), c("A", "C", "T"))), N = 506)), 
    `2` = structure(c(0, 0, 0, 0, 0, 0, 159, 0, 0, 0, 203, 0), .Dim = 4:3, .Dimnames = list(
        c("-2", "-1", "0", "1"), c("A", "C", "T"))))))
