Results <-
list(`bwa.out//20220204//BlindCMMRD61_S20.sam` = list(LR40_SNP1 = list(
    All = list(Freqs = structure(c(0L, 3L, 0L, 0L, 75L, 5940L, 
    22L, 7L, 0L, 21L, 0L, 0L), .Dim = 4:3, .Dimnames = structure(list(
        c("-1", "0", "1", NA), c("A", "C", NA)), .Names = c("", 
    "")), class = "table"), N = 6068L), Tag.Distribution = structure(c(`1` = 123L, 
    `2` = 50L, `3` = 38L, `4` = 39L, `5` = 29L, `6` = 33L, `7` = 27L, 
    `8` = 30L, `9` = 24L, `10` = 19L, `11` = 15L, `12` = 21L, 
    `13` = 21L, `14` = 19L, `15` = 9L, `16` = 3L, `17` = 13L, 
    `18` = 8L, `19` = 5L, `20` = 6L, `21` = 2L, `22` = 9L, `23` = 2L, 
    `24` = 7L, `25` = 4L, `26` = 6L, `27` = 5L, `28` = 7L, `29` = 2L, 
    `30` = 2L, `31` = 4L, `32` = 3L, `33` = 3L, `34` = 4L, `35` = 4L, 
    `36` = 1L, `37` = 2L, `38` = 2L, `39` = 1L, `40` = 3L, `44` = 2L, 
    `47` = 2L, `49` = 1L, `52` = 1L, `54` = 1L, `67` = 1L), .Dim = 46L, .Dimnames = list(
        TagUsage = c("1", "2", "3", "4", "5", "6", "7", "8", 
        "9", "10", "11", "12", "13", "14", "15", "16", "17", 
        "18", "19", "20", "21", "22", "23", "24", "25", "26", 
        "27", "28", "29", "30", "31", "32", "33", "34", "35", 
        "36", "37", "38", "39", "40", "44", "47", "49", "52", 
        "54", "67")), class = "table"), No.Tag = structure(c(0L, 
    0L, 0L, 0L, 1L, 168L, 1L, 2L, 0L, 3L, 0L, 0L), .Dim = 4:3, .Dimnames = structure(list(
        c("-1", "0", "1", NA), c("A", "C", NA)), .Names = c("", 
    "")), class = "table"), All.Tags = list(Concordant = list(
        Freqs = structure(c(0, 0, 0, 2, 535, 0), .Dim = 3:2, .Dimnames = list(
            c("-1", "0", "1"), c("A", "C"))), N = 537), Majority = list(
        Freqs = structure(c(0, 0, 0, 3, 603, 0), .Dim = 3:2, .Dimnames = list(
            c("-1", "0", "1"), c("A", "C"))), N = 606)), `2` = structure(c(0, 
    0, 0, 1, 487, 0), .Dim = 3:2, .Dimnames = list(c("-1", "0", 
    "1"), c("A", "C"))))))
