Results <-
list(`bwa.out//20220204//BlindCMMRD95_S54.sam` = list(LR49_SNP1 = list(
    All = list(Freqs = structure(c(7L, 2284L, 2L, 1L, 3L, 2072L, 
    0L, 2L, 0L, 1L, 0L, 0L, 0L, 30L, 0L, 0L), .Dim = c(4L, 4L
    ), .Dimnames = structure(list(c("-1", "0", "1", NA), c("A", 
    "G", "T", NA)), .Names = c("", "")), class = "table"), N = 4402L), 
    Tag.Distribution = structure(c(`1` = 113L, `2` = 48L, `3` = 41L, 
    `4` = 37L, `5` = 24L, `6` = 19L, `7` = 26L, `8` = 25L, `9` = 20L, 
    `10` = 12L, `11` = 6L, `12` = 12L, `13` = 12L, `14` = 9L, 
    `15` = 10L, `16` = 7L, `17` = 6L, `18` = 6L, `19` = 4L, `20` = 9L, 
    `21` = 2L, `22` = 1L, `23` = 6L, `24` = 4L, `25` = 2L, `26` = 1L, 
    `27` = 7L, `28` = 2L, `29` = 1L, `30` = 1L, `31` = 1L, `32` = 4L, 
    `33` = 4L, `34` = 4L, `36` = 3L, `38` = 2L, `39` = 1L, `44` = 5L, 
    `45` = 1L, `47` = 2L), .Dim = 40L, .Dimnames = list(TagUsage = c("1", 
    "2", "3", "4", "5", "6", "7", "8", "9", "10", "11", "12", 
    "13", "14", "15", "16", "17", "18", "19", "20", "21", "22", 
    "23", "24", "25", "26", "27", "28", "29", "30", "31", "32", 
    "33", "34", "36", "38", "39", "44", "45", "47")), class = "table"), 
    No.Tag = structure(c(0L, 38L, 0L, 1L, 0L, 54L, 0L, 1L, 0L, 
    0L, 0L, 0L, 0L, 5L, 0L, 0L), .Dim = c(4L, 4L), .Dimnames = structure(list(
        c("-1", "0", "1", NA), c("A", "G", "T", NA)), .Names = c("", 
    "")), class = "table"), All.Tags = list(Concordant = list(
        Freqs = structure(c(0, 232, 0, 0, 227, 0, 0, 0, 0), .Dim = c(3L, 
        3L), .Dimnames = list(c("-1", "0", "1"), c("A", "G", 
        "T"))), N = 459), Majority = list(Freqs = structure(c(0, 
    255, 0, 0, 240, 0, 0, 0, 0), .Dim = c(3L, 3L), .Dimnames = list(
        c("-1", "0", "1"), c("A", "G", "T"))), N = 495)), `2` = structure(c(0, 
    204, 0, 0, 181, 0, 0, 0, 0), .Dim = c(3L, 3L), .Dimnames = list(
        c("-1", "0", "1"), c("A", "G", "T"))))))
