Results <-
list(`bwa.out//20220204//BlindCMMRD47_S7.sam` = list(LR17_SNP1 = list(
    All = list(Freqs = structure(c(1L, 60L, 1139L, 21L, 8L, 0L, 
    0L, 1L, 0L, 0L, 0L, 3L, 48L, 0L, 0L), .Dim = c(5L, 3L), .Dimnames = structure(list(
        c("-2", "-1", "0", "1", NA), c("A", "G", NA)), .Names = c("", 
    "")), class = "table"), N = 1281L), Tag.Distribution = structure(c(`1` = 33L, 
    `2` = 10L, `3` = 2L, `4` = 5L, `5` = 5L, `6` = 5L, `7` = 5L, 
    `8` = 5L, `9` = 6L, `10` = 2L, `11` = 2L, `12` = 3L, `13` = 6L, 
    `14` = 1L, `15` = 3L, `16` = 1L, `17` = 1L, `19` = 3L, `20` = 2L, 
    `23` = 3L, `25` = 1L, `28` = 2L, `29` = 1L, `31` = 1L, `32` = 4L, 
    `33` = 1L, `34` = 1L, `36` = 1L, `41` = 1L, `53` = 1L, `60` = 1L, 
    `65` = 1L), .Dim = 32L, .Dimnames = list(TagUsage = c("1", 
    "2", "3", "4", "5", "6", "7", "8", "9", "10", "11", "12", 
    "13", "14", "15", "16", "17", "19", "20", "23", "25", "28", 
    "29", "31", "32", "33", "34", "36", "41", "53", "60", "65"
    )), class = "table"), No.Tag = structure(c(0L, 1L, 11L, 0L, 
    0L, 0L, 0L, 0L, 0L, 0L, 0L, 0L, 1L, 0L, 0L), .Dim = c(5L, 
    3L), .Dimnames = structure(list(c("-2", "-1", "0", "1", NA
    ), c("A", "G", NA)), .Names = c("", "")), class = "table"), 
    All.Tags = list(Concordant = list(Freqs = structure(c(0, 
    3, 65, 0, 0, 0, 0, 0), .Dim = c(4L, 2L), .Dimnames = list(
        c("-2", "-1", "0", "1"), c("A", "G"))), N = 68), Majority = list(
        Freqs = structure(c(0, 4, 110, 0, 0, 0, 0, 0), .Dim = c(4L, 
        2L), .Dimnames = list(c("-2", "-1", "0", "1"), c("A", 
        "G"))), N = 114)), `2` = structure(c(0, 2, 82, 0, 0, 
    0, 0, 0), .Dim = c(4L, 2L), .Dimnames = list(c("-2", "-1", 
    "0", "1"), c("A", "G"))))))
