Results <-
list(`bwa.out//20220204//BlindCMMRD130_S56.sam` = list(GM11_SNP1 = list(
    All = list(Freqs = structure(c(15L, 2252L, 9L, 0L, 36L, 2863L, 
    41L, 4L, 0L, 18L, 0L, 0L), .Dim = 4:3, .Dimnames = structure(list(
        c("-1", "0", "1", NA), c("A", "G", NA)), .Names = c("", 
    "")), class = "table"), N = 5238L), Tag.Distribution = structure(c(`1` = 158L, 
    `2` = 126L, `3` = 111L, `4` = 117L, `5` = 94L, `6` = 81L, 
    `7` = 67L, `8` = 58L, `9` = 31L, `10` = 39L, `11` = 16L, 
    `12` = 15L, `13` = 18L, `14` = 8L, `15` = 9L, `16` = 7L, 
    `17` = 3L, `18` = 2L, `19` = 2L, `20` = 2L, `21` = 1L, `22` = 2L, 
    `23` = 2L, `25` = 1L, `27` = 2L, `32` = 1L, `33` = 1L, `34` = 1L
    ), .Dim = 28L, .Dimnames = list(TagUsage = c("1", "2", "3", 
    "4", "5", "6", "7", "8", "9", "10", "11", "12", "13", "14", 
    "15", "16", "17", "18", "19", "20", "21", "22", "23", "25", 
    "27", "32", "33", "34")), class = "table"), No.Tag = structure(c(0L, 
    35L, 0L, 0L, 0L, 28L, 1L, 1L, 0L, 1L, 0L, 0L), .Dim = 4:3, .Dimnames = structure(list(
        c("-1", "0", "1", NA), c("A", "G", NA)), .Names = c("", 
    "")), class = "table"), All.Tags = list(Concordant = list(
        Freqs = structure(c(3, 372, 0, 1, 450, 1), .Dim = 3:2, .Dimnames = list(
            c("-1", "0", "1"), c("A", "G"))), N = 827), Majority = list(
        Freqs = structure(c(3, 437, 0, 2, 518, 2), .Dim = 3:2, .Dimnames = list(
            c("-1", "0", "1"), c("A", "G"))), N = 962)), `2` = structure(c(1, 
    368, 0, 2, 434, 2), .Dim = 3:2, .Dimnames = list(c("-1", 
    "0", "1"), c("A", "G"))))))
