Results <-
list(`bwa.out//20220204//17D0944_S7.sam` = list(GM09_SNP1 = list(
    All = list(Freqs = structure(c(17L, 1878L, 1L, 0L, 10L, 2031L, 
    3L, 1L, 0L, 24L, 0L, 0L), .Dim = 4:3, .Dimnames = structure(list(
        c("-1", "0", "1", "2"), c("A", "G", NA)), .Names = c("", 
    "")), class = "table"), N = 3965L), Tag.Distribution = structure(c(`1` = 103L, 
    `2` = 44L, `3` = 38L, `4` = 34L, `5` = 30L, `6` = 17L, `7` = 20L, 
    `8` = 24L, `9` = 18L, `10` = 14L, `11` = 10L, `12` = 16L, 
    `13` = 11L, `14` = 8L, `15` = 4L, `16` = 10L, `17` = 5L, 
    `18` = 7L, `19` = 5L, `20` = 4L, `21` = 5L, `22` = 7L, `23` = 6L, 
    `24` = 3L, `25` = 6L, `26` = 1L, `29` = 2L, `30` = 6L, `31` = 1L, 
    `32` = 4L, `33` = 3L, `34` = 2L, `36` = 2L, `40` = 1L, `42` = 1L, 
    `52` = 1L), .Dim = 36L, .Dimnames = list(TagUsage = c("1", 
    "2", "3", "4", "5", "6", "7", "8", "9", "10", "11", "12", 
    "13", "14", "15", "16", "17", "18", "19", "20", "21", "22", 
    "23", "24", "25", "26", "29", "30", "31", "32", "33", "34", 
    "36", "40", "42", "52")), class = "table"), No.Tag = structure(c(0L, 
    38L, 0L, 0L, 0L, 0L, 21L, 0L, 0L, 0L, 0L, 1L, 0L, 0L, 0L), .Dim = c(5L, 
    3L), .Dimnames = structure(list(c("-1", "0", "1", "2", NA
    ), c("A", "G", NA)), .Names = c("", "")), class = "table"), 
    All.Tags = list(Concordant = list(Freqs = structure(c(0, 
    216, 0, 0, 0, 203, 0, 0), .Dim = c(4L, 2L), .Dimnames = list(
        c("-1", "0", "1", "2"), c("A", "G"))), N = 419), Majority = list(
        Freqs = structure(c(0, 242, 0, 0, 0, 224, 0, 0), .Dim = c(4L, 
        2L), .Dimnames = list(c("-1", "0", "1", "2"), c("A", 
        "G"))), N = 466)), `2` = structure(c(0, 188, 0, 0, 0, 
    179, 0, 0), .Dim = c(4L, 2L), .Dimnames = list(c("-1", "0", 
    "1", "2"), c("A", "G"))))))
