Results <-
list(`bwa.out//20220204//BlindCMMRD90_S49.sam` = list(LR24_SNP1 = list(
    All = list(Freqs = structure(c(0L, 17L, 3007L, 9L, 3L, 1L, 
    17L, 2871L, 13L, 0L, 0L, 0L, 26L, 0L, 0L), .Dim = c(5L, 3L
    ), .Dimnames = structure(list(c("-2", "-1", "0", "1", NA), 
        c("A", "G", NA)), .Names = c("", "")), class = "table"), 
        N = 5964L), Tag.Distribution = structure(c(`1` = 247L, 
    `2` = 135L, `3` = 150L, `4` = 113L, `5` = 94L, `6` = 70L, 
    `7` = 60L, `8` = 53L, `9` = 39L, `10` = 23L, `11` = 31L, 
    `12` = 21L, `13` = 18L, `14` = 16L, `15` = 7L, `16` = 16L, 
    `17` = 3L, `18` = 2L, `19` = 8L, `20` = 3L, `21` = 1L, `22` = 2L, 
    `23` = 1L, `24` = 4L, `25` = 1L, `26` = 3L, `27` = 2L, `28` = 1L
    ), .Dim = 28L, .Dimnames = list(TagUsage = c("1", "2", "3", 
    "4", "5", "6", "7", "8", "9", "10", "11", "12", "13", "14", 
    "15", "16", "17", "18", "19", "20", "21", "22", "23", "24", 
    "25", "26", "27", "28")), class = "table"), No.Tag = structure(c(0L, 
    1L, 72L, 0L, 0L, 0L, 0L, 69L, 1L, 0L, 0L, 0L, 7L, 0L, 0L), .Dim = c(5L, 
    3L), .Dimnames = structure(list(c("-2", "-1", "0", "1", NA
    ), c("A", "G", NA)), .Names = c("", "")), class = "table"), 
    All.Tags = list(Concordant = list(Freqs = structure(c(0, 
    3, 499, 0, 0, 2, 470, 0), .Dim = c(4L, 2L), .Dimnames = list(
        c("-2", "-1", "0", "1"), c("A", "G"))), N = 974), Majority = list(
        Freqs = structure(c(0, 3, 572, 0, 0, 2, 532, 0), .Dim = c(4L, 
        2L), .Dimnames = list(c("-2", "-1", "0", "1"), c("A", 
        "G"))), N = 1109)), `2` = structure(c(0, 1, 454, 0, 0, 
    1, 410, 0), .Dim = c(4L, 2L), .Dimnames = list(c("-2", "-1", 
    "0", "1"), c("A", "G"))))))
