Results <-
list(`bwa.out//20220204//BlindCMMRD85_S44.sam` = list(GM07_SNP1 = list(
    All = list(Freqs = structure(c(1L, 91L, 1698L, 35L, 0L, 19L, 
    0L, 77L, 1588L, 50L, 1L, 22L, 0L, 4L, 41L, 0L, 0L, 0L), .Dim = c(6L, 
    3L), .Dimnames = structure(list(c("-2", "-1", "0", "1", "2", 
    NA), c("A", "G", NA)), .Names = c("", "")), class = "table"), 
        N = 3627L), Tag.Distribution = structure(c(`1` = 120L, 
    `2` = 62L, `3` = 46L, `4` = 47L, `5` = 40L, `6` = 32L, `7` = 32L, 
    `8` = 27L, `9` = 20L, `10` = 20L, `11` = 13L, `12` = 9L, 
    `13` = 13L, `14` = 11L, `15` = 6L, `16` = 7L, `17` = 9L, 
    `18` = 5L, `19` = 1L, `20` = 6L, `21` = 1L, `22` = 2L, `23` = 5L, 
    `24` = 4L, `25` = 2L, `26` = 1L, `31` = 2L, `69` = 1L), .Dim = 28L, .Dimnames = list(
        TagUsage = c("1", "2", "3", "4", "5", "6", "7", "8", 
        "9", "10", "11", "12", "13", "14", "15", "16", "17", 
        "18", "19", "20", "21", "22", "23", "24", "25", "26", 
        "31", "69")), class = "table"), No.Tag = structure(c(0L, 
    4L, 83L, 1L, 0L, 5L, 0L, 2L, 94L, 3L, 0L, 6L, 0L, 0L, 6L, 
    0L, 0L, 0L), .Dim = c(6L, 3L), .Dimnames = structure(list(
        c("-2", "-1", "0", "1", "2", NA), c("A", "G", NA)), .Names = c("", 
    "")), class = "table"), All.Tags = list(Concordant = list(
        Freqs = structure(c(0, 4, 196, 5, 0, 0, 4, 162, 3, 0), .Dim = c(5L, 
        2L), .Dimnames = list(c("-2", "-1", "0", "1", "2"), c("A", 
        "G"))), N = 374), Majority = list(Freqs = structure(c(0, 
    4, 276, 5, 0, 0, 6, 232, 4, 0), .Dim = c(5L, 2L), .Dimnames = list(
        c("-2", "-1", "0", "1", "2"), c("A", "G"))), N = 527)), 
    `2` = structure(c(0, 2, 222, 0, 0, 0, 2, 185, 1, 0), .Dim = c(5L, 
    2L), .Dimnames = list(c("-2", "-1", "0", "1", "2"), c("A", 
    "G"))))))
