Results <-
list(`bwa.out//20220204//Control28_S21.sam` = list(LR20_SNP1 = list(
    All = list(Freqs = structure(c(2L, 1496L, 4L, 2L, 0L, 1308L, 
    4L, 1L, 0L, 38L, 0L, 0L), .Dim = 4:3, .Dimnames = structure(list(
        c("-1", "0", "1", NA), c("A", "G", NA)), .Names = c("", 
    "")), class = "table"), N = 2855L), Tag.Distribution = structure(c(`1` = 124L, 
    `2` = 64L, `3` = 50L, `4` = 50L, `5` = 37L, `6` = 25L, `7` = 33L, 
    `8` = 19L, `9` = 13L, `10` = 13L, `11` = 13L, `12` = 15L, 
    `13` = 8L, `14` = 7L, `15` = 6L, `16` = 5L, `17` = 3L, `18` = 3L, 
    `19` = 1L, `20` = 4L, `21` = 2L, `22` = 2L, `23` = 1L, `25` = 1L, 
    `27` = 1L, `28` = 1L, `30` = 2L, `31` = 1L), .Dim = 28L, .Dimnames = list(
        TagUsage = c("1", "2", "3", "4", "5", "6", "7", "8", 
        "9", "10", "11", "12", "13", "14", "15", "16", "17", 
        "18", "19", "20", "21", "22", "23", "25", "27", "28", 
        "30", "31")), class = "table"), No.Tag = structure(c(0L, 
    44L, 0L, 2L, 0L, 50L, 0L, 0L, 0L, 13L, 0L, 0L), .Dim = 4:3, .Dimnames = structure(list(
        c("-1", "0", "1", NA), c("A", "G", NA)), .Names = c("", 
    "")), class = "table"), All.Tags = list(Concordant = list(
        Freqs = structure(c(0, 234, 0, 0, 232, 0), .Dim = 3:2, .Dimnames = list(
            c("-1", "0", "1"), c("A", "G"))), N = 466), Majority = list(
        Freqs = structure(c(0, 251, 0, 0, 247, 0), .Dim = 3:2, .Dimnames = list(
            c("-1", "0", "1"), c("A", "G"))), N = 498)), `2` = structure(c(0, 
    193, 0, 0, 184, 0), .Dim = 3:2, .Dimnames = list(c("-1", 
    "0", "1"), c("A", "G"))))))
