Results <-
list(`bwa.out//20220204//BlindCMMRD118_S44.sam` = list(LR10_SNP1 = list(
    All = list(Freqs = structure(c(0L, 0L, 1L, 0L, 0L, 0L, 1L, 
    0L, 0L, 0L, 0L, 39L, 2043L, 12L, 4L, 1L, 33L, 2155L, 14L, 
    1L, 0L, 0L, 32L, 2L, 0L), .Dim = c(5L, 5L), .Dimnames = structure(list(
        c("-2", "-1", "0", "1", NA), c("-", "A", "C", "T", NA
        )), .Names = c("", "")), class = "table"), N = 4338L), 
    Tag.Distribution = structure(c(`1` = 232L, `2` = 173L, `3` = 196L, 
    `4` = 165L, `5` = 101L, `6` = 70L, `7` = 43L, `8` = 39L, 
    `9` = 29L, `10` = 13L, `11` = 10L, `12` = 8L, `13` = 5L, 
    `14` = 5L, `15` = 1L, `16` = 1L, `17` = 3L, `20` = 1L, `23` = 1L
    ), .Dim = 19L, .Dimnames = list(TagUsage = c("1", "2", "3", 
    "4", "5", "6", "7", "8", "9", "10", "11", "12", "13", "14", 
    "15", "16", "17", "20", "23")), class = "table"), No.Tag = structure(c(0L, 
    0L, 0L, 0L, 0L, 0L, 0L, 0L, 0L, 0L, 0L, 0L, 61L, 1L, 0L, 
    0L, 1L, 51L, 0L, 0L, 0L, 0L, 3L, 0L, 0L), .Dim = c(5L, 5L
    ), .Dimnames = structure(list(c("-2", "-1", "0", "1", NA), 
        c("-", "A", "C", "T", NA)), .Names = c("", "")), class = "table"), 
    All.Tags = list(Concordant = list(Freqs = structure(c(0, 
    0, 0, 0, 0, 0, 0, 0, 0, 4, 436, 0, 0, 3, 457, 1), .Dim = c(4L, 
    4L), .Dimnames = list(c("-2", "-1", "0", "1"), c("-", "A", 
    "C", "T"))), N = 901), Majority = list(Freqs = structure(c(0, 
    0, 0, 0, 0, 0, 0, 0, 0, 4, 509, 0, 0, 3, 545, 1), .Dim = c(4L, 
    4L), .Dimnames = list(c("-2", "-1", "0", "1"), c("-", "A", 
    "C", "T"))), N = 1062)), `2` = structure(c(0, 0, 0, 0, 0, 
    0, 0, 0, 0, 0, 405, 0, 0, 1, 430, 0), .Dim = c(4L, 4L), .Dimnames = list(
        c("-2", "-1", "0", "1"), c("-", "A", "C", "T"))))))
