Results <-
list(`bwa.out//20220204//BlindCMMRD65_S24.sam` = list(LR40_SNP1 = list(
    All = list(Freqs = structure(c(0L, 4L, 0L, 0L, 72L, 4464L, 
    14L, 10L, 0L, 1L, 0L, 0L, 0L, 15L, 0L, 0L), .Dim = c(4L, 
    4L), .Dimnames = structure(list(c("-1", "0", "1", NA), c("A", 
    "C", "T", NA)), .Names = c("", "")), class = "table"), N = 4580L), 
    Tag.Distribution = structure(c(`1` = 105L, `2` = 67L, `3` = 70L, 
    `4` = 60L, `5` = 42L, `6` = 55L, `7` = 31L, `8` = 40L, `9` = 29L, 
    `10` = 24L, `11` = 21L, `12` = 18L, `13` = 14L, `14` = 11L, 
    `15` = 7L, `16` = 10L, `17` = 13L, `18` = 9L, `19` = 3L, 
    `20` = 7L, `21` = 1L, `22` = 4L, `23` = 5L, `24` = 2L, `25` = 2L, 
    `26` = 1L, `28` = 2L, `29` = 1L, `33` = 1L, `37` = 1L, `41` = 1L
    ), .Dim = 31L, .Dimnames = list(TagUsage = c("1", "2", "3", 
    "4", "5", "6", "7", "8", "9", "10", "11", "12", "13", "14", 
    "15", "16", "17", "18", "19", "20", "21", "22", "23", "24", 
    "25", "26", "28", "29", "33", "37", "41")), class = "table"), 
    No.Tag = structure(c(0L, 0L, 0L, 0L, 0L, 140L, 0L, 0L, 0L, 
    0L, 0L, 0L, 0L, 1L, 0L, 0L), .Dim = c(4L, 4L), .Dimnames = structure(list(
        c("-1", "0", "1", NA), c("A", "C", "T", NA)), .Names = c("", 
    "")), class = "table"), All.Tags = list(Concordant = list(
        Freqs = structure(c(0, 3, 0, 6, 597, 0, 0, 0, 0), .Dim = c(3L, 
        3L), .Dimnames = list(c("-1", "0", "1"), c("A", "C", 
        "T"))), N = 606), Majority = list(Freqs = structure(c(0, 
    3, 0, 7, 642, 0, 0, 0, 0), .Dim = c(3L, 3L), .Dimnames = list(
        c("-1", "0", "1"), c("A", "C", "T"))), N = 652)), `2` = structure(c(0, 
    0, 0, 5, 544, 0, 0, 0, 0), .Dim = c(3L, 3L), .Dimnames = list(
        c("-1", "0", "1"), c("A", "C", "T"))))))
