Results <-
list(`bwa.out//20220204//BlindCMMRD68_S27.sam` = list(LR36_SNP1 = list(
    All = list(Freqs = structure(c(0L, 0L, 1L, 0L, 0L, 2L, 38L, 
    2447L, 24L, 19L, 1L, 0L, 124L, 1L, 0L), .Dim = c(5L, 3L), .Dimnames = structure(list(
        c("-2", "-1", "0", "1", NA), c("A", "T", NA)), .Names = c("", 
    "")), class = "table"), N = 2657L), Tag.Distribution = structure(c(`1` = 73L, 
    `2` = 57L, `3` = 31L, `4` = 27L, `5` = 30L, `6` = 26L, `7` = 22L, 
    `8` = 12L, `9` = 17L, `10` = 15L, `11` = 10L, `12` = 16L, 
    `13` = 4L, `14` = 9L, `15` = 4L, `16` = 3L, `17` = 6L, `18` = 9L, 
    `19` = 1L, `20` = 7L, `21` = 4L, `22` = 1L, `23` = 1L, `24` = 2L, 
    `25` = 1L, `26` = 1L, `30` = 1L, `31` = 1L), .Dim = 28L, .Dimnames = list(
        TagUsage = c("1", "2", "3", "4", "5", "6", "7", "8", 
        "9", "10", "11", "12", "13", "14", "15", "16", "17", 
        "18", "19", "20", "21", "22", "23", "24", "25", "26", 
        "30", "31")), class = "table"), No.Tag = structure(c(0L, 
    0L, 0L, 0L, 0L, 0L, 0L, 90L, 1L, 4L, 0L, 0L, 15L, 0L, 0L), .Dim = c(5L, 
    3L), .Dimnames = structure(list(c("-2", "-1", "0", "1", NA
    ), c("A", "T", NA)), .Names = c("", "")), class = "table"), 
    All.Tags = list(Concordant = list(Freqs = structure(c(0, 
    0, 1, 0, 0, 0, 328, 0), .Dim = c(4L, 2L), .Dimnames = list(
        c("-2", "-1", "0", "1"), c("A", "T"))), N = 329), Majority = list(
        Freqs = structure(c(0, 0, 1, 0, 0, 0, 381, 0), .Dim = c(4L, 
        2L), .Dimnames = list(c("-2", "-1", "0", "1"), c("A", 
        "T"))), N = 382)), `2` = structure(c(0, 0, 0, 0, 0, 0, 
    316, 0), .Dim = c(4L, 2L), .Dimnames = list(c("-2", "-1", 
    "0", "1"), c("A", "T"))))))
