Results <-
list(`bwa.out//20220204//Control25_S18.sam` = list(GM17_SNP1 = list(
    All = list(Freqs = structure(c(0L, 1L, 0L, 1L, 13L, 2526L, 
    9L, 0L, 0L, 9L, 0L, 0L), .Dim = 4:3, .Dimnames = structure(list(
        c("-1", "0", "1", NA), c("C", "T", NA)), .Names = c("", 
    "")), class = "table"), N = 2559L), Tag.Distribution = structure(c(`1` = 64L, 
    `2` = 20L, `3` = 15L, `4` = 16L, `5` = 15L, `6` = 8L, `7` = 12L, 
    `8` = 13L, `9` = 7L, `10` = 12L, `11` = 8L, `12` = 12L, `13` = 5L, 
    `14` = 10L, `15` = 13L, `16` = 6L, `17` = 3L, `18` = 3L, 
    `19` = 5L, `20` = 3L, `21` = 3L, `22` = 1L, `23` = 3L, `24` = 1L, 
    `25` = 2L, `26` = 4L, `28` = 1L, `29` = 3L, `30` = 2L, `31` = 3L, 
    `32` = 1L, `34` = 1L, `39` = 2L, `40` = 1L, `42` = 1L), .Dim = 35L, .Dimnames = list(
        TagUsage = c("1", "2", "3", "4", "5", "6", "7", "8", 
        "9", "10", "11", "12", "13", "14", "15", "16", "17", 
        "18", "19", "20", "21", "22", "23", "24", "25", "26", 
        "28", "29", "30", "31", "32", "34", "39", "40", "42")), class = "table"), 
    No.Tag = structure(c(0L, 0L, 0L, 0L, 0L, 36L, 0L, 0L, 0L, 
    2L, 0L, 0L), .Dim = 4:3, .Dimnames = structure(list(c("-1", 
    "0", "1", NA), c("C", "T", NA)), .Names = c("", "")), class = "table"), 
    All.Tags = list(Concordant = list(Freqs = structure(c(0, 
    1, 0, 0, 259, 0), .Dim = 3:2, .Dimnames = list(c("-1", "0", 
    "1"), c("C", "T"))), N = 260), Majority = list(Freqs = structure(c(0, 
    1, 0, 0, 277, 0), .Dim = 3:2, .Dimnames = list(c("-1", "0", 
    "1"), c("C", "T"))), N = 278)), `2` = structure(c(0, 0, 0, 
    0, 215, 0), .Dim = 3:2, .Dimnames = list(c("-1", "0", "1"
    ), c("C", "T"))))))
