Results <-
list(`bwa.out//20220204//BlindCMMRD63_S22.sam` = list(DEPDC2_SNP1 = list(
    All = list(Freqs = structure(c(1L, 4L, 0L, 0L, 26L, 4836L, 
    22L, 13L, 0L, 26L, 0L, 0L), .Dim = 4:3, .Dimnames = structure(list(
        c("-1", "0", "1", NA), c("C", "T", NA)), .Names = c("", 
    "")), class = "table"), N = 4928L), Tag.Distribution = structure(c(`1` = 153L, 
    `2` = 71L, `3` = 70L, `4` = 69L, `5` = 51L, `6` = 43L, `7` = 36L, 
    `8` = 38L, `9` = 28L, `10` = 18L, `11` = 22L, `12` = 16L, 
    `13` = 20L, `14` = 11L, `15` = 11L, `16` = 15L, `17` = 7L, 
    `18` = 4L, `19` = 5L, `20` = 7L, `21` = 6L, `22` = 5L, `23` = 6L, 
    `24` = 2L, `25` = 6L, `26` = 4L, `27` = 2L, `29` = 1L, `31` = 1L, 
    `34` = 1L, `41` = 1L), .Dim = 31L, .Dimnames = list(TagUsage = c("1", 
    "2", "3", "4", "5", "6", "7", "8", "9", "10", "11", "12", 
    "13", "14", "15", "16", "17", "18", "19", "20", "21", "22", 
    "23", "24", "25", "26", "27", "29", "31", "34", "41")), class = "table"), 
    No.Tag = structure(c(0L, 0L, 0L, 0L, 0L, 101L, 0L, 0L, 0L, 
    1L, 0L, 0L), .Dim = 4:3, .Dimnames = structure(list(c("-1", 
    "0", "1", NA), c("C", "T", NA)), .Names = c("", "")), class = "table"), 
    All.Tags = list(Concordant = list(Freqs = structure(c(0, 
    2, 0, 1, 680, 0), .Dim = 3:2, .Dimnames = list(c("-1", "0", 
    "1"), c("C", "T"))), N = 683), Majority = list(Freqs = structure(c(0, 
    2, 0, 1, 721, 0), .Dim = 3:2, .Dimnames = list(c("-1", "0", 
    "1"), c("C", "T"))), N = 724)), `2` = structure(c(0, 0, 0, 
    0, 575, 0), .Dim = 3:2, .Dimnames = list(c("-1", "0", "1"
    ), c("C", "T"))))))
