Results <-
list(`bwa.out//20220204//BlindCMMRD71_S30.sam` = list(LR10_SNP1 = list(
    All = list(Freqs = structure(c(0L, 0L, 1L, 0L, 0L, 2L, 174L, 
    5875L, 55L, 14L, 0L, 0L, 8L, 0L, 0L, 0L, 1L, 30L, 1L, 0L), .Dim = 5:4, .Dimnames = structure(list(
        c("-2", "-1", "0", "1", NA), c("A", "C", "T", NA)), .Names = c("", 
    "")), class = "table"), N = 6161L), Tag.Distribution = structure(c(`1` = 81L, 
    `2` = 19L, `3` = 24L, `4` = 22L, `5` = 16L, `6` = 18L, `7` = 15L, 
    `8` = 16L, `9` = 19L, `10` = 13L, `11` = 17L, `12` = 15L, 
    `13` = 10L, `14` = 12L, `15` = 17L, `16` = 11L, `17` = 20L, 
    `18` = 12L, `19` = 10L, `20` = 5L, `21` = 6L, `22` = 8L, 
    `23` = 6L, `24` = 7L, `25` = 4L, `26` = 3L, `27` = 4L, `28` = 1L, 
    `29` = 6L, `30` = 4L, `31` = 2L, `32` = 2L, `33` = 2L, `34` = 6L, 
    `35` = 4L, `36` = 2L, `37` = 1L, `39` = 2L, `40` = 2L, `41` = 2L, 
    `42` = 2L, `43` = 4L, `44` = 1L, `45` = 1L, `46` = 4L, `47` = 1L, 
    `48` = 1L, `51` = 1L, `60` = 1L, `66` = 2L, `69` = 1L), .Dim = 51L, .Dimnames = list(
        TagUsage = c("1", "2", "3", "4", "5", "6", "7", "8", 
        "9", "10", "11", "12", "13", "14", "15", "16", "17", 
        "18", "19", "20", "21", "22", "23", "24", "25", "26", 
        "27", "28", "29", "30", "31", "32", "33", "34", "35", 
        "36", "37", "39", "40", "41", "42", "43", "44", "45", 
        "46", "47", "48", "51", "60", "66", "69")), class = "table"), 
    No.Tag = structure(c(0L, 0L, 0L, 0L, 0L, 1L, 2L, 172L, 2L, 
    0L, 0L, 0L, 1L, 0L, 0L, 0L, 0L, 3L, 0L, 0L), .Dim = 5:4, .Dimnames = structure(list(
        c("-2", "-1", "0", "1", NA), c("A", "C", "T", NA)), .Names = c("", 
    "")), class = "table"), All.Tags = list(Concordant = list(
        Freqs = structure(c(0, 0, 0, 0, 0, 3, 344, 1, 0, 0, 5, 
        0), .Dim = 4:3, .Dimnames = list(c("-2", "-1", "0", "1"
        ), c("A", "C", "T"))), N = 353), Majority = list(Freqs = structure(c(0, 
    0, 0, 0, 0, 3, 445, 1, 0, 0, 5, 0), .Dim = 4:3, .Dimnames = list(
        c("-2", "-1", "0", "1"), c("A", "C", "T"))), N = 454)), 
    `2` = structure(c(0, 0, 0, 0, 0, 2, 381, 1, 0, 0, 0, 0), .Dim = 4:3, .Dimnames = list(
        c("-2", "-1", "0", "1"), c("A", "C", "T"))))))
