Results <-
list(`bwa.out//20220204//BlindCMMRD73_S32.sam` = list(GM11_SNP1 = list(
    All = list(Freqs = structure(c(24L, 5846L, 13L, 2L, 0L, 3L, 
    0L, 0L, 0L, 33L, 0L, 0L), .Dim = 4:3, .Dimnames = structure(list(
        c("-1", "0", "1", NA), c("A", "G", NA)), .Names = c("", 
    "")), class = "table"), N = 5921L), Tag.Distribution = structure(c(`1` = 127L, 
    `2` = 66L, `3` = 58L, `4` = 52L, `5` = 44L, `6` = 47L, `7` = 27L, 
    `8` = 26L, `9` = 29L, `10` = 24L, `11` = 20L, `12` = 23L, 
    `13` = 22L, `14` = 16L, `15` = 17L, `16` = 8L, `17` = 16L, 
    `18` = 11L, `19` = 12L, `20` = 8L, `21` = 10L, `22` = 11L, 
    `23` = 5L, `24` = 4L, `25` = 2L, `26` = 1L, `27` = 3L, `28` = 3L, 
    `29` = 4L, `30` = 2L, `31` = 3L, `32` = 1L, `33` = 1L, `34` = 2L, 
    `36` = 1L, `37` = 1L, `38` = 1L, `39` = 1L, `45` = 1L), .Dim = 39L, .Dimnames = list(
        TagUsage = c("1", "2", "3", "4", "5", "6", "7", "8", 
        "9", "10", "11", "12", "13", "14", "15", "16", "17", 
        "18", "19", "20", "21", "22", "23", "24", "25", "26", 
        "27", "28", "29", "30", "31", "32", "33", "34", "36", 
        "37", "38", "39", "45")), class = "table"), No.Tag = structure(c(1L, 
    129L, 1L, 0L, 0L, 0L, 0L, 0L, 0L, 1L, 0L, 0L), .Dim = 4:3, .Dimnames = structure(list(
        c("-1", "0", "1", NA), c("A", "G", NA)), .Names = c("", 
    "")), class = "table"), All.Tags = list(Concordant = list(
        Freqs = structure(c(0, 669, 0, 0, 2, 0), .Dim = 3:2, .Dimnames = list(
            c("-1", "0", "1"), c("A", "G"))), N = 671), Majority = list(
        Freqs = structure(c(0, 702, 0, 0, 2, 0), .Dim = 3:2, .Dimnames = list(
            c("-1", "0", "1"), c("A", "G"))), N = 704)), `2` = structure(c(0, 
    582, 0, 0, 0, 0), .Dim = 3:2, .Dimnames = list(c("-1", "0", 
    "1"), c("A", "G"))))))
