Results <-
list(`bwa.out//20220204//BlindCMMRD80_S39.sam` = list(GM11_SNP1 = list(
    All = list(Freqs = structure(c(24L, 5051L, 4L, 2L, 0L, 2L, 
    0L, 0L, 0L, 35L, 1L, 0L), .Dim = 4:3, .Dimnames = structure(list(
        c("-1", "0", "1", NA), c("A", "G", NA)), .Names = c("", 
    "")), class = "table"), N = 5119L), Tag.Distribution = structure(c(`1` = 124L, 
    `2` = 111L, `3` = 56L, `4` = 48L, `5` = 49L, `6` = 62L, `7` = 47L, 
    `8` = 44L, `9` = 39L, `10` = 31L, `11` = 17L, `12` = 17L, 
    `13` = 22L, `14` = 13L, `15` = 14L, `16` = 12L, `17` = 8L, 
    `18` = 8L, `19` = 4L, `20` = 7L, `21` = 6L, `22` = 5L, `23` = 4L, 
    `24` = 3L, `26` = 2L, `27` = 2L, `31` = 2L, `48` = 1L), .Dim = 28L, .Dimnames = list(
        TagUsage = c("1", "2", "3", "4", "5", "6", "7", "8", 
        "9", "10", "11", "12", "13", "14", "15", "16", "17", 
        "18", "19", "20", "21", "22", "23", "24", "26", "27", 
        "31", "48")), class = "table"), No.Tag = structure(c(0L, 
    80L, 0L, 0L, 0L, 0L, 0L, 0L, 0L, 1L, 0L, 0L), .Dim = 4:3, .Dimnames = structure(list(
        c("-1", "0", "1", NA), c("A", "G", NA)), .Names = c("", 
    "")), class = "table"), All.Tags = list(Concordant = list(
        Freqs = structure(c(1, 725, 0, 0, 2, 0), .Dim = 3:2, .Dimnames = list(
            c("-1", "0", "1"), c("A", "G"))), N = 728), Majority = list(
        Freqs = structure(c(1, 747, 0, 0, 2, 0), .Dim = 3:2, .Dimnames = list(
            c("-1", "0", "1"), c("A", "G"))), N = 750)), `2` = structure(c(0, 
    632, 0, 0, 0, 0), .Dim = 3:2, .Dimnames = list(c("-1", "0", 
    "1"), c("A", "G"))))))
