Results <-
list(`bwa.out//20220204//Control14_S7.sam` = list(GM07_SNP1 = list(
    All = list(Freqs = structure(c(0L, 0L, 1L, 0L, 0L, 0L, 1L, 
    57L, 1441L, 42L, 3L, 9L, 0L, 61L, 1236L, 39L, 1L, 13L, 0L, 
    0L, 2L, 0L, 0L, 0L, 0L, 2L, 14L, 0L, 0L, 0L), .Dim = 6:5, .Dimnames = structure(list(
        c("-2", "-1", "0", "1", "2", NA), c("-", "A", "G", "T", 
        NA)), .Names = c("", "")), class = "table"), N = 2922L), 
    Tag.Distribution = structure(c(`1` = 84L, `2` = 37L, `3` = 35L, 
    `4` = 32L, `5` = 21L, `6` = 26L, `7` = 19L, `8` = 11L, `9` = 12L, 
    `10` = 15L, `11` = 9L, `12` = 13L, `13` = 3L, `14` = 4L, 
    `15` = 5L, `16` = 9L, `17` = 5L, `18` = 4L, `19` = 4L, `20` = 3L, 
    `21` = 4L, `22` = 2L, `23` = 1L, `24` = 4L, `25` = 2L, `26` = 1L, 
    `27` = 2L, `28` = 1L, `29` = 1L, `30` = 1L, `31` = 1L, `32` = 1L, 
    `36` = 1L, `38` = 1L, `46` = 1L), .Dim = 35L, .Dimnames = list(
        TagUsage = c("1", "2", "3", "4", "5", "6", "7", "8", 
        "9", "10", "11", "12", "13", "14", "15", "16", "17", 
        "18", "19", "20", "21", "22", "23", "24", "25", "26", 
        "27", "28", "29", "30", "31", "32", "36", "38", "46")), class = "table"), 
    No.Tag = structure(c(0L, 0L, 0L, 0L, 0L, 0L, 0L, 3L, 133L, 
    4L, 0L, 2L, 0L, 5L, 125L, 3L, 0L, 3L, 0L, 0L, 0L, 0L, 0L, 
    0L, 0L, 0L, 4L, 0L, 0L, 0L), .Dim = 6:5, .Dimnames = structure(list(
        c("-2", "-1", "0", "1", "2", NA), c("-", "A", "G", "T", 
        NA)), .Names = c("", "")), class = "table"), All.Tags = list(
        Concordant = list(Freqs = structure(c(0, 0, 0, 0, 0, 
        1, 1, 122, 0, 1, 0, 1, 120, 1, 0, 0, 0, 0, 0, 0), .Dim = 5:4, .Dimnames = list(
            c("-2", "-1", "0", "1", "2"), c("-", "A", "G", "T"
            ))), N = 247), Majority = list(Freqs = structure(c(0, 
        0, 0, 0, 0, 1, 2, 180, 0, 1, 0, 1, 178, 1, 0, 0, 0, 0, 
        0, 0), .Dim = 5:4, .Dimnames = list(c("-2", "-1", "0", 
        "1", "2"), c("-", "A", "G", "T"))), N = 364)), `2` = structure(c(0, 
    0, 0, 0, 0, 0, 1, 139, 0, 0, 0, 0, 143, 0, 0, 0, 0, 0, 0, 
    0), .Dim = 5:4, .Dimnames = list(c("-2", "-1", "0", "1", 
    "2"), c("-", "A", "G", "T"))))))
