Results <-
list(`bwa.out//20220204//BlindCMMRD54_S13.sam` = list(GM01_SNP1 = list(
    All = list(Freqs = structure(c(1L, 59L, 4682L, 14L, 0L, 2L, 
    0L, 64L, 4507L, 35L, 1L, 7L, 0L, 0L, 1L, 0L, 0L, 0L, 0L, 
    1L, 96L, 1L, 0L, 0L), .Dim = c(6L, 4L), .Dimnames = structure(list(
        c("-2", "-1", "0", "1", "2", NA), c("A", "G", "T", NA
        )), .Names = c("", "")), class = "table"), N = 9471L), 
    Tag.Distribution = structure(c(`1` = 129L, `2` = 59L, `3` = 59L, 
    `4` = 49L, `5` = 47L, `6` = 56L, `7` = 46L, `8` = 24L, `9` = 32L, 
    `10` = 18L, `11` = 27L, `12` = 23L, `13` = 20L, `14` = 19L, 
    `15` = 17L, `16` = 18L, `17` = 20L, `18` = 13L, `19` = 9L, 
    `20` = 15L, `21` = 15L, `22` = 18L, `23` = 8L, `24` = 11L, 
    `25` = 14L, `26` = 5L, `27` = 9L, `28` = 1L, `29` = 9L, `30` = 6L, 
    `31` = 6L, `32` = 8L, `33` = 2L, `34` = 5L, `35` = 5L, `36` = 3L, 
    `37` = 1L, `38` = 4L, `39` = 4L, `40` = 2L, `41` = 2L, `44` = 1L, 
    `49` = 3L, `50` = 1L, `55` = 1L, `59` = 1L, `63` = 1L, `70` = 1L, 
    `83` = 1L), .Dim = 49L, .Dimnames = list(TagUsage = c("1", 
    "2", "3", "4", "5", "6", "7", "8", "9", "10", "11", "12", 
    "13", "14", "15", "16", "17", "18", "19", "20", "21", "22", 
    "23", "24", "25", "26", "27", "28", "29", "30", "31", "32", 
    "33", "34", "35", "36", "37", "38", "39", "40", "41", "44", 
    "49", "50", "55", "59", "63", "70", "83")), class = "table"), 
    No.Tag = structure(c(0L, 2L, 104L, 0L, 0L, 1L, 0L, 1L, 109L, 
    1L, 0L, 0L, 0L, 0L, 1L, 0L, 0L, 0L, 0L, 0L, 2L, 0L, 0L, 0L
    ), .Dim = c(6L, 4L), .Dimnames = structure(list(c("-2", "-1", 
    "0", "1", "2", NA), c("A", "G", "T", NA)), .Names = c("", 
    "")), class = "table"), All.Tags = list(Concordant = list(
        Freqs = structure(c(0, 3, 346, 0, 0, 0, 1, 320, 1, 0, 
        0, 0, 0, 0, 0), .Dim = c(5L, 3L), .Dimnames = list(c("-2", 
        "-1", "0", "1", "2"), c("A", "G", "T"))), N = 671), Majority = list(
        Freqs = structure(c(0, 3, 430, 0, 0, 0, 1, 394, 2, 0, 
        0, 0, 0, 0, 0), .Dim = c(5L, 3L), .Dimnames = list(c("-2", 
        "-1", "0", "1", "2"), c("A", "G", "T"))), N = 830)), 
    `2` = structure(c(0, 2, 372, 0, 0, 0, 0, 336, 1, 0, 0, 0, 
    0, 0, 0), .Dim = c(5L, 3L), .Dimnames = list(c("-2", "-1", 
    "0", "1", "2"), c("A", "G", "T"))))))
