Results <-
list(`bwa.out//20220204//BlindCMMRD91_S50.sam` = list(LR46_SNP1 = list(
    All = list(Freqs = structure(c(0L, 1L, 0L, 0L, 4L, 1027L, 
    1L, 3L, 3L, 1258L, 5L, 2L, 0L, 14L, 0L, 0L), .Dim = c(4L, 
    4L), .Dimnames = structure(list(c("-1", "0", "1", NA), c("A", 
    "G", "T", NA)), .Names = c("", "")), class = "table"), N = 2318L), 
    Tag.Distribution = structure(c(`1` = 62L, `2` = 24L, `3` = 15L, 
    `4` = 15L, `5` = 19L, `6` = 10L, `7` = 19L, `8` = 10L, `9` = 15L, 
    `10` = 11L, `11` = 11L, `12` = 10L, `13` = 10L, `14` = 10L, 
    `15` = 6L, `16` = 3L, `17` = 4L, `18` = 6L, `19` = 2L, `20` = 2L, 
    `21` = 1L, `22` = 2L, `23` = 3L, `24` = 1L, `25` = 2L, `26` = 1L, 
    `27` = 1L, `28` = 4L, `30` = 1L, `31` = 1L, `33` = 1L, `34` = 1L, 
    `35` = 1L), .Dim = 33L, .Dimnames = list(TagUsage = c("1", 
    "2", "3", "4", "5", "6", "7", "8", "9", "10", "11", "12", 
    "13", "14", "15", "16", "17", "18", "19", "20", "21", "22", 
    "23", "24", "25", "26", "27", "28", "30", "31", "33", "34", 
    "35")), class = "table"), No.Tag = structure(c(0L, 0L, 0L, 
    0L, 0L, 19L, 0L, 0L, 0L, 28L, 0L, 0L, 0L, 4L, 0L, 0L), .Dim = c(4L, 
    4L), .Dimnames = structure(list(c("-1", "0", "1", NA), c("A", 
    "G", "T", NA)), .Names = c("", "")), class = "table"), All.Tags = list(
        Concordant = list(Freqs = structure(c(0, 0, 0, 0, 134, 
        0, 0, 130, 0), .Dim = c(3L, 3L), .Dimnames = list(c("-1", 
        "0", "1"), c("A", "G", "T"))), N = 264), Majority = list(
            Freqs = structure(c(0, 0, 0, 0, 138, 0, 0, 140, 0
            ), .Dim = c(3L, 3L), .Dimnames = list(c("-1", "0", 
            "1"), c("A", "G", "T"))), N = 278)), `2` = structure(c(0, 
    0, 0, 0, 107, 0, 0, 113, 0), .Dim = c(3L, 3L), .Dimnames = list(
        c("-1", "0", "1"), c("A", "G", "T"))))))
