Results <-
list(`bwa.out//20220204//Control20_S13.sam` = list(GM14_SNP1 = list(
    All = list(Freqs = structure(c(1L, 40L, 1097L, 11L, 2L, 0L, 
    16L, 726L, 9L, 1L, 0L, 0L, 26L, 1L, 0L), .Dim = c(5L, 3L), .Dimnames = structure(list(
        c("-3", "-1", "0", "1", NA), c("C", "T", NA)), .Names = c("", 
    "")), class = "table"), N = 1930L), Tag.Distribution = structure(c(`1` = 51L, 
    `2` = 30L, `3` = 25L, `4` = 18L, `5` = 16L, `6` = 24L, `7` = 12L, 
    `8` = 8L, `9` = 12L, `10` = 4L, `11` = 7L, `12` = 6L, `13` = 7L, 
    `14` = 4L, `15` = 3L, `16` = 3L, `17` = 7L, `18` = 5L, `19` = 6L, 
    `20` = 1L, `21` = 2L, `22` = 1L, `23` = 1L, `24` = 2L, `25` = 1L, 
    `26` = 1L, `27` = 3L, `28` = 1L, `29` = 1L, `41` = 1L), .Dim = 30L, .Dimnames = list(
        TagUsage = c("1", "2", "3", "4", "5", "6", "7", "8", 
        "9", "10", "11", "12", "13", "14", "15", "16", "17", 
        "18", "19", "20", "21", "22", "23", "24", "25", "26", 
        "27", "28", "29", "41")), class = "table"), No.Tag = structure(c(0L, 
    1L, 36L, 0L, 0L, 0L, 1L, 15L, 0L, 0L, 0L, 0L, 2L, 0L, 0L), .Dim = c(5L, 
    3L), .Dimnames = structure(list(c("-3", "-1", "0", "1", NA
    ), c("C", "T", NA)), .Names = c("", "")), class = "table"), 
    All.Tags = list(Concordant = list(Freqs = structure(c(0, 
    1, 117, 1, 0, 1, 92, 1), .Dim = c(4L, 2L), .Dimnames = list(
        c("-3", "-1", "0", "1"), c("C", "T"))), N = 213), Majority = list(
        Freqs = structure(c(0, 2, 146, 1, 0, 1, 108, 1), .Dim = c(4L, 
        2L), .Dimnames = list(c("-3", "-1", "0", "1"), c("C", 
        "T"))), N = 259)), `2` = structure(c(0, 1, 120, 1, 0, 
    0, 88, 1), .Dim = c(4L, 2L), .Dimnames = list(c("-3", "-1", 
    "0", "1"), c("C", "T"))))))
