Results <-
list(`bwa.out//20220204//Control12_S5.sam` = list(GM09_SNP1 = list(
    All = list(Freqs = structure(c(0L, 1L, 0L, 1L, 14L, 2475L, 
    8L, 0L, 0L, 1L, 0L, 0L, 0L, 6L, 0L, 0L), .Dim = c(4L, 4L), .Dimnames = structure(list(
        c("-1", "0", "1", NA), c("A", "G", "T", NA)), .Names = c("", 
    "")), class = "table"), N = 2506L), Tag.Distribution = structure(c(`1` = 97L, 
    `2` = 45L, `3` = 48L, `4` = 36L, `5` = 35L, `6` = 23L, `7` = 24L, 
    `8` = 20L, `9` = 22L, `10` = 11L, `11` = 12L, `12` = 13L, 
    `13` = 3L, `14` = 5L, `15` = 6L, `16` = 4L, `17` = 5L, `18` = 4L, 
    `19` = 1L, `20` = 2L, `22` = 3L, `23` = 1L, `24` = 2L, `25` = 1L, 
    `29` = 1L, `30` = 2L), .Dim = 26L, .Dimnames = list(TagUsage = c("1", 
    "2", "3", "4", "5", "6", "7", "8", "9", "10", "11", "12", 
    "13", "14", "15", "16", "17", "18", "19", "20", "22", "23", 
    "24", "25", "29", "30")), class = "table"), No.Tag = structure(c(0L, 
    0L, 0L, 1L, 0L, 63L, 0L, 0L, 0L, 0L, 0L, 0L, 0L, 0L, 0L, 
    0L), .Dim = c(4L, 4L), .Dimnames = structure(list(c("-1", 
    "0", "1", NA), c("A", "G", "T", NA)), .Names = c("", "")), class = "table"), 
    All.Tags = list(Concordant = list(Freqs = structure(c(0, 
    1, 0, 1, 402, 0, 0, 1, 0), .Dim = c(3L, 3L), .Dimnames = list(
        c("-1", "0", "1"), c("A", "G", "T"))), N = 405), Majority = list(
        Freqs = structure(c(0, 1, 0, 1, 421, 0, 0, 1, 0), .Dim = c(3L, 
        3L), .Dimnames = list(c("-1", "0", "1"), c("A", "G", 
        "T"))), N = 424)), `2` = structure(c(0, 0, 0, 0, 328, 
    0, 0, 0, 0), .Dim = c(3L, 3L), .Dimnames = list(c("-1", "0", 
    "1"), c("A", "G", "T"))))))
