Results <-
list(`bwa.out//20220204//BlindCMMRD95_S54.sam` = list(IM49_SNP1 = list(
    All = list(Freqs = structure(c(2L, 76L, 2637L, 41L, 28L, 
    0L, 0L, 2L, 0L, 0L, 0L, 1L, 123L, 1L, 0L), .Dim = c(5L, 3L
    ), .Dimnames = structure(list(c("-2", "-1", "0", "1", NA), 
        c("C", "G", NA)), .Names = c("", "")), class = "table"), 
        N = 2911L), Tag.Distribution = structure(c(`1` = 155L, 
    `2` = 53L, `3` = 29L, `4` = 35L, `5` = 20L, `6` = 20L, `7` = 10L, 
    `8` = 13L, `9` = 9L, `10` = 8L, `11` = 6L, `12` = 8L, `13` = 7L, 
    `14` = 5L, `15` = 5L, `16` = 5L, `17` = 7L, `18` = 5L, `19` = 2L, 
    `20` = 5L, `21` = 5L, `22` = 2L, `23` = 1L, `24` = 5L, `25` = 1L, 
    `26` = 3L, `27` = 3L, `28` = 3L, `29` = 2L, `33` = 1L, `34` = 1L, 
    `37` = 2L, `38` = 1L, `39` = 1L, `40` = 1L, `41` = 2L), .Dim = 36L, .Dimnames = list(
        TagUsage = c("1", "2", "3", "4", "5", "6", "7", "8", 
        "9", "10", "11", "12", "13", "14", "15", "16", "17", 
        "18", "19", "20", "21", "22", "23", "24", "25", "26", 
        "27", "28", "29", "33", "34", "37", "38", "39", "40", 
        "41")), class = "table"), No.Tag = structure(c(0L, 4L, 
    78L, 1L, 0L, 0L, 0L, 0L, 0L, 0L, 0L, 0L, 2L, 0L, 0L), .Dim = c(5L, 
    3L), .Dimnames = structure(list(c("-2", "-1", "0", "1", NA
    ), c("C", "G", NA)), .Names = c("", "")), class = "table"), 
    All.Tags = list(Concordant = list(Freqs = structure(c(0, 
    4, 325, 2, 0, 0, 1, 0), .Dim = c(4L, 2L), .Dimnames = list(
        c("-2", "-1", "0", "1"), c("C", "G"))), N = 332), Majority = list(
        Freqs = structure(c(0, 4, 398, 2, 0, 0, 1, 0), .Dim = c(4L, 
        2L), .Dimnames = list(c("-2", "-1", "0", "1"), c("C", 
        "G"))), N = 405)), `2` = structure(c(0, 1, 279, 1, 0, 
    0, 0, 0), .Dim = c(4L, 2L), .Dimnames = list(c("-2", "-1", 
    "0", "1"), c("C", "G"))))))
