Results <-
list(`bwa.out//20220204//BlindCMMRD98_S57.sam` = list(LR24_SNP1 = list(
    All = list(Freqs = structure(c(1L, 38L, 3298L, 5L, 4L, 1L, 
    24L, 3314L, 10L, 3L, 0L, 0L, 47L, 0L, 0L), .Dim = c(5L, 3L
    ), .Dimnames = structure(list(c("-2", "-1", "0", "1", NA), 
        c("A", "G", NA)), .Names = c("", "")), class = "table"), 
        N = 6745L), Tag.Distribution = structure(c(`1` = 239L, 
    `2` = 119L, `3` = 79L, `4` = 104L, `5` = 69L, `6` = 58L, 
    `7` = 64L, `8` = 35L, `9` = 47L, `10` = 30L, `11` = 34L, 
    `12` = 24L, `13` = 18L, `14` = 20L, `15` = 11L, `16` = 8L, 
    `17` = 13L, `18` = 7L, `19` = 9L, `20` = 5L, `21` = 7L, `22` = 5L, 
    `23` = 2L, `24` = 6L, `25` = 3L, `26` = 2L, `27` = 2L, `28` = 2L, 
    `29` = 1L, `32` = 2L, `33` = 1L, `34` = 2L, `35` = 2L, `37` = 1L, 
    `38` = 1L, `40` = 2L, `42` = 1L), .Dim = 37L, .Dimnames = list(
        TagUsage = c("1", "2", "3", "4", "5", "6", "7", "8", 
        "9", "10", "11", "12", "13", "14", "15", "16", "17", 
        "18", "19", "20", "21", "22", "23", "24", "25", "26", 
        "27", "28", "29", "32", "33", "34", "35", "37", "38", 
        "40", "42")), class = "table"), No.Tag = structure(c(0L, 
    3L, 145L, 0L, 0L, 0L, 0L, 86L, 0L, 2L, 0L, 0L, 3L, 0L, 0L
    ), .Dim = c(5L, 3L), .Dimnames = structure(list(c("-2", "-1", 
    "0", "1", NA), c("A", "G", NA)), .Names = c("", "")), class = "table"), 
    All.Tags = list(Concordant = list(Freqs = structure(c(0, 
    4, 451, 0, 0, 3, 446, 1), .Dim = c(4L, 2L), .Dimnames = list(
        c("-2", "-1", "0", "1"), c("A", "G"))), N = 905), Majority = list(
        Freqs = structure(c(0, 5, 513, 0, 0, 3, 498, 1), .Dim = c(4L, 
        2L), .Dimnames = list(c("-2", "-1", "0", "1"), c("A", 
        "G"))), N = 1020)), `2` = structure(c(0, 3, 394, 0, 0, 
    2, 391, 0), .Dim = c(4L, 2L), .Dimnames = list(c("-2", "-1", 
    "0", "1"), c("A", "G"))))))
