Results <-
list(`bwa.out//20220204//BlindCMMRD124_S50.sam` = list(GM26_SNP1 = list(
    All = list(Freqs = structure(c(0L, 22L, 1984L, 4L, 3L, 1L, 
    12L, 1711L, 4L, 1L, 0L, 0L, 35L, 0L, 0L), .Dim = c(5L, 3L
    ), .Dimnames = structure(list(c("-2", "-1", "0", "1", NA), 
        c("A", "G", NA)), .Names = c("", "")), class = "table"), 
        N = 3777L), Tag.Distribution = structure(c(`1` = 194L, 
    `2` = 125L, `3` = 91L, `4` = 48L, `5` = 46L, `6` = 43L, `7` = 42L, 
    `8` = 32L, `9` = 20L, `10` = 20L, `11` = 11L, `12` = 11L, 
    `13` = 12L, `14` = 13L, `15` = 7L, `16` = 5L, `17` = 8L, 
    `18` = 4L, `19` = 4L, `20` = 4L, `21` = 2L, `22` = 1L, `23` = 2L, 
    `24` = 1L, `26` = 1L, `27` = 1L, `29` = 2L), .Dim = 27L, .Dimnames = list(
        TagUsage = c("1", "2", "3", "4", "5", "6", "7", "8", 
        "9", "10", "11", "12", "13", "14", "15", "16", "17", 
        "18", "19", "20", "21", "22", "23", "24", "26", "27", 
        "29")), class = "table"), No.Tag = structure(c(0L, 0L, 
    32L, 0L, 1L, 0L, 0L, 30L, 0L, 0L, 0L, 0L, 2L, 0L, 0L), .Dim = c(5L, 
    3L), .Dimnames = structure(list(c("-2", "-1", "0", "1", NA
    ), c("A", "G", NA)), .Names = c("", "")), class = "table"), 
    All.Tags = list(Concordant = list(Freqs = structure(c(0, 
    0, 331, 0, 0, 4, 331, 2), .Dim = c(4L, 2L), .Dimnames = list(
        c("-2", "-1", "0", "1"), c("A", "G"))), N = 668), Majority = list(
        Freqs = structure(c(0, 0, 369, 0, 0, 4, 355, 2), .Dim = c(4L, 
        2L), .Dimnames = list(c("-2", "-1", "0", "1"), c("A", 
        "G"))), N = 730)), `2` = structure(c(0, 0, 286, 0, 0, 
    1, 259, 0), .Dim = c(4L, 2L), .Dimnames = list(c("-2", "-1", 
    "0", "1"), c("A", "G"))))))
