Results <-
list(`bwa.out//20220204//BlindCMMRD119_S45.sam` = list(GM22_SNP1 = list(
    All = list(Freqs = structure(c(4L, 79L, 6681L, 41L, 19L, 
    0L, 0L, 3L, 0L, 0L, 0L, 0L, 61L, 0L, 0L), .Dim = c(5L, 3L
    ), .Dimnames = structure(list(c("-2", "-1", "0", "1", NA), 
        c("A", "G", NA)), .Names = c("", "")), class = "table"), 
        N = 6888L), Tag.Distribution = structure(c(`1` = 272L, 
    `2` = 152L, `3` = 140L, `4` = 136L, `5` = 96L, `6` = 76L, 
    `7` = 71L, `8` = 62L, `9` = 59L, `10` = 46L, `11` = 32L, 
    `12` = 28L, `13` = 22L, `14` = 15L, `15` = 16L, `16` = 10L, 
    `17` = 9L, `18` = 10L, `19` = 3L, `20` = 2L, `21` = 6L, `22` = 1L, 
    `23` = 1L, `24` = 1L, `25` = 1L, `26` = 1L, `27` = 1L, `33` = 1L
    ), .Dim = 28L, .Dimnames = list(TagUsage = c("1", "2", "3", 
    "4", "5", "6", "7", "8", "9", "10", "11", "12", "13", "14", 
    "15", "16", "17", "18", "19", "20", "21", "22", "23", "24", 
    "25", "26", "27", "33")), class = "table"), No.Tag = structure(c(0L, 
    1L, 98L, 3L, 1L, 0L, 0L, 0L, 0L, 0L, 0L, 0L, 5L, 0L, 0L), .Dim = c(5L, 
    3L), .Dimnames = structure(list(c("-2", "-1", "0", "1", NA
    ), c("A", "G", NA)), .Names = c("", "")), class = "table"), 
    All.Tags = list(Concordant = list(Freqs = structure(c(0, 
    2, 1170, 1, 0, 0, 1, 0), .Dim = c(4L, 2L), .Dimnames = list(
        c("-2", "-1", "0", "1"), c("A", "G"))), N = 1174), Majority = list(
        Freqs = structure(c(0, 3, 1256, 1, 0, 0, 1, 0), .Dim = c(4L, 
        2L), .Dimnames = list(c("-2", "-1", "0", "1"), c("A", 
        "G"))), N = 1261)), `2` = structure(c(0, 1, 992, 0, 0, 
    0, 0, 0), .Dim = c(4L, 2L), .Dimnames = list(c("-2", "-1", 
    "0", "1"), c("A", "G"))))))
