Results <-
list(`bwa.out//20220204//BlindCMMRD110_S36.sam` = list(LR48_SNP1 = list(
    All = list(Freqs = structure(c(1L, 44L, 1904L, 24L, 10L, 
    1L, 57L, 2009L, 30L, 4L, 0L, 0L, 39L, 1L, 0L), .Dim = c(5L, 
    3L), .Dimnames = structure(list(c("-2", "-1", "0", "1", NA
    ), c("C", "T", NA)), .Names = c("", "")), class = "table"), 
        N = 4124L), Tag.Distribution = structure(c(`1` = 93L, 
    `2` = 67L, `3` = 64L, `4` = 69L, `5` = 54L, `6` = 36L, `7` = 38L, 
    `8` = 41L, `9` = 34L, `10` = 25L, `11` = 26L, `12` = 19L, 
    `13` = 25L, `14` = 12L, `15` = 10L, `16` = 9L, `17` = 6L, 
    `18` = 2L, `19` = 2L, `21` = 3L, `22` = 2L, `24` = 3L, `25` = 1L, 
    `32` = 1L), .Dim = 24L, .Dimnames = list(TagUsage = c("1", 
    "2", "3", "4", "5", "6", "7", "8", "9", "10", "11", "12", 
    "13", "14", "15", "16", "17", "18", "19", "21", "22", "24", 
    "25", "32")), class = "table"), No.Tag = structure(c(0L, 
    2L, 26L, 0L, 0L, 0L, 0L, 48L, 0L, 0L, 0L, 0L, 4L, 0L, 0L), .Dim = c(5L, 
    3L), .Dimnames = structure(list(c("-2", "-1", "0", "1", NA
    ), c("C", "T", NA)), .Names = c("", "")), class = "table"), 
    All.Tags = list(Concordant = list(Freqs = structure(c(0, 
    1, 248, 2, 1, 2, 246, 0), .Dim = c(4L, 2L), .Dimnames = list(
        c("-2", "-1", "0", "1"), c("C", "T"))), N = 500), Majority = list(
        Freqs = structure(c(0, 1, 308, 2, 1, 2, 320, 0), .Dim = c(4L, 
        2L), .Dimnames = list(c("-2", "-1", "0", "1"), c("C", 
        "T"))), N = 634)), `2` = structure(c(0, 0, 269, 1, 0, 
    1, 275, 0), .Dim = c(4L, 2L), .Dimnames = list(c("-2", "-1", 
    "0", "1"), c("C", "T"))))))
