Results <-
list(`bwa.out//20220204//BlindCMMRD88_S47.sam` = list(GM14_SNP1 = list(
    All = list(Freqs = structure(c(1L, 1L, 107L, 2550L, 19L, 
    9L, 0L, 0L, 1L, 3L, 0L, 0L, 0L, 0L, 0L, 18L, 0L, 0L), .Dim = c(6L, 
    3L), .Dimnames = structure(list(c("-3", "-2", "-1", "0", 
    "1", NA), c("C", "T", NA)), .Names = c("", "")), class = "table"), 
        N = 2709L), Tag.Distribution = structure(c(`1` = 100L, 
    `2` = 44L, `3` = 35L, `4` = 29L, `5` = 18L, `6` = 21L, `7` = 20L, 
    `8` = 14L, `9` = 11L, `10` = 14L, `11` = 11L, `12` = 8L, 
    `13` = 6L, `14` = 7L, `15` = 7L, `16` = 6L, `17` = 3L, `18` = 6L, 
    `19` = 6L, `20` = 1L, `21` = 3L, `22` = 3L, `23` = 2L, `24` = 3L, 
    `27` = 1L, `28` = 2L, `29` = 1L, `31` = 1L, `32` = 1L, `34` = 1L, 
    `36` = 1L, `37` = 1L, `38` = 1L, `41` = 1L, `43` = 1L), .Dim = 35L, .Dimnames = list(
        TagUsage = c("1", "2", "3", "4", "5", "6", "7", "8", 
        "9", "10", "11", "12", "13", "14", "15", "16", "17", 
        "18", "19", "20", "21", "22", "23", "24", "27", "28", 
        "29", "31", "32", "34", "36", "37", "38", "41", "43")), class = "table"), 
    No.Tag = structure(c(0L, 0L, 2L, 51L, 0L, 1L, 0L, 0L, 0L, 
    0L, 0L, 0L, 0L, 0L, 0L, 1L, 0L, 0L), .Dim = c(6L, 3L), .Dimnames = structure(list(
        c("-3", "-2", "-1", "0", "1", NA), c("C", "T", NA)), .Names = c("", 
    "")), class = "table"), All.Tags = list(Concordant = list(
        Freqs = structure(c(0, 0, 5, 299, 1, 0, 0, 1, 3, 0), .Dim = c(5L, 
        2L), .Dimnames = list(c("-3", "-2", "-1", "0", "1"), 
            c("C", "T"))), N = 309), Majority = list(Freqs = structure(c(0, 
    0, 5, 377, 1, 0, 0, 1, 3, 0), .Dim = c(5L, 2L), .Dimnames = list(
        c("-3", "-2", "-1", "0", "1"), c("C", "T"))), N = 387)), 
    `2` = structure(c(0, 0, 0, 289, 0, 0, 0, 0, 0, 0), .Dim = c(5L, 
    2L), .Dimnames = list(c("-3", "-2", "-1", "0", "1"), c("C", 
    "T"))))))
