Results <-
list(`bwa.out//20220204//MLPA01_S9.sam` = list(GM14_SNP1 = list(
    All = list(Freqs = structure(c(0L, 0L, 1L, 0L, 0L, 3L, 70L, 
    2180L, 13L, 6L, 0L, 0L, 29L, 0L, 0L), .Dim = c(5L, 3L), .Dimnames = structure(list(
        c("-2", "-1", "0", "1", NA), c("A", "C", NA)), .Names = c("", 
    "")), class = "table"), N = 2302L), Tag.Distribution = structure(c(`1` = 100L, 
    `2` = 41L, `3` = 45L, `4` = 34L, `5` = 35L, `6` = 21L, `7` = 23L, 
    `8` = 18L, `9` = 8L, `10` = 14L, `11` = 11L, `12` = 10L, 
    `13` = 7L, `14` = 8L, `15` = 7L, `16` = 2L, `17` = 2L, `18` = 4L, 
    `19` = 5L, `20` = 1L, `21` = 2L, `22` = 1L, `23` = 2L, `24` = 2L, 
    `26` = 1L), .Dim = 25L, .Dimnames = list(TagUsage = c("1", 
    "2", "3", "4", "5", "6", "7", "8", "9", "10", "11", "12", 
    "13", "14", "15", "16", "17", "18", "19", "20", "21", "22", 
    "23", "24", "26")), class = "table"), No.Tag = structure(c(0L, 
    0L, 0L, 0L, 0L, 0L, 2L, 40L, 0L, 0L, 0L, 0L, 3L, 0L, 0L), .Dim = c(5L, 
    3L), .Dimnames = structure(list(c("-2", "-1", "0", "1", NA
    ), c("A", "C", NA)), .Names = c("", "")), class = "table"), 
    All.Tags = list(Concordant = list(Freqs = structure(c(0, 
    0, 0, 0, 0, 4, 329, 1), .Dim = c(4L, 2L), .Dimnames = list(
        c("-2", "-1", "0", "1"), c("A", "C"))), N = 334), Majority = list(
        Freqs = structure(c(0, 0, 0, 0, 0, 4, 390, 1), .Dim = c(4L, 
        2L), .Dimnames = list(c("-2", "-1", "0", "1"), c("A", 
        "C"))), N = 395)), `2` = structure(c(0, 0, 0, 0, 0, 1, 
    298, 1), .Dim = c(4L, 2L), .Dimnames = list(c("-2", "-1", 
    "0", "1"), c("A", "C"))))))
