Results <-
list(`bwa.out//20220204//Control18_S11.sam` = list(GM09_SNP1 = list(
    All = list(Freqs = structure(c(0L, 1L, 0L, 6L, 2540L, 7L, 
    0L, 12L, 0L), .Dim = c(3L, 3L), .Dimnames = structure(list(
        c("-1", "0", "1"), c("A", "G", NA)), .Names = c("", ""
    )), class = "table"), N = 2566L), Tag.Distribution = structure(c(`1` = 93L, 
    `2` = 40L, `3` = 42L, `4` = 41L, `5` = 43L, `6` = 38L, `7` = 15L, 
    `8` = 18L, `9` = 13L, `10` = 13L, `11` = 7L, `12` = 8L, `13` = 6L, 
    `14` = 9L, `15` = 11L, `16` = 4L, `17` = 2L, `18` = 8L, `19` = 3L, 
    `20` = 2L, `21` = 2L, `22` = 3L, `23` = 1L, `25` = 2L, `26` = 1L, 
    `27` = 1L), .Dim = 26L, .Dimnames = list(TagUsage = c("1", 
    "2", "3", "4", "5", "6", "7", "8", "9", "10", "11", "12", 
    "13", "14", "15", "16", "17", "18", "19", "20", "21", "22", 
    "23", "25", "26", "27")), class = "table"), No.Tag = structure(c(0L, 
    0L, 0L, 0L, 1L, 46L, 0L, 0L, 0L, 2L, 0L, 0L), .Dim = 4:3, .Dimnames = structure(list(
        c("-1", "0", "1", NA), c("A", "G", NA)), .Names = c("", 
    "")), class = "table"), All.Tags = list(Concordant = list(
        Freqs = structure(c(0, 1, 0, 0, 410, 0), .Dim = 3:2, .Dimnames = list(
            c("-1", "0", "1"), c("A", "G"))), N = 411), Majority = list(
        Freqs = structure(c(0, 1, 0, 0, 422, 0), .Dim = 3:2, .Dimnames = list(
            c("-1", "0", "1"), c("A", "G"))), N = 423)), `2` = structure(c(0, 
    0, 0, 0, 333, 0), .Dim = 3:2, .Dimnames = list(c("-1", "0", 
    "1"), c("A", "G"))))))
