Results <-
list(`bwa.out//20220204//BlindCMMRD57_S16.sam` = list(GM01_SNP1 = list(
    All = list(Freqs = structure(c(1L, 45L, 3498L, 11L, 3L, 1L, 
    29L, 2892L, 11L, 7L, 0L, 1L, 74L, 0L, 0L), .Dim = c(5L, 3L
    ), .Dimnames = structure(list(c("-2", "-1", "0", "1", NA), 
        c("A", "G", NA)), .Names = c("", "")), class = "table"), 
        N = 6573L), Tag.Distribution = structure(c(`1` = 132L, 
    `2` = 68L, `3` = 47L, `4` = 43L, `5` = 59L, `6` = 48L, `7` = 44L, 
    `8` = 26L, `9` = 38L, `10` = 25L, `11` = 28L, `12` = 23L, 
    `13` = 15L, `14` = 14L, `15` = 20L, `16` = 18L, `17` = 9L, 
    `18` = 7L, `19` = 8L, `20` = 10L, `21` = 13L, `22` = 10L, 
    `23` = 9L, `24` = 5L, `25` = 4L, `26` = 6L, `27` = 3L, `28` = 2L, 
    `29` = 3L, `31` = 2L, `32` = 1L, `33` = 2L, `34` = 3L, `37` = 2L, 
    `38` = 2L, `39` = 1L, `40` = 1L, `45` = 1L, `46` = 1L, `48` = 1L
    ), .Dim = 40L, .Dimnames = list(TagUsage = c("1", "2", "3", 
    "4", "5", "6", "7", "8", "9", "10", "11", "12", "13", "14", 
    "15", "16", "17", "18", "19", "20", "21", "22", "23", "24", 
    "25", "26", "27", "28", "29", "31", "32", "33", "34", "37", 
    "38", "39", "40", "45", "46", "48")), class = "table"), No.Tag = structure(c(0L, 
    1L, 48L, 0L, 0L, 0L, 0L, 123L, 1L, 0L, 0L, 0L, 4L, 0L, 0L
    ), .Dim = c(5L, 3L), .Dimnames = structure(list(c("-2", "-1", 
    "0", "1", NA), c("A", "G", NA)), .Names = c("", "")), class = "table"), 
    All.Tags = list(Concordant = list(Freqs = structure(c(0, 
    3, 332, 0, 0, 2, 279, 0), .Dim = c(4L, 2L), .Dimnames = list(
        c("-2", "-1", "0", "1"), c("A", "G"))), N = 616), Majority = list(
        Freqs = structure(c(0, 3, 401, 0, 0, 2, 335, 0), .Dim = c(4L, 
        2L), .Dimnames = list(c("-2", "-1", "0", "1"), c("A", 
        "G"))), N = 741)), `2` = structure(c(0, 0, 322, 0, 0, 
    0, 291, 0), .Dim = c(4L, 2L), .Dimnames = list(c("-2", "-1", 
    "0", "1"), c("A", "G"))))))
