Results <-
list(`bwa.out//20220204//BlindCMMRD46_S6.sam` = list(LR48_SNP1 = list(
    All = list(Freqs = structure(c(1L, 48L, 2308L, 35L, 17L, 
    1L, 63L, 1697L, 25L, 6L, 0L, 0L, 75L, 3L, 0L), .Dim = c(5L, 
    3L), .Dimnames = structure(list(c("-2", "-1", "0", "1", NA
    ), c("C", "T", NA)), .Names = c("", "")), class = "table"), 
        N = 4279L), Tag.Distribution = structure(c(`1` = 53L, 
    `2` = 14L, `3` = 8L, `4` = 5L, `5` = 8L, `6` = 11L, `7` = 11L, 
    `8` = 13L, `9` = 9L, `10` = 4L, `11` = 4L, `12` = 3L, `13` = 7L, 
    `14` = 8L, `15` = 3L, `16` = 4L, `17` = 7L, `18` = 5L, `19` = 3L, 
    `20` = 2L, `21` = 6L, `22` = 3L, `23` = 3L, `24` = 4L, `25` = 3L, 
    `27` = 5L, `28` = 1L, `29` = 2L, `30` = 3L, `31` = 2L, `32` = 4L, 
    `33` = 1L, `34` = 4L, `35` = 1L, `36` = 3L, `37` = 5L, `39` = 1L, 
    `40` = 3L, `41` = 3L, `44` = 2L, `45` = 1L, `46` = 1L, `47` = 3L, 
    `48` = 1L, `51` = 1L, `53` = 2L, `54` = 2L, `55` = 2L, `56` = 1L, 
    `57` = 1L, `61` = 2L, `71` = 1L, `72` = 1L, `87` = 1L), .Dim = 54L, .Dimnames = list(
        TagUsage = c("1", "2", "3", "4", "5", "6", "7", "8", 
        "9", "10", "11", "12", "13", "14", "15", "16", "17", 
        "18", "19", "20", "21", "22", "23", "24", "25", "27", 
        "28", "29", "30", "31", "32", "33", "34", "35", "36", 
        "37", "39", "40", "41", "44", "45", "46", "47", "48", 
        "51", "53", "54", "55", "56", "57", "61", "71", "72", 
        "87")), class = "table"), No.Tag = structure(c(0L, 5L, 
    59L, 0L, 1L, 0L, 0L, 50L, 1L, 0L, 0L, 0L, 11L, 1L, 0L), .Dim = c(5L, 
    3L), .Dimnames = structure(list(c("-2", "-1", "0", "1", NA
    ), c("C", "T", NA)), .Names = c("", "")), class = "table"), 
    All.Tags = list(Concordant = list(Freqs = structure(c(0, 
    3, 85, 1, 0, 2, 80, 0), .Dim = c(4L, 2L), .Dimnames = list(
        c("-2", "-1", "0", "1"), c("C", "T"))), N = 171), Majority = list(
        Freqs = structure(c(0, 3, 132, 2, 0, 2, 114, 0), .Dim = c(4L, 
        2L), .Dimnames = list(c("-2", "-1", "0", "1"), c("C", 
        "T"))), N = 253)), `2` = structure(c(0, 0, 103, 1, 0, 
    1, 100, 0), .Dim = c(4L, 2L), .Dimnames = list(c("-2", "-1", 
    "0", "1"), c("C", "T"))))))
