Results <-
list(`bwa.out//20220204//BlindCMMRD75_S34.sam` = list(GM14_SNP1 = list(
    All = list(Freqs = structure(c(5L, 103L, 3085L, 29L, 7L, 
    0L, 0L, 3L, 0L, 0L, 0L, 0L, 26L, 0L, 0L), .Dim = c(5L, 3L
    ), .Dimnames = structure(list(c("-2", "-1", "0", "1", NA), 
        c("C", "T", NA)), .Names = c("", "")), class = "table"), 
        N = 3258L), Tag.Distribution = structure(c(`1` = 75L, 
    `2` = 41L, `3` = 35L, `4` = 28L, `5` = 17L, `6` = 20L, `7` = 17L, 
    `8` = 18L, `9` = 16L, `10` = 17L, `11` = 20L, `12` = 10L, 
    `13` = 13L, `14` = 12L, `15` = 6L, `16` = 4L, `17` = 9L, 
    `18` = 4L, `19` = 4L, `20` = 9L, `21` = 4L, `22` = 2L, `23` = 5L, 
    `24` = 2L, `25` = 2L, `26` = 2L, `27` = 2L, `28` = 1L, `29` = 3L, 
    `30` = 1L, `31` = 2L, `32` = 1L, `34` = 1L, `41` = 1L), .Dim = 34L, .Dimnames = list(
        TagUsage = c("1", "2", "3", "4", "5", "6", "7", "8", 
        "9", "10", "11", "12", "13", "14", "15", "16", "17", 
        "18", "19", "20", "21", "22", "23", "24", "25", "26", 
        "27", "28", "29", "30", "31", "32", "34", "41")), class = "table"), 
    No.Tag = structure(c(0L, 1L, 27L, 0L, 0L, 0L, 0L, 0L, 0L, 
    0L, 0L, 0L, 1L, 0L, 0L), .Dim = c(5L, 3L), .Dimnames = structure(list(
        c("-2", "-1", "0", "1", NA), c("C", "T", NA)), .Names = c("", 
    "")), class = "table"), All.Tags = list(Concordant = list(
        Freqs = structure(c(0, 4, 299, 0, 0, 0, 2, 0), .Dim = c(4L, 
        2L), .Dimnames = list(c("-2", "-1", "0", "1"), c("C", 
        "T"))), N = 305), Majority = list(Freqs = structure(c(0, 
    4, 387, 0, 0, 0, 2, 0), .Dim = c(4L, 2L), .Dimnames = list(
        c("-2", "-1", "0", "1"), c("C", "T"))), N = 393)), `2` = structure(c(0, 
    2, 319, 0, 0, 0, 0, 0), .Dim = c(4L, 2L), .Dimnames = list(
        c("-2", "-1", "0", "1"), c("C", "T"))))))
