Results <-
list(`bwa.out//20220204//BlindCMMRD65_S24.sam` = list(GM14_SNP1 = list(
    All = list(Freqs = structure(c(5L, 159L, 2986L, 44L, 10L, 
    0L, 0L, 4L, 0L, 0L, 0L, 0L, 18L, 1L, 0L), .Dim = c(5L, 3L
    ), .Dimnames = structure(list(c("-2", "-1", "0", "1", NA), 
        c("C", "T", NA)), .Names = c("", "")), class = "table"), 
        N = 3227L), Tag.Distribution = structure(c(`1` = 92L, 
    `2` = 46L, `3` = 48L, `4` = 32L, `5` = 26L, `6` = 22L, `7` = 26L, 
    `8` = 21L, `9` = 24L, `10` = 17L, `11` = 14L, `12` = 15L, 
    `13` = 9L, `14` = 19L, `15` = 6L, `16` = 8L, `17` = 9L, `18` = 4L, 
    `19` = 4L, `20` = 3L, `21` = 4L, `22` = 1L, `23` = 5L, `24` = 3L, 
    `25` = 2L, `26` = 1L, `28` = 1L, `41` = 1L), .Dim = 28L, .Dimnames = list(
        TagUsage = c("1", "2", "3", "4", "5", "6", "7", "8", 
        "9", "10", "11", "12", "13", "14", "15", "16", "17", 
        "18", "19", "20", "21", "22", "23", "24", "25", "26", 
        "28", "41")), class = "table"), No.Tag = structure(c(0L, 
    2L, 36L, 0L, 0L, 0L, 0L, 0L, 0L, 0L, 0L, 0L, 1L, 0L, 0L), .Dim = c(5L, 
    3L), .Dimnames = structure(list(c("-2", "-1", "0", "1", NA
    ), c("C", "T", NA)), .Names = c("", "")), class = "table"), 
    All.Tags = list(Concordant = list(Freqs = structure(c(0, 
    7, 355, 0, 0, 0, 4, 0), .Dim = c(4L, 2L), .Dimnames = list(
        c("-2", "-1", "0", "1"), c("C", "T"))), N = 366), Majority = list(
        Freqs = structure(c(1, 7, 446, 0, 0, 0, 4, 0), .Dim = c(4L, 
        2L), .Dimnames = list(c("-2", "-1", "0", "1"), c("C", 
        "T"))), N = 458)), `2` = structure(c(1, 4, 362, 0, 0, 
    0, 0, 0), .Dim = c(4L, 2L), .Dimnames = list(c("-2", "-1", 
    "0", "1"), c("C", "T"))))))
