Results <-
list(`bwa.out//20220204//BlindCMMRD56_S15.sam` = list(LR46_SNP1 = list(
    All = list(Freqs = structure(c(0L, 1L, 0L, 0L, 0L, 1L, 0L, 
    0L, 24L, 3722L, 12L, 8L, 0L, 2L, 0L, 0L, 0L, 17L, 0L, 0L), .Dim = 4:5, .Dimnames = structure(list(
        c("-1", "0", "1", NA), c("A", "C", "G", "T", NA)), .Names = c("", 
    "")), class = "table"), N = 3787L), Tag.Distribution = structure(c(`1` = 99L, 
    `2` = 53L, `3` = 30L, `4` = 29L, `5` = 27L, `6` = 36L, `7` = 23L, 
    `8` = 21L, `9` = 15L, `10` = 16L, `11` = 11L, `12` = 11L, 
    `13` = 15L, `14` = 12L, `15` = 7L, `16` = 8L, `17` = 7L, 
    `18` = 6L, `19` = 1L, `20` = 6L, `21` = 3L, `22` = 2L, `23` = 6L, 
    `24` = 3L, `25` = 4L, `26` = 1L, `27` = 2L, `28` = 2L, `29` = 3L, 
    `30` = 2L, `31` = 1L, `32` = 2L, `33` = 1L, `34` = 2L, `35` = 2L, 
    `36` = 2L, `37` = 1L, `38` = 1L), .Dim = 38L, .Dimnames = list(
        TagUsage = c("1", "2", "3", "4", "5", "6", "7", "8", 
        "9", "10", "11", "12", "13", "14", "15", "16", "17", 
        "18", "19", "20", "21", "22", "23", "24", "25", "26", 
        "27", "28", "29", "30", "31", "32", "33", "34", "35", 
        "36", "37", "38")), class = "table"), No.Tag = structure(c(0L, 
    0L, 0L, 0L, 0L, 0L, 0L, 0L, 0L, 69L, 0L, 1L, 0L, 0L, 0L, 
    0L, 0L, 3L, 0L, 0L), .Dim = 4:5, .Dimnames = structure(list(
        c("-1", "0", "1", NA), c("A", "C", "G", "T", NA)), .Names = c("", 
    "")), class = "table"), All.Tags = list(Concordant = list(
        Freqs = structure(c(0, 0, 0, 0, 0, 0, 2, 448, 2, 0, 1, 
        0), .Dim = 3:4, .Dimnames = list(c("-1", "0", "1"), c("A", 
        "C", "G", "T"))), N = 453), Majority = list(Freqs = structure(c(0, 
    0, 0, 0, 0, 0, 2, 465, 2, 0, 1, 0), .Dim = 3:4, .Dimnames = list(
        c("-1", "0", "1"), c("A", "C", "G", "T"))), N = 470)), 
    `2` = structure(c(0, 0, 0, 0, 0, 0, 1, 370, 1, 0, 0, 0), .Dim = 3:4, .Dimnames = list(
        c("-1", "0", "1"), c("A", "C", "G", "T"))))))
