Results <-
list(`bwa.out//20220204//Control13_S6.sam` = list(IM16_SNP1 = list(
    All = list(Freqs = structure(c(1L, 19L, 2595L, 54L, 3L, 0L, 
    0L, 2L, 0L, 0L, 0L, 2L, 38L, 3L, 0L), .Dim = c(5L, 3L), .Dimnames = structure(list(
        c("-2", "-1", "0", "1", NA), c("A", "G", NA)), .Names = c("", 
    "")), class = "table"), N = 2717L), Tag.Distribution = structure(c(`1` = 101L, 
    `2` = 51L, `3` = 34L, `4` = 34L, `5` = 29L, `6` = 29L, `7` = 29L, 
    `8` = 19L, `9` = 13L, `10` = 14L, `11` = 7L, `12` = 8L, `13` = 4L, 
    `14` = 9L, `15` = 2L, `16` = 6L, `17` = 7L, `18` = 4L, `19` = 3L, 
    `20` = 2L, `21` = 6L, `22` = 2L, `23` = 1L, `25` = 1L, `26` = 1L, 
    `28` = 1L, `29` = 2L, `30` = 1L, `35` = 1L, `37` = 1L, `38` = 1L
    ), .Dim = 31L, .Dimnames = list(TagUsage = c("1", "2", "3", 
    "4", "5", "6", "7", "8", "9", "10", "11", "12", "13", "14", 
    "15", "16", "17", "18", "19", "20", "21", "22", "23", "25", 
    "26", "28", "29", "30", "35", "37", "38")), class = "table"), 
    No.Tag = structure(c(0L, 1L, 102L, 1L, 2L, 0L, 0L, 1L, 0L, 
    0L, 0L, 0L, 3L, 0L, 0L), .Dim = c(5L, 3L), .Dimnames = structure(list(
        c("-2", "-1", "0", "1", NA), c("A", "G", NA)), .Names = c("", 
    "")), class = "table"), All.Tags = list(Concordant = list(
        Freqs = structure(c(0, 1, 373, 4, 0, 0, 1, 0), .Dim = c(4L, 
        2L), .Dimnames = list(c("-2", "-1", "0", "1"), c("A", 
        "G"))), N = 379), Majority = list(Freqs = structure(c(0, 
    1, 412, 5, 0, 0, 1, 0), .Dim = c(4L, 2L), .Dimnames = list(
        c("-2", "-1", "0", "1"), c("A", "G"))), N = 419)), `2` = structure(c(0, 
    0, 318, 2, 0, 0, 0, 0), .Dim = c(4L, 2L), .Dimnames = list(
        c("-2", "-1", "0", "1"), c("A", "G"))))))
