Results <-
list(`bwa.out//20220204//Control13_S6.sam` = list(GM14_SNP1 = list(
    All = list(Freqs = structure(c(29L, 677L, 7L, 1L, 14L, 669L, 
    5L, 3L, 0L, 11L, 0L, 0L), .Dim = 4:3, .Dimnames = structure(list(
        c("-1", "0", "1", NA), c("C", "T", NA)), .Names = c("", 
    "")), class = "table"), N = 1416L), Tag.Distribution = structure(c(`1` = 63L, 
    `2` = 33L, `3` = 34L, `4` = 19L, `5` = 24L, `6` = 12L, `7` = 14L, 
    `8` = 6L, `9` = 15L, `10` = 5L, `11` = 6L, `12` = 3L, `13` = 2L, 
    `14` = 2L, `15` = 3L, `16` = 1L, `17` = 3L, `18` = 3L, `20` = 1L, 
    `21` = 2L, `22` = 1L, `23` = 1L, `24` = 1L, `25` = 1L, `29` = 1L, 
    `37` = 1L), .Dim = 26L, .Dimnames = list(TagUsage = c("1", 
    "2", "3", "4", "5", "6", "7", "8", "9", "10", "11", "12", 
    "13", "14", "15", "16", "17", "18", "20", "21", "22", "23", 
    "24", "25", "29", "37")), class = "table"), No.Tag = structure(c(1L, 
    18L, 1L, 1L, 0L, 20L, 0L, 0L, 0L, 1L, 0L, 0L), .Dim = 4:3, .Dimnames = structure(list(
        c("-1", "0", "1", NA), c("C", "T", NA)), .Names = c("", 
    "")), class = "table"), All.Tags = list(Concordant = list(
        Freqs = structure(c(1, 111, 0, 1, 102, 0), .Dim = 3:2, .Dimnames = list(
            c("-1", "0", "1"), c("C", "T"))), N = 215), Majority = list(
        Freqs = structure(c(2, 129, 0, 1, 121, 0), .Dim = 3:2, .Dimnames = list(
            c("-1", "0", "1"), c("C", "T"))), N = 253)), `2` = structure(c(1, 
    95, 0, 1, 94, 0), .Dim = 3:2, .Dimnames = list(c("-1", "0", 
    "1"), c("C", "T"))))))
