Results <-
list(`bwa.out//20220204//BlindCMMRD110_S36.sam` = list(LR44_SNP1 = list(
    All = list(Freqs = structure(c(0L, 0L, 1L, 0L, 0L, 0L, 11L, 
    190L, 2992L, 34L, 1L, 18L, 7L, 232L, 2852L, 45L, 1L, 21L, 
    0L, 3L, 64L, 1L, 0L, 0L), .Dim = c(6L, 4L), .Dimnames = structure(list(
        c("-2", "-1", "0", "1", "2", NA), c("A", "C", "T", NA
        )), .Names = c("", "")), class = "table"), N = 6473L), 
    Tag.Distribution = structure(c(`1` = 185L, `2` = 157L, `3` = 135L, 
    `4` = 130L, `5` = 117L, `6` = 99L, `7` = 85L, `8` = 63L, 
    `9` = 49L, `10` = 38L, `11` = 39L, `12` = 28L, `13` = 17L, 
    `14` = 12L, `15` = 7L, `16` = 8L, `17` = 5L, `18` = 4L, `19` = 5L, 
    `20` = 2L, `22` = 1L, `23` = 1L, `28` = 1L), .Dim = 23L, .Dimnames = list(
        TagUsage = c("1", "2", "3", "4", "5", "6", "7", "8", 
        "9", "10", "11", "12", "13", "14", "15", "16", "17", 
        "18", "19", "20", "22", "23", "28")), class = "table"), 
    No.Tag = structure(c(0L, 0L, 0L, 0L, 0L, 0L, 0L, 9L, 105L, 
    0L, 0L, 1L, 0L, 6L, 71L, 1L, 0L, 0L, 0L, 1L, 4L, 0L, 0L, 
    0L), .Dim = c(6L, 4L), .Dimnames = structure(list(c("-2", 
    "-1", "0", "1", "2", NA), c("A", "C", "T", NA)), .Names = c("", 
    "")), class = "table"), All.Tags = list(Concordant = list(
        Freqs = structure(c(0, 0, 0, 0, 0, 0, 8, 390, 1, 0, 1, 
        9, 356, 0, 0), .Dim = c(5L, 3L), .Dimnames = list(c("-2", 
        "-1", "0", "1", "2"), c("A", "C", "T"))), N = 765), Majority = list(
        Freqs = structure(c(0, 0, 0, 0, 0, 0, 9, 560, 1, 0, 1, 
        10, 550, 0, 0), .Dim = c(5L, 3L), .Dimnames = list(c("-2", 
        "-1", "0", "1", "2"), c("A", "C", "T"))), N = 1131)), 
    `2` = structure(c(0, 0, 0, 0, 0, 0, 2, 470, 0, 0, 0, 4, 480, 
    0, 0), .Dim = c(5L, 3L), .Dimnames = list(c("-2", "-1", "0", 
    "1", "2"), c("A", "C", "T"))))))
