Results <-
list(`bwa.out//20220204//Control20_S13.sam` = list(LR46_SNP1 = list(
    All = list(Freqs = structure(c(0L, 2L, 1310L, 4L, 4L, 1L, 
    13L, 1556L, 2L, 1L, 0L, 0L, 8L, 0L, 0L), .Dim = c(5L, 3L), .Dimnames = structure(list(
        c("-2", "-1", "0", "1", NA), c("G", "T", NA)), .Names = c("", 
    "")), class = "table"), N = 2901L), Tag.Distribution = structure(c(`1` = 113L, 
    `2` = 36L, `3` = 25L, `4` = 21L, `5` = 25L, `6` = 21L, `7` = 18L, 
    `8` = 12L, `9` = 18L, `10` = 12L, `11` = 10L, `12` = 7L, 
    `13` = 10L, `14` = 6L, `15` = 7L, `16` = 2L, `17` = 3L, `18` = 4L, 
    `19` = 7L, `20` = 4L, `21` = 3L, `22` = 3L, `23` = 3L, `24` = 1L, 
    `25` = 2L, `26` = 2L, `27` = 6L, `29` = 1L, `32` = 4L, `33` = 1L, 
    `37` = 1L), .Dim = 31L, .Dimnames = list(TagUsage = c("1", 
    "2", "3", "4", "5", "6", "7", "8", "9", "10", "11", "12", 
    "13", "14", "15", "16", "17", "18", "19", "20", "21", "22", 
    "23", "24", "25", "26", "27", "29", "32", "33", "37")), class = "table"), 
    No.Tag = structure(c(0L, 0L, 81L, 0L, 0L, 1L, 0L, 124L, 0L, 
    0L, 0L, 0L, 2L, 0L, 0L), .Dim = c(5L, 3L), .Dimnames = structure(list(
        c("-2", "-1", "0", "1", NA), c("G", "T", NA)), .Names = c("", 
    "")), class = "table"), All.Tags = list(Concordant = list(
        Freqs = structure(c(0, 0, 170, 0, 0, 0, 184, 0), .Dim = c(4L, 
        2L), .Dimnames = list(c("-2", "-1", "0", "1"), c("G", 
        "T"))), N = 354), Majority = list(Freqs = structure(c(0, 
    0, 183, 0, 0, 0, 199, 0), .Dim = c(4L, 2L), .Dimnames = list(
        c("-2", "-1", "0", "1"), c("G", "T"))), N = 382)), `2` = structure(c(0, 
    0, 128, 0, 0, 0, 144, 0), .Dim = c(4L, 2L), .Dimnames = list(
        c("-2", "-1", "0", "1"), c("G", "T"))))))
