Results <-
list(`bwa.out//20220204//BlindCMMRD49_S9.sam` = list(LR40_SNP1 = list(
    All = list(Freqs = structure(c(0L, 0L, 1L, 0L, 0L, 1L, 104L, 
    5559L, 17L, 9L, 0L, 0L, 1L, 0L, 0L, 0L, 0L, 1L, 0L, 0L, 0L, 
    1L, 34L, 1L, 0L), .Dim = c(5L, 5L), .Dimnames = structure(list(
        c("-2", "-1", "0", "1", NA), c("A", "C", "G", "T", NA
        )), .Names = c("", "")), class = "table"), N = 5729L), 
    Tag.Distribution = structure(c(`1` = 70L, `2` = 11L, `3` = 14L, 
    `4` = 15L, `5` = 12L, `6` = 7L, `7` = 10L, `8` = 14L, `9` = 12L, 
    `10` = 6L, `11` = 4L, `12` = 7L, `13` = 3L, `14` = 6L, `15` = 12L, 
    `16` = 4L, `17` = 2L, `18` = 6L, `19` = 4L, `20` = 7L, `21` = 7L, 
    `22` = 4L, `23` = 4L, `24` = 3L, `25` = 4L, `26` = 2L, `27` = 5L, 
    `28` = 5L, `29` = 6L, `30` = 2L, `31` = 2L, `32` = 2L, `33` = 4L, 
    `34` = 1L, `36` = 3L, `37` = 1L, `38` = 3L, `40` = 2L, `41` = 1L, 
    `42` = 1L, `43` = 2L, `44` = 2L, `45` = 4L, `46` = 1L, `49` = 1L, 
    `50` = 1L, `51` = 2L, `53` = 3L, `59` = 1L, `60` = 1L, `61` = 2L, 
    `62` = 1L, `63` = 1L, `67` = 4L, `70` = 3L, `71` = 1L, `75` = 2L, 
    `76` = 1L, `82` = 1L, `83` = 1L, `98` = 1L, `112` = 1L), .Dim = 62L, .Dimnames = list(
        TagUsage = c("1", "2", "3", "4", "5", "6", "7", "8", 
        "9", "10", "11", "12", "13", "14", "15", "16", "17", 
        "18", "19", "20", "21", "22", "23", "24", "25", "26", 
        "27", "28", "29", "30", "31", "32", "33", "34", "36", 
        "37", "38", "40", "41", "42", "43", "44", "45", "46", 
        "49", "50", "51", "53", "59", "60", "61", "62", "63", 
        "67", "70", "71", "75", "76", "82", "83", "98", "112"
        )), class = "table"), No.Tag = structure(c(0L, 0L, 0L, 
    0L, 0L, 0L, 3L, 168L, 1L, 2L, 0L, 0L, 0L, 0L, 0L, 0L, 0L, 
    0L, 0L, 0L, 0L, 0L, 6L, 0L, 0L), .Dim = c(5L, 5L), .Dimnames = structure(list(
        c("-2", "-1", "0", "1", NA), c("A", "C", "G", "T", NA
        )), .Names = c("", "")), class = "table"), All.Tags = list(
        Concordant = list(Freqs = structure(c(0, 0, 1, 0, 0, 
        3, 260, 0, 0, 0, 0, 0, 0, 0, 0, 0), .Dim = c(4L, 4L), .Dimnames = list(
            c("-2", "-1", "0", "1"), c("A", "C", "G", "T"))), 
            N = 264), Majority = list(Freqs = structure(c(0, 
        0, 1, 0, 0, 3, 318, 0, 0, 0, 0, 0, 0, 0, 0, 0), .Dim = c(4L, 
        4L), .Dimnames = list(c("-2", "-1", "0", "1"), c("A", 
        "C", "G", "T"))), N = 322)), `2` = structure(c(0, 0, 
    0, 0, 0, 2, 253, 0, 0, 0, 0, 0, 0, 0, 0, 0), .Dim = c(4L, 
    4L), .Dimnames = list(c("-2", "-1", "0", "1"), c("A", "C", 
    "G", "T"))))))
