Results <-
list(`bwa.out//20220204//BlindCMMRD84_S43.sam` = list(LR49_SNP1 = list(
    All = list(Freqs = structure(c(2L, 2256L, 0L, 1L, 3L, 2155L, 
    2L, 4L, 0L, 1L, 0L, 0L, 0L, 24L, 0L, 0L), .Dim = c(4L, 4L
    ), .Dimnames = structure(list(c("-1", "0", "1", NA), c("A", 
    "G", "T", NA)), .Names = c("", "")), class = "table"), N = 4448L), 
    Tag.Distribution = structure(c(`1` = 114L, `2` = 68L, `3` = 42L, 
    `4` = 50L, `5` = 46L, `6` = 37L, `7` = 34L, `8` = 36L, `9` = 20L, 
    `10` = 23L, `11` = 18L, `12` = 13L, `13` = 21L, `14` = 9L, 
    `15` = 9L, `16` = 9L, `17` = 8L, `18` = 6L, `19` = 5L, `20` = 9L, 
    `21` = 4L, `22` = 2L, `23` = 2L, `24` = 4L, `25` = 1L, `26` = 2L, 
    `27` = 2L, `29` = 1L, `30` = 1L, `33` = 3L, `34` = 1L, `35` = 2L, 
    `36` = 2L, `37` = 1L, `39` = 1L, `46` = 1L), .Dim = 36L, .Dimnames = list(
        TagUsage = c("1", "2", "3", "4", "5", "6", "7", "8", 
        "9", "10", "11", "12", "13", "14", "15", "16", "17", 
        "18", "19", "20", "21", "22", "23", "24", "25", "26", 
        "27", "29", "30", "33", "34", "35", "36", "37", "39", 
        "46")), class = "table"), No.Tag = structure(c(0L, 33L, 
    0L, 0L, 0L, 37L, 0L, 3L, 0L, 0L, 0L, 0L, 0L, 3L, 0L, 0L), .Dim = c(4L, 
    4L), .Dimnames = structure(list(c("-1", "0", "1", NA), c("A", 
    "G", "T", NA)), .Names = c("", "")), class = "table"), All.Tags = list(
        Concordant = list(Freqs = structure(c(0, 261, 0, 0, 297, 
        0, 0, 0, 0), .Dim = c(3L, 3L), .Dimnames = list(c("-1", 
        "0", "1"), c("A", "G", "T"))), N = 558), Majority = list(
            Freqs = structure(c(0, 279, 0, 0, 319, 0, 0, 0, 0
            ), .Dim = c(3L, 3L), .Dimnames = list(c("-1", "0", 
            "1"), c("A", "G", "T"))), N = 598)), `2` = structure(c(0, 
    236, 0, 0, 253, 0, 0, 0, 0), .Dim = c(3L, 3L), .Dimnames = list(
        c("-1", "0", "1"), c("A", "G", "T"))))))
