Results <-
list(`bwa.out//20220204//BlindCMMRD45_S5.sam` = list(IM16_SNP1 = list(
    All = list(Freqs = structure(c(1L, 2L, 60L, 5264L, 56L, 1L, 
    0L, 0L, 1L, 6L, 0L, 0L, 0L, 0L, 0L, 36L, 2L, 0L), .Dim = c(6L, 
    3L), .Dimnames = structure(list(c("-5", "-2", "-1", "0", 
    "1", NA), c("A", "G", NA)), .Names = c("", "")), class = "table"), 
        N = 5429L), Tag.Distribution = structure(c(`1` = 92L, 
    `2` = 29L, `3` = 28L, `4` = 23L, `5` = 23L, `6` = 20L, `7` = 16L, 
    `8` = 21L, `9` = 14L, `10` = 18L, `11` = 8L, `12` = 15L, 
    `13` = 8L, `14` = 9L, `15` = 10L, `16` = 7L, `17` = 11L, 
    `18` = 5L, `19` = 8L, `20` = 4L, `21` = 3L, `22` = 3L, `23` = 2L, 
    `24` = 7L, `25` = 4L, `26` = 1L, `27` = 4L, `28` = 6L, `29` = 4L, 
    `30` = 2L, `31` = 4L, `32` = 2L, `33` = 4L, `34` = 3L, `35` = 2L, 
    `36` = 1L, `37` = 4L, `38` = 2L, `39` = 3L, `40` = 1L, `41` = 2L, 
    `42` = 3L, `43` = 2L, `44` = 3L, `45` = 1L, `46` = 2L, `47` = 1L, 
    `48` = 1L, `49` = 1L, `50` = 1L, `55` = 2L, `58` = 1L, `68` = 1L, 
    `73` = 1L), .Dim = 54L, .Dimnames = list(TagUsage = c("1", 
    "2", "3", "4", "5", "6", "7", "8", "9", "10", "11", "12", 
    "13", "14", "15", "16", "17", "18", "19", "20", "21", "22", 
    "23", "24", "25", "26", "27", "28", "29", "30", "31", "32", 
    "33", "34", "35", "36", "37", "38", "39", "40", "41", "42", 
    "43", "44", "45", "46", "47", "48", "49", "50", "55", "58", 
    "68", "73")), class = "table"), No.Tag = structure(c(0L, 
    0L, 0L, 113L, 0L, 0L, 0L, 0L, 0L, 0L, 0L, 0L, 0L, 0L, 0L, 
    4L, 0L, 0L), .Dim = c(6L, 3L), .Dimnames = structure(list(
        c("-5", "-2", "-1", "0", "1", NA), c("A", "G", NA)), .Names = c("", 
    "")), class = "table"), All.Tags = list(Concordant = list(
        Freqs = structure(c(0, 0, 1, 356, 2, 0, 0, 1, 4, 0), .Dim = c(5L, 
        2L), .Dimnames = list(c("-5", "-2", "-1", "0", "1"), 
            c("A", "G"))), N = 364), Majority = list(Freqs = structure(c(0, 
    0, 1, 436, 3, 0, 0, 1, 4, 0), .Dim = c(5L, 2L), .Dimnames = list(
        c("-5", "-2", "-1", "0", "1"), c("A", "G"))), N = 445)), 
    `2` = structure(c(0, 0, 1, 356, 1, 0, 0, 0, 0, 0), .Dim = c(5L, 
    2L), .Dimnames = list(c("-5", "-2", "-1", "0", "1"), c("A", 
    "G"))))))
