Results <-
list(`bwa.out//20220204//BlindCMMRD84_S43.sam` = list(IM49_SNP1 = list(
    All = list(Freqs = structure(c(0L, 0L, 1L, 0L, 0L, 0L, 1L, 
    58L, 1735L, 44L, 0L, 18L, 3L, 42L, 1396L, 36L, 1L, 8L, 0L, 
    3L, 230L, 5L, 0L, 0L), .Dim = c(6L, 4L), .Dimnames = structure(list(
        c("-2", "-1", "0", "1", "2", NA), c("A", "C", "G", NA
        )), .Names = c("", "")), class = "table"), N = 3581L), 
    Tag.Distribution = structure(c(`1` = 191L, `2` = 49L, `3` = 55L, 
    `4` = 42L, `5` = 45L, `6` = 44L, `7` = 16L, `8` = 16L, `9` = 21L, 
    `10` = 17L, `11` = 10L, `12` = 20L, `13` = 8L, `14` = 10L, 
    `15` = 11L, `16` = 9L, `17` = 10L, `18` = 1L, `19` = 2L, 
    `20` = 4L, `21` = 2L, `22` = 1L, `23` = 2L, `24` = 2L, `25` = 4L, 
    `26` = 1L, `27` = 3L, `29` = 1L, `30` = 2L, `37` = 1L, `45` = 1L, 
    `50` = 1L), .Dim = 32L, .Dimnames = list(TagUsage = c("1", 
    "2", "3", "4", "5", "6", "7", "8", "9", "10", "11", "12", 
    "13", "14", "15", "16", "17", "18", "19", "20", "21", "22", 
    "23", "24", "25", "26", "27", "29", "30", "37", "45", "50"
    )), class = "table"), No.Tag = structure(c(0L, 0L, 0L, 0L, 
    0L, 0L, 0L, 0L, 35L, 1L, 0L, 0L, 0L, 1L, 32L, 1L, 0L, 0L, 
    0L, 0L, 6L, 0L, 0L, 0L), .Dim = c(6L, 4L), .Dimnames = structure(list(
        c("-2", "-1", "0", "1", "2", NA), c("A", "C", "G", NA
        )), .Names = c("", "")), class = "table"), All.Tags = list(
        Concordant = list(Freqs = structure(c(0, 0, 0, 0, 0, 
        0, 5, 217, 4, 0, 0, 4, 186, 2, 0), .Dim = c(5L, 3L), .Dimnames = list(
            c("-2", "-1", "0", "1", "2"), c("A", "C", "G"))), 
            N = 418), Majority = list(Freqs = structure(c(0, 
        0, 0, 0, 0, 0, 6, 290, 5, 0, 1, 4, 237, 2, 0), .Dim = c(5L, 
        3L), .Dimnames = list(c("-2", "-1", "0", "1", "2"), c("A", 
        "C", "G"))), N = 545)), `2` = structure(c(0, 0, 0, 0, 
    0, 0, 2, 220, 2, 0, 1, 1, 179, 0, 0), .Dim = c(5L, 3L), .Dimnames = list(
        c("-2", "-1", "0", "1", "2"), c("A", "C", "G"))))))
