Results <-
list(`bwa.out//20220204//BlindCMMRD133_S59.sam` = list(GM22_SNP1 = list(
    All = list(Freqs = structure(c(39L, 2940L, 6L, 9L, 37L, 2633L, 
    9L, 8L, 1L, 58L, 1L, 0L), .Dim = 4:3, .Dimnames = structure(list(
        c("-1", "0", "1", NA), c("A", "G", NA)), .Names = c("", 
    "")), class = "table"), N = 5741L), Tag.Distribution = structure(c(`1` = 206L, 
    `2` = 174L, `3` = 156L, `4` = 118L, `5` = 123L, `6` = 81L, 
    `7` = 77L, `8` = 67L, `9` = 44L, `10` = 28L, `11` = 23L, 
    `12` = 17L, `13` = 17L, `14` = 11L, `15` = 5L, `16` = 1L, 
    `17` = 8L, `18` = 2L, `19` = 3L, `20` = 3L, `21` = 3L), .Dim = 21L, .Dimnames = list(
        TagUsage = c("1", "2", "3", "4", "5", "6", "7", "8", 
        "9", "10", "11", "12", "13", "14", "15", "16", "17", 
        "18", "19", "20", "21")), class = "table"), No.Tag = structure(c(2L, 
    76L, 0L, 0L, 0L, 37L, 0L, 0L, 0L, 5L, 0L, 0L), .Dim = 4:3, .Dimnames = structure(list(
        c("-1", "0", "1", NA), c("A", "G", NA)), .Names = c("", 
    "")), class = "table"), All.Tags = list(Concordant = list(
        Freqs = structure(c(3, 493, 0, 2, 481, 0), .Dim = 3:2, .Dimnames = list(
            c("-1", "0", "1"), c("A", "G"))), N = 979), Majority = list(
        Freqs = structure(c(3, 572, 0, 2, 558, 0), .Dim = 3:2, .Dimnames = list(
            c("-1", "0", "1"), c("A", "G"))), N = 1135)), `2` = structure(c(0, 
    480, 0, 1, 454, 0), .Dim = 3:2, .Dimnames = list(c("-1", 
    "0", "1"), c("A", "G"))))))
