Results <-
list(`bwa.out//20220204//BlindCMMRD78_S37.sam` = list(GM22_SNP1 = list(
    All = list(Freqs = structure(c(2L, 57L, 4770L, 19L, 14L, 
    0L, 0L, 1L, 0L, 0L, 0L, 1L, 46L, 0L, 0L), .Dim = c(5L, 3L
    ), .Dimnames = structure(list(c("-2", "-1", "0", "1", NA), 
        c("A", "G", NA)), .Names = c("", "")), class = "table"), 
        N = 4910L), Tag.Distribution = structure(c(`1` = 121L, 
    `2` = 51L, `3` = 57L, `4` = 40L, `5` = 43L, `6` = 42L, `7` = 28L, 
    `8` = 28L, `9` = 31L, `10` = 21L, `11` = 19L, `12` = 17L, 
    `13` = 18L, `14` = 15L, `15` = 17L, `16` = 12L, `17` = 12L, 
    `18` = 12L, `19` = 7L, `20` = 7L, `21` = 4L, `22` = 2L, `24` = 6L, 
    `25` = 2L, `26` = 5L, `27` = 3L, `28` = 3L, `29` = 1L, `31` = 1L, 
    `32` = 1L, `33` = 2L, `35` = 1L, `39` = 1L, `40` = 2L), .Dim = 34L, .Dimnames = list(
        TagUsage = c("1", "2", "3", "4", "5", "6", "7", "8", 
        "9", "10", "11", "12", "13", "14", "15", "16", "17", 
        "18", "19", "20", "21", "22", "24", "25", "26", "27", 
        "28", "29", "31", "32", "33", "35", "39", "40")), class = "table"), 
    No.Tag = structure(c(0L, 1L, 52L, 0L, 0L, 0L, 0L, 0L, 0L, 
    0L, 0L, 0L, 1L, 0L, 0L), .Dim = c(5L, 3L), .Dimnames = structure(list(
        c("-2", "-1", "0", "1", NA), c("A", "G", NA)), .Names = c("", 
    "")), class = "table"), All.Tags = list(Concordant = list(
        Freqs = structure(c(0, 2, 558, 0, 0, 0, 0, 0), .Dim = c(4L, 
        2L), .Dimnames = list(c("-2", "-1", "0", "1"), c("A", 
        "G"))), N = 560), Majority = list(Freqs = structure(c(0, 
    3, 622, 0, 0, 0, 0, 0), .Dim = c(4L, 2L), .Dimnames = list(
        c("-2", "-1", "0", "1"), c("A", "G"))), N = 625)), `2` = structure(c(0, 
    3, 506, 0, 0, 0, 0, 0), .Dim = c(4L, 2L), .Dimnames = list(
        c("-2", "-1", "0", "1"), c("A", "G"))))))
