Results <-
list(`bwa.out//20220204//Control16_S9.sam` = list(IM49_SNP1 = list(
    All = list(Freqs = structure(c(0L, 0L, 3L, 0L, 0L, 1L, 84L, 
    2037L, 43L, 7L, 0L, 2L, 132L, 1L, 0L), .Dim = c(5L, 3L), .Dimnames = structure(list(
        c("-2", "-1", "0", "1", NA), c("C", "G", NA)), .Names = c("", 
    "")), class = "table"), N = 2310L), Tag.Distribution = structure(c(`1` = 189L, 
    `2` = 51L, `3` = 35L, `4` = 39L, `5` = 28L, `6` = 26L, `7` = 27L, 
    `8` = 12L, `9` = 22L, `10` = 11L, `11` = 8L, `12` = 12L, 
    `13` = 4L, `14` = 5L, `15` = 3L, `16` = 1L, `17` = 1L, `18` = 3L, 
    `19` = 2L, `20` = 1L, `21` = 3L, `23` = 3L, `24` = 2L, `26` = 1L, 
    `29` = 1L, `37` = 1L), .Dim = 26L, .Dimnames = list(TagUsage = c("1", 
    "2", "3", "4", "5", "6", "7", "8", "9", "10", "11", "12", 
    "13", "14", "15", "16", "17", "18", "19", "20", "21", "23", 
    "24", "26", "29", "37")), class = "table"), No.Tag = structure(c(0L, 
    0L, 0L, 0L, 0L, 0L, 2L, 45L, 1L, 0L, 0L, 0L, 5L, 0L, 0L), .Dim = c(5L, 
    3L), .Dimnames = structure(list(c("-2", "-1", "0", "1", NA
    ), c("C", "G", NA)), .Names = c("", "")), class = "table"), 
    All.Tags = list(Concordant = list(Freqs = structure(c(0, 
    0, 3, 0, 0, 5, 366, 0), .Dim = c(4L, 2L), .Dimnames = list(
        c("-2", "-1", "0", "1"), c("C", "G"))), N = 374), Majority = list(
        Freqs = structure(c(0, 0, 3, 0, 0, 8, 428, 1), .Dim = c(4L, 
        2L), .Dimnames = list(c("-2", "-1", "0", "1"), c("C", 
        "G"))), N = 440)), `2` = structure(c(0, 0, 0, 0, 0, 3, 
    292, 1), .Dim = c(4L, 2L), .Dimnames = list(c("-2", "-1", 
    "0", "1"), c("C", "G"))))))
