Results <-
list(`bwa.out//20220204//BlindCMMRD65_S24.sam` = list(LR17_SNP1 = list(
    All = list(Freqs = structure(c(11L, 178L, 3135L, 47L, 18L, 
    0L, 0L, 3L, 0L, 0L, 0L, 4L, 153L, 0L, 0L), .Dim = c(5L, 3L
    ), .Dimnames = structure(list(c("-2", "-1", "0", "1", NA), 
        c("A", "G", NA)), .Names = c("", "")), class = "table"), 
        N = 3549L), Tag.Distribution = structure(c(`1` = 83L, 
    `2` = 25L, `3` = 29L, `4` = 21L, `5` = 31L, `6` = 21L, `7` = 29L, 
    `8` = 24L, `9` = 15L, `10` = 23L, `11` = 13L, `12` = 15L, 
    `13` = 16L, `14` = 17L, `15` = 15L, `16` = 4L, `17` = 14L, 
    `18` = 4L, `19` = 6L, `20` = 3L, `21` = 4L, `22` = 2L, `23` = 4L, 
    `24` = 4L, `26` = 2L, `30` = 3L, `31` = 1L, `39` = 1L, `44` = 1L
    ), .Dim = 29L, .Dimnames = list(TagUsage = c("1", "2", "3", 
    "4", "5", "6", "7", "8", "9", "10", "11", "12", "13", "14", 
    "15", "16", "17", "18", "19", "20", "21", "22", "23", "24", 
    "26", "30", "31", "39", "44")), class = "table"), No.Tag = structure(c(0L, 
    4L, 83L, 1L, 1L, 0L, 0L, 0L, 0L, 0L, 0L, 0L, 1L, 0L, 0L), .Dim = c(5L, 
    3L), .Dimnames = structure(list(c("-2", "-1", "0", "1", NA
    ), c("A", "G", NA)), .Names = c("", "")), class = "table"), 
    All.Tags = list(Concordant = list(Freqs = structure(c(0, 
    7, 304, 0, 0, 0, 0, 0), .Dim = c(4L, 2L), .Dimnames = list(
        c("-2", "-1", "0", "1"), c("A", "G"))), N = 311), Majority = list(
        Freqs = structure(c(0, 11, 408, 0, 0, 0, 0, 0), .Dim = c(4L, 
        2L), .Dimnames = list(c("-2", "-1", "0", "1"), c("A", 
        "G"))), N = 419)), `2` = structure(c(0, 7, 336, 0, 0, 
    0, 0, 0), .Dim = c(4L, 2L), .Dimnames = list(c("-2", "-1", 
    "0", "1"), c("A", "G"))))))
