Results <-
list(`bwa.out//20220204//17D1520_S5.sam` = list(GM22_SNP1 = list(
    All = list(Freqs = structure(c(2L, 54L, 4372L, 13L, 1L, 10L, 
    0L, 2L, 62L, 1L, 0L, 0L), .Dim = c(6L, 2L), .Dimnames = structure(list(
        c("-2", "-1", "0", "1", "2", NA), c("A", NA)), .Names = c("", 
    "")), class = "table"), N = 4517L), Tag.Distribution = structure(c(`1` = 165L, 
    `2` = 55L, `3` = 56L, `4` = 38L, `5` = 33L, `6` = 33L, `7` = 15L, 
    `8` = 36L, `9` = 16L, `10` = 19L, `11` = 13L, `12` = 6L, 
    `13` = 11L, `14` = 7L, `15` = 6L, `16` = 5L, `17` = 6L, `18` = 5L, 
    `19` = 7L, `20` = 4L, `21` = 7L, `22` = 2L, `23` = 5L, `24` = 6L, 
    `25` = 4L, `26` = 2L, `27` = 5L, `28` = 4L, `29` = 1L, `30` = 3L, 
    `31` = 2L, `32` = 1L, `33` = 1L, `34` = 2L, `36` = 4L, `37` = 3L, 
    `38` = 1L, `39` = 1L, `40` = 1L, `41` = 1L, `42` = 1L, `43` = 1L, 
    `46` = 1L), .Dim = 43L, .Dimnames = list(TagUsage = c("1", 
    "2", "3", "4", "5", "6", "7", "8", "9", "10", "11", "12", 
    "13", "14", "15", "16", "17", "18", "19", "20", "21", "22", 
    "23", "24", "25", "26", "27", "28", "29", "30", "31", "32", 
    "33", "34", "36", "37", "38", "39", "40", "41", "42", "43", 
    "46")), class = "table"), No.Tag = structure(c(0L, 1L, 90L, 
    2L, 0L, 0L, 0L, 0L, 1L, 0L, 0L, 0L), .Dim = c(6L, 2L), .Dimnames = structure(list(
        c("-2", "-1", "0", "1", "2", NA), c("A", NA)), .Names = c("", 
    "")), class = "table"), All.Tags = list(Concordant = list(
        Freqs = structure(c(0, 4, 521, 0, 0), .Dim = c(5L, 1L
        ), .Dimnames = list(c("-2", "-1", "0", "1", "2"), "A")), 
        N = 525), Majority = list(Freqs = structure(c(0, 5, 576, 
    0, 0), .Dim = c(5L, 1L), .Dimnames = list(c("-2", "-1", "0", 
    "1", "2"), "A")), N = 581)), `2` = structure(c(0, 1, 426, 
    0, 0), .Dim = c(5L, 1L), .Dimnames = list(c("-2", "-1", "0", 
    "1", "2"), "A")))))
