Results <-
list(`bwa.out//20220204//BlindCMMRD80_S39.sam` = list(GM09_SNP1 = list(
    All = list(Freqs = structure(c(0L, 1L, 0L, 0L, 31L, 4803L, 
    10L, 3L, 0L, 1L, 0L, 0L, 0L, 36L, 0L, 0L), .Dim = c(4L, 4L
    ), .Dimnames = structure(list(c("-1", "0", "1", NA), c("A", 
    "G", "T", NA)), .Names = c("", "")), class = "table"), N = 4885L), 
    Tag.Distribution = structure(c(`1` = 146L, `2` = 99L, `3` = 73L, 
    `4` = 61L, `5` = 64L, `6` = 46L, `7` = 43L, `8` = 30L, `9` = 29L, 
    `10` = 19L, `11` = 33L, `12` = 17L, `13` = 20L, `14` = 17L, 
    `15` = 7L, `16` = 10L, `17` = 12L, `18` = 7L, `19` = 9L, 
    `20` = 2L, `21` = 3L, `22` = 4L, `23` = 2L, `24` = 3L, `25` = 2L, 
    `26` = 3L, `27` = 1L, `30` = 2L, `34` = 1L, `40` = 1L), .Dim = 30L, .Dimnames = list(
        TagUsage = c("1", "2", "3", "4", "5", "6", "7", "8", 
        "9", "10", "11", "12", "13", "14", "15", "16", "17", 
        "18", "19", "20", "21", "22", "23", "24", "25", "26", 
        "27", "30", "34", "40")), class = "table"), No.Tag = structure(c(0L, 
    0L, 0L, 0L, 0L, 58L, 0L, 0L, 0L, 0L, 0L, 0L, 0L, 3L, 0L, 
    0L), .Dim = c(4L, 4L), .Dimnames = structure(list(c("-1", 
    "0", "1", NA), c("A", "G", "T", NA)), .Names = c("", "")), class = "table"), 
    All.Tags = list(Concordant = list(Freqs = structure(c(0, 
    1, 0, 2, 721, 3, 0, 0, 0), .Dim = c(3L, 3L), .Dimnames = list(
        c("-1", "0", "1"), c("A", "G", "T"))), N = 727), Majority = list(
        Freqs = structure(c(0, 1, 0, 2, 753, 3, 0, 0, 0), .Dim = c(3L, 
        3L), .Dimnames = list(c("-1", "0", "1"), c("A", "G", 
        "T"))), N = 759)), `2` = structure(c(0, 0, 0, 0, 616, 
    1, 0, 0, 0), .Dim = c(3L, 3L), .Dimnames = list(c("-1", "0", 
    "1"), c("A", "G", "T"))))))
