Results <-
list(`bwa.out//20220204//BlindCMMRD108_S10.sam` = list(GM11_SNP1 = list(
    All = list(Freqs = structure(c(5L, 1479L, 2L, 2L, 0L, 1L, 
    0L, 0L, 0L, 5L, 0L, 0L), .Dim = 4:3, .Dimnames = structure(list(
        c("-1", "0", "1", NA), c("A", "G", NA)), .Names = c("", 
    "")), class = "table"), N = 1494L), Tag.Distribution = structure(c(`1` = 27L, 
    `2` = 20L, `3` = 23L, `4` = 17L, `5` = 11L, `6` = 10L, `7` = 7L, 
    `8` = 12L, `9` = 7L, `10` = 3L, `11` = 7L, `12` = 6L, `13` = 8L, 
    `14` = 1L, `15` = 4L, `16` = 3L, `17` = 3L, `18` = 1L, `19` = 1L, 
    `20` = 4L, `21` = 2L, `22` = 4L, `23` = 2L, `24` = 1L, `25` = 1L, 
    `26` = 2L, `28` = 2L, `29` = 1L), .Dim = 28L, .Dimnames = list(
        TagUsage = c("1", "2", "3", "4", "5", "6", "7", "8", 
        "9", "10", "11", "12", "13", "14", "15", "16", "17", 
        "18", "19", "20", "21", "22", "23", "24", "25", "26", 
        "28", "29")), class = "table"), No.Tag = structure(c(0L, 
    32L, 0L, 0L, 0L, 0L, 0L, 0L, 0L, 0L, 0L, 0L), .Dim = 4:3, .Dimnames = structure(list(
        c("-1", "0", "1", NA), c("A", "G", NA)), .Names = c("", 
    "")), class = "table"), All.Tags = list(Concordant = list(
        Freqs = structure(c(0, 182, 0, 0, 1, 0), .Dim = 3:2, .Dimnames = list(
            c("-1", "0", "1"), c("A", "G"))), N = 183), Majority = list(
        Freqs = structure(c(0, 189, 0, 0, 1, 0), .Dim = 3:2, .Dimnames = list(
            c("-1", "0", "1"), c("A", "G"))), N = 190)), `2` = structure(c(0, 
    163, 0, 0, 0, 0), .Dim = 3:2, .Dimnames = list(c("-1", "0", 
    "1"), c("A", "G"))))))
