Results <-
list(`bwa.out//20220204//BlindCMMRD99_S58.sam` = list(LR46_SNP1 = list(
    All = list(Freqs = structure(c(0L, 3L, 1213L, 1L, 3L, 1L, 
    2L, 1211L, 8L, 2L, 0L, 0L, 10L, 0L, 0L), .Dim = c(5L, 3L), .Dimnames = structure(list(
        c("-2", "-1", "0", "1", NA), c("G", "T", NA)), .Names = c("", 
    "")), class = "table"), N = 2454L), Tag.Distribution = structure(c(`1` = 94L, 
    `2` = 34L, `3` = 44L, `4` = 19L, `5` = 21L, `6` = 14L, `7` = 6L, 
    `8` = 14L, `9` = 11L, `10` = 9L, `11` = 9L, `12` = 5L, `13` = 7L, 
    `14` = 6L, `15` = 6L, `16` = 1L, `17` = 7L, `18` = 3L, `19` = 2L, 
    `20` = 4L, `21` = 4L, `22` = 2L, `23` = 5L, `24` = 2L, `25` = 1L, 
    `26` = 3L, `28` = 1L, `30` = 1L, `31` = 3L, `32` = 1L, `33` = 1L, 
    `34` = 1L, `36` = 1L, `41` = 2L), .Dim = 34L, .Dimnames = list(
        TagUsage = c("1", "2", "3", "4", "5", "6", "7", "8", 
        "9", "10", "11", "12", "13", "14", "15", "16", "17", 
        "18", "19", "20", "21", "22", "23", "24", "25", "26", 
        "28", "30", "31", "32", "33", "34", "36", "41")), class = "table"), 
    No.Tag = structure(c(0L, 0L, 27L, 0L, 1L, 0L, 0L, 30L, 0L, 
    0L, 0L, 0L, 1L, 0L, 0L), .Dim = c(5L, 3L), .Dimnames = structure(list(
        c("-2", "-1", "0", "1", NA), c("G", "T", NA)), .Names = c("", 
    "")), class = "table"), All.Tags = list(Concordant = list(
        Freqs = structure(c(0, 0, 152, 0, 0, 0, 174, 0), .Dim = c(4L, 
        2L), .Dimnames = list(c("-2", "-1", "0", "1"), c("G", 
        "T"))), N = 326), Majority = list(Freqs = structure(c(0, 
    0, 162, 0, 0, 0, 180, 0), .Dim = c(4L, 2L), .Dimnames = list(
        c("-2", "-1", "0", "1"), c("G", "T"))), N = 342)), `2` = structure(c(0, 
    0, 121, 0, 0, 0, 128, 0), .Dim = c(4L, 2L), .Dimnames = list(
        c("-2", "-1", "0", "1"), c("G", "T"))))))
