Results <-
list(`bwa.out//20220204//BlindCMMRD64_S23.sam` = list(LR48_SNP1 = list(
    All = list(Freqs = structure(c(1L, 4L, 125L, 4912L, 72L, 
    2L, 26L, 0L, 0L, 0L, 1L, 0L, 0L, 0L, 0L, 0L, 1L, 64L, 3L, 
    0L, 0L), .Dim = c(7L, 3L), .Dimnames = structure(list(c("-3", 
    "-2", "-1", "0", "1", "2", NA), c("C", "T", NA)), .Names = c("", 
    "")), class = "table"), N = 5211L), Tag.Distribution = structure(c(`1` = 94L, 
    `2` = 31L, `3` = 39L, `4` = 24L, `5` = 30L, `6` = 34L, `7` = 14L, 
    `8` = 26L, `9` = 15L, `10` = 16L, `11` = 10L, `12` = 13L, 
    `13` = 10L, `14` = 11L, `15` = 6L, `16` = 8L, `17` = 9L, 
    `18` = 4L, `19` = 11L, `20` = 10L, `21` = 6L, `22` = 10L, 
    `23` = 7L, `24` = 3L, `25` = 5L, `26` = 3L, `27` = 6L, `28` = 4L, 
    `29` = 9L, `30` = 3L, `31` = 3L, `32` = 4L, `33` = 4L, `34` = 1L, 
    `35` = 4L, `36` = 2L, `37` = 3L, `38` = 1L, `40` = 1L, `41` = 1L, 
    `43` = 1L, `44` = 1L, `46` = 1L), .Dim = 43L, .Dimnames = list(
        TagUsage = c("1", "2", "3", "4", "5", "6", "7", "8", 
        "9", "10", "11", "12", "13", "14", "15", "16", "17", 
        "18", "19", "20", "21", "22", "23", "24", "25", "26", 
        "27", "28", "29", "30", "31", "32", "33", "34", "35", 
        "36", "37", "38", "40", "41", "43", "44", "46")), class = "table"), 
    No.Tag = structure(c(0L, 0L, 1L, 109L, 1L, 0L, 0L, 0L, 0L, 
    0L, 0L, 0L, 0L, 0L, 0L, 0L, 0L, 5L, 0L, 0L, 0L), .Dim = c(7L, 
    3L), .Dimnames = structure(list(c("-3", "-2", "-1", "0", 
    "1", "2", NA), c("C", "T", NA)), .Names = c("", "")), class = "table"), 
    All.Tags = list(Concordant = list(Freqs = structure(c(0, 
    0, 1, 367, 0, 0, 0, 0, 0, 1, 0, 0), .Dim = c(6L, 2L), .Dimnames = list(
        c("-3", "-2", "-1", "0", "1", "2"), c("C", "T"))), N = 369), 
        Majority = list(Freqs = structure(c(0, 0, 4, 487, 0, 
        0, 0, 0, 0, 1, 0, 0), .Dim = c(6L, 2L), .Dimnames = list(
            c("-3", "-2", "-1", "0", "1", "2"), c("C", "T"))), 
            N = 492)), `2` = structure(c(0, 0, 3, 400, 0, 0, 
    0, 0, 0, 0, 0, 0), .Dim = c(6L, 2L), .Dimnames = list(c("-3", 
    "-2", "-1", "0", "1", "2"), c("C", "T"))))))
