Results <-
list(`bwa.out//20220204//BlindCMMRD67_S26.sam` = list(LR46_SNP1 = list(
    All = list(Freqs = structure(c(16L, 3069L, 2L, 6L, 0L, 1L, 
    0L, 0L, 0L, 31L, 0L, 0L), .Dim = 4:3, .Dimnames = structure(list(
        c("-1", "0", "1", NA), c("G", "T", NA)), .Names = c("", 
    "")), class = "table"), N = 3125L), Tag.Distribution = structure(c(`1` = 75L, 
    `2` = 32L, `3` = 29L, `4` = 26L, `5` = 22L, `6` = 23L, `7` = 13L, 
    `8` = 23L, `9` = 12L, `10` = 11L, `11` = 11L, `12` = 14L, 
    `13` = 13L, `14` = 13L, `15` = 10L, `16` = 3L, `17` = 3L, 
    `18` = 4L, `19` = 7L, `20` = 1L, `21` = 2L, `22` = 2L, `23` = 3L, 
    `24` = 2L, `25` = 3L, `26` = 3L, `27` = 1L, `29` = 3L, `30` = 2L, 
    `31` = 1L, `32` = 1L, `34` = 1L, `37` = 1L, `38` = 1L, `39` = 1L, 
    `41` = 1L, `44` = 1L, `58` = 1L), .Dim = 38L, .Dimnames = list(
        TagUsage = c("1", "2", "3", "4", "5", "6", "7", "8", 
        "9", "10", "11", "12", "13", "14", "15", "16", "17", 
        "18", "19", "20", "21", "22", "23", "24", "25", "26", 
        "27", "29", "30", "31", "32", "34", "37", "38", "39", 
        "41", "44", "58")), class = "table"), No.Tag = structure(c(0L, 
    52L, 0L, 1L, 0L, 0L, 0L, 0L, 0L, 3L, 0L, 0L), .Dim = 4:3, .Dimnames = structure(list(
        c("-1", "0", "1", NA), c("G", "T", NA)), .Names = c("", 
    "")), class = "table"), All.Tags = list(Concordant = list(
        Freqs = structure(c(0, 356, 0, 0, 1, 0), .Dim = 3:2, .Dimnames = list(
            c("-1", "0", "1"), c("G", "T"))), N = 357), Majority = list(
        Freqs = structure(c(0, 373, 0, 0, 1, 0), .Dim = 3:2, .Dimnames = list(
            c("-1", "0", "1"), c("G", "T"))), N = 374)), `2` = structure(c(0, 
    300, 0, 0, 0, 0), .Dim = 3:2, .Dimnames = list(c("-1", "0", 
    "1"), c("G", "T"))))))
