Results <-
list(`bwa.out//20220204//Control21_S14.sam` = list(LR36_SNP1 = list(
    All = list(Freqs = structure(c(2L, 19L, 978L, 11L, 6L, 4L, 
    22L, 1091L, 9L, 5L, 0L, 0L, 67L, 1L, 0L), .Dim = c(5L, 3L
    ), .Dimnames = structure(list(c("-2", "-1", "0", "1", NA), 
        c("A", "T", NA)), .Names = c("", "")), class = "table"), 
        N = 2215L), Tag.Distribution = structure(c(`1` = 78L, 
    `2` = 34L, `3` = 37L, `4` = 29L, `5` = 28L, `6` = 23L, `7` = 21L, 
    `8` = 15L, `9` = 21L, `10` = 5L, `11` = 12L, `12` = 5L, `13` = 5L, 
    `14` = 5L, `15` = 3L, `16` = 7L, `17` = 8L, `18` = 4L, `20` = 3L, 
    `21` = 1L, `22` = 2L, `23` = 2L, `25` = 1L), .Dim = 23L, .Dimnames = list(
        TagUsage = c("1", "2", "3", "4", "5", "6", "7", "8", 
        "9", "10", "11", "12", "13", "14", "15", "16", "17", 
        "18", "20", "21", "22", "23", "25")), class = "table"), 
    No.Tag = structure(c(0L, 1L, 54L, 1L, 0L, 0L, 0L, 100L, 0L, 
    0L, 0L, 0L, 14L, 0L, 0L), .Dim = c(5L, 3L), .Dimnames = structure(list(
        c("-2", "-1", "0", "1", NA), c("A", "T", NA)), .Names = c("", 
    "")), class = "table"), All.Tags = list(Concordant = list(
        Freqs = structure(c(0, 0, 145, 1, 0, 0, 141, 0), .Dim = c(4L, 
        2L), .Dimnames = list(c("-2", "-1", "0", "1"), c("A", 
        "T"))), N = 287), Majority = list(Freqs = structure(c(0, 
    0, 170, 1, 0, 0, 170, 1), .Dim = c(4L, 2L), .Dimnames = list(
        c("-2", "-1", "0", "1"), c("A", "T"))), N = 342)), `2` = structure(c(0, 
    0, 132, 1, 0, 0, 136, 1), .Dim = c(4L, 2L), .Dimnames = list(
        c("-2", "-1", "0", "1"), c("A", "T"))))))
