Results <-
list(`bwa.out//20220204//Control16_S9.sam` = list(LR46_SNP1 = list(
    All = list(Freqs = structure(c(0L, 2L, 0L, 0L, 4L, 2133L, 
    10L, 3L, 0L, 14L, 0L, 0L), .Dim = 4:3, .Dimnames = structure(list(
        c("-1", "0", "1", NA), c("G", "T", NA)), .Names = c("", 
    "")), class = "table"), N = 2166L), Tag.Distribution = structure(c(`1` = 120L, 
    `2` = 36L, `3` = 31L, `4` = 24L, `5` = 20L, `6` = 13L, `7` = 21L, 
    `8` = 20L, `9` = 12L, `10` = 16L, `11` = 11L, `12` = 7L, 
    `13` = 3L, `14` = 7L, `15` = 3L, `16` = 4L, `17` = 2L, `18` = 3L, 
    `19` = 1L, `22` = 1L, `25` = 1L, `26` = 1L, `27` = 2L, `28` = 2L, 
    `30` = 1L, `31` = 1L, `32` = 1L, `36` = 1L, `40` = 1L), .Dim = 29L, .Dimnames = list(
        TagUsage = c("1", "2", "3", "4", "5", "6", "7", "8", 
        "9", "10", "11", "12", "13", "14", "15", "16", "17", 
        "18", "19", "22", "25", "26", "27", "28", "30", "31", 
        "32", "36", "40")), class = "table"), No.Tag = structure(c(0L, 
    1L, 0L, 0L, 0L, 115L, 0L, 0L, 0L, 6L, 0L, 0L), .Dim = 4:3, .Dimnames = structure(list(
        c("-1", "0", "1", NA), c("G", "T", NA)), .Names = c("", 
    "")), class = "table"), All.Tags = list(Concordant = list(
        Freqs = structure(c(0, 0, 0, 0, 355, 2), .Dim = 3:2, .Dimnames = list(
            c("-1", "0", "1"), c("G", "T"))), N = 357), Majority = list(
        Freqs = structure(c(0, 0, 0, 0, 363, 2), .Dim = 3:2, .Dimnames = list(
            c("-1", "0", "1"), c("G", "T"))), N = 365)), `2` = structure(c(0, 
    0, 0, 0, 245, 1), .Dim = 3:2, .Dimnames = list(c("-1", "0", 
    "1"), c("G", "T"))))))
