Results <-
list(`bwa.out//20220204//BlindCMMRD59_S18.sam` = list(GM22_SNP1 = list(
    All = list(Freqs = structure(c(2L, 45L, 3122L, 11L, 7L, 0L, 
    46L, 2284L, 8L, 1L, 0L, 0L, 1L, 0L, 0L, 0L, 1L, 66L, 2L, 
    0L), .Dim = 5:4, .Dimnames = structure(list(c("-2", "-1", 
    "0", "1", NA), c("A", "G", "T", NA)), .Names = c("", "")), class = "table"), 
        N = 5596L), Tag.Distribution = structure(c(`1` = 138L, 
    `2` = 44L, `3` = 34L, `4` = 36L, `5` = 33L, `6` = 26L, `7` = 28L, 
    `8` = 27L, `9` = 36L, `10` = 26L, `11` = 17L, `12` = 14L, 
    `13` = 19L, `14` = 14L, `15` = 11L, `16` = 17L, `17` = 17L, 
    `18` = 11L, `19` = 9L, `20` = 10L, `21` = 9L, `22` = 10L, 
    `23` = 5L, `24` = 3L, `25` = 8L, `26` = 4L, `27` = 4L, `28` = 5L, 
    `29` = 1L, `30` = 2L, `31` = 1L, `32` = 2L, `33` = 1L, `35` = 3L, 
    `37` = 1L, `48` = 1L, `57` = 1L), .Dim = 37L, .Dimnames = list(
        TagUsage = c("1", "2", "3", "4", "5", "6", "7", "8", 
        "9", "10", "11", "12", "13", "14", "15", "16", "17", 
        "18", "19", "20", "21", "22", "23", "24", "25", "26", 
        "27", "28", "29", "30", "31", "32", "33", "35", "37", 
        "48", "57")), class = "table"), No.Tag = structure(c(0L, 
    1L, 48L, 0L, 1L, 0L, 0L, 50L, 0L, 0L, 0L, 0L, 0L, 0L, 0L, 
    0L, 1L, 1L, 0L, 0L), .Dim = 5:4, .Dimnames = structure(list(
        c("-2", "-1", "0", "1", NA), c("A", "G", "T", NA)), .Names = c("", 
    "")), class = "table"), All.Tags = list(Concordant = list(
        Freqs = structure(c(0, 0, 282, 0, 0, 0, 224, 0, 0, 0, 
        0, 0), .Dim = 4:3, .Dimnames = list(c("-2", "-1", "0", 
        "1"), c("A", "G", "T"))), N = 506), Majority = list(Freqs = structure(c(0, 
    0, 348, 0, 0, 1, 263, 0, 0, 0, 0, 0), .Dim = 4:3, .Dimnames = list(
        c("-2", "-1", "0", "1"), c("A", "G", "T"))), N = 612)), 
    `2` = structure(c(0, 0, 274, 0, 0, 1, 212, 0, 0, 0, 0, 0), .Dim = 4:3, .Dimnames = list(
        c("-2", "-1", "0", "1"), c("A", "G", "T"))))))
