Results <-
list(`bwa.out//20220204//BlindCMMRD60_S19.sam` = list(GM07_SNP1 = list(
    All = list(Freqs = structure(c(0L, 0L, 1L, 0L, 0L, 0L, 1L, 
    77L, 1711L, 62L, 4L, 14L, 3L, 59L, 1508L, 49L, 3L, 18L, 0L, 
    1L, 44L, 1L, 0L, 0L), .Dim = c(6L, 4L), .Dimnames = structure(list(
        c("-2", "-1", "0", "1", "2", NA), c("-", "A", "G", NA
        )), .Names = c("", "")), class = "table"), N = 3556L), 
    Tag.Distribution = structure(c(`1` = 85L, `2` = 42L, `3` = 42L, 
    `4` = 41L, `5` = 19L, `6` = 29L, `7` = 36L, `8` = 22L, `9` = 19L, 
    `10` = 15L, `11` = 15L, `12` = 10L, `13` = 9L, `14` = 5L, 
    `15` = 10L, `16` = 13L, `17` = 7L, `18` = 2L, `19` = 3L, 
    `20` = 4L, `21` = 6L, `22` = 8L, `23` = 4L, `24` = 5L, `25` = 4L, 
    `26` = 1L, `27` = 1L, `30` = 2L, `42` = 1L), .Dim = 29L, .Dimnames = list(
        TagUsage = c("1", "2", "3", "4", "5", "6", "7", "8", 
        "9", "10", "11", "12", "13", "14", "15", "16", "17", 
        "18", "19", "20", "21", "22", "23", "24", "25", "26", 
        "27", "30", "42")), class = "table"), No.Tag = structure(c(0L, 
    0L, 0L, 0L, 0L, 0L, 0L, 1L, 77L, 8L, 0L, 3L, 0L, 2L, 86L, 
    2L, 0L, 4L, 0L, 0L, 5L, 0L, 0L, 0L), .Dim = c(6L, 4L), .Dimnames = structure(list(
        c("-2", "-1", "0", "1", "2", NA), c("-", "A", "G", NA
        )), .Names = c("", "")), class = "table"), All.Tags = list(
        Concordant = list(Freqs = structure(c(0, 0, 0, 0, 0, 
        0, 1, 149, 2, 0, 0, 2, 136, 3, 1), .Dim = c(5L, 3L), .Dimnames = list(
            c("-2", "-1", "0", "1", "2"), c("-", "A", "G"))), 
            N = 294), Majority = list(Freqs = structure(c(0, 
        0, 0, 0, 0, 0, 2, 230, 2, 0, 0, 2, 201, 4, 1), .Dim = c(5L, 
        3L), .Dimnames = list(c("-2", "-1", "0", "1", "2"), c("-", 
        "A", "G"))), N = 442)), `2` = structure(c(0, 0, 0, 0, 
    0, 0, 1, 190, 1, 0, 0, 0, 170, 1, 0), .Dim = c(5L, 3L), .Dimnames = list(
        c("-2", "-1", "0", "1", "2"), c("-", "A", "G"))))))
