Results <-
list(`bwa.out//20220204//BlindCMMRD124_S50.sam` = list(LR48_SNP1 = list(
    All = list(Freqs = structure(c(2L, 74L, 1514L, 27L, 11L, 
    1L, 72L, 1406L, 23L, 1L, 0L, 0L, 29L, 0L, 0L), .Dim = c(5L, 
    3L), .Dimnames = structure(list(c("-2", "-1", "0", "1", NA
    ), c("C", "T", NA)), .Names = c("", "")), class = "table"), 
        N = 3160L), Tag.Distribution = structure(c(`1` = 91L, 
    `2` = 62L, `3` = 46L, `4` = 39L, `5` = 32L, `6` = 34L, `7` = 23L, 
    `8` = 19L, `9` = 17L, `10` = 17L, `11` = 18L, `12` = 14L, 
    `13` = 8L, `14` = 14L, `15` = 6L, `16` = 5L, `17` = 1L, `18` = 6L, 
    `19` = 1L, `20` = 2L, `21` = 3L, `22` = 2L, `23` = 2L, `24` = 4L, 
    `25` = 4L, `26` = 1L, `28` = 1L, `29` = 1L, `36` = 2L), .Dim = 29L, .Dimnames = list(
        TagUsage = c("1", "2", "3", "4", "5", "6", "7", "8", 
        "9", "10", "11", "12", "13", "14", "15", "16", "17", 
        "18", "19", "20", "21", "22", "23", "24", "25", "26", 
        "28", "29", "36")), class = "table"), No.Tag = structure(c(0L, 
    2L, 44L, 0L, 1L, 0L, 0L, 77L, 1L, 0L, 0L, 0L, 2L, 0L, 0L), .Dim = c(5L, 
    3L), .Dimnames = structure(list(c("-2", "-1", "0", "1", NA
    ), c("C", "T", NA)), .Names = c("", "")), class = "table"), 
    All.Tags = list(Concordant = list(Freqs = structure(c(0, 
    4, 172, 0, 0, 6, 185, 3), .Dim = c(4L, 2L), .Dimnames = list(
        c("-2", "-1", "0", "1"), c("C", "T"))), N = 370), Majority = list(
        Freqs = structure(c(0, 4, 231, 0, 0, 6, 223, 3), .Dim = c(4L, 
        2L), .Dimnames = list(c("-2", "-1", "0", "1"), c("C", 
        "T"))), N = 467)), `2` = structure(c(0, 3, 187, 0, 0, 
    4, 183, 2), .Dim = c(4L, 2L), .Dimnames = list(c("-2", "-1", 
    "0", "1"), c("C", "T"))))))
