Results <-
list(`bwa.out//20220204//BlindCMMRD46_S6.sam` = list(LR46_SNP1 = list(
    All = list(Freqs = structure(c(10L, 4180L, 10L, 7L, 0L, 22L, 
    0L, 0L), .Dim = c(4L, 2L), .Dimnames = structure(list(c("-1", 
    "0", "1", NA), c("G", NA)), .Names = c("", "")), class = "table"), 
        N = 4229L), Tag.Distribution = structure(c(`1` = 74L, 
    `2` = 16L, `3` = 14L, `4` = 13L, `5` = 13L, `6` = 24L, `7` = 9L, 
    `8` = 13L, `9` = 12L, `10` = 13L, `11` = 9L, `12` = 3L, `13` = 4L, 
    `14` = 5L, `15` = 12L, `16` = 8L, `17` = 11L, `18` = 4L, 
    `19` = 1L, `20` = 4L, `21` = 5L, `22` = 4L, `23` = 8L, `24` = 3L, 
    `25` = 1L, `26` = 2L, `27` = 2L, `28` = 3L, `29` = 1L, `30` = 3L, 
    `31` = 2L, `33` = 1L, `34` = 1L, `35` = 1L, `36` = 2L, `37` = 1L, 
    `38` = 1L, `39` = 5L, `40` = 2L, `42` = 1L, `44` = 1L, `45` = 3L, 
    `46` = 2L, `47` = 2L, `48` = 1L, `49` = 1L, `50` = 3L, `53` = 1L, 
    `58` = 1L, `60` = 1L, `64` = 1L, `76` = 1L), .Dim = 52L, .Dimnames = list(
        TagUsage = c("1", "2", "3", "4", "5", "6", "7", "8", 
        "9", "10", "11", "12", "13", "14", "15", "16", "17", 
        "18", "19", "20", "21", "22", "23", "24", "25", "26", 
        "27", "28", "29", "30", "31", "33", "34", "35", "36", 
        "37", "38", "39", "40", "42", "44", "45", "46", "47", 
        "48", "49", "50", "53", "58", "60", "64", "76")), class = "table"), 
    No.Tag = structure(c(1L, 155L, 0L, 0L, 0L, 2L, 0L, 0L), .Dim = c(4L, 
    2L), .Dimnames = structure(list(c("-1", "0", "1", NA), c("G", 
    NA)), .Names = c("", "")), class = "table"), All.Tags = list(
        Concordant = list(Freqs = structure(c(0, 311, 0), .Dim = c(3L, 
        1L), .Dimnames = list(c("-1", "0", "1"), "G")), N = 311), 
        Majority = list(Freqs = structure(c(0, 328, 0), .Dim = c(3L, 
        1L), .Dimnames = list(c("-1", "0", "1"), "G")), N = 328)), 
    `2` = structure(c(0, 255, 0), .Dim = c(3L, 1L), .Dimnames = list(
        c("-1", "0", "1"), "G")))))
