Results <-
list(`bwa.out//20220204//BlindCMMRD110_S36.sam` = list(LR17_SNP1 = list(
    All = list(Freqs = structure(c(2L, 203L, 4869L, 34L, 1L, 
    23L, 0L, 0L, 6L, 0L, 0L, 0L, 0L, 1L, 114L, 0L, 0L, 0L), .Dim = c(6L, 
    3L), .Dimnames = structure(list(c("-2", "-1", "0", "1", "2", 
    NA), c("A", "G", NA)), .Names = c("", "")), class = "table"), 
        N = 5253L), Tag.Distribution = structure(c(`1` = 128L, 
    `2` = 84L, `3` = 77L, `4` = 84L, `5` = 74L, `6` = 73L, `7` = 66L, 
    `8` = 55L, `9` = 43L, `10` = 46L, `11` = 34L, `12` = 23L, 
    `13` = 14L, `14` = 8L, `15` = 7L, `16` = 14L, `17` = 2L, 
    `18` = 6L, `19` = 3L, `21` = 2L, `23` = 1L, `24` = 1L, `27` = 1L
    ), .Dim = 23L, .Dimnames = list(TagUsage = c("1", "2", "3", 
    "4", "5", "6", "7", "8", "9", "10", "11", "12", "13", "14", 
    "15", "16", "17", "18", "19", "21", "23", "24", "27")), class = "table"), 
    No.Tag = structure(c(0L, 19L, 211L, 1L, 0L, 1L, 0L, 0L, 0L, 
    0L, 0L, 0L, 0L, 0L, 13L, 0L, 0L, 0L), .Dim = c(6L, 3L), .Dimnames = structure(list(
        c("-2", "-1", "0", "1", "2", NA), c("A", "G", NA)), .Names = c("", 
    "")), class = "table"), All.Tags = list(Concordant = list(
        Freqs = structure(c(0, 3, 663, 0, 0, 0, 0, 1, 0, 0), .Dim = c(5L, 
        2L), .Dimnames = list(c("-2", "-1", "0", "1", "2"), c("A", 
        "G"))), N = 667), Majority = list(Freqs = structure(c(0, 
    7, 819, 0, 0, 0, 0, 1, 0, 0), .Dim = c(5L, 2L), .Dimnames = list(
        c("-2", "-1", "0", "1", "2"), c("A", "G"))), N = 827)), 
    `2` = structure(c(0, 4, 705, 0, 0, 0, 0, 0, 0, 0), .Dim = c(5L, 
    2L), .Dimnames = list(c("-2", "-1", "0", "1", "2"), c("A", 
    "G"))))))
