Results <-
list(`bwa.out//20220204//Control24_S17.sam` = list(LR46_SNP1 = list(
    All = list(Freqs = structure(c(0L, 9L, 0L, 0L, 11L, 2018L, 
    7L, 2L, 0L, 7L, 0L, 0L), .Dim = 4:3, .Dimnames = structure(list(
        c("-1", "0", "1", NA), c("G", "T", NA)), .Names = c("", 
    "")), class = "table"), N = 2054L), Tag.Distribution = structure(c(`1` = 89L, 
    `2` = 30L, `3` = 17L, `4` = 14L, `5` = 16L, `6` = 14L, `7` = 11L, 
    `8` = 6L, `9` = 6L, `10` = 13L, `11` = 4L, `12` = 6L, `13` = 4L, 
    `14` = 4L, `15` = 5L, `16` = 2L, `17` = 5L, `18` = 7L, `19` = 3L, 
    `20` = 2L, `21` = 2L, `22` = 1L, `23` = 1L, `24` = 1L, `25` = 1L, 
    `26` = 2L, `28` = 1L, `29` = 1L, `31` = 2L, `32` = 1L, `33` = 1L, 
    `35` = 1L, `38` = 1L, `40` = 1L, `47` = 1L, `48` = 1L), .Dim = 36L, .Dimnames = list(
        TagUsage = c("1", "2", "3", "4", "5", "6", "7", "8", 
        "9", "10", "11", "12", "13", "14", "15", "16", "17", 
        "18", "19", "20", "21", "22", "23", "24", "25", "26", 
        "28", "29", "31", "32", "33", "35", "38", "40", "47", 
        "48")), class = "table"), No.Tag = structure(c(0L, 1L, 
    0L, 0L, 0L, 99L, 0L, 1L, 0L, 5L, 0L, 0L), .Dim = 4:3, .Dimnames = structure(list(
        c("-1", "0", "1", NA), c("G", "T", NA)), .Names = c("", 
    "")), class = "table"), All.Tags = list(Concordant = list(
        Freqs = structure(c(0, 7, 0, 0, 253, 0), .Dim = 3:2, .Dimnames = list(
            c("-1", "0", "1"), c("G", "T"))), N = 260), Majority = list(
        Freqs = structure(c(0, 7, 0, 0, 269, 0), .Dim = 3:2, .Dimnames = list(
            c("-1", "0", "1"), c("G", "T"))), N = 276)), `2` = structure(c(0, 
    0, 0, 0, 188, 0), .Dim = 3:2, .Dimnames = list(c("-1", "0", 
    "1"), c("G", "T"))))))
