Results <-
list(`bwa.out//20220204//Control15_S8.sam` = list(LR52_SNP1 = list(
    All = list(Freqs = structure(c(1L, 15L, 223L, 2192L, 23L, 
    2L, 9L, 0L, 0L, 0L, 2L, 0L, 0L, 0L, 0L, 0L, 2L, 92L, 0L, 
    0L, 0L), .Dim = c(7L, 3L), .Dimnames = structure(list(c("-3", 
    "-2", "-1", "0", "1", "2", NA), c("C", "T", NA)), .Names = c("", 
    "")), class = "table"), N = 2561L), Tag.Distribution = structure(c(`1` = 71L, 
    `2` = 35L, `3` = 21L, `4` = 29L, `5` = 25L, `6` = 11L, `7` = 14L, 
    `8` = 13L, `9` = 12L, `10` = 11L, `11` = 12L, `12` = 8L, 
    `13` = 5L, `14` = 9L, `15` = 8L, `16` = 8L, `17` = 7L, `18` = 3L, 
    `19` = 2L, `20` = 8L, `21` = 4L, `22` = 2L, `23` = 2L, `24` = 4L, 
    `25` = 1L, `27` = 2L, `28` = 2L, `29` = 2L, `30` = 1L, `31` = 1L
    ), .Dim = 30L, .Dimnames = list(TagUsage = c("1", "2", "3", 
    "4", "5", "6", "7", "8", "9", "10", "11", "12", "13", "14", 
    "15", "16", "17", "18", "19", "20", "21", "22", "23", "24", 
    "25", "27", "28", "29", "30", "31")), class = "table"), No.Tag = structure(c(0L, 
    1L, 5L, 55L, 0L, 0L, 0L, 0L, 0L, 0L, 0L, 0L, 0L, 0L, 0L, 
    0L, 0L, 7L, 0L, 0L, 0L), .Dim = c(7L, 3L), .Dimnames = structure(list(
        c("-3", "-2", "-1", "0", "1", "2", NA), c("C", "T", NA
        )), .Names = c("", "")), class = "table"), All.Tags = list(
        Concordant = list(Freqs = structure(c(0, 0, 8, 186, 0, 
        0, 0, 0, 0, 2, 0, 0), .Dim = c(6L, 2L), .Dimnames = list(
            c("-3", "-2", "-1", "0", "1", "2"), c("C", "T"))), 
            N = 196), Majority = list(Freqs = structure(c(0, 
        0, 13, 297, 0, 0, 0, 0, 0, 2, 0, 0), .Dim = c(6L, 2L), .Dimnames = list(
            c("-3", "-2", "-1", "0", "1", "2"), c("C", "T"))), 
            N = 312)), `2` = structure(c(0, 0, 7, 243, 0, 0, 
    0, 0, 0, 0, 0, 0), .Dim = c(6L, 2L), .Dimnames = list(c("-3", 
    "-2", "-1", "0", "1", "2"), c("C", "T"))))))
