Results <-
list(`bwa.out//20220204//BlindCMMRD65_S24.sam` = list(LR36_SNP1 = list(
    All = list(Freqs = structure(c(0L, 0L, 7L, 0L, 0L, 0L, 0L, 
    0L, 1L, 0L, 0L, 0L, 1L, 57L, 1701L, 7L, 1L, 9L, 0L, 1L, 71L, 
    1L, 0L, 0L), .Dim = c(6L, 4L), .Dimnames = structure(list(
        c("-2", "-1", "0", "1", "2", NA), c("A", "G", "T", NA
        )), .Names = c("", "")), class = "table"), N = 1857L), 
    Tag.Distribution = structure(c(`1` = 58L, `2` = 24L, `3` = 30L, 
    `4` = 13L, `5` = 23L, `6` = 22L, `7` = 19L, `8` = 12L, `9` = 14L, 
    `10` = 5L, `11` = 7L, `12` = 10L, `13` = 6L, `14` = 8L, `15` = 5L, 
    `16` = 5L, `17` = 2L, `18` = 3L, `19` = 3L, `20` = 4L, `21` = 1L, 
    `23` = 1L, `26` = 2L, `29` = 1L), .Dim = 24L, .Dimnames = list(
        TagUsage = c("1", "2", "3", "4", "5", "6", "7", "8", 
        "9", "10", "11", "12", "13", "14", "15", "16", "17", 
        "18", "19", "20", "21", "23", "26", "29")), class = "table"), 
    No.Tag = structure(c(0L, 0L, 2L, 0L, 0L, 0L, 0L, 0L, 0L, 
    0L, 0L, 0L, 0L, 0L, 52L, 0L, 0L, 2L, 0L, 0L, 9L, 0L, 0L, 
    0L), .Dim = c(6L, 4L), .Dimnames = structure(list(c("-2", 
    "-1", "0", "1", "2", NA), c("A", "G", "T", NA)), .Names = c("", 
    "")), class = "table"), All.Tags = list(Concordant = list(
        Freqs = structure(c(0, 0, 3, 0, 0, 0, 0, 0, 0, 0, 0, 
        8, 226, 0, 0), .Dim = c(5L, 3L), .Dimnames = list(c("-2", 
        "-1", "0", "1", "2"), c("A", "G", "T"))), N = 237), Majority = list(
        Freqs = structure(c(0, 0, 3, 0, 0, 0, 0, 0, 0, 0, 0, 
        9, 260, 0, 0), .Dim = c(5L, 3L), .Dimnames = list(c("-2", 
        "-1", "0", "1", "2"), c("A", "G", "T"))), N = 272)), 
    `2` = structure(c(0, 0, 0, 0, 0, 0, 0, 0, 0, 0, 0, 5, 213, 
    0, 0), .Dim = c(5L, 3L), .Dimnames = list(c("-2", "-1", "0", 
    "1", "2"), c("A", "G", "T"))))))
