Results <-
list(`bwa.out//20220204//BlindCMMRD63_S22.sam` = list(IM49_SNP1 = list(
    All = list(Freqs = structure(c(1L, 51L, 1597L, 40L, 0L, 23L, 
    2L, 45L, 1316L, 19L, 0L, 12L, 0L, 3L, 242L, 4L, 1L, 0L), .Dim = c(6L, 
    3L), .Dimnames = structure(list(c("-2", "-1", "0", "1", "2", 
    NA), c("C", "G", NA)), .Names = c("", "")), class = "table"), 
        N = 3356L), Tag.Distribution = structure(c(`1` = 194L, 
    `2` = 77L, `3` = 65L, `4` = 45L, `5` = 51L, `6` = 35L, `7` = 26L, 
    `8` = 21L, `9` = 26L, `10` = 21L, `11` = 7L, `12` = 12L, 
    `13` = 12L, `14` = 11L, `15` = 4L, `16` = 9L, `17` = 8L, 
    `18` = 5L, `19` = 2L, `20` = 4L, `21` = 3L, `22` = 2L, `23` = 1L, 
    `24` = 1L, `25` = 1L, `41` = 1L), .Dim = 26L, .Dimnames = list(
        TagUsage = c("1", "2", "3", "4", "5", "6", "7", "8", 
        "9", "10", "11", "12", "13", "14", "15", "16", "17", 
        "18", "19", "20", "21", "22", "23", "24", "25", "41")), class = "table"), 
    No.Tag = structure(c(1L, 0L, 38L, 1L, 0L, 2L, 0L, 6L, 21L, 
    0L, 0L, 1L, 0L, 0L, 5L, 0L, 0L, 0L), .Dim = c(6L, 3L), .Dimnames = structure(list(
        c("-2", "-1", "0", "1", "2", NA), c("C", "G", NA)), .Names = c("", 
    "")), class = "table"), All.Tags = list(Concordant = list(
        Freqs = structure(c(0, 4, 233, 2, 0, 0, 5, 210, 0, 0), .Dim = c(5L, 
        2L), .Dimnames = list(c("-2", "-1", "0", "1", "2"), c("C", 
        "G"))), N = 454), Majority = list(Freqs = structure(c(0, 
    4, 293, 3, 0, 0, 5, 260, 0, 0), .Dim = c(5L, 2L), .Dimnames = list(
        c("-2", "-1", "0", "1", "2"), c("C", "G"))), N = 565)), 
    `2` = structure(c(0, 0, 221, 1, 0, 0, 1, 212, 0, 0), .Dim = c(5L, 
    2L), .Dimnames = list(c("-2", "-1", "0", "1", "2"), c("C", 
    "G"))))))
