Results <-
list(`bwa.out//20220204//BlindCMMRD94_S53.sam` = list(GM01_SNP1 = list(
    All = list(Freqs = structure(c(0L, 1L, 0L, 0L, 65L, 6251L, 
    16L, 8L, 0L, 3L, 0L, 0L, 2L, 54L, 0L, 0L), .Dim = c(4L, 4L
    ), .Dimnames = structure(list(c("-1", "0", "1", NA), c("-", 
    "A", "G", NA)), .Names = c("", "")), class = "table"), N = 6400L), 
    Tag.Distribution = structure(c(`1` = 130L, `2` = 76L, `3` = 69L, 
    `4` = 56L, `5` = 54L, `6` = 36L, `7` = 33L, `8` = 35L, `9` = 38L, 
    `10` = 35L, `11` = 24L, `12` = 23L, `13` = 21L, `14` = 17L, 
    `15` = 20L, `16` = 17L, `17` = 10L, `18` = 11L, `19` = 12L, 
    `20` = 12L, `21` = 8L, `22` = 9L, `23` = 6L, `24` = 9L, `26` = 5L, 
    `27` = 1L, `28` = 3L, `29` = 4L, `30` = 1L, `31` = 1L, `32` = 1L, 
    `35` = 1L, `36` = 2L, `37` = 1L, `39` = 1L, `40` = 1L, `53` = 1L
    ), .Dim = 37L, .Dimnames = list(TagUsage = c("1", "2", "3", 
    "4", "5", "6", "7", "8", "9", "10", "11", "12", "13", "14", 
    "15", "16", "17", "18", "19", "20", "21", "22", "23", "24", 
    "26", "27", "28", "29", "30", "31", "32", "35", "36", "37", 
    "39", "40", "53")), class = "table"), No.Tag = structure(c(0L, 
    0L, 0L, 0L, 0L, 88L, 0L, 1L, 0L, 1L, 0L, 0L, 0L, 3L, 0L, 
    0L), .Dim = c(4L, 4L), .Dimnames = structure(list(c("-1", 
    "0", "1", NA), c("-", "A", "G", NA)), .Names = c("", "")), class = "table"), 
    All.Tags = list(Concordant = list(Freqs = structure(c(0, 
    0, 0, 1, 704, 0, 0, 2, 0), .Dim = c(3L, 3L), .Dimnames = list(
        c("-1", "0", "1"), c("-", "A", "G"))), N = 707), Majority = list(
        Freqs = structure(c(0, 0, 0, 1, 772, 0, 0, 2, 0), .Dim = c(3L, 
        3L), .Dimnames = list(c("-1", "0", "1"), c("-", "A", 
        "G"))), N = 775)), `2` = structure(c(0, 0, 0, 0, 650, 
    0, 0, 0, 0), .Dim = c(3L, 3L), .Dimnames = list(c("-1", "0", 
    "1"), c("-", "A", "G"))))))
