Results <-
list(`bwa.out//20220204//Control14_S7.sam` = list(GM09_SNP1 = list(
    All = list(Freqs = structure(c(5L, 1888L, 1L, 1L, 12L, 1485L, 
    2L, 1L, 0L, 1L, 0L, 0L, 0L, 11L, 0L, 0L), .Dim = c(4L, 4L
    ), .Dimnames = structure(list(c("-1", "0", "1", NA), c("A", 
    "G", "T", NA)), .Names = c("", "")), class = "table"), N = 3407L), 
    Tag.Distribution = structure(c(`1` = 114L, `2` = 31L, `3` = 29L, 
    `4` = 34L, `5` = 35L, `6` = 26L, `7` = 21L, `8` = 33L, `9` = 19L, 
    `10` = 17L, `11` = 12L, `12` = 11L, `13` = 9L, `14` = 9L, 
    `15` = 5L, `16` = 7L, `17` = 3L, `18` = 6L, `19` = 8L, `20` = 2L, 
    `21` = 6L, `22` = 4L, `23` = 5L, `24` = 2L, `26` = 2L, `27` = 1L, 
    `28` = 1L, `29` = 2L, `30` = 2L, `32` = 2L, `33` = 1L, `35` = 1L, 
    `36` = 2L), .Dim = 33L, .Dimnames = list(TagUsage = c("1", 
    "2", "3", "4", "5", "6", "7", "8", "9", "10", "11", "12", 
    "13", "14", "15", "16", "17", "18", "19", "20", "21", "22", 
    "23", "24", "26", "27", "28", "29", "30", "32", "33", "35", 
    "36")), class = "table"), No.Tag = structure(c(0L, 55L, 0L, 
    0L, 0L, 16L, 0L, 1L, 0L, 0L, 0L, 0L, 0L, 2L, 0L, 0L), .Dim = c(4L, 
    4L), .Dimnames = structure(list(c("-1", "0", "1", NA), c("A", 
    "G", "T", NA)), .Names = c("", "")), class = "table"), All.Tags = list(
        Concordant = list(Freqs = structure(c(0, 244, 0, 0, 180, 
        0, 0, 0, 0), .Dim = c(3L, 3L), .Dimnames = list(c("-1", 
        "0", "1"), c("A", "G", "T"))), N = 424), Majority = list(
            Freqs = structure(c(0, 256, 0, 0, 202, 0, 0, 0, 0
            ), .Dim = c(3L, 3L), .Dimnames = list(c("-1", "0", 
            "1"), c("A", "G", "T"))), N = 458)), `2` = structure(c(0, 
    196, 0, 0, 150, 0, 0, 0, 0), .Dim = c(3L, 3L), .Dimnames = list(
        c("-1", "0", "1"), c("A", "G", "T"))))))
