Results <-
list(`bwa.out//20220204//BlindCMMRD46_S6.sam` = list(LR17_SNP1 = list(
    All = list(Freqs = structure(c(3L, 69L, 2037L, 21L, 11L, 
    0L, 0L, 2L, 0L, 0L, 0L, 0L, 75L, 0L, 0L), .Dim = c(5L, 3L
    ), .Dimnames = structure(list(c("-2", "-1", "0", "1", NA), 
        c("A", "G", NA)), .Names = c("", "")), class = "table"), 
        N = 2218L), Tag.Distribution = structure(c(`1` = 47L, 
    `2` = 6L, `3` = 6L, `4` = 12L, `5` = 7L, `6` = 3L, `7` = 4L, 
    `8` = 5L, `9` = 2L, `10` = 3L, `11` = 4L, `12` = 4L, `13` = 1L, 
    `14` = 4L, `15` = 8L, `16` = 3L, `17` = 3L, `18` = 2L, `19` = 2L, 
    `20` = 1L, `21` = 4L, `22` = 3L, `23` = 1L, `25` = 1L, `26` = 4L, 
    `27` = 1L, `28` = 2L, `29` = 4L, `30` = 1L, `31` = 2L, `32` = 3L, 
    `33` = 2L, `34` = 3L, `35` = 2L, `36` = 2L, `37` = 1L, `38` = 1L, 
    `39` = 2L, `40` = 3L, `43` = 1L, `48` = 1L, `54` = 1L), .Dim = 42L, .Dimnames = list(
        TagUsage = c("1", "2", "3", "4", "5", "6", "7", "8", 
        "9", "10", "11", "12", "13", "14", "15", "16", "17", 
        "18", "19", "20", "21", "22", "23", "25", "26", "27", 
        "28", "29", "30", "31", "32", "33", "34", "35", "36", 
        "37", "38", "39", "40", "43", "48", "54")), class = "table"), 
    No.Tag = structure(c(0L, 2L, 30L, 0L, 0L, 0L, 0L, 0L, 0L, 
    0L, 0L, 0L, 1L, 0L, 0L), .Dim = c(5L, 3L), .Dimnames = structure(list(
        c("-2", "-1", "0", "1", NA), c("A", "G", NA)), .Names = c("", 
    "")), class = "table"), All.Tags = list(Concordant = list(
        Freqs = structure(c(0, 3, 109, 0, 0, 0, 0, 0), .Dim = c(4L, 
        2L), .Dimnames = list(c("-2", "-1", "0", "1"), c("A", 
        "G"))), N = 112), Majority = list(Freqs = structure(c(0, 
    3, 164, 0, 0, 0, 0, 0), .Dim = c(4L, 2L), .Dimnames = list(
        c("-2", "-1", "0", "1"), c("A", "G"))), N = 167)), `2` = structure(c(0, 
    0, 125, 0, 0, 0, 0, 0), .Dim = c(4L, 2L), .Dimnames = list(
        c("-2", "-1", "0", "1"), c("A", "G"))))))
