Results <-
list(`bwa.out//20220204//BlindCMMRD95_S54.sam` = list(IM16_SNP1 = list(
    All = list(Freqs = structure(c(0L, 29L, 2191L, 40L, 3L, 2L, 
    10L, 2355L, 43L, 1L, 0L, 0L, 1L, 0L, 0L, 0L, 0L, 46L, 5L, 
    0L), .Dim = 5:4, .Dimnames = structure(list(c("-2", "-1", 
    "0", "1", NA), c("A", "G", "T", NA)), .Names = c("", "")), class = "table"), 
        N = 4726L), Tag.Distribution = structure(c(`1` = 116L, 
    `2` = 48L, `3` = 34L, `4` = 32L, `5` = 25L, `6` = 23L, `7` = 19L, 
    `8` = 21L, `9` = 14L, `10` = 19L, `11` = 16L, `12` = 14L, 
    `13` = 10L, `14` = 5L, `15` = 9L, `16` = 5L, `17` = 1L, `18` = 7L, 
    `19` = 6L, `20` = 3L, `21` = 7L, `22` = 3L, `23` = 4L, `24` = 3L, 
    `25` = 4L, `26` = 5L, `27` = 1L, `28` = 3L, `29` = 4L, `30` = 2L, 
    `31` = 2L, `32` = 4L, `33` = 5L, `34` = 5L, `35` = 3L, `36` = 2L, 
    `37` = 4L, `38` = 1L, `39` = 1L, `40` = 1L, `41` = 2L, `44` = 4L, 
    `49` = 1L, `58` = 1L), .Dim = 44L, .Dimnames = list(TagUsage = c("1", 
    "2", "3", "4", "5", "6", "7", "8", "9", "10", "11", "12", 
    "13", "14", "15", "16", "17", "18", "19", "20", "21", "22", 
    "23", "24", "25", "26", "27", "28", "29", "30", "31", "32", 
    "33", "34", "35", "36", "37", "38", "39", "40", "41", "44", 
    "49", "58")), class = "table"), No.Tag = structure(c(0L, 
    0L, 32L, 1L, 0L, 0L, 0L, 58L, 1L, 0L, 0L, 0L, 0L, 0L, 0L, 
    0L, 0L, 9L, 1L, 0L), .Dim = 5:4, .Dimnames = structure(list(
        c("-2", "-1", "0", "1", NA), c("A", "G", "T", NA)), .Names = c("", 
    "")), class = "table"), All.Tags = list(Concordant = list(
        Freqs = structure(c(0, 2, 180, 2, 0, 0, 213, 2, 0, 0, 
        0, 0), .Dim = 4:3, .Dimnames = list(c("-2", "-1", "0", 
        "1"), c("A", "G", "T"))), N = 399), Majority = list(Freqs = structure(c(0, 
    3, 229, 2, 0, 0, 258, 2, 0, 0, 0, 0), .Dim = 4:3, .Dimnames = list(
        c("-2", "-1", "0", "1"), c("A", "G", "T"))), N = 494)), 
    `2` = structure(c(0, 1, 177, 1, 0, 0, 201, 0, 0, 0, 0, 0), .Dim = 4:3, .Dimnames = list(
        c("-2", "-1", "0", "1"), c("A", "G", "T"))))))
