Results <-
list(`bwa.out//20220204//Control28_S21.sam` = list(LR44_SNP1 = list(
    All = list(Freqs = structure(c(1L, 1L, 2L, 174L, 2682L, 41L, 
    12L, 0L, 0L, 0L, 3L, 43L, 0L, 0L), .Dim = c(7L, 2L), .Dimnames = structure(list(
        c("-5", "-3", "-2", "-1", "0", "1", NA), c("C", NA)), .Names = c("", 
    "")), class = "table"), N = 2959L), Tag.Distribution = structure(c(`1` = 147L, 
    `2` = 58L, `3` = 58L, `4` = 31L, `5` = 33L, `6` = 32L, `7` = 27L, 
    `8` = 19L, `9` = 21L, `10` = 16L, `11` = 12L, `12` = 11L, 
    `13` = 11L, `14` = 11L, `15` = 4L, `16` = 10L, `17` = 6L, 
    `18` = 3L, `19` = 4L, `20` = 4L, `21` = 1L, `22` = 2L, `25` = 1L, 
    `27` = 1L, `28` = 1L, `29` = 1L), .Dim = 26L, .Dimnames = list(
        TagUsage = c("1", "2", "3", "4", "5", "6", "7", "8", 
        "9", "10", "11", "12", "13", "14", "15", "16", "17", 
        "18", "19", "20", "21", "22", "25", "27", "28", "29")), class = "table"), 
    No.Tag = structure(c(0L, 0L, 0L, 8L, 73L, 0L, 0L, 0L, 0L, 
    0L, 0L, 3L, 0L, 0L), .Dim = c(7L, 2L), .Dimnames = structure(list(
        c("-5", "-3", "-2", "-1", "0", "1", NA), c("C", NA)), .Names = c("", 
    "")), class = "table"), All.Tags = list(Concordant = list(
        Freqs = structure(c(0, 0, 0, 5, 374, 3), .Dim = c(6L, 
        1L), .Dimnames = list(c("-5", "-3", "-2", "-1", "0", 
        "1"), "C")), N = 382), Majority = list(Freqs = structure(c(0, 
    0, 0, 6, 500, 4), .Dim = c(6L, 1L), .Dimnames = list(c("-5", 
    "-3", "-2", "-1", "0", "1"), "C")), N = 510)), `2` = structure(c(0, 
    0, 0, 2, 364, 1), .Dim = c(6L, 1L), .Dimnames = list(c("-5", 
    "-3", "-2", "-1", "0", "1"), "C")))))
