Results <-
list(`bwa.out//20220204//MLPA99_S13.sam` = list(DEPDC2_SNP1 = list(
    All = list(Freqs = structure(c(0L, 0L, 2L, 0L, 0L, 1L, 54L, 
    5565L, 41L, 26L, 0L, 1L, 169L, 1L, 0L), .Dim = c(5L, 3L), .Dimnames = structure(list(
        c("-2", "-1", "0", "1", NA), c("C", "T", NA)), .Names = c("", 
    "")), class = "table"), N = 5860L), Tag.Distribution = structure(c(`1` = 155L, 
    `2` = 40L, `3` = 42L, `4` = 24L, `5` = 35L, `6` = 17L, `7` = 22L, 
    `8` = 15L, `9` = 25L, `10` = 23L, `11` = 20L, `12` = 16L, 
    `13` = 17L, `14` = 13L, `15` = 16L, `16` = 14L, `17` = 20L, 
    `18` = 6L, `19` = 10L, `20` = 12L, `21` = 7L, `22` = 7L, 
    `23` = 4L, `24` = 4L, `25` = 5L, `26` = 5L, `27` = 2L, `28` = 2L, 
    `29` = 1L, `31` = 4L, `32` = 2L, `33` = 3L, `34` = 2L, `36` = 2L, 
    `37` = 1L, `38` = 1L, `39` = 4L, `40` = 1L, `41` = 2L, `43` = 2L, 
    `44` = 2L, `47` = 2L, `48` = 1L, `72` = 1L), .Dim = 44L, .Dimnames = list(
        TagUsage = c("1", "2", "3", "4", "5", "6", "7", "8", 
        "9", "10", "11", "12", "13", "14", "15", "16", "17", 
        "18", "19", "20", "21", "22", "23", "24", "25", "26", 
        "27", "28", "29", "31", "32", "33", "34", "36", "37", 
        "38", "39", "40", "41", "43", "44", "47", "48", "72")), class = "table"), 
    No.Tag = structure(c(0L, 0L, 0L, 0L, 0L, 0L, 2L, 164L, 1L, 
    5L, 0L, 0L, 17L, 0L, 0L), .Dim = c(5L, 3L), .Dimnames = structure(list(
        c("-2", "-1", "0", "1", NA), c("C", "T", NA)), .Names = c("", 
    "")), class = "table"), All.Tags = list(Concordant = list(
        Freqs = structure(c(0, 0, 1, 0, 0, 3, 538, 2), .Dim = c(4L, 
        2L), .Dimnames = list(c("-2", "-1", "0", "1"), c("C", 
        "T"))), N = 544), Majority = list(Freqs = structure(c(0, 
    0, 1, 0, 0, 5, 586, 3), .Dim = c(4L, 2L), .Dimnames = list(
        c("-2", "-1", "0", "1"), c("C", "T"))), N = 595)), `2` = structure(c(0, 
    0, 0, 0, 0, 3, 448, 1), .Dim = c(4L, 2L), .Dimnames = list(
        c("-2", "-1", "0", "1"), c("C", "T"))))))
