Results <-
list(`bwa.out//20220204//17D1520_S5.sam` = list(LR52_SNP1 = list(
    All = list(Freqs = structure(c(12L, 192L, 1239L, 7L, 11L, 
    11L, 132L, 1275L, 14L, 16L, 0L, 7L, 213L, 1L, 0L), .Dim = c(5L, 
    3L), .Dimnames = structure(list(c("-2", "-1", "0", "1", NA
    ), c("C", "T", NA)), .Names = c("", "")), class = "table"), 
        N = 3130L), Tag.Distribution = structure(c(`1` = 100L, 
    `2` = 46L, `3` = 42L, `4` = 30L, `5` = 20L, `6` = 23L, `7` = 18L, 
    `8` = 14L, `9` = 12L, `10` = 15L, `11` = 15L, `12` = 2L, 
    `13` = 7L, `14` = 9L, `15` = 3L, `16` = 5L, `17` = 5L, `18` = 4L, 
    `19` = 5L, `20` = 1L, `21` = 2L, `22` = 2L, `24` = 3L, `25` = 2L, 
    `26` = 6L, `27` = 1L, `28` = 2L, `29` = 4L, `30` = 2L, `31` = 2L, 
    `32` = 2L, `33` = 3L, `34` = 1L, `36` = 1L, `38` = 1L, `39` = 1L, 
    `40` = 1L, `46` = 1L), .Dim = 38L, .Dimnames = list(TagUsage = c("1", 
    "2", "3", "4", "5", "6", "7", "8", "9", "10", "11", "12", 
    "13", "14", "15", "16", "17", "18", "19", "20", "21", "22", 
    "24", "25", "26", "27", "28", "29", "30", "31", "32", "33", 
    "34", "36", "38", "39", "40", "46")), class = "table"), No.Tag = structure(c(0L, 
    3L, 24L, 0L, 0L, 1L, 3L, 36L, 0L, 1L, 0L, 0L, 6L, 0L, 0L), .Dim = c(5L, 
    3L), .Dimnames = structure(list(c("-2", "-1", "0", "1", NA
    ), c("C", "T", NA)), .Names = c("", "")), class = "table"), 
    All.Tags = list(Concordant = list(Freqs = structure(c(0, 
    10, 117, 1, 0, 7, 121, 1), .Dim = c(4L, 2L), .Dimnames = list(
        c("-2", "-1", "0", "1"), c("C", "T"))), N = 257), Majority = list(
        Freqs = structure(c(0, 13, 196, 1, 0, 11, 178, 1), .Dim = c(4L, 
        2L), .Dimnames = list(c("-2", "-1", "0", "1"), c("C", 
        "T"))), N = 400)), `2` = structure(c(0, 6, 155, 0, 0, 
    4, 140, 1), .Dim = c(4L, 2L), .Dimnames = list(c("-2", "-1", 
    "0", "1"), c("C", "T"))))))
