Results <-
list(`bwa.out//20220204//MLPA99_S13.sam` = list(LR20_SNP1 = list(
    All = list(Freqs = structure(c(21L, 2638L, 5L, 3L, 6L, 2538L, 
    8L, 2L, 1L, 44L, 0L, 0L), .Dim = 4:3, .Dimnames = structure(list(
        c("-1", "0", "1", NA), c("A", "G", NA)), .Names = c("", 
    "")), class = "table"), N = 5266L), Tag.Distribution = structure(c(`1` = 121L, 
    `2` = 37L, `3` = 31L, `4` = 16L, `5` = 23L, `6` = 16L, `7` = 20L, 
    `8` = 24L, `9` = 13L, `10` = 23L, `11` = 18L, `12` = 16L, 
    `13` = 17L, `14` = 22L, `15` = 10L, `16` = 10L, `17` = 12L, 
    `18` = 13L, `19` = 9L, `20` = 9L, `21` = 4L, `22` = 9L, `23` = 5L, 
    `24` = 5L, `25` = 4L, `26` = 1L, `27` = 4L, `28` = 3L, `29` = 3L, 
    `30` = 1L, `31` = 1L, `32` = 1L, `33` = 1L, `34` = 1L, `36` = 3L, 
    `37` = 1L, `38` = 1L, `39` = 4L, `41` = 4L, `42` = 1L, `45` = 1L, 
    `46` = 1L, `54` = 1L, `58` = 1L), .Dim = 44L, .Dimnames = list(
        TagUsage = c("1", "2", "3", "4", "5", "6", "7", "8", 
        "9", "10", "11", "12", "13", "14", "15", "16", "17", 
        "18", "19", "20", "21", "22", "23", "24", "25", "26", 
        "27", "28", "29", "30", "31", "32", "33", "34", "36", 
        "37", "38", "39", "41", "42", "45", "46", "54", "58")), class = "table"), 
    No.Tag = structure(c(0L, 69L, 0L, 0L, 0L, 100L, 0L, 1L, 0L, 
    6L, 0L, 0L), .Dim = 4:3, .Dimnames = structure(list(c("-1", 
    "0", "1", NA), c("A", "G", NA)), .Names = c("", "")), class = "table"), 
    All.Tags = list(Concordant = list(Freqs = structure(c(0, 
    221, 0, 0, 240, 0), .Dim = 3:2, .Dimnames = list(c("-1", 
    "0", "1"), c("A", "G"))), N = 461), Majority = list(Freqs = structure(c(1, 
    245, 0, 0, 266, 0), .Dim = 3:2, .Dimnames = list(c("-1", 
    "0", "1"), c("A", "G"))), N = 512)), `2` = structure(c(1, 
    194, 0, 0, 199, 0), .Dim = 3:2, .Dimnames = list(c("-1", 
    "0", "1"), c("A", "G"))))))
