Results <-
list(`bwa.out//20220204//BlindCMMRD62_S21.sam` = list(LR48_SNP1 = list(
    All = list(Freqs = structure(c(0L, 0L, 1L, 0L, 0L, 3L, 103L, 
    4467L, 63L, 16L, 0L, 0L, 90L, 1L, 0L), .Dim = c(5L, 3L), .Dimnames = structure(list(
        c("-2", "-1", "0", "1", NA), c("A", "C", NA)), .Names = c("", 
    "")), class = "table"), N = 4744L), Tag.Distribution = structure(c(`1` = 79L, 
    `2` = 30L, `3` = 23L, `4` = 23L, `5` = 18L, `6` = 27L, `7` = 12L, 
    `8` = 22L, `9` = 19L, `10` = 16L, `11` = 9L, `12` = 12L, 
    `13` = 11L, `14` = 9L, `15` = 7L, `16` = 15L, `17` = 8L, 
    `18` = 6L, `19` = 4L, `20` = 5L, `21` = 6L, `22` = 3L, `23` = 7L, 
    `24` = 6L, `25` = 6L, `26` = 6L, `27` = 3L, `28` = 6L, `29` = 4L, 
    `30` = 1L, `31` = 1L, `32` = 2L, `33` = 4L, `34` = 3L, `36` = 3L, 
    `37` = 2L, `38` = 1L, `39` = 3L, `41` = 2L, `44` = 1L, `52` = 2L, 
    `54` = 1L), .Dim = 42L, .Dimnames = list(TagUsage = c("1", 
    "2", "3", "4", "5", "6", "7", "8", "9", "10", "11", "12", 
    "13", "14", "15", "16", "17", "18", "19", "20", "21", "22", 
    "23", "24", "25", "26", "27", "28", "29", "30", "31", "32", 
    "33", "34", "36", "37", "38", "39", "41", "44", "52", "54"
    )), class = "table"), No.Tag = structure(c(0L, 0L, 0L, 0L, 
    0L, 0L, 7L, 165L, 2L, 1L, 0L, 0L, 1L, 0L, 0L), .Dim = c(5L, 
    3L), .Dimnames = structure(list(c("-2", "-1", "0", "1", NA
    ), c("A", "C", NA)), .Names = c("", "")), class = "table"), 
    All.Tags = list(Concordant = list(Freqs = structure(c(0, 
    0, 0, 0, 0, 2, 299, 0), .Dim = c(4L, 2L), .Dimnames = list(
        c("-2", "-1", "0", "1"), c("A", "C"))), N = 301), Majority = list(
        Freqs = structure(c(0, 0, 0, 0, 0, 2, 414, 1), .Dim = c(4L, 
        2L), .Dimnames = list(c("-2", "-1", "0", "1"), c("A", 
        "C"))), N = 417)), `2` = structure(c(0, 0, 0, 0, 0, 0, 
    345, 1), .Dim = c(4L, 2L), .Dimnames = list(c("-2", "-1", 
    "0", "1"), c("A", "C"))))))
