Results <-
list(`bwa.out//20220204//MLPA03_S10.sam` = list(LR44_SNP1 = list(
    All = list(Freqs = structure(c(0L, 6L, 138L, 1982L, 43L, 
    0L, 19L, 1L, 31L, 172L, 2099L, 31L, 1L, 30L, 0L, 0L, 7L, 
    83L, 1L, 0L, 0L), .Dim = c(7L, 3L), .Dimnames = structure(list(
        c("-3", "-2", "-1", "0", "1", "2", NA), c("C", "T", NA
        )), .Names = c("", "")), class = "table"), N = 4644L), 
    Tag.Distribution = structure(c(`1` = 131L, `2` = 45L, `3` = 41L, 
    `4` = 35L, `5` = 29L, `6` = 24L, `7` = 19L, `8` = 13L, `9` = 14L, 
    `10` = 9L, `11` = 13L, `12` = 13L, `13` = 12L, `14` = 14L, 
    `15` = 12L, `16` = 8L, `17` = 5L, `18` = 2L, `19` = 4L, `20` = 7L, 
    `21` = 6L, `22` = 9L, `23` = 8L, `24` = 4L, `25` = 5L, `26` = 2L, 
    `27` = 7L, `28` = 4L, `29` = 3L, `30` = 1L, `31` = 5L, `32` = 1L, 
    `33` = 5L, `34` = 1L, `35` = 2L, `38` = 1L, `39` = 2L, `41` = 1L, 
    `45` = 1L, `46` = 1L, `47` = 1L, `49` = 1L, `51` = 1L), .Dim = 43L, .Dimnames = list(
        TagUsage = c("1", "2", "3", "4", "5", "6", "7", "8", 
        "9", "10", "11", "12", "13", "14", "15", "16", "17", 
        "18", "19", "20", "21", "22", "23", "24", "25", "26", 
        "27", "28", "29", "30", "31", "32", "33", "34", "35", 
        "38", "39", "41", "45", "46", "47", "49", "51")), class = "table"), 
    No.Tag = structure(c(0L, 1L, 3L, 48L, 1L, 0L, 2L, 0L, 0L, 
    1L, 9L, 1L, 0L, 4L, 0L, 0L, 0L, 2L, 0L, 0L, 0L), .Dim = c(7L, 
    3L), .Dimnames = structure(list(c("-3", "-2", "-1", "0", 
    "1", "2", NA), c("C", "T", NA)), .Names = c("", "")), class = "table"), 
    All.Tags = list(Concordant = list(Freqs = structure(c(0, 
    0, 3, 135, 1, 0, 0, 0, 7, 167, 0, 0), .Dim = c(6L, 2L), .Dimnames = list(
        c("-3", "-2", "-1", "0", "1", "2"), c("C", "T"))), N = 313), 
        Majority = list(Freqs = structure(c(0, 0, 4, 221, 2, 
        0, 0, 1, 10, 263, 0, 0), .Dim = c(6L, 2L), .Dimnames = list(
            c("-3", "-2", "-1", "0", "1", "2"), c("C", "T"))), 
            N = 501)), `2` = structure(c(0, 0, 1, 171, 1, 0, 
    0, 1, 4, 202, 0, 0), .Dim = c(6L, 2L), .Dimnames = list(c("-3", 
    "-2", "-1", "0", "1", "2"), c("C", "T"))))))
