Results <-
list(`bwa.out//20220204//BlindCMMRD90_S49.sam` = list(GM29_SNP1 = list(
    All = list(Freqs = structure(c(0L, 0L, 0L, 1L, 0L, 0L, 1L, 
    3L, 73L, 4626L, 11L, 3L, 0L, 0L, 0L, 4L, 0L, 1L, 0L, 0L, 
    0L, 1L, 0L, 0L, 0L, 0L, 2L, 38L, 0L, 0L), .Dim = 6:5, .Dimnames = structure(list(
        c("-3", "-2", "-1", "0", "1", NA), c("-", "A", "G", "T", 
        NA)), .Names = c("", "")), class = "table"), N = 4764L), 
    Tag.Distribution = structure(c(`1` = 84L, `2` = 50L, `3` = 44L, 
    `4` = 42L, `5` = 36L, `6` = 34L, `7` = 28L, `8` = 19L, `9` = 28L, 
    `10` = 10L, `11` = 21L, `12` = 12L, `13` = 19L, `14` = 13L, 
    `15` = 16L, `16` = 10L, `17` = 11L, `18` = 3L, `19` = 5L, 
    `20` = 5L, `21` = 3L, `22` = 3L, `23` = 7L, `24` = 5L, `25` = 3L, 
    `26` = 4L, `27` = 5L, `29` = 1L, `30` = 4L, `31` = 2L, `32` = 1L, 
    `33` = 2L, `34` = 2L, `36` = 1L, `37` = 1L, `38` = 1L, `41` = 1L, 
    `43` = 1L, `44` = 1L, `45` = 1L, `49` = 1L, `59` = 1L), .Dim = 42L, .Dimnames = list(
        TagUsage = c("1", "2", "3", "4", "5", "6", "7", "8", 
        "9", "10", "11", "12", "13", "14", "15", "16", "17", 
        "18", "19", "20", "21", "22", "23", "24", "25", "26", 
        "27", "29", "30", "31", "32", "33", "34", "36", "37", 
        "38", "41", "43", "44", "45", "49", "59")), class = "table"), 
    No.Tag = structure(c(0L, 0L, 0L, 0L, 0L, 0L, 0L, 0L, 0L, 
    60L, 1L, 0L, 0L, 0L, 0L, 0L, 0L, 0L, 0L, 0L, 0L, 0L, 0L, 
    0L, 0L, 0L, 0L, 2L, 0L, 0L), .Dim = 6:5, .Dimnames = structure(list(
        c("-3", "-2", "-1", "0", "1", NA), c("-", "A", "G", "T", 
        NA)), .Names = c("", "")), class = "table"), All.Tags = list(
        Concordant = list(Freqs = structure(c(0, 0, 0, 0, 0, 
        0, 0, 0, 464, 0, 0, 0, 0, 2, 0, 0, 0, 0, 0, 0), .Dim = 5:4, .Dimnames = list(
            c("-3", "-2", "-1", "0", "1"), c("-", "A", "G", "T"
            ))), N = 466), Majority = list(Freqs = structure(c(0, 
        0, 0, 0, 0, 0, 0, 0, 537, 0, 0, 0, 0, 2, 0, 0, 0, 0, 
        0, 0), .Dim = 5:4, .Dimnames = list(c("-3", "-2", "-1", 
        "0", "1"), c("-", "A", "G", "T"))), N = 539)), `2` = structure(c(0, 
    0, 0, 0, 0, 0, 0, 0, 457, 0, 0, 0, 0, 0, 0, 0, 0, 0, 0, 0
    ), .Dim = 5:4, .Dimnames = list(c("-3", "-2", "-1", "0", 
    "1"), c("-", "A", "G", "T"))))))
