Results <-
list(`bwa.out//20220204//BlindCMMRD67_S26.sam` = list(LR11_SNP1 = list(
    All = list(Freqs = structure(c(3L, 85L, 3970L, 27L, 1L, 7L, 
    0L, 0L, 4L, 0L, 0L, 0L, 0L, 0L, 1L, 0L, 0L, 0L, 0L, 0L, 1L, 
    0L, 0L, 0L, 0L, 0L, 26L, 0L, 0L, 0L), .Dim = 6:5, .Dimnames = structure(list(
        c("-2", "-1", "0", "1", "2", NA), c("A", "C", "G", "T", 
        NA)), .Names = c("", "")), class = "table"), N = 4125L), 
    Tag.Distribution = structure(c(`1` = 99L, `2` = 43L, `3` = 38L, 
    `4` = 44L, `5` = 28L, `6` = 34L, `7` = 22L, `8` = 27L, `9` = 20L, 
    `10` = 14L, `11` = 19L, `12` = 13L, `13` = 11L, `14` = 19L, 
    `15` = 5L, `16` = 17L, `17` = 14L, `18` = 4L, `19` = 12L, 
    `20` = 8L, `21` = 4L, `22` = 4L, `23` = 5L, `24` = 2L, `25` = 1L, 
    `26` = 2L, `27` = 1L, `28` = 1L, `29` = 3L, `30` = 1L, `33` = 1L, 
    `36` = 1L, `41` = 1L, `42` = 1L, `44` = 1L), .Dim = 35L, .Dimnames = list(
        TagUsage = c("1", "2", "3", "4", "5", "6", "7", "8", 
        "9", "10", "11", "12", "13", "14", "15", "16", "17", 
        "18", "19", "20", "21", "22", "23", "24", "25", "26", 
        "27", "28", "29", "30", "33", "36", "41", "42", "44")), class = "table"), 
    No.Tag = structure(c(0L, 0L, 16L, 0L, 0L, 0L, 0L, 0L, 0L, 
    0L, 0L, 0L, 0L, 0L, 0L, 0L, 0L, 0L, 0L, 0L, 0L, 0L, 0L, 0L, 
    0L, 0L, 1L, 0L, 0L, 0L), .Dim = 6:5, .Dimnames = structure(list(
        c("-2", "-1", "0", "1", "2", NA), c("A", "C", "G", "T", 
        NA)), .Names = c("", "")), class = "table"), All.Tags = list(
        Concordant = list(Freqs = structure(c(0, 3, 418, 0, 0, 
        0, 0, 4, 0, 0, 0, 0, 0, 0, 0, 0, 0, 0, 0, 0), .Dim = 5:4, .Dimnames = list(
            c("-2", "-1", "0", "1", "2"), c("A", "C", "G", "T"
            ))), N = 425), Majority = list(Freqs = structure(c(0, 
        4, 506, 0, 0, 0, 0, 4, 0, 0, 0, 0, 0, 0, 0, 0, 0, 0, 
        0, 0), .Dim = 5:4, .Dimnames = list(c("-2", "-1", "0", 
        "1", "2"), c("A", "C", "G", "T"))), N = 514)), `2` = structure(c(0, 
    1, 418, 0, 0, 0, 0, 0, 0, 0, 0, 0, 0, 0, 0, 0, 0, 0, 0, 0
    ), .Dim = 5:4, .Dimnames = list(c("-2", "-1", "0", "1", "2"
    ), c("A", "C", "G", "T"))))))
