Results <-
list(`bwa.out//20220204//Control24_S17.sam` = list(GM01_SNP1 = list(
    All = list(Freqs = structure(c(33L, 3073L, 13L, 9L, 0L, 1L, 
    0L, 0L, 2L, 43L, 0L, 0L), .Dim = 4:3, .Dimnames = structure(list(
        c("-1", "0", "1", NA), c("A", "G", NA)), .Names = c("", 
    "")), class = "table"), N = 3174L), Tag.Distribution = structure(c(`1` = 109L, 
    `2` = 65L, `3` = 53L, `4` = 30L, `5` = 44L, `6` = 19L, `7` = 22L, 
    `8` = 20L, `9` = 23L, `10` = 13L, `11` = 19L, `12` = 8L, 
    `13` = 9L, `14` = 4L, `15` = 6L, `16` = 7L, `17` = 9L, `18` = 4L, 
    `19` = 5L, `20` = 3L, `21` = 3L, `22` = 2L, `23` = 2L, `25` = 3L, 
    `26` = 4L, `27` = 1L, `29` = 1L, `32` = 1L, `35` = 1L, `37` = 1L, 
    `54` = 1L), .Dim = 31L, .Dimnames = list(TagUsage = c("1", 
    "2", "3", "4", "5", "6", "7", "8", "9", "10", "11", "12", 
    "13", "14", "15", "16", "17", "18", "19", "20", "21", "22", 
    "23", "25", "26", "27", "29", "32", "35", "37", "54")), class = "table"), 
    No.Tag = structure(c(1L, 59L, 0L, 0L, 0L, 0L, 0L, 0L, 0L, 
    5L, 0L, 0L), .Dim = 4:3, .Dimnames = structure(list(c("-1", 
    "0", "1", NA), c("A", "G", NA)), .Names = c("", "")), class = "table"), 
    All.Tags = list(Concordant = list(Freqs = structure(c(2, 
    445, 1, 0, 1, 0), .Dim = 3:2, .Dimnames = list(c("-1", "0", 
    "1"), c("A", "G"))), N = 449), Majority = list(Freqs = structure(c(2, 
    479, 1, 0, 1, 0), .Dim = 3:2, .Dimnames = list(c("-1", "0", 
    "1"), c("A", "G"))), N = 483)), `2` = structure(c(1, 380, 
    0, 0, 0, 0), .Dim = 3:2, .Dimnames = list(c("-1", "0", "1"
    ), c("A", "G"))))))
