Results <-
list(`bwa.out//20220204//Control14_S7.sam` = list(GM29_SNP1 = list(
    All = list(Freqs = structure(c(0L, 0L, 1L, 0L, 0L, 1L, 15L, 
    1828L, 6L, 7L, 0L, 25L, 1784L, 5L, 2L, 0L, 2L, 16L, 0L, 0L
    ), .Dim = 5:4, .Dimnames = structure(list(c("-3", "-1", "0", 
    "1", NA), c("-", "A", "G", NA)), .Names = c("", "")), class = "table"), 
        N = 3692L), Tag.Distribution = structure(c(`1` = 70L, 
    `2` = 32L, `3` = 28L, `4` = 28L, `5` = 19L, `6` = 34L, `7` = 16L, 
    `8` = 27L, `9` = 18L, `10` = 14L, `11` = 15L, `12` = 16L, 
    `13` = 7L, `14` = 9L, `15` = 5L, `16` = 6L, `17` = 4L, `18` = 4L, 
    `19` = 1L, `20` = 4L, `21` = 6L, `22` = 4L, `23` = 5L, `24` = 5L, 
    `25` = 3L, `26` = 2L, `27` = 3L, `28` = 1L, `29` = 4L, `30` = 3L, 
    `32` = 2L, `33` = 1L, `35` = 3L, `36` = 1L, `37` = 1L, `40` = 1L, 
    `44` = 1L, `46` = 1L, `58` = 1L), .Dim = 39L, .Dimnames = list(
        TagUsage = c("1", "2", "3", "4", "5", "6", "7", "8", 
        "9", "10", "11", "12", "13", "14", "15", "16", "17", 
        "18", "19", "20", "21", "22", "23", "24", "25", "26", 
        "27", "28", "29", "30", "32", "33", "35", "36", "37", 
        "40", "44", "46", "58")), class = "table"), No.Tag = structure(c(0L, 
    0L, 0L, 0L, 0L, 0L, 0L, 59L, 1L, 0L, 0L, 0L, 34L, 0L, 0L, 
    0L, 0L, 1L, 0L, 0L), .Dim = 5:4, .Dimnames = structure(list(
        c("-3", "-1", "0", "1", NA), c("-", "A", "G", NA)), .Names = c("", 
    "")), class = "table"), All.Tags = list(Concordant = list(
        Freqs = structure(c(0, 0, 0, 0, 0, 0, 176, 0, 0, 0, 154, 
        0), .Dim = 4:3, .Dimnames = list(c("-3", "-1", "0", "1"
        ), c("-", "A", "G"))), N = 330), Majority = list(Freqs = structure(c(0, 
    0, 0, 0, 0, 0, 209, 0, 0, 0, 193, 0), .Dim = 4:3, .Dimnames = list(
        c("-3", "-1", "0", "1"), c("-", "A", "G"))), N = 402)), 
    `2` = structure(c(0, 0, 0, 0, 0, 0, 173, 0, 0, 0, 160, 0), .Dim = 4:3, .Dimnames = list(
        c("-3", "-1", "0", "1"), c("-", "A", "G"))))))
