Results <-
list(`bwa.out//20220204//BlindCMMRD78_S37.sam` = list(LR40_SNP1 = list(
    All = list(Freqs = structure(c(2L, 42L, 4380L, 14L, 5L, 0L, 
    0L, 24L, 0L, 0L), .Dim = c(5L, 2L), .Dimnames = structure(list(
        c("-2", "-1", "0", "1", NA), c("C", NA)), .Names = c("", 
    "")), class = "table"), N = 4467L), Tag.Distribution = structure(c(`1` = 133L, 
    `2` = 69L, `3` = 73L, `4` = 48L, `5` = 60L, `6` = 38L, `7` = 34L, 
    `8` = 24L, `9` = 22L, `10` = 25L, `11` = 20L, `12` = 12L, 
    `13` = 14L, `14` = 14L, `15` = 13L, `16` = 5L, `17` = 10L, 
    `18` = 6L, `19` = 3L, `20` = 5L, `21` = 5L, `22` = 7L, `23` = 4L, 
    `24` = 5L, `25` = 4L, `26` = 2L, `27` = 1L, `28` = 2L, `30` = 1L, 
    `31` = 1L, `37` = 1L), .Dim = 31L, .Dimnames = list(TagUsage = c("1", 
    "2", "3", "4", "5", "6", "7", "8", "9", "10", "11", "12", 
    "13", "14", "15", "16", "17", "18", "19", "20", "21", "22", 
    "23", "24", "25", "26", "27", "28", "30", "31", "37")), class = "table"), 
    No.Tag = structure(c(0L, 1L, 116L, 1L, 1L, 0L, 0L, 4L, 0L, 
    0L), .Dim = c(5L, 2L), .Dimnames = structure(list(c("-2", 
    "-1", "0", "1", NA), c("C", NA)), .Names = c("", "")), class = "table"), 
    All.Tags = list(Concordant = list(Freqs = structure(c(0, 
    1, 610, 1), .Dim = c(4L, 1L), .Dimnames = list(c("-2", "-1", 
    "0", "1"), "C")), N = 612), Majority = list(Freqs = structure(c(0, 
    1, 658, 1), .Dim = c(4L, 1L), .Dimnames = list(c("-2", "-1", 
    "0", "1"), "C")), N = 660)), `2` = structure(c(0, 0, 526, 
    1), .Dim = c(4L, 1L), .Dimnames = list(c("-2", "-1", "0", 
    "1"), "C")))))
