Results <-
list(`bwa.out//20220204//Control23_S16.sam` = list(GM26_SNP1 = list(
    All = list(Freqs = structure(c(11L, 1307L, 8L, 3L, 4L, 998L, 
    4L, 2L, 0L, 37L, 1L, 0L), .Dim = 4:3, .Dimnames = structure(list(
        c("-1", "0", "1", NA), c("A", "G", NA)), .Names = c("", 
    "")), class = "table"), N = 2375L), Tag.Distribution = structure(c(`1` = 99L, 
    `2` = 37L, `3` = 26L, `4` = 42L, `5` = 24L, `6` = 23L, `7` = 22L, 
    `8` = 18L, `9` = 16L, `10` = 5L, `11` = 7L, `12` = 12L, `13` = 12L, 
    `14` = 8L, `15` = 8L, `16` = 5L, `17` = 8L, `18` = 2L, `19` = 1L, 
    `20` = 1L, `21` = 3L, `22` = 3L, `23` = 2L, `24` = 1L, `25` = 2L
    ), .Dim = 25L, .Dimnames = list(TagUsage = c("1", "2", "3", 
    "4", "5", "6", "7", "8", "9", "10", "11", "12", "13", "14", 
    "15", "16", "17", "18", "19", "20", "21", "22", "23", "24", 
    "25")), class = "table"), No.Tag = structure(c(0L, 25L, 0L, 
    0L, 0L, 27L, 0L, 0L, 0L, 5L, 0L, 0L), .Dim = 4:3, .Dimnames = structure(list(
        c("-1", "0", "1", NA), c("A", "G", NA)), .Names = c("", 
    "")), class = "table"), All.Tags = list(Concordant = list(
        Freqs = structure(c(0, 177, 0, 2, 172, 0), .Dim = 3:2, .Dimnames = list(
            c("-1", "0", "1"), c("A", "G"))), N = 351), Majority = list(
        Freqs = structure(c(0, 195, 0, 2, 182, 0), .Dim = 3:2, .Dimnames = list(
            c("-1", "0", "1"), c("A", "G"))), N = 379)), `2` = structure(c(0, 
    147, 0, 0, 139, 0), .Dim = 3:2, .Dimnames = list(c("-1", 
    "0", "1"), c("A", "G"))))))
