Results <-
list(`bwa.out//20220204//MLPA80_S12.sam` = list(GM17_SNP1 = list(
    All = list(Freqs = structure(c(1L, 55L, 3692L, 10L, 4L, 0L, 
    0L, 2L, 0L, 0L, 0L, 2L, 22L, 0L, 0L), .Dim = c(5L, 3L), .Dimnames = structure(list(
        c("-2", "-1", "0", "1", NA), c("C", "T", NA)), .Names = c("", 
    "")), class = "table"), N = 3788L), Tag.Distribution = structure(c(`1` = 173L, 
    `2` = 63L, `3` = 59L, `4` = 46L, `5` = 42L, `6` = 24L, `7` = 28L, 
    `8` = 29L, `9` = 27L, `10` = 13L, `11` = 12L, `12` = 8L, 
    `13` = 5L, `14` = 12L, `15` = 8L, `16` = 8L, `17` = 6L, `18` = 8L, 
    `19` = 9L, `20` = 5L, `21` = 3L, `22` = 4L, `23` = 2L, `24` = 1L, 
    `25` = 5L, `26` = 1L, `27` = 1L, `28` = 2L, `29` = 1L, `30` = 2L, 
    `33` = 1L, `37` = 1L, `38` = 1L), .Dim = 33L, .Dimnames = list(
        TagUsage = c("1", "2", "3", "4", "5", "6", "7", "8", 
        "9", "10", "11", "12", "13", "14", "15", "16", "17", 
        "18", "19", "20", "21", "22", "23", "24", "25", "26", 
        "27", "28", "29", "30", "33", "37", "38")), class = "table"), 
    No.Tag = structure(c(0L, 1L, 91L, 1L, 1L, 0L, 0L, 0L, 0L, 
    0L, 0L, 0L, 1L, 0L, 0L), .Dim = c(5L, 3L), .Dimnames = structure(list(
        c("-2", "-1", "0", "1", NA), c("C", "T", NA)), .Names = c("", 
    "")), class = "table"), All.Tags = list(Concordant = list(
        Freqs = structure(c(0, 4, 558, 0, 0, 0, 1, 0), .Dim = c(4L, 
        2L), .Dimnames = list(c("-2", "-1", "0", "1"), c("C", 
        "T"))), N = 563), Majority = list(Freqs = structure(c(0, 
    4, 598, 0, 0, 0, 1, 0), .Dim = c(4L, 2L), .Dimnames = list(
        c("-2", "-1", "0", "1"), c("C", "T"))), N = 603)), `2` = structure(c(0, 
    0, 435, 0, 0, 0, 0, 0), .Dim = c(4L, 2L), .Dimnames = list(
        c("-2", "-1", "0", "1"), c("C", "T"))))))
