Results <-
list(`bwa.out//20220204//17D1520_S5.sam` = list(GM07_SNP1 = list(
    All = list(Freqs = structure(c(2L, 260L, 3523L, 131L, 2L, 
    65L, 0L, 0L, 2L, 0L, 0L, 0L, 1L, 1L, 18L, 0L, 0L, 0L), .Dim = c(6L, 
    3L), .Dimnames = structure(list(c("-2", "-1", "0", "1", "2", 
    NA), c("A", "G", NA)), .Names = c("", "")), class = "table"), 
        N = 4005L), Tag.Distribution = structure(c(`1` = 129L, 
    `2` = 61L, `3` = 44L, `4` = 31L, `5` = 32L, `6` = 29L, `7` = 17L, 
    `8` = 12L, `9` = 22L, `10` = 11L, `11` = 11L, `12` = 13L, 
    `13` = 13L, `14` = 7L, `15` = 8L, `16` = 8L, `17` = 8L, `18` = 4L, 
    `19` = 7L, `20` = 7L, `21` = 4L, `22` = 5L, `24` = 3L, `25` = 3L, 
    `26` = 2L, `27` = 2L, `28` = 4L, `29` = 4L, `30` = 2L, `31` = 2L, 
    `32` = 1L, `33` = 1L, `35` = 1L, `38` = 1L, `39` = 1L, `40` = 1L, 
    `43` = 1L, `53` = 1L), .Dim = 38L, .Dimnames = list(TagUsage = c("1", 
    "2", "3", "4", "5", "6", "7", "8", "9", "10", "11", "12", 
    "13", "14", "15", "16", "17", "18", "19", "20", "21", "22", 
    "24", "25", "26", "27", "28", "29", "30", "31", "32", "33", 
    "35", "38", "39", "40", "43", "53")), class = "table"), No.Tag = structure(c(0L, 
    17L, 220L, 5L, 0L, 13L, 0L, 0L, 0L, 0L, 0L, 0L, 0L, 0L, 3L, 
    0L, 0L, 0L), .Dim = c(6L, 3L), .Dimnames = structure(list(
        c("-2", "-1", "0", "1", "2", NA), c("A", "G", NA)), .Names = c("", 
    "")), class = "table"), All.Tags = list(Concordant = list(
        Freqs = structure(c(0, 15, 338, 4, 0, 0, 0, 2, 0, 0), .Dim = c(5L, 
        2L), .Dimnames = list(c("-2", "-1", "0", "1", "2"), c("A", 
        "G"))), N = 359), Majority = list(Freqs = structure(c(0, 
    17, 470, 6, 0, 0, 0, 2, 0, 0), .Dim = c(5L, 2L), .Dimnames = list(
        c("-2", "-1", "0", "1", "2"), c("A", "G"))), N = 495)), 
    `2` = structure(c(0, 9, 362, 2, 0, 0, 0, 0, 0, 0), .Dim = c(5L, 
    2L), .Dimnames = list(c("-2", "-1", "0", "1", "2"), c("A", 
    "G"))))))
