Results <-
list(`bwa.out//20220204//BlindCMMRD98_S57.sam` = list(GM29_SNP1 = list(
    All = list(Freqs = structure(c(1L, 53L, 2795L, 9L, 6L, 0L, 
    0L, 1L, 0L, 0L, 1L, 88L, 2464L, 6L, 3L, 0L, 2L, 45L, 0L, 
    0L), .Dim = 5:4, .Dimnames = structure(list(c("-2", "-1", 
    "0", "1", NA), c("A", "C", "G", NA)), .Names = c("", "")), class = "table"), 
        N = 5474L), Tag.Distribution = structure(c(`1` = 99L, 
    `2` = 45L, `3` = 37L, `4` = 31L, `5` = 23L, `6` = 22L, `7` = 18L, 
    `8` = 15L, `9` = 15L, `10` = 13L, `11` = 18L, `12` = 17L, 
    `13` = 19L, `14` = 15L, `15` = 12L, `16` = 9L, `17` = 3L, 
    `18` = 12L, `19` = 10L, `20` = 6L, `21` = 2L, `22` = 4L, 
    `23` = 3L, `24` = 3L, `25` = 9L, `26` = 2L, `27` = 2L, `28` = 6L, 
    `29` = 2L, `30` = 1L, `31` = 3L, `33` = 5L, `34` = 2L, `35` = 4L, 
    `36` = 2L, `37` = 3L, `39` = 1L, `41` = 1L, `42` = 2L, `43` = 1L, 
    `45` = 1L, `46` = 2L, `47` = 1L, `49` = 2L, `52` = 1L, `57` = 2L, 
    `65` = 1L, `66` = 1L, `103` = 1L), .Dim = 49L, .Dimnames = list(
        TagUsage = c("1", "2", "3", "4", "5", "6", "7", "8", 
        "9", "10", "11", "12", "13", "14", "15", "16", "17", 
        "18", "19", "20", "21", "22", "23", "24", "25", "26", 
        "27", "28", "29", "30", "31", "33", "34", "35", "36", 
        "37", "39", "41", "42", "43", "45", "46", "47", "49", 
        "52", "57", "65", "66", "103")), class = "table"), No.Tag = structure(c(0L, 
    0L, 43L, 1L, 1L, 0L, 0L, 0L, 0L, 0L, 1L, 0L, 87L, 0L, 1L, 
    0L, 0L, 2L, 0L, 0L), .Dim = 5:4, .Dimnames = structure(list(
        c("-2", "-1", "0", "1", NA), c("A", "C", "G", NA)), .Names = c("", 
    "")), class = "table"), All.Tags = list(Concordant = list(
        Freqs = structure(c(0, 3, 197, 0, 0, 0, 0, 0, 0, 1, 191, 
        0), .Dim = 4:3, .Dimnames = list(c("-2", "-1", "0", "1"
        ), c("A", "C", "G"))), N = 392), Majority = list(Freqs = structure(c(0, 
    4, 254, 0, 0, 0, 0, 0, 0, 2, 238, 0), .Dim = 4:3, .Dimnames = list(
        c("-2", "-1", "0", "1"), c("A", "C", "G"))), N = 498)), 
    `2` = structure(c(0, 2, 217, 0, 0, 0, 0, 0, 0, 1, 185, 0), .Dim = 4:3, .Dimnames = list(
        c("-2", "-1", "0", "1"), c("A", "C", "G"))))))
