Results <-
list(`bwa.out//20220204//Control20_S13.sam` = list(LR52_SNP1 = list(
    All = list(Freqs = structure(c(0L, 0L, 0L, 1L, 0L, 0L, 0L, 
    11L, 146L, 1169L, 24L, 36L, 7L, 137L, 1278L, 25L, 1L, 7L, 
    0L, 2L, 41L, 15L, 0L, 0L), .Dim = c(6L, 4L), .Dimnames = structure(list(
        c("-2", "-1", "0", "1", "2", NA), c("A", "C", "T", NA
        )), .Names = c("", "")), class = "table"), N = 2900L), 
    Tag.Distribution = structure(c(`1` = 95L, `2` = 42L, `3` = 35L, 
    `4` = 28L, `5` = 28L, `6` = 27L, `7` = 18L, `8` = 21L, `9` = 20L, 
    `10` = 13L, `11` = 9L, `12` = 9L, `13` = 7L, `14` = 10L, 
    `15` = 5L, `16` = 6L, `17` = 10L, `18` = 7L, `19` = 7L, `20` = 3L, 
    `21` = 6L, `22` = 2L, `23` = 1L, `24` = 1L, `25` = 2L, `26` = 2L, 
    `27` = 1L, `28` = 1L, `29` = 2L), .Dim = 29L, .Dimnames = list(
        TagUsage = c("1", "2", "3", "4", "5", "6", "7", "8", 
        "9", "10", "11", "12", "13", "14", "15", "16", "17", 
        "18", "19", "20", "21", "22", "23", "24", "25", "26", 
        "27", "28", "29")), class = "table"), No.Tag = structure(c(0L, 
    0L, 0L, 0L, 0L, 0L, 0L, 0L, 2L, 13L, 0L, 1L, 0L, 3L, 46L, 
    0L, 0L, 0L, 0L, 1L, 2L, 0L, 0L, 0L), .Dim = c(6L, 4L), .Dimnames = structure(list(
        c("-2", "-1", "0", "1", "2", NA), c("A", "C", "T", NA
        )), .Names = c("", "")), class = "table"), All.Tags = list(
        Concordant = list(Freqs = structure(c(0, 0, 0, 0, 0, 
        0, 1, 5, 103, 1, 1, 9, 111, 1, 1), .Dim = c(5L, 3L), .Dimnames = list(
            c("-2", "-1", "0", "1", "2"), c("A", "C", "T"))), 
            N = 233), Majority = list(Freqs = structure(c(0, 
        0, 0, 0, 0, 0, 1, 8, 188, 1, 1, 10, 183, 2, 1), .Dim = c(5L, 
        3L), .Dimnames = list(c("-2", "-1", "0", "1", "2"), c("A", 
        "C", "T"))), N = 395)), `2` = structure(c(0, 0, 0, 0, 
    0, 0, 1, 5, 148, 1, 0, 1, 152, 2, 0), .Dim = c(5L, 3L), .Dimnames = list(
        c("-2", "-1", "0", "1", "2"), c("A", "C", "T"))))))
