Results <-
list(`bwa.out//20220204//Control17_S10.sam` = list(GM09_SNP1 = list(
    All = list(Freqs = structure(c(0L, 1L, 0L, 0L, 19L, 2990L, 
    4L, 1L, 1L, 16L, 0L, 0L), .Dim = 4:3, .Dimnames = structure(list(
        c("-1", "0", "1", NA), c("A", "G", NA)), .Names = c("", 
    "")), class = "table"), N = 3032L), Tag.Distribution = structure(c(`1` = 117L, 
    `2` = 50L, `3` = 60L, `4` = 31L, `5` = 36L, `6` = 26L, `7` = 23L, 
    `8` = 23L, `9` = 12L, `10` = 24L, `11` = 11L, `12` = 10L, 
    `13` = 8L, `14` = 11L, `15` = 9L, `16` = 6L, `17` = 7L, `18` = 3L, 
    `19` = 3L, `20` = 3L, `21` = 3L, `22` = 1L, `23` = 1L, `24` = 5L, 
    `25` = 1L, `26` = 1L, `29` = 1L, `38` = 1L), .Dim = 28L, .Dimnames = list(
        TagUsage = c("1", "2", "3", "4", "5", "6", "7", "8", 
        "9", "10", "11", "12", "13", "14", "15", "16", "17", 
        "18", "19", "20", "21", "22", "23", "24", "25", "26", 
        "29", "38")), class = "table"), No.Tag = structure(c(0L, 
    0L, 0L, 0L, 3L, 110L, 1L, 0L, 0L, 2L, 0L, 0L), .Dim = 4:3, .Dimnames = structure(list(
        c("-1", "0", "1", NA), c("A", "G", NA)), .Names = c("", 
    "")), class = "table"), All.Tags = list(Concordant = list(
        Freqs = structure(c(0, 1, 0, 0, 465, 0), .Dim = 3:2, .Dimnames = list(
            c("-1", "0", "1"), c("A", "G"))), N = 466), Majority = list(
        Freqs = structure(c(0, 1, 0, 0, 481, 0), .Dim = 3:2, .Dimnames = list(
            c("-1", "0", "1"), c("A", "G"))), N = 482)), `2` = structure(c(0, 
    0, 0, 0, 369, 0), .Dim = 3:2, .Dimnames = list(c("-1", "0", 
    "1"), c("A", "G"))))))
