Results <-
list(`bwa.out//20220204//BlindCMMRD91_S50.sam` = list(LR48_SNP1 = list(
    All = list(Freqs = structure(c(0L, 0L, 1L, 0L, 0L, 0L, 3L, 
    208L, 4281L, 69L, 1L, 29L, 0L, 4L, 78L, 1L, 0L, 0L), .Dim = c(6L, 
    3L), .Dimnames = structure(list(c("-2", "-1", "0", "1", "2", 
    NA), c("A", "C", NA)), .Names = c("", "")), class = "table"), 
        N = 4675L), Tag.Distribution = structure(c(`1` = 68L, 
    `2` = 29L, `3` = 29L, `4` = 22L, `5` = 11L, `6` = 18L, `7` = 26L, 
    `8` = 26L, `9` = 15L, `10` = 10L, `11` = 10L, `12` = 12L, 
    `13` = 19L, `14` = 12L, `15` = 9L, `16` = 9L, `17` = 6L, 
    `18` = 8L, `19` = 4L, `20` = 8L, `21` = 2L, `22` = 7L, `23` = 11L, 
    `24` = 9L, `25` = 8L, `26` = 7L, `27` = 6L, `28` = 4L, `29` = 5L, 
    `30` = 4L, `31` = 2L, `32` = 1L, `33` = 3L, `34` = 2L, `36` = 2L, 
    `37` = 1L, `39` = 1L, `41` = 1L, `47` = 1L), .Dim = 39L, .Dimnames = list(
        TagUsage = c("1", "2", "3", "4", "5", "6", "7", "8", 
        "9", "10", "11", "12", "13", "14", "15", "16", "17", 
        "18", "19", "20", "21", "22", "23", "24", "25", "26", 
        "27", "28", "29", "30", "31", "32", "33", "34", "36", 
        "37", "39", "41", "47")), class = "table"), No.Tag = structure(c(0L, 
    0L, 0L, 0L, 0L, 0L, 0L, 2L, 57L, 2L, 0L, 2L, 0L, 0L, 10L, 
    0L, 0L, 0L), .Dim = c(6L, 3L), .Dimnames = structure(list(
        c("-2", "-1", "0", "1", "2", NA), c("A", "C", NA)), .Names = c("", 
    "")), class = "table"), All.Tags = list(Concordant = list(
        Freqs = structure(c(0, 0, 0, 0, 0, 1, 8, 301, 0, 0), .Dim = c(5L, 
        2L), .Dimnames = list(c("-2", "-1", "0", "1", "2"), c("A", 
        "C"))), N = 310), Majority = list(Freqs = structure(c(0, 
    0, 0, 0, 0, 1, 10, 410, 0, 0), .Dim = c(5L, 2L), .Dimnames = list(
        c("-2", "-1", "0", "1", "2"), c("A", "C"))), N = 421)), 
    `2` = structure(c(0, 0, 0, 0, 0, 0, 8, 348, 0, 0), .Dim = c(5L, 
    2L), .Dimnames = list(c("-2", "-1", "0", "1", "2"), c("A", 
    "C"))))))
