Results <-
list(`bwa.out//20220204//BlindCMMRD93_S52.sam` = list(LR10_SNP1 = list(
    All = list(Freqs = structure(c(79L, 2882L, 11L, 6L, 0L, 2L, 
    0L, 0L, 0L, 30L, 0L, 0L), .Dim = 4:3, .Dimnames = structure(list(
        c("-1", "0", "1", NA), c("C", "T", NA)), .Names = c("", 
    "")), class = "table"), N = 3010L), Tag.Distribution = structure(c(`1` = 108L, 
    `2` = 47L, `3` = 53L, `4` = 40L, `5` = 40L, `6` = 27L, `7` = 33L, 
    `8` = 17L, `9` = 18L, `10` = 15L, `11` = 22L, `12` = 10L, 
    `13` = 8L, `14` = 8L, `15` = 7L, `16` = 8L, `17` = 7L, `18` = 3L, 
    `19` = 3L, `20` = 2L, `21` = 4L, `23` = 2L, `25` = 2L, `29` = 1L, 
    `36` = 1L), .Dim = 25L, .Dimnames = list(TagUsage = c("1", 
    "2", "3", "4", "5", "6", "7", "8", "9", "10", "11", "12", 
    "13", "14", "15", "16", "17", "18", "19", "20", "21", "23", 
    "25", "29", "36")), class = "table"), No.Tag = structure(c(3L, 
    108L, 0L, 0L, 0L, 0L, 0L, 0L, 0L, 11L, 0L, 0L), .Dim = 4:3, .Dimnames = structure(list(
        c("-1", "0", "1", NA), c("C", "T", NA)), .Names = c("", 
    "")), class = "table"), All.Tags = list(Concordant = list(
        Freqs = structure(c(7, 428, 2, 0, 2, 0), .Dim = 3:2, .Dimnames = list(
            c("-1", "0", "1"), c("C", "T"))), N = 439), Majority = list(
        Freqs = structure(c(7, 469, 2, 0, 2, 0), .Dim = 3:2, .Dimnames = list(
            c("-1", "0", "1"), c("C", "T"))), N = 480)), `2` = structure(c(6, 
    370, 0, 0, 0, 0), .Dim = 3:2, .Dimnames = list(c("-1", "0", 
    "1"), c("C", "T"))))))
