Results <-
list(`bwa.out//20220204//BlindCMMRD124_S50.sam` = list(GM22_SNP1 = list(
    All = list(Freqs = structure(c(3L, 33L, 2267L, 16L, 5L, 1L, 
    28L, 1898L, 2L, 5L, 0L, 0L, 1L, 0L, 0L, 0L, 1L, 52L, 1L, 
    0L), .Dim = 5:4, .Dimnames = structure(list(c("-2", "-1", 
    "0", "1", NA), c("A", "G", "T", NA)), .Names = c("", "")), class = "table"), 
        N = 4313L), Tag.Distribution = structure(c(`1` = 192L, 
    `2` = 111L, `3` = 105L, `4` = 85L, `5` = 57L, `6` = 54L, 
    `7` = 44L, `8` = 28L, `9` = 22L, `10` = 19L, `11` = 22L, 
    `12` = 18L, `13` = 10L, `14` = 12L, `15` = 11L, `16` = 11L, 
    `17` = 6L, `18` = 7L, `19` = 4L, `20` = 1L, `21` = 3L, `22` = 2L, 
    `23` = 1L, `24` = 3L, `26` = 1L, `32` = 1L), .Dim = 26L, .Dimnames = list(
        TagUsage = c("1", "2", "3", "4", "5", "6", "7", "8", 
        "9", "10", "11", "12", "13", "14", "15", "16", "17", 
        "18", "19", "20", "21", "22", "23", "24", "26", "32")), class = "table"), 
    No.Tag = structure(c(0L, 0L, 20L, 0L, 2L, 0L, 0L, 10L, 0L, 
    0L, 0L, 0L, 0L, 0L, 0L, 0L, 0L, 2L, 0L, 0L), .Dim = 5:4, .Dimnames = structure(list(
        c("-2", "-1", "0", "1", NA), c("A", "G", "T", NA)), .Names = c("", 
    "")), class = "table"), All.Tags = list(Concordant = list(
        Freqs = structure(c(0, 2, 370, 2, 0, 3, 346, 0, 0, 0, 
        0, 0), .Dim = 4:3, .Dimnames = list(c("-2", "-1", "0", 
        "1"), c("A", "G", "T"))), N = 723), Majority = list(Freqs = structure(c(0, 
    2, 420, 2, 0, 3, 389, 0, 0, 0, 0, 0), .Dim = 4:3, .Dimnames = list(
        c("-2", "-1", "0", "1"), c("A", "G", "T"))), N = 816)), 
    `2` = structure(c(0, 1, 324, 2, 0, 1, 303, 0, 0, 0, 0, 0), .Dim = 4:3, .Dimnames = list(
        c("-2", "-1", "0", "1"), c("A", "G", "T"))))))
