Results <-
list(`bwa.out//20220204//BlindCMMRD120_S46.sam` = list(GM22_SNP1 = list(
    All = list(Freqs = structure(c(0L, 0L, 11L, 0L, 0L, 1L, 66L, 
    4580L, 20L, 12L, 0L, 2L, 60L, 0L, 0L), .Dim = c(5L, 3L), .Dimnames = structure(list(
        c("-2", "-1", "0", "1", NA), c("A", "G", NA)), .Names = c("", 
    "")), class = "table"), N = 4752L), Tag.Distribution = structure(c(`1` = 208L, 
    `2` = 153L, `3` = 117L, `4` = 123L, `5` = 85L, `6` = 77L, 
    `7` = 54L, `8` = 46L, `9` = 30L, `10` = 20L, `11` = 19L, 
    `12` = 15L, `13` = 10L, `14` = 14L, `15` = 8L, `16` = 8L, 
    `17` = 1L, `18` = 3L, `19` = 4L, `20` = 1L, `21` = 1L, `28` = 1L, 
    `29` = 1L), .Dim = 23L, .Dimnames = list(TagUsage = c("1", 
    "2", "3", "4", "5", "6", "7", "8", "9", "10", "11", "12", 
    "13", "14", "15", "16", "17", "18", "19", "20", "21", "28", 
    "29")), class = "table"), No.Tag = structure(c(0L, 0L, 0L, 
    0L, 0L, 0L, 0L, 80L, 0L, 1L, 0L, 0L, 3L, 0L, 0L), .Dim = c(5L, 
    3L), .Dimnames = structure(list(c("-2", "-1", "0", "1", NA
    ), c("A", "G", NA)), .Names = c("", "")), class = "table"), 
    All.Tags = list(Concordant = list(Freqs = structure(c(0, 
    0, 6, 0, 0, 7, 898, 2), .Dim = c(4L, 2L), .Dimnames = list(
        c("-2", "-1", "0", "1"), c("A", "G"))), N = 913), Majority = list(
        Freqs = structure(c(0, 0, 6, 0, 0, 7, 966, 3), .Dim = c(4L, 
        2L), .Dimnames = list(c("-2", "-1", "0", "1"), c("A", 
        "G"))), N = 982)), `2` = structure(c(0, 0, 0, 0, 0, 0, 
    784, 1), .Dim = c(4L, 2L), .Dimnames = list(c("-2", "-1", 
    "0", "1"), c("A", "G"))))))
