Results <-
list(`bwa.out//20220204//Control17_S10.sam` = list(IM16_SNP1 = list(
    All = list(Freqs = structure(c(0L, 1L, 0L, 0L, 0L, 28L, 2912L, 
    37L, 1L, 3L, 0L, 20L, 0L, 0L, 0L, 0L, 1L, 0L, 0L, 0L, 1L, 
    47L, 0L, 0L, 0L), .Dim = c(5L, 5L), .Dimnames = structure(list(
        c("-1", "0", "1", "2", NA), c("-", "A", "G", "T", NA)), .Names = c("", 
    "")), class = "table"), N = 3051L), Tag.Distribution = structure(c(`1` = 139L, 
    `2` = 55L, `3` = 47L, `4` = 39L, `5` = 26L, `6` = 26L, `7` = 28L, 
    `8` = 17L, `9` = 14L, `10` = 18L, `11` = 13L, `12` = 14L, 
    `13` = 9L, `14` = 8L, `15` = 9L, `16` = 5L, `17` = 3L, `18` = 5L, 
    `19` = 4L, `20` = 6L, `22` = 1L, `23` = 3L, `24` = 1L, `25` = 5L, 
    `26` = 1L, `27` = 2L, `29` = 1L, `31` = 1L, `33` = 1L), .Dim = 29L, .Dimnames = list(
        TagUsage = c("1", "2", "3", "4", "5", "6", "7", "8", 
        "9", "10", "11", "12", "13", "14", "15", "16", "17", 
        "18", "19", "20", "22", "23", "24", "25", "26", "27", 
        "29", "31", "33")), class = "table"), No.Tag = structure(c(0L, 
    0L, 0L, 0L, 0L, 0L, 66L, 1L, 0L, 0L, 0L, 1L, 0L, 0L, 0L, 
    0L, 0L, 0L, 0L, 0L, 0L, 8L, 0L, 0L, 0L), .Dim = c(5L, 5L), .Dimnames = structure(list(
        c("-1", "0", "1", "2", NA), c("-", "A", "G", "T", NA)), .Names = c("", 
    "")), class = "table"), All.Tags = list(Concordant = list(
        Freqs = structure(c(0, 0, 0, 0, 0, 435, 1, 1, 0, 3, 0, 
        0, 0, 0, 0, 0), .Dim = c(4L, 4L), .Dimnames = list(c("-1", 
        "0", "1", "2"), c("-", "A", "G", "T"))), N = 440), Majority = list(
        Freqs = structure(c(0, 0, 0, 0, 0, 485, 1, 1, 0, 3, 0, 
        0, 0, 0, 0, 0), .Dim = c(4L, 4L), .Dimnames = list(c("-1", 
        "0", "1", "2"), c("-", "A", "G", "T"))), N = 490)), `2` = structure(c(0, 
    0, 0, 0, 0, 360, 0, 0, 0, 1, 0, 0, 0, 0, 0, 0), .Dim = c(4L, 
    4L), .Dimnames = list(c("-1", "0", "1", "2"), c("-", "A", 
    "G", "T"))))))
