Results <-
list(`bwa.out//20220204//BlindCMMRD65_S24.sam` = list(GM22_SNP1 = list(
    All = list(Freqs = structure(c(3L, 85L, 5460L, 18L, 0L, 12L, 
    0L, 0L, 4L, 0L, 0L, 0L, 0L, 0L, 1L, 0L, 0L, 0L, 0L, 1L, 58L, 
    0L, 1L, 0L), .Dim = c(6L, 4L), .Dimnames = structure(list(
        c("-2", "-1", "0", "1", "2", NA), c("A", "G", "T", NA
        )), .Names = c("", "")), class = "table"), N = 5643L), 
    Tag.Distribution = structure(c(`1` = 156L, `2` = 63L, `3` = 50L, 
    `4` = 70L, `5` = 54L, `6` = 41L, `7` = 50L, `8` = 42L, `9` = 20L, 
    `10` = 25L, `11` = 29L, `12` = 17L, `13` = 19L, `14` = 17L, 
    `15` = 20L, `16` = 16L, `17` = 9L, `18` = 11L, `19` = 9L, 
    `20` = 7L, `21` = 10L, `22` = 8L, `23` = 6L, `24` = 3L, `25` = 1L, 
    `26` = 2L, `27` = 2L, `28` = 1L, `30` = 1L, `31` = 1L, `32` = 1L, 
    `34` = 1L), .Dim = 32L, .Dimnames = list(TagUsage = c("1", 
    "2", "3", "4", "5", "6", "7", "8", "9", "10", "11", "12", 
    "13", "14", "15", "16", "17", "18", "19", "20", "21", "22", 
    "23", "24", "25", "26", "27", "28", "30", "31", "32", "34"
    )), class = "table"), No.Tag = structure(c(0L, 4L, 178L, 
    0L, 0L, 1L, 0L, 0L, 0L, 0L, 0L, 0L, 0L, 0L, 0L, 0L, 0L, 0L, 
    0L, 0L, 8L, 0L, 0L, 0L), .Dim = c(6L, 4L), .Dimnames = structure(list(
        c("-2", "-1", "0", "1", "2", NA), c("A", "G", "T", NA
        )), .Names = c("", "")), class = "table"), All.Tags = list(
        Concordant = list(Freqs = structure(c(1, 5, 669, 2, 0, 
        0, 0, 2, 0, 0, 0, 0, 0, 0, 0), .Dim = c(5L, 3L), .Dimnames = list(
            c("-2", "-1", "0", "1", "2"), c("A", "G", "T"))), 
            N = 679), Majority = list(Freqs = structure(c(1, 
        5, 745, 2, 0, 0, 0, 2, 0, 0, 0, 0, 0, 0, 0), .Dim = c(5L, 
        3L), .Dimnames = list(c("-2", "-1", "0", "1", "2"), c("A", 
        "G", "T"))), N = 755)), `2` = structure(c(0, 2, 603, 
    0, 0, 0, 0, 0, 0, 0, 0, 0, 0, 0, 0), .Dim = c(5L, 3L), .Dimnames = list(
        c("-2", "-1", "0", "1", "2"), c("A", "G", "T"))))))
