Results <-
list(`bwa.out//20220204//BlindCMMRD59_S18.sam` = list(LR44_SNP1 = list(
    All = list(Freqs = structure(c(1L, 2L, 159L, 2441L, 30L, 
    0L, 8L, 1L, 11L, 253L, 3048L, 56L, 1L, 14L, 0L, 1L, 11L, 
    120L, 7L, 0L, 0L), .Dim = c(7L, 3L), .Dimnames = structure(list(
        c("-3", "-2", "-1", "0", "1", "2", NA), c("C", "T", NA
        )), .Names = c("", "")), class = "table"), N = 6164L), 
    Tag.Distribution = structure(c(`1` = 111L, `2` = 78L, `3` = 66L, 
    `4` = 49L, `5` = 54L, `6` = 44L, `7` = 41L, `8` = 27L, `9` = 32L, 
    `10` = 22L, `11` = 29L, `12` = 17L, `13` = 25L, `14` = 11L, 
    `15` = 22L, `16` = 12L, `17` = 12L, `18` = 9L, `19` = 14L, 
    `20` = 10L, `21` = 15L, `22` = 6L, `23` = 5L, `24` = 1L, 
    `25` = 4L, `26` = 2L, `27` = 6L, `28` = 1L, `29` = 7L, `30` = 2L, 
    `31` = 3L, `35` = 1L, `39` = 2L, `43` = 1L), .Dim = 34L, .Dimnames = list(
        TagUsage = c("1", "2", "3", "4", "5", "6", "7", "8", 
        "9", "10", "11", "12", "13", "14", "15", "16", "17", 
        "18", "19", "20", "21", "22", "23", "24", "25", "26", 
        "27", "28", "29", "30", "31", "35", "39", "43")), class = "table"), 
    No.Tag = structure(c(0L, 0L, 3L, 87L, 0L, 0L, 1L, 0L, 0L, 
    2L, 56L, 0L, 0L, 1L, 0L, 0L, 0L, 11L, 1L, 0L, 0L), .Dim = c(7L, 
    3L), .Dimnames = structure(list(c("-3", "-2", "-1", "0", 
    "1", "2", NA), c("C", "T", NA)), .Names = c("", "")), class = "table"), 
    All.Tags = list(Concordant = list(Freqs = structure(c(1, 
    0, 3, 204, 1, 0, 1, 0, 8, 204, 1, 0), .Dim = c(6L, 2L), .Dimnames = list(
        c("-3", "-2", "-1", "0", "1", "2"), c("C", "T"))), N = 423), 
        Majority = list(Freqs = structure(c(1, 0, 5, 320, 1, 
        0, 1, 0, 10, 375, 2, 0), .Dim = c(6L, 2L), .Dimnames = list(
            c("-3", "-2", "-1", "0", "1", "2"), c("C", "T"))), 
            N = 715)), `2` = structure(c(0, 0, 4, 280, 0, 0, 
    0, 0, 4, 324, 1, 0), .Dim = c(6L, 2L), .Dimnames = list(c("-3", 
    "-2", "-1", "0", "1", "2"), c("C", "T"))))))
