Results <-
list(`bwa.out//20220204//17D0989_S8.sam` = list(LR46_SNP1 = list(
    All = list(Freqs = structure(c(0L, 1L, 0L, 0L, 0L, 1L, 0L, 
    0L, 0L, 1L, 0L, 0L, 22L, 4501L, 5L, 10L, 1L, 15L, 0L, 0L), .Dim = 4:5, .Dimnames = structure(list(
        c("-1", "0", "1", NA), c("-", "C", "G", "T", NA)), .Names = c("", 
    "")), class = "table"), N = 4557L), Tag.Distribution = structure(c(`1` = 167L, 
    `2` = 74L, `3` = 55L, `4` = 54L, `5` = 31L, `6` = 39L, `7` = 18L, 
    `8` = 21L, `9` = 22L, `10` = 17L, `11` = 10L, `12` = 11L, 
    `13` = 11L, `14` = 12L, `15` = 12L, `16` = 6L, `17` = 6L, 
    `18` = 7L, `19` = 8L, `20` = 3L, `21` = 7L, `22` = 5L, `23` = 7L, 
    `24` = 2L, `25` = 3L, `26` = 2L, `27` = 3L, `29` = 1L, `30` = 1L, 
    `31` = 1L, `32` = 1L, `33` = 2L, `35` = 1L, `36` = 2L, `38` = 1L, 
    `39` = 1L, `41` = 1L, `43` = 2L, `44` = 1L, `45` = 1L, `46` = 1L, 
    `51` = 1L), .Dim = 42L, .Dimnames = list(TagUsage = c("1", 
    "2", "3", "4", "5", "6", "7", "8", "9", "10", "11", "12", 
    "13", "14", "15", "16", "17", "18", "19", "20", "21", "22", 
    "23", "24", "25", "26", "27", "29", "30", "31", "32", "33", 
    "35", "36", "38", "39", "41", "43", "44", "45", "46", "51"
    )), class = "table"), No.Tag = structure(c(0L, 0L, 0L, 0L, 
    0L, 0L, 0L, 0L, 0L, 0L, 0L, 0L, 2L, 178L, 0L, 0L, 0L, 2L, 
    0L, 0L), .Dim = 4:5, .Dimnames = structure(list(c("-1", "0", 
    "1", NA), c("-", "C", "G", "T", NA)), .Names = c("", "")), class = "table"), 
    All.Tags = list(Concordant = list(Freqs = structure(c(0, 
    0, 0, 0, 0, 0, 0, 0, 0, 0, 602, 0), .Dim = 3:4, .Dimnames = list(
        c("-1", "0", "1"), c("-", "C", "G", "T"))), N = 602), 
        Majority = list(Freqs = structure(c(0, 0, 0, 0, 0, 0, 
        0, 0, 0, 0, 626, 0), .Dim = 3:4, .Dimnames = list(c("-1", 
        "0", "1"), c("-", "C", "G", "T"))), N = 626)), `2` = structure(c(0, 
    0, 0, 0, 0, 0, 0, 0, 0, 0, 462, 0), .Dim = 3:4, .Dimnames = list(
        c("-1", "0", "1"), c("-", "C", "G", "T"))))))
