Results <-
list(`bwa.out//20220204//BlindCMMRD133_S59.sam` = list(GM26_SNP1 = list(
    All = list(Freqs = structure(c(16L, 2618L, 9L, 0L, 4L, 24L, 
    2345L, 7L, 1L, 4L, 2L, 59L, 0L, 0L, 0L), .Dim = c(5L, 3L), .Dimnames = structure(list(
        c("-1", "0", "1", "3", NA), c("A", "G", NA)), .Names = c("", 
    "")), class = "table"), N = 5089L), Tag.Distribution = structure(c(`1` = 222L, 
    `2` = 184L, `3` = 162L, `4` = 139L, `5` = 111L, `6` = 93L, 
    `7` = 63L, `8` = 38L, `9` = 42L, `10` = 18L, `11` = 21L, 
    `12` = 15L, `13` = 8L, `14` = 8L, `15` = 6L, `17` = 4L, `18` = 3L, 
    `19` = 1L, `21` = 1L, `23` = 1L, `49` = 1L), .Dim = 21L, .Dimnames = list(
        TagUsage = c("1", "2", "3", "4", "5", "6", "7", "8", 
        "9", "10", "11", "12", "13", "14", "15", "17", "18", 
        "19", "21", "23", "49")), class = "table"), No.Tag = structure(c(0L, 
    47L, 0L, 0L, 0L, 0L, 35L, 0L, 0L, 2L, 0L, 6L, 0L, 0L, 0L), .Dim = c(5L, 
    3L), .Dimnames = structure(list(c("-1", "0", "1", "3", NA
    ), c("A", "G", NA)), .Names = c("", "")), class = "table"), 
    All.Tags = list(Concordant = list(Freqs = structure(c(0, 
    492, 0, 0, 1, 467, 1, 0), .Dim = c(4L, 2L), .Dimnames = list(
        c("-1", "0", "1", "3"), c("A", "G"))), N = 961), Majority = list(
        Freqs = structure(c(0, 565, 0, 0, 1, 536, 1, 0), .Dim = c(4L, 
        2L), .Dimnames = list(c("-1", "0", "1", "3"), c("A", 
        "G"))), N = 1103)), `2` = structure(c(0, 458, 0, 0, 0, 
    430, 0, 0), .Dim = c(4L, 2L), .Dimnames = list(c("-1", "0", 
    "1", "3"), c("A", "G"))))))
