Results <-
list(`bwa.out//20220204//BlindCMMRD69_S28.sam` = list(GM14_SNP1 = list(
    All = list(Freqs = structure(c(1L, 29L, 1103L, 7L, 2L, 0L, 
    38L, 1303L, 5L, 1L, 0L, 0L, 19L, 0L, 0L), .Dim = c(5L, 3L
    ), .Dimnames = structure(list(c("-2", "-1", "0", "1", NA), 
        c("C", "T", NA)), .Names = c("", "")), class = "table"), 
        N = 2508L), Tag.Distribution = structure(c(`1` = 70L, 
    `2` = 42L, `3` = 28L, `4` = 27L, `5` = 19L, `6` = 27L, `7` = 26L, 
    `8` = 19L, `9` = 11L, `10` = 12L, `11` = 16L, `12` = 8L, 
    `13` = 11L, `14` = 9L, `15` = 8L, `16` = 5L, `17` = 5L, `18` = 4L, 
    `19` = 4L, `20` = 3L, `21` = 3L, `22` = 1L, `23` = 3L, `24` = 1L, 
    `25` = 1L, `30` = 1L, `33` = 1L, `35` = 1L), .Dim = 28L, .Dimnames = list(
        TagUsage = c("1", "2", "3", "4", "5", "6", "7", "8", 
        "9", "10", "11", "12", "13", "14", "15", "16", "17", 
        "18", "19", "20", "21", "22", "23", "24", "25", "30", 
        "33", "35")), class = "table"), No.Tag = structure(c(0L, 
    0L, 9L, 0L, 0L, 0L, 0L, 7L, 0L, 0L, 0L, 0L, 1L, 0L, 0L), .Dim = c(5L, 
    3L), .Dimnames = structure(list(c("-2", "-1", "0", "1", NA
    ), c("C", "T", NA)), .Names = c("", "")), class = "table"), 
    All.Tags = list(Concordant = list(Freqs = structure(c(0, 
    1, 146, 1, 0, 0, 160, 0), .Dim = c(4L, 2L), .Dimnames = list(
        c("-2", "-1", "0", "1"), c("C", "T"))), N = 308), Majority = list(
        Freqs = structure(c(0, 1, 172, 1, 0, 1, 188, 0), .Dim = c(4L, 
        2L), .Dimnames = list(c("-2", "-1", "0", "1"), c("C", 
        "T"))), N = 363)), `2` = structure(c(0, 0, 137, 0, 0, 
    1, 155, 0), .Dim = c(4L, 2L), .Dimnames = list(c("-2", "-1", 
    "0", "1"), c("C", "T"))))))
