Results <-
list(`bwa.out//20220204//BlindCMMRD44_S4.sam` = list(IM49_SNP1 = list(
    All = list(Freqs = structure(c(1L, 114L, 2917L, 56L, 1L, 
    41L, 0L, 1L, 4L, 0L, 0L, 1L, 1L, 1L, 143L, 2L, 0L, 0L), .Dim = c(6L, 
    3L), .Dimnames = structure(list(c("-2", "-1", "0", "1", "2", 
    NA), c("C", "G", NA)), .Names = c("", "")), class = "table"), 
        N = 3283L), Tag.Distribution = structure(c(`1` = 158L, 
    `2` = 29L, `3` = 20L, `4` = 24L, `5` = 27L, `6` = 17L, `7` = 20L, 
    `8` = 11L, `9` = 16L, `10` = 26L, `11` = 7L, `12` = 9L, `13` = 15L, 
    `14` = 10L, `15` = 4L, `16` = 9L, `17` = 3L, `18` = 8L, `19` = 9L, 
    `20` = 3L, `21` = 2L, `22` = 2L, `24` = 5L, `25` = 2L, `26` = 3L, 
    `27` = 3L, `28` = 2L, `29` = 3L, `30` = 1L, `31` = 1L, `33` = 1L, 
    `34` = 2L, `35` = 1L, `38` = 1L, `40` = 1L, `41` = 1L), .Dim = 36L, .Dimnames = list(
        TagUsage = c("1", "2", "3", "4", "5", "6", "7", "8", 
        "9", "10", "11", "12", "13", "14", "15", "16", "17", 
        "18", "19", "20", "21", "22", "24", "25", "26", "27", 
        "28", "29", "30", "31", "33", "34", "35", "38", "40", 
        "41")), class = "table"), No.Tag = structure(c(0L, 3L, 
    11L, 0L, 0L, 0L, 0L, 0L, 1L, 0L, 0L, 0L, 0L, 0L, 3L, 0L, 
    0L, 0L), .Dim = c(6L, 3L), .Dimnames = structure(list(c("-2", 
    "-1", "0", "1", "2", NA), c("C", "G", NA)), .Names = c("", 
    "")), class = "table"), All.Tags = list(Concordant = list(
        Freqs = structure(c(0, 4, 288, 1, 0, 0, 1, 3, 0, 0), .Dim = c(5L, 
        2L), .Dimnames = list(c("-2", "-1", "0", "1", "2"), c("C", 
        "G"))), N = 297), Majority = list(Freqs = structure(c(0, 
    4, 396, 1, 0, 0, 1, 3, 0, 0), .Dim = c(5L, 2L), .Dimnames = list(
        c("-2", "-1", "0", "1", "2"), c("C", "G"))), N = 405)), 
    `2` = structure(c(0, 1, 293, 0, 0, 0, 0, 0, 0, 0), .Dim = c(5L, 
    2L), .Dimnames = list(c("-2", "-1", "0", "1", "2"), c("C", 
    "G"))))))
