Results <-
list(`bwa.out//20220204//Control29_S22.sam` = list(IM16_SNP1 = list(
    All = list(Freqs = structure(c(1L, 8L, 1672L, 21L, 0L, 1L, 
    4L, 0L, 21L, 2135L, 39L, 1L, 0L, 2L, 0L, 3L, 56L, 2L, 0L, 
    0L, 0L), .Dim = c(7L, 3L), .Dimnames = structure(list(c("-2", 
    "-1", "0", "1", "2", "3", NA), c("A", "G", NA)), .Names = c("", 
    "")), class = "table"), N = 3966L), Tag.Distribution = structure(c(`1` = 113L, 
    `2` = 70L, `3` = 49L, `4` = 42L, `5` = 41L, `6` = 33L, `7` = 29L, 
    `8` = 19L, `9` = 24L, `10` = 24L, `11` = 17L, `12` = 17L, 
    `13` = 13L, `14` = 12L, `15` = 5L, `16` = 10L, `17` = 8L, 
    `18` = 3L, `19` = 4L, `20` = 5L, `21` = 4L, `22` = 2L, `23` = 4L, 
    `24` = 3L, `25` = 2L, `27` = 1L, `28` = 1L, `29` = 3L, `30` = 3L, 
    `31` = 1L, `32` = 1L, `35` = 1L, `40` = 1L, `48` = 1L), .Dim = 34L, .Dimnames = list(
        TagUsage = c("1", "2", "3", "4", "5", "6", "7", "8", 
        "9", "10", "11", "12", "13", "14", "15", "16", "17", 
        "18", "19", "20", "21", "22", "23", "24", "25", "27", 
        "28", "29", "30", "31", "32", "35", "40", "48")), class = "table"), 
    No.Tag = structure(c(0L, 0L, 33L, 0L, 0L, 0L, 0L, 0L, 0L, 
    55L, 0L, 0L, 0L, 1L, 0L, 0L, 6L, 0L, 0L, 0L, 0L), .Dim = c(7L, 
    3L), .Dimnames = structure(list(c("-2", "-1", "0", "1", "2", 
    "3", NA), c("A", "G", NA)), .Names = c("", "")), class = "table"), 
    All.Tags = list(Concordant = list(Freqs = structure(c(0, 
    0, 210, 1, 0, 0, 0, 0, 253, 0, 0, 0), .Dim = c(6L, 2L), .Dimnames = list(
        c("-2", "-1", "0", "1", "2", "3"), c("A", "G"))), N = 464), 
        Majority = list(Freqs = structure(c(0, 0, 247, 1, 0, 
        0, 0, 0, 303, 1, 0, 0), .Dim = c(6L, 2L), .Dimnames = list(
            c("-2", "-1", "0", "1", "2", "3"), c("A", "G"))), 
            N = 552)), `2` = structure(c(0, 0, 200, 0, 0, 0, 
    0, 0, 245, 1, 0, 0), .Dim = c(6L, 2L), .Dimnames = list(c("-2", 
    "-1", "0", "1", "2", "3"), c("A", "G"))))))
