Results <-
list(`bwa.out//20220204//Control22_S15.sam` = list(GM22_SNP1 = list(
    All = list(Freqs = structure(c(17L, 2453L, 10L, 6L, 0L, 2L, 
    0L, 0L, 0L, 20L, 0L, 0L), .Dim = 4:3, .Dimnames = structure(list(
        c("-1", "0", "1", NA), c("A", "G", NA)), .Names = c("", 
    "")), class = "table"), N = 2508L), Tag.Distribution = structure(c(`1` = 111L, 
    `2` = 43L, `3` = 38L, `4` = 24L, `5` = 26L, `6` = 15L, `7` = 23L, 
    `8` = 20L, `9` = 14L, `10` = 11L, `11` = 10L, `12` = 10L, 
    `13` = 6L, `14` = 9L, `15` = 10L, `16` = 6L, `17` = 1L, `18` = 4L, 
    `19` = 2L, `20` = 4L, `21` = 1L, `22` = 1L, `23` = 2L, `24` = 4L, 
    `25` = 1L, `28` = 2L, `29` = 1L, `32` = 1L, `34` = 2L), .Dim = 29L, .Dimnames = list(
        TagUsage = c("1", "2", "3", "4", "5", "6", "7", "8", 
        "9", "10", "11", "12", "13", "14", "15", "16", "17", 
        "18", "19", "20", "21", "22", "23", "24", "25", "28", 
        "29", "32", "34")), class = "table"), No.Tag = structure(c(0L, 
    41L, 0L, 0L, 0L, 0L, 0L, 0L, 0L, 1L, 0L, 0L), .Dim = 4:3, .Dimnames = structure(list(
        c("-1", "0", "1", NA), c("A", "G", NA)), .Names = c("", 
    "")), class = "table"), All.Tags = list(Concordant = list(
        Freqs = structure(c(0, 372, 0, 0, 2, 0), .Dim = 3:2, .Dimnames = list(
            c("-1", "0", "1"), c("A", "G"))), N = 374), Majority = list(
        Freqs = structure(c(0, 394, 1, 0, 2, 0), .Dim = 3:2, .Dimnames = list(
            c("-1", "0", "1"), c("A", "G"))), N = 397)), `2` = structure(c(0, 
    289, 1, 0, 0, 0), .Dim = 3:2, .Dimnames = list(c("-1", "0", 
    "1"), c("A", "G"))))))
