Results <-
list(`bwa.out//20220204//MLPA80_S12.sam` = list(LR49_SNP1 = list(
    All = list(Freqs = structure(c(25L, 4094L, 1L, 2L, 1L, 0L, 
    0L, 0L, 1L, 93L, 0L, 0L), .Dim = 4:3, .Dimnames = structure(list(
        c("-1", "0", "1", NA), c("A", "G", NA)), .Names = c("", 
    "")), class = "table"), N = 4217L), Tag.Distribution = structure(c(`1` = 202L, 
    `2` = 93L, `3` = 90L, `4` = 62L, `5` = 58L, `6` = 42L, `7` = 40L, 
    `8` = 23L, `9` = 28L, `10` = 17L, `11` = 25L, `12` = 9L, 
    `13` = 14L, `14` = 11L, `15` = 11L, `16` = 8L, `17` = 3L, 
    `18` = 5L, `19` = 5L, `20` = 8L, `21` = 4L, `23` = 2L, `24` = 4L, 
    `26` = 1L, `29` = 1L, `30` = 1L, `33` = 1L), .Dim = 27L, .Dimnames = list(
        TagUsage = c("1", "2", "3", "4", "5", "6", "7", "8", 
        "9", "10", "11", "12", "13", "14", "15", "16", "17", 
        "18", "19", "20", "21", "23", "24", "26", "29", "30", 
        "33")), class = "table"), No.Tag = structure(c(2L, 118L, 
    0L, 1L, 0L, 0L, 0L, 0L, 0L, 10L, 0L, 0L), .Dim = 4:3, .Dimnames = structure(list(
        c("-1", "0", "1", NA), c("A", "G", NA)), .Names = c("", 
    "")), class = "table"), All.Tags = list(Concordant = list(
        Freqs = structure(c(3, 746, 0, 1, 0, 0), .Dim = 3:2, .Dimnames = list(
            c("-1", "0", "1"), c("A", "G"))), N = 750), Majority = list(
        Freqs = structure(c(4, 754, 0, 1, 0, 0), .Dim = 3:2, .Dimnames = list(
            c("-1", "0", "1"), c("A", "G"))), N = 759)), `2` = structure(c(2, 
    564, 0, 0, 0, 0), .Dim = 3:2, .Dimnames = list(c("-1", "0", 
    "1"), c("A", "G"))))))
