Results <-
list(`bwa.out//20220204//BlindCMMRD78_S37.sam` = list(LR44_SNP1 = list(
    All = list(Freqs = structure(c(3L, 171L, 2638L, 30L, 11L, 
    4L, 197L, 2382L, 42L, 14L, 0L, 3L, 105L, 1L, 0L), .Dim = c(5L, 
    3L), .Dimnames = structure(list(c("-2", "-1", "0", "1", NA
    ), c("C", "T", NA)), .Names = c("", "")), class = "table"), 
        N = 5601L), Tag.Distribution = structure(c(`1` = 152L, 
    `2` = 90L, `3` = 71L, `4` = 59L, `5` = 58L, `6` = 47L, `7` = 39L, 
    `8` = 28L, `9` = 35L, `10` = 27L, `11` = 30L, `12` = 26L, 
    `13` = 18L, `14` = 11L, `15` = 6L, `16` = 11L, `17` = 12L, 
    `18` = 11L, `19` = 6L, `20` = 6L, `21` = 7L, `22` = 4L, `23` = 7L, 
    `24` = 7L, `25` = 3L, `26` = 2L, `28` = 4L, `30` = 2L, `32` = 1L, 
    `33` = 1L, `34` = 1L, `35` = 1L, `44` = 1L, `47` = 1L), .Dim = 34L, .Dimnames = list(
        TagUsage = c("1", "2", "3", "4", "5", "6", "7", "8", 
        "9", "10", "11", "12", "13", "14", "15", "16", "17", 
        "18", "19", "20", "21", "22", "23", "24", "25", "26", 
        "28", "30", "32", "33", "34", "35", "44", "47")), class = "table"), 
    No.Tag = structure(c(0L, 3L, 95L, 1L, 0L, 0L, 5L, 33L, 2L, 
    2L, 0L, 0L, 5L, 0L, 0L), .Dim = c(5L, 3L), .Dimnames = structure(list(
        c("-2", "-1", "0", "1", NA), c("C", "T", NA)), .Names = c("", 
    "")), class = "table"), All.Tags = list(Concordant = list(
        Freqs = structure(c(0, 6, 231, 3, 0, 7, 238, 1), .Dim = c(4L, 
        2L), .Dimnames = list(c("-2", "-1", "0", "1"), c("C", 
        "T"))), N = 486), Majority = list(Freqs = structure(c(0, 
    6, 358, 3, 0, 8, 362, 1), .Dim = c(4L, 2L), .Dimnames = list(
        c("-2", "-1", "0", "1"), c("C", "T"))), N = 738)), `2` = structure(c(0, 
    1, 297, 0, 0, 5, 298, 0), .Dim = c(4L, 2L), .Dimnames = list(
        c("-2", "-1", "0", "1"), c("C", "T"))))))
