Results <-
list(`bwa.out//20220204//BlindCMMRD69_S28.sam` = list(GM01_SNP1 = list(
    All = list(Freqs = structure(c(27L, 2820L, 9L, 1L, 38L, 2642L, 
    8L, 2L, 0L, 51L, 1L, 0L), .Dim = 4:3, .Dimnames = structure(list(
        c("-1", "0", "1", NA), c("A", "G", NA)), .Names = c("", 
    "")), class = "table"), N = 5599L), Tag.Distribution = structure(c(`1` = 120L, 
    `2` = 70L, `3` = 65L, `4` = 66L, `5` = 45L, `6` = 41L, `7` = 28L, 
    `8` = 37L, `9` = 40L, `10` = 30L, `11` = 23L, `12` = 19L, 
    `13` = 25L, `14` = 26L, `15` = 14L, `16` = 16L, `17` = 13L, 
    `18` = 7L, `19` = 8L, `20` = 5L, `21` = 5L, `22` = 5L, `23` = 3L, 
    `24` = 3L, `25` = 4L, `26` = 1L, `27` = 2L, `29` = 2L, `30` = 1L, 
    `32` = 1L, `33` = 1L, `36` = 2L, `37` = 1L, `39` = 2L, `43` = 1L
    ), .Dim = 35L, .Dimnames = list(TagUsage = c("1", "2", "3", 
    "4", "5", "6", "7", "8", "9", "10", "11", "12", "13", "14", 
    "15", "16", "17", "18", "19", "20", "21", "22", "23", "24", 
    "25", "26", "27", "29", "30", "32", "33", "36", "37", "39", 
    "43")), class = "table"), No.Tag = structure(c(1L, 42L, 0L, 
    0L, 1L, 49L, 0L, 0L, 0L, 10L, 0L, 0L), .Dim = 4:3, .Dimnames = structure(list(
        c("-1", "0", "1", NA), c("A", "G", NA)), .Names = c("", 
    "")), class = "table"), All.Tags = list(Concordant = list(
        Freqs = structure(c(0, 314, 0, 0, 303, 0), .Dim = 3:2, .Dimnames = list(
            c("-1", "0", "1"), c("A", "G"))), N = 617), Majority = list(
        Freqs = structure(c(0, 365, 0, 1, 358, 0), .Dim = 3:2, .Dimnames = list(
            c("-1", "0", "1"), c("A", "G"))), N = 724)), `2` = structure(c(0, 
    301, 0, 1, 305, 0), .Dim = 3:2, .Dimnames = list(c("-1", 
    "0", "1"), c("A", "G"))))))
