Results <-
list(`bwa.out//20220204//Control20_S13.sam` = list(IM16_SNP1 = list(
    All = list(Freqs = structure(c(0L, 16L, 1476L, 24L, 2L, 1L, 
    15L, 1609L, 15L, 2L, 0L, 0L, 1L, 0L, 0L, 0L, 2L, 60L, 0L, 
    0L), .Dim = 5:4, .Dimnames = structure(list(c("-2", "-1", 
    "0", "1", NA), c("A", "G", "T", NA)), .Names = c("", "")), class = "table"), 
        N = 3223L), Tag.Distribution = structure(c(`1` = 115L, 
    `2` = 53L, `3` = 50L, `4` = 41L, `5` = 30L, `6` = 31L, `7` = 24L, 
    `8` = 20L, `9` = 14L, `10` = 17L, `11` = 12L, `12` = 11L, 
    `13` = 9L, `14` = 6L, `15` = 11L, `16` = 11L, `17` = 6L, 
    `18` = 7L, `19` = 2L, `20` = 7L, `21` = 7L, `22` = 2L, `23` = 2L, 
    `24` = 1L, `26` = 1L, `29` = 2L, `30` = 1L, `42` = 1L), .Dim = 28L, .Dimnames = list(
        TagUsage = c("1", "2", "3", "4", "5", "6", "7", "8", 
        "9", "10", "11", "12", "13", "14", "15", "16", "17", 
        "18", "19", "20", "21", "22", "23", "24", "26", "29", 
        "30", "42")), class = "table"), No.Tag = structure(c(0L, 
    0L, 29L, 0L, 0L, 0L, 0L, 57L, 4L, 0L, 0L, 0L, 0L, 0L, 0L, 
    0L, 0L, 9L, 0L, 0L), .Dim = 5:4, .Dimnames = structure(list(
        c("-2", "-1", "0", "1", NA), c("A", "G", "T", NA)), .Names = c("", 
    "")), class = "table"), All.Tags = list(Concordant = list(
        Freqs = structure(c(0, 1, 200, 0, 0, 0, 215, 1, 0, 0, 
        0, 0), .Dim = 4:3, .Dimnames = list(c("-2", "-1", "0", 
        "1"), c("A", "G", "T"))), N = 417), Majority = list(Freqs = structure(c(0, 
    1, 238, 0, 0, 0, 244, 1, 0, 0, 0, 0), .Dim = 4:3, .Dimnames = list(
        c("-2", "-1", "0", "1"), c("A", "G", "T"))), N = 484)), 
    `2` = structure(c(0, 0, 181, 0, 0, 0, 194, 0, 0, 0, 0, 0), .Dim = 4:3, .Dimnames = list(
        c("-2", "-1", "0", "1"), c("A", "G", "T"))))))
