Results <-
list(`bwa.out//20220204//BlindCMMRD71_S30.sam` = list(LR36_SNP1 = list(
    All = list(Freqs = structure(c(0L, 0L, 0L, 5L, 0L, 0L, 2L, 
    1L, 5L, 115L, 5098L, 70L, 1L, 26L, 0L, 0L, 2L, 235L, 1L, 
    0L, 0L), .Dim = c(7L, 3L), .Dimnames = structure(list(c("-4", 
    "-2", "-1", "0", "1", "2", NA), c("A", "T", NA)), .Names = c("", 
    "")), class = "table"), N = 5561L), Tag.Distribution = structure(c(`1` = 61L, 
    `2` = 28L, `3` = 20L, `4` = 19L, `5` = 17L, `6` = 18L, `7` = 13L, 
    `8` = 11L, `9` = 20L, `10` = 9L, `11` = 10L, `12` = 18L, 
    `13` = 9L, `14` = 10L, `15` = 12L, `16` = 12L, `17` = 8L, 
    `18` = 7L, `19` = 5L, `20` = 6L, `21` = 7L, `22` = 9L, `23` = 5L, 
    `24` = 9L, `25` = 5L, `26` = 3L, `27` = 6L, `28` = 1L, `29` = 2L, 
    `30` = 3L, `31` = 2L, `32` = 2L, `33` = 2L, `34` = 2L, `36` = 3L, 
    `37` = 2L, `39` = 3L, `40` = 2L, `41` = 3L, `42` = 5L, `44` = 1L, 
    `45` = 2L, `47` = 1L, `48` = 1L, `49` = 2L, `52` = 1L, `53` = 3L, 
    `57` = 1L, `64` = 1L, `65` = 1L, `67` = 1L), .Dim = 51L, .Dimnames = list(
        TagUsage = c("1", "2", "3", "4", "5", "6", "7", "8", 
        "9", "10", "11", "12", "13", "14", "15", "16", "17", 
        "18", "19", "20", "21", "22", "23", "24", "25", "26", 
        "27", "28", "29", "30", "31", "32", "33", "34", "36", 
        "37", "39", "40", "41", "42", "44", "45", "47", "48", 
        "49", "52", "53", "57", "64", "65", "67")), class = "table"), 
    No.Tag = structure(c(0L, 0L, 0L, 1L, 0L, 0L, 1L, 0L, 0L, 
    4L, 212L, 7L, 1L, 4L, 0L, 0L, 0L, 23L, 1L, 0L, 0L), .Dim = c(7L, 
    3L), .Dimnames = structure(list(c("-4", "-2", "-1", "0", 
    "1", "2", NA), c("A", "T", NA)), .Names = c("", "")), class = "table"), 
    All.Tags = list(Concordant = list(Freqs = structure(c(0, 
    0, 0, 0, 0, 0, 0, 0, 1, 285, 0, 0), .Dim = c(6L, 2L), .Dimnames = list(
        c("-4", "-2", "-1", "0", "1", "2"), c("A", "T"))), N = 286), 
        Majority = list(Freqs = structure(c(0, 0, 0, 0, 0, 0, 
        0, 0, 1, 390, 2, 0), .Dim = c(6L, 2L), .Dimnames = list(
            c("-4", "-2", "-1", "0", "1", "2"), c("A", "T"))), 
            N = 393)), `2` = structure(c(0, 0, 0, 0, 0, 0, 0, 
    0, 0, 341, 2, 0), .Dim = c(6L, 2L), .Dimnames = list(c("-4", 
    "-2", "-1", "0", "1", "2"), c("A", "T"))))))
