Results <-
list(`bwa.out//20220204//BlindCMMRD122_S48.sam` = list(GM01_SNP1 = list(
    All = list(Freqs = structure(c(0L, 6L, 0L, 0L, 116L, 8033L, 
    30L, 58L, 3L, 69L, 0L, 0L), .Dim = 4:3, .Dimnames = structure(list(
        c("-1", "0", "1", NA), c("A", "G", NA)), .Names = c("", 
    "")), class = "table"), N = 8315L), Tag.Distribution = structure(c(`1` = 250L, 
    `2` = 210L, `3` = 173L, `4` = 116L, `5` = 117L, `6` = 86L, 
    `7` = 86L, `8` = 50L, `9` = 56L, `10` = 56L, `11` = 36L, 
    `12` = 39L, `13` = 29L, `14` = 17L, `15` = 26L, `16` = 16L, 
    `17` = 12L, `18` = 13L, `19` = 3L, `20` = 1L, `21` = 10L, 
    `22` = 10L, `23` = 3L, `24` = 1L, `25` = 1L, `26` = 3L, `28` = 1L, 
    `31` = 1L, `40` = 1L), .Dim = 29L, .Dimnames = list(TagUsage = c("1", 
    "2", "3", "4", "5", "6", "7", "8", "9", "10", "11", "12", 
    "13", "14", "15", "16", "17", "18", "19", "20", "21", "22", 
    "23", "24", "25", "26", "28", "31", "40")), class = "table"), 
    No.Tag = structure(c(0L, 0L, 0L, 0L, 2L, 122L, 0L, 2L, 0L, 
    4L, 0L, 0L), .Dim = 4:3, .Dimnames = structure(list(c("-1", 
    "0", "1", NA), c("A", "G", NA)), .Names = c("", "")), class = "table"), 
    All.Tags = list(Concordant = list(Freqs = structure(c(0, 
    2, 0, 3, 1292, 0), .Dim = 3:2, .Dimnames = list(c("-1", "0", 
    "1"), c("A", "G"))), N = 1297), Majority = list(Freqs = structure(c(0, 
    2, 0, 3, 1405, 1), .Dim = 3:2, .Dimnames = list(c("-1", "0", 
    "1"), c("A", "G"))), N = 1411)), `2` = structure(c(0, 0, 
    0, 0, 1168, 1), .Dim = 3:2, .Dimnames = list(c("-1", "0", 
    "1"), c("A", "G"))))))
