Results <-
list(`bwa.out//20220204//BlindCMMRD71_S30.sam` = list(GM11_SNP1 = list(
    All = list(Freqs = structure(c(1L, 2L, 30L, 5759L, 17L, 2L, 
    0L, 0L, 0L, 4L, 0L, 0L, 0L, 0L, 0L, 1L, 0L, 0L, 0L, 0L, 0L, 
    33L, 0L, 0L), .Dim = c(6L, 4L), .Dimnames = structure(list(
        c("-3", "-2", "-1", "0", "1", NA), c("A", "G", "T", NA
        )), .Names = c("", "")), class = "table"), N = 5849L), 
    Tag.Distribution = structure(c(`1` = 69L, `2` = 25L, `3` = 20L, 
    `4` = 25L, `5` = 17L, `6` = 20L, `7` = 15L, `8` = 10L, `9` = 11L, 
    `10` = 13L, `11` = 10L, `12` = 18L, `13` = 8L, `14` = 11L, 
    `15` = 13L, `16` = 6L, `17` = 6L, `18` = 10L, `19` = 11L, 
    `20` = 8L, `21` = 6L, `22` = 4L, `23` = 7L, `24` = 3L, `25` = 3L, 
    `26` = 4L, `29` = 4L, `30` = 3L, `31` = 5L, `32` = 3L, `33` = 4L, 
    `34` = 2L, `35` = 5L, `36` = 2L, `37` = 2L, `38` = 2L, `39` = 5L, 
    `40` = 1L, `41` = 1L, `42` = 5L, `43` = 3L, `44` = 2L, `45` = 5L, 
    `46` = 3L, `48` = 2L, `51` = 3L, `58` = 2L, `59` = 2L, `67` = 1L, 
    `69` = 1L), .Dim = 50L, .Dimnames = list(TagUsage = c("1", 
    "2", "3", "4", "5", "6", "7", "8", "9", "10", "11", "12", 
    "13", "14", "15", "16", "17", "18", "19", "20", "21", "22", 
    "23", "24", "25", "26", "29", "30", "31", "32", "33", "34", 
    "35", "36", "37", "38", "39", "40", "41", "42", "43", "44", 
    "45", "46", "48", "51", "58", "59", "67", "69")), class = "table"), 
    No.Tag = structure(c(0L, 0L, 0L, 57L, 0L, 0L, 0L, 0L, 0L, 
    0L, 0L, 0L, 0L, 0L, 0L, 0L, 0L, 0L, 0L, 0L, 0L, 3L, 0L, 0L
    ), .Dim = c(6L, 4L), .Dimnames = structure(list(c("-3", "-2", 
    "-1", "0", "1", NA), c("A", "G", "T", NA)), .Names = c("", 
    "")), class = "table"), All.Tags = list(Concordant = list(
        Freqs = structure(c(0, 0, 0, 371, 0, 0, 0, 0, 3, 0, 0, 
        0, 0, 0, 0), .Dim = c(5L, 3L), .Dimnames = list(c("-3", 
        "-2", "-1", "0", "1"), c("A", "G", "T"))), N = 374), 
        Majority = list(Freqs = structure(c(0, 0, 0, 416, 0, 
        0, 0, 0, 3, 0, 0, 0, 0, 0, 0), .Dim = c(5L, 3L), .Dimnames = list(
            c("-3", "-2", "-1", "0", "1"), c("A", "G", "T"))), 
            N = 419)), `2` = structure(c(0, 0, 0, 352, 0, 0, 
    0, 0, 0, 0, 0, 0, 0, 0, 0), .Dim = c(5L, 3L), .Dimnames = list(
        c("-3", "-2", "-1", "0", "1"), c("A", "G", "T"))))))
