Results <-
list(`bwa.out//20220204//BlindCMMRD67_S26.sam` = list(LR48_SNP1 = list(
    All = list(Freqs = structure(c(2L, 62L, 1767L, 36L, 4L, 3L, 
    89L, 2191L, 33L, 9L, 0L, 0L, 77L, 2L, 0L), .Dim = c(5L, 3L
    ), .Dimnames = structure(list(c("-2", "-1", "0", "1", NA), 
        c("C", "T", NA)), .Names = c("", "")), class = "table"), 
        N = 4275L), Tag.Distribution = structure(c(`1` = 68L, 
    `2` = 29L, `3` = 26L, `4` = 29L, `5` = 22L, `6` = 20L, `7` = 24L, 
    `8` = 19L, `9` = 14L, `10` = 9L, `11` = 16L, `12` = 14L, 
    `13` = 11L, `14` = 15L, `15` = 9L, `16` = 9L, `17` = 10L, 
    `18` = 2L, `19` = 8L, `20` = 3L, `21` = 8L, `22` = 9L, `23` = 4L, 
    `24` = 5L, `25` = 4L, `26` = 6L, `28` = 3L, `29` = 3L, `30` = 2L, 
    `31` = 3L, `32` = 3L, `33` = 3L, `34` = 4L, `36` = 3L, `37` = 1L, 
    `39` = 1L, `41` = 1L, `46` = 1L), .Dim = 38L, .Dimnames = list(
        TagUsage = c("1", "2", "3", "4", "5", "6", "7", "8", 
        "9", "10", "11", "12", "13", "14", "15", "16", "17", 
        "18", "19", "20", "21", "22", "23", "24", "25", "26", 
        "28", "29", "30", "31", "32", "33", "34", "36", "37", 
        "39", "41", "46")), class = "table"), No.Tag = structure(c(0L, 
    0L, 6L, 0L, 0L, 0L, 13L, 10L, 0L, 1L, 0L, 0L, 5L, 0L, 0L), .Dim = c(5L, 
    3L), .Dimnames = structure(list(c("-2", "-1", "0", "1", NA
    ), c("C", "T", NA)), .Names = c("", "")), class = "table"), 
    All.Tags = list(Concordant = list(Freqs = structure(c(0, 
    3, 136, 1, 0, 2, 143, 0), .Dim = c(4L, 2L), .Dimnames = list(
        c("-2", "-1", "0", "1"), c("C", "T"))), N = 285), Majority = list(
        Freqs = structure(c(0, 4, 193, 1, 0, 4, 210, 0), .Dim = c(4L, 
        2L), .Dimnames = list(c("-2", "-1", "0", "1"), c("C", 
        "T"))), N = 412)), `2` = structure(c(0, 1, 164, 1, 0, 
    2, 183, 0), .Dim = c(4L, 2L), .Dimnames = list(c("-2", "-1", 
    "0", "1"), c("C", "T"))))))
