Results <-
list(`bwa.out//20220204//BlindCMMRD108_S10.sam` = list(LR10_SNP1 = list(
    All = list(Freqs = structure(c(0L, 1L, 0L, 0L, 18L, 1311L, 
    4L, 2L, 0L, 22L, 0L, 0L), .Dim = 4:3, .Dimnames = structure(list(
        c("-1", "0", "1", NA), c("A", "T", NA)), .Names = c("", 
    "")), class = "table"), N = 1358L), Tag.Distribution = structure(c(`1` = 33L, 
    `2` = 16L, `3` = 11L, `4` = 18L, `5` = 9L, `6` = 13L, `7` = 14L, 
    `8` = 8L, `9` = 3L, `10` = 5L, `11` = 8L, `12` = 7L, `13` = 2L, 
    `14` = 3L, `15` = 3L, `16` = 1L, `17` = 2L, `18` = 2L, `20` = 2L, 
    `21` = 1L, `22` = 2L, `23` = 2L, `24` = 3L, `25` = 1L, `26` = 2L, 
    `32` = 1L, `36` = 1L, `39` = 1L), .Dim = 28L, .Dimnames = list(
        TagUsage = c("1", "2", "3", "4", "5", "6", "7", "8", 
        "9", "10", "11", "12", "13", "14", "15", "16", "17", 
        "18", "20", "21", "22", "23", "24", "25", "26", "32", 
        "36", "39")), class = "table"), No.Tag = structure(c(0L, 
    0L, 0L, 0L, 2L, 45L, 0L, 0L, 0L, 1L, 0L, 0L), .Dim = 4:3, .Dimnames = structure(list(
        c("-1", "0", "1", NA), c("A", "T", NA)), .Names = c("", 
    "")), class = "table"), All.Tags = list(Concordant = list(
        Freqs = structure(c(0, 1, 0, 0, 157, 0), .Dim = 3:2, .Dimnames = list(
            c("-1", "0", "1"), c("A", "T"))), N = 158), Majority = list(
        Freqs = structure(c(0, 1, 0, 0, 172, 0), .Dim = 3:2, .Dimnames = list(
            c("-1", "0", "1"), c("A", "T"))), N = 173)), `2` = structure(c(0, 
    1, 0, 0, 140, 0), .Dim = 3:2, .Dimnames = list(c("-1", "0", 
    "1"), c("A", "T"))))))
