Results <-
list(`bwa.out//20220204//Control12_S5.sam` = list(LR40_SNP1 = list(
    All = list(Freqs = structure(c(0L, 1L, 0L, 0L, 34L, 2833L, 
    11L, 4L, 0L, 9L, 1L, 0L), .Dim = 4:3, .Dimnames = structure(list(
        c("-1", "0", "1", NA), c("A", "C", NA)), .Names = c("", 
    "")), class = "table"), N = 2893L), Tag.Distribution = structure(c(`1` = 113L, 
    `2` = 48L, `3` = 47L, `4` = 41L, `5` = 33L, `6` = 37L, `7` = 20L, 
    `8` = 12L, `9` = 16L, `10` = 19L, `11` = 15L, `12` = 9L, 
    `13` = 5L, `14` = 16L, `15` = 4L, `16` = 5L, `17` = 5L, `18` = 6L, 
    `19` = 3L, `20` = 3L, `21` = 2L, `22` = 2L, `23` = 2L, `26` = 1L, 
    `27` = 2L, `31` = 1L, `32` = 2L), .Dim = 27L, .Dimnames = list(
        TagUsage = c("1", "2", "3", "4", "5", "6", "7", "8", 
        "9", "10", "11", "12", "13", "14", "15", "16", "17", 
        "18", "19", "20", "21", "22", "23", "26", "27", "31", 
        "32")), class = "table"), No.Tag = structure(c(0L, 0L, 
    0L, 0L, 2L, 101L, 0L, 0L, 0L, 0L, 0L, 0L), .Dim = 4:3, .Dimnames = structure(list(
        c("-1", "0", "1", NA), c("A", "C", NA)), .Names = c("", 
    "")), class = "table"), All.Tags = list(Concordant = list(
        Freqs = structure(c(0, 1, 0, 2, 436, 0), .Dim = 3:2, .Dimnames = list(
            c("-1", "0", "1"), c("A", "C"))), N = 439), Majority = list(
        Freqs = structure(c(0, 1, 0, 2, 460, 1), .Dim = 3:2, .Dimnames = list(
            c("-1", "0", "1"), c("A", "C"))), N = 464)), `2` = structure(c(0, 
    0, 0, 1, 351, 1), .Dim = 3:2, .Dimnames = list(c("-1", "0", 
    "1"), c("A", "C"))))))
