Results <-
list(`bwa.out//20220204//BlindCMMRD99_S58.sam` = list(LR17_SNP1 = list(
    All = list(Freqs = structure(c(2L, 123L, 3220L, 50L, 2L, 
    21L, 0L, 2L, 120L, 0L, 0L, 0L), .Dim = c(6L, 2L), .Dimnames = structure(list(
        c("-2", "-1", "0", "1", "2", NA), c("A", NA)), .Names = c("", 
    "")), class = "table"), N = 3540L), Tag.Distribution = structure(c(`1` = 103L, 
    `2` = 44L, `3` = 42L, `4` = 31L, `5` = 25L, `6` = 17L, `7` = 23L, 
    `8` = 17L, `9` = 15L, `10` = 10L, `11` = 6L, `12` = 13L, 
    `13` = 11L, `14` = 8L, `15` = 10L, `16` = 3L, `17` = 6L, 
    `18` = 4L, `19` = 3L, `20` = 5L, `21` = 7L, `22` = 6L, `23` = 2L, 
    `24` = 5L, `25` = 4L, `26` = 3L, `27` = 1L, `28` = 2L, `29` = 3L, 
    `30` = 2L, `31` = 1L, `32` = 2L, `33` = 2L, `35` = 1L, `37` = 2L, 
    `38` = 1L, `42` = 1L, `49` = 1L), .Dim = 38L, .Dimnames = list(
        TagUsage = c("1", "2", "3", "4", "5", "6", "7", "8", 
        "9", "10", "11", "12", "13", "14", "15", "16", "17", 
        "18", "19", "20", "21", "22", "23", "24", "25", "26", 
        "27", "28", "29", "30", "31", "32", "33", "35", "37", 
        "38", "42", "49")), class = "table"), No.Tag = structure(c(0L, 
    9L, 66L, 3L, 0L, 0L, 0L, 0L, 4L, 0L, 0L, 0L), .Dim = c(6L, 
    2L), .Dimnames = structure(list(c("-2", "-1", "0", "1", "2", 
    NA), c("A", NA)), .Names = c("", "")), class = "table"), 
    All.Tags = list(Concordant = list(Freqs = structure(c(0, 
    3, 321, 0, 0), .Dim = c(5L, 1L), .Dimnames = list(c("-2", 
    "-1", "0", "1", "2"), "A")), N = 324), Majority = list(Freqs = structure(c(0, 
    4, 425, 1, 0), .Dim = c(5L, 1L), .Dimnames = list(c("-2", 
    "-1", "0", "1", "2"), "A")), N = 430)), `2` = structure(c(0, 
    2, 332, 1, 0), .Dim = c(5L, 1L), .Dimnames = list(c("-2", 
    "-1", "0", "1", "2"), "A")))))
