Results <-
list(`bwa.out//20220204//BlindCMMRD113_S39.sam` = list(GM09_SNP1 = list(
    All = list(Freqs = structure(c(0L, 8L, 0L, 0L, 18L, 4598L, 
    5L, 3L, 0L, 21L, 0L, 0L), .Dim = 4:3, .Dimnames = structure(list(
        c("-1", "0", "1", NA), c("A", "G", NA)), .Names = c("", 
    "")), class = "table"), N = 4653L), Tag.Distribution = structure(c(`1` = 229L, 
    `2` = 218L, `3` = 153L, `4` = 132L, `5` = 99L, `6` = 64L, 
    `7` = 51L, `8` = 44L, `9` = 36L, `10` = 20L, `11` = 17L, 
    `12` = 15L, `13` = 8L, `14` = 6L, `15` = 7L, `16` = 1L, `17` = 3L, 
    `18` = 1L, `19` = 1L, `20` = 2L, `23` = 1L, `24` = 1L), .Dim = 22L, .Dimnames = list(
        TagUsage = c("1", "2", "3", "4", "5", "6", "7", "8", 
        "9", "10", "11", "12", "13", "14", "15", "16", "17", 
        "18", "19", "20", "23", "24")), class = "table"), No.Tag = structure(c(0L, 
    1L, 0L, 0L, 0L, 34L, 0L, 0L, 0L, 3L, 0L, 0L), .Dim = 4:3, .Dimnames = structure(list(
        c("-1", "0", "1", NA), c("A", "G", NA)), .Names = c("", 
    "")), class = "table"), All.Tags = list(Concordant = list(
        Freqs = structure(c(0, 5, 0, 2, 1077, 0), .Dim = 3:2, .Dimnames = list(
            c("-1", "0", "1"), c("A", "G"))), N = 1084), Majority = list(
        Freqs = structure(c(0, 5, 0, 2, 1095, 0), .Dim = 3:2, .Dimnames = list(
            c("-1", "0", "1"), c("A", "G"))), N = 1102)), `2` = structure(c(0, 
    0, 0, 1, 876, 0), .Dim = 3:2, .Dimnames = list(c("-1", "0", 
    "1"), c("A", "G"))))))
