Results <-
list(`bwa.out//20220204//BlindCMMRD43_S3.sam` = list(GM29_SNP1 = list(
    All = list(Freqs = structure(c(36L, 2299L, 7L, 4L, 0L, 4L, 
    0L, 0L, 1L, 19L, 1L, 0L), .Dim = 4:3, .Dimnames = structure(list(
        c("-1", "0", "1", NA), c("A", "G", NA)), .Names = c("", 
    "")), class = "table"), N = 2371L), Tag.Distribution = structure(c(`1` = 69L, 
    `2` = 21L, `3` = 21L, `4` = 19L, `5` = 21L, `6` = 14L, `7` = 15L, 
    `8` = 10L, `9` = 11L, `10` = 9L, `11` = 15L, `12` = 7L, `13` = 3L, 
    `14` = 10L, `15` = 5L, `16` = 5L, `17` = 2L, `18` = 4L, `19` = 4L, 
    `20` = 5L, `21` = 2L, `22` = 2L, `23` = 1L, `24` = 2L, `26` = 2L, 
    `30` = 1L, `31` = 2L, `32` = 2L, `34` = 1L, `35` = 1L, `39` = 1L, 
    `40` = 1L, `59` = 1L, `63` = 1L), .Dim = 34L, .Dimnames = list(
        TagUsage = c("1", "2", "3", "4", "5", "6", "7", "8", 
        "9", "10", "11", "12", "13", "14", "15", "16", "17", 
        "18", "19", "20", "21", "22", "23", "24", "26", "30", 
        "31", "32", "34", "35", "39", "40", "59", "63")), class = "table"), 
    No.Tag = structure(c(0L, 56L, 0L, 0L, 0L, 0L, 0L, 0L, 0L, 
    2L, 0L, 0L), .Dim = 4:3, .Dimnames = structure(list(c("-1", 
    "0", "1", NA), c("A", "G", NA)), .Names = c("", "")), class = "table"), 
    All.Tags = list(Concordant = list(Freqs = structure(c(0, 
    252, 0, 0, 2, 0), .Dim = 3:2, .Dimnames = list(c("-1", "0", 
    "1"), c("A", "G"))), N = 254), Majority = list(Freqs = structure(c(1, 
    284, 0, 0, 2, 0), .Dim = 3:2, .Dimnames = list(c("-1", "0", 
    "1"), c("A", "G"))), N = 287)), `2` = structure(c(1, 220, 
    0, 0, 0, 0), .Dim = 3:2, .Dimnames = list(c("-1", "0", "1"
    ), c("A", "G"))))))
