Results <-
list(`bwa.out//20220204//BlindCMMRD109_S35.sam` = list(GM26_SNP1 = list(
    All = list(Freqs = structure(c(59L, 6550L, 11L, 12L, 0L, 
    4L, 0L, 0L, 0L, 1L, 0L, 0L, 0L, 49L, 0L, 0L), .Dim = c(4L, 
    4L), .Dimnames = structure(list(c("-1", "0", "1", NA), c("A", 
    "G", "T", NA)), .Names = c("", "")), class = "table"), N = 6686L), 
    Tag.Distribution = structure(c(`1` = 271L, `2` = 210L, `3` = 185L, 
    `4` = 165L, `5` = 116L, `6` = 78L, `7` = 74L, `8` = 72L, 
    `9` = 59L, `10` = 36L, `11` = 33L, `12` = 21L, `13` = 16L, 
    `14` = 8L, `15` = 17L, `16` = 11L, `17` = 4L, `18` = 3L, 
    `19` = 1L, `21` = 2L, `23` = 1L, `24` = 1L, `29` = 1L, `41` = 1L
    ), .Dim = 24L, .Dimnames = list(TagUsage = c("1", "2", "3", 
    "4", "5", "6", "7", "8", "9", "10", "11", "12", "13", "14", 
    "15", "16", "17", "18", "19", "21", "23", "24", "29", "41"
    )), class = "table"), No.Tag = structure(c(1L, 76L, 0L, 3L, 
    0L, 0L, 0L, 0L, 0L, 0L, 0L, 0L, 0L, 1L, 0L, 0L), .Dim = c(4L, 
    4L), .Dimnames = structure(list(c("-1", "0", "1", NA), c("A", 
    "G", "T", NA)), .Names = c("", "")), class = "table"), All.Tags = list(
        Concordant = list(Freqs = structure(c(4, 1319, 2, 0, 
        1, 0, 0, 0, 0), .Dim = c(3L, 3L), .Dimnames = list(c("-1", 
        "0", "1"), c("A", "G", "T"))), N = 1326), Majority = list(
            Freqs = structure(c(4, 1371, 2, 0, 1, 0, 0, 0, 0), .Dim = c(3L, 
            3L), .Dimnames = list(c("-1", "0", "1"), c("A", "G", 
            "T"))), N = 1378)), `2` = structure(c(2, 1110, 0, 
    0, 0, 0, 0, 0, 0), .Dim = c(3L, 3L), .Dimnames = list(c("-1", 
    "0", "1"), c("A", "G", "T"))))))
