Results <-
list(`bwa.out//20220204//Control27_S20.sam` = list(GM22_SNP1 = list(
    All = list(Freqs = structure(c(1L, 24L, 1720L, 11L, 8L, 1L, 
    17L, 1347L, 6L, 3L, 0L, 1L, 22L, 0L, 0L), .Dim = c(5L, 3L
    ), .Dimnames = structure(list(c("-2", "-1", "0", "1", NA), 
        c("A", "G", NA)), .Names = c("", "")), class = "table"), 
        N = 3161L), Tag.Distribution = structure(c(`1` = 137L, 
    `2` = 34L, `3` = 35L, `4` = 25L, `5` = 21L, `6` = 30L, `7` = 21L, 
    `8` = 22L, `9` = 9L, `10` = 14L, `11` = 15L, `12` = 14L, 
    `13` = 8L, `14` = 10L, `15` = 7L, `16` = 7L, `17` = 5L, `18` = 5L, 
    `19` = 2L, `20` = 5L, `21` = 4L, `22` = 1L, `23` = 3L, `24` = 2L, 
    `25` = 3L, `26` = 3L, `27` = 4L, `28` = 2L, `29` = 1L, `30` = 1L, 
    `31` = 1L, `33` = 2L, `36` = 1L), .Dim = 33L, .Dimnames = list(
        TagUsage = c("1", "2", "3", "4", "5", "6", "7", "8", 
        "9", "10", "11", "12", "13", "14", "15", "16", "17", 
        "18", "19", "20", "21", "22", "23", "24", "25", "26", 
        "27", "28", "29", "30", "31", "33", "36")), class = "table"), 
    No.Tag = structure(c(0L, 1L, 36L, 1L, 1L, 0L, 1L, 40L, 1L, 
    0L, 0L, 0L, 2L, 0L, 0L), .Dim = c(5L, 3L), .Dimnames = structure(list(
        c("-2", "-1", "0", "1", NA), c("A", "G", NA)), .Names = c("", 
    "")), class = "table"), All.Tags = list(Concordant = list(
        Freqs = structure(c(0, 1, 202, 0, 0, 2, 188, 0), .Dim = c(4L, 
        2L), .Dimnames = list(c("-2", "-1", "0", "1"), c("A", 
        "G"))), N = 393), Majority = list(Freqs = structure(c(0, 
    1, 233, 0, 0, 2, 210, 0), .Dim = c(4L, 2L), .Dimnames = list(
        c("-2", "-1", "0", "1"), c("A", "G"))), N = 446)), `2` = structure(c(0, 
    0, 164, 0, 0, 0, 147, 0), .Dim = c(4L, 2L), .Dimnames = list(
        c("-2", "-1", "0", "1"), c("A", "G"))))))
