Results <-
list(`bwa.out//20220204//Control23_S16.sam` = list(IM49_SNP1 = list(
    All = list(Freqs = structure(c(1L, 12L, 0L, 0L, 0L, 63L, 
    1997L, 53L, 1L, 15L, 5L, 161L, 0L, 0L, 0L), .Dim = c(5L, 
    3L), .Dimnames = structure(list(c("-1", "0", "1", "2", NA
    ), c("C", "G", NA)), .Names = c("", "")), class = "table"), 
        N = 2308L), Tag.Distribution = structure(c(`1` = 196L, 
    `2` = 48L, `3` = 47L, `4` = 48L, `5` = 23L, `6` = 23L, `7` = 22L, 
    `8` = 14L, `9` = 13L, `10` = 10L, `11` = 10L, `12` = 4L, 
    `13` = 9L, `14` = 5L, `15` = 4L, `16` = 2L, `17` = 5L, `19` = 2L, 
    `20` = 3L, `22` = 3L, `23` = 2L, `24` = 3L, `25` = 1L, `29` = 1L
    ), .Dim = 24L, .Dimnames = list(TagUsage = c("1", "2", "3", 
    "4", "5", "6", "7", "8", "9", "10", "11", "12", "13", "14", 
    "15", "16", "17", "19", "20", "22", "23", "24", "25", "29"
    )), class = "table"), No.Tag = structure(c(0L, 0L, 0L, 0L, 
    0L, 1L, 74L, 2L, 0L, 1L, 1L, 10L, 0L, 0L, 0L), .Dim = c(5L, 
    3L), .Dimnames = structure(list(c("-1", "0", "1", "2", NA
    ), c("C", "G", NA)), .Names = c("", "")), class = "table"), 
    All.Tags = list(Concordant = list(Freqs = structure(c(0, 
    4, 0, 0, 7, 367, 5, 0), .Dim = c(4L, 2L), .Dimnames = list(
        c("-1", "0", "1", "2"), c("C", "G"))), N = 383), Majority = list(
        Freqs = structure(c(0, 5, 0, 0, 7, 430, 5, 0), .Dim = c(4L, 
        2L), .Dimnames = list(c("-1", "0", "1", "2"), c("C", 
        "G"))), N = 447)), `2` = structure(c(0, 1, 0, 0, 2, 293, 
    1, 0), .Dim = c(4L, 2L), .Dimnames = list(c("-1", "0", "1", 
    "2"), c("C", "G"))))))
