Results <-
list(`bwa.out//20220204//BlindCMMRD76_S35.sam` = list(GM01_SNP1 = list(
    All = list(Freqs = structure(c(1L, 137L, 8707L, 33L, 1L, 
    11L, 0L, 0L, 4L, 0L, 0L, 0L, 1L, 4L, 71L, 1L, 0L, 0L), .Dim = c(6L, 
    3L), .Dimnames = structure(list(c("-2", "-1", "0", "1", "2", 
    NA), c("A", "G", NA)), .Names = c("", "")), class = "table"), 
        N = 8971L), Tag.Distribution = structure(c(`1` = 99L, 
    `2` = 58L, `3` = 37L, `4` = 44L, `5` = 43L, `6` = 34L, `7` = 32L, 
    `8` = 42L, `9` = 28L, `10` = 29L, `11` = 29L, `12` = 27L, 
    `13` = 23L, `14` = 24L, `15` = 20L, `16` = 27L, `17` = 16L, 
    `18` = 21L, `19` = 17L, `20` = 13L, `21` = 8L, `22` = 14L, 
    `23` = 17L, `24` = 13L, `25` = 10L, `26` = 10L, `27` = 7L, 
    `28` = 9L, `29` = 5L, `30` = 6L, `31` = 6L, `32` = 4L, `33` = 2L, 
    `34` = 3L, `35` = 2L, `36` = 3L, `37` = 1L, `38` = 2L, `40` = 1L, 
    `46` = 1L, `47` = 1L, `48` = 1L, `61` = 1L, `73` = 1L), .Dim = 44L, .Dimnames = list(
        TagUsage = c("1", "2", "3", "4", "5", "6", "7", "8", 
        "9", "10", "11", "12", "13", "14", "15", "16", "17", 
        "18", "19", "20", "21", "22", "23", "24", "25", "26", 
        "27", "28", "29", "30", "31", "32", "33", "34", "35", 
        "36", "37", "38", "40", "46", "47", "48", "61", "73")), class = "table"), 
    No.Tag = structure(c(0L, 4L, 153L, 2L, 0L, 0L, 0L, 0L, 0L, 
    0L, 0L, 0L, 0L, 0L, 3L, 0L, 0L, 0L), .Dim = c(6L, 3L), .Dimnames = structure(list(
        c("-2", "-1", "0", "1", "2", NA), c("A", "G", NA)), .Names = c("", 
    "")), class = "table"), All.Tags = list(Concordant = list(
        Freqs = structure(c(0, 1, 657, 0, 0, 0, 0, 3, 0, 0), .Dim = c(5L, 
        2L), .Dimnames = list(c("-2", "-1", "0", "1", "2"), c("A", 
        "G"))), N = 661), Majority = list(Freqs = structure(c(0, 
    1, 781, 0, 0, 0, 0, 3, 0, 0), .Dim = c(5L, 2L), .Dimnames = list(
        c("-2", "-1", "0", "1", "2"), c("A", "G"))), N = 785)), 
    `2` = structure(c(0, 1, 688, 0, 0, 0, 0, 0, 0, 0), .Dim = c(5L, 
    2L), .Dimnames = list(c("-2", "-1", "0", "1", "2"), c("A", 
    "G"))))))
