Results <-
list(`bwa.out//20220204//BlindCMMRD104_S6.sam` = list(LR52_SNP1 = list(
    All = list(Freqs = structure(c(0L, 0L, 0L, 1L, 0L, 0L, 1L, 
    23L, 305L, 1523L, 41L, 13L, 0L, 1L, 3L, 36L, 3L, 0L), .Dim = c(6L, 
    3L), .Dimnames = structure(list(c("-3", "-2", "-1", "0", 
    "1", NA), c("C", "T", NA)), .Names = c("", "")), class = "table"), 
        N = 1950L), Tag.Distribution = structure(c(`1` = 41L, 
    `2` = 25L, `3` = 32L, `4` = 27L, `5` = 17L, `6` = 30L, `7` = 17L, 
    `8` = 27L, `9` = 13L, `10` = 10L, `11` = 14L, `12` = 12L, 
    `13` = 3L, `14` = 4L, `15` = 2L, `16` = 7L, `17` = 2L, `18` = 1L, 
    `19` = 4L, `20` = 3L, `21` = 2L, `22` = 1L, `23` = 1L), .Dim = 23L, .Dimnames = list(
        TagUsage = c("1", "2", "3", "4", "5", "6", "7", "8", 
        "9", "10", "11", "12", "13", "14", "15", "16", "17", 
        "18", "19", "20", "21", "22", "23")), class = "table"), 
    No.Tag = structure(c(0L, 0L, 0L, 0L, 0L, 0L, 0L, 0L, 4L, 
    23L, 0L, 0L, 0L, 0L, 0L, 1L, 0L, 0L), .Dim = c(6L, 3L), .Dimnames = structure(list(
        c("-3", "-2", "-1", "0", "1", NA), c("C", "T", NA)), .Names = c("", 
    "")), class = "table"), All.Tags = list(Concordant = list(
        Freqs = structure(c(0, 0, 0, 1, 0, 0, 2, 13, 135, 1), .Dim = c(5L, 
        2L), .Dimnames = list(c("-3", "-2", "-1", "0", "1"), 
            c("C", "T"))), N = 152), Majority = list(Freqs = structure(c(0, 
    0, 0, 1, 0, 0, 2, 23, 255, 2), .Dim = c(5L, 2L), .Dimnames = list(
        c("-3", "-2", "-1", "0", "1"), c("C", "T"))), N = 283)), 
    `2` = structure(c(0, 0, 0, 0, 0, 0, 0, 20, 222, 2), .Dim = c(5L, 
    2L), .Dimnames = list(c("-3", "-2", "-1", "0", "1"), c("C", 
    "T"))))))
