Results <-
list(`bwa.out//20220204//BlindCMMRD64_S23.sam` = list(GM14_SNP1 = list(
    All = list(Freqs = structure(c(1L, 93L, 3032L, 18L, 1L, 14L, 
    0L, 0L, 1L, 0L, 0L, 0L, 0L, 0L, 23L, 1L, 0L, 0L), .Dim = c(6L, 
    3L), .Dimnames = structure(list(c("-2", "-1", "0", "1", "2", 
    NA), c("C", "T", NA)), .Names = c("", "")), class = "table"), 
        N = 3184L), Tag.Distribution = structure(c(`1` = 77L, 
    `2` = 36L, `3` = 35L, `4` = 39L, `5` = 33L, `6` = 28L, `7` = 22L, 
    `8` = 22L, `9` = 16L, `10` = 11L, `11` = 16L, `12` = 10L, 
    `13` = 12L, `14` = 9L, `15` = 2L, `16` = 4L, `17` = 7L, `18` = 3L, 
    `19` = 2L, `20` = 8L, `21` = 4L, `22` = 2L, `23` = 5L, `24` = 5L, 
    `25` = 3L, `27` = 3L, `28` = 1L, `29` = 3L, `30` = 3L, `31` = 1L
    ), .Dim = 30L, .Dimnames = list(TagUsage = c("1", "2", "3", 
    "4", "5", "6", "7", "8", "9", "10", "11", "12", "13", "14", 
    "15", "16", "17", "18", "19", "20", "21", "22", "23", "24", 
    "25", "27", "28", "29", "30", "31")), class = "table"), No.Tag = structure(c(0L, 
    1L, 56L, 1L, 0L, 0L, 0L, 0L, 0L, 0L, 0L, 0L, 0L, 0L, 1L, 
    0L, 0L, 0L), .Dim = c(6L, 3L), .Dimnames = structure(list(
        c("-2", "-1", "0", "1", "2", NA), c("C", "T", NA)), .Names = c("", 
    "")), class = "table"), All.Tags = list(Concordant = list(
        Freqs = structure(c(0, 3, 324, 0, 0, 0, 0, 1, 0, 0), .Dim = c(5L, 
        2L), .Dimnames = list(c("-2", "-1", "0", "1", "2"), c("C", 
        "T"))), N = 328), Majority = list(Freqs = structure(c(0, 
    4, 409, 0, 0, 0, 0, 1, 0, 0), .Dim = c(5L, 2L), .Dimnames = list(
        c("-2", "-1", "0", "1", "2"), c("C", "T"))), N = 414)), 
    `2` = structure(c(0, 1, 342, 0, 0, 0, 0, 0, 0, 0), .Dim = c(5L, 
    2L), .Dimnames = list(c("-2", "-1", "0", "1", "2"), c("C", 
    "T"))))))
