Results <-
list(`bwa.out//20220204//BlindCMMRD57_S16.sam` = list(LR20_SNP1 = list(
    All = list(Freqs = structure(c(4L, 1991L, 1L, 1L, 0L, 1L, 
    0L, 0L, 15L, 2224L, 3L, 0L, 0L, 22L, 0L, 0L), .Dim = c(4L, 
    4L), .Dimnames = structure(list(c("-1", "0", "1", NA), c("A", 
    "C", "G", NA)), .Names = c("", "")), class = "table"), N = 4262L), 
    Tag.Distribution = structure(c(`1` = 111L, `2` = 76L, `3` = 51L, 
    `4` = 62L, `5` = 28L, `6` = 34L, `7` = 38L, `8` = 18L, `9` = 28L, 
    `10` = 23L, `11` = 17L, `12` = 12L, `13` = 13L, `14` = 7L, 
    `15` = 10L, `16` = 9L, `17` = 10L, `18` = 10L, `19` = 6L, 
    `20` = 5L, `21` = 6L, `22` = 3L, `23` = 6L, `24` = 4L, `25` = 1L, 
    `26` = 2L, `27` = 1L, `28` = 1L, `29` = 1L, `30` = 2L, `32` = 1L, 
    `33` = 1L, `37` = 1L, `41` = 1L), .Dim = 34L, .Dimnames = list(
        TagUsage = c("1", "2", "3", "4", "5", "6", "7", "8", 
        "9", "10", "11", "12", "13", "14", "15", "16", "17", 
        "18", "19", "20", "21", "22", "23", "24", "25", "26", 
        "27", "28", "29", "30", "32", "33", "37", "41")), class = "table"), 
    No.Tag = structure(c(0L, 50L, 0L, 1L, 0L, 0L, 0L, 0L, 0L, 
    60L, 0L, 0L, 0L, 5L, 0L, 0L), .Dim = c(4L, 4L), .Dimnames = structure(list(
        c("-1", "0", "1", NA), c("A", "C", "G", NA)), .Names = c("", 
    "")), class = "table"), All.Tags = list(Concordant = list(
        Freqs = structure(c(0, 258, 0, 0, 0, 0, 0, 286, 0), .Dim = c(3L, 
        3L), .Dimnames = list(c("-1", "0", "1"), c("A", "C", 
        "G"))), N = 544), Majority = list(Freqs = structure(c(0, 
    281, 0, 0, 0, 0, 1, 310, 0), .Dim = c(3L, 3L), .Dimnames = list(
        c("-1", "0", "1"), c("A", "C", "G"))), N = 592)), `2` = structure(c(0, 
    230, 0, 0, 0, 0, 1, 256, 0), .Dim = c(3L, 3L), .Dimnames = list(
        c("-1", "0", "1"), c("A", "C", "G"))))))
