Results <-
list(`bwa.out//20220204//BlindCMMRD96_S55.sam` = list(DEPDC2_SNP1 = list(
    All = list(Freqs = structure(c(0L, 1L, 0L, 0L, 19L, 1886L, 
    13L, 3L, 14L, 2339L, 12L, 5L, 0L, 44L, 2L, 0L), .Dim = c(4L, 
    4L), .Dimnames = structure(list(c("-1", "0", "1", NA), c("A", 
    "C", "T", NA)), .Names = c("", "")), class = "table"), N = 4338L), 
    Tag.Distribution = structure(c(`1` = 235L, `2` = 101L, `3` = 86L, 
    `4` = 83L, `5` = 69L, `6` = 48L, `7` = 50L, `8` = 35L, `9` = 29L, 
    `10` = 21L, `11` = 29L, `12` = 14L, `13` = 13L, `14` = 10L, 
    `15` = 10L, `16` = 10L, `17` = 5L, `18` = 4L, `19` = 3L, 
    `20` = 4L, `21` = 1L, `23` = 2L, `25` = 2L), .Dim = 23L, .Dimnames = list(
        TagUsage = c("1", "2", "3", "4", "5", "6", "7", "8", 
        "9", "10", "11", "12", "13", "14", "15", "16", "17", 
        "18", "19", "20", "21", "23", "25")), class = "table"), 
    No.Tag = structure(c(0L, 0L, 0L, 0L, 2L, 23L, 0L, 1L, 0L, 
    32L, 0L, 0L, 0L, 2L, 0L, 0L), .Dim = c(4L, 4L), .Dimnames = structure(list(
        c("-1", "0", "1", NA), c("A", "C", "T", NA)), .Names = c("", 
    "")), class = "table"), All.Tags = list(Concordant = list(
        Freqs = structure(c(0, 0, 0, 1, 356, 2, 0, 388, 3), .Dim = c(3L, 
        3L), .Dimnames = list(c("-1", "0", "1"), c("A", "C", 
        "T"))), N = 750), Majority = list(Freqs = structure(c(0, 
    0, 0, 2, 404, 2, 1, 429, 3), .Dim = c(3L, 3L), .Dimnames = list(
        c("-1", "0", "1"), c("A", "C", "T"))), N = 841)), `2` = structure(c(0, 
    0, 0, 1, 291, 1, 1, 324, 0), .Dim = c(3L, 3L), .Dimnames = list(
        c("-1", "0", "1"), c("A", "C", "T"))))))
