Results <-
list(`bwa.out//20220204//BlindCMMRD54_S13.sam` = list(GM29_SNP1 = list(
    All = list(Freqs = structure(c(2L, 44L, 2554L, 5L, 2L, 0L, 
    2L, 2L, 54L, 2415L, 13L, 0L, 1L, 5L, 0L, 0L, 45L, 0L, 0L, 
    0L, 0L), .Dim = c(7L, 3L), .Dimnames = structure(list(c("-2", 
    "-1", "0", "1", "2", "3", NA), c("A", "G", NA)), .Names = c("", 
    "")), class = "table"), N = 5144L), Tag.Distribution = structure(c(`1` = 85L, 
    `2` = 67L, `3` = 42L, `4` = 29L, `5` = 30L, `6` = 28L, `7` = 27L, 
    `8` = 24L, `9` = 21L, `10` = 15L, `11` = 13L, `12` = 13L, 
    `13` = 18L, `14` = 13L, `15` = 16L, `16` = 7L, `17` = 6L, 
    `18` = 4L, `19` = 11L, `20` = 5L, `21` = 9L, `22` = 4L, `23` = 5L, 
    `24` = 7L, `25` = 5L, `26` = 6L, `27` = 2L, `28` = 4L, `29` = 1L, 
    `30` = 1L, `31` = 7L, `32` = 1L, `33` = 3L, `34` = 2L, `35` = 1L, 
    `36` = 1L, `37` = 3L, `41` = 1L, `42` = 1L, `46` = 1L, `50` = 1L, 
    `52` = 1L, `55` = 1L, `61` = 1L), .Dim = 44L, .Dimnames = list(
        TagUsage = c("1", "2", "3", "4", "5", "6", "7", "8", 
        "9", "10", "11", "12", "13", "14", "15", "16", "17", 
        "18", "19", "20", "21", "22", "23", "24", "25", "26", 
        "27", "28", "29", "30", "31", "32", "33", "34", "35", 
        "36", "37", "41", "42", "46", "50", "52", "55", "61")), class = "table"), 
    No.Tag = structure(c(0L, 0L, 31L, 0L, 0L, 0L, 0L, 0L, 0L, 
    48L, 0L, 0L, 0L, 1L, 0L, 0L, 4L, 0L, 0L, 0L, 0L), .Dim = c(7L, 
    3L), .Dimnames = structure(list(c("-2", "-1", "0", "1", "2", 
    "3", NA), c("A", "G", NA)), .Names = c("", "")), class = "table"), 
    All.Tags = list(Concordant = list(Freqs = structure(c(0, 
    1, 221, 0, 0, 0, 0, 3, 189, 0, 0, 0), .Dim = c(6L, 2L), .Dimnames = list(
        c("-2", "-1", "0", "1", "2", "3"), c("A", "G"))), N = 414), 
        Majority = list(Freqs = structure(c(0, 1, 281, 0, 0, 
        0, 0, 3, 248, 0, 0, 0), .Dim = c(6L, 2L), .Dimnames = list(
            c("-2", "-1", "0", "1", "2", "3"), c("A", "G"))), 
            N = 533)), `2` = structure(c(0, 0, 241, 0, 0, 0, 
    0, 2, 209, 0, 0, 0), .Dim = c(6L, 2L), .Dimnames = list(c("-2", 
    "-1", "0", "1", "2", "3"), c("A", "G"))))))
