Results <-
list(`bwa.out//20220204//BlindCMMRD99_S58.sam` = list(GM01_SNP1 = list(
    All = list(Freqs = structure(c(1L, 60L, 5031L, 15L, 4L, 0L, 
    0L, 6L, 0L, 0L, 0L, 3L, 63L, 1L, 0L), .Dim = c(5L, 3L), .Dimnames = structure(list(
        c("-2", "-1", "0", "1", NA), c("A", "G", NA)), .Names = c("", 
    "")), class = "table"), N = 5184L), Tag.Distribution = structure(c(`1` = 174L, 
    `2` = 99L, `3` = 68L, `4` = 49L, `5` = 45L, `6` = 43L, `7` = 30L, 
    `8` = 31L, `9` = 25L, `10` = 30L, `11` = 21L, `12` = 14L, 
    `13` = 13L, `14` = 8L, `15` = 6L, `16` = 10L, `17` = 14L, 
    `18` = 8L, `19` = 5L, `20` = 5L, `21` = 4L, `22` = 4L, `23` = 5L, 
    `24` = 8L, `25` = 2L, `26` = 3L, `27` = 3L, `28` = 1L, `29` = 1L, 
    `30` = 4L, `32` = 3L, `33` = 3L, `34` = 1L, `35` = 2L, `37` = 1L, 
    `38` = 2L, `50` = 1L), .Dim = 37L, .Dimnames = list(TagUsage = c("1", 
    "2", "3", "4", "5", "6", "7", "8", "9", "10", "11", "12", 
    "13", "14", "15", "16", "17", "18", "19", "20", "21", "22", 
    "23", "24", "25", "26", "27", "28", "29", "30", "32", "33", 
    "34", "35", "37", "38", "50")), class = "table"), No.Tag = structure(c(0L, 
    0L, 110L, 0L, 0L, 0L, 0L, 0L, 0L, 0L, 0L, 0L, 2L, 0L, 0L), .Dim = c(5L, 
    3L), .Dimnames = structure(list(c("-2", "-1", "0", "1", NA
    ), c("A", "G", NA)), .Names = c("", "")), class = "table"), 
    All.Tags = list(Concordant = list(Freqs = structure(c(0, 
    3, 665, 0, 0, 0, 3, 0), .Dim = c(4L, 2L), .Dimnames = list(
        c("-2", "-1", "0", "1"), c("A", "G"))), N = 671), Majority = list(
        Freqs = structure(c(0, 3, 731, 0, 0, 0, 3, 0), .Dim = c(4L, 
        2L), .Dimnames = list(c("-2", "-1", "0", "1"), c("A", 
        "G"))), N = 737)), `2` = structure(c(0, 0, 570, 0, 0, 
    0, 0, 0), .Dim = c(4L, 2L), .Dimnames = list(c("-2", "-1", 
    "0", "1"), c("A", "G"))))))
