Results <-
list(`bwa.out//20220204//BlindCMMRD111_S37.sam` = list(GM09_SNP1 = list(
    All = list(Freqs = structure(c(21L, 3207L, 3L, 1L, 2L, 18L, 
    2715L, 3L, 0L, 1L, 0L, 23L, 0L, 0L, 0L), .Dim = c(5L, 3L), .Dimnames = structure(list(
        c("-1", "0", "1", "2", NA), c("A", "G", NA)), .Names = c("", 
    "")), class = "table"), N = 5994L), Tag.Distribution = structure(c(`1` = 292L, 
    `2` = 250L, `3` = 169L, `4` = 137L, `5` = 114L, `6` = 83L, 
    `7` = 77L, `8` = 46L, `9` = 43L, `10` = 26L, `11` = 27L, 
    `12` = 22L, `13` = 12L, `14` = 2L, `15` = 6L, `16` = 13L, 
    `17` = 6L, `18` = 5L, `19` = 3L, `20` = 1L, `21` = 2L, `22` = 1L, 
    `25` = 2L, `31` = 1L), .Dim = 24L, .Dimnames = list(TagUsage = c("1", 
    "2", "3", "4", "5", "6", "7", "8", "9", "10", "11", "12", 
    "13", "14", "15", "16", "17", "18", "19", "20", "21", "22", 
    "25", "31")), class = "table"), No.Tag = structure(c(0L, 
    25L, 0L, 0L, 0L, 0L, 38L, 0L, 0L, 1L, 0L, 4L, 0L, 0L, 0L), .Dim = c(5L, 
    3L), .Dimnames = structure(list(c("-1", "0", "1", "2", NA
    ), c("A", "G", NA)), .Names = c("", "")), class = "table"), 
    All.Tags = list(Concordant = list(Freqs = structure(c(1, 
    594, 0, 0, 2, 498, 1, 0), .Dim = c(4L, 2L), .Dimnames = list(
        c("-1", "0", "1", "2"), c("A", "G"))), N = 1096), Majority = list(
        Freqs = structure(c(1, 699, 0, 0, 2, 601, 1, 0), .Dim = c(4L, 
        2L), .Dimnames = list(c("-1", "0", "1", "2"), c("A", 
        "G"))), N = 1304)), `2` = structure(c(0, 548, 0, 0, 0, 
    468, 0, 0), .Dim = c(4L, 2L), .Dimnames = list(c("-1", "0", 
    "1", "2"), c("A", "G"))))))
