Results <-
list(`bwa.out//20220204//BlindCMMRD87_S46.sam` = list(LR24_SNP1 = list(
    All = list(Freqs = structure(c(2L, 25L, 3489L, 4L, 2L, 0L, 
    72L, 3689L, 10L, 2L, 0L, 0L, 45L, 0L, 0L), .Dim = c(5L, 3L
    ), .Dimnames = structure(list(c("-2", "-1", "0", "1", NA), 
        c("A", "G", NA)), .Names = c("", "")), class = "table"), 
        N = 7340L), Tag.Distribution = structure(c(`1` = 224L, 
    `2` = 91L, `3` = 68L, `4` = 77L, `5` = 62L, `6` = 54L, `7` = 39L, 
    `8` = 39L, `9` = 33L, `10` = 36L, `11` = 39L, `12` = 38L, 
    `13` = 19L, `14` = 22L, `15` = 17L, `16` = 19L, `17` = 13L, 
    `18` = 14L, `19` = 8L, `20` = 7L, `21` = 6L, `22` = 3L, `23` = 6L, 
    `24` = 4L, `25` = 5L, `26` = 3L, `27` = 4L, `28` = 3L, `29` = 2L, 
    `31` = 2L, `33` = 1L, `34` = 4L, `36` = 1L, `37` = 2L, `38` = 1L, 
    `39` = 1L, `41` = 1L, `42` = 3L, `46` = 1L, `55` = 1L), .Dim = 40L, .Dimnames = list(
        TagUsage = c("1", "2", "3", "4", "5", "6", "7", "8", 
        "9", "10", "11", "12", "13", "14", "15", "16", "17", 
        "18", "19", "20", "21", "22", "23", "24", "25", "26", 
        "27", "28", "29", "31", "33", "34", "36", "37", "38", 
        "39", "41", "42", "46", "55")), class = "table"), No.Tag = structure(c(0L, 
    0L, 105L, 1L, 1L, 0L, 0L, 103L, 1L, 0L, 0L, 0L, 6L, 0L, 0L
    ), .Dim = c(5L, 3L), .Dimnames = structure(list(c("-2", "-1", 
    "0", "1", NA), c("A", "G", NA)), .Names = c("", "")), class = "table"), 
    All.Tags = list(Concordant = list(Freqs = structure(c(0, 
    3, 404, 0, 0, 7, 437, 0), .Dim = c(4L, 2L), .Dimnames = list(
        c("-2", "-1", "0", "1"), c("A", "G"))), N = 851), Majority = list(
        Freqs = structure(c(0, 3, 447, 0, 0, 9, 495, 0), .Dim = c(4L, 
        2L), .Dimnames = list(c("-2", "-1", "0", "1"), c("A", 
        "G"))), N = 954)), `2` = structure(c(0, 2, 354, 0, 0, 
    7, 378, 0), .Dim = c(4L, 2L), .Dimnames = list(c("-2", "-1", 
    "0", "1"), c("A", "G"))))))
