Results <-
list(`bwa.out//20220204//BlindCMMRD123_S49.sam` = list(GM07_SNP1 = list(
    All = list(Freqs = structure(c(0L, 0L, 1L, 0L, 0L, 0L, 1L, 
    79L, 1358L, 38L, 4L, 10L, 0L, 0L, 1L, 0L, 0L, 0L, 2L, 73L, 
    1365L, 33L, 1L, 15L, 0L, 0L, 9L, 0L, 0L, 0L), .Dim = 6:5, .Dimnames = structure(list(
        c("-2", "-1", "0", "1", "2", NA), c("-", "A", "C", "G", 
        NA)), .Names = c("", "")), class = "table"), N = 2990L), 
    Tag.Distribution = structure(c(`1` = 179L, `2` = 135L, `3` = 103L, 
    `4` = 91L, `5` = 72L, `6` = 35L, `7` = 30L, `8` = 32L, `9` = 17L, 
    `10` = 13L, `11` = 12L, `12` = 4L, `13` = 4L, `14` = 4L, 
    `15` = 2L, `16` = 2L, `17` = 1L, `19` = 1L, `20` = 1L, `21` = 1L
    ), .Dim = 20L, .Dimnames = list(TagUsage = c("1", "2", "3", 
    "4", "5", "6", "7", "8", "9", "10", "11", "12", "13", "14", 
    "15", "16", "17", "19", "20", "21")), class = "table"), No.Tag = structure(c(0L, 
    0L, 0L, 0L, 0L, 0L, 0L, 2L, 59L, 0L, 0L, 0L, 0L, 0L, 1L, 
    0L, 0L, 0L, 0L, 0L, 58L, 0L, 0L, 1L, 0L, 0L, 1L, 0L, 0L, 
    0L), .Dim = 6:5, .Dimnames = structure(list(c("-2", "-1", 
    "0", "1", "2", NA), c("-", "A", "C", "G", NA)), .Names = c("", 
    "")), class = "table"), All.Tags = list(Concordant = list(
        Freqs = structure(c(0, 0, 0, 0, 0, 1, 7, 274, 4, 0, 0, 
        0, 0, 0, 0, 0, 2, 264, 1, 0), .Dim = 5:4, .Dimnames = list(
            c("-2", "-1", "0", "1", "2"), c("-", "A", "C", "G"
            ))), N = 553), Majority = list(Freqs = structure(c(0, 
    0, 0, 0, 0, 1, 7, 341, 4, 0, 0, 0, 0, 0, 0, 0, 3, 345, 2, 
    0), .Dim = 5:4, .Dimnames = list(c("-2", "-1", "0", "1", 
    "2"), c("-", "A", "C", "G"))), N = 703)), `2` = structure(c(0, 
    0, 0, 0, 0, 0, 2, 257, 1, 0, 0, 0, 0, 0, 0, 0, 1, 263, 2, 
    0), .Dim = 5:4, .Dimnames = list(c("-2", "-1", "0", "1", 
    "2"), c("-", "A", "C", "G"))))))
