Results <-
list(`bwa.out//20220204//BlindCMMRD44_S4.sam` = list(GM07_SNP1 = list(
    All = list(Freqs = structure(c(0L, 0L, 1L, 0L, 0L, 0L, 2L, 
    90L, 2035L, 45L, 1L, 24L, 0L, 0L, 0L, 0L, 0L, 1L, 3L, 95L, 
    1679L, 51L, 3L, 15L, 0L, 1L, 49L, 1L, 0L, 0L), .Dim = 6:5, .Dimnames = structure(list(
        c("-2", "-1", "0", "1", "2", NA), c("-", "A", "C", "G", 
        NA)), .Names = c("", "")), class = "table"), N = 4096L), 
    Tag.Distribution = structure(c(`1` = 68L, `2` = 29L, `3` = 19L, 
    `4` = 26L, `5` = 16L, `6` = 31L, `7` = 10L, `8` = 17L, `9` = 22L, 
    `10` = 14L, `11` = 11L, `12` = 4L, `13` = 7L, `14` = 9L, 
    `15` = 8L, `16` = 6L, `17` = 6L, `18` = 10L, `19` = 5L, `20` = 7L, 
    `21` = 6L, `22` = 2L, `23` = 1L, `24` = 5L, `25` = 3L, `26` = 3L, 
    `27` = 1L, `28` = 5L, `29` = 6L, `30` = 2L, `32` = 4L, `34` = 2L, 
    `37` = 2L, `38` = 2L, `40` = 2L, `41` = 2L, `42` = 2L, `44` = 2L, 
    `51` = 1L, `59` = 1L), .Dim = 40L, .Dimnames = list(TagUsage = c("1", 
    "2", "3", "4", "5", "6", "7", "8", "9", "10", "11", "12", 
    "13", "14", "15", "16", "17", "18", "19", "20", "21", "22", 
    "23", "24", "25", "26", "27", "28", "29", "30", "32", "34", 
    "37", "38", "40", "41", "42", "44", "51", "59")), class = "table"), 
    No.Tag = structure(c(0L, 0L, 0L, 0L, 0L, 0L, 0L, 3L, 104L, 
    1L, 0L, 3L, 0L, 0L, 0L, 0L, 0L, 1L, 1L, 3L, 91L, 5L, 0L, 
    2L, 0L, 0L, 9L, 0L, 0L, 0L), .Dim = 6:5, .Dimnames = structure(list(
        c("-2", "-1", "0", "1", "2", NA), c("-", "A", "C", "G", 
        NA)), .Names = c("", "")), class = "table"), All.Tags = list(
        Concordant = list(Freqs = structure(c(0, 0, 0, 0, 0, 
        0, 1, 122, 1, 0, 0, 0, 0, 0, 0, 0, 0, 103, 0, 0), .Dim = 5:4, .Dimnames = list(
            c("-2", "-1", "0", "1", "2"), c("-", "A", "C", "G"
            ))), N = 227), Majority = list(Freqs = structure(c(0, 
        0, 0, 0, 0, 0, 2, 196, 2, 0, 0, 0, 0, 0, 0, 0, 0, 168, 
        0, 0), .Dim = 5:4, .Dimnames = list(c("-2", "-1", "0", 
        "1", "2"), c("-", "A", "C", "G"))), N = 368)), `2` = structure(c(0, 
    0, 0, 0, 0, 0, 1, 166, 1, 0, 0, 0, 0, 0, 0, 0, 0, 139, 0, 
    0), .Dim = 5:4, .Dimnames = list(c("-2", "-1", "0", "1", 
    "2"), c("-", "A", "C", "G"))))))
