Results <-
list(`bwa.out//20220204//BlindCMMRD48_S8.sam` = list(IM49_SNP1 = list(
    All = list(Freqs = structure(c(1L, 1L, 58L, 2293L, 32L, 23L, 
    0L, 2L, 45L, 1196L, 20L, 5L, 0L, 0L, 1L, 239L, 0L, 0L), .Dim = c(6L, 
    3L), .Dimnames = structure(list(c("-3", "-2", "-1", "0", 
    "1", NA), c("C", "G", NA)), .Names = c("", "")), class = "table"), 
        N = 3916L), Tag.Distribution = structure(c(`1` = 158L, 
    `2` = 35L, `3` = 28L, `4` = 20L, `5` = 18L, `6` = 23L, `7` = 19L, 
    `8` = 14L, `9` = 16L, `10` = 11L, `11` = 12L, `12` = 6L, 
    `13` = 11L, `14` = 6L, `15` = 9L, `16` = 9L, `17` = 4L, `18` = 7L, 
    `19` = 8L, `20` = 3L, `21` = 4L, `22` = 3L, `23` = 4L, `24` = 3L, 
    `25` = 4L, `26` = 6L, `27` = 2L, `28` = 2L, `29` = 2L, `30` = 4L, 
    `31` = 1L, `32` = 3L, `33` = 1L, `34` = 4L, `35` = 1L, `38` = 1L, 
    `40` = 1L, `41` = 2L, `42` = 1L, `43` = 1L, `45` = 1L, `50` = 1L, 
    `57` = 2L), .Dim = 43L, .Dimnames = list(TagUsage = c("1", 
    "2", "3", "4", "5", "6", "7", "8", "9", "10", "11", "12", 
    "13", "14", "15", "16", "17", "18", "19", "20", "21", "22", 
    "23", "24", "25", "26", "27", "28", "29", "30", "31", "32", 
    "33", "34", "35", "38", "40", "41", "42", "43", "45", "50", 
    "57")), class = "table"), No.Tag = structure(c(0L, 0L, 3L, 
    12L, 0L, 0L, 0L, 0L, 0L, 19L, 1L, 0L, 0L, 0L, 0L, 3L, 0L, 
    0L), .Dim = c(6L, 3L), .Dimnames = structure(list(c("-3", 
    "-2", "-1", "0", "1", NA), c("C", "G", NA)), .Names = c("", 
    "")), class = "table"), All.Tags = list(Concordant = list(
        Freqs = structure(c(0, 1, 1, 181, 0, 0, 0, 0, 111, 1), .Dim = c(5L, 
        2L), .Dimnames = list(c("-3", "-2", "-1", "0", "1"), 
            c("C", "G"))), N = 295), Majority = list(Freqs = structure(c(0, 
    1, 1, 242, 0, 0, 0, 0, 156, 1), .Dim = c(5L, 2L), .Dimnames = list(
        c("-3", "-2", "-1", "0", "1"), c("C", "G"))), N = 401)), 
    `2` = structure(c(0, 0, 0, 183, 0, 0, 0, 0, 124, 0), .Dim = c(5L, 
    2L), .Dimnames = list(c("-3", "-2", "-1", "0", "1"), c("C", 
    "G"))))))
