Results <-
list(`bwa.out//20220204//BlindCMMRD75_S34.sam` = list(GM26_SNP1 = list(
    All = list(Freqs = structure(c(2L, 12L, 2095L, 5L, 3L, 0L, 
    17L, 1987L, 7L, 4L, 0L, 1L, 36L, 0L, 0L), .Dim = c(5L, 3L
    ), .Dimnames = structure(list(c("-2", "-1", "0", "1", NA), 
        c("A", "G", NA)), .Names = c("", "")), class = "table"), 
        N = 4169L), Tag.Distribution = structure(c(`1` = 106L, 
    `2` = 56L, `3` = 53L, `4` = 33L, `5` = 32L, `6` = 27L, `7` = 23L, 
    `8` = 21L, `9` = 22L, `10` = 21L, `11` = 14L, `12` = 14L, 
    `13` = 15L, `14` = 12L, `15` = 8L, `16` = 12L, `17` = 10L, 
    `18` = 7L, `19` = 7L, `20` = 5L, `21` = 2L, `22` = 2L, `23` = 5L, 
    `24` = 3L, `25` = 5L, `26` = 3L, `27` = 3L, `29` = 3L, `30` = 1L, 
    `31` = 2L, `32` = 1L, `33` = 1L, `34` = 1L, `36` = 1L, `41` = 1L, 
    `62` = 1L), .Dim = 36L, .Dimnames = list(TagUsage = c("1", 
    "2", "3", "4", "5", "6", "7", "8", "9", "10", "11", "12", 
    "13", "14", "15", "16", "17", "18", "19", "20", "21", "22", 
    "23", "24", "25", "26", "27", "29", "30", "31", "32", "33", 
    "34", "36", "41", "62")), class = "table"), No.Tag = structure(c(0L, 
    0L, 60L, 0L, 0L, 0L, 0L, 38L, 0L, 1L, 0L, 0L, 2L, 0L, 0L), .Dim = c(5L, 
    3L), .Dimnames = structure(list(c("-2", "-1", "0", "1", NA
    ), c("A", "G", NA)), .Names = c("", "")), class = "table"), 
    All.Tags = list(Concordant = list(Freqs = structure(c(0, 
    0, 233, 0, 0, 0, 229, 1), .Dim = c(4L, 2L), .Dimnames = list(
        c("-2", "-1", "0", "1"), c("A", "G"))), N = 463), Majority = list(
        Freqs = structure(c(0, 0, 265, 0, 0, 1, 257, 1), .Dim = c(4L, 
        2L), .Dimnames = list(c("-2", "-1", "0", "1"), c("A", 
        "G"))), N = 524)), `2` = structure(c(0, 0, 211, 0, 0, 
    1, 211, 0), .Dim = c(4L, 2L), .Dimnames = list(c("-2", "-1", 
    "0", "1"), c("A", "G"))))))
