Results <-
list(`bwa.out//20220204//BlindCMMRD76_S35.sam` = list(LR20_SNP1 = list(
    All = list(Freqs = structure(c(1L, 12L, 2318L, 5L, 1L, 0L, 
    10L, 2108L, 3L, 0L, 0L, 0L, 22L, 0L, 0L), .Dim = c(5L, 3L
    ), .Dimnames = structure(list(c("-2", "-1", "0", "1", NA), 
        c("A", "G", NA)), .Names = c("", "")), class = "table"), 
        N = 4480L), Tag.Distribution = structure(c(`1` = 116L, 
    `2` = 44L, `3` = 35L, `4` = 40L, `5` = 31L, `6` = 36L, `7` = 20L, 
    `8` = 34L, `9` = 21L, `10` = 18L, `11` = 19L, `12` = 16L, 
    `13` = 15L, `14` = 9L, `15` = 16L, `16` = 7L, `17` = 14L, 
    `18` = 12L, `19` = 7L, `20` = 5L, `21` = 7L, `22` = 3L, `23` = 6L, 
    `24` = 3L, `25` = 2L, `26` = 2L, `27` = 1L, `28` = 3L, `29` = 3L, 
    `31` = 3L, `40` = 1L, `41` = 1L, `42` = 2L), .Dim = 33L, .Dimnames = list(
        TagUsage = c("1", "2", "3", "4", "5", "6", "7", "8", 
        "9", "10", "11", "12", "13", "14", "15", "16", "17", 
        "18", "19", "20", "21", "22", "23", "24", "25", "26", 
        "27", "28", "29", "31", "40", "41", "42")), class = "table"), 
    No.Tag = structure(c(0L, 0L, 49L, 0L, 0L, 0L, 0L, 63L, 0L, 
    0L, 0L, 0L, 5L, 0L, 0L), .Dim = c(5L, 3L), .Dimnames = structure(list(
        c("-2", "-1", "0", "1", NA), c("A", "G", NA)), .Names = c("", 
    "")), class = "table"), All.Tags = list(Concordant = list(
        Freqs = structure(c(0, 1, 261, 0, 0, 1, 231, 0), .Dim = c(4L, 
        2L), .Dimnames = list(c("-2", "-1", "0", "1"), c("A", 
        "G"))), N = 494), Majority = list(Freqs = structure(c(0, 
    1, 289, 0, 0, 1, 254, 0), .Dim = c(4L, 2L), .Dimnames = list(
        c("-2", "-1", "0", "1"), c("A", "G"))), N = 545)), `2` = structure(c(0, 
    1, 226, 0, 0, 1, 205, 0), .Dim = c(4L, 2L), .Dimnames = list(
        c("-2", "-1", "0", "1"), c("A", "G"))))))
