Results <-
list(`bwa.out//20220204//BlindCMMRD72_S31.sam` = list(IM16_SNP1 = list(
    All = list(Freqs = structure(c(0L, 19L, 2502L, 35L, 8L, 1L, 
    29L, 2941L, 51L, 4L, 0L, 0L, 61L, 3L, 0L), .Dim = c(5L, 3L
    ), .Dimnames = structure(list(c("-2", "-1", "0", "1", NA), 
        c("A", "G", NA)), .Names = c("", "")), class = "table"), 
        N = 5654L), Tag.Distribution = structure(c(`1` = 131L, 
    `2` = 67L, `3` = 59L, `4` = 50L, `5` = 40L, `6` = 44L, `7` = 32L, 
    `8` = 33L, `9` = 29L, `10` = 26L, `11` = 33L, `12` = 19L, 
    `13` = 11L, `14` = 8L, `15` = 9L, `16` = 9L, `17` = 6L, `18` = 11L, 
    `19` = 8L, `20` = 8L, `21` = 7L, `22` = 7L, `23` = 3L, `24` = 7L, 
    `25` = 9L, `27` = 3L, `28` = 2L, `29` = 2L, `30` = 4L, `31` = 4L, 
    `32` = 3L, `33` = 2L, `34` = 2L, `35` = 2L, `36` = 1L, `47` = 1L, 
    `55` = 1L), .Dim = 37L, .Dimnames = list(TagUsage = c("1", 
    "2", "3", "4", "5", "6", "7", "8", "9", "10", "11", "12", 
    "13", "14", "15", "16", "17", "18", "19", "20", "21", "22", 
    "23", "24", "25", "27", "28", "29", "30", "31", "32", "33", 
    "34", "35", "36", "47", "55")), class = "table"), No.Tag = structure(c(0L, 
    0L, 76L, 2L, 1L, 0L, 1L, 69L, 1L, 0L, 0L, 0L, 12L, 0L, 0L
    ), .Dim = c(5L, 3L), .Dimnames = structure(list(c("-2", "-1", 
    "0", "1", NA), c("A", "G", NA)), .Names = c("", "")), class = "table"), 
    All.Tags = list(Concordant = list(Freqs = structure(c(0, 
    1, 257, 0, 0, 0, 302, 1), .Dim = c(4L, 2L), .Dimnames = list(
        c("-2", "-1", "0", "1"), c("A", "G"))), N = 561), Majority = list(
        Freqs = structure(c(0, 1, 310, 1, 0, 0, 370, 2), .Dim = c(4L, 
        2L), .Dimnames = list(c("-2", "-1", "0", "1"), c("A", 
        "G"))), N = 684)), `2` = structure(c(0, 0, 255, 1, 0, 
    0, 301, 1), .Dim = c(4L, 2L), .Dimnames = list(c("-2", "-1", 
    "0", "1"), c("A", "G"))))))
