Results <-
list(`bwa.out//20220204//BlindCMMRD121_S47.sam` = list(GM17_SNP1 = list(
    All = list(Freqs = structure(c(0L, 1L, 0L, 0L, 24L, 2464L, 
    5L, 10L, 35L, 2513L, 7L, 7L, 0L, 12L, 1L, 0L), .Dim = c(4L, 
    4L), .Dimnames = structure(list(c("-1", "0", "1", NA), c("-", 
    "C", "T", NA)), .Names = c("", "")), class = "table"), N = 5079L), 
    Tag.Distribution = structure(c(`1` = 225L, `2` = 191L, `3` = 162L, 
    `4` = 125L, `5` = 89L, `6` = 79L, `7` = 76L, `8` = 38L, `9` = 33L, 
    `10` = 25L, `11` = 28L, `12` = 14L, `13` = 19L, `14` = 9L, 
    `15` = 6L, `16` = 2L, `18` = 3L, `20` = 1L, `21` = 2L, `22` = 1L
    ), .Dim = 20L, .Dimnames = list(TagUsage = c("1", "2", "3", 
    "4", "5", "6", "7", "8", "9", "10", "11", "12", "13", "14", 
    "15", "16", "18", "20", "21", "22")), class = "table"), No.Tag = structure(c(0L, 
    1L, 0L, 0L, 0L, 30L, 0L, 0L, 0L, 39L, 0L, 1L, 0L, 4L, 0L, 
    0L), .Dim = c(4L, 4L), .Dimnames = structure(list(c("-1", 
    "0", "1", NA), c("-", "C", "T", NA)), .Names = c("", "")), class = "table"), 
    All.Tags = list(Concordant = list(Freqs = structure(c(0, 
    0, 0, 0, 501, 0, 1, 462, 0), .Dim = c(3L, 3L), .Dimnames = list(
        c("-1", "0", "1"), c("-", "C", "T"))), N = 964), Majority = list(
        Freqs = structure(c(0, 0, 0, 0, 559, 0, 1, 541, 0), .Dim = c(3L, 
        3L), .Dimnames = list(c("-1", "0", "1"), c("-", "C", 
        "T"))), N = 1101)), `2` = structure(c(0, 0, 0, 0, 441, 
    0, 1, 435, 0), .Dim = c(3L, 3L), .Dimnames = list(c("-1", 
    "0", "1"), c("-", "C", "T"))))))
