Results <-
list(`bwa.out//20220204//Control14_S7.sam` = list(GM17_SNP1 = list(
    All = list(Freqs = structure(c(25L, 1625L, 7L, 1L, 1L, 19L, 
    1527L, 2L, 0L, 0L, 1L, 14L, 1L, 0L, 0L), .Dim = c(5L, 3L), .Dimnames = structure(list(
        c("-1", "0", "1", "2", NA), c("C", "T", NA)), .Names = c("", 
    "")), class = "table"), N = 3223L), Tag.Distribution = structure(c(`1` = 103L, 
    `2` = 27L, `3` = 23L, `4` = 37L, `5` = 18L, `6` = 20L, `7` = 15L, 
    `8` = 14L, `9` = 14L, `10` = 17L, `11` = 10L, `12` = 13L, 
    `13` = 5L, `14` = 8L, `15` = 5L, `16` = 2L, `17` = 7L, `18` = 2L, 
    `19` = 6L, `20` = 2L, `21` = 4L, `22` = 2L, `23` = 2L, `24` = 4L, 
    `25` = 6L, `26` = 7L, `27` = 1L, `28` = 1L, `30` = 1L, `31` = 4L, 
    `32` = 3L, `34` = 3L, `35` = 2L, `37` = 1L, `38` = 1L, `39` = 1L
    ), .Dim = 36L, .Dimnames = list(TagUsage = c("1", "2", "3", 
    "4", "5", "6", "7", "8", "9", "10", "11", "12", "13", "14", 
    "15", "16", "17", "18", "19", "20", "21", "22", "23", "24", 
    "25", "26", "27", "28", "30", "31", "32", "34", "35", "37", 
    "38", "39")), class = "table"), No.Tag = structure(c(0L, 
    40L, 0L, 0L, 0L, 0L, 32L, 0L, 0L, 0L, 0L, 2L, 0L, 0L, 0L), .Dim = c(5L, 
    3L), .Dimnames = structure(list(c("-1", "0", "1", "2", NA
    ), c("C", "T", NA)), .Names = c("", "")), class = "table"), 
    All.Tags = list(Concordant = list(Freqs = structure(c(0, 
    166, 0, 0, 1, 170, 0, 0), .Dim = c(4L, 2L), .Dimnames = list(
        c("-1", "0", "1", "2"), c("C", "T"))), N = 337), Majority = list(
        Freqs = structure(c(0, 197, 0, 0, 1, 190, 0, 0), .Dim = c(4L, 
        2L), .Dimnames = list(c("-1", "0", "1", "2"), c("C", 
        "T"))), N = 388)), `2` = structure(c(0, 146, 0, 0, 0, 
    141, 0, 0), .Dim = c(4L, 2L), .Dimnames = list(c("-1", "0", 
    "1", "2"), c("C", "T"))))))
