Results <-
list(`bwa.out//20220204//BlindCMMRD98_S57.sam` = list(LR40_SNP1 = list(
    All = list(Freqs = structure(c(0L, 2L, 0L, 0L, 125L, 7235L, 
    15L, 17L, 0L, 2L, 0L, 0L, 1L, 16L, 0L, 0L), .Dim = c(4L, 
    4L), .Dimnames = structure(list(c("-1", "0", "1", NA), c("A", 
    "C", "T", NA)), .Names = c("", "")), class = "table"), N = 7413L), 
    Tag.Distribution = structure(c(`1` = 151L, `2` = 65L, `3` = 57L, 
    `4` = 49L, `5` = 43L, `6` = 44L, `7` = 27L, `8` = 23L, `9` = 31L, 
    `10` = 23L, `11` = 15L, `12` = 20L, `13` = 18L, `14` = 25L, 
    `15` = 16L, `16` = 14L, `17` = 16L, `18` = 7L, `19` = 7L, 
    `20` = 6L, `21` = 12L, `22` = 7L, `23` = 11L, `24` = 6L, 
    `25` = 7L, `26` = 7L, `27` = 3L, `28` = 2L, `29` = 4L, `30` = 5L, 
    `31` = 5L, `32` = 2L, `33` = 3L, `34` = 5L, `35` = 2L, `36` = 2L, 
    `37` = 4L, `38` = 2L, `39` = 4L, `40` = 1L, `42` = 2L, `44` = 1L, 
    `45` = 2L, `46` = 2L, `47` = 2L, `49` = 1L, `55` = 1L, `58` = 1L
    ), .Dim = 48L, .Dimnames = list(TagUsage = c("1", "2", "3", 
    "4", "5", "6", "7", "8", "9", "10", "11", "12", "13", "14", 
    "15", "16", "17", "18", "19", "20", "21", "22", "23", "24", 
    "25", "26", "27", "28", "29", "30", "31", "32", "33", "34", 
    "35", "36", "37", "38", "39", "40", "42", "44", "45", "46", 
    "47", "49", "55", "58")), class = "table"), No.Tag = structure(c(0L, 
    0L, 0L, 0L, 3L, 113L, 1L, 2L, 0L, 0L, 0L, 0L, 0L, 2L, 0L, 
    0L), .Dim = c(4L, 4L), .Dimnames = structure(list(c("-1", 
    "0", "1", NA), c("A", "C", "T", NA)), .Names = c("", "")), class = "table"), 
    All.Tags = list(Concordant = list(Freqs = structure(c(0, 
    1, 0, 6, 674, 1, 0, 0, 0), .Dim = c(3L, 3L), .Dimnames = list(
        c("-1", "0", "1"), c("A", "C", "T"))), N = 682), Majority = list(
        Freqs = structure(c(0, 1, 0, 7, 747, 2, 0, 0, 0), .Dim = c(3L, 
        3L), .Dimnames = list(c("-1", "0", "1"), c("A", "C", 
        "T"))), N = 757)), `2` = structure(c(0, 0, 0, 6, 600, 
    1, 0, 0, 0), .Dim = c(3L, 3L), .Dimnames = list(c("-1", "0", 
    "1"), c("A", "C", "T"))))))
