Results <-
list(`bwa.out//20220204//BlindCMMRD133_S59.sam` = list(LR44_SNP1 = list(
    All = list(Freqs = structure(c(1L, 18L, 332L, 4669L, 74L, 
    1L, 33L, 0L, 0L, 0L, 3L, 0L, 0L, 0L, 0L, 0L, 2L, 55L, 0L, 
    0L, 0L), .Dim = c(7L, 3L), .Dimnames = structure(list(c("-3", 
    "-2", "-1", "0", "1", "2", NA), c("C", "T", NA)), .Names = c("", 
    "")), class = "table"), N = 5188L), Tag.Distribution = structure(c(`1` = 220L, 
    `2` = 189L, `3` = 155L, `4` = 132L, `5` = 93L, `6` = 94L, 
    `7` = 81L, `8` = 58L, `9` = 44L, `10` = 26L, `11` = 22L, 
    `12` = 17L, `13` = 9L, `14` = 3L, `15` = 4L, `17` = 1L, `18` = 3L, 
    `19` = 2L), .Dim = 18L, .Dimnames = list(TagUsage = c("1", 
    "2", "3", "4", "5", "6", "7", "8", "9", "10", "11", "12", 
    "13", "14", "15", "17", "18", "19")), class = "table"), No.Tag = structure(c(0L, 
    0L, 4L, 95L, 3L, 1L, 1L, 0L, 0L, 0L, 0L, 0L, 0L, 0L, 0L, 
    0L, 0L, 3L, 0L, 0L, 0L), .Dim = c(7L, 3L), .Dimnames = structure(list(
        c("-3", "-2", "-1", "0", "1", "2", NA), c("C", "T", NA
        )), .Names = c("", "")), class = "table"), All.Tags = list(
        Concordant = list(Freqs = structure(c(0, 0, 20, 837, 
        6, 0, 0, 0, 0, 2, 0, 0), .Dim = c(6L, 2L), .Dimnames = list(
            c("-3", "-2", "-1", "0", "1", "2"), c("C", "T"))), 
            N = 865), Majority = list(Freqs = structure(c(0, 
        0, 27, 1081, 6, 0, 0, 0, 0, 2, 0, 0), .Dim = c(6L, 2L
        ), .Dimnames = list(c("-3", "-2", "-1", "0", "1", "2"
        ), c("C", "T"))), N = 1116)), `2` = structure(c(0, 0, 
    13, 889, 0, 0, 0, 0, 0, 0, 0, 0), .Dim = c(6L, 2L), .Dimnames = list(
        c("-3", "-2", "-1", "0", "1", "2"), c("C", "T"))))))
