Results <-
list(`bwa.out//20220204//BlindCMMRD126_S52.sam` = list(LR44_SNP1 = list(
    All = list(Freqs = structure(c(11L, 271L, 4140L, 53L, 28L, 
    0L, 0L, 1L, 0L, 0L, 1L, 0L, 6L, 0L, 1L, 0L, 2L, 44L, 1L, 
    0L), .Dim = 5:4, .Dimnames = structure(list(c("-2", "-1", 
    "0", "1", NA), c("C", "G", "T", NA)), .Names = c("", "")), class = "table"), 
        N = 4559L), Tag.Distribution = structure(c(`1` = 266L, 
    `2` = 224L, `3` = 189L, `4` = 169L, `5` = 86L, `6` = 82L, 
    `7` = 58L, `8` = 42L, `9` = 33L, `10` = 11L, `11` = 13L, 
    `12` = 6L, `13` = 3L, `14` = 4L, `15` = 3L, `16` = 1L, `17` = 1L, 
    `19` = 1L, `20` = 1L, `21` = 1L), .Dim = 20L, .Dimnames = list(
        TagUsage = c("1", "2", "3", "4", "5", "6", "7", "8", 
        "9", "10", "11", "12", "13", "14", "15", "16", "17", 
        "19", "20", "21")), class = "table"), No.Tag = structure(c(0L, 
    8L, 68L, 2L, 2L, 0L, 0L, 1L, 0L, 0L, 0L, 0L, 1L, 0L, 0L, 
    0L, 0L, 1L, 0L, 0L), .Dim = 5:4, .Dimnames = structure(list(
        c("-2", "-1", "0", "1", NA), c("C", "G", "T", NA)), .Names = c("", 
    "")), class = "table"), All.Tags = list(Concordant = list(
        Freqs = structure(c(0, 25, 905, 3, 0, 0, 0, 0, 1, 0, 
        3, 0), .Dim = 4:3, .Dimnames = list(c("-2", "-1", "0", 
        "1"), c("C", "G", "T"))), N = 937), Majority = list(Freqs = structure(c(0, 
    27, 1125, 3, 0, 0, 0, 0, 1, 0, 3, 0), .Dim = 4:3, .Dimnames = list(
        c("-2", "-1", "0", "1"), c("C", "G", "T"))), N = 1159)), 
    `2` = structure(c(0, 10, 894, 0, 0, 0, 0, 0, 0, 0, 0, 0), .Dim = 4:3, .Dimnames = list(
        c("-2", "-1", "0", "1"), c("C", "G", "T"))))))
