Results <-
list(`bwa.out//20220204//MLPA01_S9.sam` = list(IM49_SNP1 = list(
    All = list(Freqs = structure(c(1L, 33L, 930L, 18L, 0L, 9L, 
    0L, 18L, 746L, 13L, 1L, 8L, 0L, 3L, 90L, 0L, 0L, 0L), .Dim = c(6L, 
    3L), .Dimnames = structure(list(c("-2", "-1", "0", "1", "2", 
    NA), c("C", "G", NA)), .Names = c("", "")), class = "table"), 
        N = 1870L), Tag.Distribution = structure(c(`1` = 159L, 
    `2` = 55L, `3` = 43L, `4` = 26L, `5` = 24L, `6` = 23L, `7` = 11L, 
    `8` = 22L, `9` = 9L, `10` = 6L, `11` = 9L, `12` = 10L, `13` = 8L, 
    `14` = 5L, `15` = 4L, `16` = 4L, `17` = 2L, `18` = 1L, `19` = 2L, 
    `22` = 2L), .Dim = 20L, .Dimnames = list(TagUsage = c("1", 
    "2", "3", "4", "5", "6", "7", "8", "9", "10", "11", "12", 
    "13", "14", "15", "16", "17", "18", "19", "22")), class = "table"), 
    No.Tag = structure(c(0L, 0L, 43L, 0L, 0L, 0L, 0L, 2L, 16L, 
    1L, 0L, 1L, 0L, 0L, 2L, 0L, 0L, 0L), .Dim = c(6L, 3L), .Dimnames = structure(list(
        c("-2", "-1", "0", "1", "2", NA), c("C", "G", NA)), .Names = c("", 
    "")), class = "table"), All.Tags = list(Concordant = list(
        Freqs = structure(c(0, 1, 173, 1, 0, 0, 1, 154, 0, 0), .Dim = c(5L, 
        2L), .Dimnames = list(c("-2", "-1", "0", "1", "2"), c("C", 
        "G"))), N = 330), Majority = list(Freqs = structure(c(0, 
    4, 201, 1, 0, 0, 1, 180, 0, 0), .Dim = c(5L, 2L), .Dimnames = list(
        c("-2", "-1", "0", "1", "2"), c("C", "G"))), N = 387)), 
    `2` = structure(c(0, 3, 137, 0, 0, 0, 0, 118, 0, 0), .Dim = c(5L, 
    2L), .Dimnames = list(c("-2", "-1", "0", "1", "2"), c("C", 
    "G"))))))
