Results <-
list(`bwa.out//20220204//Control14_S7.sam` = list(LR24_SNP1 = list(
    All = list(Freqs = structure(c(0L, 4L, 2066L, 8L, 2L, 1L, 
    10L, 2021L, 5L, 1L, 0L, 0L, 26L, 0L, 0L), .Dim = c(5L, 3L
    ), .Dimnames = structure(list(c("-2", "-1", "0", "1", NA), 
        c("A", "G", NA)), .Names = c("", "")), class = "table"), 
        N = 4144L), Tag.Distribution = structure(c(`1` = 177L, 
    `2` = 101L, `3` = 67L, `4` = 68L, `5` = 54L, `6` = 42L, `7` = 31L, 
    `8` = 19L, `9` = 32L, `10` = 18L, `11` = 19L, `12` = 17L, 
    `13` = 11L, `14` = 16L, `15` = 9L, `16` = 5L, `17` = 11L, 
    `18` = 3L, `19` = 7L, `20` = 3L, `21` = 2L, `22` = 4L, `23` = 3L, 
    `24` = 1L, `26` = 1L, `27` = 2L, `29` = 1L, `30` = 1L), .Dim = 28L, .Dimnames = list(
        TagUsage = c("1", "2", "3", "4", "5", "6", "7", "8", 
        "9", "10", "11", "12", "13", "14", "15", "16", "17", 
        "18", "19", "20", "21", "22", "23", "24", "26", "27", 
        "29", "30")), class = "table"), No.Tag = structure(c(0L, 
    0L, 58L, 0L, 0L, 0L, 0L, 77L, 0L, 0L, 0L, 0L, 7L, 0L, 0L), .Dim = c(5L, 
    3L), .Dimnames = structure(list(c("-2", "-1", "0", "1", NA
    ), c("A", "G", NA)), .Names = c("", "")), class = "table"), 
    All.Tags = list(Concordant = list(Freqs = structure(c(0, 
    1, 342, 0, 0, 1, 321, 1), .Dim = c(4L, 2L), .Dimnames = list(
        c("-2", "-1", "0", "1"), c("A", "G"))), N = 666), Majority = list(
        Freqs = structure(c(0, 1, 365, 0, 0, 1, 348, 1), .Dim = c(4L, 
        2L), .Dimnames = list(c("-2", "-1", "0", "1"), c("A", 
        "G"))), N = 716)), `2` = structure(c(0, 0, 277, 0, 0, 
    0, 266, 0), .Dim = c(4L, 2L), .Dimnames = list(c("-2", "-1", 
    "0", "1"), c("A", "G"))))))
