Results <-
list(`bwa.out//20220204//BlindCMMRD50_S10.sam` = list(LR49_SNP1 = list(
    All = list(Freqs = structure(c(7L, 2891L, 1L, 1L, 0L, 5L, 
    0L, 0L, 0L, 29L, 0L, 0L), .Dim = 4:3, .Dimnames = structure(list(
        c("-1", "0", "1", NA), c("A", "G", NA)), .Names = c("", 
    "")), class = "table"), N = 2934L), Tag.Distribution = structure(c(`1` = 74L, 
    `2` = 20L, `3` = 16L, `4` = 14L, `5` = 14L, `6` = 14L, `7` = 9L, 
    `8` = 9L, `9` = 5L, `10` = 8L, `11` = 12L, `12` = 9L, `13` = 12L, 
    `14` = 10L, `15` = 6L, `16` = 3L, `17` = 6L, `18` = 4L, `19` = 5L, 
    `20` = 2L, `21` = 6L, `22` = 4L, `23` = 3L, `26` = 1L, `27` = 5L, 
    `30` = 1L, `33` = 2L, `34` = 1L, `35` = 1L, `37` = 1L, `39` = 2L, 
    `40` = 1L, `42` = 2L, `45` = 1L, `46` = 2L, `48` = 1L, `50` = 1L, 
    `54` = 1L, `61` = 1L), .Dim = 39L, .Dimnames = list(TagUsage = c("1", 
    "2", "3", "4", "5", "6", "7", "8", "9", "10", "11", "12", 
    "13", "14", "15", "16", "17", "18", "19", "20", "21", "22", 
    "23", "26", "27", "30", "33", "34", "35", "37", "39", "40", 
    "42", "45", "46", "48", "50", "54", "61")), class = "table"), 
    No.Tag = structure(c(0L, 115L, 0L, 1L, 0L, 0L, 0L, 0L, 0L, 
    5L, 0L, 0L), .Dim = 4:3, .Dimnames = structure(list(c("-1", 
    "0", "1", NA), c("A", "G", NA)), .Names = c("", "")), class = "table"), 
    All.Tags = list(Concordant = list(Freqs = structure(c(1, 
    273, 0, 0, 4, 0), .Dim = 3:2, .Dimnames = list(c("-1", "0", 
    "1"), c("A", "G"))), N = 278), Majority = list(Freqs = structure(c(1, 
    281, 0, 0, 4, 0), .Dim = 3:2, .Dimnames = list(c("-1", "0", 
    "1"), c("A", "G"))), N = 286)), `2` = structure(c(0, 215, 
    0, 0, 0, 0), .Dim = 3:2, .Dimnames = list(c("-1", "0", "1"
    ), c("A", "G"))))))
