Results <-
list(`bwa.out//20220204//BlindCMMRD75_S34.sam` = list(LR10_SNP1 = list(
    All = list(Freqs = structure(c(43L, 2315L, 13L, 5L, 22L, 
    1780L, 10L, 1L, 1L, 43L, 0L, 0L), .Dim = 4:3, .Dimnames = structure(list(
        c("-1", "0", "1", NA), c("C", "T", NA)), .Names = c("", 
    "")), class = "table"), N = 4233L), Tag.Distribution = structure(c(`1` = 96L, 
    `2` = 56L, `3` = 52L, `4` = 46L, `5` = 35L, `6` = 33L, `7` = 30L, 
    `8` = 32L, `9` = 21L, `10` = 20L, `11` = 19L, `12` = 16L, 
    `13` = 11L, `14` = 10L, `15` = 14L, `16` = 8L, `17` = 7L, 
    `18` = 7L, `19` = 9L, `20` = 7L, `21` = 4L, `22` = 6L, `23` = 3L, 
    `24` = 2L, `25` = 3L, `26` = 1L, `27` = 6L, `28` = 1L, `29` = 1L, 
    `30` = 1L, `31` = 2L, `32` = 1L, `35` = 1L), .Dim = 33L, .Dimnames = list(
        TagUsage = c("1", "2", "3", "4", "5", "6", "7", "8", 
        "9", "10", "11", "12", "13", "14", "15", "16", "17", 
        "18", "19", "20", "21", "22", "23", "24", "25", "26", 
        "27", "28", "29", "30", "31", "32", "35")), class = "table"), 
    No.Tag = structure(c(2L, 32L, 1L, 1L, 0L, 27L, 0L, 0L, 0L, 
    4L, 0L, 0L), .Dim = 4:3, .Dimnames = structure(list(c("-1", 
    "0", "1", NA), c("C", "T", NA)), .Names = c("", "")), class = "table"), 
    All.Tags = list(Concordant = list(Freqs = structure(c(2, 
    245, 0, 2, 212, 0), .Dim = 3:2, .Dimnames = list(c("-1", 
    "0", "1"), c("C", "T"))), N = 461), Majority = list(Freqs = structure(c(2, 
    297, 0, 2, 251, 0), .Dim = 3:2, .Dimnames = list(c("-1", 
    "0", "1"), c("C", "T"))), N = 552)), `2` = structure(c(1, 
    245, 0, 0, 216, 0), .Dim = 3:2, .Dimnames = list(c("-1", 
    "0", "1"), c("C", "T"))))))
