Results <-
list(`bwa.out//20220204//BlindCMMRD43_S3.sam` = list(GM07_SNP1 = list(
    All = list(Freqs = structure(c(1L, 0L, 4L, 0L, 0L, 1L, 4L, 
    135L, 2160L, 50L, 1L, 26L, 0L, 2L, 37L, 2L, 0L, 0L), .Dim = c(6L, 
    3L), .Dimnames = structure(list(c("-2", "-1", "0", "1", "3", 
    NA), c("A", "G", NA)), .Names = c("", "")), class = "table"), 
        N = 2423L), Tag.Distribution = structure(c(`1` = 71L, 
    `2` = 27L, `3` = 22L, `4` = 21L, `5` = 25L, `6` = 12L, `7` = 12L, 
    `8` = 13L, `9` = 14L, `10` = 8L, `11` = 13L, `12` = 7L, `13` = 3L, 
    `14` = 8L, `15` = 5L, `16` = 5L, `17` = 3L, `18` = 3L, `19` = 5L, 
    `20` = 2L, `21` = 4L, `22` = 4L, `24` = 4L, `25` = 2L, `26` = 3L, 
    `28` = 1L, `30` = 1L, `32` = 1L, `33` = 2L, `34` = 1L, `38` = 1L
    ), .Dim = 31L, .Dimnames = list(TagUsage = c("1", "2", "3", 
    "4", "5", "6", "7", "8", "9", "10", "11", "12", "13", "14", 
    "15", "16", "17", "18", "19", "20", "21", "22", "24", "25", 
    "26", "28", "30", "32", "33", "34", "38")), class = "table"), 
    No.Tag = structure(c(0L, 0L, 0L, 0L, 0L, 1L, 0L, 6L, 138L, 
    2L, 0L, 5L, 0L, 0L, 8L, 0L, 0L, 0L), .Dim = c(6L, 3L), .Dimnames = structure(list(
        c("-2", "-1", "0", "1", "3", NA), c("A", "G", NA)), .Names = c("", 
    "")), class = "table"), All.Tags = list(Concordant = list(
        Freqs = structure(c(1, 0, 4, 0, 0, 0, 5, 191, 0, 0), .Dim = c(5L, 
        2L), .Dimnames = list(c("-2", "-1", "0", "1", "3"), c("A", 
        "G"))), N = 201), Majority = list(Freqs = structure(c(1, 
    0, 4, 0, 0, 0, 7, 271, 0, 0), .Dim = c(5L, 2L), .Dimnames = list(
        c("-2", "-1", "0", "1", "3"), c("A", "G"))), N = 283)), 
    `2` = structure(c(0, 0, 0, 0, 0, 0, 4, 214, 0, 0), .Dim = c(5L, 
    2L), .Dimnames = list(c("-2", "-1", "0", "1", "3"), c("A", 
    "G"))))))
