Results <-
list(`bwa.out//20220204//Control21_S14.sam` = list(LR52_SNP1 = list(
    All = list(Freqs = structure(c(0L, 0L, 0L, 1L, 0L, 0L, 0L, 
    0L, 0L, 1L, 0L, 0L, 2L, 13L, 199L, 2292L, 62L, 12L, 0L, 0L, 
    3L, 51L, 0L, 0L), .Dim = c(6L, 4L), .Dimnames = structure(list(
        c("-3", "-2", "-1", "0", "1", NA), c("A", "C", "T", NA
        )), .Names = c("", "")), class = "table"), N = 2636L), 
    Tag.Distribution = structure(c(`1` = 89L, `2` = 50L, `3` = 33L, 
    `4` = 47L, `5` = 27L, `6` = 24L, `7` = 17L, `8` = 18L, `9` = 18L, 
    `10` = 10L, `11` = 15L, `12` = 13L, `13` = 15L, `14` = 7L, 
    `15` = 2L, `16` = 5L, `17` = 5L, `18` = 3L, `19` = 5L, `20` = 1L, 
    `21` = 1L, `22` = 1L, `23` = 3L, `28` = 1L, `29` = 1L, `30` = 1L, 
    `31` = 1L, `32` = 1L, `34` = 1L), .Dim = 29L, .Dimnames = list(
        TagUsage = c("1", "2", "3", "4", "5", "6", "7", "8", 
        "9", "10", "11", "12", "13", "14", "15", "16", "17", 
        "18", "19", "20", "21", "22", "23", "28", "29", "30", 
        "31", "32", "34")), class = "table"), No.Tag = structure(c(0L, 
    0L, 0L, 0L, 0L, 0L, 0L, 0L, 0L, 0L, 0L, 0L, 0L, 0L, 6L, 69L, 
    1L, 1L, 0L, 0L, 0L, 5L, 0L, 0L), .Dim = c(6L, 4L), .Dimnames = structure(list(
        c("-3", "-2", "-1", "0", "1", NA), c("A", "C", "T", NA
        )), .Names = c("", "")), class = "table"), All.Tags = list(
        Concordant = list(Freqs = structure(c(0, 0, 0, 0, 0, 
        0, 0, 0, 1, 0, 0, 1, 11, 257, 3), .Dim = c(5L, 3L), .Dimnames = list(
            c("-3", "-2", "-1", "0", "1"), c("A", "C", "T"))), 
            N = 273), Majority = list(Freqs = structure(c(0, 
        0, 0, 0, 0, 0, 0, 0, 1, 0, 0, 1, 17, 380, 5), .Dim = c(5L, 
        3L), .Dimnames = list(c("-3", "-2", "-1", "0", "1"), 
            c("A", "C", "T"))), N = 404)), `2` = structure(c(0, 
    0, 0, 0, 0, 0, 0, 0, 0, 0, 0, 0, 8, 308, 3), .Dim = c(5L, 
    3L), .Dimnames = list(c("-3", "-2", "-1", "0", "1"), c("A", 
    "C", "T"))))))
