Results <-
list(`bwa.out//20220204//BlindCMMRD68_S27.sam` = list(GM22_SNP1 = list(
    All = list(Freqs = structure(c(0L, 26L, 2223L, 11L, 7L, 1L, 
    29L, 1975L, 4L, 3L, 1L, 1L, 69L, 0L, 0L), .Dim = c(5L, 3L
    ), .Dimnames = structure(list(c("-2", "-1", "0", "1", NA), 
        c("A", "G", NA)), .Names = c("", "")), class = "table"), 
        N = 4350L), Tag.Distribution = structure(c(`1` = 93L, 
    `2` = 50L, `3` = 54L, `4` = 39L, `5` = 40L, `6` = 30L, `7` = 27L, 
    `8` = 22L, `9` = 17L, `10` = 14L, `11` = 16L, `12` = 13L, 
    `13` = 9L, `14` = 16L, `15` = 12L, `16` = 15L, `17` = 9L, 
    `18` = 10L, `19` = 11L, `20` = 4L, `21` = 14L, `22` = 2L, 
    `23` = 3L, `24` = 5L, `25` = 2L, `26` = 1L, `27` = 3L, `28` = 1L, 
    `29` = 2L, `31` = 1L, `32` = 1L, `34` = 1L, `45` = 1L, `55` = 1L
    ), .Dim = 34L, .Dimnames = list(TagUsage = c("1", "2", "3", 
    "4", "5", "6", "7", "8", "9", "10", "11", "12", "13", "14", 
    "15", "16", "17", "18", "19", "20", "21", "22", "23", "24", 
    "25", "26", "27", "28", "29", "31", "32", "34", "45", "55"
    )), class = "table"), No.Tag = structure(c(0L, 2L, 49L, 1L, 
    3L, 0L, 1L, 57L, 1L, 0L, 0L, 0L, 5L, 0L, 0L), .Dim = c(5L, 
    3L), .Dimnames = structure(list(c("-2", "-1", "0", "1", NA
    ), c("A", "G", NA)), .Names = c("", "")), class = "table"), 
    All.Tags = list(Concordant = list(Freqs = structure(c(0, 
    1, 250, 1, 1, 0, 206, 0), .Dim = c(4L, 2L), .Dimnames = list(
        c("-2", "-1", "0", "1"), c("A", "G"))), N = 459), Majority = list(
        Freqs = structure(c(0, 1, 283, 1, 1, 0, 242, 0), .Dim = c(4L, 
        2L), .Dimnames = list(c("-2", "-1", "0", "1"), c("A", 
        "G"))), N = 528)), `2` = structure(c(0, 0, 229, 0, 0, 
    0, 214, 0), .Dim = c(4L, 2L), .Dimnames = list(c("-2", "-1", 
    "0", "1"), c("A", "G"))))))
