Results <-
list(`bwa.out//20220204//17D0944_S7.sam` = list(LR40_SNP1 = list(
    All = list(Freqs = structure(c(27L, 3543L, 10L, 7L, 0L, 23L, 
    1L, 0L), .Dim = c(4L, 2L), .Dimnames = structure(list(c("-1", 
    "0", "1", NA), c("C", NA)), .Names = c("", "")), class = "table"), 
        N = 3611L), Tag.Distribution = structure(c(`1` = 102L, 
    `2` = 47L, `3` = 41L, `4` = 33L, `5` = 31L, `6` = 28L, `7` = 24L, 
    `8` = 22L, `9` = 17L, `10` = 11L, `11` = 16L, `12` = 8L, 
    `13` = 7L, `14` = 10L, `15` = 7L, `16` = 4L, `17` = 3L, `18` = 7L, 
    `19` = 9L, `20` = 7L, `21` = 4L, `22` = 1L, `23` = 6L, `24` = 4L, 
    `25` = 1L, `26` = 6L, `27` = 1L, `30` = 1L, `33` = 4L, `34` = 3L, 
    `35` = 1L, `36` = 2L, `37` = 1L, `43` = 1L), .Dim = 34L, .Dimnames = list(
        TagUsage = c("1", "2", "3", "4", "5", "6", "7", "8", 
        "9", "10", "11", "12", "13", "14", "15", "16", "17", 
        "18", "19", "20", "21", "22", "23", "24", "25", "26", 
        "27", "30", "33", "34", "35", "36", "37", "43")), class = "table"), 
    No.Tag = structure(c(1L, 67L, 0L, 1L, 0L, 2L, 0L, 0L), .Dim = c(4L, 
    2L), .Dimnames = structure(list(c("-1", "0", "1", NA), c("C", 
    NA)), .Names = c("", "")), class = "table"), All.Tags = list(
        Concordant = list(Freqs = structure(c(2, 441, 1), .Dim = c(3L, 
        1L), .Dimnames = list(c("-1", "0", "1"), "C")), N = 444), 
        Majority = list(Freqs = structure(c(2, 465, 1), .Dim = c(3L, 
        1L), .Dimnames = list(c("-1", "0", "1"), "C")), N = 468)), 
    `2` = structure(c(1, 367, 0), .Dim = c(3L, 1L), .Dimnames = list(
        c("-1", "0", "1"), "C")))))
