Results <-
list(`bwa.out//20220204//BlindCMMRD61_S20.sam` = list(LR17_SNP1 = list(
    All = list(Freqs = structure(c(4L, 155L, 3528L, 46L, 1L, 
    24L, 0L, 0L, 5L, 0L, 0L, 0L, 0L, 2L, 137L, 1L, 0L, 0L), .Dim = c(6L, 
    3L), .Dimnames = structure(list(c("-2", "-1", "0", "1", "2", 
    NA), c("A", "G", NA)), .Names = c("", "")), class = "table"), 
        N = 3903L), Tag.Distribution = structure(c(`1` = 80L, 
    `2` = 18L, `3` = 16L, `4` = 18L, `5` = 19L, `6` = 16L, `7` = 27L, 
    `8` = 15L, `9` = 13L, `10` = 11L, `11` = 14L, `12` = 13L, 
    `13` = 11L, `14` = 7L, `15` = 6L, `16` = 9L, `17` = 11L, 
    `18` = 7L, `19` = 4L, `20` = 4L, `21` = 6L, `22` = 4L, `23` = 4L, 
    `24` = 3L, `25` = 2L, `26` = 4L, `27` = 5L, `28` = 4L, `29` = 3L, 
    `32` = 1L, `33` = 2L, `35` = 3L, `36` = 2L, `37` = 3L, `38` = 1L, 
    `39` = 2L, `41` = 3L, `42` = 2L, `44` = 1L), .Dim = 39L, .Dimnames = list(
        TagUsage = c("1", "2", "3", "4", "5", "6", "7", "8", 
        "9", "10", "11", "12", "13", "14", "15", "16", "17", 
        "18", "19", "20", "21", "22", "23", "24", "25", "26", 
        "27", "28", "29", "32", "33", "35", "36", "37", "38", 
        "39", "41", "42", "44")), class = "table"), No.Tag = structure(c(0L, 
    3L, 54L, 0L, 0L, 3L, 0L, 0L, 0L, 0L, 0L, 0L, 0L, 1L, 6L, 
    0L, 0L, 0L), .Dim = c(6L, 3L), .Dimnames = structure(list(
        c("-2", "-1", "0", "1", "2", NA), c("A", "G", NA)), .Names = c("", 
    "")), class = "table"), All.Tags = list(Concordant = list(
        Freqs = structure(c(1, 5, 243, 3, 0, 0, 0, 0, 0, 0), .Dim = c(5L, 
        2L), .Dimnames = list(c("-2", "-1", "0", "1", "2"), c("A", 
        "G"))), N = 252), Majority = list(Freqs = structure(c(1, 
    5, 359, 4, 0, 0, 0, 0, 0, 0), .Dim = c(5L, 2L), .Dimnames = list(
        c("-2", "-1", "0", "1", "2"), c("A", "G"))), N = 369)), 
    `2` = structure(c(0, 0, 290, 1, 0, 0, 0, 0, 0, 0), .Dim = c(5L, 
    2L), .Dimnames = list(c("-2", "-1", "0", "1", "2"), c("A", 
    "G"))))))
