Results <-
list(`bwa.out//20220204//BlindCMMRD59_S18.sam` = list(LR48_SNP1 = list(
    All = list(Freqs = structure(c(0L, 0L, 1L, 0L, 0L, 7L, 117L, 
    4564L, 53L, 27L, 0L, 0L, 66L, 1L, 0L), .Dim = c(5L, 3L), .Dimnames = structure(list(
        c("-2", "-1", "0", "1", NA), c("A", "C", NA)), .Names = c("", 
    "")), class = "table"), N = 4836L), Tag.Distribution = structure(c(`1` = 89L, 
    `2` = 30L, `3` = 26L, `4` = 21L, `5` = 14L, `6` = 19L, `7` = 23L, 
    `8` = 24L, `9` = 15L, `10` = 13L, `11` = 11L, `12` = 11L, 
    `13` = 6L, `14` = 9L, `15` = 13L, `16` = 11L, `17` = 9L, 
    `18` = 9L, `19` = 4L, `20` = 6L, `21` = 13L, `22` = 5L, `23` = 4L, 
    `24` = 3L, `25` = 2L, `26` = 5L, `27` = 4L, `28` = 3L, `29` = 3L, 
    `30` = 8L, `31` = 4L, `32` = 3L, `33` = 3L, `34` = 2L, `35` = 3L, 
    `36` = 2L, `37` = 1L, `38` = 4L, `39` = 1L, `40` = 1L, `41` = 1L, 
    `42` = 1L, `43` = 1L, `46` = 3L), .Dim = 44L, .Dimnames = list(
        TagUsage = c("1", "2", "3", "4", "5", "6", "7", "8", 
        "9", "10", "11", "12", "13", "14", "15", "16", "17", 
        "18", "19", "20", "21", "22", "23", "24", "25", "26", 
        "27", "28", "29", "30", "31", "32", "33", "34", "35", 
        "36", "37", "38", "39", "40", "41", "42", "43", "46")), class = "table"), 
    No.Tag = structure(c(0L, 0L, 0L, 0L, 0L, 0L, 0L, 32L, 0L, 
    1L, 0L, 0L, 9L, 0L, 0L), .Dim = c(5L, 3L), .Dimnames = structure(list(
        c("-2", "-1", "0", "1", NA), c("A", "C", NA)), .Names = c("", 
    "")), class = "table"), All.Tags = list(Concordant = list(
        Freqs = structure(c(0, 0, 0, 0, 0, 4, 310, 0), .Dim = c(4L, 
        2L), .Dimnames = list(c("-2", "-1", "0", "1"), c("A", 
        "C"))), N = 314), Majority = list(Freqs = structure(c(0, 
    0, 0, 0, 0, 4, 431, 0), .Dim = c(4L, 2L), .Dimnames = list(
        c("-2", "-1", "0", "1"), c("A", "C"))), N = 435)), `2` = structure(c(0, 
    0, 0, 0, 0, 0, 352, 0), .Dim = c(4L, 2L), .Dimnames = list(
        c("-2", "-1", "0", "1"), c("A", "C"))))))
