Results <-
list(`bwa.out//20220204//BlindCMMRD45_S5.sam` = list(LR17_SNP1 = list(
    All = list(Freqs = structure(c(2L, 66L, 1906L, 23L, 6L, 0L, 
    0L, 1L, 0L, 0L, 0L, 0L, 67L, 0L, 0L), .Dim = c(5L, 3L), .Dimnames = structure(list(
        c("-2", "-1", "0", "1", NA), c("A", "G", NA)), .Names = c("", 
    "")), class = "table"), N = 2071L), Tag.Distribution = structure(c(`1` = 47L, 
    `2` = 13L, `3` = 6L, `4` = 3L, `5` = 9L, `6` = 6L, `7` = 5L, 
    `8` = 4L, `9` = 4L, `10` = 5L, `11` = 3L, `12` = 3L, `14` = 5L, 
    `15` = 4L, `16` = 3L, `17` = 4L, `18` = 4L, `19` = 1L, `20` = 1L, 
    `21` = 2L, `25` = 2L, `26` = 3L, `27` = 2L, `28` = 1L, `29` = 3L, 
    `30` = 1L, `31` = 1L, `33` = 3L, `34` = 2L, `36` = 3L, `37` = 1L, 
    `38` = 1L, `39` = 1L, `40` = 3L, `41` = 2L, `49` = 1L, `51` = 1L, 
    `60` = 1L, `71` = 1L), .Dim = 39L, .Dimnames = list(TagUsage = c("1", 
    "2", "3", "4", "5", "6", "7", "8", "9", "10", "11", "12", 
    "14", "15", "16", "17", "18", "19", "20", "21", "25", "26", 
    "27", "28", "29", "30", "31", "33", "34", "36", "37", "38", 
    "39", "40", "41", "49", "51", "60", "71")), class = "table"), 
    No.Tag = structure(c(0L, 3L, 79L, 1L, 0L, 0L, 0L, 0L, 0L, 
    0L, 0L, 0L, 3L, 0L, 0L), .Dim = c(5L, 3L), .Dimnames = structure(list(
        c("-2", "-1", "0", "1", NA), c("A", "G", NA)), .Names = c("", 
    "")), class = "table"), All.Tags = list(Concordant = list(
        Freqs = structure(c(1, 1, 105, 0, 0, 0, 0, 0), .Dim = c(4L, 
        2L), .Dimnames = list(c("-2", "-1", "0", "1"), c("A", 
        "G"))), N = 107), Majority = list(Freqs = structure(c(1, 
    1, 160, 0, 0, 0, 0, 0), .Dim = c(4L, 2L), .Dimnames = list(
        c("-2", "-1", "0", "1"), c("A", "G"))), N = 162)), `2` = structure(c(0, 
    0, 118, 0, 0, 0, 0, 0), .Dim = c(4L, 2L), .Dimnames = list(
        c("-2", "-1", "0", "1"), c("A", "G"))))))
