Results <-
list(`bwa.out//20220204//BlindCMMRD54_S13.sam` = list(LR48_SNP1 = list(
    All = list(Freqs = structure(c(0L, 0L, 2L, 0L, 0L, 0L, 53L, 
    642L, 4335L, 118L, 1L, 26L, 0L, 0L, 5L, 0L, 0L, 0L, 0L, 2L, 
    75L, 2L, 0L, 0L), .Dim = c(6L, 4L), .Dimnames = structure(list(
        c("-2", "-1", "0", "1", "2", NA), c("A", "C", "T", NA
        )), .Names = c("", "")), class = "table"), N = 5261L), 
    Tag.Distribution = structure(c(`1` = 91L, `2` = 21L, `3` = 29L, 
    `4` = 18L, `5` = 29L, `6` = 18L, `7` = 13L, `8` = 18L, `9` = 15L, 
    `10` = 13L, `11` = 12L, `12` = 15L, `13` = 9L, `14` = 15L, 
    `15` = 9L, `16` = 9L, `17` = 8L, `18` = 11L, `19` = 5L, `20` = 7L, 
    `21` = 7L, `22` = 6L, `23` = 7L, `24` = 3L, `25` = 3L, `26` = 5L, 
    `27` = 10L, `28` = 4L, `29` = 2L, `30` = 4L, `31` = 2L, `32` = 4L, 
    `33` = 2L, `34` = 4L, `36` = 4L, `37` = 5L, `38` = 3L, `40` = 3L, 
    `41` = 1L, `43` = 2L, `44` = 1L, `47` = 1L, `49` = 1L, `60` = 1L, 
    `63` = 1L), .Dim = 45L, .Dimnames = list(TagUsage = c("1", 
    "2", "3", "4", "5", "6", "7", "8", "9", "10", "11", "12", 
    "13", "14", "15", "16", "17", "18", "19", "20", "21", "22", 
    "23", "24", "25", "26", "27", "28", "29", "30", "31", "32", 
    "33", "34", "36", "37", "38", "40", "41", "43", "44", "47", 
    "49", "60", "63")), class = "table"), No.Tag = structure(c(0L, 
    0L, 0L, 0L, 0L, 0L, 0L, 7L, 89L, 1L, 0L, 1L, 0L, 0L, 1L, 
    0L, 0L, 0L, 0L, 0L, 8L, 0L, 0L, 0L), .Dim = c(6L, 4L), .Dimnames = structure(list(
        c("-2", "-1", "0", "1", "2", NA), c("A", "C", "T", NA
        )), .Names = c("", "")), class = "table"), All.Tags = list(
        Concordant = list(Freqs = structure(c(0, 0, 1, 0, 0, 
        2, 36, 277, 2, 0, 0, 0, 2, 0, 0), .Dim = c(5L, 3L), .Dimnames = list(
            c("-2", "-1", "0", "1", "2"), c("A", "C", "T"))), 
            N = 320), Majority = list(Freqs = structure(c(0, 
        0, 1, 0, 0, 2, 47, 383, 4, 0, 0, 0, 2, 0, 0), .Dim = c(5L, 
        3L), .Dimnames = list(c("-2", "-1", "0", "1", "2"), c("A", 
        "C", "T"))), N = 439)), `2` = structure(c(0, 0, 0, 0, 
    0, 2, 36, 313, 4, 0, 0, 0, 0, 0, 0), .Dim = c(5L, 3L), .Dimnames = list(
        c("-2", "-1", "0", "1", "2"), c("A", "C", "T"))))))
