Results <-
list(`bwa.out//20220204//BlindCMMRD119_S45.sam` = list(LR10_SNP1 = list(
    All = list(Freqs = structure(c(1L, 56L, 3172L, 15L, 1L, 2L, 
    0L, 51L, 3083L, 10L, 0L, 0L, 0L, 1L, 41L, 1L, 0L, 0L), .Dim = c(6L, 
    3L), .Dimnames = structure(list(c("-2", "-1", "0", "1", "2", 
    NA), c("C", "T", NA)), .Names = c("", "")), class = "table"), 
        N = 6434L), Tag.Distribution = structure(c(`1` = 247L, 
    `2` = 179L, `3` = 174L, `4` = 167L, `5` = 110L, `6` = 90L, 
    `7` = 78L, `8` = 47L, `9` = 32L, `10` = 35L, `11` = 24L, 
    `12` = 20L, `13` = 25L, `14` = 17L, `15` = 10L, `16` = 12L, 
    `17` = 5L, `18` = 2L, `19` = 7L, `20` = 1L, `21` = 1L, `22` = 2L, 
    `23` = 1L, `28` = 1L), .Dim = 24L, .Dimnames = list(TagUsage = c("1", 
    "2", "3", "4", "5", "6", "7", "8", "9", "10", "11", "12", 
    "13", "14", "15", "16", "17", "18", "19", "20", "21", "22", 
    "23", "28")), class = "table"), No.Tag = structure(c(0L, 
    0L, 98L, 0L, 0L, 0L, 0L, 2L, 85L, 1L, 0L, 0L, 0L, 0L, 4L, 
    0L, 0L, 0L), .Dim = c(6L, 3L), .Dimnames = structure(list(
        c("-2", "-1", "0", "1", "2", NA), c("C", "T", NA)), .Names = c("", 
    "")), class = "table"), All.Tags = list(Concordant = list(
        Freqs = structure(c(0, 2, 544, 1, 0, 0, 2, 492, 0, 0), .Dim = c(5L, 
        2L), .Dimnames = list(c("-2", "-1", "0", "1", "2"), c("C", 
        "T"))), N = 1041), Majority = list(Freqs = structure(c(0, 
    3, 661, 2, 0, 0, 3, 595, 0, 0), .Dim = c(5L, 2L), .Dimnames = list(
        c("-2", "-1", "0", "1", "2"), c("C", "T"))), N = 1264)), 
    `2` = structure(c(0, 1, 530, 1, 0, 0, 2, 486, 0, 0), .Dim = c(5L, 
    2L), .Dimnames = list(c("-2", "-1", "0", "1", "2"), c("C", 
    "T"))))))
