Results <-
list(`bwa.out//20220204//Control27_S20.sam` = list(LR10_SNP1 = list(
    All = list(Freqs = structure(c(1L, 34L, 1145L, 13L, 1L, 0L, 
    13L, 1172L, 3L, 0L, 0L, 2L, 21L, 0L, 0L), .Dim = c(5L, 3L
    ), .Dimnames = structure(list(c("-2", "-1", "0", "1", NA), 
        c("C", "T", NA)), .Names = c("", "")), class = "table"), 
        N = 2405L), Tag.Distribution = structure(c(`1` = 83L, 
    `2` = 35L, `3` = 43L, `4` = 31L, `5` = 31L, `6` = 21L, `7` = 13L, 
    `8` = 22L, `9` = 17L, `10` = 11L, `11` = 10L, `12` = 8L, 
    `13` = 8L, `14` = 8L, `15` = 2L, `16` = 8L, `17` = 6L, `18` = 1L, 
    `19` = 2L, `20` = 5L, `21` = 3L, `22` = 2L, `24` = 1L, `27` = 1L, 
    `33` = 1L, `40` = 1L), .Dim = 26L, .Dimnames = list(TagUsage = c("1", 
    "2", "3", "4", "5", "6", "7", "8", "9", "10", "11", "12", 
    "13", "14", "15", "16", "17", "18", "19", "20", "21", "22", 
    "24", "27", "33", "40")), class = "table"), No.Tag = structure(c(0L, 
    3L, 33L, 0L, 0L, 0L, 3L, 75L, 0L, 0L, 0L, 0L, 5L, 0L, 0L), .Dim = c(5L, 
    3L), .Dimnames = structure(list(c("-2", "-1", "0", "1", NA
    ), c("C", "T", NA)), .Names = c("", "")), class = "table"), 
    All.Tags = list(Concordant = list(Freqs = structure(c(0, 
    2, 144, 0, 0, 1, 174, 0), .Dim = c(4L, 2L), .Dimnames = list(
        c("-2", "-1", "0", "1"), c("C", "T"))), N = 321), Majority = list(
        Freqs = structure(c(0, 2, 181, 0, 0, 1, 188, 0), .Dim = c(4L, 
        2L), .Dimnames = list(c("-2", "-1", "0", "1"), c("C", 
        "T"))), N = 372)), `2` = structure(c(0, 1, 146, 0, 0, 
    0, 144, 0), .Dim = c(4L, 2L), .Dimnames = list(c("-2", "-1", 
    "0", "1"), c("C", "T"))))))
