Results <-
list(`bwa.out//20220204//BlindCMMRD47_S7.sam` = list(LR24_SNP1 = list(
    All = list(Freqs = structure(c(5L, 1749L, 1L, 4L, 8L, 1722L, 
    2L, 3L, 0L, 15L, 0L, 0L), .Dim = 4:3, .Dimnames = structure(list(
        c("-1", "0", "1", NA), c("A", "G", NA)), .Names = c("", 
    "")), class = "table"), N = 3509L), Tag.Distribution = structure(c(`1` = 127L, 
    `2` = 41L, `3` = 51L, `4` = 36L, `5` = 28L, `6` = 18L, `7` = 24L, 
    `8` = 23L, `9` = 15L, `10` = 12L, `11` = 13L, `12` = 16L, 
    `13` = 6L, `14` = 12L, `15` = 11L, `16` = 8L, `17` = 3L, 
    `18` = 5L, `19` = 5L, `20` = 7L, `22` = 1L, `23` = 3L, `24` = 1L, 
    `25` = 3L, `26` = 4L, `27` = 1L, `28` = 1L, `29` = 1L, `30` = 1L, 
    `31` = 1L, `33` = 1L, `34` = 1L, `35` = 1L, `36` = 1L, `38` = 1L, 
    `41` = 2L, `44` = 1L, `47` = 1L), .Dim = 38L, .Dimnames = list(
        TagUsage = c("1", "2", "3", "4", "5", "6", "7", "8", 
        "9", "10", "11", "12", "13", "14", "15", "16", "17", 
        "18", "19", "20", "22", "23", "24", "25", "26", "27", 
        "28", "29", "30", "31", "33", "34", "35", "36", "38", 
        "41", "44", "47")), class = "table"), No.Tag = structure(c(0L, 
    51L, 0L, 0L, 0L, 57L, 0L, 0L, 0L, 2L, 0L, 0L), .Dim = 4:3, .Dimnames = structure(list(
        c("-1", "0", "1", NA), c("A", "G", NA)), .Names = c("", 
    "")), class = "table"), All.Tags = list(Concordant = list(
        Freqs = structure(c(1, 230, 0, 1, 227, 0), .Dim = 3:2, .Dimnames = list(
            c("-1", "0", "1"), c("A", "G"))), N = 459), Majority = list(
        Freqs = structure(c(1, 241, 0, 1, 238, 0), .Dim = 3:2, .Dimnames = list(
            c("-1", "0", "1"), c("A", "G"))), N = 481)), `2` = structure(c(0, 
    188, 0, 0, 171, 0), .Dim = 3:2, .Dimnames = list(c("-1", 
    "0", "1"), c("A", "G"))))))
