Results <-
list(`bwa.out//20220204//17D1520_S5.sam` = list(LR24_SNP1 = list(
    All = list(Freqs = structure(c(2L, 25L, 2953L, 7L, 3L, 1L, 
    14L, 2691L, 17L, 2L, 0L, 0L, 37L, 0L, 0L), .Dim = c(5L, 3L
    ), .Dimnames = structure(list(c("-2", "-1", "0", "1", NA), 
        c("A", "G", NA)), .Names = c("", "")), class = "table"), 
        N = 5752L), Tag.Distribution = structure(c(`1` = 241L, 
    `2` = 138L, `3` = 111L, `4` = 75L, `5` = 58L, `6` = 63L, 
    `7` = 45L, `8` = 43L, `9` = 27L, `10` = 29L, `11` = 28L, 
    `12` = 20L, `13` = 15L, `14` = 16L, `15` = 27L, `16` = 12L, 
    `17` = 10L, `18` = 9L, `19` = 4L, `20` = 2L, `21` = 1L, `22` = 6L, 
    `23` = 2L, `24` = 2L, `25` = 2L, `27` = 1L, `28` = 1L, `29` = 1L, 
    `30` = 2L, `31` = 4L, `35` = 1L, `48` = 1L), .Dim = 32L, .Dimnames = list(
        TagUsage = c("1", "2", "3", "4", "5", "6", "7", "8", 
        "9", "10", "11", "12", "13", "14", "15", "16", "17", 
        "18", "19", "20", "21", "22", "23", "24", "25", "27", 
        "28", "29", "30", "31", "35", "48")), class = "table"), 
    No.Tag = structure(c(0L, 0L, 46L, 1L, 0L, 0L, 1L, 29L, 0L, 
    0L, 0L, 0L, 5L, 0L, 0L), .Dim = c(5L, 3L), .Dimnames = structure(list(
        c("-2", "-1", "0", "1", NA), c("A", "G", NA)), .Names = c("", 
    "")), class = "table"), All.Tags = list(Concordant = list(
        Freqs = structure(c(0, 1, 441, 0, 0, 1, 435, 0), .Dim = c(4L, 
        2L), .Dimnames = list(c("-2", "-1", "0", "1"), c("A", 
        "G"))), N = 878), Majority = list(Freqs = structure(c(0, 
    1, 490, 0, 0, 1, 490, 0), .Dim = c(4L, 2L), .Dimnames = list(
        c("-2", "-1", "0", "1"), c("A", "G"))), N = 982)), `2` = structure(c(0, 
    1, 372, 0, 0, 1, 369, 0), .Dim = c(4L, 2L), .Dimnames = list(
        c("-2", "-1", "0", "1"), c("A", "G"))))))
