Results <-
list(`bwa.out//20220204//17D0989_S8.sam` = list(LR48_SNP1 = list(
    All = list(Freqs = structure(c(0L, 0L, 1L, 0L, 0L, 3L, 123L, 
    3530L, 40L, 9L, 0L, 0L, 35L, 3L, 0L), .Dim = c(5L, 3L), .Dimnames = structure(list(
        c("-2", "-1", "0", "1", NA), c("C", "T", NA)), .Names = c("", 
    "")), class = "table"), N = 3744L), Tag.Distribution = structure(c(`1` = 103L, 
    `2` = 66L, `3` = 39L, `4` = 40L, `5` = 21L, `6` = 21L, `7` = 11L, 
    `8` = 15L, `9` = 18L, `10` = 14L, `11` = 9L, `12` = 11L, 
    `13` = 4L, `14` = 9L, `15` = 8L, `16` = 7L, `17` = 6L, `18` = 2L, 
    `19` = 9L, `20` = 4L, `21` = 1L, `22` = 2L, `23` = 4L, `24` = 4L, 
    `25` = 5L, `26` = 2L, `27` = 2L, `28` = 4L, `29` = 2L, `30` = 4L, 
    `31` = 2L, `33` = 1L, `35` = 2L, `36` = 2L, `37` = 1L, `38` = 2L, 
    `39` = 1L, `42` = 1L, `47` = 1L, `54` = 2L), .Dim = 40L, .Dimnames = list(
        TagUsage = c("1", "2", "3", "4", "5", "6", "7", "8", 
        "9", "10", "11", "12", "13", "14", "15", "16", "17", 
        "18", "19", "20", "21", "22", "23", "24", "25", "26", 
        "27", "28", "29", "30", "31", "33", "35", "36", "37", 
        "38", "39", "42", "47", "54")), class = "table"), No.Tag = structure(c(0L, 
    0L, 0L, 0L, 0L, 1L, 6L, 101L, 3L, 0L, 0L, 0L, 1L, 0L, 0L), .Dim = c(5L, 
    3L), .Dimnames = structure(list(c("-2", "-1", "0", "1", NA
    ), c("C", "T", NA)), .Names = c("", "")), class = "table"), 
    All.Tags = list(Concordant = list(Freqs = structure(c(0, 
    0, 1, 0, 0, 3, 364, 1), .Dim = c(4L, 2L), .Dimnames = list(
        c("-2", "-1", "0", "1"), c("C", "T"))), N = 369), Majority = list(
        Freqs = structure(c(0, 0, 1, 0, 0, 5, 447, 1), .Dim = c(4L, 
        2L), .Dimnames = list(c("-2", "-1", "0", "1"), c("C", 
        "T"))), N = 454)), `2` = structure(c(0, 0, 0, 0, 0, 2, 
    352, 0), .Dim = c(4L, 2L), .Dimnames = list(c("-2", "-1", 
    "0", "1"), c("C", "T"))))))
