Results <-
list(`bwa.out//20220204//BlindCMMRD61_S20.sam` = list(IM16_SNP1 = list(
    All = list(Freqs = structure(c(15L, 2744L, 39L, 1L, 16L, 
    3178L, 43L, 3L, 0L, 70L, 3L, 0L), .Dim = 4:3, .Dimnames = structure(list(
        c("-1", "0", "1", NA), c("A", "G", NA)), .Names = c("", 
    "")), class = "table"), N = 6112L), Tag.Distribution = structure(c(`1` = 109L, 
    `2` = 44L, `3` = 37L, `4` = 28L, `5` = 38L, `6` = 32L, `7` = 23L, 
    `8` = 24L, `9` = 19L, `10` = 23L, `11` = 19L, `12` = 15L, 
    `13` = 18L, `14` = 19L, `15` = 12L, `16` = 14L, `17` = 6L, 
    `18` = 4L, `19` = 5L, `20` = 11L, `21` = 8L, `22` = 9L, `23` = 6L, 
    `24` = 9L, `25` = 6L, `26` = 10L, `27` = 2L, `28` = 8L, `29` = 3L, 
    `30` = 5L, `31` = 5L, `32` = 3L, `33` = 2L, `34` = 2L, `35` = 3L, 
    `36` = 2L, `37` = 1L, `38` = 1L, `39` = 1L, `40` = 1L, `41` = 2L, 
    `46` = 1L, `47` = 1L, `50` = 1L), .Dim = 44L, .Dimnames = list(
        TagUsage = c("1", "2", "3", "4", "5", "6", "7", "8", 
        "9", "10", "11", "12", "13", "14", "15", "16", "17", 
        "18", "19", "20", "21", "22", "23", "24", "25", "26", 
        "27", "28", "29", "30", "31", "32", "33", "34", "35", 
        "36", "37", "38", "39", "40", "41", "46", "47", "50")), class = "table"), 
    No.Tag = structure(c(0L, 61L, 1L, 0L, 0L, 105L, 2L, 2L, 0L, 
    17L, 0L, 0L), .Dim = 4:3, .Dimnames = structure(list(c("-1", 
    "0", "1", NA), c("A", "G", NA)), .Names = c("", "")), class = "table"), 
    All.Tags = list(Concordant = list(Freqs = structure(c(0, 
    230, 0, 0, 241, 3), .Dim = 3:2, .Dimnames = list(c("-1", 
    "0", "1"), c("A", "G"))), N = 474), Majority = list(Freqs = structure(c(0, 
    286, 0, 0, 289, 3), .Dim = 3:2, .Dimnames = list(c("-1", 
    "0", "1"), c("A", "G"))), N = 578)), `2` = structure(c(0, 
    237, 0, 0, 241, 1), .Dim = 3:2, .Dimnames = list(c("-1", 
    "0", "1"), c("A", "G"))))))
