Results <-
list(`bwa.out//20220204//BlindCMMRD94_S53.sam` = list(LR40_SNP1 = list(
    All = list(Freqs = structure(c(0L, 2L, 0L, 0L, 48L, 4453L, 
    12L, 7L, 1L, 23L, 0L, 0L), .Dim = 4:3, .Dimnames = structure(list(
        c("-1", "0", "1", NA), c("A", "C", NA)), .Names = c("", 
    "")), class = "table"), N = 4546L), Tag.Distribution = structure(c(`1` = 124L, 
    `2` = 69L, `3` = 60L, `4` = 41L, `5` = 53L, `6` = 28L, `7` = 33L, 
    `8` = 29L, `9` = 25L, `10` = 25L, `11` = 20L, `12` = 8L, 
    `13` = 13L, `14` = 13L, `15` = 18L, `16` = 4L, `17` = 5L, 
    `18` = 9L, `19` = 6L, `20` = 5L, `21` = 4L, `22` = 5L, `23` = 1L, 
    `24` = 2L, `25` = 7L, `26` = 6L, `27` = 1L, `28` = 4L, `29` = 1L, 
    `30` = 1L, `31` = 1L, `33` = 1L, `38` = 1L, `40` = 1L), .Dim = 34L, .Dimnames = list(
        TagUsage = c("1", "2", "3", "4", "5", "6", "7", "8", 
        "9", "10", "11", "12", "13", "14", "15", "16", "17", 
        "18", "19", "20", "21", "22", "23", "24", "25", "26", 
        "27", "28", "29", "30", "31", "33", "38", "40")), class = "table"), 
    No.Tag = structure(c(0L, 0L, 0L, 0L, 6L, 161L, 1L, 1L, 0L, 
    2L, 0L, 0L), .Dim = 4:3, .Dimnames = structure(list(c("-1", 
    "0", "1", NA), c("A", "C", NA)), .Names = c("", "")), class = "table"), 
    All.Tags = list(Concordant = list(Freqs = structure(c(0, 
    0, 0, 4, 575, 0), .Dim = 3:2, .Dimnames = list(c("-1", "0", 
    "1"), c("A", "C"))), N = 579), Majority = list(Freqs = structure(c(0, 
    0, 0, 4, 616, 0), .Dim = 3:2, .Dimnames = list(c("-1", "0", 
    "1"), c("A", "C"))), N = 620)), `2` = structure(c(0, 0, 0, 
    0, 499, 0), .Dim = 3:2, .Dimnames = list(c("-1", "0", "1"
    ), c("A", "C"))))))
