Results <-
list(`bwa.out//20220204//MLPA79_S11.sam` = list(LR46_SNP1 = list(
    All = list(Freqs = structure(c(0L, 1L, 0L, 0L, 9L, 2356L, 
    5L, 7L, 9L, 2355L, 4L, 8L, 0L, 16L, 0L, 0L), .Dim = c(4L, 
    4L), .Dimnames = structure(list(c("-1", "0", "1", NA), c("A", 
    "G", "T", NA)), .Names = c("", "")), class = "table"), N = 4770L), 
    Tag.Distribution = structure(c(`1` = 167L, `2` = 57L, `3` = 47L, 
    `4` = 38L, `5` = 36L, `6` = 20L, `7` = 27L, `8` = 27L, `9` = 28L, 
    `10` = 23L, `11` = 18L, `12` = 16L, `13` = 10L, `14` = 10L, 
    `15` = 11L, `16` = 14L, `17` = 6L, `18` = 6L, `19` = 6L, 
    `20` = 6L, `21` = 4L, `22` = 4L, `23` = 4L, `24` = 6L, `25` = 4L, 
    `26` = 2L, `27` = 3L, `30` = 5L, `31` = 2L, `33` = 2L, `35` = 1L, 
    `37` = 1L, `38` = 1L, `39` = 6L, `41` = 1L, `54` = 1L), .Dim = 36L, .Dimnames = list(
        TagUsage = c("1", "2", "3", "4", "5", "6", "7", "8", 
        "9", "10", "11", "12", "13", "14", "15", "16", "17", 
        "18", "19", "20", "21", "22", "23", "24", "25", "26", 
        "27", "30", "31", "33", "35", "37", "38", "39", "41", 
        "54")), class = "table"), No.Tag = structure(c(0L, 0L, 
    0L, 0L, 0L, 93L, 0L, 0L, 0L, 59L, 0L, 3L, 0L, 3L, 0L, 0L), .Dim = c(4L, 
    4L), .Dimnames = structure(list(c("-1", "0", "1", NA), c("A", 
    "G", "T", NA)), .Names = c("", "")), class = "table"), All.Tags = list(
        Concordant = list(Freqs = structure(c(0, 0, 0, 0, 266, 
        0, 1, 288, 0), .Dim = c(3L, 3L), .Dimnames = list(c("-1", 
        "0", "1"), c("A", "G", "T"))), N = 555), Majority = list(
            Freqs = structure(c(0, 0, 0, 0, 300, 0, 1, 309, 0
            ), .Dim = c(3L, 3L), .Dimnames = list(c("-1", "0", 
            "1"), c("A", "G", "T"))), N = 610)), `2` = structure(c(0, 
    0, 0, 0, 212, 0, 1, 232, 0), .Dim = c(3L, 3L), .Dimnames = list(
        c("-1", "0", "1"), c("A", "G", "T"))))))
