Results <-
list(`bwa.out//20220204//BlindCMMRD72_S31.sam` = list(LR46_SNP1 = list(
    All = list(Freqs = structure(c(14L, 4426L, 6L, 14L, 0L, 1L, 
    0L, 0L, 0L, 38L, 0L, 0L), .Dim = 4:3, .Dimnames = structure(list(
        c("-1", "0", "1", NA), c("G", "T", NA)), .Names = c("", 
    "")), class = "table"), N = 4499L), Tag.Distribution = structure(c(`1` = 100L, 
    `2` = 55L, `3` = 47L, `4` = 32L, `5` = 37L, `6` = 35L, `7` = 20L, 
    `8` = 16L, `9` = 25L, `10` = 25L, `11` = 21L, `12` = 17L, 
    `13` = 7L, `14` = 6L, `15` = 7L, `16` = 9L, `17` = 6L, `18` = 11L, 
    `19` = 3L, `20` = 4L, `21` = 10L, `22` = 7L, `23` = 4L, `24` = 3L, 
    `25` = 6L, `26` = 2L, `27` = 4L, `28` = 2L, `29` = 4L, `30` = 4L, 
    `31` = 1L, `32` = 2L, `35` = 1L, `36` = 1L, `43` = 1L, `51` = 1L
    ), .Dim = 36L, .Dimnames = list(TagUsage = c("1", "2", "3", 
    "4", "5", "6", "7", "8", "9", "10", "11", "12", "13", "14", 
    "15", "16", "17", "18", "19", "20", "21", "22", "23", "24", 
    "25", "26", "27", "28", "29", "30", "31", "32", "35", "36", 
    "43", "51")), class = "table"), No.Tag = structure(c(1L, 
    187L, 0L, 4L, 0L, 0L, 0L, 0L, 0L, 4L, 0L, 0L), .Dim = 4:3, .Dimnames = structure(list(
        c("-1", "0", "1", NA), c("G", "T", NA)), .Names = c("", 
    "")), class = "table"), All.Tags = list(Concordant = list(
        Freqs = structure(c(1, 511, 0, 0, 1, 0), .Dim = 3:2, .Dimnames = list(
            c("-1", "0", "1"), c("G", "T"))), N = 513), Majority = list(
        Freqs = structure(c(1, 526, 0, 0, 1, 0), .Dim = 3:2, .Dimnames = list(
            c("-1", "0", "1"), c("G", "T"))), N = 528)), `2` = structure(c(0, 
    435, 0, 0, 0, 0), .Dim = 3:2, .Dimnames = list(c("-1", "0", 
    "1"), c("G", "T"))))))
