Results <-
list(`bwa.out//20220204//Control22_S15.sam` = list(LR40_SNP1 = list(
    All = list(Freqs = structure(c(0L, 0L, 2L, 0L, 0L, 1L, 22L, 
    2516L, 5L, 1L, 0L, 0L, 1L, 0L, 0L, 0L, 0L, 6L, 0L, 0L), .Dim = 5:4, .Dimnames = structure(list(
        c("-2", "-1", "0", "1", NA), c("A", "C", "G", NA)), .Names = c("", 
    "")), class = "table"), N = 2554L), Tag.Distribution = structure(c(`1` = 92L, 
    `2` = 52L, `3` = 42L, `4` = 37L, `5` = 31L, `6` = 21L, `7` = 21L, 
    `8` = 21L, `9` = 22L, `10` = 11L, `11` = 11L, `12` = 10L, 
    `13` = 8L, `14` = 6L, `15` = 5L, `16` = 2L, `17` = 5L, `18` = 5L, 
    `19` = 5L, `20` = 4L, `21` = 2L, `23` = 3L, `24` = 3L, `26` = 1L
    ), .Dim = 24L, .Dimnames = list(TagUsage = c("1", "2", "3", 
    "4", "5", "6", "7", "8", "9", "10", "11", "12", "13", "14", 
    "15", "16", "17", "18", "19", "20", "21", "23", "24", "26"
    )), class = "table"), No.Tag = structure(c(0L, 0L, 0L, 0L, 
    0L, 0L, 2L, 81L, 0L, 0L, 0L, 0L, 0L, 0L, 0L, 0L, 0L, 2L, 
    0L, 0L), .Dim = 5:4, .Dimnames = structure(list(c("-2", "-1", 
    "0", "1", NA), c("A", "C", "G", NA)), .Names = c("", "")), class = "table"), 
    All.Tags = list(Concordant = list(Freqs = structure(c(0, 
    0, 0, 0, 0, 2, 395, 0, 0, 0, 0, 0), .Dim = 4:3, .Dimnames = list(
        c("-2", "-1", "0", "1"), c("A", "C", "G"))), N = 397), 
        Majority = list(Freqs = structure(c(0, 0, 0, 0, 0, 2, 
        417, 0, 0, 0, 0, 0), .Dim = 4:3, .Dimnames = list(c("-2", 
        "-1", "0", "1"), c("A", "C", "G"))), N = 419)), `2` = structure(c(0, 
    0, 0, 0, 0, 0, 327, 0, 0, 0, 0, 0), .Dim = 4:3, .Dimnames = list(
        c("-2", "-1", "0", "1"), c("A", "C", "G"))))))
