Results <-
list(`bwa.out//20220204//Control27_S20.sam` = list(GM17_SNP1 = list(
    All = list(Freqs = structure(c(14L, 1306L, 2L, 13L, 1573L, 
    2L, 0L, 17L, 0L), .Dim = c(3L, 3L), .Dimnames = structure(list(
        c("-1", "0", "1"), c("C", "T", NA)), .Names = c("", ""
    )), class = "table"), N = 2927L), Tag.Distribution = structure(c(`1` = 88L, 
    `2` = 47L, `3` = 38L, `4` = 29L, `5` = 24L, `6` = 22L, `7` = 12L, 
    `8` = 14L, `9` = 22L, `10` = 14L, `11` = 21L, `12` = 14L, 
    `13` = 10L, `14` = 5L, `15` = 4L, `17` = 6L, `18` = 2L, `19` = 4L, 
    `20` = 8L, `21` = 4L, `22` = 3L, `23` = 2L, `24` = 1L, `25` = 1L, 
    `26` = 2L, `27` = 1L, `28` = 1L, `29` = 2L, `31` = 2L, `32` = 2L, 
    `33` = 1L, `42` = 1L), .Dim = 32L, .Dimnames = list(TagUsage = c("1", 
    "2", "3", "4", "5", "6", "7", "8", "9", "10", "11", "12", 
    "13", "14", "15", "17", "18", "19", "20", "21", "22", "23", 
    "24", "25", "26", "27", "28", "29", "31", "32", "33", "42"
    )), class = "table"), No.Tag = structure(c(0L, 43L, 0L, 0L, 
    1L, 40L, 0L, 0L, 0L, 1L, 0L, 0L), .Dim = 4:3, .Dimnames = structure(list(
        c("-1", "0", "1", NA), c("C", "T", NA)), .Names = c("", 
    "")), class = "table"), All.Tags = list(Concordant = list(
        Freqs = structure(c(0, 168, 0, 0, 193, 0), .Dim = 3:2, .Dimnames = list(
            c("-1", "0", "1"), c("C", "T"))), N = 361), Majority = list(
        Freqs = structure(c(0, 188, 0, 0, 212, 0), .Dim = 3:2, .Dimnames = list(
            c("-1", "0", "1"), c("C", "T"))), N = 400)), `2` = structure(c(0, 
    152, 0, 0, 164, 0), .Dim = 3:2, .Dimnames = list(c("-1", 
    "0", "1"), c("C", "T"))))))
