Results <-
list(`bwa.out//20220204//BlindCMMRD64_S23.sam` = list(DEPDC2_SNP1 = list(
    All = list(Freqs = structure(c(0L, 2L, 0L, 0L, 25L, 2715L, 
    13L, 8L, 21L, 3020L, 11L, 10L, 0L, 70L, 0L, 0L), .Dim = c(4L, 
    4L), .Dimnames = structure(list(c("-1", "0", "1", NA), c("A", 
    "C", "T", NA)), .Names = c("", "")), class = "table"), N = 5895L), 
    Tag.Distribution = structure(c(`1` = 188L, `2` = 114L, `3` = 68L, 
    `4` = 68L, `5` = 66L, `6` = 58L, `7` = 49L, `8` = 47L, `9` = 35L, 
    `10` = 40L, `11` = 23L, `12` = 20L, `13` = 19L, `14` = 11L, 
    `15` = 13L, `16` = 10L, `17` = 10L, `18` = 5L, `19` = 7L, 
    `20` = 13L, `21` = 8L, `22` = 6L, `23` = 8L, `24` = 3L, `25` = 1L, 
    `26` = 1L, `27` = 5L, `30` = 1L, `31` = 1L, `38` = 1L, `39` = 1L
    ), .Dim = 31L, .Dimnames = list(TagUsage = c("1", "2", "3", 
    "4", "5", "6", "7", "8", "9", "10", "11", "12", "13", "14", 
    "15", "16", "17", "18", "19", "20", "21", "22", "23", "24", 
    "25", "26", "27", "30", "31", "38", "39")), class = "table"), 
    No.Tag = structure(c(0L, 0L, 0L, 0L, 0L, 36L, 0L, 1L, 0L, 
    69L, 0L, 1L, 0L, 2L, 0L, 0L), .Dim = c(4L, 4L), .Dimnames = structure(list(
        c("-1", "0", "1", NA), c("A", "C", "T", NA)), .Names = c("", 
    "")), class = "table"), All.Tags = list(Concordant = list(
        Freqs = structure(c(0, 0, 0, 1, 376, 0, 2, 387, 0), .Dim = c(3L, 
        3L), .Dimnames = list(c("-1", "0", "1"), c("A", "C", 
        "T"))), N = 766), Majority = list(Freqs = structure(c(0, 
    0, 0, 3, 427, 0, 2, 450, 0), .Dim = c(3L, 3L), .Dimnames = list(
        c("-1", "0", "1"), c("A", "C", "T"))), N = 882)), `2` = structure(c(0, 
    0, 0, 2, 334, 0, 0, 363, 0), .Dim = c(3L, 3L), .Dimnames = list(
        c("-1", "0", "1"), c("A", "C", "T"))))))
