Results <-
list(`bwa.out//20220204//BlindCMMRD118_S44.sam` = list(GM11_SNP1 = list(
    All = list(Freqs = structure(c(0L, 9L, 1980L, 2L, 3L, 2L, 
    17L, 2225L, 7L, 2L, 0L, 0L, 1L, 0L, 0L, 0L, 0L, 12L, 0L, 
    0L), .Dim = 5:4, .Dimnames = structure(list(c("-2", "-1", 
    "0", "1", NA), c("A", "G", "T", NA)), .Names = c("", "")), class = "table"), 
        N = 4260L), Tag.Distribution = structure(c(`1` = 240L, 
    `2` = 190L, `3` = 169L, `4` = 137L, `5` = 68L, `6` = 69L, 
    `7` = 58L, `8` = 31L, `9` = 24L, `10` = 20L, `11` = 11L, 
    `12` = 11L, `13` = 5L, `14` = 9L, `15` = 2L, `16` = 6L, `17` = 1L, 
    `18` = 1L, `19` = 1L, `20` = 4L, `21` = 1L), .Dim = 21L, .Dimnames = list(
        TagUsage = c("1", "2", "3", "4", "5", "6", "7", "8", 
        "9", "10", "11", "12", "13", "14", "15", "16", "17", 
        "18", "19", "20", "21")), class = "table"), No.Tag = structure(c(0L, 
    0L, 11L, 0L, 0L, 0L, 0L, 23L, 0L, 1L, 0L, 0L, 0L, 0L, 0L, 
    0L, 0L, 1L, 0L, 0L), .Dim = 5:4, .Dimnames = structure(list(
        c("-2", "-1", "0", "1", NA), c("A", "G", "T", NA)), .Names = c("", 
    "")), class = "table"), All.Tags = list(Concordant = list(
        Freqs = structure(c(0, 2, 455, 0, 0, 0, 443, 0, 0, 0, 
        0, 0), .Dim = 4:3, .Dimnames = list(c("-2", "-1", "0", 
        "1"), c("A", "G", "T"))), N = 900), Majority = list(Freqs = structure(c(0, 
    2, 510, 0, 0, 0, 521, 0, 0, 0, 0, 0), .Dim = 4:3, .Dimnames = list(
        c("-2", "-1", "0", "1"), c("A", "G", "T"))), N = 1033)), 
    `2` = structure(c(0, 0, 389, 0, 0, 0, 408, 0, 0, 0, 0, 0), .Dim = 4:3, .Dimnames = list(
        c("-2", "-1", "0", "1"), c("A", "G", "T"))))))
