Results <-
list(`bwa.out//20220204//Control28_S21.sam` = list(GM07_SNP1 = list(
    All = list(Freqs = structure(c(1L, 116L, 2508L, 71L, 2L, 
    15L, 0L, 0L, 0L, 1L, 0L, 0L, 0L, 0L, 1L, 0L, 0L, 0L, 0L, 
    0L, 13L, 0L, 0L, 0L), .Dim = c(6L, 4L), .Dimnames = structure(list(
        c("-2", "-1", "0", "1", "2", NA), c("A", "G", "T", NA
        )), .Names = c("", "")), class = "table"), N = 2728L), 
    Tag.Distribution = structure(c(`1` = 105L, `2` = 47L, `3` = 32L, 
    `4` = 41L, `5` = 36L, `6` = 24L, `7` = 25L, `8` = 23L, `9` = 14L, 
    `10` = 14L, `11` = 9L, `12` = 10L, `13` = 7L, `14` = 7L, 
    `15` = 4L, `16` = 6L, `17` = 5L, `19` = 2L, `20` = 5L, `21` = 3L, 
    `22` = 3L, `23` = 1L, `24` = 2L, `25` = 1L), .Dim = 24L, .Dimnames = list(
        TagUsage = c("1", "2", "3", "4", "5", "6", "7", "8", 
        "9", "10", "11", "12", "13", "14", "15", "16", "17", 
        "19", "20", "21", "22", "23", "24", "25")), class = "table"), 
    No.Tag = structure(c(0L, 17L, 274L, 8L, 0L, 4L, 0L, 0L, 0L, 
    0L, 0L, 0L, 0L, 0L, 0L, 0L, 0L, 0L, 0L, 0L, 5L, 0L, 0L, 0L
    ), .Dim = c(6L, 4L), .Dimnames = structure(list(c("-2", "-1", 
    "0", "1", "2", NA), c("A", "G", "T", NA)), .Names = c("", 
    "")), class = "table"), All.Tags = list(Concordant = list(
        Freqs = structure(c(0, 6, 301, 4, 0, 0, 0, 0, 1, 0, 0, 
        0, 0, 0, 0), .Dim = c(5L, 3L), .Dimnames = list(c("-2", 
        "-1", "0", "1", "2"), c("A", "G", "T"))), N = 312), Majority = list(
        Freqs = structure(c(0, 8, 400, 4, 0, 0, 0, 0, 1, 0, 0, 
        0, 0, 0, 0), .Dim = c(5L, 3L), .Dimnames = list(c("-2", 
        "-1", "0", "1", "2"), c("A", "G", "T"))), N = 413)), 
    `2` = structure(c(0, 3, 307, 0, 0, 0, 0, 0, 0, 0, 0, 0, 0, 
    0, 0), .Dim = c(5L, 3L), .Dimnames = list(c("-2", "-1", "0", 
    "1", "2"), c("A", "G", "T"))))))
