Results <-
list(`bwa.out//20220204//Control33_S6.sam` = list(LR52_SNP1 = list(
    All = list(Freqs = structure(c(1L, 1L, 13L, 159L, 1462L, 
    24L, 6L, 0L, 0L, 0L, 1L, 2L, 0L, 0L, 0L, 0L, 0L, 0L, 36L, 
    2L, 0L), .Dim = c(7L, 3L), .Dimnames = structure(list(c("-4", 
    "-3", "-2", "-1", "0", "1", NA), c("C", "T", NA)), .Names = c("", 
    "")), class = "table"), N = 1707L), Tag.Distribution = structure(c(`1` = 85L, 
    `2` = 50L, `3` = 38L, `4` = 37L, `5` = 26L, `6` = 23L, `7` = 19L, 
    `8` = 15L, `9` = 12L, `10` = 11L, `11` = 7L, `12` = 8L, `13` = 3L, 
    `14` = 3L, `15` = 3L, `16` = 1L, `17` = 3L, `18` = 1L, `19` = 1L, 
    `20` = 1L, `21` = 2L, `24` = 1L), .Dim = 22L, .Dimnames = list(
        TagUsage = c("1", "2", "3", "4", "5", "6", "7", "8", 
        "9", "10", "11", "12", "13", "14", "15", "16", "17", 
        "18", "19", "20", "21", "24")), class = "table"), No.Tag = structure(c(0L, 
    0L, 0L, 0L, 27L, 0L, 0L, 0L, 0L, 0L, 1L, 0L, 0L, 0L, 0L, 
    0L, 0L, 0L, 4L, 0L, 0L), .Dim = c(7L, 3L), .Dimnames = structure(list(
        c("-4", "-3", "-2", "-1", "0", "1", NA), c("C", "T", 
        NA)), .Names = c("", "")), class = "table"), All.Tags = list(
        Concordant = list(Freqs = structure(c(0, 0, 1, 14, 224, 
        1, 0, 0, 0, 0, 2, 0), .Dim = c(6L, 2L), .Dimnames = list(
            c("-4", "-3", "-2", "-1", "0", "1"), c("C", "T"))), 
            N = 242), Majority = list(Freqs = structure(c(0, 
        0, 1, 15, 313, 2, 0, 0, 0, 0, 2, 0), .Dim = c(6L, 2L), .Dimnames = list(
            c("-4", "-3", "-2", "-1", "0", "1"), c("C", "T"))), 
            N = 333)), `2` = structure(c(0, 0, 0, 3, 245, 1, 
    0, 0, 0, 0, 0, 0), .Dim = c(6L, 2L), .Dimnames = list(c("-4", 
    "-3", "-2", "-1", "0", "1"), c("C", "T"))))))
