Results <-
list(`bwa.out//20220204//16D2889_S4.sam` = list(LR52_SNP1 = list(
    All = list(Freqs = structure(c(0L, 0L, 0L, 1L, 0L, 0L, 2L, 
    25L, 391L, 3260L, 33L, 27L, 0L, 0L, 4L, 150L, 2L, 0L), .Dim = c(6L, 
    3L), .Dimnames = structure(list(c("-3", "-2", "-1", "0", 
    "1", NA), c("C", "T", NA)), .Names = c("", "")), class = "table"), 
        N = 3895L), Tag.Distribution = structure(c(`1` = 176L, 
    `2` = 105L, `3` = 79L, `4` = 56L, `5` = 51L, `6` = 40L, `7` = 32L, 
    `8` = 25L, `9` = 27L, `10` = 17L, `11` = 13L, `12` = 15L, 
    `13` = 13L, `14` = 15L, `15` = 10L, `16` = 7L, `17` = 4L, 
    `18` = 8L, `19` = 3L, `20` = 3L, `22` = 1L, `23` = 1L, `24` = 1L, 
    `25` = 2L, `26` = 1L, `27` = 2L, `28` = 2L, `29` = 2L), .Dim = 28L, .Dimnames = list(
        TagUsage = c("1", "2", "3", "4", "5", "6", "7", "8", 
        "9", "10", "11", "12", "13", "14", "15", "16", "17", 
        "18", "19", "20", "22", "23", "24", "25", "26", "27", 
        "28", "29")), class = "table"), No.Tag = structure(c(0L, 
    0L, 0L, 0L, 0L, 0L, 0L, 1L, 15L, 88L, 0L, 0L, 0L, 0L, 0L, 
    6L, 0L, 0L), .Dim = c(6L, 3L), .Dimnames = structure(list(
        c("-3", "-2", "-1", "0", "1", NA), c("C", "T", NA)), .Names = c("", 
    "")), class = "table"), All.Tags = list(Concordant = list(
        Freqs = structure(c(0, 0, 0, 1, 0, 0, 2, 26, 451, 2), .Dim = c(5L, 
        2L), .Dimnames = list(c("-3", "-2", "-1", "0", "1"), 
            c("C", "T"))), N = 482), Majority = list(Freqs = structure(c(0, 
    0, 0, 1, 0, 0, 2, 35, 649, 2), .Dim = c(5L, 2L), .Dimnames = list(
        c("-3", "-2", "-1", "0", "1"), c("C", "T"))), N = 689)), 
    `2` = structure(c(0, 0, 0, 0, 0, 0, 0, 21, 500, 0), .Dim = c(5L, 
    2L), .Dimnames = list(c("-3", "-2", "-1", "0", "1"), c("C", 
    "T"))))))
