Results <-
list(`bwa.out//20220204//MLPA01_S9.sam` = list(GM01_SNP1 = list(
    All = list(Freqs = structure(c(1L, 56L, 4702L, 17L, 5L, 0L, 
    0L, 1L, 0L, 0L, 0L, 0L, 2L, 0L, 0L, 0L, 0L, 66L, 0L, 0L), .Dim = 5:4, .Dimnames = structure(list(
        c("-2", "-1", "0", "1", NA), c("A", "G", "T", NA)), .Names = c("", 
    "")), class = "table"), N = 4850L), Tag.Distribution = structure(c(`1` = 171L, 
    `2` = 96L, `3` = 85L, `4` = 82L, `5` = 42L, `6` = 49L, `7` = 32L, 
    `8` = 37L, `9` = 23L, `10` = 30L, `11` = 22L, `12` = 25L, 
    `13` = 21L, `14` = 13L, `15` = 16L, `16` = 8L, `17` = 11L, 
    `18` = 5L, `19` = 6L, `20` = 3L, `21` = 3L, `22` = 2L, `23` = 3L, 
    `24` = 1L, `25` = 1L, `27` = 1L, `29` = 3L, `30` = 3L), .Dim = 28L, .Dimnames = list(
        TagUsage = c("1", "2", "3", "4", "5", "6", "7", "8", 
        "9", "10", "11", "12", "13", "14", "15", "16", "17", 
        "18", "19", "20", "21", "22", "23", "24", "25", "27", 
        "29", "30")), class = "table"), No.Tag = structure(c(0L, 
    2L, 120L, 0L, 0L, 0L, 0L, 0L, 0L, 0L, 0L, 0L, 0L, 0L, 0L, 
    0L, 0L, 6L, 0L, 0L), .Dim = 5:4, .Dimnames = structure(list(
        c("-2", "-1", "0", "1", NA), c("A", "G", "T", NA)), .Names = c("", 
    "")), class = "table"), All.Tags = list(Concordant = list(
        Freqs = structure(c(1, 2, 720, 0, 0, 0, 0, 0, 0, 0, 0, 
        0), .Dim = 4:3, .Dimnames = list(c("-2", "-1", "0", "1"
        ), c("A", "G", "T"))), N = 723), Majority = list(Freqs = structure(c(1, 
    2, 782, 0, 0, 0, 0, 0, 0, 0, 0, 0), .Dim = 4:3, .Dimnames = list(
        c("-2", "-1", "0", "1"), c("A", "G", "T"))), N = 785)), 
    `2` = structure(c(0, 0, 620, 0, 0, 0, 0, 0, 0, 0, 0, 0), .Dim = 4:3, .Dimnames = list(
        c("-2", "-1", "0", "1"), c("A", "G", "T"))))))
