Results <-
list(`bwa.out//20220204//BlindCMMRD125_S51.sam` = list(GM11_SNP1 = list(
    All = list(Freqs = structure(c(1L, 29L, 4108L, 22L, 1L, 8L, 
    0L, 0L, 2L, 0L, 0L, 0L, 0L, 0L, 1L, 0L, 0L, 0L, 0L, 0L, 10L, 
    0L, 0L, 0L), .Dim = c(6L, 4L), .Dimnames = structure(list(
        c("-2", "-1", "0", "1", "2", NA), c("A", "G", "T", NA
        )), .Names = c("", "")), class = "table"), N = 4182L), 
    Tag.Distribution = structure(c(`1` = 217L, `2` = 186L, `3` = 146L, 
    `4` = 103L, `5` = 84L, `6` = 68L, `7` = 50L, `8` = 38L, `9` = 33L, 
    `10` = 24L, `11` = 13L, `12` = 9L, `13` = 7L, `14` = 7L, 
    `15` = 5L, `17` = 5L, `18` = 1L, `19` = 1L, `24` = 1L, `29` = 1L
    ), .Dim = 20L, .Dimnames = list(TagUsage = c("1", "2", "3", 
    "4", "5", "6", "7", "8", "9", "10", "11", "12", "13", "14", 
    "15", "17", "18", "19", "24", "29")), class = "table"), No.Tag = structure(c(0L, 
    0L, 32L, 1L, 0L, 1L, 0L, 0L, 0L, 0L, 0L, 0L, 0L, 0L, 0L, 
    0L, 0L, 0L, 0L, 0L, 0L, 0L, 0L, 0L), .Dim = c(6L, 4L), .Dimnames = structure(list(
        c("-2", "-1", "0", "1", "2", NA), c("A", "G", "T", NA
        )), .Names = c("", "")), class = "table"), All.Tags = list(
        Concordant = list(Freqs = structure(c(0, 4, 953, 1, 0, 
        0, 0, 2, 0, 0, 0, 0, 0, 0, 0), .Dim = c(5L, 3L), .Dimnames = list(
            c("-2", "-1", "0", "1", "2"), c("A", "G", "T"))), 
            N = 960), Majority = list(Freqs = structure(c(0, 
        5, 987, 2, 0, 0, 0, 2, 0, 0, 0, 0, 0, 0, 0), .Dim = c(5L, 
        3L), .Dimnames = list(c("-2", "-1", "0", "1", "2"), c("A", 
        "G", "T"))), N = 996)), `2` = structure(c(0, 1, 778, 
    1, 0, 0, 0, 0, 0, 0, 0, 0, 0, 0, 0), .Dim = c(5L, 3L), .Dimnames = list(
        c("-2", "-1", "0", "1", "2"), c("A", "G", "T"))))))
