Results <-
list(`bwa.out//20220204//BlindCMMRD91_S50.sam` = list(LR36_SNP1 = list(
    All = list(Freqs = structure(c(0L, 16L, 1292L, 7L, 10L, 2L, 
    45L, 1359L, 9L, 10L, 0L, 2L, 94L, 1L, 0L), .Dim = c(5L, 3L
    ), .Dimnames = structure(list(c("-2", "-1", "0", "1", NA), 
        c("A", "T", NA)), .Names = c("", "")), class = "table"), 
        N = 2847L), Tag.Distribution = structure(c(`1` = 81L, 
    `2` = 41L, `3` = 38L, `4` = 28L, `5` = 23L, `6` = 12L, `7` = 27L, 
    `8` = 23L, `9` = 23L, `10` = 15L, `11` = 12L, `12` = 13L, 
    `13` = 6L, `14` = 10L, `15` = 7L, `16` = 8L, `17` = 2L, `18` = 5L, 
    `19` = 8L, `20` = 2L, `21` = 3L, `22` = 3L, `23` = 1L, `24` = 1L, 
    `27` = 1L, `28` = 2L, `29` = 1L, `33` = 1L), .Dim = 28L, .Dimnames = list(
        TagUsage = c("1", "2", "3", "4", "5", "6", "7", "8", 
        "9", "10", "11", "12", "13", "14", "15", "16", "17", 
        "18", "19", "20", "21", "22", "23", "24", "27", "28", 
        "29", "33")), class = "table"), No.Tag = structure(c(0L, 
    0L, 69L, 0L, 3L, 0L, 2L, 77L, 1L, 4L, 0L, 0L, 9L, 0L, 0L), .Dim = c(5L, 
    3L), .Dimnames = structure(list(c("-2", "-1", "0", "1", NA
    ), c("A", "T", NA)), .Names = c("", "")), class = "table"), 
    All.Tags = list(Concordant = list(Freqs = structure(c(0, 
    0, 155, 0, 0, 0, 167, 0), .Dim = c(4L, 2L), .Dimnames = list(
        c("-2", "-1", "0", "1"), c("A", "T"))), N = 322), Majority = list(
        Freqs = structure(c(0, 0, 184, 0, 0, 1, 203, 0), .Dim = c(4L, 
        2L), .Dimnames = list(c("-2", "-1", "0", "1"), c("A", 
        "T"))), N = 388)), `2` = structure(c(0, 0, 147, 0, 0, 
    1, 165, 0), .Dim = c(4L, 2L), .Dimnames = list(c("-2", "-1", 
    "0", "1"), c("A", "T"))))))
