Results <-
list(`bwa.out//20220204//BlindCMMRD47_S7.sam` = list(LR11_SNP1 = list(
    All = list(Freqs = structure(c(0L, 0L, 0L, 18L, 0L, 0L, 0L, 
    1L, 1L, 53L, 3121L, 10L, 1L, 5L, 0L, 0L, 5L, 90L, 1L, 0L, 
    0L), .Dim = c(7L, 3L), .Dimnames = structure(list(c("-3", 
    "-2", "-1", "0", "1", "2", NA), c("A", "C", NA)), .Names = c("", 
    "")), class = "table"), N = 3306L), Tag.Distribution = structure(c(`1` = 76L, 
    `2` = 13L, `3` = 13L, `4` = 14L, `5` = 8L, `6` = 7L, `7` = 6L, 
    `8` = 15L, `9` = 18L, `10` = 6L, `11` = 7L, `12` = 8L, `13` = 6L, 
    `14` = 6L, `15` = 8L, `16` = 12L, `17` = 2L, `18` = 6L, `19` = 4L, 
    `20` = 1L, `21` = 2L, `22` = 6L, `23` = 3L, `24` = 4L, `25` = 3L, 
    `26` = 2L, `27` = 5L, `28` = 4L, `29` = 3L, `30` = 1L, `31` = 2L, 
    `32` = 2L, `33` = 2L, `34` = 2L, `35` = 3L, `36` = 2L, `39` = 1L, 
    `40` = 1L, `42` = 3L, `45` = 1L, `49` = 1L, `52` = 1L, `54` = 1L, 
    `55` = 1L), .Dim = 44L, .Dimnames = list(TagUsage = c("1", 
    "2", "3", "4", "5", "6", "7", "8", "9", "10", "11", "12", 
    "13", "14", "15", "16", "17", "18", "19", "20", "21", "22", 
    "23", "24", "25", "26", "27", "28", "29", "30", "31", "32", 
    "33", "34", "35", "36", "39", "40", "42", "45", "49", "52", 
    "54", "55")), class = "table"), No.Tag = structure(c(0L, 
    0L, 0L, 0L, 0L, 0L, 0L, 0L, 0L, 0L, 30L, 0L, 0L, 0L, 0L, 
    0L, 0L, 1L, 0L, 0L, 0L), .Dim = c(7L, 3L), .Dimnames = structure(list(
        c("-3", "-2", "-1", "0", "1", "2", NA), c("A", "C", NA
        )), .Names = c("", "")), class = "table"), All.Tags = list(
        Concordant = list(Freqs = structure(c(0, 0, 0, 16, 0, 
        0, 0, 0, 0, 219, 0, 0), .Dim = c(6L, 2L), .Dimnames = list(
            c("-3", "-2", "-1", "0", "1", "2"), c("A", "C"))), 
            N = 235), Majority = list(Freqs = structure(c(0, 
        0, 0, 16, 0, 0, 0, 0, 0, 270, 0, 0), .Dim = c(6L, 2L), .Dimnames = list(
            c("-3", "-2", "-1", "0", "1", "2"), c("A", "C"))), 
            N = 286)), `2` = structure(c(0, 0, 0, 0, 0, 0, 0, 
    0, 0, 214, 0, 0), .Dim = c(6L, 2L), .Dimnames = list(c("-3", 
    "-2", "-1", "0", "1", "2"), c("A", "C"))))))
