Results <-
list(`bwa.out//20220204//BlindCMMRD114_S40.sam` = list(GM01_SNP1 = list(
    All = list(Freqs = structure(c(57L, 3397L, 12L, 0L, 14L, 
    59L, 3696L, 10L, 1L, 27L, 0L, 35L, 0L, 0L, 0L), .Dim = c(5L, 
    3L), .Dimnames = structure(list(c("-1", "0", "1", "2", NA
    ), c("A", "G", NA)), .Names = c("", "")), class = "table"), 
        N = 7308L), Tag.Distribution = structure(c(`1` = 107L, 
    `2` = 106L, `3` = 91L, `4` = 127L, `5` = 105L, `6` = 106L, 
    `7` = 72L, `8` = 77L, `9` = 68L, `10` = 43L, `11` = 45L, 
    `12` = 29L, `13` = 27L, `14` = 21L, `15` = 14L, `16` = 10L, 
    `17` = 8L, `18` = 8L, `19` = 6L, `20` = 3L, `21` = 3L, `22` = 2L, 
    `23` = 1L, `24` = 1L, `25` = 4L, `26` = 2L, `27` = 3L, `28` = 2L, 
    `29` = 1L), .Dim = 29L, .Dimnames = list(TagUsage = c("1", 
    "2", "3", "4", "5", "6", "7", "8", "9", "10", "11", "12", 
    "13", "14", "15", "16", "17", "18", "19", "20", "21", "22", 
    "23", "24", "25", "26", "27", "28", "29")), class = "table"), 
    No.Tag = structure(c(1L, 53L, 0L, 0L, 0L, 0L, 46L, 0L, 0L, 
    1L, 0L, 0L, 0L, 0L, 0L), .Dim = c(5L, 3L), .Dimnames = structure(list(
        c("-1", "0", "1", "2", NA), c("A", "G", NA)), .Names = c("", 
    "")), class = "table"), All.Tags = list(Concordant = list(
        Freqs = structure(c(2, 425, 0, 0, 1, 447, 0, 0), .Dim = c(4L, 
        2L), .Dimnames = list(c("-1", "0", "1", "2"), c("A", 
        "G"))), N = 875), Majority = list(Freqs = structure(c(2, 
    521, 0, 0, 1, 556, 0, 0), .Dim = c(4L, 2L), .Dimnames = list(
        c("-1", "0", "1", "2"), c("A", "G"))), N = 1080)), `2` = structure(c(0, 
    466, 0, 0, 1, 508, 0, 0), .Dim = c(4L, 2L), .Dimnames = list(
        c("-1", "0", "1", "2"), c("A", "G"))))))
