Results <-
list(`bwa.out//20220204//BlindCMMRD61_S20.sam` = list(IM49_SNP1 = list(
    All = list(Freqs = structure(c(4L, 133L, 4070L, 96L, 1L, 
    34L, 0L, 0L, 3L, 0L, 0L, 0L, 0L, 0L, 1L, 0L, 0L, 0L, 0L, 
    3L, 231L, 4L, 0L, 0L), .Dim = c(6L, 4L), .Dimnames = structure(list(
        c("-2", "-1", "0", "1", "2", NA), c("C", "G", "T", NA
        )), .Names = c("", "")), class = "table"), N = 4580L), 
    Tag.Distribution = structure(c(`1` = 230L, `2` = 50L, `3` = 43L, 
    `4` = 43L, `5` = 26L, `6` = 30L, `7` = 29L, `8` = 33L, `9` = 25L, 
    `10` = 12L, `11` = 17L, `12` = 19L, `13` = 10L, `14` = 10L, 
    `15` = 9L, `16` = 5L, `17` = 13L, `18` = 10L, `19` = 2L, 
    `20` = 9L, `21` = 8L, `22` = 7L, `23` = 2L, `24` = 4L, `25` = 2L, 
    `26` = 2L, `27` = 4L, `28` = 2L, `29` = 2L, `30` = 1L, `31` = 1L, 
    `32` = 1L, `33` = 1L, `34` = 1L, `37` = 4L, `40` = 1L), .Dim = 36L, .Dimnames = list(
        TagUsage = c("1", "2", "3", "4", "5", "6", "7", "8", 
        "9", "10", "11", "12", "13", "14", "15", "16", "17", 
        "18", "19", "20", "21", "22", "23", "24", "25", "26", 
        "27", "28", "29", "30", "31", "32", "33", "34", "37", 
        "40")), class = "table"), No.Tag = structure(c(0L, 1L, 
    153L, 2L, 0L, 4L, 0L, 0L, 0L, 0L, 0L, 0L, 0L, 0L, 0L, 0L, 
    0L, 0L, 0L, 0L, 12L, 0L, 0L, 0L), .Dim = c(6L, 4L), .Dimnames = structure(list(
        c("-2", "-1", "0", "1", "2", NA), c("C", "G", "T", NA
        )), .Names = c("", "")), class = "table"), All.Tags = list(
        Concordant = list(Freqs = structure(c(0, 8, 457, 3, 0, 
        0, 0, 2, 0, 0, 0, 0, 0, 0, 0), .Dim = c(5L, 3L), .Dimnames = list(
            c("-2", "-1", "0", "1", "2"), c("C", "G", "T"))), 
            N = 470), Majority = list(Freqs = structure(c(0, 
        9, 576, 5, 0, 0, 0, 2, 0, 0, 0, 0, 0, 0, 0), .Dim = c(5L, 
        3L), .Dimnames = list(c("-2", "-1", "0", "1", "2"), c("C", 
        "G", "T"))), N = 592)), `2` = structure(c(0, 3, 423, 
    3, 0, 0, 0, 0, 0, 0, 0, 0, 0, 0, 0), .Dim = c(5L, 3L), .Dimnames = list(
        c("-2", "-1", "0", "1", "2"), c("C", "G", "T"))))))
