Results <-
list(`bwa.out//20220204//BlindCMMRD95_S54.sam` = list(LR48_SNP1 = list(
    All = list(Freqs = structure(c(0L, 0L, 2L, 0L, 0L, 0L, 2L, 
    130L, 4134L, 56L, 1L, 20L, 0L, 0L, 2L, 0L, 0L, 1L, 0L, 0L, 
    82L, 0L, 0L, 0L), .Dim = c(6L, 4L), .Dimnames = structure(list(
        c("-2", "-1", "0", "1", "2", NA), c("A", "C", "T", NA
        )), .Names = c("", "")), class = "table"), N = 4430L), 
    Tag.Distribution = structure(c(`1` = 71L, `2` = 34L, `3` = 17L, 
    `4` = 27L, `5` = 13L, `6` = 19L, `7` = 9L, `8` = 6L, `9` = 16L, 
    `10` = 13L, `11` = 10L, `12` = 7L, `13` = 4L, `14` = 4L, 
    `15` = 8L, `16` = 5L, `17` = 8L, `18` = 4L, `19` = 4L, `20` = 1L, 
    `21` = 1L, `22` = 6L, `23` = 6L, `24` = 2L, `25` = 8L, `26` = 4L, 
    `27` = 7L, `28` = 1L, `29` = 5L, `30` = 2L, `31` = 3L, `32` = 1L, 
    `33` = 6L, `34` = 4L, `35` = 4L, `36` = 2L, `37` = 1L, `38` = 4L, 
    `40` = 1L, `42` = 1L, `45` = 1L, `47` = 3L, `48` = 1L, `49` = 1L, 
    `50` = 2L, `56` = 1L, `57` = 1L, `59` = 1L, `60` = 1L), .Dim = 49L, .Dimnames = list(
        TagUsage = c("1", "2", "3", "4", "5", "6", "7", "8", 
        "9", "10", "11", "12", "13", "14", "15", "16", "17", 
        "18", "19", "20", "21", "22", "23", "24", "25", "26", 
        "27", "28", "29", "30", "31", "32", "33", "34", "35", 
        "36", "37", "38", "40", "42", "45", "47", "48", "49", 
        "50", "56", "57", "59", "60")), class = "table"), No.Tag = structure(c(0L, 
    0L, 0L, 0L, 0L, 0L, 0L, 5L, 128L, 0L, 0L, 1L, 0L, 0L, 0L, 
    0L, 0L, 0L, 0L, 0L, 6L, 0L, 0L, 0L), .Dim = c(6L, 4L), .Dimnames = structure(list(
        c("-2", "-1", "0", "1", "2", NA), c("A", "C", "T", NA
        )), .Names = c("", "")), class = "table"), All.Tags = list(
        Concordant = list(Freqs = structure(c(0, 0, 0, 0, 0, 
        0, 2, 240, 2, 0, 0, 0, 0, 0, 0), .Dim = c(5L, 3L), .Dimnames = list(
            c("-2", "-1", "0", "1", "2"), c("A", "C", "T"))), 
            N = 244), Majority = list(Freqs = structure(c(0, 
        0, 0, 0, 0, 0, 2, 346, 2, 0, 0, 0, 0, 0, 0), .Dim = c(5L, 
        3L), .Dimnames = list(c("-2", "-1", "0", "1", "2"), c("A", 
        "C", "T"))), N = 350)), `2` = structure(c(0, 0, 0, 0, 
    0, 0, 1, 286, 0, 0, 0, 0, 0, 0, 0), .Dim = c(5L, 3L), .Dimnames = list(
        c("-2", "-1", "0", "1", "2"), c("A", "C", "T"))))))
