Results <-
list(`bwa.out//20220204//BlindCMMRD71_S30.sam` = list(GM07_SNP1 = list(
    All = list(Freqs = structure(c(11L, 460L, 7217L, 198L, 6L, 
    1L, 84L, 0L, 1L, 1L, 0L, 0L, 0L, 1L, 1L, 2L, 76L, 0L, 0L, 
    0L, 0L), .Dim = c(7L, 3L), .Dimnames = structure(list(c("-2", 
    "-1", "0", "1", "2", "3", NA), c("A", "G", NA)), .Names = c("", 
    "")), class = "table"), N = 8059L), Tag.Distribution = structure(c(`1` = 120L, 
    `2` = 30L, `3` = 28L, `4` = 18L, `5` = 23L, `6` = 12L, `7` = 16L, 
    `8` = 23L, `9` = 22L, `10` = 11L, `11` = 18L, `12` = 12L, 
    `13` = 14L, `14` = 17L, `15` = 19L, `16` = 8L, `17` = 15L, 
    `18` = 14L, `19` = 9L, `20` = 14L, `21` = 5L, `22` = 13L, 
    `23` = 8L, `24` = 8L, `25` = 8L, `26` = 3L, `27` = 8L, `28` = 5L, 
    `29` = 6L, `30` = 5L, `31` = 2L, `32` = 6L, `33` = 5L, `34` = 6L, 
    `35` = 2L, `36` = 2L, `37` = 3L, `38` = 7L, `39` = 4L, `40` = 3L, 
    `41` = 2L, `42` = 4L, `43` = 3L, `44` = 2L, `45` = 1L, `46` = 2L, 
    `48` = 1L, `49` = 2L, `50` = 1L, `51` = 1L, `55` = 1L, `56` = 2L, 
    `57` = 1L, `64` = 2L, `66` = 1L), .Dim = 55L, .Dimnames = list(
        TagUsage = c("1", "2", "3", "4", "5", "6", "7", "8", 
        "9", "10", "11", "12", "13", "14", "15", "16", "17", 
        "18", "19", "20", "21", "22", "23", "24", "25", "26", 
        "27", "28", "29", "30", "31", "32", "33", "34", "35", 
        "36", "37", "38", "39", "40", "41", "42", "43", "44", 
        "45", "46", "48", "49", "50", "51", "55", "56", "57", 
        "64", "66")), class = "table"), No.Tag = structure(c(1L, 
    16L, 330L, 11L, 1L, 0L, 12L, 0L, 0L, 1L, 0L, 0L, 0L, 1L, 
    0L, 0L, 14L, 0L, 0L, 0L, 0L), .Dim = c(7L, 3L), .Dimnames = structure(list(
        c("-2", "-1", "0", "1", "2", "3", NA), c("A", "G", NA
        )), .Names = c("", "")), class = "table"), All.Tags = list(
        Concordant = list(Freqs = structure(c(0, 11, 298, 2, 
        0, 0, 0, 1, 0, 0, 0, 0), .Dim = c(6L, 2L), .Dimnames = list(
            c("-2", "-1", "0", "1", "2", "3"), c("A", "G"))), 
            N = 312), Majority = list(Freqs = structure(c(0, 
        15, 536, 7, 0, 0, 0, 1, 0, 0, 0, 0), .Dim = c(6L, 2L), .Dimnames = list(
            c("-2", "-1", "0", "1", "2", "3"), c("A", "G"))), 
            N = 559)), `2` = structure(c(0, 6, 442, 6, 0, 0, 
    0, 0, 0, 0, 0, 0), .Dim = c(6L, 2L), .Dimnames = list(c("-2", 
    "-1", "0", "1", "2", "3"), c("A", "G"))))))
