Results <-
list(`bwa.out//20220204//Control13_S6.sam` = list(LR52_SNP1 = list(
    All = list(Freqs = structure(c(2L, 14L, 201L, 1691L, 20L, 
    9L, 0L, 0L, 0L, 1L, 0L, 0L, 0L, 0L, 0L, 69L, 0L, 0L), .Dim = c(6L, 
    3L), .Dimnames = structure(list(c("-3", "-2", "-1", "0", 
    "1", NA), c("C", "T", NA)), .Names = c("", "")), class = "table"), 
        N = 2007L), Tag.Distribution = structure(c(`1` = 61L, 
    `2` = 43L, `3` = 34L, `4` = 25L, `5` = 23L, `6` = 20L, `7` = 15L, 
    `8` = 11L, `9` = 16L, `10` = 16L, `11` = 11L, `12` = 15L, 
    `13` = 4L, `14` = 2L, `15` = 9L, `16` = 4L, `17` = 2L, `18` = 3L, 
    `19` = 1L, `20` = 1L, `21` = 2L, `22` = 2L, `24` = 1L, `26` = 1L
    ), .Dim = 24L, .Dimnames = list(TagUsage = c("1", "2", "3", 
    "4", "5", "6", "7", "8", "9", "10", "11", "12", "13", "14", 
    "15", "16", "17", "18", "19", "20", "21", "22", "24", "26"
    )), class = "table"), No.Tag = structure(c(0L, 0L, 5L, 73L, 
    0L, 2L, 0L, 0L, 0L, 0L, 0L, 0L, 0L, 0L, 0L, 3L, 0L, 0L), .Dim = c(6L, 
    3L), .Dimnames = structure(list(c("-3", "-2", "-1", "0", 
    "1", NA), c("C", "T", NA)), .Names = c("", "")), class = "table"), 
    All.Tags = list(Concordant = list(Freqs = structure(c(0, 
    0, 11, 183, 1, 0, 0, 0, 1, 0), .Dim = c(5L, 2L), .Dimnames = list(
        c("-3", "-2", "-1", "0", "1"), c("C", "T"))), N = 196), 
        Majority = list(Freqs = structure(c(0, 0, 16, 289, 1, 
        0, 0, 0, 1, 0), .Dim = c(5L, 2L), .Dimnames = list(c("-3", 
        "-2", "-1", "0", "1"), c("C", "T"))), N = 307)), `2` = structure(c(0, 
    0, 6, 241, 0, 0, 0, 0, 0, 0), .Dim = c(5L, 2L), .Dimnames = list(
        c("-3", "-2", "-1", "0", "1"), c("C", "T"))))))
