Results <-
list(`bwa.out//20220204//Control23_S16.sam` = list(LR44_SNP1 = list(
    All = list(Freqs = structure(c(9L, 195L, 3252L, 42L, 3L, 
    14L, 0L, 1L, 48L, 1L, 0L, 0L), .Dim = c(6L, 2L), .Dimnames = structure(list(
        c("-2", "-1", "0", "1", "2", NA), c("C", NA)), .Names = c("", 
    "")), class = "table"), N = 3565L), Tag.Distribution = structure(c(`1` = 128L, 
    `2` = 76L, `3` = 65L, `4` = 55L, `5` = 37L, `6` = 39L, `7` = 26L, 
    `8` = 27L, `9` = 16L, `10` = 18L, `11` = 16L, `12` = 12L, 
    `13` = 10L, `14` = 13L, `15` = 9L, `16` = 9L, `17` = 5L, 
    `18` = 4L, `19` = 4L, `20` = 5L, `21` = 3L, `22` = 4L, `23` = 4L, 
    `24` = 2L, `28` = 1L, `31` = 2L, `37` = 1L), .Dim = 27L, .Dimnames = list(
        TagUsage = c("1", "2", "3", "4", "5", "6", "7", "8", 
        "9", "10", "11", "12", "13", "14", "15", "16", "17", 
        "18", "19", "20", "21", "22", "23", "24", "28", "31", 
        "37")), class = "table"), No.Tag = structure(c(0L, 5L, 
    56L, 1L, 0L, 0L, 0L, 0L, 4L, 1L, 0L, 0L), .Dim = c(6L, 2L
    ), .Dimnames = structure(list(c("-2", "-1", "0", "1", "2", 
    NA), c("C", NA)), .Names = c("", "")), class = "table"), 
    All.Tags = list(Concordant = list(Freqs = structure(c(3, 
    9, 414, 2, 0), .Dim = c(5L, 1L), .Dimnames = list(c("-2", 
    "-1", "0", "1", "2"), "C")), N = 428), Majority = list(Freqs = structure(c(3, 
    13, 553, 3, 0), .Dim = c(5L, 1L), .Dimnames = list(c("-2", 
    "-1", "0", "1", "2"), "C")), N = 572)), `2` = structure(c(0, 
    5, 442, 2, 0), .Dim = c(5L, 1L), .Dimnames = list(c("-2", 
    "-1", "0", "1", "2"), "C")))))
