Results <-
list(`bwa.out//20220204//BlindCMMRD127_S53.sam` = list(GM07_SNP1 = list(
    All = list(Freqs = structure(c(2L, 135L, 2381L, 42L, 0L, 
    24L, 3L, 95L, 2240L, 66L, 0L, 17L, 0L, 0L, 34L, 1L, 1L, 0L
    ), .Dim = c(6L, 3L), .Dimnames = structure(list(c("-2", "-1", 
    "0", "1", "2", NA), c("A", "G", NA)), .Names = c("", "")), class = "table"), 
        N = 5041L), Tag.Distribution = structure(c(`1` = 110L, 
    `2` = 96L, `3` = 98L, `4` = 102L, `5` = 69L, `6` = 55L, `7` = 54L, 
    `8` = 43L, `9` = 39L, `10` = 31L, `11` = 17L, `12` = 17L, 
    `13` = 18L, `14` = 17L, `15` = 14L, `16` = 9L, `17` = 5L, 
    `18` = 4L, `19` = 3L, `20` = 2L, `21` = 2L, `22` = 1L, `23` = 4L, 
    `24` = 2L, `25` = 2L, `26` = 1L, `27` = 1L), .Dim = 27L, .Dimnames = list(
        TagUsage = c("1", "2", "3", "4", "5", "6", "7", "8", 
        "9", "10", "11", "12", "13", "14", "15", "16", "17", 
        "18", "19", "20", "21", "22", "23", "24", "25", "26", 
        "27")), class = "table"), No.Tag = structure(c(0L, 6L, 
    94L, 1L, 0L, 5L, 0L, 0L, 87L, 1L, 0L, 4L, 0L, 0L, 2L, 1L, 
    0L, 0L), .Dim = c(6L, 3L), .Dimnames = structure(list(c("-2", 
    "-1", "0", "1", "2", NA), c("A", "G", NA)), .Names = c("", 
    "")), class = "table"), All.Tags = list(Concordant = list(
        Freqs = structure(c(0, 10, 280, 2, 0, 0, 4, 276, 2, 0
        ), .Dim = c(5L, 2L), .Dimnames = list(c("-2", "-1", "0", 
        "1", "2"), c("A", "G"))), N = 574), Majority = list(Freqs = structure(c(0, 
    11, 391, 2, 0, 0, 6, 378, 2, 0), .Dim = c(5L, 2L), .Dimnames = list(
        c("-2", "-1", "0", "1", "2"), c("A", "G"))), N = 790)), 
    `2` = structure(c(0, 6, 351, 0, 0, 0, 2, 325, 0, 0), .Dim = c(5L, 
    2L), .Dimnames = list(c("-2", "-1", "0", "1", "2"), c("A", 
    "G"))))))
