Results <-
list(`bwa.out//20220204//BlindCMMRD73_S32.sam` = list(LR49_SNP1 = list(
    All = list(Freqs = structure(c(3L, 1410L, 0L, 0L, 4L, 1447L, 
    1L, 1L, 0L, 1L, 0L, 0L, 0L, 21L, 0L, 0L), .Dim = c(4L, 4L
    ), .Dimnames = structure(list(c("-1", "0", "1", NA), c("A", 
    "G", "T", NA)), .Names = c("", "")), class = "table"), N = 2888L), 
    Tag.Distribution = structure(c(`1` = 83L, `2` = 48L, `3` = 38L, 
    `4` = 26L, `5` = 21L, `6` = 34L, `7` = 31L, `8` = 27L, `9` = 20L, 
    `10` = 20L, `11` = 9L, `12` = 8L, `13` = 9L, `14` = 9L, `15` = 4L, 
    `16` = 5L, `17` = 1L, `18` = 5L, `19` = 2L, `20` = 6L, `21` = 5L, 
    `22` = 1L, `23` = 1L, `25` = 3L, `26` = 1L, `27` = 1L, `28` = 1L, 
    `32` = 1L, `33` = 3L), .Dim = 29L, .Dimnames = list(TagUsage = c("1", 
    "2", "3", "4", "5", "6", "7", "8", "9", "10", "11", "12", 
    "13", "14", "15", "16", "17", "18", "19", "20", "21", "22", 
    "23", "25", "26", "27", "28", "32", "33")), class = "table"), 
    No.Tag = structure(c(0L, 57L, 0L, 0L, 0L, 25L, 0L, 0L, 0L, 
    0L, 0L, 0L, 0L, 7L, 0L, 0L), .Dim = c(4L, 4L), .Dimnames = structure(list(
        c("-1", "0", "1", NA), c("A", "G", "T", NA)), .Names = c("", 
    "")), class = "table"), All.Tags = list(Concordant = list(
        Freqs = structure(c(0, 189, 0, 0, 203, 0, 0, 0, 0), .Dim = c(3L, 
        3L), .Dimnames = list(c("-1", "0", "1"), c("A", "G", 
        "T"))), N = 392), Majority = list(Freqs = structure(c(0, 
    206, 0, 0, 215, 0, 0, 0, 0), .Dim = c(3L, 3L), .Dimnames = list(
        c("-1", "0", "1"), c("A", "G", "T"))), N = 421)), `2` = structure(c(0, 
    161, 0, 0, 178, 0, 0, 0, 0), .Dim = c(3L, 3L), .Dimnames = list(
        c("-1", "0", "1"), c("A", "G", "T"))))))
