Results <-
list(`bwa.out//20220204//BlindCMMRD93_S52.sam` = list(GM09_SNP1 = list(
    All = list(Freqs = structure(c(23L, 1935L, 7L, 2L, 10L, 2310L, 
    4L, 1L, 0L, 1L, 0L, 0L, 1L, 35L, 0L, 0L), .Dim = c(4L, 4L
    ), .Dimnames = structure(list(c("-1", "0", "1", NA), c("A", 
    "G", "T", NA)), .Names = c("", "")), class = "table"), N = 4329L), 
    Tag.Distribution = structure(c(`1` = 138L, `2` = 83L, `3` = 53L, 
    `4` = 44L, `5` = 49L, `6` = 41L, `7` = 31L, `8` = 32L, `9` = 27L, 
    `10` = 26L, `11` = 13L, `12` = 20L, `13` = 17L, `14` = 13L, 
    `15` = 19L, `16` = 7L, `17` = 6L, `18` = 5L, `19` = 4L, `20` = 5L, 
    `21` = 4L, `22` = 3L, `23` = 3L, `25` = 5L, `26` = 4L, `28` = 1L, 
    `29` = 1L, `34` = 1L, `35` = 1L), .Dim = 29L, .Dimnames = list(
        TagUsage = c("1", "2", "3", "4", "5", "6", "7", "8", 
        "9", "10", "11", "12", "13", "14", "15", "16", "17", 
        "18", "19", "20", "21", "22", "23", "25", "26", "28", 
        "29", "34", "35")), class = "table"), No.Tag = structure(c(0L, 
    44L, 0L, 1L, 1L, 50L, 0L, 0L, 0L, 1L, 0L, 0L, 0L, 1L, 0L, 
    0L), .Dim = c(4L, 4L), .Dimnames = structure(list(c("-1", 
    "0", "1", NA), c("A", "G", "T", NA)), .Names = c("", "")), class = "table"), 
    All.Tags = list(Concordant = list(Freqs = structure(c(1, 
    275, 0, 1, 300, 1, 0, 0, 0), .Dim = c(3L, 3L), .Dimnames = list(
        c("-1", "0", "1"), c("A", "G", "T"))), N = 578), Majority = list(
        Freqs = structure(c(1, 305, 0, 1, 334, 1, 0, 0, 0), .Dim = c(3L, 
        3L), .Dimnames = list(c("-1", "0", "1"), c("A", "G", 
        "T"))), N = 642)), `2` = structure(c(1, 234, 0, 0, 277, 
    0, 0, 0, 0), .Dim = c(3L, 3L), .Dimnames = list(c("-1", "0", 
    "1"), c("A", "G", "T"))))))
