Results <-
list(`bwa.out//20220204//BlindCMMRD131_S57.sam` = list(LR52_SNP1 = list(
    All = list(Freqs = structure(c(0L, 15L, 218L, 2020L, 18L, 
    1L, 15L, 1L, 11L, 206L, 2330L, 19L, 0L, 15L, 1L, 0L, 5L, 
    172L, 1L, 0L, 0L), .Dim = c(7L, 3L), .Dimnames = structure(list(
        c("-3", "-2", "-1", "0", "1", "2", NA), c("C", "T", NA
        )), .Names = c("", "")), class = "table"), N = 5048L), 
    Tag.Distribution = structure(c(`1` = 156L, `2` = 124L, `3` = 116L, 
    `4` = 103L, `5` = 95L, `6` = 87L, `7` = 72L, `8` = 47L, `9` = 48L, 
    `10` = 36L, `11` = 21L, `12` = 17L, `13` = 19L, `14` = 4L, 
    `15` = 10L, `16` = 2L, `17` = 1L, `18` = 3L, `19` = 1L, `20` = 1L, 
    `21` = 1L, `29` = 1L), .Dim = 22L, .Dimnames = list(TagUsage = c("1", 
    "2", "3", "4", "5", "6", "7", "8", "9", "10", "11", "12", 
    "13", "14", "15", "16", "17", "18", "19", "20", "21", "29"
    )), class = "table"), No.Tag = structure(c(0L, 1L, 6L, 47L, 
    0L, 0L, 0L, 0L, 1L, 9L, 63L, 0L, 0L, 0L, 0L, 0L, 2L, 6L, 
    0L, 0L, 0L), .Dim = c(7L, 3L), .Dimnames = structure(list(
        c("-3", "-2", "-1", "0", "1", "2", NA), c("C", "T", NA
        )), .Names = c("", "")), class = "table"), All.Tags = list(
        Concordant = list(Freqs = structure(c(0, 0, 13, 288, 
        3, 0, 0, 1, 9, 320, 2, 0), .Dim = c(6L, 2L), .Dimnames = list(
            c("-3", "-2", "-1", "0", "1", "2"), c("C", "T"))), 
            N = 636), Majority = list(Freqs = structure(c(0, 
        0, 16, 415, 3, 0, 0, 1, 12, 456, 2, 0), .Dim = c(6L, 
        2L), .Dimnames = list(c("-3", "-2", "-1", "0", "1", "2"
        ), c("C", "T"))), N = 905)), `2` = structure(c(0, 0, 
    8, 356, 0, 0, 0, 0, 5, 393, 0, 0), .Dim = c(6L, 2L), .Dimnames = list(
        c("-3", "-2", "-1", "0", "1", "2"), c("C", "T"))))))
