Results <-
list(`bwa.out//20220204//BlindCMMRD72_S31.sam` = list(LR20_SNP1 = list(
    All = list(Freqs = structure(c(0L, 1L, 0L, 0L, 8L, 2398L, 
    5L, 0L, 7L, 2377L, 4L, 0L, 0L, 0L, 0L, 1L, 0L, 19L, 0L, 0L
    ), .Dim = 4:5, .Dimnames = structure(list(c("-1", "0", "1", 
    NA), c("-", "A", "G", "T", NA)), .Names = c("", "")), class = "table"), 
        N = 4820L), Tag.Distribution = structure(c(`1` = 114L, 
    `2` = 82L, `3` = 70L, `4` = 63L, `5` = 54L, `6` = 46L, `7` = 33L, 
    `8` = 31L, `9` = 32L, `10` = 19L, `11` = 21L, `12` = 20L, 
    `13` = 18L, `14` = 17L, `15` = 7L, `16` = 11L, `17` = 6L, 
    `18` = 7L, `19` = 2L, `20` = 3L, `21` = 5L, `22` = 2L, `23` = 3L, 
    `24` = 3L, `25` = 2L, `26` = 3L, `27` = 1L, `28` = 1L, `29` = 1L, 
    `31` = 2L, `32` = 1L, `33` = 2L, `34` = 1L, `35` = 1L, `36` = 1L, 
    `41` = 1L, `43` = 2L, `45` = 1L), .Dim = 38L, .Dimnames = list(
        TagUsage = c("1", "2", "3", "4", "5", "6", "7", "8", 
        "9", "10", "11", "12", "13", "14", "15", "16", "17", 
        "18", "19", "20", "21", "22", "23", "24", "25", "26", 
        "27", "28", "29", "31", "32", "33", "34", "35", "36", 
        "41", "43", "45")), class = "table"), No.Tag = structure(c(0L, 
    0L, 0L, 0L, 0L, 42L, 0L, 0L, 0L, 44L, 0L, 0L, 0L, 0L, 0L, 
    0L, 0L, 2L, 0L, 0L), .Dim = 4:5, .Dimnames = structure(list(
        c("-1", "0", "1", NA), c("-", "A", "G", "T", NA)), .Names = c("", 
    "")), class = "table"), All.Tags = list(Concordant = list(
        Freqs = structure(c(0, 0, 0, 0, 305, 0, 1, 305, 1, 0, 
        0, 0), .Dim = 3:4, .Dimnames = list(c("-1", "0", "1"), 
            c("-", "A", "G", "T"))), N = 612), Majority = list(
        Freqs = structure(c(0, 0, 0, 1, 338, 0, 1, 337, 1, 0, 
        0, 0), .Dim = 3:4, .Dimnames = list(c("-1", "0", "1"), 
            c("-", "A", "G", "T"))), N = 678)), `2` = structure(c(0, 
    0, 0, 1, 277, 0, 1, 287, 0, 0, 0, 0), .Dim = 3:4, .Dimnames = list(
        c("-1", "0", "1"), c("-", "A", "G", "T"))))))
