Results <-
list(`bwa.out//20220204//BlindCMMRD110_S36.sam` = list(GM07_SNP1 = list(
    All = list(Freqs = structure(c(0L, 1L, 1L, 0L, 0L, 0L, 1L, 
    74L, 1436L, 41L, 2L, 18L, 1L, 58L, 1526L, 32L, 0L, 18L, 0L, 
    0L, 13L, 0L, 0L, 0L), .Dim = c(6L, 4L), .Dimnames = structure(list(
        c("-2", "-1", "0", "1", "2", NA), c("-", "A", "G", NA
        )), .Names = c("", "")), class = "table"), N = 3222L), 
    Tag.Distribution = structure(c(`1` = 125L, `2` = 117L, `3` = 72L, 
    `4` = 86L, `5` = 52L, `6` = 44L, `7` = 47L, `8` = 20L, `9` = 25L, 
    `10` = 17L, `11` = 15L, `12` = 11L, `13` = 8L, `14` = 10L, 
    `15` = 6L, `16` = 2L, `17` = 4L, `18` = 1L, `24` = 1L), .Dim = 19L, .Dimnames = list(
        TagUsage = c("1", "2", "3", "4", "5", "6", "7", "8", 
        "9", "10", "11", "12", "13", "14", "15", "16", "17", 
        "18", "24")), class = "table"), No.Tag = structure(c(0L, 
    0L, 0L, 0L, 0L, 0L, 0L, 2L, 55L, 1L, 0L, 1L, 0L, 2L, 58L, 
    2L, 0L, 0L, 0L, 0L, 1L, 0L, 0L, 0L), .Dim = c(6L, 4L), .Dimnames = structure(list(
        c("-2", "-1", "0", "1", "2", NA), c("-", "A", "G", NA
        )), .Names = c("", "")), class = "table"), All.Tags = list(
        Concordant = list(Freqs = structure(c(0, 0, 0, 0, 0, 
        0, 5, 222, 2, 0, 0, 3, 257, 0, 0), .Dim = c(5L, 3L), .Dimnames = list(
            c("-2", "-1", "0", "1", "2"), c("-", "A", "G"))), 
            N = 489), Majority = list(Freqs = structure(c(0, 
        0, 0, 0, 0, 0, 5, 301, 2, 0, 0, 4, 329, 0, 0), .Dim = c(5L, 
        3L), .Dimnames = list(c("-2", "-1", "0", "1", "2"), c("-", 
        "A", "G"))), N = 641)), `2` = structure(c(0, 0, 0, 0, 
    0, 0, 0, 255, 0, 0, 0, 3, 263, 0, 0), .Dim = c(5L, 3L), .Dimnames = list(
        c("-2", "-1", "0", "1", "2"), c("-", "A", "G"))))))
