Results <-
list(`bwa.out//20220204//BlindCMMRD135_S61.sam` = list(GM22_SNP1 = list(
    All = list(Freqs = structure(c(53L, 5042L, 13L, 12L, 0L, 
    1L, 0L, 0L, 0L, 48L, 0L, 0L), .Dim = 4:3, .Dimnames = structure(list(
        c("-1", "0", "1", NA), c("A", "G", NA)), .Names = c("", 
    "")), class = "table"), N = 5169L), Tag.Distribution = structure(c(`1` = 135L, 
    `2` = 98L, `3` = 96L, `4` = 101L, `5` = 78L, `6` = 72L, `7` = 57L, 
    `8` = 52L, `9` = 44L, `10` = 42L, `11` = 31L, `12` = 18L, 
    `13` = 16L, `14` = 10L, `15` = 9L, `16` = 9L, `17` = 4L, 
    `18` = 3L, `19` = 3L, `20` = 1L, `21` = 2L, `22` = 1L, `23` = 1L, 
    `24` = 2L, `26` = 3L, `27` = 1L), .Dim = 26L, .Dimnames = list(
        TagUsage = c("1", "2", "3", "4", "5", "6", "7", "8", 
        "9", "10", "11", "12", "13", "14", "15", "16", "17", 
        "18", "19", "20", "21", "22", "23", "24", "26", "27")), class = "table"), 
    No.Tag = structure(c(1L, 65L, 0L, 0L, 0L, 0L, 0L, 0L, 0L, 
    4L, 0L, 0L), .Dim = 4:3, .Dimnames = structure(list(c("-1", 
    "0", "1", NA), c("A", "G", NA)), .Names = c("", "")), class = "table"), 
    All.Tags = list(Concordant = list(Freqs = structure(c(2, 
    819, 0, 0, 1, 0), .Dim = 3:2, .Dimnames = list(c("-1", "0", 
    "1"), c("A", "G"))), N = 822), Majority = list(Freqs = structure(c(2, 
    877, 0, 0, 1, 0), .Dim = 3:2, .Dimnames = list(c("-1", "0", 
    "1"), c("A", "G"))), N = 880)), `2` = structure(c(0, 752, 
    0, 0, 0, 0), .Dim = 3:2, .Dimnames = list(c("-1", "0", "1"
    ), c("A", "G"))))))
