Results <-
list(`bwa.out//20220204//BlindCMMRD81_S40.sam` = list(LR52_SNP1 = list(
    All = list(Freqs = structure(c(0L, 15L, 181L, 1491L, 10L, 
    1L, 22L, 1L, 10L, 168L, 1802L, 18L, 1L, 20L, 0L, 3L, 16L, 
    621L, 11L, 0L, 0L), .Dim = c(7L, 3L), .Dimnames = structure(list(
        c("-3", "-2", "-1", "0", "1", "2", NA), c("C", "T", NA
        )), .Names = c("", "")), class = "table"), N = 4391L), 
    Tag.Distribution = structure(c(`1` = 71L, `2` = 40L, `3` = 39L, 
    `4` = 35L, `5` = 31L, `6` = 26L, `7` = 29L, `8` = 21L, `9` = 25L, 
    `10` = 20L, `11` = 22L, `12` = 12L, `13` = 12L, `14` = 10L, 
    `15` = 10L, `16` = 13L, `17` = 10L, `18` = 3L, `19` = 5L, 
    `20` = 10L, `21` = 5L, `22` = 5L, `23` = 5L, `24` = 3L, `25` = 4L, 
    `26` = 8L, `27` = 6L, `28` = 3L, `30` = 5L, `31` = 1L, `33` = 1L, 
    `38` = 1L), .Dim = 32L, .Dimnames = list(TagUsage = c("1", 
    "2", "3", "4", "5", "6", "7", "8", "9", "10", "11", "12", 
    "13", "14", "15", "16", "17", "18", "19", "20", "21", "22", 
    "23", "24", "25", "26", "27", "28", "30", "31", "33", "38"
    )), class = "table"), No.Tag = structure(c(0L, 0L, 3L, 54L, 
    0L, 0L, 0L, 0L, 0L, 1L, 23L, 0L, 0L, 0L, 0L, 0L, 1L, 27L, 
    0L, 0L, 0L), .Dim = c(7L, 3L), .Dimnames = structure(list(
        c("-3", "-2", "-1", "0", "1", "2", NA), c("C", "T", NA
        )), .Names = c("", "")), class = "table"), All.Tags = list(
        Concordant = list(Freqs = structure(c(0, 0, 2, 118, 1, 
        0, 0, 2, 2, 135, 0, 0), .Dim = c(6L, 2L), .Dimnames = list(
            c("-3", "-2", "-1", "0", "1", "2"), c("C", "T"))), 
            N = 260), Majority = list(Freqs = structure(c(0, 
        0, 7, 212, 1, 0, 0, 2, 4, 233, 0, 0), .Dim = c(6L, 2L
        ), .Dimnames = list(c("-3", "-2", "-1", "0", "1", "2"
        ), c("C", "T"))), N = 459)), `2` = structure(c(0, 0, 
    7, 191, 0, 0, 0, 1, 3, 204, 0, 0), .Dim = c(6L, 2L), .Dimnames = list(
        c("-3", "-2", "-1", "0", "1", "2"), c("C", "T"))))))
