Results <-
list(`bwa.out//20220204//MLPA01_S9.sam` = list(GM09_SNP1 = list(
    All = list(Freqs = structure(c(10L, 4257L, 5L, 2L, 0L, 28L, 
    0L, 0L), .Dim = c(4L, 2L), .Dimnames = structure(list(c("-1", 
    "0", "1", NA), c("A", NA)), .Names = c("", "")), class = "table"), 
        N = 4302L), Tag.Distribution = structure(c(`1` = 187L, 
    `2` = 87L, `3` = 67L, `4` = 69L, `5` = 65L, `6` = 34L, `7` = 31L, 
    `8` = 25L, `9` = 23L, `10` = 20L, `11` = 17L, `12` = 12L, 
    `13` = 13L, `14` = 17L, `15` = 13L, `16` = 2L, `17` = 8L, 
    `18` = 5L, `19` = 6L, `20` = 4L, `21` = 5L, `22` = 7L, `23` = 2L, 
    `24` = 1L, `25` = 4L, `26` = 1L, `27` = 3L, `28` = 1L, `33` = 1L, 
    `35` = 2L), .Dim = 30L, .Dimnames = list(TagUsage = c("1", 
    "2", "3", "4", "5", "6", "7", "8", "9", "10", "11", "12", 
    "13", "14", "15", "16", "17", "18", "19", "20", "21", "22", 
    "23", "24", "25", "26", "27", "28", "33", "35")), class = "table"), 
    No.Tag = structure(c(0L, 53L, 0L, 0L, 0L, 6L, 0L, 0L), .Dim = c(4L, 
    2L), .Dimnames = structure(list(c("-1", "0", "1", NA), c("A", 
    NA)), .Names = c("", "")), class = "table"), All.Tags = list(
        Concordant = list(Freqs = structure(c(0, 716, 0), .Dim = c(3L, 
        1L), .Dimnames = list(c("-1", "0", "1"), "A")), N = 716), 
        Majority = list(Freqs = structure(c(0, 727, 0), .Dim = c(3L, 
        1L), .Dimnames = list(c("-1", "0", "1"), "A")), N = 727)), 
    `2` = structure(c(0, 544, 0), .Dim = c(3L, 1L), .Dimnames = list(
        c("-1", "0", "1"), "A")))))
