Results <-
list(`bwa.out//20220204//BlindCMMRD91_S50.sam` = list(GM14_SNP1 = list(
    All = list(Freqs = structure(c(4L, 106L, 2341L, 24L, 5L, 
    0L, 0L, 2L, 0L, 0L, 0L, 0L, 12L, 0L, 0L), .Dim = c(5L, 3L
    ), .Dimnames = structure(list(c("-2", "-1", "0", "1", NA), 
        c("C", "T", NA)), .Names = c("", "")), class = "table"), 
        N = 2494L), Tag.Distribution = structure(c(`1` = 65L, 
    `2` = 38L, `3` = 28L, `4` = 22L, `5` = 27L, `6` = 20L, `7` = 16L, 
    `8` = 13L, `9` = 15L, `10` = 13L, `11` = 8L, `12` = 7L, `13` = 9L, 
    `14` = 8L, `15` = 3L, `16` = 12L, `17` = 3L, `18` = 7L, `19` = 5L, 
    `20` = 4L, `21` = 4L, `22` = 4L, `23` = 1L, `24` = 2L, `27` = 1L, 
    `29` = 3L, `31` = 1L), .Dim = 27L, .Dimnames = list(TagUsage = c("1", 
    "2", "3", "4", "5", "6", "7", "8", "9", "10", "11", "12", 
    "13", "14", "15", "16", "17", "18", "19", "20", "21", "22", 
    "23", "24", "27", "29", "31")), class = "table"), No.Tag = structure(c(0L, 
    2L, 63L, 2L, 0L, 0L, 0L, 0L, 0L, 0L, 0L, 0L, 0L, 0L, 0L), .Dim = c(5L, 
    3L), .Dimnames = structure(list(c("-2", "-1", "0", "1", NA
    ), c("C", "T", NA)), .Names = c("", "")), class = "table"), 
    All.Tags = list(Concordant = list(Freqs = structure(c(0, 
    4, 265, 1, 0, 0, 2, 0), .Dim = c(4L, 2L), .Dimnames = list(
        c("-2", "-1", "0", "1"), c("C", "T"))), N = 272), Majority = list(
        Freqs = structure(c(0, 5, 328, 2, 0, 0, 2, 0), .Dim = c(4L, 
        2L), .Dimnames = list(c("-2", "-1", "0", "1"), c("C", 
        "T"))), N = 337)), `2` = structure(c(0, 3, 269, 1, 0, 
    0, 0, 0), .Dim = c(4L, 2L), .Dimnames = list(c("-2", "-1", 
    "0", "1"), c("C", "T"))))))
