Results <-
list(`bwa.out//20220204//BlindCMMRD97_S56.sam` = list(GM29_SNP1 = list(
    All = list(Freqs = structure(c(1L, 61L, 4517L, 19L, 1L, 2L, 
    0L, 0L, 3L, 0L, 0L, 0L, 0L, 0L, 1L, 0L, 0L, 0L, 0L, 0L, 42L, 
    0L, 0L, 0L), .Dim = c(6L, 4L), .Dimnames = structure(list(
        c("-2", "-1", "0", "1", "2", NA), c("A", "G", "T", NA
        )), .Names = c("", "")), class = "table"), N = 4647L), 
    Tag.Distribution = structure(c(`1` = 83L, `2` = 46L, `3` = 46L, 
    `4` = 45L, `5` = 35L, `6` = 37L, `7` = 27L, `8` = 24L, `9` = 29L, 
    `10` = 15L, `11` = 17L, `12` = 16L, `13` = 10L, `14` = 8L, 
    `15` = 11L, `16` = 11L, `17` = 9L, `18` = 4L, `19` = 4L, 
    `20` = 5L, `21` = 5L, `22` = 8L, `23` = 5L, `24` = 4L, `25` = 3L, 
    `26` = 3L, `28` = 5L, `29` = 2L, `30` = 1L, `31` = 2L, `32` = 1L, 
    `33` = 1L, `35` = 3L, `36` = 1L, `37` = 3L, `38` = 1L, `43` = 1L, 
    `44` = 1L, `53` = 1L), .Dim = 39L, .Dimnames = list(TagUsage = c("1", 
    "2", "3", "4", "5", "6", "7", "8", "9", "10", "11", "12", 
    "13", "14", "15", "16", "17", "18", "19", "20", "21", "22", 
    "23", "24", "25", "26", "28", "29", "30", "31", "32", "33", 
    "35", "36", "37", "38", "43", "44", "53")), class = "table"), 
    No.Tag = structure(c(0L, 2L, 168L, 0L, 0L, 0L, 0L, 0L, 0L, 
    0L, 0L, 0L, 0L, 0L, 0L, 0L, 0L, 0L, 0L, 0L, 2L, 0L, 0L, 0L
    ), .Dim = c(6L, 4L), .Dimnames = structure(list(c("-2", "-1", 
    "0", "1", "2", NA), c("A", "G", "T", NA)), .Names = c("", 
    "")), class = "table"), All.Tags = list(Concordant = list(
        Freqs = structure(c(0, 1, 452, 0, 0, 0, 0, 2, 0, 0, 0, 
        0, 0, 0, 0), .Dim = c(5L, 3L), .Dimnames = list(c("-2", 
        "-1", "0", "1", "2"), c("A", "G", "T"))), N = 455), Majority = list(
        Freqs = structure(c(0, 1, 524, 0, 0, 0, 0, 2, 0, 0, 0, 
        0, 0, 0, 0), .Dim = c(5L, 3L), .Dimnames = list(c("-2", 
        "-1", "0", "1", "2"), c("A", "G", "T"))), N = 527)), 
    `2` = structure(c(0, 0, 448, 0, 0, 0, 0, 0, 0, 0, 0, 0, 0, 
    0, 0), .Dim = c(5L, 3L), .Dimnames = list(c("-2", "-1", "0", 
    "1", "2"), c("A", "G", "T"))))))
