Results <-
list(`bwa.out//20220204//BlindCMMRD79_S38.sam` = list(IM16_SNP1 = list(
    All = list(Freqs = structure(c(0L, 0L, 5L, 0L, 0L, 2L, 38L, 
    4806L, 48L, 1L, 0L, 0L, 67L, 9L, 0L), .Dim = c(5L, 3L), .Dimnames = structure(list(
        c("-2", "-1", "0", "1", "2"), c("A", "G", NA)), .Names = c("", 
    "")), class = "table"), N = 4976L), Tag.Distribution = structure(c(`1` = 127L, 
    `2` = 70L, `3` = 81L, `4` = 50L, `5` = 55L, `6` = 41L, `7` = 36L, 
    `8` = 25L, `9` = 38L, `10` = 31L, `11` = 19L, `12` = 27L, 
    `13` = 12L, `14` = 15L, `15` = 17L, `16` = 4L, `17` = 10L, 
    `18` = 3L, `19` = 7L, `20` = 10L, `21` = 5L, `22` = 6L, `23` = 3L, 
    `24` = 3L, `25` = 4L, `26` = 2L, `27` = 1L, `32` = 1L, `34` = 4L
    ), .Dim = 29L, .Dimnames = list(TagUsage = c("1", "2", "3", 
    "4", "5", "6", "7", "8", "9", "10", "11", "12", "13", "14", 
    "15", "16", "17", "18", "19", "20", "21", "22", "23", "24", 
    "25", "26", "27", "32", "34")), class = "table"), No.Tag = structure(c(0L, 
    0L, 1L, 0L, 0L, 0L, 0L, 2L, 114L, 0L, 0L, 0L, 0L, 0L, 24L, 
    0L, 0L, 0L), .Dim = c(6L, 3L), .Dimnames = structure(list(
        c("-2", "-1", "0", "1", "2", NA), c("A", "G", NA)), .Names = c("", 
    "")), class = "table"), All.Tags = list(Concordant = list(
        Freqs = structure(c(0, 0, 4, 0, 0, 0, 1, 625, 0, 0), .Dim = c(5L, 
        2L), .Dimnames = list(c("-2", "-1", "0", "1", "2"), c("A", 
        "G"))), N = 630), Majority = list(Freqs = structure(c(0, 
    0, 4, 0, 0, 0, 1, 699, 0, 0), .Dim = c(5L, 2L), .Dimnames = list(
        c("-2", "-1", "0", "1", "2"), c("A", "G"))), N = 704)), 
    `2` = structure(c(0, 0, 0, 0, 0, 0, 0, 578, 0, 0), .Dim = c(5L, 
    2L), .Dimnames = list(c("-2", "-1", "0", "1", "2"), c("A", 
    "G"))))))
