Results <-
list(`bwa.out//20220204//Control23_S16.sam` = list(LR10_SNP1 = list(
    All = list(Freqs = structure(c(0L, 1L, 31L, 0L, 0L, 2L, 44L, 
    2667L, 12L, 1L, 0L, 0L, 27L, 0L, 0L), .Dim = c(5L, 3L), .Dimnames = structure(list(
        c("-2", "-1", "0", "1", NA), c("C", "T", NA)), .Names = c("", 
    "")), class = "table"), N = 2785L), Tag.Distribution = structure(c(`1` = 82L, 
    `2` = 35L, `3` = 38L, `4` = 39L, `5` = 32L, `6` = 27L, `7` = 32L, 
    `8` = 22L, `9` = 10L, `10` = 18L, `11` = 8L, `12` = 12L, 
    `13` = 7L, `14` = 4L, `15` = 4L, `16` = 4L, `17` = 8L, `18` = 2L, 
    `19` = 5L, `20` = 4L, `21` = 9L, `22` = 2L, `23` = 1L, `24` = 1L, 
    `25` = 2L, `27` = 1L, `28` = 1L, `35` = 1L), .Dim = 28L, .Dimnames = list(
        TagUsage = c("1", "2", "3", "4", "5", "6", "7", "8", 
        "9", "10", "11", "12", "13", "14", "15", "16", "17", 
        "18", "19", "20", "21", "22", "23", "24", "25", "27", 
        "28", "35")), class = "table"), No.Tag = structure(c(0L, 
    0L, 3L, 0L, 0L, 0L, 1L, 94L, 1L, 0L, 0L, 0L, 2L, 0L, 0L), .Dim = c(5L, 
    3L), .Dimnames = structure(list(c("-2", "-1", "0", "1", NA
    ), c("C", "T", NA)), .Names = c("", "")), class = "table"), 
    All.Tags = list(Concordant = list(Freqs = structure(c(0, 
    0, 2, 0, 0, 1, 359, 1), .Dim = c(4L, 2L), .Dimnames = list(
        c("-2", "-1", "0", "1"), c("C", "T"))), N = 363), Majority = list(
        Freqs = structure(c(0, 0, 3, 0, 0, 1, 402, 1), .Dim = c(4L, 
        2L), .Dimnames = list(c("-2", "-1", "0", "1"), c("C", 
        "T"))), N = 407)), `2` = structure(c(0, 0, 1, 0, 0, 1, 
    325, 0), .Dim = c(4L, 2L), .Dimnames = list(c("-2", "-1", 
    "0", "1"), c("C", "T"))))))
