Results <-
list(`bwa.out//20220204//Control20_S13.sam` = list(GM26_SNP1 = list(
    All = list(Freqs = structure(c(4L, 1309L, 2L, 0L, 7L, 1336L, 
    1L, 3L, 0L, 40L, 1L, 0L), .Dim = 4:3, .Dimnames = structure(list(
        c("-1", "0", "1", NA), c("A", "G", NA)), .Names = c("", 
    "")), class = "table"), N = 2703L), Tag.Distribution = structure(c(`1` = 121L, 
    `2` = 43L, `3` = 31L, `4` = 33L, `5` = 23L, `6` = 28L, `7` = 18L, 
    `8` = 19L, `9` = 14L, `10` = 14L, `11` = 6L, `12` = 7L, `13` = 6L, 
    `14` = 5L, `15` = 6L, `16` = 6L, `17` = 5L, `18` = 5L, `19` = 4L, 
    `20` = 6L, `21` = 1L, `22` = 5L, `23` = 2L, `24` = 3L, `25` = 1L, 
    `26` = 2L, `28` = 1L, `29` = 1L, `30` = 2L, `35` = 2L, `60` = 1L
    ), .Dim = 31L, .Dimnames = list(TagUsage = c("1", "2", "3", 
    "4", "5", "6", "7", "8", "9", "10", "11", "12", "13", "14", 
    "15", "16", "17", "18", "19", "20", "21", "22", "23", "24", 
    "25", "26", "28", "29", "30", "35", "60")), class = "table"), 
    No.Tag = structure(c(0L, 5L, 0L, 0L, 0L, 9L, 0L, 1L, 0L, 
    1L, 0L, 0L), .Dim = 4:3, .Dimnames = structure(list(c("-1", 
    "0", "1", NA), c("A", "G", NA)), .Names = c("", "")), class = "table"), 
    All.Tags = list(Concordant = list(Freqs = structure(c(0, 
    192, 0, 0, 192, 0), .Dim = 3:2, .Dimnames = list(c("-1", 
    "0", "1"), c("A", "G"))), N = 384), Majority = list(Freqs = structure(c(0, 
    203, 0, 0, 206, 0), .Dim = 3:2, .Dimnames = list(c("-1", 
    "0", "1"), c("A", "G"))), N = 409)), `2` = structure(c(0, 
    148, 0, 0, 150, 0), .Dim = 3:2, .Dimnames = list(c("-1", 
    "0", "1"), c("A", "G"))))))
