Results <-
list(`bwa.out//20220204//BlindCMMRD47_S7.sam` = list(LR48_SNP1 = list(
    All = list(Freqs = structure(c(3L, 90L, 3745L, 51L, 2L, 23L, 
    0L, 0L, 9L, 0L, 0L, 0L, 0L, 0L, 70L, 0L, 0L, 0L), .Dim = c(6L, 
    3L), .Dimnames = structure(list(c("-2", "-1", "0", "1", "2", 
    NA), c("C", "T", NA)), .Names = c("", "")), class = "table"), 
        N = 3993L), Tag.Distribution = structure(c(`1` = 79L, 
    `2` = 11L, `3` = 12L, `4` = 9L, `5` = 8L, `6` = 8L, `7` = 7L, 
    `8` = 9L, `9` = 4L, `10` = 7L, `11` = 11L, `12` = 6L, `13` = 5L, 
    `14` = 3L, `15` = 8L, `16` = 5L, `17` = 7L, `18` = 3L, `19` = 1L, 
    `20` = 3L, `21` = 6L, `22` = 2L, `23` = 5L, `24` = 1L, `26` = 2L, 
    `27` = 2L, `28` = 1L, `29` = 5L, `30` = 1L, `31` = 1L, `32` = 4L, 
    `33` = 1L, `36` = 1L, `37` = 3L, `38` = 1L, `39` = 1L, `40` = 2L, 
    `41` = 3L, `42` = 3L, `43` = 2L, `44` = 3L, `45` = 1L, `47` = 1L, 
    `48` = 1L, `49` = 2L, `51` = 2L, `54` = 3L, `56` = 1L, `59` = 1L, 
    `60` = 1L, `61` = 1L, `62` = 2L, `66` = 1L, `69` = 1L, `80` = 1L
    ), .Dim = 55L, .Dimnames = list(TagUsage = c("1", "2", "3", 
    "4", "5", "6", "7", "8", "9", "10", "11", "12", "13", "14", 
    "15", "16", "17", "18", "19", "20", "21", "22", "23", "24", 
    "26", "27", "28", "29", "30", "31", "32", "33", "36", "37", 
    "38", "39", "40", "41", "42", "43", "44", "45", "47", "48", 
    "49", "51", "54", "56", "59", "60", "61", "62", "66", "69", 
    "80")), class = "table"), No.Tag = structure(c(0L, 4L, 83L, 
    1L, 0L, 0L, 0L, 0L, 0L, 0L, 0L, 0L, 0L, 0L, 7L, 0L, 0L, 0L
    ), .Dim = c(6L, 3L), .Dimnames = structure(list(c("-2", "-1", 
    "0", "1", "2", NA), c("C", "T", NA)), .Names = c("", "")), class = "table"), 
    All.Tags = list(Concordant = list(Freqs = structure(c(0, 
    0, 175, 2, 0, 0, 0, 8, 0, 0), .Dim = c(5L, 2L), .Dimnames = list(
        c("-2", "-1", "0", "1", "2"), c("C", "T"))), N = 185), 
        Majority = list(Freqs = structure(c(0, 0, 254, 2, 0, 
        0, 0, 8, 0, 0), .Dim = c(5L, 2L), .Dimnames = list(c("-2", 
        "-1", "0", "1", "2"), c("C", "T"))), N = 264)), `2` = structure(c(0, 
    0, 192, 1, 0, 0, 0, 1, 0, 0), .Dim = c(5L, 2L), .Dimnames = list(
        c("-2", "-1", "0", "1", "2"), c("C", "T"))))))
