Results <-
list(`bwa.out//20220204//BlindCMMRD94_S53.sam` = list(LR10_SNP1 = list(
    All = list(Freqs = structure(c(0L, 0L, 6L, 0L, 0L, 1L, 66L, 
    3940L, 18L, 2L, 0L, 0L, 33L, 1L, 0L), .Dim = c(5L, 3L), .Dimnames = structure(list(
        c("-2", "-1", "0", "1", NA), c("C", "T", NA)), .Names = c("", 
    "")), class = "table"), N = 4067L), Tag.Distribution = structure(c(`1` = 102L, 
    `2` = 56L, `3` = 43L, `4` = 42L, `5` = 48L, `6` = 31L, `7` = 34L, 
    `8` = 21L, `9` = 24L, `10` = 22L, `11` = 16L, `12` = 14L, 
    `13` = 8L, `14` = 9L, `15` = 10L, `16` = 13L, `17` = 11L, 
    `18` = 7L, `19` = 4L, `20` = 5L, `21` = 7L, `22` = 6L, `23` = 4L, 
    `24` = 6L, `25` = 4L, `26` = 1L, `27` = 2L, `28` = 2L, `31` = 1L
    ), .Dim = 29L, .Dimnames = list(TagUsage = c("1", "2", "3", 
    "4", "5", "6", "7", "8", "9", "10", "11", "12", "13", "14", 
    "15", "16", "17", "18", "19", "20", "21", "22", "23", "24", 
    "25", "26", "27", "28", "31")), class = "table"), No.Tag = structure(c(0L, 
    0L, 0L, 0L, 0L, 0L, 0L, 80L, 0L, 0L, 0L, 0L, 5L, 0L, 0L), .Dim = c(5L, 
    3L), .Dimnames = structure(list(c("-2", "-1", "0", "1", NA
    ), c("C", "T", NA)), .Names = c("", "")), class = "table"), 
    All.Tags = list(Concordant = list(Freqs = structure(c(0, 
    0, 6, 0, 0, 4, 482, 1), .Dim = c(4L, 2L), .Dimnames = list(
        c("-2", "-1", "0", "1"), c("C", "T"))), N = 493), Majority = list(
        Freqs = structure(c(0, 0, 6, 0, 0, 4, 537, 1), .Dim = c(4L, 
        2L), .Dimnames = list(c("-2", "-1", "0", "1"), c("C", 
        "T"))), N = 548)), `2` = structure(c(0, 0, 0, 0, 0, 2, 
    448, 0), .Dim = c(4L, 2L), .Dimnames = list(c("-2", "-1", 
    "0", "1"), c("C", "T"))))))
