Results <-
list(`bwa.out//20220204//BlindCMMRD44_S4.sam` = list(LR48_SNP1 = list(
    All = list(Freqs = structure(c(1L, 30L, 1729L, 12L, 6L, 1L, 
    70L, 2251L, 22L, 6L, 0L, 0L, 92L, 0L, 0L), .Dim = c(5L, 3L
    ), .Dimnames = structure(list(c("-2", "-1", "0", "1", NA), 
        c("C", "T", NA)), .Names = c("", "")), class = "table"), 
        N = 4220L), Tag.Distribution = structure(c(`1` = 68L, 
    `2` = 10L, `3` = 17L, `4` = 8L, `5` = 13L, `6` = 7L, `7` = 10L, 
    `8` = 6L, `9` = 11L, `10` = 12L, `11` = 9L, `12` = 7L, `13` = 9L, 
    `14` = 3L, `15` = 12L, `16` = 6L, `17` = 7L, `18` = 4L, `19` = 5L, 
    `20` = 8L, `21` = 2L, `22` = 5L, `23` = 2L, `24` = 5L, `25` = 3L, 
    `26` = 2L, `27` = 4L, `28` = 2L, `29` = 2L, `30` = 4L, `32` = 1L, 
    `33` = 4L, `34` = 1L, `35` = 2L, `36` = 3L, `37` = 2L, `38` = 1L, 
    `39` = 3L, `40` = 1L, `41` = 3L, `42` = 1L, `44` = 3L, `45` = 4L, 
    `47` = 1L, `48` = 1L, `49` = 2L, `53` = 1L, `54` = 1L, `61` = 1L, 
    `64` = 1L, `79` = 2L), .Dim = 51L, .Dimnames = list(TagUsage = c("1", 
    "2", "3", "4", "5", "6", "7", "8", "9", "10", "11", "12", 
    "13", "14", "15", "16", "17", "18", "19", "20", "21", "22", 
    "23", "24", "25", "26", "27", "28", "29", "30", "32", "33", 
    "34", "35", "36", "37", "38", "39", "40", "41", "42", "44", 
    "45", "47", "48", "49", "53", "54", "61", "64", "79")), class = "table"), 
    No.Tag = structure(c(0L, 2L, 29L, 0L, 0L, 0L, 0L, 13L, 0L, 
    0L, 0L, 0L, 5L, 0L, 0L), .Dim = c(5L, 3L), .Dimnames = structure(list(
        c("-2", "-1", "0", "1", NA), c("C", "T", NA)), .Names = c("", 
    "")), class = "table"), All.Tags = list(Concordant = list(
        Freqs = structure(c(0, 2, 101, 0, 0, 0, 95, 0), .Dim = c(4L, 
        2L), .Dimnames = list(c("-2", "-1", "0", "1"), c("C", 
        "T"))), N = 198), Majority = list(Freqs = structure(c(0, 
    2, 130, 0, 0, 0, 158, 0), .Dim = c(4L, 2L), .Dimnames = list(
        c("-2", "-1", "0", "1"), c("C", "T"))), N = 290)), `2` = structure(c(0, 
    0, 101, 0, 0, 0, 133, 0), .Dim = c(4L, 2L), .Dimnames = list(
        c("-2", "-1", "0", "1"), c("C", "T"))))))
