Results <-
list(`bwa.out//20220204//BlindCMMRD66_S25.sam` = list(DEPDC2_SNP1 = list(
    All = list(Freqs = structure(c(0L, 0L, 17L, 2328L, 15L, 6L, 
    1L, 1L, 13L, 2589L, 9L, 18L, 0L, 0L, 0L, 45L, 0L, 0L), .Dim = c(6L, 
    3L), .Dimnames = structure(list(c("-3", "-2", "-1", "0", 
    "1", NA), c("C", "T", NA)), .Names = c("", "")), class = "table"), 
        N = 5042L), Tag.Distribution = structure(c(`1` = 167L, 
    `2` = 85L, `3` = 82L, `4` = 85L, `5` = 49L, `6` = 42L, `7` = 45L, 
    `8` = 38L, `9` = 34L, `10` = 19L, `11` = 25L, `12` = 15L, 
    `13` = 22L, `14` = 18L, `15` = 17L, `16` = 11L, `17` = 6L, 
    `18` = 11L, `19` = 3L, `20` = 4L, `21` = 3L, `22` = 3L, `23` = 6L, 
    `24` = 3L, `25` = 2L, `26` = 1L, `28` = 2L, `31` = 1L, `35` = 1L
    ), .Dim = 29L, .Dimnames = list(TagUsage = c("1", "2", "3", 
    "4", "5", "6", "7", "8", "9", "10", "11", "12", "13", "14", 
    "15", "16", "17", "18", "19", "20", "21", "22", "23", "24", 
    "25", "26", "28", "31", "35")), class = "table"), No.Tag = structure(c(0L, 
    0L, 0L, 48L, 0L, 0L, 0L, 0L, 1L, 53L, 0L, 1L, 0L, 0L, 0L, 
    6L, 0L, 0L), .Dim = c(6L, 3L), .Dimnames = structure(list(
        c("-3", "-2", "-1", "0", "1", NA), c("C", "T", NA)), .Names = c("", 
    "")), class = "table"), All.Tags = list(Concordant = list(
        Freqs = structure(c(0, 0, 1, 351, 3, 0, 0, 1, 357, 1), .Dim = c(5L, 
        2L), .Dimnames = list(c("-3", "-2", "-1", "0", "1"), 
            c("C", "T"))), N = 714), Majority = list(Freqs = structure(c(0, 
    0, 1, 389, 3, 0, 0, 1, 396, 1), .Dim = c(5L, 2L), .Dimnames = list(
        c("-3", "-2", "-1", "0", "1"), c("C", "T"))), N = 791)), 
    `2` = structure(c(0, 0, 1, 312, 1, 0, 0, 0, 313, 0), .Dim = c(5L, 
    2L), .Dimnames = list(c("-3", "-2", "-1", "0", "1"), c("C", 
    "T"))))))
