Results <-
list(`bwa.out//20220204//BlindCMMRD58_S17.sam` = list(LR24_SNP1 = list(
    All = list(Freqs = structure(c(98L, 6869L, 19L, 12L, 1L, 
    22L, 0L, 0L, 0L, 41L, 0L, 0L), .Dim = 4:3, .Dimnames = structure(list(
        c("-1", "0", "1", NA), c("A", "G", NA)), .Names = c("", 
    "")), class = "table"), N = 7062L), Tag.Distribution = structure(c(`1` = 139L, 
    `2` = 49L, `3` = 29L, `4` = 28L, `5` = 32L, `6` = 35L, `7` = 25L, 
    `8` = 25L, `9` = 22L, `10` = 13L, `11` = 27L, `12` = 20L, 
    `13` = 19L, `14` = 15L, `15` = 18L, `16` = 11L, `17` = 13L, 
    `18` = 14L, `19` = 15L, `20` = 9L, `21` = 13L, `22` = 4L, 
    `23` = 10L, `24` = 4L, `25` = 5L, `26` = 6L, `27` = 2L, `28` = 3L, 
    `29` = 3L, `30` = 7L, `31` = 1L, `32` = 3L, `34` = 3L, `35` = 2L, 
    `36` = 2L, `37` = 2L, `38` = 2L, `39` = 2L, `40` = 1L, `41` = 2L, 
    `43` = 4L, `44` = 1L, `45` = 1L, `47` = 2L, `48` = 2L, `49` = 1L, 
    `50` = 1L, `51` = 1L, `52` = 1L, `53` = 1L, `73` = 1L, `77` = 1L
    ), .Dim = 52L, .Dimnames = list(TagUsage = c("1", "2", "3", 
    "4", "5", "6", "7", "8", "9", "10", "11", "12", "13", "14", 
    "15", "16", "17", "18", "19", "20", "21", "22", "23", "24", 
    "25", "26", "27", "28", "29", "30", "31", "32", "34", "35", 
    "36", "37", "38", "39", "40", "41", "43", "44", "45", "47", 
    "48", "49", "50", "51", "52", "53", "73", "77")), class = "table"), 
    No.Tag = structure(c(1L, 185L, 1L, 2L, 0L, 1L, 0L, 0L, 0L, 
    5L, 0L, 0L), .Dim = 4:3, .Dimnames = structure(list(c("-1", 
    "0", "1", NA), c("A", "G", NA)), .Names = c("", "")), class = "table"), 
    All.Tags = list(Concordant = list(Freqs = structure(c(5, 
    580, 0, 0, 17, 0), .Dim = 3:2, .Dimnames = list(c("-1", "0", 
    "1"), c("A", "G"))), N = 602), Majority = list(Freqs = structure(c(7, 
    618, 0, 0, 17, 0), .Dim = 3:2, .Dimnames = list(c("-1", "0", 
    "1"), c("A", "G"))), N = 642)), `2` = structure(c(7, 505, 
    0, 0, 0, 0), .Dim = 3:2, .Dimnames = list(c("-1", "0", "1"
    ), c("A", "G"))))))
