Results <-
list(`bwa.out//20220204//BlindCMMRD58_S17.sam` = list(IM16_SNP1 = list(
    All = list(Freqs = structure(c(48L, 2947L, 35L, 0L, 1L, 35L, 
    3052L, 38L, 2L, 3L, 1L, 69L, 2L, 0L, 0L), .Dim = c(5L, 3L
    ), .Dimnames = structure(list(c("-1", "0", "1", "2", NA), 
        c("A", "G", NA)), .Names = c("", "")), class = "table"), 
        N = 6233L), Tag.Distribution = structure(c(`1` = 100L, 
    `2` = 21L, `3` = 15L, `4` = 15L, `5` = 16L, `6` = 16L, `7` = 13L, 
    `8` = 5L, `9` = 6L, `10` = 9L, `11` = 10L, `12` = 11L, `13` = 10L, 
    `14` = 7L, `15` = 6L, `16` = 9L, `17` = 8L, `18` = 5L, `19` = 3L, 
    `20` = 1L, `21` = 7L, `22` = 8L, `23` = 3L, `24` = 5L, `25` = 1L, 
    `26` = 2L, `27` = 2L, `28` = 4L, `29` = 4L, `30` = 4L, `31` = 1L, 
    `32` = 3L, `33` = 1L, `34` = 2L, `35` = 5L, `36` = 3L, `37` = 1L, 
    `39` = 3L, `40` = 6L, `41` = 4L, `42` = 2L, `43` = 1L, `44` = 3L, 
    `45` = 1L, `47` = 1L, `49` = 1L, `50` = 2L, `51` = 1L, `52` = 1L, 
    `53` = 2L, `55` = 1L, `56` = 2L, `57` = 1L, `58` = 1L, `60` = 1L, 
    `61` = 1L, `62` = 3L, `63` = 3L, `64` = 1L, `65` = 1L, `66` = 2L, 
    `68` = 1L, `71` = 2L, `75` = 1L, `76` = 1L, `79` = 1L, `85` = 1L
    ), .Dim = 67L, .Dimnames = list(TagUsage = c("1", "2", "3", 
    "4", "5", "6", "7", "8", "9", "10", "11", "12", "13", "14", 
    "15", "16", "17", "18", "19", "20", "21", "22", "23", "24", 
    "25", "26", "27", "28", "29", "30", "31", "32", "33", "34", 
    "35", "36", "37", "39", "40", "41", "42", "43", "44", "45", 
    "47", "49", "50", "51", "52", "53", "55", "56", "57", "58", 
    "60", "61", "62", "63", "64", "65", "66", "68", "71", "75", 
    "76", "79", "85")), class = "table"), No.Tag = structure(c(1L, 
    64L, 2L, 0L, 0L, 2L, 115L, 1L, 0L, 1L, 0L, 9L, 0L, 0L, 0L
    ), .Dim = c(5L, 3L), .Dimnames = structure(list(c("-1", "0", 
    "1", "2", NA), c("A", "G", NA)), .Names = c("", "")), class = "table"), 
    All.Tags = list(Concordant = list(Freqs = structure(c(0, 
    132, 0, 0, 2, 154, 3, 0), .Dim = c(4L, 2L), .Dimnames = list(
        c("-1", "0", "1", "2"), c("A", "G"))), N = 291), Majority = list(
        Freqs = structure(c(1, 180, 0, 0, 2, 197, 3, 0), .Dim = c(4L, 
        2L), .Dimnames = list(c("-1", "0", "1", "2"), c("A", 
        "G"))), N = 383)), `2` = structure(c(1, 143, 0, 0, 1, 
    147, 1, 0), .Dim = c(4L, 2L), .Dimnames = list(c("-1", "0", 
    "1", "2"), c("A", "G"))))))
