Results <-
list(`bwa.out//20220204//MLPA79_S11.sam` = list(LR44_SNP1 = list(
    All = list(Freqs = structure(c(0L, 6L, 134L, 2176L, 38L, 
    14L, 0L, 3L, 180L, 2093L, 49L, 14L, 1L, 0L, 5L, 67L, 0L, 
    0L), .Dim = c(6L, 3L), .Dimnames = structure(list(c("-4", 
    "-2", "-1", "0", "1", NA), c("C", "T", NA)), .Names = c("", 
    "")), class = "table"), N = 4780L), Tag.Distribution = structure(c(`1` = 163L, 
    `2` = 79L, `3` = 82L, `4` = 73L, `5` = 43L, `6` = 39L, `7` = 32L, 
    `8` = 32L, `9` = 31L, `10` = 24L, `11` = 19L, `12` = 20L, 
    `13` = 16L, `14` = 13L, `15` = 9L, `16` = 9L, `17` = 4L, 
    `18` = 5L, `19` = 9L, `20` = 4L, `21` = 4L, `23` = 3L, `24` = 2L, 
    `25` = 7L, `26` = 4L, `27` = 2L, `29` = 2L, `31` = 1L, `32` = 2L, 
    `37` = 1L, `38` = 2L, `55` = 1L), .Dim = 32L, .Dimnames = list(
        TagUsage = c("1", "2", "3", "4", "5", "6", "7", "8", 
        "9", "10", "11", "12", "13", "14", "15", "16", "17", 
        "18", "19", "20", "21", "23", "24", "25", "26", "27", 
        "29", "31", "32", "37", "38", "55")), class = "table"), 
    No.Tag = structure(c(0L, 2L, 3L, 56L, 3L, 1L, 0L, 0L, 2L, 
    17L, 0L, 1L, 0L, 0L, 0L, 6L, 0L, 0L), .Dim = c(6L, 3L), .Dimnames = structure(list(
        c("-4", "-2", "-1", "0", "1", NA), c("C", "T", NA)), .Names = c("", 
    "")), class = "table"), All.Tags = list(Concordant = list(
        Freqs = structure(c(0, 1, 8, 238, 2, 0, 1, 8, 216, 1), .Dim = c(5L, 
        2L), .Dimnames = list(c("-4", "-2", "-1", "0", "1"), 
            c("C", "T"))), N = 475), Majority = list(Freqs = structure(c(0, 
    1, 9, 355, 2, 0, 1, 11, 333, 3), .Dim = c(5L, 2L), .Dimnames = list(
        c("-4", "-2", "-1", "0", "1"), c("C", "T"))), N = 715)), 
    `2` = structure(c(0, 0, 2, 281, 0, 0, 0, 4, 268, 3), .Dim = c(5L, 
    2L), .Dimnames = list(c("-4", "-2", "-1", "0", "1"), c("C", 
    "T"))))))
