Results <-
list(`bwa.out//20220204//Control22_S15.sam` = list(LR48_SNP1 = list(
    All = list(Freqs = structure(c(3L, 41L, 1664L, 29L, 12L, 
    0L, 0L, 1L, 0L, 0L, 0L, 0L, 26L, 0L, 0L), .Dim = c(5L, 3L
    ), .Dimnames = structure(list(c("-2", "-1", "0", "1", NA), 
        c("C", "T", NA)), .Names = c("", "")), class = "table"), 
        N = 1776L), Tag.Distribution = structure(c(`1` = 55L, 
    `2` = 18L, `3` = 17L, `4` = 19L, `5` = 6L, `6` = 17L, `7` = 14L, 
    `8` = 9L, `9` = 12L, `10` = 11L, `11` = 5L, `12` = 10L, `13` = 2L, 
    `14` = 7L, `15` = 6L, `16` = 3L, `17` = 2L, `18` = 4L, `20` = 7L, 
    `21` = 4L, `22` = 2L, `23` = 1L, `24` = 2L, `25` = 1L, `30` = 1L, 
    `31` = 1L, `33` = 1L), .Dim = 27L, .Dimnames = list(TagUsage = c("1", 
    "2", "3", "4", "5", "6", "7", "8", "9", "10", "11", "12", 
    "13", "14", "15", "16", "17", "18", "20", "21", "22", "23", 
    "24", "25", "30", "31", "33")), class = "table"), No.Tag = structure(c(0L, 
    1L, 34L, 0L, 0L, 0L, 0L, 0L, 0L, 0L, 0L, 0L, 2L, 0L, 0L), .Dim = c(5L, 
    3L), .Dimnames = structure(list(c("-2", "-1", "0", "1", NA
    ), c("C", "T", NA)), .Names = c("", "")), class = "table"), 
    All.Tags = list(Concordant = list(Freqs = structure(c(0, 
    0, 177, 2, 0, 0, 1, 0), .Dim = c(4L, 2L), .Dimnames = list(
        c("-2", "-1", "0", "1"), c("C", "T"))), N = 180), Majority = list(
        Freqs = structure(c(0, 0, 227, 2, 0, 0, 1, 0), .Dim = c(4L, 
        2L), .Dimnames = list(c("-2", "-1", "0", "1"), c("C", 
        "T"))), N = 230)), `2` = structure(c(0, 0, 177, 0, 0, 
    0, 0, 0), .Dim = c(4L, 2L), .Dimnames = list(c("-2", "-1", 
    "0", "1"), c("C", "T"))))))
