Results <-
list(`bwa.out//20220204//MLPA79_S11.sam` = list(GM17_SNP1 = list(
    All = list(Freqs = structure(c(59L, 3917L, 13L, 1L, 5L, 0L, 
    2L, 0L, 0L, 0L, 0L, 14L, 0L, 0L, 0L), .Dim = c(5L, 3L), .Dimnames = structure(list(
        c("-1", "0", "1", "2", NA), c("C", "T", NA)), .Names = c("", 
    "")), class = "table"), N = 4011L), Tag.Distribution = structure(c(`1` = 143L, 
    `2` = 74L, `3` = 48L, `4` = 47L, `5` = 39L, `6` = 38L, `7` = 27L, 
    `8` = 21L, `9` = 25L, `10` = 19L, `11` = 16L, `12` = 13L, 
    `13` = 7L, `14` = 8L, `15` = 5L, `16` = 7L, `17` = 6L, `18` = 6L, 
    `19` = 5L, `20` = 6L, `21` = 5L, `22` = 4L, `23` = 8L, `24` = 2L, 
    `25` = 1L, `26` = 3L, `27` = 2L, `28` = 1L, `29` = 2L, `31` = 1L, 
    `32` = 1L, `33` = 1L, `34` = 1L, `35` = 2L, `36` = 2L, `46` = 1L
    ), .Dim = 36L, .Dimnames = list(TagUsage = c("1", "2", "3", 
    "4", "5", "6", "7", "8", "9", "10", "11", "12", "13", "14", 
    "15", "16", "17", "18", "19", "20", "21", "22", "23", "24", 
    "25", "26", "27", "28", "29", "31", "32", "33", "34", "35", 
    "36", "46")), class = "table"), No.Tag = structure(c(1L, 
    58L, 0L, 0L, 0L, 0L, 0L, 0L, 0L, 0L, 0L, 1L, 0L, 0L, 0L), .Dim = c(5L, 
    3L), .Dimnames = structure(list(c("-1", "0", "1", "2", NA
    ), c("C", "T", NA)), .Names = c("", "")), class = "table"), 
    All.Tags = list(Concordant = list(Freqs = structure(c(5, 
    530, 1, 0, 0, 2, 0, 0), .Dim = c(4L, 2L), .Dimnames = list(
        c("-1", "0", "1", "2"), c("C", "T"))), N = 538), Majority = list(
        Freqs = structure(c(5, 581, 1, 0, 0, 2, 0, 0), .Dim = c(4L, 
        2L), .Dimnames = list(c("-1", "0", "1", "2"), c("C", 
        "T"))), N = 589)), `2` = structure(c(1, 450, 0, 0, 0, 
    0, 0, 0), .Dim = c(4L, 2L), .Dimnames = list(c("-1", "0", 
    "1", "2"), c("C", "T"))))))
