Results <-
list(`bwa.out//20220204//BlindCMMRD131_S57.sam` = list(GM26_SNP1 = list(
    All = list(Freqs = structure(c(2L, 53L, 6080L, 18L, 1L, 11L, 
    0L, 0L, 1L, 0L, 0L, 0L, 0L, 2L, 52L, 0L, 0L, 0L), .Dim = c(6L, 
    3L), .Dimnames = structure(list(c("-2", "-1", "0", "1", "2", 
    NA), c("A", "G", NA)), .Names = c("", "")), class = "table"), 
        N = 6220L), Tag.Distribution = structure(c(`1` = 203L, 
    `2` = 183L, `3` = 158L, `4` = 144L, `5` = 102L, `6` = 87L, 
    `7` = 81L, `8` = 65L, `9` = 50L, `10` = 41L, `11` = 21L, 
    `12` = 25L, `13` = 10L, `14` = 12L, `15` = 7L, `16` = 10L, 
    `17` = 4L, `18` = 4L, `19` = 3L, `20` = 2L, `23` = 1L, `24` = 1L, 
    `25` = 1L, `30` = 1L, `32` = 1L, `44` = 1L), .Dim = 26L, .Dimnames = list(
        TagUsage = c("1", "2", "3", "4", "5", "6", "7", "8", 
        "9", "10", "11", "12", "13", "14", "15", "16", "17", 
        "18", "19", "20", "23", "24", "25", "30", "32", "44")), class = "table"), 
    No.Tag = structure(c(0L, 2L, 106L, 0L, 0L, 0L, 0L, 0L, 0L, 
    0L, 0L, 0L, 0L, 0L, 5L, 0L, 0L, 0L), .Dim = c(6L, 3L), .Dimnames = structure(list(
        c("-2", "-1", "0", "1", "2", NA), c("A", "G", NA)), .Names = c("", 
    "")), class = "table"), All.Tags = list(Concordant = list(
        Freqs = structure(c(0, 2, 1148, 0, 0, 0, 0, 0, 0, 0), .Dim = c(5L, 
        2L), .Dimnames = list(c("-2", "-1", "0", "1", "2"), c("A", 
        "G"))), N = 1150), Majority = list(Freqs = structure(c(0, 
    3, 1204, 0, 0, 0, 0, 0, 0, 0), .Dim = c(5L, 2L), .Dimnames = list(
        c("-2", "-1", "0", "1", "2"), c("A", "G"))), N = 1207)), 
    `2` = structure(c(0, 2, 1011, 0, 0, 0, 0, 0, 0, 0), .Dim = c(5L, 
    2L), .Dimnames = list(c("-2", "-1", "0", "1", "2"), c("A", 
    "G"))))))
