Results <-
list(`bwa.out//20220204//MLPA03_S10.sam` = list(LR10_SNP1 = list(
    All = list(Freqs = structure(c(1L, 1L, 0L, 0L, 60L, 3674L, 
    15L, 2L, 0L, 61L, 0L, 0L), .Dim = 4:3, .Dimnames = structure(list(
        c("-1", "0", "1", NA), c("C", "T", NA)), .Names = c("", 
    "")), class = "table"), N = 3814L), Tag.Distribution = structure(c(`1` = 93L, 
    `2` = 41L, `3` = 29L, `4` = 26L, `5` = 37L, `6` = 16L, `7` = 18L, 
    `8` = 13L, `9` = 8L, `10` = 12L, `11` = 11L, `12` = 21L, 
    `13` = 10L, `14` = 6L, `15` = 6L, `16` = 4L, `17` = 9L, `18` = 5L, 
    `19` = 10L, `20` = 4L, `21` = 4L, `22` = 4L, `23` = 3L, `24` = 3L, 
    `25` = 2L, `27` = 2L, `29` = 2L, `30` = 3L, `31` = 2L, `32` = 1L, 
    `33` = 3L, `34` = 3L, `35` = 3L, `36` = 3L, `37` = 1L, `41` = 2L, 
    `42` = 1L, `45` = 1L, `56` = 1L), .Dim = 39L, .Dimnames = list(
        TagUsage = c("1", "2", "3", "4", "5", "6", "7", "8", 
        "9", "10", "11", "12", "13", "14", "15", "16", "17", 
        "18", "19", "20", "21", "22", "23", "24", "25", "27", 
        "29", "30", "31", "32", "33", "34", "35", "36", "37", 
        "41", "42", "45", "56")), class = "table"), No.Tag = structure(c(0L, 
    0L, 0L, 0L, 0L, 147L, 0L, 0L, 0L, 9L, 0L, 0L), .Dim = 4:3, .Dimnames = structure(list(
        c("-1", "0", "1", NA), c("C", "T", NA)), .Names = c("", 
    "")), class = "table"), All.Tags = list(Concordant = list(
        Freqs = structure(c(1, 1, 0, 0, 359, 0), .Dim = 3:2, .Dimnames = list(
            c("-1", "0", "1"), c("C", "T"))), N = 361), Majority = list(
        Freqs = structure(c(1, 1, 0, 2, 414, 0), .Dim = 3:2, .Dimnames = list(
            c("-1", "0", "1"), c("C", "T"))), N = 418)), `2` = structure(c(0, 
    0, 0, 2, 326, 0), .Dim = 3:2, .Dimnames = list(c("-1", "0", 
    "1"), c("C", "T"))))))
