Results <-
list(`bwa.out//20220204//BlindCMMRD51_S11.sam` = list(GM01_SNP1 = list(
    All = list(Freqs = structure(c(1L, 105L, 5853L, 35L, 1L, 
    8L, 0L, 0L, 9L, 0L, 0L, 0L, 0L, 2L, 73L, 0L, 0L, 0L), .Dim = c(6L, 
    3L), .Dimnames = structure(list(c("-2", "-1", "0", "1", "2", 
    NA), c("A", "G", NA)), .Names = c("", "")), class = "table"), 
        N = 6087L), Tag.Distribution = structure(c(`1` = 106L, 
    `2` = 33L, `3` = 26L, `4` = 20L, `5` = 19L, `6` = 26L, `7` = 20L, 
    `8` = 19L, `9` = 26L, `10` = 21L, `11` = 19L, `12` = 11L, 
    `13` = 13L, `14` = 13L, `15` = 19L, `16` = 11L, `17` = 6L, 
    `18` = 10L, `19` = 4L, `20` = 10L, `21` = 7L, `22` = 5L, 
    `23` = 9L, `24` = 3L, `25` = 9L, `26` = 3L, `27` = 12L, `28` = 4L, 
    `29` = 8L, `30` = 4L, `31` = 3L, `32` = 5L, `33` = 7L, `34` = 4L, 
    `35` = 2L, `36` = 1L, `37` = 2L, `38` = 2L, `39` = 1L, `40` = 2L, 
    `41` = 1L, `42` = 3L, `44` = 1L, `49` = 1L, `63` = 1L), .Dim = 45L, .Dimnames = list(
        TagUsage = c("1", "2", "3", "4", "5", "6", "7", "8", 
        "9", "10", "11", "12", "13", "14", "15", "16", "17", 
        "18", "19", "20", "21", "22", "23", "24", "25", "26", 
        "27", "28", "29", "30", "31", "32", "33", "34", "35", 
        "36", "37", "38", "39", "40", "41", "42", "44", "49", 
        "63")), class = "table"), No.Tag = structure(c(0L, 0L, 
    107L, 1L, 0L, 0L, 0L, 0L, 0L, 0L, 0L, 0L, 0L, 0L, 6L, 0L, 
    0L, 0L), .Dim = c(6L, 3L), .Dimnames = structure(list(c("-2", 
    "-1", "0", "1", "2", NA), c("A", "G", NA)), .Names = c("", 
    "")), class = "table"), All.Tags = list(Concordant = list(
        Freqs = structure(c(0, 6, 452, 0, 0, 0, 0, 7, 0, 0), .Dim = c(5L, 
        2L), .Dimnames = list(c("-2", "-1", "0", "1", "2"), c("A", 
        "G"))), N = 465), Majority = list(Freqs = structure(c(0, 
    6, 511, 1, 0, 0, 0, 7, 0, 0), .Dim = c(5L, 2L), .Dimnames = list(
        c("-2", "-1", "0", "1", "2"), c("A", "G"))), N = 525)), 
    `2` = structure(c(0, 4, 420, 1, 0, 0, 0, 0, 0, 0), .Dim = c(5L, 
    2L), .Dimnames = list(c("-2", "-1", "0", "1", "2"), c("A", 
    "G"))))))
