Results <-
list(`bwa.out//20220204//BlindCMMRD86_S45.sam` = list(LR52_SNP1 = list(
    All = list(Freqs = structure(c(0L, 20L, 190L, 1271L, 17L, 
    30L, 2L, 7L, 151L, 1745L, 13L, 15L, 0L, 3L, 9L, 537L, 2L, 
    0L), .Dim = c(6L, 3L), .Dimnames = structure(list(c("-3", 
    "-2", "-1", "0", "1", NA), c("C", "T", NA)), .Names = c("", 
    "")), class = "table"), N = 4012L), Tag.Distribution = structure(c(`1` = 150L, 
    `2` = 86L, `3` = 60L, `4` = 57L, `5` = 49L, `6` = 46L, `7` = 28L, 
    `8` = 32L, `9` = 30L, `10` = 30L, `11` = 18L, `12` = 12L, 
    `13` = 14L, `14` = 12L, `15` = 8L, `16` = 13L, `17` = 10L, 
    `18` = 5L, `19` = 6L, `20` = 4L, `21` = 3L, `22` = 3L, `23` = 2L, 
    `31` = 1L), .Dim = 24L, .Dimnames = list(TagUsage = c("1", 
    "2", "3", "4", "5", "6", "7", "8", "9", "10", "11", "12", 
    "13", "14", "15", "16", "17", "18", "19", "20", "21", "22", 
    "23", "31")), class = "table"), No.Tag = structure(c(0L, 
    0L, 4L, 23L, 1L, 0L, 0L, 0L, 0L, 20L, 0L, 0L, 0L, 0L, 0L, 
    11L, 0L, 0L), .Dim = c(6L, 3L), .Dimnames = structure(list(
        c("-3", "-2", "-1", "0", "1", NA), c("C", "T", NA)), .Names = c("", 
    "")), class = "table"), All.Tags = list(Concordant = list(
        Freqs = structure(c(0, 1, 12, 168, 4, 0, 0, 1, 218, 3
        ), .Dim = c(5L, 2L), .Dimnames = list(c("-3", "-2", "-1", 
        "0", "1"), c("C", "T"))), N = 407), Majority = list(Freqs = structure(c(0, 
    1, 15, 267, 4, 0, 0, 4, 323, 3), .Dim = c(5L, 2L), .Dimnames = list(
        c("-3", "-2", "-1", "0", "1"), c("C", "T"))), N = 617)), 
    `2` = structure(c(0, 1, 8, 219, 1, 0, 0, 3, 260, 1), .Dim = c(5L, 
    2L), .Dimnames = list(c("-3", "-2", "-1", "0", "1"), c("C", 
    "T"))))))
