Results <-
list(`bwa.out//20220204//BlindCMMRD48_S8.sam` = list(LR40_SNP1 = list(
    All = list(Freqs = structure(c(0L, 0L, 2L, 0L, 0L, 1L, 47L, 
    4059L, 10L, 9L, 0L, 0L, 13L, 1L, 0L), .Dim = c(5L, 3L), .Dimnames = structure(list(
        c("-2", "-1", "0", "1", NA), c("A", "C", NA)), .Names = c("", 
    "")), class = "table"), N = 4142L), Tag.Distribution = structure(c(`1` = 59L, 
    `2` = 21L, `3` = 26L, `4` = 23L, `5` = 11L, `6` = 19L, `7` = 13L, 
    `8` = 16L, `9` = 20L, `10` = 12L, `11` = 14L, `12` = 15L, 
    `13` = 7L, `14` = 13L, `15` = 11L, `16` = 8L, `17` = 6L, 
    `18` = 6L, `19` = 4L, `21` = 7L, `22` = 3L, `23` = 3L, `24` = 4L, 
    `25` = 3L, `26` = 2L, `27` = 4L, `28` = 3L, `29` = 2L, `30` = 4L, 
    `31` = 1L, `32` = 2L, `33` = 2L, `34` = 1L, `35` = 2L, `36` = 2L, 
    `37` = 1L, `38` = 1L, `39` = 2L, `40` = 5L, `41` = 2L, `42` = 1L, 
    `43` = 1L, `46` = 1L, `55` = 1L, `58` = 1L), .Dim = 45L, .Dimnames = list(
        TagUsage = c("1", "2", "3", "4", "5", "6", "7", "8", 
        "9", "10", "11", "12", "13", "14", "15", "16", "17", 
        "18", "19", "21", "22", "23", "24", "25", "26", "27", 
        "28", "29", "30", "31", "32", "33", "34", "35", "36", 
        "37", "38", "39", "40", "41", "42", "43", "46", "55", 
        "58")), class = "table"), No.Tag = structure(c(0L, 0L, 
    1L, 0L, 0L, 0L, 0L, 102L, 0L, 0L, 0L, 0L, 3L, 0L, 0L), .Dim = c(5L, 
    3L), .Dimnames = structure(list(c("-2", "-1", "0", "1", NA
    ), c("A", "C", NA)), .Names = c("", "")), class = "table"), 
    All.Tags = list(Concordant = list(Freqs = structure(c(0, 
    0, 0, 0, 0, 3, 323, 0), .Dim = c(4L, 2L), .Dimnames = list(
        c("-2", "-1", "0", "1"), c("A", "C"))), N = 326), Majority = list(
        Freqs = structure(c(0, 0, 0, 0, 0, 3, 361, 0), .Dim = c(4L, 
        2L), .Dimnames = list(c("-2", "-1", "0", "1"), c("A", 
        "C"))), N = 364)), `2` = structure(c(0, 0, 0, 0, 0, 1, 
    305, 0), .Dim = c(4L, 2L), .Dimnames = list(c("-2", "-1", 
    "0", "1"), c("A", "C"))))))
