Results <-
list(`bwa.out//20220204//BlindCMMRD75_S34.sam` = list(GM22_SNP1 = list(
    All = list(Freqs = structure(c(4L, 42L, 3425L, 16L, 4L, 3L, 
    37L, 2462L, 5L, 5L, 0L, 4L, 107L, 1L, 0L), .Dim = c(5L, 3L
    ), .Dimnames = structure(list(c("-2", "-1", "0", "1", NA), 
        c("A", "G", NA)), .Names = c("", "")), class = "table"), 
        N = 6115L), Tag.Distribution = structure(c(`1` = 117L, 
    `2` = 40L, `3` = 36L, `4` = 42L, `5` = 49L, `6` = 32L, `7` = 33L, 
    `8` = 23L, `9` = 27L, `10` = 24L, `11` = 25L, `12` = 15L, 
    `13` = 16L, `14` = 21L, `15` = 12L, `16` = 11L, `17` = 7L, 
    `18` = 10L, `19` = 16L, `20` = 6L, `21` = 4L, `22` = 6L, 
    `23` = 10L, `24` = 9L, `25` = 5L, `26` = 3L, `27` = 3L, `28` = 2L, 
    `29` = 2L, `30` = 5L, `31` = 3L, `32` = 4L, `33` = 1L, `35` = 5L, 
    `36` = 3L, `40` = 2L, `41` = 1L, `42` = 1L, `43` = 1L, `44` = 1L, 
    `45` = 2L, `75` = 1L), .Dim = 42L, .Dimnames = list(TagUsage = c("1", 
    "2", "3", "4", "5", "6", "7", "8", "9", "10", "11", "12", 
    "13", "14", "15", "16", "17", "18", "19", "20", "21", "22", 
    "23", "24", "25", "26", "27", "28", "29", "30", "31", "32", 
    "33", "35", "36", "40", "41", "42", "43", "44", "45", "75"
    )), class = "table"), No.Tag = structure(c(0L, 0L, 70L, 0L, 
    0L, 0L, 0L, 29L, 0L, 0L, 0L, 0L, 10L, 0L, 0L), .Dim = c(5L, 
    3L), .Dimnames = structure(list(c("-2", "-1", "0", "1", NA
    ), c("A", "G", NA)), .Names = c("", "")), class = "table"), 
    All.Tags = list(Concordant = list(Freqs = structure(c(0, 
    0, 293, 0, 0, 1, 217, 0), .Dim = c(4L, 2L), .Dimnames = list(
        c("-2", "-1", "0", "1"), c("A", "G"))), N = 511), Majority = list(
        Freqs = structure(c(0, 0, 352, 0, 0, 1, 264, 0), .Dim = c(4L, 
        2L), .Dimnames = list(c("-2", "-1", "0", "1"), c("A", 
        "G"))), N = 617)), `2` = structure(c(0, 0, 284, 0, 0, 
    0, 226, 0), .Dim = c(4L, 2L), .Dimnames = list(c("-2", "-1", 
    "0", "1"), c("A", "G"))))))
