Results <-
list(`bwa.out//20220204//BlindCMMRD124_S50.sam` = list(GM14_SNP1 = list(
    All = list(Freqs = structure(c(1L, 35L, 1462L, 5L, 6L, 0L, 
    28L, 1378L, 7L, 1L, 0L, 0L, 17L, 0L, 0L), .Dim = c(5L, 3L
    ), .Dimnames = structure(list(c("-3", "-1", "0", "1", NA), 
        c("C", "T", NA)), .Names = c("", "")), class = "table"), 
        N = 2940L), Tag.Distribution = structure(c(`1` = 116L, 
    `2` = 79L, `3` = 88L, `4` = 56L, `5` = 43L, `6` = 24L, `7` = 14L, 
    `8` = 18L, `9` = 20L, `10` = 9L, `11` = 6L, `12` = 9L, `13` = 12L, 
    `14` = 4L, `15` = 11L, `16` = 8L, `17` = 3L, `18` = 2L, `19` = 5L, 
    `20` = 3L, `21` = 1L, `22` = 1L, `23` = 1L, `24` = 5L, `25` = 1L, 
    `26` = 2L, `27` = 2L, `29` = 1L), .Dim = 28L, .Dimnames = list(
        TagUsage = c("1", "2", "3", "4", "5", "6", "7", "8", 
        "9", "10", "11", "12", "13", "14", "15", "16", "17", 
        "18", "19", "20", "21", "22", "23", "24", "25", "26", 
        "27", "29")), class = "table"), No.Tag = structure(c(0L, 
    1L, 29L, 1L, 0L, 0L, 0L, 7L, 0L, 0L, 0L, 0L, 2L, 0L, 0L), .Dim = c(5L, 
    3L), .Dimnames = structure(list(c("-3", "-1", "0", "1", NA
    ), c("C", "T", NA)), .Names = c("", "")), class = "table"), 
    All.Tags = list(Concordant = list(Freqs = structure(c(0, 
    1, 231, 0, 0, 3, 230, 0), .Dim = c(4L, 2L), .Dimnames = list(
        c("-3", "-1", "0", "1"), c("C", "T"))), N = 465), Majority = list(
        Freqs = structure(c(0, 1, 265, 0, 0, 3, 265, 0), .Dim = c(4L, 
        2L), .Dimnames = list(c("-3", "-1", "0", "1"), c("C", 
        "T"))), N = 534)), `2` = structure(c(0, 1, 206, 0, 0, 
    0, 213, 0), .Dim = c(4L, 2L), .Dimnames = list(c("-3", "-1", 
    "0", "1"), c("C", "T"))))))
