Results <-
list(`bwa.out//20220204//BlindCMMRD50_S10.sam` = list(IM49_SNP1 = list(
    All = list(Freqs = structure(c(1L, 96L, 2756L, 58L, 24L, 
    0L, 0L, 5L, 0L, 0L, 0L, 0L, 1L, 0L, 0L, 0L, 2L, 176L, 1L, 
    0L), .Dim = 5:4, .Dimnames = structure(list(c("-2", "-1", 
    "0", "1", NA), c("C", "G", "T", NA)), .Names = c("", "")), class = "table"), 
        N = 3120L), Tag.Distribution = structure(c(`1` = 170L, 
    `2` = 52L, `3` = 19L, `4` = 20L, `5` = 17L, `6` = 14L, `7` = 12L, 
    `8` = 15L, `9` = 9L, `10` = 9L, `11` = 15L, `12` = 6L, `13` = 8L, 
    `14` = 7L, `15` = 7L, `16` = 3L, `17` = 3L, `18` = 4L, `19` = 2L, 
    `20` = 1L, `21` = 1L, `22` = 1L, `23` = 4L, `24` = 3L, `25` = 2L, 
    `26` = 1L, `28` = 6L, `29` = 5L, `31` = 1L, `32` = 1L, `33` = 1L, 
    `34` = 2L, `35` = 1L, `36` = 1L, `42` = 2L, `43` = 1L, `45` = 1L, 
    `50` = 1L, `51` = 1L, `54` = 1L, `56` = 1L, `57` = 1L, `61` = 1L
    ), .Dim = 43L, .Dimnames = list(TagUsage = c("1", "2", "3", 
    "4", "5", "6", "7", "8", "9", "10", "11", "12", "13", "14", 
    "15", "16", "17", "18", "19", "20", "21", "22", "23", "24", 
    "25", "26", "28", "29", "31", "32", "33", "34", "35", "36", 
    "42", "43", "45", "50", "51", "54", "56", "57", "61")), class = "table"), 
    No.Tag = structure(c(0L, 0L, 57L, 1L, 0L, 0L, 0L, 0L, 0L, 
    0L, 0L, 0L, 0L, 0L, 0L, 0L, 0L, 2L, 0L, 0L), .Dim = 5:4, .Dimnames = structure(list(
        c("-2", "-1", "0", "1", NA), c("C", "G", "T", NA)), .Names = c("", 
    "")), class = "table"), All.Tags = list(Concordant = list(
        Freqs = structure(c(0, 4, 282, 1, 0, 0, 3, 0, 0, 0, 0, 
        0), .Dim = 4:3, .Dimnames = list(c("-2", "-1", "0", "1"
        ), c("C", "G", "T"))), N = 290), Majority = list(Freqs = structure(c(0, 
    5, 362, 1, 0, 0, 3, 0, 0, 0, 0, 0), .Dim = 4:3, .Dimnames = list(
        c("-2", "-1", "0", "1"), c("C", "G", "T"))), N = 371)), 
    `2` = structure(c(0, 1, 253, 0, 0, 0, 0, 0, 0, 0, 0, 0), .Dim = 4:3, .Dimnames = list(
        c("-2", "-1", "0", "1"), c("C", "G", "T"))))))
