Results <-
list(`bwa.out//20220204//BlindCMMRD51_S11.sam` = list(DEPDC2_SNP1 = list(
    All = list(Freqs = structure(c(15L, 2064L, 10L, 10L, 33L, 
    2417L, 7L, 6L, 0L, 45L, 1L, 0L), .Dim = 4:3, .Dimnames = structure(list(
        c("-1", "0", "1", NA), c("C", "T", NA)), .Names = c("", 
    "")), class = "table"), N = 4608L), Tag.Distribution = structure(c(`1` = 134L, 
    `2` = 43L, `3` = 37L, `4` = 37L, `5` = 39L, `6` = 20L, `7` = 33L, 
    `8` = 15L, `9` = 14L, `10` = 17L, `11` = 25L, `12` = 11L, 
    `13` = 16L, `14` = 17L, `15` = 6L, `16` = 12L, `17` = 8L, 
    `18` = 3L, `19` = 3L, `20` = 11L, `21` = 4L, `22` = 4L, `23` = 8L, 
    `24` = 5L, `25` = 1L, `26` = 2L, `27` = 4L, `28` = 1L, `29` = 3L, 
    `30` = 3L, `31` = 3L, `32` = 2L, `33` = 2L, `34` = 1L, `35` = 3L, 
    `36` = 2L, `39` = 1L, `41` = 1L, `43` = 1L, `46` = 1L), .Dim = 40L, .Dimnames = list(
        TagUsage = c("1", "2", "3", "4", "5", "6", "7", "8", 
        "9", "10", "11", "12", "13", "14", "15", "16", "17", 
        "18", "19", "20", "21", "22", "23", "24", "25", "26", 
        "27", "28", "29", "30", "31", "32", "33", "34", "35", 
        "36", "39", "41", "43", "46")), class = "table"), No.Tag = structure(c(0L, 
    19L, 0L, 1L, 1L, 72L, 0L, 0L, 0L, 3L, 0L, 0L), .Dim = 4:3, .Dimnames = structure(list(
        c("-1", "0", "1", NA), c("C", "T", NA)), .Names = c("", 
    "")), class = "table"), All.Tags = list(Concordant = list(
        Freqs = structure(c(0, 255, 1, 0, 234, 0), .Dim = 3:2, .Dimnames = list(
            c("-1", "0", "1"), c("C", "T"))), N = 490), Majority = list(
        Freqs = structure(c(0, 280, 1, 1, 259, 0), .Dim = 3:2, .Dimnames = list(
            c("-1", "0", "1"), c("C", "T"))), N = 541)), `2` = structure(c(0, 
    213, 1, 1, 203, 0), .Dim = 3:2, .Dimnames = list(c("-1", 
    "0", "1"), c("C", "T"))))))
