Results <-
list(`bwa.out//20220204//Control21_S14.sam` = list(GM17_SNP1 = list(
    All = list(Freqs = structure(c(17L, 1558L, 2L, 1L, 28L, 1701L, 
    7L, 2L, 1L, 20L, 0L, 0L), .Dim = 4:3, .Dimnames = structure(list(
        c("-1", "0", "1", NA), c("C", "T", NA)), .Names = c("", 
    "")), class = "table"), N = 3337L), Tag.Distribution = structure(c(`1` = 129L, 
    `2` = 59L, `3` = 48L, `4` = 43L, `5` = 25L, `6` = 28L, `7` = 21L, 
    `8` = 9L, `9` = 20L, `10` = 12L, `11` = 21L, `12` = 8L, `13` = 7L, 
    `14` = 13L, `15` = 10L, `16` = 8L, `17` = 8L, `18` = 6L, 
    `19` = 4L, `20` = 5L, `21` = 4L, `22` = 1L, `23` = 2L, `24` = 2L, 
    `25` = 2L, `28` = 3L, `30` = 1L, `33` = 1L, `34` = 1L, `35` = 1L, 
    `37` = 1L, `38` = 1L), .Dim = 32L, .Dimnames = list(TagUsage = c("1", 
    "2", "3", "4", "5", "6", "7", "8", "9", "10", "11", "12", 
    "13", "14", "15", "16", "17", "18", "19", "20", "21", "22", 
    "23", "24", "25", "28", "30", "33", "34", "35", "37", "38"
    )), class = "table"), No.Tag = structure(c(2L, 37L, 0L, 0L, 
    0L, 79L, 0L, 0L, 0L, 5L, 0L, 0L), .Dim = 4:3, .Dimnames = structure(list(
        c("-1", "0", "1", NA), c("C", "T", NA)), .Names = c("", 
    "")), class = "table"), All.Tags = list(Concordant = list(
        Freqs = structure(c(1, 221, 0, 3, 224, 0), .Dim = 3:2, .Dimnames = list(
            c("-1", "0", "1"), c("C", "T"))), N = 449), Majority = list(
        Freqs = structure(c(1, 242, 0, 4, 254, 0), .Dim = 3:2, .Dimnames = list(
            c("-1", "0", "1"), c("C", "T"))), N = 501)), `2` = structure(c(0, 
    184, 0, 1, 188, 0), .Dim = 3:2, .Dimnames = list(c("-1", 
    "0", "1"), c("C", "T"))))))
