Results <-
list(`bwa.out//20220204//BlindCMMRD114_S40.sam` = list(IM16_SNP1 = list(
    All = list(Freqs = structure(c(0L, 1L, 0L, 0L, 0L, 26L, 1801L, 
    33L, 3L, 1L, 19L, 1983L, 33L, 0L, 3L, 0L, 33L, 0L, 0L, 0L
    ), .Dim = 5:4, .Dimnames = structure(list(c("-1", "0", "1", 
    "2", NA), c("-", "A", "G", NA)), .Names = c("", "")), class = "table"), 
        N = 3936L), Tag.Distribution = structure(c(`1` = 63L, 
    `2` = 59L, `3` = 60L, `4` = 58L, `5` = 51L, `6` = 43L, `7` = 41L, 
    `8` = 47L, `9` = 32L, `10` = 20L, `11` = 28L, `12` = 20L, 
    `13` = 17L, `14` = 9L, `15` = 9L, `16` = 7L, `17` = 3L, `18` = 5L, 
    `19` = 6L, `21` = 3L, `22` = 3L, `23` = 1L, `27` = 1L, `31` = 1L
    ), .Dim = 24L, .Dimnames = list(TagUsage = c("1", "2", "3", 
    "4", "5", "6", "7", "8", "9", "10", "11", "12", "13", "14", 
    "15", "16", "17", "18", "19", "21", "22", "23", "27", "31"
    )), class = "table"), No.Tag = structure(c(0L, 0L, 0L, 0L, 
    0L, 0L, 27L, 0L, 0L, 1L, 0L, 27L, 2L, 0L, 0L, 0L, 15L, 0L, 
    0L, 0L), .Dim = 5:4, .Dimnames = structure(list(c("-1", "0", 
    "1", "2", NA), c("-", "A", "G", NA)), .Names = c("", "")), class = "table"), 
    All.Tags = list(Concordant = list(Freqs = structure(c(0, 
    0, 0, 0, 1, 217, 0, 0, 0, 256, 1, 0), .Dim = 4:3, .Dimnames = list(
        c("-1", "0", "1", "2"), c("-", "A", "G"))), N = 475), 
        Majority = list(Freqs = structure(c(0, 0, 0, 0, 1, 275, 
        1, 0, 0, 303, 1, 0), .Dim = 4:3, .Dimnames = list(c("-1", 
        "0", "1", "2"), c("-", "A", "G"))), N = 581)), `2` = structure(c(0, 
    0, 0, 0, 1, 244, 1, 0, 0, 272, 1, 0), .Dim = 4:3, .Dimnames = list(
        c("-1", "0", "1", "2"), c("-", "A", "G"))))))
