Results <-
list(`bwa.out//20220204//BlindCMMRD55_S14.sam` = list(LR40_SNP1 = list(
    All = list(Freqs = structure(c(0L, 0L, 3L, 0L, 0L, 1L, 77L, 
    4772L, 14L, 8L, 0L, 0L, 1L, 0L, 0L, 0L, 0L, 21L, 1L, 0L), .Dim = 5:4, .Dimnames = structure(list(
        c("-2", "-1", "0", "1", NA), c("A", "C", "T", NA)), .Names = c("", 
    "")), class = "table"), N = 4898L), Tag.Distribution = structure(c(`1` = 126L, 
    `2` = 64L, `3` = 43L, `4` = 38L, `5` = 36L, `6` = 42L, `7` = 34L, 
    `8` = 26L, `9` = 23L, `10` = 24L, `11` = 16L, `12` = 18L, 
    `13` = 10L, `14` = 17L, `15` = 9L, `16` = 12L, `17` = 6L, 
    `18` = 11L, `19` = 6L, `20` = 6L, `21` = 7L, `22` = 3L, `23` = 3L, 
    `24` = 5L, `25` = 3L, `26` = 4L, `27` = 2L, `28` = 2L, `29` = 3L, 
    `33` = 1L, `34` = 2L, `36` = 1L, `37` = 1L, `38` = 2L, `41` = 1L, 
    `42` = 2L, `53` = 1L, `67` = 1L), .Dim = 38L, .Dimnames = list(
        TagUsage = c("1", "2", "3", "4", "5", "6", "7", "8", 
        "9", "10", "11", "12", "13", "14", "15", "16", "17", 
        "18", "19", "20", "21", "22", "23", "24", "25", "26", 
        "27", "28", "29", "33", "34", "36", "37", "38", "41", 
        "42", "53", "67")), class = "table"), No.Tag = structure(c(0L, 
    0L, 0L, 0L, 0L, 0L, 4L, 135L, 0L, 1L, 0L, 0L, 0L, 0L, 0L, 
    0L, 0L, 4L, 0L, 0L), .Dim = 5:4, .Dimnames = structure(list(
        c("-2", "-1", "0", "1", NA), c("A", "C", "T", NA)), .Names = c("", 
    "")), class = "table"), All.Tags = list(Concordant = list(
        Freqs = structure(c(0, 0, 2, 0, 0, 1, 538, 0, 0, 0, 0, 
        0), .Dim = 4:3, .Dimnames = list(c("-2", "-1", "0", "1"
        ), c("A", "C", "T"))), N = 541), Majority = list(Freqs = structure(c(0, 
    0, 2, 0, 0, 1, 604, 0, 0, 0, 0, 0), .Dim = 4:3, .Dimnames = list(
        c("-2", "-1", "0", "1"), c("A", "C", "T"))), N = 607)), 
    `2` = structure(c(0, 0, 0, 0, 0, 1, 483, 0, 0, 0, 0, 0), .Dim = 4:3, .Dimnames = list(
        c("-2", "-1", "0", "1"), c("A", "C", "T"))))))
