Results <-
list(`bwa.out//20220204//Control16_S9.sam` = list(LR10_SNP1 = list(
    All = list(Freqs = structure(c(1L, 0L, 0L, 0L, 37L, 2210L, 
    9L, 2L, 0L, 30L, 0L, 0L), .Dim = 4:3, .Dimnames = structure(list(
        c("-1", "0", "1", NA), c("C", "T", NA)), .Names = c("", 
    "")), class = "table"), N = 2289L), Tag.Distribution = structure(c(`1` = 83L, 
    `2` = 44L, `3` = 43L, `4` = 27L, `5` = 31L, `6` = 18L, `7` = 16L, 
    `8` = 14L, `9` = 12L, `10` = 11L, `11` = 4L, `12` = 8L, `13` = 3L, 
    `14` = 4L, `15` = 6L, `16` = 6L, `17` = 2L, `18` = 2L, `19` = 1L, 
    `20` = 4L, `21` = 3L, `22` = 4L, `23` = 2L, `27` = 1L, `28` = 2L, 
    `31` = 1L, `34` = 1L, `37` = 1L, `39` = 1L), .Dim = 29L, .Dimnames = list(
        TagUsage = c("1", "2", "3", "4", "5", "6", "7", "8", 
        "9", "10", "11", "12", "13", "14", "15", "16", "17", 
        "18", "19", "20", "21", "22", "23", "27", "28", "31", 
        "34", "37", "39")), class = "table"), No.Tag = structure(c(0L, 
    0L, 0L, 0L, 2L, 158L, 1L, 0L, 0L, 4L, 0L, 0L), .Dim = 4:3, .Dimnames = structure(list(
        c("-1", "0", "1", NA), c("C", "T", NA)), .Names = c("", 
    "")), class = "table"), All.Tags = list(Concordant = list(
        Freqs = structure(c(1, 0, 0, 0, 315, 1), .Dim = 3:2, .Dimnames = list(
            c("-1", "0", "1"), c("C", "T"))), N = 317), Majority = list(
        Freqs = structure(c(1, 0, 0, 0, 348, 1), .Dim = 3:2, .Dimnames = list(
            c("-1", "0", "1"), c("C", "T"))), N = 350)), `2` = structure(c(0, 
    0, 0, 0, 269, 1), .Dim = 3:2, .Dimnames = list(c("-1", "0", 
    "1"), c("C", "T"))))))
