Results <-
list(`bwa.out//20220204//BlindCMMRD54_S13.sam` = list(LR20_SNP1 = list(
    All = list(Freqs = structure(c(6L, 2581L, 2L, 1L, 9L, 2547L, 
    4L, 2L, 0L, 1L, 0L, 0L, 0L, 20L, 0L, 0L), .Dim = c(4L, 4L
    ), .Dimnames = structure(list(c("-1", "0", "1", NA), c("A", 
    "G", "T", NA)), .Names = c("", "")), class = "table"), N = 5173L), 
    Tag.Distribution = structure(c(`1` = 111L, `2` = 64L, `3` = 55L, 
    `4` = 53L, `5` = 48L, `6` = 35L, `7` = 25L, `8` = 34L, `9` = 32L, 
    `10` = 21L, `11` = 26L, `12` = 11L, `13` = 9L, `14` = 9L, 
    `15` = 10L, `16` = 9L, `17` = 11L, `18` = 7L, `19` = 11L, 
    `20` = 2L, `21` = 3L, `22` = 7L, `23` = 3L, `24` = 5L, `25` = 3L, 
    `26` = 3L, `27` = 5L, `28` = 7L, `29` = 5L, `30` = 2L, `31` = 2L, 
    `33` = 1L, `35` = 1L, `37` = 1L, `39` = 1L, `41` = 1L, `43` = 1L, 
    `45` = 1L, `56` = 1L), .Dim = 39L, .Dimnames = list(TagUsage = c("1", 
    "2", "3", "4", "5", "6", "7", "8", "9", "10", "11", "12", 
    "13", "14", "15", "16", "17", "18", "19", "20", "21", "22", 
    "23", "24", "25", "26", "27", "28", "29", "30", "31", "33", 
    "35", "37", "39", "41", "43", "45", "56")), class = "table"), 
    No.Tag = structure(c(0L, 93L, 0L, 1L, 0L, 60L, 0L, 0L, 0L, 
    0L, 0L, 0L, 0L, 5L, 0L, 0L), .Dim = c(4L, 4L), .Dimnames = structure(list(
        c("-1", "0", "1", NA), c("A", "G", "T", NA)), .Names = c("", 
    "")), class = "table"), All.Tags = list(Concordant = list(
        Freqs = structure(c(0, 291, 0, 2, 290, 0, 0, 0, 0), .Dim = c(3L, 
        3L), .Dimnames = list(c("-1", "0", "1"), c("A", "G", 
        "T"))), N = 583), Majority = list(Freqs = structure(c(0, 
    312, 0, 2, 314, 0, 0, 0, 0), .Dim = c(3L, 3L), .Dimnames = list(
        c("-1", "0", "1"), c("A", "G", "T"))), N = 628)), `2` = structure(c(0, 
    255, 0, 2, 262, 0, 0, 0, 0), .Dim = c(3L, 3L), .Dimnames = list(
        c("-1", "0", "1"), c("A", "G", "T"))))))
