Results <-
list(`bwa.out//20220204//BlindCMMRD43_S3.sam` = list(LR11_SNP1 = list(
    All = list(Freqs = structure(c(0L, 1L, 9L, 1L, 0L, 0L, 1L, 
    49L, 2874L, 23L, 2L, 19L, 0L, 1L, 94L, 2L, 0L, 0L), .Dim = c(6L, 
    3L), .Dimnames = structure(list(c("-2", "-1", "0", "1", "2", 
    NA), c("A", "C", NA)), .Names = c("", "")), class = "table"), 
        N = 3076L), Tag.Distribution = structure(c(`1` = 79L, 
    `2` = 33L, `3` = 26L, `4` = 18L, `5` = 14L, `6` = 11L, `7` = 20L, 
    `8` = 16L, `9` = 11L, `10` = 10L, `11` = 9L, `12` = 7L, `13` = 12L, 
    `14` = 11L, `15` = 10L, `16` = 7L, `17` = 2L, `18` = 7L, 
    `19` = 5L, `20` = 6L, `21` = 3L, `22` = 9L, `23` = 3L, `24` = 2L, 
    `25` = 7L, `26` = 1L, `27` = 2L, `28` = 2L, `29` = 2L, `30` = 1L, 
    `31` = 2L, `32` = 1L, `36` = 1L, `38` = 1L, `44` = 1L), .Dim = 35L, .Dimnames = list(
        TagUsage = c("1", "2", "3", "4", "5", "6", "7", "8", 
        "9", "10", "11", "12", "13", "14", "15", "16", "17", 
        "18", "19", "20", "21", "22", "23", "24", "25", "26", 
        "27", "28", "29", "30", "31", "32", "36", "38", "44")), class = "table"), 
    No.Tag = structure(c(0L, 0L, 0L, 0L, 0L, 0L, 0L, 2L, 42L, 
    0L, 0L, 12L, 0L, 0L, 3L, 0L, 0L, 0L), .Dim = c(6L, 3L), .Dimnames = structure(list(
        c("-2", "-1", "0", "1", "2", NA), c("A", "C", NA)), .Names = c("", 
    "")), class = "table"), All.Tags = list(Concordant = list(
        Freqs = structure(c(0, 1, 6, 0, 0, 0, 0, 280, 0, 0), .Dim = c(5L, 
        2L), .Dimnames = list(c("-2", "-1", "0", "1", "2"), c("A", 
        "C"))), N = 287), Majority = list(Freqs = structure(c(0, 
    1, 6, 0, 0, 0, 0, 334, 0, 0), .Dim = c(5L, 2L), .Dimnames = list(
        c("-2", "-1", "0", "1", "2"), c("A", "C"))), N = 341)), 
    `2` = structure(c(0, 0, 0, 0, 0, 0, 0, 269, 0, 0), .Dim = c(5L, 
    2L), .Dimnames = list(c("-2", "-1", "0", "1", "2"), c("A", 
    "C"))))))
