Results <-
list(`bwa.out//20220204//BlindCMMRD134_S60.sam` = list(LR20_SNP1 = list(
    All = list(Freqs = structure(c(5L, 2299L, 3L, 2L, 2L, 2407L, 
    1L, 2L, 0L, 37L, 0L, 0L), .Dim = 4:3, .Dimnames = structure(list(
        c("-1", "0", "1", NA), c("A", "G", NA)), .Names = c("", 
    "")), class = "table"), N = 4758L), Tag.Distribution = structure(c(`1` = 187L, 
    `2` = 153L, `3` = 140L, `4` = 122L, `5` = 77L, `6` = 76L, 
    `7` = 50L, `8` = 44L, `9` = 30L, `10` = 21L, `11` = 26L, 
    `12` = 17L, `13` = 13L, `14` = 8L, `15` = 5L, `16` = 5L, 
    `17` = 5L, `18` = 5L, `20` = 2L, `21` = 3L, `24` = 1L, `29` = 1L
    ), .Dim = 22L, .Dimnames = list(TagUsage = c("1", "2", "3", 
    "4", "5", "6", "7", "8", "9", "10", "11", "12", "13", "14", 
    "15", "16", "17", "18", "20", "21", "24", "29")), class = "table"), 
    No.Tag = structure(c(0L, 23L, 0L, 0L, 0L, 49L, 0L, 2L, 0L, 
    3L, 0L, 0L), .Dim = 4:3, .Dimnames = structure(list(c("-1", 
    "0", "1", NA), c("A", "G", NA)), .Names = c("", "")), class = "table"), 
    All.Tags = list(Concordant = list(Freqs = structure(c(1, 
    409, 0, 0, 429, 0), .Dim = 3:2, .Dimnames = list(c("-1", 
    "0", "1"), c("A", "G"))), N = 839), Majority = list(Freqs = structure(c(1, 
    473, 0, 0, 494, 0), .Dim = 3:2, .Dimnames = list(c("-1", 
    "0", "1"), c("A", "G"))), N = 968)), `2` = structure(c(0, 
    389, 0, 0, 393, 0), .Dim = 3:2, .Dimnames = list(c("-1", 
    "0", "1"), c("A", "G"))))))
