Results <-
list(`bwa.out//20220204//BlindCMMRD99_S58.sam` = list(LR11_SNP1 = list(
    All = list(Freqs = structure(c(0L, 0L, 5L, 0L, 0L, 1L, 49L, 
    2689L, 10L, 6L, 0L, 4L, 81L, 0L, 0L), .Dim = c(5L, 3L), .Dimnames = structure(list(
        c("-2", "-1", "0", "1", NA), c("A", "C", NA)), .Names = c("", 
    "")), class = "table"), N = 2845L), Tag.Distribution = structure(c(`1` = 106L, 
    `2` = 61L, `3` = 39L, `4` = 23L, `5` = 29L, `6` = 26L, `7` = 20L, 
    `8` = 19L, `9` = 10L, `10` = 11L, `11` = 8L, `12` = 13L, 
    `13` = 9L, `14` = 6L, `15` = 8L, `16` = 7L, `17` = 4L, `18` = 7L, 
    `19` = 4L, `20` = 3L, `21` = 4L, `22` = 2L, `23` = 2L, `24` = 3L, 
    `25` = 1L, `26` = 2L, `27` = 2L, `28` = 1L, `31` = 2L, `33` = 1L, 
    `34` = 1L, `35` = 1L), .Dim = 32L, .Dimnames = list(TagUsage = c("1", 
    "2", "3", "4", "5", "6", "7", "8", "9", "10", "11", "12", 
    "13", "14", "15", "16", "17", "18", "19", "20", "21", "22", 
    "23", "24", "25", "26", "27", "28", "31", "33", "34", "35"
    )), class = "table"), No.Tag = structure(c(0L, 0L, 0L, 0L, 
    0L, 0L, 0L, 36L, 0L, 0L, 0L, 0L, 3L, 0L, 0L), .Dim = c(5L, 
    3L), .Dimnames = structure(list(c("-2", "-1", "0", "1", NA
    ), c("A", "C", NA)), .Names = c("", "")), class = "table"), 
    All.Tags = list(Concordant = list(Freqs = structure(c(0, 
    0, 3, 0, 0, 4, 373, 0), .Dim = c(4L, 2L), .Dimnames = list(
        c("-2", "-1", "0", "1"), c("A", "C"))), N = 380), Majority = list(
        Freqs = structure(c(0, 0, 3, 0, 0, 4, 421, 0), .Dim = c(4L, 
        2L), .Dimnames = list(c("-2", "-1", "0", "1"), c("A", 
        "C"))), N = 428)), `2` = structure(c(0, 0, 0, 0, 0, 2, 
    324, 0), .Dim = c(4L, 2L), .Dimnames = list(c("-2", "-1", 
    "0", "1"), c("A", "C"))))))
