Results <-
list(`bwa.out//20220204//BlindCMMRD77_S36.sam` = list(IM49_SNP1 = list(
    All = list(Freqs = structure(c(1L, 27L, 1097L, 25L, 15L, 
    0L, 39L, 1320L, 30L, 10L, 0L, 2L, 208L, 4L, 0L), .Dim = c(5L, 
    3L), .Dimnames = structure(list(c("-2", "-1", "0", "1", NA
    ), c("C", "G", NA)), .Names = c("", "")), class = "table"), 
        N = 2778L), Tag.Distribution = structure(c(`1` = 162L, 
    `2` = 70L, `3` = 57L, `4` = 29L, `5` = 30L, `6` = 35L, `7` = 28L, 
    `8` = 24L, `9` = 18L, `10` = 15L, `11` = 12L, `12` = 8L, 
    `13` = 7L, `14` = 7L, `15` = 4L, `16` = 5L, `17` = 5L, `18` = 6L, 
    `19` = 3L, `20` = 3L, `22` = 1L, `24` = 2L, `25` = 1L, `27` = 1L, 
    `28` = 1L, `32` = 1L, `33` = 1L), .Dim = 27L, .Dimnames = list(
        TagUsage = c("1", "2", "3", "4", "5", "6", "7", "8", 
        "9", "10", "11", "12", "13", "14", "15", "16", "17", 
        "18", "19", "20", "22", "24", "25", "27", "28", "32", 
        "33")), class = "table"), No.Tag = structure(c(0L, 0L, 
    15L, 2L, 1L, 0L, 1L, 23L, 1L, 1L, 0L, 0L, 3L, 0L, 0L), .Dim = c(5L, 
    3L), .Dimnames = structure(list(c("-2", "-1", "0", "1", NA
    ), c("C", "G", NA)), .Names = c("", "")), class = "table"), 
    All.Tags = list(Concordant = list(Freqs = structure(c(1, 
    3, 183, 1, 0, 1, 204, 1), .Dim = c(4L, 2L), .Dimnames = list(
        c("-2", "-1", "0", "1"), c("C", "G"))), N = 394), Majority = list(
        Freqs = structure(c(1, 3, 221, 1, 0, 2, 249, 1), .Dim = c(4L, 
        2L), .Dimnames = list(c("-2", "-1", "0", "1"), c("C", 
        "G"))), N = 478)), `2` = structure(c(0, 0, 169, 0, 0, 
    1, 191, 0), .Dim = c(4L, 2L), .Dimnames = list(c("-2", "-1", 
    "0", "1"), c("C", "G"))))))
