Results <-
list(`bwa.out//20220204//BlindCMMRD54_S13.sam` = list(LR49_SNP1 = list(
    All = list(Freqs = structure(c(35L, 938L, 0L, 0L, 0L, 791L, 
    1L, 1L, 0L, 9L, 0L, 0L), .Dim = 4:3, .Dimnames = structure(list(
        c("-1", "0", "1", NA), c("A", "G", NA)), .Names = c("", 
    "")), class = "table"), N = 1775L), Tag.Distribution = structure(c(`1` = 55L, 
    `2` = 20L, `3` = 21L, `4` = 17L, `5` = 12L, `6` = 5L, `7` = 4L, 
    `8` = 10L, `9` = 9L, `10` = 9L, `11` = 13L, `12` = 6L, `13` = 5L, 
    `14` = 5L, `16` = 3L, `17` = 3L, `18` = 1L, `19` = 1L, `20` = 6L, 
    `21` = 3L, `22` = 2L, `23` = 2L, `26` = 2L, `28` = 3L, `30` = 2L, 
    `40` = 1L, `44` = 1L, `45` = 1L), .Dim = 28L, .Dimnames = list(
        TagUsage = c("1", "2", "3", "4", "5", "6", "7", "8", 
        "9", "10", "11", "12", "13", "14", "16", "17", "18", 
        "19", "20", "21", "22", "23", "26", "28", "30", "40", 
        "44", "45")), class = "table"), No.Tag = structure(c(22L, 
    70L, 0L, 0L, 0L, 3L, 0L, 0L, 0L, 1L, 0L, 0L), .Dim = 4:3, .Dimnames = structure(list(
        c("-1", "0", "1", NA), c("A", "G", NA)), .Names = c("", 
    "")), class = "table"), All.Tags = list(Concordant = list(
        Freqs = structure(c(1, 98, 0, 0, 111, 0), .Dim = 3:2, .Dimnames = list(
            c("-1", "0", "1"), c("A", "G"))), N = 210), Majority = list(
        Freqs = structure(c(1, 103, 0, 0, 114, 0), .Dim = 3:2, .Dimnames = list(
            c("-1", "0", "1"), c("A", "G"))), N = 218)), `2` = structure(c(1, 
    75, 0, 0, 91, 0), .Dim = 3:2, .Dimnames = list(c("-1", "0", 
    "1"), c("A", "G"))))))
