Results <-
list(`bwa.out//20220204//BlindCMMRD135_S61.sam` = list(LR11_SNP1 = list(
    All = list(Freqs = structure(c(46L, 2446L, 13L, 0L, 7L, 37L, 
    1870L, 24L, 1L, 11L, 0L, 24L, 0L, 0L, 0L), .Dim = c(5L, 3L
    ), .Dimnames = structure(list(c("-1", "0", "1", "2", NA), 
        c("A", "C", NA)), .Names = c("", "")), class = "table"), 
        N = 4479L), Tag.Distribution = structure(c(`1` = 137L, 
    `2` = 124L, `3` = 90L, `4` = 93L, `5` = 84L, `6` = 72L, `7` = 50L, 
    `8` = 39L, `9` = 45L, `10` = 36L, `11` = 20L, `12` = 15L, 
    `13` = 17L, `14` = 5L, `15` = 5L, `16` = 7L, `17` = 3L, `18` = 3L, 
    `19` = 2L, `20` = 2L, `22` = 1L, `30` = 1L), .Dim = 22L, .Dimnames = list(
        TagUsage = c("1", "2", "3", "4", "5", "6", "7", "8", 
        "9", "10", "11", "12", "13", "14", "15", "16", "17", 
        "18", "19", "20", "22", "30")), class = "table"), No.Tag = structure(c(0L, 
    28L, 0L, 0L, 0L, 0L, 31L, 0L, 0L, 0L, 0L, 1L, 0L, 0L, 0L), .Dim = c(5L, 
    3L), .Dimnames = structure(list(c("-1", "0", "1", "2", NA
    ), c("A", "C", NA)), .Names = c("", "")), class = "table"), 
    All.Tags = list(Concordant = list(Freqs = structure(c(2, 
    386, 3, 0, 0, 314, 2, 0), .Dim = c(4L, 2L), .Dimnames = list(
        c("-1", "0", "1", "2"), c("A", "C"))), N = 707), Majority = list(
        Freqs = structure(c(2, 445, 3, 0, 0, 372, 2, 0), .Dim = c(4L, 
        2L), .Dimnames = list(c("-1", "0", "1", "2"), c("A", 
        "C"))), N = 824)), `2` = structure(c(0, 377, 0, 0, 0, 
    311, 0, 0), .Dim = c(4L, 2L), .Dimnames = list(c("-1", "0", 
    "1", "2"), c("A", "C"))))))
