Results <-
list(`bwa.out//20220204//BlindCMMRD130_S56.sam` = list(LR11_SNP1 = list(
    All = list(Freqs = structure(c(1L, 48L, 2242L, 17L, 9L, 4L, 
    46L, 1929L, 19L, 15L, 0L, 1L, 18L, 1L, 0L), .Dim = c(5L, 
    3L), .Dimnames = structure(list(c("-2", "-1", "0", "1", NA
    ), c("A", "C", NA)), .Names = c("", "")), class = "table"), 
        N = 4350L), Tag.Distribution = structure(c(`1` = 188L, 
    `2` = 154L, `3` = 128L, `4` = 114L, `5` = 112L, `6` = 76L, 
    `7` = 58L, `8` = 52L, `9` = 34L, `10` = 17L, `11` = 14L, 
    `12` = 9L, `13` = 8L, `14` = 3L, `15` = 5L, `16` = 3L, `17` = 1L, 
    `19` = 1L, `20` = 3L), .Dim = 19L, .Dimnames = list(TagUsage = c("1", 
    "2", "3", "4", "5", "6", "7", "8", "9", "10", "11", "12", 
    "13", "14", "15", "16", "17", "19", "20")), class = "table"), 
    No.Tag = structure(c(0L, 2L, 30L, 0L, 1L, 0L, 1L, 38L, 1L, 
    0L, 0L, 0L, 0L, 0L, 0L), .Dim = c(5L, 3L), .Dimnames = structure(list(
        c("-2", "-1", "0", "1", NA), c("A", "C", NA)), .Names = c("", 
    "")), class = "table"), All.Tags = list(Concordant = list(
        Freqs = structure(c(0, 7, 428, 0, 0, 5, 373, 1), .Dim = c(4L, 
        2L), .Dimnames = list(c("-2", "-1", "0", "1"), c("A", 
        "C"))), N = 814), Majority = list(Freqs = structure(c(0, 
    9, 499, 0, 0, 8, 442, 1), .Dim = c(4L, 2L), .Dimnames = list(
        c("-2", "-1", "0", "1"), c("A", "C"))), N = 959)), `2` = structure(c(0, 
    3, 410, 0, 0, 5, 356, 1), .Dim = c(4L, 2L), .Dimnames = list(
        c("-2", "-1", "0", "1"), c("A", "C"))))))
