Results <-
list(`bwa.out//20220204//BlindCMMRD61_S20.sam` = list(LR36_SNP1 = list(
    All = list(Freqs = structure(c(0L, 1L, 0L, 0L, 0L, 2L, 59L, 
    1765L, 12L, 20L, 0L, 0L, 1L, 0L, 0L, 2L, 38L, 2032L, 41L, 
    14L, 0L, 2L, 121L, 1L, 0L), .Dim = c(5L, 5L), .Dimnames = structure(list(
        c("-2", "-1", "0", "1", NA), c("-", "A", "G", "T", NA
        )), .Names = c("", "")), class = "table"), N = 4111L), 
    Tag.Distribution = structure(c(`1` = 86L, `2` = 32L, `3` = 19L, 
    `4` = 24L, `5` = 19L, `6` = 26L, `7` = 15L, `8` = 9L, `9` = 16L, 
    `10` = 17L, `11` = 11L, `12` = 8L, `13` = 9L, `14` = 7L, 
    `15` = 7L, `16` = 11L, `17` = 3L, `18` = 7L, `20` = 5L, `21` = 12L, 
    `22` = 10L, `23` = 6L, `24` = 4L, `25` = 4L, `26` = 7L, `28` = 4L, 
    `29` = 4L, `30` = 2L, `31` = 1L, `32` = 1L, `34` = 2L, `35` = 1L, 
    `36` = 1L, `37` = 3L, `38` = 3L, `39` = 1L, `42` = 1L, `44` = 1L
    ), .Dim = 38L, .Dimnames = list(TagUsage = c("1", "2", "3", 
    "4", "5", "6", "7", "8", "9", "10", "11", "12", "13", "14", 
    "15", "16", "17", "18", "20", "21", "22", "23", "24", "25", 
    "26", "28", "29", "30", "31", "32", "34", "35", "36", "37", 
    "38", "39", "42", "44")), class = "table"), No.Tag = structure(c(0L, 
    0L, 0L, 0L, 0L, 0L, 1L, 82L, 0L, 5L, 0L, 0L, 0L, 0L, 0L, 
    0L, 1L, 127L, 2L, 6L, 0L, 0L, 23L, 1L, 0L), .Dim = c(5L, 
    5L), .Dimnames = structure(list(c("-2", "-1", "0", "1", NA
    ), c("-", "A", "G", "T", NA)), .Names = c("", "")), class = "table"), 
    All.Tags = list(Concordant = list(Freqs = structure(c(0, 
    0, 0, 0, 0, 2, 134, 1, 0, 0, 0, 0, 0, 0, 156, 1), .Dim = c(4L, 
    4L), .Dimnames = list(c("-2", "-1", "0", "1"), c("-", "A", 
    "G", "T"))), N = 294), Majority = list(Freqs = structure(c(0, 
    0, 0, 0, 0, 2, 180, 1, 0, 0, 0, 0, 0, 0, 206, 1), .Dim = c(4L, 
    4L), .Dimnames = list(c("-2", "-1", "0", "1"), c("-", "A", 
    "G", "T"))), N = 390)), `2` = structure(c(0, 0, 0, 0, 0, 
    0, 142, 0, 0, 0, 0, 0, 0, 0, 171, 0), .Dim = c(4L, 4L), .Dimnames = list(
        c("-2", "-1", "0", "1"), c("-", "A", "G", "T"))))))
