Results <-
list(`bwa.out//20220204//BlindCMMRD114_S40.sam` = list(LR20_SNP1 = list(
    All = list(Freqs = structure(c(0L, 3L, 0L, 0L, 8L, 4735L, 
    8L, 1L, 0L, 38L, 0L, 0L), .Dim = 4:3, .Dimnames = structure(list(
        c("-1", "0", "1", NA), c("A", "G", NA)), .Names = c("", 
    "")), class = "table"), N = 4793L), Tag.Distribution = structure(c(`1` = 95L, 
    `2` = 77L, `3` = 94L, `4` = 106L, `5` = 74L, `6` = 61L, `7` = 54L, 
    `8` = 45L, `9` = 43L, `10` = 32L, `11` = 18L, `12` = 19L, 
    `13` = 19L, `14` = 9L, `15` = 11L, `16` = 7L, `17` = 5L, 
    `18` = 2L, `19` = 1L, `20` = 5L, `21` = 3L, `22` = 3L, `23` = 1L, 
    `24` = 1L, `25` = 1L, `27` = 1L, `29` = 1L, `30` = 1L), .Dim = 28L, .Dimnames = list(
        TagUsage = c("1", "2", "3", "4", "5", "6", "7", "8", 
        "9", "10", "11", "12", "13", "14", "15", "16", "17", 
        "18", "19", "20", "21", "22", "23", "24", "25", "27", 
        "29", "30")), class = "table"), No.Tag = structure(c(0L, 
    0L, 0L, 0L, 0L, 48L, 0L, 1L, 0L, 5L, 0L, 0L), .Dim = 4:3, .Dimnames = structure(list(
        c("-1", "0", "1", NA), c("A", "G", NA)), .Names = c("", 
    "")), class = "table"), All.Tags = list(Concordant = list(
        Freqs = structure(c(0, 1, 0, 0, 770, 0), .Dim = 3:2, .Dimnames = list(
            c("-1", "0", "1"), c("A", "G"))), N = 771), Majority = list(
        Freqs = structure(c(0, 1, 0, 0, 783, 0), .Dim = 3:2, .Dimnames = list(
            c("-1", "0", "1"), c("A", "G"))), N = 784)), `2` = structure(c(0, 
    0, 0, 0, 693, 0), .Dim = 3:2, .Dimnames = list(c("-1", "0", 
    "1"), c("A", "G"))))))
