Results <-
list(`bwa.out//20220204//BlindCMMRD128_S54.sam` = list(LR52_SNP1 = list(
    All = list(Freqs = structure(c(0L, 0L, 0L, 1L, 0L, 0L, 1L, 
    7L, 188L, 1783L, 19L, 16L, 2L, 11L, 182L, 1902L, 22L, 10L, 
    0L, 1L, 6L, 170L, 2L, 0L), .Dim = c(6L, 4L), .Dimnames = structure(list(
        c("-3", "-2", "-1", "0", "1", NA), c("-", "C", "T", NA
        )), .Names = c("", "")), class = "table"), N = 4323L), 
    Tag.Distribution = structure(c(`1` = 389L, `2` = 280L, `3` = 208L, 
    `4` = 135L, `5` = 113L, `6` = 62L, `7` = 42L, `8` = 28L, 
    `9` = 17L, `10` = 18L, `11` = 12L, `12` = 9L, `14` = 3L, 
    `15` = 1L, `16` = 2L, `21` = 1L, `22` = 1L), .Dim = 17L, .Dimnames = list(
        TagUsage = c("1", "2", "3", "4", "5", "6", "7", "8", 
        "9", "10", "11", "12", "14", "15", "16", "21", "22")), class = "table"), 
    No.Tag = structure(c(0L, 0L, 0L, 0L, 0L, 0L, 0L, 0L, 0L, 
    17L, 0L, 1L, 0L, 0L, 2L, 26L, 0L, 0L, 0L, 0L, 0L, 4L, 0L, 
    0L), .Dim = c(6L, 4L), .Dimnames = structure(list(c("-3", 
    "-2", "-1", "0", "1", NA), c("-", "C", "T", NA)), .Names = c("", 
    "")), class = "table"), All.Tags = list(Concordant = list(
        Freqs = structure(c(0, 0, 0, 0, 0, 1, 0, 27, 430, 3, 
        0, 0, 24, 457, 1), .Dim = c(5L, 3L), .Dimnames = list(
            c("-3", "-2", "-1", "0", "1"), c("-", "C", "T"))), 
        N = 943), Majority = list(Freqs = structure(c(0, 0, 0, 
    0, 0, 1, 0, 29, 570, 3, 0, 1, 32, 588, 1), .Dim = c(5L, 3L
    ), .Dimnames = list(c("-3", "-2", "-1", "0", "1"), c("-", 
    "C", "T"))), N = 1225)), `2` = structure(c(0, 0, 0, 0, 0, 
    0, 0, 10, 408, 2, 0, 1, 14, 414, 0), .Dim = c(5L, 3L), .Dimnames = list(
        c("-3", "-2", "-1", "0", "1"), c("-", "C", "T"))))))
