Results <-
list(`bwa.out//20220204//Control15_S8.sam` = list(LR49_SNP1 = list(
    All = list(Freqs = structure(c(1L, 1122L, 0L, 2L, 1411L, 
    3L, 0L, 22L, 0L), .Dim = c(3L, 3L), .Dimnames = structure(list(
        c("-1", "0", NA), c("A", "G", NA)), .Names = c("", ""
    )), class = "table"), N = 2561L), Tag.Distribution = structure(c(`1` = 86L, 
    `2` = 55L, `3` = 35L, `4` = 28L, `5` = 30L, `6` = 20L, `7` = 19L, 
    `8` = 12L, `9` = 17L, `10` = 14L, `11` = 8L, `12` = 13L, 
    `13` = 6L, `14` = 7L, `15` = 7L, `16` = 4L, `17` = 5L, `18` = 1L, 
    `19` = 2L, `20` = 2L, `21` = 2L, `22` = 3L, `23` = 1L, `24` = 1L, 
    `25` = 1L, `26` = 2L, `27` = 1L, `29` = 1L, `30` = 1L, `34` = 1L, 
    `37` = 1L), .Dim = 31L, .Dimnames = list(TagUsage = c("1", 
    "2", "3", "4", "5", "6", "7", "8", "9", "10", "11", "12", 
    "13", "14", "15", "16", "17", "18", "19", "20", "21", "22", 
    "23", "24", "25", "26", "27", "29", "30", "34", "37")), class = "table"), 
    No.Tag = structure(c(0L, 81L, 0L, 0L, 109L, 1L, 0L, 6L, 0L
    ), .Dim = c(3L, 3L), .Dimnames = structure(list(c("-1", "0", 
    NA), c("A", "G", NA)), .Names = c("", "")), class = "table"), 
    All.Tags = list(Concordant = list(Freqs = structure(c(0, 
    161, 0, 197), .Dim = c(2L, 2L), .Dimnames = list(c("-1", 
    "0"), c("A", "G"))), N = 358), Majority = list(Freqs = structure(c(0, 
    171, 0, 211), .Dim = c(2L, 2L), .Dimnames = list(c("-1", 
    "0"), c("A", "G"))), N = 382)), `2` = structure(c(0, 135, 
    0, 163), .Dim = c(2L, 2L), .Dimnames = list(c("-1", "0"), 
        c("A", "G"))))))
