Results <-
list(`bwa.out//20220204//MLPA101_S15.sam` = list(GM29_SNP1 = list(
    All = list(Freqs = structure(c(1L, 12L, 1376L, 9L, 1L, 0L, 
    17L, 1313L, 7L, 5L, 0L, 0L, 11L, 0L, 0L), .Dim = c(5L, 3L
    ), .Dimnames = structure(list(c("-2", "-1", "0", "1", NA), 
        c("A", "G", NA)), .Names = c("", "")), class = "table"), 
        N = 2752L), Tag.Distribution = structure(c(`1` = 91L, 
    `2` = 46L, `3` = 42L, `4` = 28L, `5` = 28L, `6` = 25L, `7` = 15L, 
    `8` = 11L, `9` = 15L, `10` = 17L, `11` = 7L, `12` = 11L, 
    `13` = 8L, `14` = 7L, `15` = 5L, `16` = 4L, `17` = 5L, `18` = 4L, 
    `19` = 4L, `20` = 1L, `21` = 4L, `22` = 3L, `23` = 1L, `24` = 3L, 
    `26` = 1L, `27` = 1L, `28` = 3L, `29` = 2L, `30` = 1L, `34` = 1L, 
    `35` = 1L, `36` = 1L, `45` = 1L, `58` = 1L), .Dim = 34L, .Dimnames = list(
        TagUsage = c("1", "2", "3", "4", "5", "6", "7", "8", 
        "9", "10", "11", "12", "13", "14", "15", "16", "17", 
        "18", "19", "20", "21", "22", "23", "24", "26", "27", 
        "28", "29", "30", "34", "35", "36", "45", "58")), class = "table"), 
    No.Tag = structure(c(0L, 0L, 25L, 0L, 0L, 0L, 0L, 36L, 0L, 
    0L, 0L, 0L, 1L, 0L, 0L), .Dim = c(5L, 3L), .Dimnames = structure(list(
        c("-2", "-1", "0", "1", NA), c("A", "G", NA)), .Names = c("", 
    "")), class = "table"), All.Tags = list(Concordant = list(
        Freqs = structure(c(0, 0, 156, 0, 0, 1, 175, 0), .Dim = c(4L, 
        2L), .Dimnames = list(c("-2", "-1", "0", "1"), c("A", 
        "G"))), N = 332), Majority = list(Freqs = structure(c(0, 
    0, 181, 0, 0, 1, 206, 0), .Dim = c(4L, 2L), .Dimnames = list(
        c("-2", "-1", "0", "1"), c("A", "G"))), N = 388)), `2` = structure(c(0, 
    0, 137, 0, 0, 0, 161, 0), .Dim = c(4L, 2L), .Dimnames = list(
        c("-2", "-1", "0", "1"), c("A", "G"))))))
