Results <-
list(`bwa.out//20220204//BlindCMMRD59_S18.sam` = list(IM16_SNP1 = list(
    All = list(Freqs = structure(c(1L, 80L, 5289L, 65L, 2L, 0L, 
    0L, 12L, 0L, 0L, 0L, 0L, 55L, 2L, 0L), .Dim = c(5L, 3L), .Dimnames = structure(list(
        c("-2", "-1", "0", "1", NA), c("A", "G", NA)), .Names = c("", 
    "")), class = "table"), N = 5506L), Tag.Distribution = structure(c(`1` = 123L, 
    `2` = 57L, `3` = 36L, `4` = 35L, `5` = 33L, `6` = 36L, `7` = 32L, 
    `8` = 26L, `9` = 20L, `10` = 26L, `11` = 7L, `12` = 25L, 
    `13` = 25L, `14` = 18L, `15` = 11L, `16` = 11L, `17` = 9L, 
    `18` = 7L, `19` = 6L, `20` = 9L, `21` = 7L, `22` = 3L, `23` = 4L, 
    `24` = 2L, `25` = 1L, `26` = 3L, `27` = 5L, `28` = 5L, `29` = 7L, 
    `30` = 2L, `31` = 1L, `32` = 3L, `33` = 1L, `34` = 2L, `35` = 1L, 
    `36` = 1L, `37` = 1L, `38` = 1L, `39` = 2L, `42` = 1L, `43` = 1L, 
    `44` = 1L, `58` = 1L, `65` = 1L), .Dim = 44L, .Dimnames = list(
        TagUsage = c("1", "2", "3", "4", "5", "6", "7", "8", 
        "9", "10", "11", "12", "13", "14", "15", "16", "17", 
        "18", "19", "20", "21", "22", "23", "24", "25", "26", 
        "27", "28", "29", "30", "31", "32", "33", "34", "35", 
        "36", "37", "38", "39", "42", "43", "44", "58", "65")), class = "table"), 
    No.Tag = structure(c(0L, 1L, 185L, 3L, 0L, 0L, 0L, 2L, 0L, 
    0L, 0L, 0L, 11L, 0L, 0L), .Dim = c(5L, 3L), .Dimnames = structure(list(
        c("-2", "-1", "0", "1", NA), c("A", "G", NA)), .Names = c("", 
    "")), class = "table"), All.Tags = list(Concordant = list(
        Freqs = structure(c(0, 2, 497, 2, 0, 0, 5, 0), .Dim = c(4L, 
        2L), .Dimnames = list(c("-2", "-1", "0", "1"), c("A", 
        "G"))), N = 506), Majority = list(Freqs = structure(c(0, 
    3, 586, 2, 0, 0, 5, 0), .Dim = c(4L, 2L), .Dimnames = list(
        c("-2", "-1", "0", "1"), c("A", "G"))), N = 596)), `2` = structure(c(0, 
    1, 479, 0, 0, 0, 0, 0), .Dim = c(4L, 2L), .Dimnames = list(
        c("-2", "-1", "0", "1"), c("A", "G"))))))
