Results <-
list(`bwa.out//20220204//17D0989_S8.sam` = list(LR52_SNP1 = list(
    All = list(Freqs = structure(c(7L, 34L, 508L, 3718L, 56L, 
    28L, 0L, 1L, 0L, 2L, 0L, 0L, 0L, 0L, 9L, 404L, 6L, 0L), .Dim = c(6L, 
    3L), .Dimnames = structure(list(c("-3", "-2", "-1", "0", 
    "1", NA), c("C", "T", NA)), .Names = c("", "")), class = "table"), 
        N = 4773L), Tag.Distribution = structure(c(`1` = 127L, 
    `2` = 71L, `3` = 68L, `4` = 42L, `5` = 48L, `6` = 32L, `7` = 28L, 
    `8` = 22L, `9` = 17L, `10` = 24L, `11` = 6L, `12` = 14L, 
    `13` = 12L, `14` = 11L, `15` = 11L, `16` = 11L, `17` = 6L, 
    `18` = 5L, `19` = 6L, `20` = 7L, `21` = 5L, `22` = 8L, `23` = 1L, 
    `24` = 4L, `25` = 3L, `26` = 2L, `27` = 3L, `28` = 2L, `29` = 2L, 
    `30` = 1L, `31` = 2L, `32` = 4L, `33` = 2L, `34` = 2L, `35` = 3L, 
    `36` = 1L, `38` = 1L, `40` = 1L, `41` = 1L, `42` = 3L, `67` = 1L
    ), .Dim = 41L, .Dimnames = list(TagUsage = c("1", "2", "3", 
    "4", "5", "6", "7", "8", "9", "10", "11", "12", "13", "14", 
    "15", "16", "17", "18", "19", "20", "21", "22", "23", "24", 
    "25", "26", "27", "28", "29", "30", "31", "32", "33", "34", 
    "35", "36", "38", "40", "41", "42", "67")), class = "table"), 
    No.Tag = structure(c(0L, 0L, 7L, 61L, 0L, 1L, 0L, 0L, 0L, 
    0L, 0L, 0L, 0L, 0L, 1L, 5L, 0L, 0L), .Dim = c(6L, 3L), .Dimnames = structure(list(
        c("-3", "-2", "-1", "0", "1", NA), c("C", "T", NA)), .Names = c("", 
    "")), class = "table"), All.Tags = list(Concordant = list(
        Freqs = structure(c(0, 1, 22, 334, 5, 0, 1, 0, 1, 0), .Dim = c(5L, 
        2L), .Dimnames = list(c("-3", "-2", "-1", "0", "1"), 
            c("C", "T"))), N = 364), Majority = list(Freqs = structure(c(0, 
    1, 27, 533, 7, 0, 1, 0, 1, 0), .Dim = c(5L, 2L), .Dimnames = list(
        c("-3", "-2", "-1", "0", "1"), c("C", "T"))), N = 570)), 
    `2` = structure(c(0, 0, 14, 450, 2, 0, 0, 0, 0, 0), .Dim = c(5L, 
    2L), .Dimnames = list(c("-3", "-2", "-1", "0", "1"), c("C", 
    "T"))))))
