Results <-
list(`bwa.out//20220204//BlindCMMRD93_S52.sam` = list(GM01_SNP1 = list(
    All = list(Freqs = structure(c(23L, 2283L, 11L, 3L, 27L, 
    2469L, 7L, 3L, 0L, 40L, 0L, 0L), .Dim = 4:3, .Dimnames = structure(list(
        c("-1", "0", "1", NA), c("A", "G", NA)), .Names = c("", 
    "")), class = "table"), N = 4866L), Tag.Distribution = structure(c(`1` = 145L, 
    `2` = 96L, `3` = 66L, `4` = 55L, `5` = 53L, `6` = 46L, `7` = 36L, 
    `8` = 30L, `9` = 35L, `10` = 23L, `11` = 30L, `12` = 17L, 
    `13` = 18L, `14` = 12L, `15` = 15L, `16` = 13L, `17` = 6L, 
    `18` = 5L, `19` = 7L, `20` = 4L, `21` = 6L, `22` = 5L, `23` = 4L, 
    `24` = 2L, `25` = 2L, `27` = 2L, `28` = 1L, `29` = 2L, `30` = 1L, 
    `31` = 1L, `36` = 1L), .Dim = 31L, .Dimnames = list(TagUsage = c("1", 
    "2", "3", "4", "5", "6", "7", "8", "9", "10", "11", "12", 
    "13", "14", "15", "16", "17", "18", "19", "20", "21", "22", 
    "23", "24", "25", "27", "28", "29", "30", "31", "36")), class = "table"), 
    No.Tag = structure(c(0L, 55L, 1L, 0L, 0L, 38L, 0L, 0L, 0L, 
    2L, 0L, 0L), .Dim = 4:3, .Dimnames = structure(list(c("-1", 
    "0", "1", NA), c("A", "G", NA)), .Names = c("", "")), class = "table"), 
    All.Tags = list(Concordant = list(Freqs = structure(c(0, 
    308, 2, 2, 332, 1), .Dim = 3:2, .Dimnames = list(c("-1", 
    "0", "1"), c("A", "G"))), N = 645), Majority = list(Freqs = structure(c(0, 
    347, 2, 2, 384, 1), .Dim = 3:2, .Dimnames = list(c("-1", 
    "0", "1"), c("A", "G"))), N = 736)), `2` = structure(c(0, 
    278, 2, 1, 311, 0), .Dim = 3:2, .Dimnames = list(c("-1", 
    "0", "1"), c("A", "G"))))))
