Results <-
list(`bwa.out//20220204//BlindCMMRD122_S48.sam` = list(GM11_SNP1 = list(
    All = list(Freqs = structure(c(1L, 11L, 2817L, 6L, 1L, 0L, 
    17L, 2979L, 14L, 9L, 0L, 0L, 15L, 0L, 0L), .Dim = c(5L, 3L
    ), .Dimnames = structure(list(c("-2", "-1", "0", "1", NA), 
        c("A", "G", NA)), .Names = c("", "")), class = "table"), 
        N = 5870L), Tag.Distribution = structure(c(`1` = 213L, 
    `2` = 131L, `3` = 114L, `4` = 115L, `5` = 79L, `6` = 65L, 
    `7` = 50L, `8` = 55L, `9` = 37L, `10` = 33L, `11` = 24L, 
    `12` = 19L, `13` = 21L, `14` = 10L, `15` = 8L, `16` = 11L, 
    `17` = 8L, `18` = 6L, `19` = 6L, `20` = 6L, `21` = 5L, `22` = 4L, 
    `23` = 2L, `25` = 2L, `26` = 2L, `28` = 2L, `29` = 1L, `30` = 3L, 
    `32` = 1L, `61` = 1L), .Dim = 30L, .Dimnames = list(TagUsage = c("1", 
    "2", "3", "4", "5", "6", "7", "8", "9", "10", "11", "12", 
    "13", "14", "15", "16", "17", "18", "19", "20", "21", "22", 
    "23", "25", "26", "28", "29", "30", "32", "61")), class = "table"), 
    No.Tag = structure(c(0L, 0L, 38L, 0L, 0L, 0L, 0L, 27L, 0L, 
    0L, 0L, 0L, 2L, 0L, 0L), .Dim = c(5L, 3L), .Dimnames = structure(list(
        c("-2", "-1", "0", "1", NA), c("A", "G", NA)), .Names = c("", 
    "")), class = "table"), All.Tags = list(Concordant = list(
        Freqs = structure(c(0, 1, 454, 0, 0, 0, 410, 0), .Dim = c(4L, 
        2L), .Dimnames = list(c("-2", "-1", "0", "1"), c("A", 
        "G"))), N = 865), Majority = list(Freqs = structure(c(0, 
    1, 511, 0, 0, 0, 507, 0), .Dim = c(4L, 2L), .Dimnames = list(
        c("-2", "-1", "0", "1"), c("A", "G"))), N = 1019)), `2` = structure(c(0, 
    0, 397, 0, 0, 0, 411, 0), .Dim = c(4L, 2L), .Dimnames = list(
        c("-2", "-1", "0", "1"), c("A", "G"))))))
