Results <-
list(`bwa.out//20220204//BlindCMMRD66_S25.sam` = list(GM17_SNP1 = list(
    All = list(Freqs = structure(c(0L, 0L, 2L, 0L, 0L, 0L, 25L, 
    2334L, 2L, 1L, 1L, 25L, 2376L, 10L, 3L, 0L, 1L, 35L, 0L, 
    0L), .Dim = 5:4, .Dimnames = structure(list(c("-2", "-1", 
    "0", "1", NA), c("A", "C", "T", NA)), .Names = c("", "")), class = "table"), 
        N = 4815L), Tag.Distribution = structure(c(`1` = 105L, 
    `2` = 57L, `3` = 46L, `4` = 31L, `5` = 26L, `6` = 38L, `7` = 27L, 
    `8` = 32L, `9` = 22L, `10` = 22L, `11` = 20L, `12` = 11L, 
    `13` = 16L, `14` = 18L, `15` = 11L, `16` = 8L, `17` = 10L, 
    `18` = 15L, `19` = 12L, `20` = 4L, `21` = 3L, `22` = 8L, 
    `23` = 8L, `24` = 4L, `25` = 2L, `26` = 5L, `27` = 4L, `28` = 1L, 
    `31` = 2L, `32` = 1L, `33` = 2L, `34` = 1L, `35` = 1L, `36` = 1L, 
    `38` = 1L), .Dim = 35L, .Dimnames = list(TagUsage = c("1", 
    "2", "3", "4", "5", "6", "7", "8", "9", "10", "11", "12", 
    "13", "14", "15", "16", "17", "18", "19", "20", "21", "22", 
    "23", "24", "25", "26", "27", "28", "31", "32", "33", "34", 
    "35", "36", "38")), class = "table"), No.Tag = structure(c(0L, 
    0L, 0L, 0L, 0L, 0L, 0L, 79L, 0L, 0L, 0L, 0L, 37L, 0L, 0L, 
    0L, 0L, 6L, 0L, 0L), .Dim = 5:4, .Dimnames = structure(list(
        c("-2", "-1", "0", "1", NA), c("A", "C", "T", NA)), .Names = c("", 
    "")), class = "table"), All.Tags = list(Concordant = list(
        Freqs = structure(c(0, 0, 0, 0, 0, 0, 241, 0, 0, 0, 246, 
        0), .Dim = 4:3, .Dimnames = list(c("-2", "-1", "0", "1"
        ), c("A", "C", "T"))), N = 487), Majority = list(Freqs = structure(c(0, 
    0, 0, 0, 0, 0, 278, 0, 0, 0, 286, 0), .Dim = 4:3, .Dimnames = list(
        c("-2", "-1", "0", "1"), c("A", "C", "T"))), N = 564)), 
    `2` = structure(c(0, 0, 0, 0, 0, 0, 230, 0, 0, 0, 237, 0), .Dim = 4:3, .Dimnames = list(
        c("-2", "-1", "0", "1"), c("A", "C", "T"))))))
