Results <-
list(`bwa.out//20220204//Control22_S15.sam` = list(LR52_SNP1 = list(
    All = list(Freqs = structure(c(1L, 7L, 153L, 1564L, 19L, 
    2L, 0L, 0L, 0L, 1L, 0L, 0L, 0L, 0L, 5L, 94L, 0L, 0L), .Dim = c(6L, 
    3L), .Dimnames = structure(list(c("-3", "-2", "-1", "0", 
    "1", NA), c("C", "T", NA)), .Names = c("", "")), class = "table"), 
        N = 1846L), Tag.Distribution = structure(c(`1` = 69L, 
    `2` = 33L, `3` = 26L, `4` = 21L, `5` = 15L, `6` = 16L, `7` = 14L, 
    `8` = 19L, `9` = 8L, `10` = 4L, `11` = 9L, `12` = 7L, `13` = 5L, 
    `14` = 4L, `15` = 5L, `16` = 6L, `17` = 4L, `18` = 4L, `19` = 3L, 
    `20` = 3L, `21` = 4L, `22` = 1L, `23` = 1L, `24` = 1L, `25` = 1L, 
    `27` = 1L, `33` = 1L), .Dim = 27L, .Dimnames = list(TagUsage = c("1", 
    "2", "3", "4", "5", "6", "7", "8", "9", "10", "11", "12", 
    "13", "14", "15", "16", "17", "18", "19", "20", "21", "22", 
    "23", "24", "25", "27", "33")), class = "table"), No.Tag = structure(c(0L, 
    0L, 2L, 38L, 1L, 0L, 0L, 0L, 0L, 0L, 0L, 0L, 0L, 0L, 1L, 
    4L, 0L, 0L), .Dim = c(6L, 3L), .Dimnames = structure(list(
        c("-3", "-2", "-1", "0", "1", NA), c("C", "T", NA)), .Names = c("", 
    "")), class = "table"), All.Tags = list(Concordant = list(
        Freqs = structure(c(0, 0, 11, 183, 3, 0, 0, 0, 1, 0), .Dim = c(5L, 
        2L), .Dimnames = list(c("-3", "-2", "-1", "0", "1"), 
            c("C", "T"))), N = 198), Majority = list(Freqs = structure(c(0, 
    0, 13, 258, 3, 0, 0, 0, 1, 0), .Dim = c(5L, 2L), .Dimnames = list(
        c("-3", "-2", "-1", "0", "1"), c("C", "T"))), N = 275)), 
    `2` = structure(c(0, 0, 6, 205, 0, 0, 0, 0, 0, 0), .Dim = c(5L, 
    2L), .Dimnames = list(c("-3", "-2", "-1", "0", "1"), c("C", 
    "T"))))))
