Results <-
list(`bwa.out//20220204//BlindCMMRD44_S4.sam` = list(GM17_SNP1 = list(
    All = list(Freqs = structure(c(0L, 0L, 2L, 0L, 0L, 2L, 54L, 
    4372L, 15L, 2L, 0L, 0L, 25L, 0L, 0L), .Dim = c(5L, 3L), .Dimnames = structure(list(
        c("-2", "-1", "0", "1", NA), c("C", "T", NA)), .Names = c("", 
    "")), class = "table"), N = 4472L), Tag.Distribution = structure(c(`1` = 81L, 
    `2` = 35L, `3` = 20L, `4` = 9L, `5` = 24L, `6` = 20L, `7` = 20L, 
    `8` = 19L, `9` = 20L, `10` = 10L, `11` = 16L, `12` = 12L, 
    `13` = 11L, `14` = 8L, `15` = 11L, `16` = 4L, `17` = 14L, 
    `18` = 4L, `19` = 6L, `20` = 5L, `21` = 5L, `22` = 8L, `23` = 5L, 
    `24` = 4L, `25` = 5L, `26` = 1L, `27` = 8L, `28` = 3L, `29` = 4L, 
    `30` = 3L, `31` = 1L, `32` = 2L, `34` = 1L, `35` = 5L, `36` = 1L, 
    `37` = 1L, `38` = 3L, `39` = 2L, `41` = 1L, `44` = 3L, `45` = 1L, 
    `47` = 1L, `49` = 1L), .Dim = 43L, .Dimnames = list(TagUsage = c("1", 
    "2", "3", "4", "5", "6", "7", "8", "9", "10", "11", "12", 
    "13", "14", "15", "16", "17", "18", "19", "20", "21", "22", 
    "23", "24", "25", "26", "27", "28", "29", "30", "31", "32", 
    "34", "35", "36", "37", "38", "39", "41", "44", "45", "47", 
    "49")), class = "table"), No.Tag = structure(c(0L, 0L, 0L, 
    0L, 0L, 0L, 0L, 48L, 0L, 1L, 0L, 0L, 4L, 0L, 0L), .Dim = c(5L, 
    3L), .Dimnames = structure(list(c("-2", "-1", "0", "1", NA
    ), c("C", "T", NA)), .Names = c("", "")), class = "table"), 
    All.Tags = list(Concordant = list(Freqs = structure(c(0, 
    0, 0, 0, 0, 0, 358, 0), .Dim = c(4L, 2L), .Dimnames = list(
        c("-2", "-1", "0", "1"), c("C", "T"))), N = 358), Majority = list(
        Freqs = structure(c(0, 0, 0, 0, 0, 1, 416, 0), .Dim = c(4L, 
        2L), .Dimnames = list(c("-2", "-1", "0", "1"), c("C", 
        "T"))), N = 417)), `2` = structure(c(0, 0, 0, 0, 0, 1, 
    336, 0), .Dim = c(4L, 2L), .Dimnames = list(c("-2", "-1", 
    "0", "1"), c("C", "T"))))))
