Results <-
list(`bwa.out//20220204//Control21_S14.sam` = list(GM14_SNP1 = list(
    All = list(Freqs = structure(c(0L, 0L, 0L, 3L, 0L, 0L, 1L, 
    1L, 17L, 850L, 9L, 3L, 0L, 0L, 24L, 948L, 4L, 0L, 0L, 0L, 
    0L, 26L, 0L, 0L), .Dim = c(6L, 4L), .Dimnames = structure(list(
        c("-3", "-2", "-1", "0", "1", NA), c("A", "C", "T", NA
        )), .Names = c("", "")), class = "table"), N = 1886L), 
    Tag.Distribution = structure(c(`1` = 79L, `2` = 33L, `3` = 37L, 
    `4` = 26L, `5` = 27L, `6` = 22L, `7` = 13L, `8` = 15L, `9` = 11L, 
    `10` = 6L, `11` = 8L, `12` = 12L, `13` = 6L, `14` = 4L, `15` = 8L, 
    `16` = 4L, `17` = 1L, `18` = 1L, `19` = 3L, `20` = 2L, `21` = 2L, 
    `23` = 2L, `28` = 1L, `29` = 1L), .Dim = 24L, .Dimnames = list(
        TagUsage = c("1", "2", "3", "4", "5", "6", "7", "8", 
        "9", "10", "11", "12", "13", "14", "15", "16", "17", 
        "18", "19", "20", "21", "23", "28", "29")), class = "table"), 
    No.Tag = structure(c(0L, 0L, 0L, 0L, 0L, 0L, 0L, 0L, 0L, 
    26L, 1L, 0L, 0L, 0L, 0L, 33L, 0L, 0L, 0L, 0L, 0L, 2L, 0L, 
    0L), .Dim = c(6L, 4L), .Dimnames = structure(list(c("-3", 
    "-2", "-1", "0", "1", NA), c("A", "C", "T", NA)), .Names = c("", 
    "")), class = "table"), All.Tags = list(Concordant = list(
        Freqs = structure(c(0, 0, 0, 0, 0, 0, 0, 2, 131, 0, 0, 
        0, 2, 140, 0), .Dim = c(5L, 3L), .Dimnames = list(c("-3", 
        "-2", "-1", "0", "1"), c("A", "C", "T"))), N = 275), 
        Majority = list(Freqs = structure(c(0, 0, 0, 0, 0, 0, 
        0, 2, 153, 0, 0, 0, 3, 163, 0), .Dim = c(5L, 3L), .Dimnames = list(
            c("-3", "-2", "-1", "0", "1"), c("A", "C", "T"))), 
            N = 321)), `2` = structure(c(0, 0, 0, 0, 0, 0, 0, 
    0, 115, 0, 0, 0, 1, 128, 0), .Dim = c(5L, 3L), .Dimnames = list(
        c("-3", "-2", "-1", "0", "1"), c("A", "C", "T"))))))
