Results <-
list(`bwa.out//20220204//BlindCMMRD41_S1.sam` = list(LR46_SNP1 = list(
    All = list(Freqs = structure(c(0L, 1L, 0L, 0L, 0L, 1L, 0L, 
    0L, 13L, 3875L, 10L, 10L, 0L, 19L, 0L, 0L, 0L, 31L, 0L, 0L
    ), .Dim = 4:5, .Dimnames = structure(list(c("-1", "0", "1", 
    NA), c("A", "C", "G", "T", NA)), .Names = c("", "")), class = "table"), 
        N = 3960L), Tag.Distribution = structure(c(`1` = 108L, 
    `2` = 6L, `3` = 16L, `4` = 8L, `5` = 9L, `6` = 9L, `7` = 10L, 
    `8` = 7L, `9` = 9L, `10` = 9L, `11` = 9L, `12` = 10L, `13` = 4L, 
    `14` = 6L, `15` = 5L, `16` = 8L, `17` = 7L, `18` = 3L, `19` = 5L, 
    `20` = 1L, `21` = 1L, `22` = 4L, `23` = 4L, `24` = 2L, `25` = 4L, 
    `26` = 5L, `27` = 4L, `28` = 2L, `29` = 2L, `30` = 1L, `31` = 3L, 
    `32` = 1L, `33` = 2L, `34` = 5L, `35` = 4L, `36` = 1L, `37` = 2L, 
    `38` = 1L, `39` = 1L, `40` = 1L, `41` = 1L, `42` = 1L, `43` = 1L, 
    `44` = 3L, `45` = 1L, `46` = 1L, `47` = 4L, `48` = 1L, `50` = 1L, 
    `56` = 1L, `58` = 1L, `61` = 1L, `63` = 1L, `67` = 1L, `69` = 1L
    ), .Dim = 55L, .Dimnames = list(TagUsage = c("1", "2", "3", 
    "4", "5", "6", "7", "8", "9", "10", "11", "12", "13", "14", 
    "15", "16", "17", "18", "19", "20", "21", "22", "23", "24", 
    "25", "26", "27", "28", "29", "30", "31", "32", "33", "34", 
    "35", "36", "37", "38", "39", "40", "41", "42", "43", "44", 
    "45", "46", "47", "48", "50", "56", "58", "61", "63", "67", 
    "69")), class = "table"), No.Tag = structure(c(0L, 0L, 0L, 
    0L, 0L, 0L, 0L, 0L, 0L, 42L, 1L, 2L, 0L, 1L, 0L, 0L, 0L, 
    4L, 0L, 0L), .Dim = 4:5, .Dimnames = structure(list(c("-1", 
    "0", "1", NA), c("A", "C", "G", "T", NA)), .Names = c("", 
    "")), class = "table"), All.Tags = list(Concordant = list(
        Freqs = structure(c(0, 0, 0, 0, 0, 0, 0, 271, 1, 0, 17, 
        0), .Dim = 3:4, .Dimnames = list(c("-1", "0", "1"), c("A", 
        "C", "G", "T"))), N = 289), Majority = list(Freqs = structure(c(0, 
    0, 0, 0, 0, 0, 0, 292, 1, 0, 17, 0), .Dim = 3:4, .Dimnames = list(
        c("-1", "0", "1"), c("A", "C", "G", "T"))), N = 310)), 
    `2` = structure(c(0, 0, 0, 0, 0, 0, 0, 210, 0, 0, 0, 0), .Dim = 3:4, .Dimnames = list(
        c("-1", "0", "1"), c("A", "C", "G", "T"))))))
