Results <-
list(`bwa.out//20220204//Control16_S9.sam` = list(LR36_SNP1 = list(
    All = list(Freqs = structure(c(0L, 0L, 0L, 2L, 0L, 0L, 1L, 
    1L, 26L, 1654L, 14L, 9L, 0L, 0L, 2L, 57L, 3L, 0L), .Dim = c(6L, 
    3L), .Dimnames = structure(list(c("-3", "-2", "-1", "0", 
    "1", NA), c("A", "T", NA)), .Names = c("", "")), class = "table"), 
        N = 1769L), Tag.Distribution = structure(c(`1` = 64L, 
    `2` = 36L, `3` = 33L, `4` = 17L, `5` = 28L, `6` = 16L, `7` = 18L, 
    `8` = 14L, `9` = 7L, `10` = 7L, `11` = 12L, `12` = 4L, `13` = 3L, 
    `14` = 5L, `15` = 2L, `16` = 2L, `17` = 3L, `18` = 2L, `19` = 2L, 
    `20` = 1L, `21` = 2L, `22` = 1L, `24` = 1L, `25` = 1L, `29` = 2L, 
    `32` = 1L), .Dim = 26L, .Dimnames = list(TagUsage = c("1", 
    "2", "3", "4", "5", "6", "7", "8", "9", "10", "11", "12", 
    "13", "14", "15", "16", "17", "18", "19", "20", "21", "22", 
    "24", "25", "29", "32")), class = "table"), No.Tag = structure(c(0L, 
    0L, 0L, 0L, 0L, 0L, 0L, 0L, 3L, 145L, 0L, 0L, 0L, 0L, 1L, 
    10L, 1L, 0L), .Dim = c(6L, 3L), .Dimnames = structure(list(
        c("-3", "-2", "-1", "0", "1", NA), c("A", "T", NA)), .Names = c("", 
    "")), class = "table"), All.Tags = list(Concordant = list(
        Freqs = structure(c(0, 0, 0, 1, 0, 0, 0, 0, 246, 2), .Dim = c(5L, 
        2L), .Dimnames = list(c("-3", "-2", "-1", "0", "1"), 
            c("A", "T"))), N = 249), Majority = list(Freqs = structure(c(0, 
    0, 0, 1, 0, 0, 0, 0, 272, 2), .Dim = c(5L, 2L), .Dimnames = list(
        c("-3", "-2", "-1", "0", "1"), c("A", "T"))), N = 275)), 
    `2` = structure(c(0, 0, 0, 0, 0, 0, 0, 0, 214, 0), .Dim = c(5L, 
    2L), .Dimnames = list(c("-3", "-2", "-1", "0", "1"), c("A", 
    "T"))))))
