Results <-
list(`bwa.out//20220204//BlindCMMRD130_S56.sam` = list(LR17_SNP1 = list(
    All = list(Freqs = structure(c(3L, 196L, 4317L, 38L, 19L, 
    0L, 0L, 3L, 0L, 0L, 0L, 2L, 86L, 0L, 0L), .Dim = c(5L, 3L
    ), .Dimnames = structure(list(c("-2", "-1", "0", "1", NA), 
        c("A", "G", NA)), .Names = c("", "")), class = "table"), 
        N = 4664L), Tag.Distribution = structure(c(`1` = 122L, 
    `2` = 101L, `3` = 114L, `4` = 102L, `5` = 90L, `6` = 79L, 
    `7` = 60L, `8` = 36L, `9` = 53L, `10` = 25L, `11` = 22L, 
    `12` = 12L, `13` = 12L, `14` = 13L, `15` = 3L, `16` = 4L, 
    `17` = 1L, `18` = 2L, `19` = 1L, `20` = 2L, `21` = 2L, `22` = 1L, 
    `23` = 1L, `24` = 2L, `25` = 1L), .Dim = 25L, .Dimnames = list(
        TagUsage = c("1", "2", "3", "4", "5", "6", "7", "8", 
        "9", "10", "11", "12", "13", "14", "15", "16", "17", 
        "18", "19", "20", "21", "22", "23", "24", "25")), class = "table"), 
    No.Tag = structure(c(0L, 5L, 115L, 2L, 1L, 0L, 0L, 0L, 0L, 
    0L, 0L, 0L, 3L, 0L, 0L), .Dim = c(5L, 3L), .Dimnames = structure(list(
        c("-2", "-1", "0", "1", NA), c("A", "G", NA)), .Names = c("", 
    "")), class = "table"), All.Tags = list(Concordant = list(
        Freqs = structure(c(0, 13, 699, 2, 0, 0, 1, 0), .Dim = c(4L, 
        2L), .Dimnames = list(c("-2", "-1", "0", "1"), c("A", 
        "G"))), N = 715), Majority = list(Freqs = structure(c(0, 
    20, 829, 2, 0, 0, 1, 0), .Dim = c(4L, 2L), .Dimnames = list(
        c("-2", "-1", "0", "1"), c("A", "G"))), N = 852)), `2` = structure(c(0, 
    15, 717, 0, 0, 0, 0, 0), .Dim = c(4L, 2L), .Dimnames = list(
        c("-2", "-1", "0", "1"), c("A", "G"))))))
