Results <-
list(`bwa.out//20220204//BlindCMMRD41_S1.sam` = list(LR40_SNP1 = list(
    All = list(Freqs = structure(c(0L, 1L, 0L, 0L, 0L, 45L, 4651L, 
    21L, 1L, 6L, 0L, 1L, 0L, 0L, 0L, 0L, 25L, 0L, 0L, 0L), .Dim = 5:4, .Dimnames = structure(list(
        c("-1", "0", "1", "2", NA), c("A", "C", "G", NA)), .Names = c("", 
    "")), class = "table"), N = 4751L), Tag.Distribution = structure(c(`1` = 98L, 
    `2` = 22L, `3` = 31L, `4` = 16L, `5` = 17L, `6` = 13L, `7` = 10L, 
    `8` = 9L, `9` = 16L, `10` = 10L, `11` = 13L, `12` = 11L, 
    `13` = 8L, `14` = 6L, `15` = 13L, `16` = 10L, `17` = 19L, 
    `18` = 8L, `19` = 10L, `20` = 1L, `21` = 3L, `23` = 5L, `24` = 2L, 
    `25` = 2L, `26` = 4L, `27` = 2L, `28` = 1L, `29` = 7L, `30` = 5L, 
    `31` = 4L, `32` = 6L, `33` = 2L, `34` = 3L, `35` = 3L, `36` = 1L, 
    `37` = 2L, `38` = 1L, `39` = 1L, `40` = 2L, `41` = 1L, `42` = 2L, 
    `43` = 1L, `44` = 2L, `45` = 2L, `48` = 1L, `49` = 1L, `50` = 2L, 
    `57` = 1L, `61` = 1L), .Dim = 49L, .Dimnames = list(TagUsage = c("1", 
    "2", "3", "4", "5", "6", "7", "8", "9", "10", "11", "12", 
    "13", "14", "15", "16", "17", "18", "19", "20", "21", "23", 
    "24", "25", "26", "27", "28", "29", "30", "31", "32", "33", 
    "34", "35", "36", "37", "38", "39", "40", "41", "42", "43", 
    "44", "45", "48", "49", "50", "57", "61")), class = "table"), 
    No.Tag = structure(c(0L, 0L, 0L, 0L, 0L, 0L, 72L, 0L, 0L, 
    2L, 0L, 0L, 0L, 0L, 0L, 0L, 2L, 0L, 0L, 0L), .Dim = 5:4, .Dimnames = structure(list(
        c("-1", "0", "1", "2", NA), c("A", "C", "G", NA)), .Names = c("", 
    "")), class = "table"), All.Tags = list(Concordant = list(
        Freqs = structure(c(0, 0, 0, 0, 1, 361, 0, 0, 0, 0, 0, 
        0), .Dim = 4:3, .Dimnames = list(c("-1", "0", "1", "2"
        ), c("A", "C", "G"))), N = 362), Majority = list(Freqs = structure(c(0, 
    0, 0, 0, 2, 403, 1, 0, 0, 0, 0, 0), .Dim = 4:3, .Dimnames = list(
        c("-1", "0", "1", "2"), c("A", "C", "G"))), N = 406)), 
    `2` = structure(c(0, 0, 0, 0, 1, 309, 1, 0, 0, 0, 0, 0), .Dim = 4:3, .Dimnames = list(
        c("-1", "0", "1", "2"), c("A", "C", "G"))))))
