Results <-
list(`bwa.out//20220204//BlindCMMRD70_S29.sam` = list(LR11_SNP1 = list(
    All = list(Freqs = structure(c(0L, 0L, 4L, 0L, 0L, 2L, 58L, 
    3649L, 21L, 7L, 0L, 0L, 1L, 0L, 0L, 0L, 4L, 103L, 4L, 0L), .Dim = 5:4, .Dimnames = structure(list(
        c("-2", "-1", "0", "1", NA), c("A", "C", "T", NA)), .Names = c("", 
    "")), class = "table"), N = 3853L), Tag.Distribution = structure(c(`1` = 94L, 
    `2` = 34L, `3` = 33L, `4` = 22L, `5` = 18L, `6` = 21L, `7` = 23L, 
    `8` = 20L, `9` = 10L, `10` = 18L, `11` = 12L, `12` = 10L, 
    `13` = 11L, `14` = 10L, `15` = 11L, `16` = 6L, `17` = 12L, 
    `18` = 8L, `19` = 8L, `20` = 5L, `21` = 5L, `22` = 5L, `23` = 5L, 
    `24` = 4L, `25` = 7L, `26` = 3L, `27` = 1L, `28` = 2L, `30` = 4L, 
    `31` = 2L, `32` = 4L, `33` = 2L, `34` = 1L, `36` = 1L), .Dim = 34L, .Dimnames = list(
        TagUsage = c("1", "2", "3", "4", "5", "6", "7", "8", 
        "9", "10", "11", "12", "13", "14", "15", "16", "17", 
        "18", "19", "20", "21", "22", "23", "24", "25", "26", 
        "27", "28", "30", "31", "32", "33", "34", "36")), class = "table"), 
    No.Tag = structure(c(0L, 0L, 0L, 0L, 0L, 0L, 0L, 87L, 0L, 
    0L, 0L, 0L, 0L, 0L, 0L, 0L, 0L, 6L, 0L, 0L), .Dim = 5:4, .Dimnames = structure(list(
        c("-2", "-1", "0", "1", NA), c("A", "C", "T", NA)), .Names = c("", 
    "")), class = "table"), All.Tags = list(Concordant = list(
        Freqs = structure(c(0, 0, 2, 0, 0, 0, 354, 0, 0, 0, 0, 
        0), .Dim = 4:3, .Dimnames = list(c("-2", "-1", "0", "1"
        ), c("A", "C", "T"))), N = 356), Majority = list(Freqs = structure(c(0, 
    0, 2, 0, 0, 0, 419, 0, 0, 0, 0, 0), .Dim = 4:3, .Dimnames = list(
        c("-2", "-1", "0", "1"), c("A", "C", "T"))), N = 421)), 
    `2` = structure(c(0, 0, 0, 0, 0, 0, 337, 0, 0, 0, 0, 0), .Dim = 4:3, .Dimnames = list(
        c("-2", "-1", "0", "1"), c("A", "C", "T"))))))
