Results <-
list(`bwa.out//20220204//Control22_S15.sam` = list(GM11_SNP1 = list(
    All = list(Freqs = structure(c(0L, 4L, 1144L, 1L, 1L, 7L, 
    1225L, 3L, 0L, 0L, 24L, 0L), .Dim = 4:3, .Dimnames = structure(list(
        c("-2", "-1", "0", "1"), c("A", "G", NA)), .Names = c("", 
    "")), class = "table"), N = 2409L), Tag.Distribution = structure(c(`1` = 102L, 
    `2` = 39L, `3` = 35L, `4` = 46L, `5` = 37L, `6` = 24L, `7` = 23L, 
    `8` = 18L, `9` = 18L, `10` = 11L, `11` = 9L, `12` = 13L, 
    `13` = 10L, `14` = 5L, `15` = 4L, `16` = 3L, `17` = 3L, `18` = 2L, 
    `19` = 3L, `20` = 2L, `21` = 1L, `22` = 1L, `23` = 1L, `25` = 2L, 
    `30` = 2L, `33` = 1L), .Dim = 26L, .Dimnames = list(TagUsage = c("1", 
    "2", "3", "4", "5", "6", "7", "8", "9", "10", "11", "12", 
    "13", "14", "15", "16", "17", "18", "19", "20", "21", "22", 
    "23", "25", "30", "33")), class = "table"), No.Tag = structure(c(0L, 
    0L, 39L, 0L, 0L, 0L, 0L, 37L, 0L, 0L, 0L, 0L, 2L, 0L, 0L), .Dim = c(5L, 
    3L), .Dimnames = structure(list(c("-2", "-1", "0", "1", NA
    ), c("A", "G", NA)), .Names = c("", "")), class = "table"), 
    All.Tags = list(Concordant = list(Freqs = structure(c(0, 
    0, 195, 0, 0, 0, 184, 0), .Dim = c(4L, 2L), .Dimnames = list(
        c("-2", "-1", "0", "1"), c("A", "G"))), N = 379), Majority = list(
        Freqs = structure(c(0, 0, 210, 0, 0, 0, 201, 0), .Dim = c(4L, 
        2L), .Dimnames = list(c("-2", "-1", "0", "1"), c("A", 
        "G"))), N = 411)), `2` = structure(c(0, 0, 157, 0, 0, 
    0, 156, 0), .Dim = c(4L, 2L), .Dimnames = list(c("-2", "-1", 
    "0", "1"), c("A", "G"))))))
