Results <-
list(`bwa.out//20220204//BlindCMMRD114_S40.sam` = list(LR44_SNP1 = list(
    All = list(Freqs = structure(c(0L, 0L, 0L, 1L, 0L, 0L, 0L, 
    0L, 9L, 228L, 2998L, 40L, 0L, 14L, 2L, 8L, 237L, 2764L, 49L, 
    2L, 21L, 0L, 0L, 2L, 56L, 0L, 0L, 0L), .Dim = c(7L, 4L), .Dimnames = structure(list(
        c("-3", "-2", "-1", "0", "1", "2", NA), c("A", "C", "T", 
        NA)), .Names = c("", "")), class = "table"), N = 6431L), 
    Tag.Distribution = structure(c(`1` = 107L, `2` = 82L, `3` = 116L, 
    `4` = 104L, `5` = 111L, `6` = 76L, `7` = 68L, `8` = 66L, 
    `9` = 65L, `10` = 44L, `11` = 41L, `12` = 24L, `13` = 21L, 
    `14` = 15L, `15` = 11L, `16` = 7L, `17` = 7L, `18` = 6L, 
    `19` = 2L, `20` = 7L, `21` = 1L, `22` = 2L, `23` = 1L, `24` = 2L, 
    `25` = 1L, `26` = 1L, `27` = 1L, `28` = 1L, `31` = 1L, `32` = 1L
    ), .Dim = 30L, .Dimnames = list(TagUsage = c("1", "2", "3", 
    "4", "5", "6", "7", "8", "9", "10", "11", "12", "13", "14", 
    "15", "16", "17", "18", "19", "20", "21", "22", "23", "24", 
    "25", "26", "27", "28", "31", "32")), class = "table"), No.Tag = structure(c(0L, 
    0L, 0L, 0L, 0L, 0L, 0L, 0L, 0L, 8L, 46L, 0L, 0L, 1L, 0L, 
    1L, 7L, 77L, 1L, 0L, 2L, 0L, 0L, 0L, 4L, 0L, 0L, 0L), .Dim = c(7L, 
    4L), .Dimnames = structure(list(c("-3", "-2", "-1", "0", 
    "1", "2", NA), c("A", "C", "T", NA)), .Names = c("", "")), class = "table"), 
    All.Tags = list(Concordant = list(Freqs = structure(c(0, 
    0, 0, 0, 0, 0, 0, 0, 8, 304, 0, 0, 0, 0, 5, 287, 1, 0), .Dim = c(6L, 
    3L), .Dimnames = list(c("-3", "-2", "-1", "0", "1", "2"), 
        c("A", "C", "T"))), N = 605), Majority = list(Freqs = structure(c(0, 
    0, 0, 0, 0, 0, 0, 0, 11, 481, 1, 0, 0, 0, 8, 459, 3, 0), .Dim = c(6L, 
    3L), .Dimnames = list(c("-3", "-2", "-1", "0", "1", "2"), 
        c("A", "C", "T"))), N = 963)), `2` = structure(c(0, 0, 
    0, 0, 0, 0, 0, 0, 4, 429, 1, 0, 0, 0, 4, 418, 2, 0), .Dim = c(6L, 
    3L), .Dimnames = list(c("-3", "-2", "-1", "0", "1", "2"), 
        c("A", "C", "T"))))))
