Results <-
list(`bwa.out//20220204//BlindCMMRD56_S15.sam` = list(GM29_SNP1 = list(
    All = list(Freqs = structure(c(0L, 4L, 0L, 0L, 59L, 3659L, 
    13L, 2L, 1L, 31L, 0L, 0L), .Dim = 4:3, .Dimnames = structure(list(
        c("-1", "0", "1", NA), c("A", "G", NA)), .Names = c("", 
    "")), class = "table"), N = 3769L), Tag.Distribution = structure(c(`1` = 82L, 
    `2` = 63L, `3` = 44L, `4` = 34L, `5` = 29L, `6` = 24L, `7` = 24L, 
    `8` = 27L, `9` = 19L, `10` = 16L, `11` = 21L, `12` = 9L, 
    `13` = 17L, `14` = 8L, `15` = 10L, `16` = 6L, `17` = 8L, 
    `18` = 4L, `19` = 5L, `20` = 2L, `21` = 6L, `22` = 1L, `23` = 4L, 
    `24` = 1L, `25` = 3L, `26` = 1L, `27` = 1L, `28` = 1L, `29` = 2L, 
    `30` = 4L, `31` = 3L, `34` = 1L, `36` = 1L, `43` = 2L, `46` = 1L
    ), .Dim = 35L, .Dimnames = list(TagUsage = c("1", "2", "3", 
    "4", "5", "6", "7", "8", "9", "10", "11", "12", "13", "14", 
    "15", "16", "17", "18", "19", "20", "21", "22", "23", "24", 
    "25", "26", "27", "28", "29", "30", "31", "34", "36", "43", 
    "46")), class = "table"), No.Tag = structure(c(0L, 0L, 0L, 
    0L, 0L, 132L, 1L, 0L, 0L, 2L, 0L, 0L), .Dim = 4:3, .Dimnames = structure(list(
        c("-1", "0", "1", NA), c("A", "G", NA)), .Names = c("", 
    "")), class = "table"), All.Tags = list(Concordant = list(
        Freqs = structure(c(0, 1, 0, 2, 418, 0), .Dim = 3:2, .Dimnames = list(
            c("-1", "0", "1"), c("A", "G"))), N = 421), Majority = list(
        Freqs = structure(c(0, 1, 0, 2, 475, 0), .Dim = 3:2, .Dimnames = list(
            c("-1", "0", "1"), c("A", "G"))), N = 478)), `2` = structure(c(0, 
    0, 0, 2, 399, 0), .Dim = 3:2, .Dimnames = list(c("-1", "0", 
    "1"), c("A", "G"))))))
