Results <-
list(`bwa.out//20220204//BlindCMMRD98_S57.sam` = list(LR10_SNP1 = list(
    All = list(Freqs = structure(c(0L, 1L, 0L, 0L, 0L, 3L, 0L, 
    0L, 186L, 4900L, 31L, 10L, 1L, 36L, 1L, 0L), .Dim = c(4L, 
    4L), .Dimnames = structure(list(c("-1", "0", "1", NA), c("A", 
    "C", "T", NA)), .Names = c("", "")), class = "table"), N = 5169L), 
    Tag.Distribution = structure(c(`1` = 106L, `2` = 52L, `3` = 55L, 
    `4` = 41L, `5` = 28L, `6` = 32L, `7` = 20L, `8` = 22L, `9` = 21L, 
    `10` = 18L, `11` = 20L, `12` = 18L, `13` = 12L, `14` = 8L, 
    `15` = 5L, `16` = 11L, `17` = 8L, `18` = 9L, `19` = 11L, 
    `20` = 4L, `21` = 9L, `22` = 6L, `23` = 6L, `24` = 2L, `25` = 4L, 
    `26` = 2L, `27` = 4L, `28` = 3L, `29` = 4L, `30` = 4L, `31` = 2L, 
    `34` = 1L, `35` = 1L, `37` = 1L, `38` = 2L, `40` = 1L, `42` = 2L, 
    `44` = 1L, `46` = 2L, `47` = 2L, `49` = 1L, `50` = 1L, `53` = 1L
    ), .Dim = 43L, .Dimnames = list(TagUsage = c("1", "2", "3", 
    "4", "5", "6", "7", "8", "9", "10", "11", "12", "13", "14", 
    "15", "16", "17", "18", "19", "20", "21", "22", "23", "24", 
    "25", "26", "27", "28", "29", "30", "31", "34", "35", "37", 
    "38", "40", "42", "44", "46", "47", "49", "50", "53")), class = "table"), 
    No.Tag = structure(c(0L, 0L, 0L, 0L, 0L, 0L, 0L, 0L, 3L, 
    227L, 1L, 0L, 0L, 3L, 0L, 0L), .Dim = c(4L, 4L), .Dimnames = structure(list(
        c("-1", "0", "1", NA), c("A", "C", "T", NA)), .Names = c("", 
    "")), class = "table"), All.Tags = list(Concordant = list(
        Freqs = structure(c(0, 0, 0, 0, 2, 0, 9, 478, 0), .Dim = c(3L, 
        3L), .Dimnames = list(c("-1", "0", "1"), c("A", "C", 
        "T"))), N = 489), Majority = list(Freqs = structure(c(0, 
    0, 0, 0, 2, 0, 10, 547, 1), .Dim = c(3L, 3L), .Dimnames = list(
        c("-1", "0", "1"), c("A", "C", "T"))), N = 560)), `2` = structure(c(0, 
    0, 0, 0, 0, 0, 8, 447, 1), .Dim = c(3L, 3L), .Dimnames = list(
        c("-1", "0", "1"), c("A", "C", "T"))))))
