Results <-
list(`bwa.out//20220204//BlindCMMRD72_S31.sam` = list(GM22_SNP1 = list(
    All = list(Freqs = structure(c(4L, 68L, 5084L, 18L, 12L, 
    0L, 0L, 1L, 0L, 0L, 0L, 0L, 1L, 0L, 0L, 0L, 4L, 42L, 4L, 
    0L), .Dim = 5:4, .Dimnames = structure(list(c("-2", "-1", 
    "0", "1", NA), c("A", "G", "T", NA)), .Names = c("", "")), class = "table"), 
        N = 5238L), Tag.Distribution = structure(c(`1` = 133L, 
    `2` = 53L, `3` = 63L, `4` = 48L, `5` = 41L, `6` = 49L, `7` = 36L, 
    `8` = 31L, `9` = 23L, `10` = 28L, `11` = 19L, `12` = 19L, 
    `13` = 14L, `14` = 12L, `15` = 12L, `16` = 11L, `17` = 12L, 
    `18` = 12L, `19` = 13L, `20` = 4L, `21` = 6L, `22` = 4L, 
    `23` = 2L, `24` = 1L, `25` = 3L, `26` = 3L, `27` = 7L, `28` = 5L, 
    `29` = 3L, `30` = 1L, `31` = 1L, `32` = 2L, `36` = 1L, `38` = 1L, 
    `40` = 1L, `55` = 1L), .Dim = 36L, .Dimnames = list(TagUsage = c("1", 
    "2", "3", "4", "5", "6", "7", "8", "9", "10", "11", "12", 
    "13", "14", "15", "16", "17", "18", "19", "20", "21", "22", 
    "23", "24", "25", "26", "27", "28", "29", "30", "31", "32", 
    "36", "38", "40", "55")), class = "table"), No.Tag = structure(c(0L, 
    2L, 85L, 1L, 3L, 0L, 0L, 0L, 0L, 0L, 0L, 0L, 0L, 0L, 0L, 
    0L, 0L, 4L, 0L, 0L), .Dim = 5:4, .Dimnames = structure(list(
        c("-2", "-1", "0", "1", NA), c("A", "G", "T", NA)), .Names = c("", 
    "")), class = "table"), All.Tags = list(Concordant = list(
        Freqs = structure(c(0, 4, 588, 0, 0, 0, 1, 0, 0, 0, 0, 
        0), .Dim = 4:3, .Dimnames = list(c("-2", "-1", "0", "1"
        ), c("A", "G", "T"))), N = 593), Majority = list(Freqs = structure(c(0, 
    4, 664, 0, 0, 0, 1, 0, 0, 0, 0, 0), .Dim = 4:3, .Dimnames = list(
        c("-2", "-1", "0", "1"), c("A", "G", "T"))), N = 669)), 
    `2` = structure(c(0, 0, 541, 0, 0, 0, 0, 0, 0, 0, 0, 0), .Dim = 4:3, .Dimnames = list(
        c("-2", "-1", "0", "1"), c("A", "G", "T"))))))
