Results <-
list(`bwa.out//20220204//BlindCMMRD116_S42.sam` = list(GM11_SNP1 = list(
    All = list(Freqs = structure(c(25L, 2005L, 6L, 4L, 59L, 2480L, 
    10L, 9L, 2L, 14L, 2L, 0L), .Dim = 4:3, .Dimnames = structure(list(
        c("-1", "0", "1", NA), c("A", "G", NA)), .Names = c("", 
    "")), class = "table"), N = 4616L), Tag.Distribution = structure(c(`1` = 112L, 
    `2` = 98L, `3` = 86L, `4` = 72L, `5` = 78L, `6` = 77L, `7` = 57L, 
    `8` = 42L, `9` = 38L, `10` = 29L, `11` = 16L, `12` = 20L, 
    `13` = 22L, `14` = 9L, `15` = 6L, `16` = 4L, `17` = 6L, `18` = 4L, 
    `19` = 4L, `20` = 1L, `21` = 3L, `23` = 1L, `24` = 1L, `26` = 1L, 
    `27` = 1L, `28` = 1L, `40` = 1L), .Dim = 27L, .Dimnames = list(
        TagUsage = c("1", "2", "3", "4", "5", "6", "7", "8", 
        "9", "10", "11", "12", "13", "14", "15", "16", "17", 
        "18", "19", "20", "21", "23", "24", "26", "27", "28", 
        "40")), class = "table"), No.Tag = structure(c(0L, 31L, 
    0L, 0L, 1L, 25L, 0L, 2L, 0L, 1L, 0L, 0L), .Dim = 4:3, .Dimnames = structure(list(
        c("-1", "0", "1", NA), c("A", "G", NA)), .Names = c("", 
    "")), class = "table"), All.Tags = list(Concordant = list(
        Freqs = structure(c(6, 337, 0, 6, 333, 0), .Dim = 3:2, .Dimnames = list(
            c("-1", "0", "1"), c("A", "G"))), N = 682), Majority = list(
        Freqs = structure(c(6, 380, 0, 7, 393, 0), .Dim = 3:2, .Dimnames = list(
            c("-1", "0", "1"), c("A", "G"))), N = 786)), `2` = structure(c(3, 
    320, 0, 6, 347, 0), .Dim = 3:2, .Dimnames = list(c("-1", 
    "0", "1"), c("A", "G"))))))
