Results <-
list(`bwa.out//20220204//BlindCMMRD59_S18.sam` = list(LR49_SNP1 = list(
    All = list(Freqs = structure(c(0L, 4L, 0L, 0L, 20L, 3968L, 
    2L, 2L, 2L, 14L, 0L, 0L), .Dim = 4:3, .Dimnames = structure(list(
        c("-1", "0", "1", NA), c("A", "G", NA)), .Names = c("", 
    "")), class = "table"), N = 4012L), Tag.Distribution = structure(c(`1` = 115L, 
    `2` = 34L, `3` = 34L, `4` = 33L, `5` = 45L, `6` = 31L, `7` = 23L, 
    `8` = 34L, `9` = 29L, `10` = 20L, `11` = 17L, `12` = 8L, 
    `13` = 13L, `14` = 9L, `15` = 6L, `16` = 5L, `17` = 9L, `18` = 7L, 
    `19` = 7L, `20` = 4L, `21` = 8L, `22` = 5L, `23` = 2L, `24` = 2L, 
    `25` = 5L, `26` = 6L, `27` = 3L, `28` = 1L, `29` = 2L, `30` = 1L, 
    `31` = 3L, `45` = 1L), .Dim = 32L, .Dimnames = list(TagUsage = c("1", 
    "2", "3", "4", "5", "6", "7", "8", "9", "10", "11", "12", 
    "13", "14", "15", "16", "17", "18", "19", "20", "21", "22", 
    "23", "24", "25", "26", "27", "28", "29", "30", "31", "45"
    )), class = "table"), No.Tag = structure(c(0L, 0L, 0L, 0L, 
    0L, 61L, 0L, 0L, 0L, 1L, 0L, 0L), .Dim = 4:3, .Dimnames = structure(list(
        c("-1", "0", "1", NA), c("A", "G", NA)), .Names = c("", 
    "")), class = "table"), All.Tags = list(Concordant = list(
        Freqs = structure(c(0, 3, 0, 1, 504, 0), .Dim = 3:2, .Dimnames = list(
            c("-1", "0", "1"), c("A", "G"))), N = 508), Majority = list(
        Freqs = structure(c(0, 3, 0, 1, 514, 0), .Dim = 3:2, .Dimnames = list(
            c("-1", "0", "1"), c("A", "G"))), N = 518)), `2` = structure(c(0, 
    0, 0, 1, 406, 0), .Dim = 3:2, .Dimnames = list(c("-1", "0", 
    "1"), c("A", "G"))))))
