Results <-
list(`bwa.out//20220204//BlindCMMRD93_S52.sam` = list(GM07_SNP1 = list(
    All = list(Freqs = structure(c(0L, 0L, 1L, 0L, 0L, 0L, 24L, 
    344L, 2540L, 118L, 2L, 34L, 0L, 1L, 6L, 1L, 0L, 1L, 0L, 1L, 
    22L, 1L, 0L, 0L), .Dim = c(6L, 4L), .Dimnames = structure(list(
        c("-2", "-1", "0", "1", "2", NA), c("-", "A", "G", NA
        )), .Names = c("", "")), class = "table"), N = 3096L), 
    Tag.Distribution = structure(c(`1` = 108L, `2` = 60L, `3` = 54L, 
    `4` = 38L, `5` = 43L, `6` = 34L, `7` = 33L, `8` = 22L, `9` = 21L, 
    `10` = 18L, `11` = 6L, `12` = 14L, `13` = 10L, `14` = 9L, 
    `15` = 7L, `16` = 12L, `17` = 4L, `18` = 2L, `19` = 3L, `20` = 2L, 
    `22` = 3L, `23` = 1L, `24` = 1L, `25` = 1L, `26` = 1L, `33` = 1L
    ), .Dim = 26L, .Dimnames = list(TagUsage = c("1", "2", "3", 
    "4", "5", "6", "7", "8", "9", "10", "11", "12", "13", "14", 
    "15", "16", "17", "18", "19", "20", "22", "23", "24", "25", 
    "26", "33")), class = "table"), No.Tag = structure(c(0L, 
    0L, 0L, 0L, 0L, 0L, 1L, 20L, 123L, 13L, 1L, 11L, 0L, 0L, 
    1L, 0L, 0L, 0L, 0L, 1L, 3L, 0L, 0L, 0L), .Dim = c(6L, 4L), .Dimnames = structure(list(
        c("-2", "-1", "0", "1", "2", NA), c("-", "A", "G", NA
        )), .Names = c("", "")), class = "table"), All.Tags = list(
        Concordant = list(Freqs = structure(c(0, 0, 0, 0, 0, 
        2, 40, 305, 4, 0, 0, 1, 5, 1, 0), .Dim = c(5L, 3L), .Dimnames = list(
            c("-2", "-1", "0", "1", "2"), c("-", "A", "G"))), 
            N = 358), Majority = list(Freqs = structure(c(0, 
        0, 0, 0, 0, 2, 47, 435, 6, 0, 0, 1, 5, 1, 0), .Dim = c(5L, 
        3L), .Dimnames = list(c("-2", "-1", "0", "1", "2"), c("-", 
        "A", "G"))), N = 497)), `2` = structure(c(0, 0, 0, 0, 
    0, 2, 35, 350, 3, 0, 0, 0, 0, 0, 0), .Dim = c(5L, 3L), .Dimnames = list(
        c("-2", "-1", "0", "1", "2"), c("-", "A", "G"))))))
