Results <-
list(`bwa.out//20220204//BlindCMMRD115_S41.sam` = list(IM16_SNP1 = list(
    All = list(Freqs = structure(c(26L, 3444L, 43L, 1L, 5L, 0L, 
    7L, 0L, 0L, 0L, 0L, 2L, 0L, 0L, 0L, 0L, 38L, 0L, 0L, 0L), .Dim = 5:4, .Dimnames = structure(list(
        c("-1", "0", "1", "2", NA), c("A", "G", "T", NA)), .Names = c("", 
    "")), class = "table"), N = 3566L), Tag.Distribution = structure(c(`1` = 178L, 
    `2` = 148L, `3` = 137L, `4` = 81L, `5` = 63L, `6` = 63L, 
    `7` = 51L, `8` = 47L, `9` = 22L, `10` = 19L, `11` = 13L, 
    `12` = 6L, `13` = 3L, `14` = 2L, `15` = 2L, `16` = 3L, `17` = 3L, 
    `18` = 1L, `22` = 1L, `26` = 1L), .Dim = 20L, .Dimnames = list(
        TagUsage = c("1", "2", "3", "4", "5", "6", "7", "8", 
        "9", "10", "11", "12", "13", "14", "15", "16", "17", 
        "18", "22", "26")), class = "table"), No.Tag = structure(c(1L, 
    56L, 1L, 0L, 1L, 0L, 0L, 0L, 0L, 0L, 0L, 0L, 0L, 0L, 0L, 
    0L, 7L, 0L, 0L, 0L), .Dim = 5:4, .Dimnames = structure(list(
        c("-1", "0", "1", "2", NA), c("A", "G", "T", NA)), .Names = c("", 
    "")), class = "table"), All.Tags = list(Concordant = list(
        Freqs = structure(c(1, 773, 2, 0, 0, 5, 0, 0, 0, 0, 0, 
        0), .Dim = 4:3, .Dimnames = list(c("-1", "0", "1", "2"
        ), c("A", "G", "T"))), N = 781), Majority = list(Freqs = structure(c(3, 
    827, 2, 0, 0, 5, 0, 0, 0, 0, 0, 0), .Dim = 4:3, .Dimnames = list(
        c("-1", "0", "1", "2"), c("A", "G", "T"))), N = 837)), 
    `2` = structure(c(2, 661, 1, 0, 0, 1, 0, 0, 0, 0, 0, 0), .Dim = 4:3, .Dimnames = list(
        c("-1", "0", "1", "2"), c("A", "G", "T"))))))
