Results <-
list(`bwa.out//20220204//BlindCMMRD75_S34.sam` = list(IM49_SNP1 = list(
    All = list(Freqs = structure(c(1L, 5L, 131L, 3173L, 66L, 
    41L, 0L, 0L, 0L, 3L, 0L, 0L, 0L, 0L, 2L, 176L, 2L, 0L), .Dim = c(6L, 
    3L), .Dimnames = structure(list(c("-3", "-2", "-1", "0", 
    "1", NA), c("C", "G", NA)), .Names = c("", "")), class = "table"), 
        N = 3600L), Tag.Distribution = structure(c(`1` = 189L, 
    `2` = 58L, `3` = 62L, `4` = 37L, `5` = 44L, `6` = 34L, `7` = 24L, 
    `8` = 31L, `9` = 24L, `10` = 16L, `11` = 13L, `12` = 12L, 
    `13` = 11L, `14` = 9L, `15` = 12L, `16` = 8L, `17` = 6L, 
    `18` = 8L, `19` = 3L, `20` = 3L, `21` = 5L, `22` = 3L, `23` = 1L, 
    `24` = 2L, `25` = 1L, `26` = 1L, `27` = 1L, `28` = 1L, `32` = 1L, 
    `34` = 1L), .Dim = 30L, .Dimnames = list(TagUsage = c("1", 
    "2", "3", "4", "5", "6", "7", "8", "9", "10", "11", "12", 
    "13", "14", "15", "16", "17", "18", "19", "20", "21", "22", 
    "23", "24", "25", "26", "27", "28", "32", "34")), class = "table"), 
    No.Tag = structure(c(0L, 0L, 1L, 88L, 1L, 3L, 0L, 0L, 0L, 
    0L, 0L, 0L, 0L, 0L, 0L, 11L, 0L, 0L), .Dim = c(6L, 3L), .Dimnames = structure(list(
        c("-3", "-2", "-1", "0", "1", NA), c("C", "G", NA)), .Names = c("", 
    "")), class = "table"), All.Tags = list(Concordant = list(
        Freqs = structure(c(0, 1, 6, 440, 2, 0, 0, 0, 3, 0), .Dim = c(5L, 
        2L), .Dimnames = list(c("-3", "-2", "-1", "0", "1"), 
            c("C", "G"))), N = 452), Majority = list(Freqs = structure(c(0, 
    1, 7, 547, 3, 0, 0, 0, 3, 0), .Dim = c(5L, 2L), .Dimnames = list(
        c("-3", "-2", "-1", "0", "1"), c("C", "G"))), N = 561)), 
    `2` = structure(c(0, 1, 4, 420, 1, 0, 0, 0, 0, 0), .Dim = c(5L, 
    2L), .Dimnames = list(c("-3", "-2", "-1", "0", "1"), c("C", 
    "G"))))))
