Results <-
list(`bwa.out//20220204//Control25_S18.sam` = list(LR44_SNP1 = list(
    All = list(Freqs = structure(c(7L, 169L, 2533L, 33L, 1L, 
    9L, 0L, 0L, 1L, 0L, 0L, 0L, 0L, 0L, 32L, 0L, 0L, 0L), .Dim = c(6L, 
    3L), .Dimnames = structure(list(c("-2", "-1", "0", "1", "3", 
    NA), c("C", "T", NA)), .Names = c("", "")), class = "table"), 
        N = 2785L), Tag.Distribution = structure(c(`1` = 75L, 
    `2` = 32L, `3` = 27L, `4` = 27L, `5` = 31L, `6` = 22L, `7` = 16L, 
    `8` = 11L, `9` = 15L, `10` = 10L, `11` = 15L, `12` = 7L, 
    `13` = 14L, `14` = 12L, `15` = 6L, `16` = 7L, `17` = 9L, 
    `18` = 5L, `19` = 4L, `20` = 4L, `21` = 4L, `22` = 3L, `23` = 2L, 
    `24` = 2L, `25` = 1L, `26` = 2L, `27` = 1L, `28` = 1L, `30` = 1L, 
    `31` = 1L, `34` = 1L), .Dim = 31L, .Dimnames = list(TagUsage = c("1", 
    "2", "3", "4", "5", "6", "7", "8", "9", "10", "11", "12", 
    "13", "14", "15", "16", "17", "18", "19", "20", "21", "22", 
    "23", "24", "25", "26", "27", "28", "30", "31", "34")), class = "table"), 
    No.Tag = structure(c(1L, 5L, 56L, 2L, 0L, 0L, 0L, 0L, 0L, 
    0L, 0L, 0L, 0L, 0L, 0L, 0L, 0L, 0L), .Dim = c(6L, 3L), .Dimnames = structure(list(
        c("-2", "-1", "0", "1", "3", NA), c("C", "T", NA)), .Names = c("", 
    "")), class = "table"), All.Tags = list(Concordant = list(
        Freqs = structure(c(0, 8, 241, 2, 0, 0, 0, 0, 0, 0), .Dim = c(5L, 
        2L), .Dimnames = list(c("-2", "-1", "0", "1", "3"), c("C", 
        "T"))), N = 251), Majority = list(Freqs = structure(c(0, 
    11, 350, 2, 0, 0, 0, 0, 0, 0), .Dim = c(5L, 2L), .Dimnames = list(
        c("-2", "-1", "0", "1", "3"), c("C", "T"))), N = 363)), 
    `2` = structure(c(0, 3, 289, 0, 0, 0, 0, 0, 0, 0), .Dim = c(5L, 
    2L), .Dimnames = list(c("-2", "-1", "0", "1", "3"), c("C", 
    "T"))))))
