Results <-
list(`bwa.out//20220204//BlindCMMRD85_S44.sam` = list(LR52_SNP1 = list(
    All = list(Freqs = structure(c(2L, 20L, 262L, 2230L, 11L, 
    39L, 0L, 0L, 0L, 1L, 0L, 0L, 0L, 0L, 0L, 2L, 0L, 1L, 0L, 
    0L, 18L, 816L, 4L, 0L), .Dim = c(6L, 4L), .Dimnames = structure(list(
        c("-3", "-2", "-1", "0", "1", NA), c("C", "G", "T", NA
        )), .Names = c("", "")), class = "table"), N = 3406L), 
    Tag.Distribution = structure(c(`1` = 79L, `2` = 68L, `3` = 40L, 
    `4` = 48L, `5` = 43L, `6` = 39L, `7` = 23L, `8` = 24L, `9` = 19L, 
    `10` = 25L, `11` = 14L, `12` = 11L, `13` = 12L, `14` = 6L, 
    `15` = 7L, `16` = 2L, `17` = 10L, `18` = 7L, `19` = 4L, `20` = 4L, 
    `21` = 6L, `22` = 2L, `23` = 3L, `24` = 4L, `25` = 2L, `26` = 1L, 
    `29` = 1L), .Dim = 27L, .Dimnames = list(TagUsage = c("1", 
    "2", "3", "4", "5", "6", "7", "8", "9", "10", "11", "12", 
    "13", "14", "15", "16", "17", "18", "19", "20", "21", "22", 
    "23", "24", "25", "26", "29")), class = "table"), No.Tag = structure(c(0L, 
    2L, 11L, 65L, 0L, 0L, 0L, 0L, 0L, 0L, 0L, 0L, 0L, 0L, 0L, 
    0L, 0L, 1L, 0L, 0L, 1L, 21L, 0L, 0L), .Dim = c(6L, 4L), .Dimnames = structure(list(
        c("-3", "-2", "-1", "0", "1", NA), c("C", "G", "T", NA
        )), .Names = c("", "")), class = "table"), All.Tags = list(
        Concordant = list(Freqs = structure(c(0, 2, 17, 293, 
        1, 0, 0, 0, 0, 0, 0, 0, 0, 2, 0), .Dim = c(5L, 3L), .Dimnames = list(
            c("-3", "-2", "-1", "0", "1"), c("C", "G", "T"))), 
            N = 315), Majority = list(Freqs = structure(c(0, 
        2, 25, 424, 1, 0, 0, 0, 0, 0, 0, 0, 0, 2, 0), .Dim = c(5L, 
        3L), .Dimnames = list(c("-3", "-2", "-1", "0", "1"), 
            c("C", "G", "T"))), N = 454)), `2` = structure(c(0, 
    1, 21, 377, 0, 0, 0, 0, 0, 0, 0, 0, 0, 0, 0), .Dim = c(5L, 
    3L), .Dimnames = list(c("-3", "-2", "-1", "0", "1"), c("C", 
    "G", "T"))))))
