Results <-
list(`bwa.out//20220204//BlindCMMRD116_S42.sam` = list(IM16_SNP1 = list(
    All = list(Freqs = structure(c(1L, 14L, 1398L, 28L, 0L, 0L, 
    16L, 1322L, 14L, 1L, 0L, 0L, 25L, 1L, 0L), .Dim = c(5L, 3L
    ), .Dimnames = structure(list(c("-2", "-1", "0", "1", NA), 
        c("A", "G", NA)), .Names = c("", "")), class = "table"), 
        N = 2820L), Tag.Distribution = structure(c(`1` = 73L, 
    `2` = 52L, `3` = 61L, `4` = 46L, `5` = 48L, `6` = 35L, `7` = 29L, 
    `8` = 34L, `9` = 21L, `10` = 19L, `11` = 14L, `12` = 11L, 
    `13` = 8L, `14` = 9L, `15` = 3L, `16` = 6L, `17` = 3L, `18` = 3L, 
    `19` = 1L, `22` = 1L, `25` = 2L, `26` = 2L), .Dim = 22L, .Dimnames = list(
        TagUsage = c("1", "2", "3", "4", "5", "6", "7", "8", 
        "9", "10", "11", "12", "13", "14", "15", "16", "17", 
        "18", "19", "22", "25", "26")), class = "table"), No.Tag = structure(c(0L, 
    0L, 27L, 0L, 0L, 0L, 1L, 34L, 0L, 1L, 0L, 0L, 4L, 0L, 0L), .Dim = c(5L, 
    3L), .Dimnames = structure(list(c("-2", "-1", "0", "1", NA
    ), c("A", "G", NA)), .Names = c("", "")), class = "table"), 
    All.Tags = list(Concordant = list(Freqs = structure(c(0, 
    3, 206, 1, 0, 1, 206, 1), .Dim = c(4L, 2L), .Dimnames = list(
        c("-2", "-1", "0", "1"), c("A", "G"))), N = 418), Majority = list(
        Freqs = structure(c(0, 3, 235, 1, 0, 2, 237, 1), .Dim = c(4L, 
        2L), .Dimnames = list(c("-2", "-1", "0", "1"), c("A", 
        "G"))), N = 479)), `2` = structure(c(0, 2, 199, 1, 0, 
    2, 203, 0), .Dim = c(4L, 2L), .Dimnames = list(c("-2", "-1", 
    "0", "1"), c("A", "G"))))))
