Results <-
list(`bwa.out//20220204//17D1520_S5.sam` = list(DEPDC2_SNP1 = list(
    All = list(Freqs = structure(c(0L, 1L, 0L, 0L, 0L, 4L, 0L, 
    0L, 184L, 4687L, 19L, 32L, 1L, 127L, 1L, 0L), .Dim = c(4L, 
    4L), .Dimnames = structure(list(c("-1", "0", "1", NA), c("A", 
    "C", "T", NA)), .Names = c("", "")), class = "table"), N = 5056L), 
    Tag.Distribution = structure(c(`1` = 205L, `2` = 103L, `3` = 65L, 
    `4` = 46L, `5` = 43L, `6` = 45L, `7` = 29L, `8` = 25L, `9` = 24L, 
    `10` = 26L, `11` = 19L, `12` = 22L, `13` = 8L, `14` = 10L, 
    `15` = 8L, `16` = 11L, `17` = 10L, `18` = 5L, `19` = 4L, 
    `20` = 8L, `21` = 2L, `22` = 11L, `23` = 5L, `24` = 1L, `25` = 5L, 
    `26` = 5L, `27` = 2L, `28` = 2L, `30` = 3L, `31` = 4L, `32` = 1L, 
    `33` = 1L, `35` = 2L, `38` = 1L, `39` = 1L, `41` = 1L, `47` = 1L
    ), .Dim = 37L, .Dimnames = list(TagUsage = c("1", "2", "3", 
    "4", "5", "6", "7", "8", "9", "10", "11", "12", "13", "14", 
    "15", "16", "17", "18", "19", "20", "21", "22", "23", "24", 
    "25", "26", "27", "28", "30", "31", "32", "33", "35", "38", 
    "39", "41", "47")), class = "table"), No.Tag = structure(c(0L, 
    0L, 0L, 0L, 0L, 0L, 0L, 0L, 0L, 75L, 0L, 4L, 0L, 12L, 0L, 
    0L), .Dim = c(4L, 4L), .Dimnames = structure(list(c("-1", 
    "0", "1", NA), c("A", "C", "T", NA)), .Names = c("", "")), class = "table"), 
    All.Tags = list(Concordant = list(Freqs = structure(c(0, 
    0, 0, 0, 2, 0, 13, 669, 2), .Dim = c(3L, 3L), .Dimnames = list(
        c("-1", "0", "1"), c("A", "C", "T"))), N = 686), Majority = list(
        Freqs = structure(c(0, 0, 0, 0, 2, 0, 17, 715, 2), .Dim = c(3L, 
        3L), .Dimnames = list(c("-1", "0", "1"), c("A", "C", 
        "T"))), N = 736)), `2` = structure(c(0, 0, 0, 0, 0, 0, 
    13, 543, 0), .Dim = c(3L, 3L), .Dimnames = list(c("-1", "0", 
    "1"), c("A", "C", "T"))))))
