Results <-
list(`bwa.out//20220204//BlindCMMRD70_S29.sam` = list(DEPDC2_SNP1 = list(
    All = list(Freqs = structure(c(13L, 2172L, 12L, 8L, 21L, 
    2985L, 20L, 17L, 0L, 42L, 1L, 0L), .Dim = 4:3, .Dimnames = structure(list(
        c("-1", "0", "1", NA), c("C", "T", NA)), .Names = c("", 
    "")), class = "table"), N = 5291L), Tag.Distribution = structure(c(`1` = 166L, 
    `2` = 70L, `3` = 55L, `4` = 57L, `5` = 48L, `6` = 37L, `7` = 47L, 
    `8` = 26L, `9` = 32L, `10` = 26L, `11` = 17L, `12` = 14L, 
    `13` = 23L, `14` = 15L, `15` = 12L, `16` = 11L, `17` = 11L, 
    `18` = 7L, `19` = 5L, `20` = 7L, `21` = 7L, `22` = 5L, `23` = 3L, 
    `24` = 6L, `25` = 6L, `26` = 5L, `27` = 1L, `29` = 3L, `30` = 1L, 
    `33` = 1L, `37` = 1L, `41` = 1L, `47` = 1L, `55` = 1L, `61` = 1L
    ), .Dim = 35L, .Dimnames = list(TagUsage = c("1", "2", "3", 
    "4", "5", "6", "7", "8", "9", "10", "11", "12", "13", "14", 
    "15", "16", "17", "18", "19", "20", "21", "22", "23", "24", 
    "25", "26", "27", "29", "30", "33", "37", "41", "47", "55", 
    "61")), class = "table"), No.Tag = structure(c(0L, 52L, 0L, 
    1L, 0L, 53L, 1L, 0L, 0L, 2L, 0L, 0L), .Dim = 4:3, .Dimnames = structure(list(
        c("-1", "0", "1", NA), c("C", "T", NA)), .Names = c("", 
    "")), class = "table"), All.Tags = list(Concordant = list(
        Freqs = structure(c(0, 274, 2, 0, 356, 1), .Dim = 3:2, .Dimnames = list(
            c("-1", "0", "1"), c("C", "T"))), N = 633), Majority = list(
        Freqs = structure(c(0, 306, 2, 0, 412, 1), .Dim = 3:2, .Dimnames = list(
            c("-1", "0", "1"), c("C", "T"))), N = 721)), `2` = structure(c(0, 
    236, 0, 0, 323, 1), .Dim = 3:2, .Dimnames = list(c("-1", 
    "0", "1"), c("C", "T"))))))
