Results <-
list(`bwa.out//20220204//Control15_S8.sam` = list(LR48_SNP1 = list(
    All = list(Freqs = structure(c(0L, 0L, 2L, 0L, 0L, 5L, 112L, 
    2404L, 46L, 12L, 0L, 0L, 35L, 1L, 0L), .Dim = c(5L, 3L), .Dimnames = structure(list(
        c("-2", "-1", "0", "1", NA), c("C", "T", NA)), .Names = c("", 
    "")), class = "table"), N = 2617L), Tag.Distribution = structure(c(`1` = 65L, 
    `2` = 29L, `3` = 16L, `4` = 16L, `5` = 20L, `6` = 16L, `7` = 16L, 
    `8` = 8L, `9` = 6L, `10` = 11L, `11` = 7L, `12` = 12L, `13` = 5L, 
    `14` = 6L, `15` = 5L, `16` = 6L, `17` = 6L, `18` = 7L, `19` = 1L, 
    `20` = 3L, `21` = 1L, `22` = 3L, `23` = 3L, `24` = 3L, `25` = 2L, 
    `26` = 1L, `29` = 5L, `30` = 3L, `31` = 1L, `32` = 2L, `33` = 2L, 
    `34` = 2L, `41` = 1L, `51` = 1L), .Dim = 34L, .Dimnames = list(
        TagUsage = c("1", "2", "3", "4", "5", "6", "7", "8", 
        "9", "10", "11", "12", "13", "14", "15", "16", "17", 
        "18", "19", "20", "21", "22", "23", "24", "25", "26", 
        "29", "30", "31", "32", "33", "34", "41", "51")), class = "table"), 
    No.Tag = structure(c(0L, 0L, 0L, 0L, 0L, 2L, 9L, 118L, 3L, 
    1L, 0L, 0L, 5L, 0L, 0L), .Dim = c(5L, 3L), .Dimnames = structure(list(
        c("-2", "-1", "0", "1", NA), c("C", "T", NA)), .Names = c("", 
    "")), class = "table"), All.Tags = list(Concordant = list(
        Freqs = structure(c(0, 0, 2, 0, 0, 3, 206, 1), .Dim = c(4L, 
        2L), .Dimnames = list(c("-2", "-1", "0", "1"), c("C", 
        "T"))), N = 212), Majority = list(Freqs = structure(c(0, 
    0, 2, 0, 0, 4, 278, 2), .Dim = c(4L, 2L), .Dimnames = list(
        c("-2", "-1", "0", "1"), c("C", "T"))), N = 286)), `2` = structure(c(0, 
    0, 0, 0, 0, 2, 221, 1), .Dim = c(4L, 2L), .Dimnames = list(
        c("-2", "-1", "0", "1"), c("C", "T"))))))
