Results <-
list(`bwa.out//20220204//BlindCMMRD133_S59.sam` = list(LR46_SNP1 = list(
    All = list(Freqs = structure(c(0L, 0L, 1L, 0L, 0L, 1L, 5L, 
    1445L, 1L, 6L, 0L, 6L, 1369L, 3L, 0L, 0L, 0L, 10L, 0L, 0L
    ), .Dim = 5:4, .Dimnames = structure(list(c("-2", "-1", "0", 
    "1", NA), c("-", "G", "T", NA)), .Names = c("", "")), class = "table"), 
        N = 2847L), Tag.Distribution = structure(c(`1` = 150L, 
    `2` = 123L, `3` = 83L, `4` = 73L, `5` = 71L, `6` = 45L, `7` = 36L, 
    `8` = 24L, `9` = 17L, `10` = 14L, `11` = 15L, `12` = 1L, 
    `13` = 4L, `14` = 4L, `15` = 4L, `16` = 3L, `17` = 1L, `18` = 1L
    ), .Dim = 18L, .Dimnames = list(TagUsage = c("1", "2", "3", 
    "4", "5", "6", "7", "8", "9", "10", "11", "12", "13", "14", 
    "15", "16", "17", "18")), class = "table"), No.Tag = structure(c(0L, 
    0L, 0L, 0L, 0L, 0L, 0L, 54L, 0L, 1L, 0L, 1L, 59L, 0L, 0L, 
    0L, 0L, 5L, 0L, 0L), .Dim = 5:4, .Dimnames = structure(list(
        c("-2", "-1", "0", "1", NA), c("-", "G", "T", NA)), .Names = c("", 
    "")), class = "table"), All.Tags = list(Concordant = list(
        Freqs = structure(c(0, 0, 0, 0, 0, 1, 293, 0, 0, 0, 317, 
        2), .Dim = 4:3, .Dimnames = list(c("-2", "-1", "0", "1"
        ), c("-", "G", "T"))), N = 613), Majority = list(Freqs = structure(c(0, 
    0, 0, 0, 0, 1, 315, 0, 0, 0, 342, 2), .Dim = 4:3, .Dimnames = list(
        c("-2", "-1", "0", "1"), c("-", "G", "T"))), N = 660)), 
    `2` = structure(c(0, 0, 0, 0, 0, 0, 257, 0, 0, 0, 255, 0), .Dim = 4:3, .Dimnames = list(
        c("-2", "-1", "0", "1"), c("-", "G", "T"))))))
