Results <-
list(`bwa.out//20220204//BlindCMMRD71_S30.sam` = list(LR17_SNP1 = list(
    All = list(Freqs = structure(c(3L, 5L, 220L, 5639L, 73L, 
    34L, 0L, 0L, 1L, 1L, 0L, 0L, 0L, 0L, 2L, 212L, 2L, 0L), .Dim = c(6L, 
    3L), .Dimnames = structure(list(c("-3", "-2", "-1", "0", 
    "1", NA), c("A", "G", NA)), .Names = c("", "")), class = "table"), 
        N = 6192L), Tag.Distribution = structure(c(`1` = 80L, 
    `2` = 13L, `3` = 15L, `4` = 13L, `5` = 14L, `6` = 15L, `7` = 13L, 
    `8` = 15L, `9` = 7L, `10` = 9L, `11` = 13L, `12` = 6L, `13` = 9L, 
    `14` = 7L, `15` = 18L, `16` = 10L, `17` = 9L, `18` = 11L, 
    `19` = 5L, `20` = 5L, `21` = 12L, `22` = 10L, `23` = 2L, 
    `24` = 3L, `25` = 5L, `26` = 2L, `27` = 5L, `28` = 6L, `29` = 6L, 
    `30` = 4L, `31` = 5L, `32` = 6L, `34` = 4L, `35` = 3L, `36` = 1L, 
    `38` = 1L, `39` = 2L, `40` = 2L, `42` = 3L, `43` = 2L, `44` = 1L, 
    `45` = 2L, `46` = 5L, `47` = 2L, `48` = 3L, `49` = 1L, `50` = 1L, 
    `51` = 1L, `52` = 2L, `53` = 1L, `55` = 2L, `56` = 1L, `57` = 2L, 
    `59` = 2L, `60` = 1L, `61` = 1L, `74` = 1L, `93` = 1L), .Dim = 58L, .Dimnames = list(
        TagUsage = c("1", "2", "3", "4", "5", "6", "7", "8", 
        "9", "10", "11", "12", "13", "14", "15", "16", "17", 
        "18", "19", "20", "21", "22", "23", "24", "25", "26", 
        "27", "28", "29", "30", "31", "32", "34", "35", "36", 
        "38", "39", "40", "42", "43", "44", "45", "46", "47", 
        "48", "49", "50", "51", "52", "53", "55", "56", "57", 
        "59", "60", "61", "74", "93")), class = "table"), No.Tag = structure(c(0L, 
    0L, 1L, 65L, 0L, 0L, 0L, 0L, 0L, 0L, 0L, 0L, 0L, 0L, 0L, 
    2L, 0L, 0L), .Dim = c(6L, 3L), .Dimnames = structure(list(
        c("-3", "-2", "-1", "0", "1", NA), c("A", "G", NA)), .Names = c("", 
    "")), class = "table"), All.Tags = list(Concordant = list(
        Freqs = structure(c(1, 0, 3, 229, 2, 0, 0, 0, 0, 0), .Dim = c(5L, 
        2L), .Dimnames = list(c("-3", "-2", "-1", "0", "1"), 
            c("A", "G"))), N = 235), Majority = list(Freqs = structure(c(1, 
    0, 4, 382, 2, 0, 0, 0, 0, 0), .Dim = c(5L, 2L), .Dimnames = list(
        c("-3", "-2", "-1", "0", "1"), c("A", "G"))), N = 389)), 
    `2` = structure(c(0, 0, 2, 316, 1, 0, 0, 0, 0, 0), .Dim = c(5L, 
    2L), .Dimnames = list(c("-3", "-2", "-1", "0", "1"), c("A", 
    "G"))))))
