Results <-
list(`bwa.out//20220204//Control17_S10.sam` = list(IM49_SNP1 = list(
    All = list(Freqs = structure(c(3L, 80L, 2881L, 54L, 12L, 
    0L, 0L, 5L, 0L, 0L, 0L, 2L, 170L, 0L, 0L), .Dim = c(5L, 3L
    ), .Dimnames = structure(list(c("-2", "-1", "0", "1", NA), 
        c("C", "G", NA)), .Names = c("", "")), class = "table"), 
        N = 3207L), Tag.Distribution = structure(c(`1` = 270L, 
    `2` = 66L, `3` = 45L, `4` = 42L, `5` = 35L, `6` = 33L, `7` = 27L, 
    `8` = 21L, `9` = 18L, `10` = 14L, `11` = 11L, `12` = 12L, 
    `13` = 4L, `14` = 13L, `15` = 6L, `16` = 2L, `17` = 5L, `18` = 4L, 
    `19` = 6L, `20` = 6L, `21` = 5L, `22` = 1L, `24` = 3L, `25` = 3L, 
    `26` = 1L, `27` = 1L, `37` = 1L), .Dim = 27L, .Dimnames = list(
        TagUsage = c("1", "2", "3", "4", "5", "6", "7", "8", 
        "9", "10", "11", "12", "13", "14", "15", "16", "17", 
        "18", "19", "20", "21", "22", "24", "25", "26", "27", 
        "37")), class = "table"), No.Tag = structure(c(0L, 3L, 
    85L, 1L, 0L, 0L, 0L, 0L, 0L, 0L, 0L, 0L, 5L, 0L, 0L), .Dim = c(5L, 
    3L), .Dimnames = structure(list(c("-2", "-1", "0", "1", NA
    ), c("C", "G", NA)), .Names = c("", "")), class = "table"), 
    All.Tags = list(Concordant = list(Freqs = structure(c(0, 
    6, 487, 2, 0, 0, 3, 0), .Dim = c(4L, 2L), .Dimnames = list(
        c("-2", "-1", "0", "1"), c("C", "G"))), N = 498), Majority = list(
        Freqs = structure(c(0, 8, 571, 2, 0, 0, 3, 0), .Dim = c(4L, 
        2L), .Dimnames = list(c("-2", "-1", "0", "1"), c("C", 
        "G"))), N = 584)), `2` = structure(c(0, 2, 375, 1, 0, 
    0, 0, 0), .Dim = c(4L, 2L), .Dimnames = list(c("-2", "-1", 
    "0", "1"), c("C", "G"))))))
