Result <-
list(DEPDC2_SNP1 = structure(c(6L, 770L, 2022L, 8L, 0L, 0L, 8L, 
0L), dim = c(4L, 2L), dimnames = structure(list(c("-2", "-1", 
"0", "1"), c("T", NA)), names = c("", ""))), GM01_SNP1 = structure(c(3L, 
2140L, 4668L, 18L, 0L, 0L, 3L, 0L, 0L, 3L, 39L, 0L), dim = 4:3, dimnames = structure(list(
    c("-2", "-1", "0", "1"), c("A", "G", NA)), names = c("", 
""))), GM07_SNP1 = structure(c(0L, 0L, 1L, 1L, 0L, 0L, 1L, 46L, 
1725L, 1145L, 34L, 1L, 0L, 66L, 1781L, 1135L, 25L, 0L, 0L, 2L, 
12L, 31L, 1L, 0L), dim = c(6L, 4L), dimnames = structure(list(
    c("-3", "-2", "-1", "0", "1", "2"), c("-", "A", "G", NA)), names = c("", 
""))), GM09_SNP1 = structure(c(0L, 4L, 962L, 3L, 1L, 662L, 461L, 
2L, 0L, 0L, 7L, 0L, 0L, 0L, 5L, 0L), dim = c(4L, 4L), dimnames = structure(list(
    c("-2", "-1", "0", "1"), c("A", "G", "T", NA)), names = c("", 
""))), GM11_SNP1 = structure(c(2L, 55L, 3708L, 15L, 0L, 0L, 3L, 
0L, 0L, 0L, 12L, 0L), dim = 4:3, dimnames = structure(list(c("-2", 
"-1", "0", "1"), c("A", "G", NA)), names = c("", ""))), GM14_SNP1 = structure(c(0L, 
0L, 0L, 2L, 0L, 5L, 1378L, 274L, 3357L, 22L, 0L, 0L, 0L, 2L, 
0L, 0L, 4L, 0L, 47L, 0L), dim = 5:4, dimnames = structure(list(
    c("-3", "-2", "-1", "0", "1"), c("A", "C", "T", NA)), names = c("", 
""))), GM17_SNP1 = structure(c(88L, 2964L, 12L, 1L, 2L, 0L, 2L, 
25L, 0L), dim = c(3L, 3L), dimnames = structure(list(c("-1", 
"0", "1"), c("C", "T", NA)), names = c("", ""))), GM22_SNP1 = structure(c(18L, 
4197L, 10198L, 157L, 1L, 0L, 0L, 2L, 0L, 0L, 0L, 0L, 1L, 0L, 
0L, 0L, 17L, 91L, 4L, 0L), dim = 5:4, dimnames = structure(list(
    c("-2", "-1", "0", "1", "2"), c("A", "G", "T", NA)), names = c("", 
""))), GM26_SNP1 = structure(c(1L, 62L, 2352L, 6L, 0L, 0L, 21L, 
0L), dim = c(4L, 2L), dimnames = structure(list(c("-2", "-1", 
"0", "1"), c("A", NA)), names = c("", ""))), GM29_SNP1 = structure(c(0L, 
70L, 2330L, 5L, 5L, 1315L, 808L, 2L, 0L, 5L, 0L, 0L, 0L, 4L, 
18L, 0L), dim = c(4L, 4L), dimnames = structure(list(c("-2", 
"-1", "0", "1"), c("A", "G", "T", NA)), names = c("", ""))), 
    IM16_SNP1 = structure(c(0L, 54L, 2988L, 58L, 2L, 13L, 1876L, 
    1283L, 23L, 0L, 0L, 0L, 2L, 0L, 0L, 0L, 9L, 47L, 0L, 0L), dim = 5:4, dimnames = structure(list(
        c("-2", "-1", "0", "1", "2"), c("A", "G", "T", NA)), names = c("", 
    ""))), IM49_SNP1 = structure(c(0L, 8L, 196L, 116L, 4L, 1L, 
    3L, 221L, 5L, 146L, 1L, 0L, 0L, 5L, 0L, 6L, 0L, 0L), dim = c(6L, 
    3L), dimnames = structure(list(c("-3", "-2", "-1", "0", "1", 
    "2"), c("C", "G", NA)), names = c("", ""))), LR10_SNP1 = structure(c(1L, 
    0L, 0L, 0L, 0L, 0L, 1L, 0L, 0L, 0L, 2L, 0L, 5L, 984L, 1955L, 
    10L, 0L, 1L, 12L, 1L), dim = 4:5, dimnames = structure(list(
        c("-2", "-1", "0", "1"), c("-", "A", "C", "T", NA)), names = c("", 
    ""))), LR11_SNP1 = structure(c(13L, 655L, 599L, 7L, 1L, 49L, 
    918L, 6L, 0L, 1L, 1L, 0L, 0L, 1L, 0L, 0L, 0L, 6L, 16L, 1L
    ), dim = 4:5, dimnames = structure(list(c("-2", "-1", "0", 
    "1"), c("A", "C", "G", "T", NA)), names = c("", ""))), LR17_SNP1 = structure(c(10L, 
    303L, 1996L, 27L, 0L, 0L, 1L, 0L, 0L, 2L, 78L, 0L), dim = 4:3, dimnames = structure(list(
        c("-2", "-1", "0", "1"), c("A", "G", NA)), names = c("", 
    ""))), LR20_SNP1 = structure(c(26L, 1536L, 2L, 0L, 4L, 0L
    ), dim = 3:2, dimnames = structure(list(c("-1", "0", "1"), 
        c("A", NA)), names = c("", ""))), LR24_SNP1 = structure(c(198L, 
    420L, 0L, 1L), dim = c(2L, 2L), dimnames = structure(list(
        c("-1", "0"), c("A", "G")), names = c("", ""))), LR36_SNP1 = structure(c(0L, 
    0L, 47L, 1220L, 1082L, 24L, 1L, 0L, 0L, 0L, 0L, 1L, 0L, 0L, 
    1L, 17L, 1317L, 26L, 965L, 12L, 0L, 0L, 1L, 11L, 7L, 60L, 
    1L, 0L), dim = c(7L, 4L), dimnames = structure(list(c("-4", 
    "-3", "-2", "-1", "0", "1", "2"), c("A", "G", "T", NA)), names = c("", 
    ""))), LR40_SNP1 = structure(c(11L, 1635L, 1477L, 2L, 0L, 
    4L, 6L, 0L), dim = c(4L, 2L), dimnames = structure(list(c("-2", 
    "-1", "0", "1"), c("C", NA)), names = c("", ""))), LR44_SNP1 = structure(c(0L, 
    0L, 0L, 0L, 1L, 0L, 7L, 7L, 230L, 5L, 9L, 183L, 2L, 0L, 0L, 
    9L, 402L, 24L, 244L, 7L, 0L, 0L, 1L, 3L, 0L, 9L, 0L, 0L), dim = c(7L, 
    4L), dimnames = structure(list(c("-4", "-3", "-2", "-1", 
    "0", "1", "11"), c("-", "C", "T", NA)), names = c("", ""))), 
    LR46_SNP1 = structure(c(0L, 1L, 0L, 0L, 1L, 0L, 0L, 7L, 0L, 
    279L, 8478L, 39L, 0L, 57L, 0L), dim = c(3L, 5L), dimnames = structure(list(
        c("-1", "0", "1"), c("-", "C", "G", "T", NA)), names = c("", 
    ""))), LR48_SNP1 = structure(c(3L, 151L, 4304L, 3014L, 64L, 
    0L, 0L, 0L, 1L, 0L, 0L, 0L, 0L, 3L, 0L, 0L, 1L, 36L, 54L, 
    0L), dim = 5:4, dimnames = structure(list(c("-3", "-2", "-1", 
    "0", "1"), c("C", "G", "T", NA)), names = c("", ""))), LR49_SNP1 = structure(c(0L, 
    11L, 0L, 231L, 2803L, 1L, 3L, 8L, 0L), dim = c(3L, 3L), dimnames = structure(list(
        c("-1", "0", "1"), c("A", "G", NA)), names = c("", ""
    ))), LR52_SNP1 = structure(c(0L, 2L, 259L, 945L, 88L, 645L, 
    2L, 0L, 1L, 1L, 126L, 1175L, 102L, 785L, 4L, 1L, 0L, 0L, 
    2L, 26L, 23L, 344L, 3L, 0L), dim = c(8L, 3L), dimnames = structure(list(
        c("-5", "-4", "-3", "-2", "-1", "0", "1", "2"), c("C", 
        "T", NA)), names = c("", ""))))
