Result <-
list(DEPDC2_SNP1 = structure(c(3L, 1045L, 335L, 3L, 0L, 5L, 1L, 
0L), dim = c(4L, 2L), dimnames = structure(list(c("-1", "0", 
"1", "2"), c("T", NA)), names = c("", ""))), GM01_SNP1 = structure(c(0L, 
0L, 1L, 0L, 1L, 173L, 5666L, 25L, 0L, 0L, 3L, 0L, 0L, 0L, 37L, 
0L), dim = c(4L, 4L), dimnames = structure(list(c("-2", "-1", 
"0", "1"), c("-", "A", "G", NA)), names = c("", ""))), GM07_SNP1 = structure(c(0L, 
1L, 0L, 2L, 0L, 0L, 3L, 1340L, 895L, 2195L, 64L, 3L, 0L, 0L, 
0L, 1L, 0L, 0L, 0L, 2L, 3L, 21L, 1L, 0L), dim = c(6L, 4L), dimnames = structure(list(
    c("-3", "-2", "-1", "0", "1", "2"), c("-", "A", "G", NA)), names = c("", 
""))), GM09_SNP1 = structure(c(0L, 2L, 0L, 7L, 1697L, 5L, 0L, 
2L, 0L, 1L, 7L, 0L), dim = 3:4, dimnames = structure(list(c("-1", 
"0", "1"), c("A", "G", "T", NA)), names = c("", ""))), GM11_SNP1 = structure(c(1L, 
458L, 2431L, 14L, 0L, 0L, 3L, 0L, 0L, 1L, 2L, 0L), dim = 4:3, dimnames = structure(list(
    c("-2", "-1", "0", "1"), c("A", "G", NA)), names = c("", 
""))), GM14_SNP1 = structure(c(0L, 0L, 0L, 0L, 0L, 1L, 0L, 0L, 
0L, 0L, 1L, 0L, 1L, 2L, 90L, 1642L, 1379L, 17L, 0L, 1L, 192L, 
1673L, 1219L, 7L, 0L, 0L, 1L, 9L, 32L, 1L), dim = 6:5, dimnames = structure(list(
    c("-4", "-3", "-2", "-1", "0", "1"), c("-", "A", "C", "T", 
    NA)), names = c("", ""))), GM17_SNP1 = structure(c(0L, 0L, 
1L, 0L, 2L, 392L, 4918L, 39L, 0L, 0L, 2L, 0L, 0L, 1L, 24L, 0L
), dim = c(4L, 4L), dimnames = structure(list(c("-2", "-1", "0", 
"1"), c("A", "C", "T", NA)), names = c("", ""))), GM22_SNP1 = structure(c(11L, 
2086L, 3757L, 35L, 0L, 2L, 96L, 5859L, 31L, 1L, 0L, 7L, 159L, 
3L, 0L), dim = c(5L, 3L), dimnames = structure(list(c("-2", "-1", 
"0", "1", "2"), c("A", "G", NA)), names = c("", ""))), GM26_SNP1 = structure(c(287L, 
1435L, 2L, 0L, 1L, 0L, 0L, 16L, 0L), dim = c(3L, 3L), dimnames = structure(list(
    c("-1", "0", "1"), c("A", "G", NA)), names = c("", ""))), 
    GM29_SNP1 = structure(c(1L, 147L, 4347L, 19L, 0L, 0L, 1L, 
    0L, 0L, 1L, 28L, 1L), dim = 4:3, dimnames = structure(list(
        c("-2", "-1", "0", "1"), c("A", "G", NA)), names = c("", 
    ""))), IM16_SNP1 = structure(c(1L, 23L, 1700L, 15L, 0L, 0L, 
    53L, 1806L, 23L, 1L, 0L, 0L, 1L, 0L, 0L, 0L, 0L, 35L, 1L, 
    0L), dim = 5:4, dimnames = structure(list(c("-2", "-1", "0", 
    "1", "2"), c("A", "G", "T", NA)), names = c("", ""))), IM49_SNP1 = structure(c(0L, 
    4L, 168L, 209L, 3L, 1L, 148L, 2L, 80L, 101L, 3L, 1L, 1L, 
    0L, 3L, 8L, 0L, 0L), dim = c(6L, 3L), dimnames = structure(list(
        c("-3", "-2", "-1", "0", "1", "2"), c("C", "G", NA)), names = c("", 
    ""))), LR10_SNP1 = structure(c(0L, 0L, 2L, 0L, 4L, 814L, 
    1604L, 7L, 0L, 1L, 4L, 1L), dim = 4:3, dimnames = structure(list(
        c("-2", "-1", "0", "1"), c("C", "T", NA)), names = c("", 
    ""))), LR11_SNP1 = structure(c(1L, 21L, 938L, 9L, 8L, 336L, 
    741L, 2L, 0L, 5L, 25L, 0L), dim = 4:3, dimnames = structure(list(
        c("-2", "-1", "0", "1"), c("A", "C", NA)), names = c("", 
    ""))), LR17_SNP1 = structure(c(11L, 284L, 2004L, 1408L, 25L, 
    0L, 0L, 1L, 1L, 0L, 0L, 1L, 52L, 67L, 0L), dim = c(5L, 3L
    ), dimnames = structure(list(c("-3", "-2", "-1", "0", "1"
    ), c("A", "G", NA)), names = c("", ""))), LR20_SNP1 = structure(c(22L, 
    601L, 1L, 2L, 759L, 2L, 0L, 1L, 0L, 0L, 6L, 0L), dim = 3:4, dimnames = structure(list(
        c("-1", "0", "1"), c("A", "G", "T", NA)), names = c("", 
    ""))), LR24_SNP1 = structure(c(0L, 10L, 197L, 249L), dim = c(2L, 
    2L), dimnames = structure(list(c("-1", "0"), c("A", "G")), names = c("", 
    ""))), LR36_SNP1 = structure(c(0L, 3L, 36L, 436L, 1242L, 
    8L, 0L, 1L, 20L, 937L, 18L, 596L, 6L, 1L, 0L, 0L, 8L, 1L, 
    46L, 0L, 0L), dim = c(7L, 3L), dimnames = structure(list(
        c("-4", "-3", "-2", "-1", "0", "1", "2"), c("A", "T", 
        NA)), names = c("", ""))), LR40_SNP1 = structure(c(0L, 
    1L, 0L, 0L, 3L, 1069L, 1332L, 9L, 0L, 6L, 6L, 0L), dim = 4:3, dimnames = structure(list(
        c("-2", "-1", "0", "1"), c("A", "C", NA)), names = c("", 
    ""))), LR44_SNP1 = structure(c(0L, 2L, 41L, 171L, 344L, 9L, 
    1L, 1L, 173L, 265L, 206L, 1L, 0L, 0L, 1L, 5L, 15L, 0L), dim = c(6L, 
    3L), dimnames = structure(list(c("-4", "-3", "-2", "-1", 
    "0", "1"), c("C", "T", NA)), names = c("", ""))), LR46_SNP1 = structure(c(0L, 
    0L, 1L, 0L, 0L, 27L, 4303L, 18L, 1L, 1673L, 2654L, 3L, 0L, 
    5L, 58L, 0L), dim = c(4L, 4L), dimnames = structure(list(
        c("-2", "-1", "0", "1"), c("A", "G", "T", NA)), names = c("", 
    ""))), LR48_SNP1 = structure(c(0L, 0L, 1L, 0L, 0L, 0L, 4L, 
    812L, 2717L, 2859L, 33L, 1L, 0L, 0L, 0L, 3L, 0L, 0L, 0L, 
    1L, 24L, 52L, 0L, 0L), dim = c(6L, 4L), dimnames = structure(list(
        c("-3", "-2", "-1", "0", "1", "2"), c("A", "C", "T", 
        NA)), names = c("", ""))), LR49_SNP1 = structure(c(9L, 
    1043L, 1L, 50L, 911L, 76L, 0L, 12L, 0L), dim = c(3L, 3L), dimnames = structure(list(
        c("-1", "0", "1"), c("A", "G", NA)), names = c("", ""
    ))), LR52_SNP1 = structure(c(0L, 0L, 1L, 0L, 0L, 0L, 0L, 
    0L, 0L, 0L, 0L, 1L, 0L, 0L, 3L, 302L, 1245L, 639L, 1410L, 
    20L, 1L, 0L, 0L, 9L, 21L, 68L, 0L, 0L), dim = c(7L, 4L), dimnames = structure(list(
        c("-4", "-3", "-2", "-1", "0", "1", "2"), c("A", "C", 
        "T", NA)), names = c("", ""))))
