Result <-
list(DEPDC2_SNP1 = structure(c(21L, 1724L, 38L, 41L, 3L, 1L, 
0L, 7L, 0L, 0L, 0L, 0L), dim = c(6L, 2L), dimnames = structure(list(
    c("-1", "0", "1", "2", "3", "4"), c("T", NA)), names = c("", 
""))), GM01_SNP1 = structure(c(0L, 0L, 1L, 0L, 2L, 164L, 6081L, 
19L, 0L, 0L, 1L, 0L, 0L, 1L, 56L, 0L), dim = c(4L, 4L), dimnames = structure(list(
    c("-2", "-1", "0", "1"), c("-", "A", "G", NA)), names = c("", 
""))), GM07_SNP1 = structure(c(31L, 1198L, 54L, 738L, 44L, 3L, 
0L, 106L, 1248L, 871L, 32L, 0L, 0L, 0L, 0L, 1L, 0L, 0L, 0L, 4L, 
17L, 29L, 0L, 0L), dim = c(6L, 4L), dimnames = structure(list(
    c("-3", "-2", "-1", "0", "1", "2"), c("A", "G", "T", NA)), names = c("", 
""))), GM09_SNP1 = structure(c(526L, 1L, 407L, 0L, 0L, 3L, 747L, 
2L, 1L, 0L, 2L, 0L), dim = 4:3, dimnames = structure(list(c("-2", 
"-1", "0", "1"), c("A", "G", NA)), names = c("", ""))), GM11_SNP1 = structure(c(1L, 
24L, 1911L, 8L, 26L, 1037L, 661L, 0L, 0L, 4L, 11L, 0L), dim = 4:3, dimnames = structure(list(
    c("-2", "-1", "0", "1"), c("A", "G", NA)), names = c("", 
""))), GM14_SNP1 = structure(c(1L, 18L, 1732L, 3807L, 2173L, 
20L, 1L, 0L, 0L, 1L, 7L, 31L, 0L, 0L), dim = c(7L, 2L), dimnames = structure(list(
    c("-4", "-3", "-2", "-1", "0", "1", "2"), c("C", NA)), names = c("", 
""))), GM17_SNP1 = structure(c(7L, 3710L, 2437L, 9L, 0L, 2L, 
1L, 0L, 0L, 5L, 21L, 0L), dim = 4:3, dimnames = structure(list(
    c("-2", "-1", "0", "1"), c("C", "T", NA)), names = c("", 
""))), GM22_SNP1 = structure(c(1L, 6L, 216L, 11095L, 86L, 1L, 
0L, 0L, 0L, 1L, 0L, 0L, 0L, 0L, 0L, 1L, 0L, 0L, 0L, 0L, 8L, 132L, 
1L, 0L), dim = c(6L, 4L), dimnames = structure(list(c("-3", "-2", 
"-1", "0", "1", "2"), c("A", "G", "T", NA)), names = c("", ""
))), GM26_SNP1 = structure(c(1L, 7L, 1487L, 4L, 0L, 0L, 9L, 526L, 
624L, 6L, 0L, 0L, 24L, 6L, 0L), dim = c(5L, 3L), dimnames = structure(list(
    c("-2", "-1", "0", "1", "2"), c("A", "G", NA)), names = c("", 
""))), GM29_SNP1 = structure(c(0L, 14L, 1251L, 2L, 4L, 145L, 
3614L, 6L, 0L, 0L, 38L, 0L), dim = 4:3, dimnames = structure(list(
    c("-2", "-1", "0", "1"), c("A", "G", NA)), names = c("", 
""))), IM16_SNP1 = structure(c(0L, 0L, 1L, 0L, 0L, 5L, 2897L, 
1515L, 18L, 0L, 0L, 43L, 0L, 0L, 0L, 0L, 14L, 22L, 0L, 1L), dim = 5:4, dimnames = structure(list(
    c("-2", "-1", "0", "1", "2"), c("A", "G", "T", NA)), names = c("", 
""))), IM49_SNP1 = structure(c(2L, 627L, 10L, 282L, 2L, 0L, 0L, 
0L, 1L, 0L, 0L, 1L, 0L, 7L, 0L), dim = c(5L, 3L), dimnames = structure(list(
    c("-3", "-2", "-1", "0", "1"), c("C", "G", NA)), names = c("", 
""))), LR10_SNP1 = structure(c(0L, 0L, 1L, 0L, 4L, 597L, 308L, 
2L, 0L, 15L, 996L, 1L, 0L, 7L, 10L, 1L), dim = c(4L, 4L), dimnames = structure(list(
    c("-2", "-1", "0", "1"), c("-", "C", "T", NA)), names = c("", 
""))), LR11_SNP1 = structure(c(29L, 641L, 1165L, 10L, 0L, 15L, 
23L, 0L), dim = c(4L, 2L), dimnames = structure(list(c("-2", 
"-1", "0", "1"), c("C", NA)), names = c("", ""))), LR17_SNP1 = structure(c(29L, 
1127L, 208L, 2248L, 80L, 3L, 0L, 0L, 0L, 3L, 0L, 0L, 0L, 6L, 
5L, 131L, 0L, 0L), dim = c(6L, 3L), dimnames = structure(list(
    c("-3", "-2", "-1", "0", "1", "2"), c("A", "G", NA)), names = c("", 
""))), LR20_SNP1 = structure(c(20L, 1369L, 0L, 3L), dim = c(2L, 
2L), dimnames = structure(list(c("-1", "0"), c("A", NA)), names = c("", 
""))), LR24_SNP1 = structure(c(0L, 0L, 1L, 0L, 1L, 268L, 275L, 
219L, 0L, 4L, 1L, 1L), dim = 4:3, dimnames = structure(list(c("-3", 
"-2", "-1", "0"), c("A", "G", NA)), names = c("", ""))), LR36_SNP1 = structure(c(0L, 
0L, 0L, 5L, 0L, 0L, 0L, 0L, 0L, 0L, 1L, 0L, 0L, 0L, 1L, 9L, 103L, 
3975L, 48L, 2L, 0L, 0L, 1L, 3L, 173L, 1L, 0L, 1L), dim = c(7L, 
4L), dimnames = structure(list(c("-3", "-2", "-1", "0", "1", 
"2", "4"), c("A", "C", "T", NA)), names = c("", ""))), LR40_SNP1 = structure(c(0L, 
0L, 0L, 0L, 1L, 708L, 1730L, 4L, 0L, 2L, 6L, 0L), dim = 4:3, dimnames = structure(list(
    c("-2", "-1", "0", "1"), c("A", "C", NA)), names = c("", 
""))), LR44_SNP1 = structure(c(28L, 283L, 15L, 135L, 0L, 1L, 
0L, 74L, 329L, 358L, 6L, 0L, 1L, 1L, 0L, 5L, 0L, 0L), dim = c(6L, 
3L), dimnames = structure(list(c("-3", "-2", "-1", "0", "1", 
"2"), c("C", "T", NA)), names = c("", ""))), LR46_SNP1 = structure(c(0L, 
1L, 0L, 0L, 0L, 1L, 0L, 0L, 0L, 5L, 1L, 0L, 34L, 8557L, 29L, 
2L, 0L, 51L, 0L, 0L), dim = 4:5, dimnames = structure(list(c("-1", 
"0", "1", "2"), c("-", "C", "G", "T", NA)), names = c("", ""))), 
    LR48_SNP1 = structure(c(6L, 1631L, 48L, 1484L, 19L, 1L, 0L, 
    5L, 184L, 3557L, 73L, 1L, 0L, 11L, 4L, 126L, 1L, 0L), dim = c(6L, 
    3L), dimnames = structure(list(c("-3", "-2", "-1", "0", "1", 
    "2"), c("C", "T", NA)), names = c("", ""))), LR49_SNP1 = structure(c(0L, 
    0L, 15L, 0L, 0L, 0L, 1L, 0L, 24L, 1022L, 2135L, 2L, 0L, 5L, 
    13L, 0L), dim = c(4L, 4L), dimnames = structure(list(c("-2", 
    "-1", "0", "1"), c("A", "C", "G", NA)), names = c("", ""))), 
    LR52_SNP1 = structure(c(0L, 0L, 0L, 0L, 1L, 0L, 17L, 1005L, 
    15L, 82L, 681L, 7L, 2L, 194L, 838L, 89L, 919L, 14L, 0L, 4L, 
    5L, 22L, 380L, 2L), dim = c(6L, 4L), dimnames = structure(list(
        c("-4", "-3", "-2", "-1", "0", "1"), c("-", "C", "T", 
        NA)), names = c("", ""))))
