Result <-
list(DEPDC2_SNP1 = structure(c(0L, 0L, 1L, 0L, 8L, 69L, 3593L, 
20L, 0L, 0L, 11L, 0L), dim = 4:3, dimnames = structure(list(c("-2", 
"-1", "0", "1"), c("A", "T", NA)), names = c("", ""))), GM01_SNP1 = structure(c(0L, 
0L, 1L, 0L, 0L, 5L, 1099L, 5426L, 19L, 1L, 0L, 0L, 1L, 0L, 0L, 
0L, 2L, 34L, 0L, 0L), dim = 5:4, dimnames = structure(list(c("-2", 
"-1", "0", "1", "3"), c("-", "A", "T", NA)), names = c("", ""
))), GM07_SNP1 = structure(c(0L, 0L, 0L, 2L, 1L, 0L, 4L, 1330L, 
1095L, 3703L, 118L, 4L, 0L, 9L, 9L, 66L, 1L, 0L), dim = c(6L, 
3L), dimnames = structure(list(c("-3", "-2", "-1", "0", "1", 
"2"), c("A", "G", NA)), names = c("", ""))), GM09_SNP1 = structure(c(0L, 
5L, 0L, 587L, 2336L, 4L, 3L, 9L, 0L), dim = c(3L, 3L), dimnames = structure(list(
    c("-1", "0", "1"), c("A", "G", NA)), names = c("", ""))), 
    GM11_SNP1 = structure(c(268L, 2749L, 4L, 0L, 2L, 0L, 1L, 
    13L, 0L), dim = c(3L, 3L), dimnames = structure(list(c("-1", 
    "0", "1"), c("A", "G", NA)), names = c("", ""))), GM14_SNP1 = structure(c(106L, 
    1351L, 1104L, 6176L, 55L, 2L, 0L, 1L, 0L, 3L, 0L, 0L, 0L, 
    3L, 4L, 56L, 1L, 0L), dim = c(6L, 3L), dimnames = structure(list(
        c("-3", "-2", "-1", "0", "1", "2"), c("C", "T", NA)), names = c("", 
    ""))), GM17_SNP1 = structure(c(0L, 0L, 0L, 1L, 0L, 0L, 1L, 
    5L, 1057L, 2452L, 20L, 1L, 0L, 0L, 0L, 1L, 0L, 0L, 0L, 1L, 
    52L, 3231L, 14L, 0L, 0L, 0L, 4L, 26L, 0L, 0L), dim = 6:5, dimnames = structure(list(
        c("-3", "-2", "-1", "0", "1", "2"), c("A", "C", "G", 
        "T", NA)), names = c("", ""))), GM22_SNP1 = structure(c(5L, 
    304L, 14341L, 1800L, 20L, 0L, 0L, 4L, 0L, 0L, 0L, 1L, 1L, 
    0L, 0L, 0L, 7L, 164L, 24L, 1L), dim = 5:4, dimnames = structure(list(
        c("-2", "-1", "0", "1", "2"), c("A", "G", "T", NA)), names = c("", 
    ""))), GM26_SNP1 = structure(c(1L, 566L, 784L, 3L, 0L, 14L, 
    1478L, 6L, 0L, 7L, 20L, 0L), dim = 4:3, dimnames = structure(list(
        c("-2", "-1", "0", "1"), c("A", "G", NA)), names = c("", 
    ""))), GM29_SNP1 = structure(c(1L, 61L, 3639L, 8L, 21L, 1145L, 
    2723L, 12L, 0L, 3L, 38L, 1L), dim = 4:3, dimnames = structure(list(
        c("-2", "-1", "0", "1"), c("A", "G", NA)), names = c("", 
    ""))), IM16_SNP1 = structure(c(105L, 1984L, 38L, 0L, 0L, 
    1L, 0L, 0L, 46L, 1973L, 40L, 1L, 1L, 48L, 1L, 0L), dim = c(4L, 
    4L), dimnames = structure(list(c("-1", "0", "1", "2"), c("A", 
    "C", "G", NA)), names = c("", ""))), IM49_SNP1 = structure(c(8L, 
    179L, 247L, 4L, 0L, 2L, 149L, 378L, 6L, 1L, 0L, 6L, 20L, 
    1L, 0L), dim = c(5L, 3L), dimnames = structure(list(c("-2", 
    "-1", "0", "1", "2"), c("C", "G", NA)), names = c("", ""))), 
    LR10_SNP1 = structure(c(0L, 30L, 1136L, 12L, 1L, 300L, 793L, 
    2L, 0L, 1L, 19L, 0L), dim = 4:3, dimnames = structure(list(
        c("-2", "-1", "0", "1"), c("C", "T", NA)), names = c("", 
    ""))), LR11_SNP1 = structure(c(0L, 0L, 0L, 1L, 0L, 1L, 6L, 
    322L, 3817L, 31L, 0L, 0L, 0L, 18L, 0L), dim = c(5L, 3L), dimnames = structure(list(
        c("-3", "-2", "-1", "0", "1"), c("-", "A", NA)), names = c("", 
    ""))), LR17_SNP1 = structure(c(4L, 117L, 4512L, 6548L, 143L, 
    3L, 0L, 0L, 3L, 5L, 0L, 0L, 0L, 0L, 123L, 356L, 3L, 0L), dim = c(6L, 
    3L), dimnames = structure(list(c("-3", "-2", "-1", "0", "1", 
    "2"), c("A", "G", NA)), names = c("", ""))), LR20_SNP1 = structure(c(334L, 
    1371L, 2L, 1L, 5L, 0L), dim = 3:2, dimnames = structure(list(
        c("-1", "0", "1"), c("A", NA)), names = c("", ""))), 
    LR24_SNP1 = structure(c(174L, 5L, 696L, 2L, 1L, 0L, 0L, 0L
    ), dim = c(4L, 2L), dimnames = structure(list(c("-2", "-1", 
    "0", "1"), c("A", NA)), names = c("", ""))), LR36_SNP1 = structure(c(0L, 
    0L, 2L, 311L, 1218L, 2275L, 19L, 0L, 0L, 0L, 0L, 1L, 0L, 
    0L, 0L, 0L, 0L, 0L, 0L, 2L, 0L, 1L, 2L, 2L, 335L, 673L, 1956L, 
    14L, 0L, 0L, 0L, 4L, 22L, 118L, 1L), dim = c(7L, 5L), dimnames = structure(list(
        c("-5", "-4", "-3", "-2", "-1", "0", "1"), c("A", "C", 
        "G", "T", NA)), names = c("", ""))), LR40_SNP1 = structure(c(0L, 
    0L, 1L, 0L, 33L, 66L, 2775L, 14L, 1L, 0L, 10L, 0L), dim = 4:3, dimnames = structure(list(
        c("-2", "-1", "0", "1"), c("A", "C", NA)), names = c("", 
    ""))), LR44_SNP1 = structure(c(25L, 185L, 14L, 289L, 5L, 
    0L, 0L, 2L, 0L, 0L, 0L, 0L, 0L, 20L, 173L, 618L, 16L, 1L, 
    0L, 1L, 0L, 17L, 0L, 0L), dim = c(6L, 4L), dimnames = structure(list(
        c("-3", "-2", "-1", "0", "1", "2"), c("C", "G", "T", 
        NA)), names = c("", ""))), LR46_SNP1 = structure(c(0L, 
    1L, 1L, 0L, 0L, 0L, 2L, 0L, 9L, 3736L, 3804L, 13L, 1L, 197L, 
    5400L, 11L, 0L, 12L, 87L, 0L), dim = 4:5, dimnames = structure(list(
        c("-2", "-1", "0", "1"), c("A", "C", "G", "T", NA)), names = c("", 
    ""))), LR48_SNP1 = structure(c(1L, 37L, 2217L, 6849L, 120L, 
    6L, 0L, 0L, 2L, 41L, 0L, 0L, 0L, 0L, 25L, 119L, 1L, 0L), dim = c(6L, 
    3L), dimnames = structure(list(c("-3", "-2", "-1", "0", "1", 
    "2"), c("C", "T", NA)), names = c("", ""))), LR49_SNP1 = structure(c(0L, 
    0L, 2L, 3L, 0L, 0L, 0L, 0L, 1L, 0L, 2L, 1368L, 715L, 3484L, 
    2L, 0L, 6L, 7L, 21L, 0L), dim = 5:4, dimnames = structure(list(
        c("-3", "-2", "-1", "0", "1"), c("A", "C", "G", NA)), names = c("", 
    ""))), LR52_SNP1 = structure(c(9L, 229L, 394L, 683L, 2L, 
    72L, 684L, 136L, 1214L, 9L, 1L, 10L, 78L, 364L, 6L), dim = c(5L, 
    3L), dimnames = structure(list(c("-3", "-2", "-1", "0", "1"
    ), c("C", "T", NA)), names = c("", ""))))
