Result <-
list(DEPDC2_SNP1 = structure(c(11L, 1437L, 8L, 0L, 11L, 1197L, 
227L, 75L, 0L, 14L, 2L, 0L), dim = 4:3, dimnames = structure(list(
    c("-1", "0", "1", "2"), c("C", "T", NA)), names = c("", ""
))), GM01_SNP1 = structure(c(0L, 1L, 7L, 0L, 2L, 132L, 6743L, 
28L, 0L, 3L, 103L, 2L), dim = 4:3, dimnames = structure(list(
    c("-2", "-1", "0", "1"), c("A", "G", NA)), names = c("", 
""))), GM07_SNP1 = structure(c(0L, 1L, 0L, 0L, 0L, 0L, 63L, 1014L, 
3236L, 97L, 4L, 1L, 2L, 153L, 2656L, 219L, 7L, 0L, 0L, 0L, 1L, 
0L, 0L, 0L, 0L, 3L, 72L, 7L, 0L, 0L), dim = 6:5, dimnames = structure(list(
    c("-2", "-1", "0", "1", "2", "3"), c("-", "A", "G", "T", 
    NA)), names = c("", ""))), GM09_SNP1 = structure(c(7L, 1171L, 
1L, 44L, 1568L, 4L, 0L, 13L, 0L), dim = c(3L, 3L), dimnames = structure(list(
    c("-1", "0", "1"), c("A", "G", NA)), names = c("", ""))), 
    GM11_SNP1 = structure(c(119L, 2178L, 9L, 130L, 1841L, 24L, 
    2L, 16L, 0L), dim = c(3L, 3L), dimnames = structure(list(
        c("-1", "0", "1"), c("A", "G", NA)), names = c("", ""
    ))), GM14_SNP1 = structure(c(0L, 0L, 0L, 2L, 0L, 0L, 1L, 
    24L, 802L, 4051L, 40L, 1L, 0L, 4L, 65L, 3573L, 1225L, 9L, 
    0L, 0L, 1L, 94L, 5L, 0L), dim = c(6L, 4L), dimnames = structure(list(
        c("-3", "-2", "-1", "0", "1", "2"), c("A", "C", "T", 
        NA)), names = c("", ""))), GM17_SNP1 = structure(c(0L, 
    0L, 1L, 0L, 0L, 5L, 672L, 6355L, 28L, 1L, 0L, 0L, 10L, 0L, 
    0L, 0L, 2L, 45L, 0L, 0L), dim = 5:4, dimnames = structure(list(
        c("-2", "-1", "0", "1", "2"), c("A", "C", "T", NA)), names = c("", 
    ""))), GM22_SNP1 = structure(c(1L, 164L, 7549L, 47L, 3L, 
    103L, 7697L, 27L, 0L, 1L, 247L, 1L), dim = 4:3, dimnames = structure(list(
        c("-2", "-1", "0", "1"), c("A", "G", NA)), names = c("", 
    ""))), GM26_SNP1 = structure(c(3L, 401L, 2645L, 9L, 0L, 0L, 
    2L, 0L, 0L, 3L, 19L, 0L), dim = 4:3, dimnames = structure(list(
        c("-2", "-1", "0", "1"), c("A", "G", NA)), names = c("", 
    ""))), GM29_SNP1 = structure(c(0L, 0L, 3L, 1L, 2L, 194L, 
    7841L, 60L, 0L, 0L, 1L, 0L, 0L, 0L, 69L, 0L), dim = c(4L, 
    4L), dimnames = structure(list(c("-2", "-1", "0", "1"), c("A", 
    "G", "T", NA)), names = c("", ""))), IM16_SNP1 = structure(c(0L, 
    0L, 1L, 0L, 0L, 1L, 1002L, 4630L, 76L, 2L, 0L, 0L, 1L, 1L, 
    0L, 0L, 2L, 57L, 5L, 0L), dim = 5:4, dimnames = structure(list(
        c("-2", "-1", "0", "1", "2"), c("A", "G", "T", NA)), names = c("", 
    ""))), IM49_SNP1 = structure(c(1L, 47L, 456L, 1316L, 26L, 
    0L, 0L, 1L, 21L, 0L), dim = c(5L, 2L), dimnames = structure(list(
        c("-3", "-2", "-1", "0", "1"), c("C", NA)), names = c("", 
    ""))), LR10_SNP1 = structure(c(0L, 1L, 0L, 28L, 1355L, 12L, 
    30L, 1167L, 2L, 2L, 19L, 0L), dim = 3:4, dimnames = structure(list(
        c("-1", "0", "1"), c("A", "C", "T", NA)), names = c("", 
    ""))), LR11_SNP1 = structure(c(0L, 0L, 1L, 0L, 0L, 34L, 504L, 
    2608L, 26L, 1L, 0L, 0L, 1L, 0L, 0L, 0L, 12L, 53L, 1L, 0L), dim = 5:4, dimnames = structure(list(
        c("-2", "-1", "0", "1", "2"), c("A", "C", "T", NA)), names = c("", 
    ""))), LR17_SNP1 = structure(c(11L, 165L, 3509L, 5064L, 65L, 
    4L, 0L, 0L, 0L, 4L, 0L, 0L, 0L, 1L, 87L, 267L, 1L, 0L), dim = c(6L, 
    3L), dimnames = structure(list(c("-3", "-2", "-1", "0", "1", 
    "2"), c("A", "G", NA)), names = c("", ""))), LR20_SNP1 = structure(c(3L, 
    674L, 1L, 23L, 1068L, 0L, 0L, 5L, 0L), dim = c(3L, 3L), dimnames = structure(list(
        c("-1", "0", "1"), c("A", "G", NA)), names = c("", ""
    ))), LR24_SNP1 = structure(c(130L, 320L, 1L, 26L, 497L, 2L, 
    0L, 4L, 0L), dim = c(3L, 3L), dimnames = structure(list(c("-1", 
    "0", "1"), c("A", "G", NA)), names = c("", ""))), LR36_SNP1 = structure(c(1L, 
    23L, 991L, 2732L, 24L, 0L, 0L, 0L, 1L, 0L, 0L, 0L, 1L, 2L, 
    0L, 0L, 28L, 176L, 3312L, 31L, 0L, 0L, 7L, 198L, 1L), dim = c(5L, 
    5L), dimnames = structure(list(c("-3", "-2", "-1", "0", "1"
    ), c("A", "C", "G", "T", NA)), names = c("", ""))), LR40_SNP1 = structure(c(1L, 
    79L, 1574L, 3L, 1L, 43L, 1704L, 9L, 0L, 0L, 10L, 0L), dim = 4:3, dimnames = structure(list(
        c("-2", "-1", "0", "1"), c("A", "C", NA)), names = c("", 
    ""))), LR44_SNP1 = structure(c(39L, 159L, 95L, 1112L, 18L, 
    0L, 0L, 0L, 15L, 0L), dim = c(5L, 2L), dimnames = structure(list(
        c("-3", "-2", "-1", "0", "1"), c("T", NA)), names = c("", 
    ""))), LR46_SNP1 = structure(c(0L, 0L, 1L, 0L, 0L, 0L, 8L, 
    0L, 1L, 145L, 11601L, 33L, 0L, 1L, 62L, 0L), dim = c(4L, 
    4L), dimnames = structure(list(c("-2", "-1", "0", "1"), c("-", 
    "G", "T", NA)), names = c("", ""))), LR48_SNP1 = structure(c(4L, 
    16L, 2045L, 7567L, 114L, 1L, 0L, 0L, 0L, 1L, 0L, 0L, 0L, 
    0L, 0L, 5L, 0L, 0L, 0L, 0L, 11L, 132L, 2L, 0L), dim = c(6L, 
    4L), dimnames = structure(list(c("-3", "-2", "-1", "0", "1", 
    "2"), c("C", "G", "T", NA)), names = c("", ""))), LR49_SNP1 = structure(c(9L, 
    3241L, 1L, 19L, 3324L, 4L, 0L, 49L, 0L), dim = c(3L, 3L), dimnames = structure(list(
        c("-1", "0", "1"), c("A", "G", NA)), names = c("", ""
    ))), LR52_SNP1 = structure(c(2L, 2L, 86L, 477L, 1465L, 13L, 
    3L, 20L, 493L, 187L, 1447L, 10L, 0L, 0L, 5L, 75L, 732L, 6L
    ), dim = c(6L, 3L), dimnames = structure(list(c("-4", "-3", 
    "-2", "-1", "0", "1"), c("C", "T", NA)), names = c("", ""
    ))))
