Result <-
list(DEPDC2_SNP1 = structure(c(3L, 874L, 6L, 17L, 0L, 17L, 1141L, 
62L, 23L, 2L, 0L, 14L, 0L, 0L, 0L), dim = c(5L, 3L), dimnames = structure(list(
    c("-1", "0", "1", "2", "3"), c("C", "T", NA)), names = c("", 
""))), GM01_SNP1 = structure(c(0L, 3L, 18L, 1L, 0L, 44L, 2789L, 
9994L, 38L, 1L, 0L, 1L, 0L, 0L, 0L, 0L, 13L, 162L, 1L, 0L), dim = 5:4, dimnames = structure(list(
    c("-2", "-1", "0", "1", "2"), c("A", "G", "T", NA)), names = c("", 
""))), GM07_SNP1 = structure(c(0L, 1L, 3L, 13L, 3L, 0L, 3L, 343L, 
2431L, 5774L, 136L, 6L, 0L, 2L, 14L, 77L, 3L, 0L), dim = c(6L, 
3L), dimnames = structure(list(c("-3", "-2", "-1", "0", "1", 
"2"), c("A", "G", NA)), names = c("", ""))), GM09_SNP1 = structure(c(10L, 
423L, 2542L, 7L, 0L, 0L, 2L, 0L, 0L, 0L, 9L, 0L), dim = 4:3, dimnames = structure(list(
    c("-2", "-1", "0", "1"), c("A", "G", NA)), names = c("", 
""))), GM11_SNP1 = structure(c(0L, 0L, 1L, 0L, 0L, 1L, 43L, 5892L, 
18L, 1L, 0L, 0L, 6L, 0L, 0L, 0L, 0L, 1L, 0L, 0L, 0L, 0L, 22L, 
0L, 0L), dim = c(5L, 5L), dimnames = structure(list(c("-2", "-1", 
"0", "1", "2"), c("-", "A", "G", "T", NA)), names = c("", ""))), 
    GM14_SNP1 = structure(c(0L, 0L, 0L, 0L, 1L, 0L, 1L, 1266L, 
    426L, 1671L, 6287L, 72L, 0L, 0L, 0L, 0L, 6L, 3L, 0L, 2L, 
    1L, 6L, 75L, 0L), dim = c(6L, 4L), dimnames = structure(list(
        c("-4", "-3", "-2", "-1", "0", "1"), c("A", "C", "T", 
        NA)), names = c("", ""))), GM17_SNP1 = structure(c(0L, 
    0L, 1L, 0L, 0L, 0L, 0L, 1L, 0L, 0L, 0L, 6L, 15L, 0L, 0L, 
    1L, 277L, 9401L, 51L, 1L, 0L, 0L, 38L, 1L, 0L), dim = c(5L, 
    5L), dimnames = structure(list(c("-2", "-1", "0", "1", "2"
    ), c("-", "A", "C", "T", NA)), names = c("", ""))), GM22_SNP1 = structure(c(24L, 
    804L, 23930L, 160L, 1L, 0L, 0L, 14L, 0L, 0L, 0L, 0L, 1L, 
    0L, 0L, 0L, 6L, 232L, 8L, 0L), dim = 5:4, dimnames = structure(list(
        c("-2", "-1", "0", "1", "2"), c("A", "G", "T", NA)), names = c("", 
    ""))), GM26_SNP1 = structure(c(1L, 20L, 2198L, 6L, 1L, 43L, 
    1636L, 4L, 0L, 1L, 30L, 0L), dim = 4:3, dimnames = structure(list(
        c("-2", "-1", "0", "1"), c("A", "G", NA)), names = c("", 
    ""))), GM29_SNP1 = structure(c(0L, 0L, 0L, 2L, 0L, 1L, 138L, 
    2071L, 6043L, 21L, 0L, 0L, 0L, 11L, 0L, 0L, 0L, 1L, 2L, 0L, 
    0L, 0L, 5L, 41L, 0L), dim = c(5L, 5L), dimnames = structure(list(
        c("-3", "-2", "-1", "0", "1"), c("-", "A", "G", "T", 
        NA)), names = c("", ""))), IM16_SNP1 = structure(c(24L, 
    1246L, 3407L, 58L, 0L, 0L, 0L, 1L, 0L, 0L, 0L, 87L, 4416L, 
    75L, 2L, 0L, 1L, 0L, 0L, 0L, 1L, 15L, 89L, 3L, 0L), dim = c(5L, 
    5L), dimnames = structure(list(c("-2", "-1", "0", "1", "2"
    ), c("A", "C", "G", "T", NA)), names = c("", ""))), IM49_SNP1 = structure(c(8L, 
    22L, 268L, 720L, 20L, 0L, 1L, 0L, 1L, 0L, 0L, 0L, 3L, 10L, 
    1L), dim = c(5L, 3L), dimnames = structure(list(c("-3", "-2", 
    "-1", "0", "1"), c("C", "G", NA)), names = c("", ""))), LR10_SNP1 = structure(c(0L, 
    0L, 1L, 0L, 0L, 1L, 257L, 1582L, 39L, 2L, 0L, 0L, 1L, 0L, 
    0L, 0L, 56L, 2125L, 13L, 0L, 0L, 2L, 19L, 0L, 0L), dim = c(5L, 
    5L), dimnames = structure(list(c("-2", "-1", "0", "1", "2"
    ), c("A", "C", "G", "T", NA)), names = c("", ""))), LR11_SNP1 = structure(c(0L, 
    0L, 1L, 0L, 1L, 193L, 2081L, 18L, 2L, 379L, 1432L, 13L, 0L, 
    1L, 0L, 0L, 1L, 5L, 46L, 0L), dim = 4:5, dimnames = structure(list(
        c("-2", "-1", "0", "1"), c("-", "A", "C", "G", NA)), names = c("", 
    ""))), LR17_SNP1 = structure(c(0L, 0L, 1L, 30L, 0L, 0L, 4L, 
    943L, 1595L, 5160L, 73L, 4L, 0L, 0L, 0L, 1L, 0L, 0L, 0L, 
    3L, 35L, 274L, 1L, 0L), dim = c(6L, 4L), dimnames = structure(list(
        c("-3", "-2", "-1", "0", "1", "2"), c("-", "A", "G", 
        NA)), names = c("", ""))), LR20_SNP1 = structure(c(0L, 
    0L, 2L, 0L, 0L, 0L, 1L, 0L, 1L, 542L, 2245L, 11L, 0L, 2L, 
    16L, 0L), dim = c(4L, 4L), dimnames = structure(list(c("-2", 
    "-1", "0", "1"), c("A", "C", "G", NA)), names = c("", ""))), 
    LR24_SNP1 = structure(c(1L, 31L, 435L, 1L, 0L, 1L, 302L, 
    0L, 0L, 0L, 9L, 0L), dim = 4:3, dimnames = structure(list(
        c("-3", "-1", "0", "1"), c("A", "G", NA)), names = c("", 
    ""))), LR36_SNP1 = structure(c(0L, 0L, 1L, 4L, 7L, 0L, 0L, 
    0L, 0L, 1L, 1L, 0L, 26L, 15L, 320L, 1617L, 6024L, 89L, 1L, 
    0L, 4L, 29L, 242L, 7L), dim = c(6L, 4L), dimnames = structure(list(
        c("-4", "-3", "-2", "-1", "0", "1"), c("A", "C", "T", 
        NA)), names = c("", ""))), LR40_SNP1 = structure(c(0L, 
    0L, 3L, 0L, 2L, 99L, 6326L, 29L, 0L, 0L, 36L, 0L), dim = 4:3, dimnames = structure(list(
        c("-2", "-1", "0", "1"), c("A", "C", NA)), names = c("", 
    ""))), LR44_SNP1 = structure(c(2L, 182L, 25L, 29L, 331L, 
    14L, 0L, 87L, 140L, 40L, 409L, 9L, 0L, 3L, 1L, 0L, 12L, 0L
    ), dim = c(6L, 3L), dimnames = structure(list(c("-4", "-3", 
    "-2", "-1", "0", "1"), c("C", "T", NA)), names = c("", ""
    ))), LR46_SNP1 = structure(c(0L, 0L, 3L, 0L, 0L, 0L, 1L, 
    0L, 0L, 0L, 19L, 0L, 3L, 2158L, 13900L, 43L, 0L, 5L, 79L, 
    0L), dim = 4:5, dimnames = structure(list(c("-2", "-1", "0", 
    "1"), c("-", "C", "G", "T", NA)), names = c("", ""))), LR48_SNP1 = structure(c(5L, 
    1702L, 1173L, 9938L, 168L, 4L, 0L, 0L, 0L, 1L, 0L, 0L, 0L, 
    0L, 0L, 7L, 0L, 0L, 0L, 6L, 11L, 193L, 0L, 0L), dim = c(6L, 
    4L), dimnames = structure(list(c("-3", "-2", "-1", "0", "1", 
    "2"), c("C", "G", "T", NA)), names = c("", ""))), LR49_SNP1 = structure(c(17L, 
    679L, 3334L, 0L, 0L, 10L, 0L, 0L, 1L, 0L, 4L, 26L), dim = 3:4, dimnames = structure(list(
        c("-2", "-1", "0"), c("A", "G", "T", NA)), names = c("", 
    ""))), LR52_SNP1 = structure(c(0L, 0L, 0L, 0L, 1L, 0L, 0L, 
    125L, 465L, 674L, 1936L, 6L, 0L, 0L, 0L, 0L, 1L, 0L, 3L, 
    42L, 518L, 834L, 2750L, 26L, 0L, 1L, 15L, 146L, 1047L, 10L
    ), dim = 6:5, dimnames = structure(list(c("-4", "-3", "-2", 
    "-1", "0", "1"), c("-", "C", "G", "T", NA)), names = c("", 
    ""))))
