Result <-
list(DEPDC2_SNP1 = structure(c(4L, 772L, 1529L, 18L, 0L, 20L, 
1394L, 12L, 0L, 7L, 15L, 0L), dim = 4:3, dimnames = structure(list(
    c("-2", "-1", "0", "1"), c("C", "T", NA)), names = c("", 
""))), GM01_SNP1 = structure(c(0L, 1L, 0L, 238L, 12607L, 77L, 
1L, 2L, 0L, 0L, 1L, 0L, 3L, 59L, 0L), dim = c(3L, 5L), dimnames = structure(list(
    c("-1", "0", "1"), c("-", "A", "G", "T", NA)), names = c("", 
""))), GM07_SNP1 = structure(c(0L, 0L, 2L, 1L, 0L, 0L, 1L, 354L, 
2032L, 2080L, 54L, 0L, 0L, 3L, 108L, 1925L, 56L, 2L, 0L, 1L, 
7L, 55L, 3L, 0L), dim = c(6L, 4L), dimnames = structure(list(
    c("-3", "-2", "-1", "0", "1", "2"), c("-", "A", "G", NA)), names = c("", 
""))), GM09_SNP1 = structure(c(673L, 2832L, 4L, 0L, 22L, 0L, 
2L, 10L, 0L), dim = c(3L, 3L), dimnames = structure(list(c("-1", 
"0", "1"), c("A", "G", NA)), names = c("", ""))), GM11_SNP1 = structure(c(2L, 
1345L, 1623L, 2L, 0L, 17L, 1520L, 11L, 0L, 1L, 1L, 0L, 0L, 3L, 
19L, 0L), dim = c(4L, 4L), dimnames = structure(list(c("-2", 
"-1", "0", "1"), c("A", "G", "T", NA)), names = c("", ""))), 
    GM14_SNP1 = structure(c(1L, 2L, 59L, 2142L, 7143L, 70L, 1L, 
    0L, 0L, 6L, 1L, 1L, 0L, 0L, 0L, 0L, 0L, 1L, 84L, 2L, 0L), dim = c(7L, 
    3L), dimnames = structure(list(c("-4", "-3", "-2", "-1", 
    "0", "1", "2"), c("C", "T", NA)), names = c("", ""))), GM17_SNP1 = structure(c(0L, 
    1L, 0L, 0L, 0L, 0L, 77L, 3207L, 6L, 0L, 4L, 966L, 1911L, 
    7L, 1L, 0L, 0L, 32L, 0L, 0L), dim = 5:4, dimnames = structure(list(
        c("-2", "-1", "0", "1", "2"), c("A", "C", "T", NA)), names = c("", 
    ""))), GM22_SNP1 = structure(c(0L, 0L, 1L, 0L, 0L, 6L, 467L, 
    24099L, 114L, 2L, 0L, 1L, 23L, 0L, 0L, 0L, 0L, 3L, 0L, 0L, 
    0L, 5L, 251L, 4L, 2L), dim = c(5L, 5L), dimnames = structure(list(
        c("-2", "-1", "0", "1", "2"), c("-", "A", "G", "T", NA
        )), names = c("", ""))), GM26_SNP1 = structure(c(5L, 
    479L, 2520L, 9L, 0L, 0L, 2L, 0L, 0L, 2L, 22L, 0L), dim = 4:3, dimnames = structure(list(
        c("-2", "-1", "0", "1"), c("A", "G", NA)), names = c("", 
    ""))), GM29_SNP1 = structure(c(0L, 1L, 71L, 3129L, 12L, 1L, 
    1L, 110L, 2820L, 11L, 0L, 0L, 0L, 35L, 0L), dim = c(5L, 3L
    ), dimnames = structure(list(c("-3", "-2", "-1", "0", "1"
    ), c("A", "G", NA)), names = c("", ""))), IM16_SNP1 = structure(c(0L, 
    2L, 0L, 0L, 22L, 1124L, 4259L, 36L, 0L, 0L, 1L, 0L, 0L, 3L, 
    47L, 8L), dim = c(4L, 4L), dimnames = structure(list(c("-2", 
    "-1", "0", "1"), c("A", "G", "T", NA)), names = c("", ""))), 
    IM49_SNP1 = structure(c(0L, 6L, 178L, 12L, 8L, 73L, 86L, 
    3L, 0L, 2L, 7L, 0L), dim = 4:3, dimnames = structure(list(
        c("-2", "-1", "0", "1"), c("C", "G", NA)), names = c("", 
    ""))), LR10_SNP1 = structure(c(0L, 1L, 0L, 0L, 0L, 5L, 822L, 
    4233L, 16L, 1L, 0L, 0L, 27L, 0L, 0L), dim = c(5L, 3L), dimnames = structure(list(
        c("-2", "-1", "0", "1", "2"), c("C", "T", NA)), names = c("", 
    ""))), LR11_SNP1 = structure(c(4L, 183L, 2892L, 24L, 4L, 
    135L, 2049L, 11L, 0L, 0L, 1L, 0L, 0L, 0L, 1L, 0L, 0L, 6L, 
    54L, 0L), dim = 4:5, dimnames = structure(list(c("-2", "-1", 
    "0", "1"), c("A", "C", "G", "T", NA)), names = c("", ""))), 
    LR17_SNP1 = structure(c(19L, 1039L, 9299L, 130L, 1L, 0L, 
    0L, 3L, 0L, 0L, 0L, 0L, 1L, 0L, 0L, 0L, 19L, 462L, 0L, 0L
    ), dim = 5:4, dimnames = structure(list(c("-2", "-1", "0", 
    "1", "2"), c("A", "G", "T", NA)), names = c("", ""))), LR20_SNP1 = structure(c(2L, 
    1455L, 0L, 9L, 1256L, 7L, 0L, 1L, 0L, 0L, 10L, 0L), dim = 3:4, dimnames = structure(list(
        c("-1", "0", "1"), c("A", "G", "T", NA)), names = c("", 
    ""))), LR24_SNP1 = structure(c(47L, 1098L, 1L, 0L, 4L, 0L
    ), dim = 3:2, dimnames = structure(list(c("-1", "0", "1"), 
        c("G", NA)), names = c("", ""))), LR36_SNP1 = structure(c(3L, 
    75L, 690L, 230L, 6027L, 54L, 0L, 0L, 1L, 1L, 7L, 0L, 0L, 
    0L, 0L, 0L, 122L, 0L), dim = c(6L, 3L), dimnames = structure(list(
        c("-4", "-3", "-2", "-1", "0", "1"), c("A", "T", NA)), names = c("", 
    ""))), LR40_SNP1 = structure(c(353L, 2934L, 7L, 1L, 4L, 0L, 
    0L, 9L, 0L), dim = c(3L, 3L), dimnames = structure(list(c("-1", 
    "0", "1"), c("C", "T", NA)), names = c("", ""))), LR44_SNP1 = structure(c(0L, 
    0L, 5L, 0L, 0L, 2L, 10L, 187L, 214L, 1L, 5L, 146L, 136L, 
    412L, 3L, 0L, 0L, 5L, 9L, 0L), dim = 5:4, dimnames = structure(list(
        c("-3", "-2", "-1", "0", "1"), c("A", "C", "T", NA)), names = c("", 
    ""))), LR46_SNP1 = structure(c(0L, 2L, 0L, 59L, 12075L, 36L, 
    1L, 23L, 0L, 1L, 110L, 0L), dim = 3:4, dimnames = structure(list(
        c("-1", "0", "1"), c("A", "G", "T", NA)), names = c("", 
    ""))), LR48_SNP1 = structure(c(0L, 0L, 1L, 0L, 0L, 0L, 0L, 
    6L, 108L, 3736L, 51L, 1L, 1L, 121L, 4065L, 3536L, 58L, 1L, 
    0L, 1L, 36L, 138L, 0L, 0L), dim = c(6L, 4L), dimnames = structure(list(
        c("-3", "-2", "-1", "0", "1", "2"), c("A", "C", "T", 
        NA)), names = c("", ""))), LR49_SNP1 = structure(c(0L, 
    5L, 20L, 45L, 2172L, 3048L, 0L, 1L, 1L, 0L, 8L, 21L), dim = 3:4, dimnames = structure(list(
        c("-2", "-1", "0"), c("A", "G", "T", NA)), names = c("", 
    ""))), LR52_SNP1 = structure(c(1L, 2L, 15L, 175L, 1394L, 
    12L, 2L, 52L, 440L, 997L, 2048L, 33L, 0L, 0L, 4L, 54L, 701L, 
    9L), dim = c(6L, 3L), dimnames = structure(list(c("-4", "-3", 
    "-2", "-1", "0", "1"), c("C", "T", NA)), names = c("", ""
    ))))
