Result <-
list(DEPDC2_SNP1 = structure(c(0L, 2L, 0L, 93L, 3393L, 41L, 0L, 
9L, 0L), dim = c(3L, 3L), dimnames = structure(list(c("-1", "0", 
"1"), c("A", "T", NA)), names = c("", ""))), GM01_SNP1 = structure(c(1L, 
70L, 4350L, 14L, 0L, 78L, 4002L, 12L, 0L, 4L, 107L, 3L), dim = 4:3, dimnames = structure(list(
    c("-2", "-1", "0", "1"), c("A", "G", NA)), names = c("", 
""))), GM07_SNP1 = structure(c(4L, 1353L, 104L, 1407L, 49L, 0L, 
0L, 40L, 1376L, 1384L, 33L, 2L, 0L, 0L, 1L, 0L, 0L, 0L, 0L, 10L, 
11L, 41L, 0L, 0L), dim = c(6L, 4L), dimnames = structure(list(
    c("-3", "-2", "-1", "0", "1", "2"), c("A", "G", "T", NA)), names = c("", 
""))), GM09_SNP1 = structure(c(27L, 3146L, 5L, 0L, 3L, 0L, 0L, 
7L, 0L), dim = c(3L, 3L), dimnames = structure(list(c("-1", "0", 
"1"), c("A", "G", NA)), names = c("", ""))), GM11_SNP1 = structure(c(1L, 
173L, 1760L, 4L, 1L, 125L, 1841L, 9L, 0L, 2L, 21L, 0L), dim = 4:3, dimnames = structure(list(
    c("-2", "-1", "0", "1"), c("A", "G", NA)), names = c("", 
""))), GM14_SNP1 = structure(c(0L, 0L, 0L, 0L, 1L, 0L, 1L, 1L, 
9L, 385L, 3001L, 33L, 0L, 2L, 2L, 300L, 2589L, 12L, 0L, 0L, 0L, 
1L, 63L, 1L), dim = c(6L, 4L), dimnames = structure(list(c("-4", 
"-3", "-2", "-1", "0", "1"), c("A", "C", "T", NA)), names = c("", 
""))), GM17_SNP1 = structure(c(114L, 2140L, 10L, 116L, 2336L, 
6L, 1L, 29L, 0L), dim = c(3L, 3L), dimnames = structure(list(
    c("-1", "0", "1"), c("C", "T", NA)), names = c("", ""))), 
    GM22_SNP1 = structure(c(1L, 8L, 306L, 19113L, 84L, 2L, 0L, 
    0L, 0L, 1L, 0L, 0L, 0L, 0L, 1L, 34L, 0L, 0L, 0L, 0L, 0L, 
    3L, 0L, 0L, 0L, 0L, 4L, 236L, 4L, 0L), dim = 6:5, dimnames = structure(list(
        c("-3", "-2", "-1", "0", "1", "2"), c("A", "C", "G", 
        "T", NA)), names = c("", ""))), GM26_SNP1 = structure(c(19L, 
    2913L, 4L, 0L, 2L, 0L, 1L, 27L, 0L), dim = c(3L, 3L), dimnames = structure(list(
        c("-1", "0", "1"), c("A", "G", NA)), names = c("", ""
    ))), GM29_SNP1 = structure(c(0L, 0L, 0L, 20L, 0L, 1L, 13L, 
    1501L, 3577L, 8L, 0L, 0L, 4L, 37L, 0L), dim = c(5L, 3L), dimnames = structure(list(
        c("-4", "-2", "-1", "0", "1"), c("A", "G", NA)), names = c("", 
    ""))), IM16_SNP1 = structure(c(0L, 0L, 1L, 0L, 5L, 533L, 
    5815L, 82L, 0L, 2L, 98L, 5L), dim = 4:3, dimnames = structure(list(
        c("-2", "-1", "0", "1"), c("A", "G", NA)), names = c("", 
    ""))), IM49_SNP1 = structure(c(1L, 9L, 384L, 398L, 11L, 0L, 
    0L, 1L, 10L, 0L), dim = c(5L, 2L), dimnames = structure(list(
        c("-3", "-2", "-1", "0", "1"), c("C", NA)), names = c("", 
    ""))), LR10_SNP1 = structure(c(4L, 258L, 4048L, 42L, 1L, 
    0L, 0L, 13L, 0L, 0L, 0L, 1L, 33L, 0L, 0L), dim = c(5L, 3L
    ), dimnames = structure(list(c("-2", "-1", "0", "1", "2"), 
        c("C", "T", NA)), names = c("", ""))), LR11_SNP1 = structure(c(0L, 
    0L, 15L, 0L, 0L, 55L, 618L, 1569L, 9L, 1L, 0L, 9L, 30L, 0L, 
    0L), dim = c(5L, 3L), dimnames = structure(list(c("-2", "-1", 
    "0", "1", "2"), c("A", "C", NA)), names = c("", ""))), LR17_SNP1 = structure(c(2L, 
    185L, 2232L, 62L, 1L, 0L, 0L, 2L, 0L, 0L, 0L, 2L, 130L, 0L, 
    0L), dim = c(5L, 3L), dimnames = structure(list(c("-2", "-1", 
    "0", "1", "2"), c("A", "G", NA)), names = c("", ""))), LR20_SNP1 = structure(c(0L, 
    1L, 0L, 27L, 692L, 3L, 17L, 960L, 6L, 0L, 8L, 0L), dim = 3:4, dimnames = structure(list(
        c("-1", "0", "1"), c("-", "A", "G", NA)), names = c("", 
    ""))), LR24_SNP1 = structure(c(8L, 708L, 3L, 0L, 2L, 0L), dim = 3:2, dimnames = structure(list(
        c("-1", "0", "1"), c("A", NA)), names = c("", ""))), 
    LR36_SNP1 = structure(c(2L, 4L, 218L, 1682L, 6L, 0L, 0L, 
    0L, 1L, 0L, 0L, 13L, 182L, 1853L, 34L, 0L, 0L, 6L, 82L, 2L
    ), dim = 5:4, dimnames = structure(list(c("-3", "-2", "-1", 
    "0", "1"), c("A", "G", "T", NA)), names = c("", ""))), LR40_SNP1 = structure(c(0L, 
    25L, 0L, 77L, 2763L, 10L, 0L, 12L, 0L), dim = c(3L, 3L), dimnames = structure(list(
        c("-1", "0", "1"), c("A", "C", NA)), names = c("", ""
    ))), LR44_SNP1 = structure(c(0L, 2L, 85L, 469L, 4L, 18L, 
    382L, 45L, 319L, 4L, 0L, 0L, 2L, 7L, 1L), dim = c(5L, 3L), dimnames = structure(list(
        c("-3", "-2", "-1", "0", "1"), c("C", "T", NA)), names = c("", 
    ""))), LR46_SNP1 = structure(c(0L, 0L, 1L, 0L, 0L, 0L, 91L, 
    0L, 2L, 330L, 9916L, 18L, 0L, 1L, 63L, 0L), dim = c(4L, 4L
    ), dimnames = structure(list(c("-2", "-1", "0", "1"), c("-", 
    "G", "T", NA)), names = c("", ""))), LR48_SNP1 = structure(c(1L, 
    13L, 2259L, 373L, 3046L, 62L, 1L, 0L, 0L, 15L, 317L, 5430L, 
    72L, 1L, 0L, 0L, 5L, 3L, 177L, 2L, 0L), dim = c(7L, 3L), dimnames = structure(list(
        c("-4", "-3", "-2", "-1", "0", "1", "2"), c("C", "T", 
        NA)), names = c("", ""))), LR49_SNP1 = structure(c(1L, 
    689L, 888L, 0L, 0L, 821L, 805L, 2L, 0L, 4L, 12L, 0L), dim = 4:3, dimnames = structure(list(
        c("-2", "-1", "0", "1"), c("A", "G", NA)), names = c("", 
    ""))), LR52_SNP1 = structure(c(0L, 0L, 0L, 0L, 1L, 0L, 4L, 
    117L, 1215L, 922L, 1596L, 14L, 0L, 0L, 0L, 2L, 20L, 0L, 0L, 
    2L, 28L, 162L, 732L, 3L), dim = c(6L, 4L), dimnames = structure(list(
        c("-4", "-3", "-2", "-1", "0", "1"), c("A", "C", "T", 
        NA)), names = c("", ""))))
