Result <-
list(DEPDC2_SNP1 = structure(c(1L, 9L, 744L, 9L, 0L, 0L, 1L, 
0L, 0L, 6L, 735L, 7L, 0L, 0L, 4L, 0L), dim = c(4L, 4L), dimnames = structure(list(
    c("-3", "-1", "0", "1"), c("C", "G", "T", NA)), names = c("", 
""))), GM01_SNP1 = structure(c(184L, 2945L, 19L, 0L, 3L, 0L, 
0L, 22L, 0L), dim = c(3L, 3L), dimnames = structure(list(c("-1", 
"0", "1"), c("A", "G", NA)), names = c("", ""))), GM07_SNP1 = structure(c(0L, 
0L, 0L, 1L, 0L, 0L, 1L, 147L, 727L, 1948L, 81L, 3L, 0L, 0L, 1L, 
0L, 0L, 0L, 0L, 0L, 0L, 14L, 0L, 0L), dim = c(6L, 4L), dimnames = structure(list(
    c("-3", "-2", "-1", "0", "1", "2"), c("-", "A", "G", NA)), names = c("", 
""))), GM09_SNP1 = structure(c(1L, 18L, 614L, 1L, 0L, 11L, 535L, 
6L, 0L, 0L, 3L, 0L, 0L, 1L, 3L, 0L), dim = c(4L, 4L), dimnames = structure(list(
    c("-2", "-1", "0", "1"), c("A", "G", "T", NA)), names = c("", 
""))), GM11_SNP1 = structure(c(0L, 162L, 1099L, 11L, 2L, 158L, 
978L, 2L, 0L, 1L, 12L, 0L), dim = 4:3, dimnames = structure(list(
    c("-2", "-1", "0", "1"), c("A", "G", NA)), names = c("", 
""))), GM14_SNP1 = structure(c(0L, 33L, 383L, 1637L, 45L, 4L, 
71L, 132L, 100L, 1424L, 6L, 0L, 0L, 0L, 1L, 37L, 0L, 0L), dim = c(6L, 
3L), dimnames = structure(list(c("-3", "-2", "-1", "0", "1", 
"2"), c("C", "T", NA)), names = c("", ""))), GM17_SNP1 = structure(c(0L, 
11L, 0L, 89L, 2844L, 8L, 0L, 15L, 0L), dim = c(3L, 3L), dimnames = structure(list(
    c("-1", "0", "1"), c("C", "T", NA)), names = c("", ""))), 
    GM22_SNP1 = structure(c(0L, 110L, 4226L, 209L, 8L, 1L, 138L, 
    3310L, 29L, 1L, 0L, 1L, 130L, 4L, 0L), dim = c(5L, 3L), dimnames = structure(list(
        c("-2", "-1", "0", "1", "2"), c("A", "G", NA)), names = c("", 
    ""))), GM26_SNP1 = structure(c(1L, 14L, 768L, 8L, 0L, 42L, 
    932L, 2L, 0L, 0L, 1L, 0L, 0L, 1L, 14L, 0L), dim = c(4L, 4L
    ), dimnames = structure(list(c("-2", "-1", "0", "1"), c("A", 
    "G", "T", NA)), names = c("", ""))), GM29_SNP1 = structure(c(0L, 
    1L, 4L, 0L, 0L, 16L, 440L, 3312L, 16L, 1L, 0L, 3L, 20L, 0L, 
    0L), dim = c(5L, 3L), dimnames = structure(list(c("-2", "-1", 
    "0", "1", "2"), c("A", "G", NA)), names = c("", ""))), IM16_SNP1 = structure(c(1L, 
    114L, 1346L, 32L, 0L, 0L, 1L, 0L, 31L, 207L, 1254L, 29L, 
    0L, 4L, 21L, 2L), dim = c(4L, 4L), dimnames = structure(list(
        c("-2", "-1", "0", "1"), c("A", "C", "G", NA)), names = c("", 
    ""))), IM49_SNP1 = structure(c(4L, 45L, 206L, 14L, 7L, 23L, 
    158L, 4L, 0L, 2L, 5L, 0L), dim = 4:3, dimnames = structure(list(
        c("-2", "-1", "0", "1"), c("C", "G", NA)), names = c("", 
    ""))), LR10_SNP1 = structure(c(0L, 22L, 597L, 4L, 0L, 0L, 
    1L, 0L, 1L, 48L, 726L, 2L, 0L, 0L, 13L, 0L), dim = c(4L, 
    4L), dimnames = structure(list(c("-2", "-1", "0", "1"), c("C", 
    "G", "T", NA)), names = c("", ""))), LR11_SNP1 = structure(c(1L, 
    2L, 156L, 1483L, 30L, 2L, 0L, 0L, 0L, 2L, 0L, 0L, 0L, 0L, 
    1L, 15L, 0L, 0L), dim = c(6L, 3L), dimnames = structure(list(
        c("-4", "-2", "-1", "0", "1", "2"), c("A", "C", NA)), names = c("", 
    ""))), LR17_SNP1 = structure(c(2L, 28L, 260L, 1430L, 54L, 
    1L, 0L, 0L, 5L, 76L, 0L, 0L), dim = c(6L, 2L), dimnames = structure(list(
        c("-3", "-2", "-1", "0", "1", "2"), c("A", NA)), names = c("", 
    ""))), LR20_SNP1 = structure(c(0L, 2L, 147L, 634L, 1L, 3L
    ), dim = 2:3, dimnames = structure(list(c("-1", "0"), c("A", 
    "G", NA)), names = c("", ""))), LR24_SNP1 = structure(c(12L, 
    604L, 2L, 0L, 1L, 0L, 0L, 2L, 0L), dim = c(3L, 3L), dimnames = structure(list(
        c("-1", "0", "1"), c("A", "G", NA)), names = c("", ""
    ))), LR36_SNP1 = structure(c(0L, 0L, 0L, 1L, 0L, 0L, 2L, 
    56L, 485L, 2491L, 29L, 3L, 0L, 0L, 0L, 1L, 0L, 0L, 0L, 0L, 
    0L, 4L, 0L, 0L, 0L, 0L, 2L, 51L, 0L, 0L), dim = 6:5, dimnames = structure(list(
        c("-3", "-2", "-1", "0", "1", "2"), c("-", "A", "G", 
        "T", NA)), names = c("", ""))), LR40_SNP1 = structure(c(1L, 
    277L, 822L, 2L, 0L, 40L, 778L, 2L, 0L, 2L, 5L, 0L), dim = 4:3, dimnames = structure(list(
        c("-2", "-1", "0", "1"), c("A", "C", NA)), names = c("", 
    ""))), LR44_SNP1 = structure(c(39L, 45L, 103L, 437L, 6L, 
    4L, 0L, 6L, 0L, 0L, 0L, 0L, 0L, 0L, 3L, 9L, 1L, 0L), dim = c(6L, 
    3L), dimnames = structure(list(c("-3", "-2", "-1", "0", "1", 
    "2"), c("C", "T", NA)), names = c("", ""))), LR46_SNP1 = structure(c(1L, 
    900L, 5668L, 34L, 1L, 0L, 0L, 3L, 0L, 0L, 0L, 5L, 49L, 0L, 
    0L), dim = c(5L, 3L), dimnames = structure(list(c("-2", "-1", 
    "0", "1", "2"), c("G", "T", NA)), names = c("", ""))), LR48_SNP1 = structure(c(76L, 
    328L, 2442L, 53L, 1L, 7L, 368L, 2075L, 73L, 1L, 0L, 4L, 120L, 
    0L, 0L), dim = c(5L, 3L), dimnames = structure(list(c("-2", 
    "-1", "0", "1", "2"), c("C", "T", NA)), names = c("", ""))), 
    LR49_SNP1 = structure(c(0L, 6L, 0L, 97L, 2641L, 1L, 0L, 1L, 
    0L, 0L, 17L, 0L), dim = 3:4, dimnames = structure(list(c("-1", 
    "0", "1"), c("A", "G", "T", NA)), names = c("", ""))), LR52_SNP1 = structure(c(0L, 
    0L, 0L, 0L, 2L, 0L, 0L, 3L, 100L, 498L, 618L, 1769L, 25L, 
    0L, 0L, 0L, 4L, 23L, 88L, 0L, 1L), dim = c(7L, 3L), dimnames = structure(list(
        c("-4", "-3", "-2", "-1", "0", "1", "2"), c("C", "T", 
        NA)), names = c("", ""))))
