Result <-
list(DEPDC2_SNP1 = structure(c(0L, 1L, 0L, 0L, 1L, 0L, 23L, 2549L, 
25L, 0L, 4L, 0L), dim = 3:4, dimnames = structure(list(c("-1", 
"0", "1"), c("A", "C", "T", NA)), names = c("", ""))), GM01_SNP1 = structure(c(1L, 
177L, 5377L, 524L, 8L, 0L, 0L, 1L, 0L, 0L, 0L, 5L, 42L, 2L, 0L
), dim = c(5L, 3L), dimnames = structure(list(c("-2", "-1", "0", 
"1", "2"), c("A", "G", NA)), names = c("", ""))), GM07_SNP1 = structure(c(0L, 
0L, 0L, 1L, 0L, 0L, 0L, 3L, 382L, 712L, 2970L, 79L, 1L, 1L, 0L, 
0L, 0L, 1L, 0L, 0L, 0L, 0L, 0L, 0L, 1L, 0L, 0L, 0L, 0L, 1L, 4L, 
32L, 0L, 0L, 0L), dim = c(7L, 5L), dimnames = structure(list(
    c("-3", "-2", "-1", "0", "1", "2", "3"), c("-", "A", "G", 
    "T", NA)), names = c("", ""))), GM09_SNP1 = structure(c(0L, 
6L, 0L, 20L, 2473L, 9L, 0L, 1L, 0L, 0L, 8L, 0L), dim = 3:4, dimnames = structure(list(
    c("-1", "0", "1"), c("A", "G", "T", NA)), names = c("", ""
))), GM11_SNP1 = structure(c(39L, 1500L, 4L, 14L, 1323L, 4L, 
0L, 10L, 0L), dim = c(3L, 3L), dimnames = structure(list(c("-1", 
"0", "1"), c("A", "G", NA)), names = c("", ""))), GM14_SNP1 = structure(c(0L, 
0L, 0L, 1L, 0L, 0L, 1L, 69L, 1033L, 5458L, 53L, 2L, 0L, 0L, 0L, 
2L, 0L, 0L, 0L, 0L, 3L, 60L, 2L, 0L), dim = c(6L, 4L), dimnames = structure(list(
    c("-3", "-2", "-1", "0", "1", "2"), c("A", "C", "T", NA)), names = c("", 
""))), GM17_SNP1 = structure(c(2L, 632L, 4966L, 19L, 0L, 0L, 
1L, 0L, 0L, 0L, 6L, 0L, 0L, 1L, 36L, 0L), dim = c(4L, 4L), dimnames = structure(list(
    c("-2", "-1", "0", "1"), c("C", "G", "T", NA)), names = c("", 
""))), GM22_SNP1 = structure(c(5L, 169L, 12097L, 51L, 0L, 0L, 
7L, 0L, 0L, 0L, 1L, 0L, 0L, 1L, 119L, 1L), dim = c(4L, 4L), dimnames = structure(list(
    c("-2", "-1", "0", "1"), c("A", "G", "T", NA)), names = c("", 
""))), GM26_SNP1 = structure(c(0L, 0L, 1L, 0L, 1L, 58L, 2855L, 
14L, 0L, 0L, 40L, 1L), dim = 4:3, dimnames = structure(list(c("-2", 
"-1", "0", "1"), c("A", "G", NA)), names = c("", ""))), GM29_SNP1 = structure(c(0L, 
1L, 1L, 35L, 2617L, 15L, 0L, 1L, 3L, 559L, 118L, 2028L, 2L, 1L, 
0L, 0L, 0L, 0L, 32L, 0L, 0L), dim = c(7L, 3L), dimnames = structure(list(
    c("-4", "-3", "-2", "-1", "0", "1", "2"), c("A", "G", NA)), names = c("", 
""))), IM16_SNP1 = structure(c(0L, 0L, 3L, 0L, 0L, 0L, 1L, 28L, 
2858L, 597L, 21L, 1L, 0L, 0L, 33L, 26L, 2L, 0L), dim = c(6L, 
3L), dimnames = structure(list(c("-2", "-1", "0", "1", "2", "3"
), c("A", "G", NA)), names = c("", ""))), IM49_SNP1 = structure(c(131L, 
31L, 312L, 2L, 1L, 16L, 397L, 12L, 0L, 0L, 12L, 0L), dim = 4:3, dimnames = structure(list(
    c("-2", "-1", "0", "1"), c("C", "G", NA)), names = c("", 
""))), LR10_SNP1 = structure(c(1L, 291L, 2057L, 17L, 0L, 0L, 
6L, 1L, 0L, 1L, 15L, 0L), dim = 4:3, dimnames = structure(list(
    c("-2", "-1", "0", "1"), c("C", "T", NA)), names = c("", 
""))), LR11_SNP1 = structure(c(3L, 67L, 3212L, 40L, 1L, 0L, 0L, 
1L, 0L, 0L, 0L, 3L, 93L, 3L, 0L), dim = c(5L, 3L), dimnames = structure(list(
    c("-2", "-1", "0", "1", "2"), c("C", "T", NA)), names = c("", 
""))), LR17_SNP1 = structure(c(2L, 49L, 1565L, 4022L, 86L, 1L, 
0L, 0L, 1L, 2L, 0L, 0L, 0L, 0L, 39L, 209L, 2L, 0L), dim = c(6L, 
3L), dimnames = structure(list(c("-3", "-2", "-1", "0", "1", 
"2"), c("A", "G", NA)), names = c("", ""))), LR20_SNP1 = structure(c(1L, 
540L, 1L, 5L, 551L, 1L, 0L, 1L, 0L), dim = c(3L, 3L), dimnames = structure(list(
    c("-1", "0", "1"), c("A", "G", NA)), names = c("", ""))), 
    LR24_SNP1 = structure(c(1L, 134L, 377L, 3L, 0L, 4L, 513L, 
    0L, 0L, 1L, 3L, 0L), dim = 4:3, dimnames = structure(list(
        c("-2", "-1", "0", "1"), c("A", "G", NA)), names = c("", 
    ""))), LR36_SNP1 = structure(c(1L, 1L, 14L, 538L, 1454L, 
    24L, 0L, 5L, 1L, 0L, 0L, 79L, 535L, 1663L, 12L, 0L, 0L, 0L, 
    0L, 0L, 1L, 9L, 81L, 2L, 1L, 0L, 0L), dim = c(9L, 3L), dimnames = structure(list(
        c("-4", "-3", "-2", "-1", "0", "1", "2", "5", "6"), c("A", 
        "T", NA)), names = c("", ""))), LR40_SNP1 = structure(c(1L, 
    108L, 2547L, 10L, 0L, 0L, 11L, 0L), dim = c(4L, 2L), dimnames = structure(list(
        c("-2", "-1", "0", "1"), c("C", NA)), names = c("", ""
    ))), LR44_SNP1 = structure(c(3L, 92L, 52L, 379L, 3L, 1L, 
    140L, 24L, 347L, 3L, 0L, 1L, 0L, 16L, 0L), dim = c(5L, 3L
    ), dimnames = structure(list(c("-3", "-2", "-1", "0", "1"
    ), c("C", "T", NA)), names = c("", ""))), LR46_SNP1 = structure(c(0L, 
    0L, 1L, 0L, 4L, 1039L, 7421L, 29L, 0L, 0L, 5L, 0L, 0L, 2L, 
    63L, 1L), dim = c(4L, 4L), dimnames = structure(list(c("-2", 
    "-1", "0", "1"), c("A", "G", "T", NA)), names = c("", ""))), 
    LR48_SNP1 = structure(c(1L, 63L, 2799L, 5608L, 100L, 2L, 
    0L, 0L, 0L, 2L, 0L, 0L, 0L, 0L, 17L, 95L, 0L, 0L), dim = c(6L, 
    3L), dimnames = structure(list(c("-3", "-2", "-1", "0", "1", 
    "2"), c("C", "T", NA)), names = c("", ""))), LR49_SNP1 = structure(c(1L, 
    2L, 0L, 0L, 1L, 0L, 126L, 5676L, 4L, 0L, 1L, 0L, 0L, 32L, 
    0L), dim = c(3L, 5L), dimnames = structure(list(c("-1", "0", 
    "1"), c("A", "C", "G", "T", NA)), names = c("", ""))), LR52_SNP1 = structure(c(0L, 
    0L, 1L, 1L, 0L, 0L, 0L, 0L, 1L, 0L, 31L, 513L, 669L, 2993L, 
    24L, 0L, 5L, 30L, 157L, 3L), dim = 5:4, dimnames = structure(list(
        c("-3", "-2", "-1", "0", "1"), c("A", "C", "T", NA)), names = c("", 
    ""))))
