Result <-
list(DEPDC2_SNP1 = structure(c(1L, 32L, 2500L, 25L, 4L, 0L, 0L, 
6L, 0L, 0L), dim = c(5L, 2L), dimnames = structure(list(c("-2", 
"-1", "0", "1", "2"), c("T", NA)), names = c("", ""))), GM01_SNP1 = structure(c(0L, 
59L, 2512L, 12L, 0L, 1L, 47L, 2827L, 19L, 1L, 0L, 0L, 1L, 0L, 
0L, 0L, 4L, 57L, 0L, 0L), dim = 5:4, dimnames = structure(list(
    c("-2", "-1", "0", "1", "2"), c("A", "G", "T", NA)), names = c("", 
""))), GM07_SNP1 = structure(c(20L, 2128L, 772L, 2668L, 104L, 
6L, 0L, 1L, 0L, 5L, 0L, 0L, 0L, 1L, 0L, 1L, 0L, 0L, 0L, 11L, 
3L, 19L, 1L, 0L), dim = c(6L, 4L), dimnames = structure(list(
    c("-3", "-2", "-1", "0", "1", "2"), c("A", "G", "T", NA)), names = c("", 
""))), GM09_SNP1 = structure(c(2L, 883L, 1138L, 4L, 0L, 0L, 0L, 
1L, 0L, 1L, 0L, 0L, 0L, 2L, 4L, 0L), dim = c(4L, 4L), dimnames = structure(list(
    c("-2", "-1", "0", "1"), c("A", "G", "T", NA)), names = c("", 
""))), GM11_SNP1 = structure(c(1L, 163L, 3564L, 27L, 0L, 0L, 
2L, 0L, 0L, 1L, 22L, 0L), dim = 4:3, dimnames = structure(list(
    c("-2", "-1", "0", "1"), c("A", "G", NA)), names = c("", 
""))), GM14_SNP1 = structure(c(0L, 0L, 0L, 1L, 0L, 1L, 64L, 1957L, 
606L, 7L, 0L, 7L, 162L, 2765L, 22L, 0L, 0L, 4L, 37L, 0L), dim = 5:4, dimnames = structure(list(
    c("-3", "-2", "-1", "0", "1"), c("A", "C", "T", NA)), names = c("", 
""))), GM17_SNP1 = structure(c(69L, 2599L, 12L, 49L, 2586L, 13L, 
0L, 24L, 0L), dim = c(3L, 3L), dimnames = structure(list(c("-1", 
"0", "1"), c("C", "T", NA)), names = c("", ""))), GM22_SNP1 = structure(c(0L, 
0L, 1L, 0L, 39L, 5021L, 8354L, 40L, 0L, 1L, 1L, 0L, 1L, 12L, 
71L, 2L), dim = c(4L, 4L), dimnames = structure(list(c("-2", 
"-1", "0", "1"), c("-", "A", "G", NA)), names = c("", ""))), 
    GM26_SNP1 = structure(c(58L, 2629L, 8L, 1L, 0L, 2L, 0L, 0L, 
    0L, 19L, 0L, 0L), dim = 4:3, dimnames = structure(list(c("-1", 
    "0", "1", "2"), c("A", "G", NA)), names = c("", ""))), GM29_SNP1 = structure(c(0L, 
    0L, 1L, 3L, 0L, 1L, 15L, 2556L, 3711L, 16L, 0L, 0L, 3L, 6L, 
    0L, 0L, 0L, 6L, 26L, 0L), dim = 5:4, dimnames = structure(list(
        c("-3", "-2", "-1", "0", "1"), c("A", "G", "T", NA)), names = c("", 
    ""))), IM16_SNP1 = structure(c(1L, 89L, 2720L, 56L, 1L, 3L, 
    2241L, 578L, 5L, 0L, 0L, 9L, 26L, 0L, 0L), dim = c(5L, 3L
    ), dimnames = structure(list(c("-2", "-1", "0", "1", "2"), 
        c("A", "G", NA)), names = c("", ""))), IM49_SNP1 = structure(c(0L, 
    0L, 1L, 0L, 0L, 0L, 2L, 173L, 50L, 103L, 1L, 1L, 0L, 3L, 
    1L, 0L, 0L, 0L), dim = c(6L, 3L), dimnames = structure(list(
        c("-3", "-2", "-1", "0", "1", "2"), c("C", "G", NA)), names = c("", 
    ""))), LR10_SNP1 = structure(c(45L, 2102L, 12L, 1L, 17L, 
    0L), dim = 3:2, dimnames = structure(list(c("-1", "0", "1"
    ), c("T", NA)), names = c("", ""))), LR11_SNP1 = structure(c(1L, 
    58L, 1219L, 12L, 0L, 55L, 954L, 9L, 0L, 3L, 27L, 0L), dim = 4:3, dimnames = structure(list(
        c("-2", "-1", "0", "1"), c("A", "C", NA)), names = c("", 
    ""))), LR17_SNP1 = structure(c(1L, 75L, 1337L, 1938L, 60L, 
    0L, 0L, 0L, 2L, 0L, 0L, 1L, 19L, 129L, 0L), dim = c(5L, 3L
    ), dimnames = structure(list(c("-3", "-2", "-1", "0", "1"
    ), c("A", "G", NA)), names = c("", ""))), LR20_SNP1 = structure(c(18L, 
    1270L, 1L, 0L, 5L, 0L), dim = 3:2, dimnames = structure(list(
        c("-1", "0", "2"), c("A", NA)), names = c("", ""))), 
    LR24_SNP1 = structure(c(4L, 500L, 160L, 0L, 0L, 1L, 0L, 0L, 
    1L), dim = c(3L, 3L), dimnames = structure(list(c("-2", "-1", 
    "0"), c("A", "G", NA)), names = c("", ""))), LR36_SNP1 = structure(c(4L, 
    154L, 1989L, 445L, 7L, 0L, 0L, 0L, 1L, 0L, 78L, 50L, 1698L, 
    579L, 6L, 2L, 0L, 40L, 51L, 0L), dim = 5:4, dimnames = structure(list(
        c("-3", "-2", "-1", "0", "1"), c("A", "G", "T", NA)), names = c("", 
    ""))), LR40_SNP1 = structure(c(0L, 0L, 6L, 0L, 2L, 169L, 
    3663L, 26L, 0L, 0L, 1L, 0L, 0L, 0L, 22L, 0L), dim = c(4L, 
    4L), dimnames = structure(list(c("-2", "-1", "0", "1"), c("A", 
    "C", "T", NA)), names = c("", ""))), LR44_SNP1 = structure(c(1L, 
    15L, 377L, 16L, 138L, 0L, 0L, 2L, 25L, 382L, 104L, 4L, 0L, 
    1L, 2L, 2L, 6L, 0L), dim = c(6L, 3L), dimnames = structure(list(
        c("-4", "-3", "-2", "-1", "0", "1"), c("C", "T", NA)), names = c("", 
    ""))), LR46_SNP1 = structure(c(0L, 0L, 4L, 0L, 2L, 133L, 
    5551L, 19L, 1L, 217L, 5042L, 13L, 0L, 2L, 70L, 0L), dim = c(4L, 
    4L), dimnames = structure(list(c("-2", "-1", "0", "1"), c("A", 
    "G", "T", NA)), names = c("", ""))), LR48_SNP1 = structure(c(106L, 
    3612L, 4759L, 72L, 6L, 0L, 0L, 2L, 0L, 0L, 1L, 21L, 94L, 
    0L, 0L), dim = c(5L, 3L), dimnames = structure(list(c("-2", 
    "-1", "0", "1", "2"), c("C", "T", NA)), names = c("", ""))), 
    LR49_SNP1 = structure(c(0L, 5L, 18L, 0L, 4L, 1921L, 4144L, 
    4L, 0L, 1L, 0L, 0L, 0L, 11L, 26L, 0L), dim = c(4L, 4L), dimnames = structure(list(
        c("-2", "-1", "0", "1"), c("A", "G", "T", NA)), names = c("", 
    ""))), LR52_SNP1 = structure(c(0L, 0L, 0L, 0L, 1L, 0L, 0L, 
    4L, 116L, 1981L, 1368L, 822L, 9L, 1L, 0L, 0L, 12L, 40L, 49L, 
    1L, 0L), dim = c(7L, 3L), dimnames = structure(list(c("-4", 
    "-3", "-2", "-1", "0", "1", "2"), c("C", "T", NA)), names = c("", 
    ""))))
