Result <-
list(DEPDC2_SNP1 = structure(c(15L, 1867L, 10L, 23L, 1941L, 11L, 
0L, 21L, 1L), dim = c(3L, 3L), dimnames = structure(list(c("-1", 
"0", "1"), c("C", "T", NA)), names = c("", ""))), GM01_SNP1 = structure(c(0L, 
2L, 0L, 0L, 205L, 13600L, 52L, 2L, 0L, 4L, 0L, 0L, 5L, 78L, 1L, 
0L), dim = c(4L, 4L), dimnames = structure(list(c("-1", "0", 
"1", "2"), c("-", "A", "G", NA)), names = c("", ""))), GM07_SNP1 = structure(c(1L, 
3L, 171L, 3507L, 84L, 3L, 0L, 0L, 5L, 181L, 3550L, 85L, 1L, 1L, 
0L, 0L, 0L, 1L, 0L, 0L, 0L, 0L, 0L, 3L, 108L, 0L, 0L, 0L), dim = c(7L, 
4L), dimnames = structure(list(c("-3", "-2", "-1", "0", "1", 
"2", "3"), c("A", "G", "T", NA)), names = c("", ""))), GM09_SNP1 = structure(c(1L, 
29L, 6115L, 11L, 0L, 0L, 2L, 0L, 0L, 0L, 14L, 0L), dim = 4:3, dimnames = structure(list(
    c("-2", "-1", "0", "1"), c("A", "G", NA)), names = c("", 
""))), GM11_SNP1 = structure(c(11L, 3397L, 13L, 19L, 3284L, 22L, 
1L, 28L, 0L), dim = c(3L, 3L), dimnames = structure(list(c("-1", 
"0", "1"), c("A", "G", NA)), names = c("", ""))), GM14_SNP1 = structure(c(0L, 
0L, 0L, 1L, 0L, 0L, 1L, 14L, 280L, 8612L, 68L, 1L, 0L, 0L, 1L, 
3L, 0L, 0L, 0L, 0L, 1L, 80L, 0L, 0L), dim = c(6L, 4L), dimnames = structure(list(
    c("-4", "-2", "-1", "0", "1", "2"), c("A", "C", "T", NA)), names = c("", 
""))), GM17_SNP1 = structure(c(0L, 0L, 1L, 0L, 1L, 71L, 5657L, 
15L, 0L, 53L, 5315L, 10L, 0L, 0L, 36L, 0L), dim = c(4L, 4L), dimnames = structure(list(
    c("-2", "-1", "0", "1"), c("A", "C", "T", NA)), names = c("", 
""))), GM22_SNP1 = structure(c(14L, 337L, 24763L, 98L, 1L, 0L, 
0L, 4L, 0L, 0L, 0L, 0L, 4L, 0L, 0L, 0L, 3L, 255L, 5L, 0L), dim = 5:4, dimnames = structure(list(
    c("-2", "-1", "0", "1", "2"), c("A", "G", "T", NA)), names = c("", 
""))), GM26_SNP1 = structure(c(0L, 1L, 4L, 0L, 0L, 3L, 35L, 4321L, 
19L, 1L, 0L, 0L, 52L, 0L, 0L), dim = c(5L, 3L), dimnames = structure(list(
    c("-2", "-1", "0", "1", "2"), c("A", "G", NA)), names = c("", 
""))), GM29_SNP1 = structure(c(0L, 51L, 3915L, 10L, 1L, 37L, 
3578L, 13L, 0L, 0L, 1L, 0L, 0L, 2L, 59L, 1L), dim = c(4L, 4L), dimnames = structure(list(
    c("-2", "-1", "0", "1"), c("A", "G", "T", NA)), names = c("", 
""))), IM16_SNP1 = structure(c(43L, 3168L, 37L, 1L, 35L, 3976L, 
67L, 3L, 0L, 2L, 0L, 0L, 1L, 78L, 3L, 0L), dim = c(4L, 4L), dimnames = structure(list(
    c("-1", "0", "1", "2"), c("A", "G", "T", NA)), names = c("", 
""))), IM49_SNP1 = structure(c(0L, 0L, 1L, 0L, 1L, 32L, 991L, 
23L, 0L, 0L, 31L, 1L), dim = 4:3, dimnames = structure(list(c("-2", 
"-1", "0", "1"), c("C", "G", NA)), names = c("", ""))), LR10_SNP1 = structure(c(0L, 
0L, 1L, 0L, 0L, 0L, 27L, 1667L, 8L, 1L, 1L, 47L, 3148L, 8L, 0L, 
0L, 0L, 27L, 2L, 0L), dim = 5:4, dimnames = structure(list(c("-2", 
"-1", "0", "1", "2"), c("A", "C", "T", NA)), names = c("", ""
))), LR11_SNP1 = structure(c(3L, 81L, 3103L, 34L, 1L, 1L, 32L, 
2584L, 26L, 0L, 0L, 6L, 91L, 5L, 0L), dim = c(5L, 3L), dimnames = structure(list(
    c("-2", "-1", "0", "1", "2"), c("A", "C", NA)), names = c("", 
""))), LR17_SNP1 = structure(c(6L, 414L, 8346L, 99L, 2L, 0L, 
1L, 1L, 0L, 0L, 0L, 0L, 1L, 0L, 0L, 0L, 8L, 455L, 5L, 0L), dim = 5:4, dimnames = structure(list(
    c("-2", "-1", "0", "1", "2"), c("A", "C", "G", NA)), names = c("", 
""))), LR20_SNP1 = structure(c(0L, 1L, 0L, 3L, 2196L, 2L, 0L, 
13L, 0L), dim = c(3L, 3L), dimnames = structure(list(c("-1", 
"0", "1"), c("A", "G", NA)), names = c("", ""))), LR24_SNP1 = structure(c(8L, 
2080L, 5L, 0L, 1L, 0L, 0L, 1L, 0L, 0L, 3L, 1L), dim = 3:4, dimnames = structure(list(
    c("-1", "0", "1"), c("A", "G", "T", NA)), names = c("", ""
))), LR36_SNP1 = structure(c(3L, 5L, 55L, 3271L, 33L, 0L, 0L, 
0L, 0L, 1L, 0L, 0L, 1L, 3L, 64L, 3126L, 16L, 1L, 0L, 1L, 2L, 
175L, 0L, 0L), dim = c(6L, 4L), dimnames = structure(list(c("-3", 
"-2", "-1", "0", "1", "2"), c("A", "C", "T", NA)), names = c("", 
""))), LR40_SNP1 = structure(c(0L, 1L, 0L, 56L, 4144L, 13L, 0L, 
22L, 0L), dim = c(3L, 3L), dimnames = structure(list(c("-1", 
"0", "1"), c("A", "C", NA)), names = c("", ""))), LR44_SNP1 = structure(c(6L, 
163L, 1523L, 22L, 1L, 0L, 23L, 1L), dim = c(4L, 2L), dimnames = structure(list(
    c("-2", "-1", "0", "1"), c("T", NA)), names = c("", ""))), 
    LR46_SNP1 = structure(c(0L, 0L, 4L, 0L, 3L, 112L, 20750L, 
    45L, 0L, 0L, 11L, 0L, 0L, 0L, 185L, 0L), dim = c(4L, 4L), dimnames = structure(list(
        c("-2", "-1", "0", "1"), c("A", "G", "T", NA)), names = c("", 
    ""))), LR48_SNP1 = structure(c(0L, 0L, 2L, 0L, 0L, 13L, 372L, 
    13968L, 221L, 6L, 0L, 0L, 2L, 0L, 0L, 0L, 3L, 242L, 3L, 0L
    ), dim = 5:4, dimnames = structure(list(c("-2", "-1", "0", 
    "1", "2"), c("A", "C", "T", NA)), names = c("", ""))), LR49_SNP1 = structure(c(0L, 
    3L, 0L, 58L, 4901L, 1L, 0L, 23L, 0L), dim = c(3L, 3L), dimnames = structure(list(
        c("-1", "0", "1"), c("A", "G", NA)), names = c("", ""
    ))), LR52_SNP1 = structure(c(0L, 0L, 0L, 1L, 0L, 0L, 0L, 
    30L, 384L, 2887L, 13L, 1L, 1L, 20L, 303L, 3572L, 28L, 0L, 
    0L, 2L, 71L, 1412L, 8L, 0L), dim = c(6L, 4L), dimnames = structure(list(
        c("-3", "-2", "-1", "0", "1", "2"), c("A", "C", "T", 
        NA)), names = c("", ""))))
