Result <-
list(DEPDC2_SNP1 = structure(c(1L, 0L, 0L, 0L, 1399L, 5L, 924L, 
4L, 0L, 26L, 2395L, 23L, 16L, 0L, 13L, 0L), dim = c(4L, 4L), dimnames = structure(list(
    c("-2", "-1", "0", "1"), c("A", "C", "T", NA)), names = c("", 
""))), GM01_SNP1 = structure(c(1L, 16L, 3374L, 7642L, 25L, 2L, 
0L, 0L, 1L, 7L, 0L, 0L, 0L, 0L, 15L, 59L, 0L, 0L), dim = c(6L, 
3L), dimnames = structure(list(c("-3", "-2", "-1", "0", "1", 
"2"), c("A", "G", NA)), names = c("", ""))), GM07_SNP1 = structure(c(1L, 
1L, 3L, 0L, 0L, 54L, 2366L, 4405L, 144L, 3L, 0L, 12L, 77L, 0L, 
0L), dim = c(5L, 3L), dimnames = structure(list(c("-2", "-1", 
"0", "1", "2"), c("A", "G", NA)), names = c("", ""))), GM09_SNP1 = structure(c(0L, 
2L, 0L, 36L, 3985L, 19L, 1L, 16L, 0L), dim = c(3L, 3L), dimnames = structure(list(
    c("-1", "0", "1"), c("A", "G", NA)), names = c("", ""))), 
    GM11_SNP1 = structure(c(19L, 1547L, 3351L, 16L, 0L, 0L, 1L, 
    0L, 0L, 4L, 15L, 1L), dim = 4:3, dimnames = structure(list(
        c("-2", "-1", "0", "1"), c("A", "T", NA)), names = c("", 
    ""))), GM14_SNP1 = structure(c(0L, 0L, 0L, 1L, 0L, 3L, 129L, 
    2445L, 4816L, 80L, 0L, 0L, 0L, 2L, 1L, 0L, 0L, 5L, 34L, 0L
    ), dim = 5:4, dimnames = structure(list(c("-3", "-2", "-1", 
    "0", "1"), c("A", "C", "T", NA)), names = c("", ""))), GM17_SNP1 = structure(c(118L, 
    2955L, 23L, 80L, 2949L, 7L, 1L, 28L, 0L), dim = c(3L, 3L), dimnames = structure(list(
        c("-1", "0", "1"), c("C", "T", NA)), names = c("", ""
    ))), GM22_SNP1 = structure(c(1L, 2L, 257L, 11950L, 47L, 0L, 
    0L, 0L, 1L, 0L, 1L, 3L, 244L, 10809L, 37L, 0L, 0L, 0L, 3L, 
    0L, 0L, 0L, 4L, 327L, 2L), dim = c(5L, 5L), dimnames = structure(list(
        c("-3", "-2", "-1", "0", "1"), c("A", "C", "G", "T", 
        NA)), names = c("", ""))), GM26_SNP1 = structure(c(49L, 
    1929L, 8L, 19L, 1926L, 13L, 0L, 38L, 0L), dim = c(3L, 3L), dimnames = structure(list(
        c("-1", "0", "1"), c("A", "G", NA)), names = c("", ""
    ))), GM29_SNP1 = structure(c(0L, 56L, 3717L, 19L, 3L, 97L, 
    3460L, 10L, 0L, 0L, 5L, 0L, 0L, 1L, 47L, 1L), dim = c(4L, 
    4L), dimnames = structure(list(c("-2", "-1", "0", "1"), c("A", 
    "G", "T", NA)), names = c("", ""))), IM16_SNP1 = structure(c(0L, 
    0L, 1L, 0L, 0L, 0L, 0L, 2L, 0L, 0L, 1L, 2400L, 5180L, 101L, 
    2L, 0L, 13L, 60L, 5L, 1L), dim = 5:4, dimnames = structure(list(
        c("-2", "-1", "0", "1", "2"), c("A", "C", "G", NA)), names = c("", 
    ""))), IM49_SNP1 = structure(c(14L, 221L, 62L, 369L, 17L, 
    0L, 0L, 0L, 1L, 0L, 1L, 0L, 0L, 4L, 0L), dim = c(5L, 3L), dimnames = structure(list(
        c("-3", "-2", "-1", "0", "1"), c("C", "G", NA)), names = c("", 
    ""))), LR10_SNP1 = structure(c(0L, 0L, 0L, 1L, 0L, 1L, 68L, 
    1541L, 3508L, 41L, 0L, 0L, 1L, 1L, 0L, 0L, 0L, 2L, 3L, 1L, 
    0L, 0L, 11L, 30L, 0L), dim = c(5L, 5L), dimnames = structure(list(
        c("-3", "-2", "-1", "0", "1"), c("-", "C", "G", "T", 
        NA)), names = c("", ""))), LR11_SNP1 = structure(c(0L, 
    87L, 1183L, 923L, 8L, 1L, 1L, 26L, 902L, 637L, 7L, 0L, 0L, 
    0L, 2L, 0L, 0L, 0L, 0L, 0L, 2L, 0L, 0L, 0L, 0L, 0L, 29L, 
    23L, 0L, 0L), dim = 6:5, dimnames = structure(list(c("-4", 
    "-2", "-1", "0", "1", "2"), c("A", "C", "G", "T", NA)), names = c("", 
    ""))), LR17_SNP1 = structure(c(0L, 0L, 0L, 1L, 0L, 0L, 13L, 
    1368L, 204L, 3473L, 64L, 1L, 0L, 0L, 1L, 3L, 0L, 0L, 0L, 
    3L, 4L, 169L, 0L, 0L), dim = c(6L, 4L), dimnames = structure(list(
        c("-3", "-2", "-1", "0", "1", "2"), c("-", "A", "G", 
        NA)), names = c("", ""))), LR20_SNP1 = structure(c(5L, 
    1072L, 1L, 2L, 946L, 0L, 1L, 9L, 0L), dim = c(3L, 3L), dimnames = structure(list(
        c("-1", "0", "1"), c("A", "G", NA)), names = c("", ""
    ))), LR24_SNP1 = structure(c(0L, 0L, 1L, 0L, 0L, 0L, 5L, 
    0L, 9L, 319L, 1011L, 4L, 1L, 0L, 4L, 0L), dim = c(4L, 4L), dimnames = structure(list(
        c("-2", "-1", "0", "1"), c("-", "A", "G", NA)), names = c("", 
    ""))), LR36_SNP1 = structure(c(0L, 0L, 0L, 3L, 0L, 0L, 0L, 
    0L, 1L, 0L, 8L, 53L, 693L, 4415L, 45L, 0L, 0L, 22L, 155L, 
    3L), dim = 5:4, dimnames = structure(list(c("-3", "-2", "-1", 
    "0", "1"), c("A", "C", "T", NA)), names = c("", ""))), LR40_SNP1 = structure(c(0L, 
    1L, 0L, 0L, 4L, 1075L, 2869L, 7L, 0L, 2L, 15L, 0L), dim = 4:3, dimnames = structure(list(
        c("-2", "-1", "0", "1"), c("A", "C", NA)), names = c("", 
    ""))), LR44_SNP1 = structure(c(0L, 0L, 0L, 13L, 0L, 5L, 206L, 
    494L, 506L, 6L, 0L, 0L, 12L, 1L, 0L, 1L, 1L, 6L, 8L, 0L), dim = 5:4, dimnames = structure(list(
        c("-3", "-2", "-1", "0", "1"), c("A", "C", "T", NA)), names = c("", 
    ""))), LR46_SNP1 = structure(c(0L, 0L, 1L, 0L, 0L, 0L, 0L, 
    1L, 0L, 0L, 0L, 0L, 1L, 0L, 0L, 3L, 186L, 14460L, 50L, 1L, 
    0L, 0L, 11L, 0L, 0L, 0L, 0L, 103L, 0L, 0L), dim = 5:6, dimnames = structure(list(
        c("-2", "-1", "0", "1", "2"), c("-", "A", "C", "G", "T", 
        NA)), names = c("", ""))), LR48_SNP1 = structure(c(0L, 
    0L, 2L, 0L, 0L, 25L, 1594L, 11990L, 218L, 7L, 0L, 1L, 6L, 
    0L, 0L, 0L, 13L, 219L, 2L, 0L), dim = 5:4, dimnames = structure(list(
        c("-2", "-1", "0", "1", "2"), c("A", "C", "T", NA)), names = c("", 
    ""))), LR49_SNP1 = structure(c(22L, 1762L, 3789L, 2L, 0L, 
    2L, 5L, 0L, 0L, 6L, 19L, 0L), dim = 4:3, dimnames = structure(list(
        c("-2", "-1", "0", "1"), c("A", "G", NA)), names = c("", 
    ""))), LR52_SNP1 = structure(c(0L, 0L, 0L, 1L, 2L, 0L, 33L, 
    1640L, 335L, 1520L, 2188L, 21L, 0L, 1L, 2L, 44L, 81L, 1L), dim = c(6L, 
    3L), dimnames = structure(list(c("-4", "-3", "-2", "-1", 
    "0", "1"), c("C", "T", NA)), names = c("", ""))))
