Result <-
list(DEPDC2_SNP1 = structure(c(0L, 0L, 0L, 1L, 0L, 0L, 0L, 4L, 
1078L, 7L, 1L, 4L, 944L, 744L, 2L, 0L, 0L, 1L, 8L, 0L), dim = 5:4, dimnames = structure(list(
    c("-3", "-2", "-1", "0", "1"), c("A", "C", "T", NA)), names = c("", 
""))), GM01_SNP1 = structure(c(28L, 2625L, 5118L, 25L, 0L, 0L, 
17L, 0L, 0L, 4L, 28L, 1L), dim = 4:3, dimnames = structure(list(
    c("-2", "-1", "0", "1"), c("A", "G", NA)), names = c("", 
""))), GM07_SNP1 = structure(c(1L, 4L, 260L, 2659L, 102L, 1L, 
3L, 767L, 433L, 1906L, 73L, 1L, 0L, 0L, 0L, 2L, 0L, 0L, 0L, 5L, 
8L, 54L, 0L, 0L), dim = c(6L, 4L), dimnames = structure(list(
    c("-3", "-2", "-1", "0", "1", "2"), c("A", "G", "T", NA)), names = c("", 
""))), GM09_SNP1 = structure(c(15L, 1102L, 44L, 7L, 881L, 4L, 
0L, 11L, 0L), dim = c(3L, 3L), dimnames = structure(list(c("-1", 
"0", "1"), c("A", "G", NA)), names = c("", ""))), GM11_SNP1 = structure(c(1L, 
305L, 1402L, 5L, 0L, 17L, 1737L, 12L, 0L, 0L, 4L, 0L, 0L, 1L, 
15L, 0L), dim = c(4L, 4L), dimnames = structure(list(c("-2", 
"-1", "0", "1"), c("A", "G", "T", NA)), names = c("", ""))), 
    GM14_SNP1 = structure(c(0L, 0L, 0L, 1L, 0L, 0L, 1L, 8L, 217L, 
    4133L, 66L, 0L, 0L, 7L, 399L, 3803L, 45L, 3L, 0L, 0L, 0L, 
    97L, 0L, 0L), dim = c(6L, 4L), dimnames = structure(list(
        c("-4", "-2", "-1", "0", "1", "2"), c("A", "C", "T", 
        NA)), names = c("", ""))), GM17_SNP1 = structure(c(2L, 
    87L, 2862L, 10L, 0L, 84L, 2869L, 19L, 0L, 0L, 23L, 0L), dim = 4:3, dimnames = structure(list(
        c("-2", "-1", "0", "1"), c("C", "T", NA)), names = c("", 
    ""))), GM22_SNP1 = structure(c(1L, 105L, 7416L, 40L, 0L, 
    0L, 1L, 0L, 3L, 138L, 7690L, 36L, 0L, 0L, 2L, 0L, 0L, 6L, 
    258L, 4L), dim = 4:5, dimnames = structure(list(c("-2", "-1", 
    "0", "1"), c("A", "C", "G", "T", NA)), names = c("", ""))), 
    GM26_SNP1 = structure(c(0L, 46L, 0L, 0L, 12L, 2136L, 487L, 
    2L, 0L, 25L, 8L, 0L), dim = 4:3, dimnames = structure(list(
        c("-1", "0", "1", "2"), c("A", "G", NA)), names = c("", 
    ""))), GM29_SNP1 = structure(c(0L, 0L, 0L, 0L, 1L, 0L, 0L, 
    0L, 0L, 3L, 133L, 1L, 1L, 1L, 6L, 1625L, 4871L, 15L, 0L, 
    0L, 0L, 5L, 35L, 0L), dim = c(6L, 4L), dimnames = structure(list(
        c("-4", "-3", "-2", "-1", "0", "1"), c("-", "A", "G", 
        NA)), names = c("", ""))), IM16_SNP1 = structure(c(0L, 
    0L, 56L, 1L, 536L, 63L, 3993L, 64L, 1L, 0L, 0L, 0L, 2L, 0L, 
    46L, 3L), dim = c(4L, 4L), dimnames = structure(list(c("-2", 
    "-1", "0", "1"), c("A", "G", "T", NA)), names = c("", ""))), 
    IM49_SNP1 = structure(c(0L, 10L, 368L, 15L, 84L, 6L, 268L, 
    3L, 0L, 0L, 13L, 0L), dim = 4:3, dimnames = structure(list(
        c("-2", "-1", "0", "1"), c("C", "G", NA)), names = c("", 
    ""))), LR10_SNP1 = structure(c(317L, 2497L, 10L, 0L, 3L, 
    1L, 3L, 16L, 0L), dim = c(3L, 3L), dimnames = structure(list(
        c("-1", "0", "1"), c("C", "T", NA)), names = c("", ""
    ))), LR11_SNP1 = structure(c(7L, 74L, 1563L, 3L, 4L, 232L, 
    1306L, 13L, 0L, 0L, 1L, 0L, 0L, 3L, 38L, 2L), dim = c(4L, 
    4L), dimnames = structure(list(c("-2", "-1", "0", "1"), c("A", 
    "C", "T", NA)), names = c("", ""))), LR17_SNP1 = structure(c(1L, 
    57L, 2787L, 6131L, 181L, 6L, 0L, 0L, 2L, 3L, 0L, 0L, 0L, 
    1L, 75L, 325L, 4L, 0L), dim = c(6L, 3L), dimnames = structure(list(
        c("-3", "-2", "-1", "0", "1", "2"), c("A", "G", NA)), names = c("", 
    ""))), LR20_SNP1 = structure(c(5L, 1613L, 3L, 0L, 7L, 0L), dim = 3:2, dimnames = structure(list(
        c("-1", "0", "1"), c("A", NA)), names = c("", ""))), 
    LR24_SNP1 = structure(c(6L, 221L, 510L, 1L, 0L, 0L, 1L, 0L
    ), dim = c(4L, 2L), dimnames = structure(list(c("-2", "-1", 
    "0", "1"), c("A", NA)), names = c("", ""))), LR36_SNP1 = structure(c(0L, 
    0L, 0L, 0L, 2L, 0L, 0L, 1L, 11L, 833L, 83L, 4460L, 51L, 2L, 
    0L, 1L, 0L, 1L, 104L, 1L, 0L, 0L, 0L, 3L, 0L, 84L, 0L, 0L
    ), dim = c(7L, 4L), dimnames = structure(list(c("-4", "-3", 
    "-2", "-1", "0", "1", "2"), c("-", "A", "T", NA)), names = c("", 
    ""))), LR40_SNP1 = structure(c(18L, 1878L, 7L, 17L, 1774L, 
    11L, 0L, 1L, 0L, 0L, 1L, 0L, 0L, 17L, 0L), dim = c(3L, 5L
    ), dimnames = structure(list(c("-1", "0", "1"), c("A", "C", 
    "G", "T", NA)), names = c("", ""))), LR44_SNP1 = structure(c(1L, 
    54L, 81L, 349L, 5L, 0L, 2L, 82L, 537L, 13L, 0L, 1L, 3L, 18L, 
    0L), dim = c(5L, 3L), dimnames = structure(list(c("-3", "-2", 
    "-1", "0", "1"), c("C", "T", NA)), names = c("", ""))), LR46_SNP1 = structure(c(39L, 
    4340L, 15L, 884L, 3894L, 11L, 4L, 63L, 0L), dim = c(3L, 3L
    ), dimnames = structure(list(c("-1", "0", "1"), c("G", "T", 
    NA)), names = c("", ""))), LR48_SNP1 = structure(c(0L, 0L, 
    1L, 0L, 0L, 0L, 1L, 143L, 2884L, 2855L, 50L, 0L, 3L, 352L, 
    1259L, 2409L, 36L, 2L, 0L, 3L, 31L, 102L, 0L, 0L), dim = c(6L, 
    4L), dimnames = structure(list(c("-3", "-2", "-1", "0", "1", 
    "2"), c("A", "C", "T", NA)), names = c("", ""))), LR49_SNP1 = structure(c(7L, 
    836L, 4818L, 1L, 0L, 0L, 4L, 0L, 0L, 0L, 1L, 0L, 0L, 3L, 
    31L, 0L), dim = c(4L, 4L), dimnames = structure(list(c("-2", 
    "-1", "0", "1"), c("A", "G", "T", NA)), names = c("", ""))), 
    LR52_SNP1 = structure(c(0L, 0L, 0L, 0L, 1L, 0L, 1L, 100L, 
    568L, 627L, 1767L, 18L, 0L, 0L, 0L, 0L, 1L, 0L, 0L, 0L, 16L, 
    133L, 810L, 8L), dim = c(6L, 4L), dimnames = structure(list(
        c("-4", "-3", "-2", "-1", "0", "1"), c("-", "C", "T", 
        NA)), names = c("", ""))))
