Result <-
list(DEPDC2_SNP1 = structure(c(0L, 21L, 0L, 35L, 981L, 26L, 0L, 
1L, 0L, 15L, 1526L, 4L, 0L, 17L, 0L), dim = c(3L, 5L), dimnames = structure(list(
    c("-1", "0", "1"), c("A", "C", "G", "T", NA)), names = c("", 
""))), GM01_SNP1 = structure(c(13L, 1047L, 3339L, 18L, 32L, 1128L, 
3114L, 12L, 0L, 13L, 61L, 0L), dim = 4:3, dimnames = structure(list(
    c("-2", "-1", "0", "1"), c("A", "G", NA)), names = c("", 
""))), GM07_SNP1 = structure(c(0L, 0L, 0L, 1L, 0L, 16L, 535L, 
1751L, 36L, 2L, 1L, 149L, 1730L, 59L, 1L, 0L, 3L, 52L, 4L, 0L
), dim = 5:4, dimnames = structure(list(c("-2", "-1", "0", "1", 
"2"), c("-", "A", "G", NA)), names = c("", ""))), GM09_SNP1 = structure(c(16L, 
3505L, 11L, 0L, 3L, 0L, 0L, 5L, 0L), dim = c(3L, 3L), dimnames = structure(list(
    c("-1", "0", "1"), c("A", "G", NA)), names = c("", ""))), 
    GM11_SNP1 = structure(c(2L, 13L, 2001L, 6L, 0L, 614L, 1696L, 
    16L, 0L, 2L, 22L, 0L), dim = 4:3, dimnames = structure(list(
        c("-2", "-1", "0", "1"), c("A", "G", NA)), names = c("", 
    ""))), GM14_SNP1 = structure(c(0L, 0L, 0L, 0L, 17L, 0L, 1L, 
    1L, 176L, 945L, 5832L, 31L, 0L, 0L, 0L, 1L, 56L, 0L), dim = c(6L, 
    3L), dimnames = structure(list(c("-4", "-3", "-2", "-1", 
    "0", "1"), c("C", "T", NA)), names = c("", ""))), GM17_SNP1 = structure(c(1L, 
    3L, 38L, 3193L, 10L, 0L, 0L, 49L, 4263L, 7L, 0L, 0L, 0L, 
    41L, 0L), dim = c(5L, 3L), dimnames = structure(list(c("-3", 
    "-2", "-1", "0", "1"), c("C", "T", NA)), names = c("", ""
    ))), GM22_SNP1 = structure(c(10L, 272L, 18666L, 82L, 0L, 
    2L, 2L, 0L, 0L, 0L, 2L, 0L, 0L, 5L, 204L, 2L), dim = c(4L, 
    4L), dimnames = structure(list(c("-2", "-1", "0", "1"), c("A", 
    "G", "T", NA)), names = c("", ""))), GM26_SNP1 = structure(c(1L, 
    8L, 1542L, 6L, 0L, 5L, 1750L, 6L, 0L, 0L, 1L, 0L, 0L, 1L, 
    37L, 0L), dim = c(4L, 4L), dimnames = structure(list(c("-2", 
    "-1", "0", "1"), c("A", "G", "T", NA)), names = c("", ""))), 
    GM29_SNP1 = structure(c(4L, 624L, 5955L, 27L, 0L, 0L, 4L, 
    0L, 0L, 2L, 41L, 0L), dim = 4:3, dimnames = structure(list(
        c("-2", "-1", "0", "1"), c("A", "G", NA)), names = c("", 
    ""))), IM16_SNP1 = structure(c(410L, 2203L, 50L, 1L, 550L, 
    2058L, 37L, 3L, 0L, 2L, 0L, 0L, 6L, 39L, 3L, 1L), dim = c(4L, 
    4L), dimnames = structure(list(c("-1", "0", "1", "2"), c("A", 
    "G", "T", NA)), names = c("", ""))), IM49_SNP1 = structure(c(3L, 
    251L, 10L, 350L, 9L, 1L, 63L, 150L, 576L, 11L, 0L, 0L, 1L, 
    30L, 2L), dim = c(5L, 3L), dimnames = structure(list(c("-3", 
    "-2", "-1", "0", "1"), c("C", "G", NA)), names = c("", ""
    ))), LR10_SNP1 = structure(c(2L, 73L, 4043L, 34L, 0L, 1L, 
    0L, 0L, 0L, 0L, 7L, 0L, 0L, 0L, 28L, 0L), dim = c(4L, 4L), dimnames = structure(list(
        c("-2", "-1", "0", "1"), c("C", "G", "T", NA)), names = c("", 
    ""))), LR11_SNP1 = structure(c(10L, 493L, 3205L, 24L, 0L, 
    0L, 1L, 0L, 0L, 0L, 2L, 0L, 3L, 13L, 80L, 2L), dim = c(4L, 
    4L), dimnames = structure(list(c("-2", "-1", "0", "1"), c("C", 
    "G", "T", NA)), names = c("", ""))), LR17_SNP1 = structure(c(483L, 
    672L, 3407L, 58L, 0L, 0L, 1L, 0L, 2L, 24L, 169L, 1L), dim = 4:3, dimnames = structure(list(
        c("-2", "-1", "0", "1"), c("A", "G", NA)), names = c("", 
    ""))), LR20_SNP1 = structure(c(2L, 948L, 2L, 2L, 1174L, 1L, 
    0L, 1L, 0L, 0L, 5L, 0L), dim = 3:4, dimnames = structure(list(
        c("-1", "0", "1"), c("A", "G", "T", NA)), names = c("", 
    ""))), LR24_SNP1 = structure(c(6L, 615L, 2L, 4L, 632L, 1L, 
    0L, 5L, 0L), dim = c(3L, 3L), dimnames = structure(list(c("-1", 
    "0", "1"), c("A", "G", NA)), names = c("", ""))), LR36_SNP1 = structure(c(3L, 
    209L, 751L, 3532L, 67L, 0L, 1L, 0L, 4L, 0L, 0L, 1L, 2L, 56L, 
    1L), dim = c(5L, 3L), dimnames = structure(list(c("-3", "-2", 
    "-1", "0", "1"), c("A", "T", NA)), names = c("", ""))), LR40_SNP1 = structure(c(0L, 
    0L, 2L, 0L, 1L, 809L, 2104L, 6L, 0L, 1L, 11L, 0L), dim = 4:3, dimnames = structure(list(
        c("-2", "-1", "0", "1"), c("A", "C", NA)), names = c("", 
    ""))), LR44_SNP1 = structure(c(9L, 177L, 720L, 11L, 1L, 83L, 
    226L, 905L, 14L, 1L, 0L, 3L, 25L, 0L, 0L), dim = c(5L, 3L
    ), dimnames = structure(list(c("-2", "-1", "0", "1", "2"), 
        c("C", "T", NA)), names = c("", ""))), LR46_SNP1 = structure(c(0L, 
    1L, 0L, 268L, 11573L, 42L, 0L, 33L, 0L, 1L, 84L, 1L), dim = 3:4, dimnames = structure(list(
        c("-1", "0", "1"), c("C", "G", "T", NA)), names = c("", 
    ""))), LR48_SNP1 = structure(c(0L, 0L, 0L, 1L, 0L, 0L, 2L, 
    43L, 2536L, 7216L, 143L, 2L, 0L, 0L, 2L, 11L, 0L, 0L, 0L, 
    1L, 17L, 136L, 1L, 0L), dim = c(6L, 4L), dimnames = structure(list(
        c("-3", "-2", "-1", "0", "1", "2"), c("A", "C", "T", 
        NA)), names = c("", ""))), LR49_SNP1 = structure(c(295L, 
    1354L, 615L, 1705L, 2L, 23L), dim = 2:3, dimnames = structure(list(
        c("-1", "0"), c("A", "G", NA)), names = c("", ""))), 
    LR52_SNP1 = structure(c(6L, 719L, 56L, 342L, 1494L, 8L, 0L, 
    52L, 388L, 737L, 2161L, 24L, 0L, 3L, 1L, 82L, 830L, 2L), dim = c(6L, 
    3L), dimnames = structure(list(c("-4", "-3", "-2", "-1", 
    "0", "1"), c("C", "T", NA)), names = c("", ""))))
