Result <-
list(AKMmono02_SNP1 = structure(c(0L, 0L, 0L, 1L, 0L, 0L, 0L, 
551L, 29L, 1L, 6049L, 178L, 2L, 135L, 9L, 2L, 0L, 262L, 6L, 0L, 
0L), .Dim = c(7L, 3L), .Dimnames = structure(list(c("-1", "-2", 
"-3", "0", "1", "2", NA), c("A", "T", NA)), .Names = c("", ""
)), class = "table"), AKMmono03_SNP1 = structure(c(0L, 0L, 0L, 
0L, 1L, 0L, 0L, 834L, 159L, 34L, 8L, 6754L, 137L, 110L, 0L, 0L, 
0L, 0L, 6L, 0L, 0L, 0L, 0L, 0L, 0L, 1L, 0L, 0L, 0L, 0L, 0L, 0L, 
1L, 0L, 0L, 48L, 11L, 2L, 1L, 654L, 11L, 0L), .Dim = 7:6, .Dimnames = structure(list(
    c("-1", "-2", "-3", "-4", "0", "1", NA), c("-", "A", "C", 
    "G", "T", NA)), .Names = c("", "")), class = "table"), AKMmono05_SNP1 = structure(c(886L, 
101L, 14L, 5L, 4725L, 197L, 7L, 151L, 0L, 0L, 0L, 0L, 2L, 0L, 
0L, 0L, 1L, 0L, 0L, 0L, 1L, 0L, 0L, 0L, 1L, 0L, 0L, 0L, 3L, 0L, 
0L, 0L, 45L, 4L, 1L, 0L, 518L, 15L, 1L, 0L), .Dim = c(8L, 5L), .Dimnames = structure(list(
    c("-1", "-2", "-3", "-4", "0", "1", "2", NA), c("A", "C", 
    "G", "T", NA)), .Names = c("", "")), class = "table"), AKMmono11_SNP1 = structure(c(0L, 
0L, 0L, 4L, 0L, 0L, 0L, 0L, 0L, 0L, 1L, 0L, 0L, 0L, 822L, 54L, 
3L, 5805L, 126L, 2L, 160L, 98L, 4L, 0L, 973L, 30L, 1L, 0L), .Dim = c(7L, 
4L), .Dimnames = structure(list(c("-1", "-2", "-3", "0", "1", 
"2", NA), c("A", "C", "T", NA)), .Names = c("", "")), class = "table"), 
    AKMmono12_SNP1 = structure(c(1L, 0L, 0L, 0L, 2L, 0L, 0L, 
    0L, 686L, 42L, 1L, 2L, 4767L, 121L, 4L, 70L, 13L, 0L, 0L, 
    0L, 388L, 3L, 0L, 0L), .Dim = c(8L, 3L), .Dimnames = structure(list(
        c("-1", "-2", "-3", "-4", "0", "1", "2", NA), c("A", 
        "C", NA)), .Names = c("", "")), class = "table"), AKMmono13_SNP1 = structure(c(952L, 
    37L, 1L, 6119L, 185L, 4L, 107L, 0L, 0L, 0L, 1L, 0L, 0L, 0L, 
    0L, 0L, 0L, 1L, 0L, 0L, 0L, 33L, 2L, 0L, 449L, 12L, 0L, 0L
    ), .Dim = c(7L, 4L), .Dimnames = structure(list(c("-1", "-2", 
    "-4", "0", "1", "2", NA), c("A", "C", "T", NA)), .Names = c("", 
    "")), class = "table"), AKMmono16_SNP1 = structure(c(907L, 
    46L, 3L, 6645L, 137L, 85L, 0L, 0L, 0L, 2L, 0L, 0L, 0L, 0L, 
    0L, 3L, 0L, 0L, 33L, 2L, 0L, 463L, 11L, 0L), .Dim = c(6L, 
    4L), .Dimnames = structure(list(c("-1", "-2", "-3", "0", 
    "1", NA), c("A", "G", "T", NA)), .Names = c("", "")), class = "table"), 
    AKMmono22_SNP1 = structure(c(602L, 111L, 12L, 2L, 3756L, 
    187L, 11L, 2L, 281L, 1L, 0L, 0L, 0L, 1L, 0L, 0L, 0L, 0L, 
    0L, 0L, 0L, 0L, 1L, 0L, 0L, 0L, 0L, 21L, 4L, 0L, 0L, 456L, 
    12L, 0L, 0L, 0L), .Dim = c(9L, 4L), .Dimnames = structure(list(
        c("-1", "-2", "-3", "-4", "0", "1", "2", "3", NA), c("A", 
        "G", "T", NA)), .Names = c("", "")), class = "table"), 
    EJmono05_SNP1 = structure(c(0L, 0L, 2L, 0L, 0L, 0L, 0L, 1L, 
    0L, 0L, 0L, 0L, 707L, 66L, 4895L, 118L, 1L, 89L, 10L, 1L, 
    225L, 1L, 0L, 0L), .Dim = c(6L, 4L), .Dimnames = structure(list(
        c("-1", "-2", "0", "1", "2", NA), c("A", "C", "T", NA
        )), .Names = c("", "")), class = "table"), EJmono16_SNP1 = structure(c(245L, 
    20L, 1L, 3L, 2L, 4050L, 197L, 6L, 408L, 6L, 0L, 0L, 0L, 0L, 
    102L, 3L, 0L, 0L), .Dim = c(9L, 2L), .Dimnames = structure(list(
        c("-1", "-2", "-4", "-5", "-6", "0", "1", "2", NA), c("A", 
        NA)), .Names = c("", "")), class = "table"), LMmono01_SNP1 = structure(c(448L, 
    26L, 2663L, 63L, 69L, 0L, 0L, 1L, 0L, 0L, 23L, 0L, 209L, 
    4L, 0L), .Dim = c(5L, 3L), .Dimnames = structure(list(c("-1", 
    "-2", "0", "1", NA), c("A", "G", NA)), .Names = c("", "")), class = "table"), 
    LMmono03_SNP1 = structure(c(0L, 0L, 0L, 0L, 0L, 1L, 0L, 0L, 
    0L, 0L, 0L, 0L, 0L, 0L, 1L, 0L, 0L, 0L, 968L, 191L, 15L, 
    6L, 1L, 2961L, 137L, 5L, 137L, 26L, 2L, 0L, 0L, 0L, 454L, 
    7L, 0L, 0L), .Dim = c(9L, 4L), .Dimnames = structure(list(
        c("-1", "-2", "-3", "-4", "-5", "0", "1", "2", NA), c("-", 
        "A", "C", NA)), .Names = c("", "")), class = "table"), 
    LMmono09_SNP1 = structure(c(0L, 0L, 0L, 0L, 1L, 0L, 0L, 0L, 
    0L, 1L, 0L, 0L, 0L, 0L, 0L, 0L, 0L, 0L, 0L, 0L, 0L, 0L, 1L, 
    0L, 0L, 0L, 0L, 2586L, 417L, 35L, 1L, 7858L, 402L, 11L, 1L, 
    340L, 44L, 7L, 0L, 0L, 176L, 4L, 0L, 0L, 0L), .Dim = c(9L, 
    5L), .Dimnames = structure(list(c("-1", "-2", "-3", "-4", 
    "0", "1", "2", "3", NA), c("A", "C", "G", "T", NA)), .Names = c("", 
    "")), class = "table"), LMmono12_SNP1 = structure(c(774L, 
    68L, 3L, 3776L, 295L, 12L, 2L, 167L, 0L, 0L, 0L, 1L, 0L, 
    0L, 0L, 0L, 0L, 0L, 0L, 2L, 0L, 0L, 0L, 0L, 41L, 2L, 0L, 
    477L, 13L, 1L, 0L, 0L), .Dim = c(8L, 4L), .Dimnames = structure(list(
        c("-1", "-2", "-3", "0", "1", "2", "3", NA), c("A", "C", 
        "T", NA)), .Names = c("", "")), class = "table"), LMmono16_SNP1 = structure(c(673L, 
    55L, 13L, 4381L, 199L, 6L, 475L, 3L, 159L, 14L, 1L, 431L, 
    0L, 0L, 0L, 1L, 0L, 0L, 0L, 0L, 0L, 0L, 0L, 0L, 20L, 3L, 
    0L, 807L, 8L, 1L, 42L, 0L, 22L, 3L, 0L, 0L), .Dim = c(12L, 
    3L), .Dimnames = structure(list(c("-1", "-2", "-3", "0", 
    "1", "2", "3", "4", "5", "6", "7", NA), c("A", "T", NA)), .Names = c("", 
    "")), class = "table"), MSJmono10_SNP1 = structure(c(0L, 
    0L, 0L, 1L, 1L, 0L, 0L, 0L, 0L, 175L, 7L, 1L, 3868L, 3200L, 
    248L, 16L, 1L, 392L, 6L, 0L, 0L, 328L, 184L, 10L, 4L, 0L, 
    0L), .Dim = c(9L, 3L), .Dimnames = structure(list(c("-1", 
    "-2", "-3", "0", "1", "2", "3", "4", NA), c("A", "C", NA)), .Names = c("", 
    "")), class = "table"), MSJmono19ms1_SNP1 = structure(c(226L, 
    10L, 1L, 1L, 5343L, 133L, 2L, 249L, 0L, 0L, 0L, 0L, 21L, 
    1L, 0L, 3L, 0L, 0L, 0L, 0L, 4L, 0L, 0L, 0L, 0L, 0L, 0L, 0L, 
    5L, 0L, 0L, 0L, 25L, 0L, 0L, 0L, 859L, 16L, 1L, 0L), .Dim = c(8L, 
    5L), .Dimnames = structure(list(c("-1", "-2", "-3", "-5", 
    "0", "1", "2", NA), c("A", "C", "G", "T", NA)), .Names = c("", 
    "")), class = "table"), MSJmono19ms2_SNP1 = structure(c(365L, 
    2L, 5506L, 60L, 1L, 71L, 0L, 0L, 1L, 0L, 0L, 0L, 4L, 0L, 
    434L, 1L, 0L, 0L), .Dim = c(6L, 3L), .Dimnames = structure(list(
        c("-1", "-2", "0", "1", "2", NA), c("C", "T", NA)), .Names = c("", 
    "")), class = "table"), MSJmono36_SNP1 = structure(c(0L, 
    0L, 0L, 0L, 2L, 0L, 0L, 0L, 347L, 17L, 2L, 3L, 5005L, 135L, 
    5L, 113L, 5L, 1L, 0L, 0L, 200L, 1L, 0L, 0L), .Dim = c(8L, 
    3L), .Dimnames = structure(list(c("-1", "-2", "-3", "-4", 
    "0", "1", "2", NA), c("A", "G", NA)), .Names = c("", "")), class = "table"), 
    MSJmono44_SNP1 = structure(c(1L, 0L, 0L, 1L, 0L, 0L, 0L, 
    0L, 0L, 0L, 1L, 0L, 0L, 0L, 240L, 10L, 2L, 3331L, 88L, 2L, 
    19L, 4L, 0L, 0L, 183L, 4L, 0L, 0L), .Dim = c(7L, 4L), .Dimnames = structure(list(
        c("-1", "-2", "-3", "0", "1", "2", NA), c("-", "A", "T", 
        NA)), .Names = c("", "")), class = "table"), MSJmono46_SNP1 = structure(c(0L, 
    1L, 0L, 0L, 1L, 0L, 0L, 0L, 0L, 1044L, 103L, 4L, 3L, 3212L, 
    232L, 11L, 2L, 153L, 0L, 0L, 0L, 0L, 1L, 0L, 0L, 0L, 0L, 
    139L, 6L, 0L, 0L, 922L, 44L, 6L, 1L, 0L), .Dim = c(9L, 4L
    ), .Dimnames = structure(list(c("-1", "-2", "-3", "-4", "0", 
    "1", "2", "3", NA), c("A", "C", "T", NA)), .Names = c("", 
    "")), class = "table"), LMmono04v2_SNP1 = structure(c(1021L, 
    71L, 8L, 1L, 4235L, 175L, 6L, 61L, 0L, 0L, 0L, 0L, 1L, 0L, 
    0L, 0L, 1L, 0L, 0L, 0L, 0L, 0L, 0L, 0L, 27L, 0L, 1L, 0L, 
    256L, 8L, 0L, 0L), .Dim = c(8L, 4L), .Dimnames = structure(list(
        c("-1", "-2", "-3", "-4", "0", "1", "2", NA), c("C", 
        "G", "T", NA)), .Names = c("", "")), class = "table"), 
    AKMmono01v2_SNP1 = structure(c(0L, 0L, 0L, 2L, 0L, 0L, 0L, 
    0L, 0L, 0L, 1L, 0L, 0L, 0L, 580L, 35L, 1L, 4876L, 94L, 2L, 
    57L, 34L, 2L, 0L, 445L, 3L, 0L, 0L), .Dim = c(7L, 4L), .Dimnames = structure(list(
        c("-1", "-2", "-3", "0", "1", "2", NA), c("-", "G", "T", 
        NA)), .Names = c("", "")), class = "table"), AKMmono10v2_SNP1 = structure(c(0L, 
    0L, 2L, 0L, 0L, 0L, 376L, 14L, 4374L, 45L, 1L, 40L, 7L, 0L, 
    2L, 0L, 0L, 1L, 7L, 0L, 244L, 7L, 0L, 0L), .Dim = c(6L, 4L
    ),