Result <-
list(AKMmono02_SNP1 = structure(c(0L, 0L, 1L, 0L, 0L, 0L, 323L, 
11L, 3881L, 91L, 1L, 77L, 7L, 0L, 158L, 0L, 0L, 0L), .Dim = c(6L, 
3L), .Dimnames = structure(list(c("-1", "-2", "0", "1", "2", 
NA), c("C", "T", NA)), .Names = c("", "")), class = "table"), 
    AKMmono03_SNP1 = structure(c(566L, 69L, 25L, 1L, 5386L, 73L, 
    2L, 87L, 0L, 0L, 0L, 0L, 3L, 0L, 0L, 0L, 0L, 0L, 0L, 0L, 
    3L, 0L, 0L, 0L, 0L, 0L, 0L, 0L, 1L, 0L, 0L, 0L, 28L, 4L, 
    0L, 0L, 563L, 6L, 0L, 0L), .Dim = c(8L, 5L), .Dimnames = structure(list(
        c("-1", "-2", "-3", "-4", "0", "1", "2", NA), c("A", 
        "C", "G", "T", NA)), .Names = c("", "")), class = "table"), 
    AKMmono05_SNP1 = structure(c(628L, 77L, 15L, 2L, 4241L, 154L, 
    3L, 114L, 0L, 0L, 0L, 0L, 4L, 0L, 0L, 0L, 0L, 0L, 0L, 0L, 
    1L, 0L, 0L, 0L, 19L, 3L, 0L, 1L, 479L, 12L, 0L, 0L), .Dim = c(8L, 
    4L), .Dimnames = structure(list(c("-1", "-2", "-3", "-4", 
    "0", "1", "2", NA), c("A", "C", "T", NA)), .Names = c("", 
    "")), class = "table"), AKMmono11_SNP1 = structure(c(0L, 
    0L, 1L, 0L, 2L, 0L, 0L, 1L, 0L, 0L, 573L, 33L, 4827L, 75L, 
    113L, 69L, 2L, 649L, 15L, 0L), .Dim = 5:4, .Dimnames = structure(list(
        c("-1", "-2", "0", "1", NA), c("A", "G", "T", NA)), .Names = c("", 
    "")), class = "table"), AKMmono12_SNP1 = structure(c(1L, 
    0L, 0L, 2L, 0L, 0L, 0L, 627L, 33L, 1L, 4710L, 124L, 6L, 66L, 
    0L, 0L, 0L, 0L, 0L, 0L, 1L, 0L, 0L, 0L, 1L, 0L, 0L, 0L, 15L, 
    0L, 0L, 339L, 4L, 0L, 0L), .Dim = c(7L, 5L), .Dimnames = structure(list(
        c("-1", "-2", "-3", "0", "1", "2", NA), c("A", "C", "G", 
        "T", NA)), .Names = c("", "")), class = "table"), AKMmono13_SNP1 = structure(c(302L, 
    13L, 5L, 5722L, 134L, 2L, 57L, 0L, 0L, 0L, 2L, 0L, 0L, 0L, 
    13L, 1L, 0L, 366L, 6L, 0L, 0L), .Dim = c(7L, 3L), .Dimnames = structure(list(
        c("-1", "-2", "-3", "0", "1", "2", NA), c("A", "T", NA
        )), .Names = c("", "")), class = "table"), AKMmono16_SNP1 = structure(c(373L, 
    11L, 5L, 4210L, 100L, 1L, 31L, 0L, 0L, 0L, 2L, 0L, 0L, 0L, 
    0L, 0L, 0L, 2L, 0L, 0L, 0L, 0L, 0L, 0L, 1L, 0L, 0L, 0L, 7L, 
    0L, 0L, 270L, 4L, 0L, 0L), .Dim = c(7L, 5L), .Dimnames = structure(list(
        c("-1", "-2", "-3", "0", "1", "2", NA), c("A", "C", "G", 
        "T", NA)), .Names = c("", "")), class = "table"), AKMmono22_SNP1 = structure(c(406L, 
    63L, 8L, 2L, 3178L, 172L, 10L, 201L, 0L, 0L, 0L, 0L, 1L, 
    0L, 0L, 0L, 0L, 0L, 0L, 0L, 1L, 1L, 0L, 0L, 0L, 0L, 0L, 0L, 
    1L, 0L, 0L, 0L, 14L, 0L, 0L, 0L, 337L, 6L, 0L, 0L), .Dim = c(8L, 
    5L), .Dimnames = structure(list(c("-1", "-2", "-3", "-4", 
    "0", "1", "2", NA), c("A", "C", "G", "T", NA)), .Names = c("", 
    "")), class = "table"), EJmono05_SNP1 = structure(c(325L, 
    25L, 3338L, 59L, 46L, 6L, 1L, 170L, 2L, 0L), .Dim = c(5L, 
    2L), .Dimnames = structure(list(c("-1", "-2", "0", "1", NA
    ), c("T", NA)), .Names = c("", "")), class = "table"), EJmono16_SNP1 = structure(c(145L, 
    8L, 3445L, 98L, 2L, 187L, 0L, 0L, 1L, 0L, 0L, 0L, 1L, 0L, 
    73L, 0L, 0L, 0L), .Dim = c(6L, 3L), .Dimnames = structure(list(
        c("-1", "-2", "0", "1", "2", NA), c("A", "T", NA)), .Names = c("", 
    "")), class = "table"), LMmono01_SNP1 = structure(c(247L, 
    13L, 2696L, 44L, 42L, 12L, 1L, 204L, 7L, 0L), .Dim = c(5L, 
    2L), .Dimnames = structure(list(c("-1", "-2", "0", "1", NA
    ), c("A", NA)), .Names = c("", "")), class = "table"), LMmono03_SNP1 = structure(c(392L, 
    61L, 3L, 2L, 1930L, 61L, 3L, 52L, 0L, 0L, 0L, 0L, 1L, 0L, 
    0L, 1L, 16L, 1L, 0L, 0L, 300L, 0L, 0L, 0L), .Dim = c(8L, 
    3L), .Dimnames = structure(list(c("-1", "-2", "-3", "-4", 
    "0", "1", "2", NA), c("C", "T", NA)), .Names = c("", "")), class = "table"), 
    LMmono09_SNP1 = structure(c(1L, 0L, 0L, 0L, 1L, 0L, 0L, 0L, 
    1112L, 150L, 18L, 1L, 5151L, 199L, 6L, 172L, 17L, 2L, 0L, 
    0L, 77L, 3L, 0L, 0L), .Dim = c(8L, 3L), .Dimnames = structure(list(
        c("-1", "-2", "-3", "-5", "0", "1", "2", NA), c("A", 
        "T", NA)), .Names = c("", "")), class = "table"), LMmono12_SNP1 = structure(c(466L, 
    35L, 1L, 2L, 2638L, 161L, 9L, 84L, 15L, 2L, 0L, 0L, 295L, 
    8L, 1L, 0L), .Dim = c(8L, 2L), .Dimnames = structure(list(
        c("-1", "-2", "-3", "-4", "0", "1", "2", NA), c("A", 
        NA)), .Names = c("", "")), class = "table"), LMmono16_SNP1 = structure(c(486L, 
    49L, 6L, 3764L, 130L, 12L, 364L, 0L, 111L, 13L, 1L, 293L, 
    0L, 0L, 0L, 1L, 0L, 0L, 0L, 0L, 0L, 0L, 0L, 0L, 23L, 0L, 
    0L, 582L, 5L, 0L, 25L, 1L, 15L, 2L, 0L, 0L), .Dim = c(12L, 
    3L), .Dimnames = structure(list(c("-1", "-2", "-3", "0", 
    "1", "2", "3", "4", "5", "6", "7", NA), c("A", "T", NA)), .Names = c("", 
    "")), class = "table"), MSJmono10_SNP1 = structure(c(293L, 
    12L, 4721L, 141L, 7L, 45L, 0L, 0L, 2L, 0L, 0L, 0L, 10L, 0L, 
    299L, 10L, 0L, 0L), .Dim = c(6L, 3L), .Dimnames = structure(list(
        c("-1", "-2", "0", "1", "2", NA), c("C", "T", NA)), .Names = c("", 
    "")), class = "table"), MSJmono19ms1_SNP1 = structure(c(164L, 
    3L, 4088L, 74L, 0L, 173L, 0L, 0L, 14L, 0L, 0L, 1L, 0L, 0L, 
    1L, 0L, 0L, 0L, 0L, 0L, 4L, 0L, 0L, 0L, 10L, 2L, 621L, 12L, 
    1L, 0L), .Dim = 6:5, .Dimnames = structure(list(c("-1", "-2", 
    "0", "1", "2", NA), c("A", "C", "G", "T", NA)), .Names = c("", 
    "")), class = "table"), MSJmono19ms2_SNP1 = structure(c(193L, 
    3L, 4172L, 64L, 62L, 2L, 0L, 363L, 3L, 0L), .Dim = c(5L, 
    2L), .Dimnames = structure(list(c("-1", "-2", "0", "1", NA
    ), c("C", NA)), .Names = c("", "")), class = "table"), MSJmono36_SNP1 = structure(c(237L, 
    7L, 4111L, 104L, 75L, 2L, 0L, 177L, 0L, 0L), .Dim = c(5L, 
    2L), .Dimnames = structure(list(c("-1", "-2", "0", "1", NA
    ), c("G", NA)), .Names = c("", "")), class = "table"), MSJmono44_SNP1 = structure(c(0L, 
    0L, 0L, 1L, 0L, 0L, 0L, 0L, 0L, 0L, 0L, 1L, 0L, 0L, 129L, 
    7L, 1L, 2465L, 41L, 1L, 21L, 3L, 0L, 0L, 152L, 2L, 0L, 0L
    ), .Dim = c(7L, 4L), .Dimnames = structure(list(c("-1", "-2", 
    "-4", "0", "1", "2", NA), c("C", "G", "T", NA)), .Names = c("", 
    "")), class = "table"), MSJmono46_SNP1 = structure(c(312L, 
    34L, 2L, 1720L, 106L, 5L, 65L, 45L, 4L, 0L, 463L, 30L, 1L, 
    0L), .Dim = c(7L, 2L), .Dimnames = structure(list(c("-1", 
    "-2", "-3", "0", "1", "2", NA), c("C", NA)), .Names = c("", 
    "")), class = "table"), LMmono04v2_SNP1 = structure(c(322L, 
    11L, 3038L, 119L, 12L, 39L, 5L, 0L, 163L, 5L, 0L, 0L), .Dim = c(6L, 
    2L), .Dimnames = structure(list(c("-1", "-2", "0", "1", "2", 
    NA), c("C", NA)), .Names = c("", "")), class = "table"), 
    AKMmono01v2_SNP1 = structure(c(1L, 0L, 0L, 0L, 0L, 0L, 1606L, 
    112L, 12L, 15L, 0L, 98L, 134L, 5L, 0L, 1856L, 26L, 8L, 118L, 
    11L, 0L, 144L, 1L, 0L), .Dim = c(6L, 4L), .Dimnames = structure(list(
        c("-1", "-2", "-3", "0", "1", NA), c("-", "C", "T", NA
        )), .Names = c("", "")), class = "table"), AKMmono10v2_SNP1 = structure(c(102L, 
    3L, 2415L, 22L, 2L, 13L, 1L, 0L, 4L, 0L, 0L, 0L, 1L, 0L, 
    126L, 1L, 0L, 0L), .Dim = c(6L, 3L), .Dimnames = structure(list(
        c("-1", "-2", "0", "1", "2", NA), c("A", "G", NA)), .Names = c("", 
    "")), class = "table"), AKMmono17v2_SNP1 = structure(c(60L, 
    6L, 1225L, 21L, 1L, 11L, 1L, 0L, 38L, 0L, 0L, 1L, 3L, 0L, 
    58L, 1L, 0L, 0L), .Dim = c(6L, 3L), .Dimnames = structure(list(
        c("-1", "-2", "0", "1", "2", NA), c("A", "C", NA)), .Names = c("", 
    "")), class = "table"), EJmono13v2_SNP1 = structure(c(97L, 
    1L, 2008L, 41L, 4L, 8L, 7L, 0L, 166L, 5L, 1L, 0L), .Dim = c(6L, 
    2L), .Dimnames = structure(list(c("-1", "-3", "0", "1", "2", 
    NA), c("G", NA)), .Names = c("", "")), class = "table"), 
    EJmono21v2_SNP1 = structure(c(0L, 0L, 1L, 0L, 0L, 119L, 2L, 
    973L, 9L, 16L, 2L, 0L, 13L, 0L, 2L, 1L, 0L, 76L, 0L, 0L), .Dim = 5:4, .Dimnames = structure(list(
        c("-1", "-2", "0", "1", NA), c("A", "C", "T", NA)), .Names = c("", 
    "")), class = "table"),