Result <-
list(AKMmono02_SNP1 = structure(c(1L, 0L, 0L, 0L, 0L, 0L, 492L, 
34L, 4836L, 133L, 3L, 97L, 15L, 2L, 190L, 1L, 0L, 0L), .Dim = c(6L, 
3L), .Dimnames = structure(list(c("-1", "-2", "0", "1", "2", 
NA), c("C", "T", NA)), .Names = c("", "")), class = "table"), 
    AKMmono03_SNP1 = structure(c(1884L, 347L, 77L, 3L, 15740L, 
    330L, 8L, 1L, 273L, 2L, 0L, 0L, 0L, 5L, 0L, 0L, 0L, 2L, 0L, 
    0L, 0L, 0L, 1L, 0L, 0L, 0L, 0L, 0L, 0L, 0L, 0L, 1L, 0L, 0L, 
    0L, 0L, 97L, 14L, 0L, 0L, 1446L, 17L, 0L, 0L, 0L), .Dim = c(9L, 
    5L), .Dimnames = structure(list(c("-1", "-2", "-3", "-4", 
    "0", "1", "2", "3", NA), c("A", "C", "G", "T", NA)), .Names = c("", 
    "")), class = "table"), AKMmono05_SNP1 = structure(c(1411L, 
    183L, 25L, 11L, 9636L, 453L, 14L, 2L, 276L, 1L, 0L, 0L, 0L, 
    4L, 1L, 0L, 0L, 0L, 0L, 0L, 0L, 0L, 5L, 0L, 0L, 0L, 0L, 0L, 
    0L, 0L, 0L, 1L, 0L, 0L, 0L, 0L, 63L, 9L, 0L, 0L, 1079L, 50L, 
    1L, 0L, 0L), .Dim = c(9L, 5L), .Dimnames = structure(list(
        c("-1", "-2", "-3", "-4", "0", "1", "2", "3", NA), c("A", 
        "C", "G", "T", NA)), .Names = c("", "")), class = "table"), 
    AKMmono11_SNP1 = structure(c(0L, 0L, 0L, 0L, 1L, 0L, 0L, 
    0L, 0L, 0L, 0L, 0L, 12L, 0L, 0L, 1L, 0L, 0L, 0L, 0L, 1L, 
    0L, 0L, 0L, 0L, 0L, 0L, 0L, 2L, 0L, 0L, 0L, 1664L, 112L, 
    4L, 1L, 13230L, 276L, 4L, 324L, 184L, 7L, 0L, 0L, 1968L, 
    64L, 2L, 0L), .Dim = c(8L, 6L), .Dimnames = structure(list(
        c("-1", "-2", "-3", "-4", "0", "1", "2", NA), c("-", 
        "A", "C", "G", "T", NA)), .Names = c("", "")), class = "table"), 
    AKMmono12_SNP1 = structure(c(0L, 0L, 0L, 5L, 0L, 0L, 1L, 
    1508L, 95L, 18L, 10360L, 301L, 9L, 152L, 0L, 0L, 0L, 1L, 
    0L, 0L, 0L, 1L, 0L, 0L, 6L, 0L, 0L, 0L, 47L, 4L, 1L, 834L, 
    12L, 0L, 0L), .Dim = c(7L, 5L), .Dimnames = structure(list(
        c("-1", "-2", "-3", "0", "1", "2", NA), c("A", "C", "G", 
        "T", NA)), .Names = c("", "")), class = "table"), AKMmono13_SNP1 = structure(c(655L, 
    36L, 1L, 10034L, 346L, 10L, 1L, 127L, 0L, 0L, 0L, 2L, 0L, 
    0L, 0L, 0L, 0L, 0L, 0L, 2L, 0L, 0L, 0L, 0L, 0L, 0L, 0L, 4L, 
    0L, 0L, 0L, 0L, 19L, 1L, 0L, 712L, 16L, 1L, 0L, 0L), .Dim = c(8L, 
    5L), .Dimnames = structure(list(c("-1", "-2", "-3", "0", 
    "1", "2", "3", NA), c("A", "C", "G", "T", NA)), .Names = c("", 
    "")), class = "table"), AKMmono16_SNP1 = structure(c(691L, 
    30L, 3L, 7414L, 188L, 3L, 85L, 0L, 0L, 0L, 4L, 0L, 0L, 0L, 
    0L, 0L, 0L, 2L, 0L, 0L, 0L, 1L, 0L, 0L, 1L, 0L, 0L, 0L, 26L, 
    1L, 0L, 514L, 14L, 1L, 0L), .Dim = c(7L, 5L), .Dimnames = structure(list(
        c("-1", "-2", "-3", "0", "1", "2", NA), c("A", "C", "G", 
        "T", NA)), .Names = c("", "")), class = "table"), AKMmono22_SNP1 = structure(c(719L, 
    153L, 15L, 1L, 5289L, 307L, 20L, 361L, 1L, 0L, 0L, 0L, 0L, 
    0L, 0L, 0L, 0L, 0L, 0L, 0L, 1L, 0L, 0L, 0L, 46L, 5L, 0L, 
    0L, 613L, 19L, 0L, 0L), .Dim = c(8L, 4L), .Dimnames = structure(list(
        c("-1", "-2", "-3", "-4", "0", "1", "2", NA), c("A", 
        "G", "T", NA)), .Names = c("", "")), class = "table"), 
    EJmono05_SNP1 = structure(c(0L, 0L, 0L, 1L, 0L, 0L, 0L, 853L, 
    79L, 1L, 8324L, 191L, 3L, 116L, 15L, 2L, 0L, 351L, 3L, 0L, 
    0L), .Dim = c(7L, 3L), .Dimnames = structure(list(c("-1", 
    "-2", "-4", "0", "1", "2", NA), c("C", "T", NA)), .Names = c("", 
    "")), class = "table"), EJmono16_SNP1 = structure(c(652L, 
    42L, 4L, 11225L, 466L, 14L, 2L, 844L, 0L, 0L, 0L, 1L, 0L, 
    0L, 0L, 0L, 0L, 0L, 0L, 1L, 0L, 0L, 0L, 0L, 0L, 0L, 0L, 1L, 
    0L, 0L, 0L, 0L, 10L, 1L, 0L, 216L, 7L, 2L, 0L, 0L), .Dim = c(8L, 
    5L), .Dimnames = structure(list(c("-1", "-2", "-3", "0", 
    "1", "2", "3", NA), c("A", "C", "G", "T", NA)), .Names = c("", 
    "")), class = "table"), LMmono01_SNP1 = structure(c(627L, 
    27L, 3L, 5232L, 107L, 3L, 107L, 1L, 0L, 0L, 0L, 0L, 0L, 0L, 
    0L, 0L, 0L, 1L, 0L, 0L, 0L, 37L, 0L, 0L, 441L, 10L, 1L, 0L
    ), .Dim = c(7L, 4L), .Dimnames = structure(list(c("-1", "-2", 
    "-3", "0", "1", "2", NA), c("A", "C", "G", NA)), .Names = c("", 
    "")), class = "table"), LMmono03_SNP1 = structure(c(0L, 0L, 
    0L, 0L, 0L, 3L, 0L, 0L, 0L, 0L, 687L, 77L, 10L, 3L, 1L, 3131L, 
    131L, 4L, 1L, 132L, 1L, 0L, 0L, 0L, 0L, 0L, 0L, 0L, 0L, 0L, 
    19L, 1L, 0L, 0L, 0L, 456L, 7L, 0L, 0L, 0L), .Dim = c(10L, 
    4L), .Dimnames = structure(list(c("-1", "-2", "-3", "-4", 
    "-5", "0", "1", "2", "3", NA), c("A", "C", "T", NA)), .Names = c("", 
    "")), class = "table"), LMmono09_SNP1 = structure(c(0L, 1L, 
    0L, 0L, 1L, 0L, 0L, 0L, 0L, 1945L, 241L, 35L, 1L, 11951L, 
    540L, 26L, 1L, 385L, 15L, 3L, 0L, 0L, 229L, 4L, 1L, 0L, 0L
    ), .Dim = c(9L, 3L), .Dimnames = structure(list(c("-1", "-2", 
    "-3", "-4", "0", "1", "2", "3", NA), c("A", "T", NA)), .Names = c("", 
    "")), class = "table"), LMmono12_SNP1 = structure(c(1132L, 
    98L, 8L, 5060L, 388L, 17L, 214L, 0L, 0L, 0L, 2L, 0L, 0L, 
    0L, 38L, 1L, 0L, 564L, 18L, 0L, 0L), .Dim = c(7L, 3L), .Dimnames = structure(list(
        c("-1", "-2", "-3", "0", "1", "2", NA), c("A", "T", NA
        )), .Names = c("", "")), class = "table"), LMmono16_SNP1 = structure(c(1039L, 
    91L, 6L, 1L, 2L, 7683L, 333L, 23L, 901L, 6L, 350L, 25L, 2L, 
    1L, 649L, 0L, 0L, 0L, 0L, 0L, 1L, 0L, 0L, 0L, 0L, 0L, 0L, 
    0L, 0L, 0L, 0L, 0L, 0L, 0L, 0L, 1L, 0L, 0L, 0L, 0L, 0L, 0L, 
    0L, 0L, 0L, 0L, 0L, 0L, 0L, 0L, 1L, 0L, 0L, 0L, 0L, 1L, 0L, 
    0L, 0L, 0L, 46L, 2L, 0L, 0L, 0L, 1321L, 24L, 1L, 54L, 0L, 
    37L, 5L, 1L, 0L, 0L), .Dim = c(15L, 5L), .Dimnames = structure(list(
        c("-1", "-2", "-3", "-4", "-5", "0", "1", "2", "3", "4", 
        "5", "6", "7", "8", NA), c("A", "C", "G", "T", NA)), .Names = c("", 
    "")), class = "table"), MSJmono10_SNP1 = structure(c(1L, 
    0L, 0L, 0L, 0L, 0L, 0L, 0L, 571L, 19L, 1L, 8205L, 324L, 16L, 
    2L, 70L, 0L, 0L, 0L, 1L, 0L, 0L, 0L, 0L, 0L, 0L, 0L, 3L, 
    0L, 0L, 0L, 0L, 18L, 0L, 0L, 502L, 25L, 0L, 0L, 0L), .Dim = c(8L, 
    5L), .Dimnames = structure(list(c("-1", "-2", "-3", "0", 
    "1", "2", "3", NA), c("A", "C", "G", "T", NA)), .Names = c("", 
    "")), class = "table"), MSJmono19ms1_SNP1 = structure(c(572L, 
    37L, 3L, 2L, 14150L, 352L, 5L, 751L, 2L, 0L, 0L, 0L, 43L, 
    1L, 0L, 2L, 0L, 0L, 0L, 0L, 3L, 0L, 0L, 0L, 0L, 0L, 0L, 0L, 
    7L, 0L, 0L, 1L, 61L, 2L, 0L, 0L, 2276L, 54L, 2L, 0L), .Dim = c(8L, 
    5L), .Dimnames = structure(list(c("-1", "-2", "-3", "-4", 
    "0", "1", "2", NA), c("A", "C", "G", "T", NA)), .Names = c("", 
    "")), class = "table"), MSJmono19ms2_SNP1 = structure(c(773L, 
    15L, 14816L, 232L, 5L, 193L, 0L, 0L, 2L, 0L, 0L, 0L, 13L, 
    0L, 1247L, 3L, 0L, 0L), .Dim = c(6L, 3L), .Dimnames = structure(list(
        c("-1", "-2", "0", "1", "2", NA), c("C", "T", NA)), .Names = c("", 
    "")), class = "table"), MSJmono36_SNP1 = structure(c(0L, 
    0L, 0L, 0L, 2L, 0L, 0L, 0L, 0L, 0L, 0L, 0L, 1L, 0L, 0L, 0L, 
    942L, 41L, 3L, 2L, 13963L, 392L, 9L, 271L, 0L, 0L, 0L, 0L, 
    1L, 0L, 0L, 0L, 11L, 0L, 0L, 0L, 512L, 5L, 0L, 0L), .Dim = c(8L, 
    5L), .Dimnames = structure(list(c("-1", "-2", "-3", "-4", 
    "0", "1", "2", NA), c("A", "C", "G", "T", NA)), .Names = c("", 
    "")), class = "table"), MSJmono44_SNP1 = structure(c(0L, 
    9L, 1L, 0L, 0L, 0L, 0L, 0L, 1L, 0L, 0L, 0L, 0L, 1L, 0L, 0L, 
    0L, 0L, 0L, 0L, 0L, 0L, 2L, 0L, 0L, 0L, 0L, 632L, 32L, 0L, 
    3L, 9625L, 266L, 8L, 1L, 57L, 14L, 0L, 0L, 0L, 455L, 8L, 
    0L, 0L, 0L), .Dim = c(9L, 5L), .Dimnames = structure(list(
        c("-1", "-2", "-5", "-6", "0", "1", "2", "3", NA), c("-", 
        "A", "C", "T", NA)), .Names = c("", "")), class = "table"), 
    MSJmono46_SNP1 = structure(c(0L, 0L, 0L, 0L, 1L, 0L, 0L, 
    0L, 0L, 613L, 59L, 9L, 1L, 2533L, 207L, 11L, 0L, 83L, 0L, 
    0L, 0L, 0L, 3L, 0L, 0L, 0L, 0L, 83L, 2L, 0L, 0L, 679L, 37L, 
    2L, 2L, 0L), .Dim = c(9L, 4L), .Dimnames = structure(list(
        c("-1", "-2", "-3", "-4", "0", "1", "2", "3", NA), c("A", 
        "C", "T", NA)), .Names = c("", "")), class = "table"),