Result <-
list(AKMmono02_SNP1 = structure(c(126L, 7L, 2L, 1066L, 37L, 1L, 
27L, 7L, 1L, 0L, 60L, 2L, 0L, 0L), .Dim = c(7L, 2L), .Dimnames = structure(list(
    c("-1", "-2", "-3", "0", "1", "2", NA), c("T", NA)), .Names = c("", 
"")), class = "table"), AKMmono03_SNP1 = structure(c(808L, 475L, 
66L, 2L, 4102L, 87L, 1L, 119L, 1L, 0L, 0L, 0L, 1L, 0L, 0L, 0L, 
0L, 1L, 0L, 0L, 0L, 0L, 0L, 0L, 46L, 19L, 7L, 0L, 391L, 8L, 0L, 
0L), .Dim = c(8L, 4L), .Dimnames = structure(list(c("-1", "-2", 
"-3", "-5", "0", "1", "2", NA), c("A", "C", "G", NA)), .Names = c("", 
"")), class = "table"), AKMmono05_SNP1 = structure(c(435L, 66L, 
235L, 13L, 2395L, 112L, 5L, 103L, 0L, 0L, 0L, 0L, 1L, 0L, 0L, 
0L, 24L, 3L, 1L, 0L, 226L, 11L, 0L, 0L), .Dim = c(8L, 3L), .Dimnames = structure(list(
    c("-1", "-2", "-3", "-4", "0", "1", "2", NA), c("A", "G", 
    NA)), .Names = c("", "")), class = "table"), AKMmono11_SNP1 = structure(c(0L, 
0L, 0L, 0L, 4L, 0L, 0L, 0L, 1064L, 201L, 33L, 6L, 5115L, 157L, 
4L, 224L, 128L, 15L, 1L, 0L, 794L, 47L, 2L, 0L), .Dim = c(8L, 
3L), .Dimnames = structure(list(c("-1", "-2", "-3", "-4", "0", 
"1", "2", NA), c("A", "T", NA)), .Names = c("", "")), class = "table"), 
    AKMmono12_SNP1 = structure(c(0L, 0L, 0L, 3L, 0L, 0L, 0L, 
    434L, 33L, 2L, 2615L, 83L, 2L, 48L, 0L, 0L, 0L, 3L, 0L, 0L, 
    0L, 14L, 1L, 0L, 196L, 3L, 2L, 0L), .Dim = c(7L, 4L), .Dimnames = structure(list(
        c("-1", "-2", "-3", "0", "1", "2", NA), c("A", "C", "T", 
        NA)), .Names = c("", "")), class = "table"), AKMmono13_SNP1 = structure(c(233L, 
    21L, 2L, 1L, 2000L, 66L, 42L, 0L, 0L, 0L, 0L, 0L, 1L, 0L, 
    0L, 0L, 0L, 0L, 1L, 0L, 0L, 6L, 0L, 0L, 0L, 143L, 4L, 0L), .Dim = c(7L, 
    4L), .Dimnames = structure(list(c("-1", "-2", "-3", "-4", 
    "0", "1", NA), c("A", "C", "T", NA)), .Names = c("", "")), class = "table"), 
    AKMmono16_SNP1 = structure(c(274L, 23L, 2033L, 50L, 29L, 
    0L, 0L, 1L, 0L, 0L, 0L, 0L, 1L, 0L, 0L, 6L, 0L, 144L, 6L, 
    0L), .Dim = 5:4, .Dimnames = structure(list(c("-1", "-2", 
    "0", "1", NA), c("A", "C", "T", NA)), .Names = c("", "")), class = "table"), 
    AKMmono22_SNP1 = structure(c(0L, 0L, 0L, 0L, 0L, 1L, 0L, 
    0L, 0L, 0L, 245L, 121L, 55L, 39L, 2L, 1425L, 91L, 3L, 1L, 
    132L, 0L, 0L, 0L, 0L, 0L, 1L, 0L, 0L, 0L, 0L, 16L, 8L, 0L, 
    2L, 0L, 164L, 8L, 0L, 0L, 0L), .Dim = c(10L, 4L), .Dimnames = structure(list(
        c("-1", "-2", "-3", "-4", "-5", "0", "1", "2", "3", NA
        ), c("-", "A", "G", NA)), .Names = c("", "")), class = "table"), 
    EJmono05_SNP1 = structure(c(281L, 14L, 2L, 1999L, 75L, 1L, 
    49L, 9L, 1L, 0L, 67L, 2L, 0L, 0L), .Dim = c(7L, 2L), .Dimnames = structure(list(
        c("-1", "-2", "-3", "0", "1", "2", NA), c("T", NA)), .Names = c("", 
    "")), class = "table"), EJmono16_SNP1 = structure(c(440L, 
    59L, 4L, 1L, 1L, 3704L, 179L, 12L, 2L, 342L, 7L, 3L, 0L, 
    0L, 0L, 68L, 2L, 0L, 0L, 0L), .Dim = c(10L, 2L), .Dimnames = structure(list(
        c("-1", "-2", "-3", "-4", "-6", "0", "1", "2", "3", NA
        ), c("A", NA)), .Names = c("", "")), class = "table"), 
    LMmono01_SNP1 = structure(c(340L, 29L, 1333L, 40L, 41L, 0L, 
    0L, 0L, 0L, 1L, 16L, 1L, 90L, 8L, 0L), .Dim = c(5L, 3L), .Dimnames = structure(list(
        c("-1", "-2", "0", "1", NA), c("A", "T", NA)), .Names = c("", 
    "")), class = "table"), LMmono03_SNP1 = structure(c(0L, 0L, 
    0L, 0L, 1L, 0L, 0L, 0L, 163L, 81L, 69L, 11L, 581L, 28L, 2L, 
    36L, 10L, 5L, 0L, 0L, 80L, 1L, 0L, 0L), .Dim = c(8L, 3L), .Dimnames = structure(list(
        c("-1", "-2", "-3", "-4", "0", "1", "2", NA), c("A", 
        "C", NA)), .Names = c("", "")), class = "table"), LMmono09_SNP1 = structure(c(1243L, 
    260L, 38L, 3L, 9L, 3632L, 264L, 13L, 1L, 200L, 25L, 3L, 0L, 
    0L, 0L, 74L, 2L, 0L, 0L, 0L), .Dim = c(10L, 2L), .Dimnames = structure(list(
        c("-1", "-2", "-3", "-4", "-5", "0", "1", "2", "3", NA
        ), c("T", NA)), .Names = c("", "")), class = "table"), 
    LMmono12_SNP1 = structure(c(415L, 45L, 4L, 1496L, 147L, 7L, 
    72L, 0L, 0L, 0L, 2L, 0L, 0L, 0L, 24L, 5L, 0L, 156L, 5L, 0L, 
    0L), .Dim = c(7L, 3L), .Dimnames = structure(list(c("-1", 
    "-2", "-3", "0", "1", "2", NA), c("A", "T", NA)), .Names = c("", 
    "")), class = "table"), LMmono16_SNP1 = structure(c(662L, 
    184L, 92L, 19L, 1912L, 160L, 14L, 3L, 1L, 143L, 0L, 0L, 0L, 
    0L, 1L, 0L, 0L, 0L, 0L, 0L, 28L, 5L, 1L, 0L, 317L, 17L, 1L, 
    0L, 0L, 0L), .Dim = c(10L, 3L), .Dimnames = structure(list(
        c("-1", "-2", "-3", "-4", "0", "1", "2", "3", "5", NA
        ), c("A", "G", NA)), .Names = c("", "")), class = "table"), 
    MSJmono10_SNP1 = structure(c(234L, 18L, 1779L, 78L, 3L, 24L, 
    0L, 0L, 1L, 0L, 0L, 0L, 9L, 2L, 94L, 5L, 0L, 0L), .Dim = c(6L, 
    3L), .Dimnames = structure(list(c("-1", "-2", "0", "1", "2", 
    NA), c("C", "T", NA)), .Names = c("", "")), class = "table"), 
    MSJmono19ms1_SNP1 = structure(c(0L, 0L, 0L, 1L, 0L, 0L, 0L, 
    644L, 65L, 7L, 6178L, 177L, 6L, 448L, 2L, 0L, 0L, 23L, 2L, 
    0L, 2L, 1L, 0L, 0L, 0L, 0L, 0L, 0L, 0L, 0L, 0L, 10L, 0L, 
    0L, 1L, 56L, 6L, 0L, 974L, 15L, 0L, 0L), .Dim = 7:6, .Dimnames = structure(list(
        c("-1", "-2", "-3", "0", "1", "2", NA), c("-", "A", "C", 
        "G", "T", NA)), .Names = c("", "")), class = "table"), 
    MSJmono19ms2_SNP1 = structure(c(550L, 20L, 6885L, 132L, 4L, 
    1L, 118L, 8L, 0L, 529L, 2L, 0L, 0L, 0L), .Dim = c(7L, 2L), .Dimnames = structure(list(
        c("-1", "-2", "0", "1", "2", "3", NA), c("C", NA)), .Names = c("", 
    "")), class = "table"), MSJmono36_SNP1 = structure(c(0L, 
    0L, 0L, 4L, 0L, 0L, 0L, 1L, 0L, 0L, 0L, 0L, 0L, 0L, 413L, 
    21L, 3L, 4117L, 126L, 3L, 132L, 2L, 0L, 0L, 137L, 2L, 0L, 
    0L), .Dim = c(7L, 4L), .Dimnames = structure(list(c("-1", 
    "-2", "-3", "0", "1", "2", NA), c("A", "C", "G", NA)), .Names = c("", 
    "")), class = "table"), MSJmono44_SNP1 = structure(c(614L, 
    20L, 1L, 1985L, 54L, 1L, 36L, 20L, 1L, 0L, 99L, 2L, 0L, 0L
    ), .Dim = c(7L, 2L), .Dimnames = structure(list(c("-1", "-2", 
    "-3", "0", "1", "2", NA), c("T", NA)), .Names = c("", "")), class = "table"), 
    MSJmono46_SNP1 = structure(c(102L, 28L, 11L, 371L, 28L, 1L, 
    25L, 16L, 0L, 0L, 121L, 3L, 0L, 0L), .Dim = c(7L, 2L), .Dimnames = structure(list(
        c("-1", "-2", "-3", "0", "1", "2", NA), c("C", NA)), .Names = c("", 
    "")), class = "table"), LMmono04v2_SNP1 = structure(c(199L, 
    23L, 1L, 683L, 36L, 2L, 14L, 0L, 0L, 0L, 1L, 0L, 0L, 0L, 
    4L, 0L, 0L, 36L, 2L, 1L, 0L), .Dim = c(7L, 3L), .Dimnames = structure(list(
        c("-1", "-2", "-3", "0", "1", "2", NA), c("C", "T", NA
        )), .Names = c("", "")), class = "table"), AKMmono01v2_SNP1 = structure(c(243L, 
    154L, 4L, 1237L, 41L, 27L, 13L, 3L, 0L, 109L, 1L, 0L), .Dim = c(6L, 
    2L), .Dimnames = structure(list(c("-1", "-2", "-3", "0", 
    "1", NA), c("T", NA)), .Names = c("", "")), class = "table"), 
    AKMmono10v2_SNP1 = structure(c(31L, 0L, 159L, 4L, 0L, 2L, 
    17L, 6L, 167L, 13L, 1L, 0L, 2L, 0L, 13L, 1L, 0L, 0L), .Dim = c(6L, 
    3L), .Dimnames = structure(list(c("-1", "-2", "0", "1", "2", 
    NA), c("A", "G", NA)), .Names = c("", "")), class = "table"), 
    AKMmono17v2_SNP1 = structure(c(5L, 1L, 88L, 2L, 1L, 5L, 46L, 
    93L, 0L, 4L, 0L, 0L, 9L, 1L, 0L), .Dim = c(5L, 3L), .Dimnames = structure(list(
        c("-1", "-2", "0", "1", NA), c("A", "C", NA)), .Names = c("", 
    "")), class = "table"), EJmono13v2_SNP1 = structure(c(61L, 
    378L, 6L, 4L, 1L, 36L, 2L, 0L), .Dim = c(4L, 2L), .Dimnames = structure(list(
        c("-1", "0", "1", NA), c("G", NA)), .Names = c("", ""
    )), class = "table"), EJmono21v2_SNP1 = structure(c(0L, 0L, 
    1L, 0L, 0L, 2L, 1L, 11L, 0L, 0L, 50L, 3L, 97L, 5L, 6L, 1L, 
    0L, 12L, 0L, 0L), .Dim = 5:4, .Dimnames = structure(list(
        c("-1", "-2", "0", "1", NA), c("A", "C", "T", NA)), .Names = c("", 
    "")), class = "table"),