Result <-
list(AKMmono02_SNP1 = structure(c(0L, 0L, 0L, 1L, 0L, 0L, 0L, 
0L, 0L, 0L, 1L, 0L, 0L, 0L, 492L, 115L, 2L, 2594L, 58L, 2L, 84L, 
12L, 2L, 0L, 101L, 1L, 0L, 0L), .Dim = c(7L, 4L), .Dimnames = structure(list(
    c("-1", "-2", "-3", "0", "1", "2", NA), c("C", "G", "T", 
    NA)), .Names = c("", "")), class = "table"), AKMmono03_SNP1 = structure(c(1L, 
0L, 0L, 0L, 0L, 0L, 0L, 0L, 698L, 685L, 143L, 7L, 3198L, 43L, 
1L, 146L, 1L, 0L, 0L, 0L, 1L, 0L, 0L, 0L, 0L, 2L, 0L, 0L, 2L, 
0L, 0L, 0L, 0L, 0L, 0L, 0L, 1L, 0L, 0L, 0L, 40L, 24L, 0L, 1L, 
326L, 3L, 0L, 0L), .Dim = c(8L, 6L), .Dimnames = structure(list(
    c("-1", "-2", "-3", "-4", "0", "1", "2", NA), c("-", "A", 
    "C", "G", "T", NA)), .Names = c("", "")), class = "table"), 
    AKMmono05_SNP1 = structure(c(923L, 259L, 136L, 5L, 1L, 2614L, 
    96L, 5L, 111L, 0L, 0L, 0L, 0L, 0L, 1L, 0L, 0L, 0L, 0L, 0L, 
    0L, 0L, 0L, 1L, 0L, 0L, 0L, 2L, 0L, 0L, 0L, 0L, 2L, 0L, 0L, 
    0L, 53L, 7L, 1L, 0L, 0L, 256L, 12L, 0L, 0L), .Dim = c(9L, 
    5L), .Dimnames = structure(list(c("-1", "-2", "-3", "-4", 
    "-5", "0", "1", "2", NA), c("A", "C", "G", "T", NA)), .Names = c("", 
    "")), class = "table"), AKMmono11_SNP1 = structure(c(0L, 
    0L, 0L, 2L, 0L, 0L, 0L, 0L, 0L, 0L, 1L, 0L, 0L, 0L, 332L, 
    539L, 38L, 3142L, 272L, 8L, 171L, 40L, 26L, 0L, 512L, 74L, 
    1L, 0L), .Dim = c(7L, 4L), .Dimnames = structure(list(c("-1", 
    "-2", "-3", "0", "1", "2", NA), c("A", "C", "T", NA)), .Names = c("", 
    "")), class = "table"), AKMmono12_SNP1 = structure(c(1111L, 
    142L, 7L, 2779L, 51L, 1L, 91L, 0L, 0L, 0L, 1L, 0L, 0L, 0L, 
    37L, 5L, 0L, 230L, 2L, 0L, 0L), .Dim = c(7L, 3L), .Dimnames = structure(list(
        c("-1", "-2", "-3", "0", "1", "2", NA), c("C", "G", NA
        )), .Names = c("", "")), class = "table"), AKMmono13_SNP1 = structure(c(881L, 
    82L, 2L, 4174L, 123L, 2L, 88L, 21L, 0L, 2L, 360L, 4L, 0L, 
    0L), .Dim = c(7L, 2L), .Dimnames = structure(list(c("-1", 
    "-2", "-3", "0", "1", "2", NA), c("A", NA)), .Names = c("", 
    "")), class = "table"), AKMmono16_SNP1 = structure(c(854L, 
    296L, 20L, 2702L, 46L, 78L, 0L, 0L, 0L, 1L, 0L, 0L, 22L, 
    4L, 0L, 177L, 3L, 0L), .Dim = c(6L, 3L), .Dimnames = structure(list(
        c("-1", "-2", "-3", "0", "1", NA), c("A", "C", NA)), .Names = c("", 
    "")), class = "table"), AKMmono22_SNP1 = structure(c(308L, 
    216L, 164L, 131L, 10L, 1814L, 76L, 1L, 1L, 208L, 0L, 0L, 
    0L, 0L, 0L, 2L, 0L, 0L, 0L, 0L, 0L, 1L, 0L, 0L, 0L, 1L, 0L, 
    0L, 0L, 0L, 1L, 0L, 0L, 0L, 0L, 0L, 0L, 0L, 0L, 0L, 13L, 
    5L, 6L, 3L, 0L, 229L, 5L, 0L, 0L, 0L), .Dim = c(10L, 5L), .Dimnames = structure(list(
        c("-1", "-2", "-3", "-4", "-5", "0", "1", "2", "3", NA
        ), c("A", "C", "G", "T", NA)), .Names = c("", "")), class = "table"), 
    EJmono05_SNP1 = structure(c(0L, 0L, 0L, 2L, 0L, 0L, 1L, 0L, 
    0L, 0L, 0L, 1L, 0L, 0L, 689L, 90L, 2L, 0L, 1903L, 40L, 52L, 
    23L, 1L, 0L, 0L, 90L, 2L, 0L), .Dim = c(7L, 4L), .Dimnames = structure(list(
        c("-1", "-2", "-3", "-6", "0", "1", NA), c("-", "G", 
        "T", NA)), .Names = c("", "")), class = "table"), EJmono16_SNP1 = structure(c(280L, 
    149L, 9L, 1L, 2528L, 96L, 1L, 258L, 1L, 0L, 0L, 0L, 0L, 0L, 
    0L, 0L, 2L, 1L, 0L, 0L, 67L, 2L, 0L, 0L), .Dim = c(8L, 3L
    ), .Dimnames = structure(list(c("-1", "-2", "-3", "-4", "0", 
    "1", "2", NA), c("A", "C", NA)), .Names = c("", "")), class = "table"), 
    LMmono01_SNP1 = structure(c(470L, 677L, 27L, 2175L, 38L, 
    126L, 0L, 2L, 0L, 2L, 0L, 0L, 17L, 8L, 0L, 168L, 1L, 0L), .Dim = c(6L, 
    3L), .Dimnames = structure(list(c("-1", "-2", "-3", "0", 
    "1", NA), c("A", "T", NA)), .Names = c("", "")), class = "table"), 
    LMmono03_SNP1 = structure(c(202L, 105L, 252L, 143L, 21L, 
    981L, 39L, 1L, 63L, 0L, 0L, 1L, 0L, 0L, 0L, 0L, 0L, 0L, 4L, 
    1L, 8L, 5L, 0L, 149L, 0L, 0L, 0L), .Dim = c(9L, 3L), .Dimnames = structure(list(
        c("-1", "-2", "-3", "-4", "-5", "0", "1", "2", NA), c("C", 
        "T", NA)), .Names = c("", "")), class = "table"), LMmono09_SNP1 = structure(c(882L, 
    731L, 141L, 3L, 1L, 3004L, 120L, 2L, 214L, 6L, 6L, 1L, 0L, 
    0L, 45L, 3L, 0L, 0L), .Dim = c(9L, 2L), .Dimnames = structure(list(
        c("-1", "-2", "-3", "-4", "-5", "0", "1", "2", NA), c("T", 
        NA)), .Names = c("", "")), class = "table"), LMmono12_SNP1 = structure(c(0L, 
    0L, 0L, 0L, 1L, 0L, 0L, 0L, 0L, 407L, 194L, 53L, 1L, 1608L, 
    182L, 25L, 3L, 113L, 1L, 0L, 0L, 0L, 1L, 0L, 0L, 0L, 0L, 
    19L, 7L, 2L, 0L, 194L, 16L, 2L, 0L, 0L), .Dim = c(9L, 4L), .Dimnames = structure(list(
        c("-1", "-2", "-3", "-4", "0", "1", "2", "3", NA), c("-", 
        "A", "G", NA)), .Names = c("", "")), class = "table"), 
    LMmono16_SNP1 = structure(c(606L, 390L, 351L, 47L, 1L, 2286L, 
    179L, 11L, 2L, 165L, 0L, 0L, 0L, 0L, 0L, 1L, 0L, 0L, 0L, 
    0L, 9L, 9L, 10L, 0L, 0L, 369L, 7L, 0L, 0L, 0L), .Dim = c(10L, 
    3L), .Dimnames = structure(list(c("-1", "-2", "-3", "-4", 
    "-5", "0", "1", "2", "3", NA), c("A", "C", NA)), .Names = c("", 
    "")), class = "table"), MSJmono10_SNP1 = structure(c(0L, 
    0L, 0L, 0L, 7L, 0L, 0L, 0L, 213L, 556L, 222L, 29L, 2403L, 
    101L, 3L, 38L, 0L, 0L, 0L, 0L, 1L, 0L, 0L, 0L, 10L, 13L, 
    9L, 0L, 140L, 5L, 0L, 0L), .Dim = c(8L, 4L), .Dimnames = structure(list(
        c("-1", "-2", "-3", "-4", "0", "1", "2", NA), c("A", 
        "C", "T", NA)), .Names = c("", "")), class = "table"), 
    MSJmono19ms1_SNP1 = structure(c(504L, 223L, 18L, 2712L, 43L, 
    223L, 0L, 1L, 0L, 9L, 0L, 1L, 1L, 0L, 0L, 2L, 0L, 0L, 39L, 
    11L, 0L, 418L, 8L, 0L), .Dim = c(6L, 4L), .Dimnames = structure(list(
        c("-1", "-2", "-3", "0", "1", NA), c("A", "C", "T", NA
        )), .Names = c("", "")), class = "table"), MSJmono19ms2_SNP1 = structure(c(887L, 
    104L, 2581L, 23L, 1L, 126L, 17L, 1L, 220L, 1L, 0L, 0L), .Dim = c(6L, 
    2L), .Dimnames = structure(list(c("-1", "-2", "0", "1", "2", 
    NA), c("C", NA)), .Names = c("", "")), class = "table"), 
    MSJmono36_SNP1 = structure(c(939L, 63L, 1L, 3158L, 54L, 2L, 
    175L, 14L, 0L, 0L, 115L, 2L, 0L, 0L), .Dim = c(7L, 2L), .Dimnames = structure(list(
        c("-1", "-2", "-3", "0", "1", "2", NA), c("G", NA)), .Names = c("", 
    "")), class = "table"), MSJmono44_SNP1 = structure(c(437L, 
    345L, 9L, 1L, 2L, 1660L, 28L, 37L, 14L, 13L, 0L, 0L, 0L, 
    91L, 0L, 0L), .Dim = c(8L, 2L), .Dimnames = structure(list(
        c("-1", "-2", "-3", "-4", "-5", "0", "1", NA), c("T", 
        NA)), .Names = c("", "")), class = "table"), MSJmono46_SNP1 = structure(c(287L, 
    45L, 48L, 183L, 1L, 1000L, 88L, 1L, 54L, 30L, 2L, 0L, 5L, 
    0L, 287L, 28L, 1L, 0L), .Dim = c(9L, 2L), .Dimnames = structure(list(
        c("-1", "-2", "-3", "-4", "-5", "0", "1", "2", NA), c("C", 
        NA)), .Names = c("", "")), class = "table"), LMmono04v2_SNP1 = structure(c(395L, 
    365L, 69L, 25L, 1356L, 81L, 4L, 48L, 12L, 5L, 0L, 0L, 103L, 
    6L, 0L, 0L), .Dim = c(8L, 2L), .Dimnames = structure(list(
        c("-1", "-2", "-3", "-4", "0", "1", "2", NA), c("C", 
        NA)), .Names = c("", "")), class = "table"), AKMmono01v2_SNP1 = structure(c(0L, 
    1L, 0L, 0L, 0L, 0L, 0L, 148L, 842L, 165L, 2075L, 31L, 1L, 
    66L, 8L, 29L, 6L, 163L, 4L, 0L, 0L), .Dim = c(7L, 3L), .Dimnames = structure(list(
        c("-1", "-2", "-3", "0", "1", "2", NA), c("C", "T", NA
        )), .Names = c("", "")), class = "table"), AKMmono10v2_SNP1 = structure(c(427L, 
    255L, 1703L, 17L, 34L, 0L, 0L, 1L, 0L, 0L, 6L, 4L, 80L, 1L, 
    0L), .Dim = c(5L, 3L), .Dimnames = structure(list(c("-1", 
    "-2", "0", "1", NA), c("A", "T", NA)), .Names = c("", "")), class = "table"), 
    AKMmono17v2_SNP1 = structure(c(161L, 22L, 175L, 711L, 11L, 
    33L, 2L, 0L, 0L, 31L, 2L, 1L, 3L, 0L, 1L, 42L, 0L, 0L), .Dim = c(6L, 
    3L), .Dimnames = structure(list(c("-1", "-2", "-3", "0", 
    "1", NA), c("A", "C", NA)), .Names = c("", "")), class = "table"),