Result <-
list(AKMmono02_SNP1 = structure(c(0L, 0L, 0L, 1L, 0L, 0L, 1L, 
0L, 0L, 0L, 1L, 0L, 0L, 0L, 307L, 29L, 12L, 2441L, 89L, 1L, 67L, 
4L, 1L, 0L, 86L, 0L, 0L, 0L), .Dim = c(7L, 4L), .Dimnames = structure(list(
    c("-1", "-2", "-3", "0", "1", "2", NA), c("C", "G", "T", 
    NA)), .Names = c("", "")), class = "table"), AKMmono03_SNP1 = structure(c(846L, 
147L, 31L, 7407L, 166L, 3L, 131L, 0L, 0L, 0L, 2L, 0L, 0L, 1L, 
0L, 0L, 0L, 1L, 0L, 0L, 0L, 0L, 0L, 0L, 2L, 0L, 0L, 0L, 38L, 
9L, 2L, 687L, 10L, 0L, 0L), .Dim = c(7L, 5L), .Dimnames = structure(list(
    c("-1", "-2", "-3", "0", "1", "2", NA), c("A", "C", "G", 
    "T", NA)), .Names = c("", "")), class = "table"), AKMmono05_SNP1 = structure(c(577L, 
123L, 17L, 2L, 3925L, 169L, 3L, 109L, 1L, 0L, 0L, 0L, 3L, 0L, 
0L, 0L, 0L, 1L, 0L, 0L, 2L, 0L, 0L, 0L, 0L, 0L, 0L, 0L, 1L, 0L, 
0L, 0L, 30L, 3L, 0L, 0L, 409L, 15L, 1L, 0L), .Dim = c(8L, 5L), .Dimnames = structure(list(
    c("-1", "-2", "-3", "-4", "0", "1", "2", NA), c("A", "C", 
    "G", "T", NA)), .Names = c("", "")), class = "table"), AKMmono11_SNP1 = structure(c(1L, 
0L, 0L, 5L, 0L, 0L, 0L, 0L, 0L, 0L, 3L, 0L, 0L, 0L, 864L, 59L, 
23L, 6529L, 157L, 7L, 197L, 125L, 3L, 1L, 1032L, 37L, 1L, 0L), .Dim = c(7L, 
4L), .Dimnames = structure(list(c("-1", "-2", "-3", "0", "1", 
"2", NA), c("A", "C", "T", NA)), .Names = c("", "")), class = "table"), 
    AKMmono12_SNP1 = structure(c(0L, 0L, 0L, 2L, 0L, 0L, 0L, 
    760L, 92L, 13L, 4274L, 128L, 3L, 80L, 0L, 0L, 0L, 1L, 0L, 
    0L, 0L, 22L, 1L, 0L, 334L, 4L, 0L, 0L), .Dim = c(7L, 4L), .Dimnames = structure(list(
        c("-1", "-2", "-3", "0", "1", "2", NA), c("A", "C", "T", 
        NA)), .Names = c("", "")), class = "table"), AKMmono13_SNP1 = structure(c(270L, 
    95L, 12L, 4133L, 154L, 5L, 63L, 0L, 0L, 0L, 0L, 1L, 0L, 0L, 
    0L, 0L, 0L, 0L, 0L, 1L, 0L, 6L, 4L, 0L, 305L, 10L, 0L, 0L
    ), .Dim = c(7L, 4L), .Dimnames = structure(list(c("-1", "-2", 
    "-3", "0", "1", "2", NA), c("A", "G", "T", NA)), .Names = c("", 
    "")), class = "table"), AKMmono16_SNP1 = structure(c(402L, 
    26L, 16L, 3692L, 99L, 5L, 55L, 0L, 0L, 0L, 1L, 0L, 0L, 0L, 
    1L, 0L, 0L, 1L, 0L, 0L, 0L, 11L, 0L, 0L, 282L, 2L, 0L, 0L
    ), .Dim = c(7L, 4L), .Dimnames = structure(list(c("-1", "-2", 
    "-3", "0", "1", "2", NA), c("A", "G", "T", NA)), .Names = c("", 
    "")), class = "table"), AKMmono22_SNP1 = structure(c(856L, 
    210L, 23L, 3L, 2034L, 149L, 10L, 1L, 329L, 53L, 9L, 1L, 1L, 
    225L, 8L, 1L, 0L, 0L), .Dim = c(9L, 2L), .Dimnames = structure(list(
        c("-1", "-2", "-3", "-4", "0", "1", "2", "3", NA), c("A", 
        NA)), .Names = c("", "")), class = "table"), EJmono05_SNP1 = structure(c(0L, 
    0L, 0L, 1L, 0L, 0L, 0L, 0L, 0L, 1L, 0L, 0L, 0L, 0L, 491L, 
    47L, 1L, 3880L, 95L, 0L, 68L, 9L, 2L, 0L, 177L, 4L, 1L, 0L
    ), .Dim = c(7L, 4L), .Dimnames = structure(list(c("-1", "-2", 
    "-3", "0", "1", "2", NA), c("-", "C", "T", NA)), .Names = c("", 
    "")), class = "table"), EJmono16_SNP1 = structure(c(319L, 
    18L, 3L, 5416L, 258L, 11L, 1L, 385L, 0L, 0L, 0L, 1L, 0L, 
    0L, 0L, 0L, 2L, 0L, 0L, 135L, 3L, 0L, 0L, 0L), .Dim = c(8L, 
    3L), .Dimnames = structure(list(c("-1", "-2", "-3", "0", 
    "1", "2", "3", NA), c("A", "C", NA)), .Names = c("", "")), class = "table"), 
    LMmono01_SNP1 = structure(c(438L, 63L, 1L, 3384L, 68L, 0L, 
    69L, 0L, 0L, 0L, 1L, 0L, 0L, 0L, 21L, 0L, 0L, 290L, 11L, 
    1L, 0L), .Dim = c(7L, 3L), .Dimnames = structure(list(c("-1", 
    "-2", "-3", "0", "1", "2", NA), c("A", "G", NA)), .Names = c("", 
    "")), class = "table"), LMmono03_SNP1 = structure(c(0L, 0L, 
    0L, 0L, 0L, 2L, 0L, 0L, 0L, 363L, 64L, 28L, 1L, 1L, 1529L, 
    79L, 4L, 71L, 0L, 0L, 0L, 0L, 0L, 1L, 0L, 0L, 0L, 16L, 0L, 
    0L, 0L, 0L, 212L, 3L, 1L, 0L), .Dim = c(9L, 4L), .Dimnames = structure(list(
        c("-1", "-2", "-3", "-4", "-5", "0", "1", "2", NA), c("A", 
        "C", "T", NA)), .Names = c("", "")), class = "table"), 
    LMmono09_SNP1 = structure(c(0L, 0L, 0L, 0L, 0L, 0L, 2L, 0L, 
    0L, 0L, 0L, 0L, 1L, 0L, 0L, 0L, 0L, 0L, 0L, 0L, 0L, 0L, 919L, 
    65L, 57L, 1L, 6L, 1L, 7308L, 296L, 5L, 1L, 226L, 1L, 1L, 
    0L, 0L, 0L, 0L, 129L, 0L, 0L, 0L, 0L), .Dim = c(11L, 4L), .Dimnames = structure(list(
        c("-1", "-2", "-3", "-4", "-5", "-6", "0", "1", "2", 
        "3", NA), c("A", "C", "T", NA)), .Names = c("", "")), class = "table"), 
    LMmono12_SNP1 = structure(c(582L, 54L, 25L, 9L, 2796L, 235L, 
    14L, 1L, 119L, 0L, 0L, 0L, 0L, 2L, 0L, 0L, 0L, 0L, 21L, 4L, 
    0L, 0L, 321L, 4L, 3L, 0L, 0L), .Dim = c(9L, 3L), .Dimnames = structure(list(
        c("-1", "-2", "-3", "-4", "0", "1", "2", "3", NA), c("A", 
        "T", NA)), .Names = c("", "")), class = "table"), LMmono16_SNP1 = structure(c(1065L, 
    98L, 28L, 1L, 3833L, 302L, 17L, 5L, 2L, 180L, 0L, 0L, 0L, 
    0L, 1L, 0L, 0L, 0L, 0L, 0L, 0L, 0L, 0L, 0L, 1L, 0L, 0L, 0L, 
    0L, 0L, 35L, 4L, 2L, 0L, 596L, 25L, 2L, 0L, 0L, 0L), .Dim = c(10L, 
    4L), .Dimnames = structure(list(c("-1", "-2", "-3", "-4", 
    "0", "1", "2", "3", "5", NA), c("A", "C", "T", NA)), .Names = c("", 
    "")), class = "table"), MSJmono10_SNP1 = structure(c(250L, 
    9L, 1L, 3488L, 138L, 2L, 33L, 13L, 2L, 0L, 233L, 4L, 0L, 
    0L), .Dim = c(7L, 2L), .Dimnames = structure(list(c("-1", 
    "-2", "-3", "0", "1", "2", NA), c("C", NA)), .Names = c("", 
    "")), class = "table"), MSJmono19ms1_SNP1 = structure(c(0L, 
    0L, 0L, 0L, 1L, 0L, 0L, 0L, 536L, 30L, 6L, 1L, 11398L, 338L, 
    5L, 573L, 2L, 0L, 0L, 0L, 32L, 2L, 0L, 3L, 0L, 0L, 0L, 0L, 
    3L, 0L, 0L, 0L, 0L, 0L, 0L, 0L, 5L, 0L, 0L, 0L, 54L, 2L, 
    0L, 0L, 1790L, 45L, 0L, 0L), .Dim = c(8L, 6L), .Dimnames = structure(list(
        c("-1", "-2", "-3", "-5", "0", "1", "2", NA), c("-", 
        "A", "C", "G", "T", NA)), .Names = c("", "")), class = "table"), 
    MSJmono19ms2_SNP1 = structure(c(0L, 0L, 3L, 0L, 0L, 0L, 629L, 
    9L, 11945L, 177L, 5L, 163L, 5L, 0L, 987L, 2L, 0L, 0L), .Dim = c(6L, 
    3L), .Dimnames = structure(list(c("-1", "-2", "0", "1", "2", 
    NA), c("A", "C", NA)), .Names = c("", "")), class = "table"), 
    MSJmono36_SNP1 = structure(c(0L, 0L, 0L, 0L, 3L, 0L, 0L, 
    0L, 559L, 26L, 2L, 16L, 8535L, 252L, 12L, 200L, 0L, 0L, 0L, 
    0L, 1L, 1L, 0L, 0L, 6L, 0L, 1L, 0L, 301L, 3L, 0L, 0L), .Dim = c(8L, 
    4L), .Dimnames = structure(list(c("-1", "-2", "-3", "-5", 
    "0", "1", "2", NA), c("A", "G", "T", NA)), .Names = c("", 
    "")), class = "table"), MSJmono44_SNP1 = structure(c(397L, 
    25L, 4101L, 138L, 1L, 31L, 6L, 1L, 206L, 0L, 0L, 0L), .Dim = c(6L, 
    2L), .Dimnames = structure(list(c("-1", "-2", "0", "1", "2", 
    NA), c("T", NA)), .Names = c("", "")), class = "table"), 
    MSJmono46_SNP1 = structure(c(1L, 0L, 0L, 0L, 0L, 0L, 0L, 
    0L, 280L, 40L, 9L, 11L, 1274L, 95L, 3L, 57L, 28L, 3L, 0L, 
    2L, 344L, 19L, 1L, 0L), .Dim = c(8L, 3L), .Dimnames = structure(list(
        c("-1", "-2", "-3", "-4", "0", "1", "2", NA), c("A", 
        "C", NA)), .Names = c("", "")), class = "table"), LMmono04v2_SNP1 = structure(c(281L, 
    14L, 2L, 1L, 1989L, 88L, 7L, 26L, 6L, 1L, 0L, 0L, 112L, 9L, 
    0L, 0L), .Dim = c(8L, 2L), .Dimnames = structure(list(c("-1", 
    "-2", "-3", "-4", "0", "1", "2", NA), c("C", NA)), .Names = c("", 
    "")), class = "table"), AKMmono01v2_SNP1 = structure(c(2L, 
    0L, 0L, 0L, 0L, 1L, 0L, 0L, 1L, 0L, 0L, 0L, 234L, 59L, 2737L, 
    71L, 4L, 28L, 8L, 2L, 220L, 3L, 0L, 0L), .Dim = c(6L, 4L), .Dimnames = structure(list(
        c("-1", "-2", "0", "1", "2", NA), c("C", "G", "T", NA
        )), .Names = c("", "")), class = "table"), AKMmono10v2_SNP1 = structure(c(77L, 
    3L, 1057L, 22L, 6L, 36L, 13L, 332L, 6L, 4L, 2L, 0L, 69L, 
    2L, 0L), .Dim = c(5L, 3L), .Dimnames = structure(list(c("-1", 
    "-2", "0", "1", NA), c("A", "G", NA)), .Names = c("", "")), class = "table"), 
    AKMmono17v2_SNP1 = structure(c(10L, 15L, 124L, 5L, 3L, 26L, 
    0L, 426L, 16L, 5L, 1L, 0L, 31L, 1L, 0L), .Dim = c(5L, 3L),