Result <-
list(AKMmono02_SNP1 = structure(c(0L, 0L, 0L, 1L, 0L, 0L, 0L, 
0L, 0L, 1L, 0L, 0L, 285L, 14L, 2L, 3184L, 92L, 87L, 3L, 2L, 0L, 
122L, 1L, 0L), .Dim = c(6L, 4L), .Dimnames = structure(list(c("-1", 
"-2", "-3", "0", "1", NA), c("A", "G", "T", NA)), .Names = c("", 
"")), class = "table"), AKMmono03_SNP1 = structure(c(632L, 92L, 
21L, 5598L, 99L, 1L, 1L, 83L, 0L, 0L, 0L, 3L, 0L, 0L, 0L, 0L, 
0L, 0L, 0L, 2L, 0L, 0L, 0L, 0L, 32L, 9L, 0L, 610L, 7L, 0L, 0L, 
0L), .Dim = c(8L, 4L), .Dimnames = structure(list(c("-1", "-2", 
"-3", "0", "1", "2", "3", NA), c("A", "C", "T", NA)), .Names = c("", 
"")), class = "table"), AKMmono05_SNP1 = structure(c(520L, 53L, 
8L, 1L, 3524L, 145L, 2L, 99L, 0L, 0L, 0L, 0L, 3L, 0L, 0L, 0L, 
0L, 0L, 0L, 0L, 1L, 0L, 0L, 0L, 1L, 0L, 0L, 0L, 0L, 0L, 0L, 0L, 
29L, 0L, 0L, 0L, 338L, 10L, 1L, 0L), .Dim = c(8L, 5L), .Dimnames = structure(list(
    c("-1", "-2", "-3", "-4", "0", "1", "2", NA), c("A", "C", 
    "G", "T", NA)), .Names = c("", "")), class = "table"), AKMmono11_SNP1 = structure(c(1L, 
0L, 0L, 3L, 0L, 1L, 0L, 0L, 0L, 1L, 0L, 0L, 0L, 0L, 0L, 2L, 0L, 
0L, 593L, 38L, 5L, 5440L, 113L, 145L, 71L, 3L, 0L, 837L, 27L, 
0L), .Dim = 6:5, .Dimnames = structure(list(c("-1", "-2", "-3", 
"0", "1", NA), c("A", "C", "G", "T", NA)), .Names = c("", "")), class = "table"), 
    AKMmono12_SNP1 = structure(c(495L, 33L, 2L, 3458L, 89L, 1L, 
    66L, 0L, 0L, 0L, 1L, 0L, 0L, 0L, 0L, 0L, 0L, 1L, 0L, 0L, 
    0L, 15L, 3L, 0L, 242L, 3L, 0L, 0L), .Dim = c(7L, 4L), .Dimnames = structure(list(
        c("-1", "-2", "-3", "0", "1", "2", NA), c("C", "G", "T", 
        NA)), .Names = c("", "")), class = "table"), AKMmono13_SNP1 = structure(c(273L, 
    21L, 5L, 4716L, 115L, 2L, 57L, 0L, 0L, 0L, 1L, 0L, 0L, 0L, 
    10L, 0L, 0L, 346L, 5L, 0L, 0L), .Dim = c(7L, 3L), .Dimnames = structure(list(
        c("-1", "-2", "-3", "0", "1", "2", NA), c("A", "G", NA
        )), .Names = c("", "")), class = "table"), AKMmono16_SNP1 = structure(c(384L, 
    28L, 4359L, 88L, 3L, 39L, 0L, 0L, 1L, 0L, 0L, 0L, 0L, 0L, 
    1L, 0L, 0L, 0L, 16L, 2L, 301L, 4L, 0L, 0L), .Dim = c(6L, 
    4L), .Dimnames = structure(list(c("-1", "-2", "0", "1", "2", 
    NA), c("A", "G", "T", NA)), .Names = c("", "")), class = "table"), 
    AKMmono22_SNP1 = structure(c(425L, 63L, 8L, 23L, 2L, 2913L, 
    122L, 12L, 196L, 0L, 0L, 0L, 0L, 0L, 1L, 0L, 0L, 0L, 0L, 
    0L, 0L, 0L, 0L, 3L, 0L, 0L, 0L, 15L, 2L, 1L, 0L, 0L, 313L, 
    7L, 1L, 0L), .Dim = c(9L, 4L), .Dimnames = structure(list(
        c("-1", "-2", "-3", "-4", "-5", "0", "1", "2", NA), c("A", 
        "C", "T", NA)), .Names = c("", "")), class = "table"), 
    EJmono05_SNP1 = structure(c(0L, 0L, 1L, 0L, 0L, 0L, 396L, 
    27L, 3854L, 91L, 4L, 54L, 4L, 1L, 178L, 2L, 0L, 0L), .Dim = c(6L, 
    3L), .Dimnames = structure(list(c("-1", "-2", "0", "1", "2", 
    NA), c("G", "T", NA)), .Names = c("", "")), class = "table"), 
    EJmono16_SNP1 = structure(c(180L, 15L, 3441L, 111L, 3L, 237L, 
    1L, 1L, 80L, 2L, 0L, 0L), .Dim = c(6L, 2L), .Dimnames = structure(list(
        c("-1", "-2", "0", "1", "2", NA), c("A", NA)), .Names = c("", 
    "")), class = "table"), LMmono01_SNP1 = structure(c(176L, 
    1664L, 6L, 0L, 1573L, 23L, 1L, 86L, 0L, 0L, 0L, 0L, 2L, 0L, 
    0L, 0L, 0L, 0L, 0L, 0L, 1L, 0L, 0L, 0L, 3L, 24L, 0L, 1L, 
    132L, 4L, 0L, 0L), .Dim = c(8L, 4L), .Dimnames = structure(list(
        c("-1", "-2", "-3", "-4", "0", "1", "2", NA), c("A", 
        "C", "G", NA)), .Names = c("", "")), class = "table"), 
    LMmono03_SNP1 = structure(c(0L, 0L, 0L, 2L, 0L, 0L, 0L, 434L, 
    57L, 9L, 1978L, 75L, 2L, 69L, 12L, 2L, 0L, 305L, 4L, 0L, 
    0L), .Dim = c(7L, 3L), .Dimnames = structure(list(c("-1", 
    "-2", "-3", "0", "1", "2", NA), c("A", "C", NA)), .Names = c("", 
    "")), class = "table"), LMmono09_SNP1 = structure(c(0L, 0L, 
    0L, 0L, 1L, 0L, 0L, 0L, 1353L, 164L, 6L, 12L, 7440L, 308L, 
    19L, 200L, 16L, 1L, 0L, 0L, 128L, 4L, 0L, 0L), .Dim = c(8L, 
    3L), .Dimnames = structure(list(c("-1", "-2", "-3", "-4", 
    "0", "1", "2", NA), c("G", "T", NA)), .Names = c("", "")), class = "table"), 
    LMmono12_SNP1 = structure(c(437L, 32L, 4L, 2437L, 168L, 7L, 
    72L, 0L, 0L, 0L, 1L, 0L, 0L, 0L, 0L, 0L, 0L, 1L, 0L, 0L, 
    0L, 19L, 2L, 0L, 302L, 6L, 0L, 0L), .Dim = c(7L, 4L), .Dimnames = structure(list(
        c("-1", "-2", "-3", "0", "1", "2", NA), c("A", "G", "T", 
        NA)), .Names = c("", "")), class = "table"), LMmono16_SNP1 = structure(c(347L, 
    49L, 5L, 1L, 3036L, 110L, 6L, 349L, 1L, 105L, 5L, 265L, 0L, 
    0L, 0L, 0L, 1L, 0L, 0L, 0L, 0L, 0L, 0L, 0L, 0L, 0L, 0L, 0L, 
    1L, 0L, 0L, 0L, 0L, 0L, 0L, 0L, 9L, 4L, 0L, 0L, 531L, 9L, 
    0L, 20L, 1L, 15L, 0L, 0L), .Dim = c(12L, 4L), .Dimnames = structure(list(
        c("-1", "-2", "-3", "-5", "0", "1", "2", "3", "4", "5", 
        "6", NA), c("A", "C", "T", NA)), .Names = c("", "")), class = "table"), 
    MSJmono10_SNP1 = structure(c(0L, 0L, 4L, 0L, 0L, 0L, 200L, 
    8L, 3576L, 113L, 4L, 26L, 0L, 0L, 2L, 0L, 0L, 0L, 9L, 0L, 
    227L, 7L, 1L, 0L), .Dim = c(6L, 4L), .Dimnames = structure(list(
        c("-1", "-2", "0", "1", "2", NA), c("A", "C", "T", NA
        )), .Names = c("", "")), class = "table"), MSJmono19ms1_SNP1 = structure(c(160L, 
    8L, 1L, 2L, 4072L, 75L, 2L, 199L, 0L, 0L, 0L, 0L, 9L, 0L, 
    0L, 2L, 0L, 0L, 0L, 0L, 5L, 0L, 0L, 0L, 17L, 2L, 0L, 0L, 
    660L, 18L, 0L, 0L), .Dim = c(8L, 4L), .Dimnames = structure(list(
        c("-1", "-2", "-3", "-4", "0", "1", "2", NA), c("A", 
        "C", "T", NA)), .Names = c("", "")), class = "table"), 
    MSJmono19ms2_SNP1 = structure(c(225L, 4L, 4225L, 52L, 4L, 
    59L, 0L, 0L, 1L, 0L, 0L, 0L, 3L, 1L, 333L, 1L, 0L, 0L), .Dim = c(6L, 
    3L), .Dimnames = structure(list(c("-1", "-2", "0", "1", "2", 
    NA), c("C", "T", NA)), .Names = c("", "")), class = "table"), 
    MSJmono36_SNP1 = structure(c(0L, 0L, 0L, 3L, 0L, 0L, 0L, 
    287L, 17L, 1L, 4882L, 118L, 4L, 87L, 0L, 0L, 0L, 1L, 0L, 
    0L, 0L, 1L, 0L, 0L, 189L, 1L, 0L, 0L), .Dim = c(7L, 4L), .Dimnames = structure(list(
        c("-1", "-2", "-3", "0", "1", "2", NA), c("A", "G", "T", 
        NA)), .Names = c("", "")), class = "table"), MSJmono44_SNP1 = structure(c(0L, 
    0L, 0L, 0L, 0L, 0L, 3L, 0L, 176L, 6L, 5L, 2747L, 44L, 1L, 
    0L, 20L, 2L, 0L, 0L, 124L, 0L, 0L, 0L, 0L), .Dim = c(8L, 
    3L), .Dimnames = structure(list(c("-1", "-2", "-6", "0", 
    "1", "2", "5", NA), c("-", "T", NA)), .Names = c("", "")), class = "table"), 
    MSJmono46_SNP1 = structure(c(413L, 41L, 4L, 1L, 1L, 1837L, 
    129L, 5L, 1L, 70L, 48L, 3L, 0L, 0L, 0L, 516L, 21L, 0L, 0L, 
    0L), .Dim = c(10L, 2L), .Dimnames = structure(list(c("-1", 
    "-2", "-3", "-4", "-5", "0", "1", "2", "3", NA), c("C", NA
    )), .Names = c("", "")), class = "table"), LMmono04v2_SNP1 = structure(c(291L, 
    8L, 2L, 2338L, 113L, 4L, 19L, 0L, 0L, 0L, 1L, 0L, 0L, 0L, 
    7L, 0L, 0L, 115L, 5L, 0L, 0L), .Dim = c(7L, 3L), .Dimnames = structure(list(
        c("-1", "-2", "-3", "0", "1", "2", NA), c("C", "T", NA
        )), .Names = c("", "")), class = "table"), AKMmono01v2_SNP1 = structure(c(0L, 
    0L, 1L, 0L, 0L, 0L, 2L, 0L, 1L, 0L, 0L, 0L, 0L, 0L, 1L, 0L, 
    0L, 0L, 255L, 14L, 3242L, 66L, 1L, 30L, 12L, 0L, 271L, 3L, 
    1L, 0L), .Dim = 6:5, .Dimnames = structure(list(c("-1", "-2", 
    "0", "1", "2", NA), c("A", "C", "G", "T", NA)), .Names = c("", 
    "")), class = "table"), AKMmono10v2_SNP1 = structure(c(64L, 
    2L, 0L, 1233L, 25L, 8L, 56L, 0L, 2L, 1300L, 21L, 5L, 3L, 
    0L, 0L, 130L, 4L, 0L), .Dim = c(6L, 3L), .Dimnames = structure(list(
        c("-1", "-2", "-3", "0", "1", NA), c("A", "G", NA)), .Names = c("", 
    "")), class = "table"), AKMmono17v2_SNP1 = structure(c(1L, 
    0L, 0L, 22L, 0L, 1L, 52L, 11L, 1L, 901L, 12L, 10L, 0L, 0L, 
    0L, 32L, 1L, 0L), .Dim = c(6L, 3L), .Dimnames = structure(list(
        c("-1", "-2", "-3", "0", "1", NA), c("A", "C", NA)), .Names = c("", 
    "")), class = "table"),