Result <-
list(AKMmono02_SNP1 = structure(c(0L, 0L, 1L, 0L, 0L, 0L, 0L, 
0L, 1L, 0L, 0L, 0L, 202L, 28L, 2192L, 89L, 4L, 50L, 2L, 0L, 96L, 
0L, 0L, 0L), .Dim = c(6L, 4L), .Dimnames = structure(list(c("-1", 
"-2", "0", "1", "2", NA), c("A", "C", "T", NA)), .Names = c("", 
"")), class = "table"), AKMmono03_SNP1 = structure(c(0L, 0L, 
0L, 0L, 1L, 0L, 0L, 0L, 491L, 67L, 7L, 3L, 4399L, 76L, 1L, 76L, 
0L, 0L, 0L, 0L, 2L, 0L, 0L, 0L, 0L, 0L, 0L, 0L, 1L, 0L, 0L, 0L, 
25L, 6L, 0L, 0L, 404L, 8L, 0L, 0L), .Dim = c(8L, 5L), .Dimnames = structure(list(
    c("-1", "-2", "-3", "-4", "0", "1", "2", NA), c("-", "A", 
    "C", "T", NA)), .Names = c("", "")), class = "table"), AKMmono05_SNP1 = structure(c(430L, 
70L, 14L, 2L, 2728L, 114L, 4L, 83L, 0L, 0L, 0L, 0L, 1L, 0L, 0L, 
0L, 0L, 0L, 0L, 0L, 1L, 0L, 0L, 0L, 24L, 2L, 0L, 0L, 286L, 13L, 
0L, 0L), .Dim = c(8L, 4L), .Dimnames = structure(list(c("-1", 
"-2", "-3", "-4", "0", "1", "2", NA), c("A", "C", "G", NA)), .Names = c("", 
"")), class = "table"), AKMmono11_SNP1 = structure(c(0L, 0L, 
0L, 1L, 0L, 0L, 0L, 0L, 0L, 0L, 4L, 0L, 0L, 0L, 0L, 0L, 0L, 1L, 
0L, 0L, 0L, 540L, 38L, 1L, 4825L, 108L, 2L, 117L, 76L, 0L, 1L, 
764L, 23L, 2L, 0L), .Dim = c(7L, 5L), .Dimnames = structure(list(
    c("-1", "-2", "-3", "0", "1", "2", NA), c("-", "A", "G", 
    "T", NA)), .Names = c("", "")), class = "table"), AKMmono12_SNP1 = structure(c(0L, 
0L, 0L, 1L, 0L, 0L, 383L, 32L, 2746L, 55L, 4L, 43L, 0L, 0L, 1L, 
0L, 0L, 0L, 14L, 0L, 223L, 1L, 0L, 0L), .Dim = c(6L, 4L), .Dimnames = structure(list(
    c("-1", "-2", "0", "1", "2", NA), c("A", "C", "T", NA)), .Names = c("", 
"")), class = "table"), AKMmono13_SNP1 = structure(c(263L, 15L, 
2L, 4257L, 109L, 2L, 1L, 61L, 9L, 1L, 0L, 313L, 8L, 0L, 0L, 0L
), .Dim = c(8L, 2L), .Dimnames = structure(list(c("-1", "-2", 
"-3", "0", "1", "2", "3", NA), c("A", NA)), .Names = c("", ""
)), class = "table"), AKMmono16_SNP1 = structure(c(339L, 16L, 
1L, 3251L, 72L, 40L, 0L, 0L, 0L, 1L, 0L, 0L, 0L, 0L, 0L, 2L, 
0L, 0L, 13L, 0L, 0L, 221L, 3L, 0L), .Dim = c(6L, 4L), .Dimnames = structure(list(
    c("-1", "-2", "-3", "0", "1", NA), c("A", "G", "T", NA)), .Names = c("", 
"")), class = "table"), AKMmono22_SNP1 = structure(c(0L, 0L, 
0L, 0L, 1L, 0L, 0L, 0L, 277L, 52L, 9L, 1L, 2185L, 91L, 3L, 130L, 
0L, 0L, 0L, 0L, 2L, 0L, 0L, 0L, 0L, 0L, 0L, 0L, 1L, 0L, 0L, 0L, 
19L, 1L, 0L, 0L, 260L, 6L, 0L, 0L), .Dim = c(8L, 5L), .Dimnames = structure(list(
    c("-1", "-2", "-3", "-4", "0", "1", "2", NA), c("-", "A", 
    "G", "T", NA)), .Names = c("", "")), class = "table"), EJmono05_SNP1 = structure(c(0L, 
0L, 0L, 1L, 0L, 0L, 273L, 19L, 2L, 2756L, 47L, 43L, 4L, 0L, 0L, 
104L, 1L, 0L), .Dim = c(6L, 3L), .Dimnames = structure(list(c("-1", 
"-2", "-3", "0", "1", NA), c("A", "T", NA)), .Names = c("", ""
)), class = "table"), EJmono16_SNP1 = structure(c(155L, 6L, 1L, 
3010L, 109L, 2L, 174L, 0L, 0L, 0L, 60L, 1L, 1L, 0L), .Dim = c(7L, 
2L), .Dimnames = structure(list(c("-1", "-2", "-3", "0", "1", 
"2", NA), c("A", NA)), .Names = c("", "")), class = "table"), 
    LMmono01_SNP1 = structure(c(311L, 16L, 1L, 1L, 2760L, 40L, 
    1L, 48L, 0L, 0L, 0L, 0L, 2L, 0L, 0L, 0L, 15L, 1L, 0L, 0L, 
    224L, 3L, 0L, 0L), .Dim = c(8L, 3L), .Dimnames = structure(list(
        c("-1", "-2", "-3", "-4", "0", "1", "2", NA), c("A", 
        "T", NA)), .Names = c("", "")), class = "table"), LMmono03_SNP1 = structure(c(0L, 
    0L, 0L, 1L, 0L, 0L, 0L, 337L, 53L, 6L, 1424L, 38L, 2L, 49L, 
    0L, 0L, 0L, 1L, 0L, 0L, 0L, 10L, 1L, 0L, 204L, 1L, 0L, 0L
    ), .Dim = c(7L, 4L), .Dimnames = structure(list(c("-1", "-2", 
    "-3", "0", "1", "2", NA), c("A", "C", "T", NA)), .Names = c("", 
    "")), class = "table"), LMmono09_SNP1 = structure(c(1167L, 
    159L, 11L, 1L, 7040L, 289L, 11L, 1L, 198L, 14L, 1L, 0L, 0L, 
    127L, 4L, 0L, 0L, 0L), .Dim = c(9L, 2L), .Dimnames = structure(list(
        c("-1", "-2", "-3", "-6", "0", "1", "2", "3", NA), c("T", 
        NA)), .Names = c("", "")), class = "table"), LMmono12_SNP1 = structure(c(448L, 
    32L, 2L, 2217L, 182L, 12L, 88L, 1L, 0L, 0L, 0L, 0L, 0L, 0L, 
    18L, 1L, 0L, 281L, 9L, 1L, 0L), .Dim = c(7L, 3L), .Dimnames = structure(list(
        c("-1", "-2", "-3", "0", "1", "2", NA), c("A", "G", NA
        )), .Names = c("", "")), class = "table"), LMmono16_SNP1 = structure(c(395L, 
    40L, 1L, 2829L, 122L, 7L, 286L, 3L, 108L, 8L, 194L, 0L, 0L, 
    0L, 1L, 0L, 0L, 0L, 0L, 0L, 0L, 0L, 0L, 0L, 0L, 2L, 0L, 0L, 
    0L, 0L, 0L, 0L, 0L, 10L, 2L, 0L, 480L, 7L, 0L, 13L, 0L, 8L, 
    3L, 0L), .Dim = c(11L, 4L), .Dimnames = structure(list(c("-1", 
    "-2", "-4", "0", "1", "2", "3", "4", "5", "6", NA), c("A", 
    "C", "T", NA)), .Names = c("", "")), class = "table"), MSJmono10_SNP1 = structure(c(0L, 
    0L, 1L, 0L, 0L, 0L, 225L, 3L, 3487L, 103L, 4L, 38L, 8L, 0L, 
    202L, 5L, 0L, 0L), .Dim = c(6L, 3L), .Dimnames = structure(list(
        c("-1", "-2", "0", "1", "2", NA), c("A", "C", NA)), .Names = c("", 
    "")), class = "table"), MSJmono19ms1_SNP1 = structure(c(145L, 
    12L, 1L, 3777L, 83L, 4L, 182L, 0L, 0L, 0L, 14L, 0L, 0L, 2L, 
    0L, 0L, 0L, 6L, 0L, 0L, 0L, 16L, 1L, 0L, 570L, 14L, 0L, 0L
    ), .Dim = c(7L, 4L), .Dimnames = structure(list(c("-1", "-2", 
    "-3", "0", "1", "2", NA), c("A", "C", "T", NA)), .Names = c("", 
    "")), class = "table"), MSJmono19ms2_SNP1 = structure(c(195L, 
    2L, 3914L, 49L, 1L, 49L, 3L, 0L, 349L, 1L, 0L, 0L), .Dim = c(6L, 
    2L), .Dimnames = structure(list(c("-1", "-2", "0", "1", "2", 
    NA), c("C", NA)), .Names = c("", "")), class = "table"), 
    MSJmono36_SNP1 = structure(c(222L, 12L, 3431L, 64L, 66L, 
    0L, 0L, 2L, 0L, 0L, 4L, 0L, 114L, 0L, 0L), .Dim = c(5L, 3L
    ), .Dimnames = structure(list(c("-1", "-2", "0", "1", NA), 
        c("G", "T", NA)), .Names = c("", "")), class = "table"), 
    MSJmono44_SNP1 = structure(c(0L, 0L, 0L, 1L, 0L, 0L, 0L, 
    124L, 3L, 1L, 2272L, 33L, 2L, 9L, 2L, 0L, 0L, 102L, 0L, 0L, 
    0L), .Dim = c(7L, 3L), .Dimnames = structure(list(c("-1", 
    "-2", "-3", "0", "1", "2", NA), c("G", "T", NA)), .Names = c("", 
    "")), class = "table"), MSJmono46_SNP1 = structure(c(0L, 
    0L, 1L, 0L, 0L, 0L, 0L, 294L, 26L, 1530L, 113L, 3L, 2L, 61L, 
    43L, 3L, 426L, 17L, 0L, 0L, 0L), .Dim = c(7L, 3L), .Dimnames = structure(list(
        c("-1", "-2", "0", "1", "2", "3", NA), c("A", "C", NA
        )), .Names = c("", "")), class = "table"), LMmono04v2_SNP1 = structure(c(199L, 
    12L, 1804L, 66L, 4L, 14L, 5L, 0L, 104L, 2L, 0L, 0L), .Dim = c(6L, 
    2L), .Dimnames = structure(list(c("-1", "-2", "0", "1", "2", 
    NA), c("C", NA)), .Names = c("", "")), class = "table"), 
    AKMmono01v2_SNP1 = structure(c(0L, 0L, 0L, 1L, 0L, 0L, 0L, 
    0L, 0L, 0L, 1L, 0L, 0L, 0L, 0L, 0L, 0L, 1L, 0L, 0L, 0L, 167L, 
    7L, 2L, 2351L, 54L, 2L, 22L, 8L, 2L, 0L, 201L, 7L, 0L, 0L
    ), .Dim = c(7L, 5L), .Dimnames = structure(list(c("-1", "-2", 
    "-3", "0", "1", "2", NA), c("-", "A", "C", "T", NA)), .Names = c("", 
    "")), class = "table"), AKMmono10v2_SNP1 = structure(c(16L, 
    1L, 758L, 6L, 4L, 35L, 0L, 720L, 13L, 3L, 0L, 0L, 79L, 0L, 
    0L), .Dim = c(5L, 3L), .Dimnames = structure(list(c("-1", 
    "-2", "0", "1", NA), c("A", "G", NA)), .Names = c("", "")), class = "table"), 
    AKMmono17v2_SNP1 = structure(c(2L, 0L, 20L, 1L, 0L, 47L, 
    2L, 933L, 15L, 5L, 1L, 0L, 50L, 2L, 0L), .Dim = c(5L, 3L), .Dimnames = structure(list(
        c("-1", "-2", "0", "1", NA), c("A", "C", NA)), .Names = c("", 
    "")), class = "table"), EJmono13v2_SNP1 = structure(c(0L, 
    0L, 9L, 0L, 0L, 77L, 3L, 1298L, 44L, 9L, 2L, 0L, 134L, 0L, 
    0L), .Dim = c(5L, 3L), .Dimnames = structure(list(c("-1", 
    "-2", "0", "1", NA), c("A", "G", NA)), .Names = c("", "")), class = "table"), 
    EJmono21v2_SNP1 = structure(c(51L, 18L, 0L, 488L, 12L, 1L, 
    8L, 36L, 9L, 1L, 409L, 10L, 0L, 8L, 5L, 2L, 0L, 97L, 1L, 
    0L, 0L), .Dim = c(7L, 3L), .Dimnames = structure(list(c("-1", 
    "-2", "-4", "0", "1", "2", NA), c("C", "T", NA)), .Names = c("", 
    "")), class = "table"),