Result <-
list(AKMmono02_SNP1 = structure(c(153L, 5L, 1455L, 34L, 1L, 28L, 
1L, 0L, 45L, 1L, 0L, 0L), .Dim = c(6L, 2L), .Dimnames = structure(list(
    c("-1", "-2", "0", "1", "2", NA), c("T", NA)), .Names = c("", 
"")), class = "table"), AKMmono03_SNP1 = structure(c(619L, 115L, 
25L, 4974L, 108L, 4L, 75L, 0L, 0L, 0L, 4L, 0L, 0L, 0L, 32L, 5L, 
0L, 487L, 7L, 0L, 0L), .Dim = c(7L, 3L), .Dimnames = structure(list(
    c("-1", "-2", "-3", "0", "1", "2", NA), c("A", "C", NA)), .Names = c("", 
"")), class = "table"), AKMmono05_SNP1 = structure(c(607L, 81L, 
15L, 3L, 2L, 3486L, 166L, 3L, 85L, 0L, 0L, 0L, 0L, 0L, 1L, 0L, 
0L, 0L, 0L, 0L, 0L, 0L, 0L, 1L, 0L, 0L, 0L, 33L, 4L, 0L, 0L, 
0L, 377L, 12L, 0L, 0L), .Dim = c(9L, 4L), .Dimnames = structure(list(
    c("-1", "-2", "-3", "-4", "-5", "0", "1", "2", NA), c("A", 
    "G", "T", NA)), .Names = c("", "")), class = "table"), AKMmono11_SNP1 = structure(c(0L, 
0L, 0L, 1L, 0L, 0L, 0L, 575L, 66L, 4L, 4785L, 97L, 1L, 114L, 
70L, 5L, 0L, 714L, 24L, 1L, 0L), .Dim = c(7L, 3L), .Dimnames = structure(list(
    c("-1", "-2", "-3", "0", "1", "2", NA), c("A", "T", NA)), .Names = c("", 
"")), class = "table"), AKMmono12_SNP1 = structure(c(0L, 0L, 
0L, 1L, 0L, 0L, 0L, 383L, 25L, 3L, 2494L, 95L, 2L, 39L, 0L, 0L, 
0L, 1L, 0L, 0L, 0L, 13L, 0L, 0L, 219L, 2L, 0L, 0L), .Dim = c(7L, 
4L), .Dimnames = structure(list(c("-1", "-2", "-3", "0", "1", 
"2", NA), c("A", "C", "T", NA)), .Names = c("", "")), class = "table"), 
    AKMmono13_SNP1 = structure(c(243L, 11L, 1L, 3387L, 118L, 
    3L, 1L, 48L, 0L, 0L, 0L, 1L, 0L, 0L, 0L, 0L, 0L, 0L, 0L, 
    1L, 0L, 0L, 0L, 0L, 8L, 0L, 0L, 229L, 7L, 0L, 0L, 0L), .Dim = c(8L, 
    4L), .Dimnames = structure(list(c("-1", "-2", "-3", "0", 
    "1", "2", "3", NA), c("A", "G", "T", NA)), .Names = c("", 
    "")), class = "table"), AKMmono16_SNP1 = structure(c(248L, 
    28L, 2L, 2315L, 46L, 1L, 27L, 0L, 0L, 0L, 1L, 0L, 0L, 0L, 
    3L, 0L, 0L, 165L, 1L, 0L, 0L), .Dim = c(7L, 3L), .Dimnames = structure(list(
        c("-1", "-2", "-3", "0", "1", "2", NA), c("A", "G", NA
        )), .Names = c("", "")), class = "table"), AKMmono22_SNP1 = structure(c(205L, 
    39L, 4L, 1377L, 69L, 4L, 83L, 0L, 1L, 0L, 0L, 0L, 0L, 0L, 
    0L, 0L, 0L, 0L, 1L, 0L, 0L, 10L, 1L, 0L, 170L, 1L, 0L, 0L
    ), .Dim = c(7L, 4L), .Dimnames = structure(list(c("-1", "-2", 
    "-3", "0", "1", "2", NA), c("A", "C", "T", NA)), .Names = c("", 
    "")), class = "table"), EJmono05_SNP1 = structure(c(0L, 0L, 
    0L, 2L, 0L, 0L, 283L, 25L, 5L, 2333L, 51L, 40L, 3L, 1L, 0L, 
    85L, 2L, 0L), .Dim = c(6L, 3L), .Dimnames = structure(list(
        c("-1", "-2", "-3", "0", "1", NA), c("G", "T", NA)), .Names = c("", 
    "")), class = "table"), EJmono16_SNP1 = structure(c(301L, 
    27L, 1L, 4987L, 244L, 5L, 396L, 0L, 0L, 0L, 1L, 0L, 0L, 0L, 
    5L, 0L, 0L, 101L, 5L, 0L, 0L), .Dim = c(7L, 3L), .Dimnames = structure(list(
        c("-1", "-2", "-3", "0", "1", "2", NA), c("A", "G", NA
        )), .Names = c("", "")), class = "table"), LMmono01_SNP1 = structure(c(202L, 
    18L, 1L, 1675L, 45L, 2L, 31L, 1L, 0L, 0L, 1L, 0L, 0L, 0L, 
    0L, 0L, 0L, 1L, 0L, 0L, 0L, 14L, 0L, 0L, 138L, 1L, 0L, 0L
    ), .Dim = c(7L, 4L), .Dimnames = structure(list(c("-1", "-2", 
    "-3", "0", "1", "2", NA), c("A", "G", "T", NA)), .Names = c("", 
    "")), class = "table"), LMmono03_SNP1 = structure(c(1L, 0L, 
    0L, 0L, 0L, 0L, 0L, 0L, 0L, 285L, 50L, 6L, 1L, 1L, 1299L, 
    49L, 6L, 70L, 0L, 0L, 0L, 0L, 0L, 1L, 0L, 0L, 0L, 12L, 2L, 
    0L, 0L, 0L, 192L, 2L, 0L, 0L), .Dim = c(9L, 4L), .Dimnames = structure(list(
        c("-1", "-2", "-3", "-4", "-5", "0", "1", "2", NA), c("A", 
        "C", "T", NA)), .Names = c("", "")), class = "table"), 
    LMmono09_SNP1 = structure(c(1L, 0L, 0L, 0L, 0L, 0L, 0L, 0L, 
    0L, 796L, 83L, 46L, 2L, 4607L, 201L, 7L, 1L, 155L, 6L, 3L, 
    0L, 0L, 78L, 3L, 0L, 0L, 0L), .Dim = c(9L, 3L), .Dimnames = structure(list(
        c("-1", "-2", "-3", "-4", "0", "1", "2", "3", NA), c("C", 
        "T", NA)), .Names = c("", "")), class = "table"), LMmono12_SNP1 = structure(c(340L, 
    38L, 3L, 1771L, 119L, 11L, 67L, 9L, 0L, 0L, 220L, 7L, 0L, 
    0L), .Dim = c(7L, 2L), .Dimnames = structure(list(c("-1", 
    "-2", "-3", "0", "1", "2", NA), c("A", NA)), .Names = c("", 
    "")), class = "table"), LMmono16_SNP1 = structure(c(331L, 
    39L, 2L, 1L, 2298L, 73L, 7L, 260L, 2L, 108L, 10L, 218L, 0L, 
    0L, 0L, 0L, 0L, 0L, 0L, 0L, 0L, 0L, 0L, 1L, 0L, 0L, 0L, 0L, 
    0L, 1L, 0L, 0L, 0L, 0L, 0L, 0L, 0L, 0L, 0L, 0L, 2L, 0L, 0L, 
    0L, 0L, 0L, 0L, 0L, 10L, 0L, 0L, 0L, 403L, 10L, 0L, 22L, 
    0L, 10L, 0L, 0L), .Dim = c(12L, 5L), .Dimnames = structure(list(
        c("-1", "-2", "-3", "-5", "0", "1", "2", "3", "4", "5", 
        "6", NA), c("A", "C", "G", "T", NA)), .Names = c("", 
    "")), class = "table"), MSJmono10_SNP1 = structure(c(0L, 
    0L, 2L, 0L, 0L, 0L, 154L, 8L, 2113L, 88L, 1L, 19L, 9L, 0L, 
    140L, 6L, 0L, 0L), .Dim = c(6L, 3L), .Dimnames = structure(list(
        c("-1", "-2", "0", "1", "2", NA), c("A", "C", NA)), .Names = c("", 
    "")), class = "table"), MSJmono19ms1_SNP1 = structure(c(0L, 
    0L, 0L, 1L, 0L, 0L, 0L, 443L, 33L, 2L, 9154L, 199L, 8L, 490L, 
    2L, 0L, 0L, 32L, 1L, 0L, 0L, 0L, 0L, 0L, 1L, 0L, 0L, 0L, 
    0L, 0L, 0L, 9L, 0L, 0L, 0L, 55L, 4L, 0L, 1391L, 24L, 0L, 
    0L), .Dim = 7:6, .Dimnames = structure(list(c("-1", "-2", 
    "-3", "0", "1", "2", NA), c("-", "A", "C", "G", "T", NA)), .Names = c("", 
    "")), class = "table"), MSJmono19ms2_SNP1 = structure(c(0L, 
    0L, 1L, 0L, 0L, 0L, 531L, 7L, 9497L, 171L, 1L, 117L, 0L, 
    0L, 1L, 0L, 0L, 0L, 0L, 0L, 1L, 0L, 0L, 0L, 6L, 0L, 785L, 
    1L, 0L, 0L), .Dim = 6:5, .Dimnames = structure(list(c("-1", 
    "-2", "0", "1", "2", NA), c("A", "C", "G", "T", NA)), .Names = c("", 
    "")), class = "table"), MSJmono36_SNP1 = structure(c(304L, 
    15L, 4L, 1L, 4459L, 132L, 3L, 88L, 0L, 0L, 0L, 0L, 1L, 0L, 
    0L, 0L, 5L, 0L, 0L, 0L, 164L, 2L, 0L, 0L), .Dim = c(8L, 3L
    ), .Dimnames = structure(list(c("-1", "-2", "-3", "-4", "0", 
    "1", "2", NA), c("G", "T", NA)), .Names = c("", "")), class = "table"), 
    MSJmono44_SNP1 = structure(c(164L, 4L, 2487L, 55L, 10L, 4L, 
    0L, 113L, 1L, 0L), .Dim = c(5L, 2L), .Dimnames = structure(list(
        c("-1", "-2", "0", "1", NA), c("T", NA)), .Names = c("", 
    "")), class = "table"), MSJmono46_SNP1 = structure(c(0L, 
    0L, 0L, 1L, 0L, 0L, 0L, 0L, 127L, 14L, 2L, 544L, 45L, 1L, 
    0L, 29L, 16L, 1L, 0L, 190L, 11L, 0L, 1L, 0L), .Dim = c(8L, 
    3L), .Dimnames = structure(list(c("-1", "-2", "-3", "0", 
    "1", "2", "3", NA), c("A", "C", NA)), .Names = c("", "")), class = "table"), 
    LMmono04v2_SNP1 = structure(c(261L, 18L, 1928L, 115L, 9L, 
    1L, 25L, 7L, 1L, 118L, 5L, 0L, 0L, 0L), .Dim = c(7L, 2L), .Dimnames = structure(list(
        c("-1", "-2", "0", "1", "2", "3", NA), c("C", NA)), .Names = c("", 
    "")), class = "table"), AKMmono01v2_SNP1 = structure(c(0L, 
    0L, 1L, 0L, 0L, 0L, 13L, 1L, 0L, 0L, 0L, 2L, 161L, 8L, 1652L, 
    47L, 1L, 15L, 13L, 0L, 123L, 1L, 0L, 0L), .Dim = c(6L, 4L
    ), .Dimnames = structure(list(c("-1", "-2", "0", "1", "2", 
    NA), c("-", "C", "T", NA)), .Names = c("", "")), class = "table"), 
    AKMmono10v2_SNP1 = structure(c(4L, 1L, 110L, 2L, 1L, 24L, 
    0L, 430L, 5L, 4L, 0L, 0L, 31L, 0L, 0L), .Dim = c(5L, 3L), .Dimnames = structure(list(
        c("-1", "-2", "0", "1", NA), c("A", "G", NA)), .Names = c("", 
    "")), class = "table"), AKMmono17v2_SNP1 = structure(c(0L, 
    0L, 4L, 0L, 0L, 42L, 2L, 181L, 6L, 2L, 0L, 0L, 15L, 0L, 0L
    ), .Dim = c(5L, 3L), .Dimnames = structure(list(c("-1", "-2", 
    "0", "1", NA), c("A", "C", NA)), .Names = c("", "")), class = "table"), 
    EJmono13v2_SNP1 = structure(c(0L, 0L, 2L, 0L, 0L, 49L, 1L, 
    474L, 12L, 4L, 0L, 1L, 29L, 0L, 0L), .Dim = c(5L, 3L), .Dimnames = structure(list(
        c("-1", "-2", "0", "1", NA), c("A", "G", NA)), .Names = c("", 
    "")), class = "table"),