Result <-
list(AKMmono02_SNP1 = structure(c(364L, 10L, 0L, 3360L, 87L, 
2L, 75L, 10L, 0L, 1L, 144L, 0L, 0L, 0L), .Dim = c(7L, 2L), .Dimnames = structure(list(
    c("-1", "-2", "-3", "0", "1", "2", NA), c("T", NA)), .Names = c("", 
"")), class = "table"), AKMmono03_SNP1 = structure(c(585L, 90L, 
24L, 14L, 5052L, 98L, 2L, 94L, 0L, 0L, 0L, 0L, 2L, 0L, 0L, 0L, 
0L, 0L, 0L, 0L, 1L, 0L, 0L, 0L, 23L, 9L, 0L, 0L, 458L, 4L, 0L, 
0L), .Dim = c(8L, 4L), .Dimnames = structure(list(c("-1", "-2", 
"-3", "-4", "0", "1", "2", NA), c("A", "C", "G", NA)), .Names = c("", 
"")), class = "table"), AKMmono05_SNP1 = structure(c(593L, 71L, 
3L, 1L, 1L, 4035L, 162L, 6L, 103L, 0L, 0L, 0L, 0L, 0L, 1L, 0L, 
0L, 0L, 23L, 2L, 0L, 0L, 0L, 430L, 19L, 1L, 0L), .Dim = c(9L, 
3L), .Dimnames = structure(list(c("-1", "-2", "-3", "-4", "-5", 
"0", "1", "2", NA), c("A", "G", NA)), .Names = c("", "")), class = "table"), 
    AKMmono11_SNP1 = structure(c(0L, 0L, 5L, 0L, 0L, 0L, 0L, 
    0L, 1L, 0L, 0L, 0L, 635L, 36L, 5887L, 121L, 3L, 142L, 87L, 
    5L, 969L, 23L, 0L, 0L), .Dim = c(6L, 4L), .Dimnames = structure(list(
        c("-1", "-2", "0", "1", "2", NA), c("A", "G", "T", NA
        )), .Names = c("", "")), class = "table"), AKMmono12_SNP1 = structure(c(583L, 
    51L, 2L, 1L, 4178L, 107L, 3L, 62L, 0L, 0L, 0L, 0L, 2L, 0L, 
    0L, 0L, 0L, 0L, 0L, 0L, 1L, 0L, 0L, 0L, 13L, 0L, 0L, 0L, 
    328L, 3L, 0L, 0L), .Dim = c(8L, 4L), .Dimnames = structure(list(
        c("-1", "-2", "-3", "-4", "0", "1", "2", NA), c("C", 
        "G", "T", NA)), .Names = c("", "")), class = "table"), 
    AKMmono13_SNP1 = structure(c(292L, 12L, 4845L, 130L, 5L, 
    66L, 0L, 0L, 1L, 0L, 0L, 0L, 19L, 1L, 336L, 2L, 0L, 0L), .Dim = c(6L, 
    3L), .Dimnames = structure(list(c("-1", "-2", "0", "1", "2", 
    NA), c("A", "T", NA)), .Names = c("", "")), class = "table"), 
    AKMmono16_SNP1 = structure(c(417L, 26L, 2L, 2L, 3956L, 89L, 
    38L, 0L, 0L, 0L, 0L, 0L, 1L, 0L, 0L, 0L, 0L, 0L, 1L, 0L, 
    0L, 9L, 0L, 0L, 0L, 255L, 7L, 0L), .Dim = c(7L, 4L), .Dimnames = structure(list(
        c("-1", "-2", "-3", "-4", "0", "1", NA), c("A", "G", 
        "T", NA)), .Names = c("", "")), class = "table"), AKMmono22_SNP1 = structure(c(379L, 
    50L, 9L, 1L, 2636L, 118L, 8L, 1L, 167L, 0L, 0L, 0L, 0L, 2L, 
    0L, 0L, 0L, 0L, 0L, 0L, 0L, 0L, 1L, 0L, 0L, 0L, 0L, 12L, 
    1L, 1L, 0L, 303L, 7L, 0L, 0L, 0L), .Dim = c(9L, 4L), .Dimnames = structure(list(
        c("-1", "-2", "-3", "-4", "0", "1", "2", "3", NA), c("A", 
        "G", "T", NA)), .Names = c("", "")), class = "table"), 
    EJmono05_SNP1 = structure(c(1L, 0L, 0L, 0L, 0L, 0L, 0L, 0L, 
    1L, 0L, 0L, 0L, 381L, 29L, 2941L, 76L, 4L, 60L, 5L, 0L, 138L, 
    3L, 0L, 0L), .Dim = c(6L, 4L), .Dimnames = structure(list(
        c("-1", "-2", "0", "1", "2", NA), c("-", "G", "T", NA
        )), .Names = c("", "")), class = "table"), EJmono16_SNP1 = structure(c(173L, 
    13L, 1L, 1L, 3304L, 120L, 1L, 229L, 0L, 0L, 0L, 0L, 2L, 0L, 
    0L, 0L, 1L, 0L, 0L, 0L, 74L, 1L, 0L, 0L), .Dim = c(8L, 3L
    ), .Dimnames = structure(list(c("-1", "-2", "-3", "-4", "0", 
    "1", "2", NA), c("A", "C", NA)), .Names = c("", "")), class = "table"), 
    LMmono01_SNP1 = structure(c(200L, 7L, 1L, 2209L, 46L, 44L, 
    2L, 0L, 0L, 2L, 0L, 0L, 9L, 0L, 0L, 202L, 1L, 0L), .Dim = c(6L, 
    3L), .Dimnames = structure(list(c("-1", "-2", "-4", "0", 
    "1", NA), c("A", "G", NA)), .Names = c("", "")), class = "table"), 
    LMmono03_SNP1 = structure(c(0L, 0L, 0L, 0L, 3L, 0L, 0L, 0L, 
    396L, 60L, 10L, 3L, 2128L, 77L, 1L, 59L, 12L, 0L, 1L, 0L, 
    306L, 3L, 0L, 0L), .Dim = c(8L, 3L), .Dimnames = structure(list(
        c("-1", "-2", "-3", "-4", "0", "1", "2", NA), c("A", 
        "C", NA)), .Names = c("", "")), class = "table"), LMmono09_SNP1 = structure(c(1L, 
    0L, 0L, 0L, 0L, 0L, 0L, 0L, 0L, 0L, 0L, 0L, 2L, 0L, 0L, 0L, 
    0L, 0L, 0L, 0L, 1L, 0L, 0L, 0L, 2378L, 328L, 42L, 1L, 12669L, 
    524L, 20L, 409L, 23L, 7L, 1L, 0L, 250L, 7L, 0L, 0L), .Dim = c(8L, 
    5L), .Dimnames = structure(list(c("-1", "-2", "-3", "-4", 
    "0", "1", "2", NA), c("A", "C", "G", "T", NA)), .Names = c("", 
    "")), class = "table"), LMmono12_SNP1 = structure(c(494L, 
    45L, 1L, 1L, 2651L, 166L, 4L, 72L, 0L, 0L, 0L, 0L, 1L, 0L, 
    0L, 0L, 17L, 0L, 0L, 0L, 312L, 7L, 1L, 0L), .Dim = c(8L, 
    3L), .Dimnames = structure(list(c("-1", "-2", "-3", "-4", 
    "0", "1", "2", NA), c("A", "T", NA)), .Names = c("", "")), class = "table"), 
    LMmono16_SNP1 = structure(c(1054L, 113L, 9L, 1L, 3901L, 313L, 
    19L, 3L, 2L, 167L, 0L, 0L, 0L, 0L, 1L, 0L, 0L, 0L, 0L, 0L, 
    0L, 0L, 0L, 0L, 1L, 0L, 0L, 0L, 0L, 0L, 33L, 2L, 0L, 0L, 
    584L, 20L, 0L, 0L, 1L, 0L), .Dim = c(10L, 4L), .Dimnames = structure(list(
        c("-1", "-2", "-3", "-4", "0", "1", "2", "3", "5", NA
        ), c("A", "C", "T", NA)), .Names = c("", "")), class = "table"), 
    MSJmono10_SNP1 = structure(c(243L, 11L, 4459L, 169L, 4L, 
    52L, 0L, 0L, 1L, 0L, 0L, 0L, 0L, 1L, 1L, 0L, 0L, 0L, 19L, 
    0L, 252L, 6L, 0L, 0L), .Dim = c(6L, 4L), .Dimnames = structure(list(
        c("-1", "-2", "0", "1", "2", NA), c("C", "G", "T", NA
        )), .Names = c("", "")), class = "table"), MSJmono19ms1_SNP1 = structure(c(123L, 
    23L, 4L, 1L, 3351L, 76L, 0L, 1L, 145L, 0L, 0L, 0L, 0L, 11L, 
    0L, 1L, 0L, 0L, 0L, 0L, 0L, 0L, 3L, 0L, 0L, 0L, 1L, 11L, 
    0L, 1L, 0L, 476L, 9L, 0L, 0L, 0L), .Dim = c(9L, 4L), .Dimnames = structure(list(
        c("-1", "-2", "-3", "-4", "0", "1", "5", "7", NA), c("A", 
        "C", "T", NA)), .Names = c("", "")), class = "table"), 
    MSJmono19ms2_SNP1 = structure(c(0L, 0L, 1L, 0L, 0L, 0L, 182L, 
    25L, 3395L, 45L, 2L, 40L, 0L, 0L, 1L, 0L, 0L, 0L, 5L, 0L, 
    268L, 0L, 0L, 0L), .Dim = c(6L, 4L), .Dimnames = structure(list(
        c("-1", "-2", "0", "1", "2", NA), c("A", "C", "G", NA
        )), .Names = c("", "")), class = "table"), MSJmono36_SNP1 = structure(c(0L, 
    0L, 0L, 1L, 0L, 0L, 0L, 214L, 10L, 1L, 2871L, 74L, 2L, 52L, 
    4L, 0L, 0L, 115L, 1L, 0L, 0L), .Dim = c(7L, 3L), .Dimnames = structure(list(
        c("-1", "-2", "-4", "0", "1", "2", NA), c("A", "G", NA
        )), .Names = c("", "")), class = "table"), MSJmono44_SNP1 = structure(c(0L, 
    0L, 1L, 0L, 0L, 0L, 0L, 0L, 2L, 0L, 0L, 0L, 0L, 0L, 1L, 0L, 
    0L, 0L, 247L, 14L, 3507L, 82L, 1L, 27L, 5L, 0L, 163L, 0L, 
    0L, 0L), .Dim = 6:5, .Dimnames = structure(list(c("-1", "-2", 
    "0", "1", "2", NA), c("-", "A", "C", "T", NA)), .Names = c("", 
    "")), class = "table"), MSJmono46_SNP1 = structure(c(472L, 
    44L, 4L, 1L, 2268L, 179L, 7L, 94L, 0L, 0L, 0L, 0L, 1L, 0L, 
    0L, 0L, 62L, 3L, 1L, 0L, 691L, 37L, 3L, 0L), .Dim = c(8L, 
    3L), .Dimnames = structure(list(c("-1", "-2", "-3", "-4", 
    "0", "1", "2", NA), c("C", "T", NA)), .Names = c("", "")), class = "table"), 
    LMmono04v2_SNP1 = structure(c(0L, 0L, 2L, 0L, 0L, 0L, 369L, 
    22L, 2719L, 109L, 4L, 27L, 5L, 0L, 176L, 10L, 1L, 0L), .Dim = c(6L, 
    3L), .Dimnames = structure(list(c("-1", "-2", "0", "1", "2", 
    NA), c("A", "C", NA)), .Names = c("", "")), class = "table"), 
    AKMmono01v2_SNP1 = structure(c(0L, 0L, 0L, 1L, 1L, 0L, 0L, 
    0L, 329L, 23L, 1L, 3555L, 73L, 1L, 1L, 31L, 19L, 2L, 0L, 
    277L, 5L, 0L, 0L, 0L), .Dim = c(8L, 3L), .Dimnames = structure(list(
        c("-1", "-2", "-4", "0", "1", "2", "3", NA), c("C", "T", 
        NA)), .Names = c("", "")), class = "table"), AKMmono10v2_SNP1 = structure(c(126L, 
    4L, 3086L, 24L, 1L, 20L, 0L, 0L, 1L, 0L, 0L, 0L, 0L, 0L, 
    1L, 0L, 0L, 0L, 2L, 0L, 157L, 1L, 0L, 0L), .Dim = c(6L, 4L
    ), .Dimnames = structure(list(c("-1", "-2", "0", "1", "2", 
    NA), c("A", "G", "T", NA)), .Names = c("", "")), class = "table"), 
    AKMmono17v2_SNP1 = structure(c(1L, 0L, 0L, 13L, 1L, 0L, 0L, 
    0L, 0L, 80L, 4L, 2L, 1640L, 30L, 2L, 1L, 3L, 10L, 2L, 1L, 
    0L, 108L, 2L, 0L, 0L, 1L, 0L), .Dim = c(9L, 3L), .Dimnames = structure(list(
        c("-1", "-2", "-3", "0", "1", "2", "3", "4", NA), c("A", 
        "C", NA)), .Names = c("", "")),