Result <-
list(AKMmono02_SNP1 = structure(c(0L, 0L, 2L, 0L, 0L, 0L, 362L, 
14L, 3021L, 86L, 3L, 100L, 5L, 0L, 102L, 3L, 0L, 0L), .Dim = c(6L, 
3L), .Dimnames = structure(list(c("-1", "-2", "0", "1", "2", 
NA), c("A", "T", NA)), .Names = c("", "")), class = "table"), 
    AKMmono03_SNP1 = structure(c(0L, 0L, 0L, 0L, 1L, 0L, 0L, 
    3389L, 510L, 88L, 4L, 4816L, 88L, 358L, 1L, 0L, 0L, 0L, 3L, 
    0L, 0L, 156L, 20L, 4L, 0L, 435L, 6L, 0L), .Dim = c(7L, 4L
    ), .Dimnames = structure(list(c("-1", "-2", "-3", "-4", "0", 
    "1", NA), c("-", "A", "C", NA)), .Names = c("", "")), class = "table"), 
    AKMmono05_SNP1 = structure(c(1535L, 417L, 58L, 3L, 2930L, 
    112L, 3L, 207L, 1L, 1L, 0L, 0L, 3L, 0L, 0L, 1L, 0L, 0L, 1L, 
    0L, 1L, 0L, 0L, 0L, 0L, 0L, 0L, 0L, 1L, 0L, 0L, 0L, 78L, 
    20L, 2L, 0L, 292L, 10L, 0L, 0L), .Dim = c(8L, 5L), .Dimnames = structure(list(
        c("-1", "-2", "-3", "-4", "0", "1", "2", NA), c("A", 
        "C", "G", "T", NA)), .Names = c("", "")), class = "table"), 
    AKMmono11_SNP1 = structure(c(0L, 0L, 6L, 0L, 0L, 0L, 944L, 
    87L, 6215L, 125L, 1L, 185L, 116L, 3L, 956L, 20L, 1L, 0L), .Dim = c(6L, 
    3L), .Dimnames = structure(list(c("-1", "-2", "0", "1", "2", 
    NA), c("A", "T", NA)), .Names = c("", "")), class = "table"), 
    AKMmono12_SNP1 = structure(c(1L, 0L, 0L, 0L, 0L, 5L, 0L, 
    0L, 0L, 1057L, 93L, 5L, 8L, 1L, 5316L, 138L, 6L, 98L, 1L, 
    0L, 0L, 0L, 0L, 1L, 0L, 0L, 0L, 26L, 3L, 0L, 0L, 0L, 419L, 
    3L, 0L, 0L), .Dim = c(9L, 4L), .Dimnames = structure(list(
        c("-1", "-2", "-3", "-4", "-5", "0", "1", "2", NA), c("A", 
        "C", "T", NA)), .Names = c("", "")), class = "table"), 
    AKMmono13_SNP1 = structure(c(1889L, 243L, 5L, 3384L, 95L, 
    2L, 171L, 0L, 0L, 0L, 2L, 0L, 0L, 0L, 0L, 0L, 0L, 1L, 0L, 
    0L, 0L, 57L, 1L, 0L, 234L, 3L, 0L, 0L), .Dim = c(7L, 4L), .Dimnames = structure(list(
        c("-1", "-2", "-3", "0", "1", "2", NA), c("A", "G", "T", 
        NA)), .Names = c("", "")), class = "table"), AKMmono16_SNP1 = structure(c(1774L, 
    172L, 8L, 2788L, 55L, 2L, 110L, 0L, 0L, 0L, 1L, 0L, 0L, 0L, 
    51L, 3L, 0L, 183L, 2L, 0L, 0L), .Dim = c(7L, 3L), .Dimnames = structure(list(
        c("-1", "-2", "-3", "0", "1", "2", NA), c("A", "T", NA
        )), .Names = c("", "")), class = "table"), AKMmono22_SNP1 = structure(c(1055L, 
    373L, 35L, 6L, 1851L, 107L, 7L, 1L, 353L, 0L, 0L, 0L, 0L, 
    1L, 0L, 0L, 0L, 0L, 1L, 0L, 0L, 0L, 1L, 0L, 0L, 0L, 1L, 0L, 
    0L, 0L, 0L, 0L, 1L, 0L, 0L, 1L, 59L, 11L, 1L, 0L, 224L, 5L, 
    1L, 0L, 0L), .Dim = c(9L, 5L), .Dimnames = structure(list(
        c("-1", "-2", "-3", "-4", "0", "1", "2", "3", NA), c("A", 
        "C", "G", "T", NA)), .Names = c("", "")), class = "table"), 
    EJmono05_SNP1 = structure(c(1L, 0L, 1L, 0L, 0L, 0L, 0L, 1L, 
    1L, 0L, 0L, 0L, 661L, 53L, 4096L, 86L, 5L, 79L, 13L, 1L, 
    190L, 2L, 0L, 0L), .Dim = c(6L, 4L), .Dimnames = structure(list(
        c("-1", "-2", "0", "1", "2", NA), c("A", "C", "T", NA
        )), .Names = c("", "")), class = "table"), EJmono16_SNP1 = structure(c(2351L, 
    263L, 9L, 2142L, 82L, 3L, 1121L, 1L, 0L, 0L, 0L, 0L, 0L, 
    0L, 1L, 0L, 0L, 0L, 0L, 0L, 0L, 23L, 4L, 0L, 55L, 1L, 0L, 
    0L), .Dim = c(7L, 4L), .Dimnames = structure(list(c("-1", 
    "-2", "-3", "0", "1", "2", NA), c("A", "G", "T", NA)), .Names = c("", 
    "")), class = "table"), LMmono01_SNP1 = structure(c(504L, 
    34L, 3141L, 56L, 2L, 69L, 0L, 0L, 4L, 0L, 0L, 0L, 27L, 1L, 
    262L, 7L, 0L, 0L), .Dim = c(6L, 3L), .Dimnames = structure(list(
        c("-1", "-2", "0", "1", "2", NA), c("A", "G", NA)), .Names = c("", 
    "")), class = "table"), LMmono03_SNP1 = structure(c(0L, 1L, 
    0L, 0L, 0L, 0L, 0L, 0L, 0L, 0L, 661L, 711L, 165L, 19L, 1L, 
    720L, 37L, 2L, 1L, 144L, 0L, 1L, 0L, 0L, 0L, 1L, 0L, 0L, 
    0L, 0L, 20L, 19L, 3L, 0L, 0L, 97L, 1L, 0L, 0L, 0L), .Dim = c(10L, 
    4L), .Dimnames = structure(list(c("-1", "-2", "-3", "-4", 
    "-5", "0", "1", "2", "3", NA), c("A", "C", "T", NA)), .Names = c("", 
    "")), class = "table"), LMmono09_SNP1 = structure(c(1800L, 
    370L, 25L, 2L, 5229L, 254L, 6L, 1L, 297L, 21L, 9L, 1L, 0L, 
    109L, 2L, 0L, 0L, 0L), .Dim = c(9L, 2L), .Dimnames = structure(list(
        c("-1", "-2", "-3", "-4", "0", "1", "2", "3", NA), c("T", 
        NA)), .Names = c("", "")), class = "table"), LMmono12_SNP1 = structure(c(1243L, 
    474L, 71L, 2L, 1736L, 133L, 9L, 191L, 0L, 0L, 0L, 0L, 1L, 
    0L, 0L, 0L, 53L, 19L, 4L, 0L, 229L, 3L, 2L, 0L), .Dim = c(8L, 
    3L), .Dimnames = structure(list(c("-1", "-2", "-3", "-4", 
    "0", "1", "2", NA), c("A", "G", NA)), .Names = c("", "")), class = "table"), 
    LMmono16_SNP1 = structure(c(22L, 6L, 1L, 3980L, 205L, 1L, 
    772L, 4L, 225L, 23L, 1L, 516L, 0L, 0L, 0L, 3L, 0L, 0L, 0L, 
    0L, 0L, 0L, 0L, 1L, 0L, 0L, 0L, 0L, 0L, 0L, 0L, 0L, 0L, 0L, 
    0L, 1L, 0L, 0L, 0L, 569L, 8L, 0L, 44L, 0L, 33L, 3L, 0L, 0L
    ), .Dim = c(12L, 4L), .Dimnames = structure(list(c("-1", 
    "-3", "-5", "0", "1", "2", "3", "4", "5", "6", "7", NA), 
        c("A", "C", "T", NA)), .Names = c("", "")), class = "table"), 
    MSJmono10_SNP1 = structure(c(0L, 0L, 0L, 3L, 0L, 0L, 0L, 
    286L, 13L, 2L, 3583L, 127L, 4L, 41L, 14L, 0L, 0L, 220L, 7L, 
    1L, 0L), .Dim = c(7L, 3L), .Dimnames = structure(list(c("-1", 
    "-2", "-3", "0", "1", "2", NA), c("A", "C", NA)), .Names = c("", 
    "")), class = "table"), MSJmono19ms1_SNP1 = structure(c(582L, 
    38L, 2L, 1L, 6558L, 163L, 2L, 374L, 0L, 0L, 0L, 0L, 14L, 
    2L, 0L, 1L, 0L, 0L, 0L, 0L, 5L, 0L, 0L, 1L, 56L, 3L, 0L, 
    0L, 1006L, 21L, 1L, 0L), .Dim = c(8L, 4L), .Dimnames = structure(list(
        c("-1", "-2", "-3", "-6", "0", "1", "2", NA), c("A", 
        "C", "T", NA)), .Names = c("", "")), class = "table"), 
    MSJmono19ms2_SNP1 = structure(c(551L, 9L, 6981L, 94L, 1L, 
    113L, 0L, 0L, 2L, 0L, 0L, 0L, 4L, 0L, 603L, 1L, 0L, 0L), .Dim = c(6L, 
    3L), .Dimnames = structure(list(c("-1", "-2", "0", "1", "2", 
    NA), c("C", "T", NA)), .Names = c("", "")), class = "table"), 
    MSJmono36_SNP1 = structure(c(0L, 0L, 0L, 0L, 1L, 0L, 0L, 
    0L, 2298L, 248L, 5L, 1L, 4655L, 156L, 4L, 417L, 18L, 1L, 
    0L, 0L, 194L, 1L, 0L, 0L), .Dim = c(8L, 3L), .Dimnames = structure(list(
        c("-1", "-2", "-3", "-4", "0", "1", "2", NA), c("A", 
        "G", NA)), .Names = c("", "")), class = "table"), MSJmono44_SNP1 = structure(c(525L, 
    30L, 3626L, 97L, 8L, 30L, 10L, 0L, 179L, 4L, 0L, 0L), .Dim = c(6L, 
    2L), .Dimnames = structure(list(c("-1", "-2", "0", "1", "2", 
    NA), c("T", NA)), .Names = c("", "")), class = "table"), 
    MSJmono46_SNP1 = structure(c(554L, 123L, 14L, 1L, 1191L, 
    120L, 8L, 83L, 0L, 0L, 0L, 0L, 1L, 0L, 0L, 0L, 65L, 8L, 2L, 
    0L, 337L, 17L, 3L, 0L), .Dim = c(8L, 3L), .Dimnames = structure(list(
        c("-1", "-2", "-3", "-4", "0", "1", "2", NA), c("C", 
        "T", NA)), .Names = c("", "")), class = "table"), LMmono04v2_SNP1 = structure(c(1178L, 
    174L, 8L, 2L, 594L, 43L, 1L, 62L, 27L, 5L, 0L, 0L, 36L, 0L, 
    0L, 0L), .Dim = c(8L, 2L), .Dimnames = structure(list(c("-1", 
    "-2", "-3", "-4", "0", "1", "2", NA), c("C", NA)), .Names = c("", 
    "")), class = "table"), AKMmono01v2_SNP1 = structure(c(0L, 
    0L, 0L, 0L, 1L, 0L, 0L, 0L, 1L, 0L, 0L, 0L, 0L, 0L, 0L, 0L, 
    539L, 665L, 75L, 1L, 1838L, 40L, 1L, 76L, 28L, 27L, 3L, 0L, 
    152L, 1L, 1L, 0L), .Dim = c(8L, 4L), .Dimnames = structure(list(
        c("-1", "-2", "-3", "-4", "0", "1", "2", NA), c("-", 
        "C", "T", NA)), .Names = c("", "")), class = "table"), 
    AKMmono10v2_SNP1 = structure(c(613L, 16L, 2L, 865L, 13L, 
    51L, 1L, 0L, 0L, 0L, 0L, 0L, 12L, 0L, 0L, 45L, 0L, 0L), .Dim = c(6L, 
    3L), .Dimnames = structure(list(c("-1", "-2", "-3", "0", 
    "1", NA), c("A", "G", NA)), .Names = c("", "")), class = "table"), 
    AKMmono17v2_SNP1 = structure(c(11L, 0L, 11L, 0L, 0L, 2L, 
    64L, 4L, 790L, 13L, 1L, 16L, 2L, 0L, 44L, 0L, 0L, 0L), .Dim = c(6L, 
    3L),