Result <-
list(AKMmono02_SNP1 = structure(c(0L, 0L, 0L, 1L, 0L, 0L, 0L, 
0L, 0L, 0L, 2L, 0L, 0L, 0L, 671L, 46L, 4L, 5331L, 134L, 3L, 135L, 
10L, 0L, 0L, 227L, 2L, 0L, 0L), .Dim = c(7L, 4L), .Dimnames = structure(list(
    c("-1", "-2", "-3", "0", "1", "2", NA), c("A", "C", "T", 
    NA)), .Names = c("", "")), class = "table"), AKMmono03_SNP1 = structure(c(786L, 
111L, 18L, 8L, 6638L, 129L, 1L, 126L, 0L, 1L, 0L, 0L, 1L, 0L, 
0L, 0L, 0L, 0L, 0L, 0L, 1L, 0L, 0L, 0L, 56L, 3L, 0L, 1L, 609L, 
6L, 1L, 0L), .Dim = c(8L, 4L), .Dimnames = structure(list(c("-1", 
"-2", "-3", "-4", "0", "1", "2", NA), c("A", "C", "T", NA)), .Names = c("", 
"")), class = "table"), AKMmono05_SNP1 = structure(c(723L, 110L, 
12L, 3L, 4288L, 189L, 8L, 123L, 0L, 0L, 0L, 0L, 2L, 0L, 0L, 0L, 
1L, 0L, 0L, 0L, 0L, 0L, 0L, 0L, 0L, 0L, 0L, 0L, 2L, 0L, 0L, 0L, 
38L, 3L, 0L, 0L, 512L, 15L, 0L, 0L), .Dim = c(8L, 5L), .Dimnames = structure(list(
    c("-1", "-2", "-3", "-4", "0", "1", "2", NA), c("A", "C", 
    "G", "T", NA)), .Names = c("", "")), class = "table"), AKMmono11_SNP1 = structure(c(0L, 
0L, 0L, 5L, 0L, 0L, 0L, 0L, 0L, 0L, 1L, 0L, 0L, 0L, 1175L, 130L, 
7L, 5356L, 91L, 2L, 184L, 128L, 5L, 0L, 889L, 23L, 0L, 0L), .Dim = c(7L, 
4L), .Dimnames = structure(list(c("-1", "-2", "-3", "0", "1", 
"2", NA), c("A", "C", "T", NA)), .Names = c("", "")), class = "table"), 
    AKMmono12_SNP1 = structure(c(1L, 0L, 0L, 0L, 7L, 0L, 0L, 
    0L, 835L, 53L, 7L, 1L, 5167L, 121L, 7L, 70L, 0L, 0L, 0L, 
    0L, 1L, 0L, 0L, 0L, 1L, 0L, 0L, 0L, 1L, 0L, 0L, 0L, 16L, 
    2L, 0L, 0L, 401L, 4L, 0L, 0L), .Dim = c(8L, 5L), .Dimnames = structure(list(
        c("-1", "-2", "-3", "-4", "0", "1", "2", NA), c("A", 
        "C", "G", "T", NA)), .Names = c("", "")), class = "table"), 
    AKMmono13_SNP1 = structure(c(622L, 72L, 1L, 5933L, 177L, 
    3L, 81L, 0L, 0L, 0L, 1L, 0L, 0L, 0L, 0L, 0L, 0L, 1L, 0L, 
    0L, 0L, 19L, 1L, 0L, 399L, 6L, 0L, 0L), .Dim = c(7L, 4L), .Dimnames = structure(list(
        c("-1", "-2", "-3", "0", "1", "2", NA), c("A", "G", "T", 
        NA)), .Names = c("", "")), class = "table"), AKMmono16_SNP1 = structure(c(628L, 
    33L, 2L, 5678L, 126L, 2L, 57L, 0L, 0L, 0L, 1L, 0L, 0L, 0L, 
    0L, 0L, 0L, 2L, 0L, 0L, 0L, 14L, 1L, 0L, 373L, 9L, 0L, 0L
    ), .Dim = c(7L, 4L), .Dimnames = structure(list(c("-1", "-2", 
    "-3", "0", "1", "2", NA), c("A", "C", "T", NA)), .Names = c("", 
    "")), class = "table"), AKMmono22_SNP1 = structure(c(551L, 
    124L, 23L, 3L, 1L, 3035L, 208L, 5L, 259L, 17L, 6L, 1L, 0L, 
    0L, 373L, 11L, 1L, 0L), .Dim = c(9L, 2L), .Dimnames = structure(list(
        c("-1", "-2", "-3", "-4", "-5", "0", "1", "2", NA), c("A", 
        NA)), .Names = c("", "")), class = "table"), EJmono05_SNP1 = structure(c(0L, 
    0L, 0L, 2L, 0L, 0L, 0L, 0L, 0L, 0L, 1L, 0L, 0L, 0L, 562L, 
    54L, 3L, 4622L, 111L, 1L, 55L, 12L, 1L, 1L, 210L, 3L, 1L, 
    0L), .Dim = c(7L, 4L), .Dimnames = structure(list(c("-1", 
    "-2", "-3", "0", "1", "2", NA), c("A", "G", "T", NA)), .Names = c("", 
    "")), class = "table"), EJmono16_SNP1 = structure(c(263L, 
    24L, 3913L, 145L, 7L, 1L, 295L, 0L, 0L, 1L, 0L, 0L, 0L, 0L, 
    4L, 0L, 85L, 4L, 0L, 0L, 0L), .Dim = c(7L, 3L), .Dimnames = structure(list(
        c("-1", "-2", "0", "1", "2", "3", NA), c("A", "G", NA
        )), .Names = c("", "")), class = "table"), LMmono01_SNP1 = structure(c(497L, 
    25L, 3443L, 70L, 3L, 71L, 0L, 0L, 1L, 0L, 0L, 0L, 17L, 0L, 
    258L, 5L, 0L, 0L), .Dim = c(6L, 3L), .Dimnames = structure(list(
        c("-1", "-2", "0", "1", "2", NA), c("A", "G", NA)), .Names = c("", 
    "")), class = "table"), LMmono03_SNP1 = structure(c(1L, 1L, 
    0L, 0L, 0L, 3L, 0L, 0L, 0L, 973L, 276L, 43L, 5L, 4L, 2633L, 
    95L, 4L, 152L, 30L, 6L, 1L, 0L, 0L, 352L, 5L, 0L, 0L), .Dim = c(9L, 
    3L), .Dimnames = structure(list(c("-1", "-2", "-3", "-4", 
    "-5", "0", "1", "2", NA), c("A", "C", NA)), .Names = c("", 
    "")), class = "table"), LMmono09_SNP1 = structure(c(1L, 0L, 
    0L, 0L, 0L, 0L, 0L, 0L, 0L, 3248L, 515L, 63L, 4L, 11250L, 
    468L, 25L, 1L, 464L, 47L, 3L, 0L, 0L, 220L, 6L, 0L, 0L, 0L
    ), .Dim = c(9L, 3L), .Dimnames = structure(list(c("-1", "-2", 
    "-3", "-4", "0", "1", "2", "3", NA), c("C", "T", NA)), .Names = c("", 
    "")), class = "table"), LMmono12_SNP1 = structure(c(841L, 
    182L, 10L, 1L, 2654L, 200L, 9L, 144L, 1L, 0L, 0L, 0L, 0L, 
    0L, 0L, 0L, 0L, 0L, 0L, 0L, 1L, 0L, 0L, 0L, 37L, 1L, 0L, 
    0L, 278L, 5L, 0L, 0L), .Dim = c(8L, 4L), .Dimnames = structure(list(
        c("-1", "-2", "-3", "-4", "0", "1", "2", NA), c("A", 
        "G", "T", NA)), .Names = c("", "")), class = "table"), 
    LMmono16_SNP1 = structure(c(1286L, 162L, 16L, 4953L, 382L, 
    31L, 5L, 267L, 0L, 0L, 0L, 2L, 0L, 0L, 0L, 0L, 38L, 10L, 
    1L, 915L, 18L, 1L, 1L, 0L), .Dim = c(8L, 3L), .Dimnames = structure(list(
        c("-1", "-2", "-3", "0", "1", "2", "3", NA), c("A", "T", 
        NA)), .Names = c("", "")), class = "table"), MSJmono10_SNP1 = structure(c(0L, 
    0L, 1L, 0L, 0L, 0L, 0L, 597L, 13L, 5840L, 212L, 15L, 1L, 
    65L, 15L, 0L, 336L, 12L, 0L, 0L, 0L), .Dim = c(7L, 3L), .Dimnames = structure(list(
        c("-1", "-2", "0", "1", "2", "4", NA), c("A", "C", NA
        )), .Names = c("", "")), class = "table"), MSJmono19ms1_SNP1 = structure(c(660L, 
    87L, 4L, 1L, 4L, 4004L, 87L, 2L, 325L, 1L, 0L, 0L, 0L, 0L, 
    9L, 0L, 0L, 3L, 0L, 0L, 0L, 0L, 0L, 1L, 0L, 0L, 0L, 0L, 1L, 
    0L, 0L, 0L, 1L, 0L, 0L, 1L, 71L, 3L, 0L, 0L, 1L, 628L, 11L, 
    0L, 0L), .Dim = c(9L, 5L), .Dimnames = structure(list(c("-1", 
    "-2", "-3", "-4", "-5", "0", "1", "2", NA), c("A", "C", "G", 
    "T", NA)), .Names = c("", "")), class = "table"), MSJmono19ms2_SNP1 = structure(c(293L, 
    4L, 4900L, 58L, 4L, 81L, 2L, 0L, 403L, 0L, 0L, 0L), .Dim = c(6L, 
    2L), .Dimnames = structure(list(c("-1", "-2", "0", "1", "2", 
    NA), c("C", NA)), .Names = c("", "")), class = "table"), 
    MSJmono36_SNP1 = structure(c(408L, 18L, 1L, 4040L, 97L, 1L, 
    97L, 6L, 0L, 0L, 157L, 0L, 0L, 0L), .Dim = c(7L, 2L), .Dimnames = structure(list(
        c("-1", "-2", "-3", "0", "1", "2", NA), c("G", NA)), .Names = c("", 
    "")), class = "table"), MSJmono44_SNP1 = structure(c(0L, 
    0L, 1L, 0L, 0L, 0L, 365L, 11L, 2699L, 53L, 1L, 24L, 3L, 1L, 
    133L, 3L, 0L, 0L), .Dim = c(6L, 3L), .Dimnames = structure(list(
        c("-1", "-2", "0", "1", "2", NA), c("A", "T", NA)), .Names = c("", 
    "")), class = "table"), MSJmono46_SNP1 = structure(c(632L, 
    1271L, 191L, 19L, 2922L, 195L, 11L, 213L, 2L, 0L, 0L, 0L, 
    2L, 0L, 0L, 0L, 86L, 76L, 10L, 0L, 742L, 40L, 3L, 0L), .Dim = c(8L, 
    3L), .Dimnames = structure(list(c("-1", "-2", "-3", "-4", 
    "0", "1", "2", NA), c("C", "T", NA)), .Names = c("", "")), class = "table"), 
    LMmono04v2_SNP1 = structure(c(0L, 0L, 0L, 1L, 0L, 0L, 0L, 
    595L, 46L, 2L, 3735L, 202L, 7L, 51L, 0L, 0L, 0L, 2L, 0L, 
    0L, 0L, 11L, 1L, 0L, 235L, 12L, 0L, 0L), .Dim = c(7L, 4L), .Dimnames = structure(list(
        c("-1", "-2", "-3", "0", "1", "2", NA), c("A", "C", "T", 
        NA)), .Names = c("", "")), class = "table"), AKMmono01v2_SNP1 = structure(c(0L, 
    0L, 0L, 1L, 0L, 0L, 0L, 2L, 0L, 0L, 5L, 0L, 0L, 0L, 1087L, 
    114L, 5L, 4335L, 94L, 3L, 71L, 40L, 5L, 0L, 339L, 2L, 0L, 
    0L), .Dim = c(7L, 4L), .Dimnames = structure(list(c("-1", 
    "-2", "-3", "0", "1", "2", NA), c("A", "C", "T", NA)), .Names = c("", 
    "")), class = "table"), AKMmono10v2_SNP1 = structure(c(163L, 
    4L, 1952L, 27L, 0L, 20L, 179L, 3L, 1999L, 29L, 1L, 10L, 6L, 
    0L, 211L, 2L, 0L, 0L), .Dim = c(6L, 3L), .Dimnames = structure(list(
        c("-1", "-2", "0", "1", "2", NA), c("A", "G", NA)), .Names = c("", 
    "")), class = "table"), AKMmono17v2_SNP1 = structure(c(2L, 
    0L, 10L, 0L, 0L, 0L, 276L, 8L, 2830L, 47L, 1L, 25L, 6L, 0L, 
    146L, 2L, 0L, 0L), .Dim = c(6L, 3L), .Dimnames = structure(list(
        c("-1", "-2", "0", "1", "2", NA), c("A", "C", NA)), .Names = c("", 
    "")), class = "table"),