Result <-
list(AKMmono02_SNP1 = structure(c(245L, 187L, 4L, 1368L, 29L, 
63L, 5L, 4L, 0L, 54L, 1L, 0L), .Dim = c(6L, 2L), .Dimnames = structure(list(
    c("-1", "-2", "-3", "0", "1", NA), c("T", NA)), .Names = c("", 
"")), class = "table"), AKMmono03_SNP1 = structure(c(1496L, 517L, 
90L, 4L, 3559L, 100L, 5L, 191L, 1L, 0L, 0L, 0L, 3L, 0L, 0L, 0L, 
79L, 22L, 7L, 0L, 341L, 4L, 1L, 0L), .Dim = c(8L, 3L), .Dimnames = structure(list(
    c("-1", "-2", "-3", "-4", "0", "1", "2", NA), c("A", "C", 
    NA)), .Names = c("", "")), class = "table"), AKMmono05_SNP1 = structure(c(846L, 
177L, 30L, 4L, 2680L, 136L, 6L, 2L, 129L, 0L, 0L, 0L, 0L, 1L, 
0L, 0L, 0L, 0L, 1L, 0L, 0L, 0L, 0L, 0L, 0L, 0L, 0L, 52L, 6L, 
0L, 0L, 293L, 11L, 0L, 0L, 0L), .Dim = c(9L, 4L), .Dimnames = structure(list(
    c("-1", "-2", "-3", "-4", "0", "1", "2", "3", NA), c("A", 
    "C", "G", NA)), .Names = c("", "")), class = "table"), AKMmono11_SNP1 = structure(c(1L, 
0L, 0L, 6L, 0L, 0L, 0L, 0L, 0L, 0L, 0L, 1L, 0L, 0L, 0L, 0L, 1838L, 
273L, 8L, 5522L, 127L, 3L, 1L, 375L, 211L, 13L, 0L, 816L, 18L, 
0L, 0L, 0L), .Dim = c(8L, 4L), .Dimnames = structure(list(c("-1", 
"-2", "-3", "0", "1", "2", "3", NA), c("A", "C", "T", NA)), .Names = c("", 
"")), class = "table"), AKMmono12_SNP1 = structure(c(0L, 1L, 
0L, 0L, 1L, 0L, 0L, 0L, 859L, 77L, 2L, 3L, 3803L, 106L, 8L, 68L, 
0L, 0L, 0L, 0L, 1L, 0L, 0L, 0L, 24L, 3L, 0L, 0L, 306L, 3L, 0L, 
0L), .Dim = c(8L, 4L), .Dimnames = structure(list(c("-1", "-2", 
"-3", "-4", "0", "1", "2", NA), c("A", "C", "T", NA)), .Names = c("", 
"")), class = "table"), AKMmono13_SNP1 = structure(c(871L, 90L, 
4L, 2376L, 99L, 4L, 96L, 1L, 0L, 0L, 1L, 0L, 0L, 0L, 19L, 5L, 
0L, 176L, 4L, 1L, 0L), .Dim = c(7L, 3L), .Dimnames = structure(list(
    c("-1", "-2", "-3", "0", "1", "2", NA), c("A", "G", NA)), .Names = c("", 
"")), class = "table"), AKMmono16_SNP1 = structure(c(834L, 143L, 
6L, 1L, 1845L, 137L, 6L, 87L, 0L, 0L, 0L, 0L, 2L, 0L, 0L, 0L, 
24L, 4L, 0L, 0L, 119L, 7L, 0L, 0L), .Dim = c(8L, 3L), .Dimnames = structure(list(
    c("-1", "-2", "-3", "-4", "0", "1", "2", NA), c("A", "C", 
    NA)), .Names = c("", "")), class = "table"), AKMmono22_SNP1 = structure(c(382L, 
259L, 42L, 2L, 1064L, 75L, 5L, 1L, 188L, 0L, 0L, 0L, 0L, 1L, 
0L, 0L, 0L, 0L, 0L, 0L, 0L, 0L, 1L, 0L, 0L, 0L, 0L, 15L, 17L, 
2L, 0L, 139L, 7L, 0L, 0L, 0L), .Dim = c(9L, 4L), .Dimnames = structure(list(
    c("-1", "-2", "-3", "-4", "0", "1", "2", "3", NA), c("A", 
    "G", "T", NA)), .Names = c("", "")), class = "table"), EJmono05_SNP1 = structure(c(737L, 
52L, 3L, 1795L, 34L, 0L, 74L, 15L, 1L, 0L, 79L, 0L, 1L, 0L), .Dim = c(7L, 
2L), .Dimnames = structure(list(c("-1", "-2", "-3", "0", "1", 
"2", NA), c("T", NA)), .Names = c("", "")), class = "table"), 
    EJmono16_SNP1 = structure(c(492L, 419L, 14L, 2910L, 143L, 
    5L, 421L, 0L, 0L, 0L, 1L, 0L, 0L, 0L, 5L, 3L, 0L, 63L, 1L, 
    0L, 0L), .Dim = c(7L, 3L), .Dimnames = structure(list(c("-1", 
    "-2", "-3", "0", "1", "2", NA), c("A", "G", NA)), .Names = c("", 
    "")), class = "table"), LMmono01_SNP1 = structure(c(763L, 
    34L, 1197L, 34L, 4L, 80L, 27L, 1L, 92L, 1L, 0L, 0L), .Dim = c(6L, 
    2L), .Dimnames = structure(list(c("-1", "-2", "0", "1", "2", 
    NA), c("A", NA)), .Names = c("", "")), class = "table"), 
    LMmono03_SNP1 = structure(c(0L, 0L, 0L, 0L, 0L, 0L, 1L, 0L, 
    0L, 178L, 225L, 153L, 57L, 6L, 1L, 383L, 18L, 63L, 0L, 0L, 
    6L, 0L, 0L, 0L, 1L, 0L, 0L, 9L, 7L, 1L, 0L, 0L, 0L, 40L, 
    1L, 0L), .Dim = c(9L, 4L), .Dimnames = structure(list(c("-1", 
    "-2", "-3", "-4", "-5", "-6", "0", "1", NA), c("A", "C", 
    "T", NA)), .Names = c("", "")), class = "table"), LMmono09_SNP1 = structure(c(0L, 
    0L, 0L, 0L, 1L, 0L, 0L, 0L, 1L, 0L, 0L, 0L, 0L, 0L, 0L, 0L, 
    1216L, 1257L, 108L, 6L, 3264L, 171L, 6L, 320L, 6L, 7L, 0L, 
    1L, 62L, 1L, 0L, 0L), .Dim = c(8L, 4L), .Dimnames = structure(list(
        c("-1", "-2", "-3", "-4", "0", "1", "2", NA), c("C", 
        "G", "T", NA)), .Names = c("", "")), class = "table"), 
    LMmono12_SNP1 = structure(c(362L, 70L, 5L, 1123L, 96L, 4L, 
    78L, 0L, 0L, 0L, 0L, 1L, 0L, 0L, 17L, 3L, 0L, 131L, 5L, 0L, 
    0L), .Dim = c(7L, 3L), .Dimnames = structure(list(c("-1", 
    "-2", "-3", "0", "1", "2", NA), c("A", "T", NA)), .Names = c("", 
    "")), class = "table"), LMmono16_SNP1 = structure(c(1044L, 
    396L, 73L, 13L, 2519L, 168L, 15L, 384L, 1L, 127L, 15L, 404L, 
    0L, 1L, 0L, 0L, 0L, 0L, 0L, 0L, 0L, 0L, 0L, 0L, 0L, 0L, 0L, 
    0L, 2L, 0L, 0L, 0L, 0L, 0L, 0L, 0L, 0L, 0L, 0L, 0L, 1L, 0L, 
    0L, 0L, 0L, 0L, 0L, 0L, 25L, 15L, 3L, 0L, 381L, 12L, 3L, 
    21L, 0L, 24L, 2L, 0L), .Dim = c(12L, 5L), .Dimnames = structure(list(
        c("-1", "-2", "-3", "-4", "0", "1", "2", "3", "4", "5", 
        "6", NA), c("A", "C", "G", "T", NA)), .Names = c("", 
    "")), class = "table"), MSJmono10_SNP1 = structure(c(0L, 
    0L, 0L, 1L, 0L, 0L, 0L, 0L, 872L, 207L, 6L, 2158L, 182L, 
    7L, 1L, 55L, 35L, 1L, 0L, 163L, 10L, 1L, 0L, 0L), .Dim = c(8L, 
    3L), .Dimnames = structure(list(c("-1", "-2", "-3", "0", 
    "1", "2", "3", NA), c("A", "C", NA)), .Names = c("", "")), class = "table"), 
    MSJmono19ms1_SNP1 = structure(c(665L, 42L, 4L, 1L, 5416L, 
    164L, 9L, 371L, 1L, 0L, 0L, 0L, 15L, 1L, 0L, 3L, 0L, 0L, 
    0L, 0L, 3L, 0L, 0L, 0L, 0L, 0L, 0L, 0L, 4L, 0L, 0L, 0L, 76L, 
    5L, 0L, 0L, 794L, 12L, 1L, 0L), .Dim = c(8L, 5L), .Dimnames = structure(list(
        c("-1", "-2", "-3", "-4", "0", "1", "2", NA), c("A", 
        "C", "G", "T", NA)), .Names = c("", "")), class = "table"), 
    MSJmono19ms2_SNP1 = structure(c(968L, 515L, 3L, 4291L, 357L, 
    9L, 275L, 0L, 0L, 0L, 1L, 0L, 0L, 0L, 12L, 3L, 0L, 368L, 
    6L, 1L, 0L), .Dim = c(7L, 3L), .Dimnames = structure(list(
        c("-1", "-2", "-3", "0", "1", "2", NA), c("C", "T", NA
        )), .Names = c("", "")), class = "table"), MSJmono36_SNP1 = structure(c(1052L, 
    415L, 22L, 2811L, 94L, 2L, 253L, 11L, 5L, 1L, 116L, 2L, 0L, 
    0L), .Dim = c(7L, 2L), .Dimnames = structure(list(c("-1", 
    "-2", "-3", "0", "1", "2", NA), c("G", NA)), .Names = c("", 
    "")), class = "table"), MSJmono44_SNP1 = structure(c(1L, 
    0L, 0L, 0L, 0L, 0L, 1347L, 111L, 1933L, 50L, 1L, 42L, 38L, 
    3L, 77L, 0L, 0L, 0L), .Dim = c(6L, 3L), .Dimnames = structure(list(
        c("-1", "-2", "0", "1", "2", NA), c("A", "T", NA)), .Names = c("", 
    "")), class = "table"), MSJmono46_SNP1 = structure(c(150L, 
    143L, 60L, 5L, 360L, 44L, 4L, 48L, 17L, 10L, 3L, 0L, 106L, 
    6L, 0L, 0L), .Dim = c(8L, 2L), .Dimnames = structure(list(
        c("-1", "-2", "-3", "-4", "0", "1", "2", NA), c("C", 
        NA)), .Names = c("", "")), class = "table"), LMmono04v2_SNP1 = structure(c(379L, 
    184L, 18L, 553L, 32L, 1L, 31L, 13L, 3L, 1L, 33L, 2L, 0L, 
    0L), .Dim = c(7L, 2L), .Dimnames = structure(list(c("-1", 
    "-2", "-3", "0", "1", "3", NA), c("C", NA)), .Names = c("", 
    "")), class = "table"), AKMmono01v2_SNP1 = structure(c(0L, 
    0L, 0L, 2L, 0L, 0L, 0L, 935L, 258L, 7L, 1823L, 48L, 2L, 96L, 
    39L, 12L, 0L, 171L, 3L, 0L, 0L), .Dim = c(7L, 3L), .Dimnames = structure(list(
        c("-1", "-2", "-3", "0", "1", "2", NA), c("G", "T", NA
        )), .Names = c("", "")), class = "table"), AKMmono10v2_SNP1 = structure(c(34L, 
    0L, 329L, 3L, 3L, 96L, 1L, 268L, 5L, 3L, 3L, 0L, 36L, 2L, 
    0L), .Dim = c(5L, 3L), .Dimnames = structure(list(c("-1", 
    "-2", "0", "1", NA), c("A", "G", NA)), .Names = c("", "")), class = "table"), 
    AKMmono17v2_SNP1 = structure(c(1L, 0L, 15L, 0L, 1L, 71L, 
    3L, 357L, 8L, 11L, 1L, 0L, 20L, 1L, 0L), .Dim = c(5L, 3L), .Dimnames = structure(list(
        c("-1", "-2", "0", "1", NA), c("A", "C", NA)), .Names = c("", 
    "")), class = "table"), EJmono13v2_SNP1 = structure(c(0L, 
    0L, 2L, 5L, 0L, 0L, 167L, 1L, 699L, 69L, 1L, 9L, 5L, 0L, 
    48L, 1L, 0L, 0L), .Dim = c(6L, 3L), .Dimnames = structure(list(
        c("-1", "-2", "0", "1", "2", NA), c("A", "G", NA)), .Names = c("", 
    "")), class = "table"),