Result <-
list(AKMmono02_SNP1 = structure(c(0L, 0L, 0L, 0L, 1L, 0L, 0L, 
0L, 0L, 0L, 0L, 0L, 6L, 0L, 0L, 0L, 558L, 19L, 1L, 1L, 7008L, 
143L, 1L, 130L, 10L, 1L, 0L, 0L, 254L, 5L, 0L, 0L), .Dim = c(8L, 
4L), .Dimnames = structure(list(c("-1", "-2", "-3", "-4", "0", 
"1", "2", NA), c("A", "C", "T", NA)), .Names = c("", "")), class = "table"), 
    AKMmono03_SNP1 = structure(c(1039L, 157L, 36L, 10177L, 154L, 
    2L, 162L, 0L, 0L, 0L, 8L, 0L, 0L, 0L, 1L, 1L, 0L, 3L, 0L, 
    0L, 0L, 60L, 13L, 0L, 1022L, 6L, 0L, 0L), .Dim = c(7L, 4L
    ), .Dimnames = structure(list(c("-1", "-2", "-3", "0", "1", 
    "2", NA), c("A", "C", "G", NA)), .Names = c("", "")), class = "table"), 
    AKMmono05_SNP1 = structure(c(1100L, 158L, 21L, 10L, 1L, 7779L, 
    299L, 7L, 184L, 0L, 0L, 0L, 0L, 0L, 4L, 0L, 0L, 0L, 0L, 0L, 
    0L, 0L, 0L, 2L, 0L, 0L, 0L, 1L, 0L, 0L, 0L, 0L, 2L, 0L, 0L, 
    0L, 65L, 11L, 0L, 0L, 0L, 827L, 23L, 0L, 0L), .Dim = c(9L, 
    5L), .Dimnames = structure(list(c("-1", "-2", "-3", "-4", 
    "-5", "0", "1", "2", NA), c("A", "C", "G", "T", NA)), .Names = c("", 
    "")), class = "table"), AKMmono11_SNP1 = structure(c(0L, 
    0L, 0L, 1L, 0L, 0L, 0L, 0L, 0L, 0L, 2L, 2L, 0L, 0L, 1L, 0L, 
    0L, 1L, 0L, 0L, 0L, 711L, 51L, 1L, 6948L, 95L, 1L, 152L, 
    74L, 2L, 0L, 1139L, 22L, 0L, 0L), .Dim = c(7L, 5L), .Dimnames = structure(list(
        c("-1", "-2", "-3", "0", "1", "2", NA), c("-", "A", "C", 
        "T", NA)), .Names = c("", "")), class = "table"), AKMmono12_SNP1 = structure(c(1L, 
    0L, 0L, 0L, 4L, 0L, 0L, 0L, 1102L, 91L, 12L, 2L, 7657L, 206L, 
    4L, 104L, 30L, 2L, 0L, 0L, 616L, 7L, 0L, 0L), .Dim = c(8L, 
    3L), .Dimnames = structure(list(c("-1", "-2", "-3", "-4", 
    "0", "1", "2", NA), c("A", "C", NA)), .Names = c("", "")), class = "table"), 
    AKMmono13_SNP1 = structure(c(573L, 35L, 3L, 10017L, 235L, 
    3L, 110L, 0L, 0L, 0L, 1L, 0L, 0L, 0L, 23L, 2L, 0L, 770L, 
    19L, 0L, 0L), .Dim = c(7L, 3L), .Dimnames = structure(list(
        c("-1", "-2", "-3", "0", "1", "2", NA), c("A", "C", NA
        )), .Names = c("", "")), class = "table"), AKMmono16_SNP1 = structure(c(682L, 
    34L, 1L, 7908L, 143L, 3L, 68L, 0L, 0L, 0L, 2L, 0L, 0L, 0L, 
    0L, 0L, 0L, 3L, 0L, 0L, 0L, 0L, 0L, 0L, 1L, 0L, 0L, 0L, 16L, 
    2L, 0L, 514L, 10L, 0L, 0L), .Dim = c(7L, 5L), .Dimnames = structure(list(
        c("-1", "-2", "-3", "0", "1", "2", NA), c("A", "C", "G", 
        "T", NA)), .Names = c("", "")), class = "table"), AKMmono22_SNP1 = structure(c(770L, 
    167L, 18L, 1L, 6408L, 293L, 10L, 1L, 406L, 0L, 0L, 0L, 0L, 
    4L, 0L, 0L, 0L, 0L, 0L, 0L, 0L, 0L, 2L, 0L, 0L, 0L, 0L, 41L, 
    3L, 0L, 0L, 710L, 16L, 0L, 0L, 0L), .Dim = c(9L, 4L), .Dimnames = structure(list(
        c("-1", "-2", "-3", "-4", "0", "1", "2", "3", NA), c("A", 
        "G", "T", NA)), .Names = c("", "")), class = "table"), 
    EJmono05_SNP1 = structure(c(0L, 0L, 0L, 3L, 0L, 0L, 0L, 0L, 
    0L, 0L, 1L, 0L, 0L, 0L, 0L, 0L, 0L, 1L, 0L, 0L, 0L, 690L, 
    63L, 1L, 6755L, 117L, 2L, 90L, 13L, 1L, 0L, 301L, 0L, 0L, 
    0L), .Dim = c(7L, 5L), .Dimnames = structure(list(c("-1", 
    "-2", "-3", "0", "1", "2", NA), c("A", "C", "G", "T", NA)), .Names = c("", 
    "")), class = "table"), EJmono16_SNP1 = structure(c(267L, 
    22L, 16L, 5817L, 215L, 5L, 380L, 0L, 0L, 0L, 1L, 0L, 0L, 
    0L, 2L, 1L, 1L, 130L, 2L, 0L, 0L), .Dim = c(7L, 3L), .Dimnames = structure(list(
        c("-1", "-2", "-3", "0", "1", "2", NA), c("A", "G", NA
        )), .Names = c("", "")), class = "table"), LMmono01_SNP1 = structure(c(377L, 
    17L, 1L, 3615L, 62L, 2L, 68L, 0L, 0L, 0L, 1L, 0L, 0L, 0L, 
    20L, 0L, 0L, 318L, 8L, 0L, 0L), .Dim = c(7L, 3L), .Dimnames = structure(list(
        c("-1", "-2", "-5", "0", "1", "2", NA), c("A", "C", NA
        )), .Names = c("", "")), class = "table"), LMmono03_SNP1 = structure(c(0L, 
    0L, 0L, 0L, 1L, 0L, 0L, 0L, 833L, 141L, 19L, 6L, 3949L, 129L, 
    3L, 130L, 0L, 0L, 0L, 0L, 0L, 1L, 0L, 0L, 3L, 0L, 0L, 0L, 
    1L, 0L, 0L, 0L, 24L, 4L, 1L, 0L, 576L, 5L, 0L, 0L), .Dim = c(8L, 
    5L), .Dimnames = structure(list(c("-1", "-2", "-3", "-4", 
    "0", "1", "2", NA), c("A", "C", "G", "T", NA)), .Names = c("", 
    "")), class = "table"), LMmono09_SNP1 = structure(c(0L, 0L, 
    1L, 0L, 1L, 0L, 0L, 0L, 0L, 0L, 0L, 0L, 1L, 0L, 0L, 0L, 1550L, 
    155L, 14L, 6L, 9142L, 327L, 16L, 262L, 25L, 2L, 0L, 0L, 162L, 
    3L, 0L, 0L), .Dim = c(8L, 4L), .Dimnames = structure(list(
        c("-1", "-2", "-3", "-4", "0", "1", "2", NA), c("C", 
        "G", "T", NA)), .Names = c("", "")), class = "table"), 
    LMmono12_SNP1 = structure(c(935L, 84L, 5L, 5344L, 309L, 13L, 
    172L, 1L, 0L, 0L, 1L, 0L, 0L, 0L, 45L, 4L, 0L, 606L, 13L, 
    0L, 0L), .Dim = c(7L, 3L), .Dimnames = structure(list(c("-1", 
    "-2", "-3", "0", "1", "2", NA), c("A", "G", NA)), .Names = c("", 
    "")), class = "table"), LMmono16_SNP1 = structure(c(812L, 
    74L, 2L, 1L, 1L, 6527L, 230L, 12L, 604L, 2L, 215L, 10L, 502L, 
    0L, 0L, 0L, 0L, 0L, 0L, 0L, 0L, 0L, 0L, 0L, 0L, 1L, 0L, 0L, 
    0L, 0L, 0L, 1L, 0L, 0L, 0L, 0L, 0L, 0L, 0L, 0L, 0L, 0L, 0L, 
    0L, 1L, 0L, 0L, 0L, 0L, 0L, 0L, 0L, 28L, 2L, 1L, 0L, 0L, 
    1115L, 16L, 1L, 44L, 0L, 32L, 2L, 0L), .Dim = c(13L, 5L), .Dimnames = structure(list(
        c("-1", "-2", "-3", "-4", "-5", "0", "1", "2", "3", "4", 
        "5", "6", NA), c("A", "C", "G", "T", NA)), .Names = c("", 
    "")), class = "table"), MSJmono10_SNP1 = structure(c(418L, 
    17L, 1L, 7368L, 212L, 9L, 57L, 12L, 2L, 0L, 452L, 9L, 1L, 
    0L), .Dim = c(7L, 2L), .Dimnames = structure(list(c("-1", 
    "-2", "-3", "0", "1", "2", NA), c("C", NA)), .Names = c("", 
    "")), class = "table"), MSJmono19ms1_SNP1 = structure(c(238L, 
    17L, 2L, 6577L, 119L, 4L, 283L, 1L, 0L, 0L, 18L, 0L, 0L, 
    2L, 0L, 0L, 0L, 7L, 0L, 0L, 1L, 21L, 1L, 0L, 1014L, 18L, 
    0L, 0L), .Dim = c(7L, 4L), .Dimnames = structure(list(c("-1", 
    "-2", "-3", "0", "1", "2", NA), c("A", "C", "T", NA)), .Names = c("", 
    "")), class = "table"), MSJmono19ms2_SNP1 = structure(c(0L, 
    0L, 3L, 0L, 0L, 0L, 337L, 7L, 6694L, 87L, 4L, 83L, 2L, 0L, 
    568L, 0L, 0L, 0L), .Dim = c(6L, 3L), .Dimnames = structure(list(
        c("-1", "-2", "0", "1", "2", NA), c("A", "C", NA)), .Names = c("", 
    "")), class = "table"), MSJmono36_SNP1 = structure(c(0L, 
    0L, 0L, 1L, 0L, 0L, 0L, 0L, 0L, 0L, 1L, 0L, 0L, 0L, 386L, 
    18L, 2L, 6862L, 163L, 4L, 152L, 2L, 0L, 0L, 267L, 0L, 0L, 
    0L), .Dim = c(7L, 4L), .Dimnames = structure(list(c("-1", 
    "-2", "-3", "0", "1", "2", NA), c("A", "C", "G", NA)), .Names = c("", 
    "")), class = "table"), MSJmono44_SNP1 = structure(c(1L, 
    8L, 2L, 0L, 0L, 0L, 0L, 0L, 0L, 0L, 0L, 0L, 0L, 1L, 0L, 0L, 
    251L, 7L, 1L, 1L, 1L, 3961L, 69L, 35L, 1L, 0L, 0L, 0L, 0L, 
    166L, 1L, 0L), .Dim = c(8L, 4L), .Dimnames = structure(list(
        c("-1", "-2", "-3", "-5", "-6", "0", "1", NA), c("-", 
        "A", "T", NA)), .Names = c("", "")), class = "table"), 
    MSJmono46_SNP1 = structure(c(697L, 62L, 6L, 2L, 3528L, 263L, 
    10L, 126L, 0L, 0L, 0L, 0L, 3L, 0L, 0L, 0L, 92L, 7L, 0L, 0L, 
    1016L, 53L, 3L, 0L), .Dim = c(8L, 3L), .Dimnames = structure(list(
        c("-1", "-2", "-3", "-4", "0", "1", "2", NA), c("C", 
        "T", NA)), .Names = c("", "")), class = "table"), LMmono04v2_SNP1 = structure(c(0L, 
    0L, 0L, 3L, 0L, 0L, 0L, 0L, 606L, 32L, 1L, 5086L, 212L, 13L, 
    1L, 43L, 1L, 0L, 0L, 0L, 0L, 0L, 0L, 0L, 22L, 0L, 0L, 309L, 
    12L, 0L, 0L, 0L), .Dim = c(8L, 4L), .Dimnames = structure(list(
        c("-1", "-2", "-3", "0", "1", "2", "3", NA), c("A", "C", 
        "T", NA)), .Names = c("", "")), class = "table"), AKMmono01v2_SNP1 = structure(c(192L, 
    7L, 1L, 2582L, 52L, 0L, 29L, 236L, 9L, 1L, 3042L, 59L, 2L, 
    18L, 26L, 2L, 0L, 658L, 8L, 0L, 0L), .Dim = c(7L, 3L), .Dimnames = structure(list(
        c("-1", "-2", "-3", "0", "1", "2", NA), c("C", "T", NA
        )), .Names = c("", "")), class = "table"),