Result <-
list(AKMmono02_SNP1 = structure(c(0L, 0L, 0L, 1L, 0L, 0L, 0L, 
806L, 59L, 1L, 4118L, 72L, 2L, 113L, 23L, 1L, 0L, 146L, 3L, 0L, 
0L), .Dim = c(7L, 3L), .Dimnames = structure(list(c("-1", "-2", 
"-4", "0", "1", "2", NA), c("C", "T", NA)), .Names = c("", ""
)), class = "table"), AKMmono03_SNP1 = structure(c(1L, 0L, 0L, 
0L, 0L, 0L, 0L, 0L, 3362L, 558L, 41L, 12L, 1151L, 16L, 1L, 391L, 
1L, 0L, 0L, 0L, 0L, 0L, 0L, 0L, 1L, 0L, 0L, 0L, 0L, 0L, 0L, 0L, 
148L, 30L, 1L, 0L, 98L, 1L, 0L, 0L), .Dim = c(8L, 5L), .Dimnames = structure(list(
    c("-1", "-2", "-3", "-4", "0", "1", "2", NA), c("-", "A", 
    "C", "T", NA)), .Names = c("", "")), class = "table"), AKMmono05_SNP1 = structure(c(1674L, 
349L, 32L, 7L, 2344L, 91L, 3L, 187L, 1L, 0L, 0L, 0L, 2L, 1L, 
0L, 0L, 0L, 0L, 0L, 0L, 1L, 0L, 0L, 0L, 0L, 0L, 0L, 0L, 1L, 0L, 
0L, 0L, 83L, 6L, 0L, 0L, 258L, 15L, 0L, 0L), .Dim = c(8L, 5L), .Dimnames = structure(list(
    c("-1", "-2", "-3", "-4", "0", "1", "2", NA), c("A", "C", 
    "G", "T", NA)), .Names = c("", "")), class = "table"), AKMmono11_SNP1 = structure(c(2L, 
1L, 0L, 0L, 0L, 4L, 0L, 0L, 0L, 486L, 1907L, 2009L, 28L, 1L, 
3107L, 61L, 3L, 372L, 57L, 79L, 47L, 0L, 0L, 459L, 16L, 1L, 0L
), .Dim = c(9L, 3L), .Dimnames = structure(list(c("-1", "-2", 
"-3", "-4", "-5", "0", "1", "2", NA), c("A", "T", NA)), .Names = c("", 
"")), class = "table"), AKMmono12_SNP1 = structure(c(0L, 0L, 
0L, 0L, 0L, 4L, 0L, 0L, 0L, 0L, 2000L, 259L, 14L, 1L, 1L, 3177L, 
79L, 3L, 2L, 142L, 0L, 0L, 0L, 0L, 0L, 4L, 0L, 0L, 0L, 0L, 50L, 
5L, 0L, 0L, 0L, 272L, 4L, 1L, 0L, 0L), .Dim = c(10L, 4L), .Dimnames = structure(list(
    c("-1", "-2", "-3", "-4", "-5", "0", "1", "2", "3", NA), 
    c("A", "C", "T", NA)), .Names = c("", "")), class = "table"), 
    AKMmono13_SNP1 = structure(c(3295L, 385L, 15L, 1L, 992L, 
    32L, 1L, 292L, 0L, 0L, 0L, 0L, 1L, 0L, 0L, 0L, 1L, 0L, 0L, 
    0L, 0L, 0L, 0L, 0L, 80L, 9L, 1L, 0L, 74L, 2L, 0L, 0L), .Dim = c(8L, 
    4L), .Dimnames = structure(list(c("-1", "-2", "-3", "-4", 
    "0", "1", "2", NA), c("A", "G", "T", NA)), .Names = c("", 
    "")), class = "table"), AKMmono16_SNP1 = structure(c(2494L, 
    290L, 9L, 973L, 15L, 167L, 0L, 0L, 0L, 1L, 0L, 0L, 73L, 5L, 
    0L, 69L, 3L, 0L), .Dim = c(6L, 3L), .Dimnames = structure(list(
        c("-1", "-2", "-3", "0", "1", NA), c("A", "T", NA)), .Names = c("", 
    "")), class = "table"), AKMmono22_SNP1 = structure(c(164L, 
    704L, 216L, 10L, 850L, 431L, 57L, 6L, 419L, 0L, 0L, 0L, 0L, 
    1L, 0L, 0L, 0L, 0L, 0L, 0L, 0L, 0L, 1L, 0L, 0L, 0L, 1L, 9L, 
    23L, 4L, 0L, 151L, 15L, 6L, 0L, 0L), .Dim = c(9L, 4L), .Dimnames = structure(list(
        c("-1", "-2", "-3", "-4", "0", "1", "2", "3", NA), c("A", 
        "C", "G", NA)), .Names = c("", "")), class = "table"), 
    EJmono05_SNP1 = structure(c(0L, 0L, 0L, 2L, 0L, 0L, 0L, 0L, 
    0L, 0L, 1L, 0L, 0L, 0L, 350L, 22L, 1L, 2887L, 60L, 2L, 56L, 
    12L, 0L, 0L, 125L, 0L, 0L, 0L), .Dim = c(7L, 4L), .Dimnames = structure(list(
        c("-1", "-2", "-3", "0", "1", "2", NA), c("A", "C", "T", 
        NA)), .Names = c("", "")), class = "table"), EJmono16_SNP1 = structure(c(338L, 
    957L, 33L, 1425L, 47L, 2L, 439L, 7L, 7L, 0L, 41L, 2L, 0L, 
    0L), .Dim = c(7L, 2L), .Dimnames = structure(list(c("-1", 
    "-2", "-3", "0", "1", "2", NA), c("A", NA)), .Names = c("", 
    "")), class = "table"), LMmono01_SNP1 = structure(c(1980L, 
    133L, 2L, 696L, 11L, 225L, 1L, 0L, 0L, 0L, 0L, 0L, 0L, 0L, 
    0L, 1L, 0L, 0L, 70L, 2L, 0L, 57L, 0L, 0L), .Dim = c(6L, 4L
    ), .Dimnames = structure(list(c("-1", "-2", "-3", "0", "1", 
    NA), c("A", "G", "T", NA)), .Names = c("", "")), class = "table"), 
    LMmono03_SNP1 = structure(c(1L, 0L, 0L, 0L, 0L, 0L, 0L, 0L, 
    578L, 946L, 323L, 23L, 2L, 526L, 25L, 131L, 14L, 20L, 3L, 
    0L, 0L, 86L, 2L, 0L), .Dim = c(8L, 3L), .Dimnames = structure(list(
        c("-1", "-2", "-3", "-4", "-5", "0", "1", NA), c("A", 
        "C", NA)), .Names = c("", "")), class = "table"), LMmono09_SNP1 = structure(c(0L, 
    0L, 0L, 0L, 1L, 0L, 0L, 0L, 3030L, 642L, 52L, 7L, 4548L, 
    165L, 7L, 336L, 41L, 11L, 2L, 0L, 85L, 0L, 0L, 0L), .Dim = c(8L, 
    3L), .Dimnames = structure(list(c("-1", "-2", "-3", "-4", 
    "0", "1", "2", NA), c("C", "T", NA)), .Names = c("", "")), class = "table"), 
    LMmono12_SNP1 = structure(c(320L, 824L, 231L, 21L, 1276L, 
    99L, 6L, 143L, 19L, 20L, 10L, 0L, 176L, 2L, 1L, 0L), .Dim = c(8L, 
    2L), .Dimnames = structure(list(c("-1", "-2", "-3", "-4", 
    "0", "1", "2", NA), c("A", NA)), .Names = c("", "")), class = "table"), 
    LMmono16_SNP1 = structure(c(1604L, 1446L, 217L, 12L, 2123L, 
    161L, 16L, 1L, 352L, 0L, 1L, 0L, 0L, 0L, 0L, 0L, 0L, 0L, 
    1L, 0L, 0L, 0L, 0L, 0L, 0L, 0L, 0L, 45L, 29L, 7L, 0L, 337L, 
    15L, 0L, 0L, 0L), .Dim = c(9L, 4L), .Dimnames = structure(list(
        c("-1", "-2", "-3", "-4", "0", "1", "2", "3", NA), c("A", 
        "G", "T", NA)), .Names = c("", "")), class = "table"), 
    MSJmono10_SNP1 = structure(c(0L, 0L, 1L, 0L, 0L, 0L, 0L, 
    360L, 17L, 4880L, 160L, 14L, 1L, 52L, 22L, 0L, 238L, 13L, 
    1L, 0L, 0L), .Dim = c(7L, 3L), .Dimnames = structure(list(
        c("-1", "-2", "0", "1", "2", "3", NA), c("A", "C", NA
        )), .Names = c("", "")), class = "table"), MSJmono19ms1_SNP1 = structure(c(1228L, 
    94L, 4L, 1L, 2L, 2320L, 59L, 2L, 342L, 1L, 0L, 0L, 0L, 0L, 
    5L, 0L, 0L, 0L, 0L, 0L, 0L, 0L, 0L, 1L, 0L, 0L, 1L, 78L, 
    11L, 0L, 0L, 0L, 239L, 1L, 1L, 0L), .Dim = c(9L, 4L), .Dimnames = structure(list(
        c("-1", "-2", "-3", "-4", "-5", "0", "1", "2", NA), c("A", 
        "C", "T", NA)), .Names = c("", "")), class = "table"), 
    MSJmono19ms2_SNP1 = structure(c(1264L, 1266L, 18L, 878L, 
    5L, 270L, 1L, 0L, 0L, 0L, 0L, 0L, 14L, 8L, 0L, 79L, 0L, 0L
    ), .Dim = c(6L, 3L), .Dimnames = structure(list(c("-1", "-2", 
    "-3", "0", "1", NA), c("C", "T", NA)), .Names = c("", "")), class = "table"), 
    MSJmono36_SNP1 = structure(c(0L, 0L, 0L, 1L, 0L, 0L, 0L, 
    290L, 10L, 1L, 3796L, 84L, 6L, 87L, 2L, 0L, 0L, 138L, 1L, 
    0L, 0L), .Dim = c(7L, 3L), .Dimnames = structure(list(c("-1", 
    "-2", "-3", "0", "1", "2", NA), c("A", "G", NA)), .Names = c("", 
    "")), class = "table"), MSJmono44_SNP1 = structure(c(4L, 
    0L, 0L, 0L, 0L, 1L, 1997L, 143L, 2L, 676L, 13L, 65L, 51L, 
    3L, 0L, 37L, 0L, 0L), .Dim = c(6L, 3L), .Dimnames = structure(list(
        c("-1", "-2", "-3", "0", "1", NA), c("-", "T", NA)), .Names = c("", 
    "")), class = "table"), MSJmono46_SNP1 = structure(c(144L, 
    1216L, 187L, 1522L, 41L, 495L, 33L, 3L, 182L, 0L, 1L, 0L, 
    0L, 0L, 0L, 0L, 0L, 0L, 11L, 71L, 10L, 21L, 0L, 171L, 8L, 
    0L, 0L), .Dim = c(9L, 3L), .Dimnames = structure(list(c("-1", 
    "-2", "-3", "-4", "-5", "0", "1", "2", NA), c("C", "T", NA
    )), .Names = c("", "")), class = "table"), LMmono04v2_SNP1 = structure(c(0L, 
    14L, 0L, 0L, 0L, 0L, 1L, 716L, 727L, 47L, 546L, 15L, 1L, 
    69L, 0L, 0L, 0L, 1L, 0L, 0L, 0L, 16L, 16L, 0L, 31L, 0L, 0L, 
    0L), .Dim = c(7L, 4L), .Dimnames = structure(list(c("-1", 
    "-2", "-3", "0", "1", "2", NA), c("A", "C", "T", NA)), .Names = c("", 
    "")), class = "table"), AKMmono01v2_SNP1 = structure(c(0L, 
    0L, 0L, 0L, 0L, 0L, 1L, 998L, 1358L, 49L, 13L, 17L, 0L, 110L, 
    0L, 0L, 0L, 0L, 0L, 1L, 0L, 809L, 246L, 26L, 0L, 311L, 6L, 
    61L, 110L, 66L, 2L, 1L, 26L, 0L, 0L), .Dim = c(7L, 5L), .Dimnames = structure(list(
        c("-1", "-2", "-3", "-4", "0", "1", NA), c("-", "C", 
        "G", "T", NA)), .Names = c("", "")), class = "table"), 
    AKMmono10v2_SNP1 = structure(c(195L, 13L, 1688L, 18L, 18L, 
    1L, 0L, 22L, 0L, 0L, 3L, 0L, 91L, 0L, 0L), .Dim = c(5L, 3L
    ), .Dimnames = structure(list(c("-1", "-2", "0", "1", NA), 
        c("A", "G", NA)), .Names = c("", "")), class = "table"), 
    AKMmono17v2_SNP1 = structure(c(55L, 4L, 0L, 728L, 24L, 8L, 
    600L, 54L, 3L, 175L, 3L, 30L, 6L, 1L, 0L, 30L, 0L, 0L), .Dim = c(6L, 
    3L), .Dimnames = structure(list(c("-1", "-2", "-3", "0", 
    "1", NA), c("A", "C", NA)),