Result <-
list(AKMmono02_SNP1 = structure(c(0L, 0L, 0L, 2L, 0L, 0L, 0L, 
0L, 0L, 0L, 1L, 0L, 0L, 0L, 0L, 0L, 0L, 1L, 0L, 0L, 0L, 2316L, 
511L, 17L, 6430L, 125L, 2L, 281L, 36L, 9L, 1L, 103L, 1L, 0L, 
0L), .Dim = c(7L, 5L), .Dimnames = structure(list(c("-1", "-2", 
"-3", "0", "1", "2", NA), c("A", "C", "G", "T", NA)), .Names = c("", 
"")), class = "table"), AKMmono03_SNP1 = structure(c(2214L, 317L, 
44L, 6L, 14781L, 197L, 4L, 1L, 179L, 0L, 0L, 0L, 0L, 1L, 0L, 
0L, 0L, 0L, 1L, 0L, 0L, 0L, 2L, 0L, 0L, 0L, 0L, 110L, 6L, 0L, 
1L, 1155L, 7L, 1L, 0L, 0L), .Dim = c(9L, 4L), .Dimnames = structure(list(
    c("-1", "-2", "-3", "-4", "0", "1", "2", "4", NA), c("A", 
    "C", "G", NA)), .Names = c("", "")), class = "table"), AKMmono05_SNP1 = structure(c(2057L, 
277L, 29L, 6L, 1L, 10293L, 399L, 3L, 176L, 0L, 0L, 0L, 0L, 0L, 
1L, 0L, 0L, 0L, 0L, 0L, 0L, 0L, 0L, 1L, 0L, 0L, 0L, 1L, 0L, 0L, 
0L, 0L, 1L, 0L, 0L, 0L, 94L, 5L, 1L, 0L, 0L, 968L, 42L, 1L, 0L
), .Dim = c(9L, 5L), .Dimnames = structure(list(c("-1", "-2", 
"-3", "-4", "-5", "0", "1", "2", NA), c("A", "C", "G", "T", NA
)), .Names = c("", "")), class = "table"), AKMmono11_SNP1 = structure(c(0L, 
0L, 0L, 0L, 1L, 0L, 0L, 0L, 0L, 2576L, 3885L, 172L, 1L, 8476L, 
117L, 3L, 1L, 488L, 407L, 185L, 3L, 0L, 1668L, 35L, 1L, 0L, 0L
), .Dim = c(9L, 3L), .Dimnames = structure(list(c("-1", "-2", 
"-3", "-4", "0", "1", "2", "3", NA), c("A", "T", NA)), .Names = c("", 
"")), class = "table"), AKMmono12_SNP1 = structure(c(1L, 0L, 
0L, 0L, 1L, 0L, 0L, 0L, 3943L, 510L, 44L, 1L, 12224L, 300L, 13L, 
199L, 0L, 1L, 0L, 0L, 1L, 0L, 0L, 0L, 1L, 0L, 0L, 0L, 5L, 0L, 
0L, 0L, 93L, 5L, 1L, 0L, 1025L, 7L, 0L, 0L), .Dim = c(8L, 5L), .Dimnames = structure(list(
    c("-1", "-2", "-3", "-4", "0", "1", "2", NA), c("A", "C", 
    "G", "T", NA)), .Names = c("", "")), class = "table"), AKMmono13_SNP1 = structure(c(2112L, 
398L, 29L, 0L, 9057L, 162L, 6L, 129L, 0L, 0L, 0L, 0L, 1L, 0L, 
0L, 0L, 44L, 4L, 0L, 1L, 512L, 8L, 1L, 0L), .Dim = c(8L, 3L), .Dimnames = structure(list(
    c("-1", "-2", "-3", "-4", "0", "1", "2", NA), c("A", "C", 
    NA)), .Names = c("", "")), class = "table"), AKMmono16_SNP1 = structure(c(1736L, 
367L, 37L, 2L, 5696L, 87L, 1L, 59L, 0L, 0L, 0L, 0L, 1L, 0L, 0L, 
0L, 1L, 0L, 0L, 0L, 1L, 0L, 0L, 0L, 29L, 2L, 0L, 0L, 337L, 3L, 
0L, 0L), .Dim = c(8L, 4L), .Dimnames = structure(list(c("-1", 
"-2", "-3", "-4", "0", "1", "2", NA), c("A", "G", "T", NA)), .Names = c("", 
"")), class = "table"), AKMmono22_SNP1 = structure(c(2341L, 898L, 
149L, 9L, 4L, 6020L, 309L, 19L, 495L, 2L, 0L, 0L, 0L, 0L, 2L, 
0L, 0L, 0L, 0L, 1L, 0L, 0L, 0L, 0L, 0L, 0L, 0L, 85L, 28L, 1L, 
0L, 0L, 531L, 9L, 0L, 0L), .Dim = c(9L, 4L), .Dimnames = structure(list(
    c("-1", "-2", "-3", "-4", "-5", "0", "1", "2", NA), c("A", 
    "G", "T", NA)), .Names = c("", "")), class = "table"), EJmono05_SNP1 = structure(c(0L, 
0L, 0L, 1L, 0L, 0L, 0L, 1L, 0L, 0L, 5L, 1L, 0L, 0L, 0L, 0L, 0L, 
1L, 0L, 0L, 0L, 1127L, 90L, 2L, 7529L, 150L, 3L, 51L, 24L, 1L, 
0L, 252L, 3L, 0L, 0L), .Dim = c(7L, 5L), .Dimnames = structure(list(
    c("-1", "-2", "-3", "0", "1", "2", NA), c("-", "C", "G", 
    "T", NA)), .Names = c("", "")), class = "table"), EJmono16_SNP1 = structure(c(1937L, 
206L, 7L, 9465L, 435L, 19L, 637L, 0L, 0L, 0L, 1L, 0L, 0L, 0L, 
7L, 3L, 0L, 93L, 2L, 0L, 0L), .Dim = c(7L, 3L), .Dimnames = structure(list(
    c("-1", "-2", "-3", "0", "1", "2", NA), c("A", "G", NA)), .Names = c("", 
"")), class = "table"), LMmono01_SNP1 = structure(c(921L, 169L, 
2L, 3397L, 57L, 29L, 1L, 0L, 0L, 1L, 0L, 0L, 1L, 0L, 0L, 0L, 
0L, 0L, 27L, 5L, 0L, 228L, 3L, 0L), .Dim = c(6L, 4L), .Dimnames = structure(list(
    c("-1", "-2", "-3", "0", "1", NA), c("A", "G", "T", NA)), .Names = c("", 
"")), class = "table"), LMmono03_SNP1 = structure(c(0L, 0L, 0L, 
0L, 0L, 1L, 0L, 0L, 1L, 1064L, 795L, 272L, 64L, 4L, 3611L, 92L, 
2L, 207L, 34L, 16L, 2L, 0L, 0L, 210L, 2L, 0L, 0L), .Dim = c(9L, 
3L), .Dimnames = structure(list(c("-1", "-2", "-3", "-4", "-5", 
"0", "1", "2", NA), c("-", "C", NA)), .Names = c("", "")), class = "table"), 
    LMmono09_SNP1 = structure(c(0L, 2L, 0L, 0L, 0L, 0L, 0L, 0L, 
    0L, 0L, 0L, 0L, 0L, 1L, 0L, 0L, 0L, 0L, 3308L, 1470L, 304L, 
    32L, 7519L, 260L, 9L, 1L, 468L, 27L, 11L, 4L, 0L, 113L, 1L, 
    0L, 0L, 0L), .Dim = c(9L, 4L), .Dimnames = structure(list(
        c("-1", "-2", "-3", "-4", "0", "1", "2", "3", NA), c("A", 
        "G", "T", NA)), .Names = c("", "")), class = "table"), 
    LMmono12_SNP1 = structure(c(1073L, 93L, 9L, 4149L, 1847L, 
    166L, 9L, 1L, 553L, 16L, 0L, 0L, 213L, 26L, 3L, 0L, 0L, 0L
    ), .Dim = c(9L, 2L), .Dimnames = structure(list(c("-1", "-2", 
    "-3", "0", "1", "2", "3", "4", NA), c("A", NA)), .Names = c("", 
    "")), class = "table"), LMmono16_SNP1 = structure(c(3200L, 
    947L, 1228L, 172L, 9L, 7372L, 454L, 26L, 3L, 344L, 1L, 0L, 
    0L, 0L, 0L, 0L, 0L, 0L, 0L, 0L, 0L, 0L, 0L, 0L, 0L, 2L, 0L, 
    0L, 0L, 0L, 108L, 23L, 37L, 3L, 0L, 1087L, 21L, 2L, 0L, 0L
    ), .Dim = c(10L, 4L), .Dimnames = structure(list(c("-1", 
    "-2", "-3", "-4", "-5", "0", "1", "2", "3", NA), c("A", "G", 
    "T", NA)), .Names = c("", "")), class = "table"), MSJmono10_SNP1 = structure(c(0L, 
    0L, 0L, 1L, 0L, 0L, 0L, 2386L, 283L, 8L, 6055L, 195L, 3L, 
    44L, 0L, 0L, 0L, 1L, 0L, 0L, 0L, 56L, 5L, 0L, 346L, 11L, 
    1L, 0L), .Dim = c(7L, 4L), .Dimnames = structure(list(c("-1", 
    "-2", "-3", "0", "1", "2", NA), c("A", "C", "G", NA)), .Names = c("", 
    "")), class = "table"), MSJmono19ms1_SNP1 = structure(c(1197L, 
    63L, 5L, 1L, 14243L, 330L, 8L, 312L, 0L, 0L, 0L, 0L, 15L, 
    0L, 0L, 1L, 0L, 0L, 0L, 0L, 3L, 0L, 0L, 0L, 0L, 0L, 0L, 0L, 
    7L, 0L, 0L, 1L, 105L, 2L, 0L, 0L, 1432L, 29L, 0L, 0L), .Dim = c(8L, 
    5L), .Dimnames = structure(list(c("-1", "-2", "-3", "-4", 
    "0", "1", "2", NA), c("A", "C", "G", "T", NA)), .Names = c("", 
    "")), class = "table"), MSJmono19ms2_SNP1 = structure(c(1140L, 
    26L, 1L, 14077L, 136L, 2L, 224L, 0L, 0L, 0L, 3L, 0L, 0L, 
    0L, 5L, 0L, 0L, 1062L, 2L, 0L, 0L), .Dim = c(7L, 3L), .Dimnames = structure(list(
        c("-1", "-2", "-3", "0", "1", "2", NA), c("C", "G", NA
        )), .Names = c("", "")), class = "table"), MSJmono36_SNP1 = structure(c(0L, 
    0L, 0L, 0L, 3L, 0L, 0L, 0L, 0L, 1L, 0L, 0L, 0L, 0L, 0L, 0L, 
    0L, 0L, 1191L, 126L, 4L, 1L, 9811L, 222L, 13L, 1L, 239L, 
    0L, 0L, 0L, 0L, 1L, 0L, 0L, 0L, 0L, 4L, 1L, 0L, 0L, 303L, 
    1L, 0L, 0L, 0L), .Dim = c(9L, 5L), .Dimnames = structure(list(
        c("-1", "-2", "-3", "-5", "0", "1", "2", "3", NA), c("A", 
        "C", "G", "T", NA)), .Names = c("", "")), class = "table"), 
    MSJmono44_SNP1 = structure(c(0L, 0L, 0L, 1L, 0L, 0L, 0L, 
    0L, 0L, 1L, 1L, 0L, 0L, 0L, 0L, 0L, 0L, 0L, 0L, 0L, 1494L, 
    93L, 1L, 0L, 1L, 4519L, 71L, 5L, 1L, 64L, 10L, 1L, 1L, 0L, 
    0L, 83L, 1L, 0L, 0L, 0L), .Dim = c(10L, 4L), .Dimnames = structure(list(
        c("-1", "-2", "-3", "-4", "-5", "0", "1", "14", "2", 
        NA), c("-", "C", "T", NA)), .Names = c("", "")), class = "table"), 
    MSJmono46_SNP1 = structure(c(0L, 0L, 0L, 0L, 0L, 1L, 0L, 
    0L, 0L, 1119L, 191L, 22L, 2L, 1L, 2729L, 152L, 3L, 114L, 
    1L, 0L, 0L, 0L, 0L, 0L, 0L, 0L, 0L, 20L, 1L, 0L, 0L, 0L, 
    94L, 0L, 0L, 0L), .Dim = c(9L, 4L), .Dimnames = structure(list(
        c("-1", "-2", "-3", "-4", "-5", "0", "1", "2", NA), c("A", 
        "C", "T", NA)), .Names = c("", "")), class = "table"), 
    LMmono04v2_SNP1 = structure(c(950L, 196L, 2L, 1L, 3258L, 
    132L, 2L, 1L, 38L, 1L, 0L, 0L, 0L, 1L, 0L, 0L, 0L, 0L, 20L, 
    1L, 0L, 0L, 157L, 6L, 0L, 0L, 0L), .Dim = c(9L, 3L), .Dimnames = structure(list(
        c("-1", "-2", "-3", "-4", "0", "1", "2", "3", NA), c("C", 
        "T", NA)), .Names = c("", "")), class = "table"), AKMmono01v2_SNP1 = structure(c(1L, 
    0L, 0L, 1L, 0L, 0L, 0L, 1050L, 1056L, 59L, 6978L, 112L, 1L, 
    99L, 22L, 17L, 2L, 289L, 5L, 0L, 0L), .Dim = c(7L, 3L), .Dimnames = structure(list(
        c("-1", "-2", "-3", "0", "1", "2", NA), c("C", "T", NA
        )), .Names = c("", "")),