Result <-
list(AKMmono02_SNP1 = structure(c(0L, 0L, 0L, 0L, 2L, 0L, 0L, 
955L, 687L, 28L, 1L, 2370L, 69L, 168L, 18L, 23L, 0L, 0L, 115L, 
1L, 0L), .Dim = c(7L, 3L), .Dimnames = structure(list(c("-1", 
"-2", "-3", "-4", "0", "1", NA), c("A", "T", NA)), .Names = c("", 
"")), class = "table"), AKMmono03_SNP1 = structure(c(1073L, 355L, 
96L, 4L, 1L, 4934L, 486L, 16L, 222L, 0L, 0L, 0L, 0L, 0L, 5L, 
0L, 0L, 1L, 60L, 21L, 4L, 0L, 0L, 533L, 24L, 3L, 0L), .Dim = c(9L, 
3L), .Dimnames = structure(list(c("-1", "-2", "-3", "-4", "-5", 
"0", "1", "2", NA), c("A", "C", NA)), .Names = c("", "")), class = "table"), 
    AKMmono05_SNP1 = structure(c(492L, 1197L, 490L, 20L, 1L, 
    2635L, 109L, 4L, 209L, 0L, 0L, 0L, 0L, 0L, 3L, 0L, 0L, 0L, 
    0L, 1L, 0L, 0L, 0L, 0L, 0L, 0L, 0L, 0L, 0L, 0L, 0L, 0L, 2L, 
    0L, 0L, 0L, 22L, 56L, 8L, 0L, 0L, 317L, 12L, 0L, 0L), .Dim = c(9L, 
    5L), .Dimnames = structure(list(c("-1", "-2", "-3", "-4", 
    "-5", "0", "1", "2", NA), c("A", "C", "G", "T", NA)), .Names = c("", 
    "")), class = "table"), AKMmono11_SNP1 = structure(c(1L, 
    0L, 0L, 0L, 3L, 0L, 0L, 0L, 0L, 0L, 0L, 0L, 2L, 0L, 0L, 0L, 
    1L, 0L, 0L, 0L, 0L, 0L, 0L, 0L, 793L, 669L, 164L, 32L, 4723L, 
    83L, 1L, 225L, 89L, 22L, 6L, 0L, 709L, 23L, 0L, 0L), .Dim = c(8L, 
    5L), .Dimnames = structure(list(c("-1", "-2", "-3", "-4", 
    "0", "1", "2", NA), c("A", "C", "G", "T", NA)), .Names = c("", 
    "")), class = "table"), AKMmono12_SNP1 = structure(c(1216L, 
    608L, 87L, 2L, 3193L, 93L, 2L, 127L, 2L, 1L, 0L, 0L, 0L, 
    0L, 0L, 0L, 30L, 14L, 1L, 0L, 276L, 3L, 0L, 0L), .Dim = c(8L, 
    3L), .Dimnames = structure(list(c("-1", "-2", "-3", "-4", 
    "0", "1", "2", NA), c("C", "T", NA)), .Names = c("", "")), class = "table"), 
    AKMmono13_SNP1 = structure(c(1218L, 937L, 39L, 1L, 3841L, 
    93L, 1L, 179L, 0L, 0L, 0L, 0L, 1L, 0L, 0L, 0L, 0L, 0L, 0L, 
    0L, 1L, 0L, 0L, 0L, 0L, 0L, 0L, 0L, 1L, 0L, 0L, 0L, 33L, 
    20L, 0L, 0L, 279L, 6L, 0L, 0L), .Dim = c(8L, 5L), .Dimnames = structure(list(
        c("-1", "-2", "-3", "-4", "0", "1", "2", NA), c("A", 
        "C", "G", "T", NA)), .Names = c("", "")), class = "table"), 
    AKMmono16_SNP1 = structure(c(1517L, 308L, 73L, 8L, 3103L, 
    44L, 0L, 136L, 0L, 1L, 0L, 0L, 1L, 0L, 0L, 0L, 46L, 5L, 0L, 
    1L, 230L, 8L, 1L, 0L), .Dim = c(8L, 3L), .Dimnames = structure(list(
        c("-1", "-2", "-3", "-4", "0", "1", "2", NA), c("A", 
        "T", NA)), .Names = c("", "")), class = "table"), AKMmono22_SNP1 = structure(c(0L, 
    0L, 0L, 0L, 0L, 0L, 1L, 0L, 0L, 0L, 290L, 111L, 712L, 341L, 
    212L, 4L, 2073L, 88L, 4L, 308L, 0L, 0L, 0L, 1L, 0L, 0L, 0L, 
    0L, 0L, 0L, 15L, 5L, 12L, 7L, 3L, 0L, 264L, 5L, 1L, 0L), .Dim = c(10L, 
    4L), .Dimnames = structure(list(c("-1", "-2", "-3", "-4", 
    "-5", "-6", "0", "1", "2", NA), c("-", "A", "G", NA)), .Names = c("", 
    "")), class = "table"), EJmono05_SNP1 = structure(c(0L, 0L, 
    0L, 2L, 0L, 0L, 0L, 1448L, 205L, 4L, 3012L, 40L, 2L, 102L, 
    37L, 5L, 0L, 144L, 0L, 0L, 0L), .Dim = c(7L, 3L), .Dimnames = structure(list(
        c("-1", "-2", "-3", "0", "1", "2", NA), c("A", "T", NA
        )), .Names = c("", "")), class = "table"), EJmono16_SNP1 = structure(c(507L, 
    144L, 11L, 1L, 1L, 3249L, 191L, 11L, 1L, 1L, 510L, 0L, 0L, 
    0L, 0L, 0L, 1L, 0L, 0L, 0L, 0L, 0L, 5L, 1L, 0L, 0L, 0L, 84L, 
    0L, 0L, 0L, 0L, 0L), .Dim = c(11L, 3L), .Dimnames = structure(list(
        c("-1", "-2", "-3", "-4", "-6", "0", "1", "2", "3", "4", 
        NA), c("A", "C", NA)), .Names = c("", "")), class = "table"), 
    LMmono01_SNP1 = structure(c(1043L, 408L, 5L, 2L, 2342L, 45L, 
    1L, 162L, 0L, 0L, 0L, 0L, 1L, 0L, 0L, 0L, 0L, 0L, 0L, 0L, 
    1L, 0L, 0L, 0L, 44L, 7L, 0L, 0L, 165L, 3L, 0L, 0L), .Dim = c(8L, 
    4L), .Dimnames = structure(list(c("-1", "-2", "-3", "-5", 
    "0", "1", "2", NA), c("A", "G", "T", NA)), .Names = c("", 
    "")), class = "table"), LMmono03_SNP1 = structure(c(0L, 0L, 
    0L, 0L, 0L, 0L, 2L, 0L, 0L, 0L, 340L, 141L, 528L, 362L, 11L, 
    1L, 1479L, 43L, 1L, 129L, 1L, 0L, 0L, 0L, 0L, 0L, 0L, 0L, 
    0L, 0L, 10L, 3L, 8L, 3L, 0L, 0L, 233L, 6L, 0L, 0L), .Dim = c(10L, 
    4L), .Dimnames = structure(list(c("-1", "-2", "-3", "-4", 
    "-5", "-7", "0", "1", "2", NA), c("A", "C", "T", NA)), .Names = c("", 
    "")), class = "table"), LMmono09_SNP1 = structure(c(1192L, 
    1422L, 1766L, 1131L, 88L, 5011L, 249L, 15L, 507L, 21L, 24L, 
    31L, 21L, 4L, 121L, 5L, 0L, 0L), .Dim = c(9L, 2L), .Dimnames = structure(list(
        c("-1", "-2", "-3", "-4", "-5", "0", "1", "2", NA), c("T", 
        NA)), .Names = c("", "")), class = "table"), LMmono12_SNP1 = structure(c(768L, 
    412L, 546L, 32L, 1L, 1991L, 141L, 5L, 197L, 34L, 16L, 12L, 
    0L, 0L, 234L, 7L, 0L, 0L), .Dim = c(9L, 2L), .Dimnames = structure(list(
        c("-1", "-2", "-3", "-4", "-5", "0", "1", "2", NA), c("A", 
        NA)), .Names = c("", "")), class = "table"), LMmono16_SNP1 = structure(c(478L, 
    547L, 100L, 14L, 1L, 2894L, 113L, 4L, 460L, 167L, 16L, 1L, 
    385L, 0L, 0L, 0L, 0L, 0L, 0L, 1L, 0L, 0L, 0L, 0L, 0L, 0L, 
    0L, 0L, 0L, 0L, 0L, 1L, 0L, 0L, 0L, 0L, 0L, 0L, 0L, 12L, 
    14L, 5L, 0L, 0L, 558L, 6L, 1L, 24L, 23L, 1L, 1L, 0L), .Dim = c(13L, 
    4L), .Dimnames = structure(list(c("-1", "-2", "-3", "-4", 
    "-5", "0", "1", "2", "3", "5", "6", "7", NA), c("A", "G", 
    "T", NA)), .Names = c("", "")), class = "table"), MSJmono10_SNP1 = structure(c(0L, 
    0L, 0L, 1L, 0L, 0L, 0L, 831L, 582L, 110L, 3260L, 99L, 8L, 
    71L, 26L, 14L, 1L, 195L, 5L, 0L, 0L), .Dim = c(7L, 3L), .Dimnames = structure(list(
        c("-1", "-2", "-3", "0", "1", "2", NA), c("A", "C", NA
        )), .Names = c("", "")), class = "table"), MSJmono19ms1_SNP1 = structure(c(753L, 
    315L, 16L, 1L, 1L, 3448L, 75L, 34L, 353L, 0L, 1L, 0L, 0L, 
    0L, 11L, 1L, 0L, 1L, 0L, 0L, 0L, 0L, 0L, 3L, 0L, 0L, 1L, 
    52L, 20L, 0L, 0L, 0L, 529L, 6L, 1L, 0L), .Dim = c(9L, 4L), .Dimnames = structure(list(
        c("-1", "-2", "-3", "-4", "-5", "0", "1", "2", NA), c("A", 
        "C", "T", NA)), .Names = c("", "")), class = "table"), 
    MSJmono19ms2_SNP1 = structure(c(0L, 0L, 0L, 1L, 0L, 0L, 0L, 
    1231L, 258L, 1L, 3211L, 47L, 1L, 203L, 18L, 1L, 0L, 284L, 
    2L, 0L, 0L), .Dim = c(7L, 3L), .Dimnames = structure(list(
        c("-1", "-2", "-3", "0", "1", "2", NA), c("A", "C", NA
        )), .Names = c("", "")), class = "table"), MSJmono36_SNP1 = structure(c(0L, 
    0L, 0L, 1L, 1L, 0L, 0L, 0L, 408L, 50L, 31L, 4033L, 571L, 
    40L, 5L, 299L, 0L, 1L, 0L, 0L, 0L, 0L, 0L, 0L, 6L, 1L, 0L, 
    170L, 7L, 1L, 0L, 0L), .Dim = c(8L, 4L), .Dimnames = structure(list(
        c("-1", "-2", "-3", "0", "1", "2", "3", NA), c("A", "G", 
        "T", NA)), .Names = c("", "")), class = "table"), MSJmono44_SNP1 = structure(c(1050L, 
    178L, 111L, 1L, 1962L, 40L, 2L, 49L, 19L, 2L, 0L, 0L, 93L, 
    1L, 0L, 0L), .Dim = c(8L, 2L), .Dimnames = structure(list(
        c("-1", "-2", "-3", "-4", "0", "1", "2", NA), c("T", 
        NA)), .Names = c("", "")), class = "table"), MSJmono46_SNP1 = structure(c(473L, 
    884L, 583L, 53L, 1544L, 113L, 3L, 194L, 0L, 0L, 1L, 0L, 0L, 
    0L, 0L, 1L, 55L, 41L, 24L, 0L, 419L, 26L, 2L, 0L), .Dim = c(8L, 
    3L), .Dimnames = structure(list(c("-1", "-2", "-3", "-4", 
    "0", "1", "2", NA), c("C", "T", NA)), .Names = c("", "")), class = "table"), 
    LMmono04v2_SNP1 = structure(c(536L, 647L, 91L, 2L, 2063L, 
    84L, 8L, 72L, 1L, 0L, 0L, 0L, 0L, 0L, 0L, 0L, 0L, 0L, 0L, 
    0L, 1L, 0L, 0L, 0L, 16L, 10L, 0L, 0L, 133L, 7L, 0L, 0L), .Dim = c(8L, 
    4L), .Dimnames = structure(list(c("-1", "-2", "-3", "-4", 
    "0", "1", "2", NA), c("C", "G", "T", NA)), .Names = c("", 
    "")), class = "table"), AKMmono01v2_SNP1 = structure(c(2L, 
    2L, 0L, 0L, 0L, 0L, 0L, 642L, 660L, 90L, 1L, 2748L, 43L, 
    69L, 30L, 24L, 3L, 0L, 232L, 2L, 0L), .Dim = c(7L, 3L), .Dimnames = structure(list(
        c("-1", "-2", "-3", "-4", "0", "1", NA), c("C", "T", 
        NA)), .Names = c("", "")), class = "table"),