Result <-
list(AKMmono02_SNP1 = structure(c(1L, 0L, 0L, 0L, 0L, 0L, 0L, 
0L, 1L, 0L, 0L, 0L, 0L, 0L, 386L, 1384L, 33L, 2L, 2108L, 54L, 
175L, 12L, 45L, 1L, 0L, 80L, 3L, 0L), .Dim = c(7L, 4L), .Dimnames = structure(list(
    c("-1", "-2", "-3", "-4", "0", "1", NA), c("A", "C", "T", 
    NA)), .Names = c("", "")), class = "table"), AKMmono03_SNP1 = structure(c(1280L, 
203L, 21L, 2268L, 52L, 4L, 126L, 0L, 0L, 0L, 1L, 0L, 0L, 0L, 
68L, 10L, 2L, 223L, 3L, 0L, 0L), .Dim = c(7L, 3L), .Dimnames = structure(list(
    c("-1", "-2", "-3", "0", "1", "2", NA), c("A", "C", NA)), .Names = c("", 
"")), class = "table"), AKMmono05_SNP1 = structure(c(686L, 132L, 
784L, 60L, 2L, 1278L, 46L, 2L, 140L, 1L, 0L, 0L, 0L, 0L, 1L, 
0L, 0L, 0L, 0L, 0L, 1L, 0L, 0L, 1L, 0L, 0L, 0L, 36L, 7L, 9L, 
0L, 0L, 141L, 1L, 0L, 0L), .Dim = c(9L, 4L), .Dimnames = structure(list(
    c("-1", "-2", "-3", "-4", "-5", "0", "1", "2", NA), c("A", 
    "C", "G", NA)), .Names = c("", "")), class = "table"), AKMmono11_SNP1 = structure(c(2L, 
0L, 0L, 2L, 0L, 0L, 0L, 1399L, 2753L, 74L, 2575L, 47L, 2L, 517L, 
179L, 149L, 4L, 380L, 11L, 0L, 0L), .Dim = c(7L, 3L), .Dimnames = structure(list(
    c("-1", "-2", "-3", "0", "1", "2", NA), c("A", "T", NA)), .Names = c("", 
"")), class = "table"), AKMmono12_SNP1 = structure(c(1L, 0L, 
0L, 2L, 0L, 0L, 0L, 1687L, 223L, 8L, 2431L, 64L, 1L, 113L, 0L, 
1L, 0L, 1L, 0L, 0L, 0L, 0L, 1L, 0L, 1L, 0L, 0L, 0L, 35L, 5L, 
0L, 193L, 4L, 0L, 0L), .Dim = c(7L, 5L), .Dimnames = structure(list(
    c("-1", "-2", "-3", "0", "1", "2", NA), c("A", "C", "G", 
    "T", NA)), .Names = c("", "")), class = "table"), AKMmono13_SNP1 = structure(c(1513L, 
224L, 9L, 1224L, 32L, 114L, 39L, 4L, 0L, 88L, 2L, 0L), .Dim = c(6L, 
2L), .Dimnames = structure(list(c("-1", "-2", "-3", "0", "1", 
NA), c("A", NA)), .Names = c("", "")), class = "table"), AKMmono16_SNP1 = structure(c(380L, 
11L, 1L, 2768L, 80L, 5L, 42L, 1L, 0L, 0L, 0L, 0L, 0L, 0L, 0L, 
0L, 0L, 3L, 0L, 0L, 1L, 7L, 1L, 0L, 203L, 6L, 1L, 0L), .Dim = c(7L, 
4L), .Dimnames = structure(list(c("-1", "-2", "-3", "0", "1", 
"2", NA), c("A", "C", "T", NA)), .Names = c("", "")), class = "table"), 
    AKMmono22_SNP1 = structure(c(151L, 412L, 135L, 354L, 36L, 
    1L, 698L, 35L, 2L, 163L, 0L, 0L, 1L, 0L, 0L, 0L, 0L, 0L, 
    0L, 0L, 5L, 17L, 8L, 5L, 1L, 0L, 97L, 2L, 0L, 0L), .Dim = c(10L, 
    3L), .Dimnames = structure(list(c("-1", "-2", "-3", "-4", 
    "-5", "-6", "0", "1", "2", NA), c("A", "T", NA)), .Names = c("", 
    "")), class = "table"), EJmono05_SNP1 = structure(c(1L, 0L, 
    0L, 0L, 0L, 0L, 0L, 831L, 85L, 1L, 1042L, 348L, 11L, 137L, 
    18L, 0L, 0L, 62L, 7L, 1L, 0L), .Dim = c(7L, 3L), .Dimnames = structure(list(
        c("-1", "-2", "-3", "0", "1", "2", NA), c("A", "T", NA
        )), .Names = c("", "")), class = "table"), EJmono16_SNP1 = structure(c(563L, 
    67L, 2L, 1638L, 60L, 3L, 358L, 8L, 0L, 0L, 33L, 0L, 0L, 0L
    ), .Dim = c(7L, 2L), .Dimnames = structure(list(c("-1", "-2", 
    "-3", "0", "1", "2", NA), c("A", NA)), .Names = c("", "")), class = "table"), 
    LMmono01_SNP1 = structure(c(1292L, 138L, 3L, 815L, 11L, 182L, 
    0L, 1L, 0L, 1L, 0L, 1L, 0L, 0L, 0L, 1L, 0L, 0L, 60L, 2L, 
    0L, 63L, 0L, 0L), .Dim = c(6L, 4L), .Dimnames = structure(list(
        c("-1", "-2", "-3", "0", "1", NA), c("A", "G", "T", NA
        )), .Names = c("", "")), class = "table"), LMmono03_SNP1 = structure(c(0L, 
    0L, 1L, 0L, 0L, 0L, 0L, 0L, 0L, 0L, 0L, 0L, 3L, 0L, 0L, 0L, 
    259L, 74L, 348L, 41L, 884L, 30L, 2L, 65L, 9L, 1L, 7L, 0L, 
    118L, 0L, 0L, 0L), .Dim = c(8L, 4L), .Dimnames = structure(list(
        c("-1", "-2", "-3", "-4", "0", "1", "2", NA), c("-", 
        "A", "C", NA)), .Names = c("", "")), class = "table"), 
    LMmono09_SNP1 = structure(c(418L, 1003L, 3011L, 452L, 9L, 
    2010L, 89L, 8L, 320L, 12L, 22L, 63L, 14L, 0L, 47L, 1L, 0L, 
    0L), .Dim = c(9L, 2L), .Dimnames = structure(list(c("-1", 
    "-2", "-3", "-4", "-5", "0", "1", "2", NA), c("T", NA)), .Names = c("", 
    "")), class = "table"), LMmono12_SNP1 = structure(c(599L, 
    782L, 88L, 4L, 718L, 63L, 9L, 145L, 31L, 21L, 0L, 0L, 94L, 
    2L, 0L, 0L), .Dim = c(8L, 2L), .Dimnames = structure(list(
        c("-1", "-2", "-3", "-4", "0", "1", "2", NA), c("A", 
        NA)), .Names = c("", "")), class = "table"), LMmono16_SNP1 = structure(c(1826L, 
    989L, 161L, 12L, 1024L, 58L, 6L, 1L, 2L, 1L, 315L, 0L, 0L, 
    0L, 0L, 1L, 0L, 0L, 0L, 0L, 0L, 0L, 58L, 26L, 6L, 0L, 194L, 
    5L, 0L, 0L, 1L, 0L, 0L), .Dim = c(11L, 3L), .Dimnames = structure(list(
        c("-1", "-2", "-3", "-4", "0", "1", "2", "3", "5", "6", 
        NA), c("A", "G", NA)), .Names = c("", "")), class = "table"), 
    MSJmono10_SNP1 = structure(c(0L, 0L, 0L, 0L, 0L, 0L, 0L, 
    1L, 1755L, 875L, 39L, 1L, 1981L, 78L, 3L, 114L, 58L, 25L, 
    1L, 0L, 125L, 5L, 1L, 0L), .Dim = c(8L, 3L), .Dimnames = structure(list(
        c("-1", "-2", "-3", "-4", "0", "1", "2", NA), c("A", 
        "C", NA)), .Names = c("", "")), class = "table"), MSJmono19ms1_SNP1 = structure(c(249L, 
    13L, 2L, 2776L, 55L, 142L, 0L, 0L, 0L, 3L, 0L, 0L, 0L, 0L, 
    0L, 1L, 0L, 0L, 15L, 1L, 0L, 429L, 7L, 0L), .Dim = c(6L, 
    4L), .Dimnames = structure(list(c("-1", "-2", "-3", "0", 
    "1", NA), c("A", "C", "G", NA)), .Names = c("", "")), class = "table"), 
    MSJmono19ms2_SNP1 = structure(c(877L, 19L, 2055L, 33L, 1L, 
    114L, 11L, 0L, 164L, 0L, 0L, 0L), .Dim = c(6L, 2L), .Dimnames = structure(list(
        c("-1", "-2", "0", "1", "2", NA), c("C", NA)), .Names = c("", 
    "")), class = "table"), MSJmono36_SNP1 = structure(c(343L, 
    663L, 33L, 2218L, 81L, 183L, 3L, 6L, 1L, 88L, 1L, 0L), .Dim = c(6L, 
    2L), .Dimnames = structure(list(c("-1", "-2", "-3", "0", 
    "1", NA), c("G", NA)), .Names = c("", "")), class = "table"), 
    MSJmono44_SNP1 = structure(c(1248L, 54L, 1L, 773L, 20L, 50L, 
    25L, 2L, 0L, 37L, 0L, 0L), .Dim = c(6L, 2L), .Dimnames = structure(list(
        c("-1", "-2", "-3", "0", "1", NA), c("T", NA)), .Names = c("", 
    "")), class = "table"), MSJmono46_SNP1 = structure(c(0L, 
    0L, 0L, 2L, 0L, 0L, 0L, 613L, 130L, 15L, 702L, 58L, 1L, 83L, 
    1L, 0L, 0L, 0L, 0L, 0L, 0L, 69L, 12L, 1L, 202L, 10L, 1L, 
    0L), .Dim = c(7L, 4L), .Dimnames = structure(list(c("-1", 
    "-2", "-3", "0", "1", "2", NA), c("A", "C", "T", NA)), .Names = c("", 
    "")), class = "table"), LMmono04v2_SNP1 = structure(c(434L, 
    88L, 4L, 927L, 360L, 46L, 6L, 44L, 8L, 0L, 0L, 58L, 19L, 
    4L, 1L, 0L), .Dim = c(8L, 2L), .Dimnames = structure(list(
        c("-1", "-2", "-3", "0", "1", "2", "3", NA), c("C", NA
        )), .Names = c("", "")), class = "table"), AKMmono01v2_SNP1 = structure(c(1L, 
    0L, 0L, 1L, 0L, 0L, 443L, 778L, 31L, 3L, 0L, 74L, 1L, 0L, 
    0L, 0L, 0L, 0L, 1023L, 410L, 15L, 1336L, 22L, 81L, 80L, 64L, 
    3L, 125L, 0L, 0L), .Dim = 6:5, .Dimnames = structure(list(
        c("-1", "-2", "-3", "0", "1", NA), c("A", "C", "G", "T", 
        NA)), .Names = c("", "")), class = "table"), AKMmono10v2_SNP1 = structure(c(183L, 
    3L, 1369L, 16L, 21L, 0L, 0L, 68L, 1L, 0L), .Dim = c(5L, 2L
    ), .Dimnames = structure(list(c("-1", "-2", "0", "1", NA), 
        c("A", NA)), .Names = c("", "")), class = "table"), AKMmono17v2_SNP1 = structure(c(304L, 
    31L, 144L, 2L, 0L, 19L, 42L, 5L, 239L, 148L, 4L, 19L, 3L, 
    0L, 31L, 4L, 0L, 0L), .Dim = c(6L, 3L), .Dimnames = structure(list(
        c("-1", "-2", "0", "1", "2", NA), c("A", "C", NA)), .Names = c("", 
    "")), class = "table"), EJmono13v2_SNP1 = structure(c(57L, 
    756L, 43L, 0L, 0L, 2L, 44L, 586L, 108L, 6L, 1L, 7L, 6L, 171L, 
    19L, 1L, 0L, 0L), .Dim = c(6L, 3L), .Dimnames = structure(list(
        c("-1", "0", "1", "2", "3", NA), c("A", "G", NA)), .Names = c("", 
    "")), class = "table"), EJmono21v2_SNP1 = structure(c(274L, 
    14L, 1L, 444L, 8L, 31L, 14L, 0L, 0L, 7L, 0L, 1L, 5L, 1L, 
    0L, 24L, 0L, 0L), .Dim = c(6L, 3L), .Dimnames = structure(list(
        c("-1", "-2", "-3", "0", "1", NA), c("C", "T", NA)), .Names = c("", 
    "")),