Result <-
list(AKMmono02_SNP1 = structure(c(760L, 822L, 29L, 0L, 1011L, 
36L, 127L, 14L, 18L, 1L, 1L, 13L, 0L, 0L), .Dim = c(7L, 2L), .Dimnames = structure(list(
    c("-1", "-2", "-3", "-4", "0", "1", NA), c("T", NA)), .Names = c("", 
"")), class = "table"), AKMmono03_SNP1 = structure(c(1016L, 1648L, 
249L, 8L, 1788L, 38L, 1L, 166L, 43L, 52L, 5L, 0L, 145L, 0L, 0L, 
0L), .Dim = c(8L, 2L), .Dimnames = structure(list(c("-1", "-2", 
"-3", "-4", "0", "1", "2", NA), c("A", NA)), .Names = c("", ""
)), class = "table"), AKMmono05_SNP1 = structure(c(577L, 69L, 
20L, 4L, 3324L, 138L, 4L, 63L, 36L, 2L, 0L, 0L, 306L, 15L, 0L, 
0L), .Dim = c(8L, 2L), .Dimnames = structure(list(c("-1", "-2", 
"-3", "-4", "0", "1", "2", NA), c("A", NA)), .Names = c("", ""
)), class = "table"), AKMmono11_SNP1 = structure(c(0L, 0L, 0L, 
0L, 1L, 0L, 0L, 422L, 2692L, 224L, 10L, 1927L, 43L, 210L, 59L, 
125L, 7L, 0L, 370L, 12L, 0L), .Dim = c(7L, 3L), .Dimnames = structure(list(
    c("-1", "-2", "-3", "-4", "0", "1", NA), c("A", "T", NA)), .Names = c("", 
"")), class = "table"), AKMmono12_SNP1 = structure(c(1309L, 1311L, 
62L, 3L, 1851L, 51L, 4L, 87L, 1L, 0L, 0L, 0L, 0L, 0L, 0L, 0L, 
1L, 0L, 0L, 0L, 0L, 0L, 0L, 0L, 31L, 27L, 0L, 0L, 180L, 4L, 0L, 
0L), .Dim = c(8L, 4L), .Dimnames = structure(list(c("-1", "-2", 
"-3", "-4", "0", "1", "2", NA), c("C", "G", "T", NA)), .Names = c("", 
"")), class = "table"), AKMmono13_SNP1 = structure(c(387L, 1123L, 
32L, 1L, 2399L, 77L, 3L, 63L, 0L, 0L, 0L, 0L, 1L, 0L, 0L, 0L, 
15L, 15L, 2L, 0L, 154L, 3L, 0L, 0L), .Dim = c(8L, 3L), .Dimnames = structure(list(
    c("-1", "-2", "-3", "-4", "0", "1", "2", NA), c("A", "C", 
    NA)), .Names = c("", "")), class = "table"), AKMmono16_SNP1 = structure(c(1626L, 
224L, 18L, 1437L, 22L, 1L, 48L, 38L, 1L, 0L, 93L, 2L, 0L, 0L), .Dim = c(7L, 
2L), .Dimnames = structure(list(c("-1", "-2", "-3", "0", "1", 
"2", NA), c("A", NA)), .Names = c("", "")), class = "table"), 
    AKMmono22_SNP1 = structure(c(200L, 202L, 98L, 491L, 13L, 
    2L, 1180L, 80L, 7L, 1L, 97L, 0L, 0L, 0L, 0L, 0L, 0L, 1L, 
    0L, 0L, 0L, 0L, 8L, 6L, 4L, 10L, 0L, 0L, 129L, 2L, 0L, 0L, 
    0L), .Dim = c(11L, 3L), .Dimnames = structure(list(c("-1", 
    "-2", "-3", "-4", "-5", "-6", "0", "1", "2", "3", NA), c("A", 
    "T", NA)), .Names = c("", "")), class = "table"), EJmono05_SNP1 = structure(c(1068L, 
    67L, 2L, 1938L, 58L, 1L, 34L, 24L, 1L, 0L, 64L, 2L, 0L, 0L
    ), .Dim = c(7L, 2L), .Dimnames = structure(list(c("-1", "-2", 
    "-3", "0", "1", "2", NA), c("T", NA)), .Names = c("", "")), class = "table"), 
    EJmono16_SNP1 = structure(c(741L, 649L, 38L, 1L, 2413L, 122L, 
    7L, 1L, 262L, 0L, 0L, 0L, 0L, 0L, 0L, 0L, 0L, 1L, 6L, 8L, 
    1L, 0L, 24L, 0L, 0L, 0L, 0L), .Dim = c(9L, 3L), .Dimnames = structure(list(
        c("-1", "-2", "-3", "-4", "0", "1", "2", "3", NA), c("A", 
        "C", NA)), .Names = c("", "")), class = "table"), LMmono01_SNP1 = structure(c(1132L, 
    346L, 3L, 2409L, 36L, 2L, 2L, 7L, 48L, 0L, 0L, 0L, 1L, 0L, 
    0L, 0L, 0L, 0L, 2L, 1L, 0L, 0L, 0L, 0L, 0L, 0L, 0L, 43L, 
    4L, 0L, 158L, 5L, 0L, 0L, 0L, 0L), .Dim = c(9L, 4L), .Dimnames = structure(list(
        c("-1", "-2", "-3", "0", "1", "2", "3", "4", NA), c("A", 
        "C", "G", NA)), .Names = c("", "")), class = "table"), 
    LMmono03_SNP1 = structure(c(0L, 0L, 0L, 0L, 0L, 0L, 0L, 1L, 
    0L, 0L, 428L, 158L, 41L, 574L, 34L, 2L, 1L, 723L, 28L, 82L, 
    14L, 5L, 2L, 5L, 0L, 0L, 0L, 52L, 1L, 0L), .Dim = c(10L, 
    3L), .Dimnames = structure(list(c("-1", "-2", "-3", "-4", 
    "-5", "-6", "-7", "0", "1", NA), c("A", "C", NA)), .Names = c("", 
    "")), class = "table"), LMmono09_SNP1 = structure(c(0L, 0L, 
    2L, 0L, 0L, 0L, 0L, 0L, 1L, 0L, 0L, 0L, 1L, 0L, 0L, 0L, 0L, 
    0L, 560L, 2094L, 2706L, 355L, 5L, 2878L, 116L, 6L, 462L, 
    6L, 1L, 36L, 10L, 0L, 46L, 0L, 0L, 0L), .Dim = c(9L, 4L), .Dimnames = structure(list(
        c("-1", "-2", "-3", "-4", "-5", "0", "1", "2", NA), c("C", 
        "G", "T", NA)), .Names = c("", "")), class = "table"), 
    LMmono12_SNP1 = structure(c(719L, 470L, 787L, 147L, 1L, 945L, 
    71L, 5L, 130L, 4L, 9L, 3L, 2L, 0L, 36L, 1L, 0L, 0L), .Dim = c(9L, 
    2L), .Dimnames = structure(list(c("-1", "-2", "-3", "-4", 
    "-5", "0", "1", "2", NA), c("A", NA)), .Names = c("", "")), class = "table"), 
    LMmono16_SNP1 = structure(c(200L, 22L, 7L, 834L, 14L, 1634L, 
    55L, 2L, 139L, 1L, 273L, 5L, 44L, 2L, 139L, 0L, 0L, 0L, 0L, 
    0L, 1L, 0L, 0L, 0L, 0L, 0L, 0L, 0L, 0L, 0L, 0L, 0L, 0L, 0L, 
    0L, 1L, 0L, 0L, 0L, 0L, 0L, 0L, 0L, 0L, 0L, 7L, 2L, 0L, 8L, 
    0L, 230L, 5L, 0L, 4L, 0L, 15L, 0L, 3L, 1L, 0L), .Dim = c(15L, 
    4L), .Dimnames = structure(list(c("-1", "-2", "-4", "-5", 
    "-6", "0", "1", "2", "3", "4", "5", "6", "7", "8", NA), c("A", 
    "C", "G", NA)), .Names = c("", "")), class = "table"), MSJmono10_SNP1 = structure(c(1807L, 
    267L, 7L, 1325L, 48L, 3L, 35L, 0L, 0L, 0L, 1L, 0L, 0L, 0L, 
    55L, 6L, 0L, 77L, 3L, 0L, 0L), .Dim = c(7L, 3L), .Dimnames = structure(list(
        c("-1", "-2", "-3", "0", "1", "2", NA), c("C", "T", NA
        )), .Names = c("", "")), class = "table"), MSJmono19ms1_SNP1 = structure(c(196L, 
    2574L, 179L, 8L, 1910L, 71L, 1L, 276L, 0L, 0L, 0L, 0L, 5L, 
    0L, 0L, 0L, 0L, 2L, 0L, 0L, 0L, 0L, 0L, 0L, 0L, 0L, 0L, 0L, 
    1L, 0L, 0L, 0L, 15L, 55L, 4L, 0L, 207L, 2L, 0L, 0L), .Dim = c(8L, 
    5L), .Dimnames = structure(list(c("-1", "-2", "-3", "-4", 
    "0", "1", "2", NA), c("A", "C", "G", "T", NA)), .Names = c("", 
    "")), class = "table"), MSJmono19ms2_SNP1 = structure(c(1L, 
    0L, 0L, 0L, 0L, 0L, 0L, 410L, 2333L, 12L, 1998L, 20L, 1L, 
    220L, 4L, 19L, 0L, 137L, 0L, 0L, 0L), .Dim = c(7L, 3L), .Dimnames = structure(list(
        c("-1", "-2", "-3", "0", "1", "2", NA), c("A", "C", NA
        )), .Names = c("", "")), class = "table"), MSJmono36_SNP1 = structure(c(963L, 
    1307L, 97L, 2L, 1619L, 36L, 1L, 240L, 1L, 0L, 0L, 0L, 0L, 
    0L, 0L, 0L, 2L, 17L, 0L, 0L, 46L, 0L, 0L, 0L), .Dim = c(8L, 
    3L), .Dimnames = structure(list(c("-1", "-2", "-3", "-4", 
    "0", "1", "2", NA), c("G", "T", NA)), .Names = c("", "")), class = "table"), 
    MSJmono44_SNP1 = structure(c(0L, 0L, 1L, 0L, 0L, 0L, 1383L, 
    52L, 913L, 14L, 1L, 42L, 16L, 0L, 9L, 0L, 0L, 0L), .Dim = c(6L, 
    3L), .Dimnames = structure(list(c("-1", "-2", "0", "1", "2", 
    NA), c("A", "T", NA)), .Names = c("", "")), class = "table"), 
    MSJmono46_SNP1 = structure(c(172L, 608L, 1056L, 79L, 6L, 
    688L, 33L, 2L, 109L, 5L, 9L, 6L, 1L, 0L, 18L, 0L, 0L, 0L), .Dim = c(9L, 
    2L), .Dimnames = structure(list(c("-1", "-2", "-3", "-4", 
    "-5", "0", "1", "2", NA), c("C", NA)), .Names = c("", "")), class = "table"), 
    LMmono04v2_SNP1 = structure(c(1028L, 133L, 16L, 596L, 35L, 
    1L, 1L, 31L, 10L, 2L, 0L, 26L, 1L, 0L, 0L, 0L), .Dim = c(8L, 
    2L), .Dimnames = structure(list(c("-1", "-2", "-3", "0", 
    "1", "2", "3", NA), c("C", NA)), .Names = c("", "")), class = "table"), 
    AKMmono01v2_SNP1 = structure(c(1L, 0L, 0L, 0L, 0L, 0L, 1L, 
    283L, 1457L, 83L, 1L, 1179L, 29L, 60L, 4L, 21L, 4L, 0L, 49L, 
    2L, 0L), .Dim = c(7L, 3L), .Dimnames = structure(list(c("-1", 
    "-2", "-3", "-4", "0", "1", NA), c("C", "T", NA)), .Names = c("", 
    "")), class = "table"), AKMmono10v2_SNP1 = structure(c(573L, 
    22L, 1014L, 10L, 1L, 14L, 0L, 0L, 1L, 0L, 0L, 0L, 5L, 0L, 
    40L, 0L, 0L, 0L), .Dim = c(6L, 3L), .Dimnames = structure(list(
        c("-1", "-2", "0", "1", "2", NA), c("A", "G", NA)), .Names = c("", 
    "")), class = "table"), AKMmono17v2_SNP1 = structure(c(0L, 
    10L, 3L, 1L, 1L, 1L, 256L, 81L, 533L, 8L, 0L, 17L, 4L, 0L, 
    20L, 0L, 0L, 0L), .Dim = c(6L, 3L), .Dimnames = structure(list(
        c("-1", "-2", "0", "1", "2", NA), c("A", "C", NA)), .Names = c("", 
    "")), class = "table"), EJmono13v2_SNP1 = structure(c(1L, 
    0L, 13L, 0L, 0L, 0L, 288L, 8L, 863L, 379L, 13L, 39L, 0L, 
    0L, 26L, 3L, 0L, 0L), .Dim = c(6L, 3L),