Result <-
list(AKMmono02_SNP1 = structure(c(1L, 0L, 0L, 0L, 0L, 0L, 0L, 
1084L, 162L, 7L, 4230L, 79L, 1L, 162L, 13L, 2L, 0L, 61L, 1L, 
0L, 0L), .Dim = c(7L, 3L), .Dimnames = structure(list(c("-1", 
"-2", "-3", "0", "1", "2", NA), c("A", "T", NA)), .Names = c("", 
"")), class = "table"), AKMmono03_SNP1 = structure(c(1552L, 1882L, 
543L, 32L, 1L, 9675L, 135L, 3L, 267L, 0L, 1L, 0L, 0L, 0L, 1L, 
0L, 0L, 0L, 87L, 60L, 9L, 0L, 0L, 757L, 9L, 0L, 0L), .Dim = c(9L, 
3L), .Dimnames = structure(list(c("-1", "-2", "-3", "-4", "-5", 
"0", "1", "2", NA), c("A", "G", NA)), .Names = c("", "")), class = "table"), 
    AKMmono05_SNP1 = structure(c(2860L, 493L, 57L, 22L, 5888L, 
    206L, 4L, 1L, 214L, 0L, 0L, 0L, 0L, 3L, 0L, 0L, 0L, 1L, 0L, 
    0L, 1L, 0L, 1L, 0L, 0L, 0L, 0L, 1L, 0L, 0L, 0L, 0L, 0L, 0L, 
    0L, 1L, 155L, 22L, 1L, 0L, 582L, 16L, 1L, 0L, 0L), .Dim = c(9L, 
    5L), .Dimnames = structure(list(c("-1", "-2", "-3", "-4", 
    "0", "1", "2", "3", NA), c("A", "C", "G", "T", NA)), .Names = c("", 
    "")), class = "table"), AKMmono11_SNP1 = structure(c(1L, 
    0L, 0L, 0L, 0L, 0L, 0L, 0L, 770L, 1651L, 1524L, 76L, 6564L, 
    124L, 3L, 286L, 118L, 96L, 34L, 0L, 1341L, 37L, 1L, 0L), .Dim = c(8L, 
    3L), .Dimnames = structure(list(c("-1", "-2", "-3", "-4", 
    "0", "1", "2", NA), c("A", "T", NA)), .Names = c("", "")), class = "table"), 
    AKMmono12_SNP1 = structure(c(1L, 0L, 0L, 0L, 2L, 0L, 0L, 
    0L, 1353L, 1634L, 107L, 6L, 7645L, 180L, 7L, 108L, 0L, 0L, 
    0L, 0L, 0L, 1L, 0L, 0L, 0L, 1L, 0L, 0L, 0L, 0L, 0L, 0L, 32L, 
    33L, 2L, 0L, 719L, 5L, 0L, 0L), .Dim = c(8L, 5L), .Dimnames = structure(list(
        c("-1", "-2", "-3", "-4", "0", "1", "2", NA), c("A", 
        "C", "G", "T", NA)), .Names = c("", "")), class = "table"), 
    AKMmono13_SNP1 = structure(c(2012L, 219L, 6L, 7358L, 204L, 
    5L, 119L, 0L, 0L, 0L, 1L, 0L, 0L, 0L, 47L, 3L, 0L, 427L, 
    6L, 0L, 0L), .Dim = c(7L, 3L), .Dimnames = structure(list(
        c("-1", "-2", "-3", "0", "1", "2", NA), c("A", "C", NA
        )), .Names = c("", "")), class = "table"), AKMmono16_SNP1 = structure(c(424L, 
    1418L, 261L, 61L, 4108L, 79L, 5L, 55L, 0L, 0L, 0L, 0L, 3L, 
    0L, 0L, 0L, 13L, 10L, 3L, 0L, 279L, 4L, 0L, 0L), .Dim = c(8L, 
    3L), .Dimnames = structure(list(c("-1", "-2", "-3", "-4", 
    "0", "1", "2", NA), c("A", "T", NA)), .Names = c("", "")), class = "table"), 
    AKMmono22_SNP1 = structure(c(1391L, 355L, 146L, 13L, 4L, 
    4683L, 236L, 17L, 1L, 309L, 0L, 0L, 0L, 0L, 0L, 2L, 0L, 0L, 
    0L, 0L, 62L, 11L, 3L, 0L, 0L, 447L, 11L, 0L, 0L, 0L), .Dim = c(10L, 
    3L), .Dimnames = structure(list(c("-1", "-2", "-3", "-4", 
    "-5", "0", "1", "2", "3", NA), c("A", "G", NA)), .Names = c("", 
    "")), class = "table"), EJmono05_SNP1 = structure(c(1L, 0L, 
    0L, 0L, 2L, 0L, 0L, 0L, 0L, 0L, 0L, 0L, 1L, 0L, 0L, 0L, 0L, 
    0L, 0L, 0L, 1L, 0L, 0L, 0L, 1753L, 200L, 6L, 1L, 4845L, 89L, 
    1L, 63L, 33L, 2L, 0L, 0L, 189L, 2L, 0L, 0L), .Dim = c(8L, 
    5L), .Dimnames = structure(list(c("-1", "-2", "-3", "-4", 
    "0", "1", "2", NA), c("A", "C", "G", "T", NA)), .Names = c("", 
    "")), class = "table"), EJmono16_SNP1 = structure(c(1061L, 
    88L, 3L, 9470L, 494L, 28L, 1L, 429L, 0L, 0L, 0L, 1L, 0L, 
    0L, 0L, 0L, 5L, 2L, 0L, 106L, 4L, 0L, 0L, 0L), .Dim = c(8L, 
    3L), .Dimnames = structure(list(c("-1", "-2", "-3", "0", 
    "1", "2", "3", NA), c("A", "C", NA)), .Names = c("", "")), class = "table"), 
    LMmono01_SNP1 = structure(c(2064L, 309L, 6L, 13L, 6318L, 
    112L, 0L, 93L, 0L, 0L, 0L, 0L, 1L, 0L, 0L, 0L, 0L, 1L, 0L, 
    0L, 0L, 0L, 0L, 0L, 0L, 0L, 0L, 0L, 2L, 0L, 0L, 0L, 59L, 
    6L, 0L, 0L, 444L, 14L, 1L, 0L), .Dim = c(8L, 5L), .Dimnames = structure(list(
        c("-1", "-2", "-3", "-5", "0", "1", "2", NA), c("A", 
        "C", "G", "T", NA)), .Names = c("", "")), class = "table"), 
    LMmono03_SNP1 = structure(c(0L, 0L, 0L, 0L, 0L, 1L, 0L, 0L, 
    0L, 542L, 333L, 804L, 244L, 8L, 2671L, 81L, 2L, 146L, 0L, 
    0L, 0L, 0L, 0L, 2L, 0L, 0L, 0L, 14L, 6L, 8L, 1L, 0L, 203L, 
    2L, 0L, 0L), .Dim = c(9L, 4L), .Dimnames = structure(list(
        c("-1", "-2", "-3", "-4", "-5", "0", "1", "2", NA), c("A", 
        "C", "T", NA)), .Names = c("", "")), class = "table"), 
    LMmono09_SNP1 = structure(c(0L, 0L, 0L, 0L, 2L, 0L, 0L, 0L, 
    0L, 0L, 0L, 0L, 0L, 0L, 0L, 0L, 0L, 1L, 0L, 0L, 0L, 0L, 1L, 
    0L, 0L, 0L, 0L, 3884L, 1246L, 115L, 3L, 8314L, 387L, 19L, 
    1L, 380L, 45L, 19L, 2L, 1L, 155L, 8L, 0L, 0L, 0L), .Dim = c(9L, 
    5L), .Dimnames = structure(list(c("-1", "-2", "-3", "-4", 
    "0", "1", "2", "3", NA), c("A", "C", "G", "T", NA)), .Names = c("", 
    "")), class = "table"), LMmono12_SNP1 = structure(c(1324L, 
    537L, 194L, 5L, 2538L, 1333L, 129L, 6L, 489L, 14L, 0L, 2L, 
    0L, 121L, 13L, 3L, 1L, 0L), .Dim = c(9L, 2L), .Dimnames = structure(list(
        c("-1", "-2", "-3", "-4", "0", "1", "2", "3", NA), c("A", 
        NA)), .Names = c("", "")), class = "table"), LMmono16_SNP1 = structure(c(1195L, 
    280L, 23L, 1L, 4837L, 168L, 4L, 1104L, 198L, 13L, 352L, 0L, 
    0L, 0L, 0L, 1L, 0L, 0L, 0L, 0L, 0L, 0L, 40L, 4L, 1L, 0L, 
    798L, 4L, 0L, 65L, 18L, 2L, 0L), .Dim = c(11L, 3L), .Dimnames = structure(list(
        c("-1", "-2", "-3", "-4", "0", "1", "2", "3", "5", "6", 
        NA), c("A", "T", NA)), .Names = c("", "")), class = "table"), 
    MSJmono10_SNP1 = structure(c(0L, 0L, 0L, 1L, 0L, 0L, 0L, 
    539L, 141L, 15L, 6517L, 234L, 11L, 29L, 0L, 0L, 0L, 1L, 0L, 
    0L, 0L, 18L, 3L, 0L, 373L, 14L, 0L, 0L), .Dim = c(7L, 4L), .Dimnames = structure(list(
        c("-1", "-2", "-3", "0", "1", "2", NA), c("A", "C", "G", 
        NA)), .Names = c("", "")), class = "table"), MSJmono19ms1_SNP1 = structure(c(831L, 
    1523L, 76L, 5L, 1L, 9L, 1L, 9125L, 262L, 8L, 380L, 1L, 0L, 
    0L, 0L, 0L, 0L, 0L, 17L, 1L, 0L, 0L, 0L, 0L, 0L, 0L, 0L, 
    0L, 0L, 1L, 0L, 0L, 0L, 0L, 1L, 0L, 0L, 0L, 0L, 0L, 6L, 0L, 
    0L, 0L, 67L, 56L, 4L, 0L, 0L, 1L, 0L, 943L, 23L, 0L, 0L), .Dim = c(11L, 
    5L), .Dimnames = structure(list(c("-1", "-2", "-3", "-4", 
    "-5", "-6", "-8", "0", "1", "2", NA), c("A", "C", "G", "T", 
    NA)), .Names = c("", "")), class = "table"), MSJmono19ms2_SNP1 = structure(c(0L, 
    0L, 1L, 0L, 0L, 0L, 0L, 0L, 1L, 0L, 0L, 0L, 3026L, 73L, 7896L, 
    80L, 4L, 352L, 1L, 0L, 0L, 0L, 0L, 0L, 27L, 1L, 655L, 1L, 
    0L, 0L), .Dim = 6:5, .Dimnames = structure(list(c("-1", "-2", 
    "0", "1", "2", NA), c("-", "A", "C", "T", NA)), .Names = c("", 
    "")), class = "table"), MSJmono36_SNP1 = structure(c(0L, 
    0L, 0L, 0L, 2L, 0L, 0L, 0L, 916L, 44L, 3L, 1L, 9254L, 1479L, 
    35L, 287L, 0L, 0L, 0L, 0L, 2L, 0L, 0L, 0L, 4L, 1L, 0L, 0L, 
    302L, 15L, 4L, 0L), .Dim = c(8L, 4L), .Dimnames = structure(list(
        c("-1", "-2", "-3", "-4", "0", "1", "2", NA), c("-", 
        "G", "T", NA)), .Names = c("", "")), class = "table"), 
    MSJmono44_SNP1 = structure(c(1L, 0L, 0L, 0L, 0L, 0L, 2485L, 
    191L, 4L, 5056L, 80L, 77L, 23L, 3L, 0L, 92L, 3L, 0L), .Dim = c(6L, 
    3L), .Dimnames = structure(list(c("-1", "-2", "-3", "0", 
    "1", NA), c("C", "T", NA)), .Names = c("", "")), class = "table"), 
    MSJmono46_SNP1 = structure(c(813L, 287L, 157L, 14L, 2028L, 
    124L, 2L, 102L, 11L, 4L, 3L, 0L, 73L, 1L, 0L, 0L), .Dim = c(8L, 
    2L), .Dimnames = structure(list(c("-1", "-2", "-3", "-4", 
    "0", "1", "2", NA), c("C", NA)), .Names = c("", "")), class = "table"), 
    LMmono04v2_SNP1 = structure(c(0L, 0L, 0L, 0L, 1L, 0L, 0L, 
    0L, 694L, 400L, 15L, 1L, 1896L, 86L, 5L, 30L, 0L, 0L, 0L, 
    0L, 2L, 0L, 0L, 0L, 12L, 5L, 0L, 0L, 104L, 1L, 0L, 0L), .Dim = c(8L, 
    4L), .Dimnames = structure(list(c("-1", "-2", "-3", "-4", 
    "0", "1", "2", NA), c("A", "C", "T", NA)), .Names = c("", 
    "")), class = "table"), AKMmono01v2_SNP1 = structure(c(1L, 
    0L, 0L, 0L, 0L, 0L, 0L, 0L, 0L, 1L, 0L, 0L, 1370L, 114L, 
    2L, 4706L, 75L, 107L, 30L, 1L, 0L, 194L, 2L, 0L), .Dim = c(6L, 
    4L), .Dimnames = structure(list(c("-1", "-2", "-3", "0", 
    "1", NA), c("-", "A", "T", NA)),