Result <-
list(AKMmono02_SNP1 = structure(c(0L, 0L, 0L, 1L, 0L, 0L, 0L, 
358L, 24L, 2L, 4489L, 92L, 1L, 85L, 2L, 1L, 0L, 77L, 2L, 0L, 
0L), .Dim = c(7L, 3L), .Dimnames = structure(list(c("-1", "-2", 
"-3", "0", "1", "2", NA), c("C", "T", NA)), .Names = c("", ""
)), class = "table"), AKMmono03_SNP1 = structure(c(907L, 145L, 
78L, 13L, 8227L, 136L, 1L, 100L, 0L, 0L, 0L, 0L, 1L, 0L, 0L, 
0L, 1L, 0L, 0L, 0L, 3L, 0L, 0L, 0L, 43L, 7L, 0L, 0L, 601L, 6L, 
1L, 0L), .Dim = c(8L, 4L), .Dimnames = structure(list(c("-1", 
"-2", "-3", "-4", "0", "1", "2", NA), c("A", "C", "G", NA)), .Names = c("", 
"")), class = "table"), AKMmono05_SNP1 = structure(c(1054L, 133L, 
24L, 9L, 6596L, 280L, 5L, 104L, 0L, 0L, 0L, 0L, 4L, 0L, 0L, 0L, 
0L, 0L, 0L, 0L, 2L, 0L, 0L, 0L, 43L, 5L, 0L, 0L, 665L, 28L, 1L, 
0L), .Dim = c(8L, 4L), .Dimnames = structure(list(c("-1", "-2", 
"-3", "-4", "0", "1", "2", NA), c("A", "C", "G", NA)), .Names = c("", 
"")), class = "table"), AKMmono11_SNP1 = structure(c(0L, 0L, 
0L, 0L, 0L, 0L, 1L, 950L, 88L, 2L, 7526L, 151L, 1L, 140L, 141L, 
4L, 0L, 1568L, 38L, 0L, 0L), .Dim = c(7L, 3L), .Dimnames = structure(list(
    c("-1", "-2", "-3", "0", "1", "2", NA), c("A", "T", NA)), .Names = c("", 
"")), class = "table"), AKMmono12_SNP1 = structure(c(0L, 0L, 
0L, 2L, 0L, 0L, 1L, 915L, 53L, 6L, 6057L, 122L, 1L, 64L, 0L, 
0L, 0L, 1L, 0L, 0L, 0L, 15L, 1L, 0L, 553L, 5L, 1L, 0L), .Dim = c(7L, 
4L), .Dimnames = structure(list(c("-1", "-2", "-3", "0", "1", 
"2", NA), c("A", "C", "G", NA)), .Names = c("", "")), class = "table"), 
    AKMmono13_SNP1 = structure(c(499L, 18L, 3L, 7843L, 200L, 
    6L, 66L, 0L, 0L, 0L, 4L, 0L, 0L, 0L, 8L, 1L, 0L, 460L, 9L, 
    0L, 0L), .Dim = c(7L, 3L), .Dimnames = structure(list(c("-1", 
    "-2", "-3", "0", "1", "2", NA), c("A", "T", NA)), .Names = c("", 
    "")), class = "table"), AKMmono16_SNP1 = structure(c(491L, 
    23L, 1L, 5136L, 105L, 19L, 15L, 0L, 0L, 304L, 2L, 0L), .Dim = c(6L, 
    2L), .Dimnames = structure(list(c("-1", "-2", "-3", "0", 
    "1", NA), c("A", NA)), .Names = c("", "")), class = "table"), 
    AKMmono22_SNP1 = structure(c(761L, 137L, 17L, 1L, 1L, 4987L, 
    268L, 15L, 1L, 198L, 0L, 0L, 0L, 0L, 0L, 5L, 0L, 0L, 0L, 
    0L, 22L, 3L, 0L, 0L, 0L, 474L, 14L, 2L, 0L, 0L), .Dim = c(10L, 
    3L), .Dimnames = structure(list(c("-1", "-2", "-3", "-4", 
    "-5", "0", "1", "2", "3", NA), c("A", "G", NA)), .Names = c("", 
    "")), class = "table"), EJmono05_SNP1 = structure(c(0L, 0L, 
    0L, 1L, 0L, 0L, 0L, 597L, 60L, 1L, 4842L, 99L, 4L, 49L, 10L, 
    0L, 0L, 170L, 2L, 0L, 0L), .Dim = c(7L, 3L), .Dimnames = structure(list(
        c("-1", "-2", "-3", "0", "1", "2", NA), c("C", "T", NA
        )), .Names = c("", "")), class = "table"), EJmono16_SNP1 = structure(c(390L, 
    28L, 1L, 6036L, 303L, 8L, 1L, 1L, 211L, 8L, 0L, 0L, 63L, 
    1L, 0L, 0L, 0L, 0L), .Dim = c(9L, 2L), .Dimnames = structure(list(
        c("-1", "-2", "-3", "0", "1", "2", "3", "4", NA), c("A", 
        NA)), .Names = c("", "")), class = "table"), LMmono01_SNP1 = structure(c(506L, 
    35L, 3L, 4447L, 79L, 2L, 1L, 28L, 0L, 0L, 0L, 1L, 0L, 0L, 
    0L, 0L, 0L, 0L, 0L, 3L, 0L, 0L, 0L, 0L, 17L, 1L, 1L, 326L, 
    12L, 1L, 0L, 0L), .Dim = c(8L, 4L), .Dimnames = structure(list(
        c("-1", "-2", "-3", "0", "1", "2", "3", NA), c("A", "G", 
        "T", NA)), .Names = c("", "")), class = "table"), LMmono03_SNP1 = structure(c(0L, 
    0L, 0L, 0L, 0L, 1L, 0L, 0L, 0L, 0L, 782L, 102L, 7L, 2L, 1L, 
    3689L, 101L, 2L, 2L, 136L, 0L, 0L, 0L, 0L, 0L, 1L, 1L, 0L, 
    0L, 0L, 16L, 3L, 1L, 0L, 0L, 236L, 6L, 0L, 0L, 0L), .Dim = c(10L, 
    4L), .Dimnames = structure(list(c("-1", "-2", "-3", "-4", 
    "-5", "0", "1", "2", "3", NA), c("A", "C", "T", NA)), .Names = c("", 
    "")), class = "table"), LMmono09_SNP1 = structure(c(0L, 0L, 
    0L, 0L, 2L, 0L, 0L, 0L, 0L, 1L, 0L, 0L, 1L, 0L, 0L, 0L, 2053L, 
    249L, 15L, 1L, 11972L, 414L, 15L, 301L, 26L, 1L, 0L, 0L, 
    186L, 2L, 0L, 0L), .Dim = c(8L, 4L), .Dimnames = structure(list(
        c("-1", "-2", "-3", "-4", "0", "1", "2", NA), c("A", 
        "C", "T", NA)), .Names = c("", "")), class = "table"), 
    LMmono12_SNP1 = structure(c(818L, 40L, 1L, 1L, 3959L, 246L, 
    13L, 1L, 160L, 9L, 0L, 0L, 0L, 138L, 6L, 0L, 0L, 0L), .Dim = c(9L, 
    2L), .Dimnames = structure(list(c("-1", "-2", "-3", "-4", 
    "0", "1", "2", "3", NA), c("A", NA)), .Names = c("", "")), class = "table"), 
    LMmono16_SNP1 = structure(c(778L, 67L, 7L, 1L, 5653L, 190L, 
    11L, 601L, 1L, 195L, 10L, 276L, 0L, 0L, 0L, 0L, 2L, 0L, 0L, 
    0L, 0L, 0L, 0L, 0L, 26L, 3L, 0L, 0L, 909L, 8L, 0L, 34L, 0L, 
    20L, 1L, 0L), .Dim = c(12L, 3L), .Dimnames = structure(list(
        c("-1", "-2", "-3", "-5", "0", "1", "2", "3", "4", "5", 
        "6", NA), c("A", "T", NA)), .Names = c("", "")), class = "table"), 
    MSJmono10_SNP1 = structure(c(0L, 0L, 0L, 2L, 0L, 0L, 0L, 
    301L, 13L, 1L, 4703L, 159L, 3L, 15L, 0L, 1L, 0L, 0L, 0L, 
    0L, 0L, 6L, 2L, 0L, 282L, 13L, 1L, 0L), .Dim = c(7L, 4L), .Dimnames = structure(list(
        c("-1", "-2", "-3", "0", "1", "2", NA), c("A", "C", "T", 
        NA)), .Names = c("", "")), class = "table"), MSJmono19ms1_SNP1 = structure(c(472L, 
    41L, 2L, 1L, 7477L, 206L, 2L, 153L, 0L, 0L, 0L, 0L, 10L, 
    0L, 0L, 0L, 1L, 0L, 0L, 0L, 0L, 0L, 0L, 0L, 0L, 0L, 0L, 0L, 
    7L, 0L, 0L, 0L, 40L, 5L, 0L, 0L, 812L, 22L, 0L, 0L), .Dim = c(8L, 
    5L), .Dimnames = structure(list(c("-1", "-2", "-3", "-4", 
    "0", "1", "2", NA), c("A", "C", "G", "T", NA)), .Names = c("", 
    "")), class = "table"), MSJmono19ms2_SNP1 = structure(c(369L, 
    13L, 7523L, 83L, 2L, 102L, 0L, 0L, 1L, 0L, 0L, 0L, 3L, 0L, 
    593L, 2L, 0L, 0L), .Dim = c(6L, 3L), .Dimnames = structure(list(
        c("-1", "-2", "0", "1", "2", NA), c("C", "G", NA)), .Names = c("", 
    "")), class = "table"), MSJmono36_SNP1 = structure(c(0L, 
    0L, 0L, 1L, 0L, 0L, 0L, 391L, 31L, 1L, 5429L, 109L, 5L, 94L, 
    0L, 0L, 0L, 1L, 0L, 0L, 0L, 1L, 1L, 0L, 175L, 0L, 0L, 0L), .Dim = c(7L, 
    4L), .Dimnames = structure(list(c("-1", "-2", "-3", "0", 
    "1", "2", NA), c("A", "G", "T", NA)), .Names = c("", "")), class = "table"), 
    MSJmono44_SNP1 = structure(c(0L, 0L, 1L, 0L, 0L, 227L, 8L, 
    3592L, 69L, 16L, 4L, 0L, 74L, 1L, 0L), .Dim = c(5L, 3L), .Dimnames = structure(list(
        c("-1", "-2", "0", "1", NA), c("C", "T", NA)), .Names = c("", 
    "")), class = "table"), MSJmono46_SNP1 = structure(c(584L, 
    54L, 3L, 1L, 2530L, 155L, 8L, 73L, 12L, 4L, 0L, 0L, 82L, 
    3L, 0L, 0L), .Dim = c(8L, 2L), .Dimnames = structure(list(
        c("-1", "-2", "-3", "-4", "0", "1", "2", NA), c("C", 
        NA)), .Names = c("", "")), class = "table"), LMmono04v2_SNP1 = structure(c(0L, 
    0L, 0L, 1L, 0L, 0L, 0L, 350L, 23L, 1L, 2922L, 102L, 3L, 26L, 
    11L, 1L, 0L, 159L, 3L, 0L, 0L), .Dim = c(7L, 3L), .Dimnames = structure(list(
        c("-1", "-2", "-3", "0", "1", "2", NA), c("A", "C", NA
        )), .Names = c("", "")), class = "table"), AKMmono01v2_SNP1 = structure(c(0L, 
    0L, 0L, 0L, 1L, 0L, 0L, 1L, 0L, 0L, 0L, 0L, 0L, 1L, 377L, 
    14L, 2L, 4680L, 55L, 4L, 42L, 11L, 0L, 0L, 221L, 3L, 0L, 
    0L), .Dim = c(7L, 4L), .Dimnames = structure(list(c("-1", 
    "-2", "-3", "0", "1", "2", NA), c("-", "C", "T", NA)), .Names = c("", 
    "")), class = "table"), AKMmono10v2_SNP1 = structure(c(103L, 
    2L, 2860L, 28L, 15L, 0L, 0L, 2L, 0L, 0L, 1L, 0L, 110L, 3L, 
    0L), .Dim = c(5L, 3L), .Dimnames = structure(list(c("-1", 
    "-2", "0", "1", NA), c("A", "G", NA)), .Names = c("", "")), class = "table"), 
    AKMmono17v2_SNP1 = structure(c(37L, 3L, 0L, 600L, 13L, 2L, 
    34L, 0L, 1L, 645L, 8L, 4L, 1L, 0L, 0L, 36L, 1L, 0L), .Dim = c(6L, 
    3L), .Dimnames = structure(list(c("-1", "-2", "-3", "0", 
    "1", NA), c("A", "C", NA)), .Names = c("", "")), class = "table"), 
    EJmono13v2_SNP1 = structure(c(261L, 5L, 3171L, 53L, 1L, 15L, 
    2L, 0L, 75L, 4L, 0L, 0L), .Dim = c(6L, 2L), .Dimnames = structure(list(
        c("-1", "-2", "0", "1", "2", NA), c("G", NA)),