Result <-
list(AKMmono02_SNP1 = structure(c(223L, 9L, 1319L, 46L, 2L, 1L, 
38L, 8L, 0L, 60L, 0L, 0L, 0L, 0L), .Dim = c(7L, 2L), .Dimnames = structure(list(
    c("-1", "-2", "0", "1", "2", "3", NA), c("T", NA)), .Names = c("", 
"")), class = "table"), AKMmono03_SNP1 = structure(c(774L, 148L, 
48L, 4532L, 88L, 3L, 90L, 1L, 0L, 0L, 1L, 0L, 0L, 0L, 0L, 0L, 
0L, 1L, 0L, 0L, 0L, 0L, 0L, 0L, 3L, 0L, 0L, 0L, 36L, 9L, 1L, 
469L, 2L, 0L, 0L), .Dim = c(7L, 5L), .Dimnames = structure(list(
    c("-1", "-2", "-3", "0", "1", "2", NA), c("A", "C", "G", 
    "T", NA)), .Names = c("", "")), class = "table"), AKMmono05_SNP1 = structure(c(233L, 
27L, 7L, 1196L, 58L, 3L, 1L, 20L, 0L, 0L, 0L, 1L, 0L, 0L, 0L, 
0L, 11L, 0L, 0L, 117L, 2L, 0L, 0L, 0L), .Dim = c(8L, 3L), .Dimnames = structure(list(
    c("-1", "-2", "-3", "0", "1", "2", "3", NA), c("A", "C", 
    NA)), .Names = c("", "")), class = "table"), AKMmono11_SNP1 = structure(c(0L, 
0L, 0L, 4L, 0L, 0L, 0L, 376L, 25L, 2L, 3132L, 87L, 3L, 86L, 44L, 
1L, 0L, 498L, 14L, 0L, 0L), .Dim = c(7L, 3L), .Dimnames = structure(list(
    c("-1", "-2", "-3", "0", "1", "2", NA), c("A", "T", NA)), .Names = c("", 
"")), class = "table"), AKMmono12_SNP1 = structure(c(0L, 0L, 
0L, 0L, 1L, 1L, 0L, 0L, 412L, 55L, 4L, 1L, 2805L, 80L, 5L, 47L, 
0L, 0L, 0L, 0L, 1L, 0L, 0L, 0L, 9L, 1L, 0L, 0L, 220L, 3L, 0L, 
0L), .Dim = c(8L, 4L), .Dimnames = structure(list(c("-1", "-2", 
"-3", "-4", "0", "1", "2", NA), c("A", "C", "T", NA)), .Names = c("", 
"")), class = "table"), AKMmono13_SNP1 = structure(c(230L, 12L, 
1L, 2020L, 59L, 2L, 28L, 0L, 0L, 0L, 1L, 0L, 0L, 0L, 0L, 0L, 
0L, 1L, 0L, 0L, 0L, 0L, 0L, 0L, 2L, 0L, 0L, 0L, 5L, 1L, 0L, 136L, 
5L, 0L, 0L), .Dim = c(7L, 5L), .Dimnames = structure(list(c("-1", 
"-2", "-3", "0", "1", "2", NA), c("A", "C", "G", "T", NA)), .Names = c("", 
"")), class = "table"), AKMmono16_SNP1 = structure(c(373L, 24L, 
3L, 2070L, 73L, 1L, 32L, 1L, 0L, 0L, 2L, 0L, 0L, 0L, 9L, 1L, 
0L, 145L, 5L, 1L, 0L), .Dim = c(7L, 3L), .Dimnames = structure(list(
    c("-1", "-2", "-3", "0", "1", "2", NA), c("A", "T", NA)), .Names = c("", 
"")), class = "table"), AKMmono22_SNP1 = structure(c(156L, 115L, 
21L, 425L, 23L, 1L, 1L, 83L, 0L, 0L, 0L, 1L, 0L, 0L, 0L, 0L, 
7L, 7L, 1L, 48L, 1L, 0L, 0L, 0L), .Dim = c(8L, 3L), .Dimnames = structure(list(
    c("-1", "-2", "-3", "0", "1", "2", "3", NA), c("A", "G", 
    NA)), .Names = c("", "")), class = "table"), EJmono05_SNP1 = structure(c(0L, 
0L, 0L, 1L, 0L, 0L, 0L, 0L, 0L, 0L, 2L, 0L, 0L, 0L, 0L, 0L, 0L, 
1L, 0L, 0L, 0L, 168L, 19L, 1L, 1438L, 41L, 1L, 31L, 4L, 1L, 0L, 
61L, 2L, 0L, 0L), .Dim = c(7L, 5L), .Dimnames = structure(list(
    c("-1", "-2", "-3", "0", "1", "2", NA), c("-", "A", "G", 
    "T", NA)), .Names = c("", "")), class = "table"), EJmono16_SNP1 = structure(c(181L, 
262L, 4L, 2L, 2129L, 86L, 5L, 265L, 0L, 0L, 0L, 0L, 0L, 0L, 0L, 
1L, 1L, 4L, 0L, 0L, 35L, 1L, 0L, 0L), .Dim = c(8L, 3L), .Dimnames = structure(list(
    c("-1", "-2", "-3", "-4", "0", "1", "2", NA), c("A", "T", 
    NA)), .Names = c("", "")), class = "table"), LMmono01_SNP1 = structure(c(321L, 
40L, 1194L, 70L, 1L, 56L, 0L, 1L, 0L, 0L, 0L, 0L, 0L, 0L, 1L, 
0L, 0L, 0L, 19L, 0L, 98L, 10L, 0L, 0L), .Dim = c(6L, 4L), .Dimnames = structure(list(
    c("-1", "-2", "0", "1", "2", NA), c("A", "G", "T", NA)), .Names = c("", 
"")), class = "table"), LMmono03_SNP1 = structure(c(342L, 235L, 
28L, 2L, 549L, 14L, 1L, 74L, 6L, 3L, 1L, 0L, 51L, 4L, 0L, 0L), .Dim = c(8L, 
2L), .Dimnames = structure(list(c("-1", "-2", "-3", "-4", "0", 
"1", "2", NA), c("C", NA)), .Names = c("", "")), class = "table"), 
    LMmono09_SNP1 = structure(c(1L, 1L, 0L, 0L, 0L, 0L, 0L, 0L, 
    0L, 0L, 0L, 0L, 1L, 0L, 1L, 0L, 0L, 0L, 2364L, 417L, 29L, 
    10L, 1L, 4215L, 189L, 11L, 302L, 26L, 9L, 0L, 0L, 0L, 80L, 
    1L, 0L, 0L), .Dim = c(9L, 4L), .Dimnames = structure(list(
        c("-1", "-2", "-3", "-4", "-5", "0", "1", "2", NA), c("C", 
        "G", "T", NA)), .Names = c("", "")), class = "table"), 
    LMmono12_SNP1 = structure(c(345L, 94L, 5L, 630L, 51L, 6L, 
    48L, 10L, 4L, 1L, 79L, 2L, 0L, 0L), .Dim = c(7L, 2L), .Dimnames = structure(list(
        c("-1", "-2", "-3", "0", "1", "2", NA), c("A", NA)), .Names = c("", 
    "")), class = "table"), LMmono16_SNP1 = structure(c(985L, 
    166L, 8L, 2L, 1976L, 184L, 16L, 17L, 2L, 1L, 127L, 0L, 0L, 
    0L, 0L, 2L, 0L, 0L, 0L, 0L, 0L, 0L, 33L, 5L, 0L, 0L, 286L, 
    10L, 1L, 1L, 2L, 0L, 0L), .Dim = c(11L, 3L), .Dimnames = structure(list(
        c("-1", "-2", "-3", "-4", "0", "1", "2", "3", "5", "6", 
        NA), c("A", "T", NA)), .Names = c("", "")), class = "table"), 
    MSJmono10_SNP1 = structure(c(0L, 0L, 0L, 3L, 0L, 0L, 0L, 
    0L, 314L, 12L, 0L, 2297L, 97L, 5L, 1L, 26L, 8L, 1L, 1L, 140L, 
    6L, 0L, 0L, 0L), .Dim = c(8L, 3L), .Dimnames = structure(list(
        c("-1", "-2", "-3", "0", "1", "2", "3", NA), c("A", "C", 
        NA)), .Names = c("", "")), class = "table"), MSJmono19ms1_SNP1 = structure(c(228L, 
    11L, 1L, 4421L, 119L, 1L, 281L, 1L, 0L, 0L, 15L, 0L, 0L, 
    0L, 0L, 0L, 0L, 1L, 0L, 0L, 0L, 0L, 0L, 0L, 2L, 0L, 0L, 0L, 
    19L, 1L, 1L, 739L, 7L, 1L, 0L), .Dim = c(7L, 5L), .Dimnames = structure(list(
        c("-1", "-2", "-3", "0", "1", "2", NA), c("A", "C", "G", 
        "T", NA)), .Names = c("", "")), class = "table"), MSJmono19ms2_SNP1 = structure(c(0L, 
    0L, 1L, 0L, 0L, 0L, 324L, 6L, 4730L, 80L, 3L, 70L, 7L, 0L, 
    387L, 0L, 0L, 0L), .Dim = c(6L, 3L), .Dimnames = structure(list(
        c("-1", "-2", "0", "1", "2", NA), c("A", "C", NA)), .Names = c("", 
    "")), class = "table"), MSJmono36_SNP1 = structure(c(339L, 
    18L, 3420L, 92L, 3L, 1L, 123L, 0L, 0L, 1L, 0L, 0L, 0L, 0L, 
    0L, 1L, 153L, 0L, 0L, 0L, 0L), .Dim = c(7L, 3L), .Dimnames = structure(list(
        c("-1", "-2", "0", "1", "2", "5", NA), c("G", "T", NA
        )), .Names = c("", "")), class = "table"), MSJmono44_SNP1 = structure(c(291L, 
    12L, 2L, 2157L, 45L, 2L, 18L, 4L, 0L, 0L, 106L, 0L, 0L, 0L
    ), .Dim = c(7L, 2L), .Dimnames = structure(list(c("-1", "-2", 
    "-3", "0", "1", "2", NA), c("T", NA)), .Names = c("", "")), class = "table"), 
    MSJmono46_SNP1 = structure(c(346L, 41L, 2L, 575L, 377L, 24L, 
    1L, 121L, 0L, 0L, 0L, 0L, 1L, 0L, 0L, 0L, 40L, 1L, 0L, 146L, 
    56L, 11L, 0L, 0L), .Dim = c(8L, 3L), .Dimnames = structure(list(
        c("-1", "-2", "-3", "0", "1", "2", "3", NA), c("C", "G", 
        NA)), .Names = c("", "")), class = "table"), LMmono04v2_SNP1 = structure(c(470L, 
    203L, 9L, 262L, 34L, 1L, 18L, 10L, 3L, 0L, 11L, 0L, 0L, 0L
    ), .Dim = c(7L, 2L), .Dimnames = structure(list(c("-1", "-2", 
    "-3", "0", "1", "2", NA), c("C", NA)), .Names = c("", "")), class = "table"), 
    AKMmono01v2_SNP1 = structure(c(0L, 0L, 1L, 0L, 0L, 0L, 1L, 
    0L, 0L, 0L, 0L, 0L, 58L, 5L, 860L, 356L, 15L, 42L, 4L, 0L, 
    102L, 16L, 3L, 0L), .Dim = c(6L, 4L), .Dimnames = structure(list(
        c("-1", "-2", "0", "1", "2", NA), c("A", "C", "T", NA
        )), .Names = c("", "")), class = "table"), AKMmono10v2_SNP1 = structure(c(1L, 
    59L, 16L, 62L, 1L, 14L, 5L, 104L, 133L, 4L, 0L, 18L, 0L, 
    15L, 4L, 13L, 0L, 0L), .Dim = c(6L, 3L), .Dimnames = structure(list(
        c("-1", "0", "1", "2", "3", NA), c("A", "G", NA)), .Names = c("", 
    "")), class = "table"), AKMmono17v2_SNP1 = structure(c(22L, 
    14L, 205L, 5L, 3L, 84L, 4L, 250L, 2L, 3L, 4L, 0L, 26L, 0L, 
    0L), .Dim = c(5L, 3L), .Dimnames = structure(list(c("-1", 
    "-2", "0", "1", NA), c("A", "C", NA)), .Names = c("", "")), class = "table"), 
    EJmono13v2_SNP1 = structure(c(18L, 0L, 181L, 7L, 0L, 179L, 
    5L, 47L, 0L, 6L, 20L, 0L, 0L, 0L, 1L, 7L, 0L, 28L, 0L, 0L
    ), .Dim = 5:4, .Dimnames = structure(list(c("-1", "-2", "0", 
    "1", NA), c("A", "G", "T", NA)), .Names = c("", "")), class = "table"), 
    EJmono21v2_SNP1 = structure(c(0L, 0L, 1L, 0L, 0L, 0L, 17L, 
    3L, 93L, 4L, 0L, 2L, 18L, 0L, 153L, 4L, 1L, 5L, 0L, 0L, 22L, 
    0L, 0L, 0L), .Dim = c(6L, 4L),