Result <-
list(AKMmono02_SNP1 = structure(c(2034L, 247L, 20L, 1L, 6091L, 
133L, 4L, 268L, 35L, 6L, 0L, 0L, 116L, 0L, 0L, 0L), .Dim = c(8L, 
2L), .Dimnames = structure(list(c("-1", "-2", "-3", "-4", "0", 
"1", "2", NA), c("T", NA)), .Names = c("", "")), class = "table"), 
    AKMmono03_SNP1 = structure(c(0L, 0L, 0L, 0L, 1L, 0L, 0L, 
    0L, 3460L, 771L, 102L, 7L, 12114L, 215L, 4L, 300L, 0L, 0L, 
    0L, 0L, 1L, 0L, 0L, 0L, 0L, 1L, 0L, 0L, 0L, 0L, 0L, 0L, 0L, 
    0L, 0L, 0L, 1L, 0L, 0L, 0L, 167L, 25L, 4L, 0L, 943L, 10L, 
    0L, 0L), .Dim = c(8L, 6L), .Dimnames = structure(list(c("-1", 
    "-2", "-3", "-4", "0", "1", "2", NA), c("-", "A", "C", "G", 
    "T", NA)), .Names = c("", "")), class = "table"), AKMmono05_SNP1 = structure(c(2789L, 
    1242L, 193L, 18L, 8320L, 311L, 6L, 239L, 0L, 0L, 0L, 0L, 
    3L, 0L, 0L, 0L, 1L, 0L, 0L, 0L, 5L, 0L, 0L, 0L, 150L, 37L, 
    2L, 0L, 810L, 30L, 0L, 0L), .Dim = c(8L, 4L), .Dimnames = structure(list(
        c("-1", "-2", "-3", "-4", "0", "1", "2", NA), c("A", 
        "C", "G", NA)), .Names = c("", "")), class = "table"), 
    AKMmono11_SNP1 = structure(c(0L, 0L, 0L, 0L, 3L, 0L, 0L, 
    0L, 1L, 0L, 0L, 0L, 1L, 0L, 0L, 1L, 3033L, 746L, 643L, 19L, 
    8991L, 182L, 1L, 432L, 487L, 35L, 14L, 3L, 1714L, 47L, 0L, 
    0L), .Dim = c(8L, 4L), .Dimnames = structure(list(c("-1", 
    "-2", "-3", "-4", "0", "1", "2", NA), c("A", "C", "T", NA
    )), .Names = c("", "")), class = "table"), AKMmono12_SNP1 = structure(c(0L, 
    0L, 1L, 0L, 7L, 0L, 0L, 0L, 0L, 2812L, 303L, 27L, 2L, 11036L, 
    323L, 8L, 1L, 145L, 1L, 0L, 0L, 0L, 2L, 0L, 0L, 0L, 0L, 1L, 
    0L, 0L, 0L, 3L, 0L, 0L, 0L, 0L, 72L, 8L, 1L, 0L, 947L, 5L, 
    0L, 0L, 0L), .Dim = c(9L, 5L), .Dimnames = structure(list(
        c("-1", "-2", "-3", "-4", "0", "1", "2", "3", NA), c("A", 
        "C", "G", "T", NA)), .Names = c("", "")), class = "table"), 
    AKMmono13_SNP1 = structure(c(2058L, 220L, 6L, 10671L, 223L, 
    8L, 142L, 0L, 0L, 0L, 1L, 0L, 0L, 0L, 0L, 0L, 0L, 1L, 0L, 
    0L, 0L, 0L, 0L, 0L, 1L, 0L, 0L, 0L, 62L, 2L, 0L, 640L, 9L, 
    0L, 0L), .Dim = c(7L, 5L), .Dimnames = structure(list(c("-1", 
    "-2", "-3", "0", "1", "2", NA), c("A", "C", "G", "T", NA)), .Names = c("", 
    "")), class = "table"), AKMmono16_SNP1 = structure(c(1032L, 
    541L, 175L, 1L, 5967L, 91L, 1L, 52L, 0L, 0L, 0L, 0L, 1L, 
    0L, 0L, 0L, 0L, 0L, 0L, 0L, 1L, 0L, 0L, 0L, 26L, 7L, 0L, 
    0L, 326L, 7L, 1L, 0L), .Dim = c(8L, 4L), .Dimnames = structure(list(
        c("-1", "-2", "-3", "-4", "0", "1", "2", NA), c("A", 
        "G", "T", NA)), .Names = c("", "")), class = "table"), 
    AKMmono22_SNP1 = structure(c(2145L, 786L, 134L, 14L, 1L, 
    6792L, 362L, 29L, 3L, 1L, 519L, 1L, 0L, 0L, 0L, 0L, 1L, 0L, 
    0L, 0L, 0L, 1L, 0L, 0L, 0L, 0L, 0L, 1L, 0L, 0L, 0L, 0L, 0L, 
    82L, 25L, 2L, 0L, 0L, 653L, 15L, 1L, 0L, 0L, 0L), .Dim = c(11L, 
    4L), .Dimnames = structure(list(c("-1", "-2", "-3", "-4", 
    "-5", "0", "1", "2", "3", "4", NA), c("A", "G", "T", NA)), .Names = c("", 
    "")), class = "table"), EJmono05_SNP1 = structure(c(0L, 0L, 
    0L, 1L, 0L, 0L, 6L, 0L, 1776L, 146L, 0L, 7765L, 217L, 6L, 
    0L, 88L, 29L, 0L, 1L, 278L, 11L, 1L, 0L, 0L), .Dim = c(8L, 
    3L), .Dimnames = structure(list(c("-1", "-2", "-3", "0", 
    "1", "2", "4", NA), c("A", "T", NA)), .Names = c("", "")), class = "table"), 
    EJmono16_SNP1 = structure(c(1898L, 282L, 13L, 1L, 11358L, 
    565L, 28L, 2L, 642L, 13L, 0L, 0L, 0L, 146L, 2L, 0L, 0L, 0L
    ), .Dim = c(9L, 2L), .Dimnames = structure(list(c("-1", "-2", 
    "-3", "-4", "0", "1", "2", "3", NA), c("A", NA)), .Names = c("", 
    "")), class = "table"), LMmono01_SNP1 = structure(c(1829L, 
    126L, 7L, 6635L, 106L, 2L, 1L, 1L, 62L, 0L, 0L, 0L, 1L, 0L, 
    0L, 0L, 0L, 0L, 0L, 0L, 0L, 3L, 0L, 0L, 0L, 0L, 0L, 67L, 
    2L, 0L, 471L, 16L, 0L, 0L, 0L, 0L), .Dim = c(9L, 4L), .Dimnames = structure(list(
        c("-1", "-2", "-3", "0", "1", "2", "4", "5", NA), c("A", 
        "G", "T", NA)), .Names = c("", "")), class = "table"), 
    LMmono03_SNP1 = structure(c(0L, 0L, 0L, 0L, 0L, 4L, 0L, 0L, 
    0L, 1042L, 583L, 356L, 76L, 4L, 3456L, 88L, 5L, 220L, 0L, 
    0L, 0L, 0L, 0L, 2L, 0L, 0L, 0L, 23L, 12L, 5L, 1L, 0L, 248L, 
    0L, 0L, 0L), .Dim = c(9L, 4L), .Dimnames = structure(list(
        c("-1", "-2", "-3", "-4", "-5", "0", "1", "2", NA), c("A", 
        "C", "G", NA)), .Names = c("", "")), class = "table"), 
    LMmono09_SNP1 = structure(c(0L, 0L, 0L, 0L, 0L, 1L, 0L, 0L, 
    0L, 0L, 0L, 0L, 0L, 0L, 1L, 0L, 0L, 0L, 0L, 0L, 0L, 0L, 0L, 
    0L, 0L, 0L, 1L, 4266L, 1086L, 652L, 65L, 1L, 10027L, 375L, 
    14L, 587L, 24L, 7L, 8L, 1L, 0L, 150L, 2L, 0L, 0L), .Dim = c(9L, 
    5L), .Dimnames = structure(list(c("-1", "-2", "-3", "-4", 
    "-5", "0", "1", "2", NA), c("A", "C", "G", "T", NA)), .Names = c("", 
    "")), class = "table"), LMmono12_SNP1 = structure(c(1363L, 
    759L, 194L, 8L, 4783L, 315L, 14L, 222L, 0L, 0L, 0L, 0L, 1L, 
    0L, 0L, 0L, 15L, 3L, 2L, 1L, 146L, 6L, 1L, 0L), .Dim = c(8L, 
    3L), .Dimnames = structure(list(c("-1", "-2", "-3", "-4", 
    "0", "1", "2", NA), c("A", "G", NA)), .Names = c("", "")), class = "table"), 
    LMmono16_SNP1 = structure(c(2158L, 988L, 225L, 26L, 4L, 6134L, 
    682L, 63L, 16L, 1L, 233L, 0L, 0L, 0L, 0L, 0L, 2L, 0L, 0L, 
    0L, 0L, 0L, 1L, 0L, 1L, 0L, 0L, 0L, 0L, 0L, 0L, 0L, 0L, 80L, 
    23L, 5L, 1L, 0L, 896L, 45L, 5L, 2L, 0L, 0L), .Dim = c(11L, 
    4L), .Dimnames = structure(list(c("-1", "-2", "-3", "-4", 
    "-5", "0", "1", "2", "3", "4", NA), c("A", "G", "T", NA)), .Names = c("", 
    "")), class = "table"), MSJmono10_SNP1 = structure(c(1L, 
    0L, 0L, 0L, 0L, 0L, 0L, 1L, 2519L, 388L, 12L, 7916L, 275L, 
    13L, 1L, 65L, 0L, 0L, 0L, 1L, 0L, 0L, 0L, 0L, 60L, 8L, 1L, 
    441L, 14L, 1L, 0L, 0L), .Dim = c(8L, 4L), .Dimnames = structure(list(
        c("-1", "-2", "-3", "0", "1", "2", "3", NA), c("A", "C", 
        "G", NA)), .Names = c("", "")), class = "table"), MSJmono19ms1_SNP1 = structure(c(0L, 
    0L, 0L, 0L, 1L, 0L, 0L, 0L, 0L, 1659L, 124L, 7L, 1L, 13140L, 
    362L, 10L, 1L, 357L, 0L, 0L, 0L, 0L, 16L, 0L, 0L, 0L, 2L, 
    0L, 0L, 0L, 0L, 2L, 0L, 0L, 0L, 0L, 0L, 0L, 0L, 0L, 10L, 
    0L, 0L, 0L, 0L, 134L, 9L, 0L, 0L, 1584L, 37L, 0L, 0L, 0L), .Dim = c(9L, 
    6L), .Dimnames = structure(list(c("-1", "-2", "-3", "-4", 
    "0", "1", "2", "3", NA), c("-", "A", "C", "G", "T", NA)), .Names = c("", 
    "")), class = "table"), MSJmono19ms2_SNP1 = structure(c(1305L, 
    59L, 13062L, 149L, 2L, 251L, 1L, 0L, 0L, 0L, 0L, 0L, 19L, 
    0L, 1142L, 3L, 0L, 0L), .Dim = c(6L, 3L), .Dimnames = structure(list(
        c("-1", "-2", "0", "1", "2", NA), c("C", "T", NA)), .Names = c("", 
    "")), class = "table"), MSJmono36_SNP1 = structure(c(0L, 
    0L, 0L, 1L, 0L, 0L, 0L, 0L, 0L, 0L, 0L, 1L, 0L, 0L, 0L, 0L, 
    1510L, 139L, 7L, 13035L, 351L, 14L, 2L, 293L, 0L, 0L, 0L, 
    2L, 0L, 0L, 0L, 0L, 12L, 2L, 0L, 366L, 2L, 1L, 0L, 0L), .Dim = c(8L, 
    5L), .Dimnames = structure(list(c("-1", "-2", "-3", "0", 
    "1", "2", "3", NA), c("A", "C", "G", "T", NA)), .Names = c("", 
    "")), class = "table"), MSJmono44_SNP1 = structure(c(5L, 
    2L, 0L, 0L, 0L, 0L, 9L, 0L, 0L, 1L, 0L, 0L, 0L, 0L, 0L, 0L, 
    2L, 0L, 0L, 0L, 0L, 0L, 0L, 0L, 0L, 0L, 1L, 0L, 0L, 0L, 0L, 
    0L, 0L, 0L, 0L, 0L, 1L, 0L, 0L, 0L, 1540L, 727L, 17L, 1L, 
    1L, 5L, 6453L, 95L, 6L, 65L, 10L, 9L, 0L, 0L, 0L, 0L, 150L, 
    1L, 0L, 0L), .Dim = c(10L, 6L), .Dimnames = structure(list(
        c("-1", "-2", "-3", "-4", "-6", "-8", "0", "1", "2", 
        NA), c("-", "A", "C", "G", "T", NA)), .Names = c("", 
    "")), class = "table"), MSJmono46_SNP1 = structure(c(1058L, 
    372L, 198L, 7L, 3L, 2488L, 149L, 1L, 132L, 1L, 0L, 0L, 0L, 
    0L, 0L, 0L, 0L, 0L, 25L, 7L, 3L, 0L, 0L, 107L, 1L, 0L, 0L
    ), .Dim = c(9L, 3L), .Dimnames = structure(list(c("-1", "-2", 
    "-3", "-4", "-5", "0", "1", "2", NA), c("C", "G", NA)), .Names = c("", 
    "")), class = "table"),