Result <-
list(AKMmono02_SNP1 = structure(c(0L, 0L, 0L, 0L, 1L, 0L, 0L, 
0L, 556L, 20L, 2L, 1L, 5785L, 100L, 1L, 110L, 8L, 1L, 0L, 0L, 
104L, 1L, 0L, 0L), .Dim = c(8L, 3L), .Dimnames = structure(list(
    c("-1", "-2", "-3", "-4", "0", "1", "2", NA), c("G", "T", 
    NA)), .Names = c("", "")), class = "table"), AKMmono03_SNP1 = structure(c(1238L, 
220L, 50L, 6L, 3L, 11076L, 169L, 4L, 142L, 0L, 0L, 0L, 0L, 0L, 
1L, 0L, 0L, 0L, 65L, 11L, 0L, 0L, 0L, 865L, 3L, 0L, 0L), .Dim = c(9L, 
3L), .Dimnames = structure(list(c("-1", "-2", "-3", "-4", "-5", 
"0", "1", "2", NA), c("A", "C", NA)), .Names = c("", "")), class = "table"), 
    AKMmono05_SNP1 = structure(c(1418L, 189L, 35L, 19L, 2L, 9088L, 
    327L, 10L, 123L, 0L, 0L, 0L, 0L, 0L, 2L, 0L, 0L, 0L, 0L, 
    0L, 0L, 0L, 0L, 3L, 0L, 0L, 0L, 74L, 6L, 0L, 0L, 0L, 991L, 
    31L, 0L, 0L), .Dim = c(9L, 4L), .Dimnames = structure(list(
        c("-1", "-2", "-3", "-4", "-5", "0", "1", "2", NA), c("A", 
        "C", "G", NA)), .Names = c("", "")), class = "table"), 
    AKMmono11_SNP1 = structure(c(0L, 0L, 0L, 4L, 0L, 0L, 0L, 
    0L, 0L, 0L, 0L, 1L, 0L, 0L, 0L, 0L, 1048L, 84L, 4L, 9500L, 
    170L, 6L, 1L, 169L, 182L, 2L, 0L, 1741L, 62L, 1L, 0L, 0L), .Dim = c(8L, 
    4L), .Dimnames = structure(list(c("-1", "-2", "-3", "0", 
    "1", "2", "3", NA), c("A", "C", "T", NA)), .Names = c("", 
    "")), class = "table"), AKMmono12_SNP1 = structure(c(0L, 
    0L, 0L, 0L, 2L, 0L, 0L, 0L, 0L, 1435L, 107L, 11L, 2L, 9598L, 
    213L, 6L, 1L, 74L, 0L, 0L, 0L, 0L, 4L, 0L, 0L, 0L, 0L, 40L, 
    4L, 0L, 0L, 773L, 13L, 0L, 0L, 0L), .Dim = c(9L, 4L), .Dimnames = structure(list(
        c("-1", "-2", "-3", "-4", "0", "1", "2", "3", NA), c("A", 
        "C", "G", NA)), .Names = c("", "")), class = "table"), 
    AKMmono13_SNP1 = structure(c(629L, 32L, 2L, 9502L, 231L, 
    4L, 80L, 0L, 0L, 0L, 1L, 0L, 0L, 0L, 0L, 0L, 0L, 1L, 0L, 
    0L, 0L, 22L, 1L, 0L, 609L, 13L, 1L, 0L), .Dim = c(7L, 4L), .Dimnames = structure(list(
        c("-1", "-2", "-3", "0", "1", "2", NA), c("A", "C", "G", 
        NA)), .Names = c("", "")), class = "table"), AKMmono16_SNP1 = structure(c(516L, 
    23L, 3L, 5915L, 106L, 32L, 0L, 0L, 0L, 5L, 0L, 0L, 8L, 0L, 
    0L, 384L, 5L, 0L), .Dim = c(6L, 3L), .Dimnames = structure(list(
        c("-1", "-2", "-3", "0", "1", NA), c("A", "T", NA)), .Names = c("", 
    "")), class = "table"), AKMmono22_SNP1 = structure(c(1162L, 
    198L, 23L, 3L, 1L, 8062L, 462L, 31L, 344L, 0L, 1L, 0L, 0L, 
    0L, 3L, 0L, 0L, 0L, 33L, 4L, 1L, 0L, 0L, 777L, 15L, 0L, 0L
    ), .Dim = c(9L, 3L), .Dimnames = structure(list(c("-1", "-2", 
    "-3", "-4", "-5", "0", "1", "2", NA), c("A", "G", NA)), .Names = c("", 
    "")), class = "table"), EJmono05_SNP1 = structure(c(0L, 0L, 
    0L, 1L, 0L, 0L, 0L, 0L, 0L, 0L, 4L, 0L, 0L, 0L, 654L, 56L, 
    4L, 6237L, 114L, 1L, 43L, 12L, 0L, 0L, 248L, 1L, 0L, 0L), .Dim = c(7L, 
    4L), .Dimnames = structure(list(c("-1", "-2", "-3", "0", 
    "1", "2", NA), c("A", "G", "T", NA)), .Names = c("", "")), class = "table"), 
    EJmono16_SNP1 = structure(c(532L, 43L, 1L, 1L, 6L, 9076L, 
    415L, 20L, 307L, 3L, 0L, 0L, 0L, 0L, 117L, 1L, 0L, 0L), .Dim = c(9L, 
    2L), .Dimnames = structure(list(c("-1", "-2", "-3", "-4", 
    "-5", "0", "1", "2", NA), c("A", NA)), .Names = c("", "")), class = "table"), 
    LMmono01_SNP1 = structure(c(796L, 35L, 6981L, 135L, 1L, 45L, 
    0L, 0L, 2L, 0L, 0L, 0L, 1L, 0L, 2L, 0L, 0L, 0L, 42L, 2L, 
    519L, 7L, 0L, 0L), .Dim = c(6L, 4L), .Dimnames = structure(list(
        c("-1", "-2", "0", "1", "2", NA), c("A", "C", "G", NA
        )), .Names = c("", "")), class = "table"), LMmono03_SNP1 = structure(c(1L, 
    0L, 0L, 0L, 2L, 0L, 0L, 0L, 981L, 164L, 20L, 3L, 4447L, 120L, 
    7L, 180L, 0L, 0L, 0L, 0L, 2L, 0L, 0L, 0L, 2L, 0L, 0L, 0L, 
    2L, 0L, 0L, 0L, 21L, 5L, 1L, 0L, 306L, 2L, 0L, 0L), .Dim = c(8L, 
    5L), .Dimnames = structure(list(c("-1", "-2", "-3", "-4", 
    "0", "1", "2", NA), c("A", "C", "G", "T", NA)), .Names = c("", 
    "")), class = "table"), LMmono09_SNP1 = structure(c(0L, 2L, 
    0L, 0L, 0L, 0L, 0L, 0L, 0L, 0L, 0L, 0L, 0L, 0L, 0L, 0L, 0L, 
    1L, 2217L, 242L, 18L, 1L, 12939L, 440L, 12L, 1L, 320L, 18L, 
    5L, 0L, 0L, 210L, 8L, 0L, 0L, 0L), .Dim = c(9L, 4L), .Dimnames = structure(list(
        c("-1", "-2", "-3", "-4", "0", "1", "2", "3", NA), c("A", 
        "C", "T", NA)), .Names = c("", "")), class = "table"), 
    LMmono12_SNP1 = structure(c(940L, 73L, 5L, 4815L, 283L, 13L, 
    189L, 11L, 1L, 0L, 160L, 4L, 0L, 0L), .Dim = c(7L, 2L), .Dimnames = structure(list(
        c("-1", "-2", "-3", "0", "1", "2", NA), c("A", NA)), .Names = c("", 
    "")), class = "table"), LMmono16_SNP1 = structure(c(1662L, 
    139L, 7L, 1L, 6320L, 430L, 17L, 1L, 167L, 0L, 0L, 0L, 0L, 
    3L, 0L, 0L, 0L, 0L, 0L, 0L, 0L, 0L, 1L, 0L, 0L, 0L, 0L, 59L, 
    4L, 0L, 0L, 971L, 26L, 0L, 0L, 0L), .Dim = c(9L, 4L), .Dimnames = structure(list(
        c("-1", "-2", "-3", "-4", "0", "1", "2", "3", NA), c("A", 
        "G", "T", NA)), .Names = c("", "")), class = "table"), 
    MSJmono10_SNP1 = structure(c(358L, 6L, 1L, 6133L, 199L, 5L, 
    18L, 0L, 0L, 0L, 1L, 0L, 0L, 0L, 15L, 2L, 0L, 410L, 12L, 
    2L, 0L), .Dim = c(7L, 3L), .Dimnames = structure(list(c("-1", 
    "-2", "-4", "0", "1", "2", NA), c("C", "T", NA)), .Names = c("", 
    "")), class = "table"), MSJmono19ms1_SNP1 = structure(c(473L, 
    33L, 2L, 8739L, 231L, 3L, 157L, 0L, 0L, 0L, 12L, 0L, 0L, 
    1L, 0L, 0L, 0L, 2L, 0L, 0L, 0L, 0L, 0L, 0L, 7L, 0L, 0L, 1L, 
    52L, 1L, 0L, 959L, 28L, 0L, 0L), .Dim = c(7L, 5L), .Dimnames = structure(list(
        c("-1", "-2", "-3", "0", "1", "2", NA), c("A", "C", "G", 
        "T", NA)), .Names = c("", "")), class = "table"), MSJmono19ms2_SNP1 = structure(c(401L, 
    4L, 1L, 8716L, 87L, 1L, 105L, 0L, 0L, 0L, 1L, 0L, 0L, 0L, 
    0L, 0L, 0L, 3L, 0L, 0L, 0L, 2L, 0L, 0L, 677L, 0L, 0L, 0L), .Dim = c(7L, 
    4L), .Dimnames = structure(list(c("-1", "-2", "-3", "0", 
    "1", "2", NA), c("C", "G", "T", NA)), .Names = c("", "")), class = "table"), 
    MSJmono36_SNP1 = structure(c(0L, 0L, 0L, 2L, 0L, 0L, 0L, 
    0L, 0L, 0L, 1L, 0L, 0L, 0L, 692L, 26L, 3L, 9704L, 247L, 7L, 
    144L, 1L, 0L, 0L, 0L, 0L, 0L, 0L, 5L, 2L, 0L, 284L, 6L, 0L, 
    0L), .Dim = c(7L, 5L), .Dimnames = structure(list(c("-1", 
    "-2", "-3", "0", "1", "2", NA), c("A", "C", "G", "T", NA)), .Names = c("", 
    "")), class = "table"), MSJmono44_SNP1 = structure(c(0L, 
    0L, 0L, 0L, 0L, 1L, 0L, 332L, 15L, 2L, 6033L, 82L, 0L, 58L, 
    4L, 0L, 0L, 118L, 2L, 0L, 0L), .Dim = c(7L, 3L), .Dimnames = structure(list(
        c("-1", "-2", "-3", "0", "1", "3", NA), c("G", "T", NA
        )), .Names = c("", "")), class = "table"), MSJmono46_SNP1 = structure(c(0L, 
    0L, 0L, 0L, 1L, 0L, 0L, 0L, 784L, 79L, 8L, 1L, 3477L, 165L, 
    6L, 92L, 0L, 0L, 0L, 0L, 1L, 0L, 0L, 0L, 7L, 1L, 0L, 0L, 
    126L, 2L, 0L, 0L), .Dim = c(8L, 4L), .Dimnames = structure(list(
        c("-1", "-2", "-3", "-4", "0", "1", "2", NA), c("A", 
        "C", "T", NA)), .Names = c("", "")), class = "table"), 
    LMmono04v2_SNP1 = structure(c(201L, 9L, 0L, 1669L, 91L, 4L, 
    15L, 0L, 0L, 0L, 1L, 0L, 0L, 0L, 207L, 9L, 1L, 1635L, 74L, 
    4L, 13L, 11L, 1L, 0L, 190L, 8L, 0L, 0L), .Dim = c(7L, 4L), .Dimnames = structure(list(
        c("-1", "-2", "-3", "0", "1", "2", NA), c("C", "G", "T", 
        NA)), .Names = c("", "")), class = "table"), AKMmono01v2_SNP1 = structure(c(0L, 
    0L, 0L, 0L, 1L, 0L, 0L, 0L, 5L, 4L, 0L, 0L, 1L, 0L, 0L, 0L, 
    0L, 0L, 0L, 0L, 1L, 0L, 0L, 0L, 523L, 35L, 7L, 1L, 6806L, 
    118L, 2L, 45L, 9L, 2L, 1L, 0L, 285L, 9L, 0L, 0L), .Dim = c(8L, 
    5L), .Dimnames = structure(list(c("-1", "-2", "-3", "-4", 
    "0", "1", "2", NA), c("A", "C", "G", "T", NA)), .Names = c("", 
    "")), class = "table"), AKMmono10v2_SNP1 = structure(c(106L, 
    2L, 0L, 1987L, 16L, 0L, 4L, 124L, 4L, 1L, 2187L, 22L, 0L, 
    4L, 1L, 0L, 0L, 175L, 1L, 1L, 0L), .Dim = c(7L, 3L),