Result <-
list(AKMmono02_SNP1 = structure(c(0L, 0L, 0L, 1L, 0L, 0L, 0L, 
1157L, 112L, 2L, 1450L, 53L, 2L, 166L, 37L, 9L, 0L, 59L, 0L, 
0L, 0L), .Dim = c(7L, 3L), .Dimnames = structure(list(c("-1", 
"-2", "-3", "0", "1", "2", NA), c("A", "T", NA)), .Names = c("", 
"")), class = "table"), AKMmono03_SNP1 = structure(c(1791L, 281L, 
31L, 1L, 1682L, 30L, 172L, 0L, 0L, 0L, 0L, 1L, 0L, 0L, 2L, 0L, 
0L, 0L, 1L, 0L, 0L, 74L, 15L, 1L, 1L, 170L, 3L, 0L), .Dim = c(7L, 
4L), .Dimnames = structure(list(c("-1", "-2", "-3", "-4", "0", 
"1", NA), c("A", "C", "G", NA)), .Names = c("", "")), class = "table"), 
    AKMmono05_SNP1 = structure(c(877L, 113L, 33L, 6L, 833L, 111L, 
    9L, 1L, 107L, 0L, 0L, 0L, 0L, 1L, 0L, 0L, 0L, 0L, 1L, 0L, 
    0L, 0L, 0L, 0L, 0L, 0L, 0L, 48L, 6L, 0L, 0L, 94L, 10L, 0L, 
    0L, 0L), .Dim = c(9L, 4L), .Dimnames = structure(list(c("-1", 
    "-2", "-3", "-4", "0", "1", "2", "3", NA), c("A", "C", "G", 
    NA)), .Names = c("", "")), class = "table"), AKMmono11_SNP1 = structure(c(1L, 
    0L, 0L, 0L, 5L, 0L, 0L, 1L, 2655L, 771L, 30L, 1L, 5240L, 
    133L, 4L, 570L, 300L, 40L, 2L, 0L, 814L, 31L, 1L, 0L), .Dim = c(8L, 
    3L), .Dimnames = structure(list(c("-1", "-2", "-3", "-4", 
    "0", "1", "2", NA), c("A", "T", NA)), .Names = c("", "")), class = "table"), 
    AKMmono12_SNP1 = structure(c(0L, 0L, 0L, 0L, 0L, 2L, 1L, 
    0L, 0L, 1768L, 311L, 14L, 1L, 1L, 2427L, 111L, 3L, 129L, 
    43L, 8L, 0L, 0L, 0L, 198L, 3L, 0L, 0L), .Dim = c(9L, 3L), .Dimnames = structure(list(
        c("-1", "-2", "-3", "-4", "-5", "0", "1", "2", NA), c("A", 
        "C", NA)), .Names = c("", "")), class = "table"), AKMmono13_SNP1 = structure(c(351L, 
    683L, 36L, 752L, 53L, 3L, 91L, 14L, 15L, 0L, 51L, 5L, 0L, 
    0L), .Dim = c(7L, 2L), .Dimnames = structure(list(c("-1", 
    "-2", "-3", "0", "1", "2", NA), c("A", NA)), .Names = c("", 
    "")), class = "table"), AKMmono16_SNP1 = structure(c(723L, 
    92L, 6L, 1485L, 34L, 1L, 58L, 0L, 0L, 0L, 1L, 0L, 0L, 0L, 
    1L, 0L, 0L, 2L, 0L, 0L, 0L, 11L, 3L, 1L, 123L, 1L, 0L, 0L
    ), .Dim = c(7L, 4L), .Dimnames = structure(list(c("-1", "-2", 
    "-3", "0", "1", "2", NA), c("A", "C", "T", NA)), .Names = c("", 
    "")), class = "table"), AKMmono22_SNP1 = structure(c(392L, 
    277L, 92L, 4L, 592L, 34L, 4L, 161L, 0L, 0L, 0L, 0L, 1L, 0L, 
    0L, 0L, 21L, 13L, 3L, 0L, 68L, 3L, 0L, 0L), .Dim = c(8L, 
    3L), .Dimnames = structure(list(c("-1", "-2", "-3", "-4", 
    "0", "1", "2", NA), c("A", "T", NA)), .Names = c("", "")), class = "table"), 
    EJmono05_SNP1 = structure(c(0L, 0L, 0L, 1L, 0L, 0L, 680L, 
    38L, 1L, 951L, 36L, 47L, 14L, 1L, 0L, 45L, 1L, 0L), .Dim = c(6L, 
    3L), .Dimnames = structure(list(c("-1", "-2", "-3", "0", 
    "1", NA), c("C", "T", NA)), .Names = c("", "")), class = "table"), 
    EJmono16_SNP1 = structure(c(906L, 252L, 6L, 979L, 51L, 1L, 
    468L, 8L, 1L, 1L, 26L, 0L, 0L, 0L), .Dim = c(7L, 2L), .Dimnames = structure(list(
        c("-1", "-2", "-3", "0", "1", "2", NA), c("A", NA)), .Names = c("", 
    "")), class = "table"), LMmono01_SNP1 = structure(c(546L, 
    41L, 1015L, 17L, 74L, 1L, 0L, 1L, 0L, 1L, 18L, 0L, 90L, 3L, 
    0L), .Dim = c(5L, 3L), .Dimnames = structure(list(c("-1", 
    "-2", "0", "1", NA), c("A", "T", NA)), .Names = c("", "")), class = "table"), 
    LMmono03_SNP1 = structure(c(199L, 80L, 198L, 26L, 16L, 471L, 
    13L, 41L, 7L, 1L, 5L, 0L, 0L, 76L, 2L, 0L), .Dim = c(8L, 
    2L), .Dimnames = structure(list(c("-1", "-2", "-3", "-4", 
    "-5", "0", "1", NA), c("C", NA)), .Names = c("", "")), class = "table"), 
    LMmono09_SNP1 = structure(c(0L, 0L, 0L, 0L, 0L, 1L, 0L, 0L, 
    0L, 1L, 0L, 0L, 0L, 0L, 0L, 0L, 0L, 0L, 1915L, 466L, 60L, 
    2L, 2L, 3729L, 208L, 14L, 211L, 31L, 9L, 2L, 0L, 0L, 71L, 
    3L, 0L, 0L), .Dim = c(9L, 4L), .Dimnames = structure(list(
        c("-1", "-2", "-3", "-4", "-6", "0", "1", "2", NA), c("A", 
        "C", "T", NA)), .Names = c("", "")), class = "table"), 
    LMmono12_SNP1 = structure(c(500L, 422L, 68L, 5L, 471L, 42L, 
    4L, 97L, 18L, 16L, 1L, 0L, 51L, 1L, 0L, 0L), .Dim = c(8L, 
    2L), .Dimnames = structure(list(c("-1", "-2", "-3", "-4", 
    "0", "1", "2", NA), c("A", NA)), .Names = c("", "")), class = "table"), 
    LMmono16_SNP1 = structure(c(40L, 14L, 9L, 1L, 1L, 2007L, 
    262L, 1L, 986L, 1L, 163L, 11L, 3L, 540L, 0L, 0L, 0L, 0L, 
    0L, 1L, 0L, 0L, 0L, 0L, 0L, 0L, 0L, 0L, 0L, 0L, 0L, 0L, 0L, 
    1L, 0L, 0L, 0L, 0L, 0L, 0L, 0L, 0L, 5L, 0L, 0L, 0L, 0L, 280L, 
    4L, 0L, 60L, 1L, 12L, 2L, 1L, 0L), .Dim = c(14L, 4L), .Dimnames = structure(list(
        c("-1", "-2", "-3", "-4", "-5", "0", "1", "2", "3", "4", 
        "5", "6", "7", NA), c("A", "C", "G", NA)), .Names = c("", 
    "")), class = "table"), MSJmono10_SNP1 = structure(c(0L, 
    0L, 0L, 1L, 0L, 0L, 0L, 811L, 378L, 9L, 2102L, 99L, 6L, 78L, 
    0L, 0L, 0L, 1L, 0L, 0L, 0L, 22L, 14L, 0L, 120L, 7L, 0L, 0L
    ), .Dim = c(7L, 4L), .Dimnames = structure(list(c("-1", "-2", 
    "-3", "0", "1", "2", NA), c("A", "C", "T", NA)), .Names = c("", 
    "")), class = "table"), MSJmono19ms1_SNP1 = structure(c(146L, 
    10L, 1L, 2123L, 636L, 36L, 3L, 582L, 0L, 0L, 0L, 4L, 1L, 
    0L, 0L, 1L, 0L, 0L, 0L, 2L, 0L, 0L, 0L, 1L, 13L, 1L, 0L, 
    333L, 83L, 5L, 0L, 0L), .Dim = c(8L, 4L), .Dimnames = structure(list(
        c("-1", "-2", "-5", "0", "1", "2", "3", NA), c("A", "C", 
        "T", NA)), .Names = c("", "")), class = "table"), MSJmono19ms2_SNP1 = structure(c(758L, 
    18L, 2471L, 58L, 1L, 121L, 1L, 0L, 0L, 0L, 0L, 0L, 8L, 0L, 
    199L, 0L, 0L, 0L), .Dim = c(6L, 3L), .Dimnames = structure(list(
        c("-1", "-2", "0", "1", "2", NA), c("C", "T", NA)), .Names = c("", 
    "")), class = "table"), MSJmono36_SNP1 = structure(c(942L, 
    146L, 861L, 15L, 2L, 842L, 20L, 2L, 249L, 7L, 2L, 10L, 2L, 
    0L, 29L, 1L, 0L, 0L), .Dim = c(9L, 2L), .Dimnames = structure(list(
        c("-1", "-2", "-3", "-4", "-5", "0", "1", "2", NA), c("G", 
        NA)), .Names = c("", "")), class = "table"), MSJmono44_SNP1 = structure(c(1601L, 
    63L, 4L, 567L, 23L, 56L, 39L, 0L, 0L, 25L, 0L, 0L), .Dim = c(6L, 
    2L), .Dimnames = structure(list(c("-1", "-2", "-3", "0", 
    "1", NA), c("T", NA)), .Names = c("", "")), class = "table"), 
    MSJmono46_SNP1 = structure(c(536L, 147L, 10L, 606L, 52L, 
    1L, 74L, 62L, 6L, 0L, 163L, 7L, 1L, 0L), .Dim = c(7L, 2L), .Dimnames = structure(list(
        c("-1", "-2", "-3", "0", "1", "2", NA), c("C", NA)), .Names = c("", 
    "")), class = "table"), LMmono04v2_SNP1 = structure(c(170L, 
    13L, 1L, 697L, 45L, 3L, 16L, 6L, 0L, 0L, 29L, 0L, 0L, 0L), .Dim = c(7L, 
    2L), .Dimnames = structure(list(c("-1", "-2", "-3", "0", 
    "1", "2", NA), c("C", NA)), .Names = c("", "")), class = "table"), 
    AKMmono01v2_SNP1 = structure(c(900L, 269L, 10L, 1589L, 38L, 
    75L, 45L, 6L, 0L, 135L, 3L, 0L), .Dim = c(6L, 2L), .Dimnames = structure(list(
        c("-1", "-2", "-3", "0", "1", NA), c("T", NA)), .Names = c("", 
    "")), class = "table"), AKMmono10v2_SNP1 = structure(c(326L, 
    9L, 240L, 2L, 20L, 3L, 0L, 40L, 0L, 0L, 1L, 0L, 13L, 0L, 
    0L), .Dim = c(5L, 3L), .Dimnames = structure(list(c("-1", 
    "-2", "0", "1", NA), c("A", "G", NA)), .Names = c("", "")), class = "table"), 
    AKMmono17v2_SNP1 = structure(c(6L, 0L, 4L, 0L, 0L, 241L, 
    48L, 268L, 10L, 25L, 4L, 0L, 14L, 2L, 0L), .Dim = c(5L, 3L
    ), .Dimnames = structure(list(c("-1", "-2", "0", "1", NA), 
        c("A", "C", NA)), .Names = c("", "")), class = "table"), 
    EJmono13v2_SNP1 = structure(c(53L, 3L, 409L, 21L, 2L, 3L, 
    31L, 0L, 417L, 13L, 0L, 3L, 2L, 0L, 91L, 4L, 1L, 0L), .Dim = c(6L, 
    3L), .Dimnames = structure(list(c("-1", "-2", "0", "1", "2", 
    NA), c("A", "G", NA)), .Names = c("", "")), class = "table"), 
    EJmono21v2_SNP1 = structure(c(1L, 0L, 4L, 0L, 157L, 10L, 
    191L, 10L, 6L, 0L, 21L, 0L), .Dim = 4:3, .Dimnames = structure(list(
        c("-1", "-2", "0", NA), c("C", "T", NA)), .Names = c("", 
    "")), class = "table"),