Result <-
list(AKMmono02_SNP1 = structure(c(1L, 0L, 0L, 0L, 1L, 0L, 0L, 
1198L, 678L, 14L, 6L, 1430L, 38L, 187L, 33L, 33L, 1L, 0L, 62L, 
0L, 0L), .Dim = c(7L, 3L), .Dimnames = structure(list(c("-1", 
"-2", "-3", "-4", "0", "1", NA), c("G", "T", NA)), .Names = c("", 
"")), class = "table"), AKMmono03_SNP1 = structure(c(631L, 91L, 
4L, 4277L, 60L, 2L, 71L, 1L, 0L, 0L, 5L, 0L, 0L, 0L, 0L, 0L, 
0L, 1L, 0L, 0L, 0L, 26L, 5L, 0L, 419L, 3L, 0L, 0L), .Dim = c(7L, 
4L), .Dimnames = structure(list(c("-1", "-2", "-3", "0", "1", 
"2", NA), c("A", "C", "T", NA)), .Names = c("", "")), class = "table"), 
    AKMmono05_SNP1 = structure(c(840L, 95L, 800L, 107L, 1L, 1159L, 
    49L, 1L, 140L, 53L, 4L, 17L, 0L, 0L, 110L, 6L, 0L, 0L), .Dim = c(9L, 
    2L), .Dimnames = structure(list(c("-1", "-2", "-3", "-4", 
    "-5", "0", "1", "2", NA), c("A", NA)), .Names = c("", "")), class = "table"), 
    AKMmono11_SNP1 = structure(c(0L, 1L, 0L, 0L, 3L, 0L, 0L, 
    1L, 0L, 0L, 0L, 0L, 1L, 0L, 0L, 0L, 1912L, 1744L, 110L, 1L, 
    5045L, 156L, 3L, 455L, 198L, 78L, 3L, 0L, 813L, 33L, 0L, 
    0L), .Dim = c(8L, 4L), .Dimnames = structure(list(c("-1", 
    "-2", "-3", "-4", "0", "1", "2", NA), c("A", "C", "T", NA
    )), .Names = c("", "")), class = "table"), AKMmono12_SNP1 = structure(c(0L, 
    0L, 0L, 0L, 3L, 0L, 0L, 0L, 855L, 79L, 6L, 1L, 4166L, 168L, 
    5L, 75L, 0L, 0L, 0L, 0L, 2L, 0L, 0L, 1L, 26L, 2L, 1L, 0L, 
    327L, 5L, 0L, 0L), .Dim = c(8L, 4L), .Dimnames = structure(list(
        c("-1", "-2", "-3", "-4", "0", "1", "2", NA), c("A", 
        "C", "T", NA)), .Names = c("", "")), class = "table"), 
    AKMmono13_SNP1 = structure(c(1280L, 1078L, 25L, 1L, 1145L, 
    32L, 3L, 128L, 1L, 1L, 0L, 0L, 0L, 0L, 0L, 0L, 0L, 0L, 0L, 
    0L, 1L, 0L, 0L, 0L, 38L, 17L, 1L, 0L, 81L, 1L, 0L, 0L), .Dim = c(8L, 
    4L), .Dimnames = structure(list(c("-1", "-2", "-3", "-4", 
    "0", "1", "2", NA), c("A", "G", "T", NA)), .Names = c("", 
    "")), class = "table"), AKMmono16_SNP1 = structure(c(186L, 
    641L, 91L, 1479L, 25L, 55L, 0L, 0L, 0L, 1L, 0L, 0L, 6L, 16L, 
    3L, 95L, 5L, 0L), .Dim = c(6L, 3L), .Dimnames = structure(list(
        c("-1", "-2", "-3", "0", "1", NA), c("A", "C", NA)), .Names = c("", 
    "")), class = "table"), AKMmono22_SNP1 = structure(c(786L, 
    158L, 38L, 3L, 1L, 1368L, 57L, 4L, 246L, 46L, 8L, 2L, 0L, 
    0L, 166L, 5L, 0L, 0L), .Dim = c(9L, 2L), .Dimnames = structure(list(
        c("-1", "-2", "-3", "-4", "-5", "0", "1", "2", NA), c("A", 
        NA)), .Names = c("", "")), class = "table"), EJmono05_SNP1 = structure(c(0L, 
    0L, 0L, 0L, 0L, 1L, 682L, 73L, 1L, 1421L, 26L, 75L, 11L, 
    1L, 0L, 64L, 2L, 0L), .Dim = c(6L, 3L), .Dimnames = structure(list(
        c("-1", "-2", "-4", "0", "1", NA), c("C", "T", NA)), .Names = c("", 
    "")), class = "table"), EJmono16_SNP1 = structure(c(640L, 
    44L, 6L, 2415L, 156L, 9L, 420L, 0L, 0L, 0L, 1L, 0L, 0L, 0L, 
    9L, 0L, 0L, 49L, 0L, 0L, 0L), .Dim = c(7L, 3L), .Dimnames = structure(list(
        c("-1", "-2", "-3", "0", "1", "2", NA), c("A", "T", NA
        )), .Names = c("", "")), class = "table"), LMmono01_SNP1 = structure(c(1786L, 
    127L, 1028L, 8L, 0L, 182L, 0L, 0L, 3L, 0L, 0L, 0L, 0L, 0L, 
    1L, 0L, 0L, 0L, 75L, 1L, 81L, 4L, 1L, 0L), .Dim = c(6L, 4L
    ), .Dimnames = structure(list(c("-1", "-2", "0", "1", "2", 
    NA), c("A", "G", "T", NA)), .Names = c("", "")), class = "table"), 
    LMmono03_SNP1 = structure(c(0L, 0L, 0L, 0L, 0L, 1L, 0L, 0L, 
    642L, 183L, 90L, 10L, 1L, 487L, 21L, 80L, 0L, 0L, 0L, 0L, 
    0L, 2L, 0L, 0L, 20L, 6L, 3L, 1L, 0L, 79L, 0L, 0L), .Dim = c(8L, 
    4L), .Dimnames = structure(list(c("-1", "-2", "-3", "-4", 
    "-5", "0", "1", NA), c("A", "C", "T", NA)), .Names = c("", 
    "")), class = "table"), LMmono09_SNP1 = structure(c(0L, 1L, 
    0L, 0L, 0L, 0L, 0L, 0L, 2117L, 260L, 10L, 10L, 3494L, 116L, 
    8L, 344L, 3L, 3L, 0L, 1L, 61L, 1L, 0L, 0L), .Dim = c(8L, 
    3L), .Dimnames = structure(list(c("-1", "-2", "-3", "-4", 
    "0", "1", "2", NA), c("A", "T", NA)), .Names = c("", "")), class = "table"), 
    LMmono12_SNP1 = structure(c(515L, 141L, 20L, 803L, 308L, 
    83L, 9L, 3L, 130L, 24L, 6L, 0L, 128L, 15L, 4L, 2L, 0L, 0L
    ), .Dim = c(9L, 2L), .Dimnames = structure(list(c("-1", "-2", 
    "-3", "0", "1", "2", "3", "4", NA), c("A", NA)), .Names = c("", 
    "")), class = "table"), LMmono16_SNP1 = structure(c(134L, 
    152L, 483L, 121L, 25L, 2737L, 139L, 6L, 374L, 1L, 477L, 66L, 
    1L, 414L, 0L, 0L, 0L, 0L, 0L, 1L, 0L, 0L, 0L, 0L, 0L, 0L, 
    0L, 1L, 7L, 3L, 12L, 1L, 0L, 423L, 4L, 1L, 13L, 0L, 49L, 
    8L, 2L, 0L), .Dim = c(14L, 3L), .Dimnames = structure(list(
        c("-1", "-2", "-3", "-4", "-5", "0", "1", "2", "3", "4", 
        "5", "6", "7", NA), c("A", "C", NA)), .Names = c("", 
    "")), class = "table"), MSJmono10_SNP1 = structure(c(983L, 
    53L, 2827L, 134L, 4L, 64L, 0L, 0L, 2L, 0L, 0L, 0L, 28L, 0L, 
    145L, 8L, 2L, 0L), .Dim = c(6L, 3L), .Dimnames = structure(list(
        c("-1", "-2", "0", "1", "2", NA), c("C", "T", NA)), .Names = c("", 
    "")), class = "table"), MSJmono19ms1_SNP1 = structure(c(268L, 
    10L, 6L, 5089L, 86L, 2L, 234L, 0L, 0L, 0L, 15L, 0L, 0L, 0L, 
    0L, 0L, 0L, 4L, 0L, 0L, 0L, 0L, 0L, 0L, 3L, 0L, 0L, 0L, 18L, 
    0L, 1L, 747L, 13L, 0L, 0L), .Dim = c(7L, 5L), .Dimnames = structure(list(
        c("-1", "-2", "-3", "0", "1", "2", NA), c("A", "C", "G", 
        "T", NA)), .Names = c("", "")), class = "table"), MSJmono19ms2_SNP1 = structure(c(1L, 
    0L, 0L, 0L, 0L, 1375L, 126L, 3785L, 42L, 236L, 0L, 0L, 1L, 
    0L, 0L, 19L, 1L, 297L, 1L, 0L), .Dim = 5:4, .Dimnames = structure(list(
        c("-1", "-2", "0", "1", NA), c("A", "C", "T", NA)), .Names = c("", 
    "")), class = "table"), MSJmono36_SNP1 = structure(c(1588L, 
    110L, 4L, 1L, 3230L, 72L, 4L, 265L, 0L, 0L, 0L, 0L, 2L, 0L, 
    0L, 0L, 17L, 1L, 0L, 0L, 129L, 0L, 0L, 0L), .Dim = c(8L, 
    3L), .Dimnames = structure(list(c("-1", "-2", "-3", "-4", 
    "0", "1", "2", NA), c("G", "T", NA)), .Names = c("", "")), class = "table"), 
    MSJmono44_SNP1 = structure(c(0L, 0L, 0L, 0L, 1L, 0L, 0L, 
    0L, 510L, 27L, 1L, 1L, 2864L, 50L, 1L, 20L, 11L, 1L, 0L, 
    0L, 140L, 0L, 0L, 0L), .Dim = c(8L, 3L), .Dimnames = structure(list(
        c("-1", "-2", "-3", "-4", "0", "1", "3", NA), c("C", 
        "T", NA)), .Names = c("", "")), class = "table"), MSJmono46_SNP1 = structure(c(263L, 
    230L, 439L, 46L, 3L, 434L, 32L, 1L, 77L, 0L, 0L, 19L, 0L, 
    0L, 0L, 0L, 0L, 0L, 34L, 12L, 19L, 1L, 0L, 97L, 4L, 0L, 0L
    ), .Dim = c(9L, 3L), .Dimnames = structure(list(c("-1", "-2", 
    "-3", "-4", "-5", "0", "1", "2", NA), c("C", "T", NA)), .Names = c("", 
    "")), class = "table"), LMmono04v2_SNP1 = structure(c(926L, 
    139L, 14L, 1L, 557L, 30L, 1L, 42L, 0L, 0L, 0L, 0L, 1L, 0L, 
    0L, 0L, 29L, 0L, 2L, 0L, 25L, 2L, 0L, 0L), .Dim = c(8L, 3L
    ), .Dimnames = structure(list(c("-1", "-2", "-3", "-4", "0", 
    "1", "2", NA), c("C", "T", NA)), .Names = c("", "")), class = "table"), 
    AKMmono01v2_SNP1 = structure(c(1L, 0L, 0L, 0L, 1L, 0L, 0L, 
    7L, 2L, 0L, 0L, 0L, 0L, 0L, 715L, 112L, 5L, 1892L, 490L, 
    19L, 114L, 18L, 2L, 0L, 164L, 47L, 1L, 0L), .Dim = c(7L, 
    4L), .Dimnames = structure(list(c("-1", "-2", "-3", "0", 
    "1", "2", NA), c("-", "C", "T", NA)), .Names = c("", "")), class = "table"), 
    AKMmono10v2_SNP1 = structure(c(291L, 5L, 567L, 7L, 29L, 6L, 
    0L, 27L, 0L, 0L), .Dim = c(5L, 2L), .Dimnames = structure(list(
        c("-1", "-2", "0", "1", NA), c("A", NA)), .Names = c("", 
    "")), class = "table"), AKMmono17v2_SNP1 = structure(c(122L, 
    5L, 97L, 2L, 13L, 17L, 1L, 224L, 1L, 1L, 0L, 0L, 11L, 1L, 
    0L), .Dim = c(5L, 3L), .Dimnames = structure(list(c("-1", 
    "-2", "0", "1", NA), c("A", "C", NA)), .Names = c("", "")), class = "table"), 
    EJmono13v2_SNP1 = structure(c(232L, 14L, 119L, 3L, 0L, 4L, 
    9L, 0L, 132L, 146L, 13L, 14L, 13L, 1L, 40L, 15L, 0L, 0L), .Dim = c(6L, 
    3L),