Result <-
list(AKMmono02_SNP1 = structure(c(0L, 0L, 0L, 0L, 0L, 0L, 1L, 
573L, 570L, 22L, 3953L, 97L, 7L, 143L, 13L, 14L, 1L, 153L, 3L, 
0L, 0L), .Dim = c(7L, 3L), .Dimnames = structure(list(c("-1", 
"-2", "-3", "0", "1", "2", NA), c("G", "T", NA)), .Names = c("", 
"")), class = "table"), AKMmono03_SNP1 = structure(c(878L, 1466L, 
206L, 7L, 2374L, 34L, 211L, 1L, 0L, 0L, 0L, 1L, 0L, 0L, 36L, 
64L, 4L, 0L, 227L, 1L, 0L), .Dim = c(7L, 3L), .Dimnames = structure(list(
    c("-1", "-2", "-3", "-4", "0", "1", NA), c("A", "C", NA)), .Names = c("", 
"")), class = "table"), AKMmono05_SNP1 = structure(c(723L, 839L, 
480L, 35L, 1399L, 61L, 1L, 198L, 1L, 0L, 0L, 0L, 3L, 1L, 0L, 
0L, 50L, 33L, 9L, 0L, 165L, 6L, 1L, 0L), .Dim = c(8L, 3L), .Dimnames = structure(list(
    c("-1", "-2", "-3", "-4", "0", "1", "2", NA), c("A", "C", 
    NA)), .Names = c("", "")), class = "table"), AKMmono11_SNP1 = structure(c(0L, 
0L, 0L, 1L, 0L, 0L, 0L, 0L, 875L, 1114L, 26L, 4235L, 235L, 6L, 
1L, 334L, 89L, 55L, 1L, 652L, 63L, 0L, 0L, 0L), .Dim = c(8L, 
3L), .Dimnames = structure(list(c("-1", "-2", "-3", "0", "1", 
"2", "3", NA), c("A", "T", NA)), .Names = c("", "")), class = "table"), 
    AKMmono12_SNP1 = structure(c(0L, 0L, 0L, 0L, 2L, 0L, 0L, 
    0L, 2619L, 688L, 33L, 4L, 2032L, 52L, 1L, 213L, 0L, 1L, 0L, 
    0L, 0L, 0L, 0L, 0L, 0L, 0L, 0L, 0L, 0L, 0L, 0L, 1L, 61L, 
    16L, 1L, 0L, 179L, 3L, 0L, 0L), .Dim = c(8L, 5L), .Dimnames = structure(list(
        c("-1", "-2", "-3", "-4", "0", "1", "2", NA), c("A", 
        "C", "G", "T", NA)), .Names = c("", "")), class = "table"), 
    AKMmono13_SNP1 = structure(c(757L, 1409L, 136L, 1L, 1999L, 
    53L, 1L, 146L, 0L, 0L, 0L, 0L, 1L, 0L, 0L, 0L, 17L, 36L, 
    3L, 0L, 148L, 1L, 0L, 0L), .Dim = c(8L, 3L), .Dimnames = structure(list(
        c("-1", "-2", "-3", "-4", "0", "1", "2", NA), c("A", 
        "G", NA)), .Names = c("", "")), class = "table"), AKMmono16_SNP1 = structure(c(1436L, 
    440L, 19L, 1L, 531L, 6L, 1L, 127L, 0L, 0L, 0L, 0L, 1L, 0L, 
    0L, 0L, 57L, 14L, 0L, 0L, 36L, 2L, 0L, 0L), .Dim = c(8L, 
    3L), .Dimnames = structure(list(c("-1", "-2", "-3", "-4", 
    "0", "1", "2", NA), c("A", "C", NA)), .Names = c("", "")), class = "table"), 
    AKMmono22_SNP1 = structure(c(538L, 157L, 40L, 3L, 1L, 999L, 
    38L, 3L, 1L, 186L, 0L, 0L, 0L, 0L, 0L, 1L, 0L, 0L, 0L, 0L, 
    29L, 4L, 0L, 0L, 0L, 109L, 2L, 0L, 0L, 0L), .Dim = c(10L, 
    3L), .Dimnames = structure(list(c("-1", "-2", "-3", "-4", 
    "-5", "0", "1", "2", "3", NA), c("A", "G", NA)), .Names = c("", 
    "")), class = "table"), EJmono05_SNP1 = structure(c(1583L, 
    125L, 6L, 454L, 7L, 120L, 24L, 3L, 0L, 22L, 0L, 0L), .Dim = c(6L, 
    2L), .Dimnames = structure(list(c("-1", "-2", "-3", "0", 
    "1", NA), c("T", NA)), .Names = c("", "")), class = "table"), 
    EJmono16_SNP1 = structure(c(336L, 37L, 1L, 1679L, 53L, 2L, 
    192L, 0L, 0L, 0L, 0L, 0L, 0L, 1L, 6L, 3L, 0L, 35L, 1L, 0L, 
    0L), .Dim = c(7L, 3L), .Dimnames = structure(list(c("-1", 
    "-2", "-3", "0", "1", "2", NA), c("A", "C", NA)), .Names = c("", 
    "")), class = "table"), LMmono01_SNP1 = structure(c(995L, 
    751L, 7L, 438L, 7L, 179L, 42L, 9L, 0L, 44L, 0L, 0L), .Dim = c(6L, 
    2L), .Dimnames = structure(list(c("-1", "-2", "-3", "0", 
    "1", NA), c("A", NA)), .Names = c("", "")), class = "table"), 
    LMmono03_SNP1 = structure(c(1L, 1L, 0L, 0L, 0L, 0L, 0L, 0L, 
    0L, 614L, 734L, 214L, 19L, 1L, 328L, 16L, 2L, 111L, 0L, 0L, 
    1L, 0L, 0L, 0L, 0L, 0L, 0L, 21L, 23L, 2L, 1L, 0L, 50L, 0L, 
    0L, 0L), .Dim = c(9L, 4L), .Dimnames = structure(list(c("-1", 
    "-2", "-3", "-4", "-5", "0", "1", "2", NA), c("A", "C", "T", 
    NA)), .Names = c("", "")), class = "table"), LMmono09_SNP1 = structure(c(0L, 
    0L, 0L, 0L, 0L, 0L, 0L, 1L, 497L, 4842L, 657L, 8L, 1121L, 
    39L, 2L, 953L, 4L, 5L, 2L, 0L, 23L, 0L, 0L, 0L), .Dim = c(8L, 
    3L), .Dimnames = structure(list(c("-1", "-2", "-3", "-4", 
    "0", "1", "2", NA), c("A", "T", NA)), .Names = c("", "")), class = "table"), 
    LMmono12_SNP1 = structure(c(501L, 830L, 79L, 3L, 262L, 23L, 
    1L, 114L, 0L, 1L, 0L, 0L, 0L, 0L, 0L, 0L, 1L, 0L, 0L, 0L, 
    0L, 0L, 0L, 0L, 26L, 26L, 4L, 0L, 33L, 2L, 0L, 0L), .Dim = c(8L, 
    4L), .Dimnames = structure(list(c("-1", "-2", "-3", "-4", 
    "0", "1", "2", NA), c("A", "G", "T", NA)), .Names = c("", 
    "")), class = "table"), LMmono16_SNP1 = structure(c(1014L, 
    263L, 56L, 9L, 8L, 2521L, 1770L, 2L, 280L, 14L, 1L, 892L, 
    0L, 0L, 0L, 0L, 0L, 9L, 0L, 0L, 0L, 0L, 0L, 0L, 0L, 0L, 0L, 
    0L, 0L, 0L, 0L, 0L, 0L, 0L, 0L, 1L, 30L, 7L, 5L, 0L, 0L, 
    199L, 70L, 0L, 20L, 4L, 0L, 0L), .Dim = c(12L, 4L), .Dimnames = structure(list(
        c("-1", "-2", "-3", "-4", "-5", "0", "1", "2", "3", "5", 
        "6", NA), c("A", "C", "G", NA)), .Names = c("", "")), class = "table"), 
    MSJmono10_SNP1 = structure(c(1L, 0L, 0L, 0L, 0L, 0L, 0L, 
    3047L, 1723L, 62L, 2241L, 89L, 1L, 204L, 96L, 42L, 1L, 131L, 
    4L, 0L, 0L), .Dim = c(7L, 3L), .Dimnames = structure(list(
        c("-1", "-2", "-3", "0", "1", "2", NA), c("A", "C", NA
        )), .Names = c("", "")), class = "table"), MSJmono19ms1_SNP1 = structure(c(377L, 
    258L, 4L, 2611L, 66L, 264L, 2L, 0L, 0L, 12L, 0L, 1L, 0L, 
    0L, 0L, 2L, 1L, 0L, 0L, 0L, 0L, 1L, 0L, 0L, 36L, 14L, 0L, 
    367L, 4L, 0L), .Dim = 6:5, .Dimnames = structure(list(c("-1", 
    "-2", "-3", "0", "1", NA), c("A", "C", "G", "T", NA)), .Names = c("", 
    "")), class = "table"), MSJmono19ms2_SNP1 = structure(c(939L, 
    53L, 2263L, 34L, 1L, 147L, 17L, 0L, 194L, 1L, 0L, 0L), .Dim = c(6L, 
    2L), .Dimnames = structure(list(c("-1", "-2", "0", "1", "3", 
    NA), c("C", NA)), .Names = c("", "")), class = "table"), 
    MSJmono36_SNP1 = structure(c(1421L, 222L, 13L, 1293L, 42L, 
    237L, 8L, 4L, 0L, 57L, 0L, 0L), .Dim = c(6L, 2L), .Dimnames = structure(list(
        c("-1", "-2", "-3", "0", "1", NA), c("G", NA)), .Names = c("", 
    "")), class = "table"), MSJmono44_SNP1 = structure(c(0L, 
    2L, 0L, 0L, 0L, 0L, 0L, 0L, 1L, 0L, 0L, 0L, 1L, 0L, 0L, 0L, 
    0L, 0L, 1244L, 49L, 532L, 69L, 1L, 48L, 37L, 0L, 33L, 3L, 
    0L, 0L), .Dim = 6:5, .Dimnames = structure(list(c("-1", "-2", 
    "0", "1", "2", NA), c("-", "A", "C", "T", NA)), .Names = c("", 
    "")), class = "table"), MSJmono46_SNP1 = structure(c(0L, 
    0L, 0L, 0L, 0L, 1L, 0L, 0L, 784L, 440L, 929L, 56L, 1L, 428L, 
    23L, 147L, 0L, 0L, 1L, 0L, 0L, 0L, 0L, 0L, 94L, 19L, 40L, 
    2L, 0L, 128L, 4L, 0L), .Dim = c(8L, 4L), .Dimnames = structure(list(
        c("-1", "-2", "-3", "-4", "-5", "0", "1", NA), c("A", 
        "C", "T", NA)), .Names = c("", "")), class = "table"), 
    LMmono04v2_SNP1 = structure(c(0L, 1L, 0L, 0L, 0L, 0L, 0L, 
    0L, 213L, 1079L, 52L, 1L, 308L, 19L, 1L, 63L, 1L, 0L, 0L, 
    0L, 0L, 0L, 0L, 0L, 2L, 12L, 0L, 0L, 20L, 0L, 0L, 0L), .Dim = c(8L, 
    4L), .Dimnames = structure(list(c("-1", "-2", "-3", "-4", 
    "0", "1", "2", NA), c("A", "C", "T", NA)), .Names = c("", 
    "")), class = "table"), AKMmono01v2_SNP1 = structure(c(0L, 
    0L, 0L, 1L, 0L, 0L, 0L, 1L, 1L, 0L, 0L, 0L, 0L, 0L, 2078L, 
    487L, 28L, 1271L, 25L, 1L, 166L, 105L, 10L, 0L, 116L, 5L, 
    0L, 0L), .Dim = c(7L, 4L), .Dimnames = structure(list(c("-1", 
    "-2", "-3", "0", "1", "2", NA), c("-", "C", "T", NA)), .Names = c("", 
    "")), class = "table"), AKMmono10v2_SNP1 = structure(c(555L, 
    8L, 428L, 1L, 30L, 343L, 7L, 613L, 28L, 22L, 13L, 0L, 43L, 
    0L, 0L), .Dim = c(5L, 3L), .Dimnames = structure(list(c("-1", 
    "-2", "0", "1", NA), c("A", "G", NA)), .Names = c("", "")), class = "table"), 
    AKMmono17v2_SNP1 = structure(c(0L, 0L, 0L, 0L, 4L, 0L, 0L, 
    564L, 494L, 11L, 1L, 339L, 5L, 78L, 1L, 0L, 0L, 0L, 0L, 0L, 
    0L, 11L, 5L, 1L, 0L, 28L, 1L, 0L), .Dim = c(7L, 4L), .Dimnames = structure(list(
        c("-1", "-2", "-3", "-4", "0", "1", NA), c("A", "C", 
        "T", NA)), .Names = c("", "")), class = "table"),