Result <-
list(AKMmono02_SNP1 = structure(c(0L, 0L, 0L, 1L, 0L, 0L, 0L, 
198L, 12L, 1L, 2447L, 50L, 2L, 40L, 1L, 0L, 0L, 89L, 2L, 0L, 
0L), .Dim = c(7L, 3L), .Dimnames = structure(list(c("-1", "-2", 
"-3", "0", "1", "2", NA), c("A", "T", NA)), .Names = c("", ""
)), class = "table"), AKMmono03_SNP1 = structure(c(868L, 137L, 
36L, 2L, 8977L, 141L, 130L, 0L, 0L, 0L, 0L, 5L, 0L, 0L, 0L, 0L, 
0L, 0L, 2L, 1L, 0L, 0L, 0L, 0L, 0L, 2L, 0L, 0L, 41L, 6L, 1L, 
0L, 829L, 10L, 0L), .Dim = c(7L, 5L), .Dimnames = structure(list(
    c("-1", "-2", "-3", "-4", "0", "1", NA), c("A", "C", "G", 
    "T", NA)), .Names = c("", "")), class = "table"), AKMmono05_SNP1 = structure(c(302L, 
34L, 4L, 3L, 2152L, 77L, 3L, 1L, 53L, 0L, 0L, 0L, 0L, 2L, 0L, 
0L, 0L, 0L, 23L, 1L, 0L, 0L, 240L, 9L, 0L, 0L, 0L), .Dim = c(9L, 
3L), .Dimnames = structure(list(c("-1", "-2", "-3", "-4", "0", 
"1", "2", "3", NA), c("A", "C", NA)), .Names = c("", "")), class = "table"), 
    AKMmono11_SNP1 = structure(c(0L, 0L, 5L, 0L, 0L, 0L, 747L, 
    45L, 7160L, 112L, 1L, 146L, 84L, 5L, 1084L, 15L, 0L, 0L), .Dim = c(6L, 
    3L), .Dimnames = structure(list(c("-1", "-2", "0", "1", "2", 
    NA), c("A", "T", NA)), .Names = c("", "")), class = "table"), 
    AKMmono12_SNP1 = structure(c(0L, 0L, 0L, 0L, 1L, 0L, 0L, 
    0L, 630L, 45L, 4L, 1L, 4216L, 109L, 1L, 50L, 18L, 0L, 0L, 
    0L, 341L, 8L, 0L, 0L), .Dim = c(8L, 3L), .Dimnames = structure(list(
        c("-1", "-2", "-3", "-4", "0", "1", "2", NA), c("A", 
        "C", NA)), .Names = c("", "")), class = "table"), AKMmono13_SNP1 = structure(c(288L, 
    19L, 1L, 4441L, 119L, 3L, 30L, 0L, 0L, 0L, 1L, 0L, 0L, 0L, 
    1L, 0L, 0L, 2L, 0L, 0L, 0L, 9L, 0L, 0L, 341L, 13L, 1L, 0L
    ), .Dim = c(7L, 4L), .Dimnames = structure(list(c("-1", "-2", 
    "-3", "0", "1", "2", NA), c("A", "C", "G", NA)), .Names = c("", 
    "")), class = "table"), AKMmono16_SNP1 = structure(c(213L, 
    12L, 2L, 2370L, 46L, 1L, 24L, 0L, 0L, 0L, 2L, 0L, 0L, 0L, 
    0L, 0L, 0L, 1L, 0L, 0L, 0L, 8L, 0L, 0L, 152L, 4L, 0L, 0L), .Dim = c(7L, 
    4L), .Dimnames = structure(list(c("-1", "-2", "-3", "0", 
    "1", "2", NA), c("A", "C", "T", NA)), .Names = c("", "")), class = "table"), 
    AKMmono22_SNP1 = structure(c(194L, 31L, 4L, 10L, 1647L, 84L, 
    5L, 127L, 0L, 0L, 0L, 0L, 1L, 0L, 0L, 0L, 0L, 0L, 0L, 0L, 
    0L, 0L, 0L, 1L, 11L, 0L, 0L, 0L, 152L, 6L, 0L, 0L), .Dim = c(8L, 
    4L), .Dimnames = structure(list(c("-1", "-2", "-3", "-4", 
    "0", "1", "2", NA), c("A", "C", "G", NA)), .Names = c("", 
    "")), class = "table"), EJmono05_SNP1 = structure(c(0L, 0L, 
    0L, 1L, 0L, 0L, 0L, 500L, 24L, 1L, 1330L, 31L, 2L, 40L, 9L, 
    1L, 0L, 55L, 0L, 0L, 0L), .Dim = c(7L, 3L), .Dimnames = structure(list(
        c("-1", "-2", "-3", "0", "1", "2", NA), c("G", "T", NA
        )), .Names = c("", "")), class = "table"), EJmono16_SNP1 = structure(c(209L, 
    20L, 1L, 1L, 4397L, 164L, 8L, 268L, 0L, 0L, 0L, 0L, 1L, 0L, 
    0L, 0L, 0L, 0L, 0L, 0L, 98L, 0L, 1L, 0L), .Dim = c(8L, 3L
    ), .Dimnames = structure(list(c("-1", "-2", "-4", "-5", "0", 
    "1", "2", NA), c("A", "T", NA)), .Names = c("", "")), class = "table"), 
    LMmono01_SNP1 = structure(c(196L, 12L, 2016L, 26L, 33L, 0L, 
    0L, 1L, 0L, 0L, 3L, 0L, 134L, 3L, 0L), .Dim = c(5L, 3L), .Dimnames = structure(list(
        c("-1", "-2", "0", "1", NA), c("A", "G", NA)), .Names = c("", 
    "")), class = "table"), LMmono03_SNP1 = structure(c(0L, 0L, 
    0L, 3L, 0L, 0L, 0L, 302L, 33L, 7L, 1520L, 50L, 1L, 55L, 1L, 
    0L, 0L, 1L, 0L, 0L, 0L, 8L, 0L, 0L, 218L, 1L, 0L, 0L), .Dim = c(7L, 
    4L), .Dimnames = structure(list(c("-1", "-2", "-3", "0", 
    "1", "2", NA), c("A", "C", "T", NA)), .Names = c("", "")), class = "table"), 
    LMmono09_SNP1 = structure(c(0L, 0L, 0L, 0L, 1L, 0L, 0L, 0L, 
    502L, 36L, 33L, 1L, 3999L, 133L, 3L, 118L, 0L, 0L, 0L, 0L, 
    66L, 1L, 0L, 0L), .Dim = c(8L, 3L), .Dimnames = structure(list(
        c("-1", "-2", "-3", "-4", "0", "1", "2", NA), c("C", 
        "T", NA)), .Names = c("", "")), class = "table"), LMmono12_SNP1 = structure(c(255L, 
    26L, 1551L, 92L, 2L, 50L, 1L, 0L, 0L, 0L, 0L, 0L, 10L, 1L, 
    204L, 6L, 0L, 0L), .Dim = c(6L, 3L), .Dimnames = structure(list(
        c("-1", "-2", "0", "1", "2", NA), c("A", "G", NA)), .Names = c("", 
    "")), class = "table"), LMmono16_SNP1 = structure(c(722L, 
    54L, 2L, 3064L, 214L, 10L, 2L, 116L, 0L, 0L, 0L, 1L, 0L, 
    0L, 0L, 0L, 0L, 0L, 0L, 2L, 0L, 0L, 0L, 0L, 16L, 4L, 0L, 
    423L, 12L, 1L, 0L, 0L), .Dim = c(8L, 4L), .Dimnames = structure(list(
        c("-1", "-2", "-3", "0", "1", "2", "3", NA), c("A", "C", 
        "T", NA)), .Names = c("", "")), class = "table"), MSJmono10_SNP1 = structure(c(0L, 
    0L, 2L, 0L, 0L, 0L, 149L, 2L, 2916L, 91L, 2L, 27L, 2L, 1L, 
    156L, 7L, 0L, 0L), .Dim = c(6L, 3L), .Dimnames = structure(list(
        c("-1", "-2", "0", "1", "2", NA), c("A", "C", NA)), .Names = c("", 
    "")), class = "table"), MSJmono19ms1_SNP1 = structure(c(243L, 
    18L, 1L, 9L, 6776L, 110L, 4L, 275L, 1L, 0L, 0L, 0L, 31L, 
    0L, 0L, 1L, 0L, 0L, 0L, 0L, 2L, 0L, 0L, 0L, 0L, 0L, 0L, 0L, 
    11L, 0L, 0L, 1L, 32L, 1L, 0L, 0L, 1022L, 14L, 0L, 0L), .Dim = c(8L, 
    5L), .Dimnames = structure(list(c("-1", "-2", "-3", "-4", 
    "0", "1", "2", NA), c("A", "C", "G", "T", NA)), .Names = c("", 
    "")), class = "table"), MSJmono19ms2_SNP1 = structure(c(1L, 
    0L, 0L, 0L, 0L, 0L, 338L, 3L, 7036L, 77L, 1L, 84L, 4L, 0L, 
    553L, 0L, 0L, 0L), .Dim = c(6L, 3L), .Dimnames = structure(list(
        c("-1", "-2", "0", "1", "2", NA), c("A", "C", NA)), .Names = c("", 
    "")), class = "table"), MSJmono36_SNP1 = structure(c(0L, 
    0L, 0L, 1L, 0L, 0L, 0L, 274L, 10L, 1L, 4371L, 93L, 3L, 83L, 
    3L, 0L, 0L, 132L, 0L, 0L, 0L), .Dim = c(7L, 3L), .Dimnames = structure(list(
        c("-1", "-2", "-3", "0", "1", "2", NA), c("A", "G", NA
        )), .Names = c("", "")), class = "table"), MSJmono44_SNP1 = structure(c(0L, 
    0L, 1L, 0L, 0L, 0L, 114L, 6L, 2291L, 50L, 1L, 14L, 4L, 0L, 
    96L, 1L, 0L, 0L), .Dim = c(6L, 3L), .Dimnames = structure(list(
        c("-1", "-2", "0", "1", "2", NA), c("G", "T", NA)), .Names = c("", 
    "")), class = "table"), MSJmono46_SNP1 = structure(c(185L, 
    17L, 1L, 980L, 67L, 2L, 34L, 26L, 2L, 0L, 311L, 12L, 1L, 
    0L), .Dim = c(7L, 2L), .Dimnames = structure(list(c("-1", 
    "-2", "-3", "0", "1", "2", NA), c("C", NA)), .Names = c("", 
    "")), class = "table"), LMmono04v2_SNP1 = structure(c(31L, 
    3L, 1L, 319L, 13L, 1L, 2L, 96L, 6L, 1L, 882L, 35L, 0L, 6L, 
    7L, 0L, 0L, 102L, 7L, 0L, 0L), .Dim = c(7L, 3L), .Dimnames = structure(list(
        c("-1", "-2", "-3", "0", "1", "2", NA), c("C", "T", NA
        )), .Names = c("", "")), class = "table"), AKMmono01v2_SNP1 = structure(c(0L, 
    0L, 0L, 2L, 0L, 0L, 346L, 20L, 1L, 1379L, 30L, 22L, 18L, 
    0L, 0L, 117L, 1L, 0L), .Dim = c(6L, 3L), .Dimnames = structure(list(
        c("-1", "-2", "-3", "0", "1", NA), c("G", "T", NA)), .Names = c("", 
    "")), class = "table"), AKMmono10v2_SNP1 = structure(c(16L, 
    569L, 6L, 4L, 1L, 33L, 3L, 0L), .Dim = c(4L, 2L), .Dimnames = structure(list(
        c("-1", "0", "1", NA), c("A", NA)), .Names = c("", ""
    )), class = "table"), AKMmono17v2_SNP1 = structure(c(0L, 
    0L, 10L, 0L, 0L, 14L, 2L, 326L, 4L, 1L, 0L, 0L, 16L, 0L, 
    0L), .Dim = c(5L, 3L), .Dimnames = structure(list(c("-1", 
    "-2", "0", "1", "2"), c("A", "C", NA)), .Names = c("", ""
    )), class = "table"), EJmono13v2_SNP1 = structure(c(42L, 
    605L, 22L, 1L, 1L, 1L, 47L, 0L, 0L, 0L), .Dim = c(5L, 2L), .Dimnames = structure(list(
        c("-1", "0", "1", "2", NA), c("G", NA)), .Names = c("", 
    "")), class = "table"), EJmono21v2_SNP1 = structure(c(20L, 
    184L, 3L, 2L, 18L, 153L, 1L, 1L, 1L, 21L, 0L, 0L), .Dim = 4:3, .Dimnames = structure(list(
        c("-1", "0", "1", NA), c("C", "T", NA)), .Names = c("", 
    "")), class = "table"), LMmono05v2_SNP1 = structure(c(66L, 
    2L, 579L, 14L, 1L, 4L, 2L, 0L, 40L, 3L, 1L, 0L), .Dim = c(6L, 
    2L),