Result <-
list(AKMmono02_SNP1 = structure(c(0L, 1L, 0L, 0L, 0L, 0L, 0L, 
0L, 1234L, 1679L, 353L, 5L, 1040L, 15L, 1L, 312L, 27L, 47L, 11L, 
0L, 38L, 0L, 0L, 0L), .Dim = c(8L, 3L), .Dimnames = structure(list(
    c("-1", "-2", "-3", "-4", "0", "1", "2", NA), c("G", "T", 
    NA)), .Names = c("", "")), class = "table"), AKMmono03_SNP1 = structure(c(0L, 
0L, 0L, 0L, 1L, 0L, 0L, 0L, 1750L, 303L, 49L, 5L, 3320L, 45L, 
1L, 210L, 0L, 1L, 0L, 0L, 2L, 0L, 0L, 0L, 0L, 0L, 0L, 0L, 1L, 
0L, 0L, 0L, 92L, 24L, 1L, 0L, 316L, 3L, 0L, 0L), .Dim = c(8L, 
5L), .Dimnames = structure(list(c("-1", "-2", "-3", "-4", "0", 
"1", "2", NA), c("-", "A", "C", "G", NA)), .Names = c("", "")), class = "table"), 
    AKMmono05_SNP1 = structure(c(250L, 1514L, 1909L, 159L, 4L, 
    1100L, 41L, 0L, 311L, 0L, 2L, 0L, 0L, 0L, 0L, 0L, 0L, 0L, 
    10L, 68L, 24L, 3L, 0L, 134L, 3L, 1L, 0L), .Dim = c(9L, 3L
    ), .Dimnames = structure(list(c("-1", "-2", "-3", "-4", "-5", 
    "0", "1", "2", NA), c("A", "G", NA)), .Names = c("", "")), class = "table"), 
    AKMmono11_SNP1 = structure(c(1L, 0L, 0L, 4L, 0L, 0L, 0L, 
    0L, 0L, 1L, 0L, 0L, 0L, 0L, 1455L, 750L, 51L, 2996L, 38L, 
    2L, 275L, 211L, 43L, 1L, 496L, 13L, 0L, 0L), .Dim = c(7L, 
    4L), .Dimnames = structure(list(c("-1", "-2", "-3", "0", 
    "1", "2", NA), c("A", "C", "T", NA)), .Names = c("", "")), class = "table"), 
    AKMmono12_SNP1 = structure(c(1471L, 1810L, 97L, 4L, 929L, 
    21L, 201L, 2L, 0L, 0L, 0L, 0L, 0L, 0L, 36L, 38L, 0L, 0L, 
    60L, 1L, 0L), .Dim = c(7L, 3L), .Dimnames = structure(list(
        c("-1", "-2", "-3", "-4", "0", "1", NA), c("C", "T", 
        NA)), .Names = c("", "")), class = "table"), AKMmono13_SNP1 = structure(c(1357L, 
    2729L, 128L, 2L, 1337L, 38L, 242L, 0L, 2L, 1L, 0L, 1L, 0L, 
    0L, 0L, 0L, 0L, 0L, 1L, 0L, 0L, 52L, 56L, 3L, 0L, 132L, 0L, 
    0L), .Dim = c(7L, 4L), .Dimnames = structure(list(c("-1", 
    "-2", "-3", "-4", "0", "1", NA), c("A", "G", "T", NA)), .Names = c("", 
    "")), class = "table"), AKMmono16_SNP1 = structure(c(2546L, 
    701L, 26L, 2L, 1L, 1197L, 18L, 201L, 1L, 0L, 0L, 0L, 0L, 
    0L, 0L, 0L, 1L, 0L, 0L, 0L, 0L, 0L, 0L, 1L, 83L, 20L, 0L, 
    0L, 0L, 94L, 0L, 0L), .Dim = c(8L, 4L), .Dimnames = structure(list(
        c("-1", "-2", "-3", "-4", "-5", "0", "1", NA), c("A", 
        "C", "T", NA)), .Names = c("", "")), class = "table"), 
    AKMmono22_SNP1 = structure(c(613L, 814L, 395L, 30L, 1L, 1313L, 
    80L, 9L, 2L, 396L, 0L, 0L, 0L, 0L, 0L, 2L, 0L, 0L, 0L, 0L, 
    1L, 0L, 0L, 0L, 0L, 0L, 0L, 0L, 0L, 0L, 0L, 0L, 0L, 0L, 0L, 
    0L, 1L, 0L, 0L, 1L, 28L, 36L, 11L, 0L, 0L, 166L, 7L, 1L, 
    0L, 0L), .Dim = c(10L, 5L), .Dimnames = structure(list(c("-1", 
    "-2", "-3", "-4", "-5", "0", "1", "2", "3", NA), c("A", "C", 
    "G", "T", NA)), .Names = c("", "")), class = "table"), EJmono05_SNP1 = structure(c(0L, 
    0L, 0L, 1L, 0L, 0L, 1L, 1427L, 1347L, 116L, 922L, 17L, 1L, 
    173L, 23L, 14L, 3L, 41L, 0L, 0L, 0L), .Dim = c(7L, 3L), .Dimnames = structure(list(
        c("-1", "-2", "-3", "0", "1", "2", NA), c("C", "T", NA
        )), .Names = c("", "")), class = "table"), EJmono16_SNP1 = structure(c(443L, 
    516L, 53L, 1L, 1710L, 75L, 3L, 385L, 0L, 1L, 0L, 0L, 0L, 
    0L, 0L, 0L, 4L, 9L, 1L, 0L, 43L, 2L, 0L, 0L), .Dim = c(8L, 
    3L), .Dimnames = structure(list(c("-1", "-2", "-3", "-4", 
    "0", "1", "2", NA), c("A", "G", NA)), .Names = c("", "")), class = "table"), 
    LMmono01_SNP1 = structure(c(1176L, 132L, 7L, 1539L, 24L, 
    137L, 0L, 0L, 0L, 1L, 0L, 0L, 0L, 0L, 0L, 2L, 0L, 0L, 52L, 
    1L, 0L, 145L, 3L, 0L), .Dim = c(6L, 4L), .Dimnames = structure(list(
        c("-1", "-2", "-3", "0", "1", NA), c("A", "G", "T", NA
        )), .Names = c("", "")), class = "table"), LMmono03_SNP1 = structure(c(0L, 
    0L, 0L, 3L, 0L, 0L, 0L, 0L, 1L, 128L, 26L, 412L, 649L, 1159L, 
    68L, 666L, 11L, 150L, 0L, 0L, 0L, 0L, 1L, 0L, 0L, 0L, 0L, 
    7L, 0L, 7L, 9L, 16L, 0L, 82L, 0L, 0L), .Dim = c(9L, 4L), .Dimnames = structure(list(
        c("-1", "-2", "-3", "-4", "-5", "-6", "0", "1", NA), 
        c("A", "C", "T", NA)), .Names = c("", "")), class = "table"), 
    LMmono09_SNP1 = structure(c(0L, 0L, 1L, 0L, 0L, 0L, 0L, 3141L, 
    3918L, 513L, 11L, 2638L, 72L, 1132L, 8L, 9L, 2L, 1L, 50L, 
    0L, 0L), .Dim = c(7L, 3L), .Dimnames = structure(list(c("-1", 
    "-2", "-3", "-4", "0", "1", NA), c("C", "T", NA)), .Names = c("", 
    "")), class = "table"), LMmono12_SNP1 = structure(c(430L, 
    130L, 980L, 226L, 21L, 1447L, 106L, 2L, 164L, 23L, 6L, 21L, 
    1L, 0L, 167L, 11L, 0L, 0L), .Dim = c(9L, 2L), .Dimnames = structure(list(
        c("-1", "-2", "-3", "-4", "-5", "0", "1", "2", NA), c("A", 
        NA)), .Names = c("", "")), class = "table"), LMmono16_SNP1 = structure(c(126L, 
    55L, 1436L, 226L, 16L, 2L, 1315L, 359L, 1L, 673L, 32L, 1L, 
    480L, 0L, 0L, 0L, 1L, 0L, 0L, 1L, 0L, 0L, 0L, 0L, 0L, 0L, 
    5L, 2L, 44L, 0L, 1L, 0L, 203L, 14L, 0L, 47L, 6L, 0L, 0L), .Dim = c(13L, 
    3L), .Dimnames = structure(list(c("-1", "-2", "-3", "-4", 
    "-5", "-6", "0", "1", "2", "3", "5", "6", NA), c("A", "C", 
    NA)), .Names = c("", "")), class = "table"), MSJmono10_SNP1 = structure(c(0L, 
    0L, 0L, 1L, 0L, 0L, 0L, 0L, 307L, 1476L, 59L, 2496L, 75L, 
    1L, 0L, 69L, 0L, 1L, 0L, 1L, 0L, 0L, 0L, 0L, 8L, 38L, 1L, 
    153L, 6L, 0L, 1L, 0L), .Dim = c(8L, 4L), .Dimnames = structure(list(
        c("-1", "-2", "-3", "0", "1", "2", "3", NA), c("A", "C", 
        "T", NA)), .Names = c("", "")), class = "table"), MSJmono19ms1_SNP1 = structure(c(1861L, 
    177L, 10L, 1L, 962L, 17L, 1L, 449L, 1L, 0L, 0L, 0L, 2L, 0L, 
    0L, 0L, 0L, 1L, 0L, 0L, 0L, 0L, 0L, 0L, 124L, 13L, 0L, 0L, 
    155L, 4L, 0L, 0L), .Dim = c(8L, 4L), .Dimnames = structure(list(
        c("-1", "-2", "-3", "-4", "0", "1", "2", NA), c("A", 
        "C", "G", NA)), .Names = c("", "")), class = "table"), 
    MSJmono19ms2_SNP1 = structure(c(2027L, 153L, 1L, 980L, 7L, 
    240L, 24L, 0L, 0L, 89L, 2L, 0L), .Dim = c(6L, 2L), .Dimnames = structure(list(
        c("-1", "-2", "-3", "0", "1", NA), c("C", NA)), .Names = c("", 
    "")), class = "table"), MSJmono36_SNP1 = structure(c(0L, 
    0L, 1L, 0L, 0L, 0L, 0L, 0L, 1326L, 576L, 923L, 33L, 1L, 1038L, 
    23L, 404L, 12L, 11L, 9L, 0L, 0L, 50L, 0L, 0L), .Dim = c(8L, 
    3L), .Dimnames = structure(list(c("-1", "-2", "-3", "-4", 
    "-5", "0", "1", NA), c("A", "G", NA)), .Names = c("", "")), class = "table"), 
    MSJmono44_SNP1 = structure(c(2162L, 111L, 3L, 1L, 615L, 21L, 
    79L, 49L, 2L, 0L, 0L, 38L, 0L, 0L), .Dim = c(7L, 2L), .Dimnames = structure(list(
        c("-1", "-2", "-3", "-6", "0", "1", NA), c("T", NA)), .Names = c("", 
    "")), class = "table"), MSJmono46_SNP1 = structure(c(0L, 
    0L, 1L, 0L, 0L, 0L, 0L, 0L, 0L, 143L, 49L, 1886L, 2136L, 
    83L, 793L, 42L, 1L, 205L, 0L, 0L, 0L, 0L, 0L, 1L, 0L, 0L, 
    0L, 19L, 1L, 54L, 27L, 1L, 209L, 10L, 0L, 0L), .Dim = c(9L, 
    4L), .Dimnames = structure(list(c("-1", "-2", "-3", "-4", 
    "-5", "0", "1", "2", NA), c("A", "C", "T", NA)), .Names = c("", 
    "")), class = "table"), LMmono04v2_SNP1 = structure(c(1733L, 
    520L, 37L, 6L, 804L, 27L, 1L, 96L, 0L, 0L, 0L, 0L, 1L, 0L, 
    0L, 0L, 37L, 3L, 0L, 1L, 41L, 3L, 0L, 0L), .Dim = c(8L, 3L
    ), .Dimnames = structure(list(c("-1", "-2", "-3", "-4", "0", 
    "1", "2", NA), c("C", "T", NA)), .Names = c("", "")), class = "table"), 
    AKMmono01v2_SNP1 = structure(c(1L, 0L, 0L, 0L, 0L, 0L, 0L, 
    0L, 1090L, 246L, 12L, 1L, 449L, 7L, 0L, 75L, 0L, 0L, 0L, 
    0L, 1L, 0L, 0L, 0L, 1303L, 250L, 9L, 0L, 533L, 6L, 1L, 105L, 
    147L, 18L, 2L, 0L, 129L, 2L, 0L, 0L), .Dim = c(8L, 5L), .Dimnames = structure(list(
        c("-1", "-2", "-3", "-4", "0", "1", "2", NA), c("A", 
        "C", "G", "T", NA)), .Names = c("", "")), class = "table"), 
    AKMmono10v2_SNP1 = structure(c(1985L, 425L, 3L, 924L, 6L, 
    140L, 0L, 0L, 0L, 2L, 0L, 0L, 1L, 0L, 0L, 0L, 0L, 0L, 21L, 
    10L, 0L, 50L, 2L, 0L), .Dim = c(6L, 4L),