Result <-
list(AKMmono02_SNP1 = structure(c(0L, 0L, 0L, 1L, 0L, 0L, 0L, 
0L, 0L, 0L, 1L, 0L, 0L, 0L, 208L, 14L, 1L, 2329L, 72L, 4L, 70L, 
5L, 1L, 0L, 101L, 0L, 0L, 0L), .Dim = c(7L, 4L), .Dimnames = structure(list(
    c("-1", "-2", "-3", "0", "1", "2", NA), c("A", "G", "T", 
    NA)), .Names = c("", "")), class = "table"), AKMmono03_SNP1 = structure(c(706L, 
97L, 17L, 6097L, 149L, 2L, 1L, 99L, 1L, 0L, 0L, 1L, 0L, 0L, 0L, 
0L, 0L, 0L, 0L, 1L, 0L, 0L, 0L, 0L, 30L, 6L, 0L, 596L, 8L, 0L, 
0L, 0L), .Dim = c(8L, 4L), .Dimnames = structure(list(c("-1", 
"-2", "-3", "0", "1", "2", "3", NA), c("A", "C", "T", NA)), .Names = c("", 
"")), class = "table"), AKMmono05_SNP1 = structure(c(681L, 93L, 
10L, 2L, 4450L, 204L, 6L, 103L, 0L, 0L, 0L, 0L, 7L, 0L, 0L, 1L, 
0L, 0L, 0L, 0L, 1L, 0L, 0L, 0L, 0L, 0L, 0L, 0L, 2L, 0L, 0L, 0L, 
42L, 0L, 1L, 0L, 458L, 19L, 1L, 0L), .Dim = c(8L, 5L), .Dimnames = structure(list(
    c("-1", "-2", "-3", "-4", "0", "1", "2", NA), c("A", "C", 
    "G", "T", NA)), .Names = c("", "")), class = "table"), AKMmono11_SNP1 = structure(c(0L, 
0L, 0L, 4L, 0L, 0L, 0L, 0L, 0L, 0L, 1L, 0L, 0L, 0L, 697L, 35L, 
2L, 6206L, 103L, 3L, 139L, 69L, 4L, 0L, 906L, 24L, 1L, 0L), .Dim = c(7L, 
4L), .Dimnames = structure(list(c("-1", "-2", "-3", "0", "1", 
"2", NA), c("A", "G", "T", NA)), .Names = c("", "")), class = "table"), 
    AKMmono12_SNP1 = structure(c(1L, 0L, 2L, 0L, 0L, 0L, 563L, 
    50L, 3811L, 109L, 10L, 66L, 0L, 0L, 1L, 0L, 0L, 0L, 15L, 
    0L, 299L, 5L, 0L, 0L), .Dim = c(6L, 4L), .Dimnames = structure(list(
        c("-1", "-2", "0", "1", "2", NA), c("A", "C", "T", NA
        )), .Names = c("", "")), class = "table"), AKMmono13_SNP1 = structure(c(387L, 
    21L, 5420L, 199L, 4L, 1L, 80L, 0L, 0L, 2L, 0L, 0L, 0L, 0L, 
    0L, 0L, 2L, 0L, 0L, 0L, 0L, 11L, 1L, 404L, 11L, 1L, 0L, 0L
    ), .Dim = c(7L, 4L), .Dimnames = structure(list(c("-1", "-2", 
    "0", "1", "2", "3", NA), c("A", "C", "T", NA)), .Names = c("", 
    "")), class = "table"), AKMmono16_SNP1 = structure(c(444L, 
    20L, 5L, 4579L, 105L, 45L, 0L, 0L, 0L, 1L, 1L, 0L, 0L, 0L, 
    0L, 2L, 0L, 0L, 16L, 1L, 0L, 303L, 7L, 0L), .Dim = c(6L, 
    4L), .Dimnames = structure(list(c("-1", "-2", "-3", "0", 
    "1", NA), c("A", "G", "T", NA)), .Names = c("", "")), class = "table"), 
    AKMmono22_SNP1 = structure(c(346L, 60L, 11L, 2360L, 152L, 
    11L, 161L, 0L, 0L, 0L, 1L, 0L, 0L, 0L, 0L, 0L, 0L, 1L, 0L, 
    0L, 0L, 20L, 4L, 0L, 257L, 9L, 0L, 0L), .Dim = c(7L, 4L), .Dimnames = structure(list(
        c("-1", "-2", "-3", "0", "1", "2", NA), c("A", "G", "T", 
        NA)), .Names = c("", "")), class = "table"), EJmono05_SNP1 = structure(c(0L, 
    0L, 0L, 1L, 0L, 0L, 0L, 436L, 61L, 1L, 3902L, 102L, 5L, 64L, 
    5L, 0L, 0L, 152L, 3L, 0L, 0L), .Dim = c(7L, 3L), .Dimnames = structure(list(
        c("-1", "-2", "-3", "0", "1", "2", NA), c("G", "T", NA
        )), .Names = c("", "")), class = "table"), EJmono16_SNP1 = structure(c(256L, 
    14L, 1L, 3L, 1L, 4088L, 208L, 5L, 338L, 0L, 0L, 0L, 0L, 0L, 
    2L, 0L, 0L, 0L, 2L, 0L, 0L, 0L, 0L, 100L, 2L, 0L, 0L), .Dim = c(9L, 
    3L), .Dimnames = structure(list(c("-1", "-2", "-4", "-5", 
    "-6", "0", "1", "2", NA), c("A", "C", NA)), .Names = c("", 
    "")), class = "table"), LMmono01_SNP1 = structure(c(302L, 
    24L, 1L, 2633L, 54L, 3L, 61L, 0L, 0L, 0L, 1L, 0L, 0L, 0L, 
    0L, 0L, 0L, 1L, 0L, 0L, 0L, 14L, 0L, 0L, 213L, 6L, 0L, 0L
    ), .Dim = c(7L, 4L), .Dimnames = structure(list(c("-1", "-2", 
    "-3", "0", "1", "2", NA), c("A", "G", "T", NA)), .Names = c("", 
    "")), class = "table"), LMmono03_SNP1 = structure(c(1L, 0L, 
    0L, 0L, 2L, 0L, 0L, 385L, 68L, 9L, 13L, 1801L, 56L, 56L, 
    1L, 0L, 0L, 0L, 0L, 0L, 0L, 7L, 0L, 0L, 0L, 259L, 5L, 0L), .Dim = c(7L, 
    4L), .Dimnames = structure(list(c("-1", "-2", "-3", "-4", 
    "0", "1", NA), c("A", "C", "T", NA)), .Names = c("", "")), class = "table"), 
    LMmono09_SNP1 = structure(c(1185L, 105L, 9L, 1L, 1L, 6355L, 
    292L, 15L, 224L, 11L, 2L, 0L, 0L, 0L, 119L, 2L, 0L, 0L), .Dim = c(9L, 
    2L), .Dimnames = structure(list(c("-1", "-2", "-3", "-4", 
    "-5", "0", "1", "2", NA), c("T", NA)), .Names = c("", "")), class = "table"), 
    LMmono12_SNP1 = structure(c(480L, 39L, 3L, 1L, 2305L, 186L, 
    9L, 88L, 0L, 0L, 0L, 0L, 1L, 0L, 0L, 0L, 0L, 0L, 0L, 0L, 
    1L, 0L, 0L, 0L, 26L, 0L, 0L, 0L, 272L, 12L, 1L, 0L), .Dim = c(8L, 
    4L), .Dimnames = structure(list(c("-1", "-2", "-3", "-4", 
    "0", "1", "2", NA), c("A", "G", "T", NA)), .Names = c("", 
    "")), class = "table"), LMmono16_SNP1 = structure(c(628L, 
    57L, 1L, 1L, 3974L, 220L, 17L, 373L, 3L, 140L, 14L, 1L, 322L, 
    0L, 0L, 0L, 0L, 1L, 0L, 0L, 0L, 0L, 0L, 0L, 0L, 0L, 0L, 0L, 
    0L, 0L, 0L, 0L, 0L, 1L, 0L, 0L, 0L, 0L, 0L, 0L, 0L, 0L, 0L, 
    1L, 0L, 0L, 0L, 0L, 0L, 0L, 0L, 0L, 23L, 4L, 0L, 0L, 708L, 
    17L, 0L, 19L, 0L, 15L, 0L, 0L, 0L), .Dim = c(13L, 5L), .Dimnames = structure(list(
        c("-1", "-2", "-3", "-4", "0", "1", "2", "3", "4", "5", 
        "6", "7", NA), c("A", "C", "G", "T", NA)), .Names = c("", 
    "")), class = "table"), MSJmono10_SNP1 = structure(c(230L, 
    7L, 1L, 3462L, 142L, 6L, 27L, 6L, 0L, 1L, 213L, 8L, 0L, 0L
    ), .Dim = c(7L, 2L), .Dimnames = structure(list(c("-1", "-2", 
    "-3", "0", "1", "2", NA), c("C", NA)), .Names = c("", "")), class = "table"), 
    MSJmono19ms1_SNP1 = structure(c(335L, 12L, 1L, 6815L, 177L, 
    7L, 326L, 0L, 0L, 0L, 11L, 1L, 0L, 2L, 0L, 0L, 0L, 5L, 0L, 
    0L, 0L, 0L, 0L, 0L, 5L, 0L, 0L, 0L, 26L, 4L, 0L, 1107L, 26L, 
    0L, 0L), .Dim = c(7L, 5L), .Dimnames = structure(list(c("-1", 
    "-2", "-3", "0", "1", "2", NA), c("A", "C", "G", "T", NA)), .Names = c("", 
    "")), class = "table"), MSJmono19ms2_SNP1 = structure(c(370L, 
    9L, 7223L, 114L, 2L, 87L, 0L, 0L, 1L, 0L, 0L, 0L, 5L, 0L, 
    571L, 1L, 0L, 0L), .Dim = c(6L, 3L), .Dimnames = structure(list(
        c("-1", "-2", "0", "1", "2", NA), c("C", "T", NA)), .Names = c("", 
    "")), class = "table"), MSJmono36_SNP1 = structure(c(0L, 
    0L, 0L, 4L, 0L, 0L, 1L, 420L, 19L, 1L, 5581L, 156L, 8L, 122L, 
    5L, 0L, 0L, 216L, 3L, 0L, 0L), .Dim = c(7L, 3L), .Dimnames = structure(list(
        c("-1", "-2", "-3", "0", "1", "2", NA), c("A", "G", NA
        )), .Names = c("", "")), class = "table"), MSJmono44_SNP1 = structure(c(1L, 
    0L, 0L, 1L, 0L, 0L, 0L, 0L, 0L, 0L, 1L, 0L, 0L, 0L, 293L, 
    19L, 0L, 4458L, 127L, 5L, 36L, 12L, 0L, 1L, 234L, 7L, 0L, 
    0L), .Dim = c(7L, 4L), .Dimnames = structure(list(c("-1", 
    "-2", "-3", "0", "1", "2", NA), c("-", "G", "T", NA)), .Names = c("", 
    "")), class = "table"), MSJmono46_SNP1 = structure(c(262L, 
    30L, 1L, 1035L, 83L, 6L, 39L, 26L, 2L, 0L, 316L, 10L, 2L, 
    0L), .Dim = c(7L, 2L), .Dimnames = structure(list(c("-1", 
    "-2", "-3", "0", "1", "2", NA), c("C", NA)), .Names = c("", 
    "")), class = "table"), LMmono04v2_SNP1 = structure(c(331L, 
    21L, 1L, 2464L, 140L, 6L, 42L, 0L, 0L, 0L, 1L, 0L, 0L, 0L, 
    6L, 2L, 0L, 140L, 12L, 0L, 0L), .Dim = c(7L, 3L), .Dimnames = structure(list(
        c("-1", "-2", "-3", "0", "1", "2", NA), c("C", "G", NA
        )), .Names = c("", "")), class = "table"), AKMmono01v2_SNP1 = structure(c(0L, 
    0L, 0L, 1L, 0L, 0L, 1760L, 157L, 3L, 30L, 3L, 97L, 0L, 0L, 
    0L, 2L, 0L, 0L, 123L, 3L, 0L, 1511L, 29L, 15L, 121L, 8L, 
    0L, 139L, 1L, 0L), .Dim = 6:5, .Dimnames = structure(list(
        c("-1", "-2", "-3", "0", "1", NA), c("A", "C", "G", "T", 
        NA)), .Names = c("", "")), class = "table"), AKMmono10v2_SNP1 = structure(c(70L, 
    2L, 1376L, 19L, 9L, 0L, 0L, 8L, 0L, 0L, 0L, 0L, 1L, 0L, 0L, 
    1L, 0L, 68L, 4L, 0L), .Dim = 5:4, .Dimnames = structure(list(
        c("-1", "-2", "0", "1", NA), c("A", "G", "T", NA)), .Names = c("", 
    "")), class = "table"), AKMmono17v2_SNP1 = structure(c(18L, 
    1L, 0L, 332L, 13L, 1L, 2L, 18L, 0L, 1L, 313L, 3L, 1L, 0L, 
    0L, 0L, 0L, 45L, 0L, 1L, 0L), .Dim = c(7L, 3L), .Dimnames = structure(list(
        c("-1", "-2", "-3", "0", "1", "2", NA), c("A", "C", NA
        )),