Result <-
list(AKMmono02_SNP1 = structure(c(293L, 19L, 1L, 3061L, 76L, 
3L, 67L, 3L, 0L, 0L, 55L, 0L, 0L, 0L), .Dim = c(7L, 2L), .Dimnames = structure(list(
    c("-1", "-2", "-3", "0", "1", "2", NA), c("T", NA)), .Names = c("", 
"")), class = "table"), AKMmono03_SNP1 = structure(c(901L, 193L, 
36L, 2L, 6720L, 125L, 2L, 107L, 0L, 0L, 0L, 0L, 1L, 0L, 0L, 0L, 
34L, 7L, 1L, 0L, 556L, 5L, 1L, 0L), .Dim = c(8L, 3L), .Dimnames = structure(list(
    c("-1", "-2", "-3", "-4", "0", "1", "2", NA), c("A", "C", 
    NA)), .Names = c("", "")), class = "table"), AKMmono05_SNP1 = structure(c(779L, 
129L, 12L, 4L, 4648L, 193L, 7L, 67L, 45L, 7L, 2L, 0L, 483L, 15L, 
0L, 0L), .Dim = c(8L, 2L), .Dimnames = structure(list(c("-1", 
"-2", "-3", "-4", "0", "1", "2", NA), c("A", NA)), .Names = c("", 
"")), class = "table"), AKMmono11_SNP1 = structure(c(0L, 0L, 
0L, 3L, 0L, 0L, 0L, 901L, 56L, 0L, 6822L, 131L, 2L, 127L, 146L, 
6L, 1L, 1372L, 34L, 1L, 0L), .Dim = c(7L, 3L), .Dimnames = structure(list(
    c("-1", "-2", "-3", "0", "1", "2", NA), c("A", "T", NA)), .Names = c("", 
"")), class = "table"), AKMmono12_SNP1 = structure(c(0L, 0L, 
0L, 1L, 0L, 0L, 0L, 617L, 53L, 3L, 4556L, 117L, 7L, 42L, 0L, 
0L, 0L, 1L, 0L, 0L, 0L, 0L, 1L, 0L, 3L, 0L, 0L, 0L, 17L, 0L, 
0L, 384L, 4L, 0L, 0L), .Dim = c(7L, 5L), .Dimnames = structure(list(
    c("-1", "-2", "-3", "0", "1", "2", NA), c("A", "C", "G", 
    "T", NA)), .Names = c("", "")), class = "table"), AKMmono13_SNP1 = structure(c(323L, 
10L, 2L, 1L, 4732L, 140L, 5L, 33L, 10L, 0L, 0L, 0L, 292L, 9L, 
0L, 0L), .Dim = c(8L, 2L), .Dimnames = structure(list(c("-1", 
"-2", "-3", "-4", "0", "1", "2", NA), c("A", NA)), .Names = c("", 
"")), class = "table"), AKMmono16_SNP1 = structure(c(369L, 19L, 
1L, 3559L, 76L, 2L, 20L, 0L, 0L, 0L, 3L, 0L, 0L, 0L, 0L, 0L, 
0L, 1L, 0L, 0L, 0L, 0L, 0L, 0L, 3L, 0L, 0L, 0L, 7L, 0L, 0L, 193L, 
2L, 0L, 0L), .Dim = c(7L, 5L), .Dimnames = structure(list(c("-1", 
"-2", "-3", "0", "1", "2", NA), c("A", "C", "G", "T", NA)), .Names = c("", 
"")), class = "table"), AKMmono22_SNP1 = structure(c(408L, 83L, 
14L, 2L, 2556L, 176L, 8L, 107L, 0L, 0L, 0L, 0L, 1L, 0L, 0L, 0L, 
14L, 0L, 0L, 0L, 251L, 3L, 1L, 0L), .Dim = c(8L, 3L), .Dimnames = structure(list(
    c("-1", "-2", "-3", "-4", "0", "1", "2", NA), c("A", "G", 
    NA)), .Names = c("", "")), class = "table"), EJmono05_SNP1 = structure(c(345L, 
39L, 2794L, 57L, 1L, 27L, 6L, 0L, 106L, 3L, 0L, 0L), .Dim = c(6L, 
2L), .Dimnames = structure(list(c("-1", "-2", "0", "1", "2", 
NA), c("T", NA)), .Names = c("", "")), class = "table"), EJmono16_SNP1 = structure(c(292L, 
28L, 3L, 1L, 4374L, 231L, 11L, 163L, 0L, 0L, 0L, 0L, 1L, 0L, 
0L, 0L, 1L, 0L, 0L, 0L, 55L, 1L, 0L, 0L), .Dim = c(8L, 3L), .Dimnames = structure(list(
    c("-1", "-2", "-3", "-4", "0", "1", "2", NA), c("A", "G", 
    NA)), .Names = c("", "")), class = "table"), LMmono01_SNP1 = structure(c(487L, 
30L, 1L, 3672L, 57L, 1L, 25L, 0L, 0L, 0L, 1L, 0L, 0L, 0L, 12L, 
2L, 0L, 272L, 8L, 0L, 0L), .Dim = c(7L, 3L), .Dimnames = structure(list(
    c("-1", "-2", "-3", "0", "1", "2", NA), c("A", "T", NA)), .Names = c("", 
"")), class = "table"), LMmono03_SNP1 = structure(c(0L, 0L, 0L, 
0L, 0L, 0L, 8L, 2L, 0L, 0L, 1641L, 272L, 31L, 4L, 2L, 1L, 7065L, 
198L, 7L, 284L, 0L, 0L, 0L, 0L, 0L, 0L, 2L, 0L, 0L, 0L, 38L, 
7L, 1L, 0L, 0L, 0L, 436L, 3L, 0L, 0L), .Dim = c(10L, 4L), .Dimnames = structure(list(
    c("-1", "-2", "-3", "-4", "-5", "-7", "0", "1", "2", NA), 
    c("A", "C", "T", NA)), .Names = c("", "")), class = "table"), 
    LMmono09_SNP1 = structure(c(0L, 0L, 0L, 0L, 0L, 2L, 0L, 0L, 
    0L, 0L, 0L, 0L, 0L, 0L, 1L, 0L, 0L, 0L, 1579L, 205L, 31L, 
    3L, 1L, 9739L, 372L, 16L, 225L, 17L, 2L, 0L, 0L, 0L, 153L, 
    4L, 0L, 0L), .Dim = c(9L, 4L), .Dimnames = structure(list(
        c("-1", "-2", "-3", "-4", "-5", "0", "1", "2", NA), c("A", 
        "C", "T", NA)), .Names = c("", "")), class = "table"), 
    LMmono12_SNP1 = structure(c(636L, 52L, 1L, 1L, 2920L, 224L, 
    9L, 123L, 0L, 0L, 0L, 0L, 1L, 0L, 0L, 0L, 6L, 0L, 0L, 0L, 
    87L, 5L, 0L, 0L), .Dim = c(8L, 3L), .Dimnames = structure(list(
        c("-1", "-2", "-3", "-4", "0", "1", "2", NA), c("A", 
        "G", NA)), .Names = c("", "")), class = "table"), LMmono16_SNP1 = structure(c(1077L, 
    113L, 3L, 2L, 4084L, 348L, 26L, 2L, 1L, 85L, 0L, 0L, 0L, 
    0L, 1L, 0L, 0L, 0L, 0L, 0L, 46L, 3L, 0L, 0L, 603L, 23L, 1L, 
    0L, 0L, 0L), .Dim = c(10L, 3L), .Dimnames = structure(list(
        c("-1", "-2", "-3", "-4", "0", "1", "2", "3", "4", NA
        ), c("A", "G", NA)), .Names = c("", "")), class = "table"), 
    MSJmono10_SNP1 = structure(c(0L, 0L, 2L, 0L, 0L, 0L, 296L, 
    13L, 3639L, 141L, 4L, 12L, 8L, 1L, 195L, 8L, 1L, 0L), .Dim = c(6L, 
    3L), .Dimnames = structure(list(c("-1", "-2", "0", "1", "2", 
    NA), c("A", "C", NA)), .Names = c("", "")), class = "table"), 
    MSJmono19ms1_SNP1 = structure(c(352L, 26L, 3L, 5499L, 171L, 
    6L, 132L, 1L, 0L, 0L, 5L, 1L, 0L, 1L, 0L, 0L, 0L, 2L, 0L, 
    0L, 0L, 0L, 0L, 0L, 2L, 0L, 0L, 0L, 30L, 0L, 0L, 565L, 10L, 
    0L, 0L), .Dim = c(7L, 5L), .Dimnames = structure(list(c("-1", 
    "-2", "-3", "0", "1", "2", NA), c("A", "C", "G", "T", NA)), .Names = c("", 
    "")), class = "table"), MSJmono19ms2_SNP1 = structure(c(0L, 
    0L, 2L, 0L, 0L, 278L, 5L, 5516L, 63L, 56L, 3L, 0L, 430L, 
    0L, 0L), .Dim = c(5L, 3L), .Dimnames = structure(list(c("-1", 
    "-2", "0", "1", NA), c("A", "C", NA)), .Names = c("", "")), class = "table"), 
    MSJmono36_SNP1 = structure(c(368L, 10L, 1L, 1L, 5603L, 202L, 
    3L, 89L, 5L, 0L, 0L, 0L, 165L, 1L, 0L, 0L), .Dim = c(8L, 
    2L), .Dimnames = structure(list(c("-1", "-2", "-3", "-4", 
    "0", "1", "2", NA), c("G", NA)), .Names = c("", "")), class = "table"), 
    MSJmono44_SNP1 = structure(c(1L, 0L, 0L, 0L, 0L, 0L, 0L, 
    0L, 143L, 6L, 1L, 2114L, 53L, 2L, 1L, 18L, 1L, 0L, 0L, 46L, 
    3L, 0L, 0L, 0L), .Dim = c(8L, 3L), .Dimnames = structure(list(
        c("-1", "-2", "-3", "0", "1", "2", "4", NA), c("A", "T", 
        NA)), .Names = c("", "")), class = "table"), MSJmono46_SNP1 = structure(c(0L, 
    0L, 0L, 1L, 0L, 0L, 0L, 554L, 53L, 7L, 2244L, 133L, 5L, 66L, 
    9L, 1L, 0L, 85L, 1L, 0L, 0L), .Dim = c(7L, 3L), .Dimnames = structure(list(
        c("-1", "-2", "-3", "0", "1", "2", NA), c("A", "C", NA
        )), .Names = c("", "")), class = "table"), LMmono04v2_SNP1 = structure(c(0L, 
    0L, 0L, 1L, 0L, 0L, 0L, 248L, 13L, 1L, 1864L, 72L, 4L, 9L, 
    0L, 0L, 0L, 1L, 0L, 0L, 0L, 0L, 0L, 0L, 1L, 0L, 0L, 0L, 8L, 
    0L, 0L, 63L, 4L, 0L, 0L), .Dim = c(7L, 5L), .Dimnames = structure(list(
        c("-1", "-2", "-3", "0", "1", "2", NA), c("A", "C", "G", 
        "T", NA)), .Names = c("", "")), class = "table"), AKMmono01v2_SNP1 = structure(c(3736L, 
    280L, 5L, 43L, 0L, 181L, 0L, 0L, 0L, 22L, 1L, 0L, 69L, 4L, 
    0L, 7L, 0L, 0L), .Dim = c(6L, 3L), .Dimnames = structure(list(
        c("-1", "-2", "-3", "0", "1", NA), c("C", "T", NA)), .Names = c("", 
    "")), class = "table"), AKMmono10v2_SNP1 = structure(c(1L, 
    0L, 13L, 0L, 0L, 0L, 74L, 2L, 1943L, 23L, 1L, 6L, 0L, 0L, 
    68L, 1L, 0L, 0L), .Dim = c(6L, 3L), .Dimnames = structure(list(
        c("-1", "-2", "0", "1", "2", NA), c("A", "G", NA)), .Names = c("", 
    "")), class = "table"), AKMmono17v2_SNP1 = structure(c(0L, 
    0L, 6L, 0L, 0L, 59L, 4L, 829L, 14L, 6L, 1L, 0L, 28L, 1L, 
    0L), .Dim = c(5L, 3L), .Dimnames = structure(list(c("-1", 
    "-2", "0", "1", NA), c("A", "C", NA)), .Names = c("", "")), class = "table"), 
    EJmono13v2_SNP1 = structure(c(90L, 2L, 0L, 1342L, 26L, 1L, 
    4L, 0L, 0L, 0L, 1L, 0L, 0L, 0L, 93L, 2L, 1L, 1323L, 34L, 
    1L, 8L, 6L, 1L, 0L, 69L, 1L, 0L, 0L), .Dim = c(7L, 4L), .Dimnames = structure(list(
        c("-1", "-2", "-3", "0", "1", "2", NA), c("A", "C", "G", 
        NA)), .Names = c("", "")), class = "table"), EJmono21v2_SNP1 = structure(c(1L, 
    0L, 0L, 2L, 0L, 0L, 128L, 5L, 1L, 940L, 15L, 18L, 2L, 0L, 
    0L, 67L, 0L, 0L), .Dim = c(6L, 3L),