Result <-
list(AKMmono02_SNP1 = structure(c(0L, 0L, 0L, 3L, 0L, 0L, 0L, 
0L, 0L, 0L, 1L, 0L, 0L, 0L, 754L, 21L, 2L, 7008L, 205L, 5L, 179L, 
18L, 1L, 0L, 250L, 5L, 0L, 0L), .Dim = c(7L, 4L), .Dimnames = structure(list(
    c("-1", "-2", "-3", "0", "1", "2", NA), c("A", "G", "T", 
    NA)), .Names = c("", "")), class = "table"), AKMmono03_SNP1 = structure(c(0L, 
0L, 0L, 0L, 1L, 0L, 0L, 0L, 0L, 1492L, 318L, 79L, 10L, 12179L, 
270L, 3L, 1L, 234L, 1L, 0L, 0L, 0L, 3L, 0L, 0L, 0L, 0L, 0L, 0L, 
0L, 0L, 3L, 0L, 0L, 0L, 0L, 1L, 1L, 0L, 0L, 1L, 0L, 0L, 0L, 0L, 
82L, 22L, 1L, 0L, 1122L, 17L, 0L, 0L, 0L), .Dim = c(9L, 6L), .Dimnames = structure(list(
    c("-1", "-2", "-3", "-4", "0", "1", "2", "3", NA), c("-", 
    "A", "C", "G", "T", NA)), .Names = c("", "")), class = "table"), 
    AKMmono05_SNP1 = structure(c(718L, 104L, 13L, 4913L, 181L, 
    4L, 133L, 0L, 0L, 0L, 7L, 0L, 0L, 0L, 41L, 4L, 0L, 487L, 
    22L, 1L, 0L), .Dim = c(7L, 3L), .Dimnames = structure(list(
        c("-1", "-2", "-3", "0", "1", "2", NA), c("A", "C", NA
        )), .Names = c("", "")), class = "table"), AKMmono11_SNP1 = structure(c(1L, 
    0L, 0L, 3L, 0L, 0L, 0L, 0L, 1L, 0L, 0L, 1L, 0L, 0L, 0L, 0L, 
    0L, 0L, 0L, 1L, 0L, 0L, 0L, 0L, 643L, 31L, 1L, 5069L, 363L, 
    12L, 1L, 202L, 75L, 2L, 0L, 819L, 73L, 2L, 0L, 0L), .Dim = c(8L, 
    5L), .Dimnames = structure(list(c("-1", "-2", "-3", "0", 
    "1", "2", "3", NA), c("A", "C", "G", "T", NA)), .Names = c("", 
    "")), class = "table"), AKMmono12_SNP1 = structure(c(3555L, 
    364L, 33L, 333L, 5L, 184L, 1L, 0L, 0L, 0L, 0L, 0L, 105L, 
    10L, 1L, 37L, 0L, 0L), .Dim = c(6L, 3L), .Dimnames = structure(list(
        c("-1", "-2", "-3", "0", "1", NA), c("C", "G", NA)), .Names = c("", 
    "")), class = "table"), AKMmono13_SNP1 = structure(c(425L, 
    16L, 4L, 6226L, 178L, 4L, 80L, 0L, 0L, 0L, 2L, 0L, 0L, 0L, 
    10L, 2L, 0L, 434L, 7L, 0L, 0L), .Dim = c(7L, 3L), .Dimnames = structure(list(
        c("-1", "-2", "-3", "0", "1", "2", NA), c("A", "T", NA
        )), .Names = c("", "")), class = "table"), AKMmono16_SNP1 = structure(c(613L, 
    23L, 1L, 6070L, 148L, 2L, 71L, 0L, 0L, 0L, 2L, 0L, 0L, 0L, 
    0L, 0L, 0L, 1L, 0L, 0L, 0L, 0L, 0L, 0L, 2L, 0L, 0L, 0L, 21L, 
    0L, 0L, 411L, 13L, 0L, 0L), .Dim = c(7L, 5L), .Dimnames = structure(list(
        c("-1", "-2", "-3", "0", "1", "2", NA), c("A", "C", "G", 
        "T", NA)), .Names = c("", "")), class = "table"), AKMmono22_SNP1 = structure(c(310L, 
    63L, 6L, 1L, 2118L, 104L, 8L, 1L, 141L, 1L, 0L, 0L, 0L, 0L, 
    0L, 0L, 0L, 0L, 11L, 4L, 0L, 0L, 251L, 10L, 1L, 0L, 0L), .Dim = c(9L, 
    3L), .Dimnames = structure(list(c("-1", "-2", "-3", "-4", 
    "0", "1", "2", "3", NA), c("A", "G", NA)), .Names = c("", 
    "")), class = "table"), EJmono05_SNP1 = structure(c(0L, 0L, 
    0L, 2L, 0L, 0L, 0L, 1L, 0L, 0L, 0L, 0L, 0L, 0L, 342L, 42L, 
    1L, 3241L, 73L, 2L, 69L, 3L, 0L, 0L, 145L, 0L, 0L, 0L), .Dim = c(7L, 
    4L), .Dimnames = structure(list(c("-1", "-2", "-3", "0", 
    "1", "2", NA), c("A", "C", "T", NA)), .Names = c("", "")), class = "table"), 
    EJmono16_SNP1 = structure(c(168L, 6L, 1L, 3195L, 147L, 3L, 
    206L, 1L, 0L, 0L, 61L, 2L, 0L, 0L), .Dim = c(7L, 2L), .Dimnames = structure(list(
        c("-1", "-2", "-3", "0", "1", "2", NA), c("A", NA)), .Names = c("", 
    "")), class = "table"), LMmono01_SNP1 = structure(c(473L, 
    24L, 4316L, 86L, 1L, 94L, 0L, 0L, 1L, 0L, 0L, 0L, 9L, 0L, 
    310L, 8L, 0L, 0L), .Dim = c(6L, 3L), .Dimnames = structure(list(
        c("-1", "-2", "0", "1", "2", NA), c("A", "T", NA)), .Names = c("", 
    "")), class = "table"), LMmono03_SNP1 = structure(c(1L, 0L, 
    0L, 0L, 0L, 3L, 0L, 0L, 0L, 638L, 99L, 9L, 2L, 2L, 2773L, 
    99L, 4L, 96L, 0L, 0L, 0L, 0L, 0L, 2L, 0L, 0L, 0L, 19L, 2L, 
    0L, 0L, 0L, 413L, 2L, 0L, 0L), .Dim = c(9L, 4L), .Dimnames = structure(list(
        c("-1", "-2", "-3", "-4", "-5", "0", "1", "2", NA), c("A", 
        "C", "T", NA)), .Names = c("", "")), class = "table"), 
    LMmono09_SNP1 = structure(c(0L, 0L, 0L, 0L, 0L, 1L, 0L, 0L, 
    0L, 0L, 1L, 0L, 0L, 0L, 0L, 0L, 0L, 0L, 0L, 0L, 5858L, 764L, 
    56L, 4L, 1L, 4752L, 264L, 11L, 1L, 578L, 80L, 12L, 3L, 0L, 
    0L, 104L, 1L, 0L, 0L, 0L), .Dim = c(10L, 4L), .Dimnames = structure(list(
        c("-1", "-2", "-3", "-4", "-5", "0", "1", "2", "3", NA
        ), c("C", "G", "T", NA)), .Names = c("", "")), class = "table"), 
    LMmono12_SNP1 = structure(c(100L, 1506L, 161L, 3L, 181L, 
    15L, 1L, 145L, 1L, 49L, 4L, 0L, 29L, 0L, 0L, 0L), .Dim = c(8L, 
    2L), .Dimnames = structure(list(c("-1", "-2", "-3", "-4", 
    "0", "1", "2", NA), c("A", NA)), .Names = c("", "")), class = "table"), 
    LMmono16_SNP1 = structure(c(1361L, 135L, 10L, 1L, 5289L, 
    419L, 21L, 3L, 234L, 0L, 0L, 0L, 0L, 1L, 0L, 0L, 0L, 0L, 
    1L, 0L, 0L, 0L, 0L, 0L, 0L, 0L, 0L, 1L, 0L, 0L, 0L, 2L, 0L, 
    0L, 0L, 0L, 42L, 1L, 1L, 0L, 831L, 27L, 1L, 0L, 0L), .Dim = c(9L, 
    5L), .Dimnames = structure(list(c("-1", "-2", "-3", "-5", 
    "0", "1", "2", "3", NA), c("A", "C", "G", "T", NA)), .Names = c("", 
    "")), class = "table"), MSJmono10_SNP1 = structure(c(296L, 
    10L, 4083L, 157L, 4L, 36L, 11L, 0L, 254L, 10L, 0L, 0L), .Dim = c(6L, 
    2L), .Dimnames = structure(list(c("-1", "-2", "0", "1", "2", 
    NA), c("C", NA)), .Names = c("", "")), class = "table"), 
    MSJmono19ms1_SNP1 = structure(c(197L, 8L, 1L, 3570L, 101L, 
    1L, 181L, 0L, 0L, 0L, 12L, 0L, 0L, 1L, 0L, 0L, 0L, 2L, 0L, 
    0L, 0L, 14L, 0L, 0L, 570L, 14L, 0L, 0L), .Dim = c(7L, 4L), .Dimnames = structure(list(
        c("-1", "-2", "-3", "0", "1", "2", NA), c("A", "C", "T", 
        NA)), .Names = c("", "")), class = "table"), MSJmono19ms2_SNP1 = structure(c(0L, 
    0L, 0L, 1L, 0L, 0L, 0L, 203L, 3L, 1L, 3732L, 58L, 2L, 48L, 
    3L, 0L, 0L, 356L, 2L, 0L, 0L), .Dim = c(7L, 3L), .Dimnames = structure(list(
        c("-1", "-2", "-3", "0", "1", "2", NA), c("A", "C", NA
        )), .Names = c("", "")), class = "table"), MSJmono36_SNP1 = structure(c(460L, 
    21L, 6109L, 165L, 2L, 132L, 0L, 0L, 1L, 0L, 0L, 0L, 5L, 1L, 
    238L, 1L, 0L, 0L), .Dim = c(6L, 3L), .Dimnames = structure(list(
        c("-1", "-2", "0", "1", "2", NA), c("G", "T", NA)), .Names = c("", 
    "")), class = "table"), MSJmono44_SNP1 = structure(c(1L, 
    0L, 0L, 0L, 0L, 0L, 0L, 0L, 0L, 0L, 1L, 0L, 0L, 0L, 188L, 
    9L, 1L, 2887L, 87L, 2L, 26L, 1L, 1L, 0L, 130L, 2L, 0L, 0L
    ), .Dim = c(7L, 4L), .Dimnames = structure(list(c("-1", "-2", 
    "-3", "0", "1", "2", NA), c("A", "G", "T", NA)), .Names = c("", 
    "")), class = "table"), MSJmono46_SNP1 = structure(c(331L, 
    33L, 6L, 1540L, 1013L, 92L, 4L, 243L, 50L, 1L, 1L, 479L, 
    200L, 23L, 2L, 0L), .Dim = c(8L, 2L), .Dimnames = structure(list(
        c("-1", "-2", "-3", "0", "1", "2", "3", NA), c("C", NA
        )), .Names = c("", "")), class = "table"), LMmono04v2_SNP1 = structure(c(290L, 
    27L, 1L, 2513L, 118L, 5L, 25L, 3L, 0L, 0L, 152L, 12L, 1L, 
    0L), .Dim = c(7L, 2L), .Dimnames = structure(list(c("-1", 
    "-2", "-4", "0", "1", "2", NA), c("C", NA)), .Names = c("", 
    "")), class = "table"), AKMmono01v2_SNP1 = structure(c(1L, 
    0L, 0L, 0L, 0L, 0L, 0L, 0L, 0L, 0L, 1L, 0L, 0L, 0L, 0L, 0L, 
    0L, 1L, 0L, 0L, 0L, 521L, 25L, 2L, 5345L, 111L, 2L, 64L, 
    27L, 1L, 0L, 426L, 10L, 1L, 0L), .Dim = c(7L, 5L), .Dimnames = structure(list(
        c("-1", "-2", "-3", "0", "1", "2", NA), c("A", "C", "G", 
        "T", NA)), .Names = c("", "")), class = "table"), AKMmono10v2_SNP1 = structure(c(190L, 
    6L, 2L, 3795L, 59L, 30L, 0L, 0L, 0L, 1L, 0L, 0L, 0L, 0L, 
    0L, 1L, 0L, 0L, 0L, 0L, 0L, 1L, 0L, 0L, 5L, 0L, 0L, 192L, 
    6L, 0L), .Dim = 6:5, .Dimnames = structure(list(c("-1", "-2", 
    "-3", "0", "1", NA), c("A", "C", "G", "T", NA)), .Names = c("", 
    "")), class = "table"), AKMmono17v2_SNP1 = structure(c(1L, 
    0L, 15L, 0L, 0L, 123L, 3L, 2002L, 29L, 19L, 0L, 0L, 0L, 1L, 
    0L, 5L, 0L, 122L, 1L, 0L),