Result <-
list(AKMmono02_SNP1 = structure(c(0L, 1L, 0L, 0L, 0L, 0L, 0L, 
2329L, 172L, 2L, 3385L, 71L, 1L, 261L, 50L, 4L, 0L, 132L, 0L, 
0L, 0L), .Dim = c(7L, 3L), .Dimnames = structure(list(c("-1", 
"-2", "-3", "0", "1", "2", NA), c("A", "T", NA)), .Names = c("", 
"")), class = "table"), AKMmono03_SNP1 = structure(c(757L, 138L, 
39L, 9L, 5763L, 105L, 5L, 109L, 0L, 0L, 0L, 0L, 2L, 0L, 0L, 0L, 
35L, 8L, 0L, 0L, 522L, 6L, 1L, 0L), .Dim = c(8L, 3L), .Dimnames = structure(list(
    c("-1", "-2", "-3", "-4", "0", "1", "2", NA), c("A", "C", 
    NA)), .Names = c("", "")), class = "table"), AKMmono05_SNP1 = structure(c(1113L, 
286L, 40L, 6L, 3801L, 136L, 3L, 190L, 0L, 0L, 0L, 0L, 2L, 1L, 
0L, 0L, 0L, 0L, 0L, 0L, 1L, 0L, 0L, 0L, 3L, 0L, 0L, 0L, 0L, 0L, 
0L, 0L, 61L, 10L, 2L, 0L, 381L, 15L, 0L, 0L), .Dim = c(8L, 5L
), .Dimnames = structure(list(c("-1", "-2", "-3", "-4", "0", 
"1", "2", NA), c("A", "C", "G", "T", NA)), .Names = c("", "")), class = "table"), 
    AKMmono11_SNP1 = structure(c(0L, 0L, 0L, 1L, 0L, 0L, 0L, 
    0L, 0L, 0L, 4L, 0L, 0L, 0L, 879L, 62L, 2L, 6942L, 110L, 1L, 
    165L, 110L, 3L, 0L, 1100L, 32L, 2L, 0L), .Dim = c(7L, 4L), .Dimnames = structure(list(
        c("-1", "-2", "-3", "0", "1", "2", NA), c("A", "G", "T", 
        NA)), .Names = c("", "")), class = "table"), AKMmono12_SNP1 = structure(c(1L, 
    0L, 0L, 3L, 0L, 0L, 0L, 1085L, 90L, 9L, 5958L, 170L, 5L, 
    105L, 0L, 1L, 0L, 0L, 0L, 0L, 0L, 0L, 0L, 0L, 4L, 0L, 0L, 
    0L, 28L, 4L, 0L, 466L, 5L, 0L, 0L), .Dim = c(7L, 5L), .Dimnames = structure(list(
        c("-1", "-2", "-3", "0", "1", "2", NA), c("A", "C", "G", 
        "T", NA)), .Names = c("", "")), class = "table"), AKMmono13_SNP1 = structure(c(921L, 
    561L, 19L, 5268L, 109L, 4L, 138L, 1L, 0L, 0L, 1L, 0L, 0L, 
    0L, 31L, 11L, 0L, 335L, 8L, 0L, 0L), .Dim = c(7L, 3L), .Dimnames = structure(list(
        c("-1", "-2", "-3", "0", "1", "2", NA), c("A", "T", NA
        )), .Names = c("", "")), class = "table"), AKMmono16_SNP1 = structure(c(1125L, 
    101L, 3L, 4185L, 62L, 2L, 89L, 0L, 0L, 0L, 3L, 0L, 0L, 0L, 
    0L, 0L, 0L, 2L, 0L, 0L, 0L, 0L, 0L, 0L, 1L, 0L, 0L, 0L, 19L, 
    2L, 0L, 267L, 1L, 0L, 0L), .Dim = c(7L, 5L), .Dimnames = structure(list(
        c("-1", "-2", "-3", "0", "1", "2", NA), c("A", "C", "G", 
        "T", NA)), .Names = c("", "")), class = "table"), AKMmono22_SNP1 = structure(c(805L, 
    672L, 112L, 12L, 2496L, 97L, 3L, 1L, 369L, 0L, 0L, 0L, 0L, 
    1L, 0L, 0L, 0L, 0L, 1L, 0L, 0L, 0L, 1L, 0L, 0L, 0L, 0L, 42L, 
    27L, 2L, 0L, 288L, 6L, 1L, 0L, 0L), .Dim = c(9L, 4L), .Dimnames = structure(list(
        c("-1", "-2", "-3", "-4", "0", "1", "2", "3", NA), c("A", 
        "G", "T", NA)), .Names = c("", "")), class = "table"), 
    EJmono05_SNP1 = structure(c(0L, 0L, 0L, 1L, 0L, 0L, 1076L, 
    73L, 2L, 3481L, 79L, 105L, 18L, 1L, 0L, 149L, 2L, 0L), .Dim = c(6L, 
    3L), .Dimnames = structure(list(c("-1", "-2", "-3", "0", 
    "1", NA), c("A", "T", NA)), .Names = c("", "")), class = "table"), 
    EJmono16_SNP1 = structure(c(613L, 73L, 1L, 3410L, 101L, 2L, 
    397L, 4L, 2L, 0L, 66L, 1L, 0L, 0L), .Dim = c(7L, 2L), .Dimnames = structure(list(
        c("-1", "-2", "-3", "0", "1", "2", NA), c("A", NA)), .Names = c("", 
    "")), class = "table"), LMmono01_SNP1 = structure(c(1292L, 
    69L, 2642L, 41L, 168L, 0L, 0L, 1L, 0L, 0L, 43L, 3L, 180L, 
    4L, 0L), .Dim = c(5L, 3L), .Dimnames = structure(list(c("-1", 
    "-2", "0", "1", NA), c("A", "T", NA)), .Names = c("", "")), class = "table"), 
    LMmono03_SNP1 = structure(c(1L, 0L, 0L, 0L, 0L, 2L, 0L, 0L, 
    0L, 0L, 785L, 187L, 367L, 58L, 3L, 1966L, 63L, 2L, 1L, 132L, 
    17L, 5L, 9L, 0L, 0L, 267L, 1L, 0L, 0L, 0L), .Dim = c(10L, 
    3L), .Dimnames = structure(list(c("-1", "-2", "-3", "-4", 
    "-5", "0", "1", "2", "3", NA), c("A", "C", NA)), .Names = c("", 
    "")), class = "table"), LMmono09_SNP1 = structure(c(1L, 0L, 
    0L, 0L, 0L, 0L, 0L, 0L, 0L, 0L, 0L, 0L, 0L, 1L, 0L, 0L, 0L, 
    0L, 2082L, 269L, 30L, 2L, 9048L, 365L, 9L, 1L, 335L, 20L, 
    2L, 1L, 0L, 151L, 3L, 1L, 0L, 0L), .Dim = c(9L, 4L), .Dimnames = structure(list(
        c("-1", "-2", "-3", "-4", "0", "1", "2", "3", NA), c("A", 
        "C", "T", NA)), .Names = c("", "")), class = "table"), 
    LMmono12_SNP1 = structure(c(687L, 54L, 5L, 3063L, 181L, 10L, 
    1L, 122L, 0L, 0L, 0L, 1L, 0L, 0L, 0L, 0L, 34L, 4L, 0L, 344L, 
    9L, 1L, 0L, 0L), .Dim = c(8L, 3L), .Dimnames = structure(list(
        c("-1", "-2", "-3", "0", "1", "2", "3", NA), c("A", "G", 
        NA)), .Names = c("", "")), class = "table"), LMmono16_SNP1 = structure(c(1481L, 
    1037L, 114L, 4L, 1L, 3620L, 111L, 1L, 543L, 10L, 132L, 9L, 
    645L, 0L, 0L, 0L, 0L, 0L, 0L, 0L, 0L, 0L, 0L, 0L, 0L, 1L, 
    54L, 29L, 4L, 0L, 0L, 560L, 10L, 0L, 34L, 3L, 10L, 0L, 0L
    ), .Dim = c(13L, 3L), .Dimnames = structure(list(c("-1", 
    "-2", "-3", "-4", "-5", "0", "1", "2", "3", "4", "5", "6", 
    NA), c("A", "T", NA)), .Names = c("", "")), class = "table"), 
    MSJmono10_SNP1 = structure(c(0L, 0L, 0L, 6L, 0L, 0L, 0L, 
    0L, 1096L, 75L, 3L, 4954L, 707L, 41L, 3L, 132L, 0L, 0L, 0L, 
    0L, 0L, 0L, 0L, 1L, 26L, 1L, 0L, 270L, 41L, 1L, 0L, 0L), .Dim = c(8L, 
    4L), .Dimnames = structure(list(c("-1", "-2", "-3", "0", 
    "1", "2", "3", NA), c("A", "C", "T", NA)), .Names = c("", 
    "")), class = "table"), MSJmono19ms1_SNP1 = structure(c(1L, 
    0L, 0L, 0L, 0L, 0L, 954L, 90L, 7L, 3130L, 67L, 359L, 0L, 
    0L, 0L, 11L, 0L, 1L, 0L, 0L, 0L, 2L, 0L, 0L, 1L, 0L, 0L, 
    3L, 0L, 0L, 87L, 14L, 0L, 520L, 7L, 0L), .Dim = c(6L, 6L), .Dimnames = structure(list(
        c("-1", "-2", "-3", "0", "1", NA), c("-", "A", "C", "G", 
        "T", NA)), .Names = c("", "")), class = "table"), MSJmono19ms2_SNP1 = structure(c(696L, 
    52L, 1L, 3904L, 47L, 130L, 7L, 1L, 0L, 291L, 0L, 0L), .Dim = c(6L, 
    2L), .Dimnames = structure(list(c("-1", "-2", "-3", "0", 
    "1", NA), c("C", NA)), .Names = c("", "")), class = "table"), 
    MSJmono36_SNP1 = structure(c(1L, 0L, 0L, 0L, 0L, 0L, 0L, 
    0L, 820L, 45L, 3L, 3393L, 332L, 6L, 1L, 240L, 7L, 0L, 1L, 
    129L, 6L, 0L, 0L, 0L), .Dim = c(8L, 3L), .Dimnames = structure(list(
        c("-1", "-2", "-3", "0", "1", "2", "3", NA), c("A", "G", 
        NA)), .Names = c("", "")), class = "table"), MSJmono44_SNP1 = structure(c(673L, 
    34L, 1L, 2387L, 60L, 1L, 36L, 10L, 1L, 0L, 83L, 1L, 0L, 0L
    ), .Dim = c(7L, 2L), .Dimnames = structure(list(c("-1", "-2", 
    "-3", "0", "1", "2", NA), c("T", NA)), .Names = c("", "")), class = "table"), 
    MSJmono46_SNP1 = structure(c(601L, 426L, 53L, 5L, 2030L, 
    137L, 5L, 1L, 121L, 71L, 36L, 0L, 0L, 522L, 32L, 3L, 0L, 
    0L), .Dim = c(9L, 2L), .Dimnames = structure(list(c("-1", 
    "-2", "-3", "-4", "0", "1", "2", "3", NA), c("C", NA)), .Names = c("", 
    "")), class = "table"), LMmono04v2_SNP1 = structure(c(0L, 
    0L, 0L, 2L, 0L, 0L, 0L, 985L, 79L, 6L, 2862L, 112L, 4L, 48L, 
    17L, 2L, 0L, 155L, 7L, 0L, 0L), .Dim = c(7L, 3L), .Dimnames = structure(list(
        c("-1", "-2", "-3", "0", "1", "2", NA), c("A", "C", NA
        )), .Names = c("", "")), class = "table"), AKMmono01v2_SNP1 = structure(c(0L, 
    0L, 0L, 0L, 0L, 2L, 0L, 0L, 0L, 0L, 0L, 0L, 0L, 1L, 0L, 0L, 
    1L, 0L, 0L, 0L, 0L, 0L, 0L, 0L, 0L, 0L, 0L, 0L, 0L, 1L, 0L, 
    0L, 1457L, 744L, 26L, 1L, 13L, 3379L, 59L, 137L, 66L, 30L, 
    1L, 0L, 0L, 252L, 3L, 0L), .Dim = c(8L, 6L), .Dimnames = structure(list(
        c("-1", "-2", "-3", "-5", "-6", "0", "1", NA), c("-", 
        "A", "C", "G", "T", NA)), .Names = c("", "")), class = "table"), 
    AKMmono10v2_SNP1 = structure(c(96L, 3L, 1453L, 12L, 11L, 
    573L, 7L, 1021L, 14L, 35L, 0L, 0L, 3L, 0L, 0L, 12L, 0L, 116L, 
    1L, 0L), .Dim = 5:4, .Dimnames = structure(list(c("-1", "-2", 
    "0", "1", NA), c("A", "G", "T", NA)), .Names = c("", "")), class = "table"), 
    AKMmono17v2_SNP1 = structure(c(1L, 0L, 8L, 1L, 0L, 124L, 
    3L, 1530L, 21L, 16L, 0L, 0L, 3L, 0L, 0L, 3L, 0L, 74L, 0L, 
    0L),