Result <-
list(AKMmono02_SNP1 = structure(c(0L, 0L, 0L, 1L, 0L, 0L, 0L, 
838L, 38L, 1L, 6093L, 140L, 1L, 152L, 21L, 0L, 0L, 233L, 3L, 
0L, 0L), .Dim = c(7L, 3L), .Dimnames = structure(list(c("-1", 
"-2", "-3", "0", "1", "2", NA), c("G", "T", NA)), .Names = c("", 
"")), class = "table"), AKMmono03_SNP1 = structure(c(1758L, 260L, 
43L, 1L, 3803L, 62L, 2L, 213L, 1L, 0L, 0L, 0L, 2L, 0L, 0L, 0L, 
1L, 0L, 0L, 0L, 0L, 0L, 0L, 0L, 79L, 17L, 1L, 1L, 363L, 2L, 0L, 
0L), .Dim = c(8L, 4L), .Dimnames = structure(list(c("-1", "-2", 
"-3", "-4", "0", "1", "2", NA), c("A", "C", "G", NA)), .Names = c("", 
"")), class = "table"), AKMmono05_SNP1 = structure(c(1738L, 366L, 
37L, 1L, 1L, 2592L, 81L, 2L, 1L, 207L, 2L, 0L, 0L, 0L, 0L, 0L, 
0L, 0L, 0L, 0L, 0L, 0L, 0L, 0L, 0L, 1L, 0L, 0L, 0L, 0L, 111L, 
9L, 0L, 0L, 0L, 291L, 14L, 0L, 1L, 0L), .Dim = c(10L, 4L), .Dimnames = structure(list(
    c("-1", "-2", "-3", "-4", "-5", "0", "1", "2", "3", NA), 
    c("A", "C", "T", NA)), .Names = c("", "")), class = "table"), 
    AKMmono11_SNP1 = structure(c(0L, 0L, 0L, 0L, 4L, 0L, 0L, 
    1L, 4673L, 973L, 38L, 1L, 4037L, 58L, 3L, 630L, 309L, 34L, 
    1L, 0L, 490L, 13L, 0L, 0L), .Dim = c(8L, 3L), .Dimnames = structure(list(
        c("-1", "-2", "-3", "-4", "0", "1", "2", NA), c("A", 
        "T", NA)), .Names = c("", "")), class = "table"), AKMmono12_SNP1 = structure(c(1L, 
    0L, 0L, 0L, 3L, 0L, 0L, 0L, 3050L, 381L, 14L, 2L, 3492L, 
    82L, 1L, 191L, 0L, 0L, 0L, 0L, 1L, 0L, 0L, 0L, 1L, 1L, 0L, 
    0L, 1L, 0L, 0L, 0L, 71L, 8L, 0L, 0L, 232L, 0L, 0L, 0L), .Dim = c(8L, 
    5L), .Dimnames = structure(list(c("-1", "-2", "-3", "-4", 
    "0", "1", "2", NA), c("A", "C", "G", "T", NA)), .Names = c("", 
    "")), class = "table"), AKMmono13_SNP1 = structure(c(1126L, 
    79L, 4355L, 129L, 3L, 108L, 26L, 1L, 276L, 6L, 0L, 0L), .Dim = c(6L, 
    2L), .Dimnames = structure(list(c("-1", "-2", "0", "1", "2", 
    NA), c("A", NA)), .Names = c("", "")), class = "table"), 
    AKMmono16_SNP1 = structure(c(1481L, 297L, 14L, 1L, 3150L, 
    58L, 1L, 125L, 0L, 0L, 0L, 0L, 1L, 0L, 0L, 0L, 41L, 7L, 0L, 
    0L, 188L, 4L, 0L, 0L), .Dim = c(8L, 3L), .Dimnames = structure(list(
        c("-1", "-2", "-3", "-4", "0", "1", "2", NA), c("A", 
        "G", NA)), .Names = c("", "")), class = "table"), AKMmono22_SNP1 = structure(c(1116L, 
    321L, 46L, 1L, 2340L, 118L, 7L, 1L, 402L, 0L, 0L, 0L, 0L, 
    1L, 0L, 0L, 0L, 0L, 0L, 0L, 1L, 0L, 1L, 0L, 0L, 0L, 0L, 51L, 
    12L, 2L, 0L, 233L, 4L, 0L, 0L, 0L), .Dim = c(9L, 4L), .Dimnames = structure(list(
        c("-1", "-2", "-3", "-4", "0", "1", "2", "4", NA), c("A", 
        "C", "T", NA)), .Names = c("", "")), class = "table"), 
    EJmono05_SNP1 = structure(c(0L, 0L, 1L, 0L, 0L, 0L, 0L, 0L, 
    1L, 0L, 0L, 0L, 466L, 37L, 3565L, 66L, 2L, 55L, 9L, 0L, 130L, 
    1L, 0L, 0L), .Dim = c(6L, 4L), .Dimnames = structure(list(
        c("-1", "-2", "0", "1", "2", NA), c("-", "A", "T", NA
        )), .Names = c("", "")), class = "table"), EJmono16_SNP1 = structure(c(853L, 
    59L, 1L, 2806L, 107L, 2L, 1L, 526L, 0L, 0L, 0L, 1L, 0L, 0L, 
    0L, 0L, 12L, 1L, 0L, 62L, 3L, 0L, 0L, 0L), .Dim = c(8L, 3L
    ), .Dimnames = structure(list(c("-1", "-2", "-3", "0", "1", 
    "2", "3", NA), c("A", "G", NA)), .Names = c("", "")), class = "table"), 
    LMmono01_SNP1 = structure(c(977L, 68L, 1584L, 35L, 0L, 120L, 
    0L, 0L, 1L, 0L, 1L, 0L, 2L, 0L, 0L, 0L, 0L, 0L, 37L, 1L, 
    106L, 3L, 0L, 0L), .Dim = c(6L, 4L), .Dimnames = structure(list(
        c("-1", "-2", "0", "1", "2", NA), c("A", "G", "T", NA
        )), .Names = c("", "")), class = "table"), LMmono03_SNP1 = structure(c(0L, 
    0L, 0L, 0L, 3L, 0L, 0L, 0L, 0L, 641L, 103L, 12L, 5L, 2084L, 
    413L, 25L, 1L, 211L, 0L, 0L, 0L, 0L, 1L, 0L, 0L, 0L, 0L, 
    6L, 0L, 0L, 0L, 0L, 0L, 0L, 0L, 0L, 19L, 3L, 0L, 0L, 408L, 
    10L, 1L, 0L, 0L), .Dim = c(9L, 5L), .Dimnames = structure(list(
        c("-1", "-2", "-3", "-4", "0", "1", "2", "3", NA), c("A", 
        "C", "G", "T", NA)), .Names = c("", "")), class = "table"), 
    LMmono09_SNP1 = structure(c(0L, 0L, 0L, 0L, 1L, 0L, 0L, 0L, 
    0L, 0L, 0L, 0L, 0L, 0L, 1L, 0L, 0L, 0L, 0L, 0L, 0L, 0L, 1L, 
    0L, 0L, 0L, 0L, 1417L, 164L, 15L, 1L, 6565L, 1420L, 111L, 
    5L, 542L, 12L, 2L, 0L, 0L, 133L, 20L, 1L, 0L, 0L), .Dim = c(9L, 
    5L), .Dimnames = structure(list(c("-1", "-2", "-3", "-4", 
    "0", "1", "2", "3", NA), c("A", "C", "G", "T", NA)), .Names = c("", 
    "")), class = "table"), LMmono12_SNP1 = structure(c(1346L, 
    627L, 71L, 3L, 1273L, 79L, 2L, 205L, 71L, 20L, 3L, 0L, 154L, 
    2L, 1L, 0L), .Dim = c(8L, 2L), .Dimnames = structure(list(
        c("-1", "-2", "-3", "-4", "0", "1", "2", NA), c("A", 
        NA)), .Names = c("", "")), class = "table"), LMmono16_SNP1 = structure(c(2062L, 
    478L, 45L, 3L, 3247L, 191L, 8L, 783L, 1L, 48L, 2L, 610L, 
    0L, 0L, 0L, 0L, 1L, 0L, 0L, 0L, 0L, 0L, 0L, 1L, 0L, 0L, 0L, 
    0L, 1L, 0L, 0L, 1L, 0L, 0L, 0L, 0L, 0L, 0L, 0L, 0L, 1L, 1L, 
    0L, 0L, 0L, 0L, 0L, 0L, 66L, 7L, 0L, 0L, 502L, 10L, 2L, 43L, 
    0L, 5L, 0L, 0L), .Dim = c(12L, 5L), .Dimnames = structure(list(
        c("-1", "-2", "-3", "-4", "0", "1", "2", "3", "4", "5", 
        "6", NA), c("A", "C", "G", "T", NA)), .Names = c("", 
    "")), class = "table"), MSJmono10_SNP1 = structure(c(0L, 
    0L, 0L, 2L, 1L, 0L, 0L, 3411L, 758L, 30L, 2845L, 103L, 3L, 
    176L, 0L, 0L, 0L, 0L, 1L, 0L, 0L, 0L, 0L, 0L, 1L, 0L, 0L, 
    0L, 106L, 25L, 0L, 166L, 4L, 0L, 0L), .Dim = c(7L, 5L), .Dimnames = structure(list(
        c("-1", "-2", "-3", "0", "1", "2", NA), c("A", "C", "G", 
        "T", NA)), .Names = c("", "")), class = "table"), MSJmono19ms1_SNP1 = structure(c(933L, 
    129L, 2L, 1L, 2581L, 46L, 2L, 349L, 1L, 0L, 0L, 0L, 8L, 0L, 
    0L, 1L, 0L, 0L, 0L, 0L, 3L, 0L, 0L, 0L, 74L, 9L, 0L, 0L, 
    389L, 7L, 0L, 0L), .Dim = c(8L, 4L), .Dimnames = structure(list(
        c("-1", "-2", "-3", "-4", "0", "1", "2", NA), c("A", 
        "C", "T", NA)), .Names = c("", "")), class = "table"), 
    MSJmono19ms2_SNP1 = structure(c(1069L, 41L, 2802L, 39L, 126L, 
    10L, 0L, 204L, 0L, 0L), .Dim = c(5L, 2L), .Dimnames = structure(list(
        c("-1", "-2", "0", "1", NA), c("C", NA)), .Names = c("", 
    "")), class = "table"), MSJmono36_SNP1 = structure(c(499L, 
    41L, 3L, 1L, 3339L, 70L, 1L, 109L, 0L, 0L, 0L, 0L, 1L, 0L, 
    0L, 0L, 2L, 0L, 0L, 0L, 131L, 1L, 0L, 0L), .Dim = c(8L, 3L
    ), .Dimnames = structure(list(c("-1", "-2", "-3", "-4", "0", 
    "1", "2", NA), c("G", "T", NA)), .Names = c("", "")), class = "table"), 
    MSJmono44_SNP1 = structure(c(0L, 0L, 1L, 0L, 0L, 943L, 44L, 
    1588L, 25L, 25L, 20L, 2L, 91L, 1L, 0L), .Dim = c(5L, 3L), .Dimnames = structure(list(
        c("-1", "-2", "0", "1", NA), c("G", "T", NA)), .Names = c("", 
    "")), class = "table"), MSJmono46_SNP1 = structure(c(478L, 
    1996L, 248L, 19L, 1024L, 54L, 1L, 208L, 0L, 1L, 0L, 0L, 0L, 
    1L, 0L, 0L, 72L, 113L, 9L, 1L, 271L, 12L, 1L, 0L), .Dim = c(8L, 
    3L), .Dimnames = structure(list(c("-1", "-2", "-3", "-4", 
    "0", "1", "2", NA), c("C", "T", NA)), .Names = c("", "")), class = "table"), 
    LMmono04v2_SNP1 = structure(c(0L, 0L, 0L, 0L, 1L, 0L, 0L, 
    271L, 21L, 2L, 1480L, 53L, 1L, 24L, 199L, 8L, 0L, 1324L, 
    70L, 5L, 14L, 16L, 0L, 0L, 154L, 10L, 0L, 0L), .Dim = c(7L, 
    4L), .Dimnames = structure(list(c("-1", "-2", "-3", "0", 
    "1", "2", NA), c("A", "C", "T", NA)), .Names = c("", "")), class = "table"), 
    AKMmono01v2_SNP1 = structure(c(0L, 0L, 3L, 0L, 0L, 0L, 0L, 
    0L, 1L, 0L, 0L, 0L, 0L, 0L, 0L, 1L, 1572L, 147L, 1394L, 46L, 
    3372L, 61L, 1L, 153L, 69L, 5L, 46L, 1L, 316L, 1L, 0L, 0L), .Dim = c(8L, 
    4L), .Dimnames = structure(list(c("-1", "-2", "-3", "-4", 
    "0", "1", "2", NA), c("-", "C", "T", NA)), .Names = c("", 
    "")), class = "table"), AKMmono10v2_SNP1 = structure(c(192L, 
    1935L, 17L, 1977L, 31L, 1L, 86L, 0L, 1L, 0L, 3L, 0L, 0L, 
    0L, 0L, 1L, 0L, 0L, 0L, 0L, 0L, 2L, 20L, 0L, 87L, 0L, 0L, 
    0L), .Dim = c(7L, 4L),