Result <-
list(AKMmono02_SNP1 = structure(c(0L, 0L, 0L, 0L, 1L, 0L, 0L, 
0L, 1028L, 49L, 4L, 1L, 5601L, 127L, 3L, 165L, 22L, 3L, 0L, 0L, 
200L, 4L, 0L, 0L), .Dim = c(8L, 3L), .Dimnames = structure(list(
    c("-1", "-2", "-3", "-4", "0", "1", "2", NA), c("G", "T", 
    NA)), .Names = c("", "")), class = "table"), AKMmono03_SNP1 = structure(c(2155L, 
286L, 59L, 4L, 6056L, 94L, 2L, 244L, 0L, 0L, 0L, 0L, 5L, 0L, 
0L, 1L, 1L, 0L, 0L, 0L, 2L, 0L, 0L, 0L, 0L, 0L, 0L, 0L, 1L, 0L, 
0L, 0L, 110L, 16L, 1L, 0L, 585L, 1L, 0L, 0L), .Dim = c(8L, 5L
), .Dimnames = structure(list(c("-1", "-2", "-3", "-4", "0", 
"1", "2", NA), c("A", "C", "G", "T", NA)), .Names = c("", "")), class = "table"), 
    AKMmono05_SNP1 = structure(c(930L, 151L, 21L, 2L, 4943L, 
    200L, 10L, 184L, 0L, 0L, 0L, 0L, 4L, 0L, 0L, 0L, 1L, 0L, 
    0L, 0L, 1L, 0L, 0L, 0L, 0L, 0L, 0L, 0L, 1L, 1L, 0L, 0L, 51L, 
    5L, 1L, 0L, 525L, 31L, 0L, 0L), .Dim = c(8L, 5L), .Dimnames = structure(list(
        c("-1", "-2", "-3", "-4", "0", "1", "2", NA), c("A", 
        "C", "G", "T", NA)), .Names = c("", "")), class = "table"), 
    AKMmono11_SNP1 = structure(c(0L, 0L, 0L, 7L, 2L, 0L, 0L, 
    0L, 0L, 2L, 0L, 0L, 0L, 0L, 0L, 0L, 0L, 0L, 0L, 1L, 0L, 0L, 
    0L, 0L, 1814L, 372L, 16L, 5700L, 585L, 20L, 0L, 470L, 224L, 
    17L, 0L, 866L, 133L, 3L, 1L, 0L), .Dim = c(8L, 5L), .Dimnames = structure(list(
        c("-1", "-2", "-3", "0", "1", "2", "3", NA), c("A", "C", 
        "G", "T", NA)), .Names = c("", "")), class = "table"), 
    AKMmono12_SNP1 = structure(c(0L, 0L, 0L, 0L, 3L, 0L, 0L, 
    0L, 1317L, 117L, 11L, 2L, 7677L, 221L, 10L, 108L, 2L, 0L, 
    0L, 0L, 1L, 0L, 0L, 0L, 0L, 0L, 0L, 0L, 3L, 0L, 0L, 1L, 30L, 
    4L, 0L, 0L, 578L, 5L, 0L, 0L), .Dim = c(8L, 5L), .Dimnames = structure(list(
        c("-1", "-2", "-3", "-4", "0", "1", "2", NA), c("A", 
        "C", "G", "T", NA)), .Names = c("", "")), class = "table"), 
    AKMmono13_SNP1 = structure(c(747L, 57L, 1L, 6006L, 146L, 
    4L, 107L, 0L, 0L, 0L, 2L, 0L, 0L, 0L, 19L, 2L, 0L, 426L, 
    13L, 0L, 0L), .Dim = c(7L, 3L), .Dimnames = structure(list(
        c("-1", "-2", "-3", "0", "1", "2", NA), c("A", "T", NA
        )), .Names = c("", "")), class = "table"), AKMmono16_SNP1 = structure(c(469L, 
    34L, 1L, 1L, 4364L, 78L, 1L, 63L, 0L, 0L, 0L, 0L, 2L, 0L, 
    0L, 0L, 17L, 2L, 0L, 0L, 309L, 4L, 0L, 0L), .Dim = c(8L, 
    3L), .Dimnames = structure(list(c("-1", "-2", "-3", "-4", 
    "0", "1", "2", NA), c("A", "C", NA)), .Names = c("", "")), class = "table"), 
    AKMmono22_SNP1 = structure(c(1692L, 417L, 84L, 4L, 2664L, 
    123L, 4L, 562L, 0L, 0L, 0L, 0L, 2L, 0L, 0L, 0L, 0L, 0L, 0L, 
    0L, 4L, 0L, 0L, 0L, 1L, 0L, 0L, 0L, 0L, 0L, 0L, 0L, 78L, 
    13L, 2L, 0L, 270L, 7L, 0L, 0L), .Dim = c(8L, 5L), .Dimnames = structure(list(
        c("-1", "-2", "-3", "-4", "0", "1", "2", NA), c("A", 
        "C", "G", "T", NA)), .Names = c("", "")), class = "table"), 
    EJmono05_SNP1 = structure(c(1L, 0L, 3L, 0L, 0L, 0L, 1186L, 
    88L, 3880L, 63L, 2L, 101L, 18L, 0L, 153L, 0L, 0L, 0L), .Dim = c(6L, 
    3L), .Dimnames = structure(list(c("-1", "-2", "0", "1", "2", 
    NA), c("A", "T", NA)), .Names = c("", "")), class = "table"), 
    EJmono16_SNP1 = structure(c(798L, 74L, 2L, 3372L, 109L, 9L, 
    525L, 0L, 0L, 0L, 0L, 1L, 0L, 0L, 7L, 0L, 0L, 80L, 0L, 0L, 
    0L), .Dim = c(7L, 3L), .Dimnames = structure(list(c("-1", 
    "-2", "-3", "0", "1", "2", NA), c("A", "T", NA)), .Names = c("", 
    "")), class = "table"), LMmono01_SNP1 = structure(c(492L, 
    26L, 3196L, 40L, 2L, 1L, 72L, 0L, 0L, 1L, 0L, 0L, 0L, 0L, 
    0L, 0L, 1L, 0L, 0L, 0L, 0L, 0L, 0L, 1L, 0L, 0L, 0L, 0L, 33L, 
    2L, 253L, 2L, 0L, 0L, 0L), .Dim = c(7L, 5L), .Dimnames = structure(list(
        c("-1", "-2", "0", "1", "2", "3", NA), c("A", "C", "G", 
        "T", NA)), .Names = c("", "")), class = "table"), LMmono03_SNP1 = structure(c(1048L, 
    309L, 44L, 6L, 2L, 1278L, 43L, 1L, 112L, 19L, 5L, 0L, 0L, 
    0L, 225L, 2L, 0L, 0L), .Dim = c(9L, 2L), .Dimnames = structure(list(
        c("-1", "-2", "-3", "-4", "-5", "0", "1", "2", NA), c("C", 
        NA)), .Names = c("", "")), class = "table"), LMmono09_SNP1 = structure(c(2L, 
    0L, 0L, 0L, 0L, 0L, 0L, 0L, 2344L, 450L, 83L, 1L, 3657L, 
    184L, 7L, 268L, 33L, 8L, 0L, 0L, 76L, 1L, 0L, 0L), .Dim = c(8L, 
    3L), .Dimnames = structure(list(c("-1", "-2", "-3", "-4", 
    "0", "1", "2", NA), c("A", "T", NA)), .Names = c("", "")), class = "table"), 
    LMmono12_SNP1 = structure(c(980L, 734L, 214L, 18L, 1559L, 
    115L, 6L, 183L, 0L, 0L, 0L, 0L, 1L, 0L, 0L, 0L, 0L, 0L, 0L, 
    0L, 0L, 0L, 0L, 1L, 46L, 25L, 2L, 0L, 210L, 5L, 2L, 0L), .Dim = c(8L, 
    4L), .Dimnames = structure(list(c("-1", "-2", "-3", "-4", 
    "0", "1", "2", NA), c("A", "G", "T", NA)), .Names = c("", 
    "")), class = "table"), LMmono16_SNP1 = structure(c(772L, 
    117L, 11L, 5525L, 175L, 9L, 1129L, 3L, 235L, 15L, 715L, 0L, 
    0L, 0L, 1L, 0L, 0L, 0L, 0L, 0L, 0L, 1L, 0L, 0L, 0L, 1L, 0L, 
    0L, 0L, 0L, 0L, 0L, 0L, 0L, 0L, 0L, 2L, 0L, 0L, 0L, 0L, 0L, 
    0L, 0L, 29L, 2L, 0L, 934L, 9L, 1L, 74L, 2L, 21L, 3L, 0L), .Dim = c(11L, 
    5L), .Dimnames = structure(list(c("-1", "-2", "-3", "0", 
    "1", "2", "3", "4", "5", "6", NA), c("A", "C", "G", "T", 
    NA)), .Names = c("", "")), class = "table"), MSJmono10_SNP1 = structure(c(2L, 
    0L, 0L, 8L, 1L, 0L, 0L, 2192L, 136L, 5L, 4246L, 142L, 5L, 
    125L, 0L, 0L, 0L, 1L, 0L, 0L, 0L, 84L, 1L, 0L, 249L, 9L, 
    1L, 0L), .Dim = c(7L, 4L), .Dimnames = structure(list(c("-1", 
    "-2", "-3", "0", "1", "2", NA), c("A", "C", "G", NA)), .Names = c("", 
    "")), class = "table"), MSJmono19ms1_SNP1 = structure(c(892L, 
    48L, 4L, 3933L, 105L, 3L, 368L, 1L, 0L, 0L, 11L, 0L, 0L, 
    1L, 0L, 0L, 0L, 5L, 1L, 0L, 0L, 74L, 4L, 1L, 588L, 10L, 0L, 
    0L), .Dim = c(7L, 4L), .Dimnames = structure(list(c("-1", 
    "-2", "-3", "0", "1", "2", NA), c("A", "C", "T", NA)), .Names = c("", 
    "")), class = "table"), MSJmono19ms2_SNP1 = structure(c(0L, 
    0L, 0L, 2L, 0L, 0L, 343L, 19L, 1L, 4972L, 60L, 62L, 6L, 1L, 
    0L, 419L, 0L, 0L), .Dim = c(6L, 3L), .Dimnames = structure(list(
        c("-1", "-2", "-3", "0", "1", NA), c("A", "C", NA)), .Names = c("", 
    "")), class = "table"), MSJmono36_SNP1 = structure(c(0L, 
    0L, 0L, 1L, 0L, 0L, 0L, 411L, 23L, 1L, 6074L, 131L, 3L, 107L, 
    5L, 1L, 0L, 228L, 0L, 0L, 0L), .Dim = c(7L, 3L), .Dimnames = structure(list(
        c("-1", "-2", "-3", "0", "1", "2", NA), c("A", "G", NA
        )), .Names = c("", "")), class = "table"), MSJmono44_SNP1 = structure(c(0L, 
    0L, 0L, 0L, 0L, 6L, 0L, 0L, 0L, 0L, 0L, 0L, 0L, 1L, 0L, 0L, 
    939L, 40L, 1L, 4L, 2L, 2231L, 30L, 30L, 32L, 2L, 0L, 0L, 
    0L, 132L, 0L, 0L), .Dim = c(8L, 4L), .Dimnames = structure(list(
        c("-1", "-2", "-3", "-4", "-6", "0", "1", NA), c("-", 
        "C", "T", NA)), .Names = c("", "")), class = "table"), 
    MSJmono46_SNP1 = structure(c(934L, 285L, 40L, 2L, 1043L, 
    62L, 1L, 129L, 120L, 11L, 1L, 0L, 312L, 18L, 0L, 0L), .Dim = c(8L, 
    2L), .Dimnames = structure(list(c("-1", "-2", "-3", "-4", 
    "0", "1", "2", NA), c("C", NA)), .Names = c("", "")), class = "table"), 
    LMmono04v2_SNP1 = structure(c(691L, 639L, 33L, 1504L, 75L, 
    3L, 72L, 0L, 0L, 0L, 1L, 0L, 0L, 0L, 18L, 7L, 0L, 100L, 5L, 
    0L, 0L), .Dim = c(7L, 3L), .Dimnames = structure(list(c("-1", 
    "-2", "-3", "0", "1", "2", NA), c("C", "T", NA)), .Names = c("", 
    "")), class = "table"), AKMmono01v2_SNP1 = structure(c(0L, 
    0L, 0L, 2L, 0L, 0L, 1L, 2L, 0L, 0L, 0L, 0L, 0L, 0L, 1199L, 
    1569L, 82L, 2297L, 437L, 28L, 183L, 62L, 48L, 2L, 216L, 20L, 
    4L, 0L), .Dim = c(7L, 4L), .Dimnames = structure(list(c("-1", 
    "-2", "-3", "0", "1", "2", NA), c("-", "C", "T", NA)), .Names = c("", 
    "")), class = "table"), AKMmono10v2_SNP1 = structure(c(692L, 
    14L, 1668L, 23L, 49L, 0L, 0L, 1L, 0L, 0L, 10L, 0L, 80L, 0L, 
    0L), .Dim = c(5L, 3L), .Dimnames = structure(list(c("-1", 
    "-2", "0", "1", NA), c("A", "G", NA)), .Names = c("", "")),