Result <-
list(AKMmono02_SNP1 = structure(c(0L, 0L, 0L, 2L, 0L, 0L, 0L, 
278L, 10L, 1L, 3681L, 91L, 1L, 61L, 5L, 1L, 0L, 191L, 2L, 0L, 
0L), .Dim = c(7L, 3L), .Dimnames = structure(list(c("-1", "-2", 
"-3", "0", "1", "2", NA), c("A", "T", NA)), .Names = c("", ""
)), class = "table"), AKMmono03_SNP1 = structure(c(556L, 95L, 
22L, 1L, 5345L, 91L, 2L, 80L, 0L, 0L, 0L, 0L, 1L, 0L, 0L, 0L, 
29L, 1L, 0L, 0L, 471L, 4L, 0L, 0L), .Dim = c(8L, 3L), .Dimnames = structure(list(
    c("-1", "-2", "-3", "-4", "0", "1", "2", NA), c("A", "T", 
    NA)), .Names = c("", "")), class = "table"), AKMmono05_SNP1 = structure(c(591L, 
74L, 13L, 1L, 4081L, 126L, 1L, 115L, 1L, 0L, 0L, 0L, 0L, 0L, 
0L, 0L, 0L, 0L, 0L, 0L, 1L, 0L, 0L, 0L, 30L, 1L, 0L, 1L, 414L, 
17L, 0L, 0L), .Dim = c(8L, 4L), .Dimnames = structure(list(c("-1", 
"-2", "-3", "-4", "0", "1", "2", NA), c("A", "C", "G", NA)), .Names = c("", 
"")), class = "table"), AKMmono11_SNP1 = structure(c(0L, 0L, 
0L, 5L, 0L, 0L, 0L, 0L, 0L, 1L, 0L, 0L, 551L, 46L, 1L, 5154L, 
85L, 113L, 51L, 3L, 0L, 770L, 20L, 0L), .Dim = c(6L, 4L), .Dimnames = structure(list(
    c("-1", "-2", "-3", "0", "1", NA), c("A", "C", "T", NA)), .Names = c("", 
"")), class = "table"), AKMmono12_SNP1 = structure(c(562L, 32L, 
1L, 3966L, 109L, 4L, 48L, 15L, 2L, 0L, 295L, 3L, 0L, 0L), .Dim = c(7L, 
2L), .Dimnames = structure(list(c("-1", "-2", "-3", "0", "1", 
"2", NA), c("C", NA)), .Names = c("", "")), class = "table"), 
    AKMmono13_SNP1 = structure(c(344L, 21L, 3L, 5737L, 133L, 
    4L, 1L, 74L, 0L, 0L, 0L, 4L, 0L, 0L, 0L, 0L, 11L, 0L, 0L, 
    410L, 8L, 0L, 0L, 0L), .Dim = c(8L, 3L), .Dimnames = structure(list(
        c("-1", "-2", "-3", "0", "1", "2", "3", NA), c("A", "T", 
        NA)), .Names = c("", "")), class = "table"), AKMmono16_SNP1 = structure(c(398L, 
    20L, 2L, 4504L, 72L, 47L, 0L, 0L, 0L, 1L, 0L, 0L, 0L, 0L, 
    0L, 1L, 0L, 0L, 1L, 0L, 0L, 2L, 0L, 0L, 10L, 0L, 0L, 310L, 
    3L, 0L), .Dim = 6:5, .Dimnames = structure(list(c("-1", "-2", 
    "-3", "0", "1", NA), c("A", "C", "G", "T", NA)), .Names = c("", 
    "")), class = "table"), AKMmono22_SNP1 = structure(c(504L, 
    76L, 10L, 2L, 1L, 3381L, 163L, 11L, 1L, 244L, 0L, 0L, 0L, 
    0L, 0L, 0L, 0L, 0L, 0L, 1L, 22L, 2L, 0L, 0L, 0L, 344L, 12L, 
    0L, 0L, 0L), .Dim = c(10L, 3L), .Dimnames = structure(list(
        c("-1", "-2", "-3", "-4", "-5", "0", "1", "2", "3", NA
        ), c("A", "G", NA)), .Names = c("", "")), class = "table"), 
    EJmono05_SNP1 = structure(c(0L, 0L, 0L, 1L, 0L, 0L, 0L, 0L, 
    0L, 1L, 0L, 0L, 447L, 37L, 1L, 3860L, 78L, 62L, 6L, 0L, 0L, 
    185L, 1L, 0L), .Dim = c(6L, 4L), .Dimnames = structure(list(
        c("-1", "-2", "-3", "0", "1", NA), c("A", "G", "T", NA
        )), .Names = c("", "")), class = "table"), EJmono16_SNP1 = structure(c(177L, 
    14L, 3476L, 139L, 2L, 228L, 0L, 0L, 0L, 0L, 0L, 1L, 2L, 1L, 
    72L, 4L, 0L, 0L), .Dim = c(6L, 3L), .Dimnames = structure(list(
        c("-1", "-2", "0", "1", "2", NA), c("A", "T", NA)), .Names = c("", 
    "")), class = "table"), LMmono01_SNP1 = structure(c(249L, 
    14L, 1L, 9L, 2786L, 47L, 36L, 1L, 0L, 0L, 0L, 0L, 0L, 0L, 
    0L, 0L, 0L, 0L, 2L, 0L, 0L, 12L, 0L, 0L, 0L, 204L, 4L, 0L
    ), .Dim = c(7L, 4L), .Dimnames = structure(list(c("-1", "-2", 
    "-3", "-5", "0", "1", NA), c("A", "G", "T", NA)), .Names = c("", 
    "")), class = "table"), LMmono03_SNP1 = structure(c(1L, 0L, 
    0L, 0L, 0L, 0L, 0L, 0L, 1L, 498L, 60L, 5L, 2L, 1L, 2109L, 
    53L, 3L, 61L, 20L, 3L, 1L, 0L, 0L, 343L, 2L, 0L, 0L), .Dim = c(9L, 
    3L), .Dimnames = structure(list(c("-1", "-2", "-3", "-4", 
    "-5", "0", "1", "2", NA), c("A", "C", NA)), .Names = c("", 
    "")), class = "table"), LMmono09_SNP1 = structure(c(1232L, 
    166L, 18L, 1L, 2L, 7395L, 324L, 14L, 222L, 10L, 3L, 0L, 0L, 
    0L, 120L, 5L, 0L, 0L), .Dim = c(9L, 2L), .Dimnames = structure(list(
        c("-1", "-2", "-3", "-4", "-5", "0", "1", "2", NA), c("T", 
        NA)), .Names = c("", "")), class = "table"), LMmono12_SNP1 = structure(c(536L, 
    52L, 2L, 3015L, 202L, 13L, 115L, 0L, 0L, 0L, 1L, 0L, 0L, 
    0L, 20L, 1L, 0L, 327L, 11L, 3L, 0L), .Dim = c(7L, 3L), .Dimnames = structure(list(
        c("-1", "-2", "-3", "0", "1", "2", NA), c("A", "T", NA
        )), .Names = c("", "")), class = "table"), LMmono16_SNP1 = structure(c(861L, 
    71L, 5L, 3663L, 280L, 21L, 2L, 179L, 0L, 0L, 0L, 0L, 1L, 
    0L, 0L, 0L, 0L, 0L, 0L, 2L, 0L, 0L, 0L, 0L, 26L, 3L, 0L, 
    555L, 14L, 2L, 1L, 0L), .Dim = c(8L, 4L), .Dimnames = structure(list(
        c("-1", "-2", "-3", "0", "1", "2", "3", NA), c("A", "G", 
        "T", NA)), .Names = c("", "")), class = "table"), MSJmono10_SNP1 = structure(c(0L, 
    0L, 1L, 0L, 0L, 0L, 218L, 7L, 3964L, 124L, 4L, 40L, 0L, 0L, 
    1L, 0L, 0L, 0L, 10L, 0L, 232L, 6L, 1L, 0L), .Dim = c(6L, 
    4L), .Dimnames = structure(list(c("-1", "-2", "0", "1", "2", 
    NA), c("A", "C", "T", NA)), .Names = c("", "")), class = "table"), 
    MSJmono19ms1_SNP1 = structure(c(160L, 10L, 1L, 4155L, 81L, 
    1L, 173L, 0L, 0L, 0L, 9L, 1L, 0L, 0L, 0L, 0L, 0L, 1L, 0L, 
    0L, 0L, 0L, 0L, 0L, 4L, 0L, 0L, 1L, 22L, 2L, 1L, 648L, 15L, 
    1L, 0L), .Dim = c(7L, 5L), .Dimnames = structure(list(c("-1", 
    "-2", "-4", "0", "1", "2", NA), c("A", "C", "G", "T", NA)), .Names = c("", 
    "")), class = "table"), MSJmono19ms2_SNP1 = structure(c(253L, 
    2L, 4308L, 55L, 1L, 66L, 0L, 0L, 1L, 0L, 0L, 0L, 6L, 0L, 
    357L, 2L, 0L, 0L), .Dim = c(6L, 3L), .Dimnames = structure(list(
        c("-1", "-2", "0", "1", "2", NA), c("C", "T", NA)), .Names = c("", 
    "")), class = "table"), MSJmono36_SNP1 = structure(c(0L, 
    0L, 0L, 2L, 0L, 0L, 0L, 0L, 0L, 0L, 2L, 0L, 0L, 0L, 314L, 
    9L, 1L, 4528L, 110L, 4L, 84L, 0L, 0L, 0L, 1L, 0L, 0L, 0L, 
    2L, 0L, 0L, 123L, 1L, 0L, 0L), .Dim = c(7L, 5L), .Dimnames = structure(list(
        c("-1", "-2", "-3", "0", "1", "2", NA), c("A", "C", "G", 
        "T", NA)), .Names = c("", "")), class = "table"), MSJmono44_SNP1 = structure(c(0L, 
    0L, 1L, 0L, 0L, 0L, 0L, 0L, 1L, 0L, 0L, 0L, 148L, 8L, 2580L, 
    57L, 3L, 15L, 4L, 0L, 155L, 2L, 0L, 0L), .Dim = c(6L, 4L), .Dimnames = structure(list(
        c("-1", "-2", "0", "1", "2", NA), c("A", "C", "T", NA
        )), .Names = c("", "")), class = "table"), MSJmono46_SNP1 = structure(c(0L, 
    0L, 0L, 1L, 0L, 0L, 0L, 415L, 40L, 3L, 2149L, 147L, 8L, 91L, 
    0L, 0L, 0L, 1L, 0L, 0L, 0L, 62L, 1L, 0L, 615L, 28L, 2L, 0L
    ), .Dim = c(7L, 4L), .Dimnames = structure(list(c("-1", "-2", 
    "-3", "0", "1", "2", NA), c("A", "C", "T", NA)), .Names = c("", 
    "")), class = "table"), LMmono04v2_SNP1 = structure(c(0L, 
    0L, 1L, 0L, 0L, 0L, 364L, 15L, 2893L, 127L, 4L, 25L, 0L, 
    0L, 1L, 0L, 0L, 0L, 7L, 0L, 186L, 7L, 1L, 0L), .Dim = c(6L, 
    4L), .Dimnames = structure(list(c("-1", "-2", "0", "1", "2", 
    NA), c("A", "C", "T", NA)), .Names = c("", "")), class = "table"), 
    AKMmono01v2_SNP1 = structure(c(1L, 0L, 0L, 1L, 0L, 0L, 0L, 
    0L, 262L, 16L, 4L, 3483L, 59L, 2L, 0L, 29L, 15L, 0L, 0L, 
    291L, 5L, 0L, 1L, 0L), .Dim = c(8L, 3L), .Dimnames = structure(list(
        c("-1", "-2", "-3", "0", "1", "2", "3", NA), c("C", "T", 
        NA)), .Names = c("", "")), class = "table"), AKMmono10v2_SNP1 = structure(c(50L, 
    2L, 1281L, 20L, 11L, 45L, 0L, 1360L, 14L, 7L, 0L, 0L, 127L, 
    2L, 0L), .Dim = c(5L, 3L), .Dimnames = structure(list(c("-1", 
    "-2", "0", "1", NA), c("A", "G", NA)), .Names = c("", "")), class = "table"), 
    AKMmono17v2_SNP1 = structure(c(3L, 0L, 18L, 0L, 0L, 1L, 71L, 
    3L, 1464L, 36L, 1L, 12L, 0L, 0L, 1L, 0L, 0L, 0L, 1L, 0L, 
    64L, 1L, 0L, 0L), .Dim = c(6L, 4L), .Dimnames = structure(list(
        c("-1", "-2", "0", "1", "2", NA), c("A", "C", "T", NA
        )), .Names = c("", "")), class = "table"), EJmono13v2_SNP1 = structure(c(0L, 
    0L, 1L, 0L, 0L, 0L, 132L, 7L, 1851L, 47L, 0L, 11L, 0L, 0L, 
    1L, 0L, 0L, 0L, 6L, 0L, 144L, 1L, 2L, 0L), .Dim = c(6L, 4L
    ),