Result <-
list(AKMmono02_SNP1 = structure(c(0L, 0L, 0L, 1L, 0L, 0L, 0L, 
293L, 15L, 2L, 3697L, 88L, 1L, 57L, 3L, 0L, 0L, 137L, 2L, 0L, 
0L), .Dim = c(7L, 3L), .Dimnames = structure(list(c("-1", "-2", 
"-3", "0", "1", "2", NA), c("A", "T", NA)), .Names = c("", ""
)), class = "table"), AKMmono03_SNP1 = structure(c(1L, 0L, 0L, 
0L, 0L, 0L, 0L, 0L, 725L, 421L, 35L, 7L, 5301L, 81L, 2L, 122L, 
0L, 0L, 0L, 0L, 5L, 0L, 0L, 1L, 28L, 16L, 1L, 0L, 512L, 7L, 0L, 
0L), .Dim = c(8L, 4L), .Dimnames = structure(list(c("-1", "-2", 
"-3", "-4", "0", "1", "2", NA), c("-", "A", "C", NA)), .Names = c("", 
"")), class = "table"), AKMmono05_SNP1 = structure(c(711L, 91L, 
10L, 3657L, 153L, 4L, 107L, 1L, 0L, 0L, 0L, 0L, 0L, 0L, 1L, 0L, 
0L, 1L, 0L, 0L, 0L, 49L, 4L, 0L, 402L, 19L, 1L, 0L), .Dim = c(7L, 
4L), .Dimnames = structure(list(c("-1", "-2", "-3", "0", "1", 
"2", NA), c("A", "C", "T", NA)), .Names = c("", "")), class = "table"), 
    AKMmono11_SNP1 = structure(c(0L, 0L, 0L, 6L, 0L, 0L, 0L, 
    0L, 0L, 0L, 1L, 0L, 0L, 0L, 696L, 51L, 3L, 4781L, 59L, 2L, 
    130L, 87L, 1L, 0L, 771L, 16L, 0L, 0L), .Dim = c(7L, 4L), .Dimnames = structure(list(
        c("-1", "-2", "-3", "0", "1", "2", NA), c("A", "C", "T", 
        NA)), .Names = c("", "")), class = "table"), AKMmono12_SNP1 = structure(c(0L, 
    0L, 0L, 1L, 0L, 0L, 0L, 0L, 779L, 57L, 5L, 3627L, 86L, 0L, 
    1L, 55L, 18L, 1L, 0L, 265L, 5L, 1L, 0L, 0L), .Dim = c(8L, 
    3L), .Dimnames = structure(list(c("-1", "-2", "-3", "0", 
    "1", "2", "4", NA), c("A", "C", NA)), .Names = c("", "")), class = "table"), 
    AKMmono13_SNP1 = structure(c(420L, 43L, 1L, 5230L, 118L, 
    68L, 0L, 0L, 0L, 1L, 0L, 0L, 1L, 0L, 0L, 1L, 0L, 0L, 0L, 
    0L, 0L, 1L, 0L, 0L, 12L, 1L, 0L, 360L, 7L, 0L), .Dim = 6:5, .Dimnames = structure(list(
        c("-1", "-2", "-3", "0", "1", NA), c("A", "C", "G", "T", 
        NA)), .Names = c("", "")), class = "table"), AKMmono16_SNP1 = structure(c(558L, 
    57L, 2L, 2L, 4259L, 74L, 3L, 43L, 25L, 2L, 0L, 0L, 274L, 
    4L, 0L, 0L), .Dim = c(8L, 2L), .Dimnames = structure(list(
        c("-1", "-2", "-3", "-4", "0", "1", "2", NA), c("A", 
        NA)), .Names = c("", "")), class = "table"), AKMmono22_SNP1 = structure(c(353L, 
    277L, 60L, 6L, 2782L, 111L, 5L, 199L, 1L, 0L, 0L, 0L, 1L, 
    0L, 0L, 0L, 0L, 0L, 0L, 0L, 2L, 0L, 0L, 0L, 19L, 9L, 1L, 
    0L, 322L, 6L, 0L, 0L), .Dim = c(8L, 4L), .Dimnames = structure(list(
        c("-1", "-2", "-3", "-4", "0", "1", "2", NA), c("A", 
        "G", "T", NA)), .Names = c("", "")), class = "table"), 
    EJmono05_SNP1 = structure(c(420L, 30L, 3980L, 65L, 54L, 12L, 
    0L, 179L, 2L, 0L), .Dim = c(5L, 2L), .Dimnames = structure(list(
        c("-1", "-2", "0", "1", NA), c("T", NA)), .Names = c("", 
    "")), class = "table"), EJmono16_SNP1 = structure(c(267L, 
    83L, 1L, 1L, 3158L, 112L, 6L, 1L, 268L, 0L, 0L, 0L, 0L, 1L, 
    0L, 0L, 0L, 0L, 0L, 0L, 0L, 0L, 1L, 0L, 0L, 0L, 0L, 3L, 1L, 
    0L, 0L, 64L, 3L, 0L, 0L, 0L), .Dim = c(9L, 4L), .Dimnames = structure(list(
        c("-1", "-2", "-3", "-4", "0", "1", "2", "3", NA), c("A", 
        "C", "G", NA)), .Names = c("", "")), class = "table"), 
    LMmono01_SNP1 = structure(c(400L, 25L, 1L, 2803L, 36L, 2L, 
    75L, 0L, 0L, 0L, 1L, 0L, 0L, 0L, 0L, 0L, 0L, 1L, 0L, 0L, 
    0L, 1L, 0L, 0L, 1L, 0L, 0L, 0L, 21L, 0L, 0L, 196L, 2L, 0L, 
    0L), .Dim = c(7L, 5L), .Dimnames = structure(list(c("-1", 
    "-2", "-3", "0", "1", "2", NA), c("A", "C", "G", "T", NA)), .Names = c("", 
    "")), class = "table"), LMmono03_SNP1 = structure(c(0L, 0L, 
    0L, 0L, 1L, 0L, 0L, 0L, 450L, 121L, 33L, 4L, 1772L, 43L, 
    0L, 79L, 0L, 0L, 0L, 0L, 1L, 0L, 0L, 0L, 10L, 8L, 1L, 1L, 
    302L, 0L, 1L, 0L), .Dim = c(8L, 4L), .Dimnames = structure(list(
        c("-1", "-2", "-3", "-4", "0", "1", "2", NA), c("A", 
        "C", "T", NA)), .Names = c("", "")), class = "table"), 
    LMmono09_SNP1 = structure(c(1807L, 236L, 13L, 1L, 6398L, 
    326L, 12L, 1L, 255L, 29L, 9L, 1L, 0L, 129L, 2L, 0L, 0L, 0L
    ), .Dim = c(9L, 2L), .Dimnames = structure(list(c("-1", "-2", 
    "-3", "-4", "0", "1", "2", "3", NA), c("T", NA)), .Names = c("", 
    "")), class = "table"), LMmono12_SNP1 = structure(c(622L, 
    74L, 6L, 2853L, 172L, 10L, 106L, 22L, 3L, 0L, 337L, 4L, 0L, 
    0L), .Dim = c(7L, 2L), .Dimnames = structure(list(c("-1", 
    "-2", "-3", "0", "1", "2", NA), c("A", NA)), .Names = c("", 
    "")), class = "table"), LMmono16_SNP1 = structure(c(9L, 1L, 
    5L, 2L, 2L, 3646L, 101L, 642L, 1L, 240L, 16L, 2L, 1L, 429L, 
    0L, 0L, 0L, 0L, 0L, 3L, 0L, 0L, 0L, 0L, 0L, 0L, 0L, 0L, 1L, 
    0L, 0L, 0L, 0L, 575L, 0L, 47L, 1L, 31L, 1L, 0L, 0L, 0L), .Dim = c(14L, 
    3L), .Dimnames = structure(list(c("-1", "-2", "-3", "-4", 
    "-5", "0", "1", "3", "4", "5", "6", "7", "8", NA), c("A", 
    "C", NA)), .Names = c("", "")), class = "table"), MSJmono10_SNP1 = structure(c(191L, 
    8L, 1L, 4040L, 119L, 3L, 21L, 4L, 0L, 0L, 238L, 16L, 0L, 
    0L), .Dim = c(7L, 2L), .Dimnames = structure(list(c("-1", 
    "-2", "-3", "0", "1", "2", NA), c("C", NA)), .Names = c("", 
    "")), class = "table"), MSJmono19ms1_SNP1 = structure(c(143L, 
    9L, 3L, 3951L, 67L, 3L, 158L, 0L, 0L, 0L, 12L, 0L, 0L, 1L, 
    0L, 0L, 0L, 1L, 0L, 0L, 0L, 0L, 0L, 0L, 1L, 0L, 0L, 0L, 15L, 
    0L, 0L, 635L, 12L, 1L, 0L), .Dim = c(7L, 5L), .Dimnames = structure(list(
        c("-1", "-2", "-3", "0", "1", "2", NA), c("A", "C", "G", 
        "T", NA)), .Names = c("", "")), class = "table"), MSJmono19ms2_SNP1 = structure(c(269L, 
    4L, 4008L, 48L, 2L, 73L, 4L, 0L, 324L, 1L, 0L, 0L), .Dim = c(6L, 
    2L), .Dimnames = structure(list(c("-1", "-2", "0", "1", "2", 
    NA), c("C", NA)), .Names = c("", "")), class = "table"), 
    MSJmono36_SNP1 = structure(c(0L, 0L, 0L, 1L, 0L, 0L, 0L, 
    268L, 13L, 1L, 4190L, 96L, 3L, 92L, 0L, 0L, 0L, 1L, 0L, 0L, 
    0L, 2L, 0L, 0L, 133L, 0L, 0L, 0L), .Dim = c(7L, 4L), .Dimnames = structure(list(
        c("-1", "-2", "-3", "0", "1", "2", NA), c("A", "G", "T", 
        NA)), .Names = c("", "")), class = "table"), MSJmono44_SNP1 = structure(c(255L, 
    4L, 2342L, 41L, 18L, 7L, 1L, 109L, 2L, 0L), .Dim = c(5L, 
    2L), .Dimnames = structure(list(c("-1", "-2", "0", "1", NA
    ), c("T", NA)), .Names = c("", "")), class = "table"), MSJmono46_SNP1 = structure(c(491L, 
    53L, 6L, 2L, 1813L, 112L, 9L, 75L, 0L, 0L, 0L, 0L, 2L, 0L, 
    0L, 0L, 66L, 0L, 0L, 0L, 523L, 20L, 1L, 0L), .Dim = c(8L, 
    3L), .Dimnames = structure(list(c("-1", "-2", "-3", "-4", 
    "0", "1", "2", NA), c("C", "T", NA)), .Names = c("", "")), class = "table"), 
    LMmono04v2_SNP1 = structure(c(0L, 0L, 0L, 1L, 0L, 0L, 0L, 
    209L, 20L, 1L, 1630L, 70L, 5L, 19L, 0L, 0L, 0L, 1L, 0L, 0L, 
    0L, 150L, 9L, 0L, 1325L, 45L, 2L, 13L, 12L, 0L, 0L, 174L, 
    8L, 0L, 0L), .Dim = c(7L, 5L), .Dimnames = structure(list(
        c("-1", "-2", "-3", "0", "1", "2", NA), c("A", "C", "G", 
        "T", NA)), .Names = c("", "")), class = "table"), AKMmono01v2_SNP1 = structure(c(0L, 
    1L, 0L, 0L, 0L, 0L, 472L, 61L, 12L, 3327L, 65L, 27L, 25L, 
    1L, 0L, 300L, 4L, 0L), .Dim = c(6L, 3L), .Dimnames = structure(list(
        c("-1", "-2", "-3", "0", "1", NA), c("A", "T", NA)), .Names = c("", 
    "")), class = "table"), AKMmono10v2_SNP1 = structure(c(242L, 
    10L, 2L, 2386L, 28L, 25L, 0L, 0L, 0L, 1L, 0L, 0L, 0L, 0L, 
    0L, 2L, 0L, 0L, 1L, 0L, 0L, 104L, 0L, 0L), .Dim = c(6L, 4L
    ), .Dimnames = structure(list(c("-1", "-2", "-3", "0", "1", 
    NA), c("A", "G", "T", NA)), .Names = c("", "")), class = "table"), 
    AKMmono17v2_SNP1 = structure(c(1L, 0L, 7L, 0L, 0L, 217L, 
    19L, 903L, 26L, 20L, 4L, 0L, 40L, 1L, 0L), .Dim = c(5L, 3L
    ), .Dimnames = structure(list(c("-1", "-2", "0", "1", NA), 
        c("A", "C", NA)), .Names = c("", "")), class = "table"), 
    EJmono13v2_SNP1 = structure(c(0L, 0L, 3L, 0L, 0L, 0L, 152L, 
    1L, 2233L, 61L, 1L, 9L, 1L, 0L, 0L, 0L, 0L, 0L, 8L, 0L, 180L, 
    6L, 0L, 0L), .Dim = c(6L, 4L),