Result <-
list(AKMmono02_SNP1 = structure(c(0L, 0L, 0L, 0L, 2L, 0L, 0L, 
0L, 0L, 0L, 0L, 0L, 1L, 0L, 0L, 0L, 0L, 0L, 0L, 0L, 1L, 0L, 0L, 
0L, 618L, 756L, 25L, 1L, 4402L, 130L, 2L, 180L, 16L, 35L, 0L, 
0L, 166L, 1L, 0L, 0L), .Dim = c(8L, 5L), .Dimnames = structure(list(
    c("-1", "-2", "-3", "-4", "0", "1", "2", NA), c("A", "C", 
    "G", "T", NA)), .Names = c("", "")), class = "table"), AKMmono03_SNP1 = structure(c(1819L, 
432L, 79L, 3L, 7696L, 120L, 2L, 228L, 0L, 0L, 0L, 0L, 5L, 0L, 
0L, 0L, 96L, 20L, 3L, 0L, 736L, 6L, 0L, 0L), .Dim = c(8L, 3L), .Dimnames = structure(list(
    c("-1", "-2", "-3", "-4", "0", "1", "2", NA), c("A", "C", 
    NA)), .Names = c("", "")), class = "table"), AKMmono05_SNP1 = structure(c(1629L, 
602L, 83L, 7L, 4304L, 160L, 3L, 212L, 0L, 0L, 0L, 0L, 6L, 0L, 
0L, 0L, 0L, 0L, 0L, 0L, 1L, 0L, 0L, 0L, 0L, 0L, 0L, 0L, 2L, 0L, 
0L, 0L, 95L, 30L, 1L, 0L, 481L, 22L, 0L, 0L), .Dim = c(8L, 5L
), .Dimnames = structure(list(c("-1", "-2", "-3", "-4", "0", 
"1", "2", NA), c("A", "C", "G", "T", NA)), .Names = c("", "")), class = "table"), 
    AKMmono11_SNP1 = structure(c(0L, 2L, 0L, 0L, 3L, 0L, 0L, 
    0L, 1L, 0L, 0L, 0L, 0L, 1L, 0L, 0L, 0L, 0L, 930L, 1188L, 
    60L, 4L, 6026L, 126L, 0L, 0L, 278L, 105L, 62L, 0L, 0L, 947L, 
    25L, 1L, 1L, 0L), .Dim = c(9L, 4L), .Dimnames = structure(list(
        c("-1", "-2", "-3", "-4", "0", "1", "2", "5", NA), c("A", 
        "C", "T", NA)), .Names = c("", "")), class = "table"), 
    AKMmono12_SNP1 = structure(c(0L, 0L, 0L, 1L, 0L, 0L, 0L, 
    1700L, 201L, 8L, 5877L, 160L, 6L, 129L, 0L, 0L, 0L, 1L, 0L, 
    0L, 0L, 0L, 0L, 0L, 2L, 0L, 0L, 0L, 38L, 4L, 1L, 411L, 7L, 
    0L, 0L), .Dim = c(7L, 5L), .Dimnames = structure(list(c("-1", 
    "-2", "-3", "0", "1", "2", NA), c("A", "C", "G", "T", NA)), .Names = c("", 
    "")), class = "table"), AKMmono13_SNP1 = structure(c(1171L, 
    348L, 24L, 6142L, 181L, 5L, 1L, 158L, 0L, 0L, 0L, 2L, 0L, 
    0L, 0L, 0L, 40L, 10L, 1L, 426L, 11L, 0L, 0L, 0L), .Dim = c(8L, 
    3L), .Dimnames = structure(list(c("-1", "-2", "-3", "0", 
    "1", "2", "3", NA), c("A", "T", NA)), .Names = c("", "")), class = "table"), 
    AKMmono16_SNP1 = structure(c(933L, 242L, 13L, 4229L, 69L, 
    3L, 88L, 0L, 0L, 0L, 1L, 0L, 0L, 0L, 29L, 7L, 0L, 259L, 7L, 
    0L, 0L), .Dim = c(7L, 3L), .Dimnames = structure(list(c("-1", 
    "-2", "-3", "0", "1", "2", NA), c("A", "T", NA)), .Names = c("", 
    "")), class = "table"), AKMmono22_SNP1 = structure(c(700L, 
    387L, 634L, 70L, 4L, 2L, 3656L, 191L, 10L, 1L, 452L, 1L, 
    0L, 0L, 0L, 0L, 0L, 0L, 0L, 0L, 0L, 0L, 0L, 0L, 0L, 0L, 0L, 
    0L, 3L, 0L, 0L, 0L, 0L, 31L, 16L, 22L, 3L, 0L, 0L, 449L, 
    9L, 0L, 0L, 0L), .Dim = c(11L, 4L), .Dimnames = structure(list(
        c("-1", "-2", "-3", "-4", "-5", "-6", "0", "1", "2", 
        "3", NA), c("A", "G", "T", NA)), .Names = c("", "")), class = "table"), 
    EJmono05_SNP1 = structure(c(1L, 0L, 0L, 0L, 0L, 0L, 0L, 633L, 
    37L, 5L, 4313L, 100L, 4L, 73L, 14L, 2L, 0L, 200L, 0L, 0L, 
    0L), .Dim = c(7L, 3L), .Dimnames = structure(list(c("-1", 
    "-2", "-3", "0", "1", "2", NA), c("A", "T", NA)), .Names = c("", 
    "")), class = "table"), EJmono16_SNP1 = structure(c(619L, 
    103L, 30L, 5078L, 669L, 60L, 14L, 1L, 989L, 0L, 0L, 0L, 0L, 
    0L, 0L, 0L, 0L, 2L, 7L, 0L, 1L, 153L, 7L, 1L, 0L, 0L, 0L), .Dim = c(9L, 
    3L), .Dimnames = structure(list(c("-1", "-2", "-3", "0", 
    "1", "2", "3", "4", NA), c("A", "T", NA)), .Names = c("", 
    "")), class = "table"), LMmono01_SNP1 = structure(c(1431L, 
    170L, 6L, 3604L, 92L, 199L, 51L, 1L, 0L, 289L, 7L, 0L), .Dim = c(6L, 
    2L), .Dimnames = structure(list(c("-1", "-2", "-3", "0", 
    "1", NA), c("A", NA)), .Names = c("", "")), class = "table"), 
    LMmono03_SNP1 = structure(c(0L, 0L, 0L, 0L, 0L, 3L, 0L, 0L, 
    0L, 538L, 343L, 215L, 27L, 9L, 1642L, 51L, 3L, 103L, 0L, 
    1L, 0L, 0L, 0L, 1L, 0L, 0L, 0L, 12L, 11L, 1L, 1L, 0L, 239L, 
    0L, 0L, 0L), .Dim = c(9L, 4L), .Dimnames = structure(list(
        c("-1", "-2", "-3", "-4", "-5", "0", "1", "2", NA), c("A", 
        "C", "T", NA)), .Names = c("", "")), class = "table"), 
    LMmono09_SNP1 = structure(c(0L, 0L, 0L, 0L, 0L, 1L, 0L, 0L, 
    0L, 3372L, 1195L, 276L, 137L, 2L, 7525L, 326L, 14L, 643L, 
    26L, 11L, 1L, 0L, 0L, 139L, 0L, 0L, 0L), .Dim = c(9L, 3L), .Dimnames = structure(list(
        c("-1", "-2", "-3", "-4", "-5", "0", "1", "2", NA), c("C", 
        "T", NA)), .Names = c("", "")), class = "table"), LMmono12_SNP1 = structure(c(767L, 
    114L, 24L, 3L, 2958L, 200L, 12L, 154L, 0L, 0L, 0L, 0L, 1L, 
    0L, 0L, 0L, 30L, 1L, 1L, 0L, 400L, 5L, 2L, 0L), .Dim = c(8L, 
    3L), .Dimnames = structure(list(c("-1", "-2", "-3", "-4", 
    "0", "1", "2", NA), c("A", "G", NA)), .Names = c("", "")), class = "table"), 
    LMmono16_SNP1 = structure(c(1138L, 675L, 211L, 37L, 4L, 3625L, 
    250L, 24L, 1L, 270L, 0L, 0L, 0L, 0L, 0L, 1L, 0L, 0L, 0L, 
    0L, 34L, 24L, 5L, 1L, 0L, 558L, 16L, 2L, 0L, 0L), .Dim = c(10L, 
    3L), .Dimnames = structure(list(c("-1", "-2", "-3", "-4", 
    "-5", "0", "1", "2", "3", NA), c("A", "G", NA)), .Names = c("", 
    "")), class = "table"), MSJmono10_SNP1 = structure(c(550L, 
    23L, 1L, 5210L, 196L, 7L, 50L, 19L, 2L, 0L, 329L, 8L, 0L, 
    0L), .Dim = c(7L, 2L), .Dimnames = structure(list(c("-1", 
    "-2", "-3", "0", "1", "2", NA), c("C", NA)), .Names = c("", 
    "")), class = "table"), MSJmono19ms1_SNP1 = structure(c(789L, 
    832L, 169L, 15L, 5846L, 119L, 1L, 660L, 2L, 0L, 0L, 0L, 18L, 
    0L, 0L, 0L, 0L, 0L, 0L, 0L, 2L, 0L, 0L, 0L, 0L, 0L, 0L, 0L, 
    1L, 0L, 0L, 1L, 71L, 60L, 9L, 2L, 900L, 20L, 0L, 0L), .Dim = c(8L, 
    5L), .Dimnames = structure(list(c("-1", "-2", "-3", "-4", 
    "0", "1", "2", NA), c("A", "C", "G", "T", NA)), .Names = c("", 
    "")), class = "table"), MSJmono19ms2_SNP1 = structure(c(0L, 
    0L, 1L, 0L, 0L, 0L, 1444L, 43L, 7024L, 84L, 1L, 209L, 0L, 
    0L, 1L, 0L, 0L, 0L, 20L, 1L, 563L, 0L, 0L, 0L), .Dim = c(6L, 
    4L), .Dimnames = structure(list(c("-1", "-2", "0", "1", "2", 
    NA), c("A", "C", "T", NA)), .Names = c("", "")), class = "table"), 
    MSJmono36_SNP1 = structure(c(0L, 0L, 0L, 0L, 1L, 0L, 0L, 
    0L, 573L, 198L, 1404L, 41L, 6323L, 141L, 4L, 337L, 0L, 0L, 
    1L, 0L, 0L, 0L, 0L, 0L, 6L, 3L, 15L, 1L, 206L, 4L, 0L, 0L
    ), .Dim = c(8L, 4L), .Dimnames = structure(list(c("-1", "-2", 
    "-3", "-4", "0", "1", "2", NA), c("A", "G", "T", NA)), .Names = c("", 
    "")), class = "table"), MSJmono44_SNP1 = structure(c(11L, 
    0L, 0L, 0L, 0L, 0L, 3L, 0L, 0L, 0L, 0L, 1L, 0L, 0L, 0L, 0L, 
    4L, 0L, 0L, 0L, 0L, 0L, 0L, 0L, 0L, 0L, 0L, 0L, 0L, 0L, 1L, 
    0L, 0L, 6L, 1L, 0L, 923L, 847L, 15L, 4L, 0L, 1L, 3803L, 71L, 
    2L, 0L, 0L, 56L, 30L, 26L, 1L, 0L, 0L, 0L, 187L, 1L, 0L, 
    0L, 0L, 0L), .Dim = c(12L, 5L), .Dimnames = structure(list(
        c("-1", "-2", "-3", "-4", "-5", "-6", "0", "1", "2", 
        "4", "5", NA), c("-", "A", "C", "T", NA)), .Names = c("", 
    "")), class = "table"), MSJmono46_SNP1 = structure(c(1L, 
    0L, 0L, 0L, 0L, 1L, 0L, 0L, 0L, 760L, 127L, 32L, 14L, 1L, 
    2437L, 231L, 16L, 135L, 0L, 0L, 0L, 0L, 0L, 1L, 0L, 0L, 0L, 
    106L, 10L, 4L, 0L, 0L, 696L, 41L, 4L, 0L), .Dim = c(9L, 4L
    ), .Dimnames = structure(list(c("-1", "-2", "-3", "-4", "-5", 
    "0", "1", "2", NA), c("A", "C", "G", NA)), .Names = c("", 
    "")), class = "table"), LMmono04v2_SNP1 = structure(c(659L, 
    92L, 19L, 1884L, 129L, 7L, 49L, 19L, 1L, 0L, 103L, 5L, 0L, 
    0L), .Dim = c(7L, 2L), .Dimnames = structure(list(c("-1", 
    "-2", "-3", "0", "1", "2", NA), c("C", NA)), .Names = c("", 
    "")), class = "table"), AKMmono01v2_SNP1 = structure(c(5L, 
    0L, 0L, 0L, 0L, 0L, 0L, 782L, 119L, 5L, 2876L, 56L, 1L, 64L, 
    51L, 1L, 0L, 225L, 4L, 0L, 0L), .Dim = c(7L, 3L), .Dimnames = structure(list(
        c("-1", "-2", "-3", "0", "1", "2", NA), c("C", "T", NA
        )), .Names = c("", "")), class = "table"),