Result <-
list(AKMmono02_SNP1 = structure(c(0L, 0L, 0L, 0L, 1L, 0L, 0L, 
0L, 240L, 210L, 312L, 3L, 1847L, 69L, 2L, 93L, 4L, 4L, 4L, 0L, 
68L, 2L, 0L, 0L), .Dim = c(8L, 3L), .Dimnames = structure(list(
    c("-1", "-2", "-3", "-4", "0", "1", "2", NA), c("G", "T", 
    NA)), .Names = c("", "")), class = "table"), AKMmono03_SNP1 = structure(c(1912L, 
344L, 80L, 5L, 1L, 10083L, 209L, 7L, 256L, 2L, 0L, 0L, 0L, 0L, 
9L, 0L, 0L, 0L, 0L, 0L, 0L, 0L, 0L, 1L, 0L, 0L, 0L, 107L, 18L, 
3L, 0L, 0L, 964L, 13L, 0L, 0L), .Dim = c(9L, 4L), .Dimnames = structure(list(
    c("-1", "-2", "-3", "-4", "-5", "0", "1", "2", NA), c("A", 
    "C", "G", NA)), .Names = c("", "")), class = "table"), AKMmono05_SNP1 = structure(c(1340L, 
190L, 32L, 6L, 1L, 5268L, 377L, 10L, 197L, 1L, 0L, 0L, 0L, 0L, 
2L, 1L, 0L, 0L, 0L, 0L, 0L, 0L, 0L, 1L, 0L, 0L, 0L, 0L, 0L, 0L, 
0L, 0L, 3L, 0L, 0L, 0L, 74L, 8L, 0L, 0L, 0L, 585L, 41L, 3L, 0L
), .Dim = c(9L, 5L), .Dimnames = structure(list(c("-1", "-2", 
"-3", "-4", "-5", "0", "1", "2", NA), c("A", "C", "G", "T", NA
)), .Names = c("", "")), class = "table"), AKMmono11_SNP1 = structure(c(1L, 
0L, 0L, 0L, 4L, 0L, 0L, 0L, 0L, 0L, 0L, 0L, 1L, 0L, 0L, 0L, 0L, 
0L, 0L, 0L, 2L, 0L, 0L, 0L, 2453L, 602L, 49L, 1L, 6840L, 132L, 
3L, 454L, 286L, 23L, 0L, 0L, 1067L, 34L, 1L, 0L), .Dim = c(8L, 
5L), .Dimnames = structure(list(c("-1", "-2", "-3", "-4", "0", 
"1", "2", NA), c("A", "C", "G", "T", NA)), .Names = c("", "")), class = "table"), 
    AKMmono12_SNP1 = structure(c(0L, 0L, 0L, 0L, 1L, 0L, 0L, 
    0L, 1259L, 147L, 19L, 2L, 5152L, 146L, 2L, 114L, 0L, 0L, 
    0L, 0L, 1L, 0L, 0L, 0L, 18L, 6L, 0L, 0L, 396L, 4L, 0L, 0L
    ), .Dim = c(8L, 4L), .Dimnames = structure(list(c("-1", "-2", 
    "-3", "-4", "0", "1", "2", NA), c("A", "C", "T", NA)), .Names = c("", 
    "")), class = "table"), AKMmono13_SNP1 = structure(c(1865L, 
    685L, 54L, 1L, 4098L, 119L, 5L, 222L, 0L, 0L, 0L, 0L, 1L, 
    0L, 0L, 0L, 51L, 10L, 0L, 0L, 284L, 3L, 0L, 0L), .Dim = c(8L, 
    3L), .Dimnames = structure(list(c("-1", "-2", "-3", "-4", 
    "0", "1", "2", NA), c("A", "C", NA)), .Names = c("", "")), class = "table"), 
    AKMmono16_SNP1 = structure(c(608L, 685L, 20L, 3195L, 216L, 
    8L, 99L, 1L, 0L, 0L, 2L, 0L, 0L, 0L, 16L, 11L, 1L, 210L, 
    20L, 0L, 0L), .Dim = c(7L, 3L), .Dimnames = structure(list(
        c("-1", "-2", "-3", "0", "1", "2", NA), c("A", "C", NA
        )), .Names = c("", "")), class = "table"), AKMmono22_SNP1 = structure(c(562L, 
    326L, 203L, 19L, 5L, 1626L, 98L, 9L, 3L, 244L, 0L, 0L, 0L, 
    0L, 0L, 1L, 0L, 0L, 0L, 0L, 18L, 13L, 4L, 1L, 0L, 176L, 8L, 
    0L, 0L, 0L), .Dim = c(10L, 3L), .Dimnames = structure(list(
        c("-1", "-2", "-3", "-4", "-5", "0", "1", "2", "3", NA
        ), c("A", "T", NA)), .Names = c("", "")), class = "table"), 
    EJmono05_SNP1 = structure(c(0L, 0L, 0L, 0L, 0L, 0L, 1L, 0L, 
    0L, 0L, 0L, 2L, 0L, 0L, 0L, 0L, 0L, 0L, 0L, 1L, 0L, 0L, 0L, 
    0L, 844L, 43L, 3L, 4186L, 105L, 2L, 0L, 87L, 9L, 1L, 0L, 
    173L, 1L, 0L, 0L, 0L), .Dim = c(8L, 5L), .Dimnames = structure(list(
        c("-1", "-2", "-3", "0", "1", "2", "3", NA), c("-", "A", 
        "C", "T", NA)), .Names = c("", "")), class = "table"), 
    EJmono16_SNP1 = structure(c(1290L, 174L, 4L, 5612L, 238L, 
    8L, 2L, 864L, 16L, 3L, 0L, 125L, 0L, 0L, 0L, 0L), .Dim = c(8L, 
    2L), .Dimnames = structure(list(c("-1", "-2", "-3", "0", 
    "1", "2", "3", NA), c("A", NA)), .Names = c("", "")), class = "table"), 
    LMmono01_SNP1 = structure(c(686L, 82L, 1L, 2L, 1568L, 60L, 
    122L, 35L, 2L, 0L, 0L, 122L, 10L, 0L), .Dim = c(7L, 2L), .Dimnames = structure(list(
        c("-1", "-2", "-3", "-5", "0", "1", NA), c("A", NA)), .Names = c("", 
    "")), class = "table"), LMmono03_SNP1 = structure(c(0L, 0L, 
    0L, 0L, 0L, 2L, 0L, 0L, 0L, 391L, 146L, 35L, 28L, 3L, 810L, 
    33L, 1L, 59L, 0L, 0L, 0L, 0L, 0L, 1L, 0L, 0L, 0L, 9L, 6L, 
    2L, 1L, 0L, 113L, 0L, 0L, 0L), .Dim = c(9L, 4L), .Dimnames = structure(list(
        c("-1", "-2", "-3", "-4", "-5", "0", "1", "2", NA), c("A", 
        "C", "G", NA)), .Names = c("", "")), class = "table"), 
    LMmono09_SNP1 = structure(c(1202L, 1485L, 720L, 10L, 3560L, 
    163L, 8L, 1L, 407L, 10L, 12L, 3L, 0L, 59L, 2L, 0L, 0L, 0L
    ), .Dim = c(9L, 2L), .Dimnames = structure(list(c("-1", "-2", 
    "-3", "-4", "0", "1", "2", "3", NA), c("T", NA)), .Names = c("", 
    "")), class = "table"), LMmono12_SNP1 = structure(c(642L, 
    264L, 519L, 40L, 2044L, 168L, 12L, 156L, 1L, 0L, 0L, 0L, 
    0L, 0L, 0L, 0L, 35L, 5L, 9L, 1L, 254L, 13L, 0L, 0L), .Dim = c(8L, 
    3L), .Dimnames = structure(list(c("-1", "-2", "-3", "-4", 
    "0", "1", "2", NA), c("A", "G", NA)), .Names = c("", "")), class = "table"), 
    LMmono16_SNP1 = structure(c(2055L, 1051L, 406L, 32L, 2L, 
    3758L, 338L, 17L, 2L, 1L, 391L, 0L, 0L, 0L, 0L, 0L, 1L, 0L, 
    0L, 0L, 0L, 0L, 85L, 34L, 16L, 2L, 0L, 644L, 19L, 2L, 0L, 
    0L, 0L), .Dim = c(11L, 3L), .Dimnames = structure(list(c("-1", 
    "-2", "-3", "-4", "-5", "0", "1", "2", "3", "5", NA), c("A", 
    "T", NA)), .Names = c("", "")), class = "table"), MSJmono10_SNP1 = structure(c(0L, 
    0L, 0L, 2L, 0L, 0L, 0L, 1113L, 219L, 9L, 3485L, 140L, 5L, 
    87L, 0L, 0L, 0L, 1L, 0L, 0L, 0L, 31L, 6L, 0L, 219L, 8L, 0L, 
    0L), .Dim = c(7L, 4L), .Dimnames = structure(list(c("-1", 
    "-2", "-3", "0", "1", "2", NA), c("A", "C", "G", NA)), .Names = c("", 
    "")), class = "table"), MSJmono19ms1_SNP1 = structure(c(2947L, 
    194L, 9L, 1L, 8900L, 211L, 8L, 940L, 2L, 0L, 0L, 0L, 21L, 
    0L, 0L, 5L, 1L, 0L, 0L, 0L, 2L, 1L, 0L, 1L, 204L, 14L, 0L, 
    0L, 1295L, 25L, 1L, 0L), .Dim = c(8L, 4L), .Dimnames = structure(list(
        c("-1", "-2", "-3", "-4", "0", "1", "2", NA), c("A", 
        "C", "T", NA)), .Names = c("", "")), class = "table"), 
    MSJmono19ms2_SNP1 = structure(c(0L, 0L, 0L, 1L, 0L, 0L, 0L, 
    3088L, 1091L, 9L, 8007L, 150L, 6L, 502L, 1L, 0L, 0L, 1L, 
    0L, 0L, 0L, 34L, 6L, 0L, 636L, 4L, 0L, 0L), .Dim = c(7L, 
    4L), .Dimnames = structure(list(c("-1", "-2", "-3", "0", 
    "1", "2", NA), c("A", "C", "T", NA)), .Names = c("", "")), class = "table"), 
    MSJmono36_SNP1 = structure(c(1394L, 122L, 2L, 2L, 1L, 7010L, 
    514L, 27L, 444L, 0L, 0L, 0L, 0L, 0L, 1L, 0L, 0L, 0L, 13L, 
    3L, 0L, 0L, 0L, 284L, 6L, 0L, 0L), .Dim = c(9L, 3L), .Dimnames = structure(list(
        c("-1", "-2", "-3", "-4", "-5", "0", "1", "2", NA), c("G", 
        "T", NA)), .Names = c("", "")), class = "table"), MSJmono44_SNP1 = structure(c(2L, 
    0L, 0L, 0L, 1L, 0L, 0L, 2136L, 488L, 5L, 1L, 3565L, 86L, 
    96L, 47L, 10L, 0L, 0L, 157L, 3L, 0L), .Dim = c(7L, 3L), .Dimnames = structure(list(
        c("-1", "-2", "-3", "-5", "0", "1", NA), c("C", "T", 
        NA)), .Names = c("", "")), class = "table"), MSJmono46_SNP1 = structure(c(127L, 
    204L, 231L, 19L, 81L, 437L, 38L, 4L, 1L, 58L, 21L, 19L, 7L, 
    0L, 2L, 116L, 5L, 0L, 0L, 0L), .Dim = c(10L, 2L), .Dimnames = structure(list(
        c("-1", "-2", "-3", "-4", "-5", "0", "1", "2", "3", NA
        ), c("C", NA)), .Names = c("", "")), class = "table"), 
    LMmono04v2_SNP1 = structure(c(756L, 137L, 9L, 2L, 1303L, 
    67L, 5L, 52L, 19L, 0L, 1L, 0L, 85L, 6L, 0L, 0L), .Dim = c(8L, 
    2L), .Dimnames = structure(list(c("-1", "-2", "-3", "-4", 
    "0", "1", "2", NA), c("C", NA)), .Names = c("", "")), class = "table"), 
    AKMmono01v2_SNP1 = structure(c(1L, 1L, 0L, 1L, 0L, 0L, 640L, 
    374L, 26L, 2666L, 74L, 68L, 37L, 8L, 1L, 247L, 6L, 0L), .Dim = c(6L, 
    3L), .Dimnames = structure(list(c("-1", "-2", "-3", "0", 
    "1", NA), c("C", "T", NA)), .Names = c("", "")), class = "table"), 
    AKMmono10v2_SNP1 = structure(c(247L, 2L, 994L, 10L, 15L, 
    0L, 0L, 14L, 1L, 0L, 1L, 0L, 0L, 0L, 0L, 2L, 0L, 51L, 0L, 
    0L), .Dim = 5:4, .Dimnames = structure(list(c("-1", "-2", 
    "0", "1", NA), c("A", "G", "T", NA)), .Names = c("", "")), class = "table"), 
    AKMmono17v2_SNP1 = structure(c(0L, 0L, 0L, 24L, 1L, 1L, 53L, 
    170L, 26L, 332L, 7L, 21L, 2L, 1L, 0L, 22L, 1L, 0L),