Result <-
list(AKMmono02_SNP1 = structure(c(0L, 0L, 0L, 1L, 0L, 0L, 0L, 
0L, 0L, 1L, 0L, 0L, 268L, 812L, 22L, 2826L, 93L, 114L, 3L, 18L, 
0L, 115L, 0L, 0L), .Dim = c(6L, 4L), .Dimnames = structure(list(
    c("-1", "-2", "-3", "0", "1", NA), c("C", "G", "T", NA)), .Names = c("", 
"")), class = "table"), AKMmono03_SNP1 = structure(c(2481L, 401L, 
56L, 5L, 6296L, 151L, 1L, 1L, 297L, 0L, 0L, 0L, 0L, 1L, 0L, 0L, 
0L, 0L, 1L, 0L, 0L, 0L, 0L, 0L, 0L, 0L, 0L, 125L, 22L, 2L, 0L, 
622L, 6L, 0L, 0L, 0L), .Dim = c(9L, 4L), .Dimnames = structure(list(
    c("-1", "-2", "-3", "-4", "0", "1", "2", "3", NA), c("A", 
    "G", "T", NA)), .Names = c("", "")), class = "table"), AKMmono05_SNP1 = structure(c(1161L, 
151L, 25L, 2L, 6154L, 252L, 7L, 190L, 1L, 0L, 0L, 0L, 5L, 0L, 
0L, 0L, 0L, 0L, 0L, 0L, 2L, 0L, 0L, 0L, 0L, 0L, 0L, 0L, 2L, 0L, 
0L, 0L, 70L, 3L, 0L, 0L, 667L, 33L, 1L, 0L), .Dim = c(8L, 5L), .Dimnames = structure(list(
    c("-1", "-2", "-3", "-4", "0", "1", "2", NA), c("A", "C", 
    "G", "T", NA)), .Names = c("", "")), class = "table"), AKMmono11_SNP1 = structure(c(0L, 
0L, 0L, 3L, 0L, 0L, 0L, 0L, 0L, 0L, 1L, 0L, 0L, 0L, 1755L, 197L, 
1L, 6157L, 111L, 1L, 383L, 204L, 9L, 0L, 963L, 21L, 1L, 0L), .Dim = c(7L, 
4L), .Dimnames = structure(list(c("-1", "-2", "-4", "0", "1", 
"2", NA), c("A", "C", "T", NA)), .Names = c("", "")), class = "table"), 
    AKMmono12_SNP1 = structure(c(1L, 0L, 0L, 0L, 0L, 0L, 1L, 
    1577L, 169L, 7L, 5346L, 191L, 3L, 128L, 0L, 0L, 0L, 2L, 0L, 
    0L, 0L, 40L, 6L, 1L, 428L, 8L, 0L, 0L), .Dim = c(7L, 4L), .Dimnames = structure(list(
        c("-1", "-2", "-3", "0", "1", "2", NA), c("A", "C", "T", 
        NA)), .Names = c("", "")), class = "table"), AKMmono13_SNP1 = structure(c(1209L, 
    102L, 5L, 4556L, 148L, 3L, 1L, 138L, 0L, 0L, 0L, 2L, 0L, 
    0L, 0L, 0L, 38L, 2L, 0L, 371L, 7L, 0L, 0L, 0L), .Dim = c(8L, 
    3L), .Dimnames = structure(list(c("-1", "-2", "-3", "0", 
    "1", "2", "3", NA), c("A", "G", NA)), .Names = c("", "")), class = "table"), 
    AKMmono16_SNP1 = structure(c(1438L, 296L, 12L, 2L, 1L, 4239L, 
    109L, 3L, 109L, 0L, 0L, 0L, 0L, 0L, 1L, 0L, 0L, 0L, 0L, 0L, 
    0L, 0L, 0L, 2L, 0L, 0L, 0L, 29L, 2L, 0L, 0L, 0L, 318L, 7L, 
    1L, 0L), .Dim = c(9L, 4L), .Dimnames = structure(list(c("-1", 
    "-2", "-3", "-4", "-5", "0", "1", "2", NA), c("A", "G", "T", 
    NA)), .Names = c("", "")), class = "table"), AKMmono22_SNP1 = structure(c(620L, 
    260L, 363L, 34L, 3L, 2813L, 158L, 11L, 2L, 277L, 1L, 0L, 
    0L, 0L, 0L, 0L, 0L, 0L, 0L, 0L, 0L, 0L, 0L, 0L, 0L, 0L, 1L, 
    0L, 0L, 0L, 0L, 0L, 0L, 1L, 0L, 0L, 0L, 0L, 0L, 0L, 27L, 
    7L, 14L, 1L, 0L, 342L, 12L, 1L, 0L, 0L), .Dim = c(10L, 5L
    ), .Dimnames = structure(list(c("-1", "-2", "-3", "-4", "-5", 
    "0", "1", "2", "3", NA), c("A", "C", "G", "T", NA)), .Names = c("", 
    "")), class = "table"), EJmono05_SNP1 = structure(c(0L, 0L, 
    0L, 0L, 2L, 0L, 0L, 0L, 0L, 0L, 0L, 0L, 1L, 0L, 0L, 0L, 756L, 
    375L, 6L, 1L, 4473L, 95L, 4L, 94L, 10L, 8L, 0L, 0L, 203L, 
    1L, 0L, 0L), .Dim = c(8L, 4L), .Dimnames = structure(list(
        c("-1", "-2", "-3", "-4", "0", "1", "2", NA), c("A", 
        "C", "T", NA)), .Names = c("", "")), class = "table"), 
    EJmono16_SNP1 = structure(c(260L, 447L, 16L, 1L, 4380L, 216L, 
    11L, 2L, 453L, 0L, 0L, 0L, 0L, 1L, 0L, 0L, 0L, 0L, 2L, 5L, 
    0L, 0L, 87L, 3L, 0L, 0L, 0L), .Dim = c(9L, 3L), .Dimnames = structure(list(
        c("-1", "-2", "-3", "-4", "0", "1", "2", "3", NA), c("A", 
        "T", NA)), .Names = c("", "")), class = "table"), LMmono01_SNP1 = structure(c(559L, 
    172L, 5L, 1L, 1875L, 32L, 93L, 0L, 0L, 0L, 0L, 0L, 0L, 1L, 
    29L, 2L, 0L, 0L, 151L, 4L, 0L), .Dim = c(7L, 3L), .Dimnames = structure(list(
        c("-1", "-2", "-3", "-5", "0", "1", NA), c("A", "T", 
        NA)), .Names = c("", "")), class = "table"), LMmono03_SNP1 = structure(c(0L, 
    0L, 0L, 0L, 0L, 0L, 1L, 0L, 0L, 0L, 339L, 62L, 199L, 334L, 
    13L, 1L, 1515L, 68L, 1L, 84L, 0L, 0L, 0L, 0L, 0L, 0L, 1L, 
    0L, 0L, 0L, 6L, 2L, 5L, 5L, 0L, 0L, 253L, 1L, 0L, 0L), .Dim = c(10L, 
    4L), .Dimnames = structure(list(c("-1", "-2", "-3", "-4", 
    "-5", "-6", "0", "1", "2", NA), c("A", "C", "T", NA)), .Names = c("", 
    "")), class = "table"), LMmono09_SNP1 = structure(c(0L, 0L, 
    0L, 0L, 1L, 0L, 1L, 0L, 0L, 0L, 0L, 0L, 0L, 1L, 0L, 0L, 0L, 
    0L, 1796L, 1477L, 225L, 7L, 8152L, 515L, 25L, 1L, 427L, 17L, 
    30L, 5L, 0L, 163L, 8L, 0L, 0L, 0L), .Dim = c(9L, 4L), .Dimnames = structure(list(
        c("-1", "-2", "-3", "-4", "0", "1", "2", "3", NA), c("A", 
        "C", "T", NA)), .Names = c("", "")), class = "table"), 
    LMmono12_SNP1 = structure(c(558L, 230L, 232L, 49L, 3012L, 
    508L, 46L, 3L, 192L, 34L, 8L, 5L, 1L, 422L, 28L, 2L, 0L, 
    0L), .Dim = c(9L, 2L), .Dimnames = structure(list(c("-1", 
    "-2", "-3", "-4", "0", "1", "2", "3", NA), c("A", NA)), .Names = c("", 
    "")), class = "table"), LMmono16_SNP1 = structure(c(1689L, 
    453L, 75L, 1L, 3600L, 274L, 23L, 2L, 280L, 0L, 0L, 0L, 0L, 
    0L, 0L, 0L, 0L, 1L, 0L, 0L, 0L, 0L, 1L, 0L, 0L, 0L, 0L, 58L, 
    16L, 1L, 0L, 576L, 31L, 0L, 0L, 0L), .Dim = c(9L, 4L), .Dimnames = structure(list(
        c("-1", "-2", "-3", "-4", "0", "1", "2", "3", NA), c("A", 
        "G", "T", NA)), .Names = c("", "")), class = "table"), 
    MSJmono10_SNP1 = structure(c(0L, 0L, 1L, 0L, 0L, 1L, 494L, 
    30L, 4615L, 175L, 6L, 70L, 14L, 0L, 273L, 9L, 0L, 0L), .Dim = c(6L, 
    3L), .Dimnames = structure(list(c("-1", "-2", "0", "1", "2", 
    NA), c("A", "C", NA)), .Names = c("", "")), class = "table"), 
    MSJmono19ms1_SNP1 = structure(c(746L, 40L, 3L, 4861L, 461L, 
    23L, 690L, 0L, 0L, 0L, 15L, 2L, 0L, 2L, 0L, 0L, 0L, 1L, 0L, 
    0L, 0L, 1L, 0L, 0L, 3L, 1L, 0L, 0L, 68L, 5L, 0L, 703L, 69L, 
    1L, 0L), .Dim = c(7L, 5L), .Dimnames = structure(list(c("-1", 
    "-2", "-3", "0", "1", "2", NA), c("A", "C", "G", "T", NA)), .Names = c("", 
    "")), class = "table"), MSJmono19ms2_SNP1 = structure(c(0L, 
    0L, 1L, 0L, 0L, 0L, 499L, 7L, 6161L, 102L, 2L, 123L, 0L, 
    0L, 1L, 0L, 0L, 0L, 4L, 0L, 515L, 0L, 0L, 0L), .Dim = c(6L, 
    4L), .Dimnames = structure(list(c("-1", "-2", "0", "1", "2", 
    NA), c("A", "C", "T", NA)), .Names = c("", "")), class = "table"), 
    MSJmono36_SNP1 = structure(c(0L, 0L, 0L, 0L, 1L, 0L, 0L, 
    0L, 700L, 69L, 821L, 24L, 5013L, 132L, 6L, 281L, 0L, 0L, 
    0L, 0L, 1L, 0L, 0L, 0L, 15L, 1L, 9L, 0L, 202L, 0L, 0L, 0L
    ), .Dim = c(8L, 4L), .Dimnames = structure(list(c("-1", "-2", 
    "-3", "-4", "0", "1", "2", NA), c("A", "G", "T", NA)), .Names = c("", 
    "")), class = "table"), MSJmono44_SNP1 = structure(c(1511L, 
    58L, 3L, 2L, 3556L, 92L, 1L, 63L, 22L, 0L, 0L, 0L, 156L, 
    2L, 1L, 0L), .Dim = c(8L, 2L), .Dimnames = structure(list(
        c("-1", "-2", "-3", "-4", "0", "1", "2", NA), c("T", 
        NA)), .Names = c("", "")), class = "table"), MSJmono46_SNP1 = structure(c(554L, 
    483L, 197L, 19L, 2L, 1902L, 161L, 4L, 141L, 0L, 0L, 0L, 0L, 
    0L, 0L, 0L, 0L, 1L, 67L, 29L, 6L, 1L, 0L, 496L, 31L, 3L, 
    0L), .Dim = c(9L, 3L), .Dimnames = structure(list(c("-1", 
    "-2", "-3", "-4", "-5", "0", "1", "2", NA), c("C", "T", NA
    )), .Names = c("", "")), class = "table"), LMmono04v2_SNP1 = structure(c(404L, 
    115L, 2L, 1818L, 82L, 4L, 31L, 1L, 0L, 0L, 0L, 0L, 0L, 0L, 
    15L, 1L, 0L, 111L, 5L, 1L, 0L), .Dim = c(7L, 3L), .Dimnames = structure(list(
        c("-1", "-2", "-3", "0", "1", "2", NA), c("C", "T", NA
        )), .Names = c("", "")), class = "table"), AKMmono01v2_SNP1 = structure(c(1L, 
    3L, 0L, 1L, 0L, 0L, 0L, 0L, 0L, 0L, 1L, 0L, 0L, 0L, 1260L, 
    157L, 6L, 3810L, 77L, 1L, 112L, 42L, 8L, 0L, 280L, 6L, 0L, 
    0L), .Dim = c(7L, 4L), .Dimnames = structure(list(c("-1", 
    "-2", "-3", "0", "1", "2", NA), c("C", "G", "T", NA)), .Names = c("", 
    "")), class = "table"), AKMmono10v2_SNP1 = structure(c(669L, 
    21L, 2253L, 38L, 47L, 0L, 0L, 1L, 0L, 0L, 1L, 0L, 0L, 0L, 
    0L, 13L, 0L, 93L, 2L, 0L),