Result <-
list(AKMmono02_SNP1 = structure(c(0L, 0L, 0L, 0L, 2L, 0L, 0L, 
0L, 0L, 0L, 0L, 0L, 3L, 0L, 0L, 0L, 668L, 28L, 4L, 1L, 6845L, 
158L, 3L, 139L, 9L, 1L, 0L, 0L, 111L, 2L, 0L, 0L), .Dim = c(8L, 
4L), .Dimnames = structure(list(c("-1", "-2", "-3", "-4", "0", 
"1", "2", NA), c("A", "C", "T", NA)), .Names = c("", "")), class = "table"), 
    AKMmono03_SNP1 = structure(c(0L, 0L, 0L, 0L, 2L, 0L, 0L, 
    0L, 1628L, 260L, 45L, 2L, 14623L, 197L, 3L, 162L, 0L, 0L, 
    0L, 0L, 1L, 0L, 0L, 0L, 0L, 0L, 0L, 0L, 3L, 0L, 0L, 0L, 81L, 
    12L, 0L, 0L, 1172L, 11L, 0L, 0L), .Dim = c(8L, 5L), .Dimnames = structure(list(
        c("-1", "-2", "-3", "-4", "0", "1", "2", NA), c("-", 
        "A", "C", "G", NA)), .Names = c("", "")), class = "table"), 
    AKMmono05_SNP1 = structure(c(1244L, 162L, 26L, 4L, 8252L, 
    325L, 10L, 119L, 0L, 0L, 0L, 0L, 2L, 0L, 0L, 0L, 0L, 0L, 
    0L, 0L, 2L, 0L, 0L, 0L, 71L, 4L, 0L, 0L, 828L, 39L, 0L, 0L
    ), .Dim = c(8L, 4L), .Dimnames = structure(list(c("-1", "-2", 
    "-3", "-4", "0", "1", "2", NA), c("A", "C", "T", NA)), .Names = c("", 
    "")), class = "table"), AKMmono11_SNP1 = structure(c(0L, 
    0L, 0L, 1L, 0L, 0L, 2L, 0L, 0L, 0L, 1L, 0L, 0L, 0L, 0L, 0L, 
    0L, 1L, 0L, 0L, 0L, 1360L, 104L, 6L, 11799L, 193L, 6L, 234L, 
    207L, 11L, 0L, 2342L, 60L, 0L, 0L), .Dim = c(7L, 5L), .Dimnames = structure(list(
        c("-1", "-2", "-3", "0", "1", "2", NA), c("A", "C", "G", 
        "T", NA)), .Names = c("", "")), class = "table"), AKMmono12_SNP1 = structure(c(0L, 
    0L, 0L, 2L, 0L, 0L, 0L, 1521L, 144L, 6L, 10303L, 224L, 12L, 
    76L, 1L, 0L, 0L, 0L, 0L, 0L, 0L, 1L, 0L, 0L, 3L, 0L, 0L, 
    0L, 33L, 2L, 0L, 921L, 4L, 0L, 0L), .Dim = c(7L, 5L), .Dimnames = structure(list(
        c("-1", "-2", "-3", "0", "1", "2", NA), c("A", "C", "G", 
        "T", NA)), .Names = c("", "")), class = "table"), AKMmono13_SNP1 = structure(c(657L, 
    31L, 3L, 9782L, 240L, 4L, 57L, 0L, 0L, 0L, 1L, 0L, 0L, 0L, 
    0L, 0L, 0L, 1L, 0L, 0L, 0L, 0L, 0L, 0L, 2L, 0L, 0L, 0L, 12L, 
    1L, 0L, 592L, 11L, 0L, 0L), .Dim = c(7L, 5L), .Dimnames = structure(list(
        c("-1", "-2", "-3", "0", "1", "2", NA), c("A", "C", "G", 
        "T", NA)), .Names = c("", "")), class = "table"), AKMmono16_SNP1 = structure(c(541L, 
    20L, 7L, 2L, 6182L, 105L, 2L, 1L, 27L, 0L, 0L, 0L, 0L, 1L, 
    0L, 0L, 0L, 0L, 0L, 0L, 0L, 0L, 1L, 0L, 0L, 0L, 0L, 0L, 0L, 
    0L, 0L, 3L, 0L, 0L, 0L, 0L, 11L, 1L, 0L, 0L, 365L, 8L, 0L, 
    0L, 0L), .Dim = c(9L, 5L), .Dimnames = structure(list(c("-1", 
    "-2", "-3", "-4", "0", "1", "2", "3", NA), c("A", "C", "G", 
    "T", NA)), .Names = c("", "")), class = "table"), AKMmono22_SNP1 = structure(c(0L, 
    0L, 0L, 0L, 0L, 1L, 0L, 0L, 0L, 1076L, 223L, 29L, 8L, 1L, 
    7203L, 345L, 13L, 264L, 1L, 0L, 0L, 0L, 0L, 1L, 0L, 0L, 0L, 
    0L, 0L, 0L, 0L, 0L, 2L, 0L, 0L, 0L, 58L, 11L, 1L, 0L, 0L, 
    678L, 8L, 0L, 0L), .Dim = c(9L, 5L), .Dimnames = structure(list(
        c("-1", "-2", "-3", "-4", "-5", "0", "1", "2", NA), c("-", 
        "A", "G", "T", NA)), .Names = c("", "")), class = "table"), 
    EJmono05_SNP1 = structure(c(0L, 0L, 0L, 2L, 0L, 0L, 0L, 701L, 
    72L, 5L, 6326L, 123L, 2L, 33L, 14L, 0L, 0L, 215L, 2L, 0L, 
    0L), .Dim = c(7L, 3L), .Dimnames = structure(list(c("-1", 
    "-2", "-3", "0", "1", "2", NA), c("A", "T", NA)), .Names = c("", 
    "")), class = "table"), EJmono16_SNP1 = structure(c(523L, 
    39L, 4L, 9240L, 430L, 22L, 305L, 0L, 0L, 0L, 2L, 0L, 0L, 
    0L, 1L, 0L, 0L, 114L, 2L, 0L, 0L), .Dim = c(7L, 3L), .Dimnames = structure(list(
        c("-1", "-2", "-3", "0", "1", "2", NA), c("A", "T", NA
        )), .Names = c("", "")), class = "table"), LMmono01_SNP1 = structure(c(817L, 
    37L, 6836L, 133L, 2L, 43L, 0L, 0L, 1L, 0L, 0L, 0L, 0L, 0L, 
    2L, 0L, 0L, 0L, 30L, 1L, 505L, 8L, 0L, 0L), .Dim = c(6L, 
    4L), .Dimnames = structure(list(c("-1", "-2", "0", "1", "2", 
    NA), c("A", "C", "G", NA)), .Names = c("", "")), class = "table"), 
    LMmono03_SNP1 = structure(c(0L, 0L, 0L, 0L, 5L, 0L, 0L, 0L, 
    848L, 117L, 19L, 3L, 4056L, 115L, 5L, 180L, 0L, 0L, 0L, 0L, 
    1L, 0L, 0L, 0L, 0L, 0L, 0L, 0L, 2L, 0L, 0L, 0L, 16L, 4L, 
    0L, 0L, 230L, 4L, 0L, 0L), .Dim = c(8L, 5L), .Dimnames = structure(list(
        c("-1", "-2", "-3", "-4", "0", "1", "2", NA), c("A", 
        "C", "G", "T", NA)), .Names = c("", "")), class = "table"), 
    LMmono09_SNP1 = structure(c(1L, 0L, 0L, 0L, 0L, 0L, 0L, 0L, 
    0L, 2382L, 269L, 49L, 11L, 1L, 13287L, 440L, 6L, 326L, 27L, 
    1L, 1L, 0L, 1L, 156L, 1L, 1L, 0L), .Dim = c(9L, 3L), .Dimnames = structure(list(
        c("-1", "-2", "-3", "-4", "-5", "0", "1", "2", NA), c("A", 
        "T", NA)), .Names = c("", "")), class = "table"), LMmono12_SNP1 = structure(c(907L, 
    71L, 5L, 4362L, 250L, 14L, 151L, 0L, 0L, 0L, 1L, 0L, 0L, 
    0L, 0L, 0L, 0L, 0L, 0L, 0L, 1L, 6L, 2L, 0L, 148L, 4L, 0L, 
    0L), .Dim = c(7L, 4L), .Dimnames = structure(list(c("-1", 
    "-2", "-3", "0", "1", "2", NA), c("A", "G", "T", NA)), .Names = c("", 
    "")), class = "table"), LMmono16_SNP1 = structure(c(1240L, 
    107L, 9L, 7460L, 282L, 20L, 708L, 2L, 218L, 9L, 1L, 367L, 
    0L, 0L, 0L, 2L, 0L, 0L, 0L, 0L, 0L, 0L, 0L, 0L, 41L, 2L, 
    1L, 1179L, 12L, 0L, 31L, 0L, 17L, 4L, 0L, 0L), .Dim = c(12L, 
    3L), .Dimnames = structure(list(c("-1", "-2", "-3", "0", 
    "1", "2", "3", "4", "5", "6", "7", NA), c("A", "T", NA)), .Names = c("", 
    "")), class = "table"), MSJmono10_SNP1 = structure(c(0L, 
    0L, 0L, 0L, 1L, 0L, 0L, 472L, 17L, 3L, 8100L, 238L, 9L, 27L, 
    1L, 0L, 0L, 0L, 0L, 0L, 0L, 17L, 3L, 0L, 484L, 19L, 2L, 0L
    ), .Dim = c(7L, 4L), .Dimnames = structure(list(c("-1", "-2", 
    "-3", "0", "1", "2", NA), c("A", "C", "G", NA)), .Names = c("", 
    "")), class = "table"), MSJmono19ms1_SNP1 = structure(c(621L, 
    40L, 6L, 2L, 10101L, 312L, 11L, 201L, 1L, 0L, 0L, 0L, 17L, 
    0L, 0L, 1L, 0L, 0L, 0L, 0L, 1L, 0L, 0L, 0L, 0L, 0L, 0L, 0L, 
    5L, 0L, 0L, 1L, 45L, 5L, 0L, 0L, 1046L, 28L, 0L, 0L), .Dim = c(8L, 
    5L), .Dimnames = structure(list(c("-1", "-2", "-3", "-4", 
    "0", "1", "2", NA), c("A", "C", "G", "T", NA)), .Names = c("", 
    "")), class = "table"), MSJmono19ms2_SNP1 = structure(c(0L, 
    0L, 1L, 0L, 0L, 467L, 7L, 10151L, 105L, 113L, 3L, 0L, 814L, 
    0L, 0L), .Dim = c(5L, 3L), .Dimnames = structure(list(c("-1", 
    "-2", "0", "1", NA), c("A", "C", NA)), .Names = c("", "")), class = "table"), 
    MSJmono36_SNP1 = structure(c(0L, 0L, 0L, 2L, 1L, 0L, 0L, 
    0L, 0L, 0L, 1L, 0L, 0L, 0L, 671L, 25L, 3L, 10910L, 240L, 
    7L, 145L, 1L, 0L, 0L, 2L, 0L, 0L, 0L, 4L, 0L, 0L, 337L, 3L, 
    0L, 0L), .Dim = c(7L, 5L), .Dimnames = structure(list(c("-1", 
    "-2", "-3", "0", "1", "2", NA), c("A", "C", "G", "T", NA)), .Names = c("", 
    "")), class = "table"), MSJmono44_SNP1 = structure(c(1L, 
    0L, 14L, 0L, 23L, 0L, 0L, 0L, 0L, 406L, 14L, 1L, 10L, 6505L, 
    101L, 1L, 7L, 47L, 2L, 0L, 0L, 0L, 141L, 1L, 0L, 0L, 0L), .Dim = c(9L, 
    3L), .Dimnames = structure(list(c("-1", "-2", "-3", "-5", 
    "0", "1", "2", "7", NA), c("-", "T", NA)), .Names = c("", 
    "")), class = "table"), MSJmono46_SNP1 = structure(c(0L, 
    0L, 0L, 0L, 1L, 0L, 0L, 0L, 699L, 81L, 10L, 1L, 3296L, 144L, 
    4L, 86L, 11L, 1L, 0L, 0L, 118L, 0L, 0L, 0L), .Dim = c(8L, 
    3L), .Dimnames = structure(list(c("-1", "-2", "-3", "-4", 
    "0", "1", "2", NA), c("A", "C", NA)), .Names = c("", "")), class = "table"), 
    LMmono04v2_SNP1 = structure(c(411L, 26L, 3L, 3547L, 148L, 
    10L, 28L, 0L, 0L, 0L, 1L, 0L, 0L, 0L, 7L, 0L, 0L, 183L, 2L, 
    0L, 0L), .Dim = c(7L, 3L), .Dimnames = structure(list(c("-1", 
    "-2", "-3", "0", "1", "2", NA), c("C", "T", NA)), .Names = c("", 
    "")), class = "table"), AKMmono01v2_SNP1 = structure(c(0L, 
    0L, 0L, 1L, 0L, 0L, 0L, 0L, 0L, 0L, 1L, 0L, 0L, 0L, 0L, 0L, 
    0L, 1L, 0L, 0L, 0L, 561L, 30L, 3L, 7005L, 77L, 2L, 53L, 19L, 
    2L, 0L, 308L, 1L, 0L, 0L), .Dim = c(7L, 5L),