Result <-
list(AKMmono02_SNP1 = structure(c(0L, 0L, 0L, 1L, 0L, 0L, 0L, 
290L, 13L, 1L, 2867L, 68L, 1L, 60L, 5L, 1L, 0L, 49L, 0L, 0L, 
0L), .Dim = c(7L, 3L), .Dimnames = structure(list(c("-1", "-2", 
"-3", "0", "1", "2", NA), c("G", "T", NA)), .Names = c("", ""
)), class = "table"), AKMmono03_SNP1 = structure(c(0L, 0L, 0L, 
0L, 2L, 0L, 0L, 0L, 893L, 164L, 20L, 1L, 6799L, 113L, 10L, 91L, 
1L, 0L, 0L, 0L, 0L, 0L, 0L, 0L, 45L, 5L, 0L, 0L, 522L, 5L, 0L, 
0L), .Dim = c(8L, 4L), .Dimnames = structure(list(c("-1", "-2", 
"-3", "-4", "0", "1", "2", NA), c("-", "A", "C", NA)), .Names = c("", 
"")), class = "table"), AKMmono05_SNP1 = structure(c(769L, 122L, 
17L, 1L, 4632L, 199L, 1L, 67L, 0L, 0L, 0L, 0L, 1L, 0L, 0L, 0L, 
0L, 0L, 0L, 0L, 3L, 0L, 0L, 0L, 32L, 8L, 0L, 0L, 453L, 17L, 0L, 
0L), .Dim = c(8L, 4L), .Dimnames = structure(list(c("-1", "-2", 
"-3", "-4", "0", "1", "2", NA), c("A", "C", "T", NA)), .Names = c("", 
"")), class = "table"), AKMmono11_SNP1 = structure(c(957L, 60L, 
6999L, 149L, 3L, 1L, 125L, 148L, 4L, 1371L, 33L, 1L, 0L, 0L), .Dim = c(7L, 
2L), .Dimnames = structure(list(c("-1", "-2", "0", "1", "2", 
"3", NA), c("T", NA)), .Names = c("", "")), class = "table"), 
    AKMmono12_SNP1 = structure(c(0L, 0L, 0L, 0L, 4L, 0L, 0L, 
    0L, 823L, 64L, 25L, 1L, 5053L, 144L, 7L, 52L, 0L, 0L, 0L, 
    0L, 4L, 0L, 0L, 0L, 26L, 2L, 0L, 0L, 427L, 5L, 0L, 0L), .Dim = c(8L, 
    4L), .Dimnames = structure(list(c("-1", "-2", "-3", "-4", 
    "0", "1", "2", NA), c("A", "C", "T", NA)), .Names = c("", 
    "")), class = "table"), AKMmono13_SNP1 = structure(c(356L, 
    14L, 2L, 5279L, 146L, 3L, 37L, 0L, 0L, 0L, 1L, 0L, 0L, 0L, 
    1L, 0L, 0L, 0L, 0L, 0L, 0L, 12L, 2L, 0L, 320L, 8L, 0L, 0L
    ), .Dim = c(7L, 4L), .Dimnames = structure(list(c("-1", "-2", 
    "-3", "0", "1", "2", NA), c("A", "C", "G", NA)), .Names = c("", 
    "")), class = "table"), AKMmono16_SNP1 = structure(c(447L, 
    15L, 1L, 4133L, 107L, 2L, 27L, 0L, 0L, 0L, 2L, 0L, 0L, 0L, 
    9L, 1L, 0L, 251L, 6L, 0L, 0L), .Dim = c(7L, 3L), .Dimnames = structure(list(
        c("-1", "-2", "-3", "0", "1", "2", NA), c("A", "T", NA
        )), .Names = c("", "")), class = "table"), AKMmono22_SNP1 = structure(c(599L, 
    106L, 17L, 3817L, 253L, 11L, 1L, 151L, 13L, 2L, 0L, 349L, 
    8L, 1L, 0L, 0L), .Dim = c(8L, 2L), .Dimnames = structure(list(
        c("-1", "-2", "-3", "0", "1", "2", "3", NA), c("A", NA
        )), .Names = c("", "")), class = "table"), EJmono05_SNP1 = structure(c(586L, 
    57L, 1L, 4707L, 96L, 1L, 38L, 11L, 1L, 0L, 164L, 0L, 0L, 
    0L), .Dim = c(7L, 2L), .Dimnames = structure(list(c("-1", 
    "-2", "-3", "0", "1", "2", NA), c("T", NA)), .Names = c("", 
    "")), class = "table"), EJmono16_SNP1 = structure(c(435L, 
    31L, 3L, 5918L, 338L, 16L, 2L, 215L, 2L, 1L, 0L, 72L, 1L, 
    0L, 0L, 0L), .Dim = c(8L, 2L), .Dimnames = structure(list(
        c("-1", "-2", "-3", "0", "1", "2", "3", NA), c("A", NA
        )), .Names = c("", "")), class = "table"), LMmono01_SNP1 = structure(c(500L, 
    18L, 4076L, 97L, 2L, 27L, 1L, 0L, 1L, 0L, 0L, 0L, 12L, 1L, 
    271L, 3L, 1L, 0L), .Dim = c(6L, 3L), .Dimnames = structure(list(
        c("-1", "-2", "0", "1", "2", NA), c("A", "G", NA)), .Names = c("", 
    "")), class = "table"), LMmono03_SNP1 = structure(c(2L, 0L, 
    0L, 0L, 0L, 21L, 1L, 0L, 0L, 655L, 99L, 9L, 4L, 1L, 2807L, 
    91L, 3L, 138L, 1L, 0L, 0L, 0L, 0L, 0L, 0L, 0L, 0L, 9L, 1L, 
    0L, 0L, 0L, 182L, 3L, 0L, 0L), .Dim = c(9L, 4L), .Dimnames = structure(list(
        c("-1", "-2", "-3", "-4", "-6", "0", "1", "2", NA), c("A", 
        "C", "T", NA)), .Names = c("", "")), class = "table"), 
    LMmono09_SNP1 = structure(c(0L, 0L, 0L, 0L, 1L, 0L, 0L, 0L, 
    0L, 1969L, 310L, 81L, 3L, 7915L, 356L, 7L, 1L, 220L, 25L, 
    4L, 1L, 0L, 110L, 4L, 0L, 0L, 0L), .Dim = c(9L, 3L), .Dimnames = structure(list(
        c("-1", "-2", "-3", "-4", "0", "1", "2", "3", NA), c("A", 
        "T", NA)), .Names = c("", "")), class = "table"), LMmono12_SNP1 = structure(c(384L, 
    24L, 3L, 2077L, 1298L, 113L, 8L, 361L, 0L, 0L, 0L, 1L, 0L, 
    0L, 0L, 0L, 0L, 0L, 0L, 117L, 12L, 3L, 0L, 0L), .Dim = c(8L, 
    3L), .Dimnames = structure(list(c("-1", "-2", "-3", "0", 
    "1", "2", "3", NA), c("A", "T", NA)), .Names = c("", "")), class = "table"), 
    LMmono16_SNP1 = structure(c(1335L, 111L, 10L, 2L, 4362L, 
    331L, 16L, 2L, 112L, 47L, 4L, 0L, 0L, 628L, 13L, 1L, 1L, 
    0L), .Dim = c(9L, 2L), .Dimnames = structure(list(c("-1", 
    "-2", "-3", "-4", "0", "1", "2", "3", NA), c("A", NA)), .Names = c("", 
    "")), class = "table"), MSJmono10_SNP1 = structure(c(0L, 
    0L, 0L, 0L, 2L, 0L, 0L, 0L, 0L, 293L, 12L, 1L, 1L, 3894L, 
    129L, 1L, 1L, 22L, 3L, 0L, 0L, 0L, 198L, 7L, 0L, 0L, 0L), .Dim = c(9L, 
    3L), .Dimnames = structure(list(c("-1", "-2", "-3", "-4", 
    "0", "1", "2", "3", NA), c("A", "C", NA)), .Names = c("", 
    "")), class = "table"), MSJmono19ms1_SNP1 = structure(c(443L, 
    27L, 5L, 1L, 1L, 7571L, 243L, 9L, 166L, 0L, 0L, 0L, 0L, 0L, 
    11L, 0L, 0L, 1L, 1L, 0L, 0L, 0L, 0L, 10L, 0L, 0L, 0L, 37L, 
    2L, 0L, 0L, 0L, 805L, 15L, 0L, 0L), .Dim = c(9L, 4L), .Dimnames = structure(list(
        c("-1", "-2", "-3", "-4", "-5", "0", "1", "2", NA), c("A", 
        "C", "T", NA)), .Names = c("", "")), class = "table"), 
    MSJmono19ms2_SNP1 = structure(c(0L, 0L, 2L, 0L, 0L, 0L, 445L, 
    7L, 7541L, 116L, 1L, 112L, 0L, 0L, 1L, 0L, 0L, 0L, 5L, 0L, 
    563L, 1L, 0L, 0L), .Dim = c(6L, 4L), .Dimnames = structure(list(
        c("-1", "-2", "0", "1", "2", NA), c("A", "C", "T", NA
        )), .Names = c("", "")), class = "table"), MSJmono36_SNP1 = structure(c(0L, 
    0L, 0L, 1L, 1L, 0L, 0L, 0L, 0L, 0L, 2L, 0L, 0L, 0L, 482L, 
    24L, 1L, 6332L, 205L, 3L, 117L, 0L, 0L, 0L, 1L, 0L, 0L, 0L, 
    5L, 0L, 0L, 207L, 1L, 0L, 0L), .Dim = c(7L, 5L), .Dimnames = structure(list(
        c("-1", "-2", "-3", "0", "1", "2", NA), c("A", "C", "G", 
        "T", NA)), .Names = c("", "")), class = "table"), MSJmono44_SNP1 = structure(c(0L, 
    0L, 1L, 0L, 0L, 0L, 216L, 9L, 3379L, 70L, 2L, 32L, 8L, 0L, 
    79L, 0L, 0L, 0L), .Dim = c(6L, 3L), .Dimnames = structure(list(
        c("-1", "-2", "0", "1", "2", NA), c("G", "T", NA)), .Names = c("", 
    "")), class = "table"), MSJmono46_SNP1 = structure(c(472L, 
    50L, 6L, 1893L, 112L, 4L, 83L, 5L, 0L, 0L, 71L, 2L, 0L, 0L
    ), .Dim = c(7L, 2L), .Dimnames = structure(list(c("-1", "-2", 
    "-3", "0", "1", "2", NA), c("C", NA)), .Names = c("", "")), class = "table"), 
    LMmono04v2_SNP1 = structure(c(350L, 18L, 2531L, 116L, 4L, 
    22L, 8L, 2L, 143L, 2L, 1L, 0L), .Dim = c(6L, 2L), .Dimnames = structure(list(
        c("-1", "-2", "0", "1", "2", NA), c("C", NA)), .Names = c("", 
    "")), class = "table"), AKMmono01v2_SNP1 = structure(c(0L, 
    0L, 0L, 1L, 0L, 0L, 0L, 0L, 378L, 46L, 4L, 4591L, 69L, 3L, 
    1L, 32L, 17L, 2L, 0L, 187L, 6L, 0L, 0L, 0L), .Dim = c(8L, 
    3L), .Dimnames = structure(list(c("-1", "-2", "-3", "0", 
    "1", "2", "3", NA), c("C", "T", NA)), .Names = c("", "")), class = "table"), 
    AKMmono10v2_SNP1 = structure(c(89L, 6L, 2185L, 32L, 10L, 
    0L, 0L, 1L, 0L, 0L, 2L, 0L, 84L, 1L, 0L), .Dim = c(5L, 3L
    ), .Dimnames = structure(list(c("-1", "-2", "0", "1", NA), 
        c("A", "G", NA)), .Names = c("", "")), class = "table"), 
    AKMmono17v2_SNP1 = structure(c(2L, 0L, 29L, 0L, 3L, 62L, 
    3L, 1015L, 14L, 6L, 0L, 0L, 36L, 0L, 0L), .Dim = c(5L, 3L
    ), .Dimnames = structure(list(c("-1", "-2", "0", "1", NA), 
        c("A", "C", NA)), .Names = c("", "")), class = "table"), 
    EJmono13v2_SNP1 = structure(c(176L, 7L, 1L, 2135L, 59L, 1L, 
    6L, 0L, 1L, 0L, 0L, 0L, 0L, 0L, 3L, 1L, 0L, 60L, 0L, 0L, 
    0L), .Dim = c(7L, 3L), .Dimnames = structure(list(c("-1", 
    "-2", "-3", "0", "1", "2", NA), c("A", "G", NA)), .Names = c("", 
    "")), class = "table"), EJmono21v2_SNP1 = structure(c(0L, 
    0L, 1L, 0L, 0L, 129L, 5L, 903L, 8L, 5L, 13L, 0L, 15L, 0L, 
    0L, 2L, 0L, 37L, 0L, 0L),