Result <-
list(AKMmono02_SNP1 = structure(c(222L, 11L, 1L, 2462L, 71L, 
3L, 46L, 2L, 0L, 0L, 85L, 0L, 0L, 0L), .Dim = c(7L, 2L), .Dimnames = structure(list(
    c("-1", "-2", "-3", "0", "1", "2", NA), c("T", NA)), .Names = c("", 
"")), class = "table"), AKMmono03_SNP1 = structure(c(501L, 82L, 
52L, 1L, 4506L, 74L, 1L, 60L, 0L, 0L, 0L, 0L, 1L, 0L, 0L, 0L, 
0L, 0L, 0L, 0L, 2L, 0L, 0L, 0L, 21L, 1L, 0L, 0L, 450L, 2L, 0L, 
0L), .Dim = c(8L, 4L), .Dimnames = structure(list(c("-1", "-2", 
"-3", "-4", "0", "1", "2", NA), c("A", "C", "T", NA)), .Names = c("", 
"")), class = "table"), AKMmono05_SNP1 = structure(c(424L, 48L, 
23L, 5L, 2863L, 123L, 4L, 63L, 0L, 0L, 0L, 0L, 1L, 0L, 0L, 0L, 
0L, 0L, 0L, 0L, 1L, 0L, 0L, 0L, 38L, 5L, 1L, 0L, 331L, 19L, 0L, 
0L), .Dim = c(8L, 4L), .Dimnames = structure(list(c("-1", "-2", 
"-3", "-4", "0", "1", "2", NA), c("A", "C", "T", NA)), .Names = c("", 
"")), class = "table"), AKMmono11_SNP1 = structure(c(0L, 0L, 
0L, 1L, 0L, 0L, 0L, 0L, 0L, 0L, 4L, 0L, 0L, 0L, 1L, 0L, 0L, 1L, 
0L, 0L, 0L, 457L, 32L, 1L, 4733L, 73L, 3L, 99L, 38L, 0L, 0L, 
703L, 19L, 1L, 0L), .Dim = c(7L, 5L), .Dimnames = structure(list(
    c("-1", "-2", "-3", "0", "1", "2", NA), c("-", "A", "C", 
    "T", NA)), .Names = c("", "")), class = "table"), AKMmono12_SNP1 = structure(c(389L, 
14L, 3L, 2689L, 77L, 2L, 42L, 10L, 1L, 0L, 199L, 3L, 0L, 0L), .Dim = c(7L, 
2L), .Dimnames = structure(list(c("-1", "-2", "-3", "0", "1", 
"2", NA), c("C", NA)), .Names = c("", "")), class = "table"), 
    AKMmono13_SNP1 = structure(c(205L, 9L, 3620L, 87L, 2L, 44L, 
    0L, 0L, 1L, 0L, 0L, 0L, 7L, 0L, 261L, 8L, 0L, 0L), .Dim = c(6L, 
    3L), .Dimnames = structure(list(c("-1", "-2", "0", "1", "2", 
    NA), c("A", "G", NA)), .Names = c("", "")), class = "table"), 
    AKMmono16_SNP1 = structure(c(249L, 9L, 2925L, 65L, 1L, 28L, 
    0L, 0L, 1L, 0L, 0L, 0L, 8L, 0L, 217L, 7L, 0L, 0L), .Dim = c(6L, 
    3L), .Dimnames = structure(list(c("-1", "-2", "0", "1", "2", 
    NA), c("A", "G", NA)), .Names = c("", "")), class = "table"), 
    AKMmono22_SNP1 = structure(c(279L, 52L, 7L, 2037L, 92L, 3L, 
    1L, 121L, 0L, 0L, 0L, 1L, 0L, 0L, 0L, 0L, 17L, 1L, 0L, 248L, 
    6L, 0L, 0L, 0L), .Dim = c(8L, 3L), .Dimnames = structure(list(
        c("-1", "-2", "-3", "0", "1", "2", "3", NA), c("A", "C", 
        NA)), .Names = c("", "")), class = "table"), EJmono05_SNP1 = structure(c(0L, 
    0L, 1L, 0L, 0L, 0L, 0L, 0L, 2L, 0L, 0L, 0L, 269L, 23L, 2465L, 
    63L, 1L, 32L, 4L, 0L, 105L, 1L, 0L, 0L), .Dim = c(6L, 4L), .Dimnames = structure(list(
        c("-1", "-2", "0", "1", "2", NA), c("-", "A", "T", NA
        )), .Names = c("", "")), class = "table"), EJmono16_SNP1 = structure(c(130L, 
    10L, 1L, 2644L, 94L, 4L, 166L, 1L, 0L, 0L, 60L, 3L, 0L, 0L
    ), .Dim = c(7L, 2L), .Dimnames = structure(list(c("-1", "-2", 
    "-3", "0", "1", "2", NA), c("A", NA)), .Names = c("", "")), class = "table"), 
    LMmono01_SNP1 = structure(c(289L, 21L, 1L, 2890L, 55L, 57L, 
    1L, 0L, 0L, 1L, 0L, 1L, 14L, 0L, 0L, 239L, 4L, 0L), .Dim = c(6L, 
    3L), .Dimnames = structure(list(c("-1", "-2", "-5", "0", 
    "1", NA), c("A", "T", NA)), .Names = c("", "")), class = "table"), 
    LMmono03_SNP1 = structure(c(315L, 39L, 5L, 8L, 1L, 1602L, 
    56L, 4L, 48L, 0L, 0L, 0L, 0L, 0L, 2L, 0L, 0L, 0L, 11L, 1L, 
    0L, 0L, 0L, 219L, 3L, 0L, 0L), .Dim = c(9L, 3L), .Dimnames = structure(list(
        c("-1", "-2", "-3", "-4", "-6", "0", "1", "2", NA), c("C", 
        "T", NA)), .Names = c("", "")), class = "table"), LMmono09_SNP1 = structure(c(0L, 
    0L, 0L, 0L, 2L, 0L, 0L, 0L, 883L, 110L, 8L, 1L, 5590L, 212L, 
    7L, 158L, 11L, 3L, 1L, 0L, 113L, 3L, 0L, 0L), .Dim = c(8L, 
    3L), .Dimnames = structure(list(c("-1", "-2", "-3", "-4", 
    "0", "1", "2", NA), c("C", "T", NA)), .Names = c("", "")), class = "table"), 
    LMmono12_SNP1 = structure(c(185L, 10L, 1071L, 713L, 62L, 
    2L, 172L, 0L, 0L, 1L, 0L, 0L, 0L, 0L, 10L, 0L, 178L, 38L, 
    6L, 0L, 0L), .Dim = c(7L, 3L), .Dimnames = structure(list(
        c("-1", "-2", "0", "1", "2", "3", NA), c("A", "G", NA
        )), .Names = c("", "")), class = "table"), LMmono16_SNP1 = structure(c(305L, 
    18L, 1L, 2468L, 116L, 7L, 226L, 1L, 88L, 3L, 207L, 0L, 0L, 
    0L, 0L, 0L, 0L, 0L, 0L, 0L, 0L, 1L, 10L, 1L, 0L, 424L, 7L, 
    0L, 11L, 1L, 11L, 2L, 0L), .Dim = c(11L, 3L), .Dimnames = structure(list(
        c("-1", "-2", "-3", "0", "1", "2", "3", "4", "5", "6", 
        NA), c("A", "T", NA)), .Names = c("", "")), class = "table"), 
    MSJmono10_SNP1 = structure(c(144L, 4L, 1L, 2625L, 94L, 2L, 
    22L, 0L, 0L, 0L, 1L, 0L, 0L, 0L, 8L, 0L, 0L, 162L, 10L, 0L, 
    0L), .Dim = c(7L, 3L), .Dimnames = structure(list(c("-1", 
    "-2", "-3", "0", "1", "2", NA), c("C", "T", NA)), .Names = c("", 
    "")), class = "table"), MSJmono19ms1_SNP1 = structure(c(150L, 
    8L, 4L, 1L, 3522L, 56L, 2L, 139L, 0L, 0L, 0L, 0L, 8L, 0L, 
    0L, 1L, 0L, 0L, 0L, 0L, 2L, 0L, 0L, 0L, 14L, 2L, 1L, 0L, 
    552L, 9L, 0L, 0L), .Dim = c(8L, 4L), .Dimnames = structure(list(
        c("-1", "-2", "-3", "-4", "0", "1", "2", NA), c("A", 
        "C", "T", NA)), .Names = c("", "")), class = "table"), 
    MSJmono19ms2_SNP1 = structure(c(180L, 5L, 3652L, 33L, 48L, 
    0L, 0L, 1L, 0L, 0L, 1L, 0L, 297L, 0L, 0L), .Dim = c(5L, 3L
    ), .Dimnames = structure(list(c("-1", "-2", "0", "1", NA), 
        c("C", "G", NA)), .Names = c("", "")), class = "table"), 
    MSJmono36_SNP1 = structure(c(0L, 0L, 1L, 0L, 0L, 0L, 0L, 
    0L, 0L, 1L, 0L, 0L, 0L, 0L, 237L, 11L, 4040L, 86L, 2L, 2L, 
    79L, 0L, 0L, 1L, 0L, 0L, 0L, 0L, 4L, 0L, 133L, 1L, 0L, 0L, 
    0L), .Dim = c(7L, 5L), .Dimnames = structure(list(c("-1", 
    "-2", "0", "1", "2", "5", NA), c("A", "C", "G", "T", NA)), .Names = c("", 
    "")), class = "table"), MSJmono44_SNP1 = structure(c(0L, 
    0L, 0L, 1L, 0L, 0L, 0L, 0L, 0L, 1L, 0L, 0L, 157L, 7L, 1L, 
    2772L, 38L, 20L, 3L, 0L, 0L, 144L, 0L, 0L), .Dim = c(6L, 
    4L), .Dimnames = structure(list(c("-1", "-2", "-6", "0", 
    "1", NA), c("A", "G", "T", NA)), .Names = c("", "")), class = "table"), 
    MSJmono46_SNP1 = structure(c(0L, 0L, 0L, 2L, 0L, 0L, 0L, 
    340L, 35L, 1L, 1531L, 117L, 4L, 71L, 34L, 1L, 0L, 407L, 19L, 
    1L, 0L), .Dim = c(7L, 3L), .Dimnames = structure(list(c("-1", 
    "-2", "-3", "0", "1", "2", NA), c("A", "C", NA)), .Names = c("", 
    "")), class = "table"), LMmono04v2_SNP1 = structure(c(195L, 
    11L, 1L, 1746L, 81L, 4L, 30L, 4L, 0L, 0L, 95L, 5L, 0L, 0L
    ), .Dim = c(7L, 2L), .Dimnames = structure(list(c("-1", "-2", 
    "-4", "0", "1", "2", NA), c("C", NA)), .Names = c("", "")), class = "table"), 
    AKMmono01v2_SNP1 = structure(c(1L, 0L, 0L, 0L, 0L, 0L, 1010L, 
    63L, 2L, 14L, 0L, 51L, 95L, 13L, 2L, 1100L, 18L, 9L, 53L, 
    9L, 1L, 95L, 2L, 0L), .Dim = c(6L, 4L), .Dimnames = structure(list(
        c("-1", "-2", "-3", "0", "1", NA), c("A", "C", "T", NA
        )), .Names = c("", "")), class = "table"), AKMmono10v2_SNP1 = structure(c(29L, 
    0L, 661L, 1L, 2L, 25L, 1L, 616L, 13L, 7L, 0L, 0L, 1L, 0L, 
    0L, 1L, 0L, 74L, 0L, 0L), .Dim = 5:4, .Dimnames = structure(list(
        c("-1", "-2", "0", "1", NA), c("A", "G", "T", NA)), .Names = c("", 
    "")), class = "table"), AKMmono17v2_SNP1 = structure(c(32L, 
    1L, 326L, 1L, 3L, 23L, 0L, 368L, 8L, 8L, 0L, 0L, 34L, 0L, 
    0L), .Dim = c(5L, 3L), .Dimnames = structure(list(c("-1", 
    "-2", "0", "1", NA), c("A", "C", NA)), .Names = c("", "")), class = "table"), 
    EJmono13v2_SNP1 = structure(c(105L, 1L, 1202L, 24L, 3L, 0L, 
    0L, 4L, 0L, 0L, 9L, 0L, 138L, 4L, 0L), .Dim = c(5L, 3L), .Dimnames = structure(list(
        c("-1", "-2", "0", "1", NA), c("A", "G", NA)), .Names = c("", 
    "")), class = "table"), EJmono21v2_SNP1 = structure(c(1L, 
    0L, 0L, 0L, 0L, 0L, 29L, 3L, 0L, 294L, 1L, 8L, 31L, 1L, 1L, 
    272L, 2L, 2L, 3L, 0L, 0L, 59L, 1L, 0L), .Dim = c(6L, 4L), .Dimnames = structure(list(
        c("-1", "-2", "-3", "0", "1", NA), c("A", "C", "T", NA
        )), .Names = c("", "")), class = "table"),