Result <-
list(AKMmono02_SNP1 = structure(c(0L, 0L, 0L, 1L, 0L, 0L, 0L, 
0L, 207L, 13L, 1L, 2140L, 42L, 4L, 1L, 50L, 3L, 0L, 0L, 75L, 
1L, 0L, 0L, 0L), .Dim = c(8L, 3L), .Dimnames = structure(list(
    c("-1", "-2", "-3", "0", "1", "2", "3", NA), c("A", "T", 
    NA)), .Names = c("", "")), class = "table"), AKMmono03_SNP1 = structure(c(0L, 
0L, 0L, 0L, 1L, 0L, 0L, 319L, 79L, 20L, 1L, 2950L, 38L, 45L, 
0L, 0L, 0L, 0L, 1L, 0L, 0L, 12L, 5L, 0L, 0L, 296L, 4L, 0L), .Dim = c(7L, 
4L), .Dimnames = structure(list(c("-1", "-2", "-3", "-4", "0", 
"1", NA), c("-", "A", "T", NA)), .Names = c("", "")), class = "table"), 
    AKMmono05_SNP1 = structure(c(333L, 36L, 5L, 2260L, 75L, 1L, 
    47L, 0L, 0L, 0L, 2L, 0L, 0L, 0L, 0L, 0L, 0L, 2L, 0L, 0L, 
    0L, 26L, 1L, 1L, 241L, 10L, 0L, 0L), .Dim = c(7L, 4L), .Dimnames = structure(list(
        c("-1", "-2", "-3", "0", "1", "2", NA), c("A", "C", "T", 
        NA)), .Names = c("", "")), class = "table"), AKMmono11_SNP1 = structure(c(0L, 
    0L, 0L, 4L, 0L, 0L, 277L, 28L, 1L, 2620L, 67L, 71L, 41L, 
    2L, 0L, 402L, 12L, 0L), .Dim = c(6L, 3L), .Dimnames = structure(list(
        c("-1", "-2", "-3", "0", "1", NA), c("A", "T", NA)), .Names = c("", 
    "")), class = "table"), AKMmono12_SNP1 = structure(c(2L, 
    0L, 0L, 1L, 1L, 0L, 0L, 339L, 27L, 3L, 2145L, 63L, 1L, 29L, 
    0L, 0L, 0L, 1L, 0L, 0L, 0L, 11L, 3L, 0L, 162L, 2L, 0L, 0L
    ), .Dim = c(7L, 4L), .Dimnames = structure(list(c("-1", "-2", 
    "-3", "0", "1", "2", NA), c("A", "C", "T", NA)), .Names = c("", 
    "")), class = "table"), AKMmono13_SNP1 = structure(c(216L, 
    12L, 2L, 2993L, 81L, 4L, 39L, 0L, 0L, 0L, 1L, 0L, 0L, 0L, 
    9L, 0L, 0L, 219L, 4L, 0L, 0L), .Dim = c(7L, 3L), .Dimnames = structure(list(
        c("-1", "-2", "-3", "0", "1", "2", NA), c("A", "T", NA
        )), .Names = c("", "")), class = "table"), AKMmono16_SNP1 = structure(c(265L, 
    36L, 2L, 2365L, 42L, 28L, 0L, 0L, 0L, 1L, 0L, 0L, 9L, 1L, 
    0L, 165L, 3L, 0L), .Dim = c(6L, 3L), .Dimnames = structure(list(
        c("-1", "-2", "-3", "0", "1", NA), c("A", "C", NA)), .Names = c("", 
    "")), class = "table"), AKMmono22_SNP1 = structure(c(217L, 
    42L, 7L, 3L, 1L, 1752L, 95L, 3L, 127L, 10L, 1L, 1L, 0L, 0L, 
    248L, 7L, 0L, 0L), .Dim = c(9L, 2L), .Dimnames = structure(list(
        c("-1", "-2", "-3", "-4", "-5", "0", "1", "2", NA), c("A", 
        NA)), .Names = c("", "")), class = "table"), EJmono05_SNP1 = structure(c(222L, 
    19L, 2291L, 57L, 2L, 40L, 4L, 0L, 90L, 2L, 0L, 0L), .Dim = c(6L, 
    2L), .Dimnames = structure(list(c("-1", "-2", "0", "1", "2", 
    NA), c("T", NA)), .Names = c("", "")), class = "table"), 
    EJmono16_SNP1 = structure(c(86L, 5L, 1792L, 63L, 107L, 0L, 
    0L, 1L, 0L, 0L, 3L, 0L, 41L, 0L, 0L), .Dim = c(5L, 3L), .Dimnames = structure(list(
        c("-1", "-2", "0", "1", NA), c("A", "T", NA)), .Names = c("", 
    "")), class = "table"), LMmono01_SNP1 = structure(c(149L, 
    18L, 1589L, 13L, 22L, 0L, 0L, 2L, 0L, 0L, 4L, 0L, 119L, 1L, 
    0L), .Dim = c(5L, 3L), .Dimnames = structure(list(c("-1", 
    "-2", "0", "1", NA), c("A", "T", NA)), .Names = c("", "")), class = "table"), 
    LMmono03_SNP1 = structure(c(274L, 30L, 5L, 1L, 1294L, 37L, 
    1L, 43L, 6L, 0L, 0L, 0L, 225L, 2L, 0L, 0L), .Dim = c(8L, 
    2L), .Dimnames = structure(list(c("-1", "-2", "-3", "-4", 
    "0", "1", "2", NA), c("C", NA)), .Names = c("", "")), class = "table"), 
    LMmono09_SNP1 = structure(c(0L, 0L, 0L, 0L, 1L, 0L, 0L, 0L, 
    0L, 0L, 0L, 0L, 2L, 0L, 0L, 0L, 518L, 56L, 32L, 5L, 2869L, 
    110L, 3L, 90L, 3L, 0L, 1L, 0L, 39L, 0L, 0L, 0L), .Dim = c(8L, 
    4L), .Dimnames = structure(list(c("-1", "-2", "-3", "-4", 
    "0", "1", "2", NA), c("A", "C", "T", NA)), .Names = c("", 
    "")), class = "table"), LMmono12_SNP1 = structure(c(291L, 
    23L, 13L, 1L, 1524L, 98L, 11L, 3L, 57L, 11L, 0L, 0L, 0L, 
    162L, 8L, 2L, 0L, 0L), .Dim = c(9L, 2L), .Dimnames = structure(list(
        c("-1", "-2", "-3", "-4", "0", "1", "2", "3", NA), c("A", 
        NA)), .Names = c("", "")), class = "table"), LMmono16_SNP1 = structure(c(510L, 
    73L, 32L, 3L, 2214L, 119L, 11L, 1L, 1L, 83L, 8L, 2L, 1L, 
    1L, 306L, 12L, 0L, 0L, 0L, 0L), .Dim = c(10L, 2L), .Dimnames = structure(list(
        c("-1", "-2", "-3", "-4", "0", "1", "2", "3", "5", NA
        ), c("A", NA)), .Names = c("", "")), class = "table"), 
    MSJmono10_SNP1 = structure(c(171L, 14L, 3L, 2641L, 85L, 3L, 
    21L, 6L, 1L, 1L, 155L, 5L, 0L, 0L), .Dim = c(7L, 2L), .Dimnames = structure(list(
        c("-1", "-2", "-3", "0", "1", "2", NA), c("C", NA)), .Names = c("", 
    "")), class = "table"), MSJmono19ms1_SNP1 = structure(c(88L, 
    6L, 2L, 1L, 2207L, 37L, 99L, 0L, 0L, 0L, 0L, 4L, 1L, 1L, 
    0L, 0L, 0L, 0L, 1L, 0L, 0L, 0L, 0L, 0L, 0L, 2L, 0L, 0L, 14L, 
    0L, 0L, 0L, 335L, 7L, 0L), .Dim = c(7L, 5L), .Dimnames = structure(list(
        c("-1", "-2", "-3", "-6", "0", "1", NA), c("A", "C", 
        "G", "T", NA)), .Names = c("", "")), class = "table"), 
    MSJmono19ms2_SNP1 = structure(c(132L, 11L, 2308L, 24L, 24L, 
    1L, 0L, 168L, 0L, 0L), .Dim = c(5L, 2L), .Dimnames = structure(list(
        c("-1", "-2", "0", "1", NA), c("C", NA)), .Names = c("", 
    "")), class = "table"), MSJmono36_SNP1 = structure(c(0L, 
    0L, 0L, 0L, 1L, 0L, 0L, 0L, 116L, 8L, 3L, 1L, 1879L, 40L, 
    1L, 34L, 0L, 0L, 0L, 0L, 1L, 0L, 0L, 0L, 3L, 0L, 0L, 0L, 
    77L, 0L, 0L, 0L), .Dim = c(8L, 4L), .Dimnames = structure(list(
        c("-1", "-2", "-3", "-4", "0", "1", "2", NA), c("C", 
        "G", "T", NA)), .Names = c("", "")), class = "table"), 
    MSJmono44_SNP1 = structure(c(78L, 6L, 1018L, 23L, 4L, 2L, 
    0L, 46L, 0L, 0L), .Dim = c(5L, 2L), .Dimnames = structure(list(
        c("-1", "-2", "0", "1", NA), c("T", NA)), .Names = c("", 
    "")), class = "table"), MSJmono46_SNP1 = structure(c(214L, 
    26L, 13L, 3L, 959L, 50L, 2L, 36L, 31L, 1L, 2L, 0L, 264L, 
    9L, 1L, 0L), .Dim = c(8L, 2L), .Dimnames = structure(list(
        c("-1", "-2", "-3", "-4", "0", "1", "2", NA), c("C", 
        NA)), .Names = c("", "")), class = "table"), LMmono04v2_SNP1 = structure(c(170L, 
    29L, 1565L, 51L, 0L, 18L, 7L, 0L, 88L, 6L, 1L, 0L), .Dim = c(6L, 
    2L), .Dimnames = structure(list(c("-1", "-2", "0", "1", "2", 
    NA), c("C", NA)), .Names = c("", "")), class = "table"), 
    AKMmono01v2_SNP1 = structure(c(0L, 0L, 0L, 1L, 0L, 0L, 0L, 
    0L, 0L, 0L, 1L, 0L, 0L, 0L, 206L, 18L, 10L, 2100L, 27L, 1L, 
    27L, 9L, 1L, 0L, 176L, 5L, 0L, 0L), .Dim = c(7L, 4L), .Dimnames = structure(list(
        c("-1", "-2", "-3", "0", "1", "2", NA), c("-", "G", "T", 
        NA)), .Names = c("", "")), class = "table"), AKMmono10v2_SNP1 = structure(c(64L, 
    4L, 760L, 9L, 9L, 35L, 0L, 767L, 6L, 2L, 1L, 0L, 68L, 2L, 
    0L), .Dim = c(5L, 3L), .Dimnames = structure(list(c("-1", 
    "-2", "0", "1", NA), c("A", "G", NA)), .Names = c("", "")), class = "table"), 
    AKMmono17v2_SNP1 = structure(c(0L, 0L, 3L, 0L, 0L, 71L, 7L, 
    1134L, 19L, 7L, 0L, 0L, 57L, 2L, 0L), .Dim = c(5L, 3L), .Dimnames = structure(list(
        c("-1", "-2", "0", "1", NA), c("A", "C", NA)), .Names = c("", 
    "")), class = "table"), EJmono13v2_SNP1 = structure(c(71L, 
    1L, 771L, 20L, 3L, 61L, 2L, 687L, 12L, 6L, 6L, 0L, 135L, 
    6L, 0L), .Dim = c(5L, 3L), .Dimnames = structure(list(c("-1", 
    "-2", "0", "1", NA), c("A", "G", NA)), .Names = c("", "")), class = "table"), 
    EJmono21v2_SNP1 = structure(c(89L, 2L, 658L, 8L, 2L, 7L, 
    1L, 0L, 6L, 0L, 0L, 1L, 3L, 0L, 47L, 0L, 0L, 0L), .Dim = c(6L, 
    3L), .Dimnames = structure(list(c("-1", "-2", "0", "1", "2", 
    NA), c("C", "T", NA)), .Names = c("", "")), class = "table"), 
    LMmono05v2_SNP1 = structure(c(101L, 11L, 0L, 849L, 22L, 7L, 
    0L, 0L, 0L, 1L, 0L, 0L, 89L, 16L, 2L, 760L, 19L, 4L, 14L, 
    2L, 0L, 159L, 2L, 0L), .Dim = c(6L, 4L), .Dimnames = structure(list(
        c("-1", "-2", "-3", "0", "1", NA), c("A", "G", "T", NA
        )), .Names = c("", "")), class = "table"),