Result <-
list(AKMmono02_SNP1 = structure(c(0L, 0L, 0L, 1L, 0L, 0L, 0L, 
795L, 44L, 3L, 3646L, 80L, 3L, 122L, 18L, 0L, 0L, 130L, 0L, 0L, 
0L), .Dim = c(7L, 3L), .Dimnames = structure(list(c("-1", "-2", 
"-3", "0", "1", "2", NA), c("A", "T", NA)), .Names = c("", ""
)), class = "table"), AKMmono03_SNP1 = structure(c(887L, 166L, 
33L, 5L, 5383L, 83L, 1L, 120L, 1L, 0L, 0L, 0L, 3L, 0L, 0L, 0L, 
0L, 0L, 0L, 0L, 1L, 0L, 0L, 0L, 44L, 6L, 1L, 0L, 536L, 6L, 0L, 
0L), .Dim = c(8L, 4L), .Dimnames = structure(list(c("-1", "-2", 
"-3", "-4", "0", "1", "2", NA), c("A", "C", "G", NA)), .Names = c("", 
"")), class = "table"), AKMmono05_SNP1 = structure(c(736L, 94L, 
17L, 3L, 3977L, 147L, 1L, 105L, 1L, 0L, 0L, 0L, 6L, 0L, 0L, 0L, 
0L, 0L, 0L, 0L, 1L, 0L, 0L, 0L, 0L, 1L, 0L, 0L, 2L, 0L, 0L, 0L, 
40L, 4L, 0L, 0L, 424L, 8L, 0L, 0L), .Dim = c(8L, 5L), .Dimnames = structure(list(
    c("-1", "-2", "-3", "-4", "0", "1", "2", NA), c("A", "C", 
    "G", "T", NA)), .Names = c("", "")), class = "table"), AKMmono11_SNP1 = structure(c(0L, 
0L, 0L, 2L, 0L, 0L, 0L, 0L, 0L, 0L, 1L, 0L, 0L, 0L, 1091L, 318L, 
10L, 5769L, 72L, 2L, 245L, 111L, 8L, 0L, 936L, 20L, 1L, 0L), .Dim = c(7L, 
4L), .Dimnames = structure(list(c("-1", "-2", "-3", "0", "1", 
"2", NA), c("A", "C", "T", NA)), .Names = c("", "")), class = "table"), 
    AKMmono12_SNP1 = structure(c(881L, 74L, 4L, 3870L, 115L, 
    5L, 84L, 1L, 0L, 0L, 0L, 0L, 0L, 0L, 0L, 0L, 0L, 1L, 0L, 
    0L, 0L, 19L, 2L, 0L, 320L, 3L, 0L, 0L), .Dim = c(7L, 4L), .Dimnames = structure(list(
        c("-1", "-2", "-3", "0", "1", "2", NA), c("C", "G", "T", 
        NA)), .Names = c("", "")), class = "table"), AKMmono13_SNP1 = structure(c(899L, 
    144L, 8L, 4922L, 131L, 5L, 102L, 30L, 3L, 0L, 354L, 5L, 1L, 
    0L), .Dim = c(7L, 2L), .Dimnames = structure(list(c("-1", 
    "-2", "-3", "0", "1", "2", NA), c("A", NA)), .Names = c("", 
    "")), class = "table"), AKMmono16_SNP1 = structure(c(867L, 
    323L, 26L, 1L, 3564L, 72L, 1L, 110L, 0L, 0L, 0L, 0L, 1L, 
    0L, 0L, 0L, 0L, 0L, 0L, 0L, 2L, 0L, 0L, 0L, 0L, 0L, 0L, 0L, 
    6L, 0L, 0L, 0L, 25L, 3L, 0L, 0L, 245L, 4L, 0L, 0L), .Dim = c(8L, 
    5L), .Dimnames = structure(list(c("-1", "-2", "-3", "-4", 
    "0", "1", "2", NA), c("A", "C", "G", "T", NA)), .Names = c("", 
    "")), class = "table"), AKMmono22_SNP1 = structure(c(517L, 
    143L, 35L, 2L, 3309L, 125L, 9L, 247L, 0L, 0L, 0L, 0L, 1L, 
    0L, 0L, 1L, 0L, 0L, 0L, 0L, 3L, 0L, 0L, 0L, 28L, 3L, 0L, 
    0L, 360L, 12L, 0L, 0L), .Dim = c(8L, 4L), .Dimnames = structure(list(
        c("-1", "-2", "-3", "-4", "0", "1", "2", NA), c("A", 
        "G", "T", NA)), .Names = c("", "")), class = "table"), 
    EJmono05_SNP1 = structure(c(654L, 51L, 3L, 3355L, 91L, 1L, 
    66L, 11L, 0L, 0L, 171L, 2L, 0L, 0L), .Dim = c(7L, 2L), .Dimnames = structure(list(
        c("-1", "-2", "-3", "0", "1", "2", NA), c("T", NA)), .Names = c("", 
    "")), class = "table"), EJmono16_SNP1 = structure(c(293L, 
    27L, 1L, 3023L, 122L, 3L, 285L, 0L, 0L, 0L, 1L, 0L, 0L, 0L, 
    0L, 0L, 0L, 1L, 1L, 0L, 0L, 6L, 0L, 0L, 76L, 1L, 0L, 0L), .Dim = c(7L, 
    4L), .Dimnames = structure(list(c("-1", "-2", "-3", "0", 
    "1", "2", NA), c("A", "C", "G", NA)), .Names = c("", "")), class = "table"), 
    LMmono01_SNP1 = structure(c(508L, 32L, 2392L, 41L, 2L, 90L, 
    0L, 0L, 1L, 0L, 0L, 0L, 29L, 0L, 203L, 5L, 0L, 0L), .Dim = c(6L, 
    3L), .Dimnames = structure(list(c("-1", "-2", "0", "1", "2", 
    NA), c("A", "G", NA)), .Names = c("", "")), class = "table"), 
    LMmono03_SNP1 = structure(c(0L, 0L, 0L, 0L, 1L, 0L, 0L, 0L, 
    553L, 138L, 32L, 3L, 1938L, 118L, 6L, 89L, 0L, 0L, 0L, 0L, 
    1L, 0L, 0L, 0L, 21L, 8L, 0L, 0L, 291L, 4L, 0L, 0L), .Dim = c(8L, 
    4L), .Dimnames = structure(list(c("-1", "-2", "-3", "-4", 
    "0", "1", "2", NA), c("A", "C", "T", NA)), .Names = c("", 
    "")), class = "table"), LMmono09_SNP1 = structure(c(2289L, 
    368L, 46L, 3L, 1L, 8333L, 360L, 13L, 377L, 19L, 11L, 0L, 
    0L, 0L, 173L, 3L, 0L, 0L), .Dim = c(9L, 2L), .Dimnames = structure(list(
        c("-1", "-2", "-3", "-4", "-5", "0", "1", "2", NA), c("T", 
        NA)), .Names = c("", "")), class = "table"), LMmono12_SNP1 = structure(c(719L, 
    142L, 31L, 2662L, 179L, 7L, 114L, 0L, 1L, 0L, 0L, 0L, 0L, 
    0L, 39L, 11L, 0L, 312L, 9L, 1L, 0L), .Dim = c(7L, 3L), .Dimnames = structure(list(
        c("-1", "-2", "-3", "0", "1", "2", NA), c("A", "G", NA
        )), .Names = c("", "")), class = "table"), LMmono16_SNP1 = structure(c(28L, 
    2L, 3264L, 66L, 972L, 5L, 227L, 16L, 2L, 511L, 0L, 0L, 1L, 
    0L, 0L, 0L, 0L, 0L, 0L, 0L, 0L, 0L, 1L, 0L, 0L, 0L, 0L, 0L, 
    0L, 0L, 0L, 0L, 649L, 3L, 75L, 0L, 33L, 1L, 0L, 0L), .Dim = c(10L, 
    4L), .Dimnames = structure(list(c("-1", "-2", "0", "1", "3", 
    "4", "5", "6", "7", NA), c("A", "G", "T", NA)), .Names = c("", 
    "")), class = "table"), MSJmono10_SNP1 = structure(c(430L, 
    15L, 4349L, 138L, 6L, 37L, 0L, 0L, 1L, 0L, 0L, 0L, 18L, 1L, 
    290L, 6L, 1L, 0L), .Dim = c(6L, 3L), .Dimnames = structure(list(
        c("-1", "-2", "0", "1", "2", NA), c("C", "T", NA)), .Names = c("", 
    "")), class = "table"), MSJmono19ms1_SNP1 = structure(c(182L, 
    15L, 3L, 1L, 3997L, 87L, 4L, 186L, 0L, 0L, 0L, 0L, 12L, 0L, 
    0L, 1L, 0L, 0L, 0L, 0L, 1L, 0L, 0L, 0L, 0L, 0L, 0L, 0L, 4L, 
    0L, 0L, 1L, 19L, 1L, 0L, 0L, 615L, 13L, 0L, 0L), .Dim = c(8L, 
    5L), .Dimnames = structure(list(c("-1", "-2", "-3", "-4", 
    "0", "1", "2", NA), c("A", "C", "G", "T", NA)), .Names = c("", 
    "")), class = "table"), MSJmono19ms2_SNP1 = structure(c(221L, 
    4L, 4119L, 49L, 1L, 59L, 3L, 0L, 353L, 2L, 0L, 0L), .Dim = c(6L, 
    2L), .Dimnames = structure(list(c("-1", "-2", "0", "1", "2", 
    NA), c("C", NA)), .Names = c("", "")), class = "table"), 
    MSJmono36_SNP1 = structure(c(0L, 0L, 1L, 0L, 0L, 0L, 469L, 
    36L, 4544L, 93L, 10L, 127L, 4L, 1L, 189L, 0L, 0L, 0L), .Dim = c(6L, 
    3L), .Dimnames = structure(list(c("-1", "-2", "0", "1", "2", 
    NA), c("A", "G", NA)), .Names = c("", "")), class = "table"), 
    MSJmono44_SNP1 = structure(c(0L, 0L, 1L, 0L, 0L, 0L, 0L, 
    0L, 1L, 0L, 0L, 0L, 588L, 26L, 2357L, 40L, 1L, 31L, 17L, 
    0L, 114L, 1L, 0L, 0L), .Dim = c(6L, 4L), .Dimnames = structure(list(
        c("-1", "-2", "0", "1", "2", NA), c("-", "C", "T", NA
        )), .Names = c("", "")), class = "table"), MSJmono46_SNP1 = structure(c(682L, 
    95L, 7L, 2L, 2067L, 155L, 6L, 99L, 99L, 8L, 0L, 0L, 583L, 
    36L, 6L, 0L), .Dim = c(8L, 2L), .Dimnames = structure(list(
        c("-1", "-2", "-3", "-4", "0", "1", "2", NA), c("C", 
        NA)), .Names = c("", "")), class = "table"), LMmono04v2_SNP1 = structure(c(0L, 
    0L, 0L, 1L, 0L, 0L, 0L, 494L, 191L, 4L, 2570L, 107L, 3L, 
    34L, 0L, 0L, 0L, 2L, 0L, 0L, 0L, 10L, 2L, 0L, 146L, 7L, 0L, 
    0L), .Dim = c(7L, 4L), .Dimnames = structure(list(c("-1", 
    "-2", "-3", "0", "1", "2", NA), c("A", "C", "T", NA)), .Names = c("", 
    "")), class = "table"), AKMmono01v2_SNP1 = structure(c(0L, 
    0L, 0L, 1L, 0L, 0L, 0L, 0L, 0L, 0L, 1L, 0L, 0L, 0L, 1L, 0L, 
    0L, 0L, 0L, 0L, 0L, 464L, 41L, 2L, 3659L, 250L, 6L, 57L, 
    21L, 3L, 1L, 332L, 6L, 0L, 0L), .Dim = c(7L, 5L), .Dimnames = structure(list(
        c("-1", "-2", "-3", "0", "1", "2", NA), c("-", "A", "C", 
        "T", NA)), .Names = c("", "")), class = "table"), AKMmono10v2_SNP1 = structure(c(261L, 
    27L, 2366L, 30L, 29L, 0L, 0L, 0L, 2L, 0L, 2L, 0L, 123L, 1L, 
    0L), .Dim = c(5L, 3L), .Dimnames = structure(list(c("-1", 
    "-2", "0", "1", NA), c("A", "G", NA)), .Names = c("", "")), class = "table"), 
    AKMmono17v2_SNP1 = structure(c(156L, 27L, 1L, 683L, 11L, 
    18L, 45L, 228L, 1L, 675L, 7L, 16L, 2L, 2L, 0L, 76L, 0L, 0L
    ), .Dim = c(6L, 3L), .Dimnames = structure(list(c("-1", "-2", 
    "-3", "0", "1", NA), c("A", "C", NA)), .Names = c("", "")), class = "table"), 
    EJmono13v2_SNP1 = structure(c(0L, 0L, 1L, 0L, 0L, 0L, 163L, 
    11L, 2316L, 74L, 3L, 14L, 11L, 0L, 203L, 7L, 1L, 0L), .Dim = c(6L, 
    3L),