Result <-
list(AKMmono02_SNP1 = structure(c(1L, 0L, 0L, 1L, 0L, 0L, 0L, 
0L, 0L, 0L, 0L, 0L, 0L, 1L, 383L, 16L, 2L, 3420L, 106L, 2L, 81L, 
10L, 0L, 0L, 144L, 0L, 0L, 0L), .Dim = c(7L, 4L), .Dimnames = structure(list(
    c("-1", "-2", "-3", "0", "1", "2", NA), c("A", "G", "T", 
    NA)), .Names = c("", "")), class = "table"), AKMmono03_SNP1 = structure(c(1119L, 
157L, 28L, 2L, 1L, 10144L, 213L, 9L, 160L, 0L, 0L, 0L, 0L, 0L, 
2L, 0L, 0L, 0L, 0L, 0L, 0L, 0L, 0L, 1L, 0L, 0L, 0L, 0L, 0L, 0L, 
0L, 0L, 2L, 0L, 0L, 0L, 64L, 7L, 0L, 0L, 0L, 985L, 3L, 0L, 0L
), .Dim = c(9L, 5L), .Dimnames = structure(list(c("-1", "-2", 
"-3", "-4", "-5", "0", "1", "2", NA), c("A", "C", "G", "T", NA
)), .Names = c("", "")), class = "table"), AKMmono05_SNP1 = structure(c(1087L, 
132L, 24L, 4L, 6825L, 307L, 15L, 1L, 183L, 0L, 0L, 0L, 0L, 4L, 
1L, 0L, 0L, 0L, 0L, 0L, 0L, 0L, 3L, 0L, 0L, 0L, 1L, 65L, 9L, 
0L, 0L, 747L, 29L, 0L, 0L, 0L), .Dim = c(9L, 4L), .Dimnames = structure(list(
    c("-1", "-2", "-3", "-4", "0", "1", "2", "3", NA), c("A", 
    "C", "T", NA)), .Names = c("", "")), class = "table"), AKMmono11_SNP1 = structure(c(0L, 
0L, 0L, 4L, 0L, 0L, 0L, 0L, 0L, 0L, 1L, 0L, 0L, 0L, 1069L, 91L, 
3L, 8154L, 147L, 5L, 237L, 138L, 1L, 0L, 1213L, 34L, 1L, 0L), .Dim = c(7L, 
4L), .Dimnames = structure(list(c("-1", "-2", "-3", "0", "1", 
"2", NA), c("A", "C", "T", NA)), .Names = c("", "")), class = "table"), 
    AKMmono12_SNP1 = structure(c(0L, 0L, 0L, 0L, 3L, 0L, 0L, 
    0L, 0L, 978L, 74L, 3L, 1L, 6547L, 174L, 3L, 1L, 126L, 0L, 
    0L, 0L, 0L, 1L, 0L, 0L, 0L, 0L, 27L, 0L, 0L, 1L, 558L, 10L, 
    0L, 0L, 0L), .Dim = c(9L, 4L), .Dimnames = structure(list(
        c("-1", "-2", "-3", "-4", "0", "1", "2", "3", NA), c("A", 
        "C", "G", NA)), .Names = c("", "")), class = "table"), 
    AKMmono13_SNP1 = structure(c(752L, 119L, 4L, 7307L, 230L, 
    6L, 115L, 0L, 0L, 0L, 1L, 0L, 0L, 0L, 0L, 0L, 0L, 1L, 0L, 
    0L, 0L, 29L, 0L, 0L, 562L, 13L, 0L, 0L), .Dim = c(7L, 4L), .Dimnames = structure(list(
        c("-1", "-2", "-3", "0", "1", "2", NA), c("A", "G", "T", 
        NA)), .Names = c("", "")), class = "table"), AKMmono16_SNP1 = structure(c(844L, 
    54L, 3L, 5649L, 126L, 4L, 91L, 0L, 0L, 0L, 2L, 0L, 0L, 0L, 
    0L, 0L, 0L, 1L, 0L, 0L, 0L, 24L, 4L, 0L, 360L, 12L, 0L, 0L
    ), .Dim = c(7L, 4L), .Dimnames = structure(list(c("-1", "-2", 
    "-3", "0", "1", "2", NA), c("A", "C", "T", NA)), .Names = c("", 
    "")), class = "table"), AKMmono22_SNP1 = structure(c(699L, 
    116L, 11L, 2L, 3871L, 209L, 12L, 3L, 271L, 1L, 0L, 0L, 0L, 
    0L, 0L, 0L, 0L, 0L, 0L, 0L, 0L, 0L, 1L, 0L, 0L, 0L, 0L, 27L, 
    7L, 0L, 0L, 476L, 11L, 2L, 0L, 0L), .Dim = c(9L, 4L), .Dimnames = structure(list(
        c("-1", "-2", "-3", "-4", "0", "1", "2", "3", NA), c("A", 
        "C", "T", NA)), .Names = c("", "")), class = "table"), 
    EJmono05_SNP1 = structure(c(0L, 0L, 0L, 2L, 0L, 0L, 0L, 608L, 
    50L, 1L, 5916L, 136L, 3L, 96L, 4L, 2L, 0L, 272L, 6L, 0L, 
    0L), .Dim = c(7L, 3L), .Dimnames = structure(list(c("-1", 
    "-2", "-3", "0", "1", "2", NA), c("A", "T", NA)), .Names = c("", 
    "")), class = "table"), EJmono16_SNP1 = structure(c(364L, 
    27L, 2L, 5393L, 220L, 9L, 1L, 443L, 5L, 0L, 0L, 115L, 1L, 
    0L, 0L, 0L), .Dim = c(8L, 2L), .Dimnames = structure(list(
        c("-1", "-2", "-3", "0", "1", "2", "3", NA), c("A", NA
        )), .Names = c("", "")), class = "table"), LMmono01_SNP1 = structure(c(328L, 
    12L, 2493L, 68L, 1L, 66L, 0L, 0L, 1L, 0L, 0L, 0L, 0L, 0L, 
    1L, 0L, 0L, 0L, 9L, 2L, 177L, 3L, 0L, 0L), .Dim = c(6L, 4L
    ), .Dimnames = structure(list(c("-1", "-2", "0", "1", "2", 
    NA), c("A", "C", "G", NA)), .Names = c("", "")), class = "table"), 
    LMmono03_SNP1 = structure(c(1L, 0L, 0L, 0L, 0L, 0L, 0L, 0L, 
    498L, 93L, 14L, 4L, 2L, 1897L, 81L, 79L, 2L, 0L, 0L, 0L, 
    0L, 4L, 0L, 0L, 13L, 2L, 0L, 0L, 0L, 270L, 2L, 0L), .Dim = c(8L, 
    4L), .Dimnames = structure(list(c("-1", "-2", "-3", "-4", 
    "-5", "0", "1", NA), c("-", "C", "T", NA)), .Names = c("", 
    "")), class = "table"), LMmono09_SNP1 = structure(c(0L, 0L, 
    0L, 0L, 0L, 4L, 0L, 0L, 0L, 1733L, 191L, 26L, 4L, 1L, 9804L, 
    407L, 8L, 263L, 14L, 2L, 0L, 0L, 0L, 191L, 2L, 2L, 0L), .Dim = c(9L, 
    3L), .Dimnames = structure(list(c("-1", "-2", "-3", "-4", 
    "-5", "0", "1", "2", NA), c("C", "T", NA)), .Names = c("", 
    "")), class = "table"), LMmono12_SNP1 = structure(c(924L, 
    112L, 13L, 3854L, 273L, 18L, 1L, 157L, 0L, 0L, 0L, 1L, 0L, 
    0L, 0L, 0L, 49L, 5L, 0L, 427L, 10L, 0L, 0L, 0L), .Dim = c(8L, 
    3L), .Dimnames = structure(list(c("-1", "-2", "-3", "0", 
    "1", "2", "3", NA), c("A", "T", NA)), .Names = c("", "")), class = "table"), 
    LMmono16_SNP1 = structure(c(1524L, 151L, 5L, 2L, 5902L, 531L, 
    32L, 1L, 252L, 0L, 0L, 0L, 0L, 2L, 0L, 0L, 0L, 0L, 0L, 0L, 
    0L, 0L, 1L, 0L, 0L, 0L, 0L, 0L, 0L, 0L, 0L, 2L, 0L, 0L, 0L, 
    0L, 53L, 5L, 1L, 0L, 985L, 38L, 4L, 0L, 0L), .Dim = c(9L, 
    5L), .Dimnames = structure(list(c("-1", "-2", "-3", "-4", 
    "0", "1", "2", "4", NA), c("A", "C", "G", "T", NA)), .Names = c("", 
    "")), class = "table"), MSJmono10_SNP1 = structure(c(0L, 
    0L, 0L, 0L, 0L, 0L, 0L, 1L, 541L, 21L, 1L, 4553L, 180L, 2L, 
    0L, 55L, 15L, 2L, 0L, 301L, 9L, 0L, 1L, 0L), .Dim = c(8L, 
    3L), .Dimnames = structure(list(c("-1", "-2", "-3", "0", 
    "1", "2", "3", NA), c("A", "C", NA)), .Names = c("", "")), class = "table"), 
    MSJmono19ms1_SNP1 = structure(c(460L, 27L, 2L, 1L, 6648L, 
    143L, 5L, 392L, 0L, 0L, 0L, 0L, 17L, 0L, 0L, 4L, 0L, 0L, 
    0L, 0L, 7L, 0L, 0L, 1L, 43L, 2L, 0L, 0L, 1086L, 27L, 0L, 
    0L), .Dim = c(8L, 4L), .Dimnames = structure(list(c("-1", 
    "-2", "-3", "-4", "0", "1", "2", NA), c("A", "C", "T", NA
    )), .Names = c("", "")), class = "table"), MSJmono19ms2_SNP1 = structure(c(371L, 
    3L, 1L, 7204L, 98L, 3L, 91L, 7L, 0L, 0L, 568L, 2L, 0L, 0L
    ), .Dim = c(7L, 2L), .Dimnames = structure(list(c("-1", "-2", 
    "-3", "0", "1", "2", NA), c("C", NA)), .Names = c("", "")), class = "table"), 
    MSJmono36_SNP1 = structure(c(0L, 0L, 0L, 0L, 2L, 0L, 0L, 
    0L, 0L, 0L, 0L, 1L, 0L, 0L, 478L, 15L, 1L, 1L, 7155L, 193L, 
    158L, 6L, 0L, 0L, 0L, 275L, 2L, 0L), .Dim = c(7L, 4L), .Dimnames = structure(list(
        c("-1", "-2", "-3", "-4", "0", "1", NA), c("A", "C", 
        "G", NA)), .Names = c("", "")), class = "table"), MSJmono44_SNP1 = structure(c(0L, 
    0L, 0L, 0L, 1L, 0L, 0L, 0L, 0L, 0L, 0L, 0L, 1L, 0L, 0L, 0L, 
    352L, 9L, 6L, 1L, 5092L, 92L, 2L, 47L, 8L, 1L, 0L, 0L, 246L, 
    3L, 0L, 0L), .Dim = c(8L, 4L), .Dimnames = structure(list(
        c("-1", "-2", "-3", "-5", "0", "1", "2", NA), c("C", 
        "G", "T", NA)), .Names = c("", "")), class = "table"), 
    MSJmono46_SNP1 = structure(c(317L, 38L, 4L, 1211L, 95L, 3L, 
    54L, 51L, 2L, 0L, 355L, 20L, 1L, 0L), .Dim = c(7L, 2L), .Dimnames = structure(list(
        c("-1", "-2", "-3", "0", "1", "2", NA), c("C", NA)), .Names = c("", 
    "")), class = "table"), LMmono04v2_SNP1 = structure(c(1L, 
    0L, 0L, 2L, 0L, 0L, 0L, 1486L, 115L, 4L, 1480L, 66L, 4L, 
    79L, 0L, 0L, 0L, 3L, 0L, 0L, 0L, 35L, 1L, 0L, 75L, 2L, 1L, 
    0L), .Dim = c(7L, 4L), .Dimnames = structure(list(c("-1", 
    "-2", "-3", "0", "1", "2", NA), c("A", "C", "T", NA)), .Names = c("", 
    "")), class = "table"), AKMmono01v2_SNP1 = structure(c(1L, 
    0L, 0L, 1L, 0L, 0L, 0L, 430L, 24L, 2L, 4429L, 93L, 3L, 59L, 
    16L, 1L, 0L, 385L, 8L, 0L, 0L), .Dim = c(7L, 3L), .Dimnames = structure(list(
        c("-1", "-2", "-3", "0", "1", "2", NA), c("C", "T", NA
        )), .Names = c("", "")), class = "table"), AKMmono10v2_SNP1 = structure(c(73L, 
    1L, 1174L, 13L, 11L, 59L, 1L, 1073L, 20L, 10L, 3L, 0L, 141L, 
    3L, 0L), .Dim = c(5L, 3L), .Dimnames = structure(list(c("-1", 
    "-2", "0", "1", NA), c("A", "G", NA)), .Names = c("", "")), class = "table"), 
    AKMmono17v2_SNP1 = structure(c(37L, 3L, 544L, 10L, 5L, 48L, 
    3L, 531L, 15L, 9L, 1L, 0L, 46L, 1L, 0L), .Dim = c(5L, 3L),