Result <-
list(AKMmono02_SNP1 = structure(c(0L, 0L, 0L, 1L, 0L, 0L, 0L, 
315L, 16L, 2L, 3622L, 77L, 1L, 60L, 4L, 0L, 0L, 56L, 0L, 0L, 
0L), .Dim = c(7L, 3L), .Dimnames = structure(list(c("-1", "-2", 
"-3", "0", "1", "2", NA), c("A", "T", NA)), .Names = c("", ""
)), class = "table"), AKMmono03_SNP1 = structure(c(1174L, 181L, 
55L, 4L, 10409L, 180L, 5L, 110L, 1L, 0L, 0L, 0L, 3L, 0L, 0L, 
0L, 50L, 6L, 2L, 0L, 725L, 7L, 1L, 0L), .Dim = c(8L, 3L), .Dimnames = structure(list(
    c("-1", "-2", "-3", "-4", "0", "1", "2", NA), c("A", "G", 
    NA)), .Names = c("", "")), class = "table"), AKMmono05_SNP1 = structure(c(864L, 
119L, 14L, 1L, 5711L, 217L, 8L, 86L, 0L, 0L, 0L, 0L, 1L, 0L, 
0L, 0L, 0L, 0L, 0L, 0L, 2L, 0L, 0L, 0L, 0L, 0L, 0L, 0L, 3L, 0L, 
0L, 0L, 48L, 4L, 0L, 0L, 540L, 25L, 1L, 0L), .Dim = c(8L, 5L), .Dimnames = structure(list(
    c("-1", "-2", "-3", "-4", "0", "1", "2", NA), c("A", "C", 
    "G", "T", NA)), .Names = c("", "")), class = "table"), AKMmono11_SNP1 = structure(c(0L, 
0L, 0L, 5L, 0L, 0L, 1L, 0L, 0L, 0L, 1L, 0L, 0L, 0L, 0L, 0L, 0L, 
1L, 0L, 0L, 0L, 1163L, 68L, 5L, 9656L, 179L, 3L, 167L, 160L, 
7L, 0L, 1835L, 58L, 0L, 0L), .Dim = c(7L, 5L), .Dimnames = structure(list(
    c("-1", "-2", "-3", "0", "1", "2", NA), c("A", "C", "G", 
    "T", NA)), .Names = c("", "")), class = "table"), AKMmono12_SNP1 = structure(c(0L, 
0L, 0L, 3L, 0L, 0L, 0L, 0L, 916L, 67L, 7L, 6458L, 172L, 8L, 1L, 
54L, 1L, 0L, 0L, 0L, 0L, 0L, 0L, 0L, 0L, 0L, 0L, 1L, 0L, 0L, 
0L, 0L, 22L, 3L, 0L, 515L, 4L, 0L, 0L, 0L), .Dim = c(8L, 5L), .Dimnames = structure(list(
    c("-1", "-2", "-3", "0", "1", "2", "3", NA), c("A", "C", 
    "G", "T", NA)), .Names = c("", "")), class = "table"), AKMmono13_SNP1 = structure(c(439L, 
24L, 2L, 6383L, 181L, 3L, 46L, 0L, 0L, 0L, 1L, 0L, 0L, 0L, 3L, 
0L, 0L, 347L, 7L, 0L, 0L), .Dim = c(7L, 3L), .Dimnames = structure(list(
    c("-1", "-2", "-3", "0", "1", "2", NA), c("A", "T", NA)), .Names = c("", 
"")), class = "table"), AKMmono16_SNP1 = structure(c(404L, 18L, 
1L, 1L, 4251L, 74L, 19L, 0L, 0L, 0L, 0L, 2L, 0L, 0L, 0L, 0L, 
0L, 0L, 1L, 0L, 0L, 6L, 0L, 0L, 0L, 241L, 3L, 0L), .Dim = c(7L, 
4L), .Dimnames = structure(list(c("-1", "-2", "-3", "-4", "0", 
"1", NA), c("A", "C", "T", NA)), .Names = c("", "")), class = "table"), 
    AKMmono22_SNP1 = structure(c(789L, 144L, 21L, 1L, 4980L, 
    315L, 24L, 1L, 191L, 0L, 0L, 0L, 0L, 2L, 0L, 0L, 0L, 0L, 
    0L, 0L, 0L, 0L, 3L, 0L, 0L, 0L, 0L, 41L, 0L, 1L, 0L, 458L, 
    9L, 0L, 1L, 0L), .Dim = c(9L, 4L), .Dimnames = structure(list(
        c("-1", "-2", "-3", "-4", "0", "1", "2", "3", NA), c("A", 
        "G", "T", NA)), .Names = c("", "")), class = "table"), 
    EJmono05_SNP1 = structure(c(0L, 0L, 0L, 1L, 0L, 0L, 0L, 690L, 
    51L, 3L, 5485L, 142L, 3L, 39L, 11L, 0L, 0L, 201L, 3L, 0L, 
    0L), .Dim = c(7L, 3L), .Dimnames = structure(list(c("-1", 
    "-2", "-3", "0", "1", "2", NA), c("G", "T", NA)), .Names = c("", 
    "")), class = "table"), EJmono16_SNP1 = structure(c(639L, 
    36L, 6L, 9703L, 506L, 20L, 3L, 1L, 333L, 0L, 0L, 0L, 1L, 
    0L, 0L, 0L, 0L, 0L, 6L, 1L, 0L, 101L, 3L, 0L, 0L, 0L, 0L), .Dim = c(9L, 
    3L), .Dimnames = structure(list(c("-1", "-2", "-3", "0", 
    "1", "2", "3", "6", NA), c("A", "G", NA)), .Names = c("", 
    "")), class = "table"), LMmono01_SNP1 = structure(c(489L, 
    26L, 6L, 4507L, 87L, 0L, 30L, 0L, 0L, 0L, 1L, 0L, 0L, 0L, 
    0L, 0L, 0L, 2L, 0L, 0L, 0L, 20L, 2L, 0L, 326L, 6L, 1L, 0L
    ), .Dim = c(7L, 4L), .Dimnames = structure(list(c("-1", "-2", 
    "-3", "0", "1", "2", NA), c("A", "G", "T", NA)), .Names = c("", 
    "")), class = "table"), LMmono03_SNP1 = structure(c(1L, 0L, 
    0L, 0L, 0L, 0L, 0L, 0L, 591L, 83L, 6L, 1L, 2364L, 89L, 5L, 
    95L, 1L, 0L, 0L, 0L, 0L, 0L, 0L, 0L, 8L, 1L, 0L, 0L, 142L, 
    7L, 0L, 0L), .Dim = c(8L, 4L), .Dimnames = structure(list(
        c("-1", "-2", "-3", "-5", "0", "1", "2", NA), c("A", 
        "C", "T", NA)), .Names = c("", "")), class = "table"), 
    LMmono09_SNP1 = structure(c(1508L, 214L, 18L, 1L, 6261L, 
    299L, 10L, 1L, 161L, 22L, 4L, 0L, 0L, 90L, 0L, 0L, 0L, 0L
    ), .Dim = c(9L, 2L), .Dimnames = structure(list(c("-1", "-2", 
    "-3", "-4", "0", "1", "2", "3", NA), c("T", NA)), .Names = c("", 
    "")), class = "table"), LMmono12_SNP1 = structure(c(704L, 
    50L, 3L, 2L, 3827L, 270L, 15L, 139L, 6L, 1L, 0L, 0L, 127L, 
    8L, 0L, 0L), .Dim = c(8L, 2L), .Dimnames = structure(list(
        c("-1", "-2", "-3", "-4", "0", "1", "2", NA), c("A", 
        NA)), .Names = c("", "")), class = "table"), LMmono16_SNP1 = structure(c(1174L, 
    124L, 8L, 0L, 4586L, 314L, 23L, 1L, 113L, 41L, 3L, 1L, 1L, 
    651L, 13L, 2L, 0L, 0L), .Dim = c(9L, 2L), .Dimnames = structure(list(
        c("-1", "-2", "-3", "-4", "0", "1", "2", "3", NA), c("A", 
        NA)), .Names = c("", "")), class = "table"), MSJmono10_SNP1 = structure(c(0L, 
    0L, 1L, 0L, 0L, 0L, 261L, 12L, 4444L, 178L, 4L, 23L, 1L, 
    0L, 0L, 0L, 0L, 0L, 7L, 0L, 241L, 9L, 0L, 0L), .Dim = c(6L, 
    4L), .Dimnames = structure(list(c("-1", "-2", "0", "1", "2", 
    NA), c("A", "C", "T", NA)), .Names = c("", "")), class = "table"), 
    MSJmono19ms1_SNP1 = structure(c(718L, 30L, 6L, 13061L, 386L, 
    14L, 292L, 0L, 0L, 0L, 13L, 0L, 0L, 1L, 0L, 0L, 0L, 2L, 0L, 
    0L, 0L, 0L, 0L, 0L, 10L, 0L, 0L, 0L, 51L, 2L, 0L, 1352L, 
    33L, 1L, 0L), .Dim = c(7L, 5L), .Dimnames = structure(list(
        c("-1", "-2", "-3", "0", "1", "2", NA), c("A", "C", "G", 
        "T", NA)), .Names = c("", "")), class = "table"), MSJmono19ms2_SNP1 = structure(c(615L, 
    12L, 13183L, 120L, 5L, 177L, 3L, 0L, 1013L, 1L, 0L, 0L), .Dim = c(6L, 
    2L), .Dimnames = structure(list(c("-1", "-2", "0", "1", "2", 
    NA), c("C", NA)), .Names = c("", "")), class = "table"), 
    MSJmono36_SNP1 = structure(c(0L, 0L, 0L, 2L, 0L, 0L, 0L, 
    0L, 0L, 0L, 1L, 0L, 0L, 0L, 595L, 31L, 1L, 9482L, 238L, 3L, 
    141L, 0L, 0L, 0L, 1L, 0L, 0L, 0L, 4L, 0L, 0L, 246L, 3L, 0L, 
    0L), .Dim = c(7L, 5L), .Dimnames = structure(list(c("-1", 
    "-2", "-3", "0", "1", "2", NA), c("A", "C", "G", "T", NA)), .Names = c("", 
    "")), class = "table"), MSJmono44_SNP1 = structure(c(0L, 
    0L, 0L, 9L, 5L, 0L, 1L, 318L, 14L, 1L, 1L, 5038L, 101L, 27L, 
    2L, 0L, 0L, 0L, 77L, 0L, 0L), .Dim = c(7L, 3L), .Dimnames = structure(list(
        c("-1", "-2", "-4", "-5", "0", "1", NA), c("-", "T", 
        NA)), .Names = c("", "")), class = "table"), MSJmono46_SNP1 = structure(c(243L, 
    19L, 3L, 1130L, 83L, 30L, 5L, 1L, 0L, 33L, 1L, 0L), .Dim = c(6L, 
    2L), .Dimnames = structure(list(c("-1", "-2", "-3", "0", 
    "1", NA), c("C", NA)), .Names = c("", "")), class = "table"), 
    LMmono04v2_SNP1 = structure(c(1L, 0L, 0L, 0L, 0L, 0L, 0L, 
    266L, 19L, 3L, 2334L, 98L, 4L, 18L, 5L, 0L, 0L, 126L, 1L, 
    0L, 0L), .Dim = c(7L, 3L), .Dimnames = structure(list(c("-1", 
    "-2", "-3", "0", "1", "2", NA), c("A", "C", NA)), .Names = c("", 
    "")), class = "table"), AKMmono01v2_SNP1 = structure(c(0L, 
    0L, 0L, 1L, 0L, 0L, 0L, 1L, 0L, 0L, 0L, 0L, 0L, 0L, 3L, 0L, 
    0L, 0L, 0L, 0L, 0L, 269L, 12L, 1L, 3284L, 57L, 3L, 33L, 5L, 
    1L, 0L, 150L, 3L, 0L, 0L), .Dim = c(7L, 5L), .Dimnames = structure(list(
        c("-1", "-2", "-3", "0", "1", "2", NA), c("-", "A", "C", 
        "T", NA)), .Names = c("", "")), class = "table"), AKMmono10v2_SNP1 = structure(c(86L, 
    2L, 1712L, 20L, 1L, 9L, 5L, 0L, 7L, 0L, 0L, 0L, 0L, 0L, 1L, 
    0L, 0L, 0L, 0L, 0L, 61L, 0L, 0L, 0L), .Dim = c(6L, 4L), .Dimnames = structure(list(
        c("-1", "-2", "0", "1", "2", NA), c("A", "G", "T", NA
        )), .Names = c("", "")), class = "table"), AKMmono17v2_SNP1 = structure(c(1L, 
    0L, 0L, 4L, 10L, 1L, 1L, 303L, 0L, 0L, 0L, 8L), .Dim = 4:3, .Dimnames = structure(list(
        c("-1", "-2", "-3", "0"), c("A", "C", NA)), .Names = c("", 
    "")), class = "table"), EJmono13v2_SNP1 = structure(c(65L, 
    2L, 1013L, 16L, 9L, 2L, 0L, 25L, 0L, 0L), .Dim = c(5L, 2L
    ), .Dimnames = structure(list(c("-1", "-2", "0", "1", NA), 
        c("G", NA)),