Result <-
list(AKMmono02_SNP1 = structure(c(497L, 25L, 4L, 3971L, 86L, 
5L, 116L, 10L, 1L, 0L, 137L, 1L, 0L, 0L), .Dim = c(7L, 2L), .Dimnames = structure(list(
    c("-1", "-2", "-3", "0", "1", "2", NA), c("T", NA)), .Names = c("", 
"")), class = "table"), AKMmono03_SNP1 = structure(c(0L, 0L, 
0L, 0L, 1L, 0L, 0L, 0L, 0L, 1414L, 226L, 46L, 1L, 4256L, 51L, 
3L, 1L, 145L, 1L, 0L, 0L, 0L, 3L, 0L, 0L, 0L, 0L, 1L, 0L, 0L, 
0L, 2L, 0L, 0L, 0L, 0L, 86L, 12L, 1L, 0L, 410L, 6L, 0L, 0L, 0L
), .Dim = c(9L, 5L), .Dimnames = structure(list(c("-1", "-2", 
"-3", "-4", "0", "1", "2", "3", NA), c("-", "A", "C", "G", NA
)), .Names = c("", "")), class = "table"), AKMmono05_SNP1 = structure(c(1165L, 
154L, 23L, 4L, 1L, 2829L, 109L, 3L, 124L, 0L, 0L, 0L, 0L, 0L, 
2L, 0L, 0L, 0L, 1L, 0L, 1L, 0L, 0L, 0L, 0L, 0L, 0L, 0L, 0L, 0L, 
0L, 0L, 1L, 0L, 0L, 0L, 53L, 4L, 0L, 0L, 0L, 328L, 14L, 0L, 0L
), .Dim = c(9L, 5L), .Dimnames = structure(list(c("-1", "-2", 
"-3", "-4", "-6", "0", "1", "2", NA), c("A", "C", "G", "T", NA
)), .Names = c("", "")), class = "table"), AKMmono11_SNP1 = structure(c(0L, 
0L, 0L, 3L, 0L, 0L, 0L, 0L, 1693L, 201L, 6L, 4419L, 544L, 16L, 
1L, 377L, 186L, 9L, 0L, 681L, 112L, 5L, 0L, 0L), .Dim = c(8L, 
3L), .Dimnames = structure(list(c("-1", "-2", "-3", "0", "1", 
"2", "3", NA), c("A", "T", NA)), .Names = c("", "")), class = "table"), 
    AKMmono12_SNP1 = structure(c(0L, 0L, 0L, 0L, 0L, 2L, 0L, 
    0L, 0L, 612L, 1585L, 101L, 2L, 1L, 3689L, 86L, 6L, 162L, 
    0L, 1L, 0L, 0L, 0L, 0L, 0L, 0L, 0L, 0L, 0L, 0L, 0L, 0L, 2L, 
    0L, 0L, 0L, 19L, 24L, 3L, 0L, 0L, 258L, 3L, 0L, 0L), .Dim = c(9L, 
    5L), .Dimnames = structure(list(c("-1", "-2", "-3", "-4", 
    "-5", "0", "1", "2", NA), c("A", "C", "G", "T", NA)), .Names = c("", 
    "")), class = "table"), AKMmono13_SNP1 = structure(c(1907L, 
    155L, 40L, 3128L, 54L, 178L, 55L, 4L, 0L, 215L, 2L, 0L), .Dim = c(6L, 
    2L), .Dimnames = structure(list(c("-1", "-2", "-3", "0", 
    "1", NA), c("A", NA)), .Names = c("", "")), class = "table"), 
    AKMmono16_SNP1 = structure(c(904L, 862L, 88L, 1L, 2640L, 
    34L, 1L, 126L, 1L, 0L, 0L, 0L, 0L, 0L, 0L, 0L, 0L, 0L, 0L, 
    0L, 3L, 0L, 0L, 0L, 28L, 22L, 0L, 0L, 163L, 2L, 0L, 0L), .Dim = c(8L, 
    4L), .Dimnames = structure(list(c("-1", "-2", "-3", "-4", 
    "0", "1", "2", NA), c("A", "G", "T", NA)), .Names = c("", 
    "")), class = "table"), AKMmono22_SNP1 = structure(c(523L, 
    230L, 56L, 1L, 2358L, 116L, 8L, 249L, 0L, 0L, 0L, 0L, 2L, 
    0L, 0L, 0L, 1L, 0L, 0L, 0L, 0L, 0L, 0L, 0L, 20L, 7L, 1L, 
    0L, 269L, 2L, 0L, 0L), .Dim = c(8L, 4L), .Dimnames = structure(list(
        c("-1", "-2", "-3", "-4", "0", "1", "2", NA), c("A", 
        "G", "T", NA)), .Names = c("", "")), class = "table"), 
    EJmono05_SNP1 = structure(c(860L, 67L, 1L, 2585L, 65L, 2L, 
    81L, 19L, 0L, 0L, 136L, 2L, 0L, 0L), .Dim = c(7L, 2L), .Dimnames = structure(list(
        c("-1", "-2", "-3", "0", "1", "2", NA), c("T", NA)), .Names = c("", 
    "")), class = "table"), EJmono16_SNP1 = structure(c(278L, 
    13L, 2L, 1L, 3530L, 107L, 4L, 1L, 259L, 4L, 0L, 0L, 0L, 81L, 
    0L, 0L, 0L, 0L), .Dim = c(9L, 2L), .Dimnames = structure(list(
        c("-1", "-2", "-3", "-6", "0", "1", "2", "3", NA), c("A", 
        NA)), .Names = c("", "")), class = "table"), LMmono01_SNP1 = structure(c(648L, 
    34L, 2091L, 36L, 1L, 125L, 0L, 0L, 1L, 0L, 0L, 0L, 27L, 1L, 
    169L, 3L, 0L, 0L), .Dim = c(6L, 3L), .Dimnames = structure(list(
        c("-1", "-2", "0", "1", "2", NA), c("A", "T", NA)), .Names = c("", 
    "")), class = "table"), LMmono03_SNP1 = structure(c(0L, 0L, 
    0L, 0L, 0L, 1L, 0L, 0L, 0L, 0L, 0L, 0L, 0L, 0L, 1L, 0L, 0L, 
    0L, 252L, 271L, 397L, 56L, 11L, 1222L, 47L, 1L, 86L, 0L, 
    0L, 0L, 0L, 0L, 1L, 0L, 0L, 0L, 0L, 1L, 0L, 0L, 0L, 0L, 0L, 
    0L, 0L, 6L, 6L, 5L, 0L, 0L, 174L, 2L, 0L, 0L), .Dim = c(9L, 
    6L), .Dimnames = structure(list(c("-1", "-2", "-3", "-4", 
    "-5", "0", "1", "2", NA), c("-", "A", "C", "G", "T", NA)), .Names = c("", 
    "")), class = "table"), LMmono09_SNP1 = structure(c(0L, 1L, 
    0L, 0L, 1L, 0L, 0L, 0L, 985L, 136L, 3L, 1L, 6035L, 162L, 
    7L, 193L, 3L, 1L, 0L, 0L, 97L, 0L, 0L, 0L), .Dim = c(8L, 
    3L), .Dimnames = structure(list(c("-1", "-2", "-3", "-4", 
    "0", "1", "2", NA), c("C", "T", NA)), .Names = c("", "")), class = "table"), 
    LMmono12_SNP1 = structure(c(812L, 104L, 3L, 2103L, 170L, 
    11L, 130L, 40L, 2L, 0L, 249L, 13L, 0L, 0L), .Dim = c(7L, 
    2L), .Dimnames = structure(list(c("-1", "-2", "-3", "0", 
    "1", "2", NA), c("A", NA)), .Names = c("", "")), class = "table"), 
    LMmono16_SNP1 = structure(c(1233L, 740L, 548L, 96L, 65L, 
    3L, 2611L, 223L, 16L, 2L, 262L, 41L, 22L, 15L, 2L, 0L, 0L, 
    377L, 18L, 1L, 0L, 0L), .Dim = c(11L, 2L), .Dimnames = structure(list(
        c("-1", "-2", "-3", "-4", "-5", "-6", "0", "1", "2", 
        "3", NA), c("A", NA)), .Names = c("", "")), class = "table"), 
    MSJmono10_SNP1 = structure(c(1738L, 665L, 28L, 3023L, 76L, 
    4L, 124L, 60L, 21L, 0L, 184L, 8L, 0L, 0L), .Dim = c(7L, 2L
    ), .Dimnames = structure(list(c("-1", "-2", "-3", "0", "1", 
    "2", NA), c("C", NA)), .Names = c("", "")), class = "table"), 
    MSJmono19ms1_SNP1 = structure(c(752L, 32L, 1L, 1L, 3285L, 
    56L, 10L, 282L, 0L, 0L, 0L, 0L, 12L, 0L, 0L, 3L, 0L, 0L, 
    0L, 0L, 2L, 0L, 0L, 0L, 63L, 1L, 0L, 0L, 491L, 9L, 1L, 0L
    ), .Dim = c(8L, 4L), .Dimnames = structure(list(c("-1", "-2", 
    "-3", "-4", "0", "1", "2", NA), c("A", "C", "T", NA)), .Names = c("", 
    "")), class = "table"), MSJmono19ms2_SNP1 = structure(c(817L, 
    28L, 3447L, 41L, 122L, 13L, 1L, 282L, 0L, 0L), .Dim = c(5L, 
    2L), .Dimnames = structure(list(c("-1", "-2", "0", "1", NA
    ), c("C", NA)), .Names = c("", "")), class = "table"), MSJmono36_SNP1 = structure(c(0L, 
    0L, 0L, 0L, 1L, 0L, 0L, 1271L, 126L, 6L, 1L, 2433L, 38L, 
    240L, 12L, 0L, 0L, 0L, 114L, 0L, 0L), .Dim = c(7L, 3L), .Dimnames = structure(list(
        c("-1", "-2", "-3", "-4", "0", "1", NA), c("C", "G", 
        NA)), .Names = c("", "")), class = "table"), MSJmono44_SNP1 = structure(c(648L, 
    32L, 1L, 2071L, 23L, 33L, 17L, 0L, 0L, 76L, 1L, 0L), .Dim = c(6L, 
    2L), .Dimnames = structure(list(c("-1", "-2", "-3", "0", 
    "1", NA), c("T", NA)), .Names = c("", "")), class = "table"), 
    MSJmono46_SNP1 = structure(c(512L, 67L, 4L, 1078L, 171L, 
    80L, 7L, 1L, 95L, 69L, 4L, 0L, 269L, 36L, 29L, 2L, 2L, 0L
    ), .Dim = c(9L, 2L), .Dimnames = structure(list(c("-1", "-2", 
    "-3", "0", "1", "2", "3", "4", NA), c("C", NA)), .Names = c("", 
    "")), class = "table"), LMmono04v2_SNP1 = structure(c(0L, 
    0L, 0L, 1L, 0L, 0L, 0L, 688L, 50L, 1L, 1827L, 69L, 2L, 35L, 
    13L, 0L, 0L, 119L, 6L, 0L, 0L), .Dim = c(7L, 3L), .Dimnames = structure(list(
        c("-1", "-2", "-3", "0", "1", "2", NA), c("A", "C", NA
        )), .Names = c("", "")), class = "table"), AKMmono01v2_SNP1 = structure(c(1L, 
    0L, 0L, 0L, 0L, 0L, 0L, 0L, 2236L, 860L, 41L, 3L, 25L, 0L, 
    0L, 153L, 1L, 0L, 0L, 0L, 0L, 0L, 0L, 0L, 704L, 55L, 2L, 
    0L, 1104L, 20L, 1L, 73L, 173L, 53L, 4L, 0L, 83L, 2L, 0L, 
    0L), .Dim = c(8L, 5L), .Dimnames = structure(list(c("-1", 
    "-2", "-3", "-4", "0", "1", "2", NA), c("-", "C", "G", "T", 
    NA)), .Names = c("", "")), class = "table"), AKMmono10v2_SNP1 = structure(c(100L, 
    2L, 1207L, 13L, 14L, 477L, 6L, 794L, 11L, 35L, 0L, 0L, 2L, 
    0L, 1L, 6L, 0L, 98L, 1L, 0L), .Dim = 5:4, .Dimnames = structure(list(
        c("-1", "-2", "0", "1", NA), c("A", "G", "T", NA)), .Names = c("", 
    "")), class = "table"), AKMmono17v2_SNP1 = structure(c(0L, 
    0L, 0L, 8L, 0L, 0L, 0L, 268L, 234L, 11L, 878L, 12L, 1L, 34L, 
    4L, 1L, 0L, 44L, 1L, 0L, 0L), .Dim = c(7L, 3L), .Dimnames = structure(list(
        c("-1", "-2", "-3", "0", "1", "2", NA), c("A", "C", NA
        )), .Names = c("", "")), class = "table"), EJmono13v2_SNP1 = structure(c(421L, 
    7L, 0L, 639L, 17L, 1L, 16L, 59L, 1L, 6L, 995L, 24L, 2L, 4L, 
    42L, 1L, 0L, 161L, 6L, 0L, 0L), .Dim = c(7L, 3L),