Result <-
list(AKMmono02_SNP1 = structure(c(0L, 0L, 1L, 0L, 0L, 0L, 157L, 
8L, 2216L, 27L, 1L, 46L, 9L, 0L, 76L, 1L, 0L, 0L), .Dim = c(6L, 
3L), .Dimnames = structure(list(c("-1", "-2", "0", "1", "2", 
NA), c("A", "T", NA)), .Names = c("", "")), class = "table"), 
    AKMmono03_SNP1 = structure(c(381L, 61L, 9L, 3308L, 43L, 1L, 
    44L, 0L, 0L, 0L, 2L, 0L, 0L, 0L, 15L, 6L, 0L, 308L, 0L, 0L, 
    0L), .Dim = c(7L, 3L), .Dimnames = structure(list(c("-1", 
    "-2", "-3", "0", "1", "2", NA), c("A", "C", NA)), .Names = c("", 
    "")), class = "table"), AKMmono05_SNP1 = structure(c(359L, 
    58L, 10L, 1L, 2418L, 102L, 55L, 0L, 0L, 0L, 0L, 1L, 0L, 0L, 
    0L, 0L, 0L, 0L, 1L, 0L, 0L, 0L, 0L, 0L, 0L, 1L, 0L, 1L, 16L, 
    1L, 0L, 0L, 243L, 10L, 0L), .Dim = c(7L, 5L), .Dimnames = structure(list(
        c("-1", "-2", "-3", "-4", "0", "1", NA), c("A", "C", 
        "G", "T", NA)), .Names = c("", "")), class = "table"), 
    AKMmono11_SNP1 = structure(c(0L, 0L, 0L, 4L, 0L, 0L, 0L, 
    399L, 32L, 2L, 3560L, 46L, 1L, 83L, 54L, 2L, 0L, 572L, 14L, 
    0L, 0L), .Dim = c(7L, 3L), .Dimnames = structure(list(c("-1", 
    "-2", "-3", "0", "1", "2", NA), c("A", "T", NA)), .Names = c("", 
    "")), class = "table"), AKMmono12_SNP1 = structure(c(0L, 
    0L, 0L, 3L, 0L, 0L, 0L, 320L, 27L, 2L, 2220L, 72L, 5L, 31L, 
    4L, 0L, 0L, 179L, 2L, 0L, 0L), .Dim = c(7L, 3L), .Dimnames = structure(list(
        c("-1", "-2", "-3", "0", "1", "2", NA), c("A", "C", NA
        )), .Names = c("", "")), class = "table"), AKMmono13_SNP1 = structure(c(289L, 
    95L, 2L, 3060L, 64L, 35L, 0L, 0L, 0L, 1L, 0L, 0L, 0L, 0L, 
    0L, 1L, 0L, 0L, 6L, 0L, 0L, 200L, 4L, 0L), .Dim = c(6L, 4L
    ), .Dimnames = structure(list(c("-1", "-2", "-3", "0", "1", 
    NA), c("A", "G", "T", NA)), .Names = c("", "")), class = "table"), 
    AKMmono16_SNP1 = structure(c(328L, 19L, 1L, 1L, 2547L, 37L, 
    32L, 0L, 0L, 0L, 0L, 1L, 0L, 0L, 0L, 0L, 0L, 0L, 2L, 0L, 
    0L, 7L, 1L, 0L, 0L, 167L, 1L, 0L), .Dim = c(7L, 4L), .Dimnames = structure(list(
        c("-1", "-2", "-3", "-4", "0", "1", NA), c("A", "C", 
        "T", NA)), .Names = c("", "")), class = "table"), AKMmono22_SNP1 = structure(c(306L, 
    65L, 6L, 1736L, 80L, 10L, 116L, 11L, 4L, 0L, 218L, 5L, 0L, 
    0L), .Dim = c(7L, 2L), .Dimnames = structure(list(c("-1", 
    "-2", "-3", "0", "1", "2", NA), c("A", NA)), .Names = c("", 
    "")), class = "table"), EJmono05_SNP1 = structure(c(0L, 0L, 
    1L, 0L, 0L, 0L, 242L, 20L, 2334L, 51L, 2L, 29L, 8L, 1L, 111L, 
    1L, 0L, 0L), .Dim = c(6L, 3L), .Dimnames = structure(list(
        c("-1", "-2", "0", "1", "2", NA), c("G", "T", NA)), .Names = c("", 
    "")), class = "table"), EJmono16_SNP1 = structure(c(113L, 
    4L, 2046L, 70L, 1L, 143L, 0L, 0L, 2L, 0L, 0L, 0L, 0L, 0L, 
    52L, 0L, 0L, 0L), .Dim = c(6L, 3L), .Dimnames = structure(list(
        c("-1", "-2", "0", "1", "2", NA), c("A", "G", NA)), .Names = c("", 
    "")), class = "table"), LMmono01_SNP1 = structure(c(195L, 
    9L, 1855L, 34L, 1L, 45L, 0L, 0L, 1L, 0L, 0L, 0L, 7L, 1L, 
    130L, 3L, 0L, 0L), .Dim = c(6L, 3L), .Dimnames = structure(list(
        c("-1", "-2", "0", "1", "2", NA), c("A", "G", NA)), .Names = c("", 
    "")), class = "table"), LMmono03_SNP1 = structure(c(0L, 0L, 
    0L, 1L, 0L, 0L, 0L, 0L, 361L, 52L, 6L, 1690L, 58L, 1L, 1L, 
    57L, 11L, 2L, 0L, 274L, 3L, 0L, 0L, 0L), .Dim = c(8L, 3L), .Dimnames = structure(list(
        c("-1", "-2", "-3", "0", "1", "2", "3", NA), c("-", "C", 
        NA)), .Names = c("", "")), class = "table"), LMmono09_SNP1 = structure(c(769L, 
    63L, 3L, 1L, 3949L, 174L, 6L, 112L, 8L, 1L, 0L, 0L, 68L, 
    0L, 0L, 0L), .Dim = c(8L, 2L), .Dimnames = structure(list(
        c("-1", "-2", "-3", "-4", "0", "1", "2", NA), c("T", 
        NA)), .Names = c("", "")), class = "table"), LMmono12_SNP1 = structure(c(371L, 
    36L, 3L, 1755L, 114L, 6L, 1L, 1L, 75L, 0L, 0L, 0L, 1L, 0L, 
    0L, 0L, 0L, 0L, 20L, 0L, 0L, 212L, 6L, 0L, 0L, 0L, 0L), .Dim = c(9L, 
    3L), .Dimnames = structure(list(c("-1", "-2", "-3", "0", 
    "1", "2", "3", "4", NA), c("A", "G", NA)), .Names = c("", 
    "")), class = "table"), LMmono16_SNP1 = structure(c(609L, 
    51L, 2L, 2372L, 161L, 7L, 2L, 1L, 90L, 0L, 0L, 0L, 1L, 0L, 
    0L, 0L, 0L, 0L, 18L, 3L, 0L, 360L, 13L, 0L, 0L, 0L, 0L), .Dim = c(9L, 
    3L), .Dimnames = structure(list(c("-1", "-2", "-3", "0", 
    "1", "2", "3", "5", NA), c("A", "G", NA)), .Names = c("", 
    "")), class = "table"), MSJmono10_SNP1 = structure(c(0L, 
    0L, 1L, 0L, 0L, 0L, 233L, 6L, 2807L, 69L, 2L, 35L, 0L, 0L, 
    0L, 1L, 0L, 0L, 6L, 1L, 190L, 5L, 0L, 0L), .Dim = c(6L, 4L
    ), .Dimnames = structure(list(c("-1", "-2", "0", "1", "2", 
    NA), c("A", "C", "T", NA)), .Names = c("", "")), class = "table"), 
    MSJmono19ms1_SNP1 = structure(c(173L, 9L, 2L, 1L, 2383L, 
    61L, 130L, 0L, 0L, 0L, 0L, 5L, 0L, 1L, 14L, 0L, 1L, 0L, 383L, 
    10L, 0L), .Dim = c(7L, 3L), .Dimnames = structure(list(c("-1", 
    "-2", "-3", "-4", "0", "1", NA), c("A", "C", NA)), .Names = c("", 
    "")), class = "table"), MSJmono19ms2_SNP1 = structure(c(118L, 
    2615L, 20L, 41L, 2L, 233L, 1L, 0L), .Dim = c(4L, 2L), .Dimnames = structure(list(
        c("-1", "0", "1", NA), c("C", NA)), .Names = c("", ""
    )), class = "table"), MSJmono36_SNP1 = structure(c(139L, 
    4L, 2115L, 37L, 1L, 40L, 0L, 1L, 75L, 0L, 0L, 0L), .Dim = c(6L, 
    2L), .Dimnames = structure(list(c("-1", "-2", "0", "1", "2", 
    NA), c("G", NA)), .Names = c("", "")), class = "table"), 
    MSJmono44_SNP1 = structure(c(76L, 3L, 1244L, 24L, 8L, 0L, 
    0L, 60L, 0L, 0L), .Dim = c(5L, 2L), .Dimnames = structure(list(
        c("-1", "-2", "0", "1", NA), c("T", NA)), .Names = c("", 
    "")), class = "table"), MSJmono46_SNP1 = structure(c(304L, 
    28L, 5L, 1139L, 95L, 6L, 55L, 41L, 2L, 0L, 290L, 15L, 0L, 
    0L), .Dim = c(7L, 2L), .Dimnames = structure(list(c("-1", 
    "-2", "-3", "0", "1", "2", NA), c("C", NA)), .Names = c("", 
    "")), class = "table"), LMmono04v2_SNP1 = structure(c(1189L, 
    100L, 2L, 981L, 48L, 3L, 79L, 1L, 0L, 0L, 0L, 0L, 0L, 0L, 
    25L, 0L, 0L, 73L, 0L, 0L, 0L), .Dim = c(7L, 3L), .Dimnames = structure(list(
        c("-1", "-2", "-3", "0", "1", "2", NA), c("C", "T", NA
        )), .Names = c("", "")), class = "table"), AKMmono01v2_SNP1 = structure(c(0L, 
    1L, 0L, 0L, 0L, 0L, 185L, 8L, 0L, 2515L, 46L, 20L, 13L, 0L, 
    1L, 208L, 4L, 0L), .Dim = c(6L, 3L), .Dimnames = structure(list(
        c("-1", "-2", "-3", "0", "1", NA), c("C", "T", NA)), .Names = c("", 
    "")), class = "table"), AKMmono10v2_SNP1 = structure(c(49L, 
    1L, 915L, 9L, 0L, 8L, 48L, 1L, 971L, 8L, 1L, 6L, 0L, 0L, 
    1L, 0L, 0L, 0L, 2L, 0L, 102L, 2L, 0L, 0L), .Dim = c(6L, 4L
    ), .Dimnames = structure(list(c("-1", "-2", "0", "1", "2", 
    NA), c("A", "G", "T", NA)), .Names = c("", "")), class = "table"), 
    AKMmono17v2_SNP1 = structure(c(25L, 1L, 530L, 9L, 3L, 45L, 
    2L, 516L, 11L, 5L, 0L, 0L, 55L, 1L, 0L), .Dim = c(5L, 3L), .Dimnames = structure(list(
        c("-1", "-2", "0", "1", NA), c("A", "C", NA)), .Names = c("", 
    "")), class = "table"), EJmono13v2_SNP1 = structure(c(0L, 
    2L, 0L, 0L, 0L, 93L, 1465L, 30L, 1L, 5L, 2L, 101L, 3L, 0L, 
    0L), .Dim = c(5L, 3L), .Dimnames = structure(list(c("-1", 
    "0", "1", "2", NA), c("A", "G", NA)), .Names = c("", "")), class = "table"), 
    EJmono21v2_SNP1 = structure(c(98L, 1L, 721L, 10L, 6L, 0L, 
    0L, 18L, 0L, 0L, 4L, 0L, 48L, 0L, 0L), .Dim = c(5L, 3L), .Dimnames = structure(list(
        c("-1", "-2", "0", "1", NA), c("C", "T", NA)), .Names = c("", 
    "")), class = "table"), LMmono05v2_SNP1 = structure(c(9L, 
    0L, 0L, 5L, 1L, 0L, 0L, 195L, 17L, 0L, 1399L, 42L, 3L, 12L, 
    17L, 2L, 1L, 166L, 5L, 0L, 0L), .Dim = c(7L, 3L), .Dimnames = structure(list(
        c("-1", "-2", "-3", "0", "1", "2", NA), c("A", "T", NA
        )), .Names = c("", "")), class = "table"),