Result <-
list(AKMmono02_SNP1 = structure(c(425L, 26L, 2L, 5208L, 138L, 
3L, 88L, 8L, 0L, 0L, 200L, 2L, 0L, 0L), .Dim = c(7L, 2L), .Dimnames = structure(list(
    c("-1", "-2", "-3", "0", "1", "2", NA), c("T", NA)), .Names = c("", 
"")), class = "table"), AKMmono03_SNP1 = structure(c(643L, 102L, 
29L, 6108L, 100L, 3L, 97L, 0L, 0L, 0L, 4L, 0L, 0L, 1L, 30L, 4L, 
0L, 561L, 1L, 0L, 0L), .Dim = c(7L, 3L), .Dimnames = structure(list(
    c("-1", "-2", "-3", "0", "1", "2", NA), c("A", "C", NA)), .Names = c("", 
"")), class = "table"), AKMmono05_SNP1 = structure(c(638L, 78L, 
8L, 2L, 3763L, 144L, 5L, 96L, 1L, 0L, 0L, 0L, 6L, 0L, 0L, 0L, 
1L, 0L, 0L, 0L, 0L, 0L, 0L, 0L, 0L, 0L, 0L, 0L, 1L, 0L, 0L, 0L, 
37L, 2L, 0L, 0L, 410L, 18L, 0L, 0L), .Dim = c(8L, 5L), .Dimnames = structure(list(
    c("-1", "-2", "-3", "-4", "0", "1", "2", NA), c("A", "C", 
    "G", "T", NA)), .Names = c("", "")), class = "table"), AKMmono11_SNP1 = structure(c(0L, 
0L, 0L, 0L, 2L, 0L, 1L, 0L, 0L, 0L, 0L, 2L, 0L, 0L, 709L, 30L, 
1L, 1L, 6589L, 122L, 150L, 78L, 2L, 0L, 0L, 1036L, 30L, 0L), .Dim = c(7L, 
4L), .Dimnames = structure(list(c("-1", "-2", "-3", "-4", "0", 
"1", NA), c("A", "G", "T", NA)), .Names = c("", "")), class = "table"), 
    AKMmono12_SNP1 = structure(c(0L, 0L, 0L, 0L, 0L, 2L, 0L, 
    0L, 0L, 793L, 41L, 3L, 3L, 1L, 5778L, 156L, 9L, 83L, 0L, 
    0L, 0L, 0L, 0L, 0L, 1L, 0L, 0L, 21L, 3L, 0L, 0L, 0L, 434L, 
    7L, 0L, 0L), .Dim = c(9L, 4L), .Dimnames = structure(list(
        c("-1", "-2", "-3", "-4", "-6", "0", "1", "2", NA), c("A", 
        "C", "T", NA)), .Names = c("", "")), class = "table"), 
    AKMmono13_SNP1 = structure(c(383L, 32L, 1L, 5843L, 134L, 
    3L, 62L, 1L, 0L, 0L, 1L, 0L, 0L, 0L, 13L, 0L, 0L, 420L, 9L, 
    0L, 0L), .Dim = c(7L, 3L), .Dimnames = structure(list(c("-1", 
    "-2", "-3", "0", "1", "2", NA), c("A", "G", NA)), .Names = c("", 
    "")), class = "table"), AKMmono16_SNP1 = structure(c(347L, 
    25L, 3L, 3385L, 67L, 1L, 36L, 0L, 0L, 0L, 1L, 0L, 0L, 0L, 
    9L, 0L, 0L, 244L, 3L, 0L, 0L), .Dim = c(7L, 3L), .Dimnames = structure(list(
        c("-1", "-2", "-3", "0", "1", "2", NA), c("A", "C", NA
        )), .Names = c("", "")), class = "table"), AKMmono22_SNP1 = structure(c(357L, 
    54L, 17L, 6L, 2835L, 119L, 5L, 2L, 190L, 0L, 0L, 0L, 0L, 
    2L, 0L, 0L, 0L, 0L, 19L, 1L, 1L, 0L, 322L, 7L, 0L, 0L, 0L
    ), .Dim = c(9L, 3L), .Dimnames = structure(list(c("-1", "-2", 
    "-3", "-5", "0", "1", "2", "3", NA), c("A", "G", NA)), .Names = c("", 
    "")), class = "table"), EJmono05_SNP1 = structure(c(0L, 0L, 
    0L, 2L, 0L, 0L, 0L, 0L, 0L, 0L, 1L, 0L, 0L, 0L, 398L, 24L, 
    3L, 3315L, 58L, 2L, 49L, 7L, 0L, 0L, 133L, 0L, 0L, 0L), .Dim = c(7L, 
    4L), .Dimnames = structure(list(c("-1", "-2", "-3", "0", 
    "1", "2", NA), c("C", "G", "T", NA)), .Names = c("", "")), class = "table"), 
    EJmono16_SNP1 = structure(c(209L, 10L, 6L, 3988L, 141L, 9L, 
    276L, 3L, 0L, 0L, 76L, 4L, 0L, 0L), .Dim = c(7L, 2L), .Dimnames = structure(list(
        c("-1", "-2", "-3", "0", "1", "2", NA), c("A", NA)), .Names = c("", 
    "")), class = "table"), LMmono01_SNP1 = structure(c(475L, 
    18L, 4500L, 87L, 81L, 0L, 0L, 2L, 0L, 0L, 17L, 1L, 344L, 
    6L, 0L), .Dim = c(5L, 3L), .Dimnames = structure(list(c("-1", 
    "-2", "0", "1", NA), c("A", "G", NA)), .Names = c("", "")), class = "table"), 
    LMmono03_SNP1 = structure(c(0L, 0L, 0L, 0L, 2L, 0L, 0L, 0L, 
    378L, 49L, 13L, 1L, 1795L, 69L, 5L, 69L, 0L, 0L, 0L, 0L, 
    1L, 0L, 0L, 0L, 11L, 0L, 0L, 0L, 245L, 0L, 0L, 0L), .Dim = c(8L, 
    4L), .Dimnames = structure(list(c("-1", "-2", "-3", "-4", 
    "0", "1", "2", NA), c("A", "C", "T", NA)), .Names = c("", 
    "")), class = "table"), LMmono09_SNP1 = structure(c(930L, 
    100L, 15L, 28L, 1L, 5276L, 206L, 7L, 165L, 7L, 0L, 0L, 0L, 
    0L, 103L, 0L, 0L, 0L), .Dim = c(9L, 2L), .Dimnames = structure(list(
        c("-1", "-2", "-3", "-4", "-5", "0", "1", "2", NA), c("T", 
        NA)), .Names = c("", "")), class = "table"), LMmono12_SNP1 = structure(c(458L, 
    31L, 5L, 2284L, 185L, 10L, 83L, 21L, 0L, 0L, 252L, 5L, 1L, 
    0L), .Dim = c(7L, 2L), .Dimnames = structure(list(c("-1", 
    "-2", "-3", "0", "1", "2", NA), c("A", NA)), .Names = c("", 
    "")), class = "table"), LMmono16_SNP1 = structure(c(1231L, 
    113L, 7L, 5035L, 332L, 24L, 10L, 2L, 213L, 0L, 0L, 0L, 1L, 
    0L, 0L, 0L, 0L, 0L, 26L, 3L, 1L, 737L, 24L, 1L, 1L, 0L, 0L
    ), .Dim = c(9L, 3L), .Dimnames = structure(list(c("-1", "-2", 
    "-3", "0", "1", "2", "3", "5", NA), c("A", "T", NA)), .Names = c("", 
    "")), class = "table"), MSJmono10_SNP1 = structure(c(0L, 
    0L, 0L, 1L, 0L, 0L, 0L, 270L, 30L, 2L, 5120L, 196L, 6L, 48L, 
    14L, 2L, 0L, 315L, 12L, 0L, 0L), .Dim = c(7L, 3L), .Dimnames = structure(list(
        c("-1", "-2", "-3", "0", "1", "2", NA), c("A", "C", NA
        )), .Names = c("", "")), class = "table"), MSJmono19ms1_SNP1 = structure(c(208L, 
    20L, 4L, 1L, 5024L, 95L, 3L, 220L, 0L, 0L, 0L, 0L, 12L, 0L, 
    0L, 0L, 0L, 0L, 0L, 0L, 1L, 0L, 0L, 0L, 0L, 0L, 0L, 0L, 6L, 
    0L, 0L, 0L, 23L, 0L, 0L, 0L, 703L, 9L, 0L, 0L), .Dim = c(8L, 
    5L), .Dimnames = structure(list(c("-1", "-2", "-3", "-4", 
    "0", "1", "2", NA), c("A", "C", "G", "T", NA)), .Names = c("", 
    "")), class = "table"), MSJmono19ms2_SNP1 = structure(c(0L, 
    0L, 1L, 0L, 0L, 0L, 258L, 6L, 5198L, 65L, 2L, 62L, 5L, 0L, 
    405L, 0L, 0L, 0L), .Dim = c(6L, 3L), .Dimnames = structure(list(
        c("-1", "-2", "0", "1", "2", NA), c("A", "C", NA)), .Names = c("", 
    "")), class = "table"), MSJmono36_SNP1 = structure(c(302L, 
    11L, 5214L, 115L, 2L, 1L, 105L, 4L, 0L, 181L, 0L, 0L, 0L, 
    0L), .Dim = c(7L, 2L), .Dimnames = structure(list(c("-1", 
    "-2", "0", "1", "2", "3", NA), c("G", NA)), .Names = c("", 
    "")), class = "table"), MSJmono44_SNP1 = structure(c(0L, 
    0L, 8L, 0L, 0L, 0L, 0L, 0L, 0L, 1L, 0L, 0L, 183L, 33L, 0L, 
    3071L, 70L, 20L, 8L, 0L, 0L, 171L, 2L, 0L), .Dim = c(6L, 
    4L), .Dimnames = structure(list(c("-1", "-2", "-5", "0", 
    "1", NA), c("-", "C", "T", NA)), .Names = c("", "")), class = "table"), 
    MSJmono46_SNP1 = structure(c(434L, 47L, 33L, 2L, 2162L, 147L, 
    13L, 72L, 0L, 0L, 0L, 0L, 1L, 0L, 0L, 0L, 56L, 1L, 0L, 0L, 
    623L, 38L, 1L, 0L), .Dim = c(8L, 3L), .Dimnames = structure(list(
        c("-1", "-2", "-3", "-4", "0", "1", "2", NA), c("C", 
        "T", NA)), .Names = c("", "")), class = "table"), LMmono04v2_SNP1 = structure(c(286L, 
    16L, 2423L, 96L, 2L, 1L, 26L, 0L, 0L, 1L, 0L, 0L, 0L, 0L, 
    6L, 0L, 126L, 6L, 0L, 0L, 0L), .Dim = c(7L, 3L), .Dimnames = structure(list(
        c("-1", "-2", "0", "1", "2", "3", NA), c("C", "T", NA
        )), .Names = c("", "")), class = "table"), AKMmono01v2_SNP1 = structure(c(1L, 
    0L, 0L, 0L, 0L, 0L, 0L, 317L, 17L, 3L, 3823L, 66L, 1L, 39L, 
    14L, 1L, 0L, 306L, 6L, 0L, 0L), .Dim = c(7L, 3L), .Dimnames = structure(list(
        c("-1", "-2", "-3", "0", "1", "2", NA), c("C", "T", NA
        )), .Names = c("", "")), class = "table"), AKMmono10v2_SNP1 = structure(c(109L, 
    5L, 2111L, 32L, 1L, 14L, 0L, 0L, 2L, 0L, 0L, 0L, 2L, 0L, 
    88L, 1L, 0L, 0L), .Dim = c(6L, 3L), .Dimnames = structure(list(
        c("-1", "-2", "0", "1", "2", NA), c("A", "G", NA)), .Names = c("", 
    "")), class = "table"), AKMmono17v2_SNP1 = structure(c(31L, 
    0L, 0L, 327L, 6L, 2L, 25L, 4L, 1L, 512L, 8L, 6L, 0L, 0L, 
    0L, 39L, 0L, 0L), .Dim = c(6L, 3L), .Dimnames = structure(list(
        c("-1", "-2", "-3", "0", "1", NA), c("A", "C", NA)), .Names = c("", 
    "")), class = "table"), EJmono13v2_SNP1 = structure(c(55L, 
    3L, 716L, 12L, 1L, 0L, 35L, 0L, 449L, 11L, 0L, 4L, 0L, 0L, 
    1L, 0L, 0L, 0L, 9L, 1L, 138L, 3L, 0L, 0L), .Dim = c(6L, 4L
    ), .Dimnames = structure(list(c("-1", "-2", "0", "1", "2", 
    NA), c("A", "G", "T", NA)), .Names = c("", "")), class = "table"), 
    EJmono21v2_SNP1 = structure(c(20L, 0L, 188L, 3L, 3L, 39L, 
    1L, 242L, 4L, 7L, 4L, 0L, 43L, 0L, 0L), .Dim = c(5L, 3L),