Result <-
list(AKMmono02_SNP1 = structure(c(0L, 0L, 0L, 1L, 0L, 0L, 0L, 
0L, 0L, 0L, 1L, 0L, 0L, 0L, 185L, 11L, 1L, 2319L, 53L, 1L, 40L, 
2L, 0L, 0L, 84L, 2L, 0L, 0L), .Dim = c(7L, 4L), .Dimnames = structure(list(
    c("-1", "-2", "-3", "0", "1", "2", NA), c("A", "C", "T", 
    NA)), .Names = c("", "")), class = "table"), AKMmono03_SNP1 = structure(c(527L, 
87L, 38L, 2L, 4677L, 98L, 4L, 82L, 27L, 3L, 2L, 0L, 452L, 4L, 
0L, 0L), .Dim = c(8L, 2L), .Dimnames = structure(list(c("-1", 
"-2", "-3", "-4", "0", "1", "2", NA), c("A", NA)), .Names = c("", 
"")), class = "table"), AKMmono05_SNP1 = structure(c(398L, 57L, 
14L, 1L, 3163L, 103L, 3L, 99L, 0L, 0L, 0L, 0L, 3L, 0L, 0L, 0L, 
1L, 0L, 0L, 0L, 1L, 0L, 0L, 0L, 0L, 0L, 0L, 0L, 1L, 1L, 0L, 0L, 
19L, 5L, 0L, 0L, 335L, 16L, 1L, 0L), .Dim = c(8L, 5L), .Dimnames = structure(list(
    c("-1", "-2", "-3", "-4", "0", "1", "2", NA), c("A", "C", 
    "G", "T", NA)), .Names = c("", "")), class = "table"), AKMmono11_SNP1 = structure(c(0L, 
0L, 0L, 5L, 0L, 0L, 0L, 652L, 35L, 15L, 5575L, 93L, 4L, 124L, 
75L, 1L, 0L, 821L, 20L, 0L, 0L), .Dim = c(7L, 3L), .Dimnames = structure(list(
    c("-1", "-2", "-3", "0", "1", "2", NA), c("A", "T", NA)), .Names = c("", 
"")), class = "table"), AKMmono12_SNP1 = structure(c(1L, 0L, 
7L, 0L, 0L, 0L, 341L, 26L, 2771L, 86L, 4L, 43L, 0L, 0L, 1L, 0L, 
0L, 0L, 10L, 0L, 216L, 4L, 0L, 0L), .Dim = c(6L, 4L), .Dimnames = structure(list(
    c("-1", "-2", "0", "1", "2", NA), c("A", "C", "T", NA)), .Names = c("", 
"")), class = "table"), AKMmono13_SNP1 = structure(c(166L, 7L, 
1L, 3662L, 90L, 3L, 28L, 0L, 0L, 0L, 2L, 0L, 0L, 0L, 0L, 0L, 
0L, 1L, 0L, 0L, 0L, 6L, 0L, 0L, 241L, 3L, 1L, 0L), .Dim = c(7L, 
4L), .Dimnames = structure(list(c("-1", "-2", "-3", "0", "1", 
"2", NA), c("A", "G", "T", NA)), .Names = c("", "")), class = "table"), 
    AKMmono16_SNP1 = structure(c(255L, 11L, 2L, 3115L, 50L, 35L, 
    0L, 0L, 0L, 1L, 0L, 0L, 0L, 0L, 0L, 1L, 0L, 0L, 0L, 0L, 0L, 
    3L, 0L, 0L, 7L, 1L, 0L, 193L, 3L, 0L), .Dim = 6:5, .Dimnames = structure(list(
        c("-1", "-2", "-3", "0", "1", NA), c("A", "C", "G", "T", 
        NA)), .Names = c("", "")), class = "table"), AKMmono22_SNP1 = structure(c(260L, 
    55L, 3L, 1L, 1947L, 104L, 4L, 119L, 0L, 0L, 0L, 0L, 1L, 0L, 
    0L, 0L, 0L, 0L, 0L, 0L, 1L, 0L, 0L, 0L, 13L, 2L, 0L, 0L, 
    226L, 4L, 1L, 0L), .Dim = c(8L, 4L), .Dimnames = structure(list(
        c("-1", "-2", "-3", "-5", "0", "1", "2", NA), c("A", 
        "C", "G", NA)), .Names = c("", "")), class = "table"), 
    EJmono05_SNP1 = structure(c(263L, 10L, 1L, 2507L, 59L, 45L, 
    3L, 0L, 0L, 107L, 0L, 0L), .Dim = c(6L, 2L), .Dimnames = structure(list(
        c("-1", "-2", "-3", "0", "1", NA), c("T", NA)), .Names = c("", 
    "")), class = "table"), EJmono16_SNP1 = structure(c(221L, 
    20L, 3L, 4037L, 158L, 4L, 256L, 0L, 0L, 0L, 1L, 0L, 0L, 0L, 
    2L, 0L, 0L, 116L, 2L, 0L, 0L), .Dim = c(7L, 3L), .Dimnames = structure(list(
        c("-1", "-2", "-3", "0", "1", "2", NA), c("A", "G", NA
        )), .Names = c("", "")), class = "table"), LMmono01_SNP1 = structure(c(276L, 
    17L, 2693L, 47L, 1L, 48L, 0L, 0L, 1L, 0L, 0L, 0L, 0L, 0L, 
    1L, 0L, 0L, 0L, 9L, 0L, 236L, 3L, 0L, 0L), .Dim = c(6L, 4L
    ), .Dimnames = structure(list(c("-1", "-2", "0", "1", "2", 
    NA), c("A", "C", "G", NA)), .Names = c("", "")), class = "table"), 
    LMmono03_SNP1 = structure(c(0L, 0L, 0L, 0L, 1L, 0L, 0L, 0L, 
    0L, 286L, 32L, 3L, 5L, 1377L, 42L, 1L, 1L, 35L, 15L, 2L, 
    1L, 0L, 201L, 0L, 0L, 0L, 0L), .Dim = c(9L, 3L), .Dimnames = structure(list(
        c("-1", "-2", "-3", "-4", "0", "1", "2", "3", NA), c("A", 
        "C", NA)), .Names = c("", "")), class = "table"), LMmono09_SNP1 = structure(c(0L, 
    0L, 0L, 1L, 0L, 0L, 0L, 0L, 1362L, 188L, 15L, 5971L, 305L, 
    22L, 2L, 204L, 14L, 1L, 0L, 121L, 3L, 0L, 0L, 0L), .Dim = c(8L, 
    3L), .Dimnames = structure(list(c("-1", "-2", "-3", "0", 
    "1", "2", "3", NA), c("G", "T", NA)), .Names = c("", "")), class = "table"), 
    LMmono12_SNP1 = structure(c(297L, 30L, 1L, 1L, 1859L, 128L, 
    5L, 63L, 19L, 0L, 0L, 0L, 208L, 5L, 1L, 0L), .Dim = c(8L, 
    2L), .Dimnames = structure(list(c("-1", "-2", "-3", "-4", 
    "0", "1", "2", NA), c("A", NA)), .Names = c("", "")), class = "table"), 
    LMmono16_SNP1 = structure(c(662L, 63L, 6L, 1L, 2803L, 186L, 
    11L, 1L, 101L, 0L, 0L, 0L, 0L, 1L, 1L, 0L, 0L, 0L, 26L, 0L, 
    1L, 0L, 464L, 16L, 1L, 0L, 0L), .Dim = c(9L, 3L), .Dimnames = structure(list(
        c("-1", "-2", "-3", "-4", "0", "1", "2", "3", NA), c("A", 
        "T", NA)), .Names = c("", "")), class = "table"), MSJmono10_SNP1 = structure(c(174L, 
    13L, 2823L, 85L, 2L, 30L, 8L, 0L, 166L, 8L, 0L, 0L), .Dim = c(6L, 
    2L), .Dimnames = structure(list(c("-1", "-2", "0", "1", "2", 
    NA), c("C", NA)), .Names = c("", "")), class = "table"), 
    MSJmono19ms1_SNP1 = structure(c(178L, 11L, 3L, 4934L, 96L, 
    2L, 183L, 0L, 0L, 0L, 21L, 0L, 0L, 1L, 0L, 0L, 0L, 1L, 0L, 
    0L, 0L, 0L, 0L, 0L, 4L, 0L, 0L, 0L, 25L, 1L, 0L, 760L, 13L, 
    0L, 0L), .Dim = c(7L, 5L), .Dimnames = structure(list(c("-1", 
    "-2", "-3", "0", "1", "2", NA), c("A", "C", "G", "T", NA)), .Names = c("", 
    "")), class = "table"), MSJmono19ms2_SNP1 = structure(c(265L, 
    2L, 5183L, 66L, 2L, 58L, 4L, 0L, 379L, 0L, 0L, 0L), .Dim = c(6L, 
    2L), .Dimnames = structure(list(c("-1", "-2", "0", "1", "2", 
    NA), c("C", NA)), .Names = c("", "")), class = "table"), 
    MSJmono36_SNP1 = structure(c(0L, 0L, 0L, 1L, 0L, 0L, 0L, 
    308L, 13L, 2L, 5229L, 113L, 1L, 89L, 0L, 0L, 0L, 0L, 0L, 
    0L, 1L, 0L, 1L, 0L, 193L, 0L, 0L, 0L), .Dim = c(7L, 4L), .Dimnames = structure(list(
        c("-1", "-2", "-3", "0", "1", "2", NA), c("A", "G", "T", 
        NA)), .Names = c("", "")), class = "table"), MSJmono44_SNP1 = structure(c(2L, 
    0L, 0L, 0L, 0L, 0L, 0L, 0L, 1L, 0L, 0L, 0L, 0L, 0L, 1L, 0L, 
    0L, 0L, 212L, 5L, 3473L, 76L, 2L, 21L, 6L, 0L, 187L, 0L, 
    0L, 0L), .Dim = 6:5, .Dimnames = structure(list(c("-1", "-2", 
    "0", "1", "2", NA), c("-", "A", "G", "T", NA)), .Names = c("", 
    "")), class = "table"), MSJmono46_SNP1 = structure(c(238L, 
    26L, 3L, 1269L, 76L, 4L, 54L, 30L, 1L, 0L, 330L, 22L, 1L, 
    0L), .Dim = c(7L, 2L), .Dimnames = structure(list(c("-1", 
    "-2", "-3", "0", "1", "2", NA), c("C", NA)), .Names = c("", 
    "")), class = "table"), LMmono04v2_SNP1 = structure(c(194L, 
    18L, 1606L, 48L, 1L, 15L, 7L, 0L, 81L, 6L, 1L, 0L), .Dim = c(6L, 
    2L), .Dimnames = structure(list(c("-1", "-2", "0", "1", "2", 
    NA), c("C", NA)), .Names = c("", "")), class = "table"), 
    AKMmono01v2_SNP1 = structure(c(0L, 0L, 0L, 1L, 0L, 0L, 0L, 
    3L, 1L, 0L, 0L, 0L, 0L, 0L, 209L, 14L, 3L, 2293L, 52L, 3L, 
    22L, 10L, 0L, 0L, 189L, 4L, 0L, 0L), .Dim = c(7L, 4L), .Dimnames = structure(list(
        c("-1", "-2", "-3", "0", "1", "2", NA), c("A", "C", "T", 
        NA)), .Names = c("", "")), class = "table"), AKMmono10v2_SNP1 = structure(c(38L, 
    1L, 956L, 6L, 6L, 0L, 0L, 1L, 0L, 0L, 0L, 0L, 45L, 2L, 0L
    ), .Dim = c(5L, 3L), .Dimnames = structure(list(c("-1", "-2", 
    "0", "1", NA), c("A", "G", NA)), .Names = c("", "")), class = "table"), 
    AKMmono17v2_SNP1 = structure(c(0L, 0L, 1L, 0L, 0L, 0L, 0L, 
    0L, 7L, 2L, 0L, 0L, 26L, 1L, 648L, 11L, 3L, 10L, 0L, 0L, 
    32L, 1L, 0L, 0L), .Dim = c(6L, 4L), .Dimnames = structure(list(
        c("-1", "-2", "0", "1", "2", NA), c("-", "A", "C", NA
        )), .Names = c("", "")), class = "table"), EJmono13v2_SNP1 = structure(c(1L, 
    0L, 0L, 0L, 0L, 79L, 3L, 980L, 17L, 4L, 4L, 0L, 78L, 3L, 
    0L), .Dim = c(5L, 3L), .Dimnames = structure(list(c("-1", 
    "-2", "0", "1", NA), c("A", "G", NA)), .Names = c("", "")), class = "table"), 
    EJmono21v2_SNP1 = structure(c(57L, 468L, 8L, 1L, 5L, 0L, 
    10L, 0L, 0L, 0L, 3L, 27L, 2L, 0L, 0L), .Dim = c(5L, 3L), .Dimnames = structure(list(
        c("-1", "0", "1", "2", NA), c("C", "T", NA)), .Names = c("", 
    "")), class = "table"),