Result <-
list(AKMmono02_SNP1 = structure(c(0L, 0L, 0L, 1L, 0L, 0L, 0L, 
775L, 894L, 27L, 2956L, 75L, 1L, 154L, 17L, 20L, 3L, 124L, 0L, 
0L, 0L), .Dim = c(7L, 3L), .Dimnames = structure(list(c("-1", 
"-2", "-3", "0", "1", "2", NA), c("A", "T", NA)), .Names = c("", 
"")), class = "table"), AKMmono03_SNP1 = structure(c(0L, 0L, 
1L, 0L, 0L, 0L, 0L, 0L, 1348L, 661L, 65L, 3L, 2835L, 68L, 3L, 
194L, 1L, 0L, 0L, 0L, 2L, 0L, 0L, 0L, 0L, 0L, 0L, 0L, 1L, 0L, 
0L, 0L, 0L, 0L, 0L, 0L, 1L, 0L, 0L, 0L, 64L, 28L, 0L, 0L, 265L, 
6L, 1L, 0L), .Dim = c(8L, 6L), .Dimnames = structure(list(c("-1", 
"-2", "-3", "-4", "0", "1", "2", NA), c("-", "A", "C", "G", "T", 
NA)), .Names = c("", "")), class = "table"), AKMmono05_SNP1 = structure(c(2082L, 
386L, 45L, 4L, 3L, 1512L, 65L, 206L, 3L, 0L, 0L, 0L, 0L, 0L, 
0L, 0L, 1L, 0L, 0L, 0L, 0L, 0L, 0L, 0L, 121L, 15L, 0L, 0L, 0L, 
178L, 5L, 0L), .Dim = c(8L, 4L), .Dimnames = structure(list(c("-1", 
"-2", "-3", "-4", "-5", "0", "1", NA), c("A", "C", "G", NA)), .Names = c("", 
"")), class = "table"), AKMmono11_SNP1 = structure(c(0L, 0L, 
0L, 0L, 4L, 0L, 0L, 1L, 1301L, 1873L, 86L, 0L, 1763L, 33L, 1L, 
366L, 124L, 93L, 4L, 1L, 284L, 7L, 0L, 0L), .Dim = c(8L, 3L), .Dimnames = structure(list(
    c("-1", "-2", "-3", "-4", "0", "1", "2", NA), c("A", "T", 
    NA)), .Names = c("", "")), class = "table"), AKMmono12_SNP1 = structure(c(1L, 
1L, 0L, 0L, 1L, 0L, 0L, 3287L, 384L, 13L, 2L, 1295L, 38L, 205L, 
2L, 0L, 0L, 0L, 1L, 0L, 0L, 74L, 8L, 0L, 0L, 109L, 2L, 0L), .Dim = c(7L, 
4L), .Dimnames = structure(list(c("-1", "-2", "-3", "-4", "0", 
"1", NA), c("A", "C", "T", NA)), .Names = c("", "")), class = "table"), 
    AKMmono13_SNP1 = structure(c(1749L, 193L, 3L, 2661L, 73L, 
    1L, 165L, 0L, 0L, 0L, 1L, 0L, 0L, 0L, 1L, 0L, 0L, 1L, 0L, 
    0L, 0L, 58L, 6L, 0L, 193L, 5L, 0L, 0L), .Dim = c(7L, 4L), .Dimnames = structure(list(
        c("-1", "-2", "-3", "0", "1", "2", NA), c("A", "C", "G", 
        NA)), .Names = c("", "")), class = "table"), AKMmono16_SNP1 = structure(c(1241L, 
    1425L, 137L, 1090L, 32L, 1L, 160L, 0L, 2L, 0L, 0L, 0L, 0L, 
    0L, 40L, 26L, 1L, 69L, 0L, 0L, 0L), .Dim = c(7L, 3L), .Dimnames = structure(list(
        c("-1", "-2", "-3", "0", "1", "2", NA), c("A", "G", NA
        )), .Names = c("", "")), class = "table"), AKMmono22_SNP1 = structure(c(1124L, 
    270L, 44L, 3L, 922L, 166L, 14L, 1L, 434L, 1L, 0L, 0L, 0L, 
    0L, 0L, 0L, 0L, 0L, 1L, 0L, 0L, 0L, 0L, 0L, 0L, 0L, 0L, 65L, 
    16L, 0L, 0L, 154L, 8L, 0L, 0L, 0L), .Dim = c(9L, 4L), .Dimnames = structure(list(
        c("-1", "-2", "-3", "-4", "0", "1", "2", "3", NA), c("A", 
        "G", "T", NA)), .Names = c("", "")), class = "table"), 
    EJmono05_SNP1 = structure(c(0L, 0L, 0L, 1L, 0L, 0L, 0L, 273L, 
    1229L, 18L, 1732L, 43L, 2L, 91L, 1L, 24L, 0L, 78L, 1L, 0L, 
    0L), .Dim = c(7L, 3L), .Dimnames = structure(list(c("-1", 
    "-2", "-3", "0", "1", "2", NA), c("A", "T", NA)), .Names = c("", 
    "")), class = "table"), EJmono16_SNP1 = structure(c(100L, 
    22L, 790L, 27L, 1589L, 52L, 2L, 263L, 1L, 0L, 5L, 0L, 37L, 
    2L, 0L, 0L), .Dim = c(8L, 2L), .Dimnames = structure(list(
        c("-1", "-2", "-3", "-4", "0", "1", "2", NA), c("A", 
        NA)), .Names = c("", "")), class = "table"), LMmono01_SNP1 = structure(c(1279L, 
    85L, 3L, 1126L, 17L, 149L, 49L, 1L, 0L, 86L, 0L, 0L), .Dim = c(6L, 
    2L), .Dimnames = structure(list(c("-1", "-2", "-3", "0", 
    "1", NA), c("A", NA)), .Names = c("", "")), class = "table"), 
    LMmono03_SNP1 = structure(c(1157L, 632L, 119L, 10L, 2L, 604L, 
    14L, 2L, 181L, 17L, 12L, 1L, 0L, 0L, 89L, 2L, 0L, 0L), .Dim = c(9L, 
    2L), .Dimnames = structure(list(c("-1", "-2", "-3", "-4", 
    "-5", "0", "1", "2", NA), c("C", NA)), .Names = c("", "")), class = "table"), 
    LMmono09_SNP1 = structure(c(0L, 0L, 0L, 0L, 1L, 0L, 0L, 0L, 
    1L, 0L, 0L, 0L, 1L, 0L, 0L, 0L, 4575L, 1067L, 110L, 5L, 2702L, 
    118L, 3L, 454L, 78L, 19L, 4L, 0L, 56L, 3L, 0L, 0L), .Dim = c(8L, 
    4L), .Dimnames = structure(list(c("-1", "-2", "-3", "-4", 
    "0", "1", "2", NA), c("A", "C", "T", NA)), .Names = c("", 
    "")), class = "table"), LMmono12_SNP1 = structure(c(886L, 
    158L, 9L, 1L, 1746L, 153L, 7L, 149L, 50L, 9L, 0L, 0L, 217L, 
    4L, 0L, 0L), .Dim = c(8L, 2L), .Dimnames = structure(list(
        c("-1", "-2", "-3", "-4", "0", "1", "2", NA), c("A", 
        NA)), .Names = c("", "")), class = "table"), LMmono16_SNP1 = structure(c(1575L, 
    502L, 56L, 3L, 2900L, 196L, 8L, 1L, 288L, 0L, 0L, 0L, 0L, 
    3L, 0L, 0L, 0L, 0L, 53L, 22L, 1L, 0L, 446L, 14L, 1L, 0L, 
    0L), .Dim = c(9L, 3L), .Dimnames = structure(list(c("-1", 
    "-2", "-3", "-4", "0", "1", "2", "3", NA), c("A", "C", NA
    )), .Names = c("", "")), class = "table"), MSJmono10_SNP1 = structure(c(2535L, 
    251L, 9L, 2643L, 99L, 1L, 159L, 1L, 0L, 0L, 0L, 0L, 0L, 0L, 
    95L, 8L, 0L, 170L, 8L, 0L, 0L), .Dim = c(7L, 3L), .Dimnames = structure(list(
        c("-1", "-2", "-3", "0", "1", "2", NA), c("C", "T", NA
        )), .Names = c("", "")), class = "table"), MSJmono19ms1_SNP1 = structure(c(634L, 
    36L, 1L, 2248L, 55L, 3L, 212L, 0L, 0L, 0L, 6L, 0L, 0L, 0L, 
    2L, 0L, 0L, 1L, 0L, 0L, 0L, 57L, 2L, 0L, 277L, 8L, 0L, 0L
    ), .Dim = c(7L, 4L), .Dimnames = structure(list(c("-1", "-2", 
    "-3", "0", "1", "2", NA), c("A", "C", "T", NA)), .Names = c("", 
    "")), class = "table"), MSJmono19ms2_SNP1 = structure(c(940L, 
    36L, 1L, 1892L, 33L, 136L, 8L, 1L, 0L, 174L, 0L, 0L), .Dim = c(6L, 
    2L), .Dimnames = structure(list(c("-1", "-2", "-3", "0", 
    "1", NA), c("C", NA)), .Names = c("", "")), class = "table"), 
    MSJmono36_SNP1 = structure(c(945L, 435L, 37L, 2L, 6L, 2070L, 
    51L, 268L, 0L, 0L, 0L, 0L, 0L, 2L, 0L, 0L, 10L, 11L, 1L, 
    0L, 0L, 93L, 0L, 0L), .Dim = c(8L, 3L), .Dimnames = structure(list(
        c("-1", "-2", "-3", "-4", "-5", "0", "1", NA), c("G", 
        "T", NA)), .Names = c("", "")), class = "table"), MSJmono44_SNP1 = structure(c(0L, 
    0L, 1L, 0L, 0L, 0L, 627L, 19L, 2037L, 37L, 3L, 19L, 29L, 
    1L, 100L, 0L, 0L, 0L), .Dim = c(6L, 3L), .Dimnames = structure(list(
        c("-1", "-2", "0", "1", "2", NA), c("G", "T", NA)), .Names = c("", 
    "")), class = "table"), MSJmono46_SNP1 = structure(c(1005L, 
    164L, 20L, 5L, 1868L, 143L, 9L, 2L, 149L, 0L, 0L, 0L, 0L, 
    1L, 0L, 0L, 0L, 0L, 116L, 10L, 1L, 0L, 566L, 26L, 3L, 0L, 
    0L), .Dim = c(9L, 3L), .Dimnames = structure(list(c("-1", 
    "-2", "-3", "-4", "0", "1", "2", "3", NA), c("C", "G", NA
    )), .Names = c("", "")), class = "table"), LMmono04v2_SNP1 = structure(c(809L, 
    378L, 37L, 1575L, 72L, 3L, 58L, 0L, 0L, 0L, 1L, 0L, 0L, 0L, 
    21L, 4L, 1L, 112L, 5L, 0L, 0L), .Dim = c(7L, 3L), .Dimnames = structure(list(
        c("-1", "-2", "-3", "0", "1", "2", NA), c("C", "T", NA
        )), .Names = c("", "")), class = "table"), AKMmono01v2_SNP1 = structure(c(0L, 
    1L, 0L, 0L, 0L, 0L, 0L, 1117L, 138L, 4L, 0L, 345L, 2L, 70L, 
    1086L, 1507L, 84L, 1L, 566L, 15L, 122L, 120L, 56L, 1L, 0L, 
    120L, 2L, 0L), .Dim = c(7L, 4L), .Dimnames = structure(list(
        c("-1", "-2", "-3", "-4", "0", "1", NA), c("A", "C", 
        "T", NA)), .Names = c("", "")), class = "table"), AKMmono10v2_SNP1 = structure(c(549L, 
    5L, 2384L, 16L, 1L, 39L, 1L, 0L, 4L, 0L, 0L, 0L, 7L, 0L, 
    142L, 4L, 0L, 0L), .Dim = c(6L, 3L), .Dimnames = structure(list(
        c("-1", "-2", "0", "1", "2", NA), c("A", "G", NA)), .Names = c("", 
    "")), class = "table"), AKMmono17v2_SNP1 = structure(c(457L, 
    281L, 8L, 1L, 281L, 4L, 53L, 107L, 14L, 1L, 0L, 800L, 13L, 
    12L, 0L, 0L, 0L, 0L, 1L, 0L, 0L, 10L, 7L, 0L, 0L, 60L, 1L, 
    0L), .Dim = c(7L, 4L), .Dimnames = structure(list(c("-1", 
    "-2", "-3", "-4", "0", "1", NA), c("A", "C", "T", NA)), .Names = c("", 
    "")), class = "table"), EJmono13v2_SNP1 = structure(c(1L, 
    0L, 0L, 0L, 0L, 0L, 970L, 35L, 0L, 347L, 6L, 23L, 383L, 8L, 
    1L, 846L, 27L, 10L, 0L, 0L, 0L, 0L, 0L, 1L, 106L, 4L, 0L, 
    115L, 4L, 0L),