Result <-
list(AKMmono02_SNP1 = structure(c(0L, 0L, 0L, 0L, 1L, 0L, 0L, 
0L, 0L, 0L, 0L, 0L, 1L, 0L, 0L, 0L, 102L, 10L, 2L, 1L, 1011L, 
50L, 1L, 32L, 2L, 1L, 0L, 0L, 40L, 0L, 0L, 0L), .Dim = c(8L, 
4L), .Dimnames = structure(list(c("-1", "-2", "-3", "-4", "0", 
"1", "2", NA), c("C", "G", "T", NA)), .Names = c("", "")), class = "table"), 
    AKMmono03_SNP1 = structure(c(756L, 139L, 18L, 5321L, 129L, 
    3L, 86L, 0L, 0L, 0L, 4L, 0L, 0L, 0L, 0L, 0L, 0L, 2L, 0L, 
    0L, 0L, 37L, 5L, 1L, 532L, 6L, 0L, 0L), .Dim = c(7L, 4L), .Dimnames = structure(list(
        c("-1", "-2", "-3", "0", "1", "2", NA), c("A", "C", "T", 
        NA)), .Names = c("", "")), class = "table"), AKMmono05_SNP1 = structure(c(280L, 
    46L, 9L, 1L, 1826L, 92L, 6L, 54L, 0L, 0L, 0L, 0L, 1L, 0L, 
    0L, 0L, 0L, 0L, 0L, 0L, 1L, 0L, 0L, 0L, 18L, 2L, 0L, 0L, 
    203L, 9L, 1L, 0L), .Dim = c(8L, 4L), .Dimnames = structure(list(
        c("-1", "-2", "-3", "-4", "0", "1", "2", NA), c("A", 
        "C", "T", NA)), .Names = c("", "")), class = "table"), 
    AKMmono11_SNP1 = structure(c(0L, 0L, 0L, 0L, 5L, 0L, 0L, 
    1L, 1L, 0L, 0L, 0L, 0L, 0L, 0L, 0L, 635L, 42L, 1L, 1L, 5696L, 
    112L, 2L, 143L, 63L, 5L, 0L, 0L, 832L, 31L, 0L, 0L), .Dim = c(8L, 
    4L), .Dimnames = structure(list(c("-1", "-2", "-3", "-4", 
    "0", "1", "2", NA), c("A", "C", "T", NA)), .Names = c("", 
    "")), class = "table"), AKMmono12_SNP1 = structure(c(0L, 
    0L, 0L, 1L, 0L, 0L, 0L, 369L, 27L, 1L, 2177L, 66L, 1L, 46L, 
    0L, 0L, 0L, 1L, 0L, 0L, 0L, 9L, 0L, 0L, 182L, 1L, 0L, 0L), .Dim = c(7L, 
    4L), .Dimnames = structure(list(c("-1", "-2", "-3", "0", 
    "1", "2", NA), c("A", "C", "T", NA)), .Names = c("", "")), class = "table"), 
    AKMmono13_SNP1 = structure(c(174L, 8L, 2699L, 95L, 7L, 37L, 
    2L, 0L, 205L, 6L, 0L, 0L), .Dim = c(6L, 2L), .Dimnames = structure(list(
        c("-1", "-2", "0", "1", "2", NA), c("A", NA)), .Names = c("", 
    "")), class = "table"), AKMmono16_SNP1 = structure(c(195L, 
    10L, 1L, 1938L, 26L, 2L, 22L, 0L, 0L, 0L, 2L, 0L, 0L, 1L, 
    0L, 0L, 0L, 1L, 0L, 0L, 0L, 6L, 0L, 0L, 124L, 4L, 0L, 0L), .Dim = c(7L, 
    4L), .Dimnames = structure(list(c("-1", "-2", "-3", "0", 
    "1", "2", NA), c("A", "C", "T", NA)), .Names = c("", "")), class = "table"), 
    AKMmono22_SNP1 = structure(c(225L, 51L, 8L, 1L, 1406L, 106L, 
    10L, 116L, 0L, 0L, 0L, 0L, 1L, 0L, 0L, 0L, 17L, 2L, 0L, 0L, 
    178L, 3L, 0L, 0L), .Dim = c(8L, 3L), .Dimnames = structure(list(
        c("-1", "-2", "-3", "-4", "0", "1", "2", NA), c("A", 
        "G", NA)), .Names = c("", "")), class = "table"), EJmono05_SNP1 = structure(c(214L, 
    21L, 1896L, 45L, 31L, 2L, 0L, 76L, 2L, 0L), .Dim = c(5L, 
    2L), .Dimnames = structure(list(c("-1", "-2", "0", "1", NA
    ), c("T", NA)), .Names = c("", "")), class = "table"), EJmono16_SNP1 = structure(c(235L, 
    16L, 1L, 4108L, 170L, 11L, 1L, 330L, 1L, 0L, 0L, 96L, 2L, 
    0L, 0L, 0L), .Dim = c(8L, 2L), .Dimnames = structure(list(
        c("-1", "-2", "-3", "0", "1", "2", "4", NA), c("A", NA
        )), .Names = c("", "")), class = "table"), LMmono01_SNP1 = structure(c(179L, 
    11L, 1357L, 30L, 23L, 9L, 1L, 113L, 3L, 0L), .Dim = c(5L, 
    2L), .Dimnames = structure(list(c("-1", "-2", "0", "1", NA
    ), c("A", NA)), .Names = c("", "")), class = "table"), LMmono03_SNP1 = structure(c(0L, 
    0L, 0L, 0L, 2L, 0L, 0L, 0L, 305L, 40L, 3L, 1L, 1184L, 49L, 
    1L, 51L, 11L, 0L, 0L, 0L, 172L, 1L, 0L, 0L), .Dim = c(8L, 
    3L), .Dimnames = structure(list(c("-1", "-2", "-3", "-4", 
    "0", "1", "2", NA), c("A", "C", NA)), .Names = c("", "")), class = "table"), 
    LMmono09_SNP1 = structure(c(0L, 0L, 0L, 0L, 0L, 1L, 1L, 0L, 
    0L, 0L, 0L, 0L, 0L, 0L, 0L, 1L, 0L, 0L, 0L, 0L, 1164L, 162L, 
    88L, 3L, 1L, 4299L, 230L, 11L, 1L, 157L, 14L, 0L, 1L, 0L, 
    0L, 70L, 5L, 0L, 0L, 0L), .Dim = c(10L, 4L), .Dimnames = structure(list(
        c("-1", "-2", "-3", "-4", "-5", "0", "1", "2", "3", NA
        ), c("A", "C", "T", NA)), .Names = c("", "")), class = "table"), 
    LMmono12_SNP1 = structure(c(454L, 34L, 3L, 2043L, 148L, 12L, 
    79L, 0L, 0L, 0L, 1L, 0L, 0L, 0L, 26L, 0L, 0L, 232L, 9L, 1L, 
    0L), .Dim = c(7L, 3L), .Dimnames = structure(list(c("-1", 
    "-2", "-3", "0", "1", "2", NA), c("A", "G", NA)), .Names = c("", 
    "")), class = "table"), LMmono16_SNP1 = structure(c(670L, 
    79L, 7L, 2314L, 192L, 15L, 1L, 115L, 0L, 0L, 0L, 1L, 0L, 
    0L, 0L, 0L, 0L, 0L, 0L, 1L, 0L, 0L, 0L, 0L, 0L, 0L, 0L, 2L, 
    1L, 0L, 0L, 0L, 25L, 5L, 0L, 348L, 13L, 1L, 0L, 0L), .Dim = c(8L, 
    5L), .Dimnames = structure(list(c("-1", "-2", "-3", "0", 
    "1", "2", "3", NA), c("A", "C", "G", "T", NA)), .Names = c("", 
    "")), class = "table"), MSJmono10_SNP1 = structure(c(121L, 
    1L, 1750L, 48L, 1L, 16L, 2L, 0L, 98L, 2L, 0L, 0L), .Dim = c(6L, 
    2L), .Dimnames = structure(list(c("-1", "-2", "0", "1", "2", 
    NA), c("C", NA)), .Names = c("", "")), class = "table"), 
    MSJmono19ms1_SNP1 = structure(c(499L, 34L, 4L, 3L, 9314L, 
    241L, 6L, 490L, 0L, 0L, 0L, 0L, 31L, 0L, 0L, 0L, 0L, 0L, 
    0L, 0L, 3L, 0L, 0L, 0L, 1L, 0L, 0L, 0L, 7L, 0L, 0L, 1L, 50L, 
    3L, 0L, 1L, 1477L, 31L, 1L, 0L), .Dim = c(8L, 5L), .Dimnames = structure(list(
        c("-1", "-2", "-3", "-4", "0", "1", "2", NA), c("A", 
        "C", "G", "T", NA)), .Names = c("", "")), class = "table"), 
    MSJmono19ms2_SNP1 = structure(c(0L, 0L, 2L, 0L, 0L, 0L, 531L, 
    5L, 9788L, 192L, 4L, 164L, 0L, 0L, 1L, 0L, 0L, 0L, 0L, 0L, 
    2L, 0L, 0L, 0L, 3L, 0L, 766L, 2L, 0L, 0L), .Dim = 6:5, .Dimnames = structure(list(
        c("-1", "-2", "0", "1", "2", NA), c("A", "C", "G", "T", 
        NA)), .Names = c("", "")), class = "table"), MSJmono36_SNP1 = structure(c(2316L, 
    173L, 1L, 2805L, 64L, 4L, 449L, 1L, 0L, 0L, 0L, 0L, 0L, 0L, 
    25L, 0L, 0L, 97L, 1L, 0L, 0L), .Dim = c(7L, 3L), .Dimnames = structure(list(
        c("-1", "-2", "-3", "0", "1", "2", NA), c("G", "T", NA
        )), .Names = c("", "")), class = "table"), MSJmono44_SNP1 = structure(c(0L, 
    0L, 0L, 13L, 0L, 0L, 0L, 0L, 179L, 14L, 1L, 0L, 2616L, 61L, 
    3L, 23L, 5L, 0L, 0L, 0L, 115L, 1L, 0L, 0L), .Dim = c(8L, 
    3L), .Dimnames = structure(list(c("-1", "-2", "-3", "-5", 
    "0", "1", "2", NA), c("-", "T", NA)), .Names = c("", "")), class = "table"), 
    MSJmono46_SNP1 = structure(c(55L, 15L, 2L, 194L, 18L, 1L, 
    10L, 0L, 0L, 0L, 1L, 0L, 0L, 0L, 10L, 0L, 0L, 77L, 4L, 0L, 
    0L), .Dim = c(7L, 3L), .Dimnames = structure(list(c("-1", 
    "-2", "-3", "0", "1", "2", NA), c("C", "G", NA)), .Names = c("", 
    "")), class = "table"), LMmono04v2_SNP1 = structure(c(149L, 
    13L, 1174L, 51L, 3L, 16L, 0L, 0L, 2L, 0L, 0L, 0L, 3L, 0L, 
    63L, 4L, 0L, 0L), .Dim = c(6L, 3L), .Dimnames = structure(list(
        c("-1", "-2", "0", "1", "2", NA), c("C", "T", NA)), .Names = c("", 
    "")), class = "table"), AKMmono01v2_SNP1 = structure(c(117L, 
    11L, 2L, 1163L, 31L, 11L, 7L, 0L, 0L, 98L, 0L, 0L), .Dim = c(6L, 
    2L), .Dimnames = structure(list(c("-1", "-2", "-3", "0", 
    "1", NA), c("T", NA)), .Names = c("", "")), class = "table"), 
    AKMmono10v2_SNP1 = structure(c(9L, 205L, 2L, 2L, 7L, 194L, 
    1L, 1L, 1L, 16L, 0L, 0L), .Dim = 4:3, .Dimnames = structure(list(
        c("-1", "0", "1", NA), c("A", "G", NA)), .Names = c("", 
    "")), class = "table"), AKMmono17v2_SNP1 = structure(c(4L, 
    27L, 1L, 3L, 94L, 0L, 0L, 8L, 0L), .Dim = c(3L, 3L), .Dimnames = structure(list(
        c("-1", "0", "1"), c("A", "C", NA)), .Names = c("", ""
    )), class = "table"), EJmono13v2_SNP1 = structure(c(2L, 13L, 
    0L, 0L, 16L, 151L, 4L, 1L, 0L, 1L, 0L, 0L, 1L, 24L, 0L, 0L
    ), .Dim = c(4L, 4L), .Dimnames = structure(list(c("-1", "0", 
    "1", NA), c("A", "G", "T", NA)), .Names = c("", "")), class = "table"), 
    EJmono21v2_SNP1 = structure(c(1L, 1L, 16L, 1L, 0L, 11L, 0L, 
    86L, 2L, 3L, 2L, 0L, 16L, 0L, 0L), .Dim = c(5L, 3L), .Dimnames = structure(list(
        c("-1", "-2", "0", "1", NA), c("C", "T", NA)), .Names = c("", 
    "")),