Result <-
list(AKMmono02_SNP1 = structure(c(0L, 0L, 1L, 0L, 0L, 227L, 11L, 
2610L, 56L, 44L, 5L, 0L, 105L, 3L, 0L), .Dim = c(5L, 3L), .Dimnames = structure(list(
    c("-1", "-2", "0", "1", NA), c("C", "T", NA)), .Names = c("", 
"")), class = "table"), AKMmono03_SNP1 = structure(c(482L, 74L, 
8L, 1L, 4667L, 95L, 1L, 62L, 0L, 0L, 0L, 0L, 1L, 0L, 0L, 1L, 
0L, 0L, 0L, 0L, 1L, 0L, 0L, 0L, 20L, 6L, 0L, 0L, 464L, 6L, 0L, 
0L), .Dim = c(8L, 4L), .Dimnames = structure(list(c("-1", "-2", 
"-3", "-4", "0", "1", "2", NA), c("A", "C", "G", NA)), .Names = c("", 
"")), class = "table"), AKMmono05_SNP1 = structure(c(430L, 72L, 
6L, 2L, 2755L, 99L, 4L, 65L, 0L, 0L, 0L, 0L, 1L, 0L, 0L, 0L, 
23L, 3L, 1L, 0L, 274L, 9L, 0L, 0L), .Dim = c(8L, 3L), .Dimnames = structure(list(
    c("-1", "-2", "-3", "-4", "0", "1", "2", NA), c("A", "C", 
    NA)), .Names = c("", "")), class = "table"), AKMmono11_SNP1 = structure(c(0L, 
0L, 0L, 0L, 7L, 0L, 0L, 1L, 0L, 0L, 1L, 0L, 0L, 0L, 0L, 0L, 0L, 
1L, 0L, 0L, 0L, 605L, 74L, 1L, 4359L, 64L, 1L, 126L, 86L, 5L, 
0L, 737L, 17L, 0L, 0L), .Dim = c(7L, 5L), .Dimnames = structure(list(
    c("-1", "-2", "-3", "0", "1", "2", NA), c("-", "A", "C", 
    "T", NA)), .Names = c("", "")), class = "table"), AKMmono12_SNP1 = structure(c(0L, 
0L, 1L, 0L, 0L, 0L, 550L, 57L, 3428L, 81L, 6L, 38L, 0L, 0L, 1L, 
0L, 0L, 0L, 10L, 1L, 286L, 1L, 0L, 0L), .Dim = c(6L, 4L), .Dimnames = structure(list(
    c("-1", "-2", "0", "1", "2", NA), c("A", "C", "T", NA)), .Names = c("", 
"")), class = "table"), AKMmono13_SNP1 = structure(c(207L, 20L, 
1L, 3823L, 96L, 2L, 40L, 0L, 0L, 0L, 1L, 0L, 0L, 0L, 0L, 0L, 
0L, 1L, 0L, 0L, 0L, 7L, 1L, 0L, 276L, 3L, 0L, 0L), .Dim = c(7L, 
4L), .Dimnames = structure(list(c("-1", "-2", "-3", "0", "1", 
"2", NA), c("A", "G", "T", NA)), .Names = c("", "")), class = "table"), 
    AKMmono16_SNP1 = structure(c(302L, 19L, 1L, 3612L, 69L, 1L, 
    28L, 0L, 0L, 0L, 1L, 0L, 0L, 0L, 0L, 0L, 0L, 1L, 0L, 0L, 
    0L, 6L, 0L, 0L, 225L, 4L, 0L, 0L), .Dim = c(7L, 4L), .Dimnames = structure(list(
        c("-1", "-2", "-3", "0", "1", "2", NA), c("A", "G", "T", 
        NA)), .Names = c("", "")), class = "table"), AKMmono22_SNP1 = structure(c(413L, 
    82L, 6L, 2308L, 116L, 4L, 178L, 24L, 4L, 0L, 261L, 5L, 0L, 
    0L), .Dim = c(7L, 2L), .Dimnames = structure(list(c("-1", 
    "-2", "-3", "0", "1", "2", NA), c("A", NA)), .Names = c("", 
    "")), class = "table"), EJmono05_SNP1 = structure(c(393L, 
    26L, 3403L, 54L, 1L, 54L, 7L, 0L, 123L, 4L, 0L, 0L), .Dim = c(6L, 
    2L), .Dimnames = structure(list(c("-1", "-2", "0", "1", "2", 
    NA), c("T", NA)), .Names = c("", "")), class = "table"), 
    EJmono16_SNP1 = structure(c(204L, 11L, 2996L, 144L, 5L, 1L, 
    258L, 0L, 0L, 1L, 0L, 0L, 0L, 0L, 3L, 0L, 59L, 2L, 0L, 0L, 
    0L), .Dim = c(7L, 3L), .Dimnames = structure(list(c("-1", 
    "-2", "0", "1", "2", "3", NA), c("A", "C", NA)), .Names = c("", 
    "")), class = "table"), LMmono01_SNP1 = structure(c(373L, 
    19L, 2752L, 40L, 1L, 65L, 0L, 0L, 2L, 0L, 0L, 0L, 0L, 0L, 
    2L, 0L, 0L, 0L, 9L, 0L, 223L, 1L, 0L, 0L), .Dim = c(6L, 4L
    ), .Dimnames = structure(list(c("-1", "-2", "0", "1", "2", 
    NA), c("A", "G", "T", NA)), .Names = c("", "")), class = "table"), 
    LMmono03_SNP1 = structure(c(0L, 0L, 0L, 0L, 2L, 0L, 0L, 434L, 
    77L, 12L, 2L, 1486L, 47L, 49L, 0L, 0L, 0L, 0L, 3L, 0L, 0L, 
    7L, 2L, 0L, 0L, 204L, 2L, 0L), .Dim = c(7L, 4L), .Dimnames = structure(list(
        c("-1", "-2", "-3", "-4", "0", "1", NA), c("A", "C", 
        "T", NA)), .Names = c("", "")), class = "table"), LMmono09_SNP1 = structure(c(0L, 
    0L, 0L, 1L, 0L, 0L, 0L, 1172L, 143L, 20L, 4346L, 227L, 8L, 
    160L, 15L, 1L, 1L, 107L, 4L, 0L, 0L), .Dim = c(7L, 3L), .Dimnames = structure(list(
        c("-1", "-2", "-3", "0", "1", "2", NA), c("A", "T", NA
        )), .Names = c("", "")), class = "table"), LMmono12_SNP1 = structure(c(403L, 
    53L, 2L, 2295L, 148L, 9L, 76L, 0L, 0L, 0L, 1L, 0L, 0L, 0L, 
    13L, 0L, 0L, 247L, 10L, 1L, 0L), .Dim = c(7L, 3L), .Dimnames = structure(list(
        c("-1", "-2", "-3", "0", "1", "2", NA), c("A", "T", NA
        )), .Names = c("", "")), class = "table"), LMmono16_SNP1 = structure(c(837L, 
    96L, 3L, 3336L, 224L, 15L, 3L, 1L, 141L, 0L, 0L, 0L, 1L, 
    0L, 0L, 0L, 0L, 0L, 0L, 0L, 0L, 2L, 0L, 0L, 0L, 0L, 0L, 1L, 
    0L, 0L, 1L, 0L, 0L, 0L, 0L, 0L, 26L, 1L, 0L, 523L, 18L, 1L, 
    0L, 0L, 0L), .Dim = c(9L, 5L), .Dimnames = structure(list(
        c("-1", "-2", "-3", "0", "1", "2", "3", "4", NA), c("A", 
        "C", "G", "T", NA)), .Names = c("", "")), class = "table"), 
    MSJmono10_SNP1 = structure(c(168L, 7L, 3516L, 104L, 5L, 32L, 
    9L, 0L, 220L, 5L, 0L, 0L), .Dim = c(6L, 2L), .Dimnames = structure(list(
        c("-1", "-2", "0", "1", "2", NA), c("C", NA)), .Names = c("", 
    "")), class = "table"), MSJmono19ms1_SNP1 = structure(c(174L, 
    9L, 2L, 4636L, 94L, 4L, 180L, 0L, 0L, 0L, 20L, 0L, 0L, 3L, 
    0L, 0L, 0L, 5L, 0L, 0L, 0L, 22L, 1L, 0L, 705L, 16L, 0L, 0L
    ), .Dim = c(7L, 4L), .Dimnames = structure(list(c("-1", "-2", 
    "-3", "0", "1", "2", NA), c("A", "C", "T", NA)), .Names = c("", 
    "")), class = "table"), MSJmono19ms2_SNP1 = structure(c(0L, 
    0L, 1L, 0L, 0L, 264L, 6L, 4707L, 56L, 68L, 1L, 0L, 411L, 
    0L, 0L), .Dim = c(5L, 3L), .Dimnames = structure(list(c("-1", 
    "-2", "0", "1", NA), c("A", "C", NA)), .Names = c("", "")), class = "table"), 
    MSJmono36_SNP1 = structure(c(0L, 0L, 0L, 9L, 0L, 0L, 0L, 
    390L, 10L, 1L, 4647L, 167L, 5L, 120L, 1L, 0L, 0L, 149L, 1L, 
    0L, 0L), .Dim = c(7L, 3L), .Dimnames = structure(list(c("-1", 
    "-2", "-3", "0", "1", "2", NA), c("A", "G", NA)), .Names = c("", 
    "")), class = "table"), MSJmono44_SNP1 = structure(c(0L, 
    0L, 0L, 0L, 1L, 0L, 0L, 0L, 0L, 272L, 16L, 1L, 0L, 2580L, 
    49L, 1L, 4L, 16L, 4L, 0L, 0L, 1L, 114L, 0L, 0L, 0L, 0L), .Dim = c(9L, 
    3L), .Dimnames = structure(list(c("-1", "-2", "-3", "-4", 
    "0", "1", "2", "3", NA), c("A", "T", NA)), .Names = c("", 
    "")), class = "table"), MSJmono46_SNP1 = structure(c(322L, 
    41L, 3L, 1L, 1416L, 124L, 6L, 69L, 0L, 0L, 0L, 0L, 1L, 0L, 
    0L, 0L, 47L, 9L, 1L, 0L, 377L, 21L, 4L, 0L), .Dim = c(8L, 
    3L), .Dimnames = structure(list(c("-1", "-2", "-3", "-4", 
    "0", "1", "2", NA), c("C", "T", NA)), .Names = c("", "")), class = "table"), 
    LMmono04v2_SNP1 = structure(c(1L, 0L, 0L, 0L, 0L, 0L, 0L, 
    286L, 23L, 2L, 2113L, 70L, 1L, 22L, 6L, 0L, 0L, 121L, 3L, 
    0L, 0L), .Dim = c(7L, 3L), .Dimnames = structure(list(c("-1", 
    "-2", "-3", "0", "1", "2", NA), c("A", "C", NA)), .Names = c("", 
    "")), class = "table"), AKMmono01v2_SNP1 = structure(c(0L, 
    0L, 0L, 1L, 0L, 0L, 0L, 0L, 0L, 0L, 1L, 0L, 0L, 0L, 0L, 0L, 
    0L, 1L, 0L, 0L, 0L, 337L, 16L, 2L, 2487L, 42L, 2L, 35L, 26L, 
    1L, 0L, 201L, 7L, 0L, 0L), .Dim = c(7L, 5L), .Dimnames = structure(list(
        c("-1", "-2", "-3", "0", "1", "2", NA), c("A", "C", "G", 
        "T", NA)), .Names = c("", "")), class = "table"), AKMmono10v2_SNP1 = structure(c(94L, 
    2L, 1268L, 12L, 7L, 1L, 0L, 22L, 0L, 0L, 1L, 0L, 65L, 1L, 
    0L), .Dim = c(5L, 3L), .Dimnames = structure(list(c("-1", 
    "-2", "0", "1", NA), c("A", "G", NA)), .Names = c("", "")), class = "table"), 
    AKMmono17v2_SNP1 = structure(c(1L, 0L, 7L, 0L, 0L, 116L, 
    5L, 857L, 17L, 10L, 2L, 1L, 42L, 2L, 0L), .Dim = c(5L, 3L
    ), .Dimnames = structure(list(c("-1", "-2", "0", "1", NA), 
        c("A", "C", NA)), .Names = c("", "")), class = "table"), 
    EJmono13v2_SNP1 = structure(c(0L, 0L, 1L, 0L, 0L, 0L, 90L, 
    1L, 1361L, 45L, 1L, 9L, 5L, 0L, 115L, 5L, 0L, 0L), .Dim = c(6L, 
    3L), .Dimnames = structure(list(c("-1", "-2", "0", "1", "2", 
    NA), c("A", "G", NA)), .Names = c("", "")), class = "table"), 
    EJmono21v2_SNP1 = structure(c(71L, 28L, 481L, 7L, 14L, 17L, 
    1L, 11L, 0L, 2L, 2L, 0L, 34L, 0L, 0L), .Dim = c(5L, 3L), .Dimnames = structure(list(
        c("-1", "-2", "0", "1", NA), c("C", "T", NA)), .Names = c("", 
    "")), class = "table"),