Result <-
list(AKMmono02_SNP1 = structure(c(0L, 0L, 0L, 2L, 0L, 0L, 0L, 
0L, 0L, 0L, 0L, 1L, 0L, 0L, 0L, 0L, 0L, 1L, 0L, 0L, 0L, 900L, 
55L, 4L, 6760L, 201L, 5L, 188L, 25L, 2L, 0L, 253L, 7L, 0L, 0L
), .Dim = c(7L, 5L), .Dimnames = structure(list(c("-1", "-2", 
"-3", "0", "1", "2", NA), c("A", "C", "G", "T", NA)), .Names = c("", 
"")), class = "table"), AKMmono03_SNP1 = structure(c(0L, 1L, 
0L, 0L, 1L, 0L, 0L, 0L, 575L, 2515L, 342L, 18L, 4522L, 84L, 3L, 
285L, 0L, 0L, 0L, 0L, 1L, 0L, 0L, 0L, 31L, 111L, 10L, 0L, 456L, 
2L, 0L, 0L), .Dim = c(8L, 4L), .Dimnames = structure(list(c("-1", 
"-2", "-3", "-4", "0", "1", "2", NA), c("-", "A", "T", NA)), .Names = c("", 
"")), class = "table"), AKMmono05_SNP1 = structure(c(2529L, 313L, 
34L, 8L, 1L, 979L, 39L, 0L, 232L, 1L, 1L, 0L, 0L, 0L, 3L, 0L, 
0L, 1L, 1L, 0L, 0L, 0L, 0L, 0L, 0L, 0L, 0L, 161L, 11L, 0L, 0L, 
0L, 117L, 4L, 1L, 0L), .Dim = c(9L, 4L), .Dimnames = structure(list(
    c("-1", "-2", "-3", "-4", "-5", "0", "1", "2", NA), c("A", 
    "C", "G", NA)), .Names = c("", "")), class = "table"), AKMmono11_SNP1 = structure(c(1L, 
0L, 0L, 0L, 6L, 0L, 0L, 0L, 2911L, 263L, 6L, 1L, 7946L, 169L, 
3L, 507L, 303L, 15L, 0L, 0L, 1213L, 29L, 2L, 0L), .Dim = c(8L, 
3L), .Dimnames = structure(list(c("-1", "-2", "-3", "-4", "0", 
"1", "2", NA), c("A", "T", NA)), .Names = c("", "")), class = "table"), 
    AKMmono12_SNP1 = structure(c(0L, 0L, 0L, 0L, 0L, 2L, 0L, 
    0L, 0L, 1L, 2295L, 254L, 8L, 4L, 1L, 4878L, 1021L, 78L, 6L, 
    287L, 0L, 0L, 0L, 0L, 0L, 1L, 0L, 0L, 0L, 0L, 1L, 0L, 0L, 
    0L, 0L, 1L, 1L, 0L, 0L, 0L, 46L, 9L, 0L, 0L, 0L, 494L, 32L, 
    0L, 0L, 0L), .Dim = c(10L, 5L), .Dimnames = structure(list(
        c("-1", "-2", "-3", "-4", "-5", "0", "1", "2", "3", NA
        ), c("A", "C", "G", "T", NA)), .Names = c("", "")), class = "table"), 
    AKMmono13_SNP1 = structure(c(1798L, 156L, 6L, 2611L, 89L, 
    3L, 176L, 1L, 0L, 0L, 0L, 0L, 0L, 0L, 50L, 1L, 0L, 170L, 
    6L, 0L, 0L), .Dim = c(7L, 3L), .Dimnames = structure(list(
        c("-1", "-2", "-3", "0", "1", "2", NA), c("A", "G", NA
        )), .Names = c("", "")), class = "table"), AKMmono16_SNP1 = structure(c(789L, 
    58L, 7L, 5632L, 150L, 3L, 80L, 1L, 0L, 0L, 0L, 0L, 0L, 0L, 
    1L, 0L, 0L, 1L, 0L, 0L, 0L, 21L, 1L, 0L, 380L, 12L, 0L, 0L
    ), .Dim = c(7L, 4L), .Dimnames = structure(list(c("-1", "-2", 
    "-3", "0", "1", "2", NA), c("A", "C", "T", NA)), .Names = c("", 
    "")), class = "table"), AKMmono22_SNP1 = structure(c(1445L, 
    370L, 47L, 3L, 1L, 789L, 44L, 2L, 435L, 0L, 0L, 1L, 0L, 0L, 
    0L, 0L, 0L, 0L, 0L, 0L, 0L, 0L, 0L, 1L, 0L, 0L, 0L, 71L, 
    22L, 3L, 1L, 0L, 105L, 1L, 0L, 0L), .Dim = c(9L, 4L), .Dimnames = structure(list(
        c("-1", "-2", "-3", "-4", "-5", "0", "1", "2", NA), c("A", 
        "G", "T", NA)), .Names = c("", "")), class = "table"), 
    EJmono05_SNP1 = structure(c(0L, 0L, 0L, 1L, 0L, 0L, 0L, 0L, 
    0L, 0L, 0L, 0L, 2L, 0L, 0L, 0L, 0L, 0L, 0L, 0L, 1L, 0L, 0L, 
    0L, 600L, 57L, 1L, 0L, 4480L, 142L, 2L, 85L, 7L, 1L, 0L, 
    0L, 192L, 3L, 0L, 0L), .Dim = c(8L, 5L), .Dimnames = structure(list(
        c("-1", "-2", "-3", "-7", "0", "1", "2", NA), c("-", 
        "A", "C", "T", NA)), .Names = c("", "")), class = "table"), 
    EJmono16_SNP1 = structure(c(216L, 19L, 2L, 3984L, 188L, 6L, 
    325L, 0L, 0L, 0L, 1L, 0L, 0L, 0L, 1L, 0L, 0L, 85L, 0L, 0L, 
    0L), .Dim = c(7L, 3L), .Dimnames = structure(list(c("-1", 
    "-2", "-3", "0", "1", "2", NA), c("A", "G", NA)), .Names = c("", 
    "")), class = "table"), LMmono01_SNP1 = structure(c(1299L, 
    88L, 1L, 1381L, 14L, 0L, 163L, 1L, 0L, 0L, 0L, 0L, 0L, 0L, 
    61L, 2L, 0L, 109L, 1L, 1L, 0L), .Dim = c(7L, 3L), .Dimnames = structure(list(
        c("-1", "-2", "-3", "0", "1", "2", NA), c("A", "T", NA
        )), .Names = c("", "")), class = "table"), LMmono03_SNP1 = structure(c(0L, 
    0L, 0L, 0L, 6L, 0L, 0L, 0L, 1058L, 199L, 26L, 13L, 2671L, 
    119L, 6L, 162L, 31L, 4L, 0L, 0L, 418L, 2L, 0L, 0L), .Dim = c(8L, 
    3L), .Dimnames = structure(list(c("-1", "-2", "-3", "-4", 
    "0", "1", "2", NA), c("A", "C", NA)), .Names = c("", "")), class = "table"), 
    LMmono09_SNP1 = structure(c(8087L, 1253L, 84L, 3L, 4534L, 
    210L, 7L, 734L, 136L, 14L, 0L, 1L, 70L, 9L, 0L, 0L), .Dim = c(8L, 
    2L), .Dimnames = structure(list(c("-1", "-2", "-3", "-4", 
    "0", "1", "2", NA), c("T", NA)), .Names = c("", "")), class = "table"), 
    LMmono12_SNP1 = structure(c(1705L, 318L, 1598L, 77L, 596L, 
    32L, 3L, 317L, 70L, 10L, 31L, 1L, 83L, 3L, 0L, 0L), .Dim = c(8L, 
    2L), .Dimnames = structure(list(c("-1", "-2", "-3", "-4", 
    "0", "1", "2", NA), c("A", NA)), .Names = c("", "")), class = "table"), 
    LMmono16_SNP1 = structure(c(3435L, 548L, 29L, 3L, 3820L, 
    335L, 18L, 2L, 505L, 0L, 0L, 0L, 0L, 2L, 0L, 0L, 0L, 0L, 
    2L, 0L, 0L, 0L, 0L, 0L, 0L, 0L, 0L, 0L, 0L, 0L, 0L, 1L, 0L, 
    0L, 0L, 0L, 115L, 14L, 1L, 0L, 653L, 23L, 0L, 0L, 0L), .Dim = c(9L, 
    5L), .Dimnames = structure(list(c("-1", "-2", "-3", "-4", 
    "0", "1", "2", "3", NA), c("A", "C", "G", "T", NA)), .Names = c("", 
    "")), class = "table"), MSJmono10_SNP1 = structure(c(0L, 
    0L, 0L, 0L, 6L, 0L, 0L, 1L, 4926L, 386L, 6L, 1L, 5861L, 231L, 
    10L, 302L, 0L, 0L, 0L, 0L, 0L, 0L, 0L, 1L, 139L, 11L, 0L, 
    0L, 377L, 12L, 1L, 0L), .Dim = c(8L, 4L), .Dimnames = structure(list(
        c("-1", "-2", "-3", "-4", "0", "1", "2", NA), c("A", 
        "C", "G", NA)), .Names = c("", "")), class = "table"), 
    MSJmono19ms1_SNP1 = structure(c(149L, 1199L, 55L, 2L, 2904L, 
    68L, 2L, 2L, 413L, 0L, 0L, 0L, 0L, 9L, 0L, 0L, 0L, 2L, 0L, 
    0L, 0L, 0L, 3L, 0L, 0L, 0L, 0L, 22L, 59L, 0L, 0L, 448L, 6L, 
    1L, 0L, 0L), .Dim = c(9L, 4L), .Dimnames = structure(list(
        c("-1", "-2", "-3", "-4", "0", "1", "2", "4", NA), c("A", 
        "C", "T", NA)), .Names = c("", "")), class = "table"), 
    MSJmono19ms2_SNP1 = structure(c(1637L, 43L, 3042L, 41L, 1L, 
    203L, 27L, 0L, 228L, 1L, 0L, 0L), .Dim = c(6L, 2L), .Dimnames = structure(list(
        c("-1", "-2", "0", "1", "2", NA), c("C", NA)), .Names = c("", 
    "")), class = "table"), MSJmono36_SNP1 = structure(c(0L, 
    0L, 0L, 3L, 0L, 0L, 0L, 0L, 418L, 26L, 1L, 4005L, 106L, 1L, 
    1L, 116L, 2L, 0L, 0L, 126L, 1L, 0L, 0L, 0L), .Dim = c(8L, 
    3L), .Dimnames = structure(list(c("-1", "-2", "-3", "0", 
    "1", "2", "3", NA), c("A", "G", NA)), .Names = c("", "")), class = "table"), 
    MSJmono44_SNP1 = structure(c(1L, 0L, 0L, 0L, 0L, 0L, 1667L, 
    46L, 2089L, 72L, 3L, 80L, 32L, 2L, 98L, 1L, 0L, 0L), .Dim = c(6L, 
    3L), .Dimnames = structure(list(c("-1", "-2", "0", "1", "2", 
    NA), c("A", "T", NA)), .Names = c("", "")), class = "table"), 
    MSJmono46_SNP1 = structure(c(704L, 88L, 12L, 2894L, 203L, 
    9L, 0L, 120L, 0L, 0L, 0L, 1L, 0L, 0L, 0L, 0L, 92L, 5L, 2L, 
    866L, 47L, 9L, 1L, 0L), .Dim = c(8L, 3L), .Dimnames = structure(list(
        c("-1", "-2", "-3", "0", "1", "2", "3", NA), c("C", "G", 
        NA)), .Names = c("", "")), class = "table"), LMmono04v2_SNP1 = structure(c(0L, 
    0L, 0L, 1L, 0L, 0L, 0L, 258L, 11L, 1L, 1276L, 62L, 3L, 14L, 
    262L, 15L, 1L, 1388L, 65L, 4L, 19L, 18L, 3L, 0L, 191L, 7L, 
    0L, 0L), .Dim = c(7L, 4L), .Dimnames = structure(list(c("-1", 
    "-2", "-3", "0", "1", "2", NA), c("-", "C", "T", NA)), .Names = c("", 
    "")), class = "table"), AKMmono01v2_SNP1 = structure(c(1L, 
    0L, 0L, 0L, 0L, 0L, 0L, 0L, 0L, 1L, 0L, 0L, 0L, 0L, 0L, 0L, 
    3612L, 2106L, 153L, 2L, 66L, 2L, 0L, 290L, 254L, 17L, 0L, 
    0L, 2259L, 52L, 3L, 25L, 258L, 106L, 10L, 0L, 219L, 2L, 1L, 
    0L), .Dim = c(8L, 5L), .Dimnames = structure(list(c("-1", 
    "-2", "-3", "-4", "0", "1", "2", NA), c("-", "A", "C", "T", 
    NA)), .Names = c("", "")), class = "table"), AKMmono10v2_SNP1 = structure(c(1221L, 
    83L, 0L, 490L, 8L, 76L, 337L, 8L, 1L, 1681L, 15L, 21L, 1L, 
    0L, 0L, 1L, 0L, 0L, 27L, 1L, 0L, 134L, 2L, 0L), .Dim = c(6L, 
    4L), .Dimnames = structure(list(c("-1", "-2", "-3", "0", 
    "1", NA), c("A", "G", "T", NA)),