Result <-
list(AKMmono02_SNP1 = structure(c(0L, 0L, 0L, 0L, 1L, 0L, 0L, 
0L, 0L, 1L, 1L, 0L, 1L, 0L, 0L, 0L, 3868L, 338L, 10L, 1L, 4794L, 
150L, 1L, 505L, 97L, 13L, 1L, 0L, 166L, 3L, 0L, 0L), .Dim = c(8L, 
4L), .Dimnames = structure(list(c("-1", "-2", "-3", "-4", "0", 
"1", "2", NA), c("A", "C", "T", NA)), .Names = c("", "")), class = "table"), 
    AKMmono03_SNP1 = structure(c(1247L, 195L, 46L, 4L, 8294L, 
    145L, 5L, 172L, 0L, 0L, 0L, 0L, 5L, 0L, 0L, 0L, 59L, 9L, 
    2L, 1L, 775L, 8L, 0L, 0L), .Dim = c(8L, 3L), .Dimnames = structure(list(
        c("-1", "-2", "-3", "-4", "0", "1", "2", NA), c("A", 
        "C", NA)), .Names = c("", "")), class = "table"), AKMmono05_SNP1 = structure(c(1085L, 
    151L, 22L, 3L, 6113L, 238L, 7L, 1L, 141L, 0L, 0L, 0L, 0L, 
    6L, 0L, 0L, 0L, 1L, 1L, 0L, 0L, 0L, 2L, 0L, 0L, 0L, 0L, 0L, 
    0L, 0L, 0L, 3L, 0L, 0L, 0L, 0L, 46L, 3L, 0L, 0L, 616L, 24L, 
    1L, 0L, 0L), .Dim = c(9L, 5L), .Dimnames = structure(list(
        c("-1", "-2", "-3", "-4", "0", "1", "2", "3", NA), c("A", 
        "C", "G", "T", NA)), .Names = c("", "")), class = "table"), 
    AKMmono11_SNP1 = structure(c(0L, 0L, 0L, 3L, 0L, 0L, 2L, 
    1L, 0L, 0L, 0L, 0L, 0L, 0L, 0L, 0L, 0L, 1L, 0L, 0L, 0L, 3409L, 
    345L, 17L, 7542L, 740L, 23L, 778L, 392L, 15L, 0L, 1157L, 
    162L, 4L, 0L), .Dim = c(7L, 5L), .Dimnames = structure(list(
        c("-1", "-2", "-3", "0", "1", "2", NA), c("A", "C", "G", 
        "T", NA)), .Names = c("", "")), class = "table"), AKMmono12_SNP1 = structure(c(10L, 
    0L, 0L, 0L, 0L, 3L, 0L, 0L, 0L, 9942L, 1142L, 50L, 8L, 1L, 
    4762L, 145L, 6L, 634L, 0L, 1L, 0L, 0L, 0L, 0L, 0L, 0L, 0L, 
    2L, 0L, 0L, 0L, 0L, 2L, 0L, 0L, 0L, 254L, 28L, 1L, 0L, 0L, 
    372L, 3L, 0L, 0L), .Dim = c(9L, 5L), .Dimnames = structure(list(
        c("-1", "-2", "-3", "-4", "-5", "0", "1", "2", NA), c("A", 
        "C", "G", "T", NA)), .Names = c("", "")), class = "table"), 
    AKMmono13_SNP1 = structure(c(567L, 37L, 2L, 1L, 5672L, 154L, 
    1L, 89L, 0L, 0L, 0L, 0L, 3L, 0L, 0L, 0L, 0L, 0L, 0L, 0L, 
    1L, 0L, 0L, 0L, 22L, 1L, 0L, 0L, 378L, 8L, 0L, 0L), .Dim = c(8L, 
    4L), .Dimnames = structure(list(c("-1", "-2", "-3", "-4", 
    "0", "1", "2", NA), c("A", "G", "T", NA)), .Names = c("", 
    "")), class = "table"), AKMmono16_SNP1 = structure(c(942L, 
    72L, 3L, 4507L, 1750L, 299L, 13L, 298L, 0L, 0L, 0L, 1L, 0L, 
    0L, 0L, 0L, 0L, 0L, 0L, 1L, 0L, 0L, 0L, 1L, 0L, 0L, 0L, 0L, 
    0L, 1L, 0L, 0L, 28L, 2L, 0L, 366L, 95L, 23L, 0L, 0L), .Dim = c(8L, 
    5L), .Dimnames = structure(list(c("-1", "-2", "-3", "0", 
    "1", "2", "3", NA), c("A", "C", "G", "T", NA)), .Names = c("", 
    "")), class = "table"), AKMmono22_SNP1 = structure(c(2174L, 
    713L, 115L, 6L, 1L, 994L, 53L, 0L, 1L, 667L, 1L, 0L, 0L, 
    0L, 0L, 1L, 0L, 0L, 0L, 0L, 111L, 25L, 4L, 0L, 0L, 101L, 
    2L, 1L, 0L, 0L), .Dim = c(10L, 3L), .Dimnames = structure(list(
        c("-1", "-2", "-3", "-4", "-5", "0", "1", "2", "3", NA
        ), c("A", "G", NA)), .Names = c("", "")), class = "table"), 
    EJmono05_SNP1 = structure(c(2363L, 154L, 5L, 3410L, 83L, 
    2L, 202L, 41L, 1L, 0L, 134L, 1L, 0L, 0L), .Dim = c(7L, 2L
    ), .Dimnames = structure(list(c("-1", "-2", "-3", "0", "1", 
    "2", NA), c("T", NA)), .Names = c("", "")), class = "table"), 
    EJmono16_SNP1 = structure(c(265L, 20L, 3L, 4061L, 157L, 8L, 
    315L, 0L, 0L, 0L, 1L, 0L, 0L, 0L, 3L, 0L, 0L, 90L, 1L, 0L, 
    0L), .Dim = c(7L, 3L), .Dimnames = structure(list(c("-1", 
    "-2", "-3", "0", "1", "2", NA), c("A", "G", NA)), .Names = c("", 
    "")), class = "table"), LMmono01_SNP1 = structure(c(1023L, 
    1480L, 8L, 1L, 291L, 5L, 171L, 33L, 26L, 0L, 0L, 30L, 1L, 
    0L), .Dim = c(7L, 2L), .Dimnames = structure(list(c("-1", 
    "-2", "-3", "-5", "0", "1", NA), c("A", NA)), .Names = c("", 
    "")), class = "table"), LMmono03_SNP1 = structure(c(0L, 0L, 
    0L, 0L, 0L, 1L, 0L, 0L, 0L, 1L, 0L, 0L, 0L, 0L, 0L, 0L, 0L, 
    0L, 1277L, 325L, 46L, 6L, 0L, 1550L, 61L, 1L, 166L, 0L, 0L, 
    0L, 0L, 0L, 1L, 0L, 0L, 0L, 35L, 8L, 0L, 0L, 1L, 218L, 2L, 
    1L, 0L), .Dim = c(9L, 5L), .Dimnames = structure(list(c("-1", 
    "-2", "-3", "-4", "-5", "0", "1", "2", NA), c("-", "A", "C", 
    "T", NA)), .Names = c("", "")), class = "table"), LMmono09_SNP1 = structure(c(0L, 
    1L, 0L, 0L, 0L, 0L, 1L, 0L, 0L, 0L, 1604L, 4225L, 484L, 17L, 
    1L, 1L, 5010L, 280L, 23L, 517L, 24L, 69L, 8L, 0L, 0L, 0L, 
    95L, 2L, 0L, 0L), .Dim = c(10L, 3L), .Dimnames = structure(list(
        c("-1", "-2", "-3", "-4", "-5", "-6", "0", "1", "2", 
        NA), c("C", "T", NA)), .Names = c("", "")), class = "table"), 
    LMmono12_SNP1 = structure(c(823L, 88L, 3L, 3079L, 814L, 102L, 
    9L, 263L, 0L, 0L, 0L, 1L, 0L, 0L, 0L, 0L, 27L, 6L, 0L, 394L, 
    34L, 8L, 1L, 0L), .Dim = c(8L, 3L), .Dimnames = structure(list(
        c("-1", "-2", "-3", "0", "1", "2", "3", NA), c("A", "T", 
        NA)), .Names = c("", "")), class = "table"), LMmono16_SNP1 = structure(c(2041L, 
    2009L, 258L, 21L, 1L, 5855L, 452L, 39L, 2L, 1L, 472L, 0L, 
    0L, 0L, 0L, 0L, 1L, 0L, 0L, 0L, 0L, 0L, 1L, 0L, 0L, 0L, 0L, 
    3L, 0L, 0L, 0L, 0L, 1L, 0L, 0L, 1L, 0L, 0L, 0L, 0L, 0L, 0L, 
    0L, 0L, 71L, 75L, 13L, 1L, 0L, 870L, 35L, 3L, 1L, 0L, 0L), .Dim = c(11L, 
    5L), .Dimnames = structure(list(c("-1", "-2", "-3", "-4", 
    "-5", "0", "1", "2", "3", "4", NA), c("A", "C", "G", "T", 
    NA)), .Names = c("", "")), class = "table"), MSJmono10_SNP1 = structure(c(2L, 
    0L, 0L, 0L, 0L, 0L, 0L, 4406L, 318L, 3L, 5049L, 159L, 5L, 
    257L, 1L, 0L, 0L, 0L, 0L, 0L, 0L, 148L, 13L, 0L, 303L, 7L, 
    0L, 0L), .Dim = c(7L, 4L), .Dimnames = structure(list(c("-1", 
    "-2", "-3", "0", "1", "2", NA), c("A", "C", "T", NA)), .Names = c("", 
    "")), class = "table"), MSJmono19ms1_SNP1 = structure(c(120L, 
    8L, 1L, 2096L, 333L, 1167L, 51L, 2L, 1568L, 0L, 0L, 0L, 10L, 
    2L, 3L, 0L, 0L, 2L, 0L, 0L, 0L, 0L, 0L, 0L, 0L, 0L, 1L, 0L, 
    0L, 0L, 0L, 0L, 3L, 0L, 0L, 1L, 13L, 0L, 0L, 336L, 58L, 86L, 
    4L, 0L, 0L), .Dim = c(9L, 5L), .Dimnames = structure(list(
        c("-1", "-2", "-3", "0", "1", "2", "3", "4", NA), c("A", 
        "C", "G", "T", NA)), .Names = c("", "")), class = "table"), 
    MSJmono19ms2_SNP1 = structure(c(0L, 0L, 1L, 0L, 0L, 0L, 274L, 
    4L, 4862L, 67L, 1L, 69L, 3L, 0L, 377L, 1L, 0L, 0L), .Dim = c(6L, 
    3L), .Dimnames = structure(list(c("-1", "-2", "0", "1", "2", 
    NA), c("A", "C", NA)), .Names = c("", "")), class = "table"), 
    MSJmono36_SNP1 = structure(c(0L, 0L, 3L, 0L, 0L, 0L, 0L, 
    0L, 1L, 0L, 0L, 0L, 552L, 27L, 6236L, 175L, 4L, 173L, 11L, 
    0L, 232L, 3L, 0L, 0L), .Dim = c(6L, 4L), .Dimnames = structure(list(
        c("-1", "-2", "0", "1", "2", NA), c("A", "C", "G", NA
        )), .Names = c("", "")), class = "table"), MSJmono44_SNP1 = structure(c(0L, 
    1L, 0L, 0L, 0L, 0L, 0L, 1673L, 240L, 7L, 2188L, 61L, 2L, 
    74L, 29L, 3L, 0L, 85L, 2L, 0L, 0L), .Dim = c(7L, 3L), .Dimnames = structure(list(
        c("-1", "-2", "-3", "0", "1", "2", NA), c("C", "T", NA
        )), .Names = c("", "")), class = "table"), MSJmono46_SNP1 = structure(c(1L, 
    0L, 0L, 0L, 1L, 0L, 0L, 0L, 0L, 2320L, 372L, 31L, 8L, 2510L, 
    200L, 9L, 1L, 271L, 0L, 0L, 0L, 0L, 1L, 0L, 0L, 0L, 0L, 0L, 
    0L, 0L, 0L, 2L, 0L, 0L, 0L, 0L, 275L, 28L, 1L, 0L, 683L, 
    36L, 7L, 0L, 0L), .Dim = c(9L, 5L), .Dimnames = structure(list(
        c("-1", "-2", "-3", "-4", "0", "1", "2", "3", NA), c("A", 
        "C", "G", "T", NA)), .Names = c("", "")), class = "table"), 
    LMmono04v2_SNP1 = structure(c(709L, 69L, 8L, 253L, 14L, 37L, 
    135L, 11L, 0L, 883L, 47L, 18L, 21L, 2L, 0L, 77L, 5L, 0L), .Dim = c(6L, 
    3L), .Dimnames = structure(list(c("-1", "-2", "-3", "0", 
    "1", NA), c("C", "T", NA)), .Names = c("", "")), class = "table"), 
    AKMmono01v2_SNP1 = structure(c(0L, 0L, 0L, 1L, 0L, 0L, 0L, 
    0L, 0L, 0L, 0L, 4L, 0L, 0L, 0L, 0L, 1265L, 77L, 3L, 10190L, 
    211L, 3L, 1L, 136L, 65L, 3L, 1L, 802L, 13L, 0L, 0L, 0L), .Dim = c(8L, 
    4L),