Result <-
list(AKMmono02_SNP1 = structure(c(0L, 0L, 0L, 1L, 0L, 0L, 0L, 
0L, 552L, 64L, 1L, 2743L, 65L, 1L, 1L, 99L, 9L, 2L, 0L, 105L, 
0L, 1L, 0L, 0L), .Dim = c(8L, 3L), .Dimnames = structure(list(
    c("-1", "-2", "-3", "0", "1", "2", "3", NA), c("C", "T", 
    NA)), .Names = c("", "")), class = "table"), AKMmono03_SNP1 = structure(c(1190L, 
266L, 67L, 3L, 1L, 4219L, 65L, 154L, 1L, 0L, 0L, 0L, 0L, 3L, 
0L, 0L, 0L, 1L, 0L, 0L, 0L, 1L, 0L, 0L, 66L, 10L, 1L, 0L, 0L, 
416L, 4L, 0L), .Dim = c(8L, 4L), .Dimnames = structure(list(c("-1", 
"-2", "-3", "-4", "-5", "0", "1", NA), c("A", "C", "G", NA)), .Names = c("", 
"")), class = "table"), AKMmono05_SNP1 = structure(c(897L, 341L, 
35L, 1L, 2730L, 113L, 5L, 128L, 0L, 0L, 0L, 0L, 4L, 0L, 0L, 0L, 
0L, 0L, 0L, 0L, 1L, 0L, 0L, 0L, 0L, 0L, 0L, 0L, 1L, 0L, 0L, 0L, 
58L, 12L, 1L, 0L, 309L, 13L, 0L, 0L), .Dim = c(8L, 5L), .Dimnames = structure(list(
    c("-1", "-2", "-3", "-4", "0", "1", "2", NA), c("A", "C", 
    "G", "T", NA)), .Names = c("", "")), class = "table"), AKMmono11_SNP1 = structure(c(1L, 
0L, 0L, 4L, 0L, 0L, 0L, 0L, 1254L, 145L, 7L, 5308L, 82L, 1L, 
1L, 238L, 137L, 5L, 0L, 823L, 20L, 0L, 0L, 0L), .Dim = c(8L, 
3L), .Dimnames = structure(list(c("-1", "-2", "-3", "0", "1", 
"2", "3", NA), c("A", "T", NA)), .Names = c("", "")), class = "table"), 
    AKMmono12_SNP1 = structure(c(0L, 0L, 0L, 1L, 0L, 0L, 0L, 
    802L, 49L, 2L, 3059L, 73L, 8L, 63L, 1L, 0L, 0L, 0L, 0L, 0L, 
    0L, 26L, 1L, 0L, 250L, 1L, 0L, 0L), .Dim = c(7L, 4L), .Dimnames = structure(list(
        c("-1", "-2", "-3", "0", "1", "2", NA), c("A", "C", "G", 
        NA)), .Names = c("", "")), class = "table"), AKMmono13_SNP1 = structure(c(1037L, 
    94L, 2L, 3435L, 77L, 1L, 94L, 27L, 3L, 0L, 233L, 3L, 0L, 
    0L), .Dim = c(7L, 2L), .Dimnames = structure(list(c("-1", 
    "-2", "-3", "0", "1", "2", NA), c("A", NA)), .Names = c("", 
    "")), class = "table"), AKMmono16_SNP1 = structure(c(442L, 
    32L, 3032L, 67L, 1L, 47L, 0L, 0L, 0L, 0L, 0L, 1L, 9L, 1L, 
    216L, 7L, 0L, 0L), .Dim = c(6L, 3L), .Dimnames = structure(list(
        c("-1", "-2", "0", "1", "2", NA), c("A", "C", NA)), .Names = c("", 
    "")), class = "table"), AKMmono22_SNP1 = structure(c(508L, 
    205L, 49L, 10L, 1862L, 375L, 42L, 5L, 348L, 0L, 0L, 0L, 0L, 
    1L, 0L, 0L, 0L, 0L, 23L, 6L, 0L, 0L, 246L, 26L, 1L, 0L, 0L
    ), .Dim = c(9L, 3L), .Dimnames = structure(list(c("-1", "-2", 
    "-3", "-4", "0", "1", "2", "3", NA), c("A", "G", NA)), .Names = c("", 
    "")), class = "table"), EJmono05_SNP1 = structure(c(498L, 
    52L, 2665L, 60L, 2L, 63L, 9L, 1L, 114L, 3L, 1L, 0L), .Dim = c(6L, 
    2L), .Dimnames = structure(list(c("-1", "-2", "0", "1", "2", 
    NA), c("T", NA)), .Names = c("", "")), class = "table"), 
    EJmono16_SNP1 = structure(c(578L, 67L, 8L, 1L, 2870L, 71L, 
    4L, 359L, 0L, 0L, 0L, 0L, 1L, 0L, 0L, 0L, 7L, 1L, 0L, 0L, 
    69L, 1L, 0L, 0L), .Dim = c(8L, 3L), .Dimnames = structure(list(
        c("-1", "-2", "-3", "-4", "0", "1", "2", NA), c("A", 
        "C", NA)), .Names = c("", "")), class = "table"), LMmono01_SNP1 = structure(c(512L, 
    88L, 1L, 2525L, 34L, 89L, 0L, 0L, 0L, 1L, 0L, 0L, 0L, 0L, 
    0L, 2L, 0L, 0L, 31L, 0L, 0L, 193L, 3L, 0L), .Dim = c(6L, 
    4L), .Dimnames = structure(list(c("-1", "-2", "-3", "0", 
    "1", NA), c("A", "G", "T", NA)), .Names = c("", "")), class = "table"), 
    LMmono03_SNP1 = structure(c(0L, 0L, 0L, 0L, 0L, 2L, 0L, 0L, 
    566L, 280L, 54L, 1L, 1L, 1264L, 42L, 69L, 0L, 6L, 1L, 0L, 
    0L, 1L, 0L, 0L, 10L, 1L, 1L, 0L, 0L, 199L, 1L, 0L), .Dim = c(8L, 
    4L), .Dimnames = structure(list(c("-1", "-2", "-3", "-4", 
    "-5", "0", "1", NA), c("A", "C", "T", NA)), .Names = c("", 
    "")), class = "table"), LMmono09_SNP1 = structure(c(2349L, 
    557L, 199L, 4L, 1L, 6960L, 349L, 14L, 326L, 18L, 10L, 1L, 
    0L, 0L, 119L, 4L, 0L, 0L), .Dim = c(9L, 2L), .Dimnames = structure(list(
        c("-1", "-2", "-3", "-4", "-5", "0", "1", "2", NA), c("T", 
        NA)), .Names = c("", "")), class = "table"), LMmono12_SNP1 = structure(c(518L, 
    92L, 16L, 0L, 1589L, 113L, 4L, 84L, 22L, 2L, 0L, 1L, 177L, 
    5L, 2L, 0L), .Dim = c(8L, 2L), .Dimnames = structure(list(
        c("-1", "-2", "-3", "-4", "0", "1", "2", NA), c("A", 
        NA)), .Names = c("", "")), class = "table"), LMmono16_SNP1 = structure(c(23L, 
    1L, 2515L, 29L, 1L, 928L, 181L, 14L, 1L, 464L, 0L, 0L, 0L, 
    0L, 0L, 2L, 0L, 0L, 0L, 0L, 0L, 0L, 1L, 0L, 0L, 0L, 0L, 0L, 
    0L, 1L, 2L, 0L, 479L, 2L, 0L, 57L, 13L, 0L, 0L, 0L), .Dim = c(10L, 
    4L), .Dimnames = structure(list(c("-1", "-2", "0", "1", "2", 
    "3", "5", "6", "7", NA), c("A", "G", "T", NA)), .Names = c("", 
    "")), class = "table"), MSJmono10_SNP1 = structure(c(426L, 
    14L, 1L, 3027L, 97L, 2L, 50L, 14L, 0L, 0L, 181L, 5L, 2L, 
    0L), .Dim = c(7L, 2L), .Dimnames = structure(list(c("-1", 
    "-2", "-3", "0", "1", "2", NA), c("C", NA)), .Names = c("", 
    "")), class = "table"), MSJmono19ms1_SNP1 = structure(c(343L, 
    27L, 2L, 3298L, 72L, 1L, 228L, 0L, 0L, 0L, 7L, 1L, 0L, 0L, 
    0L, 0L, 0L, 1L, 0L, 0L, 0L, 35L, 4L, 0L, 527L, 12L, 0L, 0L
    ), .Dim = c(7L, 4L), .Dimnames = structure(list(c("-1", "-2", 
    "-3", "0", "1", "2", NA), c("A", "C", "T", NA)), .Names = c("", 
    "")), class = "table"), MSJmono19ms2_SNP1 = structure(c(0L, 
    0L, 1L, 0L, 0L, 0L, 291L, 6L, 3629L, 41L, 1L, 54L, 0L, 0L, 
    1L, 0L, 0L, 0L, 0L, 0L, 1L, 0L, 0L, 0L, 5L, 1L, 272L, 1L, 
    0L, 0L), .Dim = 6:5, .Dimnames = structure(list(c("-1", "-2", 
    "0", "1", "2", NA), c("A", "C", "G", "T", NA)), .Names = c("", 
    "")), class = "table"), MSJmono36_SNP1 = structure(c(0L, 
    0L, 0L, 1L, 0L, 0L, 0L, 763L, 72L, 1L, 3742L, 81L, 4L, 159L, 
    0L, 0L, 0L, 1L, 0L, 0L, 0L, 11L, 1L, 0L, 137L, 0L, 0L, 0L
    ), .Dim = c(7L, 4L), .Dimnames = structure(list(c("-1", "-2", 
    "-3", "0", "1", "2", NA), c("A", "G", "T", NA)), .Names = c("", 
    "")), class = "table"), MSJmono44_SNP1 = structure(c(1L, 
    0L, 0L, 1L, 0L, 0L, 0L, 0L, 0L, 0L, 1L, 0L, 0L, 0L, 918L, 
    74L, 1L, 1719L, 43L, 1L, 35L, 27L, 1L, 0L, 86L, 3L, 0L, 0L
    ), .Dim = c(7L, 4L), .Dimnames = structure(list(c("-1", "-2", 
    "-3", "0", "1", "2", NA), c("A", "G", "T", NA)), .Names = c("", 
    "")), class = "table"), MSJmono46_SNP1 = structure(c(749L, 
    272L, 50L, 11L, 1L, 1691L, 124L, 7L, 1L, 115L, 106L, 17L, 
    2L, 0L, 0L, 417L, 18L, 1L, 0L, 0L), .Dim = c(10L, 2L), .Dimnames = structure(list(
        c("-1", "-2", "-3", "-4", "-5", "0", "1", "2", "3", NA
        ), c("C", NA)), .Names = c("", "")), class = "table"), 
    LMmono04v2_SNP1 = structure(c(790L, 83L, 3L, 1461L, 78L, 
    1L, 65L, 18L, 1L, 0L, 72L, 4L, 0L, 0L), .Dim = c(7L, 2L), .Dimnames = structure(list(
        c("-1", "-2", "-3", "0", "1", "2", NA), c("C", NA)), .Names = c("", 
    "")), class = "table"), AKMmono01v2_SNP1 = structure(c(10L, 
    2L, 0L, 0L, 0L, 0L, 0L, 686L, 55L, 3L, 2172L, 41L, 2L, 61L, 
    33L, 2L, 0L, 214L, 3L, 0L, 0L), .Dim = c(7L, 3L), .Dimnames = structure(list(
        c("-1", "-2", "-3", "0", "1", "2", NA), c("C", "T", NA
        )), .Names = c("", "")), class = "table"), AKMmono10v2_SNP1 = structure(c(280L, 
    7L, 1834L, 28L, 18L, 0L, 0L, 1L, 0L, 0L, 4L, 1L, 89L, 1L, 
    0L), .Dim = c(5L, 3L), .Dimnames = structure(list(c("-1", 
    "-2", "0", "1", NA), c("A", "G", NA)), .Names = c("", "")), class = "table"), 
    AKMmono17v2_SNP1 = structure(c(111L, 77L, 379L, 15L, 1L, 
    13L, 157L, 3L, 555L, 14L, 1L, 12L, 3L, 2L, 38L, 0L, 0L, 0L
    ), .Dim = c(6L, 3L), .Dimnames = structure(list(c("-1", "-2", 
    "0", "1", "2", NA), c("A", "C", NA)), .Names = c("", "")), class = "table"), 
    EJmono13v2_SNP1 = structure(c(0L, 0L, 0L, 1L, 2L, 0L, 0L, 
    166L, 4L, 2L, 1752L, 103L, 3L, 18L, 6L, 0L, 0L, 153L, 3L, 
    0L, 0L), .Dim = c(7L, 3L), .Dimnames = structure(list(c("-1", 
    "-2", "-3", "0", "1", "2", NA), c("A", "G", NA)), .Names = c("", 
    "")), class = "table"),