Result <-
list(AKMmono02_SNP1 = structure(c(208L, 22L, 2647L, 47L, 1L, 
56L, 0L, 0L, 50L, 1L, 0L, 0L), .Dim = c(6L, 2L), .Dimnames = structure(list(
    c("-1", "-2", "0", "1", "2", NA), c("T", NA)), .Names = c("", 
"")), class = "table"), AKMmono03_SNP1 = structure(c(687L, 118L, 
26L, 6L, 6453L, 101L, 1L, 76L, 0L, 0L, 0L, 0L, 2L, 0L, 0L, 0L, 
0L, 0L, 0L, 0L, 1L, 0L, 0L, 0L, 33L, 3L, 0L, 0L, 483L, 4L, 0L, 
0L), .Dim = c(8L, 4L), .Dimnames = structure(list(c("-1", "-2", 
"-3", "-4", "0", "1", "2", NA), c("A", "C", "T", NA)), .Names = c("", 
"")), class = "table"), AKMmono05_SNP1 = structure(c(665L, 84L, 
14L, 4L, 4066L, 150L, 5L, 74L, 0L, 0L, 0L, 0L, 1L, 0L, 0L, 1L, 
0L, 0L, 0L, 0L, 1L, 0L, 0L, 0L, 0L, 0L, 0L, 0L, 1L, 0L, 0L, 0L, 
48L, 7L, 0L, 0L, 393L, 14L, 2L, 0L), .Dim = c(8L, 5L), .Dimnames = structure(list(
    c("-1", "-2", "-3", "-4", "0", "1", "2", NA), c("A", "C", 
    "G", "T", NA)), .Names = c("", "")), class = "table"), AKMmono11_SNP1 = structure(c(0L, 
0L, 2L, 0L, 0L, 0L, 0L, 0L, 7L, 0L, 0L, 0L, 947L, 50L, 7295L, 
118L, 2L, 127L, 87L, 1L, 991L, 34L, 0L, 0L), .Dim = c(6L, 4L), .Dimnames = structure(list(
    c("-1", "-2", "0", "1", "2", NA), c("A", "C", "T", NA)), .Names = c("", 
"")), class = "table"), AKMmono12_SNP1 = structure(c(0L, 0L, 
0L, 0L, 1L, 0L, 0L, 0L, 0L, 862L, 61L, 5L, 1L, 5108L, 124L, 4L, 
1L, 44L, 1L, 0L, 0L, 0L, 4L, 0L, 0L, 0L, 0L, 22L, 2L, 0L, 0L, 
445L, 2L, 0L, 0L, 0L), .Dim = c(9L, 4L), .Dimnames = structure(list(
    c("-1", "-2", "-3", "-4", "0", "1", "2", "3", NA), c("A", 
    "C", "T", NA)), .Names = c("", "")), class = "table"), AKMmono13_SNP1 = structure(c(223L, 
13L, 1L, 4415L, 115L, 4L, 30L, 0L, 0L, 0L, 1L, 0L, 0L, 0L, 0L, 
0L, 0L, 1L, 0L, 0L, 0L, 7L, 0L, 0L, 253L, 9L, 1L, 0L), .Dim = c(7L, 
4L), .Dimnames = structure(list(c("-1", "-2", "-3", "0", "1", 
"2", NA), c("A", "G", "T", NA)), .Names = c("", "")), class = "table"), 
    AKMmono16_SNP1 = structure(c(267L, 11L, 1L, 2866L, 53L, 15L, 
    1L, 0L, 0L, 1L, 0L, 0L, 8L, 0L, 0L, 165L, 2L, 0L), .Dim = c(6L, 
    3L), .Dimnames = structure(list(c("-1", "-2", "-3", "0", 
    "1", NA), c("A", "T", NA)), .Names = c("", "")), class = "table"), 
    AKMmono22_SNP1 = structure(c(503L, 100L, 7L, 1L, 3387L, 185L, 
    8L, 2L, 114L, 0L, 0L, 0L, 0L, 1L, 0L, 0L, 0L, 0L, 15L, 4L, 
    0L, 0L, 323L, 6L, 0L, 0L, 0L), .Dim = c(9L, 3L), .Dimnames = structure(list(
        c("-1", "-2", "-3", "-4", "0", "1", "2", "3", NA), c("A", 
        "G", NA)), .Names = c("", "")), class = "table"), EJmono05_SNP1 = structure(c(0L, 
    0L, 1L, 0L, 0L, 0L, 357L, 35L, 2945L, 56L, 1L, 24L, 6L, 2L, 
    95L, 2L, 0L, 0L), .Dim = c(6L, 3L), .Dimnames = structure(list(
        c("-1", "-2", "0", "1", "2", NA), c("C", "T", NA)), .Names = c("", 
    "")), class = "table"), EJmono16_SNP1 = structure(c(262L, 
    21L, 2L, 4654L, 208L, 7L, 168L, 3L, 0L, 0L, 53L, 1L, 0L, 
    0L), .Dim = c(7L, 2L), .Dimnames = structure(list(c("-1", 
    "-2", "-3", "0", "1", "2", NA), c("A", NA)), .Names = c("", 
    "")), class = "table"), LMmono01_SNP1 = structure(c(266L, 
    14L, 2698L, 34L, 0L, 16L, 9L, 1L, 153L, 3L, 1L, 0L), .Dim = c(6L, 
    2L), .Dimnames = structure(list(c("-1", "-2", "0", "1", "2", 
    NA), c("A", NA)), .Names = c("", "")), class = "table"), 
    LMmono03_SNP1 = structure(c(1L, 0L, 0L, 0L, 5L, 4L, 1L, 0L, 
    362L, 56L, 6L, 1L, 1684L, 64L, 4L, 72L, 0L, 0L, 0L, 0L, 1L, 
    0L, 0L, 0L, 0L, 0L, 0L, 0L, 3L, 0L, 0L, 0L, 10L, 0L, 0L, 
    0L, 112L, 1L, 0L, 0L), .Dim = c(8L, 5L), .Dimnames = structure(list(
        c("-1", "-2", "-3", "-4", "0", "1", "2", NA), c("A", 
        "C", "G", "T", NA)), .Names = c("", "")), class = "table"), 
    LMmono09_SNP1 = structure(c(804L, 103L, 24L, 3L, 3152L, 164L, 
    9L, 1L, 89L, 14L, 0L, 0L, 0L, 63L, 2L, 0L, 0L, 0L), .Dim = c(9L, 
    2L), .Dimnames = structure(list(c("-1", "-2", "-3", "-4", 
    "0", "1", "2", "3", NA), c("T", NA)), .Names = c("", "")), class = "table"), 
    LMmono12_SNP1 = structure(c(370L, 27L, 1993L, 134L, 7L, 1L, 
    83L, 3L, 0L, 71L, 2L, 1L, 0L, 0L), .Dim = c(7L, 2L), .Dimnames = structure(list(
        c("-1", "-2", "0", "1", "2", "3", NA), c("A", NA)), .Names = c("", 
    "")), class = "table"), LMmono16_SNP1 = structure(c(12L, 
    3097L, 8L, 789L, 3L, 231L, 14L, 1L, 219L, 0L, 483L, 0L, 35L, 
    0L, 20L, 1L, 0L, 0L), .Dim = c(9L, 2L), .Dimnames = structure(list(
        c("-1", "0", "1", "3", "4", "5", "6", "7", NA), c("A", 
        NA)), .Names = c("", "")), class = "table"), MSJmono10_SNP1 = structure(c(0L, 
    0L, 11L, 0L, 0L, 0L, 0L, 183L, 3L, 3360L, 109L, 4L, 1L, 10L, 
    4L, 0L, 208L, 6L, 1L, 0L, 0L), .Dim = c(7L, 3L), .Dimnames = structure(list(
        c("-1", "-2", "0", "1", "2", "3", NA), c("A", "C", NA
        )), .Names = c("", "")), class = "table"), MSJmono19ms1_SNP1 = structure(c(381L, 
    24L, 4L, 2L, 6481L, 159L, 5L, 123L, 0L, 0L, 0L, 0L, 11L, 
    0L, 0L, 1L, 0L, 0L, 0L, 0L, 1L, 0L, 0L, 0L, 0L, 0L, 0L, 0L, 
    2L, 0L, 0L, 0L, 31L, 3L, 0L, 1L, 740L, 19L, 1L, 0L), .Dim = c(8L, 
    5L), .Dimnames = structure(list(c("-1", "-2", "-3", "-4", 
    "0", "1", "2", NA), c("A", "C", "G", "T", NA)), .Names = c("", 
    "")), class = "table"), MSJmono19ms2_SNP1 = structure(c(0L, 
    0L, 1L, 0L, 0L, 0L, 345L, 8L, 6453L, 89L, 2L, 84L, 0L, 0L, 
    1L, 0L, 0L, 0L, 3L, 0L, 527L, 1L, 0L, 0L), .Dim = c(6L, 4L
    ), .Dimnames = structure(list(c("-1", "-2", "0", "1", "2", 
    NA), c("A", "C", "T", NA)), .Names = c("", "")), class = "table"), 
    MSJmono36_SNP1 = structure(c(0L, 0L, 0L, 1L, 0L, 0L, 0L, 
    261L, 15L, 1L, 4353L, 119L, 1L, 48L, 0L, 0L, 0L, 1L, 0L, 
    0L, 0L, 1L, 0L, 0L, 127L, 2L, 0L, 0L), .Dim = c(7L, 4L), .Dimnames = structure(list(
        c("-1", "-2", "-3", "0", "1", "2", NA), c("C", "G", "T", 
        NA)), .Names = c("", "")), class = "table"), MSJmono44_SNP1 = structure(c(1L, 
    10L, 0L, 0L, 0L, 0L, 0L, 128L, 1L, 1L, 2356L, 32L, 2L, 19L, 
    2L, 0L, 0L, 40L, 2L, 0L, 0L), .Dim = c(7L, 3L), .Dimnames = structure(list(
        c("-1", "-2", "-5", "0", "1", "2", NA), c("-", "T", NA
        )), .Names = c("", "")), class = "table"), MSJmono46_SNP1 = structure(c(168L, 
    24L, 1L, 759L, 51L, 21L, 0L, 0L, 0L, 1L, 0L, 0L, 1L, 0L, 
    0L, 29L, 1L, 0L), .Dim = c(6L, 3L), .Dimnames = structure(list(
        c("-1", "-2", "-3", "0", "1", NA), c("C", "G", NA)), .Names = c("", 
    "")), class = "table"), LMmono04v2_SNP1 = structure(c(178L, 
    16L, 1462L, 61L, 4L, 6L, 1L, 0L, 17L, 0L, 0L, 0L, 3L, 0L, 
    79L, 0L, 0L, 0L), .Dim = c(6L, 3L), .Dimnames = structure(list(
        c("-1", "-2", "0", "1", "2", NA), c("C", "T", NA)), .Names = c("", 
    "")), class = "table"), AKMmono01v2_SNP1 = structure(c(0L, 
    0L, 0L, 1L, 0L, 0L, 0L, 191L, 12L, 1L, 2614L, 32L, 0L, 16L, 
    8L, 0L, 0L, 124L, 2L, 1L, 0L), .Dim = c(7L, 3L), .Dimnames = structure(list(
        c("-1", "-2", "-3", "0", "1", "2", NA), c("G", "T", NA
        )), .Names = c("", "")), class = "table"), AKMmono10v2_SNP1 = structure(c(47L, 
    4L, 927L, 11L, 6L, 0L, 0L, 1L, 0L, 0L, 0L, 0L, 39L, 1L, 0L
    ), .Dim = c(5L, 3L), .Dimnames = structure(list(c("-1", "-2", 
    "0", "1", NA), c("A", "G", NA)), .Names = c("", "")), class = "table"), 
    AKMmono17v2_SNP1 = structure(c(0L, 0L, 1L, 0L, 1L, 16L, 1L, 
    267L, 3L, 1L, 0L, 0L, 6L, 0L, 0L), .Dim = c(5L, 3L), .Dimnames = structure(list(
        c("-1", "-2", "0", "1", NA), c("A", "C", NA)), .Names = c("", 
    "")), class = "table"), EJmono13v2_SNP1 = structure(c(53L, 
    2L, 1047L, 16L, 5L, 2L, 0L, 19L, 0L, 0L), .Dim = c(5L, 2L
    ), .Dimnames = structure(list(c("-1", "-2", "0", "1", NA), 
        c("G", NA)), .Names = c("", "")), class = "table"), EJmono21v2_SNP1 = structure(c(0L, 
    0L, 0L, 1L, 0L, 31L, 1L, 1L, 206L, 4L, 0L, 0L, 0L, 8L, 1L
    ), .Dim = c(5L, 3L), .Dimnames = structure(list(c("-1", "-2", 
    "-3", "0", "1"), c("C", "T", NA)), .Names = c("", "")), class = "table"),