Result <-
list(AKMmono02_SNP1 = structure(c(0L, 0L, 0L, 1L, 0L, 0L, 0L, 
535L, 27L, 2L, 4886L, 90L, 3L, 96L, 4L, 0L, 0L, 70L, 4L, 0L, 
0L), .Dim = c(7L, 3L), .Dimnames = structure(list(c("-1", "-2", 
"-3", "0", "1", "2", NA), c("C", "T", NA)), .Names = c("", ""
)), class = "table"), AKMmono03_SNP1 = structure(c(2831L, 671L, 
79L, 5L, 14201L, 197L, 7L, 2L, 1L, 280L, 0L, 0L, 0L, 0L, 3L, 
0L, 0L, 0L, 0L, 0L, 0L, 0L, 0L, 0L, 1L, 0L, 0L, 0L, 0L, 0L, 137L, 
21L, 2L, 0L, 1037L, 9L, 0L, 0L, 0L, 0L), .Dim = c(10L, 4L), .Dimnames = structure(list(
    c("-1", "-2", "-3", "-4", "0", "1", "2", "3", "4", NA), c("A", 
    "G", "T", NA)), .Names = c("", "")), class = "table"), AKMmono05_SNP1 = structure(c(2295L, 
556L, 59L, 8L, 1L, 7688L, 282L, 8L, 185L, 0L, 0L, 0L, 0L, 0L, 
2L, 0L, 0L, 0L, 1L, 1L, 0L, 0L, 0L, 1L, 0L, 0L, 0L, 0L, 1L, 0L, 
0L, 0L, 1L, 0L, 0L, 0L, 103L, 20L, 2L, 0L, 0L, 709L, 18L, 0L, 
0L), .Dim = c(9L, 5L), .Dimnames = structure(list(c("-1", "-2", 
"-3", "-4", "-5", "0", "1", "2", NA), c("A", "C", "G", "T", NA
)), .Names = c("", "")), class = "table"), AKMmono11_SNP1 = structure(c(0L, 
0L, 0L, 0L, 5L, 0L, 0L, 0L, 2063L, 828L, 356L, 2L, 9065L, 153L, 
4L, 322L, 291L, 42L, 11L, 1L, 1714L, 42L, 0L, 0L), .Dim = c(8L, 
3L), .Dimnames = structure(list(c("-1", "-2", "-3", "-4", "0", 
"1", "2", NA), c("A", "T", NA)), .Names = c("", "")), class = "table"), 
    AKMmono12_SNP1 = structure(c(0L, 0L, 0L, 0L, 2L, 0L, 0L, 
    0L, 1L, 2337L, 236L, 9L, 2L, 9268L, 207L, 9L, 1L, 106L, 0L, 
    0L, 0L, 0L, 1L, 0L, 0L, 0L, 0L, 60L, 3L, 1L, 0L, 787L, 3L, 
    0L, 0L, 0L), .Dim = c(9L, 4L), .Dimnames = structure(list(
        c("-1", "-2", "-3", "-4", "0", "1", "2", "3", NA), c("A", 
        "C", "G", NA)), .Names = c("", "")), class = "table"), 
    AKMmono13_SNP1 = structure(c(2338L, 110L, 11L, 8764L, 201L, 
    4L, 128L, 0L, 0L, 0L, 1L, 0L, 0L, 0L, 0L, 0L, 0L, 1L, 0L, 
    0L, 0L, 67L, 1L, 0L, 569L, 13L, 0L, 0L), .Dim = c(7L, 4L), .Dimnames = structure(list(
        c("-1", "-2", "-3", "0", "1", "2", NA), c("A", "G", "T", 
        NA)), .Names = c("", "")), class = "table"), AKMmono16_SNP1 = structure(c(534L, 
    33L, 3L, 4687L, 471L, 11L, 45L, 0L, 0L, 0L, 1L, 0L, 0L, 0L, 
    0L, 0L, 0L, 3L, 0L, 0L, 0L, 0L, 0L, 0L, 1L, 0L, 0L, 0L, 9L, 
    0L, 0L, 276L, 25L, 1L, 0L), .Dim = c(7L, 5L), .Dimnames = structure(list(
        c("-1", "-2", "-3", "0", "1", "2", NA), c("A", "C", "G", 
        "T", NA)), .Names = c("", "")), class = "table"), AKMmono22_SNP1 = structure(c(984L, 
    164L, 33L, 432L, 19L, 6158L, 470L, 31L, 2L, 272L, 0L, 0L, 
    0L, 0L, 0L, 3L, 0L, 0L, 0L, 0L, 37L, 6L, 1L, 9L, 0L, 591L, 
    16L, 0L, 0L, 0L), .Dim = c(10L, 3L), .Dimnames = structure(list(
        c("-1", "-2", "-3", "-4", "-5", "0", "1", "2", "3", NA
        ), c("A", "G", NA)), .Names = c("", "")), class = "table"), 
    EJmono05_SNP1 = structure(c(0L, 0L, 0L, 1L, 0L, 0L, 0L, 1063L, 
    522L, 7L, 4945L, 77L, 1L, 47L, 19L, 7L, 0L, 176L, 1L, 0L, 
    0L), .Dim = c(7L, 3L), .Dimnames = structure(list(c("-1", 
    "-2", "-3", "0", "1", "2", NA), c("A", "T", NA)), .Names = c("", 
    "")), class = "table"), EJmono16_SNP1 = structure(c(1724L, 
    246L, 16L, 9088L, 419L, 11L, 2L, 541L, 0L, 0L, 0L, 1L, 0L, 
    0L, 0L, 0L, 0L, 0L, 0L, 1L, 0L, 0L, 0L, 0L, 13L, 3L, 0L, 
    102L, 2L, 0L, 0L, 0L), .Dim = c(8L, 4L), .Dimnames = structure(list(
        c("-1", "-2", "-3", "0", "1", "2", "3", NA), c("A", "C", 
        "T", NA)), .Names = c("", "")), class = "table"), LMmono01_SNP1 = structure(c(1323L, 
    96L, 4L, 6353L, 130L, 5L, 77L, 0L, 0L, 0L, 1L, 0L, 0L, 0L, 
    0L, 0L, 0L, 3L, 0L, 0L, 0L, 53L, 0L, 0L, 425L, 16L, 0L, 0L
    ), .Dim = c(7L, 4L), .Dimnames = structure(list(c("-1", "-2", 
    "-3", "0", "1", "2", NA), c("A", "G", "T", NA)), .Names = c("", 
    "")), class = "table"), LMmono03_SNP1 = structure(c(0L, 0L, 
    0L, 0L, 3L, 0L, 0L, 0L, 769L, 176L, 208L, 16L, 2664L, 70L, 
    1L, 130L, 0L, 0L, 0L, 0L, 2L, 0L, 0L, 0L, 19L, 5L, 1L, 0L, 
    181L, 2L, 0L, 0L), .Dim = c(8L, 4L), .Dimnames = structure(list(
        c("-1", "-2", "-3", "-4", "0", "1", "2", NA), c("A", 
        "C", "T", NA)), .Names = c("", "")), class = "table"), 
    LMmono09_SNP1 = structure(c(0L, 0L, 0L, 0L, 0L, 1L, 0L, 0L, 
    0L, 0L, 0L, 0L, 0L, 0L, 0L, 1L, 0L, 0L, 0L, 0L, 2007L, 227L, 
    879L, 240L, 2L, 10251L, 336L, 11L, 1L, 339L, 20L, 3L, 14L, 
    2L, 0L, 143L, 2L, 0L, 0L, 0L), .Dim = c(10L, 4L), .Dimnames = structure(list(
        c("-1", "-2", "-3", "-4", "-5", "0", "1", "2", "3", NA
        ), c("A", "C", "T", NA)), .Names = c("", "")), class = "table"), 
    LMmono12_SNP1 = structure(c(2755L, 714L, 92L, 2L, 2511L, 
    257L, 53L, 7L, 376L, 0L, 0L, 0L, 0L, 1L, 0L, 0L, 0L, 0L, 
    24L, 1L, 1L, 0L, 81L, 5L, 2L, 0L, 0L), .Dim = c(9L, 3L), .Dimnames = structure(list(
        c("-1", "-2", "-3", "-4", "0", "1", "2", "3", NA), c("A", 
        "T", NA)), .Names = c("", "")), class = "table"), LMmono16_SNP1 = structure(c(1160L, 
    113L, 18L, 1L, 6652L, 723L, 11L, 806L, 176L, 11L, 1L, 387L, 
    0L, 0L, 0L, 0L, 7L, 0L, 0L, 0L, 0L, 0L, 0L, 0L, 1L, 0L, 0L, 
    0L, 0L, 0L, 0L, 0L, 0L, 0L, 0L, 0L, 50L, 5L, 1L, 0L, 1114L, 
    26L, 1L, 44L, 26L, 1L, 0L, 0L), .Dim = c(12L, 4L), .Dimnames = structure(list(
        c("-1", "-2", "-3", "-4", "0", "1", "2", "3", "5", "6", 
        "7", NA), c("A", "C", "T", NA)), .Names = c("", "")), class = "table"), 
    MSJmono10_SNP1 = structure(c(870L, 40L, 5813L, 150L, 2L, 
    1L, 27L, 0L, 0L, 1L, 0L, 0L, 0L, 0L, 22L, 1L, 393L, 18L, 
    2L, 0L, 0L), .Dim = c(7L, 3L), .Dimnames = structure(list(
        c("-1", "-2", "0", "1", "2", "3", NA), c("C", "T", NA
        )), .Names = c("", "")), class = "table"), MSJmono19ms1_SNP1 = structure(c(2206L, 
    123L, 15L, 5L, 1L, 12620L, 419L, 10L, 392L, 2L, 0L, 0L, 0L, 
    0L, 20L, 0L, 0L, 0L, 0L, 0L, 0L, 0L, 0L, 1L, 0L, 0L, 0L, 
    1L, 0L, 0L, 0L, 0L, 14L, 0L, 0L, 0L, 172L, 8L, 2L, 0L, 0L, 
    1385L, 31L, 0L, 0L), .Dim = c(9L, 5L), .Dimnames = structure(list(
        c("-1", "-2", "-3", "-4", "-5", "0", "1", "2", NA), c("A", 
        "C", "G", "T", NA)), .Names = c("", "")), class = "table"), 
    MSJmono19ms2_SNP1 = structure(c(957L, 20L, 1L, 13955L, 146L, 
    3L, 200L, 0L, 0L, 0L, 3L, 0L, 0L, 0L, 11L, 0L, 0L, 1101L, 
    1L, 0L, 0L), .Dim = c(7L, 3L), .Dimnames = structure(list(
        c("-1", "-2", "-3", "0", "1", "2", NA), c("C", "T", NA
        )), .Names = c("", "")), class = "table"), MSJmono36_SNP1 = structure(c(0L, 
    1L, 0L, 4L, 0L, 0L, 0L, 0L, 0L, 0L, 0L, 1L, 0L, 0L, 0L, 0L, 
    949L, 460L, 22L, 11493L, 290L, 4L, 2L, 234L, 1L, 0L, 0L, 
    0L, 0L, 0L, 0L, 0L, 9L, 6L, 0L, 341L, 3L, 0L, 0L, 0L), .Dim = c(8L, 
    5L), .Dimnames = structure(list(c("-1", "-2", "-3", "0", 
    "1", "2", "3", NA), c("A", "C", "G", "T", NA)), .Names = c("", 
    "")), class = "table"), MSJmono44_SNP1 = structure(c(2L, 
    0L, 1L, 1L, 0L, 0L, 0L, 0L, 0L, 0L, 0L, 0L, 2L, 0L, 0L, 0L, 
    563L, 679L, 9L, 1L, 6133L, 78L, 3L, 42L, 6L, 5L, 0L, 0L, 
    136L, 0L, 0L, 0L), .Dim = c(8L, 4L), .Dimnames = structure(list(
        c("-1", "-2", "-3", "-5", "0", "1", "2", NA), c("-", 
        "C", "T", NA)), .Names = c("", "")), class = "table"), 
    MSJmono46_SNP1 = structure(c(270L, 362L, 230L, 14L, 1L, 1173L, 
    56L, 3L, 52L, 5L, 4L, 1L, 0L, 0L, 47L, 0L, 0L, 0L), .Dim = c(9L, 
    2L), .Dimnames = structure(list(c("-1", "-2", "-3", "-4", 
    "-5", "0", "1", "2", NA), c("C", NA)), .Names = c("", "")), class = "table"), 
    LMmono04v2_SNP1 = structure(c(0L, 1L, 0L, 0L, 0L, 0L, 0L, 
    0L, 452L, 65L, 2L, 1L, 2545L, 114L, 3L, 15L, 0L, 0L, 0L, 
    0L, 1L, 0L, 0L, 0L, 5L, 0L, 0L, 0L, 145L, 5L, 0L, 0L), .Dim = c(8L, 
    4L), .Dimnames = structure(list(c("-1", "-2", "-3", "-4", 
    "0", "1", "2", NA), c("A", "C", "T", NA)), .Names = c("", 
    "")), class = "table"), AKMmono01v2_SNP1 = structure(c(786L, 
    292L, 29L, 2L, 4192L, 65L, 1L, 74L, 13L, 3L, 2L, 0L, 201L, 
    2L, 0L, 0L), .Dim = c(8L, 2L),