Result <-
list(AKMmono02_SNP1 = structure(c(0L, 0L, 0L, 1L, 0L, 0L, 0L, 
1042L, 114L, 8L, 4447L, 124L, 3L, 167L, 17L, 1L, 1L, 85L, 1L, 
0L, 0L), .Dim = c(7L, 3L), .Dimnames = structure(list(c("-1", 
"-2", "-3", "0", "1", "2", NA), c("A", "T", NA)), .Names = c("", 
"")), class = "table"), AKMmono03_SNP1 = structure(c(984L, 170L, 
60L, 18L, 1L, 8134L, 149L, 2L, 114L, 0L, 0L, 0L, 0L, 0L, 1L, 
0L, 0L, 0L, 51L, 4L, 0L, 0L, 0L, 607L, 7L, 0L, 0L), .Dim = c(9L, 
3L), .Dimnames = structure(list(c("-1", "-2", "-3", "-4", "-5", 
"0", "1", "2", NA), c("A", "C", NA)), .Names = c("", "")), class = "table"), 
    AKMmono05_SNP1 = structure(c(908L, 632L, 104L, 8L, 4791L, 
    176L, 4L, 129L, 0L, 0L, 0L, 0L, 1L, 0L, 0L, 0L, 1L, 0L, 0L, 
    0L, 3L, 0L, 0L, 0L, 41L, 17L, 1L, 0L, 470L, 12L, 0L, 0L), .Dim = c(8L, 
    4L), .Dimnames = structure(list(c("-1", "-2", "-3", "-4", 
    "0", "1", "2", NA), c("A", "G", "T", NA)), .Names = c("", 
    "")), class = "table"), AKMmono11_SNP1 = structure(c(0L, 
    0L, 0L, 1L, 0L, 0L, 0L, 0L, 0L, 0L, 3L, 0L, 0L, 0L, 1817L, 
    325L, 6L, 5067L, 113L, 2L, 222L, 248L, 21L, 0L, 958L, 35L, 
    0L, 0L), .Dim = c(7L, 4L), .Dimnames = structure(list(c("-1", 
    "-2", "-3", "0", "1", "2", NA), c("-", "A", "T", NA)), .Names = c("", 
    "")), class = "table"), AKMmono12_SNP1 = structure(c(0L, 
    0L, 0L, 0L, 2L, 0L, 0L, 0L, 0L, 1161L, 97L, 6L, 1L, 6635L, 
    192L, 12L, 1L, 58L, 1L, 0L, 0L, 0L, 1L, 0L, 1L, 0L, 0L, 1L, 
    0L, 0L, 0L, 2L, 0L, 1L, 0L, 0L, 31L, 1L, 0L, 0L, 611L, 5L, 
    0L, 0L, 0L), .Dim = c(9L, 5L), .Dimnames = structure(list(
        c("-1", "-2", "-3", "-4", "0", "1", "2", "3", NA), c("A", 
        "C", "G", "T", NA)), .Names = c("", "")), class = "table"), 
    AKMmono13_SNP1 = structure(c(1475L, 977L, 22L, 3L, 7130L, 
    190L, 3L, 117L, 0L, 0L, 0L, 0L, 1L, 0L, 0L, 0L, 32L, 11L, 
    1L, 0L, 387L, 2L, 0L, 0L), .Dim = c(8L, 3L), .Dimnames = structure(list(
        c("-1", "-2", "-3", "-4", "0", "1", "2", NA), c("A", 
        "C", NA)), .Names = c("", "")), class = "table"), AKMmono16_SNP1 = structure(c(911L, 
    484L, 78L, 3L, 4479L, 66L, 2L, 51L, 0L, 0L, 0L, 0L, 1L, 0L, 
    0L, 0L, 0L, 0L, 0L, 0L, 2L, 0L, 0L, 0L, 0L, 0L, 0L, 0L, 1L, 
    0L, 0L, 0L, 14L, 6L, 1L, 0L, 243L, 3L, 0L, 0L), .Dim = c(8L, 
    5L), .Dimnames = structure(list(c("-1", "-2", "-3", "-4", 
    "0", "1", "2", NA), c("A", "C", "G", "T", NA)), .Names = c("", 
    "")), class = "table"), AKMmono22_SNP1 = structure(c(1080L, 
    244L, 58L, 3L, 4358L, 261L, 15L, 1L, 268L, 0L, 0L, 0L, 0L, 
    1L, 0L, 0L, 0L, 0L, 0L, 0L, 0L, 0L, 2L, 0L, 0L, 0L, 0L, 34L, 
    7L, 1L, 0L, 419L, 8L, 0L, 0L, 0L), .Dim = c(9L, 4L), .Dimnames = structure(list(
        c("-1", "-2", "-3", "-4", "0", "1", "2", "3", NA), c("A", 
        "C", "T", NA)), .Names = c("", "")), class = "table"), 
    EJmono05_SNP1 = structure(c(632L, 53L, 3L, 5396L, 113L, 5L, 
    38L, 13L, 1L, 0L, 190L, 5L, 0L, 0L), .Dim = c(7L, 2L), .Dimnames = structure(list(
        c("-1", "-2", "-3", "0", "1", "2", NA), c("T", NA)), .Names = c("", 
    "")), class = "table"), EJmono16_SNP1 = structure(c(820L, 
    266L, 14L, 1L, 5938L, 408L, 176L, 272L, 49L, 8L, 677L, 0L, 
    0L, 0L, 0L, 1L, 0L, 0L, 0L, 0L, 0L, 0L, 0L, 0L, 0L, 0L, 1L, 
    0L, 0L, 0L, 0L, 0L, 0L, 1L, 0L, 0L, 0L, 100L, 3L, 2L, 1L, 
    0L, 0L, 0L), .Dim = c(11L, 4L), .Dimnames = structure(list(
        c("-1", "-2", "-3", "-4", "0", "1", "2", "3", "4", "5", 
        NA), c("A", "G", "T", NA)), .Names = c("", "")), class = "table"), 
    LMmono01_SNP1 = structure(c(1309L, 129L, 6L, 5110L, 118L, 
    6L, 51L, 1L, 0L, 0L, 0L, 0L, 0L, 0L, 0L, 0L, 0L, 3L, 0L, 
    0L, 0L, 42L, 3L, 0L, 364L, 11L, 1L, 0L), .Dim = c(7L, 4L), .Dimnames = structure(list(
        c("-1", "-2", "-3", "0", "1", "2", NA), c("A", "G", "T", 
        NA)), .Names = c("", "")), class = "table"), LMmono03_SNP1 = structure(c(0L, 
    1L, 0L, 0L, 0L, 1L, 0L, 0L, 0L, 870L, 306L, 75L, 19L, 1L, 
    2175L, 50L, 1L, 141L, 0L, 0L, 0L, 0L, 0L, 1L, 0L, 0L, 0L, 
    20L, 8L, 3L, 1L, 0L, 115L, 1L, 0L, 0L), .Dim = c(9L, 4L), .Dimnames = structure(list(
        c("-1", "-2", "-3", "-4", "-5", "0", "1", "2", NA), c("A", 
        "C", "T", NA)), .Names = c("", "")), class = "table"), 
    LMmono09_SNP1 = structure(c(1800L, 1193L, 193L, 5L, 4942L, 
    235L, 5L, 244L, 16L, 9L, 3L, 0L, 76L, 3L, 2L, 0L), .Dim = c(8L, 
    2L), .Dimnames = structure(list(c("-1", "-2", "-3", "-4", 
    "0", "1", "2", NA), c("T", NA)), .Names = c("", "")), class = "table"), 
    LMmono12_SNP1 = structure(c(960L, 139L, 8L, 3929L, 335L, 
    28L, 179L, 7L, 2L, 0L, 159L, 4L, 2L, 0L), .Dim = c(7L, 2L
    ), .Dimnames = structure(list(c("-1", "-2", "-3", "0", "1", 
    "2", NA), c("A", NA)), .Names = c("", "")), class = "table"), 
    LMmono16_SNP1 = structure(c(1544L, 518L, 214L, 10L, 3902L, 
    284L, 15L, 18L, 11L, 1L, 164L, 0L, 0L, 0L, 0L, 1L, 0L, 0L, 
    0L, 0L, 0L, 0L, 0L, 0L, 0L, 0L, 1L, 0L, 0L, 0L, 0L, 0L, 0L, 
    57L, 18L, 5L, 1L, 543L, 12L, 0L, 1L, 3L, 0L, 0L), .Dim = c(11L, 
    4L), .Dimnames = structure(list(c("-1", "-2", "-3", "-4", 
    "0", "1", "2", "3", "5", "6", NA), c("A", "C", "G", NA)), .Names = c("", 
    "")), class = "table"), MSJmono10_SNP1 = structure(c(670L, 
    249L, 50L, 6140L, 198L, 11L, 37L, 0L, 0L, 0L, 2L, 0L, 0L, 
    0L, 0L, 0L, 0L, 1L, 0L, 0L, 0L, 23L, 9L, 1L, 400L, 7L, 0L, 
    0L), .Dim = c(7L, 4L), .Dimnames = structure(list(c("-1", 
    "-2", "-3", "0", "1", "2", NA), c("C", "G", "T", NA)), .Names = c("", 
    "")), class = "table"), MSJmono19ms1_SNP1 = structure(c(409L, 
    22L, 3L, 1L, 7463L, 254L, 9L, 2L, 10L, 173L, 0L, 0L, 0L, 
    0L, 9L, 0L, 0L, 0L, 0L, 0L, 0L, 0L, 0L, 0L, 1L, 0L, 0L, 0L, 
    0L, 0L, 0L, 0L, 0L, 0L, 11L, 0L, 0L, 0L, 0L, 0L, 37L, 0L, 
    1L, 0L, 812L, 13L, 0L, 0L, 1L, 0L), .Dim = c(10L, 5L), .Dimnames = structure(list(
        c("-1", "-2", "-3", "-4", "0", "1", "2", "6", "7", NA
        ), c("A", "C", "G", "T", NA)), .Names = c("", "")), class = "table"), 
    MSJmono19ms2_SNP1 = structure(c(1L, 0L, 3L, 0L, 0L, 0L, 897L, 
    40L, 6797L, 100L, 4L, 138L, 12L, 0L, 509L, 1L, 0L, 0L), .Dim = c(6L, 
    3L), .Dimnames = structure(list(c("-1", "-2", "0", "1", "2", 
    NA), c("A", "C", NA)), .Names = c("", "")), class = "table"), 
    MSJmono36_SNP1 = structure(c(0L, 0L, 0L, 1L, 1L, 0L, 0L, 
    792L, 63L, 2L, 6189L, 214L, 10L, 168L, 0L, 0L, 0L, 1L, 0L, 
    0L, 1L, 3L, 0L, 0L, 174L, 2L, 0L, 0L), .Dim = c(7L, 4L), .Dimnames = structure(list(
        c("-1", "-2", "-3", "0", "1", "2", NA), c("A", "G", "T", 
        NA)), .Names = c("", "")), class = "table"), MSJmono44_SNP1 = structure(c(733L, 
    314L, 5L, 2995L, 49L, 1L, 28L, 5L, 9L, 0L, 51L, 1L, 0L, 0L
    ), .Dim = c(7L, 2L), .Dimnames = structure(list(c("-1", "-2", 
    "-3", "0", "1", "2", NA), c("T", NA)), .Names = c("", "")), class = "table"), 
    MSJmono46_SNP1 = structure(c(1L, 1L, 0L, 0L, 0L, 0L, 0L, 
    0L, 0L, 554L, 351L, 49L, 3L, 1L, 1540L, 96L, 4L, 74L, 13L, 
    3L, 0L, 0L, 0L, 51L, 0L, 0L, 0L), .Dim = c(9L, 3L), .Dimnames = structure(list(
        c("-1", "-2", "-3", "-4", "-5", "0", "1", "2", NA), c("A", 
        "C", NA)), .Names = c("", "")), class = "table"), LMmono04v2_SNP1 = structure(c(925L, 
    132L, 9L, 2994L, 132L, 4L, 1L, 34L, 0L, 0L, 0L, 0L, 1L, 0L, 
    0L, 0L, 14L, 3L, 0L, 171L, 5L, 0L, 0L, 0L), .Dim = c(8L, 
    3L), .Dimnames = structure(list(c("-1", "-2", "-3", "0", 
    "1", "2", "3", NA), c("C", "T", NA)), .Names = c("", "")), class = "table"), 
    AKMmono01v2_SNP1 = structure(c(0L, 0L, 0L, 0L, 1L, 0L, 0L, 
    0L, 0L, 0L, 0L, 0L, 1L, 0L, 0L, 0L, 17L, 1L, 0L, 0L, 0L, 
    0L, 0L, 1L, 824L, 703L, 37L, 1L, 3749L, 62L, 2L, 64L, 18L, 
    6L, 2L, 0L, 141L, 3L, 0L, 0L), .Dim = c(8L, 5L), .Dimnames = structure(list(
        c("-1", "-2", "-3", "-4", "0", "1", "2", NA), c("-", 
        "A", "C", "T", NA)), .Names = c("", "")), class = "table"), 
    AKMmono10v2_SNP1 = structure(c(228L, 6L, 3664L, 47L, 21L, 
    4L, 0L, 11L, 1L, 0L, 1L, 0L, 129L, 2L, 0L),