Result <-
list(AKMmono02_SNP1 = structure(c(0L, 0L, 0L, 1L, 0L, 0L, 0L, 
350L, 11L, 1L, 4136L, 108L, 3L, 85L, 9L, 1L, 0L, 156L, 0L, 0L, 
0L), .Dim = c(7L, 3L), .Dimnames = structure(list(c("-1", "-2", 
"-3", "0", "1", "2", NA), c("A", "T", NA)), .Names = c("", ""
)), class = "table"), AKMmono03_SNP1 = structure(c(625L, 100L, 
31L, 4L, 1L, 6018L, 92L, 2L, 79L, 0L, 0L, 0L, 0L, 0L, 3L, 0L, 
0L, 0L, 1L, 0L, 0L, 0L, 0L, 0L, 0L, 0L, 0L, 0L, 0L, 0L, 0L, 0L, 
1L, 0L, 0L, 0L, 24L, 4L, 3L, 0L, 0L, 546L, 5L, 0L, 0L), .Dim = c(9L, 
5L), .Dimnames = structure(list(c("-1", "-2", "-3", "-4", "-5", 
"0", "1", "2", NA), c("A", "C", "G", "T", NA)), .Names = c("", 
"")), class = "table"), AKMmono05_SNP1 = structure(c(673L, 91L, 
9L, 2L, 4435L, 182L, 2L, 139L, 1L, 0L, 0L, 0L, 4L, 0L, 0L, 0L, 
0L, 0L, 0L, 0L, 2L, 0L, 0L, 0L, 0L, 0L, 0L, 0L, 1L, 0L, 0L, 0L, 
37L, 4L, 0L, 0L, 491L, 22L, 1L, 0L), .Dim = c(8L, 5L), .Dimnames = structure(list(
    c("-1", "-2", "-3", "-4", "0", "1", "2", NA), c("A", "C", 
    "G", "T", NA)), .Names = c("", "")), class = "table"), AKMmono11_SNP1 = structure(c(0L, 
0L, 0L, 2L, 0L, 0L, 0L, 0L, 0L, 0L, 1L, 0L, 0L, 0L, 662L, 38L, 
3L, 5851L, 74L, 1L, 144L, 77L, 2L, 0L, 855L, 25L, 1L, 0L), .Dim = c(7L, 
4L), .Dimnames = structure(list(c("-1", "-2", "-3", "0", "1", 
"2", NA), c("A", "G", "T", NA)), .Names = c("", "")), class = "table"), 
    AKMmono12_SNP1 = structure(c(613L, 38L, 1L, 1L, 1L, 4375L, 
    110L, 7L, 69L, 1L, 0L, 0L, 0L, 0L, 2L, 0L, 0L, 0L, 17L, 0L, 
    0L, 0L, 0L, 327L, 5L, 0L, 0L), .Dim = c(9L, 3L), .Dimnames = structure(list(
        c("-1", "-2", "-3", "-4", "-5", "0", "1", "2", NA), c("C", 
        "T", NA)), .Names = c("", "")), class = "table"), AKMmono13_SNP1 = structure(c(302L, 
    11L, 1L, 5720L, 136L, 4L, 72L, 0L, 0L, 0L, 2L, 0L, 0L, 0L, 
    12L, 0L, 0L, 413L, 6L, 0L, 0L), .Dim = c(7L, 3L), .Dimnames = structure(list(
        c("-1", "-2", "-3", "0", "1", "2", NA), c("A", "G", NA
        )), .Names = c("", "")), class = "table"), AKMmono16_SNP1 = structure(c(346L, 
    15L, 1L, 4593L, 83L, 2L, 51L, 0L, 0L, 0L, 2L, 0L, 0L, 0L, 
    0L, 0L, 0L, 2L, 0L, 0L, 0L, 8L, 1L, 0L, 285L, 3L, 0L, 0L), .Dim = c(7L, 
    4L), .Dimnames = structure(list(c("-1", "-2", "-3", "0", 
    "1", "2", NA), c("A", "C", "T", NA)), .Names = c("", "")), class = "table"), 
    AKMmono22_SNP1 = structure(c(431L, 69L, 12L, 1L, 3364L, 131L, 
    8L, 3L, 210L, 0L, 0L, 0L, 0L, 3L, 0L, 0L, 0L, 0L, 0L, 0L, 
    0L, 0L, 0L, 0L, 0L, 0L, 1L, 21L, 3L, 0L, 0L, 351L, 8L, 0L, 
    0L, 0L), .Dim = c(9L, 4L), .Dimnames = structure(list(c("-1", 
    "-2", "-3", "-4", "0", "1", "2", "3", NA), c("A", "G", "T", 
    NA)), .Names = c("", "")), class = "table"), EJmono05_SNP1 = structure(c(418L, 
    22L, 1L, 4047L, 80L, 64L, 5L, 0L, 0L, 193L, 0L, 0L), .Dim = c(6L, 
    2L), .Dimnames = structure(list(c("-1", "-2", "-3", "0", 
    "1", NA), c("T", NA)), .Names = c("", "")), class = "table"), 
    EJmono16_SNP1 = structure(c(162L, 11L, 3505L, 128L, 4L, 1L, 
    207L, 2L, 0L, 71L, 0L, 0L, 0L, 0L), .Dim = c(7L, 2L), .Dimnames = structure(list(
        c("-1", "-2", "0", "1", "2", "3", NA), c("A", NA)), .Names = c("", 
    "")), class = "table"), LMmono01_SNP1 = structure(c(315L, 
    16L, 10L, 3227L, 54L, 68L, 0L, 0L, 0L, 3L, 0L, 0L, 1L, 0L, 
    0L, 2L, 0L, 0L, 13L, 0L, 0L, 252L, 2L, 0L), .Dim = c(6L, 
    4L), .Dimnames = structure(list(c("-1", "-2", "-4", "0", 
    "1", NA), c("A", "C", "G", NA)), .Names = c("", "")), class = "table"), 
    LMmono03_SNP1 = structure(c(0L, 0L, 0L, 0L, 0L, 1L, 0L, 0L, 
    0L, 534L, 70L, 9L, 3L, 1L, 2649L, 86L, 3L, 80L, 0L, 0L, 0L, 
    0L, 0L, 1L, 0L, 0L, 0L, 6L, 0L, 1L, 0L, 0L, 346L, 2L, 0L, 
    0L), .Dim = c(9L, 4L), .Dimnames = structure(list(c("-1", 
    "-2", "-3", "-4", "-5", "0", "1", "2", NA), c("A", "C", "T", 
    NA)), .Names = c("", "")), class = "table"), LMmono09_SNP1 = structure(c(0L, 
    0L, 0L, 1L, 0L, 0L, 0L, 1L, 0L, 0L, 0L, 0L, 0L, 0L, 0L, 0L, 
    0L, 1L, 0L, 0L, 0L, 1259L, 114L, 12L, 7512L, 282L, 11L, 221L, 
    10L, 3L, 1L, 128L, 1L, 0L, 0L), .Dim = c(7L, 5L), .Dimnames = structure(list(
        c("-1", "-2", "-3", "0", "1", "2", NA), c("A", "C", "G", 
        "T", NA)), .Names = c("", "")), class = "table"), LMmono12_SNP1 = structure(c(532L, 
    55L, 3L, 2806L, 170L, 9L, 1L, 108L, 0L, 0L, 0L, 1L, 0L, 0L, 
    0L, 0L, 24L, 0L, 0L, 336L, 12L, 0L, 0L, 0L), .Dim = c(8L, 
    3L), .Dimnames = structure(list(c("-1", "-2", "-3", "0", 
    "1", "2", "3", NA), c("A", "T", NA)), .Names = c("", "")), class = "table"), 
    LMmono16_SNP1 = structure(c(851L, 76L, 7L, 3917L, 230L, 10L, 
    1L, 167L, 0L, 0L, 0L, 0L, 1L, 0L, 0L, 0L, 0L, 0L, 0L, 1L, 
    0L, 0L, 0L, 0L, 31L, 2L, 0L, 599L, 18L, 1L, 0L, 0L), .Dim = c(8L, 
    4L), .Dimnames = structure(list(c("-1", "-2", "-3", "0", 
    "1", "2", "5", NA), c("A", "G", "T", NA)), .Names = c("", 
    "")), class = "table"), MSJmono10_SNP1 = structure(c(219L, 
    7L, 1L, 4125L, 120L, 9L, 41L, 0L, 0L, 0L, 1L, 0L, 0L, 0L, 
    8L, 0L, 0L, 234L, 6L, 1L, 0L), .Dim = c(7L, 3L), .Dimnames = structure(list(
        c("-1", "-2", "-3", "0", "1", "2", NA), c("C", "G", NA
        )), .Names = c("", "")), class = "table"), MSJmono19ms1_SNP1 = structure(c(162L, 
    10L, 1L, 4399L, 76L, 1L, 170L, 2L, 0L, 0L, 5L, 0L, 0L, 1L, 
    0L, 0L, 0L, 5L, 0L, 0L, 2L, 11L, 1L, 0L, 692L, 11L, 0L, 0L
    ), .Dim = c(7L, 4L), .Dimnames = structure(list(c("-1", "-2", 
    "-3", "0", "1", "2", NA), c("A", "C", "T", NA)), .Names = c("", 
    "")), class = "table"), MSJmono19ms2_SNP1 = structure(c(0L, 
    0L, 1L, 0L, 0L, 238L, 3L, 4544L, 75L, 62L, 0L, 0L, 1L, 0L, 
    0L, 3L, 0L, 350L, 0L, 0L), .Dim = 5:4, .Dimnames = structure(list(
        c("-1", "-2", "0", "1", NA), c("A", "C", "T", NA)), .Names = c("", 
    "")), class = "table"), MSJmono36_SNP1 = structure(c(0L, 
    0L, 0L, 1L, 0L, 0L, 0L, 330L, 27L, 1L, 5466L, 132L, 4L, 117L, 
    2L, 0L, 0L, 205L, 2L, 0L, 0L), .Dim = c(7L, 3L), .Dimnames = structure(list(
        c("-1", "-2", "-3", "0", "1", "2", NA), c("A", "G", NA
        )), .Names = c("", "")), class = "table"), MSJmono44_SNP1 = structure(c(0L, 
    0L, 0L, 1L, 0L, 0L, 0L, 193L, 1L, 1L, 3297L, 51L, 1L, 20L, 
    4L, 0L, 0L, 148L, 5L, 0L, 0L), .Dim = c(7L, 3L), .Dimnames = structure(list(
        c("-1", "-2", "-3", "0", "1", "2", NA), c("-", "T", NA
        )), .Names = c("", "")), class = "table"), MSJmono46_SNP1 = structure(c(466L, 
    57L, 5L, 2L, 2296L, 151L, 3L, 86L, 71L, 5L, 1L, 0L, 642L, 
    23L, 1L, 0L), .Dim = c(8L, 2L), .Dimnames = structure(list(
        c("-1", "-2", "-3", "-4", "0", "1", "2", NA), c("C", 
        NA)), .Names = c("", "")), class = "table"), LMmono04v2_SNP1 = structure(c(321L, 
    12L, 2588L, 129L, 5L, 1L, 32L, 17L, 0L, 126L, 7L, 0L, 0L, 
    0L), .Dim = c(7L, 2L), .Dimnames = structure(list(c("-1", 
    "-2", "0", "1", "2", "3", NA), c("C", NA)), .Names = c("", 
    "")), class = "table"), AKMmono01v2_SNP1 = structure(c(0L, 
    0L, 0L, 1L, 0L, 0L, 0L, 1661L, 116L, 5L, 23L, 0L, 0L, 95L, 
    148L, 9L, 1L, 2126L, 36L, 0L, 18L, 124L, 9L, 1L, 186L, 6L, 
    1L, 0L), .Dim = c(7L, 4L), .Dimnames = structure(list(c("-1", 
    "-2", "-3", "0", "1", "2", NA), c("A", "C", "T", NA)), .Names = c("", 
    "")), class = "table"), AKMmono10v2_SNP1 = structure(c(121L, 
    2L, 2723L, 32L, 13L, 0L, 0L, 3L, 0L, 0L, 0L, 0L, 1L, 0L, 
    0L, 1L, 0L, 134L, 3L, 0L), .Dim = 5:4, .Dimnames = structure(list(
        c("-1", "-2", "0", "1", NA), c("A", "G", "T", NA)), .Names = c("", 
    "")), class = "table"), AKMmono17v2_SNP1 = structure(c(37L, 
    1L, 0L, 593L, 3L, 4L, 36L, 1L, 1L, 663L, 7L, 2L, 2L, 0L, 
    0L, 47L, 0L, 0L), .Dim = c(6L, 3L), .Dimnames = structure(list(
        c("-1", "-2", "-3", "0", "1", NA), c("A", "C", NA)), .Names = c("", 
    "")), class = "table"), EJmono13v2_SNP1 = structure(c(2L, 
    0L, 1L, 0L, 0L, 1L, 0L, 0L, 0L, 0L, 177L, 4L, 2680L, 72L, 
    11L, 5L, 0L, 216L, 6L, 0L),