Result <-
list(AKMmono02_SNP1 = structure(c(0L, 0L, 0L, 2L, 0L, 0L, 0L, 
1L, 0L, 0L, 1L, 0L, 0L, 0L, 370L, 16L, 2L, 4220L, 94L, 5L, 83L, 
6L, 0L, 0L, 143L, 1L, 0L, 0L), .Dim = c(7L, 4L), .Dimnames = structure(list(
    c("-1", "-2", "-3", "0", "1", "2", NA), c("A", "C", "T", 
    NA)), .Names = c("", "")), class = "table"), AKMmono03_SNP1 = structure(c(0L, 
0L, 0L, 1L, 0L, 0L, 0L, 782L, 147L, 20L, 7175L, 115L, 3L, 99L, 
1L, 0L, 0L, 6L, 0L, 0L, 0L, 32L, 8L, 0L, 696L, 5L, 0L, 0L), .Dim = c(7L, 
4L), .Dimnames = structure(list(c("-1", "-2", "-3", "0", "1", 
"2", NA), c("-", "A", "C", NA)), .Names = c("", "")), class = "table"), 
    AKMmono05_SNP1 = structure(c(707L, 91L, 14L, 3L, 1L, 4764L, 
    185L, 7L, 127L, 0L, 0L, 0L, 0L, 0L, 6L, 1L, 0L, 0L, 0L, 0L, 
    0L, 0L, 0L, 1L, 0L, 0L, 0L, 0L, 0L, 0L, 0L, 0L, 1L, 0L, 0L, 
    0L, 48L, 3L, 0L, 0L, 0L, 520L, 18L, 3L, 0L), .Dim = c(9L, 
    5L), .Dimnames = structure(list(c("-1", "-2", "-3", "-4", 
    "-5", "0", "1", "2", NA), c("A", "C", "G", "T", NA)), .Names = c("", 
    "")), class = "table"), AKMmono11_SNP1 = structure(c(0L, 
    0L, 0L, 3L, 0L, 0L, 1L, 0L, 0L, 0L, 1L, 0L, 0L, 0L, 781L, 
    44L, 5L, 6431L, 147L, 1L, 147L, 76L, 5L, 0L, 943L, 34L, 2L, 
    0L), .Dim = c(7L, 4L), .Dimnames = structure(list(c("-1", 
    "-2", "-3", "0", "1", "2", NA), c("A", "C", "T", NA)), .Names = c("", 
    "")), class = "table"), AKMmono12_SNP1 = structure(c(0L, 
    0L, 0L, 1L, 0L, 0L, 0L, 0L, 0L, 0L, 5L, 0L, 0L, 0L, 673L, 
    59L, 3L, 4767L, 130L, 4L, 64L, 0L, 1L, 0L, 0L, 0L, 0L, 0L, 
    1L, 0L, 0L, 0L, 0L, 0L, 0L, 18L, 4L, 0L, 405L, 5L, 0L, 0L
    ), .Dim = 7:6, .Dimnames = structure(list(c("-1", "-2", "-3", 
    "0", "1", "2", NA), c("-", "A", "C", "G", "T", NA)), .Names = c("", 
    "")), class = "table"), AKMmono13_SNP1 = structure(c(383L, 
    16L, 1L, 1L, 6694L, 168L, 1L, 1L, 80L, 0L, 0L, 0L, 0L, 1L, 
    0L, 0L, 0L, 0L, 0L, 0L, 0L, 0L, 1L, 0L, 0L, 0L, 0L, 15L, 
    0L, 0L, 0L, 449L, 10L, 1L, 0L, 0L), .Dim = c(9L, 4L), .Dimnames = structure(list(
        c("-1", "-2", "-3", "-4", "0", "1", "2", "3", NA), c("A", 
        "C", "T", NA)), .Names = c("", "")), class = "table"), 
    AKMmono16_SNP1 = structure(c(446L, 23L, 1L, 5042L, 75L, 4L, 
    53L, 0L, 0L, 0L, 1L, 0L, 0L, 0L, 0L, 0L, 0L, 2L, 0L, 0L, 
    0L, 12L, 1L, 0L, 337L, 6L, 0L, 0L), .Dim = c(7L, 4L), .Dimnames = structure(list(
        c("-1", "-2", "-3", "0", "1", "2", NA), c("A", "G", "T", 
        NA)), .Names = c("", "")), class = "table"), AKMmono22_SNP1 = structure(c(0L, 
    0L, 0L, 0L, 1L, 0L, 0L, 0L, 0L, 504L, 89L, 11L, 7L, 3720L, 
    188L, 7L, 1L, 260L, 0L, 0L, 0L, 0L, 1L, 0L, 0L, 0L, 0L, 33L, 
    3L, 0L, 0L, 437L, 10L, 0L, 0L, 0L), .Dim = c(9L, 4L), .Dimnames = structure(list(
        c("-1", "-2", "-3", "-4", "0", "1", "2", "3", NA), c("-", 
        "A", "T", NA)), .Names = c("", "")), class = "table"), 
    EJmono05_SNP1 = structure(c(0L, 0L, 1L, 0L, 0L, 0L, 0L, 2L, 
    0L, 0L, 490L, 31L, 4335L, 71L, 66L, 12L, 2L, 220L, 2L, 0L
    ), .Dim = 5:4, .Dimnames = structure(list(c("-1", "-2", "0", 
    "1", NA), c("-", "C", "T", NA)), .Names = c("", "")), class = "table"), 
    EJmono16_SNP1 = structure(c(237L, 19L, 4729L, 197L, 5L, 282L, 
    0L, 0L, 2L, 0L, 0L, 0L, 0L, 0L, 1L, 0L, 0L, 0L, 4L, 1L, 107L, 
    5L, 0L, 0L), .Dim = c(6L, 4L), .Dimnames = structure(list(
        c("-1", "-2", "0", "1", "2", NA), c("A", "C", "G", NA
        )), .Names = c("", "")), class = "table"), LMmono01_SNP1 = structure(c(383L, 
    14L, 3605L, 46L, 69L, 0L, 0L, 1L, 0L, 0L, 0L, 0L, 3L, 0L, 
    0L, 8L, 1L, 286L, 9L, 0L), .Dim = 5:4, .Dimnames = structure(list(
        c("-1", "-2", "0", "1", NA), c("A", "G", "T", NA)), .Names = c("", 
    "")), class = "table"), LMmono03_SNP1 = structure(c(0L, 0L, 
    0L, 0L, 2L, 0L, 0L, 0L, 517L, 82L, 14L, 2L, 2424L, 97L, 4L, 
    80L, 20L, 5L, 1L, 0L, 356L, 3L, 0L, 0L), .Dim = c(8L, 3L), .Dimnames = structure(list(
        c("-1", "-2", "-3", "-4", "0", "1", "2", NA), c("A", 
        "C", NA)), .Names = c("", "")), class = "table"), LMmono09_SNP1 = structure(c(0L, 
    0L, 0L, 1L, 0L, 0L, 0L, 0L, 1060L, 71L, 12L, 8946L, 308L, 
    9L, 1L, 227L, 6L, 0L, 0L, 143L, 0L, 0L, 0L, 0L), .Dim = c(8L, 
    3L), .Dimnames = structure(list(c("-1", "-2", "-3", "0", 
    "1", "2", "3", NA), c("A", "T", NA)), .Names = c("", "")), class = "table"), 
    LMmono12_SNP1 = structure(c(519L, 41L, 3L, 3006L, 203L, 16L, 
    95L, 23L, 2L, 0L, 314L, 6L, 1L, 0L), .Dim = c(7L, 2L), .Dimnames = structure(list(
        c("-1", "-2", "-3", "0", "1", "2", NA), c("A", NA)), .Names = c("", 
    "")), class = "table"), LMmono16_SNP1 = structure(c(502L, 
    45L, 1L, 3939L, 160L, 14L, 364L, 151L, 12L, 325L, 1L, 0L, 
    0L, 0L, 0L, 0L, 0L, 0L, 0L, 0L, 0L, 0L, 0L, 1L, 0L, 0L, 0L, 
    0L, 0L, 0L, 19L, 2L, 0L, 654L, 8L, 0L, 21L, 18L, 2L, 0L), .Dim = c(10L, 
    4L), .Dimnames = structure(list(c("-1", "-2", "-3", "0", 
    "1", "2", "3", "5", "6", NA), c("A", "C", "G", NA)), .Names = c("", 
    "")), class = "table"), MSJmono10_SNP1 = structure(c(0L, 
    0L, 0L, 3L, 0L, 0L, 0L, 290L, 9L, 1L, 5093L, 165L, 6L, 47L, 
    11L, 1L, 0L, 312L, 9L, 0L, 0L), .Dim = c(7L, 3L), .Dimnames = structure(list(
        c("-1", "-2", "-3", "0", "1", "2", NA), c("A", "C", NA
        )), .Names = c("", "")), class = "table"), MSJmono19ms1_SNP1 = structure(c(211L, 
    14L, 3L, 5377L, 106L, 1L, 1L, 235L, 0L, 0L, 0L, 12L, 0L, 
    0L, 0L, 1L, 0L, 0L, 0L, 1L, 0L, 0L, 0L, 0L, 0L, 0L, 0L, 4L, 
    0L, 0L, 0L, 0L, 16L, 0L, 0L, 841L, 18L, 0L, 0L, 0L), .Dim = c(8L, 
    5L), .Dimnames = structure(list(c("-1", "-2", "-3", "0", 
    "1", "2", "3", NA), c("A", "C", "G", "T", NA)), .Names = c("", 
    "")), class = "table"), MSJmono19ms2_SNP1 = structure(c(289L, 
    3L, 5464L, 66L, 1L, 90L, 0L, 0L, 1L, 0L, 0L, 0L, 3L, 0L, 
    523L, 0L, 0L, 0L), .Dim = c(6L, 3L), .Dimnames = structure(list(
        c("-1", "-2", "0", "1", "2", NA), c("C", "T", NA)), .Names = c("", 
    "")), class = "table"), MSJmono36_SNP1 = structure(c(0L, 
    0L, 0L, 3L, 0L, 0L, 0L, 339L, 16L, 6L, 5561L, 116L, 6L, 121L, 
    0L, 0L, 0L, 1L, 0L, 0L, 0L, 1L, 0L, 0L, 219L, 0L, 0L, 0L), .Dim = c(7L, 
    4L), .Dimnames = structure(list(c("-1", "-2", "-3", "0", 
    "1", "2", NA), c("A", "G", "T", NA)), .Names = c("", "")), class = "table"), 
    MSJmono44_SNP1 = structure(c(0L, 0L, 1L, 0L, 0L, 0L, 0L, 
    0L, 1L, 0L, 0L, 0L, 197L, 9L, 3222L, 51L, 1L, 26L, 5L, 0L, 
    183L, 1L, 0L, 0L), .Dim = c(6L, 4L), .Dimnames = structure(list(
        c("-1", "-2", "0", "1", "2", NA), c("-", "A", "T", NA
        )), .Names = c("", "")), class = "table"), MSJmono46_SNP1 = structure(c(510L, 
    61L, 6L, 2412L, 187L, 10L, 96L, 73L, 7L, 1L, 690L, 36L, 4L, 
    0L), .Dim = c(7L, 2L), .Dimnames = structure(list(c("-1", 
    "-2", "-3", "0", "1", "2", NA), c("C", NA)), .Names = c("", 
    "")), class = "table"), LMmono04v2_SNP1 = structure(c(412L, 
    29L, 4L, 3352L, 171L, 5L, 42L, 1L, 0L, 0L, 1L, 0L, 0L, 0L, 
    11L, 0L, 0L, 195L, 11L, 0L, 0L), .Dim = c(7L, 3L), .Dimnames = structure(list(
        c("-1", "-2", "-3", "0", "1", "2", NA), c("C", "T", NA
        )), .Names = c("", "")), class = "table"), AKMmono01v2_SNP1 = structure(c(1L, 
    0L, 0L, 0L, 0L, 0L, 1L, 0L, 1L, 0L, 0L, 0L, 5L, 5L, 1L, 0L, 
    0L, 0L, 0L, 0L, 1L, 0L, 0L, 0L, 328L, 19L, 4582L, 87L, 1L, 
    40L, 11L, 4L, 317L, 5L, 0L, 0L), .Dim = c(6L, 6L), .Dimnames = structure(list(
        c("-1", "-2", "0", "1", "3", NA), c("-", "A", "C", "G", 
        "T", NA)), .Names = c("", "")), class = "table"), AKMmono10v2_SNP1 = structure(c(112L, 
    1L, 1497L, 11L, 10L, 51L, 2L, 1738L, 26L, 7L, 7L, 0L, 164L, 
    1L, 0L), .Dim = c(5L, 3L), .Dimnames = structure(list(c("-1", 
    "-2", "0", "1", NA), c("A", "G", NA)), .Names = c("", "")), class = "table"), 
    AKMmono17v2_SNP1 = structure(c(2L, 0L, 15L, 1L, 0L, 83L, 
    5L, 1668L, 23L, 11L, 2L, 0L, 78L, 1L, 0L), .Dim = c(5L, 3L
    ), .Dimnames = structure(list(c("-1", "-2", "0", "1", NA), 
        c("A", "C", NA)),