Result <-
list(AKMmono02_SNP1 = structure(c(413L, 23L, 1L, 4773L, 116L, 
1L, 104L, 11L, 1L, 0L, 179L, 1L, 0L, 0L), .Dim = c(7L, 2L), .Dimnames = structure(list(
    c("-1", "-2", "-3", "0", "1", "2", NA), c("T", NA)), .Names = c("", 
"")), class = "table"), AKMmono03_SNP1 = structure(c(694L, 124L, 
24L, 6950L, 110L, 2L, 98L, 1L, 0L, 0L, 1L, 0L, 0L, 0L, 41L, 6L, 
0L, 685L, 4L, 0L, 0L), .Dim = c(7L, 3L), .Dimnames = structure(list(
    c("-1", "-2", "-3", "0", "1", "2", NA), c("A", "C", NA)), .Names = c("", 
"")), class = "table"), AKMmono05_SNP1 = structure(c(868L, 113L, 
19L, 5L, 6219L, 201L, 12L, 1L, 144L, 1L, 0L, 0L, 0L, 8L, 0L, 
0L, 0L, 0L, 0L, 0L, 0L, 0L, 4L, 0L, 0L, 0L, 0L, 45L, 1L, 0L, 
0L, 696L, 27L, 0L, 0L, 0L), .Dim = c(9L, 4L), .Dimnames = structure(list(
    c("-1", "-2", "-3", "-4", "0", "1", "2", "3", NA), c("A", 
    "C", "T", NA)), .Names = c("", "")), class = "table"), AKMmono11_SNP1 = structure(c(0L, 
0L, 0L, 8L, 0L, 0L, 0L, 0L, 0L, 0L, 1L, 0L, 0L, 0L, 564L, 33L, 
1L, 5565L, 67L, 5L, 127L, 67L, 3L, 0L, 932L, 22L, 0L, 0L), .Dim = c(7L, 
4L), .Dimnames = structure(list(c("-1", "-2", "-3", "0", "1", 
"2", NA), c("A", "G", "T", NA)), .Names = c("", "")), class = "table"), 
    AKMmono12_SNP1 = structure(c(0L, 0L, 0L, 1L, 0L, 0L, 0L, 
    0L, 729L, 49L, 1L, 5790L, 125L, 4L, 4L, 78L, 0L, 0L, 0L, 
    1L, 0L, 0L, 0L, 0L, 22L, 2L, 0L, 420L, 6L, 0L, 0L, 0L), .Dim = c(8L, 
    4L), .Dimnames = structure(list(c("-1", "-2", "-3", "0", 
    "1", "2", "3", NA), c("A", "C", "G", NA)), .Names = c("", 
    "")), class = "table"), AKMmono13_SNP1 = structure(c(313L, 
    20L, 6027L, 116L, 3L, 54L, 0L, 0L, 1L, 0L, 0L, 0L, 0L, 0L, 
    1L, 0L, 0L, 0L, 13L, 0L, 432L, 14L, 0L, 0L), .Dim = c(6L, 
    4L), .Dimnames = structure(list(c("-1", "-2", "0", "1", "2", 
    NA), c("A", "C", "T", NA)), .Names = c("", "")), class = "table"), 
    AKMmono16_SNP1 = structure(c(486L, 19L, 3L, 5746L, 91L, 55L, 
    0L, 0L, 0L, 1L, 0L, 0L, 0L, 0L, 0L, 3L, 0L, 0L, 7L, 0L, 0L, 
    403L, 6L, 0L), .Dim = c(6L, 4L), .Dimnames = structure(list(
        c("-1", "-2", "-3", "0", "1", NA), c("A", "C", "T", NA
        )), .Names = c("", "")), class = "table"), AKMmono22_SNP1 = structure(c(566L, 
    101L, 10L, 1L, 4359L, 205L, 7L, 266L, 0L, 0L, 0L, 0L, 1L, 
    0L, 0L, 0L, 0L, 0L, 0L, 0L, 1L, 0L, 0L, 0L, 31L, 3L, 0L, 
    0L, 510L, 7L, 0L, 0L), .Dim = c(8L, 4L), .Dimnames = structure(list(
        c("-1", "-2", "-3", "-4", "0", "1", "2", NA), c("A", 
        "C", "T", NA)), .Names = c("", "")), class = "table"), 
    EJmono05_SNP1 = structure(c(0L, 0L, 0L, 4L, 0L, 0L, 0L, 493L, 
    29L, 2L, 4856L, 79L, 5L, 49L, 13L, 0L, 0L, 219L, 0L, 0L, 
    0L), .Dim = c(7L, 3L), .Dimnames = structure(list(c("-1", 
    "-2", "-3", "0", "1", "2", NA), c("A", "T", NA)), .Names = c("", 
    "")), class = "table"), EJmono16_SNP1 = structure(c(179L, 
    8L, 3744L, 106L, 7L, 199L, 1L, 0L, 88L, 2L, 0L, 0L), .Dim = c(6L, 
    2L), .Dimnames = structure(list(c("-1", "-2", "0", "1", "2", 
    NA), c("A", NA)), .Names = c("", "")), class = "table"), 
    LMmono01_SNP1 = structure(c(302L, 20L, 3060L, 56L, 59L, 0L, 
    0L, 1L, 0L, 0L, 0L, 0L, 1L, 0L, 0L, 0L, 0L, 2L, 0L, 0L, 16L, 
    0L, 229L, 2L, 0L), .Dim = c(5L, 5L), .Dimnames = structure(list(
        c("-1", "-2", "0", "1", NA), c("A", "C", "G", "T", NA
        )), .Names = c("", "")), class = "table"), LMmono03_SNP1 = structure(c(3L, 
    0L, 0L, 0L, 4L, 0L, 0L, 0L, 560L, 62L, 7L, 1L, 2746L, 88L, 
    3L, 83L, 0L, 0L, 0L, 0L, 1L, 0L, 0L, 0L, 11L, 1L, 0L, 0L, 
    403L, 3L, 0L, 0L), .Dim = c(8L, 4L), .Dimnames = structure(list(
        c("-1", "-2", "-3", "-4", "0", "1", "2", NA), c("A", 
        "C", "T", NA)), .Names = c("", "")), class = "table"), 
    LMmono09_SNP1 = structure(c(1L, 0L, 0L, 0L, 0L, 0L, 0L, 0L, 
    0L, 1761L, 223L, 25L, 1L, 8477L, 387L, 11L, 1L, 248L, 23L, 
    2L, 0L, 0L, 177L, 5L, 0L, 0L, 0L), .Dim = c(9L, 3L), .Dimnames = structure(list(
        c("-1", "-2", "-3", "-4", "0", "1", "2", "3", NA), c("A", 
        "T", NA)), .Names = c("", "")), class = "table"), LMmono12_SNP1 = structure(c(595L, 
    44L, 3L, 3230L, 188L, 8L, 122L, 0L, 0L, 0L, 1L, 0L, 0L, 0L, 
    31L, 2L, 0L, 338L, 5L, 1L, 0L), .Dim = c(7L, 3L), .Dimnames = structure(list(
        c("-1", "-2", "-3", "0", "1", "2", NA), c("A", "T", NA
        )), .Names = c("", "")), class = "table"), LMmono16_SNP1 = structure(c(1056L, 
    86L, 3L, 1L, 4425L, 297L, 14L, 2L, 178L, 0L, 0L, 0L, 0L, 
    2L, 0L, 0L, 0L, 0L, 0L, 0L, 0L, 0L, 2L, 0L, 0L, 0L, 0L, 0L, 
    0L, 0L, 0L, 2L, 0L, 0L, 0L, 0L, 28L, 4L, 0L, 0L, 708L, 21L, 
    1L, 0L, 0L), .Dim = c(9L, 5L), .Dimnames = structure(list(
        c("-1", "-2", "-3", "-4", "0", "1", "2", "3", NA), c("A", 
        "C", "G", "T", NA)), .Names = c("", "")), class = "table"), 
    MSJmono10_SNP1 = structure(c(234L, 7L, 4508L, 151L, 2L, 39L, 
    0L, 0L, 0L, 1L, 0L, 0L, 8L, 0L, 275L, 8L, 1L, 0L), .Dim = c(6L, 
    3L), .Dimnames = structure(list(c("-1", "-2", "0", "1", "2", 
    NA), c("C", "G", NA)), .Names = c("", "")), class = "table"), 
    MSJmono19ms1_SNP1 = structure(c(174L, 8L, 1L, 1L, 4634L, 
    84L, 2L, 179L, 0L, 0L, 0L, 0L, 17L, 1L, 0L, 1L, 0L, 0L, 0L, 
    0L, 6L, 0L, 0L, 0L, 26L, 0L, 0L, 0L, 721L, 7L, 0L, 0L), .Dim = c(8L, 
    4L), .Dimnames = structure(list(c("-1", "-2", "-3", "-4", 
    "0", "1", "2", NA), c("A", "C", "T", NA)), .Names = c("", 
    "")), class = "table"), MSJmono19ms2_SNP1 = structure(c(0L, 
    0L, 1L, 0L, 0L, 189L, 3L, 4869L, 45L, 47L, 0L, 0L, 1L, 0L, 
    0L, 3L, 0L, 412L, 0L, 0L), .Dim = 5:4, .Dimnames = structure(list(
        c("-1", "-2", "0", "1", NA), c("A", "C", "G", NA)), .Names = c("", 
    "")), class = "table"), MSJmono36_SNP1 = structure(c(345L, 
    12L, 5510L, 108L, 8L, 1L, 103L, 3L, 0L, 197L, 4L, 0L, 0L, 
    0L), .Dim = c(7L, 2L), .Dimnames = structure(list(c("-1", 
    "-2", "0", "1", "2", "3", NA), c("G", NA)), .Names = c("", 
    "")), class = "table"), MSJmono44_SNP1 = structure(c(0L, 
    0L, 0L, 1L, 0L, 0L, 0L, 0L, 0L, 0L, 1L, 0L, 0L, 0L, 0L, 0L, 
    0L, 1L, 0L, 0L, 0L, 147L, 7L, 1L, 3025L, 43L, 1L, 20L, 5L, 
    0L, 1L, 141L, 1L, 0L, 0L), .Dim = c(7L, 5L), .Dimnames = structure(list(
        c("-1", "-2", "-3", "0", "1", "2", NA), c("-", "C", "G", 
        "T", NA)), .Names = c("", "")), class = "table"), MSJmono46_SNP1 = structure(c(0L, 
    0L, 0L, 1L, 0L, 0L, 0L, 572L, 48L, 6L, 3050L, 210L, 6L, 105L, 
    0L, 0L, 0L, 1L, 0L, 0L, 0L, 76L, 4L, 0L, 857L, 32L, 4L, 0L
    ), .Dim = c(7L, 4L), .Dimnames = structure(list(c("-1", "-2", 
    "-3", "0", "1", "2", NA), c("A", "C", "T", NA)), .Names = c("", 
    "")), class = "table"), LMmono04v2_SNP1 = structure(c(0L, 
    1L, 0L, 0L, 0L, 0L, 0L, 331L, 14L, 2785L, 112L, 3L, 1L, 25L, 
    0L, 0L, 1L, 0L, 0L, 0L, 0L, 6L, 0L, 163L, 10L, 0L, 0L, 0L
    ), .Dim = c(7L, 4L), .Dimnames = structure(list(c("-1", "-2", 
    "0", "1", "2", "3", NA), c("A", "C", "T", NA)), .Names = c("", 
    "")), class = "table"), AKMmono01v2_SNP1 = structure(c(0L, 
    0L, 0L, 1L, 0L, 0L, 0L, 0L, 0L, 1L, 0L, 0L, 330L, 17L, 1L, 
    4844L, 81L, 39L, 16L, 1L, 0L, 400L, 7L, 0L), .Dim = c(6L, 
    4L), .Dimnames = structure(list(c("-1", "-2", "-3", "0", 
    "1", NA), c("A", "C", "T", NA)), .Names = c("", "")), class = "table"), 
    AKMmono10v2_SNP1 = structure(c(108L, 2L, 1L, 3280L, 36L, 
    1L, 14L, 0L, 0L, 0L, 1L, 0L, 0L, 0L, 0L, 0L, 0L, 5L, 0L, 
    0L, 0L, 3L, 0L, 0L, 171L, 1L, 0L, 0L), .Dim = c(7L, 4L), .Dimnames = structure(list(
        c("-1", "-2", "-3", "0", "1", "2", NA), c("A", "C", "G", 
        NA)), .Names = c("", "")), class = "table"), AKMmono17v2_SNP1 = structure(c(2L, 
    0L, 9L, 0L, 0L, 107L, 8L, 2207L, 26L, 16L, 4L, 0L, 117L, 
    3L, 0L), .Dim = c(5L, 3L), .Dimnames = structure(list(c("-1", 
    "-2", "0", "1", NA), c("A", "C", NA)), .Names = c("", "")), class = "table"), 
    EJmono13v2_SNP1 = structure(c(0L, 0L, 2L, 0L, 0L, 0L, 192L, 
    4L, 3442L, 79L, 4L, 25L, 8L, 0L, 252L, 5L, 0L, 0L), .Dim = c(6L, 
    3L),