Result <-
list(AKMmono02_SNP1 = structure(c(365L, 13L, 4442L, 88L, 1L, 
84L, 2L, 0L, 95L, 0L, 0L, 0L), .Dim = c(6L, 2L), .Dimnames = structure(list(
    c("-1", "-2", "0", "1", "2", NA), c("T", NA)), .Names = c("", 
"")), class = "table"), AKMmono03_SNP1 = structure(c(0L, 0L, 
0L, 0L, 1L, 0L, 0L, 0L, 1153L, 192L, 52L, 1L, 9762L, 183L, 10L, 
128L, 0L, 0L, 0L, 0L, 2L, 0L, 0L, 0L, 68L, 4L, 2L, 0L, 702L, 
8L, 0L, 0L), .Dim = c(8L, 4L), .Dimnames = structure(list(c("-1", 
"-2", "-3", "-4", "0", "1", "2", NA), c("-", "A", "G", NA)), .Names = c("", 
"")), class = "table"), AKMmono05_SNP1 = structure(c(1350L, 158L, 
21L, 4L, 1L, 6448L, 237L, 4L, 116L, 0L, 0L, 0L, 0L, 0L, 3L, 0L, 
0L, 0L, 0L, 0L, 0L, 0L, 0L, 3L, 0L, 0L, 0L, 45L, 8L, 1L, 0L, 
0L, 598L, 17L, 1L, 0L), .Dim = c(9L, 4L), .Dimnames = structure(list(
    c("-1", "-2", "-3", "-4", "-5", "0", "1", "2", NA), c("A", 
    "G", "T", NA)), .Names = c("", "")), class = "table"), AKMmono11_SNP1 = structure(c(0L, 
0L, 0L, 4L, 0L, 0L, 0L, 0L, 0L, 0L, 0L, 648L, 48L, 1L, 5384L, 
160L, 657L, 2704L, 174L, 13L, 2L, 462L, 100L, 0L, 0L, 1531L, 
54L, 181L, 672L, 64L, 5L, 1L, 0L), .Dim = c(11L, 3L), .Dimnames = structure(list(
    c("-1", "-2", "-3", "0", "1", "2", "3", "4", "5", "6", NA
    ), c("A", "T", NA)), .Names = c("", "")), class = "table"), 
    AKMmono12_SNP1 = structure(c(1L, 0L, 0L, 0L, 5L, 0L, 0L, 
    0L, 1520L, 110L, 8L, 1L, 7685L, 174L, 7L, 69L, 0L, 0L, 0L, 
    0L, 2L, 0L, 0L, 0L, 0L, 0L, 0L, 0L, 4L, 1L, 0L, 0L, 36L, 
    1L, 1L, 0L, 594L, 7L, 0L, 0L), .Dim = c(8L, 5L), .Dimnames = structure(list(
        c("-1", "-2", "-3", "-4", "0", "1", "2", NA), c("A", 
        "C", "G", "T", NA)), .Names = c("", "")), class = "table"), 
    AKMmono13_SNP1 = structure(c(899L, 73L, 3L, 6155L, 159L, 
    4L, 67L, 0L, 0L, 0L, 1L, 0L, 0L, 0L, 1L, 1L, 0L, 0L, 0L, 
    0L, 0L, 29L, 0L, 0L, 369L, 4L, 0L, 0L), .Dim = c(7L, 4L), .Dimnames = structure(list(
        c("-1", "-2", "-3", "0", "1", "2", NA), c("A", "C", "G", 
        NA)), .Names = c("", "")), class = "table"), AKMmono16_SNP1 = structure(c(469L, 
    38L, 1L, 4790L, 78L, 1L, 22L, 0L, 0L, 0L, 1L, 0L, 0L, 0L, 
    9L, 1L, 1L, 263L, 2L, 0L, 0L), .Dim = c(7L, 3L), .Dimnames = structure(list(
        c("-1", "-2", "-3", "0", "1", "2", NA), c("A", "T", NA
        )), .Names = c("", "")), class = "table"), AKMmono22_SNP1 = structure(c(946L, 
    189L, 24L, 1L, 4674L, 267L, 11L, 227L, 0L, 0L, 0L, 0L, 1L, 
    0L, 0L, 0L, 0L, 0L, 0L, 0L, 1L, 0L, 0L, 0L, 0L, 0L, 0L, 0L, 
    1L, 0L, 0L, 0L, 32L, 4L, 0L, 0L, 423L, 8L, 0L, 0L), .Dim = c(8L, 
    5L), .Dimnames = structure(list(c("-1", "-2", "-3", "-4", 
    "0", "1", "2", NA), c("A", "C", "G", "T", NA)), .Names = c("", 
    "")), class = "table"), EJmono05_SNP1 = structure(c(1L, 0L, 
    0L, 0L, 0L, 0L, 0L, 0L, 0L, 0L, 0L, 0L, 0L, 0L, 1L, 6L, 1L, 
    0L, 538L, 48L, 5118L, 122L, 1L, 0L, 0L, 0L, 39L, 8L, 2L, 
    193L, 2L, 0L, 0L, 0L, 0L, 0L), .Dim = c(9L, 4L), .Dimnames = structure(list(
        c("-1", "-2", "0", "1", "2", "3", "4", "5", NA), c("-", 
        "A", "T", NA)), .Names = c("", "")), class = "table"), 
    EJmono16_SNP1 = structure(c(521L, 42L, 2L, 8545L, 411L, 19L, 
    1L, 296L, 0L, 0L, 0L, 2L, 0L, 0L, 0L, 0L, 3L, 1L, 0L, 86L, 
    1L, 0L, 0L, 0L), .Dim = c(8L, 3L), .Dimnames = structure(list(
        c("-1", "-2", "-3", "0", "1", "2", "3", NA), c("A", "G", 
        NA)), .Names = c("", "")), class = "table"), LMmono01_SNP1 = structure(c(893L, 
    33L, 3L, 3892L, 63L, 0L, 38L, 0L, 0L, 0L, 1L, 0L, 0L, 0L, 
    35L, 0L, 0L, 285L, 3L, 1L, 0L), .Dim = c(7L, 3L), .Dimnames = structure(list(
        c("-1", "-2", "-3", "0", "1", "2", NA), c("A", "T", NA
        )), .Names = c("", "")), class = "table"), LMmono03_SNP1 = structure(c(0L, 
    0L, 0L, 0L, 1L, 0L, 0L, 0L, 797L, 122L, 17L, 4L, 3050L, 89L, 
    2L, 112L, 23L, 3L, 0L, 0L, 206L, 1L, 0L, 0L), .Dim = c(8L, 
    3L), .Dimnames = structure(list(c("-1", "-2", "-3", "-4", 
    "0", "1", "2", NA), c("-", "C", NA)), .Names = c("", "")), class = "table"), 
    LMmono09_SNP1 = structure(c(0L, 0L, 0L, 0L, 0L, 1L, 0L, 0L, 
    0L, 1136L, 1702L, 221L, 5L, 1L, 8305L, 244L, 7L, 357L, 2L, 
    3L, 3L, 0L, 0L, 100L, 0L, 0L, 0L), .Dim = c(9L, 3L), .Dimnames = structure(list(
        c("-1", "-2", "-3", "-4", "-5", "0", "1", "2", NA), c("A", 
        "T", NA)), .Names = c("", "")), class = "table"), LMmono12_SNP1 = structure(c(789L, 
    81L, 3L, 3893L, 444L, 29L, 4L, 210L, 8L, 1L, 0L, 139L, 3L, 
    4L, 0L, 0L), .Dim = c(8L, 2L), .Dimnames = structure(list(
        c("-1", "-2", "-3", "0", "1", "2", "3", NA), c("A", NA
        )), .Names = c("", "")), class = "table"), LMmono16_SNP1 = structure(c(1690L, 
    156L, 11L, 1L, 5567L, 487L, 44L, 8L, 3L, 170L, 0L, 0L, 0L, 
    0L, 1L, 0L, 0L, 0L, 0L, 0L, 0L, 0L, 0L, 0L, 0L, 1L, 0L, 0L, 
    0L, 0L, 65L, 5L, 0L, 0L, 840L, 38L, 1L, 1L, 0L, 0L), .Dim = c(10L, 
    4L), .Dimnames = structure(list(c("-1", "-2", "-3", "-4", 
    "0", "1", "2", "3", "5", NA), c("A", "G", "T", NA)), .Names = c("", 
    "")), class = "table"), MSJmono10_SNP1 = structure(c(0L, 
    0L, 0L, 3L, 0L, 0L, 0L, 395L, 16L, 1L, 5650L, 220L, 6L, 33L, 
    0L, 0L, 0L, 1L, 0L, 0L, 0L, 9L, 2L, 0L, 336L, 10L, 0L, 0L
    ), .Dim = c(7L, 4L), .Dimnames = structure(list(c("-1", "-2", 
    "-3", "0", "1", "2", NA), c("A", "C", "T", NA)), .Names = c("", 
    "")), class = "table"), MSJmono19ms1_SNP1 = structure(c(615L, 
    37L, 4L, 2L, 10340L, 320L, 7L, 235L, 0L, 0L, 0L, 0L, 12L, 
    0L, 0L, 0L, 0L, 0L, 0L, 0L, 4L, 0L, 0L, 0L, 2L, 0L, 0L, 0L, 
    5L, 0L, 0L, 0L, 55L, 4L, 0L, 0L, 1097L, 30L, 1L, 0L), .Dim = c(8L, 
    5L), .Dimnames = structure(list(c("-1", "-2", "-3", "-4", 
    "0", "1", "2", NA), c("A", "C", "G", "T", NA)), .Names = c("", 
    "")), class = "table"), MSJmono19ms2_SNP1 = structure(c(3L, 
    0L, 1L, 0L, 0L, 0L, 1090L, 38L, 9650L, 128L, 3L, 179L, 0L, 
    0L, 1L, 0L, 0L, 0L, 21L, 0L, 735L, 1L, 0L, 0L), .Dim = c(6L, 
    4L), .Dimnames = structure(list(c("-1", "-2", "0", "1", "2", 
    NA), c("A", "C", "T", NA)), .Names = c("", "")), class = "table"), 
    MSJmono36_SNP1 = structure(c(1L, 0L, 0L, 0L, 0L, 0L, 0L, 
    0L, 0L, 0L, 1L, 0L, 0L, 0L, 3867L, 253L, 10L, 4340L, 111L, 
    6L, 457L, 0L, 0L, 0L, 2L, 0L, 0L, 0L, 19L, 3L, 0L, 143L, 
    0L, 0L, 0L), .Dim = c(7L, 5L), .Dimnames = structure(list(
        c("-1", "-2", "-3", "0", "1", "2", NA), c("A", "C", "G", 
        "T", NA)), .Names = c("", "")), class = "table"), MSJmono44_SNP1 = structure(c(0L, 
    9L, 5L, 4L, 0L, 1L, 0L, 0L, 0L, 0L, 0L, 0L, 0L, 0L, 1L, 0L, 
    0L, 0L, 251L, 6L, 7L, 2L, 7L, 3928L, 74L, 3L, 36L, 4L, 0L, 
    0L, 0L, 0L, 77L, 0L, 0L, 0L), .Dim = c(9L, 4L), .Dimnames = structure(list(
        c("-1", "-2", "-3", "-5", "-6", "0", "1", "2", NA), c("-", 
        "A", "T", NA)), .Names = c("", "")), class = "table"), 
    MSJmono46_SNP1 = structure(c(381L, 51L, 6L, 1714L, 99L, 4L, 
    54L, 8L, 0L, 0L, 48L, 4L, 0L, 0L), .Dim = c(7L, 2L), .Dimnames = structure(list(
        c("-1", "-2", "-3", "0", "1", "2", NA), c("C", NA)), .Names = c("", 
    "")), class = "table"), LMmono04v2_SNP1 = structure(c(307L, 
    39L, 2944L, 160L, 5L, 1L, 23L, 0L, 0L, 1L, 0L, 0L, 0L, 0L, 
    6L, 1L, 134L, 6L, 0L, 0L, 0L), .Dim = c(7L, 3L), .Dimnames = structure(list(
        c("-1", "-2", "0", "1", "2", "3", NA), c("C", "G", NA
        )), .Names = c("", "")), class = "table"), AKMmono01v2_SNP1 = structure(c(0L, 
    0L, 0L, 1L, 0L, 0L, 0L, 584L, 32L, 2L, 4145L, 69L, 1L, 43L, 
    16L, 0L, 0L, 153L, 2L, 0L, 0L), .Dim = c(7L, 3L), .Dimnames = structure(list(
        c("-1", "-2", "-3", "0", "1", "2", NA), c("C", "T", NA
        )), .Names = c("", "")), class = "table"), AKMmono10v2_SNP1 = structure(c(105L, 
    2L, 1916L, 15L, 13L, 4L, 0L, 5L, 0L, 1L, 1L, 0L, 66L, 0L, 
    0L), .Dim = c(5L, 3L), .Dimnames = structure(list(c("-1", 
    "-2", "0", "1", NA), c("A", "G", NA)), .Names = c("", "")), class = "table"),