Result <-
list(AKMmono02_SNP1 = structure(c(0L, 0L, 0L, 1L, 0L, 0L, 0L, 
0L, 605L, 28L, 1L, 6241L, 135L, 1L, 1L, 141L, 11L, 1L, 0L, 109L, 
0L, 0L, 0L, 0L), .Dim = c(8L, 3L), .Dimnames = structure(list(
    c("-1", "-2", "-3", "0", "1", "2", "3", NA), c("C", "T", 
    NA)), .Names = c("", "")), class = "table"), AKMmono03_SNP1 = structure(c(1433L, 
206L, 44L, 2L, 14143L, 243L, 6L, 154L, 0L, 0L, 0L, 0L, 1L, 0L, 
0L, 0L, 1L, 0L, 0L, 0L, 1L, 0L, 0L, 0L, 0L, 0L, 0L, 0L, 1L, 0L, 
0L, 0L, 77L, 5L, 0L, 0L, 1092L, 8L, 0L, 0L), .Dim = c(8L, 5L), .Dimnames = structure(list(
    c("-1", "-2", "-3", "-4", "0", "1", "2", NA), c("A", "C", 
    "G", "T", NA)), .Names = c("", "")), class = "table"), AKMmono05_SNP1 = structure(c(1428L, 
171L, 25L, 4L, 9392L, 399L, 13L, 145L, 0L, 0L, 0L, 0L, 1L, 0L, 
0L, 0L, 0L, 0L, 0L, 0L, 2L, 0L, 0L, 0L, 0L, 0L, 0L, 0L, 2L, 0L, 
0L, 0L, 74L, 9L, 0L, 0L, 953L, 39L, 0L, 0L), .Dim = c(8L, 5L), .Dimnames = structure(list(
    c("-1", "-2", "-3", "-4", "0", "1", "2", NA), c("A", "C", 
    "G", "T", NA)), .Names = c("", "")), class = "table"), AKMmono11_SNP1 = structure(c(1L, 
0L, 0L, 5L, 0L, 0L, 0L, 1L, 1L, 0L, 0L, 0L, 0L, 0L, 0L, 0L, 1726L, 
125L, 5L, 14518L, 254L, 4L, 1L, 250L, 279L, 4L, 0L, 2657L, 75L, 
3L, 0L, 0L), .Dim = c(8L, 4L), .Dimnames = structure(list(c("-1", 
"-2", "-3", "0", "1", "2", "3", NA), c("A", "C", "T", NA)), .Names = c("", 
"")), class = "table"), AKMmono12_SNP1 = structure(c(1L, 0L, 
0L, 4L, 0L, 0L, 0L, 1377L, 105L, 6L, 10068L, 289L, 5L, 79L, 1L, 
0L, 0L, 1L, 0L, 0L, 0L, 38L, 2L, 0L, 879L, 6L, 0L, 0L), .Dim = c(7L, 
4L), .Dimnames = structure(list(c("-1", "-2", "-3", "0", "1", 
"2", NA), c("A", "C", "T", NA)), .Names = c("", "")), class = "table"), 
    AKMmono13_SNP1 = structure(c(531L, 34L, 1L, 9687L, 282L, 
    8L, 79L, 0L, 0L, 0L, 1L, 0L, 0L, 0L, 14L, 2L, 0L, 616L, 11L, 
    0L, 0L), .Dim = c(7L, 3L), .Dimnames = structure(list(c("-1", 
    "-2", "-3", "0", "1", "2", NA), c("A", "G", NA)), .Names = c("", 
    "")), class = "table"), AKMmono16_SNP1 = structure(c(526L, 
    23L, 5L, 6163L, 114L, 34L, 0L, 0L, 0L, 1L, 0L, 0L, 0L, 0L, 
    0L, 2L, 0L, 0L, 7L, 2L, 0L, 348L, 4L, 0L), .Dim = c(6L, 4L
    ), .Dimnames = structure(list(c("-1", "-2", "-3", "0", "1", 
    NA), c("A", "G", "T", NA)), .Names = c("", "")), class = "table"), 
    AKMmono22_SNP1 = structure(c(1041L, 174L, 19L, 2L, 6506L, 
    374L, 26L, 272L, 0L, 0L, 0L, 0L, 2L, 0L, 0L, 0L, 0L, 0L, 
    0L, 0L, 1L, 0L, 0L, 0L, 30L, 8L, 0L, 0L, 633L, 23L, 0L, 0L
    ), .Dim = c(8L, 4L), .Dimnames = structure(list(c("-1", "-2", 
    "-3", "-4", "0", "1", "2", NA), c("A", "G", "T", NA)), .Names = c("", 
    "")), class = "table"), EJmono05_SNP1 = structure(c(0L, 0L, 
    0L, 1L, 0L, 0L, 0L, 476L, 45L, 3L, 4293L, 82L, 2L, 32L, 4L, 
    0L, 0L, 144L, 3L, 0L, 0L), .Dim = c(7L, 3L), .Dimnames = structure(list(
        c("-1", "-2", "-3", "0", "1", "2", NA), c("A", "T", NA
        )), .Names = c("", "")), class = "table"), EJmono16_SNP1 = structure(c(513L, 
    33L, 1L, 8617L, 421L, 24L, 1L, 298L, 0L, 0L, 0L, 1L, 0L, 
    0L, 0L, 0L, 2L, 0L, 0L, 99L, 3L, 0L, 0L, 0L), .Dim = c(8L, 
    3L), .Dimnames = structure(list(c("-1", "-2", "-3", "0", 
    "1", "2", "3", NA), c("A", "T", NA)), .Names = c("", "")), class = "table"), 
    LMmono01_SNP1 = structure(c(384L, 25L, 3520L, 66L, 16L, 0L, 
    0L, 1L, 0L, 0L, 19L, 1L, 262L, 6L, 0L), .Dim = c(5L, 3L), .Dimnames = structure(list(
        c("-1", "-2", "0", "1", NA), c("A", "C", NA)), .Names = c("", 
    "")), class = "table"), LMmono03_SNP1 = structure(c(0L, 0L, 
    0L, 0L, 2L, 0L, 0L, 0L, 795L, 104L, 14L, 2L, 3770L, 123L, 
    3L, 134L, 10L, 2L, 0L, 0L, 214L, 0L, 0L, 0L), .Dim = c(8L, 
    3L), .Dimnames = structure(list(c("-1", "-2", "-3", "-4", 
    "0", "1", "2", NA), c("A", "C", NA)), .Names = c("", "")), class = "table"), 
    LMmono09_SNP1 = structure(c(0L, 1L, 0L, 0L, 0L, 0L, 0L, 0L, 
    0L, 0L, 0L, 0L, 0L, 0L, 0L, 0L, 0L, 1L, 0L, 0L, 0L, 0L, 1L, 
    0L, 0L, 0L, 0L, 2584L, 386L, 42L, 8L, 11402L, 526L, 19L, 
    2L, 316L, 36L, 4L, 1L, 0L, 177L, 5L, 0L, 0L, 0L), .Dim = c(9L, 
    5L), .Dimnames = structure(list(c("-1", "-2", "-3", "-4", 
    "0", "1", "2", "3", NA), c("A", "C", "G", "T", NA)), .Names = c("", 
    "")), class = "table"), LMmono12_SNP1 = structure(c(534L, 
    46L, 3L, 3089L, 205L, 11L, 0L, 119L, 1L, 0L, 0L, 0L, 0L, 
    0L, 0L, 0L, 7L, 0L, 0L, 83L, 4L, 0L, 1L, 0L), .Dim = c(8L, 
    3L), .Dimnames = structure(list(c("-1", "-2", "-3", "0", 
    "1", "2", "3", NA), c("A", "G", NA)), .Names = c("", "")), class = "table"), 
    LMmono16_SNP1 = structure(c(773L, 72L, 3L, 1L, 1L, 5822L, 
    265L, 16L, 706L, 4L, 224L, 15L, 277L, 0L, 0L, 0L, 0L, 0L, 
    1L, 0L, 0L, 0L, 0L, 0L, 0L, 0L, 0L, 0L, 0L, 0L, 0L, 3L, 0L, 
    0L, 0L, 0L, 0L, 0L, 0L, 26L, 0L, 0L, 0L, 0L, 958L, 8L, 1L, 
    34L, 1L, 26L, 1L, 0L), .Dim = c(13L, 4L), .Dimnames = structure(list(
        c("-1", "-2", "-3", "-4", "-5", "0", "1", "2", "3", "4", 
        "5", "6", NA), c("A", "G", "T", NA)), .Names = c("", 
    "")), class = "table"), MSJmono10_SNP1 = structure(c(0L, 
    0L, 1L, 0L, 0L, 1L, 420L, 8L, 7135L, 245L, 8L, 37L, 0L, 0L, 
    1L, 0L, 0L, 0L, 0L, 0L, 1L, 0L, 0L, 0L, 16L, 1L, 439L, 15L, 
    0L, 0L), .Dim = 6:5, .Dimnames = structure(list(c("-1", "-2", 
    "0", "1", "2", NA), c("A", "C", "G", "T", NA)), .Names = c("", 
    "")), class = "table"), MSJmono19ms1_SNP1 = structure(c(532L, 
    38L, 2L, 2L, 9602L, 272L, 13L, 207L, 0L, 0L, 0L, 0L, 12L, 
    0L, 0L, 0L, 0L, 0L, 0L, 0L, 3L, 0L, 0L, 0L, 0L, 0L, 0L, 0L, 
    10L, 0L, 0L, 0L, 54L, 2L, 1L, 0L, 1019L, 15L, 1L, 0L), .Dim = c(8L, 
    5L), .Dimnames = structure(list(c("-1", "-2", "-3", "-4", 
    "0", "1", "2", NA), c("A", "C", "G", "T", NA)), .Names = c("", 
    "")), class = "table"), MSJmono19ms2_SNP1 = structure(c(439L, 
    8L, 9661L, 126L, 115L, 2L, 0L, 704L, 4L, 0L), .Dim = c(5L, 
    2L), .Dimnames = structure(list(c("-1", "-2", "0", "1", NA
    ), c("C", NA)), .Names = c("", "")), class = "table"), MSJmono36_SNP1 = structure(c(0L, 
    0L, 0L, 2L, 0L, 0L, 0L, 0L, 0L, 873L, 46L, 3L, 13730L, 336L, 
    15L, 2L, 1L, 195L, 0L, 0L, 0L, 2L, 0L, 0L, 0L, 0L, 0L, 4L, 
    0L, 0L, 385L, 3L, 1L, 0L, 0L, 0L), .Dim = c(9L, 4L), .Dimnames = structure(list(
        c("-1", "-2", "-3", "0", "1", "2", "3", "4", NA), c("A", 
        "G", "T", NA)), .Names = c("", "")), class = "table"), 
    MSJmono44_SNP1 = structure(c(2L, 6L, 0L, 2L, 2L, 0L, 2L, 
    0L, 0L, 0L, 0L, 0L, 0L, 0L, 0L, 0L, 1L, 0L, 0L, 0L, 494L, 
    27L, 1L, 0L, 7L, 3L, 8271L, 152L, 3L, 63L, 6L, 0L, 0L, 0L, 
    0L, 0L, 172L, 2L, 0L, 0L), .Dim = c(10L, 4L), .Dimnames = structure(list(
        c("-1", "-2", "-3", "-4", "-5", "-6", "0", "1", "2", 
        NA), c("-", "C", "T", NA)), .Names = c("", "")), class = "table"), 
    MSJmono46_SNP1 = structure(c(496L, 54L, 4L, 2427L, 145L, 
    2L, 69L, 7L, 1L, 0L, 97L, 2L, 0L, 0L), .Dim = c(7L, 2L), .Dimnames = structure(list(
        c("-1", "-2", "-3", "0", "1", "2", NA), c("C", NA)), .Names = c("", 
    "")), class = "table"), LMmono04v2_SNP1 = structure(c(408L, 
    28L, 1L, 3482L, 174L, 3L, 18L, 1L, 0L, 0L, 1L, 0L, 0L, 0L, 
    0L, 0L, 0L, 1L, 0L, 0L, 0L, 9L, 1L, 0L, 191L, 5L, 0L, 0L), .Dim = c(7L, 
    4L), .Dimnames = structure(list(c("-1", "-2", "-3", "0", 
    "1", "2", NA), c("C", "G", "T", NA)), .Names = c("", "")), class = "table"), 
    AKMmono01v2_SNP1 = structure(c(1L, 0L, 0L, 0L, 0L, 0L, 0L, 
    0L, 0L, 0L, 0L, 0L, 1L, 0L, 0L, 0L, 670L, 35L, 1L, 1L, 8756L, 
    164L, 1L, 80L, 21L, 1L, 0L, 0L, 368L, 7L, 1L, 0L), .Dim = c(8L, 
    4L), .Dimnames = structure(list(c("-1", "-2", "-3", "-4", 
    "0", "1", "2", NA), c("C", "G", "T", NA)), .Names = c("", 
    "")), class = "table"), AKMmono10v2_SNP1 = structure(c(91L, 
    4L, 1736L, 24L, 0L, 10L, 87L, 6L, 1686L, 15L, 0L, 4L, 0L, 
    0L, 1L, 0L, 0L, 0L, 3L, 0L, 122L, 2L, 1L, 0L), .Dim = c(6L, 
    4L), .Dimnames = structure(list(c("-1", "-2", "0", "1", "2", 
    NA), c("A", "G", "T", NA)), .Names = c("", "")),