Result <-
list(AKMmono02_SNP1 = structure(c(216L, 33L, 1L, 1L, 2055L, 60L, 
2L, 54L, 9L, 1L, 0L, 0L, 75L, 0L, 0L, 0L), .Dim = c(8L, 2L), .Dimnames = structure(list(
    c("-1", "-2", "-3", "-4", "0", "1", "2", NA), c("T", NA)), .Names = c("", 
"")), class = "table"), AKMmono03_SNP1 = structure(c(831L, 157L, 
38L, 2L, 6610L, 149L, 4L, 1L, 116L, 1L, 0L, 0L, 0L, 5L, 0L, 0L, 
0L, 0L, 0L, 0L, 0L, 0L, 1L, 0L, 0L, 0L, 0L, 42L, 6L, 1L, 0L, 
592L, 9L, 0L, 0L, 0L), .Dim = c(9L, 4L), .Dimnames = structure(list(
    c("-1", "-2", "-3", "-4", "0", "1", "2", "3", NA), c("A", 
    "C", "T", NA)), .Names = c("", "")), class = "table"), AKMmono05_SNP1 = structure(c(719L, 
105L, 20L, 4L, 4512L, 197L, 5L, 1L, 128L, 1L, 0L, 0L, 0L, 7L, 
0L, 0L, 0L, 0L, 2L, 0L, 0L, 0L, 2L, 0L, 0L, 0L, 0L, 1L, 0L, 0L, 
0L, 0L, 0L, 0L, 0L, 0L, 45L, 4L, 0L, 0L, 441L, 24L, 0L, 0L, 0L
), .Dim = c(9L, 5L), .Dimnames = structure(list(c("-1", "-2", 
"-3", "-4", "0", "1", "2", "3", NA), c("A", "C", "G", "T", NA
)), .Names = c("", "")), class = "table"), AKMmono11_SNP1 = structure(c(0L, 
0L, 4L, 0L, 0L, 698L, 59L, 5498L, 120L, 144L, 69L, 1L, 880L, 
30L, 0L), .Dim = c(5L, 3L), .Dimnames = structure(list(c("-1", 
"-2", "0", "1", NA), c("A", "T", NA)), .Names = c("", "")), class = "table"), 
    AKMmono12_SNP1 = structure(c(0L, 0L, 0L, 0L, 1L, 0L, 0L, 
    0L, 615L, 47L, 4L, 1L, 4066L, 125L, 2L, 57L, 0L, 0L, 0L, 
    0L, 1L, 0L, 0L, 0L, 30L, 2L, 0L, 0L, 331L, 4L, 0L, 0L), .Dim = c(8L, 
    4L), .Dimnames = structure(list(c("-1", "-2", "-3", "-4", 
    "0", "1", "2", NA), c("A", "C", "T", NA)), .Names = c("", 
    "")), class = "table"), AKMmono13_SNP1 = structure(c(400L, 
    19L, 2L, 5604L, 183L, 6L, 69L, 0L, 0L, 0L, 1L, 0L, 0L, 0L, 
    0L, 0L, 0L, 1L, 0L, 0L, 0L, 14L, 1L, 0L, 415L, 9L, 1L, 0L
    ), .Dim = c(7L, 4L), .Dimnames = structure(list(c("-1", "-2", 
    "-3", "0", "1", "2", NA), c("A", "C", "T", NA)), .Names = c("", 
    "")), class = "table"), AKMmono16_SNP1 = structure(c(403L, 
    21L, 4237L, 104L, 3L, 44L, 0L, 0L, 5L, 0L, 0L, 1L, 6L, 2L, 
    300L, 11L, 0L, 0L), .Dim = c(6L, 3L), .Dimnames = structure(list(
        c("-1", "-2", "0", "1", "2", NA), c("A", "T", NA)), .Names = c("", 
    "")), class = "table"), AKMmono22_SNP1 = structure(c(367L, 
    63L, 10L, 7L, 2538L, 149L, 8L, 1L, 187L, 0L, 0L, 0L, 0L, 
    1L, 0L, 0L, 0L, 0L, 0L, 0L, 0L, 0L, 1L, 0L, 0L, 0L, 0L, 22L, 
    4L, 0L, 0L, 278L, 5L, 1L, 1L, 0L), .Dim = c(9L, 4L), .Dimnames = structure(list(
        c("-1", "-2", "-3", "-4", "0", "1", "2", "3", NA), c("A", 
        "C", "G", NA)), .Names = c("", "")), class = "table"), 
    EJmono05_SNP1 = structure(c(0L, 0L, 0L, 1L, 0L, 0L, 0L, 0L, 
    0L, 0L, 2L, 0L, 0L, 0L, 0L, 0L, 0L, 1L, 0L, 0L, 0L, 451L, 
    35L, 1L, 3987L, 108L, 3L, 68L, 11L, 1L, 0L, 203L, 1L, 0L, 
    0L), .Dim = c(7L, 5L), .Dimnames = structure(list(c("-1", 
    "-2", "-3", "0", "1", "2", NA), c("-", "A", "C", "T", NA)), .Names = c("", 
    "")), class = "table"), EJmono16_SNP1 = structure(c(280L, 
    23L, 1L, 5270L, 229L, 12L, 418L, 0L, 1L, 0L, 0L, 0L, 0L, 
    0L, 0L, 0L, 0L, 1L, 0L, 0L, 0L, 3L, 0L, 0L, 116L, 5L, 0L, 
    0L), .Dim = c(7L, 4L), .Dimnames = structure(list(c("-1", 
    "-2", "-4", "0", "1", "2", NA), c("A", "G", "T", NA)), .Names = c("", 
    "")), class = "table"), LMmono01_SNP1 = structure(c(329L, 
    16L, 1L, 2900L, 65L, 77L, 1L, 0L, 0L, 0L, 0L, 0L, 1L, 0L, 
    0L, 0L, 0L, 0L, 16L, 0L, 0L, 245L, 8L, 0L), .Dim = c(6L, 
    4L), .Dimnames = structure(list(c("-1", "-2", "-3", "0", 
    "1", NA), c("A", "G", "T", NA)), .Names = c("", "")), class = "table"), 
    LMmono03_SNP1 = structure(c(329L, 66L, 6L, 1L, 1542L, 48L, 
    70L, 0L, 0L, 0L, 0L, 2L, 0L, 0L, 10L, 3L, 1L, 0L, 228L, 3L, 
    0L), .Dim = c(7L, 3L), .Dimnames = structure(list(c("-1", 
    "-2", "-3", "-4", "0", "1", NA), c("C", "T", NA)), .Names = c("", 
    "")), class = "table"), LMmono09_SNP1 = structure(c(988L, 
    136L, 55L, 1L, 5668L, 290L, 13L, 202L, 10L, 2L, 0L, 0L, 104L, 
    2L, 0L, 0L), .Dim = c(8L, 2L), .Dimnames = structure(list(
        c("-1", "-2", "-3", "-4", "0", "1", "2", NA), c("T", 
        NA)), .Names = c("", "")), class = "table"), LMmono12_SNP1 = structure(c(424L, 
    37L, 2315L, 175L, 10L, 79L, 20L, 0L, 291L, 3L, 2L, 0L), .Dim = c(6L, 
    2L), .Dimnames = structure(list(c("-1", "-2", "0", "1", "2", 
    NA), c("A", NA)), .Names = c("", "")), class = "table"), 
    LMmono16_SNP1 = structure(c(1080L, 130L, 7L, 3932L, 332L, 
    24L, 1L, 1L, 4L, 1L, 1L, 197L, 0L, 0L, 0L, 1L, 0L, 0L, 0L, 
    0L, 0L, 0L, 0L, 0L, 3L, 0L, 0L, 8L, 2L, 0L, 0L, 0L, 0L, 0L, 
    0L, 0L, 42L, 3L, 1L, 662L, 19L, 0L, 0L, 0L, 1L, 0L, 0L, 0L
    ), .Dim = c(12L, 4L), .Dimnames = structure(list(c("-1", 
    "-2", "-3", "0", "1", "2", "3", "4", "5", "6", "7", NA), 
        c("A", "G", "T", NA)), .Names = c("", "")), class = "table"), 
    MSJmono10_SNP1 = structure(c(172L, 8L, 1L, 2738L, 141L, 10L, 
    0L, 34L, 5L, 0L, 0L, 168L, 8L, 1L, 1L, 0L), .Dim = c(8L, 
    2L), .Dimnames = structure(list(c("-1", "-2", "-3", "0", 
    "1", "2", "3", NA), c("C", NA)), .Names = c("", "")), class = "table"), 
    MSJmono19ms1_SNP1 = structure(c(0L, 0L, 0L, 1L, 0L, 0L, 0L, 
    353L, 21L, 2L, 7502L, 168L, 8L, 366L, 0L, 0L, 0L, 32L, 3L, 
    0L, 1L, 0L, 0L, 0L, 1L, 0L, 0L, 0L, 1L, 0L, 0L, 15L, 0L, 
    0L, 1L, 38L, 0L, 0L, 1249L, 23L, 0L, 0L), .Dim = 7:6, .Dimnames = structure(list(
        c("-1", "-2", "-3", "0", "1", "2", NA), c("-", "A", "C", 
        "G", "T", NA)), .Names = c("", "")), class = "table"), 
    MSJmono19ms2_SNP1 = structure(c(434L, 7L, 1L, 7876L, 142L, 
    1L, 104L, 3L, 0L, 0L, 672L, 2L, 0L, 0L), .Dim = c(7L, 2L), .Dimnames = structure(list(
        c("-1", "-2", "-3", "0", "1", "2", NA), c("C", NA)), .Names = c("", 
    "")), class = "table"), MSJmono36_SNP1 = structure(c(0L, 
    0L, 0L, 1L, 0L, 0L, 0L, 3336L, 221L, 9L, 3470L, 105L, 1L, 
    542L, 35L, 4L, 1L, 136L, 2L, 0L, 0L), .Dim = c(7L, 3L), .Dimnames = structure(list(
        c("-1", "-2", "-3", "0", "1", "2", NA), c("A", "G", NA
        )), .Names = c("", "")), class = "table"), MSJmono44_SNP1 = structure(c(368L, 
    20L, 1L, 4699L, 150L, 4L, 41L, 7L, 2L, 0L, 197L, 3L, 0L, 
    0L), .Dim = c(7L, 2L), .Dimnames = structure(list(c("-1", 
    "-2", "-3", "0", "1", "2", NA), c("T", NA)), .Names = c("", 
    "")), class = "table"), MSJmono46_SNP1 = structure(c(159L, 
    14L, 4L, 779L, 49L, 3L, 34L, 27L, 1L, 0L, 196L, 13L, 0L, 
    0L), .Dim = c(7L, 2L), .Dimnames = structure(list(c("-1", 
    "-2", "-3", "0", "1", "2", NA), c("C", NA)), .Names = c("", 
    "")), class = "table"), LMmono04v2_SNP1 = structure(c(274L, 
    28L, 1L, 2369L, 116L, 6L, 22L, 7L, 2L, 0L, 134L, 6L, 0L, 
    0L), .Dim = c(7L, 2L), .Dimnames = structure(list(c("-1", 
    "-2", "-3", "0", "1", "2", NA), c("C", NA)), .Names = c("", 
    "")), class = "table"), AKMmono01v2_SNP1 = structure(c(0L, 
    0L, 0L, 1L, 0L, 0L, 1279L, 115L, 4L, 16L, 0L, 79L, 142L, 
    8L, 0L, 1470L, 26L, 11L, 97L, 9L, 0L, 146L, 0L, 0L), .Dim = c(6L, 
    4L), .Dimnames = structure(list(c("-1", "-2", "-3", "0", 
    "1", NA), c("-", "C", "T", NA)), .Names = c("", "")), class = "table"), 
    AKMmono10v2_SNP1 = structure(c(64L, 10L, 1L, 1183L, 13L, 
    9L, 0L, 0L, 0L, 4L, 0L, 0L, 2L, 0L, 0L, 69L, 1L, 0L), .Dim = c(6L, 
    3L), .Dimnames = structure(list(c("-1", "-2", "-3", "0", 
    "1", NA), c("A", "G", NA)), .Names = c("", "")), class = "table"), 
    AKMmono17v2_SNP1 = structure(c(14L, 0L, 0L, 5L, 0L, 3L, 49L, 
    4L, 1L, 739L, 10L, 6L, 2L, 0L, 0L, 28L, 2L, 0L), .Dim = c(6L, 
    3L), .Dimnames = structure(list(c("-1", "-2", "-3", "0", 
    "1", NA), c("A", "C", NA)), .Names = c("", "")), class = "table"), 
    EJmono13v2_SNP1 = structure(c(1L, 0L, 0L, 0L, 0L, 0L, 0L, 
    66L, 2L, 10L, 1258L, 50L, 3L, 13L, 2L, 0L, 1L, 95L, 6L, 0L, 
    0L), .Dim = c(7L, 3L), .Dimnames = structure(list(c("-1", 
    "-2", "-3", "0", "1", "2", NA), c("A", "G", NA)), .Names = c("", 
    "")), class = "table"),