Result <-
list(AKMmono02_SNP1 = structure(c(0L, 0L, 0L, 2L, 0L, 0L, 322L, 
65L, 2L, 2282L, 48L, 64L, 5L, 1L, 0L, 34L, 0L, 0L), .Dim = c(6L, 
3L), .Dimnames = structure(list(c("-1", "-2", "-3", "0", "1", 
NA), c("A", "T", NA)), .Names = c("", "")), class = "table"), 
    AKMmono03_SNP1 = structure(c(1096L, 141L, 28L, 4L, 8219L, 
    155L, 2L, 107L, 0L, 0L, 0L, 0L, 0L, 0L, 0L, 1L, 0L, 0L, 0L, 
    0L, 2L, 0L, 0L, 0L, 55L, 2L, 0L, 0L, 596L, 2L, 0L, 0L), .Dim = c(8L, 
    4L), .Dimnames = structure(list(c("-1", "-2", "-3", "-4", 
    "0", "1", "2", NA), c("A", "C", "G", NA)), .Names = c("", 
    "")), class = "table"), AKMmono05_SNP1 = structure(c(1092L, 
    219L, 33L, 1L, 4718L, 185L, 2L, 1L, 103L, 1L, 0L, 0L, 0L, 
    2L, 0L, 0L, 0L, 0L, 1L, 0L, 0L, 0L, 2L, 0L, 0L, 0L, 0L, 1L, 
    0L, 0L, 0L, 2L, 0L, 0L, 0L, 0L, 50L, 14L, 1L, 0L, 441L, 18L, 
    3L, 0L, 0L), .Dim = c(9L, 5L), .Dimnames = structure(list(
        c("-1", "-2", "-3", "-4", "0", "1", "2", "3", NA), c("A", 
        "C", "G", "T", NA)), .Names = c("", "")), class = "table"), 
    AKMmono11_SNP1 = structure(c(0L, 0L, 0L, 0L, 2L, 0L, 0L, 
    2L, 0L, 0L, 0L, 0L, 2L, 0L, 0L, 0L, 0L, 0L, 0L, 0L, 1L, 0L, 
    0L, 0L, 1556L, 150L, 9L, 1L, 6674L, 126L, 4L, 191L, 230L, 
    4L, 0L, 0L, 1175L, 33L, 2L, 0L), .Dim = c(8L, 5L), .Dimnames = structure(list(
        c("-1", "-2", "-3", "-4", "0", "1", "2", NA), c("A", 
        "C", "G", "T", NA)), .Names = c("", "")), class = "table"), 
    AKMmono12_SNP1 = structure(c(0L, 0L, 0L, 0L, 1L, 1L, 0L, 
    0L, 1483L, 187L, 10L, 1L, 5499L, 135L, 4L, 74L, 0L, 0L, 0L, 
    0L, 1L, 0L, 0L, 0L, 0L, 0L, 0L, 0L, 1L, 0L, 0L, 0L, 46L, 
    2L, 0L, 0L, 440L, 4L, 0L, 0L), .Dim = c(8L, 5L), .Dimnames = structure(list(
        c("-1", "-2", "-3", "-4", "0", "1", "2", NA), c("A", 
        "C", "G", "T", NA)), .Names = c("", "")), class = "table"), 
    AKMmono13_SNP1 = structure(c(470L, 31L, 1L, 5250L, 167L, 
    4L, 49L, 0L, 0L, 0L, 1L, 0L, 0L, 1L, 8L, 0L, 0L, 282L, 2L, 
    0L, 0L), .Dim = c(7L, 3L), .Dimnames = structure(list(c("-1", 
    "-2", "-3", "0", "1", "2", NA), c("A", "T", NA)), .Names = c("", 
    "")), class = "table"), AKMmono16_SNP1 = structure(c(583L, 
    33L, 2L, 3386L, 66L, 28L, 0L, 0L, 0L, 1L, 0L, 0L, 11L, 1L, 
    0L, 203L, 5L, 0L), .Dim = c(6L, 3L), .Dimnames = structure(list(
        c("-1", "-2", "-3", "0", "1", NA), c("A", "T", NA)), .Names = c("", 
    "")), class = "table"), AKMmono22_SNP1 = structure(c(757L, 
    161L, 15L, 3L, 2782L, 181L, 9L, 188L, 0L, 0L, 0L, 0L, 1L, 
    0L, 0L, 0L, 1L, 0L, 0L, 0L, 1L, 0L, 0L, 0L, 19L, 4L, 1L, 
    0L, 247L, 7L, 0L, 0L), .Dim = c(8L, 4L), .Dimnames = structure(list(
        c("-1", "-2", "-3", "-4", "0", "1", "2", NA), c("A", 
        "G", "T", NA)), .Names = c("", "")), class = "table"), 
    EJmono05_SNP1 = structure(c(0L, 1L, 0L, 0L, 0L, 0L, 0L, 0L, 
    0L, 0L, 1L, 0L, 0L, 0L, 682L, 47L, 2L, 4119L, 129L, 2L, 51L, 
    12L, 2L, 0L, 146L, 3L, 0L, 0L), .Dim = c(7L, 4L), .Dimnames = structure(list(
        c("-1", "-2", "-3", "0", "1", "2", NA), c("C", "G", "T", 
        NA)), .Names = c("", "")), class = "table"), EJmono16_SNP1 = structure(c(546L, 
    48L, 1L, 2L, 1L, 6486L, 378L, 8L, 1L, 301L, 0L, 0L, 0L, 0L, 
    0L, 1L, 0L, 0L, 0L, 0L, 1L, 1L, 0L, 0L, 0L, 77L, 1L, 0L, 
    0L, 0L), .Dim = c(10L, 3L), .Dimnames = structure(list(c("-1", 
    "-2", "-4", "-5", "-6", "0", "1", "2", "3", NA), c("A", "T", 
    NA)), .Names = c("", "")), class = "table"), LMmono01_SNP1 = structure(c(527L, 
    53L, 1L, 2959L, 59L, 1L, 25L, 0L, 1L, 0L, 0L, 0L, 0L, 0L, 
    19L, 0L, 0L, 198L, 4L, 0L, 0L), .Dim = c(7L, 3L), .Dimnames = structure(list(
        c("-1", "-2", "-3", "0", "1", "2", NA), c("A", "T", NA
        )), .Names = c("", "")), class = "table"), LMmono03_SNP1 = structure(c(571L, 
    140L, 15L, 1922L, 74L, 3L, 100L, 0L, 0L, 0L, 1L, 0L, 0L, 
    0L, 12L, 4L, 0L, 127L, 2L, 0L, 0L), .Dim = c(7L, 3L), .Dimnames = structure(list(
        c("-1", "-2", "-3", "0", "1", "2", NA), c("C", "T", NA
        )), .Names = c("", "")), class = "table"), LMmono09_SNP1 = structure(c(0L, 
    1L, 0L, 0L, 0L, 0L, 0L, 0L, 0L, 0L, 1473L, 238L, 55L, 2L, 
    0L, 3986L, 181L, 3L, 1L, 155L, 12L, 1L, 2L, 0L, 1L, 52L, 
    3L, 0L, 0L, 0L), .Dim = c(10L, 3L), .Dimnames = structure(list(
        c("-1", "-2", "-3", "-4", "-5", "0", "1", "2", "3", NA
        ), c("C", "T", NA)), .Names = c("", "")), class = "table"), 
    LMmono12_SNP1 = structure(c(732L, 125L, 7L, 3393L, 277L, 
    14L, 138L, 1L, 0L, 0L, 0L, 0L, 0L, 0L, 8L, 1L, 0L, 121L, 
    7L, 1L, 0L), .Dim = c(7L, 3L), .Dimnames = structure(list(
        c("-1", "-2", "-3", "0", "1", "2", NA), c("A", "G", NA
        )), .Names = c("", "")), class = "table"), LMmono16_SNP1 = structure(c(667L, 
    116L, 6L, 2L, 6L, 3822L, 454L, 9L, 605L, 1L, 179L, 10L, 1L, 
    287L, 20L, 4L, 1L, 0L, 0L, 582L, 11L, 1L, 26L, 0L, 24L, 1L, 
    0L, 0L), .Dim = c(14L, 2L), .Dimnames = structure(list(c("-1", 
    "-2", "-3", "-4", "-5", "0", "1", "2", "3", "4", "5", "6", 
    "7", NA), c("A", NA)), .Names = c("", "")), class = "table"), 
    MSJmono10_SNP1 = structure(c(0L, 0L, 0L, 1L, 0L, 0L, 0L, 
    587L, 30L, 3L, 3356L, 116L, 1L, 16L, 13L, 1L, 0L, 175L, 6L, 
    0L, 0L), .Dim = c(7L, 3L), .Dimnames = structure(list(c("-1", 
    "-2", "-3", "0", "1", "2", NA), c("A", "C", NA)), .Names = c("", 
    "")), class = "table"), MSJmono19ms1_SNP1 = structure(c(0L, 
    0L, 0L, 1L, 0L, 0L, 0L, 734L, 68L, 10L, 9786L, 363L, 9L, 
    217L, 0L, 0L, 0L, 7L, 2L, 0L, 1L, 0L, 0L, 0L, 2L, 0L, 0L, 
    0L, 0L, 0L, 0L, 3L, 0L, 0L, 0L, 56L, 4L, 1L, 1038L, 35L, 
    0L, 0L), .Dim = 7:6, .Dimnames = structure(list(c("-1", "-2", 
    "-3", "0", "1", "2", NA), c("-", "A", "C", "G", "T", NA)), .Names = c("", 
    "")), class = "table"), MSJmono19ms2_SNP1 = structure(c(804L, 
    16L, 1L, 9852L, 96L, 2L, 139L, 0L, 0L, 0L, 1L, 0L, 0L, 0L, 
    6L, 0L, 0L, 742L, 2L, 0L, 0L), .Dim = c(7L, 3L), .Dimnames = structure(list(
        c("-1", "-2", "-3", "0", "1", "2", NA), c("C", "G", NA
        )), .Names = c("", "")), class = "table"), MSJmono36_SNP1 = structure(c(0L, 
    0L, 0L, 2L, 0L, 0L, 0L, 512L, 19L, 1L, 6035L, 193L, 16L, 
    102L, 1L, 0L, 0L, 0L, 0L, 0L, 0L, 2L, 0L, 0L, 142L, 5L, 0L, 
    0L), .Dim = c(7L, 4L), .Dimnames = structure(list(c("-1", 
    "-2", "-3", "0", "1", "2", NA), c("A", "G", "T", NA)), .Names = c("", 
    "")), class = "table"), MSJmono44_SNP1 = structure(c(0L, 
    0L, 15L, 0L, 0L, 0L, 0L, 0L, 0L, 0L, 1L, 0L, 0L, 0L, 541L, 
    46L, 0L, 2708L, 37L, 3L, 39L, 4L, 1L, 0L, 46L, 1L, 0L, 0L
    ), .Dim = c(7L, 4L), .Dimnames = structure(list(c("-1", "-2", 
    "-4", "0", "1", "2", NA), c("-", "A", "T", NA)), .Names = c("", 
    "")), class = "table"), MSJmono46_SNP1 = structure(c(232L, 
    19L, 16L, 1L, 1L, 717L, 55L, 25L, 3L, 0L, 0L, 0L, 0L, 22L, 
    1L, 0L), .Dim = c(8L, 2L), .Dimnames = structure(list(c("-1", 
    "-2", "-3", "-4", "-5", "0", "1", NA), c("C", NA)), .Names = c("", 
    "")), class = "table"), LMmono04v2_SNP1 = structure(c(506L, 
    78L, 3L, 1L, 1994L, 111L, 3L, 1L, 28L, 0L, 0L, 0L, 0L, 1L, 
    0L, 0L, 0L, 0L, 13L, 2L, 0L, 0L, 84L, 2L, 0L, 0L, 0L), .Dim = c(9L, 
    3L), .Dimnames = structure(list(c("-1", "-2", "-3", "-4", 
    "0", "1", "2", "3", NA), c("C", "T", NA)), .Names = c("", 
    "")), class = "table"), AKMmono01v2_SNP1 = structure(c(0L, 
    0L, 0L, 1L, 0L, 0L, 463L, 161L, 9L, 2318L, 30L, 27L, 12L, 
    3L, 1L, 83L, 2L, 0L), .Dim = c(6L, 3L), .Dimnames = structure(list(
        c("-1", "-2", "-3", "0", "1", NA), c("C", "T", NA)), .Names = c("", 
    "")), class = "table"), AKMmono10v2_SNP1 = structure(c(55L, 
    2L, 412L, 3L, 5L, 32L, 0L, 399L, 6L, 2L, 0L, 0L, 33L, 1L, 
    0L), .Dim = c(5L, 3L), .Dimnames = structure(list(c("-1", 
    "-2", "0", "1", NA), c("A", "G", NA)), .Names = c("", "")), class = "table"), 
    AKMmono17v2_SNP1 = structure(c(12L, 239L, 3L, 2L, 2L, 19L, 
    0L, 0L, 0L, 10L, 0L, 0L),