Result <-
list(AKMmono02_SNP1 = structure(c(0L, 0L, 0L, 1L, 0L, 0L, 0L, 
361L, 18L, 1L, 3931L, 81L, 2L, 87L, 7L, 2L, 0L, 124L, 0L, 0L, 
0L), .Dim = c(7L, 3L), .Dimnames = structure(list(c("-1", "-2", 
"-3", "0", "1", "2", NA), c("A", "T", NA)), .Names = c("", ""
)), class = "table"), AKMmono03_SNP1 = structure(c(754L, 69L, 
34L, 14L, 6677L, 118L, 2L, 100L, 0L, 0L, 0L, 0L, 3L, 0L, 0L, 
0L, 0L, 0L, 0L, 0L, 1L, 0L, 0L, 0L, 46L, 8L, 0L, 0L, 658L, 3L, 
0L, 0L), .Dim = c(8L, 4L), .Dimnames = structure(list(c("-1", 
"-2", "-3", "-4", "0", "1", "2", NA), c("A", "C", "G", NA)), .Names = c("", 
"")), class = "table"), AKMmono05_SNP1 = structure(c(734L, 92L, 
6L, 3L, 1L, 5131L, 208L, 6L, 156L, 0L, 0L, 0L, 0L, 0L, 8L, 0L, 
0L, 0L, 0L, 0L, 0L, 0L, 0L, 4L, 0L, 0L, 0L, 40L, 4L, 1L, 0L, 
0L, 574L, 19L, 0L, 0L), .Dim = c(9L, 4L), .Dimnames = structure(list(
    c("-1", "-2", "-3", "-4", "-5", "0", "1", "2", NA), c("A", 
    "C", "T", NA)), .Names = c("", "")), class = "table"), AKMmono11_SNP1 = structure(c(0L, 
0L, 0L, 6L, 0L, 0L, 0L, 1L, 623L, 40L, 2L, 5983L, 107L, 1L, 7L, 
130L, 77L, 1L, 0L, 888L, 22L, 0L, 0L, 0L), .Dim = c(8L, 3L), .Dimnames = structure(list(
    c("-1", "-2", "-3", "0", "1", "2", "3", NA), c("A", "T", 
    NA)), .Names = c("", "")), class = "table"), AKMmono12_SNP1 = structure(c(0L, 
0L, 0L, 3L, 1L, 0L, 0L, 718L, 67L, 6L, 5027L, 116L, 3L, 64L, 
0L, 0L, 0L, 1L, 0L, 0L, 0L, 19L, 3L, 0L, 364L, 1L, 0L, 0L), .Dim = c(7L, 
4L), .Dimnames = structure(list(c("-1", "-2", "-3", "0", "1", 
"2", NA), c("A", "C", "T", NA)), .Names = c("", "")), class = "table"), 
    AKMmono13_SNP1 = structure(c(364L, 12L, 4L, 6022L, 145L, 
    3L, 59L, 8L, 0L, 0L, 433L, 4L, 0L, 0L), .Dim = c(7L, 2L), .Dimnames = structure(list(
        c("-1", "-2", "-3", "0", "1", "2", NA), c("A", NA)), .Names = c("", 
    "")), class = "table"), AKMmono16_SNP1 = structure(c(362L, 
    16L, 3L, 3894L, 62L, 42L, 0L, 1L, 0L, 0L, 0L, 0L, 0L, 0L, 
    0L, 1L, 0L, 0L, 0L, 0L, 0L, 2L, 0L, 0L, 18L, 0L, 0L, 237L, 
    6L, 0L), .Dim = 6:5, .Dimnames = structure(list(c("-1", "-2", 
    "-3", "0", "1", NA), c("A", "C", "G", "T", NA)), .Names = c("", 
    "")), class = "table"), AKMmono22_SNP1 = structure(c(1721L, 
    340L, 41L, 5L, 2245L, 113L, 5L, 546L, 0L, 0L, 0L, 0L, 1L, 
    0L, 0L, 0L, 1L, 0L, 0L, 0L, 0L, 0L, 0L, 0L, 94L, 17L, 2L, 
    0L, 236L, 7L, 0L, 0L), .Dim = c(8L, 4L), .Dimnames = structure(list(
        c("-1", "-2", "-3", "-4", "0", "1", "2", NA), c("A", 
        "C", "G", NA)), .Names = c("", "")), class = "table"), 
    EJmono05_SNP1 = structure(c(0L, 0L, 0L, 2L, 0L, 0L, 0L, 368L, 
    45L, 1L, 3703L, 69L, 0L, 49L, 4L, 0L, 0L, 143L, 2L, 1L, 0L
    ), .Dim = c(7L, 3L), .Dimnames = structure(list(c("-1", "-2", 
    "-3", "0", "1", "2", NA), c("A", "T", NA)), .Names = c("", 
    "")), class = "table"), EJmono16_SNP1 = structure(c(198L, 
    9L, 1L, 3896L, 143L, 2L, 212L, 0L, 0L, 0L, 0L, 0L, 0L, 1L, 
    3L, 0L, 0L, 91L, 2L, 0L, 0L), .Dim = c(7L, 3L), .Dimnames = structure(list(
        c("-1", "-2", "-3", "0", "1", "2", NA), c("A", "T", NA
        )), .Names = c("", "")), class = "table"), LMmono01_SNP1 = structure(c(307L, 
    11L, 2L, 3098L, 54L, 1L, 55L, 0L, 0L, 0L, 3L, 0L, 0L, 0L, 
    13L, 0L, 0L, 234L, 1L, 0L, 0L), .Dim = c(7L, 3L), .Dimnames = structure(list(
        c("-1", "-2", "-3", "0", "1", "2", NA), c("A", "T", NA
        )), .Names = c("", "")), class = "table"), LMmono03_SNP1 = structure(c(0L, 
    0L, 0L, 0L, 1L, 0L, 0L, 0L, 0L, 0L, 0L, 0L, 4L, 0L, 0L, 0L, 
    410L, 47L, 10L, 1L, 1888L, 71L, 1L, 63L, 0L, 0L, 0L, 0L, 
    1L, 0L, 0L, 0L, 10L, 1L, 0L, 1L, 272L, 2L, 0L, 0L), .Dim = c(8L, 
    5L), .Dimnames = structure(list(c("-1", "-2", "-3", "-4", 
    "0", "1", "2", NA), c("-", "A", "C", "T", NA)), .Names = c("", 
    "")), class = "table"), LMmono09_SNP1 = structure(c(0L, 0L, 
    0L, 0L, 1L, 0L, 0L, 0L, 1001L, 114L, 13L, 1L, 6108L, 267L, 
    14L, 174L, 8L, 3L, 0L, 0L, 120L, 7L, 0L, 0L), .Dim = c(8L, 
    3L), .Dimnames = structure(list(c("-1", "-2", "-3", "-4", 
    "0", "1", "2", NA), c("C", "T", NA)), .Names = c("", "")), class = "table"), 
    LMmono12_SNP1 = structure(c(528L, 35L, 1L, 2914L, 222L, 6L, 
    110L, 0L, 0L, 0L, 1L, 0L, 0L, 0L, 19L, 2L, 1L, 345L, 10L, 
    0L, 0L), .Dim = c(7L, 3L), .Dimnames = structure(list(c("-1", 
    "-2", "-3", "0", "1", "2", NA), c("A", "T", NA)), .Names = c("", 
    "")), class = "table"), LMmono16_SNP1 = structure(c(501L, 
    54L, 2L, 1L, 1L, 3929L, 142L, 6L, 342L, 2L, 140L, 10L, 0L, 
    328L, 0L, 0L, 0L, 0L, 0L, 1L, 0L, 0L, 1L, 0L, 0L, 0L, 0L, 
    2L, 0L, 0L, 0L, 0L, 0L, 2L, 0L, 0L, 0L, 0L, 0L, 0L, 0L, 0L, 
    16L, 1L, 1L, 0L, 0L, 662L, 5L, 1L, 20L, 1L, 9L, 1L, 1L, 0L
    ), .Dim = c(14L, 4L), .Dimnames = structure(list(c("-1", 
    "-2", "-3", "-4", "-5", "0", "1", "2", "3", "4", "5", "6", 
    "8", NA), c("A", "C", "G", NA)), .Names = c("", "")), class = "table"), 
    MSJmono10_SNP1 = structure(c(0L, 0L, 2L, 0L, 0L, 0L, 213L, 
    9L, 4001L, 133L, 1L, 36L, 7L, 0L, 230L, 4L, 0L, 0L), .Dim = c(6L, 
    3L), .Dimnames = structure(list(c("-1", "-2", "0", "1", "2", 
    NA), c("A", "C", NA)), .Names = c("", "")), class = "table"), 
    MSJmono19ms1_SNP1 = structure(c(234L, 9L, 2L, 1L, 5386L, 
    85L, 3L, 236L, 0L, 0L, 0L, 0L, 11L, 0L, 0L, 2L, 0L, 0L, 0L, 
    0L, 4L, 1L, 0L, 0L, 25L, 0L, 0L, 0L, 827L, 9L, 0L, 0L), .Dim = c(8L, 
    4L), .Dimnames = structure(list(c("-1", "-2", "-3", "-4", 
    "0", "1", "2", NA), c("A", "C", "T", NA)), .Names = c("", 
    "")), class = "table"), MSJmono19ms2_SNP1 = structure(c(0L, 
    0L, 1L, 0L, 0L, 257L, 7L, 5635L, 66L, 64L, 6L, 0L, 468L, 
    4L, 0L), .Dim = c(5L, 3L), .Dimnames = structure(list(c("-1", 
    "-2", "0", "1", NA), c("A", "C", NA)), .Names = c("", "")), class = "table"), 
    MSJmono36_SNP1 = structure(c(0L, 0L, 0L, 1L, 0L, 0L, 0L, 
    318L, 12L, 1L, 5813L, 127L, 2L, 113L, 3L, 0L, 0L, 214L, 3L, 
    0L, 0L), .Dim = c(7L, 3L), .Dimnames = structure(list(c("-1", 
    "-2", "-3", "0", "1", "2", NA), c("A", "G", NA)), .Names = c("", 
    "")), class = "table"), MSJmono44_SNP1 = structure(c(0L, 
    0L, 0L, 5L, 0L, 0L, 0L, 0L, 1L, 0L, 0L, 0L, 1L, 0L, 0L, 0L, 
    1L, 0L, 0L, 0L, 0L, 0L, 0L, 0L, 156L, 5L, 1L, 0L, 2811L, 
    50L, 3L, 19L, 5L, 0L, 0L, 0L, 163L, 0L, 0L, 0L), .Dim = c(8L, 
    5L), .Dimnames = structure(list(c("-1", "-2", "-4", "-5", 
    "0", "1", "2", NA), c("-", "A", "G", "T", NA)), .Names = c("", 
    "")), class = "table"), MSJmono46_SNP1 = structure(c(388L, 
    30L, 4L, 2032L, 148L, 10L, 63L, 0L, 0L, 0L, 1L, 0L, 0L, 0L, 
    43L, 5L, 0L, 586L, 25L, 3L, 0L), .Dim = c(7L, 3L), .Dimnames = structure(list(
        c("-1", "-2", "-3", "0", "1", "2", NA), c("C", "T", NA
        )), .Names = c("", "")), class = "table"), LMmono04v2_SNP1 = structure(c(315L, 
    17L, 2574L, 96L, 5L, 27L, 7L, 1L, 152L, 5L, 1L, 0L), .Dim = c(6L, 
    2L), .Dimnames = structure(list(c("-1", "-2", "0", "1", "2", 
    NA), c("C", NA)), .Names = c("", "")), class = "table"), 
    AKMmono01v2_SNP1 = structure(c(0L, 0L, 0L, 1L, 0L, 0L, 1L, 
    0L, 1L, 0L, 0L, 0L, 245L, 9L, 2989L, 43L, 3L, 26L, 10L, 1L, 
    235L, 1L, 0L, 0L), .Dim = c(6L, 4L), .Dimnames = structure(list(
        c("-1", "-2", "0", "1", "2", NA), c("-", "C", "T", NA
        )), .Names = c("", "")), class = "table"), AKMmono10v2_SNP1 = structure(c(85L, 
    1L, 1848L, 19L, 7L, 1L, 0L, 14L, 0L, 0L, 0L, 0L, 72L, 1L, 
    0L), .Dim = c(5L, 3L), .Dimnames = structure(list(c("-1", 
    "-2", "0", "1", NA), c("A", "G", NA)), .Names = c("", "")), class = "table"), 
    AKMmono17v2_SNP1 = structure(c(27L, 1L, 354L, 8L, 2L, 21L, 
    1L, 433L, 8L, 8L, 1L, 0L, 55L, 0L, 0L), .Dim = c(5L, 3L), .Dimnames = structure(list(
        c("-1", "-2", "0", "1", NA), c("A", "C", NA)), .Names = c("", 
    "")), class = "table"), EJmono13v2_SNP1 = structure(c(46L, 
    1L, 773L, 15L, 6L, 44L, 1L, 676L, 23L, 2L, 7L, 0L, 130L, 
    7L, 0L), .Dim = c(5L, 3L), .Dimnames = structure(list(c("-1", 
    "-2", "0", "1", NA), c("A", "G", NA)),