Result <-
list(AKMmono02_SNP1 = structure(c(0L, 0L, 0L, 1L, 0L, 0L, 0L, 
147L, 9L, 2L, 1588L, 48L, 2L, 37L, 1L, 0L, 0L, 24L, 0L, 0L, 0L
), .Dim = c(7L, 3L), .Dimnames = structure(list(c("-1", "-2", 
"-3", "0", "1", "2", NA), c("A", "T", NA)), .Names = c("", ""
)), class = "table"), AKMmono03_SNP1 = structure(c(0L, 0L, 0L, 
0L, 1L, 0L, 0L, 0L, 1431L, 254L, 54L, 4L, 9138L, 208L, 4L, 138L, 
0L, 0L, 0L, 0L, 2L, 0L, 0L, 0L, 76L, 13L, 1L, 0L, 739L, 9L, 0L, 
0L), .Dim = c(8L, 4L), .Dimnames = structure(list(c("-1", "-2", 
"-3", "-4", "0", "1", "2", NA), c("-", "A", "T", NA)), .Names = c("", 
"")), class = "table"), AKMmono05_SNP1 = structure(c(833L, 125L, 
28L, 2L, 1L, 4569L, 213L, 4L, 92L, 0L, 0L, 0L, 0L, 0L, 2L, 0L, 
0L, 0L, 0L, 0L, 0L, 0L, 0L, 2L, 0L, 0L, 0L, 44L, 4L, 0L, 0L, 
0L, 425L, 20L, 0L, 0L), .Dim = c(9L, 4L), .Dimnames = structure(list(
    c("-1", "-2", "-3", "-4", "-5", "0", "1", "2", NA), c("A", 
    "C", "T", NA)), .Names = c("", "")), class = "table"), AKMmono11_SNP1 = structure(c(0L, 
0L, 0L, 2L, 0L, 0L, 0L, 1429L, 107L, 2L, 9101L, 167L, 5L, 190L, 
214L, 5L, 0L, 1731L, 44L, 1L, 0L), .Dim = c(7L, 3L), .Dimnames = structure(list(
    c("-1", "-2", "-3", "0", "1", "2", NA), c("A", "T", NA)), .Names = c("", 
"")), class = "table"), AKMmono12_SNP1 = structure(c(1L, 0L, 
0L, 0L, 1L, 0L, 0L, 0L, 708L, 67L, 5L, 1L, 3873L, 126L, 3L, 23L, 
1L, 0L, 0L, 0L, 2L, 0L, 0L, 0L, 16L, 1L, 0L, 0L, 340L, 0L, 0L, 
0L), .Dim = c(8L, 4L), .Dimnames = structure(list(c("-1", "-2", 
"-3", "-4", "0", "1", "2", NA), c("A", "C", "T", NA)), .Names = c("", 
"")), class = "table"), AKMmono13_SNP1 = structure(c(547L, 33L, 
1L, 6388L, 210L, 3L, 1L, 46L, 0L, 0L, 0L, 1L, 0L, 0L, 0L, 0L, 
0L, 0L, 0L, 2L, 0L, 0L, 0L, 0L, 18L, 1L, 0L, 403L, 5L, 0L, 0L, 
0L), .Dim = c(8L, 4L), .Dimnames = structure(list(c("-1", "-2", 
"-3", "0", "1", "2", "3", NA), c("A", "G", "T", NA)), .Names = c("", 
"")), class = "table"), AKMmono16_SNP1 = structure(c(535L, 36L, 
2L, 4309L, 94L, 3L, 23L, 0L, 0L, 0L, 1L, 0L, 0L, 0L, 11L, 2L, 
0L, 271L, 7L, 0L, 0L), .Dim = c(7L, 3L), .Dimnames = structure(list(
    c("-1", "-2", "-3", "0", "1", "2", NA), c("A", "T", NA)), .Names = c("", 
"")), class = "table"), AKMmono22_SNP1 = structure(c(0L, 0L, 
0L, 1L, 0L, 0L, 0L, 414L, 102L, 10L, 2264L, 152L, 8L, 102L, 0L, 
0L, 0L, 1L, 0L, 0L, 0L, 0L, 0L, 0L, 1L, 0L, 0L, 0L, 19L, 3L, 
0L, 232L, 7L, 0L, 0L), .Dim = c(7L, 5L), .Dimnames = structure(list(
    c("-1", "-2", "-3", "0", "1", "2", NA), c("-", "A", "C", 
    "G", NA)), .Names = c("", "")), class = "table"), EJmono05_SNP1 = structure(c(0L, 
0L, 0L, 1L, 0L, 0L, 0L, 673L, 78L, 6L, 5737L, 139L, 7L, 43L, 
16L, 3L, 0L, 181L, 2L, 1L, 0L), .Dim = c(7L, 3L), .Dimnames = structure(list(
    c("-1", "-2", "-3", "0", "1", "2", NA), c("C", "T", NA)), .Names = c("", 
"")), class = "table"), EJmono16_SNP1 = structure(c(782L, 60L, 
2L, 1L, 1L, 8885L, 556L, 28L, 2L, 354L, 0L, 0L, 0L, 0L, 0L, 1L, 
0L, 0L, 0L, 0L, 9L, 2L, 0L, 0L, 0L, 115L, 2L, 0L, 0L, 0L), .Dim = c(10L, 
3L), .Dimnames = structure(list(c("-1", "-2", "-3", "-4", "-5", 
"0", "1", "2", "3", NA), c("A", "C", NA)), .Names = c("", "")), class = "table"), 
    LMmono01_SNP1 = structure(c(1831L, 175L, 4L, 1629L, 38L, 
    57L, 1L, 0L, 0L, 0L, 0L, 0L, 0L, 0L, 0L, 1L, 0L, 0L, 71L, 
    3L, 0L, 110L, 1L, 0L), .Dim = c(6L, 4L), .Dimnames = structure(list(
        c("-1", "-2", "-3", "0", "1", NA), c("A", "G", "T", NA
        )), .Names = c("", "")), class = "table"), LMmono03_SNP1 = structure(c(0L, 
    1L, 0L, 0L, 0L, 0L, 0L, 0L, 0L, 0L, 0L, 0L, 0L, 1L, 0L, 0L, 
    431L, 74L, 8L, 1L, 1618L, 59L, 4L, 74L, 11L, 0L, 0L, 0L, 
    115L, 0L, 0L, 0L), .Dim = c(8L, 4L), .Dimnames = structure(list(
        c("-1", "-2", "-3", "-4", "0", "1", "2", NA), c("-", 
        "A", "C", NA)), .Names = c("", "")), class = "table"), 
    LMmono09_SNP1 = structure(c(0L, 0L, 0L, 0L, 1L, 0L, 0L, 0L, 
    1L, 0L, 0L, 0L, 0L, 0L, 0L, 0L, 1557L, 211L, 58L, 2L, 5690L, 
    341L, 16L, 169L, 20L, 1L, 2L, 0L, 82L, 2L, 1L, 0L), .Dim = c(8L, 
    4L), .Dimnames = structure(list(c("-1", "-2", "-3", "-4", 
    "0", "1", "2", NA), c("A", "G", "T", NA)), .Names = c("", 
    "")), class = "table"), LMmono12_SNP1 = structure(c(887L, 
    88L, 4L, 4073L, 292L, 19L, 163L, 0L, 0L, 0L, 1L, 0L, 0L, 
    1L, 18L, 0L, 0L, 144L, 4L, 0L, 0L), .Dim = c(7L, 3L), .Dimnames = structure(list(
        c("-1", "-2", "-3", "0", "1", "2", NA), c("A", "T", NA
        )), .Names = c("", "")), class = "table"), LMmono16_SNP1 = structure(c(18L, 
    3273L, 23L, 1057L, 1L, 328L, 26L, 2L, 266L, 0L, 1L, 0L, 0L, 
    0L, 0L, 0L, 0L, 0L, 0L, 0L, 0L, 0L, 0L, 0L, 0L, 0L, 1L, 0L, 
    591L, 2L, 55L, 0L, 34L, 2L, 0L, 0L), .Dim = c(9L, 4L), .Dimnames = structure(list(
        c("-1", "0", "1", "3", "4", "5", "6", "7", NA), c("A", 
        "G", "T", NA)), .Names = c("", "")), class = "table"), 
    MSJmono10_SNP1 = structure(c(0L, 0L, 1L, 0L, 0L, 0L, 218L, 
    8L, 2578L, 98L, 7L, 10L, 0L, 0L, 1L, 0L, 0L, 0L, 0L, 0L, 
    1L, 0L, 0L, 0L, 8L, 0L, 166L, 3L, 0L, 0L), .Dim = 6:5, .Dimnames = structure(list(
        c("-1", "-2", "0", "1", "2", NA), c("A", "C", "G", "T", 
        NA)), .Names = c("", "")), class = "table"), MSJmono19ms1_SNP1 = structure(c(1312L, 
    63L, 10L, 1L, 17967L, 681L, 20L, 476L, 1L, 0L, 0L, 0L, 17L, 
    1L, 0L, 1L, 0L, 0L, 0L, 0L, 3L, 0L, 0L, 0L, 0L, 0L, 0L, 0L, 
    10L, 0L, 0L, 1L, 129L, 2L, 0L, 0L, 1917L, 60L, 4L, 0L), .Dim = c(8L, 
    5L), .Dimnames = structure(list(c("-1", "-2", "-3", "-4", 
    "0", "1", "2", NA), c("A", "C", "G", "T", NA)), .Names = c("", 
    "")), class = "table"), MSJmono19ms2_SNP1 = structure(c(946L, 
    17L, 18424L, 223L, 4L, 255L, 0L, 0L, 1L, 0L, 0L, 0L, 9L, 
    0L, 1442L, 2L, 0L, 0L), .Dim = c(6L, 3L), .Dimnames = structure(list(
        c("-1", "-2", "0", "1", "2", NA), c("C", "G", NA)), .Names = c("", 
    "")), class = "table"), MSJmono36_SNP1 = structure(c(1L, 
    0L, 0L, 6L, 0L, 0L, 0L, 830L, 40L, 3L, 10276L, 319L, 11L, 
    184L, 0L, 0L, 0L, 1L, 0L, 0L, 0L, 3L, 1L, 0L, 348L, 6L, 0L, 
    0L), .Dim = c(7L, 4L), .Dimnames = structure(list(c("-1", 
    "-2", "-3", "0", "1", "2", NA), c("A", "G", "T", NA)), .Names = c("", 
    "")), class = "table"), MSJmono44_SNP1 = structure(c(402L, 
    21L, 1L, 5502L, 106L, 6L, 59L, 2L, 0L, 0L, 83L, 1L, 0L, 0L
    ), .Dim = c(7L, 2L), .Dimnames = structure(list(c("-1", "-2", 
    "-3", "0", "1", "2", NA), c("T", NA)), .Names = c("", "")), class = "table"), 
    MSJmono46_SNP1 = structure(c(139L, 26L, 2L, 2L, 548L, 41L, 
    1L, 19L, 0L, 1L, 0L, 0L, 24L, 2L, 0L, 0L), .Dim = c(8L, 2L
    ), .Dimnames = structure(list(c("-1", "-2", "-3", "-4", "0", 
    "1", "2", NA), c("C", NA)), .Names = c("", "")), class = "table"), 
    LMmono04v2_SNP1 = structure(c(103L, 5L, 0L, 632L, 49L, 2L, 
    10L, 147L, 16L, 1L, 852L, 49L, 1L, 8L, 5L, 1L, 0L, 84L, 2L, 
    0L, 0L), .Dim = c(7L, 3L), .Dimnames = structure(list(c("-1", 
    "-2", "-4", "0", "1", "2", NA), c("C", "T", NA)), .Names = c("", 
    "")), class = "table"), AKMmono01v2_SNP1 = structure(c(227L, 
    11L, 1L, 2374L, 37L, 2L, 19L, 4L, 0L, 0L, 100L, 2L, 0L, 0L
    ), .Dim = c(7L, 2L), .Dimnames = structure(list(c("-1", "-2", 
    "-3", "0", "1", "2", NA), c("T", NA)), .Names = c("", "")), class = "table"), 
    AKMmono10v2_SNP1 = structure(c(34L, 547L, 5L, 2L, 0L, 1L, 
    0L, 0L, 1L, 31L, 0L, 0L), .Dim = 4:3, .Dimnames = structure(list(
        c("-1", "0", "1", NA), c("A", "G", NA)), .Names = c("", 
    "")), class = "table"), AKMmono17v2_SNP1 = structure(c(3L, 
    1L, 23L, 3L, 1L, 2L, 11L, 1L, 183L, 3L, 0L, 2L, 0L, 0L, 14L, 
    0L, 0L, 0L), .Dim = c(6L, 3L), .Dimnames = structure(list(
        c("-1", "-2", "0", "1", "2", NA), c("A", "C", NA)), .Names = c("", 
    "")), class = "table"), EJmono13v2_SNP1 = structure(c(3L, 
    0L, 54L, 352L, 23L, 3L, 30L, 27L, 1L, 288L, 9L, 0L, 0L, 1L, 
    1L, 0L, 12L, 7L, 0L, 0L, 0L), .Dim = c(7L, 3L), .Dimnames = structure(list(
        c("-1", "-2", "0", "1", "2", "3", NA), c("A", "G", NA
        )),