Result <-
list(AKMmono02_SNP1 = structure(c(145L, 4L, 1L, 1106L, 21L, 3L, 
34L, 2L, 0L, 0L, 27L, 1L, 0L, 0L), .Dim = c(7L, 2L), .Dimnames = structure(list(
    c("-1", "-2", "-4", "0", "1", "2", NA), c("T", NA)), .Names = c("", 
"")), class = "table"), AKMmono03_SNP1 = structure(c(706L, 108L, 
35L, 3L, 4949L, 105L, 1L, 72L, 0L, 0L, 0L, 0L, 1L, 0L, 0L, 0L, 
0L, 0L, 0L, 0L, 0L, 1L, 0L, 0L, 0L, 0L, 0L, 0L, 1L, 0L, 0L, 0L, 
37L, 5L, 0L, 0L, 366L, 4L, 0L, 0L), .Dim = c(8L, 5L), .Dimnames = structure(list(
    c("-1", "-2", "-3", "-4", "0", "1", "2", NA), c("A", "C", 
    "G", "T", NA)), .Names = c("", "")), class = "table"), AKMmono05_SNP1 = structure(c(466L, 
49L, 12L, 1L, 2628L, 158L, 3L, 44L, 19L, 4L, 0L, 0L, 246L, 21L, 
1L, 0L), .Dim = c(8L, 2L), .Dimnames = structure(list(c("-1", 
"-2", "-3", "-4", "0", "1", "2", NA), c("A", NA)), .Names = c("", 
"")), class = "table"), AKMmono11_SNP1 = structure(c(0L, 0L, 
0L, 2L, 0L, 0L, 0L, 0L, 0L, 685L, 64L, 1L, 3915L, 318L, 15L, 
2L, 1L, 102L, 118L, 4L, 0L, 711L, 68L, 5L, 0L, 0L, 0L), .Dim = c(9L, 
3L), .Dimnames = structure(list(c("-1", "-2", "-3", "0", "1", 
"2", "3", "4", NA), c("A", "T", NA)), .Names = c("", "")), class = "table"), 
    AKMmono12_SNP1 = structure(c(1L, 0L, 0L, 0L, 0L, 0L, 0L, 
    0L, 1060L, 102L, 10L, 1L, 2998L, 115L, 4L, 45L, 0L, 0L, 0L, 
    0L, 1L, 0L, 0L, 0L, 22L, 3L, 0L, 0L, 248L, 2L, 1L, 0L), .Dim = c(8L, 
    4L), .Dimnames = structure(list(c("-1", "-2", "-3", "-4", 
    "0", "1", "2", NA), c("A", "C", "T", NA)), .Names = c("", 
    "")), class = "table"), AKMmono13_SNP1 = structure(c(250L, 
    18L, 3395L, 146L, 1L, 1L, 24L, 9L, 0L, 212L, 3L, 0L, 0L, 
    0L), .Dim = c(7L, 2L), .Dimnames = structure(list(c("-1", 
    "-2", "0", "1", "2", "3", NA), c("A", NA)), .Names = c("", 
    "")), class = "table"), AKMmono16_SNP1 = structure(c(448L, 
    31L, 2283L, 58L, 3L, 24L, 0L, 0L, 1L, 0L, 0L, 0L, 6L, 1L, 
    112L, 4L, 0L, 0L), .Dim = c(6L, 3L), .Dimnames = structure(list(
        c("-1", "-2", "0", "1", "2", NA), c("A", "T", NA)), .Names = c("", 
    "")), class = "table"), AKMmono22_SNP1 = structure(c(245L, 
    48L, 6L, 1660L, 173L, 15L, 2L, 87L, 0L, 0L, 0L, 1L, 0L, 0L, 
    0L, 0L, 12L, 3L, 0L, 175L, 7L, 0L, 0L, 0L), .Dim = c(8L, 
    3L), .Dimnames = structure(list(c("-1", "-2", "-3", "0", 
    "1", "2", "3", NA), c("A", "T", NA)), .Names = c("", "")), class = "table"), 
    EJmono05_SNP1 = structure(c(0L, 0L, 0L, 1L, 0L, 0L, 0L, 0L, 
    313L, 24L, 1L, 2388L, 93L, 1L, 0L, 28L, 2L, 0L, 0L, 82L, 
    3L, 0L, 1L, 0L), .Dim = c(8L, 3L), .Dimnames = structure(list(
        c("-1", "-2", "-3", "0", "1", "2", "3", NA), c("C", "T", 
        NA)), .Names = c("", "")), class = "table"), EJmono16_SNP1 = structure(c(695L, 
    62L, 2281L, 955L, 128L, 15L, 464L, 0L, 0L, 1L, 0L, 0L, 0L, 
    0L, 0L, 0L, 1L, 0L, 1L, 0L, 0L, 10L, 0L, 27L, 3L, 1L, 0L, 
    0L), .Dim = c(7L, 4L), .Dimnames = structure(list(c("-1", 
    "-2", "0", "1", "2", "3", NA), c("A", "C", "G", NA)), .Names = c("", 
    "")), class = "table"), LMmono01_SNP1 = structure(c(344L, 
    19L, 2089L, 252L, 8L, 1L, 31L, 0L, 0L, 1L, 0L, 0L, 0L, 0L, 
    0L, 0L, 1L, 0L, 0L, 0L, 0L, 14L, 0L, 151L, 21L, 1L, 0L, 0L
    ), .Dim = c(7L, 4L), .Dimnames = structure(list(c("-1", "-2", 
    "0", "1", "2", "3", NA), c("A", "G", "T", NA)), .Names = c("", 
    "")), class = "table"), LMmono03_SNP1 = structure(c(0L, 0L, 
    0L, 0L, 1L, 0L, 0L, 0L, 0L, 282L, 69L, 5L, 1L, 1122L, 34L, 
    2L, 1L, 51L, 7L, 1L, 0L, 0L, 72L, 0L, 0L, 0L, 0L), .Dim = c(9L, 
    3L), .Dimnames = structure(list(c("-1", "-2", "-3", "-4", 
    "0", "1", "2", "3", NA), c("A", "C", NA)), .Names = c("", 
    "")), class = "table"), LMmono09_SNP1 = structure(c(1645L, 
    181L, 9L, 3358L, 364L, 14L, 3L, 221L, 4L, 1L, 0L, 53L, 2L, 
    1L, 0L, 0L), .Dim = c(8L, 2L), .Dimnames = structure(list(
        c("-1", "-2", "-3", "0", "1", "2", "3", NA), c("T", NA
        )), .Names = c("", "")), class = "table"), LMmono12_SNP1 = structure(c(749L, 
    113L, 9L, 1188L, 186L, 129L, 22L, 1L, 180L, 0L, 0L, 0L, 0L, 
    1L, 0L, 0L, 0L, 0L, 9L, 0L, 0L, 63L, 1L, 2L, 1L, 1L, 0L), .Dim = c(9L, 
    3L), .Dimnames = structure(list(c("-1", "-2", "-3", "0", 
    "1", "2", "3", "4", NA), c("A", "G", NA)), .Names = c("", 
    "")), class = "table"), LMmono16_SNP1 = structure(c(636L, 
    65L, 14L, 2382L, 238L, 18L, 1L, 83L, 0L, 0L, 0L, 1L, 0L, 
    0L, 0L, 0L, 0L, 0L, 0L, 1L, 0L, 0L, 0L, 0L, 28L, 2L, 0L, 
    367L, 20L, 0L, 1L, 0L), .Dim = c(8L, 4L), .Dimnames = structure(list(
        c("-1", "-2", "-3", "0", "1", "2", "3", NA), c("A", "C", 
        "G", NA)), .Names = c("", "")), class = "table"), MSJmono10_SNP1 = structure(c(6L, 
    1L, 238L, 6L, 0L, 1L, 197L, 13L, 2014L, 92L, 3L, 10L, 6L, 
    1L, 140L, 3L, 0L, 0L), .Dim = c(6L, 3L), .Dimnames = structure(list(
        c("-1", "-2", "0", "1", "2", NA), c("A", "C", NA)), .Names = c("", 
    "")), class = "table"), MSJmono19ms1_SNP1 = structure(c(1486L, 
    136L, 7L, 1L, 3772L, 142L, 0L, 3L, 190L, 2L, 0L, 0L, 0L, 
    8L, 0L, 0L, 0L, 1L, 0L, 0L, 0L, 0L, 1L, 0L, 0L, 0L, 0L, 0L, 
    0L, 0L, 0L, 2L, 1L, 4L, 0L, 0L, 108L, 7L, 0L, 0L, 434L, 17L, 
    0L, 0L, 0L), .Dim = c(9L, 5L), .Dimnames = structure(list(
        c("-1", "-2", "-3", "-4", "0", "1", "10", "2", NA), c("A", 
        "C", "G", "T", NA)), .Names = c("", "")), class = "table"), 
    MSJmono19ms2_SNP1 = structure(c(0L, 0L, 1L, 0L, 0L, 0L, 0L, 
    280L, 8L, 4391L, 503L, 12L, 2L, 153L, 5L, 0L, 398L, 7L, 0L, 
    0L, 0L), .Dim = c(7L, 3L), .Dimnames = structure(list(c("-1", 
    "-2", "0", "1", "2", "3", NA), c("A", "C", NA)), .Names = c("", 
    "")), class = "table"), MSJmono36_SNP1 = structure(c(353L, 
    25L, 3L, 3977L, 207L, 2L, 77L, 4L, 0L, 0L, 114L, 1L, 0L, 
    0L), .Dim = c(7L, 2L), .Dimnames = structure(list(c("-1", 
    "-2", "-3", "0", "1", "2", NA), c("G", NA)), .Names = c("", 
    "")), class = "table"), MSJmono44_SNP1 = structure(c(154L, 
    6L, 2397L, 104L, 3L, 30L, 3L, 0L, 49L, 1L, 0L, 0L), .Dim = c(6L, 
    2L), .Dimnames = structure(list(c("-1", "-2", "0", "1", "2", 
    NA), c("T", NA)), .Names = c("", "")), class = "table"), 
    MSJmono46_SNP1 = structure(c(314L, 40L, 4L, 490L, 130L, 6L, 
    32L, 2L, 1L, 0L, 25L, 0L, 0L, 0L), .Dim = c(7L, 2L), .Dimnames = structure(list(
        c("-1", "-2", "-3", "0", "1", "2", NA), c("C", NA)), .Names = c("", 
    "")), class = "table"), LMmono04v2_SNP1 = structure(c(129L, 
    9L, 1L, 782L, 34L, 3L, 7L, 2L, 0L, 0L, 29L, 1L, 0L, 0L), .Dim = c(7L, 
    2L), .Dimnames = structure(list(c("-1", "-2", "-3", "0", 
    "1", "2", NA), c("C", NA)), .Names = c("", "")), class = "table"), 
    AKMmono01v2_SNP1 = structure(c(0L, 0L, 0L, 1L, 0L, 0L, 945L, 
    75L, 3L, 35L, 1L, 35L, 192L, 4L, 0L, 904L, 23L, 6L, 22L, 
    3L, 0L, 58L, 0L, 0L), .Dim = c(6L, 4L), .Dimnames = structure(list(
        c("-1", "-2", "-3", "0", "1", NA), c("A", "C", "T", NA
        )), .Names = c("", "")), class = "table"), AKMmono10v2_SNP1 = structure(c(14L, 
    1L, 0L, 291L, 12L, 3L, 21L, 1L, 1L, 296L, 9L, 2L, 0L, 0L, 
    0L, 20L, 1L, 0L), .Dim = c(6L, 3L), .Dimnames = structure(list(
        c("-1", "-2", "-3", "0", "1", NA), c("A", "G", NA)), .Names = c("", 
    "")), class = "table"), AKMmono17v2_SNP1 = structure(c(0L, 
    0L, 0L, 5L, 0L, 0L, 19L, 2L, 1L, 343L, 8L, 2L, 0L, 0L, 0L, 
    13L, 1L, 0L), .Dim = c(6L, 3L), .Dimnames = structure(list(
        c("-1", "-2", "-3", "0", "1", NA), c("A", "C", NA)), .Names = c("", 
    "")), class = "table"), EJmono13v2_SNP1 = structure(c(0L, 
    0L, 6L, 0L, 0L, 65L, 1L, 901L, 19L, 4L, 0L, 0L, 23L, 0L, 
    0L), .Dim = c(5L, 3L), .Dimnames = structure(list(c("-1", 
    "-2", "0", "1", NA), c("A", "G", NA)), .Names = c("", "")), class = "table"), 
    EJmono21v2_SNP1 = structure(c(41L, 5L, 312L, 3L, 7L, 3L, 
    0L, 4L, 0L, 0L, 0L, 0L, 26L, 1L, 0L), .Dim = c(5L, 3L), .Dimnames = structure(list(
        c("-1", "-2", "0", "1", NA), c("C", "T", NA)), .Names = c("", 
    "")), class = "table"),