Result <-
list(AKMmono02_SNP1 = structure(c(195L, 8L, 1L, 2378L, 47L, 57L, 
4L, 0L, 0L, 31L, 0L, 0L), .Dim = c(6L, 2L), .Dimnames = structure(list(
    c("-1", "-2", "-3", "0", "1", NA), c("T", NA)), .Names = c("", 
"")), class = "table"), AKMmono03_SNP1 = structure(c(0L, 0L, 
0L, 0L, 0L, 1L, 0L, 0L, 0L, 809L, 96L, 61L, 4L, 1L, 7070L, 99L, 
4L, 83L, 0L, 0L, 0L, 0L, 0L, 1L, 0L, 0L, 0L, 0L, 0L, 0L, 0L, 
0L, 2L, 0L, 0L, 0L, 40L, 3L, 0L, 0L, 0L, 553L, 5L, 0L, 0L), .Dim = c(9L, 
5L), .Dimnames = structure(list(c("-1", "-2", "-3", "-4", "-5", 
"0", "1", "2", NA), c("-", "A", "C", "G", NA)), .Names = c("", 
"")), class = "table"), AKMmono05_SNP1 = structure(c(612L, 98L, 
15L, 3L, 1L, 4075L, 165L, 4L, 75L, 0L, 0L, 0L, 0L, 0L, 2L, 0L, 
0L, 0L, 0L, 0L, 0L, 0L, 0L, 2L, 0L, 0L, 0L, 23L, 5L, 0L, 0L, 
0L, 392L, 15L, 1L, 0L), .Dim = c(9L, 4L), .Dimnames = structure(list(
    c("-1", "-2", "-3", "-4", "-5", "0", "1", "2", NA), c("A", 
    "C", "T", NA)), .Names = c("", "")), class = "table"), AKMmono11_SNP1 = structure(c(1L, 
0L, 0L, 3L, 0L, 0L, 0L, 0L, 0L, 0L, 0L, 2L, 0L, 0L, 0L, 0L, 794L, 
66L, 1L, 6496L, 128L, 4L, 1L, 134L, 112L, 3L, 0L, 1230L, 38L, 
1L, 0L, 0L), .Dim = c(8L, 4L), .Dimnames = structure(list(c("-1", 
"-2", "-3", "0", "1", "2", "4", NA), c("A", "C", "T", NA)), .Names = c("", 
"")), class = "table"), AKMmono12_SNP1 = structure(c(0L, 0L, 
0L, 3L, 0L, 0L, 0L, 708L, 51L, 1L, 4244L, 85L, 1L, 36L, 25L, 
2L, 0L, 377L, 2L, 0L, 0L), .Dim = c(7L, 3L), .Dimnames = structure(list(
    c("-1", "-2", "-4", "0", "1", "2", NA), c("A", "C", NA)), .Names = c("", 
"")), class = "table"), AKMmono13_SNP1 = structure(c(245L, 12L, 
3621L, 101L, 1L, 23L, 7L, 0L, 234L, 0L, 0L, 0L), .Dim = c(6L, 
2L), .Dimnames = structure(list(c("-1", "-2", "0", "1", "2", 
NA), c("A", NA)), .Names = c("", "")), class = "table"), AKMmono16_SNP1 = structure(c(242L, 
10L, 1L, 2426L, 47L, 2L, 15L, 0L, 0L, 0L, 1L, 0L, 0L, 0L, 0L, 
0L, 0L, 1L, 0L, 0L, 0L, 1L, 0L, 0L, 0L, 0L, 0L, 0L, 9L, 0L, 0L, 
139L, 1L, 0L, 0L), .Dim = c(7L, 5L), .Dimnames = structure(list(
    c("-1", "-2", "-3", "0", "1", "2", NA), c("A", "C", "G", 
    "T", NA)), .Names = c("", "")), class = "table"), AKMmono22_SNP1 = structure(c(565L, 
93L, 8L, 2L, 3756L, 228L, 11L, 1L, 165L, 0L, 0L, 0L, 0L, 1L, 
0L, 0L, 0L, 0L, 0L, 0L, 0L, 0L, 0L, 0L, 0L, 0L, 1L, 27L, 3L, 
0L, 0L, 359L, 7L, 2L, 0L, 0L), .Dim = c(9L, 4L), .Dimnames = structure(list(
    c("-1", "-2", "-3", "-4", "0", "1", "2", "3", NA), c("A", 
    "G", "T", NA)), .Names = c("", "")), class = "table"), EJmono05_SNP1 = structure(c(0L, 
0L, 2L, 0L, 0L, 0L, 0L, 0L, 1L, 0L, 0L, 0L, 369L, 34L, 3471L, 
86L, 3L, 36L, 9L, 0L, 130L, 3L, 0L, 0L), .Dim = c(6L, 4L), .Dimnames = structure(list(
    c("-1", "-2", "0", "1", "2", NA), c("A", "G", "T", NA)), .Names = c("", 
"")), class = "table"), EJmono16_SNP1 = structure(c(425L, 44L, 
2L, 2L, 4L, 6L, 2L, 6284L, 339L, 11L, 217L, 5L, 0L, 0L, 0L, 0L, 
0L, 0L, 85L, 3L, 0L, 0L), .Dim = c(11L, 2L), .Dimnames = structure(list(
    c("-1", "-2", "-3", "-4", "-5", "-6", "-7", "0", "1", "2", 
    NA), c("A", NA)), .Names = c("", "")), class = "table"), 
    LMmono01_SNP1 = structure(c(441L, 28L, 3L, 3679L, 96L, 1L, 
    31L, 1L, 0L, 0L, 2L, 0L, 0L, 0L, 12L, 0L, 0L, 281L, 7L, 2L, 
    0L), .Dim = c(7L, 3L), .Dimnames = structure(list(c("-1", 
    "-2", "-3", "0", "1", "2", NA), c("A", "G", NA)), .Names = c("", 
    "")), class = "table"), LMmono03_SNP1 = structure(c(2L, 0L, 
    0L, 0L, 0L, 0L, 373L, 43L, 1791L, 61L, 1L, 78L, 0L, 0L, 1L, 
    1L, 0L, 0L, 11L, 1L, 124L, 2L, 0L, 0L), .Dim = c(6L, 4L), .Dimnames = structure(list(
        c("-1", "-2", "0", "1", "2", NA), c("A", "C", "T", NA
        )), .Names = c("", "")), class = "table"), LMmono09_SNP1 = structure(c(1L, 
    0L, 0L, 0L, 0L, 0L, 0L, 1324L, 189L, 15L, 5335L, 250L, 9L, 
    180L, 22L, 7L, 0L, 101L, 5L, 0L, 0L), .Dim = c(7L, 3L), .Dimnames = structure(list(
        c("-1", "-2", "-3", "0", "1", "2", NA), c("A", "T", NA
        )), .Names = c("", "")), class = "table"), LMmono12_SNP1 = structure(c(320L, 
    31L, 4L, 1743L, 132L, 5L, 69L, 0L, 0L, 0L, 1L, 0L, 0L, 0L, 
    1L, 0L, 0L, 51L, 2L, 0L, 0L), .Dim = c(7L, 3L), .Dimnames = structure(list(
        c("-1", "-2", "-3", "0", "1", "2", NA), c("A", "G", NA
        )), .Names = c("", "")), class = "table"), LMmono16_SNP1 = structure(c(356L, 
    25L, 2712L, 103L, 6L, 298L, 3L, 139L, 11L, 132L, 0L, 0L, 
    1L, 0L, 0L, 0L, 0L, 0L, 0L, 0L, 19L, 0L, 446L, 3L, 0L, 17L, 
    1L, 14L, 1L, 0L), .Dim = c(10L, 3L), .Dimnames = structure(list(
        c("-1", "-2", "0", "1", "2", "3", "4", "5", "6", NA), 
        c("A", "T", NA)), .Names = c("", "")), class = "table"), 
    MSJmono10_SNP1 = structure(c(0L, 0L, 1L, 0L, 0L, 0L, 172L, 
    4L, 2915L, 103L, 4L, 11L, 0L, 0L, 1L, 0L, 0L, 0L, 3L, 0L, 
    171L, 6L, 1L, 0L), .Dim = c(6L, 4L), .Dimnames = structure(list(
        c("-1", "-2", "0", "1", "2", NA), c("A", "C", "T", NA
        )), .Names = c("", "")), class = "table"), MSJmono19ms1_SNP1 = structure(c(418L, 
    18L, 3L, 7185L, 225L, 5L, 180L, 0L, 0L, 0L, 9L, 0L, 0L, 0L, 
    0L, 0L, 0L, 1L, 0L, 0L, 0L, 0L, 0L, 0L, 2L, 0L, 0L, 0L, 32L, 
    1L, 0L, 832L, 23L, 0L, 0L), .Dim = c(7L, 5L), .Dimnames = structure(list(
        c("-1", "-2", "-3", "0", "1", "2", NA), c("A", "C", "G", 
        "T", NA)), .Names = c("", "")), class = "table"), MSJmono19ms2_SNP1 = structure(c(346L, 
    5L, 7194L, 70L, 3L, 99L, 0L, 0L, 1L, 0L, 0L, 0L, 3L, 0L, 
    626L, 4L, 0L, 0L), .Dim = c(6L, 3L), .Dimnames = structure(list(
        c("-1", "-2", "0", "1", "2", NA), c("C", "G", NA)), .Names = c("", 
    "")), class = "table"), MSJmono36_SNP1 = structure(c(0L, 
    0L, 0L, 4L, 0L, 0L, 0L, 416L, 29L, 2L, 6367L, 142L, 6L, 84L, 
    0L, 0L, 0L, 1L, 0L, 0L, 0L, 4L, 1L, 0L, 184L, 2L, 1L, 0L), .Dim = c(7L, 
    4L), .Dimnames = structure(list(c("-1", "-2", "-3", "0", 
    "1", "2", NA), c("A", "G", "T", NA)), .Names = c("", "")), class = "table"), 
    MSJmono44_SNP1 = structure(c(0L, 0L, 0L, 1L, 0L, 0L, 0L, 
    188L, 7L, 3L, 2947L, 60L, 3L, 20L, 0L, 0L, 0L, 66L, 1L, 0L, 
    0L), .Dim = c(7L, 3L), .Dimnames = structure(list(c("-1", 
    "-2", "-3", "0", "1", "2", NA), c("C", "T", NA)), .Names = c("", 
    "")), class = "table"), MSJmono46_SNP1 = structure(c(215L, 
    28L, 3L, 1L, 977L, 45L, 4L, 35L, 5L, 0L, 0L, 0L, 34L, 0L, 
    0L, 0L), .Dim = c(8L, 2L), .Dimnames = structure(list(c("-1", 
    "-2", "-3", "-4", "0", "1", "2", NA), c("C", NA)), .Names = c("", 
    "")), class = "table"), LMmono04v2_SNP1 = structure(c(139L, 
    6L, 1L, 1243L, 58L, 2L, 11L, 2L, 0L, 0L, 68L, 2L, 0L, 0L), .Dim = c(7L, 
    2L), .Dimnames = structure(list(c("-1", "-2", "-3", "0", 
    "1", "2", NA), c("C", NA)), .Names = c("", "")), class = "table"), 
    AKMmono01v2_SNP1 = structure(c(0L, 0L, 0L, 1L, 0L, 0L, 0L, 
    167L, 16L, 1L, 2147L, 38L, 1L, 17L, 5L, 0L, 0L, 104L, 0L, 
    0L, 0L), .Dim = c(7L, 3L), .Dimnames = structure(list(c("-1", 
    "-2", "-3", "0", "1", "2", NA), c("-", "T", NA)), .Names = c("", 
    "")), class = "table"), AKMmono10v2_SNP1 = structure(c(32L, 
    774L, 20L, 1L, 3L, 0L, 42L, 0L, 0L, 0L), .Dim = c(5L, 2L), .Dimnames = structure(list(
        c("-1", "0", "1", "2", NA), c("A", NA)), .Names = c("", 
    "")), class = "table"), AKMmono17v2_SNP1 = structure(c(20L, 
    205L, 3L, 3L, 6L, 188L, 2L, 1L, 0L, 14L, 0L, 0L), .Dim = 4:3, .Dimnames = structure(list(
        c("-1", "0", "1", NA), c("A", "C", NA)), .Names = c("", 
    "")), class = "table"), EJmono13v2_SNP1 = structure(c(35L, 
    0L, 603L, 23L, 1L, 4L, 41L, 1L, 526L, 13L, 0L, 2L, 0L, 0L, 
    1L, 0L, 0L, 0L, 1L, 0L, 33L, 0L, 0L, 0L), .Dim = c(6L, 4L
    ), .Dimnames = structure(list(c("-1", "-2", "0", "1", "2", 
    NA), c("A", "G", "T", NA)), .Names = c("", "")), class = "table"), 
    EJmono21v2_SNP1 = structure(c(12L, 1L, 139L, 1L, 0L, 21L, 
    1L, 187L, 1L, 1L, 5L, 0L, 9L, 0L, 0L), .Dim = c(5L, 3L), .Dimnames = structure(list(
        c("-1", "-2", "0", "1", NA), c("C", "T", NA)),