Result <-
list(AKMmono02_SNP1 = structure(c(336L, 15L, 1L, 3522L, 90L, 
1L, 92L, 4L, 1L, 0L, 59L, 2L, 0L, 0L), .Dim = c(7L, 2L), .Dimnames = structure(list(
    c("-1", "-2", "-3", "0", "1", "2", NA), c("T", NA)), .Names = c("", 
"")), class = "table"), AKMmono03_SNP1 = structure(c(905L, 130L, 
13L, 1L, 7625L, 144L, 5L, 81L, 0L, 0L, 0L, 0L, 1L, 0L, 0L, 0L, 
44L, 5L, 0L, 0L, 634L, 6L, 0L, 0L), .Dim = c(8L, 3L), .Dimnames = structure(list(
    c("-1", "-2", "-3", "-4", "0", "1", "2", NA), c("A", "C", 
    NA)), .Names = c("", "")), class = "table"), AKMmono05_SNP1 = structure(c(833L, 
128L, 11L, 5L, 1L, 5596L, 218L, 5L, 80L, 0L, 0L, 0L, 0L, 0L, 
5L, 0L, 0L, 0L, 0L, 0L, 0L, 0L, 0L, 1L, 0L, 0L, 0L, 44L, 4L, 
0L, 0L, 0L, 551L, 11L, 0L, 0L), .Dim = c(9L, 4L), .Dimnames = structure(list(
    c("-1", "-2", "-3", "-4", "-5", "0", "1", "2", NA), c("A", 
    "C", "T", NA)), .Names = c("", "")), class = "table"), AKMmono11_SNP1 = structure(c(0L, 
0L, 0L, 1L, 0L, 0L, 0L, 1L, 0L, 0L, 2L, 0L, 0L, 0L, 1069L, 78L, 
6L, 8468L, 146L, 4L, 146L, 159L, 4L, 0L, 1641L, 47L, 0L, 0L), .Dim = c(7L, 
4L), .Dimnames = structure(list(c("-1", "-2", "-3", "0", "1", 
"2", NA), c("A", "C", "T", NA)), .Names = c("", "")), class = "table"), 
    AKMmono12_SNP1 = structure(c(0L, 0L, 0L, 1L, 0L, 0L, 0L, 
    801L, 43L, 3L, 5602L, 139L, 3L, 49L, 15L, 3L, 0L, 489L, 3L, 
    1L, 0L), .Dim = c(7L, 3L), .Dimnames = structure(list(c("-1", 
    "-2", "-3", "0", "1", "2", NA), c("A", "C", NA)), .Names = c("", 
    "")), class = "table"), AKMmono13_SNP1 = structure(c(367L, 
    21L, 1L, 6564L, 172L, 2L, 1L, 50L, 0L, 0L, 0L, 1L, 0L, 0L, 
    0L, 0L, 0L, 0L, 0L, 1L, 0L, 0L, 0L, 0L, 15L, 0L, 0L, 434L, 
    2L, 0L, 0L, 0L), .Dim = c(8L, 4L), .Dimnames = structure(list(
        c("-1", "-2", "-3", "0", "1", "2", "3", NA), c("A", "G", 
        "T", NA)), .Names = c("", "")), class = "table"), AKMmono16_SNP1 = structure(c(350L, 
    33L, 1L, 3518L, 53L, 17L, 0L, 0L, 0L, 1L, 0L, 0L, 7L, 0L, 
    0L, 205L, 2L, 0L), .Dim = c(6L, 3L), .Dimnames = structure(list(
        c("-1", "-2", "-3", "0", "1", NA), c("A", "C", NA)), .Names = c("", 
    "")), class = "table"), AKMmono22_SNP1 = structure(c(0L, 
    0L, 0L, 0L, 1L, 0L, 0L, 0L, 799L, 132L, 14L, 3L, 5007L, 260L, 
    9L, 206L, 0L, 0L, 0L, 0L, 4L, 0L, 0L, 0L, 32L, 10L, 0L, 0L, 
    533L, 10L, 1L, 0L), .Dim = c(8L, 4L), .Dimnames = structure(list(
        c("-1", "-2", "-3", "-4", "0", "1", "2", NA), c("-", 
        "A", "G", NA)), .Names = c("", "")), class = "table"), 
    EJmono05_SNP1 = structure(c(2L, 1L, 1L, 1L, 0L, 0L, 0L, 4L, 
    0L, 0L, 5L, 0L, 0L, 0L, 519L, 38L, 0L, 4574L, 118L, 1L, 43L, 
    7L, 0L, 0L, 165L, 3L, 0L, 0L), .Dim = c(7L, 4L), .Dimnames = structure(list(
        c("-1", "-2", "-3", "0", "1", "2", NA), c("-", "A", "T", 
        NA)), .Names = c("", "")), class = "table"), EJmono16_SNP1 = structure(c(656L, 
    43L, 3L, 1L, 9640L, 507L, 25L, 376L, 0L, 0L, 0L, 0L, 1L, 
    0L, 0L, 0L, 5L, 0L, 0L, 0L, 89L, 3L, 1L, 0L), .Dim = c(8L, 
    3L), .Dimnames = structure(list(c("-1", "-2", "-3", "-5", 
    "0", "1", "2", NA), c("A", "C", NA)), .Names = c("", "")), class = "table"), 
    LMmono01_SNP1 = structure(c(299L, 2315L, 6L, 2336L, 44L, 
    45L, 7L, 17L, 1L, 156L, 4L, 0L), .Dim = c(6L, 2L), .Dimnames = structure(list(
        c("-1", "-2", "-3", "0", "1", NA), c("A", NA)), .Names = c("", 
    "")), class = "table"), LMmono03_SNP1 = structure(c(0L, 0L, 
    0L, 0L, 2L, 0L, 0L, 0L, 653L, 83L, 16L, 2L, 2749L, 96L, 4L, 
    119L, 0L, 0L, 0L, 0L, 3L, 0L, 0L, 0L, 10L, 1L, 0L, 0L, 193L, 
    3L, 0L, 0L), .Dim = c(8L, 4L), .Dimnames = structure(list(
        c("-1", "-2", "-3", "-4", "0", "1", "2", NA), c("A", 
        "C", "T", NA)), .Names = c("", "")), class = "table"), 
    LMmono09_SNP1 = structure(c(0L, 0L, 0L, 0L, 1L, 0L, 0L, 0L, 
    1870L, 230L, 24L, 5L, 10217L, 400L, 16L, 241L, 12L, 8L, 0L, 
    0L, 141L, 2L, 0L, 0L), .Dim = c(8L, 3L), .Dimnames = structure(list(
        c("-1", "-2", "-3", "-4", "0", "1", "2", NA), c("C", 
        "T", NA)), .Names = c("", "")), class = "table"), LMmono12_SNP1 = structure(c(658L, 
    46L, 2L, 3748L, 230L, 11L, 1L, 121L, 12L, 1L, 0L, 111L, 3L, 
    0L, 0L, 0L), .Dim = c(8L, 2L), .Dimnames = structure(list(
        c("-1", "-2", "-3", "0", "1", "2", "3", NA), c("A", NA
        )), .Names = c("", "")), class = "table"), LMmono16_SNP1 = structure(c(708L, 
    72L, 1L, 1L, 1L, 4806L, 197L, 8L, 637L, 2L, 179L, 11L, 240L, 
    0L, 0L, 0L, 0L, 0L, 2L, 0L, 0L, 0L, 0L, 0L, 0L, 0L, 1L, 0L, 
    0L, 0L, 0L, 0L, 0L, 0L, 0L, 0L, 0L, 0L, 0L, 26L, 0L, 1L, 
    0L, 0L, 719L, 14L, 0L, 31L, 0L, 20L, 0L, 0L), .Dim = c(13L, 
    4L), .Dimnames = structure(list(c("-1", "-2", "-3", "-4", 
    "-5", "0", "1", "2", "3", "4", "5", "6", NA), c("A", "G", 
    "T", NA)), .Names = c("", "")), class = "table"), MSJmono10_SNP1 = structure(c(283L, 
    13L, 1L, 4611L, 177L, 10L, 12L, 0L, 0L, 0L, 1L, 0L, 0L, 0L, 
    6L, 0L, 0L, 299L, 12L, 2L, 0L), .Dim = c(7L, 3L), .Dimnames = structure(list(
        c("-1", "-2", "-3", "0", "1", "2", NA), c("C", "G", NA
        )), .Names = c("", "")), class = "table"), MSJmono19ms1_SNP1 = structure(c(605L, 
    40L, 5L, 1L, 10836L, 275L, 12L, 226L, 0L, 0L, 0L, 0L, 21L, 
    0L, 0L, 1L, 0L, 0L, 0L, 0L, 1L, 0L, 0L, 0L, 0L, 0L, 0L, 0L, 
    14L, 0L, 0L, 0L, 46L, 3L, 0L, 0L, 1215L, 29L, 0L, 0L), .Dim = c(8L, 
    5L), .Dimnames = structure(list(c("-1", "-2", "-3", "-4", 
    "0", "1", "2", NA), c("A", "C", "G", "T", NA)), .Names = c("", 
    "")), class = "table"), MSJmono19ms2_SNP1 = structure(c(0L, 
    0L, 3L, 0L, 0L, 0L, 521L, 13L, 10944L, 99L, 1L, 142L, 0L, 
    0L, 1L, 0L, 0L, 0L, 3L, 0L, 832L, 3L, 0L, 0L), .Dim = c(6L, 
    4L), .Dimnames = structure(list(c("-1", "-2", "0", "1", "2", 
    NA), c("A", "C", "T", NA)), .Names = c("", "")), class = "table"), 
    MSJmono36_SNP1 = structure(c(1L, 0L, 0L, 0L, 1L, 0L, 0L, 
    1L, 0L, 1L, 0L, 0L, 0L, 0L, 0L, 0L, 3984L, 199L, 5L, 1L, 
    4625L, 113L, 1L, 523L, 0L, 0L, 0L, 0L, 1L, 0L, 0L, 0L, 24L, 
    5L, 0L, 0L, 154L, 1L, 0L, 0L), .Dim = c(8L, 5L), .Dimnames = structure(list(
        c("-1", "-2", "-3", "-4", "0", "1", "2", NA), c("A", 
        "C", "G", "T", NA)), .Names = c("", "")), class = "table"), 
    MSJmono44_SNP1 = structure(c(0L, 0L, 0L, 19L, 9L, 0L, 0L, 
    0L, 0L, 314L, 17L, 2L, 0L, 0L, 5287L, 76L, 3L, 39L, 1L, 0L, 
    0L, 0L, 0L, 87L, 1L, 0L, 0L), .Dim = c(9L, 3L), .Dimnames = structure(list(
        c("-1", "-2", "-3", "-4", "-5", "0", "1", "2", NA), c("-", 
        "T", NA)), .Names = c("", "")), class = "table"), MSJmono46_SNP1 = structure(c(347L, 
    45L, 5L, 1L, 1677L, 122L, 5L, 42L, 3L, 1L, 0L, 0L, 61L, 2L, 
    0L, 0L), .Dim = c(8L, 2L), .Dimnames = structure(list(c("-1", 
    "-2", "-3", "-4", "0", "1", "2", NA), c("C", NA)), .Names = c("", 
    "")), class = "table"), LMmono04v2_SNP1 = structure(c(301L, 
    17L, 5L, 2529L, 106L, 8L, 20L, 1L, 0L, 0L, 0L, 0L, 0L, 0L, 
    4L, 0L, 0L, 116L, 0L, 0L, 0L), .Dim = c(7L, 3L), .Dimnames = structure(list(
        c("-1", "-2", "-3", "0", "1", "2", NA), c("C", "T", NA
        )), .Names = c("", "")), class = "table"), AKMmono01v2_SNP1 = structure(c(1L, 
    0L, 0L, 1L, 0L, 0L, 0L, 0L, 0L, 0L, 1L, 0L, 0L, 0L, 284L, 
    17L, 2L, 3175L, 36L, 1L, 26L, 6L, 0L, 0L, 156L, 0L, 1L, 0L
    ), .Dim = c(7L, 4L), .Dimnames = structure(list(c("-1", "-2", 
    "-3", "0", "1", "2", NA), c("-", "C", "T", NA)), .Names = c("", 
    "")), class = "table"), AKMmono10v2_SNP1 = structure(c(49L, 
    1L, 1292L, 19L, 4L, 0L, 0L, 1L, 0L, 0L, 0L, 0L, 1L, 0L, 0L, 
    0L, 0L, 36L, 1L, 0L), .Dim = 5:4, .Dimnames = structure(list(
        c("-1", "-2", "0", "1", NA), c("A", "C", "G", NA)), .Names = c("", 
    "")), class = "table"), AKMmono17v2_SNP1 = structure(c(2L, 
    1L, 0L, 8L, 2L, 0L, 1L, 47L, 1L, 1L, 697L, 16L, 1L, 3L, 0L, 
    0L, 0L, 23L, 1L, 0L, 0L), .Dim = c(7L, 3L), .Dimnames = structure(list(
        c("-1", "-2", "-3", "0", "1", "2", NA), c("A", "C", NA
        )), .Names = c("", "")),