Result <-
list(AKMmono02_SNP1 = structure(c(0L, 0L, 1L, 0L, 1L, 0L, 0L, 
0L, 2081L, 2057L, 90L, 1L, 4699L, 104L, 5L, 335L, 33L, 35L, 1L, 
0L, 88L, 0L, 0L, 0L), .Dim = c(8L, 3L), .Dimnames = structure(list(
    c("-1", "-2", "-3", "-4", "0", "1", "2", NA), c("C", "T", 
    NA)), .Names = c("", "")), class = "table"), AKMmono03_SNP1 = structure(c(1592L, 
254L, 53L, 4L, 1L, 13157L, 230L, 6L, 174L, 0L, 0L, 0L, 0L, 0L, 
1L, 0L, 0L, 0L, 1L, 0L, 0L, 0L, 0L, 0L, 0L, 0L, 0L, 84L, 9L, 
2L, 0L, 0L, 1029L, 7L, 0L, 0L), .Dim = c(9L, 4L), .Dimnames = structure(list(
    c("-1", "-2", "-3", "-4", "-5", "0", "1", "2", NA), c("A", 
    "C", "G", NA)), .Names = c("", "")), class = "table"), AKMmono05_SNP1 = structure(c(2246L, 
430L, 1423L, 111L, 1L, 6546L, 257L, 5L, 222L, 1L, 0L, 0L, 0L, 
0L, 2L, 0L, 0L, 0L, 0L, 1L, 0L, 0L, 0L, 0L, 0L, 0L, 0L, 0L, 0L, 
0L, 0L, 0L, 1L, 0L, 0L, 0L, 121L, 17L, 18L, 1L, 0L, 687L, 25L, 
0L, 0L), .Dim = c(9L, 5L), .Dimnames = structure(list(c("-1", 
"-2", "-3", "-4", "-5", "0", "1", "2", NA), c("A", "C", "G", 
"T", NA)), .Names = c("", "")), class = "table"), AKMmono11_SNP1 = structure(c(0L, 
3L, 0L, 0L, 4L, 0L, 0L, 0L, 876L, 7226L, 303L, 6L, 6976L, 130L, 
4L, 570L, 134L, 318L, 9L, 0L, 1354L, 30L, 2L, 0L), .Dim = c(8L, 
3L), .Dimnames = structure(list(c("-1", "-2", "-3", "-4", "0", 
"1", "2", NA), c("A", "T", NA)), .Names = c("", "")), class = "table"), 
    AKMmono12_SNP1 = structure(c(0L, 0L, 0L, 0L, 0L, 1L, 0L, 
    0L, 0L, 1L, 0L, 0L, 0L, 0L, 2L, 0L, 0L, 0L, 5217L, 1258L, 
    57L, 5L, 2L, 8065L, 209L, 7L, 197L, 2L, 0L, 0L, 0L, 0L, 1L, 
    0L, 0L, 0L, 1L, 1L, 0L, 0L, 0L, 2L, 0L, 0L, 0L, 127L, 29L, 
    1L, 0L, 0L, 676L, 2L, 0L, 0L), .Dim = c(9L, 6L), .Dimnames = structure(list(
        c("-1", "-2", "-3", "-4", "-5", "0", "1", "2", NA), c("-", 
        "A", "C", "G", "T", NA)), .Names = c("", "")), class = "table"), 
    AKMmono13_SNP1 = structure(c(619L, 1607L, 55L, 7L, 8288L, 
    228L, 4L, 126L, 0L, 1L, 0L, 0L, 3L, 0L, 0L, 0L, 15L, 23L, 
    1L, 0L, 534L, 10L, 0L, 0L), .Dim = c(8L, 3L), .Dimnames = structure(list(
        c("-1", "-2", "-3", "-4", "0", "1", "2", NA), c("A", 
        "T", NA)), .Names = c("", "")), class = "table"), AKMmono16_SNP1 = structure(c(2231L, 
    293L, 9L, 3L, 4408L, 94L, 7L, 97L, 0L, 0L, 0L, 0L, 1L, 0L, 
    0L, 0L, 1L, 0L, 0L, 0L, 2L, 0L, 0L, 0L, 49L, 1L, 1L, 0L, 
    263L, 4L, 0L, 0L), .Dim = c(8L, 4L), .Dimnames = structure(list(
        c("-1", "-2", "-3", "-4", "0", "1", "2", NA), c("A", 
        "C", "T", NA)), .Names = c("", "")), class = "table"), 
    AKMmono22_SNP1 = structure(c(1906L, 599L, 153L, 9L, 1L, 4799L, 
    226L, 15L, 1L, 417L, 0L, 0L, 0L, 0L, 0L, 1L, 0L, 0L, 0L, 
    0L, 64L, 11L, 4L, 0L, 0L, 463L, 10L, 0L, 0L, 0L), .Dim = c(10L, 
    3L), .Dimnames = structure(list(c("-1", "-2", "-3", "-4", 
    "-5", "0", "1", "2", "3", NA), c("A", "G", NA)), .Names = c("", 
    "")), class = "table"), EJmono05_SNP1 = structure(c(0L, 0L, 
    0L, 0L, 0L, 0L, 1L, 0L, 0L, 0L, 2L, 0L, 0L, 0L, 1922L, 144L, 
    3L, 5147L, 114L, 1L, 54L, 34L, 2L, 0L, 197L, 3L, 0L, 0L), .Dim = c(7L, 
    4L), .Dimnames = structure(list(c("-1", "-2", "-3", "0", 
    "1", "2", NA), c("A", "C", "T", NA)), .Names = c("", "")), class = "table"), 
    EJmono16_SNP1 = structure(c(691L, 48L, 29L, 1696L, 2L, 9976L, 
    553L, 23L, 459L, 0L, 0L, 0L, 0L, 0L, 2L, 0L, 0L, 0L, 3L, 
    0L, 0L, 13L, 0L, 119L, 7L, 0L, 0L), .Dim = c(9L, 3L), .Dimnames = structure(list(
        c("-1", "-2", "-3", "-4", "-5", "0", "1", "2", NA), c("A", 
        "G", NA)), .Names = c("", "")), class = "table"), LMmono01_SNP1 = structure(c(1501L, 
    1163L, 53L, 4242L, 81L, 75L, 0L, 0L, 0L, 1L, 0L, 0L, 0L, 
    0L, 0L, 2L, 0L, 0L, 69L, 15L, 1L, 320L, 3L, 0L), .Dim = c(6L, 
    4L), .Dimnames = structure(list(c("-1", "-2", "-3", "0", 
    "1", NA), c("A", "C", "G", NA)), .Names = c("", "")), class = "table"), 
    LMmono03_SNP1 = structure(c(0L, 0L, 0L, 0L, 0L, 3L, 0L, 0L, 
    0L, 802L, 651L, 334L, 54L, 2L, 2836L, 83L, 3L, 180L, 0L, 
    1L, 0L, 0L, 0L, 0L, 0L, 0L, 0L, 19L, 9L, 5L, 0L, 0L, 169L, 
    0L, 0L, 0L), .Dim = c(9L, 4L), .Dimnames = structure(list(
        c("-1", "-2", "-3", "-4", "-5", "0", "1", "2", NA), c("A", 
        "C", "G", NA)), .Names = c("", "")), class = "table"), 
    LMmono09_SNP1 = structure(c(0L, 0L, 0L, 0L, 0L, 1L, 0L, 0L, 
    0L, 1145L, 1588L, 3298L, 245L, 3L, 9864L, 328L, 7L, 721L, 
    0L, 1L, 3L, 0L, 1L, 121L, 0L, 0L, 0L), .Dim = c(9L, 3L), .Dimnames = structure(list(
        c("-1", "-2", "-3", "-4", "-5", "0", "1", "2", NA), c("A", 
        "T", NA)), .Names = c("", "")), class = "table"), LMmono12_SNP1 = structure(c(1411L, 
    1372L, 255L, 7L, 1L, 4182L, 297L, 20L, 293L, 1L, 0L, 0L, 
    0L, 0L, 0L, 0L, 0L, 0L, 0L, 0L, 0L, 0L, 0L, 1L, 0L, 0L, 0L, 
    21L, 5L, 3L, 0L, 0L, 156L, 7L, 1L, 0L), .Dim = c(9L, 4L), .Dimnames = structure(list(
        c("-1", "-2", "-3", "-4", "-5", "0", "1", "2", NA), c("A", 
        "G", "T", NA)), .Names = c("", "")), class = "table"), 
    LMmono16_SNP1 = structure(c(696L, 1089L, 228L, 22L, 7298L, 
    235L, 11L, 1411L, 3L, 866L, 70L, 4L, 1L, 535L, 0L, 1L, 0L, 
    0L, 0L, 0L, 0L, 0L, 0L, 0L, 0L, 0L, 0L, 0L, 0L, 0L, 0L, 0L, 
    2L, 0L, 0L, 0L, 0L, 0L, 0L, 0L, 0L, 0L, 22L, 22L, 7L, 0L, 
    1242L, 15L, 1L, 70L, 0L, 95L, 6L, 0L, 0L, 0L), .Dim = c(14L, 
    4L), .Dimnames = structure(list(c("-1", "-2", "-3", "-4", 
    "0", "1", "2", "3", "4", "5", "6", "7", "8", NA), c("A", 
    "G", "T", NA)), .Names = c("", "")), class = "table"), MSJmono10_SNP1 = structure(c(1894L, 
    158L, 10L, 7991L, 267L, 12L, 1L, 57L, 0L, 0L, 0L, 1L, 0L, 
    0L, 0L, 0L, 61L, 4L, 0L, 452L, 29L, 2L, 0L, 0L), .Dim = c(8L, 
    3L), .Dimnames = structure(list(c("-1", "-2", "-3", "0", 
    "1", "2", "3", NA), c("C", "T", NA)), .Names = c("", "")), class = "table"), 
    MSJmono19ms1_SNP1 = structure(c(2615L, 2212L, 75L, 4L, 9865L, 
    275L, 12L, 566L, 1L, 1L, 0L, 0L, 14L, 0L, 0L, 1L, 1L, 0L, 
    0L, 0L, 1L, 0L, 0L, 1L, 0L, 2L, 0L, 0L, 5L, 0L, 0L, 4L, 216L, 
    108L, 5L, 0L, 1149L, 24L, 0L, 0L), .Dim = c(8L, 5L), .Dimnames = structure(list(
        c("-1", "-2", "-3", "-4", "0", "1", "2", NA), c("A", 
        "C", "G", "T", NA)), .Names = c("", "")), class = "table"), 
    MSJmono19ms2_SNP1 = structure(c(0L, 0L, 1L, 0L, 0L, 0L, 1111L, 
    39L, 13887L, 157L, 1L, 178L, 1L, 0L, 0L, 0L, 0L, 0L, 16L, 
    0L, 1015L, 2L, 2L, 0L), .Dim = c(6L, 4L), .Dimnames = structure(list(
        c("-1", "-2", "0", "1", "2", NA), c("A", "C", "T", NA
        )), .Names = c("", "")), class = "table"), MSJmono36_SNP1 = structure(c(0L, 
    0L, 0L, 0L, 6L, 0L, 0L, 0L, 0L, 0L, 0L, 0L, 1L, 0L, 0L, 0L, 
    563L, 1480L, 132L, 1L, 7551L, 194L, 4L, 253L, 0L, 0L, 0L, 
    0L, 1L, 0L, 0L, 0L, 4L, 12L, 1L, 1L, 229L, 3L, 0L, 0L), .Dim = c(8L, 
    5L), .Dimnames = structure(list(c("-1", "-2", "-3", "-4", 
    "0", "1", "2", NA), c("A", "C", "G", "T", NA)), .Names = c("", 
    "")), class = "table"), MSJmono44_SNP1 = structure(c(0L, 
    0L, 10L, 0L, 0L, 0L, 0L, 0L, 0L, 1L, 0L, 0L, 0L, 0L, 0L, 
    0L, 0L, 0L, 1854L, 536L, 6L, 23L, 1L, 4893L, 90L, 2L, 88L, 
    16L, 4L, 0L, 0L, 0L, 92L, 1L, 0L, 0L), .Dim = c(9L, 4L), .Dimnames = structure(list(
        c("-1", "-2", "-3", "-7", "-8", "0", "1", "2", NA), c("-", 
        "A", "T", NA)), .Names = c("", "")), class = "table"), 
    MSJmono46_SNP1 = structure(c(0L, 0L, 0L, 0L, 0L, 0L, 1L, 
    0L, 0L, 0L, 390L, 541L, 1088L, 67L, 1L, 1L, 1599L, 83L, 2L, 
    128L, 0L, 0L, 0L, 0L, 0L, 0L, 0L, 0L, 0L, 1L, 6L, 7L, 8L, 
    0L, 0L, 0L, 55L, 3L, 0L, 0L), .Dim = c(10L, 4L), .Dimnames = structure(list(
        c("-1", "-2", "-3", "-4", "-5", "-6", "0", "1", "2", 
        NA), c("A", "C", "T", NA)), .Names = c("", "")), class = "table"), 
    LMmono04v2_SNP1 = structure(c(1429L, 181L, 5L, 2822L, 127L, 
    11L, 1L, 49L, 0L, 0L, 0L, 1L, 0L, 0L, 0L, 0L, 25L, 2L, 0L, 
    152L, 9L, 0L, 1L, 0L), .Dim = c(8L, 3L),