Result <-
list(AKMmono02_SNP1 = structure(c(620L, 334L, 73L, 2L, 3342L, 
104L, 132L, 8L, 12L, 2L, 0L, 125L, 0L, 0L), .Dim = c(7L, 2L), .Dimnames = structure(list(
    c("-1", "-2", "-3", "-4", "0", "1", NA), c("T", NA)), .Names = c("", 
"")), class = "table"), AKMmono03_SNP1 = structure(c(0L, 0L, 
0L, 0L, 0L, 1L, 0L, 0L, 0L, 2335L, 431L, 94L, 7L, 2L, 11389L, 
247L, 9L, 305L, 0L, 0L, 0L, 0L, 0L, 7L, 0L, 0L, 0L, 0L, 0L, 0L, 
0L, 0L, 4L, 0L, 0L, 0L, 0L, 0L, 1L, 0L, 0L, 0L, 0L, 0L, 0L, 131L, 
18L, 2L, 0L, 0L, 1131L, 15L, 1L, 0L), .Dim = c(9L, 6L), .Dimnames = structure(list(
    c("-1", "-2", "-3", "-4", "-5", "0", "1", "2", NA), c("-", 
    "A", "C", "G", "T", NA)), .Names = c("", "")), class = "table"), 
    AKMmono05_SNP1 = structure(c(1061L, 232L, 28L, 4L, 1L, 4451L, 
    190L, 4L, 168L, 0L, 0L, 0L, 0L, 0L, 3L, 0L, 0L, 0L, 0L, 0L, 
    0L, 0L, 0L, 1L, 0L, 0L, 0L, 0L, 0L, 0L, 0L, 0L, 1L, 0L, 0L, 
    0L, 54L, 6L, 1L, 0L, 0L, 469L, 25L, 2L, 0L), .Dim = c(9L, 
    5L), .Dimnames = structure(list(c("-1", "-2", "-3", "-4", 
    "-5", "0", "1", "2", NA), c("A", "C", "G", "T", NA)), .Names = c("", 
    "")), class = "table"), AKMmono11_SNP1 = structure(c(0L, 
    0L, 0L, 7L, 0L, 0L, 2L, 0L, 0L, 0L, 1L, 0L, 0L, 0L, 2589L, 
    1674L, 143L, 8240L, 173L, 6L, 564L, 298L, 76L, 5L, 1316L, 
    40L, 0L, 0L), .Dim = c(7L, 4L), .Dimnames = structure(list(
        c("-1", "-2", "-3", "0", "1", "2", NA), c("A", "G", "T", 
        NA)), .Names = c("", "")), class = "table"), AKMmono12_SNP1 = structure(c(1L, 
    0L, 0L, 0L, 1L, 0L, 0L, 0L, 0L, 2333L, 393L, 29L, 8L, 7796L, 
    194L, 17L, 2L, 204L, 2L, 0L, 0L, 0L, 1L, 0L, 0L, 0L, 0L, 
    0L, 0L, 0L, 0L, 2L, 1L, 0L, 0L, 0L, 47L, 13L, 1L, 1L, 622L, 
    3L, 0L, 0L, 0L), .Dim = c(9L, 5L), .Dimnames = structure(list(
        c("-1", "-2", "-3", "-4", "0", "1", "2", "3", NA), c("A", 
        "C", "G", "T", NA)), .Names = c("", "")), class = "table"), 
    AKMmono13_SNP1 = structure(c(756L, 446L, 35L, 3699L, 100L, 
    1L, 116L, 0L, 0L, 0L, 1L, 0L, 0L, 0L, 20L, 7L, 1L, 262L, 
    5L, 0L, 0L), .Dim = c(7L, 3L), .Dimnames = structure(list(
        c("-1", "-2", "-3", "0", "1", "2", NA), c("A", "G", NA
        )), .Names = c("", "")), class = "table"), AKMmono16_SNP1 = structure(c(1731L, 
    424L, 27L, 2L, 4590L, 111L, 2L, 161L, 0L, 0L, 0L, 0L, 1L, 
    0L, 0L, 0L, 1L, 0L, 0L, 0L, 0L, 0L, 0L, 0L, 0L, 0L, 0L, 0L, 
    3L, 0L, 0L, 0L, 37L, 8L, 0L, 0L, 332L, 5L, 0L, 0L), .Dim = c(8L, 
    5L), .Dimnames = structure(list(c("-1", "-2", "-3", "-4", 
    "0", "1", "2", NA), c("A", "C", "G", "T", NA)), .Names = c("", 
    "")), class = "table"), AKMmono22_SNP1 = structure(c(669L, 
    188L, 36L, 7L, 3026L, 171L, 13L, 1L, 300L, 0L, 0L, 0L, 0L, 
    2L, 0L, 0L, 0L, 0L, 0L, 0L, 0L, 0L, 1L, 0L, 0L, 0L, 0L, 37L, 
    8L, 0L, 0L, 349L, 12L, 1L, 0L, 0L), .Dim = c(9L, 4L), .Dimnames = structure(list(
        c("-1", "-2", "-3", "-4", "0", "1", "2", "3", NA), c("A", 
        "G", "T", NA)), .Names = c("", "")), class = "table"), 
    EJmono05_SNP1 = structure(c(0L, 0L, 0L, 0L, 2L, 0L, 0L, 0L, 
    1L, 0L, 0L, 0L, 2L, 0L, 0L, 0L, 0L, 0L, 0L, 0L, 1L, 0L, 0L, 
    0L, 1325L, 160L, 1L, 1L, 5888L, 123L, 3L, 138L, 26L, 2L, 
    0L, 0L, 273L, 4L, 0L, 0L), .Dim = c(8L, 5L), .Dimnames = structure(list(
        c("-1", "-2", "-3", "-4", "0", "1", "2", NA), c("A", 
        "C", "G", "T", NA)), .Names = c("", "")), class = "table"), 
    EJmono16_SNP1 = structure(c(831L, 62L, 1L, 2L, 9005L, 400L, 
    6L, 1L, 801L, 0L, 0L, 0L, 0L, 0L, 0L, 0L, 0L, 1L, 0L, 0L, 
    0L, 0L, 1L, 0L, 0L, 0L, 0L, 0L, 0L, 0L, 0L, 1L, 0L, 0L, 0L, 
    0L, 11L, 0L, 0L, 0L, 187L, 4L, 0L, 0L, 0L), .Dim = c(9L, 
    5L), .Dimnames = structure(list(c("-1", "-2", "-3", "-4", 
    "0", "1", "2", "3", NA), c("A", "C", "G", "T", NA)), .Names = c("", 
    "")), class = "table"), LMmono01_SNP1 = structure(c(465L, 
    69L, 1L, 2L, 1358L, 37L, 65L, 0L, 1L, 0L, 0L, 1L, 0L, 0L, 
    20L, 3L, 0L, 0L, 100L, 4L, 0L), .Dim = c(7L, 3L), .Dimnames = structure(list(
        c("-1", "-2", "-3", "-5", "0", "1", NA), c("A", "G", 
        NA)), .Names = c("", "")), class = "table"), LMmono03_SNP1 = structure(c(0L, 
    0L, 0L, 0L, 0L, 4L, 0L, 0L, 0L, 380L, 243L, 190L, 79L, 3L, 
    1276L, 55L, 1L, 77L, 15L, 8L, 3L, 1L, 0L, 199L, 2L, 0L, 0L
    ), .Dim = c(9L, 3L), .Dimnames = structure(list(c("-1", "-2", 
    "-3", "-4", "-5", "0", "1", "2", NA), c("A", "C", NA)), .Names = c("", 
    "")), class = "table"), LMmono09_SNP1 = structure(c(0L, 0L, 
    0L, 0L, 2L, 0L, 0L, 0L, 0L, 2490L, 659L, 48L, 7L, 7441L, 
    405L, 14L, 1L, 369L, 38L, 8L, 0L, 1L, 138L, 7L, 2L, 0L, 0L
    ), .Dim = c(9L, 3L), .Dimnames = structure(list(c("-1", "-2", 
    "-3", "-4", "0", "1", "2", "3", NA), c("C", "T", NA)), .Names = c("", 
    "")), class = "table"), LMmono12_SNP1 = structure(c(1034L, 
    185L, 24L, 1L, 3684L, 274L, 20L, 149L, 0L, 0L, 0L, 0L, 1L, 
    0L, 0L, 0L, 0L, 0L, 0L, 0L, 1L, 0L, 0L, 0L, 52L, 6L, 0L, 
    0L, 406L, 19L, 1L, 0L), .Dim = c(8L, 4L), .Dimnames = structure(list(
        c("-1", "-2", "-3", "-4", "0", "1", "2", NA), c("A", 
        "G", "T", NA)), .Names = c("", "")), class = "table"), 
    LMmono16_SNP1 = structure(c(1624L, 363L, 54L, 8L, 1L, 4522L, 
    579L, 51L, 6L, 1L, 315L, 0L, 0L, 0L, 0L, 0L, 1L, 1L, 0L, 
    0L, 0L, 0L, 0L, 0L, 0L, 0L, 0L, 1L, 0L, 0L, 0L, 0L, 0L, 72L, 
    11L, 4L, 0L, 0L, 734L, 35L, 6L, 0L, 0L, 0L), .Dim = c(11L, 
    4L), .Dimnames = structure(list(c("-1", "-2", "-3", "-4", 
    "-5", "0", "1", "2", "3", "4", NA), c("A", "G", "T", NA)), .Names = c("", 
    "")), class = "table"), MSJmono10_SNP1 = structure(c(0L, 
    0L, 0L, 2L, 0L, 0L, 0L, 1010L, 63L, 3L, 6404L, 246L, 10L, 
    70L, 1L, 0L, 0L, 0L, 1L, 0L, 0L, 21L, 2L, 0L, 450L, 15L, 
    1L, 0L), .Dim = c(7L, 4L), .Dimnames = structure(list(c("-1", 
    "-2", "-3", "0", "1", "2", NA), c("A", "C", "T", NA)), .Names = c("", 
    "")), class = "table"), MSJmono19ms1_SNP1 = structure(c(916L, 
    295L, 13L, 2L, 10543L, 328L, 14L, 644L, 1L, 0L, 0L, 0L, 27L, 
    0L, 0L, 2L, 0L, 0L, 0L, 0L, 2L, 1L, 0L, 0L, 0L, 0L, 0L, 0L, 
    8L, 1L, 0L, 1L, 86L, 20L, 1L, 0L, 1657L, 26L, 1L, 0L), .Dim = c(8L, 
    5L), .Dimnames = structure(list(c("-1", "-2", "-3", "-4", 
    "0", "1", "2", NA), c("A", "C", "G", "T", NA)), .Names = c("", 
    "")), class = "table"), MSJmono19ms2_SNP1 = structure(c(0L, 
    0L, 1L, 0L, 0L, 0L, 1579L, 85L, 10549L, 173L, 1L, 259L, 0L, 
    0L, 4L, 0L, 0L, 0L, 17L, 1L, 877L, 1L, 0L, 0L), .Dim = c(6L, 
    4L), .Dimnames = structure(list(c("-1", "-2", "0", "1", "2", 
    NA), c("A", "C", "T", NA)), .Names = c("", "")), class = "table"), 
    MSJmono36_SNP1 = structure(c(0L, 0L, 0L, 0L, 1L, 0L, 0L, 
    0L, 1883L, 335L, 15L, 1L, 9881L, 239L, 11L, 418L, 20L, 4L, 
    0L, 0L, 334L, 2L, 0L, 0L), .Dim = c(8L, 3L), .Dimnames = structure(list(
        c("-1", "-2", "-3", "-4", "0", "1", "2", NA), c("A", 
        "G", NA)), .Names = c("", "")), class = "table"), MSJmono44_SNP1 = structure(c(0L, 
    0L, 1L, 0L, 1L, 0L, 0L, 0L, 0L, 0L, 0L, 0L, 2L, 0L, 0L, 0L, 
    0L, 0L, 0L, 0L, 1L, 0L, 0L, 0L, 2072L, 256L, 5L, 3L, 8241L, 
    187L, 4L, 107L, 33L, 3L, 0L, 0L, 316L, 0L, 0L, 0L), .Dim = c(8L, 
    5L), .Dimnames = structure(list(c("-1", "-2", "-3", "-5", 
    "0", "1", "2", NA), c("-", "A", "C", "T", NA)), .Names = c("", 
    "")), class = "table"), MSJmono46_SNP1 = structure(c(480L, 
    284L, 177L, 16L, 1781L, 132L, 4L, 102L, 0L, 0L, 0L, 0L, 1L, 
    0L, 0L, 0L, 62L, 18L, 10L, 0L, 447L, 21L, 0L, 0L), .Dim = c(8L, 
    3L), .Dimnames = structure(list(c("-1", "-2", "-3", "-4", 
    "0", "1", "2", NA), c("C", "T", NA)), .Names = c("", "")), class = "table"), 
    LMmono04v2_SNP1 = structure(c(0L, 0L, 0L, 0L, 1L, 0L, 0L, 
    0L, 91L, 63L, 5L, 401L, 17L, 2L, 0L, 6L, 130L, 17L, 15L, 
    340L, 24L, 2L, 1L, 5L, 6L, 0L, 0L, 51L, 3L, 0L, 0L, 0L), .Dim = c(8L, 
    4L), .Dimnames = structure(list(c("-1", "-2", "-3", "0", 
    "1", "2", "3", NA), c("A", "C", "T", NA)), .Names = c("", 
    "")), class = "table"),