Result <-
list(AKMmono02_SNP1 = structure(c(0L, 0L, 0L, 1L, 0L, 0L, 0L, 
336L, 10L, 1L, 3375L, 67L, 5L, 62L, 1L, 1L, 0L, 59L, 1L, 0L, 
0L), .Dim = c(7L, 3L), .Dimnames = structure(list(c("-1", "-2", 
"-3", "0", "1", "2", NA), c("C", "T", NA)), .Names = c("", ""
)), class = "table"), AKMmono03_SNP1 = structure(c(723L, 95L, 
23L, 2L, 6530L, 126L, 1L, 77L, 0L, 0L, 0L, 0L, 1L, 0L, 0L, 0L, 
44L, 4L, 1L, 0L, 501L, 6L, 0L, 0L), .Dim = c(8L, 3L), .Dimnames = structure(list(
    c("-1", "-2", "-3", "-4", "0", "1", "2", NA), c("A", "G", 
    NA)), .Names = c("", "")), class = "table"), AKMmono05_SNP1 = structure(c(636L, 
87L, 9L, 1L, 1L, 4124L, 149L, 4L, 67L, 0L, 0L, 0L, 0L, 0L, 2L, 
0L, 0L, 0L, 0L, 0L, 0L, 0L, 0L, 1L, 0L, 0L, 0L, 0L, 0L, 0L, 0L, 
0L, 0L, 0L, 0L, 1L, 36L, 2L, 0L, 0L, 0L, 427L, 18L, 2L, 0L), .Dim = c(9L, 
5L), .Dimnames = structure(list(c("-1", "-2", "-3", "-4", "-5", 
"0", "1", "2", NA), c("A", "C", "G", "T", NA)), .Names = c("", 
"")), class = "table"), AKMmono11_SNP1 = structure(c(0L, 0L, 
0L, 0L, 2L, 1L, 0L, 0L, 931L, 49L, 2L, 1L, 7991L, 174L, 2L, 161L, 
162L, 1L, 0L, 0L, 1558L, 50L, 1L, 0L), .Dim = c(8L, 3L), .Dimnames = structure(list(
    c("-1", "-2", "-3", "-4", "0", "1", "2", NA), c("A", "T", 
    NA)), .Names = c("", "")), class = "table"), AKMmono12_SNP1 = structure(c(0L, 
0L, 0L, 1L, 0L, 0L, 0L, 0L, 0L, 0L, 2L, 0L, 0L, 0L, 773L, 75L, 
2L, 4992L, 116L, 4L, 46L, 0L, 0L, 0L, 1L, 0L, 0L, 0L, 1L, 0L, 
0L, 2L, 0L, 0L, 0L, 18L, 0L, 0L, 431L, 1L, 0L, 0L), .Dim = 7:6, .Dimnames = structure(list(
    c("-1", "-2", "-3", "0", "1", "2", NA), c("-", "A", "C", 
    "G", "T", NA)), .Names = c("", "")), class = "table"), AKMmono13_SNP1 = structure(c(282L, 
14L, 4835L, 127L, 3L, 32L, 0L, 0L, 0L, 1L, 0L, 0L, 0L, 0L, 1L, 
0L, 0L, 0L, 5L, 0L, 307L, 3L, 0L, 0L), .Dim = c(6L, 4L), .Dimnames = structure(list(
    c("-1", "-2", "0", "1", "2", NA), c("A", "G", "T", NA)), .Names = c("", 
"")), class = "table"), AKMmono16_SNP1 = structure(c(327L, 14L, 
1L, 1L, 3304L, 60L, 1L, 17L, 0L, 0L, 0L, 0L, 1L, 0L, 0L, 0L, 
0L, 0L, 0L, 0L, 1L, 0L, 0L, 0L, 8L, 0L, 0L, 0L, 197L, 2L, 0L, 
0L), .Dim = c(8L, 4L), .Dimnames = structure(list(c("-1", "-2", 
"-3", "-4", "0", "1", "2", NA), c("A", "C", "T", NA)), .Names = c("", 
"")), class = "table"), AKMmono22_SNP1 = structure(c(495L, 90L, 
7L, 3370L, 206L, 12L, 142L, 0L, 0L, 0L, 1L, 0L, 0L, 0L, 0L, 0L, 
0L, 1L, 0L, 0L, 0L, 17L, 5L, 0L, 324L, 5L, 1L, 0L), .Dim = c(7L, 
4L), .Dimnames = structure(list(c("-1", "-2", "-3", "0", "1", 
"2", NA), c("A", "C", "T", NA)), .Names = c("", "")), class = "table"), 
    EJmono05_SNP1 = structure(c(0L, 0L, 0L, 1L, 0L, 0L, 0L, 446L, 
    34L, 3L, 4058L, 79L, 2L, 21L, 6L, 1L, 0L, 163L, 4L, 0L, 0L
    ), .Dim = c(7L, 3L), .Dimnames = structure(list(c("-1", "-2", 
    "-3", "0", "1", "2", NA), c("A", "T", NA)), .Names = c("", 
    "")), class = "table"), EJmono16_SNP1 = structure(c(367L, 
    37L, 5770L, 307L, 15L, 214L, 0L, 0L, 1L, 0L, 0L, 0L, 3L, 
    1L, 64L, 3L, 0L, 0L), .Dim = c(6L, 3L), .Dimnames = structure(list(
        c("-1", "-2", "0", "1", "2", NA), c("A", "T", NA)), .Names = c("", 
    "")), class = "table"), LMmono01_SNP1 = structure(c(417L, 
    12L, 3902L, 60L, 20L, 0L, 0L, 1L, 0L, 0L, 17L, 1L, 285L, 
    2L, 0L), .Dim = c(5L, 3L), .Dimnames = structure(list(c("-1", 
    "-2", "0", "1", NA), c("A", "T", NA)), .Names = c("", "")), class = "table"), 
    LMmono03_SNP1 = structure(c(419L, 38L, 7L, 10L, 1L, 1730L, 
    75L, 78L, 0L, 0L, 0L, 0L, 0L, 1L, 0L, 0L, 8L, 2L, 0L, 1L, 
    0L, 115L, 1L, 0L), .Dim = c(8L, 3L), .Dimnames = structure(list(
        c("-1", "-2", "-3", "-4", "-5", "0", "1", NA), c("C", 
        "T", NA)), .Names = c("", "")), class = "table"), LMmono09_SNP1 = structure(c(0L, 
    0L, 0L, 0L, 1L, 0L, 0L, 0L, 0L, 0L, 0L, 0L, 1L, 0L, 0L, 0L, 
    0L, 0L, 0L, 0L, 1L, 0L, 0L, 0L, 1657L, 240L, 23L, 2L, 7584L, 
    405L, 23L, 207L, 25L, 3L, 0L, 0L, 124L, 8L, 0L, 0L), .Dim = c(8L, 
    5L), .Dimnames = structure(list(c("-1", "-2", "-3", "-4", 
    "0", "1", "2", NA), c("A", "C", "G", "T", NA)), .Names = c("", 
    "")), class = "table"), LMmono12_SNP1 = structure(c(468L, 
    40L, 1L, 2948L, 199L, 12L, 103L, 7L, 0L, 1L, 100L, 1L, 0L, 
    0L), .Dim = c(7L, 2L), .Dimnames = structure(list(c("-1", 
    "-2", "-3", "0", "1", "2", NA), c("A", NA)), .Names = c("", 
    "")), class = "table"), LMmono16_SNP1 = structure(c(13L, 
    1L, 1L, 1L, 3456L, 9L, 930L, 4L, 283L, 19L, 1L, 1L, 0L, 278L, 
    0L, 0L, 0L, 0L, 1L, 0L, 0L, 0L, 0L, 0L, 0L, 0L, 0L, 0L, 1L, 
    0L, 0L, 0L, 637L, 1L, 40L, 2L, 28L, 3L, 0L, 0L, 1L, 0L), .Dim = c(14L, 
    3L), .Dimnames = structure(list(c("-1", "-2", "-3", "-6", 
    "0", "1", "3", "4", "5", "6", "7", "8", "9", NA), c("A", 
    "G", NA)), .Names = c("", "")), class = "table"), MSJmono10_SNP1 = structure(c(0L, 
    0L, 2L, 0L, 0L, 0L, 341L, 17L, 4544L, 171L, 6L, 17L, 12L, 
    0L, 264L, 16L, 1L, 0L), .Dim = c(6L, 3L), .Dimnames = structure(list(
        c("-1", "-2", "0", "1", "2", NA), c("A", "C", NA)), .Names = c("", 
    "")), class = "table"), MSJmono19ms1_SNP1 = structure(c(441L, 
    22L, 5L, 1L, 7549L, 184L, 3L, 164L, 0L, 0L, 0L, 0L, 12L, 
    0L, 0L, 0L, 0L, 0L, 0L, 0L, 1L, 0L, 0L, 0L, 1L, 0L, 0L, 0L, 
    4L, 0L, 0L, 0L, 43L, 3L, 0L, 0L, 781L, 12L, 1L, 0L), .Dim = c(8L, 
    5L), .Dimnames = structure(list(c("-1", "-2", "-3", "-4", 
    "0", "1", "2", NA), c("A", "C", "G", "T", NA)), .Names = c("", 
    "")), class = "table"), MSJmono19ms2_SNP1 = structure(c(0L, 
    0L, 0L, 1L, 0L, 0L, 0L, 370L, 2L, 1L, 7590L, 80L, 1L, 79L, 
    2L, 0L, 0L, 578L, 1L, 0L, 0L), .Dim = c(7L, 3L), .Dimnames = structure(list(
        c("-1", "-2", "-3", "0", "1", "2", NA), c("A", "C", NA
        )), .Names = c("", "")), class = "table"), MSJmono36_SNP1 = structure(c(0L, 
    0L, 1L, 1L, 0L, 0L, 365L, 11L, 6365L, 137L, 2L, 79L, 2L, 
    2L, 197L, 0L, 0L, 0L), .Dim = c(6L, 3L), .Dimnames = structure(list(
        c("-1", "-2", "0", "1", "2", NA), c("A", "G", NA)), .Names = c("", 
    "")), class = "table"), MSJmono44_SNP1 = structure(c(181L, 
    9L, 3370L, 49L, 1L, 33L, 4L, 0L, 53L, 1L, 0L, 0L), .Dim = c(6L, 
    2L), .Dimnames = structure(list(c("-1", "-2", "0", "1", "2", 
    NA), c("T", NA)), .Names = c("", "")), class = "table"), 
    MSJmono46_SNP1 = structure(c(271L, 28L, 1L, 1148L, 77L, 2L, 
    41L, 7L, 0L, 0L, 44L, 0L, 0L, 0L), .Dim = c(7L, 2L), .Dimnames = structure(list(
        c("-1", "-2", "-3", "0", "1", "2", NA), c("C", NA)), .Names = c("", 
    "")), class = "table"), LMmono04v2_SNP1 = structure(c(236L, 
    16L, 2166L, 112L, 7L, 16L, 3L, 0L, 112L, 1L, 0L, 0L), .Dim = c(6L, 
    2L), .Dimnames = structure(list(c("-1", "-2", "0", "1", "2", 
    NA), c("C", NA)), .Names = c("", "")), class = "table"), 
    AKMmono01v2_SNP1 = structure(c(0L, 0L, 0L, 1L, 0L, 0L, 0L, 
    277L, 16L, 2L, 3526L, 56L, 1L, 16L, 5L, 1L, 0L, 142L, 0L, 
    0L, 0L), .Dim = c(7L, 3L), .Dimnames = structure(list(c("-1", 
    "-2", "-3", "0", "1", "2", NA), c("C", "T", NA)), .Names = c("", 
    "")), class = "table"), AKMmono10v2_SNP1 = structure(c(23L, 
    1L, 668L, 13L, 0L, 4L, 38L, 0L, 691L, 10L, 1L, 0L, 0L, 0L, 
    2L, 0L, 0L, 0L, 2L, 0L, 53L, 0L, 0L, 0L), .Dim = c(6L, 4L
    ), .Dimnames = structure(list(c("-1", "-2", "0", "1", "2", 
    NA), c("A", "G", "T", NA)), .Names = c("", "")), class = "table"), 
    AKMmono17v2_SNP1 = structure(c(21L, 2L, 526L, 15L, 2L, 0L, 
    0L, 14L, 0L, 0L, 0L, 0L, 10L, 0L, 0L), .Dim = c(5L, 3L), .Dimnames = structure(list(
        c("-1", "-2", "0", "1", NA), c("A", "C", NA)), .Names = c("", 
    "")), class = "table"), EJmono13v2_SNP1 = structure(c(60L, 
    1L, 901L, 13L, 1L, 4L, 51L, 2L, 623L, 24L, 0L, 4L, 1L, 0L, 
    40L, 0L, 0L, 0L), .Dim = c(6L, 3L), .Dimnames = structure(list(
        c("-1", "-2", "0", "1", "2", NA), c("A", "G", NA)), .Names = c("", 
    "")), class = "table"), EJmono21v2_SNP1 = structure(c(49L, 
    1L, 279L, 19L, 0L, 3L, 32L, 1L, 269L, 3L, 1L, 1L, 0L, 0L, 
    20L, 2L, 0L, 0L), .Dim = c(6L, 3L),