Result <-
list(AKMmono02_SNP1 = structure(c(0L, 0L, 0L, 1L, 0L, 0L, 384L, 
21L, 1L, 4176L, 92L, 80L, 3L, 0L, 0L, 69L, 2L, 0L), .Dim = c(6L, 
3L), .Dimnames = structure(list(c("-1", "-2", "-3", "0", "1", 
NA), c("A", "T", NA)), .Names = c("", "")), class = "table"), 
    AKMmono03_SNP1 = structure(c(0L, 0L, 0L, 0L, 1L, 0L, 0L, 
    0L, 1319L, 249L, 47L, 13L, 11637L, 185L, 2L, 132L, 0L, 0L, 
    0L, 0L, 2L, 0L, 0L, 0L, 0L, 0L, 0L, 0L, 1L, 0L, 0L, 0L, 0L, 
    0L, 0L, 0L, 1L, 0L, 0L, 0L, 61L, 8L, 0L, 0L, 899L, 9L, 0L, 
    0L), .Dim = c(8L, 6L), .Dimnames = structure(list(c("-1", 
    "-2", "-3", "-4", "0", "1", "2", NA), c("-", "A", "C", "G", 
    "T", NA)), .Names = c("", "")), class = "table"), AKMmono05_SNP1 = structure(c(1101L, 
    160L, 22L, 9L, 7050L, 285L, 3L, 111L, 0L, 0L, 0L, 0L, 4L, 
    0L, 0L, 1L, 1L, 0L, 0L, 0L, 3L, 0L, 0L, 0L, 0L, 0L, 0L, 0L, 
    1L, 0L, 0L, 0L, 49L, 5L, 1L, 0L, 665L, 21L, 0L, 0L), .Dim = c(8L, 
    5L), .Dimnames = structure(list(c("-1", "-2", "-3", "-4", 
    "0", "1", "2", NA), c("A", "C", "G", "T", NA)), .Names = c("", 
    "")), class = "table"), AKMmono11_SNP1 = structure(c(0L, 
    0L, 0L, 3L, 0L, 0L, 1L, 0L, 0L, 0L, 1L, 0L, 0L, 0L, 1071L, 
    74L, 2L, 9462L, 143L, 5L, 157L, 173L, 5L, 0L, 1811L, 47L, 
    1L, 0L), .Dim = c(7L, 4L), .Dimnames = structure(list(c("-1", 
    "-2", "-3", "0", "1", "2", NA), c("A", "C", "T", NA)), .Names = c("", 
    "")), class = "table"), AKMmono12_SNP1 = structure(c(0L, 
    0L, 0L, 2L, 0L, 0L, 0L, 1150L, 71L, 7L, 7591L, 184L, 2L, 
    54L, 32L, 0L, 0L, 634L, 10L, 0L, 0L), .Dim = c(7L, 3L), .Dimnames = structure(list(
        c("-1", "-2", "-3", "0", "1", "2", NA), c("A", "C", NA
        )), .Names = c("", "")), class = "table"), AKMmono13_SNP1 = structure(c(448L, 
    23L, 2L, 7499L, 175L, 7L, 47L, 0L, 0L, 0L, 1L, 0L, 0L, 0L, 
    17L, 1L, 0L, 469L, 6L, 0L, 0L), .Dim = c(7L, 3L), .Dimnames = structure(list(
        c("-1", "-2", "-3", "0", "1", "2", NA), c("A", "G", NA
        )), .Names = c("", "")), class = "table"), AKMmono16_SNP1 = structure(c(427L, 
    29L, 5L, 4425L, 70L, 27L, 0L, 0L, 0L, 2L, 0L, 0L, 0L, 0L, 
    0L, 3L, 0L, 0L, 8L, 1L, 0L, 252L, 5L, 0L), .Dim = c(6L, 4L
    ), .Dimnames = structure(list(c("-1", "-2", "-3", "0", "1", 
    NA), c("A", "G", "T", NA)), .Names = c("", "")), class = "table"), 
    AKMmono22_SNP1 = structure(c(892L, 141L, 22L, 6143L, 319L, 
    14L, 1L, 200L, 1L, 0L, 0L, 0L, 0L, 0L, 0L, 0L, 33L, 4L, 1L, 
    562L, 9L, 1L, 0L, 0L), .Dim = c(8L, 3L), .Dimnames = structure(list(
        c("-1", "-2", "-3", "0", "1", "2", "3", NA), c("A", "G", 
        NA)), .Names = c("", "")), class = "table"), EJmono05_SNP1 = structure(c(0L, 
    0L, 0L, 2L, 0L, 0L, 612L, 57L, 2L, 5701L, 81L, 41L, 10L, 
    2L, 0L, 192L, 2L, 0L), .Dim = c(6L, 3L), .Dimnames = structure(list(
        c("-1", "-2", "-3", "0", "1", NA), c("G", "T", NA)), .Names = c("", 
    "")), class = "table"), EJmono16_SNP1 = structure(c(571L, 
    48L, 2L, 8932L, 440L, 16L, 351L, 0L, 0L, 0L, 1L, 0L, 0L, 
    0L, 4L, 1L, 0L, 102L, 2L, 0L, 0L), .Dim = c(7L, 3L), .Dimnames = structure(list(
        c("-1", "-2", "-3", "0", "1", "2", NA), c("A", "T", NA
        )), .Names = c("", "")), class = "table"), LMmono01_SNP1 = structure(c(655L, 
    44L, 6041L, 95L, 1L, 6L, 36L, 0L, 0L, 3L, 0L, 0L, 0L, 0L, 
    0L, 0L, 2L, 0L, 0L, 0L, 0L, 28L, 1L, 451L, 3L, 0L, 0L, 0L
    ), .Dim = c(7L, 4L), .Dimnames = structure(list(c("-1", "-2", 
    "0", "1", "2", "9", NA), c("A", "G", "T", NA)), .Names = c("", 
    "")), class = "table"), LMmono03_SNP1 = structure(c(1L, 0L, 
    0L, 0L, 0L, 0L, 0L, 658L, 111L, 13L, 1L, 3234L, 103L, 122L, 
    10L, 2L, 3L, 0L, 176L, 3L, 0L), .Dim = c(7L, 3L), .Dimnames = structure(list(
        c("-1", "-2", "-3", "-4", "0", "1", NA), c("A", "C", 
        NA)), .Names = c("", "")), class = "table"), LMmono09_SNP1 = structure(c(0L, 
    0L, 0L, 0L, 0L, 1L, 0L, 0L, 0L, 1940L, 231L, 16L, 2L, 2L, 
    8362L, 374L, 17L, 207L, 32L, 2L, 0L, 0L, 0L, 122L, 2L, 0L, 
    0L), .Dim = c(9L, 3L), .Dimnames = structure(list(c("-1", 
    "-2", "-3", "-4", "-5", "0", "1", "2", NA), c("A", "T", NA
    )), .Names = c("", "")), class = "table"), LMmono12_SNP1 = structure(c(678L, 
    37L, 18L, 3872L, 209L, 14L, 128L, 5L, 0L, 0L, 141L, 6L, 0L, 
    0L), .Dim = c(7L, 2L), .Dimnames = structure(list(c("-1", 
    "-2", "-4", "0", "1", "2", NA), c("A", NA)), .Names = c("", 
    "")), class = "table"), LMmono16_SNP1 = structure(c(14L, 
    1L, 5189L, 19L, 1136L, 5L, 411L, 27L, 1L, 369L, 0L, 0L, 0L, 
    0L, 0L, 0L, 0L, 0L, 0L, 1L, 0L, 0L, 920L, 1L, 68L, 0L, 44L, 
    1L, 0L, 0L), .Dim = c(10L, 3L), .Dimnames = structure(list(
        c("-1", "-2", "0", "1", "3", "4", "5", "6", "7", NA), 
        c("A", "T", NA)), .Names = c("", "")), class = "table"), 
    MSJmono10_SNP1 = structure(c(0L, 0L, 0L, 1L, 0L, 0L, 0L, 
    302L, 11L, 1L, 4993L, 134L, 4L, 18L, 0L, 0L, 0L, 2L, 0L, 
    0L, 0L, 7L, 0L, 0L, 267L, 7L, 1L, 0L), .Dim = c(7L, 4L), .Dimnames = structure(list(
        c("-1", "-2", "-3", "0", "1", "2", NA), c("A", "C", "T", 
        NA)), .Names = c("", "")), class = "table"), MSJmono19ms1_SNP1 = structure(c(4L, 
    0L, 0L, 0L, 0L, 0L, 0L, 0L, 528L, 34L, 17L, 9498L, 224L, 
    11L, 4L, 207L, 0L, 0L, 0L, 8L, 0L, 0L, 0L, 1L, 0L, 0L, 0L, 
    3L, 0L, 0L, 0L, 0L, 0L, 0L, 0L, 2L, 1L, 0L, 0L, 0L, 47L, 
    3L, 0L, 1012L, 25L, 0L, 0L, 0L), .Dim = c(8L, 6L), .Dimnames = structure(list(
        c("-1", "-2", "-3", "0", "1", "2", "5", NA), c("-", "A", 
        "C", "G", "T", NA)), .Names = c("", "")), class = "table"), 
    MSJmono19ms2_SNP1 = structure(c(0L, 0L, 0L, 1L, 0L, 0L, 0L, 
    458L, 13L, 1L, 9668L, 88L, 1L, 87L, 0L, 0L, 0L, 1L, 0L, 0L, 
    0L, 1L, 0L, 0L, 691L, 0L, 0L, 0L), .Dim = c(7L, 4L), .Dimnames = structure(list(
        c("-1", "-2", "-3", "0", "1", "2", NA), c("A", "C", "T", 
        NA)), .Names = c("", "")), class = "table"), MSJmono36_SNP1 = structure(c(0L, 
    0L, 0L, 3L, 0L, 0L, 0L, 0L, 0L, 646L, 30L, 1L, 10223L, 249L, 
    3L, 4L, 1L, 140L, 0L, 0L, 0L, 1L, 0L, 0L, 0L, 0L, 0L, 5L, 
    0L, 0L, 254L, 2L, 0L, 0L, 0L, 0L), .Dim = c(9L, 4L), .Dimnames = structure(list(
        c("-1", "-2", "-3", "0", "1", "13", "2", "3", NA), c("A", 
        "G", "T", NA)), .Names = c("", "")), class = "table"), 
    MSJmono44_SNP1 = structure(c(0L, 0L, 0L, 0L, 0L, 10L, 0L, 
    0L, 0L, 0L, 4L, 1L, 0L, 0L, 0L, 0L, 0L, 0L, 0L, 0L, 0L, 3L, 
    0L, 0L, 0L, 0L, 0L, 0L, 0L, 0L, 308L, 16L, 6L, 1L, 1L, 5149L, 
    96L, 1L, 9L, 29L, 2L, 1L, 1L, 0L, 0L, 72L, 2L, 0L, 0L, 0L
    ), .Dim = c(10L, 5L), .Dimnames = structure(list(c("-1", 
    "-2", "-3", "-4", "-5", "0", "1", "2", "5", NA), c("-", "A", 
    "C", "T", NA)), .Names = c("", "")), class = "table"), MSJmono46_SNP1 = structure(c(345L, 
    37L, 1L, 1524L, 98L, 5L, 37L, 5L, 3L, 0L, 38L, 1L, 0L, 0L
    ), .Dim = c(7L, 2L), .Dimnames = structure(list(c("-1", "-2", 
    "-3", "0", "1", "2", NA), c("C", NA)), .Names = c("", "")), class = "table"), 
    LMmono04v2_SNP1 = structure(c(283L, 19L, 1L, 2191L, 90L, 
    1L, 16L, 8L, 0L, 0L, 107L, 1L, 0L, 0L), .Dim = c(7L, 2L), .Dimnames = structure(list(
        c("-1", "-2", "-3", "0", "1", "2", NA), c("C", NA)), .Names = c("", 
    "")), class = "table"), AKMmono01v2_SNP1 = structure(c(1959L, 
    161L, 6L, 1L, 28L, 0L, 0L, 86L, 155L, 6L, 3L, 0L, 2071L, 
    28L, 1L, 23L, 54L, 4L, 1L, 0L, 104L, 0L, 0L, 0L), .Dim = c(8L, 
    3L), .Dimnames = structure(list(c("-1", "-2", "-3", "-4", 
    "0", "1", "2", NA), c("C", "T", NA)), .Names = c("", "")), class = "table"), 
    AKMmono10v2_SNP1 = structure(c(93L, 1964L, 12L, 8L, 3L, 91L, 
    1L, 0L), .Dim = c(4L, 2L), .Dimnames = structure(list(c("-1", 
    "0", "1", NA), c("A", NA)), .Names = c("", "")), class = "table"), 
    AKMmono17v2_SNP1 = structure(c(17L, 0L, 280L, 2L, 2L, 44L, 
    1L, 446L, 7L, 7L, 0L, 0L, 23L, 0L, 0L), .Dim = c(5L, 3L), .Dimnames = structure(list(
        c("-1", "-2", "0", "1", NA), c("A", "C", NA)), .Names = c("", 
    "")), class = "table"),