Result <-
list(AKMmono02_SNP1 = structure(c(0L, 0L, 0L, 1L, 0L, 0L, 0L, 
407L, 15L, 1L, 4222L, 84L, 2L, 98L, 4L, 2L, 0L, 81L, 2L, 0L, 
0L), .Dim = c(7L, 3L), .Dimnames = structure(list(c("-1", "-2", 
"-4", "0", "1", "2", NA), c("G", "T", NA)), .Names = c("", ""
)), class = "table"), AKMmono03_SNP1 = structure(c(1218L, 221L, 
25L, 13L, 10354L, 163L, 1L, 138L, 1L, 0L, 0L, 0L, 0L, 0L, 0L, 
0L, 0L, 0L, 0L, 0L, 1L, 0L, 0L, 0L, 65L, 7L, 0L, 0L, 842L, 8L, 
0L, 0L), .Dim = c(8L, 4L), .Dimnames = structure(list(c("-1", 
"-2", "-3", "-4", "0", "1", "2", NA), c("A", "C", "G", NA)), .Names = c("", 
"")), class = "table"), AKMmono05_SNP1 = structure(c(1207L, 170L, 
27L, 6L, 7534L, 285L, 13L, 125L, 0L, 0L, 0L, 0L, 2L, 0L, 0L, 
0L, 2L, 0L, 0L, 0L, 2L, 0L, 0L, 0L, 1L, 0L, 0L, 0L, 0L, 0L, 0L, 
0L, 63L, 3L, 0L, 0L, 758L, 24L, 1L, 0L), .Dim = c(8L, 5L), .Dimnames = structure(list(
    c("-1", "-2", "-3", "-4", "0", "1", "2", NA), c("A", "C", 
    "G", "T", NA)), .Names = c("", "")), class = "table"), AKMmono11_SNP1 = structure(c(0L, 
0L, 0L, 2L, 0L, 0L, 0L, 0L, 0L, 0L, 1L, 0L, 0L, 0L, 0L, 0L, 0L, 
1L, 0L, 0L, 0L, 1207L, 73L, 10L, 10018L, 174L, 1L, 172L, 189L, 
3L, 0L, 1960L, 44L, 3L, 0L), .Dim = c(7L, 5L), .Dimnames = structure(list(
    c("-1", "-2", "-3", "0", "1", "2", NA), c("A", "C", "G", 
    "T", NA)), .Names = c("", "")), class = "table"), AKMmono12_SNP1 = structure(c(0L, 
0L, 0L, 2L, 0L, 0L, 0L, 1235L, 83L, 3L, 7743L, 202L, 3L, 58L, 
0L, 0L, 0L, 2L, 0L, 0L, 0L, 0L, 0L, 0L, 1L, 0L, 0L, 0L, 34L, 
2L, 0L, 725L, 3L, 0L, 0L), .Dim = c(7L, 5L), .Dimnames = structure(list(
    c("-1", "-2", "-3", "0", "1", "2", NA), c("A", "C", "G", 
    "T", NA)), .Names = c("", "")), class = "table"), AKMmono13_SNP1 = structure(c(436L, 
16L, 3L, 7856L, 212L, 4L, 1L, 59L, 0L, 0L, 0L, 1L, 0L, 0L, 0L, 
0L, 0L, 0L, 0L, 1L, 0L, 0L, 0L, 0L, 0L, 0L, 0L, 2L, 0L, 0L, 0L, 
0L, 17L, 0L, 0L, 519L, 6L, 1L, 0L, 0L), .Dim = c(8L, 5L), .Dimnames = structure(list(
    c("-1", "-2", "-3", "0", "1", "2", "3", NA), c("A", "C", 
    "G", "T", NA)), .Names = c("", "")), class = "table"), AKMmono16_SNP1 = structure(c(432L, 
32L, 2L, 4289L, 82L, 1L, 19L, 0L, 0L, 0L, 3L, 1L, 0L, 0L, 10L, 
2L, 1L, 271L, 7L, 0L, 0L), .Dim = c(7L, 3L), .Dimnames = structure(list(
    c("-1", "-2", "-3", "0", "1", "2", NA), c("A", "T", NA)), .Names = c("", 
"")), class = "table"), AKMmono22_SNP1 = structure(c(813L, 162L, 
13L, 11L, 2L, 1L, 5497L, 292L, 20L, 2L, 229L, 15L, 2L, 0L, 0L, 
0L, 0L, 518L, 10L, 1L, 0L, 0L), .Dim = c(11L, 2L), .Dimnames = structure(list(
    c("-1", "-2", "-3", "-4", "-5", "-6", "0", "1", "2", "3", 
    NA), c("A", NA)), .Names = c("", "")), class = "table"), 
    EJmono05_SNP1 = structure(c(0L, 0L, 0L, 2L, 0L, 0L, 530L, 
    48L, 1L, 4706L, 86L, 34L, 9L, 1L, 0L, 167L, 1L, 0L), .Dim = c(6L, 
    3L), .Dimnames = structure(list(c("-1", "-2", "-3", "0", 
    "1", NA), c("G", "T", NA)), .Names = c("", "")), class = "table"), 
    EJmono16_SNP1 = structure(c(589L, 60L, 1L, 8930L, 421L, 15L, 
    1L, 317L, 6L, 1L, 0L, 101L, 3L, 0L, 1L, 0L), .Dim = c(8L, 
    2L), .Dimnames = structure(list(c("-1", "-2", "-4", "0", 
    "1", "2", "3", NA), c("A", NA)), .Names = c("", "")), class = "table"), 
    LMmono01_SNP1 = structure(c(716L, 40L, 6051L, 91L, 43L, 1L, 
    0L, 2L, 0L, 0L, 1L, 0L, 3L, 0L, 0L, 29L, 1L, 423L, 8L, 0L
    ), .Dim = 5:4, .Dimnames = structure(list(c("-1", "-2", "0", 
    "1", NA), c("A", "G", "T", NA)), .Names = c("", "")), class = "table"), 
    LMmono03_SNP1 = structure(c(0L, 0L, 0L, 0L, 0L, 2L, 0L, 0L, 
    0L, 605L, 79L, 11L, 1L, 1L, 2607L, 77L, 7L, 115L, 0L, 0L, 
    0L, 0L, 0L, 2L, 0L, 0L, 0L, 9L, 0L, 0L, 0L, 0L, 197L, 1L, 
    0L, 0L), .Dim = c(9L, 4L), .Dimnames = structure(list(c("-1", 
    "-2", "-3", "-4", "-6", "0", "1", "2", NA), c("A", "C", "T", 
    NA)), .Names = c("", "")), class = "table"), LMmono09_SNP1 = structure(c(0L, 
    0L, 0L, 0L, 1L, 0L, 0L, 0L, 0L, 0L, 0L, 0L, 0L, 1L, 0L, 0L, 
    0L, 0L, 1645L, 200L, 15L, 4L, 9536L, 322L, 13L, 1L, 240L, 
    19L, 5L, 0L, 0L, 146L, 3L, 0L, 0L, 0L), .Dim = c(9L, 4L), .Dimnames = structure(list(
        c("-1", "-2", "-3", "-4", "0", "1", "2", "3", NA), c("C", 
        "G", "T", NA)), .Names = c("", "")), class = "table"), 
    LMmono12_SNP1 = structure(c(630L, 51L, 3L, 1L, 3625L, 243L, 
    7L, 8L, 129L, 0L, 0L, 0L, 0L, 1L, 0L, 0L, 0L, 0L, 9L, 1L, 
    0L, 0L, 101L, 2L, 0L, 0L, 0L), .Dim = c(9L, 3L), .Dimnames = structure(list(
        c("-1", "-2", "-3", "-4", "0", "1", "2", "5", NA), c("A", 
        "G", NA)), .Names = c("", "")), class = "table"), LMmono16_SNP1 = structure(c(1277L, 
    121L, 9L, 5190L, 385L, 24L, 1L, 128L, 1L, 0L, 0L, 2L, 0L, 
    0L, 0L, 0L, 60L, 5L, 0L, 778L, 24L, 0L, 0L, 0L), .Dim = c(8L, 
    3L), .Dimnames = structure(list(c("-1", "-2", "-3", "0", 
    "1", "2", "3", NA), c("A", "T", NA)), .Names = c("", "")), class = "table"), 
    MSJmono10_SNP1 = structure(c(0L, 0L, 7L, 0L, 0L, 0L, 358L, 
    16L, 5019L, 155L, 5L, 21L, 13L, 0L, 276L, 7L, 0L, 0L), .Dim = c(6L, 
    3L), .Dimnames = structure(list(c("-1", "-2", "0", "1", "2", 
    NA), c("A", "C", NA)), .Names = c("", "")), class = "table"), 
    MSJmono19ms1_SNP1 = structure(c(631L, 45L, 8L, 2L, 11909L, 
    333L, 5L, 277L, 0L, 0L, 0L, 0L, 18L, 0L, 0L, 0L, 0L, 0L, 
    0L, 0L, 3L, 0L, 0L, 0L, 2L, 1L, 0L, 0L, 11L, 0L, 0L, 1L, 
    76L, 5L, 0L, 0L, 1258L, 34L, 0L, 0L), .Dim = c(8L, 5L), .Dimnames = structure(list(
        c("-1", "-2", "-3", "-4", "0", "1", "2", NA), c("A", 
        "C", "G", "T", NA)), .Names = c("", "")), class = "table"), 
    MSJmono19ms2_SNP1 = structure(c(0L, 0L, 2L, 0L, 0L, 0L, 602L, 
    6L, 11813L, 150L, 2L, 139L, 0L, 0L, 2L, 0L, 0L, 0L, 5L, 0L, 
    989L, 3L, 0L, 0L), .Dim = c(6L, 4L), .Dimnames = structure(list(
        c("-1", "-2", "0", "1", "2", NA), c("A", "C", "T", NA
        )), .Names = c("", "")), class = "table"), MSJmono36_SNP1 = structure(c(0L, 
    0L, 0L, 3L, 0L, 0L, 0L, 1L, 720L, 26L, 2L, 10143L, 223L, 
    12L, 1L, 149L, 0L, 0L, 0L, 1L, 0L, 0L, 0L, 0L, 4L, 0L, 0L, 
    295L, 6L, 0L, 0L, 0L), .Dim = c(8L, 4L), .Dimnames = structure(list(
        c("-1", "-2", "-3", "0", "1", "2", "3", NA), c("A", "G", 
        "T", NA)), .Names = c("", "")), class = "table"), MSJmono44_SNP1 = structure(c(14L, 
    0L, 0L, 0L, 0L, 0L, 0L, 0L, 0L, 1L, 0L, 0L, 338L, 15L, 1L, 
    5657L, 97L, 35L, 5L, 0L, 0L, 105L, 0L, 0L), .Dim = c(6L, 
    4L), .Dimnames = structure(list(c("-1", "-2", "-6", "0", 
    "1", NA), c("-", "A", "T", NA)), .Names = c("", "")), class = "table"), 
    MSJmono46_SNP1 = structure(c(421L, 51L, 6L, 1979L, 84L, 48L, 
    5L, 1L, 0L, 68L, 2L, 0L), .Dim = c(6L, 2L), .Dimnames = structure(list(
        c("-1", "-2", "-3", "0", "1", NA), c("C", NA)), .Names = c("", 
    "")), class = "table"), LMmono04v2_SNP1 = structure(c(265L, 
    11L, 1L, 1977L, 86L, 4L, 20L, 5L, 1L, 0L, 92L, 1L, 0L, 0L
    ), .Dim = c(7L, 2L), .Dimnames = structure(list(c("-1", "-2", 
    "-3", "0", "1", "2", NA), c("C", NA)), .Names = c("", "")), class = "table"), 
    AKMmono01v2_SNP1 = structure(c(0L, 0L, 0L, 2L, 0L, 0L, 0L, 
    1L, 0L, 0L, 0L, 0L, 0L, 0L, 392L, 24L, 3L, 4848L, 97L, 1L, 
    46L, 4L, 0L, 0L, 188L, 4L, 0L, 0L), .Dim = c(7L, 4L), .Dimnames = structure(list(
        c("-1", "-2", "-3", "0", "1", "2", NA), c("A", "C", "T", 
        NA)), .Names = c("", "")), class = "table"), AKMmono10v2_SNP1 = structure(c(46L, 
    0L, 1101L, 7L, 3L, 48L, 1L, 999L, 8L, 6L, 1L, 0L, 91L, 1L, 
    0L), .Dim = c(5L, 3L), .Dimnames = structure(list(c("-1", 
    "-2", "0", "1", NA), c("A", "G", NA)), .Names = c("", "")), class = "table"), 
    AKMmono17v2_SNP1 = structure(c(0L, 0L, 9L, 3L, 0L, 0L, 63L, 
    4L, 868L, 26L, 1L, 4L, 0L, 0L, 28L, 1L, 0L, 0L), .Dim = c(6L, 
    3L), .Dimnames = structure(list(c("-1", "-2", "0", "1", "2", 
    NA), c("A", "C", NA)), .Names = c("", "")), class = "table"), 
    EJmono13v2_SNP1 = structure(c(106L, 1L, 1530L, 44L, 0L, 4L, 
    93L, 3L, 1376L, 29L, 2L, 10L, 0L, 0L, 2L, 0L, 0L, 0L, 3L, 
    0L, 86L, 2L, 0L, 0L),