Result <-
list(AKMmono02_SNP1 = structure(c(0L, 0L, 0L, 0L, 1L, 0L, 0L, 
643L, 40L, 4L, 1L, 6819L, 158L, 143L, 2L, 0L, 0L, 0L, 127L, 1L, 
0L), .Dim = c(7L, 3L), .Dimnames = structure(list(c("-1", "-2", 
"-3", "-4", "0", "1", NA), c("C", "T", NA)), .Names = c("", ""
)), class = "table"), AKMmono03_SNP1 = structure(c(1L, 0L, 0L, 
0L, 0L, 1L, 0L, 0L, 0L, 0L, 1839L, 247L, 63L, 2L, 1L, 14578L, 
207L, 2L, 2L, 184L, 0L, 0L, 0L, 0L, 0L, 1L, 0L, 0L, 0L, 0L, 104L, 
9L, 1L, 0L, 0L, 1036L, 10L, 0L, 0L, 0L), .Dim = c(10L, 4L), .Dimnames = structure(list(
    c("-1", "-2", "-3", "-4", "-5", "0", "1", "2", "3", NA), 
    c("-", "A", "T", NA)), .Names = c("", "")), class = "table"), 
    AKMmono05_SNP1 = structure(c(1546L, 230L, 35L, 7L, 9797L, 
    368L, 8L, 134L, 0L, 0L, 0L, 0L, 2L, 0L, 0L, 0L, 1L, 0L, 0L, 
    0L, 2L, 0L, 0L, 0L, 0L, 0L, 0L, 0L, 2L, 0L, 0L, 0L, 82L, 
    4L, 0L, 0L, 936L, 35L, 0L, 0L), .Dim = c(8L, 5L), .Dimnames = structure(list(
        c("-1", "-2", "-3", "-4", "0", "1", "2", NA), c("A", 
        "C", "G", "T", NA)), .Names = c("", "")), class = "table"), 
    AKMmono11_SNP1 = structure(c(0L, 0L, 0L, 4L, 0L, 0L, 0L, 
    0L, 1394L, 95L, 2L, 11011L, 169L, 2L, 1L, 199L, 208L, 6L, 
    0L, 2094L, 41L, 0L, 0L, 0L), .Dim = c(8L, 3L), .Dimnames = structure(list(
        c("-1", "-2", "-3", "0", "1", "2", "3", NA), c("A", "T", 
        NA)), .Names = c("", "")), class = "table"), AKMmono12_SNP1 = structure(c(0L, 
    0L, 0L, 0L, 4L, 0L, 0L, 0L, 0L, 1609L, 113L, 6L, 2L, 11170L, 
    291L, 7L, 1L, 80L, 50L, 1L, 0L, 0L, 984L, 6L, 0L, 0L, 0L), .Dim = c(9L, 
    3L), .Dimnames = structure(list(c("-1", "-2", "-3", "-4", 
    "0", "1", "2", "3", NA), c("A", "C", NA)), .Names = c("", 
    "")), class = "table"), AKMmono13_SNP1 = structure(c(748L, 
    54L, 3L, 11524L, 287L, 5L, 1L, 78L, 0L, 0L, 0L, 1L, 0L, 0L, 
    0L, 0L, 0L, 0L, 0L, 3L, 0L, 0L, 0L, 0L, 0L, 0L, 0L, 1L, 0L, 
    0L, 0L, 0L, 37L, 2L, 0L, 709L, 11L, 0L, 0L, 0L), .Dim = c(8L, 
    5L), .Dimnames = structure(list(c("-1", "-2", "-3", "0", 
    "1", "2", "3", NA), c("A", "C", "G", "T", NA)), .Names = c("", 
    "")), class = "table"), AKMmono16_SNP1 = structure(c(792L, 
    46L, 9L, 1L, 7972L, 146L, 4L, 51L, 0L, 0L, 0L, 0L, 1L, 0L, 
    0L, 0L, 0L, 0L, 0L, 0L, 1L, 0L, 0L, 0L, 0L, 0L, 0L, 0L, 3L, 
    0L, 0L, 0L, 11L, 1L, 1L, 0L, 441L, 4L, 0L, 0L), .Dim = c(8L, 
    5L), .Dimnames = structure(list(c("-1", "-2", "-3", "-4", 
    "0", "1", "2", NA), c("A", "C", "G", "T", NA)), .Names = c("", 
    "")), class = "table"), AKMmono22_SNP1 = structure(c(1161L, 
    220L, 28L, 2L, 7609L, 401L, 29L, 262L, 45L, 8L, 1L, 0L, 727L, 
    11L, 1L, 0L), .Dim = c(8L, 2L), .Dimnames = structure(list(
        c("-1", "-2", "-3", "-4", "0", "1", "2", NA), c("A", 
        NA)), .Names = c("", "")), class = "table"), EJmono05_SNP1 = structure(c(0L, 
    0L, 0L, 2L, 0L, 0L, 0L, 796L, 88L, 3L, 6911L, 129L, 3L, 45L, 
    7L, 2L, 0L, 230L, 4L, 1L, 0L), .Dim = c(7L, 3L), .Dimnames = structure(list(
        c("-1", "-2", "-3", "0", "1", "2", NA), c("A", "T", NA
        )), .Names = c("", "")), class = "table"), EJmono16_SNP1 = structure(c(789L, 
    51L, 5L, 12641L, 686L, 26L, 1L, 485L, 0L, 0L, 0L, 1L, 0L, 
    0L, 0L, 0L, 0L, 0L, 0L, 3L, 0L, 0L, 0L, 0L, 6L, 2L, 0L, 154L, 
    3L, 0L, 0L, 0L), .Dim = c(8L, 4L), .Dimnames = structure(list(
        c("-1", "-2", "-3", "0", "1", "2", "3", NA), c("A", "C", 
        "G", NA)), .Names = c("", "")), class = "table"), LMmono01_SNP1 = structure(c(764L, 
    38L, 3L, 2L, 7145L, 111L, 2L, 42L, 0L, 0L, 0L, 0L, 2L, 0L, 
    0L, 0L, 0L, 0L, 0L, 0L, 1L, 0L, 0L, 0L, 30L, 2L, 0L, 0L, 
    494L, 10L, 0L, 0L), .Dim = c(8L, 4L), .Dimnames = structure(list(
        c("-1", "-2", "-3", "-4", "0", "1", "2", NA), c("A", 
        "G", "T", NA)), .Names = c("", "")), class = "table"), 
    LMmono03_SNP1 = structure(c(0L, 0L, 0L, 0L, 0L, 2L, 0L, 0L, 
    0L, 1L, 0L, 0L, 0L, 0L, 2L, 0L, 0L, 0L, 1129L, 137L, 41L, 
    6L, 1L, 5000L, 154L, 6L, 191L, 0L, 1L, 0L, 0L, 0L, 0L, 0L, 
    0L, 0L, 1L, 0L, 0L, 0L, 0L, 2L, 0L, 0L, 0L, 28L, 3L, 0L, 
    0L, 0L, 319L, 2L, 0L, 0L), .Dim = c(9L, 6L), .Dimnames = structure(list(
        c("-1", "-2", "-3", "-4", "-5", "0", "1", "2", NA), c("-", 
        "A", "C", "G", "T", NA)), .Names = c("", "")), class = "table"), 
    LMmono09_SNP1 = structure(c(0L, 0L, 0L, 1L, 0L, 0L, 0L, 2769L, 
    321L, 35L, 15440L, 605L, 13L, 395L, 19L, 2L, 1L, 201L, 4L, 
    0L, 0L), .Dim = c(7L, 3L), .Dimnames = structure(list(c("-1", 
    "-2", "-3", "0", "1", "2", NA), c("A", "T", NA)), .Names = c("", 
    "")), class = "table"), LMmono12_SNP1 = structure(c(1131L, 
    107L, 1L, 5824L, 352L, 21L, 1L, 209L, 9L, 1L, 0L, 196L, 7L, 
    0L, 0L, 0L), .Dim = c(8L, 2L), .Dimnames = structure(list(
        c("-1", "-2", "-3", "0", "1", "2", "3", NA), c("A", NA
        )), .Names = c("", "")), class = "table"), LMmono16_SNP1 = structure(c(1209L, 
    90L, 1L, 2L, 8879L, 329L, 18L, 1075L, 329L, 16L, 480L, 0L, 
    0L, 0L, 0L, 1L, 0L, 0L, 0L, 0L, 0L, 0L, 0L, 0L, 0L, 0L, 4L, 
    0L, 0L, 0L, 0L, 0L, 0L, 40L, 5L, 0L, 0L, 1425L, 16L, 1L, 
    52L, 35L, 2L, 0L), .Dim = c(11L, 4L), .Dimnames = structure(list(
        c("-1", "-2", "-3", "-4", "0", "1", "2", "3", "5", "6", 
        NA), c("A", "G", "T", NA)), .Names = c("", "")), class = "table"), 
    MSJmono10_SNP1 = structure(c(0L, 0L, 0L, 3L, 0L, 0L, 1L, 
    636L, 18L, 1L, 9429L, 359L, 19L, 41L, 0L, 0L, 0L, 1L, 0L, 
    0L, 0L, 32L, 3L, 0L, 566L, 22L, 0L, 0L), .Dim = c(7L, 4L), .Dimnames = structure(list(
        c("-1", "-2", "-3", "0", "1", "2", NA), c("A", "C", "G", 
        NA)), .Names = c("", "")), class = "table"), MSJmono19ms1_SNP1 = structure(c(692L, 
    40L, 3L, 4L, 10300L, 327L, 6L, 1L, 234L, 0L, 0L, 0L, 0L, 
    13L, 2L, 0L, 0L, 3L, 0L, 0L, 0L, 0L, 1L, 0L, 0L, 0L, 0L, 
    1L, 0L, 0L, 0L, 5L, 0L, 0L, 0L, 0L, 66L, 1L, 1L, 0L, 1123L, 
    26L, 0L, 0L, 0L), .Dim = c(9L, 5L), .Dimnames = structure(list(
        c("-1", "-2", "-3", "-4", "0", "1", "2", "3", NA), c("A", 
        "C", "G", "T", NA)), .Names = c("", "")), class = "table"), 
    MSJmono19ms2_SNP1 = structure(c(0L, 0L, 2L, 0L, 0L, 0L, 507L, 
    8L, 10527L, 96L, 2L, 112L, 8L, 0L, 782L, 1L, 0L, 0L), .Dim = c(6L, 
    3L), .Dimnames = structure(list(c("-1", "-2", "0", "1", "2", 
    NA), c("A", "C", NA)), .Names = c("", "")), class = "table"), 
    MSJmono36_SNP1 = structure(c(0L, 0L, 0L, 0L, 25L, 1L, 0L, 
    0L, 0L, 0L, 0L, 0L, 0L, 0L, 0L, 1L, 0L, 0L, 0L, 0L, 0L, 0L, 
    615L, 28L, 6L, 1L, 9829L, 245L, 8L, 2L, 1L, 9L, 134L, 6L, 
    0L, 0L, 0L, 359L, 1L, 0L, 0L, 0L, 0L, 0L), .Dim = c(11L, 
    4L), .Dimnames = structure(list(c("-1", "-2", "-3", "-5", 
    "0", "1", "2", "3", "4", "5", NA), c("A", "C", "G", NA)), .Names = c("", 
    "")), class = "table"), MSJmono44_SNP1 = structure(c(0L, 
    0L, 0L, 0L, 1L, 0L, 0L, 0L, 0L, 374L, 17L, 1L, 1L, 5164L, 
    89L, 2L, 5L, 38L, 4L, 0L, 0L, 0L, 102L, 3L, 0L, 0L, 0L), .Dim = c(9L, 
    3L), .Dimnames = structure(list(c("-1", "-2", "-3", "-4", 
    "0", "1", "2", "3", NA), c("G", "T", NA)), .Names = c("", 
    "")), class = "table"), MSJmono46_SNP1 = structure(c(909L, 
    76L, 14L, 2L, 3868L, 215L, 5L, 105L, 8L, 1L, 0L, 0L, 125L, 
    4L, 0L, 0L), .Dim = c(8L, 2L), .Dimnames = structure(list(
        c("-1", "-2", "-3", "-4", "0", "1", "2", NA), c("C", 
        NA)), .Names = c("", "")), class = "table"), LMmono04v2_SNP1 = structure(c(498L, 
    33L, 0L, 3727L, 131L, 6L, 21L, 0L, 0L, 0L, 1L, 0L, 0L, 0L, 
    7L, 0L, 1L, 150L, 6L, 0L, 0L), .Dim = c(7L, 3L), .Dimnames = structure(list(
        c("-1", "-2", "-3", "0", "1", "2", NA), c("C", "G", NA
        )), .Names = c("", "")), class = "table"), AKMmono01v2_SNP1 = structure(c(2L, 
    0L, 0L, 0L, 0L, 0L, 0L, 0L, 3282L, 259L, 7L, 0L, 30L, 0L, 
    0L, 149L, 0L, 1L, 0L, 0L, 1L, 0L, 0L, 0L, 310L, 18L, 0L, 
    0L, 3893L, 60L, 2L, 33L, 82L, 5L, 2L, 1L, 172L, 1L, 0L, 0L
    ), .Dim = c(8L, 5L),