Result <-
list(AKMmono02_SNP1 = structure(c(0L, 0L, 0L, 0L, 1L, 0L, 0L, 
0L, 644L, 32L, 1L, 3L, 6578L, 128L, 1L, 137L, 13L, 0L, 0L, 0L, 
111L, 2L, 0L, 0L), .Dim = c(8L, 3L), .Dimnames = structure(list(
    c("-1", "-2", "-3", "-4", "0", "1", "2", NA), c("A", "T", 
    NA)), .Names = c("", "")), class = "table"), AKMmono03_SNP1 = structure(c(1723L, 
283L, 71L, 6L, 15627L, 225L, 3L, 1L, 193L, 0L, 0L, 0L, 0L, 2L, 
1L, 0L, 0L, 0L, 0L, 0L, 0L, 0L, 2L, 0L, 0L, 0L, 0L, 104L, 5L, 
0L, 0L, 1153L, 7L, 0L, 0L, 0L), .Dim = c(9L, 4L), .Dimnames = structure(list(
    c("-1", "-2", "-3", "-4", "0", "1", "2", "3", NA), c("A", 
    "C", "G", NA)), .Names = c("", "")), class = "table"), AKMmono05_SNP1 = structure(c(1565L, 
240L, 36L, 7L, 1L, 9874L, 375L, 9L, 0L, 154L, 1L, 0L, 0L, 0L, 
0L, 1L, 0L, 0L, 0L, 0L, 1L, 0L, 0L, 0L, 0L, 1L, 0L, 0L, 0L, 0L, 
0L, 0L, 0L, 0L, 0L, 1L, 0L, 0L, 0L, 0L, 89L, 7L, 1L, 0L, 0L, 
923L, 26L, 0L, 1L, 0L), .Dim = c(10L, 5L), .Dimnames = structure(list(
    c("-1", "-2", "-3", "-4", "-5", "0", "1", "2", "3", NA), 
    c("A", "C", "G", "T", NA)), .Names = c("", "")), class = "table"), 
    AKMmono11_SNP1 = structure(c(1L, 0L, 0L, 3L, 0L, 0L, 0L, 
    1681L, 87L, 6L, 14124L, 272L, 5L, 250L, 277L, 4L, 1L, 2739L, 
    78L, 4L, 0L), .Dim = c(7L, 3L), .Dimnames = structure(list(
        c("-1", "-2", "-3", "0", "1", "2", NA), c("A", "T", NA
        )), .Names = c("", "")), class = "table"), AKMmono12_SNP1 = structure(c(3L, 
    0L, 0L, 0L, 0L, 0L, 0L, 0L, 0L, 6664L, 661L, 35L, 1L, 1L, 
    5890L, 152L, 5L, 221L, 1L, 0L, 0L, 0L, 0L, 0L, 0L, 0L, 0L, 
    0L, 0L, 0L, 0L, 0L, 1L, 0L, 0L, 0L, 152L, 16L, 0L, 0L, 1L, 
    524L, 2L, 0L, 0L), .Dim = c(9L, 5L), .Dimnames = structure(list(
        c("-1", "-2", "-3", "-4", "-5", "0", "1", "2", NA), c("A", 
        "C", "G", "T", NA)), .Names = c("", "")), class = "table"), 
    AKMmono13_SNP1 = structure(c(718L, 53L, 4L, 1L, 11887L, 283L, 
    8L, 93L, 0L, 0L, 0L, 0L, 1L, 0L, 0L, 0L, 20L, 1L, 0L, 0L, 
    765L, 8L, 0L, 0L), .Dim = c(8L, 3L), .Dimnames = structure(list(
        c("-1", "-2", "-3", "-4", "0", "1", "2", NA), c("A", 
        "C", NA)), .Names = c("", "")), class = "table"), AKMmono16_SNP1 = structure(c(695L, 
    45L, 2L, 7559L, 146L, 3L, 38L, 0L, 0L, 0L, 1L, 0L, 0L, 0L, 
    0L, 0L, 0L, 2L, 0L, 0L, 0L, 0L, 0L, 0L, 1L, 0L, 0L, 0L, 14L, 
    0L, 0L, 441L, 6L, 0L, 0L), .Dim = c(7L, 5L), .Dimnames = structure(list(
        c("-1", "-2", "-3", "0", "1", "2", NA), c("A", "C", "G", 
        "T", NA)), .Names = c("", "")), class = "table"), AKMmono22_SNP1 = structure(c(1407L, 
    203L, 33L, 3L, 2L, 9081L, 480L, 26L, 362L, 1L, 0L, 0L, 0L, 
    0L, 2L, 0L, 0L, 0L, 0L, 0L, 0L, 0L, 0L, 2L, 0L, 0L, 0L, 66L, 
    5L, 1L, 0L, 0L, 848L, 11L, 2L, 0L), .Dim = c(9L, 4L), .Dimnames = structure(list(
        c("-1", "-2", "-3", "-4", "-5", "0", "1", "2", NA), c("A", 
        "G", "T", NA)), .Names = c("", "")), class = "table"), 
    EJmono05_SNP1 = structure(c(0L, 0L, 0L, 4L, 0L, 0L, 0L, 0L, 
    0L, 0L, 1L, 0L, 0L, 0L, 956L, 90L, 2L, 8329L, 162L, 5L, 58L, 
    19L, 2L, 0L, 289L, 4L, 0L, 0L), .Dim = c(7L, 4L), .Dimnames = structure(list(
        c("-1", "-2", "-3", "0", "1", "2", NA), c("A", "G", "T", 
        NA)), .Names = c("", "")), class = "table"), EJmono16_SNP1 = structure(c(400L, 
    32L, 2L, 82L, 12287L, 305L, 9L, 220L, 0L, 0L, 0L, 0L, 1L, 
    0L, 0L, 0L, 0L, 0L, 0L, 0L, 1L, 0L, 0L, 0L, 0L, 0L, 0L, 0L, 
    1L, 0L, 0L, 0L, 4L, 0L, 0L, 0L, 88L, 0L, 0L, 0L), .Dim = c(8L, 
    5L), .Dimnames = structure(list(c("-1", "-2", "-3", "-6", 
    "0", "1", "2", NA), c("A", "C", "G", "T", NA)), .Names = c("", 
    "")), class = "table"), LMmono01_SNP1 = structure(c(0L, 0L, 
    0L, 0L, 1L, 0L, 0L, 0L, 1028L, 42L, 2L, 5L, 8221L, 128L, 
    1L, 62L, 0L, 0L, 0L, 0L, 1L, 0L, 0L, 0L, 0L, 0L, 0L, 0L, 
    1L, 0L, 0L, 0L, 0L, 0L, 0L, 0L, 3L, 0L, 0L, 0L, 30L, 2L, 
    0L, 0L, 601L, 9L, 1L, 0L), .Dim = c(8L, 6L), .Dimnames = structure(list(
        c("-1", "-2", "-3", "-4", "0", "1", "2", NA), c("-", 
        "A", "C", "G", "T", NA)), .Names = c("", "")), class = "table"), 
    LMmono03_SNP1 = structure(c(0L, 0L, 0L, 0L, 0L, 5L, 0L, 0L, 
    0L, 1165L, 167L, 20L, 4L, 1L, 5162L, 135L, 3L, 207L, 0L, 
    0L, 0L, 0L, 0L, 1L, 0L, 0L, 0L, 22L, 4L, 1L, 0L, 0L, 322L, 
    7L, 0L, 0L), .Dim = c(9L, 4L), .Dimnames = structure(list(
        c("-1", "-2", "-3", "-4", "-5", "0", "1", "2", NA), c("A", 
        "C", "T", NA)), .Names = c("", "")), class = "table"), 
    LMmono09_SNP1 = structure(c(0L, 0L, 0L, 0L, 3L, 0L, 0L, 0L, 
    1L, 0L, 0L, 0L, 1L, 0L, 0L, 0L, 2884L, 336L, 29L, 6L, 15993L, 
    618L, 13L, 406L, 25L, 4L, 2L, 0L, 203L, 3L, 0L, 0L), .Dim = c(8L, 
    4L), .Dimnames = structure(list(c("-1", "-2", "-3", "-4", 
    "0", "1", "2", NA), c("C", "G", "T", NA)), .Names = c("", 
    "")), class = "table"), LMmono12_SNP1 = structure(c(1294L, 
    96L, 6L, 6170L, 393L, 18L, 235L, 15L, 0L, 0L, 162L, 3L, 0L, 
    0L), .Dim = c(7L, 2L), .Dimnames = structure(list(c("-1", 
    "-2", "-3", "0", "1", "2", NA), c("A", NA)), .Names = c("", 
    "")), class = "table"), LMmono16_SNP1 = structure(c(1126L, 
    98L, 9L, 2L, 8678L, 289L, 10L, 1133L, 5L, 306L, 18L, 2L, 
    390L, 0L, 0L, 0L, 0L, 1L, 0L, 0L, 0L, 0L, 0L, 0L, 0L, 0L, 
    0L, 0L, 0L, 0L, 1L, 0L, 0L, 0L, 0L, 0L, 0L, 0L, 0L, 50L, 
    2L, 0L, 0L, 1431L, 27L, 3L, 66L, 1L, 26L, 3L, 0L, 0L), .Dim = c(13L, 
    4L), .Dimnames = structure(list(c("-1", "-2", "-3", "-4", 
    "0", "1", "2", "3", "4", "5", "6", "7", NA), c("A", "C", 
    "T", NA)), .Names = c("", "")), class = "table"), MSJmono10_SNP1 = structure(c(0L, 
    0L, 0L, 1L, 0L, 0L, 0L, 547L, 13L, 1L, 8739L, 233L, 12L, 
    39L, 20L, 0L, 0L, 515L, 16L, 1L, 0L), .Dim = c(7L, 3L), .Dimnames = structure(list(
        c("-1", "-2", "-3", "0", "1", "2", NA), c("A", "C", NA
        )), .Names = c("", "")), class = "table"), MSJmono19ms1_SNP1 = structure(c(0L, 
    0L, 0L, 0L, 1L, 0L, 0L, 0L, 0L, 0L, 911L, 57L, 9L, 2L, 14115L, 
    408L, 10L, 2L, 1L, 309L, 2L, 0L, 0L, 0L, 26L, 1L, 0L, 0L, 
    0L, 1L, 0L, 0L, 0L, 0L, 3L, 0L, 0L, 0L, 0L, 1L, 1L, 0L, 0L, 
    0L, 6L, 0L, 0L, 0L, 0L, 0L, 72L, 0L, 1L, 0L, 1481L, 38L, 
    0L, 0L, 0L, 0L), .Dim = c(10L, 6L), .Dimnames = structure(list(
        c("-1", "-2", "-3", "-4", "0", "1", "2", "3", "5", NA
        ), c("-", "A", "C", "G", "T", NA)), .Names = c("", ""
    )), class = "table"), MSJmono19ms2_SNP1 = structure(c(0L, 
    0L, 2L, 0L, 0L, 0L, 703L, 19L, 14373L, 140L, 6L, 192L, 1L, 
    0L, 0L, 0L, 0L, 0L, 9L, 1L, 1060L, 0L, 0L, 0L), .Dim = c(6L, 
    4L), .Dimnames = structure(list(c("-1", "-2", "0", "1", "2", 
    NA), c("A", "C", "T", NA)), .Names = c("", "")), class = "table"), 
    MSJmono36_SNP1 = structure(c(1L, 0L, 0L, 21L, 0L, 0L, 0L, 
    0L, 0L, 0L, 2L, 0L, 0L, 0L, 855L, 33L, 5L, 14303L, 351L, 
    8L, 172L, 0L, 0L, 0L, 2L, 0L, 0L, 0L, 9L, 0L, 0L, 413L, 2L, 
    0L, 0L), .Dim = c(7L, 5L), .Dimnames = structure(list(c("-1", 
    "-2", "-3", "0", "1", "2", NA), c("A", "C", "G", "T", NA)), .Names = c("", 
    "")), class = "table"), MSJmono44_SNP1 = structure(c(5L, 
    0L, 23L, 0L, 0L, 0L, 0L, 0L, 0L, 0L, 0L, 0L, 1L, 0L, 0L, 
    0L, 516L, 24L, 0L, 1L, 7928L, 132L, 1L, 56L, 4L, 1L, 0L, 
    0L, 145L, 5L, 0L, 0L), .Dim = c(8L, 4L), .Dimnames = structure(list(
        c("-1", "-2", "-5", "-6", "0", "1", "2", NA), c("-", 
        "G", "T", NA)), .Names = c("", "")), class = "table"), 
    MSJmono46_SNP1 = structure(c(797L, 74L, 6L, 3L, 3711L, 292L, 
    10L, 109L, 0L, 0L, 0L, 0L, 1L, 0L, 0L, 1L, 15L, 1L, 0L, 0L, 
    128L, 3L, 0L, 0L), .Dim = c(8L, 3L), .Dimnames = structure(list(
        c("-1", "-2", "-3", "-4", "0", "1", "2", NA), c("C", 
        "T", NA)), .Names = c("", "")), class = "table"), LMmono04v2_SNP1 = structure(c(0L, 
    0L, 0L, 1L, 0L, 0L, 0L, 407L, 26L, 1L, 3780L, 148L, 7L, 27L, 
    0L, 0L, 0L, 0L, 1L, 0L, 0L, 8L, 1L, 0L, 164L, 6L, 0L, 0L), .Dim = c(7L, 
    4L), .Dimnames = structure(list(c("-1", "-2", "-3", "0", 
    "1", "2", NA), c("A", "C", "T", NA)),