Result <-
list(AKMmono02_SNP1 = structure(c(0L, 0L, 1L, 0L, 0L, 0L, 0L, 
0L, 2L, 0L, 0L, 0L, 386L, 20L, 3817L, 98L, 3L, 82L, 5L, 0L, 147L, 
2L, 0L, 0L), .Dim = c(6L, 4L), .Dimnames = structure(list(c("-1", 
"-2", "0", "1", "2", NA), c("A", "C", "T", NA)), .Names = c("", 
"")), class = "table"), AKMmono03_SNP1 = structure(c(543L, 82L, 
19L, 1L, 5515L, 67L, 0L, 71L, 1L, 0L, 0L, 0L, 3L, 0L, 0L, 0L, 
35L, 5L, 1L, 1L, 543L, 4L, 1L, 0L), .Dim = c(8L, 3L), .Dimnames = structure(list(
    c("-1", "-2", "-3", "-4", "0", "1", "2", NA), c("A", "C", 
    NA)), .Names = c("", "")), class = "table"), AKMmono05_SNP1 = structure(c(667L, 
96L, 15L, 6L, 4671L, 163L, 5L, 92L, 0L, 0L, 0L, 0L, 5L, 0L, 0L, 
0L, 0L, 0L, 0L, 0L, 2L, 0L, 0L, 0L, 31L, 2L, 1L, 0L, 525L, 17L, 
0L, 0L), .Dim = c(8L, 4L), .Dimnames = structure(list(c("-1", 
"-2", "-3", "-4", "0", "1", "2", NA), c("A", "C", "G", NA)), .Names = c("", 
"")), class = "table"), AKMmono11_SNP1 = structure(c(2L, 0L, 
0L, 7L, 0L, 0L, 0L, 0L, 0L, 0L, 2L, 0L, 0L, 0L, 523L, 21L, 1L, 
4789L, 76L, 2L, 111L, 71L, 2L, 0L, 750L, 15L, 1L, 0L), .Dim = c(7L, 
4L), .Dimnames = structure(list(c("-1", "-2", "-3", "0", "1", 
"2", NA), c("A", "C", "T", NA)), .Names = c("", "")), class = "table"), 
    AKMmono12_SNP1 = structure(c(587L, 54L, 4L, 12L, 4435L, 107L, 
    4L, 54L, 8L, 2L, 0L, 0L, 310L, 3L, 0L, 0L), .Dim = c(8L, 
    2L), .Dimnames = structure(list(c("-1", "-2", "-3", "-4", 
    "0", "1", "2", NA), c("C", NA)), .Names = c("", "")), class = "table"), 
    AKMmono13_SNP1 = structure(c(297L, 18L, 6070L, 122L, 1L, 
    52L, 0L, 0L, 1L, 0L, 0L, 0L, 11L, 0L, 440L, 11L, 0L, 0L), .Dim = c(6L, 
    3L), .Dimnames = structure(list(c("-1", "-2", "0", "1", "2", 
    NA), c("A", "G", NA)), .Names = c("", "")), class = "table"), 
    AKMmono16_SNP1 = structure(c(291L, 13L, 3755L, 67L, 1L, 34L, 
    0L, 0L, 4L, 0L, 0L, 0L, 1L, 0L, 1L, 0L, 0L, 0L, 0L, 0L, 1L, 
    0L, 0L, 0L, 7L, 1L, 263L, 2L, 0L, 0L), .Dim = 6:5, .Dimnames = structure(list(
        c("-1", "-2", "0", "1", "2", NA), c("A", "C", "G", "T", 
        NA)), .Names = c("", "")), class = "table"), AKMmono22_SNP1 = structure(c(0L, 
    0L, 0L, 1L, 0L, 0L, 0L, 0L, 371L, 56L, 9L, 2947L, 114L, 3L, 
    1L, 192L, 0L, 0L, 0L, 2L, 0L, 0L, 0L, 0L, 17L, 2L, 1L, 313L, 
    10L, 2L, 0L, 0L), .Dim = c(8L, 4L), .Dimnames = structure(list(
        c("-1", "-2", "-3", "0", "1", "2", "3", NA), c("-", "A", 
        "G", NA)), .Names = c("", "")), class = "table"), EJmono05_SNP1 = structure(c(0L, 
    0L, 1L, 0L, 0L, 0L, 295L, 31L, 2796L, 55L, 1L, 46L, 6L, 2L, 
    126L, 2L, 0L, 0L), .Dim = c(6L, 3L), .Dimnames = structure(list(
        c("-1", "-2", "0", "1", "2", NA), c("C", "T", NA)), .Names = c("", 
    "")), class = "table"), EJmono16_SNP1 = structure(c(177L, 
    11L, 3727L, 136L, 3L, 242L, 0L, 0L, 1L, 0L, 0L, 0L, 4L, 0L, 
    92L, 2L, 0L, 0L), .Dim = c(6L, 3L), .Dimnames = structure(list(
        c("-1", "-2", "0", "1", "2", NA), c("A", "C", NA)), .Names = c("", 
    "")), class = "table"), LMmono01_SNP1 = structure(c(393L, 
    14L, 3642L, 64L, 0L, 58L, 0L, 0L, 2L, 0L, 0L, 0L, 1L, 0L, 
    1L, 0L, 0L, 0L, 17L, 0L, 307L, 1L, 1L, 0L), .Dim = c(6L, 
    4L), .Dimnames = structure(list(c("-1", "-2", "0", "1", "3", 
    NA), c("A", "G", "T", NA)), .Names = c("", "")), class = "table"), 
    LMmono03_SNP1 = structure(c(0L, 0L, 0L, 0L, 1L, 0L, 0L, 0L, 
    491L, 47L, 8L, 1L, 2233L, 80L, 2L, 87L, 0L, 0L, 0L, 0L, 1L, 
    0L, 0L, 0L, 13L, 1L, 0L, 0L, 297L, 2L, 0L, 0L), .Dim = c(8L, 
    4L), .Dimnames = structure(list(c("-1", "-2", "-3", "-4", 
    "0", "1", "2", NA), c("A", "C", "T", NA)), .Names = c("", 
    "")), class = "table"), LMmono09_SNP1 = structure(c(941L, 
    67L, 1L, 7949L, 224L, 4L, 198L, 1L, 0L, 0L, 145L, 1L, 0L, 
    0L), .Dim = c(7L, 2L), .Dimnames = structure(list(c("-1", 
    "-2", "-3", "0", "1", "2", NA), c("T", NA)), .Names = c("", 
    "")), class = "table"), LMmono12_SNP1 = structure(c(446L, 
    34L, 2364L, 149L, 9L, 71L, 17L, 2L, 240L, 4L, 0L, 0L), .Dim = c(6L, 
    2L), .Dimnames = structure(list(c("-1", "-2", "0", "1", "2", 
    NA), c("A", NA)), .Names = c("", "")), class = "table"), 
    LMmono16_SNP1 = structure(c(393L, 32L, 1L, 1L, 3234L, 121L, 
    11L, 290L, 95L, 2L, 244L, 0L, 0L, 0L, 0L, 1L, 0L, 0L, 0L, 
    0L, 0L, 0L, 0L, 0L, 0L, 0L, 1L, 0L, 0L, 0L, 0L, 0L, 0L, 9L, 
    3L, 0L, 0L, 587L, 6L, 1L, 16L, 15L, 1L, 0L), .Dim = c(11L, 
    4L), .Dimnames = structure(list(c("-1", "-2", "-3", "-4", 
    "0", "1", "2", "3", "5", "6", NA), c("A", "C", "T", NA)), .Names = c("", 
    "")), class = "table"), MSJmono10_SNP1 = structure(c(0L, 
    0L, 0L, 1L, 0L, 0L, 0L, 227L, 5L, 1L, 4069L, 109L, 1L, 33L, 
    2L, 1L, 0L, 209L, 5L, 0L, 0L), .Dim = c(7L, 3L), .Dimnames = structure(list(
        c("-1", "-2", "-3", "0", "1", "2", NA), c("A", "C", NA
        )), .Names = c("", "")), class = "table"), MSJmono19ms1_SNP1 = structure(c(236L, 
    12L, 2L, 4891L, 93L, 1L, 213L, 0L, 0L, 0L, 17L, 0L, 0L, 1L, 
    0L, 0L, 0L, 1L, 0L, 0L, 0L, 0L, 0L, 0L, 3L, 0L, 0L, 0L, 16L, 
    1L, 0L, 784L, 13L, 0L, 0L), .Dim = c(7L, 5L), .Dimnames = structure(list(
        c("-1", "-2", "-3", "0", "1", "2", NA), c("A", "C", "G", 
        "T", NA)), .Names = c("", "")), class = "table"), MSJmono19ms2_SNP1 = structure(c(0L, 
    0L, 1L, 0L, 0L, 245L, 5L, 5149L, 58L, 69L, 3L, 0L, 428L, 
    0L, 0L), .Dim = c(5L, 3L), .Dimnames = structure(list(c("-1", 
    "-2", "0", "1", NA), c("A", "C", NA)), .Names = c("", "")), class = "table"), 
    MSJmono36_SNP1 = structure(c(0L, 0L, 0L, 2L, 0L, 0L, 0L, 
    290L, 13L, 1L, 5489L, 107L, 4L, 105L, 2L, 0L, 0L, 202L, 1L, 
    0L, 0L), .Dim = c(7L, 3L), .Dimnames = structure(list(c("-1", 
    "-2", "-3", "0", "1", "2", NA), c("A", "G", NA)), .Names = c("", 
    "")), class = "table"), MSJmono44_SNP1 = structure(c(0L, 
    0L, 1L, 0L, 0L, 0L, 0L, 0L, 0L, 0L, 0L, 0L, 1L, 0L, 0L, 0L, 
    0L, 0L, 0L, 0L, 1L, 0L, 0L, 0L, 210L, 8L, 0L, 1L, 3535L, 
    62L, 1L, 31L, 3L, 0L, 0L, 0L, 166L, 4L, 0L, 0L), .Dim = c(8L, 
    5L), .Dimnames = structure(list(c("-1", "-2", "-3", "-6", 
    "0", "1", "2", NA), c("-", "A", "G", "T", NA)), .Names = c("", 
    "")), class = "table"), MSJmono46_SNP1 = structure(c(0L, 
    0L, 0L, 2L, 0L, 0L, 1L, 452L, 44L, 5L, 2372L, 160L, 8L, 76L, 
    0L, 0L, 0L, 1L, 0L, 0L, 0L, 48L, 2L, 0L, 680L, 29L, 1L, 0L
    ), .Dim = c(7L, 4L), .Dimnames = structure(list(c("-1", "-2", 
    "-3", "0", "1", "2", NA), c("A", "C", "T", NA)), .Names = c("", 
    "")), class = "table"), LMmono04v2_SNP1 = structure(c(0L, 
    0L, 1L, 0L, 0L, 0L, 286L, 12L, 2335L, 120L, 6L, 18L, 8L, 
    0L, 148L, 9L, 1L, 0L), .Dim = c(6L, 3L), .Dimnames = structure(list(
        c("-1", "-2", "0", "1", "2", NA), c("A", "C", NA)), .Names = c("", 
    "")), class = "table"), AKMmono01v2_SNP1 = structure(c(0L, 
    0L, 1L, 0L, 0L, 0L, 136L, 4L, 1709L, 39L, 0L, 15L, 129L, 
    5L, 1700L, 27L, 1L, 18L, 25L, 0L, 390L, 7L, 0L, 0L), .Dim = c(6L, 
    4L), .Dimnames = structure(list(c("-1", "-2", "0", "1", "2", 
    NA), c("A", "C", "T", NA)), .Names = c("", "")), class = "table"), 
    AKMmono10v2_SNP1 = structure(c(103L, 6L, 2529L, 27L, 20L, 
    1L, 0L, 4L, 0L, 0L, 3L, 0L, 129L, 0L, 0L), .Dim = c(5L, 3L
    ), .Dimnames = structure(list(c("-1", "-2", "0", "1", NA), 
        c("A", "G", NA)), .Names = c("", "")), class = "table"), 
    AKMmono17v2_SNP1 = structure(c(0L, 0L, 12L, 1L, 1L, 73L, 
    2L, 1347L, 22L, 11L, 1L, 0L, 63L, 2L, 0L), .Dim = c(5L, 3L
    ), .Dimnames = structure(list(c("-1", "-2", "0", "1", NA), 
        c("A", "C", NA)), .Names = c("", "")), class = "table"), 
    EJmono13v2_SNP1 = structure(c(0L, 0L, 1L, 0L, 0L, 0L, 122L, 
    1L, 2191L, 37L, 1L, 10L, 0L, 0L, 3L, 0L, 0L, 0L, 6L, 0L, 
    159L, 2L, 0L, 0L), .Dim = c(6L, 4L), .Dimnames = structure(list(
        c("-1", "-2", "0", "1", "2", NA), c("A", "G", "T", NA
        )), .Names = c("", "")), class = "table"), EJmono21v2_SNP1 = structure(c(94L, 
    4L, 913L, 14L, 12L, 1L, 0L, 16L, 0L, 0L, 2L, 0L, 60L, 1L, 
    0L),