Result <-
list(AKMmono02_SNP1 = structure(c(932L, 97L, 4L, 1466L, 65L, 
3L, 119L, 15L, 1L, 0L, 26L, 2L, 0L, 0L), .Dim = c(7L, 2L), .Dimnames = structure(list(
    c("-1", "-2", "-3", "0", "1", "2", NA), c("T", NA)), .Names = c("", 
"")), class = "table"), AKMmono03_SNP1 = structure(c(2858L, 2695L, 
418L, 18L, 1L, 6241L, 159L, 1L, 380L, 0L, 0L, 0L, 0L, 0L, 3L, 
0L, 0L, 0L, 0L, 1L, 0L, 0L, 0L, 0L, 0L, 0L, 0L, 174L, 90L, 6L, 
0L, 0L, 466L, 3L, 0L, 0L), .Dim = c(9L, 4L), .Dimnames = structure(list(
    c("-1", "-2", "-3", "-4", "-5", "0", "1", "2", NA), c("A", 
    "C", "G", NA)), .Names = c("", "")), class = "table"), AKMmono05_SNP1 = structure(c(1414L, 
1275L, 264L, 32L, 2L, 2446L, 112L, 1L, 164L, 62L, 54L, 0L, 0L, 
0L, 241L, 7L, 1L, 0L), .Dim = c(9L, 2L), .Dimnames = structure(list(
    c("-1", "-2", "-3", "-4", "-5", "0", "1", "2", NA), c("A", 
    NA)), .Names = c("", "")), class = "table"), AKMmono11_SNP1 = structure(c(1L, 
0L, 0L, 0L, 2L, 0L, 0L, 0L, 0L, 0L, 0L, 0L, 0L, 0L, 0L, 1L, 2259L, 
1752L, 74L, 2L, 3867L, 111L, 2L, 318L, 314L, 75L, 1L, 0L, 789L, 
42L, 0L, 0L), .Dim = c(8L, 4L), .Dimnames = structure(list(c("-1", 
"-2", "-3", "-4", "0", "1", "2", NA), c("A", "C", "T", NA)), .Names = c("", 
"")), class = "table"), AKMmono12_SNP1 = structure(c(1L, 2L, 
0L, 0L, 0L, 0L, 0L, 0L, 1L, 1705L, 2270L, 149L, 7L, 2L, 3137L, 
117L, 5L, 135L, 0L, 1L, 0L, 0L, 0L, 0L, 1L, 0L, 0L, 42L, 61L, 
1L, 0L, 0L, 283L, 1L, 0L, 0L), .Dim = c(9L, 4L), .Dimnames = structure(list(
    c("-1", "-2", "-3", "-4", "-5", "0", "1", "2", NA), c("A", 
    "C", "T", NA)), .Names = c("", "")), class = "table"), AKMmono13_SNP1 = structure(c(824L, 
1700L, 87L, 3L, 3593L, 141L, 2L, 102L, 0L, 1L, 0L, 0L, 0L, 0L, 
0L, 0L, 0L, 0L, 0L, 0L, 1L, 0L, 0L, 0L, 20L, 20L, 1L, 0L, 221L, 
3L, 0L, 0L), .Dim = c(8L, 4L), .Dimnames = structure(list(c("-1", 
"-2", "-3", "-4", "0", "1", "2", NA), c("A", "C", "G", NA)), .Names = c("", 
"")), class = "table"), AKMmono16_SNP1 = structure(c(1869L, 199L, 
10L, 3971L, 116L, 3L, 1L, 73L, 0L, 0L, 0L, 3L, 0L, 0L, 0L, 0L, 
39L, 5L, 0L, 255L, 4L, 1L, 0L, 0L), .Dim = c(8L, 3L), .Dimnames = structure(list(
    c("-1", "-2", "-3", "0", "1", "2", "3", NA), c("A", "T", 
    NA)), .Names = c("", "")), class = "table"), AKMmono22_SNP1 = structure(c(537L, 
128L, 34L, 599L, 44L, 1666L, 122L, 8L, 1L, 148L, 22L, 5L, 1L, 
15L, 0L, 155L, 5L, 1L, 0L, 0L), .Dim = c(10L, 2L), .Dimnames = structure(list(
    c("-1", "-2", "-3", "-4", "-5", "0", "1", "2", "3", NA), 
    c("A", NA)), .Names = c("", "")), class = "table"), EJmono05_SNP1 = structure(c(1L, 
0L, 0L, 1L, 0L, 0L, 0L, 1889L, 154L, 4L, 3468L, 1202L, 54L, 135L, 
27L, 3L, 0L, 165L, 33L, 1L, 0L), .Dim = c(7L, 3L), .Dimnames = structure(list(
    c("-1", "-2", "-3", "0", "1", "2", NA), c("A", "T", NA)), .Names = c("", 
"")), class = "table"), EJmono16_SNP1 = structure(c(579L, 937L, 
547L, 8L, 2L, 1L, 4262L, 318L, 15L, 363L, 5L, 8L, 1L, 0L, 0L, 
0L, 46L, 2L, 0L, 0L), .Dim = c(10L, 2L), .Dimnames = structure(list(
    c("-1", "-2", "-3", "-4", "-5", "-6", "0", "1", "2", NA), 
    c("A", NA)), .Names = c("", "")), class = "table"), LMmono01_SNP1 = structure(c(376L, 
33L, 1L, 824L, 12L, 1L, 11L, 12L, 1L, 0L, 61L, 3L, 0L, 0L), .Dim = c(7L, 
2L), .Dimnames = structure(list(c("-1", "-2", "-3", "0", "1", 
"2", NA), c("A", NA)), .Names = c("", "")), class = "table"), 
    LMmono03_SNP1 = structure(c(0L, 0L, 0L, 0L, 0L, 1L, 0L, 0L, 
    0L, 0L, 610L, 416L, 827L, 100L, 21L, 1228L, 53L, 1L, 1L, 
    134L, 18L, 12L, 10L, 0L, 0L, 69L, 1L, 0L, 0L, 0L), .Dim = c(10L, 
    3L), .Dimnames = structure(list(c("-1", "-2", "-3", "-4", 
    "-5", "0", "1", "2", "3", NA), c("A", "C", NA)), .Names = c("", 
    "")), class = "table"), LMmono09_SNP1 = structure(c(1L, 0L, 
    0L, 0L, 0L, 0L, 0L, 0L, 0L, 1718L, 300L, 1675L, 266L, 2L, 
    3794L, 225L, 6L, 309L, 20L, 5L, 14L, 8L, 0L, 53L, 1L, 1L, 
    0L), .Dim = c(9L, 3L), .Dimnames = structure(list(c("-1", 
    "-2", "-3", "-4", "-5", "0", "1", "2", NA), c("A", "T", NA
    )), .Names = c("", "")), class = "table"), LMmono12_SNP1 = structure(c(1L, 
    0L, 0L, 0L, 0L, 0L, 0L, 0L, 0L, 599L, 92L, 877L, 62L, 1L, 
    2371L, 184L, 9L, 161L, 4L, 0L, 4L, 3L, 0L, 71L, 1L, 0L, 0L
    ), .Dim = c(9L, 3L), .Dimnames = structure(list(c("-1", "-2", 
    "-3", "-4", "-5", "0", "1", "2", NA), c("-", "A", NA)), .Names = c("", 
    "")), class = "table"), LMmono16_SNP1 = structure(c(1818L, 
    1694L, 1496L, 158L, 4L, 2484L, 224L, 16L, 1L, 1L, 277L, 0L, 
    2L, 0L, 0L, 0L, 0L, 0L, 0L, 0L, 0L, 1L, 0L, 0L, 1L, 0L, 0L, 
    0L, 0L, 0L, 0L, 0L, 0L, 72L, 42L, 39L, 6L, 0L, 349L, 18L, 
    1L, 0L, 0L, 0L), .Dim = c(11L, 4L), .Dimnames = structure(list(
        c("-1", "-2", "-3", "-4", "-5", "0", "1", "2", "3", "5", 
        NA), c("A", "C", "G", NA)), .Names = c("", "")), class = "table"), 
    MSJmono10_SNP1 = structure(c(1559L, 225L, 7L, 2860L, 146L, 
    8L, 29L, 0L, 0L, 0L, 1L, 0L, 0L, 0L, 33L, 4L, 1L, 182L, 5L, 
    0L, 0L), .Dim = c(7L, 3L), .Dimnames = structure(list(c("-1", 
    "-2", "-3", "0", "1", "2", NA), c("C", "G", NA)), .Names = c("", 
    "")), class = "table"), MSJmono19ms1_SNP1 = structure(c(2041L, 
    282L, 16L, 3L, 5794L, 251L, 13L, 267L, 5L, 0L, 0L, 0L, 8L, 
    0L, 0L, 2L, 0L, 0L, 0L, 0L, 1L, 0L, 0L, 0L, 0L, 0L, 0L, 0L, 
    2L, 0L, 0L, 0L, 134L, 11L, 2L, 0L, 599L, 19L, 1L, 0L), .Dim = c(8L, 
    5L), .Dimnames = structure(list(c("-1", "-2", "-3", "-4", 
    "0", "1", "2", NA), c("A", "C", "G", "T", NA)), .Names = c("", 
    "")), class = "table"), MSJmono19ms2_SNP1 = structure(c(3088L, 
    108L, 1L, 4228L, 58L, 4L, 368L, 38L, 0L, 0L, 332L, 1L, 0L, 
    0L), .Dim = c(7L, 2L), .Dimnames = structure(list(c("-1", 
    "-2", "-3", "0", "1", "2", NA), c("C", NA)), .Names = c("", 
    "")), class = "table"), MSJmono36_SNP1 = structure(c(0L, 
    0L, 0L, 0L, 3L, 0L, 0L, 0L, 0L, 0L, 0L, 537L, 757L, 48L, 
    2L, 4261L, 576L, 35L, 14L, 1L, 1L, 199L, 3L, 11L, 1L, 0L, 
    139L, 7L, 1L, 0L, 0L, 0L, 0L), .Dim = c(11L, 3L), .Dimnames = structure(list(
        c("-1", "-2", "-3", "-4", "0", "1", "2", "3", "4", "5", 
        NA), c("A", "G", NA)), .Names = c("", "")), class = "table"), 
    MSJmono44_SNP1 = structure(c(1L, 0L, 0L, 0L, 0L, 0L, 0L, 
    0L, 0L, 0L, 0L, 0L, 1L, 0L, 0L, 0L, 0L, 0L, 0L, 0L, 1L, 0L, 
    0L, 0L, 884L, 823L, 9L, 2L, 3536L, 83L, 2L, 51L, 14L, 8L, 
    0L, 0L, 89L, 2L, 0L, 0L), .Dim = c(8L, 5L), .Dimnames = structure(list(
        c("-1", "-2", "-3", "-4", "0", "1", "2", NA), c("-", 
        "C", "G", "T", NA)), .Names = c("", "")), class = "table"), 
    MSJmono46_SNP1 = structure(c(260L, 340L, 154L, 20L, 346L, 
    26L, 37L, 0L, 0L, 0L, 0L, 0L, 0L, 1L, 3L, 2L, 4L, 0L, 14L, 
    0L, 0L), .Dim = c(7L, 3L), .Dimnames = structure(list(c("-1", 
    "-2", "-3", "-4", "0", "1", NA), c("C", "T", NA)), .Names = c("", 
    "")), class = "table"), LMmono04v2_SNP1 = structure(c(0L, 
    1L, 0L, 0L, 0L, 0L, 0L, 0L, 176L, 974L, 84L, 1L, 1087L, 56L, 
    1L, 23L, 2L, 7L, 0L, 0L, 0L, 0L, 0L, 0L, 1L, 14L, 0L, 1L, 
    61L, 3L, 0L, 0L), .Dim = c(8L, 4L), .Dimnames = structure(list(
        c("-1", "-2", "-3", "-4", "0", "1", "2", NA), c("A", 
        "C", "T", NA)), .Names = c("", "")), class = "table"), 
    AKMmono01v2_SNP1 = structure(c(0L, 0L, 0L, 0L, 1L, 0L, 0L, 
    0L, 1L, 1L, 0L, 0L, 1L, 0L, 0L, 0L, 0L, 0L, 1L, 0L, 1L, 0L, 
    0L, 0L, 1570L, 314L, 1110L, 56L, 2038L, 51L, 2L, 95L, 24L, 
    8L, 6L, 0L, 90L, 3L, 0L, 0L), .Dim = c(8L, 5L), .Dimnames = structure(list(
        c("-1", "-2", "-3", "-4", "0", "1", "2", NA), c("-", 
        "C", "G", "T", NA)), .Names = c("", "")), class = "table"), 
    AKMmono10v2_SNP1 = structure(c(79L, 251L, 2L, 1L, 707L, 15L, 
    6L, 0L, 0L, 0L, 0L, 1L, 0L, 0L, 0L, 2L, 0L, 0L, 26L, 0L, 
    0L), .Dim = c(7L, 3L), .Dimnames = structure(list(c("-1", 
    "-2", "-3", "-4", "0", "1", NA), c("A", "G", NA)), .Names = c("", 
    "")), class = "table"), AKMmono17v2_SNP1 = structure(c(0L, 
    0L, 0L, 1L, 0L, 0L, 36L, 11L, 195L, 215L, 1L, 8L, 0L, 0L, 
    0L, 5L, 0L, 0L),