Result <-
list(AKMmono02_SNP1 = structure(c(0L, 0L, 0L, 1L, 0L, 0L, 0L, 
536L, 46L, 3L, 5290L, 242L, 11L, 159L, 5L, 0L, 0L, 108L, 3L, 
0L, 0L), .Dim = c(7L, 3L), .Dimnames = structure(list(c("-1", 
"-2", "-3", "0", "1", "2", NA), c("C", "T", NA)), .Names = c("", 
"")), class = "table"), AKMmono03_SNP1 = structure(c(1799L, 846L, 
94L, 7L, 15423L, 203L, 5L, 210L, 0L, 0L, 0L, 0L, 1L, 0L, 0L, 
0L, 98L, 29L, 0L, 0L, 1132L, 10L, 0L, 0L), .Dim = c(8L, 3L), .Dimnames = structure(list(
    c("-1", "-2", "-3", "-4", "0", "1", "2", NA), c("A", "G", 
    NA)), .Names = c("", "")), class = "table"), AKMmono05_SNP1 = structure(c(1364L, 
847L, 132L, 17L, 1L, 8304L, 318L, 9L, 1L, 168L, 0L, 0L, 0L, 0L, 
0L, 1L, 0L, 0L, 0L, 0L, 0L, 0L, 0L, 0L, 0L, 2L, 0L, 0L, 0L, 0L, 
60L, 23L, 1L, 1L, 0L, 824L, 28L, 0L, 0L, 0L), .Dim = c(10L, 4L
), .Dimnames = structure(list(c("-1", "-2", "-3", "-4", "-5", 
"0", "1", "2", "3", NA), c("A", "C", "T", NA)), .Names = c("", 
"")), class = "table"), AKMmono11_SNP1 = structure(c(0L, 0L, 
0L, 6L, 0L, 0L, 0L, 1551L, 162L, 5L, 12577L, 224L, 1L, 218L, 
259L, 7L, 0L, 2413L, 59L, 0L, 0L), .Dim = c(7L, 3L), .Dimnames = structure(list(
    c("-1", "-2", "-3", "0", "1", "2", NA), c("A", "T", NA)), .Names = c("", 
"")), class = "table"), AKMmono12_SNP1 = structure(c(0L, 0L, 
0L, 0L, 3L, 0L, 0L, 0L, 1681L, 161L, 11L, 4L, 10799L, 238L, 8L, 
86L, 0L, 0L, 0L, 0L, 1L, 0L, 0L, 0L, 0L, 0L, 0L, 0L, 1L, 0L, 
0L, 0L, 49L, 8L, 1L, 0L, 864L, 6L, 0L, 0L), .Dim = c(8L, 5L), .Dimnames = structure(list(
    c("-1", "-2", "-3", "-4", "0", "1", "2", NA), c("A", "C", 
    "G", "T", NA)), .Names = c("", "")), class = "table"), AKMmono13_SNP1 = structure(c(1073L, 
75L, 3L, 9340L, 230L, 6L, 98L, 0L, 0L, 0L, 2L, 0L, 0L, 0L, 33L, 
1L, 0L, 536L, 7L, 0L, 0L), .Dim = c(7L, 3L), .Dimnames = structure(list(
    c("-1", "-2", "-3", "0", "1", "2", NA), c("A", "T", NA)), .Names = c("", 
"")), class = "table"), AKMmono16_SNP1 = structure(c(667L, 68L, 
6L, 6488L, 120L, 3L, 28L, 0L, 0L, 0L, 1L, 0L, 0L, 0L, 0L, 0L, 
0L, 6L, 0L, 0L, 0L, 8L, 0L, 0L, 346L, 5L, 0L, 0L), .Dim = c(7L, 
4L), .Dimnames = structure(list(c("-1", "-2", "-3", "0", "1", 
"2", NA), c("A", "G", "T", NA)), .Names = c("", "")), class = "table"), 
    AKMmono22_SNP1 = structure(c(1478L, 290L, 34L, 4L, 7690L, 
    442L, 24L, 2L, 374L, 1L, 0L, 0L, 0L, 2L, 0L, 0L, 0L, 0L, 
    0L, 0L, 0L, 0L, 1L, 0L, 0L, 0L, 0L, 63L, 10L, 1L, 0L, 681L, 
    10L, 1L, 0L, 0L), .Dim = c(9L, 4L), .Dimnames = structure(list(
        c("-1", "-2", "-3", "-4", "0", "1", "2", "3", NA), c("A", 
        "G", "T", NA)), .Names = c("", "")), class = "table"), 
    EJmono05_SNP1 = structure(c(0L, 0L, 0L, 1L, 0L, 0L, 0L, 1356L, 
    96L, 2L, 6880L, 124L, 1L, 67L, 15L, 0L, 0L, 222L, 3L, 0L, 
    0L), .Dim = c(7L, 3L), .Dimnames = structure(list(c("-1", 
    "-2", "-3", "0", "1", "2", NA), c("-", "T", NA)), .Names = c("", 
    "")), class = "table"), EJmono16_SNP1 = structure(c(1117L, 
    76L, 6L, 1L, 10255L, 504L, 29L, 1L, 462L, 0L, 0L, 0L, 0L, 
    1L, 0L, 0L, 0L, 0L, 7L, 0L, 0L, 0L, 111L, 0L, 0L, 0L, 0L), .Dim = c(9L, 
    3L), .Dimnames = structure(list(c("-1", "-2", "-3", "-4", 
    "0", "1", "2", "3", NA), c("A", "G", NA)), .Names = c("", 
    "")), class = "table"), LMmono01_SNP1 = structure(c(1088L, 
    64L, 1L, 6792L, 124L, 50L, 0L, 0L, 0L, 1L, 0L, 0L, 0L, 0L, 
    0L, 2L, 0L, 0L, 49L, 3L, 0L, 448L, 7L, 0L), .Dim = c(6L, 
    4L), .Dimnames = structure(list(c("-1", "-2", "-3", "0", 
    "1", NA), c("A", "C", "G", NA)), .Names = c("", "")), class = "table"), 
    LMmono03_SNP1 = structure(c(0L, 0L, 0L, 0L, 4L, 0L, 0L, 1L, 
    958L, 172L, 21L, 2L, 3535L, 112L, 3L, 138L, 0L, 0L, 0L, 0L, 
    1L, 0L, 0L, 0L, 26L, 3L, 1L, 0L, 263L, 1L, 0L, 0L), .Dim = c(8L, 
    4L), .Dimnames = structure(list(c("-1", "-2", "-3", "-4", 
    "0", "1", "2", NA), c("A", "C", "T", NA)), .Names = c("", 
    "")), class = "table"), LMmono09_SNP1 = structure(c(0L, 1L, 
    0L, 0L, 0L, 0L, 0L, 0L, 1837L, 154L, 197L, 2L, 13953L, 389L, 
    7L, 272L, 1L, 2L, 0L, 0L, 160L, 0L, 0L, 0L), .Dim = c(8L, 
    3L), .Dimnames = structure(list(c("-1", "-2", "-3", "-4", 
    "0", "1", "2", NA), c("C", "T", NA)), .Names = c("", "")), class = "table"), 
    LMmono12_SNP1 = structure(c(1203L, 115L, 7L, 5203L, 355L, 
    22L, 3L, 185L, 0L, 0L, 0L, 1L, 0L, 0L, 0L, 0L, 7L, 3L, 0L, 
    186L, 3L, 0L, 0L, 0L), .Dim = c(8L, 3L), .Dimnames = structure(list(
        c("-1", "-2", "-3", "0", "1", "2", "3", NA), c("A", "G", 
        NA)), .Names = c("", "")), class = "table"), LMmono16_SNP1 = structure(c(1012L, 
    148L, 11L, 1L, 7297L, 590L, 36L, 1194L, 3L, 268L, 24L, 1L, 
    430L, 0L, 0L, 0L, 0L, 1L, 0L, 0L, 0L, 0L, 0L, 0L, 0L, 0L, 
    40L, 2L, 1L, 0L, 1137L, 27L, 1L, 62L, 1L, 24L, 1L, 0L, 0L
    ), .Dim = c(13L, 3L), .Dimnames = structure(list(c("-1", 
    "-2", "-3", "-4", "0", "1", "2", "3", "4", "5", "6", "7", 
    NA), c("A", "T", NA)), .Names = c("", "")), class = "table"), 
    MSJmono10_SNP1 = structure(c(1L, 0L, 0L, 1L, 0L, 0L, 0L, 
    727L, 98L, 4L, 6627L, 217L, 7L, 24L, 21L, 2L, 0L, 359L, 12L, 
    1L, 0L), .Dim = c(7L, 3L), .Dimnames = structure(list(c("-1", 
    "-2", "-3", "0", "1", "2", NA), c("A", "C", NA)), .Names = c("", 
    "")), class = "table"), MSJmono19ms1_SNP1 = structure(c(0L, 
    0L, 0L, 0L, 1L, 0L, 0L, 0L, 994L, 43L, 10L, 1L, 13217L, 359L, 
    4L, 296L, 0L, 0L, 0L, 0L, 27L, 1L, 0L, 3L, 0L, 0L, 0L, 0L, 
    2L, 0L, 0L, 0L, 0L, 0L, 0L, 0L, 9L, 0L, 0L, 0L, 74L, 1L, 
    0L, 0L, 1366L, 24L, 1L, 0L), .Dim = c(8L, 6L), .Dimnames = structure(list(
        c("-1", "-2", "-3", "-4", "0", "1", "2", NA), c("-", 
        "A", "C", "G", "T", NA)), .Names = c("", "")), class = "table"), 
    MSJmono19ms2_SNP1 = structure(c(0L, 0L, 3L, 0L, 0L, 736L, 
    15L, 13521L, 147L, 145L, 4L, 0L, 945L, 0L, 0L), .Dim = c(5L, 
    3L), .Dimnames = structure(list(c("-1", "-2", "0", "1", NA
    ), c("A", "C", NA)), .Names = c("", "")), class = "table"), 
    MSJmono36_SNP1 = structure(c(0L, 0L, 0L, 4L, 0L, 0L, 0L, 
    0L, 0L, 0L, 1L, 0L, 0L, 0L, 1411L, 78L, 5L, 14150L, 327L, 
    8L, 258L, 0L, 0L, 0L, 2L, 0L, 0L, 0L, 10L, 0L, 0L, 374L, 
    2L, 0L, 0L), .Dim = c(7L, 5L), .Dimnames = structure(list(
        c("-1", "-2", "-3", "0", "1", "2", NA), c("A", "C", "G", 
        "T", NA)), .Names = c("", "")), class = "table"), MSJmono44_SNP1 = structure(c(1L, 
    0L, 0L, 5L, 5L, 0L, 0L, 0L, 0L, 0L, 1L, 0L, 0L, 0L, 0L, 0L, 
    0L, 0L, 0L, 0L, 905L, 38L, 16L, 2L, 0L, 7094L, 123L, 1L, 
    3L, 63L, 11L, 2L, 0L, 0L, 0L, 140L, 1L, 0L, 0L, 0L), .Dim = c(10L, 
    4L), .Dimnames = structure(list(c("-1", "-2", "-3", "-4", 
    "-5", "0", "1", "3", "7", NA), c("-", "G", "T", NA)), .Names = c("", 
    "")), class = "table"), MSJmono46_SNP1 = structure(c(0L, 
    0L, 0L, 1L, 0L, 0L, 0L, 588L, 76L, 2L, 2551L, 122L, 5L, 66L, 
    0L, 0L, 0L, 1L, 0L, 0L, 0L, 9L, 3L, 0L, 71L, 1L, 0L, 0L), .Dim = c(7L, 
    4L), .Dimnames = structure(list(c("-1", "-2", "-3", "0", 
    "1", "2", NA), c("A", "C", "T", NA)), .Names = c("", "")), class = "table"), 
    LMmono04v2_SNP1 = structure(c(0L, 0L, 0L, 1L, 0L, 0L, 0L, 
    459L, 120L, 6L, 3442L, 143L, 4L, 20L, 7L, 2L, 0L, 155L, 9L, 
    1L, 0L), .Dim = c(7L, 3L), .Dimnames = structure(list(c("-1", 
    "-2", "-3", "0", "1", "2", NA), c("A", "C", NA)), .Names = c("", 
    "")), class = "table"), AKMmono01v2_SNP1 = structure(c(0L, 
    0L, 0L, 0L, 0L, 0L, 1L, 1L, 0L, 0L, 1L, 1L, 0L, 0L, 956L, 
    58L, 3L, 5470L, 79L, 4L, 64L, 17L, 1L, 0L, 253L, 2L, 0L, 
    0L), .Dim = c(7L, 4L), .Dimnames = structure(list(c("-1", 
    "-2", "-3", "0", "1", "2", NA), c("A", "C", "T", NA)), .Names = c("", 
    "")), class = "table"), AKMmono10v2_SNP1 = structure(c(84L, 
    3L, 2228L, 31L, 7L, 0L, 0L, 1L, 0L, 0L, 2L, 0L, 68L, 1L, 
    0L), .Dim = c(5L, 3L), .Dimnames = structure(list(c("-1", 
    "-2", "0", "1", NA), c("A", "G", NA)), .Names = c("", "")), class = "table"), 
    AKMmono17v2_SNP1 = structure(c(2L, 0L, 16L, 1L, 1L, 57L, 
    10L, 970L, 10L, 8L, 2L, 0L, 30L, 0L, 0L),