Result <-
list(AKMmono02_SNP1 = structure(c(342L, 280L, 7L, 2413L, 95L, 
1L, 87L, 7L, 5L, 0L, 51L, 2L, 0L, 0L), .Dim = c(7L, 2L), .Dimnames = structure(list(
    c("-1", "-2", "-3", "0", "1", "2", NA), c("T", NA)), .Names = c("", 
"")), class = "table"), AKMmono03_SNP1 = structure(c(2430L, 398L, 
108L, 10L, 11964L, 312L, 8L, 220L, 0L, 0L, 0L, 0L, 1L, 0L, 0L, 
0L, 1L, 0L, 0L, 0L, 1L, 0L, 0L, 0L, 104L, 17L, 2L, 0L, 970L, 
11L, 0L, 0L), .Dim = c(8L, 4L), .Dimnames = structure(list(c("-1", 
"-2", "-3", "-4", "0", "1", "2", NA), c("A", "C", "G", NA)), .Names = c("", 
"")), class = "table"), AKMmono05_SNP1 = structure(c(1258L, 365L, 
97L, 11L, 6751L, 272L, 15L, 1L, 136L, 0L, 0L, 0L, 0L, 6L, 0L, 
0L, 0L, 0L, 0L, 0L, 0L, 0L, 3L, 0L, 0L, 0L, 0L, 0L, 0L, 0L, 0L, 
1L, 0L, 0L, 0L, 1L, 64L, 11L, 0L, 0L, 650L, 27L, 0L, 0L, 0L), .Dim = c(9L, 
5L), .Dimnames = structure(list(c("-1", "-2", "-3", "-4", "0", 
"1", "2", "3", NA), c("A", "C", "G", "T", NA)), .Names = c("", 
"")), class = "table"), AKMmono11_SNP1 = structure(c(0L, 0L, 
0L, 1L, 0L, 0L, 0L, 0L, 0L, 0L, 1L, 0L, 0L, 1L, 2407L, 326L, 
6L, 9226L, 234L, 5L, 328L, 354L, 14L, 1L, 1694L, 47L, 0L, 0L), .Dim = c(7L, 
4L), .Dimnames = structure(list(c("-1", "-2", "-3", "0", "1", 
"2", NA), c("A", "C", "T", NA)), .Names = c("", "")), class = "table"), 
    AKMmono12_SNP1 = structure(c(0L, 0L, 0L, 1L, 0L, 0L, 0L, 
    1L, 0L, 0L, 1L, 0L, 0L, 0L, 1361L, 124L, 7L, 6821L, 186L, 
    8L, 68L, 1L, 0L, 0L, 2L, 0L, 0L, 0L, 43L, 3L, 0L, 586L, 3L, 
    1L, 0L), .Dim = c(7L, 5L), .Dimnames = structure(list(c("-1", 
    "-2", "-3", "0", "1", "2", NA), c("-", "A", "C", "T", NA)), .Names = c("", 
    "")), class = "table"), AKMmono13_SNP1 = structure(c(1057L, 
    95L, 3L, 9704L, 358L, 10L, 103L, 0L, 0L, 0L, 1L, 0L, 0L, 
    0L, 0L, 0L, 0L, 1L, 0L, 0L, 0L, 39L, 1L, 0L, 598L, 15L, 1L, 
    0L), .Dim = c(7L, 4L), .Dimnames = structure(list(c("-1", 
    "-2", "-3", "0", "1", "2", NA), c("A", "G", "T", NA)), .Names = c("", 
    "")), class = "table"), AKMmono16_SNP1 = structure(c(1100L, 
    613L, 650L, 8L, 1L, 6523L, 146L, 3L, 57L, 1L, 0L, 0L, 0L, 
    0L, 0L, 0L, 0L, 0L, 0L, 1L, 0L, 0L, 0L, 3L, 0L, 0L, 0L, 15L, 
    7L, 10L, 0L, 0L, 400L, 9L, 0L, 0L), .Dim = c(9L, 4L), .Dimnames = structure(list(
        c("-1", "-2", "-3", "-4", "-5", "0", "1", "2", NA), c("A", 
        "G", "T", NA)), .Names = c("", "")), class = "table"), 
    AKMmono22_SNP1 = structure(c(910L, 553L, 155L, 13L, 2L, 3481L, 
    206L, 10L, 1L, 267L, 0L, 0L, 0L, 0L, 0L, 2L, 0L, 0L, 0L, 
    0L, 37L, 14L, 4L, 0L, 0L, 339L, 15L, 1L, 0L, 0L), .Dim = c(10L, 
    3L), .Dimnames = structure(list(c("-1", "-2", "-3", "-4", 
    "-5", "0", "1", "2", "3", NA), c("A", "G", NA)), .Names = c("", 
    "")), class = "table"), EJmono05_SNP1 = structure(c(1695L, 
    132L, 7L, 6899L, 173L, 4L, 75L, 18L, 5L, 0L, 237L, 2L, 0L, 
    0L), .Dim = c(7L, 2L), .Dimnames = structure(list(c("-1", 
    "-2", "-3", "0", "1", "2", NA), c("T", NA)), .Names = c("", 
    "")), class = "table"), EJmono16_SNP1 = structure(c(939L, 
    88L, 1L, 1L, 11506L, 778L, 47L, 1L, 486L, 0L, 0L, 0L, 0L, 
    2L, 0L, 0L, 0L, 0L, 8L, 0L, 0L, 0L, 135L, 3L, 0L, 0L, 0L), .Dim = c(9L, 
    3L), .Dimnames = structure(list(c("-1", "-2", "-3", "-4", 
    "0", "1", "2", "3", NA), c("A", "G", NA)), .Names = c("", 
    "")), class = "table"), LMmono01_SNP1 = structure(c(1293L, 
    688L, 28L, 5631L, 151L, 0L, 67L, 1L, 1L, 0L, 1L, 0L, 0L, 
    0L, 0L, 1L, 0L, 0L, 0L, 0L, 0L, 48L, 10L, 0L, 352L, 12L, 
    1L, 0L), .Dim = c(7L, 4L), .Dimnames = structure(list(c("-1", 
    "-2", "-3", "0", "1", "2", NA), c("A", "G", "T", NA)), .Names = c("", 
    "")), class = "table"), LMmono03_SNP1 = structure(c(0L, 0L, 
    0L, 0L, 0L, 0L, 1L, 0L, 0L, 0L, 549L, 98L, 625L, 376L, 17L, 
    1L, 2376L, 80L, 3L, 134L, 0L, 0L, 0L, 0L, 0L, 0L, 1L, 0L, 
    0L, 0L, 1L, 0L, 0L, 0L, 0L, 0L, 13L, 2L, 0L, 1L, 13L, 4L, 
    9L, 2L, 0L, 0L, 154L, 4L, 0L, 0L), .Dim = c(10L, 5L), .Dimnames = structure(list(
        c("-1", "-2", "-3", "-4", "-5", "-6", "0", "1", "2", 
        NA), c("A", "C", "G", "T", NA)), .Names = c("", "")), class = "table"), 
    LMmono09_SNP1 = structure(c(0L, 0L, 0L, 0L, 0L, 1L, 0L, 0L, 
    0L, 0L, 0L, 0L, 0L, 0L, 1L, 0L, 0L, 0L, 0L, 0L, 0L, 0L, 0L, 
    1L, 0L, 0L, 0L, 3023L, 727L, 212L, 31L, 10L, 7300L, 257L, 
    8L, 354L, 24L, 3L, 2L, 0L, 1L, 106L, 3L, 0L, 0L), .Dim = c(9L, 
    5L), .Dimnames = structure(list(c("-1", "-2", "-3", "-4", 
    "-5", "0", "1", "2", NA), c("-", "A", "G", "T", NA)), .Names = c("", 
    "")), class = "table"), LMmono12_SNP1 = structure(c(1151L, 
    412L, 304L, 12L, 4675L, 373L, 22L, 1L, 245L, 12L, 0L, 2L, 
    2L, 157L, 9L, 0L, 0L, 0L), .Dim = c(9L, 2L), .Dimnames = structure(list(
        c("-1", "-2", "-3", "-4", "0", "1", "2", "3", NA), c("A", 
        NA)), .Names = c("", "")), class = "table"), LMmono16_SNP1 = structure(c(1017L, 
    805L, 106L, 4L, 1L, 5992L, 432L, 18L, 760L, 2L, 244L, 22L, 
    2L, 358L, 0L, 0L, 0L, 0L, 0L, 1L, 0L, 0L, 0L, 0L, 0L, 0L, 
    0L, 0L, 35L, 20L, 2L, 0L, 0L, 870L, 16L, 1L, 49L, 0L, 26L, 
    3L, 0L, 0L), .Dim = c(14L, 3L), .Dimnames = structure(list(
        c("-1", "-2", "-3", "-4", "-5", "0", "1", "2", "3", "4", 
        "5", "6", "7", NA), c("A", "G", NA)), .Names = c("", 
    "")), class = "table"), MSJmono10_SNP1 = structure(c(0L, 
    0L, 0L, 1L, 0L, 0L, 0L, 717L, 252L, 29L, 3981L, 154L, 5L, 
    33L, 18L, 5L, 0L, 241L, 9L, 2L, 0L), .Dim = c(7L, 3L), .Dimnames = structure(list(
        c("-1", "-2", "-3", "0", "1", "2", NA), c("A", "C", NA
        )), .Names = c("", "")), class = "table"), MSJmono19ms1_SNP1 = structure(c(1173L, 
    721L, 1117L, 56L, 2L, 1L, 15492L, 645L, 11L, 2L, 586L, 0L, 
    0L, 0L, 0L, 0L, 0L, 18L, 0L, 0L, 0L, 1L, 1L, 0L, 0L, 0L, 
    0L, 0L, 5L, 1L, 0L, 0L, 0L, 0L, 0L, 0L, 0L, 0L, 0L, 10L, 
    0L, 0L, 0L, 1L, 100L, 36L, 50L, 7L, 0L, 0L, 1636L, 56L, 1L, 
    0L, 0L), .Dim = c(11L, 5L), .Dimnames = structure(list(c("-1", 
    "-2", "-3", "-4", "-5", "-6", "0", "1", "2", "3", NA), c("A", 
    "C", "G", "T", NA)), .Names = c("", "")), class = "table"), 
    MSJmono19ms2_SNP1 = structure(c(1L, 0L, 0L, 0L, 0L, 0L, 2431L, 
    65L, 15728L, 261L, 4L, 426L, 0L, 0L, 1L, 0L, 0L, 0L, 0L, 
    0L, 3L, 0L, 0L, 0L, 15L, 0L, 1201L, 2L, 0L, 0L), .Dim = 6:5, .Dimnames = structure(list(
        c("-1", "-2", "0", "1", "2", NA), c("A", "C", "G", "T", 
        NA)), .Names = c("", "")), class = "table"), MSJmono36_SNP1 = structure(c(0L, 
    0L, 0L, 5L, 0L, 0L, 0L, 1974L, 157L, 9L, 13586L, 427L, 18L, 
    344L, 0L, 0L, 0L, 2L, 0L, 0L, 0L, 12L, 2L, 1L, 427L, 5L, 
    0L, 0L), .Dim = c(7L, 4L), .Dimnames = structure(list(c("-1", 
    "-2", "-3", "0", "1", "2", NA), c("A", "G", "T", NA)), .Names = c("", 
    "")), class = "table"), MSJmono44_SNP1 = structure(c(2L, 
    0L, 0L, 3L, 0L, 0L, 0L, 0L, 0L, 4L, 0L, 0L, 0L, 0L, 0L, 2L, 
    0L, 0L, 2330L, 122L, 2L, 7152L, 161L, 88L, 25L, 3L, 0L, 157L, 
    3L, 0L), .Dim = 6:5, .Dimnames = structure(list(c("-1", "-2", 
    "-3", "0", "1", NA), c("-", "C", "G", "T", NA)), .Names = c("", 
    "")), class = "table"), MSJmono46_SNP1 = structure(c(303L, 
    332L, 35L, 2L, 1L, 878L, 45L, 3L, 1L, 61L, 6L, 4L, 0L, 0L, 
    0L, 37L, 0L, 0L, 0L, 0L), .Dim = c(10L, 2L), .Dimnames = structure(list(
        c("-1", "-2", "-3", "-4", "-5", "0", "1", "2", "3", NA
        ), c("C", NA)), .Names = c("", "")), class = "table"), 
    LMmono04v2_SNP1 = structure(c(0L, 0L, 0L, 0L, 1L, 0L, 0L, 
    0L, 0L, 590L, 358L, 15L, 1L, 2949L, 154L, 7L, 1L, 31L, 10L, 
    8L, 0L, 0L, 136L, 7L, 2L, 0L, 0L), .Dim = c(9L, 3L), .Dimnames = structure(list(
        c("-1", "-2", "-3", "-4", "0", "1", "2", "3", NA), c("A", 
        "C", NA)), .Names = c("", "")), class = "table"), AKMmono01v2_SNP1 = structure(c(1L, 
    0L, 0L, 0L, 1L, 0L, 0L, 2042L, 807L, 71L, 1L, 31L, 1L, 122L, 
    759L, 203L, 9L, 0L, 2379L, 51L, 44L, 53L, 22L, 2L, 0L, 79L, 
    0L, 0L), .Dim = c(7L, 4L),