Result <-
list(AKMmono02_SNP1 = structure(c(217L, 8L, 1L, 2066L, 54L, 48L, 
4L, 0L, 0L, 33L, 0L, 0L), .Dim = c(6L, 2L), .Dimnames = structure(list(
    c("-1", "-2", "-3", "0", "1", NA), c("T", NA)), .Names = c("", 
"")), class = "table"), AKMmono03_SNP1 = structure(c(1158L, 253L, 
37L, 1L, 8653L, 172L, 7L, 1L, 96L, 0L, 0L, 0L, 0L, 2L, 0L, 0L, 
0L, 0L, 60L, 8L, 0L, 0L, 664L, 13L, 0L, 0L, 0L), .Dim = c(9L, 
3L), .Dimnames = structure(list(c("-1", "-2", "-3", "-4", "0", 
"1", "2", "3", NA), c("A", "T", NA)), .Names = c("", "")), class = "table"), 
    AKMmono05_SNP1 = structure(c(1068L, 144L, 27L, 4L, 6172L, 
    283L, 6L, 105L, 0L, 0L, 0L, 0L, 1L, 0L, 0L, 0L, 0L, 0L, 0L, 
    0L, 1L, 0L, 0L, 0L, 0L, 0L, 0L, 0L, 2L, 0L, 0L, 0L, 61L, 
    6L, 0L, 0L, 627L, 26L, 2L, 0L), .Dim = c(8L, 5L), .Dimnames = structure(list(
        c("-1", "-2", "-3", "-4", "0", "1", "2", NA), c("A", 
        "C", "G", "T", NA)), .Names = c("", "")), class = "table"), 
    AKMmono11_SNP1 = structure(c(0L, 0L, 0L, 0L, 3L, 0L, 0L, 
    0L, 985L, 74L, 5L, 1L, 7137L, 133L, 1L, 129L, 134L, 5L, 0L, 
    0L, 1326L, 39L, 1L, 0L), .Dim = c(8L, 3L), .Dimnames = structure(list(
        c("-1", "-2", "-3", "-4", "0", "1", "2", NA), c("A", 
        "T", NA)), .Names = c("", "")), class = "table"), AKMmono12_SNP1 = structure(c(684L, 
    56L, 5L, 1L, 4760L, 152L, 2L, 50L, 1L, 0L, 0L, 0L, 0L, 0L, 
    0L, 0L, 23L, 0L, 0L, 0L, 376L, 5L, 0L, 0L), .Dim = c(8L, 
    3L), .Dimnames = structure(list(c("-1", "-2", "-3", "-5", 
    "0", "1", "2", NA), c("C", "G", NA)), .Names = c("", "")), class = "table"), 
    AKMmono13_SNP1 = structure(c(479L, 38L, 3L, 6833L, 227L, 
    8L, 56L, 0L, 0L, 0L, 1L, 0L, 0L, 0L, 0L, 0L, 0L, 1L, 0L, 
    0L, 0L, 9L, 0L, 0L, 402L, 9L, 0L, 0L), .Dim = c(7L, 4L), .Dimnames = structure(list(
        c("-1", "-2", "-3", "0", "1", "2", NA), c("A", "G", "T", 
        NA)), .Names = c("", "")), class = "table"), AKMmono16_SNP1 = structure(c(598L, 
    27L, 2L, 4862L, 105L, 3L, 33L, 0L, 0L, 0L, 1L, 0L, 0L, 0L, 
    1L, 0L, 0L, 4L, 0L, 1L, 0L, 12L, 1L, 0L, 305L, 2L, 0L, 0L
    ), .Dim = c(7L, 4L), .Dimnames = structure(list(c("-1", "-2", 
    "-3", "0", "1", "2", NA), c("A", "G", "T", NA)), .Names = c("", 
    "")), class = "table"), AKMmono22_SNP1 = structure(c(0L, 
    0L, 0L, 0L, 0L, 0L, 0L, 1L, 611L, 100L, 9L, 1L, 3747L, 220L, 
    18L, 156L, 0L, 0L, 0L, 0L, 1L, 0L, 0L, 0L, 17L, 2L, 0L, 0L, 
    326L, 8L, 0L, 0L), .Dim = c(8L, 4L), .Dimnames = structure(list(
        c("-1", "-2", "-3", "-5", "0", "1", "2", NA), c("-", 
        "A", "T", NA)), .Names = c("", "")), class = "table"), 
    EJmono05_SNP1 = structure(c(0L, 0L, 0L, 1L, 0L, 0L, 0L, 862L, 
    77L, 3L, 7031L, 191L, 6L, 59L, 9L, 0L, 0L, 231L, 5L, 0L, 
    0L), .Dim = c(7L, 3L), .Dimnames = structure(list(c("-1", 
    "-2", "-3", "0", "1", "2", NA), c("A", "T", NA)), .Names = c("", 
    "")), class = "table"), EJmono16_SNP1 = structure(c(530L, 
    35L, 4L, 1L, 7L, 7516L, 484L, 21L, 318L, 0L, 0L, 0L, 0L, 
    0L, 2L, 0L, 0L, 0L, 3L, 0L, 0L, 0L, 0L, 91L, 3L, 2L, 0L), .Dim = c(9L, 
    3L), .Dimnames = structure(list(c("-1", "-2", "-3", "-4", 
    "-5", "0", "1", "2", NA), c("A", "T", NA)), .Names = c("", 
    "")), class = "table"), LMmono01_SNP1 = structure(c(360L, 
    16L, 3L, 2599L, 51L, 13L, 0L, 0L, 0L, 1L, 0L, 0L, 7L, 1L, 
    0L, 199L, 1L, 0L), .Dim = c(6L, 3L), .Dimnames = structure(list(
        c("-1", "-2", "-5", "0", "1", NA), c("A", "G", NA)), .Names = c("", 
    "")), class = "table"), LMmono03_SNP1 = structure(c(0L, 0L, 
    0L, 1L, 0L, 0L, 0L, 0L, 612L, 89L, 16L, 2517L, 83L, 5L, 1L, 
    124L, 0L, 1L, 0L, 2L, 0L, 0L, 0L, 0L, 18L, 3L, 0L, 172L, 
    4L, 0L, 0L, 0L), .Dim = c(8L, 4L), .Dimnames = structure(list(
        c("-1", "-2", "-3", "0", "1", "2", "3", NA), c("A", "C", 
        "T", NA)), .Names = c("", "")), class = "table"), LMmono09_SNP1 = structure(c(0L, 
    0L, 0L, 0L, 2L, 0L, 0L, 0L, 0L, 0L, 0L, 0L, 0L, 1L, 0L, 0L, 
    0L, 0L, 1094L, 154L, 40L, 3L, 5562L, 231L, 9L, 1L, 139L, 
    13L, 3L, 1L, 0L, 104L, 0L, 0L, 0L, 0L), .Dim = c(9L, 4L), .Dimnames = structure(list(
        c("-1", "-2", "-3", "-4", "0", "1", "2", "3", NA), c("C", 
        "G", "T", NA)), .Names = c("", "")), class = "table"), 
    LMmono12_SNP1 = structure(c(690L, 54L, 3L, 3552L, 272L, 18L, 
    143L, 5L, 0L, 0L, 109L, 4L, 0L, 0L), .Dim = c(7L, 2L), .Dimnames = structure(list(
        c("-1", "-2", "-3", "0", "1", "2", NA), c("A", NA)), .Names = c("", 
    "")), class = "table"), LMmono16_SNP1 = structure(c(676L, 
    85L, 7L, 4581L, 214L, 13L, 502L, 1L, 162L, 13L, 1L, 250L, 
    0L, 0L, 0L, 1L, 0L, 0L, 0L, 0L, 0L, 0L, 0L, 0L, 0L, 0L, 0L, 
    1L, 0L, 0L, 0L, 0L, 0L, 0L, 0L, 0L, 23L, 4L, 1L, 697L, 10L, 
    0L, 25L, 0L, 11L, 3L, 0L, 0L), .Dim = c(12L, 4L), .Dimnames = structure(list(
        c("-1", "-2", "-3", "0", "1", "2", "3", "4", "5", "6", 
        "7", NA), c("A", "C", "G", NA)), .Names = c("", "")), class = "table"), 
    MSJmono10_SNP1 = structure(c(0L, 0L, 1L, 0L, 0L, 0L, 0L, 
    199L, 3L, 2844L, 123L, 5L, 1L, 7L, 4L, 1L, 185L, 7L, 0L, 
    0L, 0L), .Dim = c(7L, 3L), .Dimnames = structure(list(c("-1", 
    "-2", "0", "1", "2", "3", NA), c("A", "C", NA)), .Names = c("", 
    "")), class = "table"), MSJmono19ms1_SNP1 = structure(c(692L, 
    41L, 3L, 10494L, 357L, 10L, 240L, 0L, 0L, 0L, 17L, 0L, 0L, 
    1L, 1L, 0L, 0L, 5L, 0L, 0L, 0L, 78L, 2L, 1L, 1088L, 37L, 
    1L, 0L), .Dim = c(7L, 4L), .Dimnames = structure(list(c("-1", 
    "-2", "-3", "0", "1", "2", NA), c("A", "C", "T", NA)), .Names = c("", 
    "")), class = "table"), MSJmono19ms2_SNP1 = structure(c(0L, 
    0L, 1L, 0L, 0L, 0L, 541L, 6L, 10521L, 145L, 1L, 121L, 0L, 
    0L, 2L, 0L, 0L, 0L, 2L, 0L, 858L, 2L, 0L, 0L), .Dim = c(6L, 
    4L), .Dimnames = structure(list(c("-1", "-2", "0", "1", "2", 
    NA), c("A", "C", "T", NA)), .Names = c("", "")), class = "table"), 
    MSJmono36_SNP1 = structure(c(0L, 0L, 0L, 1L, 0L, 0L, 0L, 
    0L, 537L, 26L, 7L, 7140L, 219L, 8L, 1L, 118L, 2L, 0L, 0L, 
    227L, 1L, 0L, 0L, 0L), .Dim = c(8L, 3L), .Dimnames = structure(list(
        c("-1", "-2", "-3", "0", "1", "2", "3", NA), c("A", "G", 
        NA)), .Names = c("", "")), class = "table"), MSJmono44_SNP1 = structure(c(0L, 
    0L, 0L, 1L, 0L, 0L, 0L, 292L, 23L, 3L, 4416L, 64L, 1L, 33L, 
    4L, 0L, 0L, 82L, 2L, 0L, 0L), .Dim = c(7L, 3L), .Dimnames = structure(list(
        c("-1", "-2", "-3", "0", "1", "2", NA), c("C", "T", NA
        )), .Names = c("", "")), class = "table"), MSJmono46_SNP1 = structure(c(199L, 
    16L, 2L, 722L, 42L, 3L, 19L, 4L, 0L, 0L, 22L, 0L, 0L, 0L), .Dim = c(7L, 
    2L), .Dimnames = structure(list(c("-1", "-2", "-3", "0", 
    "1", "2", NA), c("C", NA)), .Names = c("", "")), class = "table"), 
    LMmono04v2_SNP1 = structure(c(387L, 14L, 1L, 2836L, 142L, 
    3L, 1L, 20L, 8L, 0L, 0L, 161L, 8L, 0L, 0L, 0L), .Dim = c(8L, 
    2L), .Dimnames = structure(list(c("-1", "-2", "-3", "0", 
    "1", "2", "3", NA), c("C", NA)), .Names = c("", "")), class = "table"), 
    AKMmono01v2_SNP1 = structure(c(0L, 0L, 0L, 1L, 0L, 0L, 0L, 
    307L, 17L, 1L, 3422L, 75L, 1L, 26L, 2L, 0L, 0L, 162L, 4L, 
    0L, 0L), .Dim = c(7L, 3L), .Dimnames = structure(list(c("-1", 
    "-2", "-3", "0", "1", "2", NA), c("-", "T", NA)), .Names = c("", 
    "")), class = "table"), AKMmono10v2_SNP1 = structure(c(46L, 
    989L, 14L, 1L, 3L, 0L, 1L, 0L, 0L, 0L, 0L, 43L, 2L, 0L, 0L
    ), .Dim = c(5L, 3L), .Dimnames = structure(list(c("-1", "0", 
    "1", "2", NA), c("A", "G", NA)), .Names = c("", "")), class = "table"), 
    AKMmono17v2_SNP1 = structure(c(5L, 1L, 1L, 201L, 4L, 12L, 
    2L, 0L, 210L, 3L, 0L, 0L, 0L, 20L, 0L), .Dim = c(5L, 3L), .Dimnames = structure(list(
        c("-1", "-2", "-3", "0", "1"), c("A", "C", NA)), .Names = c("", 
    "")), class = "table"), EJmono13v2_SNP1 = structure(c(0L, 
    0L, 1L, 0L, 0L, 0L, 89L, 2L, 1159L, 23L, 1L, 11L, 0L, 0L, 
    1L, 0L, 0L, 0L, 0L, 0L, 25L, 0L, 0L, 0L), .Dim = c(6L, 4L
    ),