Result <-
list(AKMmono02_SNP1 = structure(c(325L, 15L, 1L, 2875L, 76L, 
2L, 74L, 3L, 0L, 0L, 57L, 0L, 0L, 0L), .Dim = c(7L, 2L), .Dimnames = structure(list(
    c("-1", "-2", "-3", "0", "1", "2", NA), c("T", NA)), .Names = c("", 
"")), class = "table"), AKMmono03_SNP1 = structure(c(2004L, 363L, 
71L, 3L, 11498L, 251L, 8L, 171L, 0L, 0L, 0L, 0L, 1L, 0L, 0L, 
0L, 0L, 0L, 0L, 0L, 1L, 0L, 0L, 0L, 1L, 0L, 0L, 0L, 1L, 0L, 0L, 
0L, 112L, 12L, 0L, 0L, 803L, 10L, 1L, 0L), .Dim = c(8L, 5L), .Dimnames = structure(list(
    c("-1", "-2", "-3", "-4", "0", "1", "2", NA), c("A", "C", 
    "G", "T", NA)), .Names = c("", "")), class = "table"), AKMmono05_SNP1 = structure(c(1142L, 
171L, 20L, 9L, 6161L, 288L, 16L, 1L, 112L, 0L, 0L, 0L, 0L, 2L, 
0L, 0L, 0L, 0L, 0L, 0L, 0L, 0L, 1L, 0L, 0L, 0L, 0L, 0L, 0L, 0L, 
0L, 1L, 0L, 0L, 0L, 0L, 68L, 13L, 0L, 0L, 580L, 28L, 0L, 0L, 
0L), .Dim = c(9L, 5L), .Dimnames = structure(list(c("-1", "-2", 
"-3", "-4", "0", "1", "2", "3", NA), c("A", "C", "G", "T", NA
)), .Names = c("", "")), class = "table"), AKMmono11_SNP1 = structure(c(1L, 
0L, 0L, 2L, 0L, 0L, 0L, 1L, 0L, 0L, 0L, 0L, 0L, 0L, 0L, 1L, 0L, 
0L, 0L, 1L, 0L, 0L, 0L, 0L, 1891L, 199L, 8L, 9813L, 229L, 5L, 
0L, 286L, 313L, 7L, 0L, 1849L, 82L, 0L, 1L, 0L), .Dim = c(8L, 
5L), .Dimnames = structure(list(c("-1", "-2", "-3", "0", "1", 
"2", "4", NA), c("A", "C", "G", "T", NA)), .Names = c("", "")), class = "table"), 
    AKMmono12_SNP1 = structure(c(0L, 0L, 0L, 0L, 3L, 0L, 0L, 
    0L, 1393L, 138L, 10L, 3L, 7774L, 270L, 12L, 75L, 0L, 0L, 
    0L, 0L, 2L, 0L, 0L, 0L, 1L, 0L, 0L, 0L, 3L, 0L, 0L, 0L, 37L, 
    1L, 0L, 0L, 593L, 5L, 0L, 0L), .Dim = c(8L, 5L), .Dimnames = structure(list(
        c("-1", "-2", "-3", "-4", "0", "1", "2", NA), c("A", 
        "C", "G", "T", NA)), .Names = c("", "")), class = "table"), 
    AKMmono13_SNP1 = structure(c(589L, 28L, 6354L, 259L, 8L, 
    59L, 0L, 0L, 2L, 0L, 0L, 0L, 17L, 0L, 397L, 13L, 0L, 0L), .Dim = c(6L, 
    3L), .Dimnames = structure(list(c("-1", "-2", "0", "1", "2", 
    NA), c("A", "G", NA)), .Names = c("", "")), class = "table"), 
    AKMmono16_SNP1 = structure(c(957L, 84L, 3L, 1L, 4952L, 127L, 
    1L, 40L, 0L, 0L, 0L, 0L, 1L, 0L, 0L, 0L, 13L, 4L, 0L, 0L, 
    257L, 8L, 0L, 0L), .Dim = c(8L, 3L), .Dimnames = structure(list(
        c("-1", "-2", "-3", "-4", "0", "1", "2", NA), c("A", 
        "C", NA)), .Names = c("", "")), class = "table"), AKMmono22_SNP1 = structure(c(599L, 
    167L, 21L, 1L, 2706L, 194L, 19L, 2L, 173L, 0L, 0L, 0L, 0L, 
    3L, 0L, 0L, 0L, 1L, 1L, 0L, 0L, 0L, 0L, 0L, 0L, 0L, 0L, 14L, 
    4L, 1L, 0L, 251L, 13L, 1L, 0L, 0L), .Dim = c(9L, 4L), .Dimnames = structure(list(
        c("-1", "-2", "-3", "-4", "0", "1", "2", "3", NA), c("A", 
        "G", "T", NA)), .Names = c("", "")), class = "table"), 
    EJmono05_SNP1 = structure(c(0L, 0L, 0L, 1L, 0L, 0L, 0L, 0L, 
    0L, 0L, 1L, 0L, 0L, 0L, 865L, 74L, 1L, 6098L, 183L, 6L, 46L, 
    22L, 0L, 0L, 224L, 9L, 0L, 0L), .Dim = c(7L, 4L), .Dimnames = structure(list(
        c("-1", "-2", "-3", "0", "1", "2", NA), c("A", "G", "T", 
        NA)), .Names = c("", "")), class = "table"), EJmono16_SNP1 = structure(c(892L, 
    76L, 4L, 9684L, 682L, 46L, 3L, 470L, 0L, 0L, 0L, 1L, 0L, 
    0L, 0L, 0L, 4L, 0L, 0L, 99L, 1L, 0L, 0L, 0L), .Dim = c(8L, 
    3L), .Dimnames = structure(list(c("-1", "-2", "-3", "0", 
    "1", "2", "3", NA), c("A", "G", NA)), .Names = c("", "")), class = "table"), 
    LMmono01_SNP1 = structure(c(501L, 29L, 2678L, 68L, 25L, 0L, 
    0L, 1L, 0L, 0L, 25L, 0L, 165L, 6L, 0L), .Dim = c(5L, 3L), .Dimnames = structure(list(
        c("-1", "-2", "0", "1", NA), c("A", "C", NA)), .Names = c("", 
    "")), class = "table"), LMmono03_SNP1 = structure(c(1L, 0L, 
    0L, 0L, 0L, 0L, 0L, 0L, 673L, 144L, 13L, 4L, 1440L, 62L, 
    2L, 88L, 15L, 5L, 0L, 0L, 85L, 1L, 1L, 0L), .Dim = c(8L, 
    3L), .Dimnames = structure(list(c("-1", "-2", "-3", "-4", 
    "0", "1", "2", NA), c("A", "C", NA)), .Names = c("", "")), class = "table"), 
    LMmono09_SNP1 = structure(c(2333L, 399L, 33L, 7832L, 465L, 
    16L, 1L, 263L, 19L, 8L, 0L, 94L, 4L, 0L, 0L, 0L), .Dim = c(8L, 
    2L), .Dimnames = structure(list(c("-1", "-2", "-3", "0", 
    "1", "2", "3", NA), c("T", NA)), .Names = c("", "")), class = "table"), 
    LMmono12_SNP1 = structure(c(790L, 111L, 2L, 3192L, 277L, 
    17L, 152L, 5L, 5L, 0L, 107L, 1L, 2L, 0L), .Dim = c(7L, 2L
    ), .Dimnames = structure(list(c("-1", "-2", "-3", "0", "1", 
    "2", NA), c("A", NA)), .Names = c("", "")), class = "table"), 
    LMmono16_SNP1 = structure(c(1826L, 187L, 12L, 1L, 5340L, 
    542L, 39L, 2L, 151L, 63L, 7L, 0L, 0L, 770L, 44L, 2L, 0L, 
    0L), .Dim = c(9L, 2L), .Dimnames = structure(list(c("-1", 
    "-2", "-3", "-4", "0", "1", "2", "3", NA), c("A", NA)), .Names = c("", 
    "")), class = "table"), MSJmono10_SNP1 = structure(c(0L, 
    0L, 2L, 0L, 0L, 0L, 0L, 507L, 18L, 5629L, 244L, 9L, 1L, 18L, 
    1L, 0L, 0L, 0L, 0L, 0L, 0L, 14L, 0L, 313L, 10L, 1L, 0L, 0L
    ), .Dim = c(7L, 4L), .Dimnames = structure(list(c("-1", "-2", 
    "0", "1", "2", "3", NA), c("A", "C", "T", NA)), .Names = c("", 
    "")), class = "table"), MSJmono19ms1_SNP1 = structure(c(0L, 
    0L, 0L, 0L, 0L, 1L, 0L, 0L, 0L, 0L, 1253L, 80L, 14L, 2L, 
    1L, 12991L, 559L, 17L, 1L, 345L, 0L, 0L, 0L, 0L, 0L, 18L, 
    0L, 0L, 0L, 1L, 1L, 0L, 0L, 0L, 0L, 3L, 0L, 0L, 0L, 2L, 115L, 
    4L, 0L, 0L, 0L, 1342L, 55L, 6L, 0L, 0L), .Dim = c(10L, 5L
    ), .Dimnames = structure(list(c("-1", "-2", "-3", "-4", "-5", 
    "0", "1", "2", "3", NA), c("-", "A", "C", "T", NA)), .Names = c("", 
    "")), class = "table"), MSJmono19ms2_SNP1 = structure(c(1197L, 
    16L, 1L, 13179L, 203L, 3L, 223L, 0L, 0L, 0L, 1L, 0L, 0L, 
    0L, 6L, 0L, 0L, 915L, 0L, 0L, 0L), .Dim = c(7L, 3L), .Dimnames = structure(list(
        c("-1", "-2", "-3", "0", "1", "2", NA), c("C", "T", NA
        )), .Names = c("", "")), class = "table"), MSJmono36_SNP1 = structure(c(5L, 
    0L, 0L, 0L, 2L, 0L, 0L, 0L, 1L, 1L, 0L, 0L, 0L, 0L, 0L, 0L, 
    0L, 0L, 4569L, 364L, 21L, 1L, 5138L, 183L, 8L, 1L, 616L, 
    1L, 0L, 0L, 0L, 1L, 0L, 0L, 0L, 0L, 23L, 5L, 0L, 0L, 153L, 
    0L, 0L, 0L, 0L), .Dim = c(9L, 5L), .Dimnames = structure(list(
        c("-1", "-2", "-3", "-4", "0", "1", "2", "3", NA), c("A", 
        "C", "G", "T", NA)), .Names = c("", "")), class = "table"), 
    MSJmono44_SNP1 = structure(c(0L, 0L, 0L, 0L, 0L, 0L, 2L, 
    0L, 0L, 0L, 0L, 1L, 0L, 0L, 0L, 0L, 698L, 26L, 4L, 7432L, 
    199L, 6L, 0L, 56L, 6L, 1L, 0L, 102L, 0L, 0L, 0L, 0L), .Dim = c(8L, 
    4L), .Dimnames = structure(list(c("-1", "-2", "-3", "0", 
    "1", "2", "4", NA), c("-", "G", "T", NA)), .Names = c("", 
    "")), class = "table"), MSJmono46_SNP1 = structure(c(337L, 
    25L, 6L, 1127L, 86L, 3L, 35L, 4L, 2L, 0L, 42L, 1L, 0L, 0L
    ), .Dim = c(7L, 2L), .Dimnames = structure(list(c("-1", "-2", 
    "-3", "0", "1", "2", NA), c("C", NA)), .Names = c("", "")), class = "table"), 
    LMmono04v2_SNP1 = structure(c(334L, 26L, 1L, 1069L, 48L, 
    4L, 15L, 2L, 1L, 0L, 40L, 2L, 1L, 0L), .Dim = c(7L, 2L), .Dimnames = structure(list(
        c("-1", "-2", "-3", "0", "1", "2", NA), c("C", NA)), .Names = c("", 
    "")), class = "table"), AKMmono01v2_SNP1 = structure(c(0L, 
    0L, 0L, 1L, 0L, 0L, 0L, 0L, 0L, 0L, 1L, 0L, 0L, 0L, 697L, 
    32L, 2L, 5546L, 149L, 6L, 62L, 12L, 2L, 0L, 250L, 5L, 0L, 
    0L), .Dim = c(7L, 4L), .Dimnames = structure(list(c("-1", 
    "-2", "-3", "0", "1", "2", NA), c("C", "G", "T", NA)), .Names = c("", 
    "")), class = "table"), AKMmono10v2_SNP1 = structure(c(107L, 
    2L, 1L, 920L, 12L, 4L, 0L, 0L, 0L, 1L, 0L, 0L, 121L, 0L, 
    0L, 867L, 12L, 7L, 2L, 0L, 0L, 78L, 3L, 0L), .Dim = c(6L, 
    4L), .Dimnames = structure(list(c("-1", "-2", "-4", "0", 
    "1", NA), c("A", "C", "G", NA)), .Names = c("", "")), class = "table"), 
    AKMmono17v2_SNP1 = structure(c(0L, 0L, 0L, 1L, 0L, 0L, 63L, 
    10L, 0L, 444L, 8L, 5L, 41L, 3L, 1L, 401L, 12L, 5L, 0L, 0L, 
    0L, 34L, 0L, 0L), .Dim = c(6L, 4L),