Result <-
list(AKMmono02_SNP1 = structure(c(0L, 0L, 0L, 0L, 2L, 0L, 0L, 
0L, 1330L, 240L, 3L, 1L, 5866L, 299L, 8L, 272L, 16L, 3L, 0L, 
0L, 111L, 1L, 0L, 0L), .Dim = c(8L, 3L), .Dimnames = structure(list(
    c("-1", "-2", "-3", "-4", "0", "1", "2", NA), c("C", "T", 
    NA)), .Names = c("", "")), class = "table"), AKMmono03_SNP1 = structure(c(2431L, 
550L, 77L, 8L, 10855L, 191L, 9L, 216L, 0L, 0L, 0L, 0L, 2L, 0L, 
0L, 0L, 1L, 0L, 0L, 0L, 1L, 0L, 0L, 0L, 147L, 20L, 2L, 0L, 856L, 
10L, 0L, 0L), .Dim = c(8L, 4L), .Dimnames = structure(list(c("-1", 
"-2", "-3", "-4", "0", "1", "2", NA), c("A", "C", "T", NA)), .Names = c("", 
"")), class = "table"), AKMmono05_SNP1 = structure(c(3524L, 582L, 
83L, 15L, 1L, 8162L, 315L, 5L, 241L, 0L, 0L, 0L, 0L, 0L, 1L, 
0L, 0L, 0L, 0L, 0L, 0L, 0L, 0L, 1L, 0L, 0L, 0L, 0L, 0L, 0L, 0L, 
0L, 1L, 0L, 0L, 0L, 210L, 27L, 2L, 0L, 0L, 826L, 36L, 1L, 0L), .Dim = c(9L, 
5L), .Dimnames = structure(list(c("-1", "-2", "-3", "-4", "-5", 
"0", "1", "2", NA), c("A", "C", "G", "T", NA)), .Names = c("", 
"")), class = "table"), AKMmono11_SNP1 = structure(c(1L, 1L, 
0L, 3L, 1L, 0L, 0L, 0L, 0L, 0L, 0L, 2L, 0L, 0L, 0L, 0L, 3595L, 
1077L, 72L, 10741L, 227L, 10L, 2L, 471L, 503L, 40L, 0L, 2086L, 
80L, 1L, 0L, 0L), .Dim = c(8L, 4L), .Dimnames = structure(list(
    c("-1", "-2", "-3", "0", "1", "2", "3", NA), c("A", "C", 
    "T", NA)), .Names = c("", "")), class = "table"), AKMmono12_SNP1 = structure(c(0L, 
0L, 0L, 0L, 2L, 0L, 0L, 0L, 2983L, 1586L, 114L, 5L, 7852L, 320L, 
13L, 172L, 0L, 0L, 0L, 0L, 2L, 0L, 0L, 0L, 0L, 0L, 0L, 0L, 1L, 
0L, 0L, 0L, 75L, 27L, 2L, 0L, 659L, 10L, 0L, 0L), .Dim = c(8L, 
5L), .Dimnames = structure(list(c("-1", "-2", "-3", "-4", "0", 
"1", "2", NA), c("A", "C", "G", "T", NA)), .Names = c("", "")), class = "table"), 
    AKMmono13_SNP1 = structure(c(1145L, 2518L, 154L, 2L, 6017L, 
    178L, 10L, 144L, 1L, 1L, 0L, 0L, 0L, 0L, 0L, 0L, 0L, 1L, 
    0L, 0L, 2L, 0L, 0L, 0L, 35L, 33L, 1L, 0L, 383L, 10L, 0L, 
    0L), .Dim = c(8L, 4L), .Dimnames = structure(list(c("-1", 
    "-2", "-3", "-4", "0", "1", "2", NA), c("A", "G", "T", NA
    )), .Names = c("", "")), class = "table"), AKMmono16_SNP1 = structure(c(1167L, 
    93L, 7L, 4101L, 98L, 3L, 56L, 1L, 0L, 0L, 2L, 0L, 0L, 0L, 
    20L, 3L, 1L, 244L, 8L, 0L, 0L), .Dim = c(7L, 3L), .Dimnames = structure(list(
        c("-1", "-2", "-3", "0", "1", "2", NA), c("A", "T", NA
        )), .Names = c("", "")), class = "table"), AKMmono22_SNP1 = structure(c(0L, 
    0L, 0L, 0L, 1L, 0L, 0L, 0L, 2000L, 1483L, 502L, 74L, 4481L, 
    219L, 11L, 483L, 1L, 0L, 0L, 0L, 1L, 0L, 0L, 0L, 1L, 0L, 
    0L, 0L, 0L, 0L, 0L, 0L, 85L, 51L, 10L, 0L, 417L, 9L, 0L, 
    0L), .Dim = c(8L, 5L), .Dimnames = structure(list(c("-1", 
    "-2", "-3", "-4", "0", "1", "2", NA), c("-", "A", "G", "T", 
    NA)), .Names = c("", "")), class = "table"), EJmono05_SNP1 = structure(c(0L, 
    0L, 0L, 0L, 0L, 0L, 1L, 2040L, 141L, 5L, 5693L, 125L, 2L, 
    84L, 36L, 1L, 0L, 175L, 1L, 0L, 0L), .Dim = c(7L, 3L), .Dimnames = structure(list(
        c("-1", "-2", "-3", "0", "1", "2", NA), c("A", "T", NA
        )), .Names = c("", "")), class = "table"), EJmono16_SNP1 = structure(c(2505L, 
    280L, 50L, 1L, 8244L, 627L, 75L, 20L, 1L, 1L, 829L, 1L, 0L, 
    0L, 0L, 0L, 1L, 0L, 0L, 0L, 0L, 0L, 13L, 4L, 0L, 0L, 114L, 
    3L, 0L, 0L, 0L, 0L, 0L), .Dim = c(11L, 3L), .Dimnames = structure(list(
        c("-1", "-2", "-3", "-6", "0", "1", "2", "3", "4", "5", 
        NA), c("A", "G", NA)), .Names = c("", "")), class = "table"), 
    LMmono01_SNP1 = structure(c(2173L, 318L, 8L, 5306L, 81L, 
    1L, 87L, 0L, 0L, 0L, 1L, 0L, 0L, 0L, 0L, 0L, 0L, 3L, 0L, 
    0L, 0L, 65L, 4L, 0L, 361L, 14L, 0L, 0L), .Dim = c(7L, 4L), .Dimnames = structure(list(
        c("-1", "-2", "-3", "0", "1", "2", NA), c("A", "G", "T", 
        NA)), .Names = c("", "")), class = "table"), LMmono03_SNP1 = structure(c(1L, 
    1L, 0L, 0L, 0L, 0L, 1L, 0L, 0L, 1L, 1172L, 565L, 179L, 44L, 
    4L, 1L, 2599L, 78L, 1L, 176L, 20L, 12L, 4L, 1L, 0L, 0L, 167L, 
    4L, 1L, 0L), .Dim = c(10L, 3L), .Dimnames = structure(list(
        c("-1", "-2", "-3", "-4", "-5", "-6", "0", "1", "2", 
        NA), c("A", "C", NA)), .Names = c("", "")), class = "table"), 
    LMmono09_SNP1 = structure(c(0L, 0L, 1L, 0L, 0L, 1L, 0L, 0L, 
    0L, 0L, 0L, 0L, 0L, 0L, 3L, 0L, 0L, 0L, 0L, 0L, 0L, 0L, 0L, 
    0L, 0L, 0L, 1L, 4098L, 2932L, 519L, 50L, 14L, 7009L, 245L, 
    7L, 649L, 30L, 25L, 5L, 0L, 1L, 85L, 4L, 0L, 0L), .Dim = c(9L, 
    5L), .Dimnames = structure(list(c("-1", "-2", "-3", "-4", 
    "-5", "0", "1", "2", NA), c("A", "C", "G", "T", NA)), .Names = c("", 
    "")), class = "table"), LMmono12_SNP1 = structure(c(1442L, 
    423L, 95L, 3L, 3496L, 264L, 16L, 8L, 3L, 247L, 17L, 1L, 1L, 
    0L, 134L, 5L, 0L, 0L, 0L, 0L), .Dim = c(10L, 2L), .Dimnames = structure(list(
        c("-1", "-2", "-3", "-4", "0", "1", "2", "3", "4", NA
        ), c("A", NA)), .Names = c("", "")), class = "table"), 
    LMmono16_SNP1 = structure(c(2325L, 2227L, 565L, 58L, 2L, 
    3893L, 289L, 19L, 2L, 287L, 0L, 1L, 0L, 0L, 0L, 1L, 0L, 0L, 
    0L, 0L, 72L, 54L, 16L, 2L, 0L, 577L, 17L, 0L, 0L, 0L), .Dim = c(10L, 
    3L), .Dimnames = structure(list(c("-1", "-2", "-3", "-4", 
    "-5", "0", "1", "2", "3", NA), c("A", "T", NA)), .Names = c("", 
    "")), class = "table"), MSJmono10_SNP1 = structure(c(2382L, 
    318L, 8L, 6458L, 214L, 6L, 51L, 65L, 5L, 1L, 396L, 11L, 1L, 
    0L), .Dim = c(7L, 2L), .Dimnames = structure(list(c("-1", 
    "-2", "-3", "0", "1", "2", NA), c("C", NA)), .Names = c("", 
    "")), class = "table"), MSJmono19ms1_SNP1 = structure(c(1807L, 
    160L, 9L, 12370L, 432L, 9L, 347L, 1L, 0L, 0L, 20L, 0L, 0L, 
    2L, 0L, 0L, 0L, 1L, 1L, 0L, 0L, 2L, 0L, 0L, 10L, 0L, 0L, 
    0L, 121L, 10L, 0L, 1315L, 28L, 0L, 0L), .Dim = c(7L, 5L), .Dimnames = structure(list(
        c("-1", "-2", "-3", "0", "1", "2", NA), c("A", "C", "G", 
        "T", NA)), .Names = c("", "")), class = "table"), MSJmono19ms2_SNP1 = structure(c(1L, 
    0L, 1L, 0L, 0L, 0L, 1972L, 114L, 11921L, 110L, 1L, 298L, 
    20L, 1L, 887L, 5L, 0L, 0L), .Dim = c(6L, 3L), .Dimnames = structure(list(
        c("-1", "-2", "0", "1", "2", NA), c("A", "C", NA)), .Names = c("", 
    "")), class = "table"), MSJmono36_SNP1 = structure(c(1L, 
    0L, 0L, 2L, 0L, 0L, 0L, 0L, 0L, 0L, 1L, 0L, 0L, 0L, 3505L, 
    389L, 12L, 9125L, 244L, 7L, 501L, 22L, 1L, 0L, 284L, 6L, 
    0L, 0L), .Dim = c(7L, 4L), .Dimnames = structure(list(c("-1", 
    "-2", "-3", "0", "1", "2", NA), c("A", "C", "G", NA)), .Names = c("", 
    "")), class = "table"), MSJmono44_SNP1 = structure(c(6L, 
    0L, 0L, 1L, 0L, 0L, 0L, 0L, 5L, 1L, 1L, 0L, 0L, 0L, 0L, 0L, 
    0L, 0L, 0L, 0L, 2826L, 231L, 6L, 2L, 4L, 12L, 5174L, 152L, 
    3L, 108L, 40L, 7L, 0L, 0L, 0L, 0L, 122L, 6L, 0L, 0L), .Dim = c(10L, 
    4L), .Dimnames = structure(list(c("-1", "-2", "-3", "-4", 
    "-5", "-6", "0", "1", "2", NA), c("-", "C", "T", NA)), .Names = c("", 
    "")), class = "table"), MSJmono46_SNP1 = structure(c(1266L, 
    643L, 115L, 9L, 1L, 1551L, 71L, 1L, 143L, 1L, 1L, 0L, 0L, 
    0L, 0L, 0L, 0L, 0L, 23L, 9L, 1L, 0L, 0L, 57L, 1L, 0L, 0L), .Dim = c(9L, 
    3L), .Dimnames = structure(list(c("-1", "-2", "-3", "-4", 
    "-5", "0", "1", "2", NA), c("C", "T", NA)), .Names = c("", 
    "")), class = "table"), LMmono04v2_SNP1 = structure(c(1L, 
    0L, 0L, 0L, 0L, 0L, 0L, 0L, 0L, 0L, 423L, 728L, 52L, 5L, 
    1743L, 106L, 33L, 38L, 8L, 38L, 14L, 10L, 0L, 0L, 101L, 7L, 
    2L, 4L, 2L, 0L), .Dim = c(10L, 3L), .Dimnames = structure(list(
        c("-1", "-2", "-3", "-4", "0", "1", "2", "3", "4", NA
        ), c("A", "C", NA)), .Names = c("", "")), class = "table"), 
    AKMmono01v2_SNP1 = structure(c(0L, 1L, 0L, 0L, 1L, 0L, 0L, 
    0L, 1L, 0L, 0L, 0L, 0L, 0L, 0L, 0L, 1640L, 1907L, 113L, 5L, 
    4034L, 89L, 1L, 177L, 38L, 25L, 3L, 0L, 169L, 4L, 0L, 0L), .Dim = c(8L, 
    4L), .Dimnames = structure(list(c("-1", "-2", "-3", "-4", 
    "0", "1", "2", NA), c("A", "C", "T", NA)), .Names = c("", 
    "")), class = "table"),