Result <-
list(AKMmono02_SNP1 = structure(c(0L, 0L, 1L, 0L, 0L, 0L, 0L, 
0L, 1L, 0L, 0L, 0L, 383L, 14L, 2780L, 70L, 2L, 62L, 1L, 0L, 40L, 
0L, 0L, 0L), .Dim = c(6L, 4L), .Dimnames = structure(list(c("-1", 
"-2", "0", "1", "2", NA), c("A", "C", "T", NA)), .Names = c("", 
"")), class = "table"), AKMmono03_SNP1 = structure(c(978L, 223L, 
22L, 2L, 7473L, 110L, 2L, 117L, 0L, 0L, 0L, 0L, 1L, 0L, 0L, 0L, 
51L, 10L, 1L, 0L, 547L, 7L, 0L, 0L), .Dim = c(8L, 3L), .Dimnames = structure(list(
    c("-1", "-2", "-3", "-4", "0", "1", "2", NA), c("A", "G", 
    NA)), .Names = c("", "")), class = "table"), AKMmono05_SNP1 = structure(c(533L, 
93L, 11L, 1L, 4072L, 215L, 8L, 60L, 0L, 0L, 0L, 0L, 1L, 0L, 0L, 
0L, 0L, 0L, 0L, 0L, 1L, 0L, 0L, 0L, 29L, 2L, 0L, 0L, 369L, 21L, 
2L, 0L), .Dim = c(8L, 4L), .Dimnames = structure(list(c("-1", 
"-2", "-3", "-4", "0", "1", "2", NA), c("A", "G", "T", NA)), .Names = c("", 
"")), class = "table"), AKMmono11_SNP1 = structure(c(0L, 0L, 
0L, 3L, 0L, 0L, 0L, 0L, 0L, 0L, 1L, 0L, 0L, 0L, 1369L, 98L, 3L, 
9587L, 206L, 4L, 165L, 209L, 4L, 0L, 1853L, 49L, 1L, 0L), .Dim = c(7L, 
4L), .Dimnames = structure(list(c("-1", "-2", "-3", "0", "1", 
"2", NA), c("A", "C", "T", NA)), .Names = c("", "")), class = "table"), 
    AKMmono12_SNP1 = structure(c(2L, 0L, 0L, 0L, 1L, 0L, 0L, 
    0L, 913L, 79L, 8L, 2L, 4762L, 174L, 3L, 49L, 0L, 0L, 0L, 
    0L, 1L, 0L, 0L, 0L, 23L, 3L, 0L, 0L, 401L, 3L, 0L, 0L), .Dim = c(8L, 
    4L), .Dimnames = structure(list(c("-1", "-2", "-3", "-4", 
    "0", "1", "2", NA), c("A", "C", "T", NA)), .Names = c("", 
    "")), class = "table"), AKMmono13_SNP1 = structure(c(492L, 
    45L, 2L, 4720L, 109L, 5L, 1L, 45L, 0L, 0L, 0L, 1L, 0L, 0L, 
    0L, 0L, 12L, 0L, 0L, 281L, 8L, 0L, 0L, 0L), .Dim = c(8L, 
    3L), .Dimnames = structure(list(c("-1", "-2", "-3", "0", 
    "1", "2", "3", NA), c("A", "G", NA)), .Names = c("", "")), class = "table"), 
    AKMmono16_SNP1 = structure(c(272L, 20L, 2L, 3163L, 85L, 1L, 
    18L, 0L, 0L, 0L, 1L, 0L, 0L, 0L, 1L, 0L, 0L, 0L, 0L, 0L, 
    0L, 5L, 0L, 0L, 162L, 1L, 0L, 0L), .Dim = c(7L, 4L), .Dimnames = structure(list(
        c("-1", "-2", "-3", "0", "1", "2", NA), c("A", "G", "T", 
        NA)), .Names = c("", "")), class = "table"), AKMmono22_SNP1 = structure(c(557L, 
    107L, 16L, 4L, 3571L, 193L, 12L, 144L, 0L, 0L, 0L, 0L, 1L, 
    0L, 0L, 0L, 0L, 0L, 0L, 0L, 1L, 0L, 0L, 0L, 19L, 3L, 0L, 
    0L, 316L, 2L, 0L, 0L), .Dim = c(8L, 4L), .Dimnames = structure(list(
        c("-1", "-2", "-3", "-4", "0", "1", "2", NA), c("A", 
        "C", "G", NA)), .Names = c("", "")), class = "table"), 
    EJmono05_SNP1 = structure(c(0L, 0L, 0L, 1L, 0L, 0L, 0L, 459L, 
    56L, 2L, 3696L, 97L, 1L, 28L, 12L, 0L, 0L, 127L, 0L, 0L, 
    0L), .Dim = c(7L, 3L), .Dimnames = structure(list(c("-1", 
    "-2", "-3", "0", "1", "2", NA), c("A", "T", NA)), .Names = c("", 
    "")), class = "table"), EJmono16_SNP1 = structure(c(451L, 
    37L, 2L, 1L, 6586L, 401L, 17L, 2L, 301L, 0L, 0L, 0L, 0L, 
    1L, 0L, 0L, 0L, 0L, 1L, 0L, 0L, 0L, 61L, 4L, 0L, 0L, 0L), .Dim = c(9L, 
    3L), .Dimnames = structure(list(c("-1", "-2", "-3", "-4", 
    "0", "1", "2", "3", NA), c("A", "G", NA)), .Names = c("", 
    "")), class = "table"), LMmono01_SNP1 = structure(c(644L, 
    28L, 4L, 5187L, 108L, 1L, 46L, 0L, 0L, 0L, 2L, 0L, 0L, 0L, 
    0L, 0L, 0L, 2L, 0L, 0L, 0L, 0L, 0L, 0L, 1L, 0L, 0L, 0L, 24L, 
    0L, 0L, 363L, 10L, 1L, 0L), .Dim = c(7L, 5L), .Dimnames = structure(list(
        c("-1", "-2", "-3", "0", "1", "2", NA), c("A", "C", "G", 
        "T", NA)), .Names = c("", "")), class = "table"), LMmono03_SNP1 = structure(c(1L, 
    0L, 0L, 0L, 0L, 0L, 1L, 0L, 0L, 1L, 723L, 99L, 12L, 15L, 
    2L, 3L, 2861L, 80L, 2L, 104L, 1L, 0L, 0L, 0L, 0L, 0L, 0L, 
    0L, 0L, 0L, 21L, 2L, 0L, 0L, 0L, 0L, 183L, 3L, 0L, 0L), .Dim = c(10L, 
    4L), .Dimnames = structure(list(c("-1", "-2", "-3", "-4", 
    "-5", "-6", "0", "1", "2", NA), c("A", "C", "T", NA)), .Names = c("", 
    "")), class = "table"), LMmono09_SNP1 = structure(c(0L, 0L, 
    0L, 0L, 0L, 1L, 0L, 0L, 0L, 0L, 0L, 0L, 0L, 0L, 0L, 1L, 0L, 
    0L, 0L, 0L, 2L, 0L, 0L, 0L, 0L, 0L, 0L, 0L, 0L, 0L, 2217L, 
    396L, 64L, 3L, 1L, 8612L, 446L, 21L, 1L, 250L, 22L, 5L, 1L, 
    0L, 0L, 105L, 4L, 0L, 0L, 0L), .Dim = c(10L, 5L), .Dimnames = structure(list(
        c("-1", "-2", "-3", "-4", "-5", "0", "1", "2", "3", NA
        ), c("A", "C", "G", "T", NA)), .Names = c("", "")), class = "table"), 
    LMmono12_SNP1 = structure(c(705L, 46L, 4L, 3098L, 242L, 15L, 
    0L, 111L, 9L, 0L, 0L, 108L, 1L, 0L, 1L, 0L), .Dim = c(8L, 
    2L), .Dimnames = structure(list(c("-1", "-2", "-3", "0", 
    "1", "2", "3", NA), c("A", NA)), .Names = c("", "")), class = "table"), 
    LMmono16_SNP1 = structure(c(502L, 43L, 4L, 1L, 3877L, 176L, 
    3L, 514L, 2L, 157L, 15L, 2L, 230L, 0L, 0L, 0L, 0L, 1L, 0L, 
    0L, 0L, 0L, 0L, 0L, 0L, 0L, 19L, 1L, 0L, 0L, 673L, 8L, 0L, 
    20L, 0L, 20L, 1L, 0L, 0L), .Dim = c(13L, 3L), .Dimnames = structure(list(
        c("-1", "-2", "-3", "-4", "0", "1", "2", "3", "4", "5", 
        "6", "7", NA), c("A", "T", NA)), .Names = c("", "")), class = "table"), 
    MSJmono10_SNP1 = structure(c(282L, 15L, 1L, 4279L, 138L, 
    2L, 1L, 14L, 0L, 0L, 0L, 1L, 0L, 0L, 0L, 0L, 1L, 0L, 0L, 
    273L, 7L, 0L, 0L, 0L), .Dim = c(8L, 3L), .Dimnames = structure(list(
        c("-1", "-2", "-3", "0", "1", "2", "3", NA), c("C", "T", 
        NA)), .Names = c("", "")), class = "table"), MSJmono19ms1_SNP1 = structure(c(0L, 
    0L, 0L, 0L, 1L, 0L, 0L, 0L, 0L, 382L, 27L, 5L, 2L, 6302L, 
    247L, 5L, 51L, 150L, 0L, 0L, 0L, 0L, 11L, 1L, 0L, 0L, 0L, 
    0L, 0L, 0L, 0L, 0L, 1L, 0L, 0L, 0L, 0L, 0L, 0L, 0L, 5L, 0L, 
    0L, 0L, 0L, 35L, 0L, 0L, 0L, 697L, 17L, 1L, 2L, 0L), .Dim = c(9L, 
    6L), .Dimnames = structure(list(c("-1", "-2", "-3", "-4", 
    "0", "1", "2", "3", NA), c("-", "A", "C", "G", "T", NA)), .Names = c("", 
    "")), class = "table"), MSJmono19ms2_SNP1 = structure(c(0L, 
    0L, 1L, 0L, 0L, 0L, 357L, 14L, 6403L, 74L, 2L, 78L, 3L, 0L, 
    531L, 2L, 0L, 0L), .Dim = c(6L, 3L), .Dimnames = structure(list(
        c("-1", "-2", "0", "1", "2", NA), c("A", "C", NA)), .Names = c("", 
    "")), class = "table"), MSJmono36_SNP1 = structure(c(484L, 
    22L, 3L, 7076L, 174L, 5L, 122L, 0L, 0L, 0L, 1L, 0L, 0L, 0L, 
    4L, 0L, 0L, 195L, 5L, 0L, 0L), .Dim = c(7L, 3L), .Dimnames = structure(list(
        c("-1", "-2", "-3", "0", "1", "2", NA), c("G", "T", NA
        )), .Names = c("", "")), class = "table"), MSJmono44_SNP1 = structure(c(1L, 
    17L, 0L, 0L, 0L, 0L, 0L, 1L, 0L, 0L, 0L, 0L, 1L, 0L, 0L, 
    0L, 348L, 13L, 2L, 1L, 4399L, 77L, 3L, 31L, 4L, 0L, 0L, 0L, 
    109L, 0L, 0L, 0L), .Dim = c(8L, 4L), .Dimnames = structure(list(
        c("-1", "-2", "-3", "-5", "0", "1", "2", NA), c("-", 
        "A", "T", NA)), .Names = c("", "")), class = "table"), 
    MSJmono46_SNP1 = structure(c(539L, 49L, 3L, 3L, 1L, 2061L, 
    105L, 2L, 57L, 0L, 0L, 0L, 0L, 0L, 1L, 0L, 0L, 0L, 4L, 0L, 
    0L, 0L, 0L, 66L, 4L, 0L, 0L), .Dim = c(9L, 3L), .Dimnames = structure(list(
        c("-1", "-2", "-3", "-4", "-5", "0", "1", "2", NA), c("C", 
        "G", NA)), .Names = c("", "")), class = "table"), LMmono04v2_SNP1 = structure(c(288L, 
    17L, 2080L, 81L, 2L, 1L, 16L, 0L, 0L, 1L, 0L, 0L, 0L, 0L, 
    2L, 0L, 120L, 2L, 0L, 0L, 0L), .Dim = c(7L, 3L), .Dimnames = structure(list(
        c("-1", "-2", "0", "1", "2", "3", NA), c("C", "T", NA
        )), .Names = c("", "")), class = "table"), AKMmono01v2_SNP1 = structure(c(23L, 
    3L, 0L, 2L, 0L, 0L, 1L, 0L, 0L, 0L, 1L, 0L, 0L, 0L, 362L, 
    18L, 1L, 4020L, 78L, 1L, 26L, 7L, 1L, 0L, 173L, 1L, 0L, 0L
    ), .Dim = c(7L, 4L), .Dimnames = structure(list(c("-1", "-2", 
    "-3", "0", "1", "2", NA), c("C", "G", "T", NA)), .Names = c("", 
    "")), class = "table"), AKMmono10v2_SNP1 = structure(c(31L, 
    4L, 845L, 10L, 0L, 0L, 0L, 4L, 74L, 3L, 860L, 5L, 1L, 1L, 
    0L, 2L, 1L, 0L, 86L, 1L, 0L, 0L, 1L, 0L), .Dim = c(8L, 3L
    ),