Result <-
list(AKMmono02_SNP1 = structure(c(0L, 0L, 1L, 0L, 0L, 0L, 342L, 
31L, 3199L, 76L, 12L, 90L, 4L, 0L, 54L, 1L, 0L, 0L), .Dim = c(6L, 
3L), .Dimnames = structure(list(c("-1", "-2", "0", "1", "2", 
NA), c("G", "T", NA)), .Names = c("", "")), class = "table"), 
    AKMmono03_SNP1 = structure(c(806L, 123L, 24L, 8L, 6585L, 
    120L, 2L, 78L, 0L, 0L, 0L, 0L, 1L, 0L, 0L, 0L, 0L, 0L, 0L, 
    0L, 1L, 0L, 0L, 0L, 49L, 4L, 0L, 0L, 521L, 7L, 0L, 0L), .Dim = c(8L, 
    4L), .Dimnames = structure(list(c("-1", "-2", "-3", "-4", 
    "0", "1", "2", NA), c("A", "G", "T", NA)), .Names = c("", 
    "")), class = "table"), AKMmono05_SNP1 = structure(c(762L, 
    91L, 9L, 5L, 3968L, 168L, 5L, 80L, 27L, 5L, 0L, 0L, 404L, 
    14L, 0L, 0L), .Dim = c(8L, 2L), .Dimnames = structure(list(
        c("-1", "-2", "-3", "-4", "0", "1", "2", NA), c("A", 
        NA)), .Names = c("", "")), class = "table"), AKMmono11_SNP1 = structure(c(0L, 
    0L, 0L, 3L, 0L, 0L, 0L, 0L, 1470L, 111L, 6L, 8302L, 165L, 
    3L, 1L, 203L, 223L, 6L, 0L, 1606L, 67L, 0L, 0L, 0L), .Dim = c(8L, 
    3L), .Dimnames = structure(list(c("-1", "-2", "-3", "0", 
    "1", "2", "3", NA), c("A", "T", NA)), .Names = c("", "")), class = "table"), 
    AKMmono12_SNP1 = structure(c(1L, 0L, 0L, 0L, 0L, 0L, 0L, 
    0L, 891L, 208L, 27L, 1L, 4583L, 139L, 6L, 37L, 0L, 0L, 0L, 
    0L, 1L, 0L, 0L, 0L, 26L, 5L, 1L, 0L, 443L, 2L, 0L, 0L), .Dim = c(8L, 
    4L), .Dimnames = structure(list(c("-1", "-2", "-3", "-4", 
    "0", "1", "2", NA), c("A", "C", "G", NA)), .Names = c("", 
    "")), class = "table"), AKMmono13_SNP1 = structure(c(338L, 
    41L, 3L, 4574L, 115L, 5L, 32L, 0L, 0L, 0L, 2L, 0L, 0L, 0L, 
    15L, 0L, 0L, 274L, 2L, 0L, 0L), .Dim = c(7L, 3L), .Dimnames = structure(list(
        c("-1", "-2", "-3", "0", "1", "2", NA), c("A", "T", NA
        )), .Names = c("", "")), class = "table"), AKMmono16_SNP1 = structure(c(427L, 
    27L, 4L, 3560L, 58L, 15L, 12L, 0L, 0L, 213L, 1L, 0L), .Dim = c(6L, 
    2L), .Dimnames = structure(list(c("-1", "-2", "-3", "0", 
    "1", NA), c("A", NA)), .Names = c("", "")), class = "table"), 
    AKMmono22_SNP1 = structure(c(1762L, 526L, 53L, 1L, 1642L, 
    91L, 3L, 344L, 0L, 0L, 0L, 0L, 0L, 0L, 0L, 1L, 59L, 8L, 1L, 
    0L, 150L, 6L, 1L, 0L), .Dim = c(8L, 3L), .Dimnames = structure(list(
        c("-1", "-2", "-3", "-4", "0", "1", "2", NA), c("A", 
        "C", NA)), .Names = c("", "")), class = "table"), EJmono05_SNP1 = structure(c(653L, 
    45L, 2L, 4077L, 98L, 2L, 55L, 8L, 1L, 1L, 156L, 2L, 1L, 0L
    ), .Dim = c(7L, 2L), .Dimnames = structure(list(c("-1", "-2", 
    "-3", "0", "1", "2", NA), c("T", NA)), .Names = c("", "")), class = "table"), 
    EJmono16_SNP1 = structure(c(850L, 129L, 1L, 6987L, 402L, 
    19L, 1L, 359L, 0L, 0L, 0L, 0L, 1L, 0L, 0L, 0L, 6L, 0L, 0L, 
    88L, 2L, 0L, 0L, 0L), .Dim = c(8L, 3L), .Dimnames = structure(list(
        c("-1", "-2", "-3", "0", "1", "2", "3", NA), c("A", "T", 
        NA)), .Names = c("", "")), class = "table"), LMmono01_SNP1 = structure(c(583L, 
    31L, 2L, 4510L, 58L, 1L, 29L, 0L, 0L, 0L, 2L, 0L, 0L, 0L, 
    22L, 1L, 0L, 342L, 7L, 0L, 0L), .Dim = c(7L, 3L), .Dimnames = structure(list(
        c("-1", "-2", "-3", "0", "1", "2", NA), c("A", "T", NA
        )), .Names = c("", "")), class = "table"), LMmono03_SNP1 = structure(c(0L, 
    0L, 0L, 0L, 3L, 0L, 0L, 0L, 590L, 116L, 13L, 2L, 2144L, 74L, 
    2L, 109L, 17L, 1L, 0L, 0L, 152L, 1L, 0L, 0L), .Dim = c(8L, 
    3L), .Dimnames = structure(list(c("-1", "-2", "-3", "-4", 
    "0", "1", "2", NA), c("A", "C", NA)), .Names = c("", "")), class = "table"), 
    LMmono09_SNP1 = structure(c(0L, 0L, 0L, 0L, 1L, 0L, 0L, 0L, 
    0L, 1505L, 242L, 50L, 1L, 5401L, 2766L, 253L, 19L, 575L, 
    26L, 3L, 1L, 0L, 82L, 26L, 0L, 0L, 0L), .Dim = c(9L, 3L), .Dimnames = structure(list(
        c("-1", "-2", "-3", "-4", "0", "1", "2", "3", NA), c("A", 
        "T", NA)), .Names = c("", "")), class = "table"), LMmono12_SNP1 = structure(c(0L, 
    0L, 0L, 1L, 0L, 0L, 0L, 0L, 597L, 71L, 5L, 2984L, 235L, 10L, 
    1L, 103L, 3L, 0L, 0L, 111L, 2L, 0L, 0L, 0L), .Dim = c(8L, 
    3L), .Dimnames = structure(list(c("-1", "-2", "-3", "0", 
    "1", "2", "3", NA), c("-", "A", NA)), .Names = c("", "")), class = "table"), 
    LMmono16_SNP1 = structure(c(383L, 43L, 2L, 1L, 3391L, 113L, 
    7L, 505L, 1L, 147L, 13L, 166L, 0L, 0L, 0L, 0L, 1L, 0L, 0L, 
    0L, 0L, 0L, 0L, 0L, 0L, 0L, 0L, 0L, 1L, 0L, 0L, 0L, 0L, 0L, 
    0L, 0L, 13L, 1L, 0L, 0L, 561L, 11L, 0L, 37L, 0L, 11L, 0L, 
    0L), .Dim = c(12L, 4L), .Dimnames = structure(list(c("-1", 
    "-2", "-3", "-4", "0", "1", "2", "3", "4", "5", "6", NA), 
        c("A", "G", "T", NA)), .Names = c("", "")), class = "table"), 
    MSJmono10_SNP1 = structure(c(385L, 14L, 3975L, 137L, 2L, 
    19L, 0L, 0L, 1L, 0L, 0L, 0L, 0L, 0L, 1L, 0L, 0L, 0L, 13L, 
    0L, 237L, 7L, 1L, 0L), .Dim = c(6L, 4L), .Dimnames = structure(list(
        c("-1", "-2", "0", "1", "2", NA), c("C", "G", "T", NA
        )), .Names = c("", "")), class = "table"), MSJmono19ms1_SNP1 = structure(c(501L, 
    36L, 9L, 1L, 8699L, 262L, 10L, 1L, 192L, 0L, 0L, 0L, 0L, 
    11L, 0L, 1L, 0L, 1L, 0L, 0L, 0L, 0L, 5L, 0L, 0L, 0L, 0L, 
    41L, 1L, 1L, 0L, 967L, 29L, 0L, 0L, 0L), .Dim = c(9L, 4L), .Dimnames = structure(list(
        c("-1", "-2", "-3", "-4", "0", "1", "2", "5", NA), c("A", 
        "C", "T", NA)), .Names = c("", "")), class = "table"), 
    MSJmono19ms2_SNP1 = structure(c(0L, 0L, 1L, 0L, 0L, 0L, 562L, 
    10L, 8586L, 109L, 3L, 117L, 4L, 0L, 683L, 1L, 0L, 0L), .Dim = c(6L, 
    3L), .Dimnames = structure(list(c("-1", "-2", "0", "1", "2", 
    NA), c("A", "C", NA)), .Names = c("", "")), class = "table"), 
    MSJmono36_SNP1 = structure(c(0L, 0L, 0L, 0L, 13L, 0L, 0L, 
    0L, 0L, 0L, 0L, 0L, 1L, 0L, 0L, 0L, 550L, 136L, 22L, 1L, 
    6176L, 153L, 6L, 117L, 3L, 0L, 0L, 0L, 176L, 1L, 0L, 0L), .Dim = c(8L, 
    4L), .Dimnames = structure(list(c("-1", "-2", "-3", "-4", 
    "0", "1", "2", NA), c("A", "C", "G", NA)), .Names = c("", 
    "")), class = "table"), MSJmono44_SNP1 = structure(c(506L, 
    24L, 2L, 4122L, 87L, 1L, 41L, 4L, 0L, 0L, 77L, 2L, 0L, 0L
    ), .Dim = c(7L, 2L), .Dimnames = structure(list(c("-1", "-2", 
    "-3", "0", "1", "2", NA), c("T", NA)), .Names = c("", "")), class = "table"), 
    MSJmono46_SNP1 = structure(c(0L, 0L, 0L, 1L, 0L, 0L, 0L, 
    376L, 48L, 4L, 1380L, 83L, 3L, 38L, 8L, 1L, 0L, 44L, 1L, 
    0L, 0L), .Dim = c(7L, 3L), .Dimnames = structure(list(c("-1", 
    "-2", "-3", "0", "1", "2", NA), c("A", "C", NA)), .Names = c("", 
    "")), class = "table"), LMmono04v2_SNP1 = structure(c(1L, 
    0L, 0L, 0L, 0L, 0L, 358L, 30L, 2583L, 123L, 4L, 19L, 6L, 
    0L, 142L, 10L, 0L, 0L), .Dim = c(6L, 3L), .Dimnames = structure(list(
        c("-1", "-2", "0", "1", "2", NA), c("A", "C", NA)), .Names = c("", 
    "")), class = "table"), AKMmono01v2_SNP1 = structure(c(0L, 
    1L, 0L, 1L, 0L, 0L, 2L, 543L, 27L, 1L, 2879L, 74L, 1L, 45L, 
    19L, 2L, 0L, 114L, 3L, 0L, 0L), .Dim = c(7L, 3L), .Dimnames = structure(list(
        c("-1", "-2", "-3", "0", "1", "2", NA), c("C", "T", NA
        )), .Names = c("", "")), class = "table"), AKMmono10v2_SNP1 = structure(c(61L, 
    1L, 1154L, 12L, 6L, 0L, 0L, 40L, 0L, 0L, 0L, 0L, 34L, 0L, 
    0L), .Dim = c(5L, 3L), .Dimnames = structure(list(c("-1", 
    "-2", "0", "1", NA), c("A", "G", NA)), .Names = c("", "")), class = "table"), 
    AKMmono17v2_SNP1 = structure(c(0L, 1L, 14L, 0L, 0L, 26L, 
    2L, 402L, 8L, 3L, 0L, 0L, 13L, 0L, 0L), .Dim = c(5L, 3L), .Dimnames = structure(list(
        c("-1", "-2", "0", "1", NA), c("A", "C", NA)), .Names = c("", 
    "")), class = "table"), EJmono13v2_SNP1 = structure(c(132L, 
    3L, 1260L, 24L, 12L, 0L, 0L, 1L, 0L, 0L, 1L, 0L, 45L, 1L, 
    0L), .Dim = c(5L, 3L), .Dimnames = structure(list(c("-1", 
    "-2", "0", "1", NA), c("G", "T", NA)), .Names = c("", "")), class = "table"), 
    EJmono21v2_SNP1 = structure(c(28L, 0L, 162L, 2L, 1L, 38L, 
    3L, 210L, 1L, 4L, 1L, 0L, 18L, 0L, 0L), .Dim = c(5L, 3L),