Result <-
list(AKMmono02_SNP1 = structure(c(0L, 0L, 0L, 1L, 0L, 0L, 0L, 
389L, 24L, 1L, 4354L, 87L, 2L, 86L, 4L, 0L, 0L, 65L, 0L, 0L, 
0L), .Dim = c(7L, 3L), .Dimnames = structure(list(c("-1", "-2", 
"-3", "0", "1", "2", NA), c("A", "T", NA)), .Names = c("", ""
)), class = "table"), AKMmono03_SNP1 = structure(c(0L, 0L, 0L, 
0L, 1L, 0L, 0L, 0L, 0L, 1104L, 165L, 42L, 2L, 8576L, 155L, 6L, 
1L, 124L, 55L, 8L, 0L, 0L, 686L, 6L, 0L, 0L, 0L), .Dim = c(9L, 
3L), .Dimnames = structure(list(c("-1", "-2", "-3", "-4", "0", 
"1", "2", "3", NA), c("-", "A", NA)), .Names = c("", "")), class = "table"), 
    AKMmono05_SNP1 = structure(c(923L, 136L, 21L, 3L, 5366L, 
    197L, 4L, 82L, 0L, 0L, 0L, 0L, 1L, 0L, 0L, 0L, 1L, 0L, 0L, 
    0L, 0L, 0L, 0L, 0L, 38L, 2L, 0L, 0L, 551L, 25L, 0L, 0L), .Dim = c(8L, 
    4L), .Dimnames = structure(list(c("-1", "-2", "-3", "-4", 
    "0", "1", "2", NA), c("A", "C", "T", NA)), .Names = c("", 
    "")), class = "table"), AKMmono11_SNP1 = structure(c(0L, 
    0L, 0L, 3L, 0L, 0L, 0L, 1L, 0L, 0L, 0L, 0L, 0L, 0L, 1061L, 
    71L, 3L, 8415L, 134L, 2L, 139L, 176L, 1L, 0L, 1583L, 42L, 
    2L, 0L), .Dim = c(7L, 4L), .Dimnames = structure(list(c("-1", 
    "-2", "-3", "0", "1", "2", NA), c("A", "G", "T", NA)), .Names = c("", 
    "")), class = "table"), AKMmono12_SNP1 = structure(c(0L, 
    0L, 0L, 0L, 1L, 0L, 0L, 0L, 955L, 63L, 10L, 1L, 6158L, 165L, 
    6L, 50L, 0L, 0L, 0L, 0L, 3L, 0L, 0L, 0L, 26L, 1L, 0L, 0L, 
    479L, 5L, 0L, 0L), .Dim = c(8L, 4L), .Dimnames = structure(list(
        c("-1", "-2", "-3", "-4", "0", "1", "2", NA), c("A", 
        "C", "T", NA)), .Names = c("", "")), class = "table"), 
    AKMmono13_SNP1 = structure(c(491L, 49L, 3L, 6893L, 168L, 
    5L, 50L, 0L, 0L, 0L, 1L, 0L, 0L, 0L, 0L, 0L, 0L, 1L, 0L, 
    0L, 0L, 19L, 1L, 0L, 406L, 9L, 0L, 0L), .Dim = c(7L, 4L), .Dimnames = structure(list(
        c("-1", "-2", "-3", "0", "1", "2", NA), c("A", "C", "T", 
        NA)), .Names = c("", "")), class = "table"), AKMmono16_SNP1 = structure(c(1022L, 
    68L, 1L, 2L, 4710L, 99L, 1L, 45L, 0L, 0L, 0L, 0L, 1L, 0L, 
    0L, 0L, 13L, 0L, 0L, 0L, 291L, 6L, 0L, 0L), .Dim = c(8L, 
    3L), .Dimnames = structure(list(c("-1", "-2", "-3", "-4", 
    "0", "1", "2", NA), c("A", "G", NA)), .Names = c("", "")), class = "table"), 
    AKMmono22_SNP1 = structure(c(0L, 0L, 0L, 0L, 1L, 0L, 0L, 
    0L, 0L, 1243L, 255L, 26L, 2L, 4466L, 255L, 18L, 1L, 244L, 
    0L, 0L, 0L, 0L, 1L, 0L, 0L, 0L, 0L, 1L, 0L, 0L, 0L, 0L, 0L, 
    0L, 0L, 0L, 38L, 5L, 2L, 0L, 446L, 7L, 1L, 0L, 0L), .Dim = c(9L, 
    5L), .Dimnames = structure(list(c("-1", "-2", "-3", "-4", 
    "0", "1", "2", "3", NA), c("-", "A", "G", "T", NA)), .Names = c("", 
    "")), class = "table"), EJmono05_SNP1 = structure(c(0L, 0L, 
    2L, 0L, 0L, 0L, 0L, 2L, 0L, 0L, 650L, 58L, 5772L, 134L, 42L, 
    14L, 2L, 183L, 2L, 0L), .Dim = 5:4, .Dimnames = structure(list(
        c("-1", "-2", "0", "1", NA), c("A", "C", "T", NA)), .Names = c("", 
    "")), class = "table"), EJmono16_SNP1 = structure(c(481L, 
    38L, 1L, 1L, 6488L, 338L, 10L, 241L, 0L, 0L, 0L, 0L, 1L, 
    0L, 0L, 0L, 3L, 0L, 0L, 0L, 70L, 0L, 0L, 0L), .Dim = c(8L, 
    3L), .Dimnames = structure(list(c("-1", "-2", "-3", "-4", 
    "0", "1", "2", NA), c("A", "T", NA)), .Names = c("", "")), class = "table"), 
    LMmono01_SNP1 = structure(c(1062L, 77L, 2L, 4605L, 56L, 1L, 
    48L, 0L, 0L, 0L, 2L, 0L, 0L, 0L, 39L, 3L, 0L, 301L, 8L, 0L, 
    0L), .Dim = c(7L, 3L), .Dimnames = structure(list(c("-1", 
    "-2", "-3", "0", "1", "2", NA), c("A", "T", NA)), .Names = c("", 
    "")), class = "table"), LMmono03_SNP1 = structure(c(0L, 0L, 
    0L, 0L, 0L, 1L, 0L, 0L, 0L, 1018L, 149L, 25L, 2L, 1L, 4014L, 
    145L, 5L, 157L, 1L, 0L, 1L, 0L, 0L, 6L, 0L, 0L, 0L, 19L, 
    2L, 0L, 0L, 0L, 272L, 4L, 1L, 0L), .Dim = c(9L, 4L), .Dimnames = structure(list(
        c("-1", "-2", "-3", "-4", "-5", "0", "1", "2", NA), c("A", 
        "C", "T", NA)), .Names = c("", "")), class = "table"), 
    LMmono09_SNP1 = structure(c(0L, 0L, 0L, 0L, 1L, 0L, 0L, 0L, 
    3756L, 482L, 37L, 5L, 11555L, 434L, 11L, 381L, 24L, 7L, 0L, 
    0L, 138L, 4L, 0L, 0L), .Dim = c(8L, 3L), .Dimnames = structure(list(
        c("-1", "-2", "-3", "-4", "0", "1", "2", NA), c("C", 
        "T", NA)), .Names = c("", "")), class = "table"), LMmono12_SNP1 = structure(c(817L, 
    62L, 3L, 3722L, 367L, 32L, 2L, 2L, 183L, 12L, 0L, 0L, 120L, 
    7L, 2L, 0L, 0L, 0L), .Dim = c(9L, 2L), .Dimnames = structure(list(
        c("-1", "-2", "-3", "0", "1", "2", "3", "6", NA), c("A", 
        NA)), .Names = c("", "")), class = "table"), LMmono16_SNP1 = structure(c(21L, 
    1L, 4810L, 21L, 1302L, 10L, 361L, 13L, 416L, 0L, 0L, 1L, 
    0L, 0L, 0L, 0L, 0L, 0L, 0L, 0L, 1L, 0L, 0L, 0L, 0L, 0L, 0L, 
    1L, 0L, 802L, 0L, 76L, 0L, 36L, 2L, 0L), .Dim = c(9L, 4L), .Dimnames = structure(list(
        c("-1", "-2", "0", "1", "3", "4", "5", "6", NA), c("A", 
        "G", "T", NA)), .Names = c("", "")), class = "table"), 
    MSJmono10_SNP1 = structure(c(0L, 0L, 1L, 0L, 0L, 0L, 876L, 
    23L, 4968L, 172L, 5L, 22L, 0L, 0L, 1L, 0L, 0L, 0L, 24L, 1L, 
    264L, 12L, 1L, 0L), .Dim = c(6L, 4L), .Dimnames = structure(list(
        c("-1", "-2", "0", "1", "2", NA), c("A", "C", "G", NA
        )), .Names = c("", "")), class = "table"), MSJmono19ms1_SNP1 = structure(c(460L, 
    29L, 7L, 7789L, 242L, 8L, 162L, 0L, 0L, 0L, 9L, 0L, 0L, 2L, 
    0L, 0L, 0L, 6L, 0L, 0L, 0L, 36L, 1L, 0L, 803L, 20L, 0L, 0L
    ), .Dim = c(7L, 4L), .Dimnames = structure(list(c("-1", "-2", 
    "-3", "0", "1", "2", NA), c("A", "C", "T", NA)), .Names = c("", 
    "")), class = "table"), MSJmono19ms2_SNP1 = structure(c(0L, 
    0L, 2L, 0L, 0L, 0L, 389L, 10L, 7893L, 80L, 1L, 92L, 1L, 0L, 
    597L, 3L, 0L, 0L), .Dim = c(6L, 3L), .Dimnames = structure(list(
        c("-1", "-2", "0", "1", "2", NA), c("A", "C", NA)), .Names = c("", 
    "")), class = "table"), MSJmono36_SNP1 = structure(c(0L, 
    0L, 0L, 1L, 0L, 0L, 0L, 0L, 0L, 0L, 0L, 1L, 0L, 0L, 0L, 0L, 
    1080L, 70L, 1L, 5502L, 576L, 19L, 2L, 213L, 6L, 2L, 0L, 154L, 
    9L, 0L, 0L, 0L), .Dim = c(8L, 4L), .Dimnames = structure(list(
        c("-1", "-2", "-3", "0", "1", "2", "3", NA), c("A", "C", 
        "G", NA)), .Names = c("", "")), class = "table"), MSJmono44_SNP1 = structure(c(230L, 
    10L, 3968L, 63L, 2L, 24L, 3L, 1L, 91L, 1L, 0L, 0L), .Dim = c(6L, 
    2L), .Dimnames = structure(list(c("-1", "-2", "0", "1", "2", 
    NA), c("T", NA)), .Names = c("", "")), class = "table"), 
    MSJmono46_SNP1 = structure(c(1L, 0L, 0L, 0L, 0L, 0L, 0L, 
    0L, 0L, 1006L, 120L, 8L, 2L, 2244L, 296L, 20L, 2L, 96L, 14L, 
    3L, 0L, 0L, 71L, 2L, 0L, 0L, 0L), .Dim = c(9L, 3L), .Dimnames = structure(list(
        c("-1", "-2", "-3", "-4", "0", "1", "2", "3", NA), c("A", 
        "C", NA)), .Names = c("", "")), class = "table"), LMmono04v2_SNP1 = structure(c(342L, 
    23L, 1L, 2670L, 86L, 2L, 15L, 6L, 0L, 0L, 111L, 5L, 0L, 0L
    ), .Dim = c(7L, 2L), .Dimnames = structure(list(c("-1", "-2", 
    "-3", "0", "1", "2", NA), c("C", NA)), .Names = c("", "")), class = "table"), 
    AKMmono01v2_SNP1 = structure(c(0L, 0L, 0L, 2L, 0L, 0L, 0L, 
    0L, 0L, 0L, 1L, 0L, 0L, 0L, 0L, 0L, 0L, 1L, 0L, 0L, 0L, 0L, 
    0L, 0L, 0L, 1L, 0L, 0L, 398L, 22L, 1L, 5306L, 93L, 1L, 38L, 
    11L, 0L, 0L, 210L, 7L, 0L, 0L), .Dim = 7:6, .Dimnames = structure(list(
        c("-1", "-2", "-3", "0", "1", "2", NA), c("-", "A", "C", 
        "G", "T", NA)), .Names = c("", "")), class = "table"), 
    AKMmono10v2_SNP1 = structure(c(148L, 2L, 2565L, 41L, 1L, 
    1L, 16L, 0L, 0L, 1L, 0L, 0L, 0L, 0L, 2L, 0L, 92L, 3L, 0L, 
    1L, 0L), .Dim = c(7L, 3L), .Dimnames = structure(list(c("-1", 
    "-2", "0", "1", "2", "5", NA), c("A", "G", NA)), .Names = c("", 
    "")), class = "table"), AKMmono17v2_SNP1 = structure(c(30L, 
    1L, 697L, 7L, 1L, 3L, 39L, 4L, 494L, 6L, 0L, 4L, 0L, 0L, 
    28L, 1L, 0L, 0L), .Dim = c(6L, 3L), .Dimnames = structure(list(
        c("-1", "-2", "0", "1", "2", NA), c("A", "C", NA)), .Names = c("", 
    "")),