Result <-
list(AKMmono02_SNP1 = structure(c(0L, 0L, 0L, 1L, 0L, 0L, 0L, 
0L, 521L, 63L, 2L, 3990L, 927L, 51L, 2L, 466L, 8L, 0L, 0L, 89L, 
7L, 0L, 0L, 0L), .Dim = c(8L, 3L), .Dimnames = structure(list(
    c("-1", "-2", "-3", "0", "1", "2", "3", NA), c("C", "T", 
    NA)), .Names = c("", "")), class = "table"), AKMmono03_SNP1 = structure(c(1032L, 
153L, 33L, 2L, 7404L, 175L, 6L, 108L, 0L, 0L, 0L, 0L, 2L, 0L, 
0L, 0L, 0L, 0L, 0L, 0L, 1L, 0L, 0L, 0L, 58L, 5L, 2L, 0L, 544L, 
3L, 0L, 0L), .Dim = c(8L, 4L), .Dimnames = structure(list(c("-1", 
"-2", "-3", "-4", "0", "1", "2", NA), c("A", "C", "G", NA)), .Names = c("", 
"")), class = "table"), AKMmono05_SNP1 = structure(c(3447L, 745L, 
89L, 4L, 2043L, 85L, 3L, 205L, 0L, 0L, 0L, 0L, 3L, 0L, 0L, 0L, 
3L, 0L, 0L, 0L, 1L, 0L, 0L, 0L, 145L, 26L, 1L, 0L, 219L, 7L, 
2L, 0L), .Dim = c(8L, 4L), .Dimnames = structure(list(c("-1", 
"-2", "-3", "-4", "0", "1", "2", NA), c("A", "C", "T", NA)), .Names = c("", 
"")), class = "table"), AKMmono11_SNP1 = structure(c(1L, 1L, 
0L, 0L, 3L, 0L, 0L, 0L, 3337L, 2634L, 203L, 2L, 4524L, 104L, 
2L, 507L, 482L, 111L, 3L, 0L, 878L, 22L, 0L, 0L), .Dim = c(8L, 
3L), .Dimnames = structure(list(c("-1", "-2", "-3", "-4", "0", 
"1", "2", NA), c("A", "T", NA)), .Names = c("", "")), class = "table"), 
    AKMmono12_SNP1 = structure(c(0L, 0L, 0L, 0L, 1L, 0L, 0L, 
    0L, 1L, 1L, 0L, 0L, 0L, 0L, 0L, 1L, 2778L, 257L, 18L, 1L, 
    4496L, 155L, 1L, 100L, 1L, 0L, 0L, 0L, 0L, 0L, 0L, 0L, 68L, 
    6L, 0L, 0L, 382L, 2L, 0L, 0L), .Dim = c(8L, 5L), .Dimnames = structure(list(
        c("-1", "-2", "-3", "-4", "0", "1", "2", NA), c("-", 
        "A", "C", "T", NA)), .Names = c("", "")), class = "table"), 
    AKMmono13_SNP1 = structure(c(657L, 47L, 2L, 6062L, 149L, 
    1L, 77L, 0L, 0L, 0L, 1L, 0L, 0L, 0L, 15L, 0L, 0L, 342L, 4L, 
    1L, 0L), .Dim = c(7L, 3L), .Dimnames = structure(list(c("-1", 
    "-2", "-3", "0", "1", "2", NA), c("A", "C", NA)), .Names = c("", 
    "")), class = "table"), AKMmono16_SNP1 = structure(c(1628L, 
    143L, 5L, 2296L, 44L, 1L, 45L, 0L, 0L, 0L, 1L, 0L, 0L, 0L, 
    38L, 2L, 0L, 155L, 2L, 0L, 0L), .Dim = c(7L, 3L), .Dimnames = structure(list(
        c("-1", "-2", "-3", "0", "1", "2", NA), c("A", "G", NA
        )), .Names = c("", "")), class = "table"), AKMmono22_SNP1 = structure(c(348L, 
    1181L, 281L, 17L, 4L, 1790L, 1040L, 134L, 16L, 2L, 312L, 
    0L, 0L, 0L, 0L, 0L, 1L, 0L, 0L, 0L, 0L, 0L, 5L, 20L, 4L, 
    1L, 0L, 270L, 34L, 1L, 1L, 0L, 0L), .Dim = c(11L, 3L), .Dimnames = structure(list(
        c("-1", "-2", "-3", "-4", "-5", "0", "1", "2", "3", "4", 
        NA), c("A", "T", NA)), .Names = c("", "")), class = "table"), 
    EJmono05_SNP1 = structure(c(1L, 0L, 0L, 1L, 0L, 0L, 0L, 0L, 
    0L, 0L, 1L, 0L, 0L, 0L, 2L, 0L, 0L, 0L, 0L, 0L, 0L, 1601L, 
    114L, 4L, 2474L, 67L, 1L, 44L, 16L, 0L, 0L, 74L, 1L, 0L, 
    0L), .Dim = c(7L, 5L), .Dimnames = structure(list(c("-1", 
    "-2", "-3", "0", "1", "2", NA), c("A", "C", "G", "T", NA)), .Names = c("", 
    "")), class = "table"), EJmono16_SNP1 = structure(c(667L, 
    36L, 57L, 5635L, 337L, 16L, 289L, 0L, 0L, 0L, 1L, 0L, 0L, 
    0L, 1L, 0L, 0L, 0L, 0L, 0L, 0L, 5L, 0L, 0L, 55L, 1L, 0L, 
    0L), .Dim = c(7L, 4L), .Dimnames = structure(list(c("-1", 
    "-2", "-3", "0", "1", "2", NA), c("A", "G", "T", NA)), .Names = c("", 
    "")), class = "table"), LMmono01_SNP1 = structure(c(656L, 
    39L, 6L, 4180L, 144L, 2L, 31L, 0L, 0L, 0L, 2L, 0L, 0L, 0L, 
    0L, 0L, 0L, 4L, 0L, 0L, 0L, 31L, 0L, 0L, 368L, 10L, 1L, 0L
    ), .Dim = c(7L, 4L), .Dimnames = structure(list(c("-1", "-2", 
    "-5", "0", "1", "2", NA), c("A", "C", "T", NA)), .Names = c("", 
    "")), class = "table"), LMmono03_SNP1 = structure(c(0L, 1L, 
    0L, 0L, 1L, 0L, 0L, 0L, 1357L, 413L, 56L, 3L, 1392L, 40L, 
    1L, 136L, 29L, 9L, 2L, 0L, 85L, 0L, 0L, 0L), .Dim = c(8L, 
    3L), .Dimnames = structure(list(c("-1", "-2", "-3", "-4", 
    "0", "1", "2", NA), c("A", "C", NA)), .Names = c("", "")), class = "table"), 
    LMmono09_SNP1 = structure(c(1L, 1L, 0L, 0L, 0L, 0L, 0L, 0L, 
    0L, 1L, 0L, 0L, 0L, 0L, 0L, 0L, 0L, 0L, 0L, 0L, 0L, 0L, 0L, 
    1L, 0L, 0L, 0L, 3807L, 1014L, 4065L, 659L, 18L, 2889L, 143L, 
    4L, 577L, 53L, 5L, 51L, 12L, 0L, 46L, 4L, 0L, 0L), .Dim = c(9L, 
    5L), .Dimnames = structure(list(c("-1", "-2", "-3", "-4", 
    "-5", "0", "1", "2", NA), c("A", "C", "G", "T", NA)), .Names = c("", 
    "")), class = "table"), LMmono12_SNP1 = structure(c(1279L, 
    381L, 31L, 1L, 1252L, 85L, 2L, 150L, 13L, 0L, 0L, 0L, 48L, 
    0L, 0L, 0L), .Dim = c(8L, 2L), .Dimnames = structure(list(
        c("-1", "-2", "-3", "-4", "0", "1", "2", NA), c("A", 
        NA)), .Names = c("", "")), class = "table"), LMmono16_SNP1 = structure(c(39L, 
    7L, 11L, 4L, 1L, 3881L, 326L, 1L, 1869L, 3L, 229L, 19L, 489L, 
    5L, 0L, 1L, 0L, 0L, 451L, 5L, 0L, 83L, 0L, 32L, 3L, 0L), .Dim = c(13L, 
    2L), .Dimnames = structure(list(c("-1", "-2", "-3", "-4", 
    "-5", "0", "1", "2", "3", "4", "5", "6", NA), c("A", NA)), .Names = c("", 
    "")), class = "table"), MSJmono10_SNP1 = structure(c(0L, 
    0L, 0L, 1L, 0L, 0L, 0L, 1997L, 205L, 2L, 4170L, 140L, 5L, 
    36L, 50L, 2L, 0L, 246L, 9L, 0L, 0L), .Dim = c(7L, 3L), .Dimnames = structure(list(
        c("-1", "-2", "-3", "0", "1", "2", NA), c("A", "C", NA
        )), .Names = c("", "")), class = "table"), MSJmono19ms1_SNP1 = structure(c(615L, 
    63L, 8L, 7648L, 236L, 4L, 191L, 0L, 0L, 0L, 15L, 0L, 0L, 
    0L, 0L, 0L, 0L, 1L, 0L, 0L, 0L, 0L, 0L, 0L, 6L, 0L, 0L, 0L, 
    59L, 3L, 0L, 763L, 24L, 0L, 0L), .Dim = c(7L, 5L), .Dimnames = structure(list(
        c("-1", "-2", "-3", "0", "1", "2", NA), c("A", "C", "G", 
        "T", NA)), .Names = c("", "")), class = "table"), MSJmono19ms2_SNP1 = structure(c(0L, 
    0L, 0L, 2L, 0L, 0L, 0L, 668L, 11L, 1L, 7600L, 71L, 2L, 107L, 
    0L, 0L, 0L, 1L, 0L, 0L, 0L, 9L, 0L, 0L, 584L, 0L, 0L, 0L), .Dim = c(7L, 
    4L), .Dimnames = structure(list(c("-1", "-2", "-3", "0", 
    "1", "2", NA), c("A", "C", "T", NA)), .Names = c("", "")), class = "table"), 
    MSJmono36_SNP1 = structure(c(1L, 0L, 0L, 2L, 0L, 0L, 0L, 
    2278L, 141L, 7L, 3948L, 152L, 3L, 312L, 0L, 0L, 0L, 1L, 0L, 
    0L, 0L, 12L, 1L, 0L, 109L, 2L, 0L, 0L), .Dim = c(7L, 4L), .Dimnames = structure(list(
        c("-1", "-2", "-3", "0", "1", "2", NA), c("A", "G", "T", 
        NA)), .Names = c("", "")), class = "table"), MSJmono44_SNP1 = structure(c(1L, 
    0L, 0L, 0L, 0L, 0L, 0L, 0L, 0L, 0L, 0L, 1L, 0L, 0L, 0L, 0L, 
    1789L, 121L, 3L, 2406L, 47L, 2L, 12L, 40L, 25L, 0L, 0L, 45L, 
    3L, 0L, 0L, 0L), .Dim = c(8L, 4L), .Dimnames = structure(list(
        c("-1", "-2", "-3", "0", "1", "2", "4", NA), c("-", "G", 
        "T", NA)), .Names = c("", "")), class = "table"), MSJmono46_SNP1 = structure(c(1L, 
    0L, 0L, 0L, 0L, 0L, 0L, 0L, 1031L, 202L, 31L, 4L, 1319L, 
    88L, 2L, 101L, 19L, 3L, 0L, 0L, 45L, 1L, 0L, 0L), .Dim = c(8L, 
    3L), .Dimnames = structure(list(c("-1", "-2", "-3", "-4", 
    "0", "1", "2", NA), c("A", "C", NA)), .Names = c("", "")), class = "table"), 
    LMmono04v2_SNP1 = structure(c(1739L, 196L, 12L, 1L, 963L, 
    51L, 4L, 56L, 0L, 0L, 0L, 0L, 0L, 0L, 0L, 1L, 26L, 1L, 0L, 
    0L, 55L, 7L, 0L, 0L), .Dim = c(8L, 3L), .Dimnames = structure(list(
        c("-1", "-2", "-3", "-4", "0", "1", "2", NA), c("C", 
        "T", NA)), .Names = c("", "")), class = "table"), AKMmono01v2_SNP1 = structure(c(0L, 
    0L, 0L, 0L, 1L, 0L, 0L, 0L, 1542L, 210L, 11L, 1L, 3125L, 
    73L, 1L, 97L, 26L, 8L, 0L, 0L, 138L, 1L, 0L, 0L), .Dim = c(8L, 
    3L), .Dimnames = structure(list(c("-1", "-2", "-3", "-4", 
    "0", "1", "2", NA), c("A", "T", NA)), .Names = c("", "")), class = "table"), 
    AKMmono10v2_SNP1 = structure(c(833L, 19L, 1350L, 36L, 19L, 
    0L, 0L, 2L, 0L, 0L, 2L, 0L, 47L, 1L, 0L), .Dim = c(5L, 3L
    ), .Dimnames = structure(list(c("-1", "-2", "0", "1", NA), 
        c("A", "G", NA)), .Names = c("", "")), class = "table"),