Result <-
list(AKMmono02_SNP1 = structure(c(0L, 0L, 0L, 1L, 0L, 0L, 0L, 
661L, 35L, 1L, 6627L, 132L, 7L, 130L, 8L, 0L, 0L, 133L, 0L, 0L, 
0L), .Dim = c(7L, 3L), .Dimnames = structure(list(c("-1", "-2", 
"-3", "0", "1", "2", NA), c("C", "T", NA)), .Names = c("", ""
)), class = "table"), AKMmono03_SNP1 = structure(c(1639L, 282L, 
56L, 2L, 1L, 14041L, 197L, 3L, 149L, 0L, 0L, 0L, 0L, 0L, 2L, 
0L, 0L, 0L, 0L, 0L, 0L, 0L, 0L, 2L, 0L, 0L, 0L, 0L, 0L, 0L, 0L, 
0L, 0L, 1L, 0L, 0L, 62L, 8L, 1L, 0L, 0L, 1037L, 10L, 1L, 0L), .Dim = c(9L, 
5L), .Dimnames = structure(list(c("-1", "-2", "-3", "-4", "-5", 
"0", "1", "2", NA), c("A", "C", "G", "T", NA)), .Names = c("", 
"")), class = "table"), AKMmono05_SNP1 = structure(c(1633L, 230L, 
41L, 7L, 1L, 10248L, 366L, 10L, 155L, 0L, 0L, 0L, 0L, 0L, 3L, 
0L, 0L, 0L, 0L, 0L, 0L, 0L, 0L, 2L, 0L, 0L, 0L, 1L, 0L, 0L, 0L, 
0L, 3L, 0L, 0L, 0L, 77L, 7L, 0L, 0L, 0L, 906L, 30L, 0L, 0L), .Dim = c(9L, 
5L), .Dimnames = structure(list(c("-1", "-2", "-3", "-4", "-5", 
"0", "1", "2", NA), c("A", "C", "G", "T", NA)), .Names = c("", 
"")), class = "table"), AKMmono11_SNP1 = structure(c(0L, 0L, 
0L, 2L, 0L, 0L, 0L, 0L, 0L, 0L, 1L, 0L, 0L, 0L, 0L, 0L, 0L, 1L, 
0L, 0L, 0L, 1402L, 94L, 5L, 11530L, 191L, 1L, 153L, 208L, 1L, 
0L, 2190L, 59L, 1L, 0L), .Dim = c(7L, 5L), .Dimnames = structure(list(
    c("-1", "-2", "-3", "0", "1", "2", NA), c("A", "C", "G", 
    "T", NA)), .Names = c("", "")), class = "table"), AKMmono12_SNP1 = structure(c(1764L, 
122L, 20L, 1L, 11235L, 295L, 11L, 1L, 88L, 1L, 0L, 0L, 0L, 1L, 
0L, 0L, 0L, 0L, 51L, 0L, 0L, 0L, 818L, 7L, 0L, 0L, 0L), .Dim = c(9L, 
3L), .Dimnames = structure(list(c("-1", "-2", "-3", "-4", "0", 
"1", "2", "3", NA), c("C", "T", NA)), .Names = c("", "")), class = "table"), 
    AKMmono13_SNP1 = structure(c(714L, 43L, 6L, 12399L, 276L, 
    4L, 102L, 0L, 0L, 0L, 1L, 0L, 0L, 0L, 1L, 0L, 0L, 1L, 0L, 
    0L, 0L, 0L, 0L, 0L, 2L, 0L, 0L, 0L, 15L, 0L, 0L, 689L, 10L, 
    0L, 0L), .Dim = c(7L, 5L), .Dimnames = structure(list(c("-1", 
    "-2", "-3", "0", "1", "2", NA), c("A", "C", "G", "T", NA)), .Names = c("", 
    "")), class = "table"), AKMmono16_SNP1 = structure(c(787L, 
    65L, 1L, 1L, 7805L, 126L, 2L, 22L, 0L, 0L, 0L, 0L, 1L, 0L, 
    0L, 0L, 0L, 0L, 0L, 0L, 1L, 0L, 0L, 0L, 0L, 0L, 0L, 0L, 4L, 
    0L, 0L, 0L, 20L, 1L, 0L, 0L, 427L, 6L, 0L, 0L), .Dim = c(8L, 
    5L), .Dimnames = structure(list(c("-1", "-2", "-3", "-4", 
    "0", "1", "2", NA), c("A", "C", "G", "T", NA)), .Names = c("", 
    "")), class = "table"), AKMmono22_SNP1 = structure(c(1327L, 
    228L, 24L, 3L, 8521L, 457L, 34L, 1L, 340L, 0L, 0L, 0L, 0L, 
    1L, 0L, 0L, 0L, 0L, 0L, 0L, 0L, 0L, 2L, 0L, 0L, 0L, 0L, 1L, 
    0L, 0L, 0L, 0L, 0L, 0L, 0L, 0L, 44L, 6L, 2L, 0L, 778L, 19L, 
    2L, 0L, 0L), .Dim = c(9L, 5L), .Dimnames = structure(list(
        c("-1", "-2", "-3", "-4", "0", "1", "2", "3", NA), c("A", 
        "C", "G", "T", NA)), .Names = c("", "")), class = "table"), 
    EJmono05_SNP1 = structure(c(0L, 0L, 0L, 4L, 0L, 0L, 0L, 1L, 
    0L, 0L, 0L, 1L, 0L, 0L, 890L, 90L, 2L, 7763L, 145L, 2L, 46L, 
    13L, 1L, 0L, 271L, 3L, 0L, 0L), .Dim = c(7L, 4L), .Dimnames = structure(list(
        c("-1", "-2", "-3", "0", "1", "2", NA), c("A", "C", "T", 
        NA)), .Names = c("", "")), class = "table"), EJmono16_SNP1 = structure(c(716L, 
    64L, 3L, 11565L, 549L, 18L, 1L, 1L, 353L, 0L, 0L, 0L, 1L, 
    0L, 0L, 0L, 0L, 0L, 0L, 0L, 0L, 1L, 0L, 0L, 0L, 0L, 0L, 5L, 
    1L, 0L, 118L, 1L, 0L, 0L, 0L, 0L), .Dim = c(9L, 4L), .Dimnames = structure(list(
        c("-1", "-2", "-3", "0", "1", "2", "3", "4", NA), c("A", 
        "G", "T", NA)), .Names = c("", "")), class = "table"), 
    LMmono01_SNP1 = structure(c(923L, 46L, 2L, 7476L, 143L, 52L, 
    0L, 0L, 0L, 1L, 0L, 0L, 0L, 0L, 0L, 1L, 0L, 0L, 34L, 2L, 
    0L, 462L, 14L, 0L), .Dim = c(6L, 4L), .Dimnames = structure(list(
        c("-1", "-2", "-3", "0", "1", NA), c("A", "G", "T", NA
        )), .Names = c("", "")), class = "table"), LMmono03_SNP1 = structure(c(0L, 
    0L, 0L, 0L, 0L, 4L, 1L, 0L, 0L, 1125L, 132L, 19L, 7L, 1L, 
    4845L, 164L, 6L, 204L, 0L, 0L, 0L, 0L, 0L, 2L, 0L, 0L, 0L, 
    26L, 2L, 0L, 0L, 0L, 288L, 4L, 0L, 0L), .Dim = c(9L, 4L), .Dimnames = structure(list(
        c("-1", "-2", "-3", "-4", "-5", "0", "1", "2", NA), c("A", 
        "C", "T", NA)), .Names = c("", "")), class = "table"), 
    LMmono09_SNP1 = structure(c(0L, 0L, 0L, 1L, 0L, 0L, 0L, 0L, 
    0L, 0L, 0L, 1L, 0L, 0L, 0L, 0L, 3421L, 495L, 64L, 13986L, 
    579L, 16L, 1L, 366L, 31L, 9L, 1L, 180L, 4L, 0L, 0L, 0L), .Dim = c(8L, 
    4L), .Dimnames = structure(list(c("-1", "-2", "-3", "0", 
    "1", "2", "3", NA), c("C", "G", "T", NA)), .Names = c("", 
    "")), class = "table"), LMmono12_SNP1 = structure(c(1134L, 
    100L, 6L, 6107L, 419L, 24L, 192L, 1L, 0L, 0L, 0L, 0L, 0L, 
    0L, 14L, 1L, 0L, 202L, 9L, 0L, 0L), .Dim = c(7L, 3L), .Dimnames = structure(list(
        c("-1", "-2", "-3", "0", "1", "2", NA), c("A", "G", NA
        )), .Names = c("", "")), class = "table"), LMmono16_SNP1 = structure(c(2369L, 
    210L, 15L, 1L, 9225L, 595L, 37L, 3L, 223L, 0L, 0L, 0L, 0L, 
    4L, 0L, 0L, 0L, 0L, 74L, 4L, 2L, 0L, 1276L, 27L, 2L, 0L, 
    0L), .Dim = c(9L, 3L), .Dimnames = structure(list(c("-1", 
    "-2", "-3", "-4", "0", "1", "2", "3", NA), c("A", "G", NA
    )), .Names = c("", "")), class = "table"), MSJmono10_SNP1 = structure(c(0L, 
    0L, 0L, 1L, 0L, 0L, 0L, 0L, 521L, 14L, 2L, 8081L, 251L, 13L, 
    0L, 35L, 13L, 1L, 0L, 433L, 15L, 0L, 1L, 0L), .Dim = c(8L, 
    3L), .Dimnames = structure(list(c("-1", "-2", "-3", "0", 
    "1", "2", "3", NA), c("A", "C", NA)), .Names = c("", "")), class = "table"), 
    MSJmono19ms1_SNP1 = structure(c(684L, 55L, 5L, 1L, 11213L, 
    352L, 5L, 252L, 1L, 0L, 0L, 0L, 12L, 2L, 0L, 0L, 0L, 0L, 
    0L, 0L, 1L, 0L, 0L, 0L, 0L, 0L, 0L, 0L, 9L, 0L, 0L, 0L, 64L, 
    6L, 0L, 0L, 1173L, 34L, 1L, 0L), .Dim = c(8L, 5L), .Dimnames = structure(list(
        c("-1", "-2", "-3", "-5", "0", "1", "2", NA), c("A", 
        "C", "G", "T", NA)), .Names = c("", "")), class = "table"), 
    MSJmono19ms2_SNP1 = structure(c(562L, 6L, 11411L, 121L, 5L, 
    153L, 0L, 0L, 2L, 0L, 0L, 0L, 4L, 0L, 813L, 2L, 0L, 0L), .Dim = c(6L, 
    3L), .Dimnames = structure(list(c("-1", "-2", "0", "1", "2", 
    NA), c("C", "T", NA)), .Names = c("", "")), class = "table"), 
    MSJmono36_SNP1 = structure(c(0L, 0L, 0L, 0L, 0L, 1L, 0L, 
    0L, 0L, 0L, 0L, 0L, 0L, 0L, 1L, 0L, 0L, 0L, 800L, 35L, 2L, 
    1L, 1L, 12449L, 304L, 5L, 141L, 0L, 0L, 0L, 0L, 0L, 1L, 0L, 
    0L, 0L, 6L, 2L, 0L, 0L, 0L, 307L, 2L, 0L, 0L), .Dim = c(9L, 
    5L), .Dimnames = structure(list(c("-1", "-2", "-3", "-4", 
    "-6", "0", "1", "2", NA), c("A", "C", "G", "T", NA)), .Names = c("", 
    "")), class = "table"), MSJmono44_SNP1 = structure(c(0L, 
    0L, 0L, 1L, 0L, 0L, 0L, 0L, 0L, 0L, 433L, 12L, 1L, 0L, 4L, 
    7135L, 140L, 5L, 1L, 48L, 7L, 0L, 0L, 0L, 0L, 125L, 1L, 0L, 
    1L, 0L), .Dim = c(10L, 3L), .Dimnames = structure(list(c("-1", 
    "-2", "-3", "-5", "-6", "0", "1", "2", "4", NA), c("-", "T", 
    NA)), .Names = c("", "")), class = "table"), MSJmono46_SNP1 = structure(c(0L, 
    0L, 0L, 0L, 1L, 0L, 0L, 0L, 808L, 79L, 3L, 1L, 3627L, 222L, 
    13L, 100L, 0L, 0L, 0L, 0L, 1L, 0L, 0L, 0L, 11L, 2L, 0L, 0L, 
    106L, 3L, 0L, 0L), .Dim = c(8L, 4L), .Dimnames = structure(list(
        c("-1", "-2", "-3", "-4", "0", "1", "2", NA), c("A", 
        "C", "T", NA)), .Names = c("", "")), class = "table"), 
    LMmono04v2_SNP1 = structure(c(469L, 41L, 1L, 3409L, 168L, 
    6L, 26L, 0L, 0L, 0L, 1L, 0L, 0L, 0L, 9L, 2L, 0L, 141L, 10L, 
    1L, 0L), .Dim = c(7L, 3L), .Dimnames = structure(list(c("-1", 
    "-2", "-3", "0", "1", "2", NA), c("C", "T", NA)), .Names = c("", 
    "")), class = "table"), AKMmono01v2_SNP1 = structure(c(1L, 
    0L, 0L, 3L, 0L, 0L, 0L, 3L, 0L, 0L, 1L, 0L, 0L, 0L, 0L, 0L, 
    0L, 1L, 0L, 0L, 0L, 619L, 44L, 5L, 8199L, 124L, 2L, 59L, 
    18L, 0L, 0L, 289L, 2L, 0L, 0L), .Dim = c(7L, 5L),