Result <-
list(AKMmono02_SNP1 = structure(c(0L, 0L, 0L, 0L, 1L, 0L, 0L, 
0L, 1L, 0L, 0L, 0L, 0L, 0L, 0L, 0L, 141L, 17L, 1L, 1L, 1471L, 
77L, 4L, 54L, 2L, 1L, 0L, 0L, 23L, 1L, 0L, 0L), .Dim = c(8L, 
4L), .Dimnames = structure(list(c("-1", "-2", "-3", "-4", "0", 
"1", "2", NA), c("A", "C", "T", NA)), .Names = c("", "")), class = "table"), 
    AKMmono03_SNP1 = structure(c(0L, 0L, 0L, 1L, 0L, 0L, 0L, 
    1281L, 203L, 25L, 9759L, 220L, 3L, 141L, 0L, 0L, 0L, 1L, 
    0L, 0L, 0L, 83L, 9L, 1L, 768L, 10L, 0L, 0L), .Dim = c(7L, 
    4L), .Dimnames = structure(list(c("-1", "-2", "-3", "0", 
    "1", "2", NA), c("-", "A", "G", NA)), .Names = c("", "")), class = "table"), 
    AKMmono05_SNP1 = structure(c(402L, 59L, 9L, 2210L, 151L, 
    6L, 42L, 16L, 3L, 0L, 201L, 7L, 0L, 0L), .Dim = c(7L, 2L), .Dimnames = structure(list(
        c("-1", "-2", "-3", "0", "1", "2", NA), c("A", NA)), .Names = c("", 
    "")), class = "table"), AKMmono11_SNP1 = structure(c(0L, 
    0L, 0L, 2L, 0L, 0L, 0L, 0L, 0L, 0L, 0L, 1L, 0L, 0L, 0L, 0L, 
    1001L, 72L, 1L, 7493L, 190L, 3L, 1L, 160L, 177L, 2L, 0L, 
    1450L, 44L, 0L, 0L, 0L), .Dim = c(8L, 4L), .Dimnames = structure(list(
        c("-1", "-2", "-3", "0", "1", "2", "3", NA), c("A", "C", 
        "T", NA)), .Names = c("", "")), class = "table"), AKMmono12_SNP1 = structure(c(548L, 
    62L, 0L, 0L, 3935L, 95L, 4L, 32L, 0L, 0L, 0L, 0L, 1L, 0L, 
    0L, 0L, 12L, 2L, 1L, 1L, 291L, 1L, 0L, 0L), .Dim = c(8L, 
    3L), .Dimnames = structure(list(c("-1", "-2", "-3", "-4", 
    "0", "1", "2", NA), c("C", "G", NA)), .Names = c("", "")), class = "table"), 
    AKMmono13_SNP1 = structure(c(261L, 19L, 4058L, 247L, 4L, 
    1L, 36L, 0L, 0L, 1L, 0L, 0L, 0L, 0L, 13L, 2L, 246L, 7L, 0L, 
    0L, 0L), .Dim = c(7L, 3L), .Dimnames = structure(list(c("-1", 
    "-2", "0", "1", "2", "3", NA), c("A", "T", NA)), .Names = c("", 
    "")), class = "table"), AKMmono16_SNP1 = structure(c(358L, 
    17L, 1L, 2641L, 62L, 2L, 13L, 8L, 0L, 0L, 128L, 4L, 0L, 0L
    ), .Dim = c(7L, 2L), .Dimnames = structure(list(c("-1", "-2", 
    "-3", "0", "1", "2", NA), c("A", NA)), .Names = c("", "")), class = "table"), 
    AKMmono22_SNP1 = structure(c(431L, 73L, 7L, 1L, 2222L, 257L, 
    17L, 130L, 20L, 3L, 0L, 0L, 230L, 12L, 0L, 0L), .Dim = c(8L, 
    2L), .Dimnames = structure(list(c("-1", "-2", "-3", "-4", 
    "0", "1", "2", NA), c("A", NA)), .Names = c("", "")), class = "table"), 
    EJmono05_SNP1 = structure(c(527L, 57L, 1L, 5408L, 146L, 3L, 
    40L, 11L, 0L, 0L, 224L, 4L, 0L, 0L), .Dim = c(7L, 2L), .Dimnames = structure(list(
        c("-1", "-2", "-3", "0", "1", "2", NA), c("T", NA)), .Names = c("", 
    "")), class = "table"), EJmono16_SNP1 = structure(c(1101L, 
    118L, 5L, 1L, 12253L, 932L, 55L, 4L, 577L, 10L, 2L, 0L, 0L, 
    144L, 3L, 0L, 0L, 0L), .Dim = c(9L, 2L), .Dimnames = structure(list(
        c("-1", "-2", "-3", "-4", "0", "1", "2", "3", NA), c("A", 
        NA)), .Names = c("", "")), class = "table"), LMmono01_SNP1 = structure(c(271L, 
    13L, 2324L, 72L, 2L, 16L, 9L, 1L, 155L, 13L, 1L, 0L), .Dim = c(6L, 
    2L), .Dimnames = structure(list(c("-1", "-2", "0", "1", "2", 
    NA), c("A", NA)), .Names = c("", "")), class = "table"), 
    LMmono03_SNP1 = structure(c(324L, 45L, 5L, 1557L, 42L, 1L, 
    60L, 0L, 0L, 0L, 1L, 0L, 0L, 0L, 5L, 1L, 0L, 85L, 1L, 0L, 
    0L), .Dim = c(7L, 3L), .Dimnames = structure(list(c("-1", 
    "-2", "-3", "0", "1", "2", NA), c("C", "T", NA)), .Names = c("", 
    "")), class = "table"), LMmono09_SNP1 = structure(c(0L, 0L, 
    0L, 0L, 1L, 0L, 0L, 0L, 0L, 0L, 0L, 0L, 0L, 1L, 0L, 0L, 0L, 
    0L, 919L, 99L, 65L, 5L, 3149L, 162L, 8L, 1L, 108L, 7L, 2L, 
    0L, 0L, 51L, 1L, 0L, 0L, 0L), .Dim = c(9L, 4L), .Dimnames = structure(list(
        c("-1", "-2", "-3", "-4", "0", "1", "2", "3", NA), c("A", 
        "C", "T", NA)), .Names = c("", "")), class = "table"), 
    LMmono12_SNP1 = structure(c(690L, 57L, 2L, 1L, 3124L, 323L, 
    18L, 144L, 0L, 0L, 0L, 0L, 1L, 0L, 0L, 0L, 6L, 0L, 0L, 0L, 
    105L, 5L, 2L, 0L), .Dim = c(8L, 3L), .Dimnames = structure(list(
        c("-1", "-2", "-3", "-5", "0", "1", "2", NA), c("A", 
        "T", NA)), .Names = c("", "")), class = "table"), LMmono16_SNP1 = structure(c(421L, 
    63L, 3L, 3390L, 175L, 10L, 499L, 1L, 194L, 16L, 181L, 17L, 
    1L, 0L, 527L, 7L, 1L, 22L, 1L, 17L, 2L, 0L), .Dim = c(11L, 
    2L), .Dimnames = structure(list(c("-1", "-2", "-3", "0", 
    "1", "2", "3", "4", "5", "6", NA), c("A", NA)), .Names = c("", 
    "")), class = "table"), MSJmono10_SNP1 = structure(c(0L, 
    0L, 1L, 0L, 0L, 0L, 141L, 1L, 2184L, 100L, 0L, 10L, 4L, 0L, 
    118L, 10L, 1L, 0L), .Dim = c(6L, 3L), .Dimnames = structure(list(
        c("-1", "-2", "0", "1", "2", NA), c("A", "C", NA)), .Names = c("", 
    "")), class = "table"), MSJmono19ms1_SNP1 = structure(c(0L, 
    0L, 0L, 0L, 1L, 0L, 0L, 0L, 1L, 884L, 51L, 51L, 2L, 12780L, 
    521L, 15L, 1L, 339L, 0L, 0L, 0L, 0L, 17L, 0L, 0L, 0L, 0L, 
    0L, 0L, 0L, 0L, 3L, 0L, 0L, 0L, 0L, 1L, 0L, 0L, 0L, 9L, 0L, 
    0L, 0L, 2L, 77L, 6L, 5L, 1L, 1334L, 43L, 3L, 0L, 0L), .Dim = c(9L, 
    6L), .Dimnames = structure(list(c("-1", "-2", "-3", "-4", 
    "0", "1", "2", "3", NA), c("-", "A", "C", "G", "T", NA)), .Names = c("", 
    "")), class = "table"), MSJmono19ms2_SNP1 = structure(c(664L, 
    16L, 13115L, 210L, 5L, 199L, 0L, 0L, 4L, 0L, 0L, 0L, 4L, 
    0L, 1000L, 3L, 0L, 0L), .Dim = c(6L, 3L), .Dimnames = structure(list(
        c("-1", "-2", "0", "1", "2", NA), c("C", "T", NA)), .Names = c("", 
    "")), class = "table"), MSJmono36_SNP1 = structure(c(0L, 
    0L, 0L, 1L, 0L, 0L, 0L, 0L, 687L, 26L, 5L, 10370L, 283L, 
    8L, 1L, 139L, 0L, 0L, 0L, 1L, 0L, 0L, 0L, 0L, 9L, 0L, 0L, 
    286L, 2L, 0L, 0L, 0L), .Dim = c(8L, 4L), .Dimnames = structure(list(
        c("-1", "-2", "-3", "0", "1", "2", "3", NA), c("A", "G", 
        "T", NA)), .Names = c("", "")), class = "table"), MSJmono44_SNP1 = structure(c(351L, 
    16L, 3267L, 68L, 3L, 25L, 2L, 0L, 69L, 0L, 1L, 0L), .Dim = c(6L, 
    2L), .Dimnames = structure(list(c("-1", "-2", "0", "1", "2", 
    NA), c("T", NA)), .Names = c("", "")), class = "table"), 
    MSJmono46_SNP1 = structure(c(1L, 0L, 0L, 0L, 0L, 0L, 115L, 
    10L, 548L, 72L, 7L, 17L, 1L, 0L, 14L, 2L, 1L, 0L), .Dim = c(6L, 
    3L), .Dimnames = structure(list(c("-1", "-2", "0", "1", "2", 
    NA), c("A", "C", NA)), .Names = c("", "")), class = "table"), 
    LMmono04v2_SNP1 = structure(c(159L, 15L, 1278L, 139L, 12L, 
    11L, 6L, 0L, 91L, 7L, 0L, 0L), .Dim = c(6L, 2L), .Dimnames = structure(list(
        c("-1", "-2", "0", "1", "2", NA), c("C", NA)), .Names = c("", 
    "")), class = "table"), AKMmono01v2_SNP1 = structure(c(0L, 
    0L, 0L, 1L, 0L, 0L, 0L, 0L, 0L, 0L, 1L, 0L, 0L, 0L, 0L, 0L, 
    0L, 1L, 0L, 0L, 0L, 126L, 5L, 1L, 1196L, 22L, 1L, 9L, 6L, 
    0L, 0L, 48L, 1L, 0L, 0L), .Dim = c(7L, 5L), .Dimnames = structure(list(
        c("-1", "-2", "-3", "0", "1", "2", NA), c("-", "A", "C", 
        "T", NA)), .Names = c("", "")), class = "table"), AKMmono10v2_SNP1 = structure(c(7L, 
    173L, 2L, 0L, 0L, 41L, 219L, 2L, 1L, 1L, 0L, 14L, 0L, 0L, 
    0L), .Dim = c(5L, 3L), .Dimnames = structure(list(c("-1", 
    "0", "1", "2", NA), c("A", "G", NA)), .Names = c("", "")), class = "table"), 
    AKMmono17v2_SNP1 = structure(c(2L, 0L, 37L, 0L, 0L, 12L, 
    1L, 151L, 2L, 3L, 0L, 0L, 8L, 0L, 0L), .Dim = c(5L, 3L), .Dimnames = structure(list(
        c("-1", "-2", "0", "1", NA), c("A", "C", NA)), .Names = c("", 
    "")), class = "table"), EJmono13v2_SNP1 = structure(c(0L, 
    1L, 0L, 4L, 173L, 4L, 0L, 1L, 0L), .Dim = c(3L, 3L), .Dimnames = structure(list(
        c("-1", "0", "1"), c("A", "G", NA)), .Names = c("", ""
    )), class = "table"), EJmono21v2_SNP1 = structure(c(19L, 
    1L, 132L, 3L, 2L, 6L, 0L, 67L, 0L, 0L, 0L, 0L, 8L, 0L, 0L
    ), .Dim = c(5L, 3L), .Dimnames = structure(list(c("-1", "-2", 
    "0", "1", NA), c("C", "T", NA)), .Names = c("", "")), class = "table"),