Result <-
list(AKMmono02_SNP1 = structure(c(0L, 0L, 0L, 2L, 0L, 0L, 0L, 
1671L, 178L, 12L, 3733L, 56L, 1L, 194L, 19L, 4L, 0L, 69L, 2L, 
0L, 0L), .Dim = c(7L, 3L), .Dimnames = structure(list(c("-1", 
"-2", "-3", "0", "1", "2", NA), c("C", "T", NA)), .Names = c("", 
"")), class = "table"), AKMmono03_SNP1 = structure(c(3563L, 961L, 
84L, 9L, 5892L, 90L, 281L, 0L, 0L, 0L, 0L, 2L, 0L, 0L, 0L, 1L, 
0L, 0L, 0L, 0L, 0L, 175L, 32L, 4L, 0L, 473L, 4L, 0L), .Dim = c(7L, 
4L), .Dimnames = structure(list(c("-1", "-2", "-3", "-4", "0", 
"1", NA), c("A", "G", "T", NA)), .Names = c("", "")), class = "table"), 
    AKMmono05_SNP1 = structure(c(2788L, 1185L, 124L, 18L, 5261L, 
    195L, 7L, 232L, 2L, 1L, 0L, 0L, 1L, 0L, 0L, 0L, 173L, 47L, 
    2L, 0L, 450L, 26L, 0L, 0L), .Dim = c(8L, 3L), .Dimnames = structure(list(
        c("-1", "-2", "-3", "-4", "0", "1", "2", NA), c("A", 
        "T", NA)), .Names = c("", "")), class = "table"), AKMmono11_SNP1 = structure(c(1L, 
    0L, 0L, 0L, 1L, 0L, 0L, 0L, 1709L, 2746L, 101L, 2L, 4110L, 
    449L, 10L, 359L, 293L, 121L, 0L, 0L, 865L, 123L, 2L, 0L), .Dim = c(8L, 
    3L), .Dimnames = structure(list(c("-1", "-2", "-3", "-4", 
    "0", "1", "2", NA), c("A", "T", NA)), .Names = c("", "")), class = "table"), 
    AKMmono12_SNP1 = structure(c(0L, 0L, 0L, 1L, 0L, 0L, 0L, 
    0L, 2339L, 256L, 14L, 6436L, 167L, 4L, 1L, 89L, 0L, 0L, 0L, 
    7L, 0L, 0L, 0L, 0L, 70L, 7L, 0L, 605L, 6L, 0L, 0L, 0L), .Dim = c(8L, 
    4L), .Dimnames = structure(list(c("-1", "-2", "-3", "0", 
    "1", "2", "3", NA), c("A", "C", "T", NA)), .Names = c("", 
    "")), class = "table"), AKMmono13_SNP1 = structure(c(1902L, 
    193L, 10L, 4L, 7346L, 197L, 1L, 116L, 0L, 0L, 0L, 0L, 3L, 
    0L, 0L, 0L, 51L, 5L, 0L, 0L, 393L, 9L, 0L, 0L), .Dim = c(8L, 
    3L), .Dimnames = structure(list(c("-1", "-2", "-3", "-4", 
    "0", "1", "2", NA), c("A", "G", NA)), .Names = c("", "")), class = "table"), 
    AKMmono16_SNP1 = structure(c(3075L, 400L, 19L, 1L, 1876L, 
    557L, 8L, 118L, 2L, 0L, 0L, 0L, 0L, 0L, 0L, 1L, 53L, 7L, 
    0L, 0L, 140L, 29L, 1L, 0L), .Dim = c(8L, 3L), .Dimnames = structure(list(
        c("-1", "-2", "-3", "-4", "0", "1", "2", NA), c("A", 
        "T", NA)), .Names = c("", "")), class = "table"), AKMmono22_SNP1 = structure(c(1979L, 
    1289L, 164L, 10L, 1L, 3368L, 165L, 9L, 1L, 451L, 1L, 0L, 
    0L, 0L, 0L, 2L, 0L, 0L, 0L, 0L, 1L, 0L, 0L, 0L, 0L, 0L, 0L, 
    0L, 0L, 0L, 68L, 37L, 4L, 0L, 0L, 325L, 8L, 1L, 0L, 0L), .Dim = c(10L, 
    4L), .Dimnames = structure(list(c("-1", "-2", "-3", "-4", 
    "-5", "0", "1", "2", "3", NA), c("A", "G", "T", NA)), .Names = c("", 
    "")), class = "table"), EJmono05_SNP1 = structure(c(1708L, 
    105L, 3L, 4644L, 114L, 3L, 81L, 26L, 3L, 0L, 168L, 3L, 0L, 
    0L), .Dim = c(7L, 2L), .Dimnames = structure(list(c("-1", 
    "-2", "-3", "0", "1", "2", NA), c("T", NA)), .Names = c("", 
    "")), class = "table"), EJmono16_SNP1 = structure(c(1992L, 
    173L, 6L, 1L, 5090L, 272L, 18L, 601L, 15L, 2L, 0L, 0L, 43L, 
    1L, 0L, 0L), .Dim = c(8L, 2L), .Dimnames = structure(list(
        c("-1", "-2", "-3", "-4", "0", "1", "2", NA), c("A", 
        NA)), .Names = c("", "")), class = "table"), LMmono01_SNP1 = structure(c(2245L, 
    258L, 8L, 2450L, 30L, 72L, 0L, 0L, 0L, 1L, 0L, 0L, 72L, 4L, 
    0L, 180L, 4L, 0L), .Dim = c(6L, 3L), .Dimnames = structure(list(
        c("-1", "-2", "-3", "0", "1", NA), c("A", "G", NA)), .Names = c("", 
    "")), class = "table"), LMmono03_SNP1 = structure(c(0L, 0L, 
    0L, 0L, 0L, 0L, 0L, 0L, 1L, 1178L, 1724L, 1040L, 185L, 8L, 
    1L, 1234L, 37L, 249L, 27L, 35L, 18L, 0L, 0L, 0L, 82L, 2L, 
    0L), .Dim = c(9L, 3L), .Dimnames = structure(list(c("-1", 
    "-2", "-3", "-4", "-5", "-6", "0", "1", NA), c("A", "C", 
    NA)), .Names = c("", "")), class = "table"), LMmono09_SNP1 = structure(c(1L, 
    1L, 0L, 0L, 0L, 0L, 0L, 0L, 0L, 4949L, 5365L, 1182L, 75L, 
    3L, 5062L, 168L, 3L, 933L, 24L, 53L, 9L, 1L, 0L, 68L, 0L, 
    0L, 0L), .Dim = c(9L, 3L), .Dimnames = structure(list(c("-1", 
    "-2", "-3", "-4", "-5", "0", "1", "2", NA), c("C", "T", NA
    )), .Names = c("", "")), class = "table"), LMmono12_SNP1 = structure(c(2049L, 
    341L, 16L, 1L, 3464L, 287L, 13L, 1L, 243L, 27L, 2L, 0L, 0L, 
    140L, 7L, 1L, 0L, 0L), .Dim = c(9L, 2L), .Dimnames = structure(list(
        c("-1", "-2", "-3", "-4", "0", "1", "2", "3", NA), c("A", 
        NA)), .Names = c("", "")), class = "table"), LMmono16_SNP1 = structure(c(796L, 
    1078L, 217L, 24L, 2L, 3428L, 423L, 15L, 1121L, 1L, 148L, 
    5L, 1L, 436L, 0L, 0L, 0L, 0L, 0L, 1L, 0L, 0L, 0L, 0L, 0L, 
    0L, 0L, 0L, 27L, 37L, 5L, 0L, 0L, 508L, 18L, 0L, 53L, 0L, 
    6L, 0L, 0L, 0L), .Dim = c(14L, 3L), .Dimnames = structure(list(
        c("-1", "-2", "-3", "-4", "-5", "0", "1", "2", "3", "4", 
        "5", "6", "7", NA), c("A", "C", NA)), .Names = c("", 
    "")), class = "table"), MSJmono10_SNP1 = structure(c(1259L, 
    87L, 4667L, 153L, 6L, 29L, 1L, 0L, 0L, 0L, 0L, 0L, 32L, 1L, 
    253L, 9L, 0L, 0L), .Dim = c(6L, 3L), .Dimnames = structure(list(
        c("-1", "-2", "0", "1", "2", NA), c("C", "G", NA)), .Names = c("", 
    "")), class = "table"), MSJmono19ms1_SNP1 = structure(c(3659L, 
    803L, 25L, 1L, 3233L, 98L, 4L, 348L, 2L, 0L, 0L, 0L, 7L, 
    0L, 0L, 2L, 0L, 0L, 0L, 0L, 1L, 0L, 0L, 0L, 1L, 0L, 0L, 0L, 
    2L, 0L, 0L, 0L, 295L, 31L, 1L, 0L, 299L, 8L, 0L, 0L), .Dim = c(8L, 
    5L), .Dimnames = structure(list(c("-1", "-2", "-3", "-5", 
    "0", "1", "2", NA), c("A", "C", "G", "T", NA)), .Names = c("", 
    "")), class = "table"), MSJmono19ms2_SNP1 = structure(c(1L, 
    0L, 10L, 0L, 0L, 0L, 1054L, 322L, 6288L, 70L, 2L, 181L, 0L, 
    0L, 1L, 0L, 0L, 0L, 10L, 3L, 441L, 1L, 0L, 0L), .Dim = c(6L, 
    4L), .Dimnames = structure(list(c("-1", "-2", "0", "1", "2", 
    NA), c("A", "C", "T", NA)), .Names = c("", "")), class = "table"), 
    MSJmono36_SNP1 = structure(c(1L, 0L, 0L, 0L, 0L, 0L, 0L, 
    0L, 1733L, 2525L, 366L, 9L, 3338L, 137L, 2L, 454L, 13L, 23L, 
    2L, 0L, 101L, 1L, 0L, 0L), .Dim = c(8L, 3L), .Dimnames = structure(list(
        c("-1", "-2", "-3", "-4", "0", "1", "2", NA), c("C", 
        "G", NA)), .Names = c("", "")), class = "table"), MSJmono44_SNP1 = structure(c(1L, 
    0L, 0L, 0L, 0L, 0L, 2628L, 174L, 3L, 2425L, 44L, 62L, 31L, 
    3L, 0L, 46L, 2L, 0L), .Dim = c(6L, 3L), .Dimnames = structure(list(
        c("-1", "-2", "-3", "0", "1", NA), c("C", "T", NA)), .Names = c("", 
    "")), class = "table"), MSJmono46_SNP1 = structure(c(0L, 
    0L, 0L, 0L, 1L, 0L, 0L, 0L, 2434L, 722L, 83L, 3L, 1354L, 
    78L, 1L, 208L, 36L, 8L, 0L, 0L, 53L, 4L, 0L, 0L), .Dim = c(8L, 
    3L), .Dimnames = structure(list(c("-1", "-2", "-3", "-4", 
    "0", "1", "2", NA), c("A", "C", NA)), .Names = c("", "")), class = "table"), 
    LMmono04v2_SNP1 = structure(c(1243L, 342L, 14L, 1L, 1913L, 
    96L, 3L, 46L, 14L, 7L, 0L, 0L, 93L, 6L, 0L, 0L), .Dim = c(8L, 
    2L), .Dimnames = structure(list(c("-1", "-2", "-3", "-4", 
    "0", "1", "2", NA), c("C", NA)), .Names = c("", "")), class = "table"), 
    AKMmono01v2_SNP1 = structure(c(1L, 0L, 0L, 0L, 0L, 0L, 0L, 
    0L, 0L, 1L, 0L, 0L, 2583L, 389L, 24L, 3833L, 54L, 118L, 50L, 
    13L, 1L, 175L, 3L, 0L), .Dim = c(6L, 4L), .Dimnames = structure(list(
        c("-1", "-2", "-3", "0", "1", NA), c("-", "C", "T", NA
        )), .Names = c("", "")), class = "table"), AKMmono10v2_SNP1 = structure(c(837L, 
    51L, 1L, 2411L, 40L, 28L, 9L, 0L, 0L, 102L, 2L, 0L), .Dim = c(6L, 
    2L), .Dimnames = structure(list(c("-1", "-2", "-3", "0", 
    "1", NA), c("A", NA)), .Names = c("", "")), class = "table"), 
    AKMmono17v2_SNP1 = structure(c(1L, 0L, 0L, 9L, 2L, 1L, 562L, 
    519L, 43L, 1011L, 17L, 55L, 3L, 3L, 1L, 40L, 0L, 0L), .Dim = c(6L, 
    3L), .Dimnames = structure(list(c("-1", "-2", "-3", "0", 
    "1", NA), c("A", "C", NA)), .Names = c("", "")), class = "table"),