Result <-
list(AKMmono02_SNP1 = structure(c(0L, 0L, 0L, 1L, 0L, 0L, 0L, 
1L, 0L, 0L, 0L, 0L, 0L, 0L, 0L, 0L, 0L, 1L, 0L, 0L, 0L, 519L, 
85L, 5L, 4509L, 125L, 3L, 127L, 10L, 0L, 0L, 149L, 2L, 1L, 0L
), .Dim = c(7L, 5L), .Dimnames = structure(list(c("-1", "-2", 
"-3", "0", "1", "2", NA), c("A", "C", "G", "T", NA)), .Names = c("", 
"")), class = "table"), AKMmono03_SNP1 = structure(c(1L, 0L, 
0L, 0L, 1L, 0L, 0L, 0L, 1659L, 318L, 96L, 10L, 11824L, 288L, 
7L, 232L, 0L, 0L, 0L, 0L, 2L, 0L, 0L, 0L, 0L, 0L, 0L, 0L, 2L, 
0L, 0L, 0L, 88L, 23L, 0L, 0L, 1127L, 18L, 0L, 0L), .Dim = c(8L, 
5L), .Dimnames = structure(list(c("-1", "-2", "-3", "-4", "0", 
"1", "2", NA), c("-", "A", "C", "G", NA)), .Names = c("", "")), class = "table"), 
    AKMmono05_SNP1 = structure(c(958L, 171L, 31L, 5L, 6580L, 
    281L, 8L, 1L, 182L, 0L, 0L, 0L, 0L, 4L, 0L, 0L, 0L, 1L, 0L, 
    0L, 0L, 0L, 2L, 0L, 0L, 0L, 0L, 0L, 0L, 0L, 0L, 3L, 1L, 0L, 
    0L, 0L, 63L, 3L, 0L, 1L, 710L, 33L, 1L, 0L, 0L), .Dim = c(9L, 
    5L), .Dimnames = structure(list(c("-1", "-2", "-3", "-4", 
    "0", "1", "2", "3", NA), c("A", "C", "G", "T", NA)), .Names = c("", 
    "")), class = "table"), AKMmono11_SNP1 = structure(c(0L, 
    0L, 0L, 8L, 0L, 0L, 1L, 1242L, 155L, 6L, 9866L, 208L, 1L, 
    279L, 130L, 6L, 0L, 1397L, 39L, 2L, 0L), .Dim = c(7L, 3L), .Dimnames = structure(list(
        c("-1", "-2", "-3", "0", "1", "2", NA), c("A", "T", NA
        )), .Names = c("", "")), class = "table"), AKMmono12_SNP1 = structure(c(0L, 
    0L, 0L, 3L, 0L, 0L, 0L, 1483L, 120L, 4L, 8892L, 316L, 13L, 
    157L, 0L, 0L, 0L, 3L, 1L, 0L, 0L, 39L, 2L, 1L, 686L, 9L, 
    0L, 0L), .Dim = c(7L, 4L), .Dimnames = structure(list(c("-1", 
    "-2", "-3", "0", "1", "2", NA), c("A", "C", "T", NA)), .Names = c("", 
    "")), class = "table"), AKMmono13_SNP1 = structure(c(486L, 
    35L, 3L, 5885L, 192L, 6L, 1L, 75L, 0L, 0L, 0L, 1L, 0L, 0L, 
    0L, 0L, 0L, 0L, 0L, 0L, 0L, 0L, 0L, 1L, 17L, 0L, 0L, 385L, 
    7L, 0L, 0L, 0L), .Dim = c(8L, 4L), .Dimnames = structure(list(
        c("-1", "-2", "-3", "0", "1", "2", "3", NA), c("A", "G", 
        "T", NA)), .Names = c("", "")), class = "table"), AKMmono16_SNP1 = structure(c(678L, 
    47L, 5L, 5611L, 121L, 51L, 0L, 0L, 0L, 2L, 0L, 0L, 0L, 0L, 
    0L, 3L, 0L, 0L, 15L, 2L, 0L, 414L, 9L, 0L), .Dim = c(6L, 
    4L), .Dimnames = structure(list(c("-1", "-2", "-3", "0", 
    "1", NA), c("A", "C", "T", NA)), .Names = c("", "")), class = "table"), 
    AKMmono22_SNP1 = structure(c(494L, 132L, 19L, 0L, 1L, 3307L, 
    201L, 16L, 1L, 227L, 1L, 0L, 1L, 1L, 0L, 1L, 0L, 0L, 0L, 
    0L, 23L, 5L, 0L, 0L, 0L, 365L, 8L, 1L, 0L, 0L), .Dim = c(10L, 
    3L), .Dimnames = structure(list(c("-1", "-2", "-3", "-4", 
    "-5", "0", "1", "2", "4", NA), c("A", "G", NA)), .Names = c("", 
    "")), class = "table"), EJmono05_SNP1 = structure(c(0L, 0L, 
    0L, 2L, 0L, 0L, 0L, 0L, 0L, 0L, 1L, 0L, 0L, 0L, 700L, 69L, 
    1L, 6047L, 145L, 2L, 94L, 10L, 0L, 0L, 257L, 2L, 0L, 0L), .Dim = c(7L, 
    4L), .Dimnames = structure(list(c("-1", "-2", "-3", "0", 
    "1", "2", NA), c("C", "G", "T", NA)), .Names = c("", "")), class = "table"), 
    EJmono16_SNP1 = structure(c(380L, 27L, 4L, 6927L, 331L, 10L, 
    559L, 0L, 0L, 0L, 2L, 0L, 0L, 0L, 8L, 1L, 0L, 127L, 2L, 0L, 
    0L), .Dim = c(7L, 3L), .Dimnames = structure(list(c("-1", 
    "-2", "-3", "0", "1", "2", NA), c("A", "G", NA)), .Names = c("", 
    "")), class = "table"), LMmono01_SNP1 = structure(c(161L, 
    13L, 1183L, 25L, 25L, 0L, 0L, 1L, 0L, 0L, 4L, 0L, 84L, 4L, 
    0L), .Dim = c(5L, 3L), .Dimnames = structure(list(c("-1", 
    "-2", "0", "1", NA), c("A", "T", NA)), .Names = c("", "")), class = "table"), 
    LMmono03_SNP1 = structure(c(0L, 0L, 0L, 0L, 0L, 2L, 0L, 0L, 
    0L, 0L, 0L, 0L, 0L, 0L, 3L, 0L, 0L, 0L, 392L, 71L, 10L, 2L, 
    1L, 1577L, 58L, 2L, 61L, 0L, 0L, 0L, 0L, 0L, 1L, 0L, 0L, 
    0L, 7L, 1L, 0L, 0L, 0L, 223L, 0L, 0L, 0L), .Dim = c(9L, 5L
    ), .Dimnames = structure(list(c("-1", "-2", "-3", "-4", "-5", 
    "0", "1", "2", NA), c("-", "A", "C", "T", NA)), .Names = c("", 
    "")), class = "table"), LMmono09_SNP1 = structure(c(0L, 0L, 
    0L, 0L, 0L, 2L, 0L, 0L, 0L, 0L, 0L, 0L, 0L, 0L, 3L, 0L, 0L, 
    0L, 2231L, 358L, 52L, 6L, 0L, 8972L, 482L, 18L, 319L, 39L, 
    5L, 3L, 0L, 1L, 162L, 7L, 0L, 0L), .Dim = c(9L, 4L), .Dimnames = structure(list(
        c("-1", "-2", "-3", "-4", "-5", "0", "1", "2", NA), c("A", 
        "C", "T", NA)), .Names = c("", "")), class = "table"), 
    LMmono12_SNP1 = structure(c(738L, 67L, 101L, 4L, 3476L, 292L, 
    16L, 129L, 0L, 0L, 0L, 0L, 1L, 0L, 0L, 0L, 0L, 0L, 0L, 0L, 
    0L, 0L, 0L, 1L, 37L, 2L, 4L, 0L, 413L, 15L, 0L, 0L), .Dim = c(8L, 
    4L), .Dimnames = structure(list(c("-1", "-2", "-3", "-4", 
    "0", "1", "2", NA), c("A", "G", "T", NA)), .Names = c("", 
    "")), class = "table"), LMmono16_SNP1 = structure(c(29L, 
    1L, 5825L, 27L, 1275L, 3L, 532L, 39L, 6L, 789L, 0L, 0L, 1L, 
    0L, 0L, 0L, 0L, 0L, 0L, 0L, 0L, 0L, 0L, 0L, 1L, 0L, 0L, 0L, 
    0L, 0L, 0L, 0L, 1L, 0L, 0L, 0L, 0L, 0L, 0L, 0L, 0L, 0L, 1053L, 
    3L, 68L, 0L, 51L, 5L, 1L, 0L), .Dim = c(10L, 5L), .Dimnames = structure(list(
        c("-1", "-2", "0", "1", "3", "4", "5", "6", "7", NA), 
        c("A", "C", "G", "T", NA)), .Names = c("", "")), class = "table"), 
    MSJmono10_SNP1 = structure(c(0L, 0L, 0L, 1L, 0L, 0L, 0L, 
    436L, 19L, 1L, 6145L, 250L, 13L, 59L, 15L, 0L, 0L, 343L, 
    26L, 2L, 0L), .Dim = c(7L, 3L), .Dimnames = structure(list(
        c("-1", "-2", "-3", "0", "1", "2", NA), c("A", "C", NA
        )), .Names = c("", "")), class = "table"), MSJmono19ms1_SNP1 = structure(c(404L, 
    21L, 1L, 9455L, 256L, 6L, 505L, 2L, 0L, 0L, 31L, 1L, 0L, 
    3L, 0L, 0L, 0L, 2L, 0L, 0L, 0L, 1L, 0L, 0L, 5L, 1L, 0L, 0L, 
    45L, 2L, 0L, 1413L, 28L, 1L, 0L), .Dim = c(7L, 5L), .Dimnames = structure(list(
        c("-1", "-2", "-3", "0", "1", "2", NA), c("A", "C", "G", 
        "T", NA)), .Names = c("", "")), class = "table"), MSJmono19ms2_SNP1 = structure(c(625L, 
    14L, 9860L, 168L, 3L, 142L, 6L, 0L, 733L, 1L, 0L, 0L), .Dim = c(6L, 
    2L), .Dimnames = structure(list(c("-1", "-2", "0", "1", "2", 
    NA), c("C", NA)), .Names = c("", "")), class = "table"), 
    MSJmono36_SNP1 = structure(c(1L, 0L, 0L, 0L, 1L, 0L, 0L, 
    0L, 744L, 58L, 7L, 1L, 8926L, 239L, 6L, 242L, 5L, 0L, 0L, 
    0L, 326L, 2L, 0L, 0L), .Dim = c(8L, 3L), .Dimnames = structure(list(
        c("-1", "-2", "-3", "-4", "0", "1", "2", NA), c("A", 
        "G", NA)), .Names = c("", "")), class = "table"), MSJmono44_SNP1 = structure(c(6L, 
    0L, 1L, 0L, 0L, 1L, 3L, 0L, 0L, 0L, 0L, 0L, 0L, 0L, 0L, 0L, 
    0L, 0L, 0L, 0L, 3L, 0L, 0L, 0L, 0L, 0L, 0L, 0L, 3L, 0L, 0L, 
    0L, 0L, 699L, 41L, 1L, 1L, 3L, 0L, 7542L, 194L, 8L, 0L, 81L, 
    13L, 0L, 0L, 0L, 0L, 0L, 268L, 1L, 0L, 0L, 0L), .Dim = c(11L, 
    5L), .Dimnames = structure(list(c("-1", "-2", "-3", "-4", 
    "-5", "-8", "0", "1", "2", "4", NA), c("-", "A", "C", "T", 
    NA)), .Names = c("", "")), class = "table"), MSJmono46_SNP1 = structure(c(577L, 
    65L, 2L, 1L, 2344L, 186L, 10L, 76L, 59L, 5L, 0L, 0L, 585L, 
    41L, 0L, 0L), .Dim = c(8L, 2L), .Dimnames = structure(list(
        c("-1", "-2", "-3", "-4", "0", "1", "2", NA), c("C", 
        NA)), .Names = c("", "")), class = "table"), LMmono04v2_SNP1 = structure(c(0L, 
    0L, 0L, 1L, 0L, 0L, 0L, 0L, 129L, 19L, 1L, 1119L, 61L, 4L, 
    1L, 11L, 3L, 1L, 0L, 67L, 4L, 0L, 0L, 0L), .Dim = c(8L, 3L
    ), .Dimnames = structure(list(c("-1", "-2", "-3", "0", "1", 
    "2", "3", NA), c("A", "C", NA)), .Names = c("", "")), class = "table"), 
    AKMmono01v2_SNP1 = structure(c(0L, 0L, 0L, 1L, 0L, 0L, 1L, 
    0L, 0L, 0L, 1L, 0L, 0L, 0L, 0L, 2L, 0L, 0L, 0L, 0L, 0L, 0L, 
    0L, 0L, 3L, 0L, 0L, 0L, 580L, 38L, 3L, 5436L, 147L, 3L, 64L, 
    37L, 4L, 0L, 360L, 9L, 0L, 0L), .Dim = 7:6, .Dimnames = structure(list(
        c("-1", "-2", "-3", "0", "1", "2", NA), c("-", "A", "C", 
        "G", "T", NA)), .Names = c("", "")), class = "table"),