Result <-
list(AKMmono02_SNP1 = structure(c(366L, 9L, 7L, 2L, 4197L, 98L, 
2L, 101L, 6L, 0L, 0L, 0L, 140L, 2L, 0L, 0L), .Dim = c(8L, 2L), .Dimnames = structure(list(
    c("-1", "-2", "-4", "-5", "0", "1", "2", NA), c("T", NA)), .Names = c("", 
"")), class = "table"), AKMmono03_SNP1 = structure(c(0L, 0L, 
0L, 0L, 0L, 0L, 0L, 1L, 798L, 133L, 18L, 5L, 8395L, 117L, 4L, 
124L, 0L, 0L, 0L, 0L, 4L, 0L, 0L, 1L, 1L, 0L, 0L, 0L, 1L, 0L, 
0L, 0L, 49L, 8L, 0L, 0L, 795L, 2L, 1L, 0L), .Dim = c(8L, 5L), .Dimnames = structure(list(
    c("-1", "-2", "-3", "-4", "0", "1", "2", NA), c("-", "A", 
    "C", "G", NA)), .Names = c("", "")), class = "table"), AKMmono05_SNP1 = structure(c(784L, 
93L, 15L, 3L, 1L, 5484L, 159L, 4L, 1L, 126L, 0L, 0L, 0L, 0L, 
0L, 2L, 0L, 0L, 0L, 0L, 0L, 0L, 0L, 0L, 0L, 0L, 0L, 0L, 0L, 1L, 
0L, 0L, 0L, 0L, 0L, 1L, 0L, 0L, 0L, 0L, 37L, 1L, 0L, 0L, 0L, 
617L, 21L, 1L, 0L, 0L), .Dim = c(10L, 5L), .Dimnames = structure(list(
    c("-1", "-2", "-3", "-4", "-5", "0", "1", "2", "3", NA), 
    c("A", "C", "G", "T", NA)), .Names = c("", "")), class = "table"), 
    AKMmono11_SNP1 = structure(c(0L, 0L, 3L, 0L, 0L, 0L, 1L, 
    0L, 1L, 0L, 0L, 0L, 0L, 0L, 2L, 0L, 0L, 0L, 492L, 30L, 5154L, 
    75L, 1L, 92L, 68L, 0L, 760L, 18L, 0L, 0L), .Dim = 6:5, .Dimnames = structure(list(
        c("-1", "-2", "0", "1", "2", NA), c("A", "C", "G", "T", 
        NA)), .Names = c("", "")), class = "table"), AKMmono12_SNP1 = structure(c(0L, 
    0L, 0L, 0L, 5L, 0L, 0L, 0L, 725L, 57L, 2L, 1L, 5812L, 144L, 
    5L, 64L, 16L, 2L, 0L, 0L, 421L, 3L, 0L, 0L), .Dim = c(8L, 
    3L), .Dimnames = structure(list(c("-1", "-2", "-3", "-4", 
    "0", "1", "2", NA), c("A", "C", NA)), .Names = c("", "")), class = "table"), 
    AKMmono13_SNP1 = structure(c(444L, 13L, 2L, 8012L, 170L, 
    2L, 96L, 0L, 0L, 0L, 1L, 0L, 0L, 0L, 17L, 1L, 0L, 626L, 8L, 
    2L, 0L), .Dim = c(7L, 3L), .Dimnames = structure(list(c("-1", 
    "-2", "-3", "0", "1", "2", NA), c("A", "T", NA)), .Names = c("", 
    "")), class = "table"), AKMmono16_SNP1 = structure(c(420L, 
    25L, 4L, 5110L, 98L, 1L, 49L, 0L, 0L, 0L, 1L, 0L, 0L, 0L, 
    11L, 1L, 0L, 335L, 5L, 0L, 0L), .Dim = c(7L, 3L), .Dimnames = structure(list(
        c("-1", "-2", "-3", "0", "1", "2", NA), c("A", "G", NA
        )), .Names = c("", "")), class = "table"), AKMmono22_SNP1 = structure(c(0L, 
    0L, 0L, 1L, 0L, 0L, 0L, 457L, 89L, 6L, 4032L, 177L, 5L, 217L, 
    0L, 0L, 0L, 1L, 0L, 0L, 0L, 1L, 0L, 0L, 0L, 0L, 0L, 0L, 0L, 
    0L, 0L, 1L, 0L, 0L, 0L, 22L, 1L, 0L, 456L, 11L, 1L, 0L), .Dim = 7:6, .Dimnames = structure(list(
        c("-1", "-2", "-3", "0", "1", "2", NA), c("-", "A", "C", 
        "G", "T", NA)), .Names = c("", "")), class = "table"), 
    EJmono05_SNP1 = structure(c(0L, 0L, 0L, 2L, 0L, 0L, 0L, 467L, 
    37L, 2L, 4671L, 80L, 2L, 71L, 8L, 0L, 0L, 209L, 1L, 1L, 0L
    ), .Dim = c(7L, 3L), .Dimnames = structure(list(c("-1", "-2", 
    "-3", "0", "1", "2", NA), c("A", "T", NA)), .Names = c("", 
    "")), class = "table"), EJmono16_SNP1 = structure(c(207L, 
    6L, 4302L, 132L, 4L, 1L, 239L, 0L, 1L, 99L, 1L, 0L, 0L, 0L
    ), .Dim = c(7L, 2L), .Dimnames = structure(list(c("-1", "-2", 
    "0", "1", "2", "3", NA), c("A", NA)), .Names = c("", "")), class = "table"), 
    LMmono01_SNP1 = structure(c(320L, 13L, 2L, 3290L, 41L, 40L, 
    17L, 0L, 0L, 267L, 5L, 0L), .Dim = c(6L, 2L), .Dimnames = structure(list(
        c("-1", "-2", "-3", "0", "1", NA), c("A", NA)), .Names = c("", 
    "")), class = "table"), LMmono03_SNP1 = structure(c(0L, 0L, 
    0L, 0L, 2L, 0L, 0L, 0L, 561L, 91L, 12L, 2L, 2772L, 87L, 2L, 
    93L, 11L, 0L, 0L, 0L, 460L, 2L, 0L, 0L), .Dim = c(8L, 3L), .Dimnames = structure(list(
        c("-1", "-2", "-3", "-4", "0", "1", "2", NA), c("A", 
        "C", NA)), .Names = c("", "")), class = "table"), LMmono09_SNP1 = structure(c(1002L, 
    102L, 6L, 5876L, 237L, 10L, 1L, 175L, 10L, 1L, 0L, 111L, 
    4L, 0L, 0L, 0L), .Dim = c(8L, 2L), .Dimnames = structure(list(
        c("-1", "-2", "-3", "0", "1", "2", "3", NA), c("T", NA
        )), .Names = c("", "")), class = "table"), LMmono12_SNP1 = structure(c(603L, 
    39L, 1L, 3550L, 218L, 15L, 117L, 36L, 3L, 0L, 395L, 12L, 
    1L, 0L), .Dim = c(7L, 2L), .Dimnames = structure(list(c("-1", 
    "-2", "-3", "0", "1", "2", NA), c("A", NA)), .Names = c("", 
    "")), class = "table"), LMmono16_SNP1 = structure(c(1191L, 
    113L, 4L, 1L, 5189L, 351L, 14L, 1L, 212L, 0L, 0L, 0L, 0L, 
    1L, 0L, 0L, 0L, 0L, 28L, 2L, 0L, 0L, 757L, 31L, 3L, 0L, 0L
    ), .Dim = c(9L, 3L), .Dimnames = structure(list(c("-1", "-2", 
    "-3", "-4", "0", "1", "2", "3", NA), c("A", "T", NA)), .Names = c("", 
    "")), class = "table"), MSJmono10_SNP1 = structure(c(0L, 
    0L, 0L, 0L, 0L, 0L, 1L, 315L, 16L, 5636L, 154L, 1L, 1L, 40L, 
    0L, 0L, 1L, 0L, 0L, 0L, 0L, 12L, 0L, 353L, 11L, 1L, 0L, 0L
    ), .Dim = c(7L, 4L), .Dimnames = structure(list(c("-1", "-2", 
    "0", "1", "2", "3", NA), c("A", "C", "T", NA)), .Names = c("", 
    "")), class = "table"), MSJmono19ms1_SNP1 = structure(c(135L, 
    7L, 3L, 1L, 4214L, 79L, 1L, 169L, 0L, 0L, 0L, 0L, 12L, 0L, 
    0L, 0L, 0L, 0L, 0L, 0L, 1L, 0L, 0L, 0L, 0L, 0L, 0L, 0L, 5L, 
    0L, 0L, 0L, 11L, 0L, 0L, 0L, 658L, 10L, 0L, 0L), .Dim = c(8L, 
    5L), .Dimnames = structure(list(c("-1", "-2", "-3", "-4", 
    "0", "1", "2", NA), c("A", "C", "G", "T", NA)), .Names = c("", 
    "")), class = "table"), MSJmono19ms2_SNP1 = structure(c(0L, 
    0L, 1L, 0L, 0L, 0L, 199L, 3L, 4408L, 48L, 1L, 33L, 3L, 0L, 
    321L, 1L, 0L, 0L), .Dim = c(6L, 3L), .Dimnames = structure(list(
        c("-1", "-2", "0", "1", "2", NA), c("A", "C", NA)), .Names = c("", 
    "")), class = "table"), MSJmono36_SNP1 = structure(c(0L, 
    0L, 0L, 2L, 0L, 0L, 0L, 278L, 13L, 2L, 4472L, 99L, 2L, 86L, 
    3L, 0L, 0L, 157L, 0L, 0L, 0L), .Dim = c(7L, 3L), .Dimnames = structure(list(
        c("-1", "-2", "-3", "0", "1", "2", NA), c("A", "G", NA
        )), .Names = c("", "")), class = "table"), MSJmono44_SNP1 = structure(c(0L, 
    0L, 0L, 1L, 0L, 0L, 1L, 0L, 0L, 0L, 0L, 0L, 128L, 5L, 7L, 
    2728L, 49L, 24L, 5L, 0L, 0L, 144L, 0L, 0L), .Dim = c(6L, 
    4L), .Dimnames = structure(list(c("-1", "-2", "-5", "0", 
    "1", NA), c("A", "C", "T", NA)), .Names = c("", "")), class = "table"), 
    MSJmono46_SNP1 = structure(c(477L, 39L, 7L, 2L, 2215L, 145L, 
    5L, 75L, 1L, 0L, 0L, 0L, 0L, 0L, 0L, 0L, 45L, 3L, 0L, 0L, 
    645L, 40L, 2L, 0L), .Dim = c(8L, 3L), .Dimnames = structure(list(
        c("-1", "-2", "-3", "-4", "0", "1", "2", NA), c("C", 
        "T", NA)), .Names = c("", "")), class = "table"), LMmono04v2_SNP1 = structure(c(0L, 
    0L, 1L, 0L, 0L, 0L, 0L, 370L, 16L, 3255L, 130L, 6L, 1L, 29L, 
    12L, 0L, 193L, 5L, 1L, 0L, 0L), .Dim = c(7L, 3L), .Dimnames = structure(list(
        c("-1", "-2", "0", "1", "2", "3", NA), c("A", "C", NA
        )), .Names = c("", "")), class = "table"), AKMmono01v2_SNP1 = structure(c(1L, 
    0L, 0L, 0L, 0L, 0L, 0L, 0L, 0L, 1L, 0L, 0L, 334L, 18L, 1L, 
    4251L, 47L, 33L, 17L, 0L, 0L, 323L, 2L, 0L), .Dim = c(6L, 
    4L), .Dimnames = structure(list(c("-1", "-2", "-3", "0", 
    "1", NA), c("-", "G", "T", NA)), .Names = c("", "")), class = "table"), 
    AKMmono10v2_SNP1 = structure(c(0L, 0L, 3L, 0L, 0L, 0L, 112L, 
    3L, 2999L, 29L, 1L, 17L, 0L, 0L, 1L, 0L, 0L, 0L, 2L, 0L, 
    175L, 5L, 0L, 0L), .Dim = c(6L, 4L), .Dimnames = structure(list(
        c("-1", "-2", "0", "1", "2", NA), c("A", "G", "T", NA
        )), .Names = c("", "")), class = "table"), AKMmono17v2_SNP1 = structure(c(99L, 
    3L, 1L, 1627L, 25L, 1L, 8L, 1L, 0L, 0L, 31L, 0L, 0L, 0L, 
    2L, 0L, 0L, 55L, 0L, 0L, 0L), .Dim = c(7L, 3L), .Dimnames = structure(list(
        c("-1", "-2", "-3", "0", "1", "2", NA), c("A", "C", NA
        )), .Names = c("", "")), class = "table"), EJmono13v2_SNP1 = structure(c(60L, 
    0L, 1387L, 30L, 3L, 90L, 4L, 1273L, 34L, 3L, 16L, 0L, 275L, 
    11L, 0L), .Dim = c(5L, 3L), .Dimnames = structure(list(c("-1", 
    "-2", "0", "1", NA), c("A", "G", NA)), .Names = c("", "")),