Result <-
list(AKMmono02_SNP1 = structure(c(141L, 9L, 1L, 1279L, 43L, 35L, 
2L, 0L, 0L, 28L, 0L, 0L), .Dim = c(6L, 2L), .Dimnames = structure(list(
    c("-1", "-2", "-3", "0", "1", NA), c("T", NA)), .Names = c("", 
"")), class = "table"), AKMmono03_SNP1 = structure(c(1187L, 258L, 
87L, 3L, 7335L, 138L, 4L, 73L, 1L, 0L, 0L, 0L, 0L, 0L, 0L, 0L, 
0L, 0L, 0L, 0L, 1L, 0L, 0L, 0L, 71L, 5L, 2L, 0L, 593L, 5L, 0L, 
0L), .Dim = c(8L, 4L), .Dimnames = structure(list(c("-1", "-2", 
"-3", "-4", "0", "1", "2", NA), c("A", "G", "T", NA)), .Names = c("", 
"")), class = "table"), AKMmono05_SNP1 = structure(c(558L, 82L, 
14L, 2L, 3604L, 159L, 3L, 68L, 0L, 0L, 0L, 0L, 2L, 0L, 0L, 0L, 
27L, 4L, 0L, 0L, 376L, 22L, 1L, 0L), .Dim = c(8L, 3L), .Dimnames = structure(list(
    c("-1", "-2", "-3", "-4", "0", "1", "2", NA), c("A", "C", 
    NA)), .Names = c("", "")), class = "table"), AKMmono11_SNP1 = structure(c(0L, 
0L, 0L, 2L, 1L, 0L, 0L, 0L, 0L, 0L, 1L, 0L, 0L, 0L, 1249L, 93L, 
7L, 8173L, 175L, 4L, 155L, 175L, 5L, 1L, 1497L, 53L, 1L, 0L), .Dim = c(7L, 
4L), .Dimnames = structure(list(c("-1", "-2", "-3", "0", "1", 
"2", NA), c("A", "C", "T", NA)), .Names = c("", "")), class = "table"), 
    AKMmono12_SNP1 = structure(c(0L, 0L, 0L, 0L, 1L, 0L, 0L, 
    0L, 679L, 69L, 2L, 2L, 3734L, 119L, 6L, 27L, 21L, 0L, 0L, 
    0L, 319L, 2L, 0L, 0L), .Dim = c(8L, 3L), .Dimnames = structure(list(
        c("-1", "-2", "-3", "-4", "0", "1", "2", NA), c("A", 
        "C", NA)), .Names = c("", "")), class = "table"), AKMmono13_SNP1 = structure(c(330L, 
    15L, 1L, 4207L, 172L, 4L, 40L, 9L, 0L, 0L, 282L, 10L, 1L, 
    0L), .Dim = c(7L, 2L), .Dimnames = structure(list(c("-1", 
    "-2", "-3", "0", "1", "2", NA), c("A", NA)), .Names = c("", 
    "")), class = "table"), AKMmono16_SNP1 = structure(c(409L, 
    18L, 3101L, 62L, 1L, 15L, 7L, 0L, 212L, 3L, 0L, 0L), .Dim = c(6L, 
    2L), .Dimnames = structure(list(c("-1", "-2", "0", "1", "2", 
    NA), c("A", NA)), .Names = c("", "")), class = "table"), 
    AKMmono22_SNP1 = structure(c(354L, 82L, 8L, 1L, 2102L, 161L, 
    7L, 1L, 106L, 0L, 0L, 0L, 0L, 1L, 0L, 0L, 0L, 0L, 15L, 1L, 
    0L, 0L, 194L, 5L, 1L, 0L, 0L), .Dim = c(9L, 3L), .Dimnames = structure(list(
        c("-1", "-2", "-3", "-4", "0", "1", "2", "3", NA), c("A", 
        "G", NA)), .Names = c("", "")), class = "table"), EJmono05_SNP1 = structure(c(421L, 
    71L, 3L, 3856L, 92L, 1L, 27L, 12L, 1L, 0L, 137L, 2L, 0L, 
    0L), .Dim = c(7L, 2L), .Dimnames = structure(list(c("-1", 
    "-2", "-3", "0", "1", "2", NA), c("T", NA)), .Names = c("", 
    "")), class = "table"), EJmono16_SNP1 = structure(c(509L, 
    41L, 3L, 7312L, 405L, 24L, 2L, 335L, 0L, 0L, 0L, 1L, 0L, 
    0L, 0L, 0L, 0L, 0L, 0L, 1L, 0L, 0L, 0L, 0L, 5L, 2L, 0L, 89L, 
    0L, 0L, 0L, 0L), .Dim = c(8L, 4L), .Dimnames = structure(list(
        c("-1", "-2", "-3", "0", "1", "2", "3", NA), c("A", "C", 
        "T", NA)), .Names = c("", "")), class = "table"), LMmono01_SNP1 = structure(c(296L, 
    16L, 2253L, 72L, 1L, 12L, 0L, 0L, 1L, 0L, 0L, 0L, 13L, 1L, 
    158L, 4L, 0L, 0L), .Dim = c(6L, 3L), .Dimnames = structure(list(
        c("-1", "-2", "0", "1", "2", NA), c("A", "T", NA)), .Names = c("", 
    "")), class = "table"), LMmono03_SNP1 = structure(c(0L, 0L, 
    0L, 0L, 1L, 0L, 0L, 0L, 0L, 405L, 61L, 6L, 1L, 1533L, 53L, 
    2L, 1L, 73L, 0L, 0L, 0L, 0L, 1L, 0L, 0L, 0L, 0L, 6L, 0L, 
    0L, 0L, 96L, 0L, 0L, 0L, 0L), .Dim = c(9L, 4L), .Dimnames = structure(list(
        c("-1", "-2", "-3", "-4", "0", "1", "2", "3", NA), c("A", 
        "C", "T", NA)), .Names = c("", "")), class = "table"), 
    LMmono09_SNP1 = structure(c(1256L, 189L, 80L, 31L, 2L, 6337L, 
    326L, 17L, 188L, 11L, 1L, 2L, 1L, 0L, 78L, 2L, 0L, 0L), .Dim = c(9L, 
    2L), .Dimnames = structure(list(c("-1", "-2", "-3", "-4", 
    "-5", "0", "1", "2", NA), c("T", NA)), .Names = c("", "")), class = "table"), 
    LMmono12_SNP1 = structure(c(684L, 66L, 3L, 3039L, 241L, 18L, 
    1L, 140L, 0L, 0L, 0L, 2L, 0L, 0L, 0L, 0L, 5L, 0L, 0L, 120L, 
    0L, 0L, 0L, 0L), .Dim = c(8L, 3L), .Dimnames = structure(list(
        c("-1", "-2", "-3", "0", "1", "2", "3", NA), c("A", "G", 
        NA)), .Names = c("", "")), class = "table"), LMmono16_SNP1 = structure(c(1166L, 
    102L, 5L, 2L, 4022L, 382L, 39L, 3L, 3L, 101L, 0L, 0L, 0L, 
    0L, 1L, 0L, 0L, 0L, 0L, 0L, 0L, 0L, 0L, 0L, 1L, 0L, 0L, 0L, 
    0L, 0L, 34L, 8L, 0L, 0L, 634L, 16L, 1L, 1L, 0L, 0L), .Dim = c(10L, 
    4L), .Dimnames = structure(list(c("-1", "-2", "-3", "-4", 
    "0", "1", "2", "3", "5", NA), c("A", "C", "G", NA)), .Names = c("", 
    "")), class = "table"), MSJmono10_SNP1 = structure(c(205L, 
    9L, 2203L, 89L, 2L, 10L, 8L, 1L, 145L, 4L, 0L, 0L), .Dim = c(6L, 
    2L), .Dimnames = structure(list(c("-1", "-2", "0", "1", "2", 
    NA), c("C", NA)), .Names = c("", "")), class = "table"), 
    MSJmono19ms1_SNP1 = structure(c(803L, 59L, 6L, 2L, 12372L, 
    540L, 9L, 287L, 0L, 0L, 0L, 0L, 22L, 1L, 0L, 1L, 0L, 0L, 
    0L, 0L, 6L, 0L, 0L, 0L, 71L, 4L, 1L, 0L, 1330L, 31L, 0L, 
    0L), .Dim = c(8L, 4L), .Dimnames = structure(list(c("-1", 
    "-2", "-3", "-4", "0", "1", "2", NA), c("A", "C", "T", NA
    )), .Names = c("", "")), class = "table"), MSJmono19ms2_SNP1 = structure(c(0L, 
    0L, 3L, 0L, 0L, 0L, 716L, 10L, 12455L, 187L, 2L, 165L, 0L, 
    0L, 1L, 0L, 0L, 0L, 0L, 0L, 2L, 0L, 0L, 0L, 8L, 0L, 1012L, 
    3L, 0L, 0L), .Dim = 6:5, .Dimnames = structure(list(c("-1", 
    "-2", "0", "1", "2", NA), c("A", "C", "G", "T", NA)), .Names = c("", 
    "")), class = "table"), MSJmono36_SNP1 = structure(c(0L, 
    0L, 0L, 1L, 0L, 0L, 0L, 545L, 25L, 1L, 7411L, 224L, 7L, 123L, 
    3L, 0L, 0L, 237L, 4L, 0L, 0L), .Dim = c(7L, 3L), .Dimnames = structure(list(
        c("-1", "-2", "-3", "0", "1", "2", NA), c("C", "G", NA
        )), .Names = c("", "")), class = "table"), MSJmono44_SNP1 = structure(c(0L, 
    0L, 0L, 0L, 2L, 0L, 0L, 0L, 394L, 32L, 0L, 1L, 5295L, 113L, 
    16L, 41L, 3L, 1L, 1L, 0L, 124L, 4L, 0L, 0L), .Dim = c(8L, 
    3L), .Dimnames = structure(list(c("-1", "-2", "-3", "-4", 
    "0", "1", "2", NA), c("C", "T", NA)), .Names = c("", "")), class = "table"), 
    MSJmono46_SNP1 = structure(c(130L, 14L, 4L, 481L, 28L, 1L, 
    12L, 1L, 0L, 0L, 14L, 2L, 0L, 0L), .Dim = c(7L, 2L), .Dimnames = structure(list(
        c("-1", "-2", "-3", "0", "1", "2", NA), c("C", NA)), .Names = c("", 
    "")), class = "table"), LMmono04v2_SNP1 = structure(c(0L, 
    0L, 0L, 1L, 0L, 0L, 0L, 226L, 20L, 1L, 1517L, 65L, 6L, 13L, 
    8L, 1L, 0L, 89L, 2L, 0L, 0L), .Dim = c(7L, 3L), .Dimnames = structure(list(
        c("-1", "-2", "-3", "0", "1", "2", NA), c("A", "C", NA
        )), .Names = c("", "")), class = "table"), AKMmono01v2_SNP1 = structure(c(0L, 
    0L, 0L, 1L, 0L, 0L, 0L, 0L, 0L, 0L, 1L, 0L, 0L, 0L, 280L, 
    18L, 1L, 2804L, 57L, 2L, 26L, 9L, 0L, 0L, 118L, 2L, 0L, 0L
    ), .Dim = c(7L, 4L), .Dimnames = structure(list(c("-1", "-2", 
    "-3", "0", "1", "2", NA), c("-", "A", "T", NA)), .Names = c("", 
    "")), class = "table"), AKMmono10v2_SNP1 = structure(c(1L, 
    0L, 17L, 0L, 0L, 49L, 3L, 667L, 13L, 3L, 2L, 0L, 44L, 1L, 
    0L), .Dim = c(5L, 3L), .Dimnames = structure(list(c("-1", 
    "-2", "0", "1", NA), c("A", "G", NA)), .Names = c("", "")), class = "table"), 
    AKMmono17v2_SNP1 = structure(c(1L, 0L, 4L, 0L, 8L, 1L, 146L, 
    3L, 0L, 0L, 6L, 0L), .Dim = 4:3, .Dimnames = structure(list(
        c("-1", "-2", "0", "1"), c("A", "C", NA)), .Names = c("", 
    "")), class = "table"), EJmono13v2_SNP1 = structure(c(46L, 
    2L, 693L, 23L, 1L, 8L, 0L, 0L, 10L, 0L, 0L, 0L), .Dim = c(6L, 
    2L), .Dimnames = structure(list(c("-1", "-2", "0", "1", "2", 
    NA), c("G", NA)), .Names = c("", "")), class = "table"), 
    EJmono21v2_SNP1 = structure(c(41L, 163L, 1L, 0L, 1L, 1L, 
    0L, 1L, 0L, 7L, 0L, 0L), .Dim = 4:3, .Dimnames = structure(list(
        c("-1", "0", "1", NA), c("C", "T", NA)), .Names = c("", 
    "")), class = "table"),