Result <-
list(AKMmono02_SNP1 = structure(c(1L, 0L, 0L, 0L, 0L, 395L, 25L, 
1926L, 50L, 64L, 6L, 0L, 47L, 0L, 0L), .Dim = c(5L, 3L), .Dimnames = structure(list(
    c("-1", "-2", "0", "1", NA), c("C", "T", NA)), .Names = c("", 
"")), class = "table"), AKMmono03_SNP1 = structure(c(2074L, 452L, 
77L, 4L, 11719L, 243L, 8L, 181L, 1L, 0L, 0L, 0L, 2L, 0L, 0L, 
0L, 106L, 14L, 1L, 0L, 953L, 11L, 0L, 0L), .Dim = c(8L, 3L), .Dimnames = structure(list(
    c("-1", "-2", "-3", "-4", "0", "1", "2", NA), c("A", "G", 
    NA)), .Names = c("", "")), class = "table"), AKMmono05_SNP1 = structure(c(1189L, 
237L, 48L, 7L, 1L, 6183L, 268L, 6L, 116L, 1L, 0L, 0L, 0L, 0L, 
0L, 1L, 0L, 0L, 0L, 0L, 0L, 0L, 0L, 1L, 0L, 0L, 0L, 61L, 7L, 
0L, 0L, 0L, 633L, 40L, 1L, 0L), .Dim = c(9L, 4L), .Dimnames = structure(list(
    c("-1", "-2", "-3", "-4", "-5", "0", "1", "2", NA), c("A", 
    "C", "T", NA)), .Names = c("", "")), class = "table"), AKMmono11_SNP1 = structure(c(0L, 
0L, 0L, 8L, 0L, 0L, 0L, 0L, 0L, 0L, 1L, 0L, 0L, 0L, 1799L, 194L, 
9L, 9468L, 197L, 6L, 257L, 293L, 13L, 0L, 1875L, 62L, 1L, 0L), .Dim = c(7L, 
4L), .Dimnames = structure(list(c("-1", "-2", "-3", "0", "1", 
"2", NA), c("A", "G", "T", NA)), .Names = c("", "")), class = "table"), 
    AKMmono12_SNP1 = structure(c(0L, 0L, 0L, 0L, 1L, 0L, 0L, 
    0L, 0L, 1045L, 117L, 2L, 1L, 5880L, 184L, 10L, 1L, 52L, 0L, 
    0L, 0L, 0L, 1L, 0L, 0L, 0L, 0L, 1L, 0L, 0L, 0L, 1L, 0L, 0L, 
    0L, 0L, 17L, 3L, 0L, 0L, 527L, 4L, 0L, 0L, 0L), .Dim = c(9L, 
    5L), .Dimnames = structure(list(c("-1", "-2", "-3", "-4", 
    "0", "1", "2", "5", NA), c("A", "C", "G", "T", NA)), .Names = c("", 
    "")), class = "table"), AKMmono13_SNP1 = structure(c(610L, 
    30L, 1L, 7867L, 215L, 2L, 65L, 0L, 0L, 0L, 1L, 0L, 0L, 0L, 
    20L, 0L, 0L, 491L, 5L, 0L, 0L), .Dim = c(7L, 3L), .Dimnames = structure(list(
        c("-1", "-2", "-3", "0", "1", "2", NA), c("A", "G", NA
        )), .Names = c("", "")), class = "table"), AKMmono16_SNP1 = structure(c(684L, 
    39L, 2L, 5190L, 83L, 2L, 34L, 0L, 0L, 0L, 1L, 0L, 0L, 0L, 
    0L, 0L, 0L, 6L, 0L, 0L, 0L, 12L, 1L, 0L, 288L, 9L, 0L, 0L
    ), .Dim = c(7L, 4L), .Dimnames = structure(list(c("-1", "-2", 
    "-3", "0", "1", "2", NA), c("A", "C", "T", NA)), .Names = c("", 
    "")), class = "table"), AKMmono22_SNP1 = structure(c(628L, 
    158L, 19L, 2L, 1L, 3059L, 204L, 17L, 1L, 122L, 0L, 0L, 0L, 
    0L, 0L, 2L, 0L, 0L, 0L, 1L, 23L, 3L, 1L, 0L, 0L, 305L, 5L, 
    0L, 0L, 0L), .Dim = c(10L, 3L), .Dimnames = structure(list(
        c("-1", "-2", "-3", "-4", "-5", "0", "1", "2", "3", NA
        ), c("A", "G", NA)), .Names = c("", "")), class = "table"), 
    EJmono05_SNP1 = structure(c(0L, 0L, 0L, 1L, 0L, 0L, 0L, 861L, 
    100L, 1L, 5726L, 97L, 1L, 39L, 13L, 0L, 0L, 212L, 4L, 0L, 
    0L), .Dim = c(7L, 3L), .Dimnames = structure(list(c("-1", 
    "-2", "-3", "0", "1", "2", NA), c("A", "T", NA)), .Names = c("", 
    "")), class = "table"), EJmono16_SNP1 = structure(c(876L, 
    52L, 8L, 1L, 11079L, 567L, 25L, 2L, 470L, 0L, 0L, 0L, 0L, 
    1L, 0L, 0L, 0L, 0L, 0L, 0L, 0L, 0L, 1L, 0L, 0L, 0L, 0L, 6L, 
    1L, 0L, 0L, 131L, 5L, 0L, 0L, 0L), .Dim = c(9L, 4L), .Dimnames = structure(list(
        c("-1", "-2", "-3", "-4", "0", "1", "2", "3", NA), c("A", 
        "C", "G", NA)), .Names = c("", "")), class = "table"), 
    LMmono01_SNP1 = structure(c(658L, 47L, 3L, 3641L, 72L, 3L, 
    31L, 0L, 0L, 0L, 1L, 0L, 0L, 0L, 15L, 1L, 0L, 298L, 5L, 0L, 
    0L), .Dim = c(7L, 3L), .Dimnames = structure(list(c("-1", 
    "-2", "-3", "0", "1", "2", NA), c("A", "G", NA)), .Names = c("", 
    "")), class = "table"), LMmono03_SNP1 = structure(c(511L, 
    91L, 46L, 4L, 1L, 1898L, 74L, 3L, 100L, 0L, 0L, 0L, 0L, 0L, 
    2L, 0L, 0L, 0L, 12L, 1L, 1L, 0L, 0L, 112L, 0L, 1L, 0L), .Dim = c(9L, 
    3L), .Dimnames = structure(list(c("-1", "-2", "-3", "-4", 
    "-5", "0", "1", "2", NA), c("C", "T", NA)), .Names = c("", 
    "")), class = "table"), LMmono09_SNP1 = structure(c(0L, 0L, 
    0L, 0L, 1L, 0L, 0L, 0L, 0L, 0L, 0L, 0L, 1L, 0L, 0L, 0L, 1620L, 
    476L, 157L, 6L, 7954L, 294L, 10L, 272L, 12L, 3L, 2L, 0L, 
    112L, 0L, 0L, 0L), .Dim = c(8L, 4L), .Dimnames = structure(list(
        c("-1", "-2", "-3", "-4", "0", "1", "2", NA), c("A", 
        "G", "T", NA)), .Names = c("", "")), class = "table"), 
    LMmono12_SNP1 = structure(c(888L, 87L, 9L, 1L, 3935L, 298L, 
    21L, 1L, 150L, 1L, 0L, 0L, 0L, 0L, 0L, 0L, 0L, 0L, 10L, 0L, 
    0L, 0L, 116L, 5L, 0L, 0L, 0L), .Dim = c(9L, 3L), .Dimnames = structure(list(
        c("-1", "-2", "-3", "-4", "0", "1", "2", "3", NA), c("A", 
        "G", NA)), .Names = c("", "")), class = "table"), LMmono16_SNP1 = structure(c(1074L, 
    116L, 26L, 1L, 5635L, 239L, 14L, 883L, 2L, 234L, 15L, 2L, 
    314L, 1L, 0L, 0L, 0L, 4L, 0L, 0L, 0L, 0L, 0L, 0L, 0L, 0L, 
    0L, 0L, 0L, 0L, 1L, 0L, 0L, 0L, 0L, 0L, 0L, 0L, 0L, 0L, 0L, 
    0L, 0L, 1L, 0L, 0L, 0L, 0L, 0L, 0L, 0L, 0L, 43L, 3L, 1L, 
    0L, 963L, 14L, 1L, 48L, 1L, 23L, 5L, 0L, 0L), .Dim = c(13L, 
    5L), .Dimnames = structure(list(c("-1", "-2", "-3", "-4", 
    "0", "1", "2", "3", "4", "5", "6", "7", NA), c("A", "C", 
    "G", "T", NA)), .Names = c("", "")), class = "table"), MSJmono10_SNP1 = structure(c(0L, 
    0L, 2L, 0L, 0L, 0L, 384L, 14L, 4325L, 151L, 7L, 22L, 12L, 
    1L, 251L, 10L, 1L, 0L), .Dim = c(6L, 3L), .Dimnames = structure(list(
        c("-1", "-2", "0", "1", "2", NA), c("A", "C", NA)), .Names = c("", 
    "")), class = "table"), MSJmono19ms1_SNP1 = structure(c(0L, 
    0L, 0L, 0L, 0L, 0L, 1L, 0L, 0L, 0L, 0L, 1467L, 78L, 12L, 
    2L, 1L, 1L, 20815L, 762L, 20L, 1L, 473L, 3L, 0L, 0L, 0L, 
    0L, 0L, 37L, 0L, 0L, 0L, 2L, 0L, 0L, 0L, 0L, 0L, 0L, 5L, 
    0L, 0L, 0L, 0L, 0L, 0L, 0L, 0L, 0L, 0L, 13L, 0L, 0L, 0L, 
    1L, 145L, 13L, 0L, 0L, 0L, 0L, 2316L, 76L, 1L, 0L, 0L), .Dim = c(11L, 
    6L), .Dimnames = structure(list(c("-1", "-2", "-3", "-4", 
    "-5", "-6", "0", "1", "2", "3", NA), c("-", "A", "C", "G", 
    "T", NA)), .Names = c("", "")), class = "table"), MSJmono19ms2_SNP1 = structure(c(0L, 
    0L, 5L, 0L, 0L, 0L, 1648L, 45L, 20457L, 269L, 3L, 333L, 0L, 
    0L, 1L, 0L, 0L, 0L, 17L, 1L, 1583L, 4L, 0L, 0L), .Dim = c(6L, 
    4L), .Dimnames = structure(list(c("-1", "-2", "0", "1", "2", 
    NA), c("A", "C", "G", NA)), .Names = c("", "")), class = "table"), 
    MSJmono36_SNP1 = structure(c(0L, 0L, 4L, 1L, 0L, 0L, 0L, 
    1009L, 48L, 12487L, 314L, 7L, 1L, 207L, 7L, 0L, 422L, 7L, 
    0L, 0L, 0L), .Dim = c(7L, 3L), .Dimnames = structure(list(
        c("-1", "-2", "0", "1", "2", "3", NA), c("A", "G", NA
        )), .Names = c("", "")), class = "table"), MSJmono44_SNP1 = structure(c(0L, 
    0L, 0L, 0L, 1L, 0L, 0L, 0L, 0L, 3L, 0L, 0L, 1L, 1L, 0L, 0L, 
    0L, 0L, 0L, 0L, 1L, 0L, 0L, 0L, 811L, 42L, 5L, 1L, 8031L, 
    179L, 2L, 71L, 5L, 0L, 0L, 0L, 167L, 5L, 0L, 0L), .Dim = c(8L, 
    5L), .Dimnames = structure(list(c("-1", "-2", "-3", "-5", 
    "0", "1", "2", NA), c("A", "C", "G", "T", NA)), .Names = c("", 
    "")), class = "table"), MSJmono46_SNP1 = structure(c(162L, 
    13L, 683L, 41L, 1L, 21L, 4L, 0L, 27L, 0L, 0L, 0L), .Dim = c(6L, 
    2L), .Dimnames = structure(list(c("-1", "-2", "0", "1", "2", 
    NA), c("C", NA)), .Names = c("", "")), class = "table"), 
    LMmono04v2_SNP1 = structure(c(0L, 0L, 0L, 1L, 0L, 0L, 0L, 
    454L, 36L, 3L, 2181L, 103L, 2L, 26L, 0L, 0L, 0L, 1L, 0L, 
    0L, 0L, 6L, 1L, 0L, 121L, 7L, 0L, 0L), .Dim = c(7L, 4L), .Dimnames = structure(list(
        c("-1", "-2", "-3", "0", "1", "2", NA), c("A", "C", "T", 
        NA)), .Names = c("", "")), class = "table"), AKMmono01v2_SNP1 = structure(c(0L, 
    0L, 1L, 0L, 0L, 1L, 0L, 0L, 0L, 0L, 434L, 25L, 4058L, 71L, 
    48L, 7L, 2L, 178L, 2L, 0L), .Dim = 5:4, .Dimnames = structure(list(
        c("-1", "-2", "0", "1", NA), c("-", "A", "T", NA)), .Names = c("", 
    "")), class = "table"), AKMmono10v2_SNP1 = structure(c(34L, 
    588L, 7L, 5L, 22L, 288L, 3L, 2L, 1L, 28L, 0L, 0L), .Dim = 4:3, .Dimnames = structure(list(
        c("-1", "0", "1", NA), c("A", "G", NA)),