Result <-
list(AKMmono02_SNP1 = structure(c(138L, 8L, 1L, 1175L, 47L, 1L, 
28L, 3L, 1L, 0L, 39L, 0L, 0L, 0L), .Dim = c(7L, 2L), .Dimnames = structure(list(
    c("-1", "-2", "-3", "0", "1", "2", NA), c("T", NA)), .Names = c("", 
"")), class = "table"), AKMmono03_SNP1 = structure(c(0L, 0L, 
0L, 0L, 1L, 0L, 0L, 0L, 964L, 167L, 57L, 11L, 7642L, 164L, 5L, 
152L, 0L, 0L, 0L, 0L, 2L, 0L, 0L, 0L, 51L, 9L, 1L, 0L, 749L, 
11L, 0L, 0L), .Dim = c(8L, 4L), .Dimnames = structure(list(c("-1", 
"-2", "-3", "-4", "0", "1", "2", NA), c("-", "A", "C", NA)), .Names = c("", 
"")), class = "table"), AKMmono05_SNP1 = structure(c(369L, 74L, 
8L, 2447L, 101L, 3L, 1L, 65L, 0L, 0L, 0L, 1L, 0L, 0L, 0L, 0L, 
19L, 3L, 0L, 265L, 14L, 0L, 0L, 0L), .Dim = c(8L, 3L), .Dimnames = structure(list(
    c("-1", "-2", "-3", "0", "1", "2", "3", NA), c("A", "T", 
    NA)), .Names = c("", "")), class = "table"), AKMmono11_SNP1 = structure(c(0L, 
0L, 8L, 0L, 0L, 0L, 0L, 0L, 1L, 0L, 0L, 0L, 936L, 65L, 6952L, 
144L, 2L, 192L, 122L, 2L, 1063L, 25L, 0L, 0L), .Dim = c(6L, 4L
), .Dimnames = structure(list(c("-1", "-2", "0", "1", "2", NA
), c("A", "C", "T", NA)), .Names = c("", "")), class = "table"), 
    AKMmono12_SNP1 = structure(c(0L, 0L, 0L, 0L, 2L, 0L, 0L, 
    0L, 599L, 32L, 3L, 1L, 3420L, 100L, 5L, 45L, 0L, 0L, 0L, 
    0L, 1L, 0L, 0L, 0L, 16L, 3L, 0L, 0L, 280L, 4L, 0L, 0L), .Dim = c(8L, 
    4L), .Dimnames = structure(list(c("-1", "-2", "-3", "-4", 
    "0", "1", "2", NA), c("A", "C", "T", NA)), .Names = c("", 
    "")), class = "table"), AKMmono13_SNP1 = structure(c(240L, 
    9L, 1L, 3612L, 144L, 3L, 1L, 54L, 0L, 0L, 0L, 2L, 0L, 0L, 
    0L, 0L, 0L, 0L, 0L, 3L, 0L, 0L, 0L, 0L, 7L, 0L, 0L, 252L, 
    6L, 0L, 0L, 0L), .Dim = c(8L, 4L), .Dimnames = structure(list(
        c("-1", "-2", "-3", "0", "1", "2", "3", NA), c("A", "C", 
        "T", NA)), .Names = c("", "")), class = "table"), AKMmono16_SNP1 = structure(c(333L, 
    16L, 2L, 1L, 2888L, 65L, 2L, 33L, 0L, 0L, 0L, 0L, 1L, 0L, 
    0L, 0L, 0L, 0L, 0L, 0L, 2L, 0L, 0L, 0L, 0L, 0L, 0L, 0L, 2L, 
    0L, 0L, 0L, 11L, 0L, 0L, 0L, 189L, 4L, 0L, 0L), .Dim = c(8L, 
    5L), .Dimnames = structure(list(c("-1", "-2", "-3", "-4", 
    "0", "1", "2", NA), c("A", "C", "G", "T", NA)), .Names = c("", 
    "")), class = "table"), AKMmono22_SNP1 = structure(c(305L, 
    66L, 17L, 2L, 1L, 2060L, 130L, 11L, 1L, 159L, 0L, 0L, 0L, 
    0L, 0L, 1L, 0L, 0L, 0L, 0L, 19L, 1L, 0L, 0L, 0L, 232L, 8L, 
    0L, 0L, 0L), .Dim = c(10L, 3L), .Dimnames = structure(list(
        c("-1", "-2", "-3", "-4", "-5", "0", "1", "2", "3", NA
        ), c("A", "C", NA)), .Names = c("", "")), class = "table"), 
    EJmono05_SNP1 = structure(c(390L, 37L, 1L, 3255L, 84L, 1L, 
    47L, 14L, 0L, 0L, 154L, 2L, 0L, 0L), .Dim = c(7L, 2L), .Dimnames = structure(list(
        c("-1", "-2", "-3", "0", "1", "2", NA), c("T", NA)), .Names = c("", 
    "")), class = "table"), EJmono16_SNP1 = structure(c(317L, 
    20L, 2L, 1L, 5698L, 246L, 6L, 428L, 0L, 0L, 0L, 0L, 2L, 0L, 
    0L, 0L, 3L, 0L, 0L, 0L, 133L, 2L, 0L, 0L), .Dim = c(8L, 3L
    ), .Dimnames = structure(list(c("-1", "-2", "-3", "-5", "0", 
    "1", "2", NA), c("A", "G", NA)), .Names = c("", "")), class = "table"), 
    LMmono01_SNP1 = structure(c(264L, 13L, 2171L, 30L, 39L, 0L, 
    0L, 1L, 0L, 0L, 12L, 0L, 164L, 3L, 0L), .Dim = c(5L, 3L), .Dimnames = structure(list(
        c("-1", "-2", "0", "1", NA), c("A", "T", NA)), .Names = c("", 
    "")), class = "table"), LMmono03_SNP1 = structure(c(261L, 
    38L, 7L, 1153L, 39L, 2L, 52L, 0L, 0L, 0L, 1L, 0L, 0L, 0L, 
    8L, 0L, 0L, 174L, 4L, 0L, 0L), .Dim = c(7L, 3L), .Dimnames = structure(list(
        c("-1", "-2", "-3", "0", "1", "2", NA), c("C", "T", NA
        )), .Names = c("", "")), class = "table"), LMmono09_SNP1 = structure(c(984L, 
    116L, 6L, 5538L, 253L, 5L, 162L, 10L, 1L, 0L, 111L, 4L, 1L, 
    0L), .Dim = c(7L, 2L), .Dimnames = structure(list(c("-1", 
    "-2", "-3", "0", "1", "2", NA), c("T", NA)), .Names = c("", 
    "")), class = "table"), LMmono12_SNP1 = structure(c(438L, 
    39L, 2L, 2026L, 186L, 6L, 1L, 69L, 0L, 0L, 0L, 1L, 0L, 0L, 
    0L, 0L, 19L, 0L, 0L, 201L, 9L, 0L, 0L, 0L), .Dim = c(8L, 
    3L), .Dimnames = structure(list(c("-1", "-2", "-3", "0", 
    "1", "2", "3", NA), c("A", "T", NA)), .Names = c("", "")), class = "table"), 
    LMmono16_SNP1 = structure(c(416L, 25L, 3L, 2815L, 156L, 7L, 
    330L, 1L, 112L, 10L, 2L, 266L, 0L, 0L, 0L, 1L, 0L, 0L, 0L, 
    0L, 0L, 0L, 0L, 0L, 0L, 0L, 0L, 0L, 0L, 0L, 0L, 0L, 0L, 0L, 
    0L, 1L, 9L, 1L, 0L, 473L, 15L, 1L, 23L, 0L, 10L, 1L, 0L, 
    0L), .Dim = c(12L, 4L), .Dimnames = structure(list(c("-1", 
    "-2", "-3", "0", "1", "2", "3", "4", "5", "6", "7", NA), 
        c("A", "C", "G", NA)), .Names = c("", "")), class = "table"), 
    MSJmono10_SNP1 = structure(c(0L, 0L, 1L, 0L, 0L, 0L, 185L, 
    11L, 2256L, 87L, 3L, 29L, 6L, 0L, 149L, 4L, 2L, 0L), .Dim = c(6L, 
    3L), .Dimnames = structure(list(c("-1", "-2", "0", "1", "2", 
    NA), c("A", "C", NA)), .Names = c("", "")), class = "table"), 
    MSJmono19ms1_SNP1 = structure(c(582L, 42L, 4L, 1L, 11990L, 
    324L, 10L, 590L, 0L, 0L, 0L, 0L, 42L, 2L, 0L, 0L, 0L, 0L, 
    0L, 0L, 2L, 0L, 0L, 0L, 0L, 0L, 0L, 0L, 4L, 1L, 0L, 0L, 55L, 
    0L, 1L, 0L, 1853L, 50L, 0L, 0L), .Dim = c(8L, 5L), .Dimnames = structure(list(
        c("-1", "-2", "-3", "-4", "0", "1", "2", NA), c("A", 
        "C", "G", "T", NA)), .Names = c("", "")), class = "table"), 
    MSJmono19ms2_SNP1 = structure(c(1L, 0L, 0L, 0L, 0L, 0L, 0L, 
    663L, 15L, 12667L, 212L, 4L, 1L, 184L, 0L, 0L, 1L, 0L, 0L, 
    0L, 0L, 0L, 0L, 1L, 0L, 0L, 0L, 0L, 9L, 0L, 1050L, 1L, 0L, 
    0L, 0L), .Dim = c(7L, 5L), .Dimnames = structure(list(c("-1", 
    "-2", "0", "1", "2", "3", NA), c("A", "C", "G", "T", NA)), .Names = c("", 
    "")), class = "table"), MSJmono36_SNP1 = structure(c(0L, 
    0L, 0L, 6L, 1L, 0L, 0L, 622L, 31L, 1L, 7969L, 212L, 9L, 179L, 
    5L, 1L, 0L, 283L, 2L, 0L, 0L), .Dim = c(7L, 3L), .Dimnames = structure(list(
        c("-1", "-2", "-4", "0", "1", "2", NA), c("A", "G", NA
        )), .Names = c("", "")), class = "table"), MSJmono44_SNP1 = structure(c(251L, 
    19L, 7L, 4546L, 127L, 6L, 34L, 2L, 0L, 1L, 236L, 2L, 0L, 
    0L), .Dim = c(7L, 2L), .Dimnames = structure(list(c("-1", 
    "-2", "-3", "0", "1", "2", NA), c("T", NA)), .Names = c("", 
    "")), class = "table"), MSJmono46_SNP1 = structure(c(44L, 
    4L, 1L, 142L, 11L, 11L, 0L, 0L, 0L, 1L, 0L, 0L, 2L, 0L, 0L, 
    34L, 2L, 0L), .Dim = c(6L, 3L), .Dimnames = structure(list(
        c("-1", "-2", "-5", "0", "1", NA), c("C", "T", NA)), .Names = c("", 
    "")), class = "table"), LMmono04v2_SNP1 = structure(c(178L, 
    11L, 1175L, 48L, 1L, 16L, 4L, 0L, 62L, 1L, 0L, 0L), .Dim = c(6L, 
    2L), .Dimnames = structure(list(c("-1", "-2", "0", "1", "2", 
    NA), c("C", NA)), .Names = c("", "")), class = "table"), 
    AKMmono01v2_SNP1 = structure(c(160L, 15L, 2071L, 44L, 19L, 
    10L, 0L, 150L, 2L, 0L), .Dim = c(5L, 2L), .Dimnames = structure(list(
        c("-1", "-2", "0", "1", NA), c("T", NA)), .Names = c("", 
    "")), class = "table"), AKMmono10v2_SNP1 = structure(c(16L, 
    499L, 5L, 4L, 1L, 1L, 0L, 0L, 0L, 18L, 0L, 0L), .Dim = 4:3, .Dimnames = structure(list(
        c("-1", "0", "1", NA), c("A", "G", NA)), .Names = c("", 
    "")), class = "table"), AKMmono17v2_SNP1 = structure(c(2L, 
    0L, 10L, 1L, 15L, 1L, 109L, 3L, 0L, 0L, 7L, 0L), .Dim = 4:3, .Dimnames = structure(list(
        c("-1", "-3", "0", "1"), c("A", "C", NA)), .Names = c("", 
    "")), class = "table"), EJmono13v2_SNP1 = structure(c(0L, 
    17L, 0L, 0L, 0L, 26L, 328L, 9L, 1L, 3L, 0L, 18L, 0L, 1L, 
    0L), .Dim = c(5L, 3L), .Dimnames = structure(list(c("-1", 
    "0", "1", "2", NA), c("A", "G", NA)), .Names = c("", "")), class = "table"), 
    EJmono21v2_SNP1 = structure(c(5L, 44L, 2L, 2L, 9L, 0L, 0L, 
    11L, 0L), .Dim = c(3L, 3L), .Dimnames = structure(list(c("-1", 
    "0", "1"), c("C", "T", NA)), .Names = c("", "")), class = "table"),