Result <-
list(AKMmono02_SNP1 = structure(c(233L, 18L, 1L, 1L, 2431L, 87L, 
63L, 7L, 0L, 0L, 0L, 91L, 0L, 0L), .Dim = c(7L, 2L), .Dimnames = structure(list(
    c("-1", "-2", "-3", "-4", "0", "1", NA), c("T", NA)), .Names = c("", 
"")), class = "table"), AKMmono03_SNP1 = structure(c(0L, 0L, 
0L, 0L, 0L, 1L, 0L, 0L, 0L, 1344L, 206L, 43L, 7L, 2L, 11242L, 
195L, 2L, 175L, 0L, 0L, 0L, 0L, 0L, 4L, 1L, 0L, 0L, 0L, 0L, 0L, 
0L, 0L, 2L, 0L, 0L, 0L, 1L, 0L, 0L, 0L, 0L, 0L, 0L, 0L, 0L, 75L, 
7L, 0L, 0L, 0L, 1015L, 19L, 0L, 0L), .Dim = c(9L, 6L), .Dimnames = structure(list(
    c("-1", "-2", "-3", "-4", "-5", "0", "1", "2", NA), c("-", 
    "A", "C", "G", "T", NA)), .Names = c("", "")), class = "table"), 
    AKMmono05_SNP1 = structure(c(1183L, 165L, 31L, 5L, 1L, 6811L, 
    321L, 12L, 2L, 183L, 0L, 0L, 0L, 0L, 0L, 5L, 0L, 0L, 0L, 
    1L, 1L, 0L, 0L, 0L, 0L, 2L, 0L, 0L, 0L, 0L, 70L, 9L, 0L, 
    0L, 0L, 639L, 23L, 0L, 0L, 0L), .Dim = c(10L, 4L), .Dimnames = structure(list(
        c("-1", "-2", "-3", "-4", "-5", "0", "1", "2", "3", NA
        ), c("A", "C", "T", NA)), .Names = c("", "")), class = "table"), 
    AKMmono11_SNP1 = structure(c(1L, 0L, 0L, 0L, 10L, 1L, 0L, 
    0L, 1075L, 74L, 1L, 1L, 9282L, 208L, 2L, 251L, 105L, 7L, 
    0L, 0L, 1432L, 35L, 0L, 0L), .Dim = c(8L, 3L), .Dimnames = structure(list(
        c("-1", "-2", "-3", "-4", "0", "1", "2", NA), c("A", 
        "T", NA)), .Names = c("", "")), class = "table"), AKMmono12_SNP1 = structure(c(0L, 
    0L, 0L, 0L, 0L, 0L, 0L, 1L, 981L, 66L, 7L, 2L, 6088L, 189L, 
    7L, 97L, 0L, 0L, 0L, 0L, 2L, 0L, 0L, 0L, 0L, 0L, 0L, 0L, 
    1L, 0L, 0L, 0L, 23L, 3L, 0L, 0L, 475L, 15L, 0L, 0L), .Dim = c(8L, 
    5L), .Dimnames = structure(list(c("-1", "-2", "-3", "-4", 
    "0", "1", "2", NA), c("A", "C", "G", "T", NA)), .Names = c("", 
    "")), class = "table"), AKMmono13_SNP1 = structure(c(591L, 
    46L, 1L, 7497L, 240L, 5L, 94L, 0L, 0L, 0L, 1L, 0L, 0L, 0L, 
    21L, 0L, 0L, 530L, 14L, 1L, 0L), .Dim = c(7L, 3L), .Dimnames = structure(list(
        c("-1", "-2", "-3", "0", "1", "2", NA), c("A", "C", NA
        )), .Names = c("", "")), class = "table"), AKMmono16_SNP1 = structure(c(703L, 
    33L, 1L, 0L, 5599L, 125L, 3L, 74L, 0L, 0L, 0L, 0L, 1L, 0L, 
    0L, 0L, 0L, 0L, 0L, 0L, 1L, 0L, 0L, 0L, 0L, 0L, 0L, 0L, 2L, 
    0L, 0L, 0L, 14L, 2L, 0L, 1L, 328L, 6L, 0L, 0L), .Dim = c(8L, 
    5L), .Dimnames = structure(list(c("-1", "-2", "-3", "-4", 
    "0", "1", "2", NA), c("A", "C", "G", "T", NA)), .Names = c("", 
    "")), class = "table"), AKMmono22_SNP1 = structure(c(0L, 
    0L, 0L, 0L, 0L, 1L, 0L, 0L, 0L, 0L, 557L, 89L, 10L, 1L, 1L, 
    3519L, 197L, 22L, 1L, 268L, 0L, 0L, 0L, 0L, 0L, 1L, 0L, 0L, 
    0L, 0L, 0L, 0L, 0L, 0L, 0L, 2L, 0L, 0L, 0L, 0L, 2L, 0L, 0L, 
    0L, 0L, 1L, 0L, 0L, 0L, 0L, 29L, 2L, 0L, 0L, 0L, 394L, 9L, 
    2L, 0L, 0L), .Dim = c(10L, 6L), .Dimnames = structure(list(
        c("-1", "-2", "-3", "-4", "-5", "0", "1", "2", "3", NA
        ), c("-", "A", "C", "G", "T", NA)), .Names = c("", ""
    )), class = "table"), EJmono05_SNP1 = structure(c(0L, 0L, 
    0L, 2L, 0L, 0L, 0L, 649L, 55L, 5L, 6135L, 143L, 2L, 100L, 
    18L, 0L, 0L, 265L, 6L, 0L, 0L), .Dim = c(7L, 3L), .Dimnames = structure(list(
        c("-1", "-2", "-3", "0", "1", "2", NA), c("A", "T", NA
        )), .Names = c("", "")), class = "table"), EJmono16_SNP1 = structure(c(397L, 
    34L, 1L, 6548L, 309L, 13L, 522L, 1L, 0L, 0L, 1L, 0L, 0L, 
    0L, 7L, 0L, 0L, 139L, 2L, 0L, 0L), .Dim = c(7L, 3L), .Dimnames = structure(list(
        c("-1", "-2", "-5", "0", "1", "2", NA), c("A", "G", NA
        )), .Names = c("", "")), class = "table"), LMmono01_SNP1 = structure(c(327L, 
    20L, 3L, 2499L, 50L, 1L, 62L, 0L, 0L, 0L, 1L, 0L, 0L, 0L, 
    0L, 0L, 0L, 2L, 0L, 0L, 0L, 0L, 0L, 0L, 1L, 0L, 0L, 0L, 8L, 
    1L, 0L, 182L, 6L, 0L, 0L), .Dim = c(7L, 5L), .Dimnames = structure(list(
        c("-1", "-2", "-4", "0", "1", "2", NA), c("A", "C", "G", 
        "T", NA)), .Names = c("", "")), class = "table"), LMmono03_SNP1 = structure(c(0L, 
    0L, 0L, 3L, 0L, 0L, 0L, 0L, 487L, 78L, 9L, 2039L, 81L, 3L, 
    1L, 72L, 17L, 6L, 0L, 287L, 1L, 0L, 0L, 0L), .Dim = c(8L, 
    3L), .Dimnames = structure(list(c("-1", "-2", "-3", "0", 
    "1", "2", "3", NA), c("A", "C", NA)), .Names = c("", "")), class = "table"), 
    LMmono09_SNP1 = structure(c(0L, 0L, 0L, 0L, 1L, 0L, 0L, 0L, 
    0L, 1469L, 300L, 50L, 4L, 8223L, 397L, 14L, 3L, 266L, 9L, 
    1L, 1L, 0L, 116L, 1L, 1L, 0L, 0L), .Dim = c(9L, 3L), .Dimnames = structure(list(
        c("-1", "-2", "-3", "-4", "0", "1", "2", "3", NA), c("A", 
        "T", NA)), .Names = c("", "")), class = "table"), LMmono12_SNP1 = structure(c(756L, 
    47L, 6L, 4073L, 342L, 18L, 4L, 148L, 43L, 0L, 0L, 486L, 14L, 
    1L, 0L, 0L), .Dim = c(8L, 2L), .Dimnames = structure(list(
        c("-1", "-2", "-3", "0", "1", "2", "3", NA), c("A", NA
        )), .Names = c("", "")), class = "table"), LMmono16_SNP1 = structure(c(920L, 
    97L, 8L, 5797L, 281L, 17L, 648L, 241L, 18L, 1L, 502L, 0L, 
    0L, 0L, 1L, 0L, 0L, 0L, 0L, 0L, 0L, 0L, 0L, 0L, 0L, 1L, 0L, 
    0L, 3L, 0L, 0L, 0L, 0L, 0L, 0L, 0L, 2L, 0L, 0L, 0L, 0L, 0L, 
    0L, 1L, 28L, 1L, 1L, 954L, 22L, 2L, 38L, 26L, 0L, 1L, 0L), .Dim = c(11L, 
    5L), .Dimnames = structure(list(c("-1", "-2", "-3", "0", 
    "1", "2", "3", "5", "6", "7", NA), c("A", "C", "G", "T", 
    NA)), .Names = c("", "")), class = "table"), MSJmono10_SNP1 = structure(c(381L, 
    8L, 1L, 4837L, 196L, 12L, 44L, 0L, 1L, 0L, 1L, 0L, 0L, 0L, 
    11L, 1L, 0L, 274L, 6L, 2L, 0L), .Dim = c(7L, 3L), .Dimnames = structure(list(
        c("-1", "-2", "-4", "0", "1", "2", NA), c("C", "T", NA
        )), .Names = c("", "")), class = "table"), MSJmono19ms1_SNP1 = structure(c(444L, 
    27L, 7L, 9126L, 224L, 8L, 1L, 428L, 0L, 0L, 0L, 20L, 1L, 
    1L, 0L, 4L, 0L, 0L, 0L, 1L, 0L, 0L, 0L, 0L, 1L, 1L, 0L, 7L, 
    0L, 0L, 0L, 0L, 46L, 2L, 0L, 1428L, 28L, 1L, 0L, 0L), .Dim = c(8L, 
    5L), .Dimnames = structure(list(c("-1", "-2", "-3", "0", 
    "1", "2", "3", NA), c("A", "C", "G", "T", NA)), .Names = c("", 
    "")), class = "table"), MSJmono19ms2_SNP1 = structure(c(524L, 
    7L, 9642L, 147L, 2L, 154L, 0L, 0L, 1L, 0L, 0L, 0L, 4L, 0L, 
    778L, 1L, 0L, 0L), .Dim = c(6L, 3L), .Dimnames = structure(list(
        c("-1", "-2", "0", "1", "2", NA), c("C", "T", NA)), .Names = c("", 
    "")), class = "table"), MSJmono36_SNP1 = structure(c(0L, 
    0L, 0L, 0L, 2L, 0L, 0L, 0L, 0L, 676L, 31L, 14L, 1L, 8657L, 
    228L, 7L, 1L, 192L, 0L, 0L, 0L, 0L, 1L, 0L, 0L, 0L, 0L, 11L, 
    0L, 0L, 0L, 308L, 2L, 0L, 0L, 0L), .Dim = c(9L, 4L), .Dimnames = structure(list(
        c("-1", "-2", "-3", "-4", "0", "1", "2", "3", NA), c("A", 
        "G", "T", NA)), .Names = c("", "")), class = "table"), 
    MSJmono44_SNP1 = structure(c(0L, 0L, 0L, 0L, 1L, 0L, 0L, 
    0L, 421L, 21L, 4L, 3L, 6015L, 129L, 1L, 32L, 7L, 0L, 0L, 
    0L, 317L, 2L, 0L, 0L), .Dim = c(8L, 3L), .Dimnames = structure(list(
        c("-1", "-2", "-3", "-7", "0", "1", "2", NA), c("G", 
        "T", NA)), .Names = c("", "")), class = "table"), MSJmono46_SNP1 = structure(c(211L, 
    15L, 2L, 1L, 890L, 88L, 2L, 40L, 24L, 1L, 0L, 0L, 262L, 15L, 
    0L, 0L), .Dim = c(8L, 2L), .Dimnames = structure(list(c("-1", 
    "-2", "-3", "-4", "0", "1", "2", NA), c("C", NA)), .Names = c("", 
    "")), class = "table"), LMmono04v2_SNP1 = structure(c(451L, 
    38L, 3159L, 182L, 7L, 43L, 7L, 0L, 137L, 6L, 1L, 0L), .Dim = c(6L, 
    2L), .Dimnames = structure(list(c("-1", "-2", "0", "1", "2", 
    NA), c("C", NA)), .Names = c("", "")), class = "table"), 
    AKMmono01v2_SNP1 = structure(c(1690L, 148L, 1L, 35L, 0L, 
    0L, 100L, 175L, 6L, 2L, 1800L, 45L, 1L, 27L, 147L, 17L, 0L, 
    167L, 5L, 0L, 0L), .Dim = c(7L, 3L), .Dimnames = structure(list(
        c("-1", "-2", "-3", "0", "1", "2", NA), c("C", "T", NA
        )), .Names = c("", "")), class = "table"), AKMmono10v2_SNP1 = structure(c(72L, 
    9L, 1513L, 29L, 17L, 0L, 0L, 1L, 0L, 0L, 0L, 0L, 86L, 0L, 
    0L), .Dim = c(5L, 3L),