Result <-
list(AKMmono02_SNP1 = structure(c(223L, 9L, 1L, 2598L, 66L, 1L, 
56L, 6L, 0L, 0L, 74L, 3L, 0L, 0L), .Dim = c(7L, 2L), .Dimnames = structure(list(
    c("-1", "-2", "-3", "0", "1", "2", NA), c("T", NA)), .Names = c("", 
"")), class = "table"), AKMmono03_SNP1 = structure(c(0L, 0L, 
0L, 0L, 0L, 1L, 0L, 0L, 0L, 935L, 153L, 42L, 12L, 1L, 7962L, 
186L, 3L, 120L, 0L, 0L, 0L, 0L, 0L, 3L, 0L, 0L, 0L, 0L, 0L, 0L, 
0L, 0L, 1L, 0L, 0L, 0L, 43L, 8L, 0L, 0L, 0L, 725L, 5L, 0L, 0L
), .Dim = c(9L, 5L), .Dimnames = structure(list(c("-1", "-2", 
"-3", "-4", "-5", "0", "1", "2", NA), c("-", "A", "C", "G", NA
)), .Names = c("", "")), class = "table"), AKMmono05_SNP1 = structure(c(734L, 
118L, 25L, 3L, 5212L, 199L, 8L, 114L, 0L, 0L, 0L, 0L, 5L, 0L, 
0L, 0L, 1L, 0L, 0L, 0L, 1L, 0L, 0L, 0L, 0L, 0L, 0L, 0L, 2L, 1L, 
0L, 0L, 46L, 5L, 0L, 0L, 523L, 18L, 0L, 0L), .Dim = c(8L, 5L), .Dimnames = structure(list(
    c("-1", "-2", "-3", "-4", "0", "1", "2", NA), c("A", "C", 
    "G", "T", NA)), .Names = c("", "")), class = "table"), AKMmono11_SNP1 = structure(c(0L, 
0L, 0L, 8L, 0L, 0L, 0L, 0L, 897L, 72L, 2L, 7714L, 143L, 2L, 0L, 
188L, 111L, 4L, 0L, 1242L, 38L, 0L, 3L, 0L), .Dim = c(8L, 3L), .Dimnames = structure(list(
    c("-1", "-2", "-3", "0", "1", "2", "3", NA), c("A", "T", 
    NA)), .Names = c("", "")), class = "table"), AKMmono12_SNP1 = structure(c(0L, 
0L, 0L, 0L, 2L, 0L, 0L, 0L, 678L, 62L, 5L, 1L, 4612L, 144L, 3L, 
61L, 0L, 0L, 0L, 0L, 1L, 0L, 0L, 0L, 0L, 0L, 0L, 0L, 1L, 0L, 
0L, 0L, 15L, 2L, 0L, 0L, 345L, 1L, 1L, 0L), .Dim = c(8L, 5L), .Dimnames = structure(list(
    c("-1", "-2", "-3", "-4", "0", "1", "2", NA), c("A", "C", 
    "G", "T", NA)), .Names = c("", "")), class = "table"), AKMmono13_SNP1 = structure(c(345L, 
19L, 8L, 5220L, 175L, 3L, 69L, 0L, 0L, 0L, 1L, 0L, 0L, 0L, 0L, 
0L, 0L, 1L, 0L, 0L, 0L, 14L, 2L, 0L, 341L, 9L, 1L, 0L), .Dim = c(7L, 
4L), .Dimnames = structure(list(c("-1", "-2", "-3", "0", "1", 
"2", NA), c("A", "G", "T", NA)), .Names = c("", "")), class = "table"), 
    AKMmono16_SNP1 = structure(c(427L, 21L, 4259L, 89L, 1L, 35L, 
    0L, 0L, 3L, 0L, 0L, 0L, 0L, 0L, 3L, 0L, 0L, 0L, 7L, 1L, 279L, 
    2L, 0L, 0L), .Dim = c(6L, 4L), .Dimnames = structure(list(
        c("-1", "-2", "0", "1", "2", NA), c("A", "C", "T", NA
        )), .Names = c("", "")), class = "table"), AKMmono22_SNP1 = structure(c(354L, 
    57L, 8L, 2180L, 115L, 11L, 158L, 0L, 0L, 0L, 1L, 0L, 0L, 
    0L, 18L, 3L, 0L, 223L, 4L, 0L, 0L), .Dim = c(7L, 3L), .Dimnames = structure(list(
        c("-1", "-2", "-3", "0", "1", "2", NA), c("A", "G", NA
        )), .Names = c("", "")), class = "table"), EJmono05_SNP1 = structure(c(521L, 
    49L, 3L, 4649L, 84L, 3L, 77L, 14L, 1L, 1L, 179L, 2L, 0L, 
    0L), .Dim = c(7L, 2L), .Dimnames = structure(list(c("-1", 
    "-2", "-3", "0", "1", "2", NA), c("T", NA)), .Names = c("", 
    "")), class = "table"), EJmono16_SNP1 = structure(c(302L, 
    42L, 3L, 5756L, 250L, 9L, 436L, 5L, 0L, 0L, 147L, 4L, 0L, 
    0L), .Dim = c(7L, 2L), .Dimnames = structure(list(c("-1", 
    "-2", "-3", "0", "1", "2", NA), c("A", NA)), .Names = c("", 
    "")), class = "table"), LMmono01_SNP1 = structure(c(391L, 
    25L, 1L, 3228L, 69L, 1L, 72L, 0L, 0L, 0L, 2L, 0L, 0L, 0L, 
    10L, 0L, 0L, 239L, 9L, 1L, 0L), .Dim = c(7L, 3L), .Dimnames = structure(list(
        c("-1", "-2", "-3", "0", "1", "2", NA), c("A", "G", NA
        )), .Names = c("", "")), class = "table"), LMmono03_SNP1 = structure(c(0L, 
    0L, 0L, 0L, 1L, 0L, 0L, 0L, 310L, 39L, 3L, 1L, 1194L, 35L, 
    1L, 39L, 11L, 1L, 0L, 0L, 171L, 2L, 0L, 0L), .Dim = c(8L, 
    3L), .Dimnames = structure(list(c("-1", "-2", "-3", "-4", 
    "0", "1", "2", NA), c("A", "C", NA)), .Names = c("", "")), class = "table"), 
    LMmono09_SNP1 = structure(c(0L, 1L, 0L, 0L, 0L, 0L, 0L, 0L, 
    1064L, 123L, 6L, 2L, 6172L, 308L, 14L, 192L, 10L, 2L, 0L, 
    0L, 123L, 4L, 0L, 0L), .Dim = c(8L, 3L), .Dimnames = structure(list(
        c("-1", "-2", "-3", "-4", "0", "1", "2", NA), c("C", 
        "T", NA)), .Names = c("", "")), class = "table"), LMmono12_SNP1 = structure(c(697L, 
    55L, 4L, 3777L, 304L, 15L, 1L, 131L, 0L, 0L, 0L, 1L, 0L, 
    0L, 0L, 0L, 0L, 0L, 0L, 1L, 0L, 0L, 0L, 0L, 39L, 0L, 0L, 
    436L, 16L, 1L, 0L, 0L), .Dim = c(8L, 4L), .Dimnames = structure(list(
        c("-1", "-2", "-3", "0", "1", "2", "3", NA), c("A", "G", 
        "T", NA)), .Names = c("", "")), class = "table"), LMmono16_SNP1 = structure(c(1144L, 
    105L, 8L, 1L, 4288L, 394L, 20L, 4L, 3L, 210L, 0L, 0L, 0L, 
    0L, 1L, 0L, 0L, 0L, 0L, 0L, 0L, 0L, 0L, 0L, 1L, 0L, 0L, 0L, 
    0L, 0L, 41L, 1L, 1L, 0L, 695L, 22L, 1L, 0L, 0L, 0L), .Dim = c(10L, 
    4L), .Dimnames = structure(list(c("-1", "-2", "-3", "-5", 
    "0", "1", "2", "3", "5", NA), c("A", "G", "T", NA)), .Names = c("", 
    "")), class = "table"), MSJmono10_SNP1 = structure(c(229L, 
    10L, 5L, 3513L, 129L, 3L, 41L, 6L, 0L, 0L, 194L, 10L, 0L, 
    0L), .Dim = c(7L, 2L), .Dimnames = structure(list(c("-1", 
    "-2", "-4", "0", "1", "2", NA), c("C", NA)), .Names = c("", 
    "")), class = "table"), MSJmono19ms1_SNP1 = structure(c(261L, 
    16L, 3L, 1L, 7001L, 141L, 5L, 338L, 1L, 0L, 0L, 0L, 12L, 
    1L, 0L, 2L, 0L, 0L, 0L, 0L, 1L, 0L, 0L, 0L, 1L, 0L, 0L, 0L, 
    5L, 0L, 0L, 2L, 31L, 3L, 0L, 0L, 1015L, 19L, 1L, 0L), .Dim = c(8L, 
    5L), .Dimnames = structure(list(c("-1", "-2", "-3", "-4", 
    "0", "1", "2", NA), c("A", "C", "G", "T", NA)), .Names = c("", 
    "")), class = "table"), MSJmono19ms2_SNP1 = structure(c(379L, 
    6L, 7174L, 101L, 2L, 94L, 6L, 0L, 616L, 0L, 0L, 0L), .Dim = c(6L, 
    2L), .Dimnames = structure(list(c("-1", "-2", "0", "1", "2", 
    NA), c("C", NA)), .Names = c("", "")), class = "table"), 
    MSJmono36_SNP1 = structure(c(1051L, 58L, 1L, 3567L, 91L, 
    3L, 200L, 0L, 0L, 0L, 1L, 0L, 0L, 0L, 12L, 0L, 1L, 122L, 
    2L, 0L, 0L), .Dim = c(7L, 3L), .Dimnames = structure(list(
        c("-1", "-2", "-3", "0", "1", "2", NA), c("G", "T", NA
        )), .Names = c("", "")), class = "table"), MSJmono44_SNP1 = structure(c(0L, 
    0L, 1L, 0L, 0L, 0L, 234L, 7L, 3554L, 87L, 1L, 28L, 2L, 0L, 
    178L, 1L, 0L, 0L), .Dim = c(6L, 3L), .Dimnames = structure(list(
        c("-1", "-2", "0", "1", "2", NA), c("C", "T", NA)), .Names = c("", 
    "")), class = "table"), MSJmono46_SNP1 = structure(c(0L, 
    0L, 0L, 1L, 0L, 0L, 0L, 162L, 18L, 2L, 812L, 66L, 2L, 28L, 
    17L, 1L, 0L, 231L, 14L, 1L, 0L), .Dim = c(7L, 3L), .Dimnames = structure(list(
        c("-1", "-2", "-3", "0", "1", "2", NA), c("A", "C", NA
        )), .Names = c("", "")), class = "table"), LMmono04v2_SNP1 = structure(c(1L, 
    0L, 5L, 1L, 0L, 0L, 215L, 8L, 1872L, 115L, 5L, 29L, 3L, 0L, 
    120L, 9L, 0L, 0L), .Dim = c(6L, 3L), .Dimnames = structure(list(
        c("-1", "-2", "0", "1", "2", NA), c("A", "C", NA)), .Names = c("", 
    "")), class = "table"), AKMmono01v2_SNP1 = structure(c(1714L, 
    152L, 4L, 32L, 0L, 116L, 1L, 0L, 0L, 0L, 0L, 0L, 124L, 8L, 
    0L, 1270L, 30L, 5L, 118L, 9L, 1L, 100L, 4L, 0L), .Dim = c(6L, 
    4L), .Dimnames = structure(list(c("-1", "-2", "-3", "0", 
    "1", NA), c("C", "G", "T", NA)), .Names = c("", "")), class = "table"), 
    AKMmono10v2_SNP1 = structure(c(61L, 1L, 922L, 9L, 0L, 8L, 
    22L, 1L, 580L, 24L, 1L, 4L, 0L, 0L, 1L, 0L, 0L, 0L, 0L, 0L, 
    87L, 1L, 1L, 0L), .Dim = c(6L, 4L), .Dimnames = structure(list(
        c("-1", "-2", "0", "1", "2", NA), c("A", "G", "T", NA
        )), .Names = c("", "")), class = "table"), AKMmono17v2_SNP1 = structure(c(58L, 
    4L, 1060L, 16L, 2L, 8L, 1L, 8L, 23L, 1L, 0L, 4L, 1L, 0L, 
    37L, 0L, 0L, 0L), .Dim = c(6L, 3L), .Dimnames = structure(list(
        c("-1", "-2", "0", "1", "2", NA), c("A", "C", NA)), .Names = c("", 
    "")), class = "table"), EJmono13v2_SNP1 = structure(c(1L, 
    0L, 16L, 0L, 0L, 52L, 2L, 933L, 27L, 3L, 3L, 0L, 76L, 4L, 
    0L), .Dim = c(5L, 3L), .Dimnames = structure(list(c("-1", 
    "-2", "0", "1", NA), c("A", "G", NA)), .Names = c("", "")), class = "table"),