Result <-
list(AKMmono02_SNP1 = structure(c(0L, 0L, 0L, 1L, 0L, 0L, 0L, 
260L, 8L, 0L, 3198L, 68L, 5L, 59L, 5L, 2L, 1L, 116L, 2L, 0L, 
0L), .Dim = c(7L, 3L), .Dimnames = structure(list(c("-1", "-2", 
"-3", "0", "1", "2", NA), c("G", "T", NA)), .Names = c("", ""
)), class = "table"), AKMmono03_SNP1 = structure(c(0L, 0L, 0L, 
0L, 3L, 0L, 0L, 775L, 119L, 26L, 1L, 7841L, 125L, 122L, 0L, 0L, 
0L, 0L, 4L, 0L, 0L, 0L, 0L, 0L, 0L, 2L, 0L, 0L, 51L, 10L, 1L, 
0L, 752L, 6L, 0L), .Dim = c(7L, 5L), .Dimnames = structure(list(
    c("-1", "-2", "-3", "-4", "0", "1", NA), c("-", "A", "C", 
    "T", NA)), .Names = c("", "")), class = "table"), AKMmono05_SNP1 = structure(c(738L, 
110L, 11L, 2L, 4751L, 166L, 6L, 119L, 0L, 0L, 0L, 0L, 1L, 0L, 
0L, 1L, 54L, 1L, 0L, 0L, 478L, 18L, 1L, 0L), .Dim = c(8L, 3L), .Dimnames = structure(list(
    c("-1", "-2", "-3", "-4", "0", "1", "2", NA), c("A", "C", 
    NA)), .Names = c("", "")), class = "table"), AKMmono11_SNP1 = structure(c(0L, 
0L, 0L, 2L, 0L, 0L, 1L, 0L, 0L, 0L, 2L, 0L, 0L, 0L, 684L, 36L, 
1L, 6688L, 104L, 3L, 136L, 85L, 0L, 0L, 1037L, 18L, 1L, 0L), .Dim = c(7L, 
4L), .Dimnames = structure(list(c("-1", "-2", "-3", "0", "1", 
"2", NA), c("A", "C", "T", NA)), .Names = c("", "")), class = "table"), 
    AKMmono12_SNP1 = structure(c(0L, 0L, 0L, 0L, 1L, 0L, 0L, 
    0L, 873L, 70L, 7L, 12L, 5739L, 183L, 9L, 66L, 0L, 0L, 0L, 
    0L, 1L, 0L, 0L, 0L, 16L, 1L, 0L, 0L, 443L, 7L, 0L, 0L), .Dim = c(8L, 
    4L), .Dimnames = structure(list(c("-1", "-2", "-3", "-4", 
    "0", "1", "2", NA), c("A", "C", "G", NA)), .Names = c("", 
    "")), class = "table"), AKMmono13_SNP1 = structure(c(335L, 
    22L, 1L, 5846L, 133L, 2L, 69L, 0L, 0L, 0L, 1L, 0L, 0L, 0L, 
    1L, 0L, 0L, 1L, 1L, 0L, 0L, 7L, 0L, 0L, 440L, 6L, 0L, 0L), .Dim = c(7L, 
    4L), .Dimnames = structure(list(c("-1", "-2", "-3", "0", 
    "1", "2", NA), c("A", "C", "G", NA)), .Names = c("", "")), class = "table"), 
    AKMmono16_SNP1 = structure(c(310L, 12L, 1L, 3230L, 43L, 2L, 
    31L, 0L, 0L, 0L, 1L, 0L, 0L, 0L, 0L, 0L, 0L, 1L, 0L, 0L, 
    0L, 5L, 0L, 0L, 213L, 2L, 0L, 0L), .Dim = c(7L, 4L), .Dimnames = structure(list(
        c("-1", "-2", "-3", "0", "1", "2", NA), c("A", "C", "T", 
        NA)), .Names = c("", "")), class = "table"), AKMmono22_SNP1 = structure(c(535L, 
    82L, 9L, 4290L, 200L, 13L, 246L, 0L, 0L, 0L, 2L, 0L, 0L, 
    0L, 0L, 0L, 0L, 4L, 0L, 0L, 0L, 39L, 3L, 0L, 533L, 4L, 0L, 
    0L), .Dim = c(7L, 4L), .Dimnames = structure(list(c("-1", 
    "-2", "-3", "0", "1", "2", NA), c("A", "G", "T", NA)), .Names = c("", 
    "")), class = "table"), EJmono05_SNP1 = structure(c(330L, 
    42L, 1L, 3307L, 48L, 53L, 12L, 0L, 0L, 152L, 1L, 0L), .Dim = c(6L, 
    2L), .Dimnames = structure(list(c("-1", "-2", "-3", "0", 
    "1", NA), c("T", NA)), .Names = c("", "")), class = "table"), 
    EJmono16_SNP1 = structure(c(204L, 10L, 4223L, 142L, 4L, 2L, 
    257L, 1L, 0L, 108L, 2L, 0L, 0L, 0L), .Dim = c(7L, 2L), .Dimnames = structure(list(
        c("-1", "-2", "0", "1", "2", "3", NA), c("A", NA)), .Names = c("", 
    "")), class = "table"), LMmono01_SNP1 = structure(c(322L, 
    21L, 1L, 3241L, 64L, 1L, 66L, 0L, 0L, 0L, 1L, 0L, 0L, 0L, 
    17L, 0L, 0L, 251L, 5L, 0L, 0L), .Dim = c(7L, 3L), .Dimnames = structure(list(
        c("-1", "-2", "-3", "0", "1", "2", NA), c("A", "C", NA
        )), .Names = c("", "")), class = "table"), LMmono03_SNP1 = structure(c(312L, 
    33L, 4L, 4L, 1374L, 50L, 55L, 9L, 0L, 0L, 0L, 176L, 3L, 0L
    ), .Dim = c(7L, 2L), .Dimnames = structure(list(c("-1", "-2", 
    "-3", "-4", "0", "1", NA), c("C", NA)), .Names = c("", ""
    )), class = "table"), LMmono09_SNP1 = structure(c(0L, 0L, 
    0L, 0L, 3L, 0L, 0L, 0L, 0L, 0L, 0L, 0L, 2L, 0L, 0L, 0L, 1227L, 
    137L, 13L, 2L, 6997L, 247L, 10L, 193L, 13L, 1L, 0L, 0L, 140L, 
    0L, 0L, 0L), .Dim = c(8L, 4L), .Dimnames = structure(list(
        c("-1", "-2", "-3", "-4", "0", "1", "2", NA), c("A", 
        "C", "T", NA)), .Names = c("", "")), class = "table"), 
    LMmono12_SNP1 = structure(c(549L, 40L, 1L, 3342L, 190L, 9L, 
    100L, 0L, 0L, 0L, 0L, 1L, 0L, 0L, 0L, 0L, 0L, 0L, 1L, 0L, 
    0L, 0L, 0L, 0L, 1L, 1L, 0L, 0L, 30L, 2L, 0L, 368L, 9L, 1L, 
    0L), .Dim = c(7L, 5L), .Dimnames = structure(list(c("-1", 
    "-2", "-3", "0", "1", "2", NA), c("A", "C", "G", "T", NA)), .Names = c("", 
    "")), class = "table"), LMmono16_SNP1 = structure(c(1165L, 
    88L, 3L, 4753L, 303L, 13L, 1L, 183L, 0L, 0L, 0L, 2L, 0L, 
    0L, 0L, 0L, 0L, 0L, 0L, 2L, 0L, 0L, 0L, 0L, 33L, 4L, 1L, 
    691L, 20L, 0L, 0L, 0L), .Dim = c(8L, 4L), .Dimnames = structure(list(
        c("-1", "-2", "-3", "0", "1", "2", "3", NA), c("A", "G", 
        "T", NA)), .Names = c("", "")), class = "table"), MSJmono10_SNP1 = structure(c(0L, 
    0L, 1L, 0L, 0L, 0L, 259L, 11L, 4421L, 134L, 6L, 27L, 7L, 
    1L, 280L, 6L, 0L, 0L), .Dim = c(6L, 3L), .Dimnames = structure(list(
        c("-1", "-2", "0", "1", "2", NA), c("A", "C", NA)), .Names = c("", 
    "")), class = "table"), MSJmono19ms1_SNP1 = structure(c(273L, 
    14L, 3L, 0L, 1L, 1L, 6747L, 141L, 4L, 284L, 1L, 0L, 0L, 1L, 
    0L, 0L, 14L, 0L, 0L, 0L, 0L, 0L, 0L, 0L, 0L, 0L, 2L, 0L, 
    0L, 0L, 0L, 0L, 0L, 0L, 0L, 0L, 7L, 0L, 0L, 0L, 31L, 2L, 
    0L, 0L, 0L, 0L, 1059L, 22L, 0L, 0L), .Dim = c(10L, 5L), .Dimnames = structure(list(
        c("-1", "-2", "-3", "-4", "-5", "-6", "0", "1", "2", 
        NA), c("A", "C", "G", "T", NA)), .Names = c("", "")), class = "table"), 
    MSJmono19ms2_SNP1 = structure(c(0L, 0L, 1L, 0L, 0L, 0L, 343L, 
    8L, 7040L, 80L, 2L, 82L, 0L, 0L, 1L, 0L, 0L, 0L, 3L, 0L, 
    540L, 1L, 0L, 0L), .Dim = c(6L, 4L), .Dimnames = structure(list(
        c("-1", "-2", "0", "1", "2", NA), c("A", "C", "G", NA
        )), .Names = c("", "")), class = "table"), MSJmono36_SNP1 = structure(c(0L, 
    0L, 1L, 0L, 0L, 0L, 446L, 22L, 7196L, 137L, 6L, 153L, 2L, 
    0L, 276L, 0L, 1L, 0L), .Dim = c(6L, 3L), .Dimnames = structure(list(
        c("-1", "-2", "0", "1", "2", NA), c("A", "G", NA)), .Names = c("", 
    "")), class = "table"), MSJmono44_SNP1 = structure(c(4L, 
    0L, 0L, 9L, 1L, 0L, 0L, 0L, 0L, 0L, 0L, 0L, 1L, 0L, 0L, 0L, 
    168L, 5L, 1L, 0L, 3754L, 69L, 3L, 30L, 7L, 0L, 0L, 0L, 163L, 
    0L, 0L, 0L), .Dim = c(8L, 4L), .Dimnames = structure(list(
        c("-1", "-2", "-3", "-5", "0", "1", "2", NA), c("-", 
        "A", "T", NA)), .Names = c("", "")), class = "table"), 
    MSJmono46_SNP1 = structure(c(339L, 32L, 5L, 3L, 1550L, 106L, 
    3L, 53L, 44L, 0L, 0L, 0L, 432L, 23L, 2L, 0L), .Dim = c(8L, 
    2L), .Dimnames = structure(list(c("-1", "-2", "-3", "-4", 
    "0", "1", "2", NA), c("C", NA)), .Names = c("", "")), class = "table"), 
    LMmono04v2_SNP1 = structure(c(233L, 12L, 2L, 1687L, 66L, 
    3L, 15L, 0L, 0L, 0L, 2L, 0L, 0L, 0L, 5L, 0L, 1L, 100L, 2L, 
    0L, 0L), .Dim = c(7L, 3L), .Dimnames = structure(list(c("-1", 
    "-2", "-3", "0", "1", "2", NA), c("C", "T", NA)), .Names = c("", 
    "")), class = "table"), AKMmono01v2_SNP1 = structure(c(0L, 
    0L, 0L, 1L, 0L, 0L, 0L, 0L, 0L, 0L, 1L, 0L, 0L, 0L, 183L, 
    17L, 1L, 2818L, 44L, 1L, 18L, 4L, 1L, 0L, 221L, 4L, 0L, 0L
    ), .Dim = c(7L, 4L), .Dimnames = structure(list(c("-1", "-2", 
    "-3", "0", "1", "2", NA), c("C", "G", "T", NA)), .Names = c("", 
    "")), class = "table"), AKMmono10v2_SNP1 = structure(c(36L, 
    1L, 590L, 8L, 4L, 14L, 0L, 633L, 3L, 5L, 2L, 0L, 62L, 1L, 
    0L), .Dim = c(5L, 3L), .Dimnames = structure(list(c("-1", 
    "-2", "0", "1", NA), c("A", "G", NA)), .Names = c("", "")), class = "table"), 
    AKMmono17v2_SNP1 = structure(c(0L, 0L, 1L, 0L, 0L, 0L, 0L, 
    0L, 9L, 0L, 0L, 0L, 22L, 1L, 618L, 7L, 1L, 1L, 0L, 0L, 36L, 
    0L, 0L, 0L), .Dim = c(6L, 4L), .Dimnames = structure(list(
        c("-1", "-2", "0", "1", "2", NA), c("-", "A", "C", NA
        )), .Names = c("", "")), class = "table"), EJmono13v2_SNP1 = structure(c(1L, 
    0L, 0L, 0L, 0L, 82L, 1105L, 35L, 1L, 14L, 3L, 87L, 1L, 0L, 
    0L), .Dim = c(5L, 3L),