Result <-
list(AKMmono02_SNP1 = structure(c(0L, 0L, 1L, 0L, 0L, 0L, 227L, 
9L, 2642L, 67L, 1L, 45L, 4L, 1L, 99L, 2L, 0L, 0L), .Dim = c(6L, 
3L), .Dimnames = structure(list(c("-1", "-2", "0", "1", "2", 
NA), c("C", "T", NA)), .Names = c("", "")), class = "table"), 
    AKMmono03_SNP1 = structure(c(502L, 52L, 20L, 0L, 4722L, 80L, 
    2L, 77L, 0L, 0L, 0L, 0L, 1L, 0L, 0L, 0L, 26L, 4L, 0L, 1L, 
    445L, 6L, 0L, 0L), .Dim = c(8L, 3L), .Dimnames = structure(list(
        c("-1", "-2", "-3", "-4", "0", "1", "2", NA), c("A", 
        "C", NA)), .Names = c("", "")), class = "table"), AKMmono05_SNP1 = structure(c(450L, 
    61L, 10L, 1L, 3045L, 98L, 3L, 83L, 0L, 0L, 0L, 0L, 6L, 0L, 
    0L, 0L, 1L, 0L, 0L, 0L, 2L, 0L, 0L, 0L, 0L, 0L, 0L, 0L, 3L, 
    0L, 0L, 0L, 27L, 2L, 0L, 0L, 297L, 10L, 0L, 0L), .Dim = c(8L, 
    5L), .Dimnames = structure(list(c("-1", "-2", "-3", "-4", 
    "0", "1", "2", NA), c("A", "C", "G", "T", NA)), .Names = c("", 
    "")), class = "table"), AKMmono11_SNP1 = structure(c(0L, 
    0L, 0L, 3L, 0L, 0L, 0L, 0L, 0L, 1L, 0L, 0L, 424L, 19L, 4L, 
    3578L, 44L, 66L, 44L, 1L, 1L, 570L, 19L, 0L), .Dim = c(6L, 
    4L), .Dimnames = structure(list(c("-1", "-2", "-3", "0", 
    "1", NA), c("A", "C", "T", NA)), .Names = c("", "")), class = "table"), 
    AKMmono12_SNP1 = structure(c(0L, 0L, 0L, 2L, 0L, 0L, 568L, 
    49L, 2L, 3781L, 86L, 60L, 1L, 0L, 0L, 0L, 0L, 0L, 0L, 0L, 
    0L, 1L, 0L, 0L, 21L, 1L, 0L, 296L, 6L, 0L), .Dim = 6:5, .Dimnames = structure(list(
        c("-1", "-2", "-3", "0", "1", NA), c("A", "C", "G", "T", 
        NA)), .Names = c("", "")), class = "table"), AKMmono13_SNP1 = structure(c(244L, 
    13L, 1L, 4857L, 113L, 1L, 58L, 0L, 0L, 0L, 1L, 0L, 0L, 0L, 
    0L, 0L, 0L, 1L, 0L, 0L, 0L, 11L, 2L, 0L, 321L, 6L, 0L, 0L
    ), .Dim = c(7L, 4L), .Dimnames = structure(list(c("-1", "-2", 
    "-3", "0", "1", "2", NA), c("A", "C", "G", NA)), .Names = c("", 
    "")), class = "table"), AKMmono16_SNP1 = structure(c(372L, 
    16L, 2L, 3714L, 40L, 1L, 42L, 0L, 0L, 0L, 1L, 0L, 0L, 0L, 
    11L, 1L, 0L, 214L, 3L, 0L, 0L), .Dim = c(7L, 3L), .Dimnames = structure(list(
        c("-1", "-2", "-3", "0", "1", "2", NA), c("A", "T", NA
        )), .Names = c("", "")), class = "table"), AKMmono22_SNP1 = structure(c(380L, 
    57L, 3L, 2579L, 94L, 10L, 1L, 184L, 16L, 4L, 0L, 300L, 8L, 
    0L, 0L, 0L), .Dim = c(8L, 2L), .Dimnames = structure(list(
        c("-1", "-2", "-3", "0", "1", "2", "4", NA), c("A", NA
        )), .Names = c("", "")), class = "table"), EJmono05_SNP1 = structure(c(0L, 
    1L, 2L, 0L, 0L, 0L, 0L, 0L, 1L, 0L, 0L, 0L, 0L, 0L, 1L, 0L, 
    0L, 0L, 286L, 23L, 2900L, 49L, 1L, 41L, 8L, 1L, 140L, 2L, 
    0L, 0L), .Dim = 6:5, .Dimnames = structure(list(c("-1", "-2", 
    "0", "1", "2", NA), c("A", "C", "G", "T", NA)), .Names = c("", 
    "")), class = "table"), EJmono16_SNP1 = structure(c(155L, 
    13L, 1L, 3224L, 121L, 3L, 197L, 0L, 0L, 0L, 1L, 0L, 0L, 0L, 
    0L, 0L, 0L, 82L, 2L, 0L, 0L), .Dim = c(7L, 3L), .Dimnames = structure(list(
        c("-1", "-2", "-3", "0", "1", "2", NA), c("A", "T", NA
        )), .Names = c("", "")), class = "table"), LMmono01_SNP1 = structure(c(298L, 
    17L, 2826L, 45L, 2L, 45L, 0L, 0L, 1L, 0L, 0L, 0L, 0L, 0L, 
    3L, 0L, 0L, 0L, 0L, 0L, 2L, 0L, 0L, 0L, 9L, 0L, 210L, 2L, 
    0L, 0L), .Dim = 6:5, .Dimnames = structure(list(c("-1", "-2", 
    "0", "1", "2", NA), c("A", "C", "G", "T", NA)), .Names = c("", 
    "")), class = "table"), LMmono03_SNP1 = structure(c(0L, 0L, 
    0L, 0L, 3L, 0L, 0L, 404L, 53L, 6L, 1L, 1797L, 55L, 62L, 12L, 
    3L, 0L, 0L, 212L, 0L, 0L), .Dim = c(7L, 3L), .Dimnames = structure(list(
        c("-1", "-2", "-3", "-4", "0", "1", NA), c("A", "C", 
        NA)), .Names = c("", "")), class = "table"), LMmono09_SNP1 = structure(c(785L, 
    81L, 11L, 4689L, 178L, 5L, 147L, 10L, 1L, 0L, 95L, 1L, 0L, 
    0L), .Dim = c(7L, 2L), .Dimnames = structure(list(c("-1", 
    "-2", "-3", "0", "1", "2", NA), c("T", NA)), .Names = c("", 
    "")), class = "table"), LMmono12_SNP1 = structure(c(445L, 
    34L, 1L, 1L, 2446L, 148L, 10L, 1L, 100L, 0L, 0L, 0L, 0L, 
    0L, 0L, 0L, 0L, 1L, 0L, 0L, 0L, 0L, 2L, 0L, 0L, 0L, 0L, 25L, 
    0L, 0L, 0L, 269L, 8L, 0L, 0L, 0L), .Dim = c(9L, 4L), .Dimnames = structure(list(
        c("-1", "-2", "-3", "-4", "0", "1", "2", "4", NA), c("A", 
        "G", "T", NA)), .Names = c("", "")), class = "table"), 
    LMmono16_SNP1 = structure(c(397L, 21L, 3084L, 124L, 6L, 300L, 
    1L, 115L, 9L, 237L, 0L, 0L, 1L, 0L, 0L, 1L, 0L, 0L, 0L, 1L, 
    0L, 0L, 1L, 0L, 0L, 0L, 0L, 0L, 0L, 0L, 16L, 2L, 525L, 5L, 
    0L, 16L, 0L, 9L, 0L, 0L), .Dim = c(10L, 4L), .Dimnames = structure(list(
        c("-1", "-2", "0", "1", "2", "3", "4", "5", "6", NA), 
        c("A", "C", "G", NA)), .Names = c("", "")), class = "table"), 
    MSJmono10_SNP1 = structure(c(0L, 0L, 0L, 2L, 0L, 0L, 0L, 
    270L, 7L, 1L, 4283L, 132L, 8L, 32L, 0L, 0L, 0L, 1L, 0L, 0L, 
    0L, 0L, 0L, 0L, 2L, 0L, 0L, 0L, 4L, 0L, 0L, 263L, 4L, 1L, 
    0L), .Dim = c(7L, 5L), .Dimnames = structure(list(c("-1", 
    "-2", "-3", "0", "1", "2", NA), c("A", "C", "G", "T", NA)), .Names = c("", 
    "")), class = "table"), MSJmono19ms1_SNP1 = structure(c(119L, 
    7L, 1L, 1L, 3219L, 42L, 0L, 112L, 0L, 0L, 0L, 0L, 7L, 1L, 
    0L, 0L, 0L, 0L, 0L, 0L, 1L, 0L, 0L, 0L, 14L, 0L, 0L, 0L, 
    556L, 6L, 1L, 0L), .Dim = c(8L, 4L), .Dimnames = structure(list(
        c("-1", "-2", "-3", "-6", "0", "1", "2", NA), c("A", 
        "C", "T", NA)), .Names = c("", "")), class = "table"), 
    MSJmono19ms2_SNP1 = structure(c(151L, 3316L, 44L, 2L, 24L, 
    0L, 2L, 0L, 0L, 0L, 1L, 292L, 1L, 0L, 0L), .Dim = c(5L, 3L
    ), .Dimnames = structure(list(c("-1", "0", "1", "2", NA), 
        c("C", "T", NA)), .Names = c("", "")), class = "table"), 
    MSJmono36_SNP1 = structure(c(0L, 0L, 0L, 2L, 0L, 0L, 146L, 
    7L, 1L, 2983L, 62L, 56L, 0L, 0L, 1L, 125L, 1L, 0L), .Dim = c(6L, 
    3L), .Dimnames = structure(list(c("-1", "-2", "-3", "0", 
    "1", NA), c("A", "G", NA)), .Names = c("", "")), class = "table"), 
    MSJmono44_SNP1 = structure(c(118L, 6L, 2137L, 31L, 11L, 3L, 
    0L, 91L, 1L, 0L), .Dim = c(5L, 2L), .Dimnames = structure(list(
        c("-1", "-2", "0", "1", NA), c("T", NA)), .Names = c("", 
    "")), class = "table"), MSJmono46_SNP1 = structure(c(362L, 
    37L, 3L, 1632L, 120L, 5L, 63L, 0L, 0L, 0L, 1L, 0L, 0L, 0L, 
    34L, 0L, 0L, 455L, 27L, 2L, 0L), .Dim = c(7L, 3L), .Dimnames = structure(list(
        c("-1", "-2", "-3", "0", "1", "2", NA), c("C", "T", NA
        )), .Names = c("", "")), class = "table"), LMmono04v2_SNP1 = structure(c(0L, 
    0L, 0L, 1L, 0L, 0L, 0L, 309L, 20L, 1L, 2828L, 82L, 5L, 32L, 
    7L, 0L, 0L, 160L, 12L, 1L, 0L), .Dim = c(7L, 3L), .Dimnames = structure(list(
        c("-1", "-2", "-3", "0", "1", "2", NA), c("A", "C", NA
        )), .Names = c("", "")), class = "table"), AKMmono01v2_SNP1 = structure(c(1L, 
    0L, 0L, 1L, 0L, 0L, 0L, 1222L, 86L, 5L, 16L, 1L, 0L, 75L, 
    126L, 7L, 0L, 1603L, 28L, 1L, 16L, 86L, 1L, 0L, 142L, 2L, 
    0L, 0L), .Dim = c(7L, 4L), .Dimnames = structure(list(c("-1", 
    "-2", "-3", "0", "1", "2", NA), c("A", "C", "T", NA)), .Names = c("", 
    "")), class = "table"), AKMmono10v2_SNP1 = structure(c(56L, 
    1133L, 11L, 4L, 35L, 1216L, 12L, 7L, 2L, 126L, 0L, 0L), .Dim = 4:3, .Dimnames = structure(list(
        c("-1", "0", "1", NA), c("A", "G", NA)), .Names = c("", 
    "")), class = "table"), AKMmono17v2_SNP1 = structure(c(59L, 
    5L, 1287L, 17L, 0L, 8L, 3L, 0L, 36L, 2L, 0L, 0L, 1L, 0L, 
    52L, 0L, 1L, 0L), .Dim = c(6L, 3L), .Dimnames = structure(list(
        c("-1", "-2", "0", "1", "2", NA), c("A", "C", NA)), .Names = c("", 
    "")), class = "table"), EJmono13v2_SNP1 = structure(c(166L, 
    4L, 2197L, 49L, 3L, 12L, 1L, 0L, 1L, 0L, 0L, 0L, 5L, 0L, 
    158L, 3L, 0L, 0L), .Dim = c(6L, 3L), .Dimnames = structure(list(
        c("-1", "-2", "0", "1", "2", NA), c("G", "T", NA)), .Names = c("", 
    "")), class = "table"),