Result <-
list(AKMmono02_SNP1 = structure(c(0L, 0L, 0L, 0L, 1L, 0L, 0L, 
0L, 487L, 48L, 2L, 1L, 2141L, 50L, 1L, 63L, 13L, 0L, 0L, 0L, 
95L, 1L, 0L, 0L), .Dim = c(8L, 3L), .Dimnames = structure(list(
    c("-1", "-2", "-3", "-4", "0", "1", "2", NA), c("C", "T", 
    NA)), .Names = c("", "")), class = "table"), AKMmono03_SNP1 = structure(c(1L, 
0L, 0L, 0L, 0L, 0L, 0L, 0L, 0L, 480L, 2129L, 295L, 8L, 1L, 4142L, 
70L, 2L, 241L, 0L, 0L, 0L, 0L, 0L, 2L, 0L, 0L, 1L, 0L, 0L, 1L, 
0L, 0L, 0L, 0L, 0L, 0L, 24L, 122L, 9L, 0L, 0L, 379L, 2L, 0L, 
0L), .Dim = c(9L, 5L), .Dimnames = structure(list(c("-1", "-2", 
"-3", "-4", "-5", "0", "1", "2", NA), c("-", "A", "C", "T", NA
)), .Names = c("", "")), class = "table"), AKMmono05_SNP1 = structure(c(965L, 
236L, 19L, 2L, 1L, 3064L, 119L, 3L, 135L, 0L, 0L, 0L, 0L, 0L, 
2L, 0L, 0L, 0L, 1L, 0L, 0L, 0L, 0L, 0L, 0L, 0L, 0L, 34L, 6L, 
0L, 0L, 0L, 317L, 14L, 0L, 0L), .Dim = c(9L, 4L), .Dimnames = structure(list(
    c("-1", "-2", "-3", "-4", "-5", "0", "1", "2", NA), c("A", 
    "C", "G", NA)), .Names = c("", "")), class = "table"), AKMmono11_SNP1 = structure(c(0L, 
0L, 0L, 4L, 0L, 0L, 0L, 463L, 979L, 43L, 3796L, 68L, 0L, 180L, 
65L, 44L, 0L, 546L, 11L, 1L, 0L), .Dim = c(7L, 3L), .Dimnames = structure(list(
    c("-1", "-2", "-3", "0", "1", "2", NA), c("A", "T", NA)), .Names = c("", 
"")), class = "table"), AKMmono12_SNP1 = structure(c(0L, 0L, 
0L, 0L, 2L, 0L, 0L, 0L, 972L, 233L, 13L, 1L, 2924L, 73L, 3L, 
74L, 1L, 0L, 0L, 0L, 0L, 0L, 0L, 0L, 0L, 0L, 0L, 0L, 1L, 0L, 
0L, 0L, 23L, 5L, 0L, 0L, 229L, 4L, 0L, 0L), .Dim = c(8L, 5L), .Dimnames = structure(list(
    c("-1", "-2", "-3", "-4", "0", "1", "2", NA), c("A", "C", 
    "G", "T", NA)), .Names = c("", "")), class = "table"), AKMmono13_SNP1 = structure(c(792L, 
30L, 676L, 3L, 2758L, 54L, 1L, 92L, 0L, 0L, 0L, 0L, 1L, 0L, 0L, 
0L, 22L, 1L, 9L, 0L, 175L, 4L, 1L, 0L), .Dim = c(8L, 3L), .Dimnames = structure(list(
    c("-1", "-2", "-3", "-4", "0", "1", "2", NA), c("A", "T", 
    NA)), .Names = c("", "")), class = "table"), AKMmono16_SNP1 = structure(c(585L, 
330L, 132L, 2L, 1850L, 37L, 1L, 63L, 0L, 0L, 0L, 0L, 0L, 0L, 
0L, 1L, 16L, 12L, 2L, 0L, 104L, 2L, 0L, 0L), .Dim = c(8L, 3L), .Dimnames = structure(list(
    c("-1", "-2", "-3", "-4", "0", "1", "2", NA), c("A", "T", 
    NA)), .Names = c("", "")), class = "table"), AKMmono22_SNP1 = structure(c(0L, 
0L, 0L, 0L, 0L, 1L, 0L, 0L, 0L, 238L, 359L, 442L, 76L, 2L, 1825L, 
81L, 2L, 213L, 0L, 0L, 0L, 0L, 0L, 3L, 0L, 0L, 0L, 0L, 0L, 0L, 
0L, 0L, 1L, 0L, 0L, 0L, 14L, 10L, 13L, 3L, 0L, 209L, 5L, 1L, 
0L), .Dim = c(9L, 5L), .Dimnames = structure(list(c("-1", "-2", 
"-3", "-4", "-5", "0", "1", "2", NA), c("-", "A", "G", "T", NA
)), .Names = c("", "")), class = "table"), EJmono05_SNP1 = structure(c(1046L, 
109L, 2L, 1565L, 38L, 82L, 23L, 2L, 0L, 61L, 2L, 0L), .Dim = c(6L, 
2L), .Dimnames = structure(list(c("-1", "-2", "-3", "0", "1", 
NA), c("T", NA)), .Names = c("", "")), class = "table"), EJmono16_SNP1 = structure(c(551L, 
629L, 84L, 1L, 2673L, 100L, 3L, 450L, 0L, 0L, 0L, 0L, 1L, 0L, 
0L, 0L, 4L, 7L, 1L, 0L, 51L, 1L, 0L, 0L), .Dim = c(8L, 3L), .Dimnames = structure(list(
    c("-1", "-2", "-3", "-4", "0", "1", "2", NA), c("A", "C", 
    NA)), .Names = c("", "")), class = "table"), LMmono01_SNP1 = structure(c(1068L, 
162L, 5L, 1952L, 50L, 149L, 1L, 0L, 0L, 0L, 0L, 0L, 39L, 4L, 
0L, 153L, 2L, 0L), .Dim = c(6L, 3L), .Dimnames = structure(list(
    c("-1", "-2", "-3", "0", "1", NA), c("A", "T", NA)), .Names = c("", 
"")), class = "table"), LMmono03_SNP1 = structure(c(186L, 272L, 
320L, 67L, 2L, 808L, 22L, 66L, 6L, 7L, 6L, 1L, 0L, 128L, 1L, 
0L), .Dim = c(8L, 2L), .Dimnames = structure(list(c("-1", "-2", 
"-3", "-4", "-5", "0", "1", NA), c("C", NA)), .Names = c("", 
"")), class = "table"), LMmono09_SNP1 = structure(c(0L, 0L, 0L, 
0L, 0L, 1L, 0L, 0L, 0L, 1L, 0L, 0L, 0L, 0L, 0L, 0L, 0L, 0L, 1430L, 
226L, 847L, 83L, 1L, 3310L, 121L, 3L, 291L, 19L, 3L, 1L, 2L, 
0L, 78L, 1L, 0L, 0L), .Dim = c(9L, 4L), .Dimnames = structure(list(
    c("-1", "-2", "-3", "-4", "-5", "0", "1", "2", NA), c("A", 
    "C", "T", NA)), .Names = c("", "")), class = "table"), LMmono12_SNP1 = structure(c(365L, 
420L, 575L, 29L, 1604L, 107L, 6L, 129L, 19L, 18L, 18L, 0L, 191L, 
2L, 1L, 0L), .Dim = c(8L, 2L), .Dimnames = structure(list(c("-1", 
"-2", "-3", "-4", "0", "1", "2", NA), c("A", NA)), .Names = c("", 
"")), class = "table"), LMmono16_SNP1 = structure(c(261L, 511L, 
123L, 9L, 2285L, 142L, 6L, 255L, 80L, 5L, 279L, 0L, 0L, 0L, 0L, 
1L, 0L, 0L, 0L, 0L, 0L, 0L, 1L, 6L, 2L, 0L, 0L, 0L, 0L, 0L, 0L, 
0L, 2L, 0L, 0L, 0L, 0L, 1L, 0L, 0L, 0L, 0L, 0L, 0L, 13L, 16L, 
6L, 0L, 355L, 4L, 0L, 12L, 12L, 0L, 0L), .Dim = c(11L, 5L), .Dimnames = structure(list(
    c("-1", "-2", "-3", "-4", "0", "1", "2", "3", "5", "6", NA
    ), c("A", "C", "G", "T", NA)), .Names = c("", "")), class = "table"), 
    MSJmono10_SNP1 = structure(c(369L, 338L, 8L, 2386L, 70L, 
    2L, 1L, 45L, 18L, 14L, 1L, 152L, 5L, 0L, 0L, 0L), .Dim = c(8L, 
    2L), .Dimnames = structure(list(c("-1", "-2", "-3", "0", 
    "1", "2", "3", NA), c("C", NA)), .Names = c("", "")), class = "table"), 
    MSJmono19ms1_SNP1 = structure(c(291L, 30L, 5310L, 105L, 7L, 
    205L, 1L, 0L, 13L, 2L, 0L, 1L, 0L, 0L, 1L, 0L, 0L, 0L, 0L, 
    0L, 4L, 0L, 0L, 0L, 32L, 3L, 705L, 11L, 0L, 0L), .Dim = 6:5, .Dimnames = structure(list(
        c("-1", "-2", "0", "1", "2", NA), c("A", "C", "G", "T", 
        NA)), .Names = c("", "")), class = "table"), MSJmono19ms2_SNP1 = structure(c(1142L, 
    598L, 2L, 3661L, 60L, 231L, 7L, 7L, 0L, 274L, 0L, 0L), .Dim = c(6L, 
    2L), .Dimnames = structure(list(c("-1", "-2", "-3", "0", 
    "1", NA), c("C", NA)), .Names = c("", "")), class = "table"), 
    MSJmono36_SNP1 = structure(c(0L, 0L, 0L, 0L, 1L, 0L, 0L, 
    0L, 984L, 90L, 5L, 3L, 3891L, 104L, 1L, 188L, 8L, 2L, 0L, 
    0L, 137L, 1L, 0L, 0L), .Dim = c(8L, 3L), .Dimnames = structure(list(
        c("-1", "-2", "-3", "-4", "0", "1", "2", NA), c("C", 
        "G", NA)), .Names = c("", "")), class = "table"), MSJmono44_SNP1 = structure(c(0L, 
    0L, 0L, 1L, 0L, 0L, 0L, 856L, 22L, 0L, 2546L, 61L, 1L, 39L, 
    17L, 1L, 1L, 121L, 3L, 0L, 0L), .Dim = c(7L, 3L), .Dimnames = structure(list(
        c("-1", "-2", "-3", "0", "1", "2", NA), c("A", "T", NA
        )), .Names = c("", "")), class = "table"), MSJmono46_SNP1 = structure(c(249L, 
    217L, 130L, 5L, 1L, 803L, 60L, 1L, 1L, 59L, 0L, 0L, 0L, 0L, 
    0L, 1L, 0L, 0L, 0L, 0L, 29L, 11L, 5L, 0L, 0L, 238L, 11L, 
    1L, 0L, 0L), .Dim = c(10L, 3L), .Dimnames = structure(list(
        c("-1", "-2", "-3", "-4", "-5", "0", "1", "2", "3", NA
        ), c("C", "T", NA)), .Names = c("", "")), class = "table"), 
    LMmono04v2_SNP1 = structure(c(280L, 173L, 11L, 999L, 52L, 
    2L, 27L, 5L, 2L, 0L, 63L, 1L, 0L, 0L), .Dim = c(7L, 2L), .Dimnames = structure(list(
        c("-1", "-2", "-3", "0", "1", "2", NA), c("C", NA)), .Names = c("", 
    "")), class = "table"), AKMmono01v2_SNP1 = structure(c(0L, 
    0L, 1L, 0L, 0L, 0L, 0L, 0L, 1L, 0L, 0L, 0L, 1L, 0L, 0L, 0L, 
    0L, 0L, 211L, 13L, 1947L, 34L, 1L, 24L, 4L, 1L, 149L, 0L, 
    0L, 0L), .Dim = 6:5, .Dimnames = structure(list(c("-1", "-2", 
    "0", "1", "2", NA), c("A", "C", "G", "T", NA)), .Names = c("", 
    "")), class = "table"), AKMmono10v2_SNP1 = structure(c(224L, 
    3L, 351L, 4L, 11L, 51L, 1L, 395L, 2L, 4L, 5L, 0L, 44L, 0L, 
    0L), .Dim = c(5L, 3L), .Dimnames = structure(list(c("-1", 
    "-2", "0", "1", NA), c("A", "G", NA)), .Names = c("", "")), class = "table"), 
    AKMmono17v2_SNP1 = structure(c(0L, 0L, 0L, 14L, 2L, 0L, 108L, 
    8L, 1L, 190L, 4L, 10L, 2L, 0L, 0L, 9L, 0L, 0L), .Dim = c(6L, 
    3L), .Dimnames = structure(list(c("-1", "-2", "-3", "0", 
    "1", NA), c("A", "C", NA)), .Names = c("", "")), class = "table"), 
    EJmono13v2_SNP1 = structure(c(0L, 0L, 1L, 0L, 0L, 97L, 1L, 
    823L, 15L, 6L, 2L, 0L, 107L, 2L, 0L), .Dim = c(5L, 3L), .Dimnames = structure(list(
        c("-1", "-2", "0", "1", NA), c("A", "G", NA)), .Names = c("", 
    "")),