Result <-
list(AKMmono02_SNP1 = structure(c(0L, 0L, 0L, 1L, 0L, 0L, 0L, 
0L, 0L, 1L, 0L, 0L, 148L, 10L, 2L, 1341L, 47L, 33L, 3L, 0L, 0L, 
24L, 0L, 0L), .Dim = c(6L, 4L), .Dimnames = structure(list(c("-1", 
"-2", "-3", "0", "1", NA), c("A", "G", "T", NA)), .Names = c("", 
"")), class = "table"), AKMmono03_SNP1 = structure(c(1068L, 213L, 
51L, 18L, 7473L, 176L, 5L, 98L, 0L, 0L, 0L, 0L, 1L, 0L, 0L, 0L, 
0L, 1L, 0L, 0L, 1L, 0L, 0L, 0L, 56L, 6L, 0L, 0L, 554L, 7L, 1L, 
0L), .Dim = c(8L, 4L), .Dimnames = structure(list(c("-1", "-2", 
"-3", "-4", "0", "1", "2", NA), c("A", "C", "G", NA)), .Names = c("", 
"")), class = "table"), AKMmono05_SNP1 = structure(c(681L, 112L, 
17L, 5L, 4022L, 200L, 14L, 82L, 0L, 0L, 0L, 0L, 1L, 0L, 0L, 0L, 
0L, 0L, 0L, 0L, 1L, 0L, 0L, 0L, 0L, 0L, 0L, 0L, 1L, 0L, 0L, 0L, 
33L, 4L, 0L, 0L, 405L, 18L, 1L, 0L), .Dim = c(8L, 5L), .Dimnames = structure(list(
    c("-1", "-2", "-3", "-4", "0", "1", "2", NA), c("A", "C", 
    "G", "T", NA)), .Names = c("", "")), class = "table"), AKMmono11_SNP1 = structure(c(1L, 
0L, 0L, 1L, 0L, 0L, 1L, 1098L, 79L, 2L, 5537L, 123L, 5L, 147L, 
168L, 2L, 0L, 1109L, 42L, 0L, 0L), .Dim = c(7L, 3L), .Dimnames = structure(list(
    c("-1", "-2", "-3", "0", "1", "2", NA), c("A", "T", NA)), .Names = c("", 
"")), class = "table"), AKMmono12_SNP1 = structure(c(0L, 0L, 
0L, 0L, 1L, 0L, 0L, 0L, 1L, 0L, 0L, 0L, 2L, 0L, 0L, 0L, 769L, 
61L, 5L, 1L, 4106L, 270L, 20L, 41L, 0L, 0L, 0L, 0L, 0L, 1L, 0L, 
0L, 19L, 1L, 0L, 0L, 378L, 4L, 1L, 0L), .Dim = c(8L, 5L), .Dimnames = structure(list(
    c("-1", "-2", "-3", "-4", "0", "1", "2", NA), c("-", "A", 
    "C", "T", NA)), .Names = c("", "")), class = "table"), AKMmono13_SNP1 = structure(c(384L, 
12L, 2L, 4557L, 159L, 7L, 44L, 0L, 0L, 0L, 1L, 0L, 0L, 0L, 0L, 
0L, 0L, 2L, 0L, 0L, 0L, 0L, 0L, 0L, 1L, 0L, 0L, 0L, 10L, 0L, 
0L, 282L, 2L, 1L, 0L), .Dim = c(7L, 5L), .Dimnames = structure(list(
    c("-1", "-2", "-3", "0", "1", "2", NA), c("A", "C", "G", 
    "T", NA)), .Names = c("", "")), class = "table"), AKMmono16_SNP1 = structure(c(272L, 
14L, 1L, 2L, 2364L, 1824L, 45L, 1L, 75L, 0L, 0L, 0L, 0L, 0L, 
1L, 0L, 0L, 1L, 3L, 0L, 0L, 0L, 208L, 96L, 3L, 0L, 0L), .Dim = c(9L, 
3L), .Dimnames = structure(list(c("-1", "-2", "-3", "-4", "0", 
"1", "2", "3", NA), c("A", "C", NA)), .Names = c("", "")), class = "table"), 
    AKMmono22_SNP1 = structure(c(428L, 90L, 16L, 6L, 1L, 2513L, 
    195L, 15L, 105L, 0L, 0L, 0L, 0L, 0L, 1L, 0L, 0L, 0L, 17L, 
    4L, 0L, 0L, 0L, 211L, 9L, 0L, 0L), .Dim = c(9L, 3L), .Dimnames = structure(list(
        c("-1", "-2", "-3", "-4", "-5", "0", "1", "2", NA), c("A", 
        "T", NA)), .Names = c("", "")), class = "table"), EJmono05_SNP1 = structure(c(587L, 
    47L, 5025L, 135L, 2L, 35L, 11L, 0L, 170L, 3L, 0L, 0L), .Dim = c(6L, 
    2L), .Dimnames = structure(list(c("-1", "-2", "0", "1", "2", 
    NA), c("T", NA)), .Names = c("", "")), class = "table"), 
    EJmono16_SNP1 = structure(c(503L, 38L, 1L, 2L, 6830L, 488L, 
    30L, 2L, 318L, 0L, 0L, 0L, 0L, 1L, 0L, 0L, 0L, 0L, 3L, 0L, 
    0L, 1L, 91L, 8L, 0L, 0L, 0L), .Dim = c(9L, 3L), .Dimnames = structure(list(
        c("-1", "-2", "-3", "-5", "0", "1", "2", "3", NA), c("A", 
        "T", NA)), .Names = c("", "")), class = "table"), LMmono01_SNP1 = structure(c(1113L, 
    62L, 1L, 1606L, 39L, 32L, 51L, 1L, 0L, 115L, 3L, 0L), .Dim = c(6L, 
    2L), .Dimnames = structure(list(c("-1", "-2", "-3", "0", 
    "1", NA), c("A", NA)), .Names = c("", "")), class = "table"), 
    LMmono03_SNP1 = structure(c(0L, 0L, 0L, 0L, 1L, 0L, 0L, 0L, 
    0L, 392L, 52L, 6L, 2L, 1887L, 90L, 1L, 2L, 66L, 0L, 0L, 0L, 
    0L, 1L, 0L, 0L, 0L, 0L, 7L, 2L, 0L, 0L, 101L, 3L, 0L, 0L, 
    0L), .Dim = c(9L, 4L), .Dimnames = structure(list(c("-1", 
    "-2", "-3", "-4", "0", "1", "2", "3", NA), c("A", "C", "T", 
    NA)), .Names = c("", "")), class = "table"), LMmono09_SNP1 = structure(c(2027L, 
    316L, 49L, 1L, 0L, 1826L, 1548L, 159L, 8L, 349L, 27L, 0L, 
    1L, 0L, 1L, 35L, 18L, 3L, 0L, 0L), .Dim = c(10L, 2L), .Dimnames = structure(list(
        c("-1", "-2", "-3", "-4", "-5", "0", "1", "2", "3", NA
        ), c("T", NA)), .Names = c("", "")), class = "table"), 
    LMmono12_SNP1 = structure(c(690L, 64L, 2L, 1L, 36L, 2722L, 
    257L, 14L, 129L, 4L, 0L, 0L, 0L, 0L, 82L, 4L, 2L, 0L), .Dim = c(9L, 
    2L), .Dimnames = structure(list(c("-1", "-2", "-3", "-4", 
    "-5", "0", "1", "2", NA), c("A", NA)), .Names = c("", "")), class = "table"), 
    LMmono16_SNP1 = structure(c(741L, 90L, 3L, 13L, 3921L, 266L, 
    14L, 2L, 101L, 0L, 0L, 0L, 0L, 1L, 0L, 0L, 0L, 0L, 0L, 0L, 
    0L, 0L, 1L, 0L, 0L, 0L, 0L, 30L, 3L, 0L, 0L, 377L, 9L, 0L, 
    0L, 0L), .Dim = c(9L, 4L), .Dimnames = structure(list(c("-1", 
    "-2", "-3", "-6", "0", "1", "2", "3", NA), c("A", "G", "T", 
    NA)), .Names = c("", "")), class = "table"), MSJmono10_SNP1 = structure(c(171L, 
    6L, 1L, 2596L, 138L, 1L, 10L, 0L, 0L, 0L, 1L, 0L, 0L, 0L, 
    8L, 0L, 0L, 144L, 7L, 0L, 0L), .Dim = c(7L, 3L), .Dimnames = structure(list(
        c("-1", "-2", "-3", "0", "1", "2", NA), c("C", "T", NA
        )), .Names = c("", "")), class = "table"), MSJmono19ms1_SNP1 = structure(c(497L, 
    19L, 3L, 7433L, 321L, 7L, 200L, 0L, 0L, 0L, 8L, 0L, 0L, 1L, 
    0L, 0L, 0L, 1L, 0L, 0L, 0L, 0L, 0L, 0L, 2L, 0L, 0L, 0L, 47L, 
    1L, 1L, 775L, 23L, 0L, 0L), .Dim = c(7L, 5L), .Dimnames = structure(list(
        c("-1", "-2", "-3", "0", "1", "2", NA), c("A", "C", "G", 
        "T", NA)), .Names = c("", "")), class = "table"), MSJmono19ms2_SNP1 = structure(c(402L, 
    4L, 1L, 7550L, 111L, 1L, 110L, 7L, 0L, 0L, 555L, 4L, 0L, 
    0L), .Dim = c(7L, 2L), .Dimnames = structure(list(c("-1", 
    "-2", "-3", "0", "1", "2", NA), c("C", NA)), .Names = c("", 
    "")), class = "table"), MSJmono36_SNP1 = structure(c(0L, 
    0L, 0L, 2L, 0L, 0L, 0L, 0L, 0L, 0L, 1L, 0L, 0L, 0L, 435L, 
    21L, 4L, 6065L, 191L, 5L, 103L, 0L, 0L, 0L, 1L, 0L, 0L, 0L, 
    4L, 0L, 0L, 169L, 4L, 0L, 0L), .Dim = c(7L, 5L), .Dimnames = structure(list(
        c("-1", "-2", "-3", "0", "1", "2", NA), c("A", "C", "G", 
        "T", NA)), .Names = c("", "")), class = "table"), MSJmono44_SNP1 = structure(c(1L, 
    0L, 0L, 0L, 0L, 0L, 0L, 266L, 12L, 1L, 4250L, 145L, 2L, 45L, 
    2L, 0L, 0L, 76L, 2L, 0L, 0L), .Dim = c(7L, 3L), .Dimnames = structure(list(
        c("-1", "-2", "-3", "0", "1", "2", NA), c("A", "T", NA
        )), .Names = c("", "")), class = "table"), MSJmono46_SNP1 = structure(c(100L, 
    12L, 384L, 42L, 13L, 1L, 0L, 21L, 2L, 0L), .Dim = c(5L, 2L
    ), .Dimnames = structure(list(c("-1", "-2", "0", "1", NA), 
        c("C", NA)), .Names = c("", "")), class = "table"), LMmono04v2_SNP1 = structure(c(219L, 
    21L, 1L, 1493L, 762L, 84L, 3L, 32L, 6L, 0L, 0L, 27L, 6L, 
    0L, 0L, 0L, 8L, 0L, 0L, 98L, 31L, 6L, 0L, 0L), .Dim = c(8L, 
    3L), .Dimnames = structure(list(c("-1", "-2", "-3", "0", 
    "1", "2", "3", NA), c("C", "T", NA)), .Names = c("", "")), class = "table"), 
    AKMmono01v2_SNP1 = structure(c(0L, 0L, 0L, 0L, 1L, 0L, 0L, 
    0L, 0L, 0L, 0L, 1L, 0L, 0L, 0L, 0L, 2L, 0L, 0L, 0L, 0L, 0L, 
    0L, 0L, 0L, 0L, 0L, 0L, 0L, 0L, 0L, 1L, 214L, 17L, 2L, 1991L, 
    862L, 32L, 2L, 179L, 1L, 0L, 0L, 112L, 41L, 2L, 0L, 0L), .Dim = c(8L, 
    6L), .Dimnames = structure(list(c("-1", "-2", "-3", "0", 
    "1", "2", "3", NA), c("-", "A", "C", "G", "T", NA)), .Names = c("", 
    "")), class = "table"), AKMmono10v2_SNP1 = structure(c(34L, 
    1L, 642L, 13L, 2L, 0L, 0L, 2L, 0L, 0L, 0L, 0L, 28L, 0L, 0L
    ), .Dim = c(5L, 3L), .Dimnames = structure(list(c("-1", "-3", 
    "0", "1", NA), c("A", "G", NA)), .Names = c("", "")), class = "table"), 
    AKMmono17v2_SNP1 = structure(c(0L, 0L, 18L, 0L, 1L, 20L, 
    2L, 309L, 3L, 3L, 0L, 0L, 20L, 0L, 0L), .Dim = c(5L, 3L), .Dimnames = structure(list(
        c("-1", "-2", "0", "1", NA), c("A", "C", NA)), .Names = c("", 
    "")), class = "table"), EJmono13v2_SNP1 = structure(c(51L, 
    1L, 791L, 246L, 11L, 25L, 0L, 0L, 3L, 0L, 0L, 0L, 1L, 0L, 
    27L, 3L, 1L, 0L), .Dim = c(6L, 3L),