Result <-
list(AKMmono02_SNP1 = structure(c(0L, 0L, 0L, 1L, 0L, 0L, 0L, 
0L, 0L, 0L, 1L, 0L, 0L, 0L, 390L, 30L, 1L, 3876L, 128L, 2L, 73L, 
8L, 3L, 0L, 141L, 0L, 0L, 0L), .Dim = c(7L, 4L), .Dimnames = structure(list(
    c("-1", "-2", "-3", "0", "1", "2", NA), c("A", "G", "T", 
    NA)), .Names = c("", "")), class = "table"), AKMmono03_SNP1 = structure(c(0L, 
0L, 0L, 0L, 1L, 0L, 0L, 0L, 904L, 149L, 24L, 3L, 7761L, 184L, 
5L, 145L, 0L, 0L, 0L, 0L, 3L, 0L, 0L, 0L, 0L, 0L, 0L, 0L, 2L, 
0L, 0L, 0L, 46L, 14L, 1L, 0L, 721L, 10L, 0L, 0L), .Dim = c(8L, 
5L), .Dimnames = structure(list(c("-1", "-2", "-3", "-4", "0", 
"1", "2", NA), c("-", "A", "C", "T", NA)), .Names = c("", "")), class = "table"), 
    AKMmono05_SNP1 = structure(c(760L, 109L, 18L, 7L, 1L, 5396L, 
    220L, 6L, 151L, 0L, 0L, 0L, 0L, 0L, 3L, 0L, 0L, 0L, 0L, 0L, 
    0L, 0L, 0L, 1L, 0L, 0L, 0L, 43L, 6L, 1L, 0L, 0L, 599L, 26L, 
    0L, 0L), .Dim = c(9L, 4L), .Dimnames = structure(list(c("-1", 
    "-2", "-3", "-4", "-5", "0", "1", "2", NA), c("A", "C", "T", 
    NA)), .Names = c("", "")), class = "table"), AKMmono11_SNP1 = structure(c(0L, 
    0L, 0L, 0L, 6L, 0L, 0L, 0L, 0L, 0L, 0L, 0L, 0L, 0L, 0L, 1L, 
    784L, 66L, 2L, 1L, 6640L, 119L, 1L, 191L, 93L, 2L, 0L, 0L, 
    1023L, 29L, 1L, 0L), .Dim = c(8L, 4L), .Dimnames = structure(list(
        c("-1", "-2", "-3", "-4", "0", "1", "2", NA), c("A", 
        "G", "T", NA)), .Names = c("", "")), class = "table"), 
    AKMmono12_SNP1 = structure(c(0L, 0L, 0L, 0L, 3L, 0L, 0L, 
    0L, 0L, 938L, 60L, 3L, 2L, 6048L, 198L, 14L, 1L, 101L, 0L, 
    0L, 0L, 0L, 2L, 0L, 0L, 0L, 0L, 27L, 2L, 0L, 0L, 448L, 8L, 
    1L, 0L, 0L), .Dim = c(9L, 4L), .Dimnames = structure(list(
        c("-1", "-2", "-3", "-4", "0", "1", "2", "3", NA), c("A", 
        "C", "T", NA)), .Names = c("", "")), class = "table"), 
    AKMmono13_SNP1 = structure(c(395L, 19L, 3L, 6057L, 199L, 
    6L, 77L, 0L, 0L, 0L, 1L, 0L, 0L, 0L, 0L, 0L, 0L, 1L, 0L, 
    0L, 0L, 16L, 1L, 0L, 441L, 8L, 0L, 0L), .Dim = c(7L, 4L), .Dimnames = structure(list(
        c("-1", "-2", "-3", "0", "1", "2", NA), c("A", "C", "G", 
        NA)), .Names = c("", "")), class = "table"), AKMmono16_SNP1 = structure(c(543L, 
    26L, 3L, 1L, 4974L, 124L, 2L, 57L, 0L, 0L, 0L, 0L, 2L, 0L, 
    0L, 0L, 0L, 0L, 0L, 0L, 1L, 0L, 0L, 0L, 0L, 0L, 0L, 0L, 1L, 
    0L, 0L, 0L, 10L, 0L, 0L, 0L, 275L, 9L, 0L, 0L), .Dim = c(8L, 
    5L), .Dimnames = structure(list(c("-1", "-2", "-3", "-4", 
    "0", "1", "2", NA), c("A", "C", "G", "T", NA)), .Names = c("", 
    "")), class = "table"), AKMmono22_SNP1 = structure(c(0L, 
    0L, 0L, 0L, 1L, 0L, 0L, 0L, 0L, 513L, 90L, 16L, 4L, 3563L, 
    233L, 12L, 1L, 265L, 0L, 0L, 0L, 0L, 1L, 0L, 0L, 0L, 0L, 
    31L, 3L, 0L, 0L, 413L, 16L, 1L, 0L, 0L), .Dim = c(9L, 4L), .Dimnames = structure(list(
        c("-1", "-2", "-3", "-4", "0", "1", "2", "3", NA), c("-", 
        "A", "T", NA)), .Names = c("", "")), class = "table"), 
    EJmono05_SNP1 = structure(c(0L, 0L, 1L, 1L, 0L, 0L, 479L, 
    57L, 4706L, 121L, 1L, 74L, 10L, 1L, 205L, 1L, 0L, 0L), .Dim = c(6L, 
    3L), .Dimnames = structure(list(c("-1", "-2", "0", "1", "2", 
    NA), c("C", "T", NA)), .Names = c("", "")), class = "table"), 
    EJmono16_SNP1 = structure(c(229L, 19L, 1L, 5211L, 210L, 11L, 
    2L, 357L, 0L, 0L, 0L, 2L, 0L, 0L, 0L, 0L, 1L, 0L, 0L, 92L, 
    2L, 0L, 0L, 0L), .Dim = c(8L, 3L), .Dimnames = structure(list(
        c("-1", "-2", "-3", "0", "1", "2", "3", NA), c("A", "G", 
        NA)), .Names = c("", "")), class = "table"), LMmono01_SNP1 = structure(c(339L, 
    29L, 3L, 1L, 3023L, 76L, 1L, 57L, 15L, 1L, 0L, 0L, 232L, 
    3L, 0L, 0L), .Dim = c(8L, 2L), .Dimnames = structure(list(
        c("-1", "-2", "-3", "-4", "0", "1", "2", NA), c("A", 
        NA)), .Names = c("", "")), class = "table"), LMmono03_SNP1 = structure(c(0L, 
    0L, 0L, 0L, 1L, 0L, 0L, 0L, 0L, 0L, 0L, 0L, 1L, 0L, 0L, 0L, 
    452L, 66L, 5L, 2L, 1933L, 68L, 4L, 58L, 12L, 1L, 0L, 0L, 
    280L, 4L, 0L, 0L), .Dim = c(8L, 4L), .Dimnames = structure(list(
        c("-1", "-2", "-3", "-4", "0", "1", "2", NA), c("-", 
        "A", "C", NA)), .Names = c("", "")), class = "table"), 
    LMmono09_SNP1 = structure(c(0L, 0L, 0L, 0L, 1L, 0L, 0L, 0L, 
    0L, 0L, 0L, 0L, 0L, 1L, 0L, 0L, 0L, 0L, 1635L, 236L, 39L, 
    3L, 7359L, 399L, 17L, 1L, 231L, 34L, 4L, 1L, 0L, 163L, 5L, 
    0L, 0L, 0L), .Dim = c(9L, 4L), .Dimnames = structure(list(
        c("-1", "-2", "-3", "-4", "0", "1", "2", "3", NA), c("A", 
        "G", "T", NA)), .Names = c("", "")), class = "table"), 
    LMmono12_SNP1 = structure(c(561L, 55L, 3156L, 223L, 18L, 
    121L, 0L, 0L, 1L, 0L, 0L, 0L, 22L, 1L, 322L, 3L, 0L, 0L), .Dim = c(6L, 
    3L), .Dimnames = structure(list(c("-1", "-2", "0", "1", "2", 
    NA), c("A", "T", NA)), .Names = c("", "")), class = "table"), 
    LMmono16_SNP1 = structure(c(1255L, 125L, 11L, 1L, 4998L, 
    415L, 28L, 4L, 1L, 1L, 219L, 0L, 0L, 0L, 0L, 3L, 1L, 0L, 
    0L, 0L, 0L, 0L, 50L, 5L, 0L, 0L, 743L, 27L, 0L, 1L, 0L, 1L, 
    0L), .Dim = c(11L, 3L), .Dimnames = structure(list(c("-1", 
    "-2", "-3", "-4", "0", "1", "2", "3", "5", "6", NA), c("A", 
    "C", NA)), .Names = c("", "")), class = "table"), MSJmono10_SNP1 = structure(c(0L, 
    0L, 0L, 1L, 0L, 0L, 0L, 0L, 295L, 9L, 1L, 4281L, 172L, 7L, 
    1L, 39L, 9L, 0L, 0L, 275L, 10L, 0L, 0L, 0L), .Dim = c(8L, 
    3L), .Dimnames = structure(list(c("-1", "-2", "-3", "0", 
    "1", "2", "3", NA), c("A", "C", NA)), .Names = c("", "")), class = "table"), 
    MSJmono19ms1_SNP1 = structure(c(293L, 13L, 1L, 1L, 6200L, 
    152L, 3L, 293L, 1L, 0L, 0L, 0L, 20L, 0L, 0L, 4L, 0L, 0L, 
    0L, 0L, 10L, 0L, 0L, 0L, 33L, 3L, 0L, 0L, 937L, 18L, 4L, 
    0L), .Dim = c(8L, 4L), .Dimnames = structure(list(c("-1", 
    "-2", "-4", "-5", "0", "1", "2", NA), c("A", "C", "T", NA
    )), .Names = c("", "")), class = "table"), MSJmono19ms2_SNP1 = structure(c(0L, 
    0L, 1L, 0L, 0L, 0L, 303L, 2L, 6524L, 100L, 1L, 86L, 1L, 0L, 
    0L, 0L, 0L, 0L, 1L, 0L, 533L, 1L, 0L, 0L), .Dim = c(6L, 4L
    ), .Dimnames = structure(list(c("-1", "-2", "0", "1", "2", 
    NA), c("A", "C", "T", NA)), .Names = c("", "")), class = "table"), 
    MSJmono36_SNP1 = structure(c(0L, 0L, 3L, 0L, 0L, 0L, 485L, 
    28L, 6694L, 179L, 6L, 159L, 0L, 0L, 2L, 0L, 0L, 0L, 7L, 1L, 
    232L, 3L, 0L, 0L), .Dim = c(6L, 4L), .Dimnames = structure(list(
        c("-1", "-2", "0", "1", "2", NA), c("A", "G", "T", NA
        )), .Names = c("", "")), class = "table"), MSJmono44_SNP1 = structure(c(0L, 
    0L, 0L, 1L, 0L, 0L, 0L, 259L, 10L, 2L, 3445L, 99L, 1L, 30L, 
    5L, 1L, 0L, 162L, 0L, 0L, 0L), .Dim = c(7L, 3L), .Dimnames = structure(list(
        c("-1", "-2", "-3", "0", "1", "2", NA), c("G", "T", NA
        )), .Names = c("", "")), class = "table"), MSJmono46_SNP1 = structure(c(372L, 
    30L, 9L, 3L, 1724L, 148L, 5L, 80L, 0L, 0L, 0L, 0L, 1L, 0L, 
    0L, 1L, 46L, 5L, 0L, 0L, 471L, 30L, 1L, 0L), .Dim = c(8L, 
    3L), .Dimnames = structure(list(c("-1", "-2", "-3", "-4", 
    "0", "1", "2", NA), c("C", "T", NA)), .Names = c("", "")), class = "table"), 
    LMmono04v2_SNP1 = structure(c(276L, 15L, 6L, 2135L, 117L, 
    3L, 24L, 8L, 1L, 0L, 134L, 3L, 0L, 0L), .Dim = c(7L, 2L), .Dimnames = structure(list(
        c("-1", "-2", "-3", "0", "1", "2", NA), c("C", NA)), .Names = c("", 
    "")), class = "table"), AKMmono01v2_SNP1 = structure(c(2464L, 
    177L, 7L, 2007L, 42L, 165L, 11L, 4L, 0L, 8L, 0L, 2L, 145L, 
    16L, 0L, 322L, 4L, 0L), .Dim = c(6L, 3L), .Dimnames = structure(list(
        c("-1", "-2", "-3", "0", "1", NA), c("C", "T", NA)), .Names = c("", 
    "")), class = "table"), AKMmono10v2_SNP1 = structure(c(0L, 
    0L, 1L, 0L, 0L, 159L, 3L, 2626L, 35L, 21L, 0L, 0L, 1L, 0L, 
    0L, 0L, 0L, 1L, 0L, 0L, 1L, 0L, 127L, 2L, 0L), .Dim = c(5L, 
    5L), .Dimnames = structure(list(c("-1", "-2", "0", "1", NA
    ), c("-", "A", "G", "T", NA)), .Names = c("", "")), class = "table"),