Result <-
list(AKMmono02_SNP1 = structure(c(198L, 12L, 1L, 2022L, 44L, 
1L, 42L, 0L, 0L, 0L, 43L, 0L, 0L, 0L), .Dim = c(7L, 2L), .Dimnames = structure(list(
    c("-1", "-2", "-3", "0", "1", "2", NA), c("T", NA)), .Names = c("", 
"")), class = "table"), AKMmono03_SNP1 = structure(c(902L, 142L, 
7L, 7080L, 101L, 3L, 88L, 0L, 0L, 0L, 1L, 0L, 0L, 0L, 40L, 4L, 
0L, 559L, 4L, 0L, 0L), .Dim = c(7L, 3L), .Dimnames = structure(list(
    c("-1", "-2", "-3", "0", "1", "2", NA), c("A", "C", NA)), .Names = c("", 
"")), class = "table"), AKMmono05_SNP1 = structure(c(637L, 88L, 
88L, 4L, 4061L, 163L, 3L, 49L, 0L, 0L, 0L, 0L, 1L, 0L, 0L, 0L, 
1L, 0L, 0L, 0L, 0L, 0L, 0L, 0L, 19L, 2L, 2L, 0L, 377L, 18L, 0L, 
0L), .Dim = c(8L, 4L), .Dimnames = structure(list(c("-1", "-2", 
"-3", "-4", "0", "1", "2", NA), c("A", "C", "T", NA)), .Names = c("", 
"")), class = "table"), AKMmono11_SNP1 = structure(c(0L, 0L, 
1L, 0L, 0L, 0L, 0L, 0L, 1L, 0L, 0L, 0L, 823L, 84L, 6219L, 117L, 
0L, 109L, 117L, 5L, 1143L, 26L, 1L, 0L), .Dim = c(6L, 4L), .Dimnames = structure(list(
    c("-1", "-2", "0", "1", "2", NA), c("A", "C", "T", NA)), .Names = c("", 
"")), class = "table"), AKMmono12_SNP1 = structure(c(1L, 0L, 
0L, 0L, 0L, 0L, 0L, 751L, 54L, 1L, 4486L, 104L, 1L, 33L, 0L, 
0L, 0L, 1L, 0L, 0L, 0L, 18L, 0L, 0L, 385L, 5L, 0L, 0L), .Dim = c(7L, 
4L), .Dimnames = structure(list(c("-1", "-2", "-3", "0", "1", 
"2", NA), c("A", "C", "G", NA)), .Names = c("", "")), class = "table"), 
    AKMmono13_SNP1 = structure(c(288L, 17L, 3L, 3864L, 96L, 6L, 
    38L, 13L, 0L, 0L, 225L, 3L, 0L, 0L), .Dim = c(7L, 2L), .Dimnames = structure(list(
        c("-1", "-2", "-3", "0", "1", "2", NA), c("A", NA)), .Names = c("", 
    "")), class = "table"), AKMmono16_SNP1 = structure(c(292L, 
    16L, 2147L, 46L, 14L, 0L, 0L, 2L, 0L, 0L, 6L, 0L, 129L, 2L, 
    0L), .Dim = c(5L, 3L), .Dimnames = structure(list(c("-1", 
    "-2", "0", "1", NA), c("A", "T", NA)), .Names = c("", "")), class = "table"), 
    AKMmono22_SNP1 = structure(c(569L, 104L, 24L, 2L, 3545L, 
    214L, 11L, 1L, 146L, 0L, 0L, 0L, 0L, 1L, 0L, 0L, 0L, 0L, 
    22L, 2L, 0L, 0L, 348L, 5L, 2L, 0L, 0L), .Dim = c(9L, 3L), .Dimnames = structure(list(
        c("-1", "-2", "-3", "-4", "0", "1", "2", "3", NA), c("A", 
        "G", NA)), .Names = c("", "")), class = "table"), EJmono05_SNP1 = structure(c(374L, 
    30L, 1L, 2701L, 68L, 18L, 3L, 0L, 0L, 114L, 0L, 0L), .Dim = c(6L, 
    2L), .Dimnames = structure(list(c("-1", "-2", "-3", "0", 
    "1", NA), c("T", NA)), .Names = c("", "")), class = "table"), 
    EJmono16_SNP1 = structure(c(318L, 17L, 1L, 1L, 4744L, 255L, 
    8L, 1L, 172L, 1L, 0L, 0L, 0L, 55L, 2L, 0L, 0L, 0L), .Dim = c(9L, 
    2L), .Dimnames = structure(list(c("-1", "-2", "-3", "-4", 
    "0", "1", "2", "3", NA), c("A", NA)), .Names = c("", "")), class = "table"), 
    LMmono01_SNP1 = structure(c(362L, 24L, 2629L, 46L, 1L, 19L, 
    1L, 0L, 2L, 0L, 0L, 0L, 0L, 0L, 1L, 0L, 0L, 0L, 7L, 0L, 157L, 
    5L, 0L, 0L), .Dim = c(6L, 4L), .Dimnames = structure(list(
        c("-1", "-2", "0", "1", "2", NA), c("A", "G", "T", NA
        )), .Names = c("", "")), class = "table"), LMmono03_SNP1 = structure(c(1L, 
    0L, 0L, 0L, 2L, 0L, 0L, 0L, 421L, 71L, 9L, 1L, 1641L, 59L, 
    2L, 66L, 0L, 0L, 0L, 0L, 1L, 0L, 0L, 0L, 1L, 0L, 0L, 0L, 
    0L, 0L, 0L, 0L, 11L, 5L, 0L, 0L, 95L, 5L, 0L, 0L), .Dim = c(8L, 
    5L), .Dimnames = structure(list(c("-1", "-2", "-3", "-4", 
    "0", "1", "2", NA), c("A", "C", "G", "T", NA)), .Names = c("", 
    "")), class = "table"), LMmono09_SNP1 = structure(c(0L, 0L, 
    0L, 1L, 0L, 0L, 0L, 800L, 66L, 5L, 5777L, 183L, 4L, 134L, 
    0L, 0L, 0L, 89L, 0L, 0L, 0L), .Dim = c(7L, 3L), .Dimnames = structure(list(
        c("-1", "-2", "-3", "0", "1", "2", NA), c("C", "T", NA
        )), .Names = c("", "")), class = "table"), LMmono12_SNP1 = structure(c(607L, 
    32L, 2L, 2405L, 187L, 10L, 117L, 5L, 0L, 0L, 89L, 1L, 1L, 
    0L), .Dim = c(7L, 2L), .Dimnames = structure(list(c("-1", 
    "-2", "-3", "0", "1", "2", NA), c("A", NA)), .Names = c("", 
    "")), class = "table"), LMmono16_SNP1 = structure(c(692L, 
    64L, 5L, 1L, 2548L, 206L, 14L, 71L, 0L, 0L, 0L, 0L, 1L, 0L, 
    0L, 0L, 26L, 0L, 0L, 1L, 387L, 10L, 0L, 0L), .Dim = c(8L, 
    3L), .Dimnames = structure(list(c("-1", "-2", "-3", "-4", 
    "0", "1", "2", NA), c("A", "T", NA)), .Names = c("", "")), class = "table"), 
    MSJmono10_SNP1 = structure(c(0L, 0L, 2L, 0L, 0L, 0L, 178L, 
    9L, 2779L, 127L, 3L, 13L, 0L, 0L, 1L, 0L, 0L, 0L, 5L, 0L, 
    197L, 3L, 0L, 0L), .Dim = c(6L, 4L), .Dimnames = structure(list(
        c("-1", "-2", "0", "1", "2", NA), c("A", "C", "G", NA
        )), .Names = c("", "")), class = "table"), MSJmono19ms1_SNP1 = structure(c(410L, 
    16L, 1L, 1L, 6871L, 195L, 6L, 157L, 0L, 0L, 0L, 0L, 6L, 0L, 
    0L, 2L, 0L, 0L, 0L, 0L, 1L, 0L, 0L, 0L, 0L, 0L, 0L, 0L, 4L, 
    0L, 0L, 1L, 32L, 1L, 0L, 0L, 731L, 19L, 0L, 0L), .Dim = c(8L, 
    5L), .Dimnames = structure(list(c("-1", "-2", "-3", "-4", 
    "0", "1", "2", NA), c("A", "C", "G", "T", NA)), .Names = c("", 
    "")), class = "table"), MSJmono19ms2_SNP1 = structure(c(0L, 
    0L, 1L, 0L, 0L, 0L, 0L, 0L, 2L, 0L, 0L, 0L, 389L, 8L, 6805L, 
    80L, 1L, 105L, 0L, 0L, 1L, 0L, 0L, 0L, 2L, 0L, 564L, 1L, 
    0L, 0L), .Dim = 6:5, .Dimnames = structure(list(c("-1", "-2", 
    "0", "1", "2", NA), c("-", "A", "C", "T", NA)), .Names = c("", 
    "")), class = "table"), MSJmono36_SNP1 = structure(c(0L, 
    0L, 0L, 2L, 0L, 0L, 0L, 384L, 80L, 11L, 5517L, 131L, 6L, 
    72L, 3L, 1L, 0L, 166L, 0L, 0L, 0L), .Dim = c(7L, 3L), .Dimnames = structure(list(
        c("-1", "-2", "-3", "0", "1", "2", NA), c("A", "G", NA
        )), .Names = c("", "")), class = "table"), MSJmono44_SNP1 = structure(c(0L, 
    0L, 1L, 0L, 0L, 0L, 178L, 3L, 2679L, 38L, 1L, 19L, 2L, 0L, 
    55L, 2L, 0L, 0L), .Dim = c(6L, 3L), .Dimnames = structure(list(
        c("-1", "-2", "0", "1", "2", NA), c("C", "T", NA)), .Names = c("", 
    "")), class = "table"), MSJmono46_SNP1 = structure(c(0L, 
    0L, 0L, 1L, 0L, 0L, 216L, 32L, 3L, 757L, 42L, 19L, 3L, 0L, 
    0L, 34L, 1L, 0L), .Dim = c(6L, 3L), .Dimnames = structure(list(
        c("-1", "-2", "-3", "0", "1", NA), c("A", "C", NA)), .Names = c("", 
    "")), class = "table"), LMmono04v2_SNP1 = structure(c(95L, 
    2L, 1L, 761L, 30L, 3L, 0L, 7L, 19L, 37L, 0L, 201L, 727L, 
    59L, 1L, 26L, 3L, 0L, 0L, 52L, 38L, 8L, 0L, 0L), .Dim = c(8L, 
    3L), .Dimnames = structure(list(c("-1", "-2", "-4", "0", 
    "1", "2", "3", NA), c("C", "T", NA)), .Names = c("", "")), class = "table"), 
    AKMmono01v2_SNP1 = structure(c(258L, 12L, 2001L, 33L, 20L, 
    6L, 1L, 66L, 3L, 0L), .Dim = c(5L, 2L), .Dimnames = structure(list(
        c("-1", "-2", "0", "1", NA), c("T", NA)), .Names = c("", 
    "")), class = "table"), AKMmono10v2_SNP1 = structure(c(44L, 
    508L, 6L, 1L, 2L, 20L, 0L, 0L), .Dim = c(4L, 2L), .Dimnames = structure(list(
        c("-1", "0", "1", NA), c("A", NA)), .Names = c("", ""
    )), class = "table"), AKMmono17v2_SNP1 = structure(c(0L, 
    0L, 13L, 0L, 0L, 15L, 1L, 343L, 3L, 4L, 1L, 0L, 10L, 0L, 
    0L), .Dim = c(5L, 3L), .Dimnames = structure(list(c("-1", 
    "-2", "0", "1", NA), c("A", "C", NA)), .Names = c("", "")), class = "table"), 
    EJmono13v2_SNP1 = structure(c(30L, 0L, 423L, 9L, 3L, 24L, 
    1L, 380L, 8L, 3L, 2L, 0L, 19L, 0L, 0L), .Dim = c(5L, 3L), .Dimnames = structure(list(
        c("-1", "-2", "0", "1", NA), c("A", "G", NA)), .Names = c("", 
    "")), class = "table"), EJmono21v2_SNP1 = structure(c(14L, 
    1L, 109L, 2L, 2L, 16L, 0L, 126L, 1L, 1L, 1L, 0L, 18L, 0L, 
    0L), .Dim = c(5L, 3L), .Dimnames = structure(list(c("-1", 
    "-2", "0", "1", NA), c("C", "T", NA)), .Names = c("", "")), class = "table"), 
    LMmono05v2_SNP1 = structure(c(0L, 0L, 3L, 0L, 0L, 0L, 92L, 
    4L, 802L, 21L, 1L, 4L, 0L, 0L, 21L, 0L, 0L, 0L), .Dim = c(6L, 
    3L), .Dimnames = structure(list(c("-1", "-2", "0", "1", "2", 
    NA), c("A", "T", NA)), .Names = c("", "")), class = "table"),