Result <-
list(AKMmono02_SNP1 = structure(c(0L, 0L, 0L, 0L, 1L, 0L, 0L, 
0L, 0L, 0L, 0L, 0L, 1L, 0L, 0L, 0L, 2128L, 190L, 8L, 2L, 8692L, 
233L, 2L, 324L, 21L, 5L, 0L, 0L, 148L, 0L, 0L, 0L), .Dim = c(8L, 
4L), .Dimnames = structure(list(c("-1", "-2", "-3", "-4", "0", 
"1", "2", NA), c("A", "C", "T", NA)), .Names = c("", "")), class = "table"), 
    AKMmono03_SNP1 = structure(c(0L, 0L, 0L, 0L, 0L, 0L, 3L, 
    0L, 0L, 0L, 2135L, 377L, 84L, 8L, 1L, 1L, 13844L, 267L, 12L, 
    190L, 0L, 0L, 0L, 0L, 0L, 0L, 1L, 0L, 0L, 0L, 1L, 0L, 0L, 
    0L, 0L, 0L, 3L, 0L, 0L, 0L, 0L, 0L, 0L, 0L, 0L, 0L, 1L, 0L, 
    0L, 0L, 123L, 7L, 1L, 0L, 0L, 0L, 1051L, 8L, 1L, 0L), .Dim = c(10L, 
    6L), .Dimnames = structure(list(c("-1", "-2", "-3", "-4", 
    "-5", "-6", "0", "1", "2", NA), c("-", "A", "C", "G", "T", 
    NA)), .Names = c("", "")), class = "table"), AKMmono05_SNP1 = structure(c(2790L, 
    1804L, 286L, 19L, 1L, 7316L, 325L, 3L, 288L, 0L, 0L, 0L, 
    0L, 0L, 2L, 0L, 0L, 0L, 1L, 1L, 0L, 0L, 0L, 1L, 0L, 0L, 0L, 
    0L, 0L, 0L, 0L, 0L, 2L, 0L, 0L, 0L, 134L, 54L, 5L, 0L, 0L, 
    732L, 27L, 0L, 0L), .Dim = c(9L, 5L), .Dimnames = structure(list(
        c("-1", "-2", "-3", "-4", "-5", "0", "1", "2", NA), c("A", 
        "C", "G", "T", NA)), .Names = c("", "")), class = "table"), 
    AKMmono11_SNP1 = structure(c(1L, 0L, 0L, 0L, 6L, 0L, 0L, 
    1L, 0L, 0L, 0L, 0L, 2L, 0L, 0L, 0L, 2739L, 4330L, 259L, 4L, 
    9311L, 233L, 4L, 562L, 423L, 173L, 3L, 0L, 1801L, 80L, 2L, 
    0L), .Dim = c(8L, 4L), .Dimnames = structure(list(c("-1", 
    "-2", "-3", "-4", "0", "1", "2", NA), c("A", "C", "T", NA
    )), .Names = c("", "")), class = "table"), AKMmono12_SNP1 = structure(c(0L, 
    0L, 0L, 0L, 4L, 1L, 0L, 1L, 5000L, 767L, 58L, 5L, 11418L, 
    300L, 9L, 213L, 0L, 0L, 0L, 0L, 1L, 0L, 0L, 0L, 1L, 0L, 0L, 
    0L, 3L, 1L, 0L, 0L, 117L, 17L, 1L, 0L, 960L, 9L, 1L, 0L), .Dim = c(8L, 
    5L), .Dimnames = structure(list(c("-1", "-2", "-3", "-4", 
    "0", "1", "2", NA), c("A", "C", "G", "T", NA)), .Names = c("", 
    "")), class = "table"), AKMmono13_SNP1 = structure(c(1689L, 
    750L, 17L, 1L, 7953L, 221L, 7L, 116L, 0L, 1L, 0L, 0L, 0L, 
    0L, 0L, 0L, 54L, 9L, 0L, 0L, 477L, 7L, 1L, 0L), .Dim = c(8L, 
    3L), .Dimnames = structure(list(c("-1", "-2", "-3", "-4", 
    "0", "1", "2", NA), c("A", "G", NA)), .Names = c("", "")), class = "table"), 
    AKMmono16_SNP1 = structure(c(2538L, 634L, 39L, 5292L, 87L, 
    3L, 98L, 0L, 0L, 0L, 1L, 0L, 0L, 0L, 0L, 0L, 0L, 1L, 0L, 
    0L, 0L, 0L, 0L, 0L, 2L, 0L, 0L, 0L, 35L, 12L, 0L, 298L, 6L, 
    0L, 0L), .Dim = c(7L, 5L), .Dimnames = structure(list(c("-1", 
    "-2", "-3", "0", "1", "2", NA), c("A", "C", "G", "T", NA)), .Names = c("", 
    "")), class = "table"), AKMmono22_SNP1 = structure(c(0L, 
    0L, 0L, 0L, 1L, 0L, 0L, 0L, 0L, 2105L, 526L, 71L, 6L, 7093L, 
    391L, 22L, 1L, 472L, 0L, 0L, 0L, 0L, 1L, 0L, 0L, 0L, 0L, 
    0L, 0L, 0L, 0L, 2L, 0L, 0L, 0L, 0L, 64L, 12L, 0L, 0L, 641L, 
    17L, 1L, 0L, 0L), .Dim = c(9L, 5L), .Dimnames = structure(list(
        c("-1", "-2", "-3", "-4", "0", "1", "2", "3", NA), c("-", 
        "A", "G", "T", NA)), .Names = c("", "")), class = "table"), 
    EJmono05_SNP1 = structure(c(1L, 0L, 0L, 2L, 0L, 0L, 0L, 0L, 
    0L, 0L, 2L, 0L, 0L, 0L, 2736L, 194L, 5L, 8106L, 191L, 2L, 
    97L, 36L, 3L, 0L, 281L, 8L, 0L, 0L), .Dim = c(7L, 4L), .Dimnames = structure(list(
        c("-1", "-2", "-3", "0", "1", "2", NA), c("A", "G", "T", 
        NA)), .Names = c("", "")), class = "table"), EJmono16_SNP1 = structure(c(797L, 
    2392L, 159L, 5L, 7L, 9755L, 559L, 20L, 648L, 0L, 1L, 0L, 
    0L, 0L, 0L, 0L, 0L, 0L, 0L, 1L, 0L, 0L, 0L, 0L, 1L, 0L, 0L, 
    6L, 19L, 1L, 0L, 0L, 101L, 5L, 0L, 0L), .Dim = c(9L, 4L), .Dimnames = structure(list(
        c("-1", "-2", "-3", "-4", "-5", "0", "1", "2", NA), c("A", 
        "G", "T", NA)), .Names = c("", "")), class = "table"), 
    LMmono01_SNP1 = structure(c(1037L, 70L, 2L, 3L, 2719L, 55L, 
    1L, 44L, 0L, 0L, 0L, 0L, 2L, 0L, 0L, 0L, 1L, 0L, 0L, 0L, 
    1L, 0L, 0L, 0L, 40L, 0L, 0L, 0L, 194L, 3L, 0L, 0L), .Dim = c(8L, 
    4L), .Dimnames = structure(list(c("-1", "-2", "-3", "-4", 
    "0", "1", "2", NA), c("A", "G", "T", NA)), .Names = c("", 
    "")), class = "table"), LMmono03_SNP1 = structure(c(0L, 0L, 
    0L, 0L, 0L, 0L, 0L, 1L, 0L, 2L, 0L, 0L, 3L, 0L, 0L, 1L, 1595L, 
    977L, 255L, 19L, 3839L, 138L, 6L, 259L, 0L, 0L, 0L, 0L, 1L, 
    0L, 0L, 0L, 42L, 22L, 6L, 0L, 268L, 4L, 0L, 0L), .Dim = c(8L, 
    5L), .Dimnames = structure(list(c("-1", "-2", "-3", "-4", 
    "0", "1", "2", NA), c("-", "A", "C", "T", NA)), .Names = c("", 
    "")), class = "table"), LMmono09_SNP1 = structure(c(0L, 0L, 
    0L, 0L, 0L, 1L, 0L, 0L, 0L, 0L, 0L, 0L, 1L, 0L, 1L, 0L, 0L, 
    0L, 3324L, 875L, 2846L, 61L, 3L, 9533L, 395L, 10L, 617L, 
    39L, 6L, 0L, 0L, 0L, 104L, 1L, 0L, 0L), .Dim = c(9L, 4L), .Dimnames = structure(list(
        c("-1", "-2", "-3", "-4", "-5", "0", "1", "2", NA), c("A", 
        "C", "T", NA)), .Names = c("", "")), class = "table"), 
    LMmono12_SNP1 = structure(c(1777L, 224L, 33L, 5L, 4L, 6647L, 
    487L, 26L, 2L, 307L, 2L, 0L, 0L, 0L, 0L, 0L, 0L, 0L, 0L, 
    1L, 19L, 1L, 0L, 0L, 0L, 234L, 5L, 0L, 0L, 0L), .Dim = c(10L, 
    3L), .Dimnames = structure(list(c("-1", "-2", "-3", "-4", 
    "-5", "0", "1", "2", "3", NA), c("A", "G", NA)), .Names = c("", 
    "")), class = "table"), LMmono16_SNP1 = structure(c(2074L, 
    1626L, 345L, 243L, 33L, 2L, 7129L, 392L, 20L, 1162L, 4L, 
    254L, 9L, 2L, 545L, 0L, 0L, 0L, 0L, 0L, 0L, 1L, 0L, 0L, 0L, 
    0L, 0L, 0L, 0L, 0L, 94L, 58L, 15L, 7L, 1L, 0L, 1087L, 12L, 
    3L, 74L, 0L, 27L, 2L, 0L, 0L), .Dim = c(15L, 3L), .Dimnames = structure(list(
        c("-1", "-2", "-3", "-4", "-5", "-6", "0", "1", "2", 
        "3", "4", "5", "6", "7", NA), c("A", "T", NA)), .Names = c("", 
    "")), class = "table"), MSJmono10_SNP1 = structure(c(0L, 
    0L, 0L, 2L, 0L, 0L, 0L, 4444L, 336L, 8L, 7166L, 269L, 6L, 
    96L, 0L, 0L, 0L, 1L, 0L, 0L, 0L, 1L, 0L, 0L, 0L, 0L, 0L, 
    0L, 93L, 8L, 0L, 384L, 11L, 1L, 0L), .Dim = c(7L, 5L), .Dimnames = structure(list(
        c("-1", "-2", "-3", "0", "1", "2", NA), c("A", "C", "G", 
        "T", NA)), .Names = c("", "")), class = "table"), MSJmono19ms1_SNP1 = structure(c(0L, 
    0L, 0L, 0L, 1L, 0L, 0L, 0L, 1778L, 123L, 14L, 5L, 10408L, 
    303L, 7L, 329L, 1L, 0L, 0L, 0L, 17L, 0L, 0L, 1L, 0L, 0L, 
    0L, 0L, 4L, 0L, 0L, 0L, 2L, 0L, 0L, 0L, 6L, 0L, 0L, 0L, 140L, 
    6L, 0L, 0L, 1151L, 34L, 0L, 0L), .Dim = c(8L, 6L), .Dimnames = structure(list(
        c("-1", "-2", "-3", "-4", "0", "1", "2", NA), c("-", 
        "A", "C", "G", "T", NA)), .Names = c("", "")), class = "table"), 
    MSJmono19ms2_SNP1 = structure(c(0L, 0L, 2L, 0L, 0L, 0L, 862L, 
    15L, 11413L, 158L, 4L, 160L, 4L, 1L, 838L, 4L, 0L, 0L), .Dim = c(6L, 
    3L), .Dimnames = structure(list(c("-1", "-2", "0", "1", "2", 
    NA), c("A", "C", NA)), .Names = c("", "")), class = "table"), 
    MSJmono36_SNP1 = structure(c(0L, 0L, 0L, 0L, 1L, 0L, 0L, 
    0L, 2L, 0L, 0L, 0L, 1L, 0L, 0L, 0L, 5035L, 578L, 17L, 3L, 
    2920L, 86L, 3L, 671L, 37L, 5L, 0L, 0L, 101L, 0L, 0L, 0L), .Dim = c(8L, 
    4L), .Dimnames = structure(list(c("-1", "-2", "-3", "-4", 
    "0", "1", "2", NA), c("A", "C", "G", NA)), .Names = c("", 
    "")), class = "table"), MSJmono44_SNP1 = structure(c(7L, 
    0L, 0L, 7L, 1L, 1L, 2L, 0L, 0L, 0L, 0L, 0L, 1157L, 53L, 1L, 
    2L, 1L, 2574L, 1245L, 40L, 2L, 1L, 3L, 252L, 7L, 2L, 0L, 
    0L, 0L, 51L, 15L, 0L, 0L, 0L, 0L, 0L), .Dim = c(12L, 3L), .Dimnames = structure(list(
        c("-1", "-2", "-3", "-4", "-5", "0", "1", "2", "3", "4", 
        "7", NA), c("-", "T", NA)), .Names = c("", "")), class = "table"), 
    MSJmono46_SNP1 = structure(c(1474L, 312L, 41L, 1L, 3396L, 
    200L, 9L, 158L, 0L, 0L, 0L, 0L, 3L, 0L, 0L, 0L, 26L, 6L, 
    0L, 0L, 136L, 1L, 0L, 0L), .Dim = c(8L, 3L), .Dimnames = structure(list(
        c("-1", "-2", "-3", "-4", "0", "1", "2", NA), c("C", 
        "T", NA)), .Names = c("", "")), class = "table"),