Result <-
list(AKMmono02_SNP1 = structure(c(0L, 0L, 0L, 1L, 0L, 0L, 0L, 
0L, 0L, 0L, 2L, 0L, 0L, 0L, 0L, 0L, 0L, 1L, 0L, 0L, 0L, 443L, 
15L, 2L, 5225L, 129L, 2L, 89L, 6L, 0L, 0L, 178L, 3L, 0L, 0L), .Dim = c(7L, 
5L), .Dimnames = structure(list(c("-1", "-2", "-3", "0", "1", 
"2", NA), c("A", "C", "G", "T", NA)), .Names = c("", "")), class = "table"), 
    AKMmono03_SNP1 = structure(c(0L, 0L, 0L, 0L, 1L, 0L, 0L, 
    0L, 0L, 1146L, 162L, 80L, 7L, 10667L, 204L, 8L, 1L, 153L, 
    0L, 0L, 0L, 0L, 4L, 0L, 0L, 0L, 1L, 0L, 0L, 0L, 0L, 1L, 0L, 
    0L, 0L, 0L, 0L, 1L, 0L, 0L, 1L, 0L, 0L, 0L, 0L, 63L, 9L, 
    4L, 1L, 994L, 10L, 0L, 0L, 0L), .Dim = c(9L, 6L), .Dimnames = structure(list(
        c("-1", "-2", "-3", "-4", "0", "1", "2", "3", NA), c("-", 
        "A", "C", "G", "T", NA)), .Names = c("", "")), class = "table"), 
    AKMmono05_SNP1 = structure(c(963L, 109L, 21L, 4L, 6538L, 
    253L, 5L, 1L, 143L, 0L, 0L, 0L, 0L, 4L, 0L, 0L, 0L, 1L, 2L, 
    0L, 0L, 0L, 1L, 0L, 0L, 0L, 0L, 0L, 0L, 0L, 0L, 6L, 0L, 0L, 
    0L, 0L, 49L, 6L, 0L, 0L, 712L, 21L, 1L, 0L, 0L), .Dim = c(9L, 
    5L), .Dimnames = structure(list(c("-1", "-2", "-3", "-4", 
    "0", "1", "2", "3", NA), c("A", "C", "G", "T", NA)), .Names = c("", 
    "")), class = "table"), AKMmono11_SNP1 = structure(c(0L, 
    0L, 0L, 1L, 0L, 0L, 0L, 0L, 0L, 0L, 0L, 3L, 0L, 0L, 0L, 0L, 
    0L, 0L, 0L, 1L, 0L, 0L, 0L, 0L, 0L, 0L, 0L, 1L, 0L, 0L, 0L, 
    0L, 594L, 40L, 2L, 6031L, 98L, 1L, 1L, 143L, 78L, 2L, 0L, 
    950L, 22L, 0L, 0L, 0L), .Dim = c(8L, 6L), .Dimnames = structure(list(
        c("-1", "-2", "-3", "0", "1", "2", "3", NA), c("-", "A", 
        "C", "G", "T", NA)), .Names = c("", "")), class = "table"), 
    AKMmono12_SNP1 = structure(c(0L, 0L, 0L, 0L, 1L, 0L, 0L, 
    0L, 0L, 914L, 87L, 6L, 1L, 6450L, 176L, 4L, 2L, 96L, 0L, 
    0L, 0L, 0L, 1L, 0L, 0L, 0L, 0L, 29L, 3L, 0L, 0L, 474L, 5L, 
    0L, 0L, 0L), .Dim = c(9L, 4L), .Dimnames = structure(list(
        c("-1", "-2", "-3", "-5", "0", "1", "2", "3", NA), c("A", 
        "C", "T", NA)), .Names = c("", "")), class = "table"), 
    AKMmono13_SNP1 = structure(c(621L, 22L, 4L, 10556L, 268L, 
    4L, 116L, 0L, 0L, 0L, 1L, 0L, 0L, 0L, 0L, 0L, 0L, 1L, 0L, 
    0L, 0L, 0L, 0L, 0L, 2L, 0L, 0L, 0L, 27L, 1L, 0L, 701L, 14L, 
    0L, 0L), .Dim = c(7L, 5L), .Dimnames = structure(list(c("-1", 
    "-2", "-3", "0", "1", "2", NA), c("A", "C", "G", "T", NA)), .Names = c("", 
    "")), class = "table"), AKMmono16_SNP1 = structure(c(548L, 
    39L, 2L, 1L, 6247L, 99L, 5L, 1L, 77L, 1L, 0L, 0L, 0L, 2L, 
    0L, 0L, 0L, 0L, 0L, 0L, 0L, 0L, 1L, 0L, 0L, 0L, 0L, 19L, 
    0L, 0L, 0L, 431L, 9L, 0L, 0L, 0L), .Dim = c(9L, 4L), .Dimnames = structure(list(
        c("-1", "-2", "-3", "-4", "0", "1", "2", "3", NA), c("A", 
        "C", "T", NA)), .Names = c("", "")), class = "table"), 
    AKMmono22_SNP1 = structure(c(655L, 129L, 13L, 1L, 1L, 4952L, 
    225L, 7L, 1L, 325L, 0L, 0L, 0L, 0L, 0L, 1L, 0L, 0L, 0L, 0L, 
    0L, 0L, 0L, 0L, 0L, 1L, 0L, 0L, 0L, 0L, 0L, 0L, 0L, 0L, 0L, 
    1L, 0L, 0L, 0L, 0L, 29L, 6L, 0L, 0L, 0L, 548L, 12L, 0L, 0L, 
    0L), .Dim = c(10L, 5L), .Dimnames = structure(list(c("-1", 
    "-2", "-3", "-4", "-5", "0", "1", "2", "4", NA), c("A", "C", 
    "G", "T", NA)), .Names = c("", "")), class = "table"), EJmono05_SNP1 = structure(c(0L, 
    0L, 0L, 2L, 0L, 0L, 0L, 646L, 51L, 1L, 6102L, 126L, 2L, 98L, 
    16L, 2L, 0L, 278L, 2L, 0L, 0L), .Dim = c(7L, 3L), .Dimnames = structure(list(
        c("-1", "-2", "-3", "0", "1", "2", NA), c("A", "T", NA
        )), .Names = c("", "")), class = "table"), EJmono16_SNP1 = structure(c(278L, 
    15L, 1L, 5507L, 192L, 11L, 1L, 343L, 6L, 0L, 0L, 119L, 3L, 
    0L, 0L, 0L), .Dim = c(8L, 2L), .Dimnames = structure(list(
        c("-1", "-2", "-3", "0", "1", "2", "3", NA), c("A", NA
        )), .Names = c("", "")), class = "table"), LMmono01_SNP1 = structure(c(308L, 
    14L, 3738L, 65L, 2L, 63L, 0L, 0L, 1L, 0L, 0L, 0L, 0L, 0L, 
    1L, 0L, 0L, 0L, 0L, 0L, 2L, 0L, 0L, 0L, 9L, 1L, 291L, 7L, 
    0L, 0L), .Dim = 6:5, .Dimnames = structure(list(c("-1", "-2", 
    "0", "1", "2", NA), c("A", "C", "G", "T", NA)), .Names = c("", 
    "")), class = "table"), LMmono03_SNP1 = structure(c(0L, 0L, 
    0L, 3L, 0L, 0L, 0L, 726L, 108L, 10L, 3335L, 115L, 2L, 119L, 
    0L, 0L, 0L, 3L, 0L, 0L, 1L, 19L, 3L, 1L, 515L, 6L, 0L, 0L
    ), .Dim = c(7L, 4L), .Dimnames = structure(list(c("-1", "-2", 
    "-3", "0", "1", "2", NA), c("A", "C", "T", NA)), .Names = c("", 
    "")), class = "table"), LMmono09_SNP1 = structure(c(892L, 
    51L, 7L, 7612L, 226L, 3L, 190L, 0L, 0L, 0L, 126L, 0L, 0L, 
    0L), .Dim = c(7L, 2L), .Dimnames = structure(list(c("-1", 
    "-2", "-4", "0", "1", "2", NA), c("T", NA)), .Names = c("", 
    "")), class = "table"), LMmono12_SNP1 = structure(c(632L, 
    47L, 3L, 3781L, 299L, 11L, 133L, 0L, 0L, 0L, 1L, 0L, 0L, 
    0L, 0L, 0L, 0L, 2L, 0L, 0L, 0L, 36L, 2L, 0L, 403L, 4L, 1L, 
    0L), .Dim = c(7L, 4L), .Dimnames = structure(list(c("-1", 
    "-2", "-3", "0", "1", "2", NA), c("A", "G", "T", NA)), .Names = c("", 
    "")), class = "table"), LMmono16_SNP1 = structure(c(836L, 
    68L, 1L, 6226L, 263L, 13L, 541L, 2L, 256L, 15L, 483L, 0L, 
    1L, 0L, 0L, 0L, 0L, 0L, 0L, 0L, 0L, 0L, 0L, 0L, 0L, 1L, 0L, 
    0L, 0L, 0L, 0L, 0L, 0L, 19L, 1L, 0L, 1040L, 9L, 1L, 37L, 
    0L, 17L, 0L, 0L), .Dim = c(11L, 4L), .Dimnames = structure(list(
        c("-1", "-2", "-3", "0", "1", "2", "3", "4", "5", "6", 
        NA), c("A", "G", "T", NA)), .Names = c("", "")), class = "table"), 
    MSJmono10_SNP1 = structure(c(0L, 0L, 1L, 0L, 0L, 1L, 425L, 
    21L, 7849L, 229L, 6L, 60L, 20L, 1L, 508L, 16L, 0L, 0L), .Dim = c(6L, 
    3L), .Dimnames = structure(list(c("-1", "-2", "0", "1", "2", 
    NA), c("A", "C", NA)), .Names = c("", "")), class = "table"), 
    MSJmono19ms1_SNP1 = structure(c(0L, 0L, 0L, 0L, 1L, 0L, 0L, 
    0L, 0L, 271L, 16L, 3L, 1L, 7636L, 131L, 2L, 1L, 324L, 0L, 
    0L, 0L, 0L, 20L, 0L, 0L, 0L, 0L, 0L, 0L, 0L, 0L, 1L, 0L, 
    0L, 0L, 0L, 0L, 0L, 0L, 0L, 1L, 0L, 0L, 0L, 3L, 22L, 0L, 
    0L, 0L, 1144L, 28L, 0L, 0L, 0L), .Dim = c(9L, 6L), .Dimnames = structure(list(
        c("-1", "-2", "-3", "-4", "0", "1", "2", "3", NA), c("-", 
        "A", "C", "G", "T", NA)), .Names = c("", "")), class = "table"), 
    MSJmono19ms2_SNP1 = structure(c(366L, 9L, 7823L, 86L, 2L, 
    85L, 0L, 0L, 1L, 0L, 0L, 0L, 3L, 0L, 663L, 0L, 0L, 0L), .Dim = c(6L, 
    3L), .Dimnames = structure(list(c("-1", "-2", "0", "1", "2", 
    NA), c("C", "G", NA)), .Names = c("", "")), class = "table"), 
    MSJmono36_SNP1 = structure(c(0L, 0L, 0L, 6L, 1L, 0L, 0L, 
    0L, 0L, 470L, 15L, 3L, 6881L, 159L, 2L, 1L, 1L, 160L, 5L, 
    0L, 0L, 226L, 0L, 0L, 0L, 0L, 0L), .Dim = c(9L, 3L), .Dimnames = structure(list(
        c("-1", "-2", "-3", "0", "1", "2", "3", "7", NA), c("A", 
        "G", NA)), .Names = c("", "")), class = "table"), MSJmono44_SNP1 = structure(c(2L, 
    8L, 2L, 0L, 0L, 0L, 202L, 21L, 3466L, 53L, 2L, 20L, 1L, 1L, 
    154L, 2L, 0L, 0L), .Dim = c(6L, 3L), .Dimnames = structure(list(
        c("-1", "-2", "0", "1", "2", NA), c("-", "T", NA)), .Names = c("", 
    "")), class = "table"), MSJmono46_SNP1 = structure(c(1L, 
    0L, 0L, 0L, 0L, 0L, 0L, 0L, 0L, 468L, 41L, 5L, 1L, 2392L, 
    149L, 4L, 0L, 74L, 0L, 0L, 0L, 0L, 1L, 0L, 0L, 0L, 0L, 58L, 
    2L, 0L, 0L, 698L, 36L, 1L, 1L, 0L), .Dim = c(9L, 4L), .Dimnames = structure(list(
        c("-1", "-2", "-3", "-5", "0", "1", "2", "3", NA), c("A", 
        "C", "T", NA)), .Names = c("", "")), class = "table"), 
    LMmono04v2_SNP1 = structure(c(479L, 22L, 1L, 1L, 4450L, 148L, 
    6L, 1L, 34L, 0L, 0L, 0L, 0L, 3L, 0L, 0L, 0L, 0L, 15L, 0L, 
    0L, 0L, 228L, 8L, 0L, 0L, 0L), .Dim = c(9L, 3L), .Dimnames = structure(list(
        c("-1", "-2", "-3", "-5", "0", "1", "2", "3", NA), c("C", 
        "T", NA)), .Names = c("", "")), class = "table"),