Result <-
list(AKMmono02_SNP1 = structure(c(0L, 0L, 0L, 1L, 0L, 0L, 1595L, 
153L, 9L, 3028L, 54L, 207L, 24L, 1L, 0L, 57L, 0L, 0L), .Dim = c(6L, 
3L), .Dimnames = structure(list(c("-1", "-2", "-3", "0", "1", 
NA), c("A", "T", NA)), .Names = c("", "")), class = "table"), 
    AKMmono03_SNP1 = structure(c(2190L, 372L, 2897L, 136L, 2L, 
    2846L, 46L, 1L, 270L, 0L, 0L, 1L, 1L, 0L, 0L, 0L, 0L, 0L, 
    113L, 17L, 40L, 3L, 0L, 229L, 3L, 0L, 0L), .Dim = c(9L, 3L
    ), .Dimnames = structure(list(c("-1", "-2", "-3", "-4", "-5", 
    "0", "1", "2", NA), c("A", "G", NA)), .Names = c("", "")), class = "table"), 
    AKMmono05_SNP1 = structure(c(1079L, 135L, 16L, 4L, 5119L, 
    204L, 4L, 102L, 0L, 0L, 0L, 0L, 1L, 0L, 0L, 0L, 0L, 0L, 0L, 
    0L, 2L, 0L, 0L, 0L, 65L, 6L, 0L, 0L, 543L, 27L, 0L, 0L), .Dim = c(8L, 
    4L), .Dimnames = structure(list(c("-1", "-2", "-3", "-4", 
    "0", "1", "2", NA), c("A", "C", "G", NA)), .Names = c("", 
    "")), class = "table"), AKMmono11_SNP1 = structure(c(0L, 
    0L, 0L, 1L, 0L, 0L, 0L, 2159L, 203L, 10L, 4141L, 71L, 3L, 
    273L, 312L, 6L, 0L, 878L, 29L, 0L, 0L), .Dim = c(7L, 3L), .Dimnames = structure(list(
        c("-1", "-2", "-3", "0", "1", "2", NA), c("A", "T", NA
        )), .Names = c("", "")), class = "table"), AKMmono12_SNP1 = structure(c(2065L, 
    2363L, 122L, 6L, 2516L, 71L, 157L, 1L, 1L, 0L, 0L, 0L, 0L, 
    0L, 1L, 2L, 0L, 0L, 0L, 0L, 0L, 53L, 53L, 0L, 0L, 235L, 5L, 
    0L), .Dim = c(7L, 4L), .Dimnames = structure(list(c("-1", 
    "-2", "-3", "-4", "0", "1", NA), c("C", "G", "T", NA)), .Names = c("", 
    "")), class = "table"), AKMmono13_SNP1 = structure(c(3143L, 
    341L, 12L, 1L, 5326L, 121L, 4L, 170L, 1L, 0L, 0L, 0L, 0L, 
    0L, 0L, 0L, 92L, 5L, 0L, 0L, 338L, 4L, 0L, 0L), .Dim = c(8L, 
    3L), .Dimnames = structure(list(c("-1", "-2", "-3", "-4", 
    "0", "1", "2", NA), c("A", "T", NA)), .Names = c("", "")), class = "table"), 
    AKMmono16_SNP1 = structure(c(407L, 1434L, 64L, 1L, 3357L, 
    64L, 44L, 0L, 0L, 1L, 0L, 1L, 0L, 0L, 1L, 0L, 0L, 0L, 1L, 
    0L, 0L, 10L, 22L, 1L, 0L, 212L, 9L, 0L), .Dim = c(7L, 4L), .Dimnames = structure(list(
        c("-1", "-2", "-3", "-4", "0", "1", NA), c("A", "C", 
        "T", NA)), .Names = c("", "")), class = "table"), AKMmono22_SNP1 = structure(c(1756L, 
    439L, 37L, 4L, 1L, 3331L, 171L, 5L, 335L, 1L, 0L, 0L, 0L, 
    0L, 1L, 0L, 0L, 0L, 1L, 0L, 0L, 0L, 0L, 0L, 0L, 0L, 0L, 70L, 
    9L, 0L, 0L, 0L, 322L, 3L, 0L, 0L), .Dim = c(9L, 4L), .Dimnames = structure(list(
        c("-1", "-2", "-3", "-4", "-5", "0", "1", "2", NA), c("A", 
        "G", "T", NA)), .Names = c("", "")), class = "table"), 
    EJmono05_SNP1 = structure(c(1L, 0L, 0L, 0L, 0L, 0L, 0L, 0L, 
    0L, 0L, 1L, 0L, 0L, 0L, 0L, 0L, 0L, 1L, 0L, 0L, 0L, 1649L, 
    143L, 3L, 3094L, 97L, 1L, 54L, 26L, 3L, 0L, 117L, 1L, 1L, 
    0L), .Dim = c(7L, 5L), .Dimnames = structure(list(c("-1", 
    "-2", "-3", "0", "1", "2", NA), c("-", "A", "G", "T", NA)), .Names = c("", 
    "")), class = "table"), EJmono16_SNP1 = structure(c(958L, 
    64L, 1L, 6207L, 345L, 11L, 1L, 343L, 5L, 1L, 0L, 68L, 2L, 
    0L, 0L, 0L), .Dim = c(8L, 2L), .Dimnames = structure(list(
        c("-1", "-2", "-3", "0", "1", "2", "3", NA), c("A", NA
        )), .Names = c("", "")), class = "table"), LMmono01_SNP1 = structure(c(1746L, 
    1866L, 72L, 1907L, 25L, 102L, 0L, 0L, 0L, 1L, 0L, 0L, 0L, 
    1L, 0L, 1L, 0L, 0L, 54L, 35L, 1L, 118L, 2L, 0L), .Dim = c(6L, 
    4L), .Dimnames = structure(list(c("-1", "-2", "-3", "0", 
    "1", NA), c("A", "C", "T", NA)), .Names = c("", "")), class = "table"), 
    LMmono03_SNP1 = structure(c(0L, 2L, 0L, 0L, 0L, 0L, 0L, 0L, 
    0L, 677L, 654L, 463L, 100L, 2L, 1605L, 55L, 2L, 153L, 0L, 
    0L, 0L, 0L, 0L, 1L, 0L, 0L, 0L, 9L, 14L, 7L, 0L, 0L, 106L, 
    1L, 0L, 0L), .Dim = c(9L, 4L), .Dimnames = structure(list(
        c("-1", "-2", "-3", "-4", "-5", "0", "1", "2", NA), c("A", 
        "C", "G", NA)), .Names = c("", "")), class = "table"), 
    LMmono09_SNP1 = structure(c(5452L, 1010L, 138L, 6L, 1L, 2425L, 
    100L, 2L, 558L, 54L, 7L, 3L, 0L, 0L, 43L, 2L, 0L, 0L), .Dim = c(9L, 
    2L), .Dimnames = structure(list(c("-1", "-2", "-3", "-4", 
    "-5", "0", "1", "2", NA), c("T", NA)), .Names = c("", "")), class = "table"), 
    LMmono12_SNP1 = structure(c(1672L, 363L, 48L, 2613L, 163L, 
    3L, 234L, 13L, 1L, 0L, 76L, 1L, 0L, 0L), .Dim = c(7L, 2L), .Dimnames = structure(list(
        c("-1", "-2", "-3", "0", "1", "2", NA), c("A", NA)), .Names = c("", 
    "")), class = "table"), LMmono16_SNP1 = structure(c(1480L, 
    298L, 21L, 4L, 1968L, 129L, 2L, 1340L, 1L, 42L, 3L, 1L, 385L, 
    0L, 0L, 0L, 0L, 1L, 0L, 0L, 0L, 0L, 0L, 0L, 0L, 0L, 65L, 
    10L, 1L, 0L, 313L, 2L, 0L, 52L, 0L, 8L, 0L, 0L, 0L), .Dim = c(13L, 
    3L), .Dimnames = structure(list(c("-1", "-2", "-3", "-4", 
    "0", "1", "2", "3", "4", "5", "6", "7", NA), c("A", "G", 
    NA)), .Names = c("", "")), class = "table"), MSJmono10_SNP1 = structure(c(1L, 
    0L, 0L, 0L, 2L, 0L, 0L, 0L, 618L, 27L, 1L, 1L, 4631L, 151L, 
    6L, 27L, 0L, 0L, 0L, 0L, 1L, 0L, 0L, 0L, 16L, 2L, 0L, 0L, 
    264L, 15L, 0L, 0L), .Dim = c(8L, 4L), .Dimnames = structure(list(
        c("-1", "-2", "-3", "-4", "0", "1", "2", NA), c("A", 
        "C", "T", NA)), .Names = c("", "")), class = "table"), 
    MSJmono19ms1_SNP1 = structure(c(408L, 17L, 20L, 5993L, 170L, 
    4L, 4L, 137L, 0L, 0L, 0L, 6L, 1L, 0L, 0L, 0L, 0L, 0L, 0L, 
    1L, 0L, 0L, 0L, 0L, 1L, 0L, 0L, 5L, 0L, 0L, 0L, 0L, 34L, 
    2L, 1L, 634L, 19L, 0L, 0L, 0L), .Dim = c(8L, 5L), .Dimnames = structure(list(
        c("-1", "-2", "-3", "0", "1", "2", "5", NA), c("A", "C", 
        "G", "T", NA)), .Names = c("", "")), class = "table"), 
    MSJmono19ms2_SNP1 = structure(c(1840L, 47L, 3863L, 48L, 262L, 
    17L, 0L, 363L, 0L, 0L), .Dim = c(5L, 2L), .Dimnames = structure(list(
        c("-1", "-2", "0", "1", NA), c("C", NA)), .Names = c("", 
    "")), class = "table"), MSJmono36_SNP1 = structure(c(1L, 
    0L, 0L, 5L, 0L, 0L, 0L, 0L, 0L, 0L, 3L, 0L, 0L, 0L, 316L, 
    1616L, 70L, 3931L, 117L, 4L, 241L, 0L, 0L, 0L, 0L, 0L, 0L, 
    1L, 3L, 17L, 1L, 120L, 5L, 0L, 0L), .Dim = c(7L, 5L), .Dimnames = structure(list(
        c("-1", "-2", "-3", "0", "1", "2", NA), c("-", "A", "G", 
        "T", NA)), .Names = c("", "")), class = "table"), MSJmono44_SNP1 = structure(c(0L, 
    0L, 0L, 23L, 0L, 0L, 0L, 0L, 0L, 1L, 0L, 0L, 1594L, 71L, 
    3L, 2358L, 43L, 38L, 11L, 1L, 0L, 60L, 1L, 0L), .Dim = c(6L, 
    4L), .Dimnames = structure(list(c("-1", "-2", "-3", "0", 
    "1", NA), c("-", "C", "T", NA)), .Names = c("", "")), class = "table"), 
    MSJmono46_SNP1 = structure(c(412L, 1015L, 110L, 6L, 979L, 
    61L, 2L, 123L, 4L, 9L, 3L, 0L, 47L, 1L, 0L, 0L), .Dim = c(8L, 
    2L), .Dimnames = structure(list(c("-1", "-2", "-3", "-4", 
    "0", "1", "2", NA), c("C", NA)), .Names = c("", "")), class = "table"), 
    LMmono04v2_SNP1 = structure(c(1L, 0L, 0L, 1L, 0L, 0L, 0L, 
    938L, 84L, 3L, 3147L, 137L, 4L, 41L, 0L, 0L, 0L, 1L, 0L, 
    0L, 0L, 19L, 1L, 0L, 180L, 8L, 0L, 0L), .Dim = c(7L, 4L), .Dimnames = structure(list(
        c("-1", "-2", "-3", "0", "1", "2", NA), c("A", "C", "G", 
        NA)), .Names = c("", "")), class = "table"), AKMmono01v2_SNP1 = structure(c(0L, 
    0L, 0L, 1L, 0L, 0L, 0L, 1L, 0L, 0L, 1L, 0L, 0L, 0L, 0L, 0L, 
    0L, 1L, 0L, 0L, 0L, 505L, 31L, 2L, 3707L, 43L, 2L, 48L, 12L, 
    0L, 0L, 166L, 2L, 0L, 0L), .Dim = c(7L, 5L), .Dimnames = structure(list(
        c("-1", "-2", "-3", "0", "1", "2", NA), c("-", "C", "G", 
        "T", NA)), .Names = c("", "")), class = "table"), AKMmono10v2_SNP1 = structure(c(1155L, 
    34L, 2265L, 36L, 1L, 44L, 1L, 0L, 0L, 0L, 0L, 0L, 6L, 0L, 
    90L, 0L, 0L, 0L), .Dim = c(6L, 3L), .Dimnames = structure(list(
        c("-1", "-2", "0", "1", "2", NA), c("A", "G", NA)), .Names = c("", 
    "")), class = "table"), AKMmono17v2_SNP1 = structure(c(1L, 
    0L, 0L, 4L, 1L, 0L, 0L, 460L, 15L, 1L, 517L, 233L, 10L, 54L, 
    4L, 0L, 0L, 28L, 11L, 1L, 0L), .Dim = c(7L, 3L),