Result <-
list(AKMmono02_SNP1 = structure(c(308L, 11L, 1L, 3445L, 67L, 
72L, 7L, 1L, 0L, 59L, 0L, 0L), .Dim = c(6L, 2L), .Dimnames = structure(list(
    c("-1", "-2", "-3", "0", "1", NA), c("T", NA)), .Names = c("", 
"")), class = "table"), AKMmono03_SNP1 = structure(c(1131L, 154L, 
30L, 2L, 9272L, 152L, 3L, 118L, 0L, 0L, 0L, 0L, 3L, 0L, 0L, 0L, 
0L, 0L, 0L, 0L, 2L, 0L, 0L, 0L, 56L, 5L, 0L, 0L, 723L, 3L, 0L, 
0L), .Dim = c(8L, 4L), .Dimnames = structure(list(c("-1", "-2", 
"-3", "-4", "0", "1", "2", NA), c("A", "C", "G", NA)), .Names = c("", 
"")), class = "table"), AKMmono05_SNP1 = structure(c(787L, 112L, 
22L, 3L, 5045L, 211L, 5L, 97L, 0L, 0L, 0L, 0L, 2L, 0L, 0L, 0L, 
0L, 0L, 0L, 0L, 1L, 0L, 0L, 0L, 36L, 4L, 0L, 0L, 480L, 13L, 0L, 
0L), .Dim = c(8L, 4L), .Dimnames = structure(list(c("-1", "-2", 
"-3", "-4", "0", "1", "2", NA), c("A", "C", "G", NA)), .Names = c("", 
"")), class = "table"), AKMmono11_SNP1 = structure(c(0L, 0L, 
0L, 3L, 0L, 0L, 0L, 1367L, 93L, 3L, 11070L, 176L, 4L, 185L, 216L, 
8L, 0L, 2118L, 49L, 0L, 0L), .Dim = c(7L, 3L), .Dimnames = structure(list(
    c("-1", "-2", "-3", "0", "1", "2", NA), c("A", "T", NA)), .Names = c("", 
"")), class = "table"), AKMmono12_SNP1 = structure(c(0L, 0L, 
0L, 2L, 0L, 0L, 0L, 1067L, 111L, 3L, 7424L, 210L, 8L, 48L, 0L, 
0L, 0L, 1L, 0L, 0L, 0L, 23L, 1L, 0L, 677L, 6L, 1L, 0L), .Dim = c(7L, 
4L), .Dimnames = structure(list(c("-1", "-2", "-3", "0", "1", 
"2", NA), c("A", "C", "T", NA)), .Names = c("", "")), class = "table"), 
    AKMmono13_SNP1 = structure(c(374L, 19L, 2L, 5588L, 108L, 
    3L, 33L, 0L, 0L, 0L, 1L, 0L, 0L, 0L, 14L, 0L, 0L, 351L, 4L, 
    0L, 0L), .Dim = c(7L, 3L), .Dimnames = structure(list(c("-1", 
    "-2", "-3", "0", "1", "2", NA), c("A", "G", NA)), .Names = c("", 
    "")), class = "table"), AKMmono16_SNP1 = structure(c(456L, 
    28L, 4377L, 85L, 1L, 31L, 0L, 0L, 2L, 0L, 0L, 0L, 12L, 0L, 
    257L, 6L, 0L, 0L), .Dim = c(6L, 3L), .Dimnames = structure(list(
        c("-1", "-2", "0", "1", "2", NA), c("A", "T", NA)), .Names = c("", 
    "")), class = "table"), AKMmono22_SNP1 = structure(c(357L, 
    75L, 6L, 2712L, 129L, 8L, 117L, 17L, 3L, 0L, 287L, 6L, 0L, 
    0L), .Dim = c(7L, 2L), .Dimnames = structure(list(c("-1", 
    "-2", "-3", "0", "1", "2", NA), c("A", NA)), .Names = c("", 
    "")), class = "table"), EJmono05_SNP1 = structure(c(0L, 0L, 
    1L, 0L, 0L, 365L, 41L, 3177L, 45L, 21L, 5L, 0L, 119L, 3L, 
    0L), .Dim = c(5L, 3L), .Dimnames = structure(list(c("-1", 
    "-2", "0", "1", NA), c("A", "T", NA)), .Names = c("", "")), class = "table"), 
    EJmono16_SNP1 = structure(c(270L, 10L, 1L, 1L, 4109L, 174L, 
    6L, 1L, 138L, 3L, 0L, 0L, 0L, 49L, 2L, 0L, 0L, 0L), .Dim = c(9L, 
    2L), .Dimnames = structure(list(c("-1", "-2", "-3", "-4", 
    "0", "1", "2", "3", NA), c("A", NA)), .Names = c("", "")), class = "table"), 
    LMmono01_SNP1 = structure(c(469L, 20L, 0L, 3958L, 71L, 1L, 
    27L, 1L, 0L, 11L, 0L, 0L, 0L, 0L, 0L, 0L, 0L, 1L, 0L, 0L, 
    0L, 14L, 2L, 1L, 271L, 7L, 0L, 0L), .Dim = c(7L, 4L), .Dimnames = structure(list(
        c("-1", "-2", "-4", "0", "1", "2", NA), c("A", "G", "T", 
        NA)), .Names = c("", "")), class = "table"), LMmono03_SNP1 = structure(c(0L, 
    0L, 0L, 1L, 0L, 0L, 0L, 534L, 91L, 8L, 2365L, 82L, 2L, 75L, 
    0L, 0L, 0L, 1L, 0L, 0L, 0L, 12L, 1L, 0L, 138L, 1L, 0L, 0L
    ), .Dim = c(7L, 4L), .Dimnames = structure(list(c("-1", "-2", 
    "-3", "0", "1", "2", NA), c("A", "C", "G", NA)), .Names = c("", 
    "")), class = "table"), LMmono09_SNP1 = structure(c(0L, 1L, 
    0L, 1L, 0L, 0L, 0L, 0L, 0L, 0L, 0L, 3L, 0L, 0L, 0L, 0L, 1412L, 
    96L, 20L, 11780L, 327L, 6L, 1L, 272L, 2L, 1L, 0L, 175L, 0L, 
    0L, 0L, 0L), .Dim = c(8L, 4L), .Dimnames = structure(list(
        c("-1", "-2", "-3", "0", "1", "2", "3", NA), c("A", "C", 
        "T", NA)), .Names = c("", "")), class = "table"), LMmono12_SNP1 = structure(c(513L, 
    33L, 1L, 2622L, 150L, 11L, 2L, 90L, 5L, 0L, 0L, 90L, 3L, 
    0L, 0L, 0L), .Dim = c(8L, 2L), .Dimnames = structure(list(
        c("-1", "-2", "-3", "0", "1", "2", "3", NA), c("A", NA
        )), .Names = c("", "")), class = "table"), LMmono16_SNP1 = structure(c(1077L, 
    99L, 2L, 1L, 5592L, 281L, 14L, 348L, 105L, 11L, 1L, 207L, 
    0L, 0L, 0L, 0L, 0L, 0L, 0L, 0L, 0L, 0L, 0L, 1L, 45L, 2L, 
    0L, 0L, 793L, 14L, 0L, 24L, 8L, 0L, 1L, 0L), .Dim = c(12L, 
    3L), .Dimnames = structure(list(c("-1", "-2", "-3", "-4", 
    "0", "1", "2", "3", "5", "6", "7", NA), c("A", "G", NA)), .Names = c("", 
    "")), class = "table"), MSJmono10_SNP1 = structure(c(0L, 
    0L, 1L, 0L, 0L, 0L, 344L, 15L, 4572L, 159L, 3L, 11L, 9L, 
    1L, 299L, 10L, 0L, 0L), .Dim = c(6L, 3L), .Dimnames = structure(list(
        c("-1", "-2", "0", "1", "2", NA), c("A", "C", NA)), .Names = c("", 
    "")), class = "table"), MSJmono19ms1_SNP1 = structure(c(395L, 
    19L, 4L, 2L, 7718L, 214L, 5L, 154L, 0L, 0L, 0L, 0L, 12L, 
    0L, 0L, 1L, 0L, 0L, 0L, 0L, 1L, 0L, 0L, 0L, 0L, 0L, 0L, 0L, 
    6L, 0L, 0L, 0L, 50L, 3L, 0L, 0L, 838L, 13L, 0L, 0L), .Dim = c(8L, 
    5L), .Dimnames = structure(list(c("-1", "-2", "-3", "-4", 
    "0", "1", "2", NA), c("A", "C", "G", "T", NA)), .Names = c("", 
    "")), class = "table"), MSJmono19ms2_SNP1 = structure(c(365L, 
    3L, 7722L, 72L, 2L, 93L, 4L, 0L, 580L, 2L, 0L, 0L), .Dim = c(6L, 
    2L), .Dimnames = structure(list(c("-1", "-2", "0", "1", "2", 
    NA), c("C", NA)), .Names = c("", "")), class = "table"), 
    MSJmono36_SNP1 = structure(c(0L, 0L, 0L, 4L, 0L, 0L, 0L, 
    0L, 357L, 22L, 3L, 5749L, 125L, 1L, 13L, 77L, 3L, 0L, 0L, 
    166L, 2L, 0L, 0L, 0L), .Dim = c(8L, 3L), .Dimnames = structure(list(
        c("-1", "-2", "-3", "0", "1", "2", "3", NA), c("A", "G", 
        NA)), .Names = c("", "")), class = "table"), MSJmono44_SNP1 = structure(c(0L, 
    0L, 0L, 1L, 0L, 0L, 254L, 16L, 0L, 3524L, 53L, 19L, 4L, 0L, 
    1L, 98L, 0L, 0L), .Dim = c(6L, 3L), .Dimnames = structure(list(
        c("-1", "-2", "-3", "0", "1", NA), c("C", "T", NA)), .Names = c("", 
    "")), class = "table"), MSJmono46_SNP1 = structure(c(318L, 
    51L, 5L, 1L, 1451L, 81L, 5L, 60L, 5L, 0L, 0L, 0L, 51L, 0L, 
    1L, 0L), .Dim = c(8L, 2L), .Dimnames = structure(list(c("-1", 
    "-2", "-3", "-4", "0", "1", "2", NA), c("C", NA)), .Names = c("", 
    "")), class = "table"), LMmono04v2_SNP1 = structure(c(0L, 
    0L, 0L, 1L, 0L, 0L, 0L, 0L, 198L, 13L, 3L, 1782L, 73L, 7L, 
    1L, 9L, 0L, 0L, 0L, 1L, 0L, 0L, 0L, 0L, 6L, 0L, 0L, 92L, 
    3L, 0L, 0L, 0L), .Dim = c(8L, 4L), .Dimnames = structure(list(
        c("-1", "-2", "-3", "0", "1", "2", "3", NA), c("A", "C", 
        "G", NA)), .Names = c("", "")), class = "table"), AKMmono01v2_SNP1 = structure(c(1L, 
    0L, 0L, 0L, 0L, 0L, 0L, 339L, 14L, 1L, 4223L, 82L, 3L, 45L, 
    15L, 0L, 0L, 180L, 2L, 0L, 0L), .Dim = c(7L, 3L), .Dimnames = structure(list(
        c("-1", "-2", "-3", "0", "1", "2", NA), c("A", "T", NA
        )), .Names = c("", "")), class = "table"), AKMmono10v2_SNP1 = structure(c(34L, 
    1L, 1003L, 14L, 0L, 8L, 18L, 0L, 529L, 10L, 0L, 2L, 0L, 0L, 
    64L, 0L, 1L, 0L), .Dim = c(6L, 3L), .Dimnames = structure(list(
        c("-1", "-2", "0", "1", "2", NA), c("A", "G", NA)), .Names = c("", 
    "")), class = "table"), AKMmono17v2_SNP1 = structure(c(31L, 
    2L, 632L, 25L, 1L, 7L, 3L, 0L, 18L, 0L, 0L, 0L, 0L, 0L, 15L, 
    0L, 0L, 0L), .Dim = c(6L, 3L), .Dimnames = structure(list(
        c("-1", "-2", "0", "1", "2", NA), c("A", "C", NA)), .Names = c("", 
    "")), class = "table"), EJmono13v2_SNP1 = structure(c(0L, 
    0L, 1L, 0L, 0L, 0L, 104L, 2L, 1730L, 29L, 2L, 8L, 0L, 0L, 
    27L, 1L, 0L, 0L), .Dim = c(6L, 3L), .Dimnames = structure(list(
        c("-1", "-2", "0", "1", "2", NA), c("A", "G", NA)), .Names = c("", 
    "")), class = "table"), EJmono21v2_SNP1 = structure(c(76L, 
    2L, 510L, 1L, 8L, 2L, 0L, 8L, 0L, 1L, 0L, 1L, 29L, 0L, 0L
    ), .Dim = c(5L, 3L), .Dimnames = structure(list(c("-1", "-2", 
    "0", "1", NA), c("C", "T", NA)), .Names = c("", "")), class = "table"),