Result <-
list(AKMmono02_SNP1 = structure(c(0L, 0L, 2L, 0L, 0L, 0L, 0L, 
0L, 1L, 0L, 0L, 0L, 332L, 18L, 3547L, 84L, 2L, 77L, 7L, 0L, 145L, 
1L, 0L, 0L), .Dim = c(6L, 4L), .Dimnames = structure(list(c("-1", 
"-2", "0", "1", "2", NA), c("A", "C", "T", NA)), .Names = c("", 
"")), class = "table"), AKMmono03_SNP1 = structure(c(644L, 105L, 
23L, 6376L, 103L, 1L, 0L, 105L, 0L, 0L, 0L, 5L, 0L, 0L, 0L, 0L, 
0L, 0L, 0L, 1L, 0L, 0L, 0L, 0L, 44L, 5L, 0L, 597L, 1L, 0L, 1L, 
0L), .Dim = c(8L, 4L), .Dimnames = structure(list(c("-1", "-2", 
"-3", "0", "1", "2", "3", NA), c("A", "C", "G", NA)), .Names = c("", 
"")), class = "table"), AKMmono05_SNP1 = structure(c(598L, 76L, 
10L, 2L, 4421L, 149L, 2L, 93L, 0L, 0L, 0L, 0L, 5L, 1L, 0L, 0L, 
0L, 0L, 0L, 0L, 1L, 0L, 0L, 0L, 1L, 0L, 0L, 0L, 0L, 0L, 0L, 0L, 
31L, 2L, 0L, 0L, 463L, 16L, 0L, 0L), .Dim = c(8L, 5L), .Dimnames = structure(list(
    c("-1", "-2", "-3", "-4", "0", "1", "2", NA), c("A", "C", 
    "G", "T", NA)), .Names = c("", "")), class = "table"), AKMmono11_SNP1 = structure(c(0L, 
0L, 0L, 0L, 1L, 0L, 0L, 0L, 0L, 0L, 0L, 1L, 0L, 0L, 520L, 54L, 
1L, 2L, 4718L, 83L, 107L, 60L, 5L, 0L, 0L, 723L, 20L, 0L), .Dim = c(7L, 
4L), .Dimnames = structure(list(c("-1", "-2", "-3", "-4", "0", 
"1", NA), c("A", "G", "T", NA)), .Names = c("", "")), class = "table"), 
    AKMmono12_SNP1 = structure(c(0L, 0L, 0L, 0L, 4L, 0L, 0L, 
    589L, 42L, 3L, 1L, 4316L, 110L, 58L, 0L, 0L, 0L, 0L, 2L, 
    0L, 0L, 22L, 4L, 0L, 0L, 342L, 4L, 0L), .Dim = c(7L, 4L), .Dimnames = structure(list(
        c("-1", "-2", "-3", "-4", "0", "1", NA), c("A", "C", 
        "T", NA)), .Names = c("", "")), class = "table"), AKMmono13_SNP1 = structure(c(312L, 
    13L, 14L, 7L, 5295L, 117L, 4L, 1L, 60L, 0L, 0L, 0L, 0L, 1L, 
    0L, 0L, 0L, 0L, 9L, 0L, 0L, 0L, 362L, 7L, 1L, 0L, 0L), .Dim = c(9L, 
    3L), .Dimnames = structure(list(c("-1", "-2", "-3", "-4", 
    "0", "1", "2", "3", NA), c("A", "G", NA)), .Names = c("", 
    "")), class = "table"), AKMmono16_SNP1 = structure(c(164L, 
    23L, 1L, 1912L, 1595L, 49L, 1L, 174L, 0L, 0L, 0L, 0L, 0L, 
    0L, 0L, 1L, 0L, 0L, 0L, 1L, 1L, 0L, 0L, 0L, 4L, 0L, 0L, 178L, 
    87L, 4L, 0L, 0L), .Dim = c(8L, 4L), .Dimnames = structure(list(
        c("-1", "-2", "-4", "0", "1", "2", "3", NA), c("A", "C", 
        "T", NA)), .Names = c("", "")), class = "table"), AKMmono22_SNP1 = structure(c(404L, 
    67L, 6L, 2954L, 128L, 6L, 1L, 188L, 0L, 0L, 0L, 1L, 0L, 0L, 
    0L, 0L, 30L, 2L, 0L, 330L, 4L, 0L, 0L, 0L), .Dim = c(8L, 
    3L), .Dimnames = structure(list(c("-1", "-2", "-3", "0", 
    "1", "2", "3", NA), c("A", "G", NA)), .Names = c("", "")), class = "table"), 
    EJmono05_SNP1 = structure(c(0L, 0L, 0L, 1L, 0L, 0L, 0L, 0L, 
    0L, 1L, 0L, 0L, 0L, 0L, 0L, 1L, 0L, 0L, 333L, 23L, 1L, 3114L, 
    53L, 42L, 4L, 0L, 0L, 128L, 1L, 0L), .Dim = 6:5, .Dimnames = structure(list(
        c("-1", "-2", "-3", "0", "1", NA), c("A", "C", "G", "T", 
        NA)), .Names = c("", "")), class = "table"), EJmono16_SNP1 = structure(c(193L, 
    22L, 4L, 4067L, 111L, 2L, 1L, 220L, 3L, 0L, 0L, 92L, 2L, 
    0L, 0L, 0L), .Dim = c(8L, 2L), .Dimnames = structure(list(
        c("-1", "-2", "-3", "0", "1", "2", "3", NA), c("A", NA
        )), .Names = c("", "")), class = "table"), LMmono01_SNP1 = structure(c(462L, 
    14L, 7L, 3997L, 72L, 1L, 72L, 0L, 0L, 0L, 1L, 0L, 0L, 0L, 
    0L, 0L, 0L, 2L, 0L, 0L, 0L, 21L, 0L, 0L, 307L, 4L, 0L, 0L
    ), .Dim = c(7L, 4L), .Dimnames = structure(list(c("-1", "-2", 
    "-5", "0", "1", "2", NA), c("A", "C", "T", NA)), .Names = c("", 
    "")), class = "table"), LMmono03_SNP1 = structure(c(1L, 0L, 
    0L, 0L, 0L, 3L, 0L, 0L, 0L, 0L, 311L, 48L, 9L, 1L, 1L, 1471L, 
    58L, 4L, 1L, 56L, 0L, 0L, 0L, 0L, 0L, 0L, 0L, 0L, 0L, 1L, 
    10L, 2L, 0L, 0L, 0L, 210L, 2L, 0L, 0L, 0L), .Dim = c(10L, 
    4L), .Dimnames = structure(list(c("-1", "-2", "-3", "-4", 
    "-5", "0", "1", "2", "3", NA), c("A", "C", "T", NA)), .Names = c("", 
    "")), class = "table"), LMmono09_SNP1 = structure(c(0L, 0L, 
    0L, 2L, 0L, 0L, 0L, 0L, 724L, 86L, 8L, 4667L, 165L, 5L, 1L, 
    126L, 11L, 3L, 0L, 93L, 1L, 0L, 0L, 0L), .Dim = c(8L, 3L), .Dimnames = structure(list(
        c("-1", "-2", "-3", "0", "1", "2", "3", NA), c("A", "T", 
        NA)), .Names = c("", "")), class = "table"), LMmono12_SNP1 = structure(c(370L, 
    39L, 4L, 1952L, 138L, 2L, 61L, 0L, 0L, 0L, 2L, 0L, 0L, 0L, 
    0L, 0L, 0L, 1L, 0L, 0L, 0L, 14L, 1L, 1L, 202L, 3L, 0L, 0L
    ), .Dim = c(7L, 4L), .Dimnames = structure(list(c("-1", "-2", 
    "-3", "0", "1", "2", NA), c("A", "G", "T", NA)), .Names = c("", 
    "")), class = "table"), LMmono16_SNP1 = structure(c(8L, 1L, 
    2758L, 9L, 603L, 1L, 216L, 15L, 345L, 0L, 0L, 2L, 0L, 0L, 
    0L, 0L, 0L, 0L, 0L, 0L, 1L, 0L, 0L, 0L, 0L, 0L, 0L, 1L, 0L, 
    497L, 0L, 25L, 1L, 28L, 3L, 0L), .Dim = c(9L, 4L), .Dimnames = structure(list(
        c("-1", "-5", "0", "1", "3", "4", "5", "6", NA), c("A", 
        "C", "G", NA)), .Names = c("", "")), class = "table"), 
    MSJmono10_SNP1 = structure(c(205L, 11L, 3727L, 137L, 3L, 
    39L, 6L, 0L, 256L, 1L, 1L, 0L), .Dim = c(6L, 2L), .Dimnames = structure(list(
        c("-1", "-2", "0", "1", "2", NA), c("C", NA)), .Names = c("", 
    "")), class = "table"), MSJmono19ms1_SNP1 = structure(c(215L, 
    15L, 3L, 5236L, 100L, 1L, 232L, 0L, 0L, 0L, 18L, 0L, 0L, 
    2L, 0L, 0L, 0L, 9L, 0L, 0L, 1L, 29L, 3L, 0L, 867L, 9L, 0L, 
    0L), .Dim = c(7L, 4L), .Dimnames = structure(list(c("-1", 
    "-2", "-3", "0", "1", "2", NA), c("A", "C", "T", NA)), .Names = c("", 
    "")), class = "table"), MSJmono19ms2_SNP1 = structure(c(279L, 
    5L, 5431L, 94L, 1L, 65L, 0L, 0L, 1L, 0L, 0L, 0L, 2L, 0L, 
    491L, 0L, 0L, 0L), .Dim = c(6L, 3L), .Dimnames = structure(list(
        c("-1", "-2", "0", "1", "2", NA), c("C", "G", NA)), .Names = c("", 
    "")), class = "table"), MSJmono36_SNP1 = structure(c(329L, 
    13L, 5678L, 120L, 3L, 106L, 4L, 1L, 213L, 0L, 0L, 0L), .Dim = c(6L, 
    2L), .Dimnames = structure(list(c("-1", "-2", "0", "1", "2", 
    NA), c("G", NA)), .Names = c("", "")), class = "table"), 
    MSJmono44_SNP1 = structure(c(0L, 0L, 8L, 0L, 0L, 234L, 7L, 
    3702L, 68L, 23L, 6L, 1L, 180L, 2L, 0L), .Dim = c(5L, 3L), .Dimnames = structure(list(
        c("-1", "-2", "0", "1", NA), c("-", "T", NA)), .Names = c("", 
    "")), class = "table"), MSJmono46_SNP1 = structure(c(282L, 
    33L, 3L, 1229L, 62L, 3L, 39L, 31L, 3L, 0L, 348L, 11L, 0L, 
    0L), .Dim = c(7L, 2L), .Dimnames = structure(list(c("-1", 
    "-2", "-3", "0", "1", "2", NA), c("C", NA)), .Names = c("", 
    "")), class = "table"), LMmono04v2_SNP1 = structure(c(0L, 
    0L, 1L, 0L, 0L, 0L, 222L, 14L, 1855L, 71L, 4L, 14L, 0L, 0L, 
    1L, 0L, 0L, 0L, 5L, 0L, 95L, 3L, 1L, 0L), .Dim = c(6L, 4L
    ), .Dimnames = structure(list(c("-1", "-2", "0", "1", "2", 
    NA), c("A", "C", "T", NA)), .Names = c("", "")), class = "table"), 
    AKMmono01v2_SNP1 = structure(c(232L, 16L, 1L, 2785L, 48L, 
    16L, 7L, 0L, 0L, 211L, 6L, 0L), .Dim = c(6L, 2L), .Dimnames = structure(list(
        c("-1", "-2", "-3", "0", "1", NA), c("T", NA)), .Names = c("", 
    "")), class = "table"), AKMmono10v2_SNP1 = structure(c(87L, 
    6L, 1679L, 26L, 12L, 0L, 0L, 1L, 0L, 0L, 0L, 0L, 1L, 0L, 
    0L, 1L, 0L, 88L, 1L, 0L), .Dim = 5:4, .Dimnames = structure(list(
        c("-1", "-2", "0", "1", NA), c("A", "G", "T", NA)), .Names = c("", 
    "")), class = "table"), AKMmono17v2_SNP1 = structure(c(1L, 
    0L, 9L, 0L, 2L, 40L, 1L, 700L, 10L, 6L, 1L, 0L, 26L, 2L, 
    0L), .Dim = c(5L, 3L), .Dimnames = structure(list(c("-1", 
    "-2", "0", "1", NA), c("A", "C", NA)), .Names = c("", "")), class = "table"), 
    EJmono13v2_SNP1 = structure(c(0L, 0L, 1L, 0L, 0L, 0L, 62L, 
    2L, 1327L, 40L, 1L, 6L, 0L, 0L, 4L, 0L, 0L, 0L, 4L, 0L, 110L, 
    2L, 1L, 0L), .Dim = c(6L, 4L), .Dimnames = structure(list(
        c("-1", "-2", "0", "1", "2", NA), c("A", "G", "T", NA
        )), .Names = c("", "")), class = "table"),