Result <-
list(AKMmono02_SNP1 = structure(c(0L, 0L, 0L, 2L, 0L, 0L, 0L, 
454L, 17L, 4L, 5515L, 104L, 3L, 84L, 10L, 0L, 0L, 170L, 3L, 0L, 
0L), .Dim = c(7L, 3L), .Dimnames = structure(list(c("-1", "-2", 
"-3", "0", "1", "2", NA), c("G", "T", NA)), .Names = c("", ""
)), class = "table"), AKMmono03_SNP1 = structure(c(745L, 109L, 
26L, 1L, 7068L, 93L, 2L, 116L, 0L, 0L, 0L, 0L, 7L, 0L, 0L, 0L, 
0L, 0L, 0L, 0L, 1L, 0L, 0L, 0L, 0L, 0L, 0L, 0L, 1L, 0L, 0L, 0L, 
43L, 6L, 1L, 0L, 615L, 9L, 0L, 0L), .Dim = c(8L, 5L), .Dimnames = structure(list(
    c("-1", "-2", "-3", "-4", "0", "1", "2", NA), c("A", "C", 
    "G", "T", NA)), .Names = c("", "")), class = "table"), AKMmono05_SNP1 = structure(c(850L, 
115L, 18L, 4L, 5775L, 204L, 4L, 138L, 0L, 0L, 0L, 0L, 2L, 0L, 
0L, 1L, 0L, 0L, 0L, 0L, 1L, 0L, 0L, 0L, 1L, 0L, 0L, 0L, 2L, 0L, 
0L, 0L, 57L, 7L, 1L, 0L, 644L, 22L, 0L, 0L), .Dim = c(8L, 5L), .Dimnames = structure(list(
    c("-1", "-2", "-3", "-4", "0", "1", "2", NA), c("A", "C", 
    "G", "T", NA)), .Names = c("", "")), class = "table"), AKMmono11_SNP1 = structure(c(0L, 
0L, 4L, 0L, 0L, 0L, 0L, 1L, 0L, 0L, 533L, 29L, 5281L, 79L, 117L, 
70L, 2L, 778L, 19L, 0L), .Dim = 5:4, .Dimnames = structure(list(
    c("-1", "-2", "0", "1", NA), c("A", "G", "T", NA)), .Names = c("", 
"")), class = "table"), AKMmono12_SNP1 = structure(c(0L, 0L, 
0L, 0L, 1L, 0L, 0L, 0L, 0L, 0L, 0L, 0L, 1L, 0L, 0L, 1L, 731L, 
47L, 5L, 1L, 5184L, 127L, 4L, 56L, 1L, 0L, 0L, 0L, 1L, 0L, 0L, 
0L, 0L, 0L, 0L, 0L, 1L, 0L, 0L, 0L, 15L, 1L, 0L, 0L, 400L, 1L, 
0L, 0L), .Dim = c(8L, 6L), .Dimnames = structure(list(c("-1", 
"-2", "-3", "-4", "0", "1", "2", NA), c("-", "A", "C", "G", "T", 
NA)), .Names = c("", "")), class = "table"), AKMmono13_SNP1 = structure(c(409L, 
22L, 4L, 1L, 6784L, 145L, 1L, 68L, 0L, 0L, 0L, 0L, 2L, 0L, 0L, 
0L, 0L, 0L, 0L, 0L, 1L, 0L, 0L, 0L, 11L, 1L, 0L, 0L, 509L, 3L, 
0L, 0L), .Dim = c(8L, 4L), .Dimnames = structure(list(c("-1", 
"-2", "-3", "-4", "0", "1", "2", NA), c("A", "C", "T", NA)), .Names = c("", 
"")), class = "table"), AKMmono16_SNP1 = structure(c(517L, 25L, 
3L, 6038L, 99L, 1L, 59L, 0L, 0L, 0L, 1L, 0L, 0L, 0L, 1L, 0L, 
0L, 1L, 0L, 0L, 0L, 0L, 0L, 0L, 1L, 0L, 0L, 0L, 19L, 1L, 0L, 
417L, 8L, 0L, 0L), .Dim = c(7L, 5L), .Dimnames = structure(list(
    c("-1", "-2", "-3", "0", "1", "2", NA), c("A", "C", "G", 
    "T", NA)), .Names = c("", "")), class = "table"), AKMmono22_SNP1 = structure(c(587L, 
90L, 14L, 2L, 4376L, 220L, 11L, 271L, 0L, 0L, 0L, 0L, 1L, 0L, 
0L, 0L, 0L, 0L, 0L, 0L, 1L, 0L, 0L, 0L, 0L, 0L, 0L, 0L, 1L, 0L, 
0L, 0L, 32L, 4L, 1L, 0L, 548L, 9L, 1L, 0L), .Dim = c(8L, 5L), .Dimnames = structure(list(
    c("-1", "-2", "-3", "-4", "0", "1", "2", NA), c("A", "C", 
    "G", "T", NA)), .Names = c("", "")), class = "table"), EJmono05_SNP1 = structure(c(0L, 
0L, 0L, 1L, 0L, 0L, 0L, 528L, 39L, 2L, 5375L, 106L, 4L, 65L, 
17L, 0L, 0L, 266L, 3L, 0L, 0L), .Dim = c(7L, 3L), .Dimnames = structure(list(
    c("-1", "-2", "-3", "0", "1", "2", NA), c("G", "T", NA)), .Names = c("", 
"")), class = "table"), EJmono16_SNP1 = structure(c(272L, 27L, 
2L, 2L, 5300L, 208L, 7L, 1L, 316L, 0L, 0L, 0L, 0L, 1L, 0L, 0L, 
0L, 0L, 2L, 0L, 0L, 0L, 112L, 1L, 0L, 0L, 0L), .Dim = c(9L, 3L
), .Dimnames = structure(list(c("-1", "-2", "-3", "-4", "0", 
"1", "2", "3", NA), c("A", "G", NA)), .Names = c("", "")), class = "table"), 
    LMmono01_SNP1 = structure(c(281L, 18L, 2L, 3166L, 59L, 55L, 
    0L, 0L, 0L, 1L, 0L, 0L, 0L, 0L, 0L, 1L, 0L, 0L, 16L, 0L, 
    0L, 248L, 4L, 0L), .Dim = c(6L, 4L), .Dimnames = structure(list(
        c("-1", "-2", "-3", "0", "1", NA), c("A", "G", "T", NA
        )), .Names = c("", "")), class = "table"), LMmono03_SNP1 = structure(c(671L, 
    74L, 9L, 1L, 3115L, 101L, 4L, 100L, 0L, 0L, 0L, 0L, 1L, 0L, 
    0L, 0L, 11L, 2L, 0L, 0L, 450L, 5L, 0L, 0L), .Dim = c(8L, 
    3L), .Dimnames = structure(list(c("-1", "-2", "-3", "-4", 
    "0", "1", "2", NA), c("C", "T", NA)), .Names = c("", "")), class = "table"), 
    LMmono09_SNP1 = structure(c(0L, 0L, 0L, 1L, 0L, 0L, 0L, 0L, 
    0L, 0L, 3L, 0L, 0L, 0L, 1207L, 98L, 7L, 10321L, 295L, 12L, 
    263L, 4L, 0L, 1L, 176L, 0L, 0L, 0L), .Dim = c(7L, 4L), .Dimnames = structure(list(
        c("-1", "-2", "-3", "0", "1", "2", NA), c("A", "C", "T", 
        NA)), .Names = c("", "")), class = "table"), LMmono12_SNP1 = structure(c(639L, 
    46L, 3L, 0L, 3850L, 251L, 15L, 105L, 35L, 1L, 0L, 1L, 468L, 
    7L, 1L, 0L), .Dim = c(8L, 2L), .Dimnames = structure(list(
        c("-1", "-2", "-3", "-4", "0", "1", "2", NA), c("A", 
        NA)), .Names = c("", "")), class = "table"), LMmono16_SNP1 = structure(c(652L, 
    60L, 3L, 4809L, 155L, 9L, 479L, 1L, 149L, 7L, 357L, 0L, 0L, 
    0L, 2L, 0L, 0L, 0L, 0L, 0L, 0L, 1L, 11L, 1L, 0L, 831L, 9L, 
    0L, 26L, 0L, 19L, 0L, 0L), .Dim = c(11L, 3L), .Dimnames = structure(list(
        c("-1", "-2", "-3", "0", "1", "2", "3", "4", "5", "6", 
        NA), c("A", "T", NA)), .Names = c("", "")), class = "table"), 
    MSJmono10_SNP1 = structure(c(0L, 0L, 0L, 3L, 0L, 0L, 0L, 
    0L, 285L, 4L, 1L, 5510L, 153L, 1L, 1L, 35L, 0L, 0L, 0L, 1L, 
    0L, 0L, 0L, 0L, 9L, 2L, 0L, 351L, 10L, 0L, 0L, 0L), .Dim = c(8L, 
    4L), .Dimnames = structure(list(c("-1", "-2", "-3", "0", 
    "1", "2", "3", NA), c("A", "C", "T", NA)), .Names = c("", 
    "")), class = "table"), MSJmono19ms1_SNP1 = structure(c(190L, 
    10L, 1L, 1L, 5035L, 96L, 1L, 202L, 0L, 0L, 0L, 0L, 14L, 0L, 
    0L, 0L, 0L, 0L, 0L, 0L, 1L, 0L, 0L, 0L, 1L, 0L, 0L, 0L, 4L, 
    0L, 0L, 1L, 21L, 2L, 0L, 0L, 833L, 14L, 1L, 0L), .Dim = c(8L, 
    5L), .Dimnames = structure(list(c("-1", "-2", "-3", "-4", 
    "0", "1", "2", NA), c("A", "C", "G", "T", NA)), .Names = c("", 
    "")), class = "table"), MSJmono19ms2_SNP1 = structure(c(0L, 
    0L, 2L, 0L, 0L, 0L, 222L, 2L, 5219L, 61L, 1L, 75L, 4L, 0L, 
    490L, 0L, 0L, 0L), .Dim = c(6L, 3L), .Dimnames = structure(list(
        c("-1", "-2", "0", "1", "2", NA), c("A", "C", NA)), .Names = c("", 
    "")), class = "table"), MSJmono36_SNP1 = structure(c(0L, 
    0L, 0L, 2L, 0L, 0L, 0L, 289L, 10L, 1L, 4808L, 111L, 4L, 80L, 
    6L, 0L, 0L, 168L, 4L, 0L, 0L), .Dim = c(7L, 3L), .Dimnames = structure(list(
        c("-1", "-2", "-3", "0", "1", "2", NA), c("A", "G", NA
        )), .Names = c("", "")), class = "table"), MSJmono44_SNP1 = structure(c(0L, 
    0L, 0L, 2L, 0L, 0L, 0L, 0L, 0L, 0L, 1L, 0L, 0L, 0L, 0L, 0L, 
    0L, 1L, 0L, 0L, 0L, 181L, 6L, 1L, 3329L, 50L, 1L, 23L, 5L, 
    0L, 0L, 175L, 1L, 0L, 0L), .Dim = c(7L, 5L), .Dimnames = structure(list(
        c("-1", "-2", "-3", "0", "1", "6", NA), c("-", "A", "G", 
        "T", NA)), .Names = c("", "")), class = "table"), MSJmono46_SNP1 = structure(c(573L, 
    50L, 7L, 3L, 2959L, 203L, 9L, 110L, 72L, 2L, 0L, 0L, 869L, 
    42L, 3L, 0L), .Dim = c(8L, 2L), .Dimnames = structure(list(
        c("-1", "-2", "-3", "-4", "0", "1", "2", NA), c("C", 
        NA)), .Names = c("", "")), class = "table"), LMmono04v2_SNP1 = structure(c(461L, 
    29L, 6L, 4110L, 162L, 6L, 34L, 10L, 1L, 0L, 221L, 8L, 0L, 
    0L), .Dim = c(7L, 2L), .Dimnames = structure(list(c("-1", 
    "-2", "-3", "0", "1", "2", NA), c("C", NA)), .Names = c("", 
    "")), class = "table"), AKMmono01v2_SNP1 = structure(c(0L, 
    0L, 1L, 0L, 0L, 935L, 62L, 1242L, 20L, 57L, 187L, 17L, 2238L, 
    33L, 21L, 84L, 4L, 412L, 13L, 0L), .Dim = 5:4, .Dimnames = structure(list(
        c("-1", "-2", "0", "1", NA), c("A", "C", "T", NA)), .Names = c("", 
    "")), class = "table"), AKMmono10v2_SNP1 = structure(c(77L, 
    2L, 1908L, 21L, 16L, 0L, 0L, 1L, 0L, 0L, 89L, 3L, 1856L, 
    13L, 11L, 0L, 0L, 2L, 0L, 0L, 1L, 0L, 204L, 2L, 0L), .Dim = c(5L, 
    5L), .Dimnames = structure(list(c("-1", "-2", "0", "1", NA
    ), c("A", "C", "G", "T", NA)), .Names = c("", "")), class = "table"), 
    AKMmono17v2_SNP1 = structure(c(63L, 3L, 1160L, 24L, 1L, 7L, 
    53L, 3L, 1157L, 11L, 1L, 12L, 0L, 0L, 1L, 0L, 0L, 0L, 2L, 
    0L, 100L, 0L, 0L, 0L), .Dim = c(6L, 4L),