Result <-
list(AKMmono02_SNP1 = structure(c(0L, 0L, 0L, 0L, 0L, 1L, 0L, 
0L, 0L, 1L, 0L, 0L, 0L, 0L, 0L, 0L, 0L, 0L, 800L, 77L, 1L, 2L, 
1L, 4694L, 91L, 1L, 125L, 7L, 2L, 0L, 0L, 0L, 81L, 2L, 0L, 0L
), .Dim = c(9L, 4L), .Dimnames = structure(list(c("-1", "-2", 
"-3", "-4", "-5", "0", "1", "2", NA), c("C", "G", "T", NA)), .Names = c("", 
"")), class = "table"), AKMmono03_SNP1 = structure(c(5571L, 872L, 
91L, 3L, 1L, 6181L, 169L, 6L, 387L, 1L, 1L, 0L, 0L, 0L, 1L, 0L, 
0L, 0L, 0L, 0L, 0L, 0L, 0L, 1L, 0L, 0L, 0L, 1L, 0L, 0L, 0L, 0L, 
0L, 0L, 0L, 0L, 250L, 27L, 1L, 0L, 0L, 512L, 9L, 0L, 0L), .Dim = c(9L, 
5L), .Dimnames = structure(list(c("-1", "-2", "-3", "-4", "-5", 
"0", "1", "2", NA), c("A", "C", "G", "T", NA)), .Names = c("", 
"")), class = "table"), AKMmono05_SNP1 = structure(c(2498L, 407L, 
68L, 7L, 6649L, 256L, 7L, 175L, 0L, 0L, 0L, 0L, 2L, 0L, 0L, 0L, 
1L, 0L, 0L, 0L, 0L, 0L, 0L, 0L, 150L, 11L, 2L, 0L, 629L, 25L, 
1L, 0L), .Dim = c(8L, 4L), .Dimnames = structure(list(c("-1", 
"-2", "-3", "-4", "0", "1", "2", NA), c("A", "C", "G", NA)), .Names = c("", 
"")), class = "table"), AKMmono11_SNP1 = structure(c(0L, 0L, 
0L, 1L, 0L, 0L, 0L, 4756L, 546L, 20L, 5524L, 97L, 4L, 484L, 735L, 
25L, 0L, 1024L, 21L, 0L, 0L), .Dim = c(7L, 3L), .Dimnames = structure(list(
    c("-1", "-2", "-3", "0", "1", "2", NA), c("G", "T", NA)), .Names = c("", 
"")), class = "table"), AKMmono12_SNP1 = structure(c(9L, 0L, 
0L, 0L, 0L, 0L, 0L, 0L, 0L, 4407L, 567L, 24L, 1L, 1L, 4519L, 
129L, 4L, 150L, 0L, 0L, 0L, 0L, 0L, 1L, 0L, 0L, 0L, 1L, 0L, 0L, 
0L, 0L, 2L, 0L, 0L, 0L, 115L, 14L, 1L, 0L, 0L, 360L, 5L, 0L, 
0L), .Dim = c(9L, 5L), .Dimnames = structure(list(c("-1", "-2", 
"-3", "-4", "-5", "0", "1", "2", NA), c("A", "C", "G", "T", NA
)), .Names = c("", "")), class = "table"), AKMmono13_SNP1 = structure(c(953L, 
3935L, 108L, 2L, 4485L, 141L, 2L, 200L, 30L, 42L, 1L, 0L, 282L, 
8L, 0L, 0L), .Dim = c(8L, 2L), .Dimnames = structure(list(c("-1", 
"-2", "-3", "-4", "0", "1", "2", NA), c("A", NA)), .Names = c("", 
"")), class = "table"), AKMmono16_SNP1 = structure(c(585L, 2690L, 
173L, 2L, 3295L, 67L, 1L, 1L, 93L, 0L, 1L, 0L, 0L, 1L, 0L, 0L, 
0L, 0L, 17L, 31L, 1L, 0L, 197L, 6L, 0L, 0L, 0L), .Dim = c(9L, 
3L), .Dimnames = structure(list(c("-1", "-2", "-3", "-4", "0", 
"1", "2", "3", NA), c("A", "T", NA)), .Names = c("", "")), class = "table"), 
    AKMmono22_SNP1 = structure(c(1742L, 553L, 94L, 3L, 4712L, 
    241L, 8L, 1L, 371L, 0L, 0L, 0L, 0L, 2L, 0L, 0L, 0L, 0L, 59L, 
    14L, 3L, 0L, 410L, 8L, 0L, 0L, 0L), .Dim = c(9L, 3L), .Dimnames = structure(list(
        c("-1", "-2", "-3", "-4", "0", "1", "2", "3", NA), c("A", 
        "G", NA)), .Names = c("", "")), class = "table"), EJmono05_SNP1 = structure(c(0L, 
    0L, 0L, 1L, 0L, 0L, 0L, 0L, 0L, 0L, 1L, 0L, 0L, 0L, 1339L, 
    85L, 2L, 4878L, 108L, 1L, 51L, 16L, 1L, 0L, 176L, 1L, 0L, 
    0L), .Dim = c(7L, 4L), .Dimnames = structure(list(c("-1", 
    "-2", "-3", "0", "1", "2", NA), c("A", "C", "T", NA)), .Names = c("", 
    "")), class = "table"), EJmono16_SNP1 = structure(c(1932L, 
    125L, 4L, 5722L, 310L, 15L, 2L, 535L, 9L, 3L, 0L, 67L, 1L, 
    0L, 0L, 0L), .Dim = c(8L, 2L), .Dimnames = structure(list(
        c("-1", "-2", "-3", "0", "1", "2", "3", NA), c("A", NA
        )), .Names = c("", "")), class = "table"), LMmono01_SNP1 = structure(c(2600L, 
    163L, 2L, 3L, 2591L, 42L, 88L, 89L, 2L, 1L, 0L, 198L, 4L, 
    0L), .Dim = c(7L, 2L), .Dimnames = structure(list(c("-1", 
    "-2", "-3", "-5", "0", "1", NA), c("A", NA)), .Names = c("", 
    "")), class = "table"), LMmono03_SNP1 = structure(c(0L, 0L, 
    0L, 0L, 0L, 1L, 1L, 0L, 1L, 818L, 1548L, 485L, 50L, 1L, 1561L, 
    51L, 1L, 211L, 1L, 0L, 0L, 0L, 0L, 0L, 0L, 0L, 0L, 16L, 30L, 
    9L, 0L, 0L, 89L, 2L, 0L, 0L), .Dim = c(9L, 4L), .Dimnames = structure(list(
        c("-1", "-2", "-3", "-4", "-5", "0", "1", "2", NA), c("A", 
        "C", "T", NA)), .Names = c("", "")), class = "table"), 
    LMmono09_SNP1 = structure(c(1L, 0L, 0L, 0L, 0L, 0L, 0L, 0L, 
    0L, 0L, 1L, 0L, 0L, 0L, 0L, 0L, 0L, 0L, 5791L, 6796L, 1013L, 
    51L, 1L, 2202L, 87L, 4L, 813L, 74L, 91L, 9L, 0L, 0L, 29L, 
    1L, 0L, 0L), .Dim = c(9L, 4L), .Dimnames = structure(list(
        c("-1", "-2", "-3", "-4", "-5", "0", "1", "2", NA), c("A", 
        "C", "T", NA)), .Names = c("", "")), class = "table"), 
    LMmono12_SNP1 = structure(c(2188L, 692L, 58L, 2L, 2423L, 
    414L, 35L, 324L, 2L, 0L, 0L, 0L, 0L, 0L, 0L, 0L, 16L, 2L, 
    1L, 1L, 97L, 3L, 1L, 0L), .Dim = c(8L, 3L), .Dimnames = structure(list(
        c("-1", "-2", "-3", "-4", "0", "1", "2", NA), c("A", 
        "T", NA)), .Names = c("", "")), class = "table"), LMmono16_SNP1 = structure(c(3190L, 
    803L, 71L, 9L, 2336L, 1989L, 4L, 7L, 613L, 0L, 0L, 0L, 0L, 
    8L, 0L, 0L, 0L, 0L, 0L, 0L, 0L, 0L, 0L, 1L, 0L, 0L, 0L, 1L, 
    0L, 0L, 0L, 1L, 0L, 0L, 0L, 1L, 128L, 25L, 4L, 0L, 311L, 
    87L, 0L, 0L, 0L), .Dim = c(9L, 5L), .Dimnames = structure(list(
        c("-1", "-2", "-3", "-4", "0", "1", "2", "3", NA), c("A", 
        "C", "G", "T", NA)), .Names = c("", "")), class = "table"), 
    MSJmono10_SNP1 = structure(c(0L, 0L, 0L, 1L, 0L, 0L, 0L, 
    1669L, 173L, 5L, 3968L, 119L, 7L, 32L, 47L, 7L, 0L, 207L, 
    5L, 0L, 0L), .Dim = c(7L, 3L), .Dimnames = structure(list(
        c("-1", "-2", "-3", "0", "1", "2", NA), c("A", "C", NA
        )), .Names = c("", "")), class = "table"), MSJmono19ms1_SNP1 = structure(c(7492L, 
    459L, 43L, 4L, 1L, 2064L, 40L, 1L, 550L, 8L, 0L, 0L, 0L, 
    0L, 1L, 0L, 0L, 1L, 2L, 0L, 0L, 0L, 0L, 1L, 0L, 0L, 2L, 599L, 
    24L, 2L, 0L, 0L, 215L, 4L, 0L, 0L), .Dim = c(9L, 4L), .Dimnames = structure(list(
        c("-1", "-2", "-3", "-4", "-7", "0", "1", "2", NA), c("A", 
        "C", "T", NA)), .Names = c("", "")), class = "table"), 
    MSJmono19ms2_SNP1 = structure(c(0L, 0L, 1L, 0L, 0L, 0L, 1322L, 
    31L, 9044L, 103L, 5L, 185L, 0L, 0L, 1L, 0L, 0L, 0L, 15L, 
    0L, 666L, 5L, 1L, 0L), .Dim = c(6L, 4L), .Dimnames = structure(list(
        c("-1", "-2", "0", "1", "2", NA), c("A", "C", "T", NA
        )), .Names = c("", "")), class = "table"), MSJmono36_SNP1 = structure(c(0L, 
    0L, 0L, 1L, 0L, 0L, 0L, 806L, 126L, 12L, 8012L, 229L, 3L, 
    135L, 3L, 1L, 0L, 223L, 5L, 0L, 0L), .Dim = c(7L, 3L), .Dimnames = structure(list(
        c("-1", "-2", "-3", "0", "1", "2", NA), c("C", "G", NA
        )), .Names = c("", "")), class = "table"), MSJmono44_SNP1 = structure(c(0L, 
    0L, 0L, 6L, 0L, 0L, 1914L, 1941L, 152L, 814L, 14L, 58L, 17L, 
    17L, 1L, 13L, 0L, 0L), .Dim = c(6L, 3L), .Dimnames = structure(list(
        c("-1", "-2", "-3", "0", "1", NA), c("-", "T", NA)), .Names = c("", 
    "")), class = "table"), MSJmono46_SNP1 = structure(c(0L, 
    0L, 0L, 0L, 0L, 1L, 0L, 0L, 0L, 2292L, 1003L, 136L, 12L, 
    1L, 542L, 29L, 2L, 202L, 38L, 17L, 1L, 0L, 0L, 29L, 0L, 0L, 
    0L), .Dim = c(9L, 3L), .Dimnames = structure(list(c("-1", 
    "-2", "-3", "-4", "-5", "0", "1", "2", NA), c("A", "C", NA
    )), .Names = c("", "")), class = "table"), LMmono04v2_SNP1 = structure(c(1594L, 
    154L, 6L, 1674L, 78L, 1L, 48L, 24L, 1L, 0L, 87L, 2L, 0L, 
    0L), .Dim = c(7L, 2L), .Dimnames = structure(list(c("-1", 
    "-2", "-3", "0", "1", "2", NA), c("C", NA)), .Names = c("", 
    "")), class = "table"), AKMmono01v2_SNP1 = structure(c(0L, 
    0L, 0L, 0L, 1L, 0L, 0L, 0L, 0L, 0L, 0L, 0L, 1L, 0L, 0L, 0L, 
    2825L, 367L, 19L, 1L, 2802L, 51L, 2L, 159L, 38L, 6L, 0L, 
    0L, 99L, 2L, 0L, 0L), .Dim = c(8L, 4L), .Dimnames = structure(list(
        c("-1", "-2", "-3", "-4", "0", "1", "2", NA), c("-", 
        "C", "T", NA)), .Names = c("", "")), class = "table"), 
    AKMmono10v2_SNP1 = structure(c(598L, 30L, 1L, 2197L, 22L, 
    13L, 1L, 0L, 0L, 3L, 0L, 0L, 0L, 0L, 0L, 2L, 0L, 0L, 5L, 
    0L, 0L, 100L, 0L, 0L), .Dim = c(6L, 4L), .Dimnames = structure(list(
        c("-1", "-2", "-3", "0", "1", NA), c("A", "G", "T", NA
        )), .Names = c("", "")), class = "table"),