Result <-
list(AKMmono02_SNP1 = structure(c(0L, 0L, 0L, 0L, 1L, 0L, 0L, 
0L, 0L, 0L, 0L, 0L, 1L, 0L, 0L, 0L, 1184L, 53L, 9L, 3L, 9646L, 
159L, 3L, 202L, 15L, 1L, 0L, 0L, 168L, 0L, 0L, 0L), .Dim = c(8L, 
4L), .Dimnames = structure(list(c("-1", "-2", "-3", "-4", "0", 
"1", "2", NA), c("A", "C", "T", NA)), .Names = c("", "")), class = "table"), 
    AKMmono03_SNP1 = structure(c(5604L, 720L, 88L, 6L, 1L, 11846L, 
    195L, 4L, 421L, 1L, 0L, 0L, 0L, 0L, 2L, 0L, 0L, 0L, 320L, 
    23L, 4L, 0L, 0L, 956L, 10L, 0L, 0L), .Dim = c(9L, 3L), .Dimnames = structure(list(
        c("-1", "-2", "-3", "-4", "-5", "0", "1", "2", NA), c("A", 
        "G", NA)), .Names = c("", "")), class = "table"), AKMmono05_SNP1 = structure(c(7578L, 
    1834L, 215L, 20L, 1L, 5672L, 198L, 5L, 453L, 0L, 0L, 0L, 
    0L, 0L, 1L, 0L, 0L, 0L, 2L, 0L, 0L, 0L, 0L, 0L, 0L, 0L, 0L, 
    390L, 76L, 3L, 0L, 0L, 540L, 21L, 1L, 0L), .Dim = c(9L, 4L
    ), .Dimnames = structure(list(c("-1", "-2", "-3", "-4", "-5", 
    "0", "1", "2", NA), c("A", "G", "T", NA)), .Names = c("", 
    "")), class = "table"), AKMmono11_SNP1 = structure(c(1L, 
    0L, 0L, 0L, 2L, 0L, 0L, 0L, 9547L, 989L, 27L, 5L, 4313L, 
    61L, 3L, 1044L, 1381L, 41L, 1L, 0L, 831L, 21L, 1L, 0L), .Dim = c(8L, 
    3L), .Dimnames = structure(list(c("-1", "-2", "-3", "-4", 
    "0", "1", "2", NA), c("A", "T", NA)), .Names = c("", "")), class = "table"), 
    AKMmono12_SNP1 = structure(c(0L, 0L, 0L, 0L, 1L, 0L, 0L, 
    0L, 6065L, 623L, 38L, 4L, 11214L, 283L, 5L, 240L, 0L, 0L, 
    0L, 0L, 2L, 0L, 0L, 0L, 0L, 0L, 0L, 0L, 6L, 0L, 0L, 0L, 134L, 
    9L, 0L, 0L, 1008L, 11L, 1L, 0L), .Dim = c(8L, 5L), .Dimnames = structure(list(
        c("-1", "-2", "-3", "-4", "0", "1", "2", NA), c("A", 
        "C", "G", "T", NA)), .Names = c("", "")), class = "table"), 
    AKMmono13_SNP1 = structure(c(5602L, 377L, 13L, 2L, 8430L, 
    169L, 4L, 263L, 1L, 0L, 0L, 0L, 0L, 0L, 0L, 0L, 1L, 0L, 0L, 
    0L, 0L, 0L, 0L, 0L, 164L, 2L, 0L, 0L, 507L, 9L, 0L, 0L), .Dim = c(8L, 
    4L), .Dimnames = structure(list(c("-1", "-2", "-3", "-4", 
    "0", "1", "2", NA), c("A", "C", "T", NA)), .Names = c("", 
    "")), class = "table"), AKMmono16_SNP1 = structure(c(1459L, 
    86L, 5L, 7991L, 140L, 2L, 63L, 0L, 0L, 0L, 2L, 0L, 0L, 0L, 
    0L, 0L, 0L, 3L, 0L, 0L, 0L, 25L, 0L, 0L, 457L, 11L, 0L, 0L
    ), .Dim = c(7L, 4L), .Dimnames = structure(list(c("-1", "-2", 
    "-3", "0", "1", "2", NA), c("A", "G", "T", NA)), .Names = c("", 
    "")), class = "table"), AKMmono22_SNP1 = structure(c(4718L, 
    1039L, 126L, 5L, 1L, 844L, 37L, 3L, 740L, 0L, 0L, 0L, 0L, 
    0L, 0L, 0L, 0L, 1L, 161L, 24L, 3L, 0L, 0L, 121L, 4L, 0L, 
    0L), .Dim = c(9L, 3L), .Dimnames = structure(list(c("-1", 
    "-2", "-3", "-4", "-6", "0", "1", "2", NA), c("A", "G", NA
    )), .Names = c("", "")), class = "table"), EJmono05_SNP1 = structure(c(0L, 
    0L, 0L, 1L, 0L, 0L, 0L, 784L, 55L, 2L, 5850L, 123L, 2L, 40L, 
    12L, 0L, 0L, 223L, 3L, 0L, 0L), .Dim = c(7L, 3L), .Dimnames = structure(list(
        c("-1", "-2", "-3", "0", "1", "2", NA), c("A", "T", NA
        )), .Names = c("", "")), class = "table"), EJmono16_SNP1 = structure(c(4419L, 
    308L, 19L, 1L, 4059L, 212L, 7L, 1056L, 1L, 0L, 0L, 0L, 1L, 
    0L, 0L, 0L, 29L, 0L, 0L, 0L, 57L, 0L, 0L, 0L), .Dim = c(8L, 
    3L), .Dimnames = structure(list(c("-1", "-2", "-3", "-4", 
    "0", "1", "2", NA), c("A", "G", NA)), .Names = c("", "")), class = "table"), 
    LMmono01_SNP1 = structure(c(3105L, 215L, 3L, 4L, 2L, 721L, 
    10L, 86L, 105L, 2L, 1L, 0L, 0L, 44L, 2L, 0L), .Dim = c(8L, 
    2L), .Dimnames = structure(list(c("-1", "-2", "-3", "-4", 
    "-5", "0", "1", NA), c("A", NA)), .Names = c("", "")), class = "table"), 
    LMmono03_SNP1 = structure(c(2L, 0L, 0L, 0L, 0L, 2L, 0L, 0L, 
    0L, 1934L, 522L, 85L, 11L, 4L, 1912L, 57L, 1L, 223L, 0L, 
    1L, 0L, 0L, 0L, 0L, 0L, 0L, 0L, 50L, 6L, 1L, 0L, 0L, 106L, 
    0L, 0L, 0L), .Dim = c(9L, 4L), .Dimnames = structure(list(
        c("-1", "-2", "-3", "-4", "-5", "0", "1", "2", NA), c("A", 
        "C", "T", NA)), .Names = c("", "")), class = "table"), 
    LMmono09_SNP1 = structure(c(0L, 1L, 0L, 0L, 0L, 0L, 0L, 0L, 
    0L, 0L, 1L, 0L, 0L, 0L, 0L, 0L, 0L, 0L, 4590L, 5101L, 840L, 
    32L, 1L, 1940L, 57L, 3L, 894L, 17L, 53L, 11L, 0L, 0L, 28L, 
    2L, 0L, 0L), .Dim = c(9L, 4L), .Dimnames = structure(list(
        c("-1", "-2", "-3", "-4", "-5", "0", "1", "2", NA), c("A", 
        "C", "T", NA)), .Names = c("", "")), class = "table"), 
    LMmono12_SNP1 = structure(c(1891L, 194L, 10L, 6082L, 405L, 
    19L, 289L, 0L, 1L, 0L, 0L, 0L, 0L, 0L, 0L, 0L, 0L, 1L, 0L, 
    0L, 0L, 12L, 1L, 0L, 195L, 9L, 0L, 0L), .Dim = c(7L, 4L), .Dimnames = structure(list(
        c("-1", "-2", "-3", "0", "1", "2", NA), c("A", "G", "T", 
        NA)), .Names = c("", "")), class = "table"), LMmono16_SNP1 = structure(c(4793L, 
    734L, 48L, 1L, 1L, 8481L, 542L, 27L, 3L, 1L, 382L, 1L, 0L, 
    0L, 0L, 0L, 1L, 0L, 0L, 0L, 0L, 0L, 0L, 0L, 0L, 0L, 0L, 1L, 
    0L, 0L, 0L, 0L, 0L, 0L, 0L, 0L, 0L, 0L, 6L, 2L, 0L, 0L, 0L, 
    0L, 188L, 19L, 1L, 0L, 0L, 1220L, 26L, 1L, 1L, 0L, 0L), .Dim = c(11L, 
    5L), .Dimnames = structure(list(c("-1", "-2", "-3", "-4", 
    "-5", "0", "1", "2", "3", "4", NA), c("A", "C", "G", "T", 
    NA)), .Names = c("", "")), class = "table"), MSJmono10_SNP1 = structure(c(3949L, 
    220L, 4L, 3232L, 1440L, 95L, 3L, 127L, 1L, 0L, 0L, 0L, 0L, 
    0L, 0L, 0L, 102L, 9L, 0L, 198L, 78L, 5L, 1L, 0L), .Dim = c(8L, 
    3L), .Dimnames = structure(list(c("-1", "-2", "-3", "0", 
    "1", "2", "3", NA), c("C", "G", NA)), .Names = c("", "")), class = "table"), 
    MSJmono19ms1_SNP1 = structure(c(901L, 43L, 7L, 1L, 11705L, 
    331L, 9L, 1L, 2L, 273L, 0L, 0L, 0L, 0L, 12L, 0L, 0L, 0L, 
    0L, 0L, 0L, 0L, 0L, 0L, 3L, 0L, 0L, 0L, 0L, 0L, 0L, 0L, 0L, 
    0L, 3L, 1L, 0L, 0L, 0L, 2L, 67L, 1L, 0L, 0L, 1119L, 25L, 
    0L, 0L, 0L, 0L), .Dim = c(10L, 5L), .Dimnames = structure(list(
        c("-1", "-2", "-3", "-4", "0", "1", "2", "3", "9", NA
        ), c("A", "C", "G", "T", NA)), .Names = c("", "")), class = "table"), 
    MSJmono19ms2_SNP1 = structure(c(3L, 0L, 2L, 0L, 0L, 3433L, 
    120L, 8103L, 65L, 451L, 39L, 1L, 577L, 4L, 0L), .Dim = c(5L, 
    3L), .Dimnames = structure(list(c("-1", "-2", "0", "1", NA
    ), c("A", "C", NA)), .Names = c("", "")), class = "table"), 
    MSJmono36_SNP1 = structure(c(0L, 0L, 0L, 0L, 3L, 0L, 0L, 
    0L, 1L, 0L, 0L, 0L, 0L, 0L, 0L, 0L, 4223L, 408L, 7L, 3L, 
    3599L, 101L, 4L, 547L, 1L, 0L, 0L, 0L, 0L, 0L, 0L, 0L, 37L, 
    4L, 0L, 0L, 125L, 0L, 0L, 0L), .Dim = c(8L, 5L), .Dimnames = structure(list(
        c("-1", "-2", "-3", "-4", "0", "1", "2", NA), c("A", 
        "C", "G", "T", NA)), .Names = c("", "")), class = "table"), 
    MSJmono44_SNP1 = structure(c(0L, 0L, 0L, 2L, 0L, 0L, 0L, 
    0L, 0L, 0L, 1L, 0L, 0L, 0L, 0L, 0L, 0L, 0L, 0L, 0L, 0L, 0L, 
    0L, 0L, 0L, 0L, 0L, 0L, 0L, 1L, 2168L, 121L, 3L, 0L, 1L, 
    2544L, 41L, 4L, 2L, 66L, 28L, 0L, 0L, 0L, 0L, 46L, 0L, 0L, 
    0L, 0L), .Dim = c(10L, 5L), .Dimnames = structure(list(c("-1", 
    "-2", "-3", "-5", "-6", "0", "1", "2", "4", NA), c("-", "A", 
    "G", "T", NA)), .Names = c("", "")), class = "table"), MSJmono46_SNP1 = structure(c(0L, 
    0L, 0L, 0L, 1L, 0L, 0L, 1922L, 1476L, 209L, 18L, 645L, 25L, 
    193L, 33L, 18L, 3L, 0L, 21L, 1L, 0L), .Dim = c(7L, 3L), .Dimnames = structure(list(
        c("-1", "-2", "-3", "-4", "0", "1", NA), c("A", "C", 
        NA)), .Names = c("", "")), class = "table"), LMmono04v2_SNP1 = structure(c(2252L, 
    326L, 9L, 302L, 15L, 1L, 66L, 43L, 6L, 0L, 261L, 8L, 0L, 
    2L, 40L, 6L, 1L, 32L, 2L, 0L, 0L), .Dim = c(7L, 3L), .Dimnames = structure(list(
        c("-1", "-2", "-3", "0", "1", "3", NA), c("C", "T", NA
        )), .Names = c("", "")), class = "table"), AKMmono01v2_SNP1 = structure(c(0L, 
    0L, 0L, 1L, 0L, 0L, 0L, 2L, 0L, 0L, 0L, 0L, 0L, 0L, 1L, 0L, 
    0L, 1L, 0L, 0L, 0L, 1198L, 64L, 3L, 10198L, 198L, 3L, 109L, 
    25L, 1L, 0L, 363L, 6L, 0L, 0L), .Dim = c(7L, 5L),