Result <-
list(AKMmono02_SNP1 = structure(c(0L, 0L, 0L, 1L, 0L, 0L, 0L, 
0L, 0L, 0L, 2L, 0L, 0L, 0L, 0L, 0L, 0L, 1L, 0L, 0L, 0L, 535L, 
29L, 1L, 5893L, 188L, 4L, 131L, 12L, 1L, 0L, 218L, 4L, 0L, 0L
), .Dim = c(7L, 5L), .Dimnames = structure(list(c("-1", "-2", 
"-3", "0", "1", "2", NA), c("A", "C", "G", "T", NA)), .Names = c("", 
"")), class = "table"), AKMmono03_SNP1 = structure(c(0L, 0L, 
0L, 0L, 1L, 0L, 0L, 0L, 1151L, 179L, 41L, 2L, 10664L, 235L, 8L, 
168L, 1L, 0L, 0L, 0L, 5L, 0L, 0L, 1L, 50L, 8L, 0L, 0L, 1035L, 
9L, 0L, 0L), .Dim = c(8L, 4L), .Dimnames = structure(list(c("-1", 
"-2", "-3", "-4", "0", "1", "2", NA), c("-", "A", "C", NA)), .Names = c("", 
"")), class = "table"), AKMmono05_SNP1 = structure(c(1015L, 137L, 
32L, 1L, 7122L, 287L, 9L, 1L, 155L, 1L, 0L, 0L, 0L, 2L, 1L, 0L, 
0L, 0L, 0L, 0L, 0L, 0L, 2L, 0L, 0L, 0L, 0L, 72L, 4L, 0L, 0L, 
753L, 39L, 1L, 0L, 0L), .Dim = c(9L, 4L), .Dimnames = structure(list(
    c("-1", "-2", "-3", "-4", "0", "1", "2", "3", NA), c("A", 
    "C", "T", NA)), .Names = c("", "")), class = "table"), AKMmono11_SNP1 = structure(c(0L, 
0L, 0L, 0L, 3L, 0L, 0L, 0L, 0L, 0L, 0L, 0L, 1L, 0L, 0L, 0L, 810L, 
61L, 4L, 1L, 7362L, 141L, 4L, 195L, 90L, 1L, 1L, 0L, 1175L, 33L, 
0L, 0L), .Dim = c(8L, 4L), .Dimnames = structure(list(c("-1", 
"-2", "-3", "-4", "0", "1", "2", NA), c("A", "C", "T", NA)), .Names = c("", 
"")), class = "table"), AKMmono12_SNP1 = structure(c(1373L, 102L, 
8L, 9630L, 308L, 7L, 134L, 1L, 0L, 0L, 1L, 0L, 0L, 0L, 30L, 3L, 
0L, 748L, 11L, 0L, 0L), .Dim = c(7L, 3L), .Dimnames = structure(list(
    c("-1", "-2", "-3", "0", "1", "2", NA), c("C", "T", NA)), .Names = c("", 
"")), class = "table"), AKMmono13_SNP1 = structure(c(498L, 19L, 
2L, 7936L, 242L, 11L, 1L, 94L, 0L, 0L, 0L, 2L, 0L, 0L, 0L, 0L, 
0L, 0L, 0L, 3L, 0L, 0L, 0L, 0L, 13L, 0L, 0L, 542L, 15L, 2L, 0L, 
0L), .Dim = c(8L, 4L), .Dimnames = structure(list(c("-1", "-2", 
"-3", "0", "1", "2", "3", NA), c("A", "C", "T", NA)), .Names = c("", 
"")), class = "table"), AKMmono16_SNP1 = structure(c(631L, 26L, 
2L, 6403L, 127L, 5L, 68L, 0L, 0L, 0L, 2L, 0L, 0L, 0L, 0L, 0L, 
0L, 5L, 0L, 0L, 0L, 18L, 3L, 0L, 456L, 5L, 0L, 0L), .Dim = c(7L, 
4L), .Dimnames = structure(list(c("-1", "-2", "-3", "0", "1", 
"2", NA), c("A", "G", "T", NA)), .Names = c("", "")), class = "table"), 
    AKMmono22_SNP1 = structure(c(0L, 0L, 0L, 0L, 1L, 0L, 0L, 
    0L, 0L, 664L, 110L, 10L, 3L, 5021L, 283L, 14L, 1L, 335L, 
    0L, 1L, 0L, 0L, 2L, 0L, 0L, 0L, 0L, 0L, 0L, 0L, 0L, 1L, 0L, 
    0L, 0L, 0L, 35L, 8L, 1L, 0L, 594L, 12L, 0L, 0L, 0L), .Dim = c(9L, 
    5L), .Dimnames = structure(list(c("-1", "-2", "-3", "-4", 
    "0", "1", "2", "3", NA), c("-", "A", "G", "T", NA)), .Names = c("", 
    "")), class = "table"), EJmono05_SNP1 = structure(c(0L, 0L, 
    0L, 3L, 0L, 0L, 0L, 1L, 0L, 0L, 1L, 0L, 0L, 0L, 583L, 67L, 
    3L, 6353L, 152L, 3L, 93L, 12L, 3L, 0L, 298L, 5L, 0L, 0L), .Dim = c(7L, 
    4L), .Dimnames = structure(list(c("-1", "-2", "-3", "0", 
    "1", "2", NA), c("A", "C", "T", NA)), .Names = c("", "")), class = "table"), 
    EJmono16_SNP1 = structure(c(320L, 28L, 4L, 6858L, 276L, 9L, 
    504L, 0L, 0L, 0L, 3L, 0L, 0L, 0L, 4L, 0L, 0L, 148L, 1L, 0L, 
    0L), .Dim = c(7L, 3L), .Dimnames = structure(list(c("-1", 
    "-2", "-3", "0", "1", "2", NA), c("A", "T", NA)), .Names = c("", 
    "")), class = "table"), LMmono01_SNP1 = structure(c(218L, 
    13L, 1L, 1943L, 30L, 29L, 0L, 0L, 0L, 1L, 0L, 0L, 0L, 0L, 
    0L, 1L, 0L, 0L, 9L, 0L, 0L, 161L, 3L, 0L), .Dim = c(6L, 4L
    ), .Dimnames = structure(list(c("-1", "-2", "-4", "0", "1", 
    NA), c("A", "G", "T", NA)), .Names = c("", "")), class = "table"), 
    LMmono03_SNP1 = structure(c(0L, 0L, 0L, 0L, 0L, 3L, 0L, 0L, 
    0L, 488L, 58L, 11L, 2L, 1L, 2513L, 90L, 2L, 75L, 0L, 0L, 
    0L, 0L, 0L, 1L, 0L, 0L, 0L, 15L, 0L, 0L, 0L, 0L, 357L, 1L, 
    0L, 0L), .Dim = c(9L, 4L), .Dimnames = structure(list(c("-1", 
    "-2", "-3", "-4", "-5", "0", "1", "2", NA), c("A", "C", "T", 
    NA)), .Names = c("", "")), class = "table"), LMmono09_SNP1 = structure(c(0L, 
    0L, 0L, 0L, 2L, 0L, 0L, 0L, 0L, 0L, 0L, 0L, 0L, 1L, 0L, 0L, 
    0L, 0L, 0L, 0L, 0L, 0L, 1L, 0L, 0L, 0L, 0L, 1785L, 220L, 
    23L, 1L, 7938L, 425L, 23L, 2L, 283L, 26L, 3L, 1L, 0L, 166L, 
    6L, 0L, 0L, 0L), .Dim = c(9L, 5L), .Dimnames = structure(list(
        c("-1", "-2", "-3", "-4", "0", "1", "2", "3", NA), c("A", 
        "C", "G", "T", NA)), .Names = c("", "")), class = "table"), 
    LMmono12_SNP1 = structure(c(795L, 53L, 2L, 4134L, 294L, 16L, 
    1L, 160L, 0L, 0L, 0L, 2L, 0L, 0L, 0L, 0L, 0L, 0L, 0L, 1L, 
    0L, 0L, 0L, 0L, 33L, 0L, 0L, 461L, 18L, 0L, 0L, 0L), .Dim = c(8L, 
    4L), .Dimnames = structure(list(c("-1", "-2", "-3", "0", 
    "1", "2", "3", NA), c("A", "G", "T", NA)), .Names = c("", 
    "")), class = "table"), LMmono16_SNP1 = structure(c(23L, 
    5768L, 18L, 1317L, 1L, 530L, 34L, 4L, 729L, 0L, 2L, 0L, 1L, 
    0L, 0L, 0L, 0L, 0L, 0L, 2L, 0L, 0L, 0L, 0L, 0L, 0L, 0L, 0L, 
    1L, 0L, 2L, 0L, 0L, 0L, 0L, 0L, 0L, 1062L, 0L, 75L, 0L, 57L, 
    3L, 0L, 0L), .Dim = c(9L, 5L), .Dimnames = structure(list(
        c("-1", "0", "1", "3", "4", "5", "6", "7", NA), c("A", 
        "C", "G", "T", NA)), .Names = c("", "")), class = "table"), 
    MSJmono10_SNP1 = structure(c(0L, 0L, 3L, 0L, 0L, 0L, 439L, 
    13L, 6372L, 240L, 12L, 53L, 0L, 0L, 1L, 0L, 0L, 0L, 13L, 
    2L, 380L, 19L, 0L, 0L), .Dim = c(6L, 4L), .Dimnames = structure(list(
        c("-1", "-2", "0", "1", "2", NA), c("A", "C", "T", NA
        )), .Names = c("", "")), class = "table"), MSJmono19ms1_SNP1 = structure(c(313L, 
    18L, 3L, 2L, 6618L, 153L, 6L, 304L, 0L, 0L, 0L, 0L, 16L, 
    0L, 0L, 0L, 0L, 0L, 0L, 0L, 1L, 0L, 0L, 0L, 0L, 0L, 0L, 0L, 
    7L, 0L, 0L, 0L, 31L, 1L, 0L, 0L, 1013L, 18L, 0L, 0L), .Dim = c(8L, 
    5L), .Dimnames = structure(list(c("-1", "-2", "-3", "-4", 
    "0", "1", "2", NA), c("A", "C", "G", "T", NA)), .Names = c("", 
    "")), class = "table"), MSJmono19ms2_SNP1 = structure(c(345L, 
    12L, 6900L, 114L, 94L, 0L, 0L, 1L, 0L, 0L, 3L, 0L, 568L, 
    0L, 0L), .Dim = c(5L, 3L), .Dimnames = structure(list(c("-1", 
    "-2", "0", "1", NA), c("C", "T", NA)), .Names = c("", "")), class = "table"), 
    MSJmono36_SNP1 = structure(c(0L, 0L, 0L, 2L, 0L, 0L, 0L, 
    0L, 383L, 27L, 1L, 6272L, 154L, 6L, 1L, 116L, 5L, 0L, 0L, 
    238L, 2L, 0L, 0L, 0L), .Dim = c(8L, 3L), .Dimnames = structure(list(
        c("-1", "-2", "-3", "0", "1", "2", "3", NA), c("A", "G", 
        NA)), .Names = c("", "")), class = "table"), MSJmono44_SNP1 = structure(c(0L, 
    1L, 1L, 0L, 0L, 0L, 0L, 0L, 0L, 0L, 0L, 0L, 1L, 0L, 0L, 0L, 
    0L, 0L, 202L, 12L, 0L, 3251L, 73L, 6L, 1L, 2L, 27L, 3L, 0L, 
    0L, 125L, 0L, 0L, 0L, 0L, 0L), .Dim = c(9L, 4L), .Dimnames = structure(list(
        c("-1", "-2", "-4", "0", "1", "2", "3", "4", NA), c("-", 
        "C", "T", NA)), .Names = c("", "")), class = "table"), 
    MSJmono46_SNP1 = structure(c(452L, 55L, 2L, 1L, 2494L, 174L, 
    8L, 99L, 58L, 5L, 0L, 0L, 687L, 37L, 3L, 0L), .Dim = c(8L, 
    2L), .Dimnames = structure(list(c("-1", "-2", "-3", "-4", 
    "0", "1", "2", NA), c("C", NA)), .Names = c("", "")), class = "table"), 
    LMmono04v2_SNP1 = structure(c(1L, 0L, 0L, 1L, 0L, 0L, 0L, 
    230L, 14L, 1857L, 1329L, 153L, 8L, 102L, 6L, 1L, 155L, 70L, 
    8L, 0L, 0L), .Dim = c(7L, 3L), .Dimnames = structure(list(
        c("-1", "-2", "0", "1", "2", "3", NA), c("A", "C", NA
        )), .Names = c("", "")), class = "table"), AKMmono01v2_SNP1 = structure(c(0L, 
    0L, 0L, 3L, 0L, 0L, 0L, 0L, 0L, 0L, 1L, 0L, 0L, 0L, 0L, 0L, 
    0L, 4L, 0L, 0L, 0L, 433L, 29L, 2L, 5526L, 109L, 4L, 49L, 
    16L, 2L, 1L, 476L, 8L, 0L, 0L), .Dim = c(7L, 5L), .Dimnames = structure(list(
        c("-1", "-2", "-3", "0", "1", "2", NA), c("-", "A", "G", 
        "T", NA)), .Names = c("", "")), class = "table"), AKMmono10v2_SNP1 = structure(c(191L, 
    4L, 2L, 3759L, 45L, 1L, 22L, 1L, 0L, 0L, 5L, 0L, 0L, 0L, 
    4L, 0L, 0L, 171L, 3L, 0L, 0L), .Dim = c(7L, 3L),