Result <-
list(AKMmono02_SNP1 = structure(c(0L, 0L, 1L, 0L, 0L, 0L, 494L, 
23L, 4950L, 123L, 3L, 112L, 11L, 1L, 187L, 1L, 0L, 0L), .Dim = c(6L, 
3L), .Dimnames = structure(list(c("-1", "-2", "0", "1", "2", 
NA), c("C", "T", NA)), .Names = c("", "")), class = "table"), 
    AKMmono03_SNP1 = structure(c(1390L, 258L, 65L, 8L, 11077L, 
    225L, 5L, 1L, 214L, 1L, 0L, 0L, 0L, 5L, 0L, 0L, 0L, 0L, 0L, 
    0L, 0L, 0L, 3L, 0L, 0L, 0L, 0L, 74L, 19L, 1L, 0L, 1095L, 
    15L, 1L, 0L, 0L), .Dim = c(9L, 4L), .Dimnames = structure(list(
        c("-1", "-2", "-3", "-4", "0", "1", "2", "3", NA), c("A", 
        "C", "G", NA)), .Names = c("", "")), class = "table"), 
    AKMmono05_SNP1 = structure(c(855L, 128L, 20L, 6L, 5721L, 
    252L, 7L, 160L, 0L, 0L, 0L, 0L, 3L, 0L, 0L, 0L, 1L, 0L, 0L, 
    0L, 2L, 0L, 0L, 0L, 0L, 0L, 0L, 0L, 2L, 0L, 0L, 0L, 48L, 
    3L, 0L, 0L, 653L, 20L, 1L, 0L), .Dim = c(8L, 5L), .Dimnames = structure(list(
        c("-1", "-2", "-3", "-4", "0", "1", "2", NA), c("A", 
        "C", "G", "T", NA)), .Names = c("", "")), class = "table"), 
    AKMmono11_SNP1 = structure(c(0L, 0L, 0L, 7L, 0L, 0L, 1L, 
    0L, 0L, 0L, 1L, 0L, 0L, 0L, 1061L, 82L, 3L, 8722L, 202L, 
    5L, 223L, 139L, 3L, 0L, 1354L, 36L, 0L, 0L), .Dim = c(7L, 
    4L), .Dimnames = structure(list(c("-1", "-2", "-3", "0", 
    "1", "2", NA), c("A", "C", "T", NA)), .Names = c("", "")), class = "table"), 
    AKMmono12_SNP1 = structure(c(0L, 0L, 0L, 2L, 1L, 0L, 0L, 
    1324L, 95L, 5L, 8239L, 222L, 4L, 122L, 0L, 0L, 0L, 1L, 0L, 
    0L, 0L, 0L, 0L, 0L, 4L, 0L, 0L, 0L, 35L, 4L, 0L, 663L, 7L, 
    1L, 0L), .Dim = c(7L, 5L), .Dimnames = structure(list(c("-1", 
    "-2", "-3", "0", "1", "2", NA), c("A", "C", "G", "T", NA)), .Names = c("", 
    "")), class = "table"), AKMmono13_SNP1 = structure(c(342L, 
    10L, 4920L, 191L, 4L, 68L, 0L, 0L, 1L, 0L, 0L, 0L, 9L, 0L, 
    338L, 10L, 0L, 0L), .Dim = c(6L, 3L), .Dimnames = structure(list(
        c("-1", "-2", "0", "1", "2", NA), c("A", "T", NA)), .Names = c("", 
    "")), class = "table"), AKMmono16_SNP1 = structure(c(491L, 
    25L, 2L, 4840L, 130L, 2L, 46L, 0L, 0L, 0L, 1L, 0L, 0L, 0L, 
    0L, 0L, 0L, 1L, 0L, 0L, 0L, 21L, 1L, 0L, 315L, 11L, 1L, 0L
    ), .Dim = c(7L, 4L), .Dimnames = structure(list(c("-1", "-2", 
    "-3", "0", "1", "2", NA), c("A", "C", "T", NA)), .Names = c("", 
    "")), class = "table"), AKMmono22_SNP1 = structure(c(394L, 
    55L, 18L, 2494L, 149L, 13L, 1L, 189L, 27L, 4L, 0L, 306L, 
    5L, 0L, 0L, 0L), .Dim = c(8L, 2L), .Dimnames = structure(list(
        c("-1", "-2", "-3", "0", "1", "2", "3", NA), c("A", NA
        )), .Names = c("", "")), class = "table"), EJmono05_SNP1 = structure(c(0L, 
    0L, 0L, 0L, 2L, 0L, 0L, 0L, 0L, 0L, 0L, 0L, 1L, 0L, 0L, 0L, 
    480L, 53L, 1L, 1L, 4383L, 124L, 1L, 67L, 6L, 3L, 0L, 0L, 
    202L, 7L, 0L, 0L), .Dim = c(8L, 4L), .Dimnames = structure(list(
        c("-1", "-2", "-3", "-4", "0", "1", "2", NA), c("A", 
        "G", "T", NA)), .Names = c("", "")), class = "table"), 
    EJmono16_SNP1 = structure(c(461L, 23L, 5L, 7538L, 314L, 12L, 
    1L, 529L, 0L, 0L, 0L, 1L, 0L, 0L, 0L, 0L, 0L, 0L, 0L, 1L, 
    0L, 0L, 0L, 0L, 0L, 0L, 0L, 1L, 0L, 0L, 0L, 0L, 5L, 0L, 0L, 
    168L, 10L, 0L, 0L, 0L), .Dim = c(8L, 5L), .Dimnames = structure(list(
        c("-1", "-2", "-3", "0", "1", "2", "3", NA), c("A", "C", 
        "G", "T", NA)), .Names = c("", "")), class = "table"), 
    LMmono01_SNP1 = structure(c(429L, 19L, 2L, 3824L, 76L, 90L, 
    0L, 0L, 0L, 1L, 0L, 0L, 16L, 0L, 0L, 263L, 5L, 0L), .Dim = c(6L, 
    3L), .Dimnames = structure(list(c("-1", "-2", "-3", "0", 
    "1", NA), c("A", "G", NA)), .Names = c("", "")), class = "table"), 
    LMmono03_SNP1 = structure(c(0L, 0L, 0L, 0L, 1L, 0L, 0L, 0L, 
    358L, 60L, 1L, 3L, 1578L, 73L, 2L, 49L, 0L, 0L, 0L, 0L, 3L, 
    0L, 0L, 0L, 7L, 1L, 0L, 1L, 213L, 2L, 1L, 0L), .Dim = c(8L, 
    4L), .Dimnames = structure(list(c("-1", "-2", "-3", "-4", 
    "0", "1", "2", NA), c("A", "C", "T", NA)), .Names = c("", 
    "")), class = "table"), LMmono09_SNP1 = structure(c(0L, 0L, 
    0L, 0L, 0L, 1L, 0L, 0L, 0L, 0L, 0L, 0L, 0L, 0L, 0L, 1L, 0L, 
    0L, 0L, 0L, 2208L, 375L, 38L, 6L, 1L, 9678L, 599L, 31L, 1L, 
    361L, 43L, 5L, 1L, 0L, 0L, 191L, 11L, 0L, 0L, 0L), .Dim = c(10L, 
    4L), .Dimnames = structure(list(c("-1", "-2", "-3", "-4", 
    "-5", "0", "1", "2", "3", NA), c("A", "G", "T", NA)), .Names = c("", 
    "")), class = "table"), LMmono12_SNP1 = structure(c(448L, 
    24L, 3L, 2129L, 197L, 9L, 77L, 25L, 2L, 0L, 259L, 5L, 0L, 
    0L), .Dim = c(7L, 2L), .Dimnames = structure(list(c("-1", 
    "-2", "-3", "0", "1", "2", NA), c("A", NA)), .Names = c("", 
    "")), class = "table"), LMmono16_SNP1 = structure(c(1442L, 
    130L, 5L, 5510L, 511L, 29L, 6L, 256L, 0L, 0L, 0L, 3L, 0L, 
    0L, 0L, 0L, 1L, 0L, 0L, 1L, 0L, 0L, 0L, 0L, 0L, 0L, 0L, 1L, 
    0L, 0L, 0L, 1L, 42L, 6L, 0L, 888L, 32L, 3L, 0L, 0L), .Dim = c(8L, 
    5L), .Dimnames = structure(list(c("-1", "-2", "-3", "0", 
    "1", "2", "3", NA), c("A", "C", "G", "T", NA)), .Names = c("", 
    "")), class = "table"), MSJmono10_SNP1 = structure(c(367L, 
    7L, 1L, 5382L, 221L, 11L, 47L, 0L, 0L, 0L, 2L, 0L, 0L, 0L, 
    9L, 0L, 0L, 319L, 13L, 0L, 0L), .Dim = c(7L, 3L), .Dimnames = structure(list(
        c("-1", "-2", "-3", "0", "1", "2", NA), c("C", "T", NA
        )), .Names = c("", "")), class = "table"), MSJmono19ms1_SNP1 = structure(c(241L, 
    12L, 3L, 5597L, 135L, 2L, 249L, 1L, 0L, 0L, 24L, 0L, 0L, 
    0L, 0L, 0L, 0L, 1L, 0L, 0L, 0L, 1L, 0L, 0L, 1L, 0L, 0L, 0L, 
    20L, 2L, 1L, 870L, 14L, 0L, 0L), .Dim = c(7L, 5L), .Dimnames = structure(list(
        c("-1", "-2", "-3", "0", "1", "2", NA), c("A", "C", "G", 
        "T", NA)), .Names = c("", "")), class = "table"), MSJmono19ms2_SNP1 = structure(c(0L, 
    0L, 3L, 0L, 0L, 0L, 331L, 4L, 5676L, 99L, 3L, 84L, 0L, 0L, 
    503L, 1L, 0L, 0L), .Dim = c(6L, 3L), .Dimnames = structure(list(
        c("-1", "-2", "0", "1", "2", NA), c("A", "C", NA)), .Names = c("", 
    "")), class = "table"), MSJmono36_SNP1 = structure(c(0L, 
    0L, 1L, 0L, 0L, 1L, 332L, 14L, 5015L, 109L, 1L, 113L, 4L, 
    1L, 179L, 2L, 0L, 0L), .Dim = c(6L, 3L), .Dimnames = structure(list(
        c("-1", "-2", "0", "1", "2", NA), c("A", "G", NA)), .Names = c("", 
    "")), class = "table"), MSJmono44_SNP1 = structure(c(0L, 
    0L, 0L, 0L, 1L, 0L, 0L, 0L, 1L, 0L, 0L, 0L, 1L, 0L, 0L, 0L, 
    416L, 17L, 1L, 1L, 5693L, 123L, 3L, 49L, 12L, 0L, 0L, 0L, 
    288L, 3L, 0L, 0L), .Dim = c(8L, 4L), .Dimnames = structure(list(
        c("-1", "-2", "-3", "-5", "0", "1", "2", NA), c("A", 
        "C", "T", NA)), .Names = c("", "")), class = "table"), 
    MSJmono46_SNP1 = structure(c(579L, 59L, 7L, 3L, 2799L, 215L, 
    7L, 0L, 102L, 0L, 0L, 0L, 0L, 1L, 0L, 0L, 0L, 0L, 0L, 0L, 
    0L, 0L, 2L, 0L, 0L, 0L, 0L, 67L, 5L, 0L, 0L, 708L, 60L, 2L, 
    1L, 0L), .Dim = c(9L, 4L), .Dimnames = structure(list(c("-1", 
    "-2", "-3", "-4", "0", "1", "2", "3", NA), c("C", "G", "T", 
    NA)), .Names = c("", "")), class = "table"), LMmono04v2_SNP1 = structure(c(0L, 
    0L, 1L, 0L, 0L, 0L, 130L, 7L, 979L, 42L, 3L, 17L, 5L, 1L, 
    63L, 2L, 1L, 0L), .Dim = c(6L, 3L), .Dimnames = structure(list(
        c("-1", "-2", "0", "1", "2", NA), c("A", "C", NA)), .Names = c("", 
    "")), class = "table"), AKMmono01v2_SNP1 = structure(c(2239L, 
    203L, 11L, 35L, 2L, 0L, 122L, 227L, 14L, 2L, 2517L, 48L, 
    1L, 22L, 166L, 5L, 2L, 200L, 3L, 0L, 0L), .Dim = c(7L, 3L
    ), .Dimnames = structure(list(c("-1", "-2", "-3", "0", "1", 
    "2", NA), c("C", "T", NA)), .Names = c("", "")), class = "table"), 
    AKMmono10v2_SNP1 = structure(c(3L, 0L, 128L, 1L, 2L, 68L, 
    1L, 1590L, 25L, 19L, 0L, 0L, 1L, 0L, 0L, 1L, 0L, 89L, 0L, 
    0L), .Dim = 5:4, .Dimnames = structure(list(c("-1", "-2", 
    "0", "1", NA), c("A", "G", "T", NA)), .Names = c("", "")), class = "table"), 
    AKMmono17v2_SNP1 = structure(c(1L, 0L, 2L, 0L, 0L, 0L, 111L, 
    5L, 1666L, 29L, 1L, 5L, 0L, 0L, 12L, 1L, 0L, 0L, 3L, 0L, 
    40L, 0L, 0L, 0L),