Result <-
list(AKMmono02_SNP1 = structure(c(0L, 0L, 0L, 1L, 0L, 0L, 0L, 
0L, 0L, 0L, 0L, 1L, 0L, 0L, 0L, 0L, 448L, 25L, 1L, 5414L, 83L, 
1L, 1L, 116L, 5L, 0L, 0L, 98L, 1L, 0L, 0L, 0L), .Dim = c(8L, 
4L), .Dimnames = structure(list(c("-1", "-2", "-3", "0", "1", 
"2", "3", NA), c("C", "G", "T", NA)), .Names = c("", "")), class = "table"), 
    AKMmono03_SNP1 = structure(c(835L, 105L, 44L, 2L, 6976L, 
    100L, 2L, 4L, 1L, 1L, 73L, 0L, 0L, 0L, 0L, 1L, 0L, 0L, 0L, 
    0L, 0L, 0L, 0L, 0L, 0L, 0L, 1L, 0L, 0L, 0L, 0L, 0L, 0L, 44L, 
    4L, 0L, 0L, 564L, 2L, 0L, 0L, 0L, 0L, 0L), .Dim = c(11L, 
    4L), .Dimnames = structure(list(c("-1", "-2", "-3", "-4", 
    "0", "1", "2", "3", "4", "5", NA), c("A", "G", "T", NA)), .Names = c("", 
    "")), class = "table"), AKMmono05_SNP1 = structure(c(704L, 
    103L, 17L, 1L, 4642L, 177L, 3L, 69L, 0L, 0L, 0L, 0L, 2L, 
    0L, 0L, 0L, 0L, 0L, 0L, 0L, 1L, 0L, 0L, 0L, 0L, 0L, 0L, 0L, 
    1L, 0L, 0L, 0L, 35L, 2L, 0L, 0L, 445L, 17L, 0L, 0L), .Dim = c(8L, 
    5L), .Dimnames = structure(list(c("-1", "-2", "-3", "-4", 
    "0", "1", "2", NA), c("A", "C", "G", "T", NA)), .Names = c("", 
    "")), class = "table"), AKMmono11_SNP1 = structure(c(0L, 
    0L, 0L, 0L, 0L, 0L, 0L, 2L, 0L, 0L, 0L, 0L, 0L, 11L, 0L, 
    0L, 0L, 1L, 0L, 0L, 0L, 0L, 1L, 0L, 0L, 0L, 0L, 906L, 65L, 
    4L, 1L, 7505L, 128L, 3L, 0L, 141L, 159L, 1L, 0L, 0L, 1392L, 
    20L, 0L, 0L, 0L), .Dim = c(9L, 5L), .Dimnames = structure(list(
        c("-1", "-2", "-3", "-4", "0", "1", "2", "6", NA), c("-", 
        "A", "C", "T", NA)), .Names = c("", "")), class = "table"), 
    AKMmono12_SNP1 = structure(c(1223L, 80L, 4L, 1L, 8575L, 216L, 
    8L, 70L, 0L, 0L, 0L, 0L, 2L, 0L, 0L, 0L, 0L, 0L, 0L, 0L, 
    8L, 0L, 0L, 0L, 35L, 0L, 0L, 0L, 712L, 2L, 0L, 0L), .Dim = c(8L, 
    4L), .Dimnames = structure(list(c("-1", "-2", "-3", "-4", 
    "0", "1", "2", NA), c("C", "G", "T", NA)), .Names = c("", 
    "")), class = "table"), AKMmono13_SNP1 = structure(c(495L, 
    38L, 6084L, 133L, 3L, 33L, 10L, 0L, 344L, 5L, 0L, 0L), .Dim = c(6L, 
    2L), .Dimnames = structure(list(c("-1", "-2", "0", "1", "2", 
    NA), c("A", NA)), .Names = c("", "")), class = "table"), 
    AKMmono16_SNP1 = structure(c(442L, 20L, 4160L, 37L, 24L, 
    1L, 0L, 2L, 0L, 0L, 10L, 0L, 240L, 1L, 0L), .Dim = c(5L, 
    3L), .Dimnames = structure(list(c("-1", "-2", "0", "1", NA
    ), c("A", "G", NA)), .Names = c("", "")), class = "table"), 
    AKMmono22_SNP1 = structure(c(404L, 66L, 3L, 1L, 2589L, 138L, 
    10L, 1L, 87L, 16L, 1L, 1L, 0L, 225L, 6L, 0L, 0L, 0L), .Dim = c(9L, 
    2L), .Dimnames = structure(list(c("-1", "-2", "-3", "-5", 
    "0", "1", "2", "3", NA), c("A", NA)), .Names = c("", "")), class = "table"), 
    EJmono05_SNP1 = structure(c(0L, 0L, 0L, 1L, 0L, 0L, 0L, 0L, 
    0L, 0L, 1L, 0L, 0L, 0L, 426L, 46L, 3L, 4037L, 79L, 7L, 31L, 
    16L, 2L, 0L, 136L, 1L, 0L, 0L), .Dim = c(7L, 4L), .Dimnames = structure(list(
        c("-1", "-2", "-3", "0", "1", "2", NA), c("A", "G", "T", 
        NA)), .Names = c("", "")), class = "table"), EJmono16_SNP1 = structure(c(394L, 
    26L, 3L, 5677L, 286L, 18L, 1L, 208L, 0L, 0L, 0L, 1L, 0L, 
    0L, 0L, 0L, 0L, 0L, 0L, 1L, 0L, 0L, 0L, 0L, 3L, 0L, 0L, 57L, 
    0L, 0L, 0L, 0L), .Dim = c(8L, 4L), .Dimnames = structure(list(
        c("-1", "-2", "-3", "0", "1", "2", "3", NA), c("A", "G", 
        "T", NA)), .Names = c("", "")), class = "table"), LMmono01_SNP1 = structure(c(637L, 
    39L, 5268L, 50L, 2L, 37L, 0L, 0L, 2L, 0L, 0L, 0L, 28L, 0L, 
    369L, 13L, 0L, 0L), .Dim = c(6L, 3L), .Dimnames = structure(list(
        c("-1", "-2", "0", "1", "2", NA), c("A", "G", NA)), .Names = c("", 
    "")), class = "table"), LMmono03_SNP1 = structure(c(408L, 
    65L, 12L, 2L, 1981L, 63L, 1L, 76L, 6L, 0L, 0L, 0L, 115L, 
    3L, 0L, 0L), .Dim = c(8L, 2L), .Dimnames = structure(list(
        c("-1", "-2", "-3", "-4", "0", "1", "2", NA), c("C", 
        NA)), .Names = c("", "")), class = "table"), LMmono09_SNP1 = structure(c(0L, 
    0L, 0L, 0L, 1L, 0L, 0L, 0L, 0L, 1599L, 184L, 33L, 13L, 9271L, 
    350L, 17L, 1L, 247L, 25L, 2L, 1L, 0L, 141L, 3L, 1L, 0L, 0L
    ), .Dim = c(9L, 3L), .Dimnames = structure(list(c("-1", "-2", 
    "-3", "-4", "0", "1", "2", "3", NA), c("A", "T", NA)), .Names = c("", 
    "")), class = "table"), LMmono12_SNP1 = structure(c(451L, 
    34L, 2171L, 163L, 8L, 92L, 6L, 0L, 66L, 1L, 0L, 0L), .Dim = c(6L, 
    2L), .Dimnames = structure(list(c("-1", "-2", "0", "1", "2", 
    NA), c("A", NA)), .Names = c("", "")), class = "table"), 
    LMmono16_SNP1 = structure(c(1331L, 114L, 6L, 4909L, 324L, 
    14L, 1L, 81L, 55L, 2L, 0L, 705L, 16L, 0L, 0L, 0L), .Dim = c(8L, 
    2L), .Dimnames = structure(list(c("-1", "-2", "-3", "0", 
    "1", "2", "3", NA), c("A", NA)), .Names = c("", "")), class = "table"), 
    MSJmono10_SNP1 = structure(c(0L, 0L, 2L, 0L, 0L, 0L, 453L, 
    23L, 6920L, 239L, 8L, 23L, 0L, 1L, 0L, 0L, 0L, 0L, 13L, 0L, 
    392L, 9L, 0L, 0L), .Dim = c(6L, 4L), .Dimnames = structure(list(
        c("-1", "-2", "0", "1", "2", NA), c("A", "C", "T", NA
        )), .Names = c("", "")), class = "table"), MSJmono19ms1_SNP1 = structure(c(429L, 
    31L, 7L, 1L, 1L, 6837L, 195L, 7L, 143L, 0L, 0L, 0L, 0L, 0L, 
    10L, 0L, 0L, 2L, 0L, 0L, 0L, 0L, 0L, 1L, 0L, 0L, 0L, 0L, 
    0L, 0L, 0L, 0L, 2L, 0L, 0L, 0L, 30L, 1L, 0L, 0L, 0L, 687L, 
    16L, 1L, 0L), .Dim = c(9L, 5L), .Dimnames = structure(list(
        c("-1", "-2", "-3", "-4", "-5", "0", "1", "2", NA), c("A", 
        "C", "G", "T", NA)), .Names = c("", "")), class = "table"), 
    MSJmono19ms2_SNP1 = structure(c(353L, 8L, 6885L, 71L, 1L, 
    79L, 1L, 0L, 510L, 0L, 0L, 0L), .Dim = c(6L, 2L), .Dimnames = structure(list(
        c("-1", "-2", "0", "1", "3", NA), c("C", NA)), .Names = c("", 
    "")), class = "table"), MSJmono36_SNP1 = structure(c(0L, 
    0L, 0L, 1L, 0L, 0L, 0L, 378L, 14L, 5L, 5001L, 132L, 11L, 
    72L, 2L, 0L, 1L, 147L, 1L, 0L, 0L), .Dim = c(7L, 3L), .Dimnames = structure(list(
        c("-1", "-2", "-3", "0", "1", "2", NA), c("A", "G", NA
        )), .Names = c("", "")), class = "table"), MSJmono44_SNP1 = structure(c(0L, 
    19L, 0L, 0L, 0L, 0L, 0L, 0L, 0L, 0L, 356L, 13L, 1L, 1L, 2L, 
    6468L, 98L, 7L, 1L, 38L, 3L, 1L, 0L, 0L, 0L, 128L, 5L, 0L, 
    0L, 0L), .Dim = c(10L, 3L), .Dimnames = structure(list(c("-1", 
    "-2", "-3", "-4", "-6", "0", "1", "2", "3", NA), c("-", "T", 
    NA)), .Names = c("", "")), class = "table"), MSJmono46_SNP1 = structure(c(471L, 
    56L, 4L, 2174L, 93L, 4L, 62L, 4L, 0L, 0L, 78L, 1L, 0L, 0L
    ), .Dim = c(7L, 2L), .Dimnames = structure(list(c("-1", "-2", 
    "-3", "0", "1", "2", NA), c("C", NA)), .Names = c("", "")), class = "table"), 
    LMmono04v2_SNP1 = structure(c(309L, 24L, 2L, 2046L, 83L, 
    7L, 24L, 4L, 0L, 0L, 110L, 2L, 0L, 0L), .Dim = c(7L, 2L), .Dimnames = structure(list(
        c("-1", "-2", "-3", "0", "1", "2", NA), c("C", NA)), .Names = c("", 
    "")), class = "table"), AKMmono01v2_SNP1 = structure(c(18L, 
    0L, 0L, 1L, 0L, 0L, 390L, 22L, 2L, 4890L, 89L, 40L, 7L, 0L, 
    0L, 182L, 1L, 0L), .Dim = c(6L, 3L), .Dimnames = structure(list(
        c("-1", "-2", "-3", "0", "1", NA), c("C", "T", NA)), .Names = c("", 
    "")), class = "table"), AKMmono10v2_SNP1 = structure(c(125L, 
    1L, 2396L, 26L, 6L, 0L, 0L, 1L, 0L, 0L, 2L, 0L, 85L, 1L, 
    0L), .Dim = c(5L, 3L), .Dimnames = structure(list(c("-1", 
    "-2", "0", "1", NA), c("A", "T", NA)), .Names = c("", "")), class = "table"), 
    AKMmono17v2_SNP1 = structure(c(1L, 0L, 31L, 7L, 1L, 58L, 
    3L, 979L, 24L, 12L, 4L, 0L, 42L, 0L, 0L), .Dim = c(5L, 3L
    ), .Dimnames = structure(list(c("-1", "-2", "0", "1", NA), 
        c("A", "C", NA)), .Names = c("", "")), class = "table"), 
    EJmono13v2_SNP1 = structure(c(0L, 0L, 2L, 0L, 0L, 0L, 192L, 
    2L, 2781L, 64L, 1L, 18L, 0L, 0L, 57L, 1L, 0L, 0L), .Dim = c(6L, 
    3L), .Dimnames = structure(list(c("-1", "-2", "0", "1", "2", 
    NA), c("A", "G", NA)), .Names = c("", "")), class = "table"),