Result <-
list(AKMmono02_SNP1 = structure(c(0L, 0L, 0L, 1L, 0L, 0L, 0L, 
564L, 97L, 7L, 2917L, 102L, 4L, 113L, 7L, 2L, 0L, 57L, 0L, 0L, 
0L), .Dim = c(7L, 3L), .Dimnames = structure(list(c("-1", "-2", 
"-3", "0", "1", "2", NA), c("C", "T", NA)), .Names = c("", ""
)), class = "table"), AKMmono03_SNP1 = structure(c(2215L, 1218L, 
147L, 17L, 4953L, 120L, 3L, 203L, 0L, 0L, 0L, 0L, 2L, 0L, 0L, 
0L, 1L, 0L, 0L, 0L, 2L, 1L, 0L, 0L, 97L, 35L, 4L, 0L, 387L, 6L, 
0L, 0L), .Dim = c(8L, 4L), .Dimnames = structure(list(c("-1", 
"-2", "-3", "-4", "0", "1", "2", NA), c("A", "C", "G", NA)), .Names = c("", 
"")), class = "table"), AKMmono05_SNP1 = structure(c(876L, 602L, 
104L, 8L, 3100L, 170L, 3L, 101L, 0L, 0L, 0L, 0L, 1L, 0L, 0L, 
0L, 1L, 0L, 0L, 0L, 1L, 0L, 0L, 0L, 45L, 24L, 2L, 0L, 328L, 18L, 
1L, 0L), .Dim = c(8L, 4L), .Dimnames = structure(list(c("-1", 
"-2", "-3", "-4", "0", "1", "2", NA), c("A", "C", "T", NA)), .Names = c("", 
"")), class = "table"), AKMmono11_SNP1 = structure(c(0L, 1L, 
0L, 0L, 1L, 0L, 0L, 0L, 1L, 0L, 0L, 0L, 0L, 1L, 0L, 0L, 0L, 0L, 
2525L, 334L, 13L, 1L, 5460L, 166L, 3L, 1L, 347L, 388L, 12L, 0L, 
0L, 1036L, 39L, 3L, 0L, 0L), .Dim = c(9L, 4L), .Dimnames = structure(list(
    c("-1", "-2", "-3", "-4", "0", "1", "2", "3", NA), c("A", 
    "C", "T", NA)), .Names = c("", "")), class = "table"), AKMmono12_SNP1 = structure(c(0L, 
0L, 0L, 0L, 1L, 0L, 0L, 0L, 1683L, 237L, 17L, 3L, 4607L, 152L, 
6L, 74L, 0L, 0L, 0L, 0L, 1L, 0L, 0L, 0L, 0L, 0L, 0L, 0L, 1L, 
0L, 0L, 0L, 46L, 2L, 0L, 0L, 419L, 8L, 0L, 0L), .Dim = c(8L, 
5L), .Dimnames = structure(list(c("-1", "-2", "-3", "-4", "0", 
"1", "2", NA), c("A", "C", "G", "T", NA)), .Names = c("", "")), class = "table"), 
    AKMmono13_SNP1 = structure(c(325L, 718L, 33L, 1L, 3359L, 
    152L, 7L, 47L, 10L, 5L, 0L, 0L, 193L, 2L, 0L, 0L), .Dim = c(8L, 
    2L), .Dimnames = structure(list(c("-1", "-2", "-3", "-4", 
    "0", "1", "2", NA), c("A", NA)), .Names = c("", "")), class = "table"), 
    AKMmono16_SNP1 = structure(c(1278L, 206L, 13L, 12L, 4538L, 
    169L, 1L, 51L, 0L, 0L, 0L, 0L, 2L, 0L, 0L, 1L, 26L, 3L, 0L, 
    0L, 264L, 7L, 0L, 0L), .Dim = c(8L, 3L), .Dimnames = structure(list(
        c("-1", "-2", "-3", "-4", "0", "1", "2", NA), c("A", 
        "T", NA)), .Names = c("", "")), class = "table"), AKMmono22_SNP1 = structure(c(489L, 
    347L, 90L, 8L, 2105L, 170L, 16L, 2L, 143L, 0L, 0L, 0L, 0L, 
    1L, 0L, 0L, 0L, 0L, 11L, 8L, 2L, 0L, 218L, 10L, 0L, 0L, 0L
    ), .Dim = c(9L, 3L), .Dimnames = structure(list(c("-1", "-2", 
    "-3", "-4", "0", "1", "2", "3", NA), c("A", "G", NA)), .Names = c("", 
    "")), class = "table"), EJmono05_SNP1 = structure(c(0L, 0L, 
    0L, 2L, 0L, 0L, 0L, 0L, 0L, 0L, 1L, 0L, 0L, 0L, 1455L, 103L, 
    1L, 3410L, 131L, 5L, 54L, 18L, 3L, 0L, 136L, 2L, 0L, 0L), .Dim = c(7L, 
    4L), .Dimnames = structure(list(c("-1", "-2", "-3", "0", 
    "1", "2", NA), c("A", "C", "T", NA)), .Names = c("", "")), class = "table"), 
    EJmono16_SNP1 = structure(c(1298L, 250L, 15L, 4373L, 333L, 
    21L, 3L, 454L, 10L, 2L, 0L, 61L, 1L, 0L, 0L, 0L), .Dim = c(8L, 
    2L), .Dimnames = structure(list(c("-1", "-2", "-3", "0", 
    "1", "2", "3", NA), c("A", NA)), .Names = c("", "")), class = "table"), 
    LMmono01_SNP1 = structure(c(1038L, 131L, 2L, 2991L, 72L, 
    47L, 0L, 0L, 0L, 1L, 0L, 0L, 0L, 0L, 0L, 1L, 0L, 0L, 39L, 
    3L, 0L, 215L, 7L, 0L), .Dim = c(6L, 4L), .Dimnames = structure(list(
        c("-1", "-2", "-3", "0", "1", NA), c("A", "G", "T", NA
        )), .Names = c("", "")), class = "table"), LMmono03_SNP1 = structure(c(0L, 
    0L, 0L, 0L, 0L, 0L, 4L, 0L, 0L, 0L, 642L, 279L, 739L, 200L, 
    9L, 1L, 1577L, 67L, 2L, 158L, 0L, 0L, 0L, 0L, 0L, 0L, 1L, 
    0L, 0L, 0L, 11L, 6L, 10L, 3L, 0L, 0L, 111L, 0L, 0L, 0L), .Dim = c(10L, 
    4L), .Dimnames = structure(list(c("-1", "-2", "-3", "-4", 
    "-5", "-6", "0", "1", "2", NA), c("A", "C", "T", NA)), .Names = c("", 
    "")), class = "table"), LMmono09_SNP1 = structure(c(0L, 0L, 
    0L, 0L, 2L, 0L, 0L, 0L, 0L, 0L, 0L, 0L, 0L, 1L, 0L, 0L, 0L, 
    0L, 3878L, 1042L, 209L, 11L, 10888L, 550L, 27L, 1L, 508L, 
    45L, 6L, 2L, 0L, 154L, 4L, 0L, 0L, 0L), .Dim = c(9L, 4L), .Dimnames = structure(list(
        c("-1", "-2", "-3", "-4", "0", "1", "2", "3", NA), c("C", 
        "G", "T", NA)), .Names = c("", "")), class = "table"), 
    LMmono12_SNP1 = structure(c(1148L, 195L, 11L, 1L, 2216L, 
    208L, 23L, 2L, 183L, 0L, 0L, 0L, 0L, 1L, 0L, 0L, 0L, 0L, 
    13L, 2L, 0L, 0L, 68L, 2L, 1L, 0L, 0L), .Dim = c(9L, 3L), .Dimnames = structure(list(
        c("-1", "-2", "-3", "-4", "0", "1", "2", "3", NA), c("A", 
        "G", NA)), .Names = c("", "")), class = "table"), LMmono16_SNP1 = structure(c(409L, 
    374L, 114L, 8L, 1L, 2468L, 221L, 8L, 722L, 3L, 123L, 7L, 
    1L, 221L, 0L, 1L, 0L, 0L, 0L, 0L, 0L, 0L, 0L, 0L, 0L, 0L, 
    0L, 0L, 0L, 0L, 0L, 0L, 0L, 0L, 0L, 0L, 1L, 0L, 0L, 0L, 0L, 
    0L, 11L, 10L, 4L, 0L, 0L, 399L, 8L, 0L, 36L, 0L, 9L, 0L, 
    0L, 0L), .Dim = c(14L, 4L), .Dimnames = structure(list(c("-1", 
    "-2", "-3", "-4", "-5", "0", "1", "2", "3", "4", "5", "6", 
    "7", NA), c("A", "C", "G", NA)), .Names = c("", "")), class = "table"), 
    MSJmono10_SNP1 = structure(c(1047L, 111L, 4L, 4971L, 263L, 
    16L, 1L, 37L, 29L, 2L, 0L, 327L, 13L, 0L, 0L, 0L), .Dim = c(8L, 
    2L), .Dimnames = structure(list(c("-1", "-2", "-3", "0", 
    "1", "2", "3", NA), c("C", NA)), .Names = c("", "")), class = "table"), 
    MSJmono19ms1_SNP1 = structure(c(642L, 46L, 3L, 5148L, 286L, 
    16L, 1L, 207L, 0L, 0L, 0L, 13L, 0L, 0L, 0L, 0L, 0L, 0L, 0L, 
    2L, 0L, 0L, 0L, 2L, 51L, 3L, 0L, 578L, 33L, 1L, 0L, 0L), .Dim = c(8L, 
    4L), .Dimnames = structure(list(c("-1", "-2", "-3", "0", 
    "1", "2", "5", NA), c("A", "C", "T", NA)), .Names = c("", 
    "")), class = "table"), MSJmono19ms2_SNP1 = structure(c(0L, 
    0L, 1L, 0L, 0L, 0L, 482L, 31L, 5466L, 85L, 3L, 101L, 5L, 
    0L, 423L, 1L, 0L, 0L), .Dim = c(6L, 3L), .Dimnames = structure(list(
        c("-1", "-2", "0", "1", "2", NA), c("A", "C", NA)), .Names = c("", 
    "")), class = "table"), MSJmono36_SNP1 = structure(c(0L, 
    0L, 0L, 0L, 1L, 0L, 0L, 0L, 0L, 1034L, 224L, 545L, 33L, 4571L, 
    158L, 5L, 1L, 214L, 0L, 0L, 1L, 0L, 1L, 0L, 0L, 0L, 0L, 6L, 
    4L, 8L, 0L, 157L, 3L, 0L, 0L, 0L), .Dim = c(9L, 4L), .Dimnames = structure(list(
        c("-1", "-2", "-3", "-4", "0", "1", "2", "3", NA), c("A", 
        "G", "T", NA)), .Names = c("", "")), class = "table"), 
    MSJmono44_SNP1 = structure(c(0L, 0L, 0L, 0L, 2L, 0L, 0L, 
    0L, 0L, 0L, 0L, 0L, 1L, 0L, 0L, 0L, 1073L, 106L, 4L, 1L, 
    4255L, 118L, 2L, 56L, 7L, 1L, 0L, 0L, 73L, 0L, 0L, 0L), .Dim = c(8L, 
    4L), .Dimnames = structure(list(c("-1", "-2", "-3", "-4", 
    "0", "1", "2", NA), c("C", "G", "T", NA)), .Names = c("", 
    "")), class = "table"), MSJmono46_SNP1 = structure(c(884L, 
    764L, 110L, 7L, 1728L, 128L, 9L, 121L, 13L, 16L, 0L, 0L, 
    55L, 3L, 0L, 0L), .Dim = c(8L, 2L), .Dimnames = structure(list(
        c("-1", "-2", "-3", "-4", "0", "1", "2", NA), c("C", 
        NA)), .Names = c("", "")), class = "table"), LMmono04v2_SNP1 = structure(c(414L, 
    61L, 4L, 988L, 59L, 2L, 11L, 13L, 1L, 0L, 44L, 2L, 0L, 0L
    ), .Dim = c(7L, 2L), .Dimnames = structure(list(c("-1", "-2", 
    "-3", "0", "1", "2", NA), c("C", NA)), .Names = c("", "")), class = "table"), 
    AKMmono01v2_SNP1 = structure(c(0L, 0L, 0L, 0L, 2L, 0L, 0L, 
    0L, 0L, 2L, 7L, 1L, 0L, 16L, 0L, 0L, 0L, 1L, 0L, 0L, 0L, 
    0L, 2L, 0L, 0L, 0L, 0L, 679L, 1283L, 75L, 2L, 4317L, 126L, 
    7L, 1L, 100L, 12L, 22L, 1L, 0L, 188L, 7L, 0L, 0L, 0L), .Dim = c(9L, 
    5L), .Dimnames = structure(list(c("-1", "-2", "-3", "-4", 
    "0", "1", "2", "3", NA), c("-", "C", "G", "T", NA)), .Names = c("", 
    "")), class = "table"), AKMmono10v2_SNP1 = structure(c(96L, 
    3L, 1461L, 35L, 1L, 11L, 399L, 9L, 923L, 21L, 0L, 14L, 3L, 
    1L, 113L, 3L, 0L, 0L), .Dim = c(6L, 3L), .Dimnames = structure(list(
        c("-1", "-2", "0", "1", "2", NA), c("A", "G", NA)),