Result <-
list(AKMmono02_SNP1 = structure(c(0L, 0L, 0L, 1L, 0L, 0L, 0L, 
0L, 0L, 0L, 1L, 0L, 0L, 0L, 1000L, 84L, 4L, 6270L, 157L, 12L, 
197L, 11L, 2L, 0L, 117L, 1L, 0L, 0L), .Dim = c(7L, 4L), .Dimnames = structure(list(
    c("-1", "-2", "-3", "0", "1", "2", NA), c("C", "G", "T", 
    NA)), .Names = c("", "")), class = "table"), AKMmono03_SNP1 = structure(c(2215L, 
420L, 75L, 6L, 11729L, 200L, 6L, 210L, 0L, 0L, 0L, 0L, 5L, 0L, 
0L, 0L, 113L, 20L, 0L, 0L, 925L, 9L, 0L, 0L), .Dim = c(8L, 3L
), .Dimnames = structure(list(c("-1", "-2", "-3", "-4", "0", 
"1", "2", NA), c("A", "G", NA)), .Names = c("", "")), class = "table"), 
    AKMmono05_SNP1 = structure(c(2402L, 447L, 80L, 13L, 1L, 7656L, 
    295L, 5L, 215L, 1L, 0L, 0L, 0L, 0L, 3L, 0L, 0L, 0L, 134L, 
    20L, 1L, 0L, 0L, 792L, 37L, 0L, 0L), .Dim = c(9L, 3L), .Dimnames = structure(list(
        c("-1", "-2", "-3", "-4", "-5", "0", "1", "2", NA), c("A", 
        "T", NA)), .Names = c("", "")), class = "table"), AKMmono11_SNP1 = structure(c(0L, 
    0L, 0L, 0L, 1L, 0L, 0L, 0L, 0L, 0L, 0L, 0L, 3L, 0L, 0L, 0L, 
    0L, 0L, 0L, 0L, 1L, 0L, 0L, 0L, 2485L, 391L, 15L, 1L, 8275L, 
    264L, 5L, 350L, 353L, 18L, 1L, 0L, 1596L, 60L, 3L, 0L), .Dim = c(8L, 
    5L), .Dimnames = structure(list(c("-1", "-2", "-3", "-4", 
    "0", "1", "2", NA), c("-", "A", "C", "T", NA)), .Names = c("", 
    "")), class = "table"), AKMmono12_SNP1 = structure(c(0L, 
    0L, 0L, 0L, 1L, 0L, 0L, 0L, 3834L, 615L, 33L, 1L, 11563L, 
    316L, 18L, 214L, 1L, 0L, 0L, 0L, 0L, 0L, 0L, 0L, 6L, 0L, 
    0L, 0L, 3L, 0L, 0L, 0L, 111L, 13L, 0L, 0L, 999L, 13L, 1L, 
    0L), .Dim = c(8L, 5L), .Dimnames = structure(list(c("-1", 
    "-2", "-3", "-4", "0", "1", "2", NA), c("A", "C", "G", "T", 
    NA)), .Names = c("", "")), class = "table"), AKMmono13_SNP1 = structure(c(1321L, 
    139L, 3L, 11233L, 378L, 8L, 111L, 0L, 0L, 0L, 1L, 0L, 0L, 
    0L, 0L, 0L, 0L, 1L, 0L, 0L, 0L, 0L, 0L, 0L, 2L, 0L, 0L, 0L, 
    46L, 1L, 1L, 665L, 17L, 0L, 0L), .Dim = c(7L, 5L), .Dimnames = structure(list(
        c("-1", "-2", "-3", "0", "1", "2", NA), c("A", "C", "G", 
        "T", NA)), .Names = c("", "")), class = "table"), AKMmono16_SNP1 = structure(c(3256L, 
    397L, 20L, 1L, 5991L, 147L, 2L, 97L, 0L, 0L, 0L, 0L, 1L, 
    0L, 0L, 0L, 1L, 0L, 0L, 0L, 1L, 0L, 0L, 0L, 70L, 6L, 0L, 
    0L, 385L, 4L, 0L, 0L), .Dim = c(8L, 4L), .Dimnames = structure(list(
        c("-1", "-2", "-3", "-4", "0", "1", "2", NA), c("A", 
        "G", "T", NA)), .Names = c("", "")), class = "table"), 
    AKMmono22_SNP1 = structure(c(0L, 0L, 0L, 0L, 0L, 1L, 0L, 
    0L, 0L, 1421L, 733L, 362L, 33L, 3L, 4170L, 302L, 17L, 353L, 
    0L, 0L, 1L, 0L, 0L, 0L, 0L, 0L, 0L, 43L, 19L, 5L, 0L, 0L, 
    435L, 12L, 1L, 0L), .Dim = c(9L, 4L), .Dimnames = structure(list(
        c("-1", "-2", "-3", "-4", "-5", "0", "1", "2", NA), c("-", 
        "A", "T", NA)), .Names = c("", "")), class = "table"), 
    EJmono05_SNP1 = structure(c(0L, 0L, 0L, 2L, 0L, 0L, 0L, 0L, 
    0L, 0L, 1L, 0L, 0L, 0L, 1632L, 123L, 4L, 7700L, 201L, 2L, 
    83L, 28L, 1L, 0L, 285L, 7L, 0L, 0L), .Dim = c(7L, 4L), .Dimnames = structure(list(
        c("-1", "-2", "-3", "0", "1", "2", NA), c("A", "G", "T", 
        NA)), .Names = c("", "")), class = "table"), EJmono16_SNP1 = structure(c(1761L, 
    515L, 70L, 9275L, 573L, 27L, 6L, 655L, 0L, 0L, 0L, 1L, 0L, 
    0L, 0L, 0L, 0L, 0L, 0L, 1L, 0L, 0L, 0L, 0L, 12L, 5L, 0L, 
    110L, 2L, 0L, 0L, 0L), .Dim = c(8L, 4L), .Dimnames = structure(list(
        c("-1", "-2", "-3", "0", "1", "2", "3", NA), c("A", "G", 
        "T", NA)), .Names = c("", "")), class = "table"), LMmono01_SNP1 = structure(c(2098L, 
    146L, 5703L, 154L, 2L, 74L, 0L, 0L, 1L, 0L, 0L, 0L, 0L, 0L, 
    1L, 0L, 0L, 0L, 72L, 8L, 465L, 14L, 0L, 0L), .Dim = c(6L, 
    4L), .Dimnames = structure(list(c("-1", "-2", "0", "1", "2", 
    NA), c("A", "G", "T", NA)), .Names = c("", "")), class = "table"), 
    LMmono03_SNP1 = structure(c(0L, 0L, 0L, 0L, 0L, 0L, 2L, 0L, 
    0L, 0L, 1011L, 574L, 357L, 245L, 18L, 1L, 2655L, 99L, 4L, 
    192L, 1L, 0L, 0L, 0L, 0L, 0L, 0L, 0L, 0L, 0L, 24L, 11L, 5L, 
    1L, 0L, 0L, 168L, 4L, 0L, 0L), .Dim = c(10L, 4L), .Dimnames = structure(list(
        c("-1", "-2", "-3", "-4", "-5", "-6", "0", "1", "2", 
        NA), c("A", "C", "T", NA)), .Names = c("", "")), class = "table"), 
    LMmono09_SNP1 = structure(c(0L, 0L, 0L, 0L, 1L, 0L, 0L, 0L, 
    0L, 0L, 0L, 0L, 0L, 1L, 0L, 0L, 0L, 0L, 4189L, 1294L, 133L, 
    9L, 9743L, 405L, 23L, 1L, 472L, 52L, 20L, 2L, 0L, 123L, 6L, 
    0L, 0L, 0L), .Dim = c(9L, 4L), .Dimnames = structure(list(
        c("-1", "-2", "-3", "-4", "0", "1", "2", "3", NA), c("C", 
        "G", "T", NA)), .Names = c("", "")), class = "table"), 
    LMmono12_SNP1 = structure(c(1797L, 349L, 60L, 2L, 6508L, 
    544L, 32L, 1L, 1L, 360L, 1L, 0L, 0L, 0L, 0L, 0L, 0L, 0L, 
    0L, 0L, 1L, 0L, 0L, 0L, 0L, 0L, 0L, 0L, 0L, 0L, 19L, 2L, 
    3L, 0L, 222L, 6L, 0L, 0L, 0L, 0L), .Dim = c(10L, 4L), .Dimnames = structure(list(
        c("-1", "-2", "-3", "-4", "0", "1", "2", "3", "4", NA
        ), c("A", "G", "T", NA)), .Names = c("", "")), class = "table"), 
    LMmono16_SNP1 = structure(c(2904L, 590L, 70L, 1L, 5968L, 
    498L, 34L, 15L, 1L, 294L, 0L, 0L, 0L, 0L, 1L, 0L, 0L, 0L, 
    0L, 0L, 117L, 15L, 3L, 1L, 904L, 32L, 2L, 0L, 0L, 0L), .Dim = c(10L, 
    3L), .Dimnames = structure(list(c("-1", "-2", "-3", "-4", 
    "0", "1", "2", "3", "5", NA), c("A", "G", NA)), .Names = c("", 
    "")), class = "table"), MSJmono10_SNP1 = structure(c(0L, 
    0L, 0L, 2L, 0L, 0L, 0L, 0L, 2555L, 213L, 7L, 7487L, 859L, 
    43L, 2L, 87L, 62L, 6L, 0L, 439L, 38L, 3L, 0L, 0L), .Dim = c(8L, 
    3L), .Dimnames = structure(list(c("-1", "-2", "-3", "0", 
    "1", "2", "3", NA), c("A", "C", NA)), .Names = c("", "")), class = "table"), 
    MSJmono19ms1_SNP1 = structure(c(2247L, 169L, 12L, 2L, 9089L, 
    371L, 6L, 2L, 326L, 2L, 0L, 0L, 0L, 13L, 0L, 1L, 0L, 0L, 
    0L, 0L, 0L, 0L, 1L, 0L, 0L, 0L, 0L, 2L, 0L, 0L, 0L, 5L, 0L, 
    0L, 0L, 2L, 194L, 10L, 0L, 1L, 1023L, 35L, 1L, 0L, 0L), .Dim = c(9L, 
    5L), .Dimnames = structure(list(c("-1", "-2", "-3", "-4", 
    "0", "1", "2", "3", NA), c("A", "C", "G", "T", NA)), .Names = c("", 
    "")), class = "table"), MSJmono19ms2_SNP1 = structure(c(1199L, 
    46L, 10194L, 152L, 5L, 195L, 1L, 0L, 1L, 0L, 0L, 0L, 19L, 
    2L, 748L, 5L, 0L, 0L), .Dim = c(6L, 3L), .Dimnames = structure(list(
        c("-1", "-2", "0", "1", "2", NA), c("C", "T", NA)), .Names = c("", 
    "")), class = "table"), MSJmono36_SNP1 = structure(c(0L, 
    0L, 0L, 0L, 3L, 0L, 0L, 2L, 2406L, 208L, 6L, 2L, 8768L, 410L, 
    10L, 386L, 0L, 0L, 0L, 0L, 2L, 0L, 0L, 0L, 16L, 4L, 0L, 0L, 
    282L, 7L, 0L, 0L), .Dim = c(8L, 4L), .Dimnames = structure(list(
        c("-1", "-2", "-3", "-4", "0", "1", "2", NA), c("A", 
        "G", "T", NA)), .Names = c("", "")), class = "table"), 
    MSJmono44_SNP1 = structure(c(1L, 0L, 0L, 0L, 0L, 0L, 0L, 
    2082L, 150L, 7L, 4127L, 88L, 3L, 86L, 19L, 0L, 0L, 45L, 0L, 
    0L, 0L), .Dim = c(7L, 3L), .Dimnames = structure(list(c("-1", 
    "-2", "-3", "0", "1", "2", NA), c("C", "T", NA)), .Names = c("", 
    "")), class = "table"), MSJmono46_SNP1 = structure(c(1L, 
    0L, 0L, 0L, 0L, 0L, 0L, 1146L, 279L, 30L, 2329L, 149L, 9L, 
    124L, 30L, 1L, 0L, 74L, 1L, 0L, 0L), .Dim = c(7L, 3L), .Dimnames = structure(list(
        c("-1", "-2", "-3", "0", "1", "2", NA), c("-", "C", NA
        )), .Names = c("", "")), class = "table"), LMmono04v2_SNP1 = structure(c(930L, 
    125L, 6L, 2216L, 1804L, 168L, 11L, 95L, 1L, 0L, 0L, 0L, 0L, 
    0L, 0L, 0L, 19L, 1L, 0L, 143L, 83L, 17L, 1L, 0L), .Dim = c(8L, 
    3L), .Dimnames = structure(list(c("-1", "-2", "-3", "0", 
    "1", "2", "3", NA), c("C", "T", NA)), .Names = c("", "")), class = "table"), 
    AKMmono01v2_SNP1 = structure(c(0L, 1L, 0L, 0L, 0L, 0L, 0L, 
    0L, 0L, 1L, 0L, 0L, 2L, 0L, 0L, 0L, 2056L, 1593L, 143L, 1L, 
    5526L, 125L, 2L, 164L, 41L, 29L, 1L, 0L, 230L, 6L, 0L, 0L
    ), .Dim = c(8L, 4L),