Result <-
list(AKMmono02_SNP1 = structure(c(0L, 0L, 0L, 0L, 0L, 1L, 0L, 
0L, 1L, 0L, 0L, 0L, 217L, 18L, 2933L, 56L, 2L, 64L, 7L, 1L, 121L, 
3L, 0L, 0L), .Dim = c(6L, 4L), .Dimnames = structure(list(c("-1", 
"-2", "0", "1", "2", NA), c("A", "C", "T", NA)), .Names = c("", 
"")), class = "table"), AKMmono03_SNP1 = structure(c(0L, 0L, 
0L, 0L, 1L, 0L, 0L, 0L, 476L, 85L, 10L, 1L, 5179L, 88L, 2L, 76L, 
1L, 0L, 0L, 0L, 1L, 0L, 0L, 0L, 1L, 0L, 0L, 0L, 1L, 0L, 0L, 0L, 
25L, 3L, 0L, 0L, 505L, 4L, 0L, 0L), .Dim = c(8L, 5L), .Dimnames = structure(list(
    c("-1", "-2", "-3", "-4", "0", "1", "2", NA), c("-", "A", 
    "C", "G", NA)), .Names = c("", "")), class = "table"), AKMmono05_SNP1 = structure(c(572L, 
72L, 10L, 1L, 3409L, 121L, 2L, 96L, 0L, 0L, 0L, 0L, 6L, 0L, 0L, 
0L, 40L, 4L, 0L, 0L, 383L, 11L, 0L, 0L), .Dim = c(8L, 3L), .Dimnames = structure(list(
    c("-1", "-2", "-3", "-4", "0", "1", "2", NA), c("A", "C", 
    NA)), .Names = c("", "")), class = "table"), AKMmono11_SNP1 = structure(c(0L, 
0L, 0L, 4L, 0L, 0L, 0L, 0L, 0L, 0L, 1L, 0L, 0L, 0L, 0L, 0L, 0L, 
1L, 0L, 0L, 0L, 582L, 42L, 2L, 5105L, 88L, 2L, 115L, 57L, 4L, 
0L, 808L, 12L, 2L, 0L), .Dim = c(7L, 5L), .Dimnames = structure(list(
    c("-1", "-2", "-3", "0", "1", "2", NA), c("A", "C", "G", 
    "T", NA)), .Names = c("", "")), class = "table"), AKMmono12_SNP1 = structure(c(0L, 
0L, 0L, 2L, 0L, 0L, 0L, 537L, 27L, 4L, 3845L, 86L, 3L, 48L, 0L, 
0L, 0L, 2L, 0L, 0L, 0L, 16L, 1L, 0L, 344L, 2L, 1L, 0L), .Dim = c(7L, 
4L), .Dimnames = structure(list(c("-1", "-2", "-3", "0", "1", 
"2", NA), c("A", "C", "T", NA)), .Names = c("", "")), class = "table"), 
    AKMmono13_SNP1 = structure(c(224L, 13L, 2L, 1L, 4314L, 112L, 
    7L, 44L, 0L, 0L, 0L, 0L, 1L, 0L, 0L, 0L, 0L, 0L, 0L, 0L, 
    1L, 0L, 0L, 0L, 9L, 0L, 0L, 0L, 307L, 4L, 0L, 0L), .Dim = c(8L, 
    4L), .Dimnames = structure(list(c("-1", "-2", "-3", "-4", 
    "0", "1", "2", NA), c("A", "C", "T", NA)), .Names = c("", 
    "")), class = "table"), AKMmono16_SNP1 = structure(c(288L, 
    14L, 2L, 3871L, 71L, 1L, 34L, 0L, 0L, 0L, 2L, 0L, 0L, 0L, 
    0L, 0L, 0L, 1L, 0L, 0L, 0L, 0L, 0L, 0L, 4L, 0L, 0L, 0L, 8L, 
    0L, 0L, 275L, 6L, 1L, 0L), .Dim = c(7L, 5L), .Dimnames = structure(list(
        c("-1", "-2", "-3", "0", "1", "2", NA), c("A", "C", "G", 
        "T", NA)), .Names = c("", "")), class = "table"), AKMmono22_SNP1 = structure(c(378L, 
    64L, 23L, 2988L, 132L, 5L, 1L, 187L, 0L, 0L, 0L, 0L, 0L, 
    0L, 0L, 1L, 0L, 0L, 0L, 1L, 0L, 0L, 0L, 0L, 18L, 3L, 0L, 
    360L, 7L, 0L, 0L, 0L), .Dim = c(8L, 4L), .Dimnames = structure(list(
        c("-1", "-2", "-3", "0", "1", "2", "3", NA), c("A", "G", 
        "T", NA)), .Names = c("", "")), class = "table"), EJmono05_SNP1 = structure(c(0L, 
    0L, 0L, 1L, 0L, 0L, 0L, 0L, 0L, 0L, 1L, 0L, 0L, 0L, 0L, 0L, 
    0L, 2L, 0L, 0L, 0L, 406L, 24L, 2L, 3733L, 79L, 1L, 56L, 7L, 
    1L, 0L, 174L, 4L, 0L, 0L), .Dim = c(7L, 5L), .Dimnames = structure(list(
        c("-1", "-2", "-3", "0", "1", "2", NA), c("A", "C", "G", 
        "T", NA)), .Names = c("", "")), class = "table"), EJmono16_SNP1 = structure(c(144L, 
    8L, 3003L, 84L, 4L, 206L, 0L, 0L, 1L, 0L, 0L, 0L, 0L, 0L, 
    71L, 2L, 0L, 0L), .Dim = c(6L, 3L), .Dimnames = structure(list(
        c("-1", "-2", "0", "1", "2", NA), c("A", "G", NA)), .Names = c("", 
    "")), class = "table"), LMmono01_SNP1 = structure(c(370L, 
    14L, 2L, 3207L, 54L, 1L, 67L, 23L, 0L, 0L, 277L, 2L, 0L, 
    0L), .Dim = c(7L, 2L), .Dimnames = structure(list(c("-1", 
    "-2", "-3", "0", "1", "2", NA), c("A", NA)), .Names = c("", 
    "")), class = "table"), LMmono03_SNP1 = structure(c(0L, 0L, 
    0L, 0L, 0L, 2L, 0L, 0L, 0L, 426L, 53L, 3L, 1L, 1L, 2045L, 
    61L, 3L, 61L, 12L, 0L, 0L, 0L, 0L, 268L, 2L, 0L, 0L), .Dim = c(9L, 
    3L), .Dimnames = structure(list(c("-1", "-2", "-3", "-4", 
    "-5", "0", "1", "2", NA), c("A", "C", NA)), .Names = c("", 
    "")), class = "table"), LMmono09_SNP1 = structure(c(0L, 0L, 
    0L, 2L, 0L, 0L, 0L, 714L, 51L, 2L, 6432L, 208L, 8L, 168L, 
    1L, 1L, 0L, 89L, 0L, 0L, 0L), .Dim = c(7L, 3L), .Dimnames = structure(list(
        c("-1", "-2", "-3", "0", "1", "2", NA), c("C", "T", NA
        )), .Names = c("", "")), class = "table"), LMmono12_SNP1 = structure(c(444L, 
    32L, 2521L, 155L, 4L, 66L, 0L, 0L, 3L, 0L, 0L, 0L, 28L, 1L, 
    271L, 9L, 0L, 0L), .Dim = c(6L, 3L), .Dimnames = structure(list(
        c("-1", "-2", "0", "1", "2", NA), c("A", "T", NA)), .Names = c("", 
    "")), class = "table"), LMmono16_SNP1 = structure(c(339L, 
    28L, 5L, 2952L, 107L, 3L, 342L, 1L, 96L, 4L, 1L, 260L, 10L, 
    0L, 0L, 532L, 5L, 0L, 13L, 1L, 16L, 0L, 0L, 0L), .Dim = c(12L, 
    2L), .Dimnames = structure(list(c("-1", "-2", "-3", "0", 
    "1", "2", "3", "4", "5", "6", "7", NA), c("A", NA)), .Names = c("", 
    "")), class = "table"), MSJmono10_SNP1 = structure(c(201L, 
    2L, 4070L, 103L, 9L, 1L, 24L, 11L, 0L, 257L, 6L, 1L, 0L, 
    0L), .Dim = c(7L, 2L), .Dimnames = structure(list(c("-1", 
    "-2", "0", "1", "2", "3", NA), c("C", NA)), .Names = c("", 
    "")), class = "table"), MSJmono19ms1_SNP1 = structure(c(0L, 
    0L, 0L, 1L, 0L, 0L, 0L, 146L, 10L, 2L, 4134L, 92L, 1L, 172L, 
    0L, 0L, 0L, 19L, 0L, 0L, 0L, 0L, 0L, 0L, 1L, 0L, 0L, 0L, 
    0L, 2L, 0L, 2L, 0L, 0L, 0L, 19L, 0L, 0L, 648L, 10L, 0L, 0L
    ), .Dim = 7:6, .Dimnames = structure(list(c("-1", "-2", "-3", 
    "0", "1", "2", NA), c("-", "A", "C", "G", "T", NA)), .Names = c("", 
    "")), class = "table"), MSJmono19ms2_SNP1 = structure(c(197L, 
    4203L, 45L, 1L, 47L, 0L, 1L, 0L, 0L, 0L, 6L, 376L, 0L, 0L, 
    0L), .Dim = c(5L, 3L), .Dimnames = structure(list(c("-1", 
    "0", "1", "2", NA), c("C", "T", NA)), .Names = c("", "")), class = "table"), 
    MSJmono36_SNP1 = structure(c(0L, 0L, 0L, 1L, 0L, 0L, 0L, 
    281L, 11L, 1L, 4525L, 85L, 1L, 79L, 0L, 0L, 0L, 2L, 0L, 0L, 
    0L, 1L, 0L, 0L, 188L, 1L, 0L, 0L), .Dim = c(7L, 4L), .Dimnames = structure(list(
        c("-1", "-2", "-4", "0", "1", "2", NA), c("A", "G", "T", 
        NA)), .Names = c("", "")), class = "table"), MSJmono44_SNP1 = structure(c(172L, 
    4L, 3087L, 50L, 1L, 17L, 2L, 0L, 168L, 1L, 0L, 0L), .Dim = c(6L, 
    2L), .Dimnames = structure(list(c("-1", "-2", "0", "1", "2", 
    NA), c("T", NA)), .Names = c("", "")), class = "table"), 
    MSJmono46_SNP1 = structure(c(327L, 24L, 4L, 0L, 1765L, 126L, 
    2L, 77L, 1L, 0L, 0L, 0L, 2L, 0L, 0L, 1L, 37L, 3L, 1L, 1L, 
    517L, 24L, 3L, 0L), .Dim = c(8L, 3L), .Dimnames = structure(list(
        c("-1", "-2", "-3", "-4", "0", "1", "2", NA), c("C", 
        "T", NA)), .Names = c("", "")), class = "table"), LMmono04v2_SNP1 = structure(c(312L, 
    15L, 2399L, 94L, 3L, 27L, 13L, 0L, 155L, 4L, 0L, 0L), .Dim = c(6L, 
    2L), .Dimnames = structure(list(c("-1", "-2", "0", "1", "2", 
    NA), c("C", NA)), .Names = c("", "")), class = "table"), 
    AKMmono01v2_SNP1 = structure(c(270L, 12L, 6L, 3190L, 46L, 
    1L, 31L, 16L, 0L, 0L, 273L, 2L, 0L, 0L), .Dim = c(7L, 2L), .Dimnames = structure(list(
        c("-1", "-2", "-3", "0", "1", "2", NA), c("T", NA)), .Names = c("", 
    "")), class = "table"), AKMmono10v2_SNP1 = structure(c(51L, 
    0L, 1201L, 15L, 10L, 44L, 1L, 1346L, 12L, 11L, 0L, 0L, 1L, 
    0L, 0L, 2L, 0L, 128L, 3L, 0L), .Dim = 5:4, .Dimnames = structure(list(
        c("-1", "-2", "0", "1", NA), c("A", "G", "T", NA)), .Names = c("", 
    "")), class = "table"), AKMmono17v2_SNP1 = structure(c(35L, 
    1L, 663L, 7L, 11L, 29L, 2L, 694L, 19L, 4L, 2L, 0L, 74L, 1L, 
    0L), .Dim = c(5L, 3L), .Dimnames = structure(list(c("-1", 
    "-2", "0", "1", NA), c("A", "C", NA)), .Names = c("", "")), class = "table"), 
    EJmono13v2_SNP1 = structure(c(1L, 0L, 9L, 0L, 0L, 0L, 147L, 
    4L, 2131L, 65L, 4L, 11L, 9L, 0L, 171L, 4L, 0L, 0L), .Dim = c(6L, 
    3L), .Dimnames = structure(list(c("-1", "-2", "0", "1", "2", 
    NA), c("A", "G", NA)), .Names = c("", "")), class = "table"),