Result <-
list(AKMmono02_SNP1 = structure(c(0L, 0L, 0L, 1L, 0L, 0L, 0L, 
299L, 16L, 26L, 2844L, 107L, 3L, 72L, 11L, 1L, 0L, 114L, 1L, 
0L, 0L), .Dim = c(7L, 3L), .Dimnames = structure(list(c("-1", 
"-2", "-3", "0", "1", "2", NA), c("A", "T", NA)), .Names = c("", 
"")), class = "table"), AKMmono03_SNP1 = structure(c(1066L, 209L, 
64L, 2L, 9044L, 212L, 6L, 179L, 2L, 0L, 0L, 0L, 4L, 0L, 0L, 0L, 
0L, 0L, 0L, 0L, 1L, 0L, 0L, 0L, 0L, 0L, 0L, 0L, 1L, 0L, 0L, 0L, 
57L, 13L, 1L, 0L, 812L, 14L, 0L, 0L), .Dim = c(8L, 5L), .Dimnames = structure(list(
    c("-1", "-2", "-3", "-4", "0", "1", "2", NA), c("A", "C", 
    "G", "T", NA)), .Names = c("", "")), class = "table"), AKMmono05_SNP1 = structure(c(881L, 
129L, 16L, 4L, 6090L, 262L, 6L, 1L, 168L, 0L, 0L, 0L, 0L, 4L, 
1L, 0L, 0L, 0L, 1L, 0L, 0L, 0L, 1L, 0L, 0L, 0L, 0L, 0L, 0L, 0L, 
0L, 4L, 0L, 0L, 0L, 0L, 59L, 4L, 0L, 0L, 677L, 28L, 1L, 0L, 0L
), .Dim = c(9L, 5L), .Dimnames = structure(list(c("-1", "-2", 
"-3", "-4", "0", "1", "2", "3", NA), c("A", "C", "G", "T", NA
)), .Names = c("", "")), class = "table"), AKMmono11_SNP1 = structure(c(1L, 
0L, 0L, 7L, 0L, 0L, 0L, 0L, 0L, 0L, 0L, 0L, 0L, 1L, 895L, 60L, 
4L, 7867L, 148L, 4L, 202L, 114L, 4L, 1L, 1219L, 38L, 0L, 0L), .Dim = c(7L, 
4L), .Dimnames = structure(list(c("-1", "-2", "-3", "0", "1", 
"2", NA), c("A", "G", "T", NA)), .Names = c("", "")), class = "table"), 
    AKMmono12_SNP1 = structure(c(0L, 0L, 0L, 2L, 0L, 0L, 0L, 
    784L, 58L, 5L, 5764L, 170L, 8L, 96L, 0L, 0L, 0L, 2L, 0L, 
    0L, 0L, 15L, 0L, 0L, 478L, 3L, 0L, 0L), .Dim = c(7L, 4L), .Dimnames = structure(list(
        c("-1", "-2", "-3", "0", "1", "2", NA), c("A", "C", "T", 
        NA)), .Names = c("", "")), class = "table"), AKMmono13_SNP1 = structure(c(532L, 
    34L, 1L, 8378L, 259L, 3L, 112L, 0L, 0L, 0L, 1L, 0L, 0L, 0L, 
    0L, 0L, 0L, 1L, 0L, 0L, 0L, 20L, 0L, 0L, 622L, 15L, 0L, 0L
    ), .Dim = c(7L, 4L), .Dimnames = structure(list(c("-1", "-2", 
    "-4", "0", "1", "2", NA), c("A", "C", "T", NA)), .Names = c("", 
    "")), class = "table"), AKMmono16_SNP1 = structure(c(481L, 
    19L, 3L, 4404L, 112L, 2L, 58L, 0L, 0L, 0L, 1L, 0L, 0L, 0L, 
    1L, 0L, 0L, 3L, 0L, 0L, 0L, 18L, 0L, 0L, 318L, 9L, 0L, 0L
    ), .Dim = c(7L, 4L), .Dimnames = structure(list(c("-1", "-2", 
    "-3", "0", "1", "2", NA), c("A", "G", "T", NA)), .Names = c("", 
    "")), class = "table"), AKMmono22_SNP1 = structure(c(448L, 
    81L, 14L, 1L, 3417L, 215L, 20L, 1L, 1L, 257L, 0L, 0L, 0L, 
    0L, 1L, 0L, 0L, 0L, 0L, 0L, 1L, 0L, 0L, 0L, 2L, 0L, 0L, 0L, 
    0L, 1L, 0L, 0L, 0L, 0L, 1L, 0L, 0L, 0L, 0L, 1L, 29L, 3L, 
    0L, 0L, 386L, 10L, 1L, 0L, 0L, 0L), .Dim = c(10L, 5L), .Dimnames = structure(list(
        c("-1", "-2", "-3", "-4", "0", "1", "2", "3", "4", NA
        ), c("A", "C", "G", "T", NA)), .Names = c("", "")), class = "table"), 
    EJmono05_SNP1 = structure(c(0L, 0L, 0L, 1L, 0L, 0L, 0L, 372L, 
    25L, 1L, 3894L, 96L, 3L, 56L, 9L, 0L, 0L, 176L, 2L, 0L, 0L
    ), .Dim = c(7L, 3L), .Dimnames = structure(list(c("-1", "-2", 
    "-3", "0", "1", "2", NA), c("A", "T", NA)), .Names = c("", 
    "")), class = "table"), EJmono16_SNP1 = structure(c(418L, 
    24L, 1L, 6701L, 274L, 15L, 1L, 528L, 0L, 0L, 0L, 1L, 0L, 
    0L, 0L, 0L, 0L, 0L, 0L, 1L, 0L, 0L, 0L, 0L, 3L, 1L, 0L, 125L, 
    2L, 0L, 0L, 0L), .Dim = c(8L, 4L), .Dimnames = structure(list(
        c("-1", "-2", "-5", "0", "1", "2", "3", NA), c("A", "G", 
        "T", NA)), .Names = c("", "")), class = "table"), LMmono01_SNP1 = structure(c(396L, 
    21L, 3431L, 89L, 4L, 90L, 0L, 0L, 1L, 0L, 0L, 0L, 0L, 0L, 
    2L, 0L, 0L, 0L, 15L, 1L, 292L, 5L, 0L, 0L), .Dim = c(6L, 
    4L), .Dimnames = structure(list(c("-1", "-2", "0", "1", "2", 
    NA), c("A", "G", "T", NA)), .Names = c("", "")), class = "table"), 
    LMmono03_SNP1 = structure(c(357L, 56L, 4L, 1L, 1424L, 52L, 
    1L, 61L, 7L, 1L, 0L, 0L, 201L, 7L, 0L, 0L), .Dim = c(8L, 
    2L), .Dimnames = structure(list(c("-1", "-2", "-3", "-4", 
    "0", "1", "2", NA), c("C", NA)), .Names = c("", "")), class = "table"), 
    LMmono09_SNP1 = structure(c(864L, 63L, 13L, 6511L, 255L, 
    12L, 226L, 3L, 0L, 0L, 110L, 0L, 1L, 0L), .Dim = c(7L, 2L
    ), .Dimnames = structure(list(c("-1", "-2", "-3", "0", "1", 
    "2", NA), c("T", NA)), .Names = c("", "")), class = "table"), 
    LMmono12_SNP1 = structure(c(492L, 28L, 2L, 2554L, 209L, 9L, 
    1L, 0L, 89L, 0L, 0L, 0L, 1L, 0L, 0L, 0L, 0L, 0L, 24L, 1L, 
    0L, 312L, 8L, 2L, 0L, 1L, 0L), .Dim = c(9L, 3L), .Dimnames = structure(list(
        c("-1", "-2", "-3", "0", "1", "2", "4", "5", NA), c("A", 
        "G", NA)), .Names = c("", "")), class = "table"), LMmono16_SNP1 = structure(c(601L, 
    71L, 12L, 5109L, 230L, 16L, 669L, 1L, 246L, 16L, 0L, 467L, 
    0L, 0L, 0L, 2L, 0L, 0L, 0L, 0L, 0L, 0L, 0L, 0L, 0L, 0L, 0L, 
    1L, 0L, 0L, 0L, 0L, 0L, 0L, 0L, 0L, 23L, 4L, 0L, 888L, 18L, 
    0L, 45L, 0L, 25L, 3L, 1L, 0L), .Dim = c(12L, 4L), .Dimnames = structure(list(
        c("-1", "-2", "-3", "0", "1", "2", "3", "4", "5", "6", 
        "7", NA), c("A", "C", "T", NA)), .Names = c("", "")), class = "table"), 
    MSJmono10_SNP1 = structure(c(217L, 10L, 3470L, 144L, 6L, 
    37L, 7L, 0L, 223L, 13L, 0L, 0L), .Dim = c(6L, 2L), .Dimnames = structure(list(
        c("-1", "-2", "0", "1", "2", NA), c("C", NA)), .Names = c("", 
    "")), class = "table"), MSJmono19ms1_SNP1 = structure(c(414L, 
    30L, 3L, 3L, 10062L, 226L, 11L, 485L, 3L, 0L, 0L, 0L, 31L, 
    1L, 0L, 2L, 0L, 0L, 0L, 0L, 1L, 0L, 0L, 0L, 2L, 0L, 0L, 0L, 
    11L, 0L, 0L, 1L, 42L, 3L, 0L, 0L, 1476L, 36L, 0L, 0L), .Dim = c(8L, 
    5L), .Dimnames = structure(list(c("-1", "-2", "-3", "-4", 
    "0", "1", "2", NA), c("A", "C", "G", "T", NA)), .Names = c("", 
    "")), class = "table"), MSJmono19ms2_SNP1 = structure(c(536L, 
    15L, 10342L, 160L, 5L, 163L, 6L, 0L, 855L, 3L, 0L, 0L), .Dim = c(6L, 
    2L), .Dimnames = structure(list(c("-1", "-2", "0", "1", "2", 
    NA), c("C", NA)), .Names = c("", "")), class = "table"), 
    MSJmono36_SNP1 = structure(c(0L, 0L, 0L, 3L, 0L, 0L, 0L, 
    0L, 768L, 32L, 1L, 10266L, 280L, 8L, 1L, 233L, 0L, 0L, 0L, 
    2L, 0L, 0L, 0L, 0L, 4L, 1L, 1L, 372L, 5L, 1L, 0L, 0L), .Dim = c(8L, 
    4L), .Dimnames = structure(list(c("-1", "-2", "-3", "0", 
    "1", "2", "3", NA), c("A", "G", "T", NA)), .Names = c("", 
    "")), class = "table"), MSJmono44_SNP1 = structure(c(0L, 
    0L, 0L, 1L, 0L, 0L, 0L, 0L, 0L, 0L, 1L, 0L, 0L, 0L, 430L, 
    28L, 1L, 6856L, 151L, 2L, 49L, 15L, 1L, 0L, 334L, 4L, 0L, 
    0L), .Dim = c(7L, 4L), .Dimnames = structure(list(c("-1", 
    "-2", "-5", "0", "1", "2", NA), c("A", "G", "T", NA)), .Names = c("", 
    "")), class = "table"), MSJmono46_SNP1 = structure(c(178L, 
    23L, 3L, 2L, 811L, 85L, 3L, 33L, 0L, 0L, 0L, 0L, 2L, 0L, 
    0L, 0L, 23L, 2L, 0L, 0L, 185L, 24L, 2L, 0L), .Dim = c(8L, 
    3L), .Dimnames = structure(list(c("-1", "-2", "-3", "-4", 
    "0", "1", "2", NA), c("C", "T", NA)), .Names = c("", "")), class = "table"), 
    LMmono04v2_SNP1 = structure(c(0L, 0L, 1L, 0L, 0L, 0L, 292L, 
    41L, 2284L, 128L, 2L, 26L, 5L, 1L, 152L, 2L, 1L, 0L), .Dim = c(6L, 
    3L), .Dimnames = structure(list(c("-1", "-2", "0", "1", "2", 
    NA), c("A", "C", NA)), .Names = c("", "")), class = "table"), 
    AKMmono01v2_SNP1 = structure(c(1768L, 134L, 2L, 47L, 0L, 
    0L, 120L, 197L, 7L, 0L, 2178L, 45L, 1L, 20L, 139L, 10L, 1L, 
    205L, 4L, 0L, 0L), .Dim = c(7L, 3L), .Dimnames = structure(list(
        c("-1", "-2", "-3", "0", "1", "2", NA), c("C", "T", NA
        )), .Names = c("", "")), class = "table"), AKMmono10v2_SNP1 = structure(c(46L, 
    4L, 765L, 15L, 5L, 43L, 1L, 725L, 11L, 5L, 1L, 1L, 70L, 1L, 
    0L), .Dim = c(5L, 3L), .Dimnames = structure(list(c("-1", 
    "-2", "0", "1", NA), c("A", "G", NA)), .Names = c("", "")), class = "table"), 
    AKMmono17v2_SNP1 = structure(c(27L, 1L, 262L, 3L, 2L, 11L, 
    1L, 230L, 7L, 3L, 0L, 0L, 28L, 0L, 0L), .Dim = c(5L, 3L), .Dimnames = structure(list(
        c("-1", "-2", "0", "1", NA), c("A", "C", NA)), .Names = c("", 
    "")),