Result <-
list(AKMmono02_SNP1 = structure(c(0L, 0L, 0L, 1L, 0L, 0L, 0L, 
0L, 0L, 1L, 0L, 0L, 262L, 14L, 1L, 2827L, 77L, 66L, 6L, 0L, 0L, 
89L, 0L, 0L), .Dim = c(6L, 4L), .Dimnames = structure(list(c("-1", 
"-2", "-4", "0", "1", NA), c("A", "G", "T", NA)), .Names = c("", 
"")), class = "table"), AKMmono03_SNP1 = structure(c(448L, 91L, 
26L, 14L, 4459L, 47L, 4L, 61L, 0L, 0L, 0L, 0L, 2L, 0L, 0L, 1L, 
0L, 0L, 0L, 0L, 1L, 0L, 0L, 0L, 20L, 6L, 1L, 2L, 471L, 3L, 0L, 
0L), .Dim = c(8L, 4L), .Dimnames = structure(list(c("-1", "-2", 
"-3", "-4", "0", "1", "2", NA), c("A", "C", "G", NA)), .Names = c("", 
"")), class = "table"), AKMmono05_SNP1 = structure(c(540L, 65L, 
8L, 3L, 3495L, 152L, 2L, 81L, 0L, 0L, 0L, 0L, 1L, 0L, 0L, 0L, 
1L, 0L, 0L, 0L, 3L, 0L, 0L, 0L, 32L, 3L, 0L, 0L, 333L, 12L, 0L, 
0L), .Dim = c(8L, 4L), .Dimnames = structure(list(c("-1", "-2", 
"-3", "-4", "0", "1", "2", NA), c("A", "C", "T", NA)), .Names = c("", 
"")), class = "table"), AKMmono11_SNP1 = structure(c(1L, 0L, 
0L, 2L, 0L, 0L, 0L, 474L, 34L, 6L, 4337L, 77L, 1L, 108L, 53L, 
2L, 0L, 674L, 16L, 1L, 0L), .Dim = c(7L, 3L), .Dimnames = structure(list(
    c("-1", "-2", "-3", "0", "1", "2", NA), c("A", "T", NA)), .Names = c("", 
"")), class = "table"), AKMmono12_SNP1 = structure(c(1775L, 193L, 
6L, 1L, 1760L, 33L, 2L, 114L, 1L, 0L, 0L, 0L, 0L, 0L, 0L, 0L, 
42L, 5L, 0L, 0L, 151L, 1L, 0L, 0L), .Dim = c(8L, 3L), .Dimnames = structure(list(
    c("-1", "-2", "-3", "-4", "0", "1", "2", NA), c("C", "T", 
    NA)), .Names = c("", "")), class = "table"), AKMmono13_SNP1 = structure(c(244L, 
14L, 1L, 4134L, 99L, 3L, 50L, 0L, 0L, 0L, 1L, 0L, 0L, 0L, 0L, 
0L, 0L, 2L, 0L, 0L, 0L, 9L, 1L, 0L, 284L, 6L, 0L, 0L), .Dim = c(7L, 
4L), .Dimnames = structure(list(c("-1", "-2", "-3", "0", "1", 
"2", NA), c("A", "C", "G", NA)), .Names = c("", "")), class = "table"), 
    AKMmono16_SNP1 = structure(c(295L, 17L, 3591L, 77L, 1L, 27L, 
    0L, 0L, 1L, 0L, 0L, 0L, 0L, 0L, 1L, 0L, 0L, 0L, 0L, 0L, 3L, 
    0L, 0L, 0L, 8L, 0L, 241L, 4L, 0L, 0L), .Dim = 6:5, .Dimnames = structure(list(
        c("-1", "-2", "0", "1", "2", NA), c("A", "C", "G", "T", 
        NA)), .Names = c("", "")), class = "table"), AKMmono22_SNP1 = structure(c(313L, 
    61L, 6L, 2308L, 105L, 4L, 164L, 0L, 0L, 0L, 2L, 0L, 0L, 0L, 
    18L, 2L, 1L, 230L, 9L, 0L, 0L), .Dim = c(7L, 3L), .Dimnames = structure(list(
        c("-1", "-2", "-3", "0", "1", "2", NA), c("A", "G", NA
        )), .Names = c("", "")), class = "table"), EJmono05_SNP1 = structure(c(0L, 
    0L, 0L, 2L, 0L, 0L, 0L, 0L, 0L, 0L, 1L, 0L, 0L, 0L, 293L, 
    31L, 10L, 3313L, 66L, 1L, 52L, 10L, 1L, 0L, 149L, 4L, 0L, 
    0L), .Dim = c(7L, 4L), .Dimnames = structure(list(c("-1", 
    "-2", "-3", "0", "1", "2", NA), c("A", "C", "T", NA)), .Names = c("", 
    "")), class = "table"), EJmono16_SNP1 = structure(c(139L, 
    11L, 2L, 1L, 2920L, 109L, 1L, 195L, 1L, 0L, 0L, 0L, 60L, 
    0L, 0L, 0L), .Dim = c(8L, 2L), .Dimnames = structure(list(
        c("-1", "-2", "-3", "-4", "0", "1", "2", NA), c("A", 
        NA)), .Names = c("", "")), class = "table"), LMmono01_SNP1 = structure(c(186L, 
    7L, 1819L, 30L, 36L, 0L, 0L, 1L, 0L, 0L, 0L, 0L, 2L, 0L, 
    0L, 8L, 0L, 128L, 1L, 0L), .Dim = 5:4, .Dimnames = structure(list(
        c("-1", "-2", "0", "1", NA), c("A", "G", "T", NA)), .Names = c("", 
    "")), class = "table"), LMmono03_SNP1 = structure(c(503L, 
    59L, 12L, 2L, 2526L, 84L, 81L, 15L, 2L, 0L, 0L, 368L, 5L, 
    0L), .Dim = c(7L, 2L), .Dimnames = structure(list(c("-1", 
    "-2", "-3", "-4", "0", "1", NA), c("C", NA)), .Names = c("", 
    "")), class = "table"), LMmono09_SNP1 = structure(c(0L, 1L, 
    0L, 0L, 0L, 0L, 0L, 0L, 0L, 0L, 1L, 0L, 0L, 0L, 3487L, 240L, 
    6L, 3270L, 135L, 7L, 526L, 11L, 2L, 0L, 48L, 0L, 0L, 0L), .Dim = c(7L, 
    4L), .Dimnames = structure(list(c("-1", "-2", "-3", "0", 
    "1", "2", NA), c("A", "C", "T", NA)), .Names = c("", "")), class = "table"), 
    LMmono12_SNP1 = structure(c(434L, 35L, 2L, 2307L, 173L, 13L, 
    0L, 66L, 19L, 0L, 0L, 260L, 6L, 0L, 1L, 0L), .Dim = c(8L, 
    2L), .Dimnames = structure(list(c("-1", "-2", "-3", "0", 
    "1", "2", "3", NA), c("A", NA)), .Names = c("", "")), class = "table"), 
    LMmono16_SNP1 = structure(c(108L, 7L, 2L, 2288L, 949L, 136L, 
    333L, 101L, 4L, 1L, 389L, 0L, 0L, 0L, 0L, 1L, 0L, 0L, 0L, 
    0L, 0L, 0L, 4L, 0L, 0L, 498L, 71L, 6L, 24L, 20L, 2L, 1L, 
    0L), .Dim = c(11L, 3L), .Dimnames = structure(list(c("-1", 
    "-2", "-3", "0", "1", "2", "3", "5", "6", "7", NA), c("A", 
    "C", NA)), .Names = c("", "")), class = "table"), MSJmono10_SNP1 = structure(c(239L, 
    5L, 4400L, 171L, 4L, 35L, 6L, 1L, 267L, 5L, 0L, 0L), .Dim = c(6L, 
    2L), .Dimnames = structure(list(c("-1", "-2", "0", "1", "2", 
    NA), c("C", NA)), .Names = c("", "")), class = "table"), 
    MSJmono19ms1_SNP1 = structure(c(134L, 12L, 1L, 3163L, 61L, 
    3L, 152L, 2L, 0L, 0L, 10L, 0L, 0L, 0L, 0L, 0L, 0L, 4L, 0L, 
    0L, 0L, 11L, 0L, 0L, 474L, 10L, 0L, 0L), .Dim = c(7L, 4L), .Dimnames = structure(list(
        c("-1", "-2", "-3", "0", "1", "2", NA), c("A", "C", "T", 
        NA)), .Names = c("", "")), class = "table"), MSJmono19ms2_SNP1 = structure(c(1L, 
    0L, 4L, 0L, 0L, 149L, 3L, 3302L, 45L, 48L, 3L, 0L, 294L, 
    0L, 0L), .Dim = c(5L, 3L), .Dimnames = structure(list(c("-1", 
    "-2", "0", "1", NA), c("A", "C", NA)), .Names = c("", "")), class = "table"), 
    MSJmono36_SNP1 = structure(c(0L, 0L, 2L, 0L, 0L, 0L, 159L, 
    5L, 2594L, 66L, 1L, 49L, 0L, 0L, 1L, 0L, 0L, 0L, 0L, 0L, 
    84L, 1L, 0L, 0L), .Dim = c(6L, 4L), .Dimnames = structure(list(
        c("-1", "-2", "0", "1", "3", NA), c("A", "G", "T", NA
        )), .Names = c("", "")), class = "table"), MSJmono44_SNP1 = structure(c(123L, 
    1L, 1723L, 21L, 2L, 13L, 4L, 0L, 100L, 0L, 0L, 0L), .Dim = c(6L, 
    2L), .Dimnames = structure(list(c("-1", "-2", "0", "1", "2", 
    NA), c("T", NA)), .Names = c("", "")), class = "table"), 
    MSJmono46_SNP1 = structure(c(304L, 23L, 4L, 1L, 1646L, 111L, 
    6L, 62L, 0L, 0L, 0L, 0L, 1L, 0L, 0L, 0L, 58L, 1L, 0L, 0L, 
    472L, 31L, 0L, 0L), .Dim = c(8L, 3L), .Dimnames = structure(list(
        c("-1", "-2", "-3", "-5", "0", "1", "2", NA), c("C", 
        "T", NA)), .Names = c("", "")), class = "table"), LMmono04v2_SNP1 = structure(c(331L, 
    12L, 2L, 2587L, 101L, 2L, 34L, 4L, 1L, 0L, 170L, 2L, 0L, 
    0L), .Dim = c(7L, 2L), .Dimnames = structure(list(c("-1", 
    "-2", "-3", "0", "1", "2", NA), c("C", NA)), .Names = c("", 
    "")), class = "table"), AKMmono01v2_SNP1 = structure(c(0L, 
    0L, 0L, 1L, 0L, 0L, 0L, 0L, 0L, 1L, 0L, 0L, 0L, 0L, 0L, 1L, 
    0L, 1L, 308L, 27L, 3L, 3556L, 69L, 31L, 14L, 2L, 0L, 284L, 
    3L, 0L), .Dim = 6:5, .Dimnames = structure(list(c("-1", "-2", 
    "-3", "0", "1", NA), c("-", "A", "C", "T", NA)), .Names = c("", 
    "")), class = "table"), AKMmono10v2_SNP1 = structure(c(123L, 
    2L, 2317L, 37L, 0L, 16L, 0L, 0L, 16L, 0L, 0L, 0L, 4L, 0L, 
    104L, 1L, 1L, 0L), .Dim = c(6L, 3L), .Dimnames = structure(list(
        c("-1", "-2", "0", "1", "2", NA), c("A", "G", NA)), .Names = c("", 
    "")), class = "table"), AKMmono17v2_SNP1 = structure(c(0L, 
    0L, 0L, 22L, 1L, 0L, 0L, 63L, 10L, 3L, 1615L, 23L, 2L, 9L, 
    0L, 0L, 0L, 83L, 1L, 0L, 0L), .Dim = c(7L, 3L), .Dimnames = structure(list(
        c("-1", "-2", "-3", "0", "1", "2", NA), c("A", "C", NA
        )), .Names = c("", "")), class = "table"), EJmono13v2_SNP1 = structure(c(7L, 
    0L, 118L, 1100L, 68L, 2L, 1L, 76L, 61L, 3L, 1098L, 31L, 2L, 
    0L, 0L, 4L, 1L, 0L, 143L, 115L, 11L, 0L, 0L, 0L), .Dim = c(8L, 
    3L), .Dimnames = structure(list(c("-1", "-2", "0", "1", "2", 
    "3", "4", NA), c("A", "G", NA)), .Names = c("", "")), class = "table"), 
    EJmono21v2_SNP1 = structure(c(59L, 3L, 574L, 7L, 5L, 76L, 
    5L, 579L, 10L, 11L, 1L, 0L, 98L, 1L, 0L), .Dim = c(5L, 3L
    ), .Dimnames = structure(list(c("-1", "-2", "0", "1", NA), 
        c("C", "T", NA)), .Names = c("", "")), class = "table"),