Result <-
list(AKMmono02_SNP1 = structure(c(0L, 0L, 0L, 1L, 1L, 0L, 0L, 
250L, 22L, 2L, 2417L, 77L, 2L, 53L, 6L, 1L, 0L, 95L, 4L, 1L, 
0L), .Dim = c(7L, 3L), .Dimnames = structure(list(c("-1", "-2", 
"-3", "0", "1", "2", NA), c("C", "T", NA)), .Names = c("", ""
)), class = "table"), AKMmono03_SNP1 = structure(c(1372L, 221L, 
48L, 6L, 11198L, 224L, 6L, 1L, 201L, 0L, 0L, 0L, 0L, 3L, 0L, 
0L, 0L, 0L, 0L, 0L, 0L, 0L, 1L, 0L, 0L, 0L, 0L, 56L, 12L, 1L, 
0L, 1048L, 11L, 3L, 0L, 0L), .Dim = c(9L, 4L), .Dimnames = structure(list(
    c("-1", "-2", "-3", "-4", "0", "1", "2", "3", NA), c("A", 
    "C", "T", NA)), .Names = c("", "")), class = "table"), AKMmono05_SNP1 = structure(c(762L, 
99L, 15L, 6L, 1L, 4992L, 201L, 12L, 104L, 0L, 0L, 0L, 0L, 0L, 
5L, 0L, 0L, 0L, 1L, 0L, 0L, 0L, 0L, 4L, 0L, 0L, 0L, 54L, 4L, 
0L, 0L, 0L, 518L, 24L, 0L, 0L), .Dim = c(9L, 4L), .Dimnames = structure(list(
    c("-1", "-2", "-3", "-4", "-5", "0", "1", "2", NA), c("A", 
    "C", "T", NA)), .Names = c("", "")), class = "table"), AKMmono11_SNP1 = structure(c(0L, 
0L, 0L, 4L, 0L, 0L, 0L, 908L, 61L, 1L, 7874L, 156L, 2L, 217L, 
106L, 3L, 0L, 1270L, 44L, 0L, 0L), .Dim = c(7L, 3L), .Dimnames = structure(list(
    c("-1", "-2", "-3", "0", "1", "2", NA), c("A", "T", NA)), .Names = c("", 
"")), class = "table"), AKMmono12_SNP1 = structure(c(0L, 0L, 
0L, 0L, 3L, 0L, 0L, 0L, 881L, 62L, 12L, 1L, 5721L, 189L, 4L, 
98L, 30L, 1L, 0L, 0L, 444L, 4L, 0L, 0L), .Dim = c(8L, 3L), .Dimnames = structure(list(
    c("-1", "-2", "-3", "-4", "0", "1", "2", NA), c("A", "C", 
    NA)), .Names = c("", "")), class = "table"), AKMmono13_SNP1 = structure(c(392L, 
34L, 4L, 6487L, 232L, 8L, 92L, 0L, 0L, 0L, 2L, 0L, 0L, 0L, 0L, 
0L, 1L, 0L, 0L, 0L, 0L, 16L, 1L, 0L, 427L, 14L, 1L, 0L), .Dim = c(7L, 
4L), .Dimnames = structure(list(c("-1", "-2", "-3", "0", "1", 
"2", NA), c("A", "C", "G", NA)), .Names = c("", "")), class = "table"), 
    AKMmono16_SNP1 = structure(c(329L, 21L, 1L, 3052L, 57L, 3L, 
    33L, 0L, 0L, 0L, 2L, 0L, 0L, 0L, 0L, 0L, 0L, 1L, 0L, 0L, 
    0L, 6L, 0L, 0L, 225L, 7L, 0L, 0L), .Dim = c(7L, 4L), .Dimnames = structure(list(
        c("-1", "-2", "-3", "0", "1", "2", NA), c("A", "C", "T", 
        NA)), .Names = c("", "")), class = "table"), AKMmono22_SNP1 = structure(c(453L, 
    92L, 15L, 5L, 2L, 3410L, 182L, 10L, 1L, 225L, 25L, 5L, 0L, 
    0L, 0L, 365L, 8L, 2L, 0L, 0L), .Dim = c(10L, 2L), .Dimnames = structure(list(
        c("-1", "-2", "-3", "-4", "-5", "0", "1", "2", "3", NA
        ), c("A", NA)), .Names = c("", "")), class = "table"), 
    EJmono05_SNP1 = structure(c(0L, 0L, 0L, 2L, 0L, 0L, 0L, 540L, 
    45L, 2L, 4859L, 98L, 2L, 73L, 9L, 0L, 0L, 230L, 3L, 0L, 0L
    ), .Dim = c(7L, 3L), .Dimnames = structure(list(c("-1", "-2", 
    "-3", "0", "1", "2", NA), c("A", "T", NA)), .Names = c("", 
    "")), class = "table"), EJmono16_SNP1 = structure(c(420L, 
    28L, 1L, 8561L, 396L, 19L, 668L, 0L, 0L, 0L, 1L, 0L, 0L, 
    0L, 7L, 1L, 0L, 167L, 2L, 0L, 0L), .Dim = c(7L, 3L), .Dimnames = structure(list(
        c("-1", "-2", "-3", "0", "1", "2", NA), c("A", "G", NA
        )), .Names = c("", "")), class = "table"), LMmono01_SNP1 = structure(c(268L, 
    17L, 2640L, 42L, 1L, 55L, 1L, 0L, 1L, 0L, 0L, 0L, 0L, 0L, 
    2L, 0L, 0L, 0L, 17L, 0L, 198L, 7L, 0L, 0L), .Dim = c(6L, 
    4L), .Dimnames = structure(list(c("-1", "-2", "0", "1", "2", 
    NA), c("A", "G", "T", NA)), .Names = c("", "")), class = "table"), 
    LMmono03_SNP1 = structure(c(0L, 0L, 0L, 3L, 0L, 0L, 278L, 
    47L, 7L, 1197L, 49L, 43L, 3L, 1L, 0L, 154L, 3L, 0L), .Dim = c(6L, 
    3L), .Dimnames = structure(list(c("-1", "-2", "-3", "0", 
    "1", NA), c("A", "C", NA)), .Names = c("", "")), class = "table"), 
    LMmono09_SNP1 = structure(c(0L, 0L, 0L, 0L, 1L, 0L, 0L, 0L, 
    0L, 0L, 0L, 0L, 1L, 0L, 0L, 0L, 670L, 73L, 2L, 1L, 3944L, 
    187L, 10L, 111L, 3L, 1L, 1L, 0L, 74L, 2L, 0L, 0L), .Dim = c(8L, 
    4L), .Dimnames = structure(list(c("-1", "-2", "-3", "-6", 
    "0", "1", "2", NA), c("A", "G", "T", NA)), .Names = c("", 
    "")), class = "table"), LMmono12_SNP1 = structure(c(501L, 
    51L, 3L, 2511L, 208L, 11L, 1L, 84L, 25L, 1L, 0L, 286L, 8L, 
    2L, 0L, 0L), .Dim = c(8L, 2L), .Dimnames = structure(list(
        c("-1", "-2", "-3", "0", "1", "2", "3", NA), c("A", NA
        )), .Names = c("", "")), class = "table"), LMmono16_SNP1 = structure(c(1332L, 
    143L, 14L, 3L, 4941L, 417L, 23L, 3L, 226L, 1L, 0L, 0L, 0L, 
    0L, 0L, 0L, 0L, 0L, 0L, 0L, 0L, 0L, 2L, 0L, 0L, 0L, 0L, 0L, 
    0L, 0L, 0L, 1L, 0L, 0L, 0L, 0L, 46L, 2L, 1L, 0L, 796L, 26L, 
    1L, 0L, 0L), .Dim = c(9L, 5L), .Dimnames = structure(list(
        c("-1", "-2", "-3", "-5", "0", "1", "2", "3", NA), c("A", 
        "C", "G", "T", NA)), .Names = c("", "")), class = "table"), 
    MSJmono10_SNP1 = structure(c(0L, 0L, 0L, 1L, 0L, 0L, 0L, 
    265L, 8L, 1L, 3713L, 171L, 4L, 53L, 11L, 1L, 0L, 247L, 6L, 
    0L, 0L), .Dim = c(7L, 3L), .Dimnames = structure(list(c("-1", 
    "-2", "-3", "0", "1", "2", NA), c("A", "C", NA)), .Names = c("", 
    "")), class = "table"), MSJmono19ms1_SNP1 = structure(c(486L, 
    28L, 4L, 2L, 6L, 11157L, 291L, 9L, 557L, 1L, 0L, 0L, 0L, 
    0L, 43L, 0L, 0L, 4L, 0L, 0L, 0L, 0L, 0L, 1L, 0L, 0L, 0L, 
    0L, 0L, 0L, 0L, 0L, 9L, 1L, 0L, 1L, 45L, 5L, 2L, 0L, 0L, 
    1714L, 38L, 2L, 0L), .Dim = c(9L, 5L), .Dimnames = structure(list(
        c("-1", "-2", "-3", "-5", "-6", "0", "1", "2", NA), c("A", 
        "C", "G", "T", NA)), .Names = c("", "")), class = "table"), 
    MSJmono19ms2_SNP1 = structure(c(0L, 0L, 2L, 0L, 0L, 0L, 664L, 
    13L, 11699L, 157L, 3L, 156L, 4L, 0L, 948L, 3L, 0L, 0L), .Dim = c(6L, 
    3L), .Dimnames = structure(list(c("-1", "-2", "0", "1", "2", 
    NA), c("A", "C", NA)), .Names = c("", "")), class = "table"), 
    MSJmono36_SNP1 = structure(c(0L, 0L, 0L, 1L, 0L, 0L, 0L, 
    0L, 684L, 26L, 1L, 9681L, 248L, 4L, 1L, 235L, 0L, 0L, 0L, 
    2L, 0L, 0L, 0L, 0L, 8L, 1L, 0L, 382L, 1L, 0L, 0L, 0L), .Dim = c(8L, 
    4L), .Dimnames = structure(list(c("-1", "-2", "-3", "0", 
    "1", "2", "3", NA), c("A", "G", "T", NA)), .Names = c("", 
    "")), class = "table"), MSJmono44_SNP1 = structure(c(5L, 
    4L, 0L, 1L, 0L, 3L, 0L, 0L, 0L, 0L, 0L, 0L, 0L, 0L, 0L, 0L, 
    1L, 0L, 0L, 0L, 0L, 0L, 0L, 0L, 0L, 0L, 1L, 0L, 0L, 0L, 362L, 
    15L, 2L, 0L, 2L, 0L, 5566L, 137L, 1L, 49L, 9L, 0L, 0L, 0L, 
    0L, 0L, 249L, 3L, 0L, 0L), .Dim = c(10L, 5L), .Dimnames = structure(list(
        c("-1", "-2", "-3", "-5", "-6", "-7", "0", "1", "2", 
        NA), c("-", "C", "G", "T", NA)), .Names = c("", "")), class = "table"), 
    MSJmono46_SNP1 = structure(c(87L, 12L, 1L, 387L, 25L, 3L, 
    13L, 7L, 0L, 0L, 103L, 11L, 0L, 0L), .Dim = c(7L, 2L), .Dimnames = structure(list(
        c("-1", "-2", "-3", "0", "1", "2", NA), c("C", NA)), .Names = c("", 
    "")), class = "table"), LMmono04v2_SNP1 = structure(c(158L, 
    8L, 1423L, 66L, 4L, 1L, 21L, 2L, 0L, 63L, 3L, 0L, 0L, 0L), .Dim = c(7L, 
    2L), .Dimnames = structure(list(c("-1", "-2", "0", "1", "2", 
    "3", NA), c("C", NA)), .Names = c("", "")), class = "table"), 
    AKMmono01v2_SNP1 = structure(c(1L, 1L, 0L, 0L, 0L, 0L, 0L, 
    228L, 11L, 2L, 2525L, 39L, 4L, 29L, 12L, 1L, 0L, 181L, 2L, 
    0L, 0L), .Dim = c(7L, 3L), .Dimnames = structure(list(c("-1", 
    "-2", "-3", "0", "1", "2", NA), c("C", "T", NA)), .Names = c("", 
    "")), class = "table"), AKMmono10v2_SNP1 = structure(c(19L, 
    347L, 4L, 4L, 16L, 391L, 2L, 4L, 0L, 1L, 0L, 0L, 1L, 22L, 
    1L, 0L), .Dim = c(4L, 4L), .Dimnames = structure(list(c("-1", 
    "0", "1", NA), c("A", "G", "T", NA)), .Names = c("", "")), class = "table"), 
    AKMmono17v2_SNP1 = structure(c(1L, 19L, 3L, 3L, 11L, 207L, 
    1L, 3L, 0L, 14L, 0L, 0L), .Dim = 4:3, .Dimnames = structure(list(
        c("-1", "0", "1", NA), c("A", "C", NA)), .Names = c("", 
    "")), class = "table"), EJmono13v2_SNP1 = structure(c(38L, 
    513L, 18L, 1L, 4L, 4L, 40L, 2L, 0L, 0L), .Dim = c(5L, 2L), .Dimnames = structure(list(
        c("-1", "0", "1", "2", NA), c("G", NA)),