Result <-
list(AKMmono02_SNP1 = structure(c(329L, 28L, 1L, 3535L, 103L, 
8L, 1L, 94L, 12L, 0L, 0L, 122L, 1L, 0L, 0L, 0L), .Dim = c(8L, 
2L), .Dimnames = structure(list(c("-1", "-2", "-3", "0", "1", 
"2", "3", NA), c("T", NA)), .Names = c("", "")), class = "table"), 
    AKMmono03_SNP1 = structure(c(1290L, 247L, 37L, 7L, 10372L, 
    213L, 6L, 168L, 0L, 0L, 0L, 0L, 2L, 0L, 0L, 0L, 0L, 0L, 0L, 
    0L, 2L, 0L, 0L, 0L, 0L, 0L, 0L, 0L, 1L, 0L, 0L, 0L, 51L, 
    11L, 0L, 0L, 890L, 11L, 1L, 0L), .Dim = c(8L, 5L), .Dimnames = structure(list(
        c("-1", "-2", "-3", "-4", "0", "1", "2", NA), c("A", 
        "C", "G", "T", NA)), .Names = c("", "")), class = "table"), 
    AKMmono05_SNP1 = structure(c(853L, 134L, 18L, 4L, 1L, 5797L, 
    242L, 5L, 151L, 0L, 0L, 0L, 0L, 0L, 4L, 0L, 0L, 0L, 0L, 0L, 
    0L, 0L, 0L, 4L, 0L, 0L, 0L, 44L, 5L, 0L, 0L, 0L, 686L, 23L, 
    0L, 0L), .Dim = c(9L, 4L), .Dimnames = structure(list(c("-1", 
    "-2", "-3", "-4", "-5", "0", "1", "2", NA), c("A", "C", "T", 
    NA)), .Names = c("", "")), class = "table"), AKMmono11_SNP1 = structure(c(0L, 
    0L, 0L, 8L, 0L, 0L, 1L, 0L, 0L, 0L, 1L, 0L, 0L, 0L, 0L, 0L, 
    0L, 6L, 0L, 0L, 0L, 814L, 54L, 2L, 6995L, 130L, 7L, 176L, 
    91L, 8L, 0L, 1119L, 22L, 0L, 0L), .Dim = c(7L, 5L), .Dimnames = structure(list(
        c("-1", "-2", "-3", "0", "1", "2", NA), c("A", "C", "G", 
        "T", NA)), .Names = c("", "")), class = "table"), AKMmono12_SNP1 = structure(c(0L, 
    0L, 0L, 0L, 1L, 0L, 0L, 0L, 0L, 0L, 0L, 0L, 0L, 1L, 0L, 0L, 
    0L, 0L, 1200L, 78L, 8L, 1L, 8051L, 243L, 5L, 2L, 102L, 0L, 
    0L, 0L, 0L, 1L, 0L, 0L, 0L, 0L, 1L, 0L, 0L, 0L, 1L, 0L, 0L, 
    0L, 0L, 38L, 1L, 0L, 0L, 603L, 6L, 0L, 0L, 0L), .Dim = c(9L, 
    6L), .Dimnames = structure(list(c("-1", "-2", "-3", "-4", 
    "0", "1", "2", "3", NA), c("-", "A", "C", "G", "T", NA)), .Names = c("", 
    "")), class = "table"), AKMmono13_SNP1 = structure(c(593L, 
    47L, 3L, 8477L, 274L, 8L, 93L, 0L, 0L, 0L, 1L, 0L, 0L, 0L, 
    23L, 1L, 0L, 628L, 12L, 1L, 0L), .Dim = c(7L, 3L), .Dimnames = structure(list(
        c("-1", "-2", "-3", "0", "1", "2", NA), c("A", "C", NA
        )), .Names = c("", "")), class = "table"), AKMmono16_SNP1 = structure(c(516L, 
    23L, 4715L, 119L, 0L, 41L, 0L, 0L, 2L, 0L, 0L, 0L, 0L, 0L, 
    1L, 0L, 0L, 0L, 13L, 0L, 298L, 9L, 1L, 0L), .Dim = c(6L, 
    4L), .Dimnames = structure(list(c("-1", "-2", "0", "1", "2", 
    NA), c("A", "C", "G", NA)), .Names = c("", "")), class = "table"), 
    AKMmono22_SNP1 = structure(c(487L, 103L, 9L, 1L, 3639L, 209L, 
    19L, 1L, 285L, 0L, 0L, 0L, 0L, 1L, 0L, 0L, 0L, 0L, 23L, 5L, 
    1L, 0L, 404L, 15L, 1L, 0L, 0L), .Dim = c(9L, 3L), .Dimnames = structure(list(
        c("-1", "-2", "-3", "-5", "0", "1", "2", "3", NA), c("A", 
        "G", NA)), .Names = c("", "")), class = "table"), EJmono05_SNP1 = structure(c(0L, 
    0L, 0L, 1L, 0L, 0L, 0L, 0L, 0L, 0L, 2L, 0L, 0L, 0L, 498L, 
    54L, 1L, 4988L, 116L, 3L, 69L, 8L, 0L, 0L, 185L, 3L, 0L, 
    0L), .Dim = c(7L, 4L), .Dimnames = structure(list(c("-1", 
    "-2", "-3", "0", "1", "2", NA), c("A", "G", "T", NA)), .Names = c("", 
    "")), class = "table"), EJmono16_SNP1 = structure(c(369L, 
    32L, 1L, 6901L, 312L, 20L, 1L, 1L, 495L, 0L, 0L, 0L, 1L, 
    0L, 0L, 0L, 0L, 0L, 1L, 0L, 0L, 142L, 1L, 0L, 0L, 0L, 0L), .Dim = c(9L, 
    3L), .Dimnames = structure(list(c("-1", "-2", "-4", "0", 
    "1", "2", "3", "4", NA), c("A", "G", NA)), .Names = c("", 
    "")), class = "table"), LMmono01_SNP1 = structure(c(303L, 
    19L, 1L, 2506L, 61L, 1L, 42L, 5L, 1L, 0L, 183L, 5L, 0L, 0L
    ), .Dim = c(7L, 2L), .Dimnames = structure(list(c("-1", "-2", 
    "-3", "0", "1", "2", NA), c("A", NA)), .Names = c("", "")), class = "table"), 
    LMmono03_SNP1 = structure(c(0L, 0L, 0L, 0L, 0L, 0L, 1L, 398L, 
    49L, 6L, 1774L, 75L, 1L, 62L, 18L, 2L, 0L, 271L, 0L, 0L, 
    0L), .Dim = c(7L, 3L), .Dimnames = structure(list(c("-1", 
    "-2", "-3", "0", "1", "2", NA), c("A", "C", NA)), .Names = c("", 
    "")), class = "table"), LMmono09_SNP1 = structure(c(0L, 0L, 
    0L, 0L, 2L, 0L, 0L, 0L, 0L, 842L, 72L, 8L, 4L, 7239L, 199L, 
    14L, 1L, 201L, 2L, 1L, 0L, 0L, 98L, 0L, 0L, 1L, 0L), .Dim = c(9L, 
    3L), .Dimnames = structure(list(c("-1", "-2", "-3", "-4", 
    "0", "1", "2", "3", NA), c("C", "T", NA)), .Names = c("", 
    "")), class = "table"), LMmono12_SNP1 = structure(c(686L, 
    42L, 5L, 2L, 3533L, 265L, 14L, 117L, 0L, 0L, 0L, 0L, 1L, 
    0L, 0L, 0L, 29L, 2L, 0L, 0L, 380L, 11L, 0L, 0L), .Dim = c(8L, 
    3L), .Dimnames = structure(list(c("-1", "-2", "-3", "-4", 
    "0", "1", "2", NA), c("A", "T", NA)), .Names = c("", "")), class = "table"), 
    LMmono16_SNP1 = structure(c(1697L, 144L, 4L, 5L, 6572L, 536L, 
    37L, 3L, 1L, 2L, 295L, 0L, 0L, 0L, 0L, 1L, 0L, 0L, 0L, 0L, 
    0L, 0L, 0L, 0L, 0L, 0L, 5L, 0L, 0L, 0L, 0L, 0L, 0L, 51L, 
    7L, 0L, 0L, 1029L, 30L, 5L, 0L, 0L, 0L, 0L), .Dim = c(11L, 
    4L), .Dimnames = structure(list(c("-1", "-2", "-3", "-4", 
    "0", "1", "2", "3", "4", "5", NA), c("A", "C", "T", NA)), .Names = c("", 
    "")), class = "table"), MSJmono10_SNP1 = structure(c(0L, 
    0L, 0L, 2L, 0L, 0L, 0L, 427L, 11L, 1L, 6461L, 228L, 9L, 58L, 
    12L, 1L, 0L, 367L, 12L, 0L, 0L), .Dim = c(7L, 3L), .Dimnames = structure(list(
        c("-1", "-2", "-4", "0", "1", "2", NA), c("A", "C", NA
        )), .Names = c("", "")), class = "table"), MSJmono19ms1_SNP1 = structure(c(0L, 
    0L, 0L, 0L, 1L, 0L, 0L, 325L, 16L, 5L, 8238L, 179L, 3L, 402L, 
    2L, 0L, 0L, 16L, 0L, 0L, 2L, 0L, 0L, 0L, 2L, 0L, 0L, 0L, 
    0L, 0L, 0L, 4L, 0L, 0L, 1L, 23L, 0L, 0L, 1290L, 21L, 1L, 
    0L), .Dim = 7:6, .Dimnames = structure(list(c("-1", "-2", 
    "-3", "0", "1", "2", NA), c("-", "A", "C", "G", "T", NA)), .Names = c("", 
    "")), class = "table"), MSJmono19ms2_SNP1 = structure(c(430L, 
    9L, 8679L, 128L, 3L, 120L, 4L, 0L, 606L, 1L, 0L, 0L), .Dim = c(6L, 
    2L), .Dimnames = structure(list(c("-1", "-2", "0", "1", "2", 
    NA), c("C", NA)), .Names = c("", "")), class = "table"), 
    MSJmono36_SNP1 = structure(c(1L, 0L, 0L, 1L, 0L, 0L, 0L, 
    3575L, 204L, 5L, 3636L, 93L, 1L, 564L, 45L, 4L, 0L, 142L, 
    0L, 0L, 0L), .Dim = c(7L, 3L), .Dimnames = structure(list(
        c("-1", "-2", "-3", "0", "1", "2", NA), c("A", "G", NA
        )), .Names = c("", "")), class = "table"), MSJmono44_SNP1 = structure(c(1L, 
    0L, 7L, 1L, 0L, 0L, 0L, 0L, 0L, 0L, 0L, 2L, 0L, 0L, 0L, 0L, 
    0L, 0L, 1L, 0L, 0L, 0L, 0L, 0L, 0L, 1L, 0L, 0L, 290L, 11L, 
    3L, 0L, 4292L, 115L, 39L, 6L, 0L, 0L, 0L, 197L, 1L, 0L), .Dim = 7:6, .Dimnames = structure(list(
        c("-1", "-2", "-3", "-6", "0", "1", NA), c("-", "A", 
        "C", "G", "T", NA)), .Names = c("", "")), class = "table"), 
    MSJmono46_SNP1 = structure(c(226L, 21L, 3L, 1038L, 59L, 1L, 
    37L, 0L, 0L, 0L, 1L, 0L, 0L, 0L, 0L, 0L, 0L, 2L, 0L, 0L, 
    0L, 28L, 0L, 0L, 269L, 20L, 1L, 0L), .Dim = c(7L, 4L), .Dimnames = structure(list(
        c("-1", "-2", "-3", "0", "1", "2", NA), c("C", "G", "T", 
        NA)), .Names = c("", "")), class = "table"), LMmono04v2_SNP1 = structure(c(0L, 
    0L, 0L, 1L, 0L, 0L, 0L, 263L, 20L, 2L, 2453L, 96L, 4L, 33L, 
    0L, 0L, 0L, 1L, 0L, 0L, 0L, 11L, 0L, 0L, 135L, 5L, 0L, 0L
    ), .Dim = c(7L, 4L), .Dimnames = structure(list(c("-1", "-2", 
    "-3", "0", "1", "2", NA), c("A", "C", "T", NA)), .Names = c("", 
    "")), class = "table"), AKMmono01v2_SNP1 = structure(c(0L, 
    0L, 1L, 0L, 0L, 0L, 0L, 1L, 0L, 0L, 0L, 0L, 0L, 0L, 1L, 0L, 
    0L, 0L, 424L, 27L, 4752L, 98L, 2L, 47L, 21L, 3L, 405L, 7L, 
    0L, 0L), .Dim = 6:5, .Dimnames = structure(list(c("-1", "-2", 
    "0", "1", "2", NA), c("A", "C", "G", "T", NA)), .Names = c("", 
    "")), class = "table"), AKMmono10v2_SNP1 = structure(c(60L, 
    9L, 0L, 1051L, 11L, 4L, 58L, 3L, 1L, 1253L, 26L, 12L, 2L, 
    0L, 0L, 116L, 2L, 0L), .Dim = c(6L, 3L), .Dimnames = structure(list(
        c("-1", "-2", "-3", "0", "1", NA), c("A", "G", NA)), .Names = c("", 
    "")), class = "table"),