Result <-
list(AKMmono02_SNP1 = structure(c(0L, 0L, 0L, 1L, 0L, 0L, 0L, 
416L, 22L, 1L, 4808L, 91L, 4L, 109L, 3L, 1L, 0L, 175L, 2L, 0L, 
0L), .Dim = c(7L, 3L), .Dimnames = structure(list(c("-1", "-2", 
"-3", "0", "1", "2", NA), c("G", "T", NA)), .Names = c("", ""
)), class = "table"), AKMmono03_SNP1 = structure(c(522L, 84L, 
8L, 5193L, 84L, 1L, 82L, 0L, 0L, 0L, 3L, 0L, 0L, 0L, 0L, 0L, 
0L, 1L, 0L, 0L, 0L, 0L, 1L, 0L, 0L, 0L, 0L, 0L, 32L, 8L, 1L, 
519L, 1L, 0L, 0L), .Dim = c(7L, 5L), .Dimnames = structure(list(
    c("-1", "-2", "-3", "0", "1", "2", NA), c("A", "C", "G", 
    "T", NA)), .Names = c("", "")), class = "table"), AKMmono05_SNP1 = structure(c(578L, 
63L, 6L, 2L, 3573L, 129L, 98L, 1L, 0L, 0L, 0L, 2L, 0L, 0L, 1L, 
0L, 0L, 0L, 2L, 0L, 0L, 28L, 2L, 0L, 0L, 389L, 8L, 0L), .Dim = c(7L, 
4L), .Dimnames = structure(list(c("-1", "-2", "-3", "-4", "0", 
"1", NA), c("A", "G", "T", NA)), .Names = c("", "")), class = "table"), 
    AKMmono11_SNP1 = structure(c(0L, 0L, 5L, 0L, 0L, 0L, 675L, 
    38L, 6288L, 93L, 3L, 146L, 91L, 1L, 942L, 23L, 2L, 0L), .Dim = c(6L, 
    3L), .Dimnames = structure(list(c("-1", "-2", "0", "1", "2", 
    NA), c("A", "T", NA)), .Names = c("", "")), class = "table"), 
    AKMmono12_SNP1 = structure(c(0L, 0L, 0L, 0L, 2L, 0L, 0L, 
    0L, 743L, 49L, 13L, 1L, 5306L, 123L, 1L, 52L, 1L, 0L, 0L, 
    0L, 1L, 0L, 0L, 0L, 12L, 0L, 0L, 0L, 392L, 4L, 1L, 0L), .Dim = c(8L, 
    4L), .Dimnames = structure(list(c("-1", "-2", "-3", "-4", 
    "0", "1", "2", NA), c("A", "C", "G", NA)), .Names = c("", 
    "")), class = "table"), AKMmono13_SNP1 = structure(c(312L, 
    20L, 2L, 5567L, 129L, 2L, 55L, 0L, 0L, 0L, 1L, 0L, 0L, 0L, 
    0L, 0L, 0L, 1L, 0L, 0L, 0L, 10L, 0L, 0L, 372L, 11L, 2L, 0L
    ), .Dim = c(7L, 4L), .Dimnames = structure(list(c("-1", "-2", 
    "-3", "0", "1", "2", NA), c("A", "C", "G", NA)), .Names = c("", 
    "")), class = "table"), AKMmono16_SNP1 = structure(c(350L, 
    19L, 2L, 3726L, 67L, 38L, 1L, 0L, 0L, 0L, 0L, 1L, 0L, 0L, 
    0L, 1L, 0L, 0L, 8L, 0L, 0L, 222L, 1L, 0L), .Dim = c(6L, 4L
    ), .Dimnames = structure(list(c("-1", "-2", "-3", "0", "1", 
    NA), c("A", "C", "G", NA)), .Names = c("", "")), class = "table"), 
    AKMmono22_SNP1 = structure(c(418L, 49L, 6L, 1L, 2937L, 168L, 
    7L, 1L, 189L, 0L, 0L, 0L, 0L, 1L, 0L, 0L, 0L, 0L, 21L, 1L, 
    0L, 0L, 339L, 7L, 0L, 0L, 0L), .Dim = c(9L, 3L), .Dimnames = structure(list(
        c("-1", "-2", "-3", "-5", "0", "1", "2", "3", NA), c("A", 
        "T", NA)), .Names = c("", "")), class = "table"), EJmono05_SNP1 = structure(c(0L, 
    0L, 0L, 2L, 0L, 0L, 0L, 0L, 0L, 0L, 1L, 0L, 0L, 0L, 346L, 
    35L, 2L, 3450L, 74L, 1L, 46L, 4L, 1L, 0L, 166L, 0L, 0L, 0L
    ), .Dim = c(7L, 4L), .Dimnames = structure(list(c("-1", "-2", 
    "-3", "0", "1", "2", NA), c("A", "C", "T", NA)), .Names = c("", 
    "")), class = "table"), EJmono16_SNP1 = structure(c(188L, 
    8L, 1L, 3599L, 151L, 11L, 247L, 2L, 0L, 0L, 79L, 0L, 0L, 
    0L), .Dim = c(7L, 2L), .Dimnames = structure(list(c("-1", 
    "-2", "-3", "0", "1", "2", NA), c("A", NA)), .Names = c("", 
    "")), class = "table"), LMmono01_SNP1 = structure(c(213L, 
    1499L, 9L, 2015L, 37L, 2L, 96L, 0L, 0L, 0L, 1L, 0L, 0L, 0L, 
    9L, 28L, 0L, 166L, 3L, 0L, 0L), .Dim = c(7L, 3L), .Dimnames = structure(list(
        c("-1", "-2", "-3", "0", "1", "2", NA), c("A", "C", NA
        )), .Names = c("", "")), class = "table"), LMmono03_SNP1 = structure(c(1L, 
    0L, 0L, 0L, 6L, 0L, 0L, 0L, 444L, 56L, 8L, 1L, 2031L, 61L, 
    5L, 63L, 13L, 1L, 1L, 0L, 305L, 2L, 0L, 0L), .Dim = c(8L, 
    3L), .Dimnames = structure(list(c("-1", "-2", "-3", "-4", 
    "0", "1", "2", NA), c("A", "C", NA)), .Names = c("", "")), class = "table"), 
    LMmono09_SNP1 = structure(c(1025L, 93L, 8L, 1L, 6006L, 250L, 
    9L, 2L, 164L, 10L, 2L, 0L, 0L, 103L, 2L, 0L, 0L, 0L), .Dim = c(9L, 
    2L), .Dimnames = structure(list(c("-1", "-2", "-3", "-4", 
    "0", "1", "2", "3", NA), c("T", NA)), .Names = c("", "")), class = "table"), 
    LMmono12_SNP1 = structure(c(527L, 33L, 1L, 2892L, 153L, 8L, 
    87L, 17L, 1L, 0L, 336L, 5L, 0L, 0L), .Dim = c(7L, 2L), .Dimnames = structure(list(
        c("-1", "-2", "-3", "0", "1", "2", NA), c("A", NA)), .Names = c("", 
    "")), class = "table"), LMmono16_SNP1 = structure(c(727L, 
    63L, 3L, 1L, 4772L, 259L, 16L, 349L, 127L, 6L, 2L, 323L, 
    0L, 0L, 0L, 0L, 1L, 0L, 0L, 0L, 0L, 0L, 0L, 0L, 0L, 0L, 0L, 
    0L, 1L, 0L, 0L, 0L, 0L, 0L, 0L, 0L, 28L, 2L, 0L, 0L, 757L, 
    23L, 0L, 29L, 10L, 0L, 0L, 0L), .Dim = c(12L, 4L), .Dimnames = structure(list(
        c("-1", "-2", "-3", "-4", "0", "1", "2", "3", "5", "6", 
        "7", NA), c("A", "C", "T", NA)), .Names = c("", "")), class = "table"), 
    MSJmono10_SNP1 = structure(c(0L, 0L, 2L, 0L, 0L, 0L, 340L, 
    9L, 5796L, 187L, 8L, 56L, 0L, 0L, 1L, 0L, 0L, 0L, 13L, 1L, 
    384L, 12L, 0L, 0L), .Dim = c(6L, 4L), .Dimnames = structure(list(
        c("-1", "-2", "0", "1", "2", NA), c("A", "C", "T", NA
        )), .Names = c("", "")), class = "table"), MSJmono19ms1_SNP1 = structure(c(138L, 
    11L, 3L, 3696L, 91L, 2L, 156L, 0L, 0L, 0L, 13L, 0L, 0L, 2L, 
    0L, 0L, 0L, 1L, 0L, 0L, 0L, 0L, 0L, 0L, 1L, 0L, 0L, 0L, 10L, 
    0L, 1L, 578L, 9L, 0L, 0L), .Dim = c(7L, 5L), .Dimnames = structure(list(
        c("-1", "-2", "-3", "0", "1", "2", NA), c("A", "C", "G", 
        "T", NA)), .Names = c("", "")), class = "table"), MSJmono19ms2_SNP1 = structure(c(177L, 
    4L, 1L, 3829L, 41L, 1L, 59L, 0L, 0L, 0L, 1L, 0L, 0L, 0L, 
    1L, 0L, 0L, 314L, 0L, 0L, 0L), .Dim = c(7L, 3L), .Dimnames = structure(list(
        c("-1", "-2", "-3", "0", "1", "2", NA), c("C", "G", NA
        )), .Names = c("", "")), class = "table"), MSJmono36_SNP1 = structure(c(0L, 
    0L, 3L, 0L, 0L, 210L, 7L, 3626L, 69L, 63L, 2L, 1L, 123L, 
    0L, 0L), .Dim = c(5L, 3L), .Dimnames = structure(list(c("-1", 
    "-2", "0", "1", NA), c("A", "G", NA)), .Names = c("", "")), class = "table"), 
    MSJmono44_SNP1 = structure(c(86L, 5L, 1L, 1396L, 725L, 32L, 
    113L, 0L, 0L, 0L, 60L, 20L, 0L, 0L), .Dim = c(7L, 2L), .Dimnames = structure(list(
        c("-1", "-2", "-3", "0", "1", "2", NA), c("T", NA)), .Names = c("", 
    "")), class = "table"), MSJmono46_SNP1 = structure(c(344L, 
    30L, 7L, 1687L, 142L, 3L, 71L, 41L, 3L, 0L, 474L, 24L, 0L, 
    0L), .Dim = c(7L, 2L), .Dimnames = structure(list(c("-1", 
    "-2", "-3", "0", "1", "2", NA), c("C", NA)), .Names = c("", 
    "")), class = "table"), LMmono04v2_SNP1 = structure(c(316L, 
    20L, 2967L, 115L, 1L, 39L, 6L, 0L, 154L, 7L, 0L, 0L), .Dim = c(6L, 
    2L), .Dimnames = structure(list(c("-1", "-2", "0", "1", "2", 
    NA), c("C", NA)), .Names = c("", "")), class = "table"), 
    AKMmono01v2_SNP1 = structure(c(325L, 24L, 4015L, 79L, 1L, 
    39L, 13L, 0L, 348L, 5L, 1L, 0L), .Dim = c(6L, 2L), .Dimnames = structure(list(
        c("-1", "-2", "0", "1", "2", NA), c("T", NA)), .Names = c("", 
    "")), class = "table"), AKMmono10v2_SNP1 = structure(c(89L, 
    5L, 1495L, 14L, 8L, 55L, 0L, 1053L, 19L, 6L, 2L, 0L, 106L, 
    1L, 0L), .Dim = c(5L, 3L), .Dimnames = structure(list(c("-1", 
    "-2", "0", "1", NA), c("A", "G", NA)), .Names = c("", "")), class = "table"), 
    AKMmono17v2_SNP1 = structure(c(0L, 0L, 16L, 1L, 0L, 69L, 
    6L, 1328L, 29L, 16L, 0L, 0L, 80L, 2L, 0L), .Dim = c(5L, 3L
    ), .Dimnames = structure(list(c("-1", "-2", "0", "1", NA), 
        c("A", "C", NA)), .Names = c("", "")), class = "table"), 
    EJmono13v2_SNP1 = structure(c(1L, 0L, 0L, 0L, 0L, 94L, 1776L, 
    49L, 1L, 9L, 10L, 135L, 4L, 0L, 0L), .Dim = c(5L, 3L), .Dimnames = structure(list(
        c("-1", "0", "1", "2", NA), c("A", "G", NA)), .Names = c("", 
    "")), class = "table"), EJmono21v2_SNP1 = structure(c(105L, 
    1L, 889L, 20L, 17L, 1L, 0L, 37L, 0L, 1L, 3L, 0L, 77L, 0L, 
    0L), .Dim = c(5L, 3L), .Dimnames = structure(list(c("-1", 
    "-2", "0", "1", NA), c("C", "T", NA)), .Names = c("", "")), class = "table"),