Result <-
list(AKMmono02_SNP1 = structure(c(0L, 0L, 1L, 0L, 0L, 349L, 12L, 
4015L, 104L, 86L, 9L, 0L, 144L, 1L, 0L), .Dim = c(5L, 3L), .Dimnames = structure(list(
    c("-1", "-2", "0", "1", NA), c("C", "T", NA)), .Names = c("", 
"")), class = "table"), AKMmono03_SNP1 = structure(c(750L, 104L, 
30L, 2L, 6778L, 110L, 1L, 1L, 117L, 0L, 1L, 0L, 0L, 3L, 0L, 0L, 
0L, 0L, 37L, 3L, 0L, 0L, 623L, 12L, 0L, 0L, 0L), .Dim = c(9L, 
3L), .Dimnames = structure(list(c("-1", "-2", "-3", "-4", "0", 
"1", "2", "3", NA), c("A", "C", NA)), .Names = c("", "")), class = "table"), 
    AKMmono05_SNP1 = structure(c(685L, 74L, 9L, 3L, 4529L, 170L, 
    7L, 118L, 1L, 0L, 0L, 0L, 6L, 0L, 0L, 0L, 0L, 0L, 0L, 0L, 
    1L, 0L, 0L, 0L, 0L, 0L, 0L, 0L, 3L, 0L, 0L, 0L, 40L, 5L, 
    0L, 0L, 486L, 14L, 0L, 0L), .Dim = c(8L, 5L), .Dimnames = structure(list(
        c("-1", "-2", "-3", "-4", "0", "1", "2", NA), c("A", 
        "C", "G", "T", NA)), .Names = c("", "")), class = "table"), 
    AKMmono11_SNP1 = structure(c(0L, 0L, 0L, 1L, 1L, 0L, 0L, 
    1L, 0L, 0L, 0L, 0L, 0L, 0L, 0L, 1L, 337L, 18L, 1L, 3423L, 
    1945L, 52L, 2L, 568L, 37L, 1L, 0L, 612L, 439L, 13L, 0L, 0L
    ), .Dim = c(8L, 4L), .Dimnames = structure(list(c("-1", "-2", 
    "-3", "0", "1", "2", "3", NA), c("A", "C", "T", NA)), .Names = c("", 
    "")), class = "table"), AKMmono12_SNP1 = structure(c(0L, 
    0L, 0L, 0L, 1L, 0L, 0L, 0L, 636L, 44L, 3L, 1L, 4578L, 120L, 
    4L, 60L, 13L, 1L, 0L, 0L, 376L, 4L, 0L, 0L), .Dim = c(8L, 
    3L), .Dimnames = structure(list(c("-1", "-2", "-3", "-4", 
    "0", "1", "2", NA), c("A", "C", NA)), .Names = c("", "")), class = "table"), 
    AKMmono13_SNP1 = structure(c(325L, 20L, 1L, 5938L, 148L, 
    1L, 52L, 9L, 0L, 0L, 491L, 11L, 0L, 0L), .Dim = c(7L, 2L), .Dimnames = structure(list(
        c("-1", "-2", "-4", "0", "1", "2", NA), c("A", NA)), .Names = c("", 
    "")), class = "table"), AKMmono16_SNP1 = structure(c(404L, 
    20L, 2L, 4490L, 90L, 3L, 51L, 0L, 0L, 0L, 1L, 0L, 0L, 0L, 
    1L, 0L, 0L, 1L, 0L, 0L, 0L, 1L, 0L, 0L, 0L, 0L, 0L, 0L, 17L, 
    1L, 0L, 294L, 7L, 0L, 0L), .Dim = c(7L, 5L), .Dimnames = structure(list(
        c("-1", "-2", "-3", "0", "1", "2", NA), c("A", "C", "G", 
        "T", NA)), .Names = c("", "")), class = "table"), AKMmono22_SNP1 = structure(c(515L, 
    87L, 19L, 1L, 3584L, 154L, 14L, 221L, 0L, 0L, 0L, 0L, 1L, 
    0L, 0L, 0L, 23L, 5L, 0L, 0L, 400L, 17L, 0L, 0L), .Dim = c(8L, 
    3L), .Dimnames = structure(list(c("-1", "-2", "-3", "-4", 
    "0", "1", "2", NA), c("A", "G", NA)), .Names = c("", "")), class = "table"), 
    EJmono05_SNP1 = structure(c(0L, 0L, 0L, 1L, 0L, 0L, 0L, 0L, 
    0L, 2L, 0L, 0L, 420L, 36L, 2L, 4219L, 75L, 54L, 6L, 0L, 0L, 
    178L, 2L, 0L), .Dim = c(6L, 4L), .Dimnames = structure(list(
        c("-1", "-2", "-3", "0", "1", NA), c("-", "A", "T", NA
        )), .Names = c("", "")), class = "table"), EJmono16_SNP1 = structure(c(177L, 
    18L, 1L, 4049L, 117L, 5L, 235L, 0L, 0L, 0L, 1L, 0L, 0L, 0L, 
    1L, 0L, 0L, 99L, 2L, 0L, 0L), .Dim = c(7L, 3L), .Dimnames = structure(list(
        c("-1", "-2", "-3", "0", "1", "2", NA), c("A", "G", NA
        )), .Names = c("", "")), class = "table"), LMmono01_SNP1 = structure(c(183L, 
    9L, 1904L, 1389L, 34L, 1L, 292L, 9L, 0L, 217L, 111L, 6L, 
    0L, 0L), .Dim = c(7L, 2L), .Dimnames = structure(list(c("-1", 
    "-2", "0", "1", "2", "3", NA), c("A", NA)), .Names = c("", 
    "")), class = "table"), LMmono03_SNP1 = structure(c(0L, 0L, 
    0L, 0L, 1L, 0L, 0L, 0L, 434L, 83L, 8L, 2L, 2207L, 80L, 5L, 
    77L, 14L, 2L, 0L, 0L, 310L, 3L, 0L, 0L), .Dim = c(8L, 3L), .Dimnames = structure(list(
        c("-1", "-2", "-3", "-4", "0", "1", "2", NA), c("A", 
        "C", NA)), .Names = c("", "")), class = "table"), LMmono09_SNP1 = structure(c(0L, 
    0L, 0L, 0L, 1L, 0L, 0L, 0L, 918L, 103L, 7L, 1L, 5894L, 240L, 
    8L, 157L, 7L, 3L, 0L, 0L, 126L, 2L, 0L, 0L), .Dim = c(8L, 
    3L), .Dimnames = structure(list(c("-1", "-2", "-3", "-4", 
    "0", "1", "2", NA), c("C", "T", NA)), .Names = c("", "")), class = "table"), 
    LMmono12_SNP1 = structure(c(1746L, 230L, 7L, 1667L, 118L, 
    6L, 212L, 0L, 0L, 0L, 1L, 0L, 0L, 0L, 77L, 8L, 0L, 208L, 
    8L, 0L, 0L), .Dim = c(7L, 3L), .Dimnames = structure(list(
        c("-1", "-2", "-3", "0", "1", "2", NA), c("A", "T", NA
        )), .Names = c("", "")), class = "table"), LMmono16_SNP1 = structure(c(1081L, 
    106L, 2L, 4424L, 285L, 16L, 3L, 155L, 0L, 0L, 0L, 1L, 0L, 
    0L, 0L, 0L, 0L, 0L, 0L, 2L, 0L, 0L, 0L, 0L, 33L, 3L, 1L, 
    720L, 18L, 2L, 0L, 0L), .Dim = c(8L, 4L), .Dimnames = structure(list(
        c("-1", "-2", "-3", "0", "1", "2", "3", NA), c("A", "G", 
        "T", NA)), .Names = c("", "")), class = "table"), MSJmono10_SNP1 = structure(c(0L, 
    0L, 2L, 0L, 0L, 1L, 238L, 11L, 4408L, 138L, 4L, 40L, 0L, 
    0L, 1L, 0L, 0L, 0L, 13L, 0L, 229L, 6L, 0L, 0L), .Dim = c(6L, 
    4L), .Dimnames = structure(list(c("-1", "-2", "0", "1", "2", 
    NA), c("A", "C", "T", NA)), .Names = c("", "")), class = "table"), 
    MSJmono19ms1_SNP1 = structure(c(220L, 7L, 2L, 5336L, 106L, 
    5L, 233L, 0L, 0L, 0L, 26L, 0L, 0L, 2L, 0L, 0L, 0L, 1L, 0L, 
    0L, 1L, 15L, 3L, 0L, 851L, 15L, 1L, 0L), .Dim = c(7L, 4L), .Dimnames = structure(list(
        c("-1", "-2", "-3", "0", "1", "2", NA), c("A", "C", "T", 
        NA)), .Names = c("", "")), class = "table"), MSJmono19ms2_SNP1 = structure(c(268L, 
    7L, 5511L, 61L, 1L, 82L, 0L, 0L, 2L, 0L, 0L, 0L, 0L, 0L, 
    454L, 0L, 0L, 0L), .Dim = c(6L, 3L), .Dimnames = structure(list(
        c("-1", "-2", "0", "1", "2", NA), c("C", "T", NA)), .Names = c("", 
    "")), class = "table"), MSJmono36_SNP1 = structure(c(1L, 
    0L, 10L, 0L, 0L, 0L, 309L, 11L, 5369L, 98L, 2L, 85L, 6L, 
    0L, 201L, 1L, 0L, 0L), .Dim = c(6L, 3L), .Dimnames = structure(list(
        c("-1", "-2", "0", "1", "2", NA), c("A", "G", NA)), .Names = c("", 
    "")), class = "table"), MSJmono44_SNP1 = structure(c(0L, 
    0L, 0L, 1L, 0L, 0L, 0L, 147L, 6L, 1L, 2502L, 45L, 2L, 19L, 
    1L, 0L, 0L, 127L, 0L, 0L, 0L), .Dim = c(7L, 3L), .Dimnames = structure(list(
        c("-1", "-2", "-3", "0", "1", "2", NA), c("G", "T", NA
        )), .Names = c("", "")), class = "table"), MSJmono46_SNP1 = structure(c(0L, 
    0L, 0L, 0L, 1L, 0L, 0L, 0L, 0L, 350L, 42L, 1L, 1L, 1720L, 
    101L, 3L, 1L, 66L, 48L, 2L, 0L, 0L, 466L, 15L, 1L, 0L, 0L
    ), .Dim = c(9L, 3L), .Dimnames = structure(list(c("-1", "-2", 
    "-3", "-4", "0", "1", "2", "3", NA), c("A", "C", NA)), .Names = c("", 
    "")), class = "table"), LMmono04v2_SNP1 = structure(c(1L, 
    0L, 0L, 0L, 0L, 0L, 0L, 162L, 5L, 0L, 1317L, 57L, 2L, 15L, 
    146L, 10L, 1L, 1411L, 63L, 1L, 15L, 9L, 0L, 0L, 199L, 6L, 
    1L, 0L), .Dim = c(7L, 4L), .Dimnames = structure(list(c("-1", 
    "-2", "-4", "0", "1", "2", NA), c("A", "C", "T", NA)), .Names = c("", 
    "")), class = "table"), AKMmono01v2_SNP1 = structure(c(0L, 
    0L, 0L, 1L, 0L, 0L, 1789L, 117L, 5L, 1861L, 20L, 149L, 80L, 
    4L, 0L, 155L, 0L, 0L), .Dim = c(6L, 3L), .Dimnames = structure(list(
        c("-1", "-2", "-3", "0", "1", NA), c("-", "T", NA)), .Names = c("", 
    "")), class = "table"), AKMmono10v2_SNP1 = structure(c(79L, 
    5L, 2382L, 36L, 14L, 0L, 0L, 2L, 0L, 0L, 2L, 0L, 119L, 0L, 
    0L), .Dim = c(5L, 3L), .Dimnames = structure(list(c("-1", 
    "-2", "0", "1", NA), c("A", "G", NA)), .Names = c("", "")), class = "table"), 
    AKMmono17v2_SNP1 = structure(c(2L, 0L, 35L, 372L, 13L, 44L, 
    22L, 2L, 477L, 6L, 0L, 1L, 0L, 0L, 39L, 3L, 1L, 0L), .Dim = c(6L, 
    3L), .Dimnames = structure(list(c("-1", "-2", "0", "1", "2", 
    NA), c("A", "C", NA)), .Names = c("", "")), class = "table"), 
    EJmono13v2_SNP1 = structure(c(0L, 0L, 0L, 1L, 0L, 0L, 115L, 
    2L, 2050L, 45L, 1L, 8L, 1L, 0L, 0L, 0L, 0L, 0L, 3L, 0L, 151L, 
    1L, 0L, 0L), .Dim = c(6L, 4L), .Dimnames = structure(list(
        c("-1", "-2", "0", "1", "2", NA), c("A", "G", "T", NA
        )), .Names = c("", "")), class = "table"),