Result <-
list(AKMmono02_SNP1 = structure(c(0L, 0L, 0L, 1L, 0L, 0L, 0L, 
0L, 0L, 0L, 1L, 0L, 0L, 0L, 0L, 0L, 0L, 2L, 0L, 0L, 0L, 571L, 
25L, 1L, 6471L, 144L, 7L, 143L, 12L, 0L, 0L, 237L, 2L, 0L, 0L
), .Dim = c(7L, 5L), .Dimnames = structure(list(c("-1", "-2", 
"-3", "0", "1", "2", NA), c("A", "C", "G", "T", NA)), .Names = c("", 
"")), class = "table"), AKMmono03_SNP1 = structure(c(553L, 69L, 
29L, 5314L, 77L, 3L, 84L, 0L, 0L, 0L, 1L, 0L, 0L, 0L, 0L, 0L, 
0L, 1L, 0L, 0L, 0L, 0L, 0L, 0L, 1L, 0L, 0L, 0L, 27L, 7L, 0L, 
517L, 4L, 0L, 0L), .Dim = c(7L, 5L), .Dimnames = structure(list(
    c("-1", "-2", "-3", "0", "1", "2", NA), c("A", "C", "G", 
    "T", NA)), .Names = c("", "")), class = "table"), AKMmono05_SNP1 = structure(c(782L, 
112L, 18L, 2L, 5453L, 211L, 5L, 118L, 1L, 0L, 0L, 0L, 5L, 0L, 
0L, 0L, 1L, 0L, 0L, 0L, 1L, 0L, 0L, 0L, 0L, 0L, 0L, 0L, 3L, 0L, 
0L, 0L, 49L, 3L, 1L, 1L, 585L, 26L, 1L, 0L), .Dim = c(8L, 5L), .Dimnames = structure(list(
    c("-1", "-2", "-3", "-4", "0", "1", "2", NA), c("A", "C", 
    "G", "T", NA)), .Names = c("", "")), class = "table"), AKMmono11_SNP1 = structure(c(0L, 
0L, 0L, 7L, 0L, 0L, 0L, 0L, 805L, 38L, 1L, 7626L, 128L, 3L, 2L, 
177L, 93L, 4L, 0L, 1151L, 28L, 0L, 0L, 0L), .Dim = c(8L, 3L), .Dimnames = structure(list(
    c("-1", "-2", "-3", "0", "1", "2", "3", NA), c("A", "T", 
    NA)), .Names = c("", "")), class = "table"), AKMmono12_SNP1 = structure(c(0L, 
0L, 0L, 0L, 3L, 0L, 0L, 0L, 1024L, 66L, 4L, 1L, 7470L, 192L, 
10L, 115L, 0L, 0L, 0L, 0L, 4L, 0L, 0L, 0L, 33L, 1L, 0L, 0L, 611L, 
7L, 1L, 0L), .Dim = c(8L, 4L), .Dimnames = structure(list(c("-1", 
"-2", "-3", "-4", "0", "1", "2", NA), c("A", "C", "T", NA)), .Names = c("", 
"")), class = "table"), AKMmono13_SNP1 = structure(c(430L, 23L, 
1L, 1L, 8069L, 181L, 3L, 76L, 0L, 0L, 0L, 0L, 1L, 0L, 0L, 1L, 
1L, 0L, 0L, 0L, 0L, 0L, 0L, 0L, 21L, 2L, 0L, 0L, 605L, 11L, 1L, 
0L), .Dim = c(8L, 4L), .Dimnames = structure(list(c("-1", "-2", 
"-3", "-4", "0", "1", "2", NA), c("A", "C", "G", NA)), .Names = c("", 
"")), class = "table"), AKMmono16_SNP1 = structure(c(445L, 25L, 
3L, 1L, 5412L, 93L, 2L, 54L, 13L, 1L, 0L, 0L, 335L, 4L, 0L, 0L
), .Dim = c(8L, 2L), .Dimnames = structure(list(c("-1", "-2", 
"-3", "-4", "0", "1", "2", NA), c("A", NA)), .Names = c("", ""
)), class = "table"), AKMmono22_SNP1 = structure(c(398L, 71L, 
6L, 2L, 1L, 3141L, 158L, 8L, 2L, 201L, 20L, 1L, 2L, 0L, 0L, 400L, 
10L, 0L, 0L, 0L), .Dim = c(10L, 2L), .Dimnames = structure(list(
    c("-1", "-2", "-3", "-4", "-5", "0", "1", "2", "3", NA), 
    c("A", NA)), .Names = c("", "")), class = "table"), EJmono05_SNP1 = structure(c(0L, 
0L, 0L, 1L, 0L, 0L, 0L, 0L, 0L, 2L, 0L, 0L, 330L, 20L, 1L, 3467L, 
63L, 52L, 4L, 1L, 0L, 157L, 2L, 0L), .Dim = c(6L, 4L), .Dimnames = structure(list(
    c("-1", "-2", "-3", "0", "1", NA), c("C", "G", "T", NA)), .Names = c("", 
"")), class = "table"), EJmono16_SNP1 = structure(c(160L, 9L, 
2L, 2965L, 86L, 2L, 186L, 0L, 0L, 0L, 1L, 0L, 0L, 0L, 5L, 0L, 
0L, 72L, 2L, 0L, 0L), .Dim = c(7L, 3L), .Dimnames = structure(list(
    c("-1", "-2", "-3", "0", "1", "2", NA), c("A", "G", NA)), .Names = c("", 
"")), class = "table"), LMmono01_SNP1 = structure(c(376L, 14L, 
5L, 3848L, 50L, 58L, 1L, 1L, 0L, 1L, 0L, 0L, 10L, 0L, 0L, 346L, 
2L, 0L), .Dim = c(6L, 3L), .Dimnames = structure(list(c("-1", 
"-2", "-4", "0", "1", NA), c("A", "G", NA)), .Names = c("", ""
)), class = "table"), LMmono03_SNP1 = structure(c(0L, 0L, 0L, 
0L, 0L, 1L, 0L, 0L, 0L, 718L, 89L, 8L, 2L, 1L, 3083L, 101L, 5L, 
136L, 0L, 0L, 0L, 0L, 0L, 1L, 0L, 0L, 0L, 0L, 0L, 0L, 0L, 0L, 
1L, 0L, 0L, 0L, 23L, 0L, 1L, 1L, 0L, 450L, 2L, 1L, 0L), .Dim = c(9L, 
5L), .Dimnames = structure(list(c("-1", "-2", "-3", "-4", "-5", 
"0", "1", "2", NA), c("-", "C", "G", "T", NA)), .Names = c("", 
"")), class = "table"), LMmono09_SNP1 = structure(c(1182L, 142L, 
12L, 7L, 5548L, 246L, 12L, 1L, 195L, 19L, 2L, 0L, 0L, 112L, 0L, 
0L, 0L, 0L), .Dim = c(9L, 2L), .Dimnames = structure(list(c("-1", 
"-2", "-3", "-4", "0", "1", "2", "3", NA), c("T", NA)), .Names = c("", 
"")), class = "table"), LMmono12_SNP1 = structure(c(434L, 42L, 
3L, 2599L, 169L, 7L, 98L, 0L, 0L, 0L, 1L, 0L, 0L, 0L, 20L, 1L, 
0L, 310L, 6L, 0L, 0L), .Dim = c(7L, 3L), .Dimnames = structure(list(
    c("-1", "-2", "-3", "0", "1", "2", NA), c("A", "G", NA)), .Names = c("", 
"")), class = "table"), LMmono16_SNP1 = structure(c(668L, 52L, 
2L, 1L, 6642L, 174L, 12L, 831L, 2L, 288L, 16L, 3L, 603L, 1L, 
0L, 0L, 0L, 3L, 0L, 0L, 0L, 0L, 0L, 0L, 0L, 1L, 0L, 0L, 0L, 0L, 
1L, 0L, 0L, 0L, 0L, 0L, 0L, 0L, 0L, 20L, 4L, 0L, 0L, 1186L, 10L, 
1L, 56L, 0L, 31L, 0L, 0L, 0L), .Dim = c(13L, 4L), .Dimnames = structure(list(
    c("-1", "-2", "-3", "-4", "0", "1", "2", "3", "4", "5", "6", 
    "7", NA), c("A", "C", "T", NA)), .Names = c("", "")), class = "table"), 
    MSJmono10_SNP1 = structure(c(0L, 0L, 0L, 2L, 0L, 0L, 0L, 
    380L, 13L, 1L, 7123L, 211L, 4L, 70L, 11L, 0L, 0L, 450L, 13L, 
    0L, 0L), .Dim = c(7L, 3L), .Dimnames = structure(list(c("-1", 
    "-2", "-3", "0", "1", "2", NA), c("A", "C", NA)), .Names = c("", 
    "")), class = "table"), MSJmono19ms1_SNP1 = structure(c(178L, 
    20L, 4790L, 90L, 2L, 207L, 0L, 0L, 21L, 2L, 0L, 2L, 0L, 0L, 
    10L, 0L, 0L, 1L, 20L, 2L, 775L, 17L, 0L, 0L), .Dim = c(6L, 
    4L), .Dimnames = structure(list(c("-1", "-2", "0", "1", "2", 
    NA), c("A", "C", "T", NA)), .Names = c("", "")), class = "table"), 
    MSJmono19ms2_SNP1 = structure(c(225L, 5L, 4971L, 58L, 71L, 
    0L, 0L, 1L, 0L, 0L, 2L, 0L, 442L, 0L, 0L), .Dim = c(5L, 3L
    ), .Dimnames = structure(list(c("-1", "-2", "0", "1", NA), 
        c("C", "T", NA)), .Names = c("", "")), class = "table"), 
    MSJmono36_SNP1 = structure(c(0L, 0L, 0L, 1L, 0L, 0L, 0L, 
    255L, 11L, 1L, 3815L, 102L, 2L, 88L, 2L, 0L, 0L, 141L, 3L, 
    0L, 0L), .Dim = c(7L, 3L), .Dimnames = structure(list(c("-1", 
    "-2", "-3", "0", "1", "2", NA), c("A", "G", NA)), .Names = c("", 
    "")), class = "table"), MSJmono44_SNP1 = structure(c(0L, 
    0L, 1L, 0L, 0L, 0L, 268L, 20L, 5094L, 96L, 4L, 48L, 2L, 0L, 
    257L, 1L, 0L, 0L), .Dim = c(6L, 3L), .Dimnames = structure(list(
        c("-1", "-2", "0", "1", "2", NA), c("C", "T", NA)), .Names = c("", 
    "")), class = "table"), MSJmono46_SNP1 = structure(c(0L, 
    0L, 0L, 0L, 1L, 0L, 0L, 0L, 0L, 1272L, 137L, 7L, 1L, 6022L, 
    432L, 23L, 0L, 194L, 0L, 0L, 0L, 0L, 1L, 0L, 0L, 0L, 0L, 
    2L, 0L, 0L, 0L, 4L, 0L, 0L, 0L, 0L, 157L, 11L, 1L, 0L, 1790L, 
    90L, 3L, 1L, 0L), .Dim = c(9L, 5L), .Dimnames = structure(list(
        c("-1", "-2", "-3", "-4", "0", "1", "2", "3", NA), c("A", 
        "C", "G", "T", NA)), .Names = c("", "")), class = "table"), 
    LMmono04v2_SNP1 = structure(c(178L, 12L, 1L, 1612L, 64L, 
    18L, 0L, 0L, 0L, 1L, 0L, 0L, 70L, 8L, 0L, 637L, 27L, 9L, 
    6L, 1L, 0L, 151L, 7L, 0L), .Dim = c(6L, 4L), .Dimnames = structure(list(
        c("-1", "-2", "-3", "0", "1", NA), c("C", "G", "T", NA
        )), .Names = c("", "")), class = "table"), AKMmono01v2_SNP1 = structure(c(0L, 
    0L, 0L, 2L, 0L, 0L, 0L, 0L, 0L, 0L, 1L, 0L, 0L, 0L, 409L, 
    28L, 2L, 5840L, 84L, 3L, 51L, 17L, 1L, 0L, 468L, 5L, 0L, 
    0L), .Dim = c(7L, 4L), .Dimnames = structure(list(c("-1", 
    "-2", "-3", "0", "1", "2", NA), c("-", "G", "T", NA)), .Names = c("", 
    "")), class = "table"), AKMmono10v2_SNP1 = structure(c(38L, 
    0L, 1L, 719L, 9L, 5L, 88L, 2L, 0L, 1807L, 19L, 16L, 5L, 0L, 
    0L, 144L, 4L, 0L), .Dim = c(6L, 3L), .Dimnames = structure(list(
        c("-1", "-2", "-3", "0", "1", NA), c("A", "G", NA)), .Names = c("", 
    "")), class = "table"), AKMmono17v2_SNP1 = structure(c(0L, 
    0L, 13L, 0L, 0L, 64L, 2L, 3022L, 28L, 11L, 0L, 0L, 1L, 0L, 
    0L, 2L, 0L, 120L, 2L, 0L), .Dim = 5:4, .Dimnames = structure(list(
        c("-1", "-2", "0", "1", NA), c("A", "C", "T", NA)), .Names = c("", 
    "")), class = "table"), EJmono13v2_SNP1 = structure(c(31L, 
    1L, 550L, 10L, 1L, 1L, 87L, 7L, 1423L, 35L, 1L, 6L, 14L, 
    1L, 174L, 10L, 0L, 0L), .Dim = c(6L, 3L),