Result <-
list(AKMmono02_SNP1 = structure(c(1L, 0L, 1L, 0L, 0L, 531L, 67L, 
879L, 23L, 63L, 8L, 4L, 17L, 0L, 0L), .Dim = c(5L, 3L), .Dimnames = structure(list(
    c("-1", "-2", "0", "1", NA), c("C", "T", NA)), .Names = c("", 
"")), class = "table"), AKMmono03_SNP1 = structure(c(0L, 0L, 
0L, 0L, 1L, 0L, 0L, 0L, 2116L, 452L, 77L, 1L, 5371L, 101L, 4L, 
186L, 105L, 19L, 1L, 0L, 434L, 7L, 0L, 0L), .Dim = c(8L, 3L), .Dimnames = structure(list(
    c("-1", "-2", "-3", "-4", "0", "1", "2", NA), c("-", "A", 
    NA)), .Names = c("", "")), class = "table"), AKMmono05_SNP1 = structure(c(702L, 
349L, 302L, 25L, 1L, 1969L, 95L, 2L, 77L, 0L, 0L, 0L, 0L, 0L, 
1L, 0L, 0L, 0L, 0L, 0L, 0L, 0L, 0L, 1L, 0L, 0L, 0L, 0L, 0L, 0L, 
0L, 0L, 3L, 0L, 0L, 0L, 42L, 4L, 3L, 0L, 0L, 226L, 17L, 1L, 0L
), .Dim = c(9L, 5L), .Dimnames = structure(list(c("-1", "-2", 
"-3", "-4", "-5", "0", "1", "2", NA), c("A", "C", "G", "T", NA
)), .Names = c("", "")), class = "table"), AKMmono11_SNP1 = structure(c(0L, 
0L, 0L, 0L, 1L, 0L, 0L, 1L, 380L, 853L, 937L, 24L, 3462L, 60L, 
1L, 130L, 58L, 40L, 21L, 2L, 671L, 21L, 0L, 0L), .Dim = c(8L, 
3L), .Dimnames = structure(list(c("-1", "-2", "-3", "-4", "0", 
"1", "2", NA), c("A", "T", NA)), .Names = c("", "")), class = "table"), 
    AKMmono12_SNP1 = structure(c(0L, 0L, 0L, 0L, 0L, 1L, 0L, 
    0L, 0L, 544L, 542L, 27L, 1L, 1L, 3191L, 116L, 3L, 49L, 0L, 
    1L, 0L, 0L, 0L, 0L, 0L, 0L, 0L, 14L, 10L, 0L, 0L, 0L, 266L, 
    3L, 0L, 0L), .Dim = c(9L, 4L), .Dimnames = structure(list(
        c("-1", "-2", "-3", "-4", "-5", "0", "1", "2", NA), c("A", 
        "C", "T", NA)), .Names = c("", "")), class = "table"), 
    AKMmono13_SNP1 = structure(c(624L, 689L, 72L, 2503L, 65L, 
    2L, 62L, 0L, 0L, 0L, 2L, 0L, 0L, 0L, 25L, 6L, 0L, 157L, 4L, 
    0L, 0L), .Dim = c(7L, 3L), .Dimnames = structure(list(c("-1", 
    "-2", "-3", "0", "1", "2", NA), c("A", "G", NA)), .Names = c("", 
    "")), class = "table"), AKMmono16_SNP1 = structure(c(573L, 
    279L, 28L, 2L, 1685L, 22L, 24L, 1L, 0L, 0L, 0L, 0L, 0L, 0L, 
    12L, 6L, 1L, 0L, 121L, 1L, 0L), .Dim = c(7L, 3L), .Dimnames = structure(list(
        c("-1", "-2", "-3", "-4", "0", "1", NA), c("A", "T", 
        NA)), .Names = c("", "")), class = "table"), AKMmono22_SNP1 = structure(c(287L, 
    827L, 119L, 19L, 1711L, 106L, 5L, 1L, 161L, 11L, 22L, 3L, 
    0L, 175L, 4L, 0L, 0L, 0L), .Dim = c(9L, 2L), .Dimnames = structure(list(
        c("-1", "-2", "-3", "-4", "0", "1", "2", "3", NA), c("A", 
        NA)), .Names = c("", "")), class = "table"), EJmono05_SNP1 = structure(c(1L, 
    0L, 0L, 0L, 0L, 0L, 0L, 880L, 42L, 14L, 2685L, 73L, 1L, 34L, 
    18L, 2L, 0L, 106L, 4L, 0L, 0L), .Dim = c(7L, 3L), .Dimnames = structure(list(
        c("-1", "-2", "-3", "0", "1", "2", NA), c("C", "T", NA
        )), .Names = c("", "")), class = "table"), EJmono16_SNP1 = structure(c(1200L, 
    1051L, 115L, 1L, 4550L, 247L, 9L, 1L, 504L, 0L, 0L, 0L, 0L, 
    1L, 0L, 0L, 0L, 0L, 1L, 0L, 0L, 0L, 0L, 0L, 0L, 0L, 0L, 7L, 
    7L, 2L, 0L, 47L, 2L, 0L, 0L, 0L), .Dim = c(9L, 4L), .Dimnames = structure(list(
        c("-1", "-2", "-3", "-4", "0", "1", "2", "3", NA), c("A", 
        "C", "G", NA)), .Names = c("", "")), class = "table"), 
    LMmono01_SNP1 = structure(c(1325L, 218L, 4L, 1958L, 23L, 
    2L, 47L, 0L, 0L, 0L, 2L, 0L, 0L, 0L, 43L, 2L, 0L, 120L, 5L, 
    0L, 0L), .Dim = c(7L, 3L), .Dimnames = structure(list(c("-1", 
    "-2", "-3", "0", "1", "2", NA), c("A", "T", NA)), .Names = c("", 
    "")), class = "table"), LMmono03_SNP1 = structure(c(1L, 0L, 
    0L, 0L, 0L, 3L, 0L, 0L, 0L, 268L, 238L, 71L, 5L, 1L, 970L, 
    96L, 5L, 102L, 0L, 0L, 0L, 0L, 0L, 1L, 0L, 0L, 0L, 7L, 1L, 
    2L, 0L, 0L, 69L, 3L, 0L, 0L), .Dim = c(9L, 4L), .Dimnames = structure(list(
        c("-1", "-2", "-3", "-4", "-5", "0", "1", "2", NA), c("A", 
        "C", "T", NA)), .Names = c("", "")), class = "table"), 
    LMmono09_SNP1 = structure(c(832L, 477L, 933L, 203L, 11L, 
    2104L, 105L, 3L, 174L, 8L, 5L, 15L, 1L, 0L, 28L, 0L, 0L, 
    0L), .Dim = c(9L, 2L), .Dimnames = structure(list(c("-1", 
    "-2", "-3", "-4", "-5", "0", "1", "2", NA), c("T", NA)), .Names = c("", 
    "")), class = "table"), LMmono12_SNP1 = structure(c(606L, 
    442L, 135L, 5L, 1296L, 110L, 7L, 125L, 8L, 3L, 0L, 0L, 45L, 
    0L, 0L, 0L), .Dim = c(8L, 2L), .Dimnames = structure(list(
        c("-1", "-2", "-3", "-4", "0", "1", "2", NA), c("A", 
        NA)), .Names = c("", "")), class = "table"), LMmono16_SNP1 = structure(c(7L, 
    2L, 4L, 2L, 21L, 2181L, 284L, 425L, 0L, 143L, 6L, 214L, 0L, 
    0L, 0L, 0L, 0L, 1L, 0L, 0L, 0L, 0L, 0L, 0L, 0L, 0L, 0L, 0L, 
    0L, 1L, 0L, 0L, 0L, 0L, 0L, 0L, 1L, 0L, 0L, 0L, 4L, 329L, 
    6L, 21L, 1L, 13L, 2L, 0L), .Dim = c(12L, 4L), .Dimnames = structure(list(
        c("-1", "-2", "-3", "-4", "-5", "0", "1", "3", "4", "5", 
        "6", NA), c("A", "G", "T", NA)), .Names = c("", "")), class = "table"), 
    MSJmono10_SNP1 = structure(c(449L, 82L, 4L, 1L, 1502L, 46L, 
    3L, 12L, 0L, 0L, 0L, 0L, 1L, 0L, 0L, 0L, 1L, 0L, 0L, 0L, 
    0L, 0L, 0L, 0L, 11L, 3L, 0L, 0L, 94L, 3L, 1L, 0L), .Dim = c(8L, 
    4L), .Dimnames = structure(list(c("-1", "-2", "-3", "-4", 
    "0", "1", "2", NA), c("C", "G", "T", NA)), .Names = c("", 
    "")), class = "table"), MSJmono19ms1_SNP1 = structure(c(1817L, 
    131L, 14L, 1L, 7403L, 225L, 2L, 0L, 249L, 1L, 0L, 0L, 0L, 
    7L, 0L, 0L, 0L, 1L, 0L, 0L, 0L, 0L, 1L, 0L, 0L, 0L, 0L, 1L, 
    0L, 0L, 0L, 8L, 0L, 0L, 0L, 1L, 126L, 6L, 1L, 0L, 801L, 18L, 
    1L, 1L, 0L), .Dim = c(9L, 5L), .Dimnames = structure(list(
        c("-1", "-2", "-3", "-4", "0", "1", "2", "3", NA), c("A", 
        "C", "G", "T", NA)), .Names = c("", "")), class = "table"), 
    MSJmono19ms2_SNP1 = structure(c(1826L, 117L, 6940L, 85L, 
    272L, 0L, 0L, 2L, 0L, 0L, 12L, 1L, 542L, 0L, 0L), .Dim = c(5L, 
    3L), .Dimnames = structure(list(c("-1", "-2", "0", "1", NA
    ), c("C", "T", NA)), .Names = c("", "")), class = "table"), 
    MSJmono36_SNP1 = structure(c(0L, 0L, 0L, 1L, 0L, 0L, 1L, 
    1040L, 966L, 54L, 4360L, 100L, 1L, 261L, 7L, 10L, 0L, 142L, 
    0L, 0L, 0L), .Dim = c(7L, 3L), .Dimnames = structure(list(
        c("-1", "-2", "-3", "0", "1", "2", NA), c("A", "G", NA
        )), .Names = c("", "")), class = "table"), MSJmono44_SNP1 = structure(c(854L, 
    75L, 1L, 2245L, 32L, 30L, 6L, 0L, 0L, 44L, 1L, 0L), .Dim = c(6L, 
    2L), .Dimnames = structure(list(c("-1", "-2", "-3", "0", 
    "1", NA), c("T", NA)), .Names = c("", "")), class = "table"), 
    MSJmono46_SNP1 = structure(c(0L, 1L, 0L, 0L, 0L, 0L, 0L, 
    47L, 151L, 41L, 1L, 208L, 16L, 19L, 0L, 5L, 1L, 0L, 6L, 0L, 
    0L), .Dim = c(7L, 3L), .Dimnames = structure(list(c("-1", 
    "-2", "-3", "-4", "0", "1", NA), c("A", "C", NA)), .Names = c("", 
    "")), class = "table"), LMmono04v2_SNP1 = structure(c(417L, 
    68L, 5L, 910L, 71L, 1L, 11L, 8L, 1L, 0L, 55L, 9L, 0L, 0L), .Dim = c(7L, 
    2L), .Dimnames = structure(list(c("-1", "-2", "-3", "0", 
    "1", "2", NA), c("C", NA)), .Names = c("", "")), class = "table"), 
    AKMmono01v2_SNP1 = structure(c(2L, 0L, 0L, 0L, 0L, 0L, 0L, 
    312L, 311L, 6L, 1L, 1187L, 16L, 26L, 7L, 5L, 0L, 0L, 53L, 
    0L, 0L), .Dim = c(7L, 3L), .Dimnames = structure(list(c("-1", 
    "-2", "-3", "-5", "0", "1", NA), c("C", "T", NA)), .Names = c("", 
    "")), class = "table"), AKMmono10v2_SNP1 = structure(c(74L, 
    0L, 132L, 1L, 1L, 66L, 2L, 121L, 0L, 0L, 1L, 0L, 0L, 0L, 
    0L, 1L, 0L, 15L, 0L, 0L), .Dim = 5:4, .Dimnames = structure(list(
        c("-1", "-2", "0", "1", NA), c("A", "G", "T", NA)), .Names = c("", 
    "")), class = "table"), AKMmono17v2_SNP1 = structure(c(1L, 
    0L, 38L, 39L, 1L, 1L, 2L, 19L, 0L, 62L, 1L, 0L, 0L, 0L, 0L, 
    7L, 0L, 0L), .Dim = c(6L, 3L), .Dimnames = structure(list(
        c("-1", "-2", "-3", "0", "1", NA), c("A", "C", NA)), .Names = c("", 
    "")), class = "table"), EJmono13v2_SNP1 = structure(c(110L, 
    2L, 183L, 11L, 7L, 41L, 2L, 136L, 3L, 1L, 2L, 1L, 5L, 1L, 
    0L), .Dim = c(5L, 3L),