Result <-
list(AKMmono02_SNP1 = structure(c(197L, 14L, 2L, 1703L, 33L, 
41L, 2L, 0L, 0L, 28L, 1L, 0L), .Dim = c(6L, 2L), .Dimnames = structure(list(
    c("-1", "-2", "-3", "0", "1", NA), c("T", NA)), .Names = c("", 
"")), class = "table"), AKMmono03_SNP1 = structure(c(846L, 103L, 
30L, 1L, 7480L, 119L, 2L, 75L, 33L, 2L, 0L, 0L, 557L, 4L, 0L, 
0L), .Dim = c(8L, 2L), .Dimnames = structure(list(c("-1", "-2", 
"-3", "-4", "0", "1", "2", NA), c("A", NA)), .Names = c("", ""
)), class = "table"), AKMmono05_SNP1 = structure(c(923L, 94L, 
14L, 3L, 1L, 2216L, 119L, 5L, 65L, 0L, 0L, 0L, 0L, 0L, 1L, 0L, 
0L, 0L, 39L, 2L, 0L, 0L, 0L, 190L, 8L, 0L, 0L), .Dim = c(9L, 
3L), .Dimnames = structure(list(c("-1", "-2", "-3", "-4", "-5", 
"0", "1", "2", NA), c("A", "G", NA)), .Names = c("", "")), class = "table"), 
    AKMmono11_SNP1 = structure(c(0L, 0L, 0L, 1L, 0L, 0L, 0L, 
    0L, 0L, 0L, 0L, 1L, 0L, 0L, 0L, 0L, 0L, 0L, 0L, 1L, 0L, 0L, 
    0L, 0L, 1453L, 312L, 12L, 6608L, 134L, 17L, 1L, 201L, 231L, 
    18L, 1L, 1274L, 36L, 2L, 0L, 0L), .Dim = c(8L, 5L), .Dimnames = structure(list(
        c("-1", "-2", "-3", "0", "1", "2", "3", NA), c("A", "C", 
        "G", "T", NA)), .Names = c("", "")), class = "table"), 
    AKMmono12_SNP1 = structure(c(0L, 0L, 0L, 2L, 0L, 0L, 0L, 
    0L, 1194L, 144L, 10L, 3516L, 174L, 10L, 1L, 46L, 0L, 0L, 
    0L, 1L, 0L, 0L, 0L, 0L, 24L, 5L, 0L, 251L, 6L, 0L, 0L, 0L
    ), .Dim = c(8L, 4L), .Dimnames = structure(list(c("-1", "-2", 
    "-3", "0", "1", "2", "3", NA), c("A", "C", "T", NA)), .Names = c("", 
    "")), class = "table"), AKMmono13_SNP1 = structure(c(385L, 
    86L, 3L, 1L, 3490L, 90L, 43L, 7L, 0L, 0L, 0L, 175L, 3L, 0L
    ), .Dim = c(7L, 2L), .Dimnames = structure(list(c("-1", "-2", 
    "-3", "-4", "0", "1", NA), c("A", NA)), .Names = c("", ""
    )), class = "table"), AKMmono16_SNP1 = structure(c(429L, 
    25L, 2L, 1L, 2671L, 59L, 16L, 0L, 0L, 0L, 0L, 1L, 0L, 0L, 
    6L, 1L, 0L, 0L, 139L, 1L, 0L), .Dim = c(7L, 3L), .Dimnames = structure(list(
        c("-1", "-2", "-3", "-4", "0", "1", NA), c("A", "T", 
        NA)), .Names = c("", "")), class = "table"), AKMmono22_SNP1 = structure(c(0L, 
    0L, 0L, 0L, 1L, 0L, 0L, 0L, 0L, 653L, 230L, 22L, 3L, 2495L, 
    147L, 10L, 1L, 140L, 0L, 1L, 0L, 0L, 1L, 0L, 0L, 0L, 0L, 
    18L, 3L, 0L, 0L, 236L, 3L, 1L, 0L, 0L), .Dim = c(9L, 4L), .Dimnames = structure(list(
        c("-1", "-2", "-3", "-4", "0", "1", "2", "3", NA), c("-", 
        "A", "G", NA)), .Names = c("", "")), class = "table"), 
    EJmono05_SNP1 = structure(c(256L, 60L, 2L, 2067L, 45L, 12L, 
    4L, 1L, 1L, 63L, 1L, 0L), .Dim = c(6L, 2L), .Dimnames = structure(list(
        c("-1", "-2", "-3", "0", "1", NA), c("T", NA)), .Names = c("", 
    "")), class = "table"), EJmono16_SNP1 = structure(c(497L, 
    48L, 2L, 8L, 1L, 6088L, 345L, 13L, 1L, 265L, 0L, 0L, 0L, 
    0L, 0L, 1L, 0L, 0L, 0L, 0L, 1L, 0L, 0L, 0L, 0L, 61L, 4L, 
    0L, 0L, 0L), .Dim = c(10L, 3L), .Dimnames = structure(list(
        c("-1", "-2", "-3", "-5", "-6", "0", "1", "2", "3", NA
        ), c("A", "C", NA)), .Names = c("", "")), class = "table"), 
    LMmono01_SNP1 = structure(c(679L, 74L, 2746L, 42L, 35L, 0L, 
    0L, 1L, 0L, 0L, 0L, 0L, 2L, 0L, 0L, 21L, 1L, 164L, 3L, 0L
    ), .Dim = 5:4, .Dimnames = structure(list(c("-1", "-2", "0", 
    "1", NA), c("A", "G", "T", NA)), .Names = c("", "")), class = "table"), 
    LMmono03_SNP1 = structure(c(0L, 0L, 0L, 0L, 1L, 0L, 0L, 0L, 
    1L, 0L, 0L, 0L, 1L, 0L, 0L, 0L, 567L, 184L, 54L, 3L, 1795L, 
    56L, 4L, 103L, 10L, 6L, 1L, 0L, 107L, 6L, 0L, 0L), .Dim = c(8L, 
    4L), .Dimnames = structure(list(c("-1", "-2", "-3", "-4", 
    "0", "1", "2", NA), c("-", "A", "C", NA)), .Names = c("", 
    "")), class = "table"), LMmono09_SNP1 = structure(c(0L, 0L, 
    0L, 1L, 0L, 0L, 0L, 0L, 0L, 0L, 1L, 0L, 0L, 0L, 1286L, 192L, 
    43L, 4980L, 182L, 12L, 154L, 14L, 1L, 0L, 72L, 2L, 0L, 0L
    ), .Dim = c(7L, 4L), .Dimnames = structure(list(c("-1", "-2", 
    "-3", "0", "1", "2", NA), c("C", "G", "T", NA)), .Names = c("", 
    "")), class = "table"), LMmono12_SNP1 = structure(c(553L, 
    136L, 31L, 1L, 1976L, 166L, 6L, 81L, 6L, 0L, 1L, 0L, 69L, 
    2L, 0L, 0L), .Dim = c(8L, 2L), .Dimnames = structure(list(
        c("-1", "-2", "-3", "-4", "0", "1", "2", NA), c("A", 
        NA)), .Names = c("", "")), class = "table"), LMmono16_SNP1 = structure(c(486L, 
    47L, 5L, 1L, 3045L, 288L, 18L, 428L, 3L, 93L, 5L, 193L, 20L, 
    3L, 1L, 0L, 484L, 7L, 1L, 21L, 0L, 11L, 0L, 0L), .Dim = c(12L, 
    2L), .Dimnames = structure(list(c("-1", "-2", "-3", "-5", 
    "0", "1", "2", "3", "4", "5", "6", NA), c("A", NA)), .Names = c("", 
    "")), class = "table"), MSJmono10_SNP1 = structure(c(170L, 
    1L, 2180L, 78L, 5L, 8L, 4L, 0L, 120L, 9L, 0L, 0L), .Dim = c(6L, 
    2L), .Dimnames = structure(list(c("-1", "-2", "0", "1", "2", 
    NA), c("C", NA)), .Names = c("", "")), class = "table"), 
    MSJmono19ms1_SNP1 = structure(c(562L, 32L, 7L, 1L, 7347L, 
    228L, 15L, 177L, 1L, 0L, 0L, 0L, 5L, 1L, 0L, 0L, 0L, 0L, 
    0L, 0L, 6L, 0L, 0L, 0L, 47L, 4L, 0L, 1L, 758L, 30L, 0L, 0L
    ), .Dim = c(8L, 4L), .Dimnames = structure(list(c("-1", "-2", 
    "-3", "-4", "0", "1", "2", NA), c("A", "C", "T", NA)), .Names = c("", 
    "")), class = "table"), MSJmono19ms2_SNP1 = structure(c(502L, 
    10L, 7519L, 85L, 92L, 3L, 0L, 514L, 0L, 0L), .Dim = c(5L, 
    2L), .Dimnames = structure(list(c("-1", "-2", "0", "1", NA
    ), c("C", NA)), .Names = c("", "")), class = "table"), MSJmono36_SNP1 = structure(c(0L, 
    0L, 0L, 1L, 0L, 0L, 0L, 714L, 39L, 1L, 6238L, 191L, 5L, 104L, 
    0L, 0L, 0L, 1L, 0L, 0L, 0L, 5L, 0L, 0L, 165L, 3L, 0L, 0L), .Dim = c(7L, 
    4L), .Dimnames = structure(list(c("-1", "-2", "-3", "0", 
    "1", "2", NA), c("C", "G", "T", NA)), .Names = c("", "")), class = "table"), 
    MSJmono44_SNP1 = structure(c(399L, 47L, 1L, 2290L, 32L, 13L, 
    4L, 0L, 0L, 42L, 1L, 0L), .Dim = c(6L, 2L), .Dimnames = structure(list(
        c("-1", "-2", "-3", "0", "1", NA), c("T", NA)), .Names = c("", 
    "")), class = "table"), MSJmono46_SNP1 = structure(c(181L, 
    20L, 1L, 1L, 756L, 92L, 8L, 35L, 0L, 0L, 0L, 0L, 24L, 0L, 
    0L, 0L), .Dim = c(8L, 2L), .Dimnames = structure(list(c("-1", 
    "-2", "-3", "-4", "0", "1", "2", NA), c("C", NA)), .Names = c("", 
    "")), class = "table"), LMmono04v2_SNP1 = structure(c(140L, 
    8L, 1143L, 54L, 2L, 5L, 2L, 0L, 65L, 3L, 0L, 0L), .Dim = c(6L, 
    2L), .Dimnames = structure(list(c("-1", "-2", "0", "1", "2", 
    NA), c("C", NA)), .Names = c("", "")), class = "table"), 
    AKMmono01v2_SNP1 = structure(c(0L, 0L, 0L, 1L, 0L, 0L, 103L, 
    38L, 6L, 552L, 8L, 8L, 0L, 1L, 0L, 0L, 0L, 0L, 156L, 55L, 
    1L, 595L, 6L, 13L, 5L, 4L, 0L, 53L, 1L, 0L), .Dim = 6:5, .Dimnames = structure(list(
        c("-1", "-2", "-3", "0", "1", NA), c("A", "C", "G", "T", 
        NA)), .Names = c("", "")), class = "table"), AKMmono10v2_SNP1 = structure(c(78L, 
    1L, 283L, 4L, 3L, 0L, 0L, 12L, 0L, 0L), .Dim = c(5L, 2L), .Dimnames = structure(list(
        c("-1", "-2", "0", "1", NA), c("A", NA)), .Names = c("", 
    "")), class = "table"), AKMmono17v2_SNP1 = structure(c(1L, 
    0L, 6L, 0L, 0L, 5L, 1L, 137L, 1L, 1L, 0L, 0L, 6L, 0L, 0L), .Dim = c(5L, 
    3L), .Dimnames = structure(list(c("-1", "-2", "0", "1", NA
    ), c("A", "C", NA)), .Names = c("", "")), class = "table"), 
    EJmono13v2_SNP1 = structure(c(31L, 1L, 270L, 6L, 2L, 0L, 
    0L, 6L, 0L, 0L), .Dim = c(5L, 2L), .Dimnames = structure(list(
        c("-1", "-2", "0", "1", NA), c("G", NA)), .Names = c("", 
    "")), class = "table"), EJmono21v2_SNP1 = structure(c(33L, 
    1L, 54L, 2L, 2L, 2L, 0L, 11L, 0L, 1L, 0L, 0L, 5L, 0L, 0L), .Dim = c(5L, 
    3L), .Dimnames = structure(list(c("-1", "-2", "0", "1", NA
    ), c("C", "T", NA)), .Names = c("", "")), class = "table"), 
    LMmono05v2_SNP1 = structure(c(105L, 7L, 1L, 239L, 6L, 5L, 
    3L, 0L, 0L, 5L, 0L, 0L), .Dim = c(6L, 2L), .Dimnames = structure(list(
        c("-1", "-2", "-3", "0", "1", NA), c("T", NA)),