Result <-
list(AKMmono02_SNP1 = structure(c(0L, 0L, 0L, 1L, 0L, 0L, 0L, 
513L, 28L, 2L, 3319L, 107L, 5L, 102L, 7L, 0L, 0L, 58L, 1L, 0L, 
0L), .Dim = c(7L, 3L), .Dimnames = structure(list(c("-1", "-2", 
"-3", "0", "1", "2", NA), c("C", "T", NA)), .Names = c("", ""
)), class = "table"), AKMmono03_SNP1 = structure(c(0L, 0L, 0L, 
1L, 0L, 0L, 0L, 1413L, 155L, 45L, 4949L, 263L, 6L, 130L, 0L, 
0L, 0L, 1L, 0L, 0L, 0L, 64L, 2L, 0L, 374L, 6L, 0L, 0L), .Dim = c(7L, 
4L), .Dimnames = structure(list(c("-1", "-2", "-3", "0", "1", 
"2", NA), c("-", "A", "C", NA)), .Names = c("", "")), class = "table"), 
    AKMmono05_SNP1 = structure(c(1153L, 160L, 29L, 3L, 3297L, 
    150L, 3L, 87L, 0L, 0L, 0L, 0L, 1L, 0L, 0L, 0L, 1L, 0L, 0L, 
    0L, 0L, 0L, 0L, 0L, 63L, 8L, 1L, 0L, 308L, 10L, 1L, 0L), .Dim = c(8L, 
    4L), .Dimnames = structure(list(c("-1", "-2", "-3", "-4", 
    "0", "1", "2", NA), c("A", "C", "G", NA)), .Names = c("", 
    "")), class = "table"), AKMmono11_SNP1 = structure(c(1021L, 
    145L, 3L, 4953L, 98L, 2L, 152L, 156L, 4L, 0L, 887L, 29L, 
    0L, 0L), .Dim = c(7L, 2L), .Dimnames = structure(list(c("-1", 
    "-2", "-3", "0", "1", "2", NA), c("T", NA)), .Names = c("", 
    "")), class = "table"), AKMmono12_SNP1 = structure(c(1L, 
    0L, 0L, 1L, 0L, 0L, 0L, 917L, 359L, 63L, 4703L, 134L, 4L, 
    64L, 0L, 0L, 0L, 1L, 0L, 0L, 0L, 0L, 0L, 0L, 1L, 0L, 0L, 
    0L, 19L, 9L, 1L, 410L, 6L, 0L, 0L), .Dim = c(7L, 5L), .Dimnames = structure(list(
        c("-1", "-2", "-3", "0", "1", "2", NA), c("A", "C", "G", 
        "T", NA)), .Names = c("", "")), class = "table"), AKMmono13_SNP1 = structure(c(688L, 
    165L, 401L, 2L, 5845L, 139L, 4L, 58L, 0L, 0L, 0L, 0L, 1L, 
    0L, 0L, 0L, 16L, 1L, 1L, 0L, 328L, 4L, 0L, 0L), .Dim = c(8L, 
    3L), .Dimnames = structure(list(c("-1", "-2", "-3", "-4", 
    "0", "1", "2", NA), c("A", "G", NA)), .Names = c("", "")), class = "table"), 
    AKMmono16_SNP1 = structure(c(394L, 22L, 1L, 3671L, 77L, 3L, 
    23L, 0L, 0L, 0L, 1L, 0L, 0L, 0L, 0L, 0L, 0L, 1L, 0L, 0L, 
    0L, 7L, 0L, 0L, 241L, 3L, 0L, 0L), .Dim = c(7L, 4L), .Dimnames = structure(list(
        c("-1", "-2", "-3", "0", "1", "2", NA), c("A", "G", "T", 
        NA)), .Names = c("", "")), class = "table"), AKMmono22_SNP1 = structure(c(662L, 
    356L, 44L, 2L, 3329L, 281L, 20L, 4L, 1L, 192L, 38L, 11L, 
    0L, 0L, 316L, 11L, 0L, 0L, 0L, 0L), .Dim = c(10L, 2L), .Dimnames = structure(list(
        c("-1", "-2", "-3", "-4", "0", "1", "2", "3", "4", NA
        ), c("A", NA)), .Names = c("", "")), class = "table"), 
    EJmono05_SNP1 = structure(c(1123L, 222L, 2L, 2812L, 72L, 
    3L, 65L, 15L, 3L, 0L, 99L, 2L, 0L, 0L), .Dim = c(7L, 2L), .Dimnames = structure(list(
        c("-1", "-2", "-3", "0", "1", "2", NA), c("T", NA)), .Names = c("", 
    "")), class = "table"), EJmono16_SNP1 = structure(c(766L, 
    621L, 65L, 1L, 5071L, 288L, 18L, 347L, 0L, 0L, 0L, 0L, 1L, 
    0L, 0L, 0L, 7L, 5L, 0L, 0L, 66L, 1L, 0L, 0L), .Dim = c(8L, 
    3L), .Dimnames = structure(list(c("-1", "-2", "-3", "-4", 
    "0", "1", "2", NA), c("A", "T", NA)), .Names = c("", "")), class = "table"), 
    LMmono01_SNP1 = structure(c(748L, 29L, 1L, 3908L, 107L, 4L, 
    32L, 0L, 0L, 0L, 2L, 0L, 0L, 0L, 27L, 1L, 0L, 303L, 8L, 0L, 
    0L), .Dim = c(7L, 3L), .Dimnames = structure(list(c("-1", 
    "-2", "-3", "0", "1", "2", NA), c("A", "T", NA)), .Names = c("", 
    "")), class = "table"), LMmono03_SNP1 = structure(c(541L, 
    205L, 45L, 5L, 1L, 1L, 1597L, 53L, 1L, 83L, 9L, 4L, 0L, 0L, 
    0L, 0L, 109L, 2L, 1L, 0L), .Dim = c(10L, 2L), .Dimnames = structure(list(
        c("-1", "-2", "-3", "-4", "-5", "-7", "0", "1", "2", 
        NA), c("C", NA)), .Names = c("", "")), class = "table"), 
    LMmono09_SNP1 = structure(c(0L, 0L, 0L, 0L, 0L, 1L, 0L, 0L, 
    0L, 1070L, 762L, 359L, 3L, 2L, 3965L, 128L, 2L, 197L, 11L, 
    5L, 2L, 0L, 0L, 48L, 1L, 0L, 0L), .Dim = c(9L, 3L), .Dimnames = structure(list(
        c("-1", "-2", "-3", "-4", "-5", "0", "1", "2", NA), c("G", 
        "T", NA)), .Names = c("", "")), class = "table"), LMmono12_SNP1 = structure(c(594L, 
    73L, 3L, 2941L, 187L, 8L, 119L, 0L, 0L, 0L, 1L, 0L, 0L, 0L, 
    6L, 0L, 0L, 100L, 3L, 1L, 0L), .Dim = c(7L, 3L), .Dimnames = structure(list(
        c("-1", "-2", "-3", "0", "1", "2", NA), c("A", "T", NA
        )), .Names = c("", "")), class = "table"), LMmono16_SNP1 = structure(c(1011L, 
    164L, 13L, 3002L, 122L, 9L, 701L, 3L, 78L, 2L, 219L, 0L, 
    0L, 0L, 0L, 0L, 0L, 1L, 0L, 0L, 0L, 0L, 60L, 5L, 1L, 494L, 
    9L, 0L, 35L, 0L, 10L, 0L, 0L), .Dim = c(11L, 3L), .Dimnames = structure(list(
        c("-1", "-2", "-3", "0", "1", "2", "3", "4", "5", "6", 
        NA), c("A", "G", NA)), .Names = c("", "")), class = "table"), 
    MSJmono10_SNP1 = structure(c(782L, 156L, 4L, 4056L, 140L, 
    4L, 21L, 20L, 6L, 0L, 236L, 11L, 1L, 0L), .Dim = c(7L, 2L
    ), .Dimnames = structure(list(c("-1", "-2", "-3", "0", "1", 
    "2", NA), c("C", NA)), .Names = c("", "")), class = "table"), 
    MSJmono19ms1_SNP1 = structure(c(0L, 0L, 0L, 1L, 0L, 0L, 0L, 
    573L, 445L, 11L, 5062L, 162L, 15L, 170L, 1L, 0L, 0L, 4L, 
    0L, 0L, 0L, 1L, 0L, 0L, 1L, 0L, 0L, 0L, 0L, 0L, 0L, 3L, 0L, 
    0L, 0L, 43L, 27L, 0L, 542L, 19L, 1L, 0L), .Dim = 7:6, .Dimnames = structure(list(
        c("-1", "-2", "-3", "0", "1", "2", NA), c("-", "A", "C", 
        "G", "T", NA)), .Names = c("", "")), class = "table"), 
    MSJmono19ms2_SNP1 = structure(c(464L, 20L, 5568L, 95L, 1L, 
    95L, 1L, 0L, 0L, 0L, 0L, 0L, 5L, 0L, 424L, 0L, 0L, 0L), .Dim = c(6L, 
    3L), .Dimnames = structure(list(c("-1", "-2", "0", "1", "2", 
    NA), c("C", "G", NA)), .Names = c("", "")), class = "table"), 
    MSJmono36_SNP1 = structure(c(537L, 30L, 2L, 1L, 5157L, 125L, 
    1L, 93L, 4L, 1L, 0L, 0L, 139L, 1L, 0L, 0L), .Dim = c(8L, 
    2L), .Dimnames = structure(list(c("-1", "-2", "-3", "-4", 
    "0", "1", "2", NA), c("G", NA)), .Names = c("", "")), class = "table"), 
    MSJmono44_SNP1 = structure(c(0L, 0L, 0L, 1L, 0L, 0L, 0L, 
    0L, 0L, 6L, 0L, 0L, 260L, 245L, 1L, 2732L, 58L, 23L, 3L, 
    1L, 0L, 48L, 2L, 0L), .Dim = c(6L, 4L), .Dimnames = structure(list(
        c("-1", "-2", "-3", "0", "1", NA), c("A", "G", "T", NA
        )), .Names = c("", "")), class = "table"), MSJmono46_SNP1 = structure(c(301L, 
    140L, 15L, 2L, 761L, 38L, 33L, 8L, 0L, 1L, 0L, 30L, 0L, 0L
    ), .Dim = c(7L, 2L), .Dimnames = structure(list(c("-1", "-2", 
    "-3", "-4", "0", "1", NA), c("C", NA)), .Names = c("", ""
    )), class = "table"), LMmono04v2_SNP1 = structure(c(261L, 
    18L, 1677L, 132L, 4L, 3L, 17L, 5L, 0L, 74L, 3L, 3L, 0L, 0L
    ), .Dim = c(7L, 2L), .Dimnames = structure(list(c("-1", "-2", 
    "0", "1", "2", "3", NA), c("C", NA)), .Names = c("", "")), class = "table"), 
    AKMmono01v2_SNP1 = structure(c(11L, 2L, 0L, 1L, 0L, 0L, 1L, 
    928L, 323L, 10L, 3026L, 53L, 1L, 54L, 23L, 5L, 1L, 129L, 
    5L, 0L, 0L), .Dim = c(7L, 3L), .Dimnames = structure(list(
        c("-1", "-2", "-3", "0", "1", "2", NA), c("C", "T", NA
        )), .Names = c("", "")), class = "table"), AKMmono10v2_SNP1 = structure(c(73L, 
    2L, 1959L, 133L, 4L, 15L, 0L, 0L, 21L, 0L, 0L, 0L, 0L, 0L, 
    1L, 0L, 0L, 0L, 0L, 0L, 65L, 5L, 0L, 0L), .Dim = c(6L, 4L
    ), .Dimnames = structure(list(c("-1", "-2", "0", "1", "2", 
    NA), c("A", "G", "T", NA)), .Names = c("", "")), class = "table"), 
    AKMmono17v2_SNP1 = structure(c(89L, 7L, 1L, 410L, 8L, 4L, 
    1L, 0L, 0L, 37L, 0L, 0L, 1L, 0L, 0L, 19L, 0L, 0L), .Dim = c(6L, 
    3L), .Dimnames = structure(list(c("-1", "-2", "-3", "0", 
    "1", NA), c("A", "C", NA)), .Names = c("", "")), class = "table"), 
    EJmono13v2_SNP1 = structure(c(2L, 0L, 23L, 0L, 0L, 352L, 
    8L, 1110L, 22L, 10L, 2L, 0L, 24L, 0L, 0L), .Dim = c(5L, 3L
    ), .Dimnames = structure(list(c("-1", "-2", "0", "1", NA), 
        c("A", "G", NA)), .Names = c("", "")), class = "table"), 
    EJmono21v2_SNP1 = structure(c(3L, 0L, 28L, 1L, 0L, 126L, 
    4L, 372L, 7L, 11L, 2L, 0L, 31L, 0L, 0L), .Dim = c(5L, 3L),