Result <-
list(AKMmono02_SNP1 = structure(c(306L, 9L, 4L, 3522L, 78L, 82L, 
5L, 0L, 0L, 119L, 0L, 0L), .Dim = c(6L, 2L), .Dimnames = structure(list(
    c("-1", "-2", "-3", "0", "1", NA), c("T", NA)), .Names = c("", 
"")), class = "table"), AKMmono03_SNP1 = structure(c(662L, 82L, 
15L, 3L, 6590L, 96L, 126L, 0L, 0L, 0L, 0L, 1L, 0L, 0L, 34L, 4L, 
0L, 0L, 653L, 2L, 0L), .Dim = c(7L, 3L), .Dimnames = structure(list(
    c("-1", "-2", "-3", "-4", "0", "1", NA), c("A", "G", NA)), .Names = c("", 
"")), class = "table"), AKMmono05_SNP1 = structure(c(641L, 101L, 
19L, 3L, 4554L, 168L, 4L, 110L, 2L, 0L, 0L, 0L, 4L, 0L, 0L, 0L, 
0L, 0L, 0L, 0L, 2L, 0L, 0L, 0L, 0L, 0L, 0L, 0L, 2L, 0L, 0L, 0L, 
40L, 2L, 0L, 0L, 470L, 14L, 0L, 0L), .Dim = c(8L, 5L), .Dimnames = structure(list(
    c("-1", "-2", "-3", "-4", "0", "1", "2", NA), c("A", "C", 
    "G", "T", NA)), .Names = c("", "")), class = "table"), AKMmono11_SNP1 = structure(c(0L, 
0L, 0L, 0L, 6L, 0L, 0L, 0L, 0L, 0L, 0L, 1L, 0L, 0L, 575L, 33L, 
2L, 1L, 5322L, 78L, 136L, 71L, 0L, 0L, 0L, 856L, 13L, 0L), .Dim = c(7L, 
4L), .Dimnames = structure(list(c("-1", "-2", "-3", "-4", "0", 
"1", NA), c("A", "G", "T", NA)), .Names = c("", "")), class = "table"), 
    AKMmono12_SNP1 = structure(c(0L, 0L, 0L, 0L, 1L, 0L, 0L, 
    0L, 596L, 45L, 1L, 1L, 4143L, 111L, 7L, 64L, 0L, 0L, 0L, 
    0L, 4L, 0L, 0L, 0L, 13L, 1L, 0L, 0L, 334L, 1L, 0L, 0L), .Dim = c(8L, 
    4L), .Dimnames = structure(list(c("-1", "-2", "-3", "-4", 
    "0", "1", "2", NA), c("A", "C", "T", NA)), .Names = c("", 
    "")), class = "table"), AKMmono13_SNP1 = structure(c(289L, 
    18L, 5433L, 126L, 3L, 50L, 0L, 0L, 2L, 0L, 0L, 0L, 10L, 0L, 
    404L, 4L, 0L, 0L), .Dim = c(6L, 3L), .Dimnames = structure(list(
        c("-1", "-2", "0", "1", "2", NA), c("A", "T", NA)), .Names = c("", 
    "")), class = "table"), AKMmono16_SNP1 = structure(c(302L, 
    12L, 1L, 1L, 3324L, 87L, 1L, 34L, 0L, 0L, 0L, 0L, 1L, 0L, 
    0L, 0L, 13L, 2L, 0L, 0L, 201L, 5L, 0L, 0L), .Dim = c(8L, 
    3L), .Dimnames = structure(list(c("-1", "-2", "-3", "-4", 
    "0", "1", "2", NA), c("A", "C", NA)), .Names = c("", "")), class = "table"), 
    AKMmono22_SNP1 = structure(c(427L, 87L, 8L, 3445L, 152L, 
    3L, 216L, 0L, 0L, 0L, 2L, 0L, 0L, 0L, 19L, 2L, 0L, 385L, 
    7L, 0L, 0L), .Dim = c(7L, 3L), .Dimnames = structure(list(
        c("-1", "-2", "-3", "0", "1", "2", NA), c("A", "T", NA
        )), .Names = c("", "")), class = "table"), EJmono05_SNP1 = structure(c(0L, 
    0L, 0L, 1L, 0L, 0L, 0L, 0L, 0L, 1L, 0L, 0L, 334L, 34L, 1L, 
    3344L, 64L, 42L, 9L, 0L, 0L, 156L, 1L, 0L), .Dim = c(6L, 
    4L), .Dimnames = structure(list(c("-1", "-2", "-3", "0", 
    "1", NA), c("A", "G", "T", NA)), .Names = c("", "")), class = "table"), 
    EJmono16_SNP1 = structure(c(198L, 15L, 4474L, 168L, 1L, 282L, 
    2L, 0L, 96L, 2L, 0L, 0L), .Dim = c(6L, 2L), .Dimnames = structure(list(
        c("-1", "-2", "0", "1", "2", NA), c("A", NA)), .Names = c("", 
    "")), class = "table"), LMmono01_SNP1 = structure(c(341L, 
    9L, 3842L, 58L, 2L, 59L, 0L, 0L, 2L, 0L, 0L, 0L, 17L, 0L, 
    296L, 5L, 0L, 0L), .Dim = c(6L, 3L), .Dimnames = structure(list(
        c("-1", "-2", "0", "1", "2", NA), c("A", "T", NA)), .Names = c("", 
    "")), class = "table"), LMmono03_SNP1 = structure(c(0L, 0L, 
    0L, 1L, 0L, 0L, 0L, 352L, 63L, 5L, 1692L, 61L, 2L, 40L, 0L, 
    0L, 0L, 2L, 0L, 0L, 0L, 9L, 1L, 0L, 238L, 2L, 0L, 0L), .Dim = c(7L, 
    4L), .Dimnames = structure(list(c("-1", "-2", "-3", "0", 
    "1", "2", NA), c("A", "C", "T", NA)), .Names = c("", "")), class = "table"), 
    LMmono09_SNP1 = structure(c(616L, 40L, 1L, 5121L, 162L, 8L, 
    141L, 1L, 0L, 0L, 87L, 0L, 0L, 0L), .Dim = c(7L, 2L), .Dimnames = structure(list(
        c("-1", "-2", "-3", "0", "1", "2", NA), c("T", NA)), .Names = c("", 
    "")), class = "table"), LMmono12_SNP1 = structure(c(397L, 
    31L, 1L, 2425L, 138L, 6L, 65L, 0L, 0L, 0L, 1L, 0L, 0L, 0L, 
    13L, 1L, 0L, 279L, 2L, 0L, 0L), .Dim = c(7L, 3L), .Dimnames = structure(list(
        c("-1", "-2", "-4", "0", "1", "2", NA), c("A", "T", NA
        )), .Names = c("", "")), class = "table"), LMmono16_SNP1 = structure(c(398L, 
    25L, 1L, 3270L, 130L, 3L, 330L, 0L, 116L, 10L, 2L, 262L, 
    0L, 0L, 0L, 1L, 0L, 0L, 0L, 0L, 0L, 0L, 0L, 0L, 9L, 0L, 0L, 
    555L, 11L, 1L, 16L, 1L, 16L, 1L, 0L, 0L), .Dim = c(12L, 3L
    ), .Dimnames = structure(list(c("-1", "-2", "-3", "0", "1", 
    "2", "3", "4", "5", "6", "7", NA), c("A", "G", NA)), .Names = c("", 
    "")), class = "table"), MSJmono10_SNP1 = structure(c(0L, 
    0L, 0L, 1L, 0L, 0L, 0L, 256L, 7L, 2L, 3723L, 112L, 2L, 23L, 
    10L, 0L, 0L, 244L, 7L, 0L, 0L), .Dim = c(7L, 3L), .Dimnames = structure(list(
        c("-1", "-2", "-3", "0", "1", "2", NA), c("A", "C", NA
        )), .Names = c("", "")), class = "table"), MSJmono19ms1_SNP1 = structure(c(292L, 
    6L, 1L, 6256L, 91L, 2L, 288L, 0L, 0L, 0L, 26L, 0L, 0L, 1L, 
    0L, 0L, 0L, 1L, 0L, 0L, 0L, 0L, 0L, 0L, 5L, 0L, 0L, 1L, 27L, 
    1L, 0L, 971L, 15L, 0L, 0L), .Dim = c(7L, 5L), .Dimnames = structure(list(
        c("-1", "-2", "-4", "0", "1", "2", NA), c("A", "C", "G", 
        "T", NA)), .Names = c("", "")), class = "table"), MSJmono19ms2_SNP1 = structure(c(301L, 
    8L, 6613L, 84L, 3L, 95L, 2L, 0L, 503L, 1L, 0L, 0L), .Dim = c(6L, 
    2L), .Dimnames = structure(list(c("-1", "-2", "0", "1", "2", 
    NA), c("C", NA)), .Names = c("", "")), class = "table"), 
    MSJmono36_SNP1 = structure(c(2749L, 135L, 3L, 2834L, 54L, 
    1L, 415L, 29L, 2L, 1L, 119L, 2L, 0L, 0L), .Dim = c(7L, 2L
    ), .Dimnames = structure(list(c("-1", "-2", "-3", "0", "1", 
    "2", NA), c("G", NA)), .Names = c("", "")), class = "table"), 
    MSJmono44_SNP1 = structure(c(8L, 1L, 0L, 9L, 1L, 0L, 1L, 
    0L, 0L, 0L, 0L, 0L, 0L, 0L, 0L, 0L, 0L, 1L, 0L, 0L, 0L, 0L, 
    249L, 15L, 3L, 0L, 2L, 2L, 4080L, 76L, 2L, 2L, 25L, 4L, 0L, 
    0L, 0L, 0L, 0L, 146L, 1L, 0L, 0L, 0L), .Dim = c(11L, 4L), .Dimnames = structure(list(
        c("-1", "-2", "-3", "-4", "-5", "-6", "0", "1", "2", 
        "4", NA), c("-", "C", "T", NA)), .Names = c("", "")), class = "table"), 
    MSJmono46_SNP1 = structure(c(324L, 29L, 4L, 1L, 1494L, 78L, 
    3L, 49L, 44L, 1L, 1L, 0L, 478L, 23L, 2L, 0L), .Dim = c(8L, 
    2L), .Dimnames = structure(list(c("-1", "-2", "-3", "-5", 
    "0", "1", "2", NA), c("C", NA)), .Names = c("", "")), class = "table"), 
    LMmono04v2_SNP1 = structure(c(253L, 12L, 2305L, 65L, 6L, 
    26L, 11L, 1L, 134L, 4L, 0L, 0L), .Dim = c(6L, 2L), .Dimnames = structure(list(
        c("-1", "-2", "0", "1", "2", NA), c("C", NA)), .Names = c("", 
    "")), class = "table"), AKMmono01v2_SNP1 = structure(c(193L, 
    11L, 1L, 2601L, 62L, 16L, 10L, 0L, 0L, 215L, 3L, 0L), .Dim = c(6L, 
    2L), .Dimnames = structure(list(c("-1", "-2", "-3", "0", 
    "1", NA), c("T", NA)), .Names = c("", "")), class = "table"), 
    AKMmono10v2_SNP1 = structure(c(68L, 1L, 1385L, 12L, 8L, 0L, 
    0L, 12L, 0L, 0L, 1L, 0L, 70L, 2L, 0L), .Dim = c(5L, 3L), .Dimnames = structure(list(
        c("-1", "-2", "0", "1", NA), c("A", "G", NA)), .Names = c("", 
    "")), class = "table"), AKMmono17v2_SNP1 = structure(c(10L, 
    0L, 281L, 7L, 0L, 3L, 17L, 2L, 331L, 8L, 1L, 2L, 1L, 0L, 
    33L, 0L, 0L, 0L), .Dim = c(6L, 3L), .Dimnames = structure(list(
        c("-1", "-2", "0", "1", "2", NA), c("A", "C", NA)), .Names = c("", 
    "")), class = "table"), EJmono13v2_SNP1 = structure(c(0L, 
    1L, 0L, 0L, 0L, 76L, 1014L, 25L, 0L, 6L, 0L, 79L, 2L, 1L, 
    0L), .Dim = c(5L, 3L), .Dimnames = structure(list(c("-1", 
    "0", "1", "2", NA), c("A", "G", NA)), .Names = c("", "")), class = "table"), 
    EJmono21v2_SNP1 = structure(c(46L, 1L, 579L, 3L, 7L, 1L, 
    0L, 15L, 0L, 1L, 3L, 0L, 42L, 0L, 0L), .Dim = c(5L, 3L), .Dimnames = structure(list(
        c("-1", "-2", "0", "1", NA), c("C", "T", NA)), .Names = c("", 
    "")), class = "table"), LMmono05v2_SNP1 = structure(c(146L, 
    8L, 1472L, 41L, 1L, 8L, 0L, 0L, 2L, 1L, 0L, 0L, 11L, 1L, 
    105L, 3L, 0L, 0L),