Result <-
list(AKMmono02_SNP1 = structure(c(1L, 0L, 0L, 0L, 0L, 0L, 0L, 
0L, 0L, 0L, 0L, 0L, 1L, 0L, 0L, 0L, 0L, 0L, 0L, 0L, 1L, 0L, 0L, 
0L, 523L, 25L, 2L, 1L, 5000L, 88L, 3L, 118L, 6L, 1L, 0L, 0L, 
90L, 0L, 0L, 0L), .Dim = c(8L, 5L), .Dimnames = structure(list(
    c("-1", "-2", "-3", "-4", "0", "1", "2", NA), c("A", "C", 
    "G", "T", NA)), .Names = c("", "")), class = "table"), AKMmono03_SNP1 = structure(c(1433L, 
183L, 36L, 4L, 13150L, 191L, 5L, 140L, 0L, 0L, 0L, 0L, 2L, 0L, 
0L, 0L, 0L, 0L, 0L, 0L, 1L, 0L, 0L, 0L, 0L, 0L, 0L, 0L, 1L, 0L, 
0L, 0L, 67L, 13L, 2L, 0L, 930L, 7L, 0L, 0L), .Dim = c(8L, 5L), .Dimnames = structure(list(
    c("-1", "-2", "-3", "-4", "0", "1", "2", NA), c("A", "C", 
    "G", "T", NA)), .Names = c("", "")), class = "table"), AKMmono05_SNP1 = structure(c(1359L, 
158L, 22L, 2L, 9130L, 382L, 7L, 1L, 141L, 0L, 0L, 0L, 0L, 3L, 
0L, 0L, 0L, 0L, 0L, 0L, 0L, 0L, 1L, 0L, 0L, 0L, 0L, 75L, 6L, 
0L, 0L, 808L, 41L, 3L, 0L, 0L), .Dim = c(9L, 4L), .Dimnames = structure(list(
    c("-1", "-2", "-3", "-4", "0", "1", "2", "3", NA), c("A", 
    "C", "T", NA)), .Names = c("", "")), class = "table"), AKMmono11_SNP1 = structure(c(0L, 
0L, 0L, 1L, 0L, 1L, 0L, 0L, 0L, 0L, 1L, 474L, 27L, 2L, 3983L, 
160L, 622L, 2537L, 194L, 7L, 1L, 413L, 85L, 1L, 0L, 1240L, 35L, 
185L, 677L, 62L, 1L, 0L, 0L), .Dim = c(11L, 3L), .Dimnames = structure(list(
    c("-1", "-2", "-3", "0", "1", "2", "3", "4", "5", "6", NA
    ), c("A", "T", NA)), .Names = c("", "")), class = "table"), 
    AKMmono12_SNP1 = structure(c(0L, 0L, 0L, 0L, 4L, 0L, 0L, 
    0L, 0L, 1323L, 95L, 8L, 2L, 8564L, 248L, 7L, 1L, 65L, 0L, 
    0L, 0L, 0L, 2L, 0L, 0L, 0L, 0L, 0L, 0L, 0L, 0L, 2L, 0L, 0L, 
    0L, 0L, 32L, 1L, 0L, 0L, 677L, 4L, 0L, 0L, 0L), .Dim = c(9L, 
    5L), .Dimnames = structure(list(c("-1", "-2", "-3", "-4", 
    "0", "1", "2", "3", NA), c("A", "C", "G", "T", NA)), .Names = c("", 
    "")), class = "table"), AKMmono13_SNP1 = structure(c(690L, 
    40L, 3L, 11422L, 304L, 7L, 78L, 0L, 0L, 0L, 1L, 0L, 0L, 0L, 
    0L, 0L, 0L, 2L, 0L, 0L, 0L, 0L, 0L, 0L, 1L, 0L, 0L, 0L, 20L, 
    1L, 0L, 648L, 12L, 1L, 0L), .Dim = c(7L, 5L), .Dimnames = structure(list(
        c("-1", "-2", "-3", "0", "1", "2", NA), c("A", "C", "G", 
        "T", NA)), .Names = c("", "")), class = "table"), AKMmono16_SNP1 = structure(c(703L, 
    34L, 4L, 1L, 7771L, 153L, 1L, 49L, 0L, 0L, 0L, 0L, 1L, 0L, 
    0L, 0L, 7L, 0L, 1L, 0L, 425L, 5L, 0L, 0L), .Dim = c(8L, 3L
    ), .Dimnames = structure(list(c("-1", "-2", "-3", "-4", "0", 
    "1", "2", NA), c("A", "T", NA)), .Names = c("", "")), class = "table"), 
    AKMmono22_SNP1 = structure(c(958L, 146L, 18L, 2L, 6022L, 
    314L, 19L, 1L, 240L, 0L, 0L, 0L, 0L, 2L, 1L, 0L, 0L, 0L, 
    1L, 0L, 0L, 0L, 0L, 0L, 0L, 0L, 0L, 36L, 2L, 0L, 0L, 577L, 
    11L, 0L, 0L, 0L), .Dim = c(9L, 4L), .Dimnames = structure(list(
        c("-1", "-2", "-3", "-4", "0", "1", "2", "3", NA), c("A", 
        "G", "T", NA)), .Names = c("", "")), class = "table"), 
    EJmono05_SNP1 = structure(c(1L, 0L, 0L, 0L, 1L, 0L, 0L, 0L, 
    0L, 0L, 0L, 0L, 2L, 0L, 0L, 0L, 1027L, 82L, 3L, 1L, 9038L, 
    220L, 3L, 62L, 19L, 2L, 0L, 0L, 271L, 3L, 0L, 0L), .Dim = c(8L, 
    4L), .Dimnames = structure(list(c("-1", "-2", "-3", "-4", 
    "0", "1", "2", NA), c("A", "C", "T", NA)), .Names = c("", 
    "")), class = "table"), EJmono16_SNP1 = structure(c(692L, 
    36L, 1L, 1L, 6L, 11615L, 611L, 16L, 1L, 378L, 0L, 0L, 0L, 
    0L, 0L, 1L, 0L, 0L, 0L, 0L, 2L, 0L, 0L, 0L, 0L, 148L, 5L, 
    0L, 0L, 0L), .Dim = c(10L, 3L), .Dimnames = structure(list(
        c("-1", "-2", "-3", "-4", "-5", "0", "1", "2", "3", NA
        ), c("A", "G", NA)), .Names = c("", "")), class = "table"), 
    LMmono01_SNP1 = structure(c(878L, 35L, 1L, 7485L, 155L, 1L, 
    52L, 0L, 0L, 0L, 1L, 0L, 0L, 0L, 0L, 0L, 0L, 3L, 0L, 0L, 
    0L, 3L, 0L, 0L, 3L, 0L, 0L, 0L, 17L, 1L, 0L, 511L, 17L, 1L, 
    0L), .Dim = c(7L, 5L), .Dimnames = structure(list(c("-1", 
    "-2", "-3", "0", "1", "2", NA), c("A", "C", "G", "T", NA)), .Names = c("", 
    "")), class = "table"), LMmono03_SNP1 = structure(c(0L, 0L, 
    0L, 0L, 2L, 0L, 0L, 0L, 0L, 0L, 0L, 0L, 0L, 5L, 0L, 0L, 0L, 
    0L, 816L, 104L, 10L, 1L, 3671L, 118L, 4L, 3L, 144L, 0L, 0L, 
    0L, 0L, 2L, 0L, 0L, 0L, 0L, 2L, 0L, 0L, 0L, 10L, 0L, 0L, 
    0L, 0L, 20L, 3L, 0L, 0L, 218L, 1L, 0L, 0L, 0L), .Dim = c(9L, 
    6L), .Dimnames = structure(list(c("-1", "-2", "-3", "-4", 
    "0", "1", "2", "3", NA), c("-", "A", "C", "G", "T", NA)), .Names = c("", 
    "")), class = "table"), LMmono09_SNP1 = structure(c(0L, 0L, 
    0L, 0L, 2L, 0L, 0L, 0L, 0L, 0L, 0L, 0L, 1L, 0L, 0L, 0L, 1810L, 
    240L, 242L, 27L, 10538L, 416L, 8L, 250L, 17L, 2L, 0L, 0L, 
    138L, 2L, 0L, 0L), .Dim = c(8L, 4L), .Dimnames = structure(list(
        c("-1", "-2", "-3", "-4", "0", "1", "2", NA), c("A", 
        "C", "T", NA)), .Names = c("", "")), class = "table"), 
    LMmono12_SNP1 = structure(c(1187L, 85L, 4L, 1L, 6072L, 382L, 
    18L, 2L, 205L, 0L, 0L, 0L, 0L, 1L, 0L, 0L, 0L, 0L, 12L, 0L, 
    0L, 0L, 200L, 6L, 0L, 0L, 0L), .Dim = c(9L, 3L), .Dimnames = structure(list(
        c("-1", "-2", "-3", "-4", "0", "1", "2", "3", NA), c("A", 
        "G", NA)), .Names = c("", "")), class = "table"), LMmono16_SNP1 = structure(c(945L, 
    98L, 2L, 6L, 2L, 6135L, 252L, 17L, 742L, 1L, 232L, 19L, 349L, 
    0L, 0L, 0L, 0L, 0L, 5L, 0L, 0L, 0L, 0L, 0L, 0L, 0L, 0L, 0L, 
    0L, 0L, 0L, 1L, 0L, 0L, 0L, 0L, 0L, 0L, 0L, 33L, 2L, 0L, 
    0L, 0L, 996L, 18L, 4L, 30L, 0L, 25L, 1L, 0L), .Dim = c(13L, 
    4L), .Dimnames = structure(list(c("-1", "-2", "-3", "-4", 
    "-6", "0", "1", "2", "3", "4", "5", "6", NA), c("A", "C", 
    "T", NA)), .Names = c("", "")), class = "table"), MSJmono10_SNP1 = structure(c(0L, 
    0L, 1L, 0L, 0L, 0L, 0L, 330L, 17L, 5577L, 245L, 9L, 2L, 20L, 
    5L, 0L, 292L, 9L, 0L, 0L, 0L), .Dim = c(7L, 3L), .Dimnames = structure(list(
        c("-1", "-2", "0", "1", "2", "3", NA), c("A", "C", NA
        )), .Names = c("", "")), class = "table"), MSJmono19ms1_SNP1 = structure(c(675L, 
    42L, 3L, 1L, 11635L, 353L, 13L, 266L, 0L, 0L, 0L, 0L, 17L, 
    0L, 0L, 0L, 0L, 0L, 0L, 0L, 1L, 0L, 0L, 0L, 0L, 0L, 0L, 0L, 
    5L, 0L, 0L, 0L, 61L, 2L, 0L, 0L, 1232L, 23L, 0L, 0L), .Dim = c(8L, 
    5L), .Dimnames = structure(list(c("-1", "-2", "-3", "-4", 
    "0", "1", "2", NA), c("A", "C", "G", "T", NA)), .Names = c("", 
    "")), class = "table"), MSJmono19ms2_SNP1 = structure(c(0L, 
    0L, 3L, 0L, 0L, 0L, 0L, 557L, 15L, 11830L, 118L, 5L, 1L, 
    144L, 1L, 0L, 0L, 0L, 0L, 0L, 0L, 0L, 0L, 3L, 0L, 0L, 0L, 
    0L, 3L, 0L, 870L, 3L, 1L, 0L, 0L), .Dim = c(7L, 5L), .Dimnames = structure(list(
        c("-1", "-2", "0", "1", "2", "3", NA), c("A", "C", "G", 
        "T", NA)), .Names = c("", "")), class = "table"), MSJmono36_SNP1 = structure(c(0L, 
    0L, 0L, 3L, 0L, 0L, 0L, 0L, 0L, 0L, 0L, 1L, 0L, 0L, 0L, 0L, 
    714L, 44L, 2L, 10471L, 253L, 16L, 2L, 131L, 0L, 0L, 0L, 2L, 
    0L, 0L, 0L, 0L, 6L, 0L, 0L, 282L, 5L, 0L, 0L, 0L), .Dim = c(8L, 
    5L), .Dimnames = structure(list(c("-1", "-2", "-3", "0", 
    "1", "2", "3", NA), c("A", "C", "G", "T", NA)), .Names = c("", 
    "")), class = "table"), MSJmono44_SNP1 = structure(c(0L, 
    0L, 1L, 0L, 0L, 2L, 0L, 1L, 0L, 0L, 0L, 0L, 1L, 0L, 0L, 0L, 
    379L, 12L, 0L, 3L, 6164L, 111L, 2L, 39L, 5L, 0L, 0L, 0L, 
    119L, 1L, 0L, 0L), .Dim = c(8L, 4L), .Dimnames = structure(list(
        c("-1", "-2", "-5", "-6", "0", "1", "2", NA), c("-", 
        "G", "T", NA)), .Names = c("", "")), class = "table"), 
    MSJmono46_SNP1 = structure(c(414L, 37L, 4L, 1L, 1677L, 84L, 
    1L, 59L, 4L, 1L, 1L, 0L, 68L, 3L, 0L, 0L), .Dim = c(8L, 2L
    ), .Dimnames = structure(list(c("-1", "-2", "-3", "-4", "0", 
    "1", "2", NA), c("C", NA)), .Names = c("", "")), class = "table"), 
    LMmono04v2_SNP1 = structure(c(751L, 41L, 2L, 1L, 5718L, 290L, 
    15L, 1L, 51L, 16L, 0L, 0L, 0L, 281L, 8L, 3L, 0L, 0L), .Dim = c(9L, 
    2L),