Result <-
list(AKMmono02_SNP1 = structure(c(0L, 0L, 1L, 0L, 0L, 0L, 472L, 
23L, 5746L, 143L, 3L, 113L, 6L, 0L, 91L, 0L, 0L, 0L), .Dim = c(6L, 
3L), .Dimnames = structure(list(c("-1", "-2", "0", "1", "2", 
NA), c("A", "T", NA)), .Names = c("", "")), class = "table"), 
    AKMmono03_SNP1 = structure(c(1183L, 217L, 51L, 7L, 11319L, 
    199L, 2L, 134L, 0L, 0L, 0L, 0L, 1L, 0L, 0L, 0L, 0L, 0L, 0L, 
    0L, 1L, 0L, 0L, 0L, 73L, 11L, 1L, 0L, 883L, 7L, 0L, 0L), .Dim = c(8L, 
    4L), .Dimnames = structure(list(c("-1", "-2", "-3", "-4", 
    "0", "1", "2", NA), c("A", "C", "G", NA)), .Names = c("", 
    "")), class = "table"), AKMmono05_SNP1 = structure(c(1136L, 
    179L, 23L, 4L, 1L, 7988L, 324L, 8L, 121L, 0L, 0L, 0L, 0L, 
    0L, 1L, 0L, 0L, 0L, 1L, 0L, 0L, 0L, 0L, 0L, 0L, 0L, 0L, 0L, 
    0L, 0L, 0L, 0L, 3L, 0L, 0L, 0L, 61L, 4L, 0L, 0L, 0L, 725L, 
    35L, 0L, 0L), .Dim = c(9L, 5L), .Dimnames = structure(list(
        c("-1", "-2", "-3", "-4", "-5", "0", "1", "2", NA), c("A", 
        "C", "G", "T", NA)), .Names = c("", "")), class = "table"), 
    AKMmono11_SNP1 = structure(c(0L, 0L, 0L, 4L, 0L, 0L, 0L, 
    1021L, 64L, 2L, 9425L, 179L, 4L, 122L, 155L, 4L, 0L, 1797L, 
    56L, 1L, 0L), .Dim = c(7L, 3L), .Dimnames = structure(list(
        c("-1", "-2", "-3", "0", "1", "2", NA), c("A", "T", NA
        )), .Names = c("", "")), class = "table"), AKMmono12_SNP1 = structure(c(1L, 
    0L, 0L, 0L, 0L, 0L, 0L, 0L, 0L, 1278L, 88L, 9L, 1L, 8895L, 
    307L, 7L, 1L, 65L, 26L, 3L, 0L, 0L, 745L, 9L, 0L, 0L, 0L), .Dim = c(9L, 
    3L), .Dimnames = structure(list(c("-1", "-2", "-3", "-5", 
    "0", "1", "2", "3", NA), c("A", "C", NA)), .Names = c("", 
    "")), class = "table"), AKMmono13_SNP1 = structure(c(526L, 
    24L, 2L, 1L, 9280L, 232L, 3L, 69L, 0L, 0L, 0L, 0L, 1L, 0L, 
    0L, 0L, 0L, 0L, 0L, 0L, 1L, 0L, 0L, 0L, 0L, 0L, 0L, 0L, 1L, 
    0L, 0L, 0L, 23L, 0L, 0L, 0L, 601L, 11L, 0L, 0L), .Dim = c(8L, 
    5L), .Dimnames = structure(list(c("-1", "-2", "-3", "-4", 
    "0", "1", "2", NA), c("A", "C", "G", "T", NA)), .Names = c("", 
    "")), class = "table"), AKMmono16_SNP1 = structure(c(546L, 
    22L, 2L, 5739L, 107L, 32L, 0L, 0L, 0L, 3L, 0L, 0L, 8L, 1L, 
    0L, 324L, 6L, 0L), .Dim = c(6L, 3L), .Dimnames = structure(list(
        c("-1", "-2", "-3", "0", "1", NA), c("A", "T", NA)), .Names = c("", 
    "")), class = "table"), AKMmono22_SNP1 = structure(c(1022L, 
    168L, 12L, 4L, 6828L, 421L, 19L, 4L, 265L, 0L, 0L, 0L, 0L, 
    2L, 0L, 0L, 0L, 1L, 0L, 0L, 0L, 0L, 1L, 0L, 0L, 0L, 0L, 46L, 
    7L, 1L, 1L, 649L, 15L, 1L, 0L, 0L), .Dim = c(9L, 4L), .Dimnames = structure(list(
        c("-1", "-2", "-3", "-4", "0", "1", "2", "3", NA), c("A", 
        "G", "T", NA)), .Names = c("", "")), class = "table"), 
    EJmono05_SNP1 = structure(c(797L, 59L, 3L, 6559L, 165L, 3L, 
    51L, 11L, 0L, 0L, 229L, 3L, 0L, 0L), .Dim = c(7L, 2L), .Dimnames = structure(list(
        c("-1", "-2", "-3", "0", "1", "2", NA), c("T", NA)), .Names = c("", 
    "")), class = "table"), EJmono16_SNP1 = structure(c(687L, 
    47L, 4L, 11450L, 623L, 25L, 411L, 0L, 0L, 0L, 0L, 0L, 0L, 
    1L, 0L, 0L, 0L, 1L, 0L, 0L, 0L, 6L, 0L, 0L, 127L, 2L, 0L, 
    0L), .Dim = c(7L, 4L), .Dimnames = structure(list(c("-1", 
    "-2", "-3", "0", "1", "2", NA), c("A", "C", "G", NA)), .Names = c("", 
    "")), class = "table"), LMmono01_SNP1 = structure(c(765L, 
    34L, 1L, 6685L, 129L, 4L, 41L, 1L, 1L, 0L, 0L, 0L, 0L, 0L, 
    0L, 0L, 0L, 1L, 0L, 0L, 0L, 40L, 0L, 0L, 456L, 16L, 0L, 0L
    ), .Dim = c(7L, 4L), .Dimnames = structure(list(c("-1", "-2", 
    "-3", "0", "1", "2", NA), c("A", "G", "T", NA)), .Names = c("", 
    "")), class = "table"), LMmono03_SNP1 = structure(c(0L, 0L, 
    0L, 0L, 1L, 0L, 0L, 0L, 831L, 96L, 13L, 1L, 3488L, 113L, 
    7L, 127L, 0L, 0L, 0L, 0L, 1L, 0L, 0L, 0L, 1L, 0L, 0L, 0L, 
    0L, 0L, 0L, 1L, 18L, 2L, 0L, 0L, 210L, 2L, 0L, 0L), .Dim = c(8L, 
    5L), .Dimnames = structure(list(c("-1", "-2", "-3", "-4", 
    "0", "1", "2", NA), c("A", "C", "G", "T", NA)), .Names = c("", 
    "")), class = "table"), LMmono09_SNP1 = structure(c(0L, 0L, 
    0L, 0L, 1L, 0L, 0L, 0L, 0L, 1633L, 106L, 9L, 0L, 13233L, 
    400L, 13L, 1L, 274L, 1L, 0L, 1L, 1L, 136L, 0L, 0L, 0L, 0L
    ), .Dim = c(9L, 3L), .Dimnames = structure(list(c("-1", "-2", 
    "-3", "-4", "0", "1", "2", "3", NA), c("C", "T", NA)), .Names = c("", 
    "")), class = "table"), LMmono12_SNP1 = structure(c(841L, 
    54L, 3L, 1L, 4575L, 319L, 5L, 1L, 167L, 9L, 0L, 0L, 0L, 180L, 
    5L, 0L, 0L, 0L), .Dim = c(9L, 2L), .Dimnames = structure(list(
        c("-1", "-2", "-3", "-4", "0", "1", "2", "3", NA), c("A", 
        NA)), .Names = c("", "")), class = "table"), LMmono16_SNP1 = structure(c(795L, 
    71L, 4L, 1L, 1L, 5490L, 214L, 13L, 653L, 2L, 249L, 16L, 1L, 
    280L, 0L, 0L, 0L, 0L, 0L, 1L, 0L, 0L, 0L, 0L, 0L, 0L, 0L, 
    0L, 1L, 0L, 0L, 0L, 0L, 1L, 0L, 0L, 0L, 0L, 0L, 0L, 0L, 0L, 
    28L, 5L, 0L, 0L, 0L, 897L, 9L, 0L, 34L, 0L, 17L, 1L, 0L, 
    0L), .Dim = c(14L, 4L), .Dimnames = structure(list(c("-1", 
    "-2", "-3", "-4", "-5", "0", "1", "2", "3", "4", "5", "6", 
    "7", NA), c("A", "C", "G", NA)), .Names = c("", "")), class = "table"), 
    MSJmono10_SNP1 = structure(c(0L, 0L, 0L, 2L, 0L, 0L, 0L, 
    386L, 7L, 1L, 6243L, 208L, 8L, 21L, 15L, 0L, 1L, 340L, 8L, 
    0L, 0L), .Dim = c(7L, 3L), .Dimnames = structure(list(c("-1", 
    "-2", "-3", "0", "1", "2", NA), c("A", "C", NA)), .Names = c("", 
    "")), class = "table"), MSJmono19ms1_SNP1 = structure(c(659L, 
    33L, 7L, 1L, 11841L, 326L, 11L, 2L, 298L, 0L, 0L, 0L, 0L, 
    24L, 0L, 0L, 0L, 0L, 0L, 0L, 0L, 0L, 2L, 0L, 0L, 0L, 0L, 
    3L, 0L, 0L, 0L, 9L, 0L, 0L, 0L, 1L, 59L, 6L, 0L, 0L, 1306L, 
    17L, 0L, 0L, 0L), .Dim = c(9L, 5L), .Dimnames = structure(list(
        c("-1", "-2", "-3", "-5", "0", "1", "2", "4", NA), c("A", 
        "C", "G", "T", NA)), .Names = c("", "")), class = "table"), 
    MSJmono19ms2_SNP1 = structure(c(0L, 0L, 2L, 0L, 0L, 0L, 557L, 
    11L, 12058L, 128L, 3L, 149L, 4L, 0L, 893L, 0L, 0L, 0L), .Dim = c(6L, 
    3L), .Dimnames = structure(list(c("-1", "-2", "0", "1", "2", 
    NA), c("A", "C", NA)), .Names = c("", "")), class = "table"), 
    MSJmono36_SNP1 = structure(c(0L, 0L, 0L, 2L, 0L, 0L, 0L, 
    0L, 0L, 0L, 1L, 0L, 0L, 0L, 755L, 24L, 2L, 10736L, 282L, 
    6L, 159L, 0L, 0L, 0L, 1L, 0L, 0L, 0L, 5L, 0L, 0L, 323L, 4L, 
    0L, 0L), .Dim = c(7L, 5L), .Dimnames = structure(list(c("-1", 
    "-2", "-3", "0", "1", "2", NA), c("A", "C", "G", "T", NA)), .Names = c("", 
    "")), class = "table"), MSJmono44_SNP1 = structure(c(16L, 
    1L, 0L, 3L, 0L, 0L, 0L, 0L, 0L, 0L, 0L, 0L, 0L, 1L, 0L, 0L, 
    0L, 0L, 416L, 16L, 4L, 4L, 6710L, 136L, 3L, 5L, 41L, 4L, 
    1L, 0L, 0L, 115L, 0L, 0L, 0L, 0L), .Dim = c(9L, 4L), .Dimnames = structure(list(
        c("-1", "-2", "-3", "-5", "0", "1", "2", "3", NA), c("-", 
        "A", "T", NA)), .Names = c("", "")), class = "table"), 
    MSJmono46_SNP1 = structure(c(1L, 0L, 0L, 0L, 0L, 0L, 0L, 
    0L, 557L, 63L, 3L, 1L, 2483L, 175L, 7L, 64L, 0L, 0L, 0L, 
    0L, 1L, 0L, 0L, 0L, 8L, 2L, 0L, 0L, 104L, 5L, 0L, 0L), .Dim = c(8L, 
    4L), .Dimnames = structure(list(c("-1", "-2", "-3", "-5", 
    "0", "1", "2", NA), c("A", "C", "G", NA)), .Names = c("", 
    "")), class = "table"), LMmono04v2_SNP1 = structure(c(362L, 
    22L, 1L, 1L, 3147L, 142L, 11L, 26L, 0L, 0L, 0L, 0L, 1L, 0L, 
    0L, 0L, 0L, 0L, 0L, 0L, 0L, 1L, 0L, 0L, 5L, 0L, 0L, 0L, 170L, 
    4L, 0L, 0L), .Dim = c(8L, 4L), .Dimnames = structure(list(
        c("-1", "-2", "-3", "-4", "0", "1", "2", NA), c("C", 
        "G", "T", NA)), .Names = c("", "")), class = "table"), 
    AKMmono01v2_SNP1 = structure(c(2442L, 163L, 3L, 2L, 31L, 
    1L, 0L, 116L, 196L, 9L, 1L, 0L, 2903L, 61L, 1L, 29L, 37L, 
    1L, 1L, 0L, 107L, 2L, 0L, 0L), .Dim = c(8L, 3L), .Dimnames = structure(list(
        c("-1", "-2", "-3", "-4", "0", "1", "2", NA), c("C", 
        "T", NA)), .Names = c("", "")), class = "table"),