Result <-
list(AKMmono02_SNP1 = structure(c(1L, 0L, 0L, 0L, 0L, 0L, 0L, 
1314L, 122L, 5L, 5075L, 115L, 3L, 185L, 20L, 2L, 1L, 105L, 1L, 
0L, 0L), .Dim = c(7L, 3L), .Dimnames = structure(list(c("-1", 
"-2", "-3", "0", "1", "2", NA), c("G", "T", NA)), .Names = c("", 
"")), class = "table"), AKMmono03_SNP1 = structure(c(1012L, 190L, 
33L, 1L, 7145L, 101L, 103L, 0L, 0L, 0L, 0L, 1L, 0L, 0L, 0L, 0L, 
0L, 0L, 1L, 0L, 0L, 0L, 0L, 0L, 0L, 1L, 0L, 0L, 64L, 6L, 0L, 
0L, 561L, 4L, 0L), .Dim = c(7L, 5L), .Dimnames = structure(list(
    c("-1", "-2", "-3", "-4", "0", "1", NA), c("A", "C", "G", 
    "T", NA)), .Names = c("", "")), class = "table"), AKMmono05_SNP1 = structure(c(1134L, 
352L, 39L, 3L, 6023L, 221L, 5L, 138L, 0L, 0L, 0L, 0L, 1L, 0L, 
0L, 0L, 0L, 0L, 0L, 0L, 1L, 0L, 0L, 0L, 1L, 0L, 0L, 0L, 1L, 0L, 
0L, 0L, 62L, 14L, 0L, 0L, 603L, 26L, 1L, 0L), .Dim = c(8L, 5L
), .Dimnames = structure(list(c("-1", "-2", "-3", "-4", "0", 
"1", "2", NA), c("A", "C", "G", "T", NA)), .Names = c("", "")), class = "table"), 
    AKMmono11_SNP1 = structure(c(0L, 1L, 0L, 1L, 0L, 0L, 0L, 
    1461L, 265L, 6L, 5793L, 110L, 3L, 201L, 247L, 13L, 0L, 1121L, 
    29L, 0L, 0L), .Dim = c(7L, 3L), .Dimnames = structure(list(
        c("-1", "-2", "-3", "0", "1", "2", NA), c("A", "T", NA
        )), .Names = c("", "")), class = "table"), AKMmono12_SNP1 = structure(c(1L, 
    0L, 0L, 0L, 1L, 0L, 0L, 0L, 0L, 0L, 0L, 1874L, 166L, 10L, 
    1L, 7316L, 208L, 7L, 0L, 0L, 0L, 99L, 0L, 0L, 0L, 0L, 1L, 
    0L, 0L, 0L, 0L, 0L, 0L, 1L, 0L, 0L, 0L, 3L, 0L, 0L, 0L, 3L, 
    1L, 0L, 52L, 5L, 0L, 0L, 641L, 5L, 0L, 1L, 0L, 2L, 0L), .Dim = c(11L, 
    5L), .Dimnames = structure(list(c("-1", "-2", "-3", "-4", 
    "0", "1", "2", "3", "4", "5", NA), c("A", "C", "G", "T", 
    NA)), .Names = c("", "")), class = "table"), AKMmono13_SNP1 = structure(c(1102L, 
    157L, 6L, 7963L, 203L, 5L, 81L, 0L, 0L, 0L, 2L, 0L, 0L, 0L, 
    33L, 1L, 0L, 491L, 10L, 0L, 0L), .Dim = c(7L, 3L), .Dimnames = structure(list(
        c("-1", "-2", "-3", "0", "1", "2", NA), c("A", "T", NA
        )), .Names = c("", "")), class = "table"), AKMmono16_SNP1 = structure(c(727L, 
    39L, 3L, 6336L, 124L, 2L, 26L, 1L, 0L, 0L, 2L, 0L, 0L, 0L, 
    17L, 1L, 0L, 415L, 4L, 0L, 0L), .Dim = c(7L, 3L), .Dimnames = structure(list(
        c("-1", "-2", "-3", "0", "1", "2", NA), c("A", "T", NA
        )), .Names = c("", "")), class = "table"), AKMmono22_SNP1 = structure(c(1033L, 
    286L, 32L, 1L, 0L, 4741L, 248L, 11L, 267L, 0L, 0L, 0L, 0L, 
    0L, 2L, 0L, 0L, 0L, 0L, 0L, 0L, 0L, 0L, 1L, 0L, 0L, 1L, 26L, 
    12L, 0L, 0L, 1L, 489L, 12L, 0L, 0L), .Dim = c(9L, 4L), .Dimnames = structure(list(
        c("-1", "-2", "-3", "-4", "-5", "0", "1", "2", NA), c("A", 
        "G", "T", NA)), .Names = c("", "")), class = "table"), 
    EJmono05_SNP1 = structure(c(1222L, 105L, 1L, 5726L, 130L, 
    2L, 49L, 24L, 1L, 0L, 216L, 4L, 0L, 0L), .Dim = c(7L, 2L), .Dimnames = structure(list(
        c("-1", "-2", "-3", "0", "1", "2", NA), c("T", NA)), .Names = c("", 
    "")), class = "table"), EJmono16_SNP1 = structure(c(720L, 
    295L, 14L, 1L, 6277L, 285L, 15L, 305L, 0L, 0L, 0L, 0L, 1L, 
    0L, 0L, 0L, 0L, 0L, 0L, 0L, 1L, 0L, 0L, 0L, 0L, 0L, 0L, 0L, 
    1L, 0L, 0L, 0L, 5L, 3L, 0L, 0L, 70L, 2L, 0L, 0L), .Dim = c(8L, 
    5L), .Dimnames = structure(list(c("-1", "-2", "-3", "-4", 
    "0", "1", "2", NA), c("A", "C", "G", "T", NA)), .Names = c("", 
    "")), class = "table"), LMmono01_SNP1 = structure(c(774L, 
    56L, 3L, 3329L, 61L, 22L, 0L, 0L, 0L, 1L, 0L, 0L, 0L, 0L, 
    0L, 0L, 0L, 1L, 25L, 0L, 0L, 237L, 3L, 0L), .Dim = c(6L, 
    4L), .Dimnames = structure(list(c("-1", "-2", "-3", "0", 
    "1", NA), c("A", "C", "G", NA)), .Names = c("", "")), class = "table"), 
    LMmono03_SNP1 = structure(c(0L, 0L, 0L, 0L, 0L, 5L, 0L, 0L, 
    0L, 1044L, 354L, 47L, 6L, 2L, 3360L, 102L, 4L, 165L, 0L, 
    1L, 0L, 0L, 0L, 0L, 0L, 0L, 0L, 18L, 8L, 1L, 1L, 0L, 227L, 
    5L, 0L, 0L), .Dim = c(9L, 4L), .Dimnames = structure(list(
        c("-1", "-2", "-3", "-4", "-5", "0", "1", "2", NA), c("A", 
        "C", "T", NA)), .Names = c("", "")), class = "table"), 
    LMmono09_SNP1 = structure(c(0L, 0L, 0L, 0L, 0L, 1L, 0L, 0L, 
    0L, 0L, 0L, 0L, 0L, 0L, 2L, 0L, 0L, 0L, 1122L, 539L, 86L, 
    9L, 2L, 5759L, 247L, 9L, 171L, 6L, 2L, 1L, 0L, 0L, 106L, 
    2L, 0L, 0L), .Dim = c(9L, 4L), .Dimnames = structure(list(
        c("-1", "-2", "-3", "-4", "-5", "0", "1", "2", NA), c("A", 
        "C", "T", NA)), .Names = c("", "")), class = "table"), 
    LMmono12_SNP1 = structure(c(1057L, 169L, 15L, 1L, 4867L, 
    395L, 24L, 1L, 216L, 14L, 0L, 0L, 0L, 181L, 3L, 3L, 0L, 0L
    ), .Dim = c(9L, 2L), .Dimnames = structure(list(c("-1", "-2", 
    "-3", "-4", "0", "1", "2", "3", NA), c("A", NA)), .Names = c("", 
    "")), class = "table"), LMmono16_SNP1 = structure(c(2206L, 
    356L, 40L, 5810L, 538L, 42L, 8L, 238L, 0L, 0L, 0L, 0L, 0L, 
    0L, 0L, 1L, 0L, 0L, 0L, 1L, 0L, 0L, 0L, 0L, 78L, 7L, 0L, 
    918L, 30L, 2L, 0L, 0L), .Dim = c(8L, 4L), .Dimnames = structure(list(
        c("-1", "-2", "-3", "0", "1", "2", "3", NA), c("A", "C", 
        "G", NA)), .Names = c("", "")), class = "table"), MSJmono10_SNP1 = structure(c(0L, 
    0L, 0L, 1L, 0L, 0L, 0L, 0L, 1363L, 62L, 3L, 7339L, 440L, 
    12L, 1L, 57L, 0L, 0L, 0L, 1L, 0L, 0L, 0L, 0L, 40L, 2L, 0L, 
    419L, 19L, 1L, 0L, 0L), .Dim = c(8L, 4L), .Dimnames = structure(list(
        c("-1", "-2", "-3", "0", "1", "2", "4", NA), c("A", "C", 
        "G", NA)), .Names = c("", "")), class = "table"), MSJmono19ms1_SNP1 = structure(c(547L, 
    34L, 8L, 3L, 6610L, 195L, 4L, 137L, 0L, 0L, 0L, 0L, 12L, 
    0L, 0L, 0L, 0L, 0L, 0L, 0L, 1L, 0L, 0L, 0L, 0L, 0L, 0L, 0L, 
    4L, 0L, 0L, 0L, 41L, 2L, 0L, 0L, 716L, 20L, 0L, 0L), .Dim = c(8L, 
    5L), .Dimnames = structure(list(c("-1", "-2", "-3", "-5", 
    "0", "1", "2", NA), c("A", "C", "G", "T", NA)), .Names = c("", 
    "")), class = "table"), MSJmono19ms2_SNP1 = structure(c(0L, 
    0L, 2L, 0L, 0L, 0L, 721L, 21L, 6310L, 74L, 2L, 134L, 9L, 
    0L, 469L, 0L, 0L, 0L), .Dim = c(6L, 3L), .Dimnames = structure(list(
        c("-1", "-2", "0", "1", "2", NA), c("A", "C", NA)), .Names = c("", 
    "")), class = "table"), MSJmono36_SNP1 = structure(c(0L, 
    0L, 0L, 1L, 0L, 0L, 0L, 444L, 20L, 1L, 4768L, 184L, 10L, 
    78L, 4L, 0L, 0L, 129L, 2L, 0L, 0L), .Dim = c(7L, 3L), .Dimnames = structure(list(
        c("-1", "-2", "-3", "0", "1", "2", NA), c("A", "G", NA
        )), .Names = c("", "")), class = "table"), MSJmono44_SNP1 = structure(c(0L, 
    0L, 3L, 0L, 0L, 0L, 0L, 401L, 21L, 6L, 2521L, 56L, 5L, 35L, 
    5L, 0L, 0L, 43L, 0L, 0L, 0L), .Dim = c(7L, 3L), .Dimnames = structure(list(
        c("-1", "-2", "-5", "0", "1", "2", NA), c("-", "T", NA
        )), .Names = c("", "")), class = "table"), MSJmono46_SNP1 = structure(c(473L, 
    143L, 162L, 5L, 2L, 1553L, 77L, 3L, 72L, 13L, 3L, 1L, 0L, 
    0L, 51L, 2L, 0L, 0L), .Dim = c(9L, 2L), .Dimnames = structure(list(
        c("-1", "-2", "-3", "-4", "-5", "0", "1", "2", NA), c("C", 
        NA)), .Names = c("", "")), class = "table"), LMmono04v2_SNP1 = structure(c(1L, 
    0L, 0L, 0L, 0L, 0L, 0L, 0L, 0L, 0L, 0L, 0L, 0L, 2L, 0L, 0L, 
    0L, 0L, 1009L, 211L, 211L, 6L, 4135L, 143L, 16L, 1L, 50L, 
    0L, 0L, 0L, 0L, 1L, 0L, 0L, 0L, 0L, 0L, 0L, 0L, 0L, 2L, 0L, 
    0L, 0L, 0L, 22L, 1L, 0L, 0L, 225L, 7L, 0L, 0L, 0L), .Dim = c(9L, 
    6L), .Dimnames = structure(list(c("-1", "-2", "-3", "-4", 
    "0", "1", "2", "3", NA), c("-", "A", "C", "G", "T", NA)), .Names = c("", 
    "")), class = "table"), AKMmono01v2_SNP1 = structure(c(0L, 
    0L, 0L, 0L, 1L, 0L, 0L, 0L, 0L, 0L, 0L, 0L, 1L, 0L, 0L, 0L, 
    0L, 1L, 0L, 0L, 2L, 0L, 0L, 0L, 1132L, 367L, 17L, 1L, 4781L, 
    76L, 3L, 72L, 22L, 6L, 0L, 0L, 199L, 4L, 0L, 0L), .Dim = c(8L, 
    5L), .Dimnames = structure(list(c("-1", "-2", "-3", "-4", 
    "0", "1", "2", NA), c("A", "C", "G", "T", NA)), .Names = c("", 
    "")), class = "table"),