Result <-
list(AKMmono02_SNP1 = structure(c(0L, 0L, 0L, 1L, 0L, 0L, 241L, 
29L, 2L, 1341L, 40L, 50L, 3L, 0L, 0L, 32L, 0L, 0L), .Dim = c(6L, 
3L), .Dimnames = structure(list(c("-1", "-2", "-3", "0", "1", 
NA), c("A", "T", NA)), .Names = c("", "")), class = "table"), 
    AKMmono03_SNP1 = structure(c(1161L, 240L, 48L, 2L, 7939L, 
    147L, 127L, 62L, 15L, 0L, 0L, 584L, 9L, 0L), .Dim = c(7L, 
    2L), .Dimnames = structure(list(c("-1", "-2", "-3", "-4", 
    "0", "1", NA), c("A", NA)), .Names = c("", "")), class = "table"), 
    AKMmono05_SNP1 = structure(c(1126L, 362L, 123L, 10L, 2L, 
    2698L, 100L, 6L, 90L, 0L, 0L, 0L, 0L, 0L, 2L, 0L, 0L, 0L, 
    0L, 0L, 0L, 0L, 0L, 1L, 0L, 0L, 0L, 62L, 15L, 0L, 0L, 0L, 
    244L, 7L, 0L, 0L), .Dim = c(9L, 4L), .Dimnames = structure(list(
        c("-1", "-2", "-3", "-4", "-5", "0", "1", "2", NA), c("A", 
        "C", "G", NA)), .Names = c("", "")), class = "table"), 
    AKMmono11_SNP1 = structure(c(0L, 0L, 0L, 0L, 3L, 0L, 0L, 
    0L, 2030L, 357L, 12L, 1L, 4155L, 61L, 2L, 246L, 295L, 16L, 
    0L, 0L, 763L, 20L, 0L, 0L), .Dim = c(8L, 3L), .Dimnames = structure(list(
        c("-1", "-2", "-3", "-4", "0", "1", "2", NA), c("A", 
        "T", NA)), .Names = c("", "")), class = "table"), AKMmono12_SNP1 = structure(c(1406L, 
    144L, 15L, 3L, 2955L, 192L, 16L, 1L, 63L, 1L, 0L, 0L, 0L, 
    0L, 0L, 0L, 0L, 0L, 0L, 0L, 0L, 0L, 2L, 0L, 0L, 0L, 0L, 27L, 
    3L, 0L, 0L, 275L, 8L, 1L, 0L, 0L), .Dim = c(9L, 4L), .Dimnames = structure(list(
        c("-1", "-2", "-3", "-4", "0", "1", "2", "3", NA), c("C", 
        "G", "T", NA)), .Names = c("", "")), class = "table"), 
    AKMmono13_SNP1 = structure(c(864L, 493L, 28L, 1L, 3319L, 
    101L, 3L, 67L, 24L, 5L, 0L, 0L, 178L, 3L, 0L, 0L), .Dim = c(8L, 
    2L), .Dimnames = structure(list(c("-1", "-2", "-3", "-4", 
    "0", "1", "2", NA), c("A", NA)), .Names = c("", "")), class = "table"), 
    AKMmono16_SNP1 = structure(c(658L, 94L, 3L, 1L, 2358L, 57L, 
    19L, 0L, 0L, 0L, 0L, 1L, 0L, 0L, 18L, 0L, 0L, 0L, 145L, 3L, 
    0L), .Dim = c(7L, 3L), .Dimnames = structure(list(c("-1", 
    "-2", "-3", "-5", "0", "1", NA), c("A", "G", NA)), .Names = c("", 
    "")), class = "table"), AKMmono22_SNP1 = structure(c(451L, 
    107L, 13L, 2L, 2160L, 160L, 13L, 1L, 131L, 0L, 0L, 0L, 0L, 
    1L, 0L, 0L, 0L, 0L, 18L, 1L, 1L, 0L, 236L, 4L, 0L, 0L, 0L
    ), .Dim = c(9L, 3L), .Dimnames = structure(list(c("-1", "-2", 
    "-3", "-4", "0", "1", "2", "3", NA), c("A", "G", NA)), .Names = c("", 
    "")), class = "table"), EJmono05_SNP1 = structure(c(612L, 
    638L, 7L, 1L, 3430L, 82L, 4L, 38L, 14L, 5L, 1L, 0L, 125L, 
    7L, 0L, 0L), .Dim = c(8L, 2L), .Dimnames = structure(list(
        c("-1", "-2", "-3", "-4", "0", "1", "2", NA), c("T", 
        NA)), .Names = c("", "")), class = "table"), EJmono16_SNP1 = structure(c(460L, 
    81L, 2L, 3L, 4L, 5657L, 737L, 70L, 5L, 411L, 1L, 0L, 0L, 
    0L, 0L, 0L, 0L, 0L, 0L, 0L, 3L, 1L, 0L, 0L, 0L, 69L, 4L, 
    0L, 0L, 0L), .Dim = c(10L, 3L), .Dimnames = structure(list(
        c("-1", "-2", "-3", "-5", "-6", "0", "1", "2", "3", NA
        ), c("A", "T", NA)), .Names = c("", "")), class = "table"), 
    LMmono01_SNP1 = structure(c(639L, 176L, 88L, 2868L, 69L, 
    1L, 34L, 0L, 0L, 0L, 1L, 0L, 0L, 0L, 30L, 3L, 3L, 192L, 9L, 
    0L, 0L), .Dim = c(7L, 3L), .Dimnames = structure(list(c("-1", 
    "-2", "-3", "0", "1", "2", NA), c("A", "T", NA)), .Names = c("", 
    "")), class = "table"), LMmono03_SNP1 = structure(c(0L, 0L, 
    0L, 0L, 0L, 1L, 0L, 0L, 1L, 0L, 0L, 0L, 0L, 1L, 0L, 0L, 263L, 
    142L, 268L, 134L, 29L, 1010L, 36L, 51L, 1L, 4L, 2L, 2L, 0L, 
    55L, 1L, 0L), .Dim = c(8L, 4L), .Dimnames = structure(list(
        c("-1", "-2", "-3", "-4", "-5", "0", "1", NA), c("-", 
        "A", "C", NA)), .Names = c("", "")), class = "table"), 
    LMmono09_SNP1 = structure(c(946L, 657L, 177L, 15L, 2225L, 
    108L, 4L, 156L, 10L, 10L, 2L, 0L, 21L, 0L, 0L, 0L), .Dim = c(8L, 
    2L), .Dimnames = structure(list(c("-1", "-2", "-3", "-4", 
    "0", "1", "2", NA), c("T", NA)), .Names = c("", "")), class = "table"), 
    LMmono12_SNP1 = structure(c(704L, 111L, 10L, 1L, 1820L, 165L, 
    16L, 2L, 120L, 6L, 0L, 0L, 0L, 70L, 3L, 0L, 0L, 0L), .Dim = c(9L, 
    2L), .Dimnames = structure(list(c("-1", "-2", "-3", "-4", 
    "0", "1", "2", "3", NA), c("A", NA)), .Names = c("", "")), class = "table"), 
    LMmono16_SNP1 = structure(c(818L, 133L, 9L, 3085L, 177L, 
    5L, 538L, 2L, 85L, 5L, 1L, 186L, 0L, 0L, 0L, 8L, 0L, 0L, 
    0L, 0L, 0L, 0L, 0L, 0L, 36L, 3L, 1L, 459L, 17L, 2L, 24L, 
    0L, 14L, 1L, 0L, 0L), .Dim = c(12L, 3L), .Dimnames = structure(list(
        c("-1", "-2", "-3", "0", "1", "2", "3", "4", "5", "6", 
        "7", NA), c("A", "C", NA)), .Names = c("", "")), class = "table"), 
    MSJmono10_SNP1 = structure(c(0L, 0L, 0L, 1L, 0L, 0L, 0L, 
    651L, 35L, 6L, 1729L, 89L, 3L, 15L, 20L, 2L, 0L, 86L, 4L, 
    0L, 0L), .Dim = c(7L, 3L), .Dimnames = structure(list(c("-1", 
    "-2", "-3", "0", "1", "2", NA), c("A", "C", NA)), .Names = c("", 
    "")), class = "table"), MSJmono19ms1_SNP1 = structure(c(532L, 
    48L, 5L, 7737L, 239L, 6L, 208L, 2L, 0L, 0L, 8L, 1L, 0L, 0L, 
    0L, 0L, 0L, 2L, 0L, 0L, 0L, 0L, 0L, 0L, 4L, 0L, 0L, 1L, 52L, 
    2L, 0L, 798L, 20L, 1L, 0L), .Dim = c(7L, 5L), .Dimnames = structure(list(
        c("-1", "-2", "-3", "0", "1", "2", NA), c("A", "C", "G", 
        "T", NA)), .Names = c("", "")), class = "table"), MSJmono19ms2_SNP1 = structure(c(1L, 
    0L, 0L, 0L, 0L, 0L, 472L, 8L, 7706L, 133L, 5L, 113L, 4L, 
    0L, 588L, 0L, 0L, 0L), .Dim = c(6L, 3L), .Dimnames = structure(list(
        c("-1", "-2", "0", "1", "2", NA), c("A", "C", NA)), .Names = c("", 
    "")), class = "table"), MSJmono36_SNP1 = structure(c(0L, 
    0L, 0L, 0L, 1L, 0L, 0L, 1L, 1469L, 489L, 14L, 1L, 4445L, 
    138L, 7L, 259L, 0L, 0L, 0L, 0L, 1L, 0L, 0L, 0L, 6L, 7L, 0L, 
    0L, 121L, 0L, 0L, 0L), .Dim = c(8L, 4L), .Dimnames = structure(list(
        c("-1", "-2", "-3", "-4", "0", "1", "2", NA), c("A", 
        "G", "T", NA)), .Names = c("", "")), class = "table"), 
    MSJmono44_SNP1 = structure(c(6L, 0L, 0L, 0L, 0L, 0L, 1263L, 
    72L, 2273L, 43L, 1L, 38L, 13L, 0L, 40L, 0L, 0L, 0L), .Dim = c(6L, 
    3L), .Dimnames = structure(list(c("-1", "-2", "0", "1", "2", 
    NA), c("-", "T", NA)), .Names = c("", "")), class = "table"), 
    MSJmono46_SNP1 = structure(c(164L, 18L, 1L, 441L, 15L, 1L, 
    17L, 2L, 0L, 0L, 11L, 0L, 0L, 0L), .Dim = c(7L, 2L), .Dimnames = structure(list(
        c("-1", "-2", "-3", "0", "1", "2", NA), c("C", NA)), .Names = c("", 
    "")), class = "table"), LMmono04v2_SNP1 = structure(c(284L, 
    27L, 1L, 1441L, 57L, 2L, 0L, 15L, 7L, 0L, 0L, 81L, 3L, 0L, 
    1L, 0L), .Dim = c(8L, 2L), .Dimnames = structure(list(c("-1", 
    "-2", "-3", "0", "1", "2", "3", NA), c("C", NA)), .Names = c("", 
    "")), class = "table"), AKMmono01v2_SNP1 = structure(c(588L, 
    62L, 3L, 1506L, 36L, 1L, 35L, 12L, 0L, 0L, 74L, 3L, 1L, 0L
    ), .Dim = c(7L, 2L), .Dimnames = structure(list(c("-1", "-2", 
    "-3", "0", "1", "2", NA), c("T", NA)), .Names = c("", "")), class = "table"), 
    AKMmono10v2_SNP1 = structure(c(34L, 0L, 178L, 3L, 0L, 66L, 
    1L, 169L, 4L, 2L, 1L, 0L, 8L, 0L, 0L), .Dim = c(5L, 3L), .Dimnames = structure(list(
        c("-1", "-2", "0", "1", NA), c("A", "G", NA)), .Names = c("", 
    "")), class = "table"), AKMmono17v2_SNP1 = structure(c(17L, 
    0L, 92L, 1L, 2L, 16L, 1L, 95L, 2L, 0L, 0L, 0L, 6L, 0L, 0L
    ), .Dim = c(5L, 3L), .Dimnames = structure(list(c("-1", "-2", 
    "0", "1", NA), c("A", "C", NA)), .Names = c("", "")), class = "table"), 
    EJmono13v2_SNP1 = structure(c(335L, 15L, 313L, 6L, 5L, 0L, 
    0L, 1L, 0L, 0L, 9L, 0L, 11L, 0L, 0L), .Dim = c(5L, 3L), .Dimnames = structure(list(
        c("-1", "-2", "0", "1", NA), c("G", "T", NA)), .Names = c("", 
    "")), class = "table"), EJmono21v2_SNP1 = structure(c(0L, 
    1L, 0L, 27L, 172L, 1L, 4L, 8L, 0L, 0L, 10L, 0L),