Result <-
list(AKMmono02_SNP1 = structure(c(185L, 8L, 1941L, 62L, 1L, 49L, 
2L, 0L, 38L, 0L, 0L, 0L), .Dim = c(6L, 2L), .Dimnames = structure(list(
    c("-1", "-2", "0", "1", "2", NA), c("T", NA)), .Names = c("", 
"")), class = "table"), AKMmono03_SNP1 = structure(c(1362L, 216L, 
43L, 16L, 10156L, 230L, 8L, 148L, 0L, 0L, 0L, 0L, 2L, 0L, 0L, 
0L, 65L, 8L, 1L, 0L, 741L, 9L, 0L, 0L), .Dim = c(8L, 3L), .Dimnames = structure(list(
    c("-1", "-2", "-3", "-4", "0", "1", "2", NA), c("A", "G", 
    NA)), .Names = c("", "")), class = "table"), AKMmono05_SNP1 = structure(c(701L, 
85L, 19L, 1L, 4425L, 190L, 7L, 78L, 0L, 0L, 0L, 0L, 2L, 0L, 0L, 
0L, 3L, 0L, 0L, 0L, 0L, 0L, 0L, 0L, 42L, 6L, 2L, 0L, 396L, 20L, 
1L, 0L), .Dim = c(8L, 4L), .Dimnames = structure(list(c("-1", 
"-2", "-3", "-4", "0", "1", "2", NA), c("A", "C", "G", NA)), .Names = c("", 
"")), class = "table"), AKMmono11_SNP1 = structure(c(0L, 0L, 
0L, 4L, 0L, 0L, 0L, 0L, 0L, 0L, 1L, 0L, 0L, 0L, 1206L, 99L, 4L, 
8523L, 187L, 7L, 167L, 166L, 5L, 0L, 1657L, 58L, 1L, 0L), .Dim = c(7L, 
4L), .Dimnames = structure(list(c("-1", "-2", "-3", "0", "1", 
"2", NA), c("A", "C", "T", NA)), .Names = c("", "")), class = "table"), 
    AKMmono12_SNP1 = structure(c(0L, 0L, 0L, 0L, 0L, 0L, 0L, 
    1L, 917L, 64L, 4L, 5455L, 200L, 5L, 1L, 37L, 0L, 0L, 0L, 
    1L, 0L, 0L, 0L, 0L, 0L, 0L, 0L, 1L, 1L, 0L, 0L, 0L, 19L, 
    1L, 0L, 488L, 2L, 0L, 0L, 0L), .Dim = c(8L, 5L), .Dimnames = structure(list(
        c("-1", "-2", "-3", "0", "1", "2", "3", NA), c("A", "C", 
        "G", "T", NA)), .Names = c("", "")), class = "table"), 
    AKMmono13_SNP1 = structure(c(485L, 26L, 6081L, 203L, 3L, 
    57L, 0L, 0L, 2L, 0L, 0L, 0L, 13L, 1L, 391L, 8L, 1L, 0L), .Dim = c(6L, 
    3L), .Dimnames = structure(list(c("-1", "-2", "0", "1", "2", 
    NA), c("A", "C", NA)), .Names = c("", "")), class = "table"), 
    AKMmono16_SNP1 = structure(c(606L, 40L, 4L, 1L, 5048L, 123L, 
    4L, 32L, 0L, 0L, 0L, 0L, 1L, 0L, 0L, 0L, 0L, 0L, 0L, 0L, 
    1L, 0L, 0L, 0L, 11L, 0L, 0L, 0L, 297L, 3L, 0L, 0L), .Dim = c(8L, 
    4L), .Dimnames = structure(list(c("-1", "-2", "-3", "-4", 
    "0", "1", "2", NA), c("A", "C", "T", NA)), .Names = c("", 
    "")), class = "table"), AKMmono22_SNP1 = structure(c(452L, 
    113L, 12L, 1L, 2794L, 206L, 21L, 1L, 130L, 0L, 0L, 0L, 0L, 
    2L, 0L, 0L, 0L, 0L, 0L, 0L, 0L, 0L, 1L, 0L, 0L, 0L, 0L, 13L, 
    2L, 1L, 0L, 270L, 8L, 1L, 0L, 0L), .Dim = c(9L, 4L), .Dimnames = structure(list(
        c("-1", "-2", "-3", "-4", "0", "1", "2", "3", NA), c("A", 
        "G", "T", NA)), .Names = c("", "")), class = "table"), 
    EJmono05_SNP1 = structure(c(0L, 0L, 0L, 1L, 0L, 0L, 0L, 631L, 
    59L, 1L, 5081L, 135L, 1L, 39L, 4L, 0L, 0L, 180L, 4L, 0L, 
    0L), .Dim = c(7L, 3L), .Dimnames = structure(list(c("-1", 
    "-2", "-3", "0", "1", "2", NA), c("A", "T", NA)), .Names = c("", 
    "")), class = "table"), EJmono16_SNP1 = structure(c(919L, 
    44L, 5L, 12424L, 755L, 48L, 3L, 563L, 0L, 0L, 0L, 2L, 0L, 
    0L, 0L, 1L, 0L, 0L, 0L, 1L, 0L, 0L, 0L, 0L, 7L, 0L, 0L, 154L, 
    4L, 0L, 0L, 0L), .Dim = c(8L, 4L), .Dimnames = structure(list(
        c("-1", "-2", "-3", "0", "1", "2", "3", NA), c("A", "G", 
        "T", NA)), .Names = c("", "")), class = "table"), LMmono01_SNP1 = structure(c(418L, 
    23L, 1L, 2855L, 62L, 1L, 17L, 0L, 0L, 0L, 1L, 0L, 0L, 0L, 
    10L, 0L, 0L, 209L, 10L, 0L, 0L), .Dim = c(7L, 3L), .Dimnames = structure(list(
        c("-1", "-2", "-3", "0", "1", "2", NA), c("A", "C", NA
        )), .Names = c("", "")), class = "table"), LMmono03_SNP1 = structure(c(0L, 
    0L, 0L, 0L, 0L, 1L, 0L, 0L, 418L, 61L, 7L, 1L, 1L, 1681L, 
    75L, 72L, 0L, 0L, 0L, 0L, 0L, 2L, 0L, 0L, 12L, 2L, 0L, 0L, 
    0L, 92L, 2L, 0L), .Dim = c(8L, 4L), .Dimnames = structure(list(
        c("-1", "-2", "-3", "-4", "-5", "0", "1", NA), c("A", 
        "C", "T", NA)), .Names = c("", "")), class = "table"), 
    LMmono09_SNP1 = structure(c(0L, 0L, 0L, 0L, 0L, 2L, 0L, 0L, 
    0L, 0L, 1L, 0L, 0L, 0L, 0L, 0L, 0L, 0L, 0L, 0L, 1770L, 289L, 
    47L, 4L, 1L, 6798L, 407L, 19L, 2L, 228L, 25L, 7L, 0L, 0L, 
    0L, 109L, 4L, 0L, 0L, 0L), .Dim = c(10L, 4L), .Dimnames = structure(list(
        c("-1", "-2", "-3", "-4", "-5", "0", "1", "2", "3", NA
        ), c("A", "C", "T", NA)), .Names = c("", "")), class = "table"), 
    LMmono12_SNP1 = structure(c(755L, 68L, 5L, 3750L, 318L, 24L, 
    157L, 0L, 0L, 0L, 1L, 0L, 0L, 0L, 8L, 1L, 0L, 153L, 6L, 2L, 
    0L), .Dim = c(7L, 3L), .Dimnames = structure(list(c("-1", 
    "-2", "-3", "0", "1", "2", NA), c("A", "T", NA)), .Names = c("", 
    "")), class = "table"), LMmono16_SNP1 = structure(c(1058L, 
    104L, 5L, 1L, 6883L, 307L, 13L, 849L, 1L, 312L, 33L, 3L, 
    359L, 1L, 0L, 0L, 0L, 8L, 1L, 0L, 0L, 0L, 0L, 0L, 0L, 0L, 
    0L, 0L, 0L, 0L, 0L, 0L, 0L, 1L, 0L, 0L, 0L, 0L, 0L, 0L, 0L, 
    0L, 0L, 1L, 1L, 0L, 0L, 0L, 0L, 0L, 0L, 0L, 40L, 3L, 0L, 
    0L, 1069L, 21L, 4L, 44L, 2L, 40L, 3L, 0L, 0L), .Dim = c(13L, 
    5L), .Dimnames = structure(list(c("-1", "-2", "-3", "-4", 
    "0", "1", "2", "3", "4", "5", "6", "7", NA), c("A", "C", 
    "G", "T", NA)), .Names = c("", "")), class = "table"), MSJmono10_SNP1 = structure(c(0L, 
    0L, 1L, 0L, 0L, 0L, 290L, 12L, 4203L, 194L, 4L, 22L, 0L, 
    0L, 1L, 0L, 0L, 0L, 10L, 1L, 240L, 18L, 2L, 0L), .Dim = c(6L, 
    4L), .Dimnames = structure(list(c("-1", "-2", "0", "1", "2", 
    NA), c("A", "C", "T", NA)), .Names = c("", "")), class = "table"), 
    MSJmono19ms1_SNP1 = structure(c(784L, 73L, 8L, 13497L, 503L, 
    18L, 364L, 0L, 0L, 0L, 20L, 0L, 0L, 0L, 0L, 0L, 0L, 2L, 0L, 
    0L, 0L, 0L, 0L, 0L, 7L, 1L, 0L, 2L, 81L, 8L, 1L, 1423L, 38L, 
    1L, 0L), .Dim = c(7L, 5L), .Dimnames = structure(list(c("-1", 
    "-2", "-3", "0", "1", "2", NA), c("A", "C", "G", "T", NA)), .Names = c("", 
    "")), class = "table"), MSJmono19ms2_SNP1 = structure(c(0L, 
    0L, 2L, 0L, 0L, 0L, 0L, 693L, 12L, 13699L, 201L, 3L, 1L, 
    174L, 0L, 0L, 1L, 0L, 0L, 0L, 1L, 12L, 0L, 1038L, 0L, 0L, 
    0L, 0L), .Dim = c(7L, 4L), .Dimnames = structure(list(c("-1", 
    "-2", "0", "1", "2", "3", NA), c("A", "C", "T", NA)), .Names = c("", 
    "")), class = "table"), MSJmono36_SNP1 = structure(c(0L, 
    0L, 2L, 0L, 0L, 0L, 0L, 0L, 1L, 0L, 0L, 0L, 634L, 27L, 9150L, 
    328L, 10L, 144L, 0L, 0L, 1L, 0L, 0L, 0L, 6L, 0L, 269L, 3L, 
    0L, 0L), .Dim = 6:5, .Dimnames = structure(list(c("-1", "-2", 
    "0", "1", "2", NA), c("A", "C", "G", "T", NA)), .Names = c("", 
    "")), class = "table"), MSJmono44_SNP1 = structure(c(0L, 
    0L, 0L, 1L, 0L, 0L, 0L, 0L, 0L, 0L, 1L, 0L, 0L, 0L, 362L, 
    17L, 1L, 5772L, 154L, 1L, 40L, 5L, 1L, 0L, 129L, 1L, 0L, 
    0L), .Dim = c(7L, 4L), .Dimnames = structure(list(c("-1", 
    "-2", "-3", "0", "1", "2", NA), c("A", "C", "T", NA)), .Names = c("", 
    "")), class = "table"), MSJmono46_SNP1 = structure(c(189L, 
    11L, 2L, 715L, 56L, 3L, 23L, 0L, 1L, 0L, 25L, 0L, 0L, 0L), .Dim = c(7L, 
    2L), .Dimnames = structure(list(c("-1", "-2", "-3", "0", 
    "1", "2", NA), c("C", NA)), .Names = c("", "")), class = "table"), 
    LMmono04v2_SNP1 = structure(c(310L, 7L, 2L, 2416L, 134L, 
    5L, 14L, 4L, 0L, 0L, 122L, 6L, 2L, 0L), .Dim = c(7L, 2L), .Dimnames = structure(list(
        c("-1", "-2", "-3", "0", "1", "2", NA), c("C", NA)), .Names = c("", 
    "")), class = "table"), AKMmono01v2_SNP1 = structure(c(3L, 
    0L, 0L, 0L, 0L, 0L, 0L, 0L, 0L, 0L, 0L, 0L, 1L, 0L, 0L, 0L, 
    0L, 0L, 146L, 12L, 1L, 1788L, 1565L, 71L, 2L, 1L, 270L, 3L, 
    0L, 0L, 113L, 50L, 1L, 0L, 0L, 0L), .Dim = c(9L, 4L), .Dimnames = structure(list(
        c("-1", "-2", "-3", "0", "1", "2", "3", "4", NA), c("C", 
        "G", "T", NA)), .Names = c("", "")), class = "table"), 
    AKMmono10v2_SNP1 = structure(c(61L, 1144L, 15L, 1L, 5L, 0L, 
    6L, 1L, 0L, 0L, 0L, 51L, 0L, 0L, 0L), .Dim = c(5L, 3L), .Dimnames = structure(list(
        c("-1", "0", "1", "2", NA), c("A", "G", NA)), .Names = c("", 
    "")), class = "table"),