Result <-
list(AKMmono02_SNP1 = structure(c(0L, 0L, 0L, 0L, 1L, 0L, 0L, 
0L, 601L, 36L, 2L, 1L, 7519L, 194L, 5L, 161L, 4L, 0L, 0L, 0L, 
154L, 2L, 0L, 0L), .Dim = c(8L, 3L), .Dimnames = structure(list(
    c("-1", "-2", "-3", "-5", "0", "1", "2", NA), c("G", "T", 
    NA)), .Names = c("", "")), class = "table"), AKMmono03_SNP1 = structure(c(0L, 
0L, 0L, 0L, 2L, 0L, 0L, 0L, 1369L, 171L, 22L, 1L, 12807L, 193L, 
4L, 121L, 0L, 0L, 0L, 0L, 3L, 0L, 0L, 0L, 0L, 0L, 0L, 0L, 3L, 
0L, 0L, 0L, 62L, 5L, 0L, 0L, 1008L, 6L, 0L, 0L), .Dim = c(8L, 
5L), .Dimnames = structure(list(c("-1", "-2", "-3", "-4", "0", 
"1", "2", NA), c("-", "A", "G", "T", NA)), .Names = c("", "")), class = "table"), 
    AKMmono05_SNP1 = structure(c(1607L, 202L, 32L, 3L, 1L, 9692L, 
    393L, 19L, 1L, 175L, 0L, 0L, 0L, 0L, 0L, 4L, 0L, 0L, 0L, 
    0L, 0L, 0L, 0L, 0L, 0L, 2L, 0L, 0L, 0L, 0L, 0L, 0L, 0L, 0L, 
    0L, 4L, 0L, 0L, 0L, 0L, 84L, 11L, 0L, 0L, 0L, 917L, 34L, 
    1L, 0L, 0L), .Dim = c(10L, 5L), .Dimnames = structure(list(
        c("-1", "-2", "-3", "-4", "-5", "0", "1", "2", "3", NA
        ), c("A", "C", "G", "T", NA)), .Names = c("", "")), class = "table"), 
    AKMmono11_SNP1 = structure(c(1L, 0L, 0L, 3L, 1L, 0L, 1L, 
    0L, 0L, 0L, 1L, 0L, 0L, 0L, 0L, 0L, 0L, 1L, 0L, 0L, 0L, 1121L, 
    68L, 2L, 10602L, 219L, 8L, 170L, 192L, 7L, 0L, 1992L, 51L, 
    1L, 0L), .Dim = c(7L, 5L), .Dimnames = structure(list(c("-1", 
    "-2", "-3", "0", "1", "2", NA), c("A", "C", "G", "T", NA)), .Names = c("", 
    "")), class = "table"), AKMmono12_SNP1 = structure(c(1L, 
    0L, 0L, 0L, 8L, 0L, 0L, 0L, 1634L, 131L, 9L, 1L, 10712L, 
    286L, 7L, 90L, 0L, 1L, 0L, 0L, 2L, 0L, 0L, 0L, 1L, 0L, 0L, 
    0L, 0L, 0L, 0L, 0L, 54L, 2L, 0L, 0L, 916L, 9L, 1L, 0L), .Dim = c(8L, 
    5L), .Dimnames = structure(list(c("-1", "-2", "-3", "-4", 
    "0", "1", "2", NA), c("A", "C", "G", "T", NA)), .Names = c("", 
    "")), class = "table"), AKMmono13_SNP1 = structure(c(780L, 
    45L, 2L, 1L, 11900L, 302L, 6L, 78L, 0L, 0L, 0L, 0L, 3L, 0L, 
    0L, 0L, 0L, 0L, 0L, 0L, 2L, 0L, 0L, 0L, 24L, 1L, 0L, 0L, 
    704L, 11L, 0L, 0L), .Dim = c(8L, 4L), .Dimnames = structure(list(
        c("-1", "-2", "-3", "-4", "0", "1", "2", NA), c("A", 
        "C", "T", NA)), .Names = c("", "")), class = "table"), 
    AKMmono16_SNP1 = structure(c(767L, 36L, 2L, 8157L, 152L, 
    1L, 46L, 0L, 0L, 0L, 1L, 0L, 0L, 0L, 0L, 0L, 0L, 3L, 0L, 
    0L, 0L, 13L, 1L, 0L, 490L, 12L, 0L, 0L), .Dim = c(7L, 4L), .Dimnames = structure(list(
        c("-1", "-2", "-3", "0", "1", "2", NA), c("A", "C", "T", 
        NA)), .Names = c("", "")), class = "table"), AKMmono22_SNP1 = structure(c(3430L, 
    658L, 82L, 3L, 1L, 3941L, 205L, 11L, 603L, 2L, 0L, 0L, 0L, 
    0L, 1L, 0L, 0L, 0L, 119L, 24L, 3L, 1L, 0L, 377L, 4L, 2L, 
    0L), .Dim = c(9L, 3L), .Dimnames = structure(list(c("-1", 
    "-2", "-3", "-4", "-5", "0", "1", "2", NA), c("A", "G", NA
    )), .Names = c("", "")), class = "table"), EJmono05_SNP1 = structure(c(1L, 
    0L, 2L, 0L, 0L, 0L, 880L, 75L, 7795L, 162L, 2L, 74L, 13L, 
    1L, 307L, 2L, 0L, 0L), .Dim = c(6L, 3L), .Dimnames = structure(list(
        c("-1", "-2", "0", "1", "2", NA), c("A", "T", NA)), .Names = c("", 
    "")), class = "table"), EJmono16_SNP1 = structure(c(713L, 
    44L, 3L, 3L, 11365L, 560L, 24L, 1L, 411L, 0L, 0L, 0L, 0L, 
    1L, 0L, 0L, 0L, 0L, 0L, 0L, 0L, 0L, 1L, 0L, 0L, 0L, 0L, 0L, 
    0L, 0L, 0L, 2L, 0L, 0L, 0L, 0L, 5L, 0L, 0L, 0L, 120L, 2L, 
    0L, 0L, 0L), .Dim = c(9L, 5L), .Dimnames = structure(list(
        c("-1", "-2", "-3", "-5", "0", "1", "2", "3", NA), c("A", 
        "C", "G", "T", NA)), .Names = c("", "")), class = "table"), 
    LMmono01_SNP1 = structure(c(574L, 29L, 4852L, 100L, 3L, 31L, 
    0L, 0L, 1L, 0L, 0L, 0L, 0L, 0L, 3L, 0L, 0L, 0L, 11L, 0L, 
    331L, 11L, 0L, 0L), .Dim = c(6L, 4L), .Dimnames = structure(list(
        c("-1", "-2", "0", "1", "2", NA), c("A", "G", "T", NA
        )), .Names = c("", "")), class = "table"), LMmono03_SNP1 = structure(c(0L, 
    0L, 0L, 0L, 0L, 3L, 0L, 0L, 0L, 0L, 1104L, 152L, 15L, 2L, 
    1L, 5272L, 176L, 3L, 1L, 201L, 0L, 0L, 0L, 0L, 0L, 4L, 0L, 
    0L, 0L, 0L, 15L, 5L, 0L, 1L, 0L, 298L, 3L, 0L, 0L, 0L), .Dim = c(10L, 
    4L), .Dimnames = structure(list(c("-1", "-2", "-3", "-4", 
    "-5", "0", "1", "2", "3", NA), c("A", "C", "T", NA)), .Names = c("", 
    "")), class = "table"), LMmono09_SNP1 = structure(c(0L, 0L, 
    0L, 0L, 1L, 0L, 0L, 0L, 0L, 0L, 0L, 1L, 0L, 0L, 0L, 0L, 0L, 
    0L, 2646L, 148L, 4L, 7L, 20920L, 679L, 18L, 1L, 453L, 3L, 
    2L, 0L, 1L, 286L, 0L, 0L, 0L, 0L), .Dim = c(9L, 4L), .Dimnames = structure(list(
        c("-1", "-2", "-3", "-4", "0", "1", "2", "3", NA), c("A", 
        "C", "T", NA)), .Names = c("", "")), class = "table"), 
    LMmono12_SNP1 = structure(c(747L, 43L, 1L, 4163L, 276L, 15L, 
    1L, 135L, 0L, 0L, 0L, 1L, 0L, 0L, 0L, 0L, 4L, 0L, 0L, 147L, 
    3L, 0L, 0L, 0L), .Dim = c(8L, 3L), .Dimnames = structure(list(
        c("-1", "-2", "-3", "0", "1", "2", "3", NA), c("A", "T", 
        NA)), .Names = c("", "")), class = "table"), LMmono16_SNP1 = structure(c(1692L, 
    136L, 6L, 2L, 10274L, 508L, 22L, 828L, 6L, 255L, 18L, 3L, 
    400L, 0L, 0L, 0L, 0L, 1L, 0L, 0L, 0L, 0L, 0L, 0L, 0L, 0L, 
    54L, 4L, 0L, 0L, 1679L, 20L, 3L, 61L, 0L, 29L, 0L, 1L, 0L
    ), .Dim = c(13L, 3L), .Dimnames = structure(list(c("-1", 
    "-2", "-3", "-5", "0", "1", "2", "3", "4", "5", "6", "7", 
    NA), c("A", "G", NA)), .Names = c("", "")), class = "table"), 
    MSJmono10_SNP1 = structure(c(0L, 0L, 0L, 2L, 0L, 0L, 0L, 
    545L, 13L, 2L, 8351L, 274L, 8L, 25L, 15L, 0L, 0L, 461L, 14L, 
    1L, 0L), .Dim = c(7L, 3L), .Dimnames = structure(list(c("-1", 
    "-2", "-3", "0", "1", "2", NA), c("A", "C", NA)), .Names = c("", 
    "")), class = "table"), MSJmono19ms1_SNP1 = structure(c(630L, 
    35L, 4L, 10457L, 307L, 6L, 2L, 217L, 1L, 0L, 0L, 11L, 1L, 
    0L, 0L, 0L, 0L, 0L, 0L, 6L, 1L, 0L, 0L, 3L, 65L, 2L, 0L, 
    1181L, 34L, 0L, 0L, 0L), .Dim = c(8L, 4L), .Dimnames = structure(list(
        c("-1", "-2", "-3", "0", "1", "2", "6", NA), c("A", "C", 
        "T", NA)), .Names = c("", "")), class = "table"), MSJmono19ms2_SNP1 = structure(c(0L, 
    0L, 1L, 0L, 0L, 0L, 498L, 10L, 10512L, 141L, 3L, 137L, 6L, 
    0L, 906L, 1L, 0L, 0L), .Dim = c(6L, 3L), .Dimnames = structure(list(
        c("-1", "-2", "0", "1", "2", NA), c("A", "C", NA)), .Names = c("", 
    "")), class = "table"), MSJmono36_SNP1 = structure(c(0L, 
    0L, 0L, 4L, 0L, 0L, 0L, 0L, 0L, 0L, 0L, 1L, 0L, 0L, 0L, 0L, 
    779L, 32L, 1L, 11397L, 295L, 9L, 1L, 155L, 0L, 0L, 0L, 1L, 
    0L, 0L, 0L, 0L, 7L, 2L, 0L, 346L, 4L, 0L, 0L, 0L), .Dim = c(8L, 
    5L), .Dimnames = structure(list(c("-1", "-2", "-3", "0", 
    "1", "2", "3", NA), c("A", "C", "G", "T", NA)), .Names = c("", 
    "")), class = "table"), MSJmono44_SNP1 = structure(c(14L, 
    0L, 1L, 0L, 0L, 0L, 1L, 0L, 0L, 0L, 0L, 0L, 2L, 0L, 0L, 280L, 
    8L, 4485L, 91L, 32L, 3L, 0L, 83L, 2L, 0L), .Dim = c(5L, 5L
    ), .Dimnames = structure(list(c("-1", "-2", "0", "1", NA), 
        c("-", "A", "C", "T", NA)), .Names = c("", "")), class = "table"), 
    MSJmono46_SNP1 = structure(c(894L, 87L, 8L, 4L, 3993L, 202L, 
    8L, 116L, 16L, 0L, 0L, 0L, 130L, 2L, 0L, 0L), .Dim = c(8L, 
    2L), .Dimnames = structure(list(c("-1", "-2", "-3", "-4", 
    "0", "1", "2", NA), c("C", NA)), .Names = c("", "")), class = "table"), 
    LMmono04v2_SNP1 = structure(c(0L, 0L, 0L, 0L, 1L, 0L, 0L, 
    0L, 339L, 19L, 2L, 1L, 3170L, 123L, 6L, 29L, 0L, 0L, 0L, 
    0L, 1L, 0L, 0L, 0L, 8L, 0L, 0L, 0L, 160L, 7L, 0L, 0L), .Dim = c(8L, 
    4L), .Dimnames = structure(list(c("-1", "-2", "-3", "-4", 
    "0", "1", "2", NA), c("A", "C", "T", NA)), .Names = c("", 
    "")), class = "table"), AKMmono01v2_SNP1 = structure(c(0L, 
    0L, 0L, 1L, 0L, 0L, 0L, 0L, 0L, 0L, 1L, 0L, 0L, 0L, 1L, 0L, 
    0L, 0L, 0L, 0L, 0L, 550L, 35L, 6L, 7382L, 154L, 4L, 51L, 
    8L, 2L, 0L, 302L, 5L, 0L, 0L), .Dim = c(7L, 5L),