Result <-
list(AKMmono02_SNP1 = structure(c(309L, 15L, 3280L, 93L, 1L, 
79L, 3L, 1L, 59L, 0L, 0L, 0L), .Dim = c(6L, 2L), .Dimnames = structure(list(
    c("-1", "-2", "0", "1", "2", NA), c("T", NA)), .Names = c("", 
"")), class = "table"), AKMmono03_SNP1 = structure(c(1567L, 254L, 
59L, 2L, 11998L, 280L, 6L, 148L, 0L, 0L, 0L, 0L, 1L, 0L, 0L, 
0L, 92L, 9L, 2L, 0L, 939L, 4L, 1L, 0L), .Dim = c(8L, 3L), .Dimnames = structure(list(
    c("-1", "-2", "-3", "-4", "0", "1", "2", NA), c("A", "C", 
    NA)), .Names = c("", "")), class = "table"), AKMmono05_SNP1 = structure(c(888L, 
138L, 20L, 1L, 5923L, 235L, 8L, 97L, 0L, 0L, 0L, 0L, 1L, 0L, 
0L, 0L, 0L, 0L, 0L, 0L, 1L, 0L, 0L, 0L, 49L, 4L, 0L, 0L, 579L, 
29L, 1L, 0L), .Dim = c(8L, 4L), .Dimnames = structure(list(c("-1", 
"-2", "-3", "-4", "0", "1", "2", NA), c("A", "C", "G", NA)), .Names = c("", 
"")), class = "table"), AKMmono11_SNP1 = structure(c(0L, 0L, 
0L, 1L, 0L, 0L, 0L, 1306L, 86L, 5L, 9337L, 220L, 9L, 184L, 182L, 
4L, 0L, 1877L, 57L, 2L, 0L), .Dim = c(7L, 3L), .Dimnames = structure(list(
    c("-1", "-2", "-3", "0", "1", "2", NA), c("A", "T", NA)), .Names = c("", 
"")), class = "table"), AKMmono12_SNP1 = structure(c(1425L, 103L, 
8L, 1L, 1L, 9569L, 259L, 10L, 72L, 0L, 0L, 0L, 0L, 0L, 2L, 0L, 
0L, 0L, 0L, 0L, 0L, 0L, 0L, 1L, 0L, 0L, 0L, 29L, 2L, 0L, 0L, 
0L, 809L, 7L, 2L, 0L), .Dim = c(9L, 4L), .Dimnames = structure(list(
    c("-1", "-2", "-3", "-4", "-5", "0", "1", "2", NA), c("C", 
    "G", "T", NA)), .Names = c("", "")), class = "table"), AKMmono13_SNP1 = structure(c(430L, 
20L, 2L, 1L, 6761L, 220L, 5L, 58L, 0L, 0L, 0L, 0L, 1L, 0L, 0L, 
0L, 0L, 0L, 0L, 0L, 1L, 0L, 0L, 0L, 17L, 1L, 0L, 0L, 429L, 8L, 
0L, 0L), .Dim = c(8L, 4L), .Dimnames = structure(list(c("-1", 
"-2", "-3", "-4", "0", "1", "2", NA), c("A", "G", "T", NA)), .Names = c("", 
"")), class = "table"), AKMmono16_SNP1 = structure(c(612L, 34L, 
5L, 5588L, 125L, 3L, 30L, 0L, 0L, 0L, 1L, 0L, 0L, 0L, 1L, 0L, 
0L, 0L, 0L, 0L, 0L, 0L, 0L, 0L, 1L, 0L, 0L, 0L, 11L, 1L, 0L, 
312L, 7L, 0L, 0L), .Dim = c(7L, 5L), .Dimnames = structure(list(
    c("-1", "-2", "-3", "0", "1", "2", NA), c("A", "C", "G", 
    "T", NA)), .Names = c("", "")), class = "table"), AKMmono22_SNP1 = structure(c(1913L, 
397L, 56L, 9L, 2192L, 145L, 6L, 1L, 361L, 0L, 0L, 0L, 0L, 1L, 
0L, 0L, 0L, 0L, 65L, 8L, 2L, 0L, 197L, 5L, 0L, 0L, 0L), .Dim = c(9L, 
3L), .Dimnames = structure(list(c("-1", "-2", "-3", "-4", "0", 
"1", "2", "3", NA), c("A", "G", NA)), .Names = c("", "")), class = "table"), 
    EJmono05_SNP1 = structure(c(0L, 0L, 0L, 1L, 0L, 0L, 0L, 846L, 
    72L, 1L, 6662L, 173L, 3L, 56L, 9L, 0L, 0L, 223L, 1L, 0L, 
    0L), .Dim = c(7L, 3L), .Dimnames = structure(list(c("-1", 
    "-2", "-3", "0", "1", "2", NA), c("-", "T", NA)), .Names = c("", 
    "")), class = "table"), EJmono16_SNP1 = structure(c(734L, 
    47L, 1L, 1L, 1L, 10340L, 594L, 40L, 2L, 431L, 0L, 0L, 0L, 
    0L, 0L, 2L, 0L, 0L, 0L, 0L, 0L, 0L, 0L, 0L, 0L, 2L, 0L, 0L, 
    0L, 0L, 10L, 0L, 0L, 0L, 0L, 117L, 3L, 0L, 0L, 0L), .Dim = c(10L, 
    4L), .Dimnames = structure(list(c("-1", "-2", "-3", "-6", 
    "-7", "0", "1", "2", "3", NA), c("A", "G", "T", NA)), .Names = c("", 
    "")), class = "table"), LMmono01_SNP1 = structure(c(564L, 
    17L, 4560L, 94L, 2L, 34L, 0L, 0L, 4L, 0L, 0L, 0L, 0L, 0L, 
    2L, 0L, 0L, 0L, 13L, 2L, 324L, 12L, 0L, 0L), .Dim = c(6L, 
    4L), .Dimnames = structure(list(c("-1", "-2", "0", "1", "2", 
    NA), c("A", "G", "T", NA)), .Names = c("", "")), class = "table"), 
    LMmono03_SNP1 = structure(c(0L, 0L, 0L, 0L, 2L, 0L, 0L, 1L, 
    1308L, 265L, 29L, 4L, 1271L, 67L, 1L, 145L, 0L, 0L, 0L, 0L, 
    1L, 0L, 0L, 0L, 29L, 4L, 0L, 0L, 100L, 4L, 0L, 0L), .Dim = c(8L, 
    4L), .Dimnames = structure(list(c("-1", "-2", "-3", "-4", 
    "0", "1", "2", NA), c("A", "C", "G", NA)), .Names = c("", 
    "")), class = "table"), LMmono09_SNP1 = structure(c(1L, 0L, 
    0L, 0L, 0L, 0L, 0L, 0L, 1314L, 178L, 18L, 8L, 7443L, 345L, 
    15L, 201L, 10L, 0L, 0L, 1L, 113L, 2L, 0L, 0L), .Dim = c(8L, 
    3L), .Dimnames = structure(list(c("-1", "-2", "-3", "-4", 
    "0", "1", "2", NA), c("C", "T", NA)), .Names = c("", "")), class = "table"), 
    LMmono12_SNP1 = structure(c(960L, 82L, 3L, 4766L, 408L, 21L, 
    177L, 1L, 0L, 0L, 0L, 0L, 0L, 0L, 0L, 0L, 0L, 1L, 0L, 0L, 
    0L, 10L, 0L, 0L, 169L, 3L, 0L, 0L), .Dim = c(7L, 4L), .Dimnames = structure(list(
        c("-1", "-2", "-3", "0", "1", "2", NA), c("A", "G", "T", 
        NA)), .Names = c("", "")), class = "table"), LMmono16_SNP1 = structure(c(1464L, 
    140L, 16L, 2L, 5447L, 481L, 38L, 5L, 146L, 1L, 0L, 0L, 0L, 
    0L, 0L, 0L, 0L, 0L, 51L, 3L, 1L, 0L, 757L, 25L, 2L, 0L, 0L
    ), .Dim = c(9L, 3L), .Dimnames = structure(list(c("-1", "-2", 
    "-3", "-4", "0", "1", "2", "3", NA), c("A", "G", NA)), .Names = c("", 
    "")), class = "table"), MSJmono10_SNP1 = structure(c(0L, 
    0L, 2L, 0L, 0L, 0L, 0L, 343L, 15L, 5482L, 244L, 12L, 1L, 
    16L, 12L, 1L, 328L, 13L, 0L, 0L, 0L), .Dim = c(7L, 3L), .Dimnames = structure(list(
        c("-1", "-2", "0", "1", "2", "3", NA), c("A", "C", NA
        )), .Names = c("", "")), class = "table"), MSJmono19ms1_SNP1 = structure(c(718L, 
    41L, 4L, 2L, 10577L, 386L, 7L, 1L, 264L, 1L, 0L, 0L, 0L, 
    8L, 0L, 0L, 0L, 0L, 0L, 0L, 0L, 0L, 3L, 0L, 0L, 0L, 0L, 0L, 
    0L, 0L, 0L, 11L, 0L, 0L, 0L, 0L, 59L, 5L, 0L, 0L, 1191L, 
    31L, 1L, 0L, 0L), .Dim = c(9L, 5L), .Dimnames = structure(list(
        c("-1", "-2", "-3", "-4", "0", "1", "2", "3", NA), c("A", 
        "C", "G", "T", NA)), .Names = c("", "")), class = "table"), 
    MSJmono19ms2_SNP1 = structure(c(0L, 0L, 1L, 0L, 0L, 0L, 561L, 
    12L, 10771L, 144L, 7L, 124L, 0L, 0L, 2L, 0L, 0L, 0L, 6L, 
    0L, 856L, 7L, 0L, 0L), .Dim = c(6L, 4L), .Dimnames = structure(list(
        c("-1", "-2", "0", "1", "2", NA), c("-", "C", "G", NA
        )), .Names = c("", "")), class = "table"), MSJmono36_SNP1 = structure(c(0L, 
    0L, 0L, 2L, 0L, 0L, 0L, 826L, 45L, 2L, 11092L, 309L, 6L, 
    157L, 5L, 0L, 0L, 300L, 5L, 0L, 0L), .Dim = c(7L, 3L), .Dimnames = structure(list(
        c("-1", "-2", "-3", "0", "1", "2", NA), c("A", "G", NA
        )), .Names = c("", "")), class = "table"), MSJmono44_SNP1 = structure(c(0L, 
    0L, 0L, 5L, 8L, 0L, 0L, 0L, 0L, 479L, 24L, 1L, 0L, 5L, 6832L, 
    151L, 2L, 42L, 3L, 0L, 0L, 0L, 0L, 135L, 4L, 0L, 0L), .Dim = c(9L, 
    3L), .Dimnames = structure(list(c("-1", "-2", "-3", "-5", 
    "-6", "0", "1", "2", NA), c("-", "T", NA)), .Names = c("", 
    "")), class = "table"), MSJmono46_SNP1 = structure(c(1036L, 
    149L, 5L, 1L, 667L, 60L, 1L, 67L, 16L, 6L, 1L, 0L, 29L, 0L, 
    0L, 0L), .Dim = c(8L, 2L), .Dimnames = structure(list(c("-1", 
    "-2", "-3", "-4", "0", "1", "2", NA), c("C", NA)), .Names = c("", 
    "")), class = "table"), LMmono04v2_SNP1 = structure(c(130L, 
    11L, 1L, 861L, 38L, 1L, 0L, 0L, 11L, 18L, 1L, 0L, 167L, 803L, 
    98L, 3L, 1L, 36L, 2L, 1L, 0L, 78L, 50L, 5L, 0L, 0L, 0L), .Dim = c(9L, 
    3L), .Dimnames = structure(list(c("-1", "-2", "-3", "0", 
    "1", "2", "3", "4", NA), c("C", "T", NA)), .Names = c("", 
    "")), class = "table"), AKMmono01v2_SNP1 = structure(c(0L, 
    0L, 0L, 0L, 2L, 0L, 0L, 0L, 0L, 0L, 0L, 0L, 1L, 0L, 0L, 0L, 
    487L, 24L, 1L, 1L, 5399L, 102L, 5L, 43L, 10L, 1L, 0L, 0L, 
    195L, 0L, 0L, 0L), .Dim = c(8L, 4L), .Dimnames = structure(list(
        c("-1", "-2", "-3", "-4", "0", "1", "2", NA), c("C", 
        "G", "T", NA)), .Names = c("", "")), class = "table"), 
    AKMmono10v2_SNP1 = structure(c(142L, 4L, 2313L, 32L, 1L, 
    9L, 0L, 0L, 0L, 1L, 0L, 0L, 0L, 0L, 1L, 0L, 0L, 0L, 1L, 0L, 
    98L, 3L, 0L, 0L), .Dim = c(6L, 4L), .Dimnames = structure(list(
        c("-1", "-2", "0", "1", "2", NA), c("A", "G", "T", NA
        )), .Names = c("", "")), class = "table"), AKMmono17v2_SNP1 = structure(c(3L, 
    1L, 1L, 40L, 296L, 15L, 34L, 2L, 0L, 0L, 13L, 0L, 0L, 0L, 
    0L, 0L, 0L, 9L, 2L, 0L, 0L), .Dim = c(7L, 3L),