Result <-
list(AKMmono02_SNP1 = structure(c(0L, 0L, 0L, 1L, 0L, 0L, 1L, 
0L, 0L, 0L, 0L, 0L, 297L, 213L, 11L, 2972L, 76L, 68L, 3L, 6L, 
0L, 46L, 1L, 0L), .Dim = c(6L, 4L), .Dimnames = structure(list(
    c("-1", "-2", "-3", "0", "1", NA), c("A", "G", "T", NA)), .Names = c("", 
"")), class = "table"), AKMmono03_SNP1 = structure(c(682L, 81L, 
18L, 6466L, 96L, 0L, 81L, 58L, 3L, 0L, 524L, 3L, 1L, 0L), .Dim = c(7L, 
2L), .Dimnames = structure(list(c("-1", "-2", "-3", "0", "1", 
"2", NA), c("A", NA)), .Names = c("", "")), class = "table"), 
    AKMmono05_SNP1 = structure(c(858L, 323L, 71L, 16L, 3627L, 
    137L, 9L, 91L, 0L, 0L, 0L, 0L, 4L, 0L, 0L, 0L, 0L, 0L, 0L, 
    0L, 1L, 0L, 0L, 0L, 35L, 9L, 2L, 0L, 326L, 16L, 2L, 0L), .Dim = c(8L, 
    4L), .Dimnames = structure(list(c("-1", "-2", "-3", "-4", 
    "0", "1", "2", NA), c("A", "C", "T", NA)), .Names = c("", 
    "")), class = "table"), AKMmono11_SNP1 = structure(c(1234L, 
    101L, 1L, 1L, 4743L, 77L, 2L, 150L, 217L, 5L, 1L, 0L, 946L, 
    20L, 1L, 0L), .Dim = c(8L, 2L), .Dimnames = structure(list(
        c("-1", "-2", "-3", "-4", "0", "1", "2", NA), c("T", 
        NA)), .Names = c("", "")), class = "table"), AKMmono12_SNP1 = structure(c(0L, 
    1L, 0L, 0L, 1L, 0L, 0L, 1479L, 460L, 32L, 3L, 4125L, 86L, 
    58L, 0L, 0L, 0L, 0L, 1L, 0L, 0L, 25L, 9L, 0L, 0L, 344L, 6L, 
    0L), .Dim = c(7L, 4L), .Dimnames = structure(list(c("-1", 
    "-2", "-3", "-4", "0", "1", NA), c("A", "C", "T", NA)), .Names = c("", 
    "")), class = "table"), AKMmono13_SNP1 = structure(c(353L, 
    684L, 12L, 2L, 5473L, 132L, 5L, 57L, 0L, 1L, 0L, 0L, 0L, 
    0L, 0L, 0L, 14L, 9L, 0L, 0L, 326L, 6L, 0L, 0L), .Dim = c(8L, 
    3L), .Dimnames = structure(list(c("-1", "-2", "-3", "-4", 
    "0", "1", "2", NA), c("A", "T", NA)), .Names = c("", "")), class = "table"), 
    AKMmono16_SNP1 = structure(c(727L, 25L, 3468L, 63L, 1L, 1L, 
    41L, 0L, 0L, 2L, 0L, 0L, 0L, 1L, 15L, 0L, 194L, 1L, 0L, 0L, 
    0L), .Dim = c(7L, 3L), .Dimnames = structure(list(c("-1", 
    "-2", "0", "1", "2", "3", NA), c("A", "T", NA)), .Names = c("", 
    "")), class = "table"), AKMmono22_SNP1 = structure(c(506L, 
    63L, 6L, 4L, 3265L, 162L, 7L, 1L, 125L, 15L, 0L, 0L, 0L, 
    331L, 7L, 1L, 0L, 0L), .Dim = c(9L, 2L), .Dimnames = structure(list(
        c("-1", "-2", "-3", "-4", "0", "1", "2", "3", NA), c("A", 
        NA)), .Names = c("", "")), class = "table"), EJmono05_SNP1 = structure(c(0L, 
    0L, 0L, 2L, 0L, 0L, 0L, 768L, 61L, 1L, 3844L, 104L, 1L, 42L, 
    16L, 0L, 0L, 142L, 2L, 1L, 0L), .Dim = c(7L, 3L), .Dimnames = structure(list(
        c("-1", "-2", "-3", "0", "1", "2", NA), c("A", "T", NA
        )), .Names = c("", "")), class = "table"), EJmono16_SNP1 = structure(c(679L, 
    44L, 2L, 1L, 5308L, 245L, 7L, 1L, 258L, 5L, 0L, 0L, 0L, 58L, 
    2L, 0L, 0L, 0L), .Dim = c(9L, 2L), .Dimnames = structure(list(
        c("-1", "-2", "-3", "-5", "0", "1", "2", "3", NA), c("A", 
        NA)), .Names = c("", "")), class = "table"), LMmono01_SNP1 = structure(c(728L, 
    38L, 58L, 1L, 3749L, 83L, 2L, 24L, 1L, 0L, 0L, 0L, 2L, 0L, 
    0L, 0L, 0L, 0L, 0L, 0L, 1L, 0L, 0L, 0L, 24L, 1L, 1L, 0L, 
    265L, 8L, 1L, 0L), .Dim = c(8L, 4L), .Dimnames = structure(list(
        c("-1", "-2", "-3", "-5", "0", "1", "2", NA), c("A", 
        "G", "T", NA)), .Names = c("", "")), class = "table"), 
    LMmono03_SNP1 = structure(c(438L, 240L, 60L, 5L, 1L, 1816L, 
    62L, 3L, 95L, 0L, 0L, 0L, 0L, 0L, 1L, 0L, 0L, 0L, 10L, 4L, 
    0L, 0L, 0L, 108L, 1L, 0L, 0L), .Dim = c(9L, 3L), .Dimnames = structure(list(
        c("-1", "-2", "-3", "-4", "-5", "0", "1", "2", NA), c("C", 
        "T", NA)), .Names = c("", "")), class = "table"), LMmono09_SNP1 = structure(c(1L, 
    0L, 0L, 0L, 1L, 0L, 0L, 0L, 1195L, 287L, 25L, 3L, 4443L, 
    201L, 5L, 144L, 10L, 3L, 0L, 0L, 68L, 2L, 0L, 0L), .Dim = c(8L, 
    3L), .Dimnames = structure(list(c("-1", "-2", "-3", "-4", 
    "0", "1", "2", NA), c("C", "T", NA)), .Names = c("", "")), class = "table"), 
    LMmono12_SNP1 = structure(c(573L, 490L, 49L, 2L, 2876L, 178L, 
    14L, 1L, 125L, 0L, 0L, 0L, 0L, 2L, 0L, 0L, 0L, 0L, 12L, 1L, 
    0L, 0L, 94L, 1L, 0L, 0L, 0L), .Dim = c(9L, 3L), .Dimnames = structure(list(
        c("-1", "-2", "-3", "-4", "0", "1", "2", "3", NA), c("A", 
        "G", NA)), .Names = c("", "")), class = "table"), LMmono16_SNP1 = structure(c(1096L, 
    173L, 269L, 15L, 3314L, 213L, 10L, 1L, 128L, 41L, 5L, 9L, 
    1L, 510L, 13L, 0L, 0L, 0L), .Dim = c(9L, 2L), .Dimnames = structure(list(
        c("-1", "-2", "-3", "-4", "0", "1", "2", "5", NA), c("A", 
        NA)), .Names = c("", "")), class = "table"), MSJmono10_SNP1 = structure(c(0L, 
    0L, 0L, 2L, 0L, 0L, 0L, 531L, 255L, 44L, 3850L, 132L, 2L, 
    27L, 16L, 4L, 0L, 211L, 10L, 0L, 0L), .Dim = c(7L, 3L), .Dimnames = structure(list(
        c("-1", "-2", "-3", "0", "1", "2", NA), c("A", "C", NA
        )), .Names = c("", "")), class = "table"), MSJmono19ms1_SNP1 = structure(c(290L, 
    396L, 41L, 1L, 1L, 5198L, 133L, 3L, 1L, 2L, 1L, 177L, 0L, 
    0L, 0L, 0L, 0L, 5L, 0L, 0L, 0L, 0L, 0L, 0L, 0L, 0L, 0L, 0L, 
    0L, 1L, 0L, 0L, 0L, 0L, 0L, 0L, 0L, 0L, 0L, 0L, 0L, 5L, 0L, 
    0L, 0L, 0L, 0L, 1L, 26L, 11L, 1L, 0L, 0L, 572L, 7L, 0L, 0L, 
    0L, 0L, 0L), .Dim = c(12L, 5L), .Dimnames = structure(list(
        c("-1", "-2", "-3", "-4", "-5", "0", "1", "2", "3", "4", 
        "5", NA), c("A", "C", "G", "T", NA)), .Names = c("", 
    "")), class = "table"), MSJmono19ms2_SNP1 = structure(c(321L, 
    3L, 1L, 5601L, 60L, 62L, 3L, 0L, 0L, 429L, 1L, 0L), .Dim = c(6L, 
    2L), .Dimnames = structure(list(c("-1", "-2", "-3", "0", 
    "1", NA), c("C", NA)), .Names = c("", "")), class = "table"), 
    MSJmono36_SNP1 = structure(c(0L, 0L, 1L, 0L, 0L, 0L, 0L, 
    0L, 0L, 1L, 0L, 0L, 0L, 0L, 674L, 22L, 4765L, 131L, 3L, 1L, 
    122L, 0L, 0L, 2L, 0L, 0L, 0L, 1L, 3L, 0L, 134L, 1L, 0L, 0L, 
    0L), .Dim = c(7L, 5L), .Dimnames = structure(list(c("-1", 
    "-2", "0", "1", "2", "3", NA), c("A", "C", "G", "T", NA)), .Names = c("", 
    "")), class = "table"), MSJmono44_SNP1 = structure(c(0L, 
    0L, 1L, 0L, 0L, 163L, 9L, 3419L, 45L, 28L, 1L, 0L, 54L, 1L, 
    0L), .Dim = c(5L, 3L), .Dimnames = structure(list(c("-1", 
    "-2", "0", "1", NA), c("A", "T", NA)), .Names = c("", "")), class = "table"), 
    MSJmono46_SNP1 = structure(c(0L, 0L, 0L, 0L, 1L, 0L, 0L, 
    0L, 395L, 72L, 2L, 1L, 976L, 62L, 6L, 46L, 0L, 0L, 0L, 0L, 
    2L, 0L, 0L, 0L, 4L, 2L, 0L, 0L, 38L, 2L, 1L, 0L), .Dim = c(8L, 
    4L), .Dimnames = structure(list(c("-1", "-2", "-3", "-4", 
    "0", "1", "2", NA), c("A", "C", "T", NA)), .Names = c("", 
    "")), class = "table"), LMmono04v2_SNP1 = structure(c(319L, 
    18L, 1L, 2240L, 80L, 2L, 1L, 26L, 1L, 0L, 0L, 0L, 0L, 0L, 
    0L, 0L, 4L, 0L, 0L, 114L, 5L, 0L, 0L, 0L), .Dim = c(8L, 3L
    ), .Dimnames = structure(list(c("-1", "-2", "-3", "0", "1", 
    "2", "3", NA), c("C", "T", NA)), .Names = c("", "")), class = "table"), 
    AKMmono01v2_SNP1 = structure(c(0L, 0L, 0L, 2L, 0L, 0L, 0L, 
    0L, 0L, 1L, 0L, 0L, 3L, 1L, 0L, 0L, 0L, 0L, 588L, 157L, 11L, 
    3278L, 60L, 46L, 12L, 3L, 0L, 139L, 2L, 0L), .Dim = 6:5, .Dimnames = structure(list(
        c("-1", "-2", "-3", "0", "1", NA), c("-", "A", "C", "T", 
        NA)), .Names = c("", "")), class = "table"), AKMmono10v2_SNP1 = structure(c(69L, 
    2L, 2268L, 26L, 7L, 0L, 0L, 11L, 0L, 0L, 0L, 0L, 2L, 0L, 
    0L, 2L, 0L, 70L, 0L, 0L), .Dim = 5:4, .Dimnames = structure(list(
        c("-1", "-2", "0", "1", NA), c("A", "G", "T", NA)), .Names = c("", 
    "")), class = "table"), AKMmono17v2_SNP1 = structure(c(0L, 
    0L, 6L, 1L, 1L, 143L, 20L, 591L, 10L, 11L, 0L, 0L, 18L, 1L, 
    0L), .Dim = c(5L, 3L), .Dimnames = structure(list(c("-1", 
    "-2", "0", "1", NA), c("A", "C", NA)), .Names = c("", "")), class = "table"), 
    EJmono13v2_SNP1 = structure(c(171L, 4L, 1776L, 38L, 12L, 
    1L, 0L, 43L, 1L, 0L), .Dim = c(5L, 2L), .Dimnames = structure(list(
        c("-1", "-2", "0", "1", NA), c("G", NA)), .Names = c("", 
    "")),