Result <-
list(AKMmono02_SNP1 = structure(c(0L, 0L, 1L, 0L, 0L, 0L, 0L, 
0L, 0L, 0L, 0L, 0L, 0L, 1L, 0L, 0L, 0L, 0L, 197L, 12L, 1571L, 
17L, 2296L, 483L, 83L, 9L, 340L, 3L, 0L, 20L, 0L, 54L, 2L, 2L, 
0L, 0L), .Dim = c(9L, 4L), .Dimnames = structure(list(c("-1", 
"-2", "-3", "-4", "0", "1", "2", "3", NA), c("A", "G", "T", NA
)), .Names = c("", "")), class = "table"), AKMmono03_SNP1 = structure(c(0L, 
0L, 0L, 0L, 1L, 0L, 0L, 0L, 0L, 2259L, 466L, 101L, 2L, 4152L, 
1270L, 67L, 2L, 303L, 90L, 22L, 1L, 0L, 419L, 60L, 4L, 0L, 0L
), .Dim = c(9L, 3L), .Dimnames = structure(list(c("-1", "-2", 
"-3", "-4", "0", "1", "2", "3", NA), c("-", "A", NA)), .Names = c("", 
"")), class = "table"), AKMmono05_SNP1 = structure(c(1474L, 1142L, 
673L, 51L, 1L, 2488L, 89L, 3L, 170L, 0L, 0L, 0L, 0L, 0L, 1L, 
0L, 0L, 0L, 0L, 1L, 0L, 0L, 0L, 0L, 0L, 0L, 0L, 67L, 32L, 1L, 
0L, 0L, 222L, 8L, 0L, 0L), .Dim = c(9L, 4L), .Dimnames = structure(list(
    c("-1", "-2", "-3", "-4", "-5", "0", "1", "2", NA), c("A", 
    "G", "T", NA)), .Names = c("", "")), class = "table"), AKMmono11_SNP1 = structure(c(0L, 
0L, 1L, 0L, 2L, 0L, 0L, 0L, 573L, 2097L, 2531L, 74L, 3051L, 64L, 
1L, 221L, 80L, 68L, 41L, 2L, 627L, 17L, 1L, 0L), .Dim = c(8L, 
3L), .Dimnames = structure(list(c("-1", "-2", "-3", "-4", "0", 
"1", "2", NA), c("A", "T", NA)), .Names = c("", "")), class = "table"), 
    AKMmono12_SNP1 = structure(c(1L, 0L, 0L, 0L, 0L, 0L, 0L, 
    0L, 0L, 2124L, 957L, 90L, 4L, 1L, 3303L, 76L, 2L, 92L, 0L, 
    0L, 0L, 0L, 0L, 1L, 0L, 0L, 0L, 51L, 16L, 0L, 0L, 0L, 259L, 
    3L, 0L, 0L), .Dim = c(9L, 4L), .Dimnames = structure(list(
        c("-1", "-2", "-3", "-4", "-5", "0", "1", "2", NA), c("A", 
        "C", "T", NA)), .Names = c("", "")), class = "table"), 
    AKMmono13_SNP1 = structure(c(1304L, 2337L, 302L, 2L, 3287L, 
    100L, 3L, 177L, 0L, 0L, 0L, 0L, 2L, 0L, 0L, 0L, 39L, 33L, 
    3L, 0L, 190L, 3L, 0L, 0L), .Dim = c(8L, 3L), .Dimnames = structure(list(
        c("-1", "-2", "-3", "-4", "0", "1", "2", NA), c("A", 
        "T", NA)), .Names = c("", "")), class = "table"), AKMmono16_SNP1 = structure(c(677L, 
    61L, 3L, 4782L, 962L, 25L, 66L, 0L, 0L, 0L, 4L, 0L, 0L, 0L, 
    18L, 0L, 0L, 313L, 40L, 1L, 0L), .Dim = c(7L, 3L), .Dimnames = structure(list(
        c("-1", "-2", "-3", "0", "1", "2", NA), c("A", "T", NA
        )), .Names = c("", "")), class = "table"), AKMmono22_SNP1 = structure(c(1003L, 
    536L, 83L, 24L, 1L, 3L, 2370L, 697L, 120L, 19L, 2L, 335L, 
    0L, 0L, 0L, 0L, 0L, 0L, 1L, 0L, 0L, 0L, 0L, 0L, 42L, 14L, 
    0L, 0L, 0L, 0L, 275L, 30L, 4L, 1L, 0L, 0L), .Dim = c(12L, 
    3L), .Dimnames = structure(list(c("-1", "-2", "-3", "-4", 
    "-5", "-6", "0", "1", "2", "3", "4", NA), c("A", "T", NA)), .Names = c("", 
    "")), class = "table"), EJmono05_SNP1 = structure(c(3106L, 
    205L, 2L, 2434L, 42L, 2L, 70L, 41L, 4L, 0L, 85L, 1L, 0L, 
    0L), .Dim = c(7L, 2L), .Dimnames = structure(list(c("-1", 
    "-2", "-3", "0", "1", "2", NA), c("T", NA)), .Names = c("", 
    "")), class = "table"), EJmono16_SNP1 = structure(c(270L, 
    2116L, 1081L, 33L, 2610L, 115L, 8L, 385L, 0L, 1L, 0L, 0L, 
    0L, 0L, 0L, 0L, 0L, 16L, 3L, 0L, 32L, 1L, 0L, 0L), .Dim = c(8L, 
    3L), .Dimnames = structure(list(c("-1", "-2", "-3", "-4", 
    "0", "1", "2", NA), c("A", "C", NA)), .Names = c("", "")), class = "table"), 
    LMmono01_SNP1 = structure(c(312L, 2645L, 55L, 1L, 2477L, 
    58L, 1L, 60L, 10L, 38L, 2L, 0L, 150L, 4L, 0L, 0L), .Dim = c(8L, 
    2L), .Dimnames = structure(list(c("-1", "-2", "-3", "-4", 
    "0", "1", "2", NA), c("A", NA)), .Names = c("", "")), class = "table"), 
    LMmono03_SNP1 = structure(c(0L, 0L, 0L, 0L, 0L, 0L, 0L, 0L, 
    0L, 2L, 775L, 299L, 844L, 355L, 33L, 1L, 1516L, 52L, 2L, 
    146L, 11L, 2L, 9L, 3L, 0L, 0L, 88L, 1L, 0L, 0L), .Dim = c(10L, 
    3L), .Dimnames = structure(list(c("-1", "-2", "-3", "-4", 
    "-5", "-6", "0", "1", "2", NA), c("A", "C", NA)), .Names = c("", 
    "")), class = "table"), LMmono09_SNP1 = structure(c(0L, 0L, 
    1L, 0L, 0L, 0L, 0L, 0L, 0L, 0L, 0L, 1L, 0L, 0L, 0L, 0L, 0L, 
    0L, 0L, 0L, 0L, 0L, 0L, 1L, 0L, 0L, 0L, 2655L, 1842L, 4838L, 
    691L, 11L, 8349L, 280L, 8L, 773L, 11L, 8L, 67L, 7L, 0L, 100L, 
    4L, 0L, 0L), .Dim = c(9L, 5L), .Dimnames = structure(list(
        c("-1", "-2", "-3", "-4", "-5", "0", "1", "2", NA), c("A", 
        "C", "G", "T", NA)), .Names = c("", "")), class = "table"), 
    LMmono12_SNP1 = structure(c(875L, 1047L, 164L, 11L, 2798L, 
    222L, 10L, 192L, 10L, 0L, 0L, 2L, 99L, 3L, 0L, 0L), .Dim = c(8L, 
    2L), .Dimnames = structure(list(c("-1", "-2", "-3", "-4", 
    "0", "1", "2", NA), c("A", NA)), .Names = c("", "")), class = "table"), 
    LMmono16_SNP1 = structure(c(653L, 1316L, 189L, 51L, 39L, 
    1L, 3087L, 719L, 8L, 2L, 255L, 0L, 0L, 0L, 0L, 0L, 0L, 11L, 
    0L, 0L, 0L, 0L, 0L, 0L, 0L, 0L, 0L, 0L, 1L, 0L, 0L, 0L, 0L, 
    20L, 33L, 6L, 2L, 1L, 0L, 325L, 15L, 2L, 0L, 0L), .Dim = c(11L, 
    4L), .Dimnames = structure(list(c("-1", "-2", "-3", "-4", 
    "-5", "-6", "0", "1", "2", "3", NA), c("A", "C", "G", NA)), .Names = c("", 
    "")), class = "table"), MSJmono10_SNP1 = structure(c(0L, 
    0L, 0L, 0L, 0L, 0L, 1L, 1569L, 320L, 48L, 3418L, 146L, 4L, 
    39L, 0L, 0L, 0L, 1L, 0L, 0L, 0L, 46L, 5L, 0L, 189L, 9L, 1L, 
    0L), .Dim = c(7L, 4L), .Dimnames = structure(list(c("-1", 
    "-2", "-3", "0", "1", "2", NA), c("A", "C", "G", NA)), .Names = c("", 
    "")), class = "table"), MSJmono19ms1_SNP1 = structure(c(3149L, 
    1943L, 197L, 6L, 1L, 1707L, 58L, 1L, 338L, 2L, 0L, 0L, 0L, 
    0L, 2L, 0L, 0L, 2L, 0L, 1L, 0L, 0L, 0L, 0L, 0L, 0L, 0L, 1L, 
    1L, 0L, 0L, 0L, 0L, 0L, 0L, 1L, 170L, 47L, 7L, 1L, 0L, 183L, 
    6L, 0L, 0L), .Dim = c(9L, 5L), .Dimnames = structure(list(
        c("-1", "-2", "-3", "-4", "-5", "0", "1", "2", NA), c("A", 
        "C", "G", "T", NA)), .Names = c("", "")), class = "table"), 
    MSJmono19ms2_SNP1 = structure(c(333L, 1168L, 1857L, 1L, 3378L, 
    43L, 3L, 354L, 0L, 0L, 1L, 0L, 0L, 0L, 0L, 0L, 3L, 13L, 10L, 
    0L, 219L, 4L, 0L, 0L), .Dim = c(8L, 3L), .Dimnames = structure(list(
        c("-1", "-2", "-3", "-4", "0", "1", "2", NA), c("C", 
        "G", NA)), .Names = c("", "")), class = "table"), MSJmono36_SNP1 = structure(c(0L, 
    0L, 0L, 0L, 2L, 0L, 0L, 0L, 2375L, 265L, 18L, 1L, 4212L, 
    157L, 4L, 319L, 2L, 0L, 0L, 0L, 0L, 0L, 0L, 0L, 24L, 3L, 
    0L, 0L, 135L, 1L, 0L, 0L), .Dim = c(8L, 4L), .Dimnames = structure(list(
        c("-1", "-2", "-3", "-4", "0", "1", "2", NA), c("A", 
        "G", "T", NA)), .Names = c("", "")), class = "table"), 
    MSJmono44_SNP1 = structure(c(6L, 0L, 0L, 0L, 0L, 0L, 0L, 
    1555L, 132L, 5L, 3491L, 104L, 2L, 60L, 14L, 3L, 0L, 50L, 
    0L, 0L, 0L), .Dim = c(7L, 3L), .Dimnames = structure(list(
        c("-1", "-2", "-3", "0", "1", "2", NA), c("-", "T", NA
        )), .Names = c("", "")), class = "table"), MSJmono46_SNP1 = structure(c(1173L, 
    607L, 64L, 6L, 1862L, 99L, 4L, 121L, 0L, 0L, 0L, 0L, 1L, 
    0L, 0L, 0L, 25L, 6L, 1L, 0L, 52L, 1L, 0L, 0L), .Dim = c(8L, 
    3L), .Dimnames = structure(list(c("-1", "-2", "-3", "-4", 
    "0", "1", "2", NA), c("C", "T", NA)), .Names = c("", "")), class = "table"), 
    LMmono04v2_SNP1 = structure(c(1245L, 154L, 60L, 2L, 1749L, 
    106L, 1L, 35L, 22L, 2L, 0L, 0L, 85L, 3L, 0L, 0L), .Dim = c(8L, 
    2L), .Dimnames = structure(list(c("-1", "-2", "-3", "-4", 
    "0", "1", "2", NA), c("C", NA)), .Names = c("", "")), class = "table"), 
    AKMmono01v2_SNP1 = structure(c(1027L, 1267L, 130L, 12L, 18L, 
    0L, 66L, 1L, 0L, 0L, 0L, 0L, 0L, 0L, 1292L, 110L, 4L, 0L, 
    1123L, 48L, 71L, 37L, 21L, 1L, 1L, 41L, 2L, 0L), .Dim = c(7L, 
    4L), .Dimnames = structure(list(c("-1", "-2", "-3", "-4", 
    "0", "1", NA), c("C", "G", "T", NA)), .Names = c("", "")), class = "table"), 
    AKMmono10v2_SNP1 = structure(c(291L, 16L, 2417L, 512L, 7L, 
    31L, 0L, 0L, 2L, 0L, 0L, 0L, 1L, 0L, 88L, 26L, 1L, 0L), .Dim = c(6L, 
    3L), .Dimnames = structure(list(c("-1", "-2", "0", "1", "2", 
    NA), c("A", "T", NA)),