Result <-
list(AKMmono02_SNP1 = structure(c(572L, 69L, 1L, 3633L, 78L, 
2L, 119L, 4L, 0L, 0L, 65L, 0L, 0L, 0L), .Dim = c(7L, 2L), .Dimnames = structure(list(
    c("-1", "-2", "-3", "0", "1", "2", NA), c("T", NA)), .Names = c("", 
"")), class = "table"), AKMmono03_SNP1 = structure(c(0L, 0L, 
0L, 0L, 1L, 0L, 0L, 0L, 939L, 612L, 452L, 13L, 7889L, 136L, 1L, 
152L, 0L, 0L, 0L, 0L, 0L, 1L, 0L, 0L, 48L, 16L, 3L, 0L, 632L, 
2L, 0L, 0L), .Dim = c(8L, 4L), .Dimnames = structure(list(c("-1", 
"-2", "-3", "-4", "0", "1", "2", NA), c("-", "A", "C", NA)), .Names = c("", 
"")), class = "table"), AKMmono05_SNP1 = structure(c(1207L, 203L, 
27L, 3L, 4794L, 204L, 6L, 97L, 0L, 0L, 0L, 0L, 1L, 0L, 0L, 0L, 
0L, 0L, 0L, 0L, 1L, 0L, 0L, 0L, 1L, 0L, 0L, 0L, 0L, 0L, 0L, 0L, 
63L, 6L, 0L, 0L, 474L, 19L, 2L, 0L), .Dim = c(8L, 5L), .Dimnames = structure(list(
    c("-1", "-2", "-3", "-4", "0", "1", "2", NA), c("A", "C", 
    "G", "T", NA)), .Names = c("", "")), class = "table"), AKMmono11_SNP1 = structure(c(0L, 
0L, 0L, 4L, 0L, 0L, 0L, 2209L, 234L, 4L, 7059L, 136L, 3L, 287L, 
319L, 13L, 0L, 1317L, 33L, 0L, 0L), .Dim = c(7L, 3L), .Dimnames = structure(list(
    c("-1", "-2", "-3", "0", "1", "2", NA), c("A", "T", NA)), .Names = c("", 
"")), class = "table"), AKMmono12_SNP1 = structure(c(1160L, 149L, 
6L, 1L, 5547L, 141L, 8L, 55L, 1L, 0L, 0L, 0L, 1L, 0L, 0L, 0L, 
39L, 1L, 0L, 0L, 469L, 5L, 0L, 0L), .Dim = c(8L, 3L), .Dimnames = structure(list(
    c("-1", "-2", "-3", "-4", "0", "1", "2", NA), c("C", "T", 
    NA)), .Names = c("", "")), class = "table"), AKMmono13_SNP1 = structure(c(474L, 
17L, 6467L, 189L, 3L, 44L, 16L, 0L, 412L, 8L, 1L, 0L), .Dim = c(6L, 
2L), .Dimnames = structure(list(c("-1", "-2", "0", "1", "2", 
NA), c("A", NA)), .Names = c("", "")), class = "table"), AKMmono16_SNP1 = structure(c(955L, 
127L, 12L, 3741L, 56L, 3L, 35L, 1L, 0L, 0L, 2L, 0L, 0L, 0L, 0L, 
0L, 0L, 1L, 0L, 0L, 0L, 20L, 2L, 1L, 202L, 3L, 0L, 0L), .Dim = c(7L, 
4L), .Dimnames = structure(list(c("-1", "-2", "-3", "0", "1", 
"2", NA), c("A", "G", "T", NA)), .Names = c("", "")), class = "table"), 
    AKMmono22_SNP1 = structure(c(1153L, 246L, 45L, 4L, 3927L, 
    227L, 21L, 1L, 226L, 0L, 1L, 0L, 0L, 1L, 0L, 0L, 0L, 0L, 
    44L, 8L, 0L, 0L, 369L, 7L, 0L, 0L, 0L), .Dim = c(9L, 3L), .Dimnames = structure(list(
        c("-1", "-2", "-3", "-4", "0", "1", "2", "3", NA), c("A", 
        "G", NA)), .Names = c("", "")), class = "table"), EJmono05_SNP1 = structure(c(0L, 
    0L, 1L, 0L, 0L, 0L, 1296L, 95L, 3895L, 89L, 2L, 43L, 19L, 
    0L, 139L, 1L, 0L, 0L), .Dim = c(6L, 3L), .Dimnames = structure(list(
        c("-1", "-2", "0", "1", "2", NA), c("A", "T", NA)), .Names = c("", 
    "")), class = "table"), EJmono16_SNP1 = structure(c(1570L, 
    145L, 8L, 7212L, 388L, 11L, 483L, 0L, 0L, 0L, 2L, 0L, 0L, 
    0L, 10L, 1L, 0L, 92L, 4L, 0L, 0L), .Dim = c(7L, 3L), .Dimnames = structure(list(
        c("-1", "-2", "-3", "0", "1", "2", NA), c("A", "G", NA
        )), .Names = c("", "")), class = "table"), LMmono01_SNP1 = structure(c(1173L, 
    42L, 2L, 1L, 5105L, 122L, 1L, 48L, 0L, 0L, 0L, 0L, 1L, 0L, 
    0L, 0L, 0L, 0L, 0L, 0L, 1L, 0L, 0L, 0L, 48L, 1L, 0L, 0L, 
    397L, 18L, 0L, 0L), .Dim = c(8L, 4L), .Dimnames = structure(list(
        c("-1", "-2", "-3", "-4", "0", "1", "2", NA), c("A", 
        "C", "T", NA)), .Names = c("", "")), class = "table"), 
    LMmono03_SNP1 = structure(c(1L, 0L, 0L, 0L, 1L, 0L, 0L, 0L, 
    681L, 155L, 17L, 1L, 2308L, 85L, 3L, 115L, 1L, 0L, 0L, 0L, 
    1L, 0L, 0L, 0L, 17L, 5L, 1L, 0L, 172L, 1L, 0L, 0L), .Dim = c(8L, 
    4L), .Dimnames = structure(list(c("-1", "-2", "-3", "-4", 
    "0", "1", "2", NA), c("A", "C", "T", NA)), .Names = c("", 
    "")), class = "table"), LMmono09_SNP1 = structure(c(0L, 0L, 
    0L, 0L, 0L, 0L, 1L, 0L, 0L, 0L, 2663L, 426L, 1037L, 98L, 
    1L, 7408L, 354L, 15L, 1L, 311L, 41L, 4L, 9L, 1L, 0L, 123L, 
    5L, 1L, 0L, 0L), .Dim = c(10L, 3L), .Dimnames = structure(list(
        c("-1", "-2", "-3", "-4", "-5", "0", "1", "2", "3", NA
        ), c("C", "T", NA)), .Names = c("", "")), class = "table"), 
    LMmono12_SNP1 = structure(c(718L, 54L, 1L, 1L, 3571L, 276L, 
    22L, 1L, 144L, 0L, 0L, 0L, 0L, 1L, 0L, 0L, 0L, 0L, 7L, 0L, 
    0L, 0L, 111L, 5L, 0L, 0L, 0L), .Dim = c(9L, 3L), .Dimnames = structure(list(
        c("-1", "-2", "-3", "-4", "0", "1", "2", "4", NA), c("A", 
        "T", NA)), .Names = c("", "")), class = "table"), LMmono16_SNP1 = structure(c(1347L, 
    121L, 9L, 2L, 4395L, 327L, 23L, 4L, 96L, 1L, 0L, 0L, 0L, 
    0L, 0L, 0L, 0L, 0L, 0L, 0L, 0L, 0L, 1L, 0L, 0L, 0L, 0L, 52L, 
    3L, 1L, 0L, 622L, 18L, 1L, 0L, 0L), .Dim = c(9L, 4L), .Dimnames = structure(list(
        c("-1", "-2", "-3", "-4", "0", "1", "2", "3", NA), c("A", 
        "C", "G", NA)), .Names = c("", "")), class = "table"), 
    MSJmono10_SNP1 = structure(c(569L, 23L, 3992L, 134L, 5L, 
    1L, 23L, 22L, 2L, 239L, 7L, 0L, 0L, 0L), .Dim = c(7L, 2L), .Dimnames = structure(list(
        c("-1", "-2", "0", "1", "2", "3", NA), c("C", NA)), .Names = c("", 
    "")), class = "table"), MSJmono19ms1_SNP1 = structure(c(0L, 
    0L, 0L, 0L, 0L, 1L, 0L, 0L, 0L, 700L, 105L, 16L, 2L, 1L, 
    8973L, 261L, 9L, 232L, 0L, 0L, 0L, 0L, 0L, 16L, 1L, 0L, 0L, 
    0L, 0L, 0L, 0L, 0L, 2L, 0L, 0L, 0L, 0L, 0L, 0L, 0L, 0L, 9L, 
    0L, 0L, 0L, 66L, 8L, 2L, 2L, 0L, 1074L, 21L, 0L, 0L), .Dim = c(9L, 
    6L), .Dimnames = structure(list(c("-1", "-2", "-3", "-4", 
    "-5", "0", "1", "2", NA), c("-", "A", "C", "G", "T", NA)), .Names = c("", 
    "")), class = "table"), MSJmono19ms2_SNP1 = structure(c(735L, 
    27L, 8669L, 107L, 3L, 236L, 3L, 0L, 653L, 1L, 0L, 0L), .Dim = c(6L, 
    2L), .Dimnames = structure(list(c("-1", "-2", "0", "1", "2", 
    NA), c("C", NA)), .Names = c("", "")), class = "table"), 
    MSJmono36_SNP1 = structure(c(1L, 0L, 0L, 5L, 0L, 0L, 0L, 
    0L, 1166L, 89L, 5L, 7909L, 262L, 11L, 1L, 184L, 0L, 0L, 0L, 
    1L, 0L, 0L, 0L, 0L, 6L, 1L, 0L, 241L, 4L, 0L, 0L, 0L), .Dim = c(8L, 
    4L), .Dimnames = structure(list(c("-1", "-2", "-3", "0", 
    "1", "2", "3", NA), c("A", "G", "T", NA)), .Names = c("", 
    "")), class = "table"), MSJmono44_SNP1 = structure(c(0L, 
    0L, 0L, 3L, 0L, 0L, 0L, 0L, 0L, 0L, 369L, 10L, 1L, 0L, 5999L, 
    92L, 2L, 2L, 1L, 56L, 1L, 1L, 0L, 0L, 117L, 2L, 0L, 0L, 0L, 
    0L), .Dim = c(10L, 3L), .Dimnames = structure(list(c("-1", 
    "-2", "-3", "-6", "0", "1", "2", "5", "6", NA), c("-", "T", 
    NA)), .Names = c("", "")), class = "table"), MSJmono46_SNP1 = structure(c(539L, 
    95L, 6L, 2L, 1336L, 86L, 6L, 59L, 12L, 3L, 0L, 0L, 46L, 2L, 
    0L, 0L), .Dim = c(8L, 2L), .Dimnames = structure(list(c("-1", 
    "-2", "-3", "-4", "0", "1", "2", NA), c("C", NA)), .Names = c("", 
    "")), class = "table"), LMmono04v2_SNP1 = structure(c(521L, 
    57L, 2162L, 90L, 5L, 14L, 8L, 0L, 115L, 3L, 1L, 0L), .Dim = c(6L, 
    2L), .Dimnames = structure(list(c("-1", "-2", "0", "1", "2", 
    NA), c("C", NA)), .Names = c("", "")), class = "table"), 
    AKMmono01v2_SNP1 = structure(c(1503L, 172L, 3L, 14L, 0L, 
    66L, 436L, 49L, 2L, 1411L, 36L, 34L, 40L, 8L, 0L, 60L, 2L, 
    0L), .Dim = c(6L, 3L), .Dimnames = structure(list(c("-1", 
    "-2", "-3", "0", "1", NA), c("C", "T", NA)), .Names = c("", 
    "")), class = "table"), AKMmono10v2_SNP1 = structure(c(164L, 
    9L, 1502L, 24L, 9L, 0L, 0L, 13L, 0L, 0L, 2L, 0L, 55L, 1L, 
    0L), .Dim = c(5L, 3L), .Dimnames = structure(list(c("-1", 
    "-2", "0", "1", NA), c("A", "G", NA)), .Names = c("", "")), class = "table"), 
    AKMmono17v2_SNP1 = structure(c(12L, 0L, 21L, 0L, 0L, 0L, 
    183L, 8L, 857L, 16L, 3L, 10L, 2L, 0L, 25L, 1L, 0L, 0L), .Dim = c(6L, 
    3L), .Dimnames = structure(list(c("-1", "-2", "0", "1", "2", 
    NA), c("A", "C", NA)), .Names = c("", "")), class = "table"), 
    EJmono13v2_SNP1 = structure(c(416L, 8L, 1537L, 43L, 3L, 14L, 
    19L, 1L, 37L, 0L, 0L, 0L), .Dim = c(6L, 2L), .Dimnames = structure(list(
        c("-1", "-2", "0", "1", "2", NA), c("G", NA)), .Names = c("", 
    "")), class = "table"),