Result <-
list(AKMmono02_SNP1 = structure(c(0L, 0L, 0L, 1L, 0L, 0L, 0L, 
285L, 24L, 1L, 2495L, 42L, 2L, 61L, 2L, 1L, 0L, 40L, 1L, 0L, 
0L), .Dim = c(7L, 3L), .Dimnames = structure(list(c("-1", "-2", 
"-3", "0", "1", "2", NA), c("C", "T", NA)), .Names = c("", ""
)), class = "table"), AKMmono03_SNP1 = structure(c(1495L, 263L, 
45L, 2L, 11071L, 177L, 3L, 159L, 1L, 0L, 0L, 0L, 0L, 0L, 0L, 
0L, 77L, 7L, 0L, 0L, 808L, 4L, 0L, 0L), .Dim = c(8L, 3L), .Dimnames = structure(list(
    c("-1", "-2", "-3", "-4", "0", "1", "2", NA), c("A", "G", 
    NA)), .Names = c("", "")), class = "table"), AKMmono05_SNP1 = structure(c(1122L, 
163L, 26L, 4L, 6025L, 271L, 6L, 81L, 0L, 0L, 0L, 0L, 2L, 0L, 
0L, 0L, 0L, 0L, 0L, 0L, 2L, 0L, 0L, 0L, 45L, 6L, 0L, 0L, 534L, 
20L, 0L, 0L), .Dim = c(8L, 4L), .Dimnames = structure(list(c("-1", 
"-2", "-3", "-4", "0", "1", "2", NA), c("A", "C", "T", NA)), .Names = c("", 
"")), class = "table"), AKMmono11_SNP1 = structure(c(0L, 0L, 
0L, 3L, 0L, 0L, 0L, 1181L, 87L, 7L, 7786L, 153L, 5L, 165L, 187L, 
4L, 0L, 1443L, 43L, 0L, 0L), .Dim = c(7L, 3L), .Dimnames = structure(list(
    c("-1", "-2", "-3", "0", "1", "2", NA), c("A", "T", NA)), .Names = c("", 
"")), class = "table"), AKMmono12_SNP1 = structure(c(0L, 0L, 
0L, 0L, 1L, 0L, 0L, 0L, 990L, 77L, 9L, 4L, 5812L, 158L, 4L, 54L, 
1L, 0L, 0L, 0L, 1L, 0L, 0L, 0L, 0L, 0L, 0L, 0L, 1L, 0L, 0L, 0L, 
20L, 2L, 0L, 0L, 473L, 8L, 0L, 0L), .Dim = c(8L, 5L), .Dimnames = structure(list(
    c("-1", "-2", "-3", "-4", "0", "1", "2", NA), c("A", "C", 
    "G", "T", NA)), .Names = c("", "")), class = "table"), AKMmono13_SNP1 = structure(c(728L, 
52L, 1L, 6839L, 180L, 9L, 60L, 1L, 0L, 0L, 0L, 0L, 0L, 0L, 29L, 
1L, 0L, 423L, 5L, 0L, 0L), .Dim = c(7L, 3L), .Dimnames = structure(list(
    c("-1", "-2", "-3", "0", "1", "2", NA), c("A", "G", NA)), .Names = c("", 
"")), class = "table"), AKMmono16_SNP1 = structure(c(682L, 46L, 
2L, 1L, 5459L, 107L, 3L, 1L, 33L, 0L, 0L, 0L, 0L, 2L, 0L, 0L, 
0L, 0L, 0L, 0L, 0L, 0L, 2L, 0L, 0L, 0L, 0L, 13L, 0L, 0L, 0L, 
287L, 5L, 0L, 0L, 0L), .Dim = c(9L, 4L), .Dimnames = structure(list(
    c("-1", "-2", "-3", "-4", "0", "1", "2", "3", NA), c("A", 
    "G", "T", NA)), .Names = c("", "")), class = "table"), AKMmono22_SNP1 = structure(c(692L, 
138L, 17L, 3895L, 226L, 11L, 0L, 189L, 0L, 0L, 0L, 1L, 0L, 0L, 
0L, 0L, 20L, 2L, 1L, 343L, 10L, 1L, 1L, 0L), .Dim = c(8L, 3L), .Dimnames = structure(list(
    c("-1", "-2", "-3", "0", "1", "2", "3", NA), c("A", "T", 
    NA)), .Names = c("", "")), class = "table"), EJmono05_SNP1 = structure(c(0L, 
0L, 0L, 2L, 0L, 0L, 0L, 0L, 882L, 71L, 3L, 6205L, 260L, 73L, 
2L, 58L, 13L, 0L, 0L, 235L, 8L, 1L, 1L, 0L), .Dim = c(8L, 3L), .Dimnames = structure(list(
    c("-1", "-2", "-3", "0", "1", "2", "3", NA), c("A", "T", 
    NA)), .Names = c("", "")), class = "table"), EJmono16_SNP1 = structure(c(612L, 
50L, 5L, 8646L, 489L, 24L, 1L, 334L, 0L, 0L, 0L, 1L, 0L, 0L, 
0L, 0L, 0L, 0L, 0L, 1L, 0L, 0L, 0L, 0L, 3L, 0L, 0L, 103L, 1L, 
0L, 0L, 0L), .Dim = c(8L, 4L), .Dimnames = structure(list(c("-1", 
"-2", "-3", "0", "1", "2", "3", NA), c("A", "C", "G", NA)), .Names = c("", 
"")), class = "table"), LMmono01_SNP1 = structure(c(532L, 27L, 
3377L, 52L, 2L, 26L, 0L, 0L, 1L, 0L, 0L, 0L, 22L, 1L, 246L, 9L, 
0L, 0L), .Dim = c(6L, 3L), .Dimnames = structure(list(c("-1", 
"-2", "0", "1", "2", NA), c("A", "G", NA)), .Names = c("", ""
)), class = "table"), LMmono03_SNP1 = structure(c(0L, 0L, 0L, 
0L, 2L, 0L, 0L, 645L, 99L, 20L, 3L, 2399L, 74L, 107L, 0L, 0L, 
0L, 0L, 2L, 0L, 0L, 19L, 0L, 0L, 0L, 163L, 2L, 0L), .Dim = c(7L, 
4L), .Dimnames = structure(list(c("-1", "-2", "-3", "-5", "0", 
"1", NA), c("A", "C", "T", NA)), .Names = c("", "")), class = "table"), 
    LMmono09_SNP1 = structure(c(0L, 0L, 0L, 0L, 0L, 1L, 0L, 0L, 
    0L, 1203L, 209L, 25L, 1L, 1L, 4231L, 233L, 9L, 132L, 21L, 
    5L, 0L, 0L, 0L, 63L, 2L, 0L, 0L), .Dim = c(9L, 3L), .Dimnames = structure(list(
        c("-1", "-2", "-3", "-4", "-5", "0", "1", "2", NA), c("G", 
        "T", NA)), .Names = c("", "")), class = "table"), LMmono12_SNP1 = structure(c(923L, 
    87L, 6L, 2L, 4212L, 418L, 28L, 2L, 197L, 0L, 0L, 0L, 0L, 
    0L, 1L, 0L, 0L, 0L, 10L, 0L, 0L, 0L, 142L, 2L, 0L, 0L, 0L
    ), .Dim = c(9L, 3L), .Dimnames = structure(list(c("-1", "-2", 
    "-3", "-4", "0", "1", "2", "3", NA), c("A", "G", NA)), .Names = c("", 
    "")), class = "table"), LMmono16_SNP1 = structure(c(825L, 
    90L, 5L, 4757L, 224L, 11L, 501L, 1L, 189L, 14L, 1L, 0L, 253L, 
    0L, 0L, 0L, 2L, 0L, 0L, 0L, 0L, 0L, 0L, 0L, 0L, 0L, 25L, 
    2L, 0L, 702L, 13L, 2L, 28L, 0L, 16L, 2L, 0L, 1L, 0L), .Dim = c(13L, 
    3L), .Dimnames = structure(list(c("-1", "-2", "-3", "0", 
    "1", "2", "3", "4", "5", "6", "7", "8", NA), c("A", "G", 
    NA)), .Names = c("", "")), class = "table"), MSJmono10_SNP1 = structure(c(197L, 
    8L, 3300L, 113L, 5L, 18L, 5L, 0L, 169L, 3L, 1L, 0L), .Dim = c(6L, 
    2L), .Dimnames = structure(list(c("-1", "-2", "0", "1", "2", 
    NA), c("C", NA)), .Names = c("", "")), class = "table"), 
    MSJmono19ms1_SNP1 = structure(c(948L, 196L, 9L, 1L, 9741L, 
    329L, 11L, 270L, 1L, 0L, 0L, 0L, 10L, 0L, 0L, 0L, 0L, 0L, 
    0L, 0L, 3L, 0L, 0L, 0L, 0L, 0L, 0L, 0L, 8L, 0L, 0L, 0L, 81L, 
    9L, 1L, 0L, 1021L, 28L, 1L, 0L), .Dim = c(8L, 5L), .Dimnames = structure(list(
        c("-1", "-2", "-3", "-6", "0", "1", "2", NA), c("A", 
        "C", "G", "T", NA)), .Names = c("", "")), class = "table"), 
    MSJmono19ms2_SNP1 = structure(c(0L, 0L, 1L, 0L, 0L, 0L, 541L, 
    16L, 10433L, 156L, 3L, 142L, 0L, 0L, 1L, 0L, 0L, 0L, 0L, 
    0L, 1L, 0L, 0L, 0L, 4L, 0L, 732L, 0L, 0L, 0L), .Dim = 6:5, .Dimnames = structure(list(
        c("-1", "-2", "0", "1", "2", NA), c("A", "C", "G", "T", 
        NA)), .Names = c("", "")), class = "table"), MSJmono36_SNP1 = structure(c(726L, 
    37L, 3L, 8137L, 231L, 4L, 146L, 8L, 3L, 0L, 231L, 3L, 0L, 
    0L), .Dim = c(7L, 2L), .Dimnames = structure(list(c("-1", 
    "-2", "-3", "0", "1", "2", NA), c("G", NA)), .Names = c("", 
    "")), class = "table"), MSJmono44_SNP1 = structure(c(0L, 
    0L, 0L, 2L, 0L, 0L, 0L, 0L, 0L, 0L, 1L, 0L, 0L, 0L, 333L, 
    9L, 3L, 4468L, 114L, 1L, 25L, 3L, 0L, 0L, 76L, 0L, 0L, 0L
    ), .Dim = c(7L, 4L), .Dimnames = structure(list(c("-1", "-2", 
    "-3", "0", "1", "2", NA), c("-", "G", "T", NA)), .Names = c("", 
    "")), class = "table"), MSJmono46_SNP1 = structure(c(200L, 
    34L, 4L, 680L, 53L, 3L, 16L, 2L, 1L, 0L, 26L, 0L, 0L, 0L), .Dim = c(7L, 
    2L), .Dimnames = structure(list(c("-1", "-2", "-3", "0", 
    "1", "2", NA), c("C", NA)), .Names = c("", "")), class = "table"), 
    LMmono04v2_SNP1 = structure(c(0L, 0L, 0L, 1L, 0L, 0L, 0L, 
    390L, 122L, 19L, 2774L, 150L, 5L, 25L, 7L, 1L, 0L, 125L, 
    5L, 0L, 0L), .Dim = c(7L, 3L), .Dimnames = structure(list(
        c("-1", "-2", "-3", "0", "1", "2", NA), c("A", "C", NA
        )), .Names = c("", "")), class = "table"), AKMmono01v2_SNP1 = structure(c(1L, 
    0L, 0L, 0L, 0L, 0L, 0L, 0L, 0L, 0L, 1L, 0L, 0L, 0L, 253L, 
    11L, 1L, 2919L, 51L, 1L, 29L, 6L, 1L, 0L, 124L, 1L, 0L, 0L
    ), .Dim = c(7L, 4L), .Dimnames = structure(list(c("-1", "-2", 
    "-3", "0", "1", "2", NA), c("C", "G", "T", NA)), .Names = c("", 
    "")), class = "table"), AKMmono10v2_SNP1 = structure(c(0L, 
    0L, 9L, 0L, 0L, 73L, 5L, 1061L, 16L, 2L, 0L, 0L, 49L, 0L, 
    0L), .Dim = c(5L, 3L), .Dimnames = structure(list(c("-1", 
    "-2", "0", "1", NA), c("A", "G", NA)), .Names = c("", "")), class = "table"), 
    AKMmono17v2_SNP1 = structure(c(2L, 6L, 0L, 0L, 13L, 227L, 
    2L, 2L, 0L, 12L, 0L, 0L), .Dim = 4:3, .Dimnames = structure(list(
        c("-1", "0", "1", NA), c("A", "C", NA)), .Names = c("", 
    "")), class = "table"), EJmono13v2_SNP1 = structure(c(34L, 
    0L, 670L, 24L, 1L, 2L, 37L, 1L, 417L, 10L, 0L, 1L, 1L, 0L, 
    39L, 0L, 0L, 0L), .Dim = c(6L, 3L), .Dimnames = structure(list(
        c("-1", "-2", "0", "1", "2", NA), c("A", "G", NA)), .Names = c("", 
    "")), class = "table"),