Result <-
list(AKMmono02_SNP1 = structure(c(0L, 0L, 0L, 1L, 0L, 0L, 0L, 
837L, 36L, 2L, 5526L, 139L, 6L, 149L, 12L, 0L, 0L, 89L, 0L, 0L, 
0L), .Dim = c(7L, 3L), .Dimnames = structure(list(c("-1", "-2", 
"-3", "0", "1", "2", NA), c("A", "T", NA)), .Names = c("", ""
)), class = "table"), AKMmono03_SNP1 = structure(c(1L, 0L, 0L, 
0L, 0L, 1L, 0L, 0L, 0L, 3754L, 1062L, 127L, 25L, 1L, 5058L, 101L, 
3L, 283L, 0L, 0L, 0L, 0L, 0L, 1L, 0L, 0L, 0L, 207L, 52L, 2L, 
0L, 0L, 383L, 5L, 0L, 0L), .Dim = c(9L, 4L), .Dimnames = structure(list(
    c("-1", "-2", "-3", "-4", "-5", "0", "1", "2", NA), c("-", 
    "A", "G", NA)), .Names = c("", "")), class = "table"), AKMmono05_SNP1 = structure(c(2750L, 
691L, 103L, 14L, 1L, 3768L, 235L, 10L, 175L, 0L, 0L, 0L, 0L, 
0L, 2L, 0L, 0L, 0L, 0L, 0L, 0L, 0L, 0L, 2L, 0L, 0L, 0L, 127L, 
24L, 0L, 0L, 0L, 355L, 27L, 0L, 0L), .Dim = c(9L, 4L), .Dimnames = structure(list(
    c("-1", "-2", "-3", "-4", "-5", "0", "1", "2", NA), c("A", 
    "C", "T", NA)), .Names = c("", "")), class = "table"), AKMmono11_SNP1 = structure(c(0L, 
0L, 0L, 0L, 1L, 0L, 0L, 0L, 0L, 0L, 0L, 0L, 1L, 0L, 0L, 0L, 3811L, 
3223L, 177L, 1L, 5188L, 274L, 7L, 610L, 586L, 131L, 2L, 0L, 1049L, 
74L, 1L, 0L), .Dim = c(8L, 4L), .Dimnames = structure(list(c("-1", 
"-2", "-3", "-4", "0", "1", "2", NA), c("A", "C", "T", NA)), .Names = c("", 
"")), class = "table"), AKMmono12_SNP1 = structure(c(1L, 0L, 
0L, 0L, 0L, 0L, 0L, 1L, 5858L, 864L, 51L, 4L, 3742L, 107L, 3L, 
205L, 2L, 0L, 0L, 0L, 1L, 0L, 0L, 0L, 1L, 0L, 0L, 0L, 1L, 0L, 
0L, 0L, 144L, 17L, 1L, 0L, 272L, 4L, 1L, 0L), .Dim = c(8L, 5L
), .Dimnames = structure(list(c("-1", "-2", "-3", "-4", "0", 
"1", "2", NA), c("A", "C", "G", "T", NA)), .Names = c("", "")), class = "table"), 
    AKMmono13_SNP1 = structure(c(2616L, 440L, 14L, 4103L, 120L, 
    3L, 155L, 0L, 1L, 0L, 0L, 0L, 0L, 0L, 2L, 0L, 0L, 1L, 0L, 
    0L, 0L, 79L, 8L, 0L, 276L, 6L, 0L, 0L), .Dim = c(7L, 4L), .Dimnames = structure(list(
        c("-1", "-2", "-3", "0", "1", "2", NA), c("A", "G", "T", 
        NA)), .Names = c("", "")), class = "table"), AKMmono16_SNP1 = structure(c(623L, 
    51L, 2L, 3813L, 86L, 1L, 28L, 0L, 0L, 0L, 1L, 0L, 0L, 0L, 
    0L, 0L, 0L, 1L, 0L, 0L, 0L, 15L, 1L, 0L, 225L, 4L, 0L, 0L
    ), .Dim = c(7L, 4L), .Dimnames = structure(list(c("-1", "-2", 
    "-3", "0", "1", "2", NA), c("A", "C", "T", NA)), .Names = c("", 
    "")), class = "table"), AKMmono22_SNP1 = structure(c(1717L, 
    623L, 111L, 4L, 3641L, 221L, 14L, 372L, 0L, 0L, 0L, 0L, 1L, 
    0L, 0L, 0L, 0L, 0L, 0L, 0L, 1L, 0L, 0L, 0L, 41L, 18L, 1L, 
    0L, 351L, 8L, 1L, 0L), .Dim = c(8L, 4L), .Dimnames = structure(list(
        c("-1", "-2", "-3", "-4", "0", "1", "2", NA), c("A", 
        "G", "T", NA)), .Names = c("", "")), class = "table"), 
    EJmono05_SNP1 = structure(c(1L, 0L, 0L, 0L, 0L, 0L, 0L, 1573L, 
    248L, 2L, 3996L, 108L, 6L, 68L, 28L, 3L, 0L, 158L, 1L, 0L, 
    0L), .Dim = c(7L, 3L), .Dimnames = structure(list(c("-1", 
    "-2", "-3", "0", "1", "2", NA), c("C", "T", NA)), .Names = c("", 
    "")), class = "table"), EJmono16_SNP1 = structure(c(2288L, 
    203L, 6L, 6783L, 400L, 26L, 1L, 714L, 17L, 4L, 0L, 76L, 0L, 
    0L, 0L, 0L), .Dim = c(8L, 2L), .Dimnames = structure(list(
        c("-1", "-2", "-3", "0", "1", "2", "3", NA), c("A", NA
        )), .Names = c("", "")), class = "table"), LMmono01_SNP1 = structure(c(3855L, 
    413L, 8L, 2840L, 58L, 120L, 1L, 1L, 0L, 0L, 0L, 0L, 155L, 
    7L, 2L, 207L, 10L, 0L), .Dim = c(6L, 3L), .Dimnames = structure(list(
        c("-1", "-2", "-3", "0", "1", NA), c("A", "G", NA)), .Names = c("", 
    "")), class = "table"), LMmono03_SNP1 = structure(c(7L, 0L, 
    0L, 0L, 0L, 2L, 0L, 0L, 0L, 913L, 351L, 146L, 45L, 3L, 1652L, 
    57L, 1L, 124L, 1L, 0L, 0L, 0L, 0L, 0L, 0L, 0L, 0L, 1L, 0L, 
    0L, 0L, 0L, 2L, 0L, 0L, 0L, 11L, 5L, 1L, 0L, 0L, 114L, 2L, 
    0L, 0L), .Dim = c(9L, 5L), .Dimnames = structure(list(c("-1", 
    "-2", "-3", "-4", "-5", "0", "1", "2", NA), c("A", "C", "G", 
    "T", NA)), .Names = c("", "")), class = "table"), LMmono09_SNP1 = structure(c(0L, 
    0L, 0L, 0L, 1L, 0L, 0L, 0L, 0L, 1L, 0L, 0L, 0L, 2L, 0L, 0L, 
    0L, 0L, 2859L, 502L, 24L, 7L, 7583L, 258L, 7L, 1L, 271L, 
    28L, 5L, 0L, 0L, 100L, 1L, 0L, 0L, 0L), .Dim = c(9L, 4L), .Dimnames = structure(list(
        c("-1", "-2", "-3", "-4", "0", "1", "2", "3", NA), c("A", 
        "C", "T", NA)), .Names = c("", "")), class = "table"), 
    LMmono12_SNP1 = structure(c(422L, 49L, 18L, 1633L, 557L, 
    94L, 6L, 190L, 3L, 0L, 0L, 91L, 11L, 4L, 0L, 0L), .Dim = c(8L, 
    2L), .Dimnames = structure(list(c("-1", "-2", "-3", "0", 
    "1", "2", "3", NA), c("A", NA)), .Names = c("", "")), class = "table"), 
    LMmono16_SNP1 = structure(c(1764L, 669L, 116L, 12L, 1L, 4070L, 
    324L, 4L, 652L, 91L, 6L, 377L, 0L, 0L, 0L, 0L, 0L, 2L, 2L, 
    0L, 0L, 0L, 0L, 1L, 2L, 1L, 0L, 0L, 0L, 0L, 0L, 0L, 0L, 0L, 
    0L, 0L, 69L, 23L, 1L, 0L, 0L, 557L, 12L, 0L, 29L, 8L, 2L, 
    0L), .Dim = c(12L, 4L), .Dimnames = structure(list(c("-1", 
    "-2", "-3", "-4", "-5", "0", "1", "2", "3", "5", "6", NA), 
        c("A", "C", "T", NA)), .Names = c("", "")), class = "table"), 
    MSJmono10_SNP1 = structure(c(0L, 0L, 0L, 2L, 0L, 0L, 0L, 
    1228L, 71L, 1L, 6209L, 195L, 11L, 23L, 32L, 2L, 0L, 323L, 
    19L, 1L, 0L), .Dim = c(7L, 3L), .Dimnames = structure(list(
        c("-1", "-2", "-3", "0", "1", "2", NA), c("A", "C", NA
        )), .Names = c("", "")), class = "table"), MSJmono19ms1_SNP1 = structure(c(2176L, 
    154L, 11L, 1L, 1L, 9242L, 466L, 28L, 314L, 2L, 1L, 0L, 0L, 
    0L, 10L, 1L, 0L, 1L, 1L, 0L, 0L, 0L, 0L, 5L, 1L, 0L, 0L, 
    2L, 0L, 0L, 0L, 0L, 9L, 0L, 0L, 0L, 176L, 8L, 0L, 0L, 0L, 
    978L, 36L, 1L, 0L), .Dim = c(9L, 5L), .Dimnames = structure(list(
        c("-1", "-2", "-3", "-4", "-5", "0", "1", "2", NA), c("A", 
        "C", "G", "T", NA)), .Names = c("", "")), class = "table"), 
    MSJmono19ms2_SNP1 = structure(c(1290L, 34L, 10349L, 153L, 
    5L, 199L, 0L, 0L, 1L, 0L, 0L, 0L, 12L, 1L, 773L, 3L, 0L, 
    0L), .Dim = c(6L, 3L), .Dimnames = structure(list(c("-1", 
    "-2", "0", "1", "2", NA), c("C", "G", NA)), .Names = c("", 
    "")), class = "table"), MSJmono36_SNP1 = structure(c(4141L, 
    1044L, 65L, 2L, 4710L, 170L, 15L, 649L, 30L, 7L, 0L, 0L, 
    143L, 1L, 0L, 0L), .Dim = c(8L, 2L), .Dimnames = structure(list(
        c("-1", "-2", "-3", "-4", "0", "1", "2", NA), c("G", 
        NA)), .Names = c("", "")), class = "table"), MSJmono44_SNP1 = structure(c(1L, 
    0L, 0L, 0L, 0L, 0L, 0L, 0L, 1L, 0L, 0L, 0L, 0L, 1L, 0L, 0L, 
    4847L, 276L, 7L, 1L, 12L, 1762L, 32L, 110L, 59L, 3L, 0L, 
    0L, 0L, 24L, 0L, 0L), .Dim = c(8L, 4L), .Dimnames = structure(list(
        c("-1", "-2", "-3", "-6", "-7", "0", "1", NA), c("A", 
        "C", "T", NA)), .Names = c("", "")), class = "table"), 
    MSJmono46_SNP1 = structure(c(915L, 192L, 54L, 7L, 1L, 1167L, 
    71L, 4L, 84L, 9L, 0L, 0L, 0L, 0L, 38L, 1L, 0L, 0L), .Dim = c(9L, 
    2L), .Dimnames = structure(list(c("-1", "-2", "-3", "-4", 
    "-5", "0", "1", "2", NA), c("C", NA)), .Names = c("", "")), class = "table"), 
    LMmono04v2_SNP1 = structure(c(413L, 39L, 1L, 1887L, 462L, 
    37L, 2L, 23L, 6L, 2L, 0L, 103L, 13L, 5L, 0L, 0L), .Dim = c(8L, 
    2L), .Dimnames = structure(list(c("-1", "-2", "-3", "0", 
    "1", "2", "3", NA), c("C", NA)), .Names = c("", "")), class = "table"), 
    AKMmono01v2_SNP1 = structure(c(1L, 0L, 0L, 0L, 0L, 0L, 2767L, 
    731L, 49L, 1647L, 44L, 164L, 44L, 18L, 0L, 57L, 1L, 0L), .Dim = c(6L, 
    3L), .Dimnames = structure(list(c("-1", "-2", "-3", "0", 
    "1", NA), c("A", "T", NA)), .Names = c("", "")), class = "table"), 
    AKMmono10v2_SNP1 = structure(c(189L, 4L, 748L, 7L, 6L, 282L, 
    18L, 918L, 7L, 6L, 2L, 0L, 55L, 1L, 0L), .Dim = c(5L, 3L), .Dimnames = structure(list(
        c("-1", "-2", "0", "1", NA), c("A", "G", NA)), .Names = c("", 
    "")), class = "table"),