Result <-
list(AKMmono02_SNP1 = structure(c(0L, 0L, 0L, 1L, 0L, 0L, 0L, 
242L, 18L, 3L, 2077L, 64L, 3L, 55L, 2L, 1L, 0L, 37L, 1L, 0L, 
0L), .Dim = c(7L, 3L), .Dimnames = structure(list(c("-1", "-2", 
"-3", "0", "1", "2", NA), c("C", "T", NA)), .Names = c("", ""
)), class = "table"), AKMmono03_SNP1 = structure(c(855L, 196L, 
26L, 4L, 6241L, 182L, 4L, 1L, 93L, 0L, 0L, 0L, 0L, 1L, 0L, 0L, 
0L, 0L, 0L, 0L, 0L, 0L, 1L, 0L, 0L, 0L, 0L, 41L, 4L, 0L, 0L, 
532L, 6L, 1L, 0L, 0L), .Dim = c(9L, 4L), .Dimnames = structure(list(
    c("-1", "-2", "-3", "-4", "0", "1", "2", "3", NA), c("A", 
    "C", "T", NA)), .Names = c("", "")), class = "table"), AKMmono05_SNP1 = structure(c(613L, 
104L, 17L, 3L, 3772L, 207L, 6L, 1L, 82L, 0L, 0L, 0L, 0L, 1L, 
0L, 0L, 0L, 0L, 0L, 0L, 0L, 0L, 1L, 0L, 0L, 0L, 0L, 29L, 2L, 
0L, 0L, 373L, 17L, 1L, 0L, 0L), .Dim = c(9L, 4L), .Dimnames = structure(list(
    c("-1", "-2", "-3", "-4", "0", "1", "2", "3", NA), c("A", 
    "G", "T", NA)), .Names = c("", "")), class = "table"), AKMmono11_SNP1 = structure(c(0L, 
0L, 0L, 2L, 0L, 0L, 0L, 0L, 0L, 0L, 0L, 1L, 0L, 0L, 0L, 0L, 920L, 
69L, 11L, 6013L, 173L, 5L, 1L, 144L, 153L, 6L, 0L, 1197L, 44L, 
1L, 0L, 0L), .Dim = c(8L, 4L), .Dimnames = structure(list(c("-1", 
"-2", "-3", "0", "1", "2", "3", NA), c("A", "C", "T", NA)), .Names = c("", 
"")), class = "table"), AKMmono12_SNP1 = structure(c(0L, 0L, 
0L, 0L, 3L, 0L, 0L, 0L, 819L, 64L, 8L, 5L, 4935L, 193L, 5L, 44L, 
0L, 0L, 0L, 0L, 5L, 0L, 0L, 0L, 25L, 2L, 0L, 0L, 409L, 4L, 0L, 
0L), .Dim = c(8L, 4L), .Dimnames = structure(list(c("-1", "-2", 
"-3", "-4", "0", "1", "2", NA), c("A", "C", "T", NA)), .Names = c("", 
"")), class = "table"), AKMmono13_SNP1 = structure(c(214L, 8L, 
3046L, 136L, 4L, 30L, 6L, 1L, 176L, 4L, 0L, 0L), .Dim = c(6L, 
2L), .Dimnames = structure(list(c("-1", "-2", "0", "1", "2", 
NA), c("A", NA)), .Names = c("", "")), class = "table"), AKMmono16_SNP1 = structure(c(513L, 
24L, 1L, 4202L, 136L, 1L, 25L, 1L, 0L, 0L, 2L, 0L, 0L, 0L, 0L, 
0L, 0L, 1L, 0L, 0L, 0L, 0L, 0L, 0L, 2L, 0L, 0L, 0L, 10L, 0L, 
0L, 265L, 5L, 0L, 0L), .Dim = c(7L, 5L), .Dimnames = structure(list(
    c("-1", "-2", "-3", "0", "1", "2", NA), c("A", "C", "G", 
    "T", NA)), .Names = c("", "")), class = "table"), AKMmono22_SNP1 = structure(c(0L, 
0L, 0L, 0L, 0L, 1L, 0L, 0L, 0L, 0L, 0L, 1327L, 300L, 45L, 3L, 
1L, 1461L, 107L, 8L, 1L, 1L, 241L, 52L, 8L, 1L, 0L, 0L, 160L, 
3L, 0L, 0L, 0L, 0L), .Dim = c(11L, 3L), .Dimnames = structure(list(
    c("-1", "-2", "-3", "-4", "-5", "0", "1", "2", "3", "4", 
    NA), c("-", "A", NA)), .Names = c("", "")), class = "table"), 
    EJmono05_SNP1 = structure(c(0L, 0L, 0L, 1L, 0L, 0L, 0L, 450L, 
    56L, 1L, 3668L, 124L, 2L, 21L, 7L, 3L, 0L, 129L, 3L, 0L, 
    0L), .Dim = c(7L, 3L), .Dimnames = structure(list(c("-1", 
    "-2", "-3", "0", "1", "2", NA), c("G", "T", NA)), .Names = c("", 
    "")), class = "table"), EJmono16_SNP1 = structure(c(266L, 
    11L, 4L, 1L, 1L, 3260L, 376L, 268L, 97L, 18L, 2L, 457L, 0L, 
    0L, 0L, 0L, 0L, 1L, 0L, 0L, 0L, 0L, 0L, 0L, 1L, 0L, 0L, 0L, 
    0L, 54L, 1L, 2L, 0L, 0L, 0L, 0L), .Dim = c(12L, 3L), .Dimnames = structure(list(
        c("-1", "-2", "-3", "-4", "-5", "0", "1", "2", "3", "4", 
        "5", NA), c("A", "C", NA)), .Names = c("", "")), class = "table"), 
    LMmono01_SNP1 = structure(c(210L, 9L, 1724L, 52L, 1L, 13L, 
    3L, 0L, 115L, 3L, 0L, 0L), .Dim = c(6L, 2L), .Dimnames = structure(list(
        c("-1", "-2", "0", "1", "2", NA), c("A", NA)), .Names = c("", 
    "")), class = "table"), LMmono03_SNP1 = structure(c(525L, 
    83L, 19L, 1L, 1L, 2191L, 99L, 2L, 106L, 0L, 0L, 0L, 0L, 0L, 
    1L, 0L, 0L, 0L, 10L, 1L, 0L, 0L, 0L, 156L, 1L, 0L, 0L), .Dim = c(9L, 
    3L), .Dimnames = structure(list(c("-1", "-2", "-3", "-4", 
    "-5", "0", "1", "2", NA), c("C", "T", NA)), .Names = c("", 
    "")), class = "table"), LMmono09_SNP1 = structure(c(1L, 0L, 
    0L, 0L, 0L, 0L, 0L, 0L, 0L, 0L, 0L, 0L, 0L, 1L, 0L, 0L, 0L, 
    0L, 1620L, 199L, 23L, 3L, 8496L, 477L, 24L, 1L, 206L, 13L, 
    2L, 1L, 0L, 103L, 1L, 0L, 0L, 0L), .Dim = c(9L, 4L), .Dimnames = structure(list(
        c("-1", "-2", "-3", "-4", "0", "1", "2", "3", NA), c("A", 
        "G", "T", NA)), .Names = c("", "")), class = "table"), 
    LMmono12_SNP1 = structure(c(486L, 54L, 3L, 2208L, 235L, 28L, 
    0L, 110L, 6L, 0L, 0L, 81L, 5L, 1L, 1L, 0L), .Dim = c(8L, 
    2L), .Dimnames = structure(list(c("-1", "-2", "-3", "0", 
    "1", "2", "3", NA), c("A", NA)), .Names = c("", "")), class = "table"), 
    LMmono16_SNP1 = structure(c(935L, 89L, 4L, 2L, 3220L, 377L, 
    26L, 9L, 1L, 106L, 0L, 0L, 0L, 0L, 0L, 1L, 0L, 0L, 0L, 0L, 
    27L, 2L, 0L, 0L, 468L, 17L, 2L, 0L, 0L, 0L), .Dim = c(10L, 
    3L), .Dimnames = structure(list(c("-1", "-2", "-3", "-4", 
    "0", "1", "2", "3", "4", NA), c("A", "T", NA)), .Names = c("", 
    "")), class = "table"), MSJmono10_SNP1 = structure(c(0L, 
    0L, 7L, 0L, 0L, 0L, 266L, 8L, 3211L, 197L, 6L, 10L, 0L, 0L, 
    1L, 0L, 0L, 0L, 6L, 0L, 191L, 11L, 2L, 0L), .Dim = c(6L, 
    4L), .Dimnames = structure(list(c("-1", "-2", "0", "1", "2", 
    NA), c("A", "C", "T", NA)), .Names = c("", "")), class = "table"), 
    MSJmono19ms1_SNP1 = structure(c(162L, 10L, 1L, 4856L, 121L, 
    6L, 76L, 0L, 0L, 0L, 4L, 0L, 0L, 1L, 0L, 0L, 0L, 1L, 0L, 
    0L, 0L, 0L, 0L, 0L, 2L, 0L, 0L, 0L, 16L, 0L, 0L, 355L, 18L, 
    0L, 0L), .Dim = c(7L, 5L), .Dimnames = structure(list(c("-1", 
    "-2", "-3", "0", "1", "2", NA), c("A", "C", "G", "T", NA)), .Names = c("", 
    "")), class = "table"), MSJmono19ms2_SNP1 = structure(c(0L, 
    0L, 1L, 1L, 0L, 0L, 304L, 4L, 4685L, 97L, 1L, 57L, 8L, 0L, 
    305L, 1L, 0L, 0L), .Dim = c(6L, 3L), .Dimnames = structure(list(
        c("-1", "-2", "0", "1", "2", NA), c("A", "C", NA)), .Names = c("", 
    "")), class = "table"), MSJmono36_SNP1 = structure(c(353L, 
    18L, 2L, 4373L, 159L, 3L, 1L, 63L, 4L, 1L, 0L, 99L, 4L, 0L, 
    0L, 0L), .Dim = c(8L, 2L), .Dimnames = structure(list(c("-1", 
    "-2", "-3", "0", "1", "2", "3", NA), c("G", NA)), .Names = c("", 
    "")), class = "table"), MSJmono44_SNP1 = structure(c(1L, 
    0L, 0L, 0L, 0L, 0L, 0L, 247L, 15L, 1L, 3728L, 122L, 2L, 37L, 
    7L, 1L, 0L, 79L, 2L, 0L, 0L), .Dim = c(7L, 3L), .Dimnames = structure(list(
        c("-1", "-2", "-3", "0", "1", "2", NA), c("-", "T", NA
        )), .Names = c("", "")), class = "table"), MSJmono46_SNP1 = structure(c(278L, 
    30L, 7L, 2L, 1023L, 73L, 3L, 1L, 37L, 0L, 0L, 0L, 0L, 1L, 
    0L, 0L, 0L, 0L, 3L, 0L, 0L, 0L, 34L, 1L, 0L, 0L, 0L), .Dim = c(9L, 
    3L), .Dimnames = structure(list(c("-1", "-2", "-3", "-4", 
    "0", "1", "2", "3", NA), c("C", "T", NA)), .Names = c("", 
    "")), class = "table"), LMmono04v2_SNP1 = structure(c(0L, 
    0L, 0L, 5L, 0L, 0L, 0L, 95L, 4L, 0L, 524L, 29L, 1L, 7L, 66L, 
    7L, 1L, 491L, 26L, 2L, 4L, 4L, 0L, 1L, 50L, 3L, 1L, 0L), .Dim = c(7L, 
    4L), .Dimnames = structure(list(c("-1", "-2", "-3", "0", 
    "1", "2", NA), c("A", "C", "T", NA)), .Names = c("", "")), class = "table"), 
    AKMmono01v2_SNP1 = structure(c(828L, 54L, 3L, 3471L, 162L, 
    5L, 75L, 17L, 1L, 0L, 135L, 1L, 1L, 0L), .Dim = c(7L, 2L), .Dimnames = structure(list(
        c("-1", "-2", "-3", "0", "1", "2", NA), c("T", NA)), .Names = c("", 
    "")), class = "table"), AKMmono10v2_SNP1 = structure(c(36L, 
    2L, 636L, 13L, 1L, 1L, 47L, 3L, 673L, 13L, 0L, 3L, 1L, 0L, 
    52L, 1L, 0L, 0L), .Dim = c(6L, 3L), .Dimnames = structure(list(
        c("-1", "-2", "0", "1", "2", NA), c("A", "G", NA)), .Names = c("", 
    "")), class = "table"), AKMmono17v2_SNP1 = structure(c(20L, 
    1L, 261L, 11L, 2L, 33L, 1L, 275L, 2L, 7L, 0L, 0L, 24L, 0L, 
    0L), .Dim = c(5L, 3L), .Dimnames = structure(list(c("-1", 
    "-2", "0", "1", NA), c("A", "C", NA)), .Names = c("", "")), class = "table"), 
    EJmono13v2_SNP1 = structure(c(666L, 8L, 2293L, 98L, 5L, 1L, 
    26L, 5L, 0L, 55L, 0L, 0L, 0L, 0L), .Dim = c(7L, 2L), .Dimnames = structure(list(
        c("-1", "-2", "0", "1", "2", "3", NA), c("G", NA)),