Result <-
list(AKMmono02_SNP1 = structure(c(0L, 0L, 1L, 0L, 0L, 0L, 156L, 
7L, 1458L, 41L, 2L, 34L, 3L, 0L, 35L, 0L, 0L, 0L), .Dim = c(6L, 
3L), .Dimnames = structure(list(c("-1", "-2", "0", "1", "2", 
NA), c("A", "T", NA)), .Names = c("", "")), class = "table"), 
    AKMmono03_SNP1 = structure(c(1320L, 202L, 49L, 4L, 9442L, 
    195L, 11L, 122L, 0L, 0L, 0L, 0L, 2L, 0L, 0L, 0L, 0L, 0L, 
    0L, 0L, 1L, 0L, 0L, 0L, 70L, 6L, 1L, 0L, 707L, 7L, 0L, 0L
    ), .Dim = c(8L, 4L), .Dimnames = structure(list(c("-1", "-2", 
    "-3", "-4", "0", "1", "2", NA), c("A", "G", "T", NA)), .Names = c("", 
    "")), class = "table"), AKMmono05_SNP1 = structure(c(613L, 
    103L, 10L, 1L, 3548L, 223L, 6L, 1L, 62L, 0L, 0L, 0L, 0L, 
    3L, 0L, 0L, 0L, 0L, 27L, 3L, 0L, 0L, 358L, 23L, 0L, 0L, 0L
    ), .Dim = c(9L, 3L), .Dimnames = structure(list(c("-1", "-2", 
    "-3", "-5", "0", "1", "2", "3", NA), c("A", "G", NA)), .Names = c("", 
    "")), class = "table"), AKMmono11_SNP1 = structure(c(0L, 
    0L, 0L, 4L, 0L, 0L, 0L, 0L, 0L, 0L, 1L, 0L, 0L, 0L, 1032L, 
    74L, 3L, 6849L, 153L, 3L, 128L, 178L, 5L, 0L, 1342L, 44L, 
    2L, 0L), .Dim = c(7L, 4L), .Dimnames = structure(list(c("-1", 
    "-2", "-3", "0", "1", "2", NA), c("A", "G", "T", NA)), .Names = c("", 
    "")), class = "table"), AKMmono12_SNP1 = structure(c(1L, 
    0L, 0L, 0L, 0L, 0L, 0L, 683L, 53L, 4L, 3550L, 141L, 2L, 25L, 
    0L, 0L, 0L, 1L, 0L, 0L, 0L, 1L, 0L, 0L, 1L, 0L, 0L, 0L, 6L, 
    0L, 0L, 320L, 5L, 0L, 0L), .Dim = c(7L, 5L), .Dimnames = structure(list(
        c("-1", "-2", "-3", "0", "1", "2", NA), c("A", "C", "G", 
        "T", NA)), .Names = c("", "")), class = "table"), AKMmono13_SNP1 = structure(c(413L, 
    19L, 5589L, 218L, 8L, 1L, 48L, 14L, 0L, 301L, 8L, 3L, 0L, 
    0L), .Dim = c(7L, 2L), .Dimnames = structure(list(c("-1", 
    "-2", "0", "1", "2", "3", NA), c("A", NA)), .Names = c("", 
    "")), class = "table"), AKMmono16_SNP1 = structure(c(461L, 
    45L, 1L, 4009L, 86L, 1L, 26L, 0L, 0L, 0L, 1L, 0L, 0L, 0L, 
    0L, 0L, 0L, 3L, 0L, 0L, 0L, 11L, 2L, 0L, 225L, 2L, 0L, 0L
    ), .Dim = c(7L, 4L), .Dimnames = structure(list(c("-1", "-2", 
    "-3", "0", "1", "2", NA), c("A", "G", "T", NA)), .Names = c("", 
    "")), class = "table"), AKMmono22_SNP1 = structure(c(364L, 
    67L, 3L, 1879L, 190L, 12L, 90L, 0L, 0L, 0L, 1L, 0L, 0L, 0L, 
    12L, 1L, 1L, 178L, 5L, 0L, 0L), .Dim = c(7L, 3L), .Dimnames = structure(list(
        c("-1", "-2", "-3", "0", "1", "2", NA), c("A", "C", NA
        )), .Names = c("", "")), class = "table"), EJmono05_SNP1 = structure(c(0L, 
    0L, 1L, 0L, 0L, 0L, 493L, 55L, 4027L, 97L, 3L, 28L, 6L, 1L, 
    123L, 4L, 0L, 0L), .Dim = c(6L, 3L), .Dimnames = structure(list(
        c("-1", "-2", "0", "1", "2", NA), c("A", "T", NA)), .Names = c("", 
    "")), class = "table"), EJmono16_SNP1 = structure(c(1275L, 
    89L, 5L, 7L, 1L, 15555L, 984L, 47L, 7L, 659L, 0L, 0L, 0L, 
    0L, 0L, 1L, 0L, 0L, 0L, 0L, 0L, 0L, 0L, 0L, 0L, 1L, 0L, 0L, 
    0L, 0L, 0L, 0L, 0L, 0L, 0L, 1L, 0L, 0L, 0L, 0L, 9L, 1L, 0L, 
    0L, 0L, 170L, 8L, 0L, 0L, 0L), .Dim = c(10L, 5L), .Dimnames = structure(list(
        c("-1", "-2", "-3", "-5", "-6", "0", "1", "2", "3", NA
        ), c("A", "C", "G", "T", NA)), .Names = c("", "")), class = "table"), 
    LMmono01_SNP1 = structure(c(648L, 32L, 4782L, 101L, 1L, 31L, 
    0L, 0L, 1L, 0L, 0L, 0L, 1L, 0L, 1L, 0L, 0L, 0L, 18L, 1L, 
    317L, 5L, 0L, 0L), .Dim = c(6L, 4L), .Dimnames = structure(list(
        c("-1", "-2", "0", "1", "2", NA), c("A", "G", "T", NA
        )), .Names = c("", "")), class = "table"), LMmono03_SNP1 = structure(c(0L, 
    0L, 0L, 0L, 0L, 1L, 0L, 0L, 0L, 382L, 62L, 14L, 27L, 1L, 
    1501L, 52L, 3L, 54L, 5L, 0L, 1L, 0L, 0L, 88L, 3L, 0L, 0L), .Dim = c(9L, 
    3L), .Dimnames = structure(list(c("-1", "-2", "-3", "-4", 
    "-5", "0", "1", "2", NA), c("A", "C", NA)), .Names = c("", 
    "")), class = "table"), LMmono09_SNP1 = structure(c(463L, 
    64L, 5L, 2446L, 104L, 4L, 67L, 5L, 0L, 1L, 32L, 1L, 0L, 0L
    ), .Dim = c(7L, 2L), .Dimnames = structure(list(c("-1", "-2", 
    "-3", "0", "1", "2", NA), c("T", NA)), .Names = c("", "")), class = "table"), 
    LMmono12_SNP1 = structure(c(442L, 50L, 3L, 1789L, 152L, 12L, 
    2L, 78L, 6L, 0L, 0L, 62L, 4L, 0L, 0L, 0L), .Dim = c(8L, 2L
    ), .Dimnames = structure(list(c("-1", "-2", "-3", "0", "1", 
    "2", "3", NA), c("A", NA)), .Names = c("", "")), class = "table"), 
    LMmono16_SNP1 = structure(c(612L, 46L, 1L, 3302L, 168L, 13L, 
    376L, 2L, 143L, 15L, 145L, 0L, 0L, 0L, 1L, 0L, 0L, 0L, 0L, 
    0L, 0L, 0L, 19L, 1L, 0L, 508L, 9L, 2L, 24L, 0L, 16L, 1L, 
    0L), .Dim = c(11L, 3L), .Dimnames = structure(list(c("-1", 
    "-2", "-3", "0", "1", "2", "3", "4", "5", "6", NA), c("A", 
    "T", NA)), .Names = c("", "")), class = "table"), MSJmono10_SNP1 = structure(c(0L, 
    0L, 1L, 0L, 0L, 0L, 146L, 7L, 2409L, 99L, 4L, 6L, 0L, 0L, 
    1L, 0L, 0L, 0L, 4L, 0L, 129L, 6L, 0L, 0L), .Dim = c(6L, 4L
    ), .Dimnames = structure(list(c("-1", "-2", "0", "1", "2", 
    NA), c("A", "C", "T", NA)), .Names = c("", "")), class = "table"), 
    MSJmono19ms1_SNP1 = structure(c(1875L, 92L, 11L, 0L, 1L, 
    29627L, 1196L, 36L, 719L, 1L, 0L, 0L, 0L, 0L, 35L, 0L, 0L, 
    2L, 0L, 0L, 0L, 0L, 0L, 2L, 0L, 0L, 0L, 1L, 0L, 0L, 0L, 0L, 
    21L, 0L, 0L, 0L, 146L, 6L, 3L, 1L, 0L, 3119L, 109L, 5L, 0L
    ), .Dim = c(9L, 5L), .Dimnames = structure(list(c("-1", "-2", 
    "-3", "-4", "-6", "0", "1", "2", NA), c("A", "C", "G", "T", 
    NA)), .Names = c("", "")), class = "table"), MSJmono19ms2_SNP1 = structure(c(0L, 
    0L, 2L, 0L, 0L, 0L, 1692L, 24L, 30036L, 400L, 10L, 418L, 
    0L, 0L, 1L, 0L, 0L, 0L, 0L, 0L, 1L, 0L, 0L, 0L, 11L, 0L, 
    2226L, 3L, 0L, 0L), .Dim = 6:5, .Dimnames = structure(list(
        c("-1", "-2", "0", "1", "2", NA), c("A", "C", "G", "T", 
        NA)), .Names = c("", "")), class = "table"), MSJmono36_SNP1 = structure(c(0L, 
    0L, 0L, 2L, 0L, 0L, 0L, 0L, 0L, 0L, 1L, 0L, 0L, 0L, 755L, 
    33L, 2L, 8142L, 278L, 12L, 144L, 1L, 0L, 0L, 2L, 0L, 0L, 
    0L, 3L, 0L, 0L, 240L, 4L, 0L, 0L), .Dim = c(7L, 5L), .Dimnames = structure(list(
        c("-1", "-2", "-3", "0", "1", "2", NA), c("A", "C", "G", 
        "T", NA)), .Names = c("", "")), class = "table"), MSJmono44_SNP1 = structure(c(0L, 
    0L, 0L, 1L, 0L, 0L, 0L, 277L, 12L, 1L, 4169L, 120L, 1L, 39L, 
    4L, 0L, 0L, 86L, 2L, 0L, 0L), .Dim = c(7L, 3L), .Dimnames = structure(list(
        c("-1", "-2", "-3", "0", "1", "2", NA), c("G", "T", NA
        )), .Names = c("", "")), class = "table"), MSJmono46_SNP1 = structure(c(66L, 
    9L, 280L, 36L, 1L, 19L, 1L, 0L, 6L, 0L, 0L, 0L), .Dim = c(6L, 
    2L), .Dimnames = structure(list(c("-1", "-2", "0", "1", "2", 
    NA), c("C", NA)), .Names = c("", "")), class = "table"), 
    LMmono04v2_SNP1 = structure(c(215L, 19L, 1917L, 121L, 7L, 
    19L, 5L, 1L, 96L, 8L, 1L, 0L), .Dim = c(6L, 2L), .Dimnames = structure(list(
        c("-1", "-2", "0", "1", "2", NA), c("C", NA)), .Names = c("", 
    "")), class = "table"), AKMmono01v2_SNP1 = structure(c(722L, 
    61L, 1L, 12L, 0L, 0L, 20L, 45L, 3L, 1L, 656L, 28L, 1L, 7L, 
    10L, 1L, 0L, 35L, 1L, 0L, 0L), .Dim = c(7L, 3L), .Dimnames = structure(list(
        c("-1", "-2", "-3", "0", "1", "2", NA), c("C", "T", NA
        )), .Names = c("", "")), class = "table"), AKMmono10v2_SNP1 = structure(c(28L, 
    693L, 24L, 1L, 1L, 20L, 1L, 0L), .Dim = c(4L, 2L), .Dimnames = structure(list(
        c("-1", "0", "1", NA), c("A", NA)), .Names = c("", ""
    )), class = "table"), AKMmono17v2_SNP1 = structure(c(1L, 
    1L, 5L, 0L, 3L, 0L, 42L, 1L, 0L, 0L, 4L, 0L), .Dim = 4:3, .Dimnames = structure(list(
        c("-1", "-2", "0", NA), c("A", "C", NA)), .Names = c("", 
    "")), class = "table"), EJmono13v2_SNP1 = structure(c(0L, 
    4L, 0L, 0L, 7L, 183L, 9L, 2L, 0L, 5L, 0L, 0L), .Dim = 4:3, .Dimnames = structure(list(
        c("-1", "0", "1", NA), c("A", "G", NA)), .Names = c("", 
    "")), class = "table"),