Result <-
list(AKMmono02_SNP1 = structure(c(299L, 13L, 3L, 2554L, 62L, 
2L, 76L, 5L, 0L, 0L, 48L, 0L, 0L, 0L), .Dim = c(7L, 2L), .Dimnames = structure(list(
    c("-1", "-2", "-3", "0", "1", "2", NA), c("T", NA)), .Names = c("", 
"")), class = "table"), AKMmono03_SNP1 = structure(c(0L, 0L, 
0L, 0L, 0L, 1L, 0L, 0L, 0L, 2475L, 532L, 120L, 3L, 1L, 16446L, 
360L, 5L, 247L, 1L, 0L, 0L, 0L, 0L, 2L, 0L, 0L, 0L, 0L, 0L, 0L, 
0L, 0L, 2L, 0L, 0L, 0L, 2L, 0L, 0L, 0L, 0L, 0L, 0L, 0L, 0L, 129L, 
15L, 4L, 0L, 0L, 1249L, 16L, 0L, 0L), .Dim = c(9L, 6L), .Dimnames = structure(list(
    c("-1", "-2", "-3", "-4", "-5", "0", "1", "2", NA), c("-", 
    "A", "C", "G", "T", NA)), .Names = c("", "")), class = "table"), 
    AKMmono05_SNP1 = structure(c(1539L, 248L, 48L, 4L, 8655L, 
    323L, 15L, 1L, 134L, 1L, 0L, 0L, 0L, 4L, 0L, 0L, 0L, 0L, 
    1L, 0L, 0L, 0L, 3L, 0L, 0L, 0L, 0L, 59L, 12L, 0L, 1L, 799L, 
    33L, 1L, 0L, 0L), .Dim = c(9L, 4L), .Dimnames = structure(list(
        c("-1", "-2", "-3", "-4", "0", "1", "2", "3", NA), c("A", 
        "C", "T", NA)), .Names = c("", "")), class = "table"), 
    AKMmono11_SNP1 = structure(c(1L, 0L, 0L, 6L, 0L, 0L, 1L, 
    0L, 0L, 0L, 1L, 0L, 0L, 0L, 1766L, 125L, 10L, 12709L, 272L, 
    6L, 243L, 280L, 7L, 0L, 2435L, 71L, 3L, 0L), .Dim = c(7L, 
    4L), .Dimnames = structure(list(c("-1", "-2", "-3", "0", 
    "1", "2", NA), c("A", "C", "T", NA)), .Names = c("", "")), class = "table"), 
    AKMmono12_SNP1 = structure(c(1367L, 119L, 9L, 2L, 7736L, 
    190L, 8L, 83L, 1L, 0L, 0L, 0L, 0L, 0L, 0L, 0L, 39L, 6L, 0L, 
    0L, 583L, 3L, 0L, 0L), .Dim = c(8L, 3L), .Dimnames = structure(list(
        c("-1", "-2", "-3", "-4", "0", "1", "2", NA), c("C", 
        "T", NA)), .Names = c("", "")), class = "table"), AKMmono13_SNP1 = structure(c(749L, 
    41L, 5L, 9792L, 307L, 7L, 97L, 0L, 0L, 0L, 1L, 0L, 0L, 0L, 
    21L, 0L, 0L, 579L, 15L, 0L, 0L), .Dim = c(7L, 3L), .Dimnames = structure(list(
        c("-1", "-2", "-3", "0", "1", "2", NA), c("A", "T", NA
        )), .Names = c("", "")), class = "table"), AKMmono16_SNP1 = structure(c(941L, 
    49L, 3L, 1L, 7653L, 200L, 3L, 49L, 0L, 0L, 0L, 0L, 1L, 0L, 
    0L, 0L, 0L, 0L, 0L, 0L, 2L, 0L, 0L, 0L, 0L, 0L, 0L, 0L, 1L, 
    0L, 0L, 0L, 14L, 1L, 0L, 0L, 461L, 7L, 0L, 0L), .Dim = c(8L, 
    5L), .Dimnames = structure(list(c("-1", "-2", "-3", "-4", 
    "0", "1", "2", NA), c("A", "C", "G", "T", NA)), .Names = c("", 
    "")), class = "table"), AKMmono22_SNP1 = structure(c(803L, 
    165L, 30L, 4382L, 294L, 23L, 1L, 219L, 0L, 0L, 0L, 0L, 0L, 
    0L, 0L, 1L, 30L, 3L, 1L, 389L, 12L, 0L, 0L, 0L), .Dim = c(8L, 
    3L), .Dimnames = structure(list(c("-1", "-2", "-3", "0", 
    "1", "2", "3", NA), c("A", "T", NA)), .Names = c("", "")), class = "table"), 
    EJmono05_SNP1 = structure(c(0L, 0L, 0L, 3L, 0L, 0L, 0L, 0L, 
    0L, 0L, 1L, 0L, 0L, 0L, 1058L, 128L, 5L, 8492L, 201L, 4L, 
    59L, 15L, 2L, 0L, 298L, 7L, 0L, 0L), .Dim = c(7L, 4L), .Dimnames = structure(list(
        c("-1", "-2", "-3", "0", "1", "2", NA), c("A", "G", "T", 
        NA)), .Names = c("", "")), class = "table"), EJmono16_SNP1 = structure(c(1248L, 
    97L, 7L, 4L, 3L, 16783L, 1045L, 60L, 3L, 671L, 0L, 0L, 0L, 
    0L, 0L, 1L, 0L, 0L, 0L, 0L, 0L, 0L, 0L, 0L, 0L, 1L, 0L, 0L, 
    0L, 0L, 0L, 0L, 0L, 0L, 0L, 3L, 0L, 0L, 0L, 0L, 8L, 1L, 0L, 
    0L, 0L, 195L, 5L, 0L, 0L, 0L), .Dim = c(10L, 5L), .Dimnames = structure(list(
        c("-1", "-2", "-3", "-5", "-6", "0", "1", "2", "3", NA
        ), c("A", "C", "G", "T", NA)), .Names = c("", "")), class = "table"), 
    LMmono01_SNP1 = structure(c(580L, 28L, 1L, 4747L, 87L, 1L, 
    31L, 2L, 0L, 0L, 1L, 0L, 0L, 0L, 26L, 0L, 0L, 363L, 16L, 
    0L, 0L), .Dim = c(7L, 3L), .Dimnames = structure(list(c("-1", 
    "-2", "-3", "0", "1", "2", NA), c("A", "G", NA)), .Names = c("", 
    "")), class = "table"), LMmono03_SNP1 = structure(c(0L, 0L, 
    0L, 1L, 0L, 0L, 0L, 537L, 78L, 9L, 2266L, 81L, 4L, 86L, 8L, 
    5L, 0L, 112L, 2L, 0L, 0L), .Dim = c(7L, 3L), .Dimnames = structure(list(
        c("-1", "-2", "-3", "0", "1", "2", NA), c("-", "C", NA
        )), .Names = c("", "")), class = "table"), LMmono09_SNP1 = structure(c(1974L, 
    311L, 105L, 2L, 8247L, 386L, 17L, 2L, 231L, 21L, 4L, 0L, 
    0L, 102L, 7L, 0L, 0L, 0L), .Dim = c(9L, 2L), .Dimnames = structure(list(
        c("-1", "-2", "-3", "-4", "0", "1", "2", "3", NA), c("T", 
        NA)), .Names = c("", "")), class = "table"), LMmono12_SNP1 = structure(c(1L, 
    0L, 0L, 0L, 0L, 0L, 0L, 0L, 1165L, 122L, 5L, 5352L, 443L, 
    25L, 1L, 205L, 7L, 0L, 0L, 172L, 2L, 0L, 0L, 0L), .Dim = c(8L, 
    3L), .Dimnames = structure(list(c("-1", "-2", "-3", "0", 
    "1", "2", "3", NA), c("-", "A", NA)), .Names = c("", "")), class = "table"), 
    LMmono16_SNP1 = structure(c(2666L, 278L, 10L, 3L, 3L, 8726L, 
    698L, 42L, 3L, 249L, 0L, 0L, 0L, 0L, 0L, 1L, 0L, 0L, 0L, 
    0L, 0L, 0L, 0L, 0L, 0L, 1L, 0L, 0L, 0L, 0L, 111L, 10L, 1L, 
    0L, 0L, 1241L, 39L, 5L, 0L, 0L), .Dim = c(10L, 4L), .Dimnames = structure(list(
        c("-1", "-2", "-3", "-4", "-5", "0", "1", "2", "3", NA
        ), c("A", "C", "G", NA)), .Names = c("", "")), class = "table"), 
    MSJmono10_SNP1 = structure(c(0L, 0L, 1L, 0L, 0L, 0L, 418L, 
    16L, 5619L, 194L, 12L, 16L, 14L, 0L, 312L, 12L, 1L, 0L), .Dim = c(6L, 
    3L), .Dimnames = structure(list(c("-1", "-2", "0", "1", "2", 
    NA), c("A", "C", NA)), .Names = c("", "")), class = "table"), 
    MSJmono19ms1_SNP1 = structure(c(1787L, 118L, 14L, 2L, 25604L, 
    1038L, 30L, 8L, 669L, 2L, 0L, 0L, 0L, 38L, 2L, 0L, 0L, 4L, 
    1L, 0L, 0L, 0L, 13L, 0L, 0L, 0L, 0L, 133L, 9L, 2L, 0L, 2661L, 
    82L, 0L, 0L, 0L), .Dim = c(9L, 4L), .Dimnames = structure(list(
        c("-1", "-2", "-3", "-4", "0", "1", "2", "3", NA), c("A", 
        "C", "T", NA)), .Names = c("", "")), class = "table"), 
    MSJmono19ms2_SNP1 = structure(c(0L, 0L, 0L, 1L, 0L, 0L, 0L, 
    0L, 1538L, 33L, 1L, 26298L, 353L, 1L, 1L, 352L, 0L, 0L, 0L, 
    2L, 0L, 0L, 0L, 0L, 11L, 0L, 0L, 1918L, 3L, 0L, 0L, 0L), .Dim = c(8L, 
    4L), .Dimnames = structure(list(c("-1", "-2", "-3", "0", 
    "1", "2", "3", NA), c("A", "C", "T", NA)), .Names = c("", 
    "")), class = "table"), MSJmono36_SNP1 = structure(c(1L, 
    0L, 0L, 4L, 1L, 0L, 0L, 0L, 0L, 0L, 0L, 1L, 0L, 0L, 1327L, 
    67L, 1L, 17869L, 474L, 14L, 263L, 0L, 0L, 0L, 1L, 0L, 0L, 
    0L, 7L, 0L, 0L, 495L, 7L, 0L, 0L), .Dim = c(7L, 5L), .Dimnames = structure(list(
        c("-1", "-2", "-3", "0", "1", "2", NA), c("A", "C", "G", 
        "T", NA)), .Names = c("", "")), class = "table"), MSJmono44_SNP1 = structure(c(0L, 
    0L, 0L, 3L, 1L, 0L, 0L, 0L, 0L, 0L, 0L, 0L, 2L, 0L, 0L, 0L, 
    918L, 29L, 3L, 0L, 12125L, 247L, 5L, 103L, 9L, 0L, 0L, 0L, 
    216L, 4L, 0L, 0L), .Dim = c(8L, 4L), .Dimnames = structure(list(
        c("-1", "-2", "-3", "-4", "0", "1", "2", NA), c("-", 
        "C", "T", NA)), .Names = c("", "")), class = "table"), 
    MSJmono46_SNP1 = structure(c(147L, 26L, 2L, 1L, 530L, 42L, 
    1L, 16L, 2L, 0L, 0L, 0L, 19L, 0L, 0L, 0L), .Dim = c(8L, 2L
    ), .Dimnames = structure(list(c("-1", "-2", "-3", "-4", "0", 
    "1", "2", NA), c("C", NA)), .Names = c("", "")), class = "table"), 
    LMmono04v2_SNP1 = structure(c(552L, 41L, 2L, 3328L, 165L, 
    11L, 1L, 28L, 6L, 1L, 0L, 152L, 13L, 2L, 0L, 0L), .Dim = c(8L, 
    2L), .Dimnames = structure(list(c("-1", "-2", "-3", "0", 
    "1", "2", "3", NA), c("C", NA)), .Names = c("", "")), class = "table"), 
    AKMmono01v2_SNP1 = structure(c(2637L, 200L, 10L, 1L, 54L, 
    0L, 0L, 115L, 249L, 17L, 1L, 0L, 2859L, 64L, 3L, 32L, 47L, 
    3L, 0L, 0L, 134L, 1L, 0L, 0L), .Dim = c(8L, 3L), .Dimnames = structure(list(
        c("-1", "-2", "-3", "-4", "0", "1", "2", NA), c("C", 
        "T", NA)), .Names = c("", "")), class = "table"), AKMmono10v2_SNP1 = structure(c(64L, 
    1151L, 13L, 2L, 0L, 2L, 0L, 0L, 1L, 39L, 1L, 0L), .Dim = 4:3, .Dimnames = structure(list(
        c("-1", "0", "1", NA), c("A", "G", NA)), .Names = c("", 
    "")), class = "table"),