Result <-
list(AKMmono02_SNP1 = structure(c(417L, 23L, 4L, 3969L, 84L, 
3L, 83L, 5L, 0L, 0L, 63L, 1L, 0L, 0L), .Dim = c(7L, 2L), .Dimnames = structure(list(
    c("-1", "-2", "-3", "0", "1", "2", NA), c("T", NA)), .Names = c("", 
"")), class = "table"), AKMmono03_SNP1 = structure(c(991L, 163L, 
10L, 2L, 9320L, 134L, 3L, 109L, 0L, 0L, 0L, 0L, 1L, 0L, 0L, 0L, 
52L, 3L, 0L, 0L, 673L, 1L, 0L, 0L), .Dim = c(8L, 3L), .Dimnames = structure(list(
    c("-1", "-2", "-3", "-4", "0", "1", "2", NA), c("A", "G", 
    NA)), .Names = c("", "")), class = "table"), AKMmono05_SNP1 = structure(c(792L, 
104L, 15L, 2L, 4912L, 217L, 3L, 77L, 0L, 0L, 0L, 0L, 1L, 0L, 
0L, 0L, 0L, 0L, 0L, 0L, 3L, 0L, 0L, 0L, 34L, 3L, 0L, 0L, 451L, 
23L, 0L, 0L), .Dim = c(8L, 4L), .Dimnames = structure(list(c("-1", 
"-2", "-3", "-4", "0", "1", "2", NA), c("A", "C", "T", NA)), .Names = c("", 
"")), class = "table"), AKMmono11_SNP1 = structure(c(0L, 0L, 
0L, 1L, 0L, 0L, 0L, 0L, 0L, 0L, 0L, 4L, 1L, 0L, 0L, 0L, 0L, 0L, 
0L, 0L, 1L, 0L, 0L, 0L, 0L, 0L, 0L, 1L, 0L, 0L, 0L, 0L, 1200L, 
93L, 3L, 10120L, 183L, 3L, 1L, 159L, 184L, 2L, 0L, 1874L, 58L, 
2L, 0L, 0L), .Dim = c(8L, 6L), .Dimnames = structure(list(c("-1", 
"-2", "-3", "0", "1", "2", "3", NA), c("-", "A", "C", "G", "T", 
NA)), .Names = c("", "")), class = "table"), AKMmono12_SNP1 = structure(c(0L, 
0L, 0L, 0L, 1L, 0L, 0L, 0L, 944L, 63L, 11L, 1L, 6294L, 169L, 
7L, 50L, 0L, 0L, 0L, 0L, 1L, 0L, 0L, 0L, 20L, 1L, 0L, 0L, 553L, 
4L, 0L, 0L), .Dim = c(8L, 4L), .Dimnames = structure(list(c("-1", 
"-2", "-3", "-4", "0", "1", "2", NA), c("A", "C", "T", NA)), .Names = c("", 
"")), class = "table"), AKMmono13_SNP1 = structure(c(391L, 18L, 
4L, 6413L, 146L, 5L, 52L, 0L, 0L, 0L, 1L, 0L, 0L, 0L, 0L, 0L, 
0L, 2L, 0L, 0L, 0L, 21L, 0L, 0L, 403L, 10L, 1L, 0L), .Dim = c(7L, 
4L), .Dimnames = structure(list(c("-1", "-2", "-3", "0", "1", 
"2", NA), c("A", "G", "T", NA)), .Names = c("", "")), class = "table"), 
    AKMmono16_SNP1 = structure(c(437L, 18L, 4337L, 88L, 2L, 22L, 
    0L, 0L, 1L, 0L, 0L, 0L, 0L, 0L, 1L, 0L, 0L, 0L, 8L, 0L, 236L, 
    4L, 0L, 0L), .Dim = c(6L, 4L), .Dimnames = structure(list(
        c("-1", "-2", "0", "1", "2", NA), c("A", "G", "T", NA
        )), .Names = c("", "")), class = "table"), AKMmono22_SNP1 = structure(c(670L, 
    104L, 14L, 2L, 4274L, 212L, 10L, 1L, 184L, 0L, 0L, 0L, 0L, 
    2L, 0L, 0L, 0L, 0L, 0L, 0L, 0L, 0L, 1L, 0L, 0L, 0L, 0L, 19L, 
    4L, 0L, 0L, 395L, 7L, 1L, 0L, 0L), .Dim = c(9L, 4L), .Dimnames = structure(list(
        c("-1", "-2", "-3", "-4", "0", "1", "2", "4", NA), c("A", 
        "G", "T", NA)), .Names = c("", "")), class = "table"), 
    EJmono05_SNP1 = structure(c(0L, 0L, 0L, 1L, 0L, 0L, 0L, 551L, 
    54L, 1L, 4903L, 105L, 1L, 41L, 7L, 1L, 0L, 168L, 2L, 0L, 
    0L), .Dim = c(7L, 3L), .Dimnames = structure(list(c("-1", 
    "-2", "-3", "0", "1", "2", NA), c("A", "T", NA)), .Names = c("", 
    "")), class = "table"), EJmono16_SNP1 = structure(c(543L, 
    34L, 2L, 8738L, 461L, 16L, 315L, 0L, 0L, 0L, 1L, 0L, 0L, 
    0L, 0L, 0L, 0L, 92L, 3L, 1L, 0L), .Dim = c(7L, 3L), .Dimnames = structure(list(
        c("-1", "-2", "-3", "0", "1", "2", NA), c("A", "G", NA
        )), .Names = c("", "")), class = "table"), LMmono01_SNP1 = structure(c(544L, 
    30L, 1L, 5276L, 98L, 1L, 21L, 1L, 0L, 0L, 1L, 0L, 0L, 0L, 
    0L, 0L, 0L, 3L, 0L, 0L, 0L, 16L, 1L, 0L, 370L, 13L, 0L, 0L
    ), .Dim = c(7L, 4L), .Dimnames = structure(list(c("-1", "-2", 
    "-3", "0", "1", "2", NA), c("A", "G", "T", NA)), .Names = c("", 
    "")), class = "table"), LMmono03_SNP1 = structure(c(0L, 0L, 
    0L, 0L, 1L, 0L, 0L, 1L, 478L, 79L, 15L, 2L, 2020L, 49L, 1L, 
    91L, 0L, 0L, 0L, 0L, 1L, 0L, 0L, 0L, 15L, 1L, 0L, 0L, 135L, 
    0L, 0L, 0L), .Dim = c(8L, 4L), .Dimnames = structure(list(
        c("-1", "-2", "-3", "-4", "0", "1", "2", NA), c("A", 
        "C", "T", NA)), .Names = c("", "")), class = "table"), 
    LMmono09_SNP1 = structure(c(0L, 0L, 0L, 1L, 0L, 0L, 0L, 0L, 
    0L, 0L, 1L, 0L, 0L, 0L, 1254L, 97L, 6L, 9551L, 325L, 12L, 
    219L, 1L, 0L, 0L, 116L, 1L, 0L, 0L), .Dim = c(7L, 4L), .Dimnames = structure(list(
        c("-1", "-2", "-3", "0", "1", "2", NA), c("C", "G", "T", 
        NA)), .Names = c("", "")), class = "table"), LMmono12_SNP1 = structure(c(612L, 
    40L, 5L, 3476L, 214L, 11L, 2L, 120L, 5L, 0L, 0L, 90L, 3L, 
    0L, 0L, 0L), .Dim = c(8L, 2L), .Dimnames = structure(list(
        c("-1", "-2", "-3", "0", "1", "2", "3", NA), c("A", NA
        )), .Names = c("", "")), class = "table"), LMmono16_SNP1 = structure(c(1420L, 
    130L, 8L, 5387L, 407L, 33L, 2L, 1L, 133L, 0L, 0L, 0L, 1L, 
    0L, 0L, 0L, 0L, 0L, 1L, 0L, 0L, 1L, 0L, 0L, 0L, 0L, 0L, 57L, 
    4L, 1L, 736L, 25L, 0L, 0L, 0L, 0L), .Dim = c(9L, 4L), .Dimnames = structure(list(
        c("-1", "-2", "-3", "0", "1", "2", "3", "5", NA), c("A", 
        "C", "T", NA)), .Names = c("", "")), class = "table"), 
    MSJmono10_SNP1 = structure(c(0L, 0L, 1L, 0L, 0L, 0L, 0L, 
    333L, 10L, 5246L, 217L, 5L, 2L, 25L, 0L, 0L, 1L, 0L, 0L, 
    0L, 0L, 10L, 1L, 274L, 8L, 0L, 0L, 0L), .Dim = c(7L, 4L), .Dimnames = structure(list(
        c("-1", "-2", "0", "1", "2", "3", NA), c("A", "C", "G", 
        NA)), .Names = c("", "")), class = "table"), MSJmono19ms1_SNP1 = structure(c(616L, 
    33L, 7L, 2L, 10776L, 348L, 8L, 245L, 0L, 0L, 0L, 0L, 15L, 
    1L, 0L, 1L, 0L, 0L, 0L, 0L, 2L, 0L, 0L, 0L, 0L, 0L, 0L, 0L, 
    13L, 1L, 0L, 0L, 62L, 0L, 0L, 1L, 1168L, 26L, 1L, 0L), .Dim = c(8L, 
    5L), .Dimnames = structure(list(c("-1", "-2", "-3", "-4", 
    "0", "1", "2", NA), c("A", "C", "G", "T", NA)), .Names = c("", 
    "")), class = "table"), MSJmono19ms2_SNP1 = structure(c(538L, 
    9L, 10998L, 108L, 2L, 122L, 0L, 0L, 1L, 0L, 0L, 0L, 0L, 0L, 
    1L, 0L, 0L, 0L, 5L, 0L, 810L, 2L, 0L, 0L), .Dim = c(6L, 4L
    ), .Dimnames = structure(list(c("-1", "-2", "0", "1", "2", 
    NA), c("C", "G", "T", NA)), .Names = c("", "")), class = "table"), 
    MSJmono36_SNP1 = structure(c(0L, 0L, 0L, 0L, 1L, 0L, 0L, 
    0L, 0L, 0L, 0L, 0L, 1L, 0L, 0L, 0L, 544L, 25L, 12L, 1L, 8571L, 
    204L, 2L, 109L, 2L, 2L, 0L, 0L, 259L, 1L, 0L, 0L), .Dim = c(8L, 
    4L), .Dimnames = structure(list(c("-1", "-2", "-3", "-5", 
    "0", "1", "2", NA), c("A", "C", "G", NA)), .Names = c("", 
    "")), class = "table"), MSJmono44_SNP1 = structure(c(0L, 
    0L, 1L, 0L, 0L, 0L, 382L, 10L, 5744L, 97L, 1L, 34L, 8L, 1L, 
    117L, 0L, 0L, 0L), .Dim = c(6L, 3L), .Dimnames = structure(list(
        c("-1", "-2", "0", "1", "2", NA), c("A", "T", NA)), .Names = c("", 
    "")), class = "table"), MSJmono46_SNP1 = structure(c(233L, 
    27L, 1L, 1008L, 63L, 2L, 31L, 4L, 1L, 0L, 32L, 0L, 0L, 0L
    ), .Dim = c(7L, 2L), .Dimnames = structure(list(c("-1", "-2", 
    "-3", "0", "1", "2", NA), c("C", NA)), .Names = c("", "")), class = "table"), 
    LMmono04v2_SNP1 = structure(c(343L, 16L, 2872L, 136L, 3L, 
    16L, 6L, 1L, 129L, 9L, 0L, 0L), .Dim = c(6L, 2L), .Dimnames = structure(list(
        c("-1", "-2", "0", "1", "2", NA), c("C", NA)), .Names = c("", 
    "")), class = "table"), AKMmono01v2_SNP1 = structure(c(1L, 
    0L, 0L, 0L, 0L, 0L, 0L, 0L, 0L, 0L, 0L, 0L, 1L, 0L, 0L, 0L, 
    1884L, 129L, 0L, 2L, 30L, 3L, 0L, 86L, 229L, 13L, 1L, 0L, 
    2517L, 53L, 3L, 20L, 36L, 2L, 0L, 0L, 113L, 2L, 0L, 0L), .Dim = c(8L, 
    5L), .Dimnames = structure(list(c("-1", "-2", "-3", "-4", 
    "0", "1", "2", NA), c("-", "A", "C", "T", NA)), .Names = c("", 
    "")), class = "table"), AKMmono10v2_SNP1 = structure(c(78L, 
    6L, 1865L, 21L, 2L, 6L, 0L, 0L, 84L, 0L, 0L, 0L), .Dim = c(6L, 
    2L), .Dimnames = structure(list(c("-1", "-2", "0", "1", "2", 
    NA), c("A", NA)), .Names = c("", "")), class = "table"), 
    AKMmono17v2_SNP1 = structure(c(18L, 0L, 298L, 8L, 2L, 11L, 
    2L, 260L, 10L, 0L, 0L, 0L, 19L, 2L, 0L), .Dim = c(5L, 3L), .Dimnames = structure(list(
        c("-1", "-2", "0", "1", NA), c("A", "C", NA)), .Names = c("", 
    "")), class = "table"), EJmono13v2_SNP1 = structure(c(73L, 
    2L, 1214L, 33L, 5L, 2L, 0L, 32L, 1L, 0L),