Result <-
list(AKMmono02_SNP1 = structure(c(0L, 0L, 1L, 0L, 0L, 0L, 0L, 
1L, 0L, 0L, 416L, 15L, 4267L, 91L, 99L, 6L, 0L, 86L, 0L, 0L), .Dim = 5:4, .Dimnames = structure(list(
    c("-1", "-2", "0", "1", NA), c("A", "C", "T", NA)), .Names = c("", 
"")), class = "table"), AKMmono03_SNP1 = structure(c(1008L, 167L, 
56L, 1L, 9145L, 155L, 4L, 107L, 0L, 0L, 0L, 0L, 1L, 0L, 0L, 0L, 
1L, 0L, 0L, 0L, 1L, 0L, 0L, 0L, 57L, 4L, 1L, 0L, 658L, 9L, 0L, 
0L), .Dim = c(8L, 4L), .Dimnames = structure(list(c("-1", "-2", 
"-3", "-4", "0", "1", "2", NA), c("A", "C", "G", NA)), .Names = c("", 
"")), class = "table"), AKMmono05_SNP1 = structure(c(952L, 132L, 
16L, 3L, 6254L, 262L, 6L, 103L, 0L, 0L, 0L, 0L, 1L, 0L, 0L, 0L, 
0L, 0L, 0L, 0L, 2L, 0L, 0L, 0L, 43L, 4L, 0L, 0L, 634L, 27L, 1L, 
0L), .Dim = c(8L, 4L), .Dimnames = structure(list(c("-1", "-2", 
"-3", "-4", "0", "1", "2", NA), c("A", "C", "G", NA)), .Names = c("", 
"")), class = "table"), AKMmono11_SNP1 = structure(c(0L, 0L, 
0L, 0L, 1L, 0L, 0L, 0L, 0L, 0L, 0L, 0L, 3L, 1L, 0L, 0L, 987L, 
72L, 1L, 1L, 9089L, 181L, 4L, 153L, 126L, 3L, 0L, 0L, 1640L, 
62L, 2L, 0L), .Dim = c(8L, 4L), .Dimnames = structure(list(c("-1", 
"-2", "-3", "-4", "0", "1", "2", NA), c("-", "A", "T", NA)), .Names = c("", 
"")), class = "table"), AKMmono12_SNP1 = structure(c(0L, 0L, 
0L, 2L, 0L, 0L, 0L, 0L, 1009L, 74L, 7L, 6881L, 212L, 6L, 1L, 
47L, 1L, 0L, 0L, 0L, 0L, 0L, 0L, 0L, 22L, 1L, 0L, 573L, 3L, 0L, 
0L, 0L), .Dim = c(8L, 4L), .Dimnames = structure(list(c("-1", 
"-2", "-3", "0", "1", "2", "3", NA), c("A", "C", "G", NA)), .Names = c("", 
"")), class = "table"), AKMmono13_SNP1 = structure(c(392L, 31L, 
1L, 6688L, 169L, 2L, 50L, 0L, 0L, 0L, 3L, 0L, 0L, 0L, 1L, 0L, 
0L, 0L, 0L, 0L, 0L, 0L, 0L, 0L, 2L, 0L, 0L, 0L, 13L, 0L, 0L, 
375L, 7L, 1L, 0L), .Dim = c(7L, 5L), .Dimnames = structure(list(
    c("-1", "-2", "-4", "0", "1", "2", NA), c("A", "C", "G", 
    "T", NA)), .Names = c("", "")), class = "table"), AKMmono16_SNP1 = structure(c(449L, 
22L, 2L, 4652L, 89L, 26L, 0L, 0L, 0L, 1L, 0L, 0L, 0L, 0L, 0L, 
2L, 0L, 0L, 0L, 0L, 0L, 1L, 0L, 0L, 8L, 0L, 0L, 271L, 5L, 0L), .Dim = 6:5, .Dimnames = structure(list(
    c("-1", "-2", "-3", "0", "1", NA), c("A", "C", "G", "T", 
    NA)), .Names = c("", "")), class = "table"), AKMmono22_SNP1 = structure(c(0L, 
0L, 0L, 0L, 0L, 1L, 0L, 0L, 0L, 820L, 124L, 26L, 6L, 2L, 4929L, 
284L, 18L, 214L, 0L, 0L, 0L, 0L, 0L, 1L, 0L, 0L, 0L, 0L, 0L, 
0L, 0L, 0L, 2L, 0L, 0L, 0L, 23L, 2L, 1L, 0L, 0L, 484L, 9L, 1L, 
0L), .Dim = c(9L, 5L), .Dimnames = structure(list(c("-1", "-2", 
"-3", "-4", "-5", "0", "1", "2", NA), c("-", "A", "G", "T", NA
)), .Names = c("", "")), class = "table"), EJmono05_SNP1 = structure(c(565L, 
50L, 4L, 5211L, 116L, 2L, 34L, 9L, 1L, 0L, 187L, 4L, 0L, 0L), .Dim = c(7L, 
2L), .Dimnames = structure(list(c("-1", "-2", "-3", "0", "1", 
"2", NA), c("T", NA)), .Names = c("", "")), class = "table"), 
    EJmono16_SNP1 = structure(c(616L, 33L, 4L, 9344L, 497L, 17L, 
    1L, 293L, 0L, 0L, 0L, 1L, 0L, 0L, 0L, 0L, 0L, 0L, 0L, 1L, 
    0L, 0L, 0L, 0L, 6L, 1L, 0L, 103L, 2L, 0L, 0L, 0L), .Dim = c(8L, 
    4L), .Dimnames = structure(list(c("-1", "-2", "-3", "0", 
    "1", "2", "3", NA), c("A", "C", "G", NA)), .Names = c("", 
    "")), class = "table"), LMmono01_SNP1 = structure(c(639L, 
    25L, 6L, 5485L, 102L, 4L, 32L, 0L, 0L, 0L, 1L, 0L, 0L, 0L, 
    17L, 0L, 0L, 377L, 5L, 0L, 0L), .Dim = c(7L, 3L), .Dimnames = structure(list(
        c("-1", "-2", "-5", "0", "1", "2", NA), c("A", "T", NA
        )), .Names = c("", "")), class = "table"), LMmono03_SNP1 = structure(c(574L, 
    80L, 11L, 2L, 2758L, 103L, 2L, 112L, 8L, 4L, 0L, 0L, 174L, 
    1L, 0L, 0L), .Dim = c(8L, 2L), .Dimnames = structure(list(
        c("-1", "-2", "-3", "-4", "0", "1", "2", NA), c("C", 
        NA)), .Names = c("", "")), class = "table"), LMmono09_SNP1 = structure(c(0L, 
    0L, 0L, 0L, 1L, 0L, 0L, 0L, 0L, 0L, 0L, 0L, 0L, 1L, 0L, 0L, 
    0L, 0L, 1653L, 182L, 33L, 13L, 9721L, 371L, 13L, 1L, 250L, 
    16L, 2L, 1L, 0L, 148L, 6L, 0L, 0L, 0L), .Dim = c(9L, 4L), .Dimnames = structure(list(
        c("-1", "-2", "-3", "-4", "0", "1", "2", "3", NA), c("C", 
        "G", "T", NA)), .Names = c("", "")), class = "table"), 
    LMmono12_SNP1 = structure(c(627L, 46L, 4L, 1L, 3779L, 248L, 
    14L, 112L, 0L, 0L, 0L, 0L, 1L, 0L, 0L, 0L, 3L, 2L, 0L, 0L, 
    119L, 5L, 0L, 0L), .Dim = c(8L, 3L), .Dimnames = structure(list(
        c("-1", "-2", "-3", "-4", "0", "1", "2", NA), c("A", 
        "G", NA)), .Names = c("", "")), class = "table"), LMmono16_SNP1 = structure(c(635L, 
    66L, 3L, 4611L, 192L, 11L, 482L, 167L, 11L, 228L, 22L, 1L, 
    2L, 705L, 9L, 1L, 15L, 12L, 1L, 0L), .Dim = c(10L, 2L), .Dimnames = structure(list(
        c("-1", "-2", "-3", "0", "1", "2", "3", "5", "6", NA), 
        c("A", NA)), .Names = c("", "")), class = "table"), MSJmono10_SNP1 = structure(c(323L, 
    7L, 4905L, 189L, 9L, 18L, 0L, 0L, 1L, 0L, 0L, 0L, 0L, 0L, 
    1L, 0L, 0L, 0L, 12L, 1L, 289L, 11L, 0L, 0L), .Dim = c(6L, 
    4L), .Dimnames = structure(list(c("-1", "-2", "0", "1", "2", 
    NA), c("C", "G", "T", NA)), .Names = c("", "")), class = "table"), 
    MSJmono19ms1_SNP1 = structure(c(616L, 34L, 5L, 11029L, 313L, 
    14L, 231L, 1L, 0L, 0L, 13L, 0L, 0L, 0L, 0L, 0L, 0L, 1L, 0L, 
    0L, 0L, 0L, 0L, 0L, 4L, 0L, 0L, 1L, 62L, 6L, 0L, 1178L, 29L, 
    2L, 0L), .Dim = c(7L, 5L), .Dimnames = structure(list(c("-1", 
    "-2", "-3", "0", "1", "2", NA), c("A", "C", "G", "T", NA)), .Names = c("", 
    "")), class = "table"), MSJmono19ms2_SNP1 = structure(c(0L, 
    0L, 4L, 0L, 0L, 0L, 0L, 527L, 21L, 11090L, 129L, 4L, 1L, 
    131L, 7L, 0L, 845L, 4L, 0L, 0L, 0L), .Dim = c(7L, 3L), .Dimnames = structure(list(
        c("-1", "-2", "0", "1", "2", "3", NA), c("A", "C", NA
        )), .Names = c("", "")), class = "table"), MSJmono36_SNP1 = structure(c(0L, 
    0L, 0L, 1L, 0L, 0L, 0L, 4308L, 227L, 8L, 4777L, 138L, 3L, 
    490L, 0L, 0L, 0L, 1L, 0L, 0L, 0L, 26L, 2L, 0L, 158L, 1L, 
    0L, 0L), .Dim = c(7L, 4L), .Dimnames = structure(list(c("-1", 
    "-2", "-3", "0", "1", "2", NA), c("A", "G", "T", NA)), .Names = c("", 
    "")), class = "table"), MSJmono44_SNP1 = structure(c(1L, 
    12L, 1L, 0L, 0L, 0L, 0L, 0L, 0L, 274L, 11L, 1L, 1L, 4L, 5009L, 
    107L, 2L, 37L, 3L, 0L, 0L, 0L, 0L, 95L, 0L, 0L, 0L), .Dim = c(9L, 
    3L), .Dimnames = structure(list(c("-1", "-2", "-3", "-5", 
    "-6", "0", "1", "2", NA), c("-", "T", NA)), .Names = c("", 
    "")), class = "table"), MSJmono46_SNP1 = structure(c(410L, 
    39L, 7L, 1770L, 103L, 2L, 58L, 0L, 0L, 0L, 1L, 0L, 0L, 0L, 
    4L, 1L, 0L, 55L, 1L, 0L, 0L), .Dim = c(7L, 3L), .Dimnames = structure(list(
        c("-1", "-2", "-3", "0", "1", "2", NA), c("C", "T", NA
        )), .Names = c("", "")), class = "table"), LMmono04v2_SNP1 = structure(c(268L, 
    14L, 2L, 2218L, 108L, 2L, 12L, 0L, 0L, 0L, 1L, 0L, 0L, 0L, 
    6L, 1L, 0L, 103L, 6L, 0L, 0L), .Dim = c(7L, 3L), .Dimnames = structure(list(
        c("-1", "-2", "-3", "0", "1", "2", NA), c("C", "G", NA
        )), .Names = c("", "")), class = "table"), AKMmono01v2_SNP1 = structure(c(308L, 
    24L, 1L, 1L, 4082L, 74L, 1L, 31L, 10L, 0L, 0L, 0L, 170L, 
    3L, 0L, 0L), .Dim = c(8L, 2L), .Dimnames = structure(list(
        c("-1", "-2", "-3", "-4", "0", "1", "2", NA), c("T", 
        NA)), .Names = c("", "")), class = "table"), AKMmono10v2_SNP1 = structure(c(105L, 
    2L, 2039L, 27L, 1L, 7L, 2L, 0L, 76L, 1L, 0L, 0L), .Dim = c(6L, 
    2L), .Dimnames = structure(list(c("-1", "-2", "0", "1", "2", 
    NA), c("A", NA)), .Names = c("", "")), class = "table"), 
    AKMmono17v2_SNP1 = structure(c(3L, 0L, 3L, 1L, 2L, 40L, 3L, 
    911L, 10L, 7L, 2L, 0L, 24L, 0L, 0L), .Dim = c(5L, 3L), .Dimnames = structure(list(
        c("-1", "-2", "0", "1", NA), c("A", "C", NA)), .Names = c("", 
    "")), class = "table"), EJmono13v2_SNP1 = structure(c(106L, 
    3L, 2030L, 37L, 1L, 0L, 11L, 0L, 0L, 5L, 0L, 0L, 0L, 0L, 
    1L, 0L, 58L, 1L, 0L, 1L, 0L), .Dim = c(7L, 3L),