Result <-
list(AKMmono02_SNP1 = structure(c(399L, 24L, 2L, 4493L, 113L, 
1L, 87L, 2L, 0L, 0L, 76L, 0L, 0L, 0L), .Dim = c(7L, 2L), .Dimnames = structure(list(
    c("-1", "-2", "-3", "0", "1", "2", NA), c("T", NA)), .Names = c("", 
"")), class = "table"), AKMmono03_SNP1 = structure(c(692L, 83L, 
22L, 10L, 6657L, 107L, 8L, 72L, 0L, 0L, 0L, 0L, 2L, 0L, 0L, 0L, 
35L, 4L, 1L, 0L, 479L, 1L, 0L, 0L), .Dim = c(8L, 3L), .Dimnames = structure(list(
    c("-1", "-2", "-3", "-4", "0", "1", "2", NA), c("A", "G", 
    NA)), .Names = c("", "")), class = "table"), AKMmono05_SNP1 = structure(c(929L, 
124L, 18L, 1L, 5669L, 203L, 2L, 89L, 0L, 0L, 0L, 0L, 0L, 1L, 
0L, 0L, 1L, 1L, 0L, 0L, 1L, 0L, 0L, 0L, 0L, 1L, 0L, 0L, 1L, 0L, 
0L, 0L, 41L, 6L, 0L, 0L, 536L, 20L, 1L, 0L), .Dim = c(8L, 5L), .Dimnames = structure(list(
    c("-1", "-2", "-3", "-4", "0", "1", "2", NA), c("A", "C", 
    "G", "T", NA)), .Names = c("", "")), class = "table"), AKMmono11_SNP1 = structure(c(0L, 
0L, 0L, 1L, 0L, 0L, 0L, 0L, 729L, 57L, 5L, 6524L, 101L, 6L, 1L, 
99L, 97L, 2L, 0L, 1218L, 33L, 0L, 0L, 0L), .Dim = c(8L, 3L), .Dimnames = structure(list(
    c("-1", "-2", "-3", "0", "1", "2", "3", NA), c("C", "T", 
    NA)), .Names = c("", "")), class = "table"), AKMmono12_SNP1 = structure(c(0L, 
0L, 0L, 1L, 0L, 0L, 0L, 873L, 72L, 3L, 5943L, 165L, 9L, 46L, 
2L, 0L, 0L, 1L, 0L, 0L, 0L, 16L, 1L, 0L, 507L, 5L, 0L, 0L), .Dim = c(7L, 
4L), .Dimnames = structure(list(c("-1", "-2", "-3", "0", "1", 
"2", NA), c("A", "C", "T", NA)), .Names = c("", "")), class = "table"), 
    AKMmono13_SNP1 = structure(c(462L, 42L, 2L, 7829L, 227L, 
    4L, 58L, 0L, 0L, 0L, 1L, 0L, 0L, 0L, 0L, 0L, 0L, 3L, 0L, 
    0L, 0L, 0L, 0L, 0L, 1L, 0L, 0L, 0L, 8L, 0L, 0L, 405L, 12L, 
    0L, 0L), .Dim = c(7L, 5L), .Dimnames = structure(list(c("-1", 
    "-2", "-3", "0", "1", "2", NA), c("A", "C", "G", "T", NA)), .Names = c("", 
    "")), class = "table"), AKMmono16_SNP1 = structure(c(510L, 
    24L, 4L, 5786L, 100L, 2L, 32L, 0L, 0L, 0L, 1L, 0L, 0L, 0L, 
    0L, 0L, 0L, 1L, 1L, 0L, 0L, 0L, 0L, 0L, 1L, 0L, 0L, 0L, 11L, 
    0L, 0L, 350L, 5L, 0L, 0L), .Dim = c(7L, 5L), .Dimnames = structure(list(
        c("-1", "-2", "-3", "0", "1", "2", NA), c("A", "C", "G", 
        "T", NA)), .Names = c("", "")), class = "table"), AKMmono22_SNP1 = structure(c(753L, 
    120L, 12L, 2L, 5202L, 287L, 22L, 189L, 1L, 0L, 0L, 0L, 0L, 
    0L, 0L, 0L, 28L, 1L, 0L, 0L, 465L, 18L, 0L, 0L), .Dim = c(8L, 
    3L), .Dimnames = structure(list(c("-1", "-2", "-3", "-4", 
    "0", "1", "2", NA), c("A", "G", NA)), .Names = c("", "")), class = "table"), 
    EJmono05_SNP1 = structure(c(0L, 0L, 0L, 1L, 0L, 0L, 0L, 1L, 
    0L, 0L, 0L, 0L, 0L, 0L, 914L, 63L, 3L, 5354L, 107L, 1L, 48L, 
    16L, 0L, 0L, 196L, 8L, 0L, 0L), .Dim = c(7L, 4L), .Dimnames = structure(list(
        c("-1", "-2", "-3", "0", "1", "2", NA), c("A", "G", "T", 
        NA)), .Names = c("", "")), class = "table"), EJmono16_SNP1 = structure(c(349L, 
    22L, 2L, 5633L, 266L, 7L, 1L, 182L, 1L, 0L, 0L, 0L, 1L, 0L, 
    0L, 0L, 4L, 0L, 0L, 59L, 0L, 0L, 0L, 0L), .Dim = c(8L, 3L
    ), .Dimnames = structure(list(c("-1", "-2", "-3", "0", "1", 
    "2", "3", NA), c("A", "G", NA)), .Names = c("", "")), class = "table"), 
    LMmono01_SNP1 = structure(c(416L, 21L, 4048L, 79L, 2L, 28L, 
    0L, 0L, 3L, 0L, 0L, 0L, 0L, 0L, 3L, 0L, 0L, 0L, 12L, 0L, 
    291L, 13L, 0L, 0L), .Dim = c(6L, 4L), .Dimnames = structure(list(
        c("-1", "-2", "0", "1", "2", NA), c("A", "G", "T", NA
        )), .Names = c("", "")), class = "table"), LMmono03_SNP1 = structure(c(0L, 
    0L, 0L, 0L, 1L, 0L, 0L, 0L, 0L, 0L, 0L, 0L, 1L, 0L, 0L, 0L, 
    734L, 101L, 26L, 9L, 3352L, 86L, 2L, 141L, 0L, 0L, 0L, 0L, 
    3L, 0L, 0L, 0L, 14L, 2L, 0L, 0L, 193L, 1L, 0L, 0L), .Dim = c(8L, 
    5L), .Dimnames = structure(list(c("-1", "-2", "-3", "-4", 
    "0", "1", "2", NA), c("-", "A", "C", "T", NA)), .Names = c("", 
    "")), class = "table"), LMmono09_SNP1 = structure(c(0L, 0L, 
    0L, 1L, 0L, 0L, 0L, 1311L, 181L, 34L, 5866L, 273L, 5L, 170L, 
    19L, 3L, 1L, 72L, 2L, 0L, 0L), .Dim = c(7L, 3L), .Dimnames = structure(list(
        c("-1", "-2", "-3", "0", "1", "2", NA), c("C", "T", NA
        )), .Names = c("", "")), class = "table"), LMmono12_SNP1 = structure(c(681L, 
    42L, 4L, 3894L, 238L, 12L, 1L, 140L, 7L, 0L, 0L, 144L, 3L, 
    0L, 0L, 0L), .Dim = c(8L, 2L), .Dimnames = structure(list(
        c("-1", "-2", "-3", "0", "1", "2", "3", NA), c("A", NA
        )), .Names = c("", "")), class = "table"), LMmono16_SNP1 = structure(c(1201L, 
    97L, 7L, 1L, 4645L, 326L, 20L, 5L, 1L, 120L, 1L, 0L, 0L, 
    0L, 0L, 0L, 0L, 0L, 0L, 0L, 42L, 1L, 0L, 0L, 611L, 20L, 1L, 
    0L, 0L, 0L), .Dim = c(10L, 3L), .Dimnames = structure(list(
        c("-1", "-2", "-3", "-4", "0", "1", "2", "3", "5", NA
        ), c("A", "G", NA)), .Names = c("", "")), class = "table"), 
    MSJmono10_SNP1 = structure(c(325L, 14L, 5131L, 179L, 3L, 
    19L, 0L, 0L, 1L, 0L, 0L, 0L, 10L, 0L, 276L, 16L, 1L, 0L), .Dim = c(6L, 
    3L), .Dimnames = structure(list(c("-1", "-2", "0", "1", "2", 
    NA), c("C", "G", NA)), .Names = c("", "")), class = "table"), 
    MSJmono19ms1_SNP1 = structure(c(276L, 24L, 3L, 1L, 5383L, 
    147L, 2L, 104L, 1L, 0L, 0L, 0L, 5L, 0L, 0L, 0L, 0L, 0L, 0L, 
    0L, 6L, 0L, 0L, 0L, 28L, 1L, 0L, 0L, 600L, 12L, 0L, 0L), .Dim = c(8L, 
    4L), .Dimnames = structure(list(c("-1", "-2", "-3", "-4", 
    "0", "1", "2", NA), c("A", "C", "T", NA)), .Names = c("", 
    "")), class = "table"), MSJmono19ms2_SNP1 = structure(c(270L, 
    10L, 5452L, 57L, 2L, 57L, 6L, 0L, 387L, 0L, 0L, 0L), .Dim = c(6L, 
    2L), .Dimnames = structure(list(c("-1", "-2", "0", "1", "2", 
    NA), c("C", NA)), .Names = c("", "")), class = "table"), 
    MSJmono36_SNP1 = structure(c(0L, 0L, 0L, 1L, 0L, 0L, 0L, 
    384L, 10L, 1L, 5614L, 144L, 4L, 80L, 4L, 0L, 0L, 139L, 3L, 
    0L, 0L), .Dim = c(7L, 3L), .Dimnames = structure(list(c("-1", 
    "-2", "-3", "0", "1", "2", NA), c("A", "G", NA)), .Names = c("", 
    "")), class = "table"), MSJmono44_SNP1 = structure(c(161L, 
    6L, 3286L, 47L, 1L, 2L, 16L, 2L, 0L, 82L, 0L, 0L, 0L, 0L), .Dim = c(7L, 
    2L), .Dimnames = structure(list(c("-1", "-2", "0", "1", "2", 
    "4", NA), c("T", NA)), .Names = c("", "")), class = "table"), 
    MSJmono46_SNP1 = structure(c(0L, 0L, 0L, 0L, 0L, 2L, 0L, 
    0L, 0L, 417L, 42L, 7L, 1L, 1L, 2005L, 123L, 5L, 72L, 1L, 
    0L, 0L, 0L, 0L, 0L, 0L, 0L, 0L, 8L, 2L, 0L, 0L, 0L, 74L, 
    4L, 0L, 0L), .Dim = c(9L, 4L), .Dimnames = structure(list(
        c("-1", "-2", "-3", "-4", "-5", "0", "1", "2", NA), c("A", 
        "C", "G", NA)), .Names = c("", "")), class = "table"), 
    LMmono04v2_SNP1 = structure(c(0L, 0L, 0L, 2L, 0L, 0L, 0L, 
    425L, 29L, 1L, 3466L, 161L, 3L, 30L, 6L, 1L, 0L, 164L, 6L, 
    1L, 0L), .Dim = c(7L, 3L), .Dimnames = structure(list(c("-1", 
    "-2", "-3", "0", "1", "2", NA), c("A", "C", NA)), .Names = c("", 
    "")), class = "table"), AKMmono01v2_SNP1 = structure(c(1L, 
    0L, 0L, 0L, 0L, 0L, 0L, 0L, 0L, 0L, 0L, 0L, 1L, 0L, 0L, 0L, 
    2265L, 139L, 6L, 1L, 37L, 0L, 0L, 100L, 220L, 15L, 1L, 0L, 
    2459L, 41L, 1L, 18L, 40L, 4L, 0L, 0L, 111L, 1L, 0L, 0L), .Dim = c(8L, 
    5L), .Dimnames = structure(list(c("-1", "-2", "-3", "-4", 
    "0", "1", "2", NA), c("-", "A", "C", "T", NA)), .Names = c("", 
    "")), class = "table"), AKMmono10v2_SNP1 = structure(c(180L, 
    8L, 3761L, 41L, 1L, 12L, 6L, 0L, 13L, 0L, 0L, 0L, 1L, 0L, 
    134L, 4L, 0L, 0L), .Dim = c(6L, 3L), .Dimnames = structure(list(
        c("-1", "-2", "0", "1", "3", NA), c("A", "G", NA)), .Names = c("", 
    "")), class = "table"), AKMmono17v2_SNP1 = structure(c(0L, 
    0L, 0L, 12L, 0L, 0L, 86L, 5L, 9L, 1784L, 40L, 16L, 0L, 0L, 
    0L, 2L, 0L, 0L, 2L, 0L, 0L, 64L, 3L, 0L), .Dim = c(6L, 4L
    ), .Dimnames = structure(list(c("-1", "-2", "-3", "0", "1", 
    NA), c("A", "C", "T", NA)), .Names = c("", "")), class = "table"),