Result <-
list(AKMmono02_SNP1 = structure(c(360L, 16L, 1L, 3770L, 103L, 
1L, 93L, 3L, 1L, 0L, 57L, 1L, 0L, 0L), .Dim = c(7L, 2L), .Dimnames = structure(list(
    c("-1", "-2", "-3", "0", "1", "2", NA), c("T", NA)), .Names = c("", 
"")), class = "table"), AKMmono03_SNP1 = structure(c(1L, 0L, 
0L, 0L, 0L, 0L, 0L, 0L, 2302L, 456L, 104L, 11L, 17813L, 382L, 
8L, 215L, 0L, 0L, 0L, 0L, 1L, 0L, 0L, 0L, 0L, 0L, 0L, 0L, 2L, 
0L, 0L, 1L, 121L, 19L, 4L, 0L, 1248L, 14L, 0L, 0L), .Dim = c(8L, 
5L), .Dimnames = structure(list(c("-1", "-2", "-3", "-4", "0", 
"1", "2", NA), c("-", "A", "C", "T", NA)), .Names = c("", "")), class = "table"), 
    AKMmono05_SNP1 = structure(c(1890L, 255L, 36L, 6L, 1L, 11072L, 
    525L, 14L, 192L, 0L, 0L, 0L, 0L, 0L, 1L, 0L, 0L, 0L, 1L, 
    0L, 0L, 0L, 0L, 1L, 0L, 0L, 0L, 0L, 0L, 0L, 0L, 0L, 2L, 0L, 
    0L, 0L, 81L, 11L, 0L, 0L, 0L, 1017L, 41L, 0L, 0L), .Dim = c(9L, 
    5L), .Dimnames = structure(list(c("-1", "-2", "-3", "-4", 
    "-5", "0", "1", "2", NA), c("A", "C", "G", "T", NA)), .Names = c("", 
    "")), class = "table"), AKMmono11_SNP1 = structure(c(1L, 
    0L, 0L, 4L, 0L, 0L, 0L, 0L, 0L, 0L, 2L, 0L, 0L, 0L, 1759L, 
    123L, 7L, 12992L, 275L, 6L, 244L, 273L, 5L, 0L, 2562L, 63L, 
    1L, 0L), .Dim = c(7L, 4L), .Dimnames = structure(list(c("-1", 
    "-2", "-3", "0", "1", "2", NA), c("A", "C", "T", NA)), .Names = c("", 
    "")), class = "table"), AKMmono12_SNP1 = structure(c(1L, 
    0L, 0L, 0L, 0L, 11L, 0L, 0L, 0L, 1486L, 131L, 8L, 2L, 1L, 
    8891L, 285L, 7L, 70L, 3L, 0L, 0L, 0L, 0L, 7L, 0L, 0L, 0L, 
    36L, 4L, 0L, 0L, 0L, 712L, 11L, 1L, 0L), .Dim = c(9L, 4L), .Dimnames = structure(list(
        c("-1", "-2", "-3", "-4", "-5", "0", "1", "2", NA), c("A", 
        "C", "T", NA)), .Names = c("", "")), class = "table"), 
    AKMmono13_SNP1 = structure(c(827L, 40L, 4L, 11979L, 379L, 
    13L, 102L, 0L, 0L, 0L, 4L, 0L, 0L, 0L, 0L, 0L, 0L, 1L, 0L, 
    0L, 0L, 19L, 3L, 0L, 659L, 7L, 0L, 0L), .Dim = c(7L, 4L), .Dimnames = structure(list(
        c("-1", "-2", "-3", "0", "1", "2", NA), c("A", "G", "T", 
        NA)), .Names = c("", "")), class = "table"), AKMmono16_SNP1 = structure(c(855L, 
    40L, 4L, 7340L, 215L, 5L, 42L, 0L, 0L, 0L, 4L, 0L, 0L, 0L, 
    15L, 1L, 0L, 425L, 13L, 0L, 0L), .Dim = c(7L, 3L), .Dimnames = structure(list(
        c("-1", "-2", "-3", "0", "1", "2", NA), c("A", "T", NA
        )), .Names = c("", "")), class = "table"), AKMmono22_SNP1 = structure(c(1010L, 
    229L, 23L, 2L, 1L, 6304L, 424L, 34L, 2L, 294L, 36L, 7L, 2L, 
    0L, 0L, 567L, 16L, 0L, 0L, 0L), .Dim = c(10L, 2L), .Dimnames = structure(list(
        c("-1", "-2", "-3", "-4", "-5", "0", "1", "2", "3", NA
        ), c("A", NA)), .Names = c("", "")), class = "table"), 
    EJmono05_SNP1 = structure(c(0L, 0L, 0L, 4L, 0L, 0L, 0L, 0L, 
    0L, 0L, 1L, 0L, 0L, 0L, 1519L, 152L, 4L, 12107L, 300L, 3L, 
    90L, 24L, 0L, 1L, 423L, 6L, 2L, 0L), .Dim = c(7L, 4L), .Dimnames = structure(list(
        c("-1", "-2", "-3", "0", "1", "2", NA), c("A", "C", "T", 
        NA)), .Names = c("", "")), class = "table"), EJmono16_SNP1 = structure(c(843L, 
    63L, 3L, 12197L, 737L, 33L, 3L, 491L, 0L, 0L, 0L, 1L, 0L, 
    0L, 0L, 0L, 0L, 0L, 0L, 1L, 0L, 0L, 0L, 0L, 6L, 0L, 0L, 131L, 
    7L, 0L, 0L, 0L), .Dim = c(8L, 4L), .Dimnames = structure(list(
        c("-1", "-2", "-3", "0", "1", "2", "3", NA), c("A", "C", 
        "G", NA)), .Names = c("", "")), class = "table"), LMmono01_SNP1 = structure(c(547L, 
    32L, 2L, 4295L, 94L, 3L, 30L, 1L, 0L, 0L, 2L, 0L, 0L, 0L, 
    14L, 0L, 0L, 309L, 11L, 0L, 0L), .Dim = c(7L, 3L), .Dimnames = structure(list(
        c("-1", "-2", "-3", "0", "1", "2", NA), c("A", "G", NA
        )), .Names = c("", "")), class = "table"), LMmono03_SNP1 = structure(c(0L, 
    0L, 0L, 0L, 0L, 2L, 0L, 0L, 0L, 899L, 136L, 16L, 3L, 1L, 
    3696L, 138L, 3L, 149L, 0L, 0L, 0L, 0L, 0L, 1L, 0L, 0L, 0L, 
    0L, 0L, 0L, 0L, 0L, 4L, 0L, 0L, 0L, 16L, 2L, 1L, 0L, 0L, 
    230L, 3L, 0L, 0L), .Dim = c(9L, 5L), .Dimnames = structure(list(
        c("-1", "-2", "-3", "-4", "-5", "0", "1", "2", NA), c("A", 
        "C", "G", "T", NA)), .Names = c("", "")), class = "table"), 
    LMmono09_SNP1 = structure(c(1L, 0L, 0L, 0L, 0L, 0L, 0L, 0L, 
    0L, 0L, 0L, 0L, 0L, 0L, 0L, 1L, 0L, 0L, 0L, 0L, 1081L, 130L, 
    60L, 2L, 1L, 8465L, 267L, 12L, 1L, 173L, 3L, 2L, 0L, 0L, 
    0L, 116L, 2L, 0L, 0L, 0L), .Dim = c(10L, 4L), .Dimnames = structure(list(
        c("-1", "-2", "-3", "-4", "-5", "0", "1", "2", "3", NA
        ), c("A", "C", "T", NA)), .Names = c("", "")), class = "table"), 
    LMmono12_SNP1 = structure(c(728L, 63L, 6L, 3682L, 2177L, 
    242L, 18L, 611L, 0L, 0L, 0L, 0L, 1L, 0L, 0L, 0L, 0L, 0L, 
    0L, 1L, 0L, 0L, 0L, 0L, 17L, 0L, 0L, 223L, 23L, 5L, 0L, 0L
    ), .Dim = c(8L, 4L), .Dimnames = structure(list(c("-1", "-2", 
    "-3", "0", "1", "2", "3", NA), c("A", "G", "T", NA)), .Names = c("", 
    "")), class = "table"), LMmono16_SNP1 = structure(c(955L, 
    92L, 5L, 1L, 5875L, 319L, 23L, 593L, 221L, 11L, 2L, 310L, 
    1L, 0L, 0L, 0L, 1L, 0L, 0L, 0L, 0L, 0L, 0L, 0L, 1L, 0L, 0L, 
    0L, 0L, 0L, 0L, 0L, 0L, 0L, 0L, 0L, 0L, 0L, 0L, 0L, 1L, 0L, 
    0L, 0L, 0L, 0L, 0L, 0L, 34L, 5L, 2L, 0L, 884L, 15L, 1L, 27L, 
    21L, 0L, 0L, 0L), .Dim = c(12L, 5L), .Dimnames = structure(list(
        c("-1", "-2", "-3", "-4", "0", "1", "2", "3", "5", "6", 
        "7", NA), c("A", "C", "G", "T", NA)), .Names = c("", 
    "")), class = "table"), MSJmono10_SNP1 = structure(c(0L, 
    0L, 0L, 2L, 0L, 0L, 0L, 0L, 314L, 8L, 1L, 4479L, 184L, 10L, 
    1L, 22L, 4L, 0L, 0L, 275L, 10L, 0L, 0L, 0L), .Dim = c(8L, 
    3L), .Dimnames = structure(list(c("-1", "-2", "-3", "0", 
    "1", "2", "3", NA), c("A", "C", NA)), .Names = c("", "")), class = "table"), 
    MSJmono19ms1_SNP1 = structure(c(998L, 73L, 7L, 1L, 15793L, 
    597L, 14L, 365L, 2L, 0L, 0L, 0L, 21L, 1L, 0L, 2L, 0L, 0L, 
    0L, 0L, 17L, 0L, 0L, 1L, 110L, 4L, 0L, 0L, 1591L, 43L, 3L, 
    0L), .Dim = c(8L, 4L), .Dimnames = structure(list(c("-1", 
    "-2", "-3", "-4", "0", "1", "2", NA), c("A", "C", "T", NA
    )), .Names = c("", "")), class = "table"), MSJmono19ms2_SNP1 = structure(c(0L, 
    0L, 2L, 0L, 0L, 0L, 856L, 8L, 16087L, 213L, 2L, 191L, 11L, 
    0L, 1168L, 4L, 0L, 0L), .Dim = c(6L, 3L), .Dimnames = structure(list(
        c("-1", "-2", "0", "1", "2", NA), c("A", "C", NA)), .Names = c("", 
    "")), class = "table"), MSJmono36_SNP1 = structure(c(894L, 
    34L, 5L, 12225L, 355L, 11L, 194L, 5L, 0L, 0L, 317L, 5L, 0L, 
    0L), .Dim = c(7L, 2L), .Dimnames = structure(list(c("-1", 
    "-2", "-3", "0", "1", "2", NA), c("G", NA)), .Names = c("", 
    "")), class = "table"), MSJmono44_SNP1 = structure(c(0L, 
    0L, 0L, 7L, 0L, 0L, 0L, 0L, 0L, 0L, 0L, 0L, 0L, 3L, 1L, 0L, 
    0L, 0L, 0L, 0L, 0L, 0L, 380L, 29L, 5L, 1L, 4L, 9L, 5499L, 
    114L, 1L, 1L, 38L, 6L, 0L, 0L, 0L, 0L, 0L, 108L, 3L, 0L, 
    0L, 0L), .Dim = c(11L, 4L), .Dimnames = structure(list(c("-1", 
    "-2", "-3", "-4", "-5", "-7", "0", "1", "2", "3", NA), c("-", 
    "C", "T", NA)), .Names = c("", "")), class = "table"), MSJmono46_SNP1 = structure(c(279L, 
    31L, 4L, 1096L, 75L, 4L, 32L, 3L, 0L, 0L, 41L, 0L, 0L, 0L
    ), .Dim = c(7L, 2L), .Dimnames = structure(list(c("-1", "-2", 
    "-3", "0", "1", "2", NA), c("C", NA)), .Names = c("", "")), class = "table"), 
    LMmono04v2_SNP1 = structure(c(506L, 21L, 3803L, 207L, 8L, 
    0L, 19L, 9L, 0L, 165L, 5L, 2L, 1L, 0L), .Dim = c(7L, 2L), .Dimnames = structure(list(
        c("-1", "-2", "0", "1", "2", "3", NA), c("C", NA)), .Names = c("", 
    "")), class = "table"), AKMmono01v2_SNP1 = structure(c(0L, 
    0L, 0L, 0L, 1L, 0L, 0L, 0L, 0L, 2L, 0L, 0L, 411L, 20L, 3L, 
    4209L, 72L, 44L, 12L, 1L, 0L, 157L, 1L, 0L), .Dim = c(6L, 
    4L), .Dimnames = structure(list(c("-1", "-2", "-3", "0", 
    "1", NA), c("-", "G", "T", NA)), .Names = c("", "")), class = "table"), 
    AKMmono10v2_SNP1 = structure(c(75L, 2L, 1222L, 19L, 4L, 0L, 
    0L, 1L, 0L, 0L, 0L, 0L, 1L, 0L, 0L, 0L, 0L, 27L, 1L, 0L),