Result <-
list(AKMmono02_SNP1 = structure(c(195L, 40L, 2L, 1465L, 18L, 
45L, 3L, 0L, 0L, 23L, 0L, 0L), .Dim = c(6L, 2L), .Dimnames = structure(list(
    c("-1", "-2", "-3", "0", "1", NA), c("T", NA)), .Names = c("", 
"")), class = "table"), AKMmono03_SNP1 = structure(c(630L, 101L, 
46L, 1L, 4742L, 96L, 2L, 74L, 0L, 0L, 0L, 0L, 1L, 0L, 0L, 0L, 
0L, 0L, 0L, 0L, 1L, 0L, 0L, 0L, 37L, 4L, 0L, 0L, 402L, 2L, 0L, 
0L), .Dim = c(8L, 4L), .Dimnames = structure(list(c("-1", "-2", 
"-3", "-4", "0", "1", "2", NA), c("A", "C", "G", NA)), .Names = c("", 
"")), class = "table"), AKMmono05_SNP1 = structure(c(956L, 154L, 
28L, 3L, 2145L, 95L, 1L, 61L, 0L, 1L, 0L, 0L, 0L, 0L, 0L, 0L, 
46L, 6L, 0L, 0L, 220L, 11L, 0L, 0L), .Dim = c(8L, 3L), .Dimnames = structure(list(
    c("-1", "-2", "-3", "-4", "0", "1", "2", NA), c("A", "T", 
    NA)), .Names = c("", "")), class = "table"), AKMmono11_SNP1 = structure(c(0L, 
0L, 0L, 4L, 0L, 0L, 0L, 0L, 1L, 0L, 1L, 0L, 0L, 0L, 1175L, 310L, 
66L, 4105L, 75L, 2L, 162L, 184L, 18L, 3L, 781L, 22L, 1L, 0L), .Dim = c(7L, 
4L), .Dimnames = structure(list(c("-1", "-2", "-3", "0", "1", 
"2", NA), c("A", "G", "T", NA)), .Names = c("", "")), class = "table"), 
    AKMmono12_SNP1 = structure(c(713L, 56L, 5L, 1L, 2674L, 46L, 
    0L, 34L, 14L, 1L, 0L, 0L, 269L, 1L, 1L, 0L), .Dim = c(8L, 
    2L), .Dimnames = structure(list(c("-1", "-2", "-3", "-4", 
    "0", "1", "2", NA), c("C", NA)), .Names = c("", "")), class = "table"), 
    AKMmono13_SNP1 = structure(c(428L, 79L, 4L, 3540L, 98L, 32L, 
    0L, 0L, 0L, 1L, 0L, 0L, 10L, 3L, 0L, 243L, 2L, 0L), .Dim = c(6L, 
    3L), .Dimnames = structure(list(c("-1", "-2", "-3", "0", 
    "1", NA), c("A", "C", NA)), .Names = c("", "")), class = "table"), 
    AKMmono16_SNP1 = structure(c(454L, 79L, 1392L, 32L, 2L, 21L, 
    0L, 0L, 1L, 0L, 0L, 0L, 14L, 3L, 99L, 1L, 0L, 0L), .Dim = c(6L, 
    3L), .Dimnames = structure(list(c("-1", "-2", "0", "1", "2", 
    NA), c("A", "T", NA)), .Names = c("", "")), class = "table"), 
    AKMmono22_SNP1 = structure(c(596L, 183L, 61L, 3L, 2080L, 
    124L, 3L, 0L, 138L, 24L, 7L, 1L, 0L, 171L, 4L, 0L, 1L, 0L
    ), .Dim = c(9L, 2L), .Dimnames = structure(list(c("-1", "-2", 
    "-3", "-4", "0", "1", "2", "3", NA), c("A", NA)), .Names = c("", 
    "")), class = "table"), EJmono05_SNP1 = structure(c(0L, 0L, 
    0L, 1L, 0L, 0L, 625L, 56L, 3L, 2079L, 34L, 28L, 7L, 0L, 0L, 
    75L, 1L, 0L), .Dim = c(6L, 3L), .Dimnames = structure(list(
        c("-1", "-2", "-3", "0", "1", NA), c("A", "T", NA)), .Names = c("", 
    "")), class = "table"), EJmono16_SNP1 = structure(c(624L, 
    51L, 2L, 5070L, 261L, 20L, 2L, 220L, 2L, 0L, 0L, 64L, 2L, 
    0L, 0L, 0L), .Dim = c(8L, 2L), .Dimnames = structure(list(
        c("-1", "-2", "-3", "0", "1", "2", "3", NA), c("A", NA
        )), .Names = c("", "")), class = "table"), LMmono01_SNP1 = structure(c(260L, 
    1475L, 13L, 2L, 5L, 984L, 33L, 21L, 1L, 0L, 0L, 0L, 0L, 1L, 
    0L, 0L, 0L, 0L, 0L, 0L, 0L, 1L, 0L, 0L, 15L, 17L, 0L, 0L, 
    0L, 88L, 5L, 0L), .Dim = c(8L, 4L), .Dimnames = structure(list(
        c("-1", "-2", "-3", "-4", "-5", "0", "1", NA), c("A", 
        "G", "T", NA)), .Names = c("", "")), class = "table"), 
    LMmono03_SNP1 = structure(c(0L, 0L, 0L, 0L, 0L, 2L, 0L, 0L, 
    289L, 113L, 30L, 15L, 2L, 921L, 33L, 59L, 7L, 5L, 0L, 0L, 
    0L, 61L, 0L, 0L), .Dim = c(8L, 3L), .Dimnames = structure(list(
        c("-1", "-2", "-3", "-4", "-5", "0", "1", NA), c("A", 
        "C", NA)), .Names = c("", "")), class = "table"), LMmono09_SNP1 = structure(c(0L, 
    0L, 0L, 0L, 1L, 0L, 0L, 0L, 814L, 241L, 111L, 3L, 3452L, 
    125L, 4L, 151L, 2L, 1L, 0L, 0L, 47L, 0L, 0L, 0L), .Dim = c(8L, 
    3L), .Dimnames = structure(list(c("-1", "-2", "-3", "-4", 
    "0", "1", "2", NA), c("A", "T", NA)), .Names = c("", "")), class = "table"), 
    LMmono12_SNP1 = structure(c(446L, 130L, 7L, 1329L, 104L, 
    9L, 1L, 75L, 5L, 0L, 0L, 42L, 0L, 0L, 0L, 0L), .Dim = c(8L, 
    2L), .Dimnames = structure(list(c("-1", "-2", "-3", "0", 
    "1", "2", "3", NA), c("A", NA)), .Names = c("", "")), class = "table"), 
    LMmono16_SNP1 = structure(c(12L, 1L, 3L, 1779L, 162L, 519L, 
    2L, 124L, 4L, 2L, 162L, 0L, 0L, 0L, 239L, 2L, 38L, 0L, 9L, 
    1L, 0L, 0L), .Dim = c(11L, 2L), .Dimnames = structure(list(
        c("-1", "-2", "-3", "0", "1", "3", "4", "5", "6", "7", 
        NA), c("A", NA)), .Names = c("", "")), class = "table"), 
    MSJmono10_SNP1 = structure(c(394L, 31L, 1L, 2238L, 57L, 6L, 
    13L, 1L, 0L, 0L, 0L, 0L, 0L, 0L, 9L, 0L, 0L, 142L, 4L, 0L, 
    0L), .Dim = c(7L, 3L), .Dimnames = structure(list(c("-1", 
    "-2", "-3", "0", "1", "2", NA), c("C", "G", NA)), .Names = c("", 
    "")), class = "table"), MSJmono19ms1_SNP1 = structure(c(1235L, 
    71L, 8L, 15L, 2L, 5808L, 172L, 7L, 180L, 1L, 0L, 0L, 0L, 
    0L, 11L, 0L, 0L, 1L, 0L, 0L, 0L, 0L, 0L, 4L, 0L, 0L, 1L, 
    97L, 2L, 0L, 0L, 0L, 635L, 16L, 0L, 0L), .Dim = c(9L, 4L), .Dimnames = structure(list(
        c("-1", "-2", "-3", "-4", "-5", "0", "1", "2", NA), c("A", 
        "C", "T", NA)), .Names = c("", "")), class = "table"), 
    MSJmono19ms2_SNP1 = structure(c(794L, 20L, 6217L, 66L, 1L, 
    114L, 8L, 0L, 497L, 2L, 0L, 0L), .Dim = c(6L, 2L), .Dimnames = structure(list(
        c("-1", "-2", "0", "1", "2", NA), c("C", NA)), .Names = c("", 
    "")), class = "table"), MSJmono36_SNP1 = structure(c(0L, 
    0L, 0L, 1L, 0L, 0L, 0L, 723L, 42L, 1L, 4133L, 196L, 7L, 141L, 
    3L, 2L, 0L, 135L, 3L, 0L, 0L), .Dim = c(7L, 3L), .Dimnames = structure(list(
        c("-1", "-2", "-3", "0", "1", "2", NA), c("A", "G", NA
        )), .Names = c("", "")), class = "table"), MSJmono44_SNP1 = structure(c(1L, 
    0L, 0L, 0L, 1L, 0L, 0L, 788L, 105L, 1L, 2L, 2018L, 46L, 37L, 
    7L, 2L, 0L, 1L, 44L, 0L, 0L), .Dim = c(7L, 3L), .Dimnames = structure(list(
        c("-1", "-2", "-3", "-6", "0", "1", NA), c("C", "T", 
        NA)), .Names = c("", "")), class = "table"), MSJmono46_SNP1 = structure(c(252L, 
    75L, 9L, 434L, 20L, 25L, 6L, 2L, 0L, 18L, 2L, 0L), .Dim = c(6L, 
    2L), .Dimnames = structure(list(c("-1", "-2", "-3", "0", 
    "1", NA), c("C", NA)), .Names = c("", "")), class = "table"), 
    LMmono04v2_SNP1 = structure(c(380L, 57L, 3L, 1026L, 49L, 
    1L, 17L, 14L, 0L, 0L, 52L, 0L, 1L, 0L), .Dim = c(7L, 2L), .Dimnames = structure(list(
        c("-1", "-2", "-3", "0", "1", "2", NA), c("C", NA)), .Names = c("", 
    "")), class = "table"), AKMmono01v2_SNP1 = structure(c(1L, 
    0L, 0L, 0L, 0L, 0L, 308L, 130L, 9L, 1374L, 25L, 24L, 7L, 
    0L, 0L, 56L, 3L, 0L), .Dim = c(6L, 3L), .Dimnames = structure(list(
        c("-1", "-2", "-3", "0", "1", NA), c("C", "T", NA)), .Names = c("", 
    "")), class = "table"), AKMmono10v2_SNP1 = structure(c(95L, 
    10L, 480L, 2L, 4L, 1L, 0L, 1L, 0L, 0L, 1L, 0L, 25L, 0L, 0L
    ), .Dim = c(5L, 3L), .Dimnames = structure(list(c("-1", "-2", 
    "0", "1", NA), c("A", "G", NA)), .Names = c("", "")), class = "table"), 
    AKMmono17v2_SNP1 = structure(c(0L, 0L, 1L, 0L, 0L, 4L, 0L, 
    14L, 1L, 1L, 40L, 1L, 145L, 2L, 4L, 1L, 0L, 8L, 0L, 0L), .Dim = 5:4, .Dimnames = structure(list(
        c("-1", "-2", "0", "1", NA), c("-", "A", "C", NA)), .Names = c("", 
    "")), class = "table"), EJmono13v2_SNP1 = structure(c(0L, 
    2L, 0L, 0L, 72L, 388L, 11L, 5L, 0L, 5L, 1L, 0L), .Dim = 4:3, .Dimnames = structure(list(
        c("-1", "0", "1", NA), c("A", "G", NA)), .Names = c("", 
    "")), class = "table"), EJmono21v2_SNP1 = structure(c(53L, 
    182L, 1L, 1L, 4L, 6L, 22L, 1L, 0L, 1L, 2L, 17L, 0L, 0L, 0L
    ), .Dim = c(5L, 3L), .Dimnames = structure(list(c("-1", "0", 
    "1", "2", NA), c("C", "T", NA)), .Names = c("", "")), class = "table"), 
    LMmono05v2_SNP1 = structure(c(80L, 13L, 0L, 169L, 8L, 2L, 
    34L, 4L, 1L, 289L, 10L, 2L, 2L, 2L, 0L, 17L, 0L, 0L), .Dim = c(6L, 
    3L), .Dimnames = structure(list(c("-1", "-2", "-3", "0", 
    "1", NA), c("A", "T", NA)), .Names = c("", "")), class = "table"),