Result <-
list(AKMmono02_SNP1 = structure(c(159L, 14L, 1L, 1745L, 41L, 
1L, 35L, 0L, 0L, 0L, 26L, 0L, 0L, 0L), .Dim = c(7L, 2L), .Dimnames = structure(list(
    c("-1", "-2", "-3", "0", "1", "2", NA), c("T", NA)), .Names = c("", 
"")), class = "table"), AKMmono03_SNP1 = structure(c(904L, 215L, 
30L, 1L, 6780L, 144L, 2L, 93L, 53L, 7L, 0L, 0L, 560L, 5L, 0L, 
0L), .Dim = c(8L, 2L), .Dimnames = structure(list(c("-1", "-2", 
"-3", "-4", "0", "1", "2", NA), c("A", NA)), .Names = c("", ""
)), class = "table"), AKMmono05_SNP1 = structure(c(431L, 78L, 
10L, 5L, 2756L, 125L, 2L, 45L, 0L, 0L, 1L, 0L, 0L, 0L, 0L, 0L, 
24L, 3L, 1L, 0L, 265L, 14L, 0L, 0L), .Dim = c(8L, 3L), .Dimnames = structure(list(
    c("-1", "-2", "-3", "-4", "0", "1", "2", NA), c("A", "T", 
    NA)), .Names = c("", "")), class = "table"), AKMmono11_SNP1 = structure(c(0L, 
0L, 0L, 3L, 0L, 0L, 0L, 0L, 0L, 0L, 1L, 0L, 0L, 0L, 0L, 0L, 0L, 
1L, 0L, 0L, 0L, 1221L, 76L, 3L, 9504L, 242L, 3L, 145L, 183L, 
6L, 0L, 1818L, 50L, 0L, 0L), .Dim = c(7L, 5L), .Dimnames = structure(list(
    c("-1", "-2", "-3", "0", "1", "2", NA), c("A", "C", "G", 
    "T", NA)), .Names = c("", "")), class = "table"), AKMmono12_SNP1 = structure(c(0L, 
0L, 0L, 1L, 0L, 0L, 0L, 593L, 42L, 2L, 3456L, 104L, 5L, 37L, 
15L, 1L, 1L, 294L, 7L, 0L, 0L), .Dim = c(7L, 3L), .Dimnames = structure(list(
    c("-1", "-2", "-3", "0", "1", "2", NA), c("-", "C", NA)), .Names = c("", 
"")), class = "table"), AKMmono13_SNP1 = structure(c(240L, 14L, 
1L, 3805L, 124L, 4L, 32L, 6L, 0L, 0L, 247L, 5L, 0L, 0L), .Dim = c(7L, 
2L), .Dimnames = structure(list(c("-1", "-2", "-3", "0", "1", 
"2", NA), c("A", NA)), .Names = c("", "")), class = "table"), 
    AKMmono16_SNP1 = structure(c(204L, 7L, 1L, 2611L, 31L, 16L, 
    0L, 0L, 0L, 1L, 0L, 0L, 1L, 0L, 0L, 97L, 2L, 0L), .Dim = c(6L, 
    3L), .Dimnames = structure(list(c("-1", "-2", "-3", "0", 
    "1", NA), c("A", "T", NA)), .Names = c("", "")), class = "table"), 
    AKMmono22_SNP1 = structure(c(495L, 94L, 10L, 3L, 2847L, 188L, 
    10L, 116L, 0L, 0L, 0L, 0L, 1L, 0L, 0L, 0L, 0L, 0L, 0L, 0L, 
    1L, 0L, 0L, 0L, 21L, 3L, 0L, 0L, 270L, 8L, 1L, 0L), .Dim = c(8L, 
    4L), .Dimnames = structure(list(c("-1", "-2", "-3", "-4", 
    "0", "1", "2", NA), c("A", "G", "T", NA)), .Names = c("", 
    "")), class = "table"), EJmono05_SNP1 = structure(c(340L, 
    38L, 1L, 2813L, 58L, 1L, 26L, 11L, 2L, 0L, 100L, 0L, 0L, 
    0L), .Dim = c(7L, 2L), .Dimnames = structure(list(c("-1", 
    "-2", "-3", "0", "1", "2", NA), c("T", NA)), .Names = c("", 
    "")), class = "table"), EJmono16_SNP1 = structure(c(364L, 
    41L, 1L, 5510L, 414L, 59L, 11L, 2L, 273L, 0L, 0L, 0L, 1L, 
    0L, 0L, 0L, 0L, 0L, 5L, 0L, 0L, 61L, 4L, 1L, 0L, 0L, 0L), .Dim = c(9L, 
    3L), .Dimnames = structure(list(c("-1", "-2", "-3", "0", 
    "1", "2", "3", "4", NA), c("A", "T", NA)), .Names = c("", 
    "")), class = "table"), LMmono01_SNP1 = structure(c(295L, 
    17L, 2268L, 51L, 1L, 14L, 0L, 0L, 2L, 0L, 0L, 0L, 10L, 1L, 
    156L, 9L, 1L, 0L), .Dim = c(6L, 3L), .Dimnames = structure(list(
        c("-1", "-2", "0", "1", "2", NA), c("A", "G", NA)), .Names = c("", 
    "")), class = "table"), LMmono03_SNP1 = structure(c(0L, 0L, 
    0L, 0L, 1L, 0L, 0L, 0L, 1L, 0L, 0L, 0L, 0L, 0L, 0L, 0L, 461L, 
    69L, 8L, 1L, 1827L, 58L, 3L, 77L, 0L, 0L, 0L, 0L, 2L, 0L, 
    0L, 0L, 9L, 2L, 0L, 0L, 117L, 1L, 1L, 0L), .Dim = c(8L, 5L
    ), .Dimnames = structure(list(c("-1", "-2", "-3", "-4", "0", 
    "1", "2", NA), c("-", "A", "C", "T", NA)), .Names = c("", 
    "")), class = "table"), LMmono09_SNP1 = structure(c(0L, 0L, 
    0L, 0L, 1L, 0L, 0L, 0L, 0L, 1806L, 253L, 19L, 3L, 10222L, 
    497L, 18L, 1L, 250L, 17L, 2L, 1L, 0L, 133L, 4L, 0L, 0L, 0L
    ), .Dim = c(9L, 3L), .Dimnames = structure(list(c("-1", "-2", 
    "-3", "-4", "0", "1", "2", "3", NA), c("C", "T", NA)), .Names = c("", 
    "")), class = "table"), LMmono12_SNP1 = structure(c(723L, 
    42L, 5L, 3397L, 299L, 11L, 1L, 163L, 0L, 0L, 0L, 1L, 0L, 
    0L, 0L, 0L, 11L, 0L, 0L, 109L, 6L, 0L, 0L, 0L), .Dim = c(8L, 
    3L), .Dimnames = structure(list(c("-1", "-2", "-3", "0", 
    "1", "2", "3", NA), c("A", "G", NA)), .Names = c("", "")), class = "table"), 
    LMmono16_SNP1 = structure(c(1032L, 109L, 4L, 3L, 3719L, 390L, 
    33L, 4L, 102L, 0L, 0L, 0L, 0L, 1L, 0L, 0L, 0L, 0L, 1L, 0L, 
    0L, 0L, 0L, 0L, 0L, 0L, 0L, 1L, 0L, 0L, 0L, 0L, 0L, 0L, 0L, 
    0L, 35L, 6L, 0L, 0L, 511L, 29L, 1L, 0L, 0L), .Dim = c(9L, 
    5L), .Dimnames = structure(list(c("-1", "-2", "-3", "-4", 
    "0", "1", "2", "3", NA), c("A", "C", "G", "T", NA)), .Names = c("", 
    "")), class = "table"), MSJmono10_SNP1 = structure(c(167L, 
    8L, 0L, 2833L, 97L, 3L, 13L, 10L, 0L, 1L, 200L, 8L, 0L, 0L
    ), .Dim = c(7L, 2L), .Dimnames = structure(list(c("-1", "-2", 
    "-3", "0", "1", "2", NA), c("C", NA)), .Names = c("", "")), class = "table"), 
    MSJmono19ms1_SNP1 = structure(c(447L, 66L, 2L, 6665L, 251L, 
    3L, 183L, 0L, 0L, 0L, 11L, 0L, 0L, 0L, 0L, 0L, 0L, 1L, 0L, 
    0L, 0L, 1L, 0L, 0L, 4L, 0L, 0L, 0L, 42L, 5L, 0L, 699L, 20L, 
    0L, 0L), .Dim = c(7L, 5L), .Dimnames = structure(list(c("-1", 
    "-2", "-3", "0", "1", "2", NA), c("A", "C", "G", "T", NA)), .Names = c("", 
    "")), class = "table"), MSJmono19ms2_SNP1 = structure(c(0L, 
    0L, 2L, 0L, 0L, 312L, 3L, 6840L, 106L, 97L, 6L, 0L, 532L, 
    2L, 0L), .Dim = c(5L, 3L), .Dimnames = structure(list(c("-1", 
    "-2", "0", "1", NA), c("A", "C", NA)), .Names = c("", "")), class = "table"), 
    MSJmono36_SNP1 = structure(c(0L, 0L, 1L, 0L, 0L, 0L, 412L, 
    19L, 5536L, 203L, 8L, 77L, 1L, 1L, 159L, 1L, 0L, 0L), .Dim = c(6L, 
    3L), .Dimnames = structure(list(c("-1", "-2", "0", "1", "2", 
    NA), c("A", "G", NA)), .Names = c("", "")), class = "table"), 
    MSJmono44_SNP1 = structure(c(0L, 0L, 0L, 1L, 0L, 0L, 0L, 
    0L, 1L, 0L, 0L, 0L, 242L, 15L, 3048L, 121L, 4L, 18L, 0L, 
    0L, 47L, 4L, 0L, 0L), .Dim = c(6L, 4L), .Dimnames = structure(list(
        c("-1", "-2", "0", "1", "2", NA), c("A", "G", "T", NA
        )), .Names = c("", "")), class = "table"), MSJmono46_SNP1 = structure(c(283L, 
    33L, 2L, 986L, 90L, 1L, 33L, 8L, 0L, 0L, 24L, 0L, 0L, 0L), .Dim = c(7L, 
    2L), .Dimnames = structure(list(c("-1", "-2", "-3", "0", 
    "1", "2", NA), c("C", NA)), .Names = c("", "")), class = "table"), 
    LMmono04v2_SNP1 = structure(c(0L, 0L, 0L, 1L, 0L, 0L, 0L, 
    296L, 12L, 2L, 1468L, 83L, 3L, 14L, 13L, 2L, 0L, 76L, 4L, 
    0L, 0L), .Dim = c(7L, 3L), .Dimnames = structure(list(c("-1", 
    "-2", "-3", "0", "1", "2", NA), c("A", "C", NA)), .Names = c("", 
    "")), class = "table"), AKMmono01v2_SNP1 = structure(c(0L, 
    0L, 0L, 1L, 0L, 0L, 0L, 241L, 8L, 2L, 2744L, 50L, 1L, 31L, 
    5L, 0L, 0L, 106L, 0L, 0L, 0L), .Dim = c(7L, 3L), .Dimnames = structure(list(
        c("-1", "-2", "-3", "0", "1", "2", NA), c("C", "T", NA
        )), .Names = c("", "")), class = "table"), AKMmono10v2_SNP1 = structure(c(28L, 
    1L, 730L, 12L, 3L, 0L, 0L, 1L, 0L, 0L, 1L, 0L, 26L, 0L, 0L
    ), .Dim = c(5L, 3L), .Dimnames = structure(list(c("-1", "-7", 
    "0", "1", NA), c("A", "G", NA)), .Names = c("", "")), class = "table"), 
    AKMmono17v2_SNP1 = structure(c(1L, 5L, 0L, 0L, 13L, 252L, 
    4L, 3L, 0L, 12L, 0L, 0L), .Dim = 4:3, .Dimnames = structure(list(
        c("-1", "0", "1", NA), c("A", "C", NA)), .Names = c("", 
    "")), class = "table"), EJmono13v2_SNP1 = structure(c(37L, 
    2L, 621L, 14L, 1L, 61L, 0L, 797L, 19L, 6L, 1L, 0L, 40L, 0L, 
    0L), .Dim = c(5L, 3L), .Dimnames = structure(list(c("-1", 
    "-2", "0", "1", NA), c("A", "G", NA)), .Names = c("", "")), class = "table"), 
    EJmono21v2_SNP1 = structure(c(24L, 2L, 221L, 4L, 1L, 24L, 
    0L, 195L, 7L, 6L, 1L, 0L, 17L, 0L, 0L), .Dim = c(5L, 3L), .Dimnames = structure(list(
        c("-1", "-2", "0", "1", NA), c("C", "T", NA)), .Names = c("", 
    "")), class = "table"), LMmono05v2_SNP1 = structure(c(72L, 
    3L, 730L, 23L, 1L, 9L, 53L, 2L, 459L, 17L, 1L, 5L, 2L, 0L, 
    24L, 0L, 0L, 0L), .Dim = c(6L, 3L),