Result <-
list(AKMmono02_SNP1 = structure(c(1L, 0L, 0L, 0L, 0L, 0L, 267L, 
13L, 3164L, 98L, 3L, 63L, 1L, 1L, 109L, 2L, 0L, 0L), .Dim = c(6L, 
3L), .Dimnames = structure(list(c("-1", "-2", "0", "1", "2", 
NA), c("C", "T", NA)), .Names = c("", "")), class = "table"), 
    AKMmono03_SNP1 = structure(c(652L, 113L, 40L, 5L, 1L, 6474L, 
    104L, 1L, 116L, 0L, 0L, 0L, 0L, 0L, 4L, 0L, 0L, 0L, 0L, 0L, 
    0L, 0L, 0L, 1L, 0L, 0L, 0L, 33L, 8L, 1L, 0L, 0L, 628L, 3L, 
    1L, 0L), .Dim = c(9L, 4L), .Dimnames = structure(list(c("-1", 
    "-2", "-3", "-4", "-6", "0", "1", "3", NA), c("A", "C", "T", 
    NA)), .Names = c("", "")), class = "table"), AKMmono05_SNP1 = structure(c(685L, 
    91L, 22L, 2L, 4225L, 159L, 4L, 108L, 0L, 0L, 0L, 0L, 1L, 
    0L, 0L, 0L, 0L, 0L, 0L, 0L, 1L, 0L, 0L, 0L, 0L, 0L, 0L, 0L, 
    2L, 0L, 0L, 0L, 41L, 4L, 0L, 0L, 429L, 11L, 1L, 0L), .Dim = c(8L, 
    5L), .Dimnames = structure(list(c("-1", "-2", "-3", "-4", 
    "0", "1", "2", NA), c("A", "C", "G", "T", NA)), .Names = c("", 
    "")), class = "table"), AKMmono11_SNP1 = structure(c(0L, 
    0L, 0L, 0L, 5L, 0L, 0L, 0L, 566L, 39L, 1L, 1L, 5428L, 83L, 
    5L, 134L, 76L, 2L, 0L, 0L, 831L, 22L, 0L, 0L), .Dim = c(8L, 
    3L), .Dimnames = structure(list(c("-1", "-2", "-3", "-4", 
    "0", "1", "2", NA), c("A", "T", NA)), .Names = c("", "")), class = "table"), 
    AKMmono12_SNP1 = structure(c(0L, 0L, 0L, 0L, 1L, 0L, 0L, 
    0L, 513L, 42L, 1L, 1L, 3978L, 106L, 4L, 61L, 18L, 0L, 0L, 
    0L, 330L, 4L, 1L, 0L), .Dim = c(8L, 3L), .Dimnames = structure(list(
        c("-1", "-2", "-3", "-4", "0", "1", "2", NA), c("A", 
        "C", NA)), .Names = c("", "")), class = "table"), AKMmono13_SNP1 = structure(c(304L, 
    13L, 3L, 5281L, 131L, 2L, 59L, 11L, 0L, 0L, 405L, 2L, 1L, 
    0L), .Dim = c(7L, 2L), .Dimnames = structure(list(c("-1", 
    "-2", "-3", "0", "1", "2", NA), c("A", NA)), .Names = c("", 
    "")), class = "table"), AKMmono16_SNP1 = structure(c(341L, 
    17L, 1L, 4145L, 64L, 31L, 0L, 0L, 0L, 1L, 0L, 0L, 0L, 0L, 
    0L, 2L, 0L, 0L, 0L, 0L, 0L, 3L, 0L, 0L, 14L, 0L, 0L, 268L, 
    3L, 0L), .Dim = 6:5, .Dimnames = structure(list(c("-1", "-2", 
    "-3", "0", "1", NA), c("A", "C", "G", "T", NA)), .Names = c("", 
    "")), class = "table"), AKMmono22_SNP1 = structure(c(345L, 
    54L, 10L, 1L, 2656L, 113L, 5L, 172L, 0L, 0L, 0L, 0L, 2L, 
    0L, 0L, 0L, 17L, 4L, 0L, 0L, 281L, 8L, 0L, 0L), .Dim = c(8L, 
    3L), .Dimnames = structure(list(c("-1", "-2", "-3", "-4", 
    "0", "1", "2", NA), c("A", "G", NA)), .Names = c("", "")), class = "table"), 
    EJmono05_SNP1 = structure(c(0L, 0L, 0L, 1L, 0L, 0L, 1L, 0L, 
    0L, 0L, 0L, 0L, 397L, 44L, 1L, 3651L, 83L, 49L, 15L, 1L, 
    0L, 176L, 0L, 0L), .Dim = c(6L, 4L), .Dimnames = structure(list(
        c("-1", "-2", "-3", "0", "1", NA), c("A", "C", "T", NA
        )), .Names = c("", "")), class = "table"), EJmono16_SNP1 = structure(c(160L, 
    19L, 1L, 3586L, 116L, 5L, 210L, 2L, 1L, 0L, 85L, 0L, 0L, 
    0L), .Dim = c(7L, 2L), .Dimnames = structure(list(c("-1", 
    "-2", "-4", "0", "1", "2", NA), c("A", NA)), .Names = c("", 
    "")), class = "table"), LMmono01_SNP1 = structure(c(327L, 
    11L, 1L, 3304L, 46L, 1L, 60L, 0L, 0L, 0L, 2L, 0L, 0L, 0L, 
    0L, 0L, 0L, 1L, 0L, 0L, 0L, 14L, 0L, 0L, 272L, 12L, 0L, 0L
    ), .Dim = c(7L, 4L), .Dimnames = structure(list(c("-1", "-2", 
    "-3", "0", "1", "2", NA), c("A", "G", "T", NA)), .Names = c("", 
    "")), class = "table"), LMmono03_SNP1 = structure(c(0L, 0L, 
    0L, 1L, 0L, 0L, 0L, 381L, 44L, 5L, 1828L, 46L, 1L, 64L, 11L, 
    4L, 0L, 262L, 1L, 0L, 0L), .Dim = c(7L, 3L), .Dimnames = structure(list(
        c("-1", "-2", "-3", "0", "1", "2", NA), c("A", "C", NA
        )), .Names = c("", "")), class = "table"), LMmono09_SNP1 = structure(c(0L, 
    0L, 0L, 0L, 1L, 0L, 0L, 0L, 0L, 0L, 0L, 0L, 2L, 0L, 0L, 0L, 
    0L, 0L, 0L, 0L, 1L, 0L, 0L, 0L, 1432L, 200L, 23L, 4L, 6275L, 
    308L, 10L, 216L, 26L, 2L, 1L, 0L, 139L, 5L, 1L, 0L), .Dim = c(8L, 
    5L), .Dimnames = structure(list(c("-1", "-2", "-3", "-4", 
    "0", "1", "2", NA), c("A", "C", "G", "T", NA)), .Names = c("", 
    "")), class = "table"), LMmono12_SNP1 = structure(c(437L, 
    35L, 1L, 2111L, 141L, 5L, 73L, 24L, 2L, 0L, 235L, 9L, 0L, 
    0L), .Dim = c(7L, 2L), .Dimnames = structure(list(c("-1", 
    "-2", "-3", "0", "1", "2", NA), c("A", NA)), .Names = c("", 
    "")), class = "table"), LMmono16_SNP1 = structure(c(535L, 
    48L, 2L, 4341L, 154L, 10L, 505L, 1L, 144L, 13L, 3L, 378L, 
    0L, 0L, 0L, 1L, 0L, 0L, 0L, 0L, 0L, 0L, 0L, 0L, 1L, 0L, 0L, 
    0L, 0L, 0L, 1L, 0L, 0L, 0L, 0L, 0L, 17L, 3L, 0L, 736L, 10L, 
    0L, 24L, 0L, 18L, 0L, 1L, 0L), .Dim = c(12L, 4L), .Dimnames = structure(list(
        c("-1", "-2", "-3", "0", "1", "2", "3", "4", "5", "6", 
        "7", NA), c("A", "G", "T", NA)), .Names = c("", "")), class = "table"), 
    MSJmono10_SNP1 = structure(c(0L, 0L, 1L, 0L, 0L, 0L, 289L, 
    4L, 4376L, 134L, 4L, 57L, 0L, 0L, 1L, 0L, 0L, 0L, 18L, 0L, 
    267L, 10L, 0L, 0L), .Dim = c(6L, 4L), .Dimnames = structure(list(
        c("-1", "-2", "0", "1", "2", NA), c("A", "C", "T", NA
        )), .Names = c("", "")), class = "table"), MSJmono19ms1_SNP1 = structure(c(180L, 
    12L, 2L, 4304L, 74L, 178L, 0L, 0L, 0L, 9L, 1L, 1L, 0L, 0L, 
    0L, 1L, 0L, 0L, 0L, 0L, 0L, 7L, 0L, 0L, 22L, 1L, 0L, 615L, 
    11L, 0L), .Dim = 6:5, .Dimnames = structure(list(c("-1", 
    "-2", "-3", "0", "1", NA), c("A", "C", "G", "T", NA)), .Names = c("", 
    "")), class = "table"), MSJmono19ms2_SNP1 = structure(c(236L, 
    2L, 4461L, 32L, 49L, 0L, 0L, 346L, 2L, 0L), .Dim = c(5L, 
    2L), .Dimnames = structure(list(c("-1", "-2", "0", "1", NA
    ), c("C", NA)), .Names = c("", "")), class = "table"), MSJmono36_SNP1 = structure(c(256L, 
    11L, 1L, 4069L, 84L, 7L, 81L, 0L, 0L, 0L, 1L, 0L, 0L, 0L, 
    2L, 0L, 0L, 152L, 3L, 0L, 0L), .Dim = c(7L, 3L), .Dimnames = structure(list(
        c("-1", "-2", "-3", "0", "1", "2", NA), c("G", "T", NA
        )), .Names = c("", "")), class = "table"), MSJmono44_SNP1 = structure(c(0L, 
    0L, 1L, 0L, 0L, 0L, 163L, 8L, 2465L, 34L, 1L, 13L, 4L, 1L, 
    112L, 1L, 0L, 0L), .Dim = c(6L, 3L), .Dimnames = structure(list(
        c("-1", "-2", "0", "1", "2", NA), c("C", "T", NA)), .Names = c("", 
    "")), class = "table"), MSJmono46_SNP1 = structure(c(342L, 
    34L, 3L, 1L, 1704L, 126L, 5L, 63L, 0L, 0L, 0L, 0L, 1L, 0L, 
    0L, 0L, 55L, 3L, 0L, 0L, 498L, 30L, 2L, 0L), .Dim = c(8L, 
    3L), .Dimnames = structure(list(c("-1", "-2", "-3", "-4", 
    "0", "1", "2", NA), c("C", "T", NA)), .Names = c("", "")), class = "table"), 
    LMmono04v2_SNP1 = structure(c(299L, 13L, 2217L, 89L, 3L, 
    27L, 4L, 0L, 120L, 7L, 0L, 0L), .Dim = c(6L, 2L), .Dimnames = structure(list(
        c("-1", "-2", "0", "1", "2", NA), c("C", NA)), .Names = c("", 
    "")), class = "table"), AKMmono01v2_SNP1 = structure(c(239L, 
    9L, 1L, 3244L, 60L, 1L, 38L, 13L, 0L, 0L, 259L, 4L, 0L, 0L
    ), .Dim = c(7L, 2L), .Dimnames = structure(list(c("-1", "-2", 
    "-3", "0", "1", "2", NA), c("T", NA)), .Names = c("", "")), class = "table"), 
    AKMmono10v2_SNP1 = structure(c(105L, 2L, 1737L, 23L, 13L, 
    0L, 0L, 1L, 0L, 0L, 0L, 0L, 2L, 0L, 0L, 0L, 0L, 82L, 1L, 
    0L), .Dim = 5:4, .Dimnames = structure(list(c("-1", "-2", 
    "0", "1", NA), c("A", "G", "T", NA)), .Names = c("", "")), class = "table"), 
    AKMmono17v2_SNP1 = structure(c(0L, 0L, 0L, 14L, 0L, 2L, 99L, 
    5L, 10L, 1679L, 33L, 14L, 0L, 0L, 0L, 83L, 1L, 0L), .Dim = c(6L, 
    3L), .Dimnames = structure(list(c("-1", "-2", "-3", "0", 
    "1", NA), c("A", "C", NA)), .Names = c("", "")), class = "table"), 
    EJmono13v2_SNP1 = structure(c(93L, 2L, 1419L, 33L, 2L, 8L, 
    4L, 0L, 106L, 3L, 0L, 0L), .Dim = c(6L, 2L), .Dimnames = structure(list(
        c("-1", "-2", "0", "1", "2", NA), c("G", NA)), .Names = c("", 
    "")), class = "table"), EJmono21v2_SNP1 = structure(c(40L, 
    0L, 419L, 2L, 0L, 2L, 49L, 1L, 511L, 15L, 1L, 7L, 4L, 0L, 
    77L, 1L, 0L, 0L), .Dim = c(6L, 3L),