Result <-
list(AKMmono02_SNP1 = structure(c(0L, 0L, 0L, 1L, 0L, 0L, 0L, 
251L, 8L, 1L, 2155L, 79L, 1L, 59L, 7L, 0L, 0L, 101L, 1L, 0L, 
0L), .Dim = c(7L, 3L), .Dimnames = structure(list(c("-1", "-2", 
"-3", "0", "1", "2", NA), c("A", "T", NA)), .Names = c("", ""
)), class = "table"), AKMmono03_SNP1 = structure(c(0L, 0L, 0L, 
0L, 1L, 0L, 0L, 0L, 0L, 945L, 135L, 44L, 2L, 7311L, 142L, 3L, 
1L, 133L, 0L, 0L, 0L, 0L, 2L, 0L, 0L, 0L, 0L, 0L, 1L, 0L, 0L, 
1L, 0L, 0L, 0L, 0L, 45L, 2L, 1L, 0L, 623L, 6L, 1L, 0L, 0L), .Dim = c(9L, 
5L), .Dimnames = structure(list(c("-1", "-2", "-3", "-4", "0", 
"1", "2", "3", NA), c("-", "A", "C", "G", NA)), .Names = c("", 
"")), class = "table"), AKMmono05_SNP1 = structure(c(491L, 67L, 
13L, 2L, 3369L, 160L, 1L, 92L, 1L, 0L, 0L, 0L, 5L, 0L, 0L, 0L, 
0L, 0L, 0L, 0L, 2L, 0L, 0L, 0L, 17L, 2L, 0L, 0L, 327L, 12L, 0L, 
0L), .Dim = c(8L, 4L), .Dimnames = structure(list(c("-1", "-2", 
"-3", "-4", "0", "1", "2", NA), c("A", "C", "G", NA)), .Names = c("", 
"")), class = "table"), AKMmono11_SNP1 = structure(c(0L, 0L, 
0L, 0L, 0L, 0L, 0L, 1L, 0L, 0L, 0L, 0L, 6L, 1L, 0L, 0L, 0L, 0L, 
0L, 0L, 2L, 0L, 0L, 0L, 0L, 0L, 0L, 0L, 2L, 0L, 0L, 0L, 751L, 
79L, 1L, 1L, 6745L, 135L, 4L, 164L, 68L, 4L, 0L, 0L, 1040L, 36L, 
1L, 0L), .Dim = c(8L, 6L), .Dimnames = structure(list(c("-1", 
"-2", "-3", "-4", "0", "1", "2", NA), c("-", "A", "C", "G", "T", 
NA)), .Names = c("", "")), class = "table"), AKMmono12_SNP1 = structure(c(0L, 
0L, 0L, 1L, 0L, 0L, 0L, 0L, 696L, 54L, 4L, 4241L, 108L, 2L, 1L, 
70L, 0L, 0L, 0L, 2L, 0L, 0L, 0L, 0L, 18L, 1L, 0L, 346L, 8L, 0L, 
0L, 0L), .Dim = c(8L, 4L), .Dimnames = structure(list(c("-1", 
"-2", "-3", "0", "1", "2", "3", NA), c("A", "C", "T", NA)), .Names = c("", 
"")), class = "table"), AKMmono13_SNP1 = structure(c(243L, 9L, 
1L, 3467L, 101L, 4L, 57L, 0L, 0L, 0L, 1L, 0L, 0L, 0L, 9L, 0L, 
0L, 249L, 5L, 0L, 0L), .Dim = c(7L, 3L), .Dimnames = structure(list(
    c("-1", "-2", "-3", "0", "1", "2", NA), c("A", "T", NA)), .Names = c("", 
"")), class = "table"), AKMmono16_SNP1 = structure(c(331L, 21L, 
2L, 3294L, 72L, 2L, 1L, 33L, 0L, 0L, 0L, 2L, 0L, 0L, 0L, 0L, 
0L, 0L, 0L, 1L, 0L, 0L, 0L, 0L, 1L, 0L, 0L, 2L, 0L, 0L, 0L, 0L, 
10L, 1L, 0L, 227L, 4L, 0L, 0L, 0L), .Dim = c(8L, 5L), .Dimnames = structure(list(
    c("-1", "-2", "-3", "0", "1", "2", "3", NA), c("A", "C", 
    "G", "T", NA)), .Names = c("", "")), class = "table"), AKMmono22_SNP1 = structure(c(0L, 
0L, 0L, 0L, 1L, 0L, 0L, 0L, 0L, 334L, 74L, 16L, 1L, 2290L, 145L, 
11L, 1L, 165L, 0L, 0L, 0L, 0L, 1L, 0L, 0L, 0L, 0L, 26L, 0L, 3L, 
0L, 260L, 6L, 0L, 0L, 0L), .Dim = c(9L, 4L), .Dimnames = structure(list(
    c("-1", "-2", "-3", "-4", "0", "1", "2", "3", NA), c("-", 
    "A", "G", NA)), .Names = c("", "")), class = "table"), EJmono05_SNP1 = structure(c(301L, 
24L, 2669L, 59L, 2L, 51L, 7L, 0L, 112L, 0L, 0L, 0L), .Dim = c(6L, 
2L), .Dimnames = structure(list(c("-1", "-2", "0", "1", "2", 
NA), c("T", NA)), .Names = c("", "")), class = "table"), EJmono16_SNP1 = structure(c(282L, 
22L, 1L, 4475L, 184L, 8L, 316L, 1L, 0L, 0L, 104L, 3L, 0L, 0L), .Dim = c(7L, 
2L), .Dimnames = structure(list(c("-1", "-2", "-4", "0", "1", 
"2", NA), c("A", NA)), .Names = c("", "")), class = "table"), 
    LMmono01_SNP1 = structure(c(276L, 9L, 2071L, 30L, 52L, 0L, 
    0L, 1L, 0L, 0L, 7L, 0L, 135L, 7L, 0L), .Dim = c(5L, 3L), .Dimnames = structure(list(
        c("-1", "-2", "0", "1", NA), c("A", "T", NA)), .Names = c("", 
    "")), class = "table"), LMmono03_SNP1 = structure(c(0L, 0L, 
    0L, 0L, 1L, 0L, 0L, 0L, 273L, 41L, 6L, 4L, 1298L, 37L, 2L, 
    46L, 4L, 1L, 0L, 0L, 190L, 3L, 0L, 0L), .Dim = c(8L, 3L), .Dimnames = structure(list(
        c("-1", "-2", "-3", "-4", "0", "1", "2", NA), c("A", 
        "C", NA)), .Names = c("", "")), class = "table"), LMmono09_SNP1 = structure(c(0L, 
    0L, 0L, 0L, 1L, 0L, 0L, 0L, 0L, 0L, 0L, 0L, 0L, 1L, 0L, 0L, 
    0L, 0L, 1895L, 267L, 52L, 3L, 7820L, 444L, 22L, 1L, 292L, 
    44L, 3L, 0L, 0L, 170L, 2L, 0L, 0L, 0L), .Dim = c(9L, 4L), .Dimnames = structure(list(
        c("-1", "-2", "-3", "-4", "0", "1", "2", "3", NA), c("A", 
        "G", "T", NA)), .Names = c("", "")), class = "table"), 
    LMmono12_SNP1 = structure(c(445L, 49L, 1L, 2288L, 189L, 11L, 
    100L, 23L, 3L, 0L, 296L, 9L, 0L, 0L), .Dim = c(7L, 2L), .Dimnames = structure(list(
        c("-1", "-2", "-3", "0", "1", "2", NA), c("A", NA)), .Names = c("", 
    "")), class = "table"), LMmono16_SNP1 = structure(c(15L, 
    1L, 2592L, 9L, 616L, 3L, 276L, 23L, 6L, 374L, 0L, 0L, 1L, 
    0L, 0L, 0L, 0L, 0L, 0L, 0L, 0L, 0L, 2L, 0L, 0L, 0L, 0L, 0L, 
    0L, 1L, 2L, 0L, 481L, 1L, 42L, 0L, 28L, 3L, 0L, 0L), .Dim = c(10L, 
    4L), .Dimnames = structure(list(c("-1", "-3", "0", "1", "3", 
    "4", "5", "6", "7", NA), c("A", "G", "T", NA)), .Names = c("", 
    "")), class = "table"), MSJmono10_SNP1 = structure(c(162L, 
    5L, 2824L, 110L, 5L, 28L, 6L, 0L, 158L, 10L, 0L, 0L), .Dim = c(6L, 
    2L), .Dimnames = structure(list(c("-1", "-2", "0", "1", "2", 
    NA), c("C", NA)), .Names = c("", "")), class = "table"), 
    MSJmono19ms1_SNP1 = structure(c(370L, 22L, 1L, 8400L, 227L, 
    7L, 382L, 0L, 0L, 0L, 24L, 0L, 0L, 3L, 1L, 0L, 0L, 8L, 0L, 
    0L, 3L, 35L, 3L, 0L, 1249L, 37L, 0L, 0L), .Dim = c(7L, 4L
    ), .Dimnames = structure(list(c("-1", "-2", "-4", "0", "1", 
    "2", NA), c("A", "C", "T", NA)), .Names = c("", "")), class = "table"), 
    MSJmono19ms2_SNP1 = structure(c(0L, 0L, 0L, 4L, 0L, 0L, 0L, 
    468L, 8L, 1L, 8765L, 156L, 3L, 117L, 0L, 0L, 0L, 2L, 0L, 
    0L, 0L, 4L, 0L, 0L, 757L, 1L, 0L, 0L), .Dim = c(7L, 4L), .Dimnames = structure(list(
        c("-1", "-2", "-3", "0", "1", "2", NA), c("A", "C", "T", 
        NA)), .Names = c("", "")), class = "table"), MSJmono36_SNP1 = structure(c(451L, 
    21L, 3L, 6273L, 183L, 7L, 124L, 0L, 0L, 0L, 3L, 0L, 0L, 0L, 
    8L, 0L, 0L, 235L, 5L, 0L, 0L), .Dim = c(7L, 3L), .Dimnames = structure(list(
        c("-1", "-2", "-3", "0", "1", "2", NA), c("G", "T", NA
        )), .Names = c("", "")), class = "table"), MSJmono44_SNP1 = structure(c(0L, 
    0L, 0L, 1L, 2L, 0L, 0L, 0L, 0L, 0L, 1L, 0L, 0L, 0L, 199L, 
    15L, 1L, 3335L, 93L, 3L, 22L, 7L, 0L, 0L, 188L, 1L, 0L, 0L
    ), .Dim = c(7L, 4L), .Dimnames = structure(list(c("-1", "-2", 
    "-3", "0", "1", "2", NA), c("A", "C", "T", NA)), .Names = c("", 
    "")), class = "table"), MSJmono46_SNP1 = structure(c(237L, 
    20L, 1L, 1L, 1021L, 65L, 2L, 34L, 31L, 3L, 0L, 0L, 245L, 
    11L, 1L, 0L), .Dim = c(8L, 2L), .Dimnames = structure(list(
        c("-1", "-2", "-3", "-4", "0", "1", "2", NA), c("C", 
        NA)), .Names = c("", "")), class = "table"), LMmono04v2_SNP1 = structure(c(0L, 
    0L, 0L, 1L, 0L, 0L, 0L, 206L, 6L, 1L, 1218L, 59L, 5L, 21L, 
    0L, 0L, 0L, 1L, 0L, 0L, 0L, 6L, 1L, 0L, 66L, 3L, 0L, 0L), .Dim = c(7L, 
    4L), .Dimnames = structure(list(c("-1", "-2", "-3", "0", 
    "1", "2", NA), c("A", "C", "T", NA)), .Names = c("", "")), class = "table"), 
    AKMmono01v2_SNP1 = structure(c(0L, 0L, 0L, 1L, 0L, 0L, 61L, 
    2L, 2L, 793L, 17L, 5L, 84L, 1L, 0L, 859L, 18L, 6L, 10L, 2L, 
    0L, 200L, 7L, 0L), .Dim = c(6L, 4L), .Dimnames = structure(list(
        c("-1", "-2", "-3", "0", "1", NA), c("-", "C", "T", NA
        )), .Names = c("", "")), class = "table"), AKMmono10v2_SNP1 = structure(c(34L, 
    1L, 774L, 12L, 1L, 10L, 1L, 0L, 27L, 0L, 0L, 0L), .Dim = c(6L, 
    2L), .Dimnames = structure(list(c("-1", "-2", "0", "1", "2", 
    NA), c("A", NA)), .Names = c("", "")), class = "table"), 
    AKMmono17v2_SNP1 = structure(c(0L, 0L, 8L, 0L, 0L, 19L, 1L, 
    360L, 7L, 2L, 0L, 0L, 20L, 0L, 0L), .Dim = c(5L, 3L), .Dimnames = structure(list(
        c("-1", "-2", "0", "1", NA), c("A", "C", NA)), .Names = c("", 
    "")), class = "table"), EJmono13v2_SNP1 = structure(c(74L, 
    2L, 811L, 24L, 9L, 1L, 0L, 60L, 1L, 0L), .Dim = c(5L, 2L), .Dimnames = structure(list(
        c("-1", "-2", "0", "1", NA), c("G", NA)), .Names = c("", 
    "")), class = "table"),