Result <-
list(AKMmono02_SNP1 = structure(c(0L, 0L, 0L, 1L, 0L, 0L, 0L, 
226L, 15L, 1L, 2149L, 40L, 1L, 43L, 1L, 1L, 0L, 34L, 0L, 0L, 
0L), .Dim = c(7L, 3L), .Dimnames = structure(list(c("-1", "-2", 
"-3", "0", "1", "2", NA), c("A", "T", NA)), .Names = c("", ""
)), class = "table"), AKMmono03_SNP1 = structure(c(764L, 106L, 
40L, 2L, 7164L, 107L, 82L, 0L, 0L, 0L, 0L, 1L, 0L, 0L, 32L, 8L, 
1L, 0L, 530L, 3L, 0L), .Dim = c(7L, 3L), .Dimnames = structure(list(
    c("-1", "-2", "-3", "-4", "0", "1", NA), c("A", "T", NA)), .Names = c("", 
"")), class = "table"), AKMmono05_SNP1 = structure(c(478L, 89L, 
14L, 1L, 2725L, 146L, 1L, 47L, 0L, 0L, 0L, 0L, 1L, 0L, 0L, 0L, 
20L, 2L, 0L, 0L, 257L, 14L, 0L, 0L), .Dim = c(8L, 3L), .Dimnames = structure(list(
    c("-1", "-2", "-3", "-4", "0", "1", "2", NA), c("A", "T", 
    NA)), .Names = c("", "")), class = "table"), AKMmono11_SNP1 = structure(c(0L, 
0L, 1L, 0L, 0L, 0L, 0L, 0L, 6L, 0L, 0L, 1L, 0L, 0L, 2L, 0L, 0L, 
0L, 0L, 0L, 1L, 0L, 0L, 0L, 765L, 44L, 6415L, 138L, 2L, 123L, 
116L, 1L, 1286L, 39L, 1L, 0L), .Dim = c(6L, 6L), .Dimnames = structure(list(
    c("-1", "-2", "0", "1", "2", NA), c("-", "A", "C", "G", "T", 
    NA)), .Names = c("", "")), class = "table"), AKMmono12_SNP1 = structure(c(1L, 
0L, 0L, 0L, 0L, 0L, 0L, 0L, 649L, 49L, 1L, 2L, 4429L, 127L, 3L, 
45L, 23L, 2L, 0L, 0L, 389L, 3L, 0L, 0L), .Dim = c(8L, 3L), .Dimnames = structure(list(
    c("-1", "-2", "-3", "-4", "0", "1", "2", NA), c("A", "C", 
    NA)), .Names = c("", "")), class = "table"), AKMmono13_SNP1 = structure(c(247L, 
78L, 4L, 3364L, 80L, 3L, 28L, 0L, 0L, 0L, 1L, 0L, 0L, 0L, 6L, 
1L, 0L, 205L, 2L, 0L, 0L), .Dim = c(7L, 3L), .Dimnames = structure(list(
    c("-1", "-2", "-3", "0", "1", "2", NA), c("A", "T", NA)), .Names = c("", 
"")), class = "table"), AKMmono16_SNP1 = structure(c(245L, 20L, 
2343L, 40L, 16L, 0L, 0L, 1L, 1L, 0L, 5L, 0L, 132L, 1L, 0L), .Dim = c(5L, 
3L), .Dimnames = structure(list(c("-1", "-2", "0", "1", NA), 
    c("A", "T", NA)), .Names = c("", "")), class = "table"), 
    AKMmono22_SNP1 = structure(c(416L, 93L, 23L, 0L, 3080L, 204L, 
    15L, 1L, 132L, 0L, 0L, 0L, 0L, 1L, 0L, 0L, 0L, 0L, 21L, 5L, 
    0L, 1L, 306L, 7L, 0L, 0L, 0L), .Dim = c(9L, 3L), .Dimnames = structure(list(
        c("-1", "-2", "-3", "-4", "0", "1", "2", "5", NA), c("A", 
        "C", NA)), .Names = c("", "")), class = "table"), EJmono05_SNP1 = structure(c(0L, 
    0L, 1L, 0L, 0L, 0L, 313L, 24L, 2877L, 53L, 2L, 15L, 9L, 1L, 
    113L, 2L, 0L, 0L), .Dim = c(6L, 3L), .Dimnames = structure(list(
        c("-1", "-2", "0", "1", "2", NA), c("A", "T", NA)), .Names = c("", 
    "")), class = "table"), EJmono16_SNP1 = structure(c(391L, 
    23L, 1L, 2L, 16L, 3L, 5927L, 315L, 15L, 2L, 1L, 232L, 0L, 
    0L, 0L, 0L, 0L, 0L, 1L, 0L, 0L, 0L, 0L, 0L, 0L, 0L, 0L, 0L, 
    0L, 0L, 0L, 1L, 0L, 0L, 0L, 0L, 1L, 0L, 0L, 0L, 0L, 0L, 73L, 
    2L, 0L, 0L, 0L, 0L), .Dim = c(12L, 4L), .Dimnames = structure(list(
        c("-1", "-2", "-3", "-4", "-5", "-6", "0", "1", "2", 
        "3", "4", NA), c("A", "G", "T", NA)), .Names = c("", 
    "")), class = "table"), LMmono01_SNP1 = structure(c(338L, 
    20L, 2L, 3327L, 46L, 1L, 17L, 0L, 0L, 0L, 2L, 0L, 0L, 0L, 
    14L, 0L, 0L, 230L, 6L, 0L, 0L), .Dim = c(7L, 3L), .Dimnames = structure(list(
        c("-1", "-2", "-3", "0", "1", "2", NA), c("A", "G", NA
        )), .Names = c("", "")), class = "table"), LMmono03_SNP1 = structure(c(385L, 
    53L, 7L, 1543L, 51L, 4L, 69L, 6L, 0L, 0L, 73L, 2L, 0L, 0L
    ), .Dim = c(7L, 2L), .Dimnames = structure(list(c("-1", "-2", 
    "-3", "0", "1", "2", NA), c("C", NA)), .Names = c("", "")), class = "table"), 
    LMmono09_SNP1 = structure(c(1L, 0L, 0L, 0L, 0L, 0L, 0L, 0L, 
    0L, 988L, 166L, 9L, 1L, 4128L, 220L, 12L, 1L, 104L, 8L, 1L, 
    0L, 0L, 69L, 3L, 0L, 0L, 0L), .Dim = c(9L, 3L), .Dimnames = structure(list(
        c("-1", "-2", "-3", "-4", "0", "1", "2", "3", NA), c("G", 
        "T", NA)), .Names = c("", "")), class = "table"), LMmono12_SNP1 = structure(c(399L, 
    40L, 1L, 1804L, 114L, 4L, 83L, 5L, 0L, 0L, 63L, 4L, 0L, 0L
    ), .Dim = c(7L, 2L), .Dimnames = structure(list(c("-1", "-2", 
    "-3", "0", "1", "2", NA), c("A", NA)), .Names = c("", "")), class = "table"), 
    LMmono16_SNP1 = structure(c(363L, 28L, 5L, 2450L, 100L, 6L, 
    306L, 12L, 100L, 6L, 133L, 0L, 0L, 0L, 2L, 0L, 0L, 0L, 0L, 
    0L, 0L, 0L, 17L, 1L, 1L, 405L, 5L, 0L, 16L, 4L, 6L, 1L, 0L
    ), .Dim = c(11L, 3L), .Dimnames = structure(list(c("-1", 
    "-2", "-3", "0", "1", "2", "3", "4", "5", "6", NA), c("A", 
    "G", NA)), .Names = c("", "")), class = "table"), MSJmono10_SNP1 = structure(c(208L, 
    34L, 2983L, 109L, 3L, 15L, 8L, 1L, 178L, 5L, 0L, 0L), .Dim = c(6L, 
    2L), .Dimnames = structure(list(c("-1", "-2", "0", "1", "2", 
    NA), c("C", NA)), .Names = c("", "")), class = "table"), 
    MSJmono19ms1_SNP1 = structure(c(429L, 22L, 3L, 1L, 6805L, 
    225L, 5L, 134L, 1L, 0L, 0L, 0L, 10L, 0L, 0L, 2L, 0L, 0L, 
    0L, 0L, 5L, 0L, 0L, 0L, 30L, 1L, 0L, 0L, 791L, 24L, 1L, 0L
    ), .Dim = c(8L, 4L), .Dimnames = structure(list(c("-1", "-2", 
    "-3", "-5", "0", "1", "2", NA), c("A", "C", "T", NA)), .Names = c("", 
    "")), class = "table"), MSJmono19ms2_SNP1 = structure(c(368L, 
    3L, 6901L, 76L, 2L, 79L, 0L, 0L, 1L, 0L, 0L, 0L, 3L, 0L, 
    547L, 3L, 0L, 0L), .Dim = c(6L, 3L), .Dimnames = structure(list(
        c("-1", "-2", "0", "1", "2", NA), c("C", "T", NA)), .Names = c("", 
    "")), class = "table"), MSJmono36_SNP1 = structure(c(0L, 
    0L, 0L, 1L, 0L, 0L, 0L, 353L, 32L, 2L, 5189L, 173L, 6L, 82L, 
    0L, 0L, 0L, 1L, 0L, 0L, 0L, 2L, 1L, 0L, 159L, 1L, 0L, 0L), .Dim = c(7L, 
    4L), .Dimnames = structure(list(c("-1", "-2", "-3", "0", 
    "1", "2", NA), c("A", "G", "T", NA)), .Names = c("", "")), class = "table"), 
    MSJmono44_SNP1 = structure(c(0L, 0L, 1L, 0L, 0L, 0L, 136L, 
    8L, 2598L, 40L, 1L, 22L, 3L, 0L, 61L, 1L, 0L, 0L), .Dim = c(6L, 
    3L), .Dimnames = structure(list(c("-1", "-2", "0", "1", "2", 
    NA), c("C", "T", NA)), .Names = c("", "")), class = "table"), 
    MSJmono46_SNP1 = structure(c(163L, 15L, 2L, 650L, 42L, 1L, 
    18L, 2L, 0L, 0L, 32L, 2L, 0L, 0L), .Dim = c(7L, 2L), .Dimnames = structure(list(
        c("-1", "-2", "-3", "0", "1", "2", NA), c("C", NA)), .Names = c("", 
    "")), class = "table"), LMmono04v2_SNP1 = structure(c(174L, 
    6L, 913L, 54L, 1L, 4L, 0L, 0L, 1L, 0L, 0L, 0L, 3L, 0L, 52L, 
    1L, 0L, 0L), .Dim = c(6L, 3L), .Dimnames = structure(list(
        c("-1", "-2", "0", "1", "2", NA), c("C", "T", NA)), .Names = c("", 
    "")), class = "table"), AKMmono01v2_SNP1 = structure(c(0L, 
    0L, 0L, 1L, 0L, 0L, 0L, 163L, 3L, 1L, 2088L, 34L, 1L, 25L, 
    11L, 0L, 0L, 68L, 1L, 0L, 0L), .Dim = c(7L, 3L), .Dimnames = structure(list(
        c("-1", "-2", "-3", "0", "1", "2", NA), c("A", "T", NA
        )), .Names = c("", "")), class = "table"), AKMmono10v2_SNP1 = structure(c(16L, 
    0L, 280L, 2L, 0L, 15L, 1L, 354L, 5L, 1L, 0L, 0L, 27L, 0L, 
    0L), .Dim = c(5L, 3L), .Dimnames = structure(list(c("-1", 
    "-2", "0", "1", NA), c("A", "G", NA)), .Names = c("", "")), class = "table"), 
    AKMmono17v2_SNP1 = structure(c(0L, 1L, 0L, 0L, 0L, 4L, 0L, 
    0L, 9L, 200L, 2L, 3L, 0L, 3L, 0L, 0L), .Dim = c(4L, 4L), .Dimnames = structure(list(
        c("-1", "0", "1", NA), c("-", "A", "C", NA)), .Names = c("", 
    "")), class = "table"), EJmono13v2_SNP1 = structure(c(22L, 
    420L, 9L, 2L, 35L, 202L, 5L, 1L, 1L, 25L, 0L, 0L), .Dim = 4:3, .Dimnames = structure(list(
        c("-1", "0", "1", NA), c("A", "G", NA)), .Names = c("", 
    "")), class = "table"), EJmono21v2_SNP1 = structure(c(4L, 
    78L, 1L, 2L, 10L, 87L, 2L, 2L, 1L, 9L, 0L, 0L), .Dim = 4:3, .Dimnames = structure(list(
        c("-1", "0", "1", NA), c("C", "T", NA)), .Names = c("", 
    "")), class = "table"), LMmono05v2_SNP1 = structure(c(56L, 
    2L, 667L, 19L, 5L, 0L, 0L, 12L, 0L, 0L), .Dim = c(5L, 2L), .Dimnames = structure(list(
        c("-1", "-2", "0", "1", NA), c("A", NA)),