Result <-
list(AKMmono02_SNP1 = structure(c(343L, 20L, 3543L, 78L, 3L, 
78L, 4L, 0L, 52L, 0L, 0L, 0L), .Dim = c(6L, 2L), .Dimnames = structure(list(
    c("-1", "-2", "0", "1", "2", NA), c("T", NA)), .Names = c("", 
"")), class = "table"), AKMmono03_SNP1 = structure(c(3925L, 1028L, 
70L, 7L, 1L, 6301L, 113L, 1L, 272L, 168L, 34L, 1L, 0L, 0L, 503L, 
6L, 0L, 0L), .Dim = c(9L, 2L), .Dimnames = structure(list(c("-1", 
"-2", "-3", "-4", "-5", "0", "1", "2", NA), c("A", NA)), .Names = c("", 
"")), class = "table"), AKMmono05_SNP1 = structure(c(872L, 99L, 
22L, 4L, 5111L, 207L, 5L, 77L, 0L, 0L, 0L, 0L, 1L, 0L, 0L, 0L, 
0L, 0L, 0L, 0L, 0L, 1L, 0L, 0L, 0L, 0L, 0L, 0L, 2L, 0L, 0L, 0L, 
37L, 4L, 0L, 0L, 457L, 21L, 1L, 0L), .Dim = c(8L, 5L), .Dimnames = structure(list(
    c("-1", "-2", "-3", "-4", "0", "1", "2", NA), c("A", "C", 
    "G", "T", NA)), .Names = c("", "")), class = "table"), AKMmono11_SNP1 = structure(c(0L, 
0L, 0L, 0L, 2L, 0L, 0L, 1L, 1L, 0L, 0L, 0L, 1L, 0L, 0L, 0L, 3737L, 
300L, 5L, 1L, 5491L, 102L, 2L, 405L, 622L, 13L, 0L, 0L, 989L, 
21L, 1L, 0L), .Dim = c(8L, 4L), .Dimnames = structure(list(c("-1", 
"-2", "-3", "-4", "0", "1", "2", NA), c("A", "C", "T", NA)), .Names = c("", 
"")), class = "table"), AKMmono12_SNP1 = structure(c(2788L, 275L, 
12L, 2L, 1L, 4780L, 140L, 4L, 85L, 59L, 8L, 1L, 0L, 0L, 364L, 
1L, 1L, 0L), .Dim = c(9L, 2L), .Dimnames = structure(list(c("-1", 
"-2", "-3", "-4", "-5", "0", "1", "2", NA), c("C", NA)), .Names = c("", 
"")), class = "table"), AKMmono13_SNP1 = structure(c(2348L, 203L, 
5L, 1L, 3820L, 120L, 2L, 118L, 1L, 0L, 0L, 0L, 0L, 0L, 0L, 0L, 
64L, 3L, 0L, 0L, 253L, 8L, 0L, 0L), .Dim = c(8L, 3L), .Dimnames = structure(list(
    c("-1", "-2", "-3", "-4", "0", "1", "2", NA), c("A", "T", 
    NA)), .Names = c("", "")), class = "table"), AKMmono16_SNP1 = structure(c(1372L, 
140L, 3L, 1L, 2638L, 42L, 44L, 1L, 0L, 0L, 0L, 1L, 0L, 0L, 22L, 
3L, 0L, 0L, 137L, 2L, 0L), .Dim = c(7L, 3L), .Dimnames = structure(list(
    c("-1", "-2", "-3", "-5", "0", "1", NA), c("A", "T", NA)), .Names = c("", 
"")), class = "table"), AKMmono22_SNP1 = structure(c(0L, 0L, 
0L, 0L, 1L, 0L, 0L, 0L, 1592L, 386L, 81L, 14L, 3470L, 218L, 19L, 
351L, 0L, 0L, 0L, 0L, 1L, 0L, 0L, 0L, 41L, 15L, 1L, 0L, 309L, 
5L, 1L, 0L), .Dim = c(8L, 4L), .Dimnames = structure(list(c("-1", 
"-2", "-3", "-4", "0", "1", "2", NA), c("-", "A", "G", NA)), .Names = c("", 
"")), class = "table"), EJmono05_SNP1 = structure(c(0L, 0L, 0L, 
1L, 0L, 0L, 0L, 2013L, 120L, 1L, 3122L, 68L, 1L, 67L, 26L, 6L, 
0L, 110L, 1L, 0L, 0L), .Dim = c(7L, 3L), .Dimnames = structure(list(
    c("-1", "-2", "-3", "0", "1", "2", NA), c("G", "T", NA)), .Names = c("", 
"")), class = "table"), EJmono16_SNP1 = structure(c(2520L, 155L, 
4L, 1L, 7234L, 346L, 12L, 1L, 745L, 0L, 0L, 0L, 0L, 1L, 0L, 0L, 
0L, 0L, 0L, 0L, 0L, 0L, 1L, 0L, 0L, 0L, 0L, 15L, 1L, 1L, 0L, 
70L, 4L, 0L, 0L, 0L), .Dim = c(9L, 4L), .Dimnames = structure(list(
    c("-1", "-2", "-3", "-5", "0", "1", "2", "3", NA), c("A", 
    "G", "T", NA)), .Names = c("", "")), class = "table"), LMmono01_SNP1 = structure(c(613L, 
30L, 15L, 5263L, 110L, 2L, 27L, 1L, 0L, 0L, 0L, 0L, 0L, 0L, 23L, 
1L, 0L, 353L, 9L, 2L, 0L), .Dim = c(7L, 3L), .Dimnames = structure(list(
    c("-1", "-2", "-3", "0", "1", "2", NA), c("A", "G", NA)), .Names = c("", 
"")), class = "table"), LMmono03_SNP1 = structure(c(1L, 0L, 0L, 
0L, 0L, 0L, 0L, 0L, 997L, 214L, 25L, 2L, 1373L, 34L, 2L, 101L, 
21L, 7L, 1L, 0L, 94L, 1L, 0L, 0L), .Dim = c(8L, 3L), .Dimnames = structure(list(
    c("-1", "-2", "-3", "-4", "0", "1", "2", NA), c("A", "C", 
    NA)), .Names = c("", "")), class = "table"), LMmono09_SNP1 = structure(c(0L, 
0L, 0L, 0L, 0L, 1L, 0L, 0L, 0L, 0L, 2428L, 2882L, 395L, 13L, 
1L, 3425L, 99L, 3L, 1L, 607L, 1L, 2L, 1L, 0L, 0L, 41L, 0L, 0L, 
0L, 0L), .Dim = c(10L, 3L), .Dimnames = structure(list(c("-1", 
"-2", "-3", "-4", "-6", "0", "1", "2", "3", NA), c("G", "T", 
NA)), .Names = c("", "")), class = "table"), LMmono12_SNP1 = structure(c(920L, 
96L, 12L, 13L, 3571L, 239L, 4L, 1L, 164L, 8L, 2L, 0L, 0L, 130L, 
6L, 0L, 0L, 0L), .Dim = c(9L, 2L), .Dimnames = structure(list(
    c("-1", "-2", "-3", "-4", "0", "1", "2", "3", NA), c("A", 
    NA)), .Names = c("", "")), class = "table"), LMmono16_SNP1 = structure(c(1389L, 
310L, 19L, 1L, 2834L, 158L, 10L, 619L, 1L, 104L, 5L, 278L, 53L, 
6L, 0L, 0L, 431L, 9L, 1L, 37L, 0L, 11L, 1L, 0L), .Dim = c(12L, 
2L), .Dimnames = structure(list(c("-1", "-2", "-3", "-4", "0", 
"1", "2", "3", "4", "5", "6", NA), c("A", NA)), .Names = c("", 
"")), class = "table"), MSJmono10_SNP1 = structure(c(0L, 0L, 
0L, 1L, 0L, 0L, 0L, 1785L, 223L, 3L, 2840L, 105L, 5L, 44L, 47L, 
3L, 0L, 146L, 6L, 0L, 0L), .Dim = c(7L, 3L), .Dimnames = structure(list(
    c("-1", "-2", "-3", "0", "1", "2", NA), c("A", "C", NA)), .Names = c("", 
"")), class = "table"), MSJmono19ms1_SNP1 = structure(c(0L, 0L, 
0L, 0L, 1L, 0L, 0L, 0L, 769L, 59L, 5L, 1L, 11334L, 332L, 4L, 
275L, 1L, 0L, 0L, 0L, 23L, 1L, 0L, 0L, 0L, 0L, 0L, 0L, 5L, 0L, 
0L, 0L, 75L, 2L, 0L, 0L, 1190L, 24L, 1L, 0L), .Dim = c(8L, 5L
), .Dimnames = structure(list(c("-1", "-2", "-3", "-4", "0", 
"1", "2", NA), c("-", "A", "C", "T", NA)), .Names = c("", "")), class = "table"), 
    MSJmono19ms2_SNP1 = structure(c(0L, 0L, 0L, 2L, 0L, 0L, 608L, 
    7L, 1L, 11590L, 149L, 136L, 0L, 0L, 0L, 1L, 0L, 0L, 4L, 0L, 
    0L, 835L, 0L, 0L), .Dim = c(6L, 4L), .Dimnames = structure(list(
        c("-1", "-2", "-3", "0", "1", NA), c("A", "C", "G", NA
        )), .Names = c("", "")), class = "table"), MSJmono36_SNP1 = structure(c(1L, 
    0L, 0L, 13L, 0L, 0L, 1L, 3161L, 383L, 23L, 6238L, 222L, 7L, 
    462L, 1L, 0L, 0L, 0L, 0L, 0L, 0L, 18L, 3L, 1L, 187L, 5L, 
    0L, 0L), .Dim = c(7L, 4L), .Dimnames = structure(list(c("-1", 
    "-2", "-3", "0", "1", "2", NA), c("A", "G", "T", NA)), .Names = c("", 
    "")), class = "table"), MSJmono44_SNP1 = structure(c(0L, 
    0L, 0L, 6L, 0L, 0L, 0L, 0L, 0L, 0L, 0L, 0L, 1L, 0L, 0L, 0L, 
    364L, 20L, 2L, 0L, 5325L, 99L, 2L, 46L, 4L, 0L, 0L, 0L, 67L, 
    0L, 0L, 0L), .Dim = c(8L, 4L), .Dimnames = structure(list(
        c("-1", "-2", "-4", "-5", "0", "1", "2", NA), c("-", 
        "A", "T", NA)), .Names = c("", "")), class = "table"), 
    MSJmono46_SNP1 = structure(c(263L, 539L, 51L, 3L, 1L, 588L, 
    37L, 58L, 3L, 8L, 0L, 0L, 0L, 22L, 0L, 0L), .Dim = c(8L, 
    2L), .Dimnames = structure(list(c("-1", "-2", "-3", "-4", 
    "-5", "0", "1", NA), c("C", NA)), .Names = c("", "")), class = "table"), 
    LMmono04v2_SNP1 = structure(c(1072L, 80L, 2L, 1685L, 60L, 
    27L, 17L, 2L, 0L, 81L, 1L, 0L), .Dim = c(6L, 2L), .Dimnames = structure(list(
        c("-1", "-2", "-3", "0", "1", NA), c("C", NA)), .Names = c("", 
    "")), class = "table"), AKMmono01v2_SNP1 = structure(c(1100L, 
    93L, 7L, 1990L, 45L, 2L, 56L, 26L, 0L, 0L, 72L, 2L, 0L, 0L
    ), .Dim = c(7L, 2L), .Dimnames = structure(list(c("-1", "-2", 
    "-3", "0", "1", "2", NA), c("T", NA)), .Names = c("", "")), class = "table"), 
    AKMmono10v2_SNP1 = structure(c(127L, 5L, 711L, 10L, 3L, 40L, 
    0L, 693L, 7L, 2L, 0L, 0L, 1L, 0L, 0L, 1L, 0L, 49L, 1L, 0L
    ), .Dim = 5:4, .Dimnames = structure(list(c("-1", "-2", "0", 
    "1", NA), c("A", "G", "T", NA)), .Names = c("", "")), class = "table"), 
    AKMmono17v2_SNP1 = structure(c(9L, 0L, 191L, 2L, 1L, 47L, 
    1L, 153L, 2L, 4L, 1L, 0L, 11L, 0L, 0L), .Dim = c(5L, 3L), .Dimnames = structure(list(
        c("-1", "-2", "0", "1", NA), c("A", "C", NA)), .Names = c("", 
    "")), class = "table"), EJmono13v2_SNP1 = structure(c(38L, 
    7L, 524L, 9L, 0L, 3L, 38L, 0L, 401L, 10L, 2L, 3L, 1L, 0L, 
    19L, 0L, 0L, 0L), .Dim = c(6L, 3L), .Dimnames = structure(list(
        c("-1", "-2", "0", "1", "2", NA), c("A", "G", NA)), .Names = c("", 
    "")), class = "table"), EJmono21v2_SNP1 = structure(c(25L, 
    1L, 1L, 130L, 1L, 2L, 30L, 0L, 0L, 122L, 0L, 1L, 2L, 0L, 
    0L, 10L, 0L, 0L), .Dim = c(6L, 3L), .Dimnames = structure(list(
        c("-1", "-2", "-4", "0", "1", NA), c("C", "T", NA)),