Result <-
list(AKMmono02_SNP1 = structure(c(380L, 15L, 3L, 2836L, 79L, 
61L, 1L, 0L, 0L, 59L, 2L, 0L), .Dim = c(6L, 2L), .Dimnames = structure(list(
    c("-1", "-2", "-3", "0", "1", NA), c("T", NA)), .Names = c("", 
"")), class = "table"), AKMmono03_SNP1 = structure(c(0L, 0L, 
0L, 0L, 1L, 0L, 0L, 1013L, 191L, 23L, 1L, 6022L, 108L, 74L, 55L, 
5L, 0L, 0L, 476L, 7L, 0L), .Dim = c(7L, 3L), .Dimnames = structure(list(
    c("-1", "-2", "-3", "-4", "0", "1", NA), c("-", "A", NA)), .Names = c("", 
"")), class = "table"), AKMmono05_SNP1 = structure(c(876L, 539L, 
60L, 8L, 3337L, 137L, 3L, 90L, 1L, 0L, 0L, 0L, 1L, 0L, 0L, 0L, 
0L, 0L, 0L, 0L, 1L, 1L, 0L, 0L, 59L, 22L, 0L, 0L, 353L, 15L, 
0L, 0L), .Dim = c(8L, 4L), .Dimnames = structure(list(c("-1", 
"-2", "-3", "-4", "0", "1", "2", NA), c("A", "C", "G", NA)), .Names = c("", 
"")), class = "table"), AKMmono11_SNP1 = structure(c(1L, 0L, 
0L, 5L, 0L, 7L, 1L, 0L, 0L, 0L, 0L, 0L, 1L, 0L, 0L, 0L, 0L, 0L, 
1144L, 68L, 5L, 6640L, 89L, 0L, 0L, 1L, 149L, 175L, 4L, 0L, 1297L, 
30L, 0L, 0L, 0L, 0L), .Dim = c(9L, 4L), .Dimnames = structure(list(
    c("-1", "-2", "-3", "0", "1", "13", "14", "2", NA), c("A", 
    "C", "T", NA)), .Names = c("", "")), class = "table"), AKMmono12_SNP1 = structure(c(0L, 
0L, 0L, 0L, 1L, 0L, 0L, 0L, 0L, 1472L, 251L, 14L, 1L, 4358L, 
127L, 3L, 1L, 63L, 0L, 0L, 0L, 0L, 2L, 0L, 0L, 0L, 0L, 30L, 8L, 
0L, 0L, 392L, 2L, 1L, 0L, 0L), .Dim = c(9L, 4L), .Dimnames = structure(list(
    c("-1", "-2", "-3", "-4", "0", "1", "2", "3", NA), c("A", 
    "C", "T", NA)), .Names = c("", "")), class = "table"), AKMmono13_SNP1 = structure(c(1195L, 
380L, 35L, 1L, 4505L, 124L, 2L, 74L, 0L, 0L, 0L, 0L, 1L, 0L, 
0L, 0L, 1L, 0L, 0L, 0L, 1L, 0L, 0L, 0L, 35L, 5L, 1L, 0L, 305L, 
4L, 0L, 0L), .Dim = c(8L, 4L), .Dimnames = structure(list(c("-1", 
"-2", "-3", "-4", "0", "1", "2", NA), c("A", "C", "G", NA)), .Names = c("", 
"")), class = "table"), AKMmono16_SNP1 = structure(c(764L, 238L, 
6L, 3606L, 81L, 13L, 37L, 1L, 0L, 0L, 1L, 0L, 0L, 0L, 1L, 0L, 
0L, 0L, 0L, 0L, 0L, 21L, 3L, 1L, 199L, 5L, 2L, 0L), .Dim = c(7L, 
4L), .Dimnames = structure(list(c("-1", "-2", "-3", "0", "1", 
"2", NA), c("A", "G", "T", NA)), .Names = c("", "")), class = "table"), 
    AKMmono22_SNP1 = structure(c(661L, 157L, 15L, 2L, 3159L, 
    154L, 9L, 186L, 0L, 0L, 0L, 0L, 1L, 0L, 0L, 0L, 0L, 0L, 0L, 
    0L, 1L, 0L, 0L, 0L, 30L, 6L, 0L, 0L, 286L, 2L, 0L, 0L), .Dim = c(8L, 
    4L), .Dimnames = structure(list(c("-1", "-2", "-3", "-4", 
    "0", "1", "2", NA), c("A", "G", "T", NA)), .Names = c("", 
    "")), class = "table"), EJmono05_SNP1 = structure(c(4L, 0L, 
    0L, 35L, 0L, 0L, 0L, 0L, 0L, 2L, 0L, 0L, 1146L, 152L, 4L, 
    3110L, 68L, 43L, 22L, 3L, 0L, 115L, 3L, 0L), .Dim = c(6L, 
    4L), .Dimnames = structure(list(c("-1", "-2", "-3", "0", 
    "1", NA), c("-", "A", "T", NA)), .Names = c("", "")), class = "table"), 
    EJmono16_SNP1 = structure(c(370L, 22L, 2L, 4642L, 527L, 19L, 
    5L, 1L, 294L, 0L, 0L, 0L, 1L, 0L, 0L, 0L, 0L, 0L, 4L, 0L, 
    0L, 67L, 4L, 0L, 0L, 0L, 0L), .Dim = c(9L, 3L), .Dimnames = structure(list(
        c("-1", "-2", "-3", "0", "1", "2", "3", "4", NA), c("A", 
        "C", NA)), .Names = c("", "")), class = "table"), LMmono01_SNP1 = structure(c(942L, 
    56L, 1L, 2873L, 46L, 43L, 1L, 0L, 0L, 0L, 0L, 0L, 0L, 0L, 
    0L, 1L, 0L, 0L, 29L, 0L, 0L, 208L, 1L, 0L), .Dim = c(6L, 
    4L), .Dimnames = structure(list(c("-1", "-2", "-3", "0", 
    "1", NA), c("A", "G", "T", NA)), .Names = c("", "")), class = "table"), 
    LMmono03_SNP1 = structure(c(0L, 0L, 0L, 1L, 0L, 0L, 0L, 0L, 
    0L, 0L, 0L, 0L, 0L, 0L, 3L, 0L, 0L, 0L, 634L, 131L, 396L, 
    147L, 6L, 2385L, 74L, 1L, 122L, 17L, 3L, 3L, 1L, 0L, 157L, 
    0L, 0L, 0L), .Dim = c(9L, 4L), .Dimnames = structure(list(
        c("-1", "-2", "-3", "-4", "-5", "0", "1", "2", NA), c("-", 
        "A", "C", NA)), .Names = c("", "")), class = "table"), 
    LMmono09_SNP1 = structure(c(0L, 0L, 0L, 0L, 1L, 0L, 0L, 0L, 
    0L, 2L, 0L, 0L, 0L, 0L, 0L, 1L, 3381L, 788L, 46L, 0L, 8479L, 
    295L, 12L, 412L, 32L, 6L, 2L, 1L, 108L, 0L, 0L, 0L), .Dim = c(8L, 
    4L), .Dimnames = structure(list(c("-1", "-2", "-3", "-4", 
    "0", "1", "2", NA), c("A", "C", "T", NA)), .Names = c("", 
    "")), class = "table"), LMmono12_SNP1 = structure(c(634L, 
    262L, 258L, 21L, 2436L, 178L, 11L, 143L, 0L, 0L, 0L, 0L, 
    0L, 1L, 0L, 0L, 7L, 1L, 1L, 1L, 87L, 3L, 0L, 0L), .Dim = c(8L, 
    3L), .Dimnames = structure(list(c("-1", "-2", "-3", "-4", 
    "0", "1", "2", NA), c("A", "T", NA)), .Names = c("", "")), class = "table"), 
    LMmono16_SNP1 = structure(c(822L, 294L, 84L, 41L, 4L, 3967L, 
    253L, 16L, 651L, 1L, 154L, 11L, 1L, 278L, 0L, 0L, 0L, 0L, 
    0L, 0L, 0L, 0L, 0L, 0L, 0L, 0L, 0L, 1L, 26L, 8L, 2L, 0L, 
    0L, 645L, 7L, 0L, 33L, 0L, 11L, 1L, 0L, 0L), .Dim = c(14L, 
    3L), .Dimnames = structure(list(c("-1", "-2", "-3", "-4", 
    "-5", "0", "1", "2", "3", "4", "5", "6", "7", NA), c("A", 
    "T", NA)), .Names = c("", "")), class = "table"), MSJmono10_SNP1 = structure(c(0L, 
    0L, 0L, 0L, 1L, 0L, 0L, 0L, 756L, 712L, 64L, 1L, 3370L, 109L, 
    3L, 31L, 21L, 17L, 0L, 0L, 178L, 5L, 0L, 0L), .Dim = c(8L, 
    3L), .Dimnames = structure(list(c("-1", "-2", "-3", "-4", 
    "0", "1", "2", NA), c("A", "C", NA)), .Names = c("", "")), class = "table"), 
    MSJmono19ms1_SNP1 = structure(c(682L, 82L, 6L, 1L, 4370L, 
    113L, 2L, 132L, 0L, 0L, 0L, 0L, 3L, 0L, 0L, 0L, 0L, 0L, 0L, 
    0L, 2L, 0L, 0L, 0L, 51L, 3L, 2L, 1L, 429L, 18L, 1L, 0L), .Dim = c(8L, 
    4L), .Dimnames = structure(list(c("-1", "-2", "-3", "-4", 
    "0", "1", "2", NA), c("A", "C", "T", NA)), .Names = c("", 
    "")), class = "table"), MSJmono19ms2_SNP1 = structure(c(764L, 
    42L, 1L, 4201L, 35L, 102L, 0L, 0L, 0L, 1L, 0L, 0L, 8L, 0L, 
    0L, 326L, 2L, 0L), .Dim = c(6L, 3L), .Dimnames = structure(list(
        c("-1", "-2", "-3", "0", "1", NA), c("C", "G", NA)), .Names = c("", 
    "")), class = "table"), MSJmono36_SNP1 = structure(c(1L, 
    0L, 0L, 0L, 0L, 0L, 0L, 0L, 343L, 499L, 42L, 1L, 4061L, 102L, 
    7L, 97L, 0L, 0L, 0L, 0L, 1L, 0L, 0L, 0L, 0L, 4L, 1L, 0L, 
    108L, 1L, 0L, 0L), .Dim = c(8L, 4L), .Dimnames = structure(list(
        c("-1", "-2", "-3", "-4", "0", "1", "2", NA), c("C", 
        "G", "T", NA)), .Names = c("", "")), class = "table"), 
    MSJmono44_SNP1 = structure(c(239L, 11L, 2143L, 268L, 10L, 
    64L, 4L, 0L, 29L, 6L, 0L, 0L), .Dim = c(6L, 2L), .Dimnames = structure(list(
        c("-1", "-2", "0", "1", "2", NA), c("T", NA)), .Names = c("", 
    "")), class = "table"), MSJmono46_SNP1 = structure(c(741L, 
    186L, 10L, 1L, 1801L, 87L, 2L, 76L, 0L, 0L, 0L, 0L, 1L, 0L, 
    0L, 0L, 10L, 4L, 0L, 0L, 55L, 0L, 0L, 0L), .Dim = c(8L, 3L
    ), .Dimnames = structure(list(c("-1", "-2", "-3", "-4", "0", 
    "1", "2", NA), c("C", "T", NA)), .Names = c("", "")), class = "table"), 
    LMmono04v2_SNP1 = structure(c(405L, 364L, 11L, 1L, 2136L, 
    77L, 3L, 34L, 7L, 1L, 0L, 0L, 97L, 4L, 0L, 0L), .Dim = c(8L, 
    2L), .Dimnames = structure(list(c("-1", "-2", "-3", "-4", 
    "0", "1", "2", NA), c("C", NA)), .Names = c("", "")), class = "table"), 
    AKMmono01v2_SNP1 = structure(c(0L, 0L, 0L, 0L, 1L, 0L, 0L, 
    0L, 1826L, 144L, 278L, 3L, 31L, 1L, 0L, 81L, 366L, 76L, 3L, 
    0L, 1369L, 28L, 1L, 20L, 47L, 4L, 4L, 0L, 64L, 1L, 0L, 0L
    ), .Dim = c(8L, 4L), .Dimnames = structure(list(c("-1", "-2", 
    "-3", "-4", "0", "1", "3", NA), c("-", "C", "T", NA)), .Names = c("", 
    "")), class = "table"), AKMmono10v2_SNP1 = structure(c(533L, 
    8L, 1396L, 20L, 20L, 0L, 0L, 1L, 0L, 0L, 1L, 0L, 0L, 0L, 
    0L, 6L, 0L, 62L, 1L, 0L), .Dim = 5:4, .Dimnames = structure(list(
        c("-1", "-2", "0", "1", NA), c("A", "G", "T", NA)), .Names = c("", 
    "")), class = "table"), AKMmono17v2_SNP1 = structure(c(67L, 
    0L, 0L, 387L, 4L, 2L, 5L, 186L, 30L, 2L, 297L, 5L, 0L, 10L, 
    6L, 0L, 0L, 31L, 1L, 0L, 0L), .Dim = c(7L, 3L),