Result <-
list(AKMmono02_SNP1 = structure(c(554L, 22L, 3L, 4962L, 116L, 
3L, 121L, 6L, 0L, 0L, 80L, 0L, 0L, 0L), .Dim = c(7L, 2L), .Dimnames = structure(list(
    c("-1", "-2", "-3", "0", "1", "2", NA), c("T", NA)), .Names = c("", 
"")), class = "table"), AKMmono03_SNP1 = structure(c(950L, 128L, 
19L, 4L, 8121L, 121L, 5L, 104L, 51L, 1L, 0L, 0L, 614L, 3L, 0L, 
0L), .Dim = c(8L, 2L), .Dimnames = structure(list(c("-1", "-2", 
"-3", "-4", "0", "1", "2", NA), c("A", NA)), .Names = c("", ""
)), class = "table"), AKMmono05_SNP1 = structure(c(779L, 99L, 
10L, 8L, 4813L, 207L, 5L, 87L, 0L, 0L, 0L, 0L, 1L, 0L, 0L, 0L, 
0L, 0L, 0L, 0L, 1L, 0L, 0L, 1L, 32L, 3L, 0L, 0L, 427L, 18L, 1L, 
0L), .Dim = c(8L, 4L), .Dimnames = structure(list(c("-1", "-2", 
"-3", "-4", "0", "1", "2", NA), c("A", "C", "T", NA)), .Names = c("", 
"")), class = "table"), AKMmono11_SNP1 = structure(c(0L, 0L, 
0L, 1L, 0L, 0L, 1L, 0L, 0L, 0L, 0L, 0L, 934L, 49L, 1L, 7331L, 
149L, 147L, 180L, 7L, 0L, 1441L, 54L, 0L), .Dim = c(6L, 4L), .Dimnames = structure(list(
    c("-1", "-2", "-4", "0", "1", NA), c("A", "C", "T", NA)), .Names = c("", 
"")), class = "table"), AKMmono12_SNP1 = structure(c(1153L, 90L, 
6L, 4L, 7449L, 222L, 6L, 69L, 0L, 0L, 0L, 0L, 1L, 0L, 0L, 0L, 
23L, 0L, 1L, 0L, 607L, 6L, 0L, 0L), .Dim = c(8L, 3L), .Dimnames = structure(list(
    c("-1", "-2", "-3", "-4", "0", "1", "2", NA), c("C", "G", 
    NA)), .Names = c("", "")), class = "table"), AKMmono13_SNP1 = structure(c(437L, 
21L, 5L, 6303L, 158L, 5L, 53L, 0L, 0L, 0L, 1L, 0L, 0L, 0L, 0L, 
0L, 0L, 1L, 0L, 0L, 0L, 14L, 0L, 0L, 362L, 8L, 0L, 0L), .Dim = c(7L, 
4L), .Dimnames = structure(list(c("-1", "-2", "-3", "0", "1", 
"2", NA), c("A", "G", "T", NA)), .Names = c("", "")), class = "table"), 
    AKMmono16_SNP1 = structure(c(533L, 24L, 1L, 5395L, 91L, 3L, 
    37L, 0L, 0L, 0L, 1L, 0L, 0L, 0L, 0L, 0L, 0L, 1L, 0L, 0L, 
    0L, 0L, 0L, 0L, 1L, 0L, 0L, 0L, 15L, 1L, 0L, 329L, 5L, 0L, 
    0L), .Dim = c(7L, 5L), .Dimnames = structure(list(c("-1", 
    "-2", "-3", "0", "1", "2", NA), c("A", "C", "G", "T", NA)), .Names = c("", 
    "")), class = "table"), AKMmono22_SNP1 = structure(c(483L, 
    78L, 7L, 1L, 3149L, 205L, 19L, 160L, 0L, 0L, 0L, 0L, 1L, 
    0L, 0L, 0L, 17L, 1L, 0L, 0L, 273L, 7L, 1L, 0L), .Dim = c(8L, 
    3L), .Dimnames = structure(list(c("-1", "-2", "-3", "-4", 
    "0", "1", "2", NA), c("A", "G", NA)), .Names = c("", "")), class = "table"), 
    EJmono05_SNP1 = structure(c(0L, 0L, 1L, 0L, 0L, 0L, 0L, 0L, 
    1L, 0L, 0L, 0L, 457L, 38L, 4285L, 92L, 1L, 47L, 5L, 0L, 139L, 
    0L, 0L, 0L), .Dim = c(6L, 4L), .Dimnames = structure(list(
        c("-1", "-2", "0", "1", "2", NA), c("A", "G", "T", NA
        )), .Names = c("", "")), class = "table"), EJmono16_SNP1 = structure(c(433L, 
    25L, 2L, 5697L, 330L, 15L, 1L, 219L, 3L, 1L, 0L, 73L, 2L, 
    0L, 0L, 0L), .Dim = c(8L, 2L), .Dimnames = structure(list(
        c("-1", "-2", "-3", "0", "1", "2", "3", NA), c("A", NA
        )), .Names = c("", "")), class = "table"), LMmono01_SNP1 = structure(c(602L, 
    28L, 1L, 5335L, 92L, 1L, 37L, 38L, 0L, 0L, 368L, 11L, 0L, 
    0L), .Dim = c(7L, 2L), .Dimnames = structure(list(c("-1", 
    "-2", "-4", "0", "1", "2", NA), c("A", NA)), .Names = c("", 
    "")), class = "table"), LMmono03_SNP1 = structure(c(0L, 0L, 
    0L, 0L, 3L, 0L, 0L, 0L, 0L, 647L, 103L, 11L, 1L, 2790L, 86L, 
    3L, 1L, 118L, 8L, 1L, 1L, 0L, 172L, 5L, 0L, 0L, 0L), .Dim = c(9L, 
    3L), .Dimnames = structure(list(c("-1", "-2", "-3", "-5", 
    "0", "1", "2", "3", NA), c("A", "C", NA)), .Names = c("", 
    "")), class = "table"), LMmono09_SNP1 = structure(c(918L, 
    76L, 1L, 7781L, 232L, 9L, 166L, 1L, 0L, 0L, 97L, 0L, 0L, 
    0L), .Dim = c(7L, 2L), .Dimnames = structure(list(c("-1", 
    "-2", "-3", "0", "1", "2", NA), c("T", NA)), .Names = c("", 
    "")), class = "table"), LMmono12_SNP1 = structure(c(714L, 
    52L, 2L, 3316L, 200L, 7L, 127L, 0L, 0L, 0L, 1L, 0L, 0L, 0L, 
    6L, 0L, 0L, 124L, 6L, 1L, 0L), .Dim = c(7L, 3L), .Dimnames = structure(list(
        c("-1", "-2", "-3", "0", "1", "2", NA), c("A", "G", NA
        )), .Names = c("", "")), class = "table"), LMmono16_SNP1 = structure(c(869L, 
    83L, 3L, 1L, 4863L, 252L, 16L, 465L, 147L, 14L, 230L, 0L, 
    0L, 0L, 0L, 1L, 0L, 0L, 0L, 0L, 0L, 0L, 29L, 1L, 0L, 0L, 
    783L, 3L, 1L, 29L, 13L, 0L, 0L), .Dim = c(11L, 3L), .Dimnames = structure(list(
        c("-1", "-2", "-3", "-4", "0", "1", "2", "3", "5", "6", 
        NA), c("A", "G", NA)), .Names = c("", "")), class = "table"), 
    MSJmono10_SNP1 = structure(c(0L, 0L, 0L, 1L, 0L, 0L, 0L, 
    465L, 22L, 2L, 7680L, 286L, 8L, 24L, 1L, 0L, 0L, 2L, 0L, 
    0L, 0L, 17L, 0L, 0L, 439L, 16L, 1L, 0L), .Dim = c(7L, 4L), .Dimnames = structure(list(
        c("-1", "-2", "-3", "0", "1", "2", NA), c("A", "C", "T", 
        NA)), .Names = c("", "")), class = "table"), MSJmono19ms1_SNP1 = structure(c(0L, 
    0L, 0L, 1L, 0L, 0L, 0L, 448L, 26L, 2L, 6681L, 219L, 7L, 151L, 
    0L, 0L, 0L, 11L, 0L, 0L, 2L, 0L, 0L, 0L, 4L, 0L, 0L, 0L, 
    48L, 2L, 1L, 712L, 16L, 1L, 0L), .Dim = c(7L, 5L), .Dimnames = structure(list(
        c("-1", "-2", "-3", "0", "1", "2", NA), c("-", "A", "C", 
        "T", NA)), .Names = c("", "")), class = "table"), MSJmono19ms2_SNP1 = structure(c(394L, 
    8L, 6839L, 67L, 1L, 74L, 0L, 0L, 1L, 0L, 0L, 0L, 3L, 0L, 
    519L, 1L, 0L, 0L), .Dim = c(6L, 3L), .Dimnames = structure(list(
        c("-1", "-2", "0", "1", "2", NA), c("C", "T", NA)), .Names = c("", 
    "")), class = "table"), MSJmono36_SNP1 = structure(c(0L, 
    0L, 0L, 2L, 0L, 0L, 0L, 419L, 16L, 1L, 5978L, 192L, 4L, 81L, 
    3L, 0L, 0L, 178L, 2L, 1L, 0L), .Dim = c(7L, 3L), .Dimnames = structure(list(
        c("-1", "-2", "-4", "0", "1", "2", NA), c("A", "G", NA
        )), .Names = c("", "")), class = "table"), MSJmono44_SNP1 = structure(c(0L, 
    0L, 1L, 0L, 0L, 0L, 235L, 16L, 4124L, 74L, 2L, 23L, 0L, 0L, 
    75L, 0L, 0L, 0L), .Dim = c(6L, 3L), .Dimnames = structure(list(
        c("-1", "-2", "0", "1", "2", NA), c("C", "T", NA)), .Names = c("", 
    "")), class = "table"), MSJmono46_SNP1 = structure(c(383L, 
    32L, 3L, 1611L, 85L, 1L, 42L, 9L, 0L, 0L, 51L, 1L, 0L, 0L
    ), .Dim = c(7L, 2L), .Dimnames = structure(list(c("-1", "-2", 
    "-3", "0", "1", "3", NA), c("C", NA)), .Names = c("", "")), class = "table"), 
    LMmono04v2_SNP1 = structure(c(409L, 28L, 3L, 2763L, 113L, 
    7L, 19L, 8L, 0L, 0L, 150L, 3L, 0L, 0L), .Dim = c(7L, 2L), .Dimnames = structure(list(
        c("-1", "-2", "-3", "0", "1", "2", NA), c("C", NA)), .Names = c("", 
    "")), class = "table"), AKMmono01v2_SNP1 = structure(c(0L, 
    0L, 0L, 1L, 0L, 0L, 0L, 0L, 0L, 0L, 1L, 0L, 0L, 0L, 0L, 0L, 
    0L, 1L, 0L, 0L, 0L, 417L, 20L, 1L, 5292L, 75L, 3L, 34L, 7L, 
    0L, 0L, 224L, 3L, 1L, 0L), .Dim = c(7L, 5L), .Dimnames = structure(list(
        c("-1", "-2", "-3", "0", "1", "2", NA), c("-", "A", "C", 
        "T", NA)), .Names = c("", "")), class = "table"), AKMmono10v2_SNP1 = structure(c(0L, 
    0L, 2L, 0L, 0L, 0L, 113L, 4L, 2565L, 32L, 1L, 10L, 1L, 0L, 
    114L, 1L, 0L, 0L), .Dim = c(6L, 3L), .Dimnames = structure(list(
        c("-1", "-2", "0", "1", "2", NA), c("A", "G", NA)), .Names = c("", 
    "")), class = "table"), AKMmono17v2_SNP1 = structure(c(0L, 
    1L, 0L, 6L, 0L, 0L, 78L, 7L, 1L, 1045L, 17L, 6L, 1L, 0L, 
    0L, 27L, 0L, 0L), .Dim = c(6L, 3L), .Dimnames = structure(list(
        c("-1", "-2", "-3", "0", "1", NA), c("A", "C", NA)), .Names = c("", 
    "")), class = "table"), EJmono13v2_SNP1 = structure(c(175L, 
    2L, 2142L, 55L, 15L, 3L, 0L, 50L, 2L, 0L), .Dim = c(5L, 2L
    ), .Dimnames = structure(list(c("-1", "-2", "0", "1", NA), 
        c("G", NA)), .Names = c("", "")), class = "table"), EJmono21v2_SNP1 = structure(c(86L, 
    2L, 692L, 12L, 8L, 0L, 0L, 6L, 0L, 0L, 1L, 0L, 31L, 0L, 0L
    ), .Dim = c(5L, 3L), .Dimnames = structure(list(c("-1", "-2", 
    "0", "1", NA), c("C", "T", NA)), .Names = c("", "")), class = "table"),