Result <-
list(AKMmono02_SNP1 = structure(c(513L, 27L, 3L, 4126L, 118L, 
3L, 110L, 6L, 0L, 0L, 74L, 0L, 0L, 0L), .Dim = c(7L, 2L), .Dimnames = structure(list(
    c("-1", "-2", "-3", "0", "1", "2", NA), c("T", NA)), .Names = c("", 
"")), class = "table"), AKMmono03_SNP1 = structure(c(1057L, 145L, 
42L, 3L, 1L, 7128L, 134L, 2L, 111L, 0L, 0L, 0L, 0L, 0L, 1L, 0L, 
0L, 0L, 65L, 7L, 1L, 0L, 0L, 559L, 8L, 0L, 0L), .Dim = c(9L, 
3L), .Dimnames = structure(list(c("-1", "-2", "-3", "-4", "-5", 
"0", "1", "2", NA), c("A", "C", NA)), .Names = c("", "")), class = "table"), 
    AKMmono05_SNP1 = structure(c(587L, 109L, 10L, 4L, 1L, 3592L, 
    160L, 3L, 62L, 0L, 0L, 0L, 0L, 0L, 1L, 1L, 0L, 0L, 0L, 0L, 
    0L, 0L, 0L, 2L, 0L, 0L, 0L, 34L, 2L, 0L, 0L, 0L, 363L, 17L, 
    0L, 0L), .Dim = c(9L, 4L), .Dimnames = structure(list(c("-1", 
    "-2", "-3", "-4", "-5", "0", "1", "2", NA), c("A", "C", "G", 
    NA)), .Names = c("", "")), class = "table"), AKMmono11_SNP1 = structure(c(1L, 
    0L, 0L, 4L, 1L, 0L, 1L, 2147L, 238L, 10L, 12723L, 303L, 1L, 
    311L, 290L, 12L, 0L, 2546L, 70L, 2L, 0L), .Dim = c(7L, 3L
    ), .Dimnames = structure(list(c("-1", "-2", "-3", "0", "1", 
    "2", NA), c("A", "T", NA)), .Names = c("", "")), class = "table"), 
    AKMmono12_SNP1 = structure(c(0L, 0L, 0L, 0L, 3L, 0L, 0L, 
    0L, 1813L, 208L, 14L, 1L, 9497L, 255L, 12L, 76L, 0L, 0L, 
    0L, 0L, 1L, 0L, 0L, 0L, 0L, 0L, 0L, 0L, 8L, 0L, 0L, 0L, 49L, 
    4L, 0L, 0L, 866L, 5L, 0L, 0L), .Dim = c(8L, 5L), .Dimnames = structure(list(
        c("-1", "-2", "-3", "-4", "0", "1", "2", NA), c("A", 
        "C", "G", "T", NA)), .Names = c("", "")), class = "table"), 
    AKMmono13_SNP1 = structure(c(289L, 17L, 1L, 4289L, 156L, 
    6L, 33L, 0L, 0L, 0L, 1L, 0L, 0L, 0L, 6L, 0L, 1L, 279L, 6L, 
    0L, 0L), .Dim = c(7L, 3L), .Dimnames = structure(list(c("-1", 
    "-2", "-3", "0", "1", "2", NA), c("A", "G", NA)), .Names = c("", 
    "")), class = "table"), AKMmono16_SNP1 = structure(c(488L, 
    22L, 3L, 4051L, 106L, 7L, 28L, 0L, 0L, 0L, 2L, 0L, 0L, 0L, 
    12L, 1L, 0L, 269L, 3L, 1L, 0L), .Dim = c(7L, 3L), .Dimnames = structure(list(
        c("-1", "-2", "-3", "0", "1", "2", NA), c("A", "T", NA
        )), .Names = c("", "")), class = "table"), AKMmono22_SNP1 = structure(c(411L, 
    101L, 14L, 5L, 2388L, 179L, 10L, 1L, 114L, 11L, 6L, 0L, 0L, 
    241L, 6L, 0L, 0L, 0L), .Dim = c(9L, 2L), .Dimnames = structure(list(
        c("-1", "-2", "-3", "-4", "0", "1", "2", "3", NA), c("A", 
        NA)), .Names = c("", "")), class = "table"), EJmono05_SNP1 = structure(c(559L, 
    57L, 2L, 4151L, 95L, 41L, 14L, 0L, 0L, 152L, 4L, 0L), .Dim = c(6L, 
    2L), .Dimnames = structure(list(c("-1", "-2", "-3", "0", 
    "1", NA), c("T", NA)), .Names = c("", "")), class = "table"), 
    EJmono16_SNP1 = structure(c(570L, 36L, 2L, 7213L, 467L, 43L, 
    2L, 324L, 3L, 0L, 0L, 86L, 6L, 0L, 0L, 0L), .Dim = c(8L, 
    2L), .Dimnames = structure(list(c("-1", "-2", "-3", "0", 
    "1", "2", "3", NA), c("A", NA)), .Names = c("", "")), class = "table"), 
    LMmono01_SNP1 = structure(c(486L, 32L, 2665L, 68L, 1L, 28L, 
    0L, 0L, 1L, 0L, 0L, 0L, 16L, 1L, 194L, 4L, 0L, 0L), .Dim = c(6L, 
    3L), .Dimnames = structure(list(c("-1", "-2", "0", "1", "2", 
    NA), c("A", "T", NA)), .Names = c("", "")), class = "table"), 
    LMmono03_SNP1 = structure(c(0L, 0L, 0L, 0L, 0L, 3L, 0L, 0L, 
    0L, 624L, 104L, 15L, 2L, 50L, 2592L, 103L, 3L, 139L, 0L, 
    1L, 0L, 0L, 0L, 0L, 0L, 0L, 0L, 12L, 3L, 0L, 0L, 0L, 154L, 
    2L, 0L, 0L), .Dim = c(9L, 4L), .Dimnames = structure(list(
        c("-1", "-2", "-3", "-4", "-7", "0", "1", "2", NA), c("A", 
        "C", "T", NA)), .Names = c("", "")), class = "table"), 
    LMmono09_SNP1 = structure(c(1L, 0L, 0L, 2L, 0L, 0L, 0L, 0L, 
    0L, 0L, 1L, 0L, 0L, 0L, 2047L, 357L, 34L, 10615L, 427L, 16L, 
    316L, 19L, 5L, 0L, 162L, 2L, 1L, 0L), .Dim = c(7L, 4L), .Dimnames = structure(list(
        c("-1", "-2", "-3", "0", "1", "2", NA), c("A", "C", "T", 
        NA)), .Names = c("", "")), class = "table"), LMmono12_SNP1 = structure(c(447L, 
    39L, 2463L, 227L, 18L, 92L, 2L, 0L, 68L, 3L, 1L, 0L), .Dim = c(6L, 
    2L), .Dimnames = structure(list(c("-1", "-2", "0", "1", "2", 
    NA), c("A", NA)), .Names = c("", "")), class = "table"), 
    LMmono16_SNP1 = structure(c(2431L, 259L, 12L, 2L, 3L, 8843L, 
    762L, 56L, 11L, 65L, 16L, 1L, 243L, 1L, 0L, 0L, 0L, 0L, 1L, 
    0L, 0L, 0L, 0L, 0L, 0L, 0L, 1L, 0L, 0L, 0L, 0L, 1L, 0L, 0L, 
    0L, 0L, 0L, 0L, 0L, 96L, 8L, 1L, 0L, 0L, 1376L, 49L, 5L, 
    0L, 7L, 1L, 0L, 0L), .Dim = c(13L, 4L), .Dimnames = structure(list(
        c("-1", "-2", "-3", "-4", "-5", "0", "1", "2", "3", "5", 
        "6", "7", NA), c("A", "G", "T", NA)), .Names = c("", 
    "")), class = "table"), MSJmono10_SNP1 = structure(c(0L, 
    0L, 0L, 5L, 0L, 0L, 0L, 0L, 1013L, 84L, 1L, 13219L, 648L, 
    28L, 1L, 74L, 0L, 0L, 0L, 1L, 0L, 0L, 0L, 0L, 35L, 2L, 0L, 
    881L, 29L, 2L, 0L, 0L), .Dim = c(8L, 4L), .Dimnames = structure(list(
        c("-1", "-2", "-3", "0", "1", "2", "3", NA), c("A", "C", 
        "T", NA)), .Names = c("", "")), class = "table"), MSJmono19ms1_SNP1 = structure(c(514L, 
    28L, 5L, 1L, 7446L, 351L, 9L, 194L, 0L, 0L, 0L, 0L, 13L, 
    0L, 0L, 2L, 0L, 0L, 0L, 0L, 1L, 0L, 0L, 0L, 0L, 0L, 0L, 0L, 
    4L, 0L, 0L, 1L, 47L, 1L, 0L, 0L, 812L, 28L, 2L, 0L), .Dim = c(8L, 
    5L), .Dimnames = structure(list(c("-1", "-2", "-3", "-4", 
    "0", "1", "2", NA), c("A", "C", "G", "T", NA)), .Names = c("", 
    "")), class = "table"), MSJmono19ms2_SNP1 = structure(c(0L, 
    0L, 1L, 0L, 0L, 0L, 422L, 72L, 7520L, 115L, 3L, 113L, 0L, 
    0L, 1L, 0L, 0L, 0L, 0L, 0L, 2L, 0L, 0L, 0L, 4L, 0L, 555L, 
    2L, 0L, 0L), .Dim = 6:5, .Dimnames = structure(list(c("-1", 
    "-2", "0", "1", "2", NA), c("A", "C", "G", "T", NA)), .Names = c("", 
    "")), class = "table"), MSJmono36_SNP1 = structure(c(0L, 
    0L, 0L, 1L, 0L, 0L, 0L, 332L, 14L, 1L, 4419L, 124L, 2L, 62L, 
    1L, 0L, 0L, 151L, 0L, 0L, 0L), .Dim = c(7L, 3L), .Dimnames = structure(list(
        c("-1", "-2", "-3", "0", "1", "2", NA), c("A", "G", NA
        )), .Names = c("", "")), class = "table"), MSJmono44_SNP1 = structure(c(0L, 
    0L, 0L, 1L, 0L, 0L, 0L, 164L, 22L, 3L, 3381L, 92L, 1L, 35L, 
    2L, 0L, 0L, 59L, 1L, 0L, 0L), .Dim = c(7L, 3L), .Dimnames = structure(list(
        c("-1", "-2", "-3", "0", "1", "2", NA), c("C", "T", NA
        )), .Names = c("", "")), class = "table"), MSJmono46_SNP1 = structure(c(788L, 
    211L, 63L, 54L, 2943L, 213L, 5L, 118L, 0L, 1L, 0L, 0L, 1L, 
    0L, 0L, 0L, 13L, 1L, 0L, 0L, 83L, 2L, 0L, 0L), .Dim = c(8L, 
    3L), .Dimnames = structure(list(c("-1", "-2", "-3", "-4", 
    "0", "1", "2", NA), c("C", "G", NA)), .Names = c("", "")), class = "table"), 
    LMmono04v2_SNP1 = structure(c(245L, 67L, 5L, 1L, 1652L, 98L, 
    10L, 10L, 3L, 2L, 0L, 0L, 87L, 2L, 0L, 0L), .Dim = c(8L, 
    2L), .Dimnames = structure(list(c("-1", "-2", "-3", "-5", 
    "0", "1", "2", NA), c("C", NA)), .Names = c("", "")), class = "table"), 
    AKMmono01v2_SNP1 = structure(c(1L, 0L, 0L, 0L, 0L, 0L, 0L, 
    0L, 0L, 0L, 0L, 0L, 1L, 0L, 0L, 0L, 0L, 0L, 0L, 0L, 1L, 0L, 
    0L, 1L, 577L, 39L, 2L, 1L, 5945L, 111L, 4L, 56L, 17L, 3L, 
    0L, 0L, 275L, 6L, 0L, 0L), .Dim = c(8L, 5L), .Dimnames = structure(list(
        c("-1", "-2", "-3", "-4", "0", "1", "2", NA), c("-", 
        "A", "G", "T", NA)), .Names = c("", "")), class = "table"), 
    AKMmono10v2_SNP1 = structure(c(132L, 1L, 2281L, 35L, 2L, 
    7L, 23L, 0L, 67L, 2L, 0L, 1L, 1L, 0L, 86L, 2L, 0L, 0L), .Dim = c(6L, 
    3L), .Dimnames = structure(list(c("-1", "-2", "0", "1", "2", 
    NA), c("A", "G", NA)), .Names = c("", "")), class = "table"), 
    AKMmono17v2_SNP1 = structure(c(27L, 0L, 0L, 12L, 0L, 1L, 
    76L, 4L, 1L, 1173L, 12L, 10L, 0L, 0L, 0L, 48L, 1L, 0L), .Dim = c(6L, 
    3L), .Dimnames = structure(list(c("-1", "-2", "-3", "0", 
    "1", NA), c("A", "C", NA)), .Names = c("", "")), class = "table"),