Result <-
list(AKMmono02_SNP1 = structure(c(1L, 0L, 0L, 0L, 0L, 0L, 0L, 
1L, 0L, 0L, 0L, 0L, 0L, 0L, 1098L, 175L, 6L, 1230L, 418L, 23L, 
269L, 21L, 3L, 0L, 58L, 9L, 0L, 0L), .Dim = c(7L, 4L), .Dimnames = structure(list(
    c("-1", "-2", "-3", "0", "1", "2", NA), c("C", "G", "T", 
    NA)), .Names = c("", "")), class = "table"), AKMmono03_SNP1 = structure(c(2526L, 
667L, 111L, 4L, 3203L, 65L, 1L, 295L, 0L, 0L, 0L, 0L, 2L, 0L, 
0L, 0L, 2L, 0L, 0L, 0L, 1L, 0L, 0L, 0L, 1L, 0L, 0L, 0L, 0L, 0L, 
0L, 0L, 131L, 30L, 1L, 1L, 318L, 6L, 0L, 0L), .Dim = c(8L, 5L
), .Dimnames = structure(list(c("-1", "-2", "-3", "-4", "0", 
"1", "2", NA), c("A", "C", "G", "T", NA)), .Names = c("", "")), class = "table"), 
    AKMmono05_SNP1 = structure(c(1129L, 196L, 21L, 3L, 3841L, 
    161L, 4L, 1L, 139L, 67L, 8L, 1L, 0L, 430L, 18L, 1L, 0L, 0L
    ), .Dim = c(9L, 2L), .Dimnames = structure(list(c("-1", "-2", 
    "-3", "-4", "0", "1", "2", "3", NA), c("A", NA)), .Names = c("", 
    "")), class = "table"), AKMmono11_SNP1 = structure(c(0L, 
    0L, 0L, 0L, 1L, 0L, 0L, 0L, 4L, 0L, 0L, 0L, 1L, 0L, 0L, 4L, 
    0L, 1L, 0L, 0L, 0L, 0L, 0L, 0L, 4485L, 3145L, 115L, 2L, 3304L, 
    76L, 2L, 985L, 515L, 131L, 1L, 0L, 446L, 13L, 0L, 0L), .Dim = c(8L, 
    5L), .Dimnames = structure(list(c("-1", "-2", "-3", "-4", 
    "0", "1", "2", NA), c("-", "A", "C", "T", NA)), .Names = c("", 
    "")), class = "table"), AKMmono12_SNP1 = structure(c(0L, 
    0L, 0L, 0L, 1L, 0L, 0L, 1L, 2165L, 645L, 42L, 2L, 4625L, 
    125L, 4L, 192L, 51L, 17L, 1L, 1L, 356L, 3L, 0L, 0L), .Dim = c(8L, 
    3L), .Dimnames = structure(list(c("-1", "-2", "-3", "-4", 
    "0", "1", "2", NA), c("A", "C", NA)), .Names = c("", "")), class = "table"), 
    AKMmono13_SNP1 = structure(c(2149L, 223L, 2L, 2581L, 87L, 
    2L, 182L, 66L, 6L, 0L, 192L, 5L, 0L, 0L), .Dim = c(7L, 2L
    ), .Dimnames = structure(list(c("-1", "-2", "-3", "0", "1", 
    "2", NA), c("A", NA)), .Names = c("", "")), class = "table"), 
    AKMmono16_SNP1 = structure(c(1564L, 616L, 133L, 1L, 1264L, 
    32L, 122L, 1L, 0L, 0L, 0L, 0L, 0L, 0L, 1L, 0L, 0L, 0L, 0L, 
    0L, 0L, 34L, 16L, 2L, 0L, 92L, 3L, 0L), .Dim = c(7L, 4L), .Dimnames = structure(list(
        c("-1", "-2", "-3", "-4", "0", "1", NA), c("A", "G", 
        "T", NA)), .Names = c("", "")), class = "table"), AKMmono22_SNP1 = structure(c(683L, 
    341L, 48L, 7L, 992L, 50L, 1L, 1L, 234L, 0L, 0L, 0L, 0L, 1L, 
    0L, 0L, 0L, 0L, 29L, 12L, 4L, 0L, 124L, 2L, 0L, 0L, 0L), .Dim = c(9L, 
    3L), .Dimnames = structure(list(c("-1", "-2", "-3", "-4", 
    "0", "1", "2", "3", NA), c("A", "G", NA)), .Names = c("", 
    "")), class = "table"), EJmono05_SNP1 = structure(c(0L, 0L, 
    1L, 0L, 0L, 0L, 0L, 0L, 0L, 2L, 0L, 0L, 0L, 0L, 465L, 41L, 
    2837L, 81L, 2L, 0L, 59L, 3L, 0L, 125L, 2L, 0L, 1L, 0L), .Dim = c(7L, 
    4L), .Dimnames = structure(list(c("-1", "-2", "0", "1", "2", 
    "3", NA), c("A", "C", "T", NA)), .Names = c("", "")), class = "table"), 
    EJmono16_SNP1 = structure(c(548L, 41L, 3L, 2700L, 396L, 27L, 
    2L, 1L, 760L, 8L, 0L, 0L, 70L, 5L, 0L, 0L, 0L, 0L), .Dim = c(9L, 
    2L), .Dimnames = structure(list(c("-1", "-2", "-3", "0", 
    "1", "2", "3", "4", NA), c("A", NA)), .Names = c("", "")), class = "table"), 
    LMmono01_SNP1 = structure(c(998L, 70L, 1L, 1L, 1148L, 32L, 
    125L, 0L, 0L, 0L, 0L, 2L, 0L, 0L, 44L, 1L, 0L, 0L, 86L, 3L, 
    0L), .Dim = c(7L, 3L), .Dimnames = structure(list(c("-1", 
    "-2", "-3", "-4", "0", "1", NA), c("A", "T", NA)), .Names = c("", 
    "")), class = "table"), LMmono03_SNP1 = structure(c(489L, 
    293L, 65L, 7L, 504L, 20L, 1L, 66L, 0L, 0L, 0L, 0L, 1L, 0L, 
    0L, 0L, 14L, 7L, 0L, 0L, 76L, 0L, 0L, 0L), .Dim = c(8L, 3L
    ), .Dimnames = structure(list(c("-1", "-2", "-3", "-4", "0", 
    "1", "2", NA), c("C", "T", NA)), .Names = c("", "")), class = "table"), 
    LMmono09_SNP1 = structure(c(1L, 1L, 1L, 0L, 0L, 0L, 0L, 0L, 
    1628L, 306L, 24L, 4L, 4020L, 153L, 2L, 308L, 0L, 0L, 2L, 
    0L, 61L, 0L, 0L, 0L), .Dim = c(8L, 3L), .Dimnames = structure(list(
        c("-1", "-2", "-3", "-4", "0", "1", "2", NA), c("A", 
        "T", NA)), .Names = c("", "")), class = "table"), LMmono12_SNP1 = structure(c(431L, 
    66L, 7L, 1L, 1649L, 914L, 118L, 7L, 2L, 253L, 1L, 0L, 0L, 
    0L, 0L, 0L, 0L, 0L, 0L, 0L, 30L, 2L, 0L, 0L, 231L, 32L, 5L, 
    3L, 1L, 0L), .Dim = c(10L, 3L), .Dimnames = structure(list(
        c("-1", "-2", "-3", "-4", "0", "1", "2", "3", "4", NA
        ), c("A", "G", NA)), .Names = c("", "")), class = "table"), 
    LMmono16_SNP1 = structure(c(875L, 979L, 1799L, 392L, 31L, 
    2286L, 301L, 9L, 651L, 1L, 34L, 2L, 658L, 0L, 0L, 0L, 0L, 
    0L, 1L, 0L, 0L, 0L, 0L, 0L, 0L, 0L, 1L, 0L, 0L, 0L, 0L, 3L, 
    0L, 0L, 0L, 0L, 0L, 0L, 0L, 32L, 29L, 42L, 7L, 0L, 283L, 
    7L, 1L, 47L, 0L, 0L, 0L, 0L), .Dim = c(13L, 4L), .Dimnames = structure(list(
        c("-1", "-2", "-3", "-4", "-5", "0", "1", "2", "3", "4", 
        "5", "6", NA), c("A", "C", "G", NA)), .Names = c("", 
    "")), class = "table"), MSJmono10_SNP1 = structure(c(2007L, 
    304L, 10L, 3558L, 138L, 4L, 119L, 53L, 7L, 0L, 209L, 3L, 
    1L, 0L), .Dim = c(7L, 2L), .Dimnames = structure(list(c("-1", 
    "-2", "-3", "0", "1", "2", NA), c("C", NA)), .Names = c("", 
    "")), class = "table"), MSJmono19ms1_SNP1 = structure(c(449L, 
    22L, 5L, 1L, 6556L, 154L, 4L, 360L, 1L, 0L, 0L, 0L, 23L, 
    1L, 0L, 3L, 0L, 0L, 0L, 0L, 2L, 0L, 0L, 0L, 0L, 0L, 0L, 0L, 
    4L, 0L, 0L, 0L, 48L, 0L, 0L, 0L, 994L, 18L, 0L, 0L), .Dim = c(8L, 
    5L), .Dimnames = structure(list(c("-1", "-2", "-3", "-4", 
    "0", "1", "2", NA), c("A", "C", "G", "T", NA)), .Names = c("", 
    "")), class = "table"), MSJmono19ms2_SNP1 = structure(c(646L, 
    7L, 1L, 6506L, 151L, 128L, 11L, 0L, 0L, 553L, 4L, 0L), .Dim = c(6L, 
    2L), .Dimnames = structure(list(c("-1", "-2", "-3", "0", 
    "1", NA), c("C", NA)), .Names = c("", "")), class = "table"), 
    MSJmono36_SNP1 = structure(c(0L, 0L, 0L, 0L, 0L, 1L, 0L, 
    0L, 0L, 415L, 1086L, 748L, 39L, 1L, 2653L, 68L, 1L, 304L, 
    1L, 0L, 0L, 0L, 0L, 0L, 0L, 0L, 0L, 4L, 13L, 11L, 0L, 0L, 
    80L, 1L, 0L, 0L), .Dim = c(9L, 4L), .Dimnames = structure(list(
        c("-1", "-2", "-3", "-4", "-5", "0", "1", "2", NA), c("A", 
        "G", "T", NA)), .Names = c("", "")), class = "table"), 
    MSJmono44_SNP1 = structure(c(1L, 0L, 0L, 0L, 1L, 0L, 0L, 
    0L, 1624L, 146L, 5L, 1119L, 1037L, 46L, 1L, 184L, 37L, 3L, 
    0L, 48L, 30L, 1L, 0L, 0L), .Dim = c(8L, 3L), .Dimnames = structure(list(
        c("-1", "-2", "-3", "0", "1", "2", "3", NA), c("C", "T", 
        NA)), .Names = c("", "")), class = "table"), MSJmono46_SNP1 = structure(c(254L, 
    344L, 70L, 5L, 236L, 26L, 2L, 0L, 64L, 38L, 21L, 2L, 0L, 
    85L, 5L, 2L, 1L, 0L), .Dim = c(9L, 2L), .Dimnames = structure(list(
        c("-1", "-2", "-3", "-4", "0", "1", "2", "3", NA), c("C", 
        NA)), .Names = c("", "")), class = "table"), LMmono04v2_SNP1 = structure(c(352L, 
    36L, 2L, 1354L, 80L, 3L, 2L, 25L, 0L, 0L, 0L, 1L, 0L, 0L, 
    0L, 0L, 8L, 0L, 0L, 85L, 4L, 0L, 0L, 0L), .Dim = c(8L, 3L
    ), .Dimnames = structure(list(c("-1", "-2", "-3", "0", "1", 
    "2", "3", NA), c("C", "T", NA)), .Names = c("", "")), class = "table"), 
    AKMmono01v2_SNP1 = structure(c(0L, 1L, 0L, 0L, 0L, 0L, 0L, 
    240L, 3587L, 256L, 2L, 5L, 0L, 161L, 216L, 27L, 2L, 0L, 1331L, 
    46L, 25L, 34L, 187L, 16L, 0L, 94L, 2L, 0L), .Dim = c(7L, 
    4L), .Dimnames = structure(list(c("-1", "-2", "-3", "-4", 
    "0", "1", NA), c("A", "C", "T", NA)), .Names = c("", "")), class = "table"), 
    AKMmono10v2_SNP1 = structure(c(239L, 7L, 796L, 10L, 21L, 
    7L, 0L, 16L, 2L, 0L, 3L, 1L, 30L, 0L, 0L), .Dim = c(5L, 3L
    ), .Dimnames = structure(list(c("-1", "-2", "0", "1", NA), 
        c("A", "G", NA)), .Names = c("", "")), class = "table"), 
    AKMmono17v2_SNP1 = structure(c(21L, 232L, 65L, 49L, 4L, 28L, 
    22L, 0L, 0L, 286L, 7L, 4L, 0L, 0L, 0L, 1L, 0L, 0L, 0L, 0L, 
    0L, 23L, 1L, 0L), .Dim = c(6L, 4L),