Result <-
list(AKMmono02_SNP1 = structure(c(266L, 15L, 2545L, 46L, 68L, 
9L, 0L, 88L, 1L, 0L), .Dim = c(5L, 2L), .Dimnames = structure(list(
    c("-1", "-2", "0", "1", NA), c("T", NA)), .Names = c("", 
"")), class = "table"), AKMmono03_SNP1 = structure(c(549L, 94L, 
14L, 3994L, 69L, 82L, 0L, 0L, 0L, 1L, 0L, 0L, 26L, 5L, 2L, 411L, 
2L, 0L), .Dim = c(6L, 3L), .Dimnames = structure(list(c("-1", 
"-2", "-3", "0", "1", NA), c("A", "C", NA)), .Names = c("", ""
)), class = "table"), AKMmono05_SNP1 = structure(c(470L, 51L, 
10L, 1L, 2994L, 118L, 3L, 91L, 0L, 0L, 0L, 0L, 4L, 0L, 0L, 1L, 
0L, 0L, 0L, 0L, 1L, 0L, 0L, 0L, 0L, 0L, 0L, 0L, 1L, 0L, 0L, 0L, 
29L, 2L, 1L, 0L, 302L, 12L, 0L, 0L), .Dim = c(8L, 5L), .Dimnames = structure(list(
    c("-1", "-2", "-3", "-4", "0", "1", "2", NA), c("A", "C", 
    "G", "T", NA)), .Names = c("", "")), class = "table"), AKMmono11_SNP1 = structure(c(1L, 
0L, 0L, 4L, 0L, 0L, 0L, 1L, 0L, 0L, 0L, 0L, 0L, 0L, 533L, 31L, 
5L, 4906L, 85L, 2L, 109L, 66L, 1L, 1L, 784L, 25L, 0L, 0L), .Dim = c(7L, 
4L), .Dimnames = structure(list(c("-1", "-2", "-4", "0", "1", 
"2", NA), c("A", "G", "T", NA)), .Names = c("", "")), class = "table"), 
    AKMmono12_SNP1 = structure(c(3L, 0L, 0L, 0L, 17L, 0L, 0L, 
    0L, 405L, 31L, 1L, 1L, 3000L, 136L, 4L, 49L, 0L, 1L, 0L, 
    0L, 0L, 0L, 0L, 0L, 0L, 0L, 0L, 0L, 2L, 0L, 0L, 0L, 16L, 
    1L, 0L, 1L, 265L, 5L, 0L, 0L), .Dim = c(8L, 5L), .Dimnames = structure(list(
        c("-1", "-2", "-3", "-4", "0", "1", "2", NA), c("A", 
        "C", "G", "T", NA)), .Names = c("", "")), class = "table"), 
    AKMmono13_SNP1 = structure(c(273L, 18L, 1L, 4039L, 112L, 
    1L, 41L, 0L, 0L, 0L, 2L, 0L, 0L, 0L, 14L, 1L, 0L, 285L, 9L, 
    0L, 0L), .Dim = c(7L, 3L), .Dimnames = structure(list(c("-1", 
    "-2", "-3", "0", "1", "2", NA), c("A", "C", NA)), .Names = c("", 
    "")), class = "table"), AKMmono16_SNP1 = structure(c(339L, 
    14L, 3624L, 52L, 2L, 41L, 0L, 0L, 2L, 0L, 0L, 0L, 13L, 0L, 
    260L, 2L, 1L, 0L), .Dim = c(6L, 3L), .Dimnames = structure(list(
        c("-1", "-2", "0", "1", "2", NA), c("A", "G", NA)), .Names = c("", 
    "")), class = "table"), AKMmono22_SNP1 = structure(c(365L, 
    70L, 8L, 2363L, 126L, 8L, 156L, 0L, 0L, 0L, 1L, 0L, 0L, 0L, 
    18L, 2L, 0L, 301L, 6L, 0L, 0L), .Dim = c(7L, 3L), .Dimnames = structure(list(
        c("-1", "-2", "-3", "0", "1", "2", NA), c("A", "G", NA
        )), .Names = c("", "")), class = "table"), EJmono05_SNP1 = structure(c(0L, 
    0L, 0L, 1L, 0L, 0L, 384L, 22L, 1L, 3167L, 84L, 38L, 6L, 2L, 
    0L, 173L, 1L, 0L), .Dim = c(6L, 3L), .Dimnames = structure(list(
        c("-1", "-2", "-3", "0", "1", NA), c("G", "T", NA)), .Names = c("", 
    "")), class = "table"), EJmono16_SNP1 = structure(c(158L, 
    8L, 2889L, 120L, 8L, 179L, 3L, 0L, 68L, 0L, 0L, 0L), .Dim = c(6L, 
    2L), .Dimnames = structure(list(c("-1", "-2", "0", "1", "2", 
    NA), c("A", NA)), .Names = c("", "")), class = "table"), 
    LMmono01_SNP1 = structure(c(329L, 13L, 2274L, 37L, 44L, 1L, 
    0L, 0L, 0L, 0L, 17L, 0L, 210L, 2L, 0L), .Dim = c(5L, 3L), .Dimnames = structure(list(
        c("-1", "-2", "0", "1", NA), c("A", "G", NA)), .Names = c("", 
    "")), class = "table"), LMmono03_SNP1 = structure(c(448L, 
    78L, 22L, 3L, 1L, 1923L, 70L, 2L, 67L, 1L, 0L, 0L, 0L, 0L, 
    1L, 0L, 0L, 0L, 15L, 2L, 1L, 0L, 0L, 299L, 4L, 0L, 0L), .Dim = c(9L, 
    3L), .Dimnames = structure(list(c("-1", "-2", "-3", "-4", 
    "-5", "0", "1", "2", NA), c("C", "T", NA)), .Names = c("", 
    "")), class = "table"), LMmono09_SNP1 = structure(c(1483L, 
    202L, 20L, 16L, 6757L, 354L, 14L, 253L, 23L, 5L, 1L, 1L, 
    140L, 8L, 1L, 0L), .Dim = c(8L, 2L), .Dimnames = structure(list(
        c("-1", "-2", "-3", "-4", "0", "1", "2", NA), c("T", 
        NA)), .Names = c("", "")), class = "table"), LMmono12_SNP1 = structure(c(401L, 
    41L, 2L, 2058L, 145L, 5L, 1L, 88L, 17L, 1L, 0L, 252L, 5L, 
    0L, 0L, 0L), .Dim = c(8L, 2L), .Dimnames = structure(list(
        c("-1", "-2", "-3", "0", "1", "2", "3", NA), c("A", NA
        )), .Names = c("", "")), class = "table"), LMmono16_SNP1 = structure(c(8L, 
    1L, 2687L, 14L, 573L, 3L, 193L, 10L, 1L, 337L, 0L, 0L, 2L, 
    0L, 0L, 0L, 0L, 0L, 0L, 1L, 0L, 0L, 545L, 0L, 41L, 0L, 16L, 
    1L, 0L, 0L), .Dim = c(10L, 3L), .Dimnames = structure(list(
        c("-1", "-2", "0", "1", "3", "4", "5", "6", "7", NA), 
        c("A", "C", NA)), .Names = c("", "")), class = "table"), 
    MSJmono10_SNP1 = structure(c(0L, 0L, 1L, 0L, 0L, 0L, 254L, 
    11L, 3643L, 112L, 3L, 39L, 6L, 1L, 248L, 6L, 0L, 0L), .Dim = c(6L, 
    3L), .Dimnames = structure(list(c("-1", "-2", "0", "1", "2", 
    NA), c("A", "C", NA)), .Names = c("", "")), class = "table"), 
    MSJmono19ms1_SNP1 = structure(c(189L, 18L, 2L, 1L, 3198L, 
    53L, 3L, 167L, 0L, 0L, 0L, 0L, 12L, 1L, 0L, 1L, 0L, 0L, 0L, 
    0L, 5L, 0L, 0L, 0L, 13L, 2L, 0L, 0L, 559L, 7L, 0L, 0L), .Dim = c(8L, 
    4L), .Dimnames = structure(list(c("-1", "-2", "-3", "-5", 
    "0", "1", "2", NA), c("A", "C", "T", NA)), .Names = c("", 
    "")), class = "table"), MSJmono19ms2_SNP1 = structure(c(171L, 
    3420L, 47L, 1L, 38L, 2L, 298L, 0L, 0L, 0L), .Dim = c(5L, 
    2L), .Dimnames = structure(list(c("-1", "0", "1", "2", NA
    ), c("C", NA)), .Names = c("", "")), class = "table"), MSJmono36_SNP1 = structure(c(217L, 
    12L, 2L, 3061L, 62L, 3L, 72L, 2L, 0L, 0L, 108L, 1L, 1L, 0L
    ), .Dim = c(7L, 2L), .Dimnames = structure(list(c("-1", "-2", 
    "-3", "0", "1", "2", NA), c("G", NA)), .Names = c("", "")), class = "table"), 
    MSJmono44_SNP1 = structure(c(0L, 0L, 2L, 0L, 0L, 0L, 119L, 
    10L, 11L, 1646L, 25L, 11L, 2L, 0L, 0L, 73L, 1L, 0L), .Dim = c(6L, 
    3L), .Dimnames = structure(list(c("-1", "-2", "-4", "0", 
    "1", NA), c("C", "T", NA)), .Names = c("", "")), class = "table"), 
    MSJmono46_SNP1 = structure(c(380L, 36L, 1L, 1L, 1669L, 137L, 
    5L, 60L, 36L, 1L, 0L, 0L, 478L, 24L, 1L, 0L), .Dim = c(8L, 
    2L), .Dimnames = structure(list(c("-1", "-2", "-3", "-4", 
    "0", "1", "2", NA), c("C", NA)), .Names = c("", "")), class = "table"), 
    LMmono04v2_SNP1 = structure(c(0L, 0L, 0L, 0L, 1L, 0L, 0L, 
    0L, 0L, 351L, 19L, 1L, 1L, 2555L, 103L, 5L, 1L, 34L, 3L, 
    1L, 0L, 0L, 154L, 2L, 0L, 0L, 0L), .Dim = c(9L, 3L), .Dimnames = structure(list(
        c("-1", "-2", "-3", "-4", "0", "1", "2", "3", NA), c("A", 
        "C", NA)), .Names = c("", "")), class = "table"), AKMmono01v2_SNP1 = structure(c(201L, 
    31L, 1L, 2783L, 67L, 23L, 13L, 3L, 0L, 237L, 3L, 0L), .Dim = c(6L, 
    2L), .Dimnames = structure(list(c("-1", "-2", "-3", "0", 
    "1", NA), c("T", NA)), .Names = c("", "")), class = "table"), 
    AKMmono10v2_SNP1 = structure(c(49L, 0L, 834L, 6L, 9L, 75L, 
    2L, 1123L, 9L, 9L, 3L, 0L, 96L, 0L, 0L), .Dim = c(5L, 3L), .Dimnames = structure(list(
        c("-1", "-2", "0", "1", NA), c("A", "G", NA)), .Names = c("", 
    "")), class = "table"), AKMmono17v2_SNP1 = structure(c(32L, 
    8L, 480L, 7L, 0L, 6L, 34L, 5L, 596L, 6L, 1L, 5L, 3L, 1L, 
    69L, 1L, 0L, 0L), .Dim = c(6L, 3L), .Dimnames = structure(list(
        c("-1", "-2", "0", "1", "2", NA), c("A", "C", NA)), .Names = c("", 
    "")), class = "table"), EJmono13v2_SNP1 = structure(c(2L, 
    0L, 8L, 0L, 0L, 0L, 152L, 2L, 1719L, 38L, 1L, 8L, 8L, 0L, 
    146L, 3L, 0L, 0L), .Dim = c(6L, 3L), .Dimnames = structure(list(
        c("-1", "-2", "0", "1", "2", NA), c("A", "G", NA)), .Names = c("", 
    "")), class = "table"), EJmono21v2_SNP1 = structure(c(84L, 
    2L, 732L, 12L, 10L, 5L, 0L, 23L, 2L, 1L, 3L, 0L, 51L, 0L, 
    0L), .Dim = c(5L, 3L), .Dimnames = structure(list(c("-1", 
    "-2", "0", "1", NA), c("C", "T", NA)), .Names = c("", "")), class = "table"), 
    LMmono05v2_SNP1 = structure(c(231L, 22L, 1L, 2170L, 61L, 
    3L, 17L, 1L, 0L, 0L, 2L, 0L, 0L, 0L, 13L, 1L, 0L, 155L, 3L, 
    0L, 0L), .Dim = c(7L, 3L), .Dimnames = structure(list(c("-1", 
    "-2", "-3", "0", "1", "2", NA), c("A", "T", NA)), .Names = c("", 
    "")), class = "table"),