Result <-
list(AKMmono02_SNP1 = structure(c(0L, 0L, 0L, 1L, 0L, 0L, 0L, 
0L, 0L, 0L, 1L, 0L, 0L, 0L, 0L, 0L, 0L, 1L, 0L, 0L, 0L, 442L, 
17L, 2L, 4697L, 120L, 2L, 99L, 4L, 2L, 0L, 63L, 1L, 0L, 0L), .Dim = c(7L, 
5L), .Dimnames = structure(list(c("-1", "-2", "-3", "0", "1", 
"2", NA), c("A", "C", "G", "T", NA)), .Names = c("", "")), class = "table"), 
    AKMmono03_SNP1 = structure(c(0L, 0L, 0L, 0L, 1L, 0L, 0L, 
    0L, 980L, 144L, 58L, 2L, 8016L, 129L, 2L, 84L, 0L, 0L, 0L, 
    0L, 1L, 0L, 0L, 0L, 0L, 0L, 0L, 0L, 1L, 0L, 0L, 0L, 57L, 
    5L, 1L, 0L, 651L, 11L, 0L, 0L), .Dim = c(8L, 5L), .Dimnames = structure(list(
        c("-1", "-2", "-3", "-4", "0", "1", "2", NA), c("-", 
        "A", "C", "G", NA)), .Names = c("", "")), class = "table"), 
    AKMmono05_SNP1 = structure(c(975L, 124L, 27L, 10L, 6141L, 
    230L, 3L, 111L, 53L, 3L, 0L, 0L, 530L, 16L, 1L, 0L), .Dim = c(8L, 
    2L), .Dimnames = structure(list(c("-1", "-2", "-3", "-4", 
    "0", "1", "2", NA), c("A", NA)), .Names = c("", "")), class = "table"), 
    AKMmono11_SNP1 = structure(c(0L, 0L, 0L, 1L, 0L, 0L, 0L, 
    0L, 0L, 1073L, 84L, 3L, 7988L, 171L, 3L, 7L, 0L, 140L, 169L, 
    5L, 0L, 1504L, 46L, 2L, 4L, 1L, 0L), .Dim = c(9L, 3L), .Dimnames = structure(list(
        c("-1", "-2", "-3", "0", "1", "2", "3", "4", NA), c("A", 
        "T", NA)), .Names = c("", "")), class = "table"), AKMmono12_SNP1 = structure(c(970L, 
    68L, 4L, 1L, 6299L, 188L, 6L, 47L, 1L, 0L, 0L, 0L, 1L, 0L, 
    0L, 0L, 0L, 0L, 0L, 0L, 1L, 0L, 0L, 0L, 25L, 0L, 1L, 0L, 
    545L, 3L, 0L, 0L), .Dim = c(8L, 4L), .Dimnames = structure(list(
        c("-1", "-2", "-3", "-5", "0", "1", "2", NA), c("C", 
        "G", "T", NA)), .Names = c("", "")), class = "table"), 
    AKMmono13_SNP1 = structure(c(467L, 29L, 7383L, 181L, 4L, 
    56L, 1L, 0L, 0L, 0L, 0L, 0L, 0L, 0L, 1L, 0L, 0L, 0L, 14L, 
    0L, 420L, 2L, 0L, 0L), .Dim = c(6L, 4L), .Dimnames = structure(list(
        c("-1", "-2", "0", "1", "2", NA), c("A", "G", "T", NA
        )), .Names = c("", "")), class = "table"), AKMmono16_SNP1 = structure(c(626L, 
    45L, 34L, 1L, 6243L, 91L, 0L, 37L, 0L, 0L, 0L, 0L, 1L, 0L, 
    0L, 0L, 12L, 2L, 0L, 0L, 315L, 6L, 1L, 0L), .Dim = c(8L, 
    3L), .Dimnames = structure(list(c("-1", "-2", "-3", "-4", 
    "0", "1", "3", NA), c("A", "T", NA)), .Names = c("", "")), class = "table"), 
    AKMmono22_SNP1 = structure(c(809L, 160L, 14L, 2L, 1L, 4838L, 
    301L, 17L, 2L, 210L, 0L, 1L, 0L, 0L, 0L, 0L, 0L, 0L, 0L, 
    0L, 1L, 0L, 0L, 0L, 0L, 0L, 0L, 0L, 0L, 0L, 0L, 0L, 0L, 0L, 
    0L, 0L, 0L, 0L, 0L, 1L, 24L, 6L, 0L, 0L, 0L, 415L, 8L, 0L, 
    0L, 0L), .Dim = c(10L, 5L), .Dimnames = structure(list(c("-1", 
    "-2", "-3", "-4", "-5", "0", "1", "2", "3", NA), c("A", "C", 
    "G", "T", NA)), .Names = c("", "")), class = "table"), EJmono05_SNP1 = structure(c(0L, 
    0L, 0L, 1L, 0L, 0L, 617L, 60L, 4L, 5501L, 126L, 41L, 9L, 
    1L, 0L, 179L, 6L, 0L), .Dim = c(6L, 3L), .Dimnames = structure(list(
        c("-1", "-2", "-3", "0", "1", NA), c("C", "T", NA)), .Names = c("", 
    "")), class = "table"), EJmono16_SNP1 = structure(c(457L, 
    44L, 1L, 1L, 6147L, 294L, 6L, 220L, 3L, 0L, 0L, 0L, 70L, 
    2L, 0L, 0L), .Dim = c(8L, 2L), .Dimnames = structure(list(
        c("-1", "-2", "-3", "-4", "0", "1", "2", NA), c("A", 
        NA)), .Names = c("", "")), class = "table"), LMmono01_SNP1 = structure(c(642L, 
    22L, 2L, 4718L, 116L, 1L, 36L, 1L, 0L, 0L, 3L, 0L, 0L, 0L, 
    0L, 0L, 0L, 3L, 0L, 0L, 0L, 17L, 0L, 0L, 299L, 8L, 0L, 0L
    ), .Dim = c(7L, 4L), .Dimnames = structure(list(c("-1", "-2", 
    "-3", "0", "1", "2", NA), c("A", "G", "T", NA)), .Names = c("", 
    "")), class = "table"), LMmono03_SNP1 = structure(c(0L, 0L, 
    0L, 0L, 1L, 0L, 0L, 0L, 0L, 0L, 0L, 0L, 2L, 0L, 0L, 0L, 1078L, 
    155L, 14L, 17L, 4177L, 133L, 7L, 171L, 0L, 0L, 0L, 0L, 2L, 
    0L, 0L, 0L, 16L, 0L, 0L, 0L, 260L, 3L, 0L, 0L), .Dim = c(8L, 
    5L), .Dimnames = structure(list(c("-1", "-2", "-3", "-4", 
    "0", "1", "2", NA), c("-", "A", "C", "T", NA)), .Names = c("", 
    "")), class = "table"), LMmono09_SNP1 = structure(c(0L, 0L, 
    0L, 1L, 0L, 0L, 0L, 2517L, 367L, 40L, 14075L, 564L, 23L, 
    344L, 17L, 4L, 0L, 177L, 1L, 1L, 0L), .Dim = c(7L, 3L), .Dimnames = structure(list(
        c("-1", "-2", "-3", "0", "1", "2", NA), c("A", "T", NA
        )), .Names = c("", "")), class = "table"), LMmono12_SNP1 = structure(c(988L, 
    105L, 5L, 2L, 4734L, 331L, 18L, 1L, 193L, 6L, 0L, 1L, 0L, 
    150L, 2L, 0L, 0L, 0L), .Dim = c(9L, 2L), .Dimnames = structure(list(
        c("-1", "-2", "-3", "-4", "0", "1", "2", "3", NA), c("A", 
        NA)), .Names = c("", "")), class = "table"), LMmono16_SNP1 = structure(c(1658L, 
    146L, 8L, 6010L, 472L, 22L, 13L, 2L, 161L, 46L, 2L, 0L, 797L, 
    19L, 2L, 1L, 0L, 0L), .Dim = c(9L, 2L), .Dimnames = structure(list(
        c("-1", "-2", "-3", "0", "1", "2", "3", "5", NA), c("A", 
        NA)), .Names = c("", "")), class = "table"), MSJmono10_SNP1 = structure(c(380L, 
    17L, 1L, 6595L, 224L, 8L, 31L, 16L, 0L, 0L, 364L, 10L, 0L, 
    0L), .Dim = c(7L, 2L), .Dimnames = structure(list(c("-1", 
    "-2", "-3", "0", "1", "2", NA), c("C", NA)), .Names = c("", 
    "")), class = "table"), MSJmono19ms1_SNP1 = structure(c(422L, 
    35L, 3L, 6869L, 233L, 6L, 145L, 0L, 0L, 0L, 7L, 0L, 0L, 2L, 
    1L, 0L, 0L, 1L, 0L, 0L, 0L, 0L, 0L, 0L, 4L, 0L, 0L, 0L, 45L, 
    4L, 1L, 733L, 20L, 1L, 0L), .Dim = c(7L, 5L), .Dimnames = structure(list(
        c("-1", "-2", "-3", "0", "1", "2", NA), c("A", "C", "G", 
        "T", NA)), .Names = c("", "")), class = "table"), MSJmono19ms2_SNP1 = structure(c(0L, 
    0L, 1L, 0L, 0L, 0L, 361L, 6L, 6986L, 86L, 2L, 87L, 0L, 0L, 
    2L, 0L, 0L, 0L, 3L, 0L, 533L, 3L, 0L, 0L), .Dim = c(6L, 4L
    ), .Dimnames = structure(list(c("-1", "-2", "0", "1", "2", 
    NA), c("A", "C", "T", NA)), .Names = c("", "")), class = "table"), 
    MSJmono36_SNP1 = structure(c(0L, 0L, 1L, 0L, 0L, 0L, 0L, 
    463L, 18L, 6464L, 147L, 5L, 1L, 96L, 0L, 0L, 191L, 1L, 1L, 
    0L, 0L), .Dim = c(7L, 3L), .Dimnames = structure(list(c("-1", 
    "-2", "0", "1", "2", "3", NA), c("A", "G", NA)), .Names = c("", 
    "")), class = "table"), MSJmono44_SNP1 = structure(c(246L, 
    10L, 3364L, 45L, 8L, 27L, 2L, 0L, 52L, 0L, 0L, 0L), .Dim = c(6L, 
    2L), .Dimnames = structure(list(c("-1", "-2", "0", "1", "2", 
    NA), c("T", NA)), .Names = c("", "")), class = "table"), 
    MSJmono46_SNP1 = structure(c(744L, 82L, 9L, 1L, 3360L, 196L, 
    10L, 103L, 0L, 0L, 0L, 0L, 1L, 0L, 0L, 0L, 1L, 0L, 0L, 0L, 
    0L, 0L, 0L, 0L, 14L, 2L, 0L, 0L, 117L, 3L, 0L, 0L), .Dim = c(8L, 
    4L), .Dimnames = structure(list(c("-1", "-2", "-3", "-4", 
    "0", "1", "2", NA), c("C", "G", "T", NA)), .Names = c("", 
    "")), class = "table"), LMmono04v2_SNP1 = structure(c(456L, 
    35L, 1L, 3196L, 105L, 5L, 39L, 9L, 0L, 0L, 154L, 4L, 0L, 
    0L), .Dim = c(7L, 2L), .Dimnames = structure(list(c("-1", 
    "-2", "-3", "0", "1", "2", NA), c("C", NA)), .Names = c("", 
    "")), class = "table"), AKMmono01v2_SNP1 = structure(c(2L, 
    0L, 0L, 0L, 0L, 0L, 0L, 0L, 515L, 29L, 25L, 2L, 1L, 5528L, 
    101L, 44L, 8L, 1L, 1L, 0L, 0L, 216L, 7L, 0L), .Dim = c(8L, 
    3L), .Dimnames = structure(list(c("-1", "-2", "-3", "-4", 
    "-5", "0", "1", NA), c("C", "T", NA)), .Names = c("", "")), class = "table"), 
    AKMmono10v2_SNP1 = structure(c(1L, 0L, 22L, 1L, 0L, 159L, 
    8L, 3346L, 36L, 18L, 0L, 0L, 1L, 0L, 0L, 2L, 0L, 136L, 1L, 
    0L), .Dim = 5:4, .Dimnames = structure(list(c("-1", "-2", 
    "0", "1", NA), c("A", "G", "T", NA)), .Names = c("", "")), class = "table"), 
    AKMmono17v2_SNP1 = structure(c(1L, 0L, 21L, 1L, 2L, 81L, 
    8L, 1433L, 18L, 7L, 1L, 0L, 46L, 2L, 0L), .Dim = c(5L, 3L
    ), .Dimnames = structure(list(c("-1", "-2", "0", "1", NA), 
        c("A", "C", NA)), .Names = c("", "")), class = "table"), 
    EJmono13v2_SNP1 = structure(c(121L, 2L, 2018L, 49L, 11L, 
    143L, 4L, 2108L, 63L, 6L, 0L, 0L, 1L, 0L, 0L, 3L, 0L, 121L, 
    3L, 0L),