Result <-
list(DEPDC2_SNP1 = structure(c(0L, 0L, 0L, 1L, 0L, 0L, 0L, 0L, 
0L, 46L, 3L, 0L, 0L, 0L, 0L, 0L, 1L, 0L, 1L, 1L, 222L, 7050L, 
519L, 6L, 0L, 0L, 1L, 52L, 0L, 0L), dim = 6:5, dimnames = structure(list(
    c("-3", "-2", "-1", "0", "1", "2"), c("A", "C", "G", "T", 
    NA)), names = c("", ""))), GM01_SNP1 = structure(c(0L, 0L, 
0L, 1L, 0L, 0L, 3L, 406L, 3698L, 175L, 6L, 1L, 0L, 3L, 64L, 2L, 
0L, 0L, 0L, 3L, 34L, 0L, 0L, 0L), dim = c(6L, 4L), dimnames = structure(list(
    c("-2", "-1", "0", "1", "2", "3"), c("-", "A", "G", NA)), names = c("", 
""))), GM07_SNP1 = structure(c(0L, 0L, 0L, 1L, 0L, 0L, 0L, 0L, 
1L, 6L, 92L, 245L, 52L, 11L, 0L, 0L, 5L, 130L, 47L, 245L, 59L, 
11L, 4L, 2L, 0L, 0L, 2L, 9L, 1L, 0L, 0L, 0L), dim = c(8L, 4L), dimnames = structure(list(
    c("-3", "-2", "-1", "0", "1", "2", "3", "4"), c("-", "A", 
    "G", NA)), names = c("", ""))), GM09_SNP1 = structure(c(1L, 
79L, 4372L, 31L, 2L, 0L, 68L, 4538L, 38L, 0L, 0L, 1L, 67L, 0L, 
0L), dim = c(5L, 3L), dimnames = structure(list(c("-2", "-1", 
"0", "1", "2"), c("A", "G", NA)), names = c("", ""))), GM11_SNP1 = structure(c(140L, 
3010L, 133L, 2L, 7L, 10L, 0L, 0L, 2L, 14L, 1L, 0L), dim = 4:3, dimnames = structure(list(
    c("-1", "0", "1", "2"), c("A", "G", NA)), names = c("", ""
))), GM14_SNP1 = structure(c(0L, 0L, 0L, 1L, 0L, 0L, 0L, 1L, 
6L, 76L, 846L, 95L, 8L, 1L, 1L, 9L, 99L, 788L, 66L, 3L, 0L, 0L, 
0L, 0L, 28L, 1L, 0L, 0L), dim = c(7L, 4L), dimnames = structure(list(
    c("-3", "-2", "-1", "0", "1", "2", "3"), c("A", "C", "T", 
    NA)), names = c("", ""))), GM17_SNP1 = structure(c(0L, 0L, 
70L, 0L, 0L, 10L, 734L, 3535L, 185L, 9L, 0L, 3L, 27L, 0L, 0L), dim = c(5L, 
3L), dimnames = structure(list(c("-2", "-1", "0", "1", "2"), 
    c("C", "T", NA)), names = c("", ""))), GM22_SNP1 = structure(c(1L, 
98L, 768L, 37L, 3L, 0L, 1L, 7L, 0L, 0L, 0L, 0L, 8L, 1L, 0L), dim = c(5L, 
3L), dimnames = structure(list(c("-2", "-1", "0", "1", "2"), 
    c("A", "G", NA)), names = c("", ""))), GM26_SNP1 = structure(c(1L, 
83L, 2553L, 69L, 1L, 0L, 0L, 1L, 0L, 0L, 0L, 1L, 17L, 0L, 0L, 
0L, 0L, 1L, 0L, 0L, 0L, 3L, 18L, 1L, 0L), dim = c(5L, 5L), dimnames = structure(list(
    c("-2", "-1", "0", "1", "2"), c("A", "C", "G", "T", NA)), names = c("", 
""))), GM29_SNP1 = structure(c(0L, 3L, 24L, 0L, 0L, 2L, 125L, 
1951L, 52L, 3L, 0L, 0L, 17L, 1L, 0L), dim = c(5L, 3L), dimnames = structure(list(
    c("-2", "-1", "0", "1", "2"), c("A", "G", NA)), names = c("", 
""))), IM16_SNP1 = structure(c(4L, 23L, 0L, 0L, 13L, 235L, 12L, 
2L, 0L, 5L, 2L, 0L), dim = 4:3, dimnames = structure(list(c("-1", 
"0", "1", "2"), c("A", "G", NA)), names = c("", ""))), IM49_SNP1 = structure(c(0L, 
1L, 0L, 0L, 0L, 0L, 0L, 19L, 243L, 1496L, 248L, 26L, 3L, 1L, 
36L, 324L, 834L, 137L, 9L, 1L, 0L, 0L, 0L, 5L, 0L, 1L, 0L, 0L, 
0L, 10L, 87L, 22L, 3L, 0L, 0L), dim = c(7L, 5L), dimnames = structure(list(
    c("-2", "-1", "0", "1", "2", "3", "4"), c("A", "C", "G", 
    "T", NA)), names = c("", ""))), LR10_SNP1 = structure(c(0L, 
13L, 57L, 1L, 0L, 2L, 80L, 1423L, 48L, 3L, 0L, 0L, 17L, 4L, 0L
), dim = c(5L, 3L), dimnames = structure(list(c("-2", "-1", "0", 
"1", "2"), c("C", "T", NA)), names = c("", ""))), LR11_SNP1 = structure(c(0L, 
0L, 9L, 34L, 1L, 0L, 0L, 1L, 23L, 322L, 2442L, 275L, 23L, 7L, 
0L, 0L, 0L, 2L, 0L, 0L, 0L, 0L, 0L, 6L, 43L, 8L, 1L, 1L), dim = c(7L, 
4L), dimnames = structure(list(c("-3", "-2", "-1", "0", "1", 
"2", "3"), c("A", "C", "T", NA)), names = c("", ""))), LR17_SNP1 = structure(c(19L, 
310L, 1899L, 189L, 31L, 3L, 0L, 1L, 1L, 0L, 0L, 0L, 0L, 1L, 2L, 
0L, 0L, 0L, 0L, 12L, 78L, 5L, 0L, 0L), dim = c(6L, 4L), dimnames = structure(list(
    c("-2", "-1", "0", "1", "2", "3"), c("A", "C", "G", NA)), names = c("", 
""))), LR20_SNP1 = structure(c(81L, 5331L, 154L, 1L, 1L, 43L, 
0L, 0L, 1L, 18L, 0L, 0L), dim = 4:3, dimnames = structure(list(
    c("-1", "0", "1", "2"), c("A", "G", NA)), names = c("", ""
))), LR24_SNP1 = structure(c(0L, 0L, 1L, 0L, 0L, 2L, 174L, 6013L, 
153L, 4L, 1L, 123L, 5552L, 127L, 4L, 0L, 2L, 54L, 1L, 0L), dim = 5:4, dimnames = structure(list(
    c("-2", "-1", "0", "1", "2"), c("-", "A", "G", NA)), names = c("", 
""))), LR36_SNP1 = structure(c(1L, 6L, 53L, 446L, 49L, 5L, 1L, 
0L, 4L, 52L, 407L, 45L, 7L, 1L, 0L, 0L, 1L, 38L, 2L, 0L, 1L), dim = c(7L, 
3L), dimnames = structure(list(c("-4", "-2", "-1", "0", "1", 
"2", "3"), c("A", "T", NA)), names = c("", ""))), LR40_SNP1 = structure(c(1L, 
6L, 0L, 0L, 150L, 1717L, 77L, 3L, 0L, 4L, 1L, 0L), dim = 4:3, dimnames = structure(list(
    c("-1", "0", "1", "2"), c("A", "C", NA)), names = c("", ""
))), LR44_SNP1 = structure(c(0L, 0L, 0L, 0L, 0L, 2L, 1L, 0L, 
0L, 0L, 1L, 1L, 15L, 94L, 526L, 2840L, 734L, 106L, 17L, 3L, 0L, 
0L, 0L, 0L, 0L, 4L, 0L, 0L, 0L, 0L, 0L, 0L, 1L, 3L, 14L, 87L, 
24L, 0L, 0L, 0L, 0L, 0L, 0L, 1L, 7L, 100L, 16L, 1L, 2L, 0L), dim = c(10L, 
5L), dimnames = structure(list(c("-5", "-4", "-3", "-2", "-1", 
"0", "1", "2", "3", "4"), c("A", "C", "G", "T", NA)), names = c("", 
""))), LR46_SNP1 = structure(c(0L, 0L, 1L, 0L, 0L, 0L, 0L, 1L, 
0L, 0L, 0L, 39L, 2076L, 48L, 1L, 10L, 438L, 1535L, 39L, 0L, 0L, 
2L, 27L, 0L, 0L), dim = c(5L, 5L), dimnames = structure(list(
    c("-2", "-1", "0", "1", "2"), c("-", "A", "G", "T", NA)), names = c("", 
""))), LR48_SNP1 = structure(c(0L, 0L, 1L, 0L, 0L, 0L, 0L, 0L, 
1L, 4L, 50L, 0L, 0L, 0L, 4L, 46L, 725L, 1893L, 241L, 16L, 2L, 
0L, 0L, 4L, 49L, 2L, 0L, 0L), dim = c(7L, 4L), dimnames = structure(list(
    c("-3", "-2", "-1", "0", "1", "2", "3"), c("A", "C", "T", 
    NA)), names = c("", ""))), LR49_SNP1 = structure(c(0L, 130L, 
3492L, 11L, 1L, 122L, 3459L, 9L, 0L, 0L, 2L, 0L, 0L, 2L, 63L, 
0L), dim = c(4L, 4L), dimnames = structure(list(c("-2", "-1", 
"0", "1"), c("A", "G", "T", NA)), names = c("", ""))), LR52_SNP1 = structure(c(0L, 
0L, 6L, 5L, 29L, 3L, 0L, 0L, 1L, 21L, 132L, 632L, 1790L, 280L, 
24L, 1L, 0L, 0L, 2L, 22L, 87L, 12L, 1L, 0L), dim = c(8L, 3L), dimnames = structure(list(
    c("-4", "-3", "-2", "-1", "0", "1", "2", "3"), c("C", "T", 
    NA)), names = c("", ""))))
