Result <-
list(DEPDC2_SNP1 = structure(c(0L, 0L, 3L, 0L, 0L, 0L, 0L, 8L, 
0L, 0L, 2L, 95L, 7623L, 641L, 3L, 0L, 0L, 50L, 2L, 0L), dim = 5:4, dimnames = structure(list(
    c("-2", "-1", "0", "1", "2"), c("A", "C", "T", NA)), names = c("", 
""))), GM01_SNP1 = structure(c(1L, 96L, 4637L, 20L, 0L, 0L, 0L, 
0L, 0L, 1L, 45L, 1L), dim = 4:3, dimnames = structure(list(c("-2", 
"-1", "0", "1"), c("A", "G", NA)), names = c("", ""))), GM07_SNP1 = structure(c(0L, 
0L, 1L, 0L, 0L, 35L, 435L, 1158L, 45L, 2L, 5L, 254L, 1051L, 26L, 
2L, 0L, 0L, 1L, 0L, 0L, 2L, 4L, 21L, 1L, 0L), dim = c(5L, 5L), dimnames = structure(list(
    c("-2", "-1", "0", "1", "2"), c("-", "A", "G", "T", NA)), names = c("", 
""))), GM09_SNP1 = structure(c(23L, 3738L, 9L, 42L, 3704L, 5L, 
0L, 27L, 0L), dim = c(3L, 3L), dimnames = structure(list(c("-1", 
"0", "1"), c("A", "G", NA)), names = c("", ""))), GM11_SNP1 = structure(c(1L, 
343L, 689L, 3L, 0L, 21L, 868L, 3L, 0L, 3L, 9L, 1L), dim = 4:3, dimnames = structure(list(
    c("-2", "-1", "0", "1"), c("A", "G", NA)), names = c("", 
""))), GM14_SNP1 = structure(c(0L, 0L, 5L, 92L, 0L, 0L, 1L, 16L, 
1190L, 2176L, 8L, 1L, 0L, 0L, 3L, 26L, 0L, 0L), dim = c(6L, 3L
), dimnames = structure(list(c("-4", "-2", "-1", "0", "1", "2"
), c("C", "T", NA)), names = c("", ""))), GM17_SNP1 = structure(c(51L, 
4250L, 17L, 0L, 8L, 0L, 1L, 28L, 0L), dim = c(3L, 3L), dimnames = structure(list(
    c("-1", "0", "1"), c("C", "T", NA)), names = c("", ""))), 
    GM22_SNP1 = structure(c(1L, 21L, 1516L, 4L, 4L, 416L, 1187L, 
    3L, 0L, 4L, 41L, 1L), dim = 4:3, dimnames = structure(list(
        c("-2", "-1", "0", "1"), c("A", "G", NA)), names = c("", 
    ""))), GM26_SNP1 = structure(c(2L, 516L, 1660L, 6L, 0L, 0L, 
    44L, 0L, 0L, 3L, 16L, 0L), dim = 4:3, dimnames = structure(list(
        c("-2", "-1", "0", "1"), c("A", "G", NA)), names = c("", 
    ""))), GM29_SNP1 = structure(c(25L, 1685L, 4L, 102L, 1111L, 
    4L, 0L, 18L, 0L), dim = c(3L, 3L), dimnames = structure(list(
        c("-1", "0", "1"), c("A", "G", NA)), names = c("", ""
    ))), IM16_SNP1 = structure(c(0L, 0L, 1L, 0L, 2L, 1098L, 1383L, 
    12L, 0L, 0L, 6L, 0L, 0L, 2L, 18L, 0L), dim = c(4L, 4L), dimnames = structure(list(
        c("-2", "-1", "0", "1"), c("-", "A", "G", NA)), names = c("", 
    ""))), IM49_SNP1 = structure(c(0L, 0L, 0L, 1L, 0L, 0L, 0L, 
    16L, 1208L, 1832L, 28L, 0L, 1L, 73L, 818L, 1391L, 31L, 0L, 
    0L, 1L, 32L, 137L, 6L, 1L), dim = c(6L, 4L), dimnames = structure(list(
        c("-3", "-2", "-1", "0", "1", "2"), c("A", "C", "G", 
        NA)), names = c("", ""))), LR10_SNP1 = structure(c(2L, 
    744L, 690L, 3L, 0L, 0L, 20L, 1066L, 23L, 1L, 0L, 4L, 13L, 
    2L, 0L), dim = c(5L, 3L), dimnames = structure(list(c("-2", 
    "-1", "0", "1", "2"), c("C", "T", NA)), names = c("", ""))), 
    LR11_SNP1 = structure(c(1L, 55L, 1366L, 2384L, 12L, 0L, 0L, 
    1L, 8L, 0L, 0L, 0L, 1L, 0L, 0L, 0L, 0L, 5L, 12L, 0L), dim = 5:4, dimnames = structure(list(
        c("-3", "-2", "-1", "0", "1"), c("A", "C", "T", NA)), names = c("", 
    ""))), LR17_SNP1 = structure(c(1L, 56L, 2579L, 3452L, 47L, 
    1L, 0L, 0L, 0L, 3L, 0L, 0L, 0L, 1L, 72L, 135L, 1L, 0L), dim = c(6L, 
    3L), dimnames = structure(list(c("-3", "-2", "-1", "0", "1", 
    "2"), c("A", "G", NA)), names = c("", ""))), LR20_SNP1 = structure(c(0L, 
    0L, 2L, 0L, 4L, 1119L, 1444L, 3L, 0L, 5L, 12L, 0L), dim = 4:3, dimnames = structure(list(
        c("-2", "-1", "0", "1"), c("A", "G", NA)), names = c("", 
    ""))), LR24_SNP1 = structure(c(8L, 45L, 0L, 60L, 6341L, 20L, 
    1L, 21L, 1L), dim = c(3L, 3L), dimnames = structure(list(
        c("-1", "0", "1"), c("A", "G", NA)), names = c("", ""
    ))), LR36_SNP1 = structure(c(65L, 701L, 3376L, 21L, 1L, 1L, 
    2L, 0L, 1L, 2L, 71L, 0L), dim = 4:3, dimnames = structure(list(
        c("-2", "-1", "0", "1"), c("A", "T", NA)), names = c("", 
    ""))), LR40_SNP1 = structure(c(330L, 616L, 2L, 11L, 993L, 
    3L, 0L, 1L, 0L, 1L, 10L, 0L), dim = 3:4, dimnames = structure(list(
        c("-1", "0", "1"), c("A", "C", "T", NA)), names = c("", 
    ""))), LR44_SNP1 = structure(c(0L, 0L, 0L, 0L, 1L, 0L, 0L, 
    0L, 0L, 0L, 15L, 0L, 0L, 0L, 3L, 82L, 1430L, 3382L, 71L, 
    2L, 1L, 0L, 1L, 8L, 56L, 1L, 0L, 0L), dim = c(7L, 4L), dimnames = structure(list(
        c("-3", "-2", "-1", "0", "1", "2", "3"), c("A", "C", 
        "T", NA)), names = c("", ""))), LR46_SNP1 = structure(c(0L, 
    1L, 0L, 10L, 2631L, 3L, 0L, 3L, 0L, 0L, 20L, 1L), dim = 3:4, dimnames = structure(list(
        c("-1", "0", "1"), c("A", "G", "T", NA)), names = c("", 
    ""))), LR48_SNP1 = structure(c(3L, 280L, 1184L, 25L, 9L, 
    423L, 510L, 6L, 0L, 5L, 41L, 1L), dim = 4:3, dimnames = structure(list(
        c("-2", "-1", "0", "1"), c("C", "T", NA)), names = c("", 
    ""))), LR49_SNP1 = structure(c(0L, 11L, 0L, 12L, 3777L, 1L, 
    0L, 1L, 0L, 0L, 18L, 0L), dim = 3:4, dimnames = structure(list(
        c("-1", "0", "1"), c("A", "G", "T", NA)), names = c("", 
    ""))), LR52_SNP1 = structure(c(0L, 0L, 0L, 0L, 1L, 0L, 1L, 
    84L, 451L, 38L, 395L, 2L, 2L, 1L, 35L, 408L, 673L, 7L, 0L, 
    0L, 8L, 6L, 179L, 2L), dim = c(6L, 4L), dimnames = structure(list(
        c("-4", "-3", "-2", "-1", "0", "1"), c("A", "C", "T", 
        NA)), names = c("", ""))))
