Result <-
list(DEPDC2_SNP1 = structure(c(0L, 1L, 0L, 42L, 3573L, 31L, 24L, 
4058L, 26L, 0L, 72L, 0L), dim = 3:4, dimnames = structure(list(
    c("-1", "0", "1"), c("A", "C", "T", NA)), names = c("", ""
))), GM01_SNP1 = structure(c(23L, 280L, 2303L, 8L, 0L, 53L, 2692L, 
7L, 0L, 2L, 65L, 0L), dim = 4:3, dimnames = structure(list(c("-2", 
"-1", "0", "1"), c("A", "G", NA)), names = c("", ""))), GM07_SNP1 = structure(c(0L, 
0L, 1L, 4L, 0L, 1L, 327L, 612L, 2032L, 49L, 0L, 1L, 5L, 30L, 
1L), dim = c(5L, 3L), dimnames = structure(list(c("-3", "-2", 
"-1", "0", "1"), c("A", "G", NA)), names = c("", ""))), GM09_SNP1 = structure(c(55L, 
3626L, 10L, 14L, 3809L, 4L, 0L, 44L, 0L), dim = c(3L, 3L), dimnames = structure(list(
    c("-1", "0", "1"), c("A", "G", NA)), names = c("", ""))), 
    GM11_SNP1 = structure(c(1L, 5L, 828L, 251L, 0L, 373L, 1071L, 
    1L, 0L, 2L, 8L, 2L), dim = 4:3, dimnames = structure(list(
        c("-2", "-1", "0", "1"), c("A", "G", NA)), names = c("", 
    ""))), GM14_SNP1 = structure(c(0L, 0L, 1L, 0L, 0L, 0L, 1L, 
    431L, 366L, 53L, 1570L, 5L, 0L, 1L, 18L, 564L, 1303L, 9L, 
    0L, 0L, 0L, 0L, 29L, 0L), dim = c(6L, 4L), dimnames = structure(list(
        c("-4", "-3", "-2", "-1", "0", "1"), c("-", "C", "T", 
        NA)), names = c("", ""))), GM17_SNP1 = structure(c(0L, 
    1L, 0L, 0L, 14L, 1L, 167L, 3908L, 9L, 1L, 30L, 0L), dim = 3:4, dimnames = structure(list(
        c("-1", "0", "1"), c("A", "C", "T", NA)), names = c("", 
    ""))), GM22_SNP1 = structure(c(78L, 3509L, 12L, 1L, 45L, 
    0L, 1L, 28L, 0L), dim = c(3L, 3L), dimnames = structure(list(
        c("-1", "0", "1"), c("A", "G", NA)), names = c("", ""
    ))), GM26_SNP1 = structure(c(397L, 2173L, 7L, 0L, 1L, 0L, 
    4L, 18L, 0L), dim = c(3L, 3L), dimnames = structure(list(
        c("-1", "0", "1"), c("A", "G", NA)), names = c("", ""
    ))), GM29_SNP1 = structure(c(2L, 48L, 1332L, 6L, 1L, 1L, 
    50L, 1453L, 4L, 0L, 0L, 0L, 0L, 1L, 0L, 0L, 0L, 19L, 0L, 
    0L), dim = 5:4, dimnames = structure(list(c("-2", "-1", "0", 
    "1", "2"), c("A", "G", "T", NA)), names = c("", ""))), IM16_SNP1 = structure(c(1L, 
    474L, 1367L, 12L, 0L, 53L, 1763L, 28L, 0L, 2L, 26L, 2L), dim = 4:3, dimnames = structure(list(
        c("-2", "-1", "0", "1"), c("A", "G", NA)), names = c("", 
    ""))), IM49_SNP1 = structure(c(0L, 62L, 805L, 1697L, 37L, 
    1L, 21L, 413L, 572L, 1528L, 24L, 0L, 0L, 1L, 18L, 136L, 4L, 
    0L), dim = c(6L, 3L), dimnames = structure(list(c("-3", "-2", 
    "-1", "0", "1", "2"), c("C", "G", NA)), names = c("", ""))), 
    LR10_SNP1 = structure(c(1L, 131L, 3105L, 59L, 0L, 1L, 5L, 
    0L, 0L, 1L, 36L, 1L), dim = 4:3, dimnames = structure(list(
        c("-2", "-1", "0", "1"), c("C", "T", NA)), names = c("", 
    ""))), LR11_SNP1 = structure(c(0L, 0L, 3L, 0L, 4L, 110L, 
    3475L, 31L, 0L, 7L, 92L, 3L), dim = 4:3, dimnames = structure(list(
        c("-2", "-1", "0", "1"), c("A", "C", NA)), names = c("", 
    ""))), LR17_SNP1 = structure(c(1L, 339L, 1188L, 4039L, 77L, 
    0L, 0L, 0L, 1L, 0L, 0L, 0L, 1L, 1L, 0L, 0L, 2L, 34L, 139L, 
    0L), dim = 5:4, dimnames = structure(list(c("-3", "-2", "-1", 
    "0", "1"), c("A", "C", "G", NA)), names = c("", ""))), LR20_SNP1 = structure(c(0L, 
    0L, 2L, 0L, 5L, 502L, 2738L, 4L, 0L, 0L, 3L, 0L, 0L, 3L, 
    19L, 0L), dim = c(4L, 4L), dimnames = structure(list(c("-2", 
    "-1", "0", "1"), c("A", "G", "T", NA)), names = c("", ""))), 
    LR24_SNP1 = structure(c(1L, 63L, 3637L, 8L, 0L, 101L, 3569L, 
    8L, 0L, 0L, 46L, 0L), dim = 4:3, dimnames = structure(list(
        c("-2", "-1", "0", "1"), c("A", "G", NA)), names = c("", 
    ""))), LR36_SNP1 = structure(c(0L, 0L, 1L, 14L, 0L, 0L, 0L, 
    0L, 1L, 0L, 0L, 0L, 1L, 1L, 0L, 1L, 36L, 918L, 3866L, 23L, 
    0L, 1L, 20L, 195L, 2L), dim = c(5L, 5L), dimnames = structure(list(
        c("-3", "-2", "-1", "0", "1"), c("A", "C", "G", "T", 
        NA)), names = c("", ""))), LR40_SNP1 = structure(c(0L, 
    0L, 1L, 0L, 1L, 390L, 1903L, 5L, 0L, 0L, 1L, 0L, 0L, 0L, 
    1L, 0L, 0L, 1L, 11L, 0L), dim = 4:5, dimnames = structure(list(
        c("-2", "-1", "0", "1"), c("A", "C", "G", "T", NA)), names = c("", 
    ""))), LR44_SNP1 = structure(c(7L, 28L, 639L, 89L, 1173L, 
    11L, 0L, 0L, 0L, 4L, 157L, 1367L, 352L, 7L, 0L, 0L, 1L, 1L, 
    50L, 6L, 1L), dim = c(7L, 3L), dimnames = structure(list(
        c("-4", "-3", "-2", "-1", "0", "1", "2"), c("C", "T", 
        NA)), names = c("", ""))), LR46_SNP1 = structure(c(0L, 
    1L, 0L, 6L, 3139L, 4L, 0L, 5L, 0L, 1L, 22L, 0L), dim = 3:4, dimnames = structure(list(
        c("-1", "0", "1"), c("A", "G", "T", NA)), names = c("", 
    ""))), LR48_SNP1 = structure(c(1L, 223L, 446L, 1874L, 25L, 
    0L, 0L, 1L, 24L, 0L), dim = c(5L, 2L), dimnames = structure(list(
        c("-3", "-2", "-1", "0", "1"), c("C", NA)), names = c("", 
    ""))), LR49_SNP1 = structure(c(49L, 693L, 1430L, 0L, 33L, 
    1712L, 0L, 5L, 24L), dim = c(3L, 3L), dimnames = structure(list(
        c("-2", "-1", "0"), c("A", "G", NA)), names = c("", ""
    ))), LR52_SNP1 = structure(c(0L, 0L, 0L, 0L, 1L, 0L, 1L, 
    83L, 463L, 102L, 543L, 3L, 2L, 306L, 4L, 113L, 963L, 2L, 
    0L, 2L, 6L, 18L, 268L, 1L), dim = c(6L, 4L), dimnames = structure(list(
        c("-4", "-3", "-2", "-1", "0", "1"), c("-", "C", "T", 
        NA)), names = c("", ""))))
