Result <-
list(DEPDC2_SNP1 = structure(c(1L, 58L, 5009L, 731L, 6L, 1L, 
39L, 5755L, 22L, 1L, 0L, 1L, 106L, 5L, 0L), dim = c(5L, 3L), dimnames = structure(list(
    c("-2", "-1", "0", "1", "2"), c("C", "T", NA)), names = c("", 
""))), GM01_SNP1 = structure(c(1L, 128L, 6246L, 31L, 1L, 0L, 
1L, 3L, 0L, 0L, 0L, 1L, 70L, 1L, 0L), dim = c(5L, 3L), dimnames = structure(list(
    c("-2", "-1", "0", "1", "2"), c("A", "G", NA)), names = c("", 
""))), GM07_SNP1 = structure(c(0L, 3L, 31L, 1L, 0L, 97L, 1678L, 
3547L, 165L, 7L, 1L, 13L, 53L, 0L, 0L), dim = c(5L, 3L), dimnames = structure(list(
    c("-2", "-1", "0", "1", "2"), c("A", "G", NA)), names = c("", 
""))), GM09_SNP1 = structure(c(1L, 6L, 0L, 111L, 8378L, 9L, 1L, 
61L, 0L), dim = c(3L, 3L), dimnames = structure(list(c("-1", 
"0", "1"), c("A", "G", NA)), names = c("", ""))), GM11_SNP1 = structure(c(6L, 
1164L, 1L, 104L, 1339L, 7L, 0L, 17L, 1L), dim = c(3L, 3L), dimnames = structure(list(
    c("-1", "0", "1"), c("A", "G", NA)), names = c("", ""))), 
    GM14_SNP1 = structure(c(0L, 0L, 1L, 0L, 0L, 0L, 0L, 23L, 
    0L, 0L, 194L, 457L, 5976L, 288L, 18L, 0L, 0L, 4L, 0L, 0L, 
    1L, 1L, 62L, 1L, 0L), dim = c(5L, 5L), dimnames = structure(list(
        c("-2", "-1", "0", "1", "2"), c("-", "A", "C", "T", NA
        )), names = c("", ""))), GM17_SNP1 = structure(c(0L, 
    0L, 3L, 0L, 0L, 0L, 3L, 0L, 8L, 1944L, 6076L, 29L, 0L, 5L, 
    35L, 0L), dim = c(4L, 4L), dimnames = structure(list(c("-2", 
    "-1", "0", "1"), c("A", "C", "T", NA)), names = c("", ""))), 
    GM22_SNP1 = structure(c(0L, 56L, 2181L, 14L, 3L, 44L, 1857L, 
    11L, 0L, 0L, 58L, 1L), dim = 4:3, dimnames = structure(list(
        c("-2", "-1", "0", "1"), c("A", "G", NA)), names = c("", 
    ""))), GM26_SNP1 = structure(c(26L, 3839L, 14L, 0L, 6L, 0L, 
    1L, 27L, 0L), dim = c(3L, 3L), dimnames = structure(list(
        c("-1", "0", "1"), c("A", "G", NA)), names = c("", ""
    ))), GM29_SNP1 = structure(c(2L, 71L, 2449L, 9L, 5L, 279L, 
    1826L, 4L, 0L, 2L, 33L, 0L), dim = 4:3, dimnames = structure(list(
        c("-2", "-1", "0", "1"), c("A", "G", NA)), names = c("", 
    ""))), IM16_SNP1 = structure(c(18L, 346L, 1227L, 20L, 1L, 
    0L, 16L, 1526L, 21L, 0L, 0L, 3L, 42L, 1L, 0L), dim = c(5L, 
    3L), dimnames = structure(list(c("-2", "-1", "0", "1", "2"
    ), c("A", "G", NA)), names = c("", ""))), IM49_SNP1 = structure(c(1L, 
    116L, 1394L, 5978L, 154L, 4L, 0L, 0L, 1L, 6L, 0L, 0L, 0L, 
    0L, 15L, 185L, 7L, 0L), dim = c(6L, 3L), dimnames = structure(list(
        c("-3", "-2", "-1", "0", "1", "2"), c("C", "G", NA)), names = c("", 
    ""))), LR10_SNP1 = structure(c(0L, 0L, 7L, 0L, 3L, 470L, 
    4289L, 70L, 0L, 1L, 39L, 6L), dim = 4:3, dimnames = structure(list(
        c("-2", "-1", "0", "1"), c("C", "T", NA)), names = c("", 
    ""))), LR11_SNP1 = structure(c(0L, 0L, 4L, 0L, 0L, 0L, 2L, 
    71L, 2389L, 226L, 11L, 1L, 0L, 1L, 56L, 9L, 0L, 0L), dim = c(6L, 
    3L), dimnames = structure(list(c("-2", "-1", "0", "1", "2", 
    "3"), c("A", "C", NA)), names = c("", ""))), LR17_SNP1 = structure(c(17L, 
    631L, 2658L, 49L, 1L, 0L, 20L, 103L, 2L, 0L), dim = c(5L, 
    2L), dimnames = structure(list(c("-2", "-1", "0", "1", "2"
    ), c("A", NA)), names = c("", ""))), LR20_SNP1 = structure(c(0L, 
    2L, 0L, 435L, 2005L, 7L, 4L, 2445L, 6L, 0L, 1L, 0L, 2L, 22L, 
    0L), dim = c(3L, 5L), dimnames = structure(list(c("-1", "0", 
    "1"), c("-", "A", "G", "T", NA)), names = c("", ""))), LR24_SNP1 = structure(c(0L, 
    0L, 1L, 0L, 0L, 254L, 3365L, 7L, 13L, 678L, 2627L, 13L, 0L, 
    1L, 0L, 0L, 0L, 1L, 26L, 2L), dim = 4:5, dimnames = structure(list(
        c("-2", "-1", "0", "1"), c("-", "A", "G", "T", NA)), names = c("", 
    ""))), LR36_SNP1 = structure(c(0L, 0L, 0L, 0L, 12L, 0L, 0L, 
    0L, 0L, 0L, 1L, 0L, 0L, 0L, 1L, 1L, 263L, 1592L, 5301L, 99L, 
    3L, 0L, 1L, 5L, 29L, 249L, 10L, 0L), dim = c(7L, 4L), dimnames = structure(list(
        c("-4", "-3", "-2", "-1", "0", "1", "2"), c("A", "C", 
        "T", NA)), names = c("", ""))), LR40_SNP1 = structure(c(61L, 
    2001L, 8L, 0L, 1L, 0L, 0L, 10L, 0L), dim = c(3L, 3L), dimnames = structure(list(
        c("-1", "0", "1"), c("C", "T", NA)), names = c("", ""
    ))), LR44_SNP1 = structure(c(0L, 0L, 0L, 12L, 39L, 2L, 0L, 
    1L, 2L, 103L, 829L, 3646L, 58L, 1L, 0L, 0L, 0L, 0L, 13L, 
    0L, 0L, 0L, 0L, 0L, 3L, 66L, 2L, 11L, 0L, 1L, 2L, 11L, 116L, 
    1L, 0L), dim = c(7L, 5L), dimnames = structure(list(c("-4", 
    "-3", "-2", "-1", "0", "1", "2"), c("A", "C", "G", "T", NA
    )), names = c("", ""))), LR46_SNP1 = structure(c(21L, 1863L, 
    10L, 413L, 1518L, 3L, 2L, 21L, 0L), dim = c(3L, 3L), dimnames = structure(list(
        c("-1", "0", "1"), c("G", "T", NA)), names = c("", ""
    ))), LR48_SNP1 = structure(c(0L, 0L, 1L, 0L, 0L, 1L, 84L, 
    1774L, 27L, 0L, 21L, 665L, 1505L, 30L, 1L, 0L, 5L, 63L, 1L, 
    1L), dim = 5:4, dimnames = structure(list(c("-2", "-1", "0", 
    "1", "2"), c("A", "C", "T", NA)), names = c("", ""))), LR49_SNP1 = structure(c(0L, 
    29L, 0L, 44L, 6090L, 1L, 0L, 39L, 0L), dim = c(3L, 3L), dimnames = structure(list(
        c("-1", "0", "1"), c("A", "G", NA)), names = c("", ""
    ))), LR52_SNP1 = structure(c(3L, 93L, 310L, 575L, 8L, 1L, 
    0L, 21L, 239L, 895L, 12L, 0L, 0L, 1L, 23L, 222L, 2L, 0L), dim = c(6L, 
    3L), dimnames = structure(list(c("-3", "-2", "-1", "0", "1", 
    "2"), c("C", "T", NA)), names = c("", ""))))
