Result <-
list(DEPDC2_SNP1 = structure(c(0L, 0L, 0L, 2L, 0L, 0L, 0L, 0L, 
5L, 0L, 2L, 1L, 97L, 10549L, 64L, 0L, 0L, 0L, 60L, 0L), dim = 5:4, dimnames = structure(list(
    c("-3", "-2", "-1", "0", "1"), c("A", "C", "T", NA)), names = c("", 
""))), GM01_SNP1 = structure(c(133L, 6243L, 30L, 1L, 1L, 5L, 
0L, 0L, 1L, 62L, 2L, 0L), dim = 4:3, dimnames = structure(list(
    c("-1", "0", "1", "2"), c("A", "G", NA)), names = c("", ""
))), GM07_SNP1 = structure(c(0L, 0L, 1L, 0L, 0L, 10L, 218L, 2836L, 
132L, 3L, 11L, 253L, 2558L, 96L, 3L, 0L, 3L, 73L, 2L, 0L), dim = 5:4, dimnames = structure(list(
    c("-2", "-1", "0", "1", "2"), c("-", "A", "G", NA)), names = c("", 
""))), GM09_SNP1 = structure(c(1L, 62L, 9397L, 7L, 0L, 0L, 61L, 
8484L, 12L, 1L, 0L, 0L, 4L, 0L, 0L, 0L, 1L, 100L, 0L, 0L), dim = 5:4, dimnames = structure(list(
    c("-2", "-1", "0", "1", "2"), c("A", "G", "T", NA)), names = c("", 
""))), GM11_SNP1 = structure(c(1L, 5L, 1411L, 8L, 0L, 27L, 1411L, 
13L, 0L, 0L, 14L, 0L), dim = 4:3, dimnames = structure(list(c("-2", 
"-1", "0", "1"), c("A", "G", NA)), names = c("", ""))), GM14_SNP1 = structure(c(7L, 
194L, 3179L, 68L, 4L, 123L, 3044L, 25L, 0L, 0L, 82L, 0L), dim = 4:3, dimnames = structure(list(
    c("-2", "-1", "0", "1"), c("C", "T", NA)), names = c("", 
""))), GM17_SNP1 = structure(c(0L, 0L, 1L, 0L, 2L, 120L, 7788L, 
33L, 2L, 119L, 7661L, 34L, 0L, 2L, 102L, 2L), dim = c(4L, 4L), dimnames = structure(list(
    c("-2", "-1", "0", "1"), c("-", "C", "T", NA)), names = c("", 
""))), GM22_SNP1 = structure(c(4L, 53L, 3116L, 7L, 0L, 54L, 3143L, 
16L, 0L, 0L, 1L, 0L, 0L, 1L, 124L, 3L), dim = c(4L, 4L), dimnames = structure(list(
    c("-2", "-1", "0", "1"), c("A", "G", "T", NA)), names = c("", 
""))), GM26_SNP1 = structure(c(41L, 3831L, 11L, 0L, 5L, 0L, 2L, 
36L, 0L), dim = c(3L, 3L), dimnames = structure(list(c("-1", 
"0", "1"), c("A", "G", NA)), names = c("", ""))), GM29_SNP1 = structure(c(1L, 
3L, 317L, 6611L, 25L, 3L, 0L, 0L, 0L, 3L, 0L, 0L, 0L, 0L, 3L, 
62L, 0L, 0L), dim = c(6L, 3L), dimnames = structure(list(c("-3", 
"-2", "-1", "0", "1", "2"), c("A", "G", NA)), names = c("", ""
))), IM16_SNP1 = structure(c(79L, 3858L, 68L, 0L, 0L, 10L, 0L, 
1L, 0L, 47L, 2L, 0L), dim = 4:3, dimnames = structure(list(c("-1", 
"0", "1", "2"), c("A", "G", NA)), names = c("", ""))), IM49_SNP1 = structure(c(2L, 
92L, 1779L, 3358L, 103L, 0L, 1L, 0L, 31L, 1572L, 2921L, 81L, 
1L, 0L, 0L, 1L, 41L, 333L, 9L, 0L, 0L), dim = c(7L, 3L), dimnames = structure(list(
    c("-3", "-2", "-1", "0", "1", "2", "3"), c("C", "G", NA)), names = c("", 
""))), LR10_SNP1 = structure(c(134L, 4991L, 53L, 0L, 18L, 0L, 
1L, 50L, 0L), dim = c(3L, 3L), dimnames = structure(list(c("-1", 
"0", "1"), c("C", "T", NA)), names = c("", ""))), LR11_SNP1 = structure(c(0L, 
0L, 2L, 0L, 0L, 15L, 924L, 3957L, 37L, 1L, 0L, 15L, 113L, 5L, 
0L), dim = c(5L, 3L), dimnames = structure(list(c("-2", "-1", 
"0", "1", "2"), c("A", "C", NA)), names = c("", ""))), LR17_SNP1 = structure(c(1L, 
41L, 1297L, 4980L, 119L, 7L, 0L, 0L, 0L, 4L, 0L, 0L, 0L, 0L, 
40L, 239L, 1L, 0L), dim = c(6L, 3L), dimnames = structure(list(
    c("-3", "-2", "-1", "0", "1", "2"), c("A", "G", NA)), names = c("", 
""))), LR20_SNP1 = structure(c(0L, 6L, 0L, 0L, 10L, 3697L, 13L, 
2L, 1L, 31L, 0L, 0L), dim = 4:3, dimnames = structure(list(c("-1", 
"0", "1", "2"), c("A", "G", NA)), names = c("", ""))), LR24_SNP1 = structure(c(0L, 
0L, 1L, 0L, 0L, 1L, 33L, 5848L, 12L, 0L, 1L, 65L, 5774L, 14L, 
1L, 0L, 0L, 71L, 0L, 0L), dim = 5:4, dimnames = structure(list(
    c("-2", "-1", "0", "1", "2"), c("-", "A", "G", NA)), names = c("", 
""))), LR36_SNP1 = structure(c(0L, 0L, 0L, 1L, 0L, 4L, 36L, 1571L, 
7223L, 102L, 0L, 0L, 0L, 2L, 0L, 0L, 0L, 0L, 6L, 0L, 0L, 0L, 
7L, 99L, 1L), dim = c(5L, 5L), dimnames = structure(list(c("-3", 
"-2", "-1", "0", "1"), c("-", "A", "G", "T", NA)), names = c("", 
""))), LR40_SNP1 = structure(c(0L, 0L, 1L, 0L, 2L, 80L, 3686L, 
10L, 0L, 0L, 1L, 0L, 0L, 1L, 19L, 0L), dim = c(4L, 4L), dimnames = structure(list(
    c("-2", "-1", "0", "1"), c("A", "C", "T", NA)), names = c("", 
""))), LR44_SNP1 = structure(c(0L, 0L, 0L, 1L, 0L, 0L, 17L, 406L, 
65L, 665L, 13L, 3L, 0L, 28L, 250L, 1070L, 17L, 1L, 0L, 0L, 2L, 
30L, 0L, 0L), dim = c(6L, 4L), dimnames = structure(list(c("-3", 
"-2", "-1", "0", "1", "2"), c("A", "C", "T", NA)), names = c("", 
""))), LR46_SNP1 = structure(c(27L, 4414L, 18L, 1L, 6L, 0L, 0L, 
37L, 1L), dim = c(3L, 3L), dimnames = structure(list(c("-1", 
"0", "1"), c("G", "T", NA)), names = c("", ""))), LR48_SNP1 = structure(c(6L, 
162L, 3678L, 90L, 1L, 0L, 1L, 82L, 2L, 0L), dim = c(5L, 2L), dimnames = structure(list(
    c("-2", "-1", "0", "1", "2"), c("C", NA)), names = c("", 
""))), LR49_SNP1 = structure(c(0L, 1L, 0L, 34L, 7009L, 4L, 1L, 
9L, 0L, 0L, 75L, 0L), dim = 3:4, dimnames = structure(list(c("-1", 
"0", "1"), c("-", "A", "G", NA)), names = c("", ""))), LR52_SNP1 = structure(c(2L, 
38L, 241L, 969L, 11L, 0L, 13L, 139L, 1250L, 27L, 0L, 1L, 31L, 
426L, 2L), dim = c(5L, 3L), dimnames = structure(list(c("-3", 
"-2", "-1", "0", "1"), c("C", "T", NA)), names = c("", ""))))
