Result <-
list(DEPDC2_SNP1 = structure(c(0L, 0L, 11L, 0L, 12L, 154L, 9152L, 
66L, 0L, 1L, 39L, 1L), dim = 4:3, dimnames = structure(list(c("-2", 
"-1", "0", "1"), c("C", "T", NA)), names = c("", ""))), GM01_SNP1 = structure(c(0L, 
0L, 1L, 0L, 0L, 1L, 172L, 8564L, 61L, 1L, 0L, 0L, 4L, 0L, 0L, 
0L, 1L, 0L, 0L, 0L, 0L, 6L, 92L, 0L, 0L), dim = c(5L, 5L), dimnames = structure(list(
    c("-2", "-1", "0", "1", "2"), c("-", "A", "G", "T", NA)), names = c("", 
""))), GM07_SNP1 = structure(c(0L, 0L, 0L, 1L, 0L, 0L, 0L, 20L, 
598L, 1797L, 56L, 2L, 1L, 67L, 868L, 1422L, 59L, 3L, 0L, 0L, 
1L, 1L, 0L, 0L, 0L, 0L, 5L, 26L, 3L, 0L), dim = 6:5, dimnames = structure(list(
    c("-3", "-2", "-1", "0", "1", "2"), c("-", "A", "G", "T", 
    NA)), names = c("", ""))), GM09_SNP1 = structure(c(0L, 2L, 
0L, 84L, 11554L, 26L, 85L, 10584L, 19L, 0L, 5L, 0L, 1L, 130L, 
0L), dim = c(3L, 5L), dimnames = structure(list(c("-1", "0", 
"1"), c("-", "A", "G", "T", NA)), names = c("", ""))), GM11_SNP1 = structure(c(4L, 
790L, 3466L, 6L, 0L, 0L, 1L, 0L, 0L, 0L, 6L, 0L, 0L, 0L, 17L, 
1L), dim = c(4L, 4L), dimnames = structure(list(c("-2", "-1", 
"0", "1"), c("A", "C", "G", NA)), names = c("", ""))), GM14_SNP1 = structure(c(0L, 
0L, 0L, 1L, 0L, 0L, 0L, 0L, 0L, 1L, 0L, 0L, 1L, 28L, 804L, 7202L, 
102L, 3L, 0L, 0L, 0L, 12L, 0L, 0L, 0L, 0L, 0L, 80L, 2L, 0L), dim = 6:5, dimnames = structure(list(
    c("-3", "-2", "-1", "0", "1", "2"), c("-", "A", "C", "T", 
    NA)), names = c("", ""))), GM17_SNP1 = structure(c(0L, 0L, 
1L, 0L, 1L, 98L, 7428L, 28L, 1L, 116L, 7615L, 34L, 0L, 1L, 79L, 
0L), dim = c(4L, 4L), dimnames = structure(list(c("-2", "-1", 
"0", "1"), c("A", "C", "T", NA)), names = c("", ""))), GM22_SNP1 = structure(c(7L, 
518L, 6255L, 20L, 0L, 0L, 1L, 0L, 0L, 0L, 1L, 0L, 0L, 4L, 50L, 
0L), dim = c(4L, 4L), dimnames = structure(list(c("-2", "-1", 
"0", "1"), c("A", "G", "T", NA)), names = c("", ""))), GM26_SNP1 = structure(c(1L, 
1L, 151L, 3719L, 19L, 0L, 0L, 0L, 3L, 0L, 0L, 0L, 1L, 34L, 0L
), dim = c(5L, 3L), dimnames = structure(list(c("-3", "-2", "-1", 
"0", "1"), c("A", "G", NA)), names = c("", ""))), GM29_SNP1 = structure(c(33L, 
111L, 3387L, 11L, 0L, 0L, 1L, 0L, 0L, 157L, 3548L, 43L, 0L, 2L, 
53L, 1L), dim = c(4L, 4L), dimnames = structure(list(c("-2", 
"-1", "0", "1"), c("A", "C", "G", NA)), names = c("", ""))), 
    IM16_SNP1 = structure(c(4L, 413L, 2422L, 42L, 50L, 1047L, 
    2008L, 22L, 0L, 2L, 62L, 3L), dim = 4:3, dimnames = structure(list(
        c("-2", "-1", "0", "1"), c("A", "G", NA)), names = c("", 
    ""))), IM49_SNP1 = structure(c(0L, 0L, 1L, 0L, 0L, 0L, 15L, 
    659L, 4119L, 77L, 1L, 2L, 6L, 338L, 3791L, 91L, 4L, 0L, 1L, 
    16L, 324L, 4L, 0L, 0L), dim = c(6L, 4L), dimnames = structure(list(
        c("-2", "-1", "0", "1", "2", "3"), c("A", "C", "G", NA
        )), names = c("", ""))), LR10_SNP1 = structure(c(0L, 
    0L, 1L, 14L, 0L, 1L, 9L, 885L, 5474L, 51L, 0L, 0L, 1L, 48L, 
    3L), dim = c(5L, 3L), dimnames = structure(list(c("-3", "-2", 
    "-1", "0", "1"), c("C", "T", NA)), names = c("", ""))), LR11_SNP1 = structure(c(0L, 
    0L, 3L, 0L, 53L, 808L, 7276L, 69L, 0L, 0L, 1L, 0L, 1L, 22L, 
    175L, 2L), dim = c(4L, 4L), dimnames = structure(list(c("-2", 
    "-1", "0", "1"), c("A", "C", "G", NA)), names = c("", ""))), 
    LR17_SNP1 = structure(c(1L, 32L, 1040L, 6974L, 320L, 6L, 
    0L, 0L, 0L, 2L, 0L, 0L, 0L, 0L, 41L, 297L, 7L, 0L), dim = c(6L, 
    3L), dimnames = structure(list(c("-3", "-2", "-1", "0", "1", 
    "2"), c("A", "G", NA)), names = c("", ""))), LR20_SNP1 = structure(c(0L, 
    19L, 0L, 0L, 1L, 0L, 505L, 6342L, 5L, 3L, 45L, 0L), dim = 3:4, dimnames = structure(list(
        c("-1", "0", "1"), c("A", "C", "G", NA)), names = c("", 
    ""))), LR24_SNP1 = structure(c(43L, 1365L, 7725L, 14L, 1L, 
    206L, 8700L, 23L, 0L, 0L, 1L, 0L, 0L, 3L, 82L, 1L), dim = c(4L, 
    4L), dimnames = structure(list(c("-2", "-1", "0", "1"), c("A", 
    "G", "T", NA)), names = c("", ""))), LR36_SNP1 = structure(c(4L, 
    183L, 978L, 3311L, 31L, 0L, 0L, 0L, 0L, 0L, 1L, 24L, 595L, 
    3690L, 62L, 0L, 0L, 16L, 223L, 4L), dim = 5:4, dimnames = structure(list(
        c("-3", "-2", "-1", "0", "1"), c("A", "G", "T", NA)), names = c("", 
    ""))), LR40_SNP1 = structure(c(1L, 53L, 2854L, 11L, 0L, 40L, 
    3009L, 8L, 0L, 0L, 2L, 0L, 0L, 3L, 29L, 0L), dim = c(4L, 
    4L), dimnames = structure(list(c("-2", "-1", "0", "1"), c("A", 
    "C", "T", NA)), names = c("", ""))), LR44_SNP1 = structure(c(0L, 
    0L, 0L, 5L, 0L, 0L, 2L, 55L, 372L, 941L, 26L, 0L, 7L, 76L, 
    232L, 1330L, 46L, 4L, 0L, 2L, 4L, 51L, 1L, 0L), dim = c(6L, 
    4L), dimnames = structure(list(c("-3", "-2", "-1", "0", "1", 
    "2"), c("-", "C", "T", NA)), names = c("", ""))), LR46_SNP1 = structure(c(0L, 
    0L, 1L, 0L, 0L, 53L, 2678L, 7L, 9L, 93L, 2674L, 5L, 0L, 0L, 
    35L, 0L), dim = c(4L, 4L), dimnames = structure(list(c("-2", 
    "-1", "0", "1"), c("C", "G", "T", NA)), names = c("", ""))), 
    LR48_SNP1 = structure(c(0L, 0L, 0L, 1L, 0L, 0L, 4L, 920L, 
    708L, 2427L, 48L, 1L, 0L, 0L, 1L, 2L, 0L, 0L, 0L, 4L, 10L, 
    69L, 0L, 0L), dim = c(6L, 4L), dimnames = structure(list(
        c("-3", "-2", "-1", "0", "1", "2"), c("A", "C", "T", 
        NA)), names = c("", ""))), LR49_SNP1 = structure(c(0L, 
    11L, 0L, 178L, 5801L, 4L, 0L, 1L, 0L, 1L, 26L, 0L), dim = 3:4, dimnames = structure(list(
        c("-1", "0", "1"), c("A", "G", "T", NA)), names = c("", 
    ""))), LR52_SNP1 = structure(c(0L, 0L, 1L, 3L, 5L, 0L, 5L, 
    197L, 663L, 530L, 1867L, 24L, 0L, 1L, 2L, 12L, 83L, 0L), dim = c(6L, 
    3L), dimnames = structure(list(c("-4", "-3", "-2", "-1", 
    "0", "1"), c("C", "T", NA)), names = c("", ""))))
