Result <-
list(DEPDC2_SNP1 = structure(c(0L, 0L, 0L, 1L, 0L, 0L, 0L, 0L, 
13L, 0L, 1L, 1L, 120L, 10553L, 54L, 0L, 0L, 0L, 67L, 0L), dim = 5:4, dimnames = structure(list(
    c("-3", "-2", "-1", "0", "1"), c("A", "C", "T", NA)), names = c("", 
""))), GM01_SNP1 = structure(c(0L, 1L, 0L, 175L, 7013L, 36L, 
0L, 1L, 0L, 0L, 9L, 0L, 0L, 2L, 0L, 3L, 58L, 0L), dim = c(3L, 
6L), dimnames = structure(list(c("-1", "0", "1"), c("-", "A", 
"C", "G", "T", NA)), names = c("", ""))), GM07_SNP1 = structure(c(9L, 
619L, 2192L, 74L, 3L, 2L, 9L, 590L, 2222L, 104L, 3L, 0L, 0L, 
6L, 52L, 1L, 0L, 0L), dim = c(6L, 3L), dimnames = structure(list(
    c("-2", "-1", "0", "1", "2", "3"), c("A", "G", NA)), names = c("", 
""))), GM09_SNP1 = structure(c(34L, 5590L, 5L, 144L, 4828L, 8L, 
1L, 63L, 0L), dim = c(3L, 3L), dimnames = structure(list(c("-1", 
"0", "1"), c("A", "G", NA)), names = c("", ""))), GM11_SNP1 = structure(c(1L, 
21L, 3809L, 152L, 3L, 0L, 1L, 21L, 0L, 0L, 0L, 0L, 19L, 2L, 0L
), dim = c(5L, 3L), dimnames = structure(list(c("-2", "-1", "0", 
"1", "2"), c("A", "G", NA)), names = c("", ""))), GM14_SNP1 = structure(c(1L, 
16L, 264L, 6757L, 89L, 0L, 0L, 0L, 5L, 0L, 0L, 0L, 1L, 86L, 2L
), dim = c(5L, 3L), dimnames = structure(list(c("-3", "-2", "-1", 
"0", "1"), c("C", "T", NA)), names = c("", ""))), GM17_SNP1 = structure(c(8L, 
95L, 7746L, 663L, 2L, 0L, 0L, 1L, 0L, 0L, 0L, 0L, 14L, 0L, 0L, 
0L, 1L, 55L, 6L, 0L), dim = 5:4, dimnames = structure(list(c("-2", 
"-1", "0", "1", "2"), c("C", "G", "T", NA)), names = c("", ""
))), GM22_SNP1 = structure(c(17L, 112L, 5884L, 32L, 1L, 0L, 0L, 
2L, 0L, 0L, 0L, 1L, 65L, 1L, 0L), dim = c(5L, 3L), dimnames = structure(list(
    c("-2", "-1", "0", "1", "2"), c("A", "G", NA)), names = c("", 
""))), GM26_SNP1 = structure(c(4L, 529L, 3796L, 9L, 0L, 0L, 7L, 
0L, 0L, 4L, 27L, 1L), dim = 4:3, dimnames = structure(list(c("-2", 
"-1", "0", "1"), c("A", "G", NA)), names = c("", ""))), GM29_SNP1 = structure(c(247L, 
4059L, 13L, 0L, 1L, 0L, 0L, 1L, 0L, 1L, 29L, 0L), dim = 3:4, dimnames = structure(list(
    c("-1", "0", "1"), c("A", "G", "T", NA)), names = c("", ""
))), IM16_SNP1 = structure(c(103L, 4615L, 86L, 1L, 2L, 10L, 0L, 
0L, 2L, 52L, 5L, 1L), dim = 4:3, dimnames = structure(list(c("-1", 
"0", "1", "2"), c("A", "G", NA)), names = c("", ""))), IM49_SNP1 = structure(c(0L, 
1L, 0L, 0L, 0L, 5L, 141L, 2673L, 68L, 2L, 10L, 415L, 1729L, 41L, 
1L, 0L, 10L, 167L, 2L, 0L), dim = 5:4, dimnames = structure(list(
    c("-2", "-1", "0", "1", "2"), c("-", "C", "G", NA)), names = c("", 
""))), LR10_SNP1 = structure(c(1L, 85L, 2789L, 35L, 1L, 53L, 
2620L, 25L, 0L, 0L, 54L, 0L), dim = 4:3, dimnames = structure(list(
    c("-2", "-1", "0", "1"), c("C", "T", NA)), names = c("", 
""))), LR11_SNP1 = structure(c(1L, 19L, 709L, 5141L, 68L, 2L, 
0L, 0L, 2L, 27L, 1L, 0L, 0L, 0L, 0L, 35L, 0L, 0L), dim = c(6L, 
3L), dimnames = structure(list(c("-4", "-2", "-1", "0", "1", 
"2"), c("A", "C", NA)), names = c("", ""))), LR17_SNP1 = structure(c(112L, 
166L, 408L, 3990L, 82L, 1L, 0L, 0L, 0L, 1L, 0L, 0L, 0L, 0L, 0L, 
1L, 0L, 0L, 0L, 2L, 10L, 167L, 1L, 0L), dim = c(6L, 4L), dimnames = structure(list(
    c("-3", "-2", "-1", "0", "1", "2"), c("A", "G", "T", NA)), names = c("", 
""))), LR20_SNP1 = structure(c(0L, 1L, 0L, 13L, 6323L, 9L, 0L, 
49L, 0L), dim = c(3L, 3L), dimnames = structure(list(c("-1", 
"0", "1"), c("A", "G", NA)), names = c("", ""))), LR24_SNP1 = structure(c(0L, 
0L, 1L, 0L, 0L, 53L, 4300L, 13L, 0L, 0L, 1L, 0L, 1L, 161L, 4347L, 
9L, 0L, 0L, 42L, 0L), dim = 4:5, dimnames = structure(list(c("-3", 
"-1", "0", "1"), c("-", "A", "C", "G", NA)), names = c("", ""
))), LR36_SNP1 = structure(c(0L, 0L, 0L, 0L, 1L, 0L, 0L, 5L, 
64L, 390L, 163L, 4816L, 56L, 2L, 0L, 0L, 0L, 0L, 2L, 0L, 0L, 
0L, 0L, 0L, 2L, 91L, 0L, 0L), dim = c(7L, 4L), dimnames = structure(list(
    c("-4", "-3", "-2", "-1", "0", "1", "2"), c("-", "A", "T", 
    NA)), names = c("", ""))), LR40_SNP1 = structure(c(49L, 3947L, 
8L, 0L, 1L, 0L, 0L, 15L, 1L), dim = c(3L, 3L), dimnames = structure(list(
    c("-1", "0", "1"), c("C", "T", NA)), names = c("", ""))), 
    LR44_SNP1 = structure(c(0L, 0L, 1L, 0L, 0L, 0L, 0L, 13L, 
    38L, 0L, 6L, 390L, 768L, 3035L, 78L, 0L, 0L, 3L, 39L, 4L), dim = 5:4, dimnames = structure(list(
        c("-3", "-2", "-1", "0", "1"), c("A", "C", "T", NA)), names = c("", 
    ""))), LR46_SNP1 = structure(c(40L, 4092L, 13L, 0L, 1L, 0L, 
    1L, 46L, 0L), dim = c(3L, 3L), dimnames = structure(list(
        c("-1", "0", "1"), c("G", "T", NA)), names = c("", ""
    ))), LR48_SNP1 = structure(c(6L, 622L, 3839L, 87L, 0L, 0L, 
    2L, 0L, 1L, 4L, 89L, 1L), dim = 4:3, dimnames = structure(list(
        c("-2", "-1", "0", "1"), c("C", "T", NA)), names = c("", 
    ""))), LR49_SNP1 = structure(c(13L, 2986L, 13L, 2750L, 0L, 
    2L, 0L, 39L), dim = c(2L, 4L), dimnames = structure(list(
        c("-1", "0"), c("A", "G", "T", NA)), names = c("", ""
    ))), LR52_SNP1 = structure(c(2L, 222L, 216L, 183L, 1435L, 
    10L, 0L, 16L, 341L, 145L, 1615L, 17L, 0L, 0L, 4L, 21L, 522L, 
    7L), dim = c(6L, 3L), dimnames = structure(list(c("-4", "-3", 
    "-2", "-1", "0", "1"), c("C", "T", NA)), names = c("", ""
    ))))
