Result <-
list(DEPDC2_SNP1 = structure(c(0L, 0L, 1L, 0L, 1L, 182L, 9536L, 
113L, 0L, 0L, 0L, 0L, 0L, 4L, 57L, 0L, 0L, 4L, 123L, 0L), dim = 4:5, dimnames = structure(list(
    c("-2", "-1", "0", "1"), c("A", "C", "G", "T", NA)), names = c("", 
""))), GM01_SNP1 = structure(c(1L, 233L, 6054L, 32L, 0L, 0L, 
10L, 0L, 1L, 6L, 66L, 0L), dim = 4:3, dimnames = structure(list(
    c("-2", "-1", "0", "1"), c("A", "G", NA)), names = c("", 
""))), GM07_SNP1 = structure(c(0L, 2L, 3L, 0L, 0L, 0L, 584L, 
576L, 3087L, 102L, 1L, 1L, 3L, 5L, 39L, 0L, 0L, 0L), dim = c(6L, 
3L), dimnames = structure(list(c("-2", "-1", "0", "1", "2", "3"
), c("A", "G", NA)), names = c("", ""))), GM09_SNP1 = structure(c(263L, 
12227L, 23L, 1L, 13L, 0L, 0L, 4L, 0L, 1L, 57L, 0L), dim = 3:4, dimnames = structure(list(
    c("-1", "0", "1"), c("A", "G", "T", NA)), names = c("", ""
))), GM11_SNP1 = structure(c(0L, 21L, 0L, 20L, 3023L, 15L, 0L, 
12L, 1L), dim = c(3L, 3L), dimnames = structure(list(c("-1", 
"0", "1"), c("A", "G", NA)), names = c("", ""))), GM14_SNP1 = structure(c(0L, 
0L, 0L, 1L, 0L, 0L, 0L, 1L, 55L, 726L, 6612L, 994L, 68L, 6L, 
0L, 0L, 0L, 2L, 0L, 0L, 0L, 0L, 0L, 0L, 95L, 8L, 3L, 0L), dim = c(7L, 
4L), dimnames = structure(list(c("-4", "-2", "-1", "0", "1", 
"2", "3"), c("A", "C", "T", NA)), names = c("", ""))), GM17_SNP1 = structure(c(0L, 
0L, 76L, 0L, 0L, 20L, 2418L, 7701L, 25L, 1L, 0L, 9L, 52L, 0L, 
0L), dim = c(5L, 3L), dimnames = structure(list(c("-2", "-1", 
"0", "1", "2"), c("C", "T", NA)), names = c("", ""))), GM22_SNP1 = structure(c(0L, 
0L, 28L, 0L, 0L, 0L, 1L, 0L, 2L, 112L, 6804L, 29L, 0L, 2L, 138L, 
2L), dim = c(4L, 4L), dimnames = structure(list(c("-2", "-1", 
"0", "1"), c("A", "C", "G", NA)), names = c("", ""))), GM26_SNP1 = structure(c(1L, 
14L, 1819L, 7L, 2L, 14L, 1893L, 6L, 0L, 0L, 1L, 0L, 0L, 0L, 56L, 
1L), dim = c(4L, 4L), dimnames = structure(list(c("-2", "-1", 
"0", "1"), c("A", "G", "T", NA)), names = c("", ""))), GM29_SNP1 = structure(c(0L, 
17L, 1697L, 4L, 0L, 0L, 1L, 0L, 36L, 878L, 1510L, 7L, 0L, 0L, 
1L, 0L, 0L, 4L, 22L, 0L), dim = 4:5, dimnames = structure(list(
    c("-2", "-1", "0", "1"), c("A", "C", "G", "T", NA)), names = c("", 
""))), IM16_SNP1 = structure(c(1L, 56L, 2689L, 70L, 2L, 0L, 98L, 
1952L, 37L, 1L, 0L, 1L, 64L, 7L, 0L), dim = c(5L, 3L), dimnames = structure(list(
    c("-2", "-1", "0", "1", "2"), c("A", "G", NA)), names = c("", 
""))), IM49_SNP1 = structure(c(0L, 0L, 1L, 0L, 0L, 0L, 8L, 607L, 
1200L, 3526L, 87L, 0L, 6L, 709L, 586L, 2783L, 55L, 2L, 0L, 6L, 
19L, 280L, 10L, 0L), dim = c(6L, 4L), dimnames = structure(list(
    c("-3", "-2", "-1", "0", "1", "2"), c("-", "C", "G", NA)), names = c("", 
""))), LR10_SNP1 = structure(c(97L, 2111L, 12L, 34L, 2092L, 50L, 
1L, 49L, 3L), dim = c(3L, 3L), dimnames = structure(list(c("-1", 
"0", "1"), c("C", "T", NA)), names = c("", ""))), LR11_SNP1 = structure(c(1L, 
76L, 892L, 1681L, 9L, 1L, 0L, 0L, 45L, 1944L, 11L, 0L, 0L, 0L, 
1L, 54L, 4L, 0L), dim = c(6L, 3L), dimnames = structure(list(
    c("-3", "-2", "-1", "0", "1", "2"), c("A", "C", NA)), names = c("", 
""))), LR17_SNP1 = structure(c(2L, 229L, 1448L, 4317L, 59L, 2L, 
0L, 0L, 0L, 1L, 0L, 0L, 1L, 1L, 31L, 196L, 2L, 0L), dim = c(6L, 
3L), dimnames = structure(list(c("-3", "-2", "-1", "0", "1", 
"2"), c("A", "G", NA)), names = c("", ""))), LR20_SNP1 = structure(c(34L, 
2694L, 3L, 5L, 2743L, 3L, 1L, 28L, 0L), dim = c(3L, 3L), dimnames = structure(list(
    c("-1", "0", "1"), c("A", "G", NA)), names = c("", ""))), 
    LR24_SNP1 = structure(c(3L, 1394L, 3288L, 4L, 0L, 149L, 3913L, 
    14L, 0L, 8L, 37L, 0L), dim = 4:3, dimnames = structure(list(
        c("-2", "-1", "0", "1"), c("A", "G", NA)), names = c("", 
    ""))), LR36_SNP1 = structure(c(0L, 0L, 0L, 1L, 0L, 0L, 2L, 
    12L, 463L, 2933L, 27L, 1L, 0L, 0L, 0L, 1L, 0L, 0L, 1L, 64L, 
    337L, 2350L, 40L, 0L, 0L, 1L, 3L, 147L, 2L, 0L), dim = 6:5, dimnames = structure(list(
        c("-3", "-2", "-1", "0", "1", "2"), c("-", "A", "G", 
        "T", NA)), names = c("", ""))), LR40_SNP1 = structure(c(0L, 
    1L, 0L, 162L, 2947L, 10L, 0L, 15L, 0L), dim = c(3L, 3L), dimnames = structure(list(
        c("-1", "0", "1"), c("A", "C", NA)), names = c("", ""
    ))), LR44_SNP1 = structure(c(1L, 66L, 81L, 631L, 984L, 15L, 
    0L, 0L, 0L, 0L, 2L, 0L, 0L, 0L, 0L, 2L, 77L, 320L, 1741L, 
    38L, 1L, 0L, 0L, 2L, 13L, 45L, 2L, 0L), dim = c(7L, 4L), dimnames = structure(list(
        c("-4", "-3", "-2", "-1", "0", "1", "3"), c("C", "G", 
        "T", NA)), names = c("", ""))), LR46_SNP1 = structure(c(2L, 
    954L, 1962L, 3L, 1L, 0L, 0L, 56L, 0L, 0L, 0L, 6L, 19L, 0L, 
    0L), dim = c(5L, 3L), dimnames = structure(list(c("-2", "-1", 
    "0", "1", "2"), c("G", "T", NA)), names = c("", ""))), LR48_SNP1 = structure(c(102L, 
    1142L, 3466L, 58L, 1L, 0L, 1L, 1L, 0L, 0L, 1L, 6L, 86L, 0L, 
    0L), dim = c(5L, 3L), dimnames = structure(list(c("-2", "-1", 
    "0", "1", "2"), c("C", "T", NA)), names = c("", ""))), LR49_SNP1 = structure(c(0L, 
    0L, 18L, 0L, 45L, 174L, 4688L, 2L, 0L, 0L, 1L, 0L, 0L, 1L, 
    22L, 0L), dim = c(4L, 4L), dimnames = structure(list(c("-2", 
    "-1", "0", "1"), c("A", "G", "T", NA)), names = c("", ""))), 
    LR52_SNP1 = structure(c(3L, 164L, 251L, 54L, 346L, 3L, 0L, 
    139L, 4L, 74L, 717L, 8L, 0L, 1L, 3L, 9L, 134L, 1L), dim = c(6L, 
    3L), dimnames = structure(list(c("-4", "-3", "-2", "-1", 
    "0", "1"), c("C", "T", NA)), names = c("", ""))))
