Result <-
list(DEPDC2_SNP1 = structure(c(0L, 1L, 0L, 0L, 23L, 21L, 0L, 
0L, 155L, 13894L, 292L, 1L, 0L, 64L, 2L, 0L), dim = c(4L, 4L), dimnames = structure(list(
    c("-1", "0", "1", "2"), c("A", "C", "T", NA)), names = c("", 
""))), GM01_SNP1 = structure(c(0L, 17L, 140L, 0L, 0L, 11L, 1917L, 
7167L, 41L, 1L, 0L, 8L, 69L, 0L, 0L), dim = c(5L, 3L), dimnames = structure(list(
    c("-2", "-1", "0", "1", "2"), c("A", "G", NA)), names = c("", 
""))), GM07_SNP1 = structure(c(0L, 0L, 0L, 0L, 1L, 0L, 0L, 0L, 
13L, 425L, 3505L, 567L, 53L, 2L, 4L, 1414L, 163L, 2357L, 86L, 
2L, 0L, 0L, 0L, 0L, 1L, 0L, 0L, 0L, 0L, 5L, 2L, 68L, 4L, 0L, 
0L), dim = c(7L, 5L), dimnames = structure(list(c("-3", "-2", 
"-1", "0", "1", "2", "3"), c("-", "A", "G", "T", NA)), names = c("", 
""))), GM09_SNP1 = structure(c(0L, 56L, 0L, 97L, 12662L, 15L, 
1L, 89L, 0L), dim = c(3L, 3L), dimnames = structure(list(c("-1", 
"0", "1"), c("A", "G", NA)), names = c("", ""))), GM11_SNP1 = structure(c(0L, 
0L, 6L, 0L, 1L, 63L, 3067L, 18L, 0L, 0L, 13L, 0L), dim = 4:3, dimnames = structure(list(
    c("-2", "-1", "0", "1"), c("A", "G", NA)), names = c("", 
""))), GM14_SNP1 = structure(c(0L, 0L, 0L, 1L, 0L, 0L, 0L, 0L, 
7L, 213L, 4199L, 51L, 2L, 1L, 1L, 35L, 1674L, 3101L, 15L, 0L, 
0L, 0L, 0L, 9L, 91L, 1L, 0L, 0L), dim = c(7L, 4L), dimnames = structure(list(
    c("-3", "-2", "-1", "0", "1", "2", "3"), c("A", "C", "T", 
    NA)), names = c("", ""))), GM17_SNP1 = structure(c(0L, 0L, 
0L, 1L, 0L, 0L, 0L, 0L, 0L, 1L, 0L, 0L, 0L, 0L, 1L, 44L, 0L, 
0L, 1L, 3L, 250L, 10955L, 55L, 1L, 0L, 0L, 1L, 58L, 2L, 0L), dim = 6:5, dimnames = structure(list(
    c("-3", "-2", "-1", "0", "1", "2"), c("-", "A", "C", "T", 
    NA)), names = c("", ""))), GM22_SNP1 = structure(c(6L, 390L, 
6410L, 38L, 1L, 0L, 0L, 9L, 0L, 0L, 0L, 5L, 82L, 1L, 0L), dim = c(5L, 
3L), dimnames = structure(list(c("-2", "-1", "0", "1", "2"), 
    c("A", "G", NA)), names = c("", ""))), GM26_SNP1 = structure(c(2L, 
27L, 3530L, 10L, 0L, 1L, 30L, 3370L, 17L, 1L, 0L, 1L, 11L, 0L, 
0L, 0L, 3L, 86L, 1L, 0L), dim = 5:4, dimnames = structure(list(
    c("-2", "-1", "0", "1", "2"), c("A", "G", "T", NA)), names = c("", 
""))), GM29_SNP1 = structure(c(5L, 1098L, 1861L, 8L, 3L, 149L, 
3181L, 9L, 0L, 0L, 1L, 0L, 0L, 1L, 41L, 0L), dim = c(4L, 4L), dimnames = structure(list(
    c("-2", "-1", "0", "1"), c("A", "G", "T", NA)), names = c("", 
""))), IM16_SNP1 = structure(c(2L, 1028L, 3402L, 57L, 1L, 0L, 
0L, 52L, 1L, 0L, 0L, 0L, 1L, 0L, 0L, 0L, 4L, 41L, 0L, 0L), dim = 5:4, dimnames = structure(list(
    c("-2", "-1", "0", "1", "2"), c("A", "G", "T", NA)), names = c("", 
""))), IM49_SNP1 = structure(c(0L, 0L, 0L, 9L, 0L, 0L, 0L, 0L, 
1L, 18L, 0L, 0L, 4L, 18L, 353L, 7617L, 260L, 4L, 0L, 0L, 3L, 
458L, 14L, 3L), dim = c(6L, 4L), dimnames = structure(list(c("-3", 
"-2", "-1", "0", "1", "2"), c("A", "C", "G", NA)), names = c("", 
""))), LR10_SNP1 = structure(c(0L, 1L, 8L, 0L, 0L, 3L, 219L, 
7445L, 1111L, 12L, 0L, 1L, 76L, 51L, 1L), dim = c(5L, 3L), dimnames = structure(list(
    c("-2", "-1", "0", "1", "2"), c("C", "T", NA)), names = c("", 
""))), LR11_SNP1 = structure(c(0L, 1L, 6L, 0L, 0L, 7L, 352L, 
4101L, 52L, 1L, 0L, 0L, 4L, 0L, 0L, 0L, 8L, 108L, 1L, 0L), dim = 5:4, dimnames = structure(list(
    c("-2", "-1", "0", "1", "2"), c("A", "C", "T", NA)), names = c("", 
""))), LR17_SNP1 = structure(c(5L, 178L, 1731L, 3744L, 87L, 1L, 
0L, 0L, 0L, 2L, 0L, 0L, 0L, 2L, 46L, 146L, 2L, 0L), dim = c(6L, 
3L), dimnames = structure(list(c("-3", "-2", "-1", "0", "1", 
"2"), c("A", "G", NA)), names = c("", ""))), LR20_SNP1 = structure(c(11L, 
2594L, 9L, 15L, 2504L, 2L, 0L, 31L, 0L), dim = c(3L, 3L), dimnames = structure(list(
    c("-1", "0", "1"), c("A", "G", NA)), names = c("", ""))), 
    LR24_SNP1 = structure(c(1L, 1L, 46L, 4210L, 9L, 1L, 0L, 7L, 
    1365L, 2817L, 6L, 0L, 0L, 0L, 4L, 34L, 0L, 0L), dim = c(6L, 
    3L), dimnames = structure(list(c("-3", "-2", "-1", "0", "1", 
    "2"), c("A", "G", NA)), names = c("", ""))), LR36_SNP1 = structure(c(0L, 
    0L, 0L, 0L, 34L, 10L, 0L, 0L, 0L, 0L, 0L, 1L, 0L, 0L, 0L, 
    0L, 0L, 0L, 1L, 0L, 0L, 2L, 11L, 462L, 1118L, 4937L, 150L, 
    17L, 0L, 0L, 9L, 16L, 230L, 9L, 2L), dim = c(7L, 5L), dimnames = structure(list(
        c("-4", "-3", "-2", "-1", "0", "1", "2"), c("A", "C", 
        "G", "T", NA)), names = c("", ""))), LR40_SNP1 = structure(c(1L, 
    39L, 2569L, 6L, 0L, 0L, 15L, 1L), dim = c(4L, 2L), dimnames = structure(list(
        c("-2", "-1", "0", "1"), c("C", NA)), names = c("", ""
    ))), LR44_SNP1 = structure(c(0L, 0L, 0L, 1L, 0L, 0L, 7L, 
    419L, 284L, 1062L, 27L, 2L, 5L, 257L, 725L, 1276L, 22L, 2L, 
    0L, 0L, 12L, 54L, 2L, 0L), dim = c(6L, 4L), dimnames = structure(list(
        c("-3", "-2", "-1", "0", "1", "2"), c("A", "C", "T", 
        NA)), names = c("", ""))), LR46_SNP1 = structure(c(0L, 
    2L, 0L, 19L, 2734L, 9L, 15L, 2717L, 8L, 0L, 28L, 0L), dim = 3:4, dimnames = structure(list(
        c("-1", "0", "1"), c("-", "G", "T", NA)), names = c("", 
    ""))), LR48_SNP1 = structure(c(0L, 15L, 878L, 2358L, 49L, 
    3L, 1L, 3L, 199L, 2559L, 92L, 4L, 0L, 0L, 9L, 117L, 1L, 0L
    ), dim = c(6L, 3L), dimnames = structure(list(c("-3", "-2", 
    "-1", "0", "1", "2"), c("C", "T", NA)), names = c("", ""))), 
    LR49_SNP1 = structure(c(43L, 8206L, 3L, 1L, 60L, 0L, 2L, 
    90L, 0L), dim = c(3L, 3L), dimnames = structure(list(c("-1", 
    "0", "1"), c("A", "G", NA)), names = c("", ""))), LR52_SNP1 = structure(c(0L, 
    0L, 0L, 2L, 1L, 0L, 21L, 82L, 882L, 953L, 2563L, 24L, 0L, 
    0L, 5L, 21L, 26L, 2L, 0L, 1L, 18L, 116L, 887L, 7L), dim = c(6L, 
    4L), dimnames = structure(list(c("-4", "-3", "-2", "-1", 
    "0", "1"), c("A", "C", "T", NA)), names = c("", ""))))
