Result <-
list(DEPDC2_SNP1 = structure(c(0L, 18L, 2116L, 41L, 25L, 8L, 
8L, 65L, 3293L, 244L, 22L, 1L, 0L, 1L, 49L, 1L, 2L, 0L), dim = c(6L, 
3L), dimnames = structure(list(c("-2", "-1", "0", "1", "2", "3"
), c("C", "T", NA)), names = c("", ""))), GM01_SNP1 = structure(c(0L, 
0L, 12L, 1L, 37L, 2383L, 7272L, 42L, 0L, 0L, 2L, 0L, 0L, 7L, 
67L, 3L), dim = c(4L, 4L), dimnames = structure(list(c("-2", 
"-1", "0", "1"), c("A", "G", "T", NA)), names = c("", ""))), 
    GM07_SNP1 = structure(c(2L, 0L, 23L, 1L, 1L, 366L, 1564L, 
    2949L, 92L, 2L, 5L, 8L, 39L, 0L, 0L), dim = c(5L, 3L), dimnames = structure(list(
        c("-2", "-1", "0", "1", "2"), c("A", "G", NA)), names = c("", 
    ""))), GM09_SNP1 = structure(c(7L, 4626L, 15546L, 35L, 0L, 
    1L, 48L, 0L, 0L, 0L, 1L, 0L, 0L, 17L, 69L, 0L), dim = c(4L, 
    4L), dimnames = structure(list(c("-2", "-1", "0", "1"), c("A", 
    "G", "T", NA)), names = c("", ""))), GM11_SNP1 = structure(c(1L, 
    48L, 3785L, 100L, 9L, 0L, 0L, 9L, 0L, 0L, 0L, 0L, 21L, 1L, 
    0L), dim = c(5L, 3L), dimnames = structure(list(c("-2", "-1", 
    "0", "1", "2"), c("A", "G", NA)), names = c("", ""))), GM14_SNP1 = structure(c(29L, 
    1045L, 461L, 1367L, 4681L, 492L, 4L, 0L, 0L, 0L, 4L, 8L, 
    0L, 0L, 0L, 1L, 1L, 2L, 55L, 4L, 0L), dim = c(7L, 3L), dimnames = structure(list(
        c("-4", "-3", "-2", "-1", "0", "1", "2"), c("C", "T", 
        NA)), names = c("", ""))), GM17_SNP1 = structure(c(0L, 
    0L, 0L, 23L, 0L, 0L, 1L, 4L, 480L, 14526L, 759L, 4L, 0L, 
    1L, 5L, 68L, 3L, 0L), dim = c(6L, 3L), dimnames = structure(list(
        c("-3", "-2", "-1", "0", "1", "2"), c("C", "T", NA)), names = c("", 
    ""))), GM22_SNP1 = structure(c(4L, 548L, 6565L, 103L, 1L, 
    0L, 0L, 1L, 0L, 0L, 0L, 1L, 12L, 0L, 0L, 0L, 2L, 78L, 2L, 
    0L), dim = 5:4, dimnames = structure(list(c("-2", "-1", "0", 
    "1", "2"), c("A", "C", "G", NA)), names = c("", ""))), GM26_SNP1 = structure(c(1L, 
    20L, 1310L, 4L, 0L, 141L, 1003L, 1L, 0L, 0L, 21L, 0L), dim = 4:3, dimnames = structure(list(
        c("-2", "-1", "0", "1"), c("A", "G", NA)), names = c("", 
    ""))), GM29_SNP1 = structure(c(53L, 1754L, 4222L, 11L, 0L, 
    1L, 19L, 0L, 0L, 3L, 32L, 0L), dim = 4:3, dimnames = structure(list(
        c("-2", "-1", "0", "1"), c("A", "G", NA)), names = c("", 
    ""))), IM16_SNP1 = structure(c(1L, 9L, 1079L, 1867L, 17L, 
    1L, 0L, 4L, 70L, 3073L, 81L, 2L, 0L, 0L, 0L, 13L, 0L, 0L, 
    0L, 0L, 6L, 68L, 3L, 0L), dim = c(6L, 4L), dimnames = structure(list(
        c("-3", "-2", "-1", "0", "1", "2"), c("A", "G", "T", 
        NA)), names = c("", ""))), IM49_SNP1 = structure(c(4L, 
    223L, 535L, 3016L, 5104L, 140L, 6L, 0L, 0L, 0L, 3L, 28L, 
    1L, 0L, 0L, 0L, 0L, 1L, 0L, 0L, 0L, 0L, 0L, 2L, 30L, 159L, 
    2L, 0L), dim = c(7L, 4L), dimnames = structure(list(c("-4", 
    "-3", "-2", "-1", "0", "1", "2"), c("C", "G", "T", NA)), names = c("", 
    ""))), LR10_SNP1 = structure(c(7L, 204L, 2416L, 21L, 4L, 
    586L, 2594L, 8L, 0L, 0L, 41L, 0L), dim = 4:3, dimnames = structure(list(
        c("-2", "-1", "0", "1"), c("C", "T", NA)), names = c("", 
    ""))), LR11_SNP1 = structure(c(0L, 12L, 426L, 3127L, 287L, 
    5L, 2L, 90L, 833L, 2342L, 22L, 0L, 0L, 2L, 17L, 68L, 2L, 
    0L), dim = c(6L, 3L), dimnames = structure(list(c("-3", "-2", 
    "-1", "0", "1", "2"), c("A", "C", NA)), names = c("", ""))), 
    LR17_SNP1 = structure(c(0L, 0L, 0L, 2L, 0L, 0L, 6L, 1108L, 
    1748L, 5054L, 98L, 1L, 0L, 0L, 1L, 0L, 0L, 0L, 0L, 8L, 56L, 
    213L, 1L, 0L), dim = c(6L, 4L), dimnames = structure(list(
        c("-3", "-2", "-1", "0", "1", "2"), c("-", "A", "G", 
        NA)), names = c("", ""))), LR20_SNP1 = structure(c(0L, 
    0L, 19L, 0L, 4L, 1483L, 6535L, 12L, 1L, 8L, 43L, 0L), dim = 4:3, dimnames = structure(list(
        c("-2", "-1", "0", "1"), c("A", "G", NA)), names = c("", 
    ""))), LR24_SNP1 = structure(c(0L, 0L, 1L, 0L, 11L, 1228L, 
    7028L, 16L, 34L, 527L, 7772L, 16L, 0L, 0L, 2L, 0L, 0L, 8L, 
    79L, 0L), dim = 4:5, dimnames = structure(list(c("-2", "-1", 
    "0", "1"), c("-", "A", "G", "T", NA)), names = c("", ""))), 
    LR36_SNP1 = structure(c(0L, 0L, 0L, 5L, 17L, 0L, 0L, 160L, 
    33L, 710L, 2089L, 6176L, 43L, 1L, 1L, 1L, 9L, 45L, 307L, 
    2L, 0L), dim = c(7L, 3L), dimnames = structure(list(c("-4", 
    "-3", "-2", "-1", "0", "1", "2"), c("A", "T", NA)), names = c("", 
    ""))), LR40_SNP1 = structure(c(0L, 0L, 0L, 3L, 0L, 1L, 2L, 
    286L, 5184L, 18L, 0L, 0L, 1L, 34L, 0L), dim = c(5L, 3L), dimnames = structure(list(
        c("-3", "-2", "-1", "0", "1"), c("A", "C", NA)), names = c("", 
    ""))), LR44_SNP1 = structure(c(0L, 0L, 0L, 0L, 7L, 0L, 0L, 
    0L, 5L, 488L, 137L, 92L, 817L, 11L, 0L, 0L, 0L, 0L, 0L, 0L, 
    1L, 3L, 0L, 0L, 0L, 13L, 330L, 173L, 1086L, 30L, 5L, 1L, 
    0L, 5L, 3L, 3L, 32L, 0L, 0L, 0L), dim = c(8L, 5L), dimnames = structure(list(
        c("-4", "-3", "-2", "-1", "0", "1", "2", "3"), c("A", 
        "C", "G", "T", NA)), names = c("", ""))), LR46_SNP1 = structure(c(0L, 
    0L, 1L, 0L, 0L, 0L, 1L, 0L, 0L, 1L, 17L, 0L, 2L, 617L, 3620L, 
    8L, 0L, 2L, 14L, 0L), dim = 4:5, dimnames = structure(list(
        c("-2", "-1", "0", "1"), c("-", "A", "G", "T", NA)), names = c("", 
    ""))), LR48_SNP1 = structure(c(458L, 538L, 3308L, 57L, 1L, 
    1L, 2L, 8L, 0L, 0L, 3L, 5L, 63L, 1L, 0L), dim = c(5L, 3L), dimnames = structure(list(
        c("-2", "-1", "0", "1", "2"), c("C", "T", NA)), names = c("", 
    ""))), LR49_SNP1 = structure(c(16L, 167L, 1017L, 3479L, 2L, 
    0L, 0L, 1L, 9L, 0L, 0L, 0L, 1L, 1L, 0L, 0L, 1L, 5L, 53L, 
    0L), dim = 5:4, dimnames = structure(list(c("-3", "-2", "-1", 
    "0", "1"), c("A", "G", "T", NA)), names = c("", ""))), LR52_SNP1 = structure(c(47L, 
    83L, 225L, 317L, 576L, 8L, 0L, 19L, 318L, 278L, 857L, 10L, 
    0L, 1L, 6L, 41L, 250L, 2L), dim = c(6L, 3L), dimnames = structure(list(
        c("-4", "-3", "-2", "-1", "0", "1"), c("C", "T", NA)), names = c("", 
    ""))))
