Result <-
list(DEPDC2_SNP1 = structure(c(0L, 1L, 8L, 0L, 0L, 1L, 109L, 
15497L, 2996L, 19L, 0L, 0L, 2L, 0L, 0L, 0L, 218L, 26054L, 118L, 
0L, 0L, 1L, 396L, 26L, 0L), dim = c(5L, 5L), dimnames = structure(list(
    c("-3", "-1", "0", "1", "2"), c("A", "C", "G", "T", NA)), names = c("", 
""))), GM01_SNP1 = structure(c(0L, 0L, 1L, 0L, 0L, 4L, 579L, 
29602L, 143L, 1L, 0L, 0L, 80L, 1L, 0L, 0L, 0L, 2L, 0L, 0L, 0L, 
11L, 230L, 2L, 0L), dim = c(5L, 5L), dimnames = structure(list(
    c("-2", "-1", "0", "1", "2"), c("-", "A", "G", "T", NA)), names = c("", 
""))), GM07_SNP1 = structure(c(0L, 0L, 2L, 3L, 0L, 0L, 1L, 105L, 
2881L, 8782L, 249L, 5L, 0L, 54L, 808L, 10443L, 285L, 7L, 0L, 
0L, 1L, 0L, 0L, 0L, 0L, 1L, 18L, 241L, 2L, 0L), dim = 6:5, dimnames = structure(list(
    c("-3", "-2", "-1", "0", "1", "2"), c("-", "A", "G", "T", 
    NA)), names = c("", ""))), GM11_SNP1 = structure(c(3L, 85L, 
10192L, 31L, 0L, 0L, 134L, 9848L, 64L, 1L, 0L, 0L, 4L, 0L, 0L, 
0L, 0L, 90L, 2L, 0L), dim = 5:4, dimnames = structure(list(c("-2", 
"-1", "0", "1", "2"), c("A", "G", "T", NA)), names = c("", ""
))), GM14_SNP1 = structure(c(0L, 0L, 0L, 2L, 0L, 0L, 7L, 529L, 
7158L, 22779L, 175L, 2L, 0L, 0L, 4L, 60L, 0L, 0L, 0L, 0L, 14L, 
262L, 0L, 0L), dim = c(6L, 4L), dimnames = structure(list(c("-3", 
"-2", "-1", "0", "1", "2"), c("A", "C", "T", NA)), names = c("", 
""))), GM17_SNP1 = structure(c(5L, 378L, 34762L, 113L, 2L, 0L, 
0L, 2L, 0L, 0L, 0L, 2L, 35L, 0L, 0L, 0L, 4L, 224L, 0L, 0L), dim = 5:4, dimnames = structure(list(
    c("-2", "-1", "0", "1", "2"), c("C", "G", "T", NA)), names = c("", 
""))), GM22_SNP1 = structure(c(0L, 0L, 1L, 0L, 0L, 7L, 209L, 
14085L, 43L, 1L, 0L, 0L, 2L, 0L, 0L, 6L, 222L, 11503L, 39L, 0L, 
0L, 8L, 399L, 7L, 0L), dim = c(5L, 5L), dimnames = structure(list(
    c("-2", "-1", "0", "1", "2"), c("-", "A", "C", "G", NA)), names = c("", 
""))), GM26_SNP1 = structure(c(2L, 7L, 478L, 21676L, 73L, 0L, 
0L, 0L, 9L, 0L, 0L, 0L, 0L, 1L, 0L, 0L, 0L, 10L, 148L, 1L), dim = 5:4, dimnames = structure(list(
    c("-3", "-2", "-1", "0", "1"), c("A", "G", "T", NA)), names = c("", 
""))), GM29_SNP1 = structure(c(2L, 6L, 259L, 16578L, 43L, 1L, 
0L, 0L, 0L, 1L, 0L, 0L, 0L, 0L, 2L, 13L, 0L, 0L, 0L, 0L, 3L, 
126L, 1L, 0L), dim = c(6L, 4L), dimnames = structure(list(c("-3", 
"-2", "-1", "0", "1", "2"), c("A", "C", "G", NA)), names = c("", 
""))), IM16_SNP1 = structure(c(0L, 0L, 0L, 1L, 0L, 0L, 0L, 6L, 
3081L, 8923L, 147L, 5L, 0L, 0L, 1L, 0L, 0L, 0L, 1L, 8L, 2849L, 
9285L, 115L, 1L, 0L, 0L, 0L, 4L, 0L, 0L, 0L, 1L, 23L, 236L, 15L, 
0L), dim = c(6L, 6L), dimnames = structure(list(c("-3", "-2", 
"-1", "0", "1", "2"), c("-", "A", "C", "G", "T", NA)), names = c("", 
""))), IM49_SNP1 = structure(c(0L, 0L, 0L, 1L, 0L, 0L, 2L, 135L, 
2233L, 6270L, 128L, 0L, 19L, 43L, 2277L, 5618L, 103L, 1L, 0L, 
1L, 49L, 528L, 13L, 0L), dim = c(6L, 4L), dimnames = structure(list(
    c("-3", "-2", "-1", "0", "1", "2"), c("A", "C", "G", NA)), names = c("", 
""))), LR10_SNP1 = structure(c(0L, 0L, 2L, 0L, 0L, 0L, 1L, 40L, 
3358L, 22724L, 127L, 1L, 0L, 0L, 11L, 34L, 0L, 0L, 0L, 0L, 16L, 
195L, 2L, 0L), dim = c(6L, 4L), dimnames = structure(list(c("-3", 
"-2", "-1", "0", "1", "2"), c("A", "C", "T", NA)), names = c("", 
""))), LR11_SNP1 = structure(c(0L, 0L, 0L, 3L, 0L, 0L, 4L, 21L, 
852L, 27225L, 229L, 1L, 0L, 0L, 0L, 20L, 1L, 1L, 0L, 0L, 1L, 
1L, 0L, 0L, 0L, 0L, 0L, 2L, 0L, 0L, 0L, 0L, 3L, 153L, 2L, 0L), dim = c(6L, 
6L), dimnames = structure(list(c("-3", "-2", "-1", "0", "1", 
"2"), c("-", "A", "C", "G", "T", NA)), names = c("", ""))), LR17_SNP1 = structure(c(3L, 
115L, 3110L, 15305L, 176L, 1L, 1L, 0L, 0L, 2L, 5L, 0L, 0L, 0L, 
0L, 0L, 0L, 1L, 0L, 0L, 0L, 0L, 0L, 99L, 652L, 4L, 0L, 0L), dim = c(7L, 
4L), dimnames = structure(list(c("-3", "-2", "-1", "0", "1", 
"2", "3"), c("A", "G", "T", NA)), names = c("", ""))), LR20_SNP1 = structure(c(0L, 
0L, 3L, 0L, 1L, 47L, 20731L, 36L, 0L, 0L, 39L, 0L, 0L, 1L, 56L, 
0L), dim = c(4L, 4L), dimnames = structure(list(c("-2", "-1", 
"0", "1"), c("-", "A", "G", NA)), names = c("", ""))), LR24_SNP1 = structure(c(0L, 
0L, 5L, 0L, 0L, 0L, 1L, 155L, 0L, 0L, 2L, 278L, 44083L, 117L, 
2L, 0L, 0L, 1L, 0L, 0L, 0L, 3L, 209L, 2L, 0L), dim = c(5L, 5L
), dimnames = structure(list(c("-2", "-1", "0", "1", "2"), c("-", 
"A", "G", "T", NA)), names = c("", ""))), LR36_SNP1 = structure(c(0L, 
0L, 0L, 1L, 33L, 0L, 0L, 0L, 0L, 0L, 0L, 0L, 0L, 0L, 3L, 0L, 
0L, 0L, 0L, 0L, 0L, 0L, 0L, 0L, 1L, 0L, 0L, 0L, 0L, 0L, 1L, 13L, 
435L, 5537L, 17096L, 141L, 2L, 1L, 2L, 1L, 0L, 1L, 5L, 101L, 
795L, 13L, 0L, 0L, 0L, 0L), dim = c(10L, 5L), dimnames = structure(list(
    c("-5", "-3", "-2", "-1", "0", "1", "2", "3", "5", "6"), 
    c("A", "C", "G", "T", NA)), names = c("", ""))), LR40_SNP1 = structure(c(1L, 
7L, 2613L, 7622L, 13L, 0L, 0L, 99L, 8536L, 30L, 0L, 0L, 1L, 2L, 
0L, 0L, 0L, 9L, 63L, 0L), dim = 5:4, dimnames = structure(list(
    c("-3", "-2", "-1", "0", "1"), c("A", "C", "T", NA)), names = c("", 
""))), LR44_SNP1 = structure(c(0L, 0L, 0L, 3L, 0L, 0L, 49L, 2615L, 
433L, 5717L, 78L, 2L, 11L, 281L, 2914L, 7715L, 139L, 6L, 0L, 
17L, 31L, 274L, 2L, 1L), dim = c(6L, 4L), dimnames = structure(list(
    c("-3", "-2", "-1", "0", "1", "2"), c("A", "C", "T", NA)), names = c("", 
""))), LR46_SNP1 = structure(c(0L, 0L, 0L, 1L, 0L, 2L, 1L, 96L, 
17068L, 39L, 0L, 0L, 2L, 9L, 0L, 0L, 0L, 1L, 117L, 0L), dim = 5:4, dimnames = structure(list(
    c("-3", "-2", "-1", "0", "1"), c("C", "G", "T", NA)), names = c("", 
""))), LR48_SNP1 = structure(c(0L, 17L, 538L, 8540L, 91L, 0L, 
0L, 0L, 0L, 2L, 0L, 0L, 1L, 10L, 340L, 9597L, 116L, 1L, 0L, 0L, 
6L, 462L, 5L, 0L), dim = c(6L, 4L), dimnames = structure(list(
    c("-3", "-2", "-1", "0", "1", "2"), c("C", "G", "T", NA)), names = c("", 
""))), LR49_SNP1 = structure(c(188L, 25680L, 3L, 0L, 1L, 0L, 
0L, 21L, 0L, 0L, 3L, 0L, 3L, 255L, 0L), dim = c(3L, 5L), dimnames = structure(list(
    c("-1", "0", "1"), c("A", "C", "G", "T", NA)), names = c("", 
""))), LR52_SNP1 = structure(c(0L, 0L, 0L, 0L, 1L, 6L, 0L, 2L, 
6L, 348L, 3780L, 2710L, 11597L, 78L, 0L, 0L, 1L, 4L, 66L, 63L, 
1L, 0L, 0L, 0L, 54L, 297L, 4068L, 21L), dim = c(7L, 4L), dimnames = structure(list(
    c("-5", "-4", "-3", "-2", "-1", "0", "1"), c("A", "C", "T", 
    NA)), names = c("", ""))))
