Result <-
list(DEPDC2_SNP1 = structure(c(0L, 1L, 0L, 0L, 0L, 2L, 0L, 0L, 
89L, 8609L, 92L, 1L, 0L, 1L, 0L, 0L, 126L, 9488L, 54L, 0L, 0L, 
140L, 1L, 0L), dim = c(4L, 6L), dimnames = structure(list(c("-1", 
"0", "1", "2"), c("-", "A", "C", "G", "T", NA)), names = c("", 
""))), GM01_SNP1 = structure(c(0L, 0L, 1L, 0L, 1L, 198L, 9870L, 
52L, 0L, 0L, 10L, 0L, 0L, 2L, 89L, 3L), dim = c(4L, 4L), dimnames = structure(list(
    c("-2", "-1", "0", "1"), c("-", "A", "G", NA)), names = c("", 
""))), GM07_SNP1 = structure(c(0L, 1L, 5L, 0L, 0L, 22L, 947L, 
8163L, 432L, 17L, 0L, 0L, 0L, 0L, 0L, 0L, 9L, 108L, 4L, 0L), dim = 5:4, dimnames = structure(list(
    c("-2", "-1", "0", "1", "2"), c("A", "G", "T", NA)), names = c("", 
""))), GM09_SNP1 = structure(c(0L, 1L, 0L, 0L, 83L, 10409L, 13L, 
1L, 78L, 9570L, 26L, 0L, 0L, 3L, 0L, 0L, 1L, 117L, 0L, 0L), dim = 4:5, dimnames = structure(list(
    c("-1", "0", "1", "2"), c("-", "A", "G", "T", NA)), names = c("", 
""))), GM11_SNP1 = structure(c(170L, 4986L, 34L, 0L, 4L, 0L, 
1L, 28L, 0L), dim = c(3L, 3L), dimnames = structure(list(c("-1", 
"0", "1"), c("A", "G", NA)), names = c("", ""))), GM14_SNP1 = structure(c(1L, 
6L, 234L, 4112L, 908L, 27L, 2L, 4L, 229L, 4945L, 36L, 1L, 0L, 
0L, 2L, 139L, 12L, 0L), dim = c(6L, 3L), dimnames = structure(list(
    c("-3", "-2", "-1", "0", "1", "2"), c("C", "T", NA)), names = c("", 
""))), GM17_SNP1 = structure(c(0L, 0L, 0L, 2L, 0L, 1L, 3L, 482L, 
10160L, 53L, 0L, 0L, 0L, 12L, 0L, 0L, 0L, 2L, 84L, 0L), dim = 5:4, dimnames = structure(list(
    c("-3", "-2", "-1", "0", "1"), c("A", "C", "T", NA)), names = c("", 
""))), GM22_SNP1 = structure(c(2L, 63L, 3810L, 27L, 1L, 2L, 125L, 
3511L, 16L, 0L, 0L, 2L, 116L, 1L, 0L), dim = c(5L, 3L), dimnames = structure(list(
    c("-2", "-1", "0", "1", "2"), c("A", "G", NA)), names = c("", 
""))), GM26_SNP1 = structure(c(3L, 158L, 8374L, 42L, 1L, 0L, 
0L, 2L, 0L, 0L, 0L, 0L, 1L, 0L, 0L, 0L, 3L, 64L, 1L, 0L), dim = 5:4, dimnames = structure(list(
    c("-2", "-1", "0", "1", "2"), c("A", "G", "T", NA)), names = c("", 
""))), GM29_SNP1 = structure(c(2L, 95L, 3970L, 17L, 2L, 71L, 
3977L, 16L, 0L, 0L, 1L, 0L, 0L, 3L, 63L, 0L), dim = c(4L, 4L), dimnames = structure(list(
    c("-2", "-1", "0", "1"), c("A", "G", "T", NA)), names = c("", 
""))), IM16_SNP1 = structure(c(2L, 137L, 5608L, 110L, 0L, 1L, 
4L, 0L, 0L, 4L, 67L, 5L), dim = 4:3, dimnames = structure(list(
    c("-2", "-1", "0", "1"), c("A", "G", NA)), names = c("", 
""))), IM49_SNP1 = structure(c(30L, 465L, 6330L, 202L, 3L, 0L, 
0L, 3L, 0L, 0L, 0L, 0L, 1L, 0L, 0L, 0L, 1L, 202L, 3L, 0L), dim = 5:4, dimnames = structure(list(
    c("-2", "-1", "0", "1", "2"), c("C", "G", "T", NA)), names = c("", 
""))), LR10_SNP1 = structure(c(0L, 1L, 7L, 0L, 4L, 225L, 8861L, 
67L, 0L, 2L, 93L, 3L), dim = 4:3, dimnames = structure(list(c("-2", 
"-1", "0", "1"), c("C", "T", NA)), names = c("", ""))), LR11_SNP1 = structure(c(0L, 
1L, 8L, 1L, 0L, 5L, 245L, 7036L, 98L, 3L, 0L, 7L, 168L, 3L, 0L
), dim = c(5L, 3L), dimnames = structure(list(c("-2", "-1", "0", 
"1", "2"), c("A", "C", NA)), names = c("", ""))), LR17_SNP1 = structure(c(15L, 
558L, 4089L, 87L, 4L, 0L, 0L, 1L, 0L, 0L, 0L, 13L, 203L, 1L, 
0L), dim = c(5L, 3L), dimnames = structure(list(c("-2", "-1", 
"0", "1", "2"), c("A", "G", NA)), names = c("", ""))), LR20_SNP1 = structure(c(0L, 
2L, 0L, 19L, 3027L, 7L, 39L, 2837L, 6L, 0L, 34L, 0L), dim = 3:4, dimnames = structure(list(
    c("-1", "0", "1"), c("-", "A", "G", NA)), names = c("", ""
))), LR24_SNP1 = structure(c(1L, 1L, 168L, 19010L, 59L, 0L, 0L, 
2L, 13L, 0L, 0L, 0L, 0L, 1L, 0L, 0L, 0L, 0L, 78L, 0L), dim = 5:4, dimnames = structure(list(
    c("-3", "-2", "-1", "0", "1"), c("A", "G", "T", NA)), names = c("", 
""))), LR36_SNP1 = structure(c(1L, 6L, 156L, 4161L, 90L, 2L, 
0L, 0L, 1L, 0L, 0L, 0L, 0L, 0L, 0L, 1L, 0L, 0L, 0L, 39L, 1654L, 
2266L, 29L, 2L, 0L, 0L, 32L, 155L, 0L, 1L), dim = 6:5, dimnames = structure(list(
    c("-3", "-2", "-1", "0", "1", "2"), c("A", "C", "G", "T", 
    NA)), names = c("", ""))), LR40_SNP1 = structure(c(3L, 172L, 
3847L, 12L, 0L, 0L, 18L, 0L), dim = c(4L, 2L), dimnames = structure(list(
    c("-2", "-1", "0", "1"), c("C", NA)), names = c("", ""))), 
    LR44_SNP1 = structure(c(10L, 240L, 2529L, 181L, 4L, 0L, 0L, 
    1L, 28L, 333L, 2662L, 62L, 0L, 1L, 1L, 2L, 48L, 42L, 1L, 
    1L, 0L), dim = c(7L, 3L), dimnames = structure(list(c("-3", 
    "-2", "-1", "0", "1", "2", "7"), c("C", "T", NA)), names = c("", 
    ""))), LR46_SNP1 = structure(c(377L, 3231L, 18L, 1L, 15L, 
    3305L, 18L, 0L, 3L, 52L, 0L, 0L), dim = 4:3, dimnames = structure(list(
        c("-1", "0", "1", "2"), c("G", "T", NA)), names = c("", 
    ""))), LR48_SNP1 = structure(c(29L, 1982L, 1675L, 40L, 1L, 
    6L, 257L, 3224L, 78L, 1L, 0L, 5L, 117L, 2L, 0L), dim = c(5L, 
    3L), dimnames = structure(list(c("-2", "-1", "0", "1", "2"
    ), c("C", "T", NA)), names = c("", ""))), LR49_SNP1 = structure(c(3L, 
    55L, 5626L, 5L, 0L, 27L, 5808L, 5L, 0L, 1L, 94L, 0L), dim = 4:3, dimnames = structure(list(
        c("-2", "-1", "0", "1"), c("A", "G", NA)), names = c("", 
    ""))), LR52_SNP1 = structure(c(0L, 0L, 0L, 0L, 1L, 0L, 0L, 
    0L, 0L, 1L, 1L, 2L, 0L, 0L, 0L, 0L, 0L, 0L, 1L, 0L, 0L, 2L, 
    5L, 77L, 967L, 6114L, 216L, 8L, 0L, 0L, 1L, 16L, 236L, 14L, 
    0L), dim = c(7L, 5L), dimnames = structure(list(c("-4", "-3", 
    "-2", "-1", "0", "1", "2"), c("A", "C", "G", "T", NA)), names = c("", 
    ""))))
