Result <-
list(DEPDC2_SNP1 = structure(c(0L, 2L, 0L, 21L, 2569L, 12L, 16L, 
3948L, 19L, 1L, 88L, 0L), dim = 3:4, dimnames = structure(list(
    c("-1", "0", "1"), c("A", "C", "T", NA)), names = c("", ""
))), GM01_SNP1 = structure(c(0L, 0L, 0L, 1L, 0L, 0L, 0L, 73L, 
4945L, 12L, 5L, 2L, 64L, 4860L, 21L, 0L, 0L, 10L, 133L, 4L), dim = 5:4, dimnames = structure(list(
    c("-3", "-2", "-1", "0", "1"), c("-", "A", "G", NA)), names = c("", 
""))), GM07_SNP1 = structure(c(0L, 0L, 0L, 4L, 0L, 0L, 1L, 7L, 
291L, 5546L, 172L, 1L, 0L, 0L, 0L, 0L, 0L, 0L, 0L, 0L, 2L, 5L, 
0L, 0L, 0L, 0L, 0L, 1L, 0L, 0L, 0L, 0L, 1L, 77L, 0L, 0L), dim = c(6L, 
6L), dimnames = structure(list(c("-3", "-2", "-1", "0", "1", 
"2"), c("-", "A", "C", "G", "T", NA)), names = c("", ""))), GM09_SNP1 = structure(c(0L, 
1L, 0L, 58L, 9998L, 19L, 1L, 11L, 0L, 0L, 1L, 0L, 1L, 67L, 0L
), dim = c(3L, 5L), dimnames = structure(list(c("-1", "0", "1"
), c("-", "A", "G", "T", NA)), names = c("", ""))), GM11_SNP1 = structure(c(0L, 
0L, 6L, 0L, 1L, 62L, 7507L, 42L, 0L, 0L, 73L, 0L), dim = 4:3, dimnames = structure(list(
    c("-2", "-1", "0", "1"), c("A", "G", NA)), names = c("", 
""))), GM14_SNP1 = structure(c(0L, 0L, 8L, 0L, 0L, 5L, 204L, 
6395L, 61L, 1L, 0L, 0L, 1L, 0L, 0L, 0L, 1L, 72L, 0L, 0L), dim = 5:4, dimnames = structure(list(
    c("-2", "-1", "0", "1", "2"), c("A", "C", "T", NA)), names = c("", 
""))), GM17_SNP1 = structure(c(30L, 3610L, 11L, 46L, 3637L, 7L, 
0L, 253L, 0L), dim = c(3L, 3L), dimnames = structure(list(c("-1", 
"0", "1"), c("C", "T", NA)), names = c("", ""))), GM22_SNP1 = structure(c(6L, 
130L, 8852L, 28L, 1L, 0L, 0L, 3L, 0L, 0L, 0L, 0L, 1L, 0L, 0L, 
0L, 2L, 136L, 2L, 0L), dim = 5:4, dimnames = structure(list(c("-2", 
"-1", "0", "1", "2"), c("A", "G", "T", NA)), names = c("", ""
))), GM26_SNP1 = structure(c(1L, 58L, 6367L, 18L, 0L, 0L, 9L, 
0L, 0L, 2L, 69L, 1L), dim = 4:3, dimnames = structure(list(c("-2", 
"-1", "0", "1"), c("A", "G", NA)), names = c("", ""))), GM29_SNP1 = structure(c(4L, 
85L, 6561L, 21L, 0L, 0L, 11L, 0L, 0L, 0L, 0L, 0L, 0L, 2L, 63L, 
2L), dim = c(4L, 4L), dimnames = structure(list(c("-2", "-1", 
"0", "1"), c("A", "G", "T", NA)), names = c("", ""))), IM16_SNP1 = structure(c(2L, 
32L, 3369L, 47L, 2L, 1L, 30L, 3581L, 51L, 0L, 0L, 0L, 1L, 0L, 
0L, 0L, 1L, 104L, 4L, 0L), dim = 5:4, dimnames = structure(list(
    c("-2", "-1", "0", "1", "2"), c("A", "G", "T", NA)), names = c("", 
""))), IM49_SNP1 = structure(c(0L, 87L, 2048L, 57L, 0L, 1L, 59L, 
1751L, 38L, 1L, 0L, 1L, 0L, 0L, 0L, 0L, 1L, 143L, 3L, 0L), dim = 5:4, dimnames = structure(list(
    c("-2", "-1", "0", "1", "2"), c("C", "G", "T", NA)), names = c("", 
""))), LR10_SNP1 = structure(c(0L, 0L, 2L, 0L, 0L, 70L, 3588L, 
25L, 0L, 0L, 1L, 0L, 2L, 54L, 3787L, 18L, 0L, 2L, 108L, 2L), dim = 4:5, dimnames = structure(list(
    c("-2", "-1", "0", "1"), c("A", "C", "G", "T", NA)), names = c("", 
""))), LR11_SNP1 = structure(c(0L, 0L, 10L, 0L, 0L, 3L, 188L, 
9254L, 66L, 1L, 0L, 14L, 415L, 4L, 0L), dim = c(5L, 3L), dimnames = structure(list(
    c("-2", "-1", "0", "1", "2"), c("A", "C", NA)), names = c("", 
""))), LR17_SNP1 = structure(c(1L, 10L, 355L, 9236L, 144L, 2L, 
1L, 0L, 0L, 1L, 4L, 0L, 0L, 0L, 0L, 0L, 1L, 1L, 0L, 0L, 0L, 0L, 
0L, 9L, 668L, 4L, 0L, 0L), dim = c(7L, 4L), dimnames = structure(list(
    c("-3", "-2", "-1", "0", "1", "2", "3"), c("A", "G", "T", 
    NA)), names = c("", ""))), LR20_SNP1 = structure(c(0L, 2L, 
0L, 8L, 6504L, 9L, 0L, 7L, 0L, 1L, 10L, 0L), dim = 3:4, dimnames = structure(list(
    c("-1", "0", "1"), c("-", "A", "G", NA)), names = c("", ""
))), LR24_SNP1 = structure(c(1L, 9L, 3831L, 8L, 0L, 11L, 4032L, 
14L, 0L, 0L, 49L, 0L), dim = 4:3, dimnames = structure(list(c("-2", 
"-1", "0", "1"), c("A", "G", NA)), names = c("", ""))), LR36_SNP1 = structure(c(0L, 
0L, 3L, 54L, 2876L, 19L, 0L, 1L, 1L, 5L, 42L, 2844L, 24L, 1L, 
0L, 0L, 0L, 11L, 316L, 5L, 0L), dim = c(7L, 3L), dimnames = structure(list(
    c("-4", "-3", "-2", "-1", "0", "1", "2"), c("A", "T", NA)), names = c("", 
""))), LR40_SNP1 = structure(c(0L, 0L, 2L, 0L, 3L, 1747L, 4214L, 
19L, 0L, 1L, 0L, 0L, 0L, 7L, 29L, 1L), dim = c(4L, 4L), dimnames = structure(list(
    c("-2", "-1", "0", "1"), c("A", "C", "T", NA)), names = c("", 
""))), LR44_SNP1 = structure(c(5L, 107L, 1617L, 29L, 3L, 0L, 
0L, 9L, 0L, 0L, 11L, 144L, 1621L, 31L, 1L, 0L, 1L, 75L, 1L, 0L
), dim = 5:4, dimnames = structure(list(c("-2", "-1", "0", "1", 
"2"), c("C", "G", "T", NA)), names = c("", ""))), LR46_SNP1 = structure(c(0L, 
1L, 0L, 15L, 5736L, 28L, 0L, 23L, 0L, 1L, 44L, 1L), dim = 3:4, dimnames = structure(list(
    c("-1", "0", "1"), c("A", "G", "T", NA)), names = c("", ""
))), LR48_SNP1 = structure(c(0L, 0L, 3L, 0L, 0L, 8L, 226L, 8006L, 
124L, 1L, 0L, 4L, 192L, 2L, 0L), dim = c(5L, 3L), dimnames = structure(list(
    c("-2", "-1", "0", "1", "2"), c("A", "C", NA)), names = c("", 
""))), LR49_SNP1 = structure(c(0L, 15L, 0L, 27L, 6926L, 5L, 0L, 
42L, 0L), dim = c(3L, 3L), dimnames = structure(list(c("-1", 
"0", "1"), c("A", "G", NA)), names = c("", ""))), LR52_SNP1 = structure(c(0L, 
0L, 0L, 0L, 2L, 0L, 0L, 1L, 5L, 33L, 570L, 4984L, 29L, 1L, 0L, 
0L, 0L, 0L, 1L, 0L, 0L, 0L, 0L, 1L, 2L, 15L, 0L, 0L, 0L, 0L, 
1L, 29L, 1227L, 7L, 0L), dim = c(7L, 5L), dimnames = structure(list(
    c("-4", "-3", "-2", "-1", "0", "1", "2"), c("-", "C", "G", 
    "T", NA)), names = c("", ""))))
