Result <-
list(DEPDC2_SNP1 = structure(c(10L, 2437L, 14L, 17L, 3019L, 17L, 
0L, 70L, 0L), dim = c(3L, 3L), dimnames = structure(list(c("-1", 
"0", "1"), c("C", "T", NA)), names = c("", ""))), GM01_SNP1 = structure(c(0L, 
0L, 2L, 0L, 0L, 2L, 112L, 9981L, 46L, 1L, 0L, 0L, 28L, 0L, 0L, 
0L, 3L, 122L, 0L, 0L), dim = 5:4, dimnames = structure(list(c("-2", 
"-1", "0", "1", "2"), c("-", "A", "G", NA)), names = c("", ""
))), GM07_SNP1 = structure(c(0L, 0L, 2L, 0L, 0L, 4L, 162L, 3657L, 
111L, 4L, 1L, 130L, 2567L, 81L, 1L, 0L, 0L, 0L, 0L, 0L, 0L, 4L, 
103L, 4L, 1L), dim = c(5L, 5L), dimnames = structure(list(c("-2", 
"-1", "0", "1", "2"), c("-", "A", "G", "T", NA)), names = c("", 
""))), GM09_SNP1 = structure(c(27L, 4433L, 11L, 13L, 2442L, 6L, 
1L, 59L, 0L), dim = c(3L, 3L), dimnames = structure(list(c("-1", 
"0", "1"), c("A", "G", NA)), names = c("", ""))), GM11_SNP1 = structure(c(0L, 
7L, 0L, 68L, 6567L, 33L, 2L, 63L, 0L), dim = c(3L, 3L), dimnames = structure(list(
    c("-1", "0", "1"), c("A", "G", NA)), names = c("", ""))), 
    GM14_SNP1 = structure(c(1L, 7L, 184L, 5552L, 54L, 2L, 0L, 
    0L, 0L, 1L, 0L, 0L, 0L, 0L, 0L, 4L, 0L, 0L, 0L, 0L, 0L, 76L, 
    0L, 0L), dim = c(6L, 4L), dimnames = structure(list(c("-3", 
    "-2", "-1", "0", "1", "2"), c("C", "G", "T", NA)), names = c("", 
    ""))), GM17_SNP1 = structure(c(62L, 3442L, 8L, 56L, 3997L, 
    13L, 1L, 268L, 1L), dim = c(3L, 3L), dimnames = structure(list(
        c("-1", "0", "1"), c("C", "T", NA)), names = c("", ""
    ))), GM22_SNP1 = structure(c(0L, 86L, 5500L, 20L, 1L, 1L, 
    27L, 2868L, 11L, 0L, 0L, 3L, 152L, 1L, 0L), dim = c(5L, 3L
    ), dimnames = structure(list(c("-2", "-1", "0", "1", "2"), 
        c("A", "G", NA)), names = c("", ""))), GM26_SNP1 = structure(c(1L, 
    34L, 4349L, 11L, 0L, 0L, 2L, 0L, 0L, 1L, 46L, 0L), dim = 4:3, dimnames = structure(list(
        c("-3", "-1", "0", "1"), c("A", "G", NA)), names = c("", 
    ""))), GM29_SNP1 = structure(c(1L, 75L, 5908L, 23L, 0L, 0L, 
    3L, 0L, 0L, 0L, 1L, 0L, 0L, 0L, 65L, 0L), dim = c(4L, 4L), dimnames = structure(list(
        c("-2", "-1", "0", "1"), c("A", "G", "T", NA)), names = c("", 
    ""))), IM16_SNP1 = structure(c(0L, 33L, 3235L, 46L, 1L, 1L, 
    44L, 3190L, 42L, 0L, 0L, 0L, 4L, 0L, 0L, 0L, 1L, 84L, 3L, 
    0L), dim = 5:4, dimnames = structure(list(c("-2", "-1", "0", 
    "1", "2"), c("A", "G", "T", NA)), names = c("", ""))), IM49_SNP1 = structure(c(4L, 
    169L, 4421L, 93L, 6L, 0L, 0L, 9L, 0L, 0L, 0L, 1L, 94L, 4L, 
    0L), dim = c(5L, 3L), dimnames = structure(list(c("-2", "-1", 
    "0", "1", "2"), c("C", "G", NA)), names = c("", ""))), LR10_SNP1 = structure(c(0L, 
    0L, 1L, 0L, 1L, 114L, 6063L, 36L, 0L, 0L, 9L, 0L, 1L, 1L, 
    104L, 2L), dim = c(4L, 4L), dimnames = structure(list(c("-2", 
    "-1", "0", "1"), c("-", "C", "T", NA)), names = c("", ""))), 
    LR11_SNP1 = structure(c(1L, 92L, 4403L, 30L, 0L, 1L, 84L, 
    3331L, 27L, 1L, 0L, 2L, 211L, 3L, 0L), dim = c(5L, 3L), dimnames = structure(list(
        c("-2", "-1", "0", "1", "2"), c("A", "C", NA)), names = c("", 
    ""))), LR17_SNP1 = structure(c(1L, 10L, 379L, 10802L, 134L, 
    0L, 0L, 0L, 1L, 0L, 0L, 0L, 1L, 4L, 0L, 0L, 0L, 12L, 794L, 
    4L), dim = 5:4, dimnames = structure(list(c("-3", "-2", "-1", 
    "0", "1"), c("A", "C", "G", NA)), names = c("", ""))), LR20_SNP1 = structure(c(3L, 
    2433L, 8L, 6L, 3178L, 3L, 0L, 1L, 0L, 0L, 49L, 0L), dim = 3:4, dimnames = structure(list(
        c("-1", "0", "1"), c("A", "G", "T", NA)), names = c("", 
    ""))), LR24_SNP1 = structure(c(0L, 0L, 2L, 0L, 0L, 0L, 20L, 
    1L, 1L, 29L, 7124L, 12L, 0L, 1L, 64L, 0L), dim = c(4L, 4L
    ), dimnames = structure(list(c("-2", "-1", "0", "1"), c("-", 
    "A", "G", NA)), names = c("", ""))), LR36_SNP1 = structure(c(9L, 
    71L, 3430L, 23L, 0L, 0L, 1L, 0L, 0L, 0L, 1L, 0L, 5L, 41L, 
    3081L, 28L, 0L, 10L, 367L, 2L), dim = 4:5, dimnames = structure(list(
        c("-2", "-1", "0", "1"), c("A", "C", "G", "T", NA)), names = c("", 
    ""))), LR40_SNP1 = structure(c(0L, 3L, 0L, 46L, 5418L, 34L, 
    0L, 2L, 0L, 0L, 46L, 0L), dim = 3:4, dimnames = structure(list(
        c("-1", "0", "1"), c("A", "C", "T", NA)), names = c("", 
    ""))), LR44_SNP1 = structure(c(1L, 5L, 119L, 1446L, 33L, 
    0L, 0L, 4L, 146L, 1420L, 18L, 3L, 0L, 0L, 6L, 68L, 1L, 0L
    ), dim = c(6L, 3L), dimnames = structure(list(c("-4", "-2", 
    "-1", "0", "1", "7"), c("C", "T", NA)), names = c("", ""))), 
    LR46_SNP1 = structure(c(0L, 1L, 0L, 0L, 1L, 0L, 9L, 2920L, 
    12L, 5L, 1891L, 3L, 0L, 39L, 0L), dim = c(3L, 5L), dimnames = structure(list(
        c("-1", "0", "1"), c("-", "C", "G", "T", NA)), names = c("", 
    ""))), LR48_SNP1 = structure(c(7L, 204L, 7271L, 90L, 2L, 
    0L, 0L, 1L, 0L, 0L, 0L, 0L, 4L, 0L, 0L, 0L, 2L, 194L, 0L, 
    0L), dim = 5:4, dimnames = structure(list(c("-2", "-1", "0", 
    "1", "2"), c("C", "G", "T", NA)), names = c("", ""))), LR49_SNP1 = structure(c(13L, 
    6526L, 3L, 0L, 1L, 0L, 1L, 13L, 0L, 0L, 1L, 0L, 0L, 122L, 
    0L), dim = c(3L, 5L), dimnames = structure(list(c("-1", "0", 
    "1"), c("A", "C", "G", "T", NA)), names = c("", ""))), LR52_SNP1 = structure(c(0L, 
    11L, 133L, 1244L, 7L, 0L, 2L, 23L, 377L, 2977L, 29L, 0L, 
    0L, 0L, 17L, 507L, 7L, 1L), dim = c(6L, 3L), dimnames = structure(list(
        c("-3", "-2", "-1", "0", "1", "3"), c("C", "T", NA)), names = c("", 
    ""))))
