Result <-
list(DEPDC2_SNP1 = structure(c(0L, 1L, 22L, 0L, 0L, 0L, 21L, 
3556L, 16L, 0L, 0L, 0L, 1L, 0L, 0L, 1L, 33L, 4013L, 28L, 1L, 
0L, 0L, 95L, 0L, 0L), dim = c(5L, 5L), dimnames = structure(list(
    c("-2", "-1", "0", "1", "2"), c("A", "C", "G", "T", NA)), names = c("", 
""))), GM01_SNP1 = structure(c(0L, 0L, 1L, 0L, 4L, 146L, 9632L, 
39L, 0L, 0L, 5L, 0L, 0L, 0L, 114L, 2L), dim = c(4L, 4L), dimnames = structure(list(
    c("-2", "-1", "0", "1"), c("-", "A", "G", NA)), names = c("", 
""))), GM07_SNP1 = structure(c(0L, 0L, 0L, 2L, 0L, 0L, 0L, 1L, 
11L, 488L, 8712L, 286L, 7L, 1L, 0L, 1L, 0L, 7L, 0L, 0L, 0L, 0L, 
0L, 4L, 125L, 5L, 0L, 0L), dim = c(7L, 4L), dimnames = structure(list(
    c("-3", "-2", "-1", "0", "1", "2", "3"), c("-", "A", "G", 
    NA)), names = c("", ""))), GM09_SNP1 = structure(c(1L, 25L, 
0L, 50L, 9327L, 9L, 1L, 77L, 0L), dim = c(3L, 3L), dimnames = structure(list(
    c("-1", "0", "1"), c("A", "G", NA)), names = c("", ""))), 
    GM11_SNP1 = structure(c(0L, 13L, 2750L, 9L, 1L, 8L, 2337L, 
    11L, 0L, 0L, 35L, 0L), dim = 4:3, dimnames = structure(list(
        c("-2", "-1", "0", "1"), c("A", "G", NA)), names = c("", 
    ""))), GM14_SNP1 = structure(c(0L, 3L, 106L, 3591L, 27L, 
    1L, 4L, 79L, 3485L, 32L, 0L, 0L, 0L, 73L, 1L), dim = c(5L, 
    3L), dimnames = structure(list(c("-3", "-2", "-1", "0", "1"
    ), c("C", "T", NA)), names = c("", ""))), GM17_SNP1 = structure(c(0L, 
    0L, 2L, 0L, 0L, 0L, 25L, 0L, 2L, 112L, 9503L, 26L, 0L, 1L, 
    292L, 0L), dim = c(4L, 4L), dimnames = structure(list(c("-2", 
    "-1", "0", "1"), c("A", "C", "T", NA)), names = c("", ""))), 
    GM22_SNP1 = structure(c(1L, 82L, 5729L, 20L, 2L, 55L, 4303L, 
    17L, 0L, 2L, 202L, 2L), dim = 4:3, dimnames = structure(list(
        c("-2", "-1", "0", "1"), c("A", "G", NA)), names = c("", 
    ""))), GM26_SNP1 = structure(c(0L, 1L, 35L, 0L, 2L, 41L, 
    6444L, 24L, 0L, 0L, 1L, 0L, 0L, 2L, 135L, 0L), dim = c(4L, 
    4L), dimnames = structure(list(c("-2", "-1", "0", "1"), c("A", 
    "G", "T", NA)), names = c("", ""))), GM29_SNP1 = structure(c(2L, 
    173L, 11344L, 52L, 1L, 0L, 0L, 1L, 0L, 0L, 0L, 0L, 1L, 0L, 
    0L, 0L, 1L, 88L, 2L, 0L), dim = 5:4, dimnames = structure(list(
        c("-2", "-1", "0", "1", "2"), c("A", "G", "T", NA)), names = c("", 
    ""))), IM16_SNP1 = structure(c(1L, 10L, 0L, 0L, 88L, 6959L, 
    113L, 1L, 1L, 137L, 10L, 0L), dim = 4:3, dimnames = structure(list(
        c("-1", "0", "1", "2"), c("A", "G", NA)), names = c("", 
    ""))), IM49_SNP1 = structure(c(0L, 0L, 1L, 0L, 0L, 1L, 169L, 
    3239L, 84L, 2L, 4L, 128L, 2855L, 71L, 1L, 0L, 4L, 202L, 6L, 
    0L), dim = 5:4, dimnames = structure(list(c("-2", "-1", "0", 
    "1", "2"), c("A", "C", "G", NA)), names = c("", ""))), LR10_SNP1 = structure(c(0L, 
    0L, 1L, 0L, 0L, 103L, 3820L, 32L, 0L, 0L, 1L, 0L, 2L, 51L, 
    3700L, 8L, 0L, 0L, 119L, 4L), dim = 4:5, dimnames = structure(list(
        c("-2", "-1", "0", "1"), c("A", "C", "G", "T", NA)), names = c("", 
    ""))), LR11_SNP1 = structure(c(0L, 0L, 1L, 0L, 0L, 0L, 0L, 
    31L, 1L, 0L, 4L, 117L, 5930L, 56L, 1L, 0L, 0L, 1L, 0L, 0L, 
    0L, 0L, 1L, 0L, 0L, 0L, 7L, 234L, 6L, 0L), dim = 5:6, dimnames = structure(list(
        c("-2", "-1", "0", "1", "2"), c("-", "A", "C", "G", "T", 
        NA)), names = c("", ""))), LR17_SNP1 = structure(c(1L, 
    13L, 451L, 11719L, 165L, 0L, 0L, 0L, 1L, 0L, 0L, 0L, 0L, 
    3L, 0L, 0L, 0L, 19L, 903L, 3L), dim = 5:4, dimnames = structure(list(
        c("-3", "-2", "-1", "0", "1"), c("A", "C", "G", NA)), names = c("", 
    ""))), LR20_SNP1 = structure(c(1L, 6L, 2684L, 5L, 1L, 5L, 
    2475L, 4L, 0L, 0L, 2L, 0L, 0L, 0L, 38L, 1L), dim = c(4L, 
    4L), dimnames = structure(list(c("-2", "-1", "0", "1"), c("A", 
    "G", "T", NA)), names = c("", ""))), LR24_SNP1 = structure(c(43L, 
    7267L, 10L, 0L, 6L, 0L, 0L, 2L, 0L, 1L, 58L, 0L), dim = 3:4, dimnames = structure(list(
        c("-1", "0", "1"), c("A", "G", "T", NA)), names = c("", 
    ""))), LR36_SNP1 = structure(c(0L, 0L, 0L, 31L, 0L, 1L, 11L, 
    115L, 7295L, 73L, 0L, 0L, 8L, 625L, 6L), dim = c(5L, 3L), dimnames = structure(list(
        c("-3", "-2", "-1", "0", "1"), c("A", "T", NA)), names = c("", 
    ""))), LR40_SNP1 = structure(c(55L, 5715L, 11L, 1L, 0L, 45L, 
    0L, 0L), dim = c(4L, 2L), dimnames = structure(list(c("-1", 
    "0", "1", "2"), c("C", NA)), names = c("", ""))), LR44_SNP1 = structure(c(1L, 
    3L, 74L, 1158L, 18L, 2L, 0L, 8L, 148L, 1459L, 28L, 1L, 0L, 
    1L, 3L, 51L, 1L, 0L), dim = c(6L, 3L), dimnames = structure(list(
        c("-3", "-2", "-1", "0", "1", "2"), c("C", "T", NA)), names = c("", 
    ""))), LR46_SNP1 = structure(c(0L, 1L, 0L, 0L, 2L, 0L, 13L, 
    5002L, 33L, 16L, 4713L, 14L, 0L, 85L, 0L), dim = c(3L, 5L
    ), dimnames = structure(list(c("-1", "0", "1"), c("-", "A", 
    "G", "T", NA)), names = c("", ""))), LR48_SNP1 = structure(c(0L, 
    1L, 0L, 0L, 10L, 314L, 9456L, 164L, 0L, 0L, 17L, 0L, 0L, 
    3L, 222L, 2L), dim = c(4L, 4L), dimnames = structure(list(
        c("-2", "-1", "0", "1"), c("A", "C", "T", NA)), names = c("", 
    ""))), LR49_SNP1 = structure(c(0L, 20L, 0L, 23L, 10470L, 
    5L, 0L, 85L, 0L), dim = c(3L, 3L), dimnames = structure(list(
        c("-1", "0", "1"), c("A", "G", NA)), names = c("", ""
    ))), LR52_SNP1 = structure(c(0L, 0L, 0L, 1L, 1L, 0L, 0L, 
    0L, 0L, 0L, 0L, 2L, 0L, 0L, 1L, 6L, 54L, 783L, 6449L, 31L, 
    1L, 0L, 0L, 2L, 5L, 32L, 2L, 0L, 0L, 0L, 1L, 37L, 1779L, 
    19L, 1L), dim = c(7L, 5L), dimnames = structure(list(c("-4", 
    "-3", "-2", "-1", "0", "1", "2"), c("-", "A", "C", "T", NA
    )), names = c("", ""))))
