Result <-
list(DEPDC2_SNP1 = structure(c(12L, 2632L, 10L, 22L, 3727L, 23L, 
1L, 88L, 0L), dim = c(3L, 3L), dimnames = structure(list(c("-1", 
"0", "1"), c("C", "T", NA)), names = c("", ""))), GM01_SNP1 = structure(c(0L, 
1L, 104L, 6620L, 21L, 0L, 1L, 0L, 87L, 6435L, 26L, 1L, 0L, 0L, 
0L, 1L, 0L, 0L, 0L, 0L, 3L, 150L, 0L, 0L), dim = c(6L, 4L), dimnames = structure(list(
    c("-3", "-2", "-1", "0", "1", "2"), c("A", "G", "T", NA)), names = c("", 
""))), GM07_SNP1 = structure(c(0L, 0L, 1L, 0L, 0L, 0L, 0L, 1L, 
3L, 153L, 3667L, 112L, 2L, 0L, 0L, 3L, 78L, 1373L, 1780L, 62L, 
4L, 0L, 1L, 2L, 103L, 50L, 2L, 0L), dim = c(7L, 4L), dimnames = structure(list(
    c("-3", "-2", "-1", "0", "1", "2", "3"), c("-", "A", "G", 
    NA)), names = c("", ""))), GM09_SNP1 = structure(c(33L, 7077L, 
10L, 25L, 6067L, 6L, 0L, 1L, 0L, 1L, 74L, 0L), dim = 3:4, dimnames = structure(list(
    c("-1", "0", "1"), c("A", "G", "T", NA)), names = c("", ""
))), GM11_SNP1 = structure(c(2L, 35L, 9131L, 28L, 0L, 1L, 5L, 
0L, 0L, 0L, 82L, 1L), dim = 4:3, dimnames = structure(list(c("-2", 
"-1", "0", "1"), c("A", "G", NA)), names = c("", ""))), GM14_SNP1 = structure(c(3L, 
162L, 4373L, 27L, 1L, 5L, 93L, 4501L, 26L, 1L, 0L, 1L, 108L, 
0L, 0L), dim = c(5L, 3L), dimnames = structure(list(c("-2", "-1", 
"0", "1", "2"), c("C", "T", NA)), names = c("", ""))), GM17_SNP1 = structure(c(0L, 
3L, 11L, 0L, 2L, 147L, 10550L, 33L, 0L, 2L, 378L, 1L), dim = 4:3, dimnames = structure(list(
    c("-2", "-1", "0", "1"), c("C", "T", NA)), names = c("", 
""))), GM22_SNP1 = structure(c(5L, 159L, 12796L, 44L, 0L, 0L, 
7L, 0L, 0L, 0L, 2L, 0L, 0L, 4L, 208L, 3L), dim = c(4L, 4L), dimnames = structure(list(
    c("-2", "-1", "0", "1"), c("A", "G", "T", NA)), names = c("", 
""))), GM26_SNP1 = structure(c(45L, 7474L, 15L, 0L, 5L, 0L, 0L, 
75L, 0L), dim = c(3L, 3L), dimnames = structure(list(c("-1", 
"0", "1"), c("A", "G", NA)), names = c("", ""))), GM29_SNP1 = structure(c(0L, 
1L, 0L, 62L, 4261L, 33L, 54L, 3406L, 12L, 0L, 1L, 0L, 3L, 93L, 
0L), dim = c(3L, 5L), dimnames = structure(list(c("-1", "0", 
"1"), c("-", "A", "G", "T", NA)), names = c("", ""))), IM16_SNP1 = structure(c(1L, 
41L, 4669L, 72L, 2L, 0L, 49L, 4913L, 82L, 3L, 0L, 0L, 2L, 0L, 
0L, 0L, 1L, 123L, 5L, 0L), dim = 5:4, dimnames = structure(list(
    c("-2", "-1", "0", "1", "2"), c("A", "G", "T", NA)), names = c("", 
""))), IM49_SNP1 = structure(c(3L, 213L, 6293L, 144L, 2L, 0L, 
0L, 3L, 0L, 0L, 0L, 1L, 173L, 5L, 1L), dim = c(5L, 3L), dimnames = structure(list(
    c("-2", "-1", "0", "1", "2"), c("C", "G", NA)), names = c("", 
""))), LR10_SNP1 = structure(c(0L, 0L, 1L, 0L, 0L, 0L, 1L, 0L, 
1L, 97L, 5018L, 27L, 1L, 77L, 4917L, 20L, 1L, 2L, 168L, 3L), dim = 4:5, dimnames = structure(list(
    c("-2", "-1", "0", "1"), c("-", "A", "C", "T", NA)), names = c("", 
""))), LR11_SNP1 = structure(c(0L, 0L, 11L, 0L, 0L, 3L, 189L, 
9910L, 65L, 1L, 0L, 15L, 438L, 4L, 0L), dim = c(5L, 3L), dimnames = structure(list(
    c("-2", "-1", "0", "1", "2"), c("A", "C", NA)), names = c("", 
""))), LR17_SNP1 = structure(c(2L, 11L, 557L, 12626L, 173L, 4L, 
0L, 0L, 0L, 6L, 0L, 0L, 0L, 0L, 0L, 1L, 0L, 0L, 0L, 0L, 23L, 
977L, 9L, 0L), dim = c(6L, 4L), dimnames = structure(list(c("-3", 
"-2", "-1", "0", "1", "2"), c("A", "G", "T", NA)), names = c("", 
""))), LR20_SNP1 = structure(c(0L, 0L, 1L, 0L, 2L, 13L, 4700L, 
8L, 0L, 8L, 4605L, 10L, 0L, 0L, 1L, 0L, 0L, 0L, 65L, 1L), dim = 4:5, dimnames = structure(list(
    c("-2", "-1", "0", "1"), c("-", "A", "G", "T", NA)), names = c("", 
""))), LR24_SNP1 = structure(c(60L, 10561L, 23L, 0L, 1L, 0L, 
0L, 16L, 0L, 0L, 72L, 1L), dim = 3:4, dimnames = structure(list(
    c("-1", "0", "1"), c("A", "C", "G", NA)), names = c("", ""
))), LR36_SNP1 = structure(c(0L, 0L, 0L, 2L, 0L, 0L, 0L, 9L, 
103L, 4808L, 40L, 0L, 0L, 0L, 0L, 1L, 0L, 0L, 0L, 0L, 0L, 1L, 
0L, 0L, 2L, 5L, 78L, 4207L, 35L, 1L, 0L, 0L, 3L, 460L, 7L, 0L
), dim = c(6L, 6L), dimnames = structure(list(c("-3", "-2", "-1", 
"0", "1", "2"), c("-", "A", "C", "G", "T", NA)), names = c("", 
""))), LR40_SNP1 = structure(c(1L, 36L, 4183L, 15L, 0L, 71L, 
4500L, 18L, 0L, 0L, 1L, 0L, 0L, 1L, 64L, 0L), dim = c(4L, 4L), dimnames = structure(list(
    c("-2", "-1", "0", "1"), c("A", "C", "G", NA)), names = c("", 
""))), LR44_SNP1 = structure(c(10L, 375L, 4618L, 71L, 2L, 0L, 
1L, 4L, 0L, 0L, 0L, 2L, 32L, 0L, 0L, 0L, 5L, 152L, 0L, 0L), dim = 5:4, dimnames = structure(list(
    c("-2", "-1", "0", "1", "2"), c("C", "G", "T", NA)), names = c("", 
""))), LR46_SNP1 = structure(c(0L, 1L, 0L, 25L, 3589L, 19L, 22L, 
3818L, 10L, 0L, 52L, 1L), dim = 3:4, dimnames = structure(list(
    c("-1", "0", "1"), c("C", "G", "T", NA)), names = c("", ""
))), LR48_SNP1 = structure(c(1L, 4L, 123L, 4953L, 62L, 0L, 2L, 
107L, 4938L, 83L, 0L, 0L, 2L, 257L, 2L), dim = c(5L, 3L), dimnames = structure(list(
    c("-3", "-2", "-1", "0", "1"), c("C", "T", NA)), names = c("", 
""))), LR49_SNP1 = structure(c(0L, 13L, 0L, 0L, 1L, 0L, 22L, 
9325L, 6L, 0L, 1L, 0L, 1L, 52L, 0L), dim = c(3L, 5L), dimnames = structure(list(
    c("-1", "0", "1"), c("A", "C", "G", "T", NA)), names = c("", 
""))), LR52_SNP1 = structure(c(0L, 0L, 0L, 0L, 2L, 0L, 1L, 6L, 
56L, 766L, 6418L, 53L, 0L, 0L, 0L, 5L, 42L, 0L, 0L, 0L, 0L, 35L, 
1769L, 17L), dim = c(6L, 4L), dimnames = structure(list(c("-4", 
"-3", "-2", "-1", "0", "1"), c("A", "C", "T", NA)), names = c("", 
""))))
