Result <-
list(DEPDC2_SNP1 = structure(c(0L, 1L, 0L, 0L, 5L, 0L, 66L, 6329L, 
28L, 1L, 53L, 0L), dim = 3:4, dimnames = structure(list(c("-1", 
"0", "1"), c("A", "C", "T", NA)), names = c("", ""))), GM01_SNP1 = structure(c(0L, 
0L, 20L, 0L, 0L, 2L, 98L, 6433L, 25L, 1L, 0L, 1L, 99L, 1L, 0L
), dim = c(5L, 3L), dimnames = structure(list(c("-2", "-1", "0", 
"1", "2"), c("A", "G", NA)), names = c("", ""))), GM07_SNP1 = structure(c(0L, 
1L, 17L, 0L, 0L, 14L, 1233L, 4285L, 143L, 5L, 0L, 0L, 1L, 0L, 
0L, 1L, 11L, 110L, 2L, 0L), dim = 5:4, dimnames = structure(list(
    c("-2", "-1", "0", "1", "2"), c("A", "G", "T", NA)), names = c("", 
""))), GM09_SNP1 = structure(c(36L, 8068L, 9L, 0L, 27L, 0L, 0L, 
1L, 0L, 0L, 55L, 0L), dim = 3:4, dimnames = structure(list(c("-1", 
"0", "1"), c("A", "G", "T", NA)), names = c("", ""))), GM11_SNP1 = structure(c(3L, 
200L, 2L, 0L, 113L, 0L, 1L, 0L, 0L, 0L, 2L, 0L), dim = 3:4, dimnames = structure(list(
    c("-1", "0", "1"), c("A", "G", "T", NA)), names = c("", ""
))), GM14_SNP1 = structure(c(0L, 0L, 1L, 0L, 0L, 3L, 84L, 2608L, 
22L, 0L, 3L, 59L, 3073L, 18L, 1L, 0L, 0L, 82L, 0L, 0L), dim = 5:4, dimnames = structure(list(
    c("-2", "-1", "0", "1", "2"), c("A", "C", "T", NA)), names = c("", 
""))), GM17_SNP1 = structure(c(0L, 0L, 1L, 0L, 0L, 1L, 67L, 4628L, 
14L, 1L, 0L, 53L, 4813L, 10L, 0L, 0L, 3L, 335L, 0L, 0L), dim = 5:4, dimnames = structure(list(
    c("-2", "-1", "0", "1", "2"), c("A", "C", "T", NA)), names = c("", 
""))), GM22_SNP1 = structure(c(1L, 128L, 9294L, 37L, 1L, 0L, 
1L, 73L, 0L, 1L, 0L, 0L, 1L, 0L, 0L, 0L, 2L, 179L, 1L, 0L), dim = 5:4, dimnames = structure(list(
    c("-2", "-1", "0", "1", "2"), c("A", "G", "T", NA)), names = c("", 
""))), GM26_SNP1 = structure(c(3L, 71L, 7591L, 20L, 0L, 0L, 7L, 
0L, 0L, 0L, 1L, 0L, 0L, 1L, 78L, 0L), dim = c(4L, 4L), dimnames = structure(list(
    c("-2", "-1", "0", "1"), c("A", "G", "T", NA)), names = c("", 
""))), GM29_SNP1 = structure(c(0L, 0L, 0L, 2L, 0L, 1L, 1L, 148L, 
8294L, 30L, 0L, 0L, 1L, 22L, 0L, 0L, 0L, 2L, 64L, 3L), dim = 5:4, dimnames = structure(list(
    c("-3", "-2", "-1", "0", "1"), c("-", "A", "G", NA)), names = c("", 
""))), IM16_SNP1 = structure(c(318L, 1380L, 23L, 2L, 18L, 1324L, 
20L, 0L, 0L, 1L, 0L, 0L, 3L, 29L, 5L, 0L), dim = c(4L, 4L), dimnames = structure(list(
    c("-1", "0", "1", "2"), c("A", "G", "T", NA)), names = c("", 
""))), IM49_SNP1 = structure(c(0L, 0L, 2L, 1L, 0L, 0L, 4L, 273L, 
6126L, 164L, 4L, 1L, 0L, 0L, 12L, 0L, 0L, 0L, 0L, 2L, 139L, 3L, 
0L, 0L), dim = c(6L, 4L), dimnames = structure(list(c("-2", "-1", 
"0", "1", "2", "3"), c("A", "C", "G", NA)), names = c("", ""))), 
    LR10_SNP1 = structure(c(0L, 0L, 3L, 0L, 1L, 168L, 7360L, 
    60L, 0L, 0L, 18L, 0L, 0L, 0L, 137L, 0L), dim = c(4L, 4L), dimnames = structure(list(
        c("-2", "-1", "0", "1"), c("A", "C", "T", NA)), names = c("", 
    ""))), LR11_SNP1 = structure(c(0L, 3L, 26L, 1L, 1L, 4L, 312L, 
    3L, 0L, 0L, 11L, 1L), dim = 4:3, dimnames = structure(list(
        c("-2", "-1", "0", "1"), c("A", "C", NA)), names = c("", 
    ""))), LR17_SNP1 = structure(c(1L, 47L, 996L, 9171L, 145L, 
    4L, 0L, 0L, 1L, 4L, 0L, 0L, 0L, 2L, 24L, 661L, 2L, 0L), dim = c(6L, 
    3L), dimnames = structure(list(c("-3", "-2", "-1", "0", "1", 
    "2"), c("A", "G", NA)), names = c("", ""))), LR20_SNP1 = structure(c(1L, 
    924L, 1L, 0L, 17L, 0L, 0L, 5L, 0L), dim = c(3L, 3L), dimnames = structure(list(
        c("-1", "0", "1"), c("A", "G", NA)), names = c("", ""
    ))), LR24_SNP1 = structure(c(0L, 1L, 0L, 0L, 29L, 0L, 7L, 
    2679L, 6L, 0L, 30L, 0L), dim = 3:4, dimnames = structure(list(
        c("-1", "0", "1"), c("-", "A", "G", NA)), names = c("", 
    ""))), LR36_SNP1 = structure(c(1L, 2L, 67L, 2724L, 23L, 0L, 
    0L, 0L, 3L, 0L, 3L, 108L, 721L, 2250L, 19L, 0L, 3L, 43L, 
    276L, 4L), dim = 5:4, dimnames = structure(list(c("-3", "-2", 
    "-1", "0", "1"), c("A", "G", "T", NA)), names = c("", ""))), 
    LR40_SNP1 = structure(c(1L, 199L, 1L, 1L, 14L, 0L, 0L, 1L, 
    0L), dim = c(3L, 3L), dimnames = structure(list(c("-1", "0", 
    "1"), c("A", "C", NA)), names = c("", ""))), LR44_SNP1 = structure(c(0L, 
    0L, 0L, 1L, 0L, 0L, 0L, 0L, 1L, 26L, 0L, 0L, 1L, 12L, 392L, 
    3924L, 81L, 1L, 0L, 0L, 4L, 67L, 1L, 0L), dim = c(6L, 4L), dimnames = structure(list(
        c("-3", "-2", "-1", "0", "1", "2"), c("A", "C", "T", 
        NA)), names = c("", ""))), LR46_SNP1 = structure(c(0L, 
    0L, 3L, 0L, 1L, 39L, 6526L, 15L, 0L, 1L, 136L, 0L, 0L, 0L, 
    41L, 0L), dim = c(4L, 4L), dimnames = structure(list(c("-2", 
    "-1", "0", "1"), c("A", "G", "T", NA)), names = c("", ""))), 
    LR48_SNP1 = structure(c(0L, 0L, 0L, 1L, 0L, 0L, 0L, 0L, 0L, 
    2L, 0L, 0L, 1L, 2L, 137L, 4044L, 54L, 0L, 0L, 5L, 280L, 4452L, 
    82L, 3L, 0L, 0L, 2L, 234L, 3L, 0L), dim = 6:5, dimnames = structure(list(
        c("-4", "-2", "-1", "0", "1", "2"), c("-", "A", "C", 
        "T", NA)), names = c("", ""))), LR49_SNP1 = structure(c(0L, 
    70L, 0L, 33L, 10035L, 3L, 0L, 71L, 0L), dim = c(3L, 3L), dimnames = structure(list(
        c("-1", "0", "1"), c("A", "G", NA)), names = c("", ""
    ))), LR52_SNP1 = structure(c(0L, 0L, 0L, 1L, 0L, 0L, 0L, 
    0L, 0L, 1L, 0L, 0L, 1L, 24L, 289L, 2099L, 22L, 0L, 0L, 28L, 
    458L, 2305L, 25L, 1L, 0L, 0L, 26L, 768L, 10L, 0L), dim = 6:5, dimnames = structure(list(
        c("-3", "-2", "-1", "0", "1", "2"), c("-", "A", "C", 
        "T", NA)), names = c("", ""))))
