Result <-
list(DEPDC2_SNP1 = structure(c(0L, 0L, 1L, 0L, 0L, 0L, 4L, 0L, 
1L, 46L, 7958L, 27L, 0L, 0L, 52L, 0L), dim = c(4L, 4L), dimnames = structure(list(
    c("-2", "-1", "0", "1"), c("A", "C", "T", NA)), names = c("", 
""))), GM01_SNP1 = structure(c(0L, 0L, 81L, 6101L, 27L, 1L, 1L, 
110L, 7280L, 18L, 0L, 0L, 0L, 152L, 3L), dim = c(5L, 3L), dimnames = structure(list(
    c("-3", "-2", "-1", "0", "1"), c("A", "G", NA)), names = c("", 
""))), GM07_SNP1 = structure(c(0L, 0L, 1L, 2L, 0L, 0L, 1L, 6L, 
316L, 5820L, 203L, 9L, 0L, 0L, 0L, 1L, 0L, 0L, 0L, 0L, 3L, 137L, 
7L, 0L), dim = c(6L, 4L), dimnames = structure(list(c("-3", "-2", 
"-1", "0", "1", "2"), c("A", "G", "T", NA)), names = c("", ""
))), GM09_SNP1 = structure(c(1L, 13L, 0L, 94L, 16237L, 23L, 0L, 
1L, 0L, 1L, 115L, 3L), dim = 3:4, dimnames = structure(list(c("-1", 
"0", "1"), c("A", "G", "T", NA)), names = c("", ""))), GM11_SNP1 = structure(c(1L, 
13L, 3047L, 6L, 0L, 13L, 2231L, 25L, 0L, 1L, 39L, 1L), dim = 4:3, dimnames = structure(list(
    c("-2", "-1", "0", "1"), c("A", "G", NA)), names = c("", 
""))), GM14_SNP1 = structure(c(0L, 0L, 0L, 1L, 0L, 0L, 1L, 8L, 
277L, 8809L, 62L, 1L, 0L, 0L, 1L, 6L, 0L, 0L, 0L, 0L, 3L, 105L, 
0L, 0L), dim = c(6L, 4L), dimnames = structure(list(c("-4", "-2", 
"-1", "0", "1", "2"), c("A", "C", "T", NA)), names = c("", ""
))), GM17_SNP1 = structure(c(0L, 0L, 3L, 0L, 0L, 97L, 7316L, 
36L, 2L, 127L, 11689L, 29L, 0L, 4L, 648L, 1L), dim = c(4L, 4L
), dimnames = structure(list(c("-2", "-1", "0", "1"), c("A", 
"C", "T", NA)), names = c("", ""))), GM22_SNP1 = structure(c(5L, 
77L, 5406L, 28L, 1L, 87L, 5969L, 24L, 0L, 1L, 2L, 0L, 0L, 6L, 
243L, 1L), dim = c(4L, 4L), dimnames = structure(list(c("-2", 
"-1", "0", "1"), c("A", "G", "T", NA)), names = c("", ""))), 
    GM26_SNP1 = structure(c(21L, 3368L, 8L, 1L, 24L, 2563L, 8L, 
    0L, 0L, 1L, 0L, 0L, 0L, 101L, 0L, 0L), dim = c(4L, 4L), dimnames = structure(list(
        c("-1", "0", "1", "2"), c("A", "G", "T", NA)), names = c("", 
    ""))), GM29_SNP1 = structure(c(0L, 0L, 0L, 18L, 0L, 1L, 3L, 
    170L, 12559L, 47L, 0L, 0L, 3L, 144L, 0L), dim = c(5L, 3L), dimnames = structure(list(
        c("-3", "-2", "-1", "0", "1"), c("A", "G", NA)), names = c("", 
    ""))), IM16_SNP1 = structure(c(0L, 0L, 7L, 0L, 0L, 0L, 0L, 
    1L, 0L, 0L, 1L, 75L, 7945L, 140L, 1L, 0L, 0L, 105L, 6L, 0L
    ), dim = 5:4, dimnames = structure(list(c("-2", "-1", "0", 
    "1", "2"), c("A", "C", "G", NA)), names = c("", ""))), IM49_SNP1 = structure(c(0L, 
    0L, 1L, 0L, 6L, 0L, 0L, 1L, 1L, 28L, 291L, 9785L, 241L, 7L, 
    0L, 0L, 0L, 0L, 1L, 0L, 0L, 0L, 0L, 0L, 5L, 446L, 9L, 0L), dim = c(7L, 
    4L), dimnames = structure(list(c("-4", "-3", "-2", "-1", 
    "0", "1", "2"), c("C", "G", "T", NA)), names = c("", ""))), 
    LR10_SNP1 = structure(c(3L, 59L, 0L, 115L, 8188L, 26L, 1L, 
    135L, 1L), dim = c(3L, 3L), dimnames = structure(list(c("-1", 
    "0", "1"), c("C", "T", NA)), names = c("", ""))), LR11_SNP1 = structure(c(1L, 
    4L, 176L, 6220L, 47L, 2L, 0L, 1L, 94L, 4957L, 32L, 2L, 0L, 
    0L, 0L, 1L, 0L, 0L, 0L, 0L, 8L, 279L, 2L, 0L), dim = c(6L, 
    4L), dimnames = structure(list(c("-3", "-2", "-1", "0", "1", 
    "2"), c("A", "C", "T", NA)), names = c("", ""))), LR17_SNP1 = structure(c(3L, 
    21L, 697L, 16656L, 261L, 3L, 0L, 0L, 0L, 3L, 0L, 0L, 0L, 
    0L, 29L, 1173L, 7L, 0L), dim = c(6L, 3L), dimnames = structure(list(
        c("-3", "-2", "-1", "0", "1", "2"), c("A", "G", NA)), names = c("", 
    ""))), LR20_SNP1 = structure(c(9L, 4398L, 6L, 8L, 3086L, 
    5L, 0L, 47L, 0L), dim = c(3L, 3L), dimnames = structure(list(
        c("-1", "0", "1"), c("A", "G", NA)), names = c("", ""
    ))), LR24_SNP1 = structure(c(0L, 1L, 88L, 0L, 1L, 35L, 8067L, 
    14L, 0L, 0L, 1L, 0L, 0L, 0L, 53L, 0L), dim = c(4L, 4L), dimnames = structure(list(
        c("-2", "-1", "0", "1"), c("A", "G", "T", NA)), names = c("", 
    ""))), LR36_SNP1 = structure(c(0L, 0L, 0L, 1L, 0L, 0L, 0L, 
    1L, 5L, 115L, 5365L, 456L, 3L, 0L, 0L, 0L, 0L, 4L, 0L, 0L, 
    0L, 0L, 7L, 80L, 4682L, 46L, 0L, 3L, 0L, 1L, 5L, 577L, 5L, 
    2L, 0L), dim = c(7L, 5L), dimnames = structure(list(c("-3", 
    "-2", "-1", "0", "1", "2", "3"), c("-", "A", "G", "T", NA
    )), names = c("", ""))), LR40_SNP1 = structure(c(66L, 6759L, 
    24L, 1L, 0L, 41L, 0L, 0L), dim = c(4L, 2L), dimnames = structure(list(
        c("-1", "0", "1", "2"), c("C", NA)), names = c("", ""
    ))), LR44_SNP1 = structure(c(9L, 104L, 1216L, 14L, 0L, 0L, 
    0L, 11L, 0L, 0L, 1L, 114L, 1300L, 24L, 0L, 1L, 3L, 67L, 1L, 
    1L), dim = 5:4, dimnames = structure(list(c("-2", "-1", "0", 
    "1", "2"), c("C", "G", "T", NA)), names = c("", ""))), LR46_SNP1 = structure(c(0L, 
    0L, 1L, 0L, 1L, 28L, 7052L, 17L, 0L, 0L, 15L, 0L, 0L, 0L, 
    64L, 0L), dim = c(4L, 4L), dimnames = structure(list(c("-2", 
    "-1", "0", "1"), c("A", "G", "T", NA)), names = c("", ""))), 
    LR48_SNP1 = structure(c(0L, 0L, 1L, 0L, 0L, 8L, 313L, 8743L, 
    146L, 2L, 0L, 2L, 2L, 0L, 0L, 0L, 4L, 230L, 5L, 0L), dim = 5:4, dimnames = structure(list(
        c("-2", "-1", "0", "1", "2"), c("A", "C", "T", NA)), names = c("", 
    ""))), LR49_SNP1 = structure(c(0L, 1L, 0L, 28L, 7180L, 2L, 
    0L, 13L, 0L, 0L, 0L, 0L, 0L, 138L, 0L), dim = c(3L, 5L), dimnames = structure(list(
        c("-1", "0", "1"), c("-", "A", "G", "T", NA)), names = c("", 
    ""))), LR52_SNP1 = structure(c(0L, 0L, 0L, 0L, 1L, 0L, 0L, 
    0L, 2L, 42L, 270L, 2300L, 22L, 0L, 2L, 0L, 12L, 279L, 2515L, 
    21L, 2L, 0L, 0L, 1L, 18L, 810L, 5L, 0L), dim = c(7L, 4L), dimnames = structure(list(
        c("-4", "-3", "-2", "-1", "0", "1", "2"), c("A", "C", 
        "T", NA)), names = c("", ""))))
