Result <-
list(DEPDC2_SNP1 = structure(c(0L, 5L, 0L, 48L, 5917L, 31L, 72L, 
10901L, 51L, 1L, 210L, 0L), dim = 3:4, dimnames = structure(list(
    c("-1", "0", "1"), c("A", "C", "T", NA)), names = c("", ""
))), GM01_SNP1 = structure(c(1L, 22L, 2201L, 8L, 0L, 3L, 361L, 
1L, 0L, 0L, 27L, 1L), dim = 4:3, dimnames = structure(list(c("-2", 
"-1", "0", "1"), c("A", "G", NA)), names = c("", ""))), GM07_SNP1 = structure(c(0L, 
1L, 2L, 0L, 0L, 8L, 281L, 4496L, 132L, 2L, 3L, 199L, 4186L, 131L, 
3L, 0L, 3L, 162L, 3L, 0L), dim = 5:4, dimnames = structure(list(
    c("-2", "-1", "0", "1", "2"), c("-", "A", "G", NA)), names = c("", 
""))), GM09_SNP1 = structure(c(0L, 2L, 0L, 0L, 34L, 6558L, 13L, 
0L, 15L, 3102L, 4L, 1L, 0L, 1L, 0L, 0L, 0L, 55L, 0L, 0L), dim = 4:5, dimnames = structure(list(
    c("-1", "0", "1", "2"), c("-", "A", "G", "T", NA)), names = c("", 
""))), GM11_SNP1 = structure(c(8L, 461L, 2L, 0L, 3L, 0L, 0L, 
1L, 0L, 0L, 3L, 0L), dim = 3:4, dimnames = structure(list(c("-1", 
"0", "1"), c("A", "G", "T", NA)), names = c("", ""))), GM14_SNP1 = structure(c(10L, 
201L, 6188L, 67L, 2L, 0L, 1L, 19L, 0L, 0L, 0L, 0L, 69L, 0L, 0L
), dim = c(5L, 3L), dimnames = structure(list(c("-2", "-1", "0", 
"1", "2"), c("C", "T", NA)), names = c("", ""))), GM17_SNP1 = structure(c(0L, 
0L, 2L, 0L, 2L, 114L, 10186L, 43L, 0L, 1L, 48L, 0L, 0L, 0L, 359L, 
2L), dim = c(4L, 4L), dimnames = structure(list(c("-2", "-1", 
"0", "1"), c("A", "C", "T", NA)), names = c("", ""))), GM22_SNP1 = structure(c(0L, 
81L, 5391L, 23L, 2L, 61L, 4227L, 14L, 0L, 0L, 1L, 0L, 0L, 5L, 
196L, 1L), dim = c(4L, 4L), dimnames = structure(list(c("-2", 
"-1", "0", "1"), c("A", "G", "T", NA)), names = c("", ""))), 
    GM26_SNP1 = structure(c(18L, 4292L, 14L, 37L, 3657L, 11L, 
    0L, 1L, 0L, 1L, 121L, 4L), dim = 3:4, dimnames = structure(list(
        c("-1", "0", "1"), c("A", "G", "T", NA)), names = c("", 
    ""))), GM29_SNP1 = structure(c(0L, 0L, 0L, 1L, 0L, 1L, 3L, 
    189L, 12923L, 21L, 0L, 0L, 0L, 9L, 0L, 0L, 0L, 0L, 1L, 0L, 
    0L, 0L, 1L, 166L, 0L), dim = c(5L, 5L), dimnames = structure(list(
        c("-3", "-2", "-1", "0", "1"), c("-", "A", "G", "T", 
        NA)), names = c("", ""))), IM16_SNP1 = structure(c(14L, 
    827L, 27L, 1L, 26L, 0L, 0L, 6L, 0L), dim = c(3L, 3L), dimnames = structure(list(
        c("-1", "0", "1"), c("A", "G", NA)), names = c("", ""
    ))), IM49_SNP1 = structure(c(0L, 0L, 1L, 0L, 0L, 0L, 0L, 
    1L, 0L, 0L, 4L, 189L, 4515L, 111L, 1L, 3L, 206L, 5458L, 153L, 
    2L, 0L, 0L, 2L, 0L, 0L, 0L, 9L, 359L, 6L, 0L), dim = 5:6, dimnames = structure(list(
        c("-2", "-1", "0", "1", "2"), c("-", "A", "C", "G", "T", 
        NA)), names = c("", ""))), LR10_SNP1 = structure(c(0L, 
    1L, 0L, 0L, 0L, 0L, 17L, 0L, 2L, 152L, 9153L, 28L, 0L, 1L, 
    134L, 5L), dim = c(4L, 4L), dimnames = structure(list(c("-2", 
    "-1", "0", "1"), c("A", "C", "T", NA)), names = c("", ""))), 
    LR11_SNP1 = structure(c(0L, 0L, 4L, 0L, 1L, 22L, 855L, 3L, 
    0L, 0L, 1L, 0L, 0L, 2L, 39L, 0L), dim = c(4L, 4L), dimnames = structure(list(
        c("-2", "-1", "0", "1"), c("A", "C", "T", NA)), names = c("", 
    ""))), LR17_SNP1 = structure(c(25L, 384L, 8543L, 104L, 3L, 
    0L, 0L, 6L, 0L, 0L, 0L, 0L, 1L, 0L, 0L, 0L, 9L, 590L, 4L, 
    0L), dim = 5:4, dimnames = structure(list(c("-2", "-1", "0", 
    "1", "2"), c("A", "G", "T", NA)), names = c("", ""))), LR20_SNP1 = structure(c(0L, 
    6L, 0L, 8L, 890L, 2L, 0L, 8L, 0L), dim = c(3L, 3L), dimnames = structure(list(
        c("-1", "0", "1"), c("A", "G", NA)), names = c("", ""
    ))), LR24_SNP1 = structure(c(12L, 1000L, 3L, 7L, 699L, 4L, 
    0L, 13L, 0L), dim = c(3L, 3L), dimnames = structure(list(
        c("-1", "0", "1"), c("A", "G", NA)), names = c("", ""
    ))), LR36_SNP1 = structure(c(3L, 0L, 11L, 0L, 4L, 32L, 1397L, 
    10L, 1L, 1L, 96L, 1L), dim = 4:3, dimnames = structure(list(
        c("-2", "-1", "0", "1"), c("A", "T", NA)), names = c("", 
    ""))), LR40_SNP1 = structure(c(0L, 1L, 0L, 7L, 547L, 4L, 
    0L, 5L, 0L), dim = c(3L, 3L), dimnames = structure(list(c("-1", 
    "0", "1"), c("A", "C", NA)), names = c("", ""))), LR44_SNP1 = structure(c(8L, 
    101L, 1471L, 22L, 0L, 0L, 7L, 1L, 0L, 1L, 18L, 0L, 0L, 4L, 
    40L, 1L), dim = c(4L, 4L), dimnames = structure(list(c("-2", 
    "-1", "0", "1"), c("C", "G", "T", NA)), names = c("", ""))), 
    LR46_SNP1 = structure(c(0L, 1L, 0L, 0L, 1L, 56L, 0L, 0L, 
    51L, 8999L, 36L, 1L, 1L, 68L, 0L, 0L), dim = c(4L, 4L), dimnames = structure(list(
        c("-1", "0", "1", "2"), c("-", "G", "T", NA)), names = c("", 
    ""))), LR48_SNP1 = structure(c(0L, 0L, 1L, 1L, 0L, 0L, 1L, 
    10L, 294L, 10098L, 144L, 2L, 0L, 0L, 0L, 1L, 0L, 0L, 0L, 
    0L, 1L, 5L, 0L, 0L, 0L, 0L, 1L, 240L, 2L, 0L), dim = 6:5, dimnames = structure(list(
        c("-3", "-2", "-1", "0", "1", "2"), c("A", "C", "G", 
        "T", NA)), names = c("", ""))), LR49_SNP1 = structure(c(0L, 
    0L, 46L, 0L, 1L, 22L, 11019L, 1L, 0L, 1L, 70L, 0L), dim = 4:3, dimnames = structure(list(
        c("-2", "-1", "0", "1"), c("A", "G", NA)), names = c("", 
    ""))), LR52_SNP1 = structure(c(0L, 0L, 0L, 0L, 1L, 0L, 0L, 
    1L, 0L, 1L, 4L, 14L, 0L, 0L, 1L, 2L, 22L, 556L, 5149L, 51L, 
    2L, 0L, 0L, 0L, 12L, 279L, 5L, 0L), dim = c(7L, 4L), dimnames = structure(list(
        c("-4", "-3", "-2", "-1", "0", "1", "2"), c("A", "C", 
        "T", NA)), names = c("", ""))))
