Result <-
list(DEPDC2_SNP1 = structure(c(0L, 0L, 0L, 2L, 0L, 1L, 0L, 15L, 
3005L, 8L, 0L, 1L, 29L, 5279L, 21L, 0L, 0L, 1L, 90L, 2L), dim = 5:4, dimnames = structure(list(
    c("-4", "-2", "-1", "0", "1"), c("A", "C", "T", NA)), names = c("", 
""))), GM01_SNP1 = structure(c(0L, 0L, 1L, 0L, 1L, 140L, 11257L, 
44L, 0L, 0L, 13L, 0L, 0L, 0L, 1L, 0L, 0L, 4L, 129L, 0L), dim = 4:5, dimnames = structure(list(
    c("-2", "-1", "0", "1"), c("-", "A", "G", "T", NA)), names = c("", 
""))), GM07_SNP1 = structure(c(1L, 134L, 2782L, 77L, 1L, 1L, 
128L, 2665L, 76L, 1L, 0L, 4L, 103L, 3L, 0L), dim = c(5L, 3L), dimnames = structure(list(
    c("-2", "-1", "0", "1", "2"), c("A", "G", NA)), names = c("", 
""))), GM09_SNP1 = structure(c(0L, 12L, 0L, 58L, 13462L, 19L, 
0L, 105L, 0L), dim = c(3L, 3L), dimnames = structure(list(c("-1", 
"0", "1"), c("A", "G", NA)), names = c("", ""))), GM11_SNP1 = structure(c(26L, 
5400L, 36L, 0L, 3L, 0L, 0L, 1L, 0L, 0L, 49L, 0L), dim = 3:4, dimnames = structure(list(
    c("-1", "0", "1"), c("A", "G", "T", NA)), names = c("", ""
))), GM14_SNP1 = structure(c(0L, 0L, 0L, 2L, 0L, 0L, 2L, 86L, 
3644L, 30L, 1L, 3L, 75L, 4083L, 22L, 0L, 0L, 1L, 105L, 0L), dim = 5:4, dimnames = structure(list(
    c("-3", "-2", "-1", "0", "1"), c("A", "C", "T", NA)), names = c("", 
""))), GM17_SNP1 = structure(c(0L, 1L, 0L, 55L, 4128L, 16L, 0L, 
1L, 0L, 40L, 4010L, 18L, 2L, 283L, 1L), dim = c(3L, 5L), dimnames = structure(list(
    c("-1", "0", "1"), c("A", "C", "G", "T", NA)), names = c("", 
""))), GM22_SNP1 = structure(c(3L, 54L, 3717L, 14L, 1L, 96L, 
4403L, 18L, 0L, 2L, 125L, 3L), dim = 4:3, dimnames = structure(list(
    c("-2", "-1", "0", "1"), c("A", "G", NA)), names = c("", 
""))), GM26_SNP1 = structure(c(4L, 28L, 3550L, 14L, 0L, 1L, 20L, 
0L, 0L, 0L, 2L, 0L, 0L, 0L, 44L, 0L), dim = c(4L, 4L), dimnames = structure(list(
    c("-2", "-1", "0", "1"), c("A", "G", "T", NA)), names = c("", 
""))), GM29_SNP1 = structure(c(1L, 57L, 3681L, 14L, 0L, 66L, 
4031L, 15L, 0L, 0L, 1L, 0L, 0L, 1L, 81L, 1L), dim = c(4L, 4L), dimnames = structure(list(
    c("-2", "-1", "0", "1"), c("A", "G", "T", NA)), names = c("", 
""))), IM16_SNP1 = structure(c(0L, 0L, 3L, 0L, 0L, 0L, 0L, 0L, 
1L, 0L, 1L, 53L, 5050L, 73L, 2L, 0L, 0L, 1L, 0L, 0L, 0L, 0L, 
65L, 7L, 0L), dim = c(5L, 5L), dimnames = structure(list(c("-2", 
"-1", "0", "1", "2"), c("A", "C", "G", "T", NA)), names = c("", 
""))), IM49_SNP1 = structure(c(4L, 165L, 4444L, 104L, 4L, 5L, 
101L, 3385L, 68L, 0L, 0L, 0L, 2L, 0L, 0L, 0L, 2L, 259L, 5L, 1L
), dim = 5:4, dimnames = structure(list(c("-2", "-1", "0", "1", 
"2"), c("C", "G", "T", NA)), names = c("", ""))), LR10_SNP1 = structure(c(1L, 
34L, 2267L, 24L, 0L, 0L, 2L, 0L, 0L, 25L, 2537L, 9L, 0L, 0L, 
85L, 0L), dim = c(4L, 4L), dimnames = structure(list(c("-2", 
"-1", "0", "1"), c("C", "G", "T", NA)), names = c("", ""))), 
    LR11_SNP1 = structure(c(0L, 0L, 1L, 0L, 0L, 7L, 357L, 15505L, 
    123L, 4L, 0L, 1L, 7L, 1L, 0L, 0L, 1L, 3L, 0L, 0L, 0L, 1L, 
    193L, 1L, 0L), dim = c(5L, 5L), dimnames = structure(list(
        c("-2", "-1", "0", "1", "2"), c("-", "A", "C", "G", NA
        )), names = c("", ""))), LR17_SNP1 = structure(c(13L, 
    489L, 12070L, 174L, 2L, 0L, 0L, 7L, 0L, 0L, 0L, 22L, 884L, 
    5L, 0L), dim = c(5L, 3L), dimnames = structure(list(c("-2", 
    "-1", "0", "1", "2"), c("A", "G", NA)), names = c("", ""))), 
    LR20_SNP1 = structure(c(7L, 2531L, 3L, 5L, 2341L, 3L, 0L, 
    1L, 0L, 0L, 32L, 0L), dim = 3:4, dimnames = structure(list(
        c("-1", "0", "1"), c("A", "G", "T", NA)), names = c("", 
    ""))), LR24_SNP1 = structure(c(0L, 0L, 2L, 0L, 0L, 0L, 58L, 
    2L, 1L, 42L, 8620L, 25L, 0L, 1L, 66L, 0L), dim = c(4L, 4L
    ), dimnames = structure(list(c("-2", "-1", "0", "1"), c("-", 
    "A", "G", NA)), names = c("", ""))), LR36_SNP1 = structure(c(0L, 
    0L, 0L, 35L, 0L, 0L, 0L, 0L, 0L, 0L, 0L, 0L, 1L, 0L, 0L, 
    0L, 0L, 0L, 0L, 0L, 0L, 2L, 0L, 0L, 0L, 0L, 0L, 1L, 11L, 
    161L, 8554L, 71L, 1L, 1L, 10L, 1L, 1L, 0L, 4L, 722L, 2L, 
    0L, 1L, 3L, 0L), dim = c(9L, 5L), dimnames = structure(list(
        c("-3", "-2", "-1", "0", "1", "2", "3", "4", "5"), c("A", 
        "C", "G", "T", NA)), names = c("", ""))), LR40_SNP1 = structure(c(0L, 
    0L, 0L, 56L, 0L, 1L, 2L, 77L, 6317L, 12L, 0L, 0L, 0L, 50L, 
    1L), dim = c(5L, 3L), dimnames = structure(list(c("-3", "-2", 
    "-1", "0", "1"), c("A", "C", NA)), names = c("", ""))), LR44_SNP1 = structure(c(0L, 
    0L, 2L, 0L, 0L, 5L, 138L, 1766L, 23L, 0L, 0L, 2L, 11L, 8L, 
    0L, 5L, 125L, 1771L, 46L, 1L, 0L, 7L, 97L, 2L, 0L), dim = c(5L, 
    5L), dimnames = structure(list(c("-2", "-1", "0", "1", "2"
    ), c("A", "C", "G", "T", NA)), names = c("", ""))), LR46_SNP1 = structure(c(1L, 
    20L, 7201L, 20L, 1L, 0L, 0L, 3L, 0L, 0L, 0L, 0L, 51L, 0L, 
    0L), dim = c(5L, 3L), dimnames = structure(list(c("-2", "-1", 
    "0", "1", "2"), c("G", "T", NA)), names = c("", ""))), LR48_SNP1 = structure(c(0L, 
    0L, 0L, 1L, 0L, 0L, 2L, 35L, 191L, 8112L, 132L, 3L, 0L, 0L, 
    1L, 4L, 0L, 0L, 0L, 0L, 2L, 193L, 1L, 0L), dim = c(6L, 4L
    ), dimnames = structure(list(c("-3", "-2", "-1", "0", "1", 
    "2"), c("A", "C", "T", NA)), names = c("", ""))), LR49_SNP1 = structure(c(0L, 
    1L, 10L, 3844L, 6L, 4236L, 0L, 1L, 0L, 104L), dim = c(2L, 
    5L), dimnames = structure(list(c("-1", "0"), c("-", "A", 
    "G", "T", NA)), names = c("", ""))), LR52_SNP1 = structure(c(0L, 
    0L, 0L, 1L, 0L, 1L, 17L, 236L, 2105L, 15L, 1L, 16L, 249L, 
    2861L, 26L, 0L, 0L, 11L, 776L, 6L), dim = 5:4, dimnames = structure(list(
        c("-3", "-2", "-1", "0", "1"), c("A", "C", "T", NA)), names = c("", 
    ""))))
