Result <-
list(DEPDC2_SNP1 = structure(c(0L, 2L, 0L, 0L, 7L, 0L, 60L, 6721L, 
47L, 0L, 60L, 0L), dim = 3:4, dimnames = structure(list(c("-1", 
"0", "1"), c("A", "C", "T", NA)), names = c("", ""))), GM01_SNP1 = structure(c(0L, 
0L, 1L, 0L, 0L, 13L, 1795L, 8713L, 26L, 2L, 0L, 2L, 30L, 2L, 
0L, 0L, 14L, 103L, 0L, 0L), dim = 5:4, dimnames = structure(list(
    c("-2", "-1", "0", "1", "2"), c("-", "A", "G", NA)), names = c("", 
""))), GM07_SNP1 = structure(c(0L, 1L, 1L, 0L, 0L, 41L, 1551L, 
3819L, 106L, 1L, 0L, 1L, 6L, 0L, 0L, 0L, 15L, 52L, 2L, 0L), dim = 5:4, dimnames = structure(list(
    c("-2", "-1", "0", "1", "2"), c("-", "A", "G", NA)), names = c("", 
""))), GM09_SNP1 = structure(c(176L, 4324L, 4L, 27L, 4219L, 2L, 
0L, 63L, 0L), dim = c(3L, 3L), dimnames = structure(list(c("-1", 
"0", "1"), c("A", "G", NA)), names = c("", ""))), GM11_SNP1 = structure(c(0L, 
39L, 1832L, 11L, 0L, 0L, 0L, 1L, 0L, 0L, 9L, 32L, 1990L, 9L, 
1L, 0L, 1L, 34L, 0L, 0L), dim = 5:4, dimnames = structure(list(
    c("-2", "-1", "0", "1", "2"), c("A", "C", "G", NA)), names = c("", 
""))), GM14_SNP1 = structure(c(0L, 0L, 1L, 0L, 0L, 43L, 862L, 
1651L, 16L, 1L, 9L, 814L, 2172L, 15L, 0L, 0L, 7L, 43L, 0L, 0L
), dim = 5:4, dimnames = structure(list(c("-2", "-1", "0", "1", 
"2"), c("A", "C", "T", NA)), names = c("", ""))), GM17_SNP1 = structure(c(2L, 
133L, 6004L, 19L, 0L, 1L, 13L, 1L, 0L, 1L, 217L, 2L), dim = 4:3, dimnames = structure(list(
    c("-2", "-1", "0", "1"), c("C", "T", NA)), names = c("", 
""))), GM22_SNP1 = structure(c(3L, 72L, 4964L, 35L, 2L, 52L, 
3856L, 17L, 0L, 0L, 19L, 0L, 0L, 12L, 167L, 3L), dim = c(4L, 
4L), dimnames = structure(list(c("-2", "-1", "0", "1"), c("A", 
"G", "T", NA)), names = c("", ""))), GM26_SNP1 = structure(c(0L, 
41L, 3422L, 18L, 0L, 1L, 11L, 2142L, 861L, 10L, 0L, 1L, 95L, 
14L, 0L), dim = c(5L, 3L), dimnames = structure(list(c("-2", 
"-1", "0", "1", "2"), c("A", "G", NA)), names = c("", ""))), 
    GM29_SNP1 = structure(c(9L, 1285L, 5794L, 17L, 0L, 0L, 1L, 
    0L, 0L, 0L, 1L, 0L, 0L, 2L, 61L, 0L), dim = c(4L, 4L), dimnames = structure(list(
        c("-2", "-1", "0", "1"), c("A", "G", "T", NA)), names = c("", 
    ""))), IM16_SNP1 = structure(c(14L, 2263L, 847L, 27L, 1L, 
    54L, 2566L, 832L, 15L, 1L, 0L, 4L, 0L, 0L, 0L, 1L, 93L, 51L, 
    4L, 0L), dim = 5:4, dimnames = structure(list(c("-1", "0", 
    "1", "2", "3"), c("A", "G", "T", NA)), names = c("", ""))), 
    IM49_SNP1 = structure(c(1L, 60L, 543L, 1337L, 27L, 1L, 0L, 
    0L, 35L, 1270L, 30L, 1L, 0L, 0L, 6L, 105L, 3L, 0L), dim = c(6L, 
    3L), dimnames = structure(list(c("-3", "-2", "-1", "0", "1", 
    "2"), c("C", "G", NA)), names = c("", ""))), LR10_SNP1 = structure(c(0L, 
    0L, 2L, 0L, 0L, 8L, 1157L, 2961L, 26L, 2L, 1L, 105L, 4210L, 
    21L, 0L, 0L, 11L, 128L, 0L, 0L), dim = 5:4, dimnames = structure(list(
        c("-2", "-1", "0", "1", "2"), c("A", "C", "T", NA)), names = c("", 
    ""))), LR11_SNP1 = structure(c(0L, 0L, 1L, 0L, 0L, 1L, 108L, 
    3497L, 35L, 0L, 27L, 296L, 2244L, 16L, 1L, 2L, 16L, 146L, 
    1L, 0L), dim = 5:4, dimnames = structure(list(c("-2", "-1", 
    "0", "1", "2"), c("-", "A", "C", NA)), names = c("", ""))), 
    LR17_SNP1 = structure(c(9L, 119L, 2117L, 8152L, 123L, 1L, 
    0L, 0L, 2L, 1L, 0L, 0L, 0L, 0L, 0L, 1L, 0L, 0L, 0L, 3L, 84L, 
    625L, 4L, 0L), dim = c(6L, 4L), dimnames = structure(list(
        c("-3", "-2", "-1", "0", "1", "2"), c("A", "G", "T", 
        NA)), names = c("", ""))), LR20_SNP1 = structure(c(0L, 
    2L, 0L, 620L, 3487L, 9L, 0L, 17L, 0L, 0L, 14L, 0L), dim = 3:4, dimnames = structure(list(
        c("-1", "0", "1"), c("-", "A", "G", NA)), names = c("", 
    ""))), LR24_SNP1 = structure(c(1L, 1299L, 3061L, 14L, 0L, 
    48L, 3327L, 7L, 0L, 3L, 32L, 0L), dim = 4:3, dimnames = structure(list(
        c("-2", "-1", "0", "1"), c("A", "G", NA)), names = c("", 
    ""))), LR36_SNP1 = structure(c(1L, 5L, 792L, 7L, 54L, 2389L, 
    16L, 0L, 0L, 0L, 0L, 0L, 1L, 0L, 0L, 0L, 2L, 359L, 632L, 
    1830L, 9L, 0L, 0L, 5L, 7L, 35L, 228L, 2L), dim = c(7L, 4L
    ), dimnames = structure(list(c("-8", "-4", "-3", "-2", "-1", 
    "0", "1"), c("A", "C", "T", NA)), names = c("", ""))), LR40_SNP1 = structure(c(0L, 
    1L, 40L, 0L, 1L, 468L, 2825L, 10L, 0L, 3L, 27L, 0L), dim = 4:3, dimnames = structure(list(
        c("-2", "-1", "0", "1"), c("A", "C", NA)), names = c("", 
    ""))), LR44_SNP1 = structure(c(0L, 15L, 336L, 2270L, 35L, 
    0L, 0L, 0L, 10L, 0L, 14L, 65L, 1160L, 1635L, 18L, 1L, 0L, 
    15L, 95L, 2L), dim = 5:4, dimnames = structure(list(c("-3", 
    "-2", "-1", "0", "1"), c("C", "G", "T", NA)), names = c("", 
    ""))), LR46_SNP1 = structure(c(0L, 1L, 0L, 0L, 1L, 0L, 44L, 
    3691L, 11L, 20L, 3357L, 10L, 0L, 59L, 0L), dim = c(3L, 5L
    ), dimnames = structure(list(c("-1", "0", "1"), c("-", "A", 
    "G", "T", NA)), names = c("", ""))), LR48_SNP1 = structure(c(0L, 
    0L, 0L, 1L, 0L, 0L, 6L, 81L, 2498L, 5375L, 80L, 1L, 0L, 0L, 
    0L, 1L, 0L, 0L, 0L, 0L, 0L, 3L, 0L, 0L, 0L, 0L, 16L, 123L, 
    0L, 0L), dim = 6:5, dimnames = structure(list(c("-3", "-2", 
    "-1", "0", "1", "2"), c("-", "C", "G", "T", NA)), names = c("", 
    ""))), LR49_SNP1 = structure(c(180L, 4068L, 2L, 1603L, 3182L, 
    1L, 1L, 0L, 0L, 10L, 82L, 0L), dim = 3:4, dimnames = structure(list(
        c("-1", "0", "1"), c("A", "G", "T", NA)), names = c("", 
    ""))), LR52_SNP1 = structure(c(0L, 0L, 0L, 0L, 1L, 0L, 5L, 
    54L, 987L, 258L, 1767L, 18L, 2L, 3L, 222L, 1041L, 2213L, 
    14L, 0L, 0L, 19L, 24L, 560L, 4L), dim = c(6L, 4L), dimnames = structure(list(
        c("-4", "-3", "-2", "-1", "0", "1"), c("A", "C", "T", 
        NA)), names = c("", ""))))
