Result <-
list(DEPDC2_SNP1 = structure(c(0L, 0L, 4L, 0L, 0L, 0L, 9L, 0L, 
3L, 387L, 6242L, 20L, 0L, 3L, 43L, 0L), dim = c(4L, 4L), dimnames = structure(list(
    c("-2", "-1", "0", "1"), c("A", "C", "T", NA)), names = c("", 
""))), GM01_SNP1 = structure(c(0L, 1L, 46L, 0L, 0L, 0L, 1L, 0L, 
1L, 154L, 11925L, 48L, 1L, 3L, 234L, 1L), dim = c(4L, 4L), dimnames = structure(list(
    c("-2", "-1", "0", "1"), c("A", "C", "G", NA)), names = c("", 
""))), GM07_SNP1 = structure(c(0L, 0L, 2L, 0L, 0L, 14L, 733L, 
4413L, 133L, 5L, 0L, 1L, 1L, 0L, 0L, 0L, 0L, 2L, 0L, 0L, 0L, 
4L, 71L, 6L, 0L), dim = c(5L, 5L), dimnames = structure(list(
    c("-2", "-1", "0", "1", "2"), c("-", "A", "G", "T", NA)), names = c("", 
""))), GM09_SNP1 = structure(c(1L, 639L, 11876L, 30L, 0L, 0L, 
17L, 0L, 0L, 1L, 2L, 0L, 0L, 4L, 78L, 0L), dim = c(4L, 4L), dimnames = structure(list(
    c("-2", "-1", "0", "1"), c("A", "G", "T", NA)), names = c("", 
""))), GM11_SNP1 = structure(c(0L, 335L, 2025L, 8L, 4L, 350L, 
2484L, 13L, 0L, 0L, 1L, 0L, 0L, 1L, 38L, 0L), dim = c(4L, 4L), dimnames = structure(list(
    c("-2", "-1", "0", "1"), c("A", "G", "T", NA)), names = c("", 
""))), GM14_SNP1 = structure(c(0L, 0L, 0L, 1L, 0L, 0L, 8L, 467L, 
898L, 7122L, 67L, 5L, 0L, 0L, 0L, 10L, 0L, 0L, 0L, 0L, 4L, 84L, 
1L, 0L), dim = c(6L, 4L), dimnames = structure(list(c("-3", "-2", 
"-1", "0", "1", "2"), c("A", "C", "T", NA)), names = c("", ""
))), GM17_SNP1 = structure(c(53L, 4114L, 15L, 482L, 3265L, 9L, 
2L, 249L, 0L), dim = c(3L, 3L), dimnames = structure(list(c("-1", 
"0", "1"), c("C", "T", NA)), names = c("", ""))), GM22_SNP1 = structure(c(1L, 
92L, 5163L, 20L, 0L, 73L, 4312L, 20L, 0L, 0L, 1L, 0L, 0L, 4L, 
196L, 0L), dim = c(4L, 4L), dimnames = structure(list(c("-2", 
"-1", "0", "1"), c("A", "G", "T", NA)), names = c("", ""))), 
    GM26_SNP1 = structure(c(1L, 20L, 2933L, 8L, 1L, 25L, 2693L, 
    9L, 0L, 0L, 1L, 0L, 1L, 2L, 60L, 0L), dim = c(4L, 4L), dimnames = structure(list(
        c("-2", "-1", "0", "1"), c("A", "G", "T", NA)), names = c("", 
    ""))), GM29_SNP1 = structure(c(1L, 1L, 57L, 3384L, 14L, 0L, 
    0L, 1L, 430L, 3102L, 12L, 1L, 0L, 0L, 0L, 1L, 0L, 0L, 0L, 
    0L, 5L, 78L, 0L, 0L), dim = c(6L, 4L), dimnames = structure(list(
        c("-3", "-2", "-1", "0", "1", "2"), c("A", "G", "T", 
        NA)), names = c("", ""))), IM16_SNP1 = structure(c(0L, 
    0L, 2L, 0L, 0L, 1L, 27L, 2765L, 358L, 9L, 0L, 30L, 3551L, 
    62L, 2L, 0L, 1L, 90L, 8L, 0L), dim = 5:4, dimnames = structure(list(
        c("-2", "-1", "0", "1", "2"), c("-", "A", "G", NA)), names = c("", 
    ""))), IM49_SNP1 = structure(c(0L, 1L, 15L, 0L, 0L, 7L, 294L, 
    6205L, 133L, 1L, 0L, 0L, 1L, 0L, 0L, 0L, 5L, 319L, 7L, 0L
    ), dim = 5:4, dimnames = structure(list(c("-2", "-1", "0", 
    "1", "2"), c("C", "G", "T", NA)), names = c("", ""))), LR10_SNP1 = structure(c(0L, 
    0L, 1L, 0L, 0L, 0L, 73L, 3365L, 24L, 1L, 1L, 91L, 3658L, 
    12L, 0L, 0L, 0L, 105L, 1L, 0L), dim = 5:4, dimnames = structure(list(
        c("-2", "-1", "0", "1", "2"), c("-", "C", "T", NA)), names = c("", 
    ""))), LR11_SNP1 = structure(c(0L, 0L, 9L, 0L, 0L, 16L, 307L, 
    10367L, 71L, 3L, 0L, 0L, 1L, 0L, 0L, 0L, 0L, 2L, 0L, 0L, 
    0L, 9L, 422L, 5L, 0L), dim = c(5L, 5L), dimnames = structure(list(
        c("-2", "-1", "0", "1", "2"), c("A", "C", "G", "T", NA
        )), names = c("", ""))), LR17_SNP1 = structure(c(0L, 
    0L, 1L, 0L, 0L, 0L, 2L, 1025L, 1293L, 12122L, 149L, 5L, 0L, 
    0L, 0L, 7L, 0L, 0L, 0L, 12L, 56L, 873L, 8L, 0L), dim = c(6L, 
    4L), dimnames = structure(list(c("-3", "-2", "-1", "0", "1", 
    "2"), c("-", "A", "G", NA)), names = c("", ""))), LR20_SNP1 = structure(c(0L, 
    1L, 0L, 4L, 2825L, 3L, 15L, 2816L, 10L, 0L, 2L, 0L, 0L, 37L, 
    0L), dim = c(3L, 5L), dimnames = structure(list(c("-1", "0", 
    "1"), c("-", "A", "G", "T", NA)), names = c("", ""))), LR24_SNP1 = structure(c(0L, 
    0L, 1L, 0L, 0L, 2L, 21L, 0L, 2L, 140L, 10035L, 28L, 0L, 0L, 
    86L, 1L), dim = c(4L, 4L), dimnames = structure(list(c("-2", 
    "-1", "0", "1"), c("-", "A", "G", NA)), names = c("", ""))), 
    LR36_SNP1 = structure(c(0L, 0L, 1L, 30L, 0L, 0L, 0L, 1L, 
    2L, 0L, 0L, 0L, 0L, 2L, 0L, 9L, 835L, 153L, 6764L, 57L, 0L, 
    25L, 9L, 586L, 7L), dim = c(5L, 5L), dimnames = structure(list(
        c("-3", "-2", "-1", "0", "1"), c("A", "C", "G", "T", 
        NA)), names = c("", ""))), LR40_SNP1 = structure(c(0L, 
    0L, 3L, 0L, 1L, 143L, 5922L, 18L, 0L, 0L, 1L, 0L, 0L, 0L, 
    39L, 0L), dim = c(4L, 4L), dimnames = structure(list(c("-2", 
    "-1", "0", "1"), c("A", "C", "T", NA)), names = c("", ""))), 
    LR44_SNP1 = structure(c(2L, 2L, 71L, 512L, 3347L, 38L, 0L, 
    0L, 0L, 3L, 38L, 129L, 0L, 7L, 0L, 0L, 0L, 9L, 110L, 1L, 
    0L), dim = c(7L, 3L), dimnames = structure(list(c("-4", "-3", 
    "-2", "-1", "0", "1", "5"), c("C", "T", NA)), names = c("", 
    ""))), LR46_SNP1 = structure(c(1L, 185L, 2403L, 12L, 0L, 
    31L, 2962L, 6L, 0L, 1L, 41L, 0L), dim = 4:3, dimnames = structure(list(
        c("-2", "-1", "0", "1"), c("G", "T", NA)), names = c("", 
    ""))), LR48_SNP1 = structure(c(0L, 0L, 1L, 0L, 0L, 21L, 1123L, 
    7414L, 124L, 2L, 0L, 0L, 25L, 0L, 0L, 0L, 13L, 190L, 0L, 
    0L), dim = 5:4, dimnames = structure(list(c("-2", "-1", "0", 
    "1", "2"), c("A", "C", "T", NA)), names = c("", ""))), LR49_SNP1 = structure(c(1L, 
    12L, 0L, 79L, 8632L, 2L, 0L, 1L, 0L, 0L, 65L, 0L), dim = 3:4, dimnames = structure(list(
        c("-1", "0", "1"), c("A", "G", "T", NA)), names = c("", 
    ""))), LR52_SNP1 = structure(c(0L, 0L, 0L, 0L, 2L, 0L, 0L, 
    1L, 12L, 152L, 1071L, 3812L, 24L, 0L, 0L, 0L, 1L, 3L, 9L, 
    0L, 0L, 0L, 0L, 1L, 48L, 1052L, 4L, 1L), dim = c(7L, 4L), dimnames = structure(list(
        c("-4", "-3", "-2", "-1", "0", "1", "3"), c("A", "C", 
        "T", NA)), names = c("", ""))))
