Result <-
list(DEPDC2_SNP1 = structure(c(0L, 1L, 0L, 0L, 0L, 1L, 0L, 0L, 
36L, 3983L, 314L, 5L, 0L, 34L, 2L, 0L), dim = c(4L, 4L), dimnames = structure(list(
    c("-1", "0", "1", "2"), c("A", "C", "T", NA)), names = c("", 
""))), GM01_SNP1 = structure(c(0L, 77L, 5187L, 19L, 5L, 1233L, 
3408L, 8L, 0L, 5L, 123L, 0L), dim = 4:3, dimnames = structure(list(
    c("-2", "-1", "0", "1"), c("A", "G", NA)), names = c("", 
""))), GM07_SNP1 = structure(c(0L, 4L, 0L, 0L, 0L, 25L, 1485L, 
4142L, 126L, 4L, 0L, 0L, 5L, 0L, 0L, 0L, 10L, 61L, 1L, 0L), dim = 5:4, dimnames = structure(list(
    c("-2", "-1", "0", "1", "2"), c("-", "A", "G", NA)), names = c("", 
""))), GM09_SNP1 = structure(c(50L, 10111L, 18L, 0L, 15L, 0L, 
0L, 1L, 0L, 1L, 57L, 0L), dim = 3:4, dimnames = structure(list(
    c("-1", "0", "1"), c("A", "G", "T", NA)), names = c("", ""
))), GM11_SNP1 = structure(c(1L, 640L, 1957L, 4L, 0L, 100L, 2915L, 
25L, 0L, 2L, 33L, 1L), dim = 4:3, dimnames = structure(list(c("-3", 
"-1", "0", "1"), c("A", "G", NA)), names = c("", ""))), GM14_SNP1 = structure(c(0L, 
0L, 3L, 0L, 0L, 0L, 0L, 28L, 0L, 0L, 18L, 763L, 2502L, 24L, 1L, 
10L, 824L, 2547L, 12L, 1L, 0L, 5L, 67L, 1L, 0L), dim = c(5L, 
5L), dimnames = structure(list(c("-2", "-1", "0", "1", "2"), 
    c("-", "A", "C", "T", NA)), names = c("", ""))), GM17_SNP1 = structure(c(0L, 
0L, 1L, 0L, 1L, 108L, 3853L, 12L, 1L, 71L, 4424L, 9L, 0L, 4L, 
269L, 2L), dim = c(4L, 4L), dimnames = structure(list(c("-2", 
"-1", "0", "1"), c("-", "C", "T", NA)), names = c("", ""))), 
    GM22_SNP1 = structure(c(1L, 70L, 4631L, 24L, 0L, 0L, 1L, 
    0L, 2L, 52L, 3972L, 14L, 0L, 0L, 4L, 0L, 0L, 6L, 203L, 0L
    ), dim = 4:5, dimnames = structure(list(c("-2", "-1", "0", 
    "1"), c("A", "C", "G", "T", NA)), names = c("", ""))), GM26_SNP1 = structure(c(1L, 
    17L, 1610L, 11L, 0L, 17L, 1908L, 11L, 0L, 0L, 60L, 0L), dim = 4:3, dimnames = structure(list(
        c("-2", "-1", "0", "1"), c("A", "G", NA)), names = c("", 
    ""))), GM29_SNP1 = structure(c(2L, 77L, 5687L, 13L, 0L, 0L, 
    3L, 0L, 0L, 2L, 56L, 1L), dim = 4:3, dimnames = structure(list(
        c("-2", "-1", "0", "1"), c("A", "G", NA)), names = c("", 
    ""))), IM16_SNP1 = structure(c(2L, 97L, 3206L, 34L, 1L, 34L, 
    3276L, 35L, 0L, 0L, 104L, 3L), dim = 4:3, dimnames = structure(list(
        c("-2", "-1", "0", "1"), c("A", "G", NA)), names = c("", 
    ""))), IM49_SNP1 = structure(c(19L, 1280L, 8667L, 182L, 3L, 
    1L, 0L, 4L, 1L, 0L, 0L, 12L, 183L, 3L, 0L), dim = c(5L, 3L
    ), dimnames = structure(list(c("-2", "-1", "0", "1", "2"), 
        c("C", "G", NA)), names = c("", ""))), LR10_SNP1 = structure(c(0L, 
    0L, 1L, 0L, 0L, 0L, 68L, 3256L, 61L, 12L, 5L, 804L, 2772L, 
    9L, 0L, 0L, 9L, 98L, 1L, 0L), dim = 5:4, dimnames = structure(list(
        c("-2", "-1", "0", "1", "2"), c("A", "C", "T", NA)), names = c("", 
    ""))), LR11_SNP1 = structure(c(0L, 0L, 0L, 10L, 0L, 0L, 1L, 
    10L, 693L, 6347L, 48L, 1L, 0L, 0L, 0L, 1L, 0L, 0L, 0L, 0L, 
    35L, 275L, 3L, 0L), dim = c(6L, 4L), dimnames = structure(list(
        c("-3", "-2", "-1", "0", "1", "2"), c("A", "C", "T", 
        NA)), names = c("", ""))), LR17_SNP1 = structure(c(2L, 
    83L, 4053L, 11495L, 127L, 1L, 0L, 0L, 2L, 1L, 0L, 0L, 0L, 
    0L, 178L, 895L, 1L, 0L), dim = c(6L, 3L), dimnames = structure(list(
        c("-3", "-2", "-1", "0", "1", "2"), c("A", "G", NA)), names = c("", 
    ""))), LR20_SNP1 = structure(c(0L, 1L, 0L, 14L, 5261L, 9L, 
    0L, 3L, 0L, 0L, 20L, 0L), dim = 3:4, dimnames = structure(list(
        c("-1", "0", "1"), c("-", "A", "G", NA)), names = c("", 
    ""))), LR24_SNP1 = structure(c(0L, 193L, 8787L, 17L, 0L, 
    0L, 6L, 0L, 0L, 0L, 1L, 0L, 1L, 1L, 58L, 0L), dim = c(4L, 
    4L), dimnames = structure(list(c("-2", "-1", "0", "1"), c("A", 
    "G", "T", NA)), names = c("", ""))), LR36_SNP1 = structure(c(0L, 
    0L, 0L, 1L, 0L, 0L, 0L, 1L, 5L, 77L, 3012L, 699L, 14L, 1L, 
    0L, 0L, 0L, 1L, 0L, 0L, 0L, 0L, 0L, 0L, 3L, 0L, 0L, 0L, 1L, 
    5L, 114L, 3083L, 27L, 1L, 0L, 0L, 0L, 4L, 354L, 9L, 1L, 0L
    ), dim = 7:6, dimnames = structure(list(c("-3", "-2", "-1", 
    "0", "1", "2", "3"), c("-", "A", "C", "G", "T", NA)), names = c("", 
    ""))), LR40_SNP1 = structure(c(25L, 3212L, 12L, 637L, 1959L, 
    6L, 1L, 1L, 0L, 3L, 40L, 0L), dim = 3:4, dimnames = structure(list(
        c("-1", "0", "1"), c("A", "C", "G", NA)), names = c("", 
    ""))), LR44_SNP1 = structure(c(0L, 0L, 0L, 8L, 0L, 6L, 263L, 
    855L, 3469L, 43L, 0L, 0L, 1L, 0L, 0L, 0L, 1L, 14L, 106L, 
    2L, 0L, 0L, 13L, 108L, 2L), dim = c(5L, 5L), dimnames = structure(list(
        c("-3", "-2", "-1", "0", "1"), c("-", "C", "G", "T", 
        NA)), names = c("", ""))), LR46_SNP1 = structure(c(0L, 
    1L, 0L, 0L, 2L, 0L, 0L, 47L, 0L, 14L, 5064L, 26L, 0L, 38L, 
    0L), dim = c(3L, 5L), dimnames = structure(list(c("-1", "0", 
    "1"), c("-", "C", "G", "T", NA)), names = c("", ""))), LR48_SNP1 = structure(c(0L, 
    1L, 1L, 0L, 0L, 8L, 969L, 6498L, 116L, 1L, 1L, 1L, 4L, 0L, 
    0L, 0L, 5L, 124L, 1L, 0L), dim = 5:4, dimnames = structure(list(
        c("-2", "-1", "0", "1", "2"), c("A", "C", "T", NA)), names = c("", 
    ""))), LR49_SNP1 = structure(c(0L, 11L, 0L, 32L, 7522L, 2L, 
    0L, 1L, 0L, 0L, 51L, 0L), dim = 3:4, dimnames = structure(list(
        c("-1", "0", "1"), c("A", "G", "T", NA)), names = c("", 
    ""))), LR52_SNP1 = structure(c(1L, 46L, 462L, 872L, 2954L, 
    13L, 1L, 0L, 0L, 0L, 0L, 1L, 0L, 0L, 0L, 0L, 0L, 0L, 2L, 
    0L, 0L, 0L, 0L, 5L, 41L, 775L, 6L, 0L), dim = c(7L, 4L), dimnames = structure(list(
        c("-4", "-3", "-2", "-1", "0", "1", "2"), c("C", "G", 
        "T", NA)), names = c("", ""))))
