Result <-
list(DEPDC2_SNP1 = structure(c(0L, 2L, 0L, 0L, 15L, 2708L, 258L, 
2L, 0L, 31L, 2L, 0L), dim = 4:3, dimnames = structure(list(c("-1", 
"0", "1", "2"), c("C", "T", NA)), names = c("", ""))), GM01_SNP1 = structure(c(0L, 
0L, 1L, 0L, 5L, 1000L, 5632L, 19L, 0L, 0L, 20L, 0L, 0L, 7L, 62L, 
1L), dim = c(4L, 4L), dimnames = structure(list(c("-2", "-1", 
"0", "1"), c("-", "A", "G", NA)), names = c("", ""))), GM07_SNP1 = structure(c(0L, 
16L, 333L, 1222L, 41L, 1L, 0L, 1L, 8L, 455L, 1115L, 22L, 0L, 
1L, 0L, 0L, 0L, 1L, 0L, 0L, 0L, 0L, 0L, 7L, 49L, 0L, 0L, 0L), dim = c(7L, 
4L), dimnames = structure(list(c("-3", "-2", "-1", "0", "1", 
"2", "3"), c("A", "G", "T", NA)), names = c("", ""))), GM09_SNP1 = structure(c(30L, 
3333L, 0L, 33L, 2798L, 11L, 0L, 34L, 0L), dim = c(3L, 3L), dimnames = structure(list(
    c("-1", "0", "1"), c("A", "G", NA)), names = c("", ""))), 
    GM11_SNP1 = structure(c(0L, 0L, 0L, 1L, 63L, 2757L, 47L, 
    1L, 0L, 2L, 0L, 0L, 0L, 17L, 1L, 0L), dim = c(4L, 4L), dimnames = structure(list(
        c("-1", "0", "1", "2"), c("-", "A", "G", NA)), names = c("", 
    ""))), GM14_SNP1 = structure(c(31L, 234L, 307L, 1670L, 15L, 
    1L, 0L, 13L, 442L, 1326L, 10L, 0L, 0L, 1L, 4L, 44L, 0L, 0L
    ), dim = c(6L, 3L), dimnames = structure(list(c("-3", "-2", 
    "-1", "0", "1", "2"), c("C", "T", NA)), names = c("", ""))), 
    GM17_SNP1 = structure(c(0L, 0L, 1L, 0L, 2L, 73L, 2228L, 5L, 
    0L, 28L, 2065L, 13L, 0L, 1L, 133L, 0L), dim = c(4L, 4L), dimnames = structure(list(
        c("-2", "-1", "0", "1"), c("A", "C", "T", NA)), names = c("", 
    ""))), GM22_SNP1 = structure(c(1L, 76L, 5397L, 25L, 0L, 0L, 
    2L, 0L, 0L, 5L, 79L, 0L), dim = 4:3, dimnames = structure(list(
        c("-2", "-1", "0", "1"), c("A", "G", NA)), names = c("", 
    ""))), GM26_SNP1 = structure(c(69L, 3111L, 10L, 1L, 0L, 2L, 
    0L, 0L, 2L, 27L, 2L, 0L), dim = 4:3, dimnames = structure(list(
        c("-1", "0", "1", "2"), c("A", "G", NA)), names = c("", 
    ""))), GM29_SNP1 = structure(c(4L, 224L, 3692L, 17L, 0L, 
    0L, 4L, 0L, 1L, 0L, 0L, 0L, 0L, 2L, 35L, 0L), dim = c(4L, 
    4L), dimnames = structure(list(c("-2", "-1", "0", "1"), c("A", 
    "G", "T", NA)), names = c("", ""))), IM16_SNP1 = structure(c(4L, 
    1027L, 2975L, 43L, 1L, 0L, 0L, 5L, 0L, 0L, 0L, 7L, 29L, 1L, 
    0L), dim = c(5L, 3L), dimnames = structure(list(c("-2", "-1", 
    "0", "1", "2"), c("A", "G", NA)), names = c("", ""))), IM49_SNP1 = structure(c(33L, 
    570L, 435L, 2568L, 51L, 2L, 0L, 0L, 1L, 2L, 1L, 0L, 0L, 2L, 
    4L, 59L, 4L, 0L), dim = c(6L, 3L), dimnames = structure(list(
        c("-3", "-2", "-1", "0", "1", "2"), c("C", "G", NA)), names = c("", 
    ""))), LR10_SNP1 = structure(c(5L, 444L, 3819L, 26L, 1L, 
    0L, 0L, 12L, 0L, 0L, 0L, 6L, 61L, 1L, 0L), dim = c(5L, 3L
    ), dimnames = structure(list(c("-2", "-1", "0", "1", "2"), 
        c("C", "T", NA)), names = c("", ""))), LR11_SNP1 = structure(c(19L, 
    364L, 454L, 2468L, 31L, 0L, 1L, 56L, 2635L, 22L, 0L, 0L, 
    0L, 1L, 0L, 0L, 0L, 0L, 1L, 0L, 0L, 2L, 6L, 157L, 1L), dim = c(5L, 
    5L), dimnames = structure(list(c("-3", "-2", "-1", "0", "1"
    ), c("A", "C", "G", "T", NA)), names = c("", ""))), LR17_SNP1 = structure(c(2L, 
    65L, 2496L, 6187L, 68L, 0L, 0L, 0L, 2L, 0L, 0L, 0L, 104L, 
    478L, 6L), dim = c(5L, 3L), dimnames = structure(list(c("-3", 
    "-2", "-1", "0", "1"), c("A", "G", NA)), names = c("", ""
    ))), LR20_SNP1 = structure(c(0L, 0L, 7L, 0L, 2L, 769L, 3135L, 
    9L, 0L, 0L, 1L, 0L, 0L, 7L, 47L, 1L), dim = c(4L, 4L), dimnames = structure(list(
        c("-2", "-1", "0", "1"), c("A", "G", "T", NA)), names = c("", 
    ""))), LR24_SNP1 = structure(c(374L, 984L, 3917L, 10L, 0L, 
    2L, 8L, 0L, 0L, 2L, 34L, 2L), dim = 4:3, dimnames = structure(list(
        c("-2", "-1", "0", "1"), c("A", "G", NA)), names = c("", 
    ""))), LR36_SNP1 = structure(c(0L, 0L, 4L, 89L, 2302L, 25L, 
    0L, 0L, 0L, 0L, 2L, 0L, 1L, 54L, 439L, 31L, 1457L, 14L, 0L, 
    0L, 10L, 0L, 209L, 2L), dim = c(6L, 4L), dimnames = structure(list(
        c("-4", "-3", "-2", "-1", "0", "1"), c("A", "G", "T", 
        NA)), names = c("", ""))), LR40_SNP1 = structure(c(554L, 
    3082L, 8L, 3L, 22L, 0L), dim = 3:2, dimnames = structure(list(
        c("-1", "0", "1"), c("C", NA)), names = c("", ""))), 
    LR44_SNP1 = structure(c(32L, 449L, 346L, 1637L, 26L, 0L, 
    0L, 0L, 1L, 0L, 0L, 0L, 11L, 24L, 0L, 0L, 5L, 5L, 58L, 1L
    ), dim = 5:4, dimnames = structure(list(c("-3", "-2", "-1", 
    "0", "1"), c("C", "G", "T", NA)), names = c("", ""))), LR46_SNP1 = structure(c(0L, 
    1L, 0L, 40L, 4209L, 13L, 0L, 1L, 0L, 0L, 40L, 0L), dim = 3:4, dimnames = structure(list(
        c("-1", "0", "1"), c("A", "G", "T", NA)), names = c("", 
    ""))), LR48_SNP1 = structure(c(0L, 0L, 1L, 0L, 0L, 78L, 1275L, 
    2997L, 37L, 1L, 0L, 1L, 8L, 0L, 0L, 1L, 12L, 80L, 1L, 0L), dim = 5:4, dimnames = structure(list(
        c("-2", "-1", "0", "1", "2"), c("A", "C", "T", NA)), names = c("", 
    ""))), LR49_SNP1 = structure(c(0L, 31L, 2428L, 7L, 62L, 643L, 
    1680L, 0L, 0L, 1L, 0L, 0L, 0L, 9L, 71L, 0L), dim = c(4L, 
    4L), dimnames = structure(list(c("-2", "-1", "0", "1"), c("A", 
    "G", "T", NA)), names = c("", ""))), LR52_SNP1 = structure(c(0L, 
    0L, 0L, 0L, 0L, 1L, 0L, 0L, 1L, 28L, 255L, 238L, 158L, 1387L, 
    8L, 0L, 0L, 15L, 359L, 9L, 110L, 1194L, 13L, 1L, 0L, 0L, 
    1L, 8L, 4L, 401L, 5L, 0L), dim = c(8L, 4L), dimnames = structure(list(
        c("-5", "-4", "-3", "-2", "-1", "0", "1", "2"), c("A", 
        "C", "T", NA)), names = c("", ""))))
