Result <-
list(DEPDC2_SNP1 = structure(c(0L, 2L, 0L, 15L, 2172L, 8L, 24L, 
2835L, 17L, 1L, 64L, 0L), dim = 3:4, dimnames = structure(list(
    c("-1", "0", "1"), c("A", "C", "T", NA)), names = c("", ""
))), GM01_SNP1 = structure(c(0L, 0L, 1L, 35L, 0L, 0L, 1L, 2L, 
174L, 9849L, 37L, 1L, 0L, 0L, 4L, 145L, 1L, 0L), dim = c(6L, 
3L), dimnames = structure(list(c("-3", "-2", "-1", "0", "1", 
"2"), c("A", "G", NA)), names = c("", ""))), GM07_SNP1 = structure(c(0L, 
0L, 0L, 16L, 0L, 0L, 1L, 43L, 1288L, 4105L, 98L, 6L, 0L, 0L, 
11L, 102L, 5L, 0L), dim = c(6L, 3L), dimnames = structure(list(
    c("-3", "-2", "-1", "0", "1", "2"), c("A", "G", NA)), names = c("", 
""))), GM09_SNP1 = structure(c(1L, 902L, 4132L, 4L, 0L, 14L, 
4018L, 11L, 0L, 5L, 50L, 0L), dim = 4:3, dimnames = structure(list(
    c("-2", "-1", "0", "1"), c("A", "G", NA)), names = c("", 
""))), GM11_SNP1 = structure(c(1L, 55L, 4059L, 6L, 0L, 0L, 8L, 
0L, 0L, 1L, 30L, 0L), dim = 4:3, dimnames = structure(list(c("-2", 
"-1", "0", "1"), c("A", "G", NA)), names = c("", ""))), GM14_SNP1 = structure(c(21L, 
782L, 619L, 4208L, 44L, 2L, 0L, 0L, 0L, 11L, 0L, 0L, 0L, 1L, 
0L, 58L, 0L, 0L), dim = c(6L, 3L), dimnames = structure(list(
    c("-3", "-2", "-1", "0", "1", "2"), c("C", "T", NA)), names = c("", 
""))), GM17_SNP1 = structure(c(2L, 875L, 2237L, 6L, 1L, 46L, 
3346L, 18L, 0L, 8L, 197L, 1L), dim = 4:3, dimnames = structure(list(
    c("-2", "-1", "0", "1"), c("C", "T", NA)), names = c("", 
""))), GM22_SNP1 = structure(c(13L, 1402L, 7745L, 34L, 0L, 0L, 
9L, 0L, 1L, 11L, 124L, 1L), dim = 4:3, dimnames = structure(list(
    c("-2", "-1", "0", "1"), c("A", "G", NA)), names = c("", 
""))), GM26_SNP1 = structure(c(0L, 26L, 0L, 84L, 4907L, 16L, 
2L, 139L, 1L), dim = c(3L, 3L), dimnames = structure(list(c("-1", 
"0", "1"), c("A", "G", NA)), names = c("", ""))), GM29_SNP1 = structure(c(0L, 
2L, 35L, 0L, 4L, 275L, 5208L, 17L, 0L, 4L, 74L, 0L), dim = 4:3, dimnames = structure(list(
    c("-2", "-1", "0", "1"), c("A", "G", NA)), names = c("", 
""))), IM16_SNP1 = structure(c(1L, 9L, 0L, 0L, 135L, 5745L, 65L, 
2L, 1L, 100L, 5L, 0L), dim = 4:3, dimnames = structure(list(c("-1", 
"0", "1", "2"), c("A", "G", NA)), names = c("", ""))), IM49_SNP1 = structure(c(1L, 
39L, 149L, 3968L, 92L, 0L, 0L, 6L, 670L, 2787L, 57L, 1L, 0L, 
0L, 20L, 217L, 7L, 1L), dim = c(6L, 3L), dimnames = structure(list(
    c("-3", "-2", "-1", "0", "1", "2"), c("C", "G", NA)), names = c("", 
""))), LR10_SNP1 = structure(c(0L, 0L, 1L, 0L, 2L, 838L, 5940L, 
40L, 0L, 1L, 21L, 1L, 0L, 6L, 89L, 1L), dim = c(4L, 4L), dimnames = structure(list(
    c("-2", "-1", "0", "1"), c("-", "C", "T", NA)), names = c("", 
""))), LR11_SNP1 = structure(c(0L, 0L, 0L, 1L, 0L, 0L, 10L, 261L, 
3881L, 41L, 1L, 22L, 1520L, 3049L, 22L, 0L, 0L, 0L, 2L, 0L, 0L, 
0L, 59L, 189L, 1L), dim = c(5L, 5L), dimnames = structure(list(
    c("-3", "-2", "-1", "0", "1"), c("-", "A", "C", "G", NA)), names = c("", 
""))), LR17_SNP1 = structure(c(0L, 0L, 0L, 2L, 0L, 0L, 18L, 2660L, 
633L, 10492L, 158L, 3L, 0L, 0L, 0L, 2L, 0L, 0L, 0L, 35L, 35L, 
833L, 3L, 0L), dim = c(6L, 4L), dimnames = structure(list(c("-3", 
"-2", "-1", "0", "1", "2"), c("-", "A", "G", NA)), names = c("", 
""))), LR20_SNP1 = structure(c(6L, 3381L, 8L, 19L, 2645L, 3L, 
1L, 50L, 0L), dim = c(3L, 3L), dimnames = structure(list(c("-1", 
"0", "1"), c("A", "G", NA)), names = c("", ""))), LR24_SNP1 = structure(c(0L, 
90L, 4131L, 6L, 17L, 1280L, 3127L, 8L, 0L, 1L, 1L, 0L, 0L, 8L, 
49L, 0L), dim = c(4L, 4L), dimnames = structure(list(c("-2", 
"-1", "0", "1"), c("A", "G", "T", NA)), names = c("", ""))), 
    LR36_SNP1 = structure(c(0L, 32L, 882L, 59L, 2840L, 9L, 1L, 
    2L, 107L, 962L, 2555L, 22L, 0L, 0L, 4L, 31L, 334L, 1L), dim = c(6L, 
    3L), dimnames = structure(list(c("-4", "-3", "-2", "-1", 
    "0", "1"), c("A", "T", NA)), names = c("", ""))), LR40_SNP1 = structure(c(0L, 
    0L, 1L, 0L, 1L, 649L, 4342L, 14L, 0L, 0L, 2L, 0L, 0L, 3L, 
    36L, 0L), dim = c(4L, 4L), dimnames = structure(list(c("-2", 
    "-1", "0", "1"), c("A", "C", "G", NA)), names = c("", ""))), 
    LR44_SNP1 = structure(c(0L, 0L, 0L, 1L, 33L, 0L, 0L, 0L, 
    0L, 0L, 1L, 0L, 0L, 0L, 25L, 450L, 446L, 515L, 3285L, 63L, 
    2L, 0L, 3L, 0L, 8L, 52L, 1L, 0L), dim = c(7L, 4L), dimnames = structure(list(
        c("-4", "-3", "-2", "-1", "0", "1", "2"), c("C", "G", 
        "T", NA)), names = c("", ""))), LR46_SNP1 = structure(c(0L, 
    41L, 3204L, 10L, 3L, 754L, 1920L, 6L, 0L, 1L, 42L, 0L), dim = 4:3, dimnames = structure(list(
        c("-2", "-1", "0", "1"), c("G", "T", NA)), names = c("", 
    ""))), LR48_SNP1 = structure(c(0L, 0L, 1L, 0L, 5L, 125L, 
    3162L, 37L, 17L, 1088L, 2163L, 26L, 0L, 10L, 139L, 1L), dim = c(4L, 
    4L), dimnames = structure(list(c("-2", "-1", "0", "1"), c("A", 
    "C", "T", NA)), names = c("", ""))), LR49_SNP1 = structure(c(68L, 
    8342L, 3L, 0L, 33L, 0L, 0L, 2L, 0L, 1L, 180L, 0L), dim = 3:4, dimnames = structure(list(
        c("-1", "0", "1"), c("A", "G", "T", NA)), names = c("", 
    ""))), LR52_SNP1 = structure(c(0L, 0L, 0L, 0L, 1L, 0L, 0L, 
    83L, 515L, 470L, 1578L, 11L, 173L, 650L, 16L, 150L, 1695L, 
    16L, 0L, 2L, 6L, 24L, 547L, 4L), dim = c(6L, 4L), dimnames = structure(list(
        c("-4", "-3", "-2", "-1", "0", "1"), c("A", "C", "T", 
        NA)), names = c("", ""))))
