Result <-
list(DEPDC2_SNP1 = structure(c(0L, 3L, 0L, 60L, 4759L, 29L, 0L, 
44L, 0L), dim = c(3L, 3L), dimnames = structure(list(c("-1", 
"0", "1"), c("C", "T", NA)), names = c("", ""))), GM01_SNP1 = structure(c(0L, 
1L, 38L, 1941L, 6L, 0L, 1L, 3L, 235L, 8708L, 45L, 2L, 0L, 0L, 
0L, 1L, 0L, 0L, 0L, 0L, 6L, 155L, 1L, 0L), dim = c(6L, 4L), dimnames = structure(list(
    c("-3", "-2", "-1", "0", "1", "2"), c("A", "G", "T", NA)), names = c("", 
""))), GM07_SNP1 = structure(c(0L, 1L, 0L, 0L, 0L, 0L, 40L, 1771L, 
93L, 1273L, 25L, 1L, 14L, 1699L, 77L, 1159L, 22L, 2L, 0L, 21L, 
3L, 55L, 2L, 1L), dim = c(6L, 4L), dimnames = structure(list(
    c("-3", "-2", "-1", "0", "1", "2"), c("-", "A", "G", NA)), names = c("", 
""))), GM09_SNP1 = structure(c(0L, 34L, 5298L, 10L, 1L, 122L, 
5022L, 36L, 0L, 0L, 2L, 0L, 0L, 1L, 70L, 1L), dim = c(4L, 4L), dimnames = structure(list(
    c("-2", "-1", "0", "1"), c("A", "G", "T", NA)), names = c("", 
""))), GM11_SNP1 = structure(c(4L, 2431L, 1746L, 8L, 0L, 1L, 
6L, 0L, 0L, 1L, 0L, 0L, 0L, 13L, 20L, 0L), dim = c(4L, 4L), dimnames = structure(list(
    c("-2", "-1", "0", "1"), c("A", "G", "T", NA)), names = c("", 
""))), GM14_SNP1 = structure(c(1L, 10L, 93L, 1945L, 1439L, 11L, 
0L, 0L, 1L, 37L, 1169L, 3L, 0L, 0L, 0L, 4L, 29L, 0L), dim = c(6L, 
3L), dimnames = structure(list(c("-4", "-3", "-2", "-1", "0", 
"1"), c("C", "T", NA)), names = c("", ""))), GM17_SNP1 = structure(c(1L, 
6L, 2377L, 4819L, 23L, 0L, 0L, 3L, 18L, 0L, 0L, 0L, 13L, 162L, 
1L), dim = c(5L, 3L), dimnames = structure(list(c("-3", "-2", 
"-1", "0", "1"), c("C", "T", NA)), names = c("", ""))), GM22_SNP1 = structure(c(8L, 
801L, 8851L, 38L, 2L, 0L, 0L, 5L, 0L, 0L, 0L, 1L, 0L, 0L, 0L, 
0L, 7L, 142L, 2L, 0L), dim = 5:4, dimnames = structure(list(c("-2", 
"-1", "0", "1", "2"), c("A", "G", "T", NA)), names = c("", ""
))), GM26_SNP1 = structure(c(59L, 2351L, 26L, 82L, 2386L, 15L, 
2L, 88L, 3L), dim = c(3L, 3L), dimnames = structure(list(c("-1", 
"0", "1"), c("A", "G", NA)), names = c("", ""))), GM29_SNP1 = structure(c(0L, 
0L, 1L, 0L, 469L, 600L, 5822L, 14L, 0L, 0L, 2L, 0L, 0L, 0L, 1L, 
0L, 0L, 3L, 62L, 0L), dim = 4:5, dimnames = structure(list(c("-2", 
"-1", "0", "1"), c("-", "A", "G", "T", NA)), names = c("", ""
))), IM16_SNP1 = structure(c(0L, 327L, 3111L, 39L, 0L, 0L, 1L, 
0L, 1L, 129L, 3315L, 45L, 0L, 0L, 1L, 0L, 0L, 4L, 79L, 4L), dim = 4:5, dimnames = structure(list(
    c("-2", "-1", "0", "1"), c("A", "C", "G", "T", NA)), names = c("", 
""))), IM49_SNP1 = structure(c(0L, 0L, 0L, 5L, 0L, 0L, 74L, 3355L, 
330L, 2022L, 51L, 1L, 3L, 35L, 7L, 89L, 5L, 1L), dim = c(6L, 
3L), dimnames = structure(list(c("-3", "-2", "-1", "0", "1", 
"2"), c("C", "G", NA)), names = c("", ""))), LR10_SNP1 = structure(c(0L, 
1L, 1L, 0L, 0L, 1L, 16L, 0L, 50L, 2534L, 4187L, 21L, 0L, 7L, 
68L, 2L), dim = c(4L, 4L), dimnames = structure(list(c("-2", 
"-1", "0", "1"), c("A", "C", "T", NA)), names = c("", ""))), 
    LR11_SNP1 = structure(c(0L, 1L, 4L, 0L, 131L, 2741L, 5409L, 
    39L, 0L, 2L, 0L, 0L, 1L, 94L, 235L, 2L), dim = c(4L, 4L), dimnames = structure(list(
        c("-2", "-1", "0", "1"), c("A", "C", "T", NA)), names = c("", 
    ""))), LR17_SNP1 = structure(c(16L, 880L, 8383L, 5789L, 91L, 
    1L, 0L, 0L, 5L, 3L, 0L, 0L, 0L, 13L, 341L, 470L, 2L, 0L), dim = c(6L, 
    3L), dimnames = structure(list(c("-3", "-2", "-1", "0", "1", 
    "2"), c("A", "G", NA)), names = c("", ""))), LR20_SNP1 = structure(c(5L, 
    2984L, 9L, 0L, 1L, 0L, 7L, 2497L, 5L, 0L, 42L, 0L), dim = 3:4, dimnames = structure(list(
        c("-1", "0", "1"), c("A", "C", "G", NA)), names = c("", 
    ""))), LR24_SNP1 = structure(c(0L, 0L, 6L, 22L, 0L, 2L, 57L, 
    3939L, 4343L, 9L, 0L, 1L, 16L, 25L, 0L), dim = c(5L, 3L), dimnames = structure(list(
        c("-3", "-2", "-1", "0", "1"), c("A", "G", NA)), names = c("", 
    ""))), LR36_SNP1 = structure(c(3L, 24L, 1802L, 30L, 1641L, 
    11L, 0L, 0L, 0L, 0L, 0L, 2L, 0L, 0L, 0L, 16L, 610L, 1428L, 
    1097L, 51L, 1L, 0L, 1L, 20L, 84L, 162L, 3L, 0L), dim = c(7L, 
    4L), dimnames = structure(list(c("-4", "-3", "-2", "-1", 
    "0", "1", "2"), c("A", "G", "T", NA)), names = c("", ""))), 
    LR40_SNP1 = structure(c(0L, 0L, 1L, 25L, 0L, 1L, 25L, 1752L, 
    4425L, 15L, 0L, 0L, 1L, 0L, 0L, 0L, 0L, 15L, 47L, 0L), dim = 5:4, dimnames = structure(list(
        c("-3", "-2", "-1", "0", "1"), c("A", "C", "T", NA)), names = c("", 
    ""))), LR44_SNP1 = structure(c(0L, 0L, 0L, 0L, 31L, 0L, 0L, 
    0L, 9L, 307L, 1060L, 765L, 17L, 0L, 0L, 58L, 1229L, 78L, 
    738L, 39L, 2L, 1L, 0L, 8L, 19L, 44L, 2L, 0L), dim = c(7L, 
    4L), dimnames = structure(list(c("-4", "-3", "-2", "-1", 
    "0", "1", "3"), c("A", "C", "T", NA)), names = c("", ""))), 
    LR46_SNP1 = structure(c(0L, 1L, 0L, 51L, 5805L, 8L, 1L, 13L, 
    0L, 2L, 45L, 0L), dim = 3:4, dimnames = structure(list(c("-1", 
    "0", "1"), c("A", "G", "T", NA)), names = c("", ""))), LR48_SNP1 = structure(c(0L, 
    0L, 0L, 1L, 0L, 0L, 3L, 929L, 5215L, 2698L, 48L, 2L, 0L, 
    0L, 0L, 7L, 0L, 0L, 0L, 9L, 38L, 83L, 0L, 0L), dim = c(6L, 
    4L), dimnames = structure(list(c("-3", "-2", "-1", "0", "1", 
    "2"), c("A", "C", "T", NA)), names = c("", ""))), LR49_SNP1 = structure(c(141L, 
    2490L, 548L, 2379L, 1L, 0L, 3L, 908L, 4115L, 2L, 2L, 36L, 
    22L, 79L, 0L), dim = c(5L, 3L), dimnames = structure(list(
        c("-3", "-2", "-1", "0", "1"), c("A", "G", NA)), names = c("", 
    ""))), LR52_SNP1 = structure(c(0L, 0L, 0L, 0L, 0L, 2L, 0L, 
    0L, 2L, 80L, 1772L, 405L, 1320L, 1800L, 13L, 0L, 0L, 1L, 
    9L, 9L, 12L, 10L, 0L, 1L, 0L, 0L, 3L, 8L, 65L, 509L, 1L, 
    0L), dim = c(8L, 4L), dimnames = structure(list(c("-5", "-4", 
    "-3", "-2", "-1", "0", "1", "2"), c("A", "C", "T", NA)), names = c("", 
    ""))))
