Result <-
list(DEPDC2_SNP1 = structure(c(0L, 0L, 0L, 4L, 0L, 1L, 1L, 31L, 
4932L, 94L, 0L, 0L, 0L, 41L, 0L), dim = c(5L, 3L), dimnames = structure(list(
    c("-4", "-2", "-1", "0", "1"), c("C", "T", NA)), names = c("", 
""))), GM01_SNP1 = structure(c(1L, 40L, 3472L, 13L, 5L, 477L, 
3413L, 8L, 0L, 2L, 68L, 1L), dim = 4:3, dimnames = structure(list(
    c("-2", "-1", "0", "1"), c("A", "G", NA)), names = c("", 
""))), GM07_SNP1 = structure(c(21L, 1267L, 975L, 35L, 128L, 770L, 
1363L, 28L, 0L, 1L, 0L, 0L, 2L, 20L, 37L, 1L), dim = c(4L, 4L
), dimnames = structure(list(c("-2", "-1", "0", "1"), c("A", 
"G", "T", NA)), names = c("", ""))), GM09_SNP1 = structure(c(1L, 
1072L, 5361L, 8L, 0L, 0L, 13L, 0L, 0L, 7L, 31L, 0L), dim = 4:3, dimnames = structure(list(
    c("-2", "-1", "0", "1"), c("A", "G", NA)), names = c("", 
""))), GM11_SNP1 = structure(c(111L, 417L, 2L, 63L, 41L, 1L, 
1L, 3L, 0L, 0L, 0L, 0L, 1L, 3L, 0L, 0L, 1L, 0L), dim = c(6L, 
3L), dimnames = structure(list(c("-1", "0", "1", "2", "3", "4"
), c("A", "G", NA)), names = c("", ""))), GM14_SNP1 = structure(c(0L, 
0L, 0L, 1L, 0L, 0L, 1L, 19L, 1100L, 1550L, 15L, 1L, 1L, 1L, 124L, 
2820L, 10L, 1L, 0L, 0L, 3L, 58L, 0L, 0L), dim = c(6L, 4L), dimnames = structure(list(
    c("-3", "-2", "-1", "0", "1", "2"), c("A", "C", "T", NA)), names = c("", 
""))), GM17_SNP1 = structure(c(0L, 1L, 0L, 0L, 4L, 1785L, 4365L, 
32L, 0L, 52L, 153L, 0L, 0L, 3L, 184L, 1L), dim = c(4L, 4L), dimnames = structure(list(
    c("-2", "-1", "0", "1"), c("A", "C", "T", NA)), names = c("", 
""))), GM22_SNP1 = structure(c(1L, 86L, 6601L, 27L, 0L, 3L, 123L, 
3L, 0L, 0L, 1L, 0L, 0L, 3L, 92L, 1L), dim = c(4L, 4L), dimnames = structure(list(
    c("-2", "-1", "0", "1"), c("A", "G", "T", NA)), names = c("", 
""))), GM26_SNP1 = structure(c(1L, 2L, 60L, 4448L, 21L, 1L, 0L, 
1L, 1L, 149L, 1L, 0L, 0L, 0L, 0L, 1L, 0L, 0L, 0L, 0L, 1L, 36L, 
0L, 0L), dim = c(6L, 4L), dimnames = structure(list(c("-3", "-2", 
"-1", "0", "1", "3"), c("A", "G", "T", NA)), names = c("", ""
))), GM29_SNP1 = structure(c(4L, 695L, 5905L, 24L, 0L, 0L, 5L, 
0L, 0L, 0L, 1L, 0L, 0L, 2L, 60L, 0L), dim = c(4L, 4L), dimnames = structure(list(
    c("-2", "-1", "0", "1"), c("A", "G", "T", NA)), names = c("", 
""))), IM16_SNP1 = structure(c(11L, 1676L, 38L, 169L, 1718L, 
63L, 2L, 49L, 4L), dim = c(3L, 3L), dimnames = structure(list(
    c("-1", "0", "1"), c("A", "G", NA)), names = c("", ""))), 
    IM49_SNP1 = structure(c(2L, 171L, 2287L, 59L, 1L, 0L, 4L, 
    232L, 3814L, 112L, 1L, 1L, 0L, 9L, 231L, 5L, 0L, 0L), dim = c(6L, 
    3L), dimnames = structure(list(c("-2", "-1", "0", "1", "2", 
    "3"), c("C", "G", NA)), names = c("", ""))), LR10_SNP1 = structure(c(2L, 
    340L, 4684L, 50L, 1L, 0L, 0L, 95L, 0L, 0L, 0L, 1L, 72L, 2L, 
    0L), dim = c(5L, 3L), dimnames = structure(list(c("-2", "-1", 
    "0", "1", "2"), c("C", "T", NA)), names = c("", ""))), LR11_SNP1 = structure(c(89L, 
    0L, 43L, 0L, 4L, 394L, 1097L, 8L, 0L, 20L, 44L, 0L), dim = 4:3, dimnames = structure(list(
        c("-2", "-1", "0", "1"), c("A", "C", NA)), names = c("", 
    ""))), LR17_SNP1 = structure(c(1L, 17L, 2601L, 987L, 7777L, 
    139L, 1L, 0L, 0L, 0L, 0L, 1L, 0L, 0L, 0L, 0L, 0L, 0L, 1L, 
    0L, 0L, 0L, 0L, 27L, 32L, 582L, 8L, 0L), dim = c(7L, 4L), dimnames = structure(list(
        c("-4", "-3", "-2", "-1", "0", "1", "2"), c("A", "C", 
        "G", NA)), names = c("", ""))), LR20_SNP1 = structure(c(1L, 
    330L, 270L, 0L, 0L, 261L, 295L, 1L, 0L, 3L, 6L, 0L), dim = 4:3, dimnames = structure(list(
        c("-2", "-1", "0", "1"), c("A", "G", NA)), names = c("", 
    ""))), LR24_SNP1 = structure(c(39L, 2533L, 5L, 1L, 0L, 1L, 
    0L, 0L, 1L, 23L, 0L, 0L, 0L, 15L, 0L, 0L), dim = c(4L, 4L
    ), dimnames = structure(list(c("-1", "0", "1", "2"), c("A", 
    "C", "G", NA)), names = c("", ""))), LR36_SNP1 = structure(c(0L, 
    10L, 1244L, 32L, 1122L, 24L, 0L, 0L, 0L, 0L, 1L, 0L, 489L, 
    105L, 813L, 108L, 1506L, 18L, 5L, 1L, 25L, 6L, 162L, 5L), dim = c(6L, 
    4L), dimnames = structure(list(c("-4", "-3", "-2", "-1", 
    "0", "1"), c("A", "G", "T", NA)), names = c("", ""))), LR40_SNP1 = structure(c(7L, 
    957L, 17L, 0L, 50L, 1L, 0L, 5L, 0L), dim = c(3L, 3L), dimnames = structure(list(
        c("-1", "0", "1"), c("A", "C", NA)), names = c("", ""
    ))), LR44_SNP1 = structure(c(0L, 1L, 0L, 1L, 0L, 0L, 21L, 
    732L, 826L, 1398L, 22L, 1L, 59L, 209L, 470L, 2001L, 23L, 
    1L, 2L, 9L, 21L, 68L, 1L, 0L), dim = c(6L, 4L), dimnames = structure(list(
        c("-3", "-2", "-1", "0", "1", "2"), c("A", "C", "T", 
        NA)), names = c("", ""))), LR46_SNP1 = structure(c(0L, 
    1L, 0L, 7L, 3029L, 5L, 13L, 3064L, 13L, 0L, 52L, 1L), dim = 3:4, dimnames = structure(list(
        c("-1", "0", "1"), c("A", "G", "T", NA)), names = c("", 
    ""))), LR48_SNP1 = structure(c(4L, 126L, 2236L, 418L, 13L, 
    5L, 581L, 1477L, 1012L, 24L, 0L, 5L, 105L, 37L, 2L), dim = c(5L, 
    3L), dimnames = structure(list(c("-2", "-1", "0", "1", "2"
    ), c("C", "T", NA)), names = c("", ""))), LR49_SNP1 = structure(c(10L, 
    3081L, 4L, 99L, 3774L, 3L, 1L, 71L, 0L), dim = c(3L, 3L), dimnames = structure(list(
        c("-1", "0", "1"), c("A", "G", NA)), names = c("", ""
    ))), LR52_SNP1 = structure(c(0L, 0L, 0L, 0L, 1L, 0L, 1L, 
    47L, 478L, 690L, 684L, 8L, 2L, 8L, 118L, 614L, 1691L, 20L, 
    0L, 0L, 3L, 39L, 277L, 0L), dim = c(6L, 4L), dimnames = structure(list(
        c("-4", "-3", "-2", "-1", "0", "1"), c("-", "C", "T", 
        NA)), names = c("", ""))))
