Result <-
list(DEPDC2_SNP1 = structure(c(0L, 4L, 0L, 9L, 1579L, 6L, 7L, 
1846L, 7L, 0L, 41L, 0L), dim = 3:4, dimnames = structure(list(
    c("-1", "0", "1"), c("A", "C", "T", NA)), names = c("", ""
))), GM01_SNP1 = structure(c(0L, 0L, 2L, 0L, 0L, 2L, 148L, 9973L, 
47L, 1L, 0L, 0L, 1L, 0L, 0L, 0L, 0L, 24L, 0L, 0L, 0L, 1L, 125L, 
1L, 0L), dim = c(5L, 5L), dimnames = structure(list(c("-2", "-1", 
"0", "1", "2"), c("-", "A", "C", "G", NA)), names = c("", ""))), 
    GM07_SNP1 = structure(c(3L, 141L, 2736L, 96L, 1L, 1L, 0L, 
    129L, 2565L, 77L, 3L, 0L, 1L, 2L, 86L, 2L, 0L, 0L), dim = c(6L, 
    3L), dimnames = structure(list(c("-2", "-1", "0", "1", "2", 
    "3"), c("A", "G", NA)), names = c("", ""))), GM09_SNP1 = structure(c(38L, 
    5633L, 14L, 30L, 4825L, 29L, 1L, 82L, 0L), dim = c(3L, 3L
    ), dimnames = structure(list(c("-1", "0", "1"), c("A", "G", 
    NA)), names = c("", ""))), GM11_SNP1 = structure(c(1L, 20L, 
    1993L, 14L, 1L, 0L, 13L, 2540L, 22L, 0L, 0L, 0L, 19L, 0L, 
    0L, 0L, 0L, 43L, 0L, 0L), dim = 5:4, dimnames = structure(list(
        c("-2", "-1", "0", "1", "2"), c("A", "G", "T", NA)), names = c("", 
    ""))), GM14_SNP1 = structure(c(0L, 0L, 0L, 4L, 0L, 0L, 0L, 
    7L, 98L, 3327L, 37L, 3L, 0L, 0L, 0L, 1L, 0L, 0L, 1L, 1L, 
    59L, 3397L, 17L, 0L, 0L, 0L, 1L, 77L, 0L, 0L), dim = 6:5, dimnames = structure(list(
        c("-3", "-2", "-1", "0", "1", "2"), c("A", "C", "G", 
        "T", NA)), names = c("", ""))), GM17_SNP1 = structure(c(0L, 
    0L, 1L, 0L, 0L, 1L, 15L, 0L, 4L, 151L, 11797L, 34L, 0L, 3L, 
    387L, 1L), dim = c(4L, 4L), dimnames = structure(list(c("-2", 
    "-1", "0", "1"), c("A", "C", "T", NA)), names = c("", ""))), 
    GM22_SNP1 = structure(c(1L, 59L, 2503L, 7L, 2L, 59L, 4177L, 
    22L, 0L, 0L, 1L, 0L, 0L, 3L, 162L, 2L), dim = c(4L, 4L), dimnames = structure(list(
        c("-2", "-1", "0", "1"), c("A", "G", "T", NA)), names = c("", 
    ""))), GM26_SNP1 = structure(c(1L, 10L, 1306L, 11L, 0L, 5L, 
    729L, 3L, 0L, 2L, 34L, 0L), dim = 4:3, dimnames = structure(list(
        c("-2", "-1", "0", "1"), c("A", "G", NA)), names = c("", 
    ""))), GM29_SNP1 = structure(c(2L, 136L, 9340L, 37L, 0L, 
    0L, 7L, 0L, 0L, 1L, 86L, 0L), dim = 4:3, dimnames = structure(list(
        c("-2", "-1", "0", "1"), c("A", "G", NA)), names = c("", 
    ""))), IM16_SNP1 = structure(c(39L, 4896L, 84L, 1L, 0L, 15L, 
    0L, 0L, 3L, 50L, 2L, 0L), dim = 4:3, dimnames = structure(list(
        c("-1", "0", "1", "2"), c("A", "G", NA)), names = c("", 
    ""))), IM49_SNP1 = structure(c(0L, 0L, 1L, 1L, 0L, 14L, 319L, 
    10842L, 256L, 8L, 0L, 2L, 5L, 0L, 0L, 0L, 0L, 2L, 0L, 0L, 
    0L, 2L, 241L, 4L, 0L), dim = c(5L, 5L), dimnames = structure(list(
        c("-2", "-1", "0", "1", "2"), c("A", "C", "G", "T", NA
        )), names = c("", ""))), LR10_SNP1 = structure(c(106L, 
    5734L, 46L, 0L, 2L, 0L, 2L, 16L, 0L, 0L, 66L, 1L), dim = 3:4, dimnames = structure(list(
        c("-1", "0", "1"), c("C", "G", "T", NA)), names = c("", 
    ""))), LR11_SNP1 = structure(c(0L, 0L, 1L, 0L, 0L, 2L, 59L, 
    2854L, 22L, 0L, 1L, 64L, 2964L, 26L, 1L, 0L, 0L, 1L, 0L, 
    0L, 0L, 5L, 160L, 6L, 0L), dim = c(5L, 5L), dimnames = structure(list(
        c("-2", "-1", "0", "1", "2"), c("-", "A", "C", "G", NA
        )), names = c("", ""))), LR17_SNP1 = structure(c(2L, 
    10L, 541L, 14182L, 172L, 4L, 0L, 0L, 0L, 13L, 0L, 0L, 0L, 
    0L, 18L, 1100L, 5L, 0L), dim = c(6L, 3L), dimnames = structure(list(
        c("-3", "-2", "-1", "0", "1", "2"), c("A", "G", NA)), names = c("", 
    ""))), LR20_SNP1 = structure(c(0L, 1L, 0L, 13L, 8262L, 24L, 
    0L, 2L, 0L, 1L, 27L, 0L), dim = 3:4, dimnames = structure(list(
        c("-1", "0", "1"), c("-", "A", "G", NA)), names = c("", 
    ""))), LR24_SNP1 = structure(c(0L, 1L, 0L, 0L, 21L, 3982L, 
    3L, 0L, 22L, 3938L, 8L, 1L, 0L, 59L, 0L, 0L), dim = c(4L, 
    4L), dimnames = structure(list(c("-1", "0", "1", "2"), c("-", 
    "A", "G", NA)), names = c("", ""))), LR36_SNP1 = structure(c(0L, 
    0L, 0L, 0L, 1L, 0L, 0L, 1L, 3L, 10L, 267L, 13453L, 135L, 
    3L, 0L, 0L, 0L, 0L, 2L, 0L, 0L, 0L, 0L, 0L, 0L, 4L, 0L, 0L, 
    0L, 0L, 1L, 5L, 416L, 2L, 0L), dim = c(7L, 5L), dimnames = structure(list(
        c("-4", "-3", "-2", "-1", "0", "1", "2"), c("-", "A", 
        "G", "T", NA)), names = c("", ""))), LR40_SNP1 = structure(c(0L, 
    0L, 1L, 0L, 2L, 62L, 5782L, 17L, 0L, 0L, 1L, 0L, 0L, 0L, 
    2L, 0L, 0L, 0L, 49L, 0L), dim = 4:5, dimnames = structure(list(
        c("-2", "-1", "0", "1"), c("A", "C", "G", "T", NA)), names = c("", 
    ""))), LR44_SNP1 = structure(c(0L, 0L, 0L, 3L, 0L, 0L, 0L, 
    0L, 0L, 2L, 0L, 0L, 1L, 6L, 181L, 1900L, 59L, 1L, 0L, 1L, 
    3L, 27L, 0L, 0L), dim = c(6L, 4L), dimnames = structure(list(
        c("-3", "-2", "-1", "0", "1", "2"), c("C", "G", "T", 
        NA)), names = c("", ""))), LR46_SNP1 = structure(c(0L, 
    1L, 0L, 0L, 1L, 0L, 27L, 5371L, 17L, 0L, 33L, 0L, 0L, 37L, 
    0L), dim = c(3L, 5L), dimnames = structure(list(c("-1", "0", 
    "1"), c("A", "C", "G", "T", NA)), names = c("", ""))), LR48_SNP1 = structure(c(0L, 
    0L, 0L, 2L, 0L, 0L, 1L, 4L, 150L, 5860L, 106L, 1L, 0L, 0L, 
    0L, 5L, 0L, 0L, 0L, 1L, 2L, 154L, 1L, 0L), dim = c(6L, 4L
    ), dimnames = structure(list(c("-3", "-2", "-1", "0", "1", 
    "2"), c("A", "C", "T", NA)), names = c("", ""))), LR49_SNP1 = structure(c(0L, 
    6L, 0L, 15L, 5204L, 7L, 0L, 1L, 0L, 0L, 56L, 0L), dim = 3:4, dimnames = structure(list(
        c("-1", "0", "1"), c("A", "G", "T", NA)), names = c("", 
    ""))), LR52_SNP1 = structure(c(1L, 37L, 284L, 2265L, 18L, 
    0L, 1L, 4L, 12L, 0L, 0L, 0L, 12L, 602L, 7L), dim = c(5L, 
    3L), dimnames = structure(list(c("-3", "-2", "-1", "0", "1"
    ), c("C", "T", NA)), names = c("", ""))))
