Result <-
list(DEPDC2_SNP1 = structure(c(0L, 11L, 0L, 21L, 5992L, 29L, 
0L, 51L, 0L), dim = c(3L, 3L), dimnames = structure(list(c("-1", 
"0", "1"), c("C", "T", NA)), names = c("", ""))), GM01_SNP1 = structure(c(3L, 
179L, 10860L, 61L, 0L, 0L, 11L, 0L, 0L, 6L, 107L, 0L), dim = 4:3, dimnames = structure(list(
    c("-2", "-1", "0", "1"), c("A", "G", NA)), names = c("", 
""))), GM07_SNP1 = structure(c(1L, 1L, 15L, 0L, 0L, 4L, 289L, 
4912L, 136L, 4L, 0L, 0L, 1L, 0L, 0L, 1L, 4L, 126L, 1L, 0L), dim = 5:4, dimnames = structure(list(
    c("-2", "-1", "0", "1", "2"), c("A", "G", "T", NA)), names = c("", 
""))), GM09_SNP1 = structure(c(48L, 10372L, 14L, 23L, 5560L, 
6L, 0L, 1L, 0L, 1L, 82L, 1L), dim = 3:4, dimnames = structure(list(
    c("-1", "0", "1"), c("A", "G", "T", NA)), names = c("", ""
))), GM11_SNP1 = structure(c(36L, 5357L, 17L, 1L, 4L, 0L, 0L, 
1L, 0L, 0L, 33L, 1L), dim = 3:4, dimnames = structure(list(c("-1", 
"0", "1"), c("A", "G", "T", NA)), names = c("", ""))), GM14_SNP1 = structure(c(0L, 
0L, 0L, 2L, 0L, 0L, 2L, 4L, 122L, 4405L, 41L, 1L, 0L, 1L, 57L, 
3107L, 17L, 0L, 0L, 0L, 0L, 81L, 0L, 0L), dim = c(6L, 4L), dimnames = structure(list(
    c("-3", "-2", "-1", "0", "1", "2"), c("A", "C", "T", NA)), names = c("", 
""))), GM17_SNP1 = structure(c(4L, 150L, 12447L, 41L, 0L, 0L, 
2L, 0L, 0L, 1L, 33L, 0L, 0L, 5L, 501L, 3L), dim = c(4L, 4L), dimnames = structure(list(
    c("-2", "-1", "0", "1"), c("C", "G", "T", NA)), names = c("", 
""))), GM22_SNP1 = structure(c(4L, 142L, 8582L, 36L, 1L, 0L, 
1L, 17L, 0L, 0L, 0L, 3L, 116L, 1L, 0L), dim = c(5L, 3L), dimnames = structure(list(
    c("-2", "-1", "0", "1", "2"), c("A", "G", NA)), names = c("", 
""))), GM26_SNP1 = structure(c(38L, 3685L, 11L, 1L, 0L, 13L, 
0L, 0L, 2L, 32L, 0L, 0L), dim = 4:3, dimnames = structure(list(
    c("-1", "0", "1", "2"), c("A", "G", NA)), names = c("", ""
))), GM29_SNP1 = structure(c(3L, 3L, 193L, 10350L, 34L, 0L, 0L, 
0L, 13L, 0L, 0L, 0L, 0L, 1L, 0L, 0L, 0L, 3L, 108L, 0L), dim = 5:4, dimnames = structure(list(
    c("-3", "-2", "-1", "0", "1"), c("A", "G", "T", NA)), names = c("", 
""))), IM16_SNP1 = structure(c(1L, 79L, 7908L, 117L, 3L, 0L, 
1L, 7L, 0L, 0L, 0L, 0L, 101L, 1L, 0L), dim = c(5L, 3L), dimnames = structure(list(
    c("-2", "-1", "0", "1", "2"), c("A", "G", NA)), names = c("", 
""))), IM49_SNP1 = structure(c(0L, 0L, 0L, 1L, 0L, 0L, 0L, 0L, 
2L, 20L, 2L, 0L, 1L, 10L, 368L, 9630L, 197L, 7L, 0L, 0L, 0L, 
1L, 0L, 0L, 0L, 0L, 10L, 419L, 13L, 0L), dim = 6:5, dimnames = structure(list(
    c("-3", "-2", "-1", "0", "1", "2"), c("A", "C", "G", "T", 
    NA)), names = c("", ""))), LR10_SNP1 = structure(c(0L, 0L, 
1L, 0L, 0L, 0L, 1L, 17L, 0L, 0L, 0L, 0L, 1L, 0L, 0L, 1L, 95L, 
5236L, 33L, 0L, 0L, 1L, 93L, 5L, 1L), dim = c(5L, 5L), dimnames = structure(list(
    c("-2", "-1", "0", "1", "2"), c("A", "C", "G", "T", NA)), names = c("", 
""))), LR11_SNP1 = structure(c(0L, 0L, 5L, 0L, 6L, 201L, 8685L, 
71L, 0L, 0L, 6L, 0L, 0L, 6L, 351L, 4L), dim = c(4L, 4L), dimnames = structure(list(
    c("-2", "-1", "0", "1"), c("A", "C", "T", NA)), names = c("", 
""))), LR17_SNP1 = structure(c(1L, 5L, 19L, 642L, 16918L, 230L, 
3L, 0L, 0L, 0L, 0L, 7L, 0L, 0L, 0L, 0L, 0L, 21L, 1150L, 8L, 0L
), dim = c(7L, 3L), dimnames = structure(list(c("-4", "-3", "-2", 
"-1", "0", "1", "2"), c("A", "G", NA)), names = c("", ""))), 
    LR20_SNP1 = structure(c(0L, 1L, 0L, 10L, 3286L, 5L, 6L, 3590L, 
    9L, 0L, 2L, 0L, 0L, 65L, 0L), dim = c(3L, 5L), dimnames = structure(list(
        c("-1", "0", "1"), c("-", "A", "G", "T", NA)), names = c("", 
    ""))), LR24_SNP1 = structure(c(0L, 0L, 1L, 0L, 1L, 40L, 4327L, 
    16L, 1L, 30L, 5509L, 19L, 0L, 0L, 67L, 1L), dim = c(4L, 4L
    ), dimnames = structure(list(c("-2", "-1", "0", "1"), c("-", 
    "A", "G", NA)), names = c("", ""))), LR36_SNP1 = structure(c(0L, 
    0L, 0L, 0L, 42L, 1L, 0L, 4L, 5L, 18L, 234L, 9728L, 91L, 1L, 
    0L, 0L, 0L, 20L, 1060L, 12L, 0L), dim = c(7L, 3L), dimnames = structure(list(
        c("-4", "-3", "-2", "-1", "0", "1", "2"), c("A", "T", 
        NA)), names = c("", ""))), LR40_SNP1 = structure(c(1L, 
    0L, 0L, 71L, 6940L, 21L, 0L, 55L, 2L), dim = c(3L, 3L), dimnames = structure(list(
        c("-1", "0", "1"), c("A", "C", NA)), names = c("", ""
    ))), LR44_SNP1 = structure(c(2L, 38L, 553L, 11L, 0L, 3L, 
    14L, 0L, 4L, 58L, 636L, 14L, 0L, 0L, 38L, 0L), dim = c(4L, 
    4L), dimnames = structure(list(c("-2", "-1", "0", "1"), c("C", 
    "G", "T", NA)), names = c("", ""))), LR46_SNP1 = structure(c(0L, 
    2L, 0L, 22L, 6257L, 27L, 0L, 72L, 0L, 0L, 51L, 0L), dim = 3:4, dimnames = structure(list(
        c("-1", "0", "1"), c("C", "G", "T", NA)), names = c("", 
    ""))), LR48_SNP1 = structure(c(0L, 0L, 3L, 0L, 0L, 8L, 210L, 
    6592L, 123L, 1L, 0L, 1L, 4L, 0L, 0L, 0L, 3L, 167L, 0L, 0L
    ), dim = 5:4, dimnames = structure(list(c("-2", "-1", "0", 
    "1", "2"), c("A", "C", "T", NA)), names = c("", ""))), LR49_SNP1 = structure(c(9L, 
    3316L, 0L, 6L, 3823L, 1L, 0L, 2L, 0L, 0L, 91L, 0L), dim = 3:4, dimnames = structure(list(
        c("-1", "0", "1"), c("A", "G", "T", NA)), names = c("", 
    ""))), LR52_SNP1 = structure(c(0L, 0L, 0L, 0L, 1L, 0L, 0L, 
    1L, 13L, 208L, 1412L, 13L, 1L, 2L, 13L, 115L, 1276L, 10L, 
    0L, 0L, 0L, 10L, 493L, 2L), dim = c(6L, 4L), dimnames = structure(list(
        c("-4", "-3", "-2", "-1", "0", "1"), c("A", "C", "T", 
        NA)), names = c("", ""))))
