Result <-
list(DEPDC2_SNP1 = structure(c(0L, 0L, 1L, 0L, 0L, 16L, 1868L, 
10L, 5L, 130L, 2462L, 6L, 0L, 1L, 62L, 1L), dim = c(4L, 4L), dimnames = structure(list(
    c("-2", "-1", "0", "1"), c("A", "C", "T", NA)), names = c("", 
""))), GM01_SNP1 = structure(c(0L, 0L, 1L, 0L, 2L, 101L, 6510L, 
36L, 0L, 0L, 1L, 0L, 2L, 197L, 6697L, 29L, 0L, 0L, 1L, 0L, 0L, 
5L, 210L, 2L), dim = c(4L, 6L), dimnames = structure(list(c("-2", 
"-1", "0", "1"), c("-", "A", "C", "G", "T", NA)), names = c("", 
""))), GM07_SNP1 = structure(c(774L, 525L, 1865L, 3960L, 117L, 
4L, 0L, 0L, 1L, 0L, 0L, 0L, 0L, 0L, 0L, 7L, 0L, 0L, 0L, 0L, 0L, 
1L, 0L, 0L, 4L, 3L, 13L, 67L, 2L, 0L), dim = 6:5, dimnames = structure(list(
    c("-3", "-2", "-1", "0", "1", "2"), c("A", "C", "G", "T", 
    NA)), names = c("", ""))), GM09_SNP1 = structure(c(0L, 55L, 
8421L, 11L, 1L, 156L, 9379L, 12L, 0L, 0L, 2L, 0L, 0L, 3L, 134L, 
1L), dim = c(4L, 4L), dimnames = structure(list(c("-2", "-1", 
"0", "1"), c("A", "G", "T", NA)), names = c("", ""))), GM11_SNP1 = structure(c(1L, 
507L, 6883L, 22L, 0L, 0L, 3L, 0L, 0L, 1L, 60L, 0L), dim = 4:3, dimnames = structure(list(
    c("-3", "-1", "0", "1"), c("A", "G", NA)), names = c("", 
""))), GM14_SNP1 = structure(c(0L, 0L, 0L, 1L, 0L, 0L, 0L, 2L, 
1674L, 762L, 168L, 5159L, 62L, 2L, 0L, 0L, 0L, 1L, 10L, 0L, 0L, 
0L, 1L, 0L, 0L, 70L, 0L, 0L), dim = c(7L, 4L), dimnames = structure(list(
    c("-4", "-3", "-2", "-1", "0", "1", "2"), c("-", "C", "T", 
    NA)), names = c("", ""))), GM17_SNP1 = structure(c(0L, 0L, 
0L, 1L, 0L, 0L, 0L, 0L, 0L, 2L, 0L, 0L, 0L, 0L, 0L, 19L, 0L, 
0L, 1L, 2L, 276L, 14035L, 783L, 13L, 0L, 0L, 0L, 453L, 8L, 0L
), dim = 6:5, dimnames = structure(list(c("-3", "-2", "-1", "0", 
"1", "2"), c("-", "A", "C", "T", NA)), names = c("", ""))), GM22_SNP1 = structure(c(2L, 
691L, 4713L, 26L, 1L, 3L, 136L, 5706L, 33L, 0L, 0L, 0L, 1L, 0L, 
0L, 0L, 7L, 212L, 1L, 0L), dim = 5:4, dimnames = structure(list(
    c("-2", "-1", "0", "1", "2"), c("A", "G", "T", NA)), names = c("", 
""))), GM26_SNP1 = structure(c(1L, 1L, 4L, 318L, 4464L, 14L, 
2L, 0L, 0L, 0L, 0L, 10L, 0L, 0L, 0L, 0L, 0L, 4L, 35L, 0L, 0L), dim = c(7L, 
3L), dimnames = structure(list(c("-4", "-3", "-2", "-1", "0", 
"1", "2"), c("A", "G", NA)), names = c("", ""))), GM29_SNP1 = structure(c(0L, 
0L, 0L, 29L, 0L, 1L, 4L, 322L, 10412L, 36L, 0L, 0L, 2L, 116L, 
0L), dim = c(5L, 3L), dimnames = structure(list(c("-3", "-2", 
"-1", "0", "1"), c("A", "G", NA)), names = c("", ""))), IM16_SNP1 = structure(c(25L, 
1334L, 3588L, 54L, 0L, 0L, 111L, 4649L, 546L, 32L, 0L, 0L, 1L, 
0L, 0L, 1L, 11L, 94L, 32L, 7L), dim = 5:4, dimnames = structure(list(
    c("-2", "-1", "0", "1", "2"), c("A", "G", "T", NA)), names = c("", 
""))), IM49_SNP1 = structure(c(0L, 0L, 0L, 1L, 0L, 0L, 10L, 802L, 
662L, 3357L, 111L, 0L, 16L, 1521L, 121L, 2776L, 67L, 1L, 0L, 
0L, 0L, 1L, 0L, 0L, 0L, 10L, 5L, 226L, 5L, 0L), dim = 6:5, dimnames = structure(list(
    c("-3", "-2", "-1", "0", "1", "2"), c("A", "C", "G", "T", 
    NA)), names = c("", ""))), LR10_SNP1 = structure(c(0L, 0L, 
3L, 0L, 0L, 1L, 11L, 0L, 2L, 210L, 7497L, 41L, 0L, 3L, 122L, 
2L), dim = c(4L, 4L), dimnames = structure(list(c("-2", "-1", 
"0", "1"), c("A", "C", "T", NA)), names = c("", ""))), LR11_SNP1 = structure(c(0L, 
0L, 0L, 1L, 0L, 0L, 0L, 5L, 195L, 6780L, 54L, 1L, 1L, 50L, 1672L, 
4098L, 36L, 1L, 0L, 0L, 1L, 2L, 0L, 0L, 0L, 0L, 0L, 1L, 0L, 0L, 
0L, 1L, 49L, 265L, 3L, 0L), dim = c(6L, 6L), dimnames = structure(list(
    c("-3", "-2", "-1", "0", "1", "2"), c("-", "A", "C", "G", 
    "T", NA)), names = c("", ""))), LR17_SNP1 = structure(c(0L, 
0L, 0L, 1L, 0L, 0L, 3L, 388L, 7949L, 15125L, 190L, 6L, 0L, 0L, 
1L, 1L, 0L, 0L, 0L, 0L, 2L, 10L, 0L, 0L, 0L, 0L, 0L, 2L, 0L, 
0L, 0L, 10L, 296L, 1108L, 7L, 0L), dim = c(6L, 6L), dimnames = structure(list(
    c("-3", "-2", "-1", "0", "1", "2"), c("-", "A", "C", "G", 
    "T", NA)), names = c("", ""))), LR20_SNP1 = structure(c(0L, 
2L, 0L, 112L, 4318L, 13L, 16L, 4513L, 11L, 1L, 88L, 1L), dim = 3:4, dimnames = structure(list(
    c("-1", "0", "1"), c("-", "A", "G", NA)), names = c("", ""
))), LR24_SNP1 = structure(c(2L, 30L, 0L, 847L, 8032L, 16L, 2L, 
57L, 0L), dim = c(3L, 3L), dimnames = structure(list(c("-1", 
"0", "1"), c("A", "G", NA)), names = c("", ""))), LR36_SNP1 = structure(c(0L, 
0L, 0L, 2L, 0L, 84L, 87L, 1216L, 4653L, 45L, 0L, 0L, 0L, 3L, 
0L, 0L, 0L, 0L, 1L, 0L, 1L, 31L, 353L, 5208L, 41L, 0L, 0L, 24L, 
550L, 9L), dim = 5:6, dimnames = structure(list(c("-3", "-2", 
"-1", "0", "1"), c("-", "A", "C", "G", "T", NA)), names = c("", 
""))), LR40_SNP1 = structure(c(1L, 29L, 1226L, 7104L, 18L, 0L, 
0L, 0L, 1L, 0L, 0L, 1L, 2L, 44L, 1L), dim = c(5L, 3L), dimnames = structure(list(
    c("-3", "-2", "-1", "0", "1"), c("C", "T", NA)), names = c("", 
""))), LR44_SNP1 = structure(c(0L, 0L, 3L, 0L, 0L, 0L, 9L, 141L, 
250L, 656L, 8L, 2L, 22L, 232L, 232L, 809L, 8L, 0L, 0L, 7L, 11L, 
43L, 0L, 0L), dim = c(6L, 4L), dimnames = structure(list(c("-3", 
"-2", "-1", "0", "1", "3"), c("A", "C", "T", NA)), names = c("", 
""))), LR46_SNP1 = structure(c(1L, 728L, 3706L, 17L, 0L, 303L, 
3087L, 22L, 0L, 4L, 54L, 0L), dim = 4:3, dimnames = structure(list(
    c("-2", "-1", "0", "1"), c("G", "T", NA)), names = c("", 
""))), LR48_SNP1 = structure(c(0L, 0L, 1L, 10L, 0L, 0L, 4L, 517L, 
1558L, 5886L, 662L, 12L, 0L, 0L, 1L, 5L, 0L, 0L, 0L, 8L, 10L, 
142L, 11L, 0L), dim = c(6L, 4L), dimnames = structure(list(c("-3", 
"-2", "-1", "0", "1", "2"), c("A", "C", "T", NA)), names = c("", 
""))), LR49_SNP1 = structure(c(0L, 2L, 23L, 0L, 54L, 1125L, 7578L, 
1L, 0L, 0L, 1L, 0L, 1L, 5L, 48L, 0L), dim = c(4L, 4L), dimnames = structure(list(
    c("-2", "-1", "0", "1"), c("A", "G", "T", NA)), names = c("", 
""))), LR52_SNP1 = structure(c(0L, 0L, 0L, 0L, 1L, 0L, 0L, 1L, 
0L, 1L, 13L, 0L, 321L, 332L, 314L, 621L, 3073L, 39L, 0L, 2L, 
1L, 14L, 196L, 1L), dim = c(6L, 4L), dimnames = structure(list(
    c("-4", "-3", "-2", "-1", "0", "1"), c("A", "C", "T", NA)), names = c("", 
""))))
