Result <-
list(DEPDC2_SNP1 = structure(c(994L, 14L, 2671L, 7L, 1L, 54L, 
4198L, 24L, 4L, 0L, 79L, 0L), dim = 4:3, dimnames = structure(list(
    c("-2", "-1", "0", "1"), c("C", "T", NA)), names = c("", 
""))), GM01_SNP1 = structure(c(1L, 255L, 8488L, 40L, 1L, 1L, 
142L, 8417L, 26L, 0L, 0L, 0L, 2L, 0L, 0L, 0L, 2L, 217L, 0L, 0L
), dim = 5:4, dimnames = structure(list(c("-2", "-1", "0", "1", 
"2"), c("A", "G", "T", NA)), names = c("", ""))), GM07_SNP1 = structure(c(0L, 
0L, 0L, 8L, 0L, 0L, 9L, 1296L, 1325L, 6381L, 207L, 2L, 0L, 8L, 
14L, 144L, 2L, 0L), dim = c(6L, 3L), dimnames = structure(list(
    c("-3", "-2", "-1", "0", "1", "2"), c("A", "G", NA)), names = c("", 
""))), GM09_SNP1 = structure(c(0L, 14L, 0L, 0L, 1L, 0L, 120L, 
15129L, 35L, 0L, 2L, 0L, 1L, 106L, 0L), dim = c(3L, 5L), dimnames = structure(list(
    c("-1", "0", "1"), c("A", "C", "G", "T", NA)), names = c("", 
""))), GM11_SNP1 = structure(c(3L, 979L, 8984L, 26L, 1L, 0L, 
0L, 1L, 0L, 0L, 0L, 0L, 7L, 0L, 0L, 0L, 0L, 2L, 0L, 0L, 0L, 3L, 
83L, 1L, 0L), dim = c(5L, 5L), dimnames = structure(list(c("-2", 
"-1", "0", "1", "2"), c("A", "C", "G", "T", NA)), names = c("", 
""))), GM14_SNP1 = structure(c(0L, 0L, 0L, 1L, 0L, 0L, 2L, 128L, 
1145L, 3636L, 32L, 1L, 1L, 12L, 1175L, 3482L, 20L, 0L, 0L, 0L, 
7L, 89L, 1L, 0L), dim = c(6L, 4L), dimnames = structure(list(
    c("-3", "-2", "-1", "0", "1", "2"), c("A", "C", "T", NA)), names = c("", 
""))), GM17_SNP1 = structure(c(2L, 532L, 6371L, 28L, 0L, 103L, 
6757L, 25L, 0L, 11L, 459L, 2L), dim = 4:3, dimnames = structure(list(
    c("-2", "-1", "0", "1"), c("C", "T", NA)), names = c("", 
""))), GM22_SNP1 = structure(c(8L, 961L, 12344L, 1391L, 14L, 
0L, 3L, 10L, 0L, 0L, 0L, 0L, 2L, 0L, 0L, 0L, 11L, 215L, 26L, 
1L), dim = 5:4, dimnames = structure(list(c("-2", "-1", "0", 
"1", "2"), c("A", "G", "T", NA)), names = c("", ""))), GM26_SNP1 = structure(c(1L, 
30L, 4152L, 10L, 1L, 171L, 3921L, 14L, 0L, 0L, 1L, 0L, 0L, 8L, 
131L, 0L), dim = c(4L, 4L), dimnames = structure(list(c("-2", 
"-1", "0", "1"), c("A", "G", "T", NA)), names = c("", ""))), 
    GM29_SNP1 = structure(c(2L, 9L, 1565L, 9837L, 28L, 0L, 0L, 
    0L, 3L, 0L, 0L, 0L, 12L, 103L, 0L), dim = c(5L, 3L), dimnames = structure(list(
        c("-3", "-2", "-1", "0", "1"), c("A", "G", NA)), names = c("", 
    ""))), IM16_SNP1 = structure(c(8L, 214L, 5235L, 81L, 0L, 
    0L, 0L, 1L, 0L, 0L, 15L, 1436L, 4270L, 62L, 1L, 0L, 0L, 6L, 
    0L, 0L, 1L, 9L, 166L, 12L, 0L), dim = c(5L, 5L), dimnames = structure(list(
        c("-2", "-1", "0", "1", "2"), c("A", "C", "G", "T", NA
        )), names = c("", ""))), IM49_SNP1 = structure(c(0L, 
    10L, 92L, 2444L, 56L, 1L, 2L, 34L, 621L, 1798L, 44L, 1L, 
    0L, 0L, 0L, 1L, 0L, 0L, 0L, 0L, 15L, 163L, 6L, 0L), dim = c(6L, 
    4L), dimnames = structure(list(c("-3", "-2", "-1", "0", "1", 
    "2"), c("C", "G", "T", NA)), names = c("", ""))), LR10_SNP1 = structure(c(0L, 
    0L, 2L, 0L, 0L, 1L, 8L, 0L, 2L, 201L, 11020L, 49L, 0L, 3L, 
    169L, 0L), dim = c(4L, 4L), dimnames = structure(list(c("-2", 
    "-1", "0", "1"), c("A", "C", "T", NA)), names = c("", ""))), 
    LR11_SNP1 = structure(c(0L, 0L, 9L, 0L, 0L, 13L, 262L, 11369L, 
    86L, 2L, 0L, 21L, 524L, 9L, 0L), dim = c(5L, 3L), dimnames = structure(list(
        c("-2", "-1", "0", "1", "2"), c("A", "C", NA)), names = c("", 
    ""))), LR17_SNP1 = structure(c(3L, 95L, 3113L, 16004L, 238L, 
    2L, 0L, 0L, 0L, 5L, 0L, 0L, 0L, 0L, 0L, 1L, 0L, 0L, 0L, 1L, 
    113L, 1224L, 7L, 0L), dim = c(6L, 4L), dimnames = structure(list(
        c("-3", "-2", "-1", "0", "1", "2"), c("A", "G", "T", 
        NA)), names = c("", ""))), LR20_SNP1 = structure(c(0L, 
    0L, 10L, 0L, 3L, 1213L, 9126L, 21L, 0L, 0L, 2L, 0L, 0L, 7L, 
    131L, 0L), dim = c(4L, 4L), dimnames = structure(list(c("-2", 
    "-1", "0", "1"), c("A", "G", "T", NA)), names = c("", ""))), 
    LR24_SNP1 = structure(c(3L, 1030L, 138L, 7480L, 14L, 0L, 
    0L, 0L, 1L, 0L, 0L, 1L, 0L, 10L, 0L, 0L, 0L, 0L, 1L, 0L, 
    0L, 2L, 2L, 43L, 0L), dim = c(5L, 5L), dimnames = structure(list(
        c("-3", "-2", "-1", "0", "1"), c("A", "C", "G", "T", 
        NA)), names = c("", ""))), LR36_SNP1 = structure(c(0L, 
    1L, 0L, 7L, 180L, 5424L, 65L, 0L, 0L, 0L, 0L, 0L, 0L, 2L, 
    0L, 0L, 2L, 1116L, 4L, 9L, 84L, 4118L, 32L, 1L, 0L, 11L, 
    1L, 0L, 11L, 524L, 6L, 0L), dim = c(8L, 4L), dimnames = structure(list(
        c("-5", "-4", "-3", "-2", "-1", "0", "1", "2"), c("A", 
        "G", "T", NA)), names = c("", ""))), LR40_SNP1 = structure(c(1L, 
    131L, 9427L, 27L, 0L, 0L, 1L, 0L, 0L, 1L, 85L, 0L), dim = 4:3, dimnames = structure(list(
        c("-2", "-1", "0", "1"), c("C", "T", NA)), names = c("", 
    ""))), LR44_SNP1 = structure(c(0L, 0L, 1L, 1L, 0L, 0L, 0L, 
    0L, 3L, 0L, 6L, 320L, 51L, 713L, 13L, 0L, 20L, 175L, 1048L, 
    10L, 0L, 4L, 3L, 39L, 1L), dim = c(5L, 5L), dimnames = structure(list(
        c("-3", "-2", "-1", "0", "1"), c("-", "A", "C", "T", 
        NA)), names = c("", ""))), LR46_SNP1 = structure(c(0L, 
    0L, 2L, 0L, 0L, 1L, 71L, 9223L, 25L, 1L, 0L, 0L, 5L, 0L, 
    0L, 0L, 1L, 79L, 0L, 0L), dim = 5:4, dimnames = structure(list(
        c("-2", "-1", "0", "1", "2"), c("A", "G", "T", NA)), names = c("", 
    ""))), LR48_SNP1 = structure(c(0L, 0L, 1L, 1L, 0L, 0L, 1L, 
    48L, 1682L, 9656L, 155L, 6L, 0L, 0L, 0L, 6L, 0L, 0L, 0L, 
    0L, 14L, 219L, 3L, 0L), dim = c(6L, 4L), dimnames = structure(list(
        c("-3", "-2", "-1", "0", "1", "2"), c("A", "C", "T", 
        NA)), names = c("", ""))), LR49_SNP1 = structure(c(39L, 
    5353L, 2L, 37L, 5380L, 3L, 0L, 2L, 0L, 1L, 141L, 0L), dim = 3:4, dimnames = structure(list(
        c("-1", "0", "1"), c("A", "G", "T", NA)), names = c("", 
    ""))), LR52_SNP1 = structure(c(0L, 0L, 0L, 0L, 1L, 1L, 0L, 
    0L, 0L, 0L, 1L, 6L, 4L, 6L, 0L, 0L, 8L, 337L, 144L, 717L, 
    1135L, 5806L, 68L, 1L, 0L, 0L, 0L, 9L, 22L, 394L, 4L, 0L), dim = c(8L, 
    4L), dimnames = structure(list(c("-5", "-4", "-3", "-2", 
    "-1", "0", "1", "2"), c("A", "C", "T", NA)), names = c("", 
    ""))))
