Result <-
list(DEPDC2_SNP1 = structure(c(0L, 0L, 0L, 2L, 0L, 2L, 781L, 
17L, 2253L, 8L, 0L, 1L, 61L, 3865L, 23L, 0L, 5L, 2L, 72L, 0L), dim = 5:4, dimnames = structure(list(
    c("-3", "-2", "-1", "0", "1"), c("A", "C", "T", NA)), names = c("", 
""))), GM01_SNP1 = structure(c(2L, 234L, 10019L, 33L, 2L, 0L, 
0L, 1L, 0L, 0L, 0L, 169L, 10179L, 38L, 2L, 0L, 0L, 2L, 0L, 0L, 
1L, 3L, 263L, 4L, 0L), dim = c(5L, 5L), dimnames = structure(list(
    c("-2", "-1", "0", "1", "2"), c("A", "C", "G", "T", NA)), names = c("", 
""))), GM07_SNP1 = structure(c(0L, 0L, 3L, 10L, 0L, 0L, 5L, 1365L, 
1705L, 7361L, 194L, 9L, 0L, 0L, 0L, 1L, 0L, 0L, 0L, 9L, 10L, 
177L, 5L, 0L), dim = c(6L, 4L), dimnames = structure(list(c("-3", 
"-2", "-1", "0", "1", "2"), c("A", "G", "T", NA)), names = c("", 
""))), GM09_SNP1 = structure(c(0L, 17L, 1L, 100L, 15507L, 26L, 
0L, 2L, 0L, 0L, 112L, 1L), dim = 3:4, dimnames = structure(list(
    c("-1", "0", "1"), c("A", "G", "T", NA)), names = c("", ""
))), GM11_SNP1 = structure(c(3L, 985L, 8376L, 22L, 0L, 2L, 5L, 
0L, 0L, 0L, 2L, 0L, 1L, 5L, 70L, 1L), dim = c(4L, 4L), dimnames = structure(list(
    c("-2", "-1", "0", "1"), c("A", "G", "T", NA)), names = c("", 
""))), GM14_SNP1 = structure(c(1L, 1L, 167L, 1333L, 3676L, 27L, 
0L, 0L, 0L, 16L, 1328L, 3948L, 29L, 1L, 0L, 0L, 1L, 4L, 103L, 
0L, 0L), dim = c(7L, 3L), dimnames = structure(list(c("-4", "-3", 
"-2", "-1", "0", "1", "2"), c("C", "T", NA)), names = c("", ""
))), GM17_SNP1 = structure(c(0L, 0L, 0L, 1L, 0L, 0L, 4L, 559L, 
6166L, 13L, 1L, 0L, 112L, 7550L, 18L, 0L, 0L, 3L, 454L, 1L), dim = 5:4, dimnames = structure(list(
    c("-3", "-2", "-1", "0", "1"), c("A", "C", "T", NA)), names = c("", 
""))), GM22_SNP1 = structure(c(17L, 1014L, 13065L, 1633L, 13L, 
0L, 0L, 9L, 0L, 0L, 0L, 0L, 1L, 0L, 0L, 0L, 17L, 230L, 28L, 1L
), dim = 5:4, dimnames = structure(list(c("-2", "-1", "0", "1", 
"2"), c("A", "G", "T", NA)), names = c("", ""))), GM26_SNP1 = structure(c(1L, 
34L, 3441L, 12L, 1L, 69L, 3668L, 15L, 0L, 2L, 121L, 2L), dim = 4:3, dimnames = structure(list(
    c("-2", "-1", "0", "1"), c("A", "G", NA)), names = c("", 
""))), GM29_SNP1 = structure(c(9L, 1611L, 10427L, 36L, 0L, 0L, 
12L, 0L, 0L, 0L, 1L, 0L, 0L, 10L, 94L, 0L), dim = c(4L, 4L), dimnames = structure(list(
    c("-2", "-1", "0", "1"), c("A", "G", "T", NA)), names = c("", 
""))), IM16_SNP1 = structure(c(2L, 244L, 5683L, 91L, 2L, 1L, 
8L, 1625L, 4791L, 75L, 0L, 0L, 0L, 0L, 3L, 0L, 0L, 0L, 0L, 11L, 
150L, 7L, 1L, 0L), dim = c(6L, 4L), dimnames = structure(list(
    c("-2", "-1", "0", "1", "2", "3"), c("A", "G", "T", NA)), names = c("", 
""))), IM49_SNP1 = structure(c(0L, 3L, 175L, 3201L, 61L, 3L, 
1L, 37L, 992L, 2055L, 39L, 0L, 0L, 0L, 18L, 182L, 1L, 0L), dim = c(6L, 
3L), dimnames = structure(list(c("-3", "-2", "-1", "0", "1", 
"2"), c("C", "G", NA)), names = c("", ""))), LR10_SNP1 = structure(c(0L, 
0L, 1L, 0L, 0L, 4L, 14L, 0L, 4L, 200L, 11977L, 38L, 0L, 1L, 169L, 
4L), dim = c(4L, 4L), dimnames = structure(list(c("-2", "-1", 
"0", "1"), c("A", "C", "T", NA)), names = c("", ""))), LR11_SNP1 = structure(c(0L, 
0L, 15L, 0L, 8L, 323L, 11466L, 77L, 0L, 0L, 2L, 0L, 1L, 16L, 
523L, 5L), dim = c(4L, 4L), dimnames = structure(list(c("-2", 
"-1", "0", "1"), c("A", "C", "T", NA)), names = c("", ""))), 
    LR17_SNP1 = structure(c(3L, 153L, 4448L, 21425L, 279L, 4L, 
    0L, 0L, 0L, 1L, 0L, 0L, 0L, 0L, 0L, 10L, 0L, 0L, 0L, 0L, 
    0L, 1L, 0L, 0L, 0L, 4L, 177L, 1713L, 9L, 0L), dim = 6:5, dimnames = structure(list(
        c("-3", "-2", "-1", "0", "1", "2"), c("A", "C", "G", 
        "T", NA)), names = c("", ""))), LR20_SNP1 = structure(c(0L, 
    0L, 1L, 0L, 0L, 0L, 15L, 0L, 1L, 1643L, 10887L, 21L, 0L, 
    0L, 1L, 0L, 1L, 9L, 123L, 1L), dim = 4:5, dimnames = structure(list(
        c("-2", "-1", "0", "1"), c("-", "A", "G", "T", NA)), names = c("", 
    ""))), LR24_SNP1 = structure(c(4L, 1223L, 215L, 8746L, 18L, 
    0L, 0L, 0L, 1L, 0L, 0L, 0L, 0L, 7L, 0L, 0L, 1L, 0L, 0L, 0L, 
    0L, 5L, 0L, 55L, 0L), dim = c(5L, 5L), dimnames = structure(list(
        c("-3", "-2", "-1", "0", "1"), c("A", "C", "G", "T", 
        NA)), names = c("", ""))), LR36_SNP1 = structure(c(0L, 
    0L, 0L, 0L, 0L, 1L, 0L, 0L, 0L, 2L, 0L, 6L, 217L, 6572L, 
    63L, 2L, 0L, 0L, 0L, 0L, 0L, 6L, 0L, 0L, 1L, 1653L, 2L, 8L, 
    104L, 4352L, 45L, 0L, 0L, 14L, 1L, 0L, 10L, 584L, 3L, 0L), dim = c(8L, 
    5L), dimnames = structure(list(c("-5", "-4", "-3", "-2", 
    "-1", "0", "1", "2"), c("-", "A", "G", "T", NA)), names = c("", 
    ""))), LR40_SNP1 = structure(c(0L, 0L, 2L, 0L, 1L, 174L, 
    10741L, 30L, 0L, 0L, 1L, 0L, 0L, 0L, 1L, 0L, 0L, 1L, 78L, 
    2L), dim = 4:5, dimnames = structure(list(c("-2", "-1", "0", 
    "1"), c("A", "C", "G", "T", NA)), names = c("", ""))), LR44_SNP1 = structure(c(0L, 
    0L, 1L, 6L, 0L, 0L, 0L, 34L, 357L, 96L, 887L, 7L, 0L, 0L, 
    0L, 0L, 0L, 12L, 2L, 0L, 0L, 0L, 29L, 264L, 1235L, 30L, 1L, 
    1L, 1L, 2L, 7L, 49L, 0L, 0L, 0L), dim = c(7L, 5L), dimnames = structure(list(
        c("-3", "-2", "-1", "0", "1", "2", "10"), c("A", "C", 
        "G", "T", NA)), names = c("", ""))), LR46_SNP1 = structure(c(0L, 
    0L, 6L, 0L, 0L, 1L, 109L, 9845L, 22L, 1L, 0L, 0L, 22L, 0L, 
    0L, 0L, 0L, 76L, 0L, 0L), dim = 5:4, dimnames = structure(list(
        c("-2", "-1", "0", "1", "2"), c("A", "G", "T", NA)), names = c("", 
    ""))), LR48_SNP1 = structure(c(0L, 0L, 0L, 1L, 0L, 0L, 0L, 
    0L, 1L, 0L, 1L, 0L, 2L, 41L, 1956L, 10262L, 158L, 2L, 0L, 
    0L, 0L, 3L, 0L, 0L, 0L, 1L, 14L, 285L, 2L, 0L), dim = 6:5, dimnames = structure(list(
        c("-3", "-2", "-1", "0", "1", "2"), c("-", "A", "C", 
        "T", NA)), names = c("", ""))), LR49_SNP1 = structure(c(1L, 
    55L, 5669L, 0L, 0L, 13L, 5147L, 1L, 0L, 0L, 3L, 0L, 0L, 2L, 
    172L, 0L), dim = c(4L, 4L), dimnames = structure(list(c("-2", 
    "-1", "0", "1"), c("A", "G", "T", NA)), names = c("", ""))), 
    LR52_SNP1 = structure(c(0L, 0L, 0L, 0L, 1L, 0L, 0L, 0L, 1L, 
    2L, 0L, 3L, 0L, 0L, 454L, 172L, 920L, 1482L, 6810L, 73L, 
    3L, 1L, 2L, 10L, 25L, 444L, 9L, 0L), dim = c(7L, 4L), dimnames = structure(list(
        c("-4", "-3", "-2", "-1", "0", "1", "2"), c("A", "C", 
        "T", NA)), names = c("", ""))))
