Result <-
list(DEPDC2_SNP1 = structure(c(0L, 0L, 0L, 4L, 0L, 11L, 6L, 599L, 
4163L, 40L, 0L, 0L, 0L, 43L, 0L), dim = c(5L, 3L), dimnames = structure(list(
    c("-3", "-2", "-1", "0", "1"), c("C", "T", NA)), names = c("", 
""))), GM01_SNP1 = structure(c(0L, 0L, 1L, 0L, 4L, 1733L, 10546L, 
52L, 0L, 3L, 24L, 0L, 0L, 0L, 3L, 0L, 0L, 7L, 132L, 2L), dim = 4:5, dimnames = structure(list(
    c("-2", "-1", "0", "1"), c("-", "A", "G", "T", NA)), names = c("", 
""))), GM07_SNP1 = structure(c(4L, 1050L, 261L, 2440L, 54L, 1L, 
132L, 1079L, 2337L, 75L, 0L, 0L, 0L, 1L, 0L, 0L, 9L, 12L, 93L, 
3L), dim = 5:4, dimnames = structure(list(c("-3", "-2", "-1", 
"0", "1"), c("A", "G", "T", NA)), names = c("", ""))), GM09_SNP1 = structure(c(186L, 
6077L, 10L, 62L, 5435L, 8L, 0L, 1L, 0L, 2L, 71L, 0L), dim = 3:4, dimnames = structure(list(
    c("-1", "0", "1"), c("A", "G", "T", NA)), names = c("", ""
))), GM11_SNP1 = structure(c(0L, 0L, 4L, 0L, 13L, 1340L, 4116L, 
27L, 0L, 11L, 42L, 0L), dim = 4:3, dimnames = structure(list(
    c("-2", "-1", "0", "1"), c("A", "G", NA)), names = c("", 
""))), GM14_SNP1 = structure(c(0L, 48L, 658L, 3266L, 46L, 1L, 
1L, 13L, 201L, 3559L, 27L, 0L, 0L, 0L, 0L, 72L, 1L, 0L), dim = c(6L, 
3L), dimnames = structure(list(c("-4", "-2", "-1", "0", "1", 
"3"), c("C", "T", NA)), names = c("", ""))), GM17_SNP1 = structure(c(0L, 
0L, 1L, 0L, 0L, 1L, 16L, 0L, 11L, 1887L, 10726L, 44L, 0L, 8L, 
361L, 0L), dim = c(4L, 4L), dimnames = structure(list(c("-2", 
"-1", "0", "1"), c("A", "C", "T", NA)), names = c("", ""))), 
    GM22_SNP1 = structure(c(0L, 1L, 41L, 0L, 0L, 8L, 1178L, 8734L, 
    40L, 2L, 0L, 1L, 0L, 0L, 0L, 0L, 20L, 230L, 1L, 0L), dim = 5:4, dimnames = structure(list(
        c("-2", "-1", "0", "1", "2"), c("A", "G", "T", NA)), names = c("", 
    ""))), GM26_SNP1 = structure(c(0L, 24L, 1562L, 2L, 1L, 1L, 
    17L, 1595L, 6L, 0L, 0L, 0L, 1L, 0L, 0L, 0L, 0L, 51L, 2L, 
    0L), dim = 5:4, dimnames = structure(list(c("-2", "-1", "0", 
    "1", "2"), c("A", "G", "T", NA)), names = c("", ""))), GM29_SNP1 = structure(c(124L, 
    1987L, 9264L, 51L, 0L, 1L, 30L, 0L, 0L, 1L, 3L, 0L, 1L, 8L, 
    110L, 1L), dim = c(4L, 4L), dimnames = structure(list(c("-2", 
    "-1", "0", "1"), c("A", "G", "T", NA)), names = c("", ""))), 
    IM16_SNP1 = structure(c(0L, 1L, 11L, 0L, 0L, 1L, 0L, 0L, 
    0L, 0L, 642L, 1038L, 7241L, 141L, 2L, 0L, 4L, 132L, 9L, 0L
    ), dim = 5:4, dimnames = structure(list(c("-2", "-1", "0", 
    "1", "2"), c("A", "C", "G", NA)), names = c("", ""))), IM49_SNP1 = structure(c(15L, 
    1310L, 138L, 3947L, 106L, 1L, 0L, 12L, 495L, 4558L, 122L, 
    5L, 0L, 0L, 0L, 1L, 0L, 0L, 0L, 3L, 13L, 316L, 6L, 1L), dim = c(6L, 
    4L), dimnames = structure(list(c("-3", "-2", "-1", "0", "1", 
    "2"), c("C", "G", "T", NA)), names = c("", ""))), LR10_SNP1 = structure(c(0L, 
    0L, 1L, 0L, 34L, 467L, 2419L, 22L, 24L, 802L, 2062L, 24L, 
    0L, 5L, 79L, 2L), dim = c(4L, 4L), dimnames = structure(list(
        c("-2", "-1", "0", "1"), c("-", "C", "T", NA)), names = c("", 
    ""))), LR11_SNP1 = structure(c(1L, 10L, 400L, 4161L, 21L, 
    2L, 2L, 47L, 1114L, 2843L, 17L, 0L, 0L, 0L, 2L, 2L, 0L, 0L, 
    0L, 0L, 39L, 174L, 1L, 0L), dim = c(6L, 4L), dimnames = structure(list(
        c("-3", "-2", "-1", "0", "1", "2"), c("A", "C", "T", 
        NA)), names = c("", ""))), LR17_SNP1 = structure(c(2L, 
    141L, 3410L, 14045L, 200L, 3L, 0L, 0L, 1L, 13L, 0L, 0L, 0L, 
    0L, 139L, 1021L, 4L, 0L), dim = c(6L, 3L), dimnames = structure(list(
        c("-3", "-2", "-1", "0", "1", "2"), c("A", "G", NA)), names = c("", 
    ""))), LR20_SNP1 = structure(c(116L, 4065L, 3L, 30L, 4205L, 
    0L, 0L, 1L, 0L, 2L, 65L, 0L), dim = 3:4, dimnames = structure(list(
        c("-1", "0", "1"), c("A", "G", "T", NA)), names = c("", 
    ""))), LR24_SNP1 = structure(c(66L, 1236L, 3325L, 6L, 2L, 
    141L, 4474L, 6L, 0L, 5L, 46L, 2L), dim = 4:3, dimnames = structure(list(
        c("-2", "-1", "0", "1"), c("A", "G", NA)), names = c("", 
    ""))), LR36_SNP1 = structure(c(0L, 0L, 0L, 2L, 0L, 0L, 2L, 
    135L, 1808L, 5311L, 36L, 1L, 0L, 0L, 1L, 1L, 0L, 0L, 0L, 
    0L, 1L, 2L, 0L, 0L, 6L, 210L, 1586L, 4930L, 46L, 0L, 2L, 
    8L, 98L, 566L, 10L, 0L), dim = c(6L, 6L), dimnames = structure(list(
        c("-3", "-2", "-1", "0", "1", "2"), c("-", "A", "C", 
        "G", "T", NA)), names = c("", ""))), LR40_SNP1 = structure(c(0L, 
    0L, 2L, 0L, 31L, 1422L, 5687L, 11L, 0L, 10L, 43L, 0L), dim = 4:3, dimnames = structure(list(
        c("-2", "-1", "0", "1"), c("A", "C", NA)), names = c("", 
    ""))), LR44_SNP1 = structure(c(0L, 0L, 0L, 3L, 0L, 0L, 0L, 
    41L, 165L, 918L, 6L, 0L, 0L, 0L, 0L, 1L, 0L, 0L, 20L, 181L, 
    182L, 858L, 26L, 3L, 1L, 1L, 2L, 44L, 1L, 0L), dim = 6:5, dimnames = structure(list(
        c("-3", "-2", "-1", "0", "1", "2"), c("A", "C", "G", 
        "T", NA)), names = c("", ""))), LR46_SNP1 = structure(c(0L, 
    2L, 0L, 0L, 174L, 6076L, 32L, 1L, 0L, 10L, 0L, 0L, 0L, 46L, 
    0L, 0L), dim = c(4L, 4L), dimnames = structure(list(c("-1", 
    "0", "1", "2"), c("A", "G", "T", NA)), names = c("", ""))), 
    LR48_SNP1 = structure(c(0L, 0L, 0L, 1L, 0L, 0L, 0L, 3L, 224L, 
    3240L, 55L, 0L, 1L, 5L, 255L, 2724L, 36L, 1L, 0L, 0L, 6L, 
    153L, 2L, 0L), dim = c(6L, 4L), dimnames = structure(list(
        c("-3", "-2", "-1", "0", "1", "2"), c("A", "C", "T", 
        NA)), names = c("", ""))), LR49_SNP1 = structure(c(0L, 
    3L, 11L, 0L, 61L, 1417L, 5972L, 3L, 0L, 0L, 2L, 0L, 0L, 7L, 
    36L, 0L), dim = c(4L, 4L), dimnames = structure(list(c("-2", 
    "-1", "0", "1"), c("A", "G", "T", NA)), names = c("", ""))), 
    LR52_SNP1 = structure(c(1L, 139L, 446L, 301L, 271L, 2227L, 
    21L, 0L, 0L, 2L, 0L, 0L, 7L, 0L, 0L, 0L, 4L, 3L, 16L, 574L, 
    7L), dim = c(7L, 3L), dimnames = structure(list(c("-5", "-4", 
    "-3", "-2", "-1", "0", "1"), c("C", "T", NA)), names = c("", 
    ""))))
