Result <-
list(DEPDC2_SNP1 = structure(c(19L, 1264L, 5L, 9L, 1520L, 10L, 
0L, 72L, 1L), dim = c(3L, 3L), dimnames = structure(list(c("-1", 
"0", "1"), c("C", "T", NA)), names = c("", ""))), GM01_SNP1 = structure(c(0L, 
7L, 0L, 54L, 3423L, 10L, 1L, 24L, 0L), dim = c(3L, 3L), dimnames = structure(list(
    c("-1", "0", "1"), c("A", "G", NA)), names = c("", ""))), 
    GM07_SNP1 = structure(c(5L, 304L, 736L, 647L, 17L, 1L, 1L, 
    47L, 717L, 633L, 12L, 0L, 0L, 0L, 2L, 0L, 0L, 0L, 0L, 0L, 
    2L, 8L, 0L, 0L), dim = c(6L, 4L), dimnames = structure(list(
        c("-3", "-2", "-1", "0", "1", "2"), c("A", "G", "T", 
        NA)), names = c("", ""))), GM09_SNP1 = structure(c(0L, 
    0L, 6L, 0L, 1L, 169L, 3958L, 7L, 0L, 0L, 3L, 0L, 0L, 0L, 
    17L, 0L), dim = c(4L, 4L), dimnames = structure(list(c("-2", 
    "-1", "0", "1"), c("A", "G", "T", NA)), names = c("", ""))), 
    GM11_SNP1 = structure(c(53L, 1706L, 130L, 0L, 3L, 0L, 0L, 
    9L, 0L), dim = c(3L, 3L), dimnames = structure(list(c("-1", 
    "0", "1"), c("A", "G", NA)), names = c("", ""))), GM14_SNP1 = structure(c(0L, 
    0L, 0L, 1L, 0L, 8L, 335L, 1168L, 3219L, 24L, 0L, 0L, 0L, 
    4L, 0L, 0L, 0L, 0L, 19L, 0L), dim = 5:4, dimnames = structure(list(
        c("-3", "-2", "-1", "0", "1"), c("-", "C", "T", NA)), names = c("", 
    ""))), GM17_SNP1 = structure(c(0L, 0L, 1L, 0L, 0L, 0L, 24L, 
    1L, 21L, 466L, 2712L, 12L, 0L, 4L, 8L, 0L), dim = c(4L, 4L
    ), dimnames = structure(list(c("-2", "-1", "0", "1"), c("A", 
    "C", "T", NA)), names = c("", ""))), GM22_SNP1 = structure(c(1L, 
    34L, 2454L, 13L, 0L, 0L, 7L, 0L, 0L, 0L, 10L, 1L), dim = 4:3, dimnames = structure(list(
        c("-2", "-1", "0", "1"), c("A", "G", NA)), names = c("", 
    ""))), GM26_SNP1 = structure(c(19L, 579L, 1205L, 18L, 0L, 
    0L, 18L, 0L, 1L, 1L, 5L, 0L), dim = 4:3, dimnames = structure(list(
        c("-2", "-1", "0", "1"), c("A", "G", NA)), names = c("", 
    ""))), GM29_SNP1 = structure(c(1L, 73L, 1127L, 110L, 1L, 
    43L, 1259L, 2L, 0L, 0L, 7L, 0L), dim = 4:3, dimnames = structure(list(
        c("-2", "-1", "0", "1"), c("A", "G", NA)), names = c("", 
    ""))), IM16_SNP1 = structure(c(1L, 4L, 1012L, 609L, 15L, 
    0L, 0L, 46L, 1588L, 18L, 0L, 0L, 0L, 1L, 0L, 0L, 0L, 5L, 
    9L, 0L), dim = 5:4, dimnames = structure(list(c("-3", "-2", 
    "-1", "0", "1"), c("A", "G", "T", NA)), names = c("", ""))), 
    IM49_SNP1 = structure(c(10L, 1065L, 54L, 948L, 26L, 0L, 11L, 
    476L, 510L, 739L, 13L, 1L, 0L, 4L, 7L, 36L, 0L, 0L), dim = c(6L, 
    3L), dimnames = structure(list(c("-3", "-2", "-1", "0", "1", 
    "2"), c("C", "G", NA)), names = c("", ""))), LR10_SNP1 = structure(c(5L, 
    622L, 660L, 5L, 8L, 119L, 1411L, 7L, 0L, 0L, 16L, 0L), dim = 4:3, dimnames = structure(list(
        c("-2", "-1", "0", "1"), c("C", "T", NA)), names = c("", 
    ""))), LR11_SNP1 = structure(c(0L, 1L, 0L, 0L, 0L, 0L, 2L, 
    150L, 1867L, 591L, 13L, 1L, 0L, 0L, 1L, 0L, 0L, 0L, 0L, 0L, 
    12L, 5L, 0L, 0L), dim = c(6L, 4L), dimnames = structure(list(
        c("-2", "-1", "0", "1", "2", "3"), c("A", "C", "T", NA
        )), names = c("", ""))), LR17_SNP1 = structure(c(9L, 
    2090L, 2002L, 2953L, 47L, 1L, 0L, 5L, 22L, 66L, 1L, 0L), dim = c(6L, 
    2L), dimnames = structure(list(c("-3", "-2", "-1", "0", "1", 
    "2"), c("A", NA)), names = c("", ""))), LR20_SNP1 = structure(c(4L, 
    1326L, 4L, 11L, 911L, 4L, 0L, 7L, 0L), dim = c(3L, 3L), dimnames = structure(list(
        c("-1", "0", "1"), c("A", "G", NA)), names = c("", ""
    ))), LR24_SNP1 = structure(c(0L, 58L, 2711L, 3L, 10L, 1323L, 
    1331L, 1L, 0L, 2L, 15L, 0L), dim = 4:3, dimnames = structure(list(
        c("-2", "-1", "0", "1"), c("A", "G", NA)), names = c("", 
    ""))), LR36_SNP1 = structure(c(1L, 3L, 366L, 634L, 923L, 
    10L, 2L, 5L, 302L, 831L, 962L, 4L, 0L, 1L, 3L, 10L, 42L, 
    0L), dim = c(6L, 3L), dimnames = structure(list(c("-4", "-3", 
    "-2", "-1", "0", "1"), c("A", "T", NA)), names = c("", ""
    ))), LR40_SNP1 = structure(c(0L, 1L, 0L, 302L, 1855L, 11L, 
    1L, 5L, 0L), dim = c(3L, 3L), dimnames = structure(list(c("-1", 
    "0", "1"), c("A", "C", NA)), names = c("", ""))), LR44_SNP1 = structure(c(0L, 
    0L, 0L, 13L, 0L, 0L, 68L, 459L, 553L, 1757L, 292L, 8L, 0L, 
    1L, 6L, 26L, 2L, 0L), dim = c(6L, 3L), dimnames = structure(list(
        c("-3", "-2", "-1", "0", "1", "2"), c("C", "T", NA)), names = c("", 
    ""))), LR46_SNP1 = structure(c(12L, 1647L, 2L, 8L, 1708L, 
    4L, 0L, 9L, 0L), dim = c(3L, 3L), dimnames = structure(list(
        c("-1", "0", "1"), c("G", "T", NA)), names = c("", ""
    ))), LR48_SNP1 = structure(c(1L, 3L, 252L, 1021L, 15L, 1L, 
    16L, 1048L, 498L, 14L, 0L, 0L, 3L, 7L, 0L), dim = c(5L, 3L
    ), dimnames = structure(list(c("-3", "-2", "-1", "0", "1"
    ), c("C", "T", NA)), names = c("", ""))), LR49_SNP1 = structure(c(1L, 
    6L, 0L, 26L, 2961L, 3L, 0L, 12L, 0L), dim = c(3L, 3L), dimnames = structure(list(
        c("-1", "0", "1"), c("A", "G", NA)), names = c("", ""
    ))), LR52_SNP1 = structure(c(6L, 319L, 1051L, 304L, 1115L, 
    12L, 10L, 1L, 0L, 0L, 0L, 0L, 8L, 0L, 0L, 0L, 0L, 0L, 3L, 
    1L, 48L, 0L, 1L, 0L), dim = c(8L, 3L), dimnames = structure(list(
        c("-4", "-3", "-2", "-1", "0", "1", "2", "3"), c("C", 
        "T", NA)), names = c("", ""))))
