Result <-
list(DEPDC2_SNP1 = structure(c(0, 0, 0, 0, 0, 0, 0, 0, 0, 0, 
0, 0, 0, 0, 0, 0, 0, 14, 309, 0), dim = 4:5, dimnames = list(
    c("-2", "-1", "0", "1"), c("-", "A", "C", "G", "T"))), GM01_SNP1 = structure(c(0, 
0, 41, 11, 0, 0, 0, 0, 0, 51, 0, 0), dim = c(6L, 2L), dimnames = list(
    c("-3", "-2", "-1", "0", "1", "2"), c("A", "G"))), GM07_SNP1 = structure(c(0, 
0, 0, 0, 0, 0, 0, 3, 75, 0, 0, 0, 0, 0, 0, 0, 0, 0), dim = c(6L, 
3L), dimnames = list(c("-2", "-1", "0", "1", "2", "3"), c("-", 
"A", "G"))), GM09_SNP1 = structure(c(0, 107, 0, 0, 0, 0, 0, 98, 
0, 0, 0, 0), dim = 3:4, dimnames = list(c("-1", "0", "1"), c("A", 
"C", "G", "T"))), GM11_SNP1 = structure(c(5, 14, 0, 0, 0, 0), dim = 3:2, dimnames = list(
    c("-1", "0", "1"), c("A", "G"))), GM14_SNP1 = structure(c(0, 
2, 73, 0, 0, 0, 0, 61, 0, 0), dim = c(5L, 2L), dimnames = list(
    c("-2", "-1", "0", "1", "2"), c("C", "T"))), GM17_SNP1 = structure(c(2, 
39, 75, 0, 0, 0, 1, 0), dim = c(4L, 2L), dimnames = list(c("-2", 
"-1", "0", "1"), c("C", "T"))), GM22_SNP1 = structure(c(0, 0, 
0, 0, 0, 0, 100, 0, 0, 0, 0, 0, 0, 0, 0, 0), dim = c(4L, 4L), dimnames = list(
    c("-2", "-1", "0", "1"), c("-", "A", "G", "T"))), GM26_SNP1 = structure(c(0, 
1, 76, 0, 0, 0, 0, 0), dim = c(4L, 2L), dimnames = list(c("-2", 
"-1", "0", "1"), c("A", "G"))), GM29_SNP1 = structure(c(0, 0, 
47, 0, 0, 0, 35, 0), dim = c(4L, 2L), dimnames = list(c("-2", 
"-1", "0", "1"), c("A", "G"))), IM16_SNP1 = structure(c(0, 0, 
0, 0, 0, 0, 0, 38, 17, 0), dim = c(5L, 2L), dimnames = list(c("-2", 
"-1", "0", "1", "2"), c("A", "G"))), IM49_SNP1 = structure(c(0, 
0, 0, 0, 0, 0, 0, 0, 0, 107, 49, 0, 0, 0, 0, 0, 7, 133, 1, 0, 
0), dim = c(7L, 3L), dimnames = list(c("-3", "-2", "-1", "0", 
"1", "2", "3"), c("A", "C", "G"))), LR10_SNP1 = structure(c(0, 
0, 63, 0, 0, 0, 0, 0, 0, 0), dim = c(5L, 2L), dimnames = list(
    c("-2", "-1", "0", "1", "2"), c("C", "T"))), LR11_SNP1 = structure(c(0, 
0, 0, 0, 0, 0, 4, 123, 0, 0, 0, 0, 0, 0, 0), dim = c(5L, 3L), dimnames = list(
    c("-2", "-1", "0", "1", "2"), c("A", "C", "T"))), LR17_SNP1 = structure(c(0, 
1, 88, 0, 0, 0, 0, 0), dim = c(4L, 2L), dimnames = list(c("-2", 
"-1", "0", "1"), c("A", "G"))), LR20_SNP1 = structure(c(0, 52, 
0, 0, 43, 0), dim = 3:2, dimnames = list(c("-1", "0", "1"), c("A", 
"G"))), LR24_SNP1 = structure(c(0, 351, 0, 0, 0, 0, 0, 0, 0, 
0, 0, 0), dim = 3:4, dimnames = list(c("-1", "0", "1"), c("A", 
"C", "G", "T"))), LR36_SNP1 = structure(c(0, 0, 0, 0, 0, 0, 0, 
0, 0, 0, 0, 0, 0, 0, 0, 0, 0, 0, 0, 0, 0, 0, 0, 0, 2, 161, 0, 
0), dim = c(7L, 4L), dimnames = list(c("-4", "-3", "-2", "-1", 
"0", "1", "2"), c("A", "C", "G", "T"))), LR40_SNP1 = structure(c(0, 
0, 0, 0, 0, 0, 1, 48, 0, 0), dim = c(5L, 2L), dimnames = list(
    c("-2", "-1", "0", "1", "2"), c("A", "C"))), LR44_SNP1 = structure(c(0, 
0, 0, 0, 0, 0, 0, 0, 12, 90, 0, 0, 0, 0, 0, 0, 0, 0, 0, 0, 0, 
1, 0, 0, 0, 0, 0, 1, 0, 0), dim = 6:5, dimnames = list(c("-3", 
"-2", "-1", "0", "1", "2"), c("A", "C", "G", "N", "T"))), LR46_SNP1 = structure(c(0, 
30, 0, 0, 0, 27, 0, 0), dim = c(4L, 2L), dimnames = list(c("-1", 
"0", "1", "2"), c("G", "T"))), LR48_SNP1 = structure(c(0, 1, 
36, 0, 0, 0, 21, 0), dim = c(4L, 2L), dimnames = list(c("-2", 
"-1", "0", "1"), c("C", "T"))), LR49_SNP1 = structure(c(0, 70, 
4, 69), dim = c(2L, 2L), dimnames = list(c("-1", "0"), c("A", 
"G"))), LR52_SNP1 = structure(c(0, 1, 7, 19, 16, 2, 0, 0, 0, 
1, 0, 0), dim = c(6L, 2L), dimnames = list(c("-4", "-3", "-2", 
"-1", "0", "1"), c("C", "T"))))
