Result <-
list(DEPDC2_SNP1 = structure(c(0, 0, 0, 0, 0, 1, 678, 0), dim = c(4L, 
2L), dimnames = list(c("-2", "-1", "0", "1"), c("C", "T"))), 
    GM01_SNP1 = structure(c(0, 0, 393, 0, 0, 0, 370, 0), dim = c(4L, 
    2L), dimnames = list(c("-2", "-1", "0", "1"), c("A", "G"))), 
    GM07_SNP1 = structure(c(0, 5, 236, 4, 0, 1, 0, 221, 2, 0), dim = c(5L, 
    2L), dimnames = list(c("-2", "-1", "0", "1", "2"), c("A", 
    "G"))), GM09_SNP1 = structure(c(0, 0, 0, 2, 1054, 0, 0, 0, 
    0), dim = c(3L, 3L), dimnames = list(c("-1", "0", "1"), c("A", 
    "G", "T"))), GM11_SNP1 = structure(c(0, 0, 0, 0, 0, 0, 824, 
    0), dim = c(4L, 2L), dimnames = list(c("-2", "-1", "0", "1"
    ), c("A", "G"))), GM14_SNP1 = structure(c(0, 2, 354, 0, 0, 
    1, 312, 2), dim = c(4L, 2L), dimnames = list(c("-2", "-1", 
    "0", "1"), c("C", "T"))), GM17_SNP1 = structure(c(0, 0, 0, 
    1, 683, 0), dim = 3:2, dimnames = list(c("-1", "0", "1"), 
        c("C", "T"))), GM22_SNP1 = structure(c(0, 1, 326, 0, 
    0, 1, 302, 0), dim = c(4L, 2L), dimnames = list(c("-2", "-1", 
    "0", "1"), c("A", "G"))), GM26_SNP1 = structure(c(0, 1, 371, 
    0, 0, 0, 0, 0), dim = c(4L, 2L), dimnames = list(c("-2", 
    "-1", "0", "1"), c("A", "G"))), GM29_SNP1 = structure(c(0, 
    0, 0, 0, 0, 0, 224, 0, 0, 0, 246, 0), dim = 4:3, dimnames = list(
        c("-2", "-1", "0", "1"), c("-", "A", "G"))), IM16_SNP1 = structure(c(1, 
    579, 1, 0, 0, 0), dim = 3:2, dimnames = list(c("-1", "0", 
    "1"), c("A", "G"))), IM49_SNP1 = structure(c(2, 326, 1, 0, 
    5, 303, 1, 0), dim = c(4L, 2L), dimnames = list(c("-1", "0", 
    "1", "2"), c("C", "G"))), LR10_SNP1 = structure(c(0, 0, 0, 
    0, 0, 4, 541, 0, 0, 0, 0, 0, 0, 2, 531, 0), dim = c(4L, 4L
    ), dimnames = list(c("-2", "-1", "0", "1"), c("A", "C", "G", 
    "T"))), LR11_SNP1 = structure(c(0, 0, 0, 0, 0, 0, 0, 0, 1, 
    1032, 0, 0, 0, 0, 0, 0, 0, 0), dim = c(6L, 3L), dimnames = list(
        c("-3", "-2", "-1", "0", "1", "2"), c("A", "C", "T"))), 
    LR17_SNP1 = structure(c(0, 6, 1186, 3, 0, 0, 0, 0), dim = c(4L, 
    2L), dimnames = list(c("-2", "-1", "0", "1"), c("A", "G"))), 
    LR20_SNP1 = structure(c(0, 306, 0, 1, 334, 0), dim = 3:2, dimnames = list(
        c("-1", "0", "1"), c("A", "G"))), LR24_SNP1 = structure(c(0, 
    1394, 0, 0, 0, 0, 0, 0, 0), dim = c(3L, 3L), dimnames = list(
        c("-1", "0", "1"), c("A", "G", "T"))), LR36_SNP1 = structure(c(0, 
    0, 0, 0, 0, 0, 0, 2, 586, 2), dim = c(5L, 2L), dimnames = list(
        c("-3", "-2", "-1", "0", "1"), c("A", "T"))), LR40_SNP1 = structure(c(0, 
    0, 0, 1, 532, 0, 0, 0, 0), dim = c(3L, 3L), dimnames = list(
        c("-1", "0", "1"), c("A", "C", "T"))), LR44_SNP1 = structure(c(0, 
    6, 426, 1, 0, 0, 0, 4, 0, 0), dim = c(5L, 2L), dimnames = list(
        c("-2", "-1", "0", "1", "2"), c("C", "T"))), LR46_SNP1 = structure(c(0, 
    223, 0, 0, 229, 0), dim = 3:2, dimnames = list(c("-1", "0", 
    "1"), c("G", "T"))), LR48_SNP1 = structure(c(0, 0, 0, 0, 
    0, 1, 240, 0, 0, 5, 246, 0), dim = 4:3, dimnames = list(c("-2", 
    "-1", "0", "1"), c("A", "C", "T"))), LR49_SNP1 = structure(c(1, 
    321, 0, 308), dim = c(2L, 2L), dimnames = list(c("-1", "0"
    ), c("A", "G"))), LR52_SNP1 = structure(c(0, 2, 8, 217, 0, 
    0, 1, 9, 213, 0), dim = c(5L, 2L), dimnames = list(c("-3", 
    "-2", "-1", "0", "1"), c("C", "T"))))
