Result <-
list(DEPDC2_SNP1 = structure(c(0, 0, 0, 0, 0, 0, 162, 1, 1, 80, 
61, 1), dim = 4:3, dimnames = list(c("-2", "-1", "0", "1"), c("A", 
"C", "T"))), GM01_SNP1 = structure(c(0, 0, 124, 0, 0, 0, 0, 0, 
0, 0, 0, 0, 0, 0, 0), dim = c(5L, 3L), dimnames = list(c("-2", 
"-1", "0", "1", "2"), c("A", "G", "T"))), GM07_SNP1 = structure(c(0, 
0, 0, 0, 0, 0, 0, 0, 33, 68, 1, 0, 0, 0, 0, 0, 0, 0, 0, 0, 0, 
0, 0, 0, 0, 0, 0, 0, 0, 0), dim = 6:5, dimnames = list(c("-3", 
"-2", "-1", "0", "1", "2"), c("-", "A", "G", "N", "T"))), GM09_SNP1 = structure(c(0, 
119, 0, 0, 116, 0), dim = 3:2, dimnames = list(c("-1", "0", "1"
), c("A", "G"))), GM11_SNP1 = structure(c(0, 0, 39, 0, 0, 26, 
9, 0, 0, 0, 0, 0), dim = 4:3, dimnames = list(c("-2", "-1", "0", 
"1"), c("A", "G", "T"))), GM14_SNP1 = structure(c(0, 0, 0, 0, 
0, 0, 0, 30, 22, 0, 0, 0, 0, 68, 0), dim = c(5L, 3L), dimnames = list(
    c("-3", "-2", "-1", "0", "1"), c("A", "C", "T"))), GM17_SNP1 = structure(c(0, 
0, 61, 0, 0, 0, 0, 61, 1, 0), dim = c(5L, 2L), dimnames = list(
    c("-2", "-1", "0", "1", "2"), c("C", "T"))), GM22_SNP1 = structure(c(0, 
0, 39, 0, 0, 0, 32, 0), dim = c(4L, 2L), dimnames = list(c("-2", 
"-1", "0", "1"), c("A", "G"))), GM26_SNP1 = structure(c(0, 0, 
92, 0, 0), dim = c(5L, 1L), dimnames = list(c("-2", "-1", "0", 
"1", "2"), "A")), GM29_SNP1 = structure(c(0, 15, 93, 0, 0, 0, 
0, 0, 0, 0, 0, 0), dim = 4:3, dimnames = list(c("-2", "-1", "0", 
"1"), c("A", "G", "T"))), IM16_SNP1 = structure(c(0, 0, 0, 0, 
70, 1), dim = 3:2, dimnames = list(c("-1", "0", "1"), c("A", 
"G"))), IM49_SNP1 = structure(c(0, 0, 0, 0, 0, 0, 0, 6, 162, 
1, 0, 0), dim = c(6L, 2L), dimnames = list(c("-2", "-1", "0", 
"1", "2", "4"), c("C", "G"))), LR10_SNP1 = structure(c(0, 0, 
0, 0, 0, 0, 0, 0, 0, 0, 41, 0, 0, 1, 47, 0), dim = c(4L, 4L), dimnames = list(
    c("-2", "-1", "0", "1"), c("-", "A", "C", "T"))), LR11_SNP1 = structure(c(0, 
4, 107, 0, 0, 0, 0, 0, 0, 0, 0, 0, 0, 0, 0), dim = c(5L, 3L), dimnames = list(
    c("-2", "-1", "0", "1", "2"), c("A", "C", "T"))), LR17_SNP1 = structure(c(0, 
3, 50, 0), dim = c(4L, 1L), dimnames = list(c("-2", "-1", "0", 
"1"), "A")), LR20_SNP1 = structure(c(0, 0, 0, 0, 100, 0), dim = 3:2, dimnames = list(
    c("-1", "0", "1"), c("A", "G"))), LR24_SNP1 = structure(c(0, 
5, 365, 0, 0, 0, 1, 193, 0, 0, 0, 0, 0, 0, 0), dim = c(5L, 3L
), dimnames = list(c("-2", "-1", "0", "1", "2"), c("A", "G", 
"N"))), LR36_SNP1 = structure(c(0, 0, 0, 0, 0, 0, 0, 0, 0, 0, 
2, 58, 0, 0, 0, 0, 0, 0, 0, 0, 0, 0, 0, 1, 3, 54, 0, 0), dim = c(7L, 
4L), dimnames = list(c("-4", "-3", "-2", "-1", "0", "1", "2"), 
    c("-", "A", "G", "T"))), LR40_SNP1 = structure(c(0, 0, 1, 
0, 0, 3, 60, 0, 0, 0, 0, 0), dim = 4:3, dimnames = list(c("-2", 
"-1", "0", "1"), c("A", "C", "T"))), LR44_SNP1 = structure(c(0, 
0, 2, 54, 113, 0, 0, 0, 0, 0, 0, 0, 0, 0, 0, 0, 0, 0, 0, 0, 0, 
0, 0, 0, 0, 1, 0, 0), dim = c(7L, 4L), dimnames = list(c("-4", 
"-3", "-2", "-1", "0", "1", "2"), c("C", "G", "N", "T"))), LR46_SNP1 = structure(c(1, 
82, 0, 0, 0, 0, 0, 0, 0), dim = c(3L, 3L), dimnames = list(c("-1", 
"0", "1"), c("G", "N", "T"))), LR48_SNP1 = structure(c(0, 1, 
27, 0, 0, 0, 0, 0, 13, 19, 9, 0), dim = c(6L, 2L), dimnames = list(
    c("-2", "-1", "0", "1", "2", "3"), c("C", "T"))), LR49_SNP1 = structure(c(0, 
0, 0, 0, 0, 0, 0, 0, 0, 1, 142, 0), dim = 4:3, dimnames = list(
    c("-2", "-1", "0", "1"), c("A", "C", "G"))), LR52_SNP1 = structure(c(0, 
0, 0, 0, 0, 0, 0, 2, 21, 29, 20, 0, 0, 0, 0, 0, 0, 0, 0, 0, 0, 
0, 2, 0), dim = c(6L, 4L), dimnames = list(c("-3", "-2", "-1", 
"0", "1", "2"), c("A", "C", "G", "T"))))
