Result <-
list(DEPDC2_SNP1 = structure(c(0, 0, 0, 0, 0, 305, 1, 0, 1, 366, 
1, 0), dim = 4:3, dimnames = list(c("-1", "0", "1", "2"), c("A", 
"C", "T"))), GM01_SNP1 = structure(c(0, 0, 186, 0, 0, 0, 163, 
0), dim = c(4L, 2L), dimnames = list(c("-2", "-1", "0", "1"), 
    c("A", "G"))), GM07_SNP1 = structure(c(0, 0, 0, 0, 0, 0, 
4, 95, 1, 0, 1, 35, 105, 0, 0), dim = c(5L, 3L), dimnames = list(
    c("-2", "-1", "0", "1", "2"), c("-", "A", "G"))), GM09_SNP1 = structure(c(0, 
19, 273, 0, 0, 2, 269, 0, 0, 0, 0, 0), dim = 4:3, dimnames = list(
    c("-2", "-1", "0", "1"), c("A", "G", "T"))), GM11_SNP1 = structure(c(2, 
150, 0, 0, 1, 0, 0, 0, 0), dim = c(3L, 3L), dimnames = list(c("-1", 
"0", "1"), c("A", "G", "T"))), GM14_SNP1 = structure(c(0, 0, 
0, 0, 0, 0, 18, 401, 2, 0, 0, 0, 1, 0, 0), dim = c(5L, 3L), dimnames = list(
    c("-2", "-1", "0", "1", "2"), c("A", "C", "T"))), GM17_SNP1 = structure(c(0, 
159, 0, 0, 145, 0), dim = 3:2, dimnames = list(c("-1", "0", "1"
), c("C", "T"))), GM22_SNP1 = structure(c(0, 1, 234, 0, 0, 0, 
0, 1, 1, 0), dim = c(5L, 2L), dimnames = list(c("-2", "-1", "0", 
"1", "2"), c("A", "G"))), GM26_SNP1 = structure(c(0, 1, 193, 
0, 0, 0, 2, 0), dim = c(4L, 2L), dimnames = list(c("-2", "-1", 
"0", "1"), c("A", "G"))), GM29_SNP1 = structure(c(6, 238, 0, 
0, 0, 0), dim = 3:2, dimnames = list(c("-1", "0", "1"), c("A", 
"G"))), IM16_SNP1 = structure(c(0, 2, 0, 0, 6, 244, 1, 0), dim = c(4L, 
2L), dimnames = list(c("-1", "0", "1", "2"), c("A", "G"))), IM49_SNP1 = structure(c(0, 
1, 6, 0, 0, 4, 81, 475, 1, 0), dim = c(5L, 2L), dimnames = list(
    c("-2", "-1", "0", "1", "2"), c("C", "G"))), LR10_SNP1 = structure(c(0, 
4, 107, 0, 0, 1, 150, 0), dim = c(4L, 2L), dimnames = list(c("-2", 
"-1", "0", "1"), c("C", "T"))), LR11_SNP1 = structure(c(0, 9, 
179, 0, 0, 0, 0, 1, 158, 4, 0, 0, 0, 0, 0, 0, 0, 0, 0, 0, 0, 
0, 0, 0), dim = c(6L, 4L), dimnames = list(c("-3", "-1", "0", 
"1", "2", "3"), c("A", "C", "G", "T"))), LR17_SNP1 = structure(c(0, 
7, 202, 23, 0, 0, 0, 0, 0, 0), dim = c(5L, 2L), dimnames = list(
    c("-2", "-1", "0", "1", "2"), c("A", "G"))), LR20_SNP1 = structure(c(0, 
0, 2, 0, 0, 0, 239, 0), dim = c(4L, 2L), dimnames = list(c("-2", 
"-1", "0", "1"), c("A", "G"))), LR24_SNP1 = structure(c(0, 4, 
535, 1, 0, 2, 530, 0), dim = c(4L, 2L), dimnames = list(c("-2", 
"-1", "0", "1"), c("A", "G"))), LR36_SNP1 = structure(c(0, 0, 
4, 223, 2, 0, 0, 0, 0, 0, 0, 0, 0, 0, 0, 0, 0, 0, 1, 1, 19, 198, 
1, 0), dim = c(6L, 4L), dimnames = list(c("-3", "-2", "-1", "0", 
"1", "2"), c("A", "C", "G", "T"))), LR40_SNP1 = structure(c(0, 
2, 115, 0, 0, 0, 1, 119, 0, 0, 0, 0, 0, 0, 0), dim = c(5L, 3L
), dimnames = list(c("-2", "-1", "0", "1", "2"), c("A", "C", 
"G"))), LR44_SNP1 = structure(c(0, 0, 0, 1, 0, 0, 0, 0, 1, 105, 
1, 0, 0, 0, 25, 186, 1, 0), dim = c(6L, 3L), dimnames = list(
    c("-3", "-2", "-1", "0", "1", "2"), c("A", "C", "T"))), LR46_SNP1 = structure(c(0, 
0, 0, 0, 0, 3, 91, 0, 0, 6, 90, 0), dim = 4:3, dimnames = list(
    c("-3", "-1", "0", "1"), c("A", "G", "T"))), LR48_SNP1 = structure(c(1, 
27, 160, 0, 0, 0, 0, 1, 0, 0), dim = c(5L, 2L), dimnames = list(
    c("-2", "-1", "0", "1", "2"), c("C", "T"))), LR49_SNP1 = structure(c(0, 
384, 0, 0, 0, 0, 0, 1, 0, 0, 0, 0), dim = 3:4, dimnames = list(
    c("-1", "0", "1"), c("A", "C", "G", "T"))), LR52_SNP1 = structure(c(0, 
1, 17, 22, 173, 0, 0, 0, 0, 0, 2, 0), dim = c(6L, 2L), dimnames = list(
    c("-4", "-3", "-2", "-1", "0", "1"), c("C", "T"))))
