Result <-
list(DEPDC2_SNP1 = structure(c(0, 0, 0, 0, 612, 0, 0, 633, 0), dim = c(3L, 
3L), dimnames = list(c("-1", "0", "1"), c("A", "C", "T"))), GM01_SNP1 = structure(c(1, 
365, 0, 1, 356, 1), dim = 3:2, dimnames = list(c("-1", "0", "1"
), c("A", "G"))), GM07_SNP1 = structure(c(0, 0, 0, 0, 0, 0, 3, 
248, 0, 0, 0, 5, 239, 4, 0), dim = c(5L, 3L), dimnames = list(
    c("-2", "-1", "0", "1", "2"), c("-", "A", "G"))), GM09_SNP1 = structure(c(0, 
0, 1224, 1, 0, 0, 0, 0, 0, 0, 0, 0), dim = 4:3, dimnames = list(
    c("-2", "-1", "0", "1"), c("A", "G", "T"))), GM11_SNP1 = structure(c(0, 
406, 0, 0, 0, 0), dim = 3:2, dimnames = list(c("-1", "0", "1"
), c("A", "G"))), GM14_SNP1 = structure(c(0, 0, 1, 395, 1, 0, 
0, 0, 324, 0), dim = c(5L, 2L), dimnames = list(c("-3", "-2", 
"-1", "0", "1"), c("C", "T"))), GM17_SNP1 = structure(c(0, 260, 
0, 0, 317, 0), dim = 3:2, dimnames = list(c("-1", "0", "1"), 
    c("C", "T"))), GM22_SNP1 = structure(c(0, 0, 272, 0, 0, 0, 
232, 0, 0, 0, 0, 0), dim = 4:3, dimnames = list(c("-2", "-1", 
"0", "1"), c("A", "G", "T"))), GM26_SNP1 = structure(c(1, 232, 
0, 1, 231, 0), dim = 3:2, dimnames = list(c("-1", "0", "1"), 
    c("A", "G"))), GM29_SNP1 = structure(c(0, 2, 227, 0, 0, 0, 
211, 0), dim = c(4L, 2L), dimnames = list(c("-2", "-1", "0", 
"1"), c("A", "G"))), IM16_SNP1 = structure(c(0, 1, 229, 1, 0, 
1, 253, 1), dim = c(4L, 2L), dimnames = list(c("-2", "-1", "0", 
"1"), c("A", "G"))), IM49_SNP1 = structure(c(0, 3, 407, 0, 0, 
0, 2, 387, 1, 0, 0, 0, 0, 0, 0), dim = c(5L, 3L), dimnames = list(
    c("-2", "-1", "0", "1", "2"), c("C", "G", "T"))), LR10_SNP1 = structure(c(0, 
0, 265, 0, 0, 0, 0, 268, 0, 0), dim = c(5L, 2L), dimnames = list(
    c("-2", "-1", "0", "1", "2"), c("C", "T"))), LR11_SNP1 = structure(c(0, 
1, 406, 0, 0, 0, 2, 295, 0, 0, 0, 0, 0, 0, 0, 0, 0, 0, 0, 0), dim = 5:4, dimnames = list(
    c("-2", "-1", "0", "1", "2"), c("A", "C", "G", "T"))), LR17_SNP1 = structure(c(0, 
0, 1, 395, 1, 0, 0, 0, 0, 0, 0, 0), dim = c(6L, 2L), dimnames = list(
    c("-4", "-2", "-1", "0", "1", "2"), c("A", "C"))), LR20_SNP1 = structure(c(0, 
210, 0, 0, 234, 0), dim = 3:2, dimnames = list(c("-1", "0", "1"
), c("A", "G"))), LR24_SNP1 = structure(c(0, 0, 769, 0, 0, 0, 
832, 0, 0, 0, 0, 0), dim = 4:3, dimnames = list(c("-2", "-1", 
"0", "1"), c("A", "G", "T"))), LR36_SNP1 = structure(c(0, 0, 
0, 1, 385, 1, 0, 0, 0, 0, 0, 0, 0, 0, 0, 0, 0, 0, 0, 0, 368, 
2, 0, 0), dim = c(8L, 3L), dimnames = list(c("-4", "-3", "-2", 
"-1", "0", "1", "2", "3"), c("A", "G", "T"))), LR40_SNP1 = structure(c(0, 
1, 448, 0), dim = c(4L, 1L), dimnames = list(c("-2", "-1", "0", 
"1"), "C")), LR44_SNP1 = structure(c(0, 0, 0, 0, 0, 0, 0, 0, 
0, 0, 7, 580, 2, 1, 0, 0, 0, 0, 7, 0, 0), dim = c(7L, 3L), dimnames = list(
    c("-6", "-4", "-2", "-1", "0", "1", "2"), c("A", "C", "T"
    ))), LR46_SNP1 = structure(c(0, 204, 0, 0, 197, 0), dim = 3:2, dimnames = list(
    c("-1", "0", "1"), c("G", "T"))), LR48_SNP1 = structure(c(0, 
0, 0, 0, 0, 0, 366, 0, 0, 0, 0, 0), dim = 4:3, dimnames = list(
    c("-2", "-1", "0", "1"), c("A", "C", "T"))), LR49_SNP1 = structure(c(0, 
697, 0, 0, 0, 0), dim = 3:2, dimnames = list(c("-1", "0", "1"
), c("A", "G"))), LR52_SNP1 = structure(c(0, 0, 0, 0, 2, 0, 0, 
0, 0, 0, 7, 486, 0, 0), dim = c(7L, 2L), dimnames = list(c("-4", 
"-3", "-2", "-1", "0", "1", "2"), c("C", "T"))))
