Result <-
list(DEPDC2_SNP1 = structure(c(0, 170, 0, 0, 139, 0), dim = 3:2, dimnames = list(
    c("-1", "0", "1"), c("C", "T"))), GM01_SNP1 = structure(c(1, 
153, 0, 0, 129, 1, 0, 0, 0), dim = c(3L, 3L), dimnames = list(
    c("-1", "0", "1"), c("A", "G", "T"))), GM07_SNP1 = structure(c(0, 
1, 72, 0, 0, 0, 1, 93, 1, 0), dim = c(5L, 2L), dimnames = list(
    c("-2", "-1", "0", "1", "2"), c("A", "G"))), GM09_SNP1 = structure(c(0, 
259, 0, 1, 244, 1, 0, 0, 0), dim = c(3L, 3L), dimnames = list(
    c("-1", "0", "1"), c("A", "G", "T"))), GM11_SNP1 = structure(c(0, 
135, 0, 0, 126, 0, 0, 0, 0), dim = c(3L, 3L), dimnames = list(
    c("-1", "0", "1"), c("A", "G", "T"))), GM14_SNP1 = structure(c(0, 
0, 0, 0, 0, 0, 168, 0, 0, 1, 147, 0), dim = 4:3, dimnames = list(
    c("-2", "-1", "0", "1"), c("A", "C", "T"))), GM17_SNP1 = structure(c(0, 
137, 0, 0, 145, 0), dim = 3:2, dimnames = list(c("-1", "0", "1"
), c("C", "T"))), GM22_SNP1 = structure(c(0, 0, 0, 0, 0, 0, 230, 
0), dim = c(4L, 2L), dimnames = list(c("-2", "-1", "0", "1"), 
    c("A", "G"))), GM26_SNP1 = structure(c(0, 116, 0), dim = c(3L, 
1L), dimnames = list(c("-1", "0", "1"), "A")), GM29_SNP1 = structure(c(0, 
0, 217, 0, 0, 0, 0, 0), dim = c(4L, 2L), dimnames = list(c("-3", 
"-1", "0", "1"), c("A", "G"))), IM16_SNP1 = structure(c(0, 83, 
0, 0, 107, 0), dim = 3:2, dimnames = list(c("-1", "0", "1"), 
    c("A", "G"))), IM49_SNP1 = structure(c(0, 5, 667, 3, 0, 0, 
0, 2, 0, 0), dim = c(5L, 2L), dimnames = list(c("-2", "-1", "0", 
"1", "2"), c("C", "G"))), LR10_SNP1 = structure(c(1, 345, 0, 
0, 0, 0), dim = 3:2, dimnames = list(c("-1", "0", "1"), c("C", 
"T"))), LR11_SNP1 = structure(c(0, 0, 0, 0, 0, 0, 0, 2, 442, 
0), dim = c(5L, 2L), dimnames = list(c("-3", "-2", "-1", "0", 
"1"), c("A", "C"))), LR17_SNP1 = structure(c(0, 0, 6, 590, 1), dim = c(5L, 
1L), dimnames = list(c("-3", "-2", "-1", "0", "1"), "A")), LR20_SNP1 = structure(c(0, 
0, 0, 0, 306, 0), dim = 3:2, dimnames = list(c("-1", "0", "1"
), c("A", "G"))), LR24_SNP1 = structure(c(0, 419, 0, 0, 0, 0, 
1, 361, 0), dim = c(3L, 3L), dimnames = list(c("-1", "0", "1"
), c("A", "C", "G"))), LR36_SNP1 = structure(c(0, 0, 0, 0, 0, 
0, 0, 0, 0, 0, 0, 3, 316, 2, 0), dim = c(5L, 3L), dimnames = list(
    c("-2", "-1", "0", "1", "2"), c("A", "G", "T"))), LR40_SNP1 = structure(c(0, 
0, 0, 0, 194, 0), dim = 3:2, dimnames = list(c("-1", "0", "1"
), c("A", "C"))), LR44_SNP1 = structure(c(0, 0, 0, 0, 0, 0, 0, 
0, 0, 0, 0, 1, 0, 0, 1, 0, 0, 1, 251, 1, 0, 0, 0, 0, 0, 2, 0, 
0, 0, 0, 0, 0, 5, 0, 0), dim = c(7L, 5L), dimnames = list(c("-4", 
"-3", "-2", "-1", "0", "1", "2"), c("-", "A", "C", "G", "T"))), 
    LR46_SNP1 = structure(c(0, 96, 0, 0, 89, 0), dim = 3:2, dimnames = list(
        c("-1", "0", "1"), c("G", "T"))), LR48_SNP1 = structure(c(0, 
    1, 198, 1, 0, 0, 0, 0), dim = c(4L, 2L), dimnames = list(
        c("-2", "-1", "0", "1"), c("C", "T"))), LR49_SNP1 = structure(c(0, 
    150, 0, 139), dim = c(2L, 2L), dimnames = list(c("-1", "0"
    ), c("A", "G"))), LR52_SNP1 = structure(c(0, 3, 161, 1, 0, 
    0, 0, 2, 0, 0), dim = c(5L, 2L), dimnames = list(c("-2", 
    "-1", "0", "1", "2"), c("C", "T"))))
