Result <-
list(DEPDC2_SNP1 = structure(c(0, 0, 0, 0, 0, 0, 3, 0, 0, 0, 
314, 0), dim = 4:3, dimnames = list(c("-4", "-1", "0", "1"), 
    c("A", "C", "T"))), GM01_SNP1 = structure(c(0, 49, 0, 0, 
55, 0), dim = 3:2, dimnames = list(c("-1", "0", "1"), c("A", 
"G"))), GM07_SNP1 = structure(c(0, 0, 0, 0, 0, 0, 0, 82, 1, 0, 
0, 0, 0, 0, 0, 0, 0, 0, 0, 0), dim = 5:4, dimnames = list(c("-2", 
"-1", "0", "1", "2"), c("-", "A", "G", "T"))), GM09_SNP1 = structure(c(11, 
91, 0, 0, 0, 1, 0, 0, 0, 0, 0, 0), dim = 4:3, dimnames = list(
    c("-1", "0", "1", "2"), c("A", "G", "T"))), GM11_SNP1 = structure(c(0, 
0, 13, 0, 0, 0, 19, 1), dim = c(4L, 2L), dimnames = list(c("-2", 
"-1", "0", "1"), c("A", "G"))), GM14_SNP1 = structure(c(0, 0, 
1, 142, 0, 0, 0, 0, 2, 0), dim = c(5L, 2L), dimnames = list(c("-3", 
"-2", "-1", "0", "1"), c("C", "T"))), GM17_SNP1 = structure(c(0, 
0, 0, 0, 0, 0, 114, 0, 0, 0, 0, 0, 0, 0, 0, 0), dim = c(4L, 4L
), dimnames = list(c("-2", "-1", "0", "1"), c("A", "C", "G", 
"T"))), GM22_SNP1 = structure(c(0, 3, 85, 0, 0, 0, 0, 0), dim = c(4L, 
2L), dimnames = list(c("-2", "-1", "0", "1"), c("A", "G"))), 
    GM26_SNP1 = structure(c(0, 0, 17, 0, 0, 0, 24, 0), dim = c(4L, 
    2L), dimnames = list(c("-2", "-1", "0", "1"), c("A", "G"))), 
    GM29_SNP1 = structure(c(0, 0, 113, 0, 0, 0, 0, 0), dim = c(4L, 
    2L), dimnames = list(c("-2", "-1", "0", "1"), c("A", "G"))), 
    IM16_SNP1 = structure(c(0, 34, 0, 0, 43, 0), dim = 3:2, dimnames = list(
        c("-1", "0", "1"), c("A", "G"))), IM49_SNP1 = structure(c(0, 
    0, 0, 0, 0, 0, 3, 207, 1, 0, 0, 2, 172, 2, 0, 0, 0, 0, 0, 
    0), dim = 5:4, dimnames = list(c("-2", "-1", "0", "1", "2"
    ), c("A", "C", "G", "T"))), LR10_SNP1 = structure(c(0, 0, 
    63, 0, 0, 0, 1, 0), dim = c(4L, 2L), dimnames = list(c("-2", 
    "-1", "0", "1"), c("C", "T"))), LR11_SNP1 = structure(c(0, 
    0, 45, 0, 0, 0, 45, 0, 0, 0, 0, 0), dim = 4:3, dimnames = list(
        c("-2", "-1", "0", "1"), c("A", "C", "T"))), LR17_SNP1 = structure(c(1, 
    0, 114, 0, 0, 0, 0, 0), dim = c(4L, 2L), dimnames = list(
        c("-2", "-1", "0", "1"), c("A", "G"))), LR20_SNP1 = structure(c(0, 
    0, 0, 0, 55, 0, 0, 64, 0), dim = c(3L, 3L), dimnames = list(
        c("-1", "0", "1"), c("-", "A", "G"))), LR24_SNP1 = structure(c(0, 
    1, 260, 0, 0, 0, 1, 251, 0, 0), dim = c(5L, 2L), dimnames = list(
        c("-2", "-1", "0", "1", "2"), c("A", "G"))), LR36_SNP1 = structure(c(0, 
    0, 0, 0, 2, 0, 0, 0, 0, 0, 0, 0, 0, 0, 0, 0, 0, 0, 0, 0, 
    0, 0, 0, 0, 0, 189, 0, 0), dim = c(7L, 4L), dimnames = list(
        c("-4", "-3", "-2", "-1", "0", "1", "2"), c("A", "C", 
        "G", "T"))), LR40_SNP1 = structure(c(0, 0, 0, 0, 0, 1, 
    84, 0), dim = c(4L, 2L), dimnames = list(c("-2", "-1", "0", 
    "1"), c("A", "C"))), LR44_SNP1 = structure(c(0, 0, 0, 0, 
    0, 0, 0, 0, 61, 0, 0, 0, 0, 53, 0), dim = c(5L, 3L), dimnames = list(
        c("-3", "-2", "-1", "0", "1"), c("A", "C", "T"))), LR46_SNP1 = structure(c(0, 
    2, 0, 0, 66, 0), dim = 3:2, dimnames = list(c("-1", "0", 
    "1"), c("G", "T"))), LR48_SNP1 = structure(c(0, 0, 33, 0, 
    0, 0, 0, 26, 0, 0), dim = c(5L, 2L), dimnames = list(c("-2", 
    "-1", "0", "1", "2"), c("C", "T"))), LR49_SNP1 = structure(c(0, 
    68, 0, 0, 0, 0, 0, 56, 0), dim = c(3L, 3L), dimnames = list(
        c("-1", "0", "1"), c("A", "C", "G"))), LR52_SNP1 = structure(c(0, 
    1, 29, 0, 0, 0, 19, 0), dim = c(4L, 2L), dimnames = list(
        c("-2", "-1", "0", "1"), c("C", "T"))))
