Result <-
list(DEPDC2_SNP1 = structure(c(0, 0, 1, 0, 0, 1, 182, 0, 0, 0, 
189, 0), dim = 4:3, dimnames = list(c("-2", "-1", "0", "1"), 
    c("A", "C", "T"))), GM01_SNP1 = structure(c(0, 0, 179, 0, 
0, 0, 0, 0), dim = c(4L, 2L), dimnames = list(c("-2", "-1", "0", 
"1"), c("A", "G"))), GM07_SNP1 = structure(c(0, 0, 0, 0, 0, 0, 
0, 4, 108, 3, 0, 0, 0, 0, 0, 0, 0, 0), dim = c(6L, 3L), dimnames = list(
    c("-2", "-1", "0", "1", "2", "4"), c("A", "G", "T"))), GM09_SNP1 = structure(c(0, 
130, 0, 0, 146, 0, 0, 0, 0), dim = c(3L, 3L), dimnames = list(
    c("-1", "0", "1"), c("A", "G", "T"))), GM11_SNP1 = structure(c(0, 
90, 0, 0, 0, 0), dim = 3:2, dimnames = list(c("-1", "0", "1"), 
    c("A", "G"))), GM14_SNP1 = structure(c(0, 1, 1, 188, 1, 0, 
0, 0, 0, 0, 1, 0, 0, 0), dim = c(7L, 2L), dimnames = list(c("-3", 
"-2", "-1", "0", "1", "2", "3"), c("C", "T"))), GM17_SNP1 = structure(c(0, 
0, 0, 0, 0, 0, 152, 0), dim = c(4L, 2L), dimnames = list(c("-2", 
"-1", "0", "1"), c("C", "T"))), GM22_SNP1 = structure(c(0, 2, 
132, 0, 0, 0, 0, 0), dim = c(4L, 2L), dimnames = list(c("-2", 
"-1", "0", "1"), c("A", "G"))), GM26_SNP1 = structure(c(0, 0, 
1, 116, 2, 0, 0, 0, 0, 0), dim = c(5L, 2L), dimnames = list(c("-3", 
"-2", "-1", "0", "1"), c("A", "G"))), GM29_SNP1 = structure(c(0, 
0, 0, 63, 0, 0, 0, 0, 0, 61, 0, 0), dim = c(6L, 2L), dimnames = list(
    c("-3", "-2", "-1", "0", "1", "2"), c("A", "G"))), IM16_SNP1 = structure(c(0, 
0, 63, 0, 0, 0, 4, 61, 0, 0), dim = c(5L, 2L), dimnames = list(
    c("-2", "-1", "0", "1", "2"), c("A", "G"))), IM49_SNP1 = structure(c(0, 
0, 0, 0, 0, 0, 3, 163, 2, 0, 0, 0, 1, 0, 0), dim = c(5L, 3L), dimnames = list(
    c("-2", "-1", "0", "1", "2"), c("A", "C", "G"))), LR10_SNP1 = structure(c(0, 
0, 0, 0, 0, 0, 0, 0, 0, 161, 0, 0), dim = 4:3, dimnames = list(
    c("-1", "0", "1", "2"), c("A", "C", "T"))), LR11_SNP1 = structure(c(0, 
0, 0, 183, 1, 0, 0, 0, 0, 0, 0, 0), dim = c(6L, 2L), dimnames = list(
    c("-3", "-2", "-1", "0", "1", "2"), c("A", "C"))), LR17_SNP1 = structure(c(0, 
1, 86, 0, 0, 0, 0, 0, 0, 0, 0, 0, 0, 0, 0), dim = c(5L, 3L), dimnames = list(
    c("-2", "-1", "0", "1", "2"), c("A", "G", "T"))), LR20_SNP1 = structure(c(0, 
0, 0, 0, 147, 0, 0, 1, 0), dim = c(3L, 3L), dimnames = list(c("-1", 
"0", "1"), c("A", "G", "T"))), LR24_SNP1 = structure(c(0, 0, 
0, 274, 0, 0, 0, 0, 284, 0, 0, 0, 0, 0, 0, 0, 0, 0, 0, 0), dim = 5:4, dimnames = list(
    c("-3", "-2", "-1", "0", "1"), c("A", "G", "N", "T"))), LR36_SNP1 = structure(c(0, 
0, 9, 68, 1, 0, 0, 0, 0, 0, 0, 0, 0, 0, 0, 0, 0, 0, 0, 0, 0, 
102, 0, 0), dim = c(6L, 4L), dimnames = list(c("-3", "-2", "-1", 
"0", "1", "2"), c("A", "C", "N", "T"))), LR40_SNP1 = structure(c(0, 
47, 0, 0, 2, 44, 0, 0), dim = c(4L, 2L), dimnames = list(c("-1", 
"0", "1", "2"), c("A", "C"))), LR44_SNP1 = structure(c(0, 1, 
98, 2, 0, 0, 0, 0, 0, 0, 0, 2, 101, 0, 0), dim = c(5L, 3L), dimnames = list(
    c("-2", "-1", "0", "1", "2"), c("C", "N", "T"))), LR46_SNP1 = structure(c(0, 
62, 0, 0, 0, 41, 0, 0), dim = c(4L, 2L), dimnames = list(c("-1", 
"0", "1", "2"), c("G", "T"))), LR48_SNP1 = structure(c(0, 0, 
0, 0, 0, 0, 0, 0, 43, 0, 0, 0, 3, 49, 0), dim = c(5L, 3L), dimnames = list(
    c("-3", "-2", "-1", "0", "1"), c("A", "C", "T"))), LR49_SNP1 = structure(c(0, 
107, 0, 0, 90, 0, 0, 0, 0), dim = c(3L, 3L), dimnames = list(
    c("-1", "0", "1"), c("A", "G", "T"))), LR52_SNP1 = structure(c(0, 
0, 0, 0, 0, 0, 0, 0, 0, 0, 0, 0, 0, 0, 6, 98, 1, 0), dim = c(6L, 
3L), dimnames = list(c("-3", "-2", "-1", "0", "1", "2"), c("A", 
"C", "T"))))
