Result <-
list(DEPDC2_SNP1 = structure(c(0, 0, 0, 0, 0, 0, 183, 0, 0, 3, 
191, 0), dim = 4:3, dimnames = list(c("-2", "-1", "0", "1"), 
    c("A", "C", "T"))), GM01_SNP1 = structure(c(0, 0, 0, 0, 0, 
127, 0, 0, 0, 0, 0, 0, 0, 0, 0, 0), dim = c(4L, 4L), dimnames = list(
    c("-1", "0", "1", "2"), c("-", "A", "G", "T"))), GM07_SNP1 = structure(c(0, 
0, 0, 0, 0, 0, 45, 0, 0, 0, 49, 0, 0, 0, 0, 0, 0, 0, 0, 0), dim = 4:5, dimnames = list(
    c("-2", "-1", "0", "1"), c("-", "A", "G", "N", "T"))), GM09_SNP1 = structure(c(0, 
128, 0, 0, 109, 0, 0, 0, 0), dim = c(3L, 3L), dimnames = list(
    c("-1", "0", "1"), c("A", "G", "T"))), GM11_SNP1 = structure(c(0, 
66, 0, 0, 0, 0), dim = 3:2, dimnames = list(c("-1", "0", "1"), 
    c("A", "G"))), GM14_SNP1 = structure(c(0, 0, 0, 0, 0, 0, 
0, 0, 0, 74, 0, 0, 0, 0, 0, 69, 0, 0), dim = c(6L, 3L), dimnames = list(
    c("-4", "-2", "-1", "0", "1", "2"), c("A", "C", "T"))), GM17_SNP1 = structure(c(0, 
0, 0, 0, 0, 0, 56, 0, 0, 0, 71, 0), dim = 4:3, dimnames = list(
    c("-2", "-1", "0", "1"), c("A", "C", "T"))), GM22_SNP1 = structure(c(0, 
1, 108, 0, 0, 0, 0, 0, 0, 0, 0, 0, 0, 0, 0), dim = c(5L, 3L), dimnames = list(
    c("-2", "-1", "0", "1", "2"), c("A", "G", "T"))), GM26_SNP1 = structure(c(0, 
0, 33, 0, 0, 0, 44, 0), dim = c(4L, 2L), dimnames = list(c("-2", 
"-1", "0", "1"), c("A", "G"))), GM29_SNP1 = structure(c(0, 105, 
0, 0, 0, 0), dim = 3:2, dimnames = list(c("-1", "0", "1"), c("A", 
"G"))), IM16_SNP1 = structure(c(0, 46, 0, 0, 47, 1), dim = 3:2, dimnames = list(
    c("-1", "0", "1"), c("A", "G"))), IM49_SNP1 = structure(c(0, 
0, 0, 0, 0, 0, 0, 291, 3, 0, 0, 0, 0, 0, 0), dim = c(5L, 3L), dimnames = list(
    c("-2", "-1", "0", "1", "2"), c("C", "G", "T"))), LR10_SNP1 = structure(c(0, 
0, 0, 0, 0, 0, 0, 0, 0, 0, 80, 0), dim = 4:3, dimnames = list(
    c("-2", "-1", "0", "1"), c("A", "C", "T"))), LR11_SNP1 = structure(c(0, 
0, 60, 0, 0, 0, 0, 51, 0, 0, 0, 0, 0, 0, 0), dim = c(5L, 3L), dimnames = list(
    c("-2", "-1", "0", "1", "2"), c("A", "C", "T"))), LR17_SNP1 = structure(c(0, 
0, 1, 79, 0, 0, 0, 0, 0, 0, 0, 0), dim = c(6L, 2L), dimnames = list(
    c("-3", "-2", "-1", "0", "1", "2"), c("A", "G"))), LR20_SNP1 = structure(c(0, 
36, 0, 0, 0, 0, 0, 88, 0), dim = c(3L, 3L), dimnames = list(c("-1", 
"0", "1"), c("A", "C", "G"))), LR24_SNP1 = structure(c(0, 0, 
453, 0, 0, 0, 0, 1, 0, 0, 0, 0, 0, 0, 0, 0, 0, 0, 0, 0), dim = 5:4, dimnames = list(
    c("-2", "-1", "0", "1", "2"), c("A", "G", "N", "T"))), LR36_SNP1 = structure(c(0, 
0, 0, 0, 0, 0, 0, 0, 0, 0, 0, 0, 0, 0, 0, 0, 0, 0, 0, 0, 0, 0, 
0, 0, 0, 0, 0, 0, 0, 0, 0, 0, 182, 0, 0), dim = c(7L, 5L), dimnames = list(
    c("-4", "-3", "-2", "-1", "0", "1", "2"), c("A", "C", "G", 
    "N", "T"))), LR40_SNP1 = structure(c(0, 37, 0, 0, 34, 0, 
0, 0, 0), dim = c(3L, 3L), dimnames = list(c("-1", "0", "1"), 
    c("A", "C", "T"))), LR44_SNP1 = structure(c(0, 0, 0, 0, 0, 
0, 0, 0, 3, 173, 0, 0, 0, 0, 0, 0, 0, 0, 0, 0, 0, 0, 0, 0, 0, 
0, 0, 1, 0, 0), dim = 6:5, dimnames = list(c("-3", "-2", "-1", 
"0", "1", "2"), c("A", "C", "G", "N", "T"))), LR46_SNP1 = structure(c(0, 
0, 0, 0, 0, 1, 33, 0, 0, 0, 39, 0), dim = 4:3, dimnames = list(
    c("-3", "-1", "0", "1"), c("-", "G", "T"))), LR48_SNP1 = structure(c(0, 
0, 0, 0, 0, 0, 0, 0, 3, 68, 0, 0, 0, 0, 0, 0, 0, 0), dim = c(6L, 
3L), dimnames = list(c("-3", "-2", "-1", "0", "1", "2"), c("-", 
"C", "T"))), LR49_SNP1 = structure(c(0, 1, 0, 0, 0, 0, 0, 202, 
0), dim = c(3L, 3L), dimnames = list(c("-1", "0", "1"), c("A", 
"C", "G"))), LR52_SNP1 = structure(c(0, 0, 0, 2, 77, 0, 0, 0, 
0, 0, 0, 1, 0, 0), dim = c(7L, 2L), dimnames = list(c("-4", "-3", 
"-2", "-1", "0", "1", "2"), c("C", "T"))))
