Result <-
list(DEPDC2_SNP1 = structure(c(0, 0, 0, 0, 0, 0, 1, 0, 0, 0, 
617, 5), dim = 4:3, dimnames = list(c("-2", "-1", "0", "1"), 
    c("A", "C", "T"))), GM01_SNP1 = structure(c(1, 241, 1, 0, 
0, 0), dim = 3:2, dimnames = list(c("-1", "0", "1"), c("A", "G"
))), GM07_SNP1 = structure(c(0, 0, 0, 0, 0, 0, 0, 0, 2, 11, 241, 
27, 1, 0, 0, 0, 0, 0, 0, 0, 0, 0, 0, 0, 0, 0, 0, 0), dim = c(7L, 
4L), dimnames = list(c("-3", "-2", "-1", "0", "1", "2", "3"), 
    c("-", "A", "G", "T"))), GM09_SNP1 = structure(c(3, 64, 0, 
0, 8, 56, 2, 0), dim = c(4L, 2L), dimnames = list(c("-1", "0", 
"1", "2"), c("A", "G"))), GM11_SNP1 = structure(c(0, 30, 0, 0, 
31, 0), dim = 3:2, dimnames = list(c("-1", "0", "1"), c("A", 
"G"))), GM14_SNP1 = structure(c(0, 0, 0, 0, 0, 0, 2, 318, 0, 
0, 0, 0, 0, 0, 0), dim = c(5L, 3L), dimnames = list(c("-2", "-1", 
"0", "1", "2"), c("A", "C", "T"))), GM17_SNP1 = structure(c(0, 
0, 0, 0, 0, 2, 384, 0, 0, 2, 344, 0), dim = 4:3, dimnames = list(
    c("-2", "-1", "0", "1"), c("A", "C", "T"))), GM22_SNP1 = structure(c(0, 
0, 97, 1, 0, 0, 2, 125, 0, 0), dim = c(5L, 2L), dimnames = list(
    c("-2", "-1", "0", "1", "2"), c("A", "G"))), GM26_SNP1 = structure(c(0, 
0, 0, 0, 0, 27, 154, 0, 0, 0, 0, 0), dim = 4:3, dimnames = list(
    c("-4", "-1", "0", "1"), c("A", "G", "T"))), GM29_SNP1 = structure(c(0, 
0, 179, 1, 0, 0, 0, 0, 0, 0, 202, 0, 0, 0, 0, 0), dim = c(4L, 
4L), dimnames = list(c("-2", "-1", "0", "1"), c("A", "C", "G", 
"T"))), IM16_SNP1 = structure(c(0, 0, 0, 0, 1, 133, 0, 0), dim = c(4L, 
2L), dimnames = list(c("-1", "0", "1", "2"), c("A", "G"))), IM49_SNP1 = structure(c(0, 
0, 0, 0, 0, 0, 0, 0, 0, 2, 0, 0, 0, 1, 243, 1237, 2, 0, 0, 0, 
0, 0, 0, 0), dim = c(6L, 4L), dimnames = list(c("-3", "-2", "-1", 
"0", "1", "2"), c("A", "C", "G", "T"))), LR10_SNP1 = structure(c(0, 
0, 0, 0, 186, 0), dim = 3:2, dimnames = list(c("-1", "0", "1"
), c("C", "T"))), LR11_SNP1 = structure(c(0, 0, 0, 0, 0, 0, 0, 
0, 1, 196, 0, 0), dim = c(6L, 2L), dimnames = list(c("-3", "-2", 
"-1", "0", "1", "2"), c("A", "C"))), LR17_SNP1 = structure(c(0, 
3, 282, 0, 0, 0, 0, 0, 0, 0), dim = c(5L, 2L), dimnames = list(
    c("-2", "-1", "0", "1", "2"), c("A", "G"))), LR20_SNP1 = structure(c(0, 
53, 0, 0, 0, 77, 0, 0), dim = c(4L, 2L), dimnames = list(c("-1", 
"0", "1", "2"), c("A", "G"))), LR24_SNP1 = structure(c(0, 0, 
0, 0, 0, 0, 0, 7, 759, 2, 0, 0, 0, 453, 0), dim = c(5L, 3L), dimnames = list(
    c("-3", "-2", "-1", "0", "1"), c("-", "A", "G"))), LR36_SNP1 = structure(c(0, 
0, 0, 7, 271, 2, 0, 0, 0, 0, 0, 0, 0, 0, 0, 0, 0, 0, 0, 0, 0, 
0, 0, 0, 1, 258, 0, 0), dim = c(7L, 4L), dimnames = list(c("-4", 
"-3", "-2", "-1", "0", "1", "2"), c("A", "C", "G", "T"))), LR40_SNP1 = structure(c(0, 
75, 0, 0, 63, 0, 0, 0, 0), dim = c(3L, 3L), dimnames = list(c("-1", 
"0", "1"), c("A", "C", "T"))), LR44_SNP1 = structure(c(0, 4, 
16, 55, 1, 0, 0, 0, 1, 0, 0, 0, 0, 0, 2, 42, 2, 0), dim = c(6L, 
3L), dimnames = list(c("-3", "-2", "-1", "0", "1", "2"), c("C", 
"G", "T"))), LR46_SNP1 = structure(c(0, 188, 0, 0, 0, 0), dim = 3:2, dimnames = list(
    c("-1", "0", "1"), c("G", "T"))), LR48_SNP1 = structure(c(1, 
89, 20, 0, 0, 0, 0, 0), dim = c(4L, 2L), dimnames = list(c("-1", 
"0", "1", "2"), c("C", "T"))), LR49_SNP1 = structure(c(1, 213, 
0, 0, 206, 0), dim = 3:2, dimnames = list(c("-1", "0", "1"), 
    c("A", "G"))), LR52_SNP1 = structure(c(0, 0, 0, 0, 0, 1, 
6, 22, 76, 1), dim = c(5L, 2L), dimnames = list(c("-3", "-2", 
"-1", "0", "1"), c("C", "T"))))
