Result <-
list(DEPDC2_SNP1 = structure(c(0, 0, 1, 0, 0, 0, 837, 0, 0, 0, 
0, 0, 0, 1, 828, 0), dim = c(4L, 4L), dimnames = list(c("-2", 
"-1", "0", "1"), c("A", "C", "G", "T"))), GM01_SNP1 = structure(c(6, 
371, 1, 0, 0, 347, 1, 0), dim = c(4L, 2L), dimnames = list(c("-1", 
"0", "1", "2"), c("A", "G"))), GM07_SNP1 = structure(c(0, 0, 
1, 0, 0, 0, 0, 10, 473, 3, 0, 0, 0, 4, 397, 1, 0, 0), dim = c(6L, 
3L), dimnames = list(c("-2", "-1", "0", "1", "2", "3"), c("-", 
"A", "G"))), GM09_SNP1 = structure(c(1, 876, 0, 4, 635, 0, 0, 
0, 0), dim = c(3L, 3L), dimnames = list(c("-1", "0", "1"), c("A", 
"G", "T"))), GM11_SNP1 = structure(c(0, 1, 311, 0, 0, 0, 0, 0, 
0, 0), dim = c(5L, 2L), dimnames = list(c("-2", "-1", "0", "1", 
"2"), c("A", "G"))), GM14_SNP1 = structure(c(0, 8, 1016, 1, 0, 
0, 4, 0), dim = c(4L, 2L), dimnames = list(c("-2", "-1", "0", 
"1"), c("C", "T"))), GM17_SNP1 = structure(c(0, 0, 0, 4, 1238, 
0, 0, 3, 0), dim = c(3L, 3L), dimnames = list(c("-1", "0", "1"
), c("A", "C", "T"))), GM22_SNP1 = structure(c(0, 2, 608, 0, 
0, 0, 0, 2, 0, 0, 0, 0, 0, 0, 0), dim = c(5L, 3L), dimnames = list(
    c("-2", "-1", "0", "1", "2"), c("A", "G", "T"))), GM26_SNP1 = structure(c(0, 
0, 0, 0, 0, 0, 0, 0, 0, 0, 0, 0, 0, 658, 0, 0, 0, 0, 0, 0), dim = 5:4, dimnames = list(
    c("-3", "-2", "-1", "0", "1"), c("A", "C", "G", "T"))), GM29_SNP1 = structure(c(0, 
0, 1, 812, 0, 0, 0, 0, 0, 5, 0, 0, 0, 0, 0, 0, 0, 0), dim = c(6L, 
3L), dimnames = list(c("-3", "-2", "-1", "0", "1", "2"), c("A", 
"G", "T"))), IM16_SNP1 = structure(c(0, 0, 205, 1, 0, 0, 0, 233, 
2, 0, 0, 0, 1, 0, 0), dim = c(5L, 3L), dimnames = list(c("-2", 
"-1", "0", "1", "2"), c("A", "G", "T"))), IM49_SNP1 = structure(c(0, 
0, 0, 0, 0, 0, 0, 11, 1051, 3, 0, 0, 1, 12, 857, 8, 0, 0), dim = c(6L, 
3L), dimnames = list(c("-2", "-1", "0", "1", "2", "3"), c("A", 
"C", "G"))), LR10_SNP1 = structure(c(0, 0, 0, 0, 0, 0, 570, 0, 
0, 0, 0, 0, 0, 0, 6, 0), dim = c(4L, 4L), dimnames = list(c("-2", 
"-1", "0", "1"), c("-", "C", "G", "T"))), LR11_SNP1 = structure(c(0, 
3, 403, 0, 0, 5, 221, 0, 0, 0, 0, 0), dim = 4:3, dimnames = list(
    c("-2", "-1", "0", "1"), c("A", "C", "T"))), LR17_SNP1 = structure(c(0, 
0, 4, 534, 0, 0, 0, 0, 0, 0, 0, 0), dim = c(6L, 2L), dimnames = list(
    c("-3", "-2", "-1", "0", "1", "2"), c("A", "G"))), LR20_SNP1 = structure(c(0, 
265, 0, 0, 255, 0), dim = 3:2, dimnames = list(c("-1", "0", "1"
), c("A", "G"))), LR24_SNP1 = structure(c(0, 0, 0, 0, 0, 0, 1, 
952, 0, 0, 0, 0, 1030, 0, 0, 0, 0, 0, 0, 0), dim = 5:4, dimnames = list(
    c("-2", "-1", "0", "1", "2"), c("-", "A", "G", "T"))), LR36_SNP1 = structure(c(0, 
0, 0, 0, 0, 0, 1, 555, 2, 0, 0, 0, 0, 0, 0, 0, 1, 536, 2, 0), dim = 5:4, dimnames = list(
    c("-2", "-1", "0", "1", "2"), c("-", "A", "G", "T"))), LR40_SNP1 = structure(c(0, 
0, 0, 0, 0, 2, 379, 0), dim = c(4L, 2L), dimnames = list(c("-2", 
"-1", "0", "1"), c("A", "C"))), LR44_SNP1 = structure(c(0, 0, 
0, 0, 0, 0, 0, 0, 10, 467, 2, 0, 0, 0, 0, 6, 0, 0), dim = c(6L, 
3L), dimnames = list(c("-3", "-2", "-1", "0", "1", "2"), c("A", 
"C", "T"))), LR46_SNP1 = structure(c(0, 0, 0, 0, 0, 0, 0, 0, 
0, 0, 334, 0, 0, 0, 278, 1), dim = c(4L, 4L), dimnames = list(
    c("-2", "-1", "0", "1"), c("A", "C", "G", "T"))), LR48_SNP1 = structure(c(0, 
0, 0, 218, 0, 0, 0, 0, 1, 193, 2, 0), dim = c(6L, 2L), dimnames = list(
    c("-3", "-2", "-1", "0", "1", "2"), c("C", "T"))), LR49_SNP1 = structure(c(0, 
9, 0, 1, 1160, 0), dim = 3:2, dimnames = list(c("-1", "0", "1"
), c("A", "G"))), LR52_SNP1 = structure(c(0, 0, 0, 0, 0, 0, 0, 
0, 4, 195, 0, 0, 0, 1, 5, 192, 2, 0), dim = c(6L, 3L), dimnames = list(
    c("-3", "-2", "-1", "0", "1", "2"), c("A", "C", "T"))))
