Result <-
list(DEPDC2_SNP1 = structure(c(0, 0, 0, 0, 0, 1, 504, 0, 0, 0, 
0, 0, 0, 0, 1, 0), dim = c(4L, 4L), dimnames = list(c("-2", "-1", 
"0", "1"), c("A", "C", "G", "T"))), GM01_SNP1 = structure(c(0, 
0, 95, 0, 0, 1, 114, 0), dim = c(4L, 2L), dimnames = list(c("-2", 
"-1", "0", "1"), c("A", "G"))), GM07_SNP1 = structure(c(0, 0, 
92, 0, 0, 0, 2, 88, 0, 0, 0, 0, 0, 0, 0), dim = c(5L, 3L), dimnames = list(
    c("-2", "-1", "0", "1", "2"), c("A", "G", "T"))), GM09_SNP1 = structure(c(0, 
168, 0, 0, 157, 0), dim = 3:2, dimnames = list(c("-1", "0", "1"
), c("A", "G"))), GM11_SNP1 = structure(c(0, 75, 0, 0, 0, 0), dim = 3:2, dimnames = list(
    c("-1", "0", "1"), c("A", "G"))), GM14_SNP1 = structure(c(0, 
0, 0, 0, 0, 0, 1, 113, 0, 0, 0, 0, 137, 0, 0), dim = c(5L, 3L
), dimnames = list(c("-2", "-1", "0", "1", "2"), c("A", "C", 
"T"))), GM17_SNP1 = structure(c(0, 0, 0, 0, 0, 0, 72, 0, 0, 0, 
97, 0), dim = 4:3, dimnames = list(c("-2", "-1", "0", "1"), c("A", 
"C", "T"))), GM22_SNP1 = structure(c(0, 0, 1, 0, 0, 1, 128, 0
), dim = c(4L, 2L), dimnames = list(c("-2", "-1", "0", "1"), 
    c("A", "G"))), GM26_SNP1 = structure(c(0, 0, 62, 0, 0, 0, 
65, 0, 0, 0, 0, 0), dim = 4:3, dimnames = list(c("-2", "-1", 
"0", "1"), c("A", "G", "T"))), GM29_SNP1 = structure(c(0, 0, 
0, 0, 0, 0, 0, 171, 0, 0), dim = c(5L, 2L), dimnames = list(c("-2", 
"-1", "0", "1", "2"), c("A", "G"))), IM16_SNP1 = structure(c(0, 
142, 0, 0, 0, 0, 0, 0, 0, 0, 0, 0), dim = 4:3, dimnames = list(
    c("-1", "0", "1", "2"), c("A", "G", "T"))), IM49_SNP1 = structure(c(0, 
0, 0, 0, 0, 0, 3, 465, 0, 0, 0, 0, 0, 0, 0), dim = c(5L, 3L), dimnames = list(
    c("-2", "-1", "0", "1", "2"), c("C", "G", "T"))), LR10_SNP1 = structure(c(0, 
60, 0, 0, 56, 0), dim = 3:2, dimnames = list(c("-1", "0", "1"
), c("C", "T"))), LR11_SNP1 = structure(c(0, 0, 101, 0, 0, 0, 
75, 0, 0, 0, 0, 0), dim = 4:3, dimnames = list(c("-2", "-1", 
"0", "1"), c("A", "C", "G"))), LR17_SNP1 = structure(c(0, 3, 
141, 2, 0), dim = c(5L, 1L), dimnames = list(c("-2", "-1", "0", 
"1", "2"), "A")), LR20_SNP1 = structure(c(0, 165, 0, 0, 0, 0), dim = 3:2, dimnames = list(
    c("-1", "0", "1"), c("A", "G"))), LR24_SNP1 = structure(c(0, 
0, 1, 741, 0, 0, 0, 0, 0, 0, 0, 0, 0, 0, 0, 0, 0, 0), dim = c(6L, 
3L), dimnames = list(c("-3", "-2", "-1", "0", "1", "2"), c("A", 
"G", "T"))), LR36_SNP1 = structure(c(0, 0, 0, 0, 145, 0, 0, 0, 
0, 0, 0, 0, 0, 0, 0, 0, 0, 0, 125, 0, 0), dim = c(7L, 3L), dimnames = list(
    c("-4", "-3", "-2", "-1", "0", "1", "2"), c("A", "G", "T"
    ))), LR40_SNP1 = structure(c(0, 142, 0, 0, 0, 0), dim = 3:2, dimnames = list(
    c("-1", "0", "1"), c("C", "T"))), LR44_SNP1 = structure(c(0, 
0, 0, 0, 1, 0, 0, 0, 1, 105, 101, 1, 0, 0, 0, 1, 0, 0, 0, 0, 
0, 0, 0, 0), dim = c(6L, 4L), dimnames = list(c("-4", "-3", "-2", 
"-1", "0", "1"), c("A", "C", "G", "T"))), LR46_SNP1 = structure(c(0, 
0, 0, 0, 84, 0, 0, 38, 0), dim = c(3L, 3L), dimnames = list(c("-1", 
"0", "1"), c("A", "G", "T"))), LR48_SNP1 = structure(c(0, 0, 
1, 92, 1, 0), dim = c(6L, 1L), dimnames = list(c("-3", "-2", 
"-1", "0", "1", "2"), "C")), LR49_SNP1 = structure(c(0, 319, 
0, 0, 0, 0, 0, 0, 0), dim = c(3L, 3L), dimnames = list(c("-1", 
"0", "1"), c("A", "G", "T"))), LR52_SNP1 = structure(c(0, 0, 
0, 0, 0, 0, 0, 0, 0, 0, 0, 0, 0, 1, 0, 0, 0, 0, 0, 0, 0, 127, 
0, 0), dim = c(8L, 3L), dimnames = list(c("-5", "-4", "-3", "-2", 
"-1", "0", "1", "2"), c("A", "C", "T"))))
