Result <-
list(DEPDC2_SNP1 = structure(c(0, 0, 0, 0, 0, 0, 1, 777, 0), dim = c(3L, 
3L), dimnames = list(c("-1", "0", "1"), c("A", "C", "T"))), GM01_SNP1 = structure(c(0, 
1, 856, 1, 0, 0, 0, 0), dim = c(4L, 2L), dimnames = list(c("-2", 
"-1", "0", "1"), c("A", "G"))), GM07_SNP1 = structure(c(0, 4, 
568, 2, 0), dim = c(5L, 1L), dimnames = list(c("-2", "-1", "0", 
"1", "2"), "A")), GM09_SNP1 = structure(c(0, 611, 0, 0, 563, 
0), dim = 3:2, dimnames = list(c("-1", "0", "1"), c("A", "G"))), 
    GM11_SNP1 = structure(c(0, 1, 955, 1, 0, 0, 0, 0), dim = c(4L, 
    2L), dimnames = list(c("-2", "-1", "0", "1"), c("A", "G"))), 
    GM14_SNP1 = structure(c(0, 0, 0, 0, 0, 0, 389, 0, 0, 1, 345, 
    0), dim = 4:3, dimnames = list(c("-2", "-1", "0", "1"), c("A", 
    "C", "T"))), GM17_SNP1 = structure(c(1, 352, 0, 2, 410, 0
    ), dim = 3:2, dimnames = list(c("-1", "0", "1"), c("C", "T"
    ))), GM22_SNP1 = structure(c(0, 0, 1, 0, 0, 0, 2, 715, 0, 
    0), dim = c(5L, 2L), dimnames = list(c("-2", "-1", "0", "1", 
    "2"), c("A", "G"))), GM26_SNP1 = structure(c(0, 271, 0, 0, 
    266, 0), dim = 3:2, dimnames = list(c("-1", "0", "1"), c("A", 
    "G"))), GM29_SNP1 = structure(c(0, 0, 0, 0, 260, 0, 0, 271, 
    0), dim = c(3L, 3L), dimnames = list(c("-1", "0", "1"), c("-", 
    "A", "G"))), IM16_SNP1 = structure(c(0, 0, 0, 0, 0, 0, 0, 
    0, 0, 0, 0, 1, 650, 2, 0), dim = c(5L, 3L), dimnames = list(
        c("-2", "-1", "0", "1", "2"), c("A", "C", "G"))), IM49_SNP1 = structure(c(0, 
    0, 407, 0, 0, 1, 331, 0), dim = c(4L, 2L), dimnames = list(
        c("-2", "-1", "0", "1"), c("C", "G"))), LR10_SNP1 = structure(c(0, 
    0, 0, 0, 0, 0, 1, 535, 1, 0, 0, 2, 607, 0, 0), dim = c(5L, 
    3L), dimnames = list(c("-2", "-1", "0", "1", "2"), c("A", 
    "C", "T"))), LR11_SNP1 = structure(c(0, 0, 0, 0, 0, 0, 3, 
    1197, 1, 0), dim = c(5L, 2L), dimnames = list(c("-2", "-1", 
    "0", "1", "2"), c("A", "C"))), LR17_SNP1 = structure(c(1, 
    11, 1158, 4, 0, 0, 0, 0, 0, 0, 0, 0, 0, 0, 0), dim = c(5L, 
    3L), dimnames = list(c("-2", "-1", "0", "1", "2"), c("A", 
    "G", "T"))), LR20_SNP1 = structure(c(1, 392, 0, 0, 399, 0
    ), dim = 3:2, dimnames = list(c("-1", "0", "1"), c("A", "G"
    ))), LR24_SNP1 = structure(c(0, 0, 0, 0, 0, 1, 2, 667, 0, 
    0, 0, 0, 0, 0, 0, 0, 0, 746, 1, 0, 0, 0, 0, 0, 0), dim = c(5L, 
    5L), dimnames = list(c("-2", "-1", "0", "1", "2"), c("-", 
    "A", "C", "G", "T"))), LR36_SNP1 = structure(c(0, 0, 0, 0, 
    0, 0, 0, 0, 648, 2), dim = c(5L, 2L), dimnames = list(c("-3", 
    "-2", "-1", "0", "1"), c("A", "T"))), LR40_SNP1 = structure(c(0, 
    0, 0, 0, 603, 1), dim = 3:2, dimnames = list(c("-1", "0", 
    "1"), c("A", "C"))), LR44_SNP1 = structure(c(0, 6, 258, 1, 
    0, 0, 1, 5, 326, 2, 0, 0), dim = c(6L, 2L), dimnames = list(
        c("-2", "-1", "0", "1", "2", "3"), c("C", "T"))), LR46_SNP1 = structure(c(0, 
    0, 0, 0, 662, 1), dim = 3:2, dimnames = list(c("-1", "0", 
    "1"), c("G", "T"))), LR48_SNP1 = structure(c(0, 0, 313, 0, 
    0, 3, 292, 0), dim = c(4L, 2L), dimnames = list(c("-2", "-1", 
    "0", "1"), c("C", "T"))), LR49_SNP1 = structure(c(0, 0, 0, 
    0, 357, 0, 0, 376, 0), dim = c(3L, 3L), dimnames = list(c("-1", 
    "0", "1"), c("-", "A", "G"))), LR52_SNP1 = structure(c(0, 
    0, 0, 0, 0, 8, 300, 1, 0, 3, 320, 0), dim = 4:3, dimnames = list(
        c("-2", "-1", "0", "1"), c("A", "C", "T"))))
