Result <-
list(DEPDC2_SNP1 = structure(c(0, 0, 0, 0, 0, 0, 0, 0, 0, 0, 
0, 0, 0, 0, 0, 0, 107, 681, 44, 1), dim = 5:4, dimnames = list(
    c("-2", "-1", "0", "1", "2"), c("A", "C", "G", "T"))), GM01_SNP1 = structure(c(0, 
3, 161, 0, 0, 0, 0, 2, 175, 1, 0, 0), dim = c(6L, 2L), dimnames = list(
    c("-2", "-1", "0", "1", "2", "3"), c("A", "G"))), GM07_SNP1 = structure(c(0, 
72, 140, 2, 0, 0, 0, 52, 117, 35, 2, 0), dim = c(6L, 2L), dimnames = list(
    c("-2", "-1", "0", "1", "2", "3"), c("A", "G"))), GM09_SNP1 = structure(c(0, 
3, 0, 0, 2, 737, 1, 0, 0, 0, 0, 0), dim = 4:3, dimnames = list(
    c("-1", "0", "1", "2"), c("A", "G", "T"))), GM11_SNP1 = structure(c(1, 
101, 0, 0, 0, 0, 0, 0), dim = c(4L, 2L), dimnames = list(c("-1", 
"0", "1", "2"), c("A", "G"))), GM14_SNP1 = structure(c(0, 0, 
0, 0, 0, 4, 123, 312, 2, 0, 0, 0, 0, 0, 0), dim = c(5L, 3L), dimnames = list(
    c("-2", "-1", "0", "1", "2"), c("A", "C", "T"))), GM17_SNP1 = structure(c(0, 
0, 230, 430, 1, 0, 0, 0, 0, 0), dim = c(5L, 2L), dimnames = list(
    c("-3", "-2", "-1", "0", "1"), c("C", "T"))), GM22_SNP1 = structure(c(0, 
4, 266, 0, 0, 0, 0, 0), dim = c(4L, 2L), dimnames = list(c("-2", 
"-1", "0", "1"), c("A", "G"))), GM26_SNP1 = structure(c(0, 4, 
288, 1, 0, 0, 1, 0), dim = c(4L, 2L), dimnames = list(c("-2", 
"-1", "0", "1"), c("A", "G"))), GM29_SNP1 = structure(c(0, 8, 
208, 1, 0, 4, 256, 0, 0, 0, 0, 0), dim = 4:3, dimnames = list(
    c("-2", "-1", "0", "1"), c("A", "G", "T"))), IM16_SNP1 = structure(c(0, 
0, 0, 0, 0, 0, 30, 154, 0, 0, 0, 0, 0, 0, 0), dim = c(5L, 3L), dimnames = list(
    c("-2", "-1", "0", "1", "2"), c("A", "G", "T"))), IM49_SNP1 = structure(c(0, 
0, 0, 0, 0, 0, 0, 0, 0, 0, 0, 0, 0, 0, 0, 0, 0, 0, 3, 0, 0, 0, 
1, 265, 403, 678, 1, 0, 0, 0, 0, 0, 0, 0, 0), dim = c(7L, 5L), dimnames = list(
    c("-4", "-3", "-2", "-1", "0", "1", "2"), c("-", "A", "C", 
    "G", "T"))), LR10_SNP1 = structure(c(0, 8, 96, 34, 0, 0, 
0, 0, 0, 0, 0, 0, 0, 47, 119, 0, 0, 0), dim = c(6L, 3L), dimnames = list(
    c("-2", "-1", "0", "1", "2", "3"), c("C", "G", "T"))), LR11_SNP1 = structure(c(0, 
15, 292, 1, 0, 0, 0, 1, 0, 0, 0, 0, 0, 0, 0), dim = c(5L, 3L), dimnames = list(
    c("-2", "-1", "0", "1", "2"), c("A", "C", "G"))), LR17_SNP1 = structure(c(0, 
0, 37, 236, 4, 0, 0, 0, 0, 0, 0, 0), dim = c(6L, 2L), dimnames = list(
    c("-3", "-2", "-1", "0", "1", "2"), c("A", "G"))), LR20_SNP1 = structure(c(0, 
1, 0, 1, 159, 1), dim = 3:2, dimnames = list(c("-1", "0", "1"
), c("A", "G"))), LR24_SNP1 = structure(c(0, 0, 0, 0, 0, 3, 9, 
0, 1, 221, 884, 1), dim = 4:3, dimnames = list(c("-2", "-1", 
"0", "1"), c("-", "A", "G"))), LR36_SNP1 = structure(c(0, 0, 
0, 0, 0, 0, 0, 0, 0, 0, 0, 0, 0, 0, 0, 0, 0, 0, 0, 0, 0, 0, 0, 
0, 0, 0, 0, 0, 0, 0, 10, 139, 300, 90, 1, 0), dim = c(9L, 4L), dimnames = list(
    c("-5", "-4", "-3", "-2", "-1", "0", "1", "2", "3"), c("A", 
    "C", "G", "T"))), LR40_SNP1 = structure(c(0, 0, 0, 7, 153, 
0), dim = 3:2, dimnames = list(c("-1", "0", "1"), c("A", "C"))), 
    LR44_SNP1 = structure(c(0, 0, 0, 0, 0, 0, 0, 0, 0, 5, 62, 
    77, 2, 0, 0, 0, 0, 1, 37, 0, 0), dim = c(7L, 3L), dimnames = list(
        c("-4", "-3", "-2", "-1", "0", "1", "2"), c("A", "C", 
        "T"))), LR46_SNP1 = structure(c(0, 0, 0, 0, 0, 0, 0, 
    0, 0, 3, 140, 0, 2, 7, 160, 0), dim = c(4L, 4L), dimnames = list(
        c("-2", "-1", "0", "1"), c("-", "A", "G", "T"))), LR48_SNP1 = structure(c(0, 
    27, 185, 2, 0, 0, 0, 0, 0, 0), dim = c(5L, 2L), dimnames = list(
        c("-2", "-1", "0", "1", "2"), c("C", "T"))), LR49_SNP1 = structure(c(0, 
    0, 0, 84, 535, 0, 0, 0, 0), dim = c(3L, 3L), dimnames = list(
        c("-1", "0", "1"), c("A", "G", "T"))), LR52_SNP1 = structure(c(0, 
    0, 0, 0, 0, 0, 0, 0, 0, 0, 0, 0, 1, 0, 0, 0, 0, 23, 11, 23, 
    102, 7, 3, 0), dim = c(8L, 3L), dimnames = list(c("-4", "-3", 
    "-2", "-1", "0", "1", "2", "3"), c("A", "C", "T"))))
