Result <-
list(DEPDC2_SNP1 = structure(c(0, 0, 0, 0, 1, 4, 1, 0, 0, 14, 
962, 2), dim = 4:3, dimnames = list(c("-2", "-1", "0", "1"), 
    c("A", "C", "T"))), GM01_SNP1 = structure(c(0, 1, 196, 0, 
0, 0, 9, 215, 0, 0, 0, 0, 0, 0, 0), dim = c(5L, 3L), dimnames = list(
    c("-2", "-1", "0", "1", "2"), c("A", "G", "T"))), GM07_SNP1 = structure(c(0, 
0, 0, 0, 0, 0, 66, 101, 0, 0, 0, 43, 115, 0, 0), dim = c(5L, 
3L), dimnames = list(c("-2", "-1", "0", "1", "2"), c("-", "A", 
"G"))), GM09_SNP1 = structure(c(0, 1, 424, 1, 0, 0, 1, 343, 0, 
0), dim = c(5L, 2L), dimnames = list(c("-2", "-1", "0", "1", 
"2"), c("A", "G"))), GM11_SNP1 = structure(c(1, 62, 133, 0, 0, 
0, 1, 0), dim = c(4L, 2L), dimnames = list(c("-2", "-1", "0", 
"1"), c("A", "G"))), GM14_SNP1 = structure(c(0, 0, 0, 18, 497, 
0, 0, 0, 0, 0, 0, 2, 0, 0), dim = c(7L, 2L), dimnames = list(
    c("-4", "-3", "-2", "-1", "0", "1", "2"), c("C", "T"))), 
    GM17_SNP1 = structure(c(0, 0, 11, 378, 0, 0, 0, 0, 1, 0), dim = c(5L, 
    2L), dimnames = list(c("-3", "-2", "-1", "0", "1"), c("C", 
    "T"))), GM22_SNP1 = structure(c(0, 2, 334, 0, 0, 0, 0, 0, 
    0, 0), dim = c(5L, 2L), dimnames = list(c("-2", "-1", "0", 
    "1", "2"), c("A", "G"))), GM26_SNP1 = structure(c(0, 3, 321, 
    0, 0, 0, 0, 0), dim = c(4L, 2L), dimnames = list(c("-2", 
    "-1", "0", "1"), c("A", "G"))), GM29_SNP1 = structure(c(0, 
    4, 325, 0, 0, 0, 0, 0, 0, 0, 0, 0), dim = 4:3, dimnames = list(
        c("-2", "-1", "0", "1"), c("A", "G", "T"))), IM16_SNP1 = structure(c(1, 
    127, 0, 0, 1, 147, 2, 0, 0, 0, 0, 0), dim = 4:3, dimnames = list(
        c("-1", "0", "1", "2"), c("A", "G", "T"))), IM49_SNP1 = structure(c(0, 
    10, 296, 2, 0, 0, 0, 8, 255, 3, 0, 0), dim = c(6L, 2L), dimnames = list(
        c("-2", "-1", "0", "1", "2", "4"), c("C", "G"))), LR10_SNP1 = structure(c(0, 
    0, 0, 0, 0, 3, 314, 1, 0, 0, 0, 0), dim = 4:3, dimnames = list(
        c("-3", "-1", "0", "1"), c("A", "C", "T"))), LR11_SNP1 = structure(c(0, 
    0, 0, 4, 63, 152, 0, 0, 0, 0, 0, 50, 7, 102, 0, 0, 0, 0, 
    0, 0, 0, 0, 0, 0), dim = c(8L, 3L), dimnames = list(c("-5", 
    "-4", "-3", "-2", "-1", "0", "1", "3"), c("A", "C", "T"))), 
    LR17_SNP1 = structure(c(0, 33, 165, 0, 0, 0, 0, 0, 0, 0), dim = c(5L, 
    2L), dimnames = list(c("-2", "-1", "0", "1", "2"), c("A", 
    "G"))), LR20_SNP1 = structure(c(0, 0, 168, 0, 0, 56, 89, 
    0, 0, 0, 0, 0), dim = 4:3, dimnames = list(c("-2", "-1", 
    "0", "1"), c("A", "G", "T"))), LR24_SNP1 = structure(c(0, 
    0, 0, 0, 0, 0, 0, 7, 668, 0, 0, 0, 1, 545, 0), dim = c(5L, 
    3L), dimnames = list(c("-3", "-2", "-1", "0", "1"), c("-", 
    "A", "G"))), LR36_SNP1 = structure(c(0, 0, 0, 44, 413, 1, 
    0, 0, 0, 0, 0, 0, 0, 0, 0, 0, 0, 0, 1, 0, 0), dim = c(7L, 
    3L), dimnames = list(c("-4", "-3", "-2", "-1", "0", "1", 
    "2"), c("A", "G", "T"))), LR40_SNP1 = structure(c(0, 0, 195, 
    0), dim = c(4L, 1L), dimnames = list(c("-2", "-1", "0", "1"
    ), "C")), LR44_SNP1 = structure(c(0, 0, 0, 0, 1, 0, 0, 0, 
    0, 0, 0, 1, 0, 0, 0, 2, 55, 64, 225, 1, 0), dim = c(7L, 3L
    ), dimnames = list(c("-4", "-3", "-2", "-1", "0", "1", "2"
    ), c("C", "G", "T"))), LR46_SNP1 = structure(c(0, 0, 0, 0, 
    202, 1, 0, 2, 0), dim = c(3L, 3L), dimnames = list(c("-1", 
    "0", "1"), c("C", "G", "T"))), LR48_SNP1 = structure(c(0, 
    16, 9, 182, 1, 0, 0, 0, 0, 0, 0, 0), dim = c(6L, 2L), dimnames = list(
        c("-3", "-2", "-1", "0", "1", "2"), c("C", "T"))), LR49_SNP1 = structure(c(0, 
    1, 0, 1, 533, 0, 0, 0, 0), dim = c(3L, 3L), dimnames = list(
        c("-1", "0", "1"), c("A", "G", "T"))), LR52_SNP1 = structure(c(0, 
    0, 0, 0, 0, 0, 0, 0, 0, 0, 0, 0, 0, 0, 2, 29, 118, 0, 0, 
    1, 9, 39, 95, 0), dim = c(6L, 4L), dimnames = list(c("-4", 
    "-3", "-2", "-1", "0", "1"), c("-", "A", "C", "T"))))
