Result <-
list(DEPDC2_SNP1 = structure(c(0, 0, 0, 0, 0, 0, 0, 1, 0, 0, 
0, 1, 221, 0, 0), dim = c(5L, 3L), dimnames = list(c("-2", "-1", 
"0", "1", "2"), c("A", "C", "T"))), GM01_SNP1 = structure(c(2, 
112, 0, 0, 0, 0, 0, 0, 0), dim = c(3L, 3L), dimnames = list(c("-1", 
"0", "1"), c("A", "G", "T"))), GM07_SNP1 = structure(c(0, 2, 
52, 3, 0, 0, 5, 63, 0, 0, 0, 0, 0, 0, 0), dim = c(5L, 3L), dimnames = list(
    c("-2", "-1", "0", "1", "2"), c("A", "G", "T"))), GM09_SNP1 = structure(c(0, 
3, 0, 1, 234, 1), dim = 3:2, dimnames = list(c("-1", "0", "1"
), c("A", "G"))), GM11_SNP1 = structure(c(0, 31, 0, 0, 0, 0), dim = 3:2, dimnames = list(
    c("-1", "0", "1"), c("A", "G"))), GM14_SNP1 = structure(c(0, 
2, 21, 154, 0, 0, 0, 0, 0, 0, 0, 0), dim = c(6L, 2L), dimnames = list(
    c("-3", "-2", "-1", "0", "1", "2"), c("C", "T"))), GM17_SNP1 = structure(c(0, 
0, 0, 0, 0, 2, 172, 0, 0, 0, 0, 0, 0, 0, 171, 0), dim = c(4L, 
4L), dimnames = list(c("-2", "-1", "0", "1"), c("A", "C", "G", 
"T"))), GM22_SNP1 = structure(c(0, 0, 75, 1, 0, 0, 2, 0, 0, 0, 
0, 0), dim = 4:3, dimnames = list(c("-2", "-1", "0", "1"), c("A", 
"G", "T"))), GM26_SNP1 = structure(c(0, 2, 35, 0, 0, 0, 20, 0
), dim = c(4L, 2L), dimnames = list(c("-2", "-1", "0", "1"), 
    c("A", "G"))), GM29_SNP1 = structure(c(0, 2, 81, 0, 0, 0, 
92, 0), dim = c(4L, 2L), dimnames = list(c("-2", "-1", "0", "1"
), c("A", "G"))), IM16_SNP1 = structure(c(0, 0, 0, 0, 0, 0, 7, 
69, 0, 0), dim = c(5L, 2L), dimnames = list(c("-2", "-1", "0", 
"1", "2"), c("A", "G"))), IM49_SNP1 = structure(c(0, 0, 0, 0, 
0, 0, 0, 0, 0, 0, 0, 0, 0, 0, 5, 0, 0, 0, 2, 84, 678, 4, 0, 0, 
0, 0, 0, 0, 0, 0), dim = 6:5, dimnames = list(c("-2", "-1", "0", 
"1", "2", "3"), c("-", "A", "C", "G", "T"))), LR10_SNP1 = structure(c(0, 
0, 0, 0, 69, 0), dim = 3:2, dimnames = list(c("-1", "0", "1"), 
    c("C", "T"))), LR11_SNP1 = structure(c(0, 0, 2, 0, 0, 0, 
67, 1), dim = c(4L, 2L), dimnames = list(c("-2", "-1", "0", "1"
), c("A", "C"))), LR17_SNP1 = structure(c(0, 2, 103, 1, 0, 0, 
0, 0, 0, 0), dim = c(5L, 2L), dimnames = list(c("-2", "-1", "0", 
"1", "2"), c("A", "G"))), LR20_SNP1 = structure(c(0, 0, 0, 0, 
0, 0, 41, 0, 0, 0, 67, 0), dim = 4:3, dimnames = list(c("-2", 
"-1", "0", "1"), c("-", "A", "G"))), LR24_SNP1 = structure(c(0, 
0, 0, 0, 0, 7, 263, 0, 0, 0, 0, 0, 0, 59, 211, 0, 0, 0, 0, 0), dim = 4:5, dimnames = list(
    c("-2", "-1", "0", "1"), c("-", "A", "C", "G", "T"))), LR36_SNP1 = structure(c(0, 
1, 31, 117, 0, 0, 0, 0, 0, 0, 0, 0, 0, 0, 0, 0, 0, 0, 0, 0, 3, 
124, 0, 0), dim = c(6L, 4L), dimnames = list(c("-3", "-2", "-1", 
"0", "1", "2"), c("A", "C", "G", "T"))), LR40_SNP1 = structure(c(0, 
0, 0, 1, 62, 0, 0, 0, 0), dim = c(3L, 3L), dimnames = list(c("-1", 
"0", "1"), c("A", "C", "T"))), LR44_SNP1 = structure(c(0, 0, 
0, 0, 0, 0, 1, 5, 58, 0, 0, 0, 0, 1, 0), dim = c(5L, 3L), dimnames = list(
    c("-3", "-2", "-1", "0", "1"), c("A", "C", "T"))), LR46_SNP1 = structure(c(0, 
0, 0, 0, 0, 0, 0, 71, 1), dim = c(3L, 3L), dimnames = list(c("-1", 
"0", "1"), c("-", "G", "T"))), LR48_SNP1 = structure(c(0, 9, 
16, 0, 0, 1, 21, 0), dim = c(4L, 2L), dimnames = list(c("-2", 
"-1", "0", "1"), c("C", "T"))), LR49_SNP1 = structure(c(0, 91, 
0, 0, 69, 0, 0, 0, 0), dim = c(3L, 3L), dimnames = list(c("-1", 
"0", "1"), c("A", "G", "T"))), LR52_SNP1 = structure(c(0, 1, 
1, 25, 0, 0, 0, 0, 1, 0), dim = c(5L, 2L), dimnames = list(c("-3", 
"-2", "-1", "0", "1"), c("C", "T"))))
