Result <-
list(DEPDC2_SNP1 = structure(c(0, 0, 1, 0, 0, 57, 179, 5), dim = c(4L, 
2L), dimnames = list(c("-2", "-1", "0", "1"), c("C", "T"))), 
    GM01_SNP1 = structure(c(0, 1, 55, 0, 0, 0, 75, 0, 0, 0, 0, 
    0), dim = 4:3, dimnames = list(c("-2", "-1", "0", "1"), c("A", 
    "G", "T"))), GM07_SNP1 = structure(c(0, 0, 0, 0, 0, 0, 0, 
    0, 31, 102, 0, 0, 0, 0, 0, 0, 0, 0), dim = c(6L, 3L), dimnames = list(
        c("-3", "-2", "-1", "0", "1", "2"), c("-", "A", "G"))), 
    GM09_SNP1 = structure(c(0, 135, 0, 0, 141, 0), dim = 3:2, dimnames = list(
        c("-1", "0", "1"), c("A", "G"))), GM11_SNP1 = structure(c(0, 
    20, 0, 0, 9, 0), dim = 3:2, dimnames = list(c("-1", "0", 
    "1"), c("A", "G"))), GM14_SNP1 = structure(c(0, 0, 0, 0, 
    0, 0, 0, 11, 143, 0, 0, 0, 0, 0, 0), dim = c(5L, 3L), dimnames = list(
        c("-3", "-2", "-1", "0", "1"), c("A", "C", "T"))), GM17_SNP1 = structure(c(0, 
    1, 197, 1, 0, 0, 0, 0, 0, 0, 1, 67, 150, 0, 0), dim = c(5L, 
    3L), dimnames = list(c("-2", "-1", "0", "1", "2"), c("C", 
    "G", "T"))), GM22_SNP1 = structure(c(0, 18, 59, 0, 0, 0, 
    0, 0, 0, 0), dim = c(5L, 2L), dimnames = list(c("-2", "-1", 
    "0", "1", "2"), c("A", "G"))), GM26_SNP1 = structure(c(0, 
    76, 0, 0, 0, 0), dim = 3:2, dimnames = list(c("-1", "0", 
    "1"), c("A", "G"))), GM29_SNP1 = structure(c(0, 34, 145, 
    0, 0, 0, 0, 0), dim = c(4L, 2L), dimnames = list(c("-2", 
    "-1", "0", "1"), c("A", "G"))), IM16_SNP1 = structure(c(1, 
    71, 0, 0, 0, 0, 0, 0), dim = c(4L, 2L), dimnames = list(c("-1", 
    "0", "1", "2"), c("A", "G"))), IM49_SNP1 = structure(c(0, 
    0, 0, 0, 0, 0, 0, 4, 28, 458, 2, 0, 0, 150, 4, 265, 1, 0, 
    0, 0, 0, 0, 0, 0), dim = c(6L, 4L), dimnames = list(c("-3", 
    "-2", "-1", "0", "1", "2"), c("A", "C", "G", "T"))), LR10_SNP1 = structure(c(0, 
    0, 0, 0, 0, 0, 0, 0, 0, 13, 50, 0), dim = 4:3, dimnames = list(
        c("-2", "-1", "0", "1"), c("A", "C", "T"))), LR11_SNP1 = structure(c(0, 
    2, 49, 0, 0, 0, 3, 9, 27, 0, 0, 0), dim = c(6L, 2L), dimnames = list(
        c("-2", "-1", "0", "1", "2", "3"), c("A", "C"))), LR17_SNP1 = structure(c(0, 
    0, 22, 100, 0, 0, 0, 0, 0, 0, 0, 0), dim = c(6L, 2L), dimnames = list(
        c("-3", "-2", "-1", "0", "1", "2"), c("A", "T"))), LR20_SNP1 = structure(c(0, 
    54, 0, 2, 45, 0, 0, 0, 0), dim = c(3L, 3L), dimnames = list(
        c("-1", "0", "1"), c("A", "G", "T"))), LR24_SNP1 = structure(c(0, 
    0, 0, 0, 0, 3, 221, 0, 0, 0, 215, 0), dim = 4:3, dimnames = list(
        c("-2", "-1", "0", "1"), c("-", "A", "G"))), LR36_SNP1 = structure(c(0, 
    0, 0, 0, 0, 0, 0, 0, 0, 0, 0, 0, 0, 0, 0, 0, 0, 0, 0, 1, 
    55, 226, 0, 0), dim = c(8L, 3L), dimnames = list(c("-5", 
    "-4", "-3", "-2", "-1", "0", "1", "2"), c("A", "G", "T"))), 
    LR40_SNP1 = structure(c(12, 40, 0), dim = c(3L, 1L), dimnames = list(
        c("-1", "0", "1"), "C")), LR44_SNP1 = structure(c(0, 
    1, 2, 22, 0, 0, 1, 5, 12, 0), dim = c(5L, 2L), dimnames = list(
        c("-3", "-2", "-1", "0", "1"), c("C", "T"))), LR46_SNP1 = structure(c(0, 
    87, 0, 0, 0, 0), dim = 3:2, dimnames = list(c("-1", "0", 
    "1"), c("G", "T"))), LR48_SNP1 = structure(c(0, 2, 29, 0, 
    0, 7, 22, 0), dim = c(4L, 2L), dimnames = list(c("-2", "-1", 
    "0", "1"), c("C", "T"))), LR49_SNP1 = structure(c(0, 82, 
    0, 3, 78, 0, 0, 0, 0), dim = c(3L, 3L), dimnames = list(c("-1", 
    "0", "1"), c("A", "G", "T"))), LR52_SNP1 = structure(c(0, 
    5, 5, 22, 0, 0, 0, 0, 1, 0), dim = c(5L, 2L), dimnames = list(
        c("-3", "-2", "-1", "0", "1"), c("C", "T"))))
