Result <-
list(DEPDC2_SNP1 = structure(c(0, 0, 0, 0, 0, 1, 286, 0, 0, 0, 
281, 0), dim = 4:3, dimnames = list(c("-2", "-1", "0", "1"), 
    c("A", "C", "T"))), GM01_SNP1 = structure(c(0, 0, 70, 0, 
0, 0, 0, 87, 1, 0), dim = c(5L, 2L), dimnames = list(c("-2", 
"-1", "0", "1", "2"), c("A", "G"))), GM07_SNP1 = structure(c(0, 
0, 0, 0, 0, 0, 0, 0, 96, 1, 0, 0, 0, 0, 78, 1, 0, 0, 0, 0, 0, 
0, 0, 0), dim = c(6L, 4L), dimnames = list(c("-2", "-1", "0", 
"1", "2", "3"), c("-", "A", "G", "T"))), GM09_SNP1 = structure(c(15, 
115, 0, 0, 3, 0), dim = 3:2, dimnames = list(c("-1", "0", "1"
), c("A", "G"))), GM11_SNP1 = structure(c(0, 1, 0, 0, 89, 0), dim = 3:2, dimnames = list(
    c("-1", "0", "1"), c("A", "G"))), GM14_SNP1 = structure(c(0, 
0, 0, 0, 0, 0, 0, 0, 0, 0, 0, 0, 0, 0, 0, 105, 0, 0, 0, 0, 0, 
0, 0, 0, 0, 0, 2, 94, 0, 0), dim = 6:5, dimnames = list(c("-3", 
"-2", "-1", "0", "1", "2"), c("-", "A", "C", "G", "T"))), GM17_SNP1 = structure(c(0, 
0, 0, 0, 0, 0, 0, 4, 0, 0, 0, 0, 175, 0, 0), dim = c(5L, 3L), dimnames = list(
    c("-2", "-1", "0", "1", "2"), c("A", "C", "T"))), GM22_SNP1 = structure(c(0, 
0, 132, 0, 0, 0, 0, 0, 0, 0, 0, 0, 0, 0, 0), dim = c(5L, 3L), dimnames = list(
    c("-2", "-1", "0", "1", "2"), c("A", "C", "G"))), GM26_SNP1 = structure(c(0, 
1, 80, 0, 0, 0, 0, 90, 0, 0), dim = c(5L, 2L), dimnames = list(
    c("-2", "-1", "0", "1", "2"), c("A", "G"))), GM29_SNP1 = structure(c(2, 
184, 0, 0, 0, 0), dim = 3:2, dimnames = list(c("-1", "0", "1"
), c("A", "G"))), IM16_SNP1 = structure(c(0, 44, 0, 0, 0, 34, 
1, 0, 0, 0, 0, 0), dim = 4:3, dimnames = list(c("-1", "0", "1", 
"2"), c("A", "G", "T"))), IM49_SNP1 = structure(c(0, 2, 177, 
0, 0, 0, 2, 134, 0, 0, 0, 0, 0, 0, 0), dim = c(5L, 3L), dimnames = list(
    c("-2", "-1", "0", "1", "2"), c("C", "G", "T"))), LR10_SNP1 = structure(c(0, 
1, 167, 0, 0, 0, 0, 0), dim = c(4L, 2L), dimnames = list(c("-2", 
"-1", "0", "1"), c("C", "T"))), LR11_SNP1 = structure(c(0, 1, 
85, 0, 0, 0, 65, 0, 0, 0, 0, 0), dim = 4:3, dimnames = list(c("-2", 
"-1", "0", "1"), c("A", "C", "T"))), LR17_SNP1 = structure(c(0, 
0, 52, 1, 0, 0, 0, 0, 0, 0, 0, 0, 0, 0, 0), dim = c(5L, 3L), dimnames = list(
    c("-2", "-1", "0", "1", "2"), c("A", "G", "T"))), LR20_SNP1 = structure(c(0, 
134, 0, 0, 2, 0), dim = 3:2, dimnames = list(c("-1", "0", "1"
), c("A", "G"))), LR24_SNP1 = structure(c(0, 0, 0, 0, 0, 0, 242, 
0, 0, 0, 244, 0, 0, 0, 0, 0), dim = c(4L, 4L), dimnames = list(
    c("-2", "-1", "0", "1"), c("-", "A", "G", "T"))), LR36_SNP1 = structure(c(0, 
0, 0, 0, 0, 0, 0, 0, 0, 0, 0, 0, 0, 0, 0, 0, 0, 0, 0, 0, 0, 176, 
1, 0), dim = c(6L, 4L), dimnames = list(c("-3", "-2", "-1", "0", 
"1", "2"), c("A", "C", "G", "T"))), LR40_SNP1 = structure(c(0, 
28, 0, 0, 0, 28, 0, 0, 0, 0, 0, 0), dim = 4:3, dimnames = list(
    c("-1", "0", "1", "2"), c("A", "C", "T"))), LR44_SNP1 = structure(c(0, 
0, 0, 0, 0, 0, 0, 0, 0, 0, 1, 219, 3, 0, 0, 0, 0, 0, 0, 0, 0, 
0, 0, 0, 0, 0, 0, 2, 0, 0, 0, 0), dim = c(8L, 4L), dimnames = list(
    c("-3", "-2", "-1", "0", "1", "2", "3", "5"), c("A", "C", 
    "G", "T"))), LR46_SNP1 = structure(c(0, 0, 0, 0, 64, 0, 0, 
76, 0), dim = c(3L, 3L), dimnames = list(c("-1", "0", "1"), c("A", 
"G", "T"))), LR48_SNP1 = structure(c(0, 0, 0, 0, 0, 0, 0, 128, 
1, 0, 0, 0, 0, 0, 0, 0, 0, 0, 0, 0), dim = 5:4, dimnames = list(
    c("-2", "-1", "0", "1", "2"), c("A", "C", "G", "T"))), LR49_SNP1 = structure(c(0, 
288, 0, 0, 0, 0, 0, 2, 0, 0, 0, 0), dim = 3:4, dimnames = list(
    c("-1", "0", "1"), c("A", "C", "G", "T"))), LR52_SNP1 = structure(c(0, 
0, 0, 0, 0, 0, 0, 0, 0, 0, 1, 80, 0, 0, 0, 0, 0, 1, 61, 0, 0), dim = c(7L, 
3L), dimnames = list(c("-4", "-3", "-2", "-1", "0", "1", "2"), 
    c("A", "C", "T"))))
