Result <-
list(DEPDC2_SNP1 = structure(c(0, 0, 0, 0, 0, 0, 159, 1, 0, 0, 
198, 1), dim = 4:3, dimnames = list(c("-2", "-1", "0", "1"), 
    c("A", "C", "T"))), GM01_SNP1 = structure(c(0, 0, 75, 0, 
0, 0, 52, 0), dim = c(4L, 2L), dimnames = list(c("-2", "-1", 
"0", "1"), c("A", "G"))), GM07_SNP1 = structure(c(0, 0, 2, 0, 
0, 0, 0, 12, 99, 2, 0, 0), dim = c(6L, 2L), dimnames = list(c("-2", 
"-1", "0", "1", "2", "3"), c("A", "G"))), GM09_SNP1 = structure(c(0, 
251, 0, 0, 4, 0, 0, 0, 0), dim = c(3L, 3L), dimnames = list(c("-1", 
"0", "1"), c("A", "G", "T"))), GM11_SNP1 = structure(c(0, 1, 
65, 0, 0, 0, 1, 0, 0, 0, 0, 0), dim = 4:3, dimnames = list(c("-3", 
"-1", "0", "1"), c("A", "G", "T"))), GM14_SNP1 = structure(c(0, 
0, 87, 2, 0, 14, 51, 0), dim = c(4L, 2L), dimnames = list(c("-2", 
"-1", "0", "1"), c("C", "T"))), GM17_SNP1 = structure(c(0, 65, 
0, 0, 0, 70, 0, 0), dim = c(4L, 2L), dimnames = list(c("-1", 
"0", "1", "2"), c("C", "T"))), GM22_SNP1 = structure(c(0, 0, 
50, 1, 0, 0, 0, 36, 0, 0), dim = c(5L, 2L), dimnames = list(c("-2", 
"-1", "0", "1", "2"), c("A", "G"))), GM26_SNP1 = structure(c(0, 
0, 76, 0, 0, 0, 1, 0), dim = c(4L, 2L), dimnames = list(c("-2", 
"-1", "0", "1"), c("A", "G"))), GM29_SNP1 = structure(c(0, 1, 
116, 0, 0, 0, 0, 0, 0, 0), dim = c(5L, 2L), dimnames = list(c("-2", 
"-1", "0", "1", "2"), c("A", "G"))), IM16_SNP1 = structure(c(6, 
39, 0, 0, 52, 0), dim = 3:2, dimnames = list(c("-1", "0", "1"
), c("A", "G"))), IM49_SNP1 = structure(c(0, 0, 0, 0, 0, 0, 0, 
0, 0, 3, 32, 379, 0, 0, 0, 0, 2, 0, 2, 0, 0, 0, 0, 0, 0, 0, 0, 
0), dim = c(7L, 4L), dimnames = list(c("-4", "-3", "-2", "-1", 
"0", "1", "2"), c("A", "C", "G", "T"))), LR10_SNP1 = structure(c(0, 
0, 97, 1, 0, 0, 0, 4, 0, 0), dim = c(5L, 2L), dimnames = list(
    c("-2", "-1", "0", "1", "2"), c("C", "T"))), LR11_SNP1 = structure(c(0, 
0, 0, 0, 0, 0, 0, 0, 1, 178, 0, 0, 0, 0, 0, 4, 0, 0, 0, 0, 0, 
0, 0, 0), dim = c(6L, 4L), dimnames = list(c("-3", "-2", "-1", 
"0", "1", "2"), c("-", "A", "C", "G"))), LR17_SNP1 = structure(c(0, 
0, 0, 98, 1, 0, 0, 0, 0, 0, 0, 0), dim = c(6L, 2L), dimnames = list(
    c("-4", "-2", "-1", "0", "1", "2"), c("A", "G"))), LR20_SNP1 = structure(c(0, 
77, 0, 4, 55, 0, 0, 0, 0), dim = c(3L, 3L), dimnames = list(c("-1", 
"0", "1"), c("A", "G", "T"))), LR24_SNP1 = structure(c(0, 0, 
0, 0, 0, 4, 247, 0, 0, 0, 0, 0, 0, 4, 260, 0, 0, 0, 0, 0), dim = 4:5, dimnames = list(
    c("-2", "-1", "0", "1"), c("-", "A", "C", "G", "T"))), LR36_SNP1 = structure(c(0, 
0, 1, 9, 174, 0, 0, 0, 0, 0, 0, 1, 0, 0), dim = c(7L, 2L), dimnames = list(
    c("-4", "-3", "-2", "-1", "0", "1", "2"), c("A", "T"))), 
    LR40_SNP1 = structure(c(0, 0, 0, 0, 0, 8, 77, 0), dim = c(4L, 
    2L), dimnames = list(c("-2", "-1", "0", "1"), c("A", "C"))), 
    LR44_SNP1 = structure(c(0, 0, 0, 0, 0, 0, 6, 140, 0, 0, 0, 
    0, 2, 0, 0), dim = c(5L, 3L), dimnames = list(c("-2", "-1", 
    "0", "1", "2"), c("A", "C", "T"))), LR46_SNP1 = structure(c(0, 
    0, 0, 0, 51, 0, 0, 43, 0), dim = c(3L, 3L), dimnames = list(
        c("-1", "0", "1"), c("C", "G", "T"))), LR48_SNP1 = structure(c(0, 
    0, 0, 0, 0, 0, 10, 65, 0, 0, 0, 0, 0, 0, 0), dim = c(5L, 
    3L), dimnames = list(c("-2", "-1", "0", "1", "2"), c("A", 
    "C", "T"))), LR49_SNP1 = structure(c(0, 97, 0, 0, 83, 0), dim = 3:2, dimnames = list(
        c("-1", "0", "1"), c("A", "G"))), LR52_SNP1 = structure(c(0, 
    0, 0, 0, 0, 0, 1, 0, 11, 28, 0, 0, 0, 0, 0, 43, 0, 0), dim = c(6L, 
    3L), dimnames = list(c("-3", "-2", "-1", "0", "1", "2"), 
        c("A", "C", "T"))))
