Result <-
list(DEPDC2_SNP1 = structure(c(0, 0, 0, 0, 0, 12, 0, 0, 7, 533, 
28, 0), dim = 4:3, dimnames = list(c("-1", "0", "1", "2"), c("A", 
"C", "T"))), GM01_SNP1 = structure(c(0, 3, 119, 0, 0, 1, 118, 
0), dim = c(4L, 2L), dimnames = list(c("-2", "-1", "0", "1"), 
    c("A", "G"))), GM07_SNP1 = structure(c(0, 0, 0, 0, 0, 0, 
1, 52, 114, 0, 0, 0, 4, 13, 0, 0, 0, 0, 0, 0), dim = 5:4, dimnames = list(
    c("-3", "-2", "-1", "0", "1"), c("-", "A", "G", "T"))), GM09_SNP1 = structure(c(2, 
36, 0, 0, 7, 33, 3, 0, 0, 0, 0, 0), dim = 4:3, dimnames = list(
    c("-1", "0", "1", "2"), c("A", "G", "T"))), GM11_SNP1 = structure(c(0, 
1, 63, 0, 0, 0, 60, 0), dim = c(4L, 2L), dimnames = list(c("-2", 
"-1", "0", "1"), c("A", "G"))), GM14_SNP1 = structure(c(0, 0, 
21, 243, 0, 0, 0, 1, 2, 0), dim = c(5L, 2L), dimnames = list(
    c("-3", "-2", "-1", "0", "1"), c("C", "T"))), GM17_SNP1 = structure(c(0, 
15, 0, 0, 3, 215, 2, 0), dim = c(4L, 2L), dimnames = list(c("-1", 
"0", "1", "2"), c("C", "T"))), GM22_SNP1 = structure(c(0, 5, 
148, 0, 0, 0, 1, 0), dim = c(4L, 2L), dimnames = list(c("-2", 
"-1", "0", "1"), c("A", "G"))), GM26_SNP1 = structure(c(0, 58, 
0, 0, 2, 58, 1, 0, 0, 0, 0, 0), dim = 4:3, dimnames = list(c("-1", 
"0", "1", "2"), c("A", "G", "T"))), GM29_SNP1 = structure(c(0, 
0, 0, 0, 0, 0, 6, 110, 0, 0, 0, 4, 79, 0, 0), dim = c(5L, 3L), dimnames = list(
    c("-2", "-1", "0", "1", "2"), c("-", "A", "G"))), IM16_SNP1 = structure(c(0, 
1, 87, 0, 0, 0, 1, 100, 1, 0), dim = c(5L, 2L), dimnames = list(
    c("-2", "-1", "0", "1", "2"), c("A", "G"))), IM49_SNP1 = structure(c(0, 
0, 0, 0, 0, 0, 17, 288, 3, 0, 0, 17, 226, 0, 0), dim = c(5L, 
3L), dimnames = list(c("-2", "-1", "0", "1", "2"), c("A", "C", 
"G"))), LR10_SNP1 = structure(c(0, 5, 161, 2, 0, 0, 0, 11, 0, 
0), dim = c(5L, 2L), dimnames = list(c("-2", "-1", "0", "1", 
"2"), c("C", "T"))), LR11_SNP1 = structure(c(0, 0, 0, 0, 0, 0, 
3, 118, 0, 0, 0, 4, 99, 1, 0, 0, 0, 0, 0, 0), dim = 5:4, dimnames = list(
    c("-2", "-1", "0", "1", "2"), c("-", "A", "C", "T"))), LR17_SNP1 = structure(c(0, 
0, 11, 186, 1, 0, 0, 0, 0, 0, 0, 0, 0, 0, 0, 0, 0, 0, 0, 0, 0, 
0, 0, 0), dim = c(6L, 4L), dimnames = list(c("-3", "-2", "-1", 
"0", "1", "2"), c("A", "C", "G", "T"))), LR20_SNP1 = structure(c(0, 
77, 43, 0, 0, 0, 0, 0, 0, 0, 120, 0), dim = 4:3, dimnames = list(
    c("-2", "-1", "0", "1"), c("A", "C", "G"))), LR24_SNP1 = structure(c(0, 
0, 0, 0, 0, 0, 0, 0, 19, 0, 0, 0, 0, 0, 0, 0, 0, 44, 1071, 0), dim = 5:4, dimnames = list(
    c("-3", "-2", "-1", "0", "1"), c("-", "A", "C", "G"))), LR36_SNP1 = structure(c(0, 
0, 0, 0, 0, 0, 0, 0, 0, 10, 168, 9, 0, 0, 0, 0, 0, 0, 0, 0, 0, 
0, 1, 13, 152, 2, 1, 0), dim = c(7L, 4L), dimnames = list(c("-3", 
"-2", "-1", "0", "1", "2", "3"), c("-", "A", "G", "T"))), LR40_SNP1 = structure(c(0, 
0, 0, 0, 0, 6, 166, 0, 0, 0, 0, 0, 0, 0, 0, 0), dim = c(4L, 4L
), dimnames = list(c("-2", "-1", "0", "1"), c("A", "C", "G", 
"T"))), LR44_SNP1 = structure(c(0, 0, 0, 44, 1, 0, 0, 0, 0, 0, 
1, 0, 0, 0, 0, 0, 18, 188, 4, 0, 0), dim = c(7L, 3L), dimnames = list(
    c("-3", "-2", "-1", "0", "1", "2", "5"), c("C", "G", "T"))), 
    LR46_SNP1 = structure(c(6, 93, 0, 0, 1, 0), dim = 3:2, dimnames = list(
        c("-1", "0", "1"), c("G", "T"))), LR48_SNP1 = structure(c(0, 
    14, 95, 3, 0, 0, 0, 0, 0, 0, 0, 0, 1, 0, 0), dim = c(5L, 
    3L), dimnames = list(c("-2", "-1", "0", "1", "2"), c("C", 
    "G", "T"))), LR49_SNP1 = structure(c(0, 7, 175, 0, 0, 1, 
    160, 0, 0, 0, 0, 0), dim = 4:3, dimnames = list(c("-2", "-1", 
    "0", "1"), c("A", "G", "T"))), LR52_SNP1 = structure(c(0, 
    0, 0, 26, 0, 0, 3, 15, 51, 0), dim = c(5L, 2L), dimnames = list(
        c("-3", "-2", "-1", "0", "1"), c("C", "T"))))
