Result <-
list(DEPDC2_SNP1 = structure(c(0, 0, 0, 0, 0, 0, 230, 0, 0, 1, 
245, 0), dim = 4:3, dimnames = list(c("-2", "-1", "0", "1"), 
    c("A", "C", "T"))), GM01_SNP1 = structure(c(0, 87, 1, 0, 
96, 0), dim = 3:2, dimnames = list(c("-1", "0", "1"), c("A", 
"G"))), GM07_SNP1 = structure(c(0, 0, 0, 0, 0, 0, 0, 0, 2, 139, 
0, 0, 0, 0, 0, 0, 0, 0), dim = c(6L, 3L), dimnames = list(c("-3", 
"-2", "-1", "0", "1", "2"), c("A", "G", "T"))), GM09_SNP1 = structure(c(0, 
0, 353, 0, 0, 0, 0, 0, 0, 0, 0, 0), dim = 4:3, dimnames = list(
    c("-2", "-1", "0", "1"), c("A", "G", "T"))), GM11_SNP1 = structure(c(0, 
72, 0, 0, 0, 0, 0, 0, 0), dim = c(3L, 3L), dimnames = list(c("-1", 
"0", "1"), c("A", "G", "T"))), GM14_SNP1 = structure(c(0, 0, 
0, 0, 0, 0, 0, 0, 0, 0, 0, 0, 0, 0, 0, 0, 0, 0, 0, 0, 0, 0, 0, 
0, 0, 0, 0, 206, 0, 0), dim = 6:5, dimnames = list(c("-3", "-2", 
"-1", "0", "1", "2"), c("-", "A", "C", "G", "T"))), GM17_SNP1 = structure(c(0, 
0, 0, 0, 2, 0, 0, 163, 0), dim = c(3L, 3L), dimnames = list(c("-1", 
"0", "1"), c("A", "C", "T"))), GM22_SNP1 = structure(c(0, 0, 
131, 0, 0, 0, 0, 0), dim = c(4L, 2L), dimnames = list(c("-2", 
"-1", "0", "1"), c("A", "G"))), GM26_SNP1 = structure(c(0, 0, 
90, 0, 0, 0, 0, 0), dim = c(4L, 2L), dimnames = list(c("-2", 
"-1", "0", "1"), c("A", "G"))), GM29_SNP1 = structure(c(0, 0, 
153, 0, 0, 0, 0, 0, 0, 0, 0, 0), dim = 4:3, dimnames = list(c("-2", 
"-1", "0", "1"), c("A", "G", "T"))), IM16_SNP1 = structure(c(0, 
0, 58, 1, 0, 0, 1, 70, 1, 0, 0, 0, 0, 0, 0), dim = c(5L, 3L), dimnames = list(
    c("-2", "-1", "0", "1", "2"), c("A", "G", "T"))), IM49_SNP1 = structure(c(0, 
0, 2, 0, 0, 0, 2, 411, 2, 0, 0, 0, 0, 0, 0), dim = c(5L, 3L), dimnames = list(
    c("-2", "-1", "0", "1", "2"), c("C", "G", "T"))), LR10_SNP1 = structure(c(0, 
0, 0, 0, 0, 0, 117, 0, 0, 0, 0, 0), dim = 4:3, dimnames = list(
    c("-2", "-1", "0", "1"), c("-", "C", "T"))), LR11_SNP1 = structure(c(0, 
0, 101, 0, 0, 0, 0, 68, 0, 0, 0, 0, 0, 0, 0), dim = c(5L, 3L), dimnames = list(
    c("-2", "-1", "0", "1", "2"), c("A", "C", "G"))), LR17_SNP1 = structure(c(0, 
4, 128, 2, 0, 0, 0, 0, 0, 0, 0, 0, 0, 0, 0), dim = c(5L, 3L), dimnames = list(
    c("-2", "-1", "0", "1", "2"), c("A", "C", "G"))), LR20_SNP1 = structure(c(0, 
74, 1, 0, 90, 0, 0, 0, 0), dim = c(3L, 3L), dimnames = list(c("-1", 
"0", "1"), c("A", "G", "T"))), LR24_SNP1 = structure(c(0, 0, 
0, 0, 0, 0, 0, 0, 1, 0, 0, 0, 1, 682, 0), dim = c(5L, 3L), dimnames = list(
    c("-3", "-2", "-1", "0", "1"), c("-", "A", "G"))), LR36_SNP1 = structure(c(0, 
0, 0, 0, 120, 2, 0, 0, 0, 0, 1, 112, 0, 0), dim = c(7L, 2L), dimnames = list(
    c("-4", "-3", "-2", "-1", "0", "1", "2"), c("A", "T"))), 
    LR40_SNP1 = structure(c(0, 0, 0, 0, 120, 0), dim = 3:2, dimnames = list(
        c("-1", "0", "1"), c("A", "C"))), LR44_SNP1 = structure(c(0, 
    0, 0, 0, 0, 0, 5, 212, 0, 0, 0, 0, 1, 0, 0, 0, 0, 3, 0, 0
    ), dim = 5:4, dimnames = list(c("-2", "-1", "0", "1", "2"
    ), c("A", "C", "G", "T"))), LR46_SNP1 = structure(c(0, 0, 
    0, 0, 98, 0), dim = 3:2, dimnames = list(c("-1", "0", "1"
    ), c("G", "T"))), LR48_SNP1 = structure(c(0, 0, 0, 0, 0, 
    0, 2, 109, 0, 0, 0, 0, 0, 0, 0), dim = c(5L, 3L), dimnames = list(
        c("-2", "-1", "0", "1", "2"), c("A", "C", "T"))), LR49_SNP1 = structure(c(0, 
    106, 0, 0, 118, 0), dim = 3:2, dimnames = list(c("-1", "0", 
    "1"), c("A", "G"))), LR52_SNP1 = structure(c(0, 0, 0, 0, 
    0, 0, 0, 0, 44, 0, 0, 0, 3, 57, 0), dim = c(5L, 3L), dimnames = list(
        c("-3", "-2", "-1", "0", "1"), c("A", "C", "T"))))
