Result <-
list(DEPDC2_SNP1 = structure(c(0, 0, 0, 0, 0, 0, 3, 532, 1, 0, 
0, 0, 0, 0, 0, 0, 2, 543, 0, 0), dim = 5:4, dimnames = list(c("-2", 
"-1", "0", "1", "2"), c("A", "C", "G", "T"))), GM01_SNP1 = structure(c(2, 
454, 0, 0, 0, 0, 0, 0, 0), dim = c(3L, 3L), dimnames = list(c("-1", 
"0", "1"), c("A", "G", "T"))), GM07_SNP1 = structure(c(0, 0, 
0, 0, 0, 0, 0, 0, 32, 433, 16, 0), dim = c(6L, 2L), dimnames = list(
    c("-3", "-2", "-1", "0", "1", "2"), c("A", "G"))), GM09_SNP1 = structure(c(0, 
0, 0, 14, 94, 2, 0, 1, 0, 0, 0, 0), dim = 3:4, dimnames = list(
    c("-1", "0", "1"), c("-", "A", "G", "T"))), GM11_SNP1 = structure(c(11, 
185, 0, 0, 0, 0), dim = 3:2, dimnames = list(c("-1", "0", "1"
), c("A", "G"))), GM14_SNP1 = structure(c(0, 0, 0, 0, 0, 0, 0, 
0, 52, 657, 27, 0, 0, 0, 0, 0, 0, 0), dim = c(6L, 3L), dimnames = list(
    c("-3", "-2", "-1", "0", "1", "2"), c("A", "C", "T"))), GM17_SNP1 = structure(c(0, 
0, 1, 443, 0, 0, 0, 43, 402, 0), dim = c(5L, 2L), dimnames = list(
    c("-3", "-2", "-1", "0", "1"), c("C", "T"))), GM22_SNP1 = structure(c(0, 
0, 430, 0, 0, 0, 0, 0), dim = c(4L, 2L), dimnames = list(c("-2", 
"-1", "0", "1"), c("A", "G"))), GM26_SNP1 = structure(c(17, 94, 
0, 0, 105, 0), dim = 3:2, dimnames = list(c("-1", "0", "1"), 
    c("A", "G"))), GM29_SNP1 = structure(c(0, 5, 286, 0, 0, 1, 
325, 0), dim = c(4L, 2L), dimnames = list(c("-2", "-1", "0", 
"1"), c("A", "G"))), IM16_SNP1 = structure(c(1, 149, 0, 0, 2, 
128, 2, 0), dim = c(4L, 2L), dimnames = list(c("-1", "0", "1", 
"2"), c("A", "G"))), IM49_SNP1 = structure(c(0, 0, 0, 0, 0, 0, 
0, 0, 0, 0, 3, 1, 0, 0, 0, 6, 114, 1515, 9, 1, 0, 0, 0, 0, 0, 
0, 0, 0), dim = c(7L, 4L), dimnames = list(c("-3", "-2", "-1", 
"0", "1", "2", "3"), c("A", "C", "G", "T"))), LR10_SNP1 = structure(c(0, 
0, 0, 0, 0, 2, 323, 0), dim = c(4L, 2L), dimnames = list(c("-2", 
"-1", "0", "1"), c("C", "T"))), LR11_SNP1 = structure(c(0, 17, 
213, 0, 0, 0, 29, 122, 1, 0, 0, 0, 0, 0, 0), dim = c(5L, 3L), dimnames = list(
    c("-2", "-1", "0", "1", "2"), c("A", "C", "T"))), LR17_SNP1 = structure(c(0, 
0, 0, 0, 0, 0, 0, 1, 25, 377, 1, 0, 0, 0, 0, 0, 0, 0, 0, 0, 0, 
0, 0, 0), dim = c(6L, 4L), dimnames = list(c("-3", "-2", "-1", 
"0", "1", "2"), c("-", "A", "C", "G"))), LR20_SNP1 = structure(c(0, 
0, 0, 0, 0, 1, 393, 0, 0, 0, 0, 0), dim = 4:3, dimnames = list(
    c("-2", "-1", "0", "1"), c("A", "G", "T"))), LR24_SNP1 = structure(c(0, 
20, 944, 0, 0, 79, 619, 0), dim = c(4L, 2L), dimnames = list(
    c("-2", "-1", "0", "1"), c("A", "G"))), LR36_SNP1 = structure(c(0, 
0, 0, 0, 3, 0, 0, 0, 0, 0, 0, 0, 0, 0, 0, 0, 0, 0, 0, 0, 0, 0, 
0, 2, 84, 915, 11, 0), dim = c(7L, 4L), dimnames = list(c("-4", 
"-3", "-2", "-1", "0", "1", "2"), c("A", "C", "G", "T"))), LR40_SNP1 = structure(c(0, 
0, 1, 0, 0, 2, 255, 1, 0, 0, 0, 0), dim = 4:3, dimnames = list(
    c("-2", "-1", "0", "1"), c("A", "C", "T"))), LR44_SNP1 = structure(c(0, 
23, 52, 232, 2, 0, 0, 0, 0, 4, 0, 0), dim = c(6L, 2L), dimnames = list(
    c("-3", "-2", "-1", "0", "1", "2"), c("C", "T"))), LR46_SNP1 = structure(c(0, 
14, 296, 0, 0, 0, 3, 0), dim = c(4L, 2L), dimnames = list(c("-2", 
"-1", "0", "1"), c("G", "T"))), LR48_SNP1 = structure(c(0, 9, 
31, 192, 10, 1, 0, 0, 0, 0, 0, 0, 0, 0), dim = c(7L, 2L), dimnames = list(
    c("-3", "-2", "-1", "0", "1", "2", "3"), c("C", "T"))), LR49_SNP1 = structure(c(0, 
0, 1, 0, 2, 134, 492, 0), dim = c(4L, 2L), dimnames = list(c("-2", 
"-1", "0", "1"), c("A", "G"))), LR52_SNP1 = structure(c(0, 0, 
1, 25, 59, 1, 0, 0, 12, 5, 58, 0), dim = c(6L, 2L), dimnames = list(
    c("-4", "-3", "-2", "-1", "0", "1"), c("C", "T"))))
