Result <-
list(DEPDC2_SNP1 = structure(c(0, 0, 0, 0, 0, 0, 4, 0, 0, 0, 
311, 1), dim = 4:3, dimnames = list(c("-4", "-1", "0", "1"), 
    c("A", "C", "T"))), GM01_SNP1 = structure(c(0, 0, 0, 0, 0, 
0, 3, 155, 0, 0, 0, 0, 3, 0, 0), dim = c(5L, 3L), dimnames = list(
    c("-2", "-1", "0", "1", "2"), c("-", "A", "G"))), GM07_SNP1 = structure(c(0, 
0, 0, 0, 0, 6, 44, 0, 0, 3, 46, 0, 0, 0, 0, 0), dim = c(4L, 4L
), dimnames = list(c("-2", "-1", "0", "1"), c("-", "A", "G", 
"T"))), GM09_SNP1 = structure(c(0, 0, 3, 0, 0, 0, 0, 0, 0, 2, 
180, 0, 0, 0, 1, 0), dim = c(4L, 4L), dimnames = list(c("-2", 
"-1", "0", "1"), c("A", "C", "G", "T"))), GM11_SNP1 = structure(c(0, 
41, 0, 0, 1, 0), dim = 3:2, dimnames = list(c("-1", "0", "1"), 
    c("A", "G"))), GM14_SNP1 = structure(c(0, 0, 0, 0, 0, 0, 
0, 2, 138, 1, 0, 0, 0, 4, 0), dim = c(5L, 3L), dimnames = list(
    c("-3", "-2", "-1", "0", "1"), c("-", "C", "T"))), GM17_SNP1 = structure(c(0, 
0, 0, 0, 0, 0, 2, 0, 0, 0, 121, 0), dim = 4:3, dimnames = list(
    c("-2", "-1", "0", "1"), c("A", "C", "T"))), GM22_SNP1 = structure(c(0, 
0, 42, 0, 0, 0, 0, 0, 0, 0, 54, 0, 0, 0, 0, 0), dim = c(4L, 4L
), dimnames = list(c("-2", "-1", "0", "1"), c("A", "C", "G", 
"T"))), GM26_SNP1 = structure(c(0, 0, 53, 0, 0, 0, 0, 0, 0, 0, 
0, 0), dim = 4:3, dimnames = list(c("-3", "-1", "0", "1"), c("A", 
"G", "T"))), GM29_SNP1 = structure(c(0, 0, 2, 0, 0, 3, 85, 0), dim = c(4L, 
2L), dimnames = list(c("-2", "-1", "0", "1"), c("A", "G"))), 
    IM16_SNP1 = structure(c(0, 1, 38, 1, 0, 0, 0, 39, 0, 0, 0, 
    0, 0, 0, 0), dim = c(5L, 3L), dimnames = list(c("-2", "-1", 
    "0", "1", "2"), c("A", "G", "T"))), IM49_SNP1 = structure(c(0, 
    2, 145, 53, 0, 0, 0, 0, 8, 178, 3, 0, 0, 0, 0, 0, 0, 0), dim = c(6L, 
    3L), dimnames = list(c("-3", "-2", "-1", "0", "1", "2"), 
        c("C", "G", "T"))), LR10_SNP1 = structure(c(0, 0, 0, 
    1, 84, 0, 0, 1, 0), dim = c(3L, 3L), dimnames = list(c("-1", 
    "0", "1"), c("A", "C", "T"))), LR11_SNP1 = structure(c(0, 
    0, 3, 0, 0, 1, 66, 0), dim = c(4L, 2L), dimnames = list(c("-2", 
    "-1", "0", "1"), c("A", "C"))), LR17_SNP1 = structure(c(0, 
    0, 82, 0, 0), dim = c(5L, 1L), dimnames = list(c("-2", "-1", 
    "0", "1", "2"), "A")), LR20_SNP1 = structure(c(0, 0, 120, 
    0, 0, 0, 2, 0), dim = c(4L, 2L), dimnames = list(c("-2", 
    "-1", "0", "1"), c("A", "G"))), LR24_SNP1 = structure(c(0, 
    0, 2, 227, 0, 0, 0, 2, 209, 0, 0, 0, 0, 0, 0), dim = c(5L, 
    3L), dimnames = list(c("-3", "-2", "-1", "0", "1"), c("A", 
    "G", "T"))), LR36_SNP1 = structure(c(0, 0, 1, 105, 2, 0, 
    0, 0, 0, 0, 0, 0, 0, 0, 54, 30, 0, 0), dim = c(6L, 3L), dimnames = list(
        c("-3", "-2", "-1", "0", "1", "2"), c("A", "G", "T"))), 
    LR40_SNP1 = structure(c(0, 0, 0, 0, 0, 0, 63, 0), dim = c(4L, 
    2L), dimnames = list(c("-2", "-1", "0", "1"), c("A", "C"))), 
    LR44_SNP1 = structure(c(0, 0, 0, 56, 1, 0, 0, 3, 45, 43, 
    0, 0), dim = c(6L, 2L), dimnames = list(c("-3", "-2", "-1", 
    "0", "1", "2"), c("C", "T"))), LR46_SNP1 = structure(c(15, 
    21, 0, 0, 37, 0), dim = 3:2, dimnames = list(c("-1", "0", 
    "1"), c("G", "T"))), LR48_SNP1 = structure(c(0, 1, 30, 0, 
    0, 0, 0, 37, 1, 0), dim = c(5L, 2L), dimnames = list(c("-2", 
    "-1", "0", "1", "2"), c("C", "T"))), LR49_SNP1 = structure(c(0, 
    173, 0, 0, 1, 0), dim = 3:2, dimnames = list(c("-1", "0", 
    "1"), c("A", "G"))), LR52_SNP1 = structure(c(0, 1, 8, 10, 
    0, 0, 0, 2, 18, 1), dim = c(5L, 2L), dimnames = list(c("-3", 
    "-2", "-1", "0", "1"), c("C", "T"))))
