Result <-
list(DEPDC2_SNP1 = structure(c(0L, 0L, 3L, 0L, 0L, 0L, 279L, 
1L, 18968L, 134L, 1L, 152L, 1L, 0L, 45L, 2L, 0L, 1L, 5L, 0L, 
442L, 4L, 0L, 0L), .Dim = c(6L, 4L), .Dimnames = structure(list(
    c("-1", "-2", "0", "1", "2", NA), c("A", "C", "T", NA)), .Names = c("", 
"")), class = "table"), GM01_SNP1 = structure(c(65L, 1L, 5079L, 
15L, 1L, 5L, 0L, 0L, 1L, 0L, 0L, 0L, 136L, 1L, 5735L, 21L, 0L, 
8L, 0L, 0L, 1L, 0L, 0L, 0L, 4L, 0L, 145L, 1L, 0L, 0L), .Dim = 6:5, .Dimnames = structure(list(
    c("-1", "-2", "0", "1", "2", NA), c("A", "C", "G", "T", NA
    )), .Names = c("", "")), class = "table"), GM07_SNP1 = structure(c(4L, 
0L, 81L, 3L, 0L, 1L, 671L, 21L, 6601L, 209L, 5L, 66L, 0L, 0L, 
1L, 0L, 0L, 0L, 0L, 0L, 1L, 0L, 0L, 0L, 14L, 0L, 175L, 2L, 0L, 
0L), .Dim = 6:5, .Dimnames = structure(list(c("-1", "-2", "0", 
"1", "2", NA), c("A", "G", "N", "T", NA)), .Names = c("", "")), class = "table"), 
    GM09_SNP1 = structure(c(99L, 20903L, 33L, 8L, 1L, 122L, 0L, 
    0L, 0L, 2L, 0L, 0L, 2L, 198L, 0L, 0L), .Dim = c(4L, 4L), .Dimnames = structure(list(
        c("-1", "0", "1", NA), c("A", "G", "T", NA)), .Names = c("", 
    "")), class = "table"), GM11_SNP1 = structure(c(22L, 1L, 
    1L, 5494L, 72L, 3L, 0L, 0L, 0L, 5L, 0L, 0L, 0L, 0L, 0L, 2L, 
    0L, 0L, 0L, 0L, 0L, 74L, 1L, 0L), .Dim = c(6L, 4L), .Dimnames = structure(list(
        c("-1", "-2", "-3", "0", "1", NA), c("A", "G", "T", NA
        )), .Names = c("", "")), class = "table"), GM11_SNP2 = structure(c(22L, 
    1L, 1L, 5516L, 73L, 6L, 0L, 0L, 0L, 1L, 0L, 0L, 0L, 0L, 0L, 
    1L, 0L, 0L, 0L, 0L, 0L, 57L, 0L, 0L), .Dim = c(6L, 4L), .Dimnames = structure(list(
        c("-1", "-2", "-3", "0", "1", NA), c("A", "G", "N", NA
        )), .Names = c("", "")), class = "table"), GM14_SNP1 = structure(c(309L, 
    14L, 9471L, 135L, 4L, 19L, 0L, 0L, 6L, 0L, 0L, 0L, 0L, 0L, 
    163L, 2L, 0L, 0L), .Dim = c(6L, 3L), .Dimnames = structure(list(
        c("-1", "-2", "0", "1", "2", NA), c("C", "T", NA)), .Names = c("", 
    "")), class = "table"), GM17_SNP1 = structure(c(97L, 0L, 
    6025L, 22L, 0L, 2L, 90L, 1L, 6324L, 71L, 1L, 3L, 2L, 0L, 
    102L, 1L, 0L, 0L), .Dim = c(6L, 3L), .Dimnames = structure(list(
        c("-1", "-2", "0", "1", "3", NA), c("C", "T", NA)), .Names = c("", 
    "")), class = "table"), GM22_SNP1 = structure(c(83L, 0L, 
    5364L, 88L, 1L, 6L, 96L, 3L, 4329L, 16L, 1L, 7L, 0L, 0L, 
    1L, 0L, 0L, 0L, 4L, 0L, 199L, 6L, 0L, 0L), .Dim = c(6L, 4L
    ), .Dimnames = structure(list(c("-1", "-2", "0", "1", "2", 
    NA), c("A", "G", "T", NA)), .Names = c("", "")), class = "table"), 
    GM26_SNP1 = structure(c(28L, 2L, 2913L, 8L, 1L, 27L, 0L, 
    3968L, 13L, 1L, 0L, 0L, 121L, 0L, 0L), .Dim = c(5L, 3L), .Dimnames = structure(list(
        c("-1", "-2", "0", "1", NA), c("A", "G", NA)), .Names = c("", 
    "")), class = "table"), GM29_SNP1 = structure(c(139L, 1L, 
    1L, 2738L, 10L, 1L, 3L, 73L, 1L, 0L, 3209L, 9L, 0L, 3L, 0L, 
    0L, 0L, 2L, 0L, 0L, 0L, 0L, 0L, 0L, 62L, 0L, 0L, 0L), .Dim = c(7L, 
    4L), .Dimnames = structure(list(c("-1", "-2", "-3", "0", 
    "1", "2", NA), c("A", "G", "T", NA)), .Names = c("", "")), class = "table"), 
    IM16_SNP1 = structure(c(0L, 0L, 25L, 0L, 0L, 0L, 0L, 0L, 
    1L, 0L, 0L, 0L, 190L, 1L, 8848L, 107L, 2L, 3L, 0L, 0L, 111L, 
    7L, 0L, 0L), .Dim = c(6L, 4L), .Dimnames = structure(list(
        c("-1", "-2", "0", "1", "2", NA), c("A", "C", "G", NA
        )), .Names = c("", "")), class = "table"), IM16_SNP2 = structure(c(0L, 
    0L, 1L, 0L, 0L, 0L, 189L, 1L, 8798L, 110L, 2L, 2L, 0L, 0L, 
    17L, 0L, 0L, 0L, 0L, 0L, 2L, 0L, 0L, 0L, 0L, 0L, 2L, 0L, 
    0L, 0L, 1L, 0L, 165L, 4L, 0L, 0L), .Dim = c(6L, 6L), .Dimnames = structure(list(
        c("-1", "-2", "0", "1", "2", NA), c("A", "C", "G", "N", 
        "T", NA)), .Names = c("", "")), class = "table"), IM16_SNP3 = structure(c(189L, 
    1L, 8931L, 114L, 2L, 4L, 0L, 0L, 1L, 0L, 0L, 0L, 0L, 0L, 
    1L, 0L, 0L, 0L, 1L, 0L, 52L, 0L, 0L, 0L), .Dim = c(6L, 4L
    ), .Dimnames = structure(list(c("-1", "-2", "0", "1", "2", 
    NA), c("C", "G", "T", NA)), .Names = c("", "")), class = "table"), 
    IM49_SNP1 = structure(c(68L, 2L, 6L, 0L, 0L, 1L, 439L, 6L, 
    6609L, 138L, 4L, 22L, 0L, 0L, 1L, 0L, 0L, 0L, 10L, 0L, 422L, 
    11L, 0L, 0L), .Dim = c(6L, 4L), .Dimnames = structure(list(
        c("-1", "-2", "0", "1", "2", NA), c("C", "G", "T", NA
        )), .Names = c("", "")), class = "table"), LR10_SNP1 = structure(c(0L, 
    0L, 4L, 0L, 0L, 0L, 0L, 68L, 1L, 0L, 120L, 2L, 8891L, 39L, 
    6L, 1L, 0L, 121L, 4L, 0L), .Dim = 5:4, .Dimnames = structure(list(
        c("-1", "-2", "0", "1", NA), c("A", "C", "T", NA)), .Names = c("", 
    "")), class = "table"), LR10_SNP2 = structure(c(0L, 0L, 1L, 
    0L, 0L, 0L, 0L, 75L, 1L, 0L, 121L, 2L, 8923L, 42L, 6L, 0L, 
    0L, 85L, 1L, 0L), .Dim = 5:4, .Dimnames = structure(list(
        c("-1", "-2", "0", "1", NA), c("A", "C", "T", NA)), .Names = c("", 
    "")), class = "table"), LR11_SNP1 = structure(c(154L, 0L, 
    7408L, 50L, 1L, 21L, 1L, 0L, 73L, 2L, 0L, 1L, 1L, 0L, 0L, 
    0L, 0L, 0L, 0L, 0L, 1L, 0L, 0L, 0L, 3L, 1L, 134L, 0L, 0L, 
    0L), .Dim = 6:5, .Dimnames = structure(list(c("-1", "-3", 
    "0", "1", "2", NA), c("A", "C", "G", "T", NA)), .Names = c("", 
    "")), class = "table"), LR11_SNP2 = structure(c(152L, 0L, 
    7229L, 49L, 1L, 16L, 1L, 0L, 79L, 0L, 0L, 1L, 0L, 0L, 1L, 
    0L, 0L, 0L, 6L, 1L, 307L, 3L, 0L, 0L), .Dim = c(6L, 4L), .Dimnames = structure(list(
        c("-1", "-3", "0", "1", "2", NA), c("C", "G", "T", NA
        )), .Names = c("", "")), class = "table"), LR17_SNP1 = structure(c(362L, 
    13L, 4937L, 60L, 20L, 1L, 0L, 2L, 0L, 0L, 21L, 0L, 436L, 
    5L, 0L), .Dim = c(5L, 3L), .Dimnames = structure(list(c("-1", 
    "-2", "0", "1", NA), c("A", "G", NA)), .Names = c("", "")), class = "table"), 
    LR17_SNP2 = structure(c(0L, 0L, 3L, 0L, 0L, 374L, 13L, 5027L, 
    62L, 12L, 10L, 0L, 345L, 3L, 0L), .Dim = c(5L, 3L), .Dimnames = structure(list(
        c("-1", "-2", "0", "1", NA), c("A", "G", NA)), .Names = c("", 
    "")), class = "table"), LR17_SNP3 = structure(c(0L, 0L, 1L, 
    0L, 0L, 212L, 9L, 2149L, 22L, 6L, 140L, 3L, 1882L, 30L, 4L, 
    32L, 1L, 1343L, 13L, 0L), .Dim = 5:4, .Dimnames = structure(list(
        c("-1", "-2", "0", "1", NA), c("A", "C", "G", NA)), .Names = c("", 
    "")), class = "table"), LR17_SNP4 = structure(c(153L, 4L, 
    2841L, 38L, 11L, 226L, 9L, 2433L, 25L, 10L, 5L, 0L, 101L, 
    2L, 0L), .Dim = c(5L, 3L), .Dimnames = structure(list(c("-1", 
    "-2", "0", "1", NA), c("G", "T", NA)), .Names = c("", "")), class = "table"), 
    LR20_SNP1 = structure(c(1L, 26L, 0L, 0L, 0L, 3L, 0L, 0L, 
    24L, 9810L, 13L, 1L, 0L, 1L, 0L, 0L, 1L, 86L, 0L, 0L), .Dim = 4:5, .Dimnames = structure(list(
        c("-1", "0", "1", NA), c("A", "C", "G", "T", NA)), .Names = c("", 
    "")), class = "table"), LR24_SNP1 = structure(c(205L, 2L, 
    18393L, 98L, 19L, 0L, 0L, 1L, 0L, 0L, 1L, 0L, 12L, 0L, 0L, 
    0L, 0L, 4L, 0L, 0L, 3L, 0L, 150L, 2L, 0L), .Dim = c(5L, 5L
    ), .Dimnames = structure(list(c("-1", "-2", "0", "1", NA), 
        c("A", "C", "G", "T", NA)), .Names = c("", "")), class = "table"), 
    LR36_SNP1 = structure(c(0L, 0L, 0L, 2L, 0L, 0L, 0L, 168L, 
    9L, 3L, 3630L, 60L, 0L, 25L, 0L, 0L, 0L, 2L, 0L, 0L, 0L, 
    0L, 0L, 0L, 2L, 0L, 0L, 0L, 0L, 0L, 0L, 1L, 0L, 0L, 0L, 83L, 
    6L, 0L, 4086L, 55L, 1L, 19L, 4L, 1L, 0L, 337L, 4L, 0L, 0L
    ), .Dim = c(7L, 7L), .Dimnames = structure(list(c("-1", "-2", 
    "-3", "0", "1", "2", NA), c("-", "A", "C", "G", "N", "T", 
    NA)), .Names = c("", "")), class = "table"), LR40_SNP1 = structure(c(0L, 
    21L, 0L, 0L, 0L, 94L, 7705L, 19L, 1L, 1L, 0L, 1L, 0L, 0L, 
    0L, 0L, 61L, 2L, 0L, 0L), .Dim = 5:4, .Dimnames = structure(list(
        c("-1", "0", "1", "2", NA), c("A", "C", "T", NA)), .Names = c("", 
    "")), class = "table"),