Result <-
list(DEPDC2_SNP1 = structure(c(0L, 0L, 1L, 0L, 0L, 77L, 1L, 11184L, 
38L, 29L, 0L, 0L, 4L, 0L, 0L, 68L, 2L, 10728L, 48L, 39L, 1L, 
0L, 355L, 1L, 0L), .Dim = c(5L, 5L), .Dimnames = structure(list(
    c("-1", "-2", "0", "1", NA), c("A", "C", "G", "T", NA)), .Names = c("", 
"")), class = "table"), GM01_SNP1 = structure(c(146L, 1L, 9424L, 
28L, 2L, 5L, 0L, 0L, 1L, 0L, 0L, 0L, 1L, 0L, 85L, 0L, 0L, 0L, 
0L, 0L, 3L, 0L, 0L, 0L, 4L, 0L, 131L, 1L, 0L, 0L), .Dim = 6:5, .Dimnames = structure(list(
    c("-1", "-2", "0", "1", "2", NA), c("A", "C", "G", "T", NA
    )), .Names = c("", "")), class = "table"), GM07_SNP1 = structure(c(0L, 
0L, 0L, 2L, 0L, 0L, 0L, 544L, 290L, 1L, 7433L, 201L, 6L, 72L, 
2L, 0L, 0L, 5L, 0L, 0L, 1L, 0L, 0L, 0L, 1L, 0L, 0L, 0L, 9L, 4L, 
0L, 171L, 6L, 0L, 0L), .Dim = c(7L, 5L), .Dimnames = structure(list(
    c("-1", "-2", "-3", "0", "1", "2", NA), c("-", "A", "G", 
    "T", NA)), .Names = c("", "")), class = "table"), GM09_SNP1 = structure(c(146L, 
20221L, 31L, 2L, 2L, 37L, 0L, 0L, 0L, 5L, 0L, 0L, 2L, 188L, 0L, 
0L), .Dim = c(4L, 4L), .Dimnames = structure(list(c("-1", "0", 
"1", NA), c("A", "G", "T", NA)), .Names = c("", "")), class = "table"), 
    GM11_SNP1 = structure(c(18L, 1L, 3163L, 11L, 1L, 21L, 0L, 
    3865L, 18L, 0L, 1L, 0L, 79L, 1L, 0L), .Dim = c(5L, 3L), .Dimnames = structure(list(
        c("-1", "-2", "0", "1", NA), c("A", "G", NA)), .Names = c("", 
    "")), class = "table"), GM11_SNP2 = structure(c(0L, 0L, 1L, 
    0L, 0L, 23L, 0L, 4123L, 20L, 1L, 16L, 1L, 2910L, 10L, 2L, 
    1L, 0L, 73L, 0L, 0L), .Dim = 5:4, .Dimnames = structure(list(
        c("-1", "-2", "0", "1", NA), c("-", "A", "G", NA)), .Names = c("", 
    "")), class = "table"), GM14_SNP1 = structure(c(0L, 0L, 0L, 
    1L, 0L, 0L, 0L, 247L, 9L, 2L, 8585L, 69L, 1L, 24L, 1L, 0L, 
    0L, 5L, 0L, 0L, 0L, 1L, 0L, 0L, 106L, 2L, 0L, 0L), .Dim = c(7L, 
    4L), .Dimnames = structure(list(c("-1", "-2", "-3", "0", 
    "1", "2", NA), c("A", "C", "T", NA)), .Names = c("", "")), class = "table"), 
    GM17_SNP1 = structure(c(0L, 0L, 0L, 12L, 0L, 0L, 175L, 2L, 
    1L, 10883L, 22L, 4L, 1L, 0L, 0L, 91L, 0L, 0L), .Dim = c(6L, 
    3L), .Dimnames = structure(list(c("-1", "-2", "-3", "0", 
    "1", NA), c("C", "T", NA)), .Names = c("", "")), class = "table"), 
    GM22_SNP1 = structure(c(126L, 5L, 8690L, 33L, 1L, 13L, 0L, 
    0L, 5L, 0L, 0L, 0L, 0L, 0L, 1L, 0L, 0L, 0L, 2L, 0L, 118L, 
    0L, 0L, 0L), .Dim = c(6L, 4L), .Dimnames = structure(list(
        c("-1", "-2", "0", "1", "2", NA), c("A", "G", "T", NA
        )), .Names = c("", "")), class = "table"), GM26_SNP1 = structure(c(66L, 
    1L, 2L, 7007L, 21L, 4L, 0L, 0L, 0L, 2L, 0L, 0L, 4L, 0L, 0L, 
    54L, 0L, 0L), .Dim = c(6L, 3L), .Dimnames = structure(list(
        c("-1", "-2", "-3", "0", "1", NA), c("A", "G", NA)), .Names = c("", 
    "")), class = "table"), GM29_SNP1 = structure(c(42L, 0L, 
    2942L, 7L, 0L, 44L, 1L, 3195L, 9L, 1L, 2L, 0L, 68L, 2L, 0L
    ), .Dim = c(5L, 3L), .Dimnames = structure(list(c("-1", "-2", 
    "0", "1", NA), c("A", "G", NA)), .Names = c("", "")), class = "table"), 
    IM16_SNP1 = structure(c(0L, 0L, 5L, 0L, 0L, 295L, 2L, 6575L, 
    80L, 5L, 1L, 0L, 0L, 0L, 0L, 1L, 0L, 96L, 2L, 0L), .Dim = 5:4, .Dimnames = structure(list(
        c("-1", "-2", "0", "1", NA), c("A", "G", "T", NA)), .Names = c("", 
    "")), class = "table"), IM16_SNP2 = structure(c(294L, 2L, 
    6556L, 81L, 4L, 0L, 0L, 1L, 0L, 0L, 0L, 0L, 1L, 0L, 0L, 3L, 
    0L, 118L, 1L, 0L), .Dim = 5:4, .Dimnames = structure(list(
        c("-1", "-2", "0", "1", NA), c("C", "G", "N", NA)), .Names = c("", 
    "")), class = "table"), IM16_SNP3 = structure(c(0L, 0L, 1L, 
    0L, 0L, 295L, 2L, 6604L, 81L, 7L, 0L, 0L, 2L, 0L, 0L, 2L, 
    0L, 69L, 1L, 0L), .Dim = 5:4, .Dimnames = structure(list(
        c("-1", "-2", "0", "1", NA), c("A", "C", "T", NA)), .Names = c("", 
    "")), class = "table"), IM49_SNP1 = structure(c(582L, 10L, 
    11931L, 261L, 7L, 47L, 0L, 0L, 5L, 0L, 0L, 0L, 5L, 0L, 357L, 
    10L, 0L, 0L), .Dim = c(6L, 3L), .Dimnames = structure(list(
        c("-1", "-2", "0", "1", "2", NA), c("C", "G", NA)), .Names = c("", 
    "")), class = "table"), LR10_SNP1 = structure(c(4L, 0L, 113L, 
    0L, 0L, 100L, 1L, 6433L, 24L, 5L, 0L, 0L, 91L, 3L, 0L), .Dim = c(5L, 
    3L), .Dimnames = structure(list(c("-1", "-2", "0", "1", NA
    ), c("C", "T", NA)), .Names = c("", "")), class = "table"), 
    LR10_SNP2 = structure(c(0L, 0L, 1L, 0L, 0L, 4L, 0L, 110L, 
    0L, 0L, 100L, 1L, 6461L, 26L, 4L, 0L, 0L, 65L, 1L, 0L), .Dim = 5:4, .Dimnames = structure(list(
        c("-1", "-2", "0", "1", NA), c("A", "C", "T", NA)), .Names = c("", 
    "")), class = "table"), LR11_SNP1 = structure(c(126L, 5L, 
    4379L, 40L, 1L, 5L, 69L, 3L, 3681L, 25L, 0L, 8L, 5L, 0L, 
    202L, 3L, 0L, 0L), .Dim = c(6L, 3L), .Dimnames = structure(list(
        c("-1", "-2", "0", "1", "2", NA), c("A", "C", NA)), .Names = c("", 
    "")), class = "table"), LR11_SNP2 = structure(c(0L, 0L, 1L, 
    0L, 0L, 0L, 0L, 0L, 1L, 0L, 0L, 0L, 120L, 5L, 4297L, 39L, 
    1L, 7L, 71L, 3L, 3661L, 27L, 0L, 8L, 9L, 0L, 302L, 2L, 0L, 
    0L), .Dim = 6:5, .Dimnames = structure(list(c("-1", "-2", 
    "0", "1", "2", NA), c("-", "A", "C", "G", NA)), .Names = c("", 
    "")), class = "table"), LR17_SNP1 = structure(c(194L, 6L, 
    5110L, 214L, 3L, 53L, 0L, 0L, 2L, 0L, 0L, 0L, 10L, 0L, 436L, 
    3L, 0L, 0L), .Dim = c(6L, 3L), .Dimnames = structure(list(
        c("-1", "-2", "0", "1", "2", NA), c("A", "G", NA)), .Names = c("", 
    "")), class = "table"), LR17_SNP2 = structure(c(0L, 0L, 3L, 
    0L, 0L, 0L, 200L, 6L, 5209L, 207L, 3L, 13L, 4L, 0L, 336L, 
    10L, 0L, 0L), .Dim = c(6L, 3L), .Dimnames = structure(list(
        c("-1", "-2", "0", "1", "2", NA), c("A", "G", NA)), .Names = c("", 
    "")), class = "table"), LR17_SNP3 = structure(c(0L, 0L, 2L, 
    0L, 0L, 0L, 108L, 2L, 2990L, 39L, 0L, 14L, 82L, 3L, 1490L, 
    114L, 2L, 5L, 14L, 1L, 1066L, 64L, 1L, 0L), .Dim = c(6L, 
    4L), .Dimnames = structure(list(c("-1", "-2", "0", "1", "2", 
    NA), c("-", "C", "G", NA)), .Names = c("", "")), class = "table"), 
    LR17_SNP4 = structure(c(0L, 0L, 5L, 0L, 0L, 0L, 204L, 6L, 
    5477L, 217L, 3L, 52L, 0L, 0L, 66L, 0L, 0L, 0L), .Dim = c(6L, 
    3L), .Dimnames = structure(list(c("-1", "-2", "0", "1", "2", 
    NA), c("G", "T", NA)), .Names = c("", "")), class = "table"), 
    LR20_SNP1 = structure(c(9L, 4037L, 7L, 2L, 7L, 4411L, 10L, 
    2L, 0L, 65L, 0L, 0L), .Dim = 4:3, .Dimnames = structure(list(
        c("-1", "0", "1", NA), c("A", "G", NA)), .Names = c("", 
    "")), class = "table"), LR24_SNP1 = structure(c(0L, 0L, 2L, 
    0L, 0L, 4L, 0L, 104L, 0L, 0L, 76L, 1L, 16913L, 40L, 11L, 
    0L, 0L, 168L, 2L, 0L), .Dim = 5:4, .Dimnames = structure(list(
        c("-1", "-3", "0", "1", NA), c("-", "A", "G", NA)), .Names = c("", 
    "")), class = "table"), LR36_SNP1 = structure(c(0L, 0L, 0L, 
    2L, 0L, 0L, 0L, 112L, 7L, 3L, 5319L, 54L, 1L, 21L, 0L, 0L, 
    0L, 1L, 0L, 0L, 0L, 0L, 0L, 0L, 1L, 0L, 0L, 0L, 91L, 4L, 
    1L, 4243L, 23L, 0L, 15L, 7L, 0L, 0L, 352L, 3L, 0L, 0L), .Dim = 7:6, .Dimnames = structure(list(
        c("-1", "-2", "-3", "0", "1", "5", NA), c("-", "A", "G", 
        "N", "T", NA)), .Names = c("", "")), class = "table"), 
    LR40_SNP1 = structure(c(0L, 3508L, 1L, 0L, 11L, 24L, 0L, 
    3320L, 14L, 3L, 1L, 14L, 29L, 1L, 0L), .Dim = c(5L, 3L), .Dimnames = structure(list(
        c("-1", "-5", "0", "1", NA), c("A", "C", NA)), .Names = c("", 
    "")), class = "table"), LR44_SNP1 = structure(c(1L, 0L, 0L, 
    1L, 0L, 0L, 0L, 292L, 10L, 2L, 3702L, 58L, 1L, 14L, 0L, 0L, 
    0L, 1L, 0L, 0L, 0L, 429L, 16L, 1L, 4580L, 89L, 3L, 19L, 18L, 
    0L, 0L, 265L, 10L, 0L, 0L), .Dim = c(7L, 5L), .Dimnames = structure(list(
        c("-1", "-2", "-3", "0", "1", "2", NA), c("A", "C", "N", 
        "T", NA)), .Names = c("", "")), class = "table"),