Result <-
list(DEPDC2_SNP1 = structure(c(0L, 0L, 0L, 2L, 0L, 0L, 0L, 62L, 
2L, 1L, 8424L, 30L, 1L, 35L, 116L, 0L, 0L, 10148L, 43L, 0L, 49L, 
2L, 0L, 0L, 328L, 1L, 0L, 0L), .Dim = c(7L, 4L), .Dimnames = structure(list(
    c("-1", "-2", "-4", "0", "1", "2", NA), c("A", "C", "T", 
    NA)), .Names = c("", "")), class = "table"), GM01_SNP1 = structure(c(165L, 
2L, 10087L, 33L, 11L, 0L, 0L, 8L, 0L, 0L, 0L, 0L, 1L, 0L, 0L, 
4L, 0L, 168L, 1L, 0L), .Dim = 5:4, .Dimnames = structure(list(
    c("-1", "-2", "0", "1", NA), c("A", "G", "T", NA)), .Names = c("", 
"")), class = "table"), GM07_SNP1 = structure(c(0L, 0L, 2L, 0L, 
0L, 0L, 862L, 16L, 8614L, 285L, 9L, 84L, 0L, 1L, 43L, 1L, 0L, 
0L, 0L, 0L, 2L, 1L, 0L, 0L, 6L, 1L, 191L, 4L, 0L, 0L), .Dim = 6:5, .Dimnames = structure(list(
    c("-1", "-2", "0", "1", "2", NA), c("-", "A", "G", "T", NA
    )), .Names = c("", "")), class = "table"), GM09_SNP1 = structure(c(0L, 
1L, 0L, 0L, 54L, 10295L, 12L, 1L, 70L, 10122L, 15L, 2L, 0L, 3L, 
0L, 0L, 3L, 238L, 3L, 0L), .Dim = 4:5, .Dimnames = structure(list(
    c("-1", "0", "1", NA), c("-", "A", "G", "T", NA)), .Names = c("", 
"")), class = "table"), GM11_SNP1 = structure(c(36L, 4304L, 9L, 
2L, 29L, 3995L, 16L, 4L, 0L, 1L, 0L, 0L, 0L, 21L, 0L, 0L, 1L, 
78L, 0L, 0L), .Dim = 4:5, .Dimnames = structure(list(c("-1", 
"0", "1", NA), c("A", "G", "N", "T", NA)), .Names = c("", "")), class = "table"), 
    GM11_SNP2 = structure(c(63L, 8138L, 25L, 5L, 0L, 1L, 0L, 
    0L, 0L, 1L, 0L, 0L, 3L, 259L, 0L, 0L), .Dim = c(4L, 4L), .Dimnames = structure(list(
        c("-1", "0", "1", NA), c("A", "G", "N", NA)), .Names = c("", 
    "")), class = "table"), GM14_SNP1 = structure(c(0L, 0L, 1L, 
    0L, 0L, 0L, 298L, 5L, 4344L, 41L, 1L, 7L, 132L, 5L, 4800L, 
    30L, 0L, 8L, 1L, 0L, 191L, 1L, 0L, 0L), .Dim = c(6L, 4L), .Dimnames = structure(list(
        c("-1", "-2", "0", "1", "2", NA), c("A", "C", "T", NA
        )), .Names = c("", "")), class = "table"), GM17_SNP1 = structure(c(0L, 
    0L, 1L, 0L, 0L, 0L, 78L, 0L, 6014L, 31L, 0L, 5L, 96L, 1L, 
    6065L, 12L, 1L, 3L, 2L, 1L, 130L, 1L, 0L, 0L), .Dim = c(6L, 
    4L), .Dimnames = structure(list(c("-1", "-2", "0", "1", "2", 
    NA), c("A", "C", "T", NA)), .Names = c("", "")), class = "table"), 
    GM22_SNP1 = structure(c(67L, 1L, 0L, 4591L, 15L, 7L, 71L, 
    3L, 1L, 4554L, 18L, 3L, 1L, 0L, 0L, 0L, 0L, 0L, 4L, 0L, 0L, 
    182L, 1L, 0L), .Dim = c(6L, 4L), .Dimnames = structure(list(
        c("-1", "-2", "-3", "0", "1", NA), c("A", "G", "T", NA
        )), .Names = c("", "")), class = "table"), GM26_SNP1 = structure(c(71L, 
    2L, 7949L, 30L, 1L, 10L, 0L, 0L, 22L, 1L, 0L, 0L, 4L, 0L, 
    84L, 0L, 0L, 0L), .Dim = c(6L, 3L), .Dimnames = structure(list(
        c("-1", "-2", "0", "1", "2", NA), c("A", "G", NA)), .Names = c("", 
    "")), class = "table"), GM29_SNP1 = structure(c(77L, 3241L, 
    8L, 1L, 3L, 35L, 2861L, 15L, 0L, 3L, 1L, 67L, 1L, 0L, 0L), .Dim = c(5L, 
    3L), .Dimnames = structure(list(c("-1", "0", "1", "2", NA
    ), c("A", "G", NA)), .Names = c("", "")), class = "table"), 
    IM16_SNP1 = structure(c(0L, 0L, 64L, 2L, 0L, 0L, 0L, 0L, 
    1L, 0L, 0L, 0L, 201L, 4L, 9484L, 126L, 1L, 2L, 0L, 0L, 1L, 
    0L, 0L, 0L, 0L, 0L, 161L, 10L, 0L, 0L), .Dim = 6:5, .Dimnames = structure(list(
        c("-1", "-2", "0", "1", "2", NA), c("A", "C", "G", "T", 
        NA)), .Names = c("", "")), class = "table"), IM16_SNP2 = structure(c(197L, 
    4L, 9487L, 131L, 0L, 4L, 0L, 0L, 1L, 0L, 0L, 0L, 0L, 0L, 
    1L, 0L, 0L, 0L, 4L, 0L, 222L, 7L, 1L, 0L), .Dim = c(6L, 4L
    ), .Dimnames = structure(list(c("-1", "-2", "0", "1", "2", 
    NA), c("C", "G", "N", NA)), .Names = c("", "")), class = "table"), 
    IM16_SNP3 = structure(c(200L, 4L, 9619L, 137L, 1L, 5L, 1L, 
    0L, 92L, 1L, 0L, 0L), .Dim = c(6L, 2L), .Dimnames = structure(list(
        c("-1", "-2", "0", "1", "2", NA), c("C", NA)), .Names = c("", 
    "")), class = "table"), IM49_SNP1 = structure(c(316L, 10L, 
    7108L, 131L, 2L, 20L, 0L, 0L, 74L, 0L, 0L, 2L, 3L, 0L, 223L, 
    4L, 1L, 0L), .Dim = c(6L, 3L), .Dimnames = structure(list(
        c("-1", "-2", "0", "1", "2", NA), c("C", "G", NA)), .Names = c("", 
    "")), class = "table"), LR10_SNP1 = structure(c(0L, 0L, 2L, 
    0L, 0L, 257L, 2L, 4441L, 19L, 18L, 100L, 0L, 5061L, 16L, 
    3L, 1L, 0L, 116L, 1L, 0L), .Dim = 5:4, .Dimnames = structure(list(
        c("-1", "-2", "0", "1", NA), c("A", "C", "T", NA)), .Names = c("", 
    "")), class = "table"), LR10_SNP2 = structure(c(0L, 0L, 1L, 
    0L, 0L, 0L, 0L, 1L, 0L, 0L, 355L, 2L, 9480L, 36L, 19L, 0L, 
    0L, 30L, 0L, 0L, 3L, 0L, 108L, 0L, 0L), .Dim = c(5L, 5L), .Dimnames = structure(list(
        c("-1", "-2", "0", "1", NA), c("-", "A", "C", "T", NA
        )), .Names = c("", "")), class = "table"), LR11_SNP1 = structure(c(89L, 
    3L, 3694L, 28L, 2L, 4L, 81L, 0L, 3568L, 32L, 0L, 4L, 0L, 
    0L, 2L, 0L, 0L, 0L, 0L, 0L, 1L, 0L, 0L, 0L, 0L, 0L, 192L, 
    2L, 0L, 0L), .Dim = 6:5, .Dimnames = structure(list(c("-1", 
    "-2", "0", "1", "2", NA), c("A", "C", "G", "T", NA)), .Names = c("", 
    "")), class = "table"), LR11_SNP2 = structure(c(84L, 3L, 
    3599L, 25L, 2L, 2L, 79L, 0L, 3535L, 33L, 0L, 6L, 7L, 0L, 
    323L, 4L, 0L, 0L), .Dim = c(6L, 3L), .Dimnames = structure(list(
        c("-1", "-2", "0", "1", "2", NA), c("C", "G", NA)), .Names = c("", 
    "")), class = "table"), LR17_SNP1 = structure(c(181L, 7L, 
    3800L, 43L, 18L, 0L, 0L, 2L, 0L, 0L, 13L, 0L, 394L, 2L, 0L
    ), .Dim = c(5L, 3L), .Dimnames = structure(list(c("-1", "-2", 
    "0", "1", NA), c("A", "G", NA)), .Names = c("", "")), class = "table"), 
    LR17_SNP2 = structure(c(186L, 6L, 3919L, 44L, 10L, 8L, 1L, 
    277L, 1L, 0L), .Dim = c(5L, 2L), .Dimnames = structure(list(
        c("-1", "-2", "0", "1", NA), c("G", NA)), .Names = c("", 
    "")), class = "table"), LR17_SNP3 = structure(c(99L, 0L, 
    2091L, 20L, 5L, 80L, 6L, 1183L, 12L, 3L, 0L, 0L, 1L, 0L, 
    0L, 15L, 1L, 921L, 13L, 0L), .Dim = 5:4, .Dimnames = structure(list(
        c("-1", "-2", "0", "1", NA), c("C", "G", "T", NA)), .Names = c("", 
    "")), class = "table"), LR17_SNP4 = structure(c(88L, 5L, 
    1816L, 21L, 12L, 105L, 0L, 2312L, 23L, 16L, 1L, 2L, 68L, 
    1L, 0L), .Dim = c(5L, 3L), .Dimnames = structure(list(c("-1", 
    "-2", "0", "1", NA), c("G", "T", NA)), .Names = c("", "")), class = "table"), 
    LR20_SNP1 = structure(c(0L, 6L, 0L, 0L, 47L, 9173L, 10L, 
    1L, 0L, 1L, 0L, 0L, 0L, 86L, 0L, 0L), .Dim = c(4L, 4L), .Dimnames = structure(list(
        c("-1", "0", "1", NA), c("A", "G", "T", NA)), .Names = c("", 
    "")), class = "table"), LR24_SNP1 = structure(c(0L, 0L, 3L, 
    0L, 0L, 69L, 0L, 8927L, 27L, 9L, 159L, 1L, 11738L, 25L, 13L, 
    3L, 0L, 193L, 2L, 0L), .Dim = 5:4, .Dimnames = structure(list(
        c("-1", "-2", "0", "1", NA), c("-", "A", "G", NA)), .Names = c("", 
    "")), class = "table"), LR36_SNP1 = structure(c(0L, 0L, 0L, 
    1L, 0L, 0L, 0L, 125L, 8L, 1L, 3661L, 32L, 1L, 15L, 0L, 0L, 
    0L, 1L, 0L, 0L, 0L, 326L, 12L, 3L, 4348L, 44L, 0L, 25L, 11L, 
    1L, 0L, 327L, 5L, 0L, 0L), .Dim = c(7L, 5L), .Dimnames = structure(list(
        c("-1", "-2", "-3", "0", "1", "2", NA), c("-", "A", "C", 
        "T", NA)), .Names = c("", "")), class = "table"), LR40_SNP1 = structure(c(1L, 
    0L, 44L, 1L, 0L, 0L, 132L, 1L, 8136L, 47L, 1L, 4L, 0L, 0L, 
    61L, 0L, 0L, 0L), .Dim = c(6L, 3L), .Dimnames = structure(list(
        c("-1", "-2", "0", "1", "2", NA), c("A", "C", NA)), .Names = c("", 
    "")), class = "table"), LR44_SNP1 = structure(c(1L, 0L, 0L, 
    9L, 1L, 0L, 0L, 56L, 4L, 0L, 91L, 2L, 0L, 0L, 0L, 0L, 0L, 
    5L, 0L, 0L, 1L, 1L, 0L, 0L, 2L, 1L, 0L, 0L, 1581L, 63L, 2L, 
    9154L, 169L, 15L, 49L, 31L, 0L, 0L, 244L, 7L, 1L, 0L), .Dim = 7:6, .Dimnames = structure(list(
        c("-1", "-2", "-3", "0", "1", "2", NA), c("A", "C", "G", 
        "N", "T", NA)), .Names = c("", "")), class = "table"),