Result <-
list(DEPDC2_SNP1 = structure(c(0L, 0L, 2L, 0L, 0L, 50L, 0L, 6919L, 
61L, 44L, 4371L, 9L, 2827L, 39L, 160L, 32L, 0L, 203L, 2L, 0L), .Dim = 5:4, .Dimnames = structure(list(
    c("-1", "-2", "0", "1", NA), c("A", "C", "T", NA)), .Names = c("", 
"")), class = "table"), GM01_SNP1 = structure(c(120L, 1L, 7493L, 
24L, 1L, 8L, 0L, 0L, 12L, 0L, 0L, 0L, 0L, 0L, 1L, 0L, 0L, 0L, 
4L, 0L, 128L, 0L, 0L, 0L), .Dim = c(6L, 4L), .Dimnames = structure(list(
    c("-1", "-2", "0", "1", "2", NA), c("A", "G", "T", NA)), .Names = c("", 
"")), class = "table"), GM07_SNP1 = structure(c(1L, 0L, 0L, 0L, 
0L, 0L, 0L, 2020L, 42L, 1L, 3480L, 152L, 2L, 88L, 1L, 0L, 0L, 
3L, 0L, 0L, 0L, 1L, 0L, 0L, 1L, 0L, 0L, 0L, 0L, 0L, 0L, 3L, 0L, 
0L, 0L, 16L, 2L, 0L, 88L, 2L, 0L, 0L), .Dim = 7:6, .Dimnames = structure(list(
    c("-1", "-2", "-3", "0", "1", "2", NA), c("-", "A", "G", 
    "N", "T", NA)), .Names = c("", "")), class = "table"), GM09_SNP1 = structure(c(48L, 
7047L, 12L, 3L, 34L, 7685L, 10L, 2L, 1L, 148L, 0L, 0L), .Dim = 4:3, .Dimnames = structure(list(
    c("-1", "0", "1", NA), c("A", "G", NA)), .Names = c("", ""
)), class = "table"), GM11_SNP1 = structure(c(9L, 0L, 2159L, 
6L, 0L, 1729L, 5L, 825L, 2L, 12L, 0L, 0L, 1L, 0L, 0L, 10L, 0L, 
30L, 0L, 0L), .Dim = 5:4, .Dimnames = structure(list(c("-1", 
"-2", "0", "1", NA), c("A", "G", "T", NA)), .Names = c("", ""
)), class = "table"), GM11_SNP2 = structure(c(1740L, 5L, 2987L, 
8L, 12L, 0L, 0L, 1L, 0L, 0L, 8L, 0L, 27L, 0L, 0L), .Dim = c(5L, 
3L), .Dimnames = structure(list(c("-1", "-2", "0", "1", NA), 
    c("A", "G", NA)), .Names = c("", "")), class = "table"), 
    GM14_SNP1 = structure(c(0L, 0L, 0L, 2L, 0L, 0L, 1668L, 26L, 
    1L, 1287L, 11L, 21L, 111L, 2L, 0L, 4650L, 17L, 6L, 4L, 0L, 
    0L, 110L, 0L, 0L), .Dim = c(6L, 4L), .Dimnames = structure(list(
        c("-1", "-2", "-3", "0", "1", NA), c("A", "C", "T", NA
        )), .Names = c("", "")), class = "table"), GM17_SNP1 = structure(c(75L, 
    0L, 4706L, 26L, 0L, 7L, 44L, 1L, 4460L, 93L, 1L, 7L, 3L, 
    0L, 87L, 2L, 0L, 0L), .Dim = c(6L, 3L), .Dimnames = structure(list(
        c("-1", "-2", "0", "1", "2", NA), c("C", "T", NA)), .Names = c("", 
    "")), class = "table"), GM22_SNP1 = structure(c(56L, 2L, 
    3138L, 16L, 9L, 24L, 3L, 2089L, 7L, 1L, 2L, 0L, 127L, 2L, 
    0L), .Dim = c(5L, 3L), .Dimnames = structure(list(c("-1", 
    "-2", "0", "1", NA), c("A", "G", NA)), .Names = c("", "")), class = "table"), 
    GM26_SNP1 = structure(c(51L, 1L, 5137L, 31L, 1L, 4L, 1L, 
    0L, 41L, 0L, 0L, 0L), .Dim = c(6L, 2L), .Dimnames = structure(list(
        c("-1", "-2", "0", "1", "2", NA), c("A", NA)), .Names = c("", 
    "")), class = "table"), GM29_SNP1 = structure(c(917L, 6L, 
    5026L, 6L, 13L, 0L, 0L, 1L, 0L, 0L, 0L, 0L, 1L, 0L, 0L, 8L, 
    0L, 43L, 1L, 0L), .Dim = 5:4, .Dimnames = structure(list(
        c("-1", "-2", "0", "1", NA), c("A", "G", "T", NA)), .Names = c("", 
    "")), class = "table"), IM16_SNP1 = structure(c(0L, 5L, 0L, 
    0L, 35L, 4901L, 55L, 8L, 1L, 82L, 5L, 0L), .Dim = 4:3, .Dimnames = structure(list(
        c("-1", "0", "1", NA), c("A", "G", NA)), .Names = c("", 
    "")), class = "table"), IM16_SNP2 = structure(c(35L, 4873L, 
    57L, 6L, 0L, 1L, 0L, 0L, 0L, 1L, 0L, 0L, 1L, 113L, 3L, 0L
    ), .Dim = c(4L, 4L), .Dimnames = structure(list(c("-1", "0", 
    "1", NA), c("C", "G", "N", NA)), .Names = c("", "")), class = "table"), 
    IM16_SNP3 = structure(c(36L, 4938L, 60L, 9L, 0L, 50L, 0L, 
    0L), .Dim = c(4L, 2L), .Dimnames = structure(list(c("-1", 
    "0", "1", NA), c("C", NA)), .Names = c("", "")), class = "table"), 
    IM49_SNP1 = structure(c(0L, 0L, 6L, 1L, 0L, 0L, 0L, 596L, 
    11L, 8131L, 266L, 7L, 1L, 29L, 16L, 1L, 542L, 29L, 1L, 0L, 
    0L), .Dim = c(7L, 3L), .Dimnames = structure(list(c("-1", 
    "-2", "0", "1", "2", "4", NA), c("C", "G", NA)), .Names = c("", 
    "")), class = "table"), LR10_SNP1 = structure(c(0L, 0L, 1L, 
    0L, 0L, 0L, 0L, 1L, 0L, 0L, 69L, 2L, 2610L, 22L, 3L, 164L, 
    0L, 2854L, 7L, 6L, 3L, 0L, 66L, 1L, 0L), .Dim = c(5L, 5L), .Dimnames = structure(list(
        c("-1", "-2", "0", "1", NA), c("-", "A", "C", "T", NA
        )), .Names = c("", "")), class = "table"), LR10_SNP2 = structure(c(233L, 
    2L, 5453L, 27L, 9L, 0L, 0L, 2L, 0L, 0L, 3L, 0L, 77L, 3L, 
    0L), .Dim = c(5L, 3L), .Dimnames = structure(list(c("-1", 
    "-2", "0", "1", NA), c("C", "T", NA)), .Names = c("", "")), class = "table"), 
    LR11_SNP1 = structure(c(429L, 13L, 6424L, 76L, 1L, 22L, 0L, 
    0L, 0L, 1L, 0L, 0L, 0L, 0L, 1L, 0L, 0L, 0L, 6L, 0L, 99L, 
    0L, 0L, 0L), .Dim = c(6L, 4L), .Dimnames = structure(list(
        c("-1", "-2", "0", "1", "2", NA), c("A", "C", "T", NA
        )), .Names = c("", "")), class = "table"), LR11_SNP2 = structure(c(0L, 
    0L, 1L, 0L, 0L, 0L, 0L, 0L, 2L, 0L, 0L, 0L, 415L, 13L, 6240L, 
    69L, 1L, 17L, 0L, 0L, 1L, 1L, 0L, 1L, 0L, 0L, 2L, 0L, 0L, 
    0L, 20L, 0L, 278L, 7L, 0L, 0L), .Dim = c(6L, 6L), .Dimnames = structure(list(
        c("-1", "-2", "0", "1", "2", NA), c("-", "A", "C", "G", 
        "T", NA)), .Names = c("", "")), class = "table"), LR17_SNP1 = structure(c(402L, 
    8L, 2599L, 50L, 20L, 30L, 0L, 288L, 1L, 0L), .Dim = c(5L, 
    2L), .Dimnames = structure(list(c("-1", "-2", "0", "1", NA
    ), c("A", NA)), .Names = c("", "")), class = "table"), LR17_SNP2 = structure(c(0L, 
    0L, 1L, 0L, 0L, 0L, 0L, 2L, 0L, 0L, 413L, 8L, 2663L, 47L, 
    11L, 19L, 0L, 221L, 4L, 0L), .Dim = 5:4, .Dimnames = structure(list(
        c("-1", "-2", "0", "1", NA), c("-", "A", "G", NA)), .Names = c("", 
    "")), class = "table"), LR17_SNP3 = structure(c(0L, 0L, 1L, 
    0L, 0L, 182L, 3L, 1028L, 26L, 9L, 226L, 5L, 1056L, 14L, 6L, 
    24L, 0L, 802L, 11L, 0L), .Dim = 5:4, .Dimnames = structure(list(
        c("-1", "-2", "0", "1", NA), c("A", "C", "G", NA)), .Names = c("", 
    "")), class = "table"), LR17_SNP4 = structure(c(244L, 5L, 
    1670L, 21L, 10L, 187L, 3L, 1143L, 29L, 12L, 1L, 0L, 74L, 
    1L, 0L), .Dim = c(5L, 3L), .Dimnames = structure(list(c("-1", 
    "-2", "0", "1", NA), c("G", "T", NA)), .Names = c("", "")), class = "table"), 
    LR20_SNP1 = structure(c(0L, 5L, 0L, 0L, 11L, 5800L, 7L, 3L, 
    0L, 66L, 2L, 0L), .Dim = 4:3, .Dimnames = structure(list(
        c("-1", "0", "1", NA), c("A", "G", NA)), .Names = c("", 
    "")), class = "table"), LR24_SNP1 = structure(c(198L, 2L, 
    11305L, 19L, 0L, 12L, 36L, 0L, 6406L, 13L, 1L, 4L, 0L, 0L, 
    1L, 0L, 0L, 0L, 4L, 1L, 145L, 0L, 0L, 0L), .Dim = c(6L, 4L
    ), .Dimnames = structure(list(c("-1", "-2", "0", "1", "2", 
    NA), c("A", "G", "N", NA)), .Names = c("", "")), class = "table"), 
    LR36_SNP1 = structure(c(0L, 0L, 0L, 0L, 1L, 0L, 0L, 0L, 168L, 
    3L, 1L, 1L, 2924L, 30L, 0L, 14L, 0L, 0L, 0L, 0L, 1L, 0L, 
    0L, 0L, 152L, 60L, 1L, 0L, 2165L, 25L, 1L, 12L, 8L, 0L, 0L, 
    0L, 187L, 0L, 0L, 0L), .Dim = c(8L, 5L), .Dimnames = structure(list(
        c("-1", "-2", "-3", "-4", "0", "1", "2", NA), c("-", 
        "A", "G", "T", NA)), .Names = c("", "")), class = "table"), 
    LR40_SNP1 = structure(c(1L, 0L, 146L, 0L, 0L, 167L, 1L, 3495L, 
    8L, 2L, 0L, 0L, 1L, 0L, 0L, 1L, 0L, 27L, 0L, 0L), .Dim = 5:4, .Dimnames = structure(list(
        c("-1", "-2", "0", "1", NA), c("A", "C", "T", NA)), .Names = c("", 
    "")), class = "table"), LR44_SNP1 = structure(c(3745L, 246L, 
    3L, 1L, 6610L, 102L, 2L, 64L, 1L, 0L, 0L, 0L, 0L, 0L, 0L, 
    0L, 0L, 0L, 0L, 0L, 0L, 0L, 0L, 1L, 8L, 0L, 0L, 0L, 144L, 
    1L, 0L, 0L, 56L, 4L, 0L, 0L, 244L, 5L, 0L, 0L), .Dim = c(8L, 
    5L), .Dimnames = structure(list(c("-1", "-2", "-3", "-4", 
    "0", "1", "2", NA), c("C", "G", "N", "T", NA)), .Names = c("", 
    "")), class = "table"), LR44_SNP2 = structure(c(0L, 0L, 0L, 
    0L, 1L, 0L, 0L, 0L, 3735L, 242L, 2L, 1L, 6663L, 104L, 2L, 
    48L, 0L, 0L, 0L, 0L, 1L, 0L, 0L, 0L, 5L, 0L, 0L, 0L, 95L, 
    1L, 0L, 0L, 70L, 8L, 1L, 0L, 238L, 3L, 0L, 0L), .Dim = c(8L, 
    5L),