Result <-
list(DEPDC2_SNP1 = structure(c(0L, 0L, 0L, 2L, 0L, 0L, 1L, 0L, 
0L, 115L, 0L, 0L, 252L, 2L, 1L, 18074L, 185L, 78L, 2L, 0L, 0L, 
241L, 1L, 0L), .Dim = c(6L, 4L), .Dimnames = structure(list(c("-1", 
"-2", "-3", "0", "1", NA), c("A", "C", "T", NA)), .Names = c("", 
"")), class = "table"), GM01_SNP1 = structure(c(0L, 0L, 1L, 0L, 
0L, 0L, 317L, 1L, 10308L, 41L, 2L, 13L, 0L, 0L, 12L, 0L, 0L, 
0L, 0L, 0L, 1L, 0L, 0L, 0L, 9L, 0L, 122L, 0L, 0L, 0L), .Dim = 6:5, .Dimnames = structure(list(
    c("-1", "-2", "0", "1", "2", NA), c("-", "A", "G", "T", NA
    )), .Names = c("", "")), class = "table"), GM07_SNP1 = structure(c(1L, 
1L, 0L, 0L, 0L, 0L, 0L, 2424L, 40L, 1L, 771L, 20L, 0L, 76L, 983L, 
14L, 0L, 3305L, 104L, 6L, 42L, 28L, 4L, 0L, 119L, 0L, 0L, 0L), .Dim = c(7L, 
4L), .Dimnames = structure(list(c("-1", "-2", "-3", "0", "1", 
"2", NA), c("-", "A", "G", NA)), .Names = c("", "")), class = "table"), 
    GM09_SNP1 = structure(c(0L, 37L, 0L, 0L, 87L, 18488L, 28L, 
    4L, 0L, 1L, 0L, 0L, 3L, 217L, 1L, 0L), .Dim = c(4L, 4L), .Dimnames = structure(list(
        c("-1", "0", "1", NA), c("A", "G", "T", NA)), .Names = c("", 
    "")), class = "table"), GM11_SNP1 = structure(c(39L, 1L, 
    2618L, 6L, 0L, 0L, 2L, 8L, 0L, 720L, 2493L, 81L, 2L, 77L, 
    0L, 0L, 0L, 1L, 0L, 0L, 0L, 1L, 0L, 45L, 45L, 0L, 0L, 0L), .Dim = c(7L, 
    4L), .Dimnames = structure(list(c("-1", "-2", "0", "1", "2", 
    "3", NA), c("A", "G", "T", NA)), .Names = c("", "")), class = "table"), 
    GM11_SNP2 = structure(c(8L, 0L, 737L, 2515L, 77L, 2L, 73L, 
    40L, 1L, 2599L, 6L, 0L, 0L, 3L, 0L, 0L, 47L, 24L, 4L, 0L, 
    0L), .Dim = c(7L, 3L), .Dimnames = structure(list(c("-1", 
    "-2", "0", "1", "2", "3", NA), c("A", "G", NA)), .Names = c("", 
    "")), class = "table"), GM14_SNP1 = structure(c(0L, 0L, 0L, 
    2L, 0L, 0L, 364L, 11L, 0L, 4537L, 57L, 15L, 292L, 3L, 1L, 
    4917L, 33L, 6L, 3L, 0L, 0L, 174L, 2L, 0L), .Dim = c(6L, 4L
    ), .Dimnames = structure(list(c("-1", "-2", "-4", "0", "1", 
    NA), c("A", "C", "T", NA)), .Names = c("", "")), class = "table"), 
    GM17_SNP1 = structure(c(122L, 0L, 4894L, 19L, 2L, 0L, 0L, 
    1L, 0L, 0L, 118L, 2L, 5506L, 20L, 4L, 0L, 0L, 77L, 0L, 0L
    ), .Dim = 5:4, .Dimnames = structure(list(c("-1", "-2", "0", 
    "1", NA), c("C", "N", "T", NA)), .Names = c("", "")), class = "table"), 
    GM22_SNP1 = structure(c(108L, 2L, 1L, 7193L, 26L, 1L, 6L, 
    3L, 0L, 0L, 187L, 0L, 0L, 0L, 2L, 0L, 0L, 109L, 1L, 0L, 0L
    ), .Dim = c(7L, 3L), .Dimnames = structure(list(c("-1", "-2", 
    "-3", "0", "1", "2", NA), c("A", "G", NA)), .Names = c("", 
    "")), class = "table"), GM26_SNP1 = structure(c(13L, 1L, 
    2910L, 7L, 1L, 31L, 0L, 3407L, 10L, 2L, 3L, 0L, 82L, 0L, 
    0L), .Dim = c(5L, 3L), .Dimnames = structure(list(c("-1", 
    "-3", "0", "1", NA), c("A", "G", NA)), .Names = c("", "")), class = "table"), 
    GM29_SNP1 = structure(c(270L, 4L, 2118L, 5L, 0L, 5L, 36L, 
    2L, 2525L, 7L, 1L, 2L, 1L, 0L, 55L, 0L, 0L, 0L), .Dim = c(6L, 
    3L), .Dimnames = structure(list(c("-1", "-2", "0", "1", "2", 
    NA), c("A", "G", NA)), .Names = c("", "")), class = "table"), 
    IM16_SNP1 = structure(c(443L, 1L, 3962L, 47L, 1L, 1L, 0L, 
    0L, 1L, 0L, 0L, 0L, 109L, 0L, 4178L, 68L, 0L, 3L, 0L, 0L, 
    139L, 5L, 0L, 0L), .Dim = c(6L, 4L), .Dimnames = structure(list(
        c("-1", "-2", "0", "1", "2", NA), c("A", "C", "G", NA
        )), .Names = c("", "")), class = "table"), IM16_SNP2 = structure(c(544L, 
    1L, 8095L, 112L, 1L, 4L, 0L, 0L, 8L, 0L, 0L, 0L, 0L, 0L, 
    2L, 0L, 0L, 0L, 8L, 0L, 175L, 8L, 0L, 0L), .Dim = c(6L, 4L
    ), .Dimnames = structure(list(c("-1", "-2", "0", "1", "2", 
    NA), c("C", "G", "T", NA)), .Names = c("", "")), class = "table"), 
    IM16_SNP3 = structure(c(550L, 1L, 8206L, 119L, 1L, 12L, 0L, 
    0L, 1L, 0L, 0L, 0L, 2L, 0L, 73L, 1L, 0L, 0L), .Dim = c(6L, 
    3L), .Dimnames = structure(list(c("-1", "-2", "0", "1", "2", 
    NA), c("C", "T", NA)), .Names = c("", "")), class = "table"), 
    IM49_SNP1 = structure(c(3712L, 185L, 3L, 1097L, 57L, 1L, 
    101L, 292L, 14L, 0L, 5054L, 90L, 1L, 15L, 36L, 2L, 0L, 369L, 
    11L, 0L, 0L), .Dim = c(7L, 3L), .Dimnames = structure(list(
        c("-1", "-2", "-3", "0", "1", "2", NA), c("C", "G", NA
        )), .Names = c("", "")), class = "table"), LR10_SNP1 = structure(c(0L, 
    0L, 9L, 0L, 0L, 144L, 5L, 7491L, 23L, 10L, 0L, 0L, 132L, 
    2L, 0L), .Dim = c(5L, 3L), .Dimnames = structure(list(c("-1", 
    "-2", "0", "1", NA), c("C", "T", NA)), .Names = c("", "")), class = "table"), 
    LR10_SNP2 = structure(c(0L, 0L, 1L, 0L, 0L, 67L, 4L, 4472L, 
    18L, 8L, 75L, 1L, 3076L, 7L, 3L, 2L, 0L, 83L, 0L, 0L), .Dim = 5:4, .Dimnames = structure(list(
        c("-1", "-2", "0", "1", NA), c("A", "C", "T", NA)), .Names = c("", 
    "")), class = "table"), LR11_SNP1 = structure(c(0L, 0L, 0L, 
    0L, 5L, 0L, 0L, 2372L, 210L, 2L, 1L, 4610L, 37L, 59L, 1L, 
    0L, 0L, 0L, 0L, 0L, 0L, 25L, 2L, 0L, 0L, 177L, 4L, 0L), .Dim = c(7L, 
    4L), .Dimnames = structure(list(c("-1", "-2", "-3", "-4", 
    "0", "1", NA), c("A", "C", "T", NA)), .Names = c("", "")), class = "table"), 
    LR11_SNP2 = structure(c(2L, 0L, 0L, 0L, 0L, 0L, 0L, 0L, 0L, 
    0L, 0L, 3L, 0L, 0L, 2361L, 210L, 2L, 1L, 4566L, 40L, 54L, 
    0L, 0L, 0L, 0L, 1L, 0L, 0L, 35L, 2L, 0L, 0L, 222L, 1L, 0L
    ), .Dim = c(7L, 5L), .Dimnames = structure(list(c("-1", "-2", 
    "-3", "-4", "0", "1", NA), c("A", "C", "G", "T", NA)), .Names = c("", 
    "")), class = "table"), LR17_SNP1 = structure(c(216L, 2136L, 
    7L, 2822L, 63L, 27L, 0L, 0L, 0L, 1L, 0L, 0L, 11L, 38L, 0L, 
    251L, 0L, 0L), .Dim = c(6L, 3L), .Dimnames = structure(list(
        c("-1", "-2", "-3", "0", "1", NA), c("A", "G", NA)), .Names = c("", 
    "")), class = "table"), LR17_SNP2 = structure(c(0L, 0L, 0L, 
    2L, 0L, 0L, 0L, 0L, 0L, 1L, 0L, 0L, 222L, 2154L, 7L, 2861L, 
    60L, 14L, 5L, 20L, 0L, 210L, 3L, 0L), .Dim = c(6L, 4L), .Dimnames = structure(list(
        c("-1", "-2", "-3", "0", "1", NA), c("A", "C", "G", NA
        )), .Names = c("", "")), class = "table"), LR17_SNP3 = structure(c(11L, 
    2072L, 5L, 413L, 8L, 13L, 189L, 7L, 0L, 1614L, 36L, 2L, 27L, 
    95L, 2L, 1047L, 19L, 0L), .Dim = c(6L, 3L), .Dimnames = structure(list(
        c("-1", "-2", "-3", "0", "1", NA), c("C", "G", NA)), .Names = c("", 
    "")), class = "table"), LR17_SNP4 = structure(c(213L, 7L, 
    0L, 2536L, 51L, 15L, 13L, 2158L, 7L, 467L, 9L, 13L, 1L, 9L, 
    0L, 71L, 3L, 0L), .Dim = c(6L, 3L), .Dimnames = structure(list(
        c("-1", "-2", "-3", "0", "1", NA), c("G", "T", NA)), .Names = c("", 
    "")), class = "table"), LR20_SNP1 = structure(c(12L, 7301L, 
    11L, 1L, 0L, 12L, 0L, 0L, 0L, 33L, 0L, 0L), .Dim = 4:3, .Dimnames = structure(list(
        c("-1", "0", "1", NA), c("A", "G", NA)), .Names = c("", 
    "")), class = "table"), LR24_SNP1 = structure(c(201L, 3L, 
    15130L, 39L, 1L, 7L, 253L, 1L, 8320L, 16L, 0L, 7L, 0L, 0L, 
    2L, 0L, 0L, 0L, 3L, 0L, 215L, 2L, 0L, 0L), .Dim = c(6L, 4L
    ), .Dimnames = structure(list(c("-1", "-2", "0", "1", "2", 
    NA), c("A", "G", "T", NA)), .Names = c("", "")), class = "table"), 
    LR36_SNP1 = structure(c(136L, 4L, 3L, 3948L, 28L, 0L, 18L, 
    0L, 0L, 0L, 2L, 0L, 0L, 0L, 0L, 0L, 0L, 2L, 0L, 0L, 0L, 0L, 
    0L, 0L, 1L, 0L, 0L, 0L, 267L, 11L, 2L, 4495L, 41L, 1L, 29L, 
    12L, 0L, 0L, 353L, 0L, 0L, 0L), .Dim = 7:6, .Dimnames = structure(list(
        c("-1", "-2", "-3", "0", "1", "2", NA), c("A", "C", "G", 
        "N", "T", NA)), .Names = c("", "")), class = "table"), 
    LR40_SNP1 = structure(c(1L, 0L, 106L, 0L, 0L, 68L, 2L, 6042L, 
    25L, 5L, 0L, 0L, 1L, 0L, 0L, 0L, 0L, 1L, 0L, 0L, 0L, 0L, 
    45L, 0L, 0L), .Dim = c(5L, 5L), .Dimnames = structure(list(
        c("-1", "-2", "0", "1", NA), c("A", "C", "G", "T", NA
        )), .Names = c("", "")), class = "table"),