Result <-
list(DEPDC2_SNP1 = structure(c(0L, 2L, 0L, 0L, 0L, 78L, 4424L, 
1023L, 15L, 411L, 1L, 0L, 0L, 0L, 0L, 348L, 8067L, 55L, 0L, 39L, 
2L, 239L, 22L, 0L, 0L), .Dim = c(5L, 5L), .Dimnames = structure(list(
    c("-1", "0", "1", "2", NA), c("A", "C", "G", "T", NA)), .Names = c("", 
"")), class = "table"), GM01_SNP1 = structure(c(1299L, 6L, 1L, 
2611L, 13L, 15L, 0L, 0L, 0L, 1L, 0L, 0L, 1549L, 6L, 0L, 2804L, 
13L, 20L, 17L, 0L, 0L, 66L, 0L, 0L), .Dim = c(6L, 4L), .Dimnames = structure(list(
    c("-1", "-2", "-3", "0", "1", NA), c("A", "C", "G", NA)), .Names = c("", 
"")), class = "table"), GM07_SNP1 = structure(c(0L, 0L, 0L, 1L, 
0L, 0L, 0L, 765L, 15L, 1L, 2049L, 95L, 2L, 35L, 659L, 316L, 0L, 
1139L, 49L, 2L, 35L, 1L, 0L, 0L, 0L, 0L, 0L, 0L, 0L, 0L, 0L, 
1L, 0L, 0L, 0L, 14L, 2L, 0L, 98L, 2L, 0L, 0L), .Dim = 7:6, .Dimnames = structure(list(
    c("-1", "-2", "-3", "0", "1", "2", NA), c("-", "A", "G", 
    "N", "T", NA)), .Names = c("", "")), class = "table"), GM09_SNP1 = structure(c(0L, 
1L, 0L, 0L, 66L, 9642L, 20L, 1L, 1L, 173L, 0L, 0L, 1L, 84L, 0L, 
0L), .Dim = c(4L, 4L), .Dimnames = structure(list(c("-1", "0", 
"1", NA), c("-", "A", "G", NA)), .Names = c("", "")), class = "table"), 
    GM11_SNP1 = structure(c(0L, 5L, 0L, 0L, 0L, 69L, 3511L, 64L, 
    1L, 3L, 1L, 45L, 2L, 0L, 0L), .Dim = c(5L, 3L), .Dimnames = structure(list(
        c("-1", "0", "1", "2", NA), c("A", "G", NA)), .Names = c("", 
    "")), class = "table"), GM11_SNP2 = structure(c(70L, 3523L, 
    66L, 1L, 3L, 0L, 2L, 0L, 0L, 0L, 0L, 1L, 0L, 0L, 0L, 0L, 
    35L, 0L, 0L, 0L), .Dim = 5:4, .Dimnames = structure(list(
        c("-1", "0", "1", "2", NA), c("A", "G", "T", NA)), .Names = c("", 
    "")), class = "table"), GM14_SNP1 = structure(c(0L, 0L, 1L, 
    0L, 0L, 0L, 1659L, 38L, 5849L, 75L, 2L, 23L, 1L, 0L, 6L, 
    0L, 0L, 0L, 1L, 0L, 111L, 2L, 0L, 0L), .Dim = c(6L, 4L), .Dimnames = structure(list(
        c("-1", "-2", "0", "1", "2", NA), c("A", "C", "T", NA
        )), .Names = c("", "")), class = "table"), GM17_SNP1 = structure(c(0L, 
    0L, 0L, 1L, 0L, 0L, 0L, 0L, 0L, 6L, 0L, 0L, 551L, 3L, 1L, 
    7507L, 61L, 10L, 1L, 0L, 0L, 70L, 0L, 0L), .Dim = c(6L, 4L
    ), .Dimnames = structure(list(c("-1", "-2", "-3", "0", "1", 
    NA), c("A", "C", "T", NA)), .Names = c("", "")), class = "table"), 
    GM22_SNP1 = structure(c(512L, 4L, 4658L, 18L, 1L, 10L, 6L, 
    0L, 76L, 0L, 0L, 0L), .Dim = c(6L, 2L), .Dimnames = structure(list(
        c("-1", "-2", "0", "1", "2", NA), c("A", NA)), .Names = c("", 
    "")), class = "table"), GM26_SNP1 = structure(c(905L, 5L, 
    4502L, 21L, 1L, 13L, 0L, 0L, 1L, 0L, 0L, 0L, 6L, 0L, 42L, 
    0L, 0L, 0L), .Dim = c(6L, 3L), .Dimnames = structure(list(
        c("-1", "-2", "0", "1", "2", NA), c("A", "G", NA)), .Names = c("", 
    "")), class = "table"), GM29_SNP1 = structure(c(97L, 2L, 
    2185L, 13L, 2L, 284L, 4L, 2325L, 11L, 3L, 4L, 0L, 53L, 0L, 
    0L), .Dim = c(5L, 3L), .Dimnames = structure(list(c("-1", 
    "-2", "0", "1", NA), c("A", "G", NA)), .Names = c("", "")), class = "table"), 
    IM16_SNP1 = structure(c(338L, 0L, 1207L, 21L, 1L, 7L, 80L, 
    1L, 2064L, 38L, 0L, 2L, 5L, 0L, 58L, 4L, 0L, 0L), .Dim = c(6L, 
    3L), .Dimnames = structure(list(c("-1", "-2", "0", "1", "2", 
    NA), c("A", "G", NA)), .Names = c("", "")), class = "table"), 
    IM16_SNP2 = structure(c(422L, 1L, 3265L, 61L, 1L, 9L, 0L, 
    0L, 1L, 0L, 0L, 0L, 1L, 0L, 63L, 2L, 0L, 0L), .Dim = c(6L, 
    3L), .Dimnames = structure(list(c("-1", "-2", "0", "1", "2", 
    NA), c("C", "N", NA)), .Names = c("", "")), class = "table"), 
    IM16_SNP3 = structure(c(0L, 0L, 1L, 0L, 0L, 0L, 422L, 1L, 
    3303L, 63L, 1L, 11L, 0L, 0L, 3L, 0L, 0L, 0L, 1L, 0L, 22L, 
    0L, 0L, 0L), .Dim = c(6L, 4L), .Dimnames = structure(list(
        c("-1", "-2", "0", "1", "2", NA), c("A", "C", "T", NA
        )), .Names = c("", "")), class = "table"), IM49_SNP1 = structure(c(0L, 
    0L, 4L, 0L, 0L, 0L, 1528L, 35L, 4707L, 125L, 1L, 41L, 38L, 
    0L, 308L, 11L, 1L, 0L), .Dim = c(6L, 3L), .Dimnames = structure(list(
        c("-1", "-2", "0", "1", "3", NA), c("C", "G", NA)), .Names = c("", 
    "")), class = "table"), LR10_SNP1 = structure(c(375L, 3L, 
    3615L, 29L, 10L, 55L, 1L, 3345L, 25L, 6L, 0L, 0L, 97L, 3L, 
    0L), .Dim = c(5L, 3L), .Dimnames = structure(list(c("-1", 
    "-2", "0", "1", NA), c("C", "T", NA)), .Names = c("", "")), class = "table"), 
    LR10_SNP2 = structure(c(0L, 0L, 1L, 0L, 0L, 425L, 4L, 6857L, 
    52L, 15L, 3L, 0L, 103L, 3L, 0L, 2L, 0L, 96L, 2L, 0L), .Dim = 5:4, .Dimnames = structure(list(
        c("-1", "-2", "0", "1", NA), c("-", "C", "T", NA)), .Names = c("", 
    "")), class = "table"), LR11_SNP1 = structure(c(245L, 4L, 
    1L, 2837L, 38L, 1L, 11L, 67L, 3L, 0L, 2674L, 33L, 2L, 2L, 
    0L, 0L, 0L, 1L, 0L, 0L, 0L, 2L, 0L, 0L, 149L, 2L, 0L, 0L), .Dim = c(7L, 
    4L), .Dimnames = structure(list(c("-1", "-2", "-4", "0", 
    "1", "2", NA), c("A", "C", "T", NA)), .Names = c("", "")), class = "table"), 
    LR11_SNP2 = structure(c(242L, 4L, 1L, 2761L, 35L, 1L, 12L, 
    66L, 3L, 0L, 2662L, 32L, 1L, 0L, 6L, 0L, 0L, 238L, 6L, 1L, 
    0L), .Dim = c(7L, 3L), .Dimnames = structure(list(c("-1", 
    "-2", "-4", "0", "1", "2", NA), c("C", "G", NA)), .Names = c("", 
    "")), class = "table"), LR17_SNP1 = structure(c(307L, 40L, 
    2528L, 44L, 23L, 22L, 0L, 251L, 3L, 0L), .Dim = c(5L, 2L), .Dimnames = structure(list(
        c("-1", "-2", "0", "1", NA), c("A", NA)), .Names = c("", 
    "")), class = "table"), LR17_SNP2 = structure(c(0L, 0L, 1L, 
    0L, 0L, 323L, 39L, 2567L, 43L, 14L, 6L, 1L, 211L, 4L, 0L), .Dim = c(5L, 
    3L), .Dimnames = structure(list(c("-1", "-2", "0", "1", NA
    ), c("A", "G", NA)), .Names = c("", "")), class = "table"), 
    LR17_SNP3 = structure(c(83L, 3L, 1143L, 15L, 7L, 209L, 36L, 
    873L, 18L, 6L, 37L, 1L, 763L, 14L, 0L), .Dim = c(5L, 3L), .Dimnames = structure(list(
        c("-1", "-2", "0", "1", NA), c("C", "G", NA)), .Names = c("", 
    "")), class = "table"), LR17_SNP4 = structure(c(223L, 37L, 
    1437L, 27L, 14L, 104L, 3L, 1284L, 19L, 13L, 2L, 0L, 58L, 
    1L, 0L), .Dim = c(5L, 3L), .Dimnames = structure(list(c("-1", 
    "-2", "0", "1", NA), c("G", "T", NA)), .Names = c("", "")), class = "table"), 
    LR20_SNP1 = structure(c(0L, 1L, 0L, 0L, 6L, 4198L, 14L, 3L, 
    0L, 3L, 0L, 0L, 0L, 15L, 0L, 0L), .Dim = c(4L, 4L), .Dimnames = structure(list(
        c("-1", "0", "1", NA), c("-", "A", "G", NA)), .Names = c("", 
    "")), class = "table"), LR24_SNP1 = structure(c(198L, 9926L, 
    41L, 7L, 63L, 6105L, 23L, 4L, 0L, 3L, 0L, 0L, 2L, 171L, 1L, 
    0L), .Dim = c(4L, 4L), .Dimnames = structure(list(c("-1", 
    "0", "1", NA), c("A", "G", "T", NA)), .Names = c("", "")), class = "table"), 
    LR36_SNP1 = structure(c(0L, 0L, 0L, 1L, 0L, 0L, 4L, 0L, 0L, 
    41L, 0L, 1L, 1383L, 24L, 2L, 3261L, 36L, 56L, 38L, 0L, 0L, 
    219L, 5L, 0L), .Dim = c(6L, 4L), .Dimnames = structure(list(
        c("-1", "-2", "-3", "0", "1", NA), c("-", "A", "T", NA
        )), .Names = c("", "")), class = "table"), LR40_SNP1 = structure(c(0L, 
    1L, 0L, 0L, 14L, 1609L, 11L, 1L, 0L, 21L, 0L, 0L), .Dim = 4:3, .Dimnames = structure(list(
        c("-1", "0", "1", NA), c("A", "C", NA)), .Names = c("", 
    "")), class = "table"), LR44_SNP1 = structure(c(3L, 0L, 0L, 
    0L, 39L, 0L, 0L, 0L, 1909L, 367L, 9L, 1L, 6604L, 178L, 4L, 
    32L, 2L, 0L, 0L, 0L, 0L, 0L, 0L, 0L, 83L, 123L, 3L, 0L, 1008L, 
    21L, 0L, 9L, 30L, 3L, 0L, 0L, 288L, 7L, 0L, 0L), .Dim = c(8L, 
    5L), .Dimnames = structure(list(c("-1", "-2", "-3", "-4", 
    "0", "1", "2", NA), c("A", "C", "N", "T", NA)), .Names = c("", 
    "")), class = "table"), LR44_SNP2 = structure(c(0L, 0L, 0L, 
    0L, 27L, 1L, 0L, 2L, 0L, 0L, 0L, 0L, 1L, 0L, 0L, 0L, 1907L, 
    364L, 9L, 1L, 6712L, 177L, 4L, 22L, 80L, 123L, 3L, 0L, 942L, 
    22L, 0L, 10L, 40L, 6L, 0L, 0L, 257L, 6L, 0L, 0L), .Dim = c(8L, 
    5L), .Dimnames = structure(list(c("-1", "-2", "-3", "-4", 
    "0", "1", "2", NA), c("-", "A", "C", "T", NA)),