Result <-
list(DEPDC2_SNP1 = structure(c(0L, 0L, 5L, 0L, 0L, 0L, 0L, 0L, 
6L, 0L, 0L, 0L, 0L, 0L, 1L, 0L, 0L, 0L, 195L, 1L, 21465L, 150L, 
1L, 148L, 3L, 0L, 287L, 4L, 0L, 0L), .Dim = 6:5, .Dimnames = structure(list(
    c("-1", "-2", "0", "1", "2", NA), c("A", "C", "G", "T", NA
    )), .Names = c("", "")), class = "table"), GM01_SNP1 = structure(c(0L, 
0L, 3L, 0L, 0L, 255L, 1L, 10803L, 32L, 14L, 0L, 0L, 10L, 0L, 
0L, 5L, 0L, 158L, 0L, 0L), .Dim = 5:4, .Dimnames = structure(list(
    c("-1", "-2", "0", "1", NA), c("-", "A", "G", NA)), .Names = c("", 
"")), class = "table"), GM07_SNP1 = structure(c(1L, 0L, 0L, 1L, 
0L, 0L, 0L, 0L, 2886L, 58L, 1L, 1285L, 38L, 37L, 2L, 109L, 1068L, 
16L, 0L, 2788L, 120L, 3L, 0L, 60L, 0L, 0L, 0L, 0L, 0L, 0L, 0L, 
1L, 48L, 4L, 0L, 122L, 3L, 0L, 0L, 0L), .Dim = c(8L, 5L), .Dimnames = structure(list(
    c("-1", "-2", "-3", "0", "1", "2", "3", NA), c("-", "A", 
    "G", "T", NA)), .Names = c("", "")), class = "table"), GM09_SNP1 = structure(c(4252L, 
2L, 5682L, 20L, 39L, 54L, 33L, 9255L, 11L, 5L, 1L, 0L, 1L, 0L, 
0L, 28L, 0L, 147L, 0L, 0L), .Dim = 5:4, .Dimnames = structure(list(
    c("-1", "-2", "0", "1", NA), c("A", "G", "T", NA)), .Names = c("", 
"")), class = "table"), GM11_SNP1 = structure(c(313L, 5L, 8597L, 
50L, 4L, 2L, 0L, 123L, 1L, 1L, 0L, 0L, 2L, 0L, 0L, 3L, 0L, 83L, 
3L, 0L), .Dim = 5:4, .Dimnames = structure(list(c("-1", "-2", 
"0", "1", NA), c("A", "G", "T", NA)), .Names = c("", "")), class = "table"), 
    GM11_SNP2 = structure(c(316L, 5L, 8718L, 53L, 5L, 0L, 0L, 
    1L, 0L, 0L, 2L, 0L, 86L, 1L, 0L), .Dim = c(5L, 3L), .Dimnames = structure(list(
        c("-1", "-2", "0", "1", NA), c("A", "T", NA)), .Names = c("", 
    "")), class = "table"), GM14_SNP1 = structure(c(318L, 13L, 
    2L, 0L, 4835L, 40L, 1L, 18L, 691L, 6L, 1L, 1L, 4946L, 58L, 
    0L, 7L, 7L, 0L, 0L, 0L, 175L, 3L, 0L, 0L), .Dim = c(8L, 3L
    ), .Dimnames = structure(list(c("-1", "-2", "-3", "-4", "0", 
    "1", "2", NA), c("C", "T", NA)), .Names = c("", "")), class = "table"), 
    GM17_SNP1 = structure(c(4286L, 40L, 0L, 1724L, 5L, 48L, 85L, 
    0L, 1L, 5546L, 18L, 3L, 20L, 0L, 0L, 47L, 1L, 0L), .Dim = c(6L, 
    3L), .Dimnames = structure(list(c("-1", "-2", "-3", "0", 
    "1", NA), c("C", "T", NA)), .Names = c("", "")), class = "table"), 
    GM22_SNP1 = structure(c(190L, 3L, 8175L, 193L, 1L, 20L, 0L, 
    0L, 4L, 0L, 0L, 1L, 0L, 0L, 1L, 0L, 0L, 0L, 4L, 0L, 129L, 
    8L, 0L, 0L), .Dim = c(6L, 4L), .Dimnames = structure(list(
        c("-1", "-2", "0", "1", "2", NA), c("A", "G", "T", NA
        )), .Names = c("", "")), class = "table"), GM26_SNP1 = structure(c(0L, 
    0L, 6L, 0L, 0L, 58L, 1L, 8033L, 26L, 8L, 0L, 0L, 1L, 0L, 
    0L, 1L, 0L, 218L, 2L, 0L), .Dim = 5:4, .Dimnames = structure(list(
        c("-1", "-2", "0", "1", NA), c("A", "G", "T", NA)), .Names = c("", 
    "")), class = "table"), GM29_SNP1 = structure(c(43L, 1L, 
    3004L, 12L, 1L, 467L, 3L, 2866L, 15L, 4L, 2L, 0L, 71L, 0L, 
    0L), .Dim = c(5L, 3L), .Dimnames = structure(list(c("-1", 
    "-2", "0", "1", NA), c("A", "G", NA)), .Names = c("", "")), class = "table"), 
    IM16_SNP1 = structure(c(3720L, 13L, 1057L, 10L, 0L, 0L, 24L, 
    74L, 0L, 3159L, 756L, 14L, 1L, 19L, 0L, 0L, 1L, 0L, 0L, 0L, 
    0L, 34L, 0L, 87L, 54L, 7L, 2L, 0L), .Dim = c(7L, 4L), .Dimnames = structure(list(
        c("-1", "-2", "0", "1", "2", "3", NA), c("A", "G", "T", 
        NA)), .Names = c("", "")), class = "table"), IM16_SNP2 = structure(c(0L, 
    0L, 1L, 0L, 0L, 0L, 0L, 3802L, 13L, 4183L, 784L, 19L, 1L, 
    45L, 0L, 0L, 1L, 0L, 0L, 0L, 0L, 0L, 0L, 2L, 0L, 0L, 0L, 
    0L, 1L, 0L, 1L, 0L, 0L, 0L, 0L, 25L, 0L, 116L, 36L, 2L, 2L, 
    0L), .Dim = 7:6, .Dimnames = structure(list(c("-1", "-2", 
    "0", "1", "2", "3", NA), c("A", "C", "G", "N", "T", NA)), .Names = c("", 
    "")), class = "table"), IM16_SNP3 = structure(c(0L, 0L, 1L, 
    0L, 0L, 0L, 0L, 3808L, 13L, 4254L, 814L, 20L, 3L, 62L, 0L, 
    0L, 1L, 0L, 0L, 0L, 0L, 20L, 0L, 48L, 6L, 1L, 0L, 0L), .Dim = c(7L, 
    4L), .Dimnames = structure(list(c("-1", "-2", "0", "1", "2", 
    "3", NA), c("A", "C", "T", NA)), .Names = c("", "")), class = "table"), 
    IM49_SNP1 = structure(c(3796L, 111L, 2L, 996L, 20L, 78L, 
    2432L, 144L, 2L, 1031L, 24L, 30L, 1L, 0L, 0L, 0L, 0L, 0L, 
    84L, 4L, 0L, 108L, 1L, 0L), .Dim = c(6L, 4L), .Dimnames = structure(list(
        c("-1", "-2", "-3", "0", "1", NA), c("C", "G", "T", NA
        )), .Names = c("", "")), class = "table"), LR10_SNP1 = structure(c(1L, 
    0L, 2L, 0L, 0L, 0L, 76L, 0L, 4260L, 25L, 0L, 7L, 3429L, 28L, 
    1038L, 86L, 2L, 58L, 9L, 0L, 87L, 3L, 1L, 0L), .Dim = c(6L, 
    4L), .Dimnames = structure(list(c("-1", "-2", "0", "1", "2", 
    NA), c("A", "C", "T", NA)), .Names = c("", "")), class = "table"), 
    LR10_SNP2 = structure(c(0L, 0L, 1L, 0L, 0L, 0L, 75L, 0L, 
    4257L, 23L, 0L, 5L, 3432L, 28L, 1044L, 86L, 2L, 58L, 8L, 
    0L, 85L, 5L, 1L, 0L), .Dim = c(6L, 4L), .Dimnames = structure(list(
        c("-1", "-2", "0", "1", "2", NA), c("-", "C", "T", NA
        )), .Names = c("", "")), class = "table"), LR11_SNP1 = structure(c(3962L, 
    45L, 0L, 843L, 7L, 70L, 2863L, 58L, 1L, 1313L, 6L, 65L, 1L, 
    0L, 0L, 0L, 0L, 0L, 2L, 0L, 0L, 0L, 0L, 0L, 57L, 1L, 0L, 
    62L, 0L, 0L), .Dim = 6:5, .Dimnames = structure(list(c("-1", 
    "-2", "-3", "0", "1", NA), c("A", "C", "G", "T", NA)), .Names = c("", 
    "")), class = "table"), LR11_SNP2 = structure(c(1L, 0L, 0L, 
    0L, 0L, 0L, 3901L, 46L, 0L, 816L, 7L, 64L, 2862L, 56L, 1L, 
    1313L, 5L, 60L, 121L, 2L, 0L, 89L, 1L, 0L), .Dim = c(6L, 
    4L), .Dimnames = structure(list(c("-1", "-2", "-3", "0", 
    "1", NA), c("A", "C", "G", NA)), .Names = c("", "")), class = "table"), 
    LR17_SNP1 = structure(c(0L, 0L, 1L, 0L, 0L, 0L, 3289L, 55L, 
    3259L, 55L, 1L, 91L, 250L, 1L, 326L, 1L, 0L, 0L), .Dim = c(6L, 
    3L), .Dimnames = structure(list(c("-1", "-2", "0", "1", "2", 
    NA), c("-", "A", NA)), .Names = c("", "")), class = "table"), 
    LR17_SNP2 = structure(c(0L, 0L, 1L, 0L, 0L, 1L, 0L, 0L, 1L, 
    0L, 0L, 0L, 1L, 0L, 0L, 0L, 0L, 0L, 3418L, 56L, 3283L, 54L, 
    1L, 47L, 0L, 0L, 1L, 0L, 0L, 0L, 120L, 0L, 300L, 2L, 0L, 
    0L), .Dim = c(6L, 6L), .Dimnames = structure(list(c("-1", 
    "-2", "0", "1", "2", NA), c("-", "A", "C", "G", "T", NA)), .Names = c("", 
    "")), class = "table"), LR17_SNP3 = structure(c(1L, 0L, 0L, 
    0L, 0L, 0L, 3393L, 56L, 2877L, 47L, 1L, 73L, 5L, 0L, 179L, 
    1L, 0L, 1L, 140L, 0L, 530L, 8L, 0L, 0L), .Dim = c(6L, 4L), .Dimnames = structure(list(
        c("-1", "-2", "0", "1", "2", NA), c("A", "C", "G", NA
        )), .Names = c("", "")), class = "table"), LR17_SNP4 = structure(c(11L, 
    0L, 333L, 4L, 0L, 2L, 3504L, 53L, 3191L, 50L, 1L, 116L, 24L, 
    3L, 62L, 2L, 0L, 0L), .Dim = c(6L, 3L), .Dimnames = structure(list(
        c("-1", "-2", "0", "1", "2", NA), c("G", "T", NA)), .Names = c("", 
    "")), class = "table"), LR20_SNP1 = structure(c(18L, 0L, 
    2L, 0L, 0L, 0L, 3197L, 4L, 1585L, 7L, 0L, 25L, 15L, 1L, 4439L, 
    4L, 1L, 1L, 0L, 0L, 2L, 0L, 0L, 0L, 3L, 0L, 58L, 0L, 0L, 
    0L), .Dim = 6:5, .Dimnames = structure(list(c("-1", "-2", 
    "0", "1", "2", NA), c("-", "A", "G", "T", NA)), .Names = c("", 
    "")), class = "table"), LR24_SNP1 = structure(c(165L, 6999L, 
    5L, 11586L, 30L, 99L, 0L, 1L, 0L, 0L, 0L, 0L, 0L, 0L, 0L, 
    28L, 1L, 0L, 0L, 0L, 0L, 2L, 0L, 0L, 0L, 1L, 0L, 0L, 0L, 
    0L, 1L, 35L, 0L, 86L, 0L, 0L), .Dim = c(6L, 6L), .Dimnames = structure(list(
        c("-1", "-2", "-3", "0", "1", NA), c("A", "C", "G", "N", 
        "T", NA)), .Names = c("", "")), class = "table"), LR36_SNP1 = structure(c(2643L, 
    103L, 3L, 0L, 1621L, 14L, 0L, 0L, 0L, 79L, 0L, 0L, 0L, 0L, 
    1L, 0L, 0L, 0L, 0L, 0L, 46L, 91L, 0L, 1L, 1654L, 2296L, 92L, 
    1L, 1L, 205L, 16L, 2L, 0L, 0L, 227L, 105L, 2L, 0L, 0L, 0L
    ), .Dim = c(10L, 4L), .Dimnames = structure(list(c("-1", 
    "-2", "-3", "-4", "0", "1", "2", "3", "4", NA), c("A", "G", 
    "T", NA)), .Names = c("", "")), class = "table"),