Result <-
list(DEPDC2_SNP1 = structure(c(0L, 0L, 6L, 0L, 0L, 0L, 0L, 0L, 
0L, 14L, 0L, 0L, 0L, 0L, 0L, 0L, 0L, 0L, 0L, 0L, 1L, 88L, 1L, 
16318L, 369L, 208L, 2L, 2315L, 0L, 0L, 375L, 2L, 1L, 0L, 0L), .Dim = c(7L, 
5L), .Dimnames = structure(list(c("-1", "-2", "0", "1", "2", 
"3", NA), c("A", "C", "G", "T", NA)), .Names = c("", "")), class = "table"), 
    GM01_SNP1 = structure(c(2370L, 10L, 2105L, 2L, 28L, 0L, 0L, 
    1L, 0L, 0L, 114L, 0L, 5805L, 21L, 13L, 17L, 0L, 99L, 2L, 
    0L), .Dim = 5:4, .Dimnames = structure(list(c("-1", "-2", 
    "0", "1", NA), c("A", "C", "G", NA)), .Names = c("", "")), class = "table"), 
    GM07_SNP1 = structure(c(0L, 0L, 0L, 10L, 0L, 0L, 0L, 920L, 
    15L, 1L, 6389L, 253L, 9L, 58L, 0L, 0L, 0L, 1L, 0L, 0L, 0L, 
    11L, 0L, 0L, 210L, 6L, 0L, 0L), .Dim = c(7L, 4L), .Dimnames = structure(list(
        c("-1", "-2", "-3", "0", "1", "2", NA), c("A", "G", "T", 
        NA)), .Names = c("", "")), class = "table"), GM09_SNP1 = structure(c(55L, 
    10806L, 18L, 2L, 108L, 12558L, 15L, 3L, 0L, 5L, 0L, 0L, 1L, 
    212L, 1L, 0L), .Dim = c(4L, 4L), .Dimnames = structure(list(
        c("-1", "0", "1", NA), c("A", "G", "T", NA)), .Names = c("", 
    "")), class = "table"), GM11_SNP1 = structure(c(17L, 4093L, 
    887L, 4L, 29L, 0L, 2L, 0L, 0L, 0L, 0L, 0L, 1L, 0L, 0L, 0L, 
    57L, 8L, 0L, 0L), .Dim = 5:4, .Dimnames = structure(list(
        c("-1", "0", "1", "2", NA), c("A", "G", "T", NA)), .Names = c("", 
    "")), class = "table"), GM11_SNP2 = structure(c(15L, 4099L, 
    888L, 4L, 28L, 0L, 2L, 0L, 0L, 0L, 2L, 51L, 8L, 0L, 0L), .Dim = c(5L, 
    3L), .Dimnames = structure(list(c("-1", "0", "1", "2", NA
    ), c("A", "T", NA)), .Names = c("", "")), class = "table"), 
    GM14_SNP1 = structure(c(0L, 0L, 0L, 2L, 0L, 0L, 0L, 2461L, 
    99L, 2L, 8490L, 70L, 2L, 39L, 0L, 0L, 0L, 81L, 0L, 0L, 0L, 
    3L, 0L, 0L, 148L, 2L, 0L, 0L), .Dim = c(7L, 4L), .Dimnames = structure(list(
        c("-1", "-2", "-3", "0", "1", "2", NA), c("A", "C", "T", 
        NA)), .Names = c("", "")), class = "table"), GM17_SNP1 = structure(c(0L, 
    0L, 0L, 6L, 0L, 0L, 1L, 126L, 1L, 1L, 10390L, 69L, 1L, 10L, 
    1L, 0L, 0L, 70L, 2L, 0L, 0L), .Dim = c(7L, 3L), .Dimnames = structure(list(
        c("-1", "-2", "-3", "0", "1", "2", NA), c("C", "T", NA
        )), .Names = c("", "")), class = "table"), GM22_SNP1 = structure(c(98L, 
    2L, 5077L, 20L, 3L, 10L, 0L, 0L, 1L, 0L, 0L, 0L, 79L, 0L, 
    3805L, 17L, 0L, 6L, 1L, 0L, 186L, 1L, 0L, 0L), .Dim = c(6L, 
    4L), .Dimnames = structure(list(c("-1", "-2", "0", "1", "2", 
    NA), c("A", "C", "G", NA)), .Names = c("", "")), class = "table"), 
    GM26_SNP1 = structure(c(0L, 0L, 12L, 0L, 0L, 61L, 1L, 5415L, 
    22L, 8L, 0L, 0L, 1L, 0L, 0L, 1L, 0L, 151L, 0L, 0L), .Dim = 5:4, .Dimnames = structure(list(
        c("-1", "-2", "0", "1", NA), c("A", "G", "T", NA)), .Names = c("", 
    "")), class = "table"), GM29_SNP1 = structure(c(26L, 3L, 
    2434L, 5L, 1L, 130L, 1L, 3090L, 6L, 2L, 0L, 1L, 48L, 0L, 
    0L), .Dim = c(5L, 3L), .Dimnames = structure(list(c("-1", 
    "-2", "0", "1", NA), c("A", "G", NA)), .Names = c("", "")), class = "table"), 
    IM16_SNP1 = structure(c(31L, 3559L, 120L, 6L, 1L, 2L, 48L, 
    2927L, 53L, 3L, 0L, 2L, 0L, 1L, 0L, 0L, 0L, 0L, 1L, 105L, 
    8L, 0L, 1L, 0L), .Dim = c(6L, 4L), .Dimnames = structure(list(
        c("-1", "0", "1", "2", "3", NA), c("A", "G", "T", NA)), .Names = c("", 
    "")), class = "table"), IM16_SNP2 = structure(c(80L, 6443L, 
    171L, 8L, 1L, 9L, 0L, 1L, 0L, 0L, 0L, 0L, 0L, 2L, 0L, 0L, 
    0L, 0L, 0L, 2L, 0L, 0L, 0L, 0L, 0L, 144L, 10L, 1L, 1L, 0L
    ), .Dim = 6:5, .Dimnames = structure(list(c("-1", "0", "1", 
    "2", "3", NA), c("C", "G", "N", "T", NA)), .Names = c("", 
    "")), class = "table"), IM16_SNP3 = structure(c(80L, 6555L, 
    180L, 9L, 2L, 11L, 0L, 37L, 1L, 0L, 0L, 0L), .Dim = c(6L, 
    2L), .Dimnames = structure(list(c("-1", "0", "1", "2", "3", 
    NA), c("C", NA)), .Names = c("", "")), class = "table"), 
    IM49_SNP1 = structure(c(0L, 0L, 6L, 0L, 0L, 0L, 856L, 13L, 
    9101L, 172L, 3L, 30L, 19L, 2L, 527L, 22L, 0L, 0L), .Dim = c(6L, 
    3L), .Dimnames = structure(list(c("-1", "-2", "0", "1", "2", 
    NA), c("C", "G", NA)), .Names = c("", "")), class = "table"), 
    LR10_SNP1 = structure(c(0L, 1L, 0L, 0L, 150L, 7717L, 36L, 
    14L, 0L, 1L, 0L, 0L, 3L, 52L, 0L, 0L, 0L, 103L, 3L, 0L), .Dim = 4:5, .Dimnames = structure(list(
        c("-1", "0", "1", NA), c("A", "C", "G", "T", NA)), .Names = c("", 
    "")), class = "table"), LR10_SNP2 = structure(c(150L, 7727L, 
    37L, 15L, 0L, 1L, 0L, 0L, 1L, 11L, 0L, 0L, 2L, 135L, 2L, 
    0L), .Dim = c(4L, 4L), .Dimnames = structure(list(c("-1", 
    "0", "1", NA), c("C", "G", "T", NA)), .Names = c("", "")), class = "table"), 
    LR11_SNP1 = structure(c(185L, 1L, 7172L, 93L, 2L, 16L, 0L, 
    0L, 5L, 0L, 0L, 0L, 0L, 0L, 1L, 0L, 0L, 0L, 3L, 0L, 119L, 
    1L, 0L, 0L), .Dim = c(6L, 4L), .Dimnames = structure(list(
        c("-1", "-2", "0", "1", "2", NA), c("A", "C", "T", NA
        )), .Names = c("", "")), class = "table"), LR11_SNP2 = structure(c(0L, 
    0L, 1L, 0L, 0L, 0L, 171L, 1L, 6973L, 86L, 2L, 7L, 0L, 0L, 
    7L, 0L, 0L, 0L, 0L, 0L, 1L, 0L, 0L, 0L, 17L, 0L, 315L, 8L, 
    0L, 0L), .Dim = 6:5, .Dimnames = structure(list(c("-1", "-2", 
    "0", "1", "2", NA), c("-", "C", "G", "T", NA)), .Names = c("", 
    "")), class = "table"), LR17_SNP1 = structure(c(289L, 8L, 
    6137L, 87L, 10L, 35L, 0L, 0L, 6L, 0L, 0L, 0L, 20L, 0L, 626L, 
    9L, 0L, 0L), .Dim = c(6L, 3L), .Dimnames = structure(list(
        c("-1", "-2", "0", "1", "2", NA), c("A", "G", NA)), .Names = c("", 
    "")), class = "table"), LR17_SNP2 = structure(c(0L, 0L, 1L, 
    0L, 0L, 0L, 0L, 0L, 1L, 0L, 0L, 0L, 301L, 8L, 6304L, 92L, 
    10L, 13L, 8L, 0L, 463L, 4L, 0L, 0L), .Dim = c(6L, 4L), .Dimnames = structure(list(
        c("-1", "-2", "0", "1", "2", NA), c("-", "A", "G", NA
        )), .Names = c("", "")), class = "table"), LR17_SNP3 = structure(c(178L, 
    1L, 3088L, 49L, 8L, 12L, 109L, 7L, 2050L, 22L, 0L, 3L, 0L, 
    0L, 1L, 0L, 0L, 0L, 22L, 0L, 1630L, 25L, 2L, 0L), .Dim = c(6L, 
    4L), .Dimnames = structure(list(c("-1", "-2", "0", "1", "2", 
    NA), c("C", "G", "T", NA)), .Names = c("", "")), class = "table"), 
    LR17_SNP4 = structure(c(0L, 0L, 1L, 0L, 0L, 0L, 120L, 7L, 
    3233L, 43L, 1L, 20L, 184L, 0L, 3424L, 53L, 9L, 25L, 5L, 1L, 
    111L, 0L, 0L, 0L), .Dim = c(6L, 4L), .Dimnames = structure(list(
        c("-1", "-2", "0", "1", "2", NA), c("C", "G", "T", NA
        )), .Names = c("", "")), class = "table"), LR20_SNP1 = structure(c(25L, 
    3556L, 8L, 0L, 10L, 4451L, 6L, 3L, 1L, 71L, 1L, 0L), .Dim = 4:3, .Dimnames = structure(list(
        c("-1", "0", "1", NA), c("A", "G", NA)), .Names = c("", 
    "")), class = "table"), LR24_SNP1 = structure(c(41L, 1L, 
    9345L, 27L, 6L, 0L, 0L, 1L, 0L, 0L, 217L, 1L, 17232L, 42L, 
    7L, 0L, 0L, 1L, 0L, 0L, 7L, 0L, 293L, 2L, 0L), .Dim = c(5L, 
    5L), .Dimnames = structure(list(c("-1", "-2", "0", "1", NA
    ), c("A", "C", "G", "T", NA)), .Names = c("", "")), class = "table"), 
    LR36_SNP1 = structure(c(340L, 173L, 3L, 1L, 5583L, 85L, 0L, 
    39L, 0L, 0L, 0L, 0L, 2L, 0L, 0L, 0L, 328L, 14L, 0L, 0L, 6388L, 
    48L, 1L, 40L, 12L, 1L, 0L, 0L, 479L, 3L, 0L, 0L), .Dim = c(8L, 
    4L), .Dimnames = structure(list(c("-1", "-2", "-3", "-4", 
    "0", "1", "2", NA), c("A", "G", "T", NA)), .Names = c("", 
    "")), class = "table"), LR40_SNP1 = structure(c(3L, 0L, 237L, 
    0L, 0L, 77L, 2L, 5413L, 27L, 4L, 0L, 0L, 2L, 0L, 0L, 0L, 
    0L, 44L, 1L, 0L), .Dim = 5:4, .Dimnames = structure(list(
        c("-1", "-2", "0", "1", NA), c("A", "C", "T", NA)), .Names = c("", 
    "")), class = "table"), LR44_SNP1 = structure(c(0L, 0L, 0L, 
    1L, 0L, 0L, 0L, 1755L, 190L, 7L, 2895L, 43L, 0L, 23L, 273L, 
    11L, 0L, 2468L, 53L, 1L, 6L, 36L, 3L, 0L, 172L, 3L, 0L, 0L
    ), .Dim = c(7L, 4L), .Dimnames = structure(list(c("-1", "-2", 
    "-3", "0", "1", "2", NA), c("A", "C", "T", NA)),