Result <-
list(DEPDC2_SNP1 = structure(c(14L, 0L, 0L, 28L, 0L, 0L, 0L, 
120L, 2L, 2L, 13215L, 66L, 2L, 76L, 0L, 0L, 0L, 72L, 1L, 0L, 
0L, 5L, 0L, 0L, 284L, 0L, 0L, 0L), .Dim = c(7L, 4L), .Dimnames = structure(list(
    c("-1", "-2", "-3", "0", "1", "2", NA), c("A", "C", "T", 
    NA)), .Names = c("", "")), class = "table"), GM01_SNP1 = structure(c(332L, 
1L, 7067L, 19L, 14L, 0L, 0L, 8L, 0L, 0L, 8L, 0L, 125L, 0L, 0L
), .Dim = c(5L, 3L), .Dimnames = structure(list(c("-1", "-2", 
"0", "1", NA), c("A", "G", NA)), .Names = c("", "")), class = "table"), 
    GM07_SNP1 = structure(c(0L, 0L, 13L, 2L, 0L, 0L, 3016L, 58L, 
    5098L, 159L, 5L, 116L, 1L, 0L, 0L, 0L, 0L, 1L, 43L, 3L, 194L, 
    6L, 0L, 0L), .Dim = c(6L, 4L), .Dimnames = structure(list(
        c("-1", "-2", "0", "1", "2", NA), c("A", "G", "T", NA
        )), .Names = c("", "")), class = "table"), GM09_SNP1 = structure(c(0L, 
    1L, 0L, 0L, 51L, 6061L, 10L, 0L, 45L, 14286L, 52L, 2L, 0L, 
    2L, 0L, 0L, 3L, 217L, 2L, 0L), .Dim = 4:5, .Dimnames = structure(list(
        c("-1", "0", "1", NA), c("-", "A", "G", "T", NA)), .Names = c("", 
    "")), class = "table"), GM11_SNP1 = structure(c(0L, 6L, 1L, 
    0L, 21L, 3479L, 17L, 1L, 0L, 47L, 1L, 0L), .Dim = 4:3, .Dimnames = structure(list(
        c("-1", "0", "1", NA), c("A", "G", NA)), .Names = c("", 
    "")), class = "table"), GM11_SNP2 = structure(c(21L, 3504L, 
    18L, 1L, 0L, 1L, 0L, 0L, 0L, 27L, 1L, 0L), .Dim = 4:3, .Dimnames = structure(list(
        c("-1", "0", "1", NA), c("A", "T", NA)), .Names = c("", 
    "")), class = "table"), GM14_SNP1 = structure(c(114L, 7L, 
    3109L, 72L, 1L, 11L, 162L, 3L, 2856L, 10L, 0L, 5L, 0L, 1L, 
    107L, 0L, 0L, 0L), .Dim = c(6L, 3L), .Dimnames = structure(list(
        c("-1", "-2", "0", "1", "2", NA), c("C", "T", NA)), .Names = c("", 
    "")), class = "table"), GM17_SNP1 = structure(c(54L, 1L, 
    4074L, 13L, 5L, 0L, 0L, 1L, 0L, 0L, 81L, 1L, 3708L, 12L, 
    4L, 1L, 0L, 81L, 0L, 0L), .Dim = 5:4, .Dimnames = structure(list(
        c("-1", "-2", "0", "1", NA), c("C", "N", "T", NA)), .Names = c("", 
    "")), class = "table"), GM22_SNP1 = structure(c(93L, 1L, 
    2453L, 11L, 4L, 0L, 0L, 1L, 0L, 0L, 41L, 0L, 2797L, 14L, 
    4L, 0L, 0L, 130L, 0L, 0L), .Dim = 5:4, .Dimnames = structure(list(
        c("-1", "-2", "0", "1", NA), c("A", "C", "G", NA)), .Names = c("", 
    "")), class = "table"), GM26_SNP1 = structure(c(1563L, 6L, 
    0L, 897L, 1L, 21L, 13L, 1L, 1L, 2359L, 90L, 4L, 7L, 0L, 0L, 
    85L, 1L, 0L), .Dim = c(6L, 3L), .Dimnames = structure(list(
        c("-1", "-2", "-3", "0", "1", NA), c("A", "G", NA)), .Names = c("", 
    "")), class = "table"), GM29_SNP1 = structure(c(1468L, 6L, 
    588L, 1L, 14L, 1620L, 2L, 694L, 3L, 11L, 9L, 1L, 13L, 0L, 
    0L), .Dim = c(5L, 3L), .Dimnames = structure(list(c("-1", 
    "-2", "0", "1", NA), c("A", "G", NA)), .Names = c("", "")), class = "table"), 
    IM16_SNP1 = structure(c(16L, 2645L, 80L, 3L, 1L, 39L, 2909L, 
    38L, 1L, 1L, 0L, 4L, 0L, 0L, 0L, 1L, 87L, 6L, 1L, 0L), .Dim = 5:4, .Dimnames = structure(list(
        c("-1", "0", "1", "2", NA), c("A", "G", "T", NA)), .Names = c("", 
    "")), class = "table"), IM16_SNP2 = structure(c(0L, 1L, 0L, 
    0L, 0L, 39L, 2888L, 38L, 1L, 1L, 17L, 2621L, 81L, 3L, 1L, 
    0L, 2L, 0L, 0L, 0L, 0L, 133L, 5L, 1L, 0L), .Dim = c(5L, 5L
    ), .Dimnames = structure(list(c("-1", "0", "1", "2", NA), 
        c("A", "C", "G", "N", NA)), .Names = c("", "")), class = "table"), 
    IM16_SNP3 = structure(c(56L, 5595L, 123L, 5L, 5L, 0L, 1L, 
    0L, 0L, 0L, 0L, 49L, 1L, 0L, 0L), .Dim = c(5L, 3L), .Dimnames = structure(list(
        c("-1", "0", "1", "2", NA), c("C", "G", NA)), .Names = c("", 
    "")), class = "table"), IM49_SNP1 = structure(c(214L, 3L, 
    0L, 3154L, 111L, 11L, 1412L, 172L, 4L, 1344L, 20L, 28L, 39L, 
    3L, 0L, 207L, 8L, 0L), .Dim = c(6L, 3L), .Dimnames = structure(list(
        c("-1", "-2", "-3", "0", "1", NA), c("C", "G", NA)), .Names = c("", 
    "")), class = "table"), LR10_SNP1 = structure(c(0L, 0L, 2L, 
    0L, 0L, 51L, 1L, 2752L, 21L, 4L, 56L, 0L, 3272L, 7L, 4L, 
    2L, 0L, 87L, 1L, 0L), .Dim = 5:4, .Dimnames = structure(list(
        c("-1", "-2", "0", "1", NA), c("A", "C", "T", NA)), .Names = c("", 
    "")), class = "table"), LR10_SNP2 = structure(c(52L, 1L, 
    2740L, 19L, 3L, 57L, 0L, 3285L, 7L, 7L, 0L, 0L, 88L, 3L, 
    0L), .Dim = c(5L, 3L), .Dimnames = structure(list(c("-1", 
    "-2", "0", "1", NA), c("C", "T", NA)), .Names = c("", "")), class = "table"), 
    LR11_SNP1 = structure(c(216L, 4L, 1L, 2320L, 12L, 8L, 43L, 
    8L, 0L, 1738L, 14L, 0L, 0L, 0L, 0L, 1L, 0L, 0L, 1L, 0L, 0L, 
    0L, 0L, 0L, 3L, 0L, 0L, 90L, 0L, 0L), .Dim = 6:5, .Dimnames = structure(list(
        c("-1", "-2", "-3", "0", "1", NA), c("A", "C", "G", "T", 
        NA)), .Names = c("", "")), class = "table"), LR11_SNP2 = structure(c(1L, 
    0L, 0L, 0L, 0L, 0L, 214L, 4L, 0L, 2251L, 12L, 6L, 43L, 8L, 
    0L, 1729L, 14L, 0L, 5L, 0L, 1L, 169L, 0L, 0L), .Dim = c(6L, 
    4L), .Dimnames = structure(list(c("-1", "-2", "-3", "0", 
    "1", NA), c("A", "C", "G", NA)), .Names = c("", "")), class = "table"), 
    LR17_SNP1 = structure(c(219L, 5L, 1L, 3122L, 26L, 19L, 0L, 
    0L, 0L, 2L, 0L, 0L, 13L, 0L, 0L, 279L, 1L, 0L), .Dim = c(6L, 
    3L), .Dimnames = structure(list(c("-1", "-2", "-3", "0", 
    "1", NA), c("A", "G", NA)), .Names = c("", "")), class = "table"), 
    LR17_SNP2 = structure(c(0L, 0L, 0L, 1L, 0L, 0L, 0L, 0L, 0L, 
    1L, 0L, 0L, 228L, 5L, 1L, 3132L, 26L, 6L, 0L, 0L, 0L, 1L, 
    0L, 0L, 4L, 0L, 0L, 268L, 1L, 0L), .Dim = 6:5, .Dimnames = structure(list(
        c("-1", "-2", "-3", "0", "1", NA), c("-", "A", "G", "T", 
        NA)), .Names = c("", "")), class = "table"), LR17_SNP3 = structure(c(206L, 
    5L, 1L, 2107L, 18L, 3L, 26L, 0L, 0L, 1296L, 9L, 0L), .Dim = c(6L, 
    2L), .Dimnames = structure(list(c("-1", "-2", "-3", "0", 
    "1", NA), c("G", NA)), .Names = c("", "")), class = "table"), 
    LR17_SNP4 = structure(c(51L, 1L, 0L, 1759L, 17L, 9L, 179L, 
    4L, 1L, 1566L, 10L, 12L, 2L, 0L, 0L, 78L, 0L, 0L), .Dim = c(6L, 
    3L), .Dimnames = structure(list(c("-1", "-2", "-3", "0", 
    "1", NA), c("G", "T", NA)), .Names = c("", "")), class = "table"), 
    LR20_SNP1 = structure(c(1L, 0L, 2L, 0L, 0L, 0L, 0L, 1L, 0L, 
    0L, 2074L, 3L, 4548L, 3L, 15L, 1L, 0L, 1L, 0L, 0L, 22L, 0L, 
    43L, 1L, 0L), .Dim = c(5L, 5L), .Dimnames = structure(list(
        c("-1", "-2", "0", "1", NA), c("A", "C", "G", "T", NA
        )), .Names = c("", "")), class = "table"), LR24_SNP1 = structure(c(105L, 
    5L, 20736L, 31L, 15L, 0L, 0L, 1L, 0L, 0L, 0L, 0L, 12L, 0L, 
    0L, 0L, 0L, 1L, 0L, 0L, 0L, 0L, 1L, 0L, 0L, 3L, 0L, 200L, 
    3L, 0L), .Dim = 5:6, .Dimnames = structure(list(c("-1", "-2", 
    "0", "1", NA), c("A", "C", "G", "N", "T", NA)), .Names = c("", 
    "")), class = "table"), LR36_SNP1 = structure(c(136L, 7L, 
    2L, 3052L, 24L, 21L, 1456L, 30L, 1L, 1311L, 6L, 37L, 39L, 
    2L, 0L, 164L, 1L, 0L), .Dim = c(6L, 3L), .Dimnames = structure(list(
        c("-1", "-2", "-3", "0", "1", NA), c("A", "T", NA)), .Names = c("", 
    "")), class = "table"), LR40_SNP1 = structure(c(25L, 2013L, 
    3L, 0L, 34L, 2158L, 5L, 1L, 0L, 1L, 0L, 0L, 1L, 39L, 0L, 
    0L), .Dim = c(4L, 4L), .Dimnames = structure(list(c("-1", 
    "0", "1", NA), c("A", "C", "T", NA)), .Names = c("", "")), class = "table"), 
    LR44_SNP1 = structure(c(1L, 1L, 0L, 17L, 0L, 0L, 0L, 403L, 
    10L, 1L, 2661L, 54L, 1L, 15L, 1L, 0L, 0L, 2L, 0L, 0L, 0L, 
    833L, 27L, 4L, 5088L, 71L, 0L, 22L, 16L, 0L, 0L, 212L, 5L, 
    0L, 0L), .Dim = c(7L, 5L), .Dimnames = structure(list(c("-1", 
    "-2", "-3", "0", "1", "2", NA), c("A", "C", "N", "T", NA)), .Names = c("", 
    "")), class = "table"), LR44_SNP2 = structure(c(0L, 0L, 0L, 
    1L, 0L, 0L, 0L, 406L, 11L, 1L, 2756L, 55L, 1L, 8L, 842L, 
    26L, 4L, 5098L, 74L, 0L, 29L, 6L, 1L, 0L, 125L, 1L, 0L, 0L
    ), .Dim = c(7L, 4L),