Result <-
list(DEPDC2_SNP1 = structure(c(0L, 0L, 4L, 0L, 0L, 1L, 0L, 13L, 
0L, 1L, 0L, 0L, 1L, 0L, 0L, 202L, 1L, 17966L, 78L, 71L, 1L, 0L, 
230L, 1L, 0L), .Dim = c(5L, 5L), .Dimnames = structure(list(c("-1", 
"-2", "0", "1", NA), c("A", "C", "G", "T", NA)), .Names = c("", 
"")), class = "table"), GM01_SNP1 = structure(c(235L, 1L, 5116L, 
44L, 1L, 0L, 9L, 116L, 0L, 4864L, 18L, 0L, 1L, 6L, 7L, 0L, 139L, 
0L, 0L, 0L, 0L), .Dim = c(7L, 3L), .Dimnames = structure(list(
    c("-1", "-2", "0", "1", "2", "3", NA), c("A", "G", NA)), .Names = c("", 
"")), class = "table"), GM07_SNP1 = structure(c(852L, 13L, 2562L, 
54L, 3L, 0L, 40L, 802L, 30L, 2344L, 60L, 2L, 1L, 37L, 0L, 0L, 
2L, 0L, 0L, 0L, 0L, 14L, 2L, 139L, 2L, 0L, 0L, 0L), .Dim = c(7L, 
4L), .Dimnames = structure(list(c("-1", "-2", "0", "1", "2", 
"3", NA), c("A", "G", "T", NA)), .Names = c("", "")), class = "table"), 
    GM09_SNP1 = structure(c(0L, 0L, 1L, 0L, 0L, 165L, 1L, 19726L, 
    44L, 3L, 1L, 0L, 51L, 1L, 0L, 0L, 0L, 2L, 0L, 0L, 0L, 0L, 
    197L, 2L, 0L), .Dim = c(5L, 5L), .Dimnames = structure(list(
        c("-1", "-2", "0", "1", NA), c("-", "A", "G", "T", NA
        )), .Names = c("", "")), class = "table"), GM11_SNP1 = structure(c(12L, 
    0L, 3150L, 6L, 2L, 21L, 1L, 3522L, 39L, 2L, 0L, 0L, 1L, 0L, 
    0L, 0L, 0L, 92L, 0L, 0L), .Dim = 5:4, .Dimnames = structure(list(
        c("-1", "-2", "0", "1", NA), c("A", "G", "T", NA)), .Names = c("", 
    "")), class = "table"), GM11_SNP2 = structure(c(20L, 1L, 
    3553L, 38L, 4L, 12L, 0L, 3113L, 6L, 0L, 1L, 0L, 99L, 1L, 
    0L), .Dim = c(5L, 3L), .Dimnames = structure(list(c("-1", 
    "-2", "0", "1", NA), c("A", "G", NA)), .Names = c("", "")), class = "table"), 
    GM14_SNP1 = structure(c(0L, 0L, 6L, 0L, 0L, 0L, 382L, 16L, 
    10140L, 86L, 4L, 24L, 0L, 0L, 26L, 1L, 0L, 0L, 1L, 0L, 185L, 
    1L, 0L, 0L), .Dim = c(6L, 4L), .Dimnames = structure(list(
        c("-1", "-2", "0", "1", "2", NA), c("A", "C", "T", NA
        )), .Names = c("", "")), class = "table"), GM17_SNP1 = structure(c(0L, 
    0L, 0L, 1L, 0L, 0L, 0L, 0L, 0L, 13L, 0L, 0L, 136L, 1L, 1L, 
    9813L, 39L, 9L, 1L, 0L, 0L, 92L, 1L, 0L), .Dim = c(6L, 4L
    ), .Dimnames = structure(list(c("-1", "-2", "-3", "0", "1", 
    NA), c("A", "C", "T", NA)), .Names = c("", "")), class = "table"), 
    GM22_SNP1 = structure(c(131L, 1L, 3950L, 16L, 7L, 55L, 1L, 
    3953L, 15L, 4L, 0L, 0L, 2L, 0L, 0L, 5L, 0L, 169L, 1L, 0L), .Dim = 5:4, .Dimnames = structure(list(
        c("-1", "-2", "0", "1", NA), c("A", "G", "T", NA)), .Names = c("", 
    "")), class = "table"), GM26_SNP1 = structure(c(65L, 7423L, 
    33L, 13L, 0L, 3L, 0L, 0L, 0L, 1L, 0L, 0L, 3L, 66L, 1L, 0L
    ), .Dim = c(4L, 4L), .Dimnames = structure(list(c("-1", "0", 
    "1", NA), c("A", "G", "T", NA)), .Names = c("", "")), class = "table"), 
    GM29_SNP1 = structure(c(22L, 0L, 2599L, 9L, 4L, 138L, 4L, 
    2629L, 7L, 5L, 3L, 0L, 50L, 0L, 0L), .Dim = c(5L, 3L), .Dimnames = structure(list(
        c("-1", "-2", "0", "1", NA), c("A", "G", NA)), .Names = c("", 
    "")), class = "table"), IM16_SNP1 = structure(c(72L, 0L, 
    4143L, 56L, 1L, 2L, 87L, 1L, 3791L, 49L, 1L, 5L, 6L, 0L, 
    136L, 7L, 1L, 0L), .Dim = c(6L, 3L), .Dimnames = structure(list(
        c("-1", "-2", "0", "1", "2", NA), c("A", "G", NA)), .Names = c("", 
    "")), class = "table"), IM16_SNP2 = structure(c(163L, 1L, 
    7903L, 104L, 2L, 9L, 0L, 0L, 1L, 0L, 0L, 0L, 0L, 0L, 2L, 
    0L, 0L, 0L, 0L, 0L, 1L, 0L, 0L, 0L, 2L, 0L, 163L, 8L, 1L, 
    0L), .Dim = 6:5, .Dimnames = structure(list(c("-1", "-2", 
    "0", "1", "2", NA), c("C", "G", "N", "T", NA)), .Names = c("", 
    "")), class = "table"), IM16_SNP3 = structure(c(0L, 0L, 2L, 
    0L, 0L, 0L, 164L, 1L, 7996L, 110L, 3L, 13L, 0L, 0L, 2L, 0L, 
    0L, 0L, 1L, 0L, 70L, 2L, 0L, 0L), .Dim = c(6L, 4L), .Dimnames = structure(list(
        c("-1", "-2", "0", "1", "2", NA), c("A", "C", "T", NA
        )), .Names = c("", "")), class = "table"), IM49_SNP1 = structure(c(0L, 
    0L, 2L, 0L, 0L, 0L, 0L, 0L, 4L, 0L, 0L, 0L, 927L, 13L, 6008L, 
    126L, 1L, 36L, 35L, 1L, 381L, 17L, 0L, 0L), .Dim = c(6L, 
    4L), .Dimnames = structure(list(c("-1", "-2", "0", "1", "2", 
    NA), c("A", "C", "G", NA)), .Names = c("", "")), class = "table"), 
    LR10_SNP1 = structure(c(107L, 2L, 4784L, 30L, 14L, 58L, 0L, 
    4372L, 17L, 7L, 0L, 0L, 128L, 0L, 0L), .Dim = c(5L, 3L), .Dimnames = structure(list(
        c("-1", "-2", "0", "1", NA), c("C", "T", NA)), .Names = c("", 
    "")), class = "table"), LR10_SNP2 = structure(c(0L, 0L, 2L, 
    0L, 0L, 107L, 2L, 4768L, 25L, 13L, 58L, 0L, 4385L, 17L, 7L, 
    0L, 0L, 129L, 5L, 0L), .Dim = 5:4, .Dimnames = structure(list(
        c("-1", "-2", "0", "1", NA), c("A", "C", "T", NA)), .Names = c("", 
    "")), class = "table"), LR11_SNP1 = structure(c(156L, 6L, 
    5037L, 59L, 1L, 16L, 241L, 7L, 3212L, 22L, 0L, 14L, 0L, 0L, 
    1L, 0L, 0L, 0L, 5L, 1L, 168L, 1L, 0L, 0L), .Dim = c(6L, 4L
    ), .Dimnames = structure(list(c("-1", "-2", "0", "1", "2", 
    NA), c("A", "C", "T", NA)), .Names = c("", "")), class = "table"), 
    LR11_SNP2 = structure(c(0L, 0L, 1L, 0L, 0L, 0L, 153L, 6L, 
    4867L, 53L, 1L, 9L, 241L, 8L, 3188L, 21L, 0L, 15L, 8L, 0L, 
    362L, 8L, 0L, 0L), .Dim = c(6L, 4L), .Dimnames = structure(list(
        c("-1", "-2", "0", "1", "2", NA), c("A", "C", "G", NA
        )), .Names = c("", "")), class = "table"), LR17_SNP1 = structure(c(331L, 
    14L, 1L, 6594L, 87L, 3L, 28L, 0L, 0L, 0L, 2L, 0L, 0L, 0L, 
    19L, 0L, 0L, 710L, 2L, 0L, 0L), .Dim = c(7L, 3L), .Dimnames = structure(list(
        c("-1", "-2", "-3", "0", "1", "2", NA), c("A", "G", NA
        )), .Names = c("", "")), class = "table"), LR17_SNP2 = structure(c(0L, 
    0L, 0L, 2L, 0L, 0L, 0L, 340L, 14L, 1L, 6744L, 83L, 3L, 16L, 
    10L, 0L, 0L, 560L, 6L, 0L, 0L), .Dim = c(7L, 3L), .Dimnames = structure(list(
        c("-1", "-2", "-3", "0", "1", "2", NA), c("A", "G", NA
        )), .Names = c("", "")), class = "table"), LR17_SNP3 = structure(c(139L, 
    3L, 0L, 3483L, 44L, 1L, 6L, 185L, 11L, 1L, 2036L, 26L, 1L, 
    2L, 26L, 0L, 0L, 1787L, 19L, 1L, 0L), .Dim = c(7L, 3L), .Dimnames = structure(list(
        c("-1", "-2", "-3", "0", "1", "2", NA), c("C", "G", NA
        )), .Names = c("", "")), class = "table"), LR17_SNP4 = structure(c(204L, 
    11L, 1L, 3240L, 36L, 2L, 15L, 144L, 3L, 0L, 3912L, 49L, 1L, 
    19L, 2L, 0L, 0L, 154L, 4L, 0L, 0L), .Dim = c(7L, 3L), .Dimnames = structure(list(
        c("-1", "-2", "-3", "0", "1", "2", NA), c("G", "T", NA
        )), .Names = c("", "")), class = "table"), LR20_SNP1 = structure(c(0L, 
    2L, 0L, 0L, 9L, 8034L, 16L, 1L, 0L, 3L, 0L, 0L, 0L, 1L, 0L, 
    0L, 0L, 37L, 0L, 0L), .Dim = 4:5, .Dimnames = structure(list(
        c("-1", "0", "1", NA), c("-", "A", "G", "T", NA)), .Names = c("", 
    "")), class = "table"), LR24_SNP1 = structure(c(0L, 0L, 4L, 
    0L, 0L, 0L, 1L, 133L, 0L, 0L, 0L, 0L, 1L, 0L, 0L, 190L, 0L, 
    21797L, 48L, 7L, 0L, 0L, 1L, 0L, 0L, 2L, 0L, 276L, 0L, 0L
    ), .Dim = 5:6, .Dimnames = structure(list(c("-1", "-2", "0", 
    "1", NA), c("-", "A", "C", "G", "N", NA)), .Names = c("", 
    "")), class = "table"), LR36_SNP1 = structure(c(2L, 0L, 0L, 
    30L, 0L, 0L, 0L, 0L, 0L, 0L, 2L, 0L, 0L, 0L, 429L, 21L, 3L, 
    8020L, 64L, 0L, 45L, 13L, 2L, 0L, 540L, 3L, 1L, 0L), .Dim = c(7L, 
    4L), .Dimnames = structure(list(c("-1", "-2", "-3", "0", 
    "1", "2", NA), c("A", "G", "T", NA)), .Names = c("", "")), class = "table"), 
    LR40_SNP1 = structure(c(0L, 0L, 42L, 0L, 0L, 83L, 5L, 5959L, 
    17L, 7L, 0L, 0L, 46L, 0L, 0L), .Dim = c(5L, 3L), .Dimnames = structure(list(
        c("-1", "-2", "0", "1", NA), c("A", "C", NA)), .Names = c("", 
    "")), class = "table"), LR44_SNP1 = structure(c(1300L, 963L, 
    153L, 1L, 3710L, 56L, 2L, 28L, 0L, 0L, 0L, 0L, 1L, 0L, 0L, 
    0L, 1L, 0L, 0L, 0L, 0L, 0L, 0L, 0L, 6L, 0L, 0L, 0L, 61L, 
    0L, 0L, 0L, 14L, 9L, 1L, 0L, 144L, 3L, 0L, 0L), .Dim = c(8L, 
    5L),