Result <-
list(DEPDC2_SNP1 = structure(c(0L, 0L, 0L, 3L, 0L, 0L, 0L, 0L, 
0L, 0L, 12L, 0L, 0L, 1L, 221L, 1L, 1L, 28364L, 115L, 2L, 113L, 
2L, 0L, 0L, 360L, 2L, 0L, 0L), .Dim = c(7L, 4L), .Dimnames = structure(list(
    c("-1", "-2", "-3", "0", "1", "2", NA), c("A", "C", "T", 
    NA)), .Names = c("", "")), class = "table"), GM01_SNP1 = structure(c(183L, 
3L, 12829L, 55L, 1L, 10L, 0L, 0L, 2L, 0L, 0L, 0L, 0L, 0L, 12L, 
0L, 0L, 0L, 0L, 0L, 1L, 0L, 0L, 0L, 2L, 0L, 162L, 0L, 0L, 0L), .Dim = 6:5, .Dimnames = structure(list(
    c("-1", "-2", "0", "1", "2", NA), c("A", "C", "G", "T", NA
    )), .Names = c("", "")), class = "table"), GM07_SNP1 = structure(c(0L, 
0L, 8L, 0L, 0L, 1L, 507L, 5L, 8242L, 176L, 3L, 55L, 0L, 0L, 1L, 
0L, 0L, 0L, 0L, 0L, 1L, 0L, 0L, 0L, 7L, 0L, 263L, 10L, 0L, 0L
), .Dim = 6:5, .Dimnames = structure(list(c("-1", "-2", "0", 
"1", "2", NA), c("A", "G", "N", "T", NA)), .Names = c("", "")), class = "table"), 
    GM09_SNP1 = structure(c(123L, 22866L, 27L, 3L, 2L, 38L, 0L, 
    0L, 0L, 5L, 0L, 0L, 2L, 183L, 0L, 0L), .Dim = c(4L, 4L), .Dimnames = structure(list(
        c("-1", "0", "1", NA), c("A", "G", "T", NA)), .Names = c("", 
    "")), class = "table"), GM11_SNP1 = structure(c(15L, 0L, 
    3133L, 44L, 2L, 196L, 1L, 3489L, 6L, 2L, 1L, 0L, 77L, 0L, 
    0L), .Dim = c(5L, 3L), .Dimnames = structure(list(c("-1", 
    "-2", "0", "1", NA), c("A", "G", NA)), .Names = c("", "")), class = "table"), 
    GM11_SNP2 = structure(c(211L, 1L, 6645L, 49L, 5L, 0L, 0L, 
    1L, 0L, 0L, 0L, 0L, 1L, 0L, 0L, 1L, 0L, 52L, 1L, 0L), .Dim = 5:4, .Dimnames = structure(list(
        c("-1", "-2", "0", "1", NA), c("A", "N", "T", NA)), .Names = c("", 
    "")), class = "table"), GM14_SNP1 = structure(c(0L, 0L, 0L, 
    1L, 0L, 0L, 329L, 7L, 2L, 5226L, 39L, 13L, 247L, 7L, 0L, 
    5509L, 24L, 5L, 3L, 0L, 0L, 195L, 1L, 0L), .Dim = c(6L, 4L
    ), .Dimnames = structure(list(c("-1", "-2", "-3", "0", "1", 
    NA), c("A", "C", "T", NA)), .Names = c("", "")), class = "table"), 
    GM17_SNP1 = structure(c(0L, 0L, 0L, 1L, 0L, 0L, 174L, 1L, 
    1L, 12661L, 36L, 10L, 1L, 0L, 0L, 16L, 0L, 0L, 5L, 0L, 0L, 
    105L, 0L, 0L), .Dim = c(6L, 4L), .Dimnames = structure(list(
        c("-1", "-2", "-3", "0", "1", NA), c("A", "C", "T", NA
        )), .Names = c("", "")), class = "table"), GM22_SNP1 = structure(c(61L, 
    1L, 5269L, 15L, 7L, 106L, 1L, 3766L, 13L, 3L, 1L, 0L, 156L, 
    4L, 0L), .Dim = c(5L, 3L), .Dimnames = structure(list(c("-1", 
    "-2", "0", "1", NA), c("A", "G", NA)), .Names = c("", "")), class = "table"), 
    GM26_SNP1 = structure(c(56L, 2L, 6901L, 23L, 5L, 0L, 0L, 
    5L, 0L, 0L, 2L, 0L, 65L, 0L, 0L), .Dim = c(5L, 3L), .Dimnames = structure(list(
        c("-1", "-2", "0", "1", NA), c("A", "G", NA)), .Names = c("", 
    "")), class = "table"), GM29_SNP1 = structure(c(84L, 1L, 
    6854L, 26L, 1L, 3L, 0L, 0L, 1L, 0L, 0L, 0L, 1L, 0L, 58L, 
    0L, 0L, 0L), .Dim = c(6L, 3L), .Dimnames = structure(list(
        c("-1", "-2", "0", "1", "2", NA), c("A", "G", NA)), .Names = c("", 
    "")), class = "table"), IM16_SNP1 = structure(c(40L, 4870L, 
    83L, 2L, 4L, 54L, 4678L, 48L, 0L, 1L, 2L, 130L, 6L, 0L, 0L
    ), .Dim = c(5L, 3L), .Dimnames = structure(list(c("-1", "0", 
    "1", "2", NA), c("A", "G", NA)), .Names = c("", "")), class = "table"), 
    IM16_SNP2 = structure(c(54L, 4678L, 52L, 0L, 1L, 40L, 4853L, 
    82L, 2L, 4L, 0L, 1L, 0L, 0L, 0L, 2L, 146L, 3L, 0L, 0L), .Dim = 5:4, .Dimnames = structure(list(
        c("-1", "0", "1", "2", NA), c("C", "G", "N", NA)), .Names = c("", 
    "")), class = "table"), IM16_SNP3 = structure(c(0L, 99L, 
    0L, 0L, 0L, 95L, 9492L, 136L, 2L, 11L, 0L, 1L, 0L, 0L, 0L, 
    1L, 86L, 1L, 0L, 0L), .Dim = 5:4, .Dimnames = structure(list(
        c("-1", "0", "1", "2", NA), c("A", "C", "T", NA)), .Names = c("", 
    "")), class = "table"), IM49_SNP1 = structure(c(0L, 0L, 0L, 
    12L, 0L, 0L, 0L, 351L, 157L, 1L, 10013L, 192L, 4L, 36L, 12L, 
    1L, 0L, 575L, 10L, 1L, 0L), .Dim = c(7L, 3L), .Dimnames = structure(list(
        c("-1", "-2", "-3", "0", "1", "2", NA), c("C", "G", NA
        )), .Names = c("", "")), class = "table"), LR10_SNP1 = structure(c(486L, 
    3L, 8784L, 60L, 19L, 0L, 0L, 17L, 0L, 0L, 2L, 0L, 99L, 1L, 
    0L), .Dim = c(5L, 3L), .Dimnames = structure(list(c("-1", 
    "-2", "0", "1", NA), c("C", "T", NA)), .Names = c("", "")), class = "table"), 
    LR10_SNP2 = structure(c(0L, 0L, 1L, 0L, 0L, 487L, 3L, 8770L, 
    60L, 17L, 0L, 0L, 4L, 0L, 0L, 1L, 0L, 125L, 1L, 0L), .Dim = 5:4, .Dimnames = structure(list(
        c("-1", "-2", "0", "1", NA), c("A", "C", "T", NA)), .Names = c("", 
    "")), class = "table"), LR11_SNP1 = structure(c(0L, 0L, 10L, 
    0L, 0L, 0L, 769L, 8L, 6775L, 73L, 2L, 24L, 0L, 0L, 3L, 0L, 
    0L, 0L, 10L, 0L, 276L, 1L, 0L, 0L), .Dim = c(6L, 4L), .Dimnames = structure(list(
        c("-1", "-2", "0", "1", "2", NA), c("A", "C", "T", NA
        )), .Names = c("", "")), class = "table"), LR11_SNP2 = structure(c(0L, 
    0L, 8L, 0L, 0L, 0L, 770L, 8L, 6764L, 71L, 2L, 21L, 9L, 0L, 
    292L, 3L, 0L, 0L), .Dim = c(6L, 3L), .Dimnames = structure(list(
        c("-1", "-2", "0", "1", "2", NA), c("C", "G", NA)), .Names = c("", 
    "")), class = "table"), LR17_SNP1 = structure(c(426L, 18L, 
    6730L, 96L, 35L, 1L, 0L, 9L, 0L, 0L, 31L, 0L, 563L, 4L, 0L
    ), .Dim = c(5L, 3L), .Dimnames = structure(list(c("-1", "-2", 
    "0", "1", NA), c("A", "G", NA)), .Names = c("", "")), class = "table"), 
    LR17_SNP2 = structure(c(0L, 0L, 2L, 0L, 0L, 449L, 18L, 6848L, 
    95L, 19L, 9L, 0L, 452L, 5L, 0L), .Dim = c(5L, 3L), .Dimnames = structure(list(
        c("-1", "-2", "0", "1", NA), c("A", "G", NA)), .Names = c("", 
    "")), class = "table"), LR17_SNP3 = structure(c(0L, 0L, 8L, 
    0L, 0L, 0L, 0L, 6L, 0L, 1L, 416L, 18L, 4698L, 59L, 10L, 0L, 
    0L, 1L, 0L, 0L, 42L, 0L, 2589L, 41L, 0L), .Dim = c(5L, 5L
    ), .Dimnames = structure(list(c("-1", "-2", "0", "1", NA), 
        c("A", "C", "G", "T", NA)), .Names = c("", "")), class = "table"), 
    LR17_SNP4 = structure(c(0L, 0L, 1L, 0L, 0L, 456L, 18L, 7087L, 
    97L, 38L, 0L, 0L, 4L, 0L, 1L, 2L, 0L, 210L, 3L, 0L), .Dim = 5:4, .Dimnames = structure(list(
        c("-1", "-2", "0", "1", NA), c("A", "G", "T", NA)), .Names = c("", 
    "")), class = "table"), LR20_SNP1 = structure(c(10L, 4296L, 
    8L, 2L, 2L, 4799L, 7L, 2L, 1L, 60L, 0L, 0L), .Dim = 4:3, .Dimnames = structure(list(
        c("-1", "0", "1", NA), c("A", "G", NA)), .Names = c("", 
    "")), class = "table"), LR24_SNP1 = structure(c(125L, 4L, 
    2L, 20940L, 95L, 2L, 14L, 0L, 0L, 0L, 19L, 0L, 0L, 0L, 0L, 
    0L, 0L, 2L, 0L, 0L, 0L, 1L, 0L, 0L, 173L, 3L, 0L, 0L), .Dim = c(7L, 
    4L), .Dimnames = structure(list(c("-1", "-2", "-3", "0", 
    "1", "2", NA), c("A", "G", "T", NA)), .Names = c("", "")), class = "table"), 
    LR36_SNP1 = structure(c(2L, 0L, 0L, 0L, 28L, 0L, 0L, 0L, 
    0L, 0L, 0L, 2L, 0L, 0L, 0L, 0L, 0L, 0L, 1L, 0L, 0L, 0L, 0L, 
    0L, 0L, 1L, 1L, 0L, 261L, 12L, 1L, 1L, 11822L, 101L, 42L, 
    7L, 1L, 0L, 0L, 713L, 6L, 0L), .Dim = 7:6, .Dimnames = structure(list(
        c("-1", "-2", "-3", "-4", "0", "1", NA), c("A", "C", 
        "G", "N", "T", NA)), .Names = c("", "")), class = "table"), 
    LR40_SNP1 = structure(c(0L, 0L, 1L, 0L, 0L, 77L, 1L, 7103L, 
    20L, 4L, 0L, 0L, 2L, 0L, 0L, 0L, 0L, 55L, 0L, 0L), .Dim = 5:4, .Dimnames = structure(list(
        c("-1", "-2", "0", "1", NA), c("A", "C", "G", NA)), .Names = c("", 
    "")), class = "table"), LR44_SNP1 = structure(c(0L, 0L, 0L, 
    0L, 1L, 0L, 0L, 0L, 1154L, 47L, 5L, 1L, 10465L, 136L, 4L, 
    34L, 0L, 0L, 0L, 0L, 1L, 0L, 0L, 0L, 0L, 0L, 0L, 0L, 2L, 
    0L, 0L, 0L, 33L, 0L, 0L, 0L, 124L, 0L, 0L, 1L, 17L, 0L, 0L, 
    0L, 420L, 7L, 0L, 0L), .Dim = c(8L, 6L), .Dimnames = structure(list(
        c("-1", "-2", "-3", "-4", "0", "1", "2", NA), c("A", 
        "C", "G", "N", "T", NA)), .Names = c("", "")), class = "table"),