Result <-
list(DEPDC2_SNP1 = structure(c(0L, 0L, 0L, 17L, 0L, 0L, 84L, 
1L, 0L, 9145L, 48L, 34L, 74L, 0L, 1L, 9039L, 44L, 29L, 2L, 0L, 
0L, 292L, 2L, 0L), .Dim = c(6L, 4L), .Dimnames = structure(list(
    c("-1", "-2", "-3", "0", "1", NA), c("A", "C", "T", NA)), .Names = c("", 
"")), class = "table"), GM01_SNP1 = structure(c(76L, 2L, 3813L, 
57L, 0L, 3L, 110L, 0L, 4074L, 24L, 1L, 4L, 5L, 0L, 109L, 0L, 
0L, 0L), .Dim = c(6L, 3L), .Dimnames = structure(list(c("-1", 
"-2", "0", "1", "2", NA), c("A", "G", NA)), .Names = c("", ""
)), class = "table"), GM07_SNP1 = structure(c(0L, 0L, 2L, 0L, 
0L, 0L, 0L, 202L, 3L, 3653L, 161L, 6L, 0L, 31L, 288L, 5L, 3951L, 
169L, 4L, 1L, 27L, 0L, 0L, 4L, 0L, 0L, 0L, 0L, 6L, 0L, 207L, 
7L, 0L, 0L, 0L), .Dim = c(7L, 5L), .Dimnames = structure(list(
    c("-1", "-2", "0", "1", "2", "3", NA), c("-", "A", "G", "T", 
    NA)), .Names = c("", "")), class = "table"), GM09_SNP1 = structure(c(94L, 
2L, 10769L, 17L, 3L, 102L, 0L, 10697L, 9L, 5L, 0L, 0L, 5L, 0L, 
0L, 1L, 0L, 182L, 0L, 0L), .Dim = 5:4, .Dimnames = structure(list(
    c("-1", "-2", "0", "1", NA), c("A", "G", "T", NA)), .Names = c("", 
"")), class = "table"), GM11_SNP1 = structure(c(25L, 2431L, 24L, 
3L, 29L, 2097L, 14L, 1L, 0L, 48L, 1L, 0L), .Dim = 4:3, .Dimnames = structure(list(
    c("-1", "0", "1", NA), c("A", "G", NA)), .Names = c("", ""
)), class = "table"), GM11_SNP2 = structure(c(54L, 4485L, 39L, 
5L, 0L, 1L, 0L, 0L, 0L, 1L, 0L, 0L, 0L, 89L, 0L, 0L), .Dim = c(4L, 
4L), .Dimnames = structure(list(c("-1", "0", "1", NA), c("A", 
"G", "T", NA)), .Names = c("", "")), class = "table"), GM14_SNP1 = structure(c(225L, 
6L, 1L, 4939L, 59L, 2L, 10L, 156L, 5L, 0L, 4380L, 39L, 1L, 8L, 
1L, 0L, 0L, 174L, 2L, 0L, 0L), .Dim = c(7L, 3L), .Dimnames = structure(list(
    c("-1", "-2", "-3", "0", "1", "2", NA), c("C", "T", NA)), .Names = c("", 
"")), class = "table"), GM17_SNP1 = structure(c(0L, 0L, 1L, 0L, 
0L, 0L, 65L, 0L, 5024L, 37L, 1L, 3L, 0L, 0L, 1L, 0L, 0L, 0L, 
131L, 2L, 5589L, 25L, 0L, 4L, 2L, 0L, 84L, 0L, 0L, 0L), .Dim = 6:5, .Dimnames = structure(list(
    c("-1", "-2", "0", "1", "2", NA), c("A", "C", "G", "T", NA
    )), .Names = c("", "")), class = "table"), GM22_SNP1 = structure(c(1L, 
0L, 137L, 1L, 0L, 1L, 130L, 4L, 7833L, 35L, 0L, 12L, 5L, 0L, 
195L, 1L, 1L, 0L), .Dim = c(6L, 3L), .Dimnames = structure(list(
    c("-1", "-2", "0", "1", "2", NA), c("A", "G", NA)), .Names = c("", 
"")), class = "table"), GM26_SNP1 = structure(c(54L, 1L, 6275L, 
25L, 5L, 1L, 0L, 93L, 1L, 0L, 1L, 0L, 72L, 0L, 0L), .Dim = c(5L, 
3L), .Dimnames = structure(list(c("-1", "-2", "0", "1", NA), 
    c("A", "G", NA)), .Names = c("", "")), class = "table"), 
    GM29_SNP1 = structure(c(109L, 6042L, 21L, 4L, 0L, 1L, 0L, 
    0L, 1L, 49L, 0L, 0L), .Dim = 4:3, .Dimnames = structure(list(
        c("-1", "0", "1", NA), c("A", "G", NA)), .Names = c("", 
    "")), class = "table"), IM16_SNP1 = structure(c(22L, 2275L, 
    46L, 3L, 0L, 1L, 0L, 0L, 18L, 2636L, 29L, 5L, 1L, 69L, 6L, 
    0L), .Dim = c(4L, 4L), .Dimnames = structure(list(c("-1", 
    "0", "1", NA), c("A", "C", "G", NA)), .Names = c("", "")), class = "table"), 
    IM16_SNP2 = structure(c(0L, 2L, 0L, 0L, 20L, 2726L, 31L, 
    3L, 21L, 2164L, 44L, 3L, 0L, 1L, 0L, 0L, 0L, 88L, 6L, 0L), .Dim = 4:5, .Dimnames = structure(list(
        c("-1", "0", "1", NA), c("A", "C", "G", "N", NA)), .Names = c("", 
    "")), class = "table"), IM16_SNP3 = structure(c(40L, 4947L, 
    78L, 10L, 0L, 2L, 0L, 0L, 1L, 32L, 3L, 0L), .Dim = 4:3, .Dimnames = structure(list(
        c("-1", "0", "1", NA), c("C", "T", NA)), .Names = c("", 
    "")), class = "table"), IM49_SNP1 = structure(c(391L, 6L, 
    9036L, 282L, 9L, 29L, 3L, 0L, 58L, 6L, 0L, 0L, 1L, 0L, 1L, 
    0L, 0L, 0L, 3L, 0L, 246L, 8L, 0L, 0L), .Dim = c(6L, 4L), .Dimnames = structure(list(
        c("-1", "-2", "0", "1", "2", NA), c("C", "G", "T", NA
        )), .Names = c("", "")), class = "table"), LR10_SNP1 = structure(c(0L, 
    0L, 1L, 0L, 0L, 0L, 0L, 0L, 1L, 0L, 0L, 0L, 154L, 2L, 6301L, 
    63L, 2L, 16L, 0L, 0L, 47L, 0L, 0L, 0L, 4L, 0L, 74L, 3L, 0L, 
    0L), .Dim = 6:5, .Dimnames = structure(list(c("-1", "-2", 
    "0", "1", "2", NA), c("-", "A", "C", "T", NA)), .Names = c("", 
    "")), class = "table"), LR10_SNP2 = structure(c(1L, 0L, 46L, 
    1L, 0L, 0L, 155L, 2L, 6242L, 61L, 0L, 14L, 0L, 0L, 35L, 0L, 
    0L, 0L, 2L, 0L, 101L, 4L, 2L, 0L), .Dim = c(6L, 4L), .Dimnames = structure(list(
        c("-1", "-2", "0", "1", "2", NA), c("A", "C", "T", NA
        )), .Names = c("", "")), class = "table"), LR11_SNP1 = structure(c(0L, 
    0L, 5L, 0L, 0L, 0L, 0L, 208L, 3L, 6145L, 63L, 1L, 1L, 16L, 
    0L, 0L, 1L, 0L, 0L, 0L, 0L, 3L, 2L, 218L, 5L, 0L, 0L, 0L), .Dim = c(7L, 
    4L), .Dimnames = structure(list(c("-1", "-2", "0", "1", "2", 
    "3", NA), c("A", "C", "G", NA)), .Names = c("", "")), class = "table"), 
    LR11_SNP2 = structure(c(0L, 0L, 2L, 0L, 0L, 0L, 0L, 207L, 
    3L, 6140L, 65L, 1L, 1L, 16L, 0L, 0L, 1L, 0L, 0L, 0L, 0L, 
    4L, 2L, 226L, 3L, 0L, 0L, 0L), .Dim = c(7L, 4L), .Dimnames = structure(list(
        c("-1", "-2", "0", "1", "2", "3", NA), c("C", "G", "T", 
        NA)), .Names = c("", "")), class = "table"), LR17_SNP1 = structure(c(322L, 
    8L, 2L, 5541L, 176L, 10L, 36L, 17L, 0L, 0L, 474L, 5L, 0L, 
    0L), .Dim = c(7L, 2L), .Dimnames = structure(list(c("-1", 
    "-2", "-3", "0", "1", "2", NA), c("A", NA)), .Names = c("", 
    "")), class = "table"), LR17_SNP2 = structure(c(0L, 0L, 0L, 
    5L, 0L, 0L, 0L, 335L, 8L, 2L, 5608L, 176L, 9L, 13L, 4L, 0L, 
    0L, 402L, 5L, 1L, 0L), .Dim = c(7L, 3L), .Dimnames = structure(list(
        c("-1", "-2", "-3", "0", "1", "2", NA), c("A", "G", NA
        )), .Names = c("", "")), class = "table"), LR17_SNP3 = structure(c(0L, 
    0L, 0L, 1L, 0L, 0L, 0L, 168L, 3L, 2L, 2836L, 126L, 8L, 9L, 
    126L, 5L, 0L, 1809L, 26L, 0L, 3L, 45L, 0L, 0L, 1369L, 29L, 
    2L, 0L), .Dim = c(7L, 4L), .Dimnames = structure(list(c("-1", 
    "-2", "-3", "0", "1", "2", NA), c("A", "C", "G", NA)), .Names = c("", 
    "")), class = "table"), LR17_SNP4 = structure(c(131L, 5L, 
    0L, 2734L, 42L, 1L, 14L, 206L, 2L, 2L, 3164L, 134L, 9L, 25L, 
    2L, 1L, 0L, 117L, 5L, 0L, 0L), .Dim = c(7L, 3L), .Dimnames = structure(list(
        c("-1", "-2", "-3", "0", "1", "2", NA), c("G", "T", NA
        )), .Names = c("", "")), class = "table"), LR20_SNP1 = structure(c(1L, 
    81L, 0L, 0L, 20L, 6130L, 11L, 3L, 1L, 48L, 0L, 0L), .Dim = 4:3, .Dimnames = structure(list(
        c("-1", "0", "1", NA), c("A", "G", NA)), .Names = c("", 
    "")), class = "table"), LR24_SNP1 = structure(c(73L, 1L, 
    7535L, 25L, 8L, 53L, 2L, 6060L, 16L, 3L, 1L, 0L, 106L, 1L, 
    0L), .Dim = c(5L, 3L), .Dimnames = structure(list(c("-1", 
    "-2", "0", "1", NA), c("A", "G", NA)), .Names = c("", "")), class = "table"), 
    LR36_SNP1 = structure(c(0L, 0L, 0L, 12L, 0L, 0L, 0L, 0L, 
    0L, 2L, 0L, 0L, 458L, 67L, 2L, 8008L, 94L, 46L, 13L, 0L, 
    0L, 503L, 2L, 0L), .Dim = c(6L, 4L), .Dimnames = structure(list(
        c("-1", "-2", "-3", "0", "1", NA), c("A", "G", "T", NA
        )), .Names = c("", "")), class = "table"), LR40_SNP1 = structure(c(37L, 
    1L, 3527L, 12L, 4L, 0L, 0L, 35L, 0L, 0L), .Dim = c(5L, 2L
    ), .Dimnames = structure(list(c("-1", "-2", "0", "1", NA), 
        c("C", NA)), .Names = c("", "")), class = "table"), LR44_SNP1 = structure(c(438L, 
    14L, 2L, 4648L, 128L, 4L, 15L, 0L, 0L, 0L, 1L, 0L, 0L, 0L, 
    30L, 1L, 1L, 59L, 1L, 0L, 1L, 2L, 0L, 0L, 162L, 3L, 0L, 0L
    ), .Dim = c(7L, 4L), .Dimnames = structure(list(c("-1", "-2", 
    "-3", "0", "1", "2", NA), c("C", "N", "T", NA)), .Names = c("", 
    "")), class = "table"), LR44_SNP2 = structure(c(427L, 14L, 
    2L, 4650L, 127L, 3L, 11L, 30L, 1L, 1L, 55L, 1L, 0L, 1L, 13L, 
    0L, 0L, 165L, 4L, 1L, 0L), .Dim = c(7L, 3L), .Dimnames = structure(list(
        c("-1", "-2", "-3", "0", "1", "2", NA), c("C", "T", NA
        )), .Names = c("", "")), class = "table"),