Result <-
list(DEPDC2_SNP1 = structure(c(0L, 0L, 1L, 0L, 0L, 0L, 64L, 0L, 
8969L, 69L, 0L, 67L, 41L, 1L, 7086L, 1772L, 7L, 1451L, 0L, 0L, 
344L, 16L, 0L, 0L), .Dim = c(6L, 4L), .Dimnames = structure(list(
    c("-1", "-3", "0", "1", "2", NA), c("A", "C", "T", NA)), .Names = c("", 
"")), class = "table"), GM01_SNP1 = structure(c(56L, 2L, 4266L, 
15L, 1L, 70L, 0L, 4834L, 14L, 1L, 4L, 0L, 131L, 1L, 0L), .Dim = c(5L, 
3L), .Dimnames = structure(list(c("-1", "-2", "0", "1", NA), 
    c("A", "G", NA)), .Names = c("", "")), class = "table"), 
    GM07_SNP1 = structure(c(1712L, 50L, 2L, 1785L, 52L, 0L, 69L, 
    264L, 3L, 0L, 2586L, 134L, 3L, 25L, 21L, 1L, 0L, 118L, 4L, 
    0L, 0L), .Dim = c(7L, 3L), .Dimnames = structure(list(c("-1", 
    "-2", "-3", "0", "1", "2", NA), c("A", "G", NA)), .Names = c("", 
    "")), class = "table"), GM09_SNP1 = structure(c(0L, 0L, 17L, 
    0L, 0L, 109L, 1L, 18898L, 22L, 4L, 0L, 0L, 4L, 0L, 0L, 2L, 
    0L, 193L, 0L, 0L), .Dim = 5:4, .Dimnames = structure(list(
        c("-1", "-2", "0", "1", NA), c("A", "G", "T", NA)), .Names = c("", 
    "")), class = "table"), GM11_SNP1 = structure(c(18L, 2L, 
    4917L, 16L, 1L, 1L, 0L, 0L, 6L, 1L, 0L, 0L, 0L, 0L, 1L, 0L, 
    0L, 0L, 0L, 0L, 62L, 1L, 0L, 0L), .Dim = c(6L, 4L), .Dimnames = structure(list(
        c("-1", "-2", "0", "1", "2", NA), c("A", "G", "T", NA
        )), .Names = c("", "")), class = "table"), GM11_SNP2 = structure(c(11L, 
    2L, 2723L, 10L, 0L, 1L, 7L, 0L, 2208L, 8L, 1L, 0L, 0L, 0L, 
    1L, 0L, 0L, 0L, 0L, 0L, 54L, 0L, 0L, 0L), .Dim = c(6L, 4L
    ), .Dimnames = structure(list(c("-1", "-2", "0", "1", "2", 
    NA), c("A", "G", "T", NA)), .Names = c("", "")), class = "table"), 
    GM14_SNP1 = structure(c(0L, 0L, 0L, 3L, 0L, 0L, 0L, 2382L, 
    102L, 4L, 9520L, 62L, 2L, 44L, 0L, 0L, 0L, 7L, 0L, 0L, 0L, 
    3L, 0L, 0L, 161L, 2L, 0L, 0L), .Dim = c(7L, 4L), .Dimnames = structure(list(
        c("-1", "-2", "-3", "0", "1", "2", NA), c("A", "C", "T", 
        NA)), .Names = c("", "")), class = "table"), GM17_SNP1 = structure(c(0L, 
    0L, 1L, 0L, 0L, 37L, 0L, 4785L, 15L, 5L, 80L, 1L, 5136L, 
    21L, 3L, 0L, 0L, 76L, 0L, 0L), .Dim = 5:4, .Dimnames = structure(list(
        c("-1", "-2", "0", "1", NA), c("A", "C", "T", NA)), .Names = c("", 
    "")), class = "table"), GM22_SNP1 = structure(c(126L, 6L, 
    1L, 9627L, 36L, 1L, 8L, 0L, 0L, 0L, 3L, 0L, 0L, 0L, 5L, 0L, 
    0L, 134L, 0L, 0L, 0L), .Dim = c(7L, 3L), .Dimnames = structure(list(
        c("-1", "-2", "-3", "0", "1", "2", NA), c("A", "G", NA
        )), .Names = c("", "")), class = "table"), GM26_SNP1 = structure(c(54L, 
    0L, 1L, 2317L, 6L, 3L, 16L, 1L, 0L, 3041L, 12L, 2L, 2L, 0L, 
    0L, 94L, 0L, 0L), .Dim = c(6L, 3L), .Dimnames = structure(list(
        c("-1", "-2", "-3", "0", "1", NA), c("A", "G", NA)), .Names = c("", 
    "")), class = "table"), GM29_SNP1 = structure(c(1163L, 10L, 
    1L, 1861L, 2L, 6L, 42L, 0L, 0L, 2972L, 2L, 3L, 1L, 0L, 0L, 
    0L, 0L, 0L, 2L, 0L, 0L, 51L, 0L, 0L), .Dim = c(6L, 4L), .Dimnames = structure(list(
        c("-1", "-2", "-3", "0", "1", NA), c("A", "G", "T", NA
        )), .Names = c("", "")), class = "table"), IM16_SNP1 = structure(c(1304L, 
    4L, 6107L, 80L, 1L, 13L, 0L, 0L, 33L, 2L, 0L, 0L, 0L, 0L, 
    3L, 0L, 0L, 0L, 12L, 1L, 83L, 2L, 0L, 0L), .Dim = c(6L, 4L
    ), .Dimnames = structure(list(c("-1", "-2", "0", "1", "2", 
    NA), c("A", "G", "T", NA)), .Names = c("", "")), class = "table"), 
    IM16_SNP2 = structure(c(219L, 2L, 3131L, 39L, 0L, 2L, 1085L, 
    2L, 2985L, 39L, 0L, 9L, 0L, 0L, 1L, 0L, 0L, 0L, 0L, 0L, 2L, 
    0L, 0L, 0L, 12L, 1L, 107L, 6L, 1L, 0L), .Dim = 6:5, .Dimnames = structure(list(
        c("-1", "-2", "0", "1", "2", NA), c("C", "G", "N", "T", 
        NA)), .Names = c("", "")), class = "table"), IM16_SNP3 = structure(c(1313L, 
    5L, 6176L, 84L, 1L, 16L, 0L, 0L, 2L, 0L, 0L, 0L, 3L, 0L, 
    48L, 0L, 0L, 0L), .Dim = c(6L, 3L), .Dimnames = structure(list(
        c("-1", "-2", "0", "1", "2", NA), c("C", "T", NA)), .Names = c("", 
    "")), class = "table"), IM49_SNP1 = structure(c(1L, 0L, 8L, 
    0L, 0L, 0L, 2082L, 88L, 7409L, 198L, 2L, 51L, 38L, 1L, 406L, 
    22L, 0L, 0L), .Dim = c(6L, 3L), .Dimnames = structure(list(
        c("-1", "-2", "0", "1", "2", NA), c("C", "G", NA)), .Names = c("", 
    "")), class = "table"), LR10_SNP1 = structure(c(0L, 0L, 6L, 
    0L, 0L, 142L, 3L, 7484L, 22L, 13L, 3L, 0L, 108L, 4L, 0L), .Dim = c(5L, 
    3L), .Dimnames = structure(list(c("-1", "-2", "0", "1", NA
    ), c("C", "T", NA)), .Names = c("", "")), class = "table"), 
    LR10_SNP2 = structure(c(55L, 2L, 4267L, 11L, 8L, 89L, 1L, 
    3253L, 12L, 6L, 1L, 0L, 78L, 3L, 0L), .Dim = c(5L, 3L), .Dimnames = structure(list(
        c("-1", "-2", "0", "1", NA), c("C", "T", NA)), .Names = c("", 
    "")), class = "table"), LR11_SNP1 = structure(c(0L, 0L, 3L, 
    0L, 0L, 0L, 548L, 10L, 6089L, 43L, 2L, 16L, 0L, 0L, 2L, 0L, 
    0L, 0L, 11L, 0L, 310L, 4L, 0L, 0L), .Dim = c(6L, 4L), .Dimnames = structure(list(
        c("-1", "-2", "0", "1", "2", NA), c("A", "C", "T", NA
        )), .Names = c("", "")), class = "table"), LR11_SNP2 = structure(c(0L, 
    0L, 1L, 0L, 0L, 0L, 0L, 0L, 3L, 0L, 0L, 0L, 552L, 10L, 6166L, 
    43L, 2L, 20L, 0L, 0L, 1L, 0L, 0L, 0L, 7L, 0L, 233L, 4L, 0L, 
    0L), .Dim = 6:5, .Dimnames = structure(list(c("-1", "-2", 
    "0", "1", "2", NA), c("A", "C", "G", "T", NA)), .Names = c("", 
    "")), class = "table"), LR17_SNP1 = structure(c(271L, 1L, 
    1L, 5531L, 61L, 0L, 26L, 0L, 0L, 0L, 3L, 0L, 0L, 0L, 18L, 
    0L, 0L, 466L, 0L, 1L, 0L), .Dim = c(7L, 3L), .Dimnames = structure(list(
        c("-1", "-2", "-3", "0", "1", "2", NA), c("A", "G", NA
        )), .Names = c("", "")), class = "table"), LR17_SNP2 = structure(c(0L, 
    0L, 0L, 1L, 0L, 0L, 0L, 280L, 1L, 1L, 5608L, 58L, 1L, 13L, 
    9L, 0L, 0L, 391L, 3L, 0L, 0L), .Dim = c(7L, 3L), .Dimnames = structure(list(
        c("-1", "-2", "-3", "0", "1", "2", NA), c("A", "G", NA
        )), .Names = c("", "")), class = "table"), LR17_SNP3 = structure(c(0L, 
    0L, 0L, 1L, 0L, 0L, 0L, 90L, 0L, 0L, 2641L, 26L, 0L, 4L, 
    173L, 1L, 1L, 1975L, 20L, 0L, 2L, 26L, 0L, 0L, 1383L, 15L, 
    1L, 0L), .Dim = c(7L, 4L), .Dimnames = structure(list(c("-1", 
    "-2", "-3", "0", "1", "2", NA), c("-", "C", "G", NA)), .Names = c("", 
    "")), class = "table"), LR17_SNP4 = structure(c(0L, 0L, 0L, 
    1L, 0L, 0L, 0L, 193L, 1L, 1L, 2960L, 29L, 1L, 12L, 96L, 0L, 
    0L, 2936L, 30L, 0L, 14L, 0L, 0L, 0L, 103L, 2L, 0L, 0L), .Dim = c(7L, 
    4L), .Dimnames = structure(list(c("-1", "-2", "-3", "0", 
    "1", "2", NA), c("C", "G", "T", NA)), .Names = c("", "")), class = "table"), 
    LR20_SNP1 = structure(c(0L, 4L, 0L, 0L, 10L, 7675L, 14L, 
    2L, 0L, 8L, 0L, 0L, 0L, 1L, 0L, 0L, 2L, 30L, 0L, 0L), .Dim = 4:5, .Dimnames = structure(list(
        c("-1", "0", "1", NA), c("-", "A", "G", "T", NA)), .Names = c("", 
    "")), class = "table"), LR24_SNP1 = structure(c(3739L, 7L, 
    1L, 22025L, 39L, 53L, 0L, 0L, 0L, 16L, 0L, 1L, 0L, 0L, 0L, 
    1L, 0L, 0L, 0L, 0L, 0L, 2L, 0L, 0L, 19L, 0L, 0L, 167L, 2L, 
    0L), .Dim = 6:5, .Dimnames = structure(list(c("-1", "-2", 
    "-3", "0", "1", NA), c("A", "G", "N", "T", NA)), .Names = c("", 
    "")), class = "table"), LR36_SNP1 = structure(c(0L, 0L, 0L, 
    0L, 1L, 0L, 0L, 0L, 0L, 0L, 136L, 7L, 2L, 1L, 4158L, 36L, 
    1L, 0L, 0L, 13L, 0L, 0L, 0L, 0L, 1L, 0L, 0L, 0L, 0L, 0L, 
    1L, 0L, 0L, 0L, 1L, 0L, 0L, 0L, 0L, 0L, 640L, 61L, 3L, 0L, 
    3495L, 28L, 1L, 2L, 17L, 43L, 17L, 3L, 0L, 0L, 287L, 3L, 
    0L, 0L, 2L, 0L), .Dim = c(10L, 6L), .Dimnames = structure(list(
        c("-1", "-2", "-3", "-4", "0", "1", "2", "5", "6", NA
        ), c("-", "A", "C", "G", "T", NA)), .Names = c("", ""
    )), class = "table"), LR40_SNP1 = structure(c(0L, 2L, 0L, 
    0L, 67L, 5015L, 20L, 4L, 1L, 31L, 0L, 0L), .Dim = 4:3, .Dimnames = structure(list(
        c("-1", "0", "1", NA), c("A", "C", NA)), .Names = c("", 
    "")), class = "table"),