Result <-
list(DEPDC2_SNP1 = structure(c(0L, 0L, 4L, 0L, 0L, 40L, 0L, 8130L, 
27L, 19L, 169L, 1L, 8547L, 26L, 31L, 2L, 0L, 243L, 1L, 0L), .Dim = 5:4, .Dimnames = structure(list(
    c("-1", "-2", "0", "1", NA), c("A", "C", "T", NA)), .Names = c("", 
"")), class = "table"), GM01_SNP1 = structure(c(0L, 1L, 0L, 0L, 
0L, 131L, 9775L, 32L, 1L, 16L, 0L, 18L, 0L, 0L, 0L, 0L, 1L, 0L, 
0L, 0L, 7L, 140L, 0L, 0L, 0L), .Dim = c(5L, 5L), .Dimnames = structure(list(
    c("-1", "0", "1", "2", NA), c("-", "A", "G", "T", NA)), .Names = c("", 
"")), class = "table"), GM07_SNP1 = structure(c(0L, 0L, 1L, 0L, 
0L, 188L, 2L, 3399L, 58L, 13L, 150L, 4L, 3076L, 125L, 22L, 0L, 
0L, 1L, 0L, 0L, 0L, 0L, 3L, 0L, 0L, 7L, 0L, 202L, 6L, 0L), .Dim = 5:6, .Dimnames = structure(list(
    c("-1", "-2", "0", "1", NA), c("-", "A", "G", "N", "T", NA
    )), .Names = c("", "")), class = "table"), GM09_SNP1 = structure(c(41L, 
8909L, 15L, 4L, 44L, 7365L, 10L, 0L, 0L, 2L, 0L, 0L, 0L, 168L, 
0L, 0L), .Dim = c(4L, 4L), .Dimnames = structure(list(c("-1", 
"0", "1", NA), c("A", "G", "T", NA)), .Names = c("", "")), class = "table"), 
    GM11_SNP1 = structure(c(13L, 4249L, 13L, 2L, 0L, 5L, 0L, 
    0L, 0L, 53L, 1L, 0L), .Dim = 4:3, .Dimnames = structure(list(
        c("-1", "0", "1", NA), c("A", "G", NA)), .Names = c("", 
    "")), class = "table"), GM11_SNP2 = structure(c(9L, 2054L, 
    8L, 0L, 4L, 2201L, 6L, 2L, 0L, 52L, 0L, 0L), .Dim = 4:3, .Dimnames = structure(list(
        c("-1", "0", "1", NA), c("A", "G", NA)), .Names = c("", 
    "")), class = "table"), GM14_SNP1 = structure(c(0L, 0L, 0L, 
    5L, 0L, 0L, 0L, 149L, 4L, 0L, 4614L, 29L, 0L, 10L, 105L, 
    3L, 1L, 4468L, 25L, 1L, 4L, 0L, 0L, 0L, 145L, 2L, 0L, 0L), .Dim = c(7L, 
    4L), .Dimnames = structure(list(c("-1", "-2", "-4", "0", 
    "1", "2", NA), c("A", "C", "T", NA)), .Names = c("", "")), class = "table"), 
    GM17_SNP1 = structure(c(0L, 0L, 2L, 0L, 0L, 54L, 0L, 4622L, 
    17L, 8L, 73L, 2L, 5202L, 42L, 4L, 3L, 0L, 79L, 1L, 0L), .Dim = 5:4, .Dimnames = structure(list(
        c("-1", "-2", "0", "1", NA), c("A", "C", "T", NA)), .Names = c("", 
    "")), class = "table"), GM22_SNP1 = structure(c(206L, 8L, 
    8793L, 34L, 0L, 15L, 0L, 0L, 1L, 0L, 0L, 0L, 0L, 0L, 1L, 
    0L, 0L, 0L, 2L, 1L, 107L, 0L, 1L, 0L), .Dim = c(6L, 4L), .Dimnames = structure(list(
        c("-1", "-2", "0", "1", "2", NA), c("A", "G", "T", NA
        )), .Names = c("", "")), class = "table"), GM26_SNP1 = structure(c(18L, 
    2L, 2231L, 7L, 1L, 21L, 0L, 2894L, 11L, 1L, 1L, 0L, 86L, 
    0L, 0L), .Dim = c(5L, 3L), .Dimnames = structure(list(c("-1", 
    "-2", "0", "1", NA), c("A", "G", NA)), .Names = c("", "")), class = "table"), 
    GM29_SNP1 = structure(c(71L, 5565L, 11L, 5L, 0L, 2L, 0L, 
    0L, 2L, 37L, 0L, 0L), .Dim = 4:3, .Dimnames = structure(list(
        c("-1", "0", "1", NA), c("A", "G", NA)), .Names = c("", 
    "")), class = "table"), IM16_SNP1 = structure(c(25L, 2646L, 
    61L, 3L, 21L, 3231L, 48L, 3L, 2L, 107L, 8L, 0L), .Dim = 4:3, .Dimnames = structure(list(
        c("-1", "0", "1", NA), c("A", "G", NA)), .Names = c("", 
    "")), class = "table"), IM16_SNP2 = structure(c(0L, 1L, 1L, 
    0L, 47L, 5865L, 114L, 6L, 0L, 1L, 0L, 0L, 1L, 117L, 2L, 0L
    ), .Dim = c(4L, 4L), .Dimnames = structure(list(c("-1", "0", 
    "1", NA), c("A", "C", "G", NA)), .Names = c("", "")), class = "table"), 
    IM16_SNP3 = structure(c(48L, 5932L, 116L, 6L, 0L, 1L, 0L, 
    0L, 0L, 51L, 1L, 0L), .Dim = 4:3, .Dimnames = structure(list(
        c("-1", "0", "1", NA), c("C", "T", NA)), .Names = c("", 
    "")), class = "table"), IM49_SNP1 = structure(c(1L, 0L, 20L, 
    0L, 0L, 1L, 425L, 11L, 14158L, 487L, 5L, 38L, 0L, 0L, 2L, 
    0L, 0L, 0L, 17L, 0L, 851L, 23L, 0L, 0L), .Dim = c(6L, 4L), .Dimnames = structure(list(
        c("-1", "-2", "0", "1", "2", NA), c("C", "G", "T", NA
        )), .Names = c("", "")), class = "table"), LR10_SNP1 = structure(c(0L, 
    0L, 2L, 0L, 0L, 0L, 0L, 6L, 0L, 0L, 84L, 1L, 5577L, 14L, 
    5L, 1L, 0L, 90L, 1L, 0L), .Dim = 5:4, .Dimnames = structure(list(
        c("-1", "-2", "0", "1", NA), c("A", "C", "T", NA)), .Names = c("", 
    "")), class = "table"), LR10_SNP2 = structure(c(85L, 1L, 
    5618L, 15L, 6L, 0L, 0L, 57L, 0L, 0L), .Dim = c(5L, 2L), .Dimnames = structure(list(
        c("-1", "-2", "0", "1", NA), c("C", NA)), .Names = c("", 
    "")), class = "table"), LR11_SNP1 = structure(c(83L, 3L, 
    3849L, 29L, 1L, 8L, 54L, 1L, 2504L, 31L, 0L, 3L, 0L, 0L, 
    2L, 0L, 0L, 0L, 2L, 0L, 135L, 1L, 0L, 0L), .Dim = c(6L, 4L
    ), .Dimnames = structure(list(c("-1", "-2", "0", "1", "2", 
    NA), c("A", "C", "T", NA)), .Names = c("", "")), class = "table"), 
    LR11_SNP2 = structure(c(83L, 3L, 3735L, 27L, 1L, 6L, 53L, 
    1L, 2470L, 30L, 0L, 1L, 0L, 0L, 1L, 0L, 0L, 0L, 3L, 0L, 284L, 
    4L, 0L, 0L), .Dim = c(6L, 4L), .Dimnames = structure(list(
        c("-1", "-2", "0", "1", "2", NA), c("C", "G", "T", NA
        )), .Names = c("", "")), class = "table"), LR17_SNP1 = structure(c(210L, 
    7L, 2L, 6035L, 67L, 1L, 31L, 0L, 0L, 0L, 1L, 0L, 0L, 0L, 
    3L, 0L, 0L, 560L, 3L, 0L, 0L), .Dim = c(7L, 3L), .Dimnames = structure(list(
        c("-1", "-2", "-3", "0", "1", "2", NA), c("A", "G", NA
        )), .Names = c("", "")), class = "table"), LR17_SNP2 = structure(c(0L, 
    0L, 0L, 1L, 0L, 0L, 0L, 0L, 0L, 0L, 1L, 0L, 0L, 0L, 209L, 
    7L, 2L, 6163L, 67L, 1L, 14L, 4L, 0L, 0L, 431L, 3L, 0L, 0L
    ), .Dim = c(7L, 4L), .Dimnames = structure(list(c("-1", "-2", 
    "-3", "0", "1", "2", NA), c("-", "A", "G", NA)), .Names = c("", 
    "")), class = "table"), LR17_SNP3 = structure(c(0L, 0L, 0L, 
    2L, 0L, 0L, 0L, 0L, 0L, 0L, 3L, 0L, 0L, 0L, 189L, 7L, 2L, 
    4218L, 42L, 0L, 8L, 0L, 0L, 0L, 3L, 0L, 0L, 0L, 24L, 0L, 
    0L, 2370L, 28L, 1L, 0L), .Dim = c(7L, 5L), .Dimnames = structure(list(
        c("-1", "-2", "-3", "0", "1", "2", NA), c("A", "C", "G", 
        "T", NA)), .Names = c("", "")), class = "table"), LR17_SNP4 = structure(c(0L, 
    0L, 0L, 1L, 0L, 0L, 0L, 103L, 2L, 0L, 3381L, 38L, 0L, 13L, 
    108L, 5L, 2L, 3074L, 31L, 1L, 15L, 2L, 0L, 0L, 140L, 1L, 
    0L, 0L), .Dim = c(7L, 4L), .Dimnames = structure(list(c("-1", 
    "-2", "-3", "0", "1", "2", NA), c("C", "G", "T", NA)), .Names = c("", 
    "")), class = "table"), LR20_SNP1 = structure(c(7L, 1582L, 
    4L, 0L, 0L, 1L, 0L, 0L, 14L, 5236L, 11L, 2L, 0L, 61L, 0L, 
    0L), .Dim = c(4L, 4L), .Dimnames = structure(list(c("-1", 
    "0", "1", NA), c("A", "C", "G", NA)), .Names = c("", "")), class = "table"), 
    LR24_SNP1 = structure(c(98L, 2L, 15206L, 34L, 1L, 6L, 0L, 
    0L, 213L, 2L, 0L, 1L, 0L, 0L, 1L, 0L, 0L, 0L, 0L, 0L, 2L, 
    0L, 0L, 0L, 4L, 0L, 147L, 0L, 0L, 0L), .Dim = 6:5, .Dimnames = structure(list(
        c("-1", "-2", "0", "1", "2", NA), c("A", "G", "N", "T", 
        NA)), .Names = c("", "")), class = "table"), LR36_SNP1 = structure(c(1L, 
    0L, 0L, 0L, 141L, 0L, 0L, 1L, 0L, 0L, 0L, 0L, 3L, 0L, 0L, 
    0L, 0L, 0L, 0L, 0L, 2L, 0L, 0L, 0L, 0L, 0L, 0L, 0L, 1L, 0L, 
    0L, 0L, 185L, 19L, 1L, 1L, 9384L, 144L, 3L, 38L, 5L, 1L, 
    0L, 0L, 515L, 16L, 0L, 0L), .Dim = c(8L, 6L), .Dimnames = structure(list(
        c("-1", "-2", "-3", "-4", "0", "1", "2", NA), c("A", 
        "C", "G", "N", "T", NA)), .Names = c("", "")), class = "table"), 
    LR40_SNP1 = structure(c(19L, 2504L, 11L, 0L, 20L, 2283L, 
    5L, 3L, 0L, 1L, 0L, 0L, 0L, 46L, 0L, 0L), .Dim = c(4L, 4L
    ), .Dimnames = structure(list(c("-1", "0", "1", NA), c("A", 
    "C", "T", NA)), .Names = c("", "")), class = "table"), LR44_SNP1 = structure(c(0L, 
    0L, 0L, 1L, 0L, 0L, 0L, 992L, 41L, 4L, 10434L, 141L, 1L, 
    38L, 0L, 0L, 0L, 1L, 0L, 0L, 0L, 0L, 0L, 0L, 2L, 0L, 0L, 
    0L, 0L, 0L, 0L, 6L, 0L, 0L, 0L, 17L, 3L, 0L, 517L, 10L, 1L, 
    0L), .Dim = 7:6, .Dimnames = structure(list(c("-1", "-2", 
    "-3", "0", "1", "2", NA), c("A", "C", "G", "N", "T", NA)), .Names = c("", 
    "")), class = "table"),