Result <-
list(DEPDC2_SNP1 = structure(c(0L, 3L, 0L, 0L, 0L, 0L, 31L, 2800L, 
839L, 436L, 2L, 5260L, 225L, 14226L, 75L, 0L, 0L, 91L, 3L, 594L, 
16L, 16L, 0L, 0L), .Dim = c(6L, 4L), .Dimnames = structure(list(
    c("-1", "0", "1", "2", "3", NA), c("A", "C", "T", NA)), .Names = c("", 
"")), class = "table"), GM01_SNP1 = structure(c(104L, 6160L, 
23L, 8L, 102L, 5451L, 19L, 5L, 5L, 170L, 1L, 0L), .Dim = 4:3, .Dimnames = structure(list(
    c("-1", "0", "1", NA), c("A", "G", NA)), .Names = c("", ""
)), class = "table"), GM07_SNP1 = structure(c(0L, 1L, 0L, 0L, 
0L, 0L, 0L, 3411L, 68L, 1L, 873L, 15L, 0L, 115L, 107L, 3451L, 
14L, 1512L, 38L, 2L, 90L, 0L, 0L, 0L, 1L, 0L, 0L, 0L, 20L, 40L, 
0L, 68L, 2L, 0L, 0L), .Dim = c(7L, 5L), .Dimnames = structure(list(
    c("-1", "-2", "-3", "0", "1", "2", NA), c("-", "A", "G", 
    "N", NA)), .Names = c("", "")), class = "table"), GM09_SNP1 = structure(c(0L, 
0L, 22L, 0L, 0L, 7424L, 32L, 15102L, 19L, 80L, 38L, 0L, 169L, 
0L, 0L), .Dim = c(5L, 3L), .Dimnames = structure(list(c("-1", 
"-2", "0", "1", NA), c("A", "G", NA)), .Names = c("", "")), class = "table"), 
    GM11_SNP1 = structure(c(0L, 0L, 1L, 0L, 0L, 79L, 0L, 4030L, 
    47L, 3L, 135L, 1L, 4011L, 51L, 1L, 0L, 0L, 1L, 0L, 0L, 0L, 
    0L, 89L, 3L, 0L), .Dim = c(5L, 5L), .Dimnames = structure(list(
        c("-1", "-3", "0", "1", NA), c("-", "A", "G", "N", NA
        )), .Names = c("", "")), class = "table"), GM11_SNP2 = structure(c(214L, 
    1L, 8054L, 98L, 5L, 0L, 0L, 1L, 0L, 0L, 0L, 0L, 1L, 0L, 0L, 
    0L, 0L, 2L, 0L, 0L, 0L, 0L, 74L, 3L, 0L), .Dim = c(5L, 5L
    ), .Dimnames = structure(list(c("-1", "-3", "0", "1", NA), 
        c("A", "G", "N", "T", NA)), .Names = c("", "")), class = "table"), 
    GM14_SNP1 = structure(c(0L, 0L, 0L, 2L, 0L, 0L, 0L, 200L, 
    6L, 2L, 5098L, 82L, 3L, 25L, 284L, 6L, 0L, 6043L, 25L, 0L, 
    10L, 0L, 0L, 0L, 188L, 0L, 0L, 0L), .Dim = c(7L, 4L), .Dimnames = structure(list(
        c("-1", "-2", "-3", "0", "1", "2", NA), c("A", "C", "T", 
        NA)), .Names = c("", "")), class = "table"), GM17_SNP1 = structure(c(224L, 
    1L, 14376L, 33L, 14L, 1L, 0L, 13L, 0L, 0L, 2L, 0L, 113L, 
    0L, 0L), .Dim = c(5L, 3L), .Dimnames = structure(list(c("-1", 
    "-2", "0", "1", NA), c("C", "T", NA)), .Names = c("", "")), class = "table"), 
    GM22_SNP1 = structure(c(113L, 0L, 0L, 5836L, 16L, 14L, 67L, 
    2L, 1L, 4995L, 18L, 5L, 0L, 0L, 0L, 1L, 0L, 0L, 9L, 1L, 0L, 
    200L, 2L, 0L), .Dim = c(6L, 4L), .Dimnames = structure(list(
        c("-1", "-2", "-3", "0", "1", NA), c("A", "G", "T", NA
        )), .Names = c("", "")), class = "table"), GM26_SNP1 = structure(c(204L, 
    3L, 7712L, 22L, 8L, 3L, 0L, 69L, 0L, 0L), .Dim = c(5L, 2L
    ), .Dimnames = structure(list(c("-1", "-2", "0", "1", NA), 
        c("A", NA)), .Names = c("", "")), class = "table"), GM29_SNP1 = structure(c(0L, 
    0L, 0L, 1L, 0L, 0L, 137L, 4L, 1L, 6931L, 28L, 3L, 0L, 0L, 
    0L, 3L, 0L, 0L, 0L, 0L, 0L, 1L, 0L, 0L, 1L, 0L, 0L, 62L, 
    0L, 0L), .Dim = 6:5, .Dimnames = structure(list(c("-1", "-2", 
    "-3", "0", "1", NA), c("-", "A", "G", "T", NA)), .Names = c("", 
    "")), class = "table"), IM16_SNP1 = structure(c(78L, 1L, 
    4251L, 117L, 2L, 7L, 2600L, 10L, 2068L, 22L, 0L, 19L, 13L, 
    0L, 99L, 12L, 0L, 0L), .Dim = c(6L, 3L), .Dimnames = structure(list(
        c("-1", "-2", "0", "1", "2", NA), c("A", "G", NA)), .Names = c("", 
    "")), class = "table"), IM16_SNP2 = structure(c(0L, 0L, 1L, 
    0L, 0L, 0L, 2670L, 11L, 6280L, 146L, 2L, 20L, 0L, 0L, 1L, 
    0L, 0L, 0L, 0L, 0L, 1L, 0L, 0L, 0L, 0L, 0L, 1L, 0L, 0L, 0L, 
    21L, 0L, 134L, 5L, 0L, 0L), .Dim = c(6L, 6L), .Dimnames = structure(list(
        c("-1", "-2", "0", "1", "2", NA), c("A", "C", "G", "N", 
        "T", NA)), .Names = c("", "")), class = "table"), IM16_SNP3 = structure(c(2673L, 
    11L, 6361L, 148L, 2L, 29L, 0L, 0L, 2L, 0L, 0L, 0L, 18L, 0L, 
    55L, 3L, 0L, 0L), .Dim = c(6L, 3L), .Dimnames = structure(list(
        c("-1", "-2", "0", "1", "2", NA), c("C", "T", NA)), .Names = c("", 
    "")), class = "table"), IM49_SNP1 = structure(c(1L, 0L, 0L, 
    0L, 0L, 0L, 0L, 210L, 4L, 0L, 5228L, 124L, 1L, 10L, 3717L, 
    119L, 2L, 1245L, 18L, 0L, 67L, 74L, 0L, 1L, 229L, 6L, 0L, 
    0L), .Dim = c(7L, 4L), .Dimnames = structure(list(c("-1", 
    "-2", "-3", "0", "1", "2", NA), c("A", "C", "G", NA)), .Names = c("", 
    "")), class = "table"), LR10_SNP1 = structure(c(0L, 0L, 0L, 
    2L, 0L, 0L, 0L, 0L, 0L, 5L, 0L, 0L, 2592L, 21L, 1L, 9098L, 
    30L, 35L, 10L, 0L, 0L, 147L, 3L, 0L), .Dim = c(6L, 4L), .Dimnames = structure(list(
        c("-1", "-2", "-3", "0", "1", NA), c("A", "C", "T", NA
        )), .Names = c("", "")), class = "table"), LR10_SNP2 = structure(c(0L, 
    0L, 0L, 1L, 0L, 0L, 2508L, 21L, 1L, 2982L, 11L, 32L, 89L, 
    0L, 0L, 6178L, 21L, 4L, 5L, 0L, 0L, 91L, 1L, 0L), .Dim = c(6L, 
    4L), .Dimnames = structure(list(c("-1", "-2", "-3", "0", 
    "1", NA), c("A", "C", "T", NA)), .Names = c("", "")), class = "table"), 
    LR11_SNP1 = structure(c(1L, 0L, 0L, 0L, 0L, 0L, 0L, 3570L, 
    40L, 1L, 6287L, 60L, 2L, 86L, 0L, 0L, 0L, 2L, 0L, 0L, 0L, 
    1L, 0L, 0L, 1L, 0L, 0L, 0L, 0L, 0L, 0L, 1L, 0L, 0L, 0L, 28L, 
    0L, 0L, 77L, 1L, 0L, 0L), .Dim = 7:6, .Dimnames = structure(list(
        c("-1", "-2", "-3", "0", "1", "2", NA), c("-", "A", "C", 
        "G", "T", NA)), .Names = c("", "")), class = "table"), 
    LR11_SNP2 = structure(c(1L, 0L, 0L, 1L, 0L, 0L, 0L, 0L, 0L, 
    0L, 1L, 0L, 0L, 0L, 3531L, 38L, 1L, 6132L, 60L, 2L, 80L, 
    0L, 0L, 0L, 2L, 0L, 0L, 0L, 68L, 2L, 0L, 232L, 1L, 0L, 0L
    ), .Dim = c(7L, 5L), .Dimnames = structure(list(c("-1", "-2", 
    "-3", "0", "1", "2", NA), c("-", "A", "C", "G", NA)), .Names = c("", 
    "")), class = "table"), LR17_SNP1 = structure(c(943L, 18L, 
    4684L, 52L, 32L, 0L, 0L, 2L, 0L, 0L, 31L, 1L, 414L, 0L, 0L
    ), .Dim = c(5L, 3L), .Dimnames = structure(list(c("-1", "-2", 
    "0", "1", NA), c("A", "G", NA)), .Names = c("", "")), class = "table"), 
    LR17_SNP2 = structure(c(0L, 0L, 1L, 0L, 0L, 961L, 19L, 4733L, 
    50L, 15L, 13L, 0L, 366L, 2L, 0L), .Dim = c(5L, 3L), .Dimnames = structure(list(
        c("-1", "-2", "0", "1", NA), c("A", "G", NA)), .Names = c("", 
    "")), class = "table"), LR17_SNP3 = structure(c(0L, 0L, 1L, 
    0L, 0L, 109L, 1L, 2424L, 22L, 4L, 794L, 16L, 1552L, 16L, 
    11L, 0L, 0L, 1L, 0L, 0L, 71L, 2L, 1122L, 14L, 0L), .Dim = c(5L, 
    5L), .Dimnames = structure(list(c("-1", "-2", "0", "1", NA
    ), c("-", "C", "G", "T", NA)), .Names = c("", "")), class = "table"), 
    LR17_SNP4 = structure(c(0L, 0L, 1L, 0L, 0L, 0L, 0L, 1L, 0L, 
    0L, 856L, 18L, 2340L, 25L, 24L, 113L, 1L, 2652L, 26L, 14L, 
    5L, 0L, 106L, 1L, 0L), .Dim = c(5L, 5L), .Dimnames = structure(list(
        c("-1", "-2", "0", "1", NA), c("A", "C", "G", "T", NA
        )), .Names = c("", "")), class = "table"), LR20_SNP1 = structure(c(73L, 
    4497L, 4L, 0L, 9L, 5057L, 7L, 1L, 0L, 1L, 0L, 0L, 1L, 72L, 
    1L, 0L), .Dim = c(4L, 4L), .Dimnames = structure(list(c("-1", 
    "0", "1", NA), c("A", "G", "T", NA)), .Names = c("", "")), class = "table"), 
    LR24_SNP1 = structure(c(236L, 4L, 1L, 17300L, 32L, 17L, 0L, 
    0L, 0L, 1L, 0L, 0L, 7859L, 7L, 0L, 2496L, 1L, 94L, 0L, 0L, 
    0L, 2L, 0L, 0L, 0L, 0L, 0L, 2L, 0L, 0L, 45L, 2L, 0L, 173L, 
    0L, 0L), .Dim = c(6L, 6L), .Dimnames = structure(list(c("-1", 
    "-2", "-3", "0", "1", NA), c("A", "C", "G", "N", "T", NA)), .Names = c("", 
    "")), class = "table"), LR36_SNP1 = structure(c(1L, 0L, 0L, 
    0L, 0L, 0L, 0L, 0L, 3816L, 153L, 6L, 1L, 1615L, 15L, 1L, 
    129L, 0L, 0L, 0L, 0L, 5L, 0L, 0L, 0L, 0L, 0L, 0L, 0L, 1L, 
    0L, 0L, 0L, 294L, 9L, 1L, 1L, 6022L, 55L, 2L, 30L, 26L, 0L, 
    0L, 0L, 386L, 3L, 0L, 0L), .Dim = c(8L, 6L), .Dimnames = structure(list(
        c("-1", "-2", "-3", "-4", "0", "1", "2", NA), c("-", 
        "A", "G", "N", "T", NA)), .Names = c("", "")), class = "table"), 
    LR40_SNP1 = structure(c(139L, 3L, 8733L, 31L, 7L, 0L, 0L, 
    2L, 0L, 0L, 1L, 0L, 65L, 1L, 0L),