Result <-
list(DEPDC2_SNP1 = structure(c(0L, 0L, 3L, 0L, 0L, 185L, 1L, 
19255L, 85L, 100L, 0L, 0L, 28L, 0L, 0L, 2L, 0L, 436L, 1L, 0L), .Dim = 5:4, .Dimnames = structure(list(
    c("-1", "-3", "0", "1", NA), c("A", "C", "T", NA)), .Names = c("", 
"")), class = "table"), GM01_SNP1 = structure(c(0L, 22L, 0L, 
0L, 0L, 742L, 4950L, 24L, 1L, 15L, 3L, 75L, 1L, 0L, 0L), .Dim = c(5L, 
3L), .Dimnames = structure(list(c("-1", "0", "1", "2", NA), c("A", 
"G", NA)), .Names = c("", "")), class = "table"), GM07_SNP1 = structure(c(1L, 
0L, 1L, 1L, 0L, 0L, 0L, 3350L, 77L, 3261L, 3165L, 216L, 6L, 480L, 
1L, 0L, 10L, 0L, 0L, 0L, 1L, 1L, 0L, 0L, 1L, 0L, 0L, 0L, 1L, 
0L, 1L, 1L, 0L, 0L, 0L, 25L, 4L, 157L, 45L, 6L, 0L, 0L), .Dim = 7:6, .Dimnames = structure(list(
    c("-1", "-2", "0", "1", "2", "3", NA), c("-", "A", "G", "N", 
    "T", NA)), .Names = c("", "")), class = "table"), GM09_SNP1 = structure(c(127L, 
1L, 17980L, 58L, 6L, 2L, 0L, 122L, 0L, 0L, 0L, 0L, 1L, 0L, 0L, 
0L, 0L, 162L, 0L, 0L), .Dim = 5:4, .Dimnames = structure(list(
    c("-1", "-2", "0", "1", NA), c("A", "G", "T", NA)), .Names = c("", 
"")), class = "table"), GM11_SNP1 = structure(c(901L, 2L, 2177L, 
11L, 4L, 34L, 1L, 2976L, 16L, 5L, 3L, 0L, 60L, 1L, 0L), .Dim = c(5L, 
3L), .Dimnames = structure(list(c("-1", "-2", "0", "1", NA), 
    c("A", "G", NA)), .Names = c("", "")), class = "table"), 
    GM11_SNP2 = structure(c(931L, 3L, 5156L, 28L, 8L, 7L, 0L, 
    57L, 0L, 0L), .Dim = c(5L, 2L), .Dimnames = structure(list(
        c("-1", "-2", "0", "1", NA), c("A", NA)), .Names = c("", 
    "")), class = "table"), GM14_SNP1 = structure(c(0L, 0L, 0L, 
    0L, 0L, 0L, 1L, 123L, 2L, 0L, 3939L, 32L, 2L, 4L, 2934L, 
    294L, 2L, 1298L, 6L, 0L, 22L, 18L, 1L, 1L, 98L, 0L, 0L, 0L
    ), .Dim = c(7L, 4L), .Dimnames = structure(list(c("-1", "-2", 
    "-3", "0", "1", "2", NA), c("-", "C", "T", NA)), .Names = c("", 
    "")), class = "table"), GM17_SNP1 = structure(c(0L, 0L, 1L, 
    0L, 0L, 107L, 2L, 9978L, 82L, 13L, 0L, 0L, 5L, 0L, 0L, 2L, 
    0L, 95L, 0L, 0L), .Dim = 5:4, .Dimnames = structure(list(
        c("-1", "-2", "0", "1", NA), c("A", "C", "T", NA)), .Names = c("", 
    "")), class = "table"), GM22_SNP1 = structure(c(59L, 3L, 
    3961L, 20L, 1L, 11L, 50L, 1L, 4230L, 17L, 0L, 9L, 5L, 0L, 
    170L, 1L, 0L, 0L), .Dim = c(6L, 3L), .Dimnames = structure(list(
        c("-1", "-2", "0", "1", "2", NA), c("A", "G", NA)), .Names = c("", 
    "")), class = "table"), GM26_SNP1 = structure(c(453L, 1L, 
    8326L, 22L, 14L, 0L, 0L, 3L, 0L, 0L, 0L, 0L, 1L, 0L, 0L, 
    2L, 0L, 68L, 1L, 0L), .Dim = 5:4, .Dimnames = structure(list(
        c("-1", "-2", "0", "1", NA), c("A", "G", "T", NA)), .Names = c("", 
    "")), class = "table"), GM29_SNP1 = structure(c(102L, 2L, 
    1L, 5952L, 16L, 3L, 0L, 0L, 0L, 4L, 0L, 0L, 0L, 0L, 0L, 59L, 
    0L, 0L), .Dim = c(6L, 3L), .Dimnames = structure(list(c("-1", 
    "-2", "-3", "0", "1", NA), c("A", "G", NA)), .Names = c("", 
    "")), class = "table"), IM16_SNP1 = structure(c(12L, 2463L, 
    40L, 3L, 2L, 0L, 2L, 0L, 0L, 0L, 39L, 3166L, 72L, 0L, 2L, 
    0L, 1L, 0L, 0L, 0L, 0L, 78L, 3L, 0L, 0L), .Dim = c(5L, 5L
    ), .Dimnames = structure(list(c("-1", "0", "1", "2", NA), 
        c("A", "C", "G", "T", NA)), .Names = c("", "")), class = "table"), 
    IM16_SNP2 = structure(c(39L, 3147L, 71L, 0L, 4L, 11L, 2447L, 
    41L, 3L, 2L, 0L, 1L, 0L, 0L, 0L, 0L, 1L, 0L, 0L, 0L, 1L, 
    114L, 3L, 0L, 0L), .Dim = c(5L, 5L), .Dimnames = structure(list(
        c("-1", "0", "1", "2", NA), c("C", "G", "N", "T", NA)), .Names = c("", 
    "")), class = "table"), IM16_SNP3 = structure(c(50L, 5670L, 
    115L, 3L, 12L, 1L, 40L, 0L, 0L, 0L), .Dim = c(5L, 2L), .Dimnames = structure(list(
        c("-1", "0", "1", "2", NA), c("C", NA)), .Names = c("", 
    "")), class = "table"), IM49_SNP1 = structure(c(0L, 0L, 0L, 
    1L, 0L, 0L, 0L, 0L, 0L, 6L, 0L, 0L, 4004L, 1359L, 13L, 1700L, 
    52L, 98L, 104L, 11L, 0L, 127L, 5L, 0L), .Dim = c(6L, 4L), .Dimnames = structure(list(
        c("-1", "-2", "-3", "0", "1", NA), c("A", "C", "G", NA
        )), .Names = c("", "")), class = "table"), LR10_SNP1 = structure(c(0L, 
    0L, 0L, 3L, 0L, 0L, 0L, 200L, 3L, 0L, 4508L, 58L, 1L, 17L, 
    1L, 0L, 0L, 1L, 0L, 0L, 0L, 256L, 1L, 1L, 4110L, 16L, 0L, 
    9L, 0L, 0L, 0L, 111L, 1L, 0L, 0L), .Dim = c(7L, 5L), .Dimnames = structure(list(
        c("-1", "-2", "-3", "0", "1", "2", NA), c("A", "C", "G", 
        "T", NA)), .Names = c("", "")), class = "table"), LR10_SNP2 = structure(c(0L, 
    0L, 0L, 1L, 0L, 0L, 0L, 200L, 3L, 0L, 4469L, 56L, 1L, 13L, 
    256L, 1L, 1L, 4117L, 16L, 0L, 8L, 1L, 0L, 0L, 146L, 3L, 0L, 
    0L), .Dim = c(7L, 4L), .Dimnames = structure(list(c("-1", 
    "-2", "-3", "0", "1", "2", NA), c("A", "C", "T", NA)), .Names = c("", 
    "")), class = "table"), LR11_SNP1 = structure(c(0L, 0L, 6L, 
    0L, 0L, 0L, 2095L, 42L, 3431L, 21L, 2L, 49L, 0L, 0L, 3L, 
    0L, 0L, 0L, 31L, 1L, 141L, 1L, 0L, 0L), .Dim = c(6L, 4L), .Dimnames = structure(list(
        c("-1", "-2", "0", "1", "2", NA), c("A", "C", "T", NA
        )), .Names = c("", "")), class = "table"), LR11_SNP2 = structure(c(0L, 
    0L, 1L, 0L, 0L, 0L, 0L, 0L, 6L, 0L, 0L, 0L, 2097L, 43L, 3404L, 
    20L, 2L, 48L, 29L, 0L, 170L, 2L, 0L, 0L), .Dim = c(6L, 4L
    ), .Dimnames = structure(list(c("-1", "-2", "0", "1", "2", 
    NA), c("A", "C", "G", NA)), .Names = c("", "")), class = "table"), 
    LR17_SNP1 = structure(c(598L, 10L, 2424L, 33L, 24L, 0L, 0L, 
    2L, 0L, 0L, 53L, 0L, 253L, 0L, 0L), .Dim = c(5L, 3L), .Dimnames = structure(list(
        c("-1", "-2", "0", "1", NA), c("A", "G", NA)), .Names = c("", 
    "")), class = "table"), LR17_SNP2 = structure(c(0L, 0L, 1L, 
    0L, 0L, 626L, 10L, 2515L, 29L, 13L, 25L, 0L, 163L, 4L, 0L
    ), .Dim = c(5L, 3L), .Dimnames = structure(list(c("-1", "-2", 
    "0", "1", NA), c("A", "G", NA)), .Names = c("", "")), class = "table"), 
    LR17_SNP3 = structure(c(0L, 0L, 2L, 0L, 0L, 597L, 9L, 1740L, 
    18L, 16L, 54L, 1L, 937L, 15L, 0L), .Dim = c(5L, 3L), .Dimnames = structure(list(
        c("-1", "-2", "0", "1", NA), c("C", "G", NA)), .Names = c("", 
    "")), class = "table"), LR17_SNP4 = structure(c(647L, 9L, 
    2599L, 33L, 26L, 0L, 0L, 6L, 0L, 0L, 4L, 1L, 74L, 0L, 0L), .Dim = c(5L, 
    3L), .Dimnames = structure(list(c("-1", "-2", "0", "1", NA
    ), c("G", "T", NA)), .Names = c("", "")), class = "table"), 
    LR20_SNP1 = structure(c(2L, 0L, 0L, 0L, 0L, 2616L, 2L, 4611L, 
    3L, 21L, 0L, 0L, 4L, 0L, 0L, 4L, 0L, 20L, 0L, 0L), .Dim = 5:4, .Dimnames = structure(list(
        c("-1", "-2", "0", "1", NA), c("-", "A", "G", NA)), .Names = c("", 
    "")), class = "table"), LR24_SNP1 = structure(c(697L, 2L, 
    23792L, 58L, 1L, 17L, 0L, 0L, 2L, 0L, 0L, 0L, 0L, 0L, 22L, 
    0L, 0L, 0L, 0L, 0L, 1L, 0L, 0L, 0L, 6L, 0L, 214L, 0L, 0L, 
    0L), .Dim = 6:5, .Dimnames = structure(list(c("-1", "-2", 
    "0", "1", "2", NA), c("A", "C", "G", "T", NA)), .Names = c("", 
    "")), class = "table"), LR36_SNP1 = structure(c(0L, 1L, 0L, 
    0L, 0L, 6L, 0L, 0L, 0L, 0L, 0L, 1L, 0L, 0L, 1L, 0L, 0L, 0L, 
    0L, 0L, 0L, 0L, 0L, 1L, 0L, 0L, 0L, 0L, 0L, 0L, 0L, 0L, 1L, 
    0L, 0L, 0L, 491L, 2089L, 179L, 3L, 1L, 4517L, 37L, 1L, 67L, 
    18L, 39L, 1L, 0L, 0L, 251L, 4L, 0L, 0L), .Dim = c(9L, 6L), .Dimnames = structure(list(
        c("-1", "-2", "-3", "-4", "-5", "0", "1", "2", NA), c("A", 
        "C", "G", "N", "T", NA)), .Names = c("", "")), class = "table"), 
    LR40_SNP1 = structure(c(29L, 2425L, 9L, 0L, 1L, 37L, 2498L, 
    9L, 1L, 6L, 1L, 24L, 0L, 0L, 0L), .Dim = c(5L, 3L), .Dimnames = structure(list(
        c("-1", "0", "1", "2", NA), c("A", "C", NA)), .Names = c("", 
    "")), class = "table"), LR44_SNP1 = structure(c(2L, 0L, 0L, 
    0L, 0L, 0L, 0L, 9355L, 587L, 12L, 1L, 182L, 4L, 110L, 5L, 
    0L, 0L, 0L, 0L, 0L, 2L, 62L, 5L, 0L, 0L, 5L, 0L, 0L, 112L, 
    9L, 0L, 0L, 26L, 0L, 0L), .Dim = c(7L, 5L), .Dimnames = structure(list(
        c("-1", "-2", "-3", "-4", "0", "1", NA), c("A", "C", 
        "N", "T", NA)),