Result <-
list(DEPDC2_SNP1 = structure(c(0L, 0L, 1L, 0L, 0L, 48L, 1L, 8842L, 
12L, 18L, 0L, 0L, 1L, 0L, 0L, 400L, 1L, 6727L, 47L, 45L, 4L, 
0L, 325L, 1L, 0L), .Dim = c(5L, 5L), .Dimnames = structure(list(
    c("-1", "-2", "0", "1", NA), c("A", "C", "G", "T", NA)), .Names = c("", 
"")), class = "table"), GM01_SNP1 = structure(c(86L, 1L, 3069L, 
5L, 4L, 87L, 0L, 4799L, 10L, 8L, 1L, 0L, 109L, 4L, 0L), .Dim = c(5L, 
3L), .Dimnames = structure(list(c("-1", "-2", "0", "1", NA), 
    c("A", "G", NA)), .Names = c("", "")), class = "table"), 
    GM07_SNP1 = structure(c(451L, 8L, 2380L, 64L, 0L, 27L, 748L, 
    17L, 2783L, 38L, 2L, 33L, 0L, 0L, 1L, 0L, 0L, 0L, 0L, 0L, 
    2L, 0L, 0L, 0L, 10L, 2L, 144L, 2L, 0L, 0L), .Dim = 6:5, .Dimnames = structure(list(
        c("-1", "-2", "0", "1", "2", NA), c("A", "G", "N", "T", 
        NA)), .Names = c("", "")), class = "table"), GM09_SNP1 = structure(c(72L, 
    7421L, 18L, 1L, 0L, 1L, 0L, 0L, 31L, 7221L, 4L, 1L, 0L, 2L, 
    0L, 0L, 0L, 158L, 2L, 0L), .Dim = 4:5, .Dimnames = structure(list(
        c("-1", "0", "1", NA), c("A", "C", "G", "T", NA)), .Names = c("", 
    "")), class = "table"), GM11_SNP1 = structure(c(10L, 4468L, 
    19L, 1L, 0L, 39L, 1L, 0L, 0L, 51L, 2L, 0L), .Dim = 4:3, .Dimnames = structure(list(
        c("-1", "0", "1", NA), c("A", "G", NA)), .Names = c("", 
    "")), class = "table"), GM11_SNP2 = structure(c(4L, 2614L, 
    7L, 2L, 6L, 1886L, 13L, 1L, 0L, 58L, 2L, 0L), .Dim = 4:3, .Dimnames = structure(list(
        c("-1", "0", "1", NA), c("A", "G", NA)), .Names = c("", 
    "")), class = "table"), GM14_SNP1 = structure(c(417L, 9L, 
    3107L, 26L, 1L, 12L, 352L, 7L, 3774L, 12L, 0L, 6L, 6L, 0L, 
    137L, 0L, 0L, 0L), .Dim = c(6L, 3L), .Dimnames = structure(list(
        c("-1", "-2", "0", "1", "4", NA), c("C", "T", NA)), .Names = c("", 
    "")), class = "table"), GM17_SNP1 = structure(c(0L, 0L, 2L, 
    0L, 0L, 0L, 36L, 1L, 4738L, 11L, 1L, 5L, 103L, 1L, 3833L, 
    5L, 0L, 7L, 3L, 0L, 89L, 0L, 0L, 0L), .Dim = c(6L, 4L), .Dimnames = structure(list(
        c("-1", "-2", "0", "1", "2", NA), c("A", "C", "T", NA
        )), .Names = c("", "")), class = "table"), GM22_SNP1 = structure(c(573L, 
    5L, 2837L, 10L, 0L, 10L, 41L, 1L, 2916L, 21L, 1L, 4L, 7L, 
    0L, 148L, 4L, 0L, 0L), .Dim = c(6L, 3L), .Dimnames = structure(list(
        c("-1", "-2", "0", "1", "2", NA), c("A", "G", NA)), .Names = c("", 
    "")), class = "table"), GM26_SNP1 = structure(c(8L, 1L, 0L, 
    2351L, 10L, 2L, 238L, 1L, 1L, 1911L, 7L, 6L, 4L, 1L, 0L, 
    83L, 0L, 0L), .Dim = c(6L, 3L), .Dimnames = structure(list(
        c("-1", "-2", "-3", "0", "1", NA), c("A", "G", NA)), .Names = c("", 
    "")), class = "table"), GM29_SNP1 = structure(c(110L, 1L, 
    2638L, 7L, 3L, 21L, 0L, 1732L, 4L, 2L, 1L, 0L, 35L, 1L, 0L
    ), .Dim = c(5L, 3L), .Dimnames = structure(list(c("-1", "-2", 
    "0", "1", NA), c("A", "G", NA)), .Names = c("", "")), class = "table"), 
    IM16_SNP1 = structure(c(0L, 0L, 1L, 0L, 0L, 0L, 311L, 1L, 
    5617L, 164L, 1L, 5L, 0L, 0L, 27L, 0L, 0L, 0L, 0L, 0L, 1L, 
    0L, 0L, 0L, 2L, 0L, 85L, 6L, 1L, 0L), .Dim = 6:5, .Dimnames = structure(list(
        c("-1", "-2", "0", "1", "2", NA), c("-", "A", "G", "T", 
        NA)), .Names = c("", "")), class = "table"), IM16_SNP2 = structure(c(36L, 
    1L, 3329L, 139L, 2L, 6L, 277L, 0L, 2280L, 25L, 0L, 0L, 0L, 
    0L, 1L, 0L, 0L, 0L, 0L, 0L, 1L, 0L, 0L, 0L, 0L, 0L, 120L, 
    6L, 0L, 0L), .Dim = 6:5, .Dimnames = structure(list(c("-1", 
    "-2", "0", "1", "2", NA), c("C", "G", "N", "T", NA)), .Names = c("", 
    "")), class = "table"), IM16_SNP3 = structure(c(312L, 1L, 
    5676L, 169L, 2L, 11L, 0L, 0L, 1L, 0L, 0L, 0L, 0L, 0L, 2L, 
    0L, 0L, 0L, 1L, 0L, 52L, 1L, 0L, 0L), .Dim = c(6L, 4L), .Dimnames = structure(list(
        c("-1", "-2", "0", "1", "2", NA), c("C", "G", "T", NA
        )), .Names = c("", "")), class = "table"), IM49_SNP1 = structure(c(0L, 
    0L, 0L, 1L, 0L, 0L, 0L, 295L, 6L, 0L, 5478L, 91L, 1L, 20L, 
    465L, 4L, 1L, 5616L, 142L, 1L, 18L, 9L, 1L, 0L, 520L, 21L, 
    0L, 0L), .Dim = c(7L, 4L), .Dimnames = structure(list(c("-1", 
    "-2", "-3", "0", "1", "2", NA), c("A", "C", "G", NA)), .Names = c("", 
    "")), class = "table"), LR10_SNP1 = structure(c(0L, 0L, 1L, 
    0L, 0L, 0L, 902L, 6L, 4347L, 71L, 1L, 23L, 0L, 0L, 1L, 0L, 
    0L, 0L, 1L, 0L, 13L, 0L, 0L, 0L, 3L, 1L, 51L, 1L, 0L, 0L), .Dim = 6:5, .Dimnames = structure(list(
        c("-1", "-2", "0", "1", "2", NA), c("-", "C", "G", "T", 
        NA)), .Names = c("", "")), class = "table"), LR10_SNP2 = structure(c(903L, 
    7L, 4347L, 68L, 0L, 21L, 0L, 0L, 4L, 0L, 0L, 0L, 3L, 0L, 
    62L, 4L, 1L, 0L), .Dim = c(6L, 3L), .Dimnames = structure(list(
        c("-1", "-2", "0", "1", "2", NA), c("C", "T", NA)), .Names = c("", 
    "")), class = "table"), LR11_SNP1 = structure(c(0L, 0L, 0L, 
    3L, 0L, 0L, 434L, 3L, 1L, 5685L, 37L, 7L, 1L, 0L, 0L, 1L, 
    0L, 0L, 8L, 0L, 0L, 232L, 1L, 0L), .Dim = c(6L, 4L), .Dimnames = structure(list(
        c("-1", "-2", "-3", "0", "1", NA), c("A", "C", "T", NA
        )), .Names = c("", "")), class = "table"), LR11_SNP2 = structure(c(0L, 
    0L, 0L, 4L, 0L, 0L, 435L, 3L, 1L, 5680L, 36L, 6L, 8L, 0L, 
    0L, 237L, 2L, 0L), .Dim = c(6L, 3L), .Dimnames = structure(list(
        c("-1", "-2", "-3", "0", "1", NA), c("C", "G", NA)), .Names = c("", 
    "")), class = "table"), LR17_SNP1 = structure(c(414L, 15L, 
    4837L, 57L, 3L, 24L, 0L, 0L, 4L, 0L, 0L, 0L, 31L, 0L, 483L, 
    5L, 0L, 0L), .Dim = c(6L, 3L), .Dimnames = structure(list(
        c("-1", "-2", "0", "1", "2", NA), c("A", "G", NA)), .Names = c("", 
    "")), class = "table"), LR17_SNP2 = structure(c(0L, 0L, 2L, 
    0L, 0L, 0L, 435L, 15L, 4992L, 58L, 3L, 11L, 10L, 0L, 330L, 
    4L, 0L, 0L), .Dim = c(6L, 3L), .Dimnames = structure(list(
        c("-1", "-2", "0", "1", "2", NA), c("A", "G", NA)), .Names = c("", 
    "")), class = "table"), LR17_SNP3 = structure(c(0L, 0L, 1L, 
    0L, 0L, 0L, 358L, 12L, 3020L, 29L, 3L, 10L, 61L, 3L, 1251L, 
    20L, 0L, 3L, 26L, 0L, 1052L, 13L, 0L, 0L), .Dim = c(6L, 4L
    ), .Dimnames = structure(list(c("-1", "-2", "0", "1", "2", 
    NA), c("A", "C", "G", NA)), .Names = c("", "")), class = "table"), 
    LR17_SNP4 = structure(c(0L, 0L, 1L, 0L, 0L, 0L, 71L, 3L, 
    1882L, 26L, 0L, 8L, 374L, 12L, 3341L, 33L, 3L, 23L, 0L, 0L, 
    100L, 3L, 0L, 0L), .Dim = c(6L, 4L), .Dimnames = structure(list(
        c("-1", "-2", "0", "1", "2", NA), c("C", "G", "T", NA
        )), .Names = c("", "")), class = "table"), LR20_SNP1 = structure(c(7L, 
    0L, 2972L, 3L, 2L, 41L, 1L, 3823L, 6L, 1L, 0L, 0L, 1L, 0L, 
    0L, 0L, 0L, 53L, 0L, 0L), .Dim = 5:4, .Dimnames = structure(list(
        c("-1", "-2", "0", "1", NA), c("A", "G", "T", NA)), .Names = c("", 
    "")), class = "table"), LR24_SNP1 = structure(c(0L, 0L, 1L, 
    0L, 0L, 0L, 369L, 3L, 6327L, 17L, 1L, 12L, 0L, 0L, 1L, 0L, 
    0L, 0L, 69L, 0L, 6922L, 13L, 0L, 7L, 0L, 0L, 1L, 0L, 0L, 
    0L, 1L, 0L, 137L, 0L, 0L, 0L), .Dim = c(6L, 6L), .Dimnames = structure(list(
        c("-1", "-2", "0", "1", "2", NA), c("-", "A", "C", "G", 
        "N", NA)), .Names = c("", "")), class = "table"), LR36_SNP1 = structure(c(1L, 
    0L, 0L, 0L, 1L, 0L, 0L, 1000L, 24L, 5L, 2L, 6269L, 41L, 45L, 
    0L, 0L, 0L, 0L, 1L, 0L, 0L, 4L, 0L, 0L, 0L, 282L, 1L, 2L, 
    5L, 1L, 0L, 0L, 172L, 1L, 0L), .Dim = c(7L, 5L), .Dimnames = structure(list(
        c("-1", "-2", "-3", "-4", "0", "1", NA), c("-", "A", 
        "G", "T", NA)), .Names = c("", "")), class = "table"), 
    LR40_SNP1 = structure(c(1L, 0L, 2L, 0L, 0L, 107L, 1L, 4753L, 
    13L, 4L, 0L, 0L, 36L, 0L, 0L), .Dim = c(5L, 3L), .Dimnames = structure(list(
        c("-1", "-2", "0", "1", NA), c("A", "C", NA)), .Names = c("", 
    "")), class = "table"), LR44_SNP1 = structure(c(1336L, 75L, 
    2L, 6368L, 137L, 5L, 29L, 1L, 0L, 0L, 0L, 0L, 0L, 0L, 0L, 
    0L, 0L, 1L, 0L, 0L, 0L, 17L, 1L, 0L, 141L, 0L, 0L, 1L, 19L, 
    0L, 0L, 238L, 5L, 1L, 0L), .Dim = c(7L, 5L),