Result <-
list(DEPDC2_SNP1 = structure(c(0L, 0L, 12L, 0L, 1L, 66L, 0L, 
5644L, 43L, 16L, 0L, 0L, 1L, 0L, 0L, 69L, 1L, 6620L, 37L, 28L, 
1L, 0L, 247L, 2L, 0L), .Dim = c(5L, 5L), .Dimnames = structure(list(
    c("-1", "-2", "0", "1", NA), c("A", "C", "G", "T", NA)), .Names = c("", 
"")), class = "table"), GM01_SNP1 = structure(c(1L, 0L, 2L, 0L, 
0L, 1617L, 2L, 7982L, 47L, 21L, 1L, 0L, 23L, 0L, 0L, 1L, 0L, 
1L, 0L, 0L, 10L, 0L, 98L, 2L, 0L), .Dim = c(5L, 5L), .Dimnames = structure(list(
    c("-1", "-2", "0", "1", NA), c("-", "A", "G", "T", NA)), .Names = c("", 
"")), class = "table"), GM07_SNP1 = structure(c(4L, 0L, 101L, 
3L, 0L, 1L, 2334L, 70L, 5257L, 215L, 13L, 107L, 0L, 0L, 1L, 0L, 
0L, 0L, 18L, 2L, 177L, 6L, 0L, 0L), .Dim = c(6L, 4L), .Dimnames = structure(list(
    c("-1", "-2", "0", "1", "2", NA), c("A", "G", "T", NA)), .Names = c("", 
"")), class = "table"), GM09_SNP1 = structure(c(22L, 65L, 0L, 
0L, 0L, 155L, 17311L, 34L, 1L, 3L, 2L, 193L, 1L, 0L, 0L), .Dim = c(5L, 
3L), .Dimnames = structure(list(c("-1", "0", "1", "2", NA), c("A", 
"G", NA)), .Names = c("", "")), class = "table"), GM11_SNP1 = structure(c(289L, 
2L, 4328L, 17L, 3L, 0L, 0L, 5L, 0L, 0L, 0L, 0L, 1L, 0L, 0L, 3L, 
0L, 32L, 1L, 0L), .Dim = 5:4, .Dimnames = structure(list(c("-1", 
"-2", "0", "1", NA), c("A", "G", "T", NA)), .Names = c("", ""
)), class = "table"), GM11_SNP2 = structure(c(289L, 2L, 4333L, 
18L, 5L, 3L, 0L, 33L, 0L, 0L), .Dim = c(5L, 2L), .Dimnames = structure(list(
    c("-1", "-2", "0", "1", NA), c("A", NA)), .Names = c("", 
"")), class = "table"), GM14_SNP1 = structure(c(0L, 0L, 0L, 0L, 
1L, 0L, 0L, 0L, 2667L, 89L, 2L, 1L, 2693L, 36L, 1L, 29L, 239L, 
3L, 0L, 0L, 5153L, 38L, 0L, 3L, 4L, 0L, 0L, 0L, 115L, 0L, 0L, 
0L), .Dim = c(8L, 4L), .Dimnames = structure(list(c("-1", "-2", 
"-3", "-4", "0", "1", "2", NA), c("A", "C", "T", NA)), .Names = c("", 
"")), class = "table"), GM17_SNP1 = structure(c(1170L, 4L, 2L, 
11406L, 52L, 28L, 1L, 0L, 0L, 34L, 0L, 0L, 8L, 0L, 0L, 112L, 
1L, 0L), .Dim = c(6L, 3L), .Dimnames = structure(list(c("-1", 
"-2", "-3", "0", "1", NA), c("C", "T", NA)), .Names = c("", ""
)), class = "table"), GM22_SNP1 = structure(c(355L, 6L, 12L, 
7005L, 42L, 16L, 0L, 0L, 0L, 7L, 0L, 0L, 0L, 0L, 0L, 1L, 0L, 
0L, 5L, 0L, 0L, 134L, 0L, 0L), .Dim = c(6L, 4L), .Dimnames = structure(list(
    c("-1", "-2", "-3", "0", "1", NA), c("A", "G", "T", NA)), .Names = c("", 
"")), class = "table"), GM26_SNP1 = structure(c(83L, 2L, 5278L, 
27L, 4L, 21L, 0L, 1742L, 4L, 3L, 1L, 0L, 121L, 0L, 0L), .Dim = c(5L, 
3L), .Dimnames = structure(list(c("-1", "-2", "0", "1", NA), 
    c("A", "G", NA)), .Names = c("", "")), class = "table"), 
    GM29_SNP1 = structure(c(148L, 1L, 7354L, 19L, 1L, 5L, 2L, 
    0L, 90L, 0L, 0L, 0L, 0L, 0L, 1L, 0L, 0L, 0L, 3L, 0L, 90L, 
    0L, 0L, 0L), .Dim = c(6L, 4L), .Dimnames = structure(list(
        c("-1", "-3", "0", "1", "2", NA), c("A", "G", "T", NA
        )), .Names = c("", "")), class = "table"), IM16_SNP1 = structure(c(0L, 
    0L, 1L, 0L, 0L, 0L, 203L, 1L, 2593L, 51L, 0L, 0L, 1285L, 
    4L, 1624L, 28L, 1L, 13L, 7L, 0L, 54L, 4L, 0L, 0L), .Dim = c(6L, 
    4L), .Dimnames = structure(list(c("-1", "-2", "0", "1", "2", 
    NA), c("-", "A", "G", NA)), .Names = c("", "")), class = "table"), 
    IM16_SNP2 = structure(c(1488L, 4L, 4218L, 81L, 1L, 12L, 0L, 
    1L, 1L, 0L, 0L, 0L, 7L, 0L, 53L, 2L, 0L, 0L), .Dim = c(6L, 
    3L), .Dimnames = structure(list(c("-1", "-2", "0", "1", "2", 
    NA), c("C", "G", NA)), .Names = c("", "")), class = "table"), 
    IM16_SNP3 = structure(c(1483L, 5L, 4240L, 83L, 1L, 17L, 12L, 
    0L, 32L, 0L, 0L, 0L), .Dim = c(6L, 2L), .Dimnames = structure(list(
        c("-1", "-2", "0", "1", "2", NA), c("C", NA)), .Names = c("", 
    "")), class = "table"), IM49_SNP1 = structure(c(3L, 0L, 60L, 
    2L, 0L, 1L, 2688L, 64L, 7355L, 257L, 3L, 76L, 57L, 0L, 353L, 
    12L, 0L, 0L), .Dim = c(6L, 3L), .Dimnames = structure(list(
        c("-1", "-2", "0", "1", "2", NA), c("C", "G", NA)), .Names = c("", 
    "")), class = "table"), LR10_SNP1 = structure(c(0L, 0L, 2L, 
    0L, 0L, 1795L, 6L, 1698L, 19L, 48L, 56L, 0L, 3745L, 23L, 
    4L, 10L, 0L, 68L, 0L, 0L), .Dim = 5:4, .Dimnames = structure(list(
        c("-1", "-2", "0", "1", NA), c("A", "C", "T", NA)), .Names = c("", 
    "")), class = "table"), LR10_SNP2 = structure(c(0L, 0L, 1L, 
    0L, 0L, 1798L, 6L, 1710L, 19L, 49L, 56L, 0L, 3742L, 22L, 
    4L, 7L, 0L, 60L, 1L, 0L), .Dim = 5:4, .Dimnames = structure(list(
        c("-1", "-2", "0", "1", NA), c("A", "C", "T", NA)), .Names = c("", 
    "")), class = "table"), LR11_SNP1 = structure(c(135L, 1L, 
    0L, 3323L, 26L, 7L, 67L, 4L, 1L, 2665L, 23L, 7L, 0L, 0L, 
    0L, 1L, 0L, 0L, 5L, 0L, 0L, 129L, 1L, 0L), .Dim = c(6L, 4L
    ), .Dimnames = structure(list(c("-1", "-2", "-3", "0", "1", 
    NA), c("A", "C", "G", NA)), .Names = c("", "")), class = "table"), 
    LR11_SNP2 = structure(c(133L, 1L, 0L, 3252L, 26L, 4L, 68L, 
    4L, 1L, 2684L, 24L, 7L, 6L, 0L, 0L, 182L, 0L, 0L), .Dim = c(6L, 
    3L), .Dimnames = structure(list(c("-1", "-2", "-3", "0", 
    "1", NA), c("C", "G", NA)), .Names = c("", "")), class = "table"), 
    LR17_SNP1 = structure(c(2051L, 66L, 4603L, 85L, 1L, 78L, 
    0L, 0L, 3L, 0L, 0L, 0L, 105L, 0L, 329L, 5L, 0L, 0L), .Dim = c(6L, 
    3L), .Dimnames = structure(list(c("-1", "-2", "0", "1", "2", 
    NA), c("A", "G", NA)), .Names = c("", "")), class = "table"), 
    LR17_SNP2 = structure(c(0L, 0L, 1L, 0L, 0L, 0L, 0L, 0L, 4L, 
    0L, 0L, 0L, 2105L, 64L, 4520L, 84L, 1L, 50L, 51L, 2L, 410L, 
    6L, 0L, 0L), .Dim = c(6L, 4L), .Dimnames = structure(list(
        c("-1", "-2", "0", "1", "2", NA), c("-", "A", "G", NA
        )), .Names = c("", "")), class = "table"), LR17_SNP3 = structure(c(0L, 
    0L, 1L, 0L, 0L, 0L, 0L, 0L, 2L, 0L, 0L, 0L, 2087L, 62L, 4302L, 
    79L, 1L, 62L, 0L, 0L, 3L, 0L, 0L, 0L, 69L, 4L, 627L, 11L, 
    0L, 0L), .Dim = 6:5, .Dimnames = structure(list(c("-1", "-2", 
    "0", "1", "2", NA), c("-", "A", "C", "G", NA)), .Names = c("", 
    "")), class = "table"), LR17_SNP4 = structure(c(0L, 0L, 1L, 
    0L, 0L, 0L, 0L, 0L, 1L, 0L, 0L, 1L, 2148L, 66L, 4800L, 89L, 
    1L, 94L, 8L, 0L, 133L, 1L, 0L, 0L), .Dim = c(6L, 4L), .Dimnames = structure(list(
        c("-1", "-2", "0", "1", "2", NA), c("C", "G", "T", NA
        )), .Names = c("", "")), class = "table"), LR20_SNP1 = structure(c(0L, 
    63L, 0L, 0L, 0L, 1L, 0L, 0L, 646L, 6866L, 26L, 10L, 0L, 1L, 
    0L, 0L, 6L, 70L, 0L, 0L), .Dim = 4:5, .Dimnames = structure(list(
        c("-1", "0", "1", NA), c("A", "C", "G", "T", NA)), .Names = c("", 
    "")), class = "table"), LR24_SNP1 = structure(c(0L, 0L, 1L, 
    0L, 0L, 3452L, 26L, 3857L, 9L, 41L, 3960L, 50L, 5655L, 20L, 
    55L, 35L, 1L, 97L, 1L, 0L), .Dim = 5:4, .Dimnames = structure(list(
        c("-1", "-2", "0", "1", NA), c("-", "A", "G", NA)), .Names = c("", 
    "")), class = "table"), LR36_SNP1 = structure(c(1L, 0L, 0L, 
    0L, 25L, 0L, 0L, 0L, 0L, 0L, 0L, 0L, 0L, 1L, 0L, 0L, 0L, 
    0L, 1962L, 46L, 2L, 0L, 5800L, 85L, 13L, 1L, 84L, 91L, 3L, 
    0L, 1L, 408L, 7L, 0L, 0L, 0L), .Dim = c(9L, 4L), .Dimnames = structure(list(
        c("-1", "-2", "-3", "-4", "0", "1", "2", "3", NA), c("A", 
        "G", "T", NA)), .Names = c("", "")), class = "table"), 
    LR40_SNP1 = structure(c(0L, 1L, 0L, 0L, 109L, 6315L, 25L, 
    4L, 0L, 1L, 0L, 0L, 0L, 36L, 1L, 0L), .Dim = c(4L, 4L), .Dimnames = structure(list(
        c("-1", "0", "1", NA), c("A", "C", "T", NA)), .Names = c("", 
    "")), class = "table"), LR44_SNP1 = structure(c(90L, 37L, 
    791L, 10L, 1135L, 22L, 9L, 0L, 0L, 0L, 0L, 10L, 0L, 0L, 600L, 
    359L, 59L, 0L, 953L, 32L, 19L, 12L, 4L, 6L, 0L, 43L, 2L, 
    0L), .Dim = c(7L, 4L), .Dimnames = structure(list(c("-1", 
    "-2", "-3", "-4", "0", "1", NA), c("C", "G", "T", NA)), .Names = c("", 
    "")), class = "table"), LR44_SNP2 = structure(c(91L, 39L, 
    788L, 10L, 1124L, 21L, 4L, 611L, 358L, 59L, 0L, 969L, 33L, 
    23L, 0L, 3L, 9L, 0L, 48L, 2L, 0L), .Dim = c(7L, 3L),