Result <-
list(DEPDC2_SNP1 = structure(c(0L, 5L, 0L, 0L, 91L, 8604L, 60L, 
31L, 95L, 8092L, 62L, 18L, 3L, 387L, 2L, 0L), .Dim = c(4L, 4L
), .Dimnames = structure(list(c("-1", "0", "1", NA), c("A", "C", 
"T", NA)), .Names = c("", "")), class = "table"), GM01_SNP1 = structure(c(99L, 
3L, 4303L, 50L, 1L, 5L, 0L, 0L, 1L, 0L, 0L, 0L, 86L, 1L, 3546L, 
18L, 0L, 2L, 1L, 0L, 97L, 0L, 0L, 0L), .Dim = c(6L, 4L), .Dimnames = structure(list(
    c("-1", "-2", "0", "1", "2", NA), c("A", "C", "G", NA)), .Names = c("", 
"")), class = "table"), GM07_SNP1 = structure(c(0L, 0L, 0L, 6L, 
0L, 0L, 0L, 0L, 309L, 8L, 1L, 4220L, 168L, 5L, 0L, 42L, 292L, 
8L, 0L, 3768L, 211L, 11L, 1L, 36L, 4L, 0L, 0L, 187L, 9L, 0L, 
0L, 0L), .Dim = c(8L, 4L), .Dimnames = structure(list(c("-1", 
"-2", "-3", "0", "1", "2", "3", NA), c("-", "A", "G", NA)), .Names = c("", 
"")), class = "table"), GM09_SNP1 = structure(c(42L, 6896L, 35L, 
1L, 3L, 44L, 7065L, 15L, 0L, 2L, 3L, 135L, 1L, 0L, 0L), .Dim = c(5L, 
3L), .Dimnames = structure(list(c("-1", "0", "1", "2", NA), c("A", 
"G", NA)), .Names = c("", "")), class = "table"), GM11_SNP1 = structure(c(12L, 
1L, 1789L, 8L, 1L, 1L, 20L, 0L, 2001L, 16L, 0L, 0L, 0L, 0L, 27L, 
0L, 0L, 0L), .Dim = c(6L, 3L), .Dimnames = structure(list(c("-1", 
"-2", "0", "1", "2", NA), c("A", "G", NA)), .Names = c("", ""
)), class = "table"), GM11_SNP2 = structure(c(32L, 1L, 3780L, 
24L, 1L, 2L, 0L, 0L, 37L, 0L, 0L, 0L), .Dim = c(6L, 2L), .Dimnames = structure(list(
    c("-1", "-2", "0", "1", "2", NA), c("A", NA)), .Names = c("", 
"")), class = "table"), GM14_SNP1 = structure(c(0L, 0L, 0L, 2L, 
0L, 0L, 0L, 417L, 18L, 2L, 10397L, 167L, 4L, 23L, 61L, 1L, 0L, 
10L, 0L, 0L, 0L, 0L, 0L, 1L, 125L, 3L, 0L, 0L), .Dim = c(7L, 
4L), .Dimnames = structure(list(c("-1", "-2", "-3", "0", "1", 
"2", NA), c("A", "C", "T", NA)), .Names = c("", "")), class = "table"), 
    GM17_SNP1 = structure(c(115L, 2L, 0L, 6345L, 27L, 10L, 0L, 
    0L, 0L, 1L, 0L, 0L, 70L, 2L, 1L, 6380L, 28L, 6L, 3L, 0L, 
    0L, 118L, 0L, 0L), .Dim = c(6L, 4L), .Dimnames = structure(list(
        c("-1", "-2", "-3", "0", "1", NA), c("C", "G", "T", NA
        )), .Names = c("", "")), class = "table"), GM22_SNP1 = structure(c(0L, 
    0L, 67L, 1L, 1L, 0L, 134L, 6L, 5200L, 22L, 1L, 2L, 5L, 0L, 
    125L, 1L, 0L, 0L), .Dim = c(6L, 3L), .Dimnames = structure(list(
        c("-1", "-2", "0", "1", "2", NA), c("A", "G", NA)), .Names = c("", 
    "")), class = "table"), GM26_SNP1 = structure(c(45L, 0L, 
    4346L, 13L, 1L, 76L, 1L, 3591L, 16L, 2L, 0L, 0L, 1L, 0L, 
    0L, 3L, 0L, 151L, 0L, 0L), .Dim = 5:4, .Dimnames = structure(list(
        c("-1", "-2", "0", "1", NA), c("A", "G", "T", NA)), .Names = c("", 
    "")), class = "table"), GM29_SNP1 = structure(c(170L, 2L, 
    6684L, 37L, 5L, 0L, 0L, 1L, 0L, 0L, 1L, 0L, 146L, 1L, 0L, 
    0L, 0L, 1L, 0L, 0L, 4L, 0L, 97L, 0L, 0L), .Dim = c(5L, 5L
    ), .Dimnames = structure(list(c("-1", "-2", "0", "1", NA), 
        c("A", "C", "G", "T", NA)), .Names = c("", "")), class = "table"), 
    IM16_SNP1 = structure(c(0L, 0L, 39L, 1L, 0L, 0L, 54L, 1L, 
    3483L, 95L, 2L, 3L, 1L, 0L, 81L, 4L, 1L, 0L), .Dim = c(6L, 
    3L), .Dimnames = structure(list(c("-1", "-2", "0", "1", "2", 
    NA), c("A", "G", NA)), .Names = c("", "")), class = "table"), 
    IM16_SNP2 = structure(c(0L, 0L, 0L, 1L, 0L, 0L, 55L, 1L, 
    3535L, 97L, 3L, 1L, 0L, 0L, 12L, 1L, 0L, 0L, 0L, 0L, 56L, 
    1L, 0L, 0L), .Dim = c(6L, 4L), .Dimnames = structure(list(
        c("-1", "-2", "0", "1", "2", NA), c("A", "C", "G", NA
        )), .Names = c("", "")), class = "table"), IM16_SNP3 = structure(c(55L, 
    0L, 3572L, 99L, 3L, 3L, 0L, 0L, 1L, 0L, 0L, 0L, 0L, 1L, 30L, 
    1L, 0L, 0L), .Dim = c(6L, 3L), .Dimnames = structure(list(
        c("-1", "-2", "0", "1", "2", NA), c("C", "T", NA)), .Names = c("", 
    "")), class = "table"), IM49_SNP1 = structure(c(0L, 0L, 1L, 
    0L, 0L, 0L, 309L, 5L, 6449L, 253L, 4L, 28L, 217L, 6L, 4798L, 
    192L, 8L, 24L, 0L, 0L, 2L, 0L, 0L, 0L, 8L, 1L, 407L, 10L, 
    1L, 0L), .Dim = 6:5, .Dimnames = structure(list(c("-1", "-2", 
    "0", "1", "2", NA), c("A", "C", "G", "T", NA)), .Names = c("", 
    "")), class = "table"), LR10_SNP1 = structure(c(0L, 0L, 1L, 
    0L, 0L, 0L, 147L, 2L, 3633L, 38L, 1L, 6L, 38L, 1L, 3123L, 
    33L, 0L, 4L, 1L, 0L, 86L, 0L, 0L, 0L), .Dim = c(6L, 4L), .Dimnames = structure(list(
        c("-1", "-2", "0", "1", "2", NA), c("A", "C", "T", NA
        )), .Names = c("", "")), class = "table"), LR10_SNP2 = structure(c(147L, 
    2L, 3689L, 37L, 1L, 6L, 38L, 1L, 3077L, 33L, 0L, 3L, 1L, 
    0L, 77L, 1L, 0L, 0L), .Dim = c(6L, 3L), .Dimnames = structure(list(
        c("-1", "-2", "0", "1", "2", NA), c("C", "T", NA)), .Names = c("", 
    "")), class = "table"), LR11_SNP1 = structure(c(2L, 0L, 63L, 
    0L, 0L, 0L, 107L, 4L, 3801L, 63L, 1L, 9L, 0L, 0L, 1L, 0L, 
    0L, 0L, 2L, 0L, 129L, 1L, 0L, 0L), .Dim = c(6L, 4L), .Dimnames = structure(list(
        c("-1", "-2", "0", "1", "2", NA), c("A", "C", "T", NA
        )), .Names = c("", "")), class = "table"), LR11_SNP2 = structure(c(2L, 
    0L, 65L, 0L, 0L, 0L, 107L, 4L, 3802L, 62L, 1L, 9L, 2L, 0L, 
    127L, 2L, 0L, 0L), .Dim = c(6L, 3L), .Dimnames = structure(list(
        c("-1", "-2", "0", "1", "2", NA), c("C", "G", NA)), .Names = c("", 
    "")), class = "table"), LR17_SNP1 = structure(c(202L, 4L, 
    3856L, 84L, 3L, 25L, 9L, 0L, 231L, 3L, 0L, 0L), .Dim = c(6L, 
    2L), .Dimnames = structure(list(c("-1", "-2", "0", "1", "2", 
    NA), c("A", NA)), .Names = c("", "")), class = "table"), 
    LR17_SNP2 = structure(c(0L, 0L, 3L, 0L, 0L, 0L, 209L, 3L, 
    3756L, 84L, 2L, 7L, 2L, 1L, 328L, 3L, 1L, 0L), .Dim = c(6L, 
    3L), .Dimnames = structure(list(c("-1", "-2", "0", "1", "2", 
    NA), c("A", "G", NA)), .Names = c("", "")), class = "table"), 
    LR17_SNP3 = structure(c(0L, 0L, 1L, 0L, 0L, 0L, 102L, 1L, 
    2054L, 40L, 3L, 6L, 98L, 1L, 1260L, 27L, 0L, 1L, 11L, 2L, 
    772L, 20L, 0L, 0L), .Dim = c(6L, 4L), .Dimnames = structure(list(
        c("-1", "-2", "0", "1", "2", NA), c("A", "C", "G", NA
        )), .Names = c("", "")), class = "table"), LR17_SNP4 = structure(c(105L, 
    1L, 1612L, 42L, 0L, 10L, 106L, 3L, 2334L, 43L, 3L, 13L, 0L, 
    0L, 141L, 2L, 0L, 0L), .Dim = c(6L, 3L), .Dimnames = structure(list(
        c("-1", "-2", "0", "1", "2", NA), c("G", "T", NA)), .Names = c("", 
    "")), class = "table"), LR20_SNP1 = structure(c(16L, 5910L, 
    12L, 1L, 1L, 126L, 0L, 0L, 0L, 1L, 0L, 0L, 1L, 16L, 1L, 0L
    ), .Dim = c(4L, 4L), .Dimnames = structure(list(c("-1", "0", 
    "1", NA), c("A", "G", "T", NA)), .Names = c("", "")), class = "table"), 
    LR24_SNP1 = structure(c(0L, 125L, 1L, 0L, 48L, 9748L, 71L, 
    3L, 0L, 80L, 1L, 0L), .Dim = 4:3, .Dimnames = structure(list(
        c("-1", "0", "1", NA), c("A", "G", NA)), .Names = c("", 
    "")), class = "table"), LR36_SNP1 = structure(c(64L, 6L, 
    1L, 0L, 2712L, 44L, 0L, 19L, 77L, 8L, 1L, 1L, 3263L, 47L, 
    2L, 24L, 3L, 1L, 0L, 0L, 285L, 4L, 0L, 0L), .Dim = c(8L, 
    3L), .Dimnames = structure(list(c("-1", "-2", "-3", "-4", 
    "0", "1", "2", NA), c("A", "T", NA)), .Names = c("", "")), class = "table"), 
    LR40_SNP1 = structure(c(23L, 1319L, 14L, 1L, 14L, 1096L, 
    5L, 0L, 0L, 22L, 0L, 0L), .Dim = 4:3, .Dimnames = structure(list(
        c("-1", "0", "1", NA), c("A", "C", NA)), .Names = c("", 
    "")), class = "table"), LR44_SNP1 = structure(c(182L, 13L, 
    2263L, 36L, 0L, 0L, 6L, 301L, 13L, 2516L, 80L, 6L, 2L, 15L, 
    6L, 0L, 117L, 4L, 0L, 0L, 0L), .Dim = c(7L, 3L), .Dimnames = structure(list(
        c("-1", "-2", "0", "1", "2", "7", NA), c("C", "T", NA
        )), .Names = c("", "")), class = "table"), LR44_SNP2 = structure(c(0L, 
    0L, 50L, 0L, 0L, 0L, 0L, 0L, 0L, 2L, 0L, 0L, 2L, 0L, 181L, 
    13L, 2293L, 38L, 0L, 0L, 4L, 303L, 13L, 2459L, 81L, 6L, 0L, 
    18L, 5L, 0L, 92L, 1L, 0L, 0L, 0L), .Dim = c(7L, 5L), .Dimnames = structure(list(
        c("-1", "-2", "0", "1", "2", "7", NA), c("-", "A", "C", 
        "T", NA)),