Result <-
list(DEPDC2_SNP1 = structure(c(77L, 7460L, 35L, 1L, 30L, 111L, 
9050L, 54L, 0L, 25L, 2L, 329L, 3L, 0L, 0L), .Dim = c(5L, 3L), .Dimnames = structure(list(
    c("-1", "0", "1", "2", NA), c("C", "T", NA)), .Names = c("", 
"")), class = "table"), GM01_SNP1 = structure(c(0L, 0L, 2L, 0L, 
0L, 134L, 2L, 7931L, 44L, 9L, 0L, 0L, 21L, 0L, 0L, 3L, 0L, 104L, 
1L, 0L), .Dim = 5:4, .Dimnames = structure(list(c("-1", "-2", 
"0", "1", NA), c("-", "A", "G", NA)), .Names = c("", "")), class = "table"), 
    GM07_SNP1 = structure(c(2L, 0L, 7L, 1L, 0L, 0L, 326L, 3L, 
    4641L, 235L, 13L, 40L, 351L, 15L, 5009L, 243L, 13L, 41L, 
    1L, 0L, 0L, 0L, 0L, 0L, 3L, 0L, 223L, 2L, 0L, 0L), .Dim = 6:5, .Dimnames = structure(list(
        c("-1", "-2", "0", "1", "2", NA), c("-", "A", "G", "T", 
        NA)), .Names = c("", "")), class = "table"), GM09_SNP1 = structure(c(58L, 
    7766L, 16L, 0L, 89L, 6500L, 21L, 2L, 3L, 160L, 0L, 0L), .Dim = 4:3, .Dimnames = structure(list(
        c("-1", "0", "1", NA), c("A", "G", NA)), .Names = c("", 
    "")), class = "table"), GM11_SNP1 = structure(c(5L, 1282L, 
    5L, 1L, 17L, 1718L, 18L, 2L, 0L, 22L, 0L, 0L), .Dim = 4:3, .Dimnames = structure(list(
        c("-1", "0", "1", NA), c("A", "G", NA)), .Names = c("", 
    "")), class = "table"), GM11_SNP2 = structure(c(18L, 1752L, 
    18L, 2L, 3L, 1228L, 5L, 1L, 0L, 1L, 0L, 0L, 1L, 41L, 0L, 
    0L), .Dim = c(4L, 4L), .Dimnames = structure(list(c("-1", 
    "0", "1", NA), c("A", "G", "T", NA)), .Names = c("", "")), class = "table"), 
    GM14_SNP1 = structure(c(0L, 0L, 0L, 0L, 0L, 0L, 1L, 0L, 0L, 
    0L, 1L, 0L, 0L, 0L, 210L, 6L, 2L, 4965L, 79L, 2L, 8L, 147L, 
    4L, 0L, 4876L, 23L, 0L, 5L, 1L, 0L, 0L, 153L, 1L, 0L, 0L), .Dim = c(7L, 
    5L), .Dimnames = structure(list(c("-1", "-2", "-3", "0", 
    "1", "2", NA), c("-", "A", "C", "T", NA)), .Names = c("", 
    "")), class = "table"), GM17_SNP1 = structure(c(153L, 2L, 
    1L, 11302L, 46L, 10L, 0L, 0L, 0L, 75L, 0L, 0L, 3L, 0L, 0L, 
    123L, 0L, 0L), .Dim = c(6L, 3L), .Dimnames = structure(list(
        c("-1", "-2", "-3", "0", "1", NA), c("C", "T", NA)), .Names = c("", 
    "")), class = "table"), GM22_SNP1 = structure(c(153L, 5L, 
    6632L, 33L, 9L, 0L, 0L, 13L, 0L, 0L, 4L, 0L, 109L, 1L, 0L
    ), .Dim = c(5L, 3L), .Dimnames = structure(list(c("-1", "-2", 
    "0", "1", NA), c("A", "G", NA)), .Names = c("", "")), class = "table"), 
    GM26_SNP1 = structure(c(46L, 6239L, 25L, 1L, 0L, 27L, 0L, 
    0L, 0L, 1L, 0L, 0L, 2L, 97L, 0L, 0L), .Dim = c(4L, 4L), .Dimnames = structure(list(
        c("-1", "0", "1", NA), c("A", "G", "T", NA)), .Names = c("", 
    "")), class = "table"), GM29_SNP1 = structure(c(228L, 3L, 
    10034L, 61L, 11L, 0L, 0L, 48L, 0L, 0L, 0L, 0L, 3L, 0L, 0L, 
    2L, 0L, 134L, 0L, 0L), .Dim = 5:4, .Dimnames = structure(list(
        c("-1", "-2", "0", "1", NA), c("A", "G", "T", NA)), .Names = c("", 
    "")), class = "table"), IM16_SNP1 = structure(c(75L, 4101L, 
    78L, 1L, 3L, 3L, 15L, 0L, 0L, 0L, 0L, 1L, 0L, 0L, 0L, 2L, 
    67L, 0L, 1L, 0L), .Dim = 5:4, .Dimnames = structure(list(
        c("-1", "0", "1", "2", NA), c("A", "G", "T", NA)), .Names = c("", 
    "")), class = "table"), IM16_SNP2 = structure(c(0L, 1L, 0L, 
    0L, 0L, 5L, 75L, 0L, 0L, 0L, 74L, 4042L, 76L, 1L, 3L, 1L, 
    66L, 2L, 1L, 0L), .Dim = 5:4, .Dimnames = structure(list(
        c("-1", "0", "1", "2", NA), c("A", "C", "G", NA)), .Names = c("", 
    "")), class = "table"), IM16_SNP3 = structure(c(80L, 4161L, 
    78L, 2L, 8L, 0L, 23L, 0L, 0L, 0L), .Dim = c(5L, 2L), .Dimnames = structure(list(
        c("-1", "0", "1", "2", NA), c("C", NA)), .Names = c("", 
    "")), class = "table"), IM49_SNP1 = structure(c(0L, 0L, 0L, 
    1L, 0L, 0L, 0L, 9L, 1L, 0L, 170L, 6L, 0L, 1L, 769L, 17L, 
    1L, 16917L, 512L, 9L, 71L, 11L, 0L, 0L, 864L, 26L, 1L, 0L
    ), .Dim = c(7L, 4L), .Dimnames = structure(list(c("-1", "-2", 
    "-3", "0", "1", "2", NA), c("A", "C", "G", NA)), .Names = c("", 
    "")), class = "table"), LR10_SNP1 = structure(c(0L, 0L, 2L, 
    0L, 0L, 0L, 0L, 29L, 0L, 0L, 109L, 2L, 5500L, 26L, 6L, 0L, 
    0L, 70L, 0L, 0L), .Dim = 5:4, .Dimnames = structure(list(
        c("-1", "-2", "0", "1", NA), c("A", "C", "T", NA)), .Names = c("", 
    "")), class = "table"), LR10_SNP2 = structure(c(0L, 0L, 1L, 
    0L, 0L, 50L, 1L, 2902L, 15L, 2L, 58L, 1L, 2637L, 10L, 3L, 
    1L, 0L, 61L, 1L, 0L), .Dim = 5:4, .Dimnames = structure(list(
        c("-1", "-2", "0", "1", NA), c("A", "C", "T", NA)), .Names = c("", 
    "")), class = "table"), LR11_SNP1 = structure(c(11L, 0L, 
    26L, 0L, 1L, 93L, 2L, 3268L, 31L, 8L, 0L, 0L, 1L, 0L, 0L, 
    2L, 0L, 105L, 1L, 0L), .Dim = 5:4, .Dimnames = structure(list(
        c("-1", "-2", "0", "1", NA), c("A", "C", "T", NA)), .Names = c("", 
    "")), class = "table"), LR11_SNP2 = structure(c(0L, 0L, 1L, 
    0L, 0L, 10L, 0L, 27L, 0L, 1L, 92L, 2L, 3264L, 30L, 10L, 4L, 
    0L, 108L, 2L, 0L), .Dim = 5:4, .Dimnames = structure(list(
        c("-1", "-2", "0", "1", NA), c("A", "C", "G", NA)), .Names = c("", 
    "")), class = "table"), LR17_SNP1 = structure(c(237L, 3L, 
    1L, 4592L, 119L, 6L, 41L, 0L, 0L, 0L, 3L, 0L, 0L, 0L, 9L, 
    0L, 0L, 351L, 4L, 0L, 0L), .Dim = c(7L, 3L), .Dimnames = structure(list(
        c("-1", "-2", "-3", "0", "1", "2", NA), c("A", "G", NA
        )), .Names = c("", "")), class = "table"), LR17_SNP2 = structure(c(0L, 
    0L, 0L, 1L, 0L, 0L, 0L, 0L, 0L, 0L, 3L, 0L, 0L, 0L, 244L, 
    3L, 1L, 4522L, 117L, 6L, 24L, 2L, 0L, 0L, 420L, 6L, 0L, 0L
    ), .Dim = c(7L, 4L), .Dimnames = structure(list(c("-1", "-2", 
    "-3", "0", "1", "2", NA), c("-", "A", "G", NA)), .Names = c("", 
    "")), class = "table"), LR17_SNP3 = structure(c(124L, 2L, 
    1L, 2357L, 57L, 2L, 15L, 113L, 1L, 0L, 1606L, 39L, 2L, 9L, 
    9L, 0L, 0L, 983L, 27L, 2L, 0L), .Dim = c(7L, 3L), .Dimnames = structure(list(
        c("-1", "-2", "-3", "0", "1", "2", NA), c("C", "G", NA
        )), .Names = c("", "")), class = "table"), LR17_SNP4 = structure(c(0L, 
    0L, 0L, 1L, 0L, 0L, 0L, 117L, 1L, 0L, 2148L, 54L, 4L, 23L, 
    127L, 2L, 1L, 2614L, 67L, 2L, 21L, 2L, 0L, 0L, 183L, 2L, 
    0L, 0L), .Dim = c(7L, 4L), .Dimnames = structure(list(c("-1", 
    "-2", "-3", "0", "1", "2", NA), c("C", "G", "T", NA)), .Names = c("", 
    "")), class = "table"), LR20_SNP1 = structure(c(4L, 4163L, 
    3L, 0L, 15L, 0L, 0L, 17L, 1L), .Dim = c(3L, 3L), .Dimnames = structure(list(
        c("-1", "0", "1"), c("A", "G", NA)), .Names = c("", ""
    )), class = "table"), LR24_SNP1 = structure(c(76L, 2L, 13205L, 
    43L, 4L, 25L, 0L, 37L, 0L, 1L, 1L, 0L, 0L, 0L, 0L, 0L, 0L, 
    130L, 1L, 0L), .Dim = 5:4, .Dimnames = structure(list(c("-1", 
    "-2", "0", "1", NA), c("A", "G", "T", NA)), .Names = c("", 
    "")), class = "table"), LR36_SNP1 = structure(c(193L, 8L, 
    0L, 1L, 6209L, 75L, 1L, 40L, 0L, 0L, 0L, 0L, 3L, 0L, 0L, 
    0L, 0L, 0L, 0L, 0L, 2L, 0L, 0L, 0L, 128L, 5L, 3L, 0L, 5352L, 
    91L, 2L, 18L, 7L, 0L, 0L, 0L, 499L, 8L, 0L, 0L), .Dim = c(8L, 
    5L), .Dimnames = structure(list(c("-1", "-2", "-3", "-4", 
    "0", "1", "2", NA), c("A", "C", "G", "T", NA)), .Names = c("", 
    "")), class = "table"), LR40_SNP1 = structure(c(0L, 2L, 0L, 
    0L, 38L, 2809L, 5L, 4L, 0L, 23L, 0L, 0L), .Dim = 4:3, .Dimnames = structure(list(
        c("-1", "0", "1", NA), c("A", "C", NA)), .Names = c("", 
    "")), class = "table"), LR44_SNP1 = structure(c(0L, 0L, 0L, 
    1L, 0L, 0L, 0L, 0L, 440L, 23L, 1L, 4650L, 148L, 2L, 1L, 23L, 
    1L, 1L, 0L, 49L, 1L, 0L, 0L, 0L, 3L, 1L, 0L, 44L, 0L, 0L, 
    0L, 1L, 4L, 0L, 0L, 160L, 3L, 1L, 0L, 0L), .Dim = c(8L, 5L
    ), .Dimnames = structure(list(c("-1", "-2", "-3", "0", "1", 
    "2", "3", NA), c("A", "C", "G", "T", NA)), .Names = c("", 
    "")), class = "table"), LR44_SNP2 = structure(c(0L, 0L, 0L, 
    1L, 0L, 0L, 0L, 0L, 0L, 0L, 0L, 1L, 0L, 0L, 0L, 0L, 434L, 
    23L, 0L, 4738L, 146L, 3L, 1L, 16L, 1L, 0L, 0L, 7L, 0L, 0L, 
    0L, 0L, 13L, 2L, 1L, 157L, 6L, 0L, 0L, 0L), .Dim = c(8L, 
    5L),