Result <-
list(DEPDC2_SNP1 = structure(c(0L, 0L, 3L, 0L, 0L, 0L, 0L, 28L, 
0L, 1L, 144L, 1L, 16506L, 145L, 61L, 0L, 0L, 281L, 1L, 0L), .Dim = 5:4, .Dimnames = structure(list(
    c("-1", "-2", "0", "1", NA), c("A", "C", "T", NA)), .Names = c("", 
"")), class = "table"), GM01_SNP1 = structure(c(161L, 8148L, 
92L, 9L, 0L, 21L, 0L, 0L, 3L, 97L, 0L, 0L), .Dim = 4:3, .Dimnames = structure(list(
    c("-1", "0", "1", NA), c("A", "G", NA)), .Names = c("", ""
)), class = "table"), GM07_SNP1 = structure(c(0L, 0L, 0L, 3L, 
0L, 0L, 0L, 0L, 728L, 77L, 2L, 7628L, 1035L, 69L, 3L, 142L, 0L, 
0L, 0L, 13L, 0L, 0L, 0L, 1L, 0L, 0L, 0L, 2L, 0L, 0L, 0L, 0L, 
3L, 1L, 0L, 122L, 12L, 0L, 0L, 0L), .Dim = c(8L, 5L), .Dimnames = structure(list(
    c("-1", "-2", "-3", "0", "1", "2", "3", NA), c("-", "A", 
    "G", "T", NA)), .Names = c("", "")), class = "table"), GM09_SNP1 = structure(c(66L, 
11657L, 17L, 0L, 1L, 136L, 10019L, 55L, 1L, 4L, 1L, 205L, 2L, 
0L, 0L), .Dim = c(5L, 3L), .Dimnames = structure(list(c("-1", 
"0", "1", "2", NA), c("A", "G", NA)), .Names = c("", "")), class = "table"), 
    GM11_SNP1 = structure(c(4L, 1249L, 6L, 0L, 10L, 1186L, 7L, 
    4L, 0L, 16L, 0L, 0L), .Dim = 4:3, .Dimnames = structure(list(
        c("-1", "0", "1", NA), c("A", "G", NA)), .Names = c("", 
    "")), class = "table"), GM11_SNP2 = structure(c(14L, 2429L, 
    13L, 2L, 0L, 2L, 0L, 0L, 0L, 20L, 0L, 0L), .Dim = 4:3, .Dimnames = structure(list(
        c("-1", "0", "1", NA), c("A", "G", NA)), .Names = c("", 
    "")), class = "table"), GM14_SNP1 = structure(c(0L, 0L, 2L, 
    0L, 0L, 0L, 390L, 14L, 10028L, 116L, 2L, 24L, 0L, 0L, 18L, 
    0L, 0L, 0L, 0L, 0L, 111L, 3L, 0L, 0L), .Dim = c(6L, 4L), .Dimnames = structure(list(
        c("-1", "-2", "0", "1", "2", NA), c("A", "C", "T", NA
        )), .Names = c("", "")), class = "table"), GM17_SNP1 = structure(c(0L, 
    0L, 4L, 0L, 0L, 292L, 1L, 15273L, 68L, 16L, 218L, 1L, 12665L, 
    63L, 8L, 6L, 0L, 232L, 2L, 0L), .Dim = 5:4, .Dimnames = structure(list(
        c("-1", "-2", "0", "1", NA), c("A", "C", "T", NA)), .Names = c("", 
    "")), class = "table"), GM22_SNP1 = structure(c(82L, 2L, 
    4014L, 69L, 1L, 8L, 209L, 1L, 5098L, 21L, 1L, 10L, 6L, 0L, 
    213L, 6L, 0L, 0L), .Dim = c(6L, 3L), .Dimnames = structure(list(
        c("-1", "-2", "0", "1", "2", NA), c("A", "G", NA)), .Names = c("", 
    "")), class = "table"), GM26_SNP1 = structure(c(0L, 0L, 12L, 
    0L, 0L, 1163L, 1L, 5215L, 22L, 15L, 0L, 0L, 1L, 0L, 1L, 9L, 
    0L, 131L, 0L, 0L), .Dim = 5:4, .Dimnames = structure(list(
        c("-1", "-4", "0", "1", NA), c("A", "G", "T", NA)), .Names = c("", 
    "")), class = "table"), GM29_SNP1 = structure(c(94L, 2L, 
    5832L, 38L, 6L, 0L, 0L, 1L, 0L, 0L, 104L, 1L, 6895L, 14L, 
    2L, 0L, 0L, 1L, 0L, 0L, 4L, 0L, 163L, 1L, 0L), .Dim = c(5L, 
    5L), .Dimnames = structure(list(c("-1", "-2", "0", "1", NA
    ), c("A", "C", "G", "T", NA)), .Names = c("", "")), class = "table"), 
    IM16_SNP1 = structure(c(0L, 6L, 0L, 0L, 0L, 132L, 5134L, 
    91L, 1L, 4L, 1L, 107L, 8L, 0L, 0L), .Dim = c(5L, 3L), .Dimnames = structure(list(
        c("-1", "0", "1", "2", NA), c("A", "G", NA)), .Names = c("", 
    "")), class = "table"), IM16_SNP2 = structure(c(131L, 5170L, 
    96L, 1L, 3L, 0L, 4L, 0L, 0L, 0L, 0L, 1L, 0L, 0L, 0L, 2L, 
    72L, 3L, 0L, 0L), .Dim = 5:4, .Dimnames = structure(list(
        c("-1", "0", "1", "2", NA), c("C", "G", "T", NA)), .Names = c("", 
    "")), class = "table"), IM16_SNP3 = structure(c(133L, 5203L, 
    98L, 1L, 5L, 0L, 13L, 1L, 0L, 0L, 0L, 31L, 0L, 0L, 0L), .Dim = c(5L, 
    3L), .Dimnames = structure(list(c("-1", "0", "1", "2", NA
    ), c("C", "T", NA)), .Names = c("", "")), class = "table"), 
    IM49_SNP1 = structure(c(1L, 0L, 0L, 0L, 0L, 0L, 0L, 1L, 0L, 
    0L, 62L, 0L, 0L, 0L, 8236L, 205L, 3L, 33809L, 1138L, 28L, 
    212L, 0L, 0L, 0L, 1L, 0L, 0L, 0L, 155L, 6L, 0L, 1631L, 54L, 
    4L, 0L), .Dim = c(7L, 5L), .Dimnames = structure(list(c("-1", 
    "-2", "-3", "0", "1", "2", NA), c("A", "C", "G", "T", NA)), .Names = c("", 
    "")), class = "table"), LR10_SNP1 = structure(c(2L, 17L, 
    0L, 0L, 112L, 6823L, 51L, 6L, 1L, 85L, 2L, 0L), .Dim = 4:3, .Dimnames = structure(list(
        c("-1", "0", "1", NA), c("C", "T", NA)), .Names = c("", 
    "")), class = "table"), LR10_SNP2 = structure(c(0L, 1L, 0L, 
    0L, 2L, 24L, 0L, 0L, 111L, 6830L, 53L, 5L, 2L, 70L, 0L, 0L
    ), .Dim = c(4L, 4L), .Dimnames = structure(list(c("-1", "0", 
    "1", NA), c("-", "C", "T", NA)), .Names = c("", "")), class = "table"), 
    LR11_SNP1 = structure(c(0L, 0L, 0L, 6L, 0L, 0L, 0L, 178L, 
    6L, 1L, 5485L, 51L, 1L, 7L, 5L, 0L, 0L, 197L, 1L, 0L, 0L), .Dim = c(7L, 
    3L), .Dimnames = structure(list(c("-1", "-2", "-3", "0", 
    "1", "2", NA), c("A", "C", NA)), .Names = c("", "")), class = "table"), 
    LR11_SNP2 = structure(c(0L, 0L, 0L, 4L, 0L, 0L, 0L, 180L, 
    6L, 1L, 5510L, 49L, 1L, 10L, 3L, 0L, 0L, 174L, 3L, 0L, 0L
    ), .Dim = c(7L, 3L), .Dimnames = structure(list(c("-1", "-2", 
    "-3", "0", "1", "2", NA), c("C", "G", NA)), .Names = c("", 
    "")), class = "table"), LR17_SNP1 = structure(c(508L, 18L, 
    9257L, 161L, 7L, 70L, 0L, 0L, 3L, 0L, 0L, 0L, 17L, 0L, 596L, 
    2L, 0L, 0L), .Dim = c(6L, 3L), .Dimnames = structure(list(
        c("-1", "-2", "0", "1", "2", NA), c("A", "G", NA)), .Names = c("", 
    "")), class = "table"), LR17_SNP2 = structure(c(0L, 0L, 3L, 
    0L, 0L, 0L, 512L, 18L, 9039L, 155L, 7L, 31L, 13L, 0L, 814L, 
    8L, 0L, 0L), .Dim = c(6L, 3L), .Dimnames = structure(list(
        c("-1", "-2", "0", "1", "2", NA), c("A", "G", NA)), .Names = c("", 
    "")), class = "table"), LR17_SNP3 = structure(c(0L, 0L, 1L, 
    0L, 0L, 0L, 0L, 0L, 1L, 0L, 0L, 0L, 510L, 18L, 8590L, 141L, 
    6L, 30L, 0L, 0L, 4L, 0L, 0L, 0L, 15L, 0L, 1260L, 22L, 1L, 
    0L), .Dim = 6:5, .Dimnames = structure(list(c("-1", "-2", 
    "0", "1", "2", NA), c("-", "A", "C", "G", NA)), .Names = c("", 
    "")), class = "table"), LR17_SNP4 = structure(c(0L, 0L, 3L, 
    0L, 0L, 0L, 0L, 0L, 6L, 0L, 0L, 0L, 523L, 18L, 9609L, 160L, 
    7L, 63L, 2L, 0L, 238L, 3L, 0L, 0L), .Dim = c(6L, 4L), .Dimnames = structure(list(
        c("-1", "-2", "0", "1", "2", NA), c("C", "G", "T", NA
        )), .Names = c("", "")), class = "table"), LR20_SNP1 = structure(c(1L, 
    1548L, 4L, 0L, 0L, 6L, 2381L, 12L, 1L, 1L, 0L, 41L, 0L, 0L, 
    0L), .Dim = c(5L, 3L), .Dimnames = structure(list(c("-1", 
    "0", "1", "2", NA), c("A", "G", NA)), .Names = c("", "")), class = "table"), 
    LR24_SNP1 = structure(c(0L, 0L, 0L, 1L, 0L, 0L, 146L, 1L, 
    1L, 13424L, 81L, 5L, 61L, 5L, 0L, 7618L, 16L, 6L, 0L, 0L, 
    0L, 195L, 1L, 0L), .Dim = c(6L, 4L), .Dimnames = structure(list(
        c("-1", "-2", "-3", "0", "1", NA), c("-", "A", "G", NA
        )), .Names = c("", "")), class = "table"), LR36_SNP1 = structure(c(337L, 
    11L, 2L, 0L, 8360L, 132L, 2L, 40L, 0L, 0L, 0L, 0L, 2L, 0L, 
    0L, 0L, 1L, 0L, 0L, 0L, 4L, 0L, 0L, 0L, 207L, 15L, 4L, 0L, 
    7473L, 97L, 2L, 36L, 11L, 2L, 0L, 1L, 769L, 7L, 0L, 0L), .Dim = c(8L, 
    5L), .Dimnames = structure(list(c("-1", "-2", "-3", "-4", 
    "0", "1", "2", NA), c("A", "C", "G", "T", NA)), .Names = c("", 
    "")), class = "table"), LR40_SNP1 = structure(c(26L, 2192L, 
    6L, 1L, 20L, 1868L, 3L, 2L, 0L, 1L, 0L, 0L, 0L, 30L, 0L, 
    0L), .Dim = c(4L, 4L), .Dimnames = structure(list(c("-1", 
    "0", "1", NA), c("A", "C", "T", NA)), .Names = c("", "")), class = "table"), 
    LR44_SNP1 = structure(c(547L, 198L, 10L, 1556L, 87L, 3L, 
    14L, 8L, 0L, 0L, 1L, 0L, 0L, 0L, 132L, 3L, 2L, 1278L, 60L, 
    2L, 4L, 8L, 1L, 0L, 71L, 1L, 0L, 0L), .Dim = c(7L, 4L), .Dimnames = structure(list(
        c("-1", "-2", "-3", "0", "1", "2", NA), c("C", "G", "T", 
        NA)), .Names = c("", "")), class = "table"), LR44_SNP2 = structure(c(552L, 
    195L, 10L, 1596L, 86L, 3L, 9L, 131L, 3L, 2L, 1261L, 60L, 
    2L, 4L, 12L, 4L, 0L, 49L, 2L, 0L, 0L), .Dim = c(7L, 3L),