Result <-
list(DEPDC2_SNP1 = structure(c(0L, 0L, 4L, 0L, 0L, 0L, 24L, 0L, 
3462L, 1556L, 5L, 551L, 0L, 0L, 1L, 0L, 0L, 0L, 72L, 1L, 7470L, 
42L, 1L, 30L, 1L, 0L, 259L, 28L, 0L, 0L), .Dim = 6:5, .Dimnames = structure(list(
    c("-1", "-2", "0", "1", "2", NA), c("A", "C", "G", "T", NA
    )), .Names = c("", "")), class = "table"), GM01_SNP1 = structure(c(4L, 
0L, 72L, 0L, 0L, 0L, 293L, 4L, 7516L, 29L, 1L, 12L, 1L, 0L, 95L, 
0L, 0L, 0L), .Dim = c(6L, 3L), .Dimnames = structure(list(c("-1", 
"-2", "0", "1", "2", NA), c("A", "G", NA)), .Names = c("", ""
)), class = "table"), GM07_SNP1 = structure(c(565L, 1203L, 3L, 
1332L, 38L, 0L, 59L, 777L, 15L, 1L, 2612L, 79L, 1L, 33L, 1L, 
0L, 0L, 0L, 0L, 0L, 0L, 12L, 3L, 0L, 97L, 1L, 0L, 0L), .Dim = c(7L, 
4L), .Dimnames = structure(list(c("-1", "-2", "-3", "0", "1", 
"2", NA), c("A", "G", "T", NA)), .Names = c("", "")), class = "table"), 
    GM09_SNP1 = structure(c(2574L, 1L, 9946L, 15L, 17L, 0L, 0L, 
    17L, 1L, 0L, 16L, 0L, 85L, 0L, 0L), .Dim = c(5L, 3L), .Dimnames = structure(list(
        c("-1", "-2", "0", "1", NA), c("A", "G", NA)), .Names = c("", 
    "")), class = "table"), GM11_SNP1 = structure(c(0L, 0L, 1L, 
    0L, 0L, 0L, 11L, 0L, 3312L, 27L, 0L, 1L, 12L, 0L, 2507L, 
    18L, 1L, 2L, 0L, 0L, 2L, 0L, 0L, 0L, 0L, 1L, 47L, 0L, 0L, 
    0L), .Dim = 6:5, .Dimnames = structure(list(c("-1", "-2", 
    "0", "1", "2", NA), c("-", "A", "G", "T", NA)), .Names = c("", 
    "")), class = "table"), GM11_SNP2 = structure(c(22L, 1L, 
    5807L, 45L, 1L, 4L, 0L, 0L, 1L, 0L, 0L, 0L, 1L, 0L, 61L, 
    0L, 0L, 0L), .Dim = c(6L, 3L), .Dimnames = structure(list(
        c("-1", "-2", "0", "1", "2", NA), c("A", "G", NA)), .Names = c("", 
    "")), class = "table"), GM14_SNP1 = structure(c(0L, 0L, 0L, 
    1L, 0L, 0L, 0L, 335L, 7L, 2L, 6813L, 451L, 3L, 25L, 0L, 0L, 
    0L, 15L, 0L, 0L, 0L, 0L, 0L, 0L, 92L, 6L, 0L, 0L), .Dim = c(7L, 
    4L), .Dimnames = structure(list(c("-1", "-2", "-3", "0", 
    "1", "2", NA), c("-", "C", "T", NA)), .Names = c("", "")), class = "table"), 
    GM17_SNP1 = structure(c(0L, 0L, 2L, 0L, 0L, 291L, 0L, 4494L, 
    18L, 5L, 52L, 1L, 4246L, 16L, 3L, 2L, 0L, 93L, 0L, 0L), .Dim = 5:4, .Dimnames = structure(list(
        c("-1", "-2", "0", "1", NA), c("A", "C", "T", NA)), .Names = c("", 
    "")), class = "table"), GM22_SNP1 = structure(c(151L, 0L, 
    2831L, 10L, 5L, 35L, 1L, 2564L, 13L, 2L, 2L, 0L, 120L, 0L, 
    0L), .Dim = c(5L, 3L), .Dimnames = structure(list(c("-1", 
    "-2", "0", "1", NA), c("A", "G", NA)), .Names = c("", "")), class = "table"), 
    GM26_SNP1 = structure(c(37L, 1L, 5129L, 19L, 6L, 0L, 0L, 
    1L, 0L, 0L, 1L, 0L, 78L, 1L, 0L, 0L, 0L, 1L, 0L, 0L, 1L, 
    0L, 110L, 1L, 0L), .Dim = c(5L, 5L), .Dimnames = structure(list(
        c("-1", "-2", "0", "1", NA), c("A", "C", "G", "T", NA
        )), .Names = c("", "")), class = "table"), GM29_SNP1 = structure(c(258L, 
    1L, 2637L, 4L, 1L, 0L, 0L, 1L, 0L, 0L, 105L, 3L, 2492L, 11L, 
    2L, 1L, 0L, 69L, 0L, 0L), .Dim = 5:4, .Dimnames = structure(list(
        c("-1", "-2", "0", "1", NA), c("A", "C", "G", NA)), .Names = c("", 
    "")), class = "table"), IM16_SNP1 = structure(c(0L, 0L, 7L, 
    0L, 0L, 0L, 74L, 1L, 6485L, 175L, 4L, 7L, 0L, 0L, 1L, 0L, 
    0L, 0L, 8L, 0L, 123L, 9L, 0L, 0L), .Dim = c(6L, 4L), .Dimnames = structure(list(
        c("-1", "-2", "0", "1", "2", NA), c("A", "G", "T", NA
        )), .Names = c("", "")), class = "table"), IM16_SNP2 = structure(c(81L, 
    1L, 6493L, 181L, 4L, 8L, 0L, 0L, 2L, 0L, 0L, 0L, 0L, 0L, 
    1L, 0L, 0L, 0L, 1L, 0L, 120L, 3L, 0L, 0L), .Dim = c(6L, 4L
    ), .Dimnames = structure(list(c("-1", "-2", "0", "1", "2", 
    NA), c("C", "G", "T", NA)), .Names = c("", "")), class = "table"), 
    IM16_SNP3 = structure(c(81L, 1L, 6574L, 181L, 4L, 9L, 1L, 
    0L, 42L, 3L, 0L, 0L), .Dim = c(6L, 2L), .Dimnames = structure(list(
        c("-1", "-2", "0", "1", "2", NA), c("C", NA)), .Names = c("", 
    "")), class = "table"), IM49_SNP1 = structure(c(587L, 11L, 
    0L, 4153L, 51L, 0L, 22L, 1970L, 169L, 2L, 2827L, 147L, 1L, 
    35L, 34L, 2L, 0L, 239L, 7L, 0L, 0L), .Dim = c(7L, 3L), .Dimnames = structure(list(
        c("-1", "-2", "-3", "0", "1", "2", NA), c("C", "G", NA
        )), .Names = c("", "")), class = "table"), LR10_SNP1 = structure(c(0L, 
    0L, 2L, 0L, 0L, 0L, 0L, 9L, 0L, 0L, 134L, 1L, 5878L, 18L, 
    7L, 1L, 0L, 82L, 3L, 0L), .Dim = 5:4, .Dimnames = structure(list(
        c("-1", "-2", "0", "1", NA), c("A", "C", "T", NA)), .Names = c("", 
    "")), class = "table"), LR10_SNP2 = structure(c(133L, 1L, 
    5897L, 21L, 7L, 0L, 0L, 12L, 0L, 0L, 2L, 0L, 62L, 0L, 0L), .Dim = c(5L, 
    3L), .Dimnames = structure(list(c("-1", "-2", "0", "1", NA
    ), c("C", "T", NA)), .Names = c("", "")), class = "table"), 
    LR11_SNP1 = structure(c(350L, 3L, 0L, 3411L, 16L, 12L, 1258L, 
    124L, 1L, 1730L, 8L, 19L, 1L, 0L, 0L, 0L, 0L, 0L, 22L, 3L, 
    0L, 120L, 1L, 0L), .Dim = c(6L, 4L), .Dimnames = structure(list(
        c("-1", "-2", "-3", "0", "1", NA), c("A", "C", "T", NA
        )), .Names = c("", "")), class = "table"), LR11_SNP2 = structure(c(1L, 
    0L, 0L, 1L, 0L, 0L, 348L, 2L, 0L, 3338L, 16L, 12L, 1266L, 
    126L, 1L, 1739L, 9L, 29L, 0L, 0L, 0L, 2L, 0L, 0L, 16L, 2L, 
    0L, 181L, 0L, 0L), .Dim = 6:5, .Dimnames = structure(list(
        c("-1", "-2", "-3", "0", "1", NA), c("A", "C", "G", "T", 
        NA)), .Names = c("", "")), class = "table"), LR17_SNP1 = structure(c(986L, 
    18L, 4268L, 50L, 34L, 0L, 0L, 1L, 0L, 0L, 1L, 0L, 4L, 0L, 
    0L, 0L, 0L, 1L, 0L, 0L, 39L, 0L, 285L, 5L, 0L), .Dim = c(5L, 
    5L), .Dimnames = structure(list(c("-1", "-2", "0", "1", NA
    ), c("A", "C", "G", "T", NA)), .Names = c("", "")), class = "table"), 
    LR17_SNP2 = structure(c(0L, 0L, 1L, 0L, 0L, 1002L, 18L, 4157L, 
    52L, 14L, 24L, 0L, 401L, 3L, 0L), .Dim = c(5L, 3L), .Dimnames = structure(list(
        c("-1", "-2", "0", "1", NA), c("A", "G", NA)), .Names = c("", 
    "")), class = "table"), LR17_SNP3 = structure(c(0L, 0L, 1L, 
    0L, 0L, 510L, 9L, 1906L, 22L, 18L, 474L, 9L, 1697L, 21L, 
    4L, 42L, 0L, 955L, 12L, 0L), .Dim = 5:4, .Dimnames = structure(list(
        c("-1", "-2", "0", "1", NA), c("A", "C", "G", NA)), .Names = c("", 
    "")), class = "table"), LR17_SNP4 = structure(c(499L, 9L, 
    2226L, 27L, 14L, 519L, 9L, 2178L, 27L, 20L, 8L, 0L, 155L, 
    1L, 0L), .Dim = c(5L, 3L), .Dimnames = structure(list(c("-1", 
    "-2", "0", "1", NA), c("G", "T", NA)), .Names = c("", "")), class = "table"), 
    LR20_SNP1 = structure(c(0L, 1L, 0L, 0L, 23L, 6105L, 7L, 1L, 
    1L, 115L, 0L, 0L, 1L, 24L, 0L, 0L), .Dim = c(4L, 4L), .Dimnames = structure(list(
        c("-1", "0", "1", NA), c("-", "A", "G", NA)), .Names = c("", 
    "")), class = "table"), LR24_SNP1 = structure(c(0L, 0L, 1L, 
    0L, 0L, 0L, 238L, 0L, 6653L, 30L, 1L, 3L, 295L, 1L, 6337L, 
    14L, 0L, 8L, 3L, 0L, 137L, 0L, 0L, 0L), .Dim = c(6L, 4L), .Dimnames = structure(list(
        c("-1", "-2", "0", "1", "2", NA), c("-", "A", "G", NA
        )), .Names = c("", "")), class = "table"), LR36_SNP1 = structure(c(3L, 
    0L, 0L, 14L, 0L, 0L, 1491L, 164L, 16L, 4494L, 120L, 62L, 
    64L, 4L, 1L, 337L, 11L, 0L), .Dim = c(6L, 3L), .Dimnames = structure(list(
        c("-1", "-2", "-3", "0", "1", NA), c("A", "T", NA)), .Names = c("", 
    "")), class = "table"), LR40_SNP1 = structure(c(0L, 0L, 1L, 
    0L, 0L, 104L, 2L, 6333L, 18L, 4L, 0L, 0L, 45L, 1L, 0L), .Dim = c(5L, 
    3L), .Dimnames = structure(list(c("-1", "-2", "0", "1", NA
    ), c("A", "C", NA)), .Names = c("", "")), class = "table"), 
    LR44_SNP1 = structure(c(32L, 1L, 1L, 858L, 76L, 1L, 4L, 2530L, 
    241L, 9L, 4955L, 130L, 7L, 43L, 35L, 1L, 0L, 151L, 10L, 1L, 
    0L), .Dim = c(7L, 3L), .Dimnames = structure(list(c("-1", 
    "-2", "-3", "0", "1", "2", NA), c("C", "T", NA)), .Names = c("", 
    "")), class = "table"),