Result <-
list(DEPDC2_SNP1 = structure(c(0L, 0L, 1L, 0L, 0L, 0L, 0L, 15L, 
0L, 0L, 0L, 0L, 0L, 1L, 0L, 129L, 1L, 17778L, 52L, 46L, 2L, 0L, 
198L, 0L, 0L), .Dim = c(5L, 5L), .Dimnames = structure(list(c("-1", 
"-2", "0", "1", NA), c("A", "C", "G", "T", NA)), .Names = c("", 
"")), class = "table"), GM01_SNP1 = structure(c(0L, 1L, 0L, 0L, 
0L, 162L, 10420L, 41L, 1L, 11L, 0L, 2L, 0L, 0L, 0L, 5L, 220L, 
2L, 0L, 0L), .Dim = 5:4, .Dimnames = structure(list(c("-1", "0", 
"1", "2", NA), c("-", "A", "G", NA)), .Names = c("", "")), class = "table"), 
    GM07_SNP1 = structure(c(0L, 0L, 3L, 0L, 0L, 0L, 217L, 3L, 
    2981L, 154L, 2L, 34L, 162L, 2L, 2848L, 94L, 2L, 17L, 0L, 
    0L, 2L, 0L, 0L, 0L, 7L, 0L, 146L, 3L, 0L, 0L), .Dim = 6:5, .Dimnames = structure(list(
        c("-1", "-2", "0", "1", "2", NA), c("-", "A", "G", "T", 
        NA)), .Names = c("", "")), class = "table"), GM09_SNP1 = structure(c(0L, 
    0L, 18L, 0L, 0L, 0L, 0L, 1L, 0L, 0L, 83L, 2L, 16760L, 23L, 
    3L, 0L, 0L, 1L, 0L, 0L, 1L, 0L, 160L, 0L, 0L), .Dim = c(5L, 
    5L), .Dimnames = structure(list(c("-1", "-2", "0", "1", NA
    ), c("A", "C", "G", "T", NA)), .Names = c("", "")), class = "table"), 
    GM11_SNP1 = structure(c(0L, 0L, 6L, 0L, 0L, 0L, 43L, 2L, 
    5632L, 18L, 1L, 4L, 0L, 0L, 84L, 1L, 0L, 0L), .Dim = c(6L, 
    3L), .Dimnames = structure(list(c("-1", "-2", "0", "1", "2", 
    NA), c("A", "G", NA)), .Names = c("", "")), class = "table"), 
    GM11_SNP2 = structure(c(42L, 2L, 5670L, 18L, 1L, 1L, 0L, 
    0L, 1L, 0L, 0L, 0L, 1L, 0L, 51L, 1L, 0L, 0L), .Dim = c(6L, 
    3L), .Dimnames = structure(list(c("-1", "-2", "0", "1", "2", 
    NA), c("A", "G", NA)), .Names = c("", "")), class = "table"), 
    GM14_SNP1 = structure(c(0L, 0L, 0L, 1L, 0L, 0L, 0L, 172L, 
    6L, 1L, 5843L, 124L, 1L, 11L, 120L, 2L, 0L, 5278L, 32L, 0L, 
    12L, 0L, 0L, 0L, 188L, 3L, 0L, 0L), .Dim = c(7L, 4L), .Dimnames = structure(list(
        c("-1", "-2", "-3", "0", "1", "2", NA), c("-", "C", "T", 
        NA)), .Names = c("", "")), class = "table"), GM17_SNP1 = structure(c(0L, 
    0L, 0L, 2L, 0L, 0L, 52L, 1L, 1L, 5125L, 17L, 1L, 58L, 1L, 
    0L, 4454L, 11L, 2L, 1L, 0L, 0L, 87L, 0L, 0L), .Dim = c(6L, 
    4L), .Dimnames = structure(list(c("-1", "-2", "-3", "0", 
    "1", NA), c("A", "C", "T", NA)), .Names = c("", "")), class = "table"), 
    GM22_SNP1 = structure(c(68L, 1L, 4988L, 17L, 9L, 73L, 0L, 
    4312L, 25L, 5L, 4L, 0L, 219L, 3L, 0L), .Dim = c(5L, 3L), .Dimnames = structure(list(
        c("-1", "-2", "0", "1", NA), c("A", "G", NA)), .Names = c("", 
    "")), class = "table"), GM26_SNP1 = structure(c(39L, 1L, 
    6341L, 22L, 7L, 0L, 0L, 5L, 0L, 0L, 1L, 0L, 64L, 0L, 0L), .Dim = c(5L, 
    3L), .Dimnames = structure(list(c("-1", "-2", "0", "1", NA
    ), c("A", "G", NA)), .Names = c("", "")), class = "table"), 
    GM29_SNP1 = structure(c(88L, 1L, 5620L, 17L, 3L, 0L, 0L, 
    2L, 0L, 0L, 0L, 0L, 46L, 1L, 0L), .Dim = c(5L, 3L), .Dimnames = structure(list(
        c("-1", "-2", "0", "1", NA), c("A", "G", NA)), .Names = c("", 
    "")), class = "table"), IM16_SNP1 = structure(c(0L, 0L, 1L, 
    0L, 0L, 0L, 0L, 0L, 1L, 0L, 0L, 0L, 55L, 2L, 6247L, 109L, 
    3L, 3L, 0L, 0L, 1L, 0L, 0L, 0L, 0L, 0L, 108L, 9L, 1L, 0L), .Dim = 6:5, .Dimnames = structure(list(
        c("-1", "-2", "0", "1", "2", NA), c("A", "C", "G", "T", 
        NA)), .Names = c("", "")), class = "table"), IM16_SNP2 = structure(c(0L, 
    0L, 1L, 0L, 0L, 0L, 53L, 2L, 6204L, 112L, 2L, 6L, 0L, 0L, 
    2L, 0L, 0L, 0L, 0L, 0L, 2L, 0L, 0L, 0L, 2L, 0L, 149L, 6L, 
    2L, 0L), .Dim = 6:5, .Dimnames = structure(list(c("-1", "-2", 
    "0", "1", "2", NA), c("A", "C", "N", "T", NA)), .Names = c("", 
    "")), class = "table"), IM16_SNP3 = structure(c(55L, 2L, 
    6291L, 116L, 4L, 7L, 0L, 0L, 67L, 2L, 0L, 0L), .Dim = c(6L, 
    2L), .Dimnames = structure(list(c("-1", "-2", "0", "1", "2", 
    NA), c("C", NA)), .Names = c("", "")), class = "table"), 
    IM49_SNP1 = structure(c(1L, 0L, 0L, 0L, 0L, 0L, 128L, 5L, 
    4230L, 98L, 4L, 15L, 77L, 3L, 2615L, 63L, 2L, 10L, 3L, 0L, 
    290L, 11L, 0L, 0L), .Dim = c(6L, 4L), .Dimnames = structure(list(
        c("-1", "-2", "0", "1", "2", NA), c("A", "C", "G", NA
        )), .Names = c("", "")), class = "table"), LR10_SNP1 = structure(c(71L, 
    4043L, 30L, 9L, 0L, 1L, 0L, 0L, 53L, 3647L, 10L, 1L, 0L, 
    101L, 2L, 0L), .Dim = c(4L, 4L), .Dimnames = structure(list(
        c("-1", "0", "1", NA), c("C", "G", "T", NA)), .Names = c("", 
    "")), class = "table"), LR10_SNP2 = structure(c(124L, 7681L, 
    39L, 9L, 0L, 4L, 0L, 0L, 0L, 107L, 3L, 0L), .Dim = 4:3, .Dimnames = structure(list(
        c("-1", "0", "1", NA), c("C", "T", NA)), .Names = c("", 
    "")), class = "table"), LR11_SNP1 = structure(c(330L, 8L, 
    11992L, 97L, 2L, 24L, 0L, 0L, 5L, 1L, 0L, 0L, 0L, 0L, 2L, 
    0L, 0L, 0L, 0L, 0L, 1L, 0L, 0L, 0L, 5L, 0L, 165L, 2L, 0L, 
    0L), .Dim = 6:5, .Dimnames = structure(list(c("-1", "-2", 
    "0", "1", "2", NA), c("A", "C", "G", "T", NA)), .Names = c("", 
    "")), class = "table"), LR11_SNP2 = structure(c(0L, 0L, 1L, 
    0L, 0L, 0L, 320L, 8L, 11636L, 96L, 2L, 22L, 0L, 0L, 3L, 1L, 
    0L, 0L, 0L, 0L, 2L, 0L, 0L, 0L, 15L, 0L, 523L, 3L, 0L, 0L
    ), .Dim = 6:5, .Dimnames = structure(list(c("-1", "-2", "0", 
    "1", "2", NA), c("A", "C", "G", "T", NA)), .Names = c("", 
    "")), class = "table"), LR17_SNP1 = structure(c(301L, 7L, 
    5574L, 84L, 1L, 27L, 1L, 0L, 5L, 0L, 0L, 0L, 16L, 0L, 506L, 
    1L, 0L, 0L), .Dim = c(6L, 3L), .Dimnames = structure(list(
        c("-1", "-2", "0", "1", "2", NA), c("A", "G", NA)), .Names = c("", 
    "")), class = "table"), LR17_SNP2 = structure(c(0L, 0L, 3L, 
    0L, 0L, 0L, 0L, 0L, 1L, 0L, 0L, 0L, 313L, 7L, 5696L, 81L, 
    1L, 12L, 5L, 0L, 385L, 4L, 0L, 0L), .Dim = c(6L, 4L), .Dimnames = structure(list(
        c("-1", "-2", "0", "1", "2", NA), c("A", "C", "G", NA
        )), .Names = c("", "")), class = "table"), LR17_SNP3 = structure(c(0L, 
    0L, 5L, 0L, 0L, 0L, 286L, 7L, 3950L, 51L, 0L, 5L, 0L, 0L, 
    2L, 0L, 0L, 0L, 32L, 0L, 2128L, 34L, 1L, 0L), .Dim = c(6L, 
    4L), .Dimnames = structure(list(c("-1", "-2", "0", "1", "2", 
    NA), c("C", "G", "T", NA)), .Names = c("", "")), class = "table"), 
    LR17_SNP4 = structure(c(0L, 0L, 1L, 0L, 0L, 0L, 312L, 6L, 
    5906L, 84L, 1L, 26L, 1L, 0L, 7L, 0L, 0L, 0L, 5L, 1L, 171L, 
    1L, 0L, 0L), .Dim = c(6L, 4L), .Dimnames = structure(list(
        c("-1", "-2", "0", "1", "2", NA), c("C", "G", "T", NA
        )), .Names = c("", "")), class = "table"), LR20_SNP1 = structure(c(0L, 
    5L, 0L, 0L, 0L, 0L, 1L, 0L, 0L, 0L, 5L, 6229L, 11L, 1L, 1L, 
    2L, 67L, 0L, 0L, 0L), .Dim = 5:4, .Dimnames = structure(list(
        c("-1", "0", "1", "2", NA), c("A", "C", "G", NA)), .Names = c("", 
    "")), class = "table"), LR24_SNP1 = structure(c(89L, 2L, 
    19165L, 52L, 9L, 0L, 0L, 12L, 0L, 0L, 0L, 0L, 1L, 0L, 0L, 
    1L, 0L, 193L, 0L, 0L), .Dim = 5:4, .Dimnames = structure(list(
        c("-1", "-2", "0", "1", NA), c("A", "G", "T", NA)), .Names = c("", 
    "")), class = "table"), LR36_SNP1 = structure(c(0L, 0L, 0L, 
    0L, 1L, 0L, 0L, 0L, 0L, 0L, 65L, 9L, 0L, 1L, 4237L, 44L, 
    2L, 0L, 0L, 16L, 0L, 0L, 0L, 0L, 1L, 0L, 0L, 0L, 0L, 0L, 
    119L, 14L, 1L, 0L, 5122L, 48L, 0L, 2L, 1L, 25L, 7L, 1L, 0L, 
    0L, 454L, 4L, 0L, 0L, 0L, 0L), .Dim = c(10L, 5L), .Dimnames = structure(list(
        c("-1", "-2", "-3", "-4", "0", "1", "2", "4", "5", NA
        ), c("-", "A", "N", "T", NA)), .Names = c("", "")), class = "table"), 
    LR40_SNP1 = structure(c(34L, 1L, 2901L, 6L, 2L, 11L, 0L, 
    1407L, 6L, 0L, 0L, 0L, 1L, 0L, 0L, 1L, 0L, 29L, 0L, 0L), .Dim = 5:4, .Dimnames = structure(list(
        c("-1", "-2", "0", "1", NA), c("A", "C", "T", NA)), .Names = c("", 
    "")), class = "table"), LR44_SNP1 = structure(c(0L, 0L, 0L, 
    1L, 0L, 0L, 0L, 316L, 16L, 0L, 3418L, 39L, 2L, 11L, 0L, 0L, 
    0L, 2L, 0L, 0L, 0L, 391L, 15L, 1L, 4198L, 85L, 3L, 18L, 9L, 
    1L, 0L, 226L, 3L, 0L, 0L), .Dim = c(7L, 5L),