Result <-
list(DEPDC2_SNP1 = structure(c(0L, 0L, 5L, 0L, 0L, 0L, 69L, 0L, 
7779L, 123L, 6L, 67L, 0L, 0L, 1L, 0L, 0L, 0L, 153L, 1L, 14527L, 
96L, 1L, 48L, 2L, 0L, 467L, 3L, 0L, 0L), .Dim = 6:5, .Dimnames = structure(list(
    c("-1", "-2", "0", "1", "2", NA), c("A", "C", "G", "T", NA
    )), .Names = c("", "")), class = "table"), GM01_SNP1 = structure(c(194L, 
1L, 7016L, 28L, 10L, 4L, 0L, 151L, 0L, 1L, 1L, 0L, 90L, 1L, 0L
), .Dim = c(5L, 3L), .Dimnames = structure(list(c("-1", "-2", 
"0", "1", NA), c("A", "G", NA)), .Names = c("", "")), class = "table"), 
    GM07_SNP1 = structure(c(0L, 0L, 0L, 1L, 0L, 0L, 0L, 930L, 
    22L, 0L, 2625L, 114L, 3L, 39L, 337L, 10L, 1L, 2260L, 90L, 
    5L, 22L, 1L, 0L, 0L, 0L, 0L, 0L, 0L, 6L, 0L, 0L, 113L, 1L, 
    1L, 0L), .Dim = c(7L, 5L), .Dimnames = structure(list(c("-1", 
    "-2", "-3", "0", "1", "2", NA), c("-", "A", "G", "T", NA)), .Names = c("", 
    "")), class = "table"), GM09_SNP1 = structure(c(0L, 1L, 0L, 
    221L, 12388L, 23L, 0L, 103L, 0L, 0L, 2L, 0L, 1L, 101L, 1L
    ), .Dim = c(3L, 5L), .Dimnames = structure(list(c("-1", "0", 
    "1"), c("-", "A", "G", "T", NA)), .Names = c("", "")), class = "table"), 
    GM11_SNP1 = structure(c(95L, 0L, 2542L, 12L, 0L, 3L, 19L, 
    1L, 2064L, 493L, 7L, 12L, 0L, 0L, 1L, 0L, 0L, 0L, 2L, 0L, 
    44L, 4L, 0L, 0L), .Dim = c(6L, 4L), .Dimnames = structure(list(
        c("-1", "-2", "0", "1", "2", NA), c("A", "G", "T", NA
        )), .Names = c("", "")), class = "table"), GM11_SNP2 = structure(c(114L, 
    1L, 4594L, 504L, 6L, 12L, 0L, 0L, 4L, 1L, 0L, 0L, 2L, 0L, 
    53L, 4L, 1L, 0L), .Dim = c(6L, 3L), .Dimnames = structure(list(
        c("-1", "-2", "0", "1", "2", NA), c("A", "G", NA)), .Names = c("", 
    "")), class = "table"), GM14_SNP1 = structure(c(435L, 811L, 
    5L, 5452L, 83L, 2L, 31L, 0L, 0L, 0L, 6L, 0L, 0L, 0L, 2L, 
    2L, 0L, 57L, 0L, 0L, 0L), .Dim = c(7L, 3L), .Dimnames = structure(list(
        c("-1", "-2", "-3", "0", "1", "2", NA), c("C", "T", NA
        )), .Names = c("", "")), class = "table"), GM17_SNP1 = structure(c(0L, 
    1L, 0L, 0L, 154L, 8664L, 32L, 5L, 3L, 202L, 0L, 0L, 2L, 81L, 
    2L, 0L), .Dim = c(4L, 4L), .Dimnames = structure(list(c("-1", 
    "0", "1", NA), c("-", "C", "T", NA)), .Names = c("", "")), class = "table"), 
    GM22_SNP1 = structure(c(35L, 0L, 2613L, 12L, 1L, 1L, 35L, 
    1L, 2595L, 43L, 1L, 7L, 4L, 0L, 138L, 2L, 0L, 0L), .Dim = c(6L, 
    3L), .Dimnames = structure(list(c("-1", "-2", "0", "1", "2", 
    NA), c("A", "G", NA)), .Names = c("", "")), class = "table"), 
    GM26_SNP1 = structure(c(645L, 4L, 2294L, 7L, 1L, 10L, 26L, 
    1L, 2871L, 10L, 0L, 1L, 0L, 0L, 1L, 0L, 0L, 0L, 6L, 0L, 97L, 
    0L, 0L, 0L), .Dim = c(6L, 4L), .Dimnames = structure(list(
        c("-1", "-2", "0", "1", "2", NA), c("A", "G", "T", NA
        )), .Names = c("", "")), class = "table"), GM29_SNP1 = structure(c(0L, 
    0L, 73L, 0L, 0L, 64L, 1L, 4657L, 22L, 2L, 0L, 0L, 12L, 0L, 
    0L, 2L, 0L, 54L, 2L, 0L), .Dim = 5:4, .Dimnames = structure(list(
        c("-1", "-2", "0", "1", NA), c("A", "G", "T", NA)), .Names = c("", 
    "")), class = "table"), IM16_SNP1 = structure(c(98L, 2480L, 
    37L, 1L, 0L, 1L, 0L, 0L, 177L, 1687L, 19L, 1L, 0L, 1L, 0L, 
    0L, 1L, 67L, 3L, 0L), .Dim = 4:5, .Dimnames = structure(list(
        c("-1", "0", "1", NA), c("A", "C", "G", "T", NA)), .Names = c("", 
    "")), class = "table"), IM16_SNP2 = structure(c(177L, 1827L, 
    19L, 0L, 95L, 2336L, 37L, 1L, 0L, 1L, 0L, 0L, 4L, 72L, 3L, 
    0L), .Dim = c(4L, 4L), .Dimnames = structure(list(c("-1", 
    "0", "1", NA), c("C", "G", "T", NA)), .Names = c("", "")), class = "table"), 
    IM16_SNP3 = structure(c(276L, 4191L, 59L, 3L, 0L, 45L, 0L, 
    0L), .Dim = c(4L, 2L), .Dimnames = structure(list(c("-1", 
    "0", "1", NA), c("C", NA)), .Names = c("", "")), class = "table"), 
    IM49_SNP1 = structure(c(349L, 19L, 3994L, 141L, 6L, 18L, 
    604L, 20L, 3612L, 84L, 1L, 20L, 11L, 0L, 260L, 8L, 1L, 0L
    ), .Dim = c(6L, 3L), .Dimnames = structure(list(c("-1", "-2", 
    "0", "1", "2", NA), c("C", "G", NA)), .Names = c("", "")), class = "table"), 
    LR10_SNP1 = structure(c(0L, 0L, 0L, 1L, 0L, 0L, 0L, 2L, 0L, 
    0L, 45L, 0L, 0L, 0L, 280L, 2L, 1L, 7969L, 143L, 2L, 15L, 
    3L, 0L, 0L, 108L, 12L, 0L, 0L), .Dim = c(7L, 4L), .Dimnames = structure(list(
        c("-1", "-2", "-3", "0", "1", "2", NA), c("A", "C", "T", 
        NA)), .Names = c("", "")), class = "table"), LR10_SNP2 = structure(c(0L, 
    0L, 0L, 13L, 0L, 0L, 0L, 215L, 0L, 1L, 4232L, 21L, 0L, 7L, 
    65L, 2L, 0L, 3797L, 127L, 2L, 8L, 5L, 0L, 0L, 81L, 7L, 0L, 
    0L), .Dim = c(7L, 4L), .Dimnames = structure(list(c("-1", 
    "-2", "-3", "0", "1", "2", NA), c("A", "C", "T", NA)), .Names = c("", 
    "")), class = "table"), LR11_SNP1 = structure(c(81L, 2L, 
    2760L, 24L, 0L, 8L, 388L, 22L, 2574L, 29L, 1L, 4L, 12L, 1L, 
    124L, 1L, 0L, 0L), .Dim = c(6L, 3L), .Dimnames = structure(list(
        c("-1", "-2", "0", "1", "2", NA), c("A", "C", NA)), .Names = c("", 
    "")), class = "table"), LR11_SNP2 = structure(c(1L, 0L, 1L, 
    0L, 0L, 0L, 78L, 2L, 2697L, 24L, 0L, 4L, 393L, 23L, 2576L, 
    29L, 1L, 4L, 9L, 0L, 184L, 1L, 0L, 0L), .Dim = c(6L, 4L), .Dimnames = structure(list(
        c("-1", "-2", "0", "1", "2", NA), c("-", "C", "G", NA
        )), .Names = c("", "")), class = "table"), LR17_SNP1 = structure(c(721L, 
    13L, 3610L, 67L, 2L, 27L, 0L, 0L, 2L, 0L, 0L, 0L, 34L, 0L, 
    244L, 2L, 0L, 0L), .Dim = c(6L, 3L), .Dimnames = structure(list(
        c("-1", "-2", "0", "1", "2", NA), c("A", "G", NA)), .Names = c("", 
    "")), class = "table"), LR17_SNP2 = structure(c(0L, 0L, 2L, 
    0L, 0L, 0L, 741L, 13L, 3555L, 63L, 2L, 15L, 14L, 0L, 299L, 
    6L, 0L, 0L), .Dim = c(6L, 3L), .Dimnames = structure(list(
        c("-1", "-2", "0", "1", "2", NA), c("A", "G", NA)), .Names = c("", 
    "")), class = "table"), LR17_SNP3 = structure(c(424L, 8L, 
    1972L, 40L, 2L, 11L, 312L, 5L, 1236L, 15L, 0L, 8L, 19L, 0L, 
    648L, 14L, 0L, 0L), .Dim = c(6L, 3L), .Dimnames = structure(list(
        c("-1", "-2", "0", "1", "2", NA), c("C", "G", NA)), .Names = c("", 
    "")), class = "table"), LR17_SNP4 = structure(c(0L, 0L, 2L, 
    0L, 0L, 0L, 320L, 5L, 1560L, 23L, 0L, 14L, 429L, 8L, 2166L, 
    42L, 2L, 19L, 6L, 0L, 128L, 4L, 0L, 0L), .Dim = c(6L, 4L), .Dimnames = structure(list(
        c("-1", "-2", "0", "1", "2", NA), c("A", "G", "T", NA
        )), .Names = c("", "")), class = "table"), LR20_SNP1 = structure(c(0L, 
    1L, 0L, 0L, 6L, 2488L, 2L, 0L, 5L, 2807L, 3L, 1L, 1L, 54L, 
    0L, 0L), .Dim = c(4L, 4L), .Dimnames = structure(list(c("-1", 
    "0", "1", NA), c("-", "A", "G", NA)), .Names = c("", "")), class = "table"), 
    LR24_SNP1 = structure(c(131L, 2L, 5381L, 10L, 4L, 32L, 0L, 
    5116L, 11L, 3L, 0L, 0L, 1L, 0L, 0L, 3L, 0L, 88L, 1L, 0L), .Dim = 5:4, .Dimnames = structure(list(
        c("-1", "-2", "0", "1", NA), c("A", "G", "T", NA)), .Names = c("", 
    "")), class = "table"), LR36_SNP1 = structure(c(728L, 12L, 
    0L, 0L, 2301L, 27L, 0L, 39L, 0L, 0L, 0L, 0L, 1L, 0L, 0L, 
    0L, 197L, 5L, 1L, 1L, 2702L, 21L, 0L, 13L, 17L, 2L, 0L, 0L, 
    258L, 3L, 1L, 0L), .Dim = c(8L, 4L), .Dimnames = structure(list(
        c("-1", "-2", "-3", "-4", "0", "1", "2", NA), c("A", 
        "G", "T", NA)), .Names = c("", "")), class = "table"), 
    LR40_SNP1 = structure(c(0L, 0L, 2L, 0L, 0L, 63L, 1L, 3980L, 
    42L, 3L, 0L, 0L, 30L, 0L, 0L), .Dim = c(5L, 3L), .Dimnames = structure(list(
        c("-1", "-2", "0", "1", NA), c("A", "C", NA)), .Names = c("", 
    "")), class = "table"), LR44_SNP1 = structure(c(1L, 0L, 0L, 
    0L, 3L, 0L, 0L, 0L, 1168L, 408L, 12L, 1L, 9260L, 194L, 9L, 
    28L, 0L, 0L, 0L, 0L, 1L, 0L, 0L, 0L, 7L, 2L, 0L, 0L, 111L, 
    1L, 0L, 1L, 15L, 4L, 0L, 0L, 291L, 6L, 1L, 0L), .Dim = c(8L, 
    5L), .Dimnames = structure(list(c("-1", "-2", "-3", "-4", 
    "0", "1", "2", NA), c("A", "C", "G", "T", NA)), .Names = c("", 
    "")), class = "table"),