Result <-
list(DEPDC2_SNP1 = structure(c(0L, 0L, 3L, 0L, 0L, 0L, 0L, 87L, 
0L, 0L, 186L, 2L, 14060L, 72L, 72L, 0L, 0L, 176L, 1L, 0L), .Dim = 5:4, .Dimnames = structure(list(
    c("-1", "-2", "0", "1", NA), c("A", "C", "T", NA)), .Names = c("", 
"")), class = "table"), GM01_SNP1 = structure(c(0L, 0L, 1L, 0L, 
0L, 98L, 1L, 4250L, 26L, 9L, 157L, 0L, 3847L, 21L, 5L, 7L, 0L, 
109L, 0L, 0L), .Dim = 5:4, .Dimnames = structure(list(c("-1", 
"-2", "0", "1", NA), c("-", "A", "G", NA)), .Names = c("", ""
)), class = "table"), GM07_SNP1 = structure(c(264L, 4L, 3256L, 
208L, 8L, 1L, 34L, 0L, 0L, 1L, 0L, 0L, 0L, 0L, 353L, 5L, 2917L, 
188L, 8L, 0L, 41L, 11L, 1L, 162L, 3L, 1L, 0L, 0L), .Dim = c(7L, 
4L), .Dimnames = structure(list(c("-1", "-2", "0", "1", "2", 
"3", NA), c("A", "C", "G", NA)), .Names = c("", "")), class = "table"), 
    GM09_SNP1 = structure(c(0L, 2L, 0L, 0L, 147L, 14128L, 22L, 
    2L, 1L, 114L, 0L, 0L, 0L, 5L, 0L, 0L, 3L, 121L, 0L, 0L), .Dim = 4:5, .Dimnames = structure(list(
        c("-1", "0", "1", NA), c("-", "A", "G", "T", NA)), .Names = c("", 
    "")), class = "table"), GM11_SNP1 = structure(c(10L, 2071L, 
    14L, 0L, 0L, 41L, 1865L, 23L, 1L, 1L, 0L, 1L, 0L, 0L, 0L, 
    0L, 39L, 1L, 0L, 0L), .Dim = 5:4, .Dimnames = structure(list(
        c("-1", "0", "1", "2", NA), c("A", "G", "N", NA)), .Names = c("", 
    "")), class = "table"), GM11_SNP2 = structure(c(51L, 3928L, 
    38L, 1L, 4L, 0L, 14L, 0L, 0L, 0L, 0L, 34L, 0L, 0L, 0L), .Dim = c(5L, 
    3L), .Dimnames = structure(list(c("-1", "0", "1", "2", NA
    ), c("A", "G", NA)), .Names = c("", "")), class = "table"), 
    GM14_SNP1 = structure(c(0L, 0L, 0L, 1L, 0L, 0L, 0L, 395L, 
    20L, 1L, 8453L, 198L, 5L, 16L, 0L, 0L, 0L, 3L, 0L, 0L, 0L, 
    0L, 0L, 0L, 135L, 3L, 1L, 0L), .Dim = c(7L, 4L), .Dimnames = structure(list(
        c("-1", "-2", "-3", "0", "1", "2", NA), c("A", "C", "T", 
        NA)), .Names = c("", "")), class = "table"), GM17_SNP1 = structure(c(0L, 
    0L, 3L, 0L, 0L, 0L, 205L, 2L, 10500L, 92L, 1L, 12L, 0L, 0L, 
    1L, 0L, 0L, 0L, 5L, 0L, 102L, 0L, 0L, 0L, 1L, 0L, 86L, 1L, 
    0L, 0L), .Dim = 6:5, .Dimnames = structure(list(c("-1", "-2", 
    "0", "1", "2", NA), c("A", "C", "N", "T", NA)), .Names = c("", 
    "")), class = "table"), GM22_SNP1 = structure(c(138L, 1L, 
    7613L, 49L, 0L, 12L, 1L, 0L, 82L, 1L, 0L, 0L, 0L, 0L, 2L, 
    0L, 0L, 0L, 2L, 0L, 82L, 2L, 1L, 0L), .Dim = c(6L, 4L), .Dimnames = structure(list(
        c("-1", "-2", "0", "1", "2", NA), c("A", "G", "T", NA
        )), .Names = c("", "")), class = "table"), GM26_SNP1 = structure(c(39L, 
    4L, 4469L, 21L, 1L, 6L, 0L, 0L, 2L, 0L, 0L, 0L, 1L, 0L, 28L, 
    0L, 0L, 0L), .Dim = c(6L, 3L), .Dimnames = structure(list(
        c("-1", "-2", "0", "1", "2", NA), c("A", "G", NA)), .Names = c("", 
    "")), class = "table"), GM29_SNP1 = structure(c(0L, 0L, 1L, 
    0L, 0L, 108L, 1L, 2756L, 18L, 3L, 164L, 1L, 3174L, 11L, 4L, 
    3L, 1L, 52L, 3L, 0L), .Dim = 5:4, .Dimnames = structure(list(
        c("-1", "-2", "0", "1", NA), c("-", "A", "G", NA)), .Names = c("", 
    "")), class = "table"), IM16_SNP1 = structure(c(33L, 2362L, 
    106L, 3L, 4L, 37L, 2536L, 51L, 0L, 1L, 0L, 3L, 0L, 0L, 0L, 
    0L, 76L, 10L, 0L, 0L), .Dim = 5:4, .Dimnames = structure(list(
        c("-1", "0", "1", "2", NA), c("A", "G", "T", NA)), .Names = c("", 
    "")), class = "table"), IM16_SNP2 = structure(c(69L, 4879L, 
    165L, 3L, 6L, 1L, 3L, 0L, 0L, 0L, 0L, 1L, 0L, 0L, 0L, 0L, 
    94L, 2L, 0L, 0L), .Dim = 5:4, .Dimnames = structure(list(
        c("-1", "0", "1", "2", NA), c("C", "G", "N", NA)), .Names = c("", 
    "")), class = "table"), IM16_SNP3 = structure(c(68L, 4949L, 
    167L, 3L, 8L, 2L, 28L, 0L, 0L, 0L), .Dim = c(5L, 2L), .Dimnames = structure(list(
        c("-1", "0", "1", "2", NA), c("C", NA)), .Names = c("", 
    "")), class = "table"), IM49_SNP1 = structure(c(0L, 0L, 1L, 
    0L, 0L, 0L, 0L, 258L, 9L, 5386L, 186L, 5L, 0L, 18L, 238L, 
    6L, 4121L, 181L, 7L, 1L, 15L, 0L, 0L, 2L, 0L, 0L, 0L, 0L, 
    10L, 0L, 460L, 17L, 0L, 0L, 0L), .Dim = c(7L, 5L), .Dimnames = structure(list(
        c("-1", "-2", "0", "1", "2", "3", NA), c("A", "C", "G", 
        "T", NA)), .Names = c("", "")), class = "table"), LR10_SNP1 = structure(c(0L, 
    0L, 1L, 0L, 0L, 0L, 0L, 4L, 0L, 0L, 138L, 1L, 6213L, 33L, 
    3L, 0L, 0L, 75L, 0L, 0L), .Dim = 5:4, .Dimnames = structure(list(
        c("-1", "-2", "0", "1", NA), c("A", "C", "T", NA)), .Names = c("", 
    "")), class = "table"), LR10_SNP2 = structure(c(0L, 0L, 3L, 
    0L, 0L, 0L, 0L, 7L, 0L, 0L, 138L, 1L, 6223L, 32L, 4L, 0L, 
    0L, 60L, 1L, 0L), .Dim = 5:4, .Dimnames = structure(list(
        c("-1", "-2", "0", "1", NA), c("A", "C", "T", NA)), .Names = c("", 
    "")), class = "table"), LR11_SNP1 = structure(c(90L, 2L, 
    2715L, 38L, 5L, 78L, 1L, 2419L, 78L, 11L, 0L, 0L, 1L, 0L, 
    0L, 3L, 0L, 150L, 1L, 0L), .Dim = 5:4, .Dimnames = structure(list(
        c("-1", "-2", "0", "1", NA), c("A", "C", "T", NA)), .Names = c("", 
    "")), class = "table"), LR11_SNP2 = structure(c(90L, 2L, 
    2635L, 38L, 1L, 79L, 1L, 2436L, 76L, 7L, 2L, 0L, 214L, 3L, 
    0L), .Dim = c(5L, 3L), .Dimnames = structure(list(c("-1", 
    "-2", "0", "1", NA), c("C", "G", NA)), .Names = c("", "")), class = "table"), 
    LR17_SNP1 = structure(c(395L, 22L, 1L, 6416L, 140L, 8L, 43L, 
    22L, 0L, 0L, 582L, 5L, 0L, 0L), .Dim = c(7L, 2L), .Dimnames = structure(list(
        c("-1", "-2", "-3", "0", "1", "2", NA), c("A", NA)), .Names = c("", 
    "")), class = "table"), LR17_SNP2 = structure(c(0L, 0L, 0L, 
    3L, 0L, 0L, 0L, 407L, 22L, 1L, 6566L, 138L, 7L, 20L, 10L, 
    0L, 0L, 429L, 7L, 1L, 0L), .Dim = c(7L, 3L), .Dimnames = structure(list(
        c("-1", "-2", "-3", "0", "1", "2", NA), c("A", "G", NA
        )), .Names = c("", "")), class = "table"), LR17_SNP3 = structure(c(1L, 
    0L, 0L, 21L, 0L, 0L, 0L, 370L, 21L, 1L, 4587L, 83L, 4L, 7L, 
    0L, 0L, 0L, 1L, 0L, 0L, 0L, 46L, 1L, 0L, 2389L, 62L, 4L, 
    0L), .Dim = c(7L, 4L), .Dimnames = structure(list(c("-1", 
    "-2", "-3", "0", "1", "2", NA), c("C", "G", "T", NA)), .Names = c("", 
    "")), class = "table"), LR17_SNP4 = structure(c(411L, 22L, 
    1L, 6758L, 138L, 8L, 41L, 1L, 0L, 0L, 35L, 2L, 0L, 0L, 5L, 
    0L, 0L, 205L, 5L, 0L, 0L), .Dim = c(7L, 3L), .Dimnames = structure(list(
        c("-1", "-2", "-3", "0", "1", "2", NA), c("G", "T", NA
        )), .Names = c("", "")), class = "table"), LR20_SNP1 = structure(c(0L, 
    1L, 0L, 5L, 3442L, 9L, 8L, 3097L, 9L, 0L, 1L, 0L, 0L, 40L, 
    0L), .Dim = c(3L, 5L), .Dimnames = structure(list(c("-1", 
    "0", "1"), c("-", "A", "G", "T", NA)), .Names = c("", "")), class = "table"), 
    LR24_SNP1 = structure(c(40L, 1L, 5739L, 15L, 4L, 77L, 3L, 
    5762L, 18L, 3L, 0L, 0L, 117L, 1L, 0L), .Dim = c(5L, 3L), .Dimnames = structure(list(
        c("-1", "-2", "0", "1", NA), c("A", "G", NA)), .Names = c("", 
    "")), class = "table"), LR36_SNP1 = structure(c(1L, 0L, 101L, 
    0L, 0L, 0L, 0L, 0L, 2L, 0L, 0L, 0L, 0L, 0L, 2L, 0L, 0L, 0L, 
    262L, 22L, 7475L, 94L, 3L, 42L, 6L, 2L, 443L, 4L, 0L, 0L), .Dim = 6:5, .Dimnames = structure(list(
        c("-1", "-2", "0", "1", "2", NA), c("A", "C", "G", "T", 
        NA)), .Names = c("", "")), class = "table"), LR40_SNP1 = structure(c(0L, 
    7L, 0L, 0L, 0L, 32L, 0L, 2888L, 5L, 1L, 0L, 0L, 23L, 0L, 
    0L), .Dim = c(5L, 3L), .Dimnames = structure(list(c("-1", 
    "-5", "0", "1", NA), c("A", "C", NA)), .Names = c("", "")), class = "table"), 
    LR44_SNP1 = structure(c(0L, 0L, 1L, 0L, 0L, 0L, 378L, 17L, 
    2859L, 89L, 3L, 8L, 0L, 0L, 5L, 0L, 0L, 0L, 299L, 17L, 2740L, 
    76L, 5L, 13L, 8L, 0L, 168L, 3L, 0L, 0L), .Dim = 6:5, .Dimnames = structure(list(
        c("-1", "-2", "0", "1", "2", NA), c("A", "C", "G", "T", 
        NA)), .Names = c("", "")), class = "table"), LR44_SNP2 = structure(c(0L, 
    0L, 1L, 0L, 0L, 0L, 370L, 17L, 2876L, 89L, 3L, 5L, 0L, 0L, 
    5L, 0L, 0L, 0L, 302L, 17L, 2781L, 77L, 5L, 17L, 13L, 0L, 
    110L, 2L, 0L, 0L),