Result <-
list(DEPDC2_SNP1 = structure(c(0L, 3L, 0L, 0L, 89L, 8922L, 42L, 
20L, 52L, 7122L, 65L, 27L, 3L, 332L, 1L, 0L), .Dim = c(4L, 4L
), .Dimnames = structure(list(c("-1", "0", "1", NA), c("A", "C", 
"T", NA)), .Names = c("", "")), class = "table"), GM01_SNP1 = structure(c(1954L, 
9L, 2L, 4961L, 19L, 35L, 117L, 1L, 0L, 5103L, 21L, 9L, 0L, 0L, 
0L, 3L, 0L, 0L, 16L, 1L, 0L, 140L, 2L, 0L), .Dim = c(6L, 4L), .Dimnames = structure(list(
    c("-1", "-2", "-3", "0", "1", NA), c("A", "G", "T", NA)), .Names = c("", 
"")), class = "table"), GM07_SNP1 = structure(c(1L, 0L, 1L, 0L, 
0L, 0L, 2178L, 51L, 2192L, 58L, 0L, 72L, 364L, 4L, 5082L, 116L, 
1L, 34L, 1L, 0L, 0L, 0L, 0L, 0L, 14L, 0L, 182L, 6L, 0L, 0L), .Dim = 6:5, .Dimnames = structure(list(
    c("-1", "-2", "0", "1", "2", NA), c("-", "A", "G", "T", NA
    )), .Names = c("", "")), class = "table"), GM09_SNP1 = structure(c(2L, 
0L, 94L, 0L, 0L, 11088L, 59L, 7569L, 6L, 102L, 1L, 0L, 0L, 0L, 
0L, 59L, 0L, 113L, 0L, 0L), .Dim = 5:4, .Dimnames = structure(list(
    c("-1", "-2", "0", "1", NA), c("A", "G", "T", NA)), .Names = c("", 
"")), class = "table"), GM11_SNP1 = structure(c(15L, 1L, 2951L, 
64L, 1L, 3L, 2L, 0L, 86L, 1L, 0L, 0L, 0L, 0L, 14L, 0L, 0L, 0L
), .Dim = c(6L, 3L), .Dimnames = structure(list(c("-1", "-2", 
"0", "1", "2", NA), c("A", "G", NA)), .Names = c("", "")), class = "table"), 
    GM11_SNP2 = structure(c(10L, 1L, 1795L, 56L, 1L, 3L, 6L, 
    0L, 1229L, 8L, 0L, 0L, 1L, 0L, 27L, 1L, 0L, 0L), .Dim = c(6L, 
    3L), .Dimnames = structure(list(c("-1", "-2", "0", "1", "2", 
    NA), c("A", "G", NA)), .Names = c("", "")), class = "table"), 
    GM14_SNP1 = structure(c(0L, 0L, 1L, 0L, 0L, 0L, 221L, 7L, 
    6386L, 116L, 5L, 20L, 226L, 15L, 3261L, 18L, 0L, 3L, 1L, 
    0L, 159L, 1L, 0L, 0L), .Dim = c(6L, 4L), .Dimnames = structure(list(
        c("-1", "-2", "0", "1", "2", NA), c("A", "C", "T", NA
        )), .Names = c("", "")), class = "table"), GM17_SNP1 = structure(c(240L, 
    3L, 9827L, 24L, 3L, 0L, 0L, 98L, 1L, 0L, 0L, 0L, 98L, 0L, 
    0L), .Dim = c(5L, 3L), .Dimnames = structure(list(c("-1", 
    "-2", "0", "1", NA), c("C", "T", NA)), .Names = c("", "")), class = "table"), 
    GM22_SNP1 = structure(c(114L, 2L, 5378L, 24L, 9L, 0L, 0L, 
    1L, 0L, 0L, 1L, 0L, 105L, 0L, 0L), .Dim = c(5L, 3L), .Dimnames = structure(list(
        c("-1", "-2", "0", "1", NA), c("A", "G", NA)), .Names = c("", 
    "")), class = "table"), GM26_SNP1 = structure(c(3L, 0L, 446L, 
    0L, 0L, 1L, 32L, 3L, 3340L, 9L, 1L, 3L, 0L, 0L, 71L, 0L, 
    0L, 0L), .Dim = c(6L, 3L), .Dimnames = structure(list(c("-1", 
    "-2", "0", "1", "2", NA), c("A", "G", NA)), .Names = c("", 
    "")), class = "table"), GM29_SNP1 = structure(c(33L, 1L, 
    2059L, 8L, 3L, 83L, 1L, 4199L, 9L, 2L, 0L, 0L, 69L, 0L, 0L
    ), .Dim = c(5L, 3L), .Dimnames = structure(list(c("-1", "-2", 
    "0", "1", NA), c("A", "G", NA)), .Names = c("", "")), class = "table"), 
    IM16_SNP1 = structure(c(3L, 419L, 8L, 0L, 0L, 1L, 0L, 0L, 
    106L, 5179L, 48L, 4L, 0L, 1L, 0L, 0L, 0L, 96L, 9L, 0L), .Dim = 4:5, .Dimnames = structure(list(
        c("-1", "0", "1", NA), c("A", "C", "G", "T", NA)), .Names = c("", 
    "")), class = "table"), IM16_SNP2 = structure(c(0L, 2L, 0L, 
    0L, 107L, 5606L, 62L, 4L, 0L, 4L, 0L, 0L, 2L, 84L, 3L, 0L
    ), .Dim = c(4L, 4L), .Dimnames = structure(list(c("-1", "0", 
    "1", NA), c("A", "C", "G", NA)), .Names = c("", "")), class = "table"), 
    IM16_SNP3 = structure(c(108L, 5662L, 64L, 7L, 1L, 34L, 1L, 
    0L), .Dim = c(4L, 2L), .Dimnames = structure(list(c("-1", 
    "0", "1", NA), c("C", NA)), .Names = c("", "")), class = "table"), 
    IM49_SNP1 = structure(c(3001L, 195L, 2L, 0L, 4533L, 77L, 
    1L, 68L, 2842L, 196L, 2L, 1L, 616L, 11L, 0L, 59L, 62L, 6L, 
    0L, 0L, 191L, 3L, 0L, 0L), .Dim = c(8L, 3L), .Dimnames = structure(list(
        c("-1", "-2", "-3", "-4", "0", "1", "2", NA), c("C", 
        "G", NA)), .Names = c("", "")), class = "table"), LR10_SNP1 = structure(c(1L, 
    64L, 1L, 0L, 113L, 5990L, 15L, 5L, 0L, 74L, 0L, 0L), .Dim = 4:3, .Dimnames = structure(list(
        c("-1", "0", "1", NA), c("C", "T", NA)), .Names = c("", 
    "")), class = "table"), LR10_SNP2 = structure(c(6L, 661L, 
    2L, 1L, 0L, 1L, 0L, 0L, 106L, 5416L, 14L, 4L, 2L, 50L, 0L, 
    0L), .Dim = c(4L, 4L), .Dimnames = structure(list(c("-1", 
    "0", "1", NA), c("C", "G", "T", NA)), .Names = c("", "")), class = "table"), 
    LR11_SNP1 = structure(c(428L, 3L, 10193L, 100L, 18L, 3L, 
    0L, 64L, 1L, 0L, 0L, 0L, 1L, 0L, 0L, 3L, 0L, 167L, 0L, 0L
    ), .Dim = 5:4, .Dimnames = structure(list(c("-1", "-2", "0", 
    "1", NA), c("A", "C", "G", NA)), .Names = c("", "")), class = "table"), 
    LR11_SNP2 = structure(c(0L, 0L, 1L, 0L, 0L, 413L, 3L, 10013L, 
    98L, 13L, 3L, 0L, 60L, 1L, 0L, 0L, 0L, 3L, 0L, 0L, 18L, 0L, 
    348L, 2L, 0L), .Dim = c(5L, 5L), .Dimnames = structure(list(
        c("-1", "-2", "0", "1", NA), c("A", "C", "G", "T", NA
        )), .Names = c("", "")), class = "table"), LR17_SNP1 = structure(c(2212L, 
    42L, 1L, 3916L, 67L, 2L, 68L, 108L, 0L, 0L, 262L, 2L, 0L, 
    0L), .Dim = c(7L, 2L), .Dimnames = structure(list(c("-1", 
    "-2", "-3", "0", "1", "2", NA), c("A", NA)), .Names = c("", 
    "")), class = "table"), LR17_SNP2 = structure(c(0L, 0L, 0L, 
    1L, 0L, 0L, 0L, 0L, 0L, 0L, 1L, 0L, 0L, 0L, 2276L, 41L, 1L, 
    3828L, 64L, 2L, 36L, 44L, 1L, 0L, 348L, 5L, 0L, 0L), .Dim = c(7L, 
    4L), .Dimnames = structure(list(c("-1", "-2", "-3", "0", 
    "1", "2", NA), c("A", "C", "G", NA)), .Names = c("", "")), class = "table"), 
    LR17_SNP3 = structure(c(0L, 0L, 0L, 1L, 0L, 0L, 0L, 2268L, 
    42L, 1L, 3628L, 61L, 2L, 49L, 2L, 0L, 0L, 43L, 1L, 0L, 0L, 
    50L, 0L, 0L, 506L, 7L, 0L, 0L), .Dim = c(7L, 4L), .Dimnames = structure(list(
        c("-1", "-2", "-3", "0", "1", "2", NA), c("-", "C", "G", 
        NA)), .Names = c("", "")), class = "table"), LR17_SNP4 = structure(c(2L, 
    0L, 0L, 65L, 1L, 0L, 0L, 2298L, 41L, 1L, 4012L, 68L, 2L, 
    83L, 20L, 1L, 0L, 101L, 0L, 0L, 0L), .Dim = c(7L, 3L), .Dimnames = structure(list(
        c("-1", "-2", "-3", "0", "1", "2", NA), c("G", "T", NA
        )), .Names = c("", "")), class = "table"), LR20_SNP1 = structure(c(42L, 
    6480L, 9L, 0L, 14L, 0L, 0L, 16L, 1L), .Dim = c(3L, 3L), .Dimnames = structure(list(
        c("-1", "0", "1"), c("A", "G", NA)), .Names = c("", ""
    )), class = "table"), LR24_SNP1 = structure(c(210L, 1L, 24508L, 
    68L, 22L, 1L, 0L, 115L, 0L, 1L, 0L, 0L, 2L, 0L, 0L, 2L, 0L, 
    224L, 1L, 0L), .Dim = 5:4, .Dimnames = structure(list(c("-1", 
    "-3", "0", "1", NA), c("A", "G", "T", NA)), .Names = c("", 
    "")), class = "table"), LR36_SNP1 = structure(c(0L, 0L, 0L, 
    0L, 1L, 0L, 0L, 0L, 191L, 8L, 0L, 1L, 3501L, 59L, 1L, 30L, 
    0L, 0L, 0L, 0L, 1L, 0L, 0L, 0L, 1L, 0L, 0L, 0L, 0L, 0L, 0L, 
    0L, 3030L, 31L, 3L, 2L, 757L, 5L, 0L, 107L, 133L, 0L, 1L, 
    0L, 174L, 1L, 0L, 0L), .Dim = c(8L, 6L), .Dimnames = structure(list(
        c("-1", "-2", "-3", "-4", "0", "1", "2", NA), c("-", 
        "A", "C", "G", "T", NA)), .Names = c("", "")), class = "table"), 
    LR40_SNP1 = structure(c(0L, 0L, 4L, 0L, 0L, 0L, 171L, 1L, 
    7077L, 23L, 1L, 1L, 1L, 0L, 48L, 0L, 0L, 0L), .Dim = c(6L, 
    3L), .Dimnames = structure(list(c("-1", "-2", "0", "1", "2", 
    NA), c("A", "C", NA)), .Names = c("", "")), class = "table"), 
    LR44_SNP1 = structure(c(0L, 0L, 0L, 12L, 0L, 0L, 0L, 0L, 
    3627L, 462L, 104L, 1446L, 1291L, 51L, 1L, 96L, 35L, 3L, 0L, 
    0L, 0L, 0L, 0L, 1L, 59L, 66L, 1L, 56L, 19L, 1L, 0L, 0L, 46L, 
    6L, 2L, 71L, 29L, 1L, 0L, 0L), .Dim = c(8L, 5L), .Dimnames = structure(list(
        c("-1", "-2", "-3", "0", "1", "2", "3", NA), c("A", "C", 
        "G", "T", NA)), .Names = c("", "")), class = "table"), 
    LR44_SNP2 = structure(c(0L, 0L, 0L, 50L, 0L, 0L, 0L, 3L, 
    5L, 0L, 0L, 0L, 0L, 0L, 0L, 0L, 3673L, 464L, 106L, 1435L, 
    1304L, 51L, 1L, 69L, 18L, 66L, 1L, 14L, 0L, 0L, 0L, 0L, 71L, 
    7L, 0L, 86L, 35L, 2L, 0L, 0L), .Dim = c(8L, 5L),