Result <-
list(DEPDC2_SNP1 = structure(c(1L, 0L, 2L, 0L, 0L, 0L, 3816L, 
12L, 6543L, 1951L, 21L, 1103L, 0L, 0L, 1L, 0L, 0L, 0L, 0L, 0L, 
84L, 2L, 0L, 1L, 69L, 0L, 237L, 33L, 2L, 0L), .Dim = 6:5, .Dimnames = structure(list(
    c("-1", "-2", "0", "1", "2", NA), c("A", "C", "G", "T", NA
    )), .Names = c("", "")), class = "table"), GM01_SNP1 = structure(c(0L, 
0L, 1L, 0L, 0L, 264L, 2L, 7533L, 39L, 11L, 1L, 0L, 16L, 0L, 0L, 
0L, 0L, 1L, 0L, 0L, 5L, 0L, 78L, 0L, 0L), .Dim = c(5L, 5L), .Dimnames = structure(list(
    c("-1", "-2", "0", "1", NA), c("-", "A", "G", "T", NA)), .Names = c("", 
"")), class = "table"), GM07_SNP1 = structure(c(0L, 0L, 0L, 2L, 
1L, 0L, 0L, 0L, 2079L, 127L, 1L, 3412L, 939L, 41L, 2L, 167L, 
2L, 0L, 0L, 21L, 0L, 0L, 0L, 0L, 0L, 0L, 0L, 1L, 0L, 0L, 0L, 
0L, 16L, 3L, 0L, 73L, 5L, 0L, 0L, 0L), .Dim = c(8L, 5L), .Dimnames = structure(list(
    c("-1", "-2", "-3", "0", "1", "2", "3", NA), c("-", "A", 
    "G", "T", NA)), .Names = c("", "")), class = "table"), GM09_SNP1 = structure(c(3288L, 
1L, 3747L, 97L, 23L, 82L, 0L, 6429L, 6L, 2L, 1L, 0L, 0L, 0L, 
0L, 13L, 0L, 91L, 2L, 0L), .Dim = 5:4, .Dimnames = structure(list(
    c("-1", "-2", "0", "1", NA), c("A", "G", "T", NA)), .Names = c("", 
"")), class = "table"), GM11_SNP1 = structure(c(1L, 0L, 19L, 
0L, 0L, 2401L, 1L, 2035L, 12L, 9L, 0L, 0L, 1L, 0L, 0L, 6L, 0L, 
7L, 0L, 0L), .Dim = 5:4, .Dimnames = structure(list(c("-1", "-2", 
"0", "1", NA), c("A", "G", "T", NA)), .Names = c("", "")), class = "table"), 
    GM11_SNP2 = structure(c(2398L, 1L, 2045L, 11L, 7L, 0L, 0L, 
    1L, 0L, 0L, 10L, 0L, 16L, 1L, 0L), .Dim = c(5L, 3L), .Dimnames = structure(list(
        c("-1", "-2", "0", "1", NA), c("A", "T", NA)), .Names = c("", 
    "")), class = "table"), GM14_SNP1 = structure(c(2L, 0L, 0L, 
    0L, 43L, 0L, 0L, 116L, 1960L, 9L, 1L, 5334L, 26L, 32L, 0L, 
    3L, 0L, 0L, 93L, 0L, 0L), .Dim = c(7L, 3L), .Dimnames = structure(list(
        c("-1", "-2", "-3", "-4", "0", "1", NA), c("C", "T", 
        NA)), .Names = c("", "")), class = "table"), GM17_SNP1 = structure(c(2224L, 
    5L, 5099L, 11L, 1L, 23L, 1L, 0L, 33L, 0L, 0L, 0L, 8L, 0L, 
    65L, 2L, 0L, 0L), .Dim = c(6L, 3L), .Dimnames = structure(list(
        c("-1", "-2", "0", "1", "2", NA), c("C", "T", NA)), .Names = c("", 
    "")), class = "table"), GM22_SNP1 = structure(c(1819L, 6L, 
    4209L, 97L, 2L, 22L, 1L, 0L, 9L, 0L, 0L, 0L, 8L, 0L, 75L, 
    1L, 0L, 0L), .Dim = c(6L, 3L), .Dimnames = structure(list(
        c("-1", "-2", "0", "1", "2", NA), c("A", "G", NA)), .Names = c("", 
    "")), class = "table"), GM26_SNP1 = structure(c(0L, 0L, 6L, 
    0L, 0L, 112L, 1L, 5863L, 16L, 8L, 1L, 0L, 101L, 0L, 0L), .Dim = c(5L, 
    3L), .Dimnames = structure(list(c("-1", "-2", "0", "1", NA
    ), c("A", "G", NA)), .Names = c("", "")), class = "table"), 
    GM29_SNP1 = structure(c(213L, 1L, 4390L, 180L, 767L, 21L, 
    1L, 23L, 0L, 0L, 8L, 0L, 0L, 0L, 0L, 0L, 2L, 0L, 67L, 2L, 
    10L, 0L, 0L, 0L), .Dim = c(8L, 3L), .Dimnames = structure(list(
        c("-1", "-2", "0", "1", "2", "3", "4", NA), c("A", "G", 
        NA)), .Names = c("", "")), class = "table"), IM16_SNP1 = structure(c(91L, 
    1420L, 4016L, 66L, 9L, 0L, 0L, 21L, 0L, 0L, 0L, 10L, 60L, 
    3L, 0L), .Dim = c(5L, 3L), .Dimnames = structure(list(c("-1", 
    "-2", "0", "1", NA), c("A", "G", NA)), .Names = c("", "")), class = "table"), 
    IM16_SNP2 = structure(c(78L, 18L, 2784L, 46L, 2L, 12L, 1406L, 
    1250L, 20L, 5L, 1L, 6L, 63L, 3L, 0L), .Dim = c(5L, 3L), .Dimnames = structure(list(
        c("-1", "-2", "0", "1", NA), c("C", "G", NA)), .Names = c("", 
    "")), class = "table"), IM16_SNP3 = structure(c(91L, 1417L, 
    4069L, 69L, 8L, 0L, 13L, 28L, 0L, 0L), .Dim = c(5L, 2L), .Dimnames = structure(list(
        c("-1", "-2", "0", "1", NA), c("C", NA)), .Names = c("", 
    "")), class = "table"), IM49_SNP1 = structure(c(1593L, 181L, 
    0L, 2373L, 34L, 47L, 2059L, 251L, 3L, 1597L, 44L, 47L, 0L, 
    0L, 0L, 2L, 0L, 0L, 58L, 5L, 0L, 144L, 2L, 0L), .Dim = c(6L, 
    4L), .Dimnames = structure(list(c("-1", "-2", "-3", "0", 
    "1", NA), c("C", "G", "T", NA)), .Names = c("", "")), class = "table"), 
    LR10_SNP1 = structure(c(0L, 0L, 0L, 0L, 1L, 0L, 0L, 0L, 4L, 
    0L, 0L, 18L, 0L, 0L, 0L, 1L, 94L, 1L, 1L, 3226L, 1297L, 80L, 
    4L, 39L, 2L, 0L, 0L, 58L, 64L, 7L, 0L, 0L), .Dim = c(8L, 
    4L), .Dimnames = structure(list(c("-1", "-2", "-3", "0", 
    "1", "2", "3", NA), c("A", "C", "T", NA)), .Names = c("", 
    "")), class = "table"), LR10_SNP2 = structure(c(0L, 0L, 0L, 
    1L, 0L, 0L, 0L, 0L, 33L, 0L, 1L, 1093L, 1340L, 83L, 4L, 37L, 
    67L, 1L, 0L, 2166L, 6L, 0L, 0L, 5L, 0L, 0L, 0L, 42L, 16L, 
    4L, 0L, 0L), .Dim = c(8L, 4L), .Dimnames = structure(list(
        c("-1", "-2", "-3", "0", "1", "2", "3", NA), c("A", "C", 
        "T", NA)), .Names = c("", "")), class = "table"), LR11_SNP1 = structure(c(0L, 
    0L, 2L, 0L, 0L, 0L, 390L, 6L, 6019L, 44L, 2L, 12L, 1L, 0L, 
    6L, 0L, 0L, 0L, 0L, 0L, 1L, 0L, 0L, 0L, 0L, 0L, 86L, 0L, 
    0L, 0L), .Dim = 6:5, .Dimnames = structure(list(c("-1", "-2", 
    "0", "1", "2", NA), c("-", "A", "C", "T", NA)), .Names = c("", 
    "")), class = "table"), LR11_SNP2 = structure(c(381L, 6L, 
    5899L, 43L, 2L, 11L, 1L, 0L, 5L, 0L, 0L, 0L, 9L, 0L, 210L, 
    1L, 0L, 0L), .Dim = c(6L, 3L), .Dimnames = structure(list(
        c("-1", "-2", "0", "1", "2", NA), c("C", "G", NA)), .Names = c("", 
    "")), class = "table"), LR17_SNP1 = structure(c(1938L, 87L, 
    1L, 3414L, 50L, 49L, 1L, 0L, 0L, 0L, 0L, 0L, 92L, 2L, 0L, 
    257L, 1L, 0L), .Dim = c(6L, 3L), .Dimnames = structure(list(
        c("-1", "-2", "-3", "0", "1", NA), c("A", "G", NA)), .Names = c("", 
    "")), class = "table"), LR17_SNP2 = structure(c(0L, 0L, 0L, 
    1L, 0L, 0L, 1L, 0L, 0L, 0L, 0L, 0L, 2009L, 89L, 1L, 3322L, 
    46L, 30L, 21L, 0L, 0L, 348L, 5L, 0L), .Dim = c(6L, 4L), .Dimnames = structure(list(
        c("-1", "-2", "-3", "0", "1", NA), c("A", "C", "G", NA
        )), .Names = c("", "")), class = "table"), LR17_SNP3 = structure(c(0L, 
    0L, 0L, 1L, 0L, 0L, 1945L, 85L, 1L, 3056L, 42L, 40L, 1L, 
    0L, 0L, 13L, 0L, 0L, 85L, 4L, 0L, 601L, 9L, 0L), .Dim = c(6L, 
    4L), .Dimnames = structure(list(c("-1", "-2", "-3", "0", 
    "1", NA), c("-", "C", "G", NA)), .Names = c("", "")), class = "table"), 
    LR17_SNP4 = structure(c(0L, 0L, 0L, 2L, 0L, 0L, 2L, 0L, 0L, 
    19L, 0L, 0L, 2018L, 88L, 1L, 3558L, 51L, 61L, 11L, 1L, 0L, 
    92L, 0L, 0L), .Dim = c(6L, 4L), .Dimnames = structure(list(
        c("-1", "-2", "-3", "0", "1", NA), c("C", "G", "T", NA
        )), .Names = c("", "")), class = "table"), LR20_SNP1 = structure(c(1L, 
    18L, 0L, 1L, 9L, 7520L, 7L, 1L, 0L, 1L, 0L, 0L, 2L, 90L, 
    0L, 0L), .Dim = c(4L, 4L), .Dimnames = structure(list(c("-1", 
    "0", "1", NA), c("A", "G", "T", NA)), .Names = c("", "")), class = "table"), 
    LR24_SNP1 = structure(c(3105L, 145L, 1L, 5499L, 3099L, 22L, 
    104L, 1L, 0L, 0L, 49L, 0L, 0L, 0L, 0L, 0L, 0L, 1L, 0L, 0L, 
    0L, 12L, 1L, 0L, 56L, 22L, 1L, 0L), .Dim = c(7L, 4L), .Dimnames = structure(list(
        c("-1", "-2", "-3", "0", "1", "2", NA), c("A", "G", "T", 
        NA)), .Names = c("", "")), class = "table"), LR36_SNP1 = structure(c(1714L, 
    323L, 20L, 1560L, 17L, 0L, 84L, 0L, 0L, 0L, 1L, 0L, 0L, 0L, 
    1L, 0L, 0L, 0L, 0L, 0L, 0L, 312L, 79L, 2L, 2600L, 31L, 1L, 
    19L, 27L, 5L, 0L, 228L, 1L, 0L, 0L), .Dim = c(7L, 5L), .Dimnames = structure(list(
        c("-1", "-2", "-3", "0", "1", "2", NA), c("A", "C", "G", 
        "T", NA)), .Names = c("", "")), class = "table"), LR40_SNP1 = structure(c(34L, 
    3813L, 12L, 2L, 0L, 17L, 1L, 0L), .Dim = c(4L, 2L), .Dimnames = structure(list(
        c("-1", "0", "1", NA), c("C", NA)), .Names = c("", ""
    )), class = "table"), LR44_SNP1 = structure(c(1L, 0L, 0L, 
    0L, 0L, 0L, 0L, 0L, 0L, 0L, 233L, 2116L, 57L, 1L, 1L, 1314L, 
    15L, 1L, 1L, 13L, 671L, 27L, 0L, 0L, 0L, 3036L, 171L, 85L, 
    0L, 26L, 10L, 10L, 1L, 0L, 0L, 97L, 1L, 0L, 0L, 0L), .Dim = c(10L, 
    4L),