Result <-
list(DEPDC2_SNP1 = structure(c(0L, 0L, 2L, 0L, 0L, 177L, 1L, 
9973L, 34L, 27L, 81L, 1L, 13052L, 53L, 31L, 5L, 0L, 399L, 0L, 
0L), .Dim = 5:4, .Dimnames = structure(list(c("-1", "-2", "0", 
"1", NA), c("A", "C", "T", NA)), .Names = c("", "")), class = "table"), 
    GM01_SNP1 = structure(c(82L, 1L, 3918L, 18L, 0L, 3L, 112L, 
    0L, 4965L, 149L, 1L, 8L, 0L, 0L, 85L, 1L, 0L, 0L), .Dim = c(6L, 
    3L), .Dimnames = structure(list(c("-1", "-2", "0", "1", "2", 
    NA), c("A", "G", NA)), .Names = c("", "")), class = "table"), 
    GM07_SNP1 = structure(c(0L, 0L, 2L, 0L, 0L, 0L, 0L, 336L, 
    6L, 5322L, 245L, 11L, 0L, 37L, 240L, 5L, 4546L, 199L, 16L, 
    1L, 40L, 0L, 0L, 1L, 0L, 0L, 0L, 0L, 3L, 0L, 171L, 4L, 1L, 
    0L, 0L), .Dim = c(7L, 5L), .Dimnames = structure(list(c("-1", 
    "-2", "0", "1", "2", "3", NA), c("-", "A", "G", "T", NA)), .Names = c("", 
    "")), class = "table"), GM09_SNP1 = structure(c(143L, 17083L, 
    20L, 2L, 3L, 71L, 0L, 0L, 1L, 115L, 0L, 0L), .Dim = 4:3, .Dimnames = structure(list(
        c("-1", "0", "1", NA), c("A", "G", NA)), .Names = c("", 
    "")), class = "table"), GM11_SNP1 = structure(c(1L, 134L, 
    0L, 0L, 36L, 4933L, 45L, 2L, 0L, 41L, 0L, 0L), .Dim = 4:3, .Dimnames = structure(list(
        c("-1", "0", "1", NA), c("A", "G", NA)), .Names = c("", 
    "")), class = "table"), GM11_SNP2 = structure(c(37L, 5074L, 
    45L, 3L, 0L, 2L, 0L, 0L, 0L, 1L, 0L, 0L, 0L, 31L, 0L, 0L), .Dim = c(4L, 
    4L), .Dimnames = structure(list(c("-1", "0", "1", NA), c("A", 
    "G", "T", NA)), .Names = c("", "")), class = "table"), GM14_SNP1 = structure(c(1L, 
    0L, 0L, 0L, 0L, 0L, 0L, 0L, 0L, 0L, 1L, 0L, 0L, 0L, 220L, 
    4L, 1L, 5403L, 45L, 4L, 13L, 0L, 0L, 0L, 1L, 0L, 0L, 0L, 
    331L, 8L, 3L, 4906L, 30L, 0L, 8L, 1L, 0L, 0L, 149L, 1L, 0L, 
    0L), .Dim = 7:6, .Dimnames = structure(list(c("-1", "-2", 
    "-3", "0", "1", "2", NA), c("-", "A", "C", "G", "T", NA)), .Names = c("", 
    "")), class = "table"), GM17_SNP1 = structure(c(0L, 0L, 1L, 
    0L, 0L, 0L, 10L, 0L, 396L, 0L, 0L, 2L, 125L, 4L, 10727L, 
    40L, 2L, 5L, 2L, 0L, 79L, 1L, 0L, 0L), .Dim = c(6L, 4L), .Dimnames = structure(list(
        c("-1", "-2", "0", "1", "2", NA), c("A", "C", "T", NA
        )), .Names = c("", "")), class = "table"), GM22_SNP1 = structure(c(121L, 
    3L, 8333L, 60L, 1L, 7L, 0L, 0L, 1L, 0L, 0L, 0L, 0L, 0L, 3L, 
    0L, 0L, 0L, 1L, 0L, 152L, 1L, 0L, 0L), .Dim = c(6L, 4L), .Dimnames = structure(list(
        c("-1", "-2", "0", "1", "2", NA), c("A", "C", "G", NA
        )), .Names = c("", "")), class = "table"), GM26_SNP1 = structure(c(76L, 
    0L, 4365L, 11L, 0L, 3L, 39L, 3L, 4658L, 20L, 2L, 9L, 4L, 
    0L, 154L, 0L, 0L, 0L), .Dim = c(6L, 3L), .Dimnames = structure(list(
        c("-1", "-2", "0", "1", "2", NA), c("A", "G", NA)), .Names = c("", 
    "")), class = "table"), GM29_SNP1 = structure(c(300L, 7639L, 
    31L, 6L, 0L, 5L, 0L, 1L, 2L, 96L, 0L, 0L), .Dim = 4:3, .Dimnames = structure(list(
        c("-1", "0", "1", NA), c("A", "G", NA)), .Names = c("", 
    "")), class = "table"), IM16_SNP1 = structure(c(29L, 2462L, 
    24L, 3L, 2L, 26L, 2446L, 113L, 1L, 4L, 0L, 2L, 0L, 0L, 0L, 
    0L, 70L, 7L, 0L, 0L), .Dim = 5:4, .Dimnames = structure(list(
        c("-1", "0", "1", "2", NA), c("A", "G", "T", NA)), .Names = c("", 
    "")), class = "table"), IM16_SNP2 = structure(c(0L, 1L, 0L, 
    0L, 0L, 55L, 4913L, 137L, 4L, 5L, 0L, 1L, 0L, 0L, 0L, 0L, 
    2L, 0L, 0L, 0L, 0L, 63L, 7L, 0L, 0L), .Dim = c(5L, 5L), .Dimnames = structure(list(
        c("-1", "0", "1", "2", NA), c("A", "C", "G", "T", NA)), .Names = c("", 
    "")), class = "table"), IM16_SNP3 = structure(c(0L, 1L, 0L, 
    0L, 0L, 55L, 4940L, 144L, 4L, 5L, 0L, 1L, 0L, 0L, 0L, 0L, 
    38L, 0L, 0L, 0L), .Dim = 5:4, .Dimnames = structure(list(
        c("-1", "0", "1", "2", NA), c("A", "C", "T", NA)), .Names = c("", 
    "")), class = "table"), IM49_SNP1 = structure(c(386L, 2L, 
    7108L, 177L, 4L, 23L, 429L, 9L, 5476L, 201L, 3L, 22L, 0L, 
    0L, 3L, 0L, 0L, 0L, 11L, 0L, 406L, 20L, 0L, 0L), .Dim = c(6L, 
    4L), .Dimnames = structure(list(c("-1", "-2", "0", "1", "2", 
    NA), c("C", "G", "T", NA)), .Names = c("", "")), class = "table"), 
    LR10_SNP1 = structure(c(260L, 9501L, 81L, 13L, 1L, 29L, 0L, 
    1L, 4L, 145L, 1L, 0L), .Dim = 4:3, .Dimnames = structure(list(
        c("-1", "0", "1", NA), c("C", "T", NA)), .Names = c("", 
    "")), class = "table"), LR10_SNP2 = structure(c(0L, 1L, 0L, 
    0L, 264L, 9548L, 78L, 13L, 0L, 14L, 0L, 1L, 1L, 112L, 4L, 
    0L), .Dim = c(4L, 4L), .Dimnames = structure(list(c("-1", 
    "0", "1", NA), c("-", "C", "T", NA)), .Names = c("", "")), class = "table"), 
    LR11_SNP1 = structure(c(118L, 5L, 4102L, 54L, 6L, 90L, 7L, 
    2875L, 20L, 3L, 0L, 0L, 2L, 0L, 0L, 7L, 1L, 139L, 1L, 0L), .Dim = 5:4, .Dimnames = structure(list(
        c("-1", "-2", "0", "1", NA), c("A", "C", "T", NA)), .Names = c("", 
    "")), class = "table"), LR11_SNP2 = structure(c(116L, 6L, 
    4032L, 52L, 5L, 92L, 6L, 2895L, 21L, 3L, 7L, 1L, 191L, 2L, 
    0L), .Dim = c(5L, 3L), .Dimnames = structure(list(c("-1", 
    "-2", "0", "1", NA), c("C", "G", NA)), .Names = c("", "")), class = "table"), 
    LR17_SNP1 = structure(c(120L, 4L, 2851L, 99L, 3L, 20L, 0L, 
    0L, 1L, 0L, 0L, 0L, 0L, 0L, 1L, 0L, 0L, 0L, 5L, 0L, 189L, 
    1L, 0L, 0L), .Dim = c(6L, 4L), .Dimnames = structure(list(
        c("-1", "-2", "0", "1", "2", NA), c("A", "G", "T", NA
        )), .Names = c("", "")), class = "table"), LR17_SNP2 = structure(c(0L, 
    0L, 4L, 0L, 0L, 0L, 121L, 4L, 2777L, 92L, 3L, 5L, 0L, 0L, 
    2L, 0L, 0L, 0L, 4L, 0L, 259L, 8L, 0L, 0L), .Dim = c(6L, 4L
    ), .Dimnames = structure(list(c("-1", "-2", "0", "1", "2", 
    NA), c("A", "G", "T", NA)), .Names = c("", "")), class = "table"), 
    LR17_SNP3 = structure(c(112L, 4L, 2538L, 89L, 3L, 5L, 9L, 
    0L, 136L, 1L, 0L, 0L, 4L, 0L, 368L, 10L, 0L, 0L), .Dim = c(6L, 
    3L), .Dimnames = structure(list(c("-1", "-2", "0", "1", "2", 
    NA), c("C", "G", NA)), .Names = c("", "")), class = "table"), 
    LR17_SNP4 = structure(c(9L, 0L, 167L, 2L, 0L, 2L, 113L, 4L, 
    2793L, 96L, 3L, 14L, 3L, 0L, 82L, 2L, 0L, 0L), .Dim = c(6L, 
    3L), .Dimnames = structure(list(c("-1", "-2", "0", "1", "2", 
    NA), c("G", "T", NA)), .Names = c("", "")), class = "table"), 
    LR20_SNP1 = structure(c(11L, 6639L, 15L, 2L, 0L, 356L, 1L, 
    0L, 0L, 22L, 0L, 0L), .Dim = 4:3, .Dimnames = structure(list(
        c("-1", "0", "1", NA), c("A", "G", NA)), .Names = c("", 
    "")), class = "table"), LR24_SNP1 = structure(c(0L, 0L, 1L, 
    0L, 0L, 28L, 0L, 5819L, 17L, 8L, 16L, 1L, 5786L, 20L, 6L, 
    0L, 0L, 1L, 0L, 0L, 1L, 0L, 77L, 0L, 0L), .Dim = c(5L, 5L
    ), .Dimnames = structure(list(c("-1", "-2", "0", "1", NA), 
        c("-", "A", "G", "T", NA)), .Names = c("", "")), class = "table"), 
    LR36_SNP1 = structure(c(1L, 0L, 0L, 32L, 0L, 0L, 0L, 1L, 
    0L, 0L, 0L, 0L, 0L, 0L, 0L, 0L, 0L, 1L, 0L, 0L, 0L, 160L, 
    10L, 4L, 8481L, 142L, 1L, 33L, 8L, 0L, 0L, 589L, 10L, 0L, 
    0L), .Dim = c(7L, 5L), .Dimnames = structure(list(c("-1", 
    "-2", "-3", "0", "1", "2", NA), c("A", "C", "G", "T", NA)), .Names = c("", 
    "")), class = "table"), LR40_SNP1 = structure(c(13L, 1447L, 
    5L, 0L, 1L, 20L, 1549L, 6L, 1L, 1L, 0L, 1L, 0L, 0L, 0L, 1L, 
    24L, 0L, 0L, 0L), .Dim = 5:4, .Dimnames = structure(list(
        c("-1", "0", "1", "2", NA), c("A", "C", "T", NA)), .Names = c("", 
    "")), class = "table"), LR44_SNP1 = structure(c(0L, 0L, 0L, 
    1L, 0L, 0L, 0L, 0L, 0L, 873L, 49L, 2L, 10161L, 319L, 3L, 
    0L, 0L, 33L, 0L, 0L, 0L, 1L, 0L, 0L, 0L, 0L, 0L, 4L, 1L, 
    0L, 37L, 0L, 0L, 2L, 1L, 2L, 17L, 0L, 0L, 320L, 6L, 0L, 0L, 
    0L, 0L), .Dim = c(9L, 5L), .Dimnames = structure(list(c("-1", 
    "-2", "-3", "0", "1", "2", "3", "5", NA), c("A", "C", "G", 
    "T", NA)), .Names = c("", "")), class = "table"),