Result <-
list(DEPDC2_SNP1 = structure(c(0L, 3L, 0L, 0L, 0L, 1L, 457L, 
3L, 0L, 1L, 215L, 12134L, 573L, 4L, 230L, 0L, 198L, 11L, 0L, 
0L), .Dim = 5:4, .Dimnames = structure(list(c("-1", "0", "1", 
"2", NA), c("A", "C", "T", NA)), .Names = c("", "")), class = "table"), 
    GM01_SNP1 = structure(c(167L, 1L, 3389L, 27L, 1L, 54L, 0L, 
    3736L, 21L, 1L, 4L, 0L, 80L, 1L, 0L), .Dim = c(5L, 3L), .Dimnames = structure(list(
        c("-1", "-2", "0", "1", NA), c("A", "G", NA)), .Names = c("", 
    "")), class = "table"), GM07_SNP1 = structure(c(0L, 0L, 0L, 
    2L, 1L, 0L, 1473L, 59L, 1L, 3313L, 76L, 50L, 229L, 4L, 0L, 
    429L, 17L, 9L, 0L, 0L, 0L, 1L, 0L, 0L, 11L, 1L, 0L, 73L, 
    0L, 0L), .Dim = 6:5, .Dimnames = structure(list(c("-1", "-2", 
    "-3", "0", "1", NA), c("-", "A", "G", "T", NA)), .Names = c("", 
    "")), class = "table"), GM09_SNP1 = structure(c(42L, 6153L, 
    5L, 0L, 0L, 33L, 5338L, 29L, 1L, 1L, 0L, 1L, 0L, 0L, 0L, 
    0L, 104L, 1L, 0L, 0L), .Dim = 5:4, .Dimnames = structure(list(
        c("-1", "0", "1", "2", NA), c("A", "G", "T", NA)), .Names = c("", 
    "")), class = "table"), GM11_SNP1 = structure(c(35L, 0L, 
    1982L, 3L, 1L, 13L, 1L, 1684L, 5L, 1L, 0L, 0L, 29L, 1L, 0L
    ), .Dim = c(5L, 3L), .Dimnames = structure(list(c("-1", "-2", 
    "0", "1", NA), c("A", "G", NA)), .Names = c("", "")), class = "table"), 
    GM11_SNP2 = structure(c(15L, 1L, 2467L, 6L, 1L, 31L, 0L, 
    1181L, 3L, 0L, 2L, 0L, 47L, 0L, 0L), .Dim = c(5L, 3L), .Dimnames = structure(list(
        c("-1", "-2", "0", "1", NA), c("A", "G", NA)), .Names = c("", 
    "")), class = "table"), GM14_SNP1 = structure(c(1026L, 17L, 
    1L, 6421L, 46L, 23L, 67L, 0L, 0L, 126L, 0L, 1L, 4L, 0L, 0L, 
    81L, 0L, 0L), .Dim = c(6L, 3L), .Dimnames = structure(list(
        c("-1", "-2", "-3", "0", "1", NA), c("C", "T", NA)), .Names = c("", 
    "")), class = "table"), GM17_SNP1 = structure(c(2L, 827L, 
    7L, 0L, 1L, 171L, 6804L, 109L, 2L, 4L, 3L, 59L, 1L, 0L, 0L
    ), .Dim = c(5L, 3L), .Dimnames = structure(list(c("-1", "0", 
    "1", "2", NA), c("C", "T", NA)), .Names = c("", "")), class = "table"), 
    GM22_SNP1 = structure(c(219L, 5L, 5274L, 39L, 14L, 0L, 0L, 
    52L, 0L, 0L, 3L, 0L, 84L, 1L, 0L), .Dim = c(5L, 3L), .Dimnames = structure(list(
        c("-1", "-2", "0", "1", NA), c("A", "G", NA)), .Names = c("", 
    "")), class = "table"), GM26_SNP1 = structure(c(7L, 1885L, 
    8L, 0L, 4L, 60L, 1563L, 14L, 1L, 1L, 0L, 1L, 0L, 0L, 0L, 
    1L, 68L, 0L, 0L, 0L), .Dim = 5:4, .Dimnames = structure(list(
        c("-1", "0", "1", "2", NA), c("A", "G", "T", NA)), .Names = c("", 
    "")), class = "table"), GM29_SNP1 = structure(c(0L, 0L, 1L, 
    0L, 0L, 0L, 136L, 1L, 2894L, 12L, 0L, 6L, 118L, 0L, 2259L, 
    18L, 1L, 0L, 3L, 0L, 61L, 1L, 0L, 0L), .Dim = c(6L, 4L), .Dimnames = structure(list(
        c("-1", "-2", "0", "1", "2", NA), c("-", "A", "G", NA
        )), .Names = c("", "")), class = "table"), IM16_SNP1 = structure(c(58L, 
    1L, 3027L, 38L, 0L, 2L, 36L, 0L, 3042L, 76L, 2L, 3L, 0L, 
    0L, 89L, 6L, 0L, 0L), .Dim = c(6L, 3L), .Dimnames = structure(list(
        c("-1", "-2", "0", "1", "2", NA), c("A", "G", NA)), .Names = c("", 
    "")), class = "table"), IM16_SNP2 = structure(c(38L, 0L, 
    3522L, 84L, 1L, 3L, 56L, 1L, 2545L, 30L, 0L, 2L, 0L, 0L, 
    1L, 0L, 0L, 0L, 0L, 0L, 90L, 6L, 1L, 0L), .Dim = c(6L, 4L
    ), .Dimnames = structure(list(c("-1", "-2", "0", "1", "2", 
    NA), c("C", "G", "T", NA)), .Names = c("", "")), class = "table"), 
    IM16_SNP3 = structure(c(0L, 0L, 1L, 0L, 0L, 0L, 94L, 1L, 
    6110L, 118L, 2L, 4L, 0L, 0L, 2L, 0L, 0L, 0L, 0L, 0L, 45L, 
    2L, 0L, 0L), .Dim = c(6L, 4L), .Dimnames = structure(list(
        c("-1", "-2", "0", "1", "2", NA), c("A", "C", "T", NA
        )), .Names = c("", "")), class = "table"), IM49_SNP1 = structure(c(1L, 
    0L, 0L, 0L, 0L, 0L, 657L, 3L, 6322L, 168L, 6L, 30L, 628L, 
    9L, 4994L, 115L, 4L, 16L, 17L, 1L, 413L, 5L, 0L, 0L), .Dim = c(6L, 
    4L), .Dimnames = structure(list(c("-1", "-2", "0", "1", "2", 
    NA), c("A", "C", "G", NA)), .Names = c("", "")), class = "table"), 
    LR10_SNP1 = structure(c(285L, 3L, 4485L, 104L, 2L, 13L, 16L, 
    0L, 519L, 4L, 0L, 0L, 3L, 0L, 65L, 2L, 0L, 0L), .Dim = c(6L, 
    3L), .Dimnames = structure(list(c("-1", "-2", "0", "1", "2", 
    NA), c("C", "T", NA)), .Names = c("", "")), class = "table"), 
    LR10_SNP2 = structure(c(0L, 0L, 1L, 0L, 0L, 0L, 287L, 3L, 
    4521L, 106L, 1L, 13L, 15L, 0L, 498L, 1L, 0L, 0L, 2L, 0L, 
    49L, 3L, 1L, 0L), .Dim = c(6L, 4L), .Dimnames = structure(list(
        c("-1", "-2", "0", "1", "2", NA), c("-", "C", "T", NA
        )), .Names = c("", "")), class = "table"), LR11_SNP1 = structure(c(0L, 
    0L, 1L, 0L, 0L, 0L, 152L, 4L, 2834L, 22L, 0L, 7L, 109L, 1L, 
    2489L, 45L, 1L, 5L, 0L, 0L, 1L, 0L, 0L, 0L, 1L, 0L, 118L, 
    3L, 0L, 0L), .Dim = 6:5, .Dimnames = structure(list(c("-1", 
    "-2", "0", "1", "2", NA), c("-", "A", "C", "T", NA)), .Names = c("", 
    "")), class = "table"), LR11_SNP2 = structure(c(144L, 4L, 
    2793L, 22L, 0L, 5L, 108L, 1L, 2516L, 46L, 1L, 7L, 10L, 0L, 
    134L, 2L, 0L, 0L), .Dim = c(6L, 3L), .Dimnames = structure(list(
        c("-1", "-2", "0", "1", "2", NA), c("C", "G", NA)), .Names = c("", 
    "")), class = "table"), LR17_SNP1 = structure(c(497L, 13L, 
    1L, 5560L, 82L, 1L, 36L, 0L, 0L, 0L, 1L, 0L, 0L, 0L, 1L, 
    0L, 0L, 1L, 0L, 0L, 0L, 0L, 0L, 0L, 2L, 0L, 0L, 0L, 26L, 
    0L, 0L, 349L, 1L, 0L, 0L), .Dim = c(7L, 5L), .Dimnames = structure(list(
        c("-1", "-2", "-3", "0", "1", "2", NA), c("A", "C", "G", 
        "T", NA)), .Names = c("", "")), class = "table"), LR17_SNP2 = structure(c(0L, 
    0L, 0L, 4L, 0L, 0L, 0L, 513L, 13L, 1L, 5413L, 79L, 1L, 22L, 
    11L, 0L, 0L, 496L, 4L, 0L, 0L), .Dim = c(7L, 3L), .Dimnames = structure(list(
        c("-1", "-2", "-3", "0", "1", "2", NA), c("A", "G", NA
        )), .Names = c("", "")), class = "table"), LR17_SNP3 = structure(c(1L, 
    0L, 0L, 1L, 0L, 0L, 0L, 503L, 13L, 1L, 5014L, 73L, 1L, 25L, 
    9L, 0L, 0L, 168L, 1L, 0L, 0L, 11L, 0L, 0L, 730L, 9L, 0L, 
    0L), .Dim = c(7L, 4L), .Dimnames = structure(list(c("-1", 
    "-2", "-3", "0", "1", "2", NA), c("A", "C", "G", NA)), .Names = c("", 
    "")), class = "table"), LR17_SNP4 = structure(c(9L, 0L, 0L, 
    222L, 1L, 0L, 0L, 514L, 13L, 1L, 5522L, 80L, 1L, 35L, 1L, 
    0L, 0L, 169L, 2L, 0L, 0L), .Dim = c(7L, 3L), .Dimnames = structure(list(
        c("-1", "-2", "-3", "0", "1", "2", NA), c("G", "T", NA
        )), .Names = c("", "")), class = "table"), LR20_SNP1 = structure(c(1672L, 
    1L, 1133L, 0L, 8L, 0L, 0L, 1L, 0L, 0L, 2L, 0L, 2961L, 4L, 
    0L, 2L, 0L, 33L, 0L, 0L), .Dim = 5:4, .Dimnames = structure(list(
        c("-1", "-2", "0", "1", NA), c("A", "C", "G", NA)), .Names = c("", 
    "")), class = "table"), LR24_SNP1 = structure(c(0L, 0L, 0L, 
    1L, 0L, 0L, 1L, 0L, 0L, 634L, 4L, 0L, 0L, 0L, 0L, 1L, 0L, 
    0L, 776L, 4L, 1L, 16287L, 35L, 18L, 3L, 0L, 0L, 148L, 0L, 
    0L), .Dim = 6:5, .Dimnames = structure(list(c("-1", "-2", 
    "-3", "0", "1", NA), c("-", "A", "C", "G", NA)), .Names = c("", 
    "")), class = "table"), LR36_SNP1 = structure(c(0L, 0L, 0L, 
    1L, 0L, 0L, 0L, 0L, 295L, 12L, 0L, 3903L, 274L, 5L, 0L, 56L, 
    0L, 0L, 0L, 3L, 0L, 0L, 0L, 0L, 534L, 38L, 2L, 3766L, 52L, 
    12L, 1L, 44L, 17L, 1L, 0L, 370L, 9L, 0L, 0L, 0L), .Dim = c(8L, 
    5L), .Dimnames = structure(list(c("-1", "-2", "-3", "0", 
    "1", "2", "3", NA), c("-", "A", "G", "T", NA)), .Names = c("", 
    "")), class = "table"), LR40_SNP1 = structure(c(0L, 0L, 2L, 
    0L, 0L, 218L, 3L, 4827L, 10L, 5L, 0L, 0L, 1L, 0L, 0L, 0L, 
    0L, 1L, 0L, 0L, 1L, 0L, 29L, 0L, 0L), .Dim = c(5L, 5L), .Dimnames = structure(list(
        c("-1", "-2", "0", "1", NA), c("A", "C", "G", "T", NA
        )), .Names = c("", "")), class = "table"),