Result <-
list(DEPDC2_SNP1 = structure(c(0L, 4L, 0L, 0L, 224L, 21027L, 
63L, 81L, 0L, 1L, 1L, 0L, 1L, 239L, 2L, 0L, 1L, 534L, 1L, 0L), .Dim = 4:5, .Dimnames = structure(list(
    c("-1", "0", "1", NA), c("A", "C", "G", "T", NA)), .Names = c("", 
"")), class = "table"), GM01_SNP1 = structure(c(152L, 1L, 4453L, 
20L, 0L, 5L, 52L, 0L, 3365L, 17L, 1L, 4L, 0L, 0L, 1L, 0L, 0L, 
0L, 4L, 0L, 113L, 2L, 0L, 0L), .Dim = c(6L, 4L), .Dimnames = structure(list(
    c("-1", "-2", "0", "1", "2", NA), c("A", "G", "T", NA)), .Names = c("", 
"")), class = "table"), GM07_SNP1 = structure(c(0L, 0L, 3L, 0L, 
0L, 0L, 467L, 9L, 6244L, 241L, 3L, 45L, 24L, 2L, 718L, 17L, 0L, 
9L, 0L, 0L, 1L, 0L, 0L, 0L, 0L, 0L, 2L, 0L, 0L, 0L, 7L, 0L, 164L, 
2L, 0L, 0L), .Dim = c(6L, 6L), .Dimnames = structure(list(c("-1", 
"-2", "0", "1", "2", NA), c("-", "A", "G", "N", "T", NA)), .Names = c("", 
"")), class = "table"), GM09_SNP1 = structure(c(32L, 6742L, 11L, 
3L, 109L, 7385L, 7L, 6L, 0L, 5L, 0L, 0L, 0L, 154L, 0L, 0L), .Dim = c(4L, 
4L), .Dimnames = structure(list(c("-1", "0", "1", NA), c("A", 
"G", "T", NA)), .Names = c("", "")), class = "table"), GM11_SNP1 = structure(c(15L, 
2759L, 6L, 4L, 0L, 5L, 1L, 0L, 0L, 35L, 1L, 0L), .Dim = 4:3, .Dimnames = structure(list(
    c("-1", "0", "1", NA), c("A", "G", NA)), .Names = c("", ""
)), class = "table"), GM11_SNP2 = structure(c(1L, 205L, 2L, 0L, 
14L, 2539L, 6L, 2L, 0L, 55L, 0L, 0L), .Dim = 4:3, .Dimnames = structure(list(
    c("-1", "0", "1", NA), c("A", "G", NA)), .Names = c("", ""
)), class = "table"), GM14_SNP1 = structure(c(0L, 0L, 0L, 0L, 
2L, 0L, 0L, 0L, 492L, 12L, 3L, 1L, 14851L, 194L, 2L, 27L, 0L, 
0L, 0L, 0L, 1L, 0L, 0L, 0L, 0L, 0L, 0L, 0L, 19L, 1L, 0L, 0L, 
0L, 0L, 0L, 0L, 250L, 3L, 0L, 0L), .Dim = c(8L, 5L), .Dimnames = structure(list(
    c("-1", "-2", "-3", "-4", "0", "1", "2", NA), c("A", "C", 
    "G", "T", NA)), .Names = c("", "")), class = "table"), GM17_SNP1 = structure(c(64L, 
1L, 4625L, 10L, 0L, 3L, 97L, 0L, 5293L, 16L, 1L, 1L, 0L, 0L, 
85L, 0L, 0L, 0L), .Dim = c(6L, 3L), .Dimnames = structure(list(
    c("-1", "-2", "0", "1", "2", NA), c("C", "T", NA)), .Names = c("", 
"")), class = "table"), GM22_SNP1 = structure(c(33L, 2538L, 3138L, 
30L, 74L, 1L, 82L, 0L, 0L, 0L, 2L, 73L, 56L, 2L, 0L), .Dim = c(5L, 
3L), .Dimnames = structure(list(c("-1", "0", "1", "2", NA), c("A", 
"G", NA)), .Names = c("", "")), class = "table"), GM26_SNP1 = structure(c(11L, 
1L, 2195L, 7L, 1L, 3L, 27L, 1L, 3515L, 16L, 0L, 4L, 0L, 0L, 107L, 
4L, 0L, 0L), .Dim = c(6L, 3L), .Dimnames = structure(list(c("-1", 
"-2", "0", "1", "2", NA), c("A", "G", NA)), .Names = c("", ""
)), class = "table"), GM29_SNP1 = structure(c(160L, 2L, 4453L, 
16L, 3L, 0L, 0L, 6L, 0L, 0L, 1L, 0L, 41L, 0L, 0L), .Dim = c(5L, 
3L), .Dimnames = structure(list(c("-1", "-2", "0", "1", NA), 
    c("A", "G", NA)), .Names = c("", "")), class = "table"), 
    IM16_SNP1 = structure(c(8L, 0L, 295L, 6L, 0L, 0L, 54L, 1L, 
    7069L, 85L, 1L, 4L, 0L, 0L, 1L, 0L, 0L, 0L, 0L, 0L, 103L, 
    9L, 0L, 0L), .Dim = c(6L, 4L), .Dimnames = structure(list(
        c("-1", "-2", "0", "1", "2", NA), c("A", "G", "T", NA
        )), .Names = c("", "")), class = "table"), IM16_SNP2 = structure(c(0L, 
    0L, 1L, 0L, 0L, 0L, 60L, 1L, 7205L, 94L, 1L, 5L, 1L, 0L, 
    108L, 2L, 0L, 0L, 1L, 0L, 154L, 4L, 0L, 0L), .Dim = c(6L, 
    4L), .Dimnames = structure(list(c("-1", "-2", "0", "1", "2", 
    NA), c("A", "C", "G", NA)), .Names = c("", "")), class = "table"), 
    IM16_SNP3 = structure(c(60L, 1L, 7425L, 99L, 1L, 11L, 0L, 
    0L, 1L, 0L, 0L, 0L, 2L, 0L, 42L, 1L, 0L, 0L), .Dim = c(6L, 
    3L), .Dimnames = structure(list(c("-1", "-2", "0", "1", "2", 
    NA), c("C", "T", NA)), .Names = c("", "")), class = "table"), 
    IM49_SNP1 = structure(c(0L, 0L, 1L, 0L, 0L, 0L, 129L, 1L, 
    4097L, 80L, 1L, 9L, 113L, 4L, 3811L, 83L, 0L, 6L, 0L, 0L, 
    1L, 0L, 0L, 0L, 2L, 0L, 410L, 10L, 0L, 0L), .Dim = 6:5, .Dimnames = structure(list(
        c("-1", "-2", "0", "1", "2", NA), c("A", "C", "G", "T", 
        NA)), .Names = c("", "")), class = "table"), LR10_SNP1 = structure(c(0L, 
    0L, 1L, 0L, 0L, 1L, 0L, 93L, 0L, 0L, 103L, 2L, 6132L, 19L, 
    5L, 1L, 0L, 104L, 2L, 0L), .Dim = 5:4, .Dimnames = structure(list(
        c("-1", "-2", "0", "1", NA), c("A", "C", "T", NA)), .Names = c("", 
    "")), class = "table"), LR10_SNP2 = structure(c(0L, 0L, 2L, 
    0L, 0L, 1L, 0L, 91L, 0L, 0L, 103L, 2L, 6163L, 19L, 4L, 1L, 
    0L, 74L, 2L, 0L), .Dim = 5:4, .Dimnames = structure(list(
        c("-1", "-2", "0", "1", NA), c("A", "C", "T", NA)), .Names = c("", 
    "")), class = "table"), LR11_SNP1 = structure(c(136L, 2L, 
    1L, 7726L, 57L, 3L, 13L, 0L, 0L, 0L, 3L, 0L, 0L, 0L, 0L, 
    0L, 0L, 2L, 0L, 0L, 0L, 0L, 0L, 0L, 1L, 0L, 0L, 0L, 1L, 0L, 
    0L, 113L, 0L, 0L, 0L), .Dim = c(7L, 5L), .Dimnames = structure(list(
        c("-1", "-2", "-3", "0", "1", "2", NA), c("A", "C", "G", 
        "T", NA)), .Names = c("", "")), class = "table"), LR11_SNP2 = structure(c(0L, 
    0L, 0L, 4L, 0L, 0L, 0L, 136L, 2L, 1L, 7521L, 52L, 3L, 7L, 
    0L, 0L, 0L, 4L, 0L, 0L, 0L, 0L, 0L, 0L, 1L, 0L, 0L, 0L, 1L, 
    0L, 0L, 315L, 5L, 0L, 0L), .Dim = c(7L, 5L), .Dimnames = structure(list(
        c("-1", "-2", "-3", "0", "1", "2", NA), c("A", "C", "G", 
        "T", NA)), .Names = c("", "")), class = "table"), LR17_SNP1 = structure(c(196L, 
    7L, 4948L, 87L, 1L, 21L, 0L, 0L, 1L, 0L, 0L, 0L, 10L, 0L, 
    441L, 0L, 0L, 0L), .Dim = c(6L, 3L), .Dimnames = structure(list(
        c("-1", "-2", "0", "1", "2", NA), c("A", "G", NA)), .Names = c("", 
    "")), class = "table"), LR17_SNP2 = structure(c(0L, 0L, 1L, 
    0L, 0L, 0L, 203L, 7L, 4984L, 78L, 1L, 11L, 0L, 0L, 1L, 0L, 
    0L, 0L, 3L, 0L, 404L, 9L, 0L, 0L), .Dim = c(6L, 4L), .Dimnames = structure(list(
        c("-1", "-2", "0", "1", "2", NA), c("A", "G", "T", NA
        )), .Names = c("", "")), class = "table"), LR17_SNP3 = structure(c(117L, 
    5L, 2922L, 53L, 1L, 3L, 70L, 2L, 1201L, 19L, 0L, 3L, 19L, 
    0L, 1267L, 15L, 0L, 0L), .Dim = c(6L, 3L), .Dimnames = structure(list(
        c("-1", "-2", "0", "1", "2", NA), c("C", "G", NA)), .Names = c("", 
    "")), class = "table"), LR17_SNP4 = structure(c(0L, 0L, 1L, 
    0L, 0L, 0L, 79L, 2L, 2039L, 29L, 0L, 12L, 124L, 4L, 3251L, 
    56L, 1L, 13L, 3L, 1L, 99L, 2L, 0L, 0L), .Dim = c(6L, 4L), .Dimnames = structure(list(
        c("-1", "-2", "0", "1", "2", NA), c("A", "G", "T", NA
        )), .Names = c("", "")), class = "table"), LR20_SNP1 = structure(c(0L, 
    182L, 0L, 0L, 10L, 6724L, 9L, 1L, 0L, 1L, 0L, 0L, 0L, 79L, 
    0L, 0L), .Dim = c(4L, 4L), .Dimnames = structure(list(c("-1", 
    "0", "1", NA), c("A", "G", "T", NA)), .Names = c("", "")), class = "table"), 
    LR24_SNP1 = structure(c(0L, 0L, 2L, 0L, 0L, 21L, 1L, 7725L, 
    26L, 5L, 0L, 0L, 1L, 0L, 0L, 26L, 0L, 8626L, 11L, 3L, 0L, 
    0L, 2L, 0L, 0L, 1L, 0L, 158L, 3L, 0L), .Dim = 5:6, .Dimnames = structure(list(
        c("-1", "-2", "0", "1", NA), c("-", "A", "C", "G", "T", 
        NA)), .Names = c("", "")), class = "table"), LR36_SNP1 = structure(c(235L, 
    13L, 4667L, 52L, 1L, 22L, 0L, 0L, 1L, 0L, 0L, 0L, 0L, 0L, 
    3L, 0L, 0L, 0L, 71L, 4L, 3543L, 35L, 0L, 15L, 9L, 0L, 305L, 
    2L, 0L, 0L), .Dim = 6:5, .Dimnames = structure(list(c("-1", 
    "-2", "0", "1", "2", NA), c("A", "C", "G", "T", NA)), .Names = c("", 
    "")), class = "table"), LR40_SNP1 = structure(c(0L, 0L, 3L, 
    0L, 0L, 311L, 1L, 5328L, 22L, 8L, 0L, 0L, 2L, 0L, 0L, 1L, 
    0L, 37L, 1L, 0L), .Dim = 5:4, .Dimnames = structure(list(
        c("-1", "-2", "0", "1", NA), c("A", "C", "T", NA)), .Names = c("", 
    "")), class = "table"), LR44_SNP1 = structure(c(1L, 0L, 0L, 
    117L, 0L, 3L, 0L, 0L, 272L, 6L, 0L, 1970L, 63L, 154L, 7L, 
    12L, 0L, 0L, 0L, 3L, 0L, 0L, 0L, 0L, 386L, 11L, 1L, 3857L, 
    177L, 6L, 1L, 15L, 8L, 0L, 0L, 178L, 4L, 10L, 0L, 0L), .Dim = c(8L, 
    5L), .Dimnames = structure(list(c("-1", "-2", "-3", "0", 
    "1", "2", "3", NA), c("A", "C", "N", "T", NA)), .Names = c("", 
    "")),