Result <-
list(DEPDC2_SNP1 = structure(c(0, 2, 0, 8, 1129, 2, 0, 1, 0), dim = c(3L, 
3L), dimnames = list(c("-1", "0", "1"), c("A", "C", "T"))), GM01_SNP1 = structure(c(0, 
6, 1143, 0, 0, 5, 1178, 1), dim = c(4L, 2L), dimnames = list(
    c("-2", "-1", "0", "1"), c("A", "G"))), GM07_SNP1 = structure(c(0, 
21, 831, 6, 0, 1, 0, 11, 753, 8, 0, 0, 0, 0, 0, 0, 0, 0), dim = c(6L, 
3L), dimnames = list(c("-2", "-1", "0", "1", "2", "3"), c("A", 
"G", "T"))), GM09_SNP1 = structure(c(4, 953, 1, 0, 838, 0), dim = 3:2, dimnames = list(
    c("-1", "0", "1"), c("A", "G"))), GM11_SNP1 = structure(c(2, 
588, 2, 1, 758, 0, 0, 1, 0), dim = c(3L, 3L), dimnames = list(
    c("-1", "0", "1"), c("A", "G", "T"))), GM14_SNP1 = structure(c(0, 
0, 0, 0, 0, 0, 0, 0, 1, 30, 2464, 3, 0, 0, 4, 0), dim = c(4L, 
4L), dimnames = list(c("-2", "-1", "0", "1"), c("-", "A", "C", 
"T"))), GM17_SNP1 = structure(c(0, 4, 0, 5, 2473, 2), dim = 3:2, dimnames = list(
    c("-1", "0", "1"), c("C", "T"))), GM22_SNP1 = structure(c(0, 
10, 2969, 1, 0, 0, 1, 0, 0, 0, 0, 0), dim = 4:3, dimnames = list(
    c("-2", "-1", "0", "1"), c("A", "G", "T"))), GM26_SNP1 = structure(c(2, 
548, 0, 2, 505, 0, 0, 0, 0), dim = c(3L, 3L), dimnames = list(
    c("-1", "0", "1"), c("A", "G", "T"))), GM29_SNP1 = structure(c(0, 
2, 681, 2, 0, 4, 720, 0, 0, 0, 1, 0), dim = 4:3, dimnames = list(
    c("-2", "-1", "0", "1"), c("A", "G", "T"))), IM16_SNP1 = structure(c(1, 
4, 774, 6, 0, 6, 773, 5, 0, 0, 0, 0), dim = 4:3, dimnames = list(
    c("-2", "-1", "0", "1"), c("A", "G", "T"))), IM49_SNP1 = structure(c(1, 
4, 533, 3, 0, 0, 1, 0), dim = c(4L, 2L), dimnames = list(c("-2", 
"-1", "0", "1"), c("C", "G"))), LR10_SNP1 = structure(c(0, 0, 
0, 9, 749, 1, 2, 777, 1), dim = c(3L, 3L), dimnames = list(c("-1", 
"0", "1"), c("A", "C", "T"))), LR11_SNP1 = structure(c(0, 0, 
6, 809, 1, 0, 0, 8, 688, 4, 0, 0, 0, 0, 0), dim = c(5L, 3L), dimnames = list(
    c("-3", "-2", "-1", "0", "1"), c("A", "C", "T"))), LR17_SNP1 = structure(c(0, 
0, 31, 2051, 6, 0, 0, 0, 1, 0), dim = c(5L, 2L), dimnames = list(
    c("-3", "-2", "-1", "0", "1"), c("A", "G"))), LR20_SNP1 = structure(c(2, 
734, 1, 0, 0, 0), dim = 3:2, dimnames = list(c("-1", "0", "1"
), c("A", "G"))), LR24_SNP1 = structure(c(2, 1710, 0, 0, 1, 0
), dim = 3:2, dimnames = list(c("-1", "0", "1"), c("A", "G"))), 
    LR36_SNP1 = structure(c(0, 5, 875, 0, 0, 0, 0, 0, 0, 11, 
    822, 4), dim = 4:3, dimnames = list(c("-2", "-1", "0", "1"
    ), c("A", "G", "T"))), LR40_SNP1 = structure(c(0, 4, 503, 
    0, 0, 5, 512, 2, 0, 0, 0, 0), dim = 4:3, dimnames = list(
        c("-2", "-1", "0", "1"), c("A", "C", "G"))), LR44_SNP1 = structure(c(0, 
    0, 7, 211, 2, 0, 0, 12, 223, 4), dim = c(5L, 2L), dimnames = list(
        c("-3", "-2", "-1", "0", "1"), c("C", "T"))), LR46_SNP1 = structure(c(0, 
    0, 0, 0, 0, 0, 0, 0, 0, 1, 1199, 1, 4, 1202, 2), dim = c(3L, 
    5L), dimnames = list(c("-1", "0", "1"), c("-", "A", "C", 
    "G", "T"))), LR48_SNP1 = structure(c(0, 17, 2270, 7, 0, 0, 
    0, 0, 0, 0), dim = c(5L, 2L), dimnames = list(c("-2", "-1", 
    "0", "1", "2"), c("C", "T"))), LR49_SNP1 = structure(c(2, 
    826, 0, 1, 800, 0, 0, 0, 0), dim = c(3L, 3L), dimnames = list(
        c("-1", "0", "1"), c("A", "G", "T"))), LR52_SNP1 = structure(c(0, 
    0, 0, 0, 0, 0, 0, 0, 1, 1, 89, 1514, 6, 0, 0, 0, 0, 0, 8, 
    0, 0), dim = c(7L, 3L), dimnames = list(c("-4", "-3", "-2", 
    "-1", "0", "1", "2"), c("A", "C", "T"))))
