Result <-
list(DEPDC2_SNP1 = structure(c(0, 4, 1331, 1), dim = c(4L, 1L
), dimnames = list(c("-2", "-1", "0", "1"), "T")), GM01_SNP1 = structure(c(0, 
3, 1068, 3, 0, 0, 7, 1084, 2, 0, 0, 0, 0, 0, 0), dim = c(5L, 
3L), dimnames = list(c("-2", "-1", "0", "1", "2"), c("A", "G", 
"T"))), GM07_SNP1 = structure(c(0, 0, 2, 0, 0, 1, 25, 1574, 9, 
1, 0, 0, 0, 0, 0), dim = c(5L, 3L), dimnames = list(c("-2", "-1", 
"0", "1", "2"), c("A", "G", "T"))), GM09_SNP1 = structure(c(2, 
855, 0, 0, 805, 0, 0, 0, 0), dim = c(3L, 3L), dimnames = list(
    c("-1", "0", "1"), c("A", "G", "T"))), GM11_SNP1 = structure(c(0, 
1, 689, 2, 0, 1, 698, 1, 0, 0, 0, 0), dim = 4:3, dimnames = list(
    c("-2", "-1", "0", "1"), c("A", "G", "T"))), GM14_SNP1 = structure(c(0, 
0, 0, 0, 0, 0, 21, 2130, 4, 0, 0, 0, 0, 0, 0), dim = c(5L, 3L
), dimnames = list(c("-2", "-1", "0", "1", "2"), c("A", "C", 
"T"))), GM17_SNP1 = structure(c(4, 1024, 1, 0, 1042, 0), dim = 3:2, dimnames = list(
    c("-1", "0", "1"), c("C", "T"))), GM22_SNP1 = structure(c(0, 
1, 2882, 1, 0, 0, 0, 0, 0, 0), dim = c(5L, 2L), dimnames = list(
    c("-2", "-1", "0", "1", "2"), c("A", "G"))), GM26_SNP1 = structure(c(0, 
0, 0, 0, 0, 0, 4, 0, 0, 3, 983, 1), dim = 4:3, dimnames = list(
    c("-2", "-1", "0", "1"), c("-", "A", "G"))), GM29_SNP1 = structure(c(0, 
0, 0, 0, 0, 0, 8, 1283, 2, 0), dim = c(5L, 2L), dimnames = list(
    c("-2", "-1", "0", "1", "2"), c("-", "A"))), IM16_SNP1 = structure(c(2, 
768, 3, 4, 716, 2), dim = 3:2, dimnames = list(c("-1", "0", "1"
), c("A", "G"))), IM49_SNP1 = structure(c(4, 240, 2, 0, 4, 187, 
1, 0), dim = c(4L, 2L), dimnames = list(c("-1", "0", "1", "2"
), c("C", "G"))), LR10_SNP1 = structure(c(0, 0, 1, 0, 0, 7, 1442, 
3, 0, 0, 4, 0), dim = 4:3, dimnames = list(c("-2", "-1", "0", 
"1"), c("A", "C", "T"))), LR11_SNP1 = structure(c(0, 4, 691, 
1, 0, 0, 3, 566, 2, 0), dim = c(5L, 2L), dimnames = list(c("-2", 
"-1", "0", "1", "2"), c("A", "C"))), LR17_SNP1 = structure(c(0, 
0, 28, 1744, 3, 0, 0, 0, 0, 1, 0, 0), dim = c(6L, 2L), dimnames = list(
    c("-3", "-2", "-1", "0", "1", "2"), c("A", "G"))), LR20_SNP1 = structure(c(0, 
0, 315, 1, 307, 0, 0, 0), dim = c(2L, 4L), dimnames = list(c("0", 
"1"), c("-", "A", "G", "T"))), LR24_SNP1 = structure(c(5, 1249, 
0, 0, 0, 0), dim = 3:2, dimnames = list(c("-1", "0", "1"), c("A", 
"C"))), LR36_SNP1 = structure(c(0, 0, 0, 0, 0, 0, 0, 0, 0, 0, 
0, 0, 0, 0, 0, 5, 1533, 5), dim = c(6L, 3L), dimnames = list(
    c("-4", "-3", "-2", "-1", "0", "1"), c("A", "G", "T"))), 
    LR40_SNP1 = structure(c(0, 1, 0, 3, 1078, 0), dim = 3:2, dimnames = list(
        c("-1", "0", "1"), c("A", "C"))), LR44_SNP1 = structure(c(2, 
    9, 306, 0, 0, 1, 11, 283, 0, 0), dim = c(5L, 2L), dimnames = list(
        c("-2", "-1", "0", "1", "2"), c("C", "T"))), LR46_SNP1 = structure(c(0, 
    0, 0, 0, 0, 0, 0, 0, 0, 0, 1, 0, 0, 4, 1197, 0, 0, 3, 1172, 
    0), dim = 4:5, dimnames = list(c("-2", "-1", "0", "1"), c("-", 
    "A", "C", "G", "T"))), LR48_SNP1 = structure(c(0, 14, 2171, 
    3, 0, 0, 1, 1, 0, 0), dim = c(5L, 2L), dimnames = list(c("-2", 
    "-1", "0", "1", "2"), c("C", "T"))), LR49_SNP1 = structure(c(0, 
    1, 0, 1, 1573, 0), dim = 3:2, dimnames = list(c("-1", "0", 
    "1"), c("A", "G"))), LR52_SNP1 = structure(c(0, 0, 0, 1, 
    0, 0, 0, 2, 33, 713, 1, 0, 0, 2, 16, 790, 5, 0), dim = c(6L, 
    3L), dimnames = list(c("-3", "-2", "-1", "0", "1", "2"), 
        c("A", "C", "T"))))
