Result <-
list(DEPDC2_SNP1 = structure(c(0, 0, 0, 0, 2, 0, 0, 828, 2), dim = c(3L, 
3L), dimnames = list(c("-1", "0", "1"), c("A", "C", "T"))), GM01_SNP1 = structure(c(4, 
1423, 1, 0, 0, 1, 0, 0), dim = c(4L, 2L), dimnames = list(c("-1", 
"0", "1", "2"), c("A", "G"))), GM07_SNP1 = structure(c(0, 6, 
431, 3, 0, 0, 0, 5, 439, 1, 0, 0), dim = c(6L, 2L), dimnames = list(
    c("-2", "-1", "0", "1", "2", "3"), c("A", "G"))), GM09_SNP1 = structure(c(0, 
443, 1, 1, 409, 0, 0, 2, 0), dim = c(3L, 3L), dimnames = list(
    c("-1", "0", "1"), c("A", "G", "T"))), GM11_SNP1 = structure(c(0, 
0, 387, 2, 0, 0, 422, 0), dim = c(4L, 2L), dimnames = list(c("-2", 
"-1", "0", "1"), c("A", "G"))), GM14_SNP1 = structure(c(0, 0, 
0, 0, 0, 5, 595, 1, 0, 3, 543, 0), dim = 4:3, dimnames = list(
    c("-2", "-1", "0", "1"), c("A", "C", "T"))), GM17_SNP1 = structure(c(0, 
0, 0, 0, 0, 1, 1278, 0, 0, 0, 6, 0), dim = 4:3, dimnames = list(
    c("-2", "-1", "0", "1"), c("A", "C", "T"))), GM22_SNP1 = structure(c(0, 
0, 4, 1952, 2, 0, 0, 0, 0, 0, 0, 0, 0, 0, 1, 2, 0, 0), dim = c(6L, 
3L), dimnames = list(c("-3", "-2", "-1", "0", "1", "2"), c("A", 
"C", "G"))), GM26_SNP1 = structure(c(0, 0, 236, 0, 0, 0, 270, 
0), dim = c(4L, 2L), dimnames = list(c("-2", "-1", "0", "1"), 
    c("A", "G"))), GM29_SNP1 = structure(c(0, 0, 3, 711, 2, 0, 
0, 0, 0, 0, 0, 0, 0, 0, 0), dim = c(5L, 3L), dimnames = list(
    c("-3", "-2", "-1", "0", "1"), c("A", "G", "T"))), IM16_SNP1 = structure(c(0, 
374, 0, 0, 2, 420, 2, 0, 0, 0, 0, 0), dim = 4:3, dimnames = list(
    c("-1", "0", "1", "2"), c("A", "G", "T"))), IM49_SNP1 = structure(c(5, 
267, 1, 0, 3, 0), dim = 3:2, dimnames = list(c("-1", "0", "1"
), c("C", "G"))), LR10_SNP1 = structure(c(0, 0, 0, 6, 799, 1, 
0, 0, 0, 0, 0, 0), dim = 3:4, dimnames = list(c("-1", "0", "1"
), c("A", "C", "G", "T"))), LR11_SNP1 = structure(c(0, 0, 0, 
0, 1, 596, 1, 0, 0, 1, 0, 0), dim = 4:3, dimnames = list(c("-1", 
"0", "1", "2"), c("A", "C", "T"))), LR17_SNP1 = structure(c(0, 
0, 6, 710, 0, 1, 0, 0, 0, 0, 0, 0, 0, 0, 0, 0, 0, 0), dim = c(6L, 
3L), dimnames = list(c("-3", "-2", "-1", "0", "1", "2"), c("A", 
"G", "T"))), LR20_SNP1 = structure(c(0, 199, 0, 0, 208, 0, 0, 
0, 0), dim = c(3L, 3L), dimnames = list(c("-1", "0", "1"), c("A", 
"G", "T"))), LR24_SNP1 = structure(c(0, 0, 724, 0, 1, 0, 0, 0, 
0, 0), dim = c(5L, 2L), dimnames = list(c("-2", "-1", "0", "1", 
"2"), c("A", "G"))), LR36_SNP1 = structure(c(0, 0, 0, 1, 0, 0, 
0, 0, 0, 0, 0, 0, 4, 837, 2), dim = c(5L, 3L), dimnames = list(
    c("-3", "-2", "-1", "0", "1"), c("A", "G", "T"))), LR40_SNP1 = structure(c(1, 
0, 0, 2, 545, 0, 0, 0, 0), dim = c(3L, 3L), dimnames = list(c("-1", 
"0", "1"), c("A", "C", "T"))), LR44_SNP1 = structure(c(0, 0, 
2, 180, 0, 0, 0, 1, 6, 225, 0, 0), dim = c(6L, 2L), dimnames = list(
    c("-3", "-2", "-1", "0", "1", "2"), c("C", "T"))), LR46_SNP1 = structure(c(0, 
0, 0, 0, 0, 0, 2, 1444, 0, 0, 5, 0), dim = 3:4, dimnames = list(
    c("-1", "0", "1"), c("A", "C", "G", "T"))), LR48_SNP1 = structure(c(0, 
0, 0, 0, 0, 0, 7, 644, 0, 0, 0, 6, 585, 0, 0), dim = c(5L, 3L
), dimnames = list(c("-2", "-1", "0", "1", "2"), c("A", "C", 
"T"))), LR49_SNP1 = structure(c(0, 2, 0, 0, 827, 0), dim = 3:2, dimnames = list(
    c("-1", "0", "1"), c("A", "G"))), LR52_SNP1 = structure(c(0, 
0, 0, 3, 0, 0, 0, 1, 14, 802, 3, 0), dim = c(6L, 2L), dimnames = list(
    c("-3", "-2", "-1", "0", "1", "2"), c("C", "T"))))
