Result <-
list(DEPDC2_SNP1 = structure(c(0, 0, 0, 0, 0, 0, 3, 0, 0, 1, 
354, 12), dim = 4:3, dimnames = list(c("-2", "-1", "0", "1"), 
    c("A", "C", "T"))), GM01_SNP1 = structure(c(0, 0, 0, 0, 349, 
3, 1, 403, 0, 0, 0, 0), dim = 3:4, dimnames = list(c("-1", "0", 
"1"), c("-", "A", "G", "T"))), GM07_SNP1 = structure(c(0, 0, 
0, 2, 0, 0, 0, 6, 231, 150, 0, 0), dim = c(6L, 2L), dimnames = list(
    c("-3", "-2", "-1", "0", "1", "2"), c("A", "G"))), GM09_SNP1 = structure(c(0, 
245, 0, 0, 189, 0), dim = 3:2, dimnames = list(c("-1", "0", "1"
), c("A", "G"))), GM11_SNP1 = structure(c(0, 68, 61, 0, 0, 143, 
0, 0, 0, 1, 0, 0), dim = 4:3, dimnames = list(c("-1", "0", "1", 
"2"), c("A", "G", "T"))), GM14_SNP1 = structure(c(0, 0, 0, 0, 
2, 172, 384, 0, 0, 0, 1, 0), dim = 4:3, dimnames = list(c("-2", 
"-1", "0", "1"), c("-", "C", "T"))), GM17_SNP1 = structure(c(0, 
0, 0, 0, 0, 0, 0, 9, 0, 0, 0, 1, 540, 0, 0), dim = c(5L, 3L), dimnames = list(
    c("-2", "-1", "0", "1", "2"), c("A", "C", "T"))), GM22_SNP1 = structure(c(0, 
0, 259, 730, 0, 0, 0, 0, 3, 0, 0, 0, 0, 0, 0), dim = c(5L, 3L
), dimnames = list(c("-3", "-2", "-1", "0", "1"), c("A", "G", 
"T"))), GM26_SNP1 = structure(c(2, 92, 0, 0, 100, 0, 0, 0, 0), dim = c(3L, 
3L), dimnames = list(c("-1", "0", "1"), c("A", "G", "T"))), GM29_SNP1 = structure(c(0, 
6, 354, 0, 0, 0, 0, 0), dim = c(4L, 2L), dimnames = list(c("-2", 
"-1", "0", "1"), c("A", "G"))), IM16_SNP1 = structure(c(2, 167, 
0, 0, 1, 205, 3, 0), dim = c(4L, 2L), dimnames = list(c("-1", 
"0", "1", "2"), c("A", "G"))), IM49_SNP1 = structure(c(0, 20, 
41, 0, 0, 0, 0, 56, 0, 0), dim = c(5L, 2L), dimnames = list(c("-2", 
"-1", "0", "1", "2"), c("C", "G"))), LR10_SNP1 = structure(c(0, 
4, 371, 0, 0, 0, 1, 0), dim = c(4L, 2L), dimnames = list(c("-2", 
"-1", "0", "1"), c("C", "T"))), LR11_SNP1 = structure(c(0, 0, 
10, 154, 0, 0, 1, 88, 51, 0, 0, 0, 0, 1, 0), dim = c(5L, 3L), dimnames = list(
    c("-3", "-2", "-1", "0", "1"), c("A", "C", "T"))), LR17_SNP1 = structure(c(2, 
71, 194, 0, 0, 0, 0, 0, 0, 0), dim = c(5L, 2L), dimnames = list(
    c("-2", "-1", "0", "1", "2"), c("A", "G"))), LR20_SNP1 = structure(c(0, 
155, 0), dim = c(3L, 1L), dimnames = list(c("-1", "0", "1"), 
    "G")), LR24_SNP1 = structure(c(0, 0, 2, 130, 1, 0, 0, 96, 
219, 0, 0, 0, 0, 0, 0), dim = c(5L, 3L), dimnames = list(c("-3", 
"-2", "-1", "0", "1"), c("A", "G", "T"))), LR36_SNP1 = structure(c(0, 
0, 0, 4, 0, 0, 0, 2, 93, 207, 48, 0), dim = c(6L, 2L), dimnames = list(
    c("-3", "-2", "-1", "0", "1", "2"), c("A", "T"))), LR40_SNP1 = structure(c(0, 
0, 0, 1, 172, 0, 0, 0, 0), dim = c(3L, 3L), dimnames = list(c("-1", 
"0", "1"), c("A", "C", "T"))), LR44_SNP1 = structure(c(0, 13, 
151, 1, 0), dim = c(5L, 1L), dimnames = list(c("-2", "-1", "0", 
"1", "2"), "C")), LR46_SNP1 = structure(c(0, 1, 0, 5, 302, 0, 
7, 321, 0), dim = c(3L, 3L), dimnames = list(c("-1", "0", "1"
), c("A", "G", "T"))), LR48_SNP1 = structure(c(0, 0, 0, 0, 0, 
0, 0, 8, 125, 107, 0, 0, 0, 0, 123, 125, 1, 0), dim = c(6L, 3L
), dimnames = list(c("-3", "-2", "-1", "0", "1", "2"), c("A", 
"C", "T"))), LR49_SNP1 = structure(c(2, 347, 0, 0, 1, 0), dim = 3:2, dimnames = list(
    c("-1", "0", "1"), c("A", "G"))), LR52_SNP1 = structure(c(0, 
0, 0, 0, 0, 0, 0, 0, 1, 6, 88, 57, 0, 0, 0, 0, 1, 21, 114, 1, 
0), dim = c(7L, 3L), dimnames = list(c("-4", "-3", "-2", "-1", 
"0", "1", "2"), c("A", "C", "T"))))
