Result <-
list(DEPDC2_SNP1 = structure(c(0, 0, 225, 0, 5, 83, 108, 0), dim = c(4L, 
2L), dimnames = list(c("-2", "-1", "0", "1"), c("C", "T"))), 
    GM01_SNP1 = structure(c(1, 848, 2, 0, 0, 5, 0, 0, 0, 0, 0, 
    0), dim = 4:3, dimnames = list(c("-1", "0", "1", "2"), c("A", 
    "G", "T"))), GM07_SNP1 = structure(c(0, 0, 5, 0, 0, 2, 55, 
    481, 4, 0, 0, 0, 0, 0, 0), dim = c(5L, 3L), dimnames = list(
        c("-2", "-1", "0", "1", "2"), c("A", "G", "T"))), GM09_SNP1 = structure(c(0, 
    340, 0, 0, 0, 0, 0, 262, 0), dim = c(3L, 3L), dimnames = list(
        c("-1", "0", "1"), c("A", "C", "G"))), GM11_SNP1 = structure(c(25, 
    138, 1, 0, 0, 1, 136, 63, 0, 0, 0, 0, 0, 0, 0), dim = c(5L, 
    3L), dimnames = list(c("-1", "0", "1", "2", "3"), c("A", 
    "G", "T"))), GM14_SNP1 = structure(c(0, 0, 0, 0, 0, 11, 385, 
    1, 1, 24, 351, 0), dim = 4:3, dimnames = list(c("-2", "-1", 
    "0", "1"), c("A", "C", "T"))), GM17_SNP1 = structure(c(0, 
    0, 1, 736, 1, 0, 0, 0, 4, 0), dim = c(5L, 2L), dimnames = list(
        c("-3", "-2", "-1", "0", "1"), c("C", "T"))), GM22_SNP1 = structure(c(0, 
    0, 4, 651, 2, 0, 0, 6, 518, 4, 0, 0, 0, 0, 0), dim = c(5L, 
    3L), dimnames = list(c("-3", "-2", "-1", "0", "1"), c("A", 
    "G", "T"))), GM26_SNP1 = structure(c(0, 1, 280, 0), dim = c(4L, 
    1L), dimnames = list(c("-2", "-1", "0", "1"), "A")), GM29_SNP1 = structure(c(0, 
    4, 235, 0, 1, 29, 218, 1, 0, 0, 0, 0), dim = 4:3, dimnames = list(
        c("-2", "-1", "0", "1"), c("A", "G", "T"))), IM16_SNP1 = structure(c(0, 
    13, 189, 0, 0, 0, 77, 156, 0, 0), dim = c(5L, 2L), dimnames = list(
        c("-2", "-1", "0", "1", "2"), c("A", "G"))), IM49_SNP1 = structure(c(0, 
    0, 3, 0, 2, 32, 112, 1), dim = c(4L, 2L), dimnames = list(
        c("-2", "-1", "0", "1"), c("C", "G"))), LR10_SNP1 = structure(c(7, 
    207, 0, 2, 234, 0), dim = 3:2, dimnames = list(c("-1", "0", 
    "1"), c("C", "T"))), LR11_SNP1 = structure(c(0, 0, 8, 0, 
    0, 1, 35, 329, 1, 0), dim = c(5L, 2L), dimnames = list(c("-2", 
    "-1", "0", "1", "2"), c("A", "C"))), LR17_SNP1 = structure(c(1, 
    16, 545, 0, 1, 0, 0, 0, 0, 0), dim = c(5L, 2L), dimnames = list(
        c("-2", "-1", "0", "1", "2"), c("A", "G"))), LR20_SNP1 = structure(c(0, 
    99, 0, 6, 91, 0), dim = 3:2, dimnames = list(c("-1", "0", 
    "1"), c("A", "G"))), LR24_SNP1 = structure(c(0, 0, 0, 0, 
    1, 0, 2, 438, 0), dim = c(3L, 3L), dimnames = list(c("-1", 
    "0", "1"), c("-", "A", "G"))), LR36_SNP1 = structure(c(0, 
    0, 0, 0, 0, 0, 0, 0, 11, 92, 153, 0, 0, 0, 36, 65, 116, 0
    ), dim = c(6L, 3L), dimnames = list(c("-4", "-3", "-2", "-1", 
    "0", "1"), c("-", "A", "T"))), LR40_SNP1 = structure(c(0, 
    60, 202, 2), dim = c(4L, 1L), dimnames = list(c("-2", "-1", 
    "0", "1"), "C")), LR44_SNP1 = structure(c(5, 35, 6, 88, 0, 
    0, 0, 1, 71, 1), dim = c(5L, 2L), dimnames = list(c("-3", 
    "-2", "-1", "0", "1"), c("C", "T"))), LR46_SNP1 = structure(c(0, 
    0, 210, 702, 0, 0, 0, 0, 8, 0), dim = c(5L, 2L), dimnames = list(
        c("-3", "-2", "-1", "0", "1"), c("G", "T"))), LR48_SNP1 = structure(c(0, 
    0, 0, 0, 0, 0, 10, 96, 216, 0, 0, 1, 122, 180, 1), dim = c(5L, 
    3L), dimnames = list(c("-3", "-2", "-1", "0", "1"), c("A", 
    "C", "T"))), LR49_SNP1 = structure(c(0, 37, 454, 1, 0, 0, 
    7, 0, 0, 0, 0, 0), dim = 4:3, dimnames = list(c("-2", "-1", 
    "0", "1"), c("A", "G", "T"))), LR52_SNP1 = structure(c(0, 
    7, 55, 45, 92, 0, 0, 0, 40, 31, 122, 1), dim = c(6L, 2L), dimnames = list(
        c("-4", "-3", "-2", "-1", "0", "1"), c("C", "T"))))
