Result <-
list(DEPDC2_SNP1 = structure(c(0, 0, 0, 0, 448, 0, 0, 2, 0), dim = c(3L, 
3L), dimnames = list(c("-1", "0", "1"), c("A", "C", "T"))), GM01_SNP1 = structure(c(0, 
0, 0, 0, 2, 1093, 0, 0, 0, 1, 0, 0, 0, 0, 0, 0), dim = c(4L, 
4L), dimnames = list(c("-1", "0", "1", "2"), c("-", "A", "G", 
"T"))), GM07_SNP1 = structure(c(0, 0, 0, 0, 0, 15, 475, 137, 
0, 0, 0, 0, 4, 0, 0, 0, 1, 0, 0, 0), dim = 5:4, dimnames = list(
    c("-2", "-1", "0", "1", "2"), c("-", "A", "G", "T"))), GM09_SNP1 = structure(c(4, 
352, 1, 2, 316, 0, 0, 0, 0), dim = c(3L, 3L), dimnames = list(
    c("-1", "0", "1"), c("A", "G", "T"))), GM11_SNP1 = structure(c(0, 
18, 549, 1, 0, 0, 1, 0), dim = c(4L, 2L), dimnames = list(c("-2", 
"-1", "0", "1"), c("A", "G"))), GM14_SNP1 = structure(c(0, 10, 
414, 0, 0, 0, 3, 379, 0, 0), dim = c(5L, 2L), dimnames = list(
    c("-2", "-1", "0", "1", "2"), c("C", "T"))), GM17_SNP1 = structure(c(0, 
0, 0, 0, 0, 0, 0, 10, 981, 2, 0, 0, 0, 5, 0), dim = c(5L, 3L), dimnames = list(
    c("-3", "-2", "-1", "0", "1"), c("A", "C", "T"))), GM22_SNP1 = structure(c(0, 
0, 0, 0, 0, 0, 0, 13, 1583, 1, 0, 0, 0, 4, 0, 0, 0, 0, 0, 0), dim = 5:4, dimnames = list(
    c("-3", "-2", "-1", "0", "1"), c("-", "A", "G", "T"))), GM26_SNP1 = structure(c(1, 
184, 161, 0, 0, 0, 1, 0), dim = c(4L, 2L), dimnames = list(c("-2", 
"-1", "0", "1"), c("A", "G"))), GM29_SNP1 = structure(c(0, 4, 
272, 1, 0, 214, 55, 0), dim = c(4L, 2L), dimnames = list(c("-2", 
"-1", "0", "1"), c("A", "G"))), IM16_SNP1 = structure(c(0, 258, 
75, 0, 0, 0, 0, 0, 0, 1, 307, 1), dim = 4:3, dimnames = list(
    c("-2", "-1", "0", "1"), c("A", "C", "G"))), IM49_SNP1 = structure(c(6, 
188, 1), dim = c(3L, 1L), dimnames = list(c("-1", "0", "1"), 
    "G")), LR10_SNP1 = structure(c(0, 0, 0, 0, 0, 0, 2, 0, 0, 
0, 1, 0, 0, 4, 629, 0), dim = c(4L, 4L), dimnames = list(c("-2", 
"-1", "0", "1"), c("A", "C", "G", "T"))), LR11_SNP1 = structure(c(0, 
0, 0, 0, 0, 0, 3, 262, 0, 0, 1, 12, 226, 1, 0, 0, 0, 0, 0, 0), dim = 5:4, dimnames = list(
    c("-2", "-1", "0", "1", "2"), c("-", "A", "C", "T"))), LR17_SNP1 = structure(c(0, 
12, 452, 2, 0, 0, 0, 0, 0, 0), dim = c(5L, 2L), dimnames = list(
    c("-2", "-1", "0", "1", "2"), c("A", "G"))), LR20_SNP1 = structure(c(0, 
0, 0, 1, 263, 1), dim = 3:2, dimnames = list(c("-1", "0", "1"
), c("-", "A"))), LR24_SNP1 = structure(c(8, 483, 0, 0, 1, 0), dim = 3:2, dimnames = list(
    c("-1", "0", "1"), c("A", "G"))), LR36_SNP1 = structure(c(0, 
0, 0, 5, 0, 0, 0, 0, 0, 0, 0, 1, 14, 634, 2), dim = c(5L, 3L), dimnames = list(
    c("-3", "-2", "-1", "0", "1"), c("A", "G", "T"))), LR40_SNP1 = structure(c(5, 
327, 1, 0, 4, 0), dim = 3:2, dimnames = list(c("-1", "0", "1"
), c("A", "C"))), LR44_SNP1 = structure(c(0, 0, 0, 0, 0, 0, 4, 
147, 144, 0, 0, 0, 0, 0, 1), dim = c(5L, 3L), dimnames = list(
    c("-3", "-2", "-1", "0", "1"), c("A", "C", "T"))), LR46_SNP1 = structure(c(0, 
1, 0, 0, 0, 0, 0, 3, 0, 9, 1077, 0), dim = 3:4, dimnames = list(
    c("-1", "0", "1"), c("A", "C", "G", "T"))), LR48_SNP1 = structure(c(0, 
0, 0, 0, 0, 4, 390, 475, 3, 0, 0, 1, 1, 0, 0), dim = c(5L, 3L
), dimnames = list(c("-2", "-1", "0", "1", "2"), c("A", "C", 
"T"))), LR49_SNP1 = structure(c(190, 252, 1, 0, 2, 0, 0, 0, 0
), dim = c(3L, 3L), dimnames = list(c("-1", "0", "1"), c("A", 
"G", "T"))), LR52_SNP1 = structure(c(0, 0, 0, 0, 0, 4, 0, 0, 
0, 0, 23, 352, 208, 3), dim = c(7L, 2L), dimnames = list(c("-5", 
"-4", "-3", "-2", "-1", "0", "1"), c("C", "T"))))
