Result <-
list(DEPDC2_SNP1 = structure(c(0, 1, 0, 0, 285, 3, 27, 247, 0
), dim = c(3L, 3L), dimnames = list(c("-1", "0", "1"), c("A", 
"C", "T"))), GM01_SNP1 = structure(c(0, 0, 0, 452, 0, 0, 0, 0, 
4, 476, 0, 0), dim = c(6L, 2L), dimnames = list(c("-3", "-2", 
"-1", "0", "1", "2"), c("A", "G"))), GM07_SNP1 = structure(c(0, 
0, 0, 0, 0, 0, 0, 0, 2, 18, 457, 1), dim = 4:3, dimnames = list(
    c("-2", "-1", "0", "1"), c("A", "C", "G"))), GM09_SNP1 = structure(c(11, 
74, 4, 5, 80, 1), dim = 3:2, dimnames = list(c("-1", "0", "1"
), c("A", "G"))), GM11_SNP1 = structure(c(0, 204, 1, 1, 206, 
0), dim = 3:2, dimnames = list(c("-1", "0", "1"), c("A", "G"))), 
    GM14_SNP1 = structure(c(0, 0, 4, 0, 0, 1, 29, 941, 1, 0), dim = c(5L, 
    2L), dimnames = list(c("-2", "-1", "0", "1", "2"), c("C", 
    "T"))), GM17_SNP1 = structure(c(0, 11, 936, 0, 0, 0, 2, 0
    ), dim = c(4L, 2L), dimnames = list(c("-2", "-1", "0", "1"
    ), c("C", "T"))), GM22_SNP1 = structure(c(0, 9, 1188, 4, 
    0, 0, 0, 0, 0, 0), dim = c(5L, 2L), dimnames = list(c("-2", 
    "-1", "0", "1", "2"), c("A", "G"))), GM26_SNP1 = structure(c(0, 
    0, 152, 0, 0, 0, 129, 1), dim = c(4L, 2L), dimnames = list(
        c("-2", "-1", "0", "1"), c("A", "G"))), GM29_SNP1 = structure(c(28, 
    36, 548, 0, 0, 0, 0, 1, 0, 0), dim = c(5L, 2L), dimnames = list(
        c("-2", "-1", "0", "1", "2"), c("A", "G"))), IM16_SNP1 = structure(c(0, 
    1, 0, 0, 0, 6, 385, 72, 2, 0, 0, 0, 0, 0, 0), dim = c(5L, 
    3L), dimnames = list(c("-1", "0", "1", "2", "3"), c("A", 
    "G", "T"))), IM49_SNP1 = structure(c(0, 3, 138, 0, 8, 34, 
    81, 0), dim = c(4L, 2L), dimnames = list(c("-2", "-1", "0", 
    "1"), c("C", "G"))), LR10_SNP1 = structure(c(0, 30, 404, 
    0), dim = c(4L, 1L), dimnames = list(c("-2", "-1", "0", "1"
    ), "T")), LR11_SNP1 = structure(c(0, 1, 2, 0, 0, 5, 482, 
    1), dim = c(4L, 2L), dimnames = list(c("-2", "-1", "0", "1"
    ), c("A", "C"))), LR17_SNP1 = structure(c(0, 0, 88, 627, 
    3, 0, 0, 0, 0, 0, 0, 0, 0, 0, 0, 0, 0, 0), dim = c(6L, 3L
    ), dimnames = list(c("-3", "-2", "-1", "0", "1", "2"), c("A", 
    "G", "T"))), LR20_SNP1 = structure(c(0, 120, 0, 2, 109, 1
    ), dim = 3:2, dimnames = list(c("-1", "0", "1"), c("A", "G"
    ))), LR24_SNP1 = structure(c(1, 41, 534, 0), dim = c(4L, 
    1L), dimnames = list(c("-2", "-1", "0", "1"), "A")), LR36_SNP1 = structure(c(0, 
    0, 0, 1, 0, 0, 0, 0, 0, 0, 0, 0, 0, 0, 0, 0, 0, 107, 505, 
    3), dim = 5:4, dimnames = list(c("-3", "-2", "-1", "0", "1"
    ), c("A", "C", "G", "T"))), LR40_SNP1 = structure(c(0, 156, 
    1, 1, 140, 1), dim = 3:2, dimnames = list(c("-1", "0", "1"
    ), c("A", "C"))), LR44_SNP1 = structure(c(0, 17, 209, 0, 
    0, 0, 0, 1, 0, 0), dim = c(5L, 2L), dimnames = list(c("-2", 
    "-1", "0", "1", "2"), c("C", "T"))), LR46_SNP1 = structure(c(0, 
    0, 0, 6, 445, 0, 3, 481, 0), dim = c(3L, 3L), dimnames = list(
        c("-1", "0", "1"), c("A", "G", "T"))), LR48_SNP1 = structure(c(0, 
    0, 0, 0, 0, 0, 1, 252, 552, 0, 0, 0, 0, 0, 0), dim = c(5L, 
    3L), dimnames = list(c("-3", "-2", "-1", "0", "1"), c("A", 
    "C", "T"))), LR49_SNP1 = structure(c(0, 2, 2, 677), dim = c(2L, 
    2L), dimnames = list(c("-1", "0"), c("A", "G"))), LR52_SNP1 = structure(c(0, 
    0, 0, 1, 0, 0, 0, 6, 128, 1, 12, 19, 54, 146, 0), dim = c(5L, 
    3L), dimnames = list(c("-3", "-2", "-1", "0", "1"), c("A", 
    "C", "T"))))
