Result <-
list(DEPDC2_SNP1 = structure(c(0, 0, 0, 0, 0, 0, 4, 1333, 3), dim = c(3L, 
3L), dimnames = list(c("-1", "0", "1"), c("A", "C", "T"))), GM01_SNP1 = structure(c(0, 
4, 2471, 7, 0, 0, 1, 0, 0, 0, 0, 0), dim = 4:3, dimnames = list(
    c("-2", "-1", "0", "1"), c("A", "G", "T"))), GM07_SNP1 = structure(c(0, 
15, 820, 9, 0, 0, 1, 15, 817, 8, 0, 0, 0, 0, 0, 0, 0, 0), dim = c(6L, 
3L), dimnames = list(c("-2", "-1", "0", "1", "2", "3"), c("A", 
"G", "T"))), GM09_SNP1 = structure(c(0, 4, 0, 24, 293, 6, 0, 
0, 0), dim = c(3L, 3L), dimnames = list(c("-1", "0", "1"), c("A", 
"G", "T"))), GM11_SNP1 = structure(c(0, 3, 1387, 1, 0, 0, 2, 
0, 0, 0, 0, 0), dim = 4:3, dimnames = list(c("-2", "-1", "0", 
"1"), c("A", "G", "T"))), GM14_SNP1 = structure(c(0, 0, 0, 0, 
0, 0, 0, 0, 3, 663, 4, 0, 0, 0, 13, 1474, 2, 0), dim = c(6L, 
3L), dimnames = list(c("-3", "-2", "-1", "0", "1", "2"), c("A", 
"C", "T"))), GM17_SNP1 = structure(c(0, 0, 0, 0, 3, 1060, 993, 
1, 0, 1, 0, 0), dim = 4:3, dimnames = list(c("-1", "0", "1", 
"2"), c("A", "C", "T"))), GM22_SNP1 = structure(c(0, 4, 1503, 
1, 0, 43, 1213, 0), dim = c(4L, 2L), dimnames = list(c("-2", 
"-1", "0", "1"), c("A", "G"))), GM26_SNP1 = structure(c(0, 3, 
1050, 0, 0, 0, 1, 0, 0, 0, 1, 0), dim = 4:3, dimnames = list(
    c("-2", "-1", "0", "1"), c("A", "G", "T"))), GM29_SNP1 = structure(c(0, 
0, 1, 1404, 3, 0, 0, 0, 0, 0, 0, 0), dim = c(6L, 2L), dimnames = list(
    c("-3", "-2", "-1", "0", "1", "2"), c("A", "T"))), IM16_SNP1 = structure(c(0, 
0, 807, 2, 0, 0, 2, 765, 2, 0), dim = c(5L, 2L), dimnames = list(
    c("-2", "-1", "0", "1", "2"), c("A", "G"))), IM49_SNP1 = structure(c(0, 
6, 205, 3, 1, 3, 190, 2), dim = c(4L, 2L), dimnames = list(c("-2", 
"-1", "0", "1"), c("C", "G"))), LR10_SNP1 = structure(c(0, 7, 
753, 2, 0, 0, 0, 0, 0, 3, 795, 1), dim = 4:3, dimnames = list(
    c("-2", "-1", "0", "1"), c("C", "G", "T"))), LR11_SNP1 = structure(c(0, 
0, 8, 743, 2, 0, 0, 4, 647, 3, 0, 0, 0, 0, 0), dim = c(5L, 3L
), dimnames = list(c("-3", "-2", "-1", "0", "1"), c("A", "C", 
"T"))), LR17_SNP1 = structure(c(0, 0, 19, 2006, 6, 0, 0, 0, 4, 
0, 0, 0, 0, 0, 0), dim = c(5L, 3L), dimnames = list(c("-3", "-2", 
"-1", "0", "1"), c("A", "G", "T"))), LR20_SNP1 = structure(c(2, 
720, 0, 0, 0, 0), dim = 3:2, dimnames = list(c("-1", "0", "1"
), c("A", "G"))), LR24_SNP1 = structure(c(0, 632, 1, 0, 1, 0, 
1, 639, 1), dim = c(3L, 3L), dimnames = list(c("-1", "0", "1"
), c("A", "C", "G"))), LR36_SNP1 = structure(c(0, 0, 4, 0, 0, 
0, 0, 0, 0, 0, 0, 0, 0, 0, 0, 0, 11, 1624, 3, 0), dim = 5:4, dimnames = list(
    c("-2", "-1", "0", "1", "2"), c("A", "C", "G", "T"))), LR40_SNP1 = structure(c(3, 
1052, 2), dim = c(3L, 1L), dimnames = list(c("-1", "0", "1"), 
    "C")), LR44_SNP1 = structure(c(0, 6, 276, 3, 1, 6, 281, 2
), dim = c(4L, 2L), dimnames = list(c("-2", "-1", "0", "1"), 
    c("C", "T"))), LR46_SNP1 = structure(c(0, 0, 0, 0, 0, 0, 
0, 0, 0, 2, 1140, 2, 0, 1, 1225, 3), dim = c(4L, 4L), dimnames = list(
    c("-2", "-1", "0", "1"), c("A", "C", "G", "T"))), LR48_SNP1 = structure(c(0, 
0, 0, 0, 0, 0, 0, 0, 7, 1077, 3, 0, 0, 0, 13, 1096, 2, 0), dim = c(6L, 
3L), dimnames = list(c("-4", "-2", "-1", "0", "1", "2"), c("A", 
"C", "T"))), LR49_SNP1 = structure(c(3, 1627, 0, 0, 0, 0), dim = 2:3, dimnames = list(
    c("-1", "0"), c("A", "G", "T"))), LR52_SNP1 = structure(c(0, 
0, 0, 0, 0, 0, 1, 0, 2, 53, 1673, 9), dim = c(6L, 2L), dimnames = list(
    c("-4", "-3", "-2", "-1", "0", "1"), c("C", "T"))))
