Result <-
list(DEPDC2_SNP1 = structure(c(0, 1, 0, 68, 169, 0), dim = 3:2, dimnames = list(
    c("-1", "0", "1"), c("C", "T"))), GM01_SNP1 = structure(c(0, 
9, 462, 132, 1, 0, 0, 0, 5, 0, 0, 0, 0, 0, 0, 0, 0, 0), dim = c(6L, 
3L), dimnames = list(c("-2", "-1", "0", "1", "2", "3"), c("A", 
"G", "T"))), GM07_SNP1 = structure(c(0, 0, 0, 0, 1, 78, 81, 1, 
0, 7, 148, 2), dim = 4:3, dimnames = list(c("-2", "-1", "0", 
"1"), c("-", "A", "G"))), GM09_SNP1 = structure(c(0, 157, 0, 
1, 185, 0), dim = 3:2, dimnames = list(c("-1", "0", "1"), c("A", 
"G"))), GM11_SNP1 = structure(c(1, 141, 1, 0, 4, 147, 0, 0, 0, 
0, 0, 0), dim = 4:3, dimnames = list(c("-1", "0", "1", "2"), 
    c("A", "G", "T"))), GM14_SNP1 = structure(c(0, 0, 0, 0, 0, 
1, 59, 440, 2, 0, 0, 0, 3, 0, 0), dim = c(5L, 3L), dimnames = list(
    c("-2", "-1", "0", "1", "2"), c("A", "C", "T"))), GM17_SNP1 = structure(c(0, 
0, 0, 0, 0, 0, 10, 0, 0, 11, 552, 2), dim = 4:3, dimnames = list(
    c("-2", "-1", "0", "1"), c("A", "C", "T"))), GM22_SNP1 = structure(c(0, 
0, 2, 497, 0, 0, 0, 0, 0, 0, 0, 0, 198, 179, 0, 0, 0, 0, 0, 0
), dim = 5:4, dimnames = list(c("-3", "-2", "-1", "0", "1"), 
    c("A", "C", "G", "T"))), GM26_SNP1 = structure(c(2, 180, 
0, 0, 1, 0), dim = 3:2, dimnames = list(c("-1", "0", "1"), c("A", 
"G"))), GM29_SNP1 = structure(c(0, 0, 0, 2, 0, 0, 0, 0, 82, 256, 
0, 0), dim = c(6L, 2L), dimnames = list(c("-3", "-2", "-1", "0", 
"1", "2"), c("A", "G"))), IM16_SNP1 = structure(c(1, 5, 0, 0, 
328, 1), dim = 3:2, dimnames = list(c("-1", "0", "1"), c("A", 
"G"))), IM49_SNP1 = structure(c(0, 0, 1, 0, 0, 0, 31, 79, 1, 
0, 0, 0, 0, 0, 0), dim = c(5L, 3L), dimnames = list(c("-2", "-1", 
"0", "1", "2"), c("C", "G", "T"))), LR10_SNP1 = structure(c(4, 
286, 1, 0, 1, 0), dim = 3:2, dimnames = list(c("-1", "0", "1"
), c("C", "T"))), LR11_SNP1 = structure(c(0, 8, 256, 0, 0, 0, 
4, 0), dim = c(4L, 2L), dimnames = list(c("-2", "-1", "0", "1"
), c("A", "C"))), LR17_SNP1 = structure(c(0, 60, 176, 0, 0), dim = c(5L, 
1L), dimnames = list(c("-2", "-1", "0", "1", "2"), "A")), LR20_SNP1 = structure(c(0, 
136, 0, 2), dim = c(2L, 2L), dimnames = list(c("-1", "0"), c("A", 
"G"))), LR24_SNP1 = structure(c(0, 3, 0, 14, 463, 0), dim = 3:2, dimnames = list(
    c("-1", "0", "1"), c("A", "G"))), LR36_SNP1 = structure(c(0, 
0, 4, 191, 0, 0, 0, 0, 0, 0, 0, 0, 0, 0, 3, 175, 0, 0), dim = c(6L, 
3L), dimnames = list(c("-3", "-2", "-1", "0", "1", "2"), c("A", 
"G", "T"))), LR40_SNP1 = structure(c(0, 1, 0, 1, 183, 0), dim = 3:2, dimnames = list(
    c("-1", "0", "1"), c("A", "C"))), LR44_SNP1 = structure(c(0, 
1, 9, 113, 0, 0, 2, 37, 40, 0), dim = c(5L, 2L), dimnames = list(
    c("-3", "-2", "-1", "0", "1"), c("C", "T"))), LR46_SNP1 = structure(c(0, 
388, 3, 3, 342, 0), dim = 3:2, dimnames = list(c("-1", "0", "1"
), c("G", "T"))), LR48_SNP1 = structure(c(0, 0, 0, 0, 0, 0, 0, 
1, 4, 0, 0, 2, 281, 203, 0), dim = c(5L, 3L), dimnames = list(
    c("-3", "-2", "-1", "0", "1"), c("A", "C", "T"))), LR49_SNP1 = structure(c(0, 
1, 0, 3, 277, 0, 0, 1, 0), dim = c(3L, 3L), dimnames = list(c("-1", 
"0", "1"), c("A", "G", "T"))), LR52_SNP1 = structure(c(0, 0, 
3, 11, 283, 6, 0, 0, 0, 0, 1, 2, 0, 0), dim = c(7L, 2L), dimnames = list(
    c("-4", "-3", "-2", "-1", "0", "1", "2"), c("C", "T"))))
