Result <-
list(DEPDC2_SNP1 = structure(c(2, 443, 3), dim = c(3L, 1L), dimnames = list(
    c("-1", "0", "1"), "T")), GM01_SNP1 = structure(c(0, 3, 830, 
3, 0, 0, 0, 0, 0, 0, 0, 0, 1, 0, 0), dim = c(5L, 3L), dimnames = list(
    c("-2", "-1", "0", "1", "3"), c("A", "C", "G"))), GM07_SNP1 = structure(c(0, 
24, 244, 1, 7, 63, 176, 1, 0, 0, 0, 0), dim = 4:3, dimnames = list(
    c("-2", "-1", "0", "1"), c("A", "G", "T"))), GM09_SNP1 = structure(c(2, 
535, 0, 0, 2, 0), dim = 3:2, dimnames = list(c("-1", "0", "1"
), c("A", "G"))), GM11_SNP1 = structure(c(1, 222, 0, 1, 226, 
0), dim = 3:2, dimnames = list(c("-1", "0", "1"), c("A", "G"))), 
    GM14_SNP1 = structure(c(0, 10, 305, 0, 0, 0, 4, 354, 1, 0
    ), dim = c(5L, 2L), dimnames = list(c("-2", "-1", "0", "1", 
    "2"), c("C", "T"))), GM17_SNP1 = structure(c(0, 3, 382, 0, 
    0, 2, 384, 0), dim = c(4L, 2L), dimnames = list(c("-2", "-1", 
    "0", "1"), c("C", "T"))), GM22_SNP1 = structure(c(0, 19, 
    1258, 3, 0, 0, 0, 0, 0, 0, 0, 0), dim = 4:3, dimnames = list(
        c("-2", "-1", "0", "1"), c("A", "G", "T"))), GM26_SNP1 = structure(c(0, 
    0, 297, 0), dim = c(4L, 1L), dimnames = list(c("-2", "-1", 
    "0", "1"), "G")), GM29_SNP1 = structure(c(4, 429, 0, 0, 1, 
    0), dim = 3:2, dimnames = list(c("-1", "0", "1"), c("A", 
    "G"))), IM16_SNP1 = structure(c(21, 494, 4, 0, 0, 0), dim = 3:2, dimnames = list(
        c("-1", "0", "1"), c("A", "G"))), IM49_SNP1 = structure(c(24, 
    18, 128, 2), dim = c(4L, 1L), dimnames = list(c("-2", "-1", 
    "0", "1"), "G")), LR10_SNP1 = structure(c(0, 2, 0, 0, 2, 
    257, 0, 0, 1, 221, 1, 1), dim = 4:3, dimnames = list(c("-1", 
    "0", "1", "2"), c("A", "C", "T"))), LR11_SNP1 = structure(c(0, 
    0, 0, 0, 54, 296, 0, 1), dim = c(4L, 2L), dimnames = list(
        c("-1", "0", "1", "2"), c("A", "C"))), LR17_SNP1 = structure(c(0, 
    8, 379, 1, 0), dim = c(5L, 1L), dimnames = list(c("-2", "-1", 
    "0", "1", "2"), "A")), LR20_SNP1 = structure(c(0, 1, 0, 207, 
    0, 2), dim = 2:3, dimnames = list(c("-1", "0"), c("A", "G", 
    "T"))), LR24_SNP1 = structure(c(0, 181, 0, 0, 195, 0), dim = 3:2, dimnames = list(
        c("-1", "0", "1"), c("A", "G"))), LR36_SNP1 = structure(c(0, 
    0, 0, 0, 0, 0, 2, 41, 416, 0), dim = c(5L, 2L), dimnames = list(
        c("-3", "-2", "-1", "0", "1"), c("A", "T"))), LR40_SNP1 = structure(c(1, 
    322, 0), dim = c(3L, 1L), dimnames = list(c("-1", "0", "1"
    ), "C")), LR44_SNP1 = structure(c(0, 0, 2, 115, 0, 0, 3, 
    37, 96, 1), dim = c(5L, 2L), dimnames = list(c("-3", "-2", 
    "-1", "0", "1"), c("C", "T"))), LR46_SNP1 = structure(c(0, 
    0, 0, 99, 296, 0, 17, 394, 0), dim = c(3L, 3L), dimnames = list(
        c("-1", "0", "1"), c("A", "G", "T"))), LR48_SNP1 = structure(c(0, 
    0, 0, 0, 0, 0, 21, 736, 2, 1, 0, 0, 1, 0, 0), dim = c(5L, 
    3L), dimnames = list(c("-2", "-1", "0", "1", "2"), c("A", 
    "C", "T"))), LR49_SNP1 = structure(c(1, 207, 0, 205), dim = c(2L, 
    2L), dimnames = list(c("-1", "0"), c("A", "G"))), LR52_SNP1 = structure(c(0, 
    0, 0, 0, 0, 0, 0, 0, 1, 0, 0, 0, 0, 22, 88, 427, 0, 0), dim = c(6L, 
    3L), dimnames = list(c("-3", "-2", "-1", "0", "1", "2"), 
        c("A", "C", "T"))))
