Result <-
list(DEPDC2_SNP1 = structure(c(0, 0, 0, 0, 150, 0, 1, 119, 0), dim = c(3L, 
3L), dimnames = list(c("-1", "0", "1"), c("A", "C", "T"))), GM01_SNP1 = structure(c(0, 
1, 0, 0, 3, 619, 0, 0, 0, 0, 0, 0, 0, 2, 0, 0, 0, 0, 0, 0), dim = 4:5, dimnames = list(
    c("-1", "0", "1", "2"), c("-", "A", "C", "G", "T"))), GM07_SNP1 = structure(c(0, 
0, 3, 0, 0, 1, 32, 397, 7, 0, 0, 0, 0, 0, 0), dim = c(5L, 3L), dimnames = list(
    c("-2", "-1", "0", "1", "2"), c("A", "G", "T"))), GM09_SNP1 = structure(c(0, 
351, 0, 0, 4, 0, 0, 0, 0), dim = c(3L, 3L), dimnames = list(c("-1", 
"0", "1"), c("A", "G", "T"))), GM11_SNP1 = structure(c(0, 0, 
148, 0, 0, 0, 134, 0, 0, 0, 0, 0), dim = 4:3, dimnames = list(
    c("-2", "-1", "0", "1"), c("A", "G", "T"))), GM14_SNP1 = structure(c(0, 
0, 9, 444, 2, 0, 0, 0, 2, 0), dim = c(5L, 2L), dimnames = list(
    c("-3", "-2", "-1", "0", "1"), c("C", "T"))), GM17_SNP1 = structure(c(0, 
0, 395, 0, 0, 0, 190, 0), dim = c(4L, 2L), dimnames = list(c("-2", 
"-1", "0", "1"), c("C", "T"))), GM22_SNP1 = structure(c(0, 4, 
861, 1, 0, 0, 0, 4, 0, 0, 0, 0, 0, 0, 0), dim = c(5L, 3L), dimnames = list(
    c("-2", "-1", "0", "1", "2"), c("A", "G", "T"))), GM26_SNP1 = structure(c(1, 
182, 0, 1, 1, 0), dim = 3:2, dimnames = list(c("-1", "0", "1"
), c("A", "G"))), GM29_SNP1 = structure(c(5, 287, 1, 0, 2, 0), dim = 3:2, dimnames = list(
    c("-1", "0", "1"), c("A", "G"))), IM16_SNP1 = structure(c(0, 
164, 1, 3, 171, 0), dim = 3:2, dimnames = list(c("-1", "0", "1"
), c("A", "G"))), IM49_SNP1 = structure(c(0, 5, 51, 0, 0, 3, 
46, 0), dim = c(4L, 2L), dimnames = list(c("-2", "-1", "0", "1"
), c("C", "G"))), LR10_SNP1 = structure(c(0, 0, 0, 0, 0, 2, 318, 
1), dim = c(4L, 2L), dimnames = list(c("-3", "-1", "0", "1"), 
    c("C", "T"))), LR11_SNP1 = structure(c(0, 0, 33, 83, 0, 0, 
0, 37, 54, 0), dim = c(5L, 2L), dimnames = list(c("-3", "-2", 
"-1", "0", "1"), c("A", "C"))), LR17_SNP1 = structure(c(0, 7, 
318, 0, 0, 0, 0, 0, 0, 0), dim = c(5L, 2L), dimnames = list(c("-2", 
"-1", "0", "1", "2"), c("A", "G"))), LR20_SNP1 = structure(c(1, 
0, 160, 0, 0, 0), dim = 2:3, dimnames = list(c("0", "1"), c("A", 
"G", "T"))), LR24_SNP1 = structure(c(4, 202, 0, 1, 117, 0), dim = 3:2, dimnames = list(
    c("-1", "0", "1"), c("A", "G"))), LR36_SNP1 = structure(c(0, 
0, 6, 308, 1, 0, 0, 0, 0, 0, 0, 0, 0, 0, 0), dim = c(5L, 3L), dimnames = list(
    c("-3", "-2", "-1", "0", "1"), c("A", "G", "T"))), LR40_SNP1 = structure(c(0, 
0, 1, 0, 0, 38, 142, 0), dim = c(4L, 2L), dimnames = list(c("-2", 
"-1", "0", "1"), c("A", "C"))), LR44_SNP1 = structure(c(1, 13, 
159, 0, 0, 0, 2, 0), dim = c(4L, 2L), dimnames = list(c("-2", 
"-1", "0", "1"), c("C", "T"))), LR46_SNP1 = structure(c(0, 650, 
0, 0, 4, 0), dim = 3:2, dimnames = list(c("-1", "0", "1"), c("G", 
"T"))), LR48_SNP1 = structure(c(0, 0, 0, 0, 0, 0, 1, 76, 143, 
0, 0, 0, 5, 214, 0), dim = c(5L, 3L), dimnames = list(c("-5", 
"-2", "-1", "0", "1"), c("A", "C", "T"))), LR49_SNP1 = structure(c(0, 
44, 84, 0, 0, 49, 93, 0, 0, 0, 0, 0), dim = 4:3, dimnames = list(
    c("-2", "-1", "0", "1"), c("A", "G", "T"))), LR52_SNP1 = structure(c(0, 
3, 38, 71, 2, 0, 1, 4, 141, 2), dim = c(5L, 2L), dimnames = list(
    c("-3", "-2", "-1", "0", "1"), c("C", "T"))))
