Result <-
list(DEPDC2_SNP1 = structure(c(1, 543, 1, 0, 0, 0), dim = 3:2, dimnames = list(
    c("-1", "0", "1"), c("C", "T"))), GM01_SNP1 = structure(c(0, 
0, 0, 0, 0, 5, 1001, 2, 0, 0, 2, 0), dim = 4:3, dimnames = list(
    c("-2", "-1", "0", "1"), c("-", "A", "G"))), GM07_SNP1 = structure(c(0, 
0, 4, 0, 0, 0, 0, 9, 578, 4, 0, 0), dim = c(6L, 2L), dimnames = list(
    c("-2", "-1", "0", "1", "2", "3"), c("A", "G"))), GM09_SNP1 = structure(c(0, 
0, 0, 0, 682, 0, 0, 5, 0), dim = c(3L, 3L), dimnames = list(c("-1", 
"0", "1"), c("-", "A", "G"))), GM11_SNP1 = structure(c(0, 0, 
186, 0, 0, 0, 0, 222, 1, 0), dim = c(5L, 2L), dimnames = list(
    c("-2", "-1", "0", "1", "2"), c("A", "G"))), GM14_SNP1 = structure(c(0, 
0, 0, 0, 0, 0, 0, 5, 392, 1, 0, 0, 7, 1298, 2), dim = c(5L, 3L
), dimnames = list(c("-3", "-2", "-1", "0", "1"), c("A", "C", 
"T"))), GM17_SNP1 = structure(c(0, 0, 0, 0, 0, 0, 731, 1, 0, 
2, 463, 0), dim = 4:3, dimnames = list(c("-3", "-1", "0", "1"
), c("A", "C", "T"))), GM22_SNP1 = structure(c(0, 6, 1567, 2, 
0, 0, 2, 0), dim = c(4L, 2L), dimnames = list(c("-2", "-1", "0", 
"1"), c("A", "G"))), GM26_SNP1 = structure(c(1, 347, 0, 1, 1, 
0), dim = 3:2, dimnames = list(c("-1", "0", "1"), c("A", "G"))), 
    GM29_SNP1 = structure(c(0, 285, 0, 2, 293, 0), dim = 3:2, dimnames = list(
        c("-1", "0", "1"), c("A", "G"))), IM16_SNP1 = structure(c(0, 
    1, 313, 1, 0, 0, 0, 317, 1, 0, 0, 0, 0, 0, 0), dim = c(5L, 
    3L), dimnames = list(c("-2", "-1", "0", "1", "2"), c("A", 
    "G", "T"))), IM49_SNP1 = structure(c(0, 5, 210, 1, 0, 0, 
    1, 0), dim = c(4L, 2L), dimnames = list(c("-2", "-1", "0", 
    "1"), c("C", "G"))), LR10_SNP1 = structure(c(0, 0, 2, 0, 
    0, 1, 641, 1), dim = c(4L, 2L), dimnames = list(c("-2", "-1", 
    "0", "1"), c("C", "T"))), LR11_SNP1 = structure(c(1, 456, 
    2, 0, 3, 0), dim = 3:2, dimnames = list(c("-1", "0", "1"), 
        c("A", "C"))), LR17_SNP1 = structure(c(0, 0, 8, 516, 
    2, 0, 0, 0, 0, 0, 0, 0, 0, 0, 0, 0, 0, 0), dim = c(6L, 3L
    ), dimnames = list(c("-3", "-2", "-1", "0", "1", "2"), c("A", 
    "G", "T"))), LR20_SNP1 = structure(c(0, 1, 0, 0, 264, 1, 
    0, 1, 0), dim = c(3L, 3L), dimnames = list(c("-1", "0", "1"
    ), c("A", "G", "T"))), LR24_SNP1 = structure(c(0, 0, 0, 1, 
    284, 0, 1, 244, 0, 0, 0, 0), dim = 3:4, dimnames = list(c("-1", 
    "0", "1"), c("-", "A", "G", "T"))), LR36_SNP1 = structure(c(0, 
    0, 0, 298, 0, 0, 0, 0, 0, 0, 0, 0, 0, 0, 0, 0, 0, 325, 0, 
    0, 0), dim = c(7L, 3L), dimnames = list(c("-4", "-2", "-1", 
    "0", "1", "2", "5"), c("A", "G", "T"))), LR40_SNP1 = structure(c(0, 
    183, 0, 0, 192, 0, 0, 0, 0), dim = c(3L, 3L), dimnames = list(
        c("-1", "0", "1"), c("A", "C", "T"))), LR44_SNP1 = structure(c(0, 
    6, 156, 1, 0, 5, 157, 0), dim = c(4L, 2L), dimnames = list(
        c("-2", "-1", "0", "1"), c("C", "T"))), LR46_SNP1 = structure(c(0, 
    0, 1, 0, 0, 0, 1023, 1, 0, 0, 2, 0), dim = 4:3, dimnames = list(
        c("-3", "-1", "0", "1"), c("A", "G", "T"))), LR48_SNP1 = structure(c(0, 
    0, 0, 0, 0, 0, 1, 0, 7, 872, 2, 0, 0, 0, 0, 2, 0, 0), dim = c(6L, 
    3L), dimnames = list(c("-3", "-2", "-1", "0", "1", "2"), 
        c("A", "C", "T"))), LR49_SNP1 = structure(c(0, 595, 0, 
    0, 0, 0, 0, 3, 0, 0, 0, 0), dim = 3:4, dimnames = list(c("-1", 
    "0", "1"), c("A", "C", "G", "T"))), LR52_SNP1 = structure(c(0, 
    0, 0, 0, 0, 0, 0, 0, 24, 491, 2, 0, 0, 0, 0, 5, 0, 0), dim = c(6L, 
    3L), dimnames = list(c("-3", "-2", "-1", "0", "1", "2"), 
        c("A", "C", "T"))))
