Result <-
list(DEPDC2_SNP1 = structure(c(2, 211, 1), dim = c(3L, 1L), dimnames = list(
    c("-1", "0", "1"), "T")), GM01_SNP1 = structure(c(0, 2, 217, 
2, 0, 1, 177, 0), dim = c(4L, 2L), dimnames = list(c("-2", "-1", 
"0", "1"), c("A", "G"))), GM07_SNP1 = structure(c(0, 0, 0, 0, 
0, 0, 7, 110, 0, 0, 0, 47, 73, 1, 0), dim = c(5L, 3L), dimnames = list(
    c("-2", "-1", "0", "1", "2"), c("-", "A", "G"))), GM09_SNP1 = structure(c(44, 
169, 0, 0, 1, 0), dim = 3:2, dimnames = list(c("-1", "0", "1"
), c("A", "G"))), GM11_SNP1 = structure(c(0, 76, 2, 0, 84, 0), dim = 3:2, dimnames = list(
    c("-1", "0", "1"), c("A", "G"))), GM14_SNP1 = structure(c(0, 
2, 134, 1, 0, 1, 131, 0), dim = c(4L, 2L), dimnames = list(c("-2", 
"-1", "0", "1"), c("C", "T"))), GM17_SNP1 = structure(c(0, 0, 
0, 0, 1, 0, 367, 0, 0, 0, 14, 0), dim = 4:3, dimnames = list(
    c("-2", "-1", "0", "1"), c("A", "C", "T"))), GM22_SNP1 = structure(c(0, 
5, 333, 0, 0, 0, 0, 0, 1, 0, 257, 0, 0, 0, 1, 0), dim = c(4L, 
4L), dimnames = list(c("-2", "-1", "0", "1"), c("A", "C", "G", 
"T"))), GM26_SNP1 = structure(c(13, 87, 0, 0, 7, 0), dim = 3:2, dimnames = list(
    c("-1", "0", "1"), c("A", "G"))), GM29_SNP1 = structure(c(1, 
101, 0, 0, 82, 0), dim = 3:2, dimnames = list(c("-1", "0", "1"
), c("A", "G"))), IM16_SNP1 = structure(c(0, 117, 1, 0, 2, 139, 
3, 0, 0, 0, 0, 0), dim = 4:3, dimnames = list(c("-1", "0", "1", 
"2"), c("A", "G", "T"))), IM49_SNP1 = structure(c(0, 0, 0, 0, 
0, 11, 35, 0, 2, 16, 21, 0), dim = 4:3, dimnames = list(c("-2", 
"-1", "0", "1"), c("-", "C", "G"))), LR10_SNP1 = structure(c(0, 
0, 0, 1, 78, 0, 0, 60, 0), dim = c(3L, 3L), dimnames = list(c("-1", 
"0", "1"), c("A", "C", "T"))), LR11_SNP1 = structure(c(0, 2, 
151, 0, 0, 0, 12, 2), dim = c(4L, 2L), dimnames = list(c("-2", 
"-1", "0", "1"), c("A", "C"))), LR17_SNP1 = structure(c(0, 9, 
103, 0), dim = c(4L, 1L), dimnames = list(c("-2", "-1", "0", 
"1"), "A")), LR20_SNP1 = structure(c(0, 46, 0, 1, 46, 0), dim = 3:2, dimnames = list(
    c("-1", "0", "1"), c("A", "G"))), LR24_SNP1 = structure(c(0, 
155, 0, 0, 4, 0), dim = 3:2, dimnames = list(c("-1", "0", "1"
), c("A", "G"))), LR36_SNP1 = structure(c(0, 0, 0, 29, 47, 0, 
0, 0, 0, 0, 0, 0, 0, 0, 1, 28, 44, 0), dim = c(6L, 3L), dimnames = list(
    c("-4", "-3", "-2", "-1", "0", "1"), c("A", "G", "T"))), 
    LR40_SNP1 = structure(c(0, 3, 0, 22, 92, 0, 0, 0, 0), dim = c(3L, 
    3L), dimnames = list(c("-1", "0", "1"), c("A", "C", "T"))), 
    LR44_SNP1 = structure(c(0, 8, 58, 0, 1, 0, 0, 59, 0, 0), dim = c(5L, 
    2L), dimnames = list(c("-2", "-1", "0", "1", "2"), c("C", 
    "T"))), LR46_SNP1 = structure(c(0, 44, 337, 0, 0, 0, 20, 
    0), dim = c(4L, 2L), dimnames = list(c("-2", "-1", "0", "1"
    ), c("G", "T"))), LR48_SNP1 = structure(c(0, 0, 0, 0, 0, 
    0, 9, 255, 2, 0, 0, 2, 10, 0, 0), dim = c(5L, 3L), dimnames = list(
        c("-2", "-1", "0", "1", "2"), c("A", "C", "T"))), LR49_SNP1 = structure(c(1, 
    8, 8, 133), dim = c(2L, 2L), dimnames = list(c("-1", "0"), 
        c("A", "G"))), LR52_SNP1 = structure(c(2, 41, 53, 105, 
    2, 0, 1, 0, 6, 0), dim = c(5L, 2L), dimnames = list(c("-3", 
    "-2", "-1", "0", "1"), c("C", "T"))))
