Result <-
list(DEPDC2_SNP1 = structure(c(0, 1, 0, 1, 715, 2), dim = 3:2, dimnames = list(
    c("-1", "0", "1"), c("C", "T"))), GM01_SNP1 = structure(c(0, 
0, 739, 1, 0, 1, 764, 0, 0, 0, 0, 0), dim = 4:3, dimnames = list(
    c("-2", "-1", "0", "1"), c("A", "G", "T"))), GM07_SNP1 = structure(c(0, 
0, 0, 2, 0, 0, 0, 0, 0, 0, 0, 0, 20, 893, 6), dim = c(5L, 3L), dimnames = list(
    c("-3", "-2", "-1", "0", "1"), c("A", "C", "G"))), GM09_SNP1 = structure(c(11, 
239, 7, 0, 5, 0), dim = 3:2, dimnames = list(c("-1", "0", "1"
), c("A", "G"))), GM11_SNP1 = structure(c(0, 350, 0, 0, 1, 0, 
0, 425, 1), dim = c(3L, 3L), dimnames = list(c("-1", "0", "1"
), c("A", "C", "G"))), GM14_SNP1 = structure(c(0, 0, 1, 0, 0, 
0, 6, 711, 0, 0, 0, 4, 683, 0, 0), dim = c(5L, 3L), dimnames = list(
    c("-2", "-1", "0", "1", "2"), c("A", "C", "T"))), GM17_SNP1 = structure(c(0, 
0, 0, 0, 0, 0, 6, 0, 0, 5, 1429, 2), dim = 4:3, dimnames = list(
    c("-2", "-1", "0", "1"), c("A", "C", "T"))), GM22_SNP1 = structure(c(0, 
4, 1994, 2, 0, 0, 1, 0, 0, 0, 0, 0), dim = 4:3, dimnames = list(
    c("-2", "-1", "0", "1"), c("A", "G", "T"))), GM26_SNP1 = structure(c(0, 
3, 558, 0, 0, 0, 0, 0), dim = c(4L, 2L), dimnames = list(c("-3", 
"-1", "0", "1"), c("A", "G"))), GM29_SNP1 = structure(c(0, 1, 
464, 0, 0, 2, 462, 0), dim = c(4L, 2L), dimnames = list(c("-2", 
"-1", "0", "1"), c("A", "G"))), IM16_SNP1 = structure(c(0, 1, 
405, 2, 0, 1, 4, 436, 1, 0, 0, 0, 0, 0, 0), dim = c(5L, 3L), dimnames = list(
    c("-2", "-1", "0", "1", "2"), c("A", "G", "T"))), IM49_SNP1 = structure(c(2, 
338, 1), dim = c(3L, 1L), dimnames = list(c("-1", "0", "1"), 
    "C")), LR10_SNP1 = structure(c(0, 0, 0, 0, 0, 4, 373, 0, 
0, 3, 453, 0), dim = 4:3, dimnames = list(c("-2", "-1", "0", 
"1"), c("A", "C", "T"))), LR11_SNP1 = structure(c(0, 9, 1000, 
0, 0, 0, 1, 0), dim = c(4L, 2L), dimnames = list(c("-2", "-1", 
"0", "1"), c("A", "C"))), LR17_SNP1 = structure(c(0, 22, 1174, 
2, 0, 0, 0, 0), dim = c(4L, 2L), dimnames = list(c("-2", "-1", 
"0", "1"), c("A", "G"))), LR20_SNP1 = structure(c(0, 187, 0, 
0, 198, 0), dim = 3:2, dimnames = list(c("-1", "0", "1"), c("A", 
"G"))), LR24_SNP1 = structure(c(0, 0, 0, 0, 436, 0, 0, 412, 0, 
0, 0, 0), dim = 3:4, dimnames = list(c("-1", "0", "1"), c("-", 
"A", "G", "T"))), LR36_SNP1 = structure(c(1, 1, 5, 884, 2, 0, 
0, 0, 2, 0), dim = c(5L, 2L), dimnames = list(c("-3", "-2", "-1", 
"0", "1"), c("A", "T"))), LR40_SNP1 = structure(c(0, 0, 0, 3, 
564, 0), dim = 3:2, dimnames = list(c("-1", "0", "1"), c("A", 
"C"))), LR44_SNP1 = structure(c(0, 11, 317, 4, 0, 0, 2, 0), dim = c(4L, 
2L), dimnames = list(c("-2", "-1", "0", "1"), c("C", "T"))), 
    LR46_SNP1 = structure(c(0, 0, 0, 0, 0, 0, 0, 0, 0, 0, 0, 
    0, 1, 759, 0, 0, 1, 745, 0, 0), dim = 4:5, dimnames = list(
        c("-1", "0", "1", "3"), c("-", "A", "C", "G", "T"))), 
    LR48_SNP1 = structure(c(0, 0, 0, 0, 0, 1, 4, 1272, 3, 1), dim = c(5L, 
    2L), dimnames = list(c("-2", "-1", "0", "1", "2"), c("A", 
    "C"))), LR49_SNP1 = structure(c(0, 3, 0, 3, 971, 0), dim = 3:2, dimnames = list(
        c("-1", "0", "1"), c("A", "G"))), LR52_SNP1 = structure(c(0, 
    0, 0, 0, 0, 0, 2, 30, 825, 4, 0, 0, 0, 0, 0), dim = c(5L, 
    3L), dimnames = list(c("-3", "-2", "-1", "0", "1"), c("A", 
    "C", "T"))))
