Result <-
list(DEPDC2_SNP1 = structure(c(0, 0, 0, 0, 2, 0, 2, 1497, 8), dim = c(3L, 
3L), dimnames = list(c("-1", "0", "1"), c("A", "C", "T"))), GM01_SNP1 = structure(c(0, 
0, 0, 0, 0, 4, 2382, 1, 0, 0, 4, 0), dim = 4:3, dimnames = list(
    c("-2", "-1", "0", "1"), c("-", "A", "G"))), GM07_SNP1 = structure(c(0, 
0, 3, 1, 0, 0, 0, 93, 1618, 14, 1, 0, 0, 0, 1, 0, 0, 0), dim = c(6L, 
3L), dimnames = list(c("-2", "-1", "0", "1", "2", "3"), c("A", 
"G", "T"))), GM09_SNP1 = structure(c(13, 1831, 0, 0, 4, 0), dim = 3:2, dimnames = list(
    c("-1", "0", "1"), c("A", "G"))), GM11_SNP1 = structure(c(0, 
19, 1512, 4, 0, 0, 1, 0), dim = c(4L, 2L), dimnames = list(c("-2", 
"-1", "0", "1"), c("A", "G"))), GM14_SNP1 = structure(c(0, 0, 
0, 0, 0, 0, 44, 2195, 8, 0, 0, 0, 5, 0, 0), dim = c(5L, 3L), dimnames = list(
    c("-2", "-1", "0", "1", "2"), c("A", "C", "T"))), GM17_SNP1 = structure(c(0, 
0, 0, 0, 0, 6, 2254, 2, 0, 0, 5, 0), dim = 4:3, dimnames = list(
    c("-2", "-1", "0", "1"), c("A", "C", "T"))), GM22_SNP1 = structure(c(0, 
0, 1, 1485, 2, 0, 0, 0, 1, 0, 0, 0, 3, 1282, 1, 0, 0, 0, 0, 0
), dim = 5:4, dimnames = list(c("-4", "-2", "-1", "0", "1"), 
    c("A", "C", "G", "T"))), GM26_SNP1 = structure(c(0, 14, 1098, 
0, 0, 0, 0, 0, 0, 0), dim = c(5L, 2L), dimnames = list(c("-2", 
"-1", "0", "1", "2"), c("A", "G"))), GM29_SNP1 = structure(c(0, 
0, 0, 0, 0, 27, 1417, 2, 0, 0, 1, 0, 0, 0, 0, 0), dim = c(4L, 
4L), dimnames = list(c("-2", "-1", "0", "1"), c("-", "A", "G", 
"T"))), IM16_SNP1 = structure(c(0, 0, 2, 0, 0, 0, 0, 0, 0, 0, 
0, 35, 1567, 2, 0, 0, 0, 0, 0, 0), dim = 5:4, dimnames = list(
    c("-2", "-1", "0", "1", "2"), c("A", "C", "G", "T"))), IM49_SNP1 = structure(c(11, 
232, 1, 0, 5, 244, 0, 0), dim = c(4L, 2L), dimnames = list(c("-1", 
"0", "1", "2"), c("C", "G"))), LR10_SNP1 = structure(c(0, 0, 
1, 0, 0, 17, 1574, 5, 0, 0, 3, 0), dim = 4:3, dimnames = list(
    c("-2", "-1", "0", "1"), c("A", "C", "T"))), LR11_SNP1 = structure(c(0, 
0, 0, 0, 25, 229, 1326, 3, 0, 0, 0, 0, 0, 0, 0, 0), dim = c(4L, 
4L), dimnames = list(c("-2", "-1", "0", "1"), c("-", "A", "C", 
"T"))), LR17_SNP1 = structure(c(0, 1, 338, 1658, 4, 0, 0, 0, 
0, 0, 0, 0, 0, 0, 0, 0, 0, 0), dim = c(6L, 3L), dimnames = list(
    c("-3", "-2", "-1", "0", "1", "2"), c("A", "G", "T"))), LR20_SNP1 = structure(c(3, 
358, 0, 0, 394, 2), dim = 3:2, dimnames = list(c("-1", "0", "1"
), c("A", "G"))), LR24_SNP1 = structure(c(0, 0, 3, 0, 2, 276, 
1301, 3), dim = c(4L, 2L), dimnames = list(c("-2", "-1", "0", 
"1"), c("A", "G"))), LR36_SNP1 = structure(c(0, 0, 1, 12, 788, 
1, 0, 0, 0, 0, 0, 0, 0, 0, 0, 0, 0, 12, 744, 0, 0), dim = c(7L, 
3L), dimnames = list(c("-4", "-3", "-2", "-1", "0", "1", "2"), 
    c("A", "G", "T"))), LR40_SNP1 = structure(c(0, 0, 0, 0, 0, 
174, 943, 0, 0, 0, 0, 0), dim = 4:3, dimnames = list(c("-2", 
"-1", "0", "1"), c("A", "C", "G"))), LR44_SNP1 = structure(c(0, 
0, 0, 0, 0, 0, 0, 0, 4, 0, 0, 0, 0, 0, 0, 1, 18, 240, 494, 1), dim = 5:4, dimnames = list(
    c("-3", "-2", "-1", "0", "1"), c("A", "C", "G", "T"))), LR46_SNP1 = structure(c(0, 
0, 0, 0, 0, 0, 0, 0, 0, 20, 1233, 0, 1, 0, 1317, 0), dim = c(4L, 
4L), dimnames = list(c("-2", "-1", "0", "1"), c("A", "C", "G", 
"T"))), LR48_SNP1 = structure(c(0, 0, 0, 0, 0, 0, 33, 2086, 6, 
0, 0, 1, 0, 0, 0), dim = c(5L, 3L), dimnames = list(c("-2", "-1", 
"0", "1", "2"), c("A", "C", "T"))), LR49_SNP1 = structure(c(82, 
1595, 0, 0, 5, 0, 0, 0, 0), dim = c(3L, 3L), dimnames = list(
    c("-1", "0", "1"), c("A", "G", "T"))), LR52_SNP1 = structure(c(0, 
0, 0, 0, 0, 0, 0, 0, 0, 0, 0, 0, 0, 0, 0, 1, 18, 226, 548, 2, 
0, 0, 11, 239, 22, 550, 1, 0), dim = c(7L, 4L), dimnames = list(
    c("-4", "-3", "-2", "-1", "0", "1", "2"), c("-", "A", "C", 
    "T"))))
