Result <-
list(DEPDC2_SNP1 = structure(c(0, 2, 0, 2, 1027, 0, 0, 4, 0), dim = c(3L, 
3L), dimnames = list(c("-1", "0", "1"), c("A", "C", "T"))), GM01_SNP1 = structure(c(0, 
0, 8, 0, 0, 0, 0, 0, 0, 6, 1703, 0, 0, 0, 0, 0), dim = c(4L, 
4L), dimnames = list(c("-2", "-1", "0", "1"), c("A", "C", "G", 
"T"))), GM07_SNP1 = structure(c(0, 0, 0, 0, 0, 0, 0, 0, 20, 568, 
0, 0, 1, 137, 77, 388, 2, 0, 0, 0, 0, 0, 0, 0), dim = c(6L, 4L
), dimnames = list(c("-3", "-2", "-1", "0", "1", "2"), c("-", 
"A", "G", "T"))), GM09_SNP1 = structure(c(0, 6, 0, 3, 1228, 1
), dim = 3:2, dimnames = list(c("-1", "0", "1"), c("A", "G"))), 
    GM11_SNP1 = structure(c(0, 13, 887, 0, 0, 0, 2, 0, 0, 0, 
    1, 0), dim = 4:3, dimnames = list(c("-2", "-1", "0", "1"), 
        c("A", "G", "T"))), GM14_SNP1 = structure(c(0, 0, 0, 
    0, 0, 0, 0, 0, 0, 0, 3, 0, 0, 23, 1481, 26), dim = c(4L, 
    4L), dimnames = list(c("-2", "-1", "0", "1"), c("-", "A", 
    "C", "T"))), GM17_SNP1 = structure(c(0, 0, 0, 7, 1506, 1, 
    0, 0, 0), dim = c(3L, 3L), dimnames = list(c("-1", "0", "1"
    ), c("A", "C", "T"))), GM22_SNP1 = structure(c(0, 1, 2272, 
    1, 0, 0, 2, 0), dim = c(4L, 2L), dimnames = list(c("-2", 
    "-1", "0", "1"), c("A", "G"))), GM26_SNP1 = structure(c(0, 
    2, 632, 1, 0, 0, 0, 1, 0, 0), dim = c(5L, 2L), dimnames = list(
        c("-2", "-1", "0", "1", "2"), c("A", "G"))), GM29_SNP1 = structure(c(0, 
    7, 1029, 1, 0, 0, 1, 0, 0, 0, 0, 0), dim = 4:3, dimnames = list(
        c("-2", "-1", "0", "1"), c("A", "G", "T"))), IM16_SNP1 = structure(c(1, 
    2, 0, 0, 0, 0, 0, 0, 5, 1109, 13, 0), dim = 4:3, dimnames = list(
        c("-1", "0", "1", "2"), c("A", "C", "G"))), IM49_SNP1 = structure(c(0, 
    6, 150, 1, 2, 45, 82, 0), dim = c(4L, 2L), dimnames = list(
        c("-2", "-1", "0", "1"), c("C", "G"))), LR10_SNP1 = structure(c(0, 
    0, 0, 0, 0, 0, 3, 0, 1, 11, 1145, 2), dim = 4:3, dimnames = list(
        c("-2", "-1", "0", "1"), c("A", "C", "T"))), LR11_SNP1 = structure(c(0, 
    0, 5, 339, 2, 0, 0, 0, 39, 444, 1, 0), dim = c(6L, 2L), dimnames = list(
        c("-3", "-2", "-1", "0", "1", "3"), c("A", "C"))), LR17_SNP1 = structure(c(0, 
    0, 26, 1046, 4, 0, 0, 0, 0, 1, 0, 0, 0, 0, 0, 1, 0, 0), dim = c(6L, 
    3L), dimnames = list(c("-3", "-2", "-1", "0", "1", "2"), 
        c("A", "C", "G"))), LR20_SNP1 = structure(c(1, 516, 0, 
    0, 1, 0), dim = 3:2, dimnames = list(c("-1", "0", "1"), c("A", 
    "G"))), LR24_SNP1 = structure(c(0, 0, 0, 0, 3, 0, 17, 952, 
    3), dim = c(3L, 3L), dimnames = list(c("-1", "0", "1"), c("-", 
    "A", "G"))), LR36_SNP1 = structure(c(0, 0, 0, 0, 2, 0, 0, 
    0, 0, 0, 29, 1069, 11, 0), dim = c(7L, 2L), dimnames = list(
        c("-5", "-3", "-2", "-1", "0", "1", "2"), c("A", "T"))), 
    LR40_SNP1 = structure(c(1, 258, 0, 4, 453, 0, 0, 0, 0), dim = c(3L, 
    3L), dimnames = list(c("-1", "0", "1"), c("A", "C", "T"))), 
    LR44_SNP1 = structure(c(1, 19, 183, 0, 0, 2, 67, 165, 1, 
    0), dim = c(5L, 2L), dimnames = list(c("-2", "-1", "0", "1", 
    "2"), c("C", "T"))), LR46_SNP1 = structure(c(0, 0, 0, 0, 
    0, 0, 0, 0, 0, 0, 0, 0, 0, 0, 0, 0, 12, 1080, 1, 0, 0, 27, 
    830, 0, 0), dim = c(5L, 5L), dimnames = list(c("-2", "-1", 
    "0", "1", "2"), c("-", "A", "C", "G", "T"))), LR48_SNP1 = structure(c(0, 
    0, 0, 0, 0, 0, 1, 223, 11, 1154, 1, 0, 0, 0, 1, 1, 0, 0), dim = c(6L, 
    3L), dimnames = list(c("-3", "-2", "-1", "0", "1", "2"), 
        c("A", "C", "T"))), LR49_SNP1 = structure(c(0, 2, 0, 
    2, 1044, 0), dim = 3:2, dimnames = list(c("-1", "0", "1"), 
        c("A", "G"))), LR52_SNP1 = structure(c(1, 12, 129, 338, 
    0, 0, 0, 6, 77, 454, 4, 0), dim = c(6L, 2L), dimnames = list(
        c("-3", "-2", "-1", "0", "1", "2"), c("C", "T"))))
