Result <-
list(DEPDC2_SNP1 = structure(c(0, 396, 0, 0, 1, 0), dim = 3:2, dimnames = list(
    c("-1", "0", "1"), c("C", "T"))), GM01_SNP1 = structure(c(3, 
336, 0, 2, 386, 0), dim = 3:2, dimnames = list(c("-1", "0", "1"
), c("A", "G"))), GM07_SNP1 = structure(c(0, 2, 175, 0, 0, 0, 
4, 256, 2, 0), dim = c(5L, 2L), dimnames = list(c("-2", "-1", 
"0", "1", "2"), c("A", "G"))), GM09_SNP1 = structure(c(13, 110, 
2, 0, 2, 0, 0, 0, 0), dim = c(3L, 3L), dimnames = list(c("-1", 
"0", "1"), c("A", "G", "T"))), GM11_SNP1 = structure(c(0, 296, 
0, 0, 1, 0), dim = 3:2, dimnames = list(c("-1", "0", "1"), c("A", 
"G"))), GM14_SNP1 = structure(c(0, 2, 13, 0, 0, 1, 673, 2), dim = c(4L, 
2L), dimnames = list(c("-2", "-1", "0", "1"), c("C", "T"))), 
    GM17_SNP1 = structure(c(0, 0, 0, 0, 0, 0, 1, 373, 0, 0, 0, 
    2, 259, 0, 0), dim = c(5L, 3L), dimnames = list(c("-2", "-1", 
    "0", "1", "2"), c("A", "C", "T"))), GM22_SNP1 = structure(c(0, 
    0, 16, 0, 0, 5, 937, 0, 0, 0, 0, 0), dim = 4:3, dimnames = list(
        c("-2", "-1", "0", "1"), c("A", "G", "T"))), GM26_SNP1 = structure(c(0, 
    1, 196, 0, 0, 0, 1, 0, 0, 0, 0, 0, 0, 0, 0), dim = c(5L, 
    3L), dimnames = list(c("-2", "-1", "0", "1", "2"), c("A", 
    "G", "T"))), GM29_SNP1 = structure(c(1, 133, 0, 0, 239, 1
    ), dim = 3:2, dimnames = list(c("-1", "0", "1"), c("A", "G"
    ))), IM16_SNP1 = structure(c(0, 178, 0, 2, 162, 1), dim = 3:2, dimnames = list(
        c("-1", "0", "1"), c("A", "G"))), IM49_SNP1 = structure(c(0, 
    0, 0, 0, 0, 2, 0, 0, 1, 132, 1, 0), dim = 4:3, dimnames = list(
        c("-1", "0", "1", "2"), c("A", "C", "G"))), LR10_SNP1 = structure(c(0, 
    1, 0, 0, 0, 165, 0, 0, 0, 179, 0, 0), dim = 4:3, dimnames = list(
        c("-1", "0", "1", "2"), c("A", "C", "T"))), LR11_SNP1 = structure(c(6, 
    421, 0, 0, 1, 2, 0, 0, 0, 0, 0, 0), dim = 4:3, dimnames = list(
        c("-1", "0", "1", "2"), c("A", "C", "G"))), LR17_SNP1 = structure(c(1, 
    9, 446, 1, 0, 0, 0, 0, 0, 0), dim = c(5L, 2L), dimnames = list(
        c("-2", "-1", "0", "1", "2"), c("A", "G"))), LR20_SNP1 = structure(c(2, 
    0, 177, 0), dim = c(2L, 2L), dimnames = list(c("0", "1"), 
        c("A", "G"))), LR24_SNP1 = structure(c(0, 231, 0, 2, 
    286, 0), dim = 3:2, dimnames = list(c("-1", "0", "1"), c("A", 
    "G"))), LR36_SNP1 = structure(c(0, 0, 0, 3, 0, 1, 0, 1, 404, 
    1), dim = c(5L, 2L), dimnames = list(c("-3", "-2", "-1", 
    "0", "1"), c("A", "T"))), LR40_SNP1 = structure(c(1, 167, 
    0, 0, 134, 0), dim = 3:2, dimnames = list(c("-1", "0", "1"
    ), c("A", "C"))), LR44_SNP1 = structure(c(7, 149, 0, 0, 0, 
    0), dim = 3:2, dimnames = list(c("-1", "0", "1"), c("C", 
    "T"))), LR46_SNP1 = structure(c(0, 0, 0, 0, 324, 0, 1, 332, 
    1), dim = c(3L, 3L), dimnames = list(c("-1", "0", "1"), c("C", 
    "G", "T"))), LR48_SNP1 = structure(c(0, 0, 0, 0, 0, 0, 0, 
    7, 584, 1, 0, 0, 0, 0, 0), dim = c(5L, 3L), dimnames = list(
        c("-3", "-2", "-1", "0", "1"), c("A", "C", "T"))), LR49_SNP1 = structure(c(0, 
    2, 1, 491, 0, 0), dim = 2:3, dimnames = list(c("-1", "0"), 
        c("A", "G", "T"))), LR52_SNP1 = structure(c(0, 0, 0, 
    13, 348, 1, 0, 0, 0, 0, 6, 0), dim = c(6L, 2L), dimnames = list(
        c("-4", "-3", "-2", "-1", "0", "1"), c("C", "T"))))
