Result <-
list(DEPDC2_SNP1 = structure(c(0, 0, 0, 0, 0, 4, 180, 0, 0, 0, 
147, 0), dim = 4:3, dimnames = list(c("-2", "-1", "0", "1"), 
    c("A", "C", "T"))), GM01_SNP1 = structure(c(0, 10, 693, 2, 
0, 0, 1, 0), dim = c(4L, 2L), dimnames = list(c("-2", "-1", "0", 
"1"), c("A", "G"))), GM07_SNP1 = structure(c(0, 41, 156, 0, 1, 
2, 46, 122, 2, 0), dim = c(5L, 2L), dimnames = list(c("-2", "-1", 
"0", "1", "2"), c("A", "G"))), GM09_SNP1 = structure(c(4, 51, 
2, 4, 43, 1), dim = 3:2, dimnames = list(c("-1", "0", "1"), c("A", 
"G"))), GM11_SNP1 = structure(c(0, 3, 180, 1, 0, 2, 145, 0), dim = c(4L, 
2L), dimnames = list(c("-2", "-1", "0", "1"), c("A", "G"))), 
    GM14_SNP1 = structure(c(0, 1, 74, 194, 1, 0, 0, 5, 232, 0
    ), dim = c(5L, 2L), dimnames = list(c("-3", "-2", "-1", "0", 
    "1"), c("C", "T"))), GM17_SNP1 = structure(c(0, 0, 0, 0, 
    0, 0, 0, 1, 277, 0, 0, 0, 1, 359, 0), dim = c(5L, 3L), dimnames = list(
        c("-3", "-2", "-1", "0", "1"), c("A", "C", "T"))), GM22_SNP1 = structure(c(0, 
    5, 512, 0, 0, 0, 360, 0, 0, 0, 1, 0), dim = 4:3, dimnames = list(
        c("-2", "-1", "0", "1"), c("A", "G", "T"))), GM26_SNP1 = structure(c(0, 
    21, 149), dim = c(3L, 1L), dimnames = list(c("-2", "-1", 
    "0"), "A")), GM29_SNP1 = structure(c(0, 0, 1, 0, 1, 9, 309, 
    0), dim = c(4L, 2L), dimnames = list(c("-2", "-1", "0", "1"
    ), c("A", "G"))), IM16_SNP1 = structure(c(10, 162, 1, 0, 
    1, 184, 2, 0, 0, 0, 0, 0), dim = 4:3, dimnames = list(c("-1", 
    "0", "1", "2"), c("A", "G", "T"))), IM49_SNP1 = structure(c(0, 
    21, 88, 0), dim = c(4L, 1L), dimnames = list(c("-2", "-1", 
    "0", "1"), "G")), LR10_SNP1 = structure(c(1, 166, 0, 35, 
    125, 0), dim = 3:2, dimnames = list(c("-1", "0", "1"), c("C", 
    "T"))), LR11_SNP1 = structure(c(1, 104, 0, 3, 137, 0, 0, 
    0, 0), dim = c(3L, 3L), dimnames = list(c("-1", "0", "1"), 
        c("A", "C", "G"))), LR17_SNP1 = structure(c(0, 48, 319, 
    3, 0, 0, 0, 0), dim = c(4L, 2L), dimnames = list(c("-2", 
    "-1", "0", "1"), c("A", "G"))), LR20_SNP1 = structure(c(1, 
    136, 0), dim = c(3L, 1L), dimnames = list(c("-1", "0", "1"
    ), "G")), LR24_SNP1 = structure(c(1, 5, 197, 4, 0, 0, 144, 
    0), dim = c(4L, 2L), dimnames = list(c("-2", "-1", "0", "1"
    ), c("A", "G"))), LR36_SNP1 = structure(c(0, 0, 4, 204, 4, 
    0, 0, 0, 32, 135, 2, 0), dim = c(6L, 2L), dimnames = list(
        c("-3", "-2", "-1", "0", "1", "2"), c("A", "T"))), LR40_SNP1 = structure(c(0, 
    51, 84, 1, 0, 0, 69, 1), dim = c(4L, 2L), dimnames = list(
        c("-2", "-1", "0", "1"), c("A", "C"))), LR44_SNP1 = structure(c(0, 
    0, 0, 0, 0, 2, 13, 27, 101, 0), dim = c(5L, 2L), dimnames = list(
        c("-3", "-2", "-1", "0", "1"), c("A", "C"))), LR46_SNP1 = structure(c(0, 
    2, 563, 0, 0, 0, 2, 0), dim = c(4L, 2L), dimnames = list(
        c("-2", "-1", "0", "1"), c("G", "T"))), LR48_SNP1 = structure(c(0, 
    0, 1, 0, 0, 0, 17, 431, 39, 1, 0, 0, 1, 0, 0), dim = c(5L, 
    3L), dimnames = list(c("-2", "-1", "0", "1", "2"), c("A", 
    "C", "T"))), LR49_SNP1 = structure(c(0, 0, 1, 301), dim = c(2L, 
    2L), dimnames = list(c("-1", "0"), c("A", "G"))), LR52_SNP1 = structure(c(0, 
    0, 5, 12, 116, 0, 0, 0, 8, 23, 94, 1), dim = c(6L, 2L), dimnames = list(
        c("-4", "-3", "-2", "-1", "0", "1"), c("C", "T"))))
