Result <-
list(DEPDC2_SNP1 = structure(c(0, 2, 0, 0, 0, 0, 2, 838, 0), dim = c(3L, 
3L), dimnames = list(c("-1", "0", "1"), c("C", "G", "T"))), GM01_SNP1 = structure(c(0, 
2, 1, 0, 1, 0, 5, 1842, 1), dim = c(3L, 3L), dimnames = list(
    c("-1", "0", "1"), c("A", "C", "G"))), GM07_SNP1 = structure(c(0, 
0, 1, 0, 0, 0, 20, 1098, 11, 0, 0, 2, 0, 0, 0), dim = c(5L, 3L
), dimnames = list(c("-2", "-1", "0", "1", "2"), c("-", "A", 
"G"))), GM09_SNP1 = structure(c(0, 2, 0, 1, 1094, 2), dim = 3:2, dimnames = list(
    c("-1", "0", "1"), c("A", "G"))), GM11_SNP1 = structure(c(1, 
927, 0, 0, 0, 0), dim = 3:2, dimnames = list(c("-1", "0", "1"
), c("A", "G"))), GM14_SNP1 = structure(c(0, 0, 1, 0, 0, 0, 4, 
808, 0, 0, 0, 5, 850, 0, 0), dim = c(5L, 3L), dimnames = list(
    c("-2", "-1", "0", "1", "2"), c("A", "C", "T"))), GM17_SNP1 = structure(c(0, 
0, 0, 4, 745, 0, 2, 836, 0), dim = c(3L, 3L), dimnames = list(
    c("-1", "0", "1"), c("A", "C", "T"))), GM22_SNP1 = structure(c(0, 
0, 1, 11, 0, 0, 0, 11, 2021, 0), dim = c(5L, 2L), dimnames = list(
    c("-3", "-2", "-1", "0", "1"), c("A", "G"))), GM26_SNP1 = structure(c(4, 
637, 2, 0, 1, 0), dim = 3:2, dimnames = list(c("-1", "0", "1"
), c("A", "G"))), GM29_SNP1 = structure(c(3, 523, 0, 0, 3, 512, 
0, 0), dim = c(4L, 2L), dimnames = list(c("-1", "0", "1", "2"
), c("A", "G"))), IM16_SNP1 = structure(c(0, 0, 499, 1, 0, 0, 
2, 501, 1, 0, 0, 0, 0, 0, 0), dim = c(5L, 3L), dimnames = list(
    c("-2", "-1", "0", "1", "2"), c("A", "G", "T"))), IM49_SNP1 = structure(c(10, 
352, 5, 0, 0, 0), dim = 3:2, dimnames = list(c("-1", "0", "1"
), c("C", "G"))), LR10_SNP1 = structure(c(0, 0, 0, 0, 6, 494, 
0, 1, 1, 491, 1, 0), dim = 4:3, dimnames = list(c("-1", "0", 
"1", "2"), c("A", "C", "T"))), LR11_SNP1 = structure(c(0, 0, 
0, 0, 0, 0, 6, 553, 0, 0, 0, 1, 421, 2, 0), dim = c(5L, 3L), dimnames = list(
    c("-2", "-1", "0", "1", "2"), c("-", "A", "C"))), LR17_SNP1 = structure(c(0, 
0, 23, 1360, 6, 0, 0, 0, 0, 0), dim = c(5L, 2L), dimnames = list(
    c("-3", "-2", "-1", "0", "1"), c("A", "G"))), LR20_SNP1 = structure(c(213, 
242), dim = 1:2, dimnames = list("0", c("A", "G"))), LR24_SNP1 = structure(c(0, 
0, 0, 0, 2, 445, 0, 0, 2, 655, 2, 1), dim = 4:3, dimnames = list(
    c("-1", "0", "1", "2"), c("-", "A", "G"))), LR36_SNP1 = structure(c(0, 
0, 6, 571, 4, 0, 0, 0, 0, 0, 0, 0, 0, 1, 2, 489, 0, 0), dim = c(6L, 
3L), dimnames = list(c("-3", "-2", "-1", "0", "1", "2"), c("A", 
"G", "T"))), LR40_SNP1 = structure(c(1, 0, 699, 0, 0, 0, 0, 0
), dim = c(4L, 2L), dimnames = list(c("-2", "-1", "0", "1"), 
    c("C", "T"))), LR44_SNP1 = structure(c(0, 0, 1, 0, 1, 9, 
184, 1, 0, 4, 181, 1), dim = 4:3, dimnames = list(c("-2", "-1", 
"0", "1"), c("A", "C", "T"))), LR46_SNP1 = structure(c(0, 0, 
0, 0, 0, 0, 1, 0, 0, 0, 596, 1, 0, 1, 957, 0), dim = c(4L, 4L
), dimnames = list(c("-2", "-1", "0", "1"), c("-", "A", "G", 
"T"))), LR48_SNP1 = structure(c(0, 0, 10, 1612, 5, 0, 0, 1, 1, 
0), dim = c(5L, 2L), dimnames = list(c("-3", "-2", "-1", "0", 
"1"), c("C", "T"))), LR49_SNP1 = structure(c(1, 602, 0, 1, 502, 
0, 0, 0, 0), dim = c(3L, 3L), dimnames = list(c("-1", "0", "1"
), c("A", "G", "T"))), LR52_SNP1 = structure(c(3, 55, 976, 6, 
1, 0, 1, 4, 0, 0), dim = c(5L, 2L), dimnames = list(c("-2", "-1", 
"0", "1", "2"), c("C", "T"))))
