Result <-
list(DEPDC2_SNP1 = structure(c(1, 633, 1, 1, 770, 1), dim = 3:2, dimnames = list(
    c("-1", "0", "1"), c("C", "T"))), GM01_SNP1 = structure(c(5, 
1136, 1, 7, 1268, 1, 0, 0, 0), dim = c(3L, 3L), dimnames = list(
    c("-1", "0", "1"), c("A", "G", "T"))), GM07_SNP1 = structure(c(0, 
0, 0, 0, 0, 0, 1, 13, 785, 7, 0, 0, 0, 13, 763, 12, 2, 0, 0, 
0, 2, 0, 0, 0), dim = c(6L, 4L), dimnames = list(c("-2", "-1", 
"0", "1", "2", "3"), c("-", "A", "G", "T"))), GM09_SNP1 = structure(c(5, 
1112, 1, 1, 1030, 0), dim = 3:2, dimnames = list(c("-1", "0", 
"1"), c("A", "G"))), GM11_SNP1 = structure(c(0, 4, 0, 7, 1755, 
3), dim = 3:2, dimnames = list(c("-1", "0", "1"), c("A", "G"))), 
    GM14_SNP1 = structure(c(0, 0, 1, 0, 0, 18, 1134, 1, 2, 12, 
    1082, 2), dim = 4:3, dimnames = list(c("-2", "-1", "0", "1"
    ), c("A", "C", "T"))), GM17_SNP1 = structure(c(0, 0, 0, 0, 
    0, 6, 2786, 3, 0, 0, 3, 0), dim = 4:3, dimnames = list(c("-2", 
    "-1", "0", "1"), c("A", "C", "T"))), GM22_SNP1 = structure(c(0, 
    2, 1644, 1, 0, 4, 1361, 1, 0, 0, 0, 0), dim = 4:3, dimnames = list(
        c("-2", "-1", "0", "1"), c("A", "G", "T"))), GM26_SNP1 = structure(c(1, 
    497, 0, 0, 0, 507, 0, 0), dim = c(4L, 2L), dimnames = list(
        c("-1", "0", "1", "2"), c("A", "G"))), GM29_SNP1 = structure(c(0, 
    10, 1672, 4, 0, 0, 0, 0), dim = c(4L, 2L), dimnames = list(
        c("-3", "-1", "0", "1"), c("A", "G"))), IM16_SNP1 = structure(c(1, 
    2, 0, 8, 1911, 9, 0, 0, 0), dim = c(3L, 3L), dimnames = list(
        c("-1", "0", "1"), c("A", "G", "T"))), IM49_SNP1 = structure(c(4, 
    277, 3, 0, 6, 250, 1, 0), dim = c(4L, 2L), dimnames = list(
        c("-1", "0", "1", "2"), c("C", "G"))), LR10_SNP1 = structure(c(0, 
    5, 683, 1, 0, 0, 0, 0, 0, 2, 742, 0), dim = 4:3, dimnames = list(
        c("-3", "-1", "0", "1"), c("C", "G", "T"))), LR11_SNP1 = structure(c(0, 
    6, 902, 7, 0, 6, 779, 0), dim = c(4L, 2L), dimnames = list(
        c("-2", "-1", "0", "1"), c("A", "C"))), LR17_SNP1 = structure(c(2, 
    34, 2803, 8, 0, 0, 0, 0, 0, 0, 0, 0), dim = 4:3, dimnames = list(
        c("-2", "-1", "0", "1"), c("A", "G", "T"))), LR20_SNP1 = structure(c(0, 
    835, 2, 0, 1, 0), dim = 3:2, dimnames = list(c("-1", "0", 
    "1"), c("A", "G"))), LR24_SNP1 = structure(c(1, 691, 0, 3, 
    819, 0), dim = 3:2, dimnames = list(c("-1", "0", "1"), c("A", 
    "G"))), LR36_SNP1 = structure(c(0, 0, 2, 0, 1, 10, 1384, 
    5), dim = c(4L, 2L), dimnames = list(c("-2", "-1", "0", "1"
    ), c("A", "T"))), LR40_SNP1 = structure(c(0, 5, 646, 1, 0, 
    3, 671, 1), dim = c(4L, 2L), dimnames = list(c("-2", "-1", 
    "0", "1"), c("A", "C"))), LR44_SNP1 = structure(c(0, 10, 
    297, 3, 0, 0, 1, 0, 0, 11, 201, 2), dim = 4:3, dimnames = list(
        c("-2", "-1", "0", "1"), c("C", "G", "T"))), LR46_SNP1 = structure(c(0, 
    0, 0, 0, 0, 0, 0, 0, 0, 0, 5, 0, 0, 2, 2909, 0), dim = c(4L, 
    4L), dimnames = list(c("-3", "-1", "0", "1"), c("-", "C", 
    "G", "T"))), LR48_SNP1 = structure(c(0, 0, 10, 1197, 3, 0, 
    0, 3, 895, 2, 0, 0), dim = c(6L, 2L), dimnames = list(c("-3", 
    "-2", "-1", "0", "1", "2"), c("C", "T"))), LR49_SNP1 = structure(c(2, 
    859, 1, 4, 708, 0, 0, 1, 0), dim = c(3L, 3L), dimnames = list(
        c("-1", "0", "1"), c("A", "G", "T"))), LR52_SNP1 = structure(c(0, 
    0, 0, 0, 6, 93, 1530, 7, 0, 1, 5, 0), dim = 4:3, dimnames = list(
        c("-2", "-1", "0", "1"), c("A", "C", "T"))))
