Result <-
list(DEPDC2_SNP1 = structure(c(0, 1, 0, 1, 343, 1, 3, 217, 0), dim = c(3L, 
3L), dimnames = list(c("-1", "0", "1"), c("A", "C", "T"))), GM01_SNP1 = structure(c(1, 
14, 1200, 4, 0, 0, 0, 3, 0, 0), dim = c(5L, 2L), dimnames = list(
    c("-2", "-1", "0", "1", "2"), c("A", "G"))), GM07_SNP1 = structure(c(0, 
6, 224, 468, 4, 0, 0, 0, 0, 0, 0, 0, 0, 5, 0, 0, 0, 0, 0, 0), dim = 5:4, dimnames = list(
    c("-3", "-2", "-1", "0", "1"), c("A", "C", "G", "T"))), GM09_SNP1 = structure(c(4, 
387, 0, 1, 323, 0, 0, 1, 0), dim = c(3L, 3L), dimnames = list(
    c("-1", "0", "1"), c("A", "G", "T"))), GM11_SNP1 = structure(c(1, 
141, 429, 2, 0, 0, 2, 0), dim = c(4L, 2L), dimnames = list(c("-2", 
"-1", "0", "1"), c("A", "G"))), GM14_SNP1 = structure(c(0, 0, 
0, 0, 0, 0, 0, 0, 0, 0, 0, 2, 251, 233, 0, 0, 8, 418, 215, 0), dim = 5:4, dimnames = list(
    c("-3", "-2", "-1", "0", "1"), c("-", "A", "C", "T"))), GM17_SNP1 = structure(c(9, 
976, 0, 0, 7, 0), dim = 3:2, dimnames = list(c("-1", "0", "1"
), c("C", "T"))), GM22_SNP1 = structure(c(0, 7, 827, 1, 0, 6, 
653, 0, 0, 0, 0, 0), dim = 4:3, dimnames = list(c("-2", "-1", 
"0", "1"), c("A", "G", "T"))), GM26_SNP1 = structure(c(1, 174, 
1, 7, 191, 0), dim = 3:2, dimnames = list(c("-1", "0", "1"), 
    c("A", "G"))), GM29_SNP1 = structure(c(0, 284, 439, 1, 0, 
0, 0, 1, 0, 0, 0, 0, 0, 0, 0), dim = c(5L, 3L), dimnames = list(
    c("-2", "-1", "0", "1", "2"), c("A", "G", "T"))), IM16_SNP1 = structure(c(1, 
143, 1, 0, 6, 309, 0, 0, 0, 0, 0, 0), dim = 4:3, dimnames = list(
    c("-1", "0", "1", "2"), c("A", "G", "T"))), IM49_SNP1 = structure(c(0, 
0, 1, 0, 0, 0, 61, 199, 2, 0), dim = c(5L, 2L), dimnames = list(
    c("-2", "-1", "0", "1", "2"), c("C", "G"))), LR10_SNP1 = structure(c(0, 
0, 0, 7, 630, 2, 0, 1, 0), dim = c(3L, 3L), dimnames = list(c("-1", 
"0", "1"), c("A", "C", "T"))), LR11_SNP1 = structure(c(13, 608, 
3, 0, 7, 0, 0, 0, 0, 0, 1, 0), dim = 3:4, dimnames = list(c("-1", 
"0", "1"), c("A", "C", "G", "T"))), LR17_SNP1 = structure(c(0, 
17, 671, 7, 0, 0, 0, 0), dim = c(4L, 2L), dimnames = list(c("-2", 
"-1", "0", "1"), c("A", "G"))), LR20_SNP1 = structure(c(0, 151, 
0, 0, 122, 0), dim = 3:2, dimnames = list(c("-1", "0", "1"), 
    c("A", "G"))), LR24_SNP1 = structure(c(0, 3, 436, 0, 0, 0, 
252, 0), dim = c(4L, 2L), dimnames = list(c("-3", "-1", "0", 
"1"), c("A", "G"))), LR36_SNP1 = structure(c(0, 0, 1, 1, 13, 
294, 10, 0, 0, 0, 0, 0, 0, 124, 163, 1, 0, 0), dim = c(9L, 2L
), dimnames = list(c("-5", "-4", "-3", "-2", "-1", "0", "1", 
"2", "3"), c("A", "T"))), LR40_SNP1 = structure(c(0, 1, 0, 9, 
432, 0), dim = 3:2, dimnames = list(c("-1", "0", "1"), c("A", 
"C"))), LR44_SNP1 = structure(c(0, 0, 2, 66, 0, 0, 10, 130, 69, 
0), dim = c(5L, 2L), dimnames = list(c("-3", "-2", "-1", "0", 
"1"), c("C", "T"))), LR46_SNP1 = structure(c(16, 1205, 0, 0, 
2, 0), dim = 3:2, dimnames = list(c("-1", "0", "1"), c("G", "T"
))), LR48_SNP1 = structure(c(0, 0, 0, 0, 0, 0, 12, 258, 708, 
2, 0, 0, 0, 0, 0, 0, 0, 0, 0, 0), dim = 5:4, dimnames = list(
    c("-3", "-2", "-1", "0", "1"), c("A", "C", "G", "T"))), LR49_SNP1 = structure(c(23, 
594, 0, 0, 4, 0, 0, 0, 0), dim = c(3L, 3L), dimnames = list(c("-1", 
"0", "1"), c("A", "G", "T"))), LR52_SNP1 = structure(c(0, 2, 
18, 147, 176, 0, 0, 0, 0, 2, 14, 312, 0, 0), dim = c(7L, 2L), dimnames = list(
    c("-6", "-3", "-2", "-1", "0", "1", "2"), c("C", "T"))))
