Result <-
list(DEPDC2_SNP1 = structure(c(0, 223, 0, 1, 245, 0), dim = 3:2, dimnames = list(
    c("-1", "0", "1"), c("C", "T"))), GM01_SNP1 = structure(c(0, 
0, 0, 0, 0, 5, 490, 1, 0, 1, 445, 1, 0, 0, 0, 0), dim = c(4L, 
4L), dimnames = list(c("-4", "-1", "0", "1"), c("-", "A", "G", 
"T"))), GM07_SNP1 = structure(c(0, 0, 0, 0, 0, 0, 8, 586, 1, 
0, 0, 0, 0, 0, 0), dim = c(5L, 3L), dimnames = list(c("-2", "-1", 
"0", "1", "2"), c("-", "A", "T"))), GM09_SNP1 = structure(c(0, 
558, 1, 1, 8, 0), dim = 3:2, dimnames = list(c("-1", "0", "1"
), c("A", "G"))), GM11_SNP1 = structure(c(0, 2, 471, 2, 0, 0, 
0, 1), dim = c(4L, 2L), dimnames = list(c("-2", "-1", "0", "1"
), c("A", "G"))), GM14_SNP1 = structure(c(0, 0, 0, 1, 0, 0, 0, 
0, 3, 362, 1, 0, 0, 0, 2, 333, 1, 0), dim = c(6L, 3L), dimnames = list(
    c("-3", "-2", "-1", "0", "1", "2"), c("A", "C", "T"))), GM17_SNP1 = structure(c(0, 
4, 794, 2, 0, 0, 0, 5, 0, 0), dim = c(5L, 2L), dimnames = list(
    c("-2", "-1", "0", "1", "2"), c("C", "T"))), GM22_SNP1 = structure(c(0, 
7, 1294, 3, 0, 0, 0, 9, 0, 0), dim = c(5L, 2L), dimnames = list(
    c("-2", "-1", "0", "1", "2"), c("A", "G"))), GM26_SNP1 = structure(c(0, 
0, 281, 0, 0, 0, 0, 0, 0, 0), dim = c(5L, 2L), dimnames = list(
    c("-2", "-1", "0", "1", "2"), c("A", "G"))), GM29_SNP1 = structure(c(3, 
464, 0, 0, 1, 0, 0, 0, 0), dim = c(3L, 3L), dimnames = list(c("-1", 
"0", "1"), c("A", "G", "T"))), IM16_SNP1 = structure(c(0, 0, 
273, 0, 1, 3, 245, 1), dim = c(4L, 2L), dimnames = list(c("-2", 
"-1", "0", "1"), c("A", "G"))), IM49_SNP1 = structure(c(0, 0, 
0, 1, 0, 0, 0, 166, 0), dim = c(3L, 3L), dimnames = list(c("-1", 
"0", "1"), c("A", "C", "G"))), LR10_SNP1 = structure(c(0, 0, 
0, 0, 0, 0, 6, 480, 0), dim = c(3L, 3L), dimnames = list(c("-1", 
"0", "1"), c("A", "C", "T"))), LR11_SNP1 = structure(c(0, 0, 
0, 0, 0, 0, 0, 3, 334, 0), dim = c(5L, 2L), dimnames = list(c("-3", 
"-2", "-1", "0", "1"), c("A", "C"))), LR17_SNP1 = structure(c(0, 
161, 135, 0, 0, 0, 0, 0, 0, 0), dim = c(5L, 2L), dimnames = list(
    c("-1", "0", "1", "2", "3"), c("A", "G"))), LR20_SNP1 = structure(c(0, 
100, 0, 0, 110, 0), dim = 3:2, dimnames = list(c("-1", "0", "1"
), c("A", "G"))), LR24_SNP1 = structure(c(2, 386, 0, 0, 2, 0), dim = 3:2, dimnames = list(
    c("-1", "0", "1"), c("A", "G"))), LR36_SNP1 = structure(c(0, 
0, 0, 0, 255, 0, 0, 0, 0, 0, 0, 0, 0, 0, 0, 2, 212, 0), dim = c(6L, 
3L), dimnames = list(c("-4", "-3", "-2", "-1", "0", "1"), c("A", 
"G", "T"))), LR40_SNP1 = structure(c(0, 162, 0, 2, 160, 0), dim = 3:2, dimnames = list(
    c("-1", "0", "1"), c("A", "C"))), LR44_SNP1 = structure(c(0, 
0, 1, 123, 0, 0, 1, 4, 139, 0), dim = c(5L, 2L), dimnames = list(
    c("-4", "-2", "-1", "0", "1"), c("C", "T"))), LR46_SNP1 = structure(c(0, 
0, 0, 0, 0, 0, 0, 0, 0, 9, 0, 0, 1, 812, 0, 0), dim = c(4L, 4L
), dimnames = list(c("-1", "0", "1", "2"), c("-", "C", "G", "T"
))), LR48_SNP1 = structure(c(0, 0, 0, 0, 0, 0, 0, 0, 1, 2, 320, 
0, 0, 0, 0, 0, 0, 5, 360, 2), dim = 4:5, dimnames = list(c("-2", 
"-1", "0", "1"), c("-", "A", "C", "G", "T"))), LR49_SNP1 = structure(c(0, 
219, 0, 0, 187, 0, 0, 0, 0), dim = c(3L, 3L), dimnames = list(
    c("-1", "0", "1"), c("A", "G", "T"))), LR52_SNP1 = structure(c(0, 
0, 4, 7, 0, 0, 0, 0, 13, 469, 6, 0), dim = c(6L, 2L), dimnames = list(
    c("-3", "-2", "-1", "0", "1", "2"), c("C", "T"))))
