Result <-
list(DEPDC2_SNP1 = structure(c(0, 0, 0, 2, 252, 0, 0, 0, 0, 0, 
2, 0), dim = 3:4, dimnames = list(c("-1", "0", "1"), c("A", "C", 
"G", "T"))), GM01_SNP1 = structure(c(0, 0, 0, 0, 0, 0, 0, 0, 
4, 596, 0, 0, 0, 0, 0, 4, 0, 0, 0, 0, 0, 0, 0, 0), dim = c(6L, 
4L), dimnames = list(c("-3", "-2", "-1", "0", "1", "2"), c("-", 
"A", "G", "T"))), GM07_SNP1 = structure(c(0, 0, 0, 0, 0, 0, 56, 
274, 5, 0), dim = c(5L, 2L), dimnames = list(c("-2", "-1", "0", 
"1", "2"), c("-", "A"))), GM09_SNP1 = structure(c(0, 1, 0, 9, 
298, 0), dim = 3:2, dimnames = list(c("-1", "0", "1"), c("A", 
"G"))), GM11_SNP1 = structure(c(3, 207, 3, 0, 0, 0), dim = 3:2, dimnames = list(
    c("-1", "0", "1"), c("A", "G"))), GM14_SNP1 = structure(c(0, 
22, 386, 0, 0, 0, 2, 0), dim = c(4L, 2L), dimnames = list(c("-2", 
"-1", "0", "1"), c("C", "T"))), GM17_SNP1 = structure(c(0, 12, 
470, 2, 0, 0, 2, 0), dim = c(4L, 2L), dimnames = list(c("-3", 
"-1", "0", "1"), c("C", "T"))), GM22_SNP1 = structure(c(1, 141, 
697, 4, 0, 0, 0, 2, 0, 0), dim = c(5L, 2L), dimnames = list(c("-2", 
"-1", "0", "1", "2"), c("A", "G"))), GM26_SNP1 = structure(c(0, 
1, 75, 0, 0, 2, 90, 1, 0, 0, 1, 0), dim = 4:3, dimnames = list(
    c("-2", "-1", "0", "1"), c("A", "G", "T"))), GM29_SNP1 = structure(c(1, 
19, 117, 0, 0, 6, 146, 0, 0, 0, 0, 0), dim = 4:3, dimnames = list(
    c("-2", "-1", "0", "1"), c("A", "G", "T"))), IM16_SNP1 = structure(c(18, 
127, 0, 0, 3, 139, 2, 0), dim = c(4L, 2L), dimnames = list(c("-1", 
"0", "1", "2"), c("A", "G"))), IM49_SNP1 = structure(c(3, 22, 
91, 0, 0), dim = c(5L, 1L), dimnames = list(c("-2", "-1", "0", 
"1", "2"), "C")), LR10_SNP1 = structure(c(0, 0, 0, 0, 0, 0, 0, 
114, 0, 0, 0, 3, 117, 0, 0), dim = c(5L, 3L), dimnames = list(
    c("-2", "-1", "0", "1", "2"), c("A", "C", "T"))), LR11_SNP1 = structure(c(0, 
13, 115, 1, 0, 0, 3, 88, 23, 0, 0, 0, 1, 0, 0), dim = c(5L, 3L
), dimnames = list(c("-2", "-1", "0", "1", "2"), c("A", "C", 
"G"))), LR17_SNP1 = structure(c(0, 27, 163, 0), dim = c(4L, 1L
), dimnames = list(c("-2", "-1", "0", "1"), "A")), LR20_SNP1 = structure(c(0, 
123, 0, 1), dim = c(2L, 2L), dimnames = list(c("-1", "0"), c("A", 
"G"))), LR24_SNP1 = structure(c(0, 2, 246, 0), dim = c(4L, 1L
), dimnames = list(c("-2", "-1", "0", "1"), "A")), LR36_SNP1 = structure(c(0, 
0, 4, 134, 0, 1, 3, 42, 81, 0), dim = c(5L, 2L), dimnames = list(
    c("-3", "-2", "-1", "0", "1"), c("A", "T"))), LR40_SNP1 = structure(c(2, 
188, 2), dim = c(3L, 1L), dimnames = list(c("-1", "0", "1"), 
    "C")), LR44_SNP1 = structure(c(0, 8, 22, 34, 7, 0, 0, 0, 
2, 27, 69, 1, 0, 0), dim = c(7L, 2L), dimnames = list(c("-3", 
"-2", "-1", "0", "1", "2", "3"), c("C", "T"))), LR46_SNP1 = structure(c(1, 
280, 1, 7, 291, 0), dim = 3:2, dimnames = list(c("-1", "0", "1"
), c("G", "T"))), LR48_SNP1 = structure(c(0, 0, 4, 0, 0, 0, 58, 
380, 1, 0), dim = c(5L, 2L), dimnames = list(c("-2", "-1", "0", 
"1", "2"), c("C", "T"))), LR49_SNP1 = structure(c(1, 146, 0, 
2, 144, 0), dim = 3:2, dimnames = list(c("-1", "0", "1"), c("A", 
"G"))), LR52_SNP1 = structure(c(0, 1, 6, 83, 191, 0), dim = c(6L, 
1L), dimnames = list(c("-4", "-3", "-2", "-1", "0", "1"), "C")))
