Result <-
list(DEPDC2_SNP1 = structure(c(0, 2, 0, 12, 443, 1), dim = 3:2, dimnames = list(
    c("-1", "0", "1"), c("C", "T"))), GM01_SNP1 = structure(c(0, 
0, 6, 0, 0, 0, 35, 885, 2, 0), dim = c(5L, 2L), dimnames = list(
    c("-2", "-1", "0", "1", "2"), c("A", "G"))), GM07_SNP1 = structure(c(0, 
0, 0, 0, 0, 1, 88, 454, 5, 0, 0, 0, 1, 0, 0, 0, 0, 1, 0, 0, 0, 
0, 0, 0, 0), dim = c(5L, 5L), dimnames = list(c("-2", "-1", "0", 
"1", "2"), c("-", "A", "C", "G", "T"))), GM09_SNP1 = structure(c(19, 
115, 2, 0, 0, 0), dim = 3:2, dimnames = list(c("-1", "0", "1"
), c("A", "G"))), GM11_SNP1 = structure(c(0, 0, 1, 0, 0, 6, 419, 
4), dim = c(4L, 2L), dimnames = list(c("-2", "-1", "0", "1"), 
    c("A", "G"))), GM14_SNP1 = structure(c(0, 1, 47, 721, 6, 
0, 0, 0, 0, 2, 0, 0), dim = c(6L, 2L), dimnames = list(c("-3", 
"-2", "-1", "0", "1", "2"), c("C", "T"))), GM17_SNP1 = structure(c(7, 
807, 1, 0, 4, 0), dim = 3:2, dimnames = list(c("-1", "0", "1"
), c("C", "T"))), GM22_SNP1 = structure(c(0, 5, 561, 1, 0, 1, 
477, 1), dim = c(4L, 2L), dimnames = list(c("-2", "-1", "0", 
"1"), c("A", "G"))), GM26_SNP1 = structure(c(0, 151, 1, 1, 146, 
0), dim = 3:2, dimnames = list(c("-1", "0", "1"), c("A", "G"))), 
    GM29_SNP1 = structure(c(9, 512, 1, 0, 0, 0), dim = 3:2, dimnames = list(
        c("-1", "0", "1"), c("A", "G"))), IM16_SNP1 = structure(c(0, 
    1, 0, 9, 373, 4), dim = 3:2, dimnames = list(c("-1", "0", 
    "1"), c("A", "G"))), IM49_SNP1 = structure(c(0, 0, 0, 0, 
    1, 9, 143, 1, 0, 0, 0, 0), dim = 4:3, dimnames = list(c("-2", 
    "-1", "0", "1"), c("C", "G", "T"))), LR10_SNP1 = structure(c(0, 
    0, 2, 0, 0, 4, 484, 1), dim = c(4L, 2L), dimnames = list(
        c("-2", "-1", "0", "1"), c("C", "T"))), LR11_SNP1 = structure(c(0, 
    1, 132, 356, 1), dim = c(5L, 1L), dimnames = list(c("-3", 
    "-2", "-1", "0", "1"), "A")), LR17_SNP1 = structure(c(0, 
    6, 256, 2, 0), dim = c(5L, 1L), dimnames = list(c("-2", "-1", 
    "0", "1", "2"), "A")), LR20_SNP1 = structure(c(0, 1, 103, 
    0, 0, 61, 52, 0, 0, 1, 0, 0), dim = 4:3, dimnames = list(
        c("-2", "-1", "0", "1"), c("A", "G", "T"))), LR24_SNP1 = structure(c(12, 
    714, 0, 0, 2, 0), dim = 3:2, dimnames = list(c("-1", "0", 
    "1"), c("A", "G"))), LR36_SNP1 = structure(c(0, 0, 1, 4, 
    237, 3, 0, 0, 0, 0, 1, 0, 0, 0, 0, 1, 236, 3), dim = c(6L, 
    3L), dimnames = list(c("-4", "-3", "-2", "-1", "0", "1"), 
        c("A", "G", "T"))), LR40_SNP1 = structure(c(1, 99, 0, 
    1, 78, 0), dim = 3:2, dimnames = list(c("-1", "0", "1"), 
        c("A", "C"))), LR44_SNP1 = structure(c(0, 1, 12, 113, 
    0, 0, 0, 0, 1, 35, 112, 0, 0, 0), dim = c(7L, 2L), dimnames = list(
        c("-3", "-2", "-1", "0", "1", "2", "3"), c("C", "T"))), 
    LR46_SNP1 = structure(c(0, 0, 0, 0, 0, 3, 436, 1, 0, 11, 
    427, 2), dim = 4:3, dimnames = list(c("-2", "-1", "0", "1"
    ), c("A", "G", "T"))), LR48_SNP1 = structure(c(0, 0, 0, 0, 
    0, 0, 0, 7, 179, 187, 1, 0, 0, 2, 56, 341, 1, 0), dim = c(6L, 
    3L), dimnames = list(c("-3", "-2", "-1", "0", "1", "2"), 
        c("A", "C", "T"))), LR49_SNP1 = structure(c(9, 517, 0, 
    1), dim = c(2L, 2L), dimnames = list(c("-1", "0"), c("A", 
    "G"))), LR52_SNP1 = structure(c(0, 0, 0, 0, 0, 0, 0, 0, 0, 
    0, 3, 0, 0, 0, 22, 154, 332, 4), dim = c(6L, 3L), dimnames = list(
        c("-6", "-3", "-2", "-1", "0", "1"), c("A", "C", "T"))))
