Result <-
list(DEPDC2_SNP1 = structure(c(0, 0, 0, 1, 903, 2, 0, 6, 0), dim = c(3L, 
3L), dimnames = list(c("-1", "0", "1"), c("A", "C", "T"))), GM01_SNP1 = structure(c(0, 
0, 0, 0, 2, 74, 1497, 2, 0, 0, 0, 0, 0, 0, 4, 0), dim = c(4L, 
4L), dimnames = list(c("-2", "-1", "0", "1"), c("-", "A", "C", 
"G"))), GM07_SNP1 = structure(c(0, 0, 0, 0, 0, 3, 34, 463, 3, 
0, 1, 27, 490, 2, 1), dim = c(5L, 3L), dimnames = list(c("-2", 
"-1", "0", "1", "2"), c("-", "A", "G"))), GM09_SNP1 = structure(c(2, 
1221, 3, 0, 4, 0, 0, 0, 0), dim = c(3L, 3L), dimnames = list(
    c("-1", "0", "1"), c("A", "G", "T"))), GM11_SNP1 = structure(c(7, 
877, 6, 0, 1, 0), dim = 3:2, dimnames = list(c("-1", "0", "1"
), c("A", "G"))), GM14_SNP1 = structure(c(0, 12, 698, 2, 0, 0, 
0, 0, 0, 52, 634, 0), dim = 4:3, dimnames = list(c("-2", "-1", 
"0", "1"), c("C", "G", "T"))), GM17_SNP1 = structure(c(0, 31, 
662, 1, 0, 1, 755, 0), dim = c(4L, 2L), dimnames = list(c("-2", 
"-1", "0", "1"), c("C", "T"))), GM22_SNP1 = structure(c(0, 13, 
1080, 3, 0, 2, 898, 0), dim = c(4L, 2L), dimnames = list(c("-2", 
"-1", "0", "1"), c("A", "G"))), GM26_SNP1 = structure(c(0, 4, 
338, 0, 0, 2, 323, 0), dim = c(4L, 2L), dimnames = list(c("-2", 
"-1", "0", "1"), c("A", "G"))), GM29_SNP1 = structure(c(0, 9, 
911, 0, 0, 0, 1, 0), dim = c(4L, 2L), dimnames = list(c("-2", 
"-1", "0", "1"), c("A", "G"))), IM16_SNP1 = structure(c(0, 1, 
0, 0, 42, 950, 6, 0, 0, 1, 0, 0), dim = 4:3, dimnames = list(
    c("-1", "0", "1", "2"), c("A", "G", "T"))), IM49_SNP1 = structure(c(1, 
37, 252, 1), dim = c(4L, 1L), dimnames = list(c("-2", "-1", "0", 
"1"), "G")), LR10_SNP1 = structure(c(0, 23, 428, 2, 0, 0, 0, 
0, 0, 3, 480, 0), dim = 4:3, dimnames = list(c("-2", "-1", "0", 
"1"), c("C", "G", "T"))), LR11_SNP1 = structure(c(0, 7, 42, 915, 
2, 0, 0, 0, 2, 0), dim = c(5L, 2L), dimnames = list(c("-4", "-2", 
"-1", "0", "1"), c("A", "C"))), LR17_SNP1 = structure(c(0, 13, 
1112, 6, 0, 0, 0, 0, 0, 0), dim = c(5L, 2L), dimnames = list(
    c("-2", "-1", "0", "1", "2"), c("A", "G"))), LR20_SNP1 = structure(c(0, 
227, 0, 0, 232, 0), dim = 3:2, dimnames = list(c("-1", "0", "1"
), c("A", "G"))), LR24_SNP1 = structure(c(0, 0, 0, 0, 0, 0, 3, 
0, 0, 30, 882, 2, 0, 0, 0, 0), dim = c(4L, 4L), dimnames = list(
    c("-2", "-1", "0", "1"), c("-", "A", "G", "T"))), LR36_SNP1 = structure(c(0, 
0, 0, 14, 507, 1, 0, 0, 0, 0, 0, 0, 0, 0, 0, 0, 0, 3, 459, 1, 
0), dim = c(7L, 3L), dimnames = list(c("-4", "-3", "-2", "-1", 
"0", "1", "3"), c("A", "G", "T"))), LR40_SNP1 = structure(c(3, 
334, 3, 0, 325, 2), dim = 3:2, dimnames = list(c("-1", "0", "1"
), c("A", "C"))), LR44_SNP1 = structure(c(2, 17, 185, 1, 0, 8, 
20, 200, 1, 1), dim = c(5L, 2L), dimnames = list(c("-2", "-1", 
"0", "1", "2"), c("C", "T"))), LR46_SNP1 = structure(c(0, 6, 
0, 76, 1615, 1), dim = 3:2, dimnames = list(c("-1", "0", "1"), 
    c("G", "T"))), LR48_SNP1 = structure(c(0, 76, 1355, 2, 0, 
0, 1, 2, 0, 0), dim = c(5L, 2L), dimnames = list(c("-2", "-1", 
"0", "1", "2"), c("C", "T"))), LR49_SNP1 = structure(c(0, 5, 
0, 10, 1014, 0), dim = 3:2, dimnames = list(c("-1", "0", "1"), 
    c("A", "G"))), LR52_SNP1 = structure(c(0, 0, 0, 0, 0, 0, 
1, 4, 30, 474, 2, 0, 0, 7, 41, 443, 15, 0), dim = c(6L, 3L), dimnames = list(
    c("-3", "-2", "-1", "0", "1", "2"), c("A", "C", "T"))))
