Result <-
list(DEPDC2_SNP1 = structure(c(0, 1, 0, 1, 1036, 1, 0, 3, 0), dim = c(3L, 
3L), dimnames = list(c("-1", "0", "1"), c("A", "C", "T"))), GM01_SNP1 = structure(c(0, 
12, 1944, 1, 0, 0, 0, 0, 0, 0, 0, 0, 0, 0, 0, 0, 0, 0, 0, 0), dim = 5:4, dimnames = list(
    c("-2", "-1", "0", "1", "2"), c("A", "C", "G", "T"))), GM07_SNP1 = structure(c(0, 
0, 0, 0, 0, 4, 192, 441, 4, 0, 2, 67, 587, 8, 0, 0, 0, 0, 0, 
0), dim = 5:4, dimnames = list(c("-2", "-1", "0", "1", "2"), 
    c("-", "A", "G", "T"))), GM09_SNP1 = structure(c(0, 1, 0, 
5, 1375, 1), dim = 3:2, dimnames = list(c("-1", "0", "1"), c("A", 
"G"))), GM11_SNP1 = structure(c(0, 2, 366, 168, 0, 0, 1, 555, 
0, 0, 0, 0, 1, 0, 0), dim = c(5L, 3L), dimnames = list(c("-3", 
"-1", "0", "1", "2"), c("A", "G", "T"))), GM14_SNP1 = structure(c(0, 
0, 0, 0, 0, 0, 0, 0, 0, 1, 0, 0, 0, 0, 15, 893, 2, 0, 0, 10, 
35, 776, 3, 0), dim = c(6L, 4L), dimnames = list(c("-3", "-2", 
"-1", "0", "1", "2"), c("-", "A", "C", "T"))), GM17_SNP1 = structure(c(0, 
0, 0, 0, 0, 9, 957, 0, 0, 0, 0, 0, 0, 4, 856, 0), dim = c(4L, 
4L), dimnames = list(c("-2", "-1", "0", "1"), c("A", "C", "G", 
"T"))), GM22_SNP1 = structure(c(0, 0, 22, 2372, 6, 0, 0, 0, 0, 
1, 0, 0, 0, 0, 0, 0, 0, 0), dim = c(6L, 3L), dimnames = list(
    c("-4", "-2", "-1", "0", "1", "2"), c("A", "G", "T"))), GM26_SNP1 = structure(c(0, 
22, 361, 2, 0, 2, 431, 0), dim = c(4L, 2L), dimnames = list(c("-2", 
"-1", "0", "1"), c("A", "G"))), GM29_SNP1 = structure(c(0, 3, 
582, 0, 0, 22, 485, 0, 0, 0, 0, 0), dim = 4:3, dimnames = list(
    c("-2", "-1", "0", "1"), c("A", "G", "T"))), IM16_SNP1 = structure(c(57, 
1132, 3, 0, 2, 0), dim = 3:2, dimnames = list(c("-1", "0", "1"
), c("G", "T"))), IM49_SNP1 = structure(c(0, 29, 162, 0, 0, 9, 
168, 0), dim = c(4L, 2L), dimnames = list(c("-2", "-1", "0", 
"1"), c("C", "G"))), LR10_SNP1 = structure(c(0, 0, 0, 1, 0, 0, 
0, 6, 558, 2, 0, 0, 5, 583, 2), dim = c(5L, 3L), dimnames = list(
    c("-3", "-2", "-1", "0", "1"), c("A", "C", "T"))), LR11_SNP1 = structure(c(0, 
1, 11, 591, 0, 0, 0, 13, 495, 1, 0, 0, 0, 0, 0), dim = c(5L, 
3L), dimnames = list(c("-3", "-2", "-1", "0", "1"), c("A", "C", 
"T"))), LR17_SNP1 = structure(c(0, 0, 42, 1426, 4, 0, 0, 0, 0, 
0), dim = c(5L, 2L), dimnames = list(c("-3", "-2", "-1", "0", 
"1"), c("A", "G"))), LR20_SNP1 = structure(c(0, 0, 0, 0, 269, 
0, 2, 300, 1), dim = c(3L, 3L), dimnames = list(c("-1", "0", 
"1"), c("-", "A", "G"))), LR24_SNP1 = structure(c(0, 0, 16, 506, 
0, 0, 0, 22, 784, 2, 0, 0, 0, 0, 0), dim = c(5L, 3L), dimnames = list(
    c("-3", "-2", "-1", "0", "1"), c("A", "G", "T"))), LR36_SNP1 = structure(c(0, 
1, 10, 577, 2, 0, 0, 0, 0, 0, 0, 0, 0, 35, 252, 358, 1, 0), dim = c(6L, 
3L), dimnames = list(c("-3", "-2", "-1", "0", "1", "2"), c("A", 
"C", "T"))), LR40_SNP1 = structure(c(0, 0, 1, 0, 0, 9, 870, 0, 
0, 0, 0, 0), dim = 4:3, dimnames = list(c("-2", "-1", "0", "1"
), c("A", "C", "T"))), LR44_SNP1 = structure(c(0, 1, 0, 0, 0, 
4, 54, 538, 2, 0), dim = c(5L, 2L), dimnames = list(c("-2", "-1", 
"0", "1", "2"), c("C", "T"))), LR46_SNP1 = structure(c(0, 1, 
0, 0, 1, 0, 15, 989, 0, 3, 997, 1), dim = 3:4, dimnames = list(
    c("-1", "0", "1"), c("-", "A", "G", "T"))), LR48_SNP1 = structure(c(0, 
0, 0, 1, 0, 0, 0, 0, 69, 744, 1, 0, 0, 0, 33, 770, 2, 0), dim = c(6L, 
3L), dimnames = list(c("-3", "-2", "-1", "0", "1", "2"), c("A", 
"C", "T"))), LR49_SNP1 = structure(c(1, 682, 0, 2, 655, 0), dim = 3:2, dimnames = list(
    c("-1", "0", "1"), c("A", "G"))), LR52_SNP1 = structure(c(0, 
0, 0, 1, 0, 0, 2, 65, 494, 0, 1, 11, 55, 525, 7), dim = c(5L, 
3L), dimnames = list(c("-3", "-2", "-1", "0", "1"), c("A", "C", 
"T"))))
