Result <-
list(DEPDC2_SNP1 = structure(c(0, 0, 0, 0, 1, 0, 1, 474, 0), dim = c(3L, 
3L), dimnames = list(c("-1", "0", "1"), c("A", "C", "T"))), GM01_SNP1 = structure(c(0, 
0, 5, 0, 0, 3, 700, 1), dim = c(4L, 2L), dimnames = list(c("-2", 
"-1", "0", "1"), c("A", "G"))), GM07_SNP1 = structure(c(0, 0, 
0, 0, 0, 0, 3, 196, 2, 0, 0, 0, 0, 0, 0, 0, 1, 204, 1, 0, 0, 
0, 0, 0, 0), dim = c(5L, 5L), dimnames = list(c("-2", "-1", "0", 
"1", "2"), c("-", "A", "C", "G", "T"))), GM09_SNP1 = structure(c(1, 
400, 0, 0, 4, 0), dim = 3:2, dimnames = list(c("-1", "0", "1"
), c("A", "G"))), GM11_SNP1 = structure(c(0, 133, 0, 0, 168, 
1), dim = 3:2, dimnames = list(c("-1", "0", "1"), c("A", "G"))), 
    GM14_SNP1 = structure(c(0, 2, 217, 0, 0, 0, 0, 220, 0, 0), dim = c(5L, 
    2L), dimnames = list(c("-2", "-1", "0", "1", "2"), c("C", 
    "T"))), GM17_SNP1 = structure(c(0, 2, 645, 1, 0, 0, 5, 0), dim = c(4L, 
    2L), dimnames = list(c("-2", "-1", "0", "1"), c("C", "T"))), 
    GM22_SNP1 = structure(c(0, 0, 19, 0, 0, 4, 926, 2), dim = c(4L, 
    2L), dimnames = list(c("-2", "-1", "0", "1"), c("A", "G"))), 
    GM26_SNP1 = structure(c(0, 240, 0, 0, 0, 0), dim = 3:2, dimnames = list(
        c("-1", "0", "1"), c("A", "G"))), GM29_SNP1 = structure(c(5, 
    376, 1, 0, 1, 0), dim = 3:2, dimnames = list(c("-1", "0", 
    "1"), c("A", "G"))), IM16_SNP1 = structure(c(1, 190, 1, 0, 
    0, 0, 0, 0, 0, 0, 0, 221, 1, 0, 0), dim = c(5L, 3L), dimnames = list(
        c("-1", "0", "1", "2", "3"), c("A", "C", "G"))), IM49_SNP1 = structure(c(0, 
    3, 86, 0, 0, 0, 65, 0), dim = c(4L, 2L), dimnames = list(
        c("-3", "-1", "0", "1"), c("C", "G"))), LR10_SNP1 = structure(c(2, 
    178, 0, 1, 187, 0), dim = 3:2, dimnames = list(c("-1", "0", 
    "1"), c("C", "T"))), LR11_SNP1 = structure(c(0, 0, 1, 0, 
    0, 0, 4, 253, 3, 1), dim = c(5L, 2L), dimnames = list(c("-2", 
    "-1", "0", "1", "2"), c("A", "C"))), LR17_SNP1 = structure(c(0, 
    4, 222, 3, 0, 0, 0, 0, 0, 0), dim = c(5L, 2L), dimnames = list(
        c("-2", "-1", "0", "1", "2"), c("A", "G"))), LR20_SNP1 = structure(c(1, 
    99, 0, 0, 102, 0), dim = 3:2, dimnames = list(c("-1", "0", 
    "1"), c("A", "G"))), LR24_SNP1 = structure(c(0, 153, 0, 0, 
    140, 0), dim = 3:2, dimnames = list(c("-1", "0", "1"), c("A", 
    "G"))), LR36_SNP1 = structure(c(0, 0, 0, 2, 177, 0, 0, 0, 
    0, 0, 1, 0, 0, 0, 0, 0, 180, 1), dim = c(6L, 3L), dimnames = list(
        c("-4", "-3", "-2", "-1", "0", "1"), c("A", "G", "T"))), 
    LR40_SNP1 = structure(c(0, 1, 119, 0, 0, 0, 118, 0), dim = c(4L, 
    2L), dimnames = list(c("-2", "-1", "0", "1"), c("A", "C"))), 
    LR44_SNP1 = structure(c(0, 7, 177, 1, 0, 0, 4, 0), dim = c(4L, 
    2L), dimnames = list(c("-2", "-1", "0", "1"), c("C", "T"))), 
    LR46_SNP1 = structure(c(0, 0, 0, 0, 0, 0, 0, 6, 0, 0, 732, 
    1), dim = 3:4, dimnames = list(c("-1", "0", "1"), c("-", 
    "A", "G", "T"))), LR48_SNP1 = structure(c(3, 5, 558, 4, 1
    ), dim = c(5L, 1L), dimnames = list(c("-2", "-1", "0", "1", 
    "2"), "C")), LR49_SNP1 = structure(c(0, 3, 0, 0, 363, 0, 
    0, 0, 0), dim = c(3L, 3L), dimnames = list(c("-1", "0", "1"
    ), c("A", "G", "T"))), LR52_SNP1 = structure(c(0, 0, 0, 0, 
    0, 0, 0, 0, 0, 0, 1, 0, 4, 160, 0, 0, 0, 0, 0, 0, 8, 193, 
    1, 0), dim = c(8L, 3L), dimnames = list(c("-5", "-4", "-3", 
    "-2", "-1", "0", "1", "2"), c("A", "C", "T"))))
