Result <-
list(DEPDC2_SNP1 = structure(c(0, 0, 0, 8, 817, 8), dim = 3:2, dimnames = list(
    c("-1", "0", "1"), c("A", "T"))), GM01_SNP1 = structure(c(0, 
0, 0, 0, 0, 20, 1541, 1, 0, 0, 0, 0, 0, 0, 7, 0), dim = c(4L, 
4L), dimnames = list(c("-2", "-1", "0", "1"), c("-", "A", "C", 
"G"))), GM07_SNP1 = structure(c(7, 43, 420, 7, 1, 0, 0, 14, 344, 
109, 4, 0, 0, 0, 0, 0, 0, 0), dim = c(6L, 3L), dimnames = list(
    c("-2", "-1", "0", "1", "2", "3"), c("A", "G", "T"))), GM09_SNP1 = structure(c(2, 
579, 2, 1, 549, 0), dim = 3:2, dimnames = list(c("-1", "0", "1"
), c("A", "G"))), GM11_SNP1 = structure(c(1, 721, 6, 0, 0, 0, 
0, 0, 0, 1, 0, 0), dim = 4:3, dimnames = list(c("-1", "0", "1", 
"2"), c("A", "C", "G"))), GM14_SNP1 = structure(c(0, 0, 0, 0, 
0, 0, 0, 1, 17, 627, 4, 0, 0, 0, 7, 677, 2, 0), dim = c(6L, 3L
), dimnames = list(c("-3", "-2", "-1", "0", "1", "2"), c("A", 
"C", "T"))), GM17_SNP1 = structure(c(0, 0, 44, 1398, 3, 0, 0, 
0, 4, 0), dim = c(5L, 2L), dimnames = list(c("-4", "-2", "-1", 
"0", "1"), c("C", "T"))), GM22_SNP1 = structure(c(0, 13, 2001, 
3, 0, 0, 0, 2, 0, 0, 0, 0, 0, 0, 0), dim = c(5L, 3L), dimnames = list(
    c("-2", "-1", "0", "1", "2"), c("A", "G", "T"))), GM26_SNP1 = structure(c(2, 
100, 195, 0, 0, 1, 275, 0), dim = c(4L, 2L), dimnames = list(
    c("-2", "-1", "0", "1"), c("A", "G"))), GM29_SNP1 = structure(c(0, 
3, 808, 122, 1, 0, 0, 2, 0, 0, 0, 0, 0, 0, 0), dim = c(5L, 3L
), dimnames = list(c("-2", "-1", "0", "1", "2"), c("A", "G", 
"T"))), IM16_SNP1 = structure(c(1, 8, 0, 0, 18, 851, 2, 0, 0, 
0, 0, 0), dim = 4:3, dimnames = list(c("-1", "0", "1", "2"), 
    c("A", "G", "T"))), IM49_SNP1 = structure(c(0, 1, 0, 0, 1, 
16, 229, 1, 0, 0, 0, 0), dim = 4:3, dimnames = list(c("-2", "-1", 
"0", "1"), c("C", "G", "T"))), LR10_SNP1 = structure(c(0, 0, 
0, 0, 2, 128, 687, 5, 0, 0, 3, 0), dim = 4:3, dimnames = list(
    c("-2", "-1", "0", "1"), c("A", "C", "T"))), LR11_SNP1 = structure(c(0, 
11, 467, 1, 0, 0, 13, 397, 2, 1), dim = c(5L, 2L), dimnames = list(
    c("-2", "-1", "0", "1", "3"), c("A", "C"))), LR17_SNP1 = structure(c(0, 
0, 189, 840, 10, 0, 0, 0, 0, 0, 0, 0, 0, 0, 0, 0, 0, 0), dim = c(6L, 
3L), dimnames = list(c("-3", "-2", "-1", "0", "1", "2"), c("A", 
"C", "G"))), LR20_SNP1 = structure(c(1, 0, 0, 66, 315, 0, 0, 
1, 0), dim = c(3L, 3L), dimnames = list(c("-1", "0", "1"), c("-", 
"A", "G"))), LR24_SNP1 = structure(c(0, 31, 462, 0, 0, 1, 435, 
0, 0, 0, 0, 0), dim = 4:3, dimnames = list(c("-2", "-1", "0", 
"1"), c("A", "G", "T"))), LR36_SNP1 = structure(c(0, 0, 0, 0, 
0, 0, 0, 0, 0, 18, 849, 5, 0, 0, 0, 0, 0, 0, 0, 0, 0, 0, 3, 0
), dim = c(6L, 4L), dimnames = list(c("-4", "-3", "-2", "-1", 
"0", "1"), c("-", "A", "G", "T"))), LR40_SNP1 = structure(c(0, 
4, 684, 0), dim = c(4L, 1L), dimnames = list(c("-3", "-1", "0", 
"1"), "C")), LR44_SNP1 = structure(c(0, 0, 0, 1, 0, 0, 39, 55, 
337, 2, 0, 2, 2, 2, 0), dim = c(5L, 3L), dimnames = list(c("-3", 
"-2", "-1", "0", "1"), c("A", "C", "T"))), LR46_SNP1 = structure(c(0, 
0, 0, 2, 785, 0, 6, 693, 1), dim = c(3L, 3L), dimnames = list(
    c("-1", "0", "1"), c("A", "G", "T"))), LR48_SNP1 = structure(c(0, 
0, 0, 0, 0, 0, 0, 1, 0, 0, 0, 19, 601, 1, 0, 1, 199, 400, 0, 
0), dim = 5:4, dimnames = list(c("-2", "-1", "0", "1", "2"), 
    c("-", "A", "C", "T"))), LR49_SNP1 = structure(c(2, 501, 
5, 519), dim = c(2L, 2L), dimnames = list(c("-1", "0"), c("A", 
"G"))), LR52_SNP1 = structure(c(0, 3, 23, 133, 272, 0, 0, 0, 
0, 13, 42, 431, 1, 0), dim = c(7L, 2L), dimnames = list(c("-4", 
"-3", "-2", "-1", "0", "1", "2"), c("C", "T"))))
