Result <-
list(DEPDC2_SNP1 = structure(c(0, 199, 3, 9, 224, 0), dim = 3:2, dimnames = list(
    c("-1", "0", "1"), c("C", "T"))), GM01_SNP1 = structure(c(5, 
451, 1, 5, 444, 0), dim = 3:2, dimnames = list(c("-1", "0", "1"
), c("A", "G"))), GM07_SNP1 = structure(c(0, 0, 0, 0, 0, 0, 8, 
250, 1, 0, 1, 41, 202, 0, 0, 0, 0, 0, 0, 0), dim = 5:4, dimnames = list(
    c("-2", "-1", "0", "1", "2"), c("-", "A", "G", "T"))), GM09_SNP1 = structure(c(6, 
72, 2, 14, 68, 0), dim = 3:2, dimnames = list(c("-1", "0", "1"
), c("A", "G"))), GM11_SNP1 = structure(c(1, 139, 0, 1, 214, 
1), dim = 3:2, dimnames = list(c("-1", "0", "1"), c("A", "G"))), 
    GM14_SNP1 = structure(c(0, 67, 824, 1, 0, 0, 0, 1, 0, 0), dim = c(5L, 
    2L), dimnames = list(c("-2", "-1", "0", "1", "2"), c("C", 
    "T"))), GM17_SNP1 = structure(c(0, 0, 0, 0, 0, 0, 0, 9, 0, 
    0, 0, 11, 861, 2, 0), dim = c(5L, 3L), dimnames = list(c("-2", 
    "-1", "0", "1", "2"), c("-", "C", "T"))), GM22_SNP1 = structure(c(0, 
    4, 619, 0, 0, 0, 2, 508, 0, 0), dim = c(5L, 2L), dimnames = list(
        c("-2", "-1", "0", "1", "2"), c("A", "G"))), GM26_SNP1 = structure(c(1, 
    146, 0, 0, 154, 0), dim = 3:2, dimnames = list(c("-1", "0", 
    "1"), c("A", "G"))), GM29_SNP1 = structure(c(0, 8, 536, 3, 
    1, 0, 0, 0), dim = c(4L, 2L), dimnames = list(c("-2", "-1", 
    "0", "1"), c("A", "G"))), IM16_SNP1 = structure(c(1, 167, 
    0, 2, 228, 2), dim = 3:2, dimnames = list(c("-1", "0", "1"
    ), c("A", "G"))), IM49_SNP1 = structure(c(19, 206, 0, 1, 
    0, 0, 0, 0), dim = c(4L, 2L), dimnames = list(c("-1", "0", 
    "1", "2"), c("C", "G"))), LR10_SNP1 = structure(c(0, 0, 0, 
    0, 0, 7, 397, 0, 0, 0, 4, 0), dim = 4:3, dimnames = list(
        c("-2", "-1", "0", "1"), c("-", "C", "T"))), LR11_SNP1 = structure(c(0, 
    0, 0, 0, 0, 80, 409, 2), dim = c(4L, 2L), dimnames = list(
        c("-2", "-1", "0", "1"), c("A", "C"))), LR17_SNP1 = structure(c(0, 
    14, 696, 2, 0, 0, 0, 0), dim = c(4L, 2L), dimnames = list(
        c("-2", "-1", "0", "1"), c("A", "G"))), LR20_SNP1 = structure(c(1, 
    186, 0, 1), dim = c(2L, 2L), dimnames = list(c("-1", "0"), 
        c("A", "G"))), LR24_SNP1 = structure(c(0, 5, 379, 1, 
    0, 1, 239, 1), dim = c(4L, 2L), dimnames = list(c("-2", "-1", 
    "0", "1"), c("A", "G"))), LR36_SNP1 = structure(c(0, 1, 1, 
    0, 9, 109, 425, 3), dim = c(4L, 2L), dimnames = list(c("-2", 
    "-1", "0", "1"), c("A", "T"))), LR40_SNP1 = structure(c(4, 
    275, 1), dim = c(3L, 1L), dimnames = list(c("-1", "0", "1"
    ), "C")), LR44_SNP1 = structure(c(0, 0, 1, 57, 0, 0, 0, 0, 
    7, 123, 2, 0), dim = c(6L, 2L), dimnames = list(c("-3", "-2", 
    "-1", "0", "1", "2"), c("C", "T"))), LR46_SNP1 = structure(c(1, 
    437, 1, 3, 376, 0), dim = 3:2, dimnames = list(c("-1", "0", 
    "1"), c("G", "T"))), LR48_SNP1 = structure(c(0, 0, 0, 0, 
    0, 0, 1, 117, 531, 1, 0, 0, 1, 2, 0), dim = c(5L, 3L), dimnames = list(
        c("-3", "-2", "-1", "0", "1"), c("A", "C", "T"))), LR49_SNP1 = structure(c(0, 
    0, 3, 0, 8, 582), dim = 3:2, dimnames = list(c("-2", "-1", 
    "0"), c("A", "G"))), LR52_SNP1 = structure(c(0, 5, 52, 187, 
    0, 0, 3, 15, 191, 1), dim = c(5L, 2L), dimnames = list(c("-3", 
    "-2", "-1", "0", "1"), c("C", "T"))))
