Result <-
list(DEPDC2_SNP1 = structure(c(5, 363, 1, 0, 1, 0), dim = 3:2, dimnames = list(
    c("-1", "0", "1"), c("C", "T"))), GM01_SNP1 = structure(c(1, 
7, 786, 0, 0, 0, 0, 0, 0, 0, 1, 0), dim = 4:3, dimnames = list(
    c("-2", "-1", "0", "1"), c("A", "C", "G"))), GM07_SNP1 = structure(c(27, 
149, 288, 2, 0, 0, 0, 0, 0, 0, 0, 0, 2, 0, 0, 0, 0, 0, 0, 0), dim = 5:4, dimnames = list(
    c("-2", "-1", "0", "1", "2"), c("A", "C", "G", "T"))), GM09_SNP1 = structure(c(0, 
4, 0, 0, 0, 0, 21, 460, 0), dim = c(3L, 3L), dimnames = list(
    c("-1", "0", "1"), c("A", "C", "G"))), GM11_SNP1 = structure(c(0, 
3, 144, 0, 0, 1, 199, 2, 0, 0, 0, 0), dim = 4:3, dimnames = list(
    c("-2", "-1", "0", "1"), c("A", "G", "T"))), GM14_SNP1 = structure(c(0, 
0, 3, 0, 1, 23, 641, 1), dim = c(4L, 2L), dimnames = list(c("-2", 
"-1", "0", "1"), c("C", "T"))), GM17_SNP1 = structure(c(0, 0, 
0, 29, 309, 0, 5, 351, 0), dim = c(3L, 3L), dimnames = list(c("-1", 
"0", "1"), c("A", "C", "T"))), GM22_SNP1 = structure(c(1, 70, 
1002, 1, 0, 0, 0, 0, 0, 0), dim = c(5L, 2L), dimnames = list(
    c("-2", "-1", "0", "1", "2"), c("A", "G"))), GM26_SNP1 = structure(c(0, 
0, 26, 92, 0, 0, 0, 3, 137, 0), dim = c(5L, 2L), dimnames = list(
    c("-3", "-2", "-1", "0", "1"), c("A", "G"))), GM29_SNP1 = structure(c(0, 
13, 160, 0, 0, 67, 24, 80, 0, 0), dim = c(5L, 2L), dimnames = list(
    c("-2", "-1", "0", "1", "2"), c("A", "G"))), IM16_SNP1 = structure(c(7, 
198, 0, 0, 1, 206, 18, 0, 0, 0, 0, 0), dim = 4:3, dimnames = list(
    c("-1", "0", "1", "2"), c("A", "G", "T"))), IM49_SNP1 = structure(c(0, 
26, 104, 1, 0, 1, 0, 0), dim = c(4L, 2L), dimnames = list(c("-2", 
"-1", "0", "1"), c("C", "G"))), LR10_SNP1 = structure(c(9, 407, 
1), dim = c(3L, 1L), dimnames = list(c("-1", "0", "1"), "T")), 
    LR11_SNP1 = structure(c(1, 30, 155, 0, 0, 7, 149, 1, 0, 0, 
    0, 0), dim = 4:3, dimnames = list(c("-2", "-1", "0", "1"), 
        c("A", "C", "T"))), LR17_SNP1 = structure(c(1, 4, 33, 
    334, 1, 0, 0, 0, 1, 0), dim = c(5L, 2L), dimnames = list(
        c("-4", "-2", "-1", "0", "1"), c("A", "G"))), LR20_SNP1 = structure(c(33, 
    58, 0, 1, 99, 0), dim = 3:2, dimnames = list(c("-1", "0", 
    "1"), c("A", "G"))), LR24_SNP1 = structure(c(5, 176, 1, 0, 
    0, 0, 73, 199, 0), dim = c(3L, 3L), dimnames = list(c("-1", 
    "0", "1"), c("A", "C", "G"))), LR36_SNP1 = structure(c(0, 
    11, 81, 101, 0, 0, 1, 75, 138, 1), dim = c(5L, 2L), dimnames = list(
        c("-3", "-2", "-1", "0", "1"), c("A", "T"))), LR40_SNP1 = structure(c(50, 
    209, 0), dim = c(3L, 1L), dimnames = list(c("-1", "0", "1"
    ), "C")), LR44_SNP1 = structure(c(0, 0, 0, 1, 0, 1, 10, 71, 
    161, 0), dim = c(5L, 2L), dimnames = list(c("-3", "-2", "-1", 
    "0", "1"), c("C", "T"))), LR46_SNP1 = structure(c(0, 0, 0, 
    31, 348, 0, 1, 362, 0), dim = c(3L, 3L), dimnames = list(
        c("-1", "0", "1"), c("A", "G", "T"))), LR48_SNP1 = structure(c(0, 
    0, 0, 0, 2, 131, 172, 0, 2, 43, 270, 0), dim = 4:3, dimnames = list(
        c("-2", "-1", "0", "1"), c("A", "C", "T"))), LR49_SNP1 = structure(c(30, 
    192, 0, 0, 1, 215), dim = 2:3, dimnames = list(c("-1", "0"
    ), c("A", "C", "G"))), LR52_SNP1 = structure(c(0, 0, 0, 0, 
    0, 0, 11, 80, 95, 0, 0, 10, 85, 114, 2), dim = c(5L, 3L), dimnames = list(
        c("-3", "-2", "-1", "0", "1"), c("A", "C", "T"))))
