Result <-
list(DEPDC2_SNP1 = structure(c(0, 0, 0, 0, 1, 0, 2, 875, 0), dim = c(3L, 
3L), dimnames = list(c("-1", "0", "1"), c("A", "C", "T"))), GM01_SNP1 = structure(c(0, 
3, 728, 0, 0, 0, 3, 744, 0, 0), dim = c(5L, 2L), dimnames = list(
    c("-2", "-1", "0", "1", "2"), c("A", "G"))), GM07_SNP1 = structure(c(0, 
0, 0, 0, 0, 2, 168, 295, 3, 0, 0, 0, 0, 0, 0, 2, 166, 356, 1, 
0, 0, 0, 0, 0, 0), dim = c(5L, 5L), dimnames = list(c("-2", "-1", 
"0", "1", "2"), c("-", "A", "C", "G", "T"))), GM09_SNP1 = structure(c(0, 
205, 367, 0, 0, 1, 477, 0, 0, 0, 1, 0), dim = 4:3, dimnames = list(
    c("-2", "-1", "0", "1"), c("A", "G", "T"))), GM11_SNP1 = structure(c(0, 
151, 307, 0, 0, 131, 303, 0, 0, 1, 0, 0), dim = 4:3, dimnames = list(
    c("-2", "-1", "0", "1"), c("A", "G", "T"))), GM14_SNP1 = structure(c(2, 
213, 420, 0, 0, 5, 644, 0), dim = c(4L, 2L), dimnames = list(
    c("-2", "-1", "0", "1"), c("C", "T"))), GM17_SNP1 = structure(c(0, 
0, 0, 7, 0, 0, 0, 5, 1434, 2), dim = c(5L, 2L), dimnames = list(
    c("-3", "-2", "-1", "0", "1"), c("C", "T"))), GM22_SNP1 = structure(c(0, 
0, 0, 0, 0, 0, 5, 2127, 4, 0, 0, 0, 0, 0, 0, 0, 0, 0, 0, 0), dim = 5:4, dimnames = list(
    c("-2", "-1", "0", "1", "2"), c("-", "A", "G", "T"))), GM26_SNP1 = structure(c(0, 
0, 315, 0, 0, 0, 305, 0, 0, 0, 0, 0), dim = 4:3, dimnames = list(
    c("-2", "-1", "0", "1"), c("A", "G", "T"))), GM29_SNP1 = structure(c(0, 
0, 412, 0, 0, 0, 4, 419, 1, 0), dim = c(5L, 2L), dimnames = list(
    c("-2", "-1", "0", "1", "2"), c("A", "G"))), IM16_SNP1 = structure(c(1, 
320, 153, 3, 2, 456, 4, 0, 0, 0, 0, 0), dim = 4:3, dimnames = list(
    c("-1", "0", "1", "2"), c("A", "G", "T"))), IM49_SNP1 = structure(c(0, 
0, 0, 0, 0, 4, 143, 3, 4, 56, 83, 3), dim = 4:3, dimnames = list(
    c("-2", "-1", "0", "1"), c("A", "C", "G"))), LR10_SNP1 = structure(c(0, 
0, 0, 7, 941, 1), dim = 3:2, dimnames = list(c("-1", "0", "1"
), c("C", "T"))), LR11_SNP1 = structure(c(0, 1, 0, 11, 700, 2, 
0, 0, 0), dim = c(3L, 3L), dimnames = list(c("-1", "0", "1"), 
    c("A", "C", "G"))), LR17_SNP1 = structure(c(0, 12, 835, 1, 
0, 0, 0, 0), dim = c(4L, 2L), dimnames = list(c("-2", "-1", "0", 
"1"), c("A", "G"))), LR20_SNP1 = structure(c(0, 399, 0, 0, 1, 
0), dim = 3:2, dimnames = list(c("-1", "0", "1"), c("A", "G"))), 
    LR24_SNP1 = structure(c(160, 789), dim = 2:1, dimnames = list(
        c("-1", "0"), "A")), LR36_SNP1 = structure(c(0, 151, 
    133, 596, 0, 0, 0, 0, 1, 0), dim = c(5L, 2L), dimnames = list(
        c("-3", "-2", "-1", "0", "1"), c("A", "T"))), LR40_SNP1 = structure(c(0, 
    1, 0, 3, 639, 0), dim = 3:2, dimnames = list(c("-1", "0", 
    "1"), c("A", "C"))), LR44_SNP1 = structure(c(7, 87, 184, 
    0, 2, 85, 176, 0), dim = c(4L, 2L), dimnames = list(c("-2", 
    "-1", "0", "1"), c("C", "T"))), LR46_SNP1 = structure(c(0, 
    0, 0, 0, 0, 0, 3, 0, 309, 9, 1414, 0), dim = 4:3, dimnames = list(
        c("-2", "-1", "0", "1"), c("C", "G", "T"))), LR48_SNP1 = structure(c(0, 
    0, 0, 0, 0, 0, 0, 0, 0, 4, 0, 0, 0, 0, 217, 1082, 4, 0), dim = c(6L, 
    3L), dimnames = list(c("-3", "-2", "-1", "0", "1", "2"), 
        c("A", "C", "T"))), LR49_SNP1 = structure(c(0, 0, 0, 
    2, 996, 0), dim = 3:2, dimnames = list(c("-1", "0", "1"), 
        c("A", "G"))), LR52_SNP1 = structure(c(0, 0, 0, 0, 0, 
    0, 0, 4, 118, 222, 613, 4), dim = c(6L, 2L), dimnames = list(
        c("-4", "-3", "-2", "-1", "0", "1"), c("C", "T"))))
