Result <-
list(DEPDC2_SNP1 = structure(c(0, 0, 0, 0, 0, 1, 370, 1, 0, 12, 
382, 0), dim = 4:3, dimnames = list(c("-2", "-1", "0", "1"), 
    c("A", "C", "T"))), GM01_SNP1 = structure(c(0, 0, 0, 0, 0, 
0, 2, 1588, 1, 0, 0, 0, 8, 0, 0, 0, 0, 0, 0, 0), dim = 5:4, dimnames = list(
    c("-2", "-1", "0", "1", "2"), c("-", "A", "G", "T"))), GM07_SNP1 = structure(c(0, 
0, 0, 1, 0, 0, 0, 0, 37, 903, 12, 0, 0, 0, 0, 2, 0, 0, 0, 0, 
0, 0, 0, 0), dim = c(6L, 4L), dimnames = list(c("-3", "-2", "-1", 
"0", "1", "2"), c("-", "A", "G", "T"))), GM09_SNP1 = structure(c(1, 
888, 1, 0, 4, 0, 0, 0, 0), dim = c(3L, 3L), dimnames = list(c("-1", 
"0", "1"), c("A", "G", "T"))), GM11_SNP1 = structure(c(0, 0, 
375, 0, 0, 1, 400, 0), dim = c(4L, 2L), dimnames = list(c("-2", 
"-1", "0", "1"), c("A", "G"))), GM14_SNP1 = structure(c(0, 0, 
0, 0, 0, 0, 0, 9, 945, 199, 0, 0, 0, 0, 3, 0, 0, 0), dim = c(6L, 
3L), dimnames = list(c("-2", "-1", "0", "1", "2", "3"), c("A", 
"C", "T"))), GM17_SNP1 = structure(c(0, 4, 657, 0, 0, 3, 657, 
0), dim = c(4L, 2L), dimnames = list(c("-2", "-1", "0", "1"), 
    c("C", "T"))), GM22_SNP1 = structure(c(0, 0, 0, 0, 0, 7, 
1921, 2, 0, 0, 2, 0, 0, 0, 0, 0), dim = c(4L, 4L), dimnames = list(
    c("-2", "-1", "0", "1"), c("-", "A", "G", "T"))), GM26_SNP1 = structure(c(0, 
0, 248, 1, 0, 0, 0, 253, 1, 0), dim = c(5L, 2L), dimnames = list(
    c("-2", "-1", "0", "1", "2"), c("A", "G"))), GM29_SNP1 = structure(c(0, 
1, 412, 1, 0, 2, 335, 0, 0, 0, 0, 0), dim = 4:3, dimnames = list(
    c("-2", "-1", "0", "1"), c("A", "G", "T"))), IM16_SNP1 = structure(c(0, 
1, 0, 0, 0, 2, 803, 141, 2, 0, 0, 0, 0, 0, 0), dim = c(5L, 3L
), dimnames = list(c("-1", "0", "1", "2", "3"), c("A", "G", "T"
))), IM49_SNP1 = structure(c(0, 159, 0, 1, 146, 3), dim = 3:2, dimnames = list(
    c("-1", "0", "1"), c("C", "G"))), LR10_SNP1 = structure(c(0, 
2, 141, 664, 3, 0, 0, 0, 0, 2, 0, 0), dim = c(6L, 2L), dimnames = list(
    c("-3", "-2", "-1", "0", "1", "2"), c("C", "T"))), LR11_SNP1 = structure(c(0, 
0, 0, 0, 0, 0, 2, 0, 0, 12, 700, 1, 0, 0, 1, 0), dim = c(4L, 
4L), dimnames = list(c("-2", "-1", "0", "1"), c("-", "A", "C", 
"G"))), LR17_SNP1 = structure(c(0, 193, 643, 2, 0, 0, 0, 0, 0, 
0), dim = c(5L, 2L), dimnames = list(c("-2", "-1", "0", "1", 
"2"), c("A", "C"))), LR20_SNP1 = structure(c(0, 0, 0, 78, 315, 
0, 0, 0, 0), dim = c(3L, 3L), dimnames = list(c("-1", "0", "1"
), c("A", "G", "T"))), LR24_SNP1 = structure(c(0, 1, 773, 0, 
0, 0, 2, 0), dim = c(4L, 2L), dimnames = list(c("-3", "-1", "0", 
"1"), c("A", "G"))), LR36_SNP1 = structure(c(0, 0, 0, 6, 0, 0, 
0, 0, 0, 0, 0, 0, 0, 0, 0, 0, 0, 31, 837, 5), dim = 5:4, dimnames = list(
    c("-3", "-2", "-1", "0", "1"), c("A", "C", "G", "T"))), LR40_SNP1 = structure(c(0, 
3, 270, 0, 0, 2, 303, 0), dim = c(4L, 2L), dimnames = list(c("-2", 
"-1", "0", "1"), c("A", "C"))), LR44_SNP1 = structure(c(0, 6, 
175, 2, 0, 0, 11, 216, 0, 0), dim = c(5L, 2L), dimnames = list(
    c("-2", "-1", "0", "1", "2"), c("C", "T"))), LR46_SNP1 = structure(c(0, 
0, 0, 0, 0, 0, 6, 1535, 2, 0, 7, 0), dim = 3:4, dimnames = list(
    c("-1", "0", "1"), c("A", "C", "G", "T"))), LR48_SNP1 = structure(c(0, 
0, 0, 0, 0, 0, 0, 1, 202, 372, 1, 0, 0, 1, 233, 334, 2, 0), dim = c(6L, 
3L), dimnames = list(c("-3", "-2", "-1", "0", "1", "2"), c("A", 
"C", "T"))), LR49_SNP1 = structure(c(1, 798, 0, 0, 0, 0, 0, 2, 
0, 0, 0, 0), dim = 3:4, dimnames = list(c("-1", "0", "1"), c("A", 
"C", "G", "T"))), LR52_SNP1 = structure(c(1, 10, 169, 508, 2, 
0, 0, 0, 2, 0), dim = c(5L, 2L), dimnames = list(c("-3", "-2", 
"-1", "0", "1"), c("C", "T"))))
