Result <-
list(DEPDC2_SNP1 = structure(c(0, 0, 22, 0, 0, 4, 596, 4), dim = c(4L, 
2L), dimnames = list(c("-2", "-1", "0", "1"), c("C", "T"))), 
    GM01_SNP1 = structure(c(0, 25, 624, 1, 0, 281, 324, 0), dim = c(4L, 
    2L), dimnames = list(c("-2", "-1", "0", "1"), c("A", "G"))), 
    GM07_SNP1 = structure(c(0, 0, 0, 0, 0, 15, 558, 383, 3, 0, 
    0, 0, 5, 0, 0, 0, 0, 0, 0, 0), dim = 5:4, dimnames = list(
        c("-2", "-1", "0", "1", "2"), c("-", "A", "G", "T"))), 
    GM09_SNP1 = structure(c(0, 0, 0, 1, 441, 4, 4, 388, 1), dim = c(3L, 
    3L), dimnames = list(c("-1", "0", "1"), c("-", "A", "G"))), 
    GM11_SNP1 = structure(c(0, 0, 0, 0, 0, 166, 444, 1, 0, 0, 
    20, 0), dim = 4:3, dimnames = list(c("-2", "-1", "0", "1"
    ), c("-", "A", "G"))), GM14_SNP1 = structure(c(0, 0, 0, 0, 
    0, 0, 0, 0, 1, 0, 0, 12, 453, 499, 0, 0, 0, 3, 49, 0), dim = 5:4, dimnames = list(
        c("-3", "-2", "-1", "0", "1"), c("-", "A", "C", "T"))), 
    GM17_SNP1 = structure(c(0, 0, 0, 0, 0, 0, 4, 13, 1, 0, 0, 
    6, 1181, 2, 0), dim = c(5L, 3L), dimnames = list(c("-2", 
    "-1", "0", "1", "2"), c("A", "C", "T"))), GM22_SNP1 = structure(c(0, 
    0, 0, 0, 0, 15, 887, 1, 0, 0, 0, 0, 0, 4, 667, 1, 0, 0, 0, 
    0), dim = 4:5, dimnames = list(c("-2", "-1", "0", "1"), c("-", 
    "A", "C", "G", "T"))), GM26_SNP1 = structure(c(0, 2, 456, 
    1, 0, 0, 11, 0, 0, 0, 0, 0), dim = 4:3, dimnames = list(c("-2", 
    "-1", "0", "1"), c("A", "G", "T"))), GM29_SNP1 = structure(c(0, 
    32, 629, 5, 4, 0, 7, 0), dim = c(4L, 2L), dimnames = list(
        c("-2", "-1", "0", "1"), c("A", "G"))), IM16_SNP1 = structure(c(4, 
    608, 2, 0, 0, 19, 1, 0), dim = c(4L, 2L), dimnames = list(
        c("-1", "0", "1", "2"), c("A", "G"))), IM49_SNP1 = structure(c(0, 
    5, 9, 1, 0, 2, 55, 175, 0, 0), dim = c(5L, 2L), dimnames = list(
        c("-2", "-1", "0", "1", "2"), c("C", "G"))), LR10_SNP1 = structure(c(0, 
    0, 1, 0, 0, 7, 309, 1, 0, 0, 0, 0, 0, 2, 390, 2), dim = c(4L, 
    4L), dimnames = list(c("-2", "-1", "0", "1"), c("A", "C", 
    "G", "T"))), LR11_SNP1 = structure(c(2, 17, 704, 3, 0, 1, 
    10, 1, 0, 0, 0, 0, 0, 0, 0, 0), dim = c(4L, 4L), dimnames = list(
        c("-2", "-1", "0", "1"), c("A", "C", "G", "T"))), LR17_SNP1 = structure(c(0, 
    33, 653, 1, 0, 0, 0, 2, 0, 0), dim = c(5L, 2L), dimnames = list(
        c("-2", "-1", "0", "1", "2"), c("A", "G"))), LR20_SNP1 = structure(c(3, 
    279, 0, 1, 6, 0), dim = 3:2, dimnames = list(c("-1", "0", 
    "1"), c("A", "G"))), LR24_SNP1 = structure(c(5, 289, 278, 
    0, 0, 14, 276, 0), dim = c(4L, 2L), dimnames = list(c("-2", 
    "-1", "0", "1"), c("A", "G"))), LR36_SNP1 = structure(c(0, 
    0, 0, 0, 0, 0, 3, 8, 14, 298, 4, 0, 0, 0, 0, 0, 0, 0, 0, 
    0, 0, 0, 0, 0, 0, 2, 148, 185, 0, 0), dim = 6:5, dimnames = list(
        c("-3", "-2", "-1", "0", "1", "2"), c("-", "A", "C", 
        "G", "T"))), LR40_SNP1 = structure(c(6, 198, 0, 4, 243, 
    0), dim = 3:2, dimnames = list(c("-1", "0", "1"), c("A", 
    "C"))), LR44_SNP1 = structure(c(0, 0, 92, 101, 155, 1, 0, 
    0, 1, 8, 9, 1), dim = c(6L, 2L), dimnames = list(c("-4", 
    "-3", "-2", "-1", "0", "1"), c("C", "T"))), LR46_SNP1 = structure(c(0, 
    0, 0, 0, 1, 0, 2, 21, 0, 11, 1232, 0), dim = 3:4, dimnames = list(
        c("-1", "0", "1"), c("-", "C", "G", "T"))), LR48_SNP1 = structure(c(0, 
    0, 0, 0, 1, 0, 0, 0, 0, 1, 302, 717, 1, 0, 0, 0, 0, 0, 0, 
    0, 0, 0, 0, 0, 3, 29, 0, 0), dim = c(7L, 4L), dimnames = list(
        c("-4", "-3", "-2", "-1", "0", "1", "2"), c("A", "C", 
        "G", "T"))), LR49_SNP1 = structure(c(0, 168, 181, 0, 
    0, 0, 0, 0, 0, 2, 385, 0), dim = 4:3, dimnames = list(c("-2", 
    "-1", "0", "1"), c("A", "C", "G"))), LR52_SNP1 = structure(c(0, 
    0, 0, 0, 0, 0, 0, 0, 0, 0, 1, 3, 6, 0, 0, 0, 8, 172, 187, 
    333, 1), dim = c(7L, 3L), dimnames = list(c("-5", "-4", "-3", 
    "-2", "-1", "0", "1"), c("A", "C", "T"))))
