Result <-
list(DEPDC2_SNP1 = structure(c(0, 0, 0, 23, 1748, 2, 0, 1, 0, 
0, 1, 0), dim = 3:4, dimnames = list(c("-1", "0", "1"), c("A", 
"C", "G", "T"))), GM01_SNP1 = structure(c(0, 0, 0, 0, 0, 0, 5, 
1344, 3, 0, 0, 32, 1401, 1, 0), dim = c(5L, 3L), dimnames = list(
    c("-2", "-1", "0", "1", "2"), c("-", "A", "G"))), GM07_SNP1 = structure(c(0, 
0, 2, 0, 0, 0, 1, 78, 1141, 734, 23, 1, 0, 0, 6, 0, 0, 0), dim = c(6L, 
3L), dimnames = list(c("-2", "-1", "0", "1", "2", "3"), c("-", 
"A", "G"))), GM09_SNP1 = structure(c(7, 2575, 0, 0, 0, 0, 0, 
0, 0), dim = c(3L, 3L), dimnames = list(c("-1", "0", "1"), c("A", 
"G", "T"))), GM11_SNP1 = structure(c(14, 933, 0, 13, 986, 0), dim = 3:2, dimnames = list(
    c("-1", "0", "1"), c("A", "G"))), GM14_SNP1 = structure(c(0, 
0, 0, 1, 0, 0, 0, 0, 0, 0, 0, 0, 0, 0, 108, 1250, 6, 0, 0, 1, 
33, 1267, 1, 0), dim = c(6L, 4L), dimnames = list(c("-3", "-2", 
"-1", "0", "1", "2"), c("-", "A", "C", "T"))), GM17_SNP1 = structure(c(0, 
0, 0, 0, 0, 10, 2894, 3, 0, 0, 0, 0, 0, 0, 2, 0), dim = c(4L, 
4L), dimnames = list(c("-2", "-1", "0", "1"), c("A", "C", "G", 
"T"))), GM22_SNP1 = structure(c(1, 0, 12, 3503, 2, 0, 0, 0, 3, 
0, 0, 0, 0, 0, 0), dim = c(5L, 3L), dimnames = list(c("-3", "-2", 
"-1", "0", "1"), c("A", "G", "T"))), GM26_SNP1 = structure(c(0, 
99, 1384, 0, 0, 0, 0, 2, 0, 0), dim = c(5L, 2L), dimnames = list(
    c("-2", "-1", "0", "1", "2"), c("A", "G"))), GM29_SNP1 = structure(c(0, 
0, 26, 1848, 5, 0, 0, 0, 1, 0), dim = c(5L, 2L), dimnames = list(
    c("-3", "-2", "-1", "0", "1"), c("A", "G"))), IM16_SNP1 = structure(c(0, 
43, 2022, 4, 0, 0, 0, 2, 0, 0, 0, 0, 1, 0, 0), dim = c(5L, 3L
), dimnames = list(c("-2", "-1", "0", "1", "2"), c("A", "G", 
"T"))), IM49_SNP1 = structure(c(0, 30, 302, 6, 1, 55, 261, 4), dim = c(4L, 
2L), dimnames = list(c("-2", "-1", "0", "1"), c("C", "G"))), 
    LR10_SNP1 = structure(c(0, 4, 0, 15, 1982, 4), dim = 3:2, dimnames = list(
        c("-1", "0", "1"), c("C", "T"))), LR11_SNP1 = structure(c(0, 
    0, 3, 0, 0, 1, 133, 1824, 4, 0), dim = c(5L, 2L), dimnames = list(
        c("-2", "-1", "0", "1", "2"), c("A", "C"))), LR17_SNP1 = structure(c(3, 
    104, 2635, 14, 0, 0, 0, 0, 0, 0), dim = c(5L, 2L), dimnames = list(
        c("-2", "-1", "0", "1", "2"), c("A", "G"))), LR20_SNP1 = structure(c(0, 
    1, 0, 6, 517, 1, 0, 483, 0), dim = c(3L, 3L), dimnames = list(
        c("-1", "0", "1"), c("-", "A", "G"))), LR24_SNP1 = structure(c(0, 
    0, 9, 0, 0, 1, 10, 1935, 2, 0), dim = c(5L, 2L), dimnames = list(
        c("-2", "-1", "0", "1", "2"), c("A", "G"))), LR36_SNP1 = structure(c(0, 
    0, 45, 974, 1, 0, 0, 0, 0, 0, 0, 0, 30, 963, 4), dim = c(5L, 
    3L), dimnames = list(c("-3", "-2", "-1", "0", "1"), c("A", 
    "G", "T"))), LR40_SNP1 = structure(c(0, 17, 1524, 2, 0, 0, 
    4, 0), dim = c(4L, 2L), dimnames = list(c("-2", "-1", "0", 
    "1"), c("A", "C"))), LR44_SNP1 = structure(c(0, 0, 0, 1, 
    0, 0, 0, 0, 17, 194, 602, 2, 0, 1, 0, 0, 0, 1, 0, 0, 0), dim = c(7L, 
    3L), dimnames = list(c("-3", "-2", "-1", "0", "1", "2", "5"
    ), c("A", "C", "T"))), LR46_SNP1 = structure(c(0, 0, 0, 0, 
    0, 0, 0, 0, 0, 0, 0, 0, 0, 0, 0, 0, 8, 1492, 1, 0, 0, 9, 
    1413, 0, 0), dim = c(5L, 5L), dimnames = list(c("-2", "-1", 
    "0", "1", "2"), c("-", "A", "C", "G", "T"))), LR48_SNP1 = structure(c(0, 
    0, 0, 0, 0, 2, 94, 2561, 14, 0, 0, 0, 0, 0, 0, 0, 0, 0, 0, 
    0), dim = 5:4, dimnames = list(c("-2", "-1", "0", "1", "2"
    ), c("A", "C", "G", "T"))), LR49_SNP1 = structure(c(0, 3, 
    0, 26, 2056, 1, 0, 0, 0), dim = c(3L, 3L), dimnames = list(
        c("-1", "0", "1"), c("A", "G", "T"))), LR52_SNP1 = structure(c(0, 
    0, 0, 0, 0, 0, 0, 0, 0, 0, 0, 0, 1, 1, 0, 0, 0, 0, 0, 12, 
    170, 1953, 14, 0), dim = c(8L, 3L), dimnames = list(c("-5", 
    "-4", "-3", "-2", "-1", "0", "1", "2"), c("A", "C", "T"))))
