Result <-
list(DEPDC2_SNP1 = structure(c(0, 0, 279, 2, 0, 0, 1, 0, 0, 0, 
271, 0), dim = 4:3, dimnames = list(c("-3", "-1", "0", "1"), 
    c("C", "G", "T"))), GM01_SNP1 = structure(c(0, 211, 1, 0, 
228, 0), dim = 3:2, dimnames = list(c("-1", "0", "1"), c("A", 
"G"))), GM07_SNP1 = structure(c(0, 0, 0, 0, 0, 1, 190, 2, 0, 
2, 162, 0), dim = 4:3, dimnames = list(c("-2", "-1", "0", "1"
), c("-", "A", "G"))), GM09_SNP1 = structure(c(0, 196, 0, 0, 
204, 0), dim = 3:2, dimnames = list(c("-1", "0", "1"), c("A", 
"G"))), GM11_SNP1 = structure(c(0, 1, 215, 0, 0, 0, 198, 0, 0, 
0, 0, 0), dim = 4:3, dimnames = list(c("-2", "-1", "0", "1"), 
    c("A", "G", "T"))), GM14_SNP1 = structure(c(0, 1, 113, 0, 
0, 0, 0, 128, 0, 0), dim = c(5L, 2L), dimnames = list(c("-2", 
"-1", "0", "1", "2"), c("C", "T"))), GM17_SNP1 = structure(c(0, 
181, 0, 2, 175, 0), dim = 3:2, dimnames = list(c("-1", "0", "1"
), c("C", "T"))), GM22_SNP1 = structure(c(0, 0, 407, 0, 0, 0, 
0, 0), dim = c(4L, 2L), dimnames = list(c("-3", "-1", "0", "1"
), c("A", "T"))), GM26_SNP1 = structure(c(0, 156, 0, 0, 143, 
0), dim = 3:2, dimnames = list(c("-1", "0", "1"), c("A", "G"))), 
    GM29_SNP1 = structure(c(0, 1, 311, 0), dim = c(4L, 1L), dimnames = list(
        c("-2", "-1", "0", "1"), "A")), IM16_SNP1 = structure(c(0, 
    0, 2, 0, 0, 0, 1, 433, 1, 0), dim = c(5L, 2L), dimnames = list(
        c("-2", "-1", "0", "1", "2"), c("A", "G"))), IM49_SNP1 = structure(c(2, 
    141, 0, 2, 135, 1, 0, 0, 0), dim = c(3L, 3L), dimnames = list(
        c("-1", "0", "1"), c("C", "G", "T"))), LR10_SNP1 = structure(c(1, 
    166, 0, 0, 161, 0), dim = 3:2, dimnames = list(c("-1", "0", 
    "1"), c("C", "T"))), LR11_SNP1 = structure(c(0, 1, 0, 1, 
    308, 0), dim = 3:2, dimnames = list(c("-1", "0", "1"), c("A", 
    "C"))), LR17_SNP1 = structure(c(0, 229, 1), dim = c(3L, 1L
    ), dimnames = list(c("-1", "0", "1"), "A")), LR20_SNP1 = structure(c(0, 
    226, 0, 0, 216, 0), dim = 3:2, dimnames = list(c("-1", "0", 
    "1"), c("A", "G"))), LR24_SNP1 = structure(c(0, 1, 0, 0, 
    2, 644, 0, 0), dim = c(4L, 2L), dimnames = list(c("-1", "0", 
    "1", "2"), c("A", "G"))), LR36_SNP1 = structure(c(0, 0, 0, 
    2, 0, 0, 0, 1, 2, 320, 2, 0), dim = c(6L, 2L), dimnames = list(
        c("-3", "-2", "-1", "0", "1", "2"), c("A", "T"))), LR40_SNP1 = structure(c(2, 
    386, 0), dim = c(3L, 1L), dimnames = list(c("-1", "0", "1"
    ), "C")), LR44_SNP1 = structure(c(0, 0, 0, 0, 0, 0, 1, 0, 
    0, 14, 450, 2), dim = 4:3, dimnames = list(c("-2", "-1", 
    "0", "1"), c("A", "C", "T"))), LR46_SNP1 = structure(c(0, 
    0, 0, 1, 162, 1, 0, 173, 0), dim = c(3L, 3L), dimnames = list(
        c("-1", "0", "1"), c("C", "G", "T"))), LR48_SNP1 = structure(c(0, 
    0, 118, 2, 0, 0, 0, 162, 0, 0), dim = c(5L, 2L), dimnames = list(
        c("-2", "-1", "0", "1", "2"), c("C", "T"))), LR49_SNP1 = structure(c(0, 
    257, 0, 0, 218, 0), dim = 3:2, dimnames = list(c("-1", "0", 
    "1"), c("A", "G"))), LR52_SNP1 = structure(c(0, 0, 7, 296, 
    5, 0, 0, 0, 2, 0), dim = c(5L, 2L), dimnames = list(c("-3", 
    "-2", "-1", "0", "1"), c("C", "T"))))
