Result <-
list(DEPDC2_SNP1 = structure(c(0, 4, 1095, 1, 0, 1, 3, 0), dim = c(4L, 
2L), dimnames = list(c("-2", "-1", "0", "1"), c("C", "T"))), 
    GM01_SNP1 = structure(c(0, 0, 0, 0, 0, 2, 662, 1, 0, 3, 694, 
    0), dim = 4:3, dimnames = list(c("-2", "-1", "0", "1"), c("-", 
    "A", "G"))), GM07_SNP1 = structure(c(0, 0, 0, 0, 0, 1, 7, 
    341, 4, 0, 0, 0, 0, 0, 0, 0, 3, 345, 2, 0), dim = 5:4, dimnames = list(
        c("-2", "-1", "0", "1", "2"), c("-", "A", "C", "G"))), 
    GM09_SNP1 = structure(c(2, 1320, 1, 0, 4, 0), dim = 3:2, dimnames = list(
        c("-1", "0", "1"), c("A", "G"))), GM11_SNP1 = structure(c(0, 
    1, 1040, 1, 0, 0, 2, 0), dim = c(4L, 2L), dimnames = list(
        c("-2", "-1", "0", "1"), c("A", "G"))), GM14_SNP1 = structure(c(1, 
    5, 724, 1, 0, 0, 1, 0), dim = c(4L, 2L), dimnames = list(
        c("-2", "-1", "0", "1"), c("C", "T"))), GM17_SNP1 = structure(c(0, 
    0, 0, 3, 494, 1, 1, 522, 0), dim = c(3L, 3L), dimnames = list(
        c("-1", "0", "1"), c("A", "C", "T"))), GM22_SNP1 = structure(c(3, 
    1083, 0), dim = c(3L, 1L), dimnames = list(c("-1", "0", "1"
    ), "A")), GM26_SNP1 = structure(c(0, 2, 535, 1, 0, 0, 0, 
    510, 3, 0), dim = c(5L, 2L), dimnames = list(c("-2", "-1", 
    "0", "1", "2"), c("A", "G"))), GM29_SNP1 = structure(c(1, 
    454, 1, 0, 393, 0), dim = 3:2, dimnames = list(c("-1", "0", 
    "1"), c("A", "G"))), IM16_SNP1 = structure(c(0, 1, 408, 1, 
    0, 1, 430, 0), dim = c(4L, 2L), dimnames = list(c("-2", "-1", 
    "0", "1"), c("A", "G"))), IM49_SNP1 = structure(c(0, 0, 0, 
    0, 0, 0, 3, 389, 4, 0, 0, 4, 405, 1, 0), dim = c(5L, 3L), dimnames = list(
        c("-2", "-1", "0", "1", "2"), c("A", "C", "G"))), LR10_SNP1 = structure(c(0, 
    5, 1101, 1, 0, 0, 6, 0), dim = c(4L, 2L), dimnames = list(
        c("-2", "-1", "0", "1"), c("C", "T"))), LR11_SNP1 = structure(c(0, 
    0, 0, 0, 0, 4, 552, 1, 0, 1, 465, 1), dim = 4:3, dimnames = list(
        c("-2", "-1", "0", "1"), c("-", "A", "C"))), LR17_SNP1 = structure(c(0, 
    0, 6, 851, 1, 0, 0, 0, 0, 0), dim = c(5L, 2L), dimnames = list(
        c("-3", "-2", "-1", "0", "1"), c("A", "G"))), LR20_SNP1 = structure(c(1, 
    523, 0, 0, 521, 0), dim = 3:2, dimnames = list(c("-1", "0", 
    "1"), c("A", "G"))), LR24_SNP1 = structure(c(3, 631, 0, 0, 
    628, 2), dim = 3:2, dimnames = list(c("-1", "0", "1"), c("A", 
    "G"))), LR36_SNP1 = structure(c(0, 2, 200, 0, 1, 0, 213, 
    0), dim = c(4L, 2L), dimnames = list(c("-2", "-1", "0", "1"
    ), c("A", "T"))), LR40_SNP1 = structure(c(0, 306, 0, 0, 321, 
    0), dim = 3:2, dimnames = list(c("-1", "0", "1"), c("A", 
    "C"))), LR44_SNP1 = structure(c(0, 0, 0, 0, 0, 0, 0, 0, 14, 
    585, 4, 1, 0, 0, 20, 591, 1, 0), dim = c(6L, 3L), dimnames = list(
        c("-3", "-2", "-1", "0", "1", "2"), c("A", "C", "T"))), 
    LR46_SNP1 = structure(c(0, 339, 1, 0, 343, 0), dim = 3:2, dimnames = list(
        c("-1", "0", "1"), c("G", "T"))), LR48_SNP1 = structure(c(0, 
    0, 324, 0, 0, 1, 342, 0), dim = c(4L, 2L), dimnames = list(
        c("-2", "-1", "0", "1"), c("C", "T"))), LR49_SNP1 = structure(c(0, 
    1, 0, 0, 0, 0, 1, 782, 0), dim = c(3L, 3L), dimnames = list(
        c("-1", "0", "1"), c("A", "C", "G"))), LR52_SNP1 = structure(c(1, 
    2, 26, 768, 0, 0, 0, 0, 1, 0), dim = c(5L, 2L), dimnames = list(
        c("-3", "-2", "-1", "0", "1"), c("C", "T"))))
