Result <-
list(DEPDC2_SNP1 = structure(c(0, 0, 0, 2, 404, 2, 1, 429, 3), dim = c(3L, 
3L), dimnames = list(c("-1", "0", "1"), c("A", "C", "T"))), GM01_SNP1 = structure(c(0, 
2, 815, 0, 0, 0, 6, 0), dim = c(4L, 2L), dimnames = list(c("-2", 
"-1", "0", "1"), c("A", "G"))), GM07_SNP1 = structure(c(0, 0, 
7, 0, 0, 11, 491, 2), dim = c(4L, 2L), dimnames = list(c("-2", 
"-1", "0", "1"), c("A", "G"))), GM09_SNP1 = structure(c(0, 372, 
0, 0, 353, 1), dim = 3:2, dimnames = list(c("-1", "0", "1"), 
    c("A", "G"))), GM11_SNP1 = structure(c(0, 1, 275, 0, 0, 0, 
0, 0, 0, 1, 355, 2, 0, 0, 0, 0), dim = c(4L, 4L), dimnames = list(
    c("-2", "-1", "0", "1"), c("A", "C", "G", "T"))), GM14_SNP1 = structure(c(1, 
2, 174, 1, 0, 1, 200, 1), dim = c(4L, 2L), dimnames = list(c("-2", 
"-1", "0", "1"), c("C", "T"))), GM17_SNP1 = structure(c(0, 0, 
0, 0, 0, 4, 302, 0, 0, 0, 290, 1), dim = 4:3, dimnames = list(
    c("-2", "-1", "0", "1"), c("A", "C", "T"))), GM22_SNP1 = structure(c(0, 
348, 1, 1, 284, 0), dim = 3:2, dimnames = list(c("-1", "0", "1"
), c("A", "G"))), GM26_SNP1 = structure(c(0, 2, 266, 0, 0, 0, 
237, 0), dim = c(4L, 2L), dimnames = list(c("-2", "-1", "0", 
"1"), c("A", "G"))), GM29_SNP1 = structure(c(0, 0, 245, 0, 0, 
0, 248, 0, 0, 0, 0, 0), dim = 4:3, dimnames = list(c("-2", "-1", 
"0", "1"), c("A", "G", "T"))), IM16_SNP1 = structure(c(0, 6, 
0, 1, 580, 1), dim = 3:2, dimnames = list(c("-1", "0", "1"), 
    c("A", "G"))), IM49_SNP1 = structure(c(10, 573, 7, 1, 5, 
0, 0, 0, 0), dim = c(3L, 3L), dimnames = list(c("-1", "0", "1"
), c("C", "G", "T"))), LR10_SNP1 = structure(c(0, 5, 278, 1, 
0, 0, 0, 0, 0, 2, 258, 0), dim = 4:3, dimnames = list(c("-2", 
"-1", "0", "1"), c("C", "G", "T"))), LR11_SNP1 = structure(c(0, 
1, 310, 1, 0, 1, 293, 1, 0, 0, 0, 0), dim = 4:3, dimnames = list(
    c("-2", "-1", "0", "1"), c("A", "C", "G"))), LR17_SNP1 = structure(c(0, 
5, 423, 2, 0), dim = c(5L, 1L), dimnames = list(c("-2", "-1", 
"0", "1", "2"), "A")), LR20_SNP1 = structure(c(0, 0, 10, 0, 0, 
0, 656, 0), dim = c(4L, 2L), dimnames = list(c("-2", "-1", "0", 
"1"), c("A", "G"))), LR24_SNP1 = structure(c(0, 0, 5, 0, 0, 1, 
877, 0), dim = c(4L, 2L), dimnames = list(c("-2", "-1", "0", 
"1"), c("A", "G"))), LR36_SNP1 = structure(c(0, 0, 0, 3, 0, 0, 
0, 1, 451, 2), dim = c(5L, 2L), dimnames = list(c("-4", "-2", 
"-1", "0", "1"), c("A", "T"))), LR40_SNP1 = structure(c(0, 3, 
0, 4, 677, 1), dim = 3:2, dimnames = list(c("-1", "0", "1"), 
    c("A", "C"))), LR44_SNP1 = structure(c(0, 17, 355, 1, 0, 
1, 10, 336, 4, 1), dim = c(5L, 2L), dimnames = list(c("-2", "-1", 
"0", "1", "2"), c("C", "T"))), LR46_SNP1 = structure(c(0, 0, 
9, 0, 0, 0, 490, 1), dim = c(4L, 2L), dimnames = list(c("-2", 
"-1", "0", "1"), c("G", "T"))), LR48_SNP1 = structure(c(0, 0, 
3, 218, 2, 0, 0, 0, 0, 227, 0, 0), dim = c(6L, 2L), dimnames = list(
    c("-4", "-2", "-1", "0", "1", "2"), c("C", "T"))), LR49_SNP1 = structure(c(0, 
299, 1, 0, 253, 0), dim = 3:2, dimnames = list(c("-1", "0", "1"
), c("A", "G"))), LR52_SNP1 = structure(c(0, 0, 0, 0, 0, 0, 0, 
9, 221, 1, 0, 0, 3, 261, 3), dim = c(5L, 3L), dimnames = list(
    c("-3", "-2", "-1", "0", "1"), c("A", "C", "T"))))
