Result <-
list(DEPDC2_SNP1 = structure(c(1, 415, 0, 0, 0, 0, 0, 387, 1), dim = c(3L, 
3L), dimnames = list(c("-1", "0", "1"), c("C", "G", "T"))), GM01_SNP1 = structure(c(0, 
0, 818, 0, 0, 0, 0, 1, 0, 0), dim = c(5L, 2L), dimnames = list(
    c("-2", "-1", "0", "1", "2"), c("A", "G"))), GM07_SNP1 = structure(c(0, 
4, 276, 5, 0, 0, 6, 232, 4, 0), dim = c(5L, 2L), dimnames = list(
    c("-2", "-1", "0", "1", "2"), c("A", "G"))), GM09_SNP1 = structure(c(7, 
61, 2, 9, 61, 1), dim = 3:2, dimnames = list(c("-1", "0", "1"
), c("A", "G"))), GM11_SNP1 = structure(c(1, 594, 0, 0, 2, 0), dim = 3:2, dimnames = list(
    c("-1", "0", "1"), c("A", "G"))), GM14_SNP1 = structure(c(0, 
4, 187, 0, 0, 1, 248, 1), dim = c(4L, 2L), dimnames = list(c("-2", 
"-1", "0", "1"), c("C", "T"))), GM17_SNP1 = structure(c(0, 4, 
524, 0, 0, 0, 3, 0), dim = c(4L, 2L), dimnames = list(c("-2", 
"-1", "0", "1"), c("C", "T"))), GM22_SNP1 = structure(c(0, 1, 
327, 0, 0, 2, 266, 0), dim = c(4L, 2L), dimnames = list(c("-2", 
"-1", "0", "1"), c("A", "G"))), GM26_SNP1 = structure(c(0, 3, 
248, 0, 0, 0, 0, 0, 0, 0, 0, 1, 272, 2, 0, 0, 0, 0, 0, 0), dim = 5:4, dimnames = list(
    c("-2", "-1", "0", "1", "2"), c("A", "C", "G", "T"))), GM29_SNP1 = structure(c(0, 
0, 0, 0, 0, 0, 256, 0, 0, 0, 246, 0, 0, 0, 0, 0), dim = c(4L, 
4L), dimnames = list(c("-2", "-1", "0", "1"), c("-", "A", "G", 
"T"))), IM16_SNP1 = structure(c(0, 2, 0, 0, 0, 0, 0, 0, 2, 597, 
4, 0, 0, 0, 0, 0), dim = c(4L, 4L), dimnames = list(c("-1", "0", 
"1", "2"), c("A", "C", "G", "T"))), IM49_SNP1 = structure(c(0, 
2, 325, 3, 0, 2, 256, 1), dim = c(4L, 2L), dimnames = list(c("-2", 
"-1", "0", "1"), c("C", "G"))), LR10_SNP1 = structure(c(0, 0, 
0, 0, 560, 2), dim = 3:2, dimnames = list(c("-1", "0", "1"), 
    c("C", "T"))), LR11_SNP1 = structure(c(0, 0, 0, 0, 0, 0, 
2, 0, 0, 4, 561, 2), dim = 4:3, dimnames = list(c("-2", "-1", 
"0", "1"), c("-", "A", "C"))), LR17_SNP1 = structure(c(0, 0, 
7, 413, 2), dim = c(5L, 1L), dimnames = list(c("-3", "-2", "-1", 
"0", "1"), "A")), LR20_SNP1 = structure(c(0, 0, 0, 1, 343, 0, 
0, 343, 0, 0, 0, 0), dim = 3:4, dimnames = list(c("-1", "0", 
"1"), c("-", "A", "G", "T"))), LR24_SNP1 = structure(c(0, 2, 
0, 1, 952, 0), dim = 3:2, dimnames = list(c("-1", "0", "1"), 
    c("A", "G"))), LR36_SNP1 = structure(c(0, 0, 0, 0, 0, 1, 
444, 1), dim = c(4L, 2L), dimnames = list(c("-2", "-1", "0", 
"1"), c("A", "T"))), LR40_SNP1 = structure(c(1, 304, 0, 2, 304, 
0, 0, 0, 0), dim = c(3L, 3L), dimnames = list(c("-1", "0", "1"
), c("A", "C", "T"))), LR44_SNP1 = structure(c(0, 16, 698, 2, 
2, 0, 1, 1, 0, 0), dim = c(5L, 2L), dimnames = list(c("-2", "-1", 
"0", "1", "2"), c("C", "T"))), LR46_SNP1 = structure(c(0, 479, 
0, 0, 4, 0), dim = 3:2, dimnames = list(c("-1", "0", "1"), c("G", 
"T"))), LR48_SNP1 = structure(c(0, 0, 0, 0, 0, 0, 1, 223, 0, 
0, 0, 1, 233, 0, 0), dim = c(5L, 3L), dimnames = list(c("-2", 
"-1", "0", "1", "2"), c("A", "C", "T"))), LR49_SNP1 = structure(c(1, 
266, 0, 302), dim = c(2L, 2L), dimnames = list(c("-1", "0"), 
    c("A", "G"))), LR52_SNP1 = structure(c(0, 2, 25, 424, 1, 
0, 0, 0, 0, 0, 0, 0, 0, 2, 0), dim = c(5L, 3L), dimnames = list(
    c("-3", "-2", "-1", "0", "1"), c("C", "G", "T"))))
