Result <-
list(DEPDC2_SNP1 = structure(c(0, 0, 0, 5, 1577, 39), dim = 3:2, dimnames = list(
    c("-1", "0", "1"), c("C", "T"))), GM01_SNP1 = structure(c(12, 
1960, 2, 0, 0, 0), dim = 3:2, dimnames = list(c("-1", "0", "1"
), c("A", "G"))), GM07_SNP1 = structure(c(0, 10, 526, 11, 0, 
0, 17, 506, 8, 0, 0, 0, 0, 0, 0), dim = c(5L, 3L), dimnames = list(
    c("-2", "-1", "0", "1", "2"), c("A", "G", "T"))), GM09_SNP1 = structure(c(19, 
105, 3, 17, 88, 2), dim = 3:2, dimnames = list(c("-1", "0", "1"
), c("A", "G"))), GM11_SNP1 = structure(c(2, 857, 4, 0, 0, 0, 
4, 856, 4), dim = c(3L, 3L), dimnames = list(c("-1", "0", "1"
), c("A", "C", "G"))), GM14_SNP1 = structure(c(0, 4, 22, 1261, 
5, 0, 0, 0, 0, 0), dim = c(5L, 2L), dimnames = list(c("-3", "-2", 
"-1", "0", "1"), c("C", "T"))), GM17_SNP1 = structure(c(2, 792, 
1, 2, 768, 1), dim = 3:2, dimnames = list(c("-1", "0", "1"), 
    c("C", "T"))), GM22_SNP1 = structure(c(0, 5, 833, 0, 0, 1, 
787, 0), dim = c(4L, 2L), dimnames = list(c("-2", "-1", "0", 
"1"), c("A", "G"))), GM26_SNP1 = structure(c(0, 2, 1566, 0), dim = c(4L, 
1L), dimnames = list(c("-2", "-1", "0", "1"), "A")), GM29_SNP1 = structure(c(2, 
597, 0, 5, 608, 1), dim = 3:2, dimnames = list(c("-1", "0", "1"
), c("A", "G"))), IM16_SNP1 = structure(c(6, 725, 5, 0, 3, 733, 
12, 0), dim = c(4L, 2L), dimnames = list(c("-1", "0", "1", "2"
), c("A", "G"))), IM49_SNP1 = structure(c(0, 19, 628, 7, 0, 15, 
535, 5), dim = c(4L, 2L), dimnames = list(c("-2", "-1", "0", 
"1"), c("C", "G"))), LR10_SNP1 = structure(c(0, 0, 0, 0, 0, 7, 
814, 3, 0, 0, 0, 0, 0, 4, 837, 1), dim = c(4L, 4L), dimnames = list(
    c("-2", "-1", "0", "1"), c("A", "C", "G", "T"))), LR11_SNP1 = structure(c(0, 
8, 889, 2, 0, 0, 7, 747, 0, 0, 0, 0, 0, 0, 0), dim = c(5L, 3L
), dimnames = list(c("-2", "-1", "0", "1", "2"), c("A", "C", 
"G"))), LR17_SNP1 = structure(c(2, 20, 1557, 3, 0, 0, 0, 1, 0, 
0), dim = c(5L, 2L), dimnames = list(c("-2", "-1", "0", "1", 
"2"), c("A", "G"))), LR20_SNP1 = structure(c(0, 0, 0, 1, 1618, 
1, 0, 2, 0), dim = c(3L, 3L), dimnames = list(c("-1", "0", "1"
), c("-", "A", "G"))), LR24_SNP1 = structure(c(0, 4, 1814, 1, 
0, 0, 0, 0), dim = c(4L, 2L), dimnames = list(c("-2", "-1", "0", 
"1"), c("A", "G"))), LR36_SNP1 = structure(c(0, 0, 0, 0, 0, 0, 
0, 5, 389, 2, 0, 1, 8, 335, 1), dim = c(5L, 3L), dimnames = list(
    c("-3", "-2", "-1", "0", "1"), c("-", "A", "T"))), LR40_SNP1 = structure(c(4, 
532, 2, 4, 546, 1), dim = 3:2, dimnames = list(c("-1", "0", "1"
), c("A", "C"))), LR44_SNP1 = structure(c(0, 0, 0, 0, 0, 1, 83, 
1630, 11, 0), dim = c(5L, 2L), dimnames = list(c("-2", "-1", 
"0", "1", "2"), c("C", "T"))), LR46_SNP1 = structure(c(0, 3, 
0, 0, 3, 986, 1, 1), dim = c(4L, 2L), dimnames = list(c("-1", 
"0", "1", "2"), c("G", "T"))), LR48_SNP1 = structure(c(0, 0, 
0, 0, 0, 15, 1170, 5, 0, 1, 1, 0), dim = 4:3, dimnames = list(
    c("-2", "-1", "0", "1"), c("A", "C", "T"))), LR49_SNP1 = structure(c(4, 
1015), dim = 2:1, dimnames = list(c("-1", "0"), "G")), LR52_SNP1 = structure(c(0, 
0, 0, 0, 0, 1, 0, 29, 570, 3, 0, 1, 32, 588, 1), dim = c(5L, 
3L), dimnames = list(c("-3", "-2", "-1", "0", "1"), c("-", "C", 
"T"))))
