Result <-
list(DEPDC2_SNP1 = structure(c(0, 4, 0, 2, 1120, 1), dim = 3:2, dimnames = list(
    c("-1", "0", "1"), c("C", "T"))), GM01_SNP1 = structure(c(4, 
1435, 1, 0, 9, 0, 0, 0, 0), dim = c(3L, 3L), dimnames = list(
    c("-1", "0", "1"), c("A", "G", "T"))), GM07_SNP1 = structure(c(0, 
0, 5, 0, 0, 0, 12, 739, 1, 0), dim = c(5L, 2L), dimnames = list(
    c("-2", "-1", "0", "1", "2"), c("A", "G"))), GM09_SNP1 = structure(c(1, 
699, 0, 0, 2, 601, 1, 0), dim = c(4L, 2L), dimnames = list(c("-1", 
"0", "1", "2"), c("A", "G"))), GM11_SNP1 = structure(c(0, 516, 
0, 1, 558, 1), dim = 3:2, dimnames = list(c("-1", "0", "1"), 
    c("A", "G"))), GM14_SNP1 = structure(c(0, 2, 366, 1, 0, 1, 
394, 0), dim = c(4L, 2L), dimnames = list(c("-2", "-1", "0", 
"1"), c("C", "T"))), GM17_SNP1 = structure(c(1, 482, 1, 1, 453, 
0), dim = 3:2, dimnames = list(c("-1", "0", "1"), c("C", "T"))), 
    GM22_SNP1 = structure(c(0, 1, 623, 1, 0, 1, 505, 0), dim = c(4L, 
    2L), dimnames = list(c("-2", "-1", "0", "1"), c("A", "G"))), 
    GM26_SNP1 = structure(c(1, 1, 556, 2, 0, 0, 2, 517, 0, 0, 
    0, 0, 0, 0, 0), dim = c(5L, 3L), dimnames = list(c("-3", 
    "-1", "0", "1", "2"), c("A", "G", "T"))), GM29_SNP1 = structure(c(1, 
    0, 412, 2, 0, 2, 466, 0), dim = c(4L, 2L), dimnames = list(
        c("-2", "-1", "0", "1"), c("A", "G"))), IM16_SNP1 = structure(c(0, 
    2, 438, 7, 0, 0, 2, 438, 1, 0, 0, 0, 0, 0, 0), dim = c(5L, 
    3L), dimnames = list(c("-2", "-1", "0", "1", "2"), c("A", 
    "G", "T"))), IM49_SNP1 = structure(c(0, 10, 512, 4, 1, 9, 
    475, 4), dim = c(4L, 2L), dimnames = list(c("-2", "-1", "0", 
    "1"), c("C", "G"))), LR10_SNP1 = structure(c(0, 7, 1109, 
    2, 0, 0, 0, 7, 0, 0), dim = c(5L, 2L), dimnames = list(c("-2", 
    "-1", "0", "1", "2"), c("C", "T"))), LR11_SNP1 = structure(c(0, 
    2, 603, 0, 0, 4, 495, 1), dim = c(4L, 2L), dimnames = list(
        c("-2", "-1", "0", "1"), c("A", "C"))), LR17_SNP1 = structure(c(1, 
    11, 854, 3, 0, 0, 0, 0, 0, 0), dim = c(5L, 2L), dimnames = list(
        c("-2", "-1", "0", "1", "2"), c("A", "G"))), LR20_SNP1 = structure(c(0, 
    5, 0, 0, 1149, 0, 0, 0, 0), dim = c(3L, 3L), dimnames = list(
        c("-1", "0", "1"), c("A", "G", "T"))), LR24_SNP1 = structure(c(0, 
    2, 687, 0, 0, 3, 671, 0), dim = c(4L, 2L), dimnames = list(
        c("-2", "-1", "0", "1"), c("A", "G"))), LR36_SNP1 = structure(c(0, 
    0, 1, 0, 0, 2, 429, 0), dim = c(4L, 2L), dimnames = list(
        c("-2", "-1", "0", "1"), c("A", "T"))), LR40_SNP1 = structure(c(0, 
    0, 325, 0, 0, 1, 355, 0), dim = c(4L, 2L), dimnames = list(
        c("-2", "-1", "0", "1"), c("A", "C"))), LR44_SNP1 = structure(c(1, 
    17, 608, 2, 0, 11, 623, 3), dim = c(4L, 2L), dimnames = list(
        c("-2", "-1", "0", "1"), c("C", "T"))), LR46_SNP1 = structure(c(0, 
    742, 1, 0, 5, 0), dim = 3:2, dimnames = list(c("-1", "0", 
    "1"), c("G", "T"))), LR48_SNP1 = structure(c(1, 3, 314, 0, 
    0, 0, 3, 335, 1, 0), dim = c(5L, 2L), dimnames = list(c("-2", 
    "-1", "0", "1", "2"), c("C", "T"))), LR49_SNP1 = structure(c(1, 
    356, 0, 349), dim = c(2L, 2L), dimnames = list(c("-1", "0"
    ), c("A", "G"))), LR52_SNP1 = structure(c(0, 0, 0, 0, 0, 
    1, 3, 29, 747, 4, 0, 0, 0, 2, 0), dim = c(5L, 3L), dimnames = list(
        c("-3", "-2", "-1", "0", "1"), c("-", "C", "T"))))
