Result <-
list(DEPDC2_SNP1 = structure(c(0, 445, 0, 1, 471, 2), dim = 3:2, dimnames = list(
    c("-1", "0", "1"), c("C", "T"))), GM01_SNP1 = structure(c(0, 
5, 1308, 3, 0, 0, 0, 0), dim = c(4L, 2L), dimnames = list(c("-2", 
"-1", "0", "1"), c("A", "G"))), GM07_SNP1 = structure(c(1, 5, 
563, 5, 0, 0, 0, 0), dim = c(4L, 2L), dimnames = list(c("-2", 
"-1", "0", "1"), c("G", "T"))), GM09_SNP1 = structure(c(1, 622, 
0, 1, 540, 1), dim = 3:2, dimnames = list(c("-1", "0", "1"), 
    c("A", "G"))), GM11_SNP1 = structure(c(0, 1, 515, 0, 0, 1, 
492, 0, 0, 0, 0, 0), dim = 4:3, dimnames = list(c("-2", "-1", 
"0", "1"), c("A", "G", "T"))), GM14_SNP1 = structure(c(0, 2, 
346, 1, 0, 1, 382, 0), dim = c(4L, 2L), dimnames = list(c("-2", 
"-1", "0", "1"), c("C", "T"))), GM17_SNP1 = structure(c(1, 454, 
0, 2, 421, 0), dim = 3:2, dimnames = list(c("-1", "0", "1"), 
    c("C", "T"))), GM22_SNP1 = structure(c(0, 6, 0, 0, 4, 888, 
0, 0), dim = c(4L, 2L), dimnames = list(c("-1", "0", "1", "2"
), c("A", "G"))), GM26_SNP1 = structure(c(2, 494, 1, 0, 481, 
1, 0, 0, 0), dim = c(3L, 3L), dimnames = list(c("-1", "0", "1"
), c("A", "G", "T"))), GM29_SNP1 = structure(c(0, 3, 693, 0, 
0, 0, 2, 0), dim = c(4L, 2L), dimnames = list(c("-2", "-1", "0", 
"1"), c("A", "G"))), IM16_SNP1 = structure(c(0, 0, 0, 0, 0, 0, 
3, 884, 4, 0), dim = c(5L, 2L), dimnames = list(c("-2", "-1", 
"0", "1", "2"), c("C", "G"))), IM49_SNP1 = structure(c(0, 10, 
769, 3, 1, 0, 0, 3, 0, 0, 0, 0, 0, 0, 0), dim = c(5L, 3L), dimnames = list(
    c("-2", "-1", "0", "1", "2"), c("C", "G", "T"))), LR10_SNP1 = structure(c(0, 
0, 0, 4, 951, 1, 0, 0, 0), dim = c(3L, 3L), dimnames = list(c("-1", 
"0", "1"), c("A", "C", "T"))), LR11_SNP1 = structure(c(0, 1, 
3, 0, 0, 2, 889, 0), dim = c(4L, 2L), dimnames = list(c("-2", 
"-1", "0", "1"), c("A", "C"))), LR17_SNP1 = structure(c(0, 4, 
756, 0, 0, 0, 0, 0, 0, 0, 0, 0, 0, 0, 0), dim = c(5L, 3L), dimnames = list(
    c("-2", "-1", "0", "1", "2"), c("A", "G", "T"))), LR20_SNP1 = structure(c(1, 
473, 0, 0, 494, 0), dim = 3:2, dimnames = list(c("-1", "0", "1"
), c("A", "G"))), LR24_SNP1 = structure(c(3, 635, 0, 0, 615, 
1), dim = 3:2, dimnames = list(c("-1", "0", "1"), c("A", "G"))), 
    LR36_SNP1 = structure(c(0, 3, 351, 1), dim = c(4L, 1L), dimnames = list(
        c("-2", "-1", "0", "1"), "T")), LR40_SNP1 = structure(c(1, 
    314, 0, 1, 325, 0), dim = 3:2, dimnames = list(c("-1", "0", 
    "1"), c("A", "C"))), LR44_SNP1 = structure(c(0, 14, 1039, 
    1, 0, 0, 0, 0, 1, 1, 0, 0), dim = c(6L, 2L), dimnames = list(
        c("-2", "-1", "0", "1", "2", "3"), c("C", "T"))), LR46_SNP1 = structure(c(0, 
    271, 0, 0, 261, 0), dim = 3:2, dimnames = list(c("-1", "0", 
    "1"), c("G", "T"))), LR48_SNP1 = structure(c(0, 3, 555, 3, 
    0, 0, 2, 0), dim = c(4L, 2L), dimnames = list(c("-2", "-1", 
    "0", "1"), c("C", "T"))), LR49_SNP1 = structure(c(277, 273, 
    0), dim = c(1L, 3L), dimnames = list("0", c("A", "G", "T"
    ))), LR52_SNP1 = structure(c(0, 0, 0, 0, 0, 0, 0, 0, 0, 0, 
    0, 1, 12, 597, 2), dim = c(5L, 3L), dimnames = list(c("-3", 
    "-2", "-1", "0", "1"), c("A", "C", "T"))))
