Result <-
list(DEPDC2_SNP1 = structure(c(0, 0, 0, 0, 0, 0, 1, 0, 0, 0, 
1176, 1), dim = 4:3, dimnames = list(c("-2", "-1", "0", "1"), 
    c("A", "C", "T"))), GM01_SNP1 = structure(c(0, 3, 1518, 0, 
0, 0, 0, 2, 0, 0), dim = c(5L, 2L), dimnames = list(c("-2", "-1", 
"0", "1", "2"), c("A", "G"))), GM07_SNP1 = structure(c(11, 787, 
4, 0, 0, 0, 0, 0), dim = c(4L, 2L), dimnames = list(c("-1", "0", 
"1", "2"), c("A", "T"))), GM09_SNP1 = structure(c(1, 730, 0, 
1, 697, 0), dim = 3:2, dimnames = list(c("-1", "0", "1"), c("A", 
"G"))), GM11_SNP1 = structure(c(0, 0, 589, 0, 0, 1, 604, 1, 0, 
0, 0, 0), dim = 4:3, dimnames = list(c("-2", "-1", "0", "1"), 
    c("A", "G", "T"))), GM14_SNP1 = structure(c(0, 8, 844, 2, 
0, 0, 1, 0), dim = c(4L, 2L), dimnames = list(c("-2", "-1", "0", 
"1"), c("C", "T"))), GM17_SNP1 = structure(c(0, 3, 1035, 1, 0, 
0, 0, 1, 0, 0), dim = c(5L, 2L), dimnames = list(c("-2", "-1", 
"0", "1", "2"), c("C", "T"))), GM22_SNP1 = structure(c(3, 572, 
0, 2, 558, 0), dim = 3:2, dimnames = list(c("-1", "0", "1"), 
    c("A", "G"))), GM26_SNP1 = structure(c(0, 565, 0, 0, 1, 536, 
1, 0), dim = c(4L, 2L), dimnames = list(c("-1", "0", "1", "3"
), c("A", "G"))), GM29_SNP1 = structure(c(0, 5, 943, 1, 0, 0, 
0, 0), dim = c(4L, 2L), dimnames = list(c("-2", "-1", "0", "1"
), c("A", "G"))), IM16_SNP1 = structure(c(0, 0, 0, 0, 1, 996, 
2, 0), dim = c(4L, 2L), dimnames = list(c("-1", "0", "1", "2"
), c("A", "G"))), IM49_SNP1 = structure(c(0, 10, 525, 6, 1, 0, 
6, 496, 4, 0), dim = c(5L, 2L), dimnames = list(c("-2", "-1", 
"0", "1", "2"), c("C", "G"))), LR10_SNP1 = structure(c(0, 3, 
595, 0, 0, 3, 628, 0), dim = c(4L, 2L), dimnames = list(c("-2", 
"-1", "0", "1"), c("C", "T"))), LR11_SNP1 = structure(c(0, 2, 
661, 1, 0, 0, 2, 540, 2, 0), dim = c(5L, 2L), dimnames = list(
    c("-2", "-1", "0", "1", "2"), c("A", "C"))), LR17_SNP1 = structure(c(0, 
16, 647, 2, 0), dim = c(5L, 1L), dimnames = list(c("-2", "-1", 
"0", "1", "2"), "A")), LR20_SNP1 = structure(c(2, 1234, 0, 0, 
2, 0), dim = 3:2, dimnames = list(c("-1", "0", "1"), c("A", "G"
))), LR24_SNP1 = structure(c(0, 0, 0, 0, 2, 0, 0, 0, 0, 3, 1698, 
1), dim = 3:4, dimnames = list(c("-1", "0", "1"), c("-", "A", 
"C", "G"))), LR36_SNP1 = structure(c(0, 2, 200, 1, 0, 2, 232, 
1), dim = c(4L, 2L), dimnames = list(c("-2", "-1", "0", "1"), 
    c("A", "T"))), LR40_SNP1 = structure(c(1, 701, 1), dim = c(3L, 
1L), dimnames = list(c("-1", "0", "1"), "C")), LR44_SNP1 = structure(c(0, 
0, 27, 1081, 6, 0, 0, 0, 0, 2, 0, 0), dim = c(6L, 2L), dimnames = list(
    c("-3", "-2", "-1", "0", "1", "2"), c("C", "T"))), LR46_SNP1 = structure(c(0, 
0, 0, 0, 0, 1, 315, 0, 0, 0, 342, 2), dim = 4:3, dimnames = list(
    c("-2", "-1", "0", "1"), c("-", "G", "T"))), LR48_SNP1 = structure(c(0, 
0, 1, 2, 0, 0, 0, 0, 736, 2), dim = c(5L, 2L), dimnames = list(
    c("-3", "-2", "-1", "0", "1"), c("C", "T"))), LR49_SNP1 = structure(c(1, 
1, 533, 0, 0, 2, 0, 0, 0), dim = c(3L, 3L), dimnames = list(c("-2", 
"-1", "0"), c("A", "G", "T"))), LR52_SNP1 = structure(c(0, 0, 
27, 781, 4, 0, 0, 0, 0, 2, 0, 0), dim = c(6L, 2L), dimnames = list(
    c("-3", "-2", "-1", "0", "1", "2"), c("C", "T"))))
