Result <-
list(DEPDC2_SNP1 = structure(c(0, 0, 0, 1, 759, 1), dim = 3:2, dimnames = list(
    c("-1", "0", "1"), c("C", "T"))), GM01_SNP1 = structure(c(0, 
0, 0, 0, 0, 6, 1098, 2, 0, 0, 1, 0), dim = 4:3, dimnames = list(
    c("-2", "-1", "0", "1"), c("-", "A", "G"))), GM07_SNP1 = structure(c(1, 
15, 435, 17, 1), dim = c(5L, 1L), dimnames = list(c("-2", "-1", 
"0", "1", "2"), "G")), GM09_SNP1 = structure(c(4, 510, 0, 1, 
458, 1, 0, 0, 0), dim = c(3L, 3L), dimnames = list(c("-1", "0", 
"1"), c("A", "G", "T"))), GM11_SNP1 = structure(c(2, 829, 0, 
0, 4, 0), dim = 3:2, dimnames = list(c("-1", "0", "1"), c("A", 
"G"))), GM14_SNP1 = structure(c(0, 1, 265, 0, 0, 3, 265, 0), dim = c(4L, 
2L), dimnames = list(c("-3", "-1", "0", "1"), c("C", "T"))), 
    GM17_SNP1 = structure(c(2, 324, 0, 2, 318, 1), dim = 3:2, dimnames = list(
        c("-1", "0", "1"), c("C", "T"))), GM22_SNP1 = structure(c(0, 
    2, 420, 2, 0, 3, 389, 0, 0, 0, 0, 0), dim = 4:3, dimnames = list(
        c("-2", "-1", "0", "1"), c("A", "G", "T"))), GM26_SNP1 = structure(c(0, 
    0, 369, 0, 0, 4, 355, 2), dim = c(4L, 2L), dimnames = list(
        c("-2", "-1", "0", "1"), c("A", "G"))), GM29_SNP1 = structure(c(0, 
    0, 0, 288, 0, 0, 0, 1, 280, 1), dim = c(5L, 2L), dimnames = list(
        c("-3", "-2", "-1", "0", "1"), c("A", "G"))), IM16_SNP1 = structure(c(0, 
    2, 348, 2, 0, 1, 0, 340, 3, 0, 0, 0, 1, 0, 0), dim = c(5L, 
    3L), dimnames = list(c("-2", "-1", "0", "1", "2"), c("A", 
    "G", "T"))), IM49_SNP1 = structure(c(17, 761, 1, 0, 0, 4, 
    0, 0), dim = c(4L, 2L), dimnames = list(c("-1", "0", "1", 
    "2"), c("C", "G"))), LR10_SNP1 = structure(c(0, 0, 0, 0, 
    0, 0, 10, 801, 2, 0, 0, 0, 0, 0, 0), dim = c(5L, 3L), dimnames = list(
        c("-2", "-1", "0", "1", "2"), c("A", "C", "T"))), LR11_SNP1 = structure(c(0, 
    0, 1, 0, 0, 5, 639, 0, 0, 0, 0, 0), dim = 4:3, dimnames = list(
        c("-2", "-1", "0", "1"), c("A", "C", "T"))), LR17_SNP1 = structure(c(0, 
    12, 613, 4, 0, 0, 0, 0), dim = c(4L, 2L), dimnames = list(
        c("-2", "-1", "0", "1"), c("A", "G"))), LR20_SNP1 = structure(c(0, 
    1, 0, 0, 836, 0, 0, 0, 0), dim = c(3L, 3L), dimnames = list(
        c("-1", "0", "1"), c("A", "G", "T"))), LR24_SNP1 = structure(c(4, 
    851, 1, 0, 3, 0, 0, 0, 0), dim = c(3L, 3L), dimnames = list(
        c("-1", "0", "1"), c("A", "G", "T"))), LR36_SNP1 = structure(c(0, 
    0, 0, 1, 0, 0, 0, 4, 288, 0), dim = c(5L, 2L), dimnames = list(
        c("-3", "-2", "-1", "0", "1"), c("A", "T"))), LR40_SNP1 = structure(c(3, 
    523, 0), dim = c(3L, 1L), dimnames = list(c("-1", "0", "1"
    ), "C")), LR44_SNP1 = structure(c(0, 0, 27, 807, 2, 0, 0, 
    0, 0, 3, 0, 0), dim = c(6L, 2L), dimnames = list(c("-4", 
    "-2", "-1", "0", "1", "2"), c("C", "T"))), LR46_SNP1 = structure(c(0, 
    397, 1, 0, 0, 1, 0, 0), dim = c(4L, 2L), dimnames = list(
        c("-1", "0", "1", "2"), c("G", "T"))), LR48_SNP1 = structure(c(0, 
    4, 231, 0, 0, 6, 223, 3), dim = c(4L, 2L), dimnames = list(
        c("-2", "-1", "0", "1"), c("C", "T"))), LR49_SNP1 = structure(c(0, 
    2, 1, 367), dim = c(2L, 2L), dimnames = list(c("-1", "0"), 
        c("A", "G"))), LR52_SNP1 = structure(c(0, 2, 48, 508, 
    5, 0, 0, 0, 4, 0), dim = c(5L, 2L), dimnames = list(c("-3", 
    "-2", "-1", "0", "1"), c("C", "T"))))
