Result <-
list(DEPDC2_SNP1 = structure(c(0, 0, 0, 0, 0, 0, 460, 5, 0, 0, 
0, 0, 0, 0, 583, 2), dim = c(4L, 4L), dimnames = list(c("-2", 
"-1", "0", "1"), c("A", "C", "G", "T"))), GM01_SNP1 = structure(c(0, 
0, 0, 0, 0, 0, 0, 16, 877, 2, 0, 0, 0, 11, 0, 0, 0, 0, 0, 0), dim = 5:4, dimnames = list(
    c("-3", "-2", "-1", "0", "1"), c("-", "A", "G", "T"))), GM07_SNP1 = structure(c(0, 
15, 536, 7, 0, 0, 0, 1, 0, 0, 0, 0), dim = c(6L, 2L), dimnames = list(
    c("-2", "-1", "0", "1", "2", "3"), c("A", "G"))), GM09_SNP1 = structure(c(21, 
87, 3, 13, 78, 3, 0, 0, 0), dim = c(3L, 3L), dimnames = list(
    c("-1", "0", "1"), c("A", "G", "T"))), GM11_SNP1 = structure(c(0, 
0, 0, 416, 0, 0, 0, 0, 3, 0, 0, 0, 0, 0, 0), dim = c(5L, 3L), dimnames = list(
    c("-3", "-2", "-1", "0", "1"), c("A", "G", "T"))), GM14_SNP1 = structure(c(0, 
0, 3, 0, 0, 2, 340, 1), dim = c(4L, 2L), dimnames = list(c("-2", 
"-1", "0", "1"), c("C", "T"))), GM17_SNP1 = structure(c(0, 0, 
0, 0, 0, 1, 280, 0, 0, 4, 321, 0), dim = 4:3, dimnames = list(
    c("-2", "-1", "0", "1"), c("A", "C", "T"))), GM22_SNP1 = structure(c(0, 
3, 318, 1, 0, 0, 273, 0, 0, 0, 0, 0), dim = 4:3, dimnames = list(
    c("-2", "-1", "0", "1"), c("A", "G", "T"))), GM26_SNP1 = structure(c(0, 
0, 1, 257, 1, 0, 0, 1, 300, 0, 0, 0, 0, 2, 0), dim = c(5L, 3L
), dimnames = list(c("-3", "-2", "-1", "0", "1"), c("A", "G", 
"T"))), GM29_SNP1 = structure(c(0, 1, 234, 0, 0, 0, 244, 0), dim = c(4L, 
2L), dimnames = list(c("-2", "-1", "0", "1"), c("A", "G"))), 
    IM16_SNP1 = structure(c(0, 2, 515, 2, 1, 0, 0, 3, 0, 0), dim = c(5L, 
    2L), dimnames = list(c("-2", "-1", "0", "1", "2"), c("A", 
    "G"))), IM49_SNP1 = structure(c(0, 0, 0, 0, 0, 0, 5, 302, 
    3, 0, 0, 11, 288, 0, 0), dim = c(5L, 3L), dimnames = list(
        c("-2", "-1", "0", "1", "2"), c("A", "C", "G"))), LR10_SNP1 = structure(c(0, 
    0, 0, 0, 0, 3, 445, 1, 0, 0, 5, 0), dim = 4:3, dimnames = list(
        c("-2", "-1", "0", "1"), c("A", "C", "T"))), LR11_SNP1 = structure(c(0, 
    0, 0, 0, 0, 0, 0, 0, 0, 6, 0, 0, 0, 0, 2, 436, 1, 0, 0, 0, 
    0, 0, 0, 0), dim = c(6L, 4L), dimnames = list(c("-4", "-2", 
    "-1", "0", "1", "2"), c("-", "A", "C", "T"))), LR17_SNP1 = structure(c(1, 
    0, 4, 382, 2, 0, 0, 0, 0, 0), dim = c(5L, 2L), dimnames = list(
        c("-3", "-2", "-1", "0", "1"), c("A", "G"))), LR20_SNP1 = structure(c(0, 
    0, 0, 0, 678, 0, 0, 3, 0), dim = c(3L, 3L), dimnames = list(
        c("-1", "0", "1"), c("-", "A", "G"))), LR24_SNP1 = structure(c(3, 
    739, 0, 0, 0, 0, 1, 2, 0), dim = c(3L, 3L), dimnames = list(
        c("-1", "0", "1"), c("A", "C", "G"))), LR36_SNP1 = structure(c(0, 
    0, 0, 0, 0, 0, 0, 0, 1, 390, 2, 0), dim = c(6L, 2L), dimnames = list(
        c("-4", "-2", "-1", "0", "1", "2"), c("A", "T"))), LR40_SNP1 = structure(c(0, 
    0, 0, 0, 0, 6, 508, 0), dim = c(4L, 2L), dimnames = list(
        c("-3", "-1", "0", "1"), c("A", "C"))), LR44_SNP1 = structure(c(0, 
    0, 0, 11, 322, 3, 0, 0, 0, 0, 0, 1, 0, 0, 0, 0, 1, 17, 312, 
    0, 0), dim = c(7L, 3L), dimnames = list(c("-4", "-3", "-2", 
    "-1", "0", "1", "2"), c("C", "G", "T"))), LR46_SNP1 = structure(c(0, 
    0, 0, 0, 233, 0, 0, 202, 0), dim = c(3L, 3L), dimnames = list(
        c("-1", "0", "1"), c("A", "G", "T"))), LR48_SNP1 = structure(c(0, 
    0, 0, 0, 0, 0, 0, 1, 26, 399, 1, 0, 0, 0, 0, 1, 0, 0), dim = c(6L, 
    3L), dimnames = list(c("-3", "-2", "-1", "0", "1", "2"), 
        c("-", "C", "T"))), LR49_SNP1 = structure(c(0, 0, 0, 
    4, 343, 0, 2, 349, 2, 0, 0, 0), dim = 3:4, dimnames = list(
        c("-1", "0", "1"), c("-", "A", "G", "T"))), LR52_SNP1 = structure(c(0, 
    0, 0, 0, 0, 0, 0, 9, 188, 3, 0, 0, 13, 183, 4), dim = c(5L, 
    3L), dimnames = list(c("-3", "-2", "-1", "0", "1"), c("A", 
    "C", "T"))))
