Result <-
list(DEPDC2_SNP1 = structure(c(0, 0, 0, 0, 3, 0, 2, 815, 3), dim = c(3L, 
3L), dimnames = list(c("-1", "0", "1"), c("A", "C", "T"))), GM09_SNP1 = structure(c(19, 
138, 2, 0, 3, 0, 0, 0, 0), dim = c(3L, 3L), dimnames = list(c("-1", 
"0", "1"), c("A", "G", "T"))), GM11_SNP1 = structure(c(0, 0, 
350, 0, 0, 3, 337, 1, 0, 0, 1, 0), dim = 4:3, dimnames = list(
    c("-2", "-1", "0", "1"), c("A", "G", "T"))), GM14_SNP1 = structure(c(6, 
343, 2, 1, 2, 0), dim = 3:2, dimnames = list(c("-1", "0", "1"
), c("C", "T"))), GM17_SNP1 = structure(c(24, 577, 0, 0, 4, 0
), dim = 3:2, dimnames = list(c("-1", "0", "1"), c("C", "T"))), 
    GM22_SNP1 = structure(c(0, 0, 0, 0, 0, 5, 627, 2, 0, 0, 2, 
    0), dim = 4:3, dimnames = list(c("-2", "-1", "0", "1"), c("-", 
    "A", "G"))), GM26_SNP1 = structure(c(0, 1, 3, 518, 0), dim = c(5L, 
    1L), dimnames = list(c("-3", "-2", "-1", "0", "1"), "A")), 
    GM29_SNP1 = structure(c(0, 1, 0, 2, 475, 0), dim = 3:2, dimnames = list(
        c("-1", "0", "1"), c("A", "G"))), IM16_SNP1 = structure(c(4, 
    609, 3, 0, 1, 0, 0, 0, 0), dim = c(3L, 3L), dimnames = list(
        c("-1", "0", "1"), c("A", "G", "T"))), IM49_SNP1 = structure(c(0, 
    7, 294, 2, 0, 0, 6, 233, 4, 0), dim = c(5L, 2L), dimnames = list(
        c("-2", "-1", "0", "1", "2"), c("C", "G"))), LR10_SNP1 = structure(c(0, 
    1, 0, 4, 239, 1, 1, 263, 0), dim = c(3L, 3L), dimnames = list(
        c("-1", "0", "1"), c("A", "C", "T"))), LR11_SNP1 = structure(c(1, 
    1, 279, 3, 0, 2, 197, 0, 0, 0, 0, 0, 0, 0, 0, 0), dim = c(4L, 
    4L), dimnames = list(c("-2", "-1", "0", "1"), c("A", "C", 
    "G", "T"))), LR17_SNP1 = structure(c(0, 5, 348, 1, 0, 0, 
    0, 0, 0, 0), dim = c(5L, 2L), dimnames = list(c("-2", "-1", 
    "0", "1", "2"), c("A", "G"))), LR20_SNP1 = structure(c(0, 
    315, 0, 1, 299, 1, 0, 0, 0), dim = c(3L, 3L), dimnames = list(
        c("-1", "0", "1"), c("A", "G", "T"))), LR24_SNP1 = structure(c(0, 
    5, 804, 1), dim = c(4L, 1L), dimnames = list(c("-2", "-1", 
    "0", "1"), "A")), LR36_SNP1 = structure(c(0, 0, 0, 0, 0, 
    0, 0, 4, 187, 1, 0, 1, 2, 201, 0), dim = c(5L, 3L), dimnames = list(
        c("-3", "-2", "-1", "0", "1"), c("-", "A", "T"))), LR40_SNP1 = structure(c(3, 
    615, 0, 0, 0, 0), dim = 3:2, dimnames = list(c("-1", "0", 
    "1"), c("C", "G"))), LR44_SNP1 = structure(c(0, 0, 0, 0, 
    0, 0, 0, 0, 5, 309, 2, 1, 0, 0, 17, 324, 0, 0), dim = c(6L, 
    3L), dimnames = list(c("-3", "-2", "-1", "0", "1", "2"), 
        c("A", "C", "T"))), LR46_SNP1 = structure(c(0, 0, 0, 
    0, 0, 0, 2, 465, 2, 0, 1, 0), dim = 3:4, dimnames = list(
        c("-1", "0", "1"), c("A", "C", "G", "T"))), LR48_SNP1 = structure(c(0, 
    0, 15, 411, 4, 0, 0, 0, 1, 0), dim = c(5L, 2L), dimnames = list(
        c("-3", "-2", "-1", "0", "1"), c("C", "T"))), LR49_SNP1 = structure(c(5, 
    498, 0, 0, 5, 0, 0, 0, 0), dim = c(3L, 3L), dimnames = list(
        c("-1", "0", "1"), c("A", "G", "T"))), LR52_SNP1 = structure(c(0, 
    5, 44, 390, 9, 0, 0, 0, 0, 3, 0, 0), dim = c(6L, 2L), dimnames = list(
        c("-3", "-2", "-1", "0", "1", "2"), c("C", "T"))))
