Result <-
list(DEPDC2_SNP1 = structure(c(0, 0, 0, 0, 0, 1, 429, 1, 0, 2, 
447, 0), dim = 4:3, dimnames = list(c("-2", "-1", "0", "1"), 
    c("A", "C", "T"))), GM01_SNP1 = structure(c(0, 0, 414, 1, 
0, 2, 443, 0), dim = c(4L, 2L), dimnames = list(c("-2", "-1", 
"0", "1"), c("A", "G"))), GM07_SNP1 = structure(c(0, 0, 0, 0, 
0, 0, 5, 268, 2, 0, 0, 6, 265, 0, 0, 0, 0, 0, 0, 0), dim = 5:4, dimnames = list(
    c("-2", "-1", "0", "1", "2"), c("-", "A", "G", "T"))), GM09_SNP1 = structure(c(1, 
394, 0, 0, 349, 0), dim = 3:2, dimnames = list(c("-1", "0", "1"
), c("A", "G"))), GM11_SNP1 = structure(c(0, 0, 718, 0, 0, 0, 
2, 0), dim = c(4L, 2L), dimnames = list(c("-2", "-1", "0", "1"
), c("A", "G"))), GM14_SNP1 = structure(c(0, 3, 420, 1, 0, 0, 
1, 0), dim = c(4L, 2L), dimnames = list(c("-2", "-1", "0", "1"
), c("C", "T"))), GM17_SNP1 = structure(c(0, 3, 589, 1, 0, 0, 
1, 0), dim = c(4L, 2L), dimnames = list(c("-2", "-1", "0", "1"
), c("C", "T"))), GM22_SNP1 = structure(c(0, 0, 345, 0, 0, 2, 
303, 0), dim = c(4L, 2L), dimnames = list(c("-2", "-1", "0", 
"1"), c("A", "G"))), GM26_SNP1 = structure(c(0, 0, 261, 0, 0, 
0, 266, 0), dim = c(4L, 2L), dimnames = list(c("-2", "-1", "0", 
"1"), c("A", "G"))), GM29_SNP1 = structure(c(0, 0, 245, 0, 0, 
0, 278, 1), dim = c(4L, 2L), dimnames = list(c("-3", "-1", "0", 
"1"), c("A", "G"))), IM16_SNP1 = structure(c(0, 0, 4, 0, 0, 0, 
1, 699, 0, 0), dim = c(5L, 2L), dimnames = list(c("-2", "-1", 
"0", "1", "2"), c("A", "G"))), IM49_SNP1 = structure(c(0, 2, 
365, 2, 0, 0, 0, 287, 0, 0, 0, 0, 1, 0, 0), dim = c(5L, 3L), dimnames = list(
    c("-2", "-1", "0", "1", "2"), c("C", "G", "T"))), LR10_SNP1 = structure(c(0, 
0, 0, 0, 0, 2, 290, 0, 0, 1, 267, 2), dim = 4:3, dimnames = list(
    c("-2", "-1", "0", "1"), c("A", "C", "T"))), LR11_SNP1 = structure(c(0, 
0, 0, 0, 0, 1, 353, 0, 0, 1, 281, 1), dim = 4:3, dimnames = list(
    c("-2", "-1", "0", "1"), c("-", "A", "C"))), LR17_SNP1 = structure(c(0, 
1, 388, 1), dim = c(4L, 1L), dimnames = list(c("-2", "-1", "0", 
"1"), "A")), LR20_SNP1 = structure(c(0, 0, 0, 1, 362, 0, 0, 358, 
0), dim = c(3L, 3L), dimnames = list(c("-1", "0", "1"), c("-", 
"A", "G"))), LR24_SNP1 = structure(c(0, 0, 0, 0, 443, 0, 2, 466, 
0), dim = c(3L, 3L), dimnames = list(c("-1", "0", "1"), c("-", 
"A", "G"))), LR36_SNP1 = structure(c(0, 0, 2, 493, 1, 0, 0, 0, 
1, 0), dim = c(5L, 2L), dimnames = list(c("-3", "-2", "-1", "0", 
"1"), c("A", "T"))), LR40_SNP1 = structure(c(0, 0, 0, 0, 691, 
0), dim = 3:2, dimnames = list(c("-1", "0", "1"), c("A", "C"))), 
    LR44_SNP1 = structure(c(0, 14, 783, 1, 1, 0, 0, 3, 0, 0), dim = c(5L, 
    2L), dimnames = list(c("-2", "-1", "0", "1", "2"), c("C", 
    "T"))), LR46_SNP1 = structure(c(0, 453, 0, 0, 3, 0), dim = 3:2, dimnames = list(
        c("-1", "0", "1"), c("G", "T"))), LR48_SNP1 = structure(c(0, 
    0, 235, 0, 0, 0, 0, 0, 0, 0, 0, 1, 229, 2, 0), dim = c(5L, 
    3L), dimnames = list(c("-2", "-1", "0", "1", "2"), c("C", 
    "G", "T"))), LR49_SNP1 = structure(c(0, 1, 0, 0, 482, 0), dim = 3:2, dimnames = list(
        c("-1", "0", "1"), c("A", "G"))), LR52_SNP1 = structure(c(0, 
    0, 0, 0, 0, 0, 1, 5, 211, 2, 1, 0, 5, 303, 1), dim = c(5L, 
    3L), dimnames = list(c("-3", "-2", "-1", "0", "1"), c("A", 
    "C", "T"))))
