Result <-
list(DEPDC2_SNP1 = structure(c(3, 436, 1, 0, 0, 8, 0, 0), dim = c(4L, 
2L), dimnames = list(c("-1", "0", "1", "2"), c("C", "T"))), GM01_SNP1 = structure(c(0, 
0, 0, 0, 2, 470, 2, 0, 0, 9, 0, 0, 0, 0, 0, 0), dim = c(4L, 4L
), dimnames = list(c("-1", "0", "1", "2"), c("-", "A", "G", "T"
))), GM07_SNP1 = structure(c(0, 0, 159, 0, 0, 0, 4, 139, 1, 0
), dim = c(5L, 2L), dimnames = list(c("-2", "-1", "0", "1", "2"
), c("A", "G"))), GM09_SNP1 = structure(c(0, 195, 0, 0, 0, 0, 
0, 157, 0, 0, 0, 0), dim = 3:4, dimnames = list(c("-1", "0", 
"1"), c("A", "C", "G", "T"))), GM11_SNP1 = structure(c(0, 372, 
0, 0, 7, 0), dim = 3:2, dimnames = list(c("-1", "0", "1"), c("A", 
"G"))), GM14_SNP1 = structure(c(0, 0, 0, 117, 0, 0, 0, 0, 101, 
0), dim = c(5L, 2L), dimnames = list(c("-4", "-2", "-1", "0", 
"1"), c("C", "T"))), GM17_SNP1 = structure(c(0, 301, 0, 1, 3, 
0), dim = 3:2, dimnames = list(c("-1", "0", "1"), c("C", "T"))), 
    GM22_SNP1 = structure(c(0, 0, 197, 0, 0, 0, 214, 0), dim = c(4L, 
    2L), dimnames = list(c("-2", "-1", "0", "1"), c("A", "G"))), 
    GM26_SNP1 = structure(c(0, 160, 1, 0, 148, 0, 0, 0, 0), dim = c(3L, 
    3L), dimnames = list(c("-1", "0", "1"), c("A", "G", "T"))), 
    GM29_SNP1 = structure(c(0, 274, 0, 0, 3, 0, 0, 0, 0), dim = c(3L, 
    3L), dimnames = list(c("-1", "0", "1"), c("A", "G", "T"))), 
    IM16_SNP1 = structure(c(0, 6, 0, 0, 1, 368, 3, 0, 0, 0, 0, 
    0), dim = 4:3, dimnames = list(c("-1", "0", "1", "2"), c("A", 
    "G", "T"))), IM49_SNP1 = structure(c(0, 1, 1, 242, 0, 0, 
    0, 0, 156, 1), dim = c(5L, 2L), dimnames = list(c("-3", "-2", 
    "-1", "0", "1"), c("C", "G"))), LR10_SNP1 = structure(c(0, 
    0, 140, 0, 0, 0, 0, 0, 0, 0, 133, 0), dim = 4:3, dimnames = list(
        c("-2", "-1", "0", "1"), c("C", "G", "T"))), LR11_SNP1 = structure(c(0, 
    0, 0, 0, 0, 1, 265, 1, 0, 0, 0, 0), dim = 4:3, dimnames = list(
        c("-2", "-1", "0", "1"), c("A", "C", "T"))), LR17_SNP1 = structure(c(0, 
    1, 104, 0), dim = c(4L, 1L), dimnames = list(c("-2", "-1", 
    "0", "1"), "A")), LR20_SNP1 = structure(c(0, 206, 0, 0, 1, 
    181, 0, 0), dim = c(4L, 2L), dimnames = list(c("-1", "0", 
    "1", "2"), c("A", "G"))), LR24_SNP1 = structure(c(1, 459, 
    0, 0, 4, 0), dim = 3:2, dimnames = list(c("-1", "0", "1"), 
        c("A", "G"))), LR36_SNP1 = structure(c(0, 0, 116, 0, 
    0, 0, 0, 0, 0, 0, 121, 0), dim = 4:3, dimnames = list(c("-2", 
    "-1", "0", "1"), c("A", "G", "T"))), LR40_SNP1 = structure(c(0, 
    0, 0, 0, 0, 3, 361, 0), dim = c(4L, 2L), dimnames = list(
        c("-2", "-1", "0", "1"), c("A", "C"))), LR44_SNP1 = structure(c(0, 
    0, 0, 0, 0, 6, 199, 1, 0, 3, 227, 3), dim = 4:3, dimnames = list(
        c("-2", "-1", "0", "1"), c("A", "C", "T"))), LR46_SNP1 = structure(c(0, 
    0, 0, 0, 131, 3, 0, 105, 0), dim = c(3L, 3L), dimnames = list(
        c("-1", "0", "1"), c("-", "G", "T"))), LR48_SNP1 = structure(c(0, 
    1, 132, 0, 0, 0, 0, 101, 1, 0), dim = c(5L, 2L), dimnames = list(
        c("-2", "-1", "0", "1", "2"), c("C", "T"))), LR49_SNP1 = structure(c(0, 
    132, 0, 135), dim = c(2L, 2L), dimnames = list(c("-1", "0"
    ), c("A", "G"))), LR52_SNP1 = structure(c(1, 1, 7, 233, 1, 
    0, 0, 1, 2, 0), dim = c(5L, 2L), dimnames = list(c("-3", 
    "-2", "-1", "0", "1"), c("C", "T"))))
