Result <-
list(DEPDC2_SNP1 = structure(c(0, 1, 0, 2, 626, 1, 0, 1, 0), dim = c(3L, 
3L), dimnames = list(c("-1", "0", "1"), c("A", "C", "T"))), GM01_SNP1 = structure(c(0, 
0, 0, 0, 0, 3, 623, 1, 0, 0, 1, 0, 0, 0, 0, 0), dim = c(4L, 4L
), dimnames = list(c("-2", "-1", "0", "1"), c("-", "A", "G", 
"T"))), GM07_SNP1 = structure(c(0, 0, 3, 221, 2, 0, 0, 0, 1, 
197, 1, 0), dim = c(6L, 2L), dimnames = list(c("-3", "-2", "-1", 
"0", "1", "2"), c("A", "G"))), GM09_SNP1 = structure(c(0, 331, 
0, 1, 280, 0), dim = 3:2, dimnames = list(c("-1", "0", "1"), 
    c("A", "G"))), GM11_SNP1 = structure(c(0, 0, 263, 0, 0, 0, 
275, 0, 0, 0, 0, 0), dim = 4:3, dimnames = list(c("-2", "-1", 
"0", "1"), c("A", "G", "T"))), GM14_SNP1 = structure(c(0, 0, 
142, 0, 0, 0, 1, 148, 0, 0), dim = c(5L, 2L), dimnames = list(
    c("-2", "-1", "0", "1", "2"), c("C", "T"))), GM17_SNP1 = structure(c(2, 
444, 0, 0, 1, 0), dim = 3:2, dimnames = list(c("-1", "0", "1"
), c("C", "T"))), GM22_SNP1 = structure(c(0, 0, 2, 0, 0, 0, 0, 
0, 0, 2, 489, 0), dim = 4:3, dimnames = list(c("-2", "-1", "0", 
"1"), c("A", "C", "G"))), GM26_SNP1 = structure(c(0, 209, 0, 
0, 0, 220, 0, 0), dim = c(4L, 2L), dimnames = list(c("-1", "0", 
"1", "2"), c("A", "G"))), GM29_SNP1 = structure(c(0, 0, 415, 
1), dim = c(4L, 1L), dimnames = list(c("-2", "-1", "0", "1"), 
    "G")), IM16_SNP1 = structure(c(2, 568, 3, 0, 2, 0), dim = 3:2, dimnames = list(
    c("-1", "0", "1"), c("A", "G"))), IM49_SNP1 = structure(c(0, 
1, 332, 2, 0, 0, 0, 1, 0, 0), dim = c(5L, 2L), dimnames = list(
    c("-2", "-1", "0", "1", "2"), c("C", "G"))), LR10_SNP1 = structure(c(1, 
1, 0, 2, 414, 0), dim = 3:2, dimnames = list(c("-1", "0", "1"
), c("C", "T"))), LR11_SNP1 = structure(c(0, 1, 2, 0, 0, 0, 3, 
399, 0, 0), dim = c(5L, 2L), dimnames = list(c("-2", "-1", "0", 
"1", "2"), c("A", "C"))), LR17_SNP1 = structure(c(0, 2, 304, 
0, 0, 0, 0, 0, 0, 0, 0, 0, 0, 0, 0), dim = c(5L, 3L), dimnames = list(
    c("-2", "-1", "0", "1", "2"), c("A", "C", "T"))), LR20_SNP1 = structure(c(0, 
294, 0, 0, 0, 290, 1, 0), dim = c(4L, 2L), dimnames = list(c("-1", 
"0", "1", "2"), c("A", "G"))), LR24_SNP1 = structure(c(0, 0, 
401, 1, 0, 0, 427, 2), dim = c(4L, 2L), dimnames = list(c("-2", 
"-1", "0", "1"), c("A", "G"))), LR36_SNP1 = structure(c(0, 0, 
1, 2, 180, 1, 0, 0, 0, 0, 188, 0), dim = c(6L, 2L), dimnames = list(
    c("-4", "-3", "-2", "-1", "0", "1"), c("A", "T"))), LR40_SNP1 = structure(c(0, 
0, 0, 0, 0, 1, 532, 0), dim = c(4L, 2L), dimnames = list(c("-2", 
"-1", "0", "1"), c("A", "C"))), LR44_SNP1 = structure(c(0, 0, 
4, 221, 2, 0, 0, 1, 10, 263, 0, 0), dim = c(6L, 2L), dimnames = list(
    c("-3", "-2", "-1", "0", "1", "2"), c("C", "T"))), LR46_SNP1 = structure(c(0, 
0, 218, 1, 0, 0, 237, 0), dim = c(4L, 2L), dimnames = list(c("-2", 
"-1", "0", "1"), c("G", "T"))), LR48_SNP1 = structure(c(0, 0, 
0, 2, 151, 0, 1, 163, 0), dim = c(3L, 3L), dimnames = list(c("-1", 
"0", "1"), c("A", "C", "T"))), LR49_SNP1 = structure(c(0, 3, 
0, 0, 557, 0, 0, 0, 0), dim = c(3L, 3L), dimnames = list(c("-1", 
"0", "1"), c("A", "G", "T"))), LR52_SNP1 = structure(c(0, 0, 
0, 0, 0, 0, 0, 0, 0, 0, 0, 0, 18, 324, 2, 0, 0, 0, 2, 0), dim = 5:4, dimnames = list(
    c("-3", "-2", "-1", "0", "1"), c("-", "A", "C", "T"))))
