Result <-
list(DEPDC2_SNP1 = structure(c(3, 885, 2, 1, 22, 0), dim = 3:2, dimnames = list(
    c("-1", "0", "1"), c("C", "T"))), GM01_SNP1 = structure(c(2, 
166, 0, 1, 205, 0), dim = 3:2, dimnames = list(c("-1", "0", "1"
), c("A", "G"))), GM07_SNP1 = structure(c(0, 0, 7, 0, 0, 1, 24, 
257, 4, 1, 0, 0, 0, 0, 0), dim = c(5L, 3L), dimnames = list(c("-2", 
"-1", "0", "1", "2"), c("A", "G", "T"))), GM09_SNP1 = structure(c(25, 
180, 5, 1, 19, 0, 0, 0, 0), dim = c(3L, 3L), dimnames = list(
    c("-1", "0", "1"), c("A", "G", "T"))), GM11_SNP1 = structure(c(0, 
229, 0, 0, 3, 0), dim = 3:2, dimnames = list(c("-1", "0", "1"
), c("A", "G"))), GM14_SNP1 = structure(c(0, 3, 458, 1, 0, 3, 
9, 1), dim = c(4L, 2L), dimnames = list(c("-2", "-1", "0", "1"
), c("C", "T"))), GM17_SNP1 = structure(c(1, 177, 0, 1, 186, 
0), dim = 3:2, dimnames = list(c("-1", "0", "1"), c("C", "T"))), 
    GM22_SNP1 = structure(c(0, 0, 159, 1, 0, 0, 0, 112, 1, 0), dim = c(5L, 
    2L), dimnames = list(c("-2", "-1", "0", "1", "2"), c("A", 
    "G"))), GM26_SNP1 = structure(c(0, 105, 0, 0, 95, 0, 1, 0, 
    0), dim = c(3L, 3L), dimnames = list(c("-1", "0", "1"), c("A", 
    "G", "T"))), GM29_SNP1 = structure(c(0, 0, 1, 149, 1, 0, 
    0, 1, 123, 0), dim = c(5L, 2L), dimnames = list(c("-4", "-2", 
    "-1", "0", "1"), c("A", "G"))), IM16_SNP1 = structure(c(0, 
    7, 0, 0, 2, 304, 3, 0), dim = c(4L, 2L), dimnames = list(
        c("-1", "0", "1", "2"), c("A", "G"))), IM49_SNP1 = structure(c(0, 
    0, 0, 0, 0, 0, 0, 0, 0, 0, 0, 0, 0, 0, 1, 10, 0, 0, 0, 0, 
    33, 723, 9, 0, 0, 0, 0, 0, 0, 0), dim = 6:5, dimnames = list(
        c("-3", "-2", "-1", "0", "1", "2"), c("-", "A", "C", 
        "G", "T"))), LR10_SNP1 = structure(c(0, 0, 10, 0, 0, 
    1, 297, 1), dim = c(4L, 2L), dimnames = list(c("-3", "-1", 
    "0", "1"), c("C", "T"))), LR11_SNP1 = structure(c(0, 0, 0, 
    0, 0, 3, 353, 0, 0, 0, 8, 1), dim = 4:3, dimnames = list(
        c("-2", "-1", "0", "1"), c("-", "A", "C"))), LR17_SNP1 = structure(c(0, 
    5, 307, 4, 0, 0, 0, 0, 0, 0), dim = c(5L, 2L), dimnames = list(
        c("-2", "-1", "0", "1", "2"), c("A", "G"))), LR20_SNP1 = structure(c(0, 
    13, 0, 1, 332, 0, 0, 1, 0), dim = c(3L, 3L), dimnames = list(
        c("-1", "0", "1"), c("A", "G", "T"))), LR24_SNP1 = structure(c(4, 
    1175, 2, 1, 14, 0, 0, 0, 0), dim = c(3L, 3L), dimnames = list(
        c("-1", "0", "1"), c("A", "G", "T"))), LR36_SNP1 = structure(c(0, 
    0, 0, 0, 0, 0, 0, 0, 6, 285, 1, 0, 0, 0, 0, 0, 0, 0, 0, 0, 
    0, 221, 2, 0), dim = c(6L, 4L), dimnames = list(c("-3", "-2", 
    "-1", "0", "1", "2"), c("-", "A", "G", "T"))), LR40_SNP1 = structure(c(0, 
    237, 0), dim = c(3L, 1L), dimnames = list(c("-1", "0", "1"
    ), "C")), LR44_SNP1 = structure(c(0, 0, 0, 0, 0, 0, 3, 151, 
    0, 0, 0, 4, 175, 2, 0), dim = c(5L, 3L), dimnames = list(
        c("-2", "-1", "0", "1", "2"), c("A", "C", "T"))), LR46_SNP1 = structure(c(2, 
    205, 0, 1, 6, 0), dim = 3:2, dimnames = list(c("-1", "0", 
    "1"), c("G", "T"))), LR48_SNP1 = structure(c(0, 4, 165, 2, 
    0, 0, 0, 2, 1, 0), dim = c(5L, 2L), dimnames = list(c("-2", 
    "-1", "0", "1", "2"), c("C", "T"))), LR49_SNP1 = structure(c(1, 
    10, 2, 479), dim = c(2L, 2L), dimnames = list(c("-1", "0"
    ), c("A", "G"))), LR52_SNP1 = structure(c(1, 0, 7, 82, 2, 
    0, 0, 1, 1, 100, 5, 0), dim = c(6L, 2L), dimnames = list(
        c("-3", "-2", "-1", "0", "1", "2"), c("C", "T"))))
