Result <-
list(DEPDC2_SNP1 = structure(c(0, 3, 0, 2, 423, 1), dim = 3:2, dimnames = list(
    c("-1", "0", "1"), c("C", "T"))), GM01_SNP1 = structure(c(3, 
892, 0, 0, 1, 0), dim = 3:2, dimnames = list(c("-1", "0", "1"
), c("A", "G"))), GM07_SNP1 = structure(c(0, 5, 442, 3, 0, 0, 
13, 562, 3, 0), dim = c(5L, 2L), dimnames = list(c("-2", "-1", 
"0", "1", "2"), c("A", "G"))), GM09_SNP1 = structure(c(1, 1525, 
0, 0, 9, 0, 0, 0, 0), dim = c(3L, 3L), dimnames = list(c("-1", 
"0", "1"), c("A", "G", "T"))), GM11_SNP1 = structure(c(0, 246, 
0, 1, 144, 2), dim = 3:2, dimnames = list(c("-1", "0", "1"), 
    c("A", "G"))), GM14_SNP1 = structure(c(0, 0, 8, 928, 2, 0, 
0, 0, 0, 2, 0, 0), dim = c(6L, 2L), dimnames = list(c("-3", "-2", 
"-1", "0", "1", "2"), c("C", "T"))), GM17_SNP1 = structure(c(0, 
1, 1254, 0, 0, 0, 10, 0), dim = c(4L, 2L), dimnames = list(c("-2", 
"-1", "0", "1"), c("C", "T"))), GM22_SNP1 = structure(c(0, 0, 
225, 0, 1, 2, 132, 0, 0, 0, 0, 0), dim = 4:3, dimnames = list(
    c("-2", "-1", "0", "1"), c("A", "G", "T"))), GM26_SNP1 = structure(c(0, 
115, 0, 0, 50, 0), dim = 3:2, dimnames = list(c("-1", "0", "1"
), c("A", "G"))), GM29_SNP1 = structure(c(0, 0, 2, 0, 0, 3, 492, 
0), dim = c(4L, 2L), dimnames = list(c("-2", "-1", "0", "1"), 
    c("A", "G"))), IM16_SNP1 = structure(c(4, 400, 4, 0, 0, 8, 
0, 0, 0, 0, 0, 0), dim = 4:3, dimnames = list(c("-1", "0", "1", 
"2"), c("A", "G", "T"))), IM49_SNP1 = structure(c(0, 0, 4, 0, 
0, 2, 28, 1830, 12, 0), dim = c(5L, 2L), dimnames = list(c("-2", 
"-1", "0", "1", "2"), c("C", "G"))), LR10_SNP1 = structure(c(0, 
0, 6, 0, 0, 2, 1009, 1), dim = c(4L, 2L), dimnames = list(c("-2", 
"-1", "0", "1"), c("C", "T"))), LR11_SNP1 = structure(c(0, 0, 
3, 0, 0, 0, 11, 734, 1, 1), dim = c(5L, 2L), dimnames = list(
    c("-2", "-1", "0", "1", "2"), c("A", "C"))), LR17_SNP1 = structure(c(0, 
11, 964, 6, 0, 0, 0, 0, 0, 0), dim = c(5L, 2L), dimnames = list(
    c("-2", "-1", "0", "1", "2"), c("A", "G"))), LR20_SNP1 = structure(c(0, 
790, 0, 0, 4, 0), dim = 3:2, dimnames = list(c("-1", "0", "1"
), c("A", "G"))), LR24_SNP1 = structure(c(0, 1, 1715, 0, 0, 0, 
10, 0, 0, 0, 0, 0), dim = 4:3, dimnames = list(c("-2", "-1", 
"0", "1"), c("A", "G", "T"))), LR36_SNP1 = structure(c(0, 0, 
0, 0, 0, 0, 0, 1, 591, 3, 0, 0, 0, 0, 0, 0, 1, 3, 360, 1), dim = 5:4, dimnames = list(
    c("-4", "-2", "-1", "0", "1"), c("-", "A", "G", "T"))), LR40_SNP1 = structure(c(0, 
3, 450, 1), dim = c(4L, 1L), dimnames = list(c("-2", "-1", "0", 
"1"), "C")), LR44_SNP1 = structure(c(0, 0, 1, 0, 0, 3, 185, 0, 
0, 1, 3, 0), dim = 4:3, dimnames = list(c("-2", "-1", "0", "1"
), c("A", "C", "T"))), LR46_SNP1 = structure(c(0, 0, 0, 0, 0, 
0, 0, 8, 0, 1, 549, 0), dim = 3:4, dimnames = list(c("-1", "0", 
"1"), c("A", "C", "G", "T"))), LR48_SNP1 = structure(c(1, 3, 
318, 2, 0, 3, 160, 0), dim = c(4L, 2L), dimnames = list(c("-2", 
"-1", "0", "1"), c("C", "T"))), LR49_SNP1 = structure(c(0, 12, 
0, 1, 641, 0), dim = 3:2, dimnames = list(c("-1", "0", "1"), 
    c("A", "G"))), LR52_SNP1 = structure(c(0, 2, 91, 0, 0, 0, 
54, 1), dim = c(4L, 2L), dimnames = list(c("-2", "-1", "0", "1"
), c("C", "T"))))
