Result <-
list(DEPDC2_SNP1 = structure(c(0, 0, 0, 0, 0, 3, 4, 0, 0, 5, 
1123, 1), dim = 4:3, dimnames = list(c("-2", "-1", "0", "1"), 
    c("A", "C", "T"))), GM01_SNP1 = structure(c(0, 5, 189, 0, 
0, 0, 142, 1, 0, 0, 0, 0), dim = 4:3, dimnames = list(c("-2", 
"-1", "0", "1"), c("A", "G", "T"))), GM07_SNP1 = structure(c(1, 
4, 148, 3, 0, 0, 2, 178, 0, 0, 0, 0, 0, 0, 0), dim = c(5L, 3L
), dimnames = list(c("-2", "-1", "0", "1", "2"), c("A", "G", 
"T"))), GM09_SNP1 = structure(c(21, 127, 4, 0, 0, 0, 14, 120, 
2, 0, 0, 0), dim = 3:4, dimnames = list(c("-1", "0", "1"), c("A", 
"C", "G", "T"))), GM11_SNP1 = structure(c(0, 115, 0, 0, 101, 
1), dim = 3:2, dimnames = list(c("-1", "0", "1"), c("A", "G"))), 
    GM14_SNP1 = structure(c(0, 0, 1, 240, 0, 1, 0, 0, 3, 176, 
    2, 0), dim = c(6L, 2L), dimnames = list(c("-3", "-2", "-1", 
    "0", "1", "2"), c("C", "T"))), GM17_SNP1 = structure(c(0, 
    0, 4, 0, 0, 1, 320, 0), dim = c(4L, 2L), dimnames = list(
        c("-3", "-1", "0", "1"), c("C", "T"))), GM22_SNP1 = structure(c(0, 
    3, 343, 2, 0, 0, 0, 2, 0, 0), dim = c(5L, 2L), dimnames = list(
        c("-2", "-1", "0", "1", "2"), c("A", "G"))), GM26_SNP1 = structure(c(0, 
    4, 246, 0, 0, 0, 1, 0), dim = c(4L, 2L), dimnames = list(
        c("-2", "-1", "0", "1"), c("A", "G"))), GM29_SNP1 = structure(c(0, 
    0, 223, 1, 0, 0, 1, 0), dim = c(4L, 2L), dimnames = list(
        c("-2", "-1", "0", "1"), c("A", "G"))), IM16_SNP1 = structure(c(0, 
    94, 1, 0, 0, 141, 2, 0), dim = c(4L, 2L), dimnames = list(
        c("-1", "0", "1", "2"), c("A", "G"))), IM49_SNP1 = structure(c(0, 
    11, 353, 0, 0, 0, 0, 0, 1, 0, 0, 0, 0, 0, 0), dim = c(5L, 
    3L), dimnames = list(c("-2", "-1", "0", "1", "2"), c("C", 
    "G", "T"))), LR10_SNP1 = structure(c(0, 0, 0, 0, 0, 1, 131, 
    0, 0, 1, 168, 0), dim = 4:3, dimnames = list(c("-2", "-1", 
    "0", "1"), c("A", "C", "T"))), LR11_SNP1 = structure(c(0, 
    1, 5, 0, 0, 0, 208, 0), dim = c(4L, 2L), dimnames = list(
        c("-2", "-1", "0", "1"), c("A", "C"))), LR17_SNP1 = structure(c(0, 
    5, 220, 1, 0), dim = c(5L, 1L), dimnames = list(c("-2", "-1", 
    "0", "1", "2"), "A")), LR20_SNP1 = structure(c(0, 155, 0, 
    0, 159, 0), dim = 3:2, dimnames = list(c("-1", "0", "1"), 
        c("A", "G"))), LR24_SNP1 = structure(c(0, 0, 553, 1, 
    0, 3, 480, 0, 0, 0, 0, 0), dim = 4:3, dimnames = list(c("-2", 
    "-1", "0", "1"), c("A", "G", "T"))), LR36_SNP1 = structure(c(0, 
    0, 0, 5, 0, 0, 0, 0, 0, 0, 0, 0, 0, 0, 0, 1, 0, 0, 0, 0, 
    0, 320, 1, 0), dim = c(6L, 4L), dimnames = list(c("-3", "-2", 
    "-1", "0", "1", "2"), c("A", "C", "G", "T"))), LR40_SNP1 = structure(c(0, 
    0, 1, 0, 0, 3, 252, 0), dim = c(4L, 2L), dimnames = list(
        c("-2", "-1", "0", "1"), c("A", "C"))), LR44_SNP1 = structure(c(0, 
    0, 0, 0, 0, 0, 0, 0, 7, 164, 0, 0, 0, 0, 9, 171, 1, 0), dim = c(6L, 
    3L), dimnames = list(c("-3", "-2", "-1", "0", "1", "4"), 
        c("A", "C", "T"))), LR46_SNP1 = structure(c(0, 5, 1, 
    0, 281, 0), dim = 3:2, dimnames = list(c("-1", "0", "1"), 
        c("G", "T"))), LR48_SNP1 = structure(c(1, 5, 212, 1), dim = c(4L, 
    1L), dimnames = list(c("-2", "-1", "0", "1"), "C")), LR49_SNP1 = structure(c(0, 
    0, 0, 0, 360, 0, 0, 6, 0, 0, 0, 0), dim = 3:4, dimnames = list(
        c("-1", "0", "1"), c("-", "A", "G", "T"))), LR52_SNP1 = structure(c(0, 
    0, 0, 0, 0, 0, 0, 6, 131, 0, 0, 0, 0, 1, 0), dim = c(5L, 
    3L), dimnames = list(c("-3", "-2", "-1", "0", "1"), c("A", 
    "C", "T"))))
