Result <-
list(DEPDC2_SNP1 = structure(c(0, 0, 0, 1, 161, 0, 2, 336, 4), dim = c(3L, 
3L), dimnames = list(c("-1", "0", "1"), c("A", "C", "T"))), GM01_SNP1 = structure(c(0, 
73, 0, 0, 0, 0, 13, 77, 0), dim = c(3L, 3L), dimnames = list(
    c("-1", "0", "1"), c("A", "C", "G"))), GM07_SNP1 = structure(c(1, 
51, 38, 1, 0, 1, 11, 48, 1, 0, 0, 0, 1, 0, 0, 0, 0, 1, 0, 0), dim = 5:4, dimnames = list(
    c("-2", "-1", "0", "1", "2"), c("A", "G", "N", "T"))), GM09_SNP1 = structure(c(0, 
9, 246, 0, 0, 0, 40, 0, 0, 0, 0, 0), dim = 4:3, dimnames = list(
    c("-2", "-1", "0", "1"), c("A", "G", "T"))), GM11_SNP1 = structure(c(0, 
34, 0, 1, 22, 0, 0, 0, 0), dim = c(3L, 3L), dimnames = list(c("-1", 
"0", "1"), c("A", "G", "T"))), GM14_SNP1 = structure(c(0, 4, 
152, 9, 0, 0, 1, 39, 1, 0), dim = c(5L, 2L), dimnames = list(
    c("-2", "-1", "0", "1", "2"), c("C", "T"))), GM17_SNP1 = structure(c(0, 
8, 229, 1, 0, 0, 16, 0), dim = c(4L, 2L), dimnames = list(c("-2", 
"-1", "0", "1"), c("C", "T"))), GM22_SNP1 = structure(c(0, 109, 
1, 3, 19, 0, 0, 0, 0), dim = c(3L, 3L), dimnames = list(c("-1", 
"0", "1"), c("A", "G", "T"))), GM26_SNP1 = structure(c(4, 65, 
0, 0, 22, 0), dim = 3:2, dimnames = list(c("-1", "0", "1"), c("A", 
"G"))), GM29_SNP1 = structure(c(0, 8, 107, 0, 0, 0, 25, 0, 0, 
0, 0, 0), dim = 4:3, dimnames = list(c("-2", "-1", "0", "1"), 
    c("A", "G", "T"))), IM16_SNP1 = structure(c(4, 16, 0, 1, 
69, 0), dim = 3:2, dimnames = list(c("-1", "0", "1"), c("A", 
"G"))), IM49_SNP1 = structure(c(0, 0, 0, 0, 0, 0, 0, 0, 55, 181, 
4, 0, 0, 1, 29, 99, 13, 2, 0, 0, 0, 0, 0, 0), dim = c(6L, 4L), dimnames = list(
    c("-3", "-2", "-1", "0", "1", "2"), c("A", "C", "G", "T"))), 
    LR10_SNP1 = structure(c(0, 3, 32, 0, 0, 22, 44, 1), dim = c(4L, 
    2L), dimnames = list(c("-2", "-1", "0", "1"), c("C", "T"))), 
    LR11_SNP1 = structure(c(0, 6, 27, 1, 0, 0, 24, 49, 1, 0), dim = c(5L, 
    2L), dimnames = list(c("-2", "-1", "0", "1", "2"), c("A", 
    "C"))), LR17_SNP1 = structure(c(0, 1, 27, 140, 2, 0, 0, 0, 
    0, 0), dim = c(5L, 2L), dimnames = list(c("-3", "-2", "-1", 
    "0", "1"), c("A", "G"))), LR20_SNP1 = structure(c(3, 68, 
    0, 3, 54, 0), dim = 3:2, dimnames = list(c("-1", "0", "1"
    ), c("A", "G"))), LR24_SNP1 = structure(c(11, 26, 404, 0, 
    0, 0, 5, 0, 0, 0, 0, 0), dim = 4:3, dimnames = list(c("-2", 
    "-1", "0", "1"), c("A", "G", "T"))), LR36_SNP1 = structure(c(0, 
    0, 0, 13, 73, 0, 0, 0, 0, 1, 12, 111, 9, 0), dim = c(7L, 
    2L), dimnames = list(c("-4", "-3", "-2", "-1", "0", "1", 
    "2"), c("A", "T"))), LR40_SNP1 = structure(c(0, 0, 6, 0, 
    0, 1, 58, 0), dim = c(4L, 2L), dimnames = list(c("-5", "-1", 
    "0", "1"), c("A", "C"))), LR44_SNP1 = structure(c(0, 0, 10, 
    40, 79, 0, 0, 0, 4, 1, 14, 0), dim = c(6L, 2L), dimnames = list(
        c("-5", "-3", "-2", "-1", "0", "1"), c("C", "T"))), LR46_SNP1 = structure(c(1, 
    72, 0, 8, 56, 1), dim = 3:2, dimnames = list(c("-1", "0", 
    "1"), c("G", "T"))), LR48_SNP1 = structure(c(0, 5, 32, 0, 
    0, 6, 37, 0), dim = c(4L, 2L), dimnames = list(c("-2", "-1", 
    "0", "1"), c("C", "T"))), LR49_SNP1 = structure(c(2, 73, 
    0, 2, 111, 0), dim = 3:2, dimnames = list(c("-1", "0", "1"
    ), c("A", "G"))), LR52_SNP1 = structure(c(11, 0, 11, 10, 
    0, 0, 0, 4, 41, 0), dim = c(5L, 2L), dimnames = list(c("-3", 
    "-2", "-1", "0", "1"), c("C", "T"))))
