Result <-
list(DEPDC2_SNP1 = structure(c(0, 0, 2, 0, 0, 3, 960, 3), dim = c(4L, 
2L), dimnames = list(c("-2", "-1", "0", "1"), c("C", "T"))), 
    GM01_SNP1 = structure(c(0, 1, 495, 1, 0, 3, 472, 1), dim = c(4L, 
    2L), dimnames = list(c("-2", "-1", "0", "1"), c("A", "G"))), 
    GM07_SNP1 = structure(c(1, 12, 334, 9, 0, 1, 5, 290, 5, 0
    ), dim = c(5L, 2L), dimnames = list(c("-2", "-1", "0", "1", 
    "2"), c("A", "G"))), GM09_SNP1 = structure(c(0, 4, 0, 6, 
    1353, 0, 0, 0, 0), dim = c(3L, 3L), dimnames = list(c("-1", 
    "0", "1"), c("A", "G", "T"))), GM11_SNP1 = structure(c(0, 
    0, 6, 0, 0, 1, 1063, 0), dim = c(4L, 2L), dimnames = list(
        c("-2", "-1", "0", "1"), c("A", "G"))), GM14_SNP1 = structure(c(0, 
    9, 465, 0, 0, 3, 415, 2), dim = c(4L, 2L), dimnames = list(
        c("-2", "-1", "0", "1"), c("C", "T"))), GM17_SNP1 = structure(c(0, 
    5, 0, 5, 960, 0), dim = 3:2, dimnames = list(c("-1", "0", 
    "1"), c("C", "T"))), GM22_SNP1 = structure(c(0, 2, 477, 1, 
    0, 3, 439, 0), dim = c(4L, 2L), dimnames = list(c("-2", "-1", 
    "0", "1"), c("A", "G"))), GM26_SNP1 = structure(c(0, 1, 547, 
    0, 0, 0, 1, 0), dim = c(4L, 2L), dimnames = list(c("-2", 
    "-1", "0", "1"), c("A", "G"))), GM29_SNP1 = structure(c(0, 
    0, 0, 0, 0, 0, 288, 0, 0, 0, 319, 0), dim = 4:3, dimnames = list(
        c("-2", "-1", "0", "1"), c("-", "A", "G"))), IM16_SNP1 = structure(c(2, 
    777, 5, 0, 2, 0), dim = 3:2, dimnames = list(c("-1", "0", 
    "1"), c("A", "G"))), IM49_SNP1 = structure(c(10, 465, 4, 
    0, 8, 436, 2, 0), dim = c(4L, 2L), dimnames = list(c("-1", 
    "0", "1", "2"), c("C", "G"))), LR10_SNP1 = structure(c(0, 
    0, 0, 0, 0, 7, 686, 0, 0, 0, 0, 0, 0, 5, 661, 0), dim = c(4L, 
    4L), dimnames = list(c("-2", "-1", "0", "1"), c("A", "C", 
    "G", "T"))), LR11_SNP1 = structure(c(0, 0, 0, 3, 0, 0, 0, 
    0, 6, 1376, 0, 0, 0, 0, 0, 0, 0, 0), dim = c(6L, 3L), dimnames = list(
        c("-3", "-2", "-1", "0", "1", "2"), c("A", "C", "T"))), 
    LR17_SNP1 = structure(c(0, 22, 1518, 7, 0, 0, 0, 0), dim = c(4L, 
    2L), dimnames = list(c("-2", "-1", "0", "1"), c("A", "G"))), 
    LR20_SNP1 = structure(c(1, 439, 1, 1, 460, 0), dim = 3:2, dimnames = list(
        c("-1", "0", "1"), c("A", "G"))), LR24_SNP1 = structure(c(3, 
    1934, 1, 0, 2, 0, 0, 0, 0), dim = c(3L, 3L), dimnames = list(
        c("-1", "0", "1"), c("A", "G", "T"))), LR36_SNP1 = structure(c(0, 
    0, 0, 0, 0, 0, 0, 7, 823, 3), dim = c(5L, 2L), dimnames = list(
        c("-3", "-2", "-1", "0", "1"), c("A", "T"))), LR40_SNP1 = structure(c(0, 
    0, 0, 2, 710, 0, 0, 0, 0), dim = c(3L, 3L), dimnames = list(
        c("-1", "0", "1"), c("A", "C", "T"))), LR44_SNP1 = structure(c(0, 
    14, 553, 2, 0, 0, 0, 7, 0, 0), dim = c(5L, 2L), dimnames = list(
        c("-2", "-1", "0", "1", "2"), c("C", "T"))), LR46_SNP1 = structure(c(0, 
    354, 1, 0, 359, 0), dim = 3:2, dimnames = list(c("-1", "0", 
    "1"), c("G", "T"))), LR48_SNP1 = structure(c(0, 0, 0, 0, 
    0, 5, 326, 0, 0, 9, 312, 3), dim = 4:3, dimnames = list(c("-2", 
    "-1", "0", "1"), c("A", "C", "T"))), LR49_SNP1 = structure(c(2, 
    458, 0, 441), dim = c(2L, 2L), dimnames = list(c("-1", "0"
    ), c("A", "G"))), LR52_SNP1 = structure(c(0, 2, 12, 280, 
    0, 0, 2, 12, 280, 0), dim = c(5L, 2L), dimnames = list(c("-3", 
    "-2", "-1", "0", "1"), c("C", "T"))))
