Result <-
list(DEPDC2_SNP1 = structure(c(0, 0, 0, 0, 0, 0, 6, 0, 0, 6, 
992, 4), dim = 4:3, dimnames = list(c("-2", "-1", "0", "1"), 
    c("A", "C", "T"))), GM01_SNP1 = structure(c(0, 0, 0, 0, 0, 
0, 5, 573, 1, 0, 0, 2, 4, 0, 0), dim = c(5L, 3L), dimnames = list(
    c("-2", "-1", "0", "1", "2"), c("-", "A", "G"))), GM07_SNP1 = structure(c(0, 
0, 11, 0, 0, 2, 46, 374, 3, 0), dim = c(5L, 2L), dimnames = list(
    c("-2", "-1", "0", "1", "2"), c("A", "G"))), GM09_SNP1 = structure(c(2, 
657, 0, 0, 0, 0, 0, 0, 3, 413, 0, 0, 0, 1, 0, 0), dim = c(4L, 
4L), dimnames = list(c("-1", "0", "1", "2"), c("A", "C", "G", 
"T"))), GM11_SNP1 = structure(c(0, 5, 253, 0, 0, 0, 5, 0, 0, 
0, 0, 0), dim = 4:3, dimnames = list(c("-2", "-1", "0", "1"), 
    c("A", "G", "T"))), GM14_SNP1 = structure(c(0, 6, 96, 559, 
0, 0, 0, 0, 0, 6, 0, 0), dim = c(6L, 2L), dimnames = list(c("-3", 
"-2", "-1", "0", "1", "2"), c("C", "T"))), GM17_SNP1 = structure(c(0, 
5, 324, 0, 0, 0, 343, 2), dim = c(4L, 2L), dimnames = list(c("-2", 
"-1", "0", "1"), c("C", "T"))), GM22_SNP1 = structure(c(0, 10, 
442, 1, 0, 0, 0, 3, 0, 0, 0, 0, 0, 0, 0), dim = c(5L, 3L), dimnames = list(
    c("-2", "-1", "0", "1", "2"), c("A", "G", "T"))), GM26_SNP1 = structure(c(0, 
0, 302, 0, 0, 1, 4, 0), dim = c(4L, 2L), dimnames = list(c("-2", 
"-1", "0", "1"), c("A", "G"))), GM29_SNP1 = structure(c(0, 0, 
2, 238, 0, 0, 0, 0, 0, 232, 0, 0), dim = c(6L, 2L), dimnames = list(
    c("-3", "-2", "-1", "0", "1", "2"), c("A", "G"))), IM16_SNP1 = structure(c(6, 
213, 1, 0, 0, 217, 4, 0), dim = c(4L, 2L), dimnames = list(c("-1", 
"0", "1", "2"), c("A", "G"))), IM49_SNP1 = structure(c(1, 23, 
521, 4, 0, 0, 13, 429, 5, 0, 0, 0, 0, 0, 0), dim = c(5L, 3L), dimnames = list(
    c("-2", "-1", "0", "1", "2"), c("C", "G", "T"))), LR10_SNP1 = structure(c(0, 
6, 1, 4, 350, 1), dim = 3:2, dimnames = list(c("-1", "0", "1"
), c("C", "T"))), LR11_SNP1 = structure(c(0, 0, 0, 0, 0, 0, 13, 
272, 0, 0, 0, 2, 211, 0, 0), dim = c(5L, 3L), dimnames = list(
    c("-2", "-1", "0", "1", "2"), c("-", "A", "C"))), LR17_SNP1 = structure(c(0, 
1, 111, 350, 2, 0, 0, 0, 0, 1, 0, 0, 0, 0, 0, 0, 0, 0), dim = c(6L, 
3L), dimnames = list(c("-3", "-2", "-1", "0", "1", "2"), c("A", 
"G", "T"))), LR20_SNP1 = structure(c(0, 0, 0, 0, 0, 1, 534, 0, 
0, 0, 4, 0), dim = 4:3, dimnames = list(c("-3", "-1", "0", "1"
), c("-", "A", "G"))), LR24_SNP1 = structure(c(0, 40, 2154, 1, 
0, 0, 7, 0, 0, 0, 0, 0), dim = 4:3, dimnames = list(c("-2", "-1", 
"0", "1"), c("A", "G", "T"))), LR36_SNP1 = structure(c(0, 0, 
0, 0, 22, 0, 0, 0, 0, 0, 9, 672, 4, 0), dim = c(7L, 2L), dimnames = list(
    c("-4", "-3", "-2", "-1", "0", "1", "2"), c("A", "T"))), 
    LR40_SNP1 = structure(c(0, 1, 0, 2, 428, 0, 0, 0, 0), dim = c(3L, 
    3L), dimnames = list(c("-1", "0", "1"), c("A", "C", "T"))), 
    LR44_SNP1 = structure(c(0, 0, 0, 1, 0, 0, 0, 2, 3, 0, 0, 
    10, 100, 249, 2, 0, 1, 1, 8, 0), dim = 5:4, dimnames = list(
        c("-3", "-2", "-1", "0", "1"), c("-", "A", "C", "T"))), 
    LR46_SNP1 = structure(c(0, 0, 0, 0, 0, 0, 0, 0, 0, 0, 0, 
    0, 0, 6, 241, 0, 0, 3, 217, 0), dim = 4:5, dimnames = list(
        c("-2", "-1", "0", "1"), c("-", "A", "C", "G", "T"))), 
    LR48_SNP1 = structure(c(2, 86, 235, 0, 0), dim = c(5L, 1L
    ), dimnames = list(c("-2", "-1", "0", "1", "2"), "C")), LR49_SNP1 = structure(c(0, 
    5, 18, 696), dim = c(2L, 2L), dimnames = list(c("-1", "0"
    ), c("A", "G"))), LR52_SNP1 = structure(c(0, 0, 0, 0, 0, 
    1, 10, 18, 104, 1, 0, 1, 10, 126, 1), dim = c(5L, 3L), dimnames = list(
        c("-3", "-2", "-1", "0", "1"), c("A", "C", "T"))))
