Result <-
list(DEPDC2_SNP1 = structure(c(0, 4, 508, 1, 0, 0, 0, 0, 0, 0, 
0, 1, 425, 59, 0), dim = c(5L, 3L), dimnames = list(c("-2", "-1", 
"0", "1", "2"), c("C", "G", "T"))), GM01_SNP1 = structure(c(0, 
0, 19, 0, 0, 0, 9, 310, 0, 0), dim = c(5L, 2L), dimnames = list(
    c("-2", "-1", "0", "1", "2"), c("A", "G"))), GM07_SNP1 = structure(c(0, 
0, 0, 0, 0, 0, 0, 1, 34, 100, 0, 0, 0, 1, 45, 91, 2, 1, 0, 0, 
0, 0, 0, 0), dim = c(6L, 4L), dimnames = list(c("-3", "-2", "-1", 
"0", "1", "2"), c("-", "A", "G", "T"))), GM09_SNP1 = structure(c(10, 
330, 0, 1, 385, 0, 0, 3, 0), dim = c(3L, 3L), dimnames = list(
    c("-1", "0", "1"), c("A", "G", "T"))), GM11_SNP1 = structure(c(5, 
199, 0, 0, 5, 0, 0, 0, 0), dim = c(3L, 3L), dimnames = list(c("-1", 
"0", "1"), c("A", "G", "T"))), GM14_SNP1 = structure(c(0, 7, 
27, 366, 1, 0, 0, 1, 5, 0), dim = c(5L, 2L), dimnames = list(
    c("-3", "-2", "-1", "0", "1"), c("C", "T"))), GM17_SNP1 = structure(c(0, 
3, 172, 0, 0, 2, 158, 0), dim = c(4L, 2L), dimnames = list(c("-2", 
"-1", "0", "1"), c("C", "T"))), GM22_SNP1 = structure(c(1, 26, 
293, 3, 0, 0, 3, 0), dim = c(4L, 2L), dimnames = list(c("-2", 
"-1", "0", "1"), c("A", "G"))), GM26_SNP1 = structure(c(0, 5, 
198, 1, 0, 0, 1, 0), dim = c(4L, 2L), dimnames = list(c("-2", 
"-1", "0", "1"), c("A", "G"))), GM29_SNP1 = structure(c(0, 12, 
206, 0, 0, 0, 2, 0, 0, 0, 0, 0), dim = 4:3, dimnames = list(c("-2", 
"-1", "0", "1"), c("A", "G", "T"))), IM16_SNP1 = structure(c(0, 
0, 7, 0, 0, 0, 9, 223, 1, 0, 0, 0, 0, 0, 0), dim = c(5L, 3L), dimnames = list(
    c("-2", "-1", "0", "1", "2"), c("A", "G", "T"))), IM49_SNP1 = structure(c(0, 
1, 54, 258, 0, 0, 0, 0, 5, 81, 1, 0, 0, 0, 0, 0, 0, 0), dim = c(6L, 
3L), dimnames = list(c("-3", "-2", "-1", "0", "1", "2"), c("C", 
"G", "T"))), LR10_SNP1 = structure(c(0, 0, 0, 0, 0, 2, 131, 1, 
0, 0, 180, 0), dim = 4:3, dimnames = list(c("-2", "-1", "0", 
"1"), c("A", "C", "T"))), LR11_SNP1 = structure(c(0, 0, 53, 110, 
1, 0, 9, 43, 106, 0, 0, 0, 0, 0, 0), dim = c(5L, 3L), dimnames = list(
    c("-3", "-2", "-1", "0", "1"), c("A", "C", "G"))), LR17_SNP1 = structure(c(0, 
0, 45, 185, 1, 0, 0, 0, 0, 0, 0, 0), dim = c(6L, 2L), dimnames = list(
    c("-3", "-2", "-1", "0", "1", "2"), c("A", "G"))), LR20_SNP1 = structure(c(0, 
0, 5, 0, 0, 32, 286, 0), dim = c(4L, 2L), dimnames = list(c("-2", 
"-1", "0", "1"), c("A", "G"))), LR24_SNP1 = structure(c(0, 0, 
46, 432, 1, 0, 0, 28, 450, 1), dim = c(5L, 2L), dimnames = list(
    c("-3", "-2", "-1", "0", "1"), c("A", "G"))), LR36_SNP1 = structure(c(0, 
0, 0, 0, 0, 0, 0, 0, 0, 46, 27, 336, 1, 0, 0, 0, 0, 0, 0, 0, 
0, 0, 0, 0, 0, 4, 0, 0), dim = c(7L, 4L), dimnames = list(c("-4", 
"-3", "-2", "-1", "0", "1", "2"), c("-", "A", "G", "T"))), LR40_SNP1 = structure(c(0, 
0, 0, 0, 0, 0, 6, 225, 0, 0, 0, 0, 0, 0, 0), dim = c(5L, 3L), dimnames = list(
    c("-3", "-1", "0", "1", "2"), c("A", "C", "T"))), LR44_SNP1 = structure(c(0, 
0, 0, 0, 0, 0, 0, 0, 0, 0, 0, 4, 19, 4, 79, 0, 0, 0, 0, 0, 2, 
48, 31, 101, 0, 0, 0), dim = c(9L, 3L), dimnames = list(c("-5", 
"-4", "-3", "-2", "-1", "0", "1", "2", "3"), c("A", "C", "T"))), 
    LR46_SNP1 = structure(c(0, 2, 0, 0, 199, 0, 0, 4, 0), dim = c(3L, 
    3L), dimnames = list(c("-1", "0", "1"), c("A", "G", "T"))), 
    LR48_SNP1 = structure(c(6, 16, 143, 0, 0, 0, 1, 0), dim = c(4L, 
    2L), dimnames = list(c("-2", "-1", "0", "1"), c("C", "T"))), 
    LR49_SNP1 = structure(c(0, 2, 0, 2, 419, 0), dim = 3:2, dimnames = list(
        c("-1", "0", "1"), c("A", "G"))), LR52_SNP1 = structure(c(0, 
    0, 0, 0, 0, 0, 0, 0, 9, 15, 12, 124, 2, 0), dim = c(7L, 2L
    ), dimnames = list(c("-4", "-3", "-2", "-1", "0", "1", "2"
    ), c("C", "T"))))
