Result <-
list(DEPDC2_SNP1 = structure(c(0, 0, 0, 1, 292, 0, 0, 0, 0, 1, 
434, 1), dim = 3:4, dimnames = list(c("-1", "0", "1"), c("A", 
"C", "G", "T"))), GM01_SNP1 = structure(c(0, 0, 0, 0, 1, 120, 
0, 0, 2, 222, 0, 0), dim = 4:3, dimnames = list(c("-1", "0", 
"1", "2"), c("-", "A", "G"))), GM07_SNP1 = structure(c(0, 0, 
0, 0, 0, 0, 0, 0, 0, 1, 43, 38, 1, 0, 0, 0, 0, 4, 98, 0, 1), dim = c(7L, 
3L), dimnames = list(c("-4", "-3", "-2", "-1", "0", "1", "2"), 
    c("-", "A", "G"))), GM09_SNP1 = structure(c(0, 169, 187, 
0, 0, 0, 25, 0, 0, 0, 0, 0), dim = 4:3, dimnames = list(c("-2", 
"-1", "0", "1"), c("A", "G", "T"))), GM11_SNP1 = structure(c(0, 
72, 0, 0, 1, 65, 0, 0), dim = c(4L, 2L), dimnames = list(c("-1", 
"0", "1", "2"), c("A", "G"))), GM14_SNP1 = structure(c(0, 0, 
0, 0, 0, 0, 0, 0, 2, 300, 0, 0, 0, 0, 1, 9, 0, 0), dim = c(6L, 
3L), dimnames = list(c("-3", "-2", "-1", "0", "1", "2"), c("A", 
"C", "T"))), GM17_SNP1 = structure(c(0, 28, 108, 0, 0, 1, 118, 
0), dim = c(4L, 2L), dimnames = list(c("-2", "-1", "0", "1"), 
    c("C", "T"))), GM22_SNP1 = structure(c(0, 9, 261, 0, 0, 1, 
4, 0, 0, 0, 0, 0), dim = 4:3, dimnames = list(c("-2", "-1", "0", 
"1"), c("A", "G", "T"))), GM26_SNP1 = structure(c(0, 32, 50, 
0, 0, 0, 69, 0, 0, 0, 0, 0), dim = 4:3, dimnames = list(c("-2", 
"-1", "0", "1"), c("A", "G", "T"))), GM29_SNP1 = structure(c(0, 
0, 0, 0, 0, 0, 0, 49, 94, 0, 0, 0, 0, 0, 0, 0, 0, 0, 6, 0), dim = 5:4, dimnames = list(
    c("-3", "-2", "-1", "0", "1"), c("-", "A", "C", "G"))), IM16_SNP1 = structure(c(0, 
9, 0, 0, 8, 201, 0, 0, 0, 0, 0, 0), dim = 4:3, dimnames = list(
    c("-1", "0", "1", "2"), c("A", "G", "T"))), IM49_SNP1 = structure(c(0, 
108, 22, 129, 0, 0, 0, 54, 34, 74, 1, 0), dim = c(6L, 2L), dimnames = list(
    c("-3", "-2", "-1", "0", "1", "2"), c("C", "G"))), LR10_SNP1 = structure(c(0, 
0, 0, 0, 0, 0, 5, 108, 0, 0, 0, 4, 110, 1, 0), dim = c(5L, 3L
), dimnames = list(c("-2", "-1", "0", "1", "2"), c("A", "C", 
"T"))), LR11_SNP1 = structure(c(0, 0, 1, 64, 43, 1, 0, 0, 0, 
4, 95, 0, 0, 0, 0, 0, 0, 0), dim = c(6L, 3L), dimnames = list(
    c("-4", "-3", "-2", "-1", "0", "1"), c("A", "C", "G"))), 
    LR17_SNP1 = structure(c(2, 37, 129, 0, 0, 0, 0, 0, 0, 1, 
    0, 0), dim = 4:3, dimnames = list(c("-2", "-1", "0", "1"), 
        c("A", "G", "T"))), LR20_SNP1 = structure(c(0, 141, 0, 
    0, 1, 0, 0, 0, 110, 0, 0, 0, 0, 0), dim = c(7L, 2L), dimnames = list(
        c("-1", "0", "1", "3", "4", "5", "6"), c("A", "G"))), 
    LR24_SNP1 = structure(c(0, 2, 346, 0, 0, 0, 0, 0, 0, 18, 
    270, 1), dim = 4:3, dimnames = list(c("-2", "-1", "0", "1"
    ), c("A", "C", "G"))), LR36_SNP1 = structure(c(0, 0, 0, 9, 
    0, 0, 0, 0, 0, 0, 0, 5, 87, 107, 0), dim = c(5L, 3L), dimnames = list(
        c("-3", "-2", "-1", "0", "1"), c("A", "G", "T"))), LR40_SNP1 = structure(c(0, 
    0, 3, 0, 0, 1, 161, 0), dim = c(4L, 2L), dimnames = list(
        c("-2", "-1", "0", "1"), c("A", "C"))), LR44_SNP1 = structure(c(0, 
    0, 0, 0, 0, 0, 0, 0, 0, 0, 0, 5, 0, 0, 0, 0, 52, 10, 168, 
    1, 0), dim = c(7L, 3L), dimnames = list(c("-4", "-3", "-2", 
    "-1", "0", "1", "2"), c("A", "C", "T"))), LR46_SNP1 = structure(c(0, 
    1, 201, 1, 0, 0, 4, 0), dim = c(4L, 2L), dimnames = list(
        c("-2", "-1", "0", "1"), c("G", "T"))), LR48_SNP1 = structure(c(0, 
    0, 0, 0, 0, 0, 0, 8, 62, 0, 0, 0, 2, 47, 0), dim = c(5L, 
    3L), dimnames = list(c("-3", "-2", "-1", "0", "1"), c("A", 
    "C", "T"))), LR49_SNP1 = structure(c(0, 153, 0, 0, 1, 0, 
    1, 142, 0, 0, 0, 0), dim = 3:4, dimnames = list(c("-1", "0", 
    "1"), c("A", "C", "G", "T"))), LR52_SNP1 = structure(c(1, 
    1, 25, 83, 1, 0, 0, 0, 4, 0), dim = c(5L, 2L), dimnames = list(
        c("-3", "-2", "-1", "0", "1"), c("C", "T"))))
