Result <-
list(DEPDC2_SNP1 = structure(c(0, 0, 1, 0, 0, 0, 7, 0, 0, 5, 
1465, 6), dim = 4:3, dimnames = list(c("-3", "-1", "0", "1"), 
    c("A", "C", "T"))), GM01_SNP1 = structure(c(0, 0, 0, 0, 0, 
0, 3, 302, 0, 0, 0, 22, 340, 1, 0), dim = c(5L, 3L), dimnames = list(
    c("-2", "-1", "0", "1", "2"), c("-", "A", "G"))), GM07_SNP1 = structure(c(0, 
0, 0, 3, 0, 0, 0, 2, 94, 422, 4, 0, 0, 0, 0, 0, 0, 0), dim = c(6L, 
3L), dimnames = list(c("-4", "-2", "-1", "0", "1", "2"), c("A", 
"G", "T"))), GM09_SNP1 = structure(c(2, 1057, 0, 0, 13, 0, 0, 
0, 0), dim = c(3L, 3L), dimnames = list(c("-1", "0", "1"), c("A", 
"G", "T"))), GM11_SNP1 = structure(c(10, 316, 1, 0, 1, 0), dim = 3:2, dimnames = list(
    c("-1", "0", "1"), c("A", "G"))), GM14_SNP1 = structure(c(0, 
0, 65, 627, 0, 0, 0, 0, 0, 0, 0, 0, 1, 8, 0), dim = c(5L, 3L), dimnames = list(
    c("-3", "-2", "-1", "0", "1"), c("C", "G", "T"))), GM17_SNP1 = structure(c(0, 
7, 0, 4, 580, 0), dim = 3:2, dimnames = list(c("-1", "0", "1"
), c("C", "T"))), GM22_SNP1 = structure(c(0, 3, 410, 0, 0, 0, 
1, 0), dim = c(4L, 2L), dimnames = list(c("-2", "-1", "0", "1"
), c("A", "G"))), GM26_SNP1 = structure(c(0, 2, 324, 1, 0, 0, 
5, 0), dim = c(4L, 2L), dimnames = list(c("-2", "-1", "0", "1"
), c("A", "G"))), GM29_SNP1 = structure(c(0, 0, 218, 0, 0, 8, 
199, 1, 0, 0, 0, 0), dim = 4:3, dimnames = list(c("-2", "-1", 
"0", "1"), c("A", "G", "T"))), IM16_SNP1 = structure(c(0, 0, 
6, 0, 0, 0, 29, 474, 11, 0, 0, 0, 0, 0, 0), dim = c(5L, 3L), dimnames = list(
    c("-2", "-1", "0", "1", "2"), c("A", "G", "T"))), IM49_SNP1 = structure(c(0, 
0, 0, 2, 0, 0, 0, 0, 0, 5, 1, 0, 0, 4, 128, 837, 1, 0), dim = c(6L, 
3L), dimnames = list(c("-4", "-2", "-1", "0", "1", "2"), c("A", 
"C", "G"))), LR10_SNP1 = structure(c(0, 0, 5, 0, 1, 6, 447, 0
), dim = c(4L, 2L), dimnames = list(c("-2", "-1", "0", "1"), 
    c("C", "T"))), LR11_SNP1 = structure(c(0, 0, 0, 0, 0, 0, 
43, 600, 0, 0, 0, 0, 11, 0, 0, 0, 0, 0, 0, 0), dim = 5:4, dimnames = list(
    c("-2", "-1", "0", "1", "2"), c("-", "A", "C", "G"))), LR17_SNP1 = structure(c(0, 
1, 19, 397, 1, 0, 0, 0, 0, 0, 0, 0), dim = c(6L, 2L), dimnames = list(
    c("-3", "-2", "-1", "0", "1", "2"), c("A", "G"))), LR20_SNP1 = structure(c(0, 
5, 0, 0, 532, 0, 0, 0, 0), dim = c(3L, 3L), dimnames = list(c("-1", 
"0", "1"), c("A", "G", "T"))), LR24_SNP1 = structure(c(0, 0, 
0, 0, 0, 83, 891, 0, 0, 9, 828, 0, 0, 0, 0, 0), dim = c(4L, 4L
), dimnames = list(c("-2", "-1", "0", "1"), c("-", "A", "G", 
"T"))), LR36_SNP1 = structure(c(0, 0, 0, 1, 1, 11, 0, 0, 0, 0, 
0, 0, 0, 0, 0, 0, 0, 0, 0, 0, 0, 0, 0, 0, 1, 111, 618, 0), dim = c(7L, 
4L), dimnames = list(c("-5", "-4", "-3", "-2", "-1", "0", "1"
), c("A", "C", "G", "T"))), LR40_SNP1 = structure(c(0, 1, 0, 
0, 375, 0), dim = 3:2, dimnames = list(c("-1", "0", "1"), c("A", 
"C"))), LR44_SNP1 = structure(c(0, 0, 0, 1, 0, 0, 0, 0, 1, 0, 
0, 0, 0, 6, 38, 473, 1, 0, 0, 0, 0, 2, 0, 0, 0, 0, 0, 20, 0, 
0), dim = 6:5, dimnames = list(c("-3", "-2", "-1", "0", "1", 
"2"), c("-", "A", "C", "G", "T"))), LR46_SNP1 = structure(c(0, 
0, 0, 22, 154, 0, 3, 183, 0), dim = c(3L, 3L), dimnames = list(
    c("-1", "0", "1"), c("C", "G", "T"))), LR48_SNP1 = structure(c(0, 
10, 310, 1, 0, 0, 0, 2, 0, 0), dim = c(5L, 2L), dimnames = list(
    c("-2", "-1", "0", "1", "2"), c("C", "T"))), LR49_SNP1 = structure(c(0, 
34, 334, 0, 0, 0, 0, 0, 0, 1, 394, 0, 0, 0, 0, 0), dim = c(4L, 
4L), dimnames = list(c("-2", "-1", "0", "1"), c("A", "C", "G", 
"T"))), LR52_SNP1 = structure(c(0, 0, 0, 0, 0, 0, 0, 11, 16, 
52, 229, 1, 0, 0, 1, 0, 2, 0), dim = c(6L, 3L), dimnames = list(
    c("-4", "-3", "-2", "-1", "0", "1"), c("A", "C", "T"))))
