Result <-
list(DEPDC2_SNP1 = structure(c(0, 0, 0, 0, 0, 0, 9, 0, 0, 14, 
788, 1), dim = 4:3, dimnames = list(c("-2", "-1", "0", "1"), 
    c("A", "C", "T"))), GM01_SNP1 = structure(c(2, 163, 0, 2, 
148, 0), dim = 3:2, dimnames = list(c("-1", "0", "1"), c("A", 
"G"))), GM07_SNP1 = structure(c(0, 0, 0, 0, 0, 0, 0, 1, 121, 
70, 1, 0, 0, 0, 6, 142, 1, 0), dim = c(6L, 3L), dimnames = list(
    c("-3", "-2", "-1", "0", "1", "2"), c("-", "A", "G"))), GM09_SNP1 = structure(c(0, 
0, 11, 0, 0, 2, 650, 0, 0, 0, 0, 0), dim = 4:3, dimnames = list(
    c("-2", "-1", "0", "1"), c("A", "G", "T"))), GM11_SNP1 = structure(c(2, 
58, 0, 1, 34, 0, 0, 0, 0), dim = c(3L, 3L), dimnames = list(c("-1", 
"0", "1"), c("A", "G", "T"))), GM14_SNP1 = structure(c(0, 0, 
1, 0, 0, 0, 17, 261, 1, 0, 0, 8, 197, 1, 0), dim = c(5L, 3L), dimnames = list(
    c("-2", "-1", "0", "1", "2"), c("A", "C", "T"))), GM17_SNP1 = structure(c(0, 
0, 139, 626, 0, 0, 0, 0, 0, 0, 0, 0, 2, 16, 0), dim = c(5L, 3L
), dimnames = list(c("-3", "-2", "-1", "0", "1"), c("C", "G", 
"T"))), GM22_SNP1 = structure(c(0, 2, 286, 0, 0, 0, 1, 0), dim = c(4L, 
2L), dimnames = list(c("-2", "-1", "0", "1"), c("A", "G"))), 
    GM26_SNP1 = structure(c(0, 2, 178, 0, 0, 0, 1, 0), dim = c(4L, 
    2L), dimnames = list(c("-2", "-1", "0", "1"), c("A", "G"))), 
    GM29_SNP1 = structure(c(0, 2, 218, 0, 2, 138, 80, 1), dim = c(4L, 
    2L), dimnames = list(c("-2", "-1", "0", "1"), c("A", "G"))), 
    IM16_SNP1 = structure(c(0, 6, 0, 8, 147, 0, 0, 1, 0), dim = c(3L, 
    3L), dimnames = list(c("-1", "0", "1"), c("A", "G", "T"))), 
    IM49_SNP1 = structure(c(0, 0, 0, 0, 0, 0, 0, 0, 0, 21, 861, 
    8, 0, 0, 0, 1, 62, 674, 6, 0, 0, 0, 0, 0, 0, 0, 0, 0), dim = c(7L, 
    4L), dimnames = list(c("-3", "-2", "-1", "0", "1", "2", "3"
    ), c("A", "C", "G", "T"))), LR10_SNP1 = structure(c(0, 1, 
    125, 0, 0, 1, 153, 0), dim = c(4L, 2L), dimnames = list(c("-2", 
    "-1", "0", "1"), c("C", "T"))), LR11_SNP1 = structure(c(0, 
    0, 8, 0, 0, 0, 2, 110, 85, 2, 0, 0, 0, 0, 0), dim = c(5L, 
    3L), dimnames = list(c("-2", "-1", "0", "1", "2"), c("A", 
    "C", "T"))), LR17_SNP1 = structure(c(0, 0, 0, 0, 0, 0, 12, 
    299, 2, 0, 0, 0, 0, 0, 0), dim = c(5L, 3L), dimnames = list(
        c("-2", "-1", "0", "1", "2"), c("-", "A", "G"))), LR20_SNP1 = structure(c(0, 
    2, 0, 3, 251, 0, 0, 0, 0), dim = c(3L, 3L), dimnames = list(
        c("-1", "0", "1"), c("A", "G", "T"))), LR24_SNP1 = structure(c(0, 
    0, 2, 545, 0, 0, 0, 2, 524, 2), dim = c(5L, 2L), dimnames = list(
        c("-3", "-2", "-1", "0", "1"), c("A", "G"))), LR36_SNP1 = structure(c(0, 
    0, 0, 0, 11, 0, 0, 0, 82, 98, 355, 2), dim = c(6L, 2L), dimnames = list(
        c("-4", "-3", "-2", "-1", "0", "1"), c("A", "T"))), LR40_SNP1 = structure(c(2, 
    69, 0, 1, 68, 0), dim = 3:2, dimnames = list(c("-1", "0", 
    "1"), c("A", "C"))), LR44_SNP1 = structure(c(0, 2, 42, 79, 
    0, 0, 0, 0, 0, 1, 0, 0, 0, 0, 0, 6, 0, 0), dim = c(6L, 3L
    ), dimnames = list(c("-3", "-2", "-1", "0", "1", "2"), c("C", 
    "G", "T"))), LR46_SNP1 = structure(c(0, 0, 0, 2, 273, 0, 
    0, 8, 0), dim = c(3L, 3L), dimnames = list(c("-1", "0", "1"
    ), c("A", "G", "T"))), LR48_SNP1 = structure(c(0, 31, 115, 
    2, 0, 0, 0, 4, 0, 0), dim = c(5L, 2L), dimnames = list(c("-2", 
    "-1", "0", "1", "2"), c("C", "T"))), LR49_SNP1 = structure(c(1, 
    486, 0, 0, 9, 0, 0, 0, 0), dim = c(3L, 3L), dimnames = list(
        c("-1", "0", "1"), c("A", "G", "T"))), LR52_SNP1 = structure(c(0, 
    0, 0, 3, 0, 0, 9, 60, 41, 1), dim = c(5L, 2L), dimnames = list(
        c("-3", "-2", "-1", "0", "1"), c("C", "T"))))
