Result <-
list(DEPDC2_SNP1 = structure(c(0, 2, 0, 7, 2364, 1), dim = 3:2, dimnames = list(
    c("-1", "0", "1"), c("C", "T"))), GM01_SNP1 = structure(c(0, 
11, 1772, 1, 0, 0, 0, 1, 0, 0), dim = c(5L, 2L), dimnames = list(
    c("-2", "-1", "0", "1", "2"), c("A", "G"))), GM07_SNP1 = structure(c(0, 
3, 6, 0, 0, 0, 41, 1931, 27, 0), dim = c(5L, 2L), dimnames = list(
    c("-2", "-1", "0", "1", "2"), c("A", "G"))), GM09_SNP1 = structure(c(0, 
0, 10, 0, 0, 8, 2322, 0, 0, 0, 1, 0), dim = 4:3, dimnames = list(
    c("-2", "-1", "0", "1"), c("A", "G", "T"))), GM11_SNP1 = structure(c(0, 
562, 1, 3, 620, 2), dim = 3:2, dimnames = list(c("-1", "0", "1"
), c("A", "G"))), GM14_SNP1 = structure(c(0, 1, 13, 769, 5, 0, 
0, 14, 816, 1), dim = c(5L, 2L), dimnames = list(c("-3", "-2", 
"-1", "0", "1"), c("C", "T"))), GM17_SNP1 = structure(c(0, 0, 
0, 0, 0, 8, 1108, 1, 0, 6, 1072, 0), dim = 4:3, dimnames = list(
    c("-2", "-1", "0", "1"), c("A", "C", "T"))), GM22_SNP1 = structure(c(3, 
1275, 1, 0, 0, 0), dim = 3:2, dimnames = list(c("-1", "0", "1"
), c("A", "G"))), GM26_SNP1 = structure(c(0, 0, 578, 0, 0, 1, 
532, 2), dim = c(4L, 2L), dimnames = list(c("-2", "-1", "0", 
"1"), c("A", "G"))), GM29_SNP1 = structure(c(0, 2, 528, 1, 0, 
4, 579, 0), dim = c(4L, 2L), dimnames = list(c("-2", "-1", "0", 
"1"), c("A", "G"))), IM16_SNP1 = structure(c(0, 7, 0, 6, 1210, 
6), dim = 3:2, dimnames = list(c("-1", "0", "1"), c("A", "G"))), 
    IM49_SNP1 = structure(c(0, 13, 1014, 7, 0, 0, 10, 925, 5, 
    0), dim = c(5L, 2L), dimnames = list(c("-2", "-1", "0", "1", 
    "2"), c("C", "G"))), LR10_SNP1 = structure(c(0, 0, 0, 0, 
    0, 12, 868, 2, 0, 0, 0, 0, 0, 5, 936, 0), dim = c(4L, 4L), dimnames = list(
        c("-2", "-1", "0", "1"), c("A", "C", "G", "T"))), LR11_SNP1 = structure(c(0, 
    9, 880, 2, 2, 10, 792, 1), dim = c(4L, 2L), dimnames = list(
        c("-2", "-1", "0", "1"), c("A", "C"))), LR17_SNP1 = structure(c(0, 
    1, 27, 1604, 6, 0), dim = c(6L, 1L), dimnames = list(c("-3", 
    "-2", "-1", "0", "1", "2"), "A")), LR20_SNP1 = structure(c(0, 
    5, 0, 0, 1362, 1), dim = 3:2, dimnames = list(c("-1", "0", 
    "1"), c("A", "G"))), LR24_SNP1 = structure(c(1, 1289, 0, 
    1, 998, 0), dim = 3:2, dimnames = list(c("-1", "0", "1"), 
        c("A", "G"))), LR36_SNP1 = structure(c(0, 0, 0, 1, 0, 
    0, 0, 0, 1, 0, 0, 1, 25, 1656, 8), dim = c(5L, 3L), dimnames = list(
        c("-3", "-2", "-1", "0", "1"), c("A", "C", "T"))), LR40_SNP1 = structure(c(5, 
    932, 1), dim = c(3L, 1L), dimnames = list(c("-1", "0", "1"
    ), "C")), LR44_SNP1 = structure(c(0, 0, 1, 0, 0, 0, 1, 0, 
    2, 28, 696, 5, 0, 0, 7, 0), dim = c(4L, 4L), dimnames = list(
        c("-2", "-1", "0", "1"), c("-", "A", "C", "T"))), LR46_SNP1 = structure(c(2, 
    1337, 0, 0, 5, 0), dim = 3:2, dimnames = list(c("-1", "0", 
    "1"), c("G", "T"))), LR48_SNP1 = structure(c(0, 23, 1691, 
    2, 0, 1, 2, 0), dim = c(4L, 2L), dimnames = list(c("-2", 
    "-1", "0", "1"), c("C", "T"))), LR49_SNP1 = structure(c(0, 
    4, 0, 2, 1939, 0), dim = 3:2, dimnames = list(c("-1", "0", 
    "1"), c("A", "G"))), LR52_SNP1 = structure(c(0, 0, 0, 5, 
    0, 0, 3, 62, 1275, 2), dim = c(5L, 2L), dimnames = list(c("-3", 
    "-2", "-1", "0", "1"), c("C", "T"))))
