Result <-
list(DEPDC2_SNP1 = structure(c(0, 0, 0, 0, 36, 0, 0, 0, 0, 2, 
840, 3), dim = 3:4, dimnames = list(c("-1", "0", "1"), c("A", 
"C", "G", "T"))), GM01_SNP1 = structure(c(2, 187, 0, 0, 208, 
0), dim = 3:2, dimnames = list(c("-1", "0", "1"), c("A", "G"))), 
    GM07_SNP1 = structure(c(0, 60, 240, 4, 0, 0, 1, 3, 0, 0, 
    0, 0, 0, 0, 0), dim = c(5L, 3L), dimnames = list(c("-2", 
    "-1", "0", "1", "2"), c("A", "G", "T"))), GM09_SNP1 = structure(c(0, 
    21, 104, 1, 1, 11, 95, 2), dim = c(4L, 2L), dimnames = list(
        c("-2", "-1", "0", "1"), c("A", "G"))), GM11_SNP1 = structure(c(0, 
    213, 3, 0, 13, 0), dim = 3:2, dimnames = list(c("-1", "0", 
    "1"), c("A", "G"))), GM14_SNP1 = structure(c(0, 21, 466, 
    2, 0, 0, 0, 0, 0, 0, 0, 0, 34, 0, 0), dim = c(5L, 3L), dimnames = list(
        c("-2", "-1", "0", "1", "2"), c("C", "G", "T"))), GM17_SNP1 = structure(c(3, 
    408, 1, 1, 18, 0), dim = 3:2, dimnames = list(c("-1", "0", 
    "1"), c("C", "T"))), GM22_SNP1 = structure(c(1, 1, 275, 0, 
    0, 1, 11, 0), dim = c(4L, 2L), dimnames = list(c("-2", "-1", 
    "0", "1"), c("A", "G"))), GM26_SNP1 = structure(c(0, 0, 0, 
    105, 1, 0, 0, 0, 111, 0), dim = c(5L, 2L), dimnames = list(
        c("-3", "-2", "-1", "0", "1"), c("A", "G"))), GM29_SNP1 = structure(c(5, 
    174, 0, 0, 115, 0), dim = 3:2, dimnames = list(c("-1", "0", 
    "1"), c("A", "G"))), IM16_SNP1 = structure(c(0, 3, 145, 3, 
    0, 40, 121, 1, 0, 0, 0, 0), dim = 4:3, dimnames = list(c("-2", 
    "-1", "0", "1"), c("A", "G", "T"))), IM49_SNP1 = structure(c(0, 
    8, 80, 313, 2, 0, 5, 70, 246, 2), dim = c(5L, 2L), dimnames = list(
        c("-3", "-2", "-1", "0", "1"), c("C", "G"))), LR10_SNP1 = structure(c(0, 
    0, 0, 1, 8, 0, 1, 276, 2), dim = c(3L, 3L), dimnames = list(
        c("-1", "0", "1"), c("A", "C", "T"))), LR11_SNP1 = structure(c(0, 
    39, 309, 1, 0, 0, 0, 15, 1, 0), dim = c(5L, 2L), dimnames = list(
        c("-2", "-1", "0", "1", "2"), c("A", "C"))), LR17_SNP1 = structure(c(1, 
    11, 293, 0, 0), dim = c(5L, 1L), dimnames = list(c("-2", 
    "-1", "0", "1", "2"), "A")), LR20_SNP1 = structure(c(0, 0, 
    0, 0, 0, 0, 313, 1, 0, 0, 19, 0), dim = 4:3, dimnames = list(
        c("-2", "-1", "0", "1"), c("-", "A", "G"))), LR24_SNP1 = structure(c(0, 
    7, 611, 0, 0, 7, 569, 0), dim = c(4L, 2L), dimnames = list(
        c("-2", "-1", "0", "1"), c("A", "G"))), LR36_SNP1 = structure(c(0, 
    0, 17, 0, 0, 0, 0, 0, 0, 61, 453, 3), dim = 4:3, dimnames = list(
        c("-2", "-1", "0", "1"), c("A", "C", "T"))), LR40_SNP1 = structure(c(0, 
    0, 2, 0, 0, 4, 232, 0), dim = c(4L, 2L), dimnames = list(
        c("-2", "-1", "0", "1"), c("A", "C"))), LR44_SNP1 = structure(c(0, 
    0, 0, 0, 1, 0, 0, 1, 0, 6, 39, 225, 1, 0, 0, 0, 0, 1, 0, 
    0, 0, 0, 0, 0, 2, 21, 2, 0), dim = c(7L, 4L), dimnames = list(
        c("-4", "-3", "-2", "-1", "0", "1", "2"), c("A", "C", 
        "G", "T"))), LR46_SNP1 = structure(c(0, 0, 0, 0, 124, 
    1, 0, 100, 0), dim = c(3L, 3L), dimnames = list(c("-1", "0", 
    "1"), c("C", "G", "T"))), LR48_SNP1 = structure(c(0, 14, 
    180, 2, 0, 0, 0, 3, 0, 0), dim = c(5L, 2L), dimnames = list(
        c("-2", "-1", "0", "1", "2"), c("C", "T"))), LR49_SNP1 = structure(c(11, 
    440, 0, 0, 1, 0, 0, 28, 0, 0, 0, 0), dim = 3:4, dimnames = list(
        c("-1", "0", "1"), c("A", "C", "G", "T"))), LR52_SNP1 = structure(c(0, 
    6, 35, 129, 2, 0, 1, 0, 15, 0), dim = c(5L, 2L), dimnames = list(
        c("-3", "-2", "-1", "0", "1"), c("C", "T"))))
