Result <-
list(DEPDC2_SNP1 = structure(c(0, 0, 6, 0, 0, 257, 2327, 3), dim = c(4L, 
2L), dimnames = list(c("-2", "-1", "0", "1"), c("C", "T"))), 
    GM01_SNP1 = structure(c(0, 16, 2542, 1, 0, 0, 2, 0), dim = c(4L, 
    2L), dimnames = list(c("-2", "-1", "0", "1"), c("A", "G"))), 
    GM07_SNP1 = structure(c(0, 0, 1, 5, 0, 0, 0, 2, 253, 2217, 
    30, 1), dim = c(6L, 2L), dimnames = list(c("-3", "-2", "-1", 
    "0", "1", "2"), c("A", "G"))), GM09_SNP1 = structure(c(591, 
    144, 4, 12, 189, 3), dim = 3:2, dimnames = list(c("-1", "0", 
    "1"), c("A", "G"))), GM11_SNP1 = structure(c(0, 7, 2425, 
    3, 0, 0, 4, 0, 0, 0, 1, 0), dim = 4:3, dimnames = list(c("-2", 
    "-1", "0", "1"), c("A", "G", "T"))), GM14_SNP1 = structure(c(0, 
    15, 1091, 3, 0, 0, 15, 1012, 0, 0), dim = c(5L, 2L), dimnames = list(
        c("-2", "-1", "0", "1", "2"), c("C", "T"))), GM17_SNP1 = structure(c(0, 
    0, 1, 0, 0, 0, 7, 0, 0, 12, 2816, 1), dim = 4:3, dimnames = list(
        c("-2", "-1", "0", "1"), c("A", "C", "T"))), GM22_SNP1 = structure(c(0, 
    5, 914, 1, 0, 28, 762, 2), dim = c(4L, 2L), dimnames = list(
        c("-2", "-1", "0", "1"), c("A", "G"))), GM26_SNP1 = structure(c(0, 
    3, 1371, 4, 0, 0, 3, 0), dim = c(4L, 2L), dimnames = list(
        c("-2", "-1", "0", "1"), c("A", "G"))), GM29_SNP1 = structure(c(0, 
    0, 7, 0, 1, 139, 1338, 1), dim = c(4L, 2L), dimnames = list(
        c("-2", "-1", "0", "1"), c("A", "G"))), IM16_SNP1 = structure(c(0, 
    0, 3, 0, 1, 5, 2239, 6), dim = c(4L, 2L), dimnames = list(
        c("-2", "-1", "0", "1"), c("A", "G"))), IM49_SNP1 = structure(c(0, 
    0, 0, 0, 0, 0, 0, 4, 0, 0, 4, 197, 1687, 17, 0), dim = c(5L, 
    3L), dimnames = list(c("-2", "-1", "0", "1", "2"), c("A", 
    "C", "G"))), LR10_SNP1 = structure(c(0, 0, 0, 0, 0, 0, 215, 
    2236, 6, 0, 0, 0, 11, 0, 0), dim = c(5L, 3L), dimnames = list(
        c("-2", "-1", "0", "1", "2"), c("A", "C", "T"))), LR11_SNP1 = structure(c(0, 
    0, 2, 6, 0, 0, 0, 0, 31, 2397, 6, 0, 0, 0, 0, 0, 0, 0), dim = c(6L, 
    3L), dimnames = list(c("-3", "-2", "-1", "0", "1", "2"), 
        c("A", "C", "T"))), LR17_SNP1 = structure(c(4, 94, 2470, 
    10, 0), dim = c(5L, 1L), dimnames = list(c("-2", "-1", "0", 
    "1", "2"), "A")), LR20_SNP1 = structure(c(2, 2467, 1, 0, 
    1, 0), dim = 3:2, dimnames = list(c("-1", "0", "1"), c("A", 
    "G"))), LR24_SNP1 = structure(c(6, 3010, 3, 0, 6, 0), dim = 3:2, dimnames = list(
        c("-1", "0", "1"), c("A", "G"))), LR36_SNP1 = structure(c(0, 
    0, 0, 0, 0, 0, 0, 0, 2, 26, 1046, 3, 1, 0, 4, 185, 765, 2
    ), dim = c(6L, 3L), dimnames = list(c("-7", "-3", "-2", "-1", 
    "0", "1"), c("-", "A", "T"))), LR40_SNP1 = structure(c(0, 
    7, 920, 0, 0, 133, 811, 2, 0, 0, 0, 0, 0, 0, 0, 0), dim = c(4L, 
    4L), dimnames = list(c("-2", "-1", "0", "1"), c("A", "C", 
    "G", "T"))), LR44_SNP1 = structure(c(3, 60, 55, 335, 5, 0, 
    0, 0, 0, 1, 0, 0, 21, 90, 17, 348, 4, 0), dim = c(6L, 3L), dimnames = list(
        c("-3", "-2", "-1", "0", "1", "2"), c("C", "G", "T"))), 
    LR46_SNP1 = structure(c(0, 0, 0, 9, 1849, 0, 1, 3, 0), dim = c(3L, 
    3L), dimnames = list(c("-1", "0", "1"), c("A", "G", "T"))), 
    LR48_SNP1 = structure(c(1, 2, 211, 1973, 7, 0, 0, 0, 0, 1, 
    0, 0), dim = c(6L, 2L), dimnames = list(c("-3", "-2", "-1", 
    "0", "1", "2"), c("C", "T"))), LR49_SNP1 = structure(c(1, 
    1023, 0, 1, 941, 0, 0, 0, 0), dim = c(3L, 3L), dimnames = list(
        c("-1", "0", "1"), c("A", "G", "T"))), LR52_SNP1 = structure(c(0, 
    0, 0, 0, 0, 0, 0, 0, 0, 0, 7, 1, 0, 0, 0, 0, 0, 0, 0, 0, 
    0, 4, 74, 113, 1468, 121, 0, 0), dim = c(7L, 4L), dimnames = list(
        c("-3", "-2", "-1", "0", "1", "2", "3"), c("A", "C", 
        "G", "T"))))
