Result <-
list(DEPDC2_SNP1 = structure(c(0, 0, 0, 0, 0, 1, 15, 0, 0, 0, 
1040, 0), dim = 4:3, dimnames = list(c("-4", "-1", "0", "1"), 
    c("A", "C", "T"))), GM01_SNP1 = structure(c(0, 0, 0, 0, 1, 
0, 191, 0, 1, 0, 161, 0, 0, 0, 0, 0), dim = c(4L, 4L), dimnames = list(
    c("-2", "-1", "0", "1"), c("-", "A", "G", "T"))), GM07_SNP1 = structure(c(0, 
1, 191, 0, 0, 0, 4, 139, 1, 0, 0, 0, 0, 0, 0), dim = c(5L, 3L
), dimnames = list(c("-2", "-1", "0", "1", "2"), c("A", "G", 
"T"))), GM09_SNP1 = structure(c(0, 634, 0, 0, 1, 21, 0, 0, 0, 
0, 0, 0), dim = 4:3, dimnames = list(c("-1", "0", "1", "2"), 
    c("A", "G", "T"))), GM11_SNP1 = structure(c(1, 115, 0, 0, 
0, 110, 1, 0), dim = c(4L, 2L), dimnames = list(c("-1", "0", 
"1", "2"), c("A", "G"))), GM14_SNP1 = structure(c(0, 0, 0, 0, 
0, 0, 6, 444, 1, 0, 0, 0, 9, 0, 0), dim = c(5L, 3L), dimnames = list(
    c("-2", "-1", "0", "1", "2"), c("A", "C", "T"))), GM17_SNP1 = structure(c(0, 
1, 217, 0, 0, 0, 0, 0, 0, 2, 193, 0), dim = 4:3, dimnames = list(
    c("-2", "-1", "0", "1"), c("C", "G", "T"))), GM22_SNP1 = structure(c(0, 
0, 168, 1, 0, 0, 123, 0, 0, 0, 0, 0), dim = 4:3, dimnames = list(
    c("-2", "-1", "0", "1"), c("A", "G", "T"))), GM26_SNP1 = structure(c(0, 
0, 2, 11, 0, 0, 0, 0, 210, 0), dim = c(5L, 2L), dimnames = list(
    c("-3", "-2", "-1", "0", "1"), c("A", "G"))), GM29_SNP1 = structure(c(0, 
0, 278, 1, 0, 1, 3, 0, 0, 0, 0, 0), dim = 4:3, dimnames = list(
    c("-2", "-1", "0", "1"), c("A", "G", "T"))), IM16_SNP1 = structure(c(0, 
1, 1, 172, 2, 0, 0, 0, 2, 185, 0, 0, 0, 0, 0, 0, 0, 0), dim = c(6L, 
3L), dimnames = list(c("-3", "-2", "-1", "0", "1", "2"), c("A", 
"G", "T"))), IM49_SNP1 = structure(c(0, 2, 334, 0, 0, 1, 1, 305, 
0, 1, 0, 0, 0, 0, 0), dim = c(5L, 3L), dimnames = list(c("-2", 
"-1", "0", "1", "2"), c("C", "G", "T"))), LR10_SNP1 = structure(c(0, 
0, 115, 0, 0, 1, 155, 0), dim = c(4L, 2L), dimnames = list(c("-2", 
"-1", "0", "1"), c("C", "T"))), LR11_SNP1 = structure(c(0, 4, 
333, 0, 0, 0, 0, 6, 0, 0, 0, 0, 0, 0, 0, 0, 0, 0, 0, 0), dim = 5:4, dimnames = list(
    c("-2", "-1", "0", "1", "2"), c("A", "C", "G", "T"))), LR17_SNP1 = structure(c(1, 
5, 258, 2, 1, 0, 0, 0, 0, 0), dim = c(5L, 2L), dimnames = list(
    c("-2", "-1", "0", "1", "2"), c("A", "G"))), LR20_SNP1 = structure(c(0, 
135, 0, 0, 157, 0), dim = 3:2, dimnames = list(c("-1", "0", "1"
), c("A", "G"))), LR24_SNP1 = structure(c(0, 1, 1299, 2, 0, 0, 
13, 0, 0, 0, 0, 0), dim = 4:3, dimnames = list(c("-2", "-1", 
"0", "1"), c("A", "G", "T"))), LR36_SNP1 = structure(c(0, 0, 
0, 3, 225, 0, 0, 0, 0, 0, 1, 0, 0, 0, 2, 2, 261, 1), dim = c(6L, 
3L), dimnames = list(c("-4", "-3", "-2", "-1", "0", "1"), c("A", 
"G", "T"))), LR40_SNP1 = structure(c(0, 0, 1, 0, 0, 0, 348, 0, 
0, 0, 0, 0), dim = 4:3, dimnames = list(c("-2", "-1", "0", "1"
), c("A", "C", "T"))), LR44_SNP1 = structure(c(0, 0, 0, 0, 0, 
0, 0, 2, 231, 1, 0, 1, 0, 2, 118, 0, 0, 0), dim = c(6L, 3L), dimnames = list(
    c("-2", "-1", "0", "1", "8", "9"), c("A", "C", "T"))), LR46_SNP1 = structure(c(0, 
0, 0, 1, 263, 1, 0, 6, 0), dim = c(3L, 3L), dimnames = list(c("-1", 
"0", "1"), c("A", "G", "T"))), LR48_SNP1 = structure(c(0, 0, 
2, 80, 0, 0, 0, 0, 1, 83, 0, 0), dim = c(6L, 2L), dimnames = list(
    c("-3", "-2", "-1", "0", "1", "2"), c("C", "T"))), LR49_SNP1 = structure(c(0, 
5, 0, 2, 531, 0, 0, 0, 0), dim = c(3L, 3L), dimnames = list(c("-1", 
"0", "1"), c("A", "G", "T"))), LR52_SNP1 = structure(c(0, 0, 
0, 0, 0, 0, 0, 1, 0, 159, 2, 0, 0, 1, 1, 8, 0, 0), dim = c(6L, 
3L), dimnames = list(c("-3", "-2", "-1", "0", "1", "2"), c("A", 
"C", "T"))))
