Result <-
list(DEPDC2_SNP1 = structure(c(0, 0, 1, 0, 0, 0, 12, 0, 0, 24, 
1358, 2), dim = 4:3, dimnames = list(c("-2", "-1", "0", "1"), 
    c("A", "C", "T"))), GM01_SNP1 = structure(c(7, 327, 0, 0, 
3, 367, 0, 0), dim = c(4L, 2L), dimnames = list(c("-1", "0", 
"1", "2"), c("A", "G"))), GM07_SNP1 = structure(c(0, 0, 1, 9, 
2, 0, 1, 3, 57, 411, 2, 0, 0, 0, 0, 0, 0, 0), dim = c(6L, 3L), dimnames = list(
    c("-3", "-2", "-1", "0", "1", "2"), c("A", "G", "T"))), GM09_SNP1 = structure(c(6, 
589, 0, 4, 519, 0, 0, 0, 0), dim = c(3L, 3L), dimnames = list(
    c("-1", "0", "1"), c("A", "G", "T"))), GM11_SNP1 = structure(c(2, 
153, 19, 2, 158, 1), dim = 3:2, dimnames = list(c("-1", "0", 
"1"), c("A", "G"))), GM14_SNP1 = structure(c(0, 3, 24, 1, 0, 
0, 11, 714, 0, 0), dim = c(5L, 2L), dimnames = list(c("-2", "-1", 
"0", "1", "2"), c("C", "T"))), GM17_SNP1 = structure(c(0, 0, 
0, 0, 0, 1, 282, 0, 0, 0, 0, 0, 1, 2, 333, 0), dim = c(4L, 4L
), dimnames = list(c("-2", "-1", "0", "1"), c("A", "C", "G", 
"T"))), GM22_SNP1 = structure(c(1, 2, 459, 0, 0, 1, 5, 0, 0, 
0, 0, 0), dim = 4:3, dimnames = list(c("-2", "-1", "0", "1"), 
    c("A", "G", "T"))), GM26_SNP1 = structure(c(0, 0, 3, 196, 
0, 0, 1, 2, 212, 0, 0, 0, 0, 0, 0), dim = c(5L, 3L), dimnames = list(
    c("-3", "-2", "-1", "0", "1"), c("A", "G", "T"))), GM29_SNP1 = structure(c(0, 
3, 419, 1, 0, 0, 5, 0), dim = c(4L, 2L), dimnames = list(c("-2", 
"-1", "0", "1"), c("A", "G"))), IM16_SNP1 = structure(c(4, 400, 
8, 0, 1, 14, 0, 0), dim = c(4L, 2L), dimnames = list(c("-1", 
"0", "1", "2"), c("A", "G"))), IM49_SNP1 = structure(c(0, 0, 
0, 0, 0, 0, 0, 12, 26, 969, 58, 0, 0, 0, 3, 10, 1, 0, 0, 0, 0, 
0, 0, 0), dim = c(6L, 4L), dimnames = list(c("-3", "-2", "-1", 
"0", "1", "2"), c("A", "C", "G", "T"))), LR10_SNP1 = structure(c(0, 
3, 16, 0, 0, 4, 495, 0), dim = c(4L, 2L), dimnames = list(c("-2", 
"-1", "0", "1"), c("C", "T"))), LR11_SNP1 = structure(c(0, 0, 
0, 0, 0, 0, 0, 1, 43, 300, 0, 0, 0, 0, 10, 275, 2, 0, 0, 0, 0, 
0, 0, 0), dim = c(6L, 4L), dimnames = list(c("-3", "-2", "-1", 
"0", "1", "2"), c("-", "A", "C", "G"))), LR17_SNP1 = structure(c(0, 
15, 416, 4, 0, 0, 0, 0, 0, 0, 0, 0, 0, 0, 0), dim = c(5L, 3L), dimnames = list(
    c("-2", "-1", "0", "1", "2"), c("A", "C", "G"))), LR20_SNP1 = structure(c(0, 
10, 241, 0, 0, 0, 258, 0, 0, 0, 0, 0), dim = 4:3, dimnames = list(
    c("-2", "-1", "0", "1"), c("A", "G", "T"))), LR24_SNP1 = structure(c(0, 
0, 0, 0, 0, 0, 0, 4, 29, 0, 0, 0, 15, 1831, 1, 0, 0, 0, 0, 0), dim = 5:4, dimnames = list(
    c("-3", "-2", "-1", "0", "1"), c("-", "A", "G", "T"))), LR36_SNP1 = structure(c(0, 
0, 0, 0, 0, 0, 0, 0, 0, 0, 3, 60, 340, 1, 0, 0, 0, 0, 0, 0, 0, 
0, 0, 0, 0, 0, 5, 30, 341, 3, 0, 0), dim = c(8L, 4L), dimnames = list(
    c("-4", "-3", "-2", "-1", "0", "1", "2", "4"), c("-", "A", 
    "G", "T"))), LR40_SNP1 = structure(c(0, 0, 0, 2, 382, 0, 
0, 0, 0), dim = c(3L, 3L), dimnames = list(c("-1", "0", "1"), 
    c("A", "C", "T"))), LR44_SNP1 = structure(c(0, 0, 0, 0, 1, 
0, 0, 0, 0, 0, 0, 0, 0, 0, 0, 0, 0, 0, 0, 0, 0, 22, 412, 3, 0, 
0, 1, 0, 0, 0, 0, 3, 0, 0, 0, 0, 0, 0, 0, 2, 14, 0, 0, 0, 0), dim = c(9L, 
5L), dimnames = list(c("-4", "-3", "-2", "-1", "0", "1", "2", 
"3", "4"), c("-", "A", "C", "G", "T"))), LR46_SNP1 = structure(c(0, 
24, 0, 7, 381, 0), dim = 3:2, dimnames = list(c("-1", "0", "1"
), c("G", "T"))), LR48_SNP1 = structure(c(0, 0, 0, 0, 0, 0, 0, 
0, 0, 0, 1, 8, 172, 2, 0, 0, 8, 146, 0, 0), dim = 5:4, dimnames = list(
    c("-2", "-1", "0", "1", "2"), c("-", "A", "C", "T"))), LR49_SNP1 = structure(c(1, 
370, 0, 3, 382, 0), dim = 3:2, dimnames = list(c("-1", "0", "1"
), c("A", "G"))), LR52_SNP1 = structure(c(0, 0, 0, 0, 6, 0, 0, 
0, 10, 40, 302, 3), dim = c(6L, 2L), dimnames = list(c("-4", 
"-3", "-2", "-1", "0", "1"), c("C", "T"))))
