Result <-
list(DEPDC2_SNP1 = structure(c(0, 7, 1025, 3, 0, 7, 1065, 2), dim = c(4L, 
2L), dimnames = list(c("-2", "-1", "0", "1"), c("C", "T"))), 
    GM01_SNP1 = structure(c(14, 2002, 4, 0, 1, 0), dim = 3:2, dimnames = list(
        c("-1", "0", "1"), c("A", "G"))), GM07_SNP1 = structure(c(0, 
    0, 2, 1, 0, 0, 0, 5, 156, 2169, 80, 3), dim = c(6L, 2L), dimnames = list(
        c("-3", "-2", "-1", "0", "1", "2"), c("A", "G"))), GM09_SNP1 = structure(c(2, 
    1216, 1, 0, 3, 1111, 0, 0, 0, 1, 0, 0), dim = 4:3, dimnames = list(
        c("-1", "0", "1", "2"), c("A", "G", "T"))), GM11_SNP1 = structure(c(5, 
    1273, 5, 0, 3, 0), dim = 3:2, dimnames = list(c("-1", "0", 
    "1"), c("A", "G"))), GM14_SNP1 = structure(c(0, 26, 1920, 
    4, 0, 0, 0, 1, 0, 0, 0, 1, 3, 0, 0), dim = c(5L, 3L), dimnames = list(
        c("-2", "-1", "0", "1", "2"), c("C", "G", "T"))), GM17_SNP1 = structure(c(0, 
    1, 3, 0, 0, 6, 2726, 1), dim = c(4L, 2L), dimnames = list(
        c("-2", "-1", "0", "1"), c("C", "T"))), GM22_SNP1 = structure(c(22, 
    1579, 0, 0, 1, 0), dim = 3:2, dimnames = list(c("-1", "0", 
    "1"), c("A", "G"))), GM26_SNP1 = structure(c(1, 5, 1236, 
    20, 0, 0, 1, 0), dim = c(4L, 2L), dimnames = list(c("-2", 
    "-1", "0", "1"), c("A", "G"))), GM29_SNP1 = structure(c(7, 
    747, 2, 1, 7, 740, 1, 0, 0, 2, 0, 0), dim = 4:3, dimnames = list(
        c("-1", "0", "1", "2"), c("A", "G", "T"))), IM16_SNP1 = structure(c(0, 
    4, 642, 4, 1, 0, 60, 611, 6, 0), dim = c(5L, 2L), dimnames = list(
        c("-2", "-1", "0", "1", "2"), c("A", "G"))), IM49_SNP1 = structure(c(0, 
    55, 2588, 21, 1, 0, 1, 1, 0, 0), dim = c(5L, 2L), dimnames = list(
        c("-2", "-1", "0", "1", "2"), c("C", "G"))), LR10_SNP1 = structure(c(0, 
    1, 0, 0, 5, 0, 17, 2045, 4), dim = c(3L, 3L), dimnames = list(
        c("-1", "0", "1"), c("A", "C", "T"))), LR11_SNP1 = structure(c(1, 
    32, 2102, 4, 0, 0, 0, 3, 0, 0), dim = c(5L, 2L), dimnames = list(
        c("-2", "-1", "0", "1", "2"), c("A", "C"))), LR17_SNP1 = structure(c(2, 
    69, 2067, 15), dim = c(4L, 1L), dimnames = list(c("-2", "-1", 
    "0", "1"), "A")), LR20_SNP1 = structure(c(0, 0, 0, 0, 3, 
    0, 0, 1367, 1), dim = c(3L, 3L), dimnames = list(c("-1", 
    "0", "1"), c("-", "A", "G"))), LR24_SNP1 = structure(c(0, 
    5, 1132, 2, 1, 7, 1175, 0), dim = c(4L, 2L), dimnames = list(
        c("-2", "-1", "0", "1"), c("A", "G"))), LR36_SNP1 = structure(c(0, 
    0, 1, 0, 1, 74, 941, 3, 0, 12, 963, 2), dim = 4:3, dimnames = list(
        c("-2", "-1", "0", "1"), c("-", "A", "T"))), LR40_SNP1 = structure(c(0, 
    2, 535, 1, 0, 3, 479, 1), dim = c(4L, 2L), dimnames = list(
        c("-2", "-1", "0", "1"), c("A", "C"))), LR44_SNP1 = structure(c(0, 
    0, 0, 1, 0, 1, 1, 17, 213, 0, 0, 0, 0, 3, 0, 0, 2, 14, 243, 
    4), dim = 5:4, dimnames = list(c("-3", "-2", "-1", "0", "1"
    ), c("-", "C", "G", "T"))), LR46_SNP1 = structure(c(0, 3, 
    773, 1, 0, 3, 768, 2), dim = c(4L, 2L), dimnames = list(c("-2", 
    "-1", "0", "1"), c("G", "T"))), LR48_SNP1 = structure(c(0, 
    27, 977, 7, 0, 71, 707, 5), dim = c(4L, 2L), dimnames = list(
        c("-2", "-1", "0", "1"), c("C", "T"))), LR49_SNP1 = structure(c(0, 
    1010, 1, 0, 849, 0, 0, 0, 0), dim = c(3L, 3L), dimnames = list(
        c("-1", "0", "1"), c("A", "G", "T"))), LR52_SNP1 = structure(c(0, 
    0, 1, 2, 6, 0, 0, 0, 1, 10, 126, 1198, 9, 0), dim = c(7L, 
    2L), dimnames = list(c("-4", "-3", "-2", "-1", "0", "1", 
    "2"), c("C", "T"))))
