Result <-
list(DEPDC2_SNP1 = structure(c(0, 0, 0, 0, 0, 0, 1, 0, 24, 0, 
0, 0, 0, 0, 0, 0, 0, 3, 1107, 4), dim = 5:4, dimnames = list(
    c("-4", "-2", "-1", "0", "1"), c("A", "C", "G", "T"))), GM01_SNP1 = structure(c(2, 
160, 0, 2, 136, 0), dim = 3:2, dimnames = list(c("-1", "0", "1"
), c("A", "G"))), GM07_SNP1 = structure(c(0, 0, 0, 0, 0, 0, 0, 
0, 2, 104, 3, 0, 0, 0, 4, 127, 1, 0, 0, 0, 0, 1, 0, 0, 0, 0, 
0, 0, 0, 0), dim = 6:5, dimnames = list(c("-3", "-2", "-1", "0", 
"1", "2"), c("-", "A", "G", "N", "T"))), GM09_SNP1 = structure(c(1, 
350, 0, 1, 280, 0, 0, 0, 0), dim = c(3L, 3L), dimnames = list(
    c("-1", "0", "1"), c("A", "G", "T"))), GM11_SNP1 = structure(c(0, 
54, 0, 0, 59, 0), dim = 3:2, dimnames = list(c("-1", "0", "1"
), c("A", "G"))), GM14_SNP1 = structure(c(0, 0, 0, 2, 362, 2, 
0, 0, 0, 0, 0, 15, 0, 0), dim = c(7L, 2L), dimnames = list(c("-4", 
"-3", "-2", "-1", "0", "1", "2"), c("C", "T"))), GM17_SNP1 = structure(c(0, 
0, 283, 0, 0, 0, 0, 0, 0, 0, 27, 0), dim = 4:3, dimnames = list(
    c("-2", "-1", "0", "1"), c("C", "G", "T"))), GM22_SNP1 = structure(c(0, 
1, 141, 0, 0, 0, 133, 0), dim = c(4L, 2L), dimnames = list(c("-2", 
"-1", "0", "1"), c("A", "G"))), GM26_SNP1 = structure(c(0, 0, 
1, 183, 0, 0, 0, 0, 0, 0, 0, 0), dim = c(6L, 2L), dimnames = list(
    c("-3", "-2", "-1", "0", "1", "2"), c("A", "G"))), GM29_SNP1 = structure(c(0, 
1, 142, 1, 0, 1, 58, 0), dim = c(4L, 2L), dimnames = list(c("-2", 
"-1", "0", "1"), c("A", "G"))), IM16_SNP1 = structure(c(0, 0, 
11, 0, 0, 0, 0, 229, 5, 0, 0, 0, 0, 0, 0), dim = c(5L, 3L), dimnames = list(
    c("-2", "-1", "0", "1", "2"), c("A", "G", "T"))), IM49_SNP1 = structure(c(0, 
0, 1, 153, 1, 0, 0, 0, 12, 319, 3, 0, 0, 0, 0, 0, 0, 0), dim = c(6L, 
3L), dimnames = list(c("-3", "-2", "-1", "0", "1", "2"), c("C", 
"G", "T"))), LR10_SNP1 = structure(c(0, 2, 131, 0, 0, 6, 153, 
0), dim = c(4L, 2L), dimnames = list(c("-2", "-1", "0", "1"), 
    c("C", "T"))), LR11_SNP1 = structure(c(0, 0, 6, 345, 3, 0, 
0, 1, 10, 0, 0, 0, 0, 0, 0), dim = c(5L, 3L), dimnames = list(
    c("-3", "-2", "-1", "0", "1"), c("A", "C", "G"))), LR17_SNP1 = structure(c(0, 
0, 4, 325, 0, 0, 0, 0, 0, 0, 0, 0), dim = c(6L, 2L), dimnames = list(
    c("-4", "-2", "-1", "0", "1", "2"), c("A", "G"))), LR20_SNP1 = structure(c(0, 
96, 0, 0, 0, 168, 0, 0, 0, 1, 0, 0), dim = 4:3, dimnames = list(
    c("-1", "0", "1", "2"), c("A", "G", "T"))), LR24_SNP1 = structure(c(0, 
0, 0, 0, 0, 0, 0, 585, 0, 0, 0, 0, 802, 1, 0, 0, 0, 0, 0, 0), dim = 5:4, dimnames = list(
    c("-2", "-1", "0", "1", "2"), c("-", "A", "G", "T"))), LR36_SNP1 = structure(c(0, 
0, 0, 0, 19, 0, 0, 0, 0, 0, 0, 0, 0, 0, 0, 0, 0, 0, 1, 0, 0, 
0, 0, 1, 3, 380, 4, 0), dim = c(7L, 4L), dimnames = list(c("-4", 
"-3", "-2", "-1", "0", "1", "2"), c("A", "G", "N", "T"))), LR40_SNP1 = structure(c(0, 
0, 2, 0, 0, 0, 159, 0), dim = c(4L, 2L), dimnames = list(c("-2", 
"-1", "0", "1"), c("A", "C"))), LR44_SNP1 = structure(c(0, 0, 
0, 0, 0, 0, 2, 0, 13, 131, 1, 0, 0, 0, 0, 2, 0, 0, 0, 0, 7, 186, 
1, 0), dim = c(6L, 4L), dimnames = list(c("-3", "-2", "-1", "0", 
"1", "2"), c("A", "C", "N", "T"))), LR46_SNP1 = structure(c(0, 
0, 100, 0, 0, 0, 88, 0), dim = c(4L, 2L), dimnames = list(c("-2", 
"-1", "0", "1"), c("G", "T"))), LR48_SNP1 = structure(c(0, 0, 
0, 0, 0, 0, 0, 96, 0, 0, 0, 0, 69, 0, 0), dim = c(5L, 3L), dimnames = list(
    c("-2", "-1", "0", "1", "2"), c("A", "C", "T"))), LR49_SNP1 = structure(c(0, 
182, 0, 0, 209, 0), dim = 3:2, dimnames = list(c("-1", "0", "1"
), c("A", "G"))), LR52_SNP1 = structure(c(0, 0, 0, 0, 0, 0, 0, 
0, 0, 0, 0, 0, 11, 127, 4, 0, 0, 0, 3, 0), dim = 5:4, dimnames = list(
    c("-3", "-2", "-1", "0", "1"), c("-", "A", "C", "T"))))
