Result <-
list(DEPDC2_SNP1 = structure(c(0, 0, 0, 0, 0, 0, 133, 85, 64, 
0, 7, 558, 4, 0, 0), dim = c(5L, 3L), dimnames = list(c("-1", 
"0", "1", "2", "3"), c("A", "C", "T"))), GM01_SNP1 = structure(c(3, 
172, 0, 3, 186, 1), dim = 3:2, dimnames = list(c("-1", "0", "1"
), c("A", "G"))), GM07_SNP1 = structure(c(0, 2, 113, 44, 0, 0, 
0, 105, 3, 47, 0, 0), dim = c(6L, 2L), dimnames = list(c("-3", 
"-2", "-1", "0", "1", "3"), c("A", "G"))), GM09_SNP1 = structure(c(0, 
0, 33, 0, 0, 228, 439, 0), dim = c(4L, 2L), dimnames = list(c("-2", 
"-1", "0", "1"), c("A", "G"))), GM11_SNP1 = structure(c(0, 1, 
114, 1, 0, 3, 79, 1), dim = c(4L, 2L), dimnames = list(c("-2", 
"-1", "0", "1"), c("A", "G"))), GM14_SNP1 = structure(c(0, 0, 
0, 0, 0, 0, 0, 0, 5, 208, 4, 0, 0, 0, 2, 160, 0, 0), dim = c(6L, 
3L), dimnames = list(c("-3", "-2", "-1", "0", "1", "2"), c("A", 
"C", "T"))), GM17_SNP1 = structure(c(0, 0, 0, 0, 0, 3, 318, 0, 
0, 0, 13, 0), dim = 4:3, dimnames = list(c("-2", "-1", "0", "1"
), c("A", "C", "T"))), GM22_SNP1 = structure(c(0, 4, 172, 2, 
0, 0, 0, 122, 0, 0), dim = c(5L, 2L), dimnames = list(c("-2", 
"-1", "0", "1", "2"), c("A", "G"))), GM26_SNP1 = structure(c(0, 
174, 1, 0, 3, 1), dim = 3:2, dimnames = list(c("-1", "0", "1"
), c("A", "G"))), GM29_SNP1 = structure(c(0, 3, 272, 1, 0, 0, 
7, 0), dim = c(4L, 2L), dimnames = list(c("-2", "-1", "0", "1"
), c("A", "G"))), IM16_SNP1 = structure(c(0, 2, 141, 1, 0, 0, 
29, 74, 1, 0), dim = c(5L, 2L), dimnames = list(c("-2", "-1", 
"0", "1", "2"), c("A", "G"))), IM49_SNP1 = structure(c(0, 0, 
0, 0, 0, 0, 0, 0, 17, 459, 1, 0, 0, 5, 277, 117, 0, 0, 0, 0, 
0, 0, 0, 0), dim = c(6L, 4L), dimnames = list(c("-3", "-2", "-1", 
"0", "1", "2"), c("A", "C", "G", "T"))), LR10_SNP1 = structure(c(0, 
0, 12, 0, 0, 31, 200, 0), dim = c(4L, 2L), dimnames = list(c("-2", 
"-1", "0", "1"), c("C", "T"))), LR11_SNP1 = structure(c(0, 4, 
151, 261, 0, 0, 0, 0, 13, 0), dim = c(5L, 2L), dimnames = list(
    c("-5", "-2", "-1", "0", "1"), c("A", "C"))), LR17_SNP1 = structure(c(1, 
18, 233, 2, 1, 0, 0, 0, 0, 0), dim = c(5L, 2L), dimnames = list(
    c("-2", "-1", "0", "1", "2"), c("A", "G"))), LR20_SNP1 = structure(c(0, 
120, 0, 0, 0, 0, 0, 101, 1), dim = c(3L, 3L), dimnames = list(
    c("-1", "0", "1"), c("A", "C", "G"))), LR24_SNP1 = structure(c(0, 
0, 19, 986, 0, 0, 1, 394, 126, 0, 0, 0, 0, 0, 0), dim = c(5L, 
3L), dimnames = list(c("-3", "-2", "-1", "0", "1"), c("A", "G", 
"T"))), LR36_SNP1 = structure(c(0, 0, 0, 0, 0, 0, 0, 3, 160, 
73, 0, 0, 0, 0, 0, 0, 0, 0, 0, 0, 14, 212, 0, 0), dim = c(6L, 
4L), dimnames = list(c("-3", "-2", "-1", "0", "1", "2"), c("-", 
"A", "G", "T"))), LR40_SNP1 = structure(c(0, 1, 0, 3, 181, 3), dim = 3:2, dimnames = list(
    c("-1", "0", "1"), c("A", "C"))), LR44_SNP1 = structure(c(0, 
0, 2, 0, 0, 0, 0, 13, 129, 79, 83, 2, 0, 0, 0, 2, 0, 0, 0, 0, 
6, 50, 1, 0), dim = c(6L, 4L), dimnames = list(c("-3", "-2", 
"-1", "0", "1", "2"), c("-", "C", "G", "T"))), LR46_SNP1 = structure(c(1, 
82, 0, 0, 87, 0), dim = 3:2, dimnames = list(c("-1", "0", "1"
), c("G", "T"))), LR48_SNP1 = structure(c(0, 0, 0, 0, 0, 0, 11, 
163, 1, 0, 0, 0, 0, 0, 0, 0, 0, 5, 0, 0), dim = 5:4, dimnames = list(
    c("-2", "-1", "0", "1", "2"), c("A", "C", "G", "T"))), LR49_SNP1 = structure(c(0, 
223, 0, 0, 0, 0, 0, 291, 0, 0, 0, 0), dim = 3:4, dimnames = list(
    c("-1", "0", "1"), c("A", "C", "G", "T"))), LR52_SNP1 = structure(c(0, 
0, 0, 0, 0, 0, 1, 30, 158, 1, 0, 0, 0, 4, 0), dim = c(5L, 3L), dimnames = list(
    c("-3", "-2", "-1", "0", "1"), c("A", "C", "T"))))
