Result <-
list(DEPDC2_SNP1 = structure(c(0, 278, 25, 6, 378, 2), dim = 3:2, dimnames = list(
    c("-1", "0", "1"), c("C", "T"))), GM01_SNP1 = structure(c(0, 
92, 295, 0, 0, 85, 292, 2), dim = c(4L, 2L), dimnames = list(
    c("-2", "-1", "0", "1"), c("A", "G"))), GM07_SNP1 = structure(c(0, 
0, 0, 0, 0, 0, 0, 0, 64, 334, 7, 0, 0, 23, 126, 228, 4, 0), dim = c(6L, 
3L), dimnames = list(c("-3", "-2", "-1", "0", "1", "2"), c("-", 
"A", "G"))), GM09_SNP1 = structure(c(7, 1182, 0, 0, 0, 0, 0, 
11, 0, 0, 1, 0), dim = 3:4, dimnames = list(c("-1", "0", "1"), 
    c("A", "C", "G", "T"))), GM11_SNP1 = structure(c(0, 4, 0, 
12, 341, 1), dim = 3:2, dimnames = list(c("-1", "0", "1"), c("A", 
"G"))), GM14_SNP1 = structure(c(4, 121, 765, 7, 0, 0, 9, 0), dim = c(4L, 
2L), dimnames = list(c("-2", "-1", "0", "1"), c("C", "T"))), 
    GM17_SNP1 = structure(c(0, 0, 8, 0, 0, 95, 854, 3), dim = c(4L, 
    2L), dimnames = list(c("-2", "-1", "0", "1"), c("C", "T"))), 
    GM22_SNP1 = structure(c(0, 23, 586, 0, 0, 0, 0, 0), dim = c(4L, 
    2L), dimnames = list(c("-2", "-1", "0", "1"), c("A", "G"))), 
    GM26_SNP1 = structure(c(1, 79, 631, 0, 0, 0, 4, 0), dim = c(4L, 
    2L), dimnames = list(c("-2", "-1", "0", "1"), c("A", "G"))), 
    GM29_SNP1 = structure(c(6, 313, 0, 9, 287, 0), dim = 3:2, dimnames = list(
        c("-1", "0", "1"), c("A", "G"))), IM16_SNP1 = structure(c(0, 
    44, 188, 1, 0, 0, 0, 3, 211, 0, 1, 0), dim = c(6L, 2L), dimnames = list(
        c("-2", "-1", "0", "1", "2", "3"), c("A", "G"))), IM49_SNP1 = structure(c(1, 
    1, 11, 0, 0, 4, 112, 536, 8, 1), dim = c(5L, 2L), dimnames = list(
        c("-2", "-1", "0", "1", "2"), c("C", "G"))), LR10_SNP1 = structure(c(0, 
    13, 335, 1, 0, 6, 309, 2), dim = c(4L, 2L), dimnames = list(
        c("-2", "-1", "0", "1"), c("C", "T"))), LR11_SNP1 = structure(c(1, 
    34, 233, 0, 0, 4, 226, 1), dim = c(4L, 2L), dimnames = list(
        c("-2", "-1", "0", "1"), c("A", "C"))), LR17_SNP1 = structure(c(1, 
    0, 25, 297, 3), dim = c(5L, 1L), dimnames = list(c("-3", 
    "-2", "-1", "0", "1"), "A")), LR20_SNP1 = structure(c(1, 
    390, 0, 5), dim = c(2L, 2L), dimnames = list(c("-1", "0"), 
        c("A", "G"))), LR24_SNP1 = structure(c(11, 1200, 1, 3, 
    555, 1), dim = 3:2, dimnames = list(c("-1", "0", "1"), c("A", 
    "G"))), LR36_SNP1 = structure(c(0, 0, 1, 5, 0, 1, 4, 94, 
    341, 3), dim = c(5L, 2L), dimnames = list(c("-3", "-2", "-1", 
    "0", "1"), c("A", "T"))), LR40_SNP1 = structure(c(0, 1, 0, 
    2, 300, 0), dim = 3:2, dimnames = list(c("-1", "0", "1"), 
        c("A", "C"))), LR44_SNP1 = structure(c(0, 7, 72, 323, 
    6, 0, 0, 0, 0, 1, 0, 0, 1, 0, 5, 60, 0, 0), dim = c(6L, 3L
    ), dimnames = list(c("-3", "-2", "-1", "0", "1", "2"), c("C", 
    "G", "T"))), LR46_SNP1 = structure(c(0, 10, 524, 0, 0, 1, 
    5, 0), dim = c(4L, 2L), dimnames = list(c("-2", "-1", "0", 
    "1"), c("G", "T"))), LR48_SNP1 = structure(c(0, 0, 0, 0, 
    0, 14, 216, 2, 1, 12, 248, 3), dim = 4:3, dimnames = list(
        c("-2", "-1", "0", "1"), c("A", "C", "T"))), LR49_SNP1 = structure(c(1, 
    630, 0, 11), dim = c(2L, 2L), dimnames = list(c("-1", "0"
    ), c("A", "G"))), LR52_SNP1 = structure(c(3, 45, 119, 335, 
    1, 0, 0, 0, 4, 0), dim = c(5L, 2L), dimnames = list(c("-3", 
    "-2", "-1", "0", "1"), c("C", "T"))))
