Result <-
list(DEPDC2_SNP1 = structure(c(0, 0, 0, 0, 0, 0, 431, 0, 0, 0, 
0, 0, 1, 14, 372, 3), dim = c(4L, 4L), dimnames = list(c("-2", 
"-1", "0", "1"), c("A", "C", "G", "T"))), GM01_SNP1 = structure(c(0, 
2, 89, 0, 0, 1, 124, 0), dim = c(4L, 2L), dimnames = list(c("-2", 
"-1", "0", "1"), c("A", "G"))), GM07_SNP1 = structure(c(0, 11, 
85, 1, 0, 0, 11, 83, 0, 0, 0, 0, 0, 0, 0, 0, 0, 0, 0, 0), dim = 5:4, dimnames = list(
    c("-2", "-1", "0", "1", "2"), c("A", "G", "N", "T"))), GM09_SNP1 = structure(c(2, 
204, 0, 0, 0, 0, 0, 232, 0, 0, 0, 0), dim = 3:4, dimnames = list(
    c("-1", "0", "1"), c("A", "C", "G", "T"))), GM11_SNP1 = structure(c(0, 
107, 0, 0, 4, 0), dim = 3:2, dimnames = list(c("-1", "0", "1"
), c("A", "G"))), GM14_SNP1 = structure(c(0, 5, 111, 0, 0, 0, 
3, 101, 0, 0), dim = c(5L, 2L), dimnames = list(c("-2", "-1", 
"0", "1", "4"), c("C", "T"))), GM17_SNP1 = structure(c(0, 0, 
0, 0, 0, 0, 2, 134, 1, 0, 0, 3, 113, 0, 0), dim = c(5L, 3L), dimnames = list(
    c("-2", "-1", "0", "1", "2"), c("A", "C", "T"))), GM22_SNP1 = structure(c(1, 
22, 87, 0, 0, 0, 0, 78, 0, 0), dim = c(5L, 2L), dimnames = list(
    c("-2", "-1", "0", "1", "2"), c("A", "G"))), GM26_SNP1 = structure(c(0, 
0, 1, 70, 0, 0, 0, 6, 56, 0), dim = c(5L, 2L), dimnames = list(
    c("-3", "-2", "-1", "0", "1"), c("A", "G"))), GM29_SNP1 = structure(c(0, 
3, 67, 0, 0, 0, 47, 0), dim = c(4L, 2L), dimnames = list(c("-2", 
"-1", "0", "1"), c("A", "G"))), IM16_SNP1 = structure(c(0, 0, 
0, 0, 0, 0, 6, 131, 4, 0, 0, 0, 3, 0, 0, 0, 0, 0, 0, 0), dim = 5:4, dimnames = list(
    c("-2", "-1", "0", "1", "2"), c("-", "A", "G", "T"))), IM49_SNP1 = structure(c(0, 
0, 0, 0, 0, 0, 0, 0, 8, 195, 0, 0, 0, 0, 11, 168, 1, 0), dim = c(6L, 
3L), dimnames = list(c("-3", "-2", "-1", "0", "1", "2"), c("A", 
"C", "G"))), LR10_SNP1 = structure(c(0, 0, 0, 0, 0, 0, 23, 141, 
1, 0, 0, 0, 0, 0, 0, 0, 0, 6, 0, 0), dim = 5:4, dimnames = list(
    c("-2", "-1", "0", "1", "2"), c("-", "C", "G", "T"))), LR11_SNP1 = structure(c(0, 
0, 0, 1, 0, 0, 0, 9, 197, 0, 0, 0, 0, 0, 0), dim = c(5L, 3L), dimnames = list(
    c("-3", "-2", "-1", "0", "1"), c("A", "C", "T"))), LR17_SNP1 = structure(c(1, 
4, 171, 2, 0, 0, 0, 0, 0, 0), dim = c(5L, 2L), dimnames = list(
    c("-2", "-1", "0", "1", "2"), c("A", "G"))), LR20_SNP1 = structure(c(0, 
1, 80, 0, 0, 1, 97, 0, 0, 0, 0, 0), dim = 4:3, dimnames = list(
    c("-2", "-1", "0", "1"), c("A", "G", "T"))), LR24_SNP1 = structure(c(0, 
0, 0, 0, 0, 0, 10, 305, 0, 0, 0, 0, 0, 0, 0, 0, 1, 327, 0, 0, 
0, 0, 1, 0, 0), dim = c(5L, 5L), dimnames = list(c("-2", "-1", 
"0", "1", "2"), c("-", "A", "C", "G", "N"))), LR36_SNP1 = structure(c(0, 
0, 0, 0, 0, 0, 0, 0, 1, 26, 188, 0, 0, 0, 0, 0, 0, 0, 0, 0, 0, 
1, 11, 0), dim = c(6L, 4L), dimnames = list(c("-4", "-3", "-2", 
"-1", "0", "1"), c("-", "A", "G", "T"))), LR40_SNP1 = structure(c(0, 
0, 1, 0, 0, 3, 132, 1), dim = c(4L, 2L), dimnames = list(c("-2", 
"-1", "0", "1"), c("A", "C"))), LR44_SNP1 = structure(c(0, 2, 
35, 197, 2, 0, 0, 0, 0, 0, 0, 0, 0, 0, 0, 1, 0, 0, 0, 0, 1, 9, 
0, 0), dim = c(6L, 4L), dimnames = list(c("-3", "-2", "-1", "0", 
"1", "2"), c("C", "G", "N", "T"))), LR46_SNP1 = structure(c(0, 
0, 0, 0, 112, 0, 1, 110, 0), dim = c(3L, 3L), dimnames = list(
    c("-1", "0", "1"), c("C", "G", "T"))), LR48_SNP1 = structure(c(0, 
9, 129, 0, 0, 1, 2, 0), dim = c(4L, 2L), dimnames = list(c("-2", 
"-1", "0", "1"), c("C", "T"))), LR49_SNP1 = structure(c(0, 2, 
0, 1, 286, 2), dim = 3:2, dimnames = list(c("-1", "0", "1"), 
    c("A", "G"))), LR52_SNP1 = structure(c(0, 0, 0, 0, 0, 0, 
0, 1, 0, 0, 1, 10, 72, 17, 0), dim = c(5L, 3L), dimnames = list(
    c("-2", "-1", "0", "1", "2"), c("A", "C", "T"))))
