Result <-
list(DEPDC2_SNP1 = structure(c(0, 3, 449, 0, 0, 0, 0, 0, 0, 1, 
533, 2), dim = 4:3, dimnames = list(c("-2", "-1", "0", "1"), 
    c("C", "G", "T"))), GM01_SNP1 = structure(c(0, 20, 0, 0, 
0, 0, 1, 384, 1), dim = c(3L, 3L), dimnames = list(c("-1", "0", 
"1"), c("A", "C", "G"))), GM07_SNP1 = structure(c(3, 23, 166, 
1, 0, 3, 66, 60, 2, 0), dim = c(5L, 2L), dimnames = list(c("-2", 
"-1", "0", "1", "2"), c("A", "G"))), GM09_SNP1 = structure(c(0, 
0, 23, 0, 1, 73, 546, 0, 0, 0, 0, 0), dim = 4:3, dimnames = list(
    c("-2", "-1", "0", "1"), c("A", "G", "T"))), GM11_SNP1 = structure(c(3, 
110, 1, 5, 112, 1), dim = 3:2, dimnames = list(c("-1", "0", "1"
), c("A", "G"))), GM14_SNP1 = structure(c(0, 27, 461, 2, 0, 0, 
0, 0, 14, 0, 0, 0), dim = c(6L, 2L), dimnames = list(c("-2", 
"-1", "0", "1", "2", "3"), c("C", "T"))), GM17_SNP1 = structure(c(0, 
5, 361, 5, 0, 0, 13, 0), dim = c(4L, 2L), dimnames = list(c("-2", 
"-1", "0", "1"), c("C", "T"))), GM22_SNP1 = structure(c(0, 4, 
322, 0, 0, 0, 5, 0), dim = c(4L, 2L), dimnames = list(c("-2", 
"-1", "0", "1"), c("A", "G"))), GM26_SNP1 = structure(c(0, 0, 
97, 0, 0, 0, 92, 0), dim = c(4L, 2L), dimnames = list(c("-3", 
"-1", "0", "1"), c("A", "G"))), GM29_SNP1 = structure(c(0, 8, 
0, 0, 1, 254, 40, 1, 0, 1, 0, 0), dim = 4:3, dimnames = list(
    c("-1", "0", "1", "2"), c("A", "G", "T"))), IM16_SNP1 = structure(c(0, 
6, 168, 1, 0, 0, 0, 0, 0, 0, 0, 9, 145, 7, 0, 0, 0, 0, 0, 0), dim = 5:4, dimnames = list(
    c("-2", "-1", "0", "1", "2"), c("A", "C", "G", "T"))), IM49_SNP1 = structure(c(0, 
0, 0, 0, 0, 0, 47, 523, 2, 0, 2, 53, 320, 1, 0, 0, 0, 0, 0, 0
), dim = 5:4, dimnames = list(c("-2", "-1", "0", "1", "2"), c("A", 
"C", "G", "T"))), LR10_SNP1 = structure(c(0, 0, 0, 0, 0, 0, 12, 
0, 0, 4, 235, 1), dim = 4:3, dimnames = list(c("-2", "-1", "0", 
"1"), c("A", "C", "T"))), LR11_SNP1 = structure(c(0, 0, 2, 172, 
0, 0, 0, 11, 173, 0), dim = c(5L, 2L), dimnames = list(c("-4", 
"-2", "-1", "0", "1"), c("A", "C"))), LR17_SNP1 = structure(c(2, 
40, 322, 4, 0, 0, 0, 0, 0, 0), dim = c(5L, 2L), dimnames = list(
    c("-2", "-1", "0", "1", "2"), c("A", "G"))), LR20_SNP1 = structure(c(0, 
11, 0, 3, 234, 0, 0, 0, 0), dim = c(3L, 3L), dimnames = list(
    c("-1", "0", "1"), c("A", "G", "T"))), LR24_SNP1 = structure(c(0, 
0, 40, 1300, 0, 0, 0, 1, 13, 0, 0, 0, 0, 0, 0), dim = c(5L, 3L
), dimnames = list(c("-3", "-2", "-1", "0", "1"), c("A", "G", 
"T"))), LR36_SNP1 = structure(c(0, 1, 47, 213, 24, 0, 0, 0, 0, 
0, 0, 0, 0, 1, 31, 230, 1, 0), dim = c(6L, 3L), dimnames = list(
    c("-3", "-2", "-1", "0", "1", "2"), c("A", "G", "T"))), LR40_SNP1 = structure(c(0, 
0, 1, 0, 0, 11, 256, 0, 0, 0, 0, 0), dim = 4:3, dimnames = list(
    c("-2", "-1", "0", "1"), c("A", "C", "T"))), LR44_SNP1 = structure(c(0, 
0, 0, 1, 0, 0, 0, 0, 6, 43, 239, 0, 0, 0, 0, 1, 1, 1, 0, 0, 0
), dim = c(7L, 3L), dimnames = list(c("-3", "-2", "-1", "0", 
"1", "2", "6"), c("-", "C", "T"))), LR46_SNP1 = structure(c(0, 
0, 18, 0, 0, 40, 155, 0), dim = c(4L, 2L), dimnames = list(c("-2", 
"-1", "0", "1"), c("G", "T"))), LR48_SNP1 = structure(c(0, 0, 
0, 0, 0, 2, 105, 1, 0, 7, 57, 0), dim = 4:3, dimnames = list(
    c("-2", "-1", "0", "1"), c("A", "C", "T"))), LR49_SNP1 = structure(c(1, 
11, 221, 0, 60, 207, 0, 0, 0), dim = c(3L, 3L), dimnames = list(
    c("-2", "-1", "0"), c("A", "G", "T"))), LR52_SNP1 = structure(c(0, 
0, 1, 0, 6, 0, 0, 0, 1, 24, 46, 125, 0, 0), dim = c(7L, 2L), dimnames = list(
    c("-4", "-3", "-2", "-1", "0", "1", "2"), c("C", "T"))))
