Result <-
list(DEPDC2_SNP1 = structure(c(0, 0, 0, 0, 0, 1, 312, 0, 0, 0, 
0, 0, 1, 1, 266, 0), dim = c(4L, 4L), dimnames = list(c("-2", 
"-1", "0", "1"), c("A", "C", "G", "T"))), GM01_SNP1 = structure(c(0, 
1, 196, 0, 0, 0, 0, 0, 0, 0, 3, 0), dim = 4:3, dimnames = list(
    c("-2", "-1", "0", "1"), c("A", "C", "G"))), GM07_SNP1 = structure(c(0, 
0, 0, 7, 0, 0, 0, 0, 4, 173, 0, 0, 0, 0, 0, 0, 0, 0), dim = c(6L, 
3L), dimnames = list(c("-3", "-2", "-1", "0", "1", "2"), c("A", 
"G", "T"))), GM09_SNP1 = structure(c(0, 347, 0, 0, 13, 0, 0, 
0, 0), dim = c(3L, 3L), dimnames = list(c("-1", "0", "1"), c("A", 
"G", "T"))), GM11_SNP1 = structure(c(0, 0, 57, 0, 0, 0, 72, 0
), dim = c(4L, 2L), dimnames = list(c("-2", "-1", "0", "1"), 
    c("A", "G"))), GM14_SNP1 = structure(c(0, 2, 109, 1, 0, 1, 
0, 111, 0, 0), dim = c(5L, 2L), dimnames = list(c("-2", "-1", 
"0", "1", "2"), c("C", "T"))), GM17_SNP1 = structure(c(0, 0, 
0, 0, 0, 0, 0, 135, 0, 0, 0, 0, 147, 0, 0), dim = c(5L, 3L), dimnames = list(
    c("-3", "-1", "0", "1", "2"), c("A", "C", "T"))), GM22_SNP1 = structure(c(0, 
193, 0, 0, 0, 1, 0, 0), dim = c(4L, 2L), dimnames = list(c("-1", 
"0", "1", "2"), c("A", "G"))), GM26_SNP1 = structure(c(0, 62, 
0, 0, 46, 0), dim = 3:2, dimnames = list(c("-1", "0", "1"), c("A", 
"G"))), GM29_SNP1 = structure(c(0, 103, 0, 0, 99, 0), dim = 3:2, dimnames = list(
    c("-1", "0", "1"), c("A", "G"))), IM16_SNP1 = structure(c(0, 
0, 175, 1, 0, 0, 5, 0), dim = c(4L, 2L), dimnames = list(c("-2", 
"-1", "0", "1"), c("A", "G"))), IM49_SNP1 = structure(c(0, 0, 
0, 0, 0, 0, 15, 543, 2, 0, 0, 0, 8, 0, 0), dim = c(5L, 3L), dimnames = list(
    c("-2", "-1", "0", "1", "2"), c("A", "C", "G"))), LR10_SNP1 = structure(c(0, 
1, 0, 1, 70, 0, 1, 73, 0), dim = c(3L, 3L), dimnames = list(c("-1", 
"0", "1"), c("A", "C", "T"))), LR11_SNP1 = structure(c(0, 0, 
4, 0, 0, 2, 125, 0), dim = c(4L, 2L), dimnames = list(c("-2", 
"-1", "0", "1"), c("A", "C"))), LR17_SNP1 = structure(c(0, 1, 
275, 1, 0, 0, 0, 0, 0, 0), dim = c(5L, 2L), dimnames = list(c("-2", 
"-1", "0", "1", "2"), c("A", "G"))), LR20_SNP1 = structure(c(0, 
195, 0, 0, 2, 0), dim = 3:2, dimnames = list(c("-1", "0", "1"
), c("A", "G"))), LR24_SNP1 = structure(c(0, 0, 784, 0, 0, 0, 
9, 0, 0, 0, 0, 0), dim = 4:3, dimnames = list(c("-2", "-1", "0", 
"1"), c("A", "G", "T"))), LR36_SNP1 = structure(c(0, 0, 0, 1, 
9, 0, 0, 0, 0, 1, 334, 0), dim = c(6L, 2L), dimnames = list(c("-4", 
"-3", "-2", "-1", "0", "1"), c("A", "T"))), LR40_SNP1 = structure(c(0, 
0, 1, 0, 0, 0, 185, 0), dim = c(4L, 2L), dimnames = list(c("-2", 
"-1", "0", "1"), c("A", "C"))), LR44_SNP1 = structure(c(0, 0, 
0, 0, 0, 0, 1, 2, 234, 5, 0, 1, 0, 0, 1, 0, 0, 0, 0, 0, 7, 0, 
0, 0), dim = c(6L, 4L), dimnames = list(c("-2", "-1", "0", "1", 
"2", "3"), c("A", "C", "G", "T"))), LR46_SNP1 = structure(c(0, 
132, 1, 1, 2, 0), dim = 3:2, dimnames = list(c("-1", "0", "1"
), c("G", "T"))), LR48_SNP1 = structure(c(0, 0, 0, 0, 0, 1, 134, 
1, 0, 0, 1, 0), dim = 4:3, dimnames = list(c("-2", "-1", "0", 
"1"), c("A", "C", "T"))), LR49_SNP1 = structure(c(0, 3, 0, 0, 
288, 0), dim = 3:2, dimnames = list(c("-1", "0", "1"), c("A", 
"G"))), LR52_SNP1 = structure(c(0, 2, 2, 0, 0, 6, 107, 2), dim = c(4L, 
2L), dimnames = list(c("-2", "-1", "0", "1"), c("C", "T"))))
