Result <-
list(DEPDC2_SNP1 = structure(c(0, 0, 0, 0, 15, 0, 30, 274, 1), dim = c(3L, 
3L), dimnames = list(c("-1", "0", "1"), c("A", "C", "T"))), GM01_SNP1 = structure(c(3, 
211, 0, 0, 11, 0), dim = 3:2, dimnames = list(c("-1", "0", "1"
), c("A", "G"))), GM07_SNP1 = structure(c(0, 2, 6, 0, 0, 0, 0, 
9, 96, 13, 0, 0), dim = c(6L, 2L), dimnames = list(c("-2", "-1", 
"0", "1", "2", "3"), c("A", "G"))), GM09_SNP1 = structure(c(4, 
459, 0, 0, 1, 22, 0, 0, 0, 0, 0, 0), dim = 4:3, dimnames = list(
    c("-1", "0", "1", "2"), c("A", "G", "T"))), GM11_SNP1 = structure(c(0, 
0, 39, 0, 0, 0, 0, 0, 0, 0, 28, 0), dim = 4:3, dimnames = list(
    c("-2", "-1", "0", "1"), c("A", "C", "G"))), GM14_SNP1 = structure(c(0, 
0, 0, 0, 0, 0, 1, 123, 0, 0, 0, 0, 83, 0, 0), dim = c(5L, 3L), dimnames = list(
    c("-2", "-1", "0", "1", "2"), c("A", "C", "T"))), GM17_SNP1 = structure(c(0, 
0, 3, 477, 1, 0, 0, 0, 0, 0, 0, 0, 0, 0, 0, 22, 0, 0), dim = c(6L, 
3L), dimnames = list(c("-3", "-2", "-1", "0", "1", "2"), c("C", 
"G", "T"))), GM22_SNP1 = structure(c(0, 1, 202, 0, 0, 0, 0, 4, 
0, 0, 0, 0, 0, 0, 0), dim = c(5L, 3L), dimnames = list(c("-2", 
"-1", "0", "1", "2"), c("A", "G", "T"))), GM26_SNP1 = structure(c(0, 
0, 32, 0, 0, 2, 35, 0), dim = c(4L, 2L), dimnames = list(c("-2", 
"-1", "0", "1"), c("A", "G"))), GM29_SNP1 = structure(c(0, 0, 
164, 1, 0, 0, 4, 0), dim = c(4L, 2L), dimnames = list(c("-2", 
"-1", "0", "1"), c("A", "G"))), IM16_SNP1 = structure(c(0, 5, 
50, 0, 0, 0, 0, 53, 1, 0, 0, 0, 0, 0, 0), dim = c(5L, 3L), dimnames = list(
    c("-2", "-1", "0", "1", "2"), c("A", "G", "T"))), IM49_SNP1 = structure(c(0, 
0, 0, 0, 0, 1, 29, 793, 8, 0, 0, 0, 11, 0, 0), dim = c(5L, 3L
), dimnames = list(c("-2", "-1", "0", "1", "2"), c("A", "C", 
"G"))), LR10_SNP1 = structure(c(0, 8, 64, 1, 0, 0, 62, 0), dim = c(4L, 
2L), dimnames = list(c("-2", "-1", "0", "1"), c("C", "T"))), 
    LR11_SNP1 = structure(c(0, 0, 0, 6, 0, 0, 0, 8, 121, 0, 0, 
    0, 0, 1, 0), dim = c(5L, 3L), dimnames = list(c("-3", "-2", 
    "-1", "0", "1"), c("A", "C", "T"))), LR17_SNP1 = structure(c(0, 
    0, 5, 220, 3, 0, 0, 0, 0, 0, 0, 0), dim = c(6L, 2L), dimnames = list(
        c("-3", "-2", "-1", "0", "1", "2"), c("A", "G"))), LR20_SNP1 = structure(c(1, 
    121, 0, 0, 113, 0), dim = 3:2, dimnames = list(c("-1", "0", 
    "1"), c("A", "G"))), LR24_SNP1 = structure(c(0, 3, 724, 1, 
    0, 0, 10, 0), dim = c(4L, 2L), dimnames = list(c("-2", "-1", 
    "0", "1"), c("A", "G"))), LR36_SNP1 = structure(c(0, 0, 0, 
    0, 0, 7, 0, 0, 0, 0, 0, 0, 0, 0, 0, 0, 0, 0, 0, 18, 33, 272, 
    0, 0), dim = c(8L, 3L), dimnames = list(c("-5", "-4", "-3", 
    "-2", "-1", "0", "1", "2"), c("A", "G", "T"))), LR40_SNP1 = structure(c(0, 
    123, 0), dim = c(3L, 1L), dimnames = list(c("-1", "0", "1"
    ), "C")), LR44_SNP1 = structure(c(0, 0, 0, 0, 0, 0, 1, 62, 
    1, 0, 0, 5, 65, 3, 0), dim = c(5L, 3L), dimnames = list(c("-2", 
    "-1", "0", "1", "2"), c("A", "C", "T"))), LR46_SNP1 = structure(c(0, 
    2, 0, 3, 92, 0), dim = 3:2, dimnames = list(c("-1", "0", 
    "1"), c("G", "T"))), LR48_SNP1 = structure(c(0, 0, 0, 0, 
    0, 0, 9, 65, 1, 0), dim = c(5L, 2L), dimnames = list(c("-2", 
    "-1", "0", "1", "2"), c("A", "C"))), LR49_SNP1 = structure(c(0, 
    2, 1, 174), dim = c(2L, 2L), dimnames = list(c("-1", "0"), 
        c("A", "G"))), LR52_SNP1 = structure(c(0, 1, 0, 2, 0, 
    0, 0, 2, 5, 29, 2, 0), dim = c(6L, 2L), dimnames = list(c("-3", 
    "-2", "-1", "0", "1", "2"), c("C", "T"))))
