Result <-
list(DEPDC2_SNP1 = structure(c(0, 0, 0, 0, 10, 0, 0, 0, 0, 3, 
1334, 2), dim = 3:4, dimnames = list(c("-1", "0", "1"), c("A", 
"C", "G", "T"))), GM01_SNP1 = structure(c(1, 0, 219, 0, 0, 0, 
219, 1), dim = c(4L, 2L), dimnames = list(c("-2", "-1", "0", 
"1"), c("A", "G"))), GM07_SNP1 = structure(c(0, 0, 0, 0, 0, 0, 
0, 1, 185, 1, 0, 0, 0, 3, 158, 1, 0, 0), dim = c(6L, 3L), dimnames = list(
    c("-2", "-1", "0", "1", "2", "3"), c("-", "A", "G"))), GM09_SNP1 = structure(c(0, 
22, 0, 0, 0, 0, 1, 846, 0, 0, 1, 0), dim = 3:4, dimnames = list(
    c("-1", "0", "1"), c("A", "C", "G", "T"))), GM11_SNP1 = structure(c(0, 
1, 227, 0, 0, 0, 1, 0, 0, 0, 0, 0), dim = 4:3, dimnames = list(
    c("-2", "-1", "0", "1"), c("A", "G", "T"))), GM14_SNP1 = structure(c(0, 
0, 0, 0, 0, 0, 2, 234, 0, 1, 0, 2, 238, 0, 0), dim = c(5L, 3L
), dimnames = list(c("-2", "-1", "0", "1", "2"), c("A", "C", 
"T"))), GM17_SNP1 = structure(c(0, 3, 409, 0, 0, 0, 18, 0), dim = c(4L, 
2L), dimnames = list(c("-2", "-1", "0", "1"), c("C", "T"))), 
    GM22_SNP1 = structure(c(0, 3, 421, 0, 0, 0, 0, 1, 0, 0, 0, 
    0, 0, 0, 0), dim = c(5L, 3L), dimnames = list(c("-2", "-1", 
    "0", "1", "2"), c("A", "G", "T"))), GM26_SNP1 = structure(c(1, 
    2, 303, 0, 0, 1, 0, 0), dim = c(4L, 2L), dimnames = list(
        c("-2", "-1", "0", "1"), c("A", "G"))), GM29_SNP1 = structure(c(0, 
    0, 0, 0, 0, 0, 164, 1, 0, 0, 131, 0, 0, 0, 1, 0), dim = c(4L, 
    4L), dimnames = list(c("-2", "-1", "0", "1"), c("-", "A", 
    "G", "T"))), IM16_SNP1 = structure(c(0, 1, 160, 0, 0, 0, 
    0, 187, 0, 0, 0, 0, 0, 0, 0), dim = c(5L, 3L), dimnames = list(
        c("-2", "-1", "0", "1", "2"), c("A", "G", "T"))), IM49_SNP1 = structure(c(0, 
    7, 273, 1, 0, 0, 7, 251, 3, 0), dim = c(5L, 2L), dimnames = list(
        c("-2", "-1", "0", "1", "2"), c("C", "G"))), LR10_SNP1 = structure(c(0, 
    0, 0, 0, 0, 0, 0, 6, 0, 0, 0, 3, 319, 0, 0), dim = c(5L, 
    3L), dimnames = list(c("-2", "-1", "0", "1", "2"), c("A", 
    "C", "T"))), LR11_SNP1 = structure(c(0, 0, 0, 0, 0, 0, 0, 
    0, 1, 450, 1, 0, 0, 0, 0, 5, 0, 0, 0, 0, 0, 0, 0, 0, 0, 0, 
    0, 0, 0, 0), dim = 6:5, dimnames = list(c("-4", "-2", "-1", 
    "0", "1", "2"), c("-", "A", "C", "G", "T"))), LR17_SNP1 = structure(c(0, 
    4, 278, 0, 0, 0, 0, 0, 0, 0), dim = c(5L, 2L), dimnames = list(
        c("-2", "-1", "0", "1", "2"), c("A", "G"))), LR20_SNP1 = structure(c(0, 
    0, 0, 0, 0, 1, 349, 1, 0, 0, 4, 0), dim = 4:3, dimnames = list(
        c("-2", "-1", "0", "1"), c("-", "A", "G"))), LR24_SNP1 = structure(c(0, 
    0, 0, 0, 0, 0, 0, 22, 1, 0, 0, 0, 1345, 0, 0, 0, 0, 0, 0, 
    0), dim = 5:4, dimnames = list(c("-2", "-1", "0", "1", "2"
    ), c("-", "A", "G", "T"))), LR36_SNP1 = structure(c(0, 0, 
    0, 0, 0, 0, 0, 0, 0, 9, 521, 2, 0, 0, 0, 0, 1, 0, 0, 0, 0, 
    1, 3, 0), dim = c(6L, 4L), dimnames = list(c("-4", "-3", 
    "-2", "-1", "0", "1"), c("-", "A", "N", "T"))), LR40_SNP1 = structure(c(0, 
    0, 117, 0, 0, 2, 147, 0, 0, 0, 0, 0), dim = 4:3, dimnames = list(
        c("-2", "-1", "0", "1"), c("A", "C", "G"))), LR44_SNP1 = structure(c(0, 
    0, 0, 0, 0, 0, 0, 1, 7, 336, 2, 0, 0, 0, 1, 1, 0, 0, 0, 0, 
    1, 4, 0, 0), dim = c(6L, 4L), dimnames = list(c("-3", "-2", 
    "-1", "0", "1", "2"), c("A", "C", "N", "T"))), LR46_SNP1 = structure(c(0, 
    0, 0, 0, 6, 0, 0, 248, 0), dim = c(3L, 3L), dimnames = list(
        c("-1", "0", "1"), c("C", "G", "T"))), LR48_SNP1 = structure(c(0, 
    7, 244, 1, 0), dim = c(5L, 1L), dimnames = list(c("-2", "-1", 
    "0", "1", "2"), "C")), LR49_SNP1 = structure(c(0, 1, 0, 0, 
    582, 1), dim = 3:2, dimnames = list(c("-1", "0", "1"), c("A", 
    "G"))), LR52_SNP1 = structure(c(0, 0, 0, 0, 0, 0, 0, 0, 0, 
    0, 0, 0, 5, 178, 1, 0, 1, 0, 6, 0), dim = 5:4, dimnames = list(
        c("-3", "-2", "-1", "0", "1"), c("-", "A", "C", "T"))))
