Result <-
list(DEPDC2_SNP1 = structure(c(0, 0, 0, 0, 2, 327, 0, 0, 3, 343, 
1, 0), dim = 4:3, dimnames = list(c("-1", "0", "1", "2"), c("A", 
"C", "T"))), GM01_SNP1 = structure(c(0, 0, 0, 0, 0, 0, 1, 96, 
0, 0, 0, 0, 74, 0, 0), dim = c(5L, 3L), dimnames = list(c("-2", 
"-1", "0", "1", "2"), c("-", "A", "G"))), GM07_SNP1 = structure(c(0, 
3, 103, 0, 0, 0, 5, 62, 0, 0, 0, 0, 0, 0, 0), dim = c(5L, 3L), dimnames = list(
    c("-2", "-1", "0", "1", "2"), c("A", "G", "T"))), GM09_SNP1 = structure(c(0, 
199, 0, 0, 0, 0, 0, 165, 0, 0, 0, 0), dim = 3:4, dimnames = list(
    c("-1", "0", "1"), c("A", "C", "G", "T"))), GM11_SNP1 = structure(c(0, 
3, 0, 0, 82, 0), dim = 3:2, dimnames = list(c("-1", "0", "1"), 
    c("A", "G"))), GM14_SNP1 = structure(c(0, 0, 4, 235, 1, 0, 
0, 0, 0, 10, 0, 0), dim = c(6L, 2L), dimnames = list(c("-3", 
"-2", "-1", "0", "1", "2"), c("C", "T"))), GM17_SNP1 = structure(c(0, 
0, 143, 1, 0, 0, 91, 0), dim = c(4L, 2L), dimnames = list(c("-2", 
"-1", "0", "1"), c("C", "T"))), GM22_SNP1 = structure(c(0, 0, 
173, 0, 0, 0, 0, 5, 0, 0, 0, 0, 0, 0, 0), dim = c(5L, 3L), dimnames = list(
    c("-2", "-1", "0", "1", "2"), c("A", "G", "T"))), GM26_SNP1 = structure(c(0, 
1, 106, 0, 0, 0, 5, 0, 0, 0, 0, 0), dim = 4:3, dimnames = list(
    c("-2", "-1", "0", "1"), c("A", "G", "T"))), GM29_SNP1 = structure(c(0, 
1, 69, 0, 0, 0, 86, 0), dim = c(4L, 2L), dimnames = list(c("-2", 
"-1", "0", "1"), c("A", "G"))), IM16_SNP1 = structure(c(0, 3, 
0, 0, 117, 0), dim = 3:2, dimnames = list(c("-1", "0", "1"), 
    c("A", "G"))), IM49_SNP1 = structure(c(0, 0, 0, 0, 0, 0, 
8, 233, 1, 0, 0, 5, 264, 1, 0, 0, 0, 0, 0, 0), dim = 5:4, dimnames = list(
    c("-2", "-1", "0", "1", "2"), c("A", "C", "G", "T"))), LR10_SNP1 = structure(c(0, 
0, 0, 0, 0, 0, 0, 3, 176, 1, 0, 0, 0, 6, 0), dim = c(5L, 3L), dimnames = list(
    c("-4", "-2", "-1", "0", "1"), c("A", "C", "T"))), LR11_SNP1 = structure(c(0, 
0, 1, 6, 0, 0, 0, 6, 133, 1), dim = c(5L, 2L), dimnames = list(
    c("-3", "-2", "-1", "0", "1"), c("A", "C"))), LR17_SNP1 = structure(c(0, 
0, 3, 184, 0, 0, 0, 0, 0, 0), dim = c(5L, 2L), dimnames = list(
    c("-3", "-2", "-1", "0", "1"), c("A", "G"))), LR20_SNP1 = structure(c(0, 
63, 0, 0, 77, 0), dim = 3:2, dimnames = list(c("-1", "0", "1"
), c("A", "G"))), LR24_SNP1 = structure(c(0, 549, 0, 0, 18, 0, 
0, 0, 0), dim = c(3L, 3L), dimnames = list(c("-1", "0", "1"), 
    c("A", "G", "T"))), LR36_SNP1 = structure(c(0, 0, 0, 1, 8, 
0, 0, 0, 0, 0, 0, 0, 0, 0, 0, 0, 0, 0, 0, 0, 1, 2, 274, 0), dim = c(6L, 
4L), dimnames = list(c("-4", "-3", "-2", "-1", "0", "1"), c("A", 
"C", "G", "T"))), LR40_SNP1 = structure(c(0, 1, 0, 1, 110, 0), dim = 3:2, dimnames = list(
    c("-1", "0", "1"), c("A", "C"))), LR44_SNP1 = structure(c(0, 
0, 0, 0, 0, 0, 7, 125, 0, 0, 1, 5, 102, 1, 0), dim = c(5L, 3L
), dimnames = list(c("-2", "-1", "0", "1", "2"), c("A", "C", 
"T"))), LR46_SNP1 = structure(c(0, 0, 0, 1, 70, 0, 0, 73, 0), dim = c(3L, 
3L), dimnames = list(c("-1", "0", "1"), c("C", "G", "T"))), LR48_SNP1 = structure(c(0, 
2, 79, 0, 0, 0, 2, 0), dim = c(4L, 2L), dimnames = list(c("-2", 
"-1", "0", "1"), c("C", "T"))), LR49_SNP1 = structure(c(0, 153, 
0, 1, 129, 1, 0, 0, 0), dim = c(3L, 3L), dimnames = list(c("-1", 
"0", "1"), c("A", "G", "T"))), LR52_SNP1 = structure(c(0, 0, 
0, 0, 0, 0, 0, 0, 0, 31, 1, 0, 0, 0, 3, 60, 1, 0), dim = c(6L, 
3L), dimnames = list(c("-3", "-2", "-1", "0", "1", "2"), c("A", 
"C", "T"))))
