Result <-
list(DEPDC2_SNP1 = structure(c(0, 0, 0, 0, 0, 0, 0, 0, 9, 0, 
0, 0, 0, 664, 1), dim = c(5L, 3L), dimnames = list(c("-4", "-2", 
"-1", "0", "1"), c("A", "C", "T"))), GM01_SNP1 = structure(c(0, 
2, 123, 0, 0, 0, 124, 0, 0, 0, 0, 0), dim = 4:3, dimnames = list(
    c("-2", "-1", "0", "1"), c("A", "G", "T"))), GM07_SNP1 = structure(c(0, 
9, 87, 3, 0, 0, 7, 102, 0, 0, 0, 0, 0, 0, 0), dim = c(5L, 3L), dimnames = list(
    c("-2", "-1", "0", "1", "2"), c("A", "G", "T"))), GM09_SNP1 = structure(c(0, 
2, 305, 0, 0, 29, 274, 0), dim = c(4L, 2L), dimnames = list(c("-2", 
"-1", "0", "1"), c("A", "G"))), GM11_SNP1 = structure(c(0, 5, 
75, 0, 0, 0, 0, 6, 0, 0), dim = c(5L, 2L), dimnames = list(c("-2", 
"-1", "0", "1", "2"), c("A", "G"))), GM14_SNP1 = structure(c(0, 
0, 8, 274, 4, 0, 0, 0, 0, 8, 0, 0), dim = c(6L, 2L), dimnames = list(
    c("-3", "-2", "-1", "0", "1", "2"), c("C", "T"))), GM17_SNP1 = structure(c(0, 
0, 0, 0, 0, 5, 337, 0, 0, 22, 313, 0), dim = 4:3, dimnames = list(
    c("-2", "-1", "0", "1"), c("A", "C", "T"))), GM22_SNP1 = structure(c(0, 
1, 210, 1, 0, 0, 2, 0), dim = c(4L, 2L), dimnames = list(c("-2", 
"-1", "0", "1"), c("A", "G"))), GM26_SNP1 = structure(c(0, 2, 
0, 1, 123, 0), dim = 3:2, dimnames = list(c("-1", "0", "1"), 
    c("A", "G"))), GM29_SNP1 = structure(c(16, 209, 0, 1, 2, 
0, 0, 0, 0), dim = c(3L, 3L), dimnames = list(c("-1", "0", "1"
), c("A", "G", "T"))), IM16_SNP1 = structure(c(0, 15, 91, 0, 
0, 0, 0, 7, 0, 0), dim = c(5L, 2L), dimnames = list(c("-2", "-1", 
"0", "1", "2"), c("A", "G"))), IM49_SNP1 = structure(c(0, 0, 
0, 0, 0, 0, 0, 0, 1, 19, 0, 0, 0, 4, 79, 873, 6, 1, 0, 0, 0, 
0, 0, 0), dim = c(6L, 4L), dimnames = list(c("-3", "-2", "-1", 
"0", "1", "2"), c("-", "C", "G", "T"))), LR10_SNP1 = structure(c(0, 
2, 156, 0, 0, 0, 0, 0, 0, 0, 0, 1, 2, 0, 0), dim = c(5L, 3L), dimnames = list(
    c("-2", "-1", "0", "1", "2"), c("C", "G", "T"))), LR11_SNP1 = structure(c(0, 
0, 5, 0, 0, 0, 0, 219, 2, 0, 0, 0, 0, 0, 0), dim = c(5L, 3L), dimnames = list(
    c("-2", "-1", "0", "1", "2"), c("A", "C", "G"))), LR17_SNP1 = structure(c(0, 
0, 5, 228, 0, 0, 0, 0, 0, 0, 0, 0, 0, 0, 0, 0, 0, 0), dim = c(6L, 
3L), dimnames = list(c("-3", "-2", "-1", "0", "1", "2"), c("A", 
"G", "T"))), LR20_SNP1 = structure(c(0, 0, 0, 0, 231, 0, 0, 6, 
0), dim = c(3L, 3L), dimnames = list(c("-1", "0", "1"), c("-", 
"A", "G"))), LR24_SNP1 = structure(c(0, 0, 10, 969, 2, 0, 0, 
0, 13, 0, 0, 0, 0, 0, 0), dim = c(5L, 3L), dimnames = list(c("-3", 
"-2", "-1", "0", "1"), c("A", "G", "T"))), LR36_SNP1 = structure(c(0, 
0, 0, 12, 0, 0, 0, 0, 0, 0, 0, 0, 0, 0, 0, 0, 0, 0, 0, 31, 3, 
291, 0, 0), dim = c(6L, 4L), dimnames = list(c("-3", "-2", "-1", 
"0", "1", "2"), c("A", "C", "G", "T"))), LR40_SNP1 = structure(c(0, 
67, 0, 0, 75, 0), dim = 3:2, dimnames = list(c("-1", "0", "1"
), c("A", "C"))), LR44_SNP1 = structure(c(2, 23, 135, 0, 0, 0, 
1, 4, 0, 0), dim = c(5L, 2L), dimnames = list(c("-2", "-1", "0", 
"1", "2"), c("C", "T"))), LR46_SNP1 = structure(c(0, 0, 0, 2, 
99, 0, 0, 72, 0), dim = c(3L, 3L), dimnames = list(c("-1", "0", 
"1"), c("A", "G", "T"))), LR48_SNP1 = structure(c(0, 0, 7, 95, 
0, 0, 0, 0, 1, 1), dim = c(5L, 2L), dimnames = list(c("-3", "-2", 
"-1", "0", "1"), c("C", "T"))), LR49_SNP1 = structure(c(2, 172, 
0, 0, 171, 0), dim = 3:2, dimnames = list(c("-1", "0", "1"), 
    c("A", "G"))), LR52_SNP1 = structure(c(0, 0, 2, 7, 37, 1, 
8, 3, 0, 1, 39, 1), dim = c(6L, 2L), dimnames = list(c("-4", 
"-3", "-2", "-1", "0", "1"), c("C", "T"))))
