Result <-
list(DEPDC2_SNP1 = structure(c(0, 0, 0, 1, 332, 1, 1, 379, 1), dim = c(3L, 
3L), dimnames = list(c("-1", "0", "1"), c("A", "C", "T"))), GM01_SNP1 = structure(c(1, 
260, 1, 0, 5, 0), dim = 3:2, dimnames = list(c("-1", "0", "1"
), c("A", "G"))), GM07_SNP1 = structure(c(0, 4, 33, 100, 1, 0, 
0, 1, 33, 92, 0, 0), dim = c(6L, 2L), dimnames = list(c("-3", 
"-2", "-1", "0", "1", "2"), c("A", "G"))), GM09_SNP1 = structure(c(12, 
89, 2, 11, 89, 0), dim = 3:2, dimnames = list(c("-1", "0", "1"
), c("A", "G"))), GM11_SNP1 = structure(c(25, 99, 1, 0, 6, 0), dim = 3:2, dimnames = list(
    c("-1", "0", "1"), c("A", "G"))), GM14_SNP1 = structure(c(0, 
0, 2, 180, 1, 0, 0, 0, 4, 139, 1, 0), dim = c(6L, 2L), dimnames = list(
    c("-3", "-2", "-1", "0", "1", "2"), c("C", "T"))), GM17_SNP1 = structure(c(0, 
5, 286, 0, 0, 0, 5, 0), dim = c(4L, 2L), dimnames = list(c("-2", 
"-1", "0", "1"), c("C", "T"))), GM22_SNP1 = structure(c(0, 0, 
134, 0, 0, 0, 97, 0), dim = c(4L, 2L), dimnames = list(c("-2", 
"-1", "0", "1"), c("A", "G"))), GM26_SNP1 = structure(c(0, 2, 
62, 1, 3, 18, 47, 0), dim = c(4L, 2L), dimnames = list(c("-2", 
"-1", "0", "1"), c("A", "G"))), GM29_SNP1 = structure(c(0, 0, 
0, 0, 0, 1, 224, 1, 0, 0, 3, 0, 0, 0, 0, 0), dim = c(4L, 4L), dimnames = list(
    c("-2", "-1", "0", "1"), c("-", "A", "G", "T"))), IM16_SNP1 = structure(c(2, 
118, 0, 0, 2, 101, 0, 0), dim = c(4L, 2L), dimnames = list(c("-1", 
"0", "1", "2"), c("A", "G"))), IM49_SNP1 = structure(c(0, 0, 
0, 0, 0, 0, 0, 0, 0, 16, 215, 3, 0, 0, 0, 0, 8, 169, 5, 0, 0), dim = c(7L, 
3L), dimnames = list(c("-4", "-2", "-1", "0", "1", "2", "3"), 
    c("A", "C", "G"))), LR10_SNP1 = structure(c(0, 0, 0, 0, 0, 
0, 2, 104, 1, 0, 0, 1, 148, 0, 0), dim = c(5L, 3L), dimnames = list(
    c("-2", "-1", "0", "1", "2"), c("A", "C", "T"))), LR11_SNP1 = structure(c(0, 
1, 4, 0, 1, 29, 155, 0, 0, 0, 0, 0), dim = 4:3, dimnames = list(
    c("-2", "-1", "0", "1"), c("A", "C", "G"))), LR17_SNP1 = structure(c(0, 
1, 33, 144, 1, 0, 0, 0, 0, 0, 0, 0), dim = c(6L, 2L), dimnames = list(
    c("-3", "-2", "-1", "0", "1", "2"), c("A", "G"))), LR20_SNP1 = structure(c(0, 
146, 0, 0, 0, 0, 0, 116, 0), dim = c(3L, 3L), dimnames = list(
    c("-1", "0", "1"), c("A", "C", "G"))), LR24_SNP1 = structure(c(0, 
0, 221, 682, 0, 0, 0, 0, 1, 11, 0, 0, 0, 0, 0, 0, 0, 0), dim = c(6L, 
3L), dimnames = list(c("-3", "-2", "-1", "0", "1", "2"), c("A", 
"G", "T"))), LR36_SNP1 = structure(c(0, 0, 2, 7, 0, 0, 0, 0, 
0, 0, 0, 0, 0, 0, 0, 0, 1, 4, 302, 5), dim = 5:4, dimnames = list(
    c("-3", "-2", "-1", "0", "1"), c("A", "C", "G", "T"))), LR40_SNP1 = structure(c(0, 
1, 0, 0, 176, 0, 0, 0, 0, 0, 1, 0), dim = 3:4, dimnames = list(
    c("-1", "0", "1"), c("A", "C", "G", "T"))), LR44_SNP1 = structure(c(0, 
0, 0, 0, 2, 0, 0, 0, 3, 27, 2, 98, 2, 0, 0, 0, 13, 31, 106, 1, 
0), dim = c(7L, 3L), dimnames = list(c("-4", "-3", "-2", "-1", 
"0", "1", "2"), c("A", "C", "T"))), LR46_SNP1 = structure(c(0, 
0, 0, 26, 71, 0, 1, 131, 0), dim = c(3L, 3L), dimnames = list(
    c("-1", "0", "1"), c("A", "G", "T"))), LR48_SNP1 = structure(c(0, 
0, 0, 0, 0, 0, 0, 2, 31, 64, 0, 0, 0, 1, 0, 74, 0, 0), dim = c(6L, 
3L), dimnames = list(c("-3", "-2", "-1", "0", "1", "3"), c("A", 
"C", "T"))), LR49_SNP1 = structure(c(0, 5, 0, 53, 317, 0), dim = 3:2, dimnames = list(
    c("-1", "0", "1"), c("A", "G"))), LR52_SNP1 = structure(c(0, 
0, 0, 0, 0, 0, 0, 28, 8, 13, 107, 3, 0, 1, 0, 0, 3, 0), dim = c(6L, 
3L), dimnames = list(c("-4", "-3", "-2", "-1", "0", "1"), c("A", 
"C", "T"))))
