Result <-
list(DEPDC2_SNP1 = structure(c(0, 0, 0, 0, 0, 0, 0, 0, 10, 0, 
0, 0, 0, 1, 0, 0, 0, 3, 1295, 2), dim = 5:4, dimnames = list(
    c("-4", "-2", "-1", "0", "1"), c("A", "C", "G", "T"))), GM01_SNP1 = structure(c(2, 
168, 0, 0, 2, 181, 0, 0), dim = c(4L, 2L), dimnames = list(c("-1", 
"0", "1", "2"), c("A", "G"))), GM07_SNP1 = structure(c(0, 0, 
0, 0, 0, 0, 0, 0, 3, 187, 4, 0, 0, 0, 3, 178, 0, 0, 0, 0, 0, 
0, 0, 0), dim = c(6L, 4L), dimnames = list(c("-3", "-2", "-1", 
"0", "1", "2"), c("-", "A", "G", "T"))), GM09_SNP1 = structure(c(2, 
430, 0, 3, 445, 0, 0, 0, 0), dim = c(3L, 3L), dimnames = list(
    c("-1", "0", "1"), c("A", "G", "T"))), GM11_SNP1 = structure(c(0, 
0, 232, 0, 0, 0, 1, 0, 0, 0, 0, 0, 0, 0, 0, 0), dim = c(4L, 4L
), dimnames = list(c("-2", "-1", "0", "1"), c("A", "G", "N", 
"T"))), GM14_SNP1 = structure(c(0, 0, 2, 513, 4, 0, 0, 0, 0, 
1, 0, 0), dim = c(6L, 2L), dimnames = list(c("-3", "-2", "-1", 
"0", "1", "2"), c("C", "T"))), GM17_SNP1 = structure(c(0, 0, 
2, 484, 2, 0, 0, 0, 6, 0), dim = c(5L, 2L), dimnames = list(c("-3", 
"-2", "-1", "0", "1"), c("C", "T"))), GM22_SNP1 = structure(c(0, 
3, 303, 0, 0, 0, 0, 1, 0, 0), dim = c(5L, 2L), dimnames = list(
    c("-2", "-1", "0", "1", "2"), c("A", "G"))), GM26_SNP1 = structure(c(0, 
0, 164, 3, 0, 0, 1, 144, 0, 0), dim = c(5L, 2L), dimnames = list(
    c("-2", "-1", "0", "1", "2"), c("A", "G"))), GM29_SNP1 = structure(c(0, 
0, 1, 167, 0, 0, 0, 0, 2, 168, 1, 0), dim = c(6L, 2L), dimnames = list(
    c("-3", "-2", "-1", "0", "1", "2"), c("A", "G"))), IM16_SNP1 = structure(c(0, 
0, 2, 0, 0, 0, 2, 271, 1, 0), dim = c(5L, 2L), dimnames = list(
    c("-2", "-1", "0", "1", "2"), c("A", "G"))), IM49_SNP1 = structure(c(0, 
0, 0, 0, 0, 0, 0, 6, 2, 0, 0, 6, 624, 5, 0), dim = c(5L, 3L), dimnames = list(
    c("-2", "-1", "0", "1", "2"), c("A", "C", "G"))), LR10_SNP1 = structure(c(0, 
0, 0, 0, 0, 0, 3, 0, 0, 2, 328, 0), dim = 4:3, dimnames = list(
    c("-2", "-1", "0", "1"), c("A", "C", "T"))), LR11_SNP1 = structure(c(0, 
3, 226, 0, 0, 0, 0, 184, 2, 0, 0, 0, 0, 0, 0), dim = c(5L, 3L
), dimnames = list(c("-2", "-1", "0", "1", "2"), c("A", "C", 
"G"))), LR17_SNP1 = structure(c(0, 6, 288, 3, 0, 0, 0, 0, 0, 
0, 0, 0, 0, 0, 0), dim = c(5L, 3L), dimnames = list(c("-2", "-1", 
"0", "1", "2"), c("A", "G", "T"))), LR20_SNP1 = structure(c(0, 
44, 0, 0, 252, 0), dim = 3:2, dimnames = list(c("-1", "0", "1"
), c("A", "G"))), LR24_SNP1 = structure(c(0, 0, 1, 0, 0, 0, 21, 
0, 0, 1, 1202, 1), dim = 4:3, dimnames = list(c("-2", "-1", "0", 
"1"), c("-", "A", "G"))), LR36_SNP1 = structure(c(0, 0, 0, 0, 
0, 0, 0, 0, 2, 3, 0, 0, 0, 0, 0, 0, 0, 0, 0, 0, 0, 0, 0, 0, 0, 
0, 0, 1, 0, 0, 0, 0, 4, 473, 1, 0), dim = c(6L, 6L), dimnames = list(
    c("-3", "-2", "-1", "0", "1", "2"), c("-", "A", "C", "G", 
    "N", "T"))), LR40_SNP1 = structure(c(0, 100, 1, 0, 80, 0, 
0, 0, 0), dim = c(3L, 3L), dimnames = list(c("-1", "0", "1"), 
    c("A", "C", "G"))), LR44_SNP1 = structure(c(0, 0, 0, 0, 0, 
0, 0, 0, 0, 4, 75, 0, 0, 0, 0, 0, 0, 3, 0, 0, 0, 0, 0, 7, 326, 
4, 0, 0), dim = c(7L, 4L), dimnames = list(c("-3", "-2", "-1", 
"0", "1", "2", "3"), c("A", "C", "N", "T"))), LR46_SNP1 = structure(c(1, 
143, 1, 0, 111, 0), dim = 3:2, dimnames = list(c("-1", "0", "1"
), c("G", "T"))), LR48_SNP1 = structure(c(0, 0, 239, 2, 0, 0, 
1, 0, 0, 0), dim = c(5L, 2L), dimnames = list(c("-2", "-1", "0", 
"1", "2"), c("C", "T"))), LR49_SNP1 = structure(c(0, 0, 0, 0, 
595, 0), dim = 3:2, dimnames = list(c("-1", "0", "1"), c("A", 
"G"))), LR52_SNP1 = structure(c(0, 0, 2, 93, 0, 0, 0, 0, 2, 102, 
2, 0), dim = c(6L, 2L), dimnames = list(c("-3", "-2", "-1", "0", 
"1", "2"), c("C", "T"))))
