Result <-
list(DEPDC2_SNP1 = structure(c(0, 0, 0, 0, 0, 0, 3, 0, 0, 2, 
1450, 3), dim = 4:3, dimnames = list(c("-2", "-1", "0", "1"), 
    c("A", "C", "T"))), GM01_SNP1 = structure(c(0, 0, 9, 1, 0, 
0, 2, 608, 1, 0), dim = c(5L, 2L), dimnames = list(c("-2", "-1", 
"0", "1", "2"), c("A", "G"))), GM07_SNP1 = structure(c(0, 0, 
0, 0, 0, 0, 4, 228, 0, 0, 0, 5, 207, 0, 0), dim = c(5L, 3L), dimnames = list(
    c("-2", "-1", "0", "1", "2"), c("-", "A", "G"))), GM09_SNP1 = structure(c(0, 
7, 0, 0, 0, 0, 0, 917, 0, 0, 1, 0), dim = 3:4, dimnames = list(
    c("-1", "0", "1"), c("A", "C", "G", "T"))), GM11_SNP1 = structure(c(0, 
1, 0, 0, 351, 0), dim = 3:2, dimnames = list(c("-1", "0", "1"
), c("A", "G"))), GM14_SNP1 = structure(c(0, 7, 604, 3, 0, 0, 
0, 1, 0, 0), dim = c(5L, 2L), dimnames = list(c("-2", "-1", "0", 
"1", "2"), c("C", "T"))), GM17_SNP1 = structure(c(2, 536, 1, 
0, 0, 0, 0, 6, 0), dim = c(3L, 3L), dimnames = list(c("-1", "0", 
"1"), c("C", "G", "T"))), GM22_SNP1 = structure(c(0, 1, 444, 
0, 0, 0, 0, 2, 0, 0, 0, 0, 0, 0, 0), dim = c(5L, 3L), dimnames = list(
    c("-2", "-1", "0", "1", "2"), c("A", "G", "T"))), GM26_SNP1 = structure(c(0, 
2, 0, 0, 3, 360, 0, 0), dim = c(4L, 2L), dimnames = list(c("-1", 
"0", "1", "2"), c("A", "G"))), GM29_SNP1 = structure(c(0, 1, 
324, 1, 0, 0, 1, 0), dim = c(4L, 2L), dimnames = list(c("-3", 
"-1", "0", "1"), c("A", "G"))), IM16_SNP1 = structure(c(0, 211, 
1, 0, 2, 263, 2, 0, 0, 0, 0, 0), dim = 4:3, dimnames = list(c("-1", 
"0", "1", "2"), c("A", "G", "T"))), IM49_SNP1 = structure(c(0, 
6, 266, 4, 0, 0, 2, 236, 1, 0), dim = c(5L, 2L), dimnames = list(
    c("-2", "-1", "0", "1", "2"), c("C", "G"))), LR10_SNP1 = structure(c(0, 
0, 0, 0, 0, 1, 202, 0, 0, 4, 268, 0), dim = 4:3, dimnames = list(
    c("-2", "-1", "0", "1"), c("A", "C", "T"))), LR11_SNP1 = structure(c(0, 
1, 277, 0, 0, 5, 209, 1, 0, 0, 0, 0), dim = 4:3, dimnames = list(
    c("-2", "-1", "0", "1"), c("A", "C", "G"))), LR17_SNP1 = structure(c(0, 
1, 375, 1, 0, 0, 0, 0, 0, 0), dim = c(5L, 2L), dimnames = list(
    c("-2", "-1", "0", "1", "2"), c("A", "G"))), LR20_SNP1 = structure(c(0, 
229, 0, 1, 212, 0), dim = 3:2, dimnames = list(c("-1", "0", "1"
), c("A", "G"))), LR24_SNP1 = structure(c(0, 0, 6, 0, 0, 0, 0, 
0, 0, 1, 1333, 2), dim = 4:3, dimnames = list(c("-2", "-1", "0", 
"1"), c("A", "C", "G"))), LR36_SNP1 = structure(c(0, 0, 1, 634, 
3, 0, 0, 0, 0, 0, 0, 0, 0, 0, 0, 2, 0, 0), dim = c(6L, 3L), dimnames = list(
    c("-3", "-2", "-1", "0", "1", "2"), c("A", "G", "T"))), LR40_SNP1 = structure(c(0, 
1, 0, 0, 371, 1, 0, 1, 0), dim = c(3L, 3L), dimnames = list(c("-1", 
"0", "1"), c("A", "C", "T"))), LR44_SNP1 = structure(c(0, 0, 
0, 0, 0, 0, 0, 0, 5, 402, 0, 0, 0, 0, 1, 2, 0, 0, 0, 0, 0, 1, 
0, 0, 0, 0, 0, 16, 0, 0), dim = 6:5, dimnames = list(c("-3", 
"-2", "-1", "0", "1", "2"), c("A", "C", "G", "N", "T"))), LR46_SNP1 = structure(c(0, 
151, 0, 0, 185, 0), dim = 3:2, dimnames = list(c("-1", "0", "1"
), c("G", "T"))), LR48_SNP1 = structure(c(0, 1, 154, 0, 0, 0, 
1, 152, 3, 0), dim = c(5L, 2L), dimnames = list(c("-2", "-1", 
"0", "1", "2"), c("C", "T"))), LR49_SNP1 = structure(c(0, 0, 
0, 0, 0, 0, 2, 677, 0), dim = c(3L, 3L), dimnames = list(c("-1", 
"0", "1"), c("A", "C", "G"))), LR52_SNP1 = structure(c(0, 0, 
0, 0, 0, 0, 0, 6, 258, 1, 0, 0, 0, 3, 0), dim = c(5L, 3L), dimnames = list(
    c("-3", "-2", "-1", "0", "1"), c("A", "C", "T"))))
