Result <-
list(DEPDC2_SNP1 = structure(c(0, 0, 0, 0, 0, 0, 2, 439, 11, 
1, 0, 0, 0, 0, 0, 0, 6, 840, 1, 0), dim = 5:4, dimnames = list(
    c("-2", "-1", "0", "1", "2"), c("A", "C", "G", "T"))), GM01_SNP1 = structure(c(0, 
2, 285, 0, 0, 0, 13, 0), dim = c(4L, 2L), dimnames = list(c("-2", 
"-1", "0", "1"), c("A", "G"))), GM07_SNP1 = structure(c(0, 0, 
0, 0, 0, 0, 0, 1, 37, 144, 2, 1, 0, 0, 15, 127, 1, 0, 0, 0, 0, 
0, 0, 0), dim = c(6L, 4L), dimnames = list(c("-3", "-2", "-1", 
"0", "1", "2"), c("-", "A", "G", "T"))), GM09_SNP1 = structure(c(0, 
0, 0, 6, 603, 1, 0, 19, 0, 0, 0, 0), dim = 3:4, dimnames = list(
    c("-1", "0", "1"), c("-", "A", "G", "T"))), GM11_SNP1 = structure(c(0, 
3, 107, 1, 0, 0, 0, 82, 14, 0, 0, 0, 0, 0, 0), dim = c(5L, 3L
), dimnames = list(c("-2", "-1", "0", "1", "2"), c("A", "G", 
"T"))), GM14_SNP1 = structure(c(0, 36, 15, 293, 1, 0, 0, 0, 0, 
5, 0, 0), dim = c(6L, 2L), dimnames = list(c("-3", "-2", "-1", 
"0", "1", "2"), c("C", "T"))), GM17_SNP1 = structure(c(0, 0, 
0, 2, 393, 2, 0, 17, 0), dim = c(3L, 3L), dimnames = list(c("-1", 
"0", "1"), c("-", "C", "T"))), GM22_SNP1 = structure(c(0, 2, 
135, 0, 0, 0, 2, 106, 1, 0), dim = c(5L, 2L), dimnames = list(
    c("-2", "-1", "0", "1", "2"), c("A", "G"))), GM26_SNP1 = structure(c(0, 
26, 121, 0, 0, 0, 0, 121, 0, 0, 0, 0, 0, 0, 0), dim = c(5L, 3L
), dimnames = list(c("-2", "-1", "0", "1", "2"), c("A", "G", 
"T"))), GM29_SNP1 = structure(c(0, 0, 15, 0, 0, 0, 234, 0, 0, 
0, 2, 0), dim = 4:3, dimnames = list(c("-2", "-1", "0", "1"), 
    c("A", "G", "T"))), IM16_SNP1 = structure(c(1, 94, 1, 0, 
1, 0, 4, 81, 0, 0, 0, 0), dim = 3:4, dimnames = list(c("-1", 
"0", "1"), c("A", "C", "G", "T"))), IM49_SNP1 = structure(c(2, 
19, 223, 3, 0, 3, 31, 220, 0, 0), dim = c(5L, 2L), dimnames = list(
    c("-2", "-1", "0", "1", "2"), c("C", "G"))), LR10_SNP1 = structure(c(0, 
0, 0, 0, 0, 0, 0, 0, 0, 14, 0, 0, 0, 0, 5, 331, 5, 0), dim = c(6L, 
3L), dimnames = list(c("-3", "-2", "-1", "0", "1", "2"), c("A", 
"C", "T"))), LR11_SNP1 = structure(c(0, 2, 131, 0, 0, 0, 16, 
129, 0, 0), dim = c(5L, 2L), dimnames = list(c("-2", "-1", "0", 
"1", "2"), c("A", "C"))), LR17_SNP1 = structure(c(0, 19, 181, 
0, 0, 0, 0, 0, 0, 0), dim = c(5L, 2L), dimnames = list(c("-2", 
"-1", "0", "1", "2"), c("A", "G"))), LR20_SNP1 = structure(c(0, 
0, 0, 0, 129, 0, 0, 151, 0), dim = c(3L, 3L), dimnames = list(
    c("-1", "0", "1"), c("-", "A", "G"))), LR24_SNP1 = structure(c(0, 
8, 446, 0, 0, 1, 433, 0, 0, 0, 0, 0), dim = 4:3, dimnames = list(
    c("-2", "-1", "0", "1"), c("A", "G", "T"))), LR36_SNP1 = structure(c(0, 
0, 1, 31, 126, 0, 0, 0, 0, 0, 0, 0, 0, 0, 0, 0, 0, 5, 136, 0, 
0), dim = c(7L, 3L), dimnames = list(c("-4", "-3", "-2", "-1", 
"0", "1", "2"), c("A", "G", "T"))), LR40_SNP1 = structure(c(0, 
0, 2, 0, 0, 1, 194, 2), dim = c(4L, 2L), dimnames = list(c("-2", 
"-1", "0", "1"), c("A", "C"))), LR44_SNP1 = structure(c(0, 0, 
0, 0, 1, 0, 0, 0, 0, 11, 32, 425, 2, 0, 0, 0, 0, 0, 0, 0, 0, 
0, 0, 0, 1, 17, 0, 0), dim = c(7L, 4L), dimnames = list(c("-4", 
"-3", "-2", "-1", "0", "1", "2"), c("A", "C", "G", "T"))), LR46_SNP1 = structure(c(0, 
4, 270, 1, 0, 0, 11, 0), dim = c(4L, 2L), dimnames = list(c("-2", 
"-1", "0", "1"), c("G", "T"))), LR48_SNP1 = structure(c(0, 0, 
0, 0, 0, 0, 3, 175, 1, 0, 0, 0, 1, 0, 0), dim = c(5L, 3L), dimnames = list(
    c("-2", "-1", "0", "1", "2"), c("A", "C", "T"))), LR49_SNP1 = structure(c(0, 
7, 0, 0, 0, 0, 2, 507, 0), dim = c(3L, 3L), dimnames = list(c("-1", 
"0", "1"), c("A", "C", "G"))), LR52_SNP1 = structure(c(0, 0, 
0, 0, 0, 0, 0, 0, 0, 0, 0, 0, 0, 0, 7, 25, 230, 4, 0, 0, 0, 1, 
10, 0), dim = c(6L, 4L), dimnames = list(c("-4", "-3", "-2", 
"-1", "0", "1"), c("-", "A", "C", "T"))))
