Result <-
list(DEPDC2_SNP1 = structure(c(0, 0, 0, 0, 0, 49, 97, 3, 1, 235, 
0, 0), dim = 4:3, dimnames = list(c("-1", "0", "1", "2"), c("A", 
"C", "T"))), GM01_SNP1 = structure(c(0, 0, 0, 0, 0, 2, 308, 0, 
0, 0, 3, 0), dim = 4:3, dimnames = list(c("-2", "-1", "0", "1"
), c("-", "A", "G"))), GM07_SNP1 = structure(c(0, 0, 0, 0, 0, 
0, 37, 227, 3, 0, 0, 0, 6, 0, 0, 0, 0, 0, 0, 0), dim = 5:4, dimnames = list(
    c("-2", "-1", "0", "1", "2"), c("-", "A", "G", "T"))), GM09_SNP1 = structure(c(0, 
16, 0, 0, 0, 0, 1, 447, 1), dim = c(3L, 3L), dimnames = list(
    c("-1", "0", "1"), c("A", "C", "G"))), GM11_SNP1 = structure(c(0, 
0, 0, 0, 0, 76, 25, 0, 0, 52, 14, 0), dim = 4:3, dimnames = list(
    c("-2", "-1", "0", "1"), c("-", "A", "G"))), GM14_SNP1 = structure(c(0, 
0, 0, 0, 0, 0, 0, 2, 34, 147, 1, 0, 0, 0, 6, 148, 0, 0), dim = c(6L, 
3L), dimnames = list(c("-3", "-2", "-1", "0", "1", "3"), c("A", 
"C", "T"))), GM17_SNP1 = structure(c(0, 0, 153, 0, 0, 0, 179, 
0), dim = c(4L, 2L), dimnames = list(c("-2", "-1", "0", "1"), 
    c("C", "T"))), GM22_SNP1 = structure(c(0, 115, 0, 0, 1, 105, 
0, 0), dim = c(4L, 2L), dimnames = list(c("-1", "0", "1", "2"
), c("A", "G"))), GM26_SNP1 = structure(c(0, 0, 0, 8, 0, 0, 0, 
1, 196, 0, 0, 0, 0, 1, 0), dim = c(5L, 3L), dimnames = list(c("-3", 
"-2", "-1", "0", "1"), c("A", "G", "T"))), GM29_SNP1 = structure(c(0, 
4, 226, 2, 0, 0, 5, 0), dim = c(4L, 2L), dimnames = list(c("-2", 
"-1", "0", "1"), c("A", "G"))), IM16_SNP1 = structure(c(0, 3, 
124, 0, 0, 0, 0, 0, 0, 0, 0, 2, 148, 1, 0), dim = c(5L, 3L), dimnames = list(
    c("-2", "-1", "0", "1", "2"), c("A", "C", "G"))), IM49_SNP1 = structure(c(0, 
0, 0, 0, 0, 1, 4, 208, 266, 0, 0, 1, 0, 7, 0), dim = c(5L, 3L
), dimnames = list(c("-3", "-2", "-1", "0", "1"), c("A", "C", 
"G"))), LR10_SNP1 = structure(c(0, 0, 0, 0, 0, 0, 0, 0, 4, 1, 
0, 0, 6, 240, 1), dim = c(5L, 3L), dimnames = list(c("-4", "-2", 
"-1", "0", "1"), c("A", "C", "T"))), LR11_SNP1 = structure(c(0, 
0, 1, 154, 0, 0, 0, 0, 3, 99, 0, 0, 0, 0, 0, 0, 0, 0), dim = c(6L, 
3L), dimnames = list(c("-3", "-2", "-1", "0", "1", "2"), c("A", 
"C", "G"))), LR17_SNP1 = structure(c(1, 68, 143, 1, 0, 0, 0, 
0, 0, 0), dim = c(5L, 2L), dimnames = list(c("-2", "-1", "0", 
"1", "2"), c("A", "G"))), LR20_SNP1 = structure(c(1, 292, 0, 
0, 4, 0, 0, 0, 0), dim = c(3L, 3L), dimnames = list(c("-1", "0", 
"1"), c("A", "G", "T"))), LR24_SNP1 = structure(c(0, 30, 954, 
0, 0, 0, 8, 0, 0, 0, 0, 0), dim = 4:3, dimnames = list(c("-2", 
"-1", "0", "1"), c("A", "G", "T"))), LR36_SNP1 = structure(c(0, 
0, 0, 0, 0, 0, 0, 0, 0, 0, 0, 6, 1, 0, 0, 0, 0, 0, 0, 0, 0, 0, 
0, 0, 0, 0, 0, 0, 0, 1, 89, 5, 188, 1, 1), dim = c(7L, 5L), dimnames = list(
    c("-4", "-3", "-2", "-1", "0", "1", "5"), c("-", "A", "C", 
    "G", "T"))), LR40_SNP1 = structure(c(0, 86, 105, 0), dim = c(4L, 
1L), dimnames = list(c("-2", "-1", "0", "1"), "C")), LR44_SNP1 = structure(c(0, 
0, 0, 0, 1, 0, 0, 0, 0, 6, 112, 111, 0, 0, 0, 0, 0, 1, 29, 0, 
0), dim = c(7L, 3L), dimnames = list(c("-4", "-3", "-2", "-1", 
"0", "1", "2"), c("A", "C", "T"))), LR46_SNP1 = structure(c(0, 
0, 0, 1, 195, 1, 0, 4, 0), dim = c(3L, 3L), dimnames = list(c("-1", 
"0", "1"), c("A", "G", "T"))), LR48_SNP1 = structure(c(0, 9, 
135, 6, 1, 0, 0, 1, 0, 0), dim = c(5L, 2L), dimnames = list(c("-2", 
"-1", "0", "1", "2"), c("C", "T"))), LR49_SNP1 = structure(c(4, 
196, 0, 4, 224, 0), dim = 3:2, dimnames = list(c("-1", "0", "1"
), c("A", "G"))), LR52_SNP1 = structure(c(0, 0, 0, 0, 0, 0, 0, 
0, 0, 0, 3, 0, 0, 3, 75, 67, 32, 0), dim = c(6L, 3L), dimnames = list(
    c("-4", "-3", "-2", "-1", "0", "1"), c("A", "C", "T"))))
