Result <-
list(DEPDC2_SNP1 = structure(c(0, 0, 0, 0, 0, 0, 51, 0, 0, 3, 
663, 0), dim = 4:3, dimnames = list(c("-2", "-1", "0", "1"), 
    c("A", "C", "T"))), GM01_SNP1 = structure(c(1, 1, 203, 1, 
0, 0, 106, 0), dim = c(4L, 2L), dimnames = list(c("-2", "-1", 
"0", "1"), c("A", "G"))), GM07_SNP1 = structure(c(0, 0, 0, 0, 
0, 1, 18, 89, 0, 0, 0, 6, 83, 2, 0), dim = c(5L, 3L), dimnames = list(
    c("-2", "-1", "0", "1", "2"), c("-", "A", "G"))), GM09_SNP1 = structure(c(0, 
310, 0, 1, 211, 0, 0, 0, 0), dim = c(3L, 3L), dimnames = list(
    c("-1", "0", "1"), c("A", "G", "T"))), GM11_SNP1 = structure(c(7, 
118, 0, 0, 28, 0), dim = 3:2, dimnames = list(c("-1", "0", "1"
), c("A", "G"))), GM14_SNP1 = structure(c(0, 0, 0, 0, 0, 0, 0, 
0, 9, 197, 4, 0, 0, 0, 3, 47, 0, 0), dim = c(6L, 3L), dimnames = list(
    c("-3", "-2", "-1", "0", "1", "2"), c("A", "C", "T"))), GM17_SNP1 = structure(c(0, 
0, 0, 0, 0, 0, 0, 1, 198, 0, 0, 0, 1, 68, 0), dim = c(5L, 3L), dimnames = list(
    c("-3", "-2", "-1", "0", "1"), c("A", "C", "T"))), GM22_SNP1 = structure(c(0, 
2, 251, 0, 0, 0, 8, 0, 0, 0, 0, 0), dim = 4:3, dimnames = list(
    c("-2", "-1", "0", "1"), c("A", "G", "T"))), GM26_SNP1 = structure(c(0, 
154, 1, 0, 0, 6, 0, 0), dim = c(4L, 2L), dimnames = list(c("-1", 
"0", "1", "2"), c("A", "G"))), GM29_SNP1 = structure(c(1, 105, 
0, 1, 71, 0), dim = 3:2, dimnames = list(c("-1", "0", "1"), c("A", 
"G"))), IM16_SNP1 = structure(c(0, 1, 62, 1, 0, 4, 60, 2, 0, 
0, 0, 0), dim = 4:3, dimnames = list(c("-2", "-1", "0", "1"), 
    c("A", "G", "T"))), IM49_SNP1 = structure(c(0, 0, 0, 0, 0, 
0, 3, 33, 157, 6, 0, 0, 1, 27, 146, 4, 0, 0, 0, 0, 0, 0, 0, 0
), dim = c(6L, 4L), dimnames = list(c("-2", "-1", "0", "1", "2", 
"3"), c("A", "C", "G", "T"))), LR10_SNP1 = structure(c(0, 0, 
0, 0, 0, 1, 83, 0, 0, 1, 251, 0), dim = 4:3, dimnames = list(
    c("-2", "-1", "0", "1"), c("A", "C", "T"))), LR11_SNP1 = structure(c(0, 
2, 63, 0, 0, 14, 163, 1), dim = c(4L, 2L), dimnames = list(c("-2", 
"-1", "0", "1"), c("A", "C"))), LR17_SNP1 = structure(c(0, 8, 
230, 2, 0, 0, 0, 0, 0, 0, 0, 0), dim = 4:3, dimnames = list(c("-2", 
"-1", "0", "1"), c("A", "G", "T"))), LR20_SNP1 = structure(c(4, 
121, 0, 0, 61, 0), dim = 3:2, dimnames = list(c("-1", "0", "1"
), c("A", "G"))), LR24_SNP1 = structure(c(0, 0, 0, 0, 0, 0, 74, 
0, 0, 0, 0, 0, 0, 14, 571, 3), dim = c(4L, 4L), dimnames = list(
    c("-2", "-1", "0", "1"), c("-", "A", "C", "G"))), LR36_SNP1 = structure(c(0, 
0, 0, 0, 0, 0, 0, 0, 0, 47, 1, 0, 0, 0, 0, 0, 0, 0, 0, 0, 0, 
0, 0, 0, 0, 2, 1, 220, 1, 0), dim = 6:5, dimnames = list(c("-3", 
"-2", "-1", "0", "1", "2"), c("-", "A", "C", "G", "T"))), LR40_SNP1 = structure(c(0, 
0, 1, 0, 0, 2, 136, 0), dim = c(4L, 2L), dimnames = list(c("-2", 
"-1", "0", "1"), c("A", "C"))), LR44_SNP1 = structure(c(0, 0, 
0, 0, 0, 0, 2, 0, 0, 1, 4, 67, 1, 0, 0, 0, 0, 0, 16, 104, 1, 
0, 0, 0), dim = c(8L, 3L), dimnames = list(c("-3", "-2", "-1", 
"0", "1", "2", "3", "5"), c("A", "C", "T"))), LR46_SNP1 = structure(c(1, 
150, 1, 0, 71, 0), dim = 3:2, dimnames = list(c("-1", "0", "1"
), c("G", "T"))), LR48_SNP1 = structure(c(0, 0, 0, 0, 0, 1, 8, 
133, 2, 0, 0, 4, 37, 0, 0), dim = c(5L, 3L), dimnames = list(
    c("-2", "-1", "0", "1", "2"), c("A", "C", "T"))), LR49_SNP1 = structure(c(0, 
66, 0, 4, 193, 0), dim = 3:2, dimnames = list(c("-1", "0", "1"
), c("A", "G"))), LR52_SNP1 = structure(c(0, 0, 0, 0, 0, 0, 3, 
16, 86, 3, 0, 2, 4, 46, 0), dim = c(5L, 3L), dimnames = list(
    c("-3", "-2", "-1", "0", "1"), c("A", "C", "T"))))
