Result <-
list(DEPDC2_SNP1 = structure(c(0, 0, 0, 0, 0, 0, 0, 0, 3, 0, 
0, 0, 0, 0, 0, 0, 0, 8, 1719, 2), dim = 5:4, dimnames = list(
    c("-3", "-2", "-1", "0", "1"), c("A", "C", "G", "T"))), GM01_SNP1 = structure(c(7, 
870, 0, 0, 0, 5, 0, 0), dim = c(4L, 2L), dimnames = list(c("-1", 
"0", "1", "2"), c("A", "G"))), GM07_SNP1 = structure(c(0, 0, 
0, 0, 0, 0, 0, 10, 605, 5, 1, 0, 0, 2, 2, 0, 0, 0, 0, 0, 1, 0, 
0, 0, 0, 0, 0, 0, 0, 0), dim = 6:5, dimnames = list(c("-2", "-1", 
"0", "1", "2", "3"), c("-", "A", "G", "N", "T"))), GM09_SNP1 = structure(c(3, 
765, 1, 2, 705, 0, 0, 1, 0), dim = c(3L, 3L), dimnames = list(
    c("-1", "0", "1"), c("A", "G", "T"))), GM11_SNP1 = structure(c(0, 
409, 1, 0, 0, 2, 0, 0), dim = c(4L, 2L), dimnames = list(c("-1", 
"0", "1", "2"), c("A", "G"))), GM14_SNP1 = structure(c(0, 0, 
4, 476, 5, 0, 0, 0, 4, 402, 0, 0), dim = c(6L, 2L), dimnames = list(
    c("-3", "-2", "-1", "0", "1", "2"), c("C", "T"))), GM17_SNP1 = structure(c(0, 
1, 364, 0, 0, 0, 4, 412, 2, 0), dim = c(5L, 2L), dimnames = list(
    c("-2", "-1", "0", "1", "2"), c("C", "T"))), GM22_SNP1 = structure(c(0, 
1, 326, 0, 0, 0, 0, 270, 0, 0), dim = c(5L, 2L), dimnames = list(
    c("-2", "-1", "0", "1", "2"), c("A", "G"))), GM26_SNP1 = structure(c(1, 
1, 632, 0, 0), dim = c(5L, 1L), dimnames = list(c("-2", "-1", 
"0", "1", "2"), "A")), GM29_SNP1 = structure(c(0, 2, 565, 0, 
0, 0, 0, 3, 0, 0), dim = c(5L, 2L), dimnames = list(c("-2", "-1", 
"0", "1", "2"), c("A", "G"))), IM16_SNP1 = structure(c(0, 0, 
4, 0, 0, 0, 3, 623, 2, 0), dim = c(5L, 2L), dimnames = list(c("-2", 
"-1", "0", "1", "2"), c("A", "G"))), IM49_SNP1 = structure(c(1, 
9, 411, 7, 0, 0, 4, 317, 2, 1, 0, 0, 0, 0, 0), dim = c(5L, 3L
), dimnames = list(c("-2", "-1", "0", "1", "2"), c("C", "G", 
"T"))), LR10_SNP1 = structure(c(0, 0, 0, 0, 0, 3, 763, 3, 0, 
0, 8, 0), dim = 4:3, dimnames = list(c("-3", "-1", "0", "1"), 
    c("-", "C", "T"))), LR11_SNP1 = structure(c(0, 0, 0, 4, 0, 
0, 0, 1, 13, 792, 4, 0, 0, 0, 0, 0, 0, 0, 0, 0, 0, 0, 0, 0), dim = c(6L, 
4L), dimnames = list(c("-3", "-2", "-1", "0", "1", "2"), c("A", 
"C", "G", "T"))), LR17_SNP1 = structure(c(0, 7, 518, 10, 0, 0, 
0, 1, 0, 0), dim = c(5L, 2L), dimnames = list(c("-2", "-1", "0", 
"1", "2"), c("A", "G"))), LR20_SNP1 = structure(c(0, 0, 0, 1, 
3, 0, 1, 662, 0), dim = c(3L, 3L), dimnames = list(c("-1", "0", 
"1"), c("-", "A", "G"))), LR24_SNP1 = structure(c(0, 0, 0, 0, 
0, 0, 928, 2, 0, 2, 946, 1, 0, 0, 1, 0, 0, 0, 0, 0), dim = 4:5, dimnames = list(
    c("-2", "-1", "0", "1"), c("-", "A", "G", "N", "T"))), LR36_SNP1 = structure(c(0, 
0, 1, 6, 0, 0, 0, 0, 0, 0, 0, 0, 0, 0, 0, 0, 0, 0, 0, 0, 0, 3, 
0, 0, 1, 0, 8, 890, 4, 1), dim = 6:5, dimnames = list(c("-3", 
"-2", "-1", "0", "1", "2"), c("A", "C", "G", "N", "T"))), LR40_SNP1 = structure(c(0, 
4, 468, 1, 0, 0, 0, 0), dim = c(4L, 2L), dimnames = list(c("-2", 
"-1", "0", "1"), c("C", "T"))), LR44_SNP1 = structure(c(0, 0, 
18, 607, 5, 0, 0, 0, 1, 3, 0, 0, 0, 0, 1, 4, 0, 0), dim = c(6L, 
3L), dimnames = list(c("-3", "-2", "-1", "0", "1", "2"), c("C", 
"N", "T"))), LR46_SNP1 = structure(c(0, 0, 0, 0, 203, 1, 0, 213, 
1), dim = c(3L, 3L), dimnames = list(c("-1", "0", "1"), c("C", 
"G", "T"))), LR48_SNP1 = structure(c(0, 0, 0, 4, 0, 0, 0, 0, 
10, 473, 4, 0), dim = c(6L, 2L), dimnames = list(c("-3", "-2", 
"-1", "0", "1", "2"), c("C", "T"))), LR49_SNP1 = structure(c(0, 
0, 4, 0, 0, 3, 966, 1, 0, 0, 0, 0), dim = 4:3, dimnames = list(
    c("-2", "-1", "0", "1"), c("A", "G", "T"))), LR52_SNP1 = structure(c(0, 
0, 1, 10, 226, 2, 0, 0, 1, 9, 280, 3), dim = c(6L, 2L), dimnames = list(
    c("-4", "-3", "-2", "-1", "0", "1"), c("C", "T"))))
