Result <-
list(DEPDC2_SNP1 = structure(c(0, 0, 0, 0, 0, 0, 0, 5, 0, 0, 
0, 0, 0, 0, 0, 0, 132, 940, 56, 1), dim = 5:4, dimnames = list(
    c("-2", "-1", "0", "1", "2"), c("A", "C", "G", "T"))), GM01_SNP1 = structure(c(0, 
6, 195, 0, 0, 0, 0, 4, 221, 2, 0, 0), dim = c(6L, 2L), dimnames = list(
    c("-2", "-1", "0", "1", "2", "3"), c("A", "G"))), GM07_SNP1 = structure(c(0, 
86, 174, 2, 0, 0, 0, 64, 158, 42, 2, 0), dim = c(6L, 2L), dimnames = list(
    c("-2", "-1", "0", "1", "2", "3"), c("A", "G"))), GM09_SNP1 = structure(c(0, 
28, 0, 0, 3, 945, 1, 0, 0, 0, 0, 0), dim = 4:3, dimnames = list(
    c("-1", "0", "1", "2"), c("A", "G", "T"))), GM11_SNP1 = structure(c(1, 
135, 0, 0, 0, 7, 0, 0), dim = c(4L, 2L), dimnames = list(c("-1", 
"0", "1", "2"), c("A", "G"))), GM14_SNP1 = structure(c(0, 0, 
0, 0, 0, 6, 150, 408, 3, 0, 0, 0, 7, 0, 0), dim = c(5L, 3L), dimnames = list(
    c("-2", "-1", "0", "1", "2"), c("A", "C", "T"))), GM17_SNP1 = structure(c(0, 
0, 277, 572, 1, 0, 0, 0, 12, 0), dim = c(5L, 2L), dimnames = list(
    c("-3", "-2", "-1", "0", "1"), c("C", "T"))), GM22_SNP1 = structure(c(0, 
5, 361, 0, 0, 0, 2, 0), dim = c(4L, 2L), dimnames = list(c("-2", 
"-1", "0", "1"), c("A", "G"))), GM26_SNP1 = structure(c(0, 5, 
375, 1, 0, 0, 3, 0), dim = c(4L, 2L), dimnames = list(c("-2", 
"-1", "0", "1"), c("A", "G"))), GM29_SNP1 = structure(c(0, 8, 
246, 1, 0, 5, 304, 0, 0, 0, 0, 0), dim = 4:3, dimnames = list(
    c("-2", "-1", "0", "1"), c("A", "G", "T"))), IM16_SNP1 = structure(c(0, 
0, 6, 0, 0, 0, 34, 194, 0, 0, 0, 0, 0, 0, 0), dim = c(5L, 3L), dimnames = list(
    c("-2", "-1", "0", "1", "2"), c("A", "G", "T"))), IM49_SNP1 = structure(c(0, 
0, 0, 0, 0, 0, 0, 0, 0, 1, 0, 0, 0, 0, 0, 0, 0, 2, 15, 0, 0, 
0, 2, 320, 502, 818, 4, 0, 0, 0, 0, 0, 0, 0, 0), dim = c(7L, 
5L), dimnames = list(c("-4", "-3", "-2", "-1", "0", "1", "2"), 
    c("-", "A", "C", "G", "T"))), LR10_SNP1 = structure(c(0, 
11, 143, 43, 0, 0, 0, 0, 0, 0, 0, 0, 0, 64, 151, 0, 0, 0), dim = c(6L, 
3L), dimnames = list(c("-2", "-1", "0", "1", "2", "3"), c("C", 
"G", "T"))), LR11_SNP1 = structure(c(0, 21, 369, 1, 0, 0, 1, 
13, 1, 0, 0, 0, 0, 0, 0), dim = c(5L, 3L), dimnames = list(c("-2", 
"-1", "0", "1", "2"), c("A", "C", "G"))), LR17_SNP1 = structure(c(0, 
0, 51, 308, 5, 0, 0, 0, 0, 0, 0, 0), dim = c(6L, 2L), dimnames = list(
    c("-3", "-2", "-1", "0", "1", "2"), c("A", "G"))), LR20_SNP1 = structure(c(0, 
4, 0, 2, 202, 1), dim = 3:2, dimnames = list(c("-1", "0", "1"
), c("A", "G"))), LR24_SNP1 = structure(c(0, 0, 0, 0, 0, 4, 23, 
0, 3, 280, 1120, 1), dim = 4:3, dimnames = list(c("-2", "-1", 
"0", "1"), c("-", "A", "G"))), LR36_SNP1 = structure(c(0, 0, 
0, 0, 0, 5, 0, 0, 0, 0, 0, 0, 0, 0, 0, 0, 0, 0, 0, 0, 0, 0, 0, 
0, 0, 0, 0, 0, 0, 0, 14, 157, 375, 100, 1, 0), dim = c(9L, 4L
), dimnames = list(c("-5", "-4", "-3", "-2", "-1", "0", "1", 
"2", "3"), c("A", "C", "G", "T"))), LR40_SNP1 = structure(c(0, 
1, 0, 9, 198, 0), dim = 3:2, dimnames = list(c("-1", "0", "1"
), c("A", "C"))), LR44_SNP1 = structure(c(0, 0, 0, 0, 0, 0, 0, 
0, 0, 9, 74, 97, 4, 0, 0, 0, 0, 2, 49, 0, 0), dim = c(7L, 3L), dimnames = list(
    c("-4", "-3", "-2", "-1", "0", "1", "2"), c("A", "C", "T"
    ))), LR46_SNP1 = structure(c(0, 0, 0, 0, 0, 0, 0, 0, 0, 3, 
201, 1, 4, 11, 204, 0), dim = c(4L, 4L), dimnames = list(c("-2", 
"-1", "0", "1"), c("-", "A", "G", "T"))), LR48_SNP1 = structure(c(0, 
40, 237, 4, 0, 0, 0, 1, 0, 0), dim = c(5L, 2L), dimnames = list(
    c("-2", "-1", "0", "1", "2"), c("C", "T"))), LR49_SNP1 = structure(c(0, 
3, 0, 112, 679, 0, 0, 0, 0), dim = c(3L, 3L), dimnames = list(
    c("-1", "0", "1"), c("A", "G", "T"))), LR52_SNP1 = structure(c(0, 
0, 0, 0, 0, 0, 0, 0, 0, 0, 0, 2, 2, 0, 0, 0, 0, 23, 12, 24, 114, 
11, 3, 0), dim = c(8L, 3L), dimnames = list(c("-4", "-3", "-2", 
"-1", "0", "1", "2", "3"), c("A", "C", "T"))))
