Result <-
list(DEPDC2_SNP1 = structure(c(0, 0, 0, 0, 0, 1, 526, 0, 0, 2, 
670, 1), dim = 4:3, dimnames = list(c("-2", "-1", "0", "1"), 
    c("A", "C", "T"))), GM01_SNP1 = structure(c(1, 2, 329, 0, 
0, 0, 7, 0), dim = c(4L, 2L), dimnames = list(c("-2", "-1", "0", 
"1"), c("A", "G"))), GM07_SNP1 = structure(c(0, 0, 0, 0, 0, 0, 
5, 318, 3, 0, 1, 0, 3, 0, 0, 0, 0, 1, 0, 0, 0, 0, 0, 0, 0), dim = c(5L, 
5L), dimnames = list(c("-2", "-1", "0", "1", "2"), c("-", "A", 
"G", "N", "T"))), GM09_SNP1 = structure(c(0, 438, 0, 0, 377, 
0), dim = 3:2, dimnames = list(c("-1", "0", "1"), c("A", "G"))), 
    GM11_SNP1 = structure(c(0, 213, 0, 0, 1, 0, 0, 0, 0), dim = c(3L, 
    3L), dimnames = list(c("-1", "0", "1"), c("A", "G", "T"))), 
    GM14_SNP1 = structure(c(0, 0, 5, 250, 301, 1, 0, 0, 0, 0, 
    6, 0, 0, 0), dim = c(7L, 2L), dimnames = list(c("-3", "-2", 
    "-1", "0", "1", "2", "3"), c("C", "T"))), GM17_SNP1 = structure(c(0, 
    0, 0, 0, 0, 0, 216, 0, 0, 0, 236, 0), dim = 4:3, dimnames = list(
        c("-2", "-1", "0", "1"), c("A", "C", "T"))), GM22_SNP1 = structure(c(0, 
    2, 351, 1, 0, 0, 1, 0, 0, 0, 0, 0), dim = 4:3, dimnames = list(
        c("-2", "-1", "0", "1"), c("A", "G", "T"))), GM26_SNP1 = structure(c(0, 
    0, 240, 1, 0, 0, 1, 0), dim = c(4L, 2L), dimnames = list(
        c("-2", "-1", "0", "1"), c("A", "G"))), GM29_SNP1 = structure(c(0, 
    1, 281, 1, 0, 0, 2, 0), dim = c(4L, 2L), dimnames = list(
        c("-3", "-1", "0", "1"), c("A", "G"))), IM16_SNP1 = structure(c(0, 
    1, 108, 1, 0, 0, 1, 0, 0, 2, 113, 0), dim = 4:3, dimnames = list(
        c("-2", "-1", "0", "1"), c("A", "C", "G"))), IM49_SNP1 = structure(c(0, 
    12, 598, 5, 0, 0, 1, 7, 0, 0), dim = c(5L, 2L), dimnames = list(
        c("-2", "-1", "0", "1", "2"), c("C", "G"))), LR10_SNP1 = structure(c(0, 
    1, 160, 1, 0, 0, 0, 167, 0, 0), dim = c(5L, 2L), dimnames = list(
        c("-2", "-1", "0", "1", "2"), c("C", "T"))), LR11_SNP1 = structure(c(0, 
    0, 2, 0, 0, 6, 357, 1), dim = c(4L, 2L), dimnames = list(
        c("-2", "-1", "0", "1"), c("A", "C"))), LR17_SNP1 = structure(c(1, 
    0, 275, 1, 0, 0, 0, 0, 0, 0), dim = c(5L, 2L), dimnames = list(
        c("-2", "-1", "0", "1", "2"), c("A", "G"))), LR20_SNP1 = structure(c(1, 
    147, 0, 0, 151, 0), dim = 3:2, dimnames = list(c("-1", "0", 
    "1"), c("A", "G"))), LR24_SNP1 = structure(c(0, 0, 511, 0, 
    0, 1, 539, 0, 0, 0, 1, 0), dim = 4:3, dimnames = list(c("-3", 
    "-1", "0", "1"), c("A", "G", "N"))), LR36_SNP1 = structure(c(0, 
    1, 249, 1, 0, 0, 0, 2, 0, 0, 1, 4, 235, 0, 0), dim = c(5L, 
    3L), dimnames = list(c("-2", "-1", "0", "1", "2"), c("A", 
    "N", "T"))), LR40_SNP1 = structure(c(0, 76, 0, 1, 70, 0, 
    0, 0, 0, 0, 0, 0), dim = 3:4, dimnames = list(c("-1", "0", 
    "1"), c("A", "C", "G", "T"))), LR44_SNP1 = structure(c(0, 
    0, 5, 134, 0, 0, 0, 0, 5, 125, 1, 0), dim = c(6L, 2L), dimnames = list(
        c("-3", "-2", "-1", "0", "1", "2"), c("C", "T"))), LR46_SNP1 = structure(c(0, 
    0, 0, 0, 0, 0, 0, 269, 0, 0, 0, 0, 1, 0, 0, 0, 0, 3, 0, 0
    ), dim = 5:4, dimnames = list(c("-3", "-1", "0", "1", "2"
    ), c("A", "G", "N", "T"))), LR48_SNP1 = structure(c(0, 2, 
    151, 3, 0, 0, 3, 98, 0, 0), dim = c(5L, 2L), dimnames = list(
        c("-2", "-1", "0", "1", "2"), c("C", "T"))), LR49_SNP1 = structure(c(0, 
    266, 0, 0, 0, 0, 0, 349, 1), dim = c(3L, 3L), dimnames = list(
        c("-1", "0", "1"), c("A", "C", "G"))), LR52_SNP1 = structure(c(0, 
    0, 3, 87, 2, 0, 0, 0, 5, 79, 3, 0), dim = c(6L, 2L), dimnames = list(
        c("-3", "-2", "-1", "0", "1", "2"), c("C", "T"))))
