Result <-
list(DEPDC2_SNP1 = structure(c(0, 0, 2, 0, 0, 0, 1, 230, 98, 
0, 0, 0, 0, 0, 0, 0, 2, 474, 3, 0), dim = 5:4, dimnames = list(
    c("-2", "-1", "0", "1", "2"), c("A", "C", "G", "T"))), GM01_SNP1 = structure(c(0, 
3, 19, 0, 0, 0, 11, 277, 0, 0), dim = c(5L, 2L), dimnames = list(
    c("-2", "-1", "0", "1", "2"), c("A", "G"))), GM07_SNP1 = structure(c(0, 
45, 28, 76, 0, 0, 0, 0, 24, 101, 0, 0, 0, 0, 0, 0, 0, 0), dim = c(6L, 
3L), dimnames = list(c("-3", "-2", "-1", "0", "1", "2"), c("A", 
"G", "T"))), GM09_SNP1 = structure(c(0, 114, 174, 5, 0, 0, 12, 
1), dim = c(4L, 2L), dimnames = list(c("-2", "-1", "0", "1"), 
    c("A", "G"))), GM11_SNP1 = structure(c(0, 0, 0, 0, 0, 0, 
0, 130, 0, 0, 0, 0, 97, 1, 0, 0, 0, 0, 0, 0), dim = 5:4, dimnames = list(
    c("-2", "-1", "0", "1", "2"), c("-", "A", "G", "T"))), GM14_SNP1 = structure(c(0, 
0, 0, 0, 0, 0, 0, 0, 6, 310, 15, 0, 0, 0, 0, 13, 0, 0), dim = c(6L, 
3L), dimnames = list(c("-3", "-2", "-1", "0", "1", "2"), c("-", 
"C", "T"))), GM17_SNP1 = structure(c(0, 0, 0, 0, 0, 3, 195, 1, 
1, 0, 181, 1), dim = 4:3, dimnames = list(c("-2", "-1", "0", 
"1"), c("A", "C", "T"))), GM22_SNP1 = structure(c(0, 6, 120, 
0, 0, 0, 113, 0), dim = c(4L, 2L), dimnames = list(c("-2", "-1", 
"0", "1"), c("A", "G"))), GM26_SNP1 = structure(c(0, 0, 222, 
1, 0, 0, 1, 0, 0, 0, 5, 0, 0, 0, 0, 0), dim = c(4L, 4L), dimnames = list(
    c("-2", "-1", "0", "1"), c("A", "C", "G", "T"))), GM29_SNP1 = structure(c(0, 
8, 123, 0, 0, 0, 0, 0, 0, 3, 106, 0), dim = 4:3, dimnames = list(
    c("-2", "-1", "0", "1"), c("A", "C", "G"))), IM16_SNP1 = structure(c(0, 
0, 6, 0, 0, 0, 1, 240, 3, 0, 0, 0, 0, 0, 0), dim = c(5L, 3L), dimnames = list(
    c("-2", "-1", "0", "1", "2"), c("A", "G", "T"))), IM49_SNP1 = structure(c(0, 
0, 25, 248, 2, 0, 0, 6, 102, 154, 4, 0), dim = c(6L, 2L), dimnames = list(
    c("-3", "-2", "-1", "0", "1", "2"), c("C", "G"))), LR10_SNP1 = structure(c(0, 
0, 1, 0, 0, 0, 6, 0, 0, 4, 254, 1), dim = 4:3, dimnames = list(
    c("-2", "-1", "0", "1"), c("A", "C", "T"))), LR11_SNP1 = structure(c(0, 
0, 9, 152, 0, 0, 5, 51, 83, 0, 0, 0, 0, 0, 0), dim = c(5L, 3L
), dimnames = list(c("-3", "-2", "-1", "0", "1"), c("A", "C", 
"T"))), LR17_SNP1 = structure(c(0, 30, 208, 2, 0, 0, 0, 0, 0, 
0, 0, 0, 0, 0, 0, 0), dim = c(4L, 4L), dimnames = list(c("-2", 
"-1", "0", "1"), c("A", "C", "G", "T"))), LR20_SNP1 = structure(c(0, 
0, 0, 1, 285, 0, 1, 9, 0), dim = c(3L, 3L), dimnames = list(c("-1", 
"0", "1"), c("-", "A", "G"))), LR24_SNP1 = structure(c(0, 0, 
0, 0, 0, 0, 13, 448, 2, 0, 0, 17, 436, 0, 0), dim = c(5L, 3L), dimnames = list(
    c("-2", "-1", "0", "1", "2"), c("-", "A", "G"))), LR36_SNP1 = structure(c(0, 
0, 2, 8, 0, 1, 6, 52, 240, 2), dim = c(5L, 2L), dimnames = list(
    c("-3", "-2", "-1", "0", "1"), c("A", "T"))), LR40_SNP1 = structure(c(0, 
0, 1, 0, 0, 3, 267, 1), dim = c(4L, 2L), dimnames = list(c("-2", 
"-1", "0", "1"), c("A", "C"))), LR44_SNP1 = structure(c(0, 1, 
2, 38, 2, 0, 0, 3, 91, 217, 1, 0), dim = c(6L, 2L), dimnames = list(
    c("-3", "-2", "-1", "0", "1", "2"), c("C", "T"))), LR46_SNP1 = structure(c(0, 
2, 136, 0, 0, 66, 68, 0), dim = c(4L, 2L), dimnames = list(c("-2", 
"-1", "0", "1"), c("G", "T"))), LR48_SNP1 = structure(c(0, 0, 
0, 0, 0, 42, 143, 2, 0, 0, 1, 0), dim = 4:3, dimnames = list(
    c("-2", "-1", "0", "1"), c("-", "C", "T"))), LR49_SNP1 = structure(c(0, 
11, 0, 0, 0, 0, 15, 400, 0, 0, 0, 0), dim = 3:4, dimnames = list(
    c("-1", "0", "1"), c("A", "C", "G", "T"))), LR52_SNP1 = structure(c(0, 
1, 14, 48, 109, 2, 0, 0, 0, 0, 7, 0), dim = c(6L, 2L), dimnames = list(
    c("-4", "-3", "-2", "-1", "0", "1"), c("C", "T"))))
