Result <-
list(DEPDC2_SNP1 = structure(c(0, 0, 0, 2, 841, 1, 0, 11, 0), dim = c(3L, 
3L), dimnames = list(c("-1", "0", "1"), c("A", "C", "T"))), GM01_SNP1 = structure(c(0, 
0, 0, 0, 0, 1, 206, 0, 0, 0, 4, 0), dim = 4:3, dimnames = list(
    c("-2", "-1", "0", "1"), c("-", "A", "G"))), GM07_SNP1 = structure(c(0, 
0, 0, 0, 0, 0, 0, 133, 2, 0, 0, 4, 146, 0, 0), dim = c(5L, 3L
), dimnames = list(c("-2", "-1", "0", "1", "2"), c("-", "A", 
"G"))), GM09_SNP1 = structure(c(1, 357, 0, 0, 0, 0, 3, 417, 0, 
0, 0, 0), dim = 3:4, dimnames = list(c("-1", "0", "1"), c("A", 
"C", "G", "T"))), GM11_SNP1 = structure(c(0, 79, 0, 0, 0, 0), dim = 3:2, dimnames = list(
    c("-1", "0", "1"), c("A", "G"))), GM14_SNP1 = structure(c(0, 
0, 1, 340, 0, 0, 0, 0, 0, 5, 0, 0), dim = c(6L, 2L), dimnames = list(
    c("-3", "-2", "-1", "0", "1", "2"), c("C", "T"))), GM17_SNP1 = structure(c(0, 
0, 0, 0, 4, 0, 1, 405, 1), dim = c(3L, 3L), dimnames = list(c("-1", 
"0", "1"), c("A", "C", "T"))), GM22_SNP1 = structure(c(0, 0, 
150, 0, 0, 0, 1, 126, 0, 0), dim = c(5L, 2L), dimnames = list(
    c("-2", "-1", "0", "1", "2"), c("A", "G"))), GM26_SNP1 = structure(c(1, 
157, 1), dim = c(3L, 1L), dimnames = list(c("-1", "0", "1"), 
    "A")), GM29_SNP1 = structure(c(1, 266, 0, 0, 0, 2, 0, 0), dim = c(4L, 
2L), dimnames = list(c("-1", "0", "1", "2"), c("A", "G"))), IM16_SNP1 = structure(c(0, 
158, 2, 0), dim = c(4L, 1L), dimnames = list(c("-1", "0", "1", 
"2"), "G")), IM49_SNP1 = structure(c(0, 1, 4, 370, 2, 0, 0, 0, 
7, 261, 2, 0), dim = c(6L, 2L), dimnames = list(c("-3", "-2", 
"-1", "0", "1", "2"), c("C", "G"))), LR10_SNP1 = structure(c(0, 
0, 0, 0, 0, 1, 184, 0, 0, 0, 0, 0), dim = 4:3, dimnames = list(
    c("-2", "-1", "0", "1"), c("-", "C", "T"))), LR11_SNP1 = structure(c(0, 
0, 9, 298, 0, 0, 0, 0, 0, 0), dim = c(5L, 2L), dimnames = list(
    c("-3", "-2", "-1", "0", "1"), c("A", "C"))), LR17_SNP1 = structure(c(0, 
0, 6, 335, 1, 0, 0, 0, 1, 0), dim = c(5L, 2L), dimnames = list(
    c("-3", "-2", "-1", "0", "1"), c("A", "G"))), LR20_SNP1 = structure(c(0, 
112, 0, 0, 129, 0), dim = 3:2, dimnames = list(c("-1", "0", "1"
), c("A", "G"))), LR24_SNP1 = structure(c(0, 2, 396, 1, 0, 3, 
402, 0, 0, 0, 1, 0), dim = 4:3, dimnames = list(c("-3", "-1", 
"0", "1"), c("A", "G", "N"))), LR36_SNP1 = structure(c(0, 0, 
0, 2, 292, 4, 0, 0, 0, 0, 0, 0, 0, 0, 0, 0, 0, 0, 1, 0, 0, 0, 
0, 0, 4, 272, 0, 0), dim = c(7L, 4L), dimnames = list(c("-4", 
"-3", "-2", "-1", "0", "1", "2"), c("A", "G", "N", "T"))), LR40_SNP1 = structure(c(0, 
0, 118, 0), dim = c(4L, 1L), dimnames = list(c("-2", "-1", "0", 
"1"), "C")), LR44_SNP1 = structure(c(0, 0, 1, 73, 0, 0, 0, 0, 
1, 80, 0, 0), dim = c(6L, 2L), dimnames = list(c("-3", "-2", 
"-1", "0", "1", "2"), c("C", "T"))), LR46_SNP1 = structure(c(1, 
212, 0), dim = c(3L, 1L), dimnames = list(c("-1", "0", "1"), 
    "T")), LR48_SNP1 = structure(c(0, 0, 0, 0, 0, 0, 0, 76, 1, 
0, 0, 3, 61, 1, 0), dim = c(5L, 3L), dimnames = list(c("-2", 
"-1", "0", "1", "2"), c("A", "C", "T"))), LR49_SNP1 = structure(c(0, 
222, 0, 0, 179, 0, 0, 0, 0), dim = c(3L, 3L), dimnames = list(
    c("-1", "0", "1"), c("A", "G", "T"))), LR52_SNP1 = structure(c(0, 
0, 3, 40, 1, 0, 1, 2, 53, 1), dim = c(5L, 2L), dimnames = list(
    c("-3", "-2", "-1", "0", "1"), c("C", "T"))))
