Result <-
list(DEPDC2_SNP1 = structure(c(0, 0, 14, 0, 0, 5, 782, 4), dim = c(4L, 
2L), dimnames = list(c("-2", "-1", "0", "1"), c("C", "T"))), 
    GM01_SNP1 = structure(c(1, 146, 0, 0, 0, 0, 11, 153, 0), dim = c(3L, 
    3L), dimnames = list(c("-1", "0", "1"), c("A", "C", "G"))), 
    GM07_SNP1 = structure(c(0, 0, 2, 27, 0, 0, 0, 0, 49, 121, 
    0, 0), dim = c(6L, 2L), dimnames = list(c("-3", "-2", "-1", 
    "0", "1", "2"), c("A", "G"))), GM09_SNP1 = structure(c(0, 
    2, 334, 0, 0, 0, 1, 0, 0, 0, 290, 0, 0, 0, 0, 0), dim = c(4L, 
    4L), dimnames = list(c("-2", "-1", "0", "1"), c("A", "C", 
    "G", "T"))), GM11_SNP1 = structure(c(4, 160, 0, 0, 7, 0), dim = 3:2, dimnames = list(
        c("-1", "0", "1"), c("A", "G"))), GM14_SNP1 = structure(c(0, 
    0, 0, 0, 0, 0, 6, 365, 0, 0, 0, 0, 0, 0, 0, 0, 0, 14, 0, 
    0), dim = 5:4, dimnames = list(c("-2", "-1", "0", "1", "2"
    ), c("A", "C", "G", "T"))), GM17_SNP1 = structure(c(0, 0, 
    0, 0, 0, 0, 72, 204, 0, 0, 0, 0, 22, 0, 0), dim = c(5L, 3L
    ), dimnames = list(c("-2", "-1", "0", "1", "2"), c("A", "C", 
    "T"))), GM22_SNP1 = structure(c(0, 0, 28, 0, 0, 1, 221, 1
    ), dim = c(4L, 2L), dimnames = list(c("-2", "-1", "0", "1"
    ), c("A", "G"))), GM26_SNP1 = structure(c(0, 2, 187, 0, 0, 
    0, 0, 1, 0, 0), dim = c(5L, 2L), dimnames = list(c("-2", 
    "-1", "0", "1", "2"), c("A", "G"))), GM29_SNP1 = structure(c(0, 
    2, 164, 0, 0, 0, 0, 10, 0, 0), dim = c(5L, 2L), dimnames = list(
        c("-2", "-1", "0", "1", "2"), c("A", "G"))), IM16_SNP1 = structure(c(0, 
    0, 2, 0, 0, 0, 3, 180, 0, 0), dim = c(5L, 2L), dimnames = list(
        c("-2", "-1", "0", "1", "2"), c("A", "G"))), IM49_SNP1 = structure(c(0, 
    2, 173, 2, 0, 0, 7, 161, 1, 0), dim = c(5L, 2L), dimnames = list(
        c("-2", "-1", "0", "1", "2"), c("C", "G"))), LR10_SNP1 = structure(c(0, 
    3, 195, 1, 0, 0, 116, 0), dim = c(4L, 2L), dimnames = list(
        c("-2", "-1", "0", "1"), c("C", "T"))), LR11_SNP1 = structure(c(0, 
    2, 33, 0, 0, 0, 5, 253, 0, 0, 0, 0, 0, 0, 0), dim = c(5L, 
    3L), dimnames = list(c("-2", "-1", "0", "1", "2"), c("A", 
    "C", "T"))), LR17_SNP1 = structure(c(0, 16, 216, 4, 0, 0, 
    0, 0), dim = c(4L, 2L), dimnames = list(c("-2", "-1", "0", 
    "1"), c("A", "G"))), LR20_SNP1 = structure(c(0, 13, 0, 0, 
    0, 0, 0, 280, 0, 0, 0, 0), dim = 3:4, dimnames = list(c("-1", 
    "0", "1"), c("A", "C", "G", "T"))), LR24_SNP1 = structure(c(0, 
    0, 0, 0, 0, 0, 0, 4, 420, 1, 0, 1, 221, 189, 0, 0, 0, 0, 
    0, 0), dim = 5:4, dimnames = list(c("-3", "-2", "-1", "0", 
    "1"), c("-", "A", "G", "T"))), LR36_SNP1 = structure(c(0, 
    1, 1, 25, 0, 0, 0, 0, 0, 0, 0, 0, 1, 0, 0, 0, 0, 0, 0, 0, 
    0, 0, 0, 0, 0, 0, 0, 0, 0, 12, 273, 1, 0, 0, 1, 0), dim = c(9L, 
    4L), dimnames = list(c("-3", "-2", "-1", "0", "1", "2", "3", 
    "4", "6"), c("A", "C", "G", "T"))), LR40_SNP1 = structure(c(0, 
    1, 0, 3, 185, 0), dim = 3:2, dimnames = list(c("-1", "0", 
    "1"), c("A", "C"))), LR44_SNP1 = structure(c(0, 0, 0, 2, 
    0, 0, 0, 0, 0, 5, 91, 147, 0, 0, 0, 0, 0, 1, 10, 2, 0), dim = c(7L, 
    3L), dimnames = list(c("-5", "-3", "-2", "-1", "0", "1", 
    "2"), c("A", "C", "T"))), LR46_SNP1 = structure(c(0, 93, 
    0, 0, 57, 0), dim = 3:2, dimnames = list(c("-1", "0", "1"
    ), c("G", "T"))), LR48_SNP1 = structure(c(0, 46, 132, 1, 
    0, 0, 0, 0, 0, 0, 0, 0, 9, 0, 0), dim = c(5L, 3L), dimnames = list(
        c("-2", "-1", "0", "1", "2"), c("C", "G", "T"))), LR49_SNP1 = structure(c(0, 
    5, 0, 401, 0, 0), dim = 2:3, dimnames = list(c("-1", "0"), 
        c("A", "G", "T"))), LR52_SNP1 = structure(c(3, 6, 56, 
    2, 34, 0, 0, 0, 6, 46, 39, 0), dim = c(6L, 2L), dimnames = list(
        c("-4", "-3", "-2", "-1", "0", "1"), c("C", "T"))))
