Result <-
list(DEPDC2_SNP1 = structure(c(0, 0, 0, 0, 0, 4, 864, 3, 0, 0, 
0, 0, 0, 0, 16, 0), dim = c(4L, 4L), dimnames = list(c("-2", 
"-1", "0", "1"), c("A", "C", "G", "T"))), GM01_SNP1 = structure(c(0, 
1, 203, 1, 0, 0, 0, 22, 0, 0, 0, 0, 0, 0, 0), dim = c(5L, 3L), dimnames = list(
    c("-2", "-1", "0", "1", "2"), c("A", "G", "T"))), GM07_SNP1 = structure(c(0, 
0, 0, 0, 0, 0, 5, 271, 6, 0, 0, 0, 3, 1, 0), dim = c(5L, 3L), dimnames = list(
    c("-2", "-1", "0", "1", "2"), c("-", "A", "G"))), GM09_SNP1 = structure(c(0, 
0, 0, 0, 685, 0, 1, 12, 0, 0, 0, 0), dim = 3:4, dimnames = list(
    c("-1", "0", "1"), c("-", "A", "G", "T"))), GM11_SNP1 = structure(c(0, 
1, 185, 0, 0, 0, 3, 0), dim = c(4L, 2L), dimnames = list(c("-2", 
"-1", "0", "1"), c("A", "G"))), GM14_SNP1 = structure(c(0, 0, 
0, 0, 0, 0, 0, 1, 7, 444, 5, 0, 0, 0, 0, 3, 0, 0), dim = c(6L, 
3L), dimnames = list(c("-3", "-2", "-1", "0", "1", "2"), c("A", 
"C", "T"))), GM17_SNP1 = structure(c(0, 1, 361, 1, 0, 0, 10, 
0), dim = c(4L, 2L), dimnames = list(c("-2", "-1", "0", "1"), 
    c("C", "T"))), GM22_SNP1 = structure(c(0, 2, 183, 1, 0, 0, 
0, 178, 0, 0, 0, 0, 0, 0, 0), dim = c(5L, 3L), dimnames = list(
    c("-2", "-1", "0", "1", "2"), c("A", "G", "T"))), GM26_SNP1 = structure(c(1, 
243, 0, 0, 1, 0), dim = 3:2, dimnames = list(c("-1", "0", "1"
), c("A", "G"))), GM29_SNP1 = structure(c(0, 1, 188, 1), dim = c(4L, 
1L), dimnames = list(c("-2", "-1", "0", "1"), "A")), IM16_SNP1 = structure(c(1, 
207, 1, 0, 0, 4, 0, 0), dim = c(4L, 2L), dimnames = list(c("-1", 
"0", "1", "2"), c("A", "G"))), IM49_SNP1 = structure(c(0, 0, 
0, 0, 0, 0, 1, 2, 0, 0, 0, 5, 195, 1, 0), dim = c(5L, 3L), dimnames = list(
    c("-2", "-1", "0", "1", "2"), c("A", "C", "G"))), LR10_SNP1 = structure(c(0, 
1, 177, 1, 0, 0, 2, 169, 0, 0), dim = c(5L, 2L), dimnames = list(
    c("-2", "-1", "0", "1", "2"), c("C", "T"))), LR11_SNP1 = structure(c(0, 
1, 211, 0, 0, 4, 117, 1, 0, 0, 0, 0), dim = 4:3, dimnames = list(
    c("-2", "-1", "0", "1"), c("A", "C", "T"))), LR17_SNP1 = structure(c(0, 
0, 4, 206, 0, 0), dim = c(6L, 1L), dimnames = list(c("-3", "-2", 
"-1", "0", "1", "2"), "A")), LR20_SNP1 = structure(c(0, 305, 
0, 0, 8, 0), dim = 3:2, dimnames = list(c("-1", "0", "1"), c("A", 
"G"))), LR24_SNP1 = structure(c(0, 2, 565, 0, 0, 2, 512, 0, 0, 
0, 1, 0, 0, 0, 1, 0), dim = c(4L, 4L), dimnames = list(c("-3", 
"-1", "0", "1"), c("A", "G", "N", "T"))), LR36_SNP1 = structure(c(0, 
0, 7, 0, 0, 0, 0, 0, 0, 0, 0, 0, 0, 0, 0, 0, 0, 1, 0, 0, 1, 6, 
397, 1, 0), dim = c(5L, 5L), dimnames = list(c("-2", "-1", "0", 
"1", "2"), c("A", "C", "G", "N", "T"))), LR40_SNP1 = structure(c(0, 
110, 0, 0, 1, 108, 1, 0, 0, 0, 0, 0), dim = 4:3, dimnames = list(
    c("-1", "0", "1", "2"), c("A", "C", "G"))), LR44_SNP1 = structure(c(0, 
0, 0, 0, 0, 0, 0, 0, 0, 3, 186, 175, 2, 0, 0, 0, 0, 3, 1, 1, 
0, 0, 0, 1, 2, 5, 0, 0), dim = c(7L, 4L), dimnames = list(c("-4", 
"-3", "-2", "-1", "0", "1", "2"), c("A", "C", "N", "T"))), LR46_SNP1 = structure(c(0, 
0, 4, 0, 0, 0, 169, 0), dim = c(4L, 2L), dimnames = list(c("-2", 
"-1", "0", "1"), c("G", "T"))), LR48_SNP1 = structure(c(0, 0, 
5, 224, 2, 0, 0, 0, 1, 2, 0, 0), dim = c(6L, 2L), dimnames = list(
    c("-5", "-2", "-1", "0", "1", "2"), c("C", "T"))), LR49_SNP1 = structure(c(1, 
202, 0, 174, 0, 0), dim = 2:3, dimnames = list(c("-1", "0"), 
    c("A", "G", "T"))), LR52_SNP1 = structure(c(0, 0, 0, 0, 0, 
0, 0, 0, 1, 0, 0, 0, 0, 0, 7, 301, 1, 0), dim = c(6L, 3L), dimnames = list(
    c("-2", "-1", "0", "1", "2", "3"), c("A", "C", "T"))))
