Result <-
list(DEPDC2_SNP1 = structure(c(0, 0, 0, 1, 0, 0, 0, 15, 2885, 
4, 0, 0, 0, 16, 0), dim = c(5L, 3L), dimnames = list(c("-4", 
"-2", "-1", "0", "1"), c("A", "C", "T"))), GM01_SNP1 = structure(c(0, 
0, 0, 0, 0, 9, 1847, 3, 0, 0, 6, 0), dim = 4:3, dimnames = list(
    c("-2", "-1", "0", "1"), c("-", "A", "G"))), GM07_SNP1 = structure(c(0, 
0, 0, 0, 0, 0, 0, 1, 59, 1972, 22, 1, 0, 1, 1, 7, 0, 0, 0, 0, 
0, 0, 0, 0), dim = c(6L, 4L), dimnames = list(c("-3", "-2", "-1", 
"0", "1", "2"), c("-", "A", "G", "T"))), GM09_SNP1 = structure(c(0, 
0, 1, 0, 1, 88, 560, 27, 0, 0, 0, 0, 0, 1, 17, 0), dim = c(4L, 
4L), dimnames = list(c("-2", "-1", "0", "1"), c("-", "A", "C", 
"G"))), GM11_SNP1 = structure(c(8, 450, 0, 0, 476, 0), dim = 3:2, dimnames = list(
    c("-1", "0", "1"), c("A", "G"))), GM14_SNP1 = structure(c(0, 
0, 0, 1, 0, 0, 1, 1, 9, 0, 0, 0, 18, 2122, 5), dim = c(5L, 3L
), dimnames = list(c("-3", "-2", "-1", "0", "1"), c("A", "C", 
"T"))), GM17_SNP1 = structure(c(0, 0, 0, 5, 0, 0, 0, 27, 2573, 
0), dim = c(5L, 2L), dimnames = list(c("-3", "-2", "-1", "0", 
"1"), c("C", "T"))), GM22_SNP1 = structure(c(0, 6, 1764, 4, 0, 
0, 5, 0, 0, 0, 0, 0), dim = 4:3, dimnames = list(c("-2", "-1", 
"0", "1"), c("A", "G", "T"))), GM26_SNP1 = structure(c(0, 1, 
1467, 0, 0, 0, 4, 0), dim = c(4L, 2L), dimnames = list(c("-2", 
"-1", "0", "1"), c("A", "G"))), GM29_SNP1 = structure(c(0, 0, 
14, 1723, 1, 0, 0, 0, 0, 1, 0, 0, 0, 0, 0, 0, 0, 0), dim = c(6L, 
3L), dimnames = list(c("-3", "-2", "-1", "0", "1", "2"), c("A", 
"G", "T"))), IM16_SNP1 = structure(c(0, 14, 1218, 2, 0, 0, 4, 
0, 0, 0, 0, 0), dim = 4:3, dimnames = list(c("-2", "-1", "0", 
"1"), c("A", "G", "T"))), IM49_SNP1 = structure(c(0, 0, 0, 0, 
0, 0, 0, 0, 0, 0, 0, 1, 4, 0, 0, 1, 47, 2945, 16, 1, 0, 0, 0, 
0, 0), dim = c(5L, 5L), dimnames = list(c("-2", "-1", "0", "1", 
"2"), c("-", "A", "C", "G", "T"))), LR10_SNP1 = structure(c(0, 
14, 1419, 7, 0, 0, 14, 0), dim = c(4L, 2L), dimnames = list(c("-2", 
"-1", "0", "1"), c("C", "T"))), LR11_SNP1 = structure(c(0, 31, 
828, 1, 0, 0, 24, 721, 1, 0), dim = c(5L, 2L), dimnames = list(
    c("-2", "-1", "0", "1", "2"), c("A", "C"))), LR17_SNP1 = structure(c(0, 
29, 1886, 14, 0, 0, 0, 0, 0, 0), dim = c(5L, 2L), dimnames = list(
    c("-2", "-1", "0", "1", "2"), c("A", "G"))), LR20_SNP1 = structure(c(3, 
521, 0, 0, 529, 2, 0, 0, 0), dim = c(3L, 3L), dimnames = list(
    c("-1", "0", "1"), c("A", "G", "T"))), LR24_SNP1 = structure(c(1, 
4, 1512, 0, 0, 6, 1468, 2, 0, 0, 0, 0), dim = 4:3, dimnames = list(
    c("-2", "-1", "0", "1"), c("A", "G", "T"))), LR36_SNP1 = structure(c(0, 
0, 0, 0, 0, 0, 0, 0, 0, 1, 28, 2393, 20, 0, 0, 0, 0, 0, 0, 0, 
0, 0, 0, 0, 0, 5, 0, 0), dim = c(7L, 4L), dimnames = list(c("-5", 
"-3", "-2", "-1", "0", "1", "2"), c("-", "A", "G", "T"))), LR40_SNP1 = structure(c(0, 
0, 1, 0, 0, 16, 1015, 0, 0, 0, 0, 0), dim = 4:3, dimnames = list(
    c("-2", "-1", "0", "1"), c("A", "C", "G"))), LR44_SNP1 = structure(c(0, 
18, 353, 5, 0, 0, 2, 0, 3, 27, 441, 3), dim = 4:3, dimnames = list(
    c("-2", "-1", "0", "1"), c("C", "G", "T"))), LR46_SNP1 = structure(c(0, 
0, 0, 3, 807, 1, 2, 763, 0), dim = c(3L, 3L), dimnames = list(
    c("-1", "0", "1"), c("A", "G", "T"))), LR48_SNP1 = structure(c(0, 
0, 11, 620, 5, 1, 0, 0, 12, 496, 2, 1), dim = c(6L, 2L), dimnames = list(
    c("-3", "-2", "-1", "0", "1", "2"), c("C", "T"))), LR49_SNP1 = structure(c(0, 
5, 0, 2, 2156, 0), dim = 3:2, dimnames = list(c("-1", "0", "1"
), c("A", "G"))), LR52_SNP1 = structure(c(0, 0, 0, 0, 0, 0, 1, 
0, 11, 84, 1066, 5, 0, 0, 0, 2, 5, 0), dim = c(6L, 3L), dimnames = list(
    c("-4", "-3", "-2", "-1", "0", "1"), c("A", "C", "T"))))
