Result <-
list(DEPDC2_SNP1 = structure(c(0, 0, 0, 0, 1, 5, 10, 0, 0, 20, 
1303, 2), dim = 4:3, dimnames = list(c("-2", "-1", "0", "1"), 
    c("A", "C", "T"))), GM01_SNP1 = structure(c(0, 1, 268, 0, 
0, 0, 13, 273, 0, 0, 0, 0, 0, 0, 0), dim = c(5L, 3L), dimnames = list(
    c("-2", "-1", "0", "1", "2"), c("A", "G", "T"))), GM07_SNP1 = structure(c(0, 
0, 0, 0, 0, 0, 83, 136, 1, 0, 0, 58, 148, 0, 0), dim = c(5L, 
3L), dimnames = list(c("-2", "-1", "0", "1", "2"), c("-", "A", 
"G"))), GM09_SNP1 = structure(c(0, 1, 562, 3, 0, 0, 1, 487, 1, 
0), dim = c(5L, 2L), dimnames = list(c("-2", "-1", "0", "1", 
"2"), c("A", "G"))), GM11_SNP1 = structure(c(1, 80, 173, 0, 0, 
0, 5, 0), dim = c(4L, 2L), dimnames = list(c("-2", "-1", "0", 
"1"), c("A", "G"))), GM14_SNP1 = structure(c(0, 0, 0, 22, 676, 
2, 1, 0, 0, 0, 0, 5, 0, 0), dim = c(7L, 2L), dimnames = list(
    c("-4", "-3", "-2", "-1", "0", "1", "2"), c("C", "T"))), 
    GM17_SNP1 = structure(c(0, 0, 15, 502, 0, 0, 0, 0, 12, 0), dim = c(5L, 
    2L), dimnames = list(c("-3", "-2", "-1", "0", "1"), c("C", 
    "T"))), GM22_SNP1 = structure(c(0, 2, 474, 1, 0, 0, 0, 3, 
    0, 0), dim = c(5L, 2L), dimnames = list(c("-2", "-1", "0", 
    "1", "2"), c("A", "G"))), GM26_SNP1 = structure(c(0, 5, 410, 
    0, 0, 0, 5, 0), dim = c(4L, 2L), dimnames = list(c("-2", 
    "-1", "0", "1"), c("A", "G"))), GM29_SNP1 = structure(c(0, 
    10, 421, 0, 0, 0, 8, 0, 0, 0, 0, 0), dim = 4:3, dimnames = list(
        c("-2", "-1", "0", "1"), c("A", "G", "T"))), IM16_SNP1 = structure(c(2, 
    162, 0, 0, 3, 197, 4, 0, 0, 0, 0, 0), dim = 4:3, dimnames = list(
        c("-1", "0", "1", "2"), c("A", "G", "T"))), IM49_SNP1 = structure(c(0, 
    16, 396, 4, 0, 0, 0, 11, 320, 6, 0, 0), dim = c(6L, 2L), dimnames = list(
        c("-2", "-1", "0", "1", "2", "4"), c("C", "G"))), LR10_SNP1 = structure(c(0, 
    0, 0, 0, 0, 7, 426, 1, 0, 0, 10, 0), dim = 4:3, dimnames = list(
        c("-3", "-1", "0", "1"), c("A", "C", "T"))), LR11_SNP1 = structure(c(0, 
    0, 0, 6, 75, 208, 0, 0, 0, 0, 0, 64, 10, 139, 1, 0, 0, 0, 
    0, 0, 0, 0, 0, 0), dim = c(8L, 3L), dimnames = list(c("-5", 
    "-4", "-3", "-2", "-1", "0", "1", "3"), c("A", "C", "T"))), 
    LR17_SNP1 = structure(c(0, 42, 221, 1, 0, 0, 0, 0, 0, 0), dim = c(5L, 
    2L), dimnames = list(c("-2", "-1", "0", "1", "2"), c("A", 
    "G"))), LR20_SNP1 = structure(c(0, 0, 237, 0, 0, 71, 112, 
    0, 0, 0, 0, 0), dim = 4:3, dimnames = list(c("-2", "-1", 
    "0", "1"), c("A", "G", "T"))), LR24_SNP1 = structure(c(0, 
    0, 0, 0, 0, 0, 0, 8, 868, 0, 0, 0, 2, 694, 1), dim = c(5L, 
    3L), dimnames = list(c("-3", "-2", "-1", "0", "1"), c("-", 
    "A", "G"))), LR36_SNP1 = structure(c(0, 0, 0, 52, 527, 3, 
    0, 0, 0, 0, 0, 0, 0, 0, 0, 0, 0, 1, 7, 0, 0), dim = c(7L, 
    3L), dimnames = list(c("-4", "-3", "-2", "-1", "0", "1", 
    "2"), c("A", "G", "T"))), LR40_SNP1 = structure(c(0, 1, 244, 
    0), dim = c(4L, 1L), dimnames = list(c("-2", "-1", "0", "1"
    ), "C")), LR44_SNP1 = structure(c(0, 0, 0, 0, 10, 0, 0, 0, 
    0, 0, 0, 1, 0, 0, 0, 2, 60, 82, 271, 1, 0), dim = c(7L, 3L
    ), dimnames = list(c("-4", "-3", "-2", "-1", "0", "1", "2"
    ), c("C", "G", "T"))), LR46_SNP1 = structure(c(0, 0, 0, 0, 
    294, 1, 0, 5, 0), dim = c(3L, 3L), dimnames = list(c("-1", 
    "0", "1"), c("C", "G", "T"))), LR48_SNP1 = structure(c(0, 
    20, 11, 239, 4, 0, 0, 0, 0, 3, 0, 0), dim = c(6L, 2L), dimnames = list(
        c("-3", "-2", "-1", "0", "1", "2"), c("C", "T"))), LR49_SNP1 = structure(c(0, 
    3, 0, 2, 745, 0, 0, 1, 0), dim = c(3L, 3L), dimnames = list(
        c("-1", "0", "1"), c("A", "G", "T"))), LR52_SNP1 = structure(c(0, 
    0, 0, 0, 0, 0, 0, 0, 0, 0, 0, 0, 0, 0, 2, 37, 136, 3, 0, 
    2, 9, 43, 105, 1), dim = c(6L, 4L), dimnames = list(c("-4", 
    "-3", "-2", "-1", "0", "1"), c("-", "A", "C", "T"))))
