Result <-
list(DEPDC2_SNP1 = structure(c(0, 0, 0, 0, 5, 0, 0, 1199, 2), dim = c(3L, 
3L), dimnames = list(c("-1", "0", "1"), c("A", "C", "T"))), GM01_SNP1 = structure(c(0, 
0, 26, 0, 0, 1, 499, 0), dim = c(4L, 2L), dimnames = list(c("-2", 
"-1", "0", "1"), c("A", "G"))), GM07_SNP1 = structure(c(0, 0, 
0, 0, 0, 0, 3, 185, 2, 0, 0, 3, 172, 1, 0, 0, 0, 0, 0, 0), dim = 5:4, dimnames = list(
    c("-2", "-1", "0", "1", "2"), c("-", "A", "G", "T"))), GM09_SNP1 = structure(c(0, 
0, 31, 0, 0, 1, 896, 2, 0, 0, 1, 0), dim = 4:3, dimnames = list(
    c("-2", "-1", "0", "1"), c("A", "G", "T"))), GM11_SNP1 = structure(c(0, 
0, 0, 0, 0, 0, 114, 0, 0, 0, 138, 2, 0, 0, 0, 0), dim = c(4L, 
4L), dimnames = list(c("-2", "-1", "0", "1"), c("-", "A", "G", 
"T"))), GM14_SNP1 = structure(c(0, 0, 0, 0, 0, 0, 3, 264, 0, 
0, 0, 0, 237, 0, 0), dim = c(5L, 3L), dimnames = list(c("-2", 
"-1", "0", "1", "2"), c("A", "C", "T"))), GM17_SNP1 = structure(c(0, 
2, 456, 1, 0, 0, 0, 16, 0, 0), dim = c(5L, 2L), dimnames = list(
    c("-2", "-1", "0", "1", "2"), c("C", "T"))), GM22_SNP1 = structure(c(0, 
0, 17, 0, 0, 0, 0, 333, 0, 0), dim = c(5L, 2L), dimnames = list(
    c("-2", "-1", "0", "1", "2"), c("A", "G"))), GM26_SNP1 = structure(c(0, 
0, 121, 0, 0, 0, 130, 0), dim = c(4L, 2L), dimnames = list(c("-2", 
"-1", "0", "1"), c("A", "G"))), GM29_SNP1 = structure(c(0, 0, 
1, 361, 1, 0, 0, 0, 1, 0, 0, 0, 0, 8, 1, 0, 0, 0, 0, 0), dim = 5:4, dimnames = list(
    c("-3", "-2", "-1", "0", "1"), c("A", "C", "G", "T"))), IM16_SNP1 = structure(c(0, 
2, 0, 0, 1, 308, 1, 0), dim = c(4L, 2L), dimnames = list(c("-1", 
"0", "1", "2"), c("A", "G"))), IM49_SNP1 = structure(c(0, 0, 
0, 0, 0, 0, 9, 394, 0, 0, 0, 9, 425, 3, 0, 0, 0, 0, 0, 0), dim = 5:4, dimnames = list(
    c("-2", "-1", "0", "1", "2"), c("A", "C", "G", "T"))), LR10_SNP1 = structure(c(0, 
0, 0, 0, 0, 2, 203, 1, 0, 0, 0, 0, 0, 4, 198, 0), dim = c(4L, 
4L), dimnames = list(c("-2", "-1", "0", "1"), c("A", "C", "G", 
"T"))), LR11_SNP1 = structure(c(0, 0, 0, 10, 0, 0, 0, 0, 0, 4, 
371, 1, 0, 0), dim = c(7L, 2L), dimnames = list(c("-3", "-2", 
"-1", "0", "1", "2", "3"), c("A", "C"))), LR17_SNP1 = structure(c(0, 
0, 8, 392, 2, 0, 0, 0, 0, 0, 0, 0), dim = c(6L, 2L), dimnames = list(
    c("-3", "-2", "-1", "0", "1", "2"), c("A", "G"))), LR20_SNP1 = structure(c(0, 
198, 0, 0, 200, 0), dim = 3:2, dimnames = list(c("-1", "0", "1"
), c("A", "G"))), LR24_SNP1 = structure(c(0, 724, 0, 0, 0, 0, 
0, 760, 0), dim = c(3L, 3L), dimnames = list(c("-1", "0", "1"
), c("A", "C", "G"))), LR36_SNP1 = structure(c(0, 0, 0, 0, 10, 
0, 0, 0, 0, 0, 0, 0, 0, 0, 0, 0, 0, 2, 625, 3, 0), dim = c(7L, 
3L), dimnames = list(c("-6", "-3", "-2", "-1", "0", "1", "2"), 
    c("A", "C", "T"))), LR40_SNP1 = structure(c(0, 1, 0, 2, 295, 
1), dim = 3:2, dimnames = list(c("-1", "0", "1"), c("A", "C"))), 
    LR44_SNP1 = structure(c(0, 0, 0, 0, 0, 0, 0, 1, 10, 186, 
    1, 0, 0, 0, 0, 0, 0, 0, 0, 1, 8, 259, 1, 0), dim = c(6L, 
    4L), dimnames = list(c("-3", "-2", "-1", "0", "1", "2"), 
        c("A", "C", "G", "T"))), LR46_SNP1 = structure(c(0, 0, 
    0, 0, 296, 1, 0, 8, 0), dim = c(3L, 3L), dimnames = list(
        c("-1", "0", "1"), c("C", "G", "T"))), LR48_SNP1 = structure(c(0, 
    0, 1, 0, 0, 0, 2, 311, 1, 0, 0, 0, 2, 0, 0), dim = c(5L, 
    3L), dimnames = list(c("-2", "-1", "0", "1", "2"), c("A", 
    "C", "T"))), LR49_SNP1 = structure(c(0, 300, 0, 0, 0, 0, 
    0, 337, 0, 0, 0, 0), dim = 3:4, dimnames = list(c("-1", "0", 
    "1"), c("A", "C", "G", "T"))), LR52_SNP1 = structure(c(0, 
    0, 0, 0, 0, 0, 1, 7, 232, 3, 0, 1, 0, 6, 0), dim = c(5L, 
    3L), dimnames = list(c("-3", "-2", "-1", "0", "1"), c("A", 
    "C", "T"))))
