Result <-
list(DEPDC2_SNP1 = structure(c(0, 0, 0, 0, 0, 40, 1, 0, 11, 848, 
35, 0), dim = 4:3, dimnames = list(c("-1", "0", "1", "2"), c("A", 
"C", "T"))), GM01_SNP1 = structure(c(0, 5, 170, 0, 0, 1, 167, 
0), dim = c(4L, 2L), dimnames = list(c("-2", "-1", "0", "1"), 
    c("A", "G"))), GM07_SNP1 = structure(c(0, 0, 0, 0, 0, 0, 
1, 66, 176, 0, 0, 0, 7, 27, 0, 0, 0, 0, 0, 0), dim = 5:4, dimnames = list(
    c("-3", "-2", "-1", "0", "1"), c("-", "A", "G", "T"))), GM09_SNP1 = structure(c(8, 
124, 3, 0, 14, 114, 11, 0, 0, 0, 0, 0), dim = 4:3, dimnames = list(
    c("-1", "0", "1", "2"), c("A", "G", "T"))), GM11_SNP1 = structure(c(0, 
2, 95, 0, 0, 0, 75, 0), dim = c(4L, 2L), dimnames = list(c("-2", 
"-1", "0", "1"), c("A", "G"))), GM14_SNP1 = structure(c(0, 0, 
35, 345, 0, 0, 0, 2, 10, 0), dim = c(5L, 2L), dimnames = list(
    c("-3", "-2", "-1", "0", "1"), c("C", "T"))), GM17_SNP1 = structure(c(0, 
47, 0, 0, 5, 331, 3, 0), dim = c(4L, 2L), dimnames = list(c("-1", 
"0", "1", "2"), c("C", "T"))), GM22_SNP1 = structure(c(1, 7, 
252, 0, 0, 0, 6, 0), dim = c(4L, 2L), dimnames = list(c("-2", 
"-1", "0", "1"), c("A", "G"))), GM26_SNP1 = structure(c(0, 107, 
0, 0, 3, 86, 1, 0, 0, 0, 0, 0), dim = 4:3, dimnames = list(c("-1", 
"0", "1", "2"), c("A", "G", "T"))), GM29_SNP1 = structure(c(0, 
0, 0, 0, 0, 0, 8, 158, 1, 0, 0, 5, 107, 0, 0), dim = c(5L, 3L
), dimnames = list(c("-2", "-1", "0", "1", "2"), c("-", "A", 
"G"))), IM16_SNP1 = structure(c(0, 1, 121, 1, 0, 0, 1, 135, 1, 
0), dim = c(5L, 2L), dimnames = list(c("-2", "-1", "0", "1", 
"2"), c("A", "G"))), IM49_SNP1 = structure(c(0, 0, 0, 0, 0, 0, 
22, 391, 6, 0, 0, 27, 317, 1, 0), dim = c(5L, 3L), dimnames = list(
    c("-2", "-1", "0", "1", "2"), c("A", "C", "G"))), LR10_SNP1 = structure(c(0, 
7, 231, 3, 0, 0, 0, 27, 1, 0), dim = c(5L, 2L), dimnames = list(
    c("-2", "-1", "0", "1", "2"), c("C", "T"))), LR11_SNP1 = structure(c(0, 
0, 0, 0, 0, 0, 5, 153, 0, 0, 0, 6, 151, 1, 0, 0, 0, 0, 0, 0), dim = 5:4, dimnames = list(
    c("-2", "-1", "0", "1", "2"), c("-", "A", "C", "T"))), LR17_SNP1 = structure(c(0, 
1, 16, 284, 2, 0, 0, 0, 0, 0, 0, 0, 0, 0, 0, 0, 0, 0, 0, 0, 0, 
0, 0, 0), dim = c(6L, 4L), dimnames = list(c("-3", "-2", "-1", 
"0", "1", "2"), c("A", "C", "G", "T"))), LR20_SNP1 = structure(c(0, 
96, 64, 0, 0, 0, 0, 0, 0, 0, 166, 0), dim = 4:3, dimnames = list(
    c("-2", "-1", "0", "1"), c("A", "C", "G"))), LR24_SNP1 = structure(c(0, 
0, 0, 0, 0, 0, 0, 0, 44, 1, 0, 0, 0, 0, 0, 0, 0, 52, 1393, 0), dim = 5:4, dimnames = list(
    c("-3", "-2", "-1", "0", "1"), c("-", "A", "C", "G"))), LR36_SNP1 = structure(c(0, 
0, 0, 0, 0, 0, 0, 0, 0, 13, 232, 12, 0, 0, 0, 0, 0, 0, 0, 0, 
0, 0, 1, 19, 210, 2, 2, 0), dim = c(7L, 4L), dimnames = list(
    c("-3", "-2", "-1", "0", "1", "2", "3"), c("-", "A", "G", 
    "T"))), LR40_SNP1 = structure(c(0, 0, 2, 0, 0, 9, 217, 0, 
0, 0, 0, 0, 0, 0, 0, 0), dim = c(4L, 4L), dimnames = list(c("-2", 
"-1", "0", "1"), c("A", "C", "G", "T"))), LR44_SNP1 = structure(c(0, 
1, 0, 65, 1, 0, 0, 0, 0, 0, 2, 0, 0, 0, 0, 1, 24, 250, 5, 0, 
0), dim = c(7L, 3L), dimnames = list(c("-3", "-2", "-1", "0", 
"1", "2", "5"), c("C", "G", "T"))), LR46_SNP1 = structure(c(10, 
182, 0, 0, 4, 0), dim = 3:2, dimnames = list(c("-1", "0", "1"
), c("G", "T"))), LR48_SNP1 = structure(c(0, 22, 140, 4, 0, 0, 
0, 0, 0, 0, 0, 0, 5, 0, 0), dim = c(5L, 3L), dimnames = list(
    c("-2", "-1", "0", "1", "2"), c("C", "G", "T"))), LR49_SNP1 = structure(c(0, 
8, 239, 0, 0, 1, 243, 0, 0, 0, 1, 0), dim = 4:3, dimnames = list(
    c("-2", "-1", "0", "1"), c("A", "G", "T"))), LR52_SNP1 = structure(c(0, 
1, 3, 33, 0, 0, 4, 22, 70, 0), dim = c(5L, 2L), dimnames = list(
    c("-3", "-2", "-1", "0", "1"), c("C", "T"))))
