Result <-
list(DEPDC2_SNP1 = structure(c(0, 0, 0, 0, 0, 0, 180, 377, 153, 
2, 0, 0, 0, 0, 0, 0, 0, 57, 0, 0), dim = 5:4, dimnames = list(
    c("-2", "-1", "0", "1", "2"), c("A", "C", "G", "T"))), GM01_SNP1 = structure(c(0, 
0, 0, 0, 0, 8, 316, 1, 0, 1, 14, 0, 0, 0, 0, 0), dim = c(4L, 
4L), dimnames = list(c("-2", "-1", "0", "1"), c("-", "A", "G", 
"T"))), GM07_SNP1 = structure(c(0, 0, 0, 0, 0, 0, 0, 0, 4, 71, 
140, 31, 0, 0, 0, 0, 2, 18, 0, 0, 0, 0, 0, 0, 0, 0, 0, 0), dim = c(7L, 
4L), dimnames = list(c("-3", "-2", "-1", "0", "1", "2", "3"), 
    c("-", "A", "G", "T"))), GM09_SNP1 = structure(c(0, 91, 209, 
2, 0, 2, 280, 0, 0, 0, 0, 0), dim = 4:3, dimnames = list(c("-2", 
"-1", "0", "1"), c("A", "G", "T"))), GM11_SNP1 = structure(c(0, 
1, 15, 0, 0, 73, 77, 0, 0, 0, 0, 0), dim = 4:3, dimnames = list(
    c("-2", "-1", "0", "1"), c("A", "G", "T"))), GM14_SNP1 = structure(c(0, 
0, 0, 1, 40, 0, 0, 0, 71, 2, 206, 1), dim = c(6L, 2L), dimnames = list(
    c("-4", "-3", "-2", "-1", "0", "1"), c("C", "T"))), GM17_SNP1 = structure(c(0, 
69, 208, 1, 0, 0, 1, 26, 0, 0), dim = c(5L, 2L), dimnames = list(
    c("-2", "-1", "0", "1", "2"), c("C", "T"))), GM22_SNP1 = structure(c(0, 
65, 191, 2, 0, 0, 1, 8, 0, 0), dim = c(5L, 2L), dimnames = list(
    c("-2", "-1", "0", "1", "2"), c("A", "G"))), GM26_SNP1 = structure(c(0, 
0, 4, 0, 0, 2, 231, 0), dim = c(4L, 2L), dimnames = list(c("-2", 
"-1", "0", "1"), c("A", "G"))), GM29_SNP1 = structure(c(0, 5, 
176, 5, 30, 1, 0, 0, 0, 6, 0, 0, 0, 0), dim = c(7L, 2L), dimnames = list(
    c("-2", "-1", "0", "1", "2", "3", "4"), c("A", "G"))), IM16_SNP1 = structure(c(45, 
6, 150, 0, 0, 0, 18, 0), dim = c(4L, 2L), dimnames = list(c("-2", 
"-1", "0", "1"), c("A", "G"))), IM49_SNP1 = structure(c(0, 8, 
77, 138, 1, 0, 10, 101, 123, 2, 0, 0, 0, 1, 0), dim = c(5L, 3L
), dimnames = list(c("-3", "-2", "-1", "0", "1"), c("C", "G", 
"T"))), LR10_SNP1 = structure(c(0, 0, 0, 0, 0, 0, 0, 0, 0, 4, 
17, 0, 0, 0, 0, 0, 3, 139, 49, 2, 0), dim = c(7L, 3L), dimnames = list(
    c("-3", "-2", "-1", "0", "1", "2", "3"), c("A", "C", "T"))), 
    LR11_SNP1 = structure(c(0, 0, 0, 0, 0, 0, 10, 268, 0, 0, 
    0, 1, 4, 0, 0, 0, 0, 0, 0, 0), dim = 5:4, dimnames = list(
        c("-2", "-1", "0", "1", "2"), c("-", "A", "C", "T"))), 
    LR17_SNP1 = structure(c(0, 2, 63, 188, 0, 0, 0, 0, 0, 0), dim = c(5L, 
    2L), dimnames = list(c("-3", "-2", "-1", "0", "1"), c("A", 
    "G"))), LR20_SNP1 = structure(c(1, 12, 0, 0, 303, 0, 0, 0, 
    0), dim = c(3L, 3L), dimnames = list(c("-1", "0", "1"), c("A", 
    "G", "T"))), LR24_SNP1 = structure(c(0, 9, 197, 411, 205, 
    0, 0, 0, 1, 5, 0, 0, 0, 0, 0, 0, 0, 0), dim = c(6L, 3L), dimnames = list(
        c("-3", "-2", "-1", "0", "1", "2"), c("A", "G", "T"))), 
    LR36_SNP1 = structure(c(1, 11, 58, 88, 0, 0, 0, 0, 0, 0, 
    0, 0, 0, 0, 0, 0, 0, 0, 0, 2, 8, 122, 1, 0), dim = c(6L, 
    4L), dimnames = list(c("-3", "-2", "-1", "0", "1", "2"), 
        c("A", "C", "G", "T"))), LR40_SNP1 = structure(c(3, 175, 
    0), dim = c(3L, 1L), dimnames = list(c("-1", "0", "1"), "C")), 
    LR44_SNP1 = structure(c(0, 0, 0, 0, 0, 0, 0, 0, 0, 0, 0, 
    2, 66, 4, 85, 1, 0, 1, 0, 0, 0, 0, 20, 128, 4, 2, 0), dim = c(9L, 
    3L), dimnames = list(c("-5", "-4", "-3", "-2", "-1", "0", 
    "1", "2", "9"), c("A", "C", "T"))), LR46_SNP1 = structure(c(4, 
    139, 112, 1, 0, 0, 12, 0), dim = c(4L, 2L), dimnames = list(
        c("-2", "-1", "0", "1"), c("G", "T"))), LR48_SNP1 = structure(c(0, 
    0, 0, 0, 0, 0, 15, 167, 3, 0, 0, 0, 8, 0, 0), dim = c(5L, 
    3L), dimnames = list(c("-2", "-1", "0", "1", "2"), c("A", 
    "C", "T"))), LR49_SNP1 = structure(c(0, 0, 4, 0, 0, 18, 437, 
    0, 0, 0, 0, 0), dim = 4:3, dimnames = list(c("-2", "-1", 
    "0", "1"), c("A", "G", "T"))), LR52_SNP1 = structure(c(0, 
    0, 7, 36, 33, 0, 0, 3, 45, 9, 33, 0), dim = c(6L, 2L), dimnames = list(
        c("-4", "-3", "-2", "-1", "0", "1"), c("C", "T"))))
