Result <-
list(DEPDC2_SNP1 = structure(c(0, 0, 0, 0, 286, 0, 1, 354, 2), dim = c(3L, 
3L), dimnames = list(c("-1", "0", "1"), c("A", "C", "T"))), GM01_SNP1 = structure(c(2, 
175, 0, 0, 1, 172, 0, 0, 0, 0, 0, 0), dim = 4:3, dimnames = list(
    c("-1", "0", "1", "2"), c("A", "G", "T"))), GM07_SNP1 = structure(c(1, 
1, 9, 0, 0, 0, 3, 240, 1, 0, 0, 0, 0, 0, 0), dim = c(5L, 3L), dimnames = list(
    c("-2", "-1", "0", "1", "2"), c("A", "G", "T"))), GM09_SNP1 = structure(c(0, 
28, 0, 5, 754, 1, 0, 0, 0), dim = c(3L, 3L), dimnames = list(
    c("-1", "0", "1"), c("A", "G", "T"))), GM11_SNP1 = structure(c(1, 
106, 0, 1, 6, 0), dim = 3:2, dimnames = list(c("-1", "0", "1"
), c("A", "G"))), GM14_SNP1 = structure(c(0, 0, 0, 0, 0, 0, 0, 
0, 0, 0, 2, 226, 0, 0, 0, 0, 0, 4, 179, 0, 0), dim = c(7L, 3L
), dimnames = list(c("-5", "-3", "-2", "-1", "0", "1", "2"), 
    c("A", "C", "T"))), GM17_SNP1 = structure(c(0, 0, 0, 0, 0, 
0, 5, 735, 1, 0, 0, 0, 0, 0, 0, 0, 2, 23, 0, 0), dim = 5:4, dimnames = list(
    c("-2", "-1", "0", "1", "2"), c("A", "C", "G", "T"))), GM22_SNP1 = structure(c(0, 
0, 131, 0, 0, 0, 131, 0), dim = c(4L, 2L), dimnames = list(c("-2", 
"-1", "0", "1"), c("A", "G"))), GM26_SNP1 = structure(c(1, 137, 
0, 0, 2, 0, 0, 1, 0), dim = c(3L, 3L), dimnames = list(c("-1", 
"0", "1"), c("A", "G", "T"))), GM29_SNP1 = structure(c(0, 0, 
147, 0, 0, 0, 150, 1), dim = c(4L, 2L), dimnames = list(c("-2", 
"-1", "0", "1"), c("A", "G"))), IM16_SNP1 = structure(c(1, 159, 
0, 0, 0, 4, 0, 0, 0, 0, 0, 0), dim = 4:3, dimnames = list(c("-1", 
"0", "1", "2"), c("A", "G", "T"))), IM49_SNP1 = structure(c(0, 
0, 1, 0, 0, 1, 24, 1698, 8, 0, 0, 0, 20, 0, 0, 0, 0, 0, 0, 0), dim = 5:4, dimnames = list(
    c("-2", "-1", "0", "1", "2"), c("A", "C", "G", "T"))), LR10_SNP1 = structure(c(0, 
8, 0, 1, 218, 1), dim = 3:2, dimnames = list(c("-1", "0", "1"
), c("C", "T"))), LR11_SNP1 = structure(c(0, 0, 4, 0, 0, 2, 227, 
2, 0, 0, 0, 0), dim = 4:3, dimnames = list(c("-2", "-1", "0", 
"1"), c("A", "C", "T"))), LR17_SNP1 = structure(c(0, 1, 10, 308, 
0, 0, 0, 0, 0, 1, 0, 0), dim = c(6L, 2L), dimnames = list(c("-3", 
"-2", "-1", "0", "1", "2"), c("A", "G"))), LR20_SNP1 = structure(c(0, 
10, 0, 0, 0, 291, 1, 0, 0, 0, 0, 0), dim = 4:3, dimnames = list(
    c("-1", "0", "1", "2"), c("A", "G", "T"))), LR24_SNP1 = structure(c(0, 
0, 0, 0, 0, 0, 1, 0, 588, 0, 0, 0, 0, 644, 0, 0, 0, 0, 0, 0), dim = 5:4, dimnames = list(
    c("-3", "-2", "-1", "0", "1"), c("-", "A", "G", "T"))), LR36_SNP1 = structure(c(0, 
0, 0, 0, 0, 0, 0, 1, 358, 1, 0, 0, 0, 0, 0, 0, 0, 0, 0, 0, 0, 
0, 2, 322, 0), dim = c(5L, 5L), dimnames = list(c("-3", "-2", 
"-1", "0", "1"), c("-", "A", "C", "G", "T"))), LR40_SNP1 = structure(c(0, 
1, 0, 0, 169, 0), dim = 3:2, dimnames = list(c("-1", "0", "1"
), c("A", "C"))), LR44_SNP1 = structure(c(0, 0, 0, 0, 0, 0, 0, 
0, 0, 7, 181, 1, 0, 0, 0, 0, 0, 0, 0, 0, 0, 0, 0, 0, 2, 0, 0, 
0), dim = c(7L, 4L), dimnames = list(c("-3", "-2", "-1", "0", 
"1", "2", "3"), c("A", "C", "G", "T"))), LR46_SNP1 = structure(c(0, 
0, 87, 0, 0, 0, 95, 0), dim = c(4L, 2L), dimnames = list(c("-2", 
"-1", "0", "1"), c("G", "T"))), LR48_SNP1 = structure(c(3, 9, 
1, 2, 107, 0), dim = 3:2, dimnames = list(c("-1", "0", "1"), 
    c("C", "T"))), LR49_SNP1 = structure(c(0, 406, 0, 0, 22, 
0, 0, 1, 0), dim = c(3L, 3L), dimnames = list(c("-1", "0", "1"
), c("A", "G", "T"))), LR52_SNP1 = structure(c(0, 0, 0, 0, 0, 
0, 0, 5, 48, 0, 1, 0, 1, 35, 1), dim = c(5L, 3L), dimnames = list(
    c("-3", "-2", "-1", "0", "1"), c("A", "C", "T"))))
