Result <-
list(DEPDC2_SNP1 = structure(c(0, 0, 0, 3, 912, 1, 0, 3, 0), dim = c(3L, 
3L), dimnames = list(c("-1", "0", "1"), c("A", "C", "T"))), GM01_SNP1 = structure(c(1, 
290, 0, 1, 303, 0), dim = 3:2, dimnames = list(c("-1", "0", "1"
), c("A", "G"))), GM07_SNP1 = structure(c(0, 0, 0, 0, 14, 375, 
3, 0, 0, 1, 0, 0), dim = 4:3, dimnames = list(c("-1", "0", "1", 
"2"), c("-", "A", "G"))), GM09_SNP1 = structure(c(1, 504, 0, 
1, 353, 0), dim = 3:2, dimnames = list(c("-1", "0", "1"), c("A", 
"G"))), GM11_SNP1 = structure(c(0, 556, 0, 0, 0, 0), dim = 3:2, dimnames = list(
    c("-1", "0", "1"), c("A", "G"))), GM14_SNP1 = structure(c(0, 
0, 0, 0, 0, 7, 789, 3, 0, 0, 1, 0), dim = 4:3, dimnames = list(
    c("-2", "-1", "0", "1"), c("A", "C", "T"))), GM17_SNP1 = structure(c(1, 
327, 1, 3, 415, 0), dim = 3:2, dimnames = list(c("-1", "0", "1"
), c("C", "T"))), GM22_SNP1 = structure(c(3, 353, 277, 0), dim = c(4L, 
1L), dimnames = list(c("-1", "0", "1", "2"), "A")), GM26_SNP1 = structure(c(0, 
123, 0, 0, 180, 1), dim = 3:2, dimnames = list(c("-1", "0", "1"
), c("A", "G"))), GM29_SNP1 = structure(c(0, 3, 389, 0, 0, 0, 
1, 0), dim = c(4L, 2L), dimnames = list(c("-2", "-1", "0", "1"
), c("A", "G"))), IM16_SNP1 = structure(c(0, 4, 0, 1, 547, 2, 
0, 2, 0), dim = c(3L, 3L), dimnames = list(c("-1", "0", "1"), 
    c("A", "G", "T"))), IM49_SNP1 = structure(c(0, 3, 264, 1, 
0, 0, 7, 297, 1, 0), dim = c(5L, 2L), dimnames = list(c("-2", 
"-1", "0", "1", "2"), c("C", "G"))), LR10_SNP1 = structure(c(0, 
0, 0, 0, 0, 0, 1, 0, 0, 5, 776, 1), dim = 4:3, dimnames = list(
    c("-2", "-1", "0", "1"), c("A", "C", "T"))), LR11_SNP1 = structure(c(0, 
6, 924, 1, 0, 0, 0, 5, 0, 0), dim = c(5L, 2L), dimnames = list(
    c("-2", "-1", "0", "1", "3"), c("A", "C"))), LR17_SNP1 = structure(c(0, 
0, 18, 1099, 4, 0, 0, 0, 0, 0, 0, 0), dim = c(6L, 2L), dimnames = list(
    c("-3", "-2", "-1", "0", "1", "2"), c("A", "G"))), LR20_SNP1 = structure(c(0, 
2, 0, 0, 654, 0), dim = 3:2, dimnames = list(c("-1", "0", "1"
), c("A", "G"))), LR24_SNP1 = structure(c(0, 0, 570, 2, 0, 2, 
602, 0), dim = c(4L, 2L), dimnames = list(c("-2", "-1", "0", 
"1"), c("A", "G"))), LR36_SNP1 = structure(c(0, 1, 248, 0, 0, 
0, 198, 0), dim = c(4L, 2L), dimnames = list(c("-2", "-1", "0", 
"1"), c("A", "T"))), LR40_SNP1 = structure(c(2, 460, 1), dim = c(3L, 
1L), dimnames = list(c("-1", "0", "1"), "C")), LR44_SNP1 = structure(c(0, 
0, 2, 0, 1, 9, 186, 1, 0, 0, 2, 0, 1, 7, 176, 0), dim = c(4L, 
4L), dimnames = list(c("-2", "-1", "0", "1"), c("A", "C", "G", 
"T"))), LR46_SNP1 = structure(c(0, 265, 0, 0, 252, 2), dim = 3:2, dimnames = list(
    c("-1", "0", "1"), c("G", "T"))), LR48_SNP1 = structure(c(0, 
6, 415, 3, 0, 0, 0, 0), dim = c(4L, 2L), dimnames = list(c("-2", 
"-1", "0", "1"), c("C", "T"))), LR49_SNP1 = structure(c(0, 2, 
0, 0, 1, 477, 0, 0), dim = c(2L, 4L), dimnames = list(c("-1", 
"0"), c("A", "C", "G", "T"))), LR52_SNP1 = structure(c(0, 0, 
12, 198, 0, 0, 0, 1, 5, 0), dim = c(5L, 2L), dimnames = list(
    c("-3", "-2", "-1", "0", "1"), c("C", "T"))))
