Result <-
list(DEPDC2_SNP1 = structure(c(1, 0, 0, 0, 0, 0, 0, 0, 0, 1, 
0, 0, 0, 0, 5, 1436, 1, 0, 0, 0, 2, 35, 0, 0), dim = c(6L, 4L
), dimnames = list(c("-8", "-2", "-1", "0", "1", "2"), c("-", 
"A", "C", "T"))), GM01_SNP1 = structure(c(0, 1, 784, 5, 0, 0, 
0, 0, 0, 0, 9, 0, 0, 0, 0, 0), dim = c(4L, 4L), dimnames = list(
    c("-2", "-1", "0", "1"), c("A", "C", "G", "T"))), GM07_SNP1 = structure(c(0, 
13, 800, 6, 0, 0, 0, 1, 18, 0, 0, 0), dim = c(6L, 2L), dimnames = list(
    c("-2", "-1", "0", "1", "2", "3"), c("A", "G"))), GM09_SNP1 = structure(c(0, 
0, 0, 0, 0, 6, 1553, 1, 0, 0, 36, 0, 0, 0, 1, 0), dim = c(4L, 
4L), dimnames = list(c("-2", "-1", "0", "1"), c("-", "A", "G", 
"T"))), GM11_SNP1 = structure(c(2, 11, 0, 0, 0, 300, 1, 0), dim = c(4L, 
2L), dimnames = list(c("-1", "0", "1", "2"), c("A", "G"))), GM14_SNP1 = structure(c(0, 
0, 0, 1, 0, 0, 0, 1, 31, 0, 0, 0, 3, 852, 2), dim = c(5L, 3L), dimnames = list(
    c("-3", "-2", "-1", "0", "1"), c("A", "C", "T"))), GM17_SNP1 = structure(c(0, 
0, 0, 0, 0, 0, 1, 697, 0, 0, 0, 1, 699, 1, 0), dim = c(5L, 3L
), dimnames = list(c("-2", "-1", "0", "1", "2"), c("A", "C", 
"T"))), GM22_SNP1 = structure(c(0, 0, 0, 0, 0, 2, 617, 1, 0, 
0, 5, 0), dim = 4:3, dimnames = list(c("-2", "-1", "0", "1"), 
    c("-", "A", "G"))), GM26_SNP1 = structure(c(0, 2, 416, 1, 
0, 0, 6, 0), dim = c(4L, 2L), dimnames = list(c("-2", "-1", "0", 
"1"), c("A", "G"))), GM29_SNP1 = structure(c(0, 0, 24, 0, 0, 
3, 865, 2, 0, 0, 0, 0), dim = 4:3, dimnames = list(c("-2", "-1", 
"0", "1"), c("A", "G", "T"))), IM16_SNP1 = structure(c(0, 16, 
0, 0, 0, 0, 0, 0, 0, 397, 5, 0), dim = 4:3, dimnames = list(c("-1", 
"0", "1", "2"), c("A", "C", "G"))), IM49_SNP1 = structure(c(0, 
0, 0, 0, 0, 0, 0, 1, 7, 1189, 6, 1, 0, 0, 9, 1012, 5, 0), dim = c(6L, 
3L), dimnames = list(c("-3", "-2", "-1", "0", "1", "2"), c("A", 
"C", "G"))), LR10_SNP1 = structure(c(0, 0, 25, 0, 0, 0, 4, 593, 
0, 0), dim = c(5L, 2L), dimnames = list(c("-2", "-1", "0", "1", 
"2"), c("C", "T"))), LR11_SNP1 = structure(c(0, 1, 2, 11, 0, 
0, 0, 3, 6, 634, 3, 0, 0, 0, 0, 0, 0, 0), dim = c(6L, 3L), dimnames = list(
    c("-4", "-2", "-1", "0", "1", "2"), c("A", "C", "T"))), LR17_SNP1 = structure(c(0, 
0, 8, 746, 5, 0, 0, 0, 0, 0, 0, 0, 0, 0, 0, 1, 0, 0), dim = c(6L, 
3L), dimnames = list(c("-3", "-2", "-1", "0", "1", "2"), c("A", 
"G", "T"))), LR20_SNP1 = structure(c(0, 0, 29, 0, 0, 2, 649, 
0, 0, 0, 0, 0), dim = 4:3, dimnames = list(c("-2", "-1", "0", 
"1"), c("A", "G", "T"))), LR24_SNP1 = structure(c(0, 3, 978, 
0, 0, 0, 0, 1073, 1, 0), dim = c(5L, 2L), dimnames = list(c("-2", 
"-1", "0", "1", "2"), c("A", "G"))), LR36_SNP1 = structure(c(0, 
0, 2, 2, 704, 0, 0, 0, 0, 0, 0, 0, 0, 0, 0, 0, 0, 9, 621, 4, 
0), dim = c(7L, 3L), dimnames = list(c("-4", "-3", "-2", "-1", 
"0", "1", "2"), c("A", "G", "T"))), LR40_SNP1 = structure(c(0, 
0, 1, 0, 0, 0, 0, 466, 2, 0, 0, 0, 0, 0, 0, 0, 0, 0, 0, 0), dim = 5:4, dimnames = list(
    c("-2", "-1", "0", "1", "2"), c("A", "C", "G", "T"))), LR44_SNP1 = structure(c(0, 
10, 179, 1, 0, 1, 10, 196, 3, 0), dim = c(5L, 2L), dimnames = list(
    c("-2", "-1", "0", "1", "2"), c("C", "T"))), LR46_SNP1 = structure(c(0, 
0, 0, 1, 572, 1, 0, 12, 0), dim = c(3L, 3L), dimnames = list(
    c("-1", "0", "1"), c("C", "G", "T"))), LR48_SNP1 = structure(c(1, 
1, 389, 0, 0, 0, 2, 0), dim = c(4L, 2L), dimnames = list(c("-2", 
"-1", "0", "1"), c("C", "T"))), LR49_SNP1 = structure(c(0, 9, 
1, 988), dim = c(2L, 2L), dimnames = list(c("-1", "0"), c("A", 
"G"))), LR52_SNP1 = structure(c(0, 0, 0, 0, 0, 6, 138, 1, 0, 
7, 113, 2), dim = 4:3, dimnames = list(c("-2", "-1", "0", "1"
), c("A", "C", "T"))))
