Result <-
list(DEPDC2_SNP1 = structure(c(0, 0, 0, 0, 0, 0, 915, 3), dim = c(4L, 
2L), dimnames = list(c("-2", "-1", "0", "1"), c("C", "T"))), 
    GM01_SNP1 = structure(c(2, 709, 1, 0, 0, 0), dim = 3:2, dimnames = list(
        c("-1", "0", "1"), c("A", "G"))), GM07_SNP1 = structure(c(0, 
    0, 0, 0, 0, 0, 0, 18, 577, 6, 0, 0, 0, 0, 0, 0, 0, 0), dim = c(6L, 
    3L), dimnames = list(c("-2", "-1", "0", "1", "2", "3"), c("-", 
    "A", "G"))), GM09_SNP1 = structure(c(0, 362, 0, 0, 343, 0
    ), dim = 3:2, dimnames = list(c("-1", "0", "1"), c("A", "G"
    ))), GM11_SNP1 = structure(c(0, 2, 563, 1, 0, 0, 0, 0, 0, 
    0, 0, 0), dim = 4:3, dimnames = list(c("-2", "-1", "0", "1"
    ), c("A", "G", "T"))), GM14_SNP1 = structure(c(1, 186, 0, 
    0, 2, 185, 0, 0), dim = c(4L, 2L), dimnames = list(c("-1", 
    "0", "1", "2"), c("C", "T"))), GM17_SNP1 = structure(c(1, 
    567, 0, 0, 0, 0), dim = 3:2, dimnames = list(c("-1", "0", 
    "1"), c("C", "T"))), GM22_SNP1 = structure(c(0, 1, 618, 1
    ), dim = c(4L, 1L), dimnames = list(c("-2", "-1", "0", "1"
    ), "A")), GM26_SNP1 = structure(c(1, 584, 0, 0, 0, 0), dim = 3:2, dimnames = list(
        c("-1", "0", "1"), c("A", "G"))), GM29_SNP1 = structure(c(0, 
    1, 260, 0, 0, 2, 280, 0, 0, 0, 0, 0), dim = 4:3, dimnames = list(
        c("-2", "-1", "0", "1"), c("A", "G", "T"))), IM16_SNP1 = structure(c(1, 
    287, 2, 0, 1, 278, 0, 0), dim = c(4L, 2L), dimnames = list(
        c("-1", "0", "1", "2"), c("A", "G"))), IM49_SNP1 = structure(c(0, 
    0, 0, 0, 0, 0, 11, 611, 1, 0, 0, 0, 0, 0, 0), dim = c(5L, 
    3L), dimnames = list(c("-2", "-1", "0", "1", "2"), c("A", 
    "C", "G"))), LR10_SNP1 = structure(c(0, 3, 236, 0, 0, 0, 
    0, 0, 0, 1, 211, 1), dim = 4:3, dimnames = list(c("-2", "-1", 
    "0", "1"), c("C", "G", "T"))), LR11_SNP1 = structure(c(0, 
    0, 460, 1), dim = c(4L, 1L), dimnames = list(c("-2", "-1", 
    "0", "1"), "A")), LR17_SNP1 = structure(c(0, 2, 454, 0, 0, 
    0, 0, 0, 0, 0, 0, 0, 0, 0, 0), dim = c(5L, 3L), dimnames = list(
        c("-2", "-1", "0", "1", "2"), c("A", "C", "G"))), LR20_SNP1 = structure(c(0, 
    620, 0, 0, 0, 0), dim = 3:2, dimnames = list(c("-1", "0", 
    "1"), c("A", "G"))), LR24_SNP1 = structure(c(12, 893, 1, 
    0, 0, 0), dim = 3:2, dimnames = list(c("-1", "0", "1"), c("A", 
    "G"))), LR36_SNP1 = structure(c(0, 0, 0, 1, 0, 0, 0, 3, 481, 
    1), dim = c(5L, 2L), dimnames = list(c("-3", "-2", "-1", 
    "0", "1"), c("A", "T"))), LR40_SNP1 = structure(c(0, 0, 0, 
    3, 611, 0), dim = 3:2, dimnames = list(c("-1", "0", "1"), 
        c("A", "C"))), LR44_SNP1 = structure(c(0, 0, 0, 0, 0, 
    0, 19, 609, 2, 0), dim = c(5L, 2L), dimnames = list(c("-2", 
    "-1", "0", "1", "2"), c("C", "T"))), LR46_SNP1 = structure(c(1, 
    535, 1, 0, 0, 0), dim = 3:2, dimnames = list(c("-1", "0", 
    "1"), c("G", "T"))), LR48_SNP1 = structure(c(0, 0, 1, 0, 
    0, 0, 8, 470, 2, 0, 0, 0, 0, 0, 0), dim = c(5L, 3L), dimnames = list(
        c("-2", "-1", "0", "1", "2"), c("A", "C", "T"))), LR49_SNP1 = structure(c(1, 
    296, 0, 0, 0, 0, 0, 408, 0), dim = c(3L, 3L), dimnames = list(
        c("-1", "0", "1"), c("A", "C", "G"))), LR52_SNP1 = structure(c(0, 
    0, 0, 0, 0, 0, 0, 21, 500, 0), dim = c(5L, 2L), dimnames = list(
        c("-3", "-2", "-1", "0", "1"), c("C", "T"))))
