Result <-
list(DEPDC2_SNP1 = structure(c(0, 0, 0, 1, 693, 1), dim = 3:2, dimnames = list(
    c("-1", "0", "1"), c("C", "T"))), GM01_SNP1 = structure(c(0, 
15, 709, 0, 0, 0, 0, 0), dim = c(4L, 2L), dimnames = list(c("-2", 
"-1", "0", "1"), c("A", "T"))), GM07_SNP1 = structure(c(0, 0, 
0, 0, 0, 0, 12, 244, 1, 0, 0, 8, 238, 3, 0), dim = c(5L, 3L), dimnames = list(
    c("-2", "-1", "0", "1", "2"), c("-", "A", "G"))), GM09_SNP1 = structure(c(0, 
5, 59, 1, 0, 0, 0, 0), dim = c(4L, 2L), dimnames = list(c("-2", 
"-1", "0", "1"), c("A", "G"))), GM11_SNP1 = structure(c(0, 543, 
0, 0, 0, 0), dim = 3:2, dimnames = list(c("-1", "0", "1"), c("A", 
"G"))), GM14_SNP1 = structure(c(0, 5, 316, 0, 0, 0, 0, 0), dim = c(4L, 
2L), dimnames = list(c("-2", "-1", "0", "1"), c("C", "T"))), 
    GM17_SNP1 = structure(c(0, 248, 1, 0, 240, 0), dim = 3:2, dimnames = list(
        c("-1", "0", "1"), c("C", "T"))), GM22_SNP1 = structure(c(0, 
    2, 559, 0, 0, 0, 0, 0), dim = c(4L, 2L), dimnames = list(
        c("-3", "-1", "0", "1"), c("A", "G"))), GM26_SNP1 = structure(c(0, 
    0, 214, 0, 0, 2, 256, 0), dim = c(4L, 2L), dimnames = list(
        c("-2", "-1", "0", "1"), c("A", "G"))), GM29_SNP1 = structure(c(2, 
    260, 1, 2, 255, 0), dim = 3:2, dimnames = list(c("-1", "0", 
    "1"), c("A", "G"))), IM16_SNP1 = structure(c(0, 1, 0, 0, 
    3, 518, 3, 0), dim = c(4L, 2L), dimnames = list(c("-1", "0", 
    "1", "2"), c("A", "G"))), IM49_SNP1 = structure(c(0, 0, 9, 
    219, 2, 0, 0, 0, 4, 239, 2, 0), dim = c(6L, 2L), dimnames = list(
        c("-3", "-2", "-1", "0", "1", "2"), c("C", "G"))), LR10_SNP1 = structure(c(2, 
    187, 1, 1, 212, 0), dim = 3:2, dimnames = list(c("-1", "0", 
    "1"), c("C", "T"))), LR11_SNP1 = structure(c(0, 0, 0, 0, 
    0, 5, 313, 1), dim = c(4L, 2L), dimnames = list(c("-2", "-1", 
    "0", "1"), c("A", "C"))), LR17_SNP1 = structure(c(0, 8, 386, 
    0, 0, 0, 0, 0, 0, 0), dim = c(5L, 2L), dimnames = list(c("-2", 
    "-1", "0", "1", "2"), c("A", "C"))), LR20_SNP1 = structure(c(0, 
    0, 0, 0, 239, 0, 0, 255, 0), dim = c(3L, 3L), dimnames = list(
        c("-1", "0", "1"), c("-", "A", "G"))), LR24_SNP1 = structure(c(7, 
    776, 0), dim = c(3L, 1L), dimnames = list(c("-1", "0", "1"
    ), "A")), LR36_SNP1 = structure(c(0, 0, 0, 0, 0, 0, 0, 0, 
    0, 0, 0, 0, 0, 0, 0, 0, 3, 381, 0, 0, 0), dim = c(7L, 3L), dimnames = list(
        c("-4", "-2", "-1", "0", "1", "2", "5"), c("A", "G", 
        "T"))), LR40_SNP1 = structure(c(0, 0, 0, 2, 567, 0, 0, 
    0, 0), dim = c(3L, 3L), dimnames = list(c("-1", "0", "1"), 
        c("A", "C", "T"))), LR44_SNP1 = structure(c(0, 0, 0, 
    0, 0, 0, 0, 0, 19, 559, 2, 0), dim = c(6L, 2L), dimnames = list(
        c("-3", "-2", "-1", "0", "1", "2"), c("C", "T"))), LR46_SNP1 = structure(c(0, 
    14, 188, 0, 1, 202), dim = 3:2, dimnames = list(c("-2", "-1", 
    "0"), c("G", "T"))), LR48_SNP1 = structure(c(0, 0, 5, 199, 
    1, 0, 0, 0, 5, 241, 1, 0), dim = c(6L, 2L), dimnames = list(
        c("-3", "-2", "-1", "0", "1", "2"), c("C", "T"))), LR49_SNP1 = structure(c(0, 
    0, 0, 3, 539, 0), dim = 3:2, dimnames = list(c("-1", "0", 
    "1"), c("A", "G"))), LR52_SNP1 = structure(c(0, 0, 0, 0, 
    0, 0, 0, 1, 17, 262, 4, 0, 0, 0, 8, 235, 0, 0), dim = c(6L, 
    3L), dimnames = list(c("-3", "-2", "-1", "0", "1", "2"), 
        c("A", "C", "T"))))
