Result <-
list(DEPDC2_SNP1 = structure(c(0, 0, 0, 0, 392, 1, 0, 0, 0), dim = c(3L, 
3L), dimnames = list(c("-1", "0", "1"), c("A", "C", "T"))), GM07_SNP1 = structure(c(0, 
2, 144, 0, 0, 0, 1, 122, 0, 0, 0, 0, 0, 0, 0), dim = c(5L, 3L
), dimnames = list(c("-2", "-1", "0", "1", "2"), c("A", "G", 
"T"))), GM09_SNP1 = structure(c(0, 1, 0, 0, 311, 0, 0, 0, 0), dim = c(3L, 
3L), dimnames = list(c("-1", "0", "1"), c("A", "G", "T"))), GM11_SNP1 = structure(c(0, 
0, 0, 2, 327, 2), dim = 3:2, dimnames = list(c("-1", "0", "1"
), c("A", "G"))), GM14_SNP1 = structure(c(1, 3, 76, 0, 0, 2, 
103, 0), dim = c(4L, 2L), dimnames = list(c("-2", "-1", "0", 
"1"), c("C", "T"))), GM17_SNP1 = structure(c(0, 0, 0, 0, 0, 1, 
278, 1), dim = c(4L, 2L), dimnames = list(c("-2", "-1", "0", 
"1"), c("C", "T"))), GM22_SNP1 = structure(c(0, 1, 166, 1, 0, 
0, 150, 0), dim = c(4L, 2L), dimnames = list(c("-2", "-1", "0", 
"1"), c("A", "G"))), GM26_SNP1 = structure(c(0, 0, 253, 0, 0, 
0, 0, 0), dim = c(4L, 2L), dimnames = list(c("-2", "-1", "0", 
"1"), c("A", "G"))), GM29_SNP1 = structure(c(0, 4, 119, 0, 0, 
1, 123, 0, 0, 0, 0, 0), dim = 4:3, dimnames = list(c("-2", "-1", 
"0", "1"), c("A", "G", "T"))), IM16_SNP1 = structure(c(1, 143, 
0, 0, 1, 147, 1, 0), dim = c(4L, 2L), dimnames = list(c("-1", 
"0", "1", "2"), c("A", "G"))), IM49_SNP1 = structure(c(0, 4, 
110, 0, 0, 0, 0, 101, 0, 0), dim = c(5L, 2L), dimnames = list(
    c("-2", "-1", "0", "1", "2"), c("C", "G"))), LR10_SNP1 = structure(c(0, 
1, 134, 0, 0, 0, 0, 0, 0, 0, 129, 0), dim = 4:3, dimnames = list(
    c("-2", "-1", "0", "1"), c("C", "G", "T"))), LR11_SNP1 = structure(c(0, 
0, 0, 0, 0, 0, 0, 0, 1, 233, 0, 0, 0, 0, 0, 0, 0, 0), dim = c(6L, 
3L), dimnames = list(c("-3", "-2", "-1", "0", "1", "2"), c("A", 
"C", "T"))), LR17_SNP1 = structure(c(0, 0, 143, 0, 0, 0, 0, 0, 
0, 0), dim = c(5L, 2L), dimnames = list(c("-2", "-1", "0", "1", 
"2"), c("A", "G"))), LR20_SNP1 = structure(c(2, 156, 0, 0, 164, 
0), dim = 3:2, dimnames = list(c("-1", "0", "1"), c("A", "G"))), 
    LR24_SNP1 = structure(c(7, 505, 0, 0, 0, 0), dim = 3:2, dimnames = list(
        c("-1", "0", "1"), c("A", "G"))), LR36_SNP1 = structure(c(0, 
    0, 0, 0, 0, 3, 180, 0), dim = c(4L, 2L), dimnames = list(
        c("-2", "-1", "0", "1"), c("A", "T"))), LR40_SNP1 = structure(c(0, 
    0, 0, 1, 276, 0), dim = 3:2, dimnames = list(c("-1", "0", 
    "1"), c("A", "C"))), LR44_SNP1 = structure(c(0, 0, 0, 0, 
    0, 0, 0, 0, 0, 0, 0, 0, 0, 1, 17, 356, 0, 0), dim = c(6L, 
    3L), dimnames = list(c("-3", "-2", "-1", "0", "1", "2"), 
        c("A", "C", "T"))), LR46_SNP1 = structure(c(0, 2, 230, 
    0, 0, 0, 0, 0), dim = c(4L, 2L), dimnames = list(c("-2", 
    "-1", "0", "1"), c("G", "T"))), LR48_SNP1 = structure(c(0, 
    1, 203, 0, 0, 0, 0, 0), dim = c(4L, 2L), dimnames = list(
        c("-2", "-1", "0", "1"), c("C", "T"))), LR49_SNP1 = structure(c(2, 
    277, 0, 0, 0, 0, 0, 0, 0), dim = c(3L, 3L), dimnames = list(
        c("-1", "0", "1"), c("A", "G", "T"))), LR52_SNP1 = structure(c(0, 
    0, 0, 0, 0, 0, 0, 0, 0, 0, 0, 0, 0, 0, 0, 0, 0, 8, 201, 0, 
    0), dim = c(7L, 3L), dimnames = list(c("-5", "-3", "-2", 
    "-1", "0", "1", "2"), c("A", "C", "T"))))
