Result <-
list(DEPDC2_SNP1 = structure(c(2, 361, 0, 0, 0, 0, 0, 0), dim = c(4L, 
2L), dimnames = list(c("-1", "0", "1", "2"), c("C", "T"))), GM01_SNP1 = structure(c(0, 
0, 0, 0, 0, 388, 0, 0, 0, 0, 0, 0, 0, 0, 0, 0), dim = c(4L, 4L
), dimnames = list(c("-1", "0", "1", "2"), c("-", "A", "G", "T"
))), GM07_SNP1 = structure(c(0, 0, 124, 0, 0, 0, 2, 110, 0, 0
), dim = c(5L, 2L), dimnames = list(c("-2", "-1", "0", "1", "2"
), c("A", "G"))), GM09_SNP1 = structure(c(0, 160, 0, 0, 0, 0, 
0, 127, 0, 0, 0, 0), dim = 3:4, dimnames = list(c("-1", "0", 
"1"), c("A", "C", "G", "T"))), GM11_SNP1 = structure(c(0, 305, 
0, 0, 1, 0), dim = 3:2, dimnames = list(c("-1", "0", "1"), c("A", 
"G"))), GM14_SNP1 = structure(c(0, 0, 0, 91, 0, 0, 0, 0, 85, 
0), dim = c(5L, 2L), dimnames = list(c("-4", "-2", "-1", "0", 
"1"), c("C", "T"))), GM17_SNP1 = structure(c(0, 240, 0, 0, 0, 
0), dim = 3:2, dimnames = list(c("-1", "0", "1"), c("C", "T"))), 
    GM22_SNP1 = structure(c(0, 0, 148, 0, 0, 0, 171, 0), dim = c(4L, 
    2L), dimnames = list(c("-2", "-1", "0", "1"), c("A", "G"))), 
    GM26_SNP1 = structure(c(0, 122, 0, 0, 113, 0, 0, 0, 0), dim = c(3L, 
    3L), dimnames = list(c("-1", "0", "1"), c("A", "G", "T"))), 
    GM29_SNP1 = structure(c(0, 237, 0, 0, 0, 0, 0, 0, 0), dim = c(3L, 
    3L), dimnames = list(c("-1", "0", "1"), c("A", "G", "T"))), 
    IM16_SNP1 = structure(c(0, 0, 0, 0, 1, 314, 1, 0, 0, 0, 0, 
    0), dim = 4:3, dimnames = list(c("-1", "0", "1", "2"), c("A", 
    "G", "T"))), IM49_SNP1 = structure(c(0, 0, 0, 183, 0, 0, 
    0, 0, 124, 0), dim = c(5L, 2L), dimnames = list(c("-3", "-2", 
    "-1", "0", "1"), c("C", "G"))), LR10_SNP1 = structure(c(0, 
    0, 121, 0, 0, 0, 0, 0, 0, 0, 113, 0), dim = 4:3, dimnames = list(
        c("-2", "-1", "0", "1"), c("C", "G", "T"))), LR11_SNP1 = structure(c(0, 
    0, 0, 0, 0, 1, 216, 0, 0, 0, 0, 0), dim = 4:3, dimnames = list(
        c("-2", "-1", "0", "1"), c("A", "C", "T"))), LR17_SNP1 = structure(c(0, 
    0, 85, 0), dim = c(4L, 1L), dimnames = list(c("-2", "-1", 
    "0", "1"), "A")), LR20_SNP1 = structure(c(0, 167, 0, 0, 0, 
    143, 0, 0), dim = c(4L, 2L), dimnames = list(c("-1", "0", 
    "1", "2"), c("A", "G"))), LR24_SNP1 = structure(c(1, 370, 
    0, 0, 0, 0), dim = 3:2, dimnames = list(c("-1", "0", "1"), 
        c("A", "G"))), LR36_SNP1 = structure(c(0, 0, 93, 0, 0, 
    0, 0, 0, 0, 0, 100, 0), dim = 4:3, dimnames = list(c("-2", 
    "-1", "0", "1"), c("A", "G", "T"))), LR40_SNP1 = structure(c(0, 
    0, 0, 0, 0, 1, 305, 0), dim = c(4L, 2L), dimnames = list(
        c("-2", "-1", "0", "1"), c("A", "C"))), LR44_SNP1 = structure(c(0, 
    0, 0, 0, 0, 1, 172, 0, 0, 3, 189, 0), dim = 4:3, dimnames = list(
        c("-2", "-1", "0", "1"), c("A", "C", "T"))), LR46_SNP1 = structure(c(0, 
    0, 0, 0, 106, 1, 0, 85, 0), dim = c(3L, 3L), dimnames = list(
        c("-1", "0", "1"), c("-", "G", "T"))), LR48_SNP1 = structure(c(0, 
    1, 104, 0, 0, 0, 0, 81, 0, 0), dim = c(5L, 2L), dimnames = list(
        c("-2", "-1", "0", "1", "2"), c("C", "T"))), LR49_SNP1 = structure(c(0, 
    100, 0, 108), dim = c(2L, 2L), dimnames = list(c("-1", "0"
    ), c("A", "G"))), LR52_SNP1 = structure(c(0, 0, 6, 207, 0, 
    0, 0, 0, 0, 0), dim = c(5L, 2L), dimnames = list(c("-3", 
    "-2", "-1", "0", "1"), c("C", "T"))))
