Result <-
list(DEPDC2_SNP1 = structure(c(0, 315, 0, 0, 0, 0, 0, 290, 1), dim = c(3L, 
3L), dimnames = list(c("-1", "0", "1"), c("C", "G", "T"))), GM01_SNP1 = structure(c(0, 
0, 671, 0, 0, 0, 0, 0, 0, 0), dim = c(5L, 2L), dimnames = list(
    c("-2", "-1", "0", "1", "2"), c("A", "G"))), GM07_SNP1 = structure(c(0, 
2, 222, 0, 0, 0, 2, 185, 1, 0), dim = c(5L, 2L), dimnames = list(
    c("-2", "-1", "0", "1", "2"), c("A", "G"))), GM09_SNP1 = structure(c(2, 
24, 0, 1, 20, 0), dim = 3:2, dimnames = list(c("-1", "0", "1"
), c("A", "G"))), GM11_SNP1 = structure(c(0, 484, 0, 0, 0, 0), dim = 3:2, dimnames = list(
    c("-1", "0", "1"), c("A", "G"))), GM14_SNP1 = structure(c(0, 
2, 153, 0, 0, 0, 193, 0), dim = c(4L, 2L), dimnames = list(c("-2", 
"-1", "0", "1"), c("C", "T"))), GM17_SNP1 = structure(c(0, 0, 
435, 0, 0, 0, 0, 0), dim = c(4L, 2L), dimnames = list(c("-2", 
"-1", "0", "1"), c("C", "T"))), GM22_SNP1 = structure(c(0, 0, 
255, 0, 0, 2, 225, 0), dim = c(4L, 2L), dimnames = list(c("-2", 
"-1", "0", "1"), c("A", "G"))), GM26_SNP1 = structure(c(0, 0, 
203, 0, 0, 0, 0, 0, 0, 0, 0, 0, 211, 0, 0, 0, 0, 0, 0, 0), dim = 5:4, dimnames = list(
    c("-2", "-1", "0", "1", "2"), c("A", "C", "G", "T"))), GM29_SNP1 = structure(c(0, 
0, 0, 0, 0, 0, 208, 0, 0, 0, 207, 0, 0, 0, 0, 0), dim = c(4L, 
4L), dimnames = list(c("-2", "-1", "0", "1"), c("-", "A", "G", 
"T"))), IM16_SNP1 = structure(c(0, 0, 0, 0, 0, 0, 0, 0, 1, 475, 
1, 0, 0, 0, 0, 0), dim = c(4L, 4L), dimnames = list(c("-1", "0", 
"1", "2"), c("A", "C", "G", "T"))), IM49_SNP1 = structure(c(0, 
0, 259, 1, 0, 0, 193, 0), dim = c(4L, 2L), dimnames = list(c("-2", 
"-1", "0", "1"), c("C", "G"))), LR10_SNP1 = structure(c(0, 0, 
0, 0, 449, 1), dim = 3:2, dimnames = list(c("-1", "0", "1"), 
    c("C", "T"))), LR11_SNP1 = structure(c(0, 0, 0, 0, 0, 0, 
0, 0, 0, 2, 460, 0), dim = 4:3, dimnames = list(c("-2", "-1", 
"0", "1"), c("-", "A", "C"))), LR17_SNP1 = structure(c(0, 0, 
4, 334, 0), dim = c(5L, 1L), dimnames = list(c("-3", "-2", "-1", 
"0", "1"), "A")), LR20_SNP1 = structure(c(0, 0, 0, 0, 261, 0, 
0, 280, 0, 0, 0, 0), dim = 3:4, dimnames = list(c("-1", "0", 
"1"), c("-", "A", "G", "T"))), LR24_SNP1 = structure(c(0, 1, 
0, 0, 708, 0), dim = 3:2, dimnames = list(c("-1", "0", "1"), 
    c("A", "G"))), LR36_SNP1 = structure(c(0, 0, 0, 0, 0, 0, 
365, 0), dim = c(4L, 2L), dimnames = list(c("-2", "-1", "0", 
"1"), c("A", "T"))), LR40_SNP1 = structure(c(0, 247, 0, 1, 227, 
0, 0, 0, 0), dim = c(3L, 3L), dimnames = list(c("-1", "0", "1"
), c("A", "C", "T"))), LR44_SNP1 = structure(c(0, 7, 576, 0, 
0, 0, 0, 0, 0, 0), dim = c(5L, 2L), dimnames = list(c("-2", "-1", 
"0", "1", "2"), c("C", "T"))), LR46_SNP1 = structure(c(0, 380, 
0, 0, 0, 0), dim = 3:2, dimnames = list(c("-1", "0", "1"), c("G", 
"T"))), LR48_SNP1 = structure(c(0, 0, 0, 0, 0, 0, 0, 185, 0, 
0, 0, 1, 196, 0, 0), dim = c(5L, 3L), dimnames = list(c("-2", 
"-1", "0", "1", "2"), c("A", "C", "T"))), LR49_SNP1 = structure(c(0, 
213, 0, 249), dim = c(2L, 2L), dimnames = list(c("-1", "0"), 
    c("A", "G"))), LR52_SNP1 = structure(c(0, 1, 21, 377, 0, 
0, 0, 0, 0, 0, 0, 0, 0, 0, 0), dim = c(5L, 3L), dimnames = list(
    c("-3", "-2", "-1", "0", "1"), c("C", "G", "T"))))
