Result <-
list(DEPDC2_SNP1 = structure(c(0, 0, 0, 0, 575, 0), dim = 3:2, dimnames = list(
    c("-1", "0", "1"), c("C", "T"))), GM01_SNP1 = structure(c(0, 
582, 0, 0, 0, 0), dim = 3:2, dimnames = list(c("-1", "0", "1"
), c("A", "G"))), GM07_SNP1 = structure(c(0, 0, 0, 0, 0, 0, 0, 
1, 196, 1, 0, 0, 0, 3, 173, 0, 0, 0), dim = c(6L, 3L), dimnames = list(
    c("-2", "-1", "0", "1", "2", "3"), c("-", "A", "G"))), GM09_SNP1 = structure(c(3, 
22, 0, 0, 19, 0, 0, 0, 0), dim = c(3L, 3L), dimnames = list(c("-1", 
"0", "1"), c("A", "G", "T"))), GM11_SNP1 = structure(c(0, 0, 
0, 0, 0, 1, 509, 0, 0, 0, 0, 0), dim = 4:3, dimnames = list(c("-2", 
"-1", "0", "1"), c("A", "G", "T"))), GM14_SNP1 = structure(c(0, 
0, 137, 0, 0, 0, 0, 127, 0, 0), dim = c(5L, 2L), dimnames = list(
    c("-2", "-1", "0", "1", "2"), c("C", "T"))), GM17_SNP1 = structure(c(0, 
207, 0, 1, 191, 0), dim = 3:2, dimnames = list(c("-1", "0", "1"
), c("C", "T"))), GM22_SNP1 = structure(c(0, 0, 223, 0, 0, 0, 
221, 0), dim = c(4L, 2L), dimnames = list(c("-2", "-1", "0", 
"1"), c("A", "G"))), GM26_SNP1 = structure(c(0, 0, 392, 0, 0, 
0, 0, 0), dim = c(4L, 2L), dimnames = list(c("-2", "-1", "0", 
"1"), c("A", "G"))), GM29_SNP1 = structure(c(0, 171, 0, 0, 182, 
0), dim = 3:2, dimnames = list(c("-1", "0", "1"), c("A", "G"))), 
    IM16_SNP1 = structure(c(0, 0, 452, 1, 0, 0, 0, 0, 0, 0, 0, 
    0), dim = 4:3, dimnames = list(c("-2", "-1", "0", "1"), c("A", 
    "G", "T"))), IM49_SNP1 = structure(c(0, 0, 221, 1, 0, 0, 
    1, 212, 0, 0), dim = c(5L, 2L), dimnames = list(c("-2", "-1", 
    "0", "1", "2"), c("C", "G"))), LR10_SNP1 = structure(c(0, 
    0, 0, 0, 0, 0, 1, 187, 0, 0, 0, 0, 179, 0, 0), dim = c(5L, 
    3L), dimnames = list(c("-2", "-1", "0", "1", "2"), c("A", 
    "C", "T"))), LR11_SNP1 = structure(c(0, 0, 0, 0, 0, 0, 0, 
    0, 232, 0, 0, 0, 1, 164, 0), dim = c(5L, 3L), dimnames = list(
        c("-3", "-2", "-1", "0", "1"), c("-", "A", "C"))), LR17_SNP1 = structure(c(0, 
    0, 3, 286, 0), dim = c(5L, 1L), dimnames = list(c("-3", "-2", 
    "-1", "0", "1"), "A")), LR20_SNP1 = structure(c(0, 206, 0, 
    0, 0, 247, 0, 0), dim = c(4L, 2L), dimnames = list(c("-1", 
    "0", "1", "2"), c("A", "G"))), LR24_SNP1 = structure(c(0, 
    0, 0, 0, 0, 0, 0, 0, 263, 0, 0, 0, 0, 297, 0), dim = c(5L, 
    3L), dimnames = list(c("-3", "-2", "-1", "0", "1"), c("-", 
    "A", "G"))), LR36_SNP1 = structure(c(0, 0, 0, 0, 0, 0, 0, 
    2, 285, 0), dim = c(5L, 2L), dimnames = list(c("-4", "-2", 
    "-1", "0", "1"), c("A", "T"))), LR40_SNP1 = structure(c(0, 
    0, 0, 0, 0, 1, 426, 0, 0, 0, 0, 0), dim = 4:3, dimnames = list(
        c("-2", "-1", "0", "1"), c("A", "C", "T"))), LR44_SNP1 = structure(c(0, 
    0, 3, 268, 2, 0, 0, 0, 2, 258, 0, 0), dim = c(6L, 2L), dimnames = list(
        c("-3", "-2", "-1", "0", "1", "2"), c("C", "T"))), LR46_SNP1 = structure(c(0, 
    0, 0, 0, 141, 0, 1, 135, 0), dim = c(3L, 3L), dimnames = list(
        c("-1", "0", "1"), c("C", "G", "T"))), LR48_SNP1 = structure(c(0, 
    0, 0, 283, 1), dim = c(5L, 1L), dimnames = list(c("-3", "-2", 
    "-1", "0", "1"), "C")), LR49_SNP1 = structure(c(0, 1, 0, 
    353), dim = c(2L, 2L), dimnames = list(c("-1", "0"), c("A", 
    "G"))), LR52_SNP1 = structure(c(0, 0, 0, 0, 0, 0, 9, 358, 
    0, 0, 0, 0, 0, 0, 0), dim = c(5L, 3L), dimnames = list(c("-2", 
    "-1", "0", "1", "2"), c("-", "C", "T"))))
