Result <-
list(DEPDC2_SNP1 = structure(c(0, 0, 0, 0, 0, 0, 0, 0, 0, 0, 
0, 0, 642, 0, 0), dim = c(5L, 3L), dimnames = list(c("-2", "-1", 
"0", "1", "2"), c("A", "C", "T"))), GM01_SNP1 = structure(c(0, 
688, 0, 0, 0, 0), dim = 3:2, dimnames = list(c("-1", "0", "1"
), c("A", "G"))), GM07_SNP1 = structure(c(0, 2, 228, 0, 0, 0, 
1, 212, 0, 0), dim = c(5L, 2L), dimnames = list(c("-2", "-1", 
"0", "1", "2"), c("A", "G"))), GM09_SNP1 = structure(c(1, 291, 
0, 0, 275, 0), dim = 3:2, dimnames = list(c("-1", "0", "1"), 
    c("A", "G"))), GM11_SNP1 = structure(c(0, 1, 0, 0, 547, 0, 
0, 0, 0), dim = c(3L, 3L), dimnames = list(c("-1", "0", "1"), 
    c("A", "G", "T"))), GM14_SNP1 = structure(c(0, 0, 0, 300, 
0, 0, 0, 0, 0, 0), dim = c(5L, 2L), dimnames = list(c("-3", "-2", 
"-1", "0", "1"), c("C", "T"))), GM17_SNP1 = structure(c(0, 0, 
0, 1, 490, 0, 0, 0, 0), dim = c(3L, 3L), dimnames = list(c("-1", 
"0", "1"), c("A", "C", "T"))), GM22_SNP1 = structure(c(0, 502, 
0, 0, 0, 0), dim = 3:2, dimnames = list(c("-1", "0", "1"), c("A", 
"G"))), GM26_SNP1 = structure(c(0, 0, 172, 0, 0, 0, 194, 0), dim = c(4L, 
2L), dimnames = list(c("-4", "-1", "0", "1"), c("A", "G"))), 
    GM29_SNP1 = structure(c(0, 0, 219, 0, 0, 0, 183, 0), dim = c(4L, 
    2L), dimnames = list(c("-2", "-1", "0", "1"), c("A", "G"))), 
    IM16_SNP1 = structure(c(0, 0, 245, 1, 0, 0, 0, 262, 0, 0), dim = c(5L, 
    2L), dimnames = list(c("-2", "-1", "0", "1", "2"), c("A", 
    "G"))), IM49_SNP1 = structure(c(0, 0, 0, 0, 0, 0, 2, 220, 
    2, 0, 1, 1, 179, 0, 0), dim = c(5L, 3L), dimnames = list(
        c("-2", "-1", "0", "1", "2"), c("A", "C", "G"))), LR10_SNP1 = structure(c(0, 
    0, 0, 0, 0, 0, 240, 1, 0, 0, 221, 0), dim = 4:3, dimnames = list(
        c("-3", "-1", "0", "1"), c("A", "C", "T"))), LR11_SNP1 = structure(c(0, 
    0, 0, 0, 0, 0, 0, 425, 0, 0), dim = c(5L, 2L), dimnames = list(
        c("-2", "-1", "0", "1", "2"), c("A", "C"))), LR17_SNP1 = structure(c(0, 
    292, 0, 0, 0, 0), dim = 3:2, dimnames = list(c("-1", "0", 
    "1"), c("A", "G"))), LR20_SNP1 = structure(c(0, 0, 0, 0, 
    0, 0, 535, 0, 0, 0, 0, 0), dim = 4:3, dimnames = list(c("-3", 
    "-1", "0", "1"), c("-", "A", "G"))), LR24_SNP1 = structure(c(0, 
    371, 0, 0, 365, 0), dim = 3:2, dimnames = list(c("-1", "0", 
    "1"), c("A", "G"))), LR36_SNP1 = structure(c(0, 0, 0, 0, 
    0, 0, 364, 0), dim = c(4L, 2L), dimnames = list(c("-2", "-1", 
    "0", "1"), c("A", "T"))), LR40_SNP1 = structure(c(0, 0, 0, 
    1, 518, 0), dim = 3:2, dimnames = list(c("-1", "0", "1"), 
        c("A", "C"))), LR44_SNP1 = structure(c(0, 0, 0, 1, 0, 
    0, 0, 0, 3, 283, 1, 0, 0, 0, 1, 286, 0, 0), dim = c(6L, 3L
    ), dimnames = list(c("-3", "-2", "-1", "0", "1", "2"), c("A", 
    "C", "T"))), LR46_SNP1 = structure(c(0, 204, 0, 0, 209, 0
    ), dim = 3:2, dimnames = list(c("-1", "0", "1"), c("G", "T"
    ))), LR48_SNP1 = structure(c(0, 0, 0, 0, 0, 0, 2, 349, 0, 
    0, 0, 0, 0, 0, 0), dim = c(5L, 3L), dimnames = list(c("-2", 
    "-1", "0", "1", "2"), c("A", "C", "T"))), LR49_SNP1 = structure(c(0, 
    236, 0, 0, 253, 0, 0, 0, 0), dim = c(3L, 3L), dimnames = list(
        c("-1", "0", "1"), c("A", "G", "T"))), LR52_SNP1 = structure(c(0, 
    0, 0, 0, 0, 0, 0, 0, 0, 0, 3, 406, 0, 0), dim = c(7L, 2L), dimnames = list(
        c("-4", "-3", "-2", "-1", "0", "1", "2"), c("C", "T"))))
