Result <-
list(DEPDC2_SNP1 = structure(c(0, 0, 0, 0, 778, 0), dim = 3:2, dimnames = list(
    c("-1", "0", "1"), c("C", "T"))), GM01_SNP1 = structure(c(0, 
466, 0, 0, 1, 508, 0, 0), dim = c(4L, 2L), dimnames = list(c("-1", 
"0", "1", "2"), c("A", "G"))), GM07_SNP1 = structure(c(0, 0, 
0, 0, 0, 5, 483, 3, 0, 0, 0, 0), dim = 4:3, dimnames = list(c("-2", 
"-1", "0", "1"), c("-", "A", "G"))), GM09_SNP1 = structure(c(0, 
460, 0, 0, 402, 0, 0, 0, 0), dim = c(3L, 3L), dimnames = list(
    c("-1", "0", "1"), c("A", "G", "T"))), GM11_SNP1 = structure(c(0, 
0, 0, 0, 0, 0, 651, 0), dim = c(4L, 2L), dimnames = list(c("-2", 
"-1", "0", "1"), c("A", "G"))), GM14_SNP1 = structure(c(0, 0, 
262, 0, 0, 1, 246, 0), dim = c(4L, 2L), dimnames = list(c("-2", 
"-1", "0", "1"), c("C", "T"))), GM17_SNP1 = structure(c(0, 0, 
316, 0, 0, 0, 332, 0), dim = c(4L, 2L), dimnames = list(c("-2", 
"-1", "0", "1"), c("C", "T"))), GM22_SNP1 = structure(c(0, 0, 
710, 0, 0, 0, 0, 0, 0, 0, 0, 0), dim = 4:3, dimnames = list(c("-2", 
"-1", "0", "1"), c("A", "G", "T"))), GM26_SNP1 = structure(c(0, 
337, 0, 0, 0, 350, 0, 0), dim = c(4L, 2L), dimnames = list(c("-1", 
"0", "1", "2"), c("A", "G"))), GM29_SNP1 = structure(c(2, 298, 
0, 0, 288, 0), dim = 3:2, dimnames = list(c("-1", "0", "1"), 
    c("A", "G"))), IM16_SNP1 = structure(c(0, 0, 0, 0, 1, 244, 
1, 0, 0, 272, 1, 0), dim = 4:3, dimnames = list(c("-1", "0", 
"1", "2"), c("-", "A", "G"))), IM49_SNP1 = structure(c(0, 288, 
1, 0, 1, 268, 0, 0), dim = c(4L, 2L), dimnames = list(c("-1", 
"0", "1", "2"), c("C", "G"))), LR10_SNP1 = structure(c(0, 0, 
384, 0, 0, 0, 0, 0, 0, 0, 0, 0, 383, 0, 0), dim = c(5L, 3L), dimnames = list(
    c("-2", "-1", "0", "1", "2"), c("C", "G", "T"))), LR11_SNP1 = structure(c(0, 
0, 0, 0, 0, 2, 653, 0), dim = c(4L, 2L), dimnames = list(c("-2", 
"-1", "0", "1"), c("A", "C"))), LR17_SNP1 = structure(c(0, 1, 
505, 1, 0, 0, 0, 0, 0, 0), dim = c(5L, 2L), dimnames = list(c("-2", 
"-1", "0", "1", "2"), c("A", "G"))), LR20_SNP1 = structure(c(0, 
0, 0, 0, 693, 0), dim = 3:2, dimnames = list(c("-1", "0", "1"
), c("A", "G"))), LR24_SNP1 = structure(c(0, 0, 0, 0, 0, 0, 0, 
0, 0, 0, 0, 0, 0, 1, 886, 0), dim = c(4L, 4L), dimnames = list(
    c("-2", "-1", "0", "1"), c("-", "A", "C", "G"))), LR36_SNP1 = structure(c(0, 
0, 0, 0, 0, 0, 0, 0, 0, 275, 0, 0), dim = c(6L, 2L), dimnames = list(
    c("-3", "-2", "-1", "0", "1", "2"), c("A", "T"))), LR40_SNP1 = structure(c(0, 
0, 0, 1, 386, 0, 0, 0, 0), dim = c(3L, 3L), dimnames = list(c("-1", 
"0", "1"), c("A", "C", "G"))), LR44_SNP1 = structure(c(0, 0, 
0, 0, 0, 0, 0, 0, 4, 429, 1, 0, 0, 0, 4, 418, 2, 0), dim = c(6L, 
3L), dimnames = list(c("-3", "-2", "-1", "0", "1", "2"), c("A", 
"C", "T"))), LR46_SNP1 = structure(c(0, 0, 0, 0, 0, 487, 1, 0
), dim = c(4L, 2L), dimnames = list(c("-1", "0", "1", "2"), c("G", 
"T"))), LR48_SNP1 = structure(c(0, 1, 222, 0, 0, 0, 1, 227, 1, 
0), dim = c(5L, 2L), dimnames = list(c("-2", "-1", "0", "1", 
"2"), c("C", "T"))), LR49_SNP1 = structure(c(0, 0, 1, 551), dim = c(2L, 
2L), dimnames = list(c("-1", "0"), c("A", "G"))), LR52_SNP1 = structure(c(1, 
13, 546, 1, 0, 0, 0, 0, 0, 0), dim = c(5L, 2L), dimnames = list(
    c("-2", "-1", "0", "1", "2"), c("C", "T"))))
