Result <-
list(DEPDC2_SNP1 = structure(c(0, 0, 0, 0, 0, 0, 655, 3, 0, 0, 
0, 0), dim = 4:3, dimnames = list(c("-2", "-1", "0", "1"), c("A", 
"C", "T"))), GM01_SNP1 = structure(c(0, 2, 372, 0, 0, 0, 0, 336, 
1, 0, 0, 0, 0, 0, 0), dim = c(5L, 3L), dimnames = list(c("-2", 
"-1", "0", "1", "2"), c("A", "G", "T"))), GM07_SNP1 = structure(c(0, 
0, 0, 0, 0, 1, 52, 451, 4, 0, 0, 0, 0, 0, 0, 0, 0, 0, 0, 0), dim = 5:4, dimnames = list(
    c("-2", "-1", "0", "1", "2"), c("-", "A", "G", "T"))), GM09_SNP1 = structure(c(1, 
298, 0, 0, 268, 0), dim = 3:2, dimnames = list(c("-1", "0", "1"
), c("A", "G"))), GM11_SNP1 = structure(c(0, 0, 0, 0, 0, 260, 
0, 0, 3, 273, 1, 0), dim = 4:3, dimnames = list(c("-1", "0", 
"1", "2"), c("-", "A", "G"))), GM14_SNP1 = structure(c(0, 4, 
294, 0, 0, 0, 0, 0, 0, 0), dim = c(5L, 2L), dimnames = list(c("-2", 
"-1", "0", "1", "2"), c("C", "T"))), GM17_SNP1 = structure(c(0, 
2, 479, 2, 0, 0, 0, 0, 0, 0), dim = c(5L, 2L), dimnames = list(
    c("-2", "-1", "0", "1", "2"), c("C", "T"))), GM22_SNP1 = structure(c(0, 
4, 534, 1, 0), dim = c(5L, 1L), dimnames = list(c("-2", "-1", 
"0", "1", "2"), "A")), GM26_SNP1 = structure(c(0, 0, 0, 0, 0, 
0, 3, 463, 1, 0, 0, 0), dim = 3:4, dimnames = list(c("-1", "0", 
"1"), c("-", "A", "G", "T"))), GM29_SNP1 = structure(c(0, 0, 
241, 0, 0, 0, 0, 2, 209, 0, 0, 0), dim = c(6L, 2L), dimnames = list(
    c("-2", "-1", "0", "1", "2", "3"), c("A", "G"))), IM16_SNP1 = structure(c(0, 
1, 234, 2, 0, 0, 4, 260, 2, 0, 0, 0, 0, 0, 0), dim = c(5L, 3L
), dimnames = list(c("-2", "-1", "0", "1", "2"), c("A", "G", 
"T"))), IM49_SNP1 = structure(c(0, 0, 0, 0, 0, 0, 0, 0, 0, 0, 
1, 7, 603, 0, 0), dim = c(5L, 3L), dimnames = list(c("-2", "-1", 
"0", "1", "2"), c("A", "C", "G"))), LR10_SNP1 = structure(c(0, 
15, 452, 1, 0, 0, 0, 0, 0, 0, 0, 0, 1, 0, 0), dim = c(5L, 3L), dimnames = list(
    c("-2", "-1", "0", "1", "2"), c("C", "G", "T"))), LR11_SNP1 = structure(c(1, 
4, 205, 0, 0, 2, 156, 0), dim = c(4L, 2L), dimnames = list(c("-2", 
"-1", "0", "1"), c("A", "C"))), LR17_SNP1 = structure(c(0, 0, 
5, 279, 2, 0, 0, 0, 0, 0, 0, 0, 0, 0, 0, 0, 0, 0), dim = c(6L, 
3L), dimnames = list(c("-3", "-2", "-1", "0", "1", "2"), c("A", 
"C", "G"))), LR20_SNP1 = structure(c(0, 255, 0, 2, 262, 0, 0, 
0, 0), dim = c(3L, 3L), dimnames = list(c("-1", "0", "1"), c("A", 
"G", "T"))), LR24_SNP1 = structure(c(0, 6, 199, 0, 1, 1, 170, 
0), dim = c(4L, 2L), dimnames = list(c("-2", "-1", "0", "1"), 
    c("A", "G"))), LR36_SNP1 = structure(c(0, 0, 0, 0, 0, 0, 
0, 0, 7, 329, 3, 0), dim = c(6L, 2L), dimnames = list(c("-3", 
"-2", "-1", "0", "1", "5"), c("A", "T"))), LR40_SNP1 = structure(c(0, 
0, 0, 0, 0, 4, 498, 2), dim = c(4L, 2L), dimnames = list(c("-2", 
"-1", "0", "1"), c("A", "C"))), LR44_SNP1 = structure(c(0, 0, 
0, 0, 0, 0, 0, 1, 44, 586, 1, 0, 0, 0, 0, 0, 0, 0), dim = c(6L, 
3L), dimnames = list(c("-3", "-2", "-1", "0", "1", "2"), c("A", 
"C", "T"))), LR46_SNP1 = structure(c(2, 208, 0, 0, 0, 0), dim = 3:2, dimnames = list(
    c("-1", "0", "1"), c("G", "T"))), LR48_SNP1 = structure(c(0, 
0, 0, 0, 0, 2, 36, 313, 4, 0, 0, 0, 0, 0, 0), dim = c(5L, 3L), dimnames = list(
    c("-2", "-1", "0", "1", "2"), c("A", "C", "T"))), LR49_SNP1 = structure(c(1, 
75, 0, 0, 91, 0), dim = 3:2, dimnames = list(c("-1", "0", "1"
), c("A", "G"))), LR52_SNP1 = structure(c(0, 0, 0, 0, 0, 0, 0, 
0, 0, 0, 0, 0, 0, 0, 0, 0, 0, 0, 0, 0, 6, 34, 382, 1), dim = c(6L, 
4L), dimnames = list(c("-4", "-3", "-2", "-1", "0", "1"), c("A", 
"C", "G", "T"))))
