Result <-
list(DEPDC2_SNP1 = structure(c(0, 0, 0, 0, 181, 0, 0, 213, 1), dim = c(3L, 
3L), dimnames = list(c("-1", "0", "1"), c("A", "C", "T"))), GM01_SNP1 = structure(c(0, 
2, 427, 0, 0, 0, 1, 0), dim = c(4L, 2L), dimnames = list(c("-2", 
"-1", "0", "1"), c("A", "G"))), GM07_SNP1 = structure(c(0, 0, 
0, 0, 0, 0, 2, 149, 0, 0, 0, 2, 120, 0, 0, 0, 0, 0, 0, 0), dim = 5:4, dimnames = list(
    c("-2", "-1", "0", "1", "2"), c("-", "A", "G", "T"))), GM09_SNP1 = structure(c(0, 
188, 0, 0, 176, 0), dim = 3:2, dimnames = list(c("-1", "0", "1"
), c("A", "G"))), GM11_SNP1 = structure(c(0, 1, 345, 0, 0, 0, 
0, 0), dim = c(4L, 2L), dimnames = list(c("-2", "-1", "0", "1"
), c("A", "G"))), GM14_SNP1 = structure(c(0, 0, 0, 1, 203, 0), dim = 3:2, dimnames = list(
    c("-1", "0", "1"), c("C", "T"))), GM17_SNP1 = structure(c(0, 
1, 288, 0, 0, 0, 0, 0), dim = c(4L, 2L), dimnames = list(c("-2", 
"-1", "0", "1"), c("C", "T"))), GM22_SNP1 = structure(c(0, 2, 
0, 0, 306, 0, 0, 0, 0), dim = c(3L, 3L), dimnames = list(c("-1", 
"0", "1"), c("A", "G", "T"))), GM26_SNP1 = structure(c(0, 0, 
243, 0, 0, 0, 1, 0), dim = c(4L, 2L), dimnames = list(c("-2", 
"-1", "0", "1"), c("A", "G"))), GM29_SNP1 = structure(c(0, 0, 
262, 0, 0, 0, 0, 0, 0, 0, 0, 0), dim = 4:3, dimnames = list(c("-2", 
"-1", "0", "1"), c("A", "G", "T"))), IM16_SNP1 = structure(c(0, 
128, 0, 0, 168, 0), dim = 3:2, dimnames = list(c("-1", "0", "1"
), c("A", "G"))), IM49_SNP1 = structure(c(0, 0, 0, 0, 0, 0, 0, 
0, 0, 0, 0, 2, 238, 1, 0), dim = c(5L, 3L), dimnames = list(c("-2", 
"-1", "0", "1", "2"), c("A", "C", "G"))), LR10_SNP1 = structure(c(0, 
0, 0, 0, 0, 0, 121, 0, 0, 2, 125, 1), dim = 4:3, dimnames = list(
    c("-3", "-1", "0", "1"), c("-", "C", "T"))), LR11_SNP1 = structure(c(0, 
0, 0, 0, 0, 0, 164, 0, 0, 0, 128, 0, 0, 0, 0, 0), dim = c(4L, 
4L), dimnames = list(c("-2", "-1", "0", "1"), c("-", "A", "C", 
"G"))), LR17_SNP1 = structure(c(0, 1, 161, 1, 0, 0, 0, 0, 0, 
0, 0, 0), dim = c(6L, 2L), dimnames = list(c("-2", "-1", "0", 
"1", "2", "3"), c("A", "G"))), LR20_SNP1 = structure(c(0, 153, 
0, 0, 150, 0, 0, 1, 0), dim = c(3L, 3L), dimnames = list(c("-1", 
"0", "1"), c("A", "G", "T"))), LR24_SNP1 = structure(c(0, 0, 
227, 0, 0, 0, 242, 0), dim = c(4L, 2L), dimnames = list(c("-2", 
"-1", "0", "1"), c("A", "G"))), LR36_SNP1 = structure(c(0, 0, 
0, 0, 0, 0, 0, 1, 230, 0), dim = c(5L, 2L), dimnames = list(c("-3", 
"-2", "-1", "0", "1"), c("A", "T"))), LR40_SNP1 = structure(c(0, 
0, 0, 0, 1, 309, 1, 0, 0, 0, 0, 0), dim = 4:3, dimnames = list(
    c("-1", "0", "1", "2"), c("A", "C", "G"))), LR44_SNP1 = structure(c(0, 
0, 0, 1, 0, 0, 1, 195, 0, 0, 0, 8, 164, 0, 0), dim = c(5L, 3L
), dimnames = list(c("-2", "-1", "0", "1", "2"), c("-", "C", 
"T"))), LR46_SNP1 = structure(c(0, 0, 0, 0, 0, 0, 0, 210, 0, 
0, 0, 0), dim = 3:4, dimnames = list(c("-1", "0", "1"), c("A", 
"C", "G", "T"))), LR48_SNP1 = structure(c(0, 0, 1, 0, 0, 0, 178, 
0, 0, 0, 1, 0), dim = 4:3, dimnames = list(c("-2", "-1", "0", 
"1"), c("A", "C", "T"))), LR49_SNP1 = structure(c(0, 1, 0, 0, 
0, 329), dim = 2:3, dimnames = list(c("-1", "0"), c("A", "C", 
"G"))), LR52_SNP1 = structure(c(0, 0, 0, 0, 0, 0, 0, 0, 0, 0, 
0, 0, 9, 256, 0, 0, 0, 0, 0, 0), dim = 5:4, dimnames = list(c("-3", 
"-2", "-1", "0", "1"), c("-", "A", "C", "T"))))
