Result <-
list(DEPDC2_SNP1 = structure(c(0, 236, 0, 0, 323, 1), dim = 3:2, dimnames = list(
    c("-1", "0", "1"), c("C", "T"))), GM01_SNP1 = structure(c(0, 
0, 0, 0, 0, 1, 279, 0, 0, 0, 308, 0), dim = 4:3, dimnames = list(
    c("-2", "-1", "0", "1"), c("-", "A", "G"))), GM07_SNP1 = structure(c(0, 
0, 0, 0, 0, 0, 0, 0, 0, 3, 355, 1, 0, 0, 0, 0, 0, 0, 0, 0, 0), dim = c(7L, 
3L), dimnames = list(c("-3", "-2", "-1", "0", "1", "2", "3"), 
    c("-", "A", "G"))), GM09_SNP1 = structure(c(0, 0, 277, 0, 
0, 0, 259, 0), dim = c(4L, 2L), dimnames = list(c("-2", "-1", 
"0", "1"), c("A", "G"))), GM11_SNP1 = structure(c(0, 455, 0, 
0, 0, 0), dim = 3:2, dimnames = list(c("-1", "0", "1"), c("A", 
"G"))), GM14_SNP1 = structure(c(0, 0, 0, 0, 0, 0, 1, 124, 0, 
0, 0, 0, 140, 0, 0), dim = c(5L, 3L), dimnames = list(c("-2", 
"-1", "0", "1", "2"), c("A", "C", "T"))), GM17_SNP1 = structure(c(0, 
0, 0, 0, 415, 0), dim = 3:2, dimnames = list(c("-1", "0", "1"
), c("C", "T"))), GM22_SNP1 = structure(c(0, 459, 0, 0, 0, 0, 
0, 0, 0), dim = c(3L, 3L), dimnames = list(c("-1", "0", "1"), 
    c("A", "G", "T"))), GM26_SNP1 = structure(c(0, 177, 0, 0, 
176, 0), dim = 3:2, dimnames = list(c("-1", "0", "1"), c("A", 
"G"))), GM29_SNP1 = structure(c(0, 0, 375, 0, 0, 0, 0, 0, 0, 
0), dim = c(5L, 2L), dimnames = list(c("-2", "-1", "0", "1", 
"2"), c("A", "G"))), IM16_SNP1 = structure(c(1, 238, 0, 0, 1, 
231, 0, 0), dim = c(4L, 2L), dimnames = list(c("-1", "0", "1", 
"2"), c("A", "G"))), IM49_SNP1 = structure(c(0, 0, 5, 422, 0, 
0, 0, 0, 0, 0, 0, 0), dim = c(6L, 2L), dimnames = list(c("-3", 
"-2", "-1", "0", "1", "2"), c("C", "G"))), LR10_SNP1 = structure(c(0, 
0, 0, 0, 0, 0, 0, 0, 0, 0, 349, 1, 0, 0, 0, 0, 0, 0, 0, 0), dim = 4:5, dimnames = list(
    c("-2", "-1", "0", "1"), c("-", "A", "C", "G", "T"))), LR11_SNP1 = structure(c(0, 
0, 0, 0, 0, 0, 337, 0, 0, 0, 0, 0), dim = 4:3, dimnames = list(
    c("-2", "-1", "0", "1"), c("A", "C", "T"))), LR17_SNP1 = structure(c(0, 
1, 226, 1), dim = c(4L, 1L), dimnames = list(c("-2", "-1", "0", 
"1"), "A")), LR20_SNP1 = structure(c(0, 225, 0, 0, 219, 0), dim = 3:2, dimnames = list(
    c("-1", "0", "1"), c("A", "G"))), LR24_SNP1 = structure(c(0, 
0, 0, 0, 0, 0, 663, 0, 0, 0, 0, 0), dim = 4:3, dimnames = list(
    c("-2", "-1", "0", "1"), c("A", "G", "T"))), LR36_SNP1 = structure(c(0, 
0, 0, 0, 0, 0, 0, 0, 0, 0, 0, 0, 0, 317, 0), dim = c(5L, 3L), dimnames = list(
    c("-3", "-2", "-1", "0", "1"), c("A", "C", "T"))), LR40_SNP1 = structure(c(0, 
227, 0, 0, 255, 0, 0, 0, 0), dim = c(3L, 3L), dimnames = list(
    c("-1", "0", "1"), c("A", "C", "G"))), LR44_SNP1 = structure(c(0, 
2, 232, 0, 0, 7, 267, 0), dim = c(4L, 2L), dimnames = list(c("-2", 
"-1", "0", "1"), c("C", "T"))), LR46_SNP1 = structure(c(0, 320, 
0, 0, 0, 0), dim = 3:2, dimnames = list(c("-1", "0", "1"), c("G", 
"T"))), LR48_SNP1 = structure(c(0, 0, 146, 0, 0, 1, 151, 0), dim = c(4L, 
2L), dimnames = list(c("-2", "-1", "0", "1"), c("C", "T"))), 
    LR49_SNP1 = structure(c(0, 0, 0, 0, 0, 0, 0, 402, 0), dim = c(3L, 
    3L), dimnames = list(c("-1", "0", "1"), c("A", "C", "G"))), 
    LR52_SNP1 = structure(c(0, 0, 0, 8, 357, 1, 0, 0, 0, 0, 0, 
    0), dim = c(6L, 2L), dimnames = list(c("-4", "-3", "-2", 
    "-1", "0", "1"), c("C", "T"))))
