Result <-
list(DEPDC2_SNP1 = structure(c(0, 0, 173, 0, 0, 0, 239, 0), dim = c(4L, 
2L), dimnames = list(c("-2", "-1", "0", "1"), c("C", "T"))), 
    GM01_SNP1 = structure(c(0, 205, 0, 0, 0, 197, 0, 0), dim = c(4L, 
    2L), dimnames = list(c("-1", "0", "1", "3"), c("A", "G"))), 
    GM07_SNP1 = structure(c(0, 0, 0, 0, 0, 0, 1, 139, 0, 0, 0, 
    0, 143, 0, 0, 0, 0, 0, 0, 0), dim = 5:4, dimnames = list(
        c("-2", "-1", "0", "1", "2"), c("-", "A", "G", "T"))), 
    GM09_SNP1 = structure(c(0, 196, 0, 0, 150, 0, 0, 0, 0), dim = c(3L, 
    3L), dimnames = list(c("-1", "0", "1"), c("A", "G", "T"))), 
    GM11_SNP1 = structure(c(0, 171, 0, 0, 195, 0), dim = 3:2, dimnames = list(
        c("-1", "0", "1"), c("A", "G"))), GM14_SNP1 = structure(c(0, 
    0, 198, 0, 0, 0, 0, 0), dim = c(4L, 2L), dimnames = list(
        c("-2", "-1", "0", "1"), c("C", "T"))), GM17_SNP1 = structure(c(0, 
    146, 0, 0, 0, 141, 0, 0), dim = c(4L, 2L), dimnames = list(
        c("-1", "0", "1", "2"), c("C", "T"))), GM22_SNP1 = structure(c(0, 
    0, 325, 0, 0, 0, 0, 0, 0, 0), dim = c(5L, 2L), dimnames = list(
        c("-2", "-1", "0", "1", "2"), c("A", "G"))), GM26_SNP1 = structure(c(0, 
    272, 0, 0, 0, 0), dim = 3:2, dimnames = list(c("-1", "0", 
    "1"), c("A", "G"))), GM29_SNP1 = structure(c(0, 0, 0, 0, 
    0, 0, 173, 0, 0, 0, 160, 0), dim = 4:3, dimnames = list(c("-3", 
    "-1", "0", "1"), c("-", "A", "G"))), IM16_SNP1 = structure(c(0, 
    172, 1, 0, 0, 0, 0, 0, 0, 179, 0, 0), dim = 4:3, dimnames = list(
        c("-1", "0", "1", "2"), c("A", "C", "G"))), IM49_SNP1 = structure(c(0, 
    1, 311, 1, 0, 0, 0, 0, 0, 0), dim = c(5L, 2L), dimnames = list(
        c("-2", "-1", "0", "1", "2"), c("C", "G"))), LR10_SNP1 = structure(c(1, 
    129, 0, 0, 141, 0), dim = 3:2, dimnames = list(c("-1", "0", 
    "1"), c("C", "T"))), LR11_SNP1 = structure(c(0, 0, 292, 1, 
    0, 0, 0, 0, 0, 0, 0, 0, 0, 0, 0), dim = c(5L, 3L), dimnames = list(
        c("-2", "-1", "0", "1", "2"), c("A", "C", "G"))), LR17_SNP1 = structure(c(0, 
    0, 228, 0, 0), dim = c(5L, 1L), dimnames = list(c("-2", "-1", 
    "0", "1", "2"), "A")), LR20_SNP1 = structure(c(0, 373, 0, 
    0, 0, 0), dim = 3:2, dimnames = list(c("-1", "0", "1"), c("A", 
    "G"))), LR24_SNP1 = structure(c(0, 0, 277, 0, 0, 0, 266, 
    0), dim = c(4L, 2L), dimnames = list(c("-2", "-1", "0", "1"
    ), c("A", "G"))), LR36_SNP1 = structure(c(0, 0, 0, 0, 0, 
    0, 0, 0, 0, 0, 0, 0, 0, 0, 0, 0, 0, 247, 0, 0), dim = 5:4, dimnames = list(
        c("-2", "-1", "0", "1", "4"), c("A", "C", "G", "T"))), 
    LR40_SNP1 = structure(c(0, 0, 0, 1, 364, 1), dim = 3:2, dimnames = list(
        c("-1", "0", "1"), c("A", "C"))), LR44_SNP1 = structure(c(0, 
    3, 197, 0, 0, 0, 2, 193, 0, 0), dim = c(5L, 2L), dimnames = list(
        c("-2", "-1", "0", "1", "2"), c("C", "T"))), LR46_SNP1 = structure(c(0, 
    256, 0, 0, 0, 0), dim = 3:2, dimnames = list(c("-1", "0", 
    "1"), c("G", "T"))), LR48_SNP1 = structure(c(0, 1, 109, 1, 
    0, 0, 101, 0), dim = c(4L, 2L), dimnames = list(c("-2", "-1", 
    "0", "1"), c("C", "T"))), LR49_SNP1 = structure(c(0, 177, 
    0, 0, 180, 0), dim = 3:2, dimnames = list(c("-1", "0", "1"
    ), c("A", "G"))), LR52_SNP1 = structure(c(0, 0, 5, 285, 2, 
    0, 0, 0, 0, 0, 0, 0), dim = c(6L, 2L), dimnames = list(c("-3", 
    "-2", "-1", "0", "1", "2"), c("C", "T"))))
