Results <-
list(`bwaOutput/20210421msiMNRsJenny/1003_S32.sam` = list(LR52_SNP1 = list(
    All = list(Freqs = structure(c(1L, 38L, 398L, 32L, 312L, 
    2L, 19L, 0L, 0L, 25L, 315L, 493L, 3L, 14L, 0L, 0L, 4L, 7L, 
    106L, 0L, 0L), .Dim = c(7L, 3L), .Dimnames = structure(list(
        c("-4", "-3", "-2", "-1", "0", "1", NA), c("C", "T", 
        NA)), .Names = c("", "")), class = "table"), N = 1769L), 
    Tag.Distribution = structure(c(`1` = 14L, `2` = 7L, `4` = 3L, 
    `5` = 4L, `6` = 1L, `7` = 5L, `8` = 6L, `9` = 6L, `10` = 5L, 
    `11` = 6L, `12` = 9L, `13` = 4L, `14` = 5L, `15` = 6L, `16` = 4L, 
    `17` = 1L, `18` = 2L, `19` = 3L, `20` = 1L, `21` = 1L, `22` = 4L, 
    `23` = 3L, `25` = 1L, `26` = 2L, `27` = 1L, `28` = 3L, `30` = 1L, 
    `31` = 2L, `32` = 3L, `33` = 1L, `34` = 1L, `36` = 1L, `37` = 1L, 
    `38` = 1L, `39` = 1L, `40` = 2L, `45` = 1L), .Dim = 37L, .Dimnames = structure(list(
        c("1", "2", "4", "5", "6", "7", "8", "9", "10", "11", 
        "12", "13", "14", "15", "16", "17", "18", "19", "20", 
        "21", "22", "23", "25", "26", "27", "28", "30", "31", 
        "32", "33", "34", "36", "37", "38", "39", "40", "45")), .Names = ""), class = "table"), 
    No.Tag = structure(c(0L, 0L, 7L, 0L, 0L, 1L, 0L, 0L, 0L, 
    1L, 1L, 27L, 0L, 3L, 0L, 0L, 0L, 0L, 0L, 0L, 0L), .Dim = c(7L, 
    3L), .Dimnames = structure(list(c("-4", "-3", "-2", "-1", 
    "0", "1", NA), c("C", "T", NA)), .Names = c("", "")), class = "table"), 
    All.Tags = list(Concordant = list(Freqs = structure(c(0, 
    2, 11, 1, 14, 0, 0, 0, 0, 7, 18, 0), .Dim = c(6L, 2L), .Dimnames = list(
        c("-4", "-3", "-2", "-1", "0", "1"), c("C", "T"))), N = 53), 
        Majority = list(Freqs = structure(c(0, 2, 26, 1, 33, 
        0, 0, 0, 0, 20, 40, 0), .Dim = c(6L, 2L), .Dimnames = list(
            c("-4", "-3", "-2", "-1", "0", "1"), c("C", "T"))), 
            N = 122)), `2` = structure(c(0, 2, 25, 0, 30, 0, 
    0, 0, 0, 19, 32, 0), .Dim = c(6L, 2L), .Dimnames = list(c("-4", 
    "-3", "-2", "-1", "0", "1"), c("C", "T"))))))
