Results <-
list(`bwaOutput/20210421msiMNRsJenny/1003_S32.sam` = list(GM29_SNP1 = list(
    All = list(Freqs = structure(c(1L, 344L, 1198L, 4L, 5L, 0L, 
    0L, 1L, 0L, 0L, 0L, 1L, 12L, 0L, 0L), .Dim = c(5L, 3L), .Dimnames = structure(list(
        c("-2", "-1", "0", "1", NA), c("A", "G", NA)), .Names = c("", 
    "")), class = "table"), N = 1566L), Tag.Distribution = structure(c(`1` = 22L, 
    `2` = 2L, `3` = 6L, `4` = 8L, `5` = 4L, `6` = 9L, `7` = 10L, 
    `8` = 5L, `9` = 5L, `10` = 5L, `11` = 6L, `12` = 7L, `13` = 4L, 
    `14` = 7L, `15` = 2L, `16` = 5L, `17` = 5L, `19` = 2L, `20` = 2L, 
    `21` = 3L, `22` = 5L, `23` = 2L, `24` = 1L, `25` = 4L, `26` = 2L, 
    `29` = 1L, `31` = 1L, `33` = 1L, `35` = 1L, `38` = 1L, `39` = 1L
    ), .Dim = 31L, .Dimnames = structure(list(c("1", "2", "3", 
    "4", "5", "6", "7", "8", "9", "10", "11", "12", "13", "14", 
    "15", "16", "17", "19", "20", "21", "22", "23", "24", "25", 
    "26", "29", "31", "33", "35", "38", "39")), .Names = ""), class = "table"), 
    No.Tag = structure(c(0L, 1L, 33L, 0L, 0L, 0L, 0L, 0L, 0L, 
    0L, 0L, 0L, 4L, 0L, 0L), .Dim = c(5L, 3L), .Dimnames = structure(list(
        c("-2", "-1", "0", "1", NA), c("A", "G", NA)), .Names = c("", 
    "")), class = "table"), All.Tags = list(Concordant = list(
        Freqs = structure(c(0, 29, 89, 0, 0, 0, 1, 0), .Dim = c(4L, 
        2L), .Dimnames = list(c("-2", "-1", "0", "1"), c("A", 
        "G"))), N = 119), Majority = list(Freqs = structure(c(0, 
    31, 105, 0, 0, 0, 1, 0), .Dim = c(4L, 2L), .Dimnames = list(
        c("-2", "-1", "0", "1"), c("A", "G"))), N = 137)), `2` = structure(c(0, 
    28, 88, 0, 0, 0, 0, 0), .Dim = c(4L, 2L), .Dimnames = list(
        c("-2", "-1", "0", "1"), c("A", "G"))))))
