Results <-
list(`bwaOutput/20210421msiMNRsJenny/1003_S32.sam` = list(LR11_SNP1 = list(
    All = list(Freqs = structure(c(0L, 0L, 4L, 0L, 0L, 0L, 13L, 
    74L, 1791L, 16L, 1L, 7L, 0L, 4L, 34L, 0L, 0L, 0L), .Dim = c(6L, 
    3L), .Dimnames = structure(list(c("-2", "-1", "0", "1", "2", 
    NA), c("A", "C", NA)), .Names = c("", "")), class = "table"), 
        N = 1944L), Tag.Distribution = structure(c(`1` = 30L, 
    `3` = 3L, `4` = 2L, `5` = 5L, `6` = 3L, `7` = 3L, `8` = 5L, 
    `9` = 3L, `10` = 8L, `11` = 5L, `12` = 3L, `13` = 6L, `14` = 5L, 
    `15` = 7L, `16` = 7L, `17` = 4L, `18` = 5L, `19` = 4L, `20` = 4L, 
    `21` = 1L, `22` = 2L, `23` = 2L, `24` = 2L, `25` = 6L, `26` = 2L, 
    `27` = 1L, `28` = 3L, `29` = 3L, `30` = 2L, `32` = 2L, `33` = 2L, 
    `36` = 1L, `37` = 1L, `38` = 1L, `40` = 1L), .Dim = 35L, .Dimnames = structure(list(
        c("1", "3", "4", "5", "6", "7", "8", "9", "10", "11", 
        "12", "13", "14", "15", "16", "17", "18", "19", "20", 
        "21", "22", "23", "24", "25", "26", "27", "28", "29", 
        "30", "32", "33", "36", "37", "38", "40")), .Names = ""), class = "table"), 
    No.Tag = structure(c(0L, 0L, 0L, 0L, 0L, 0L, 0L, 0L, 15L, 
    0L, 0L, 0L, 0L, 0L, 1L, 0L, 0L, 0L), .Dim = c(6L, 3L), .Dimnames = structure(list(
        c("-2", "-1", "0", "1", "2", NA), c("A", "C", NA)), .Names = c("", 
    "")), class = "table"), All.Tags = list(Concordant = list(
        Freqs = structure(c(0, 0, 3, 0, 0, 1, 0, 97, 0, 0), .Dim = c(5L, 
        2L), .Dimnames = list(c("-2", "-1", "0", "1", "2"), c("A", 
        "C"))), N = 101), Majority = list(Freqs = structure(c(0, 
    0, 3, 0, 0, 1, 2, 136, 0, 0), .Dim = c(5L, 2L), .Dimnames = list(
        c("-2", "-1", "0", "1", "2"), c("A", "C"))), N = 142)), 
    `2` = structure(c(0, 0, 0, 0, 0, 1, 2, 111, 0, 0), .Dim = c(5L, 
    2L), .Dimnames = list(c("-2", "-1", "0", "1", "2"), c("A", 
    "C"))))))
