Results <-
list(`bwaOutput/20210421msiMNRsJenny/1003_S32.sam` = list(IM16_SNP1 = list(
    All = list(Freqs = structure(c(1L, 528L, 1239L, 20L, 2L, 
    0L, 0L, 2L, 0L, 0L, 0L, 3L, 21L, 1L, 0L), .Dim = c(5L, 3L
    ), .Dimnames = structure(list(c("-2", "-1", "0", "1", NA), 
        c("A", "G", NA)), .Names = c("", "")), class = "table"), 
        N = 1817L), Tag.Distribution = structure(c(`1` = 28L, 
    `2` = 2L, `3` = 4L, `4` = 5L, `5` = 2L, `6` = 4L, `7` = 5L, 
    `8` = 9L, `9` = 4L, `10` = 7L, `11` = 11L, `12` = 9L, `13` = 5L, 
    `14` = 3L, `15` = 2L, `16` = 4L, `17` = 5L, `18` = 5L, `19` = 3L, 
    `20` = 2L, `24` = 4L, `25` = 4L, `26` = 3L, `27` = 1L, `28` = 3L, 
    `31` = 3L, `32` = 2L, `34` = 1L, `36` = 2L, `37` = 3L), .Dim = 30L, .Dimnames = structure(list(
        c("1", "2", "3", "4", "5", "6", "7", "8", "9", "10", 
        "11", "12", "13", "14", "15", "16", "17", "18", "19", 
        "20", "24", "25", "26", "27", "28", "31", "32", "34", 
        "36", "37")), .Names = ""), class = "table"), No.Tag = structure(c(0L, 
    2L, 39L, 0L, 0L, 0L, 0L, 0L, 0L, 0L, 0L, 0L, 4L, 0L, 0L), .Dim = c(5L, 
    3L), .Dimnames = structure(list(c("-2", "-1", "0", "1", NA
    ), c("A", "G", NA)), .Names = c("", "")), class = "table"), 
    All.Tags = list(Concordant = list(Freqs = structure(c(0, 
    34, 80, 0, 0, 0, 2, 0), .Dim = c(4L, 2L), .Dimnames = list(
        c("-2", "-1", "0", "1"), c("A", "G"))), N = 116), Majority = list(
        Freqs = structure(c(0, 38, 103, 0, 0, 0, 2, 0), .Dim = c(4L, 
        2L), .Dimnames = list(c("-2", "-1", "0", "1"), c("A", 
        "G"))), N = 143)), `2` = structure(c(0, 33, 84, 0, 0, 
    0, 0, 0), .Dim = c(4L, 2L), .Dimnames = list(c("-2", "-1", 
    "0", "1"), c("A", "G"))))))
