Results <-
list(`bwaOutput/20210421msiMNRsJenny/1003_S32.sam` = list(GM17_SNP1 = list(
    All = list(Freqs = structure(c(19L, 2189L, 10L, 2L, 1L, 9L, 
    0L, 0L, 0L, 17L, 0L, 0L), .Dim = 4:3, .Dimnames = structure(list(
        c("-1", "0", "1", NA), c("C", "T", NA)), .Names = c("", 
    "")), class = "table"), N = 2247L), Tag.Distribution = structure(c(`1` = 35L, 
    `2` = 5L, `3` = 7L, `4` = 8L, `5` = 7L, `6` = 10L, `7` = 5L, 
    `8` = 7L, `9` = 4L, `10` = 6L, `11` = 9L, `12` = 9L, `13` = 6L, 
    `14` = 5L, `15` = 6L, `16` = 2L, `17` = 7L, `18` = 3L, `19` = 6L, 
    `20` = 2L, `21` = 5L, `22` = 1L, `23` = 1L, `24` = 2L, `25` = 5L, 
    `26` = 3L, `27` = 3L, `28` = 4L, `29` = 3L, `30` = 3L, `31` = 2L, 
    `32` = 1L, `33` = 1L, `34` = 1L, `38` = 1L, `49` = 1L), .Dim = 36L, .Dimnames = structure(list(
        c("1", "2", "3", "4", "5", "6", "7", "8", "9", "10", 
        "11", "12", "13", "14", "15", "16", "17", "18", "19", 
        "20", "21", "22", "23", "24", "25", "26", "27", "28", 
        "29", "30", "31", "32", "33", "34", "38", "49")), .Names = ""), class = "table"), 
    No.Tag = structure(c(0L, 41L, 0L, 0L, 0L, 1L, 0L, 0L, 0L, 
    2L, 0L, 0L), .Dim = 4:3, .Dimnames = structure(list(c("-1", 
    "0", "1", NA), c("C", "T", NA)), .Names = c("", "")), class = "table"), 
    All.Tags = list(Concordant = list(Freqs = structure(c(0, 
    149, 0, 1, 7, 0), .Dim = 3:2, .Dimnames = list(c("-1", "0", 
    "1"), c("C", "T"))), N = 157), Majority = list(Freqs = structure(c(0, 
    175, 0, 1, 7, 0), .Dim = 3:2, .Dimnames = list(c("-1", "0", 
    "1"), c("C", "T"))), N = 183)), `2` = structure(c(0, 151, 
    0, 0, 0, 0), .Dim = 3:2, .Dimnames = list(c("-1", "0", "1"
    ), c("C", "T"))))))
