Results <-
list(`bwaOutput/20210421msiMNRsJenny/1003_S32.sam` = list(GM07_SNP1 = list(
    All = list(Freqs = structure(c(16L, 719L, 1171L, 34L, 49L, 
    0L, 0L, 0L, 0L, 1L, 0L, 2L, 1L, 0L, 0L, 0L, 2L, 12L, 1L, 
    0L), .Dim = 5:4, .Dimnames = structure(list(c("-2", "-1", 
    "0", "1", NA), c("A", "C", "G", NA)), .Names = c("", "")), class = "table"), 
        N = 2008L), Tag.Distribution = structure(c(`1` = 42L, 
    `2` = 6L, `3` = 3L, `4` = 7L, `5` = 4L, `6` = 6L, `7` = 11L, 
    `8` = 9L, `9` = 7L, `10` = 7L, `11` = 9L, `12` = 8L, `13` = 10L, 
    `14` = 4L, `15` = 7L, `16` = 8L, `17` = 5L, `18` = 3L, `19` = 2L, 
    `21` = 3L, `22` = 6L, `23` = 4L, `24` = 3L, `25` = 3L, `26` = 2L, 
    `30` = 1L, `32` = 1L, `34` = 3L, `37` = 1L, `41` = 1L), .Dim = 30L, .Dimnames = structure(list(
        c("1", "2", "3", "4", "5", "6", "7", "8", "9", "10", 
        "11", "12", "13", "14", "15", "16", "17", "18", "19", 
        "21", "22", "23", "24", "25", "26", "30", "32", "34", 
        "37", "41")), .Names = ""), class = "table"), No.Tag = structure(c(0L, 
    9L, 40L, 0L, 6L, 0L, 0L, 0L, 0L, 1L, 0L, 1L, 0L, 0L, 0L, 
    0L, 0L, 3L, 0L, 0L), .Dim = 5:4, .Dimnames = structure(list(
        c("-2", "-1", "0", "1", NA), c("A", "C", "G", NA)), .Names = c("", 
    "")), class = "table"), All.Tags = list(Concordant = list(
        Freqs = structure(c(0, 36, 65, 0, 0, 0, 0, 0, 0, 1, 1, 
        0), .Dim = 4:3, .Dimnames = list(c("-2", "-1", "0", "1"
        ), c("A", "C", "G"))), N = 103), Majority = list(Freqs = structure(c(0, 
    59, 113, 1, 0, 0, 0, 0, 0, 1, 1, 0), .Dim = 4:3, .Dimnames = list(
        c("-2", "-1", "0", "1"), c("A", "C", "G"))), N = 175)), 
    `2` = structure(c(0, 51, 91, 1, 0, 0, 0, 0, 0, 0, 0, 0), .Dim = 4:3, .Dimnames = list(
        c("-2", "-1", "0", "1"), c("A", "C", "G"))))))
