Results <-
list(`bwaOutput/20210421msiMNRsJenny/1003_S32.sam` = list(GM11_SNP1 = list(
    All = list(Freqs = structure(c(32L, 618L, 1L, 1L, 0L, 553L, 
    4L, 0L, 0L, 5L, 0L, 0L), .Dim = 4:3, .Dimnames = structure(list(
        c("-1", "0", "1", NA), c("A", "G", NA)), .Names = c("", 
    "")), class = "table"), N = 1214L), Tag.Distribution = structure(c(`1` = 10L, 
    `2` = 6L, `3` = 2L, `4` = 2L, `5` = 3L, `6` = 4L, `7` = 2L, 
    `8` = 4L, `9` = 1L, `10` = 5L, `11` = 3L, `12` = 5L, `13` = 4L, 
    `14` = 4L, `15` = 3L, `16` = 1L, `17` = 6L, `18` = 1L, `19` = 2L, 
    `20` = 3L, `21` = 1L, `22` = 3L, `23` = 3L, `25` = 1L, `26` = 3L, 
    `27` = 4L, `28` = 2L, `29` = 1L, `36` = 1L, `41` = 1L), .Dim = 30L, .Dimnames = structure(list(
        c("1", "2", "3", "4", "5", "6", "7", "8", "9", "10", 
        "11", "12", "13", "14", "15", "16", "17", "18", "19", 
        "20", "21", "22", "23", "25", "26", "27", "28", "29", 
        "36", "41")), .Names = ""), class = "table"), No.Tag = structure(c(0L, 
    19L, 0L, 0L, 0L, 6L, 0L, 0L, 0L, 0L, 0L, 0L), .Dim = 4:3, .Dimnames = structure(list(
        c("-1", "0", "1", NA), c("A", "G", NA)), .Names = c("", 
    "")), class = "table"), All.Tags = list(Concordant = list(
        Freqs = structure(c(2, 36, 0, 0, 40, 0), .Dim = 3:2, .Dimnames = list(
            c("-1", "0", "1"), c("A", "G"))), N = 78), Majority = list(
        Freqs = structure(c(2, 45, 0, 0, 44, 0), .Dim = 3:2, .Dimnames = list(
            c("-1", "0", "1"), c("A", "G"))), N = 91)), `2` = structure(c(2, 
    42, 0, 0, 37, 0), .Dim = 3:2, .Dimnames = list(c("-1", "0", 
    "1"), c("A", "G"))))))
