Results <-
list(`bwaOutput/20210421msiMNRsJenny/1003_S32.sam` = list(DEPDC2_SNP1 = list(
    All = list(Freqs = structure(c(1L, 509L, 959L, 13L, 16L, 
    0L, 10L, 1645L, 5L, 9L, 0L, 4L, 27L, 0L, 0L), .Dim = c(5L, 
    3L), .Dimnames = structure(list(c("-2", "-1", "0", "1", NA
    ), c("C", "T", NA)), .Names = c("", "")), class = "table"), 
        N = 3198L), Tag.Distribution = structure(c(`1` = 81L, 
    `2` = 19L, `3` = 19L, `4` = 20L, `5` = 21L, `6` = 27L, `7` = 28L, 
    `8` = 15L, `9` = 19L, `10` = 19L, `11` = 17L, `12` = 14L, 
    `13` = 11L, `14` = 9L, `15` = 3L, `16` = 10L, `17` = 5L, 
    `18` = 8L, `19` = 8L, `20` = 5L, `21` = 3L, `22` = 7L, `23` = 2L, 
    `24` = 2L, `25` = 1L, `26` = 2L, `27` = 2L, `28` = 2L, `30` = 1L, 
    `31` = 2L, `33` = 1L), .Dim = 31L, .Dimnames = structure(list(
        c("1", "2", "3", "4", "5", "6", "7", "8", "9", "10", 
        "11", "12", "13", "14", "15", "16", "17", "18", "19", 
        "20", "21", "22", "23", "24", "25", "26", "27", "28", 
        "30", "31", "33")), .Names = ""), class = "table"), No.Tag = structure(c(0L, 
    4L, 41L, 0L, 1L, 0L, 0L, 18L, 0L, 0L, 0L, 0L, 1L, 0L, 0L), .Dim = c(5L, 
    3L), .Dimnames = structure(list(c("-2", "-1", "0", "1", NA
    ), c("C", "T", NA)), .Names = c("", "")), class = "table"), 
    All.Tags = list(Concordant = list(Freqs = structure(c(0, 
    49, 100, 1, 0, 0, 183, 0), .Dim = c(4L, 2L), .Dimnames = list(
        c("-2", "-1", "0", "1"), c("C", "T"))), N = 333), Majority = list(
        Freqs = structure(c(0, 52, 116, 1, 0, 0, 207, 0), .Dim = c(4L, 
        2L), .Dimnames = list(c("-2", "-1", "0", "1"), c("C", 
        "T"))), N = 376)), `2` = structure(c(0, 43, 99, 0, 0, 
    0, 159, 0), .Dim = c(4L, 2L), .Dimnames = list(c("-2", "-1", 
    "0", "1"), c("C", "T"))))))
