Results <-
list(`bwaOutput/20210421msiMNRsJenny/1003_S32.sam` = list(GM26_SNP1 = list(
    All = list(Freqs = structure(c(58L, 317L, 1460L, 5L, 7L, 
    0L, 0L, 1L, 0L, 0L, 0L, 2L, 8L, 0L, 0L), .Dim = c(5L, 3L), .Dimnames = structure(list(
        c("-2", "-1", "0", "1", NA), c("A", "G", NA)), .Names = c("", 
    "")), class = "table"), N = 1858L), Tag.Distribution = structure(c(`1` = 29L, 
    `2` = 6L, `3` = 7L, `4` = 5L, `5` = 4L, `6` = 6L, `7` = 11L, 
    `8` = 3L, `9` = 8L, `10` = 5L, `11` = 4L, `12` = 5L, `13` = 8L, 
    `14` = 4L, `15` = 3L, `16` = 4L, `17` = 3L, `18` = 5L, `19` = 3L, 
    `20` = 3L, `21` = 4L, `22` = 2L, `23` = 7L, `24` = 3L, `25` = 2L, 
    `26` = 2L, `27` = 1L, `29` = 2L, `30` = 3L, `33` = 1L, `36` = 2L, 
    `37` = 1L, `40` = 1L), .Dim = 33L, .Dimnames = structure(list(
        c("1", "2", "3", "4", "5", "6", "7", "8", "9", "10", 
        "11", "12", "13", "14", "15", "16", "17", "18", "19", 
        "20", "21", "22", "23", "24", "25", "26", "27", "29", 
        "30", "33", "36", "37", "40")), .Names = ""), class = "table"), 
    No.Tag = structure(c(1L, 3L, 41L, 0L, 1L, 0L, 0L, 0L, 0L, 
    0L, 0L, 0L, 0L, 0L, 0L), .Dim = c(5L, 3L), .Dimnames = structure(list(
        c("-2", "-1", "0", "1", NA), c("A", "G", NA)), .Names = c("", 
    "")), class = "table"), All.Tags = list(Concordant = list(
        Freqs = structure(c(3, 28, 106, 0, 0, 0, 1, 0), .Dim = c(4L, 
        2L), .Dimnames = list(c("-2", "-1", "0", "1"), c("A", 
        "G"))), N = 138), Majority = list(Freqs = structure(c(3, 
    31, 119, 0, 0, 0, 1, 0), .Dim = c(4L, 2L), .Dimnames = list(
        c("-2", "-1", "0", "1"), c("A", "G"))), N = 154)), `2` = structure(c(3, 
    24, 99, 0, 0, 0, 0, 0), .Dim = c(4L, 2L), .Dimnames = list(
        c("-2", "-1", "0", "1"), c("A", "G"))))))
