Results <-
list(`bwaOutput/20210421msiMNRsJenny/1003_S32.sam` = list(LR40_SNP1 = list(
    All = list(Freqs = structure(c(19L, 1713L, 8L, 1L, 2L, 1L, 
    0L, 0L, 0L, 3L, 0L, 0L), .Dim = 4:3, .Dimnames = structure(list(
        c("-1", "0", "1", NA), c("A", "C", NA)), .Names = c("", 
    "")), class = "table"), N = 1747L), Tag.Distribution = structure(c(`1` = 21L, 
    `2` = 2L, `3` = 9L, `4` = 3L, `5` = 5L, `6` = 7L, `7` = 9L, 
    `8` = 6L, `9` = 10L, `10` = 3L, `11` = 11L, `12` = 3L, `13` = 9L, 
    `14` = 4L, `15` = 2L, `16` = 3L, `17` = 3L, `18` = 6L, `19` = 3L, 
    `20` = 1L, `22` = 3L, `23` = 1L, `24` = 4L, `25` = 2L, `26` = 2L, 
    `27` = 2L, `28` = 1L, `29` = 2L, `30` = 1L, `31` = 1L, `33` = 4L, 
    `34` = 1L, `35` = 1L, `36` = 1L), .Dim = 34L, .Dimnames = structure(list(
        c("1", "2", "3", "4", "5", "6", "7", "8", "9", "10", 
        "11", "12", "13", "14", "15", "16", "17", "18", "19", 
        "20", "22", "23", "24", "25", "26", "27", "28", "29", 
        "30", "31", "33", "34", "35", "36")), .Names = ""), class = "table"), 
    No.Tag = structure(c(0L, 16L, 0L, 0L, 0L, 0L, 0L, 0L, 0L, 
    0L, 0L, 0L), .Dim = 4:3, .Dimnames = structure(list(c("-1", 
    "0", "1", NA), c("A", "C", NA)), .Names = c("", "")), class = "table"), 
    All.Tags = list(Concordant = list(Freqs = structure(c(1, 
    117, 1, 2, 1, 0), .Dim = 3:2, .Dimnames = list(c("-1", "0", 
    "1"), c("A", "C"))), N = 122), Majority = list(Freqs = structure(c(1, 
    141, 1, 2, 1, 0), .Dim = 3:2, .Dimnames = list(c("-1", "0", 
    "1"), c("A", "C"))), N = 146)), `2` = structure(c(0, 125, 
    0, 0, 0, 0), .Dim = 3:2, .Dimnames = list(c("-1", "0", "1"
    ), c("A", "C"))))))
