Results <-
list(`bwaOutput/20210421msiMNRsJenny/1003_S32.sam` = list(IM49_SNP1 = list(
    All = list(Freqs = structure(c(1L, 0L, 0L, 0L, 0L, 0L, 34L, 
    714L, 1815L, 44L, 2L, 22L, 0L, 0L, 1L, 0L, 0L, 0L, 0L, 6L, 
    67L, 2L, 0L, 0L), .Dim = c(6L, 4L), .Dimnames = structure(list(
        c("-2", "-1", "0", "1", "2", NA), c("A", "C", "G", NA
        )), .Names = c("", "")), class = "table"), N = 2708L), 
    Tag.Distribution = structure(c(`1` = 94L, `2` = 26L, `3` = 21L, 
    `4` = 23L, `5` = 30L, `6` = 20L, `7` = 14L, `8` = 22L, `9` = 13L, 
    `10` = 17L, `11` = 20L, `12` = 16L, `13` = 5L, `14` = 12L, 
    `15` = 5L, `16` = 6L, `17` = 6L, `18` = 5L, `19` = 2L, `20` = 3L, 
    `21` = 3L, `22` = 5L, `23` = 1L, `24` = 4L, `27` = 2L, `29` = 1L, 
    `31` = 1L), .Dim = 27L, .Dimnames = structure(list(c("1", 
    "2", "3", "4", "5", "6", "7", "8", "9", "10", "11", "12", 
    "13", "14", "15", "16", "17", "18", "19", "20", "21", "22", 
    "23", "24", "27", "29", "31")), .Names = ""), class = "table"), 
    No.Tag = structure(c(0L, 0L, 0L, 0L, 0L, 0L, 0L, 5L, 51L, 
    0L, 0L, 3L, 0L, 0L, 0L, 0L, 0L, 0L, 0L, 0L, 5L, 0L, 0L, 0L
    ), .Dim = c(6L, 4L), .Dimnames = structure(list(c("-2", "-1", 
    "0", "1", "2", NA), c("A", "C", "G", NA)), .Names = c("", 
    "")), class = "table"), All.Tags = list(Concordant = list(
        Freqs = structure(c(0, 0, 0, 0, 0, 2, 67, 191, 1, 0, 
        0, 0, 1, 0, 0), .Dim = c(5L, 3L), .Dimnames = list(c("-2", 
        "-1", "0", "1", "2"), c("A", "C", "G"))), N = 262), Majority = list(
        Freqs = structure(c(0, 0, 0, 0, 0, 3, 81, 269, 1, 0, 
        0, 0, 1, 0, 0), .Dim = c(5L, 3L), .Dimnames = list(c("-2", 
        "-1", "0", "1", "2"), c("A", "C", "G"))), N = 355)), 
    `2` = structure(c(0, 0, 0, 0, 0, 3, 71, 204, 1, 0, 0, 0, 
    0, 0, 0), .Dim = c(5L, 3L), .Dimnames = list(c("-2", "-1", 
    "0", "1", "2"), c("A", "C", "G"))))))
