Results <-
list(`bwaOutput/20210421msiMNRsJenny/1003_S32.sam` = list(LR24_SNP1 = list(
    All = list(Freqs = structure(c(0L, 30L, 1917L, 5L, 0L, 1L, 
    13L, 1840L, 4L, 2L, 0L, 1L, 19L, 1L, 0L), .Dim = c(5L, 3L
    ), .Dimnames = structure(list(c("-3", "-1", "0", "1", NA), 
        c("A", "G", NA)), .Names = c("", "")), class = "table"), 
        N = 3833L), Tag.Distribution = structure(c(`1` = 117L, 
    `2` = 67L, `3` = 49L, `4` = 45L, `5` = 45L, `6` = 38L, `7` = 32L, 
    `8` = 24L, `9` = 22L, `10` = 20L, `11` = 25L, `12` = 20L, 
    `13` = 14L, `14` = 15L, `15` = 10L, `16` = 6L, `17` = 5L, 
    `18` = 1L, `19` = 7L, `20` = 3L, `22` = 5L, `23` = 1L, `24` = 2L, 
    `25` = 2L, `26` = 1L, `27` = 1L, `31` = 2L, `32` = 1L, `33` = 1L, 
    `36` = 1L), .Dim = 30L, .Dimnames = structure(list(c("1", 
    "2", "3", "4", "5", "6", "7", "8", "9", "10", "11", "12", 
    "13", "14", "15", "16", "17", "18", "19", "20", "22", "23", 
    "24", "25", "26", "27", "31", "32", "33", "36")), .Names = ""), class = "table"), 
    No.Tag = structure(c(0L, 1L, 43L, 0L, 0L, 0L, 0L, 47L, 0L, 
    0L, 0L, 0L, 1L, 0L, 0L), .Dim = c(5L, 3L), .Dimnames = structure(list(
        c("-3", "-1", "0", "1", NA), c("A", "G", NA)), .Names = c("", 
    "")), class = "table"), All.Tags = list(Concordant = list(
        Freqs = structure(c(0, 4, 264, 0, 1, 2, 261, 0), .Dim = c(4L, 
        2L), .Dimnames = list(c("-3", "-1", "0", "1"), c("A", 
        "G"))), N = 532), Majority = list(Freqs = structure(c(0, 
    4, 287, 0, 1, 2, 284, 0), .Dim = c(4L, 2L), .Dimnames = list(
        c("-3", "-1", "0", "1"), c("A", "G"))), N = 578)), `2` = structure(c(0, 
    3, 228, 0, 0, 1, 229, 0), .Dim = c(4L, 2L), .Dimnames = list(
        c("-3", "-1", "0", "1"), c("A", "G"))))))
