Results <-
list(`bwaOutput/20210421msiMNRsJenny/1003_S32.sam` = list(LR44_SNP1 = list(
    All = list(Freqs = structure(c(0L, 14L, 636L, 160L, 985L, 
    9L, 8L, 1L, 667L, 5L, 96L, 937L, 20L, 5L, 0L, 1L, 7L, 6L, 
    39L, 0L, 0L), .Dim = c(7L, 3L), .Dimnames = structure(list(
        c("-4", "-3", "-2", "-1", "0", "1", NA), c("C", "T", 
        NA)), .Names = c("", "")), class = "table"), N = 3596L), 
    Tag.Distribution = structure(c(`1` = 35L, `2` = 3L, `3` = 5L, 
    `4` = 6L, `5` = 5L, `6` = 8L, `7` = 8L, `8` = 5L, `9` = 10L, 
    `10` = 7L, `11` = 15L, `12` = 8L, `13` = 10L, `14` = 7L, 
    `15` = 5L, `16` = 8L, `17` = 1L, `18` = 6L, `19` = 4L, `20` = 4L, 
    `21` = 3L, `22` = 6L, `23` = 5L, `24` = 8L, `25` = 4L, `26` = 6L, 
    `27` = 9L, `28` = 4L, `29` = 2L, `30` = 3L, `31` = 5L, `32` = 5L, 
    `33` = 3L, `34` = 2L, `35` = 2L, `36` = 1L, `37` = 2L, `38` = 2L, 
    `41` = 2L, `47` = 1L, `53` = 1L), .Dim = 41L, .Dimnames = structure(list(
        c("1", "2", "3", "4", "5", "6", "7", "8", "9", "10", 
        "11", "12", "13", "14", "15", "16", "17", "18", "19", 
        "20", "21", "22", "23", "24", "25", "26", "27", "28", 
        "29", "30", "31", "32", "33", "34", "35", "36", "37", 
        "38", "41", "47", "53")), .Names = ""), class = "table"), 
    No.Tag = structure(c(0L, 0L, 7L, 2L, 7L, 0L, 0L, 0L, 4L, 
    0L, 1L, 12L, 0L, 0L, 0L, 0L, 0L, 0L, 0L, 0L, 0L), .Dim = c(7L, 
    3L), .Dimnames = structure(list(c("-4", "-3", "-2", "-1", 
    "0", "1", NA), c("C", "T", NA)), .Names = c("", "")), class = "table"), 
    All.Tags = list(Concordant = list(Freqs = structure(c(0, 
    0, 34, 2, 32, 0, 0, 38, 0, 1, 21, 0), .Dim = c(6L, 2L), .Dimnames = list(
        c("-4", "-3", "-2", "-1", "0", "1"), c("C", "T"))), N = 128), 
        Majority = list(Freqs = structure(c(0, 0, 45, 4, 69, 
        0, 0, 44, 0, 2, 65, 0), .Dim = c(6L, 2L), .Dimnames = list(
            c("-4", "-3", "-2", "-1", "0", "1"), c("C", "T"))), 
            N = 229)), `2` = structure(c(0, 0, 43, 4, 54, 0, 
    0, 42, 0, 1, 56, 0), .Dim = c(6L, 2L), .Dimnames = list(c("-4", 
    "-3", "-2", "-1", "0", "1"), c("C", "T"))))))
