Results <-
list(`bwaOutput/20210421msiMNRsJenny/1003_S32.sam` = list(GM09_SNP1 = list(
    All = list(Freqs = structure(c(10L, 1832L, 4L, 2L, 12L, 1998L, 
    7L, 0L, 0L, 1L, 0L, 0L, 0L, 31L, 0L, 0L), .Dim = c(4L, 4L
    ), .Dimnames = structure(list(c("-1", "0", "1", NA), c("A", 
    "G", "T", NA)), .Names = c("", "")), class = "table"), N = 3897L), 
    Tag.Distribution = structure(c(`1` = 74L, `2` = 4L, `3` = 5L, 
    `4` = 9L, `5` = 7L, `6` = 6L, `7` = 8L, `8` = 16L, `9` = 14L, 
    `10` = 17L, `11` = 15L, `12` = 16L, `13` = 7L, `14` = 11L, 
    `15` = 13L, `16` = 13L, `17` = 3L, `18` = 5L, `19` = 1L, 
    `20` = 4L, `21` = 7L, `22` = 4L, `23` = 5L, `24` = 4L, `25` = 4L, 
    `26` = 5L, `27` = 3L, `28` = 3L, `29` = 5L, `30` = 2L, `31` = 2L, 
    `32` = 3L, `33` = 3L, `34` = 2L, `35` = 2L, `36` = 6L, `37` = 2L, 
    `38` = 1L, `39` = 1L, `42` = 1L, `43` = 1L, `49` = 1L), .Dim = 42L, .Dimnames = structure(list(
        c("1", "2", "3", "4", "5", "6", "7", "8", "9", "10", 
        "11", "12", "13", "14", "15", "16", "17", "18", "19", 
        "20", "21", "22", "23", "24", "25", "26", "27", "28", 
        "29", "30", "31", "32", "33", "34", "35", "36", "37", 
        "38", "39", "42", "43", "49")), .Names = ""), class = "table"), 
    No.Tag = structure(c(0L, 12L, 0L, 1L, 1L, 12L, 0L, 0L, 0L, 
    0L, 0L, 0L, 0L, 0L, 0L, 0L), .Dim = c(4L, 4L), .Dimnames = structure(list(
        c("-1", "0", "1", NA), c("A", "G", "T", NA)), .Names = c("", 
    "")), class = "table"), All.Tags = list(Concordant = list(
        Freqs = structure(c(0, 131, 0, 0, 144, 0, 0, 0, 0), .Dim = c(3L, 
        3L), .Dimnames = list(c("-1", "0", "1"), c("A", "G", 
        "T"))), N = 275), Majority = list(Freqs = structure(c(0, 
    144, 0, 0, 163, 0, 0, 0, 0), .Dim = c(3L, 3L), .Dimnames = list(
        c("-1", "0", "1"), c("A", "G", "T"))), N = 307)), `2` = structure(c(0, 
    114, 0, 0, 125, 0, 0, 0, 0), .Dim = c(3L, 3L), .Dimnames = list(
        c("-1", "0", "1"), c("A", "G", "T"))))))
