Results <-
list(`bwaOutput/20210421msiMNRsJenny/1003_S32.sam` = list(LR10_SNP1 = list(
    All = list(Freqs = structure(c(87L, 2383L, 20L, 5L, 0L, 11L, 
    0L, 0L, 1L, 29L, 0L, 0L), .Dim = 4:3, .Dimnames = structure(list(
        c("-1", "0", "1", NA), c("C", "T", NA)), .Names = c("", 
    "")), class = "table"), N = 2536L), Tag.Distribution = structure(c(`1` = 30L, 
    `2` = 9L, `3` = 3L, `4` = 8L, `5` = 8L, `6` = 9L, `7` = 9L, 
    `8` = 5L, `9` = 7L, `10` = 8L, `11` = 4L, `12` = 5L, `13` = 6L, 
    `14` = 6L, `15` = 9L, `16` = 2L, `17` = 5L, `18` = 2L, `19` = 6L, 
    `20` = 4L, `21` = 3L, `22` = 1L, `23` = 1L, `24` = 4L, `25` = 1L, 
    `26` = 3L, `27` = 4L, `28` = 4L, `30` = 5L, `31` = 1L, `32` = 2L, 
    `33` = 5L, `34` = 1L, `39` = 1L, `41` = 1L, `42` = 1L, `43` = 1L, 
    `44` = 2L, `45` = 1L), .Dim = 39L, .Dimnames = structure(list(
        c("1", "2", "3", "4", "5", "6", "7", "8", "9", "10", 
        "11", "12", "13", "14", "15", "16", "17", "18", "19", 
        "20", "21", "22", "23", "24", "25", "26", "27", "28", 
        "30", "31", "32", "33", "34", "39", "41", "42", "43", 
        "44", "45")), .Names = ""), class = "table"), No.Tag = structure(c(1L, 
    85L, 0L, 1L, 0L, 0L, 0L, 0L, 0L, 3L, 0L, 0L), .Dim = 4:3, .Dimnames = structure(list(
        c("-1", "0", "1", NA), c("C", "T", NA)), .Names = c("", 
    "")), class = "table"), All.Tags = list(Concordant = list(
        Freqs = structure(c(3, 122, 0, 0, 3, 0), .Dim = 3:2, .Dimnames = list(
            c("-1", "0", "1"), c("C", "T"))), N = 128), Majority = list(
        Freqs = structure(c(3, 177, 0, 0, 3, 0), .Dim = 3:2, .Dimnames = list(
            c("-1", "0", "1"), c("C", "T"))), N = 183)), `2` = structure(c(2, 
    155, 0, 0, 0, 0), .Dim = 3:2, .Dimnames = list(c("-1", "0", 
    "1"), c("C", "T"))))))
