Results <-
list(`bwaOutput/20210421msiMNRsJenny/1003_S32.sam` = list(GM22_SNP1 = list(
    All = list(Freqs = structure(c(1L, 367L, 1425L, 7L, 1L, 8L, 
    0L, 0L, 2L, 0L, 0L, 0L, 0L, 1L, 17L, 0L, 0L, 0L), .Dim = c(6L, 
    3L), .Dimnames = structure(list(c("-2", "-1", "0", "1", "2", 
    NA), c("A", "G", NA)), .Names = c("", "")), class = "table"), 
        N = 1829L), Tag.Distribution = structure(c(`1` = 25L, 
    `2` = 2L, `3` = 2L, `4` = 4L, `5` = 4L, `6` = 7L, `7` = 4L, 
    `8` = 4L, `9` = 6L, `10` = 6L, `11` = 5L, `12` = 7L, `13` = 7L, 
    `14` = 5L, `15` = 5L, `16` = 6L, `17` = 2L, `18` = 3L, `19` = 4L, 
    `20` = 3L, `22` = 2L, `23` = 3L, `24` = 1L, `25` = 4L, `26` = 4L, 
    `27` = 1L, `28` = 1L, `29` = 2L, `31` = 2L, `32` = 3L, `33` = 1L, 
    `34` = 1L, `35` = 1L, `36` = 1L, `48` = 1L), .Dim = 35L, .Dimnames = structure(list(
        c("1", "2", "3", "4", "5", "6", "7", "8", "9", "10", 
        "11", "12", "13", "14", "15", "16", "17", "18", "19", 
        "20", "22", "23", "24", "25", "26", "27", "28", "29", 
        "31", "32", "33", "34", "35", "36", "48")), .Names = ""), class = "table"), 
    No.Tag = structure(c(0L, 2L, 43L, 0L, 0L, 2L, 0L, 0L, 0L, 
    0L, 0L, 0L, 0L, 0L, 2L, 0L, 0L, 0L), .Dim = c(6L, 3L), .Dimnames = structure(list(
        c("-2", "-1", "0", "1", "2", NA), c("A", "G", NA)), .Names = c("", 
    "")), class = "table"), All.Tags = list(Concordant = list(
        Freqs = structure(c(0, 27, 82, 0, 0, 0, 0, 1, 0, 0), .Dim = c(5L, 
        2L), .Dimnames = list(c("-2", "-1", "0", "1", "2"), c("A", 
        "G"))), N = 110), Majority = list(Freqs = structure(c(0, 
    27, 110, 0, 0, 0, 0, 1, 0, 0), .Dim = c(5L, 2L), .Dimnames = list(
        c("-2", "-1", "0", "1", "2"), c("A", "G"))), N = 138)), 
    `2` = structure(c(0, 21, 93, 0, 0, 0, 0, 0, 0, 0), .Dim = c(5L, 
    2L), .Dimnames = list(c("-2", "-1", "0", "1", "2"), c("A", 
    "G"))))))
