Results <-
list(`bwaOutput/20210421msiMNRsJenny/1003_S32.sam` = list(LR20_SNP1 = list(
    All = list(Freqs = structure(c(0L, 0L, 4L, 0L, 0L, 2L, 975L, 
    1300L, 4L, 8L, 0L, 1L, 17L, 0L, 0L), .Dim = c(5L, 3L), .Dimnames = structure(list(
        c("-2", "-1", "0", "1", NA), c("A", "G", NA)), .Names = c("", 
    "")), class = "table"), N = 2311L), Tag.Distribution = structure(c(`1` = 37L, 
    `2` = 6L, `3` = 8L, `4` = 8L, `5` = 8L, `6` = 4L, `7` = 7L, 
    `8` = 9L, `9` = 8L, `10` = 6L, `11` = 9L, `12` = 7L, `13` = 11L, 
    `14` = 8L, `15` = 5L, `16` = 9L, `17` = 5L, `18` = 4L, `19` = 2L, 
    `20` = 1L, `22` = 1L, `23` = 2L, `24` = 3L, `25` = 1L, `26` = 3L, 
    `28` = 5L, `29` = 3L, `31` = 2L, `32` = 1L, `33` = 2L, `34` = 1L, 
    `35` = 3L, `36` = 1L, `37` = 1L, `39` = 1L, `40` = 1L, `45` = 1L
    ), .Dim = 37L, .Dimnames = structure(list(c("1", "2", "3", 
    "4", "5", "6", "7", "8", "9", "10", "11", "12", "13", "14", 
    "15", "16", "17", "18", "19", "20", "22", "23", "24", "25", 
    "26", "28", "29", "31", "32", "33", "34", "35", "36", "37", 
    "39", "40", "45")), .Names = ""), class = "table"), No.Tag = structure(c(0L, 
    0L, 1L, 0L, 0L, 0L, 34L, 15L, 0L, 1L, 0L, 0L, 0L, 0L, 0L), .Dim = c(5L, 
    3L), .Dimnames = structure(list(c("-2", "-1", "0", "1", NA
    ), c("A", "G", NA)), .Names = c("", "")), class = "table"), 
    All.Tags = list(Concordant = list(Freqs = structure(c(0, 
    0, 2, 0, 0, 67, 106, 0), .Dim = c(4L, 2L), .Dimnames = list(
        c("-2", "-1", "0", "1"), c("A", "G"))), N = 175), Majority = list(
        Freqs = structure(c(0, 0, 2, 0, 0, 71, 114, 0), .Dim = c(4L, 
        2L), .Dimnames = list(c("-2", "-1", "0", "1"), c("A", 
        "G"))), N = 187)), `2` = structure(c(0, 0, 0, 0, 0, 61, 
    95, 0), .Dim = c(4L, 2L), .Dimnames = list(c("-2", "-1", 
    "0", "1"), c("A", "G"))))))
