Results <-
list(`bwaOutput/20210421msiMNRsJenny/1003_S32.sam` = list(LR49_SNP1 = list(
    All = list(Freqs = structure(c(0L, 7L, 1L, 21L, 2283L, 7L, 
    0L, 10L, 0L), .Dim = c(3L, 3L), .Dimnames = structure(list(
        c("-1", "0", NA), c("A", "G", NA)), .Names = c("", ""
    )), class = "table"), N = 2329L), Tag.Distribution = structure(c(`1` = 49L, 
    `2` = 14L, `3` = 12L, `4` = 11L, `5` = 11L, `6` = 15L, `7` = 13L, 
    `8` = 15L, `9` = 12L, `10` = 21L, `11` = 12L, `12` = 7L, 
    `13` = 7L, `14` = 9L, `15` = 4L, `16` = 9L, `17` = 6L, `18` = 3L, 
    `19` = 2L, `20` = 3L, `21` = 3L, `22` = 1L, `23` = 2L, `24` = 2L, 
    `25` = 2L, `26` = 1L, `27` = 2L, `28` = 1L, `33` = 2L, `35` = 1L, 
    `41` = 2L), .Dim = 31L, .Dimnames = structure(list(c("1", 
    "2", "3", "4", "5", "6", "7", "8", "9", "10", "11", "12", 
    "13", "14", "15", "16", "17", "18", "19", "20", "21", "22", 
    "23", "24", "25", "26", "27", "28", "33", "35", "41")), .Names = ""), class = "table"), 
    No.Tag = structure(c(0L, 2L, 0L, 0L, 81L, 3L, 0L, 1L, 0L), .Dim = c(3L, 
    3L), .Dimnames = structure(list(c("-1", "0", NA), c("A", 
    "G", NA)), .Names = c("", "")), class = "table"), All.Tags = list(
        Concordant = list(Freqs = structure(c(0, 1, 0, 240), .Dim = c(2L, 
        2L), .Dimnames = list(c("-1", "0"), c("A", "G"))), N = 241), 
        Majority = list(Freqs = structure(c(0, 1, 1, 249), .Dim = c(2L, 
        2L), .Dimnames = list(c("-1", "0"), c("A", "G"))), N = 251)), 
    `2` = structure(c(0, 0, 1, 204), .Dim = c(2L, 2L), .Dimnames = list(
        c("-1", "0"), c("A", "G"))))))
