Results <-
list(`bwaOutput/20210421msiMNRsJenny/1003_S32.sam` = list(LR36_SNP1 = list(
    All = list(Freqs = structure(c(0L, 0L, 0L, 0L, 3L, 0L, 0L, 
    0L, 0L, 0L, 0L, 1L, 0L, 0L, 1L, 22L, 616L, 91L, 823L, 13L, 
    22L, 0L, 0L, 7L, 0L, 35L, 1L, 0L), .Dim = c(7L, 4L), .Dimnames = structure(list(
        c("-4", "-3", "-2", "-1", "0", "1", NA), c("A", "G", 
        "T", NA)), .Names = c("", "")), class = "table"), N = 1635L), 
    Tag.Distribution = structure(c(`1` = 23L, `2` = 4L, `3` = 4L, 
    `4` = 8L, `5` = 2L, `6` = 11L, `7` = 7L, `8` = 13L, `9` = 8L, 
    `10` = 5L, `11` = 4L, `12` = 5L, `13` = 9L, `14` = 1L, `15` = 8L, 
    `16` = 5L, `17` = 3L, `18` = 4L, `19` = 4L, `20` = 5L, `23` = 2L, 
    `24` = 4L, `25` = 1L, `28` = 1L, `31` = 2L, `33` = 1L, `35` = 2L, 
    `39` = 1L), .Dim = 28L, .Dimnames = structure(list(c("1", 
    "2", "3", "4", "5", "6", "7", "8", "9", "10", "11", "12", 
    "13", "14", "15", "16", "17", "18", "19", "20", "23", "24", 
    "25", "28", "31", "33", "35", "39")), .Names = ""), class = "table"), 
    No.Tag = structure(c(0L, 0L, 0L, 0L, 1L, 0L, 0L, 0L, 0L, 
    0L, 0L, 0L, 0L, 0L, 0L, 17L, 1L, 1L, 48L, 1L, 1L, 0L, 0L, 
    0L, 0L, 6L, 0L, 0L), .Dim = c(7L, 4L), .Dimnames = structure(list(
        c("-4", "-3", "-2", "-1", "0", "1", NA), c("A", "G", 
        "T", NA)), .Names = c("", "")), class = "table"), All.Tags = list(
        Concordant = list(Freqs = structure(c(0, 0, 0, 0, 1, 
        0, 0, 0, 0, 0, 0, 0, 0, 0, 42, 8, 63, 0), .Dim = c(6L, 
        3L), .Dimnames = list(c("-4", "-3", "-2", "-1", "0", 
        "1"), c("A", "G", "T"))), N = 114), Majority = list(Freqs = structure(c(0, 
        0, 0, 0, 1, 0, 0, 0, 0, 0, 0, 0, 0, 0, 51, 9, 84, 0), .Dim = c(6L, 
        3L), .Dimnames = list(c("-4", "-3", "-2", "-1", "0", 
        "1"), c("A", "G", "T"))), N = 145)), `2` = structure(c(0, 
    0, 0, 0, 0, 0, 0, 0, 0, 0, 0, 0, 0, 0, 43, 6, 74, 0), .Dim = c(6L, 
    3L), .Dimnames = list(c("-4", "-3", "-2", "-1", "0", "1"), 
        c("A", "G", "T"))))))
