Results <-
list(`bwaOutput/20210421msiMNRsJenny/1003_S32.sam` = list(GM01_SNP1 = list(
    All = list(Freqs = structure(c(3L, 762L, 1049L, 3L, 5L, 21L, 
    822L, 759L, 1L, 6L, 0L, 8L, 26L, 0L, 0L), .Dim = c(5L, 3L
    ), .Dimnames = structure(list(c("-2", "-1", "0", "1", NA), 
        c("A", "G", NA)), .Names = c("", "")), class = "table"), 
        N = 3465L), Tag.Distribution = structure(c(`1` = 33L, 
    `2` = 4L, `3` = 5L, `4` = 4L, `5` = 5L, `6` = 5L, `7` = 5L, 
    `8` = 8L, `9` = 7L, `10` = 10L, `11` = 4L, `12` = 7L, `13` = 4L, 
    `14` = 6L, `15` = 8L, `16` = 8L, `17` = 3L, `18` = 8L, `19` = 6L, 
    `20` = 5L, `21` = 5L, `22` = 4L, `23` = 4L, `24` = 9L, `25` = 5L, 
    `26` = 4L, `27` = 6L, `28` = 7L, `29` = 7L, `30` = 1L, `31` = 2L, 
    `32` = 3L, `33` = 3L, `34` = 3L, `36` = 2L, `37` = 2L, `40` = 1L, 
    `41` = 1L, `43` = 1L, `44` = 1L, `47` = 2L, `57` = 1L), .Dim = 42L, .Dimnames = structure(list(
        c("1", "2", "3", "4", "5", "6", "7", "8", "9", "10", 
        "11", "12", "13", "14", "15", "16", "17", "18", "19", 
        "20", "21", "22", "23", "24", "25", "26", "27", "28", 
        "29", "30", "31", "32", "33", "34", "36", "37", "40", 
        "41", "43", "44", "47", "57")), .Names = ""), class = "table"), 
    No.Tag = structure(c(0L, 1L, 2L, 0L, 0L, 0L, 4L, 1L, 0L, 
    1L, 0L, 1L, 0L, 0L, 0L), .Dim = c(5L, 3L), .Dimnames = structure(list(
        c("-2", "-1", "0", "1", NA), c("A", "G", NA)), .Names = c("", 
    "")), class = "table"), All.Tags = list(Concordant = list(
        Freqs = structure(c(0, 39, 43, 0, 1, 41, 42, 0), .Dim = c(4L, 
        2L), .Dimnames = list(c("-2", "-1", "0", "1"), c("A", 
        "G"))), N = 166), Majority = list(Freqs = structure(c(0, 
    43, 69, 0, 1, 49, 53, 0), .Dim = c(4L, 2L), .Dimnames = list(
        c("-2", "-1", "0", "1"), c("A", "G"))), N = 215)), `2` = structure(c(0, 
    40, 59, 0, 1, 42, 43, 0), .Dim = c(4L, 2L), .Dimnames = list(
        c("-2", "-1", "0", "1"), c("A", "G"))))))
