Results <-
list(`bwaOutput/20210421msiMNRsJenny/1003_S32.sam` = list(LR17_SNP1 = list(
    All = list(Freqs = structure(c(0L, 0L, 0L, 1L, 0L, 0L, 4L, 
    484L, 322L, 1188L, 10L, 5L, 0L, 0L, 0L, 2L, 0L, 0L, 0L, 1L, 
    7L, 59L, 1L, 0L), .Dim = c(6L, 4L), .Dimnames = structure(list(
        c("-3", "-2", "-1", "0", "1", NA), c("-", "A", "G", NA
        )), .Names = c("", "")), class = "table"), N = 2084L), 
    Tag.Distribution = structure(c(`1` = 33L, `2` = 1L, `3` = 4L, 
    `4` = 3L, `5` = 3L, `6` = 2L, `7` = 2L, `8` = 6L, `9` = 7L, 
    `10` = 6L, `11` = 4L, `12` = 4L, `13` = 5L, `14` = 4L, `15` = 6L, 
    `16` = 6L, `17` = 3L, `18` = 3L, `19` = 4L, `20` = 2L, `21` = 4L, 
    `22` = 4L, `23` = 5L, `24` = 4L, `25` = 3L, `26` = 1L, `27` = 3L, 
    `28` = 3L, `29` = 2L, `30` = 3L, `31` = 1L, `32` = 3L, `33` = 1L, 
    `34` = 1L, `37` = 1L, `38` = 1L, `40` = 1L, `56` = 1L), .Dim = 38L, .Dimnames = structure(list(
        c("1", "2", "3", "4", "5", "6", "7", "8", "9", "10", 
        "11", "12", "13", "14", "15", "16", "17", "18", "19", 
        "20", "21", "22", "23", "24", "25", "26", "27", "28", 
        "29", "30", "31", "32", "33", "34", "37", "38", "40", 
        "56")), .Names = ""), class = "table"), No.Tag = structure(c(0L, 
    0L, 0L, 0L, 0L, 0L, 0L, 5L, 0L, 21L, 0L, 2L, 0L, 0L, 0L, 
    0L, 0L, 0L, 0L, 0L, 0L, 3L, 0L, 0L), .Dim = c(6L, 4L), .Dimnames = structure(list(
        c("-3", "-2", "-1", "0", "1", NA), c("-", "A", "G", NA
        )), .Names = c("", "")), class = "table"), All.Tags = list(
        Concordant = list(Freqs = structure(c(0, 0, 0, 0, 0, 
        0, 23, 14, 62, 0, 0, 0, 0, 0, 0), .Dim = c(5L, 3L), .Dimnames = list(
            c("-3", "-2", "-1", "0", "1"), c("-", "A", "G"))), 
            N = 99), Majority = list(Freqs = structure(c(0, 0, 
        0, 0, 0, 0, 29, 19, 99, 0, 0, 0, 0, 0, 0), .Dim = c(5L, 
        3L), .Dimnames = list(c("-3", "-2", "-1", "0", "1"), 
            c("-", "A", "G"))), N = 147)), `2` = structure(c(0, 
    0, 0, 0, 0, 0, 25, 17, 75, 0, 0, 0, 0, 0, 0), .Dim = c(5L, 
    3L), .Dimnames = list(c("-3", "-2", "-1", "0", "1"), c("-", 
    "A", "G"))))))
