Results <-
list(`bwaOutput/20210421msiMNRsJenny/1003_S32.sam` = list(GM14_SNP1 = list(
    All = list(Freqs = structure(c(1L, 1L, 6L, 0L, 0L, 21L, 1138L, 
    1659L, 5L, 9L, 0L, 2L, 27L, 0L, 0L), .Dim = c(5L, 3L), .Dimnames = structure(list(
        c("-2", "-1", "0", "1", NA), c("C", "T", NA)), .Names = c("", 
    "")), class = "table"), N = 2869L), Tag.Distribution = structure(c(`1` = 42L, 
    `2` = 4L, `3` = 4L, `4` = 11L, `5` = 4L, `6` = 7L, `7` = 9L, 
    `8` = 10L, `9` = 6L, `10` = 11L, `11` = 10L, `12` = 10L, 
    `13` = 7L, `14` = 8L, `15` = 8L, `16` = 2L, `17` = 8L, `18` = 5L, 
    `19` = 3L, `20` = 6L, `21` = 3L, `22` = 5L, `23` = 2L, `24` = 3L, 
    `25` = 3L, `26` = 5L, `27` = 2L, `28` = 5L, `29` = 3L, `30` = 3L, 
    `31` = 3L, `32` = 2L, `33` = 3L, `34` = 1L, `35` = 1L, `36` = 1L, 
    `37` = 3L, `42` = 1L), .Dim = 38L, .Dimnames = structure(list(
        c("1", "2", "3", "4", "5", "6", "7", "8", "9", "10", 
        "11", "12", "13", "14", "15", "16", "17", "18", "19", 
        "20", "21", "22", "23", "24", "25", "26", "27", "28", 
        "29", "30", "31", "32", "33", "34", "35", "36", "37", 
        "42")), .Names = ""), class = "table"), No.Tag = structure(c(0L, 
    0L, 0L, 0L, 0L, 0L, 15L, 8L, 0L, 0L, 0L, 0L, 2L, 0L, 0L), .Dim = c(5L, 
    3L), .Dimnames = structure(list(c("-2", "-1", "0", "1", NA
    ), c("C", "T", NA)), .Names = c("", "")), class = "table"), 
    All.Tags = list(Concordant = list(Freqs = structure(c(0, 
    0, 6, 0, 0, 69, 83, 0), .Dim = c(4L, 2L), .Dimnames = list(
        c("-2", "-1", "0", "1"), c("C", "T"))), N = 158), Majority = list(
        Freqs = structure(c(0, 0, 6, 0, 1, 85, 124, 0), .Dim = c(4L, 
        2L), .Dimnames = list(c("-2", "-1", "0", "1"), c("C", 
        "T"))), N = 216)), `2` = structure(c(0, 0, 0, 0, 1, 75, 
    103, 0), .Dim = c(4L, 2L), .Dimnames = list(c("-2", "-1", 
    "0", "1"), c("C", "T"))))))
