Results <-
list(`bwaOutput/20210421msiMNRsJenny/1003_S32.sam` = list(LR48_SNP1 = list(
    All = list(Freqs = structure(c(14L, 278L, 318L, 3L, 5L, 0L, 
    38L, 888L, 14L, 4L, 0L, 4L, 42L, 0L, 0L), .Dim = c(5L, 3L
    ), .Dimnames = structure(list(c("-2", "-1", "0", "1", NA), 
        c("C", "T", NA)), .Names = c("", "")), class = "table"), 
        N = 1608L), Tag.Distribution = structure(c(`1` = 24L, 
    `2` = 2L, `4` = 1L, `5` = 7L, `6` = 4L, `7` = 3L, `8` = 2L, 
    `9` = 1L, `10` = 2L, `11` = 2L, `12` = 3L, `13` = 4L, `14` = 6L, 
    `15` = 6L, `16` = 5L, `17` = 4L, `18` = 4L, `20` = 2L, `21` = 4L, 
    `22` = 3L, `23` = 3L, `24` = 3L, `25` = 4L, `26` = 4L, `28` = 1L, 
    `29` = 1L, `31` = 3L, `33` = 1L, `36` = 2L, `41` = 2L, `47` = 1L
    ), .Dim = 31L, .Dimnames = structure(list(c("1", "2", "4", 
    "5", "6", "7", "8", "9", "10", "11", "12", "13", "14", "15", 
    "16", "17", "18", "20", "21", "22", "23", "24", "25", "26", 
    "28", "29", "31", "33", "36", "41", "47")), .Names = ""), class = "table"), 
    No.Tag = structure(c(0L, 0L, 2L, 0L, 0L, 0L, 3L, 21L, 0L, 
    0L, 0L, 0L, 2L, 0L, 0L), .Dim = c(5L, 3L), .Dimnames = structure(list(
        c("-2", "-1", "0", "1", NA), c("C", "T", NA)), .Names = c("", 
    "")), class = "table"), All.Tags = list(Concordant = list(
        Freqs = structure(c(0, 9, 14, 0, 0, 0, 33, 0), .Dim = c(4L, 
        2L), .Dimnames = list(c("-2", "-1", "0", "1"), c("C", 
        "T"))), N = 56), Majority = list(Freqs = structure(c(0, 
    18, 26, 0, 0, 0, 64, 0), .Dim = c(4L, 2L), .Dimnames = list(
        c("-2", "-1", "0", "1"), c("C", "T"))), N = 108)), `2` = structure(c(0, 
    14, 21, 0, 0, 0, 55, 0), .Dim = c(4L, 2L), .Dimnames = list(
        c("-2", "-1", "0", "1"), c("C", "T"))))))
