Results <-
list(`bwaOutput/20210421msiMNRsJenny/1003_S32.sam` = list(LR46_SNP1 = list(
    All = list(Freqs = structure(c(9L, 947L, 2L, 3L, 375L, 456L, 
    3L, 18L, 3L, 8L, 0L, 0L), .Dim = 4:3, .Dimnames = structure(list(
        c("-1", "0", "1", NA), c("G", "T", NA)), .Names = c("", 
    "")), class = "table"), N = 1824L), Tag.Distribution = structure(c(`1` = 34L, 
    `2` = 3L, `3` = 2L, `4` = 3L, `5` = 3L, `6` = 2L, `7` = 6L, 
    `8` = 2L, `9` = 6L, `10` = 5L, `11` = 7L, `12` = 4L, `13` = 13L, 
    `14` = 4L, `15` = 5L, `16` = 4L, `17` = 6L, `18` = 3L, `19` = 1L, 
    `20` = 1L, `21` = 5L, `22` = 1L, `23` = 1L, `24` = 1L, `26` = 4L, 
    `27` = 1L, `28` = 2L, `30` = 3L, `31` = 2L, `32` = 1L, `33` = 3L, 
    `34` = 3L, `40` = 1L, `43` = 1L, `45` = 1L), .Dim = 35L, .Dimnames = structure(list(
        c("1", "2", "3", "4", "5", "6", "7", "8", "9", "10", 
        "11", "12", "13", "14", "15", "16", "17", "18", "19", 
        "20", "21", "22", "23", "24", "26", "27", "28", "30", 
        "31", "32", "33", "34", "40", "43", "45")), .Names = ""), class = "table"), 
    No.Tag = structure(c(0L, 3L, 0L, 0L, 3L, 7L, 0L, 3L, 0L, 
    3L, 0L, 0L), .Dim = 4:3, .Dimnames = structure(list(c("-1", 
    "0", "1", NA), c("G", "T", NA)), .Names = c("", "")), class = "table"), 
    All.Tags = list(Concordant = list(Freqs = structure(c(0, 
    63, 0, 24, 40, 0), .Dim = 3:2, .Dimnames = list(c("-1", "0", 
    "1"), c("G", "T"))), N = 127), Majority = list(Freqs = structure(c(0, 
    69, 0, 24, 46, 0), .Dim = 3:2, .Dimnames = list(c("-1", "0", 
    "1"), c("G", "T"))), N = 139)), `2` = structure(c(0, 54, 
    0, 21, 35, 0), .Dim = 3:2, .Dimnames = list(c("-1", "0", 
    "1"), c("G", "T"))))))
