Results <-
list(`bwaOutput/20210421msiMNRsJenny/1005_S33.sam` = list(GM17_SNP1 = list(
    All = list(Freqs = structure(c(1L, 108L, 4567L, 14L, 8L, 
    0L, 0L, 5L, 0L, 0L, 0L, 0L, 51L, 0L, 0L), .Dim = c(5L, 3L
    ), .Dimnames = structure(list(c("-2", "-1", "0", "1", NA), 
        c("C", "T", NA)), .Names = c("", "")), class = "table"), 
        N = 4754L), Tag.Distribution = structure(c(`1` = 152L, 
    `2` = 104L, `3` = 97L, `4` = 105L, `5` = 93L, `6` = 75L, 
    `7` = 70L, `8` = 37L, `9` = 37L, `10` = 34L, `11` = 22L, 
    `12` = 20L, `13` = 6L, `14` = 9L, `15` = 8L, `16` = 6L, `17` = 4L, 
    `18` = 3L, `19` = 2L, `20` = 1L, `21` = 2L, `22` = 1L, `23` = 1L, 
    `24` = 1L, `25` = 1L), .Dim = 25L, .Dimnames = structure(list(
        c("1", "2", "3", "4", "5", "6", "7", "8", "9", "10", 
        "11", "12", "13", "14", "15", "16", "17", "18", "19", 
        "20", "21", "22", "23", "24", "25")), .Names = ""), class = "table"), 
    No.Tag = structure(c(0L, 0L, 82L, 0L, 1L, 0L, 0L, 0L, 0L, 
    0L, 0L, 0L, 8L, 0L, 0L), .Dim = c(5L, 3L), .Dimnames = structure(list(
        c("-2", "-1", "0", "1", NA), c("C", "T", NA)), .Names = c("", 
    "")), class = "table"), All.Tags = list(Concordant = list(
        Freqs = structure(c(0, 9, 792, 0, 0, 0, 4, 0), .Dim = c(4L, 
        2L), .Dimnames = list(c("-2", "-1", "0", "1"), c("C", 
        "T"))), N = 805), Majority = list(Freqs = structure(c(0, 
    10, 862, 0, 0, 0, 4, 0), .Dim = c(4L, 2L), .Dimnames = list(
        c("-2", "-1", "0", "1"), c("C", "T"))), N = 876)), `2` = structure(c(0, 
    5, 729, 0, 0, 0, 0, 0), .Dim = c(4L, 2L), .Dimnames = list(
        c("-2", "-1", "0", "1"), c("C", "T"))))))
