Results <-
list(`bwaOutput/20210421msiMNRsJenny/1005_S33.sam` = list(GM07_SNP1 = list(
    All = list(Freqs = structure(c(0L, 1L, 0L, 0L, 0L, 0L, 0L, 
    0L, 535L, 326L, 2585L, 65L, 2L, 56L, 0L, 0L, 0L, 0L, 0L, 
    0L, 1L, 0L, 0L, 0L, 0L, 0L, 0L, 1L, 1L, 0L, 3L, 26L, 1L, 
    0L, 0L), .Dim = c(7L, 5L), .Dimnames = structure(list(c("-3", 
    "-2", "-1", "0", "1", "2", NA), c("-", "A", "G", "T", NA)), .Names = c("", 
    "")), class = "table"), N = 3603L), Tag.Distribution = structure(c(`1` = 107L, 
    `2` = 99L, `3` = 72L, `4` = 89L, `5` = 69L, `6` = 56L, `7` = 43L, 
    `8` = 28L, `9` = 33L, `10` = 23L, `11` = 18L, `12` = 11L, 
    `13` = 10L, `14` = 11L, `15` = 3L, `16` = 6L, `17` = 2L, 
    `18` = 2L, `22` = 1L, `24` = 1L, `25` = 1L, `27` = 1L), .Dim = 22L, .Dimnames = structure(list(
        c("1", "2", "3", "4", "5", "6", "7", "8", "9", "10", 
        "11", "12", "13", "14", "15", "16", "17", "18", "22", 
        "24", "25", "27")), .Names = ""), class = "table"), No.Tag = structure(c(0L, 
    0L, 0L, 0L, 0L, 0L, 0L, 0L, 4L, 11L, 43L, 0L, 0L, 9L, 0L, 
    0L, 0L, 0L, 0L, 0L, 0L, 0L, 0L, 0L, 0L, 0L, 0L, 1L, 0L, 0L, 
    0L, 2L, 0L, 0L, 0L), .Dim = c(7L, 5L), .Dimnames = structure(list(
        c("-3", "-2", "-1", "0", "1", "2", NA), c("-", "A", "G", 
        "T", NA)), .Names = c("", "")), class = "table"), All.Tags = list(
        Concordant = list(Freqs = structure(c(0, 0, 0, 0, 0, 
        0, 0, 84, 32, 388, 5, 1, 0, 0, 0, 0, 0, 0, 0, 0, 0, 0, 
        0, 0), .Dim = c(6L, 4L), .Dimnames = list(c("-3", "-2", 
        "-1", "0", "1", "2"), c("-", "A", "G", "T"))), N = 510), 
        Majority = list(Freqs = structure(c(0, 0, 0, 0, 0, 0, 
        0, 99, 42, 521, 5, 1, 0, 0, 0, 0, 0, 0, 0, 0, 0, 0, 0, 
        0), .Dim = c(6L, 4L), .Dimnames = list(c("-3", "-2", 
        "-1", "0", "1", "2"), c("-", "A", "G", "T"))), N = 668)), 
    `2` = structure(c(0, 0, 0, 0, 0, 0, 0, 88, 33, 445, 0, 0, 
    0, 0, 0, 0, 0, 0, 0, 0, 0, 0, 0, 0), .Dim = c(6L, 4L), .Dimnames = list(
        c("-3", "-2", "-1", "0", "1", "2"), c("-", "A", "G", 
        "T"))))))
