Results <-
list(`bwaOutput/20210421msiMNRsJenny/1005_S33.sam` = list(GM09_SNP1 = list(
    All = list(Freqs = structure(c(57L, 7935L, 11L, 2L, 0L, 10L, 
    0L, 0L, 1L, 1L, 0L, 0L, 0L, 45L, 0L, 0L), .Dim = c(4L, 4L
    ), .Dimnames = structure(list(c("-1", "0", "1", NA), c("A", 
    "G", "T", NA)), .Names = c("", "")), class = "table"), N = 8062L), 
    Tag.Distribution = structure(c(`1` = 198L, `2` = 135L, `3` = 174L, 
    `4` = 150L, `5` = 122L, `6` = 102L, `7` = 78L, `8` = 88L, 
    `9` = 63L, `10` = 58L, `11` = 32L, `12` = 37L, `13` = 32L, 
    `14` = 16L, `15` = 12L, `16` = 16L, `17` = 7L, `18` = 7L, 
    `19` = 5L, `20` = 5L, `21` = 3L, `22` = 4L, `23` = 1L, `24` = 1L, 
    `26` = 2L, `27` = 2L, `28` = 1L, `31` = 1L, `44` = 1L), .Dim = 29L, .Dimnames = structure(list(
        c("1", "2", "3", "4", "5", "6", "7", "8", "9", "10", 
        "11", "12", "13", "14", "15", "16", "17", "18", "19", 
        "20", "21", "22", "23", "24", "26", "27", "28", "31", 
        "44")), .Names = ""), class = "table"), No.Tag = structure(c(0L, 
    129L, 0L, 1L, 0L, 1L, 0L, 0L, 0L, 0L, 0L, 0L, 0L, 3L, 0L, 
    0L), .Dim = c(4L, 4L), .Dimnames = structure(list(c("-1", 
    "0", "1", NA), c("A", "G", "T", NA)), .Names = c("", "")), class = "table"), 
    All.Tags = list(Concordant = list(Freqs = structure(c(1, 
    1276, 0, 0, 6, 0, 0, 0, 0), .Dim = c(3L, 3L), .Dimnames = list(
        c("-1", "0", "1"), c("A", "G", "T"))), N = 1283), Majority = list(
        Freqs = structure(c(2, 1328, 0, 0, 6, 0, 0, 0, 0), .Dim = c(3L, 
        3L), .Dimnames = list(c("-1", "0", "1"), c("A", "G", 
        "T"))), N = 1336)), `2` = structure(c(1, 1149, 0, 0, 
    0, 0, 0, 0, 0), .Dim = c(3L, 3L), .Dimnames = list(c("-1", 
    "0", "1"), c("A", "G", "T"))))))
