Results <-
list(`bwaOutput/20210421msiMNRsJenny/1005_S33.sam` = list(LR17_SNP1 = list(
    All = list(Freqs = structure(c(8L, 322L, 3486L, 52L, 27L, 
    0L, 0L, 1L, 0L, 0L, 0L, 14L, 123L, 2L, 0L), .Dim = c(5L, 
    3L), .Dimnames = structure(list(c("-2", "-1", "0", "1", NA
    ), c("A", "G", NA)), .Names = c("", "")), class = "table"), 
        N = 4035L), Tag.Distribution = structure(c(`1` = 103L, 
    `2` = 58L, `3` = 72L, `4` = 69L, `5` = 68L, `6` = 56L, `7` = 52L, 
    `8` = 38L, `9` = 40L, `10` = 43L, `11` = 16L, `12` = 17L, 
    `13` = 14L, `14` = 12L, `15` = 7L, `16` = 5L, `17` = 4L, 
    `19` = 2L, `20` = 1L, `21` = 1L, `22` = 1L, `25` = 1L, `28` = 1L
    ), .Dim = 23L, .Dimnames = structure(list(c("1", "2", "3", 
    "4", "5", "6", "7", "8", "9", "10", "11", "12", "13", "14", 
    "15", "16", "17", "19", "20", "21", "22", "25", "28")), .Names = ""), class = "table"), 
    No.Tag = structure(c(0L, 1L, 47L, 1L, 1L, 0L, 0L, 0L, 0L, 
    0L, 0L, 0L, 3L, 0L, 0L), .Dim = c(5L, 3L), .Dimnames = structure(list(
        c("-2", "-1", "0", "1", NA), c("A", "G", NA)), .Names = c("", 
    "")), class = "table"), All.Tags = list(Concordant = list(
        Freqs = structure(c(0, 27, 482, 2, 0, 0, 0, 0), .Dim = c(4L, 
        2L), .Dimnames = list(c("-2", "-1", "0", "1"), c("A", 
        "G"))), N = 511), Majority = list(Freqs = structure(c(0, 
    36, 624, 2, 0, 0, 0, 0), .Dim = c(4L, 2L), .Dimnames = list(
        c("-2", "-1", "0", "1"), c("A", "G"))), N = 662)), `2` = structure(c(0, 
    29, 540, 1, 0, 0, 0, 0), .Dim = c(4L, 2L), .Dimnames = list(
        c("-2", "-1", "0", "1"), c("A", "G"))))))
