Results <-
list(`bwaOutput/20210421msiMNRsJenny/1005_S33.sam` = list(LR40_SNP1 = list(
    All = list(Freqs = structure(c(0L, 1L, 0L, 0L, 0L, 10L, 666L, 
    2228L, 17L, 11L, 0L, 0L, 1L, 0L, 0L, 0L, 1L, 11L, 0L, 0L), .Dim = 5:4, .Dimnames = structure(list(
        c("-2", "-1", "0", "1", NA), c("A", "C", "G", NA)), .Names = c("", 
    "")), class = "table"), N = 2946L), Tag.Distribution = structure(c(`1` = 130L, 
    `2` = 97L, `3` = 100L, `4` = 77L, `5` = 59L, `6` = 45L, `7` = 32L, 
    `8` = 22L, `9` = 20L, `10` = 17L, `11` = 16L, `12` = 9L, 
    `13` = 11L, `14` = 4L, `15` = 2L, `16` = 2L, `17` = 2L, `20` = 1L, 
    `23` = 2L), .Dim = 19L, .Dimnames = structure(list(c("1", 
    "2", "3", "4", "5", "6", "7", "8", "9", "10", "11", "12", 
    "13", "14", "15", "16", "17", "20", "23")), .Names = ""), class = "table"), 
    No.Tag = structure(c(0L, 1L, 0L, 0L, 0L, 0L, 12L, 38L, 0L, 
    1L, 0L, 0L, 0L, 0L, 0L, 0L, 0L, 2L, 0L, 0L), .Dim = 5:4, .Dimnames = structure(list(
        c("-2", "-1", "0", "1", NA), c("A", "C", "G", NA)), .Names = c("", 
    "")), class = "table"), All.Tags = list(Concordant = list(
        Freqs = structure(c(0, 0, 0, 0, 1, 119, 450, 1, 0, 0, 
        0, 0), .Dim = 4:3, .Dimnames = list(c("-2", "-1", "0", 
        "1"), c("A", "C", "G"))), N = 571), Majority = list(Freqs = structure(c(0, 
    0, 0, 0, 1, 134, 502, 1, 0, 0, 0, 0), .Dim = 4:3, .Dimnames = list(
        c("-2", "-1", "0", "1"), c("A", "C", "G"))), N = 638)), 
    `2` = structure(c(0, 0, 0, 0, 1, 110, 400, 1, 0, 0, 0, 0), .Dim = 4:3, .Dimnames = list(
        c("-2", "-1", "0", "1"), c("A", "C", "G"))))))
