Results <-
list(`bwaOutput/20210421msiMNRsJenny/1005_S33.sam` = list(DEPDC2_SNP1 = list(
    All = list(Freqs = structure(c(0L, 0L, 3L, 0L, 0L, 0L, 0L, 
    25L, 2225L, 1052L, 11L, 433L, 3L, 21L, 4160L, 18L, 0L, 12L, 
    0L, 0L, 57L, 14L, 0L, 0L), .Dim = c(6L, 4L), .Dimnames = structure(list(
        c("-2", "-1", "0", "1", "2", NA), c("A", "C", "T", NA
        )), .Names = c("", "")), class = "table"), N = 8034L), 
    Tag.Distribution = structure(c(`1` = 295L, `2` = 226L, `3` = 233L, 
    `4` = 188L, `5` = 143L, `6` = 112L, `7` = 94L, `8` = 78L, 
    `9` = 54L, `10` = 39L, `11` = 38L, `12` = 24L, `13` = 21L, 
    `14` = 20L, `15` = 11L, `16` = 8L, `17` = 5L, `18` = 6L, 
    `19` = 5L, `20` = 3L, `21` = 4L, `23` = 4L, `28` = 1L, `36` = 1L
    ), .Dim = 24L, .Dimnames = structure(list(c("1", "2", "3", 
    "4", "5", "6", "7", "8", "9", "10", "11", "12", "13", "14", 
    "15", "16", "17", "18", "19", "20", "21", "23", "28", "36"
    )), .Names = ""), class = "table"), No.Tag = structure(c(0L, 
    0L, 0L, 0L, 0L, 0L, 0L, 0L, 47L, 15L, 0L, 7L, 0L, 0L, 75L, 
    2L, 0L, 0L, 0L, 0L, 3L, 2L, 0L, 0L), .Dim = c(6L, 4L), .Dimnames = structure(list(
        c("-2", "-1", "0", "1", "2", NA), c("A", "C", "T", NA
        )), .Names = c("", "")), class = "table"), All.Tags = list(
        Concordant = list(Freqs = structure(c(0, 0, 1, 0, 0, 
        0, 0, 338, 171, 1, 0, 0, 687, 1, 0), .Dim = c(5L, 3L), .Dimnames = list(
            c("-2", "-1", "0", "1", "2"), c("A", "C", "T"))), 
            N = 1199), Majority = list(Freqs = structure(c(0, 
        0, 1, 0, 0, 0, 1, 434, 226, 2, 0, 0, 858, 1, 0), .Dim = c(5L, 
        3L), .Dimnames = list(c("-2", "-1", "0", "1", "2"), c("A", 
        "C", "T"))), N = 1523)), `2` = structure(c(0, 0, 1, 0, 
    0, 0, 1, 361, 202, 2, 0, 0, 693, 1, 0), .Dim = c(5L, 3L), .Dimnames = list(
        c("-2", "-1", "0", "1", "2"), c("A", "C", "T"))))))
