Results <-
list(`bwaOutput/20210421msiMNRsJenny/1005_S33.sam` = list(GM29_SNP1 = list(
    All = list(Freqs = structure(c(0L, 25L, 1645L, 9L, 2L, 2L, 
    616L, 862L, 4L, 6L, 0L, 5L, 30L, 0L, 0L), .Dim = c(5L, 3L
    ), .Dimnames = structure(list(c("-2", "-1", "0", "1", NA), 
        c("A", "G", NA)), .Names = c("", "")), class = "table"), 
        N = 3206L), Tag.Distribution = structure(c(`1` = 115L, 
    `2` = 94L, `3` = 89L, `4` = 79L, `5` = 53L, `6` = 49L, `7` = 46L, 
    `8` = 31L, `9` = 20L, `10` = 9L, `11` = 16L, `12` = 15L, 
    `13` = 3L, `14` = 7L, `15` = 3L, `16` = 3L, `17` = 4L, `18` = 1L, 
    `19` = 2L, `21` = 1L, `24` = 3L, `33` = 1L), .Dim = 22L, .Dimnames = structure(list(
        c("1", "2", "3", "4", "5", "6", "7", "8", "9", "10", 
        "11", "12", "13", "14", "15", "16", "17", "18", "19", 
        "21", "24", "33")), .Names = ""), class = "table"), No.Tag = structure(c(0L, 
    1L, 41L, 0L, 0L, 0L, 12L, 30L, 0L, 0L, 0L, 0L, 1L, 0L, 0L
    ), .Dim = c(5L, 3L), .Dimnames = structure(list(c("-2", "-1", 
    "0", "1", NA), c("A", "G", NA)), .Names = c("", "")), class = "table"), 
    All.Tags = list(Concordant = list(Freqs = structure(c(0, 
    3, 260, 0, 1, 98, 161, 0), .Dim = c(4L, 2L), .Dimnames = list(
        c("-2", "-1", "0", "1"), c("A", "G"))), N = 523), Majority = list(
        Freqs = structure(c(0, 3, 315, 0, 1, 115, 188, 0), .Dim = c(4L, 
        2L), .Dimnames = list(c("-2", "-1", "0", "1"), c("A", 
        "G"))), N = 622)), `2` = structure(c(0, 0, 266, 0, 0, 
    90, 155, 0), .Dim = c(4L, 2L), .Dimnames = list(c("-2", "-1", 
    "0", "1"), c("A", "G"))))))
