Results <-
list(`bwaOutput/20210421msiMNRsJenny/1005_S33.sam` = list(IM16_SNP1 = list(
    All = list(Freqs = structure(c(0L, 3L, 0L, 0L, 1L, 0L, 1L, 
    0L, 0L, 0L, 66L, 2880L, 640L, 12L, 8L, 1L, 47L, 63L, 0L, 
    0L), .Dim = 5:4, .Dimnames = structure(list(c("-1", "0", 
    "1", "2", NA), c("A", "C", "G", NA)), .Names = c("", "")), class = "table"), 
        N = 3722L), Tag.Distribution = structure(c(`1` = 111L, 
    `2` = 93L, `3` = 95L, `4` = 72L, `5` = 80L, `6` = 54L, `7` = 47L, 
    `8` = 36L, `9` = 37L, `10` = 24L, `11` = 13L, `12` = 14L, 
    `13` = 13L, `14` = 3L, `15` = 3L, `16` = 8L, `17` = 1L, `18` = 3L, 
    `20` = 4L), .Dim = 19L, .Dimnames = structure(list(c("1", 
    "2", "3", "4", "5", "6", "7", "8", "9", "10", "11", "12", 
    "13", "14", "15", "16", "17", "18", "20")), .Names = ""), class = "table"), 
    No.Tag = structure(c(0L, 0L, 0L, 0L, 0L, 0L, 0L, 0L, 0L, 
    0L, 3L, 50L, 16L, 2L, 1L, 0L, 12L, 8L, 0L, 0L), .Dim = 5:4, .Dimnames = structure(list(
        c("-1", "0", "1", "2", NA), c("A", "C", "G", NA)), .Names = c("", 
    "")), class = "table"), All.Tags = list(Concordant = list(
        Freqs = structure(c(0, 2, 0, 0, 0, 0, 0, 0, 11, 499, 
        83, 0), .Dim = 4:3, .Dimnames = list(c("-1", "0", "1", 
        "2"), c("A", "C", "G"))), N = 595), Majority = list(Freqs = structure(c(0, 
    2, 0, 0, 0, 0, 0, 0, 13, 563, 119, 0), .Dim = 4:3, .Dimnames = list(
        c("-1", "0", "1", "2"), c("A", "C", "G"))), N = 697)), 
    `2` = structure(c(0, 0, 0, 0, 0, 0, 0, 0, 7, 479, 108, 0), .Dim = 4:3, .Dimnames = list(
        c("-1", "0", "1", "2"), c("A", "C", "G"))))))
