Results <-
list(`bwaOutput/20210421msiMNRsJenny/1005_S33.sam` = list(LR24_SNP1 = list(
    All = list(Freqs = structure(c(1L, 69L, 3717L, 13L, 6L, 0L, 
    21L, 3765L, 9L, 2L, 0L, 1L, 36L, 1L, 0L), .Dim = c(5L, 3L
    ), .Dimnames = structure(list(c("-2", "-1", "0", "1", NA), 
        c("A", "G", NA)), .Names = c("", "")), class = "table"), 
        N = 7641L), Tag.Distribution = structure(c(`1` = 562L, 
    `2` = 389L, `3` = 271L, `4` = 224L, `5` = 174L, `6` = 121L, 
    `7` = 86L, `8` = 55L, `9` = 52L, `10` = 34L, `11` = 22L, 
    `12` = 11L, `13` = 5L, `14` = 10L, `15` = 5L, `16` = 6L, 
    `17` = 4L, `18` = 1L, `19` = 2L, `20` = 1L, `21` = 1L, `25` = 2L
    ), .Dim = 22L, .Dimnames = structure(list(c("1", "2", "3", 
    "4", "5", "6", "7", "8", "9", "10", "11", "12", "13", "14", 
    "15", "16", "17", "18", "19", "20", "21", "25")), .Names = ""), class = "table"), 
    No.Tag = structure(c(0L, 0L, 66L, 0L, 1L, 0L, 1L, 108L, 2L, 
    0L, 0L, 0L, 3L, 0L, 0L), .Dim = c(5L, 3L), .Dimnames = structure(list(
        c("-2", "-1", "0", "1", NA), c("A", "G", NA)), .Names = c("", 
    "")), class = "table"), All.Tags = list(Concordant = list(
        Freqs = structure(c(0, 12, 784, 2, 0, 3, 801, 1), .Dim = c(4L, 
        2L), .Dimnames = list(c("-2", "-1", "0", "1"), c("A", 
        "G"))), N = 1603), Majority = list(Freqs = structure(c(0, 
    13, 965, 2, 0, 3, 973, 1), .Dim = c(4L, 2L), .Dimnames = list(
        c("-2", "-1", "0", "1"), c("A", "G"))), N = 1957)), `2` = structure(c(0, 
    9, 702, 0, 0, 1, 686, 1), .Dim = c(4L, 2L), .Dimnames = list(
        c("-2", "-1", "0", "1"), c("A", "G"))))))
