Results <-
list(`bwaOutput/20210421msiMNRsJenny/1005_S33.sam` = list(LR44_SNP1 = list(
    All = list(Freqs = structure(c(0L, 0L, 1L, 8L, 0L, 0L, 0L, 
    7L, 270L, 708L, 2521L, 37L, 1L, 13L, 0L, 0L, 5L, 4L, 0L, 
    0L, 0L, 0L, 6L, 20L, 28L, 0L, 0L, 0L, 0L, 4L, 14L, 66L, 0L, 
    0L, 0L), .Dim = c(7L, 5L), .Dimnames = structure(list(c("-3", 
    "-2", "-1", "0", "1", "2", NA), c("A", "C", "G", "T", NA)), .Names = c("", 
    "")), class = "table"), N = 3713L), Tag.Distribution = structure(c(`1` = 89L, 
    `2` = 83L, `3` = 109L, `4` = 79L, `5` = 74L, `6` = 59L, `7` = 42L, 
    `8` = 35L, `9` = 35L, `10` = 27L, `11` = 13L, `12` = 12L, 
    `13` = 11L, `14` = 8L, `15` = 7L, `16` = 2L, `17` = 5L, `19` = 2L, 
    `21` = 1L, `25` = 1L), .Dim = 20L, .Dimnames = structure(list(
        c("1", "2", "3", "4", "5", "6", "7", "8", "9", "10", 
        "11", "12", "13", "14", "15", "16", "17", "19", "21", 
        "25")), .Names = ""), class = "table"), No.Tag = structure(c(0L, 
    0L, 0L, 0L, 0L, 0L, 0L, 0L, 2L, 4L, 69L, 1L, 0L, 1L, 0L, 
    0L, 0L, 0L, 0L, 0L, 0L, 0L, 0L, 0L, 5L, 0L, 0L, 0L, 0L, 0L, 
    0L, 2L, 0L, 0L, 0L), .Dim = c(7L, 5L), .Dimnames = structure(list(
        c("-3", "-2", "-1", "0", "1", "2", NA), c("A", "C", "G", 
        "T", NA)), .Names = c("", "")), class = "table"), All.Tags = list(
        Concordant = list(Freqs = structure(c(0, 0, 0, 2, 0, 
        0, 0, 26, 81, 366, 2, 0, 0, 0, 1, 0, 0, 0, 0, 1, 3, 7, 
        0, 0), .Dim = c(6L, 4L), .Dimnames = list(c("-3", "-2", 
        "-1", "0", "1", "2"), c("A", "C", "G", "T"))), N = 489), 
        Majority = list(Freqs = structure(c(0, 0, 0, 3, 0, 0, 
        0, 34, 111, 500, 3, 0, 0, 0, 1, 1, 0, 0, 0, 2, 3, 8, 
        0, 0), .Dim = c(6L, 4L), .Dimnames = list(c("-3", "-2", 
        "-1", "0", "1", "2"), c("A", "C", "G", "T"))), N = 666)), 
    `2` = structure(c(0, 0, 0, 2, 0, 0, 0, 31, 96, 444, 2, 0, 
    0, 0, 1, 1, 0, 0, 0, 2, 2, 3, 0, 0), .Dim = c(6L, 4L), .Dimnames = list(
        c("-3", "-2", "-1", "0", "1", "2"), c("A", "C", "G", 
        "T"))))))
