Results <-
list(`bwaOutput/20210421msiMNRsJenny/1005_S33.sam` = list(LR36_SNP1 = list(
    All = list(Freqs = structure(c(0L, 6L, 69L, 2120L, 18L, 0L, 
    14L, 0L, 0L, 0L, 0L, 0L, 0L, 1L, 2L, 4L, 27L, 1177L, 786L, 
    8L, 85L, 0L, 0L, 1L, 90L, 39L, 2L, 0L), .Dim = c(7L, 4L), .Dimnames = structure(list(
        c("-3", "-2", "-1", "0", "1", "2", NA), c("A", "G", "T", 
        NA)), .Names = c("", "")), class = "table"), N = 4449L), 
    Tag.Distribution = structure(c(`1` = 181L, `2` = 132L, `3` = 120L, 
    `4` = 117L, `5` = 80L, `6` = 58L, `7` = 46L, `8` = 48L, `9` = 28L, 
    `10` = 28L, `11` = 23L, `12` = 23L, `13` = 8L, `14` = 9L, 
    `15` = 3L, `16` = 3L, `18` = 2L, `19` = 3L, `21` = 1L, `23` = 1L, 
    `26` = 1L), .Dim = 21L, .Dimnames = structure(list(c("1", 
    "2", "3", "4", "5", "6", "7", "8", "9", "10", "11", "12", 
    "13", "14", "15", "16", "18", "19", "21", "23", "26")), .Names = ""), class = "table"), 
    No.Tag = structure(c(0L, 0L, 0L, 45L, 1L, 0L, 2L, 0L, 0L, 
    0L, 0L, 0L, 0L, 0L, 0L, 0L, 0L, 15L, 77L, 0L, 17L, 0L, 0L, 
    0L, 9L, 8L, 1L, 0L), .Dim = c(7L, 4L), .Dimnames = structure(list(
        c("-3", "-2", "-1", "0", "1", "2", NA), c("A", "G", "T", 
        NA)), .Names = c("", "")), class = "table"), All.Tags = list(
        Concordant = list(Freqs = structure(c(0, 0, 10, 370, 
        1, 0, 0, 0, 0, 0, 0, 0, 0, 0, 0, 193, 146, 2), .Dim = c(6L, 
        3L), .Dimnames = list(c("-3", "-2", "-1", "0", "1", "2"
        ), c("A", "G", "T"))), N = 722), Majority = list(Freqs = structure(c(0, 
        0, 10, 443, 1, 0, 0, 0, 0, 0, 0, 0, 0, 0, 0, 245, 180, 
        2), .Dim = c(6L, 3L), .Dimnames = list(c("-3", "-2", 
        "-1", "0", "1", "2"), c("A", "G", "T"))), N = 881)), 
    `2` = structure(c(0, 0, 8, 365, 0, 0, 0, 0, 0, 0, 0, 0, 0, 
    0, 0, 194, 149, 1), .Dim = c(6L, 3L), .Dimnames = list(c("-3", 
    "-2", "-1", "0", "1", "2"), c("A", "G", "T"))))))
