Results <-
list(`bwaOutput/20210421msiMNRsJenny/1005_S33.sam` = list(IM49_SNP1 = list(
    All = list(Freqs = structure(c(3L, 89L, 1559L, 27L, 13L, 
    11L, 700L, 902L, 15L, 25L, 0L, 11L, 106L, 0L, 0L), .Dim = c(5L, 
    3L), .Dimnames = structure(list(c("-2", "-1", "0", "1", NA
    ), c("C", "G", NA)), .Names = c("", "")), class = "table"), 
        N = 3461L), Tag.Distribution = structure(c(`1` = 313L, 
    `2` = 249L, `3` = 172L, `4` = 111L, `5` = 67L, `6` = 55L, 
    `7` = 35L, `8` = 22L, `9` = 19L, `10` = 10L, `11` = 8L, `12` = 6L, 
    `13` = 2L, `14` = 2L, `15` = 1L, `18` = 1L), .Dim = 16L, .Dimnames = structure(list(
        c("1", "2", "3", "4", "5", "6", "7", "8", "9", "10", 
        "11", "12", "13", "14", "15", "18")), .Names = ""), class = "table"), 
    No.Tag = structure(c(0L, 1L, 40L, 2L, 0L, 0L, 16L, 25L, 0L, 
    0L, 0L, 0L, 2L, 0L, 0L), .Dim = c(5L, 3L), .Dimnames = structure(list(
        c("-2", "-1", "0", "1", NA), c("C", "G", NA)), .Names = c("", 
    "")), class = "table"), All.Tags = list(Concordant = list(
        Freqs = structure(c(0, 14, 411, 3, 0, 169, 231, 0), .Dim = c(4L, 
        2L), .Dimnames = list(c("-2", "-1", "0", "1"), c("C", 
        "G"))), N = 828), Majority = list(Freqs = structure(c(0, 
    17, 486, 3, 0, 204, 286, 0), .Dim = c(4L, 2L), .Dimnames = list(
        c("-2", "-1", "0", "1"), c("C", "G"))), N = 996)), `2` = structure(c(0, 
    8, 340, 1, 0, 151, 214, 0), .Dim = c(4L, 2L), .Dimnames = list(
        c("-2", "-1", "0", "1"), c("C", "G"))))))
