Results <-
list(`bwaOutput/20210421msiMNRsJenny/1005_S33.sam` = list(GM01_SNP1 = list(
    All = list(Freqs = structure(c(0L, 0L, 5L, 0L, 0L, 1L, 120L, 
    5276L, 21L, 8L, 0L, 0L, 2L, 0L, 0L, 0L, 1L, 48L, 0L, 0L), .Dim = 5:4, .Dimnames = structure(list(
        c("-2", "-1", "0", "1", NA), c("A", "G", "T", NA)), .Names = c("", 
    "")), class = "table"), N = 5482L), Tag.Distribution = structure(c(`1` = 111L, 
    `2` = 89L, `3` = 91L, `4` = 93L, `5` = 77L, `6` = 80L, `7` = 76L, 
    `8` = 66L, `9` = 44L, `10` = 47L, `11` = 20L, `12` = 16L, 
    `13` = 18L, `14` = 10L, `15` = 8L, `16` = 8L, `17` = 9L, 
    `18` = 10L, `19` = 3L, `20` = 2L, `21` = 1L, `26` = 1L, `27` = 3L, 
    `37` = 1L), .Dim = 24L, .Dimnames = structure(list(c("1", 
    "2", "3", "4", "5", "6", "7", "8", "9", "10", "11", "12", 
    "13", "14", "15", "16", "17", "18", "19", "20", "21", "26", 
    "27", "37")), .Names = ""), class = "table"), No.Tag = structure(c(0L, 
    0L, 0L, 0L, 0L, 0L, 1L, 120L, 2L, 3L, 0L, 0L, 0L, 0L, 0L, 
    0L, 0L, 2L, 0L, 0L), .Dim = 5:4, .Dimnames = structure(list(
        c("-2", "-1", "0", "1", NA), c("A", "G", "T", NA)), .Names = c("", 
    "")), class = "table"), All.Tags = list(Concordant = list(
        Freqs = structure(c(0, 0, 2, 0, 0, 2, 752, 1, 0, 0, 0, 
        0), .Dim = 4:3, .Dimnames = list(c("-2", "-1", "0", "1"
        ), c("A", "G", "T"))), N = 757), Majority = list(Freqs = structure(c(0, 
    0, 2, 0, 0, 3, 868, 1, 0, 0, 0, 0), .Dim = 4:3, .Dimnames = list(
        c("-2", "-1", "0", "1"), c("A", "G", "T"))), N = 874)), 
    `2` = structure(c(0, 0, 0, 0, 0, 1, 771, 0, 0, 0, 0, 0), .Dim = 4:3, .Dimnames = list(
        c("-2", "-1", "0", "1"), c("A", "G", "T"))))))
