Results <-
list(`bwaOutput/20210421msiMNRsJenny/1005_S33.sam` = list(GM22_SNP1 = list(
    All = list(Freqs = structure(c(51L, 3279L, 10L, 1L, 1L, 0L, 
    3L, 0L, 0L, 0L, 0L, 1L, 0L, 0L, 0L, 3L, 46L, 1L, 0L, 0L), .Dim = 5:4, .Dimnames = structure(list(
        c("-1", "0", "1", "2", NA), c("A", "G", "T", NA)), .Names = c("", 
    "")), class = "table"), N = 3396L), Tag.Distribution = structure(c(`1` = 82L, 
    `2` = 78L, `3` = 81L, `4` = 62L, `5` = 72L, `6` = 52L, `7` = 43L, 
    `8` = 39L, `9` = 26L, `10` = 20L, `11` = 22L, `12` = 15L, 
    `13` = 8L, `14` = 9L, `15` = 2L, `16` = 2L, `17` = 4L, `20` = 2L, 
    `23` = 1L, `24` = 1L), .Dim = 20L, .Dimnames = structure(list(
        c("1", "2", "3", "4", "5", "6", "7", "8", "9", "10", 
        "11", "12", "13", "14", "15", "16", "17", "20", "23", 
        "24")), .Names = ""), class = "table"), No.Tag = structure(c(0L, 
    72L, 0L, 0L, 0L, 0L, 0L, 0L, 0L, 0L, 0L, 0L, 0L, 0L, 0L, 
    0L, 7L, 0L, 0L, 0L), .Dim = 5:4, .Dimnames = structure(list(
        c("-1", "0", "1", "2", NA), c("A", "G", "T", NA)), .Names = c("", 
    "")), class = "table"), All.Tags = list(Concordant = list(
        Freqs = structure(c(1, 563, 0, 0, 0, 1, 0, 0, 0, 0, 0, 
        0), .Dim = 4:3, .Dimnames = list(c("-1", "0", "1", "2"
        ), c("A", "G", "T"))), N = 565), Majority = list(Freqs = structure(c(1, 
    610, 0, 0, 0, 1, 0, 0, 0, 0, 0, 0), .Dim = 4:3, .Dimnames = list(
        c("-1", "0", "1", "2"), c("A", "G", "T"))), N = 612)), 
    `2` = structure(c(1, 534, 0, 0, 0, 0, 0, 0, 0, 0, 0, 0), .Dim = 4:3, .Dimnames = list(
        c("-1", "0", "1", "2"), c("A", "G", "T"))))))
