Results <-
list(`bwaOutput/20210421msiMNRsJenny/1005_S33.sam` = list(LR11_SNP1 = list(
    All = list(Freqs = structure(c(0L, 0L, 5L, 0L, 0L, 0L, 4L, 
    88L, 3682L, 47L, 3L, 14L, 0L, 3L, 73L, 3L, 0L, 0L), .Dim = c(6L, 
    3L), .Dimnames = structure(list(c("-2", "-1", "0", "1", "2", 
    NA), c("A", "C", NA)), .Names = c("", "")), class = "table"), 
        N = 3922L), Tag.Distribution = structure(c(`1` = 101L, 
    `2` = 74L, `3` = 87L, `4` = 83L, `5` = 57L, `6` = 70L, `7` = 54L, 
    `8` = 44L, `9` = 24L, `10` = 25L, `11` = 22L, `12` = 17L, 
    `13` = 11L, `14` = 5L, `15` = 9L, `16` = 6L, `17` = 3L, `18` = 4L, 
    `19` = 2L, `20` = 2L, `26` = 1L), .Dim = 21L, .Dimnames = structure(list(
        c("1", "2", "3", "4", "5", "6", "7", "8", "9", "10", 
        "11", "12", "13", "14", "15", "16", "17", "18", "19", 
        "20", "26")), .Names = ""), class = "table"), No.Tag = structure(c(0L, 
    0L, 0L, 0L, 0L, 0L, 0L, 2L, 55L, 0L, 1L, 0L, 0L, 0L, 4L, 
    0L, 0L, 0L), .Dim = c(6L, 3L), .Dimnames = structure(list(
        c("-2", "-1", "0", "1", "2", NA), c("A", "C", NA)), .Names = c("", 
    "")), class = "table"), All.Tags = list(Concordant = list(
        Freqs = structure(c(0, 0, 5, 0, 0, 0, 3, 587, 2, 0), .Dim = c(5L, 
        2L), .Dimnames = list(c("-2", "-1", "0", "1", "2"), c("A", 
        "C"))), N = 597), Majority = list(Freqs = structure(c(0, 
    0, 5, 0, 0, 0, 4, 681, 3, 0), .Dim = c(5L, 2L), .Dimnames = list(
        c("-2", "-1", "0", "1", "2"), c("A", "C"))), N = 693)), 
    `2` = structure(c(0, 0, 0, 0, 0, 0, 1, 594, 3, 0), .Dim = c(5L, 
    2L), .Dimnames = list(c("-2", "-1", "0", "1", "2"), c("A", 
    "C"))))))
