Results <-
list(`bwaOutput/20210421msiMNRsJenny/1005_S33.sam` = list(LR52_SNP1 = list(
    All = list(Freqs = structure(c(0L, 0L, 1L, 0L, 0L, 9L, 150L, 
    942L, 5L, 10L, 48L, 521L, 1066L, 9L, 47L, 0L, 27L, 368L, 
    1L, 0L), .Dim = 5:4, .Dimnames = structure(list(c("-2", "-1", 
    "0", "1", NA), c("A", "C", "T", NA)), .Names = c("", "")), class = "table"), 
        N = 3204L), Tag.Distribution = structure(c(`1` = 75L, 
    `2` = 72L, `3` = 68L, `4` = 88L, `5` = 65L, `6` = 51L, `7` = 31L, 
    `8` = 29L, `9` = 34L, `10` = 11L, `11` = 16L, `12` = 16L, 
    `13` = 10L, `14` = 8L, `15` = 6L, `16` = 4L, `17` = 1L, `18` = 2L, 
    `20` = 1L, `21` = 2L), .Dim = 20L, .Dimnames = structure(list(
        c("1", "2", "3", "4", "5", "6", "7", "8", "9", "10", 
        "11", "12", "13", "14", "15", "16", "17", "18", "20", 
        "21")), .Names = ""), class = "table"), No.Tag = structure(c(0L, 
    0L, 0L, 0L, 0L, 0L, 2L, 19L, 0L, 0L, 1L, 2L, 14L, 1L, 1L, 
    0L, 1L, 13L, 0L, 0L), .Dim = 5:4, .Dimnames = structure(list(
        c("-2", "-1", "0", "1", NA), c("A", "C", "T", NA)), .Names = c("", 
    "")), class = "table"), All.Tags = list(Concordant = list(
        Freqs = structure(c(0, 0, 0, 0, 1, 14, 162, 0, 1, 55, 
        143, 1), .Dim = 4:3, .Dimnames = list(c("-2", "-1", "0", 
        "1"), c("A", "C", "T"))), N = 377), Majority = list(Freqs = structure(c(0, 
    0, 0, 0, 1, 15, 226, 0, 2, 90, 213, 1), .Dim = 4:3, .Dimnames = list(
        c("-2", "-1", "0", "1"), c("A", "C", "T"))), N = 548)), 
    `2` = structure(c(0, 0, 0, 0, 0, 11, 206, 0, 1, 78, 190, 
    0), .Dim = 4:3, .Dimnames = list(c("-2", "-1", "0", "1"), 
        c("A", "C", "T"))))))
