Results <-
list(`bwaOutput/20210421msiMNRsJenny/1036_S34.sam` = list(GM14_SNP1 = list(
    All = list(Freqs = structure(c(6L, 307L, 2655L, 25L, 7L, 
    0L, 0L, 1L, 0L, 0L, 0L, 1L, 43L, 0L, 0L), .Dim = c(5L, 3L
    ), .Dimnames = structure(list(c("-2", "-1", "0", "1", NA), 
        c("C", "T", NA)), .Names = c("", "")), class = "table"), 
        N = 3045L), Tag.Distribution = structure(c(`1` = 69L, 
    `2` = 13L, `3` = 22L, `4` = 28L, `5` = 25L, `6` = 26L, `7` = 34L, 
    `8` = 27L, `9` = 23L, `10` = 14L, `11` = 13L, `12` = 17L, 
    `13` = 11L, `14` = 5L, `15` = 7L, `16` = 8L, `17` = 7L, `18` = 2L, 
    `19` = 4L, `20` = 4L, `21` = 8L, `22` = 4L, `23` = 5L, `25` = 1L, 
    `27` = 1L, `28` = 1L, `29` = 1L, `35` = 1L), .Dim = 28L, .Dimnames = structure(list(
        c("1", "2", "3", "4", "5", "6", "7", "8", "9", "10", 
        "11", "12", "13", "14", "15", "16", "17", "18", "19", 
        "20", "21", "22", "23", "25", "27", "28", "29", "35")), .Names = ""), class = "table"), 
    No.Tag = structure(c(1L, 7L, 58L, 1L, 0L, 0L, 0L, 0L, 0L, 
    0L, 0L, 0L, 4L, 0L, 0L), .Dim = c(5L, 3L), .Dimnames = structure(list(
        c("-2", "-1", "0", "1", NA), c("C", "T", NA)), .Names = c("", 
    "")), class = "table"), All.Tags = list(Concordant = list(
        Freqs = structure(c(0, 24, 247, 0, 0, 0, 1, 0), .Dim = c(4L, 
        2L), .Dimnames = list(c("-2", "-1", "0", "1"), c("C", 
        "T"))), N = 272), Majority = list(Freqs = structure(c(0, 
    30, 342, 0, 0, 0, 1, 0), .Dim = c(4L, 2L), .Dimnames = list(
        c("-2", "-1", "0", "1"), c("C", "T"))), N = 373)), `2` = structure(c(0, 
    23, 286, 0, 0, 0, 0, 0), .Dim = c(4L, 2L), .Dimnames = list(
        c("-2", "-1", "0", "1"), c("C", "T"))))))
