Results <-
list(`bwaOutput/20210421msiMNRsJenny/1036_S34.sam` = list(IM49_SNP1 = list(
    All = list(Freqs = structure(c(0L, 0L, 0L, 1L, 0L, 0L, 0L, 
    0L, 5L, 39L, 757L, 183L, 5L, 8L, 1L, 18L, 357L, 466L, 16L, 
    0L, 15L, 0L, 0L, 6L, 44L, 6L, 0L, 0L), .Dim = c(7L, 4L), .Dimnames = structure(list(
        c("-3", "-2", "-1", "0", "1", "2", NA), c("A", "C", "G", 
        NA)), .Names = c("", "")), class = "table"), N = 1927L), 
    Tag.Distribution = structure(c(`1` = 127L, `2` = 67L, `3` = 62L, 
    `4` = 57L, `5` = 46L, `6` = 26L, `7` = 22L, `8` = 13L, `9` = 11L, 
    `10` = 14L, `11` = 2L, `12` = 9L, `13` = 5L, `14` = 3L, `15` = 2L, 
    `17` = 1L, `21` = 1L), .Dim = 17L, .Dimnames = structure(list(
        c("1", "2", "3", "4", "5", "6", "7", "8", "9", "10", 
        "11", "12", "13", "14", "15", "17", "21")), .Names = ""), class = "table"), 
    No.Tag = structure(c(0L, 0L, 0L, 0L, 0L, 0L, 0L, 0L, 2L, 
    0L, 34L, 1L, 0L, 0L, 0L, 0L, 20L, 4L, 0L, 0L, 0L, 0L, 0L, 
    0L, 2L, 1L, 0L, 0L), .Dim = c(7L, 4L), .Dimnames = structure(list(
        c("-3", "-2", "-1", "0", "1", "2", NA), c("A", "C", "G", 
        NA)), .Names = c("", "")), class = "table"), All.Tags = list(
        Concordant = list(Freqs = structure(c(0, 0, 0, 0, 0, 
        0, 0, 1, 6, 144, 41, 1, 0, 2, 67, 92, 1, 0), .Dim = c(6L, 
        3L), .Dimnames = list(c("-3", "-2", "-1", "0", "1", "2"
        ), c("A", "C", "G"))), N = 355), Majority = list(Freqs = structure(c(0, 
        0, 0, 0, 0, 0, 0, 1, 6, 177, 55, 1, 0, 3, 78, 116, 1, 
        0), .Dim = c(6L, 3L), .Dimnames = list(c("-3", "-2", 
        "-1", "0", "1", "2"), c("A", "C", "G"))), N = 438)), 
    `2` = structure(c(0, 0, 0, 0, 0, 0, 0, 1, 2, 130, 42, 0, 
    0, 2, 62, 90, 0, 0), .Dim = c(6L, 3L), .Dimnames = list(c("-3", 
    "-2", "-1", "0", "1", "2"), c("A", "C", "G"))))))
