Results <-
list(`bwaOutput/20210421msiMNRsJenny/1036_S34.sam` = list(DEPDC2_SNP1 = list(
    All = list(Freqs = structure(c(24L, 2128L, 19L, 10L, 31L, 
    2496L, 7L, 14L, 1L, 43L, 0L, 0L), .Dim = 4:3, .Dimnames = structure(list(
        c("-1", "0", "1", NA), c("C", "T", NA)), .Names = c("", 
    "")), class = "table"), N = 4773L), Tag.Distribution = structure(c(`1` = 137L, 
    `2` = 54L, `3` = 70L, `4` = 63L, `5` = 63L, `6` = 65L, `7` = 59L, 
    `8` = 42L, `9` = 32L, `10` = 33L, `11` = 20L, `12` = 25L, 
    `13` = 9L, `14` = 13L, `15` = 11L, `16` = 7L, `17` = 7L, 
    `18` = 5L, `19` = 5L, `20` = 6L, `21` = 4L, `22` = 5L, `23` = 2L, 
    `28` = 2L, `30` = 1L, `33` = 1L, `34` = 1L), .Dim = 27L, .Dimnames = structure(list(
        c("1", "2", "3", "4", "5", "6", "7", "8", "9", "10", 
        "11", "12", "13", "14", "15", "16", "17", "18", "19", 
        "20", "21", "22", "23", "28", "30", "33", "34")), .Names = ""), class = "table"), 
    No.Tag = structure(c(0L, 43L, 0L, 1L, 0L, 33L, 0L, 0L, 1L, 
    3L, 0L, 0L), .Dim = 4:3, .Dimnames = structure(list(c("-1", 
    "0", "1", NA), c("C", "T", NA)), .Names = c("", "")), class = "table"), 
    All.Tags = list(Concordant = list(Freqs = structure(c(3, 
    281, 2, 2, 334, 0), .Dim = 3:2, .Dimnames = list(c("-1", 
    "0", "1"), c("C", "T"))), N = 622), Majority = list(Freqs = structure(c(3, 
    331, 2, 2, 388, 0), .Dim = 3:2, .Dimnames = list(c("-1", 
    "0", "1"), c("C", "T"))), N = 726)), `2` = structure(c(1, 
    279, 2, 1, 316, 0), .Dim = 3:2, .Dimnames = list(c("-1", 
    "0", "1"), c("C", "T"))))))
