Results <-
list(`bwaOutput/20210421msiMNRsJenny/1036_S34.sam` = list(GM22_SNP1 = list(
    All = list(Freqs = structure(c(47L, 331L, 1782L, 13L, 6L, 
    0L, 0L, 2L, 0L, 0L, 0L, 4L, 28L, 0L, 0L), .Dim = c(5L, 3L
    ), .Dimnames = structure(list(c("-2", "-1", "0", "1", NA), 
        c("A", "G", NA)), .Names = c("", "")), class = "table"), 
        N = 2213L), Tag.Distribution = structure(c(`1` = 47L, 
    `2` = 19L, `3` = 20L, `4` = 17L, `5` = 17L, `6` = 29L, `7` = 29L, 
    `8` = 11L, `9` = 21L, `10` = 10L, `11` = 12L, `12` = 13L, 
    `13` = 4L, `14` = 12L, `15` = 7L, `16` = 6L, `17` = 2L, `18` = 5L, 
    `19` = 2L, `20` = 3L, `21` = 1L, `22` = 3L, `23` = 1L, `24` = 1L, 
    `25` = 1L, `26` = 1L), .Dim = 26L, .Dimnames = structure(list(
        c("1", "2", "3", "4", "5", "6", "7", "8", "9", "10", 
        "11", "12", "13", "14", "15", "16", "17", "18", "19", 
        "20", "21", "22", "23", "24", "25", "26")), .Names = ""), class = "table"), 
    No.Tag = structure(c(0L, 7L, 35L, 0L, 1L, 0L, 0L, 0L, 0L, 
    0L, 0L, 0L, 2L, 0L, 0L), .Dim = c(5L, 3L), .Dimnames = structure(list(
        c("-2", "-1", "0", "1", NA), c("A", "G", NA)), .Names = c("", 
    "")), class = "table"), All.Tags = list(Concordant = list(
        Freqs = structure(c(7, 42, 203, 0, 0, 0, 2, 0), .Dim = c(4L, 
        2L), .Dimnames = list(c("-2", "-1", "0", "1"), c("A", 
        "G"))), N = 254), Majority = list(Freqs = structure(c(7, 
    45, 233, 0, 0, 0, 2, 0), .Dim = c(4L, 2L), .Dimnames = list(
        c("-2", "-1", "0", "1"), c("A", "G"))), N = 287)), `2` = structure(c(7, 
    37, 200, 0, 0, 0, 0, 0), .Dim = c(4L, 2L), .Dimnames = list(
        c("-2", "-1", "0", "1"), c("A", "G"))))))
