Results <-
list(`bwaOutput/20210421msiMNRsJenny/1036_S34.sam` = list(LR11_SNP1 = list(
    All = list(Freqs = structure(c(0L, 0L, 2L, 0L, 0L, 3L, 109L, 
    2577L, 29L, 12L, 0L, 0L, 1L, 0L, 0L, 1L, 3L, 63L, 0L, 0L), .Dim = 5:4, .Dimnames = structure(list(
        c("-2", "-1", "0", "1", NA), c("A", "C", "T", NA)), .Names = c("", 
    "")), class = "table"), N = 2800L), Tag.Distribution = structure(c(`1` = 48L, 
    `2` = 18L, `3` = 18L, `4` = 20L, `5` = 24L, `6` = 15L, `7` = 14L, 
    `8` = 13L, `9` = 20L, `10` = 16L, `11` = 14L, `12` = 21L, 
    `13` = 11L, `14` = 12L, `15` = 12L, `16` = 14L, `17` = 5L, 
    `18` = 2L, `19` = 4L, `20` = 8L, `21` = 2L, `22` = 3L, `23` = 2L, 
    `24` = 3L, `26` = 1L, `27` = 1L, `31` = 1L), .Dim = 27L, .Dimnames = structure(list(
        c("1", "2", "3", "4", "5", "6", "7", "8", "9", "10", 
        "11", "12", "13", "14", "15", "16", "17", "18", "19", 
        "20", "21", "22", "23", "24", "26", "27", "31")), .Names = ""), class = "table"), 
    No.Tag = structure(c(0L, 0L, 0L, 0L, 0L, 0L, 2L, 38L, 0L, 
    1L, 0L, 0L, 0L, 0L, 0L, 0L, 0L, 1L, 0L, 0L), .Dim = 5:4, .Dimnames = structure(list(
        c("-2", "-1", "0", "1", NA), c("A", "C", "T", NA)), .Names = c("", 
    "")), class = "table"), All.Tags = list(Concordant = list(
        Freqs = structure(c(0, 0, 1, 0, 0, 6, 239, 0, 0, 0, 0, 
        0), .Dim = 4:3, .Dimnames = list(c("-2", "-1", "0", "1"
        ), c("A", "C", "T"))), N = 246), Majority = list(Freqs = structure(c(0, 
    0, 1, 0, 0, 7, 305, 1, 0, 0, 0, 0), .Dim = 4:3, .Dimnames = list(
        c("-2", "-1", "0", "1"), c("A", "C", "T"))), N = 314)), 
    `2` = structure(c(0, 0, 0, 0, 0, 5, 265, 1, 0, 0, 0, 0), .Dim = 4:3, .Dimnames = list(
        c("-2", "-1", "0", "1"), c("A", "C", "T"))))))
