Results <-
list(`bwaOutput/20210421msiMNRsJenny/1036_S34.sam` = list(GM01_SNP1 = list(
    All = list(Freqs = structure(c(0L, 1L, 3L, 0L, 0L, 2L, 867L, 
    3148L, 12L, 14L, 0L, 3L, 30L, 1L, 0L), .Dim = c(5L, 3L), .Dimnames = structure(list(
        c("-2", "-1", "0", "1", NA), c("A", "G", NA)), .Names = c("", 
    "")), class = "table"), N = 4081L), Tag.Distribution = structure(c(`1` = 54L, 
    `2` = 17L, `3` = 23L, `4` = 30L, `5` = 33L, `6` = 41L, `7` = 23L, 
    `8` = 25L, `9` = 19L, `10` = 9L, `11` = 22L, `12` = 17L, 
    `13` = 18L, `14` = 13L, `15` = 16L, `16` = 19L, `17` = 12L, 
    `18` = 9L, `19` = 8L, `20` = 8L, `21` = 5L, `22` = 3L, `23` = 4L, 
    `25` = 3L, `26` = 2L, `28` = 1L, `29` = 2L, `34` = 1L, `36` = 1L, 
    `38` = 1L, `48` = 1L), .Dim = 31L, .Dimnames = structure(list(
        c("1", "2", "3", "4", "5", "6", "7", "8", "9", "10", 
        "11", "12", "13", "14", "15", "16", "17", "18", "19", 
        "20", "21", "22", "23", "25", "26", "28", "29", "34", 
        "36", "38", "48")), .Names = ""), class = "table"), No.Tag = structure(c(0L, 
    0L, 0L, 0L, 0L, 0L, 25L, 28L, 0L, 1L, 0L, 0L, 1L, 0L, 0L), .Dim = c(5L, 
    3L), .Dimnames = structure(list(c("-2", "-1", "0", "1", NA
    ), c("A", "G", NA)), .Names = c("", "")), class = "table"), 
    All.Tags = list(Concordant = list(Freqs = structure(c(0, 
    1, 2, 0, 0, 61, 297, 0), .Dim = c(4L, 2L), .Dimnames = list(
        c("-2", "-1", "0", "1"), c("A", "G"))), N = 361), Majority = list(
        Freqs = structure(c(0, 1, 2, 0, 0, 76, 357, 0), .Dim = c(4L, 
        2L), .Dimnames = list(c("-2", "-1", "0", "1"), c("A", 
        "G"))), N = 436)), `2` = structure(c(0, 0, 0, 0, 0, 69, 
    316, 0), .Dim = c(4L, 2L), .Dimnames = list(c("-2", "-1", 
    "0", "1"), c("A", "G"))))))
