Results <-
list(`bwaOutput/20210421msiMNRsJenny/1036_S34.sam` = list(LR44_SNP1 = list(
    All = list(Freqs = structure(c(0L, 0L, 0L, 0L, 1L, 0L, 0L, 
    0L, 0L, 1L, 2L, 43L, 699L, 813L, 7L, 1L, 0L, 7L, 0L, 0L, 
    41L, 707L, 1248L, 16L, 0L, 1L, 18L, 0L, 0L, 2L, 28L, 32L, 
    0L, 0L, 0L, 0L), .Dim = c(9L, 4L), .Dimnames = structure(list(
        c("-4", "-3", "-2", "-1", "0", "1", "2", "3", NA), c("A", 
        "C", "T", NA)), .Names = c("", "")), class = "table"), 
        N = 3667L), Tag.Distribution = structure(c(`1` = 46L, 
    `2` = 23L, `3` = 32L, `4` = 37L, `5` = 31L, `6` = 32L, `7` = 35L, 
    `8` = 33L, `9` = 17L, `10` = 14L, `11` = 17L, `12` = 16L, 
    `13` = 18L, `14` = 14L, `15` = 15L, `16` = 8L, `17` = 8L, 
    `18` = 9L, `19` = 7L, `20` = 5L, `21` = 7L, `22` = 1L, `23` = 1L, 
    `24` = 1L, `25` = 1L, `26` = 1L, `27` = 3L, `41` = 1L), .Dim = 28L, .Dimnames = structure(list(
        c("1", "2", "3", "4", "5", "6", "7", "8", "9", "10", 
        "11", "12", "13", "14", "15", "16", "17", "18", "19", 
        "20", "21", "22", "23", "24", "25", "26", "27", "41")), .Names = ""), class = "table"), 
    No.Tag = structure(c(0L, 0L, 0L, 0L, 0L, 0L, 0L, 0L, 0L, 
    0L, 0L, 8L, 3L, 18L, 0L, 0L, 0L, 1L, 0L, 0L, 0L, 22L, 33L, 
    0L, 0L, 0L, 1L, 0L, 0L, 2L, 10L, 2L, 0L, 0L, 0L, 0L), .Dim = c(9L, 
    4L), .Dimnames = structure(list(c("-4", "-3", "-2", "-1", 
    "0", "1", "2", "3", NA), c("A", "C", "T", NA)), .Names = c("", 
    "")), class = "table"), All.Tags = list(Concordant = list(
        Freqs = structure(c(0, 0, 0, 0, 1, 0, 0, 0, 0, 0, 0, 
        50, 62, 0, 0, 0, 0, 0, 1, 55, 90, 1, 0, 0), .Dim = c(8L, 
        3L), .Dimnames = list(c("-4", "-3", "-2", "-1", "0", 
        "1", "2", "3"), c("A", "C", "T"))), N = 260), Majority = list(
        Freqs = structure(c(0, 0, 0, 0, 1, 0, 0, 0, 0, 0, 0, 
        81, 102, 0, 0, 0, 0, 0, 3, 77, 156, 1, 0, 0), .Dim = c(8L, 
        3L), .Dimnames = list(c("-4", "-3", "-2", "-1", "0", 
        "1", "2", "3"), c("A", "C", "T"))), N = 421)), `2` = structure(c(0, 
    0, 0, 0, 0, 0, 0, 0, 0, 0, 0, 79, 91, 0, 0, 0, 0, 0, 3, 71, 
    139, 0, 0, 0), .Dim = c(8L, 3L), .Dimnames = list(c("-4", 
    "-3", "-2", "-1", "0", "1", "2", "3"), c("A", "C", "T"))))))
