Results <-
list(`bwaOutput/20210421msiMNRsJenny/1036_S34.sam` = list(LR49_SNP1 = list(
    All = list(Freqs = structure(c(862L, 1978L, 2L, 6L, 0L, 2L, 
    0L, 0L, 12L, 25L, 0L, 0L), .Dim = 4:3, .Dimnames = structure(list(
        c("-1", "0", "1", NA), c("A", "G", NA)), .Names = c("", 
    "")), class = "table"), N = 2887L), Tag.Distribution = structure(c(`1` = 80L, 
    `2` = 58L, `3` = 44L, `4` = 37L, `5` = 56L, `6` = 36L, `7` = 35L, 
    `8` = 31L, `9` = 21L, `10` = 13L, `11` = 16L, `12` = 10L, 
    `13` = 9L, `14` = 7L, `15` = 3L, `16` = 4L, `17` = 4L, `18` = 3L, 
    `19` = 4L, `20` = 3L, `21` = 2L, `23` = 3L, `30` = 1L, `34` = 1L
    ), .Dim = 24L, .Dimnames = structure(list(c("1", "2", "3", 
    "4", "5", "6", "7", "8", "9", "10", "11", "12", "13", "14", 
    "15", "16", "17", "18", "19", "20", "21", "23", "30", "34"
    )), .Names = ""), class = "table"), No.Tag = structure(c(7L, 
    40L, 0L, 0L, 0L, 0L, 0L, 0L, 0L, 3L, 0L, 0L), .Dim = 4:3, .Dimnames = structure(list(
        c("-1", "0", "1", NA), c("A", "G", NA)), .Names = c("", 
    "")), class = "table"), All.Tags = list(Concordant = list(
        Freqs = structure(c(137, 309, 0, 0, 1, 0), .Dim = 3:2, .Dimnames = list(
            c("-1", "0", "1"), c("A", "G"))), N = 447), Majority = list(
        Freqs = structure(c(148, 321, 0, 0, 1, 0), .Dim = 3:2, .Dimnames = list(
            c("-1", "0", "1"), c("A", "G"))), N = 470)), `2` = structure(c(121, 
    275, 0, 0, 0, 0), .Dim = 3:2, .Dimnames = list(c("-1", "0", 
    "1"), c("A", "G"))))))
