Results <-
list(`bwaOutput/20210421msiMNRsJenny/1036_S34.sam` = list(GM09_SNP1 = list(
    All = list(Freqs = structure(c(1L, 722L, 3766L, 5L, 5L, 0L, 
    0L, 6L, 0L, 0L, 0L, 4L, 29L, 0L, 0L), .Dim = c(5L, 3L), .Dimnames = structure(list(
        c("-2", "-1", "0", "1", NA), c("A", "G", NA)), .Names = c("", 
    "")), class = "table"), N = 4538L), Tag.Distribution = structure(c(`1` = 78L, 
    `2` = 33L, `3` = 34L, `4` = 42L, `5` = 45L, `6` = 43L, `7` = 49L, 
    `8` = 40L, `9` = 31L, `10` = 34L, `11` = 17L, `12` = 10L, 
    `13` = 21L, `14` = 5L, `15` = 16L, `16` = 9L, `17` = 9L, 
    `18` = 8L, `19` = 10L, `20` = 7L, `21` = 5L, `22` = 3L, `23` = 7L, 
    `25` = 1L, `26` = 1L, `27` = 3L, `28` = 1L, `30` = 1L, `31` = 1L, 
    `41` = 1L), .Dim = 30L, .Dimnames = structure(list(c("1", 
    "2", "3", "4", "5", "6", "7", "8", "9", "10", "11", "12", 
    "13", "14", "15", "16", "17", "18", "19", "20", "21", "22", 
    "23", "25", "26", "27", "28", "30", "31", "41")), .Names = ""), class = "table"), 
    No.Tag = structure(c(0L, 15L, 85L, 0L, 0L, 0L, 0L, 0L, 0L, 
    0L, 0L, 0L, 4L, 0L, 0L), .Dim = c(5L, 3L), .Dimnames = structure(list(
        c("-2", "-1", "0", "1", NA), c("A", "G", NA)), .Names = c("", 
    "")), class = "table"), All.Tags = list(Concordant = list(
        Freqs = structure(c(0, 82, 417, 0, 0, 0, 4, 0), .Dim = c(4L, 
        2L), .Dimnames = list(c("-2", "-1", "0", "1"), c("A", 
        "G"))), N = 503), Majority = list(Freqs = structure(c(0, 
    90, 458, 0, 0, 0, 4, 0), .Dim = c(4L, 2L), .Dimnames = list(
        c("-2", "-1", "0", "1"), c("A", "G"))), N = 552)), `2` = structure(c(0, 
    77, 407, 0, 0, 0, 0, 0), .Dim = c(4L, 2L), .Dimnames = list(
        c("-2", "-1", "0", "1"), c("A", "G"))))))
