Results <-
list(`bwaOutput/20210421msiMNRsJenny/1036_S34.sam` = list(LR17_SNP1 = list(
    All = list(Freqs = structure(c(1L, 10L, 429L, 1587L, 30L, 
    30L, 0L, 0L, 11L, 82L, 0L, 0L), .Dim = c(6L, 2L), .Dimnames = structure(list(
        c("-3", "-2", "-1", "0", "1", NA), c("A", NA)), .Names = c("", 
    "")), class = "table"), N = 2180L), Tag.Distribution = structure(c(`1` = 46L, 
    `2` = 10L, `3` = 11L, `4` = 9L, `5` = 13L, `6` = 15L, `7` = 17L, 
    `8` = 13L, `9` = 8L, `10` = 12L, `11` = 12L, `12` = 6L, `13` = 10L, 
    `14` = 11L, `15` = 10L, `16` = 4L, `17` = 9L, `18` = 7L, 
    `19` = 3L, `20` = 4L, `21` = 2L, `23` = 5L, `25` = 1L, `26` = 1L, 
    `30` = 2L, `41` = 1L), .Dim = 26L, .Dimnames = structure(list(
        c("1", "2", "3", "4", "5", "6", "7", "8", "9", "10", 
        "11", "12", "13", "14", "15", "16", "17", "18", "19", 
        "20", "21", "23", "25", "26", "30", "41")), .Names = ""), class = "table"), 
    No.Tag = structure(c(0L, 0L, 2L, 38L, 1L, 1L, 0L, 0L, 0L, 
    6L, 0L, 0L), .Dim = c(6L, 2L), .Dimnames = structure(list(
        c("-3", "-2", "-1", "0", "1", NA), c("A", NA)), .Names = c("", 
    "")), class = "table"), All.Tags = list(Concordant = list(
        Freqs = structure(c(0, 0, 38, 134, 0), .Dim = c(5L, 1L
        ), .Dimnames = list(c("-3", "-2", "-1", "0", "1"), "A")), 
        N = 172), Majority = list(Freqs = structure(c(0, 0, 49, 
    188, 1), .Dim = c(5L, 1L), .Dimnames = list(c("-3", "-2", 
    "-1", "0", "1"), "A")), N = 238)), `2` = structure(c(0, 0, 
    42, 152, 1), .Dim = c(5L, 1L), .Dimnames = list(c("-3", "-2", 
    "-1", "0", "1"), "A")))))
