Results <-
list(`bwaOutput/20210421msiMNRsJenny/1036_S34.sam` = list(GM29_SNP1 = list(
    All = list(Freqs = structure(c(0L, 16L, 923L, 1L, 0L, 2L, 
    32L, 1002L, 4L, 2L, 0L, 0L, 14L, 0L, 0L), .Dim = c(5L, 3L
    ), .Dimnames = structure(list(c("-2", "-1", "0", "1", NA), 
        c("A", "G", NA)), .Names = c("", "")), class = "table"), 
        N = 1996L), Tag.Distribution = structure(c(`1` = 56L, 
    `2` = 30L, `3` = 21L, `4` = 26L, `5` = 32L, `6` = 25L, `7` = 19L, 
    `8` = 16L, `9` = 12L, `10` = 9L, `11` = 7L, `12` = 9L, `13` = 5L, 
    `14` = 4L, `15` = 4L, `16` = 5L, `17` = 3L, `18` = 6L, `19` = 2L, 
    `21` = 2L, `22` = 3L, `23` = 2L, `25` = 1L, `26` = 1L, `40` = 1L
    ), .Dim = 25L, .Dimnames = structure(list(c("1", "2", "3", 
    "4", "5", "6", "7", "8", "9", "10", "11", "12", "13", "14", 
    "15", "16", "17", "18", "19", "21", "22", "23", "25", "26", 
    "40")), .Names = ""), class = "table"), No.Tag = structure(c(0L, 
    0L, 12L, 0L, 0L, 1L, 0L, 41L, 0L, 0L, 0L, 0L, 2L, 0L, 0L), .Dim = c(5L, 
    3L), .Dimnames = structure(list(c("-2", "-1", "0", "1", NA
    ), c("A", "G", NA)), .Names = c("", "")), class = "table"), 
    All.Tags = list(Concordant = list(Freqs = structure(c(0, 
    0, 119, 0, 0, 2, 130, 0), .Dim = c(4L, 2L), .Dimnames = list(
        c("-2", "-1", "0", "1"), c("A", "G"))), N = 251), Majority = list(
        Freqs = structure(c(0, 0, 137, 0, 0, 3, 157, 0), .Dim = c(4L, 
        2L), .Dimnames = list(c("-2", "-1", "0", "1"), c("A", 
        "G"))), N = 297)), `2` = structure(c(0, 0, 110, 0, 0, 
    1, 132, 0), .Dim = c(4L, 2L), .Dimnames = list(c("-2", "-1", 
    "0", "1"), c("A", "G"))))))
