Results <-
list(`bwaOutput/20210421msiMNRsJenny/1036_S34.sam` = list(LR48_SNP1 = list(
    All = list(Freqs = structure(c(0L, 0L, 0L, 4L, 0L, 0L, 1L, 
    10L, 739L, 1070L, 17L, 9L, 0L, 0L, 3L, 24L, 1L, 0L), .Dim = c(6L, 
    3L), .Dimnames = structure(list(c("-3", "-2", "-1", "0", 
    "1", NA), c("C", "T", NA)), .Names = c("", "")), class = "table"), 
        N = 1878L), Tag.Distribution = structure(c(`1` = 28L, 
    `2` = 8L, `3` = 8L, `4` = 9L, `5` = 14L, `6` = 17L, `7` = 10L, 
    `8` = 13L, `9` = 10L, `10` = 9L, `11` = 11L, `12` = 13L, 
    `13` = 3L, `14` = 9L, `15` = 9L, `16` = 5L, `17` = 4L, `18` = 4L, 
    `19` = 6L, `20` = 2L, `21` = 6L, `23` = 2L, `24` = 1L, `29` = 1L
    ), .Dim = 24L, .Dimnames = structure(list(c("1", "2", "3", 
    "4", "5", "6", "7", "8", "9", "10", "11", "12", "13", "14", 
    "15", "16", "17", "18", "19", "20", "21", "23", "24", "29"
    )), .Names = ""), class = "table"), No.Tag = structure(c(0L, 
    0L, 0L, 0L, 0L, 0L, 0L, 1L, 36L, 32L, 0L, 1L, 0L, 0L, 1L, 
    1L, 0L, 0L), .Dim = c(6L, 3L), .Dimnames = structure(list(
        c("-3", "-2", "-1", "0", "1", NA), c("C", "T", NA)), .Names = c("", 
    "")), class = "table"), All.Tags = list(Concordant = list(
        Freqs = structure(c(0, 0, 0, 4, 0, 0, 0, 61, 77, 0), .Dim = c(5L, 
        2L), .Dimnames = list(c("-3", "-2", "-1", "0", "1"), 
            c("C", "T"))), N = 142), Majority = list(Freqs = structure(c(0, 
    0, 0, 4, 0, 0, 0, 76, 116, 0), .Dim = c(5L, 2L), .Dimnames = list(
        c("-3", "-2", "-1", "0", "1"), c("C", "T"))), N = 196)), 
    `2` = structure(c(0, 0, 0, 0, 0, 0, 0, 66, 108, 0), .Dim = c(5L, 
    2L), .Dimnames = list(c("-3", "-2", "-1", "0", "1"), c("C", 
    "T"))))))
