Results <-
list(`bwaOutput/20210421msiMNRsJenny/1036_S34.sam` = list(LR24_SNP1 = list(
    All = list(Freqs = structure(c(1L, 63L, 4711L, 12L, 6L, 0L, 
    2L, 8L, 0L, 0L, 0L, 0L, 1L, 0L, 0L, 0L, 0L, 32L, 1L, 0L), .Dim = 5:4, .Dimnames = structure(list(
        c("-2", "-1", "0", "1", NA), c("A", "G", "T", NA)), .Names = c("", 
    "")), class = "table"), N = 4837L), Tag.Distribution = structure(c(`1` = 225L, 
    `2` = 146L, `3` = 121L, `4` = 95L, `5` = 89L, `6` = 66L, 
    `7` = 63L, `8` = 61L, `9` = 39L, `10` = 23L, `11` = 12L, 
    `12` = 18L, `13` = 16L, `14` = 7L, `15` = 5L, `16` = 3L, 
    `17` = 3L, `18` = 4L, `19` = 4L, `20` = 3L, `21` = 1L, `22` = 1L, 
    `24` = 1L, `25` = 1L), .Dim = 24L, .Dimnames = structure(list(
        c("1", "2", "3", "4", "5", "6", "7", "8", "9", "10", 
        "11", "12", "13", "14", "15", "16", "17", "18", "19", 
        "20", "21", "22", "24", "25")), .Names = ""), class = "table"), 
    No.Tag = structure(c(0L, 0L, 89L, 1L, 1L, 0L, 0L, 3L, 0L, 
    0L, 0L, 0L, 0L, 0L, 0L, 0L, 0L, 4L, 0L, 0L), .Dim = 5:4, .Dimnames = structure(list(
        c("-2", "-1", "0", "1", NA), c("A", "G", "T", NA)), .Names = c("", 
    "")), class = "table"), All.Tags = list(Concordant = list(
        Freqs = structure(c(0, 10, 943, 0, 0, 2, 2, 0, 0, 0, 
        0, 0), .Dim = 4:3, .Dimnames = list(c("-2", "-1", "0", 
        "1"), c("A", "G", "T"))), N = 957), Majority = list(Freqs = structure(c(0, 
    11, 978, 0, 0, 2, 2, 0, 0, 0, 0, 0), .Dim = 4:3, .Dimnames = list(
        c("-2", "-1", "0", "1"), c("A", "G", "T"))), N = 993)), 
    `2` = structure(c(0, 7, 771, 0, 0, 0, 0, 0, 0, 0, 0, 0), .Dim = 4:3, .Dimnames = list(
        c("-2", "-1", "0", "1"), c("A", "G", "T"))))))
