Results <-
list(`bwaOutput/20210421msiMNRsJenny/1036_S34.sam` = list(LR36_SNP1 = list(
    All = list(Freqs = structure(c(0L, 0L, 0L, 3L, 0L, 0L, 8L, 
    160L, 706L, 1374L, 10L, 39L, 0L, 6L, 16L, 59L, 0L, 0L), .Dim = c(6L, 
    3L), .Dimnames = structure(list(c("-3", "-2", "-1", "0", 
    "1", NA), c("A", "T", NA)), .Names = c("", "")), class = "table"), 
        N = 2381L), Tag.Distribution = structure(c(`1` = 56L, 
    `2` = 25L, `3` = 21L, `4` = 28L, `5` = 30L, `6` = 24L, `7` = 21L, 
    `8` = 18L, `9` = 20L, `10` = 13L, `11` = 13L, `12` = 7L, 
    `13` = 6L, `14` = 8L, `15` = 7L, `16` = 5L, `17` = 5L, `18` = 5L, 
    `19` = 3L, `20` = 4L, `21` = 4L, `22` = 3L, `23` = 2L, `25` = 1L
    ), .Dim = 24L, .Dimnames = structure(list(c("1", "2", "3", 
    "4", "5", "6", "7", "8", "9", "10", "11", "12", "13", "14", 
    "15", "16", "17", "18", "19", "20", "21", "22", "23", "25"
    )), .Names = ""), class = "table"), No.Tag = structure(c(0L, 
    0L, 0L, 1L, 0L, 0L, 0L, 4L, 13L, 42L, 1L, 6L, 0L, 0L, 1L, 
    2L, 0L, 0L), .Dim = c(6L, 3L), .Dimnames = structure(list(
        c("-3", "-2", "-1", "0", "1", NA), c("A", "T", NA)), .Names = c("", 
    "")), class = "table"), All.Tags = list(Concordant = list(
        Freqs = structure(c(0, 0, 0, 1, 0, 1, 18, 76, 173, 0), .Dim = c(5L, 
        2L), .Dimnames = list(c("-3", "-2", "-1", "0", "1"), 
            c("A", "T"))), N = 269), Majority = list(Freqs = structure(c(0, 
    0, 0, 1, 0, 1, 20, 89, 208, 0), .Dim = c(5L, 2L), .Dimnames = list(
        c("-3", "-2", "-1", "0", "1"), c("A", "T"))), N = 319)), 
    `2` = structure(c(0, 0, 0, 0, 0, 1, 17, 78, 172, 0), .Dim = c(5L, 
    2L), .Dimnames = list(c("-3", "-2", "-1", "0", "1"), c("A", 
    "T"))))))
