Results <-
list(`bwaOutput/20210421msiMNRsJenny/1036_S34.sam` = list(GM07_SNP1 = list(
    All = list(Freqs = structure(c(123L, 161L, 561L, 108L, 6L, 
    25L, 1L, 138L, 772L, 238L, 10L, 43L, 1L, 2L, 19L, 2L, 0L, 
    0L), .Dim = c(6L, 3L), .Dimnames = structure(list(c("-2", 
    "-1", "0", "1", "2", NA), c("A", "G", NA)), .Names = c("", 
    "")), class = "table"), N = 2210L), Tag.Distribution = structure(c(`1` = 59L, 
    `2` = 15L, `3` = 22L, `4` = 21L, `5` = 16L, `6` = 16L, `7` = 20L, 
    `8` = 19L, `9` = 16L, `10` = 14L, `11` = 10L, `12` = 13L, 
    `13` = 10L, `14` = 5L, `15` = 4L, `16` = 5L, `17` = 4L, `18` = 6L, 
    `19` = 4L, `20` = 4L, `21` = 2L, `22` = 2L, `23` = 1L, `24` = 2L, 
    `32` = 1L, `34` = 1L), .Dim = 26L, .Dimnames = structure(list(
        c("1", "2", "3", "4", "5", "6", "7", "8", "9", "10", 
        "11", "12", "13", "14", "15", "16", "17", "18", "19", 
        "20", "21", "22", "23", "24", "32", "34")), .Names = ""), class = "table"), 
    No.Tag = structure(c(1L, 1L, 8L, 0L, 0L, 2L, 0L, 13L, 21L, 
    4L, 0L, 5L, 1L, 0L, 2L, 0L, 0L, 0L), .Dim = c(6L, 3L), .Dimnames = structure(list(
        c("-2", "-1", "0", "1", "2", NA), c("A", "G", NA)), .Names = c("", 
    "")), class = "table"), All.Tags = list(Concordant = list(
        Freqs = structure(c(13, 14, 70, 3, 1, 0, 4, 69, 17, 1
        ), .Dim = c(5L, 2L), .Dimnames = list(c("-2", "-1", "0", 
        "1", "2"), c("A", "G"))), N = 192), Majority = list(Freqs = structure(c(15, 
    18, 93, 9, 1, 0, 8, 99, 34, 1), .Dim = c(5L, 2L), .Dimnames = list(
        c("-2", "-1", "0", "1", "2"), c("A", "G"))), N = 278)), 
    `2` = structure(c(12, 16, 71, 8, 0, 0, 8, 80, 29, 1), .Dim = c(5L, 
    2L), .Dimnames = list(c("-2", "-1", "0", "1", "2"), c("A", 
    "G"))))))
