Results <-
list(`bwaOutput/20210421msiMNRsJenny/1036_S34.sam` = list(LR52_SNP1 = list(
    All = list(Freqs = structure(c(126L, 270L, 370L, 779L, 4L, 
    36L, 0L, 0L, 12L, 28L, 0L, 0L, 0L, 13L, 58L, 320L, 1L, 0L
    ), .Dim = c(6L, 3L), .Dimnames = structure(list(c("-3", "-2", 
    "-1", "0", "1", NA), c("C", "T", NA)), .Names = c("", "")), class = "table"), 
        N = 2017L), Tag.Distribution = structure(c(`1` = 32L, 
    `2` = 24L, `3` = 23L, `4` = 13L, `5` = 16L, `6` = 22L, `7` = 20L, 
    `8` = 18L, `9` = 16L, `10` = 9L, `11` = 9L, `12` = 7L, `13` = 8L, 
    `14` = 11L, `15` = 3L, `16` = 5L, `17` = 8L, `18` = 5L, `19` = 2L, 
    `20` = 1L, `21` = 3L, `22` = 3L, `24` = 1L, `28` = 2L), .Dim = 24L, .Dimnames = structure(list(
        c("1", "2", "3", "4", "5", "6", "7", "8", "9", "10", 
        "11", "12", "13", "14", "15", "16", "17", "18", "19", 
        "20", "21", "22", "24", "28")), .Names = ""), class = "table"), 
    No.Tag = structure(c(1L, 3L, 2L, 5L, 0L, 1L, 0L, 0L, 0L, 
    1L, 0L, 0L, 0L, 0L, 1L, 13L, 0L, 0L), .Dim = c(6L, 3L), .Dimnames = structure(list(
        c("-3", "-2", "-1", "0", "1", NA), c("C", "T", NA)), .Names = c("", 
    "")), class = "table"), All.Tags = list(Concordant = list(
        Freqs = structure(c(9, 28, 26, 72, 0, 0, 0, 0, 3, 0), .Dim = c(5L, 
        2L), .Dimnames = list(c("-3", "-2", "-1", "0", "1"), 
            c("C", "T"))), N = 138), Majority = list(Freqs = structure(c(11, 
    35, 44, 142, 0, 0, 0, 1, 5, 0), .Dim = c(5L, 2L), .Dimnames = list(
        c("-3", "-2", "-1", "0", "1"), c("C", "T"))), N = 238)), 
    `2` = structure(c(11, 32, 39, 130, 0, 0, 0, 1, 4, 0), .Dim = c(5L, 
    2L), .Dimnames = list(c("-3", "-2", "-1", "0", "1"), c("C", 
    "T"))))))
