Results <-
list(`bwaOutput/20210421msiMNRsJenny/1036_S34.sam` = list(LR20_SNP1 = list(
    All = list(Freqs = structure(c(0L, 484L, 599L, 0L, 4L, 1L, 
    12L, 1181L, 4L, 1L, 0L, 0L, 1L, 0L, 0L, 0L, 0L, 9L, 0L, 0L
    ), .Dim = 5:4, .Dimnames = structure(list(c("-3", "-1", "0", 
    "1", NA), c("A", "G", "T", NA)), .Names = c("", "")), class = "table"), 
        N = 2296L), Tag.Distribution = structure(c(`1` = 52L, 
    `2` = 26L, `3` = 39L, `4` = 27L, `5` = 34L, `6` = 31L, `7` = 20L, 
    `8` = 20L, `9` = 19L, `10` = 12L, `11` = 19L, `12` = 15L, 
    `13` = 8L, `14` = 4L, `15` = 7L, `16` = 4L, `17` = 2L, `18` = 1L, 
    `19` = 1L, `20` = 1L, `21` = 1L, `23` = 2L, `25` = 2L, `44` = 1L
    ), .Dim = 24L, .Dimnames = structure(list(c("1", "2", "3", 
    "4", "5", "6", "7", "8", "9", "10", "11", "12", "13", "14", 
    "15", "16", "17", "18", "19", "20", "21", "23", "25", "44"
    )), .Names = ""), class = "table"), No.Tag = structure(c(0L, 
    7L, 8L, 0L, 1L, 0L, 1L, 33L, 0L, 0L, 0L, 0L, 0L, 0L, 0L, 
    0L, 0L, 0L, 0L, 0L), .Dim = 5:4, .Dimnames = structure(list(
        c("-3", "-1", "0", "1", NA), c("A", "G", "T", NA)), .Names = c("", 
    "")), class = "table"), All.Tags = list(Concordant = list(
        Freqs = structure(c(0, 66, 104, 0, 0, 1, 154, 0, 0, 0, 
        0, 0), .Dim = 4:3, .Dimnames = list(c("-3", "-1", "0", 
        "1"), c("A", "G", "T"))), N = 325), Majority = list(Freqs = structure(c(0, 
    72, 107, 0, 0, 1, 164, 0, 0, 0, 0, 0), .Dim = 4:3, .Dimnames = list(
        c("-3", "-1", "0", "1"), c("A", "G", "T"))), N = 344)), 
    `2` = structure(c(0, 64, 85, 0, 0, 1, 145, 0, 0, 0, 0, 0), .Dim = 4:3, .Dimnames = list(
        c("-3", "-1", "0", "1"), c("A", "G", "T"))))))
