Results <-
list(`bwaOutput/20210421msiMNRsJenny/1036_S34.sam` = list(GM17_SNP1 = list(
    All = list(Freqs = structure(c(1L, 27L, 2739L, 7L, 2L, 0L, 
    0L, 5L, 0L, 1L, 0L, 0L, 18L, 0L, 0L), .Dim = c(5L, 3L), .Dimnames = structure(list(
        c("-2", "-1", "0", "1", NA), c("C", "T", NA)), .Names = c("", 
    "")), class = "table"), N = 2800L), Tag.Distribution = structure(c(`1` = 52L, 
    `2` = 25L, `3` = 25L, `4` = 26L, `5` = 27L, `6` = 24L, `7` = 19L, 
    `8` = 19L, `9` = 22L, `10` = 18L, `11` = 9L, `12` = 9L, `13` = 10L, 
    `14` = 5L, `15` = 14L, `16` = 8L, `17` = 9L, `18` = 7L, `19` = 3L, 
    `20` = 2L, `21` = 4L, `22` = 2L, `23` = 5L, `24` = 2L, `25` = 3L
    ), .Dim = 25L, .Dimnames = structure(list(c("1", "2", "3", 
    "4", "5", "6", "7", "8", "9", "10", "11", "12", "13", "14", 
    "15", "16", "17", "18", "19", "20", "21", "22", "23", "24", 
    "25")), .Names = ""), class = "table"), No.Tag = structure(c(0L, 
    0L, 88L, 0L, 0L, 0L, 0L, 0L, 0L, 0L, 0L, 0L, 2L, 0L, 0L), .Dim = c(5L, 
    3L), .Dimnames = structure(list(c("-2", "-1", "0", "1", NA
    ), c("C", "T", NA)), .Names = c("", "")), class = "table"), 
    All.Tags = list(Concordant = list(Freqs = structure(c(0, 
    2, 310, 0, 0, 0, 4, 0), .Dim = c(4L, 2L), .Dimnames = list(
        c("-2", "-1", "0", "1"), c("C", "T"))), N = 316), Majority = list(
        Freqs = structure(c(0, 2, 341, 0, 0, 0, 4, 0), .Dim = c(4L, 
        2L), .Dimnames = list(c("-2", "-1", "0", "1"), c("C", 
        "T"))), N = 347)), `2` = structure(c(0, 0, 296, 0, 0, 
    0, 0, 0), .Dim = c(4L, 2L), .Dimnames = list(c("-2", "-1", 
    "0", "1"), c("C", "T"))))))
