Results <-
list(`bwaOutput/20210421msiMNRsJenny/1039_S35.sam` = list(GM17_SNP1 = list(
    All = list(Freqs = structure(c(1L, 0L, 94L, 1175L, 3L, 1L, 
    1L, 18L, 1286L, 7L, 0L, 0L, 1L, 18L, 0L), .Dim = c(5L, 3L
    ), .Dimnames = structure(list(c("-3", "-2", "-1", "0", "1"
    ), c("C", "T", NA)), .Names = c("", "")), class = "table"), 
        N = 2605L), Tag.Distribution = structure(c(`1` = 58L, 
    `2` = 41L, `3` = 51L, `4` = 51L, `5` = 40L, `6` = 38L, `7` = 31L, 
    `8` = 16L, `9` = 19L, `10` = 18L, `11` = 7L, `12` = 17L, 
    `13` = 9L, `14` = 3L, `15` = 7L, `16` = 6L, `17` = 7L, `19` = 1L, 
    `21` = 4L, `24` = 1L, `25` = 1L, `26` = 1L), .Dim = 22L, .Dimnames = structure(list(
        c("1", "2", "3", "4", "5", "6", "7", "8", "9", "10", 
        "11", "12", "13", "14", "15", "16", "17", "19", "21", 
        "24", "25", "26")), .Names = ""), class = "table"), No.Tag = structure(c(0L, 
    0L, 3L, 29L, 1L, 0L, 0L, 0L, 0L, 12L, 0L, 0L, 0L, 0L, 0L, 
    1L, 0L, 0L), .Dim = c(6L, 3L), .Dimnames = structure(list(
        c("-3", "-2", "-1", "0", "1", NA), c("C", "T", NA)), .Names = c("", 
    "")), class = "table"), All.Tags = list(Concordant = list(
        Freqs = structure(c(0, 0, 14, 174, 0, 0, 0, 0, 185, 0
        ), .Dim = c(5L, 2L), .Dimnames = list(c("-3", "-2", "-1", 
        "0", "1"), c("C", "T"))), N = 373), Majority = list(Freqs = structure(c(0, 
    0, 16, 193, 0, 0, 0, 0, 211, 0), .Dim = c(5L, 2L), .Dimnames = list(
        c("-3", "-2", "-1", "0", "1"), c("C", "T"))), N = 420)), 
    `2` = structure(c(0, 0, 13, 170, 0, 0, 0, 0, 182, 0), .Dim = c(5L, 
    2L), .Dimnames = list(c("-3", "-2", "-1", "0", "1"), c("C", 
    "T"))))))
