Results <-
list(`bwaOutput/20210421msiMNRsJenny/1039_S35.sam` = list(LR36_SNP1 = list(
    All = list(Freqs = structure(c(4L, 45L, 1318L, 16L, 13L, 
    4L, 168L, 1176L, 10L, 16L, 1L, 7L, 66L, 3L, 0L), .Dim = c(5L, 
    3L), .Dimnames = structure(list(c("-2", "-1", "0", "1", NA
    ), c("A", "T", NA)), .Names = c("", "")), class = "table"), 
        N = 2847L), Tag.Distribution = structure(c(`1` = 91L, 
    `2` = 48L, `3` = 49L, `4` = 47L, `5` = 49L, `6` = 39L, `7` = 32L, 
    `8` = 21L, `9` = 24L, `10` = 12L, `11` = 25L, `12` = 16L, 
    `13` = 11L, `14` = 8L, `15` = 7L, `16` = 2L, `18` = 3L, `20` = 1L, 
    `24` = 1L, `25` = 2L, `26` = 1L), .Dim = 21L, .Dimnames = structure(list(
        c("1", "2", "3", "4", "5", "6", "7", "8", "9", "10", 
        "11", "12", "13", "14", "15", "16", "18", "20", "24", 
        "25", "26")), .Names = ""), class = "table"), No.Tag = structure(c(0L, 
    1L, 30L, 1L, 2L, 0L, 6L, 34L, 0L, 3L, 0L, 1L, 6L, 1L, 0L), .Dim = c(5L, 
    3L), .Dimnames = structure(list(c("-2", "-1", "0", "1", NA
    ), c("A", "T", NA)), .Names = c("", "")), class = "table"), 
    All.Tags = list(Concordant = list(Freqs = structure(c(0, 
    3, 187, 1, 0, 22, 180, 0), .Dim = c(4L, 2L), .Dimnames = list(
        c("-2", "-1", "0", "1"), c("A", "T"))), N = 393), Majority = list(
        Freqs = structure(c(0, 4, 230, 2, 0, 26, 221, 0), .Dim = c(4L, 
        2L), .Dimnames = list(c("-2", "-1", "0", "1"), c("A", 
        "T"))), N = 483)), `2` = structure(c(0, 3, 188, 1, 0, 
    20, 182, 0), .Dim = c(4L, 2L), .Dimnames = list(c("-2", "-1", 
    "0", "1"), c("A", "T"))))))
