Results <-
list(`bwaOutput/20210421msiMNRsJenny/1039_S35.sam` = list(GM07_SNP1 = list(
    All = list(Freqs = structure(c(0L, 1L, 2L, 0L, 0L, 2L, 4L, 
    248L, 1743L, 62L, 1L, 33L, 0L, 2L, 27L, 1L, 0L, 0L), .Dim = c(6L, 
    3L), .Dimnames = structure(list(c("-2", "-1", "0", "1", "2", 
    NA), c("A", "G", NA)), .Names = c("", "")), class = "table"), 
        N = 2126L), Tag.Distribution = structure(c(`1` = 59L, 
    `2` = 29L, `3` = 35L, `4` = 31L, `5` = 35L, `6` = 29L, `7` = 28L, 
    `8` = 16L, `9` = 14L, `10` = 11L, `11` = 17L, `12` = 6L, 
    `13` = 5L, `14` = 12L, `15` = 7L, `16` = 5L, `17` = 2L, `18` = 1L, 
    `19` = 3L, `21` = 1L, `22` = 1L), .Dim = 21L, .Dimnames = structure(list(
        c("1", "2", "3", "4", "5", "6", "7", "8", "9", "10", 
        "11", "12", "13", "14", "15", "16", "17", "18", "19", 
        "21", "22")), .Names = ""), class = "table"), No.Tag = structure(c(0L, 
    0L, 0L, 0L, 0L, 0L, 0L, 3L, 33L, 2L, 0L, 1L, 0L, 0L, 3L, 
    0L, 0L, 0L), .Dim = c(6L, 3L), .Dimnames = structure(list(
        c("-2", "-1", "0", "1", "2", NA), c("A", "G", NA)), .Names = c("", 
    "")), class = "table"), All.Tags = list(Concordant = list(
        Freqs = structure(c(0, 1, 2, 0, 0, 0, 33, 205, 3, 0), .Dim = c(5L, 
        2L), .Dimnames = list(c("-2", "-1", "0", "1", "2"), c("A", 
        "G"))), N = 244), Majority = list(Freqs = structure(c(0, 
    1, 2, 0, 0, 0, 37, 293, 4, 0), .Dim = c(5L, 2L), .Dimnames = list(
        c("-2", "-1", "0", "1", "2"), c("A", "G"))), N = 337)), 
    `2` = structure(c(0, 0, 1, 0, 0, 0, 30, 253, 1, 0), .Dim = c(5L, 
    2L), .Dimnames = list(c("-2", "-1", "0", "1", "2"), c("A", 
    "G"))))))
