Results <-
list(`bwaOutput/20210421msiMNRsJenny/1039_S35.sam` = list(GM14_SNP1 = list(
    All = list(Freqs = structure(c(0L, 3L, 87L, 1371L, 57L, 5L, 
    1L, 1L, 44L, 1335L, 6L, 2L, 0L, 0L, 1L, 34L, 0L, 0L), .Dim = c(6L, 
    3L), .Dimnames = structure(list(c("-3", "-2", "-1", "0", 
    "1", NA), c("C", "T", NA)), .Names = c("", "")), class = "table"), 
        N = 2947L), Tag.Distribution = structure(c(`1` = 76L, 
    `2` = 30L, `3` = 38L, `4` = 48L, `5` = 56L, `6` = 34L, `7` = 30L, 
    `8` = 26L, `9` = 31L, `10` = 19L, `11` = 15L, `12` = 10L, 
    `13` = 13L, `14` = 15L, `15` = 8L, `16` = 4L, `17` = 2L, 
    `18` = 1L, `19` = 2L, `20` = 3L, `21` = 1L, `23` = 1L, `30` = 1L
    ), .Dim = 23L, .Dimnames = structure(list(c("1", "2", "3", 
    "4", "5", "6", "7", "8", "9", "10", "11", "12", "13", "14", 
    "15", "16", "17", "18", "19", "20", "21", "23", "30")), .Names = ""), class = "table"), 
    No.Tag = structure(c(0L, 0L, 0L, 12L, 0L, 0L, 0L, 1L, 1L, 
    46L, 0L, 0L, 0L, 0L, 1L, 1L, 0L, 0L), .Dim = c(6L, 3L), .Dimnames = structure(list(
        c("-3", "-2", "-1", "0", "1", NA), c("C", "T", NA)), .Names = c("", 
    "")), class = "table"), All.Tags = list(Concordant = list(
        Freqs = structure(c(0, 0, 5, 168, 7, 1, 0, 3, 183, 0), .Dim = c(5L, 
        2L), .Dimnames = list(c("-3", "-2", "-1", "0", "1"), 
            c("C", "T"))), N = 367), Majority = list(Freqs = structure(c(0, 
    0, 6, 225, 8, 1, 0, 3, 217, 0), .Dim = c(5L, 2L), .Dimnames = list(
        c("-3", "-2", "-1", "0", "1"), c("C", "T"))), N = 460)), 
    `2` = structure(c(0, 0, 4, 195, 6, 0, 0, 2, 180, 0), .Dim = c(5L, 
    2L), .Dimnames = list(c("-3", "-2", "-1", "0", "1"), c("C", 
    "T"))))))
