Results <-
list(`bwaOutput/20210421msiMNRsJenny/1039_S35.sam` = list(IM49_SNP1 = list(
    All = list(Freqs = structure(c(0L, 89L, 1305L, 27L, 2L, 12L, 
    103L, 51L, 1246L, 20L, 0L, 7L, 0L, 0L, 1L, 0L, 0L, 0L, 1L, 
    1L, 105L, 1L, 0L, 0L), .Dim = c(6L, 4L), .Dimnames = structure(list(
        c("-2", "-1", "0", "1", "2", NA), c("C", "G", "T", NA
        )), .Names = c("", "")), class = "table"), N = 2971L), 
    Tag.Distribution = structure(c(`1` = 192L, `2` = 134L, `3` = 104L, 
    `4` = 89L, `5` = 71L, `6` = 41L, `7` = 37L, `8` = 19L, `9` = 17L, 
    `10` = 13L, `11` = 7L, `12` = 8L, `13` = 10L, `14` = 2L, 
    `15` = 2L, `16` = 2L, `17` = 2L, `18` = 2L), .Dim = 18L, .Dimnames = structure(list(
        c("1", "2", "3", "4", "5", "6", "7", "8", "9", "10", 
        "11", "12", "13", "14", "15", "16", "17", "18")), .Names = ""), class = "table"), 
    No.Tag = structure(c(0L, 3L, 45L, 1L, 0L, 2L, 2L, 0L, 26L, 
    1L, 0L, 0L, 0L, 0L, 1L, 0L, 0L, 0L, 0L, 0L, 4L, 0L, 0L, 0L
    ), .Dim = c(6L, 4L), .Dimnames = structure(list(c("-2", "-1", 
    "0", "1", "2", NA), c("C", "G", "T", NA)), .Names = c("", 
    "")), class = "table"), All.Tags = list(Concordant = list(
        Freqs = structure(c(0, 11, 292, 2, 0, 21, 4, 251, 2, 
        0, 0, 0, 0, 0, 0), .Dim = c(5L, 3L), .Dimnames = list(
            c("-2", "-1", "0", "1", "2"), c("C", "G", "T"))), 
        N = 583), Majority = list(Freqs = structure(c(0, 16, 
    337, 2, 0, 28, 4, 312, 2, 0, 0, 0, 0, 0, 0), .Dim = c(5L, 
    3L), .Dimnames = list(c("-2", "-1", "0", "1", "2"), c("C", 
    "G", "T"))), N = 701)), `2` = structure(c(0, 9, 251, 0, 0, 
    24, 1, 249, 1, 0, 0, 0, 0, 0, 0), .Dim = c(5L, 3L), .Dimnames = list(
        c("-2", "-1", "0", "1", "2"), c("C", "G", "T"))))))
