Results <-
list(`bwaOutput/20210421msiMNRsJenny/1039_S35.sam` = list(LR44_SNP1 = list(
    All = list(Freqs = structure(c(0L, 0L, 0L, 8L, 0L, 0L, 0L, 
    0L, 0L, 0L, 0L, 0L, 0L, 0L, 1L, 0L, 0L, 0L, 0L, 0L, 0L, 9L, 
    147L, 191L, 1843L, 16L, 1L, 0L, 0L, 7L, 0L, 0L, 0L, 1L, 0L, 
    0L, 0L, 0L, 0L, 0L, 5L, 0L, 13L, 5L, 27L, 1L, 0L, 1L, 1L, 
    1L, 0L, 0L, 1L, 3L, 40L, 1L, 0L, 0L, 0L, 0L), .Dim = c(10L, 
    6L), .Dimnames = structure(list(c("-4", "-3", "-2", "-1", 
    "0", "1", "2", "4", "6", NA), c("-", "A", "C", "G", "T", 
    NA)), .Names = c("", "")), class = "table"), N = 2323L), 
    Tag.Distribution = structure(c(`1` = 51L, `2` = 30L, `3` = 57L, 
    `4` = 35L, `5` = 43L, `6` = 33L, `7` = 28L, `8` = 20L, `9` = 23L, 
    `10` = 14L, `11` = 10L, `12` = 7L, `13` = 6L, `14` = 8L, 
    `15` = 2L, `16` = 8L, `17` = 1L, `18` = 6L, `19` = 2L, `23` = 1L
    ), .Dim = 20L, .Dimnames = structure(list(c("1", "2", "3", 
    "4", "5", "6", "7", "8", "9", "10", "11", "12", "13", "14", 
    "15", "16", "17", "18", "19", "23")), .Names = ""), class = "table"), 
    No.Tag = structure(c(0L, 0L, 0L, 0L, 0L, 0L, 0L, 0L, 0L, 
    0L, 0L, 0L, 0L, 0L, 0L, 0L, 0L, 0L, 0L, 0L, 0L, 0L, 9L, 1L, 
    42L, 1L, 0L, 0L, 0L, 1L, 0L, 0L, 0L, 0L, 0L, 0L, 0L, 0L, 
    0L, 0L, 0L, 0L, 0L, 0L, 1L, 0L, 0L, 0L, 0L, 0L, 0L, 0L, 0L, 
    0L, 2L, 0L, 0L, 0L, 0L, 0L), .Dim = c(10L, 6L), .Dimnames = structure(list(
        c("-4", "-3", "-2", "-1", "0", "1", "2", "4", "6", NA
        ), c("-", "A", "C", "G", "T", NA)), .Names = c("", ""
    )), class = "table"), All.Tags = list(Concordant = list(Freqs = structure(c(0, 
    0, 0, 1, 0, 0, 0, 0, 0, 0, 0, 0, 0, 0, 0, 0, 0, 0, 0, 1, 
    15, 14, 222, 0, 0, 0, 0, 0, 0, 0, 0, 0, 0, 0, 0, 0, 1, 0, 
    1, 1, 1, 0, 0, 0, 0), .Dim = c(9L, 5L), .Dimnames = list(
        c("-4", "-3", "-2", "-1", "0", "1", "2", "4", "6"), c("-", 
        "A", "C", "G", "T"))), N = 257), Majority = list(Freqs = structure(c(0, 
    0, 0, 1, 0, 0, 0, 0, 0, 0, 0, 0, 0, 0, 0, 0, 0, 0, 0, 1, 
    21, 17, 326, 0, 0, 0, 0, 0, 0, 0, 0, 0, 0, 0, 0, 0, 1, 0, 
    1, 1, 4, 0, 0, 0, 0), .Dim = c(9L, 5L), .Dimnames = list(
        c("-4", "-3", "-2", "-1", "0", "1", "2", "4", "6"), c("-", 
        "A", "C", "G", "T"))), N = 373)), `2` = structure(c(0, 
    0, 0, 1, 0, 0, 0, 0, 0, 0, 0, 0, 0, 0, 0, 0, 0, 0, 0, 1, 
    19, 11, 288, 0, 0, 0, 0, 0, 0, 0, 0, 0, 0, 0, 0, 0, 1, 0, 
    1, 0, 3, 0, 0, 0, 0), .Dim = c(9L, 5L), .Dimnames = list(
        c("-4", "-3", "-2", "-1", "0", "1", "2", "4", "6"), c("-", 
        "A", "C", "G", "T"))))))
