Results <-
list(`bwaOutput/20210421msiMNRsJenny/1039_S35.sam` = list(LR11_SNP1 = list(
    All = list(Freqs = structure(c(0L, 0L, 3L, 0L, 0L, 5L, 187L, 
    2385L, 23L, 10L, 0L, 4L, 62L, 0L, 0L), .Dim = c(5L, 3L), .Dimnames = structure(list(
        c("-2", "-1", "0", "1", NA), c("A", "C", NA)), .Names = c("", 
    "")), class = "table"), N = 2679L), Tag.Distribution = structure(c(`1` = 61L, 
    `2` = 28L, `3` = 28L, `4` = 40L, `5` = 30L, `6` = 28L, `7` = 32L, 
    `8` = 27L, `9` = 18L, `10` = 19L, `11` = 16L, `12` = 24L, 
    `13` = 16L, `14` = 6L, `15` = 5L, `16` = 7L, `17` = 4L, `18` = 1L, 
    `19` = 3L, `20` = 2L, `21` = 1L, `22` = 1L, `23` = 1L), .Dim = 23L, .Dimnames = structure(list(
        c("1", "2", "3", "4", "5", "6", "7", "8", "9", "10", 
        "11", "12", "13", "14", "15", "16", "17", "18", "19", 
        "20", "21", "22", "23")), .Names = ""), class = "table"), 
    No.Tag = structure(c(0L, 0L, 1L, 0L, 0L, 1L, 2L, 11L, 0L, 
    1L, 0L, 0L, 0L, 0L, 0L), .Dim = c(5L, 3L), .Dimnames = structure(list(
        c("-2", "-1", "0", "1", NA), c("A", "C", NA)), .Names = c("", 
    "")), class = "table"), All.Tags = list(Concordant = list(
        Freqs = structure(c(0, 0, 1, 0, 0, 18, 292, 0), .Dim = c(4L, 
        2L), .Dimnames = list(c("-2", "-1", "0", "1"), c("A", 
        "C"))), N = 311), Majority = list(Freqs = structure(c(0, 
    0, 1, 0, 0, 21, 367, 0), .Dim = c(4L, 2L), .Dimnames = list(
        c("-2", "-1", "0", "1"), c("A", "C"))), N = 389)), `2` = structure(c(0, 
    0, 0, 0, 0, 18, 317, 0), .Dim = c(4L, 2L), .Dimnames = list(
        c("-2", "-1", "0", "1"), c("A", "C"))))))
