Results <-
list(`bwaOutput/20210421msiMNRsJenny/1039_S35.sam` = list(LR17_SNP1 = list(
    All = list(Freqs = structure(c(1L, 3L, 259L, 2255L, 32L, 
    1L, 21L, 0L, 0L, 0L, 1L, 0L, 0L, 0L, 0L, 0L, 8L, 92L, 1L, 
    0L, 0L), .Dim = c(7L, 3L), .Dimnames = structure(list(c("-3", 
    "-2", "-1", "0", "1", "2", NA), c("A", "G", NA)), .Names = c("", 
    "")), class = "table"), N = 2674L), Tag.Distribution = structure(c(`1` = 51L, 
    `2` = 23L, `3` = 27L, `4` = 35L, `5` = 36L, `6` = 38L, `7` = 28L, 
    `8` = 14L, `9` = 23L, `10` = 22L, `11` = 28L, `12` = 11L, 
    `13` = 10L, `14` = 13L, `15` = 9L, `16` = 2L, `17` = 1L, 
    `18` = 1L, `19` = 4L, `20` = 2L, `21` = 1L, `22` = 2L, `26` = 1L
    ), .Dim = 23L, .Dimnames = structure(list(c("1", "2", "3", 
    "4", "5", "6", "7", "8", "9", "10", "11", "12", "13", "14", 
    "15", "16", "17", "18", "19", "20", "21", "22", "26")), .Names = ""), class = "table"), 
    No.Tag = structure(c(0L, 0L, 3L, 48L, 0L, 0L, 0L, 0L, 0L, 
    0L, 0L, 0L, 0L, 0L, 0L, 0L, 0L, 1L, 0L, 0L, 0L), .Dim = c(7L, 
    3L), .Dimnames = structure(list(c("-3", "-2", "-1", "0", 
    "1", "2", NA), c("A", "G", NA)), .Names = c("", "")), class = "table"), 
    All.Tags = list(Concordant = list(Freqs = structure(c(0, 
    0, 25, 253, 0, 0, 0, 0, 0, 0, 0, 0), .Dim = c(6L, 2L), .Dimnames = list(
        c("-3", "-2", "-1", "0", "1", "2"), c("A", "G"))), N = 278), 
        Majority = list(Freqs = structure(c(0, 0, 29, 346, 0, 
        0, 0, 0, 0, 0, 0, 0), .Dim = c(6L, 2L), .Dimnames = list(
            c("-3", "-2", "-1", "0", "1", "2"), c("A", "G"))), 
            N = 375)), `2` = structure(c(0, 0, 25, 304, 0, 0, 
    0, 0, 0, 0, 0, 0), .Dim = c(6L, 2L), .Dimnames = list(c("-3", 
    "-2", "-1", "0", "1", "2"), c("A", "G"))))))
