Results <-
list(`bwaOutput/20210421msiMNRsJenny/1039_S35.sam` = list(LR10_SNP1 = list(
    All = list(Freqs = structure(c(0L, 1L, 123L, 896L, 2L, 3L, 
    4L, 76L, 27L, 992L, 2L, 2L, 0L, 0L, 2L, 15L, 0L, 0L), .Dim = c(6L, 
    3L), .Dimnames = structure(list(c("-3", "-2", "-1", "0", 
    "1", NA), c("C", "T", NA)), .Names = c("", "")), class = "table"), 
        N = 2145L), Tag.Distribution = structure(c(`1` = 57L, 
    `2` = 35L, `3` = 42L, `4` = 31L, `5` = 39L, `6` = 28L, `7` = 27L, 
    `8` = 28L, `9` = 18L, `10` = 14L, `11` = 14L, `12` = 7L, 
    `13` = 7L, `14` = 5L, `15` = 5L, `16` = 2L, `17` = 1L, `18` = 2L, 
    `19` = 2L, `20` = 1L, `31` = 1L), .Dim = 21L, .Dimnames = structure(list(
        c("1", "2", "3", "4", "5", "6", "7", "8", "9", "10", 
        "11", "12", "13", "14", "15", "16", "17", "18", "19", 
        "20", "31")), .Names = ""), class = "table"), No.Tag = structure(c(0L, 
    0L, 1L, 17L, 0L, 0L, 0L, 0L, 0L, 23L, 0L, 0L, 0L, 0L, 0L, 
    1L, 0L, 0L), .Dim = c(6L, 3L), .Dimnames = structure(list(
        c("-3", "-2", "-1", "0", "1", NA), c("C", "T", NA)), .Names = c("", 
    "")), class = "table"), All.Tags = list(Concordant = list(
        Freqs = structure(c(0, 0, 14, 126, 0, 0, 15, 4, 155, 
        0), .Dim = c(5L, 2L), .Dimnames = list(c("-3", "-2", 
        "-1", "0", "1"), c("C", "T"))), N = 314), Majority = list(
        Freqs = structure(c(0, 0, 16, 151, 0, 0, 16, 4, 172, 
        0), .Dim = c(5L, 2L), .Dimnames = list(c("-3", "-2", 
        "-1", "0", "1"), c("C", "T"))), N = 359)), `2` = structure(c(0, 
    0, 13, 130, 0, 0, 12, 3, 148, 0), .Dim = c(5L, 2L), .Dimnames = list(
        c("-3", "-2", "-1", "0", "1"), c("C", "T"))))))
