Results <-
list(`bwaOutput/20210421msiMNRsJenny/1039_S35.sam` = list(GM01_SNP1 = list(
    All = list(Freqs = structure(c(1L, 200L, 3041L, 9L, 9L, 0L, 
    0L, 2L, 0L, 0L, 0L, 3L, 27L, 0L, 0L), .Dim = c(5L, 3L), .Dimnames = structure(list(
        c("-2", "-1", "0", "1", NA), c("A", "G", NA)), .Names = c("", 
    "")), class = "table"), N = 3292L), Tag.Distribution = structure(c(`1` = 58L, 
    `2` = 35L, `3` = 43L, `4` = 33L, `5` = 44L, `6` = 38L, `7` = 30L, 
    `8` = 31L, `9` = 31L, `10` = 19L, `11` = 19L, `12` = 14L, 
    `13` = 13L, `14` = 7L, `15` = 14L, `16` = 7L, `17` = 8L, 
    `18` = 2L, `19` = 3L, `20` = 3L, `21` = 3L, `22` = 1L, `23` = 2L, 
    `28` = 2L), .Dim = 24L, .Dimnames = structure(list(c("1", 
    "2", "3", "4", "5", "6", "7", "8", "9", "10", "11", "12", 
    "13", "14", "15", "16", "17", "18", "19", "20", "21", "22", 
    "23", "28")), .Names = ""), class = "table"), No.Tag = structure(c(0L, 
    12L, 71L, 0L, 1L, 0L, 0L, 0L, 0L, 0L, 0L, 0L, 2L, 0L, 0L), .Dim = c(5L, 
    3L), .Dimnames = structure(list(c("-2", "-1", "0", "1", NA
    ), c("A", "G", NA)), .Names = c("", "")), class = "table"), 
    All.Tags = list(Concordant = list(Freqs = structure(c(0, 
    20, 380, 0, 0, 0, 2, 0), .Dim = c(4L, 2L), .Dimnames = list(
        c("-2", "-1", "0", "1"), c("A", "G"))), N = 402), Majority = list(
        Freqs = structure(c(0, 23, 432, 0, 0, 0, 2, 0), .Dim = c(4L, 
        2L), .Dimnames = list(c("-2", "-1", "0", "1"), c("A", 
        "G"))), N = 457)), `2` = structure(c(0, 18, 383, 0, 0, 
    0, 0, 0), .Dim = c(4L, 2L), .Dimnames = list(c("-2", "-1", 
    "0", "1"), c("A", "G"))))))
