Results <-
list(`bwaOutput/20210421msiMNRsJenny/1039_S35.sam` = list(GM09_SNP1 = list(
    All = list(Freqs = structure(c(34L, 4606L, 10L, 2L, 0L, 24L, 
    0L, 0L, 0L, 33L, 0L, 0L), .Dim = 4:3, .Dimnames = structure(list(
        c("-1", "0", "1", NA), c("A", "G", NA)), .Names = c("", 
    "")), class = "table"), N = 4709L), Tag.Distribution = structure(c(`1` = 118L, 
    `2` = 70L, `3` = 84L, `4` = 78L, `5` = 78L, `6` = 57L, `7` = 50L, 
    `8` = 31L, `9` = 31L, `10` = 31L, `11` = 23L, `12` = 14L, 
    `13` = 23L, `14` = 17L, `15` = 11L, `16` = 12L, `17` = 4L, 
    `18` = 3L, `19` = 6L, `20` = 5L, `22` = 3L, `23` = 2L, `24` = 1L, 
    `25` = 1L, `27` = 1L, `29` = 1L, `36` = 1L), .Dim = 27L, .Dimnames = structure(list(
        c("1", "2", "3", "4", "5", "6", "7", "8", "9", "10", 
        "11", "12", "13", "14", "15", "16", "17", "18", "19", 
        "20", "22", "23", "24", "25", "27", "29", "36")), .Names = ""), class = "table"), 
    No.Tag = structure(c(1L, 55L, 0L, 2L, 0L, 1L, 0L, 0L, 0L, 
    5L, 0L, 0L), .Dim = 4:3, .Dimnames = structure(list(c("-1", 
    "0", "1", NA), c("A", "G", NA)), .Names = c("", "")), class = "table"), 
    All.Tags = list(Concordant = list(Freqs = structure(c(2, 
    696, 0, 0, 10, 0), .Dim = 3:2, .Dimnames = list(c("-1", "0", 
    "1"), c("A", "G"))), N = 708), Majority = list(Freqs = structure(c(2, 
    733, 0, 0, 10, 0), .Dim = 3:2, .Dimnames = list(c("-1", "0", 
    "1"), c("A", "G"))), N = 745)), `2` = structure(c(0, 635, 
    0, 0, 2, 0), .Dim = 3:2, .Dimnames = list(c("-1", "0", "1"
    ), c("A", "G"))))))
