Results <-
list(`bwaOutput/20210421msiMNRsJenny/1039_S35.sam` = list(DEPDC2_SNP1 = list(
    All = list(Freqs = structure(c(0L, 0L, 1L, 0L, 0L, 0L, 0L, 
    1L, 0L, 0L, 1L, 323L, 4254L, 20L, 22L, 0L, 0L, 20L, 0L, 0L
    ), .Dim = 5:4, .Dimnames = structure(list(c("-2", "-1", "0", 
    "1", NA), c("A", "C", "T", NA)), .Names = c("", "")), class = "table"), 
        N = 4642L), Tag.Distribution = structure(c(`1` = 142L, 
    `2` = 94L, `3` = 110L, `4` = 100L, `5` = 81L, `6` = 72L, 
    `7` = 61L, `8` = 40L, `9` = 34L, `10` = 38L, `11` = 21L, 
    `12` = 14L, `13` = 15L, `14` = 9L, `15` = 5L, `16` = 7L, 
    `17` = 2L, `18` = 4L, `19` = 3L, `20` = 3L, `21` = 1L, `24` = 1L, 
    `27` = 1L, `30` = 1L), .Dim = 24L, .Dimnames = structure(list(
        c("1", "2", "3", "4", "5", "6", "7", "8", "9", "10", 
        "11", "12", "13", "14", "15", "16", "17", "18", "19", 
        "20", "21", "24", "27", "30")), .Names = ""), class = "table"), 
    No.Tag = structure(c(0L, 0L, 0L, 0L, 0L, 0L, 0L, 0L, 0L, 
    0L, 0L, 1L, 76L, 0L, 2L, 0L, 0L, 1L, 0L, 0L), .Dim = 5:4, .Dimnames = structure(list(
        c("-2", "-1", "0", "1", NA), c("A", "C", "T", NA)), .Names = c("", 
    "")), class = "table"), All.Tags = list(Concordant = list(
        Freqs = structure(c(0, 0, 0, 0, 0, 0, 1, 0, 0, 41, 746, 
        0), .Dim = 4:3, .Dimnames = list(c("-2", "-1", "0", "1"
        ), c("A", "C", "T"))), N = 788), Majority = list(Freqs = structure(c(0, 
    0, 0, 0, 0, 0, 1, 0, 0, 48, 799, 0), .Dim = 4:3, .Dimnames = list(
        c("-2", "-1", "0", "1"), c("A", "C", "T"))), N = 848)), 
    `2` = structure(c(0, 0, 0, 0, 0, 0, 0, 0, 0, 43, 670, 0), .Dim = 4:3, .Dimnames = list(
        c("-2", "-1", "0", "1"), c("A", "C", "T"))))))
