Results <-
list(`bwaOutput/20210421msiMNRsJenny/1047_S37.sam` = list(LR24_SNP1 = list(
    All = list(Freqs = structure(c(0L, 0L, 0L, 31L, 0L, 1L, 1L, 
    2L, 80L, 6803L, 22L, 5L, 0L, 0L, 0L, 37L, 0L, 0L), .Dim = c(6L, 
    3L), .Dimnames = structure(list(c("-3", "-2", "-1", "0", 
    "1", NA), c("A", "G", NA)), .Names = c("", "")), class = "table"), 
        N = 6982L), Tag.Distribution = structure(c(`1` = 693L, 
    `2` = 492L, `3` = 319L, `4` = 246L, `5` = 173L, `6` = 94L, 
    `7` = 72L, `8` = 53L, `9` = 23L, `10` = 7L, `11` = 10L, `12` = 8L, 
    `13` = 5L, `14` = 8L, `15` = 4L, `16` = 1L, `17` = 1L, `18` = 2L, 
    `19` = 1L, `21` = 1L), .Dim = 20L, .Dimnames = structure(list(
        c("1", "2", "3", "4", "5", "6", "7", "8", "9", "10", 
        "11", "12", "13", "14", "15", "16", "17", "18", "19", 
        "21")), .Names = ""), class = "table"), No.Tag = structure(c(0L, 
    0L, 0L, 2L, 0L, 0L, 0L, 0L, 2L, 172L, 0L, 0L, 0L, 0L, 0L, 
    2L, 0L, 0L), .Dim = c(6L, 3L), .Dimnames = structure(list(
        c("-3", "-2", "-1", "0", "1", NA), c("A", "G", NA)), .Names = c("", 
    "")), class = "table"), All.Tags = list(Concordant = list(
        Freqs = structure(c(0, 0, 0, 8, 0, 0, 0, 12, 2105, 2), .Dim = c(5L, 
        2L), .Dimnames = list(c("-3", "-2", "-1", "0", "1"), 
            c("A", "G"))), N = 2127), Majority = list(Freqs = structure(c(0, 
    0, 0, 8, 0, 0, 0, 16, 2158, 2), .Dim = c(5L, 2L), .Dimnames = list(
        c("-3", "-2", "-1", "0", "1"), c("A", "G"))), N = 2184)), 
    `2` = structure(c(0, 0, 0, 3, 0, 0, 0, 7, 1493, 2), .Dim = c(5L, 
    2L), .Dimnames = list(c("-3", "-2", "-1", "0", "1"), c("A", 
    "G"))))))
