Results <-
list(`bwaOutput/20210421msiMNRsJenny/1047_S37.sam` = list(LR52_SNP1 = list(
    All = list(Freqs = structure(c(0L, 54L, 462L, 388L, 108L, 
    390L, 5L, 217L, 3L, 81L, 392L, 357L, 994L, 16L, 0L, 25L, 
    0L, 0L, 7L, 49L, 65L, 103L, 3L, 0L), .Dim = c(8L, 3L), .Dimnames = structure(list(
        c("-4", "-3", "-2", "-1", "0", "1", "2", NA), c("C", 
        "T", NA)), .Names = c("", "")), class = "table"), N = 3719L), 
    Tag.Distribution = structure(c(`1` = 197L, `2` = 185L, `3` = 155L, 
    `4` = 106L, `5` = 92L, `6` = 74L, `7` = 50L, `8` = 31L, `9` = 18L, 
    `10` = 10L, `11` = 9L, `12` = 2L, `13` = 3L, `14` = 7L, `15` = 3L, 
    `16` = 2L, `17` = 1L, `24` = 1L), .Dim = 18L, .Dimnames = structure(list(
        c("1", "2", "3", "4", "5", "6", "7", "8", "9", "10", 
        "11", "12", "13", "14", "15", "16", "17", "24")), .Names = ""), class = "table"), 
    No.Tag = structure(c(0L, 0L, 23L, 11L, 5L, 27L, 1L, 7L, 0L, 
    1L, 16L, 5L, 17L, 0L, 0L, 1L, 0L, 0L, 0L, 1L, 2L, 4L, 0L, 
    0L), .Dim = c(8L, 3L), .Dimnames = structure(list(c("-4", 
    "-3", "-2", "-1", "0", "1", "2", NA), c("C", "T", NA)), .Names = c("", 
    "")), class = "table"), All.Tags = list(Concordant = list(
        Freqs = structure(c(0, 6, 71, 78, 21, 121, 0, 1, 15, 
        76, 51, 167, 0, 0), .Dim = c(7L, 2L), .Dimnames = list(
            c("-4", "-3", "-2", "-1", "0", "1", "2"), c("C", 
            "T"))), N = 607), Majority = list(Freqs = structure(c(0, 
    7, 100, 111, 27, 153, 0, 1, 17, 98, 76, 248, 0, 0), .Dim = c(7L, 
    2L), .Dimnames = list(c("-4", "-3", "-2", "-1", "0", "1", 
    "2"), c("C", "T"))), N = 838)), `2` = structure(c(0, 7, 82, 
    82, 17, 119, 0, 1, 14, 80, 57, 213, 0, 0), .Dim = c(7L, 2L
    ), .Dimnames = list(c("-4", "-3", "-2", "-1", "0", "1", "2"
    ), c("C", "T"))))))
