Results <-
list(`bwaOutput/20210421msiMNRsJenny/1047_S37.sam` = list(GM29_SNP1 = list(
    All = list(Freqs = structure(c(1L, 82L, 3216L, 11L, 3L, 0L, 
    0L, 1L, 0L, 0L, 0L, 0L, 2L, 0L, 0L, 0L, 1L, 22L, 0L, 0L), .Dim = 5:4, .Dimnames = structure(list(
        c("-2", "-1", "0", "1", NA), c("A", "G", "T", NA)), .Names = c("", 
    "")), class = "table"), N = 3339L), Tag.Distribution = structure(c(`1` = 186L, 
    `2` = 154L, `3` = 118L, `4` = 82L, `5` = 51L, `6` = 52L, 
    `7` = 36L, `8` = 28L, `9` = 18L, `10` = 19L, `11` = 15L, 
    `12` = 5L, `13` = 7L, `14` = 5L, `15` = 1L, `16` = 3L, `17` = 2L, 
    `19` = 1L, `20` = 1L, `22` = 4L, `23` = 1L, `24` = 1L, `28` = 1L
    ), .Dim = 23L, .Dimnames = structure(list(c("1", "2", "3", 
    "4", "5", "6", "7", "8", "9", "10", "11", "12", "13", "14", 
    "15", "16", "17", "19", "20", "22", "23", "24", "28")), .Names = ""), class = "table"), 
    No.Tag = structure(c(0L, 5L, 76L, 0L, 0L, 0L, 0L, 0L, 0L, 
    0L, 0L, 0L, 0L, 0L, 0L, 0L, 0L, 2L, 0L, 0L), .Dim = 5:4, .Dimnames = structure(list(
        c("-2", "-1", "0", "1", NA), c("A", "G", "T", NA)), .Names = c("", 
    "")), class = "table"), All.Tags = list(Concordant = list(
        Freqs = structure(c(0, 6, 720, 1, 0, 0, 0, 0, 0, 0, 1, 
        0), .Dim = 4:3, .Dimnames = list(c("-2", "-1", "0", "1"
        ), c("A", "G", "T"))), N = 728), Majority = list(Freqs = structure(c(0, 
    8, 771, 1, 0, 0, 0, 0, 0, 0, 1, 0), .Dim = 4:3, .Dimnames = list(
        c("-2", "-1", "0", "1"), c("A", "G", "T"))), N = 781)), 
    `2` = structure(c(0, 6, 593, 1, 0, 0, 0, 0, 0, 0, 0, 0), .Dim = 4:3, .Dimnames = list(
        c("-2", "-1", "0", "1"), c("A", "G", "T"))))))
