Results <-
list(`bwaOutput/20210421msiMNRsJenny/1047_S37.sam` = list(LR36_SNP1 = list(
    All = list(Freqs = structure(c(0L, 0L, 0L, 0L, 10L, 0L, 0L, 
    1L, 1L, 21L, 624L, 294L, 2271L, 103L, 1L, 43L, 0L, 0L, 8L, 
    13L, 108L, 7L, 0L, 0L), .Dim = c(8L, 3L), .Dimnames = structure(list(
        c("-4", "-3", "-2", "-1", "0", "1", "2", NA), c("A", 
        "T", NA)), .Names = c("", "")), class = "table"), N = 3505L), 
    Tag.Distribution = structure(c(`1` = 254L, `2` = 219L, `3` = 165L, 
    `4` = 125L, `5` = 82L, `6` = 46L, `7` = 40L, `8` = 21L, `9` = 21L, 
    `10` = 16L, `11` = 2L, `12` = 5L, `13` = 5L, `14` = 1L, `15` = 2L, 
    `16` = 1L, `19` = 1L), .Dim = 17L, .Dimnames = structure(list(
        c("1", "2", "3", "4", "5", "6", "7", "8", "9", "10", 
        "11", "12", "13", "14", "15", "16", "19")), .Names = ""), class = "table"), 
    No.Tag = structure(c(0L, 0L, 0L, 0L, 1L, 0L, 0L, 0L, 0L, 
    0L, 15L, 6L, 65L, 4L, 0L, 7L, 0L, 0L, 1L, 1L, 7L, 2L, 0L, 
    0L), .Dim = c(8L, 3L), .Dimnames = structure(list(c("-4", 
    "-3", "-2", "-1", "0", "1", "2", NA), c("A", "T", NA)), .Names = c("", 
    "")), class = "table"), All.Tags = list(Concordant = list(
        Freqs = structure(c(0, 0, 0, 0, 4, 0, 0, 0, 6, 170, 59, 
        580, 18, 0), .Dim = c(7L, 2L), .Dimnames = list(c("-4", 
        "-3", "-2", "-1", "0", "1", "2"), c("A", "T"))), N = 837), 
        Majority = list(Freqs = structure(c(0, 0, 0, 0, 4, 0, 
        0, 0, 6, 190, 72, 656, 23, 0), .Dim = c(7L, 2L), .Dimnames = list(
            c("-4", "-3", "-2", "-1", "0", "1", "2"), c("A", 
            "T"))), N = 951)), `2` = structure(c(0, 0, 0, 0, 
    0, 0, 0, 0, 5, 147, 53, 494, 16, 0), .Dim = c(7L, 2L), .Dimnames = list(
        c("-4", "-3", "-2", "-1", "0", "1", "2"), c("A", "T"))))))
