Results <-
list(`bwaOutput/20210421msiMNRsJenny/1047_S37.sam` = list(DEPDC2_SNP1 = list(
    All = list(Freqs = structure(c(0L, 0L, 1L, 0L, 0L, 0L, 0L, 
    0L, 4L, 0L, 0L, 0L, 4L, 361L, 7947L, 262L, 2L, 121L, 0L, 
    0L, 48L, 1L, 0L, 0L), .Dim = c(6L, 4L), .Dimnames = structure(list(
        c("-2", "-1", "0", "1", "2", NA), c("A", "C", "T", NA
        )), .Names = c("", "")), class = "table"), N = 8751L), 
    Tag.Distribution = structure(c(`1` = 454L, `2` = 369L, `3` = 317L, 
    `4` = 261L, `5` = 197L, `6` = 145L, `7` = 97L, `8` = 84L, 
    `9` = 50L, `10` = 36L, `11` = 30L, `12` = 20L, `13` = 20L, 
    `14` = 7L, `15` = 4L, `16` = 6L, `17` = 2L, `18` = 4L, `19` = 2L, 
    `21` = 1L, `22` = 1L, `23` = 1L, `24` = 3L, `25` = 1L, `26` = 2L
    ), .Dim = 25L, .Dimnames = structure(list(c("1", "2", "3", 
    "4", "5", "6", "7", "8", "9", "10", "11", "12", "13", "14", 
    "15", "16", "17", "18", "19", "21", "22", "23", "24", "25", 
    "26")), .Names = ""), class = "table"), No.Tag = structure(c(0L, 
    0L, 0L, 0L, 0L, 0L, 0L, 0L, 0L, 0L, 0L, 0L, 0L, 4L, 86L, 
    4L, 0L, 5L, 0L, 0L, 5L, 1L, 0L, 0L), .Dim = c(6L, 4L), .Dimnames = structure(list(
        c("-2", "-1", "0", "1", "2", NA), c("A", "C", "T", NA
        )), .Names = c("", "")), class = "table"), All.Tags = list(
        Concordant = list(Freqs = structure(c(0, 0, 0, 0, 0, 
        0, 0, 1, 0, 0, 2, 38, 1786, 30, 0), .Dim = c(5L, 3L), .Dimnames = list(
            c("-2", "-1", "0", "1", "2"), c("A", "C", "T"))), 
            N = 1857), Majority = list(Freqs = structure(c(0, 
        0, 0, 0, 0, 0, 0, 1, 0, 0, 2, 52, 1958, 43, 0), .Dim = c(5L, 
        3L), .Dimnames = list(c("-2", "-1", "0", "1", "2"), c("A", 
        "C", "T"))), N = 2056)), `2` = structure(c(0, 0, 0, 0, 
    0, 0, 0, 0, 0, 0, 1, 40, 1543, 34, 0), .Dim = c(5L, 3L), .Dimnames = list(
        c("-2", "-1", "0", "1", "2"), c("A", "C", "T"))))))
