Results <-
list(`bwaOutput/20210421msiMNRsJenny/1047_S37.sam` = list(LR11_SNP1 = list(
    All = list(Freqs = structure(c(1L, 6L, 379L, 3800L, 41L, 
    1L, 24L, 0L, 0L, 0L, 8L, 0L, 0L, 0L, 0L, 0L, 0L, 1L, 0L, 
    0L, 0L, 0L, 0L, 1L, 31L, 0L, 0L, 0L), .Dim = c(7L, 4L), .Dimnames = structure(list(
        c("-3", "-2", "-1", "0", "1", "2", NA), c("A", "C", "T", 
        NA)), .Names = c("", "")), class = "table"), N = 4293L), 
    Tag.Distribution = structure(c(`1` = 203L, `2` = 167L, `3` = 157L, 
    `4` = 158L, `5` = 108L, `6` = 95L, `7` = 56L, `8` = 33L, 
    `9` = 29L, `10` = 12L, `11` = 10L, `12` = 10L, `13` = 5L, 
    `14` = 4L, `15` = 4L, `16` = 1L, `17` = 2L), .Dim = 17L, .Dimnames = structure(list(
        c("1", "2", "3", "4", "5", "6", "7", "8", "9", "10", 
        "11", "12", "13", "14", "15", "16", "17")), .Names = ""), class = "table"), 
    No.Tag = structure(c(0L, 0L, 1L, 39L, 0L, 0L, 4L, 0L, 0L, 
    0L, 0L, 0L, 0L, 0L, 0L, 0L, 0L, 0L, 0L, 0L, 0L, 0L, 0L, 0L, 
    1L, 0L, 0L, 0L), .Dim = c(7L, 4L), .Dimnames = structure(list(
        c("-3", "-2", "-1", "0", "1", "2", NA), c("A", "C", "T", 
        NA)), .Names = c("", "")), class = "table"), All.Tags = list(
        Concordant = list(Freqs = structure(c(0, 1, 57, 833, 
        4, 0, 0, 0, 0, 1, 0, 0, 0, 0, 0, 0, 0, 0), .Dim = c(6L, 
        3L), .Dimnames = list(c("-3", "-2", "-1", "0", "1", "2"
        ), c("A", "C", "T"))), N = 896), Majority = list(Freqs = structure(c(0, 
        1, 68, 957, 5, 0, 0, 0, 0, 2, 0, 0, 0, 0, 0, 0, 0, 0), .Dim = c(6L, 
        3L), .Dimnames = list(c("-3", "-2", "-1", "0", "1", "2"
        ), c("A", "C", "T"))), N = 1033)), `2` = structure(c(0, 
    0, 55, 774, 2, 0, 0, 0, 0, 1, 0, 0, 0, 0, 0, 0, 0, 0), .Dim = c(6L, 
    3L), .Dimnames = list(c("-3", "-2", "-1", "0", "1", "2"), 
        c("A", "C", "T"))))))
