Results <-
list(`bwaOutput/20210421msiMNRsJenny/1047_S37.sam` = list(LR46_SNP1 = list(
    All = list(Freqs = structure(c(0L, 1L, 22L, 1898L, 4L, 4L, 
    1L, 0L, 14L, 1805L, 5L, 4L, 0L, 0L, 1L, 24L, 0L, 0L), .Dim = c(6L, 
    3L), .Dimnames = structure(list(c("-3", "-2", "-1", "0", 
    "1", NA), c("G", "T", NA)), .Names = c("", "")), class = "table"), 
        N = 3783L), Tag.Distribution = structure(c(`1` = 185L, 
    `2` = 178L, `3` = 169L, `4` = 135L, `5` = 86L, `6` = 54L, 
    `7` = 43L, `8` = 32L, `9` = 18L, `10` = 16L, `11` = 13L, 
    `12` = 8L, `13` = 1L, `14` = 3L, `15` = 4L, `16` = 2L, `18` = 1L, 
    `19` = 1L, `20` = 1L, `25` = 1L), .Dim = 20L, .Dimnames = structure(list(
        c("1", "2", "3", "4", "5", "6", "7", "8", "9", "10", 
        "11", "12", "13", "14", "15", "16", "18", "19", "20", 
        "25")), .Names = ""), class = "table"), No.Tag = structure(c(0L, 
    0L, 0L, 47L, 0L, 0L, 0L, 0L, 1L, 45L, 0L, 1L, 0L, 0L, 0L, 
    0L, 0L, 0L), .Dim = c(6L, 3L), .Dimnames = structure(list(
        c("-3", "-2", "-1", "0", "1", NA), c("G", "T", NA)), .Names = c("", 
    "")), class = "table"), All.Tags = list(Concordant = list(
        Freqs = structure(c(0, 0, 3, 407, 0, 0, 0, 2, 418, 0), .Dim = c(5L, 
        2L), .Dimnames = list(c("-3", "-2", "-1", "0", "1"), 
            c("G", "T"))), N = 830), Majority = list(Freqs = structure(c(0, 
    0, 4, 455, 0, 0, 0, 2, 468, 0), .Dim = c(5L, 2L), .Dimnames = list(
        c("-3", "-2", "-1", "0", "1"), c("G", "T"))), N = 929)), 
    `2` = structure(c(0, 0, 3, 367, 0, 0, 0, 0, 376, 0), .Dim = c(5L, 
    2L), .Dimnames = list(c("-3", "-2", "-1", "0", "1"), c("G", 
    "T"))))))
