Results <-
list(`bwaOutput/20210421msiMNRsJenny/1047_S37.sam` = list(GM26_SNP1 = list(
    All = list(Freqs = structure(c(1L, 31L, 2033L, 3L, 6L, 0L, 
    13L, 1786L, 5L, 0L, 0L, 0L, 3L, 0L, 0L, 0L, 0L, 45L, 0L, 
    0L), .Dim = 5:4, .Dimnames = structure(list(c("-2", "-1", 
    "0", "1", NA), c("A", "G", "T", NA)), .Names = c("", "")), class = "table"), 
        N = 3926L), Tag.Distribution = structure(c(`1` = 227L, 
    `2` = 211L, `3` = 162L, `4` = 127L, `5` = 94L, `6` = 70L, 
    `7` = 29L, `8` = 35L, `9` = 25L, `10` = 14L, `11` = 12L, 
    `12` = 11L, `13` = 3L, `14` = 2L, `15` = 3L, `16` = 2L, `17` = 1L, 
    `18` = 1L, `21` = 1L), .Dim = 19L, .Dimnames = structure(list(
        c("1", "2", "3", "4", "5", "6", "7", "8", "9", "10", 
        "11", "12", "13", "14", "15", "16", "17", "18", "21")), .Names = ""), class = "table"), 
    No.Tag = structure(c(0L, 0L, 50L, 1L, 2L, 0L, 0L, 27L, 0L, 
    0L, 0L, 0L, 0L, 0L, 0L, 0L, 0L, 1L, 0L, 0L), .Dim = 5:4, .Dimnames = structure(list(
        c("-2", "-1", "0", "1", NA), c("A", "G", "T", NA)), .Names = c("", 
    "")), class = "table"), All.Tags = list(Concordant = list(
        Freqs = structure(c(0, 3, 473, 0, 0, 1, 417, 0, 0, 0, 
        1, 0), .Dim = 4:3, .Dimnames = list(c("-2", "-1", "0", 
        "1"), c("A", "G", "T"))), N = 895), Majority = list(Freqs = structure(c(0, 
    3, 534, 0, 0, 1, 461, 0, 0, 0, 1, 0), .Dim = 4:3, .Dimnames = list(
        c("-2", "-1", "0", "1"), c("A", "G", "T"))), N = 1000)), 
    `2` = structure(c(0, 2, 410, 0, 0, 0, 368, 0, 0, 0, 1, 0), .Dim = 4:3, .Dimnames = list(
        c("-2", "-1", "0", "1"), c("A", "G", "T"))))))
