Results <-
list(`bwaOutput/20210421msiMNRsJenny/1047_S37.sam` = list(LR10_SNP1 = list(
    All = list(Freqs = structure(c(2L, 501L, 1483L, 36L, 1L, 
    9L, 0L, 55L, 2013L, 10L, 0L, 2L, 0L, 3L, 39L, 1L, 0L, 0L), .Dim = c(6L, 
    3L), .Dimnames = structure(list(c("-2", "-1", "0", "1", "2", 
    NA), c("C", "T", NA)), .Names = c("", "")), class = "table"), 
        N = 4155L), Tag.Distribution = structure(c(`1` = 267L, 
    `2` = 218L, `3` = 176L, `4` = 151L, `5` = 93L, `6` = 67L, 
    `7` = 49L, `8` = 26L, `9` = 23L, `10` = 12L, `11` = 12L, 
    `12` = 14L, `13` = 4L, `14` = 4L, `15` = 1L, `16` = 1L, `18` = 3L, 
    `22` = 1L), .Dim = 18L, .Dimnames = structure(list(c("1", 
    "2", "3", "4", "5", "6", "7", "8", "9", "10", "11", "12", 
    "13", "14", "15", "16", "18", "22")), .Names = ""), class = "table"), 
    No.Tag = structure(c(0L, 5L, 15L, 2L, 0L, 1L, 0L, 0L, 32L, 
    2L, 0L, 0L, 0L, 0L, 3L, 0L, 0L, 0L), .Dim = c(6L, 3L), .Dimnames = structure(list(
        c("-2", "-1", "0", "1", "2", NA), c("C", "T", NA)), .Names = c("", 
    "")), class = "table"), All.Tags = list(Concordant = list(
        Freqs = structure(c(1, 107, 323, 7, 0, 0, 5, 450, 1, 
        0), .Dim = c(5L, 2L), .Dimnames = list(c("-2", "-1", 
        "0", "1", "2"), c("C", "T"))), N = 894), Majority = list(
        Freqs = structure(c(1, 130, 398, 9, 0, 0, 7, 538, 1, 
        0), .Dim = c(5L, 2L), .Dimnames = list(c("-2", "-1", 
        "0", "1", "2"), c("C", "T"))), N = 1084)), `2` = structure(c(0, 
    102, 298, 6, 0, 0, 3, 416, 0, 0), .Dim = c(5L, 2L), .Dimnames = list(
        c("-2", "-1", "0", "1", "2"), c("C", "T"))))))
