Results <-
list(`bwaOutput/20210421msiMNRsJenny/1047_S37.sam` = list(GM14_SNP1 = list(
    All = list(Freqs = structure(c(0L, 0L, 1L, 0L, 0L, 40L, 1148L, 
    3189L, 49L, 16L, 0L, 1L, 2L, 0L, 0L, 0L, 0L, 37L, 1L, 0L), .Dim = 5:4, .Dimnames = structure(list(
        c("-2", "-1", "0", "1", NA), c("-", "C", "T", NA)), .Names = c("", 
    "")), class = "table"), N = 4484L), Tag.Distribution = structure(c(`1` = 239L, 
    `2` = 222L, `3` = 162L, `4` = 140L, `5` = 116L, `6` = 82L, 
    `7` = 50L, `8` = 34L, `9` = 29L, `10` = 22L, `11` = 11L, 
    `12` = 9L, `13` = 7L, `14` = 6L, `15` = 1L, `16` = 1L, `17` = 1L
    ), .Dim = 17L, .Dimnames = structure(list(c("1", "2", "3", 
    "4", "5", "6", "7", "8", "9", "10", "11", "12", "13", "14", 
    "15", "16", "17")), .Names = ""), class = "table"), No.Tag = structure(c(0L, 
    0L, 0L, 0L, 0L, 2L, 14L, 105L, 0L, 2L, 0L, 0L, 0L, 0L, 0L, 
    0L, 0L, 5L, 0L, 0L), .Dim = 5:4, .Dimnames = structure(list(
        c("-2", "-1", "0", "1", NA), c("-", "C", "T", NA)), .Names = c("", 
    "")), class = "table"), All.Tags = list(Concordant = list(
        Freqs = structure(c(0, 0, 0, 0, 6, 232, 685, 3, 0, 0, 
        2, 0), .Dim = 4:3, .Dimnames = list(c("-2", "-1", "0", 
        "1"), c("-", "C", "T"))), N = 928), Majority = list(Freqs = structure(c(0, 
    0, 0, 0, 7, 270, 811, 4, 0, 0, 2, 0), .Dim = 4:3, .Dimnames = list(
        c("-2", "-1", "0", "1"), c("-", "C", "T"))), N = 1094)), 
    `2` = structure(c(0, 0, 0, 0, 2, 211, 644, 3, 0, 0, 0, 0), .Dim = 4:3, .Dimnames = list(
        c("-2", "-1", "0", "1"), c("-", "C", "T"))))))
