Results <-
list(`bwaOutput/20210421msiMNRsJenny/1047_S37.sam` = list(GM07_SNP1 = list(
    All = list(Freqs = structure(c(0L, 0L, 1L, 0L, 0L, 0L, 91L, 
    906L, 2759L, 103L, 7L, 72L, 0L, 2L, 1L, 0L, 0L, 0L, 1L, 3L, 
    29L, 1L, 0L, 0L), .Dim = c(6L, 4L), .Dimnames = structure(list(
        c("-2", "-1", "0", "1", "2", NA), c("-", "A", "G", NA
        )), .Names = c("", "")), class = "table"), N = 3976L), 
    Tag.Distribution = structure(c(`1` = 235L, `2` = 183L, `3` = 162L, 
    `4` = 137L, `5` = 78L, `6` = 72L, `7` = 49L, `8` = 41L, `9` = 26L, 
    `10` = 12L, `11` = 12L, `12` = 7L, `13` = 4L, `14` = 4L, 
    `15` = 1L, `16` = 1L, `18` = 1L, `20` = 1L), .Dim = 18L, .Dimnames = structure(list(
        c("1", "2", "3", "4", "5", "6", "7", "8", "9", "10", 
        "11", "12", "13", "14", "15", "16", "18", "20")), .Names = ""), class = "table"), 
    No.Tag = structure(c(0L, 0L, 0L, 0L, 0L, 0L, 9L, 27L, 59L, 
    0L, 0L, 4L, 0L, 0L, 0L, 0L, 0L, 0L, 0L, 0L, 2L, 0L, 0L, 0L
    ), .Dim = c(6L, 4L), .Dimnames = structure(list(c("-2", "-1", 
    "0", "1", "2", NA), c("-", "A", "G", NA)), .Names = c("", 
    "")), class = "table"), All.Tags = list(Concordant = list(
        Freqs = structure(c(0, 0, 0, 0, 0, 8, 175, 553, 7, 0, 
        0, 2, 1, 0, 0), .Dim = c(5L, 3L), .Dimnames = list(c("-2", 
        "-1", "0", "1", "2"), c("-", "A", "G"))), N = 746), Majority = list(
        Freqs = structure(c(0, 0, 0, 0, 0, 10, 220, 733, 8, 0, 
        0, 2, 1, 0, 0), .Dim = c(5L, 3L), .Dimnames = list(c("-2", 
        "-1", "0", "1", "2"), c("-", "A", "G"))), N = 974)), 
    `2` = structure(c(0, 0, 0, 0, 0, 9, 159, 578, 2, 0, 0, 0, 
    0, 0, 0), .Dim = c(5L, 3L), .Dimnames = list(c("-2", "-1", 
    "0", "1", "2"), c("-", "A", "G"))))))
