Results <-
list(`bwaOutput/20210421msiMNRsJenny/1047_S37.sam` = list(GM01_SNP1 = list(
    All = list(Freqs = structure(c(1L, 144L, 5478L, 28L, 1L, 
    6L, 0L, 1L, 4L, 0L, 0L, 0L, 0L, 3L, 49L, 1L, 0L, 0L), .Dim = c(6L, 
    3L), .Dimnames = structure(list(c("-2", "-1", "0", "1", "2", 
    NA), c("A", "G", NA)), .Names = c("", "")), class = "table"), 
        N = 5716L), Tag.Distribution = structure(c(`1` = 218L, 
    `2` = 195L, `3` = 165L, `4` = 159L, `5` = 139L, `6` = 90L, 
    `7` = 85L, `8` = 48L, `9` = 47L, `10` = 30L, `11` = 12L, 
    `12` = 13L, `13` = 12L, `14` = 9L, `15` = 6L, `16` = 7L, 
    `17` = 4L, `18` = 3L, `20` = 1L, `21` = 1L, `26` = 1L), .Dim = 21L, .Dimnames = structure(list(
        c("1", "2", "3", "4", "5", "6", "7", "8", "9", "10", 
        "11", "12", "13", "14", "15", "16", "17", "18", "20", 
        "21", "26")), .Names = ""), class = "table"), No.Tag = structure(c(0L, 
    1L, 74L, 0L, 0L, 0L, 0L, 1L, 0L, 0L, 0L, 0L, 0L, 0L, 3L, 
    0L, 0L, 0L), .Dim = c(6L, 3L), .Dimnames = structure(list(
        c("-2", "-1", "0", "1", "2", NA), c("A", "G", NA)), .Names = c("", 
    "")), class = "table"), All.Tags = list(Concordant = list(
        Freqs = structure(c(0, 11, 1119, 2, 0, 0, 0, 2, 0, 0), .Dim = c(5L, 
        2L), .Dimnames = list(c("-2", "-1", "0", "1", "2"), c("A", 
        "G"))), N = 1134), Majority = list(Freqs = structure(c(0, 
    13, 1218, 2, 0, 0, 0, 2, 0, 0), .Dim = c(5L, 2L), .Dimnames = list(
        c("-2", "-1", "0", "1", "2"), c("A", "G"))), N = 1235)), 
    `2` = structure(c(0, 10, 1008, 1, 0, 0, 0, 0, 0, 0), .Dim = c(5L, 
    2L), .Dimnames = list(c("-2", "-1", "0", "1", "2"), c("A", 
    "G"))))))
