Results <-
list(`bwaOutput/20210421msiMNRsJenny/1047_S37.sam` = list(IM16_SNP1 = list(
    All = list(Freqs = structure(c(0L, 28L, 1274L, 393L, 16L, 
    9L, 1L, 35L, 1650L, 28L, 0L, 0L, 0L, 1L, 41L, 15L, 4L, 0L
    ), .Dim = c(6L, 3L), .Dimnames = structure(list(c("-2", "-1", 
    "0", "1", "2", NA), c("A", "G", NA)), .Names = c("", "")), class = "table"), 
        N = 3495L), Tag.Distribution = structure(c(`1` = 216L, 
    `2` = 176L, `3` = 155L, `4` = 104L, `5` = 74L, `6` = 58L, 
    `7` = 49L, `8` = 31L, `9` = 23L, `10` = 18L, `11` = 5L, `12` = 6L, 
    `13` = 4L, `16` = 1L, `17` = 3L, `20` = 1L), .Dim = 16L, .Dimnames = structure(list(
        c("1", "2", "3", "4", "5", "6", "7", "8", "9", "10", 
        "11", "12", "13", "16", "17", "20")), .Names = ""), class = "table"), 
    No.Tag = structure(c(0L, 0L, 37L, 11L, 0L, 4L, 0L, 0L, 25L, 
    0L, 0L, 0L, 0L, 0L, 3L, 2L, 2L, 0L), .Dim = c(6L, 3L), .Dimnames = structure(list(
        c("-2", "-1", "0", "1", "2", NA), c("A", "G", NA)), .Names = c("", 
    "")), class = "table"), All.Tags = list(Concordant = list(
        Freqs = structure(c(0, 2, 301, 77, 2, 0, 6, 363, 2, 0
        ), .Dim = c(5L, 2L), .Dimnames = list(c("-2", "-1", "0", 
        "1", "2"), c("A", "G"))), N = 753), Majority = list(Freqs = structure(c(0, 
    2, 341, 103, 3, 0, 6, 434, 2, 0), .Dim = c(5L, 2L), .Dimnames = list(
        c("-2", "-1", "0", "1", "2"), c("A", "G"))), N = 891)), 
    `2` = structure(c(0, 1, 256, 76, 2, 0, 3, 340, 0, 0), .Dim = c(5L, 
    2L), .Dimnames = list(c("-2", "-1", "0", "1", "2"), c("A", 
    "G"))))))
