Results <-
list(`bwaOutput/20210421msiMNRsJenny/1047_S37.sam` = list(GM09_SNP1 = list(
    All = list(Freqs = structure(c(12L, 1818L, 5873L, 12L, 9L, 
    0L, 0L, 14L, 0L, 0L, 0L, 0L, 1L, 0L, 0L, 0L, 3L, 32L, 0L, 
    0L), .Dim = 5:4, .Dimnames = structure(list(c("-2", "-1", 
    "0", "1", NA), c("A", "G", "T", NA)), .Names = c("", "")), class = "table"), 
        N = 7774L), Tag.Distribution = structure(c(`1` = 240L, 
    `2` = 125L, `3` = 94L, `4` = 62L, `5` = 53L, `6` = 27L, `7` = 28L, 
    `8` = 23L, `9` = 10L, `10` = 8L, `11` = 3L, `12` = 2L, `13` = 3L, 
    `14` = 1L, `24` = 1L, `34` = 1L), .Dim = 16L, .Dimnames = structure(list(
        c("1", "2", "3", "4", "5", "6", "7", "8", "9", "10", 
        "11", "12", "13", "14", "24", "34")), .Names = ""), class = "table"), 
    No.Tag = structure(c(0L, 32L, 5549L, 0L, 2L, 0L, 0L, 6L, 
    0L, 0L, 0L, 0L, 1L, 0L, 0L, 0L, 0L, 19L, 0L, 0L), .Dim = 5:4, .Dimnames = structure(list(
        c("-2", "-1", "0", "1", NA), c("A", "G", "T", NA)), .Names = c("", 
    "")), class = "table"), All.Tags = list(Concordant = list(
        Freqs = structure(c(2, 486, 125, 6, 0, 0, 8, 0, 0, 0, 
        0, 0), .Dim = 4:3, .Dimnames = list(c("-2", "-1", "0", 
        "1"), c("A", "G", "T"))), N = 627), Majority = list(Freqs = structure(c(3, 
    513, 133, 6, 0, 0, 8, 0, 0, 0, 0, 0), .Dim = 4:3, .Dimnames = list(
        c("-2", "-1", "0", "1"), c("A", "G", "T"))), N = 663)), 
    `2` = structure(c(3, 383, 48, 2, 0, 0, 0, 0, 0, 0, 0, 0), .Dim = 4:3, .Dimnames = list(
        c("-2", "-1", "0", "1"), c("A", "G", "T"))))))
