Results <-
list(`bwaOutput/20210421msiMNRsJenny/1047_S37.sam` = list(LR44_SNP1 = list(
    All = list(Freqs = structure(c(0L, 0L, 0L, 0L, 0L, 0L, 0L, 
    2L, 5L, 0L, 0L, 0L, 0L, 0L, 2L, 0L, 0L, 0L, 0L, 0L, 3L, 359L, 
    517L, 425L, 2897L, 45L, 1L, 0L, 0L, 19L, 0L, 0L, 0L, 0L, 
    2L, 0L, 0L, 0L, 0L, 0L, 0L, 8L, 0L, 2L, 21L, 2L, 0L, 0L, 
    0L, 0L, 0L, 2L, 1L, 9L, 58L, 0L, 0L, 0L, 0L, 0L), .Dim = c(10L, 
    6L), .Dimnames = structure(list(c("-4", "-3", "-2", "-1", 
    "0", "1", "2", "7", "8", NA), c("-", "A", "C", "G", "T", 
    NA)), .Names = c("", "")), class = "table"), N = 4380L), 
    Tag.Distribution = structure(c(`1` = 212L, `2` = 180L, `3` = 185L, 
    `4` = 143L, `5` = 105L, `6` = 65L, `7` = 62L, `8` = 36L, 
    `9` = 20L, `10` = 25L, `11` = 21L, `12` = 4L, `13` = 1L, 
    `14` = 4L, `15` = 2L, `16` = 2L, `17` = 1L, `18` = 1L, `19` = 1L, 
    `21` = 2L, `22` = 1L, `23` = 1L), .Dim = 22L, .Dimnames = structure(list(
        c("1", "2", "3", "4", "5", "6", "7", "8", "9", "10", 
        "11", "12", "13", "14", "15", "16", "17", "18", "19", 
        "21", "22", "23")), .Names = ""), class = "table"), No.Tag = structure(c(0L, 
    0L, 0L, 0L, 0L, 0L, 0L, 0L, 0L, 0L, 0L, 0L, 0L, 0L, 0L, 0L, 
    0L, 0L, 0L, 0L, 0L, 10L, 8L, 12L, 26L, 1L, 0L, 0L, 0L, 1L, 
    0L, 0L, 0L, 0L, 0L, 0L, 0L, 0L, 0L, 0L, 0L, 0L, 0L, 1L, 2L, 
    0L, 0L, 0L, 0L, 0L, 0L, 0L, 0L, 0L, 2L, 0L, 0L, 0L, 0L, 0L
    ), .Dim = c(10L, 6L), .Dimnames = structure(list(c("-4", 
    "-3", "-2", "-1", "0", "1", "2", "7", "8", NA), c("-", "A", 
    "C", "G", "T", NA)), .Names = c("", "")), class = "table"), 
    All.Tags = list(Concordant = list(Freqs = structure(c(0, 
    0, 0, 0, 0, 0, 0, 0, 0, 0, 0, 0, 0, 0, 0, 0, 0, 0, 1, 69, 
    78, 46, 546, 5, 0, 0, 0, 0, 0, 0, 0, 1, 0, 0, 0, 0, 0, 1, 
    0, 0, 4, 0, 0, 0, 0), .Dim = c(9L, 5L), .Dimnames = list(
        c("-4", "-3", "-2", "-1", "0", "1", "2", "7", "8"), c("-", 
        "A", "C", "G", "T"))), N = 751), Majority = list(Freqs = structure(c(0, 
    0, 0, 0, 0, 0, 0, 0, 1, 0, 0, 0, 0, 0, 0, 0, 0, 0, 1, 85, 
    109, 66, 745, 5, 0, 0, 0, 0, 0, 0, 0, 1, 0, 0, 0, 0, 0, 1, 
    0, 0, 6, 0, 0, 0, 0), .Dim = c(9L, 5L), .Dimnames = list(
        c("-4", "-3", "-2", "-1", "0", "1", "2", "7", "8"), c("-", 
        "A", "C", "G", "T"))), N = 1020)), `2` = structure(c(0, 
    0, 0, 0, 0, 0, 0, 0, 1, 0, 0, 0, 0, 0, 0, 0, 0, 0, 0, 75, 
    91, 38, 605, 2, 0, 0, 0, 0, 0, 0, 0, 1, 0, 0, 0, 0, 0, 1, 
    0, 0, 4, 0, 0, 0, 0), .Dim = c(9L, 5L), .Dimnames = list(
        c("-4", "-3", "-2", "-1", "0", "1", "2", "7", "8"), c("-", 
        "A", "C", "G", "T"))))))
