Results <-
list(`bwaOutput/20210421msiMNRsJenny/1051_S38.sam` = list(LR52_SNP1 = list(
    All = list(Freqs = structure(c(0L, 0L, 0L, 1L, 0L, 0L, 0L, 
    1L, 1L, 11L, 1L, 0L, 83L, 645L, 775L, 1605L, 18L, 77L, 0L, 
    3L, 14L, 83L, 1L, 0L), .Dim = c(6L, 4L), .Dimnames = structure(list(
        c("-3", "-2", "-1", "0", "1", NA), c("A", "C", "T", NA
        )), .Names = c("", "")), class = "table"), N = 3319L), 
    Tag.Distribution = structure(c(`1` = 76L, `2` = 57L, `3` = 59L, 
    `4` = 62L, `5` = 58L, `6` = 44L, `7` = 35L, `8` = 25L, `9` = 35L, 
    `10` = 16L, `11` = 22L, `12` = 24L, `13` = 10L, `14` = 7L, 
    `15` = 7L, `16` = 5L, `17` = 1L, `18` = 3L, `19` = 4L, `20` = 2L, 
    `22` = 1L, `23` = 1L), .Dim = 22L, .Dimnames = structure(list(
        c("1", "2", "3", "4", "5", "6", "7", "8", "9", "10", 
        "11", "12", "13", "14", "15", "16", "17", "18", "19", 
        "20", "22", "23")), .Names = ""), class = "table"), No.Tag = structure(c(0L, 
    0L, 0L, 0L, 0L, 0L, 0L, 0L, 0L, 1L, 0L, 0L, 0L, 3L, 12L, 
    31L, 1L, 5L, 0L, 0L, 1L, 1L, 0L, 0L), .Dim = c(6L, 4L), .Dimnames = structure(list(
        c("-3", "-2", "-1", "0", "1", NA), c("A", "C", "T", NA
        )), .Names = c("", "")), class = "table"), All.Tags = list(
        Concordant = list(Freqs = structure(c(0, 0, 0, 0, 0, 
        0, 0, 0, 10, 1, 10, 74, 71, 178, 1), .Dim = c(5L, 3L), .Dimnames = list(
            c("-3", "-2", "-1", "0", "1"), c("A", "C", "T"))), 
            N = 345), Majority = list(Freqs = structure(c(0, 
        0, 0, 0, 0, 0, 0, 0, 10, 1, 10, 99, 123, 281, 1), .Dim = c(5L, 
        3L), .Dimnames = list(c("-3", "-2", "-1", "0", "1"), 
            c("A", "C", "T"))), N = 525)), `2` = structure(c(0, 
    0, 0, 0, 0, 0, 0, 0, 0, 0, 10, 89, 111, 251, 0), .Dim = c(5L, 
    3L), .Dimnames = list(c("-3", "-2", "-1", "0", "1"), c("A", 
    "C", "T"))))))
