Results <-
list(`bwaOutput/20210421msiMNRsJenny/1051_S38.sam` = list(LR48_SNP1 = list(
    All = list(Freqs = structure(c(11L, 751L, 848L, 13L, 0L, 
    9L, 11L, 209L, 1070L, 172L, 2L, 5L, 0L, 4L, 46L, 4L, 0L, 
    0L), .Dim = c(6L, 3L), .Dimnames = structure(list(c("-2", 
    "-1", "0", "1", "2", NA), c("C", "T", NA)), .Names = c("", 
    "")), class = "table"), N = 3155L), Tag.Distribution = structure(c(`1` = 76L, 
    `2` = 31L, `3` = 32L, `4` = 38L, `5` = 39L, `6` = 35L, `7` = 31L, 
    `8` = 25L, `9` = 25L, `10` = 18L, `11` = 21L, `12` = 19L, 
    `13` = 17L, `14` = 7L, `15` = 12L, `16` = 7L, `17` = 9L, 
    `18` = 3L, `19` = 2L, `20` = 2L, `22` = 2L, `27` = 1L, `36` = 1L
    ), .Dim = 23L, .Dimnames = structure(list(c("1", "2", "3", 
    "4", "5", "6", "7", "8", "9", "10", "11", "12", "13", "14", 
    "15", "16", "17", "18", "19", "20", "22", "27", "36")), .Names = ""), class = "table"), 
    No.Tag = structure(c(0L, 32L, 13L, 0L, 0L, 0L, 0L, 6L, 21L, 
    2L, 0L, 0L, 0L, 0L, 6L, 0L, 0L, 0L), .Dim = c(6L, 3L), .Dimnames = structure(list(
        c("-2", "-1", "0", "1", "2", NA), c("C", "T", NA)), .Names = c("", 
    "")), class = "table"), All.Tags = list(Concordant = list(
        Freqs = structure(c(0, 79, 108, 1, 0, 1, 24, 126, 13, 
        0), .Dim = c(5L, 2L), .Dimnames = list(c("-2", "-1", 
        "0", "1", "2"), c("C", "T"))), N = 352), Majority = list(
        Freqs = structure(c(0, 97, 144, 1, 0, 1, 28, 157, 21, 
        0), .Dim = c(5L, 2L), .Dimnames = list(c("-2", "-1", 
        "0", "1", "2"), c("C", "T"))), N = 449)), `2` = structure(c(0, 
    83, 101, 0, 0, 1, 26, 143, 20, 0), .Dim = c(5L, 2L), .Dimnames = list(
        c("-2", "-1", "0", "1", "2"), c("C", "T"))))))
