Results <-
list(`bwaOutput/20210421msiMNRsJenny/1051_S38.sam` = list(GM01_SNP1 = list(
    All = list(Freqs = structure(c(0L, 47L, 2527L, 16L, 7L, 2L, 
    52L, 2402L, 10L, 5L, 0L, 2L, 43L, 0L, 0L), .Dim = c(5L, 3L
    ), .Dimnames = structure(list(c("-2", "-1", "0", "1", NA), 
        c("A", "G", NA)), .Names = c("", "")), class = "table"), 
        N = 5113L), Tag.Distribution = structure(c(`1` = 109L, 
    `2` = 53L, `3` = 77L, `4` = 74L, `5` = 69L, `6` = 61L, `7` = 57L, 
    `8` = 66L, `9` = 41L, `10` = 34L, `11` = 26L, `12` = 31L, 
    `13` = 25L, `14` = 14L, `15` = 7L, `16` = 9L, `17` = 4L, 
    `18` = 6L, `19` = 7L, `20` = 1L, `21` = 2L, `23` = 2L, `24` = 1L, 
    `26` = 1L, `29` = 1L, `34` = 1L), .Dim = 26L, .Dimnames = structure(list(
        c("1", "2", "3", "4", "5", "6", "7", "8", "9", "10", 
        "11", "12", "13", "14", "15", "16", "17", "18", "19", 
        "20", "21", "23", "24", "26", "29", "34")), .Names = ""), class = "table"), 
    No.Tag = structure(c(0L, 0L, 18L, 0L, 0L, 0L, 1L, 46L, 0L, 
    1L, 0L, 0L, 0L, 0L, 0L), .Dim = c(5L, 3L), .Dimnames = structure(list(
        c("-2", "-1", "0", "1", NA), c("A", "G", NA)), .Names = c("", 
    "")), class = "table"), All.Tags = list(Concordant = list(
        Freqs = structure(c(0, 0, 331, 0, 0, 2, 295, 0), .Dim = c(4L, 
        2L), .Dimnames = list(c("-2", "-1", "0", "1"), c("A", 
        "G"))), N = 628), Majority = list(Freqs = structure(c(0, 
    0, 405, 0, 0, 2, 365, 0), .Dim = c(4L, 2L), .Dimnames = list(
        c("-2", "-1", "0", "1"), c("A", "G"))), N = 772)), `2` = structure(c(0, 
    0, 342, 0, 0, 1, 323, 0), .Dim = c(4L, 2L), .Dimnames = list(
        c("-2", "-1", "0", "1"), c("A", "G"))))))
