Results <-
list(`bwaOutput/20210421msiMNRsJenny/1051_S38.sam` = list(GM14_SNP1 = list(
    All = list(Freqs = structure(c(0L, 1L, 26L, 0L, 0L, 4L, 267L, 
    4230L, 23L, 6L, 0L, 1L, 62L, 1L, 0L), .Dim = c(5L, 3L), .Dimnames = structure(list(
        c("-2", "-1", "0", "1", NA), c("C", "T", NA)), .Names = c("", 
    "")), class = "table"), N = 4621L), Tag.Distribution = structure(c(`1` = 127L, 
    `2` = 69L, `3` = 71L, `4` = 84L, `5` = 67L, `6` = 64L, `7` = 52L, 
    `8` = 37L, `9` = 31L, `10` = 27L, `11` = 34L, `12` = 21L, 
    `13` = 20L, `14` = 24L, `15` = 3L, `16` = 6L, `17` = 4L, 
    `18` = 3L, `19` = 1L, `20` = 3L, `22` = 1L, `27` = 1L, `28` = 1L, 
    `29` = 1L, `30` = 1L, `31` = 1L), .Dim = 26L, .Dimnames = structure(list(
        c("1", "2", "3", "4", "5", "6", "7", "8", "9", "10", 
        "11", "12", "13", "14", "15", "16", "17", "18", "19", 
        "20", "22", "27", "28", "29", "30", "31")), .Names = ""), class = "table"), 
    No.Tag = structure(c(0L, 0L, 0L, 0L, 0L, 0L, 10L, 130L, 1L, 
    1L, 0L, 0L, 6L, 0L, 0L), .Dim = c(5L, 3L), .Dimnames = structure(list(
        c("-2", "-1", "0", "1", NA), c("C", "T", NA)), .Names = c("", 
    "")), class = "table"), All.Tags = list(Concordant = list(
        Freqs = structure(c(0, 1, 22, 0, 0, 25, 590, 0), .Dim = c(4L, 
        2L), .Dimnames = list(c("-2", "-1", "0", "1"), c("C", 
        "T"))), N = 638), Majority = list(Freqs = structure(c(0, 
    1, 22, 0, 0, 26, 688, 1), .Dim = c(4L, 2L), .Dimnames = list(
        c("-2", "-1", "0", "1"), c("C", "T"))), N = 738)), `2` = structure(c(0, 
    0, 0, 0, 0, 23, 599, 1), .Dim = c(4L, 2L), .Dimnames = list(
        c("-2", "-1", "0", "1"), c("C", "T"))))))
