Results <-
list(`bwaOutput/20210421msiMNRsJenny/1051_S38.sam` = list(LR36_SNP1 = list(
    All = list(Freqs = structure(c(4L, 196L, 640L, 892L, 5L, 
    38L, 2L, 104L, 705L, 979L, 15L, 11L, 0L, 2L, 13L, 59L, 1L, 
    0L), .Dim = c(6L, 3L), .Dimnames = structure(list(c("-3", 
    "-2", "-1", "0", "1", NA), c("A", "T", NA)), .Names = c("", 
    "")), class = "table"), N = 3666L), Tag.Distribution = structure(c(`1` = 132L, 
    `2` = 68L, `3` = 99L, `4` = 62L, `5` = 63L, `6` = 50L, `7` = 42L, 
    `8` = 37L, `9` = 22L, `10` = 13L, `11` = 24L, `12` = 16L, 
    `13` = 11L, `14` = 9L, `15` = 8L, `16` = 2L, `17` = 5L, `18` = 2L, 
    `19` = 6L, `20` = 1L, `21` = 1L, `22` = 2L, `26` = 1L), .Dim = 23L, .Dimnames = structure(list(
        c("1", "2", "3", "4", "5", "6", "7", "8", "9", "10", 
        "11", "12", "13", "14", "15", "16", "17", "18", "19", 
        "20", "21", "22", "26")), .Names = ""), class = "table"), 
    No.Tag = structure(c(1L, 2L, 7L, 13L, 1L, 5L, 0L, 1L, 10L, 
    49L, 0L, 1L, 0L, 0L, 0L, 7L, 0L, 0L), .Dim = c(6L, 3L), .Dimnames = structure(list(
        c("-3", "-2", "-1", "0", "1", NA), c("A", "T", NA)), .Names = c("", 
    "")), class = "table"), All.Tags = list(Concordant = list(
        Freqs = structure(c(0, 29, 98, 128, 0, 0, 14, 107, 159, 
        1), .Dim = c(5L, 2L), .Dimnames = list(c("-3", "-2", 
        "-1", "0", "1"), c("A", "T"))), N = 536), Majority = list(
        Freqs = structure(c(0, 34, 120, 165, 0, 0, 15, 129, 191, 
        1), .Dim = c(5L, 2L), .Dimnames = list(c("-3", "-2", 
        "-1", "0", "1"), c("A", "T"))), N = 655)), `2` = structure(c(0, 
    28, 106, 132, 0, 0, 13, 107, 150, 1), .Dim = c(5L, 2L), .Dimnames = list(
        c("-3", "-2", "-1", "0", "1"), c("A", "T"))))))
