Results <-
list(`bwaOutput/20210421msiMNRsJenny/1051_S38.sam` = list(GM29_SNP1 = list(
    All = list(Freqs = structure(c(1L, 28L, 151L, 2692L, 11L, 
    2L, 0L, 0L, 0L, 18L, 0L, 0L, 0L, 0L, 0L, 17L, 0L, 0L), .Dim = c(6L, 
    3L), .Dimnames = structure(list(c("-3", "-2", "-1", "0", 
    "1", NA), c("A", "G", NA)), .Names = c("", "")), class = "table"), 
        N = 2920L), Tag.Distribution = structure(c(`1` = 105L, 
    `2` = 50L, `3` = 55L, `4` = 51L, `5` = 55L, `6` = 40L, `7` = 34L, 
    `8` = 19L, `9` = 18L, `10` = 14L, `11` = 12L, `12` = 9L, 
    `13` = 9L, `14` = 4L, `15` = 9L, `16` = 8L, `17` = 2L, `19` = 3L, 
    `20` = 2L, `21` = 1L, `23` = 1L, `24` = 2L, `26` = 2L, `27` = 1L, 
    `35` = 1L, `45` = 1L), .Dim = 26L, .Dimnames = structure(list(
        c("1", "2", "3", "4", "5", "6", "7", "8", "9", "10", 
        "11", "12", "13", "14", "15", "16", "17", "19", "20", 
        "21", "23", "24", "26", "27", "35", "45")), .Names = ""), class = "table"), 
    No.Tag = structure(c(0L, 0L, 2L, 77L, 1L, 0L, 0L, 0L, 0L, 
    0L, 0L, 0L, 0L, 0L, 0L, 1L, 0L, 0L), .Dim = c(6L, 3L), .Dimnames = structure(list(
        c("-3", "-2", "-1", "0", "1", NA), c("A", "G", NA)), .Names = c("", 
    "")), class = "table"), All.Tags = list(Concordant = list(
        Freqs = structure(c(0, 5, 15, 425, 2, 0, 0, 0, 12, 0), .Dim = c(5L, 
        2L), .Dimnames = list(c("-3", "-2", "-1", "0", "1"), 
            c("A", "G"))), N = 459), Majority = list(Freqs = structure(c(0, 
    5, 16, 466, 2, 0, 0, 0, 12, 0), .Dim = c(5L, 2L), .Dimnames = list(
        c("-3", "-2", "-1", "0", "1"), c("A", "G"))), N = 501)), 
    `2` = structure(c(0, 5, 10, 384, 1, 0, 0, 0, 0, 0), .Dim = c(5L, 
    2L), .Dimnames = list(c("-3", "-2", "-1", "0", "1"), c("A", 
    "G"))))))
