Results <-
list(`bwaOutput/20210421msiMNRsJenny/1051_S38.sam` = list(LR20_SNP1 = list(
    All = list(Freqs = structure(c(0L, 0L, 1L, 0L, 0L, 1L, 103L, 
    3567L, 5L, 2L, 0L, 1L, 18L, 0L, 1L, 0L, 0L, 19L, 0L, 0L), .Dim = 5:4, .Dimnames = structure(list(
        c("-2", "-1", "0", "1", NA), c("-", "A", "G", NA)), .Names = c("", 
    "")), class = "table"), N = 3718L), Tag.Distribution = structure(c(`1` = 150L, 
    `2` = 90L, `3` = 87L, `4` = 95L, `5` = 79L, `6` = 48L, `7` = 32L, 
    `8` = 31L, `9` = 25L, `10` = 19L, `11` = 15L, `12` = 13L, 
    `13` = 16L, `14` = 8L, `15` = 4L, `16` = 7L, `17` = 1L, `18` = 1L, 
    `19` = 1L, `20` = 1L, `21` = 1L, `22` = 1L, `23` = 3L, `24` = 1L, 
    `25` = 1L, `26` = 1L, `38` = 1L), .Dim = 27L, .Dimnames = structure(list(
        c("1", "2", "3", "4", "5", "6", "7", "8", "9", "10", 
        "11", "12", "13", "14", "15", "16", "17", "18", "19", 
        "20", "21", "22", "23", "24", "25", "26", "38")), .Names = ""), class = "table"), 
    No.Tag = structure(c(0L, 0L, 0L, 0L, 0L, 0L, 0L, 61L, 0L, 
    0L, 0L, 0L, 2L, 0L, 0L, 0L, 0L, 2L, 0L, 0L), .Dim = 5:4, .Dimnames = structure(list(
        c("-2", "-1", "0", "1", NA), c("-", "A", "G", NA)), .Names = c("", 
    "")), class = "table"), All.Tags = list(Concordant = list(
        Freqs = structure(c(0, 0, 1, 0, 0, 13, 684, 0, 0, 1, 
        13, 0), .Dim = 4:3, .Dimnames = list(c("-2", "-1", "0", 
        "1"), c("-", "A", "G"))), N = 712), Majority = list(Freqs = structure(c(0, 
    0, 1, 0, 0, 16, 696, 0, 0, 1, 13, 0), .Dim = 4:3, .Dimnames = list(
        c("-2", "-1", "0", "1"), c("-", "A", "G"))), N = 727)), 
    `2` = structure(c(0, 0, 0, 0, 0, 14, 566, 0, 0, 0, 0, 0), .Dim = 4:3, .Dimnames = list(
        c("-2", "-1", "0", "1"), c("-", "A", "G"))))))
