Results <-
list(`bwaOutput/20210421msiMNRsJenny/1051_S38.sam` = list(GM07_SNP1 = list(
    All = list(Freqs = structure(c(0L, 1L, 0L, 0L, 0L, 0L, 5L, 
    356L, 1183L, 31L, 1L, 37L, 11L, 397L, 1179L, 44L, 2L, 39L, 
    0L, 1L, 21L, 0L, 0L, 0L), .Dim = c(6L, 4L), .Dimnames = structure(list(
        c("-2", "-1", "0", "1", "2", NA), c("-", "A", "G", NA
        )), .Names = c("", "")), class = "table"), N = 3308L), 
    Tag.Distribution = structure(c(`1` = 122L, `2` = 62L, `3` = 56L, 
    `4` = 82L, `5` = 50L, `6` = 57L, `7` = 35L, `8` = 28L, `9` = 28L, 
    `10` = 17L, `11` = 16L, `12` = 15L, `13` = 10L, `14` = 8L, 
    `15` = 7L, `16` = 7L, `17` = 2L, `18` = 2L, `20` = 2L, `21` = 1L, 
    `22` = 2L, `23` = 1L), .Dim = 22L, .Dimnames = structure(list(
        c("1", "2", "3", "4", "5", "6", "7", "8", "9", "10", 
        "11", "12", "13", "14", "15", "16", "17", "18", "20", 
        "21", "22", "23")), .Names = ""), class = "table"), No.Tag = structure(c(0L, 
    0L, 0L, 0L, 0L, 0L, 1L, 4L, 27L, 0L, 0L, 4L, 0L, 8L, 14L, 
    2L, 0L, 7L, 0L, 0L, 3L, 0L, 0L, 0L), .Dim = c(6L, 4L), .Dimnames = structure(list(
        c("-2", "-1", "0", "1", "2", NA), c("-", "A", "G", NA
        )), .Names = c("", "")), class = "table"), All.Tags = list(
        Concordant = list(Freqs = structure(c(0, 0, 0, 0, 0, 
        0, 49, 159, 1, 0, 1, 50, 167, 3, 0), .Dim = c(5L, 3L), .Dimnames = list(
            c("-2", "-1", "0", "1", "2"), c("-", "A", "G"))), 
            N = 430), Majority = list(Freqs = structure(c(0, 
        0, 0, 0, 0, 0, 58, 223, 1, 0, 1, 63, 234, 3, 0), .Dim = c(5L, 
        3L), .Dimnames = list(c("-2", "-1", "0", "1", "2"), c("-", 
        "A", "G"))), N = 583)), `2` = structure(c(0, 0, 0, 0, 
    0, 0, 48, 184, 0, 0, 1, 52, 190, 1, 0), .Dim = c(5L, 3L), .Dimnames = list(
        c("-2", "-1", "0", "1", "2"), c("-", "A", "G"))))))
