Results <-
list(`bwaOutput/20210421msiMNRsJenny/1051_S38.sam` = list(GM17_SNP1 = list(
    All = list(Freqs = structure(c(0L, 72L, 1962L, 5L, 3L, 1L, 
    91L, 2119L, 5L, 2L, 0L, 2L, 14L, 0L, 0L), .Dim = c(5L, 3L
    ), .Dimnames = structure(list(c("-2", "-1", "0", "1", NA), 
        c("C", "T", NA)), .Names = c("", "")), class = "table"), 
        N = 4276L), Tag.Distribution = structure(c(`1` = 111L, 
    `2` = 74L, `3` = 58L, `4` = 61L, `5` = 87L, `6` = 59L, `7` = 43L, 
    `8` = 33L, `9` = 29L, `10` = 35L, `11` = 19L, `12` = 13L, 
    `13` = 22L, `14` = 14L, `15` = 9L, `16` = 5L, `17` = 4L, 
    `18` = 4L, `19` = 8L, `20` = 1L, `22` = 1L, `23` = 1L, `25` = 2L, 
    `26` = 1L, `27` = 1L, `31` = 1L), .Dim = 26L, .Dimnames = structure(list(
        c("1", "2", "3", "4", "5", "6", "7", "8", "9", "10", 
        "11", "12", "13", "14", "15", "16", "17", "18", "19", 
        "20", "22", "23", "25", "26", "27", "31")), .Names = ""), class = "table"), 
    No.Tag = structure(c(0L, 1L, 39L, 0L, 0L, 0L, 7L, 33L, 0L, 
    0L, 0L, 0L, 1L, 0L, 0L), .Dim = c(5L, 3L), .Dimnames = structure(list(
        c("-2", "-1", "0", "1", NA), c("C", "T", NA)), .Names = c("", 
    "")), class = "table"), All.Tags = list(Concordant = list(
        Freqs = structure(c(0, 11, 279, 0, 0, 5, 305, 2), .Dim = c(4L, 
        2L), .Dimnames = list(c("-2", "-1", "0", "1"), c("C", 
        "T"))), N = 602), Majority = list(Freqs = structure(c(0, 
    11, 316, 0, 0, 6, 352, 2), .Dim = c(4L, 2L), .Dimnames = list(
        c("-2", "-1", "0", "1"), c("C", "T"))), N = 687)), `2` = structure(c(0, 
    10, 271, 0, 0, 5, 291, 0), .Dim = c(4L, 2L), .Dimnames = list(
        c("-2", "-1", "0", "1"), c("C", "T"))))))
