Results <-
list(`bwaOutput/20210421msiMNRsJenny/1051_S38.sam` = list(GM11_SNP1 = list(
    All = list(Freqs = structure(c(66L, 1300L, 10L, 1L, 17L, 
    1255L, 14L, 1L, 0L, 16L, 0L, 0L), .Dim = 4:3, .Dimnames = structure(list(
        c("-1", "0", "1", NA), c("A", "G", NA)), .Names = c("", 
    "")), class = "table"), N = 2680L), Tag.Distribution = structure(c(`1` = 79L, 
    `2` = 53L, `3` = 41L, `4` = 48L, `5` = 43L, `6` = 42L, `7` = 23L, 
    `8` = 20L, `9` = 25L, `10` = 13L, `11` = 12L, `12` = 13L, 
    `13` = 7L, `14` = 6L, `15` = 2L, `16` = 3L, `17` = 9L, `18` = 3L, 
    `19` = 3L, `20` = 3L, `21` = 1L, `23` = 1L, `29` = 1L, `30` = 1L, 
    `34` = 1L), .Dim = 25L, .Dimnames = structure(list(c("1", 
    "2", "3", "4", "5", "6", "7", "8", "9", "10", "11", "12", 
    "13", "14", "15", "16", "17", "18", "19", "20", "21", "23", 
    "29", "30", "34")), .Names = ""), class = "table"), No.Tag = structure(c(1L, 
    18L, 0L, 0L, 0L, 15L, 0L, 0L, 0L, 1L, 0L, 0L), .Dim = 4:3, .Dimnames = structure(list(
        c("-1", "0", "1", NA), c("A", "G", NA)), .Names = c("", 
    "")), class = "table"), All.Tags = list(Concordant = list(
        Freqs = structure(c(8, 191, 0, 2, 196, 1), .Dim = 3:2, .Dimnames = list(
            c("-1", "0", "1"), c("A", "G"))), N = 398), Majority = list(
        Freqs = structure(c(9, 215, 0, 2, 224, 1), .Dim = 3:2, .Dimnames = list(
            c("-1", "0", "1"), c("A", "G"))), N = 451)), `2` = structure(c(9, 
    180, 0, 2, 181, 1), .Dim = 3:2, .Dimnames = list(c("-1", 
    "0", "1"), c("A", "G"))))))
