Results <-
list(`bwaOutput/20210421msiMNRsJenny/1051_S38.sam` = list(LR10_SNP1 = list(
    All = list(Freqs = structure(c(6L, 644L, 1107L, 12L, 7L, 
    1L, 80L, 1596L, 10L, 2L, 0L, 3L, 22L, 0L, 0L), .Dim = c(5L, 
    3L), .Dimnames = structure(list(c("-2", "-1", "0", "1", NA
    ), c("C", "T", NA)), .Names = c("", "")), class = "table"), 
        N = 3490L), Tag.Distribution = structure(c(`1` = 119L, 
    `2` = 72L, `3` = 82L, `4` = 69L, `5` = 76L, `6` = 45L, `7` = 35L, 
    `8` = 42L, `9` = 18L, `10` = 22L, `11` = 19L, `12` = 15L, 
    `13` = 6L, `14` = 7L, `15` = 10L, `16` = 6L, `17` = 3L, `18` = 2L, 
    `19` = 4L, `20` = 1L, `21` = 2L, `23` = 1L), .Dim = 22L, .Dimnames = structure(list(
        c("1", "2", "3", "4", "5", "6", "7", "8", "9", "10", 
        "11", "12", "13", "14", "15", "16", "17", "18", "19", 
        "20", "21", "23")), .Names = ""), class = "table"), No.Tag = structure(c(0L, 
    7L, 9L, 0L, 0L, 0L, 0L, 17L, 0L, 0L, 0L, 0L, 0L, 0L, 0L), .Dim = c(5L, 
    3L), .Dimnames = structure(list(c("-2", "-1", "0", "1", NA
    ), c("C", "T", NA)), .Names = c("", "")), class = "table"), 
    All.Tags = list(Concordant = list(Freqs = structure(c(0, 
    99, 177, 0, 0, 11, 251, 0), .Dim = c(4L, 2L), .Dimnames = list(
        c("-2", "-1", "0", "1"), c("C", "T"))), N = 538), Majority = list(
        Freqs = structure(c(0, 119, 214, 0, 0, 12, 298, 1), .Dim = c(4L, 
        2L), .Dimnames = list(c("-2", "-1", "0", "1"), c("C", 
        "T"))), N = 644)), `2` = structure(c(0, 102, 171, 0, 
    0, 8, 245, 1), .Dim = c(4L, 2L), .Dimnames = list(c("-2", 
    "-1", "0", "1"), c("C", "T"))))))
