Results <-
list(`bwaOutput/20210421msiMNRsJenny/1051_S38.sam` = list(LR24_SNP1 = list(
    All = list(Freqs = structure(c(5L, 1271L, 6036L, 14L, 18L, 
    0L, 0L, 27L, 0L, 0L, 0L, 4L, 35L, 0L, 0L), .Dim = c(5L, 3L
    ), .Dimnames = structure(list(c("-2", "-1", "0", "1", NA), 
        c("A", "G", NA)), .Names = c("", "")), class = "table"), 
        N = 7410L), Tag.Distribution = structure(c(`1` = 404L, 
    `2` = 303L, `3` = 260L, `4` = 204L, `5` = 151L, `6` = 91L, 
    `7` = 83L, `8` = 59L, `9` = 46L, `10` = 29L, `11` = 27L, 
    `12` = 25L, `13` = 17L, `14` = 13L, `15` = 6L, `16` = 12L, 
    `17` = 4L, `18` = 2L, `19` = 3L, `20` = 3L, `21` = 1L, `26` = 1L
    ), .Dim = 22L, .Dimnames = structure(list(c("1", "2", "3", 
    "4", "5", "6", "7", "8", "9", "10", "11", "12", "13", "14", 
    "15", "16", "17", "18", "19", "20", "21", "26")), .Names = ""), class = "table"), 
    No.Tag = structure(c(0L, 36L, 159L, 0L, 0L, 0L, 0L, 1L, 0L, 
    0L, 0L, 0L, 0L, 0L, 0L), .Dim = c(5L, 3L), .Dimnames = structure(list(
        c("-2", "-1", "0", "1", NA), c("A", "G", NA)), .Names = c("", 
    "")), class = "table"), All.Tags = list(Concordant = list(
        Freqs = structure(c(0, 227, 1288, 1, 0, 0, 13, 0), .Dim = c(4L, 
        2L), .Dimnames = list(c("-2", "-1", "0", "1"), c("A", 
        "G"))), N = 1529), Majority = list(Freqs = structure(c(0, 
    276, 1413, 1, 0, 0, 13, 0), .Dim = c(4L, 2L), .Dimnames = list(
        c("-2", "-1", "0", "1"), c("A", "G"))), N = 1703)), `2` = structure(c(0, 
    215, 1091, 0, 0, 0, 0, 0), .Dim = c(4L, 2L), .Dimnames = list(
        c("-2", "-1", "0", "1"), c("A", "G"))))))
