Results <-
list(`bwaOutput/20210421msiMNRsJenny/1051_S38.sam` = list(IM49_SNP1 = list(
    All = list(Freqs = structure(c(0L, 1L, 0L, 0L, 0L, 0L, 31L, 
    1016L, 1966L, 60L, 2L, 36L, 0L, 0L, 17L, 0L, 0L, 0L, 0L, 
    7L, 48L, 3L, 0L, 0L), .Dim = c(6L, 4L), .Dimnames = structure(list(
        c("-2", "-1", "0", "1", "2", NA), c("A", "C", "G", NA
        )), .Names = c("", "")), class = "table"), N = 3187L), 
    Tag.Distribution = structure(c(`1` = 216L, `2` = 157L, `3` = 131L, 
    `4` = 103L, `5` = 69L, `6` = 50L, `7` = 32L, `8` = 22L, `9` = 23L, 
    `10` = 14L, `11` = 10L, `12` = 4L, `13` = 7L, `14` = 1L, 
    `15` = 2L, `17` = 2L, `18` = 1L, `19` = 1L, `20` = 1L), .Dim = 19L, .Dimnames = structure(list(
        c("1", "2", "3", "4", "5", "6", "7", "8", "9", "10", 
        "11", "12", "13", "14", "15", "17", "18", "19", "20")), .Names = ""), class = "table"), 
    No.Tag = structure(c(0L, 0L, 0L, 0L, 0L, 0L, 0L, 16L, 55L, 
    1L, 0L, 0L, 0L, 0L, 0L, 0L, 0L, 0L, 0L, 0L, 4L, 0L, 0L, 0L
    ), .Dim = c(6L, 4L), .Dimnames = structure(list(c("-2", "-1", 
    "0", "1", "2", NA), c("A", "C", "G", NA)), .Names = c("", 
    "")), class = "table"), All.Tags = list(Concordant = list(
        Freqs = structure(c(0, 0, 0, 0, 0, 7, 215, 438, 3, 0, 
        0, 0, 10, 0, 0), .Dim = c(5L, 3L), .Dimnames = list(c("-2", 
        "-1", "0", "1", "2"), c("A", "C", "G"))), N = 673), Majority = list(
        Freqs = structure(c(0, 0, 0, 0, 0, 7, 254, 527, 4, 0, 
        0, 0, 10, 0, 0), .Dim = c(5L, 3L), .Dimnames = list(c("-2", 
        "-1", "0", "1", "2"), c("A", "C", "G"))), N = 802)), 
    `2` = structure(c(0, 0, 0, 0, 0, 4, 197, 406, 2, 0, 0, 0, 
    0, 0, 0), .Dim = c(5L, 3L), .Dimnames = list(c("-2", "-1", 
    "0", "1", "2"), c("A", "C", "G"))))))
