Results <-
list(`bwaOutput/20210421msiMNRsJenny/1051_S38.sam` = list(LR40_SNP1 = list(
    All = list(Freqs = structure(c(0L, 1L, 12L, 0L, 0L, 0L, 9L, 
    979L, 1974L, 10L, 1L, 10L, 0L, 1L, 10L, 0L, 0L, 0L), .Dim = c(6L, 
    3L), .Dimnames = structure(list(c("-2", "-1", "0", "1", "2", 
    NA), c("A", "C", NA)), .Names = c("", "")), class = "table"), 
        N = 3007L), Tag.Distribution = structure(c(`1` = 99L, 
    `2` = 49L, `3` = 75L, `4` = 46L, `5` = 53L, `6` = 43L, `7` = 41L, 
    `8` = 30L, `9` = 22L, `10` = 19L, `11` = 7L, `12` = 12L, 
    `13` = 11L, `14` = 8L, `15` = 6L, `16` = 5L, `17` = 7L, `19` = 2L, 
    `21` = 2L, `22` = 1L, `23` = 1L, `33` = 1L), .Dim = 22L, .Dimnames = structure(list(
        c("1", "2", "3", "4", "5", "6", "7", "8", "9", "10", 
        "11", "12", "13", "14", "15", "16", "17", "19", "21", 
        "22", "23", "33")), .Names = ""), class = "table"), No.Tag = structure(c(0L, 
    0L, 0L, 0L, 0L, 0L, 0L, 17L, 21L, 1L, 0L, 0L, 0L, 0L, 1L, 
    0L, 0L, 0L), .Dim = c(6L, 3L), .Dimnames = structure(list(
        c("-2", "-1", "0", "1", "2", NA), c("A", "C", NA)), .Names = c("", 
    "")), class = "table"), All.Tags = list(Concordant = list(
        Freqs = structure(c(0, 0, 10, 0, 0, 1, 140, 319, 1, 0
        ), .Dim = c(5L, 2L), .Dimnames = list(c("-2", "-1", "0", 
        "1", "2"), c("A", "C"))), N = 471), Majority = list(Freqs = structure(c(0, 
    0, 10, 0, 0, 1, 163, 360, 1, 0), .Dim = c(5L, 2L), .Dimnames = list(
        c("-2", "-1", "0", "1", "2"), c("A", "C"))), N = 535)), 
    `2` = structure(c(0, 0, 0, 0, 0, 1, 134, 302, 0, 0), .Dim = c(5L, 
    2L), .Dimnames = list(c("-2", "-1", "0", "1", "2"), c("A", 
    "C"))))))
