Results <-
list(`bwaOutput/20210421msiMNRsJenny/1051_S38.sam` = list(GM09_SNP1 = list(
    All = list(Freqs = structure(c(1L, 18L, 0L, 0L, 1095L, 5869L, 
    8L, 8L, 3L, 44L, 0L, 0L), .Dim = 4:3, .Dimnames = structure(list(
        c("-1", "0", "1", NA), c("A", "G", NA)), .Names = c("", 
    "")), class = "table"), N = 7046L), Tag.Distribution = structure(c(`1` = 160L, 
    `2` = 104L, `3` = 106L, `4` = 111L, `5` = 76L, `6` = 95L, 
    `7` = 69L, `8` = 64L, `9` = 42L, `10` = 48L, `11` = 31L, 
    `12` = 31L, `13` = 20L, `14` = 22L, `15` = 12L, `16` = 14L, 
    `17` = 10L, `18` = 6L, `19` = 11L, `20` = 9L, `21` = 3L, 
    `22` = 2L, `23` = 7L, `24` = 3L, `25` = 2L, `27` = 1L, `28` = 4L, 
    `31` = 2L, `35` = 1L), .Dim = 29L, .Dimnames = structure(list(
        c("1", "2", "3", "4", "5", "6", "7", "8", "9", "10", 
        "11", "12", "13", "14", "15", "16", "17", "18", "19", 
        "20", "21", "22", "23", "24", "25", "27", "28", "31", 
        "35")), .Names = ""), class = "table"), No.Tag = structure(c(0L, 
    2L, 0L, 0L, 22L, 104L, 0L, 1L, 0L, 6L, 0L, 0L), .Dim = 4:3, .Dimnames = structure(list(
        c("-1", "0", "1", NA), c("A", "G", NA)), .Names = c("", 
    "")), class = "table"), All.Tags = list(Concordant = list(
        Freqs = structure(c(0, 6, 0, 127, 804, 1), .Dim = 3:2, .Dimnames = list(
            c("-1", "0", "1"), c("A", "G"))), N = 938), Majority = list(
        Freqs = structure(c(0, 6, 0, 158, 878, 1), .Dim = 3:2, .Dimnames = list(
            c("-1", "0", "1"), c("A", "G"))), N = 1043)), `2` = structure(c(0, 
    0, 0, 131, 762, 0), .Dim = 3:2, .Dimnames = list(c("-1", 
    "0", "1"), c("A", "G"))))))
