Results <-
list(`bwaOutput/20210421msiMNRsJenny/1051_S38.sam` = list(LR17_SNP1 = list(
    All = list(Freqs = structure(c(2L, 57L, 1889L, 1643L, 20L, 
    36L, 0L, 0L, 0L, 1L, 0L, 0L, 0L, 0L, 57L, 76L, 0L, 0L), .Dim = c(6L, 
    3L), .Dimnames = structure(list(c("-3", "-2", "-1", "0", 
    "1", NA), c("A", "T", NA)), .Names = c("", "")), class = "table"), 
        N = 3781L), Tag.Distribution = structure(c(`1` = 85L, 
    `2` = 48L, `3` = 39L, `4` = 47L, `5` = 45L, `6` = 41L, `7` = 38L, 
    `8` = 42L, `9` = 38L, `10` = 24L, `11` = 18L, `12` = 26L, 
    `13` = 16L, `14` = 17L, `15` = 11L, `16` = 6L, `17` = 6L, 
    `18` = 2L, `19` = 4L, `21` = 3L, `23` = 4L), .Dim = 21L, .Dimnames = structure(list(
        c("1", "2", "3", "4", "5", "6", "7", "8", "9", "10", 
        "11", "12", "13", "14", "15", "16", "17", "18", "19", 
        "21", "23")), .Names = ""), class = "table"), No.Tag = structure(c(0L, 
    0L, 32L, 15L, 0L, 3L, 0L, 0L, 0L, 0L, 0L, 0L, 0L, 0L, 3L, 
    1L, 0L, 0L), .Dim = c(6L, 3L), .Dimnames = structure(list(
        c("-3", "-2", "-1", "0", "1", NA), c("A", "T", NA)), .Names = c("", 
    "")), class = "table"), All.Tags = list(Concordant = list(
        Freqs = structure(c(0, 2, 217, 204, 0, 0, 0, 0, 0, 0), .Dim = c(5L, 
        2L), .Dimnames = list(c("-3", "-2", "-1", "0", "1"), 
            c("A", "T"))), N = 423), Majority = list(Freqs = structure(c(0, 
    3, 263, 279, 0, 0, 0, 0, 0, 0), .Dim = c(5L, 2L), .Dimnames = list(
        c("-3", "-2", "-1", "0", "1"), c("A", "T"))), N = 545)), 
    `2` = structure(c(0, 3, 237, 228, 0, 0, 0, 0, 0, 0), .Dim = c(5L, 
    2L), .Dimnames = list(c("-3", "-2", "-1", "0", "1"), c("A", 
    "T"))))))
