Results <-
list(`bwaOutput/20210421msiMNRsJenny/1051_S38.sam` = list(LR11_SNP1 = list(
    All = list(Freqs = structure(c(5L, 342L, 1979L, 19L, 17L, 
    0L, 322L, 1469L, 24L, 10L, 0L, 0L, 1L, 0L, 0L, 1L, 7L, 55L, 
    0L, 0L), .Dim = 5:4, .Dimnames = structure(list(c("-2", "-1", 
    "0", "1", NA), c("A", "C", "T", NA)), .Names = c("", "")), class = "table"), 
        N = 4251L), Tag.Distribution = structure(c(`1` = 122L, 
    `2` = 57L, `3` = 63L, `4` = 65L, `5` = 65L, `6` = 43L, `7` = 47L, 
    `8` = 42L, `9` = 32L, `10` = 46L, `11` = 26L, `12` = 14L, 
    `13` = 23L, `14` = 13L, `15` = 4L, `16` = 5L, `17` = 5L, 
    `18` = 6L, `19` = 2L, `20` = 2L, `21` = 5L, `23` = 1L, `24` = 1L, 
    `30` = 1L), .Dim = 24L, .Dimnames = structure(list(c("1", 
    "2", "3", "4", "5", "6", "7", "8", "9", "10", "11", "12", 
    "13", "14", "15", "16", "17", "18", "19", "20", "21", "23", 
    "24", "30")), .Names = ""), class = "table"), No.Tag = structure(c(0L, 
    2L, 34L, 0L, 2L, 0L, 1L, 0L, 0L, 0L, 0L, 0L, 0L, 0L, 0L, 
    0L, 0L, 3L, 0L, 0L), .Dim = 5:4, .Dimnames = structure(list(
        c("-2", "-1", "0", "1", NA), c("A", "C", "T", NA)), .Names = c("", 
    "")), class = "table"), All.Tags = list(Concordant = list(
        Freqs = structure(c(0, 37, 252, 0, 0, 43, 201, 2, 0, 
        0, 0, 0), .Dim = 4:3, .Dimnames = list(c("-2", "-1", 
        "0", "1"), c("A", "C", "T"))), N = 535), Majority = list(
        Freqs = structure(c(0, 49, 323, 0, 0, 46, 257, 2, 0, 
        0, 0, 0), .Dim = 4:3, .Dimnames = list(c("-2", "-1", 
        "0", "1"), c("A", "C", "T"))), N = 677)), `2` = structure(c(0, 
    44, 272, 0, 0, 41, 206, 1, 0, 0, 0, 0), .Dim = 4:3, .Dimnames = list(
        c("-2", "-1", "0", "1"), c("A", "C", "T"))))))
