Results <-
list(`bwaOutput/20210421msiMNRsJenny/1051_S38.sam` = list(LR46_SNP1 = list(
    All = list(Freqs = structure(c(0L, 0L, 1L, 0L, 0L, 2L, 681L, 
    800L, 2L, 22L, 0L, 43L, 1216L, 5L, 6L, 0L, 5L, 10L, 0L, 0L
    ), .Dim = 5:4, .Dimnames = structure(list(c("-2", "-1", "0", 
    "1", NA), c("A", "G", "T", NA)), .Names = c("", "")), class = "table"), 
        N = 2793L), Tag.Distribution = structure(c(`1` = 107L, 
    `2` = 51L, `3` = 54L, `4` = 55L, `5` = 67L, `6` = 34L, `7` = 34L, 
    `8` = 22L, `9` = 19L, `10` = 22L, `11` = 24L, `12` = 9L, 
    `13` = 6L, `14` = 5L, `15` = 7L, `16` = 2L, `17` = 4L, `25` = 1L, 
    `26` = 1L), .Dim = 19L, .Dimnames = structure(list(c("1", 
    "2", "3", "4", "5", "6", "7", "8", "9", "10", "11", "12", 
    "13", "14", "15", "16", "17", "25", "26")), .Names = ""), class = "table"), 
    No.Tag = structure(c(0L, 0L, 0L, 0L, 0L, 0L, 15L, 18L, 0L, 
    1L, 0L, 2L, 44L, 0L, 1L, 0L, 0L, 1L, 0L, 0L), .Dim = 5:4, .Dimnames = structure(list(
        c("-2", "-1", "0", "1", NA), c("A", "G", "T", NA)), .Names = c("", 
    "")), class = "table"), All.Tags = list(Concordant = list(
        Freqs = structure(c(0, 0, 0, 0, 1, 111, 141, 0, 0, 7, 
        222, 0), .Dim = 4:3, .Dimnames = list(c("-2", "-1", "0", 
        "1"), c("A", "G", "T"))), N = 482), Majority = list(Freqs = structure(c(0, 
    0, 0, 0, 1, 121, 149, 0, 0, 8, 236, 0), .Dim = 4:3, .Dimnames = list(
        c("-2", "-1", "0", "1"), c("A", "G", "T"))), N = 515)), 
    `2` = structure(c(0, 0, 0, 0, 1, 103, 113, 0, 0, 6, 189, 
    0), .Dim = 4:3, .Dimnames = list(c("-2", "-1", "0", "1"), 
        c("A", "G", "T"))))))
