Results <-
list(`bwaOutput/20210421msiMNRsJenny/1051_S38.sam` = list(DEPDC2_SNP1 = list(
    All = list(Freqs = structure(c(0L, 3L, 0L, 0L, 236L, 7153L, 
    38L, 29L, 0L, 36L, 0L, 0L), .Dim = 4:3, .Dimnames = structure(list(
        c("-1", "0", "1", NA), c("C", "T", NA)), .Names = c("", 
    "")), class = "table"), N = 7495L), Tag.Distribution = structure(c(`1` = 239L, 
    `2` = 167L, `3` = 139L, `4` = 164L, `5` = 119L, `6` = 111L, 
    `7` = 82L, `8` = 62L, `9` = 62L, `10` = 43L, `11` = 33L, 
    `12` = 35L, `13` = 26L, `14` = 14L, `15` = 9L, `16` = 12L, 
    `17` = 10L, `18` = 5L, `19` = 4L, `20` = 3L, `22` = 3L, `23` = 3L, 
    `24` = 1L, `25` = 1L, `26` = 2L, `27` = 1L, `32` = 1L), .Dim = 27L, .Dimnames = structure(list(
        c("1", "2", "3", "4", "5", "6", "7", "8", "9", "10", 
        "11", "12", "13", "14", "15", "16", "17", "18", "19", 
        "20", "22", "23", "24", "25", "26", "27", "32")), .Names = ""), class = "table"), 
    No.Tag = structure(c(0L, 0L, 0L, 0L, 3L, 184L, 0L, 4L, 0L, 
    4L, 0L, 0L), .Dim = 4:3, .Dimnames = structure(list(c("-1", 
    "0", "1", NA), c("C", "T", NA)), .Names = c("", "")), class = "table"), 
    All.Tags = list(Concordant = list(Freqs = structure(c(0, 
    2, 0, 24, 1234, 3), .Dim = 3:2, .Dimnames = list(c("-1", 
    "0", "1"), c("C", "T"))), N = 1263), Majority = list(Freqs = structure(c(0, 
    2, 0, 32, 1296, 4), .Dim = 3:2, .Dimnames = list(c("-1", 
    "0", "1"), c("C", "T"))), N = 1334)), `2` = structure(c(0, 
    0, 0, 29, 1075, 3), .Dim = 3:2, .Dimnames = list(c("-1", 
    "0", "1"), c("C", "T"))))))
