Results <-
list(`bwaOutput/20210421msiMNRsJenny/1051_S38.sam` = list(LR44_SNP1 = list(
    All = list(Freqs = structure(c(8L, 290L, 1383L, 956L, 13L, 
    1L, 17L, 2L, 19L, 190L, 989L, 14L, 1L, 5L, 0L, 3L, 21L, 30L, 
    1L, 0L, 0L), .Dim = c(7L, 3L), .Dimnames = structure(list(
        c("-3", "-2", "-1", "0", "1", "2", NA), c("C", "T", NA
        )), .Names = c("", "")), class = "table"), N = 3943L), 
    Tag.Distribution = structure(c(`1` = 88L, `2` = 52L, `3` = 69L, 
    `4` = 69L, `5` = 47L, `6` = 62L, `7` = 53L, `8` = 39L, `9` = 24L, 
    `10` = 39L, `11` = 20L, `12` = 15L, `13` = 12L, `14` = 16L, 
    `15` = 9L, `16` = 7L, `17` = 4L, `18` = 4L, `19` = 1L, `20` = 2L, 
    `22` = 1L, `30` = 1L, `31` = 1L), .Dim = 23L, .Dimnames = structure(list(
        c("1", "2", "3", "4", "5", "6", "7", "8", "9", "10", 
        "11", "12", "13", "14", "15", "16", "17", "18", "19", 
        "20", "22", "30", "31")), .Names = ""), class = "table"), 
    No.Tag = structure(c(0L, 1L, 9L, 14L, 0L, 1L, 0L, 0L, 2L, 
    2L, 31L, 0L, 0L, 0L, 0L, 0L, 1L, 2L, 0L, 0L, 0L), .Dim = c(7L, 
    3L), .Dimnames = structure(list(c("-3", "-2", "-1", "0", 
    "1", "2", NA), c("C", "T", NA)), .Names = c("", "")), class = "table"), 
    All.Tags = list(Concordant = list(Freqs = structure(c(0, 
    29, 155, 83, 0, 0, 0, 4, 13, 106, 0, 0), .Dim = c(6L, 2L), .Dimnames = list(
        c("-3", "-2", "-1", "0", "1", "2"), c("C", "T"))), N = 390), 
        Majority = list(Freqs = structure(c(0, 39, 228, 145, 
        0, 0, 0, 4, 16, 181, 0, 0), .Dim = c(6L, 2L), .Dimnames = list(
            c("-3", "-2", "-1", "0", "1", "2"), c("C", "T"))), 
            N = 613)), `2` = structure(c(0, 33, 203, 127, 0, 
    0, 0, 1, 13, 150, 0, 0), .Dim = c(6L, 2L), .Dimnames = list(
        c("-3", "-2", "-1", "0", "1", "2"), c("C", "T"))))))
