Results <-
list(`bwaOutput/20210421msiMNRsJenny/1051_S38.sam` = list(LR49_SNP1 = list(
    All = list(Freqs = structure(c(0L, 3L, 13L, 1L, 313L, 990L, 
    2744L, 16L, 0L, 5L, 13L, 0L), .Dim = 4:3, .Dimnames = structure(list(
        c("-2", "-1", "0", NA), c("A", "G", NA)), .Names = c("", 
    "")), class = "table"), N = 4098L), Tag.Distribution = structure(c(`1` = 151L, 
    `2` = 102L, `3` = 135L, `4` = 107L, `5` = 92L, `6` = 61L, 
    `7` = 48L, `8` = 31L, `9` = 36L, `10` = 27L, `11` = 16L, 
    `12` = 12L, `13` = 4L, `14` = 10L, `15` = 4L, `16` = 4L, 
    `17` = 4L, `21` = 1L, `22` = 2L, `25` = 1L), .Dim = 20L, .Dimnames = structure(list(
        c("1", "2", "3", "4", "5", "6", "7", "8", "9", "10", 
        "11", "12", "13", "14", "15", "16", "17", "21", "22", 
        "25")), .Names = ""), class = "table"), No.Tag = structure(c(0L, 
    0L, 1L, 0L, 3L, 30L, 75L, 1L, 0L, 1L, 1L, 0L), .Dim = 4:3, .Dimnames = structure(list(
        c("-2", "-1", "0", NA), c("A", "G", NA)), .Names = c("", 
    "")), class = "table"), All.Tags = list(Concordant = list(
        Freqs = structure(c(0, 1, 4, 58, 164, 520), .Dim = 3:2, .Dimnames = list(
            c("-2", "-1", "0"), c("A", "G"))), N = 747), Majority = list(
        Freqs = structure(c(0, 1, 4, 67, 196, 566), .Dim = 3:2, .Dimnames = list(
            c("-2", "-1", "0"), c("A", "G"))), N = 834)), `2` = structure(c(0, 
    0, 0, 56, 158, 474), .Dim = 3:2, .Dimnames = list(c("-2", 
    "-1", "0"), c("A", "G"))))))
