Results <-
list(`bwaOutput/20210421msiMNRsJenny/1065_S40.sam` = list(LR36_SNP1 = list(
    All = list(Freqs = structure(c(0L, 0L, 0L, 3L, 0L, 0L, 0L, 
    0L, 31L, 478L, 932L, 4L, 1L, 17L, 1L, 0L, 11L, 50L, 0L, 0L, 
    0L), .Dim = c(7L, 3L), .Dimnames = structure(list(c("-3", 
    "-2", "-1", "0", "1", "2", NA), c("A", "T", NA)), .Names = c("", 
    "")), class = "table"), N = 1528L), Tag.Distribution = structure(c(`1` = 26L, 
    `2` = 1L, `3` = 1L, `6` = 1L, `7` = 2L, `8` = 1L, `9` = 1L, 
    `10` = 3L, `11` = 1L, `12` = 1L, `13` = 1L, `14` = 4L, `15` = 1L, 
    `16` = 1L, `17` = 2L, `18` = 3L, `19` = 4L, `20` = 1L, `21` = 5L, 
    `22` = 1L, `23` = 2L, `24` = 2L, `25` = 1L, `26` = 2L, `27` = 2L, 
    `28` = 1L, `29` = 2L, `30` = 1L, `33` = 1L, `34` = 1L, `37` = 1L, 
    `41` = 2L, `44` = 1L, `45` = 2L, `46` = 2L, `47` = 1L, `48` = 1L, 
    `55` = 1L), .Dim = 38L, .Dimnames = structure(list(c("1", 
    "2", "3", "6", "7", "8", "9", "10", "11", "12", "13", "14", 
    "15", "16", "17", "18", "19", "20", "21", "22", "23", "24", 
    "25", "26", "27", "28", "29", "30", "33", "34", "37", "41", 
    "44", "45", "46", "47", "48", "55")), .Names = ""), class = "table"), 
    No.Tag = structure(c(0L, 0L, 0L, 0L, 0L, 0L, 0L, 0L, 0L, 
    30L, 56L, 0L, 0L, 2L, 0L, 0L, 2L, 3L, 0L, 0L, 0L), .Dim = c(7L, 
    3L), .Dimnames = structure(list(c("-3", "-2", "-1", "0", 
    "1", "2", NA), c("A", "T", NA)), .Names = c("", "")), class = "table"), 
    All.Tags = list(Concordant = list(Freqs = structure(c(0, 
    0, 0, 1, 0, 0, 0, 2, 19, 39, 0, 0), .Dim = c(6L, 2L), .Dimnames = list(
        c("-3", "-2", "-1", "0", "1", "2"), c("A", "T"))), N = 61), 
        Majority = list(Freqs = structure(c(0, 0, 0, 1, 0, 0, 
        0, 2, 24, 55, 0, 0), .Dim = c(6L, 2L), .Dimnames = list(
            c("-3", "-2", "-1", "0", "1", "2"), c("A", "T"))), 
            N = 82)), `2` = structure(c(0, 0, 0, 0, 0, 0, 0, 
    1, 18, 42, 0, 0), .Dim = c(6L, 2L), .Dimnames = list(c("-3", 
    "-2", "-1", "0", "1", "2"), c("A", "T"))))))
