Results <-
list(`bwaOutput/20210421msiMNRsJenny/1065_S40.sam` = list(LR17_SNP1 = list(
    All = list(Freqs = structure(c(218L, 212L, 1125L, 30L, 20L, 
    3L, 6L, 43L, 0L, 0L), .Dim = c(5L, 2L), .Dimnames = structure(list(
        c("-2", "-1", "0", "1", NA), c("A", NA)), .Names = c("", 
    "")), class = "table"), N = 1657L), Tag.Distribution = structure(c(`1` = 25L, 
    `2` = 1L, `3` = 1L, `4` = 1L, `5` = 1L, `7` = 1L, `8` = 1L, 
    `10` = 2L, `11` = 3L, `12` = 1L, `13` = 1L, `14` = 2L, `15` = 1L, 
    `16` = 3L, `17` = 1L, `18` = 2L, `19` = 2L, `20` = 2L, `21` = 3L, 
    `22` = 1L, `23` = 3L, `24` = 1L, `25` = 1L, `26` = 1L, `27` = 1L, 
    `29` = 4L, `30` = 2L, `31` = 1L, `32` = 1L, `33` = 3L, `34` = 1L, 
    `35` = 1L, `36` = 1L, `42` = 1L, `43` = 1L, `44` = 1L, `47` = 1L, 
    `48` = 1L, `49` = 2L, `51` = 2L, `53` = 1L, `60` = 1L), .Dim = 42L, .Dimnames = structure(list(
        c("1", "2", "3", "4", "5", "7", "8", "10", "11", "12", 
        "13", "14", "15", "16", "17", "18", "19", "20", "21", 
        "22", "23", "24", "25", "26", "27", "29", "30", "31", 
        "32", "33", "34", "35", "36", "42", "43", "44", "47", 
        "48", "49", "51", "53", "60")), .Names = ""), class = "table"), 
    No.Tag = structure(c(34L, 0L, 26L, 0L, 1L, 0L, 0L, 6L, 0L, 
    0L), .Dim = c(5L, 2L), .Dimnames = structure(list(c("-2", 
    "-1", "0", "1", NA), c("A", NA)), .Names = c("", "")), class = "table"), 
    All.Tags = list(Concordant = list(Freqs = structure(c(13, 
    4, 30, 0), .Dim = c(4L, 1L), .Dimnames = list(c("-2", "-1", 
    "0", "1"), "A")), N = 47), Majority = list(Freqs = structure(c(13, 
    7, 60, 1), .Dim = c(4L, 1L), .Dimnames = list(c("-2", "-1", 
    "0", "1"), "A")), N = 81)), `2` = structure(c(10, 6, 45, 
    1), .Dim = c(4L, 1L), .Dimnames = list(c("-2", "-1", "0", 
    "1"), "A")))))
