Results <-
list(`bwaOutput/20210421msiMNRsJenny/1065_S40.sam` = list(GM07_SNP1 = list(
    All = list(Freqs = structure(c(0L, 0L, 0L, 5L, 0L, 0L, 0L, 
    0L, 1L, 0L, 0L, 0L, 1L, 9L, 392L, 867L, 18L, 37L, 0L, 0L, 
    2L, 11L, 0L, 0L), .Dim = c(6L, 4L), .Dimnames = structure(list(
        c("-3", "-2", "-1", "0", "1", NA), c("A", "C", "G", NA
        )), .Names = c("", "")), class = "table"), N = 1343L), 
    Tag.Distribution = structure(c(`1` = 20L, `4` = 1L, `5` = 2L, 
    `6` = 2L, `7` = 1L, `8` = 2L, `9` = 2L, `10` = 2L, `12` = 1L, 
    `13` = 1L, `15` = 1L, `16` = 1L, `17` = 2L, `18` = 1L, `19` = 2L, 
    `20` = 1L, `21` = 3L, `22` = 1L, `23` = 1L, `24` = 1L, `25` = 1L, 
    `27` = 1L, `29` = 1L, `30` = 1L, `32` = 1L, `33` = 4L, `34` = 1L, 
    `36` = 1L, `38` = 1L, `39` = 1L, `40` = 2L, `42` = 1L, `45` = 1L, 
    `46` = 1L, `48` = 1L, `52` = 1L, `57` = 1L, `70` = 1L), .Dim = 38L, .Dimnames = structure(list(
        c("1", "4", "5", "6", "7", "8", "9", "10", "12", "13", 
        "15", "16", "17", "18", "19", "20", "21", "22", "23", 
        "24", "25", "27", "29", "30", "32", "33", "34", "36", 
        "38", "39", "40", "42", "45", "46", "48", "52", "57", 
        "70")), .Names = ""), class = "table"), No.Tag = structure(c(0L, 
    0L, 0L, 0L, 0L, 0L, 0L, 0L, 0L, 0L, 0L, 0L, 0L, 0L, 6L, 61L, 
    1L, 6L, 0L, 0L, 0L, 2L, 0L, 0L), .Dim = c(6L, 4L), .Dimnames = structure(list(
        c("-3", "-2", "-1", "0", "1", NA), c("A", "C", "G", NA
        )), .Names = c("", "")), class = "table"), All.Tags = list(
        Concordant = list(Freqs = structure(c(0, 0, 0, 5, 0, 
        0, 0, 0, 0, 0, 0, 0, 11, 18, 0), .Dim = c(5L, 3L), .Dimnames = list(
            c("-3", "-2", "-1", "0", "1"), c("A", "C", "G"))), 
            N = 34), Majority = list(Freqs = structure(c(0, 0, 
        0, 5, 0, 0, 0, 0, 0, 0, 0, 0, 19, 42, 0), .Dim = c(5L, 
        3L), .Dimnames = list(c("-3", "-2", "-1", "0", "1"), 
            c("A", "C", "G"))), N = 66)), `2` = structure(c(0, 
    0, 0, 0, 0, 0, 0, 0, 0, 0, 0, 0, 16, 34, 0), .Dim = c(5L, 
    3L), .Dimnames = list(c("-3", "-2", "-1", "0", "1"), c("A", 
    "C", "G"))))))
