Results <-
list(`bwaOutput/20210421msiMNRsJenny/1065_S40.sam` = list(LR48_SNP1 = list(
    All = list(Freqs = structure(c(3L, 410L, 271L, 2L, 6L, 1L, 
    39L, 379L, 5L, 2L, 0L, 2L, 14L, 0L, 0L), .Dim = c(5L, 3L), .Dimnames = structure(list(
        c("-2", "-1", "0", "1", NA), c("C", "T", NA)), .Names = c("", 
    "")), class = "table"), N = 1134L), Tag.Distribution = structure(c(`1` = 10L, 
    `4` = 1L, `5` = 2L, `8` = 2L, `9` = 1L, `11` = 2L, `14` = 1L, 
    `16` = 2L, `18` = 1L, `20` = 1L, `22` = 1L, `23` = 2L, `27` = 1L, 
    `29` = 1L, `30` = 2L, `32` = 1L, `33` = 1L, `36` = 1L, `38` = 2L, 
    `41` = 1L, `42` = 1L, `44` = 1L, `46` = 1L, `48` = 1L, `50` = 2L, 
    `53` = 1L, `54` = 1L, `56` = 1L, `57` = 1L, `70` = 1L), .Dim = 30L, .Dimnames = structure(list(
        c("1", "4", "5", "8", "9", "11", "14", "16", "18", "20", 
        "22", "23", "27", "29", "30", "32", "33", "36", "38", 
        "41", "42", "44", "46", "48", "50", "53", "54", "56", 
        "57", "70")), .Names = ""), class = "table"), No.Tag = structure(c(0L, 
    4L, 1L, 0L, 1L, 0L, 0L, 1L, 0L, 0L, 0L, 0L, 0L, 0L, 0L), .Dim = c(5L, 
    3L), .Dimnames = structure(list(c("-2", "-1", "0", "1", NA
    ), c("C", "T", NA)), .Names = c("", "")), class = "table"), 
    All.Tags = list(Concordant = list(Freqs = structure(c(0, 
    8, 9, 0, 0, 0, 8, 0), .Dim = c(4L, 2L), .Dimnames = list(
        c("-2", "-1", "0", "1"), c("C", "T"))), N = 25), Majority = list(
        Freqs = structure(c(0, 12, 16, 0, 0, 1, 16, 0), .Dim = c(4L, 
        2L), .Dimnames = list(c("-2", "-1", "0", "1"), c("C", 
        "T"))), N = 45)), `2` = structure(c(0, 11, 11, 0, 0, 
    1, 14, 0), .Dim = c(4L, 2L), .Dimnames = list(c("-2", "-1", 
    "0", "1"), c("C", "T"))))))
