Results <-
list(`bwaOutput/20210421msiMNRsJenny/1065_S40.sam` = list(GM01_SNP1 = list(
    All = list(Freqs = structure(c(0L, 2L, 0L, 0L, 83L, 1516L, 
    3L, 5L, 0L, 16L, 0L, 0L), .Dim = 4:3, .Dimnames = structure(list(
        c("-1", "0", "1", NA), c("A", "G", NA)), .Names = c("", 
    "")), class = "table"), N = 1625L), Tag.Distribution = structure(c(`1` = 12L, 
    `5` = 2L, `6` = 1L, `8` = 1L, `9` = 1L, `10` = 3L, `11` = 3L, 
    `12` = 1L, `13` = 1L, `14` = 1L, `15` = 2L, `16` = 1L, `17` = 5L, 
    `18` = 2L, `20` = 1L, `21` = 2L, `24` = 5L, `25` = 1L, `27` = 4L, 
    `28` = 2L, `29` = 1L, `31` = 1L, `32` = 1L, `33` = 1L, `36` = 1L, 
    `37` = 4L, `38` = 1L, `42` = 1L, `43` = 1L, `45` = 1L, `47` = 1L, 
    `49` = 1L, `51` = 1L, `52` = 1L, `56` = 1L, `65` = 1L, `77` = 1L
    ), .Dim = 37L, .Dimnames = structure(list(c("1", "5", "6", 
    "8", "9", "10", "11", "12", "13", "14", "15", "16", "17", 
    "18", "20", "21", "24", "25", "27", "28", "29", "31", "32", 
    "33", "36", "37", "38", "42", "43", "45", "47", "49", "51", 
    "52", "56", "65", "77")), .Names = ""), class = "table"), 
    No.Tag = structure(c(0L, 0L, 0L, 0L, 0L, 66L, 0L, 0L, 0L, 
    0L, 0L, 0L), .Dim = 4:3, .Dimnames = structure(list(c("-1", 
    "0", "1", NA), c("A", "G", NA)), .Names = c("", "")), class = "table"), 
    All.Tags = list(Concordant = list(Freqs = structure(c(0, 
    2, 0, 3, 41, 0), .Dim = 3:2, .Dimnames = list(c("-1", "0", 
    "1"), c("A", "G"))), N = 46), Majority = list(Freqs = structure(c(0, 
    2, 0, 3, 65, 0), .Dim = 3:2, .Dimnames = list(c("-1", "0", 
    "1"), c("A", "G"))), N = 70)), `2` = structure(c(0, 0, 0, 
    2, 57, 0), .Dim = 3:2, .Dimnames = list(c("-1", "0", "1"), 
        c("A", "G"))))))
