Results <-
list(`bwaOutput/20210421msiMNRsJenny/1065_S40.sam` = list(LR49_SNP1 = list(
    All = list(Freqs = structure(c(0L, 1L, 45L, 1465L, 1L, 6L
    ), .Dim = 2:3, .Dimnames = structure(list(c("-1", "0"), c("A", 
    "G", NA)), .Names = c("", "")), class = "table"), N = 1518L), 
    Tag.Distribution = structure(c(`1` = 17L, `2` = 3L, `3` = 1L, 
    `4` = 3L, `5` = 2L, `6` = 4L, `7` = 7L, `8` = 2L, `9` = 5L, 
    `10` = 1L, `11` = 1L, `12` = 3L, `13` = 7L, `14` = 3L, `15` = 4L, 
    `16` = 1L, `17` = 4L, `18` = 6L, `19` = 3L, `20` = 2L, `22` = 1L, 
    `23` = 2L, `24` = 1L, `25` = 1L, `26` = 2L, `27` = 1L, `28` = 1L, 
    `30` = 2L, `32` = 1L, `33` = 1L, `34` = 1L, `35` = 2L, `36` = 1L, 
    `37` = 1L, `40` = 1L, `41` = 1L, `49` = 1L, `52` = 2L), .Dim = 38L, .Dimnames = structure(list(
        c("1", "2", "3", "4", "5", "6", "7", "8", "9", "10", 
        "11", "12", "13", "14", "15", "16", "17", "18", "19", 
        "20", "22", "23", "24", "25", "26", "27", "28", "30", 
        "32", "33", "34", "35", "36", "37", "40", "41", "49", 
        "52")), .Names = ""), class = "table"), No.Tag = structure(c(0L, 
    0L, 0L, 0L, 37L, 0L, 0L, 0L, 0L), .Dim = c(3L, 3L), .Dimnames = structure(list(
        c("-1", "0", NA), c("A", "G", NA)), .Names = c("", ""
    )), class = "table"), All.Tags = list(Concordant = list(Freqs = structure(c(0, 
    0, 2, 95), .Dim = c(2L, 2L), .Dimnames = list(c("-1", "0"
    ), c("A", "G"))), N = 97), Majority = list(Freqs = structure(c(0, 
    0, 2, 99), .Dim = c(2L, 2L), .Dimnames = list(c("-1", "0"
    ), c("A", "G"))), N = 101)), `2` = structure(c(0, 0, 2, 83
    ), .Dim = c(2L, 2L), .Dimnames = list(c("-1", "0"), c("A", 
    "G"))))))
