Results <-
list(`bwaOutput/20210421msiMNRsJenny/1065_S40.sam` = list(GM14_SNP1 = list(
    All = list(Freqs = structure(c(13L, 847L, 843L, 10L, 7L, 
    0L, 0L, 3L, 0L, 0L, 0L, 1L, 13L, 0L, 0L), .Dim = c(5L, 3L
    ), .Dimnames = structure(list(c("-2", "-1", "0", "1", NA), 
        c("C", "T", NA)), .Names = c("", "")), class = "table"), 
        N = 1737L), Tag.Distribution = structure(c(`1` = 19L, 
    `2` = 1L, `3` = 2L, `4` = 1L, `5` = 3L, `6` = 1L, `7` = 1L, 
    `8` = 3L, `9` = 4L, `10` = 1L, `11` = 2L, `12` = 3L, `13` = 2L, 
    `14` = 8L, `15` = 1L, `16` = 4L, `17` = 4L, `18` = 3L, `19` = 3L, 
    `20` = 1L, `21` = 1L, `22` = 2L, `23` = 1L, `27` = 1L, `29` = 3L, 
    `31` = 1L, `32` = 1L, `33` = 1L, `34` = 1L, `36` = 1L, `37` = 1L, 
    `39` = 1L, `40` = 2L, `42` = 1L, `43` = 1L, `44` = 1L, `45` = 3L, 
    `47` = 2L, `50` = 2L, `54` = 1L, `67` = 1L), .Dim = 41L, .Dimnames = structure(list(
        c("1", "2", "3", "4", "5", "6", "7", "8", "9", "10", 
        "11", "12", "13", "14", "15", "16", "17", "18", "19", 
        "20", "21", "22", "23", "27", "29", "31", "32", "33", 
        "34", "36", "37", "39", "40", "42", "43", "44", "45", 
        "47", "50", "54", "67")), .Names = ""), class = "table"), 
    No.Tag = structure(c(0L, 4L, 25L, 0L, 1L, 0L, 0L, 0L, 0L, 
    0L, 0L, 0L, 1L, 0L, 0L), .Dim = c(5L, 3L), .Dimnames = structure(list(
        c("-2", "-1", "0", "1", NA), c("C", "T", NA)), .Names = c("", 
    "")), class = "table"), All.Tags = list(Concordant = list(
        Freqs = structure(c(0, 32, 25, 0, 0, 0, 2, 0), .Dim = c(4L, 
        2L), .Dimnames = list(c("-2", "-1", "0", "1"), c("C", 
        "T"))), N = 59), Majority = list(Freqs = structure(c(0, 
    42, 49, 0, 0, 0, 2, 0), .Dim = c(4L, 2L), .Dimnames = list(
        c("-2", "-1", "0", "1"), c("C", "T"))), N = 93)), `2` = structure(c(0, 
    39, 38, 0, 0, 0, 0, 0), .Dim = c(4L, 2L), .Dimnames = list(
        c("-2", "-1", "0", "1"), c("C", "T"))))))
