Results <-
list(`bwaOutput/20210421msiMNRsJenny/1065_S40.sam` = list(GM22_SNP1 = list(
    All = list(Freqs = structure(c(0L, 1L, 2L, 0L, 0L, 1L, 13L, 
    1049L, 6L, 2L, 0L, 1L, 22L, 0L, 0L), .Dim = c(5L, 3L), .Dimnames = structure(list(
        c("-2", "-1", "0", "1", NA), c("A", "G", NA)), .Names = c("", 
    "")), class = "table"), N = 1097L), Tag.Distribution = structure(c(`1` = 15L, 
    `4` = 3L, `5` = 1L, `9` = 3L, `11` = 3L, `12` = 1L, `14` = 1L, 
    `15` = 1L, `16` = 1L, `17` = 1L, `18` = 1L, `20` = 4L, `21` = 4L, 
    `22` = 1L, `23` = 3L, `24` = 1L, `25` = 2L, `28` = 1L, `31` = 2L, 
    `36` = 1L, `38` = 1L, `42` = 1L, `46` = 2L, `48` = 2L, `49` = 1L, 
    `54` = 1L, `59` = 1L), .Dim = 27L, .Dimnames = structure(list(
        c("1", "4", "5", "9", "11", "12", "14", "15", "16", "17", 
        "18", "20", "21", "22", "23", "24", "25", "28", "31", 
        "36", "38", "42", "46", "48", "49", "54", "59")), .Names = ""), class = "table"), 
    No.Tag = structure(c(0L, 0L, 0L, 0L, 0L, 0L, 0L, 26L, 0L, 
    1L, 0L, 0L, 1L, 0L, 0L), .Dim = c(5L, 3L), .Dimnames = structure(list(
        c("-2", "-1", "0", "1", NA), c("A", "G", NA)), .Names = c("", 
    "")), class = "table"), All.Tags = list(Concordant = list(
        Freqs = structure(c(0, 1, 2, 0, 0, 0, 38, 0), .Dim = c(4L, 
        2L), .Dimnames = list(c("-2", "-1", "0", "1"), c("A", 
        "G"))), N = 41), Majority = list(Freqs = structure(c(0, 
    1, 2, 0, 0, 0, 54, 0), .Dim = c(4L, 2L), .Dimnames = list(
        c("-2", "-1", "0", "1"), c("A", "G"))), N = 57)), `2` = structure(c(0, 
    0, 0, 0, 0, 0, 44, 0), .Dim = c(4L, 2L), .Dimnames = list(
        c("-2", "-1", "0", "1"), c("A", "G"))))))
