Results <-
list(`bwaOutput/20210421msiMNRsJenny/1065_S40.sam` = list(GM17_SNP1 = list(
    All = list(Freqs = structure(c(15L, 664L, 0L, 9L, 937L, 4L, 
    0L, 7L, 0L), .Dim = c(3L, 3L), .Dimnames = structure(list(
        c("-1", "0", "1"), c("C", "T", NA)), .Names = c("", ""
    )), class = "table"), N = 1636L), Tag.Distribution = structure(c(`1` = 34L, 
    `2` = 2L, `3` = 1L, `5` = 3L, `6` = 2L, `8` = 1L, `9` = 1L, 
    `10` = 3L, `12` = 1L, `13` = 1L, `15` = 4L, `16` = 3L, `17` = 1L, 
    `18` = 2L, `20` = 2L, `21` = 2L, `22` = 2L, `23` = 2L, `24` = 1L, 
    `25` = 2L, `26` = 3L, `27` = 1L, `28` = 2L, `29` = 1L, `30` = 1L, 
    `31` = 1L, `32` = 2L, `39` = 1L, `42` = 1L, `43` = 2L, `44` = 3L, 
    `46` = 1L, `48` = 1L, `55` = 3L, `57` = 1L, `62` = 1L, `63` = 1L
    ), .Dim = 37L, .Dimnames = structure(list(c("1", "2", "3", 
    "5", "6", "8", "9", "10", "12", "13", "15", "16", "17", "18", 
    "20", "21", "22", "23", "24", "25", "26", "27", "28", "29", 
    "30", "31", "32", "39", "42", "43", "44", "46", "48", "55", 
    "57", "62", "63")), .Names = ""), class = "table"), No.Tag = structure(c(3L, 
    26L, 0L, 0L, 0L, 4L, 0L, 0L, 0L, 1L, 0L, 0L), .Dim = 4:3, .Dimnames = structure(list(
        c("-1", "0", "1", NA), c("C", "T", NA)), .Names = c("", 
    "")), class = "table"), All.Tags = list(Concordant = list(
        Freqs = structure(c(0, 35, 0, 0, 41, 0), .Dim = 3:2, .Dimnames = list(
            c("-1", "0", "1"), c("C", "T"))), N = 76), Majority = list(
        Freqs = structure(c(0, 44, 0, 0, 51, 0), .Dim = 3:2, .Dimnames = list(
            c("-1", "0", "1"), c("C", "T"))), N = 95)), `2` = structure(c(0, 
    28, 0, 0, 34, 0), .Dim = 3:2, .Dimnames = list(c("-1", "0", 
    "1"), c("C", "T"))))))
