Results <-
list(`bwaOutput/20210421msiMNRsJenny/1065_S40.sam` = list(IM49_SNP1 = list(
    All = list(Freqs = structure(c(2L, 102L, 479L, 1580L, 29L, 
    28L, 0L, 0L, 0L, 1L, 0L, 0L, 0L, 2L, 3L, 47L, 0L, 0L), .Dim = c(6L, 
    3L), .Dimnames = structure(list(c("-3", "-2", "-1", "0", 
    "1", NA), c("C", "G", NA)), .Names = c("", "")), class = "table"), 
        N = 2273L), Tag.Distribution = structure(c(`1` = 62L, 
    `2` = 9L, `3` = 10L, `4` = 9L, `5` = 13L, `6` = 8L, `7` = 11L, 
    `8` = 9L, `9` = 10L, `10` = 12L, `11` = 13L, `12` = 13L, 
    `13` = 6L, `14` = 6L, `15` = 5L, `16` = 6L, `17` = 3L, `18` = 5L, 
    `19` = 4L, `20` = 1L, `21` = 2L, `22` = 5L, `23` = 1L, `24` = 2L, 
    `26` = 2L, `27` = 1L, `28` = 1L, `29` = 1L, `31` = 3L, `32` = 2L, 
    `33` = 1L, `34` = 1L, `36` = 2L, `39` = 1L, `40` = 1L), .Dim = 35L, .Dimnames = structure(list(
        c("1", "2", "3", "4", "5", "6", "7", "8", "9", "10", 
        "11", "12", "13", "14", "15", "16", "17", "18", "19", 
        "20", "21", "22", "23", "24", "26", "27", "28", "29", 
        "31", "32", "33", "34", "36", "39", "40")), .Names = ""), class = "table"), 
    No.Tag = structure(c(0L, 1L, 7L, 39L, 1L, 1L, 0L, 0L, 0L, 
    0L, 0L, 0L, 0L, 1L, 0L, 2L, 0L, 0L), .Dim = c(6L, 3L), .Dimnames = structure(list(
        c("-3", "-2", "-1", "0", "1", NA), c("C", "G", NA)), .Names = c("", 
    "")), class = "table"), All.Tags = list(Concordant = list(
        Freqs = structure(c(0, 9, 26, 120, 0, 0, 0, 0, 1, 0), .Dim = c(5L, 
        2L), .Dimnames = list(c("-3", "-2", "-1", "0", "1"), 
            c("C", "G"))), N = 156), Majority = list(Freqs = structure(c(0, 
    11, 41, 172, 0, 0, 0, 0, 1, 0), .Dim = c(5L, 2L), .Dimnames = list(
        c("-3", "-2", "-1", "0", "1"), c("C", "G"))), N = 225)), 
    `2` = structure(c(0, 8, 35, 134, 0, 0, 0, 0, 0, 0), .Dim = c(5L, 
    2L), .Dimnames = list(c("-3", "-2", "-1", "0", "1"), c("C", 
    "G"))))))
