Results <-
list(`bwaOutput/20210421msiMNRsJenny/1065_S40.sam` = list(LR10_SNP1 = list(
    All = list(Freqs = structure(c(291L, 905L, 7L, 1L, 4L, 1L, 
    9L, 1L, 0L, 0L, 2L, 6L, 0L, 0L, 0L), .Dim = c(5L, 3L), .Dimnames = structure(list(
        c("-1", "0", "1", "2", NA), c("C", "T", NA)), .Names = c("", 
    "")), class = "table"), N = 1227L), Tag.Distribution = structure(c(`1` = 16L, 
    `2` = 1L, `3` = 1L, `4` = 1L, `5` = 1L, `7` = 3L, `8` = 2L, 
    `9` = 1L, `12` = 1L, `13` = 1L, `15` = 1L, `16` = 1L, `17` = 1L, 
    `18` = 1L, `19` = 2L, `20` = 3L, `21` = 1L, `22` = 1L, `23` = 2L, 
    `24` = 1L, `25` = 1L, `26` = 1L, `27` = 2L, `28` = 2L, `29` = 1L, 
    `30` = 3L, `31` = 2L, `36` = 1L, `38` = 1L, `41` = 1L, `42` = 1L, 
    `43` = 1L, `44` = 2L, `47` = 1L, `48` = 1L, `52` = 1L, `53` = 1L
    ), .Dim = 37L, .Dimnames = structure(list(c("1", "2", "3", 
    "4", "5", "7", "8", "9", "12", "13", "15", "16", "17", "18", 
    "19", "20", "21", "22", "23", "24", "25", "26", "27", "28", 
    "29", "30", "31", "36", "38", "41", "42", "43", "44", "47", 
    "48", "52", "53")), .Names = ""), class = "table"), No.Tag = structure(c(14L, 
    5L, 0L, 0L, 0L, 0L, 0L, 0L, 0L, 0L, 0L, 0L, 0L, 0L, 0L), .Dim = c(5L, 
    3L), .Dimnames = structure(list(c("-1", "0", "1", "2", NA
    ), c("C", "T", NA)), .Names = c("", "")), class = "table"), 
    All.Tags = list(Concordant = list(Freqs = structure(c(12, 
    29, 0, 0, 0, 4, 0, 0), .Dim = c(4L, 2L), .Dimnames = list(
        c("-1", "0", "1", "2"), c("C", "T"))), N = 45), Majority = list(
        Freqs = structure(c(13, 46, 1, 0, 0, 4, 0, 0), .Dim = c(4L, 
        2L), .Dimnames = list(c("-1", "0", "1", "2"), c("C", 
        "T"))), N = 64)), `2` = structure(c(10, 37, 1, 0, 0, 
    1, 0, 0), .Dim = c(4L, 2L), .Dimnames = list(c("-1", "0", 
    "1", "2"), c("C", "T"))))))
