Results <-
list(`bwaOutput/20210421msiMNRsJenny/1065_S40.sam` = list(LR20_SNP1 = list(
    All = list(Freqs = structure(c(0L, 713L, 1L, 1L, 423L, 454L, 
    1L, 5L, 4L, 9L, 0L, 0L), .Dim = 4:3, .Dimnames = structure(list(
        c("-1", "0", "1", NA), c("A", "G", NA)), .Names = c("", 
    "")), class = "table"), N = 1611L), Tag.Distribution = structure(c(`1` = 17L, 
    `2` = 3L, `3` = 3L, `4` = 1L, `6` = 3L, `7` = 1L, `8` = 2L, 
    `9` = 3L, `10` = 1L, `12` = 3L, `13` = 4L, `14` = 1L, `15` = 2L, 
    `16` = 5L, `17` = 1L, `18` = 3L, `19` = 3L, `21` = 1L, `22` = 3L, 
    `23` = 1L, `25` = 2L, `26` = 2L, `27` = 1L, `28` = 2L, `29` = 1L, 
    `31` = 1L, `36` = 1L, `40` = 2L, `42` = 1L, `43` = 1L, `45` = 1L, 
    `47` = 1L, `50` = 1L, `51` = 2L, `56` = 1L, `62` = 1L, `65` = 1L, 
    `85` = 1L), .Dim = 38L, .Dimnames = structure(list(c("1", 
    "2", "3", "4", "6", "7", "8", "9", "10", "12", "13", "14", 
    "15", "16", "17", "18", "19", "21", "22", "23", "25", "26", 
    "27", "28", "29", "31", "36", "40", "42", "43", "45", "47", 
    "50", "51", "56", "62", "65", "85")), .Names = ""), class = "table"), 
    No.Tag = structure(c(0L, 54L, 1L, 1L, 28L, 3L, 0L, 1L, 0L, 
    1L, 0L, 0L), .Dim = 4:3, .Dimnames = structure(list(c("-1", 
    "0", "1", NA), c("A", "G", NA)), .Names = c("", "")), class = "table"), 
    All.Tags = list(Concordant = list(Freqs = structure(c(0, 
    43, 0, 17, 17, 0), .Dim = 3:2, .Dimnames = list(c("-1", "0", 
    "1"), c("A", "G"))), N = 77), Majority = list(Freqs = structure(c(0, 
    45, 0, 18, 20, 0), .Dim = 3:2, .Dimnames = list(c("-1", "0", 
    "1"), c("A", "G"))), N = 83)), `2` = structure(c(0, 34, 0, 
    16, 17, 0), .Dim = 3:2, .Dimnames = list(c("-1", "0", "1"
    ), c("A", "G"))))))
