Results <-
list(`bwaOutput/20210421msiMNRsJenny/1065_S40.sam` = list(DEPDC2_SNP1 = list(
    All = list(Freqs = structure(c(0L, 1L, 0L, 0L, 0L, 0L, 1L, 
    0L, 0L, 0L, 14L, 1616L, 246L, 1L, 60L, 1L, 9L, 1L, 0L, 0L
    ), .Dim = 5:4, .Dimnames = structure(list(c("-1", "0", "1", 
    "2", NA), c("A", "C", "T", NA)), .Names = c("", "")), class = "table"), 
        N = 1950L), Tag.Distribution = structure(c(`1` = 38L, 
    `2` = 2L, `3` = 1L, `4` = 4L, `5` = 1L, `6` = 1L, `7` = 3L, 
    `8` = 7L, `10` = 4L, `11` = 10L, `12` = 8L, `13` = 7L, `14` = 5L, 
    `15` = 4L, `16` = 3L, `17` = 4L, `18` = 4L, `19` = 1L, `20` = 1L, 
    `21` = 3L, `22` = 3L, `23` = 2L, `24` = 1L, `25` = 5L, `26` = 2L, 
    `27` = 1L, `28` = 1L, `29` = 3L, `30` = 1L, `31` = 1L, `33` = 1L, 
    `37` = 1L, `38` = 2L, `39` = 1L, `40` = 1L, `42` = 1L, `44` = 1L, 
    `48` = 1L, `49` = 1L, `51` = 1L), .Dim = 40L, .Dimnames = structure(list(
        c("1", "2", "3", "4", "5", "6", "7", "8", "10", "11", 
        "12", "13", "14", "15", "16", "17", "18", "19", "20", 
        "21", "22", "23", "24", "25", "26", "27", "28", "29", 
        "30", "31", "33", "37", "38", "39", "40", "42", "44", 
        "48", "49", "51")), .Names = ""), class = "table"), No.Tag = structure(c(0L, 
    0L, 0L, 0L, 0L, 0L, 0L, 0L, 0L, 0L, 0L, 67L, 1L, 0L, 0L, 
    0L, 1L, 0L, 0L, 0L), .Dim = 5:4, .Dimnames = structure(list(
        c("-1", "0", "1", "2", NA), c("A", "C", "T", NA)), .Names = c("", 
    "")), class = "table"), All.Tags = list(Concordant = list(
        Freqs = structure(c(0, 0, 0, 0, 0, 1, 0, 0, 0, 102, 11, 
        0), .Dim = 4:3, .Dimnames = list(c("-1", "0", "1", "2"
        ), c("A", "C", "T"))), N = 114), Majority = list(Freqs = structure(c(0, 
    0, 0, 0, 0, 1, 0, 0, 0, 121, 17, 0), .Dim = 4:3, .Dimnames = list(
        c("-1", "0", "1", "2"), c("A", "C", "T"))), N = 139)), 
    `2` = structure(c(0, 0, 0, 0, 0, 0, 0, 0, 0, 89, 15, 0), .Dim = 4:3, .Dimnames = list(
        c("-1", "0", "1", "2"), c("A", "C", "T"))))))
