Results <-
list(`bwaOutput/20210421msiMNRsJenny/1065_S40.sam` = list(LR44_SNP1 = list(
    All = list(Freqs = structure(c(1L, 59L, 557L, 1352L, 50L, 
    2L, 13L, 0L, 0L, 6L, 11L, 1L, 0L, 0L), .Dim = c(7L, 2L), .Dimnames = structure(list(
        c("-3", "-2", "-1", "0", "1", "2", NA), c("T", NA)), .Names = c("", 
    "")), class = "table"), N = 2052L), Tag.Distribution = structure(c(`1` = 25L, 
    `3` = 1L, `4` = 1L, `5` = 2L, `7` = 2L, `8` = 3L, `9` = 1L, 
    `11` = 1L, `12` = 5L, `14` = 3L, `15` = 4L, `16` = 4L, `17` = 5L, 
    `18` = 2L, `19` = 5L, `20` = 8L, `21` = 3L, `22` = 5L, `23` = 1L, 
    `25` = 1L, `26` = 5L, `27` = 2L, `29` = 1L, `30` = 1L, `32` = 1L, 
    `33` = 4L, `34` = 2L, `41` = 1L, `42` = 1L, `45` = 2L, `47` = 1L, 
    `48` = 1L, `51` = 1L, `52` = 1L, `59` = 1L, `62` = 1L, `65` = 1L, 
    `66` = 1L), .Dim = 38L, .Dimnames = structure(list(c("1", 
    "3", "4", "5", "7", "8", "9", "11", "12", "14", "15", "16", 
    "17", "18", "19", "20", "21", "22", "23", "25", "26", "27", 
    "29", "30", "32", "33", "34", "41", "42", "45", "47", "48", 
    "51", "52", "59", "62", "65", "66")), .Names = ""), class = "table"), 
    No.Tag = structure(c(0L, 0L, 15L, 12L, 0L, 0L, 2L, 0L, 0L, 
    1L, 1L, 0L, 0L, 0L), .Dim = c(7L, 2L), .Dimnames = structure(list(
        c("-3", "-2", "-1", "0", "1", "2", NA), c("T", NA)), .Names = c("", 
    "")), class = "table"), All.Tags = list(Concordant = list(
        Freqs = structure(c(0, 3, 9, 36, 1, 0), .Dim = c(6L, 
        1L), .Dimnames = list(c("-3", "-2", "-1", "0", "1", "2"
        ), "T")), N = 49), Majority = list(Freqs = structure(c(0, 
    3, 21, 82, 2, 0), .Dim = c(6L, 1L), .Dimnames = list(c("-3", 
    "-2", "-1", "0", "1", "2"), "T")), N = 108)), `2` = structure(c(0, 
    2, 17, 65, 1, 0), .Dim = c(6L, 1L), .Dimnames = list(c("-3", 
    "-2", "-1", "0", "1", "2"), "T")))))
