Results <-
list(`bwaOutput/20210421msiMNRsJenny/1065_S40.sam` = list(LR24_SNP1 = list(
    All = list(Freqs = structure(c(1L, 156L, 1969L, 4L, 3L, 0L, 
    0L, 2L, 0L, 0L, 0L, 0L, 1L, 0L, 0L, 0L, 1L, 6L, 1L, 0L), .Dim = 5:4, .Dimnames = structure(list(
        c("-3", "-1", "0", "1", NA), c("A", "G", "T", NA)), .Names = c("", 
    "")), class = "table"), N = 2144L), Tag.Distribution = structure(c(`1` = 50L, 
    `2` = 17L, `3` = 19L, `4` = 13L, `5` = 10L, `6` = 9L, `7` = 6L, 
    `8` = 9L, `9` = 11L, `10` = 13L, `11` = 8L, `12` = 11L, `13` = 5L, 
    `14` = 7L, `15` = 5L, `16` = 7L, `17` = 3L, `18` = 2L, `19` = 4L, 
    `20` = 5L, `21` = 3L, `22` = 5L, `23` = 2L, `24` = 1L, `25` = 1L, 
    `26` = 2L, `27` = 1L, `28` = 3L, `29` = 1L, `30` = 1L, `36` = 1L, 
    `41` = 2L, `43` = 1L), .Dim = 33L, .Dimnames = structure(list(
        c("1", "2", "3", "4", "5", "6", "7", "8", "9", "10", 
        "11", "12", "13", "14", "15", "16", "17", "18", "19", 
        "20", "21", "22", "23", "24", "25", "26", "27", "28", 
        "29", "30", "36", "41", "43")), .Names = ""), class = "table"), 
    No.Tag = structure(c(0L, 1L, 19L, 0L, 0L, 0L, 0L, 0L, 0L, 
    0L, 0L, 0L, 0L, 0L, 0L, 0L, 0L, 0L, 0L, 0L), .Dim = 5:4, .Dimnames = structure(list(
        c("-3", "-1", "0", "1", NA), c("A", "G", "T", NA)), .Names = c("", 
    "")), class = "table"), All.Tags = list(Concordant = list(
        Freqs = structure(c(0, 18, 203, 0, 0, 0, 2, 0, 0, 0, 
        0, 0), .Dim = 4:3, .Dimnames = list(c("-3", "-1", "0", 
        "1"), c("A", "G", "T"))), N = 223), Majority = list(Freqs = structure(c(0, 
    18, 215, 0, 0, 0, 2, 0, 0, 0, 0, 0), .Dim = 4:3, .Dimnames = list(
        c("-3", "-1", "0", "1"), c("A", "G", "T"))), N = 235)), 
    `2` = structure(c(0, 12, 176, 0, 0, 0, 0, 0, 0, 0, 0, 0), .Dim = 4:3, .Dimnames = list(
        c("-3", "-1", "0", "1"), c("A", "G", "T"))))))
