Results <-
list(`bwaOutput/20210421msiMNRsJenny/1065_S40.sam` = list(LR11_SNP1 = list(
    All = list(Freqs = structure(c(35L, 188L, 394L, 2L, 4L, 0L, 
    103L, 189L, 1L, 3L, 0L, 4L, 8L, 0L, 0L), .Dim = c(5L, 3L), .Dimnames = structure(list(
        c("-2", "-1", "0", "1", NA), c("A", "C", NA)), .Names = c("", 
    "")), class = "table"), N = 931L), Tag.Distribution = structure(c(`1` = 10L, 
    `8` = 2L, `10` = 1L, `12` = 1L, `13` = 3L, `14` = 1L, `15` = 1L, 
    `16` = 1L, `18` = 2L, `19` = 2L, `21` = 1L, `22` = 1L, `24` = 1L, 
    `25` = 1L, `26` = 1L, `27` = 2L, `28` = 1L, `29` = 3L, `32` = 1L, 
    `33` = 1L, `34` = 2L, `35` = 1L, `37` = 1L, `42` = 1L, `43` = 1L, 
    `46` = 1L, `47` = 1L, `52` = 1L), .Dim = 28L, .Dimnames = structure(list(
        c("1", "8", "10", "12", "13", "14", "15", "16", "18", 
        "19", "21", "22", "24", "25", "26", "27", "28", "29", 
        "32", "33", "34", "35", "37", "42", "43", "46", "47", 
        "52")), .Names = ""), class = "table"), No.Tag = structure(c(0L, 
    1L, 1L, 0L, 0L, 0L, 0L, 0L, 0L, 1L, 0L, 0L, 0L, 0L, 0L), .Dim = c(5L, 
    3L), .Dimnames = structure(list(c("-2", "-1", "0", "1", NA
    ), c("A", "C", NA)), .Names = c("", "")), class = "table"), 
    All.Tags = list(Concordant = list(Freqs = structure(c(1, 
    8, 9, 0, 0, 6, 6, 0), .Dim = c(4L, 2L), .Dimnames = list(
        c("-2", "-1", "0", "1"), c("A", "C"))), N = 30), Majority = list(
        Freqs = structure(c(1, 10, 18, 0, 0, 6, 10, 0), .Dim = c(4L, 
        2L), .Dimnames = list(c("-2", "-1", "0", "1"), c("A", 
        "C"))), N = 45)), `2` = structure(c(1, 8, 14, 0, 0, 5, 
    8, 0), .Dim = c(4L, 2L), .Dimnames = list(c("-2", "-1", "0", 
    "1"), c("A", "C"))))))
