Results <-
list(`bwaOutput/20210421msiMNRsJenny/1068_S41.sam` = list(LR44_SNP1 = list(
    All = list(Freqs = structure(c(0L, 1L, 2L, 20L, 0L, 0L, 0L, 
    0L, 0L, 6L, 0L, 0L, 24L, 493L, 869L, 909L, 19L, 23L, 1L, 
    1L, 10L, 18L, 1L, 0L), .Dim = c(6L, 4L), .Dimnames = structure(list(
        c("-3", "-2", "-1", "0", "1", NA), c("C", "G", "T", NA
        )), .Names = c("", "")), class = "table"), N = 2397L), 
    Tag.Distribution = structure(c(`1` = 95L, `2` = 37L, `3` = 51L, 
    `4` = 42L, `5` = 33L, `6` = 42L, `7` = 34L, `8` = 29L, `9` = 18L, 
    `10` = 13L, `11` = 14L, `12` = 11L, `13` = 6L, `14` = 2L, 
    `15` = 3L, `16` = 2L, `17` = 1L, `18` = 2L, `19` = 5L, `20` = 1L, 
    `21` = 2L, `23` = 1L), .Dim = 22L, .Dimnames = structure(list(
        c("1", "2", "3", "4", "5", "6", "7", "8", "9", "10", 
        "11", "12", "13", "14", "15", "16", "17", "18", "19", 
        "20", "21", "23")), .Names = ""), class = "table"), No.Tag = structure(c(0L, 
    0L, 0L, 0L, 0L, 0L, 0L, 0L, 0L, 0L, 0L, 0L, 0L, 3L, 8L, 10L, 
    0L, 3L, 0L, 0L, 2L, 0L, 0L, 0L), .Dim = c(6L, 4L), .Dimnames = structure(list(
        c("-3", "-2", "-1", "0", "1", NA), c("C", "G", "T", NA
        )), .Names = c("", "")), class = "table"), All.Tags = list(
        Concordant = list(Freqs = structure(c(0, 1, 1, 2, 0, 
        0, 0, 0, 1, 0, 1, 60, 106, 141, 2), .Dim = c(5L, 3L), .Dimnames = list(
            c("-3", "-2", "-1", "0", "1"), c("C", "G", "T"))), 
            N = 315), Majority = list(Freqs = structure(c(0, 
        1, 1, 3, 0, 0, 0, 0, 1, 0, 1, 79, 144, 199, 2), .Dim = c(5L, 
        3L), .Dimnames = list(c("-3", "-2", "-1", "0", "1"), 
            c("C", "G", "T"))), N = 431)), `2` = structure(c(0, 
    0, 0, 1, 0, 0, 0, 0, 1, 0, 1, 68, 122, 145, 1), .Dim = c(5L, 
    3L), .Dimnames = list(c("-3", "-2", "-1", "0", "1"), c("C", 
    "G", "T"))))))
