Results <-
list(`bwaOutput/20210421msiMNRsJenny/1068_S41.sam` = list(GM07_SNP1 = list(
    All = list(Freqs = structure(c(0L, 8L, 214L, 444L, 8L, 0L, 
    8L, 1L, 25L, 367L, 523L, 16L, 1L, 27L, 0L, 0L, 6L, 12L, 1L, 
    1L, 0L), .Dim = c(7L, 3L), .Dimnames = structure(list(c("-3", 
    "-2", "-1", "0", "1", "2", NA), c("A", "G", NA)), .Names = c("", 
    "")), class = "table"), N = 1662L), Tag.Distribution = structure(c(`1` = 69L, 
    `2` = 41L, `3` = 32L, `4` = 30L, `5` = 33L, `6` = 28L, `7` = 20L, 
    `8` = 18L, `9` = 15L, `10` = 8L, `11` = 6L, `12` = 10L, `13` = 5L, 
    `14` = 4L, `15` = 1L, `16` = 2L, `18` = 4L), .Dim = 17L, .Dimnames = structure(list(
        c("1", "2", "3", "4", "5", "6", "7", "8", "9", "10", 
        "11", "12", "13", "14", "15", "16", "18")), .Names = ""), class = "table"), 
    No.Tag = structure(c(0L, 1L, 1L, 9L, 0L, 0L, 1L, 0L, 1L, 
    11L, 6L, 0L, 0L, 5L, 0L, 0L, 0L, 2L, 0L, 0L, 0L), .Dim = c(7L, 
    3L), .Dimnames = structure(list(c("-3", "-2", "-1", "0", 
    "1", "2", NA), c("A", "G", NA)), .Names = c("", "")), class = "table"), 
    All.Tags = list(Concordant = list(Freqs = structure(c(0, 
    2, 31, 68, 0, 0, 0, 3, 50, 80, 1, 0), .Dim = c(6L, 2L), .Dimnames = list(
        c("-3", "-2", "-1", "0", "1", "2"), c("A", "G"))), N = 235), 
        Majority = list(Freqs = structure(c(0, 2, 38, 91, 0, 
        0, 0, 4, 65, 110, 1, 0), .Dim = c(6L, 2L), .Dimnames = list(
            c("-3", "-2", "-1", "0", "1", "2"), c("A", "G"))), 
            N = 311)), `2` = structure(c(0, 1, 30, 80, 0, 0, 
    0, 3, 52, 83, 0, 0), .Dim = c(6L, 2L), .Dimnames = list(c("-3", 
    "-2", "-1", "0", "1", "2"), c("A", "G"))))))
