Results <-
list(`bwaOutput/20210421msiMNRsJenny/1068_S41.sam` = list(LR11_SNP1 = list(
    All = list(Freqs = structure(c(1L, 195L, 1030L, 7L, 8L, 2L, 
    26L, 933L, 8L, 5L, 0L, 1L, 0L, 0L, 0L, 0L, 6L, 29L, 0L, 0L
    ), .Dim = 5:4, .Dimnames = structure(list(c("-2", "-1", "0", 
    "1", NA), c("A", "C", "G", NA)), .Names = c("", "")), class = "table"), 
        N = 2251L), Tag.Distribution = structure(c(`1` = 83L, 
    `2` = 39L, `3` = 36L, `4` = 47L, `5` = 42L, `6` = 30L, `7` = 28L, 
    `8` = 26L, `9` = 23L, `10` = 20L, `11` = 12L, `12` = 9L, 
    `13` = 12L, `14` = 3L, `15` = 2L, `16` = 2L, `17` = 1L, `18` = 1L, 
    `22` = 1L), .Dim = 19L, .Dimnames = structure(list(c("1", 
    "2", "3", "4", "5", "6", "7", "8", "9", "10", "11", "12", 
    "13", "14", "15", "16", "17", "18", "22")), .Names = ""), class = "table"), 
    No.Tag = structure(c(0L, 12L, 17L, 0L, 0L, 0L, 0L, 7L, 0L, 
    0L, 0L, 0L, 0L, 0L, 0L, 0L, 0L, 0L, 0L, 0L), .Dim = 5:4, .Dimnames = structure(list(
        c("-2", "-1", "0", "1", NA), c("A", "C", "G", NA)), .Names = c("", 
    "")), class = "table"), All.Tags = list(Concordant = list(
        Freqs = structure(c(0, 31, 162, 0, 2, 2, 146, 0, 0, 0, 
        0, 0), .Dim = 4:3, .Dimnames = list(c("-2", "-1", "0", 
        "1"), c("A", "C", "G"))), N = 343), Majority = list(Freqs = structure(c(0, 
    34, 190, 0, 2, 2, 179, 0, 0, 0, 0, 0), .Dim = 4:3, .Dimnames = list(
        c("-2", "-1", "0", "1"), c("A", "C", "G"))), N = 407)), 
    `2` = structure(c(0, 26, 161, 0, 0, 0, 144, 0, 0, 0, 0, 0
    ), .Dim = 4:3, .Dimnames = list(c("-2", "-1", "0", "1"), 
        c("A", "C", "G"))))))
