Results <-
list(`bwaOutput/20210421msiMNRsJenny/1068_S41.sam` = list(LR17_SNP1 = list(
    All = list(Freqs = structure(c(3L, 298L, 1629L, 21L, 17L, 
    0L, 0L, 1L, 0L, 0L, 0L, 0L, 1L, 0L, 0L, 0L, 7L, 62L, 0L, 
    0L), .Dim = 5:4, .Dimnames = structure(list(c("-2", "-1", 
    "0", "1", NA), c("A", "G", "T", NA)), .Names = c("", "")), class = "table"), 
        N = 2039L), Tag.Distribution = structure(c(`1` = 79L, 
    `2` = 25L, `3` = 33L, `4` = 42L, `5` = 24L, `6` = 31L, `7` = 18L, 
    `8` = 19L, `9` = 21L, `10` = 13L, `11` = 14L, `12` = 11L, 
    `13` = 5L, `14` = 6L, `15` = 5L, `16` = 2L, `17` = 2L, `18` = 3L, 
    `19` = 1L, `22` = 2L), .Dim = 20L, .Dimnames = structure(list(
        c("1", "2", "3", "4", "5", "6", "7", "8", "9", "10", 
        "11", "12", "13", "14", "15", "16", "17", "18", "19", 
        "22")), .Names = ""), class = "table"), No.Tag = structure(c(0L, 
    2L, 38L, 0L, 2L, 0L, 0L, 1L, 0L, 0L, 0L, 0L, 0L, 0L, 0L, 
    0L, 0L, 4L, 0L, 0L), .Dim = 5:4, .Dimnames = structure(list(
        c("-2", "-1", "0", "1", NA), c("A", "G", "T", NA)), .Names = c("", 
    "")), class = "table"), All.Tags = list(Concordant = list(
        Freqs = structure(c(0, 45, 236, 1, 0, 0, 0, 0, 0, 0, 
        0, 0), .Dim = 4:3, .Dimnames = list(c("-2", "-1", "0", 
        "1"), c("A", "G", "T"))), N = 282), Majority = list(Freqs = structure(c(0, 
    51, 293, 2, 0, 0, 0, 0, 0, 0, 0, 0), .Dim = 4:3, .Dimnames = list(
        c("-2", "-1", "0", "1"), c("A", "G", "T"))), N = 346)), 
    `2` = structure(c(0, 38, 233, 1, 0, 0, 0, 0, 0, 0, 0, 0), .Dim = 4:3, .Dimnames = list(
        c("-2", "-1", "0", "1"), c("A", "G", "T"))))))
