Results <-
list(`bwaOutput/20210421msiMNRsJenny/1068_S41.sam` = list(LR52_SNP1 = list(
    All = list(Freqs = structure(c(0L, 0L, 0L, 0L, 2L, 0L, 0L, 
    3L, 272L, 379L, 305L, 460L, 4L, 33L, 0L, 1L, 15L, 0L, 8L, 
    0L, 1L, 0L, 0L, 5L, 29L, 162L, 1L, 0L), .Dim = c(7L, 4L), .Dimnames = structure(list(
        c("-4", "-3", "-2", "-1", "0", "1", NA), c("-", "C", 
        "T", NA)), .Names = c("", "")), class = "table"), N = 1680L), 
    Tag.Distribution = structure(c(`1` = 45L, `2` = 23L, `3` = 29L, 
    `4` = 38L, `5` = 27L, `6` = 14L, `7` = 21L, `8` = 14L, `9` = 20L, 
    `10` = 9L, `11` = 8L, `12` = 9L, `13` = 9L, `14` = 3L, `15` = 3L, 
    `16` = 1L, `17` = 1L, `18` = 1L, `20` = 2L, `21` = 2L, `37` = 1L
    ), .Dim = 21L, .Dimnames = structure(list(c("1", "2", "3", 
    "4", "5", "6", "7", "8", "9", "10", "11", "12", "13", "14", 
    "15", "16", "17", "18", "20", "21", "37")), .Names = ""), class = "table"), 
    No.Tag = structure(c(0L, 0L, 0L, 0L, 0L, 0L, 0L, 0L, 5L, 
    2L, 12L, 3L, 0L, 2L, 0L, 0L, 0L, 0L, 0L, 0L, 0L, 0L, 0L, 
    0L, 3L, 4L, 1L, 0L), .Dim = c(7L, 4L), .Dimnames = structure(list(
        c("-4", "-3", "-2", "-1", "0", "1", NA), c("-", "C", 
        "T", NA)), .Names = c("", "")), class = "table"), All.Tags = list(
        Concordant = list(Freqs = structure(c(0, 0, 0, 0, 1, 
        0, 1, 36, 46, 26, 78, 2, 0, 1, 1, 0, 8, 0), .Dim = c(6L, 
        3L), .Dimnames = list(c("-4", "-3", "-2", "-1", "0", 
        "1"), c("-", "C", "T"))), N = 200), Majority = list(Freqs = structure(c(0, 
        0, 0, 0, 1, 0, 1, 39, 60, 49, 103, 2, 0, 1, 1, 0, 8, 
        0), .Dim = c(6L, 3L), .Dimnames = list(c("-4", "-3", 
        "-2", "-1", "0", "1"), c("-", "C", "T"))), N = 265)), 
    `2` = structure(c(0, 0, 0, 0, 1, 0, 0, 35, 55, 44, 89, 2, 
    0, 0, 1, 0, 0, 0), .Dim = c(6L, 3L), .Dimnames = list(c("-4", 
    "-3", "-2", "-1", "0", "1"), c("-", "C", "T"))))))
