Results <-
list(`bwaOutput/20210421msiMNRsJenny/1068_S41.sam` = list(IM49_SNP1 = list(
    All = list(Freqs = structure(c(1L, 31L, 483L, 1351L, 22L, 
    28L, 0L, 6L, 12L, 52L, 4L, 2L, 0L, 0L, 1L, 0L, 0L, 0L, 0L, 
    0L, 3L, 60L, 3L, 0L), .Dim = c(6L, 4L), .Dimnames = structure(list(
        c("-3", "-2", "-1", "0", "1", NA), c("C", "G", "T", NA
        )), .Names = c("", "")), class = "table"), N = 2059L), 
    Tag.Distribution = structure(c(`1` = 221L, `2` = 116L, `3` = 87L, 
    `4` = 76L, `5` = 51L, `6` = 25L, `7` = 23L, `8` = 13L, `9` = 6L, 
    `10` = 8L, `11` = 1L, `12` = 3L, `13` = 3L, `14` = 2L, `15` = 2L, 
    `16` = 1L, `21` = 1L), .Dim = 17L, .Dimnames = structure(list(
        c("1", "2", "3", "4", "5", "6", "7", "8", "9", "10", 
        "11", "12", "13", "14", "15", "16", "21")), .Names = ""), class = "table"), 
    No.Tag = structure(c(0L, 0L, 22L, 28L, 0L, 2L, 0L, 0L, 0L, 
    1L, 0L, 0L, 0L, 0L, 0L, 0L, 0L, 0L, 0L, 0L, 1L, 2L, 0L, 0L
    ), .Dim = c(6L, 4L), .Dimnames = structure(list(c("-3", "-2", 
    "-1", "0", "1", NA), c("C", "G", "T", NA)), .Names = c("", 
    "")), class = "table"), All.Tags = list(Concordant = list(
        Freqs = structure(c(0, 4, 111, 348, 3, 0, 5, 9, 39, 4, 
        0, 0, 0, 0, 0), .Dim = c(5L, 3L), .Dimnames = list(c("-3", 
        "-2", "-1", "0", "1"), c("C", "G", "T"))), N = 523), 
        Majority = list(Freqs = structure(c(0, 4, 130, 399, 4, 
        0, 5, 9, 39, 4, 0, 0, 0, 0, 0), .Dim = c(5L, 3L), .Dimnames = list(
            c("-3", "-2", "-1", "0", "1"), c("C", "G", "T"))), 
            N = 594)), `2` = structure(c(0, 3, 105, 281, 2, 0, 
    1, 1, 3, 0, 0, 0, 0, 0, 0), .Dim = c(5L, 3L), .Dimnames = list(
        c("-3", "-2", "-1", "0", "1"), c("C", "G", "T"))))))
