Results <-
list(`bwaOutput/20210421msiMNRsJenny/1068_S41.sam` = list(GM14_SNP1 = list(
    All = list(Freqs = structure(c(23L, 490L, 1896L, 21L, 16L, 
    0L, 3L, 11L, 1L, 0L, 0L, 0L, 20L, 0L, 0L), .Dim = c(5L, 3L
    ), .Dimnames = structure(list(c("-2", "-1", "0", "1", NA), 
        c("C", "T", NA)), .Names = c("", "")), class = "table"), 
        N = 2481L), Tag.Distribution = structure(c(`1` = 85L, 
    `2` = 49L, `3` = 50L, `4` = 57L, `5` = 34L, `6` = 34L, `7` = 33L, 
    `8` = 22L, `9` = 20L, `10` = 19L, `11` = 13L, `12` = 7L, 
    `13` = 7L, `14` = 9L, `15` = 1L, `16` = 5L, `17` = 2L, `18` = 1L, 
    `19` = 2L, `20` = 1L, `21` = 1L, `22` = 1L, `29` = 1L), .Dim = 23L, .Dimnames = structure(list(
        c("1", "2", "3", "4", "5", "6", "7", "8", "9", "10", 
        "11", "12", "13", "14", "15", "16", "17", "18", "19", 
        "20", "21", "22", "29")), .Names = ""), class = "table"), 
    No.Tag = structure(c(1L, 14L, 32L, 0L, 1L, 0L, 0L, 0L, 0L, 
    0L, 0L, 0L, 0L, 0L, 0L), .Dim = c(5L, 3L), .Dimnames = structure(list(
        c("-2", "-1", "0", "1", NA), c("C", "T", NA)), .Names = c("", 
    "")), class = "table"), All.Tags = list(Concordant = list(
        Freqs = structure(c(3, 66, 294, 1, 0, 3, 9, 1), .Dim = c(4L, 
        2L), .Dimnames = list(c("-2", "-1", "0", "1"), c("C", 
        "T"))), N = 377), Majority = list(Freqs = structure(c(3, 
    74, 350, 2, 0, 3, 10, 1), .Dim = c(4L, 2L), .Dimnames = list(
        c("-2", "-1", "0", "1"), c("C", "T"))), N = 443)), `2` = structure(c(3, 
    59, 298, 1, 0, 0, 1, 0), .Dim = c(4L, 2L), .Dimnames = list(
        c("-2", "-1", "0", "1"), c("C", "T"))))))
