Results <-
list(`bwaOutput/20210421msiMNRsJenny/1068_S41.sam` = list(LR36_SNP1 = list(
    All = list(Freqs = structure(c(1L, 48L, 568L, 1319L, 13L, 
    0L, 24L, 0L, 0L, 1L, 38L, 0L, 1L, 1L, 0L, 0L, 5L, 26L, 0L, 
    0L, 0L), .Dim = c(7L, 3L), .Dimnames = structure(list(c("-4", 
    "-2", "-1", "0", "1", "2", NA), c("A", "T", NA)), .Names = c("", 
    "")), class = "table"), N = 2045L), Tag.Distribution = structure(c(`1` = 106L, 
    `2` = 57L, `3` = 43L, `4` = 40L, `5` = 38L, `6` = 29L, `7` = 28L, 
    `8` = 22L, `9` = 7L, `10` = 14L, `11` = 11L, `12` = 6L, `13` = 7L, 
    `14` = 6L, `15` = 3L, `16` = 1L, `19` = 1L, `20` = 1L, `27` = 2L
    ), .Dim = 19L, .Dimnames = structure(list(c("1", "2", "3", 
    "4", "5", "6", "7", "8", "9", "10", "11", "12", "13", "14", 
    "15", "16", "19", "20", "27")), .Names = ""), class = "table"), 
    No.Tag = structure(c(0L, 1L, 4L, 59L, 2L, 0L, 3L, 0L, 0L, 
    1L, 2L, 0L, 0L, 0L, 0L, 0L, 1L, 2L, 0L, 0L, 0L), .Dim = c(7L, 
    3L), .Dimnames = structure(list(c("-4", "-2", "-1", "0", 
    "1", "2", NA), c("A", "T", NA)), .Names = c("", "")), class = "table"), 
    All.Tags = list(Concordant = list(Freqs = structure(c(0, 
    3, 96, 233, 1, 0, 0, 0, 0, 29, 0, 1), .Dim = c(6L, 2L), .Dimnames = list(
        c("-4", "-2", "-1", "0", "1", "2"), c("A", "T"))), N = 363), 
        Majority = list(Freqs = structure(c(0, 4, 104, 269, 1, 
        0, 0, 0, 0, 29, 0, 1), .Dim = c(6L, 2L), .Dimnames = list(
            c("-4", "-2", "-1", "0", "1", "2"), c("A", "T"))), 
            N = 408)), `2` = structure(c(0, 4, 89, 214, 0, 0, 
    0, 0, 0, 2, 0, 0), .Dim = c(6L, 2L), .Dimnames = list(c("-4", 
    "-2", "-1", "0", "1", "2"), c("A", "T"))))))
