Results <-
list(`bwaOutput/20210421msiMNRsJenny/1070_S42.sam` = list(LR49_SNP1 = list(
    All = list(Freqs = structure(c(0L, 0L, 9L, 1L, 50L, 2366L, 
    0L, 0L, 11L), .Dim = c(3L, 3L), .Dimnames = structure(list(
        c("-2", "-1", "0"), c("A", "G", NA)), .Names = c("", 
    "")), class = "table"), N = 2437L), Tag.Distribution = structure(c(`1` = 48L, 
    `2` = 29L, `3` = 25L, `4` = 38L, `5` = 29L, `6` = 25L, `7` = 15L, 
    `8` = 26L, `9` = 17L, `10` = 12L, `11` = 12L, `12` = 11L, 
    `13` = 7L, `14` = 6L, `15` = 4L, `16` = 7L, `17` = 3L, `18` = 4L, 
    `19` = 2L, `20` = 4L, `22` = 4L, `23` = 2L, `24` = 2L, `25` = 1L, 
    `27` = 2L, `28` = 1L, `40` = 1L), .Dim = 27L, .Dimnames = structure(list(
        c("1", "2", "3", "4", "5", "6", "7", "8", "9", "10", 
        "11", "12", "13", "14", "15", "16", "17", "18", "19", 
        "20", "22", "23", "24", "25", "27", "28", "40")), .Names = ""), class = "table"), 
    No.Tag = structure(c(0L, 0L, 0L, 0L, 0L, 8L, 31L, 0L, 0L, 
    0L, 3L, 0L), .Dim = 4:3, .Dimnames = structure(list(c("-2", 
    "-1", "0", NA), c("A", "G", NA)), .Names = c("", "")), class = "table"), 
    All.Tags = list(Concordant = list(Freqs = structure(c(0, 
    0, 3, 0, 3, 318), .Dim = 3:2, .Dimnames = list(c("-2", "-1", 
    "0"), c("A", "G"))), N = 324), Majority = list(Freqs = structure(c(0, 
    0, 3, 0, 3, 329), .Dim = 3:2, .Dimnames = list(c("-2", "-1", 
    "0"), c("A", "G"))), N = 335)), `2` = structure(c(0, 0, 0, 
    0, 3, 285), .Dim = 3:2, .Dimnames = list(c("-2", "-1", "0"
    ), c("A", "G"))))))
