Results <-
list(`bwaOutput/20210421msiMNRsJenny/1070_S42.sam` = list(GM14_SNP1 = list(
    All = list(Freqs = structure(c(18L, 284L, 1081L, 7L, 5L, 
    2L, 74L, 1307L, 10L, 3L, 0L, 0L, 26L, 0L, 0L), .Dim = c(5L, 
    3L), .Dimnames = structure(list(c("-2", "-1", "0", "1", NA
    ), c("C", "T", NA)), .Names = c("", "")), class = "table"), 
        N = 2817L), Tag.Distribution = structure(c(`1` = 34L, 
    `2` = 12L, `3` = 11L, `4` = 18L, `5` = 12L, `6` = 16L, `7` = 11L, 
    `8` = 13L, `9` = 17L, `10` = 7L, `11` = 9L, `12` = 13L, `13` = 8L, 
    `14` = 4L, `15` = 13L, `16` = 11L, `17` = 7L, `18` = 7L, 
    `19` = 7L, `20` = 5L, `21` = 10L, `22` = 6L, `23` = 3L, `24` = 1L, 
    `25` = 1L, `26` = 3L, `27` = 2L, `29` = 2L, `30` = 2L, `31` = 2L, 
    `33` = 1L), .Dim = 31L, .Dimnames = structure(list(c("1", 
    "2", "3", "4", "5", "6", "7", "8", "9", "10", "11", "12", 
    "13", "14", "15", "16", "17", "18", "19", "20", "21", "22", 
    "23", "24", "25", "26", "27", "29", "30", "31", "33")), .Names = ""), class = "table"), 
    No.Tag = structure(c(0L, 0L, 18L, 1L, 0L, 0L, 0L, 5L, 0L, 
    1L, 0L, 0L, 0L, 0L, 0L), .Dim = c(5L, 3L), .Dimnames = structure(list(
        c("-2", "-1", "0", "1", NA), c("C", "T", NA)), .Names = c("", 
    "")), class = "table"), All.Tags = list(Concordant = list(
        Freqs = structure(c(1, 25, 77, 0, 0, 2, 82, 0), .Dim = c(4L, 
        2L), .Dimnames = list(c("-2", "-1", "0", "1"), c("C", 
        "T"))), N = 187), Majority = list(Freqs = structure(c(1, 
    30, 112, 0, 0, 2, 118, 0), .Dim = c(4L, 2L), .Dimnames = list(
        c("-2", "-1", "0", "1"), c("C", "T"))), N = 263)), `2` = structure(c(1, 
    24, 94, 0, 0, 2, 110, 0), .Dim = c(4L, 2L), .Dimnames = list(
        c("-2", "-1", "0", "1"), c("C", "T"))))))
