Results <-
list(`bwaOutput/20210421msiMNRsJenny/1070_S42.sam` = list(GM07_SNP1 = list(
    All = list(Freqs = structure(c(0L, 1L, 2L, 0L, 0L, 71L, 255L, 
    1401L, 49L, 27L, 1L, 6L, 20L, 0L, 0L), .Dim = c(5L, 3L), .Dimnames = structure(list(
        c("-2", "-1", "0", "1", NA), c("A", "G", NA)), .Names = c("", 
    "")), class = "table"), N = 1833L), Tag.Distribution = structure(c(`1` = 27L, 
    `2` = 5L, `3` = 12L, `4` = 7L, `5` = 10L, `6` = 12L, `7` = 9L, 
    `8` = 10L, `9` = 5L, `10` = 14L, `11` = 8L, `12` = 6L, `13` = 9L, 
    `14` = 9L, `15` = 4L, `16` = 5L, `17` = 8L, `18` = 6L, `19` = 6L, 
    `20` = 1L, `21` = 1L, `23` = 3L, `24` = 3L, `25` = 2L, `27` = 2L, 
    `31` = 1L, `39` = 1L), .Dim = 27L, .Dimnames = structure(list(
        c("1", "2", "3", "4", "5", "6", "7", "8", "9", "10", 
        "11", "12", "13", "14", "15", "16", "17", "18", "19", 
        "20", "21", "23", "24", "25", "27", "31", "39")), .Names = ""), class = "table"), 
    No.Tag = structure(c(0L, 0L, 0L, 0L, 0L, 0L, 5L, 15L, 0L, 
    4L, 1L, 0L, 0L, 0L, 0L), .Dim = c(5L, 3L), .Dimnames = structure(list(
        c("-2", "-1", "0", "1", NA), c("A", "G", NA)), .Names = c("", 
    "")), class = "table"), All.Tags = list(Concordant = list(
        Freqs = structure(c(0, 1, 1, 0, 6, 14, 91, 0), .Dim = c(4L, 
        2L), .Dimnames = list(c("-2", "-1", "0", "1"), c("A", 
        "G"))), N = 113), Majority = list(Freqs = structure(c(0, 
    1, 1, 0, 6, 22, 151, 1), .Dim = c(4L, 2L), .Dimnames = list(
        c("-2", "-1", "0", "1"), c("A", "G"))), N = 182)), `2` = structure(c(0, 
    0, 0, 0, 6, 18, 132, 1), .Dim = c(4L, 2L), .Dimnames = list(
        c("-2", "-1", "0", "1"), c("A", "G"))))))
