Results <-
list(`bwaOutput/20210421msiMNRsJenny/1070_S42.sam` = list(LR11_SNP1 = list(
    All = list(Freqs = structure(c(0L, 32L, 1406L, 10L, 1L, 3L, 
    117L, 157L, 835L, 11L, 0L, 9L, 0L, 0L, 29L, 0L, 0L, 0L), .Dim = c(6L, 
    3L), .Dimnames = structure(list(c("-2", "-1", "0", "1", "2", 
    NA), c("A", "C", NA)), .Names = c("", "")), class = "table"), 
        N = 2610L), Tag.Distribution = structure(c(`1` = 32L, 
    `2` = 6L, `3` = 8L, `4` = 9L, `5` = 7L, `6` = 12L, `7` = 16L, 
    `8` = 15L, `9` = 9L, `10` = 15L, `11` = 14L, `12` = 9L, `13` = 11L, 
    `14` = 8L, `15` = 12L, `16` = 8L, `17` = 11L, `18` = 6L, 
    `19` = 4L, `20` = 6L, `21` = 9L, `23` = 3L, `24` = 1L, `25` = 6L, 
    `26` = 2L, `27` = 1L, `28` = 1L, `29` = 1L), .Dim = 28L, .Dimnames = structure(list(
        c("1", "2", "3", "4", "5", "6", "7", "8", "9", "10", 
        "11", "12", "13", "14", "15", "16", "17", "18", "19", 
        "20", "21", "23", "24", "25", "26", "27", "28", "29")), .Names = ""), class = "table"), 
    No.Tag = structure(c(0L, 0L, 26L, 0L, 0L, 0L, 1L, 3L, 20L, 
    0L, 0L, 0L, 0L, 0L, 2L, 0L, 0L, 0L), .Dim = c(6L, 3L), .Dimnames = structure(list(
        c("-2", "-1", "0", "1", "2", NA), c("A", "C", NA)), .Names = c("", 
    "")), class = "table"), All.Tags = list(Concordant = list(
        Freqs = structure(c(0, 1, 95, 0, 1, 8, 10, 59, 0, 0), .Dim = c(5L, 
        2L), .Dimnames = list(c("-2", "-1", "0", "1", "2"), c("A", 
        "C"))), N = 174), Majority = list(Freqs = structure(c(0, 
    1, 131, 0, 1, 8, 14, 82, 0, 0), .Dim = c(5L, 2L), .Dimnames = list(
        c("-2", "-1", "0", "1", "2"), c("A", "C"))), N = 237)), 
    `2` = structure(c(0, 1, 114, 0, 0, 7, 14, 74, 0, 0), .Dim = c(5L, 
    2L), .Dimnames = list(c("-2", "-1", "0", "1", "2"), c("A", 
    "C"))))))
