Results <-
list(`bwaOutput/20210421msiMNRsJenny/1070_S42.sam` = list(LR24_SNP1 = list(
    All = list(Freqs = structure(c(1L, 2L, 739L, 1755L, 0L, 0L, 
    3L, 0L, 0L, 0L, 1L, 0L, 0L, 0L, 0L, 0L, 40L, 2460L, 12L, 
    1L, 1L, 0L, 0L, 2L, 33L, 0L, 0L, 0L), .Dim = c(7L, 4L), .Dimnames = structure(list(
        c("-3", "-2", "-1", "0", "1", "2", NA), c("A", "C", "G", 
        NA)), .Names = c("", "")), class = "table"), N = 5050L), 
    Tag.Distribution = structure(c(`1` = 173L, `2` = 97L, `3` = 82L, 
    `4` = 84L, `5` = 70L, `6` = 73L, `7` = 59L, `8` = 46L, `9` = 37L, 
    `10` = 37L, `11` = 17L, `12` = 17L, `13` = 12L, `14` = 9L, 
    `15` = 9L, `16` = 4L, `17` = 9L, `18` = 7L, `19` = 6L, `20` = 3L, 
    `21` = 6L, `22` = 1L, `23` = 2L, `24` = 2L, `26` = 1L, `28` = 1L, 
    `31` = 1L), .Dim = 27L, .Dimnames = structure(list(c("1", 
    "2", "3", "4", "5", "6", "7", "8", "9", "10", "11", "12", 
    "13", "14", "15", "16", "17", "18", "19", "20", "21", "22", 
    "23", "24", "26", "28", "31")), .Names = ""), class = "table"), 
    No.Tag = structure(c(0L, 0L, 31L, 42L, 0L, 0L, 1L, 0L, 0L, 
    0L, 0L, 0L, 0L, 0L, 0L, 0L, 0L, 89L, 0L, 0L, 0L, 0L, 0L, 
    0L, 14L, 0L, 0L, 0L), .Dim = c(7L, 4L), .Dimnames = structure(list(
        c("-3", "-2", "-1", "0", "1", "2", NA), c("A", "C", "G", 
        NA)), .Names = c("", "")), class = "table"), All.Tags = list(
        Concordant = list(Freqs = structure(c(0, 0, 98, 294, 
        0, 0, 0, 0, 0, 0, 0, 0, 0, 0, 4, 366, 0, 0), .Dim = c(6L, 
        3L), .Dimnames = list(c("-3", "-2", "-1", "0", "1", "2"
        ), c("A", "C", "G"))), N = 762), Majority = list(Freqs = structure(c(0, 
        0, 116, 316, 0, 0, 0, 0, 0, 0, 0, 0, 0, 0, 5, 421, 0, 
        0), .Dim = c(6L, 3L), .Dimnames = list(c("-3", "-2", 
        "-1", "0", "1", "2"), c("A", "C", "G"))), N = 858)), 
    `2` = structure(c(0, 0, 94, 251, 0, 0, 0, 0, 0, 0, 0, 0, 
    0, 0, 3, 338, 0, 0), .Dim = c(6L, 3L), .Dimnames = list(c("-3", 
    "-2", "-1", "0", "1", "2"), c("A", "C", "G"))))))
