Results <-
list(`bwaOutput/20210421msiMNRsJenny/1070_S42.sam` = list(LR46_SNP1 = list(
    All = list(Freqs = structure(c(0L, 1L, 0L, 0L, 0L, 1L, 0L, 
    0L, 8L, 1489L, 4L, 2L, 0L, 6L, 0L, 0L, 1L, 8L, 1L, 0L), .Dim = 4:5, .Dimnames = structure(list(
        c("-1", "0", "1", NA), c("A", "C", "G", "T", NA)), .Names = c("", 
    "")), class = "table"), N = 1521L), Tag.Distribution = structure(c(`1` = 26L, 
    `2` = 8L, `3` = 5L, `4` = 14L, `5` = 7L, `6` = 8L, `7` = 8L, 
    `8` = 9L, `9` = 9L, `10` = 8L, `11` = 5L, `12` = 6L, `13` = 5L, 
    `14` = 8L, `15` = 3L, `17` = 2L, `18` = 1L, `19` = 5L, `20` = 3L, 
    `21` = 4L, `23` = 2L, `25` = 3L, `27` = 2L, `28` = 3L, `29` = 1L, 
    `32` = 1L, `36` = 1L), .Dim = 27L, .Dimnames = structure(list(
        c("1", "2", "3", "4", "5", "6", "7", "8", "9", "10", 
        "11", "12", "13", "14", "15", "17", "18", "19", "20", 
        "21", "23", "25", "27", "28", "29", "32", "36")), .Names = ""), class = "table"), 
    No.Tag = structure(c(0L, 0L, 0L, 0L, 0L, 0L, 0L, 0L, 0L, 
    39L, 0L, 0L, 0L, 0L, 0L, 0L, 0L, 1L, 0L, 0L), .Dim = 4:5, .Dimnames = structure(list(
        c("-1", "0", "1", NA), c("A", "C", "G", "T", NA)), .Names = c("", 
    "")), class = "table"), All.Tags = list(Concordant = list(
        Freqs = structure(c(0, 0, 0, 0, 0, 0, 0, 137, 0, 0, 6, 
        0), .Dim = 3:4, .Dimnames = list(c("-1", "0", "1"), c("A", 
        "C", "G", "T"))), N = 143), Majority = list(Freqs = structure(c(0, 
    0, 0, 0, 0, 0, 0, 149, 0, 0, 6, 0), .Dim = 3:4, .Dimnames = list(
        c("-1", "0", "1"), c("A", "C", "G", "T"))), N = 155)), 
    `2` = structure(c(0, 0, 0, 0, 0, 0, 0, 130, 0, 0, 0, 0), .Dim = 3:4, .Dimnames = list(
        c("-1", "0", "1"), c("A", "C", "G", "T"))))))
