Results <-
list(`bwaOutput/20210421msiMNRsJenny/1070_S42.sam` = list(LR36_SNP1 = list(
    All = list(Freqs = structure(c(0L, 0L, 0L, 5L, 0L, 0L, 0L, 
    0L, 0L, 1L, 0L, 0L, 1L, 21L, 156L, 2679L, 38L, 24L, 0L, 0L, 
    1L, 133L, 3L, 0L), .Dim = c(6L, 4L), .Dimnames = structure(list(
        c("-3", "-2", "-1", "0", "1", NA), c("A", "G", "T", NA
        )), .Names = c("", "")), class = "table"), N = 3062L), 
    Tag.Distribution = structure(c(`1` = 54L, `2` = 15L, `3` = 17L, 
    `4` = 18L, `5` = 14L, `6` = 16L, `7` = 23L, `8` = 25L, `9` = 23L, 
    `10` = 19L, `11` = 12L, `12` = 11L, `13` = 8L, `14` = 11L, 
    `15` = 8L, `16` = 11L, `17` = 11L, `18` = 7L, `19` = 7L, 
    `20` = 1L, `21` = 4L, `22` = 2L, `23` = 1L, `24` = 1L, `25` = 3L, 
    `26` = 2L, `27` = 1L, `32` = 1L, `34` = 1L, `42` = 1L, `46` = 1L, 
    `52` = 1L), .Dim = 32L, .Dimnames = structure(list(c("1", 
    "2", "3", "4", "5", "6", "7", "8", "9", "10", "11", "12", 
    "13", "14", "15", "16", "17", "18", "19", "20", "21", "22", 
    "23", "24", "25", "26", "27", "32", "34", "42", "46", "52"
    )), .Names = ""), class = "table"), No.Tag = structure(c(0L, 
    0L, 0L, 0L, 0L, 0L, 0L, 0L, 0L, 1L, 0L, 0L, 0L, 1L, 3L, 89L, 
    2L, 3L, 0L, 0L, 1L, 12L, 0L, 0L), .Dim = c(6L, 4L), .Dimnames = structure(list(
        c("-3", "-2", "-1", "0", "1", NA), c("A", "G", "T", NA
        )), .Names = c("", "")), class = "table"), All.Tags = list(
        Concordant = list(Freqs = structure(c(0, 0, 0, 3, 0, 
        0, 0, 0, 0, 0, 0, 1, 6, 226, 1), .Dim = c(5L, 3L), .Dimnames = list(
            c("-3", "-2", "-1", "0", "1"), c("A", "G", "T"))), 
            N = 237), Majority = list(Freqs = structure(c(0, 
        0, 0, 3, 0, 0, 0, 0, 0, 0, 0, 1, 7, 303, 2), .Dim = c(5L, 
        3L), .Dimnames = list(c("-3", "-2", "-1", "0", "1"), 
            c("A", "G", "T"))), N = 316)), `2` = structure(c(0, 
    0, 0, 0, 0, 0, 0, 0, 0, 0, 0, 1, 6, 266, 2), .Dim = c(5L, 
    3L), .Dimnames = list(c("-3", "-2", "-1", "0", "1"), c("A", 
    "G", "T"))))))
