Results <-
list(`bwaOutput/20210421msiMNRsJenny/1070_S42.sam` = list(GM26_SNP1 = list(
    All = list(Freqs = structure(c(196L, 1037L, 4L, 19L, 0L, 
    1L, 0L, 0L, 2L, 6L, 0L, 0L), .Dim = 4:3, .Dimnames = structure(list(
        c("-1", "0", "1", NA), c("A", "G", NA)), .Names = c("", 
    "")), class = "table"), N = 1265L), Tag.Distribution = structure(c(`1` = 18L, 
    `2` = 3L, `3` = 5L, `4` = 6L, `5` = 3L, `6` = 10L, `7` = 7L, 
    `8` = 8L, `9` = 10L, `10` = 3L, `11` = 7L, `12` = 3L, `13` = 6L, 
    `14` = 2L, `15` = 1L, `16` = 4L, `17` = 2L, `18` = 1L, `19` = 3L, 
    `20` = 3L, `21` = 1L, `22` = 2L, `23` = 5L, `24` = 1L, `26` = 2L, 
    `28` = 1L, `29` = 2L, `30` = 1L), .Dim = 28L, .Dimnames = structure(list(
        c("1", "2", "3", "4", "5", "6", "7", "8", "9", "10", 
        "11", "12", "13", "14", "15", "16", "17", "18", "19", 
        "20", "21", "22", "23", "24", "26", "28", "29", "30")), .Names = ""), class = "table"), 
    No.Tag = structure(c(1L, 39L, 1L, 14L, 0L, 0L, 0L, 0L, 0L, 
    0L, 0L, 0L), .Dim = 4:3, .Dimnames = structure(list(c("-1", 
    "0", "1", NA), c("A", "G", NA)), .Names = c("", "")), class = "table"), 
    All.Tags = list(Concordant = list(Freqs = structure(c(17, 
    87, 0, 0, 1, 0), .Dim = 3:2, .Dimnames = list(c("-1", "0", 
    "1"), c("A", "G"))), N = 105), Majority = list(Freqs = structure(c(18, 
    96, 0, 0, 1, 0), .Dim = 3:2, .Dimnames = list(c("-1", "0", 
    "1"), c("A", "G"))), N = 115)), `2` = structure(c(17, 84, 
    0, 0, 0, 0), .Dim = 3:2, .Dimnames = list(c("-1", "0", "1"
    ), c("A", "G"))))))
