Results <-
list(`bwaOutput/20210421msiMNRsJenny/1070_S42.sam` = list(LR44_SNP1 = list(
    All = list(Freqs = structure(c(0L, 1L, 5L, 0L, 0L, 0L, 20L, 
    342L, 2447L, 46L, 1L, 12L, 0L, 2L, 26L, 2L, 0L, 0L), .Dim = c(6L, 
    3L), .Dimnames = structure(list(c("-2", "-1", "0", "1", "2", 
    NA), c("C", "T", NA)), .Names = c("", "")), class = "table"), 
        N = 2904L), Tag.Distribution = structure(c(`1` = 40L, 
    `2` = 15L, `3` = 17L, `4` = 9L, `5` = 23L, `6` = 19L, `7` = 17L, 
    `8` = 20L, `9` = 30L, `10` = 15L, `11` = 19L, `12` = 17L, 
    `13` = 13L, `14` = 7L, `15` = 5L, `16` = 6L, `17` = 9L, `18` = 6L, 
    `19` = 4L, `20` = 3L, `21` = 2L, `22` = 3L, `23` = 3L, `24` = 2L, 
    `25` = 3L, `26` = 2L, `28` = 2L, `33` = 1L, `46` = 1L), .Dim = 29L, .Dimnames = structure(list(
        c("1", "2", "3", "4", "5", "6", "7", "8", "9", "10", 
        "11", "12", "13", "14", "15", "16", "17", "18", "19", 
        "20", "21", "22", "23", "24", "25", "26", "28", "33", 
        "46")), .Names = ""), class = "table"), No.Tag = structure(c(0L, 
    0L, 0L, 0L, 0L, 0L, 1L, 9L, 70L, 0L, 1L, 2L, 0L, 0L, 1L, 
    0L, 0L, 0L), .Dim = c(6L, 3L), .Dimnames = structure(list(
        c("-2", "-1", "0", "1", "2", NA), c("C", "T", NA)), .Names = c("", 
    "")), class = "table"), All.Tags = list(Concordant = list(
        Freqs = structure(c(0, 1, 5, 0, 0, 1, 7, 140, 1, 0), .Dim = c(5L, 
        2L), .Dimnames = list(c("-2", "-1", "0", "1", "2"), c("C", 
        "T"))), N = 155), Majority = list(Freqs = structure(c(0, 
    1, 5, 0, 0, 1, 18, 281, 2, 0), .Dim = c(5L, 2L), .Dimnames = list(
        c("-2", "-1", "0", "1", "2"), c("C", "T"))), N = 308)), 
    `2` = structure(c(0, 0, 0, 0, 0, 0, 15, 255, 1, 0), .Dim = c(5L, 
    2L), .Dimnames = list(c("-2", "-1", "0", "1", "2"), c("C", 
    "T"))))))
