Results <-
list(`bwaOutput/20210421msiMNRsJenny/1070_S42.sam` = list(IM16_SNP1 = list(
    All = list(Freqs = structure(c(0L, 3L, 0L, 34L, 1820L, 24L, 
    0L, 31L, 1L), .Dim = c(3L, 3L), .Dimnames = structure(list(
        c("-1", "0", "1"), c("A", "G", NA)), .Names = c("", ""
    )), class = "table"), N = 1913L), Tag.Distribution = structure(c(`1` = 19L, 
    `2` = 8L, `3` = 10L, `4` = 5L, `5` = 9L, `6` = 15L, `7` = 14L, 
    `8` = 16L, `9` = 15L, `10` = 11L, `11` = 9L, `12` = 5L, `13` = 3L, 
    `14` = 9L, `15` = 3L, `16` = 5L, `17` = 2L, `18` = 4L, `19` = 4L, 
    `20` = 5L, `21` = 1L, `22` = 2L, `23` = 3L, `24` = 3L, `25` = 1L, 
    `26` = 4L, `27` = 2L, `28` = 1L, `29` = 1L), .Dim = 29L, .Dimnames = structure(list(
        c("1", "2", "3", "4", "5", "6", "7", "8", "9", "10", 
        "11", "12", "13", "14", "15", "16", "17", "18", "19", 
        "20", "21", "22", "23", "24", "25", "26", "27", "28", 
        "29")), .Names = ""), class = "table"), No.Tag = structure(c(0L, 
    1L, 0L, 0L, 0L, 40L, 0L, 0L, 0L, 4L, 0L, 0L), .Dim = 4:3, .Dimnames = structure(list(
        c("-1", "0", "1", NA), c("A", "G", NA)), .Names = c("", 
    "")), class = "table"), All.Tags = list(Concordant = list(
        Freqs = structure(c(0, 2, 0, 3, 151, 0), .Dim = 3:2, .Dimnames = list(
            c("-1", "0", "1"), c("A", "G"))), N = 156), Majority = list(
        Freqs = structure(c(0, 2, 0, 3, 182, 1), .Dim = 3:2, .Dimnames = list(
            c("-1", "0", "1"), c("A", "G"))), N = 188)), `2` = structure(c(0, 
    0, 0, 3, 166, 1), .Dim = 3:2, .Dimnames = list(c("-1", "0", 
    "1"), c("A", "G"))))))
