Results <-
list(`bwaOutput/20210421msiMNRsJenny/1070_S42.sam` = list(IM49_SNP1 = list(
    All = list(Freqs = structure(c(1L, 84L, 1902L, 37L, 1L, 13L, 
    43L, 346L, 1203L, 33L, 0L, 7L, 0L, 7L, 114L, 4L, 0L, 0L), .Dim = c(6L, 
    3L), .Dimnames = structure(list(c("-2", "-1", "0", "1", "2", 
    NA), c("C", "G", NA)), .Names = c("", "")), class = "table"), 
        N = 3795L), Tag.Distribution = structure(c(`1` = 112L, 
    `2` = 69L, `3` = 80L, `4` = 59L, `5` = 69L, `6` = 44L, `7` = 41L, 
    `8` = 27L, `9` = 35L, `10` = 27L, `11` = 17L, `12` = 11L, 
    `13` = 12L, `14` = 12L, `15` = 7L, `16` = 9L, `17` = 3L, 
    `18` = 7L, `19` = 3L, `20` = 1L, `21` = 1L, `24` = 2L), .Dim = 22L, .Dimnames = structure(list(
        c("1", "2", "3", "4", "5", "6", "7", "8", "9", "10", 
        "11", "12", "13", "14", "15", "16", "17", "18", "19", 
        "20", "21", "24")), .Names = ""), class = "table"), No.Tag = structure(c(0L, 
    3L, 87L, 1L, 0L, 0L, 18L, 1L, 36L, 3L, 0L, 0L, 0L, 1L, 7L, 
    0L, 0L, 0L), .Dim = c(6L, 3L), .Dimnames = structure(list(
        c("-2", "-1", "0", "1", "2", NA), c("C", "G", NA)), .Names = c("", 
    "")), class = "table"), All.Tags = list(Concordant = list(
        Freqs = structure(c(0, 6, 265, 1, 0, 4, 49, 159, 1, 0
        ), .Dim = c(5L, 2L), .Dimnames = list(c("-2", "-1", "0", 
        "1", "2"), c("C", "G"))), N = 485), Majority = list(Freqs = structure(c(0, 
    8, 331, 1, 0, 4, 56, 219, 1, 0), .Dim = c(5L, 2L), .Dimnames = list(
        c("-2", "-1", "0", "1", "2"), c("C", "G"))), N = 620)), 
    `2` = structure(c(0, 4, 288, 0, 0, 2, 48, 185, 0, 0), .Dim = c(5L, 
    2L), .Dimnames = list(c("-2", "-1", "0", "1", "2"), c("C", 
    "G"))))))
