Results <-
list(`bwaOutput/20210421msiMNRsJenny/1070_S42.sam` = list(LR17_SNP1 = list(
    All = list(Freqs = structure(c(8L, 352L, 2140L, 28L, 14L, 
    0L, 0L, 2L, 0L, 0L, 0L, 12L, 96L, 0L, 0L), .Dim = c(5L, 3L
    ), .Dimnames = structure(list(c("-2", "-1", "0", "1", NA), 
        c("A", "G", NA)), .Names = c("", "")), class = "table"), 
        N = 2652L), Tag.Distribution = structure(c(`1` = 31L, 
    `2` = 2L, `3` = 2L, `4` = 4L, `5` = 7L, `6` = 6L, `7` = 7L, 
    `8` = 17L, `9` = 14L, `10` = 16L, `11` = 6L, `12` = 7L, `13` = 13L, 
    `14` = 7L, `15` = 5L, `16` = 10L, `17` = 8L, `18` = 3L, `19` = 3L, 
    `20` = 3L, `21` = 8L, `22` = 5L, `23` = 5L, `24` = 7L, `25` = 8L, 
    `26` = 2L, `27` = 1L, `29` = 2L, `33` = 1L, `35` = 1L, `37` = 1L
    ), .Dim = 31L, .Dimnames = structure(list(c("1", "2", "3", 
    "4", "5", "6", "7", "8", "9", "10", "11", "12", "13", "14", 
    "15", "16", "17", "18", "19", "20", "21", "22", "23", "24", 
    "25", "26", "27", "29", "33", "35", "37")), .Names = ""), class = "table"), 
    No.Tag = structure(c(0L, 5L, 69L, 2L, 1L, 0L, 0L, 0L, 0L, 
    0L, 0L, 0L, 14L, 0L, 0L), .Dim = c(5L, 3L), .Dimnames = structure(list(
        c("-2", "-1", "0", "1", NA), c("A", "G", NA)), .Names = c("", 
    "")), class = "table"), All.Tags = list(Concordant = list(
        Freqs = structure(c(0, 13, 101, 0, 0, 0, 0, 0), .Dim = c(4L, 
        2L), .Dimnames = list(c("-2", "-1", "0", "1"), c("A", 
        "G"))), N = 114), Majority = list(Freqs = structure(c(0, 
    20, 188, 0, 0, 0, 0, 0), .Dim = c(4L, 2L), .Dimnames = list(
        c("-2", "-1", "0", "1"), c("A", "G"))), N = 208)), `2` = structure(c(0, 
    17, 163, 0, 0, 0, 0, 0), .Dim = c(4L, 2L), .Dimnames = list(
        c("-2", "-1", "0", "1"), c("A", "G"))))))
