Results <-
list(`bwaOutput/20210421msiMNRsJenny/1070_S42.sam` = list(LR52_SNP1 = list(
    All = list(Freqs = structure(c(0L, 1L, 22L, 119L, 375L, 1L, 
    7L, 14L, 201L, 5L, 62L, 438L, 7L, 7L, 0L, 0L, 0L, 22L, 152L, 
    0L, 0L), .Dim = c(7L, 3L), .Dimnames = structure(list(c("-4", 
    "-3", "-2", "-1", "0", "1", NA), c("C", "T", NA)), .Names = c("", 
    "")), class = "table"), N = 1433L), Tag.Distribution = structure(c(`1` = 10L, 
    `2` = 5L, `3` = 3L, `4` = 2L, `5` = 9L, `6` = 11L, `7` = 5L, 
    `8` = 4L, `9` = 8L, `10` = 8L, `11` = 4L, `12` = 6L, `13` = 12L, 
    `14` = 6L, `15` = 7L, `16` = 3L, `17` = 2L, `18` = 4L, `19` = 4L, 
    `20` = 1L, `21` = 1L, `22` = 6L, `23` = 2L, `24` = 1L, `27` = 1L, 
    `31` = 2L, `35` = 1L), .Dim = 27L, .Dimnames = structure(list(
        c("1", "2", "3", "4", "5", "6", "7", "8", "9", "10", 
        "11", "12", "13", "14", "15", "16", "17", "18", "19", 
        "20", "21", "22", "23", "24", "27", "31", "35")), .Names = ""), class = "table"), 
    No.Tag = structure(c(0L, 0L, 0L, 0L, 2L, 0L, 0L, 0L, 1L, 
    0L, 0L, 5L, 0L, 0L, 0L, 0L, 0L, 0L, 0L, 0L, 0L), .Dim = c(7L, 
    3L), .Dimnames = structure(list(c("-4", "-3", "-2", "-1", 
    "0", "1", NA), c("C", "T", NA)), .Names = c("", "")), class = "table"), 
    All.Tags = list(Concordant = list(Freqs = structure(c(0, 
    0, 0, 3, 16, 0, 1, 17, 0, 1, 10, 0), .Dim = c(6L, 2L), .Dimnames = list(
        c("-4", "-3", "-2", "-1", "0", "1"), c("C", "T"))), N = 48), 
        Majority = list(Freqs = structure(c(0, 0, 1, 10, 47, 
        0, 1, 17, 0, 1, 45, 0), .Dim = c(6L, 2L), .Dimnames = list(
            c("-4", "-3", "-2", "-1", "0", "1"), c("C", "T"))), 
            N = 122)), `2` = structure(c(0, 0, 1, 10, 46, 0, 
    1, 16, 0, 0, 39, 0), .Dim = c(6L, 2L), .Dimnames = list(c("-4", 
    "-3", "-2", "-1", "0", "1"), c("C", "T"))))))
