Results <-
list(`bwaOutput/20210421msiMNRsJenny/1070_S42.sam` = list(GM09_SNP1 = list(
    All = list(Freqs = structure(c(28L, 4125L, 4L, 1L, 1L, 13L, 
    0L, 0L, 1L, 22L, 1L, 0L), .Dim = 4:3, .Dimnames = structure(list(
        c("-1", "0", "1", NA), c("A", "G", NA)), .Names = c("", 
    "")), class = "table"), N = 4196L), Tag.Distribution = structure(c(`1` = 72L, 
    `2` = 12L, `3` = 22L, `4` = 19L, `5` = 25L, `6` = 37L, `7` = 26L, 
    `8` = 25L, `9` = 21L, `10` = 17L, `11` = 25L, `12` = 18L, 
    `13` = 15L, `14` = 16L, `15` = 7L, `16` = 9L, `17` = 14L, 
    `18` = 12L, `19` = 6L, `20` = 8L, `21` = 9L, `22` = 8L, `23` = 4L, 
    `24` = 1L, `25` = 5L, `26` = 3L, `27` = 1L, `28` = 1L, `30` = 1L, 
    `31` = 1L, `33` = 1L, `35` = 1L, `41` = 1L), .Dim = 33L, .Dimnames = structure(list(
        c("1", "2", "3", "4", "5", "6", "7", "8", "9", "10", 
        "11", "12", "13", "14", "15", "16", "17", "18", "19", 
        "20", "21", "22", "23", "24", "25", "26", "27", "28", 
        "30", "31", "33", "35", "41")), .Names = ""), class = "table"), 
    No.Tag = structure(c(0L, 70L, 0L, 0L, 0L, 1L, 0L, 0L, 0L, 
    3L, 0L, 0L), .Dim = 4:3, .Dimnames = structure(list(c("-1", 
    "0", "1", NA), c("A", "G", NA)), .Names = c("", "")), class = "table"), 
    All.Tags = list(Concordant = list(Freqs = structure(c(0, 
    404, 0, 1, 11, 0), .Dim = 3:2, .Dimnames = list(c("-1", "0", 
    "1"), c("A", "G"))), N = 416), Majority = list(Freqs = structure(c(1, 
    425, 0, 1, 11, 0), .Dim = 3:2, .Dimnames = list(c("-1", "0", 
    "1"), c("A", "G"))), N = 438)), `2` = structure(c(1, 370, 
    0, 0, 0, 0), .Dim = 3:2, .Dimnames = list(c("-1", "0", "1"
    ), c("A", "G"))))))
