Results <-
list(`bwaOutput/20210421msiMNRsJenny/1070_S42.sam` = list(GM29_SNP1 = list(
    All = list(Freqs = structure(c(3L, 187L, 1898L, 6L, 9L, 0L, 
    0L, 2L, 0L, 0L, 0L, 1L, 13L, 0L, 0L), .Dim = c(5L, 3L), .Dimnames = structure(list(
        c("-2", "-1", "0", "1", NA), c("A", "G", NA)), .Names = c("", 
    "")), class = "table"), N = 2119L), Tag.Distribution = structure(c(`1` = 30L, 
    `2` = 10L, `3` = 11L, `4` = 16L, `5` = 15L, `6` = 10L, `7` = 15L, 
    `8` = 22L, `9` = 8L, `10` = 11L, `11` = 16L, `12` = 8L, `13` = 5L, 
    `14` = 6L, `15` = 6L, `16` = 5L, `17` = 3L, `18` = 5L, `19` = 3L, 
    `20` = 5L, `21` = 4L, `22` = 2L, `23` = 3L, `24` = 1L, `25` = 3L, 
    `27` = 1L, `28` = 1L, `34` = 1L, `38` = 1L), .Dim = 29L, .Dimnames = structure(list(
        c("1", "2", "3", "4", "5", "6", "7", "8", "9", "10", 
        "11", "12", "13", "14", "15", "16", "17", "18", "19", 
        "20", "21", "22", "23", "24", "25", "27", "28", "34", 
        "38")), .Names = ""), class = "table"), No.Tag = structure(c(0L, 
    2L, 60L, 0L, 0L, 0L, 0L, 0L, 0L, 0L, 0L, 0L, 0L, 0L, 0L), .Dim = c(5L, 
    3L), .Dimnames = structure(list(c("-2", "-1", "0", "1", NA
    ), c("A", "G", NA)), .Names = c("", "")), class = "table"), 
    All.Tags = list(Concordant = list(Freqs = structure(c(0, 
    12, 174, 0, 0, 0, 1, 0), .Dim = c(4L, 2L), .Dimnames = list(
        c("-2", "-1", "0", "1"), c("A", "G"))), N = 187), Majority = list(
        Freqs = structure(c(0, 15, 208, 0, 0, 0, 1, 0), .Dim = c(4L, 
        2L), .Dimnames = list(c("-2", "-1", "0", "1"), c("A", 
        "G"))), N = 224)), `2` = structure(c(0, 13, 183, 0, 0, 
    0, 0, 0), .Dim = c(4L, 2L), .Dimnames = list(c("-2", "-1", 
    "0", "1"), c("A", "G"))))))
