Results <-
list(`bwaOutput/20210421msiMNRsJenny/1070_S42.sam` = list(DEPDC2_SNP1 = list(
    All = list(Freqs = structure(c(0L, 0L, 1L, 0L, 0L, 0L, 1L, 
    4L, 0L, 0L, 1L, 40L, 4659L, 23L, 15L, 0L, 0L, 26L, 2L, 0L
    ), .Dim = 5:4, .Dimnames = structure(list(c("-2", "-1", "0", 
    "1", NA), c("A", "C", "T", NA)), .Names = c("", "")), class = "table"), 
        N = 4772L), Tag.Distribution = structure(c(`1` = 106L, 
    `2` = 20L, `3` = 38L, `4` = 35L, `5` = 36L, `6` = 41L, `7` = 34L, 
    `8` = 32L, `9` = 35L, `10` = 34L, `11` = 22L, `12` = 26L, 
    `13` = 11L, `14` = 16L, `15` = 15L, `16` = 15L, `17` = 10L, 
    `18` = 7L, `19` = 11L, `20` = 7L, `21` = 3L, `22` = 4L, `24` = 2L, 
    `25` = 4L, `26` = 3L, `27` = 2L, `32` = 2L, `34` = 1L, `36` = 2L, 
    `37` = 2L, `45` = 1L), .Dim = 31L, .Dimnames = structure(list(
        c("1", "2", "3", "4", "5", "6", "7", "8", "9", "10", 
        "11", "12", "13", "14", "15", "16", "17", "18", "19", 
        "20", "21", "22", "24", "25", "26", "27", "32", "34", 
        "36", "37", "45")), .Names = ""), class = "table"), No.Tag = structure(c(0L, 
    0L, 0L, 0L, 0L, 0L, 0L, 0L, 0L, 0L, 0L, 0L, 43L, 0L, 0L, 
    0L, 0L, 3L, 0L, 0L), .Dim = 5:4, .Dimnames = structure(list(
        c("-2", "-1", "0", "1", NA), c("A", "C", "T", NA)), .Names = c("", 
    "")), class = "table"), All.Tags = list(Concordant = list(
        Freqs = structure(c(0, 0, 0, 0, 0, 1, 4, 0, 0, 1, 514, 
        0), .Dim = 4:3, .Dimnames = list(c("-2", "-1", "0", "1"
        ), c("A", "C", "T"))), N = 520), Majority = list(Freqs = structure(c(0, 
    0, 0, 0, 0, 1, 4, 0, 0, 1, 564, 0), .Dim = 4:3, .Dimnames = list(
        c("-2", "-1", "0", "1"), c("A", "C", "T"))), N = 570)), 
    `2` = structure(c(0, 0, 0, 0, 0, 0, 0, 0, 0, 1, 469, 0), .Dim = 4:3, .Dimnames = list(
        c("-2", "-1", "0", "1"), c("A", "C", "T"))))))
