Results <-
list(`bwaOutput/20210421msiMNRsJenny/1070_S42.sam` = list(GM17_SNP1 = list(
    All = list(Freqs = structure(c(10L, 892L, 3L, 3L, 241L, 818L, 
    4L, 3L, 0L, 16L, 0L, 0L), .Dim = 4:3, .Dimnames = structure(list(
        c("-1", "0", "1", NA), c("C", "T", NA)), .Names = c("", 
    "")), class = "table"), N = 1990L), Tag.Distribution = structure(c(`1` = 36L, 
    `2` = 6L, `3` = 10L, `4` = 11L, `5` = 10L, `6` = 9L, `7` = 16L, 
    `8` = 17L, `9` = 8L, `10` = 10L, `11` = 13L, `12` = 9L, `13` = 5L, 
    `14` = 7L, `15` = 8L, `16` = 5L, `17` = 3L, `18` = 3L, `19` = 2L, 
    `20` = 3L, `21` = 2L, `22` = 3L, `23` = 8L, `24` = 2L, `25` = 1L, 
    `26` = 1L, `27` = 1L, `29` = 1L, `30` = 2L), .Dim = 29L, .Dimnames = structure(list(
        c("1", "2", "3", "4", "5", "6", "7", "8", "9", "10", 
        "11", "12", "13", "14", "15", "16", "17", "18", "19", 
        "20", "21", "22", "23", "24", "25", "26", "27", "29", 
        "30")), .Names = ""), class = "table"), No.Tag = structure(c(0L, 
    6L, 0L, 0L, 0L, 12L, 0L, 0L, 0L, 2L, 0L, 0L), .Dim = 4:3, .Dimnames = structure(list(
        c("-1", "0", "1", NA), c("C", "T", NA)), .Names = c("", 
    "")), class = "table"), All.Tags = list(Concordant = list(
        Freqs = structure(c(0, 83, 0, 23, 79, 0), .Dim = 3:2, .Dimnames = list(
            c("-1", "0", "1"), c("C", "T"))), N = 185), Majority = list(
        Freqs = structure(c(0, 96, 0, 26, 87, 0), .Dim = 3:2, .Dimnames = list(
            c("-1", "0", "1"), c("C", "T"))), N = 209)), `2` = structure(c(0, 
    77, 0, 22, 77, 0), .Dim = 3:2, .Dimnames = list(c("-1", "0", 
    "1"), c("C", "T"))))))
