Results <-
list(`bwaOutput/20210421msiMNRsJenny/1070_S42.sam` = list(LR10_SNP1 = list(
    All = list(Freqs = structure(c(33L, 1673L, 3L, 3L, 0L, 13L, 
    0L, 0L, 0L, 14L, 0L, 0L), .Dim = 4:3, .Dimnames = structure(list(
        c("-1", "0", "1", NA), c("C", "T", NA)), .Names = c("", 
    "")), class = "table"), N = 1739L), Tag.Distribution = structure(c(`1` = 27L, 
    `2` = 4L, `3` = 5L, `4` = 9L, `5` = 8L, `6` = 14L, `7` = 15L, 
    `8` = 15L, `9` = 14L, `10` = 8L, `11` = 5L, `12` = 6L, `13` = 5L, 
    `14` = 3L, `15` = 3L, `16` = 5L, `17` = 3L, `18` = 4L, `19` = 2L, 
    `20` = 3L, `21` = 4L, `22` = 3L, `23` = 2L, `24` = 5L, `25` = 2L, 
    `26` = 1L, `27` = 1L, `28` = 2L, `35` = 1L), .Dim = 29L, .Dimnames = structure(list(
        c("1", "2", "3", "4", "5", "6", "7", "8", "9", "10", 
        "11", "12", "13", "14", "15", "16", "17", "18", "19", 
        "20", "21", "22", "23", "24", "25", "26", "27", "28", 
        "35")), .Names = ""), class = "table"), No.Tag = structure(c(0L, 
    7L, 0L, 0L, 0L, 0L, 0L, 0L, 0L, 1L, 0L, 0L), .Dim = 4:3, .Dimnames = structure(list(
        c("-1", "0", "1", NA), c("C", "T", NA)), .Names = c("", 
    "")), class = "table"), All.Tags = list(Concordant = list(
        Freqs = structure(c(0, 136, 0, 0, 4, 0), .Dim = 3:2, .Dimnames = list(
            c("-1", "0", "1"), c("C", "T"))), N = 140), Majority = list(
        Freqs = structure(c(0, 171, 0, 0, 4, 0), .Dim = 3:2, .Dimnames = list(
            c("-1", "0", "1"), c("C", "T"))), N = 175)), `2` = structure(c(0, 
    151, 0, 0, 0, 0), .Dim = 3:2, .Dimnames = list(c("-1", "0", 
    "1"), c("C", "T"))))))
