Results <-
list(`bwaOutput/20210421msiMNRsJenny/1070_S42.sam` = list(GM01_SNP1 = list(
    All = list(Freqs = structure(c(2L, 380L, 1286L, 7L, 5L, 1L, 
    27L, 1471L, 4L, 5L, 0L, 4L, 16L, 0L, 0L), .Dim = c(5L, 3L
    ), .Dimnames = structure(list(c("-2", "-1", "0", "1", NA), 
        c("A", "G", NA)), .Names = c("", "")), class = "table"), 
        N = 3208L), Tag.Distribution = structure(c(`1` = 40L, 
    `2` = 3L, `3` = 7L, `4` = 13L, `5` = 15L, `6` = 9L, `7` = 14L, 
    `8` = 17L, `9` = 11L, `10` = 15L, `11` = 16L, `12` = 12L, 
    `13` = 11L, `14` = 10L, `15` = 4L, `16` = 7L, `17` = 14L, 
    `18` = 13L, `19` = 6L, `20` = 10L, `21` = 7L, `22` = 7L, 
    `23` = 4L, `24` = 3L, `25` = 2L, `26` = 2L, `27` = 3L, `28` = 3L, 
    `29` = 1L, `30` = 1L, `37` = 1L, `45` = 1L), .Dim = 32L, .Dimnames = structure(list(
        c("1", "2", "3", "4", "5", "6", "7", "8", "9", "10", 
        "11", "12", "13", "14", "15", "16", "17", "18", "19", 
        "20", "21", "22", "23", "24", "25", "26", "27", "28", 
        "29", "30", "37", "45")), .Names = ""), class = "table"), 
    No.Tag = structure(c(0L, 1L, 37L, 0L, 0L, 0L, 0L, 4L, 0L, 
    1L, 0L, 0L, 0L, 0L, 0L), .Dim = c(5L, 3L), .Dimnames = structure(list(
        c("-2", "-1", "0", "1", NA), c("A", "G", NA)), .Names = c("", 
    "")), class = "table"), All.Tags = list(Concordant = list(
        Freqs = structure(c(0, 31, 77, 0, 0, 2, 107, 0), .Dim = c(4L, 
        2L), .Dimnames = list(c("-2", "-1", "0", "1"), c("A", 
        "G"))), N = 217), Majority = list(Freqs = structure(c(0, 
    34, 108, 0, 0, 2, 135, 0), .Dim = c(4L, 2L), .Dimnames = list(
        c("-2", "-1", "0", "1"), c("A", "G"))), N = 279)), `2` = structure(c(0, 
    30, 96, 0, 0, 0, 115, 0), .Dim = c(4L, 2L), .Dimnames = list(
        c("-2", "-1", "0", "1"), c("A", "G"))))))
