Results <-
list(`bwaOutput/20210421msiMNRsJenny/1071_S43.sam` = list(GM01_SNP1 = list(
    All = list(Freqs = structure(c(3L, 1053L, 1266L, 3L, 11L, 
    7L, 1071L, 1196L, 9L, 12L, 0L, 7L, 27L, 0L, 0L), .Dim = c(5L, 
    3L), .Dimnames = structure(list(c("-2", "-1", "0", "1", NA
    ), c("A", "G", NA)), .Names = c("", "")), class = "table"), 
        N = 4665L), Tag.Distribution = structure(c(`1` = 78L, 
    `2` = 48L, `3` = 50L, `4` = 46L, `5` = 56L, `6` = 49L, `7` = 61L, 
    `8` = 48L, `9` = 33L, `10` = 25L, `11` = 26L, `12` = 27L, 
    `13` = 15L, `14` = 15L, `15` = 11L, `16` = 7L, `17` = 8L, 
    `18` = 9L, `19` = 5L, `20` = 8L, `21` = 3L, `22` = 4L, `23` = 1L, 
    `24` = 1L, `25` = 1L, `27` = 1L, `29` = 1L), .Dim = 27L, .Dimnames = structure(list(
        c("1", "2", "3", "4", "5", "6", "7", "8", "9", "10", 
        "11", "12", "13", "14", "15", "16", "17", "18", "19", 
        "20", "21", "22", "23", "24", "25", "27", "29")), .Names = ""), class = "table"), 
    No.Tag = structure(c(0L, 36L, 29L, 0L, 2L, 0L, 10L, 17L, 
    0L, 2L, 0L, 2L, 3L, 0L, 0L), .Dim = c(5L, 3L), .Dimnames = structure(list(
        c("-2", "-1", "0", "1", NA), c("A", "G", NA)), .Names = c("", 
    "")), class = "table"), All.Tags = list(Concordant = list(
        Freqs = structure(c(0, 116, 153, 0, 0, 116, 131, 0), .Dim = c(4L, 
        2L), .Dimnames = list(c("-2", "-1", "0", "1"), c("A", 
        "G"))), N = 516), Majority = list(Freqs = structure(c(0, 
    132, 187, 0, 0, 139, 165, 0), .Dim = c(4L, 2L), .Dimnames = list(
        c("-2", "-1", "0", "1"), c("A", "G"))), N = 623)), `2` = structure(c(0, 
    122, 159, 0, 0, 125, 150, 0), .Dim = c(4L, 2L), .Dimnames = list(
        c("-2", "-1", "0", "1"), c("A", "G"))))))
