Results <-
list(`bwaOutput/20210421msiMNRsJenny/1071_S43.sam` = list(GM22_SNP1 = list(
    All = list(Freqs = structure(c(18L, 1337L, 5L, 2L, 20L, 1086L, 
    7L, 1L, 0L, 33L, 0L, 0L), .Dim = 4:3, .Dimnames = structure(list(
        c("-1", "0", "1", NA), c("A", "G", NA)), .Names = c("", 
    "")), class = "table"), N = 2509L), Tag.Distribution = structure(c(`1` = 58L, 
    `2` = 32L, `3` = 47L, `4` = 27L, `5` = 31L, `6` = 25L, `7` = 33L, 
    `8` = 28L, `9` = 24L, `10` = 17L, `11` = 15L, `12` = 12L, 
    `13` = 9L, `14` = 8L, `15` = 7L, `16` = 3L, `17` = 4L, `18` = 3L, 
    `19` = 2L, `20` = 2L, `21` = 1L, `26` = 1L), .Dim = 22L, .Dimnames = structure(list(
        c("1", "2", "3", "4", "5", "6", "7", "8", "9", "10", 
        "11", "12", "13", "14", "15", "16", "17", "18", "19", 
        "20", "21", "26")), .Names = ""), class = "table"), No.Tag = structure(c(0L, 
    24L, 0L, 0L, 2L, 23L, 1L, 0L, 0L, 4L, 0L, 0L), .Dim = 4:3, .Dimnames = structure(list(
        c("-1", "0", "1", NA), c("A", "G", NA)), .Names = c("", 
    "")), class = "table"), All.Tags = list(Concordant = list(
        Freqs = structure(c(0, 190, 0, 0, 143, 0), .Dim = 3:2, .Dimnames = list(
            c("-1", "0", "1"), c("A", "G"))), N = 333), Majority = list(
        Freqs = structure(c(0, 214, 0, 0, 165, 0), .Dim = 3:2, .Dimnames = list(
            c("-1", "0", "1"), c("A", "G"))), N = 379)), `2` = structure(c(0, 
    181, 0, 0, 145, 0), .Dim = 3:2, .Dimnames = list(c("-1", 
    "0", "1"), c("A", "G"))))))
