Results <-
list(`bwaOutput/20210421msiMNRsJenny/1071_S43.sam` = list(IM16_SNP1 = list(
    All = list(Freqs = structure(c(0L, 0L, 4L, 0L, 0L, 0L, 14L, 
    331L, 2458L, 217L, 7L, 5L, 0L, 2L, 41L, 10L, 0L, 0L), .Dim = c(6L, 
    3L), .Dimnames = structure(list(c("-2", "-1", "0", "1", "2", 
    NA), c("A", "G", NA)), .Names = c("", "")), class = "table"), 
        N = 3089L), Tag.Distribution = structure(c(`1` = 58L, 
    `2` = 36L, `3` = 58L, `4` = 42L, `5` = 47L, `6` = 32L, `7` = 31L, 
    `8` = 27L, `9` = 30L, `10` = 22L, `11` = 21L, `12` = 14L, 
    `13` = 12L, `14` = 8L, `15` = 10L, `16` = 2L, `17` = 7L, 
    `18` = 5L, `19` = 1L, `24` = 1L, `25` = 1L, `26` = 1L, `32` = 1L
    ), .Dim = 23L, .Dimnames = structure(list(c("1", "2", "3", 
    "4", "5", "6", "7", "8", "9", "10", "11", "12", "13", "14", 
    "15", "16", "17", "18", "19", "24", "25", "26", "32")), .Names = ""), class = "table"), 
    No.Tag = structure(c(0L, 0L, 1L, 0L, 0L, 0L, 0L, 1L, 63L, 
    8L, 1L, 0L, 0L, 0L, 6L, 3L, 0L, 0L), .Dim = c(6L, 3L), .Dimnames = structure(list(
        c("-2", "-1", "0", "1", "2", NA), c("A", "G", NA)), .Names = c("", 
    "")), class = "table"), All.Tags = list(Concordant = list(
        Freqs = structure(c(0, 0, 2, 0, 0, 1, 55, 318, 15, 0), .Dim = c(5L, 
        2L), .Dimnames = list(c("-2", "-1", "0", "1", "2"), c("A", 
        "G"))), N = 391), Majority = list(Freqs = structure(c(0, 
    0, 2, 0, 0, 1, 59, 369, 29, 0), .Dim = c(5L, 2L), .Dimnames = list(
        c("-2", "-1", "0", "1", "2"), c("A", "G"))), N = 460)), 
    `2` = structure(c(0, 0, 0, 0, 0, 1, 50, 330, 25, 0), .Dim = c(5L, 
    2L), .Dimnames = list(c("-2", "-1", "0", "1", "2"), c("A", 
    "G"))))))
