Results <-
list(`bwaOutput/20210421msiMNRsJenny/1071_S43.sam` = list(GM14_SNP1 = list(
    All = list(Freqs = structure(c(0L, 0L, 0L, 1L, 0L, 0L, 1L, 
    90L, 335L, 1171L, 10L, 5L, 1L, 22L, 832L, 982L, 11L, 8L, 
    0L, 0L, 1L, 25L, 1L, 0L), .Dim = c(6L, 4L), .Dimnames = structure(list(
        c("-3", "-2", "-1", "0", "1", NA), c("A", "C", "T", NA
        )), .Names = c("", "")), class = "table"), N = 3496L), 
    Tag.Distribution = structure(c(`1` = 82L, `2` = 59L, `3` = 57L, 
    `4` = 53L, `5` = 66L, `6` = 39L, `7` = 46L, `8` = 39L, `9` = 38L, 
    `10` = 23L, `11` = 23L, `12` = 12L, `13` = 19L, `14` = 11L, 
    `15` = 3L, `16` = 3L, `17` = 5L, `21` = 1L, `22` = 1L, `23` = 1L, 
    `26` = 2L), .Dim = 21L, .Dimnames = structure(list(c("1", 
    "2", "3", "4", "5", "6", "7", "8", "9", "10", "11", "12", 
    "13", "14", "15", "16", "17", "21", "22", "23", "26")), .Names = ""), class = "table"), 
    No.Tag = structure(c(0L, 0L, 0L, 0L, 0L, 0L, 0L, 1L, 3L, 
    14L, 0L, 0L, 0L, 0L, 9L, 21L, 0L, 0L, 0L, 0L, 0L, 1L, 0L, 
    0L), .Dim = c(6L, 4L), .Dimnames = structure(list(c("-3", 
    "-2", "-1", "0", "1", NA), c("A", "C", "T", NA)), .Names = c("", 
    "")), class = "table"), All.Tags = list(Concordant = list(
        Freqs = structure(c(0, 0, 0, 0, 0, 0, 13, 45, 162, 0, 
        0, 2, 99, 138, 1), .Dim = c(5L, 3L), .Dimnames = list(
            c("-3", "-2", "-1", "0", "1"), c("A", "C", "T"))), 
        N = 460), Majority = list(Freqs = structure(c(0, 0, 0, 
    0, 0, 0, 15, 52, 214, 0, 0, 2, 119, 169, 2), .Dim = c(5L, 
    3L), .Dimnames = list(c("-3", "-2", "-1", "0", "1"), c("A", 
    "C", "T"))), N = 573)), `2` = structure(c(0, 0, 0, 0, 0, 
    0, 14, 48, 179, 0, 0, 2, 103, 148, 1), .Dim = c(5L, 3L), .Dimnames = list(
        c("-3", "-2", "-1", "0", "1"), c("A", "C", "T"))))))
