Results <-
list(`bwaOutput/20210421msiMNRsJenny/1071_S43.sam` = list(LR48_SNP1 = list(
    All = list(Freqs = structure(c(1L, 37L, 782L, 1564L, 27L, 
    11L, 0L, 0L, 0L, 1L, 0L, 0L, 0L, 0L, 0L, 5L, 0L, 0L, 0L, 
    0L, 4L, 27L, 0L, 0L), .Dim = c(6L, 4L), .Dimnames = structure(list(
        c("-3", "-2", "-1", "0", "1", NA), c("C", "G", "T", NA
        )), .Names = c("", "")), class = "table"), N = 2459L), 
    Tag.Distribution = structure(c(`1` = 47L, `2` = 20L, `3` = 31L, 
    `4` = 30L, `5` = 26L, `6` = 33L, `7` = 31L, `8` = 28L, `9` = 10L, 
    `10` = 14L, `11` = 16L, `12` = 12L, `13` = 10L, `14` = 6L, 
    `15` = 6L, `16` = 4L, `17` = 1L, `18` = 5L, `19` = 2L, `20` = 9L, 
    `21` = 1L, `23` = 1L, `26` = 1L, `27` = 1L, `30` = 1L), .Dim = 25L, .Dimnames = structure(list(
        c("1", "2", "3", "4", "5", "6", "7", "8", "9", "10", 
        "11", "12", "13", "14", "15", "16", "17", "18", "19", 
        "20", "21", "23", "26", "27", "30")), .Names = ""), class = "table"), 
    No.Tag = structure(c(0L, 0L, 8L, 11L, 0L, 0L, 0L, 0L, 0L, 
    0L, 0L, 0L, 0L, 0L, 0L, 0L, 0L, 0L, 0L, 0L, 0L, 1L, 0L, 0L
    ), .Dim = c(6L, 4L), .Dimnames = structure(list(c("-3", "-2", 
    "-1", "0", "1", NA), c("C", "G", "T", NA)), .Names = c("", 
    "")), class = "table"), All.Tags = list(Concordant = list(
        Freqs = structure(c(0, 3, 79, 167, 0, 0, 0, 0, 0, 0, 
        0, 0, 0, 5, 0), .Dim = c(5L, 3L), .Dimnames = list(c("-3", 
        "-2", "-1", "0", "1"), c("C", "G", "T"))), N = 254), 
        Majority = list(Freqs = structure(c(0, 3, 105, 227, 0, 
        0, 0, 0, 0, 0, 0, 0, 0, 5, 0), .Dim = c(5L, 3L), .Dimnames = list(
            c("-3", "-2", "-1", "0", "1"), c("C", "G", "T"))), 
            N = 340)), `2` = structure(c(0, 1, 95, 199, 0, 0, 
    0, 0, 0, 0, 0, 0, 0, 0, 0), .Dim = c(5L, 3L), .Dimnames = list(
        c("-3", "-2", "-1", "0", "1"), c("C", "G", "T"))))))
