Results <-
list(`bwaOutput/20210421msiMNRsJenny/1071_S43.sam` = list(LR52_SNP1 = list(
    All = list(Freqs = structure(c(0L, 1L, 0L, 2L, 5L, 0L, 0L, 
    9L, 598L, 16L, 250L, 1399L, 13L, 30L, 1L, 2L, 0L, 11L, 39L, 
    0L, 0L), .Dim = c(7L, 3L), .Dimnames = structure(list(c("-4", 
    "-3", "-2", "-1", "0", "1", NA), c("C", "T", NA)), .Names = c("", 
    "")), class = "table"), N = 2376L), Tag.Distribution = structure(c(`1` = 46L, 
    `2` = 35L, `3` = 32L, `4` = 44L, `5` = 42L, `6` = 37L, `7` = 23L, 
    `8` = 28L, `9` = 19L, `10` = 8L, `11` = 14L, `12` = 8L, `13` = 14L, 
    `14` = 6L, `15` = 2L, `16` = 5L, `17` = 4L, `18` = 3L, `20` = 3L, 
    `30` = 1L, `33` = 1L), .Dim = 21L, .Dimnames = structure(list(
        c("1", "2", "3", "4", "5", "6", "7", "8", "9", "10", 
        "11", "12", "13", "14", "15", "16", "17", "18", "20", 
        "30", "33")), .Names = ""), class = "table"), No.Tag = structure(c(0L, 
    1L, 0L, 0L, 0L, 0L, 0L, 0L, 12L, 0L, 2L, 30L, 1L, 0L, 0L, 
    0L, 0L, 0L, 3L, 0L, 0L), .Dim = c(7L, 3L), .Dimnames = structure(list(
        c("-4", "-3", "-2", "-1", "0", "1", NA), c("C", "T", 
        NA)), .Names = c("", "")), class = "table"), All.Tags = list(
        Concordant = list(Freqs = structure(c(0, 0, 0, 0, 1, 
        0, 0, 77, 1, 11, 156, 1), .Dim = c(6L, 2L), .Dimnames = list(
            c("-4", "-3", "-2", "-1", "0", "1"), c("C", "T"))), 
            N = 247), Majority = list(Freqs = structure(c(0, 
        0, 0, 0, 2, 0, 0, 87, 1, 21, 247, 1), .Dim = c(6L, 2L
        ), .Dimnames = list(c("-4", "-3", "-2", "-1", "0", "1"
        ), c("C", "T"))), N = 359)), `2` = structure(c(0, 0, 
    0, 0, 1, 0, 0, 80, 0, 20, 217, 0), .Dim = c(6L, 2L), .Dimnames = list(
        c("-4", "-3", "-2", "-1", "0", "1"), c("C", "T"))))))
