Results <-
list(`bwaOutput/20210421msiMNRsJenny/1071_S43.sam` = list(LR10_SNP1 = list(
    All = list(Freqs = structure(c(8L, 540L, 754L, 11L, 0L, 8L, 
    0L, 1L, 0L, 0L, 0L, 0L, 0L, 23L, 1516L, 4L, 0L, 2L, 0L, 7L, 
    22L, 1L, 1L, 0L), .Dim = c(6L, 4L), .Dimnames = structure(list(
        c("-2", "-1", "0", "1", "2", NA), c("C", "G", "T", NA
        )), .Names = c("", "")), class = "table"), N = 2898L), 
    Tag.Distribution = structure(c(`1` = 75L, `2` = 54L, `3` = 49L, 
    `4` = 55L, `5` = 55L, `6` = 48L, `7` = 42L, `8` = 30L, `9` = 19L, 
    `10` = 14L, `11` = 10L, `12` = 10L, `13` = 7L, `14` = 12L, 
    `15` = 4L, `16` = 9L, `17` = 2L, `19` = 2L, `20` = 1L, `21` = 3L, 
    `23` = 1L), .Dim = 21L, .Dimnames = structure(list(c("1", 
    "2", "3", "4", "5", "6", "7", "8", "9", "10", "11", "12", 
    "13", "14", "15", "16", "17", "19", "20", "21", "23")), .Names = ""), class = "table"), 
    No.Tag = structure(c(0L, 0L, 27L, 0L, 0L, 1L, 0L, 0L, 0L, 
    0L, 0L, 0L, 0L, 0L, 41L, 0L, 0L, 0L, 0L, 0L, 0L, 0L, 0L, 
    0L), .Dim = c(6L, 4L), .Dimnames = structure(list(c("-2", 
    "-1", "0", "1", "2", NA), c("C", "G", "T", NA)), .Names = c("", 
    "")), class = "table"), All.Tags = list(Concordant = list(
        Freqs = structure(c(0, 87, 105, 0, 0, 0, 1, 0, 0, 0, 
        0, 1, 223, 0, 0), .Dim = c(5L, 3L), .Dimnames = list(
            c("-2", "-1", "0", "1", "2"), c("C", "G", "T"))), 
        N = 417), Majority = list(Freqs = structure(c(0, 100, 
    132, 0, 0, 0, 1, 0, 0, 0, 0, 1, 260, 0, 0), .Dim = c(5L, 
    3L), .Dimnames = list(c("-2", "-1", "0", "1", "2"), c("C", 
    "G", "T"))), N = 494)), `2` = structure(c(0, 86, 113, 0, 
    0, 0, 0, 0, 0, 0, 0, 0, 223, 0, 0), .Dim = c(5L, 3L), .Dimnames = list(
        c("-2", "-1", "0", "1", "2"), c("C", "G", "T"))))))
