Results <-
list(`bwaOutput/20210421msiMNRsJenny/1071_S43.sam` = list(LR49_SNP1 = list(
    All = list(Freqs = structure(c(1L, 9L, 11L, 1L, 0L, 19L, 
    1667L, 1708L, 2L, 22L, 0L, 1L, 0L, 0L, 0L, 0L, 5L, 10L, 0L, 
    0L), .Dim = 5:4, .Dimnames = structure(list(c("-2", "-1", 
    "0", "1", NA), c("A", "G", "T", NA)), .Names = c("", "")), class = "table"), 
        N = 3456L), Tag.Distribution = structure(c(`1` = 134L, 
    `2` = 115L, `3` = 74L, `4` = 84L, `5` = 70L, `6` = 60L, `7` = 50L, 
    `8` = 31L, `9` = 23L, `10` = 17L, `11` = 12L, `12` = 6L, 
    `13` = 8L, `14` = 11L, `15` = 3L, `16` = 4L, `17` = 1L, `18` = 3L, 
    `19` = 1L, `20` = 1L, `21` = 1L, `23` = 1L, `24` = 1L, `26` = 1L
    ), .Dim = 24L, .Dimnames = structure(list(c("1", "2", "3", 
    "4", "5", "6", "7", "8", "9", "10", "11", "12", "13", "14", 
    "15", "16", "17", "18", "19", "20", "21", "23", "24", "26"
    )), .Names = ""), class = "table"), No.Tag = structure(c(0L, 
    0L, 1L, 0L, 0L, 0L, 28L, 38L, 1L, 3L, 0L, 0L, 0L, 0L, 0L, 
    0L, 0L, 3L, 0L, 0L), .Dim = 5:4, .Dimnames = structure(list(
        c("-2", "-1", "0", "1", NA), c("A", "G", "T", NA)), .Names = c("", 
    "")), class = "table"), All.Tags = list(Concordant = list(
        Freqs = structure(c(0, 1, 2, 1, 4, 299, 324, 0, 0, 0, 
        0, 0), .Dim = 4:3, .Dimnames = list(c("-2", "-1", "0", 
        "1"), c("A", "G", "T"))), N = 631), Majority = list(Freqs = structure(c(0, 
    1, 2, 1, 4, 339, 350, 0, 0, 0, 0, 0), .Dim = 4:3, .Dimnames = list(
        c("-2", "-1", "0", "1"), c("A", "G", "T"))), N = 697)), 
    `2` = structure(c(0, 1, 0, 0, 3, 287, 279, 0, 0, 0, 0, 0), .Dim = 4:3, .Dimnames = list(
        c("-2", "-1", "0", "1"), c("A", "G", "T"))))))
