Results <-
list(`bwaOutput/20210421msiMNRsJenny/1071_S43.sam` = list(IM49_SNP1 = list(
    All = list(Freqs = structure(c(0L, 0L, 1L, 1L, 0L, 0L, 0L, 
    0L, 0L, 1L, 8L, 0L, 0L, 0L, 4L, 246L, 718L, 1760L, 44L, 2L, 
    23L, 0L, 2L, 11L, 91L, 3L, 0L, 0L), .Dim = c(7L, 4L), .Dimnames = structure(list(
        c("-3", "-2", "-1", "0", "1", "2", NA), c("A", "C", "G", 
        NA)), .Names = c("", "")), class = "table"), N = 2915L), 
    Tag.Distribution = structure(c(`1` = 189L, `2` = 124L, `3` = 131L, 
    `4` = 89L, `5` = 58L, `6` = 47L, `7` = 39L, `8` = 24L, `9` = 13L, 
    `10` = 11L, `11` = 5L, `12` = 5L, `13` = 3L, `14` = 7L, `15` = 2L, 
    `16` = 3L, `17` = 1L, `21` = 1L), .Dim = 18L, .Dimnames = structure(list(
        c("1", "2", "3", "4", "5", "6", "7", "8", "9", "10", 
        "11", "12", "13", "14", "15", "16", "17", "21")), .Names = ""), class = "table"), 
    No.Tag = structure(c(0L, 0L, 0L, 0L, 0L, 0L, 0L, 0L, 0L, 
    0L, 1L, 0L, 0L, 0L, 0L, 15L, 13L, 62L, 2L, 0L, 0L, 0L, 0L, 
    0L, 2L, 2L, 0L, 0L), .Dim = c(7L, 4L), .Dimnames = structure(list(
        c("-3", "-2", "-1", "0", "1", "2", NA), c("A", "C", "G", 
        NA)), .Names = c("", "")), class = "table"), All.Tags = list(
        Concordant = list(Freqs = structure(c(0, 0, 0, 0, 0, 
        0, 0, 0, 1, 5, 0, 0, 1, 56, 134, 385, 5, 0), .Dim = c(6L, 
        3L), .Dimnames = list(c("-3", "-2", "-1", "0", "1", "2"
        ), c("A", "C", "G"))), N = 587), Majority = list(Freqs = structure(c(0, 
        0, 0, 0, 0, 0, 0, 0, 1, 5, 0, 0, 1, 68, 167, 463, 6, 
        0), .Dim = c(6L, 3L), .Dimnames = list(c("-3", "-2", 
        "-1", "0", "1", "2"), c("A", "C", "G"))), N = 711)), 
    `2` = structure(c(0, 0, 0, 0, 0, 0, 0, 0, 0, 0, 0, 0, 0, 
    43, 123, 376, 1, 0), .Dim = c(6L, 3L), .Dimnames = list(c("-3", 
    "-2", "-1", "0", "1", "2"), c("A", "C", "G"))))))
