Results <-
list(`bwaOutput/20210421msiMNRsJenny/1071_S43.sam` = list(GM09_SNP1 = list(
    All = list(Freqs = structure(c(1L, 14L, 0L, 0L, 49L, 5324L, 
    14L, 5L, 0L, 38L, 0L, 0L), .Dim = 4:3, .Dimnames = structure(list(
        c("-1", "0", "1", NA), c("A", "G", NA)), .Names = c("", 
    "")), class = "table"), N = 5445L), Tag.Distribution = structure(c(`1` = 138L, 
    `2` = 78L, `3` = 94L, `4` = 91L, `5` = 74L, `6` = 65L, `7` = 49L, 
    `8` = 51L, `9` = 52L, `10` = 30L, `11` = 23L, `12` = 14L, 
    `13` = 22L, `14` = 19L, `15` = 11L, `16` = 6L, `17` = 9L, 
    `18` = 8L, `19` = 5L, `20` = 6L, `21` = 2L, `22` = 3L, `23` = 2L, 
    `24` = 2L, `25` = 1L, `26` = 1L, `27` = 1L, `28` = 1L, `32` = 2L
    ), .Dim = 29L, .Dimnames = structure(list(c("1", "2", "3", 
    "4", "5", "6", "7", "8", "9", "10", "11", "12", "13", "14", 
    "15", "16", "17", "18", "19", "20", "21", "22", "23", "24", 
    "25", "26", "27", "28", "32")), .Names = ""), class = "table"), 
    No.Tag = structure(c(0L, 2L, 0L, 0L, 0L, 102L, 0L, 1L, 0L, 
    3L, 0L, 0L), .Dim = 4:3, .Dimnames = structure(list(c("-1", 
    "0", "1", NA), c("A", "G", NA)), .Names = c("", "")), class = "table"), 
    All.Tags = list(Concordant = list(Freqs = structure(c(1, 
    9, 0, 2, 792, 0), .Dim = 3:2, .Dimnames = list(c("-1", "0", 
    "1"), c("A", "G"))), N = 804), Majority = list(Freqs = structure(c(1, 
    9, 0, 4, 835, 0), .Dim = 3:2, .Dimnames = list(c("-1", "0", 
    "1"), c("A", "G"))), N = 849)), `2` = structure(c(0, 0, 0, 
    3, 717, 0), .Dim = 3:2, .Dimnames = list(c("-1", "0", "1"
    ), c("A", "G"))))))
