Results <-
list(`bwaOutput/20210421msiMNRsJenny/1071_S43.sam` = list(LR44_SNP1 = list(
    All = list(Freqs = structure(c(0L, 0L, 0L, 0L, 3L, 0L, 0L, 
    0L, 0L, 0L, 0L, 1L, 0L, 0L, 0L, 0L, 1L, 4L, 136L, 1191L, 
    264L, 10L, 1L, 14L, 0L, 0L, 0L, 3L, 0L, 0L, 0L, 0L, 30L, 
    188L, 889L, 1043L, 19L, 0L, 0L, 17L, 0L, 0L, 11L, 32L, 7L, 
    0L, 0L, 0L), .Dim = c(8L, 6L), .Dimnames = structure(list(
        c("-3", "-2", "-1", "0", "1", "2", "3", NA), c("-", "A", 
        "C", "G", "T", NA)), .Names = c("", "")), class = "table"), 
        N = 3864L), Tag.Distribution = structure(c(`1` = 84L, 
    `2` = 42L, `3` = 71L, `4` = 67L, `5` = 60L, `6` = 52L, `7` = 47L, 
    `8` = 29L, `9` = 34L, `10` = 33L, `11` = 27L, `12` = 14L, 
    `13` = 20L, `14` = 7L, `15` = 11L, `16` = 1L, `17` = 5L, 
    `18` = 3L, `19` = 6L, `20` = 3L), .Dim = 20L, .Dimnames = structure(list(
        c("1", "2", "3", "4", "5", "6", "7", "8", "9", "10", 
        "11", "12", "13", "14", "15", "16", "17", "18", "19", 
        "20")), .Names = ""), class = "table"), No.Tag = structure(c(0L, 
    0L, 0L, 0L, 0L, 0L, 0L, 0L, 0L, 0L, 0L, 0L, 0L, 0L, 0L, 0L, 
    0L, 0L, 6L, 32L, 9L, 0L, 0L, 1L, 0L, 0L, 0L, 0L, 0L, 0L, 
    0L, 0L, 0L, 2L, 17L, 21L, 1L, 0L, 0L, 0L, 0L, 0L, 0L, 0L, 
    0L, 0L, 0L, 0L), .Dim = c(8L, 6L), .Dimnames = structure(list(
        c("-3", "-2", "-1", "0", "1", "2", "3", NA), c("-", "A", 
        "C", "G", "T", NA)), .Names = c("", "")), class = "table"), 
    All.Tags = list(Concordant = list(Freqs = structure(c(0, 
    0, 0, 0, 1, 0, 0, 0, 0, 0, 0, 0, 0, 0, 0, 0, 8, 113, 26, 
    0, 0, 0, 0, 0, 1, 0, 0, 0, 2, 15, 93, 95, 1, 0, 0), .Dim = c(7L, 
    5L), .Dimnames = list(c("-3", "-2", "-1", "0", "1", "2", 
    "3"), c("-", "A", "C", "G", "T"))), N = 355), Majority = list(
        Freqs = structure(c(0, 0, 0, 0, 1, 0, 0, 0, 0, 0, 0, 
        0, 0, 0, 0, 0, 9, 202, 47, 0, 0, 0, 0, 0, 1, 0, 0, 0, 
        4, 22, 130, 173, 1, 0, 0), .Dim = c(7L, 5L), .Dimnames = list(
            c("-3", "-2", "-1", "0", "1", "2", "3"), c("-", "A", 
            "C", "G", "T"))), N = 590)), `2` = structure(c(0, 
    0, 0, 0, 1, 0, 0, 0, 0, 0, 0, 0, 0, 0, 0, 0, 5, 174, 39, 
    0, 0, 0, 0, 0, 1, 0, 0, 0, 4, 19, 118, 153, 0, 0, 0), .Dim = c(7L, 
    5L), .Dimnames = list(c("-3", "-2", "-1", "0", "1", "2", 
    "3"), c("-", "A", "C", "G", "T"))))))
