Results <-
list(`bwaOutput/20210421msiMNRsJenny/1071_S43.sam` = list(LR11_SNP1 = list(
    All = list(Freqs = structure(c(4L, 342L, 3018L, 31L, 1L, 
    18L, 0L, 0L, 10L, 0L, 0L, 1L, 0L, 2L, 17L, 0L, 0L, 0L), .Dim = c(6L, 
    3L), .Dimnames = structure(list(c("-2", "-1", "0", "1", "2", 
    NA), c("A", "C", NA)), .Names = c("", "")), class = "table"), 
        N = 3444L), Tag.Distribution = structure(c(`1` = 95L, 
    `2` = 41L, `3` = 49L, `4` = 47L, `5` = 41L, `6` = 47L, `7` = 36L, 
    `8` = 40L, `9` = 33L, `10` = 20L, `11` = 18L, `12` = 15L, 
    `13` = 15L, `14` = 8L, `15` = 9L, `16` = 6L, `17` = 6L, `18` = 2L, 
    `19` = 4L, `20` = 4L, `21` = 2L, `22` = 1L, `23` = 2L, `24` = 1L
    ), .Dim = 24L, .Dimnames = structure(list(c("1", "2", "3", 
    "4", "5", "6", "7", "8", "9", "10", "11", "12", "13", "14", 
    "15", "16", "17", "18", "19", "20", "21", "22", "23", "24"
    )), .Names = ""), class = "table"), No.Tag = structure(c(0L, 
    2L, 30L, 0L, 0L, 0L, 0L, 0L, 0L, 0L, 0L, 0L, 0L, 0L, 0L, 
    0L, 0L, 0L), .Dim = c(6L, 3L), .Dimnames = structure(list(
        c("-2", "-1", "0", "1", "2", NA), c("A", "C", NA)), .Names = c("", 
    "")), class = "table"), All.Tags = list(Concordant = list(
        Freqs = structure(c(0, 33, 382, 1, 0, 0, 0, 9, 0, 0), .Dim = c(5L, 
        2L), .Dimnames = list(c("-2", "-1", "0", "1", "2"), c("A", 
        "C"))), N = 425), Majority = list(Freqs = structure(c(0, 
    39, 482, 1, 0, 0, 0, 9, 0, 0), .Dim = c(5L, 2L), .Dimnames = list(
        c("-2", "-1", "0", "1", "2"), c("A", "C"))), N = 531)), 
    `2` = structure(c(0, 30, 414, 0, 0, 0, 0, 0, 0, 0), .Dim = c(5L, 
    2L), .Dimnames = list(c("-2", "-1", "0", "1", "2"), c("A", 
    "C"))))))
