Results <-
list(`bwaOutput/20210421msiMNRsJenny/1071_S43.sam` = list(GM07_SNP1 = list(
    All = list(Freqs = structure(c(25L, 697L, 561L, 25L, 32L, 
    36L, 630L, 594L, 27L, 32L, 0L, 8L, 14L, 1L, 0L), .Dim = c(5L, 
    3L), .Dimnames = structure(list(c("-2", "-1", "0", "1", NA
    ), c("A", "G", NA)), .Names = c("", "")), class = "table"), 
        N = 2682L), Tag.Distribution = structure(c(`1` = 83L, 
    `2` = 37L, `3` = 38L, `4` = 47L, `5` = 35L, `6` = 44L, `7` = 35L, 
    `8` = 30L, `9` = 29L, `10` = 16L, `11` = 15L, `12` = 10L, 
    `13` = 4L, `14` = 7L, `15` = 9L, `16` = 3L, `17` = 5L, `18` = 1L, 
    `19` = 3L, `20` = 2L, `21` = 1L), .Dim = 21L, .Dimnames = structure(list(
        c("1", "2", "3", "4", "5", "6", "7", "8", "9", "10", 
        "11", "12", "13", "14", "15", "16", "17", "18", "19", 
        "20", "21")), .Names = ""), class = "table"), No.Tag = structure(c(0L, 
    14L, 3L, 0L, 2L, 0L, 5L, 9L, 0L, 4L, 0L, 1L, 1L, 0L, 0L), .Dim = c(5L, 
    3L), .Dimnames = structure(list(c("-2", "-1", "0", "1", NA
    ), c("A", "G", NA)), .Names = c("", "")), class = "table"), 
    All.Tags = list(Concordant = list(Freqs = structure(c(1, 
    87, 69, 0, 1, 76, 80, 1), .Dim = c(4L, 2L), .Dimnames = list(
        c("-2", "-1", "0", "1"), c("A", "G"))), N = 315), Majority = list(
        Freqs = structure(c(1, 114, 104, 0, 2, 101, 123, 1), .Dim = c(4L, 
        2L), .Dimnames = list(c("-2", "-1", "0", "1"), c("A", 
        "G"))), N = 446)), `2` = structure(c(1, 97, 82, 0, 2, 
    86, 99, 1), .Dim = c(4L, 2L), .Dimnames = list(c("-2", "-1", 
    "0", "1"), c("A", "G"))))))
