Results <-
list(`bwaOutput/20210421msiMNRsJenny/1071_S43.sam` = list(LR36_SNP1 = list(
    All = list(Freqs = structure(c(1L, 30L, 894L, 1734L, 24L, 
    52L, 0L, 0L, 1L, 0L, 0L, 0L, 0L, 0L, 6L, 1L, 0L, 0L, 0L, 
    1L, 0L, 38L, 0L, 0L), .Dim = c(6L, 4L), .Dimnames = structure(list(
        c("-3", "-2", "-1", "0", "1", NA), c("A", "G", "T", NA
        )), .Names = c("", "")), class = "table"), N = 2782L), 
    Tag.Distribution = structure(c(`1` = 71L, `2` = 60L, `3` = 59L, 
    `4` = 56L, `5` = 39L, `6` = 53L, `7` = 44L, `8` = 27L, `9` = 22L, 
    `10` = 13L, `11` = 16L, `12` = 8L, `13` = 6L, `14` = 3L, 
    `15` = 3L, `16` = 8L, `17` = 3L, `18` = 1L, `21` = 1L, `22` = 1L, 
    `25` = 1L, `36` = 1L), .Dim = 22L, .Dimnames = structure(list(
        c("1", "2", "3", "4", "5", "6", "7", "8", "9", "10", 
        "11", "12", "13", "14", "15", "16", "17", "18", "21", 
        "22", "25", "36")), .Names = ""), class = "table"), No.Tag = structure(c(1L, 
    1L, 14L, 63L, 1L, 3L, 0L, 0L, 0L, 0L, 0L, 0L, 0L, 0L, 0L, 
    0L, 0L, 0L, 0L, 0L, 0L, 4L, 0L, 0L), .Dim = c(6L, 4L), .Dimnames = structure(list(
        c("-3", "-2", "-1", "0", "1", NA), c("A", "G", "T", NA
        )), .Names = c("", "")), class = "table"), All.Tags = list(
        Concordant = list(Freqs = structure(c(0, 2, 138, 258, 
        2, 0, 0, 0, 0, 0, 0, 0, 1, 0, 0), .Dim = c(5L, 3L), .Dimnames = list(
            c("-3", "-2", "-1", "0", "1"), c("A", "G", "T"))), 
            N = 401), Majority = list(Freqs = structure(c(0, 
        2, 166, 310, 2, 0, 0, 0, 0, 0, 0, 0, 1, 0, 0), .Dim = c(5L, 
        3L), .Dimnames = list(c("-3", "-2", "-1", "0", "1"), 
            c("A", "G", "T"))), N = 481)), `2` = structure(c(0, 
    1, 145, 272, 0, 0, 0, 0, 0, 0, 0, 0, 1, 0, 0), .Dim = c(5L, 
    3L), .Dimnames = list(c("-3", "-2", "-1", "0", "1"), c("A", 
    "G", "T"))))))
