Results <-
list(`bwaOutput/20210421msiMNRsJenny/1071_S43.sam` = list(LR17_SNP1 = list(
    All = list(Freqs = structure(c(2L, 163L, 2274L, 51L, 1L, 
    19L, 0L, 0L, 1L, 0L, 0L, 0L, 0L, 4L, 106L, 2L, 0L, 0L), .Dim = c(6L, 
    3L), .Dimnames = structure(list(c("-2", "-1", "0", "1", "2", 
    NA), c("A", "G", NA)), .Names = c("", "")), class = "table"), 
        N = 2623L), Tag.Distribution = structure(c(`1` = 66L, 
    `2` = 29L, `3` = 26L, `4` = 19L, `5` = 32L, `6` = 31L, `7` = 29L, 
    `8` = 37L, `9` = 18L, `10` = 16L, `11` = 19L, `12` = 13L, 
    `13` = 12L, `14` = 7L, `15` = 12L, `16` = 5L, `17` = 3L, 
    `18` = 1L, `19` = 3L, `20` = 2L, `26` = 1L, `30` = 1L), .Dim = 22L, .Dimnames = structure(list(
        c("1", "2", "3", "4", "5", "6", "7", "8", "9", "10", 
        "11", "12", "13", "14", "15", "16", "17", "18", "19", 
        "20", "26", "30")), .Names = ""), class = "table"), No.Tag = structure(c(0L, 
    14L, 56L, 2L, 0L, 1L, 0L, 0L, 0L, 0L, 0L, 0L, 0L, 0L, 4L, 
    0L, 0L, 0L), .Dim = c(6L, 3L), .Dimnames = structure(list(
        c("-2", "-1", "0", "1", "2", NA), c("A", "G", NA)), .Names = c("", 
    "")), class = "table"), All.Tags = list(Concordant = list(
        Freqs = structure(c(0, 12, 267, 1, 0, 0, 0, 0, 0, 0), .Dim = c(5L, 
        2L), .Dimnames = list(c("-2", "-1", "0", "1", "2"), c("A", 
        "G"))), N = 280), Majority = list(Freqs = structure(c(0, 
    13, 359, 2, 0, 0, 0, 0, 0, 0), .Dim = c(5L, 2L), .Dimnames = list(
        c("-2", "-1", "0", "1", "2"), c("A", "G"))), N = 374)), 
    `2` = structure(c(0, 8, 304, 1, 0, 0, 0, 0, 0, 0), .Dim = c(5L, 
    2L), .Dimnames = list(c("-2", "-1", "0", "1", "2"), c("A", 
    "G"))))))
