Results <-
list(`bwaOutput/20210421msiMNRsJenny/1071_S43.sam` = list(DEPDC2_SNP1 = list(
    All = list(Freqs = structure(c(0L, 0L, 6L, 0L, 0L, 10L, 854L, 
    6364L, 51L, 52L, 0L, 1L, 37L, 1L, 0L), .Dim = c(5L, 3L), .Dimnames = structure(list(
        c("-2", "-1", "0", "1", NA), c("C", "T", NA)), .Names = c("", 
    "")), class = "table"), N = 7376L), Tag.Distribution = structure(c(`1` = 230L, 
    `2` = 150L, `3` = 160L, `4` = 134L, `5` = 138L, `6` = 79L, 
    `7` = 98L, `8` = 66L, `9` = 50L, `10` = 51L, `11` = 34L, 
    `12` = 27L, `13` = 17L, `14` = 16L, `15` = 13L, `16` = 13L, 
    `17` = 12L, `18` = 3L, `19` = 1L, `20` = 6L, `21` = 4L, `22` = 3L, 
    `23` = 3L, `26` = 3L, `27` = 1L, `32` = 1L, `36` = 1L), .Dim = 27L, .Dimnames = structure(list(
        c("1", "2", "3", "4", "5", "6", "7", "8", "9", "10", 
        "11", "12", "13", "14", "15", "16", "17", "18", "19", 
        "20", "21", "22", "23", "26", "27", "32", "36")), .Names = ""), class = "table"), 
    No.Tag = structure(c(0L, 0L, 1L, 0L, 0L, 0L, 4L, 143L, 0L, 
    6L, 0L, 0L, 3L, 0L, 0L), .Dim = c(5L, 3L), .Dimnames = structure(list(
        c("-2", "-1", "0", "1", NA), c("C", "T", NA)), .Names = c("", 
    "")), class = "table"), All.Tags = list(Concordant = list(
        Freqs = structure(c(0, 0, 3, 0, 1, 100, 1039, 5), .Dim = c(4L, 
        2L), .Dimnames = list(c("-2", "-1", "0", "1"), c("C", 
        "T"))), N = 1148), Majority = list(Freqs = structure(c(0, 
    0, 3, 0, 1, 135, 1144, 8), .Dim = c(4L, 2L), .Dimnames = list(
        c("-2", "-1", "0", "1"), c("C", "T"))), N = 1291)), `2` = structure(c(0, 
    0, 0, 0, 0, 112, 952, 7), .Dim = c(4L, 2L), .Dimnames = list(
        c("-2", "-1", "0", "1"), c("C", "T"))))))
