Results <-
list(`bwaOutput/20210421msiMNRsJenny/1071_S43.sam` = list(GM29_SNP1 = list(
    All = list(Freqs = structure(c(1L, 58L, 2414L, 4L, 5L, 0L, 
    0L, 7L, 0L, 0L, 0L, 0L, 15L, 0L, 0L), .Dim = c(5L, 3L), .Dimnames = structure(list(
        c("-2", "-1", "0", "1", NA), c("A", "G", NA)), .Names = c("", 
    "")), class = "table"), N = 2504L), Tag.Distribution = structure(c(`1` = 81L, 
    `2` = 36L, `3` = 48L, `4` = 47L, `5` = 37L, `6` = 29L, `7` = 20L, 
    `8` = 20L, `9` = 23L, `10` = 16L, `11` = 15L, `12` = 16L, 
    `13` = 9L, `14` = 5L, `15` = 3L, `16` = 3L, `17` = 1L, `18` = 4L, 
    `19` = 3L, `20` = 1L, `21` = 1L, `23` = 1L, `25` = 1L, `26` = 1L, 
    `29` = 1L), .Dim = 25L, .Dimnames = structure(list(c("1", 
    "2", "3", "4", "5", "6", "7", "8", "9", "10", "11", "12", 
    "13", "14", "15", "16", "17", "18", "19", "20", "21", "23", 
    "25", "26", "29")), .Names = ""), class = "table"), No.Tag = structure(c(0L, 
    0L, 63L, 1L, 2L, 0L, 0L, 0L, 0L, 0L, 0L, 0L, 0L, 0L, 0L), .Dim = c(5L, 
    3L), .Dimnames = structure(list(c("-2", "-1", "0", "1", NA
    ), c("A", "G", NA)), .Names = c("", "")), class = "table"), 
    All.Tags = list(Concordant = list(Freqs = structure(c(0, 
    5, 373, 0, 0, 0, 5, 0), .Dim = c(4L, 2L), .Dimnames = list(
        c("-2", "-1", "0", "1"), c("A", "G"))), N = 383), Majority = list(
        Freqs = structure(c(0, 5, 407, 0, 0, 0, 5, 0), .Dim = c(4L, 
        2L), .Dimnames = list(c("-2", "-1", "0", "1"), c("A", 
        "G"))), N = 417)), `2` = structure(c(0, 3, 336, 0, 0, 
    0, 0, 0), .Dim = c(4L, 2L), .Dimnames = list(c("-2", "-1", 
    "0", "1"), c("A", "G"))))))
