Results <-
list(`bwaOutput/20210421msiMNRsJenny/1072_S44.sam` = list(GM07_SNP1 = list(
    All = list(Freqs = structure(c(2L, 120L, 540L, 9L, 10L, 44L, 
    233L, 334L, 14L, 18L, 0L, 1L, 7L, 0L, 0L), .Dim = c(5L, 3L
    ), .Dimnames = structure(list(c("-2", "-1", "0", "1", NA), 
        c("A", "G", NA)), .Names = c("", "")), class = "table"), 
        N = 1332L), Tag.Distribution = structure(c(`1` = 15L, 
    `2` = 5L, `3` = 8L, `4` = 2L, `5` = 4L, `6` = 5L, `7` = 2L, 
    `8` = 5L, `9` = 2L, `10` = 4L, `11` = 4L, `12` = 4L, `13` = 4L, 
    `14` = 3L, `15` = 6L, `16` = 5L, `17` = 1L, `18` = 2L, `19` = 1L, 
    `20` = 2L, `21` = 1L, `22` = 2L, `23` = 3L, `25` = 3L, `26` = 3L, 
    `27` = 1L, `28` = 1L, `29` = 1L, `30` = 1L, `31` = 3L, `33` = 1L, 
    `39` = 1L, `40` = 1L), .Dim = 33L, .Dimnames = structure(list(
        c("1", "2", "3", "4", "5", "6", "7", "8", "9", "10", 
        "11", "12", "13", "14", "15", "16", "17", "18", "19", 
        "20", "21", "22", "23", "25", "26", "27", "28", "29", 
        "30", "31", "33", "39", "40")), .Names = ""), class = "table"), 
    No.Tag = structure(c(0L, 2L, 19L, 0L, 4L, 0L, 1L, 7L, 1L, 
    2L, 0L, 1L, 2L, 0L, 0L), .Dim = c(5L, 3L), .Dimnames = structure(list(
        c("-2", "-1", "0", "1", NA), c("A", "G", NA)), .Names = c("", 
    "")), class = "table"), All.Tags = list(Concordant = list(
        Freqs = structure(c(0, 4, 22, 0, 3, 19, 14, 1), .Dim = c(4L, 
        2L), .Dimnames = list(c("-2", "-1", "0", "1"), c("A", 
        "G"))), N = 63), Majority = list(Freqs = structure(c(0, 
    7, 39, 0, 3, 23, 27, 1), .Dim = c(4L, 2L), .Dimnames = list(
        c("-2", "-1", "0", "1"), c("A", "G"))), N = 100)), `2` = structure(c(0, 
    7, 34, 0, 3, 21, 24, 0), .Dim = c(4L, 2L), .Dimnames = list(
        c("-2", "-1", "0", "1"), c("A", "G"))))))
