Results <-
list(`bwaOutput/20210421msiMNRsJenny/1072_S44.sam` = list(LR11_SNP1 = list(
    All = list(Freqs = structure(c(0L, 0L, 0L, 2L, 0L, 0L, 1L, 
    4L, 31L, 1542L, 14L, 4L, 0L, 0L, 0L, 1L, 0L, 0L, 0L, 0L, 
    1L, 34L, 0L, 0L), .Dim = c(6L, 4L), .Dimnames = structure(list(
        c("-3", "-2", "-1", "0", "1", NA), c("A", "C", "T", NA
        )), .Names = c("", "")), class = "table"), N = 1634L), 
    Tag.Distribution = structure(c(`1` = 12L, `2` = 2L, `3` = 1L, 
    `4` = 3L, `5` = 3L, `6` = 5L, `7` = 1L, `8` = 5L, `9` = 2L, 
    `10` = 5L, `11` = 2L, `12` = 5L, `13` = 6L, `14` = 4L, `15` = 6L, 
    `16` = 3L, `17` = 3L, `18` = 5L, `19` = 4L, `20` = 3L, `21` = 8L, 
    `22` = 2L, `23` = 1L, `24` = 4L, `25` = 1L, `26` = 2L, `27` = 1L, 
    `28` = 4L, `31` = 2L, `32` = 1L, `33` = 1L, `34` = 1L, `35` = 2L
    ), .Dim = 33L, .Dimnames = structure(list(c("1", "2", "3", 
    "4", "5", "6", "7", "8", "9", "10", "11", "12", "13", "14", 
    "15", "16", "17", "18", "19", "20", "21", "22", "23", "24", 
    "25", "26", "27", "28", "31", "32", "33", "34", "35")), .Names = ""), class = "table"), 
    No.Tag = structure(c(0L, 0L, 0L, 0L, 0L, 0L, 0L, 0L, 1L, 
    30L, 1L, 1L, 0L, 0L, 0L, 0L, 0L, 0L, 0L, 0L, 0L, 1L, 0L, 
    0L), .Dim = c(6L, 4L), .Dimnames = structure(list(c("-3", 
    "-2", "-1", "0", "1", NA), c("A", "C", "T", NA)), .Names = c("", 
    "")), class = "table"), All.Tags = list(Concordant = list(
        Freqs = structure(c(0, 0, 0, 2, 0, 0, 0, 0, 70, 0, 0, 
        0, 0, 0, 0), .Dim = c(5L, 3L), .Dimnames = list(c("-3", 
        "-2", "-1", "0", "1"), c("A", "C", "T"))), N = 72), Majority = list(
        Freqs = structure(c(0, 0, 0, 2, 0, 0, 0, 0, 108, 0, 0, 
        0, 0, 0, 0), .Dim = c(5L, 3L), .Dimnames = list(c("-3", 
        "-2", "-1", "0", "1"), c("A", "C", "T"))), N = 110)), 
    `2` = structure(c(0, 0, 0, 0, 0, 0, 0, 0, 98, 0, 0, 0, 0, 
    0, 0), .Dim = c(5L, 3L), .Dimnames = list(c("-3", "-2", "-1", 
    "0", "1"), c("A", "C", "T"))))))
