Results <-
list(`bwaOutput/20210421msiMNRsJenny/1072_S44.sam` = list(LR44_SNP1 = list(
    All = list(Freqs = structure(c(47L, 333L, 369L, 6L, 1L, 6L, 
    31L, 213L, 667L, 5L, 1L, 5L, 2L, 8L, 21L, 2L, 0L, 0L), .Dim = c(6L, 
    3L), .Dimnames = structure(list(c("-2", "-1", "0", "1", "3", 
    NA), c("C", "T", NA)), .Names = c("", "")), class = "table"), 
        N = 1717L), Tag.Distribution = structure(c(`1` = 21L, 
    `2` = 3L, `3` = 8L, `4` = 5L, `5` = 7L, `6` = 5L, `7` = 4L, 
    `8` = 8L, `9` = 8L, `10` = 4L, `11` = 9L, `12` = 7L, `13` = 6L, 
    `14` = 6L, `15` = 2L, `16` = 8L, `17` = 5L, `18` = 4L, `19` = 1L, 
    `20` = 1L, `21` = 4L, `22` = 2L, `23` = 2L, `24` = 1L, `26` = 2L, 
    `27` = 1L, `28` = 2L, `29` = 4L, `30` = 1L, `31` = 3L, `35` = 1L, 
    `51` = 1L), .Dim = 32L, .Dimnames = structure(list(c("1", 
    "2", "3", "4", "5", "6", "7", "8", "9", "10", "11", "12", 
    "13", "14", "15", "16", "17", "18", "19", "20", "21", "22", 
    "23", "24", "26", "27", "28", "29", "30", "31", "35", "51"
    )), .Names = ""), class = "table"), No.Tag = structure(c(0L, 
    1L, 12L, 0L, 0L, 0L, 0L, 1L, 3L, 0L, 0L, 1L, 0L, 0L, 2L, 
    0L, 0L, 0L), .Dim = c(6L, 3L), .Dimnames = structure(list(
        c("-2", "-1", "0", "1", "3", NA), c("C", "T", NA)), .Names = c("", 
    "")), class = "table"), All.Tags = list(Concordant = list(
        Freqs = structure(c(5, 16, 14, 0, 0, 2, 14, 34, 0, 0), .Dim = c(5L, 
        2L), .Dimnames = list(c("-2", "-1", "0", "1", "3"), c("C", 
        "T"))), N = 85), Majority = list(Freqs = structure(c(5, 
    24, 33, 0, 0, 2, 18, 62, 0, 0), .Dim = c(5L, 2L), .Dimnames = list(
        c("-2", "-1", "0", "1", "3"), c("C", "T"))), N = 144)), 
    `2` = structure(c(4, 22, 30, 0, 0, 2, 15, 52, 0, 0), .Dim = c(5L, 
    2L), .Dimnames = list(c("-2", "-1", "0", "1", "3"), c("C", 
    "T"))))))
