Results <-
list(`bwaOutput/20210421msiMNRsJenny/1072_S44.sam` = list(GM14_SNP1 = list(
    All = list(Freqs = structure(c(1L, 5L, 329L, 1430L, 11L, 
    1L, 8L, 0L, 0L, 0L, 1L, 0L, 0L, 0L, 0L, 0L, 0L, 9L, 0L, 0L, 
    0L), .Dim = c(7L, 3L), .Dimnames = structure(list(c("-4", 
    "-2", "-1", "0", "1", "2", NA), c("C", "T", NA)), .Names = c("", 
    "")), class = "table"), N = 1795L), Tag.Distribution = structure(c(`1` = 23L, 
    `2` = 6L, `3` = 5L, `4` = 5L, `5` = 4L, `6` = 8L, `7` = 5L, 
    `8` = 8L, `9` = 11L, `10` = 6L, `11` = 4L, `12` = 2L, `13` = 5L, 
    `14` = 6L, `15` = 4L, `16` = 5L, `17` = 5L, `18` = 3L, `19` = 1L, 
    `20` = 1L, `21` = 3L, `22` = 3L, `23` = 4L, `24` = 3L, `25` = 2L, 
    `26` = 1L, `27` = 3L, `28` = 1L, `29` = 1L, `31` = 3L, `33` = 1L, 
    `34` = 2L, `36` = 1L, `39` = 1L, `49` = 1L), .Dim = 35L, .Dimnames = structure(list(
        c("1", "2", "3", "4", "5", "6", "7", "8", "9", "10", 
        "11", "12", "13", "14", "15", "16", "17", "18", "19", 
        "20", "21", "22", "23", "24", "25", "26", "27", "28", 
        "29", "31", "33", "34", "36", "39", "49")), .Names = ""), class = "table"), 
    No.Tag = structure(c(0L, 0L, 13L, 23L, 0L, 0L, 0L, 0L, 0L, 
    0L, 0L, 0L, 0L, 0L, 0L, 0L, 0L, 3L, 0L, 0L, 0L), .Dim = c(7L, 
    3L), .Dimnames = structure(list(c("-4", "-2", "-1", "0", 
    "1", "2", NA), c("C", "T", NA)), .Names = c("", "")), class = "table"), 
    All.Tags = list(Concordant = list(Freqs = structure(c(0, 
    0, 19, 77, 0, 0, 0, 0, 0, 1, 0, 0), .Dim = c(6L, 2L), .Dimnames = list(
        c("-4", "-2", "-1", "0", "1", "2"), c("C", "T"))), N = 97), 
        Majority = list(Freqs = structure(c(0, 0, 25, 119, 0, 
        0, 0, 0, 0, 1, 0, 0), .Dim = c(6L, 2L), .Dimnames = list(
            c("-4", "-2", "-1", "0", "1", "2"), c("C", "T"))), 
            N = 145)), `2` = structure(c(0, 0, 19, 104, 0, 0, 
    0, 0, 0, 0, 0, 0), .Dim = c(6L, 2L), .Dimnames = list(c("-4", 
    "-2", "-1", "0", "1", "2"), c("C", "T"))))))
