Results <-
list(`bwaOutput/20210421msiMNRsJenny/1072_S44.sam` = list(LR17_SNP1 = list(
    All = list(Freqs = structure(c(4L, 284L, 1202L, 29L, 1L, 
    13L, 0L, 0L, 1L, 0L, 0L, 0L, 0L, 10L, 46L, 0L, 0L, 0L), .Dim = c(6L, 
    3L), .Dimnames = structure(list(c("-2", "-1", "0", "1", "2", 
    NA), c("A", "G", NA)), .Names = c("", "")), class = "table"), 
        N = 1590L), Tag.Distribution = structure(c(`1` = 22L, 
    `2` = 1L, `3` = 3L, `4` = 2L, `5` = 2L, `6` = 6L, `7` = 3L, 
    `8` = 6L, `9` = 6L, `10` = 8L, `11` = 8L, `12` = 4L, `13` = 4L, 
    `14` = 6L, `15` = 2L, `16` = 4L, `17` = 3L, `18` = 3L, `19` = 5L, 
    `20` = 2L, `22` = 2L, `23` = 1L, `24` = 3L, `25` = 2L, `27` = 2L, 
    `28` = 2L, `29` = 2L, `30` = 1L, `32` = 2L, `33` = 1L, `35` = 2L, 
    `36` = 1L, `62` = 1L), .Dim = 33L, .Dimnames = structure(list(
        c("1", "2", "3", "4", "5", "6", "7", "8", "9", "10", 
        "11", "12", "13", "14", "15", "16", "17", "18", "19", 
        "20", "22", "23", "24", "25", "27", "28", "29", "30", 
        "32", "33", "35", "36", "62")), .Names = ""), class = "table"), 
    No.Tag = structure(c(0L, 1L, 38L, 0L, 0L, 1L, 0L, 0L, 0L, 
    0L, 0L, 0L, 0L, 0L, 2L, 0L, 0L, 0L), .Dim = c(6L, 3L), .Dimnames = structure(list(
        c("-2", "-1", "0", "1", "2", NA), c("A", "G", NA)), .Names = c("", 
    "")), class = "table"), All.Tags = list(Concordant = list(
        Freqs = structure(c(0, 11, 55, 1, 0, 0, 0, 0, 0, 0), .Dim = c(5L, 
        2L), .Dimnames = list(c("-2", "-1", "0", "1", "2"), c("A", 
        "G"))), N = 67), Majority = list(Freqs = structure(c(0, 
    16, 101, 2, 0, 0, 0, 0, 0, 0), .Dim = c(5L, 2L), .Dimnames = list(
        c("-2", "-1", "0", "1", "2"), c("A", "G"))), N = 119)), 
    `2` = structure(c(0, 15, 84, 1, 0, 0, 0, 0, 0, 0), .Dim = c(5L, 
    2L), .Dimnames = list(c("-2", "-1", "0", "1", "2"), c("A", 
    "G"))))))
