Results <-
list(`bwaOutput/20210421msiMNRsJenny/1072_S44.sam` = list(LR46_SNP1 = list(
    All = list(Freqs = structure(c(0L, 1L, 0L, 0L, 2L, 1086L, 
    3L, 1L, 0L, 6L, 0L, 0L), .Dim = 4:3, .Dimnames = structure(list(
        c("-1", "0", "1", NA), c("G", "T", NA)), .Names = c("", 
    "")), class = "table"), N = 1099L), Tag.Distribution = structure(c(`1` = 19L, 
    `2` = 3L, `3` = 2L, `4` = 4L, `5` = 3L, `6` = 5L, `7` = 4L, 
    `8` = 4L, `9` = 5L, `10` = 3L, `11` = 4L, `12` = 2L, `13` = 2L, 
    `14` = 6L, `15` = 1L, `16` = 5L, `17` = 2L, `18` = 2L, `19` = 2L, 
    `20` = 2L, `21` = 1L, `22` = 1L, `23` = 1L, `24` = 2L, `26` = 2L, 
    `28` = 1L, `34` = 1L, `39` = 1L, `40` = 1L, `41` = 1L, `45` = 1L, 
    `47` = 1L), .Dim = 32L, .Dimnames = structure(list(c("1", 
    "2", "3", "4", "5", "6", "7", "8", "9", "10", "11", "12", 
    "13", "14", "15", "16", "17", "18", "19", "20", "21", "22", 
    "23", "24", "26", "28", "34", "39", "40", "41", "45", "47"
    )), .Names = ""), class = "table"), No.Tag = structure(c(0L, 
    0L, 0L, 0L, 0L, 10L, 0L, 0L, 0L, 1L, 0L, 0L), .Dim = 4:3, .Dimnames = structure(list(
        c("-1", "0", "1", NA), c("G", "T", NA)), .Names = c("", 
    "")), class = "table"), All.Tags = list(Concordant = list(
        Freqs = structure(c(0, 1, 0, 0, 87, 0), .Dim = 3:2, .Dimnames = list(
            c("-1", "0", "1"), c("G", "T"))), N = 88), Majority = list(
        Freqs = structure(c(0, 1, 0, 0, 92, 0), .Dim = 3:2, .Dimnames = list(
            c("-1", "0", "1"), c("G", "T"))), N = 93)), `2` = structure(c(0, 
    0, 0, 0, 75, 0), .Dim = 3:2, .Dimnames = list(c("-1", "0", 
    "1"), c("G", "T"))))))
