Results <-
list(`bwaOutput/20210421msiMNRsJenny/1072_S44.sam` = list(IM49_SNP1 = list(
    All = list(Freqs = structure(c(30L, 254L, 721L, 13L, 0L, 
    12L, 35L, 194L, 662L, 14L, 1L, 10L, 0L, 12L, 61L, 2L, 0L, 
    0L), .Dim = c(6L, 3L), .Dimnames = structure(list(c("-2", 
    "-1", "0", "1", "2", NA), c("C", "G", NA)), .Names = c("", 
    "")), class = "table"), N = 2021L), Tag.Distribution = structure(c(`1` = 57L, 
    `2` = 26L, `3` = 26L, `4` = 32L, `5` = 20L, `6` = 20L, `7` = 16L, 
    `8` = 13L, `9` = 14L, `10` = 14L, `11` = 11L, `12` = 5L, 
    `13` = 13L, `14` = 4L, `15` = 6L, `16` = 8L, `17` = 5L, `18` = 1L, 
    `19` = 1L, `20` = 1L, `21` = 2L, `22` = 1L, `25` = 1L, `26` = 1L, 
    `28` = 1L, `33` = 1L), .Dim = 26L, .Dimnames = structure(list(
        c("1", "2", "3", "4", "5", "6", "7", "8", "9", "10", 
        "11", "12", "13", "14", "15", "16", "17", "18", "19", 
        "20", "21", "22", "25", "26", "28", "33")), .Names = ""), class = "table"), 
    No.Tag = structure(c(1L, 10L, 18L, 1L, 0L, 3L, 1L, 5L, 19L, 
    1L, 0L, 0L, 0L, 0L, 2L, 1L, 0L, 0L), .Dim = c(6L, 3L), .Dimnames = structure(list(
        c("-2", "-1", "0", "1", "2", NA), c("C", "G", NA)), .Names = c("", 
    "")), class = "table"), All.Tags = list(Concordant = list(
        Freqs = structure(c(6, 25, 80, 0, 0, 4, 33, 66, 0, 0), .Dim = c(5L, 
        2L), .Dimnames = list(c("-2", "-1", "0", "1", "2"), c("C", 
        "G"))), N = 214), Majority = list(Freqs = structure(c(7, 
    31, 108, 0, 0, 4, 34, 99, 0, 0), .Dim = c(5L, 2L), .Dimnames = list(
        c("-2", "-1", "0", "1", "2"), c("C", "G"))), N = 283)), 
    `2` = structure(c(4, 25, 89, 0, 0, 3, 30, 89, 0, 0), .Dim = c(5L, 
    2L), .Dimnames = list(c("-2", "-1", "0", "1", "2"), c("C", 
    "G"))))))
