Results <-
list(`bwaOutput/20210421msiMNRsJenny/1072_S44.sam` = list(LR36_SNP1 = list(
    All = list(Freqs = structure(c(0L, 18L, 633L, 11L, 6L, 0L, 
    0L, 1L, 0L, 0L, 5L, 35L, 612L, 2L, 9L, 0L, 2L, 34L, 1L, 0L
    ), .Dim = 5:4, .Dimnames = structure(list(c("-2", "-1", "0", 
    "1", NA), c("A", "C", "T", NA)), .Names = c("", "")), class = "table"), 
        N = 1369L), Tag.Distribution = structure(c(`1` = 28L, 
    `2` = 5L, `3` = 5L, `4` = 8L, `5` = 4L, `6` = 7L, `7` = 8L, 
    `8` = 6L, `9` = 6L, `10` = 5L, `11` = 2L, `12` = 6L, `13` = 1L, 
    `14` = 1L, `15` = 2L, `16` = 5L, `17` = 4L, `18` = 2L, `19` = 4L, 
    `20` = 3L, `21` = 2L, `22` = 6L, `23` = 2L, `26` = 3L, `27` = 1L, 
    `32` = 1L, `33` = 1L, `35` = 1L, `42` = 1L, `47` = 1L), .Dim = 30L, .Dimnames = structure(list(
        c("1", "2", "3", "4", "5", "6", "7", "8", "9", "10", 
        "11", "12", "13", "14", "15", "16", "17", "18", "19", 
        "20", "21", "22", "23", "26", "27", "32", "33", "35", 
        "42", "47")), .Names = ""), class = "table"), No.Tag = structure(c(0L, 
    0L, 11L, 1L, 1L, 0L, 0L, 0L, 0L, 0L, 0L, 0L, 11L, 0L, 1L, 
    0L, 0L, 3L, 1L, 0L), .Dim = 5:4, .Dimnames = structure(list(
        c("-2", "-1", "0", "1", NA), c("A", "C", "T", NA)), .Names = c("", 
    "")), class = "table"), All.Tags = list(Concordant = list(
        Freqs = structure(c(0, 1, 44, 0, 0, 0, 0, 0, 1, 4, 42, 
        0), .Dim = 4:3, .Dimnames = list(c("-2", "-1", "0", "1"
        ), c("A", "C", "T"))), N = 92), Majority = list(Freqs = structure(c(0, 
    1, 63, 1, 0, 0, 0, 0, 1, 5, 57, 0), .Dim = 4:3, .Dimnames = list(
        c("-2", "-1", "0", "1"), c("A", "C", "T"))), N = 128)), 
    `2` = structure(c(0, 1, 52, 1, 0, 0, 0, 0, 0, 3, 46, 0), .Dim = 4:3, .Dimnames = list(
        c("-2", "-1", "0", "1"), c("A", "C", "T"))))))
