Results <-
list(`bwaOutput/20210421msiMNRsJenny/1072_S44.sam` = list(LR24_SNP1 = list(
    All = list(Freqs = structure(c(0L, 0L, 27L, 0L, 1L, 385L, 
    1991L, 5L, 0L, 0L, 10L, 0L), .Dim = 4:3, .Dimnames = structure(list(
        c("-2", "-1", "0", "1"), c("A", "G", NA)), .Names = c("", 
    "")), class = "table"), N = 2419L), Tag.Distribution = structure(c(`1` = 85L, 
    `2` = 35L, `3` = 39L, `4` = 29L, `5` = 28L, `6` = 26L, `7` = 15L, 
    `8` = 17L, `9` = 18L, `10` = 12L, `11` = 15L, `12` = 9L, 
    `13` = 10L, `14` = 8L, `15` = 9L, `16` = 8L, `17` = 2L, `18` = 1L, 
    `19` = 3L, `20` = 2L, `21` = 2L, `22` = 4L, `23` = 1L, `24` = 1L, 
    `26` = 1L, `28` = 1L), .Dim = 26L, .Dimnames = structure(list(
        c("1", "2", "3", "4", "5", "6", "7", "8", "9", "10", 
        "11", "12", "13", "14", "15", "16", "17", "18", "19", 
        "20", "21", "22", "23", "24", "26", "28")), .Names = ""), class = "table"), 
    No.Tag = structure(c(0L, 0L, 12L, 0L, 0L, 0L, 3L, 38L, 0L, 
    0L, 0L, 0L, 1L, 0L, 0L), .Dim = c(5L, 3L), .Dimnames = structure(list(
        c("-2", "-1", "0", "1", NA), c("A", "G", NA)), .Names = c("", 
    "")), class = "table"), All.Tags = list(Concordant = list(
        Freqs = structure(c(0, 0, 4, 0, 0, 48, 305, 0), .Dim = c(4L, 
        2L), .Dimnames = list(c("-2", "-1", "0", "1"), c("A", 
        "G"))), N = 357), Majority = list(Freqs = structure(c(0, 
    0, 4, 0, 0, 51, 320, 0), .Dim = c(4L, 2L), .Dimnames = list(
        c("-2", "-1", "0", "1"), c("A", "G"))), N = 375)), `2` = structure(c(0, 
    0, 2, 0, 0, 41, 251, 0), .Dim = c(4L, 2L), .Dimnames = list(
        c("-2", "-1", "0", "1"), c("A", "G"))))))
