Results <-
list(`bwaOutput/20210421msiMNRsJenny/1072_S44.sam` = list(DEPDC2_SNP1 = list(
    All = list(Freqs = structure(c(2L, 9L, 1871L, 5L, 1L, 0L, 
    0L, 2L, 0L, 0L, 0L, 0L, 13L, 0L, 0L), .Dim = c(5L, 3L), .Dimnames = structure(list(
        c("-2", "-1", "0", "1", NA), c("C", "T", NA)), .Names = c("", 
    "")), class = "table"), N = 1903L), Tag.Distribution = structure(c(`1` = 55L, 
    `2` = 15L, `3` = 15L, `4` = 14L, `5` = 9L, `6` = 6L, `7` = 14L, 
    `8` = 13L, `9` = 16L, `10` = 9L, `11` = 8L, `12` = 9L, `13` = 13L, 
    `14` = 9L, `15` = 3L, `16` = 4L, `17` = 6L, `18` = 2L, `19` = 6L, 
    `20` = 1L, `21` = 2L, `23` = 2L, `25` = 1L, `27` = 1L, `28` = 1L, 
    `29` = 1L, `30` = 2L, `35` = 1L), .Dim = 28L, .Dimnames = structure(list(
        c("1", "2", "3", "4", "5", "6", "7", "8", "9", "10", 
        "11", "12", "13", "14", "15", "16", "17", "18", "19", 
        "20", "21", "23", "25", "27", "28", "29", "30", "35")), .Names = ""), class = "table"), 
    No.Tag = structure(c(0L, 0L, 35L, 0L, 0L, 0L, 0L, 1L, 0L, 
    0L, 0L, 0L, 0L, 0L, 0L), .Dim = c(5L, 3L), .Dimnames = structure(list(
        c("-2", "-1", "0", "1", NA), c("C", "T", NA)), .Names = c("", 
    "")), class = "table"), All.Tags = list(Concordant = list(
        Freqs = structure(c(0, 0, 216, 0, 0, 0, 1, 0), .Dim = c(4L, 
        2L), .Dimnames = list(c("-2", "-1", "0", "1"), c("C", 
        "T"))), N = 217), Majority = list(Freqs = structure(c(0, 
    0, 230, 0, 0, 0, 1, 0), .Dim = c(4L, 2L), .Dimnames = list(
        c("-2", "-1", "0", "1"), c("C", "T"))), N = 231)), `2` = structure(c(0, 
    0, 183, 0, 0, 0, 0, 0), .Dim = c(4L, 2L), .Dimnames = list(
        c("-2", "-1", "0", "1"), c("C", "T"))))))
