Results <-
list(`bwaOutput/20210421msiMNRsJenny/1072_S44.sam` = list(GM01_SNP1 = list(
    All = list(Freqs = structure(c(15L, 752L, 3L, 3L, 16L, 1028L, 
    1L, 3L, 0L, 16L, 0L, 0L), .Dim = 4:3, .Dimnames = structure(list(
        c("-1", "0", "1", NA), c("A", "G", NA)), .Names = c("", 
    "")), class = "table"), N = 1837L), Tag.Distribution = structure(c(`1` = 17L, 
    `2` = 3L, `3` = 2L, `4` = 9L, `5` = 6L, `6` = 6L, `7` = 9L, 
    `8` = 7L, `9` = 6L, `10` = 6L, `11` = 9L, `12` = 8L, `13` = 5L, 
    `14` = 3L, `15` = 3L, `16` = 4L, `17` = 2L, `18` = 5L, `19` = 2L, 
    `20` = 4L, `21` = 3L, `22` = 5L, `23` = 2L, `24` = 4L, `26` = 2L, 
    `27` = 2L, `28` = 2L, `29` = 2L, `30` = 2L, `31` = 1L, `35` = 2L, 
    `39` = 1L, `45` = 1L), .Dim = 33L, .Dimnames = structure(list(
        c("1", "2", "3", "4", "5", "6", "7", "8", "9", "10", 
        "11", "12", "13", "14", "15", "16", "17", "18", "19", 
        "20", "21", "22", "23", "24", "26", "27", "28", "29", 
        "30", "31", "35", "39", "45")), .Names = ""), class = "table"), 
    No.Tag = structure(c(0L, 37L, 0L, 0L, 0L, 2L, 0L, 0L, 0L, 
    1L, 0L, 0L), .Dim = 4:3, .Dimnames = structure(list(c("-1", 
    "0", "1", NA), c("A", "G", NA)), .Names = c("", "")), class = "table"), 
    All.Tags = list(Concordant = list(Freqs = structure(c(0, 
    42, 0, 0, 71, 0), .Dim = 3:2, .Dimnames = list(c("-1", "0", 
    "1"), c("A", "G"))), N = 113), Majority = list(Freqs = structure(c(0, 
    57, 0, 0, 88, 0), .Dim = 3:2, .Dimnames = list(c("-1", "0", 
    "1"), c("A", "G"))), N = 145)), `2` = structure(c(0, 48, 
    0, 0, 80, 0), .Dim = 3:2, .Dimnames = list(c("-1", "0", "1"
    ), c("A", "G"))))))
