Results <-
list(`bwaOutput/20210421msiMNRsJenny/1072_S44.sam` = list(LR52_SNP1 = list(
    All = list(Freqs = structure(c(0L, 1L, 33L, 72L, 214L, 4L, 
    0L, 0L, 0L, 1L, 0L, 0L, 124L, 10L, 34L, 17L, 213L, 5L, 0L, 
    0L, 0L, 7L, 73L, 0L), .Dim = c(6L, 4L), .Dimnames = structure(list(
        c("-4", "-3", "-2", "-1", "0", NA), c("C", "G", "T", 
        NA)), .Names = c("", "")), class = "table"), N = 808L), 
    Tag.Distribution = structure(c(`1` = 6L, `2` = 1L, `3` = 1L, 
    `4` = 2L, `6` = 4L, `7` = 2L, `8` = 1L, `9` = 3L, `11` = 2L, 
    `13` = 2L, `14` = 4L, `15` = 4L, `16` = 2L, `17` = 3L, `18` = 2L, 
    `19` = 2L, `20` = 3L, `22` = 1L, `23` = 1L, `25` = 2L, `27` = 1L, 
    `28` = 1L, `30` = 1L, `31` = 1L, `33` = 1L, `42` = 1L, `43` = 1L
    ), .Dim = 27L, .Dimnames = structure(list(c("1", "2", "3", 
    "4", "6", "7", "8", "9", "11", "13", "14", "15", "16", "17", 
    "18", "19", "20", "22", "23", "25", "27", "28", "30", "31", 
    "33", "42", "43")), .Names = ""), class = "table"), No.Tag = structure(c(0L, 
    0L, 1L, 0L, 1L, 0L, 0L, 0L, 0L, 0L, 0L, 0L, 0L, 0L, 0L, 0L, 
    3L, 0L, 0L, 0L, 0L, 0L, 1L, 0L), .Dim = c(6L, 4L), .Dimnames = structure(list(
        c("-4", "-3", "-2", "-1", "0", NA), c("C", "G", "T", 
        NA)), .Names = c("", "")), class = "table"), All.Tags = list(
        Concordant = list(Freqs = structure(c(0, 0, 2, 1, 7, 
        0, 0, 0, 0, 0, 6, 1, 0, 0, 8), .Dim = c(5L, 3L), .Dimnames = list(
            c("-4", "-3", "-2", "-1", "0"), c("C", "G", "T"))), 
            N = 25), Majority = list(Freqs = structure(c(0, 0, 
        2, 4, 17, 0, 0, 0, 0, 0, 7, 1, 1, 0, 20), .Dim = c(5L, 
        3L), .Dimnames = list(c("-4", "-3", "-2", "-1", "0"), 
            c("C", "G", "T"))), N = 52)), `2` = structure(c(0, 
    0, 2, 4, 16, 0, 0, 0, 0, 0, 7, 1, 1, 0, 18), .Dim = c(5L, 
    3L), .Dimnames = list(c("-4", "-3", "-2", "-1", "0"), c("C", 
    "G", "T"))))))
