Results <-
list(`bwaOutput/20210421msiMNRsJenny/1072_S44.sam` = list(GM17_SNP1 = list(
    All = list(Freqs = structure(c(77L, 1246L, 5L, 0L, 3L, 0L, 
    0L, 12L, 0L), .Dim = c(3L, 3L), .Dimnames = structure(list(
        c("-1", "0", "1"), c("C", "T", NA)), .Names = c("", ""
    )), class = "table"), N = 1343L), Tag.Distribution = structure(c(`1` = 25L, 
    `2` = 3L, `3` = 1L, `4` = 2L, `5` = 6L, `6` = 5L, `7` = 8L, 
    `8` = 5L, `9` = 5L, `10` = 5L, `11` = 7L, `12` = 2L, `13` = 3L, 
    `14` = 6L, `15` = 6L, `16` = 6L, `17` = 2L, `19` = 1L, `20` = 1L, 
    `21` = 2L, `22` = 1L, `23` = 2L, `24` = 1L, `25` = 1L, `26` = 1L, 
    `27` = 2L, `28` = 2L, `29` = 1L, `30` = 2L, `31` = 1L, `32` = 1L, 
    `35` = 1L, `36` = 1L), .Dim = 33L, .Dimnames = structure(list(
        c("1", "2", "3", "4", "5", "6", "7", "8", "9", "10", 
        "11", "12", "13", "14", "15", "16", "17", "19", "20", 
        "21", "22", "23", "24", "25", "26", "27", "28", "29", 
        "30", "31", "32", "35", "36")), .Names = ""), class = "table"), 
    No.Tag = structure(c(1L, 48L, 0L, 0L, 0L, 0L, 0L, 0L, 0L, 
    0L, 0L, 0L), .Dim = 4:3, .Dimnames = structure(list(c("-1", 
    "0", "1", NA), c("C", "T", NA)), .Names = c("", "")), class = "table"), 
    All.Tags = list(Concordant = list(Freqs = structure(c(5, 
    93, 0, 0, 2, 0), .Dim = 3:2, .Dimnames = list(c("-1", "0", 
    "1"), c("C", "T"))), N = 100), Majority = list(Freqs = structure(c(5, 
    107, 0, 0, 2, 0), .Dim = 3:2, .Dimnames = list(c("-1", "0", 
    "1"), c("C", "T"))), N = 114)), `2` = structure(c(5, 87, 
    0, 0, 0, 0), .Dim = 3:2, .Dimnames = list(c("-1", "0", "1"
    ), c("C", "T"))))))
