Results <-
list(`bwaOutput/20210421msiMNRsJenny/1075_S45.sam` = list(LR10_SNP1 = list(
    All = list(Freqs = structure(c(32L, 874L, 4L, 14L, 527L, 
    0L, 0L, 17L, 0L), .Dim = c(3L, 3L), .Dimnames = structure(list(
        c("-1", "0", "1"), c("C", "T", NA)), .Names = c("", ""
    )), class = "table"), N = 1468L), Tag.Distribution = structure(c(`1` = 11L, 
    `2` = 2L, `3` = 2L, `4` = 1L, `5` = 1L, `7` = 2L, `8` = 1L, 
    `9` = 3L, `10` = 1L, `11` = 1L, `12` = 2L, `14` = 2L, `16` = 2L, 
    `17` = 1L, `18` = 1L, `20` = 1L, `21` = 1L, `23` = 2L, `24` = 2L, 
    `25` = 2L, `26` = 2L, `28` = 1L, `29` = 1L, `30` = 1L, `31` = 1L, 
    `33` = 1L, `34` = 2L, `38` = 4L, `40` = 1L, `44` = 1L, `47` = 1L, 
    `50` = 2L, `54` = 1L, `56` = 1L, `59` = 1L, `65` = 1L, `74` = 1L, 
    `76` = 1L), .Dim = 38L, .Dimnames = structure(list(c("1", 
    "2", "3", "4", "5", "7", "8", "9", "10", "11", "12", "14", 
    "16", "17", "18", "20", "21", "23", "24", "25", "26", "28", 
    "29", "30", "31", "33", "34", "38", "40", "44", "47", "50", 
    "54", "56", "59", "65", "74", "76")), .Names = ""), class = "table"), 
    No.Tag = structure(c(0L, 3L, 0L, 0L, 1L, 21L, 0L, 0L, 0L, 
    1L, 0L, 0L), .Dim = 4:3, .Dimnames = structure(list(c("-1", 
    "0", "1", NA), c("C", "T", NA)), .Names = c("", "")), class = "table"), 
    All.Tags = list(Concordant = list(Freqs = structure(c(0, 
    21, 0, 0, 16, 0), .Dim = 3:2, .Dimnames = list(c("-1", "0", 
    "1"), c("C", "T"))), N = 37), Majority = list(Freqs = structure(c(0, 
    38, 0, 0, 26, 0), .Dim = 3:2, .Dimnames = list(c("-1", "0", 
    "1"), c("C", "T"))), N = 64)), `2` = structure(c(0, 32, 0, 
    0, 22, 0), .Dim = 3:2, .Dimnames = list(c("-1", "0", "1"), 
        c("C", "T"))))))
