Results <-
list(`bwaOutput/20210421msiMNRsJenny/1075_S45.sam` = list(IM16_SNP1 = list(
    All = list(Freqs = structure(c(0L, 0L, 6L, 0L, 0L, 508L, 
    420L, 771L, 5L, 63L, 1L, 2L, 10L, 0L, 0L), .Dim = c(5L, 3L
    ), .Dimnames = structure(list(c("-2", "-1", "0", "1", NA), 
        c("A", "G", NA)), .Names = c("", "")), class = "table"), 
        N = 1786L), Tag.Distribution = structure(c(`1` = 25L, 
    `6` = 1L, `9` = 2L, `10` = 2L, `11` = 1L, `12` = 2L, `13` = 2L, 
    `15` = 1L, `17` = 1L, `18` = 1L, `22` = 2L, `23` = 5L, `24` = 3L, 
    `25` = 3L, `26` = 4L, `28` = 2L, `29` = 2L, `30` = 3L, `31` = 2L, 
    `33` = 2L, `35` = 1L, `36` = 1L, `38` = 1L, `43` = 1L, `52` = 1L, 
    `56` = 1L, `57` = 1L, `60` = 2L, `61` = 2L, `68` = 1L, `69` = 1L, 
    `73` = 1L, `84` = 1L), .Dim = 33L, .Dimnames = structure(list(
        c("1", "6", "9", "10", "11", "12", "13", "15", "17", 
        "18", "22", "23", "24", "25", "26", "28", "29", "30", 
        "31", "33", "35", "36", "38", "43", "52", "56", "57", 
        "60", "61", "68", "69", "73", "84")), .Names = ""), class = "table"), 
    No.Tag = structure(c(0L, 0L, 1L, 0L, 0L, 2L, 4L, 3L, 0L, 
    1L, 0L, 0L, 0L, 0L, 0L), .Dim = c(5L, 3L), .Dimnames = structure(list(
        c("-2", "-1", "0", "1", NA), c("A", "G", NA)), .Names = c("", 
    "")), class = "table"), All.Tags = list(Concordant = list(
        Freqs = structure(c(0, 0, 5, 0, 17, 15, 23, 0), .Dim = c(4L, 
        2L), .Dimnames = list(c("-2", "-1", "0", "1"), c("A", 
        "G"))), N = 60), Majority = list(Freqs = structure(c(0, 
    0, 5, 0, 17, 19, 33, 0), .Dim = c(4L, 2L), .Dimnames = list(
        c("-2", "-1", "0", "1"), c("A", "G"))), N = 74)), `2` = structure(c(0, 
    0, 0, 0, 14, 16, 25, 0), .Dim = c(4L, 2L), .Dimnames = list(
        c("-2", "-1", "0", "1"), c("A", "G"))))))
