Results <-
list(`bwaOutput/20210421msiMNRsJenny/1075_S45.sam` = list(IM49_SNP1 = list(
    All = list(Freqs = structure(c(11L, 372L, 1060L, 22L, 0L, 
    24L, 5L, 210L, 1007L, 33L, 1L, 7L, 0L, 5L, 77L, 4L, 0L, 0L
    ), .Dim = c(6L, 3L), .Dimnames = structure(list(c("-2", "-1", 
    "0", "1", "2", NA), c("C", "G", NA)), .Names = c("", "")), class = "table"), 
        N = 2838L), Tag.Distribution = structure(c(`1` = 67L, 
    `2` = 9L, `3` = 10L, `4` = 6L, `5` = 13L, `6` = 10L, `7` = 10L, 
    `8` = 4L, `9` = 5L, `10` = 10L, `11` = 14L, `12` = 6L, `13` = 5L, 
    `14` = 7L, `15` = 9L, `16` = 3L, `17` = 13L, `18` = 3L, `19` = 4L, 
    `20` = 7L, `21` = 4L, `22` = 3L, `23` = 1L, `24` = 5L, `25` = 1L, 
    `26` = 2L, `27` = 2L, `28` = 3L, `32` = 2L, `34` = 3L, `35` = 1L, 
    `36` = 1L, `37` = 3L, `39` = 1L, `40` = 1L, `42` = 1L, `45` = 1L, 
    `47` = 1L, `49` = 1L, `50` = 1L, `60` = 1L), .Dim = 41L, .Dimnames = structure(list(
        c("1", "2", "3", "4", "5", "6", "7", "8", "9", "10", 
        "11", "12", "13", "14", "15", "16", "17", "18", "19", 
        "20", "21", "22", "23", "24", "25", "26", "27", "28", 
        "32", "34", "35", "36", "37", "39", "40", "42", "45", 
        "47", "49", "50", "60")), .Names = ""), class = "table"), 
    No.Tag = structure(c(0L, 1L, 28L, 1L, 0L, 0L, 0L, 0L, 3L, 
    0L, 0L, 0L, 0L, 0L, 3L, 0L, 0L, 0L), .Dim = c(6L, 3L), .Dimnames = structure(list(
        c("-2", "-1", "0", "1", "2", NA), c("C", "G", NA)), .Names = c("", 
    "")), class = "table"), All.Tags = list(Concordant = list(
        Freqs = structure(c(2, 21, 65, 0, 0, 0, 12, 53, 1, 0), .Dim = c(5L, 
        2L), .Dimnames = list(c("-2", "-1", "0", "1", "2"), c("C", 
        "G"))), N = 154), Majority = list(Freqs = structure(c(2, 
    30, 100, 0, 0, 0, 17, 85, 1, 0), .Dim = c(5L, 2L), .Dimnames = list(
        c("-2", "-1", "0", "1", "2"), c("C", "G"))), N = 235)), 
    `2` = structure(c(0, 25, 77, 0, 0, 0, 14, 69, 1, 0), .Dim = c(5L, 
    2L), .Dimnames = list(c("-2", "-1", "0", "1", "2"), c("C", 
    "G"))))))
