Results <-
list(`bwaOutput/20210421msiMNRsJenny/1075_S45.sam` = list(GM14_SNP1 = list(
    All = list(Freqs = structure(c(18L, 1001L, 1594L, 15L, 12L, 
    0L, 1L, 3L, 0L, 0L, 0L, 2L, 18L, 0L, 0L), .Dim = c(5L, 3L
    ), .Dimnames = structure(list(c("-2", "-1", "0", "1", NA), 
        c("C", "T", NA)), .Names = c("", "")), class = "table"), 
        N = 2664L), Tag.Distribution = structure(c(`1` = 26L, 
    `3` = 1L, `5` = 3L, `6` = 2L, `7` = 3L, `8` = 2L, `9` = 3L, 
    `10` = 1L, `12` = 3L, `13` = 5L, `14` = 1L, `15` = 2L, `16` = 2L, 
    `18` = 2L, `19` = 2L, `20` = 1L, `21` = 2L, `22` = 1L, `23` = 1L, 
    `24` = 1L, `25` = 4L, `26` = 1L, `27` = 4L, `29` = 1L, `30` = 1L, 
    `31` = 3L, `32` = 1L, `33` = 2L, `34` = 1L, `35` = 1L, `36` = 1L, 
    `37` = 1L, `39` = 1L, `40` = 3L, `41` = 1L, `42` = 1L, `43` = 2L, 
    `44` = 2L, `45` = 2L, `47` = 2L, `51` = 1L, `55` = 1L, `57` = 1L, 
    `58` = 1L, `60` = 1L, `64` = 1L, `65` = 1L, `66` = 1L, `71` = 1L, 
    `72` = 1L, `73` = 1L, `82` = 1L, `90` = 1L), .Dim = 53L, .Dimnames = structure(list(
        c("1", "3", "5", "6", "7", "8", "9", "10", "12", "13", 
        "14", "15", "16", "18", "19", "20", "21", "22", "23", 
        "24", "25", "26", "27", "29", "30", "31", "32", "33", 
        "34", "35", "36", "37", "39", "40", "41", "42", "43", 
        "44", "45", "47", "51", "55", "57", "58", "60", "64", 
        "65", "66", "71", "72", "73", "82", "90")), .Names = ""), class = "table"), 
    No.Tag = structure(c(0L, 4L, 56L, 0L, 1L, 0L, 0L, 0L, 0L, 
    0L, 0L, 0L, 1L, 0L, 0L), .Dim = c(5L, 3L), .Dimnames = structure(list(
        c("-2", "-1", "0", "1", NA), c("C", "T", NA)), .Names = c("", 
    "")), class = "table"), All.Tags = list(Concordant = list(
        Freqs = structure(c(1, 27, 28, 0, 0, 1, 2, 0), .Dim = c(4L, 
        2L), .Dimnames = list(c("-2", "-1", "0", "1"), c("C", 
        "T"))), N = 59), Majority = list(Freqs = structure(c(1, 
    40, 65, 0, 0, 1, 2, 0), .Dim = c(4L, 2L), .Dimnames = list(
        c("-2", "-1", "0", "1"), c("C", "T"))), N = 109)), `2` = structure(c(0, 
    34, 52, 0, 0, 0, 0, 0), .Dim = c(4L, 2L), .Dimnames = list(
        c("-2", "-1", "0", "1"), c("C", "T"))))))
