Results <-
list(`bwaOutput/20210421msiMNRsJenny/1075_S45.sam` = list(LR52_SNP1 = list(
    All = list(Freqs = structure(c(0L, 0L, 0L, 0L, 1L, 0L, 0L, 
    1L, 13L, 346L, 224L, 488L, 6L, 26L, 0L, 0L, 0L, 2L, 44L, 
    1L, 0L, 0L, 0L, 4L, 21L, 171L, 1L, 0L), .Dim = c(7L, 4L), .Dimnames = structure(list(
        c("-4", "-3", "-2", "-1", "0", "1", NA), c("A", "C", 
        "T", NA)), .Names = c("", "")), class = "table"), N = 1349L), 
    Tag.Distribution = structure(c(`1` = 11L, `4` = 1L, `5` = 1L, 
    `7` = 2L, `8` = 1L, `9` = 2L, `10` = 2L, `11` = 3L, `12` = 1L, 
    `14` = 1L, `15` = 1L, `16` = 1L, `18` = 1L, `20` = 1L, `23` = 1L, 
    `24` = 2L, `26` = 1L, `27` = 2L, `29` = 3L, `31` = 1L, `35` = 1L, 
    `36` = 1L, `38` = 1L, `39` = 2L, `40` = 1L, `41` = 1L, `44` = 1L, 
    `45` = 1L, `46` = 1L, `49` = 1L, `52` = 1L, `55` = 1L, `64` = 1L, 
    `69` = 3L), .Dim = 34L, .Dimnames = structure(list(c("1", 
    "4", "5", "7", "8", "9", "10", "11", "12", "14", "15", "16", 
    "18", "20", "23", "24", "26", "27", "29", "31", "35", "36", 
    "38", "39", "40", "41", "44", "45", "46", "49", "52", "55", 
    "64", "69")), .Names = ""), class = "table"), No.Tag = structure(c(0L, 
    0L, 0L, 0L, 0L, 0L, 0L, 0L, 0L, 38L, 0L, 2L, 0L, 1L, 0L, 
    0L, 0L, 0L, 0L, 0L, 0L, 0L, 0L, 0L, 0L, 1L, 0L, 0L), .Dim = c(7L, 
    4L), .Dimnames = structure(list(c("-4", "-3", "-2", "-1", 
    "0", "1", NA), c("A", "C", "T", NA)), .Names = c("", "")), class = "table"), 
    All.Tags = list(Concordant = list(Freqs = structure(c(0, 
    0, 0, 0, 0, 0, 0, 1, 5, 1, 13, 0, 0, 0, 0, 0, 1, 0), .Dim = c(6L, 
    3L), .Dimnames = list(c("-4", "-3", "-2", "-1", "0", "1"), 
        c("A", "C", "T"))), N = 21), Majority = list(Freqs = structure(c(0, 
    0, 0, 0, 0, 0, 0, 1, 13, 6, 31, 0, 0, 0, 0, 0, 2, 0), .Dim = c(6L, 
    3L), .Dimnames = list(c("-4", "-3", "-2", "-1", "0", "1"), 
        c("A", "C", "T"))), N = 53)), `2` = structure(c(0, 0, 
    0, 0, 0, 0, 0, 0, 12, 5, 27, 0, 0, 0, 0, 0, 1, 0), .Dim = c(6L, 
    3L), .Dimnames = list(c("-4", "-3", "-2", "-1", "0", "1"), 
        c("A", "C", "T"))))))
