Results <-
list(`bwaOutput/20210421msiMNRsJenny/1075_S45.sam` = list(LR46_SNP1 = list(
    All = list(Freqs = structure(c(339L, 245L, 0L, 6L, 0L, 466L, 
    2L, 0L, 2L, 8L, 0L, 0L), .Dim = 4:3, .Dimnames = structure(list(
        c("-1", "0", "1", NA), c("G", "T", NA)), .Names = c("", 
    "")), class = "table"), N = 1068L), Tag.Distribution = structure(c(`1` = 18L, 
    `2` = 4L, `3` = 1L, `4` = 1L, `10` = 3L, `11` = 1L, `14` = 2L, 
    `15` = 1L, `16` = 4L, `17` = 1L, `18` = 1L, `22` = 1L, `24` = 2L, 
    `25` = 1L, `26` = 2L, `27` = 1L, `29` = 2L, `30` = 1L, `31` = 1L, 
    `34` = 1L, `35` = 1L, `36` = 1L, `38` = 1L, `39` = 1L, `43` = 1L, 
    `44` = 1L, `45` = 1L, `57` = 1L, `64` = 1L, `90` = 1L), .Dim = 30L, .Dimnames = structure(list(
        c("1", "2", "3", "4", "10", "11", "14", "15", "16", "17", 
        "18", "22", "24", "25", "26", "27", "29", "30", "31", 
        "34", "35", "36", "38", "39", "43", "44", "45", "57", 
        "64", "90")), .Names = ""), class = "table"), No.Tag = structure(c(2L, 
    3L, 0L, 1L, 0L, 26L, 0L, 0L, 0L, 2L, 0L, 0L), .Dim = 4:3, .Dimnames = structure(list(
        c("-1", "0", "1", NA), c("G", "T", NA)), .Names = c("", 
    "")), class = "table"), All.Tags = list(Concordant = list(
        Freqs = structure(c(20, 12, 0, 0, 25, 0), .Dim = 3:2, .Dimnames = list(
            c("-1", "0", "1"), c("G", "T"))), N = 57), Majority = list(
        Freqs = structure(c(20, 12, 0, 0, 27, 0), .Dim = 3:2, .Dimnames = list(
            c("-1", "0", "1"), c("G", "T"))), N = 59)), `2` = structure(c(17, 
    6, 0, 0, 18, 0), .Dim = 3:2, .Dimnames = list(c("-1", "0", 
    "1"), c("G", "T"))))))
