Results <-
list(`bwaOutput/20210421msiMNRsJenny/1075_S45.sam` = list(LR44_SNP1 = list(
    All = list(Freqs = structure(c(1L, 43L, 387L, 2346L, 40L, 
    2L, 12L, 0L, 0L, 5L, 100L, 0L, 0L, 1L, 0L, 0L, 6L, 54L, 1L, 
    0L, 0L), .Dim = c(7L, 3L), .Dimnames = structure(list(c("-3", 
    "-2", "-1", "0", "1", "2", NA), c("C", "T", NA)), .Names = c("", 
    "")), class = "table"), N = 2998L), Tag.Distribution = structure(c(`1` = 25L, 
    `5` = 1L, `6` = 3L, `7` = 1L, `8` = 1L, `9` = 2L, `10` = 4L, 
    `11` = 2L, `12` = 2L, `14` = 3L, `15` = 3L, `16` = 2L, `18` = 4L, 
    `19` = 2L, `20` = 2L, `21` = 5L, `22` = 1L, `23` = 4L, `24` = 2L, 
    `25` = 3L, `27` = 3L, `28` = 3L, `29` = 3L, `30` = 3L, `31` = 1L, 
    `33` = 2L, `34` = 1L, `35` = 2L, `36` = 2L, `38` = 1L, `39` = 1L, 
    `40` = 1L, `41` = 2L, `42` = 2L, `44` = 1L, `46` = 2L, `47` = 1L, 
    `48` = 1L, `49` = 2L, `51` = 2L, `54` = 1L, `55` = 3L, `56` = 1L, 
    `57` = 1L, `61` = 1L, `63` = 1L, `66` = 1L, `72` = 1L, `73` = 1L, 
    `94` = 1L), .Dim = 50L, .Dimnames = structure(list(c("1", 
    "5", "6", "7", "8", "9", "10", "11", "12", "14", "15", "16", 
    "18", "19", "20", "21", "22", "23", "24", "25", "27", "28", 
    "29", "30", "31", "33", "34", "35", "36", "38", "39", "40", 
    "41", "42", "44", "46", "47", "48", "49", "51", "54", "55", 
    "56", "57", "61", "63", "66", "72", "73", "94")), .Names = ""), class = "table"), 
    No.Tag = structure(c(0L, 3L, 40L, 80L, 2L, 0L, 1L, 0L, 0L, 
    1L, 0L, 0L, 0L, 0L, 0L, 0L, 1L, 2L, 0L, 0L, 0L), .Dim = c(7L, 
    3L), .Dimnames = structure(list(c("-3", "-2", "-1", "0", 
    "1", "2", NA), c("C", "T", NA)), .Names = c("", "")), class = "table"), 
    All.Tags = list(Concordant = list(Freqs = structure(c(0, 
    2, 5, 29, 0, 0, 0, 0, 0, 3, 0, 0), .Dim = c(6L, 2L), .Dimnames = list(
        c("-3", "-2", "-1", "0", "1", "2"), c("C", "T"))), N = 39), 
        Majority = list(Freqs = structure(c(0, 2, 10, 101, 0, 
        0, 0, 0, 0, 5, 0, 0), .Dim = c(6L, 2L), .Dimnames = list(
            c("-3", "-2", "-1", "0", "1", "2"), c("C", "T"))), 
            N = 118)), `2` = structure(c(0, 1, 8, 84, 0, 0, 0, 
    0, 0, 2, 0, 0), .Dim = c(6L, 2L), .Dimnames = list(c("-3", 
    "-2", "-1", "0", "1", "2"), c("C", "T"))))))
