Results <-
list(`bwaOutput/20210421msiMNRsJenny/1075_S45.sam` = list(LR48_SNP1 = list(
    All = list(Freqs = structure(c(15L, 835L, 913L, 15L, 8L, 
    0L, 0L, 1L, 0L, 0L, 0L, 3L, 18L, 0L, 0L), .Dim = c(5L, 3L
    ), .Dimnames = structure(list(c("-2", "-1", "0", "1", NA), 
        c("C", "T", NA)), .Names = c("", "")), class = "table"), 
        N = 1808L), Tag.Distribution = structure(c(`1` = 16L, 
    `5` = 1L, `8` = 1L, `12` = 1L, `14` = 1L, `17` = 1L, `19` = 3L, 
    `21` = 1L, `22` = 5L, `24` = 1L, `25` = 2L, `26` = 1L, `27` = 1L, 
    `28` = 2L, `30` = 2L, `34` = 1L, `35` = 1L, `36` = 2L, `37` = 1L, 
    `38` = 1L, `39` = 1L, `41` = 1L, `52` = 1L, `53` = 2L, `57` = 1L, 
    `60` = 2L, `62` = 2L, `64` = 1L, `65` = 1L, `66` = 1L, `67` = 1L, 
    `69` = 1L, `82` = 1L, `86` = 1L), .Dim = 34L, .Dimnames = structure(list(
        c("1", "5", "8", "12", "14", "17", "19", "21", "22", 
        "24", "25", "26", "27", "28", "30", "34", "35", "36", 
        "37", "38", "39", "41", "52", "53", "57", "60", "62", 
        "64", "65", "66", "67", "69", "82", "86")), .Names = ""), class = "table"), 
    No.Tag = structure(c(0L, 3L, 43L, 4L, 0L, 0L, 0L, 0L, 0L, 
    0L, 0L, 0L, 1L, 0L, 0L), .Dim = c(5L, 3L), .Dimnames = structure(list(
        c("-2", "-1", "0", "1", NA), c("C", "T", NA)), .Names = c("", 
    "")), class = "table"), All.Tags = list(Concordant = list(
        Freqs = structure(c(0, 13, 13, 0, 0, 0, 1, 0), .Dim = c(4L, 
        2L), .Dimnames = list(c("-2", "-1", "0", "1"), c("C", 
        "T"))), N = 27), Majority = list(Freqs = structure(c(0, 
    27, 31, 0, 0, 0, 1, 0), .Dim = c(4L, 2L), .Dimnames = list(
        c("-2", "-1", "0", "1"), c("C", "T"))), N = 59)), `2` = structure(c(0, 
    23, 23, 0, 0, 0, 0, 0), .Dim = c(4L, 2L), .Dimnames = list(
        c("-2", "-1", "0", "1"), c("C", "T"))))))
