Results <-
list(`bwaOutput/20210421msiMNRsJenny/1075_S45.sam` = list(DEPDC2_SNP1 = list(
    All = list(Freqs = structure(c(0L, 36L, 1019L, 2046L, 2L, 
    19L, 1L, 0L, 0L, 7L, 0L, 0L, 0L, 0L, 10L, 22L, 0L, 0L), .Dim = c(6L, 
    3L), .Dimnames = structure(list(c("-3", "-2", "-1", "0", 
    "1", NA), c("C", "T", NA)), .Names = c("", "")), class = "table"), 
        N = 3162L), Tag.Distribution = structure(c(`1` = 56L, 
    `2` = 5L, `3` = 2L, `4` = 5L, `5` = 3L, `6` = 3L, `7` = 3L, 
    `8` = 7L, `9` = 9L, `10` = 5L, `11` = 6L, `12` = 5L, `13` = 3L, 
    `14` = 2L, `15` = 8L, `16` = 6L, `17` = 8L, `18` = 4L, `19` = 5L, 
    `20` = 2L, `21` = 4L, `22` = 2L, `23` = 2L, `24` = 4L, `25` = 1L, 
    `26` = 1L, `27` = 1L, `28` = 5L, `29` = 3L, `30` = 1L, `32` = 4L, 
    `33` = 3L, `34` = 2L, `35` = 1L, `36` = 1L, `37` = 1L, `39` = 1L, 
    `40` = 1L, `43` = 3L, `44` = 1L, `46` = 1L, `47` = 3L, `48` = 1L, 
    `51` = 2L, `55` = 1L, `57` = 2L, `58` = 1L, `59` = 1L, `61` = 1L, 
    `68` = 1L), .Dim = 50L, .Dimnames = structure(list(c("1", 
    "2", "3", "4", "5", "6", "7", "8", "9", "10", "11", "12", 
    "13", "14", "15", "16", "17", "18", "19", "20", "21", "22", 
    "23", "24", "25", "26", "27", "28", "29", "30", "32", "33", 
    "34", "35", "36", "37", "39", "40", "43", "44", "46", "47", 
    "48", "51", "55", "57", "58", "59", "61", "68")), .Names = ""), class = "table"), 
    No.Tag = structure(c(0L, 0L, 7L, 56L, 0L, 0L, 0L, 0L, 0L, 
    0L, 0L, 0L, 0L, 0L, 0L, 2L, 0L, 0L), .Dim = c(6L, 3L), .Dimnames = structure(list(
        c("-3", "-2", "-1", "0", "1", NA), c("C", "T", NA)), .Names = c("", 
    "")), class = "table"), All.Tags = list(Concordant = list(
        Freqs = structure(c(0, 1, 58, 112, 0, 1, 0, 0, 6, 0), .Dim = c(5L, 
        2L), .Dimnames = list(c("-3", "-2", "-1", "0", "1"), 
            c("C", "T"))), N = 178), Majority = list(Freqs = structure(c(0, 
    1, 60, 130, 0, 1, 0, 0, 6, 0), .Dim = c(5L, 2L), .Dimnames = list(
        c("-3", "-2", "-1", "0", "1"), c("C", "T"))), N = 198)), 
    `2` = structure(c(0, 1, 50, 96, 0, 0, 0, 0, 0, 0), .Dim = c(5L, 
    2L), .Dimnames = list(c("-3", "-2", "-1", "0", "1"), c("C", 
    "T"))))))
