Results <-
list(`bwaOutput/20210421msiMNRsJenny/1075_S45.sam` = list(GM07_SNP1 = list(
    All = list(Freqs = structure(c(0L, 0L, 1L, 1L, 0L, 0L, 1L, 
    205L, 551L, 1230L, 34L, 38L, 0L, 0L, 0L, 2L, 0L, 1L, 0L, 
    1L, 1L, 11L, 1L, 0L), .Dim = c(6L, 4L), .Dimnames = structure(list(
        c("-3", "-2", "-1", "0", "1", NA), c("-", "A", "G", NA
        )), .Names = c("", "")), class = "table"), N = 2078L), 
    Tag.Distribution = structure(c(`1` = 27L, `2` = 6L, `4` = 1L, 
    `5` = 1L, `6` = 1L, `7` = 2L, `9` = 3L, `11` = 1L, `12` = 1L, 
    `13` = 6L, `14` = 2L, `15` = 1L, `16` = 2L, `17` = 1L, `18` = 2L, 
    `19` = 1L, `20` = 5L, `21` = 3L, `22` = 1L, `23` = 2L, `24` = 2L, 
    `25` = 4L, `26` = 3L, `28` = 2L, `32` = 1L, `33` = 1L, `34` = 1L, 
    `36` = 1L, `39` = 2L, `42` = 1L, `45` = 3L, `49` = 3L, `51` = 1L, 
    `53` = 1L, `55` = 1L, `59` = 1L, `66` = 2L, `68` = 1L, `69` = 1L, 
    `80` = 1L, `99` = 1L), .Dim = 41L, .Dimnames = structure(list(
        c("1", "2", "4", "5", "6", "7", "9", "11", "12", "13", 
        "14", "15", "16", "17", "18", "19", "20", "21", "22", 
        "23", "24", "25", "26", "28", "32", "33", "34", "36", 
        "39", "42", "45", "49", "51", "53", "55", "59", "66", 
        "68", "69", "80", "99")), .Names = ""), class = "table"), 
    No.Tag = structure(c(0L, 0L, 0L, 0L, 0L, 0L, 0L, 2L, 3L, 
    10L, 0L, 1L, 0L, 0L, 0L, 0L, 0L, 0L, 0L, 1L, 0L, 2L, 0L, 
    0L), .Dim = c(6L, 4L), .Dimnames = structure(list(c("-3", 
    "-2", "-1", "0", "1", NA), c("-", "A", "G", NA)), .Names = c("", 
    "")), class = "table"), All.Tags = list(Concordant = list(
        Freqs = structure(c(0, 0, 0, 0, 0, 0, 8, 12, 27, 0, 0, 
        0, 0, 2, 0), .Dim = c(5L, 3L), .Dimnames = list(c("-3", 
        "-2", "-1", "0", "1"), c("-", "A", "G"))), N = 49), Majority = list(
        Freqs = structure(c(0, 0, 0, 0, 0, 0, 8, 25, 62, 0, 0, 
        0, 0, 2, 0), .Dim = c(5L, 3L), .Dimnames = list(c("-3", 
        "-2", "-1", "0", "1"), c("-", "A", "G"))), N = 97)), 
    `2` = structure(c(0, 0, 0, 0, 0, 0, 6, 22, 48, 0, 0, 0, 0, 
    0, 0), .Dim = c(5L, 3L), .Dimnames = list(c("-3", "-2", "-1", 
    "0", "1"), c("-", "A", "G"))))))
