Results <-
list(`bwaOutput/20210421msiMNRsJenny/1075_S45.sam` = list(LR49_SNP1 = list(
    All = list(Freqs = structure(c(0L, 12L, 0L, 0L, 18L, 1868L, 
    0L, 2L, 0L, 1L, 0L, 0L, 0L, 6L, 1L, 0L), .Dim = c(4L, 4L), .Dimnames = structure(list(
        c("-1", "0", "1", NA), c("A", "G", "T", NA)), .Names = c("", 
    "")), class = "table"), N = 1908L), Tag.Distribution = structure(c(`1` = 41L, 
    `2` = 9L, `3` = 2L, `4` = 4L, `5` = 3L, `6` = 7L, `7` = 6L, 
    `8` = 4L, `9` = 6L, `10` = 4L, `11` = 3L, `12` = 4L, `13` = 5L, 
    `14` = 2L, `15` = 5L, `16` = 2L, `17` = 4L, `18` = 2L, `19` = 5L, 
    `20` = 3L, `21` = 4L, `22` = 2L, `23` = 2L, `24` = 5L, `25` = 2L, 
    `26` = 3L, `27` = 3L, `28` = 2L, `30` = 3L, `31` = 1L, `35` = 1L, 
    `37` = 1L, `46` = 1L, `50` = 1L, `63` = 1L, `69` = 2L), .Dim = 36L, .Dimnames = structure(list(
        c("1", "2", "3", "4", "5", "6", "7", "8", "9", "10", 
        "11", "12", "13", "14", "15", "16", "17", "18", "19", 
        "20", "21", "22", "23", "24", "25", "26", "27", "28", 
        "30", "31", "35", "37", "46", "50", "63", "69")), .Names = ""), class = "table"), 
    No.Tag = structure(c(0L, 0L, 0L, 0L, 0L, 13L, 0L, 0L, 0L, 
    0L, 0L, 0L, 0L, 0L, 0L, 0L), .Dim = c(4L, 4L), .Dimnames = structure(list(
        c("-1", "0", "1", NA), c("A", "G", "T", NA)), .Names = c("", 
    "")), class = "table"), All.Tags = list(Concordant = list(
        Freqs = structure(c(0, 3, 0, 1, 140, 0, 0, 0, 0), .Dim = c(3L, 
        3L), .Dimnames = list(c("-1", "0", "1"), c("A", "G", 
        "T"))), N = 144), Majority = list(Freqs = structure(c(0, 
    4, 0, 1, 148, 0, 0, 0, 0), .Dim = c(3L, 3L), .Dimnames = list(
        c("-1", "0", "1"), c("A", "G", "T"))), N = 153)), `2` = structure(c(0, 
    1, 0, 1, 112, 0, 0, 0, 0), .Dim = c(3L, 3L), .Dimnames = list(
        c("-1", "0", "1"), c("A", "G", "T"))))))
