Results <-
list(`bwaOutput/20210421msiMNRsJenny/1075_S45.sam` = list(GM09_SNP1 = list(
    All = list(Freqs = structure(c(9L, 1743L, 2L, 0L, 47L, 1764L, 
    2L, 1L, 0L, 26L, 0L, 0L, 0L, 21L, 0L, 0L), .Dim = c(4L, 4L
    ), .Dimnames = structure(list(c("-1", "0", "1", NA), c("A", 
    "G", "T", NA)), .Names = c("", "")), class = "table"), N = 3615L), 
    Tag.Distribution = structure(c(`1` = 63L, `2` = 2L, `3` = 1L, 
    `4` = 3L, `5` = 4L, `6` = 3L, `7` = 1L, `8` = 2L, `9` = 1L, 
    `10` = 2L, `11` = 2L, `12` = 2L, `13` = 3L, `14` = 6L, `16` = 3L, 
    `17` = 7L, `18` = 2L, `19` = 3L, `20` = 6L, `21` = 7L, `22` = 1L, 
    `23` = 4L, `24` = 4L, `25` = 4L, `26` = 5L, `27` = 3L, `28` = 4L, 
    `29` = 6L, `30` = 4L, `31` = 1L, `32` = 4L, `33` = 3L, `34` = 2L, 
    `35` = 1L, `36` = 1L, `37` = 2L, `38` = 1L, `39` = 1L, `42` = 2L, 
    `44` = 2L, `45` = 2L, `47` = 1L, `48` = 1L, `49` = 1L, `52` = 3L, 
    `53` = 1L, `54` = 1L, `55` = 1L, `57` = 1L, `62` = 2L, `63` = 1L, 
    `64` = 1L, `71` = 2L, `72` = 1L), .Dim = 54L, .Dimnames = structure(list(
        c("1", "2", "3", "4", "5", "6", "7", "8", "9", "10", 
        "11", "12", "13", "14", "16", "17", "18", "19", "20", 
        "21", "22", "23", "24", "25", "26", "27", "28", "29", 
        "30", "31", "32", "33", "34", "35", "36", "37", "38", 
        "39", "42", "44", "45", "47", "48", "49", "52", "53", 
        "54", "55", "57", "62", "63", "64", "71", "72")), .Names = ""), class = "table"), 
    No.Tag = structure(c(0L, 12L, 0L, 0L, 0L, 13L, 0L, 0L, 0L, 
    0L, 0L, 0L, 0L, 1L, 0L, 0L), .Dim = c(4L, 4L), .Dimnames = structure(list(
        c("-1", "0", "1", NA), c("A", "G", "T", NA)), .Names = c("", 
    "")), class = "table"), All.Tags = list(Concordant = list(
        Freqs = structure(c(1, 88, 0, 1, 75, 0, 0, 1, 0), .Dim = c(3L, 
        3L), .Dimnames = list(c("-1", "0", "1"), c("A", "G", 
        "T"))), N = 166), Majority = list(Freqs = structure(c(1, 
    96, 0, 1, 88, 0, 0, 1, 0), .Dim = c(3L, 3L), .Dimnames = list(
        c("-1", "0", "1"), c("A", "G", "T"))), N = 187)), `2` = structure(c(0, 
    66, 0, 1, 66, 0, 0, 1, 0), .Dim = c(3L, 3L), .Dimnames = list(
        c("-1", "0", "1"), c("A", "G", "T"))))))
