Results <-
list(`bwaOutput/20210421msiMNRsJenny/1075_S45.sam` = list(LR20_SNP1 = list(
    All = list(Freqs = structure(c(0L, 0L, 1L, 0L, 0L, 0L, 0L, 
    3L, 0L, 0L, 37L, 573L, 1477L, 6L, 6L, 0L, 4L, 13L, 0L, 0L
    ), .Dim = 5:4, .Dimnames = structure(list(c("-2", "-1", "0", 
    "1", NA), c("-", "A", "G", NA)), .Names = c("", "")), class = "table"), 
        N = 2120L), Tag.Distribution = structure(c(`1` = 28L, 
    `3` = 2L, `4` = 1L, `5` = 4L, `6` = 3L, `9` = 4L, `10` = 2L, 
    `11` = 2L, `12` = 2L, `13` = 3L, `14` = 3L, `15` = 6L, `16` = 3L, 
    `17` = 1L, `18` = 3L, `20` = 4L, `21` = 4L, `23` = 3L, `24` = 1L, 
    `25` = 1L, `26` = 2L, `27` = 1L, `28` = 4L, `29` = 2L, `30` = 2L, 
    `32` = 2L, `33` = 1L, `34` = 3L, `35` = 4L, `36` = 2L, `38` = 2L, 
    `42` = 1L, `48` = 1L, `51` = 1L, `56` = 1L, `58` = 1L, `67` = 1L, 
    `73` = 1L, `75` = 1L, `85` = 1L), .Dim = 40L, .Dimnames = structure(list(
        c("1", "3", "4", "5", "6", "9", "10", "11", "12", "13", 
        "14", "15", "16", "17", "18", "20", "21", "23", "24", 
        "25", "26", "27", "28", "29", "30", "32", "33", "34", 
        "35", "36", "38", "42", "48", "51", "56", "58", "67", 
        "73", "75", "85")), .Names = ""), class = "table"), No.Tag = structure(c(0L, 
    0L, 0L, 0L, 0L, 0L, 0L, 0L, 0L, 0L, 0L, 7L, 8L, 0L, 2L, 0L, 
    0L, 2L, 0L, 0L), .Dim = 5:4, .Dimnames = structure(list(c("-2", 
    "-1", "0", "1", NA), c("-", "A", "G", NA)), .Names = c("", 
    "")), class = "table"), All.Tags = list(Concordant = list(
        Freqs = structure(c(0, 0, 0, 0, 0, 0, 3, 0, 1, 33, 66, 
        0), .Dim = 4:3, .Dimnames = list(c("-2", "-1", "0", "1"
        ), c("-", "A", "G"))), N = 103), Majority = list(Freqs = structure(c(0, 
    0, 0, 0, 0, 0, 3, 0, 1, 34, 73, 0), .Dim = 4:3, .Dimnames = list(
        c("-2", "-1", "0", "1"), c("-", "A", "G"))), N = 111)), 
    `2` = structure(c(0, 0, 0, 0, 0, 0, 0, 0, 1, 27, 58, 0), .Dim = 4:3, .Dimnames = list(
        c("-2", "-1", "0", "1"), c("-", "A", "G"))))))
