Results <-
list(`bwaOutput/20210421msiMNRsJenny/1075_S45.sam` = list(GM01_SNP1 = list(
    All = list(Freqs = structure(c(0L, 19L, 1062L, 2L, 1L, 10L, 
    716L, 553L, 4L, 4L, 0L, 3L, 24L, 0L, 0L), .Dim = c(5L, 3L
    ), .Dimnames = structure(list(c("-2", "-1", "0", "1", NA), 
        c("A", "G", NA)), .Names = c("", "")), class = "table"), 
        N = 2398L), Tag.Distribution = structure(c(`1` = 28L, 
    `2` = 1L, `7` = 1L, `9` = 1L, `10` = 1L, `11` = 1L, `12` = 1L, 
    `13` = 2L, `14` = 4L, `15` = 3L, `16` = 1L, `17` = 3L, `19` = 1L, 
    `22` = 1L, `24` = 2L, `25` = 2L, `26` = 3L, `27` = 1L, `28` = 2L, 
    `29` = 1L, `30` = 1L, `32` = 1L, `33` = 2L, `34` = 1L, `35` = 2L, 
    `36` = 1L, `38` = 2L, `39` = 1L, `40` = 1L, `41` = 2L, `42` = 2L, 
    `44` = 2L, `46` = 1L, `47` = 1L, `48` = 1L, `49` = 1L, `50` = 1L, 
    `51` = 1L, `52` = 1L, `54` = 1L, `57` = 1L, `60` = 1L, `61` = 1L, 
    `62` = 2L, `64` = 1L, `65` = 1L, `67` = 1L, `69` = 1L, `70` = 1L, 
    `76` = 1L), .Dim = 50L, .Dimnames = structure(list(c("1", 
    "2", "7", "9", "10", "11", "12", "13", "14", "15", "16", 
    "17", "19", "22", "24", "25", "26", "27", "28", "29", "30", 
    "32", "33", "34", "35", "36", "38", "39", "40", "41", "42", 
    "44", "46", "47", "48", "49", "50", "51", "52", "54", "57", 
    "60", "61", "62", "64", "65", "67", "69", "70", "76")), .Names = ""), class = "table"), 
    No.Tag = structure(c(0L, 0L, 3L, 0L, 0L, 0L, 3L, 2L, 0L, 
    0L, 0L, 1L, 0L, 0L, 0L), .Dim = c(5L, 3L), .Dimnames = structure(list(
        c("-2", "-1", "0", "1", NA), c("A", "G", NA)), .Names = c("", 
    "")), class = "table"), All.Tags = list(Concordant = list(
        Freqs = structure(c(0, 0, 36, 0, 0, 18, 11, 0), .Dim = c(4L, 
        2L), .Dimnames = list(c("-2", "-1", "0", "1"), c("A", 
        "G"))), N = 65), Majority = list(Freqs = structure(c(0, 
    0, 48, 0, 0, 25, 21, 0), .Dim = c(4L, 2L), .Dimnames = list(
        c("-2", "-1", "0", "1"), c("A", "G"))), N = 94)), `2` = structure(c(0, 
    0, 34, 0, 0, 18, 17, 0), .Dim = c(4L, 2L), .Dimnames = list(
        c("-2", "-1", "0", "1"), c("A", "G"))))))
