Results <-
list(`bwaOutput/20210421msiMNRsJenny/1075_S45.sam` = list(GM17_SNP1 = list(
    All = list(Freqs = structure(c(159L, 2031L, 69L, 1L, 7L, 
    0L, 0L, 1L, 0L, 0L, 0L, 8L, 1L, 0L, 0L, 1L, 15L, 0L, 0L, 
    0L), .Dim = 5:4, .Dimnames = structure(list(c("-1", "0", 
    "1", "2", NA), c("C", "G", "T", NA)), .Names = c("", "")), class = "table"), 
        N = 2293L), Tag.Distribution = structure(c(`1` = 33L, 
    `2` = 2L, `3` = 1L, `7` = 1L, `8` = 3L, `9` = 4L, `10` = 3L, 
    `12` = 3L, `13` = 2L, `14` = 1L, `15` = 1L, `16` = 3L, `17` = 1L, 
    `18` = 2L, `19` = 2L, `20` = 1L, `21` = 1L, `22` = 1L, `24` = 2L, 
    `25` = 3L, `26` = 1L, `27` = 3L, `28` = 3L, `29` = 1L, `30` = 2L, 
    `31` = 2L, `32` = 1L, `33` = 2L, `34` = 1L, `35` = 2L, `40` = 1L, 
    `45` = 2L, `46` = 4L, `49` = 3L, `52` = 1L, `55` = 2L, `58` = 1L, 
    `60` = 2L, `63` = 3L, `67` = 1L, `74` = 1L), .Dim = 41L, .Dimnames = structure(list(
        c("1", "2", "3", "7", "8", "9", "10", "12", "13", "14", 
        "15", "16", "17", "18", "19", "20", "21", "22", "24", 
        "25", "26", "27", "28", "29", "30", "31", "32", "33", 
        "34", "35", "40", "45", "46", "49", "52", "55", "58", 
        "60", "63", "67", "74")), .Names = ""), class = "table"), 
    No.Tag = structure(c(2L, 56L, 1L, 0L, 1L, 0L, 0L, 0L, 0L, 
    0L, 0L, 0L, 0L, 0L, 0L, 0L, 5L, 0L, 0L, 0L), .Dim = 5:4, .Dimnames = structure(list(
        c("-1", "0", "1", "2", NA), c("C", "G", "T", NA)), .Names = c("", 
    "")), class = "table"), All.Tags = list(Concordant = list(
        Freqs = structure(c(3, 69, 3, 0, 0, 0, 0, 0, 0, 8, 1, 
        0), .Dim = 4:3, .Dimnames = list(c("-1", "0", "1", "2"
        ), c("C", "G", "T"))), N = 84), Majority = list(Freqs = structure(c(3, 
    89, 4, 0, 0, 0, 0, 0, 0, 8, 1, 0), .Dim = 4:3, .Dimnames = list(
        c("-1", "0", "1", "2"), c("C", "G", "T"))), N = 105)), 
    `2` = structure(c(3, 71, 2, 0, 0, 0, 0, 0, 0, 0, 0, 0), .Dim = 4:3, .Dimnames = list(
        c("-1", "0", "1", "2"), c("C", "G", "T"))))))
