Results <-
list(`bwaOutput/20210421msiMNRsJenny/1075_S45.sam` = list(GM29_SNP1 = list(
    All = list(Freqs = structure(c(1L, 109L, 1425L, 5L, 1L, 0L, 
    0L, 5L, 0L, 0L, 0L, 0L, 1L, 0L, 0L, 0L, 1L, 12L, 0L, 0L), .Dim = 5:4, .Dimnames = structure(list(
        c("-2", "-1", "0", "1", NA), c("A", "G", "T", NA)), .Names = c("", 
    "")), class = "table"), N = 1560L), Tag.Distribution = structure(c(`1` = 21L, 
    `5` = 1L, `6` = 1L, `7` = 1L, `9` = 3L, `10` = 4L, `11` = 2L, 
    `13` = 1L, `14` = 2L, `15` = 2L, `16` = 1L, `17` = 1L, `18` = 1L, 
    `19` = 3L, `21` = 2L, `23` = 2L, `24` = 1L, `25` = 1L, `26` = 2L, 
    `28` = 2L, `29` = 1L, `30` = 1L, `31` = 1L, `32` = 1L, `33` = 1L, 
    `34` = 1L, `36` = 1L, `38` = 1L, `39` = 1L, `47` = 3L, `51` = 1L, 
    `54` = 1L, `55` = 1L, `56` = 2L, `62` = 1L, `69` = 1L, `72` = 1L, 
    `74` = 1L), .Dim = 38L, .Dimnames = structure(list(c("1", 
    "5", "6", "7", "9", "10", "11", "13", "14", "15", "16", "17", 
    "18", "19", "21", "23", "24", "25", "26", "28", "29", "30", 
    "31", "32", "33", "34", "36", "38", "39", "47", "51", "54", 
    "55", "56", "62", "69", "72", "74")), .Names = ""), class = "table"), 
    No.Tag = structure(c(0L, 1L, 14L, 0L, 0L, 0L, 0L, 0L, 0L, 
    0L, 0L, 0L, 0L, 0L, 0L, 0L, 0L, 1L, 0L, 0L), .Dim = 5:4, .Dimnames = structure(list(
        c("-2", "-1", "0", "1", NA), c("A", "G", "T", NA)), .Names = c("", 
    "")), class = "table"), All.Tags = list(Concordant = list(
        Freqs = structure(c(0, 2, 47, 0, 0, 0, 5, 0, 0, 0, 0, 
        0), .Dim = 4:3, .Dimnames = list(c("-2", "-1", "0", "1"
        ), c("A", "G", "T"))), N = 54), Majority = list(Freqs = structure(c(0, 
    2, 66, 0, 0, 0, 5, 0, 0, 0, 0, 0), .Dim = 4:3, .Dimnames = list(
        c("-2", "-1", "0", "1"), c("A", "G", "T"))), N = 73)), 
    `2` = structure(c(0, 2, 52, 0, 0, 0, 0, 0, 0, 0, 0, 0), .Dim = 4:3, .Dimnames = list(
        c("-2", "-1", "0", "1"), c("A", "G", "T"))))))
