Results <-
list(`bwaOutput/20210421msiMNRsJenny/1075_S45.sam` = list(LR36_SNP1 = list(
    All = list(Freqs = structure(c(0L, 0L, 4L, 0L, 0L, 0L, 112L, 
    791L, 997L, 5L, 1L, 31L, 0L, 17L, 42L, 0L, 0L, 0L), .Dim = c(6L, 
    3L), .Dimnames = structure(list(c("-2", "-1", "0", "1", "2", 
    NA), c("A", "T", NA)), .Names = c("", "")), class = "table"), 
        N = 2000L), Tag.Distribution = structure(c(`1` = 27L, 
    `2` = 1L, `4` = 3L, `5` = 2L, `7` = 1L, `10` = 1L, `13` = 1L, 
    `14` = 3L, `15` = 2L, `16` = 3L, `18` = 2L, `19` = 2L, `20` = 2L, 
    `21` = 2L, `22` = 2L, `23` = 1L, `24` = 4L, `25` = 1L, `26` = 3L, 
    `27` = 2L, `28` = 3L, `29` = 4L, `30` = 1L, `31` = 2L, `33` = 1L, 
    `34` = 1L, `35` = 1L, `36` = 2L, `37` = 1L, `41` = 1L, `42` = 2L, 
    `44` = 1L, `46` = 3L, `47` = 1L, `49` = 1L, `51` = 1L, `58` = 1L, 
    `59` = 1L, `60` = 1L, `63` = 1L, `68` = 1L), .Dim = 41L, .Dimnames = structure(list(
        c("1", "2", "4", "5", "7", "10", "13", "14", "15", "16", 
        "18", "19", "20", "21", "22", "23", "24", "25", "26", 
        "27", "28", "29", "30", "31", "33", "34", "35", "36", 
        "37", "41", "42", "44", "46", "47", "49", "51", "58", 
        "59", "60", "63", "68")), .Names = ""), class = "table"), 
    No.Tag = structure(c(0L, 0L, 2L, 0L, 0L, 0L, 33L, 3L, 16L, 
    0L, 0L, 2L, 0L, 1L, 1L, 0L, 0L, 0L), .Dim = c(6L, 3L), .Dimnames = structure(list(
        c("-2", "-1", "0", "1", "2", NA), c("A", "T", NA)), .Names = c("", 
    "")), class = "table"), All.Tags = list(Concordant = list(
        Freqs = structure(c(0, 0, 2, 0, 0, 3, 17, 29, 0, 0), .Dim = c(5L, 
        2L), .Dimnames = list(c("-2", "-1", "0", "1", "2"), c("A", 
        "T"))), N = 51), Majority = list(Freqs = structure(c(0, 
    0, 2, 0, 0, 3, 35, 47, 0, 0), .Dim = c(5L, 2L), .Dimnames = list(
        c("-2", "-1", "0", "1", "2"), c("A", "T"))), N = 87)), 
    `2` = structure(c(0, 0, 0, 0, 0, 3, 32, 33, 0, 0), .Dim = c(5L, 
    2L), .Dimnames = list(c("-2", "-1", "0", "1", "2"), c("A", 
    "T"))))))
