Results <-
list(`bwaOutput/20210421msiMNRsJenny/1075_S45.sam` = list(LR17_SNP1 = list(
    All = list(Freqs = structure(c(1L, 88L, 1225L, 621L, 22L, 
    20L, 0L, 0L, 3L, 0L, 0L, 0L, 0L, 0L, 1L, 0L, 0L, 0L, 0L, 
    0L, 51L, 30L, 0L, 0L), .Dim = c(6L, 4L), .Dimnames = structure(list(
        c("-3", "-2", "-1", "0", "1", NA), c("A", "G", "T", NA
        )), .Names = c("", "")), class = "table"), N = 2062L), 
    Tag.Distribution = structure(c(`1` = 28L, `2` = 1L, `4` = 1L, 
    `10` = 1L, `11` = 4L, `14` = 1L, `15` = 1L, `16` = 3L, `17` = 3L, 
    `18` = 5L, `21` = 2L, `22` = 3L, `23` = 3L, `26` = 1L, `27` = 1L, 
    `29` = 1L, `31` = 1L, `32` = 1L, `33` = 1L, `35` = 1L, `36` = 2L, 
    `37` = 1L, `38` = 2L, `43` = 2L, `44` = 2L, `46` = 1L, `47` = 1L, 
    `49` = 1L, `50` = 1L, `52` = 1L, `53` = 1L, `54` = 1L, `55` = 2L, 
    `56` = 1L, `57` = 2L, `58` = 1L, `63` = 1L, `68` = 1L, `69` = 1L, 
    `74` = 1L), .Dim = 40L, .Dimnames = structure(list(c("1", 
    "2", "4", "10", "11", "14", "15", "16", "17", "18", "21", 
    "22", "23", "26", "27", "29", "31", "32", "33", "35", "36", 
    "37", "38", "43", "44", "46", "47", "49", "50", "52", "53", 
    "54", "55", "56", "57", "58", "63", "68", "69", "74")), .Names = ""), class = "table"), 
    No.Tag = structure(c(0L, 0L, 7L, 33L, 1L, 1L, 0L, 0L, 0L, 
    0L, 0L, 0L, 0L, 0L, 0L, 0L, 0L, 0L, 0L, 0L, 0L, 2L, 0L, 0L
    ), .Dim = c(6L, 4L), .Dimnames = structure(list(c("-3", "-2", 
    "-1", "0", "1", NA), c("A", "G", "T", NA)), .Names = c("", 
    "")), class = "table"), All.Tags = list(Concordant = list(
        Freqs = structure(c(0, 3, 29, 18, 1, 0, 0, 1, 0, 0, 0, 
        0, 0, 0, 0), .Dim = c(5L, 3L), .Dimnames = list(c("-3", 
        "-2", "-1", "0", "1"), c("A", "G", "T"))), N = 52), Majority = list(
        Freqs = structure(c(0, 4, 49, 31, 1, 0, 0, 1, 0, 0, 0, 
        0, 0, 0, 0), .Dim = c(5L, 3L), .Dimnames = list(c("-3", 
        "-2", "-1", "0", "1"), c("A", "G", "T"))), N = 86)), 
    `2` = structure(c(0, 2, 39, 20, 0, 0, 0, 0, 0, 0, 0, 0, 0, 
    0, 0), .Dim = c(5L, 3L), .Dimnames = list(c("-3", "-2", "-1", 
    "0", "1"), c("A", "G", "T"))))))
