Results <-
list(`bwaOutput/20210421msiMNRsJenny/1075_S45.sam` = list(LR24_SNP1 = list(
    All = list(Freqs = structure(c(0L, 16L, 1704L, 5L, 1L, 34L, 
    239L, 1527L, 4L, 6L, 0L, 0L, 16L, 0L, 0L), .Dim = c(5L, 3L
    ), .Dimnames = structure(list(c("-2", "-1", "0", "1", NA), 
        c("A", "G", NA)), .Names = c("", "")), class = "table"), 
        N = 3552L), Tag.Distribution = structure(c(`1` = 76L, 
    `2` = 17L, `3` = 17L, `4` = 9L, `5` = 13L, `6` = 19L, `7` = 15L, 
    `8` = 17L, `9` = 13L, `10` = 7L, `11` = 8L, `12` = 9L, `13` = 6L, 
    `14` = 13L, `15` = 16L, `16` = 6L, `17` = 7L, `18` = 5L, 
    `19` = 7L, `20` = 7L, `21` = 5L, `22` = 5L, `23` = 3L, `24` = 7L, 
    `25` = 4L, `26` = 1L, `27` = 1L, `28` = 4L, `30` = 4L, `32` = 3L, 
    `33` = 1L, `34` = 2L, `35` = 2L, `39` = 2L, `44` = 2L, `48` = 1L, 
    `57` = 1L), .Dim = 37L, .Dimnames = structure(list(c("1", 
    "2", "3", "4", "5", "6", "7", "8", "9", "10", "11", "12", 
    "13", "14", "15", "16", "17", "18", "19", "20", "21", "22", 
    "23", "24", "25", "26", "27", "28", "30", "32", "33", "34", 
    "35", "39", "44", "48", "57")), .Names = ""), class = "table"), 
    No.Tag = structure(c(0L, 0L, 60L, 0L, 0L, 0L, 3L, 34L, 0L, 
    0L, 0L, 0L, 2L, 0L, 0L), .Dim = c(5L, 3L), .Dimnames = structure(list(
        c("-2", "-1", "0", "1", NA), c("A", "G", NA)), .Names = c("", 
    "")), class = "table"), All.Tags = list(Concordant = list(
        Freqs = structure(c(0, 2, 149, 1, 2, 26, 124, 0), .Dim = c(4L, 
        2L), .Dimnames = list(c("-2", "-1", "0", "1"), c("A", 
        "G"))), N = 304), Majority = list(Freqs = structure(c(0, 
    2, 158, 1, 2, 28, 138, 0), .Dim = c(4L, 2L), .Dimnames = list(
        c("-2", "-1", "0", "1"), c("A", "G"))), N = 329)), `2` = structure(c(0, 
    1, 127, 0, 2, 16, 113, 0), .Dim = c(4L, 2L), .Dimnames = list(
        c("-2", "-1", "0", "1"), c("A", "G"))))))
