Results <-
list(`bwaOutput/20210421msiMNRsJenny/1075_S45.sam` = list(GM22_SNP1 = list(
    All = list(Freqs = structure(c(1L, 40L, 1586L, 1L, 1L, 3L, 
    0L, 0L, 20L, 0L, 0L, 0L), .Dim = c(6L, 2L), .Dimnames = structure(list(
        c("-2", "-1", "0", "1", "2", NA), c("A", NA)), .Names = c("", 
    "")), class = "table"), N = 1652L), Tag.Distribution = structure(c(`1` = 22L, 
    `2` = 2L, `7` = 1L, `8` = 2L, `10` = 1L, `11` = 1L, `12` = 1L, 
    `13` = 1L, `14` = 2L, `15` = 1L, `17` = 1L, `19` = 4L, `22` = 4L, 
    `23` = 2L, `24` = 2L, `25` = 2L, `26` = 2L, `27` = 2L, `28` = 1L, 
    `29` = 1L, `30` = 1L, `31` = 1L, `33` = 2L, `35` = 1L, `36` = 2L, 
    `37` = 3L, `40` = 1L, `42` = 1L, `43` = 1L, `45` = 1L, `50` = 1L, 
    `57` = 1L, `58` = 1L, `62` = 3L, `71` = 2L), .Dim = 35L, .Dimnames = structure(list(
        c("1", "2", "7", "8", "10", "11", "12", "13", "14", "15", 
        "17", "19", "22", "23", "24", "25", "26", "27", "28", 
        "29", "30", "31", "33", "35", "36", "37", "40", "42", 
        "43", "45", "50", "57", "58", "62", "71")), .Names = ""), class = "table"), 
    No.Tag = structure(c(0L, 0L, 17L, 0L, 1L, 0L, 0L, 0L, 0L, 
    0L, 0L, 0L), .Dim = c(6L, 2L), .Dimnames = structure(list(
        c("-2", "-1", "0", "1", "2", NA), c("A", NA)), .Names = c("", 
    "")), class = "table"), All.Tags = list(Concordant = list(
        Freqs = structure(c(0, 3, 54, 0, 0), .Dim = c(5L, 1L), .Dimnames = list(
            c("-2", "-1", "0", "1", "2"), "A")), N = 57), Majority = list(
        Freqs = structure(c(0, 3, 72, 0, 0), .Dim = c(5L, 1L), .Dimnames = list(
            c("-2", "-1", "0", "1", "2"), "A")), N = 75)), `2` = structure(c(0, 
    2, 53, 0, 0), .Dim = c(5L, 1L), .Dimnames = list(c("-2", 
    "-1", "0", "1", "2"), "A")))))
