Results <-
list(`bwaOutput/20210421msiMNRsJenny/1075_S45.sam` = list(GM26_SNP1 = list(
    All = list(Freqs = structure(c(1L, 232L, 878L, 4L, 4L, 0L, 
    2L, 6L, 0L, 0L), .Dim = c(5L, 2L), .Dimnames = structure(list(
        c("-2", "-1", "0", "1", NA), c("A", NA)), .Names = c("", 
    "")), class = "table"), N = 1127L), Tag.Distribution = structure(c(`1` = 17L, 
    `2` = 2L, `3` = 1L, `6` = 1L, `7` = 1L, `8` = 1L, `10` = 1L, 
    `11` = 2L, `12` = 2L, `13` = 2L, `14` = 1L, `15` = 1L, `18` = 1L, 
    `19` = 1L, `20` = 1L, `21` = 2L, `22` = 4L, `23` = 1L, `24` = 1L, 
    `25` = 3L, `26` = 4L, `27` = 1L, `28` = 1L, `30` = 2L, `41` = 1L, 
    `42` = 1L, `50` = 1L, `63` = 1L, `64` = 1L, `70` = 1L, `71` = 1L
    ), .Dim = 31L, .Dimnames = structure(list(c("1", "2", "3", 
    "6", "7", "8", "10", "11", "12", "13", "14", "15", "18", 
    "19", "20", "21", "22", "23", "24", "25", "26", "27", "28", 
    "30", "41", "42", "50", "63", "64", "70", "71")), .Names = ""), class = "table"), 
    No.Tag = structure(c(0L, 1L, 40L, 0L, 0L, 0L, 0L, 1L, 0L, 
    0L), .Dim = c(5L, 2L), .Dimnames = structure(list(c("-2", 
    "-1", "0", "1", NA), c("A", NA)), .Names = c("", "")), class = "table"), 
    All.Tags = list(Concordant = list(Freqs = structure(c(0, 
    12, 37, 0), .Dim = c(4L, 1L), .Dimnames = list(c("-2", "-1", 
    "0", "1"), "A")), N = 49), Majority = list(Freqs = structure(c(0, 
    13, 45, 0), .Dim = c(4L, 1L), .Dimnames = list(c("-2", "-1", 
    "0", "1"), "A")), N = 58)), `2` = structure(c(0, 12, 32, 
    0), .Dim = c(4L, 1L), .Dimnames = list(c("-2", "-1", "0", 
    "1"), "A")))))
