Results <-
list(`bwaOutput/20210421msiMNRsJenny/1076_S46.sam` = list(LR49_SNP1 = list(
    All = list(Freqs = structure(c(0L, 130L, 3492L, 11L, 5L, 
    1L, 122L, 3459L, 9L, 3L, 0L, 0L, 2L, 0L, 0L, 0L, 2L, 63L, 
    0L, 0L), .Dim = 5:4, .Dimnames = structure(list(c("-2", "-1", 
    "0", "1", NA), c("A", "G", "T", NA)), .Names = c("", "")), class = "table"), 
        N = 7299L), Tag.Distribution = structure(c(`1` = 231L, 
    `2` = 182L, `3` = 187L, `4` = 146L, `5` = 138L, `6` = 113L, 
    `7` = 87L, `8` = 75L, `9` = 65L, `10` = 40L, `11` = 23L, 
    `12` = 24L, `13` = 15L, `14` = 12L, `15` = 9L, `16` = 8L, 
    `17` = 7L, `18` = 2L, `19` = 2L, `20` = 2L, `21` = 2L, `22` = 2L, 
    `23` = 1L, `24` = 1L, `26` = 1L, `31` = 1L), .Dim = 26L, .Dimnames = structure(list(
        c("1", "2", "3", "4", "5", "6", "7", "8", "9", "10", 
        "11", "12", "13", "14", "15", "16", "17", "18", "19", 
        "20", "21", "22", "23", "24", "26", "31")), .Names = ""), class = "table"), 
    No.Tag = structure(c(0L, 5L, 208L, 0L, 1L, 0L, 5L, 171L, 
    1L, 1L, 0L, 0L, 0L, 0L, 0L, 0L, 0L, 15L, 0L, 0L), .Dim = 5:4, .Dimnames = structure(list(
        c("-2", "-1", "0", "1", NA), c("A", "G", "T", NA)), .Names = c("", 
    "")), class = "table"), All.Tags = list(Concordant = list(
        Freqs = structure(c(0, 4, 508, 1, 0, 6, 447, 1, 0, 0, 
        0, 0), .Dim = 4:3, .Dimnames = list(c("-2", "-1", "0", 
        "1"), c("A", "G", "T"))), N = 967), Majority = list(Freqs = structure(c(0, 
    6, 670, 1, 0, 11, 641, 1, 0, 0, 0, 0), .Dim = 4:3, .Dimnames = list(
        c("-2", "-1", "0", "1"), c("A", "G", "T"))), N = 1330)), 
    `2` = structure(c(0, 3, 546, 0, 0, 9, 549, 0, 0, 0, 0, 0), .Dim = 4:3, .Dimnames = list(
        c("-2", "-1", "0", "1"), c("A", "G", "T"))))))
