Results <-
list(`bwaOutput/20210421msiMNRsJenny/1076_S46.sam` = list(LR52_SNP1 = list(
    All = list(Freqs = structure(c(0L, 0L, 6L, 5L, 29L, 3L, 0L, 
    0L, 2L, 1L, 21L, 132L, 632L, 1790L, 280L, 24L, 1L, 139L, 
    0L, 0L, 2L, 22L, 87L, 12L, 1L, 0L, 0L), .Dim = c(9L, 3L), .Dimnames = structure(list(
        c("-4", "-3", "-2", "-1", "0", "1", "2", "3", NA), c("C", 
        "T", NA)), .Names = c("", "")), class = "table"), N = 3189L), 
    Tag.Distribution = structure(c(`1` = 110L, `2` = 62L, `3` = 77L, 
    `4` = 89L, `5` = 59L, `6` = 58L, `7` = 46L, `8` = 38L, `9` = 25L, 
    `10` = 25L, `11` = 6L, `12` = 11L, `13` = 7L, `14` = 5L, 
    `15` = 1L, `17` = 1L, `19` = 2L, `20` = 1L), .Dim = 18L, .Dimnames = structure(list(
        c("1", "2", "3", "4", "5", "6", "7", "8", "9", "10", 
        "11", "12", "13", "14", "15", "17", "19", "20")), .Names = ""), class = "table"), 
    No.Tag = structure(c(0L, 0L, 0L, 0L, 0L, 0L, 0L, 0L, 0L, 
    0L, 1L, 14L, 29L, 90L, 26L, 1L, 0L, 8L, 0L, 0L, 0L, 1L, 5L, 
    0L, 0L, 0L, 0L), .Dim = c(9L, 3L), .Dimnames = structure(list(
        c("-4", "-3", "-2", "-1", "0", "1", "2", "3", NA), c("C", 
        "T", NA)), .Names = c("", "")), class = "table"), All.Tags = list(
        Concordant = list(Freqs = structure(c(0, 0, 2, 4, 5, 
        0, 0, 0, 0, 2, 3, 33, 167, 13, 1, 0), .Dim = c(8L, 2L
        ), .Dimnames = list(c("-4", "-3", "-2", "-1", "0", "1", 
        "2", "3"), c("C", "T"))), N = 230), Majority = list(Freqs = structure(c(0, 
        0, 2, 4, 8, 0, 0, 0, 0, 2, 8, 84, 410, 21, 1, 0), .Dim = c(8L, 
        2L), .Dimnames = list(c("-4", "-3", "-2", "-1", "0", 
        "1", "2", "3"), c("C", "T"))), N = 540)), `2` = structure(c(0, 
    0, 1, 0, 4, 0, 0, 0, 0, 0, 7, 66, 344, 13, 1, 0), .Dim = c(8L, 
    2L), .Dimnames = list(c("-4", "-3", "-2", "-1", "0", "1", 
    "2", "3"), c("C", "T"))))))
