Results <-
list(`bwaOutput/20210421msiMNRsJenny/1076_S46.sam` = list(LR24_SNP1 = list(
    All = list(Freqs = structure(c(0L, 0L, 1L, 0L, 0L, 0L, 2L, 
    174L, 6013L, 153L, 4L, 7L, 1L, 123L, 5552L, 127L, 4L, 7L, 
    0L, 2L, 54L, 1L, 0L, 0L), .Dim = c(6L, 4L), .Dimnames = structure(list(
        c("-2", "-1", "0", "1", "2", NA), c("-", "A", "G", NA
        )), .Names = c("", "")), class = "table"), N = 12225L), 
    Tag.Distribution = structure(c(`1` = 463L, `2` = 396L, `3` = 355L, 
    `4` = 301L, `5` = 241L, `6` = 196L, `7` = 148L, `8` = 120L, 
    `9` = 70L, `10` = 64L, `11` = 57L, `12` = 48L, `13` = 23L, 
    `14` = 14L, `15` = 13L, `16` = 5L, `17` = 11L, `18` = 5L, 
    `19` = 5L, `20` = 4L, `21` = 1L, `22` = 5L, `24` = 1L, `25` = 1L, 
    `26` = 2L, `28` = 1L), .Dim = 26L, .Dimnames = structure(list(
        c("1", "2", "3", "4", "5", "6", "7", "8", "9", "10", 
        "11", "12", "13", "14", "15", "16", "17", "18", "19", 
        "20", "21", "22", "24", "25", "26", "28")), .Names = ""), class = "table"), 
    No.Tag = structure(c(0L, 0L, 0L, 0L, 0L, 0L, 1L, 1L, 209L, 
    2L, 0L, 0L, 0L, 4L, 137L, 5L, 0L, 0L, 0L, 0L, 9L, 1L, 0L, 
    0L), .Dim = c(6L, 4L), .Dimnames = structure(list(c("-2", 
    "-1", "0", "1", "2", NA), c("-", "A", "G", NA)), .Names = c("", 
    "")), class = "table"), All.Tags = list(Concordant = list(
        Freqs = structure(c(0, 0, 0, 0, 0, 0, 13, 775, 9, 0, 
        0, 4, 750, 2, 1), .Dim = c(5L, 3L), .Dimnames = list(
            c("-2", "-1", "0", "1", "2"), c("-", "A", "G"))), 
        N = 1554), Majority = list(Freqs = structure(c(0, 0, 
    0, 0, 0, 0, 15, 1222, 11, 0, 0, 4, 1146, 4, 1), .Dim = c(5L, 
    3L), .Dimnames = list(c("-2", "-1", "0", "1", "2"), c("-", 
    "A", "G"))), N = 2403)), `2` = structure(c(0, 0, 0, 0, 0, 
    0, 2, 1016, 4, 0, 0, 1, 923, 2, 0), .Dim = c(5L, 3L), .Dimnames = list(
        c("-2", "-1", "0", "1", "2"), c("-", "A", "G"))))))
