Results <-
list(`bwaOutput/20210421msiMNRsJenny/1076_S46.sam` = list(LR11_SNP1 = list(
    All = list(Freqs = structure(c(0L, 0L, 9L, 34L, 1L, 0L, 0L, 
    0L, 1L, 23L, 322L, 2442L, 275L, 23L, 7L, 18L, 0L, 0L, 0L, 
    2L, 0L, 0L, 0L, 0L, 0L, 0L, 6L, 43L, 8L, 1L, 1L, 0L), .Dim = c(8L, 
    4L), .Dimnames = structure(list(c("-3", "-2", "-1", "0", 
    "1", "2", "3", NA), c("A", "C", "T", NA)), .Names = c("", 
    "")), class = "table"), N = 3216L), Tag.Distribution = structure(c(`1` = 161L, 
    `2` = 64L, `3` = 73L, `4` = 77L, `5` = 78L, `6` = 64L, `7` = 47L, 
    `8` = 36L, `9` = 30L, `10` = 18L, `11` = 8L, `12` = 9L, `13` = 5L, 
    `14` = 3L, `15` = 3L, `16` = 3L, `17` = 3L, `18` = 1L, `20` = 1L, 
    `21` = 1L), .Dim = 20L, .Dimnames = structure(list(c("1", 
    "2", "3", "4", "5", "6", "7", "8", "9", "10", "11", "12", 
    "13", "14", "15", "16", "17", "18", "20", "21")), .Names = ""), class = "table"), 
    No.Tag = structure(c(0L, 0L, 0L, 1L, 0L, 0L, 0L, 0L, 0L, 
    0L, 4L, 42L, 3L, 1L, 0L, 0L, 0L, 0L, 0L, 0L, 0L, 0L, 0L, 
    0L, 0L, 0L, 0L, 2L, 0L, 0L, 0L, 0L), .Dim = c(8L, 4L), .Dimnames = structure(list(
        c("-3", "-2", "-1", "0", "1", "2", "3", NA), c("A", "C", 
        "T", NA)), .Names = c("", "")), class = "table"), All.Tags = list(
        Concordant = list(Freqs = structure(c(0, 0, 1, 24, 0, 
        0, 0, 0, 2, 18, 301, 15, 1, 0, 0, 0, 0, 0, 0, 0, 0), .Dim = c(7L, 
        3L), .Dimnames = list(c("-3", "-2", "-1", "0", "1", "2", 
        "3"), c("A", "C", "T"))), N = 362), Majority = list(Freqs = structure(c(0, 
        0, 2, 24, 0, 0, 0, 0, 2, 31, 561, 18, 1, 0, 0, 0, 0, 
        0, 0, 0, 0), .Dim = c(7L, 3L), .Dimnames = list(c("-3", 
        "-2", "-1", "0", "1", "2", "3"), c("A", "C", "T"))), 
            N = 639)), `2` = structure(c(0, 0, 1, 2, 0, 0, 0, 
    0, 0, 23, 453, 7, 0, 0, 0, 0, 0, 0, 0, 0, 0), .Dim = c(7L, 
    3L), .Dimnames = list(c("-3", "-2", "-1", "0", "1", "2", 
    "3"), c("A", "C", "T"))))))
