Results <-
list(`bwaOutput/20210421msiMNRsJenny/1076_S46.sam` = list(LR17_SNP1 = list(
    All = list(Freqs = structure(c(19L, 310L, 1899L, 189L, 31L, 
    3L, 50L, 0L, 1L, 1L, 0L, 0L, 0L, 0L, 0L, 1L, 2L, 0L, 0L, 
    0L, 0L, 0L, 12L, 78L, 5L, 0L, 0L, 0L), .Dim = c(7L, 4L), .Dimnames = structure(list(
        c("-2", "-1", "0", "1", "2", "3", NA), c("A", "C", "G", 
        NA)), .Names = c("", "")), class = "table"), N = 2601L), 
    Tag.Distribution = structure(c(`1` = 135L, `2` = 43L, `3` = 46L, 
    `4` = 55L, `5` = 59L, `6` = 46L, `7` = 41L, `8` = 28L, `9` = 29L, 
    `10` = 17L, `11` = 5L, `12` = 9L, `13` = 5L, `14` = 1L, `15` = 3L, 
    `16` = 2L, `17` = 1L, `20` = 1L, `24` = 1L, `28` = 1L), .Dim = 20L, .Dimnames = structure(list(
        c("1", "2", "3", "4", "5", "6", "7", "8", "9", "10", 
        "11", "12", "13", "14", "15", "16", "17", "20", "24", 
        "28")), .Names = ""), class = "table"), No.Tag = structure(c(0L, 
    16L, 70L, 8L, 1L, 0L, 2L, 0L, 0L, 0L, 0L, 0L, 0L, 0L, 0L, 
    0L, 0L, 0L, 0L, 0L, 0L, 0L, 0L, 4L, 0L, 0L, 0L, 0L), .Dim = c(7L, 
    4L), .Dimnames = structure(list(c("-2", "-1", "0", "1", "2", 
    "3", NA), c("A", "C", "G", NA)), .Names = c("", "")), class = "table"), 
    All.Tags = list(Concordant = list(Freqs = structure(c(1, 
    32, 236, 6, 1, 0, 0, 0, 0, 0, 0, 0, 0, 0, 0, 0, 0, 0), .Dim = c(6L, 
    3L), .Dimnames = list(c("-2", "-1", "0", "1", "2", "3"), 
        c("A", "C", "G"))), N = 276), Majority = list(Freqs = structure(c(1, 
    47, 428, 11, 1, 0, 0, 0, 0, 0, 0, 0, 0, 0, 0, 0, 0, 0), .Dim = c(6L, 
    3L), .Dimnames = list(c("-2", "-1", "0", "1", "2", "3"), 
        c("A", "C", "G"))), N = 488)), `2` = structure(c(1, 29, 
    335, 6, 0, 0, 0, 0, 0, 0, 0, 0, 0, 0, 0, 0, 0, 0), .Dim = c(6L, 
    3L), .Dimnames = list(c("-2", "-1", "0", "1", "2", "3"), 
        c("A", "C", "G"))))))
