Results <-
list(`bwaOutput/20210421msiMNRsJenny/1076_S46.sam` = list(LR48_SNP1 = list(
    All = list(Freqs = structure(c(0L, 0L, 1L, 0L, 0L, 0L, 0L, 
    0L, 0L, 1L, 4L, 50L, 0L, 0L, 0L, 0L, 4L, 46L, 725L, 1893L, 
    241L, 16L, 2L, 13L, 0L, 0L, 4L, 49L, 2L, 0L, 0L, 0L), .Dim = c(8L, 
    4L), .Dimnames = structure(list(c("-3", "-2", "-1", "0", 
    "1", "2", "3", NA), c("A", "C", "T", NA)), .Names = c("", 
    "")), class = "table"), N = 3051L), Tag.Distribution = structure(c(`1` = 100L, 
    `2` = 45L, `3` = 59L, `4` = 59L, `5` = 58L, `6` = 50L, `7` = 38L, 
    `8` = 29L, `9` = 30L, `10` = 22L, `11` = 14L, `12` = 11L, 
    `13` = 7L, `14` = 3L, `15` = 7L, `16` = 3L, `17` = 2L, `18` = 2L, 
    `19` = 1L, `21` = 1L, `22` = 1L, `24` = 1L, `25` = 1L, `40` = 1L
    ), .Dim = 24L, .Dimnames = structure(list(c("1", "2", "3", 
    "4", "5", "6", "7", "8", "9", "10", "11", "12", "13", "14", 
    "15", "16", "17", "18", "19", "21", "22", "24", "25", "40"
    )), .Names = ""), class = "table"), No.Tag = structure(c(0L, 
    0L, 0L, 0L, 0L, 0L, 0L, 0L, 0L, 0L, 0L, 0L, 0L, 0L, 0L, 0L, 
    1L, 2L, 16L, 48L, 6L, 1L, 0L, 0L, 0L, 0L, 0L, 3L, 0L, 0L, 
    0L, 0L), .Dim = c(8L, 4L), .Dimnames = structure(list(c("-3", 
    "-2", "-1", "0", "1", "2", "3", NA), c("A", "C", "T", NA)), .Names = c("", 
    "")), class = "table"), All.Tags = list(Concordant = list(
        Freqs = structure(c(0, 0, 0, 0, 0, 0, 0, 0, 1, 3, 38, 
        0, 0, 0, 0, 1, 63, 157, 7, 0, 0), .Dim = c(7L, 3L), .Dimnames = list(
            c("-3", "-2", "-1", "0", "1", "2", "3"), c("A", "C", 
            "T"))), N = 270), Majority = list(Freqs = structure(c(0, 
    0, 0, 0, 0, 0, 0, 0, 1, 3, 38, 0, 0, 0, 0, 1, 114, 354, 9, 
    0, 0), .Dim = c(7L, 3L), .Dimnames = list(c("-3", "-2", "-1", 
    "0", "1", "2", "3"), c("A", "C", "T"))), N = 520)), `2` = structure(c(0, 
    0, 0, 0, 0, 0, 0, 0, 0, 0, 0, 0, 0, 0, 0, 0, 100, 321, 3, 
    0, 0), .Dim = c(7L, 3L), .Dimnames = list(c("-3", "-2", "-1", 
    "0", "1", "2", "3"), c("A", "C", "T"))))))
