Results <-
list(`bwaOutput/20210421msiMNRsJenny/1076_S46.sam` = list(LR44_SNP1 = list(
    All = list(Freqs = structure(c(0L, 0L, 0L, 0L, 0L, 2L, 1L, 
    0L, 0L, 0L, 0L, 1L, 1L, 15L, 94L, 526L, 2840L, 734L, 106L, 
    17L, 3L, 47L, 0L, 0L, 0L, 0L, 0L, 4L, 0L, 0L, 0L, 0L, 1L, 
    0L, 0L, 1L, 3L, 14L, 87L, 24L, 0L, 0L, 0L, 5L, 0L, 0L, 0L, 
    1L, 7L, 100L, 16L, 1L, 2L, 0L, 0L), .Dim = c(11L, 5L), .Dimnames = structure(list(
        c("-5", "-4", "-3", "-2", "-1", "0", "1", "2", "3", "4", 
        NA), c("A", "C", "G", "T", NA)), .Names = c("", "")), class = "table"), 
        N = 4653L), Tag.Distribution = structure(c(`1` = 184L, 
    `2` = 95L, `3` = 105L, `4` = 106L, `5` = 92L, `6` = 93L, 
    `7` = 52L, `8` = 45L, `9` = 38L, `10` = 38L, `11` = 23L, 
    `12` = 21L, `13` = 4L, `14` = 8L, `15` = 3L, `17` = 4L, `18` = 5L, 
    `19` = 4L, `21` = 1L), .Dim = 19L, .Dimnames = structure(list(
        c("1", "2", "3", "4", "5", "6", "7", "8", "9", "10", 
        "11", "12", "13", "14", "15", "17", "18", "19", "21")), .Names = ""), class = "table"), 
    No.Tag = structure(c(0L, 0L, 0L, 0L, 0L, 0L, 0L, 0L, 0L, 
    0L, 0L, 0L, 0L, 0L, 1L, 10L, 62L, 17L, 1L, 1L, 0L, 3L, 0L, 
    0L, 0L, 0L, 0L, 0L, 0L, 0L, 0L, 0L, 0L, 0L, 0L, 0L, 0L, 0L, 
    0L, 0L, 0L, 0L, 0L, 1L, 0L, 0L, 0L, 0L, 0L, 8L, 3L, 0L, 0L, 
    0L, 0L), .Dim = c(11L, 5L), .Dimnames = structure(list(c("-5", 
    "-4", "-3", "-2", "-1", "0", "1", "2", "3", "4", NA), c("A", 
    "C", "G", "T", NA)), .Names = c("", "")), class = "table"), 
    All.Tags = list(Concordant = list(Freqs = structure(c(0, 
    0, 0, 0, 0, 1, 0, 0, 0, 0, 0, 0, 1, 11, 23, 229, 38, 3, 0, 
    1, 0, 0, 0, 0, 0, 1, 0, 0, 0, 0, 0, 0, 0, 2, 2, 40, 3, 0, 
    0, 0), .Dim = c(10L, 4L), .Dimnames = list(c("-5", "-4", 
    "-3", "-2", "-1", "0", "1", "2", "3", "4"), c("A", "C", "G", 
    "T"))), N = 355), Majority = list(Freqs = structure(c(0, 
    0, 0, 0, 0, 1, 0, 0, 0, 0, 0, 0, 1, 12, 41, 597, 102, 6, 
    0, 1, 0, 0, 0, 0, 0, 1, 0, 0, 0, 0, 0, 0, 0, 2, 2, 41, 4, 
    0, 0, 0), .Dim = c(10L, 4L), .Dimnames = list(c("-5", "-4", 
    "-3", "-2", "-1", "0", "1", "2", "3", "4"), c("A", "C", "G", 
    "T"))), N = 811)), `2` = structure(c(0, 0, 0, 0, 0, 1, 0, 
    0, 0, 0, 0, 0, 1, 6, 26, 517, 79, 4, 0, 1, 0, 0, 0, 0, 0, 
    1, 0, 0, 0, 0, 0, 0, 0, 0, 0, 1, 1, 0, 0, 0), .Dim = c(10L, 
    4L), .Dimnames = list(c("-5", "-4", "-3", "-2", "-1", "0", 
    "1", "2", "3", "4"), c("A", "C", "G", "T"))))))
