Results <-
list(`bwaOutput/20210421msiMNRsJenny/1076_S46.sam` = list(IM49_SNP1 = list(
    All = list(Freqs = structure(c(0L, 1L, 0L, 0L, 0L, 0L, 0L, 
    0L, 19L, 243L, 1496L, 248L, 26L, 3L, 1L, 32L, 36L, 324L, 
    834L, 137L, 9L, 1L, 0L, 15L, 0L, 0L, 5L, 0L, 1L, 0L, 0L, 
    0L, 0L, 10L, 87L, 22L, 3L, 0L, 0L, 0L), .Dim = c(8L, 5L), .Dimnames = structure(list(
        c("-2", "-1", "0", "1", "2", "3", "4", NA), c("A", "C", 
        "G", "T", NA)), .Names = c("", "")), class = "table"), 
        N = 3553L), Tag.Distribution = structure(c(`1` = 293L, 
    `2` = 195L, `3` = 149L, `4` = 124L, `5` = 81L, `6` = 67L, 
    `7` = 39L, `8` = 26L, `9` = 27L, `10` = 14L, `11` = 4L, `12` = 4L, 
    `13` = 4L, `16` = 2L, `18` = 1L), .Dim = 15L, .Dimnames = structure(list(
        c("1", "2", "3", "4", "5", "6", "7", "8", "9", "10", 
        "11", "12", "13", "16", "18")), .Names = ""), class = "table"), 
    No.Tag = structure(c(0L, 0L, 0L, 0L, 0L, 0L, 0L, 0L, 0L, 
    1L, 31L, 6L, 1L, 0L, 0L, 1L, 0L, 4L, 12L, 1L, 0L, 0L, 0L, 
    1L, 0L, 0L, 0L, 0L, 0L, 0L, 0L, 0L, 0L, 1L, 3L, 0L, 0L, 0L, 
    0L, 0L), .Dim = c(8L, 5L), .Dimnames = structure(list(c("-2", 
    "-1", "0", "1", "2", "3", "4", NA), c("A", "C", "G", "T", 
    NA)), .Names = c("", "")), class = "table"), All.Tags = list(
        Concordant = list(Freqs = structure(c(0, 0, 0, 0, 0, 
        0, 0, 1, 28, 261, 11, 1, 0, 0, 3, 43, 162, 11, 1, 1, 
        0, 0, 0, 1, 0, 0, 0, 0), .Dim = c(7L, 4L), .Dimnames = list(
            c("-2", "-1", "0", "1", "2", "3", "4"), c("A", "C", 
            "G", "T"))), N = 524), Majority = list(Freqs = structure(c(0, 
        0, 0, 0, 0, 0, 0, 1, 37, 449, 18, 1, 0, 0, 6, 77, 254, 
        17, 1, 1, 0, 0, 0, 1, 0, 0, 0, 0), .Dim = c(7L, 4L), .Dimnames = list(
            c("-2", "-1", "0", "1", "2", "3", "4"), c("A", "C", 
            "G", "T"))), N = 863)), `2` = structure(c(0, 0, 0, 
    0, 0, 0, 0, 0, 16, 333, 7, 0, 0, 0, 3, 61, 171, 9, 0, 0, 
    0, 0, 0, 0, 0, 0, 0, 0), .Dim = c(7L, 4L), .Dimnames = list(
        c("-2", "-1", "0", "1", "2", "3", "4"), c("A", "C", "G", 
        "T"))))))
