Results <-
list(`bwaOutput/20210421msiMNRsJenny/1076_S46.sam` = list(GM17_SNP1 = list(
    All = list(Freqs = structure(c(0L, 0L, 70L, 0L, 0L, 0L, 10L, 
    734L, 3535L, 185L, 9L, 9L, 0L, 3L, 27L, 0L, 0L, 0L), .Dim = c(6L, 
    3L), .Dimnames = structure(list(c("-2", "-1", "0", "1", "2", 
    NA), c("C", "T", NA)), .Names = c("", "")), class = "table"), 
        N = 4582L), Tag.Distribution = structure(c(`1` = 167L, 
    `2` = 80L, `3` = 77L, `4` = 96L, `5` = 91L, `6` = 76L, `7` = 58L, 
    `8` = 57L, `9` = 47L, `10` = 17L, `11` = 27L, `12` = 16L, 
    `13` = 7L, `14` = 12L, `15` = 8L, `16` = 4L, `17` = 1L, `18` = 1L, 
    `19` = 4L, `20` = 1L, `22` = 1L, `30` = 1L), .Dim = 22L, .Dimnames = structure(list(
        c("1", "2", "3", "4", "5", "6", "7", "8", "9", "10", 
        "11", "12", "13", "14", "15", "16", "17", "18", "19", 
        "20", "22", "30")), .Names = ""), class = "table"), No.Tag = structure(c(0L, 
    0L, 2L, 0L, 0L, 0L, 0L, 23L, 122L, 2L, 1L, 0L, 0L, 0L, 9L, 
    0L, 0L, 0L), .Dim = c(6L, 3L), .Dimnames = structure(list(
        c("-2", "-1", "0", "1", "2", NA), c("C", "T", NA)), .Names = c("", 
    "")), class = "table"), All.Tags = list(Concordant = list(
        Freqs = structure(c(0, 0, 35, 0, 0, 0, 84, 479, 7, 0), .Dim = c(5L, 
        2L), .Dimnames = list(c("-2", "-1", "0", "1", "2"), c("C", 
        "T"))), N = 605), Majority = list(Freqs = structure(c(0, 
    0, 35, 0, 0, 0, 121, 668, 9, 0), .Dim = c(5L, 2L), .Dimnames = list(
        c("-2", "-1", "0", "1", "2"), c("C", "T"))), N = 833)), 
    `2` = structure(c(0, 0, 3, 0, 0, 0, 102, 562, 2, 0), .Dim = c(5L, 
    2L), .Dimnames = list(c("-2", "-1", "0", "1", "2"), c("C", 
    "T"))))))
