Results <-
list(`bwaOutput/20210421msiMNRsJenny/1076_S46.sam` = list(GM29_SNP1 = list(
    All = list(Freqs = structure(c(0L, 3L, 24L, 0L, 0L, 0L, 2L, 
    125L, 1951L, 52L, 3L, 6L, 0L, 0L, 17L, 1L, 0L, 0L), .Dim = c(6L, 
    3L), .Dimnames = structure(list(c("-2", "-1", "0", "1", "2", 
    NA), c("A", "G", NA)), .Names = c("", "")), class = "table"), 
        N = 2184L), Tag.Distribution = structure(c(`1` = 85L, 
    `2` = 39L, `3` = 49L, `4` = 54L, `5` = 54L, `6` = 37L, `7` = 20L, 
    `8` = 21L, `9` = 11L, `10` = 12L, `11` = 8L, `12` = 10L, 
    `13` = 5L, `14` = 2L, `15` = 2L, `16` = 3L, `17` = 5L, `18` = 1L, 
    `19` = 2L, `20` = 1L, `23` = 1L), .Dim = 21L, .Dimnames = structure(list(
        c("1", "2", "3", "4", "5", "6", "7", "8", "9", "10", 
        "11", "12", "13", "14", "15", "16", "17", "18", "19", 
        "20", "23")), .Names = ""), class = "table"), No.Tag = structure(c(0L, 
    0L, 0L, 0L, 0L, 0L, 0L, 6L, 68L, 2L, 0L, 0L, 0L, 0L, 0L, 
    0L, 0L, 0L), .Dim = c(6L, 3L), .Dimnames = structure(list(
        c("-2", "-1", "0", "1", "2", NA), c("A", "G", NA)), .Names = c("", 
    "")), class = "table"), All.Tags = list(Concordant = list(
        Freqs = structure(c(0, 3, 17, 0, 0, 0, 6, 280, 3, 0), .Dim = c(5L, 
        2L), .Dimnames = list(c("-2", "-1", "0", "1", "2"), c("A", 
        "G"))), N = 309), Majority = list(Freqs = structure(c(0, 
    3, 17, 0, 0, 0, 8, 374, 3, 0), .Dim = c(5L, 2L), .Dimnames = list(
        c("-2", "-1", "0", "1", "2"), c("A", "G"))), N = 405)), 
    `2` = structure(c(0, 0, 1, 0, 0, 0, 5, 316, 0, 0), .Dim = c(5L, 
    2L), .Dimnames = list(c("-2", "-1", "0", "1", "2"), c("A", 
    "G"))))))
