Results <-
list(`bwaOutput/20210421msiMNRsJenny/1076_S46.sam` = list(GM26_SNP1 = list(
    All = list(Freqs = structure(c(1L, 83L, 2553L, 69L, 1L, 3L, 
    0L, 0L, 1L, 0L, 0L, 0L, 0L, 1L, 17L, 0L, 0L, 0L, 0L, 0L, 
    1L, 0L, 0L, 0L, 0L, 3L, 18L, 1L, 0L, 0L), .Dim = 6:5, .Dimnames = structure(list(
        c("-2", "-1", "0", "1", "2", NA), c("A", "C", "G", "T", 
        NA)), .Names = c("", "")), class = "table"), N = 2752L), 
    Tag.Distribution = structure(c(`1` = 119L, `2` = 66L, `3` = 70L, 
    `4` = 61L, `5` = 59L, `6` = 48L, `7` = 34L, `8` = 35L, `9` = 31L, 
    `10` = 13L, `11` = 9L, `12` = 9L, `13` = 9L, `14` = 4L, `15` = 2L, 
    `17` = 1L, `19` = 1L), .Dim = 17L, .Dimnames = structure(list(
        c("1", "2", "3", "4", "5", "6", "7", "8", "9", "10", 
        "11", "12", "13", "14", "15", "17", "19")), .Names = ""), class = "table"), 
    No.Tag = structure(c(0L, 1L, 84L, 2L, 0L, 2L, 0L, 0L, 0L, 
    0L, 0L, 0L, 0L, 0L, 0L, 0L, 0L, 0L, 0L, 0L, 0L, 0L, 0L, 0L, 
    0L, 1L, 1L, 0L, 0L, 0L), .Dim = 6:5, .Dimnames = structure(list(
        c("-2", "-1", "0", "1", "2", NA), c("A", "C", "G", "T", 
        NA)), .Names = c("", "")), class = "table"), All.Tags = list(
        Concordant = list(Freqs = structure(c(0, 4, 437, 2, 0, 
        0, 0, 0, 0, 0, 0, 1, 9, 0, 0, 0, 0, 0, 0, 0), .Dim = 5:4, .Dimnames = list(
            c("-2", "-1", "0", "1", "2"), c("A", "C", "G", "T"
            ))), N = 453), Majority = list(Freqs = structure(c(0, 
        4, 539, 4, 0, 0, 0, 0, 0, 0, 0, 1, 9, 0, 0, 0, 0, 0, 
        0, 0), .Dim = 5:4, .Dimnames = list(c("-2", "-1", "0", 
        "1", "2"), c("A", "C", "G", "T"))), N = 557)), `2` = structure(c(0, 
    1, 436, 3, 0, 0, 0, 0, 0, 0, 0, 0, 0, 0, 0, 0, 0, 0, 0, 0
    ), .Dim = 5:4, .Dimnames = list(c("-2", "-1", "0", "1", "2"
    ), c("A", "C", "G", "T"))))))
