Results <-
list(`bwaOutput/20210421msiMNRsJenny/1076_S46.sam` = list(GM09_SNP1 = list(
    All = list(Freqs = structure(c(1L, 79L, 4372L, 31L, 2L, 4L, 
    0L, 68L, 4538L, 38L, 0L, 4L, 0L, 1L, 67L, 0L, 0L, 0L), .Dim = c(6L, 
    3L), .Dimnames = structure(list(c("-2", "-1", "0", "1", "2", 
    NA), c("A", "G", NA)), .Names = c("", "")), class = "table"), 
        N = 9205L), Tag.Distribution = structure(c(`1` = 297L, 
    `2` = 153L, `3` = 155L, `4` = 160L, `5` = 165L, `6` = 124L, 
    `7` = 99L, `8` = 81L, `9` = 68L, `10` = 46L, `11` = 47L, 
    `12` = 41L, `13` = 25L, `14` = 19L, `15` = 18L, `16` = 14L, 
    `17` = 2L, `18` = 10L, `19` = 10L, `20` = 5L, `21` = 8L, 
    `22` = 6L, `23` = 3L, `24` = 2L, `25` = 3L, `26` = 1L, `27` = 3L, 
    `35` = 1L, `41` = 1L), .Dim = 29L, .Dimnames = structure(list(
        c("1", "2", "3", "4", "5", "6", "7", "8", "9", "10", 
        "11", "12", "13", "14", "15", "16", "17", "18", "19", 
        "20", "21", "22", "23", "24", "25", "26", "27", "35", 
        "41")), .Names = ""), class = "table"), No.Tag = structure(c(0L, 
    1L, 153L, 0L, 0L, 0L, 0L, 0L, 77L, 0L, 0L, 1L, 0L, 0L, 10L, 
    0L, 0L, 0L), .Dim = c(6L, 3L), .Dimnames = structure(list(
        c("-2", "-1", "0", "1", "2", NA), c("A", "G", NA)), .Names = c("", 
    "")), class = "table"), All.Tags = list(Concordant = list(
        Freqs = structure(c(0, 3, 586, 4, 0, 0, 2, 539, 0, 0), .Dim = c(5L, 
        2L), .Dimnames = list(c("-2", "-1", "0", "1", "2"), c("A", 
        "G"))), N = 1134), Majority = list(Freqs = structure(c(0, 
    4, 775, 4, 0, 0, 5, 735, 0, 0), .Dim = c(5L, 2L), .Dimnames = list(
        c("-2", "-1", "0", "1", "2"), c("A", "G"))), N = 1523)), 
    `2` = structure(c(0, 1, 615, 0, 0, 0, 4, 617, 0, 0), .Dim = c(5L, 
    2L), .Dimnames = list(c("-2", "-1", "0", "1", "2"), c("A", 
    "G"))))))
