Results <-
list(`bwaOutput/20210421msiMNRsJenny/1076_S46.sam` = list(GM01_SNP1 = list(
    All = list(Freqs = structure(c(0L, 0L, 0L, 1L, 0L, 0L, 0L, 
    3L, 406L, 3698L, 175L, 6L, 1L, 9L, 0L, 3L, 64L, 2L, 0L, 0L, 
    1L, 0L, 3L, 34L, 0L, 0L, 0L, 0L), .Dim = c(7L, 4L), .Dimnames = structure(list(
        c("-2", "-1", "0", "1", "2", "3", NA), c("-", "A", "G", 
        NA)), .Names = c("", "")), class = "table"), N = 4406L), 
    Tag.Distribution = structure(c(`1` = 166L, `2` = 63L, `3` = 77L, 
    `4` = 83L, `5` = 88L, `6` = 79L, `7` = 60L, `8` = 56L, `9` = 38L, 
    `10` = 29L, `11` = 16L, `12` = 12L, `13` = 5L, `14` = 8L, 
    `15` = 8L, `16` = 5L, `17` = 6L, `18` = 6L, `19` = 3L, `22` = 1L, 
    `25` = 1L, `32` = 1L), .Dim = 22L, .Dimnames = structure(list(
        c("1", "2", "3", "4", "5", "6", "7", "8", "9", "10", 
        "11", "12", "13", "14", "15", "16", "17", "18", "19", 
        "22", "25", "32")), .Names = ""), class = "table"), No.Tag = structure(c(0L, 
    0L, 0L, 0L, 0L, 0L, 0L, 0L, 11L, 76L, 2L, 0L, 0L, 1L, 0L, 
    0L, 1L, 0L, 0L, 0L, 0L, 0L, 0L, 3L, 0L, 0L, 0L, 0L), .Dim = c(7L, 
    4L), .Dimnames = structure(list(c("-2", "-1", "0", "1", "2", 
    "3", NA), c("-", "A", "G", NA)), .Names = c("", "")), class = "table"), 
    All.Tags = list(Concordant = list(Freqs = structure(c(0, 
    0, 0, 0, 0, 0, 0, 11, 430, 4, 0, 0, 0, 1, 36, 1, 0, 0), .Dim = c(6L, 
    3L), .Dimnames = list(c("-2", "-1", "0", "1", "2", "3"), 
        c("-", "A", "G"))), N = 483), Majority = list(Freqs = structure(c(0, 
    0, 0, 0, 0, 0, 0, 22, 718, 6, 0, 0, 0, 1, 38, 1, 0, 0), .Dim = c(6L, 
    3L), .Dimnames = list(c("-2", "-1", "0", "1", "2", "3"), 
        c("-", "A", "G"))), N = 786)), `2` = structure(c(0, 0, 
    0, 0, 0, 0, 0, 19, 601, 2, 0, 0, 0, 0, 3, 0, 0, 0), .Dim = c(6L, 
    3L), .Dimnames = list(c("-2", "-1", "0", "1", "2", "3"), 
        c("-", "A", "G"))))))
