Results <-
list(`bwaOutput/20210421msiMNRsJenny/1076_S46.sam` = list(GM14_SNP1 = list(
    All = list(Freqs = structure(c(0L, 0L, 0L, 1L, 0L, 0L, 0L, 
    0L, 1L, 6L, 76L, 846L, 95L, 8L, 1L, 2L, 1L, 9L, 99L, 788L, 
    66L, 3L, 0L, 2L, 0L, 0L, 0L, 28L, 1L, 0L, 0L, 0L), .Dim = c(8L, 
    4L), .Dimnames = structure(list(c("-3", "-2", "-1", "0", 
    "1", "2", "3", NA), c("A", "C", "T", NA)), .Names = c("", 
    "")), class = "table"), N = 2033L), Tag.Distribution = structure(c(`1` = 138L, 
    `2` = 40L, `3` = 42L, `4` = 38L, `5` = 39L, `6` = 37L, `7` = 31L, 
    `8` = 31L, `9` = 13L, `10` = 10L, `11` = 5L, `12` = 12L, 
    `13` = 3L, `14` = 2L, `15` = 2L, `16` = 4L, `18` = 2L, `22` = 1L
    ), .Dim = 18L, .Dimnames = structure(list(c("1", "2", "3", 
    "4", "5", "6", "7", "8", "9", "10", "11", "12", "13", "14", 
    "15", "16", "18", "22")), .Names = ""), class = "table"), 
    No.Tag = structure(c(0L, 0L, 0L, 0L, 0L, 0L, 0L, 0L, 0L, 
    0L, 0L, 5L, 0L, 0L, 0L, 0L, 0L, 0L, 1L, 12L, 1L, 0L, 0L, 
    0L, 0L, 0L, 0L, 1L, 0L, 0L, 0L, 0L), .Dim = c(8L, 4L), .Dimnames = structure(list(
        c("-3", "-2", "-1", "0", "1", "2", "3", NA), c("A", "C", 
        "T", NA)), .Names = c("", "")), class = "table"), All.Tags = list(
        Concordant = list(Freqs = structure(c(0, 0, 0, 0, 0, 
        0, 0, 0, 0, 11, 146, 0, 0, 0, 0, 0, 8, 96, 2, 0, 0), .Dim = c(7L, 
        3L), .Dimnames = list(c("-3", "-2", "-1", "0", "1", "2", 
        "3"), c("A", "C", "T"))), N = 263), Majority = list(Freqs = structure(c(0, 
        0, 0, 0, 0, 0, 0, 0, 0, 13, 227, 5, 1, 0, 0, 1, 10, 170, 
        3, 0, 0), .Dim = c(7L, 3L), .Dimnames = list(c("-3", 
        "-2", "-1", "0", "1", "2", "3"), c("A", "C", "T"))), 
            N = 430)), `2` = structure(c(0, 0, 0, 0, 0, 0, 0, 
    0, 0, 3, 145, 5, 1, 0, 0, 1, 4, 135, 1, 0, 0), .Dim = c(7L, 
    3L), .Dimnames = list(c("-3", "-2", "-1", "0", "1", "2", 
    "3"), c("A", "C", "T"))))))
