Results <-
list(`bwaOutput/20210421msiMNRsJenny/1076_S46.sam` = list(GM07_SNP1 = list(
    All = list(Freqs = structure(c(0L, 0L, 0L, 1L, 0L, 0L, 0L, 
    0L, 0L, 1L, 6L, 92L, 245L, 52L, 11L, 0L, 0L, 16L, 5L, 130L, 
    47L, 245L, 59L, 11L, 4L, 2L, 25L, 0L, 0L, 2L, 9L, 1L, 0L, 
    0L, 0L, 0L), .Dim = c(9L, 4L), .Dimnames = structure(list(
        c("-3", "-2", "-1", "0", "1", "2", "3", "4", NA), c("-", 
        "A", "G", NA)), .Names = c("", "")), class = "table"), 
        N = 964L), Tag.Distribution = structure(c(`1` = 84L, 
    `2` = 22L, `3` = 18L, `4` = 24L, `5` = 16L, `6` = 16L, `7` = 20L, 
    `8` = 10L, `9` = 8L, `10` = 4L, `11` = 4L, `12` = 3L, `13` = 2L, 
    `14` = 1L, `16` = 1L, `17` = 1L), .Dim = 16L, .Dimnames = structure(list(
        c("1", "2", "3", "4", "5", "6", "7", "8", "9", "10", 
        "11", "12", "13", "14", "16", "17")), .Names = ""), class = "table"), 
    No.Tag = structure(c(0L, 0L, 0L, 0L, 0L, 0L, 0L, 0L, 0L, 
    0L, 0L, 2L, 3L, 3L, 0L, 0L, 0L, 0L, 0L, 6L, 0L, 3L, 2L, 0L, 
    0L, 0L, 5L, 0L, 0L, 0L, 1L, 0L, 0L, 0L, 0L, 0L), .Dim = c(9L, 
    4L), .Dimnames = structure(list(c("-3", "-2", "-1", "0", 
    "1", "2", "3", "4", NA), c("-", "A", "G", NA)), .Names = c("", 
    "")), class = "table"), All.Tags = list(Concordant = list(
        Freqs = structure(c(0, 0, 0, 0, 0, 0, 0, 0, 0, 2, 14, 
        44, 6, 0, 0, 0, 0, 13, 2, 39, 2, 1, 0, 0), .Dim = c(8L, 
        3L), .Dimnames = list(c("-3", "-2", "-1", "0", "1", "2", 
        "3", "4"), c("-", "A", "G"))), N = 123), Majority = list(
        Freqs = structure(c(0, 0, 0, 0, 0, 0, 0, 0, 0, 2, 22, 
        76, 7, 0, 0, 0, 0, 27, 3, 68, 5, 1, 0, 0), .Dim = c(8L, 
        3L), .Dimnames = list(c("-3", "-2", "-1", "0", "1", "2", 
        "3", "4"), c("-", "A", "G"))), N = 211)), `2` = structure(c(0, 
    0, 0, 0, 0, 0, 0, 0, 0, 0, 11, 49, 2, 0, 0, 0, 0, 22, 1, 
    42, 4, 1, 0, 0), .Dim = c(8L, 3L), .Dimnames = list(c("-3", 
    "-2", "-1", "0", "1", "2", "3", "4"), c("-", "A", "G"))))))
