Results <-
list(`bwaOutput/20210421msiMNRsJenny/1076_S46.sam` = list(LR46_SNP1 = list(
    All = list(Freqs = structure(c(0L, 0L, 1L, 0L, 0L, 0L, 0L, 
    0L, 1L, 0L, 0L, 0L, 0L, 39L, 2076L, 48L, 1L, 6L, 10L, 438L, 
    1535L, 39L, 0L, 14L, 0L, 2L, 27L, 0L, 0L, 0L), .Dim = 6:5, .Dimnames = structure(list(
        c("-2", "-1", "0", "1", "2", NA), c("-", "A", "G", "T", 
        NA)), .Names = c("", "")), class = "table"), N = 4237L), 
    Tag.Distribution = structure(c(`1` = 133L, `2` = 73L, `3` = 93L, 
    `4` = 97L, `5` = 93L, `6` = 80L, `7` = 59L, `8` = 42L, `9` = 32L, 
    `10` = 16L, `11` = 23L, `12` = 17L, `13` = 12L, `14` = 3L, 
    `16` = 7L, `17` = 5L, `18` = 2L, `19` = 1L, `20` = 2L, `21` = 2L, 
    `28` = 1L), .Dim = 21L, .Dimnames = structure(list(c("1", 
    "2", "3", "4", "5", "6", "7", "8", "9", "10", "11", "12", 
    "13", "14", "16", "17", "18", "19", "20", "21", "28")), .Names = ""), class = "table"), 
    No.Tag = structure(c(0L, 0L, 0L, 0L, 0L, 0L, 0L, 0L, 0L, 
    0L, 0L, 0L, 0L, 1L, 80L, 1L, 0L, 1L, 0L, 1L, 43L, 0L, 0L, 
    2L, 0L, 0L, 3L, 0L, 0L, 0L), .Dim = 6:5, .Dimnames = structure(list(
        c("-2", "-1", "0", "1", "2", NA), c("-", "A", "G", "T", 
        NA)), .Names = c("", "")), class = "table"), All.Tags = list(
        Concordant = list(Freqs = structure(c(0, 0, 0, 0, 0, 
        0, 0, 0, 0, 0, 0, 1, 315, 2, 0, 1, 60, 227, 2, 0), .Dim = 5:4, .Dimnames = list(
            c("-2", "-1", "0", "1", "2"), c("-", "A", "G", "T"
            ))), N = 608), Majority = list(Freqs = structure(c(0, 
        0, 0, 0, 0, 0, 0, 0, 0, 0, 0, 1, 404, 3, 0, 1, 75, 287, 
        2, 0), .Dim = 5:4, .Dimnames = list(c("-2", "-1", "0", 
        "1", "2"), c("-", "A", "G", "T"))), N = 773)), `2` = structure(c(0, 
    0, 0, 0, 0, 0, 0, 0, 0, 0, 0, 0, 333, 1, 0, 1, 63, 247, 1, 
    0), .Dim = 5:4, .Dimnames = list(c("-2", "-1", "0", "1", 
    "2"), c("-", "A", "G", "T"))))))
