Results <-
list(`bwaOutput/20210421msiMNRsJenny/1076_S46.sam` = list(LR20_SNP1 = list(
    All = list(Freqs = structure(c(81L, 5331L, 154L, 1L, 6L, 
    1L, 43L, 0L, 0L, 0L, 1L, 18L, 0L, 0L, 0L), .Dim = c(5L, 3L
    ), .Dimnames = structure(list(c("-1", "0", "1", "2", NA), 
        c("A", "G", NA)), .Names = c("", "")), class = "table"), 
        N = 5636L), Tag.Distribution = structure(c(`1` = 172L, 
    `2` = 136L, `3` = 152L, `4` = 123L, `5` = 114L, `6` = 93L, 
    `7` = 70L, `8` = 50L, `9` = 45L, `10` = 34L, `11` = 15L, 
    `12` = 22L, `13` = 9L, `14` = 9L, `15` = 11L, `16` = 9L, 
    `17` = 10L, `18` = 2L, `19` = 1L, `20` = 3L, `22` = 3L, `25` = 1L
    ), .Dim = 22L, .Dimnames = structure(list(c("1", "2", "3", 
    "4", "5", "6", "7", "8", "9", "10", "11", "12", "13", "14", 
    "15", "16", "17", "18", "19", "20", "22", "25")), .Names = ""), class = "table"), 
    No.Tag = structure(c(3L, 103L, 11L, 0L, 1L, 0L, 2L, 0L, 0L, 
    0L, 0L, 4L, 0L, 0L, 0L), .Dim = c(5L, 3L), .Dimnames = structure(list(
        c("-1", "0", "1", "2", NA), c("A", "G", NA)), .Names = c("", 
    "")), class = "table"), All.Tags = list(Concordant = list(
        Freqs = structure(c(8, 876, 4, 0, 0, 18, 0, 0), .Dim = c(4L, 
        2L), .Dimnames = list(c("-1", "0", "1", "2"), c("A", 
        "G"))), N = 906), Majority = list(Freqs = structure(c(8, 
    1031, 7, 0, 0, 18, 0, 0), .Dim = c(4L, 2L), .Dimnames = list(
        c("-1", "0", "1", "2"), c("A", "G"))), N = 1064)), `2` = structure(c(5, 
    889, 3, 0, 0, 2, 0, 0), .Dim = c(4L, 2L), .Dimnames = list(
        c("-1", "0", "1", "2"), c("A", "G"))))))
