Results <-
list(`bwaOutput/20210421msiMNRsJenny/1076_S46.sam` = list(DEPDC2_SNP1 = list(
    All = list(Freqs = structure(c(0L, 0L, 0L, 1L, 0L, 0L, 0L, 
    0L, 0L, 0L, 46L, 3L, 0L, 2L, 0L, 0L, 0L, 0L, 1L, 0L, 0L, 
    1L, 1L, 222L, 7050L, 519L, 6L, 235L, 0L, 0L, 1L, 52L, 0L, 
    0L, 0L), .Dim = c(7L, 5L), .Dimnames = structure(list(c("-3", 
    "-2", "-1", "0", "1", "2", NA), c("A", "C", "G", "T", NA)), .Names = c("", 
    "")), class = "table"), N = 8140L), Tag.Distribution = structure(c(`1` = 306L, 
    `2` = 194L, `3` = 208L, `4` = 175L, `5` = 156L, `6` = 147L, 
    `7` = 107L, `8` = 73L, `9` = 70L, `10` = 47L, `11` = 37L, 
    `12` = 24L, `13` = 14L, `14` = 7L, `15` = 16L, `16` = 11L, 
    `17` = 8L, `18` = 4L, `19` = 2L, `20` = 2L, `21` = 3L, `22` = 2L, 
    `26` = 1L, `27` = 1L, `31` = 1L, `34` = 1L), .Dim = 26L, .Dimnames = structure(list(
        c("1", "2", "3", "4", "5", "6", "7", "8", "9", "10", 
        "11", "12", "13", "14", "15", "16", "17", "18", "19", 
        "20", "21", "22", "26", "27", "31", "34")), .Names = ""), class = "table"), 
    No.Tag = structure(c(0L, 0L, 0L, 0L, 0L, 0L, 0L, 0L, 0L, 
    0L, 2L, 0L, 0L, 0L, 0L, 0L, 0L, 0L, 0L, 0L, 0L, 0L, 0L, 10L, 
    95L, 4L, 0L, 9L, 0L, 0L, 0L, 5L, 0L, 0L, 0L), .Dim = c(7L, 
    5L), .Dimnames = structure(list(c("-3", "-2", "-1", "0", 
    "1", "2", NA), c("A", "C", "G", "T", NA)), .Names = c("", 
    "")), class = "table"), All.Tags = list(Concordant = list(
        Freqs = structure(c(0, 0, 0, 1, 0, 0, 0, 0, 0, 17, 1, 
        0, 0, 0, 0, 0, 0, 0, 0, 0, 7, 1126, 58, 1), .Dim = c(6L, 
        4L), .Dimnames = list(c("-3", "-2", "-1", "0", "1", "2"
        ), c("A", "C", "G", "T"))), N = 1211), Majority = list(
        Freqs = structure(c(0, 0, 0, 1, 0, 0, 0, 0, 0, 17, 1, 
        0, 0, 0, 0, 0, 0, 0, 0, 0, 7, 1440, 87, 1), .Dim = c(6L, 
        4L), .Dimnames = list(c("-3", "-2", "-1", "0", "1", "2"
        ), c("A", "C", "G", "T"))), N = 1554)), `2` = structure(c(0, 
    0, 0, 0, 0, 0, 0, 0, 0, 0, 0, 0, 0, 0, 0, 0, 0, 0, 0, 0, 
    4, 1195, 71, 1), .Dim = c(6L, 4L), .Dimnames = list(c("-3", 
    "-2", "-1", "0", "1", "2"), c("A", "C", "G", "T"))))))
