Results <-
list(`bwaOutput/20210421msiMNRsJenny/1077_S47.sam` = list(LR24_SNP1 = list(
    All = list(Freqs = structure(c(390L, 5144L, 13L, 7L, 0L, 
    3L, 0L, 0L, 0L, 1L, 0L, 0L, 2L, 27L, 0L, 0L), .Dim = c(4L, 
    4L), .Dimnames = structure(list(c("-1", "0", "1", NA), c("A", 
    "G", "T", NA)), .Names = c("", "")), class = "table"), N = 5587L), 
    Tag.Distribution = structure(c(`1` = 267L, `2` = 196L, `3` = 180L, 
    `4` = 123L, `5` = 132L, `6` = 101L, `7` = 75L, `8` = 43L, 
    `9` = 34L, `10` = 28L, `11` = 24L, `12` = 14L, `13` = 11L, 
    `14` = 5L, `15` = 5L, `16` = 4L, `17` = 3L, `18` = 2L, `19` = 1L, 
    `20` = 1L, `22` = 2L, `25` = 1L, `26` = 1L, `29` = 1L), .Dim = 24L, .Dimnames = structure(list(
        c("1", "2", "3", "4", "5", "6", "7", "8", "9", "10", 
        "11", "12", "13", "14", "15", "16", "17", "18", "19", 
        "20", "22", "25", "26", "29")), .Names = ""), class = "table"), 
    No.Tag = structure(c(8L, 127L, 0L, 0L, 0L, 1L, 0L, 0L, 0L, 
    0L, 0L, 0L, 1L, 4L, 0L, 0L), .Dim = c(4L, 4L), .Dimnames = structure(list(
        c("-1", "0", "1", NA), c("A", "G", "T", NA)), .Names = c("", 
    "")), class = "table"), All.Tags = list(Concordant = list(
        Freqs = structure(c(64, 1111, 2, 0, 0, 0, 0, 0, 0), .Dim = c(3L, 
        3L), .Dimnames = list(c("-1", "0", "1"), c("A", "G", 
        "T"))), N = 1177), Majority = list(Freqs = structure(c(80, 
    1159, 2, 0, 0, 0, 0, 0, 0), .Dim = c(3L, 3L), .Dimnames = list(
        c("-1", "0", "1"), c("A", "G", "T"))), N = 1241)), `2` = structure(c(62, 
    918, 0, 0, 0, 0, 0, 0, 0), .Dim = c(3L, 3L), .Dimnames = list(
        c("-1", "0", "1"), c("A", "G", "T"))))))
