Results <-
list(`bwaOutput/20210421msiMNRsJenny/1077_S47.sam` = list(LR11_SNP1 = list(
    All = list(Freqs = structure(c(0L, 55L, 1379L, 13L, 4L, 9L, 
    152L, 1177L, 8L, 4L, 0L, 1L, 39L, 1L, 0L), .Dim = c(5L, 3L
    ), .Dimnames = structure(list(c("-2", "-1", "0", "1", NA), 
        c("A", "C", NA)), .Names = c("", "")), class = "table"), 
        N = 2842L), Tag.Distribution = structure(c(`1` = 68L, 
    `2` = 27L, `3` = 37L, `4` = 27L, `5` = 44L, `6` = 33L, `7` = 27L, 
    `8` = 20L, `9` = 24L, `10` = 13L, `11` = 15L, `12` = 20L, 
    `13` = 14L, `14` = 8L, `15` = 9L, `16` = 5L, `17` = 4L, `18` = 3L, 
    `19` = 5L, `20` = 1L, `21` = 1L, `22` = 1L, `23` = 2L, `24` = 2L, 
    `25` = 1L, `32` = 1L), .Dim = 26L, .Dimnames = structure(list(
        c("1", "2", "3", "4", "5", "6", "7", "8", "9", "10", 
        "11", "12", "13", "14", "15", "16", "17", "18", "19", 
        "20", "21", "22", "23", "24", "25", "32")), .Names = ""), class = "table"), 
    No.Tag = structure(c(0L, 0L, 10L, 0L, 0L, 0L, 2L, 27L, 0L, 
    1L, 0L, 0L, 2L, 1L, 0L), .Dim = c(5L, 3L), .Dimnames = structure(list(
        c("-2", "-1", "0", "1", NA), c("A", "C", NA)), .Names = c("", 
    "")), class = "table"), All.Tags = list(Concordant = list(
        Freqs = structure(c(0, 2, 171, 0, 2, 18, 141, 0), .Dim = c(4L, 
        2L), .Dimnames = list(c("-2", "-1", "0", "1"), c("A", 
        "C"))), N = 334), Majority = list(Freqs = structure(c(0, 
    3, 212, 0, 2, 19, 170, 0), .Dim = c(4L, 2L), .Dimnames = list(
        c("-2", "-1", "0", "1"), c("A", "C"))), N = 406)), `2` = structure(c(0, 
    3, 177, 0, 2, 16, 144, 0), .Dim = c(4L, 2L), .Dimnames = list(
        c("-2", "-1", "0", "1"), c("A", "C"))))))
