Results <-
list(`bwaOutput/20210421msiMNRsJenny/1077_S47.sam` = list(LR44_SNP1 = list(
    All = list(Freqs = structure(c(0L, 0L, 1L, 0L, 0L, 0L, 0L, 
    0L, 11L, 0L, 0L, 0L, 7L, 83L, 1139L, 25L, 1L, 5L, 5L, 88L, 
    834L, 25L, 0L, 7L, 0L, 1L, 41L, 2L, 0L, 0L), .Dim = 6:5, .Dimnames = structure(list(
        c("-2", "-1", "0", "1", "2", NA), c("-", "A", "C", "T", 
        NA)), .Names = c("", "")), class = "table"), N = 2275L), 
    Tag.Distribution = structure(c(`1` = 40L, `2` = 34L, `3` = 42L, 
    `4` = 37L, `5` = 28L, `6` = 32L, `7` = 25L, `8` = 24L, `9` = 17L, 
    `10` = 13L, `11` = 14L, `12` = 9L, `13` = 13L, `14` = 10L, 
    `15` = 3L, `16` = 4L, `17` = 1L, `18` = 1L, `20` = 2L, `21` = 1L, 
    `22` = 1L, `26` = 1L, `28` = 1L), .Dim = 23L, .Dimnames = structure(list(
        c("1", "2", "3", "4", "5", "6", "7", "8", "9", "10", 
        "11", "12", "13", "14", "15", "16", "17", "18", "20", 
        "21", "22", "26", "28")), .Names = ""), class = "table"), 
    No.Tag = structure(c(0L, 0L, 0L, 0L, 0L, 0L, 0L, 0L, 0L, 
    0L, 0L, 0L, 0L, 4L, 39L, 0L, 0L, 0L, 0L, 0L, 13L, 0L, 0L, 
    0L, 0L, 0L, 3L, 0L, 0L, 0L), .Dim = 6:5, .Dimnames = structure(list(
        c("-2", "-1", "0", "1", "2", NA), c("-", "A", "C", "T", 
        NA)), .Names = c("", "")), class = "table"), All.Tags = list(
        Concordant = list(Freqs = structure(c(0, 0, 0, 0, 0, 
        0, 0, 1, 0, 0, 0, 4, 135, 0, 0, 1, 4, 85, 1, 0), .Dim = 5:4, .Dimnames = list(
            c("-2", "-1", "0", "1", "2"), c("-", "A", "C", "T"
            ))), N = 231), Majority = list(Freqs = structure(c(0, 
        0, 0, 0, 0, 0, 0, 1, 0, 0, 0, 7, 188, 0, 0, 1, 6, 142, 
        1, 0), .Dim = 5:4, .Dimnames = list(c("-2", "-1", "0", 
        "1", "2"), c("-", "A", "C", "T"))), N = 346)), `2` = structure(c(0, 
    0, 0, 0, 0, 0, 0, 1, 0, 0, 0, 7, 165, 0, 0, 1, 5, 129, 1, 
    0), .Dim = 5:4, .Dimnames = list(c("-2", "-1", "0", "1", 
    "2"), c("-", "A", "C", "T"))))))
