Results <-
list(`bwaOutput/20210421msiMNRsJenny/1077_S47.sam` = list(GM07_SNP1 = list(
    All = list(Freqs = structure(c(1L, 72L, 54L, 1084L, 29L, 
    1L, 29L, 4L, 98L, 64L, 925L, 16L, 0L, 23L, 0L, 2L, 1L, 18L, 
    1L, 0L, 0L), .Dim = c(7L, 3L), .Dimnames = structure(list(
        c("-3", "-2", "-1", "0", "1", "2", NA), c("A", "G", NA
        )), .Names = c("", "")), class = "table"), N = 2422L), 
    Tag.Distribution = structure(c(`1` = 62L, `2` = 36L, `3` = 30L, 
    `4` = 33L, `5` = 33L, `6` = 31L, `7` = 24L, `8` = 21L, `9` = 25L, 
    `10` = 13L, `11` = 13L, `12` = 9L, `13` = 9L, `14` = 7L, 
    `15` = 5L, `16` = 6L, `17` = 1L, `18` = 4L, `19` = 3L, `20` = 3L, 
    `21` = 2L, `22` = 2L, `24` = 1L, `26` = 1L), .Dim = 24L, .Dimnames = structure(list(
        c("1", "2", "3", "4", "5", "6", "7", "8", "9", "10", 
        "11", "12", "13", "14", "15", "16", "17", "18", "19", 
        "20", "21", "22", "24", "26")), .Names = ""), class = "table"), 
    No.Tag = structure(c(0L, 2L, 0L, 17L, 0L, 0L, 4L, 0L, 4L, 
    1L, 9L, 1L, 0L, 6L, 0L, 0L, 0L, 1L, 0L, 0L, 0L), .Dim = c(7L, 
    3L), .Dimnames = structure(list(c("-3", "-2", "-1", "0", 
    "1", "2", NA), c("A", "G", NA)), .Names = c("", "")), class = "table"), 
    All.Tags = list(Concordant = list(Freqs = structure(c(0, 
    17, 4, 109, 0, 0, 2, 13, 2, 113, 0, 0), .Dim = c(6L, 2L), .Dimnames = list(
        c("-3", "-2", "-1", "0", "1", "2"), c("A", "G"))), N = 260), 
        Majority = list(Freqs = structure(c(0, 17, 5, 162, 0, 
        0, 2, 15, 2, 161, 0, 0), .Dim = c(6L, 2L), .Dimnames = list(
            c("-3", "-2", "-1", "0", "1", "2"), c("A", "G"))), 
            N = 364)), `2` = structure(c(0, 14, 1, 135, 0, 0, 
    1, 15, 1, 141, 0, 0), .Dim = c(6L, 2L), .Dimnames = list(
        c("-3", "-2", "-1", "0", "1", "2"), c("A", "G"))))))
