Results <-
list(`bwaOutput/20210421msiMNRsJenny/1077_S47.sam` = list(LR52_SNP1 = list(
    All = list(Freqs = structure(c(0L, 0L, 0L, 0L, 1L, 0L, 0L, 
    4L, 58L, 17L, 190L, 972L, 13L, 21L, 0L, 0L, 0L, 0L, 1L, 0L, 
    0L, 0L, 0L, 0L, 28L, 327L, 3L, 0L), .Dim = c(7L, 4L), .Dimnames = structure(list(
        c("-4", "-3", "-2", "-1", "0", "1", NA), c("-", "C", 
        "T", NA)), .Names = c("", "")), class = "table"), N = 1635L), 
    Tag.Distribution = structure(c(`1` = 26L, `2` = 24L, `3` = 22L, 
    `4` = 25L, `5` = 28L, `6` = 16L, `7` = 18L, `8` = 6L, `9` = 16L, 
    `10` = 13L, `11` = 10L, `12` = 7L, `13` = 7L, `14` = 4L, 
    `15` = 3L, `16` = 7L, `17` = 4L, `18` = 3L, `19` = 2L), .Dim = 19L, .Dimnames = structure(list(
        c("1", "2", "3", "4", "5", "6", "7", "8", "9", "10", 
        "11", "12", "13", "14", "15", "16", "17", "18", "19")), .Names = ""), class = "table"), 
    No.Tag = structure(c(0L, 0L, 0L, 0L, 0L, 0L, 0L, 0L, 0L, 
    1L, 15L, 26L, 0L, 0L, 0L, 0L, 0L, 0L, 0L, 0L, 0L, 0L, 0L, 
    0L, 1L, 9L, 1L, 0L), .Dim = c(7L, 4L), .Dimnames = structure(list(
        c("-4", "-3", "-2", "-1", "0", "1", NA), c("-", "C", 
        "T", NA)), .Names = c("", "")), class = "table"), All.Tags = list(
        Concordant = list(Freqs = structure(c(0, 0, 0, 0, 0, 
        0, 1, 5, 1, 14, 117, 0, 0, 0, 0, 0, 1, 0), .Dim = c(6L, 
        3L), .Dimnames = list(c("-4", "-3", "-2", "-1", "0", 
        "1"), c("-", "C", "T"))), N = 139), Majority = list(Freqs = structure(c(0, 
        0, 0, 0, 0, 0, 1, 6, 1, 19, 192, 0, 0, 0, 0, 0, 1, 0), .Dim = c(6L, 
        3L), .Dimnames = list(c("-4", "-3", "-2", "-1", "0", 
        "1"), c("-", "C", "T"))), N = 220)), `2` = structure(c(0, 
    0, 0, 0, 0, 0, 1, 6, 1, 15, 181, 0, 0, 0, 0, 0, 0, 0), .Dim = c(6L, 
    3L), .Dimnames = list(c("-4", "-3", "-2", "-1", "0", "1"), 
        c("-", "C", "T"))))))
