Results <-
list(`bwaOutput/20210421msiMNRsJenny/1077_S47.sam` = list(LR17_SNP1 = list(
    All = list(Freqs = structure(c(2L, 13L, 437L, 2794L, 32L, 
    1L, 17L, 0L, 0L, 0L, 3L, 0L, 0L, 0L, 0L, 0L, 1L, 0L, 0L, 
    0L, 0L, 0L, 0L, 20L, 117L, 1L, 0L, 0L), .Dim = c(7L, 4L), .Dimnames = structure(list(
        c("-3", "-2", "-1", "0", "1", "2", NA), c("A", "G", "T", 
        NA)), .Names = c("", "")), class = "table"), N = 3438L), 
    Tag.Distribution = structure(c(`1` = 85L, `2` = 21L, `3` = 24L, 
    `4` = 38L, `5` = 35L, `6` = 31L, `7` = 24L, `8` = 24L, `9` = 30L, 
    `10` = 18L, `11` = 19L, `12` = 28L, `13` = 10L, `14` = 12L, 
    `15` = 16L, `16` = 9L, `17` = 7L, `18` = 7L, `19` = 6L, `20` = 1L, 
    `22` = 1L, `23` = 3L, `25` = 1L, `28` = 1L, `29` = 2L, `31` = 1L
    ), .Dim = 26L, .Dimnames = structure(list(c("1", "2", "3", 
    "4", "5", "6", "7", "8", "9", "10", "11", "12", "13", "14", 
    "15", "16", "17", "18", "19", "20", "22", "23", "25", "28", 
    "29", "31")), .Names = ""), class = "table"), No.Tag = structure(c(0L, 
    0L, 15L, 59L, 0L, 0L, 0L, 0L, 0L, 0L, 0L, 0L, 0L, 0L, 0L, 
    0L, 0L, 0L, 0L, 0L, 0L, 0L, 0L, 1L, 2L, 0L, 0L, 0L), .Dim = c(7L, 
    4L), .Dimnames = structure(list(c("-3", "-2", "-1", "0", 
    "1", "2", NA), c("A", "G", "T", NA)), .Names = c("", "")), class = "table"), 
    All.Tags = list(Concordant = list(Freqs = structure(c(0, 
    0, 31, 292, 5, 0, 0, 0, 0, 0, 0, 0, 0, 0, 0, 0, 0, 0), .Dim = c(6L, 
    3L), .Dimnames = list(c("-3", "-2", "-1", "0", "1", "2"), 
        c("A", "G", "T"))), N = 328), Majority = list(Freqs = structure(c(0, 
    0, 44, 395, 5, 0, 0, 0, 0, 0, 0, 0, 0, 0, 0, 0, 0, 0), .Dim = c(6L, 
    3L), .Dimnames = list(c("-3", "-2", "-1", "0", "1", "2"), 
        c("A", "G", "T"))), N = 444)), `2` = structure(c(0, 0, 
    39, 326, 0, 0, 0, 0, 0, 0, 0, 0, 0, 0, 0, 0, 0, 0), .Dim = c(6L, 
    3L), .Dimnames = list(c("-3", "-2", "-1", "0", "1", "2"), 
        c("A", "G", "T"))))))
