Results <-
list(`bwaOutput/20210421msiMNRsJenny/1077_S47.sam` = list(GM22_SNP1 = list(
    All = list(Freqs = structure(c(2L, 18L, 971L, 3L, 0L, 1L, 
    1L, 15L, 979L, 13L, 1L, 3L, 0L, 1L, 35L, 1L, 0L, 0L), .Dim = c(6L, 
    3L), .Dimnames = structure(list(c("-2", "-1", "0", "1", "2", 
    NA), c("A", "G", NA)), .Names = c("", "")), class = "table"), 
        N = 2044L), Tag.Distribution = structure(c(`1` = 48L, 
    `2` = 19L, `3` = 33L, `4` = 28L, `5` = 27L, `6` = 24L, `7` = 21L, 
    `8` = 15L, `9` = 15L, `10` = 13L, `11` = 8L, `12` = 12L, 
    `13` = 5L, `14` = 8L, `15` = 8L, `16` = 6L, `17` = 6L, `18` = 5L, 
    `19` = 1L, `20` = 1L, `21` = 1L, `23` = 1L), .Dim = 22L, .Dimnames = structure(list(
        c("1", "2", "3", "4", "5", "6", "7", "8", "9", "10", 
        "11", "12", "13", "14", "15", "16", "17", "18", "19", 
        "20", "21", "23")), .Names = ""), class = "table"), No.Tag = structure(c(0L, 
    0L, 11L, 0L, 0L, 0L, 0L, 1L, 20L, 0L, 0L, 0L, 0L, 0L, 4L, 
    0L, 0L, 0L), .Dim = c(6L, 3L), .Dimnames = structure(list(
        c("-2", "-1", "0", "1", "2", NA), c("A", "G", NA)), .Names = c("", 
    "")), class = "table"), All.Tags = list(Concordant = list(
        Freqs = structure(c(0, 1, 119, 0, 0, 0, 1, 133, 1, 0), .Dim = c(5L, 
        2L), .Dimnames = list(c("-2", "-1", "0", "1", "2"), c("A", 
        "G"))), N = 255), Majority = list(Freqs = structure(c(0, 
    1, 140, 0, 0, 0, 1, 153, 2, 0), .Dim = c(5L, 2L), .Dimnames = list(
        c("-2", "-1", "0", "1", "2"), c("A", "G"))), N = 297)), 
    `2` = structure(c(0, 0, 125, 0, 0, 0, 0, 130, 1, 0), .Dim = c(5L, 
    2L), .Dimnames = list(c("-2", "-1", "0", "1", "2"), c("A", 
    "G"))))))
