Results <-
list(`bwaOutput/20210421msiMNRsJenny/1077_S47.sam` = list(GM29_SNP1 = list(
    All = list(Freqs = structure(c(1L, 12L, 935L, 1L, 1L, 2L, 
    50L, 1011L, 2L, 2L, 0L, 0L, 8L, 0L, 0L), .Dim = c(5L, 3L), .Dimnames = structure(list(
        c("-2", "-1", "0", "1", NA), c("A", "G", NA)), .Names = c("", 
    "")), class = "table"), N = 2025L), Tag.Distribution = structure(c(`1` = 37L, 
    `2` = 34L, `3` = 42L, `4` = 35L, `5` = 28L, `6` = 25L, `7` = 15L, 
    `8` = 14L, `9` = 17L, `10` = 10L, `11` = 10L, `12` = 6L, 
    `13` = 6L, `14` = 8L, `15` = 3L, `16` = 5L, `17` = 1L, `18` = 1L, 
    `19` = 2L, `20` = 4L, `21` = 3L, `24` = 1L, `26` = 1L, `29` = 1L, 
    `41` = 1L), .Dim = 25L, .Dimnames = structure(list(c("1", 
    "2", "3", "4", "5", "6", "7", "8", "9", "10", "11", "12", 
    "13", "14", "15", "16", "17", "18", "19", "20", "21", "24", 
    "26", "29", "41")), .Names = ""), class = "table"), No.Tag = structure(c(0L, 
    1L, 40L, 0L, 0L, 0L, 0L, 20L, 0L, 0L, 0L, 0L, 0L, 0L, 0L), .Dim = c(5L, 
    3L), .Dimnames = structure(list(c("-2", "-1", "0", "1", NA
    ), c("A", "G", NA)), .Names = c("", "")), class = "table"), 
    All.Tags = list(Concordant = list(Freqs = structure(c(0, 
    1, 131, 0, 0, 6, 129, 0), .Dim = c(4L, 2L), .Dimnames = list(
        c("-2", "-1", "0", "1"), c("A", "G"))), N = 267), Majority = list(
        Freqs = structure(c(0, 1, 147, 0, 0, 6, 155, 0), .Dim = c(4L, 
        2L), .Dimnames = list(c("-2", "-1", "0", "1"), c("A", 
        "G"))), N = 309)), `2` = structure(c(0, 0, 134, 0, 0, 
    6, 132, 0), .Dim = c(4L, 2L), .Dimnames = list(c("-2", "-1", 
    "0", "1"), c("A", "G"))))))
