Results <-
list(`bwaOutput/20210421msiMNRsJenny/1077_S47.sam` = list(LR36_SNP1 = list(
    All = list(Freqs = structure(c(0L, 0L, 0L, 5L, 0L, 0L, 1L, 
    9L, 296L, 2458L, 19L, 38L, 0L, 1L, 4L, 108L, 0L, 0L), .Dim = c(6L, 
    3L), .Dimnames = structure(list(c("-3", "-2", "-1", "0", 
    "1", NA), c("A", "T", NA)), .Names = c("", "")), class = "table"), 
        N = 2939L), Tag.Distribution = structure(c(`1` = 72L, 
    `2` = 53L, `3` = 48L, `4` = 44L, `5` = 34L, `6` = 49L, `7` = 35L, 
    `8` = 37L, `9` = 13L, `10` = 22L, `11` = 18L, `12` = 20L, 
    `13` = 8L, `14` = 5L, `15` = 5L, `16` = 3L, `18` = 7L, `20` = 1L, 
    `21` = 1L, `26` = 1L, `30` = 1L, `34` = 1L), .Dim = 22L, .Dimnames = structure(list(
        c("1", "2", "3", "4", "5", "6", "7", "8", "9", "10", 
        "11", "12", "13", "14", "15", "16", "18", "20", "21", 
        "26", "30", "34")), .Names = ""), class = "table"), No.Tag = structure(c(0L, 
    0L, 0L, 1L, 0L, 0L, 0L, 0L, 21L, 69L, 0L, 6L, 0L, 0L, 0L, 
    10L, 0L, 0L), .Dim = c(6L, 3L), .Dimnames = structure(list(
        c("-3", "-2", "-1", "0", "1", NA), c("A", "T", NA)), .Names = c("", 
    "")), class = "table"), All.Tags = list(Concordant = list(
        Freqs = structure(c(0, 0, 0, 2, 0, 0, 1, 33, 346, 1), .Dim = c(5L, 
        2L), .Dimnames = list(c("-3", "-2", "-1", "0", "1"), 
            c("A", "T"))), N = 383), Majority = list(Freqs = structure(c(0, 
    0, 0, 2, 0, 0, 1, 41, 417, 1), .Dim = c(5L, 2L), .Dimnames = list(
        c("-3", "-2", "-1", "0", "1"), c("A", "T"))), N = 462)), 
    `2` = structure(c(0, 0, 0, 0, 0, 0, 1, 36, 365, 0), .Dim = c(5L, 
    2L), .Dimnames = list(c("-3", "-2", "-1", "0", "1"), c("A", 
    "T"))))))
