Results <-
list(`bwaOutput/20210421msiMNRsJenny/1077_S47.sam` = list(LR10_SNP1 = list(
    All = list(Freqs = structure(c(149L, 842L, 5L, 5L, 23L, 938L, 
    5L, 2L, 0L, 22L, 0L, 0L), .Dim = 4:3, .Dimnames = structure(list(
        c("-1", "0", "1", NA), c("C", "T", NA)), .Names = c("", 
    "")), class = "table"), N = 1991L), Tag.Distribution = structure(c(`1` = 46L, 
    `2` = 31L, `3` = 26L, `4` = 31L, `5` = 19L, `6` = 29L, `7` = 29L, 
    `8` = 19L, `9` = 22L, `10` = 10L, `11` = 12L, `12` = 12L, 
    `13` = 2L, `14` = 2L, `15` = 9L, `16` = 2L, `17` = 2L, `18` = 2L, 
    `19` = 1L, `21` = 1L, `23` = 1L, `26` = 1L, `39` = 1L), .Dim = 23L, .Dimnames = structure(list(
        c("1", "2", "3", "4", "5", "6", "7", "8", "9", "10", 
        "11", "12", "13", "14", "15", "16", "17", "18", "19", 
        "21", "23", "26", "39")), .Names = ""), class = "table"), 
    No.Tag = structure(c(5L, 37L, 0L, 0L, 0L, 18L, 0L, 0L, 0L, 
    4L, 0L, 0L), .Dim = 4:3, .Dimnames = structure(list(c("-1", 
    "0", "1", NA), c("C", "T", NA)), .Names = c("", "")), class = "table"), 
    All.Tags = list(Concordant = list(Freqs = structure(c(16, 
    106, 0, 0, 131, 1), .Dim = 3:2, .Dimnames = list(c("-1", 
    "0", "1"), c("C", "T"))), N = 254), Majority = list(Freqs = structure(c(17, 
    129, 0, 0, 159, 1), .Dim = 3:2, .Dimnames = list(c("-1", 
    "0", "1"), c("C", "T"))), N = 306)), `2` = structure(c(16, 
    110, 0, 0, 137, 0), .Dim = 3:2, .Dimnames = list(c("-1", 
    "0", "1"), c("C", "T"))))))
