Results <-
list(`bwaOutput/20210421msiMNRsJenny/1077_S47.sam` = list(GM09_SNP1 = list(
    All = list(Freqs = structure(c(11L, 2528L, 1L, 0L, 18L, 2222L, 
    4L, 2L, 0L, 18L, 0L, 0L), .Dim = 4:3, .Dimnames = structure(list(
        c("-1", "0", "1", NA), c("A", "G", NA)), .Names = c("", 
    "")), class = "table"), N = 4804L), Tag.Distribution = structure(c(`1` = 107L, 
    `2` = 60L, `3` = 73L, `4` = 70L, `5` = 58L, `6` = 47L, `7` = 51L, 
    `8` = 44L, `9` = 31L, `10` = 25L, `11` = 25L, `12` = 19L, 
    `13` = 21L, `14` = 7L, `15` = 14L, `16` = 11L, `17` = 4L, 
    `18` = 7L, `19` = 6L, `20` = 5L, `21` = 2L, `22` = 3L, `23` = 4L, 
    `25` = 1L, `26` = 1L, `28` = 2L, `30` = 1L, `31` = 1L, `38` = 1L, 
    `42` = 1L), .Dim = 30L, .Dimnames = structure(list(c("1", 
    "2", "3", "4", "5", "6", "7", "8", "9", "10", "11", "12", 
    "13", "14", "15", "16", "17", "18", "19", "20", "21", "22", 
    "23", "25", "26", "28", "30", "31", "38", "42")), .Names = ""), class = "table"), 
    No.Tag = structure(c(0L, 49L, 0L, 0L, 2L, 96L, 0L, 1L, 0L, 
    4L, 0L, 0L), .Dim = 4:3, .Dimnames = structure(list(c("-1", 
    "0", "1", NA), c("A", "G", NA)), .Names = c("", "")), class = "table"), 
    All.Tags = list(Concordant = list(Freqs = structure(c(0, 
    339, 0, 1, 277, 1), .Dim = 3:2, .Dimnames = list(c("-1", 
    "0", "1"), c("A", "G"))), N = 618), Majority = list(Freqs = structure(c(0, 
    373, 0, 1, 319, 1), .Dim = 3:2, .Dimnames = list(c("-1", 
    "0", "1"), c("A", "G"))), N = 694)), `2` = structure(c(0, 
    315, 0, 1, 275, 0), .Dim = 3:2, .Dimnames = list(c("-1", 
    "0", "1"), c("A", "G"))))))
