Results <-
list(`bwaOutput/20210421msiMNRsJenny/1077_S47.sam` = list(DEPDC2_SNP1 = list(
    All = list(Freqs = structure(c(0L, 4L, 0L, 0L, 37L, 4631L, 
    26L, 35L, 1L, 24L, 0L, 0L), .Dim = 4:3, .Dimnames = structure(list(
        c("-1", "0", "1", NA), c("C", "T", NA)), .Names = c("", 
    "")), class = "table"), N = 4758L), Tag.Distribution = structure(c(`1` = 165L, 
    `2` = 75L, `3` = 92L, `4` = 91L, `5` = 85L, `6` = 72L, `7` = 47L, 
    `8` = 37L, `9` = 34L, `10` = 32L, `11` = 26L, `12` = 14L, 
    `13` = 17L, `14` = 14L, `15` = 5L, `16` = 7L, `17` = 9L, 
    `18` = 2L, `19` = 5L, `21` = 2L, `22` = 2L, `24` = 1L, `26` = 2L, 
    `30` = 1L, `31` = 1L, `33` = 1L), .Dim = 26L, .Dimnames = structure(list(
        c("1", "2", "3", "4", "5", "6", "7", "8", "9", "10", 
        "11", "12", "13", "14", "15", "16", "17", "18", "19", 
        "21", "22", "24", "26", "30", "31", "33")), .Names = ""), class = "table"), 
    No.Tag = structure(c(0L, 1L, 0L, 0L, 0L, 81L, 0L, 15L, 0L, 
    0L, 0L, 0L), .Dim = 4:3, .Dimnames = structure(list(c("-1", 
    "0", "1", NA), c("C", "T", NA)), .Names = c("", "")), class = "table"), 
    All.Tags = list(Concordant = list(Freqs = structure(c(0, 
    3, 0, 1, 776, 4), .Dim = 3:2, .Dimnames = list(c("-1", "0", 
    "1"), c("C", "T"))), N = 784), Majority = list(Freqs = structure(c(0, 
    3, 0, 1, 818, 5), .Dim = 3:2, .Dimnames = list(c("-1", "0", 
    "1"), c("C", "T"))), N = 827)), `2` = structure(c(0, 0, 0, 
    0, 667, 2), .Dim = 3:2, .Dimnames = list(c("-1", "0", "1"
    ), c("C", "T"))))))
