Results <-
list(`bwaOutput/20210421msiMNRsJenny/1077_S47.sam` = list(GM01_SNP1 = list(
    All = list(Freqs = structure(c(0L, 0L, 1L, 0L, 0L, 0L, 33L, 
    1524L, 4L, 1L, 1L, 41L, 1707L, 9L, 6L, 0L, 0L, 33L, 0L, 0L
    ), .Dim = 5:4, .Dimnames = structure(list(c("-2", "-1", "0", 
    "1", NA), c("-", "A", "G", NA)), .Names = c("", "")), class = "table"), 
        N = 3360L), Tag.Distribution = structure(c(`1` = 57L, 
    `2` = 36L, `3` = 41L, `4` = 33L, `5` = 41L, `6` = 34L, `7` = 35L, 
    `8` = 32L, `9` = 31L, `10` = 15L, `11` = 21L, `12` = 22L, 
    `13` = 13L, `14` = 10L, `15` = 10L, `16` = 9L, `17` = 11L, 
    `18` = 2L, `19` = 2L, `20` = 2L, `21` = 1L, `22` = 1L, `23` = 1L, 
    `25` = 1L, `26` = 1L, `27` = 1L, `52` = 1L), .Dim = 27L, .Dimnames = structure(list(
        c("1", "2", "3", "4", "5", "6", "7", "8", "9", "10", 
        "11", "12", "13", "14", "15", "16", "17", "18", "19", 
        "20", "21", "22", "23", "25", "26", "27", "52")), .Names = ""), class = "table"), 
    No.Tag = structure(c(0L, 0L, 0L, 0L, 0L, 0L, 1L, 19L, 0L, 
    0L, 0L, 0L, 21L, 0L, 0L, 0L, 0L, 1L, 0L, 0L), .Dim = 5:4, .Dimnames = structure(list(
        c("-2", "-1", "0", "1", NA), c("-", "A", "G", NA)), .Names = c("", 
    "")), class = "table"), All.Tags = list(Concordant = list(
        Freqs = structure(c(0, 0, 0, 0, 0, 0, 174, 0, 0, 2, 208, 
        0), .Dim = 4:3, .Dimnames = list(c("-2", "-1", "0", "1"
        ), c("-", "A", "G"))), N = 384), Majority = list(Freqs = structure(c(0, 
    0, 0, 0, 0, 0, 215, 0, 0, 2, 243, 0), .Dim = 4:3, .Dimnames = list(
        c("-2", "-1", "0", "1"), c("-", "A", "G"))), N = 460)), 
    `2` = structure(c(0, 0, 0, 0, 0, 0, 189, 0, 0, 2, 214, 0), .Dim = 4:3, .Dimnames = list(
        c("-2", "-1", "0", "1"), c("-", "A", "G"))))))
