Results <-
list(`bwaOutput/20210421msiMNRsJenny/1077_S47.sam` = list(GM14_SNP1 = list(
    All = list(Freqs = structure(c(1L, 1L, 67L, 2440L, 31L, 1L, 
    3L, 0L, 0L, 0L, 1L, 0L, 0L, 1L, 0L, 0L, 0L, 36L, 0L, 0L, 
    0L), .Dim = c(7L, 3L), .Dimnames = structure(list(c("-3", 
    "-2", "-1", "0", "1", "2", NA), c("C", "T", NA)), .Names = c("", 
    "")), class = "table"), N = 2582L), Tag.Distribution = structure(c(`1` = 55L, 
    `2` = 41L, `3` = 41L, `4` = 44L, `5` = 40L, `6` = 24L, `7` = 25L, 
    `8` = 27L, `9` = 22L, `10` = 21L, `11` = 21L, `12` = 11L, 
    `13` = 19L, `14` = 7L, `15` = 3L, `16` = 5L, `17` = 3L, `21` = 2L, 
    `22` = 1L, `25` = 1L), .Dim = 20L, .Dimnames = structure(list(
        c("1", "2", "3", "4", "5", "6", "7", "8", "9", "10", 
        "11", "12", "13", "14", "15", "16", "17", "21", "22", 
        "25")), .Names = ""), class = "table"), No.Tag = structure(c(0L, 
    0L, 1L, 27L, 0L, 0L, 0L, 0L, 0L, 0L, 0L, 0L, 0L, 0L, 0L, 
    0L, 0L, 2L, 0L, 0L, 0L), .Dim = c(7L, 3L), .Dimnames = structure(list(
        c("-3", "-2", "-1", "0", "1", "2", NA), c("C", "T", NA
        )), .Names = c("", "")), class = "table"), All.Tags = list(
        Concordant = list(Freqs = structure(c(0, 0, 0, 331, 2, 
        0, 0, 0, 0, 0, 0, 0), .Dim = c(6L, 2L), .Dimnames = list(
            c("-3", "-2", "-1", "0", "1", "2"), c("C", "T"))), 
            N = 333), Majority = list(Freqs = structure(c(0, 
        0, 1, 401, 2, 0, 0, 0, 0, 0, 0, 0), .Dim = c(6L, 2L), .Dimnames = list(
            c("-3", "-2", "-1", "0", "1", "2"), c("C", "T"))), 
            N = 404)), `2` = structure(c(0, 0, 1, 351, 0, 0, 
    0, 0, 0, 0, 0, 0), .Dim = c(6L, 2L), .Dimnames = list(c("-3", 
    "-2", "-1", "0", "1", "2"), c("C", "T"))))))
