Results <-
list(`bwaOutput/20210421msiMNRsJenny/1080_S48.sam` = list(LR24_SNP1 = list(
    All = list(Freqs = structure(c(0L, 16L, 1930L, 1L, 0L, 2L, 
    28L, 2288L, 3L, 1L, 0L, 0L, 12L, 0L, 0L), .Dim = c(5L, 3L
    ), .Dimnames = structure(list(c("-2", "-1", "0", "1", NA), 
        c("A", "G", NA)), .Names = c("", "")), class = "table"), 
        N = 4281L), Tag.Distribution = structure(c(`1` = 253L, 
    `2` = 143L, `3` = 126L, `4` = 106L, `5` = 95L, `6` = 59L, 
    `7` = 49L, `8` = 34L, `9` = 26L, `10` = 29L, `11` = 13L, 
    `12` = 17L, `13` = 6L, `14` = 7L, `15` = 7L, `16` = 5L, `17` = 2L, 
    `18` = 2L, `19` = 1L, `20` = 1L, `21` = 2L, `25` = 1L), .Dim = 22L, .Dimnames = structure(list(
        c("1", "2", "3", "4", "5", "6", "7", "8", "9", "10", 
        "11", "12", "13", "14", "15", "16", "17", "18", "19", 
        "20", "21", "25")), .Names = ""), class = "table"), No.Tag = structure(c(0L, 
    0L, 33L, 0L, 0L, 0L, 0L, 51L, 0L, 0L, 0L, 0L, 4L, 0L, 0L), .Dim = c(5L, 
    3L), .Dimnames = structure(list(c("-2", "-1", "0", "1", NA
    ), c("A", "G", NA)), .Names = c("", "")), class = "table"), 
    All.Tags = list(Concordant = list(Freqs = structure(c(0, 
    2, 416, 0, 0, 6, 476, 1), .Dim = c(4L, 2L), .Dimnames = list(
        c("-2", "-1", "0", "1"), c("A", "G"))), N = 901), Majority = list(
        Freqs = structure(c(0, 2, 452, 0, 1, 9, 509, 1), .Dim = c(4L, 
        2L), .Dimnames = list(c("-2", "-1", "0", "1"), c("A", 
        "G"))), N = 974)), `2` = structure(c(0, 0, 337, 0, 1, 
    5, 378, 0), .Dim = c(4L, 2L), .Dimnames = list(c("-2", "-1", 
    "0", "1"), c("A", "G"))))))
