Results <-
list(`bwaOutput/20210421msiMNRsJenny/1080_S48.sam` = list(GM01_SNP1 = list(
    All = list(Freqs = structure(c(1L, 52L, 1688L, 10L, 5L, 0L, 
    31L, 1323L, 6L, 0L, 0L, 0L, 28L, 0L, 0L), .Dim = c(5L, 3L
    ), .Dimnames = structure(list(c("-2", "-1", "0", "1", NA), 
        c("A", "G", NA)), .Names = c("", "")), class = "table"), 
        N = 3144L), Tag.Distribution = structure(c(`1` = 45L, 
    `2` = 18L, `3` = 25L, `4` = 22L, `5` = 27L, `6` = 33L, `7` = 24L, 
    `8` = 26L, `9` = 19L, `10` = 21L, `11` = 18L, `12` = 10L, 
    `13` = 21L, `14` = 14L, `15` = 3L, `16` = 9L, `17` = 7L, 
    `18` = 7L, `19` = 4L, `20` = 3L, `21` = 6L, `22` = 1L, `23` = 1L, 
    `25` = 3L, `27` = 2L, `28` = 1L, `29` = 1L, `38` = 1L, `39` = 1L
    ), .Dim = 29L, .Dimnames = structure(list(c("1", "2", "3", 
    "4", "5", "6", "7", "8", "9", "10", "11", "12", "13", "14", 
    "15", "16", "17", "18", "19", "20", "21", "22", "23", "25", 
    "27", "28", "29", "38", "39")), .Names = ""), class = "table"), 
    No.Tag = structure(c(0L, 0L, 12L, 0L, 0L, 0L, 0L, 5L, 0L, 
    0L, 0L, 0L, 2L, 0L, 0L), .Dim = c(5L, 3L), .Dimnames = structure(list(
        c("-2", "-1", "0", "1", NA), c("A", "G", NA)), .Names = c("", 
    "")), class = "table"), All.Tags = list(Concordant = list(
        Freqs = structure(c(0, 5, 160, 0, 0, 0, 131, 0), .Dim = c(4L, 
        2L), .Dimnames = list(c("-2", "-1", "0", "1"), c("A", 
        "G"))), N = 296), Majority = list(Freqs = structure(c(0, 
    6, 204, 0, 0, 0, 159, 0), .Dim = c(4L, 2L), .Dimnames = list(
        c("-2", "-1", "0", "1"), c("A", "G"))), N = 369)), `2` = structure(c(0, 
    3, 180, 0, 0, 0, 145, 0), .Dim = c(4L, 2L), .Dimnames = list(
        c("-2", "-1", "0", "1"), c("A", "G"))))))
