Results <-
list(`bwaOutput/20210421msiMNRsJenny/1080_S48.sam` = list(DEPDC2_SNP1 = list(
    All = list(Freqs = structure(c(1L, 0L, 2L, 0L, 0L, 0L, 0L, 
    6L, 0L, 0L, 7L, 190L, 4292L, 17L, 33L, 0L, 0L, 33L, 0L, 0L
    ), .Dim = 5:4, .Dimnames = structure(list(c("-2", "-1", "0", 
    "1", NA), c("A", "C", "T", NA)), .Names = c("", "")), class = "table"), 
        N = 4581L), Tag.Distribution = structure(c(`1` = 136L, 
    `2` = 79L, `3` = 64L, `4` = 75L, `5` = 72L, `6` = 65L, `7` = 47L, 
    `8` = 45L, `9` = 32L, `10` = 22L, `11` = 25L, `12` = 19L, 
    `13` = 13L, `14` = 15L, `15` = 9L, `16` = 15L, `17` = 7L, 
    `18` = 9L, `19` = 5L, `22` = 2L, `25` = 1L, `27` = 1L, `36` = 1L
    ), .Dim = 23L, .Dimnames = structure(list(c("1", "2", "3", 
    "4", "5", "6", "7", "8", "9", "10", "11", "12", "13", "14", 
    "15", "16", "17", "18", "19", "22", "25", "27", "36")), .Names = ""), class = "table"), 
    No.Tag = structure(c(0L, 0L, 0L, 0L, 0L, 0L, 0L, 1L, 0L, 
    0L, 0L, 2L, 76L, 0L, 2L, 0L, 0L, 2L, 0L, 0L), .Dim = 5:4, .Dimnames = structure(list(
        c("-2", "-1", "0", "1", NA), c("A", "C", "T", NA)), .Names = c("", 
    "")), class = "table"), All.Tags = list(Concordant = list(
        Freqs = structure(c(0, 0, 0, 0, 0, 0, 3, 0, 1, 26, 662, 
        0), .Dim = 4:3, .Dimnames = list(c("-2", "-1", "0", "1"
        ), c("A", "C", "T"))), N = 692), Majority = list(Freqs = structure(c(0, 
    0, 0, 0, 0, 0, 3, 0, 1, 32, 711, 0), .Dim = 4:3, .Dimnames = list(
        c("-2", "-1", "0", "1"), c("A", "C", "T"))), N = 747)), 
    `2` = structure(c(0, 0, 0, 0, 0, 0, 0, 0, 0, 26, 594, 0), .Dim = 4:3, .Dimnames = list(
        c("-2", "-1", "0", "1"), c("A", "C", "T"))))))
