Results <-
list(`bwaOutput/20210421msiMNRsJenny/1080_S48.sam` = list(LR17_SNP1 = list(
    All = list(Freqs = structure(c(23L, 544L, 1733L, 19L, 16L, 
    0L, 15L, 56L, 0L, 0L), .Dim = c(5L, 2L), .Dimnames = structure(list(
        c("-2", "-1", "0", "1", NA), c("A", NA)), .Names = c("", 
    "")), class = "table"), N = 2406L), Tag.Distribution = structure(c(`1` = 39L, 
    `2` = 5L, `3` = 13L, `4` = 21L, `5` = 23L, `6` = 21L, `7` = 21L, 
    `8` = 20L, `9` = 20L, `10` = 17L, `11` = 14L, `12` = 15L, 
    `13` = 12L, `14` = 7L, `15` = 14L, `16` = 4L, `17` = 6L, 
    `18` = 2L, `19` = 2L, `20` = 2L, `21` = 3L, `22` = 2L, `23` = 1L, 
    `25` = 1L, `28` = 1L, `30` = 1L), .Dim = 26L, .Dimnames = structure(list(
        c("1", "2", "3", "4", "5", "6", "7", "8", "9", "10", 
        "11", "12", "13", "14", "15", "16", "17", "18", "19", 
        "20", "21", "22", "23", "25", "28", "30")), .Names = ""), class = "table"), 
    No.Tag = structure(c(1L, 5L, 36L, 0L, 0L, 0L, 0L, 3L, 0L, 
    0L), .Dim = c(5L, 2L), .Dimnames = structure(list(c("-2", 
    "-1", "0", "1", NA), c("A", NA)), .Names = c("", "")), class = "table"), 
    All.Tags = list(Concordant = list(Freqs = structure(c(0, 
    38, 151, 0), .Dim = c(4L, 1L), .Dimnames = list(c("-2", "-1", 
    "0", "1"), "A")), N = 189), Majority = list(Freqs = structure(c(0, 
    60, 219, 1), .Dim = c(4L, 1L), .Dimnames = list(c("-2", "-1", 
    "0", "1"), "A")), N = 280)), `2` = structure(c(0, 55, 189, 
    1), .Dim = c(4L, 1L), .Dimnames = list(c("-2", "-1", "0", 
    "1"), "A")))))
