Results <-
list(`bwaOutput/20210421msiMNRsJenny/1080_S48.sam` = list(GM14_SNP1 = list(
    All = list(Freqs = structure(c(1L, 45L, 690L, 1720L, 280L, 
    3L, 6L, 0L, 0L, 0L, 5L, 0L, 0L, 0L, 0L, 0L, 0L, 21L, 6L, 
    0L, 0L), .Dim = c(7L, 3L), .Dimnames = structure(list(c("-3", 
    "-2", "-1", "0", "1", "2", NA), c("C", "T", NA)), .Names = c("", 
    "")), class = "table"), N = 2777L), Tag.Distribution = structure(c(`1` = 52L, 
    `2` = 30L, `3` = 24L, `4` = 40L, `5` = 33L, `6` = 20L, `7` = 23L, 
    `8` = 23L, `9` = 21L, `10` = 17L, `11` = 13L, `12` = 15L, 
    `13` = 11L, `14` = 13L, `15` = 12L, `16` = 8L, `17` = 10L, 
    `18` = 5L, `19` = 2L, `20` = 1L, `21` = 1L, `22` = 2L, `23` = 1L, 
    `24` = 1L, `25` = 1L), .Dim = 25L, .Dimnames = structure(list(
        c("1", "2", "3", "4", "5", "6", "7", "8", "9", "10", 
        "11", "12", "13", "14", "15", "16", "17", "18", "19", 
        "20", "21", "22", "23", "24", "25")), .Names = ""), class = "table"), 
    No.Tag = structure(c(0L, 0L, 6L, 16L, 10L, 0L, 0L, 0L, 0L, 
    0L, 0L, 0L, 0L, 0L, 0L, 0L, 0L, 1L, 0L, 0L, 0L), .Dim = c(7L, 
    3L), .Dimnames = structure(list(c("-3", "-2", "-1", "0", 
    "1", "2", NA), c("C", "T", NA)), .Names = c("", "")), class = "table"), 
    All.Tags = list(Concordant = list(Freqs = structure(c(0, 
    5, 66, 176, 33, 0, 0, 0, 0, 4, 0, 0), .Dim = c(6L, 2L), .Dimnames = list(
        c("-3", "-2", "-1", "0", "1", "2"), c("C", "T"))), N = 284), 
        Majority = list(Freqs = structure(c(0, 5, 85, 239, 39, 
        0, 0, 0, 0, 4, 0, 0), .Dim = c(6L, 2L), .Dimnames = list(
            c("-3", "-2", "-1", "0", "1", "2"), c("C", "T"))), 
            N = 372)), `2` = structure(c(0, 3, 76, 207, 37, 0, 
    0, 0, 0, 0, 0, 0), .Dim = c(6L, 2L), .Dimnames = list(c("-3", 
    "-2", "-1", "0", "1", "2"), c("C", "T"))))))
