Results <-
list(`bwaOutput/20210421msiMNRsJenny/1080_S48.sam` = list(IM16_SNP1 = list(
    All = list(Freqs = structure(c(3L, 524L, 1324L, 12L, 3L, 
    0L, 0L, 1L, 0L, 0L, 0L, 2L, 24L, 1L, 0L), .Dim = c(5L, 3L
    ), .Dimnames = structure(list(c("-2", "-1", "0", "1", NA), 
        c("G", "T", NA)), .Names = c("", "")), class = "table"), 
        N = 1894L), Tag.Distribution = structure(c(`1` = 38L, 
    `2` = 24L, `3` = 19L, `4` = 19L, `5` = 25L, `6` = 24L, `7` = 17L, 
    `8` = 17L, `9` = 14L, `10` = 9L, `11` = 6L, `12` = 9L, `13` = 10L, 
    `14` = 4L, `15` = 6L, `16` = 6L, `17` = 2L, `18` = 3L, `19` = 2L, 
    `20` = 2L, `21` = 1L, `22` = 3L, `25` = 1L, `26` = 2L), .Dim = 24L, .Dimnames = structure(list(
        c("1", "2", "3", "4", "5", "6", "7", "8", "9", "10", 
        "11", "12", "13", "14", "15", "16", "17", "18", "19", 
        "20", "21", "22", "25", "26")), .Names = ""), class = "table"), 
    No.Tag = structure(c(0L, 14L, 39L, 0L, 1L, 0L, 0L, 0L, 0L, 
    0L, 0L, 0L, 5L, 0L, 0L), .Dim = c(5L, 3L), .Dimnames = structure(list(
        c("-2", "-1", "0", "1", NA), c("G", "T", NA)), .Names = c("", 
    "")), class = "table"), All.Tags = list(Concordant = list(
        Freqs = structure(c(0, 64, 165, 0, 0, 0, 0, 0), .Dim = c(4L, 
        2L), .Dimnames = list(c("-2", "-1", "0", "1"), c("G", 
        "T"))), N = 229), Majority = list(Freqs = structure(c(0, 
    69, 189, 0, 0, 0, 0, 0), .Dim = c(4L, 2L), .Dimnames = list(
        c("-2", "-1", "0", "1"), c("G", "T"))), N = 258)), `2` = structure(c(0, 
    59, 164, 0, 0, 0, 0, 0), .Dim = c(4L, 2L), .Dimnames = list(
        c("-2", "-1", "0", "1"), c("G", "T"))))))
