Results <-
list(`bwaOutput/20210421msiMNRsJenny/1080_S48.sam` = list(LR10_SNP1 = list(
    All = list(Freqs = structure(c(35L, 462L, 548L, 2L, 7L, 2L, 
    347L, 615L, 5L, 7L, 0L, 3L, 10L, 0L, 0L), .Dim = c(5L, 3L
    ), .Dimnames = structure(list(c("-2", "-1", "0", "1", NA), 
        c("C", "T", NA)), .Names = c("", "")), class = "table"), 
        N = 2043L), Tag.Distribution = structure(c(`1` = 56L, 
    `2` = 22L, `3` = 32L, `4` = 32L, `5` = 22L, `6` = 23L, `7` = 24L, 
    `8` = 17L, `9` = 11L, `10` = 12L, `11` = 9L, `12` = 8L, `13` = 7L, 
    `14` = 9L, `15` = 9L, `16` = 2L, `17` = 4L, `18` = 2L, `19` = 1L, 
    `20` = 1L, `21` = 3L, `22` = 2L, `23` = 2L, `25` = 1L), .Dim = 24L, .Dimnames = structure(list(
        c("1", "2", "3", "4", "5", "6", "7", "8", "9", "10", 
        "11", "12", "13", "14", "15", "16", "17", "18", "19", 
        "20", "21", "22", "23", "25")), .Names = ""), class = "table"), 
    No.Tag = structure(c(0L, 14L, 8L, 0L, 2L, 0L, 4L, 20L, 0L, 
    0L, 0L, 0L, 0L, 0L, 0L), .Dim = c(5L, 3L), .Dimnames = structure(list(
        c("-2", "-1", "0", "1", NA), c("C", "T", NA)), .Names = c("", 
    "")), class = "table"), All.Tags = list(Concordant = list(
        Freqs = structure(c(4, 55, 77, 0, 0, 54, 80, 0), .Dim = c(4L, 
        2L), .Dimnames = list(c("-2", "-1", "0", "1"), c("C", 
        "T"))), N = 270), Majority = list(Freqs = structure(c(4, 
    66, 90, 0, 0, 57, 92, 0), .Dim = c(4L, 2L), .Dimnames = list(
        c("-2", "-1", "0", "1"), c("C", "T"))), N = 309)), `2` = structure(c(3, 
    55, 77, 0, 0, 46, 73, 0), .Dim = c(4L, 2L), .Dimnames = list(
        c("-2", "-1", "0", "1"), c("C", "T"))))))
