Results <-
list(`bwaOutput/20210421msiMNRsJenny/1080_S48.sam` = list(LR44_SNP1 = list(
    All = list(Freqs = structure(c(99L, 712L, 641L, 1190L, 15L, 
    1L, 22L, 0L, 0L, 2L, 15L, 0L, 0L, 0L, 0L, 4L, 14L, 35L, 0L, 
    0L, 0L), .Dim = c(7L, 3L), .Dimnames = structure(list(c("-3", 
    "-2", "-1", "0", "1", "2", NA), c("C", "T", NA)), .Names = c("", 
    "")), class = "table"), N = 2750L), Tag.Distribution = structure(c(`1` = 44L, 
    `2` = 24L, `3` = 29L, `4` = 24L, `5` = 32L, `6` = 27L, `7` = 29L, 
    `8` = 26L, `9` = 14L, `10` = 18L, `11` = 13L, `12` = 10L, 
    `13` = 6L, `14` = 10L, `15` = 10L, `16` = 11L, `17` = 4L, 
    `18` = 5L, `19` = 4L, `20` = 6L, `21` = 1L, `22` = 2L, `23` = 1L, 
    `25` = 1L, `26` = 2L, `31` = 1L, `32` = 1L), .Dim = 27L, .Dimnames = structure(list(
        c("1", "2", "3", "4", "5", "6", "7", "8", "9", "10", 
        "11", "12", "13", "14", "15", "16", "17", "18", "19", 
        "20", "21", "22", "23", "25", "26", "31", "32")), .Names = ""), class = "table"), 
    No.Tag = structure(c(0L, 4L, 3L, 38L, 0L, 0L, 1L, 0L, 0L, 
    0L, 0L, 0L, 0L, 0L, 0L, 0L, 1L, 0L, 0L, 0L, 0L), .Dim = c(7L, 
    3L), .Dimnames = structure(list(c("-3", "-2", "-1", "0", 
    "1", "2", NA), c("C", "T", NA)), .Names = c("", "")), class = "table"), 
    All.Tags = list(Concordant = list(Freqs = structure(c(12, 
    68, 51, 94, 1, 0, 0, 0, 2, 6, 0, 0), .Dim = c(6L, 2L), .Dimnames = list(
        c("-3", "-2", "-1", "0", "1", "2"), c("C", "T"))), N = 234), 
        Majority = list(Freqs = structure(c(12, 91, 74, 159, 
        1, 0, 0, 0, 2, 7, 0, 0), .Dim = c(6L, 2L), .Dimnames = list(
            c("-3", "-2", "-1", "0", "1", "2"), c("C", "T"))), 
            N = 346)), `2` = structure(c(9, 82, 70, 145, 0, 0, 
    0, 0, 0, 2, 0, 0), .Dim = c(6L, 2L), .Dimnames = list(c("-3", 
    "-2", "-1", "0", "1", "2"), c("C", "T"))))))
