Results <-
list(`bwaOutput/20210421msiMNRsJenny/1080_S48.sam` = list(LR11_SNP1 = list(
    All = list(Freqs = structure(c(12L, 521L, 731L, 11L, 1L, 
    11L, 17L, 430L, 538L, 2L, 0L, 7L, 0L, 1L, 0L, 0L, 0L, 0L, 
    0L, 6L, 17L, 0L, 0L, 0L), .Dim = c(6L, 4L), .Dimnames = structure(list(
        c("-2", "-1", "0", "1", "2", NA), c("A", "C", "T", NA
        )), .Names = c("", "")), class = "table"), N = 2305L), 
    Tag.Distribution = structure(c(`1` = 47L, `2` = 17L, `3` = 23L, 
    `4` = 41L, `5` = 27L, `6` = 20L, `7` = 23L, `8` = 18L, `9` = 12L, 
    `10` = 23L, `11` = 14L, `12` = 7L, `13` = 7L, `14` = 8L, 
    `15` = 7L, `16` = 7L, `17` = 2L, `18` = 4L, `19` = 3L, `20` = 1L, 
    `21` = 3L, `22` = 2L, `23` = 1L, `25` = 1L, `26` = 2L, `28` = 1L
    ), .Dim = 26L, .Dimnames = structure(list(c("1", "2", "3", 
    "4", "5", "6", "7", "8", "9", "10", "11", "12", "13", "14", 
    "15", "16", "17", "18", "19", "20", "21", "22", "23", "25", 
    "26", "28")), .Names = ""), class = "table"), No.Tag = structure(c(0L, 
    11L, 0L, 1L, 0L, 1L, 0L, 0L, 2L, 0L, 0L, 1L, 0L, 0L, 0L, 
    0L, 0L, 0L, 0L, 1L, 0L, 0L, 0L, 0L), .Dim = c(6L, 4L), .Dimnames = structure(list(
        c("-2", "-1", "0", "1", "2", NA), c("A", "C", "T", NA
        )), .Names = c("", "")), class = "table"), All.Tags = list(
        Concordant = list(Freqs = structure(c(2, 62, 75, 0, 0, 
        3, 46, 70, 0, 0, 0, 1, 0, 0, 0), .Dim = c(5L, 3L), .Dimnames = list(
            c("-2", "-1", "0", "1", "2"), c("A", "C", "T"))), 
            N = 259), Majority = list(Freqs = structure(c(2, 
        72, 98, 0, 0, 3, 54, 84, 0, 0, 0, 1, 0, 0, 0), .Dim = c(5L, 
        3L), .Dimnames = list(c("-2", "-1", "0", "1", "2"), c("A", 
        "C", "T"))), N = 314)), `2` = structure(c(1, 64, 84, 
    0, 0, 2, 49, 71, 0, 0, 0, 0, 0, 0, 0), .Dim = c(5L, 3L), .Dimnames = list(
        c("-2", "-1", "0", "1", "2"), c("A", "C", "T"))))))
