Results <-
list(`bwaOutput/20210421msiMNRsJenny/1080_S48.sam` = list(LR52_SNP1 = list(
    All = list(Freqs = structure(c(0L, 0L, 0L, 0L, 1L, 0L, 0L, 
    3L, 176L, 535L, 85L, 591L, 4L, 20L, 0L, 0L, 1L, 1L, 1L, 0L, 
    0L, 0L, 1L, 6L, 11L, 207L, 1L, 0L), .Dim = c(7L, 4L), .Dimnames = structure(list(
        c("-4", "-3", "-2", "-1", "0", "1", NA), c("A", "C", 
        "T", NA)), .Names = c("", "")), class = "table"), N = 1644L), 
    Tag.Distribution = structure(c(`1` = 21L, `2` = 15L, `3` = 16L, 
    `4` = 22L, `5` = 17L, `6` = 16L, `7` = 14L, `8` = 10L, `9` = 9L, 
    `10` = 5L, `11` = 8L, `12` = 9L, `13` = 3L, `14` = 9L, `15` = 3L, 
    `16` = 13L, `17` = 1L, `18` = 4L, `19` = 2L, `20` = 1L, `21` = 3L, 
    `23` = 2L, `25` = 2L, `32` = 1L), .Dim = 24L, .Dimnames = structure(list(
        c("1", "2", "3", "4", "5", "6", "7", "8", "9", "10", 
        "11", "12", "13", "14", "15", "16", "17", "18", "19", 
        "20", "21", "23", "25", "32")), .Names = ""), class = "table"), 
    No.Tag = structure(c(0L, 0L, 0L, 0L, 0L, 0L, 0L, 0L, 1L, 
    9L, 0L, 1L, 0L, 0L, 0L, 0L, 0L, 0L, 0L, 0L, 0L, 0L, 0L, 1L, 
    0L, 3L, 0L, 0L), .Dim = c(7L, 4L), .Dimnames = structure(list(
        c("-4", "-3", "-2", "-1", "0", "1", NA), c("A", "C", 
        "T", NA)), .Names = c("", "")), class = "table"), All.Tags = list(
        Concordant = list(Freqs = structure(c(0, 0, 0, 0, 0, 
        0, 1, 19, 56, 1, 55, 0, 0, 0, 0, 0, 1, 0), .Dim = c(6L, 
        3L), .Dimnames = list(c("-4", "-3", "-2", "-1", "0", 
        "1"), c("A", "C", "T"))), N = 133), Majority = list(Freqs = structure(c(0, 
        0, 0, 0, 0, 0, 1, 20, 70, 3, 99, 0, 0, 0, 0, 0, 1, 0), .Dim = c(6L, 
        3L), .Dimnames = list(c("-4", "-3", "-2", "-1", "0", 
        "1"), c("A", "C", "T"))), N = 194)), `2` = structure(c(0, 
    0, 0, 0, 0, 0, 1, 19, 66, 3, 91, 0, 0, 0, 0, 0, 0, 0), .Dim = c(6L, 
    3L), .Dimnames = list(c("-4", "-3", "-2", "-1", "0", "1"), 
        c("A", "C", "T"))))))
