Results <-
list(`bwaOutput/20210421msiMNRsJenny/1080_S48.sam` = list(LR48_SNP1 = list(
    All = list(Freqs = structure(c(2L, 6L, 264L, 370L, 4L, 4L, 
    0L, 3L, 328L, 395L, 6L, 1L, 0L, 0L, 5L, 12L, 0L, 0L), .Dim = c(6L, 
    3L), .Dimnames = structure(list(c("-3", "-2", "-1", "0", 
    "1", NA), c("C", "T", NA)), .Names = c("", "")), class = "table"), 
        N = 1400L), Tag.Distribution = structure(c(`1` = 22L, 
    `2` = 4L, `3` = 17L, `4` = 9L, `5` = 3L, `6` = 18L, `7` = 9L, 
    `8` = 9L, `9` = 7L, `10` = 6L, `11` = 10L, `12` = 7L, `13` = 4L, 
    `14` = 4L, `15` = 7L, `16` = 2L, `17` = 5L, `18` = 6L, `19` = 3L, 
    `20` = 5L, `22` = 2L, `24` = 1L, `30` = 1L), .Dim = 23L, .Dimnames = structure(list(
        c("1", "2", "3", "4", "5", "6", "7", "8", "9", "10", 
        "11", "12", "13", "14", "15", "16", "17", "18", "19", 
        "20", "22", "24", "30")), .Names = ""), class = "table"), 
    No.Tag = structure(c(0L, 0L, 0L, 0L, 0L, 0L, 0L, 0L, 15L, 
    0L, 0L, 0L, 0L, 0L, 0L, 0L, 0L, 0L), .Dim = c(6L, 3L), .Dimnames = structure(list(
        c("-3", "-2", "-1", "0", "1", NA), c("C", "T", NA)), .Names = c("", 
    "")), class = "table"), All.Tags = list(Concordant = list(
        Freqs = structure(c(0, 0, 27, 42, 0, 0, 0, 30, 29, 1), .Dim = c(5L, 
        2L), .Dimnames = list(c("-3", "-2", "-1", "0", "1"), 
            c("C", "T"))), N = 129), Majority = list(Freqs = structure(c(0, 
    0, 33, 51, 0, 0, 0, 36, 39, 1), .Dim = c(5L, 2L), .Dimnames = list(
        c("-3", "-2", "-1", "0", "1"), c("C", "T"))), N = 160)), 
    `2` = structure(c(0, 0, 27, 40, 0, 0, 0, 34, 38, 0), .Dim = c(5L, 
    2L), .Dimnames = list(c("-3", "-2", "-1", "0", "1"), c("C", 
    "T"))))))
