Results <-
list(`bwaOutput/20210421msiMNRsJenny/1080_S48.sam` = list(GM09_SNP1 = list(
    All = list(Freqs = structure(c(141L, 2178L, 2L, 2L, 7L, 2051L, 
    1L, 0L, 1L, 25L, 0L, 0L), .Dim = 4:3, .Dimnames = structure(list(
        c("-1", "0", "1", NA), c("A", "G", NA)), .Names = c("", 
    "")), class = "table"), N = 4408L), Tag.Distribution = structure(c(`1` = 87L, 
    `2` = 37L, `3` = 51L, `4` = 41L, `5` = 60L, `6` = 43L, `7` = 39L, 
    `8` = 41L, `9` = 32L, `10` = 27L, `11` = 32L, `12` = 16L, 
    `13` = 23L, `14` = 10L, `15` = 16L, `16` = 13L, `17` = 13L, 
    `18` = 1L, `19` = 5L, `20` = 4L, `21` = 1L, `22` = 4L, `24` = 2L, 
    `25` = 2L, `26` = 1L, `27` = 1L, `29` = 1L, `31` = 1L), .Dim = 28L, .Dimnames = structure(list(
        c("1", "2", "3", "4", "5", "6", "7", "8", "9", "10", 
        "11", "12", "13", "14", "15", "16", "17", "18", "19", 
        "20", "21", "22", "24", "25", "26", "27", "29", "31")), .Names = ""), class = "table"), 
    No.Tag = structure(c(1L, 25L, 0L, 1L, 0L, 19L, 0L, 0L, 0L, 
    2L, 0L, 0L), .Dim = 4:3, .Dimnames = structure(list(c("-1", 
    "0", "1", NA), c("A", "G", NA)), .Names = c("", "")), class = "table"), 
    All.Tags = list(Concordant = list(Freqs = structure(c(14, 
    275, 0, 0, 256, 0), .Dim = 3:2, .Dimnames = list(c("-1", 
    "0", "1"), c("A", "G"))), N = 545), Majority = list(Freqs = structure(c(17, 
    300, 0, 0, 277, 0), .Dim = 3:2, .Dimnames = list(c("-1", 
    "0", "1"), c("A", "G"))), N = 594)), `2` = structure(c(15, 
    264, 0, 0, 236, 0), .Dim = 3:2, .Dimnames = list(c("-1", 
    "0", "1"), c("A", "G"))))))
