Results <-
list(`bwaOutput/20210421msiMNRsJenny/1080_S48.sam` = list(LR36_SNP1 = list(
    All = list(Freqs = structure(c(1L, 4L, 69L, 1030L, 8L, 0L, 
    9L, 0L, 29L, 414L, 536L, 2L, 1L, 17L, 0L, 1L, 13L, 39L, 1L, 
    0L, 0L), .Dim = c(7L, 3L), .Dimnames = structure(list(c("-4", 
    "-2", "-1", "0", "1", "2", NA), c("A", "T", NA)), .Names = c("", 
    "")), class = "table"), N = 2174L), Tag.Distribution = structure(c(`1` = 52L, 
    `2` = 27L, `3` = 32L, `4` = 28L, `5` = 29L, `6` = 33L, `7` = 22L, 
    `8` = 22L, `9` = 16L, `10` = 17L, `11` = 7L, `12` = 7L, `13` = 9L, 
    `14` = 5L, `15` = 5L, `16` = 2L, `17` = 7L, `18` = 4L, `19` = 2L, 
    `20` = 2L, `22` = 1L, `28` = 1L), .Dim = 22L, .Dimnames = structure(list(
        c("1", "2", "3", "4", "5", "6", "7", "8", "9", "10", 
        "11", "12", "13", "14", "15", "16", "17", "18", "19", 
        "20", "22", "28")), .Names = ""), class = "table"), No.Tag = structure(c(0L, 
    0L, 2L, 43L, 1L, 0L, 1L, 0L, 1L, 17L, 30L, 0L, 0L, 2L, 0L, 
    0L, 0L, 2L, 0L, 0L, 0L), .Dim = c(7L, 3L), .Dimnames = structure(list(
        c("-4", "-2", "-1", "0", "1", "2", NA), c("A", "T", NA
        )), .Names = c("", "")), class = "table"), All.Tags = list(
        Concordant = list(Freqs = structure(c(1, 0, 7, 125, 0, 
        0, 0, 3, 54, 69, 0, 0), .Dim = c(6L, 2L), .Dimnames = list(
            c("-4", "-2", "-1", "0", "1", "2"), c("A", "T"))), 
            N = 259), Majority = list(Freqs = structure(c(1, 
        1, 9, 160, 0, 0, 0, 4, 65, 83, 0, 0), .Dim = c(6L, 2L
        ), .Dimnames = list(c("-4", "-2", "-1", "0", "1", "2"
        ), c("A", "T"))), N = 323)), `2` = structure(c(0, 1, 
    7, 135, 0, 0, 0, 3, 60, 70, 0, 0), .Dim = c(6L, 2L), .Dimnames = list(
        c("-4", "-2", "-1", "0", "1", "2"), c("A", "T"))))))
