Results <-
list(`bwaOutput/20210421msiMNRsJenny/1080_S48.sam` = list(GM07_SNP1 = list(
    All = list(Freqs = structure(c(0L, 0L, 5L, 0L, 0L, 1L, 23L, 
    761L, 990L, 43L, 3L, 42L, 0L, 5L, 14L, 2L, 0L, 0L), .Dim = c(6L, 
    3L), .Dimnames = structure(list(c("-2", "-1", "0", "1", "2", 
    NA), c("A", "G", NA)), .Names = c("", "")), class = "table"), 
        N = 1889L), Tag.Distribution = structure(c(`1` = 45L, 
    `2` = 24L, `3` = 19L, `4` = 21L, `5` = 24L, `6` = 24L, `7` = 19L, 
    `8` = 13L, `9` = 17L, `10` = 11L, `11` = 13L, `12` = 7L, 
    `13` = 9L, `14` = 8L, `15` = 8L, `16` = 2L, `17` = 5L, `18` = 3L, 
    `19` = 2L, `21` = 3L, `23` = 1L), .Dim = 21L, .Dimnames = structure(list(
        c("1", "2", "3", "4", "5", "6", "7", "8", "9", "10", 
        "11", "12", "13", "14", "15", "16", "17", "18", "19", 
        "21", "23")), .Names = ""), class = "table"), No.Tag = structure(c(0L, 
    0L, 0L, 0L, 0L, 0L, 1L, 5L, 10L, 0L, 0L, 3L, 0L, 0L, 1L, 
    0L, 0L, 0L), .Dim = c(6L, 3L), .Dimnames = structure(list(
        c("-2", "-1", "0", "1", "2", NA), c("A", "G", NA)), .Names = c("", 
    "")), class = "table"), All.Tags = list(Concordant = list(
        Freqs = structure(c(0, 0, 5, 0, 0, 2, 88, 104, 1, 0), .Dim = c(5L, 
        2L), .Dimnames = list(c("-2", "-1", "0", "1", "2"), c("A", 
        "G"))), N = 200), Majority = list(Freqs = structure(c(0, 
    0, 5, 0, 0, 2, 109, 154, 2, 0), .Dim = c(5L, 2L), .Dimnames = list(
        c("-2", "-1", "0", "1", "2"), c("A", "G"))), N = 272)), 
    `2` = structure(c(0, 0, 0, 0, 0, 1, 96, 133, 2, 0), .Dim = c(5L, 
    2L), .Dimnames = list(c("-2", "-1", "0", "1", "2"), c("A", 
    "G"))))))
