Results <-
list(`bwaOutput/20210421msiMNRsJenny/1080_S48.sam` = list(LR49_SNP1 = list(
    All = list(Freqs = structure(c(75L, 1056L, 0L, 0L, 11L, 971L, 
    1L, 1L, 2L, 18L, 0L, 0L), .Dim = 4:3, .Dimnames = structure(list(
        c("-1", "0", "1", NA), c("A", "G", NA)), .Names = c("", 
    "")), class = "table"), N = 2135L), Tag.Distribution = structure(c(`1` = 71L, 
    `2` = 58L, `3` = 50L, `4` = 38L, `5` = 54L, `6` = 38L, `7` = 27L, 
    `8` = 16L, `9` = 13L, `10` = 15L, `11` = 9L, `12` = 3L, `13` = 7L, 
    `14` = 4L, `15` = 3L, `16` = 3L, `17` = 1L, `18` = 1L, `19` = 1L, 
    `20` = 1L, `21` = 1L, `22` = 2L), .Dim = 22L, .Dimnames = structure(list(
        c("1", "2", "3", "4", "5", "6", "7", "8", "9", "10", 
        "11", "12", "13", "14", "15", "16", "17", "18", "19", 
        "20", "21", "22")), .Names = ""), class = "table"), No.Tag = structure(c(1L, 
    21L, 0L, 0L, 0L, 24L, 0L, 0L, 0L, 4L, 0L, 0L), .Dim = 4:3, .Dimnames = structure(list(
        c("-1", "0", "1", NA), c("A", "G", NA)), .Names = c("", 
    "")), class = "table"), All.Tags = list(Concordant = list(
        Freqs = structure(c(10, 187, 0, 1, 183, 0), .Dim = 3:2, .Dimnames = list(
            c("-1", "0", "1"), c("A", "G"))), N = 381), Majority = list(
        Freqs = structure(c(12, 196, 0, 1, 202, 0), .Dim = 3:2, .Dimnames = list(
            c("-1", "0", "1"), c("A", "G"))), N = 411)), `2` = structure(c(10, 
    167, 0, 1, 165, 0), .Dim = 3:2, .Dimnames = list(c("-1", 
    "0", "1"), c("A", "G"))))))
