Results <-
list(`bwaOutput/20210421msiMNRsJenny/1095_S50.sam` = list(LR40_SNP1 = list(
    All = list(Freqs = structure(c(330L, 616L, 2L, 3L, 11L, 993L, 
    3L, 2L, 0L, 1L, 0L, 0L, 1L, 10L, 0L, 0L), .Dim = c(4L, 4L
    ), .Dimnames = structure(list(c("-1", "0", "1", NA), c("A", 
    "C", "T", NA)), .Names = c("", "")), class = "table"), N = 1972L), 
    Tag.Distribution = structure(c(`1` = 28L, `2` = 6L, `3` = 2L, 
    `4` = 5L, `5` = 4L, `6` = 1L, `7` = 2L, `8` = 2L, `9` = 3L, 
    `10` = 1L, `11` = 2L, `12` = 2L, `13` = 2L, `14` = 1L, `15` = 2L, 
    `16` = 1L, `17` = 1L, `19` = 2L, `20` = 7L, `21` = 4L, `22` = 5L, 
    `24` = 5L, `25` = 3L, `26` = 3L, `27` = 1L, `28` = 1L, `29` = 5L, 
    `34` = 1L, `36` = 1L, `38` = 1L, `40` = 2L, `45` = 1L, `50` = 1L, 
    `58` = 1L, `64` = 1L, `72` = 1L, `74` = 1L, `76` = 1L, `77` = 1L, 
    `80` = 1L), .Dim = 40L, .Dimnames = structure(list(c("1", 
    "2", "3", "4", "5", "6", "7", "8", "9", "10", "11", "12", 
    "13", "14", "15", "16", "17", "19", "20", "21", "22", "24", 
    "25", "26", "27", "28", "29", "34", "36", "38", "40", "45", 
    "50", "58", "64", "72", "74", "76", "77", "80")), .Names = ""), class = "table"), 
    No.Tag = structure(c(1L, 6L, 0L, 0L, 0L, 25L, 0L, 2L, 0L, 
    0L, 0L, 0L, 0L, 1L, 0L, 0L), .Dim = c(4L, 4L), .Dimnames = structure(list(
        c("-1", "0", "1", NA), c("A", "C", "T", NA)), .Names = c("", 
    "")), class = "table"), All.Tags = list(Concordant = list(
        Freqs = structure(c(15, 33, 0, 1, 45, 0, 0, 0, 0), .Dim = c(3L, 
        3L), .Dimnames = list(c("-1", "0", "1"), c("A", "C", 
        "T"))), N = 94), Majority = list(Freqs = structure(c(16, 
    39, 0, 1, 55, 0, 0, 0, 0), .Dim = c(3L, 3L), .Dimnames = list(
        c("-1", "0", "1"), c("A", "C", "T"))), N = 111)), `2` = structure(c(12, 
    32, 0, 0, 41, 0, 0, 0, 0), .Dim = c(3L, 3L), .Dimnames = list(
        c("-1", "0", "1"), c("A", "C", "T"))))))
