Results <-
list(`bwaOutput/20210421msiMNRsJenny/1095_S50.sam` = list(GM26_SNP1 = list(
    All = list(Freqs = structure(c(2L, 516L, 1660L, 6L, 8L, 0L, 
    0L, 44L, 0L, 0L, 0L, 3L, 16L, 0L, 0L), .Dim = c(5L, 3L), .Dimnames = structure(list(
        c("-2", "-1", "0", "1", NA), c("A", "G", NA)), .Names = c("", 
    "")), class = "table"), N = 2255L), Tag.Distribution = structure(c(`1` = 24L, 
    `2` = 3L, `3` = 2L, `5` = 4L, `6` = 2L, `7` = 5L, `8` = 4L, 
    `10` = 3L, `11` = 1L, `12` = 2L, `13` = 2L, `14` = 1L, `15` = 2L, 
    `16` = 2L, `17` = 1L, `18` = 3L, `19` = 2L, `21` = 2L, `22` = 2L, 
    `23` = 4L, `24` = 1L, `25` = 1L, `27` = 2L, `28` = 3L, `29` = 1L, 
    `30` = 1L, `31` = 1L, `32` = 1L, `34` = 1L, `35` = 1L, `38` = 1L, 
    `39` = 3L, `40` = 1L, `41` = 2L, `43` = 2L, `45` = 1L, `48` = 1L, 
    `49` = 2L, `50` = 1L, `51` = 1L, `52` = 1L, `55` = 1L, `56` = 1L, 
    `58` = 1L, `73` = 1L, `76` = 1L, `77` = 1L, `83` = 1L, `94` = 1L
    ), .Dim = 49L, .Dimnames = structure(list(c("1", "2", "3", 
    "5", "6", "7", "8", "10", "11", "12", "13", "14", "15", "16", 
    "17", "18", "19", "21", "22", "23", "24", "25", "27", "28", 
    "29", "30", "31", "32", "34", "35", "38", "39", "40", "41", 
    "43", "45", "48", "49", "50", "51", "52", "55", "56", "58", 
    "73", "76", "77", "83", "94")), .Names = ""), class = "table"), 
    No.Tag = structure(c(0L, 2L, 4L, 0L, 2L, 0L, 0L, 0L, 0L, 
    0L, 0L, 0L, 1L, 0L, 0L), .Dim = c(5L, 3L), .Dimnames = structure(list(
        c("-2", "-1", "0", "1", NA), c("A", "G", NA)), .Names = c("", 
    "")), class = "table"), All.Tags = list(Concordant = list(
        Freqs = structure(c(0, 19, 67, 0, 0, 0, 2, 0), .Dim = c(4L, 
        2L), .Dimnames = list(c("-2", "-1", "0", "1"), c("A", 
        "G"))), N = 88), Majority = list(Freqs = structure(c(0, 
    21, 82, 0, 0, 0, 2, 0), .Dim = c(4L, 2L), .Dimnames = list(
        c("-2", "-1", "0", "1"), c("A", "G"))), N = 105)), `2` = structure(c(0, 
    15, 68, 0, 0, 0, 1, 0), .Dim = c(4L, 2L), .Dimnames = list(
        c("-2", "-1", "0", "1"), c("A", "G"))))))
