Results <-
list(`bwaOutput/20210421msiMNRsJenny/1095_S50.sam` = list(IM49_SNP1 = list(
    All = list(Freqs = structure(c(0L, 0L, 0L, 1L, 0L, 0L, 0L, 
    0L, 16L, 1208L, 1832L, 28L, 0L, 44L, 1L, 73L, 818L, 1391L, 
    31L, 0L, 28L, 0L, 1L, 32L, 137L, 6L, 1L, 0L), .Dim = c(7L, 
    4L), .Dimnames = structure(list(c("-3", "-2", "-1", "0", 
    "1", "2", NA), c("A", "C", "G", NA)), .Names = c("", "")), class = "table"), 
        N = 5648L), Tag.Distribution = structure(c(`1` = 116L, 
    `2` = 21L, `3` = 12L, `4` = 16L, `5` = 26L, `6` = 17L, `7` = 13L, 
    `8` = 12L, `9` = 14L, `10` = 10L, `11` = 13L, `12` = 9L, 
    `13` = 6L, `14` = 12L, `15` = 8L, `16` = 7L, `17` = 12L, 
    `18` = 11L, `19` = 6L, `20` = 8L, `21` = 8L, `22` = 10L, 
    `23` = 3L, `24` = 5L, `25` = 7L, `26` = 7L, `27` = 8L, `28` = 2L, 
    `29` = 3L, `30` = 1L, `31` = 3L, `32` = 9L, `33` = 1L, `34` = 1L, 
    `35` = 1L, `36` = 4L, `37` = 2L, `38` = 3L, `39` = 1L, `40` = 1L, 
    `41` = 2L, `42` = 1L, `43` = 2L, `44` = 1L, `47` = 1L, `48` = 1L, 
    `50` = 3L, `54` = 2L, `55` = 1L, `56` = 2L, `64` = 1L, `72` = 1L, 
    `116` = 1L), .Dim = 53L, .Dimnames = structure(list(c("1", 
    "2", "3", "4", "5", "6", "7", "8", "9", "10", "11", "12", 
    "13", "14", "15", "16", "17", "18", "19", "20", "21", "22", 
    "23", "24", "25", "26", "27", "28", "29", "30", "31", "32", 
    "33", "34", "35", "36", "37", "38", "39", "40", "41", "42", 
    "43", "44", "47", "48", "50", "54", "55", "56", "64", "72", 
    "116")), .Names = ""), class = "table"), No.Tag = structure(c(0L, 
    0L, 0L, 0L, 0L, 0L, 0L, 0L, 0L, 13L, 41L, 1L, 0L, 3L, 0L, 
    0L, 2L, 28L, 0L, 0L, 0L, 0L, 0L, 2L, 7L, 0L, 0L, 0L), .Dim = c(7L, 
    4L), .Dimnames = structure(list(c("-3", "-2", "-1", "0", 
    "1", "2", NA), c("A", "C", "G", NA)), .Names = c("", "")), class = "table"), 
    All.Tags = list(Concordant = list(Freqs = structure(c(0, 
    0, 0, 0, 0, 0, 0, 0, 60, 98, 0, 0, 0, 2, 48, 70, 0, 0), .Dim = c(6L, 
    3L), .Dimnames = list(c("-3", "-2", "-1", "0", "1", "2"), 
        c("A", "C", "G"))), N = 278), Majority = list(Freqs = structure(c(0, 
    0, 0, 0, 0, 0, 0, 0, 81, 142, 0, 0, 0, 4, 69, 114, 0, 0), .Dim = c(6L, 
    3L), .Dimnames = list(c("-3", "-2", "-1", "0", "1", "2"), 
        c("A", "C", "G"))), N = 410)), `2` = structure(c(0, 0, 
    0, 0, 0, 0, 0, 0, 72, 109, 0, 0, 0, 4, 53, 91, 0, 0), .Dim = c(6L, 
    3L), .Dimnames = list(c("-3", "-2", "-1", "0", "1", "2"), 
        c("A", "C", "G"))))))
