Results <-
list(`bwaOutput/20210421msiMNRsJenny/1095_S50.sam` = list(LR10_SNP1 = list(
    All = list(Freqs = structure(c(2L, 744L, 690L, 3L, 0L, 8L, 
    0L, 20L, 1066L, 23L, 1L, 1L, 0L, 4L, 13L, 2L, 0L, 0L), .Dim = c(6L, 
    3L), .Dimnames = structure(list(c("-2", "-1", "0", "1", "2", 
    NA), c("C", "T", NA)), .Names = c("", "")), class = "table"), 
        N = 2577L), Tag.Distribution = structure(c(`1` = 26L, 
    `2` = 3L, `3` = 2L, `4` = 2L, `5` = 2L, `7` = 1L, `8` = 3L, 
    `10` = 6L, `11` = 2L, `12` = 1L, `14` = 2L, `15` = 1L, `16` = 5L, 
    `17` = 4L, `19` = 4L, `20` = 1L, `21` = 1L, `23` = 3L, `24` = 2L, 
    `25` = 1L, `27` = 3L, `28` = 1L, `30` = 1L, `31` = 2L, `32` = 1L, 
    `33` = 2L, `34` = 2L, `35` = 1L, `36` = 1L, `37` = 2L, `38` = 1L, 
    `39` = 1L, `40` = 1L, `41` = 3L, `42` = 1L, `44` = 1L, `46` = 1L, 
    `49` = 2L, `52` = 1L, `53` = 2L, `54` = 1L, `57` = 1L, `62` = 1L, 
    `64` = 1L, `67` = 1L, `70` = 2L, `73` = 1L, `75` = 1L, `80` = 1L, 
    `88` = 1L), .Dim = 50L, .Dimnames = structure(list(c("1", 
    "2", "3", "4", "5", "7", "8", "10", "11", "12", "14", "15", 
    "16", "17", "19", "20", "21", "23", "24", "25", "27", "28", 
    "30", "31", "32", "33", "34", "35", "36", "37", "38", "39", 
    "40", "41", "42", "44", "46", "49", "52", "53", "54", "57", 
    "62", "64", "67", "70", "73", "75", "80", "88")), .Names = ""), class = "table"), 
    No.Tag = structure(c(0L, 4L, 35L, 0L, 0L, 0L, 0L, 0L, 6L, 
    0L, 0L, 0L, 0L, 0L, 1L, 0L, 0L, 0L), .Dim = c(6L, 3L), .Dimnames = structure(list(
        c("-2", "-1", "0", "1", "2", NA), c("C", "T", NA)), .Names = c("", 
    "")), class = "table"), All.Tags = list(Concordant = list(
        Freqs = structure(c(0, 21, 24, 0, 0, 0, 0, 39, 0, 0), .Dim = c(5L, 
        2L), .Dimnames = list(c("-2", "-1", "0", "1", "2"), c("C", 
        "T"))), N = 84), Majority = list(Freqs = structure(c(0, 
    26, 30, 0, 0, 0, 0, 54, 1, 0), .Dim = c(5L, 2L), .Dimnames = list(
        c("-2", "-1", "0", "1", "2"), c("C", "T"))), N = 111)), 
    `2` = structure(c(0, 20, 24, 0, 0, 0, 0, 42, 1, 0), .Dim = c(5L, 
    2L), .Dimnames = list(c("-2", "-1", "0", "1", "2"), c("C", 
    "T"))))))
