Results <-
list(`bwaOutput/20210421msiMNRsJenny/1095_S50.sam` = list(GM29_SNP1 = list(
    All = list(Freqs = structure(c(25L, 1685L, 4L, 3L, 102L, 
    1111L, 4L, 2L, 0L, 18L, 0L, 0L), .Dim = 4:3, .Dimnames = structure(list(
        c("-1", "0", "1", NA), c("A", "G", NA)), .Names = c("", 
    "")), class = "table"), N = 2954L), Tag.Distribution = structure(c(`1` = 35L, 
    `2` = 2L, `3` = 2L, `4` = 1L, `5` = 5L, `6` = 4L, `7` = 6L, 
    `8` = 2L, `9` = 3L, `10` = 1L, `11` = 8L, `12` = 3L, `13` = 2L, 
    `14` = 4L, `15` = 1L, `16` = 2L, `17` = 1L, `18` = 8L, `19` = 4L, 
    `20` = 2L, `21` = 4L, `22` = 2L, `23` = 3L, `24` = 3L, `25` = 4L, 
    `26` = 1L, `27` = 2L, `28` = 1L, `29` = 1L, `31` = 3L, `32` = 2L, 
    `34` = 2L, `35` = 2L, `36` = 1L, `37` = 2L, `38` = 2L, `43` = 1L, 
    `46` = 1L, `47` = 1L, `48` = 1L, `49` = 1L, `50` = 1L, `51` = 1L, 
    `57` = 2L, `59` = 1L, `62` = 1L, `66` = 2L, `71` = 1L, `72` = 2L, 
    `75` = 1L, `76` = 1L, `86` = 1L), .Dim = 52L, .Dimnames = structure(list(
        c("1", "2", "3", "4", "5", "6", "7", "8", "9", "10", 
        "11", "12", "13", "14", "15", "16", "17", "18", "19", 
        "20", "21", "22", "23", "24", "25", "26", "27", "28", 
        "29", "31", "32", "34", "35", "36", "37", "38", "43", 
        "46", "47", "48", "49", "50", "51", "57", "59", "62", 
        "66", "71", "72", "75", "76", "86")), .Names = ""), class = "table"), 
    No.Tag = structure(c(0L, 84L, 0L, 1L, 0L, 5L, 0L, 0L, 0L, 
    1L, 0L, 0L), .Dim = 4:3, .Dimnames = structure(list(c("-1", 
    "0", "1", NA), c("A", "G", NA)), .Names = c("", "")), class = "table"), 
    All.Tags = list(Concordant = list(Freqs = structure(c(0, 
    57, 0, 2, 54, 0), .Dim = 3:2, .Dimnames = list(c("-1", "0", 
    "1"), c("A", "G"))), N = 113), Majority = list(Freqs = structure(c(0, 
    74, 0, 3, 69, 0), .Dim = 3:2, .Dimnames = list(c("-1", "0", 
    "1"), c("A", "G"))), N = 146)), `2` = structure(c(0, 58, 
    0, 3, 54, 0), .Dim = 3:2, .Dimnames = list(c("-1", "0", "1"
    ), c("A", "G"))))))
