Results <-
list(`bwaOutput/20210421msiMNRsJenny/1095_S50.sam` = list(LR48_SNP1 = list(
    All = list(Freqs = structure(c(3L, 280L, 1184L, 25L, 10L, 
    9L, 423L, 510L, 6L, 3L, 0L, 5L, 41L, 1L, 0L), .Dim = c(5L, 
    3L), .Dimnames = structure(list(c("-2", "-1", "0", "1", NA
    ), c("C", "T", NA)), .Names = c("", "")), class = "table"), 
        N = 2500L), Tag.Distribution = structure(c(`1` = 36L, 
    `3` = 2L, `4` = 1L, `5` = 1L, `11` = 1L, `12` = 2L, `14` = 1L, 
    `16` = 1L, `18` = 1L, `19` = 3L, `20` = 2L, `22` = 1L, `25` = 3L, 
    `26` = 1L, `28` = 2L, `29` = 2L, `30` = 1L, `31` = 1L, `32` = 1L, 
    `34` = 1L, `35` = 2L, `36` = 1L, `37` = 1L, `40` = 1L, `43` = 1L, 
    `44` = 3L, `46` = 1L, `48` = 1L, `50` = 3L, `54` = 1L, `57` = 1L, 
    `59` = 1L, `63` = 1L, `64` = 1L, `66` = 1L, `68` = 1L, `70` = 1L, 
    `72` = 1L, `74` = 1L, `76` = 2L, `78` = 1L, `81` = 2L, `82` = 1L, 
    `83` = 1L, `87` = 1L), .Dim = 45L, .Dimnames = structure(list(
        c("1", "3", "4", "5", "11", "12", "14", "16", "18", "19", 
        "20", "22", "25", "26", "28", "29", "30", "31", "32", 
        "34", "35", "36", "37", "40", "43", "44", "46", "48", 
        "50", "54", "57", "59", "63", "64", "66", "68", "70", 
        "72", "74", "76", "78", "81", "82", "83", "87")), .Names = ""), class = "table"), 
    No.Tag = structure(c(0L, 3L, 1L, 0L, 0L, 0L, 3L, 3L, 0L, 
    0L, 0L, 0L, 2L, 0L, 0L), .Dim = c(5L, 3L), .Dimnames = structure(list(
        c("-2", "-1", "0", "1", NA), c("C", "T", NA)), .Names = c("", 
    "")), class = "table"), All.Tags = list(Concordant = list(
        Freqs = structure(c(0, 6, 25, 0, 0, 5, 12, 0), .Dim = c(4L, 
        2L), .Dimnames = list(c("-2", "-1", "0", "1"), c("C", 
        "T"))), N = 48), Majority = list(Freqs = structure(c(0, 
    8, 48, 0, 0, 11, 21, 0), .Dim = c(4L, 2L), .Dimnames = list(
        c("-2", "-1", "0", "1"), c("C", "T"))), N = 88)), `2` = structure(c(0, 
    5, 32, 0, 0, 7, 15, 0), .Dim = c(4L, 2L), .Dimnames = list(
        c("-2", "-1", "0", "1"), c("C", "T"))))))
