Results <-
list(`bwaOutput/20210421msiMNRsJenny/1095_S50.sam` = list(GM14_SNP1 = list(
    All = list(Freqs = structure(c(0L, 0L, 5L, 92L, 0L, 0L, 2L, 
    1L, 16L, 1190L, 2176L, 8L, 1L, 11L, 0L, 0L, 3L, 26L, 0L, 
    0L, 0L), .Dim = c(7L, 3L), .Dimnames = structure(list(c("-4", 
    "-2", "-1", "0", "1", "2", NA), c("C", "T", NA)), .Names = c("", 
    "")), class = "table"), N = 3531L), Tag.Distribution = structure(c(`1` = 47L, 
    `2` = 2L, `3` = 1L, `4` = 4L, `5` = 4L, `6` = 4L, `7` = 3L, 
    `8` = 5L, `9` = 6L, `10` = 3L, `11` = 1L, `12` = 2L, `13` = 3L, 
    `14` = 1L, `15` = 5L, `16` = 1L, `17` = 3L, `18` = 2L, `19` = 7L, 
    `20` = 5L, `21` = 3L, `22` = 6L, `23` = 4L, `24` = 5L, `25` = 2L, 
    `26` = 2L, `27` = 4L, `28` = 3L, `30` = 4L, `31` = 3L, `32` = 1L, 
    `33` = 1L, `34` = 1L, `36` = 1L, `37` = 1L, `38` = 1L, `40` = 4L, 
    `41` = 1L, `42` = 1L, `44` = 1L, `46` = 2L, `47` = 1L, `48` = 1L, 
    `50` = 1L, `51` = 1L, `52` = 1L, `53` = 1L, `56` = 1L, `57` = 1L, 
    `58` = 1L, `60` = 1L, `69` = 1L, `71` = 1L, `73` = 1L, `76` = 2L, 
    `81` = 1L, `88` = 1L, `95` = 1L, `97` = 1L), .Dim = 59L, .Dimnames = structure(list(
        c("1", "2", "3", "4", "5", "6", "7", "8", "9", "10", 
        "11", "12", "13", "14", "15", "16", "17", "18", "19", 
        "20", "21", "22", "23", "24", "25", "26", "27", "28", 
        "30", "31", "32", "33", "34", "36", "37", "38", "40", 
        "41", "42", "44", "46", "47", "48", "50", "51", "52", 
        "53", "56", "57", "58", "60", "69", "71", "73", "76", 
        "81", "88", "95", "97")), .Names = ""), class = "table"), 
    No.Tag = structure(c(0L, 0L, 0L, 1L, 0L, 0L, 0L, 0L, 0L, 
    3L, 7L, 0L, 0L, 0L, 0L, 0L, 0L, 1L, 0L, 0L, 0L), .Dim = c(7L, 
    3L), .Dimnames = structure(list(c("-4", "-2", "-1", "0", 
    "1", "2", NA), c("C", "T", NA)), .Names = c("", "")), class = "table"), 
    All.Tags = list(Concordant = list(Freqs = structure(c(0, 
    0, 2, 7, 0, 0, 0, 2, 40, 71, 0, 0), .Dim = c(6L, 2L), .Dimnames = list(
        c("-4", "-2", "-1", "0", "1", "2"), c("C", "T"))), N = 122), 
        Majority = list(Freqs = structure(c(0, 0, 2, 8, 0, 0, 
        0, 2, 53, 109, 0, 0), .Dim = c(6L, 2L), .Dimnames = list(
            c("-4", "-2", "-1", "0", "1", "2"), c("C", "T"))), 
            N = 174)), `2` = structure(c(0, 0, 0, 1, 0, 0, 0, 
    0, 43, 88, 0, 0), .Dim = c(6L, 2L), .Dimnames = list(c("-4", 
    "-2", "-1", "0", "1", "2"), c("C", "T"))))))
