Results <-
list(`bwaOutput/20210421msiMNRsJenny/1095_S50.sam` = list(LR36_SNP1 = list(
    All = list(Freqs = structure(c(65L, 701L, 3376L, 21L, 47L, 
    1L, 1L, 2L, 0L, 0L, 1L, 2L, 71L, 0L, 0L), .Dim = c(5L, 3L
    ), .Dimnames = structure(list(c("-2", "-1", "0", "1", NA), 
        c("A", "T", NA)), .Names = c("", "")), class = "table"), 
        N = 4288L), Tag.Distribution = structure(c(`1` = 63L, 
    `2` = 8L, `3` = 4L, `4` = 4L, `5` = 3L, `6` = 4L, `7` = 6L, 
    `8` = 7L, `9` = 2L, `10` = 4L, `11` = 9L, `12` = 3L, `13` = 4L, 
    `14` = 4L, `15` = 4L, `16` = 5L, `17` = 6L, `18` = 3L, `19` = 1L, 
    `20` = 4L, `21` = 2L, `22` = 4L, `23` = 2L, `24` = 3L, `25` = 5L, 
    `26` = 2L, `27` = 2L, `28` = 4L, `29` = 4L, `30` = 3L, `31` = 1L, 
    `32` = 3L, `33` = 2L, `34` = 2L, `35` = 5L, `37` = 1L, `39` = 2L, 
    `40` = 2L, `41` = 2L, `42` = 2L, `43` = 1L, `45` = 1L, `46` = 2L, 
    `49` = 2L, `50` = 1L, `51` = 1L, `52` = 1L, `55` = 1L, `57` = 2L, 
    `58` = 1L, `59` = 1L, `61` = 2L, `67` = 2L, `69` = 1L, `71` = 2L, 
    `72` = 1L, `75` = 1L, `86` = 1L, `88` = 1L, `119` = 1L), .Dim = 60L, .Dimnames = structure(list(
        c("1", "2", "3", "4", "5", "6", "7", "8", "9", "10", 
        "11", "12", "13", "14", "15", "16", "17", "18", "19", 
        "20", "21", "22", "23", "24", "25", "26", "27", "28", 
        "29", "30", "31", "32", "33", "34", "35", "37", "39", 
        "40", "41", "42", "43", "45", "46", "49", "50", "51", 
        "52", "55", "57", "58", "59", "61", "67", "69", "71", 
        "72", "75", "86", "88", "119")), .Names = ""), class = "table"), 
    No.Tag = structure(c(1L, 6L, 107L, 1L, 7L, 0L, 0L, 1L, 0L, 
    0L, 0L, 0L, 7L, 0L, 0L), .Dim = c(5L, 3L), .Dimnames = structure(list(
        c("-2", "-1", "0", "1", NA), c("A", "T", NA)), .Names = c("", 
    "")), class = "table"), All.Tags = list(Concordant = list(
        Freqs = structure(c(2, 15, 124, 1, 1, 1, 1, 0), .Dim = c(4L, 
        2L), .Dimnames = list(c("-2", "-1", "0", "1"), c("A", 
        "T"))), N = 145), Majority = list(Freqs = structure(c(2, 
    26, 189, 1, 1, 1, 1, 0), .Dim = c(4L, 2L), .Dimnames = list(
        c("-2", "-1", "0", "1"), c("A", "T"))), N = 221)), `2` = structure(c(2, 
    23, 139, 0, 0, 0, 0, 0), .Dim = c(4L, 2L), .Dimnames = list(
        c("-2", "-1", "0", "1"), c("A", "T"))))))
