Results <-
list(`bwaOutput/20210421msiMNRsJenny/1095_S50.sam` = list(GM07_SNP1 = list(
    All = list(Freqs = structure(c(0L, 0L, 1L, 0L, 0L, 0L, 35L, 
    435L, 1158L, 45L, 2L, 25L, 5L, 254L, 1051L, 26L, 2L, 35L, 
    0L, 0L, 1L, 0L, 0L, 0L, 2L, 4L, 21L, 1L, 0L, 0L), .Dim = 6:5, .Dimnames = structure(list(
        c("-2", "-1", "0", "1", "2", NA), c("-", "A", "G", "T", 
        NA)), .Names = c("", "")), class = "table"), N = 3103L), 
    Tag.Distribution = structure(c(`1` = 34L, `2` = 3L, `4` = 4L, 
    `5` = 5L, `6` = 1L, `7` = 1L, `8` = 5L, `9` = 3L, `10` = 4L, 
    `11` = 2L, `12` = 1L, `13` = 3L, `14` = 3L, `15` = 4L, `16` = 3L, 
    `17` = 4L, `18` = 3L, `20` = 3L, `21` = 2L, `22` = 1L, `23` = 5L, 
    `24` = 2L, `25` = 2L, `26` = 2L, `27` = 3L, `28` = 2L, `29` = 1L, 
    `30` = 4L, `31` = 2L, `32` = 3L, `33` = 2L, `34` = 1L, `37` = 3L, 
    `38` = 3L, `40` = 2L, `41` = 2L, `43` = 1L, `49` = 1L, `51` = 1L, 
    `52` = 1L, `59` = 1L, `62` = 1L, `63` = 1L, `64` = 2L, `66` = 2L, 
    `67` = 1L, `70` = 1L, `73` = 1L, `74` = 1L, `76` = 1L, `85` = 1L, 
    `90` = 1L), .Dim = 52L, .Dimnames = structure(list(c("1", 
    "2", "4", "5", "6", "7", "8", "9", "10", "11", "12", "13", 
    "14", "15", "16", "17", "18", "20", "21", "22", "23", "24", 
    "25", "26", "27", "28", "29", "30", "31", "32", "33", "34", 
    "37", "38", "40", "41", "43", "49", "51", "52", "59", "62", 
    "63", "64", "66", "67", "70", "73", "74", "76", "85", "90"
    )), .Names = ""), class = "table"), No.Tag = structure(c(0L, 
    0L, 0L, 0L, 0L, 0L, 1L, 3L, 35L, 7L, 0L, 3L, 0L, 0L, 9L, 
    0L, 0L, 4L, 0L, 0L, 0L, 0L, 0L, 0L, 0L, 0L, 1L, 0L, 0L, 0L
    ), .Dim = 6:5, .Dimnames = structure(list(c("-2", "-1", "0", 
    "1", "2", NA), c("-", "A", "G", "T", NA)), .Names = c("", 
    "")), class = "table"), All.Tags = list(Concordant = list(
        Freqs = structure(c(0, 0, 0, 0, 0, 0, 7, 22, 0, 0, 0, 
        7, 23, 0, 0, 0, 0, 0, 0, 0), .Dim = 5:4, .Dimnames = list(
            c("-2", "-1", "0", "1", "2"), c("-", "A", "G", "T"
            ))), N = 59), Majority = list(Freqs = structure(c(0, 
    0, 0, 0, 0, 1, 17, 53, 0, 0, 0, 13, 52, 1, 0, 0, 0, 0, 0, 
    0), .Dim = 5:4, .Dimnames = list(c("-2", "-1", "0", "1", 
    "2"), c("-", "A", "G", "T"))), N = 137)), `2` = structure(c(0, 
    0, 0, 0, 0, 1, 14, 41, 0, 0, 0, 11, 43, 1, 0, 0, 0, 0, 0, 
    0), .Dim = 5:4, .Dimnames = list(c("-2", "-1", "0", "1", 
    "2"), c("-", "A", "G", "T"))))))
