Results <-
list(`bwaOutput/20210421msiMNRsJenny/1095_S50.sam` = list(DEPDC2_SNP1 = list(
    All = list(Freqs = structure(c(0L, 0L, 3L, 0L, 0L, 0L, 0L, 
    0L, 8L, 0L, 0L, 0L, 2L, 95L, 7623L, 641L, 3L, 266L, 0L, 0L, 
    50L, 2L, 0L, 0L), .Dim = c(6L, 4L), .Dimnames = structure(list(
        c("-2", "-1", "0", "1", "2", NA), c("A", "C", "T", NA
        )), .Names = c("", "")), class = "table"), N = 8693L), 
    Tag.Distribution = structure(c(`1` = 168L, `2` = 9L, `3` = 13L, 
    `4` = 7L, `5` = 7L, `6` = 15L, `7` = 12L, `8` = 8L, `9` = 11L, 
    `10` = 12L, `11` = 11L, `12` = 10L, `13` = 6L, `14` = 10L, 
    `15` = 8L, `16` = 20L, `17` = 9L, `18` = 7L, `19` = 16L, 
    `20` = 9L, `21` = 12L, `22` = 16L, `23` = 8L, `24` = 8L, 
    `25` = 8L, `26` = 7L, `27` = 4L, `28` = 4L, `29` = 9L, `30` = 4L, 
    `31` = 3L, `32` = 6L, `33` = 5L, `34` = 5L, `35` = 4L, `36` = 5L, 
    `37` = 1L, `38` = 1L, `39` = 2L, `40` = 2L, `41` = 4L, `42` = 2L, 
    `43` = 1L, `44` = 1L, `45` = 4L, `46` = 1L, `47` = 2L, `48` = 2L, 
    `49` = 4L, `50` = 2L, `51` = 1L, `52` = 4L, `53` = 4L, `55` = 2L, 
    `56` = 1L, `57` = 1L, `58` = 2L, `61` = 2L, `62` = 2L, `63` = 1L, 
    `64` = 1L, `65` = 1L, `66` = 1L, `67` = 2L, `68` = 1L, `69` = 1L, 
    `73` = 1L, `74` = 1L, `78` = 1L, `87` = 1L), .Dim = 70L, .Dimnames = structure(list(
        c("1", "2", "3", "4", "5", "6", "7", "8", "9", "10", 
        "11", "12", "13", "14", "15", "16", "17", "18", "19", 
        "20", "21", "22", "23", "24", "25", "26", "27", "28", 
        "29", "30", "31", "32", "33", "34", "35", "36", "37", 
        "38", "39", "40", "41", "42", "43", "44", "45", "46", 
        "47", "48", "49", "50", "51", "52", "53", "55", "56", 
        "57", "58", "61", "62", "63", "64", "65", "66", "67", 
        "68", "69", "73", "74", "78", "87")), .Names = ""), class = "table"), 
    No.Tag = structure(c(0L, 0L, 0L, 0L, 0L, 0L, 0L, 0L, 1L, 
    0L, 0L, 0L, 0L, 1L, 193L, 0L, 0L, 6L, 0L, 0L, 4L, 1L, 0L, 
    0L), .Dim = c(6L, 4L), .Dimnames = structure(list(c("-2", 
    "-1", "0", "1", "2", NA), c("A", "C", "T", NA)), .Names = c("", 
    "")), class = "table"), All.Tags = list(Concordant = list(
        Freqs = structure(c(0, 0, 0, 0, 0, 0, 0, 4, 0, 0, 0, 
        2, 387, 24, 0), .Dim = c(5L, 3L), .Dimnames = list(c("-2", 
        "-1", "0", "1", "2"), c("A", "C", "T"))), N = 417), Majority = list(
        Freqs = structure(c(0, 0, 0, 0, 0, 0, 0, 4, 0, 0, 0, 
        2, 467, 41, 0), .Dim = c(5L, 3L), .Dimnames = list(c("-2", 
        "-1", "0", "1", "2"), c("A", "C", "T"))), N = 514)), 
    `2` = structure(c(0, 0, 0, 0, 0, 0, 0, 0, 0, 0, 0, 2, 336, 
    30, 0), .Dim = c(5L, 3L), .Dimnames = list(c("-2", "-1", 
    "0", "1", "2"), c("A", "C", "T"))))))
