Results <-
list(`bwaOutput/20210421msiMNRsJenny/1095_S50.sam` = list(LR49_SNP1 = list(
    All = list(Freqs = structure(c(0L, 11L, 0L, 12L, 3777L, 1L, 
    0L, 1L, 0L, 0L, 18L, 0L), .Dim = 3:4, .Dimnames = structure(list(
        c("-1", "0", "1"), c("A", "G", "T", NA)), .Names = c("", 
    "")), class = "table"), N = 3820L), Tag.Distribution = structure(c(`1` = 60L, 
    `2` = 11L, `3` = 4L, `4` = 4L, `5` = 7L, `6` = 7L, `7` = 5L, 
    `8` = 3L, `9` = 7L, `10` = 6L, `11` = 2L, `12` = 9L, `13` = 5L, 
    `14` = 2L, `15` = 7L, `16` = 2L, `17` = 4L, `18` = 3L, `19` = 4L, 
    `20` = 3L, `21` = 2L, `22` = 2L, `23` = 5L, `24` = 9L, `25` = 6L, 
    `26` = 3L, `28` = 4L, `29` = 5L, `30` = 2L, `31` = 5L, `32` = 1L, 
    `33` = 1L, `35` = 2L, `36` = 3L, `37` = 1L, `38` = 1L, `39` = 1L, 
    `40` = 1L, `42` = 1L, `43` = 3L, `44` = 1L, `47` = 2L, `49` = 2L, 
    `57` = 1L, `65` = 1L, `66` = 1L, `68` = 1L, `71` = 1L, `72` = 1L, 
    `73` = 2L, `77` = 1L, `79` = 1L, `84` = 1L), .Dim = 53L, .Dimnames = structure(list(
        c("1", "2", "3", "4", "5", "6", "7", "8", "9", "10", 
        "11", "12", "13", "14", "15", "16", "17", "18", "19", 
        "20", "21", "22", "23", "24", "25", "26", "28", "29", 
        "30", "31", "32", "33", "35", "36", "37", "38", "39", 
        "40", "42", "43", "44", "47", "49", "57", "65", "66", 
        "68", "71", "72", "73", "77", "79", "84")), .Names = ""), class = "table"), 
    No.Tag = structure(c(0L, 0L, 0L, 0L, 0L, 122L, 0L, 0L, 0L, 
    0L, 0L, 0L, 0L, 5L, 0L, 0L), .Dim = c(4L, 4L), .Dimnames = structure(list(
        c("-1", "0", "1", NA), c("A", "G", "T", NA)), .Names = c("", 
    "")), class = "table"), All.Tags = list(Concordant = list(
        Freqs = structure(c(0, 1, 0, 0, 207, 0, 0, 0, 0), .Dim = c(3L, 
        3L), .Dimnames = list(c("-1", "0", "1"), c("A", "G", 
        "T"))), N = 208), Majority = list(Freqs = structure(c(0, 
    1, 0, 0, 225, 0, 0, 0, 0), .Dim = c(3L, 3L), .Dimnames = list(
        c("-1", "0", "1"), c("A", "G", "T"))), N = 226)), `2` = structure(c(0, 
    0, 0, 0, 169, 0, 0, 0, 0), .Dim = c(3L, 3L), .Dimnames = list(
        c("-1", "0", "1"), c("A", "G", "T"))))))
