Results <-
list(`bwaOutput/20210421msiMNRsJenny/1095_S50.sam` = list(GM11_SNP1 = list(
    All = list(Freqs = structure(c(1L, 343L, 689L, 3L, 2L, 0L, 
    21L, 868L, 3L, 1L, 0L, 3L, 9L, 1L, 0L), .Dim = c(5L, 3L), .Dimnames = structure(list(
        c("-2", "-1", "0", "1", NA), c("A", "G", NA)), .Names = c("", 
    "")), class = "table"), N = 1944L), Tag.Distribution = structure(c(`1` = 18L, 
    `2` = 2L, `4` = 2L, `5` = 1L, `6` = 1L, `7` = 1L, `8` = 4L, 
    `9` = 4L, `11` = 3L, `12` = 2L, `13` = 5L, `14` = 2L, `15` = 1L, 
    `16` = 2L, `17` = 2L, `18` = 1L, `19` = 2L, `20` = 2L, `23` = 4L, 
    `24` = 3L, `25` = 4L, `26` = 2L, `28` = 2L, `31` = 4L, `32` = 2L, 
    `33` = 1L, `36` = 1L, `37` = 1L, `38` = 1L, `41` = 1L, `47` = 1L, 
    `48` = 1L, `49` = 1L, `51` = 1L, `54` = 1L, `61` = 1L, `64` = 1L, 
    `66` = 1L, `69` = 1L, `73` = 1L, `74` = 1L, `90` = 1L), .Dim = 42L, .Dimnames = structure(list(
        c("1", "2", "4", "5", "6", "7", "8", "9", "11", "12", 
        "13", "14", "15", "16", "17", "18", "19", "20", "23", 
        "24", "25", "26", "28", "31", "32", "33", "36", "37", 
        "38", "41", "47", "48", "49", "51", "54", "61", "64", 
        "66", "69", "73", "74", "90")), .Names = ""), class = "table"), 
    No.Tag = structure(c(0L, 0L, 3L, 0L, 0L, 0L, 0L, 5L, 0L, 
    0L, 0L, 1L, 1L, 0L, 0L), .Dim = c(5L, 3L), .Dimnames = structure(list(
        c("-2", "-1", "0", "1", NA), c("A", "G", NA)), .Names = c("", 
    "")), class = "table"), All.Tags = list(Concordant = list(
        Freqs = structure(c(0, 14, 28, 0, 0, 1, 33, 0), .Dim = c(4L, 
        2L), .Dimnames = list(c("-2", "-1", "0", "1"), c("A", 
        "G"))), N = 76), Majority = list(Freqs = structure(c(0, 
    16, 33, 0, 0, 1, 41, 0), .Dim = c(4L, 2L), .Dimnames = list(
        c("-2", "-1", "0", "1"), c("A", "G"))), N = 91)), `2` = structure(c(0, 
    13, 26, 0, 0, 1, 35, 0), .Dim = c(4L, 2L), .Dimnames = list(
        c("-2", "-1", "0", "1"), c("A", "G"))))))
