Results <-
list(`bwaOutput/20210421msiMNRsJenny/1095_S50.sam` = list(LR44_SNP1 = list(
    All = list(Freqs = structure(c(0L, 0L, 0L, 0L, 1L, 0L, 0L, 
    0L, 0L, 0L, 0L, 15L, 0L, 0L, 0L, 0L, 3L, 82L, 1430L, 3382L, 
    71L, 2L, 1L, 35L, 0L, 1L, 8L, 56L, 1L, 0L, 0L, 0L), .Dim = c(8L, 
    4L), .Dimnames = structure(list(c("-3", "-2", "-1", "0", 
    "1", "2", "3", NA), c("A", "C", "T", NA)), .Names = c("", 
    "")), class = "table"), N = 5088L), Tag.Distribution = structure(c(`1` = 65L, 
    `2` = 5L, `3` = 5L, `4` = 6L, `5` = 1L, `6` = 7L, `7` = 3L, 
    `8` = 4L, `9` = 5L, `10` = 4L, `11` = 3L, `12` = 4L, `14` = 4L, 
    `15` = 1L, `16` = 6L, `17` = 7L, `18` = 5L, `19` = 3L, `20` = 7L, 
    `21` = 5L, `22` = 5L, `23` = 2L, `24` = 4L, `25` = 1L, `26` = 4L, 
    `27` = 4L, `28` = 4L, `29` = 3L, `30` = 4L, `31` = 2L, `32` = 3L, 
    `33` = 1L, `34` = 4L, `35` = 2L, `36` = 4L, `37` = 2L, `38` = 1L, 
    `39` = 1L, `41` = 5L, `42` = 1L, `43` = 1L, `44` = 2L, `45` = 1L, 
    `46` = 1L, `48` = 2L, `49` = 1L, `51` = 1L, `52` = 1L, `53` = 2L, 
    `55` = 2L, `56` = 2L, `57` = 2L, `59` = 1L, `61` = 1L, `62` = 1L, 
    `63` = 1L, `64` = 2L, `65` = 1L, `66` = 1L, `68` = 2L, `69` = 1L, 
    `70` = 1L, `71` = 1L, `72` = 1L, `73` = 1L, `77` = 1L, `83` = 1L, 
    `84` = 1L), .Dim = 68L, .Dimnames = structure(list(c("1", 
    "2", "3", "4", "5", "6", "7", "8", "9", "10", "11", "12", 
    "14", "15", "16", "17", "18", "19", "20", "21", "22", "23", 
    "24", "25", "26", "27", "28", "29", "30", "31", "32", "33", 
    "34", "35", "36", "37", "38", "39", "41", "42", "43", "44", 
    "45", "46", "48", "49", "51", "52", "53", "55", "56", "57", 
    "59", "61", "62", "63", "64", "65", "66", "68", "69", "70", 
    "71", "72", "73", "77", "83", "84")), .Names = ""), class = "table"), 
    No.Tag = structure(c(0L, 0L, 0L, 0L, 0L, 0L, 0L, 0L, 0L, 
    0L, 0L, 0L, 0L, 0L, 0L, 0L, 0L, 0L, 13L, 114L, 2L, 0L, 0L, 
    1L, 0L, 0L, 0L, 2L, 0L, 0L, 0L, 0L), .Dim = c(8L, 4L), .Dimnames = structure(list(
        c("-3", "-2", "-1", "0", "1", "2", "3", NA), c("A", "C", 
        "T", NA)), .Names = c("", "")), class = "table"), All.Tags = list(
        Concordant = list(Freqs = structure(c(0, 0, 0, 0, 0, 
        0, 0, 0, 0, 0, 6, 0, 0, 0, 0, 1, 30, 70, 0, 0, 0), .Dim = c(7L, 
        3L), .Dimnames = list(c("-3", "-2", "-1", "0", "1", "2", 
        "3"), c("A", "C", "T"))), N = 107), Majority = list(Freqs = structure(c(0, 
        0, 0, 0, 0, 0, 0, 0, 0, 0, 6, 0, 0, 0, 0, 2, 58, 169, 
        1, 0, 0), .Dim = c(7L, 3L), .Dimnames = list(c("-3", 
        "-2", "-1", "0", "1", "2", "3"), c("A", "C", "T"))), 
            N = 236)), `2` = structure(c(0, 0, 0, 0, 0, 0, 0, 
    0, 0, 0, 1, 0, 0, 0, 0, 2, 44, 130, 1, 0, 0), .Dim = c(7L, 
    3L), .Dimnames = list(c("-3", "-2", "-1", "0", "1", "2", 
    "3"), c("A", "C", "T"))))))
