Results <-
list(`bwaOutput/20210421msiMNRsJenny/1095_S50.sam` = list(LR17_SNP1 = list(
    All = list(Freqs = structure(c(1L, 56L, 2579L, 3452L, 47L, 
    1L, 58L, 0L, 0L, 0L, 3L, 0L, 0L, 0L, 0L, 1L, 72L, 135L, 1L, 
    0L, 0L), .Dim = c(7L, 3L), .Dimnames = structure(list(c("-3", 
    "-2", "-1", "0", "1", "2", NA), c("A", "G", NA)), .Names = c("", 
    "")), class = "table"), N = 6406L), Tag.Distribution = structure(c(`1` = 68L, 
    `2` = 1L, `3` = 4L, `4` = 1L, `5` = 1L, `7` = 2L, `8` = 2L, 
    `10` = 2L, `11` = 5L, `12` = 3L, `13` = 1L, `14` = 2L, `15` = 1L, 
    `16` = 5L, `17` = 2L, `18` = 1L, `19` = 2L, `20` = 2L, `21` = 2L, 
    `22` = 2L, `23` = 6L, `24` = 2L, `25` = 4L, `26` = 2L, `27` = 2L, 
    `28` = 4L, `29` = 3L, `30` = 2L, `31` = 2L, `32` = 2L, `33` = 3L, 
    `34` = 2L, `35` = 1L, `36` = 1L, `37` = 3L, `38` = 3L, `39` = 2L, 
    `40` = 2L, `42` = 5L, `43` = 5L, `44` = 3L, `45` = 3L, `46` = 5L, 
    `47` = 4L, `48` = 1L, `49` = 5L, `50` = 3L, `51` = 1L, `53` = 1L, 
    `55` = 1L, `56` = 1L, `58` = 2L, `59` = 1L, `60` = 1L, `61` = 1L, 
    `62` = 1L, `63` = 1L, `65` = 3L, `66` = 2L, `67` = 1L, `68` = 1L, 
    `69` = 1L, `70` = 2L, `71` = 2L, `73` = 1L, `79` = 3L, `82` = 1L, 
    `84` = 1L, `87` = 2L, `89` = 3L, `93` = 1L, `94` = 1L, `144` = 1L
    ), .Dim = 73L, .Dimnames = structure(list(c("1", "2", "3", 
    "4", "5", "7", "8", "10", "11", "12", "13", "14", "15", "16", 
    "17", "18", "19", "20", "21", "22", "23", "24", "25", "26", 
    "27", "28", "29", "30", "31", "32", "33", "34", "35", "36", 
    "37", "38", "39", "40", "42", "43", "44", "45", "46", "47", 
    "48", "49", "50", "51", "53", "55", "56", "58", "59", "60", 
    "61", "62", "63", "65", "66", "67", "68", "69", "70", "71", 
    "73", "79", "82", "84", "87", "89", "93", "94", "144")), .Names = ""), class = "table"), 
    No.Tag = structure(c(0L, 6L, 127L, 34L, 1L, 0L, 3L, 0L, 0L, 
    0L, 0L, 0L, 0L, 0L, 0L, 0L, 2L, 1L, 0L, 0L, 0L), .Dim = c(7L, 
    3L), .Dimnames = structure(list(c("-3", "-2", "-1", "0", 
    "1", "2", NA), c("A", "G", NA)), .Names = c("", "")), class = "table"), 
    All.Tags = list(Concordant = list(Freqs = structure(c(0, 
    1, 36, 65, 0, 0, 0, 0, 0, 0, 0, 0), .Dim = c(6L, 2L), .Dimnames = list(
        c("-3", "-2", "-1", "0", "1", "2"), c("A", "G"))), N = 102), 
        Majority = list(Freqs = structure(c(0, 1, 75, 141, 0, 
        0, 0, 0, 0, 0, 0, 0), .Dim = c(6L, 2L), .Dimnames = list(
            c("-3", "-2", "-1", "0", "1", "2"), c("A", "G"))), 
            N = 217)), `2` = structure(c(0, 0, 63, 95, 0, 0, 
    0, 0, 0, 0, 0, 0), .Dim = c(6L, 2L), .Dimnames = list(c("-3", 
    "-2", "-1", "0", "1", "2"), c("A", "G"))))))
