Results <-
list(`bwaOutput/20210421msiMNRsJenny/1095_S50.sam` = list(GM22_SNP1 = list(
    All = list(Freqs = structure(c(1L, 21L, 1516L, 4L, 4L, 4L, 
    416L, 1187L, 3L, 2L, 0L, 4L, 41L, 1L, 0L), .Dim = c(5L, 3L
    ), .Dimnames = structure(list(c("-2", "-1", "0", "1", NA), 
        c("A", "G", NA)), .Names = c("", "")), class = "table"), 
        N = 3204L), Tag.Distribution = structure(c(`1` = 38L, 
    `2` = 3L, `4` = 2L, `5` = 1L, `6` = 6L, `8` = 5L, `9` = 2L, 
    `10` = 3L, `12` = 3L, `13` = 2L, `14` = 3L, `15` = 2L, `16` = 2L, 
    `17` = 2L, `18` = 2L, `19` = 2L, `20` = 3L, `21` = 3L, `22` = 2L, 
    `23` = 3L, `24` = 3L, `25` = 3L, `26` = 2L, `27` = 2L, `29` = 2L, 
    `30` = 1L, `31` = 1L, `32` = 1L, `33` = 2L, `36` = 3L, `37` = 1L, 
    `38` = 2L, `40` = 2L, `42` = 1L, `45` = 1L, `47` = 2L, `51` = 1L, 
    `52` = 2L, `53` = 1L, `54` = 1L, `58` = 2L, `60` = 1L, `62` = 2L, 
    `72` = 3L, `81` = 2L, `83` = 1L, `84` = 1L, `92` = 1L, `97` = 1L, 
    `99` = 1L, `103` = 1L), .Dim = 51L, .Dimnames = structure(list(
        c("1", "2", "4", "5", "6", "8", "9", "10", "12", "13", 
        "14", "15", "16", "17", "18", "19", "20", "21", "22", 
        "23", "24", "25", "26", "27", "29", "30", "31", "32", 
        "33", "36", "37", "38", "40", "42", "45", "47", "51", 
        "52", "53", "54", "58", "60", "62", "72", "81", "83", 
        "84", "92", "97", "99", "103")), .Names = ""), class = "table"), 
    No.Tag = structure(c(0L, 0L, 53L, 0L, 0L, 0L, 1L, 6L, 0L, 
    0L, 0L, 2L, 1L, 0L, 0L), .Dim = c(5L, 3L), .Dimnames = structure(list(
        c("-2", "-1", "0", "1", NA), c("A", "G", NA)), .Names = c("", 
    "")), class = "table"), All.Tags = list(Concordant = list(
        Freqs = structure(c(0, 0, 47, 0, 1, 11, 43, 0), .Dim = c(4L, 
        2L), .Dimnames = list(c("-2", "-1", "0", "1"), c("A", 
        "G"))), N = 102), Majority = list(Freqs = structure(c(0, 
    0, 66, 0, 1, 15, 53, 0), .Dim = c(4L, 2L), .Dimnames = list(
        c("-2", "-1", "0", "1"), c("A", "G"))), N = 135)), `2` = structure(c(0, 
    0, 49, 0, 0, 12, 40, 0), .Dim = c(4L, 2L), .Dimnames = list(
        c("-2", "-1", "0", "1"), c("A", "G"))))))
