Results <-
list(`bwaOutput/20210421msiMNRsJenny/1095_S50.sam` = list(LR20_SNP1 = list(
    All = list(Freqs = structure(c(0L, 0L, 2L, 0L, 0L, 4L, 1119L, 
    1444L, 3L, 7L, 0L, 5L, 12L, 0L, 0L), .Dim = c(5L, 3L), .Dimnames = structure(list(
        c("-2", "-1", "0", "1", NA), c("A", "G", NA)), .Names = c("", 
    "")), class = "table"), N = 2596L), Tag.Distribution = structure(c(`1` = 27L, 
    `2` = 4L, `3` = 3L, `4` = 4L, `5` = 3L, `6` = 3L, `7` = 5L, 
    `8` = 6L, `9` = 4L, `10` = 6L, `11` = 3L, `12` = 4L, `13` = 2L, 
    `14` = 3L, `15` = 2L, `16` = 5L, `17` = 2L, `18` = 4L, `19` = 5L, 
    `20` = 3L, `21` = 2L, `22` = 3L, `23` = 6L, `24` = 4L, `25` = 1L, 
    `26` = 4L, `27` = 2L, `28` = 3L, `29` = 1L, `30` = 3L, `32` = 1L, 
    `33` = 2L, `34` = 2L, `35` = 1L, `36` = 2L, `37` = 2L, `38` = 1L, 
    `39` = 1L, `45` = 1L, `46` = 1L, `49` = 3L, `79` = 2L, `80` = 1L, 
    `100` = 1L), .Dim = 44L, .Dimnames = structure(list(c("1", 
    "2", "3", "4", "5", "6", "7", "8", "9", "10", "11", "12", 
    "13", "14", "15", "16", "17", "18", "19", "20", "21", "22", 
    "23", "24", "25", "26", "27", "28", "29", "30", "32", "33", 
    "34", "35", "36", "37", "38", "39", "45", "46", "49", "79", 
    "80", "100")), .Names = ""), class = "table"), No.Tag = structure(c(0L, 
    0L, 0L, 0L, 0L, 0L, 41L, 33L, 0L, 1L, 0L, 0L, 1L, 0L, 0L), .Dim = c(5L, 
    3L), .Dimnames = structure(list(c("-2", "-1", "0", "1", NA
    ), c("A", "G", NA)), .Names = c("", "")), class = "table"), 
    All.Tags = list(Concordant = list(Freqs = structure(c(0, 
    0, 1, 0, 0, 52, 79, 0), .Dim = c(4L, 2L), .Dimnames = list(
        c("-2", "-1", "0", "1"), c("A", "G"))), N = 132), Majority = list(
        Freqs = structure(c(0, 0, 1, 0, 0, 58, 85, 0), .Dim = c(4L, 
        2L), .Dimnames = list(c("-2", "-1", "0", "1"), c("A", 
        "G"))), N = 144)), `2` = structure(c(0, 0, 0, 0, 0, 49, 
    72, 0), .Dim = c(4L, 2L), .Dimnames = list(c("-2", "-1", 
    "0", "1"), c("A", "G"))))))
