Results <-
list(`bwaOutput/20210421msiMNRsJenny/1095_S50.sam` = list(LR24_SNP1 = list(
    All = list(Freqs = structure(c(8L, 45L, 0L, 0L, 60L, 6341L, 
    20L, 6L, 1L, 21L, 1L, 0L), .Dim = 4:3, .Dimnames = structure(list(
        c("-1", "0", "1", NA), c("A", "G", NA)), .Names = c("", 
    "")), class = "table"), N = 6503L), Tag.Distribution = structure(c(`1` = 106L, 
    `2` = 32L, `3` = 24L, `4` = 17L, `5` = 17L, `6` = 17L, `7` = 15L, 
    `8` = 13L, `9` = 15L, `10` = 12L, `11` = 16L, `12` = 18L, 
    `13` = 8L, `14` = 13L, `15` = 7L, `16` = 14L, `17` = 11L, 
    `18` = 10L, `19` = 9L, `20` = 12L, `21` = 12L, `22` = 7L, 
    `23` = 6L, `24` = 10L, `25` = 6L, `26` = 10L, `27` = 9L, 
    `28` = 1L, `29` = 5L, `30` = 3L, `31` = 2L, `32` = 1L, `33` = 5L, 
    `34` = 4L, `35` = 3L, `36` = 2L, `37` = 1L, `38` = 2L, `39` = 2L, 
    `41` = 2L, `45` = 2L, `46` = 1L, `48` = 3L, `53` = 2L, `61` = 1L, 
    `63` = 1L, `65` = 1L, `68` = 1L, `71` = 1L, `75` = 1L, `76` = 1L, 
    `80` = 1L, `111` = 1L), .Dim = 53L, .Dimnames = structure(list(
        c("1", "2", "3", "4", "5", "6", "7", "8", "9", "10", 
        "11", "12", "13", "14", "15", "16", "17", "18", "19", 
        "20", "21", "22", "23", "24", "25", "26", "27", "28", 
        "29", "30", "31", "32", "33", "34", "35", "36", "37", 
        "38", "39", "41", "45", "46", "48", "53", "61", "63", 
        "65", "68", "71", "75", "76", "80", "111")), .Names = ""), class = "table"), 
    No.Tag = structure(c(0L, 1L, 0L, 0L, 1L, 149L, 0L, 1L, 1L, 
    3L, 0L, 0L), .Dim = 4:3, .Dimnames = structure(list(c("-1", 
    "0", "1", NA), c("A", "G", NA)), .Names = c("", "")), class = "table"), 
    All.Tags = list(Concordant = list(Freqs = structure(c(1, 
    7, 0, 1, 440, 0), .Dim = 3:2, .Dimnames = list(c("-1", "0", 
    "1"), c("A", "G"))), N = 449), Majority = list(Freqs = structure(c(1, 
    7, 0, 2, 482, 0), .Dim = 3:2, .Dimnames = list(c("-1", "0", 
    "1"), c("A", "G"))), N = 492)), `2` = structure(c(1, 3, 0, 
    2, 384, 0), .Dim = 3:2, .Dimnames = list(c("-1", "0", "1"
    ), c("A", "G"))))))
