Results <-
list(`bwaOutput/20210421msiMNRsJenny/1095_S50.sam` = list(LR11_SNP1 = list(
    All = list(Freqs = structure(c(1L, 55L, 1366L, 2384L, 12L, 
    25L, 0L, 0L, 1L, 8L, 0L, 0L, 0L, 0L, 1L, 0L, 0L, 0L, 0L, 
    0L, 5L, 12L, 0L, 0L), .Dim = c(6L, 4L), .Dimnames = structure(list(
        c("-3", "-2", "-1", "0", "1", NA), c("A", "C", "T", NA
        )), .Names = c("", "")), class = "table"), N = 3870L), 
    Tag.Distribution = structure(c(`1` = 54L, `2` = 1L, `5` = 1L, 
    `6` = 2L, `7` = 1L, `8` = 3L, `9` = 1L, `10` = 3L, `11` = 1L, 
    `12` = 4L, `13` = 3L, `14` = 5L, `15` = 2L, `17` = 3L, `18` = 3L, 
    `19` = 9L, `20` = 3L, `21` = 2L, `22` = 2L, `23` = 4L, `24` = 2L, 
    `25` = 4L, `26` = 3L, `28` = 3L, `29` = 7L, `30` = 2L, `31` = 2L, 
    `32` = 5L, `33` = 3L, `34` = 3L, `36` = 1L, `37` = 2L, `38` = 3L, 
    `39` = 2L, `41` = 2L, `42` = 2L, `43` = 1L, `44` = 2L, `45` = 2L, 
    `47` = 1L, `48` = 1L, `49` = 1L, `50` = 2L, `54` = 1L, `55` = 1L, 
    `56` = 1L, `57` = 1L, `58` = 3L, `59` = 2L, `64` = 1L, `65` = 1L, 
    `67` = 2L, `70` = 1L, `72` = 1L, `79` = 2L), .Dim = 55L, .Dimnames = structure(list(
        c("1", "2", "5", "6", "7", "8", "9", "10", "11", "12", 
        "13", "14", "15", "17", "18", "19", "20", "21", "22", 
        "23", "24", "25", "26", "28", "29", "30", "31", "32", 
        "33", "34", "36", "37", "38", "39", "41", "42", "43", 
        "44", "45", "47", "48", "49", "50", "54", "55", "56", 
        "57", "58", "59", "64", "65", "67", "70", "72", "79")), .Names = ""), class = "table"), 
    No.Tag = structure(c(0L, 2L, 0L, 5L, 0L, 1L, 0L, 0L, 0L, 
    0L, 0L, 0L, 0L, 0L, 0L, 0L, 0L, 0L, 0L, 0L, 1L, 0L, 0L, 0L
    ), .Dim = c(6L, 4L), .Dimnames = structure(list(c("-3", "-2", 
    "-1", "0", "1", NA), c("A", "C", "T", NA)), .Names = c("", 
    "")), class = "table"), All.Tags = list(Concordant = list(
        Freqs = structure(c(0, 2, 31, 72, 0, 0, 0, 1, 8, 0, 0, 
        0, 0, 0, 0), .Dim = c(5L, 3L), .Dimnames = list(c("-3", 
        "-2", "-1", "0", "1"), c("A", "C", "T"))), N = 114), 
        Majority = list(Freqs = structure(c(0, 2, 54, 107, 0, 
        0, 0, 1, 8, 0, 0, 0, 0, 0, 0), .Dim = c(5L, 3L), .Dimnames = list(
            c("-3", "-2", "-1", "0", "1"), c("A", "C", "T"))), 
            N = 172)), `2` = structure(c(0, 1, 47, 78, 0, 0, 
    0, 0, 0, 0, 0, 0, 0, 0, 0), .Dim = c(5L, 3L), .Dimnames = list(
        c("-3", "-2", "-1", "0", "1"), c("A", "C", "T"))))))
