Results <-
list(`bwaOutput/20210421msiMNRsJenny/1095_S50.sam` = list(GM01_SNP1 = list(
    All = list(Freqs = structure(c(1L, 96L, 4637L, 20L, 6L, 0L, 
    0L, 0L, 0L, 1L, 0L, 1L, 45L, 1L, 0L), .Dim = c(5L, 3L), .Dimnames = structure(list(
        c("-2", "-1", "0", "1", NA), c("A", "G", NA)), .Names = c("", 
    "")), class = "table"), N = 4808L), Tag.Distribution = structure(c(`1` = 34L, 
    `2` = 1L, `3` = 1L, `4` = 6L, `5` = 3L, `6` = 1L, `7` = 4L, 
    `8` = 2L, `9` = 3L, `10` = 1L, `11` = 1L, `12` = 1L, `13` = 7L, 
    `14` = 2L, `15` = 2L, `16` = 2L, `17` = 3L, `18` = 4L, `19` = 2L, 
    `20` = 1L, `21` = 2L, `22` = 1L, `23` = 4L, `24` = 7L, `25` = 1L, 
    `26` = 2L, `27` = 1L, `28` = 2L, `29` = 1L, `30` = 1L, `31` = 1L, 
    `32` = 3L, `33` = 1L, `34` = 1L, `35` = 5L, `36` = 2L, `37` = 2L, 
    `38` = 2L, `40` = 2L, `41` = 1L, `42` = 2L, `44` = 2L, `45` = 3L, 
    `46` = 2L, `47` = 2L, `48` = 1L, `49` = 2L, `51` = 3L, `52` = 1L, 
    `53` = 2L, `54` = 3L, `55` = 2L, `56` = 2L, `57` = 1L, `58` = 1L, 
    `60` = 1L, `62` = 2L, `63` = 1L, `64` = 1L, `65` = 2L, `66` = 2L, 
    `69` = 1L, `70` = 1L, `72` = 2L, `74` = 2L, `77` = 1L, `84` = 1L, 
    `85` = 2L, `88` = 1L, `93` = 1L), .Dim = 70L, .Dimnames = structure(list(
        c("1", "2", "3", "4", "5", "6", "7", "8", "9", "10", 
        "11", "12", "13", "14", "15", "16", "17", "18", "19", 
        "20", "21", "22", "23", "24", "25", "26", "27", "28", 
        "29", "30", "31", "32", "33", "34", "35", "36", "37", 
        "38", "40", "41", "42", "44", "45", "46", "47", "48", 
        "49", "51", "52", "53", "54", "55", "56", "57", "58", 
        "60", "62", "63", "64", "65", "66", "69", "70", "72", 
        "74", "77", "84", "85", "88", "93")), .Names = ""), class = "table"), 
    No.Tag = structure(c(0L, 0L, 34L, 0L, 0L, 0L, 0L, 0L, 0L, 
    1L, 0L, 0L, 3L, 0L, 0L), .Dim = c(5L, 3L), .Dimnames = structure(list(
        c("-2", "-1", "0", "1", NA), c("A", "G", NA)), .Names = c("", 
    "")), class = "table"), All.Tags = list(Concordant = list(
        Freqs = structure(c(0, 1, 108, 0, 0, 0, 0, 0), .Dim = c(4L, 
        2L), .Dimnames = list(c("-2", "-1", "0", "1"), c("A", 
        "G"))), N = 109), Majority = list(Freqs = structure(c(0, 
    1, 168, 0, 0, 0, 0, 0), .Dim = c(4L, 2L), .Dimnames = list(
        c("-2", "-1", "0", "1"), c("A", "G"))), N = 169)), `2` = structure(c(0, 
    1, 138, 0, 0, 0, 0, 0), .Dim = c(4L, 2L), .Dimnames = list(
        c("-2", "-1", "0", "1"), c("A", "G"))))))
