Results <-
list(`bwaOutput/20210421msiMNRsJenny/1095_S50.sam` = list(IM16_SNP1 = list(
    All = list(Freqs = structure(c(0L, 0L, 1L, 0L, 0L, 2L, 1098L, 
    1383L, 12L, 8L, 0L, 0L, 6L, 0L, 0L, 0L, 2L, 18L, 0L, 0L), .Dim = 5:4, .Dimnames = structure(list(
        c("-2", "-1", "0", "1", NA), c("-", "A", "G", NA)), .Names = c("", 
    "")), class = "table"), N = 2530L), Tag.Distribution = structure(c(`1` = 39L, 
    `2` = 3L, `3` = 5L, `4` = 1L, `5` = 1L, `6` = 1L, `8` = 3L, 
    `9` = 2L, `10` = 2L, `11` = 1L, `12` = 2L, `14` = 2L, `15` = 1L, 
    `16` = 2L, `17` = 2L, `18` = 1L, `19` = 4L, `20` = 1L, `21` = 3L, 
    `22` = 2L, `23` = 4L, `26` = 2L, `28` = 1L, `29` = 5L, `31` = 1L, 
    `32` = 1L, `33` = 1L, `34` = 1L, `35` = 1L, `36` = 1L, `37` = 1L, 
    `39` = 1L, `40` = 1L, `42` = 1L, `43` = 2L, `44` = 1L, `48` = 2L, 
    `49` = 1L, `55` = 1L, `59` = 1L, `64` = 1L, `68` = 1L, `71` = 1L, 
    `72` = 2L, `73` = 1L, `75` = 1L, `77` = 1L, `83` = 1L, `85` = 1L, 
    `86` = 1L, `96` = 1L), .Dim = 51L, .Dimnames = structure(list(
        c("1", "2", "3", "4", "5", "6", "8", "9", "10", "11", 
        "12", "14", "15", "16", "17", "18", "19", "20", "21", 
        "22", "23", "26", "28", "29", "31", "32", "33", "34", 
        "35", "36", "37", "39", "40", "42", "43", "44", "48", 
        "49", "55", "59", "64", "68", "71", "72", "73", "75", 
        "77", "83", "85", "86", "96")), .Names = ""), class = "table"), 
    No.Tag = structure(c(0L, 0L, 0L, 0L, 0L, 0L, 4L, 32L, 0L, 
    0L, 0L, 0L, 1L, 0L, 0L, 0L, 0L, 4L, 0L, 0L), .Dim = 5:4, .Dimnames = structure(list(
        c("-2", "-1", "0", "1", NA), c("-", "A", "G", NA)), .Names = c("", 
    "")), class = "table"), All.Tags = list(Concordant = list(
        Freqs = structure(c(0, 0, 0, 0, 0, 36, 41, 0, 0, 0, 5, 
        0), .Dim = 4:3, .Dimnames = list(c("-2", "-1", "0", "1"
        ), c("-", "A", "G"))), N = 82), Majority = list(Freqs = structure(c(0, 
    0, 0, 0, 0, 46, 61, 0, 0, 0, 5, 0), .Dim = 4:3, .Dimnames = list(
        c("-2", "-1", "0", "1"), c("-", "A", "G"))), N = 112)), 
    `2` = structure(c(0, 0, 0, 0, 0, 34, 47, 0, 0, 0, 0, 0), .Dim = 4:3, .Dimnames = list(
        c("-2", "-1", "0", "1"), c("-", "A", "G"))))))
