Results <-
list(`bwaOutput/20210421msiMNRsJenny/1095_S50.sam` = list(LR46_SNP1 = list(
    All = list(Freqs = structure(c(0L, 1L, 0L, 0L, 10L, 2631L, 
    3L, 3L, 0L, 3L, 0L, 0L, 0L, 20L, 1L, 0L), .Dim = c(4L, 4L
    ), .Dimnames = structure(list(c("-1", "0", "1", NA), c("A", 
    "G", "T", NA)), .Names = c("", "")), class = "table"), N = 2672L), 
    Tag.Distribution = structure(c(`1` = 46L, `2` = 2L, `5` = 1L, 
    `7` = 1L, `8` = 2L, `9` = 2L, `10` = 1L, `12` = 3L, `13` = 1L, 
    `14` = 2L, `15` = 4L, `16` = 3L, `17` = 1L, `18` = 1L, `19` = 3L, 
    `21` = 3L, `23` = 4L, `24` = 2L, `25` = 2L, `26` = 2L, `27` = 1L, 
    `28` = 1L, `29` = 1L, `30` = 2L, `31` = 2L, `32` = 1L, `34` = 1L, 
    `36` = 1L, `37` = 3L, `38` = 2L, `40` = 2L, `41` = 3L, `42` = 2L, 
    `43` = 1L, `45` = 2L, `48` = 1L, `49` = 1L, `50` = 1L, `55` = 1L, 
    `56` = 1L, `60` = 1L, `63` = 1L, `64` = 3L, `65` = 1L, `66` = 1L, 
    `69` = 1L, `74` = 1L, `75` = 1L, `91` = 1L), .Dim = 49L, .Dimnames = structure(list(
        c("1", "2", "5", "7", "8", "9", "10", "12", "13", "14", 
        "15", "16", "17", "18", "19", "21", "23", "24", "25", 
        "26", "27", "28", "29", "30", "31", "32", "34", "36", 
        "37", "38", "40", "41", "42", "43", "45", "48", "49", 
        "50", "55", "56", "60", "63", "64", "65", "66", "69", 
        "74", "75", "91")), .Names = ""), class = "table"), No.Tag = structure(c(0L, 
    0L, 0L, 0L, 0L, 50L, 0L, 2L, 0L, 0L, 0L, 0L, 0L, 4L, 0L, 
    0L), .Dim = c(4L, 4L), .Dimnames = structure(list(c("-1", 
    "0", "1", NA), c("A", "G", "T", NA)), .Names = c("", "")), class = "table"), 
    All.Tags = list(Concordant = list(Freqs = structure(c(0, 
    0, 0, 0, 110, 0, 0, 3, 0), .Dim = c(3L, 3L), .Dimnames = list(
        c("-1", "0", "1"), c("A", "G", "T"))), N = 113), Majority = list(
        Freqs = structure(c(0, 0, 0, 0, 122, 0, 0, 3, 0), .Dim = c(3L, 
        3L), .Dimnames = list(c("-1", "0", "1"), c("A", "G", 
        "T"))), N = 125)), `2` = structure(c(0, 0, 0, 0, 81, 
    0, 0, 0, 0), .Dim = c(3L, 3L), .Dimnames = list(c("-1", "0", 
    "1"), c("A", "G", "T"))))))
