Results <-
list(`bwaOutput/20210421msiMNRsJenny/1095_S50.sam` = list(LR52_SNP1 = list(
    All = list(Freqs = structure(c(0L, 0L, 0L, 0L, 1L, 0L, 0L, 
    1L, 84L, 451L, 38L, 395L, 2L, 12L, 2L, 1L, 35L, 408L, 673L, 
    7L, 29L, 0L, 0L, 8L, 6L, 179L, 2L, 0L), .Dim = c(7L, 4L), .Dimnames = structure(list(
        c("-4", "-3", "-2", "-1", "0", "1", NA), c("A", "C", 
        "T", NA)), .Names = c("", "")), class = "table"), N = 2334L), 
    Tag.Distribution = structure(c(`1` = 22L, `4` = 3L, `5` = 1L, 
    `6` = 1L, `8` = 2L, `10` = 2L, `11` = 3L, `13` = 2L, `14` = 1L, 
    `15` = 3L, `16` = 1L, `18` = 3L, `19` = 2L, `20` = 4L, `21` = 1L, 
    `23` = 2L, `24` = 1L, `25` = 1L, `26` = 2L, `27` = 2L, `29` = 1L, 
    `31` = 1L, `32` = 1L, `33` = 1L, `35` = 2L, `36` = 1L, `37` = 2L, 
    `39` = 1L, `40` = 5L, `42` = 1L, `43` = 1L, `45` = 2L, `46` = 1L, 
    `52` = 1L, `53` = 1L, `58` = 1L, `60` = 1L, `61` = 1L, `66` = 1L, 
    `67` = 1L, `69` = 1L, `73` = 1L, `78` = 1L, `84` = 1L, `92` = 1L, 
    `134` = 1L), .Dim = 46L, .Dimnames = structure(list(c("1", 
    "4", "5", "6", "8", "10", "11", "13", "14", "15", "16", "18", 
    "19", "20", "21", "23", "24", "25", "26", "27", "29", "31", 
    "32", "33", "35", "36", "37", "39", "40", "42", "43", "45", 
    "46", "52", "53", "58", "60", "61", "66", "67", "69", "73", 
    "78", "84", "92", "134")), .Names = ""), class = "table"), 
    No.Tag = structure(c(0L, 0L, 0L, 0L, 0L, 0L, 0L, 0L, 0L, 
    1L, 1L, 2L, 0L, 0L, 0L, 0L, 0L, 5L, 3L, 0L, 0L, 0L, 0L, 0L, 
    0L, 0L, 1L, 0L), .Dim = c(7L, 4L), .Dimnames = structure(list(
        c("-4", "-3", "-2", "-1", "0", "1", NA), c("A", "C", 
        "T", NA)), .Names = c("", "")), class = "table"), All.Tags = list(
        Concordant = list(Freqs = structure(c(0, 0, 0, 0, 0, 
        0, 0, 3, 9, 0, 6, 0, 1, 0, 1, 4, 11, 0), .Dim = c(6L, 
        3L), .Dimnames = list(c("-4", "-3", "-2", "-1", "0", 
        "1"), c("A", "C", "T"))), N = 35), Majority = list(Freqs = structure(c(0, 
        0, 0, 0, 0, 0, 0, 3, 16, 0, 19, 0, 1, 0, 1, 16, 30, 0
        ), .Dim = c(6L, 3L), .Dimnames = list(c("-4", "-3", "-2", 
        "-1", "0", "1"), c("A", "C", "T"))), N = 86)), `2` = structure(c(0, 
    0, 0, 0, 0, 0, 0, 2, 13, 0, 19, 0, 0, 0, 0, 13, 23, 0), .Dim = c(6L, 
    3L), .Dimnames = list(c("-4", "-3", "-2", "-1", "0", "1"), 
        c("A", "C", "T"))))))
