Results <-
list(`bwaOutput/20210421msiMNRsJenny/1095_S50.sam` = list(GM09_SNP1 = list(
    All = list(Freqs = structure(c(23L, 3738L, 9L, 3L, 42L, 3704L, 
    5L, 4L, 0L, 27L, 0L, 0L), .Dim = 4:3, .Dimnames = structure(list(
        c("-1", "0", "1", NA), c("A", "G", NA)), .Names = c("", 
    "")), class = "table"), N = 7555L), Tag.Distribution = structure(c(`1` = 94L, 
    `2` = 10L, `3` = 4L, `4` = 3L, `5` = 5L, `6` = 3L, `7` = 3L, 
    `8` = 7L, `9` = 7L, `10` = 8L, `11` = 7L, `12` = 2L, `13` = 8L, 
    `14` = 10L, `15` = 7L, `16` = 6L, `17` = 8L, `18` = 8L, `19` = 8L, 
    `20` = 9L, `21` = 6L, `22` = 2L, `23` = 11L, `24` = 5L, `25` = 4L, 
    `26` = 2L, `27` = 5L, `28` = 6L, `29` = 2L, `30` = 4L, `31` = 4L, 
    `32` = 2L, `33` = 2L, `34` = 5L, `35` = 4L, `36` = 7L, `37` = 2L, 
    `38` = 2L, `39` = 2L, `40` = 2L, `41` = 1L, `43` = 1L, `45` = 1L, 
    `46` = 1L, `47` = 2L, `48` = 1L, `49` = 2L, `50` = 2L, `51` = 1L, 
    `52` = 2L, `53` = 2L, `55` = 1L, `56` = 1L, `58` = 2L, `60` = 5L, 
    `62` = 2L, `63` = 2L, `64` = 3L, `65` = 1L, `66` = 2L, `72` = 2L, 
    `73` = 2L, `74` = 1L, `75` = 1L, `76` = 1L, `77` = 1L, `78` = 1L, 
    `80` = 1L, `81` = 1L, `82` = 2L, `83` = 1L, `87` = 1L, `94` = 1L, 
    `95` = 1L, `98` = 2L, `107` = 1L), .Dim = 76L, .Dimnames = structure(list(
        c("1", "2", "3", "4", "5", "6", "7", "8", "9", "10", 
        "11", "12", "13", "14", "15", "16", "17", "18", "19", 
        "20", "21", "22", "23", "24", "25", "26", "27", "28", 
        "29", "30", "31", "32", "33", "34", "35", "36", "37", 
        "38", "39", "40", "41", "43", "45", "46", "47", "48", 
        "49", "50", "51", "52", "53", "55", "56", "58", "60", 
        "62", "63", "64", "65", "66", "72", "73", "74", "75", 
        "76", "77", "78", "80", "81", "82", "83", "87", "94", 
        "95", "98", "107")), .Names = ""), class = "table"), 
    No.Tag = structure(c(0L, 30L, 0L, 0L, 1L, 63L, 0L, 0L, 0L, 
    3L, 0L, 0L), .Dim = 4:3, .Dimnames = structure(list(c("-1", 
    "0", "1", NA), c("A", "G", NA)), .Names = c("", "")), class = "table"), 
    All.Tags = list(Concordant = list(Freqs = structure(c(0, 
    145, 0, 1, 137, 0), .Dim = 3:2, .Dimnames = list(c("-1", 
    "0", "1"), c("A", "G"))), N = 283), Majority = list(Freqs = structure(c(0, 
    175, 0, 2, 166, 0), .Dim = 3:2, .Dimnames = list(c("-1", 
    "0", "1"), c("A", "G"))), N = 343)), `2` = structure(c(0, 
    128, 0, 1, 128, 0), .Dim = 3:2, .Dimnames = list(c("-1", 
    "0", "1"), c("A", "G"))))))
