Results <-
list(`bwaOutput/20210421msiMNRsJenny/1095_S50.sam` = list(GM17_SNP1 = list(
    All = list(Freqs = structure(c(51L, 4250L, 17L, 5L, 0L, 8L, 
    0L, 0L, 1L, 28L, 0L, 0L), .Dim = 4:3, .Dimnames = structure(list(
        c("-1", "0", "1", NA), c("C", "T", NA)), .Names = c("", 
    "")), class = "table"), N = 4360L), Tag.Distribution = structure(c(`1` = 51L, 
    `2` = 3L, `4` = 5L, `5` = 2L, `6` = 3L, `7` = 4L, `8` = 3L, 
    `9` = 1L, `10` = 4L, `11` = 7L, `12` = 4L, `13` = 1L, `14` = 2L, 
    `15` = 1L, `16` = 3L, `17` = 3L, `18` = 1L, `19` = 4L, `20` = 3L, 
    `21` = 2L, `22` = 4L, `23` = 5L, `24` = 2L, `25` = 2L, `26` = 2L, 
    `27` = 2L, `28` = 5L, `29` = 1L, `30` = 2L, `31` = 4L, `32` = 2L, 
    `33` = 2L, `34` = 1L, `35` = 1L, `36` = 2L, `37` = 5L, `38` = 2L, 
    `39` = 1L, `42` = 2L, `43` = 1L, `44` = 1L, `45` = 3L, `47` = 2L, 
    `48` = 1L, `49` = 2L, `50` = 1L, `51` = 2L, `52` = 1L, `54` = 1L, 
    `55` = 1L, `57` = 1L, `58` = 1L, `59` = 1L, `60` = 1L, `62` = 1L, 
    `64` = 2L, `65` = 2L, `66` = 1L, `70` = 1L, `72` = 1L, `75` = 1L, 
    `77` = 1L, `79` = 1L, `88` = 1L, `103` = 1L), .Dim = 65L, .Dimnames = structure(list(
        c("1", "2", "4", "5", "6", "7", "8", "9", "10", "11", 
        "12", "13", "14", "15", "16", "17", "18", "19", "20", 
        "21", "22", "23", "24", "25", "26", "27", "28", "29", 
        "30", "31", "32", "33", "34", "35", "36", "37", "38", 
        "39", "42", "43", "44", "45", "47", "48", "49", "50", 
        "51", "52", "54", "55", "57", "58", "59", "60", "62", 
        "64", "65", "66", "70", "72", "75", "77", "79", "88", 
        "103")), .Names = ""), class = "table"), No.Tag = structure(c(6L, 
    293L, 0L, 1L, 0L, 0L, 0L, 0L, 0L, 4L, 0L, 0L), .Dim = 4:3, .Dimnames = structure(list(
        c("-1", "0", "1", NA), c("C", "T", NA)), .Names = c("", 
    "")), class = "table"), All.Tags = list(Concordant = list(
        Freqs = structure(c(1, 125, 0, 0, 7, 0), .Dim = 3:2, .Dimnames = list(
            c("-1", "0", "1"), c("C", "T"))), N = 133), Majority = list(
        Freqs = structure(c(1, 173, 0, 0, 7, 0), .Dim = 3:2, .Dimnames = list(
            c("-1", "0", "1"), c("C", "T"))), N = 181)), `2` = structure(c(0, 
    136, 0, 0, 0, 0), .Dim = 3:2, .Dimnames = list(c("-1", "0", 
    "1"), c("C", "T"))))))
