Results <-
list(`bwaOutput/20210421msiMNRsJenny/1096_S51.sam` = list(LR36_SNP1 = list(
    All = list(Freqs = structure(c(0L, 0L, 1L, 14L, 0L, 0L, 0L, 
    0L, 0L, 1L, 0L, 0L, 0L, 0L, 1L, 1L, 0L, 0L, 1L, 36L, 918L, 
    3866L, 23L, 61L, 0L, 1L, 20L, 195L, 2L, 0L), .Dim = 6:5, .Dimnames = structure(list(
        c("-3", "-2", "-1", "0", "1", NA), c("A", "C", "G", "T", 
        NA)), .Names = c("", "")), class = "table"), N = 5141L), 
    Tag.Distribution = structure(c(`1` = 77L, `2` = 21L, `3` = 23L, 
    `4` = 18L, `5` = 25L, `6` = 14L, `7` = 18L, `8` = 23L, `9` = 27L, 
    `10` = 15L, `11` = 18L, `12` = 11L, `13` = 14L, `14` = 10L, 
    `15` = 9L, `16` = 13L, `17` = 7L, `18` = 4L, `19` = 9L, `20` = 5L, 
    `21` = 3L, `22` = 5L, `23` = 7L, `24` = 7L, `25` = 4L, `26` = 10L, 
    `27` = 3L, `28` = 1L, `29` = 4L, `30` = 6L, `31` = 1L, `32` = 4L, 
    `33` = 2L, `34` = 2L, `35` = 4L, `36` = 1L, `37` = 1L, `38` = 3L, 
    `39` = 2L, `42` = 2L, `44` = 2L, `46` = 1L, `51` = 1L, `58` = 1L, 
    `61` = 1L), .Dim = 45L, .Dimnames = structure(list(c("1", 
    "2", "3", "4", "5", "6", "7", "8", "9", "10", "11", "12", 
    "13", "14", "15", "16", "17", "18", "19", "20", "21", "22", 
    "23", "24", "25", "26", "27", "28", "29", "30", "31", "32", 
    "33", "34", "35", "36", "37", "38", "39", "42", "44", "46", 
    "51", "58", "61")), .Names = ""), class = "table"), No.Tag = structure(c(0L, 
    0L, 0L, 1L, 0L, 0L, 0L, 0L, 0L, 0L, 0L, 0L, 0L, 0L, 0L, 0L, 
    0L, 0L, 0L, 0L, 7L, 123L, 2L, 11L, 0L, 0L, 2L, 13L, 0L, 0L
    ), .Dim = 6:5, .Dimnames = structure(list(c("-3", "-2", "-1", 
    "0", "1", NA), c("A", "C", "G", "T", NA)), .Names = c("", 
    "")), class = "table"), All.Tags = list(Concordant = list(
        Freqs = structure(c(0, 0, 0, 4, 0, 0, 0, 0, 0, 0, 0, 
        0, 0, 0, 0, 0, 3, 49, 256, 1), .Dim = 5:4, .Dimnames = list(
            c("-3", "-2", "-1", "0", "1"), c("A", "C", "G", "T"
            ))), N = 313), Majority = list(Freqs = structure(c(0, 
    0, 0, 4, 0, 0, 0, 0, 0, 0, 0, 0, 0, 0, 0, 0, 3, 69, 345, 
    1), .Dim = 5:4, .Dimnames = list(c("-3", "-2", "-1", "0", 
    "1"), c("A", "C", "G", "T"))), N = 422)), `2` = structure(c(0, 
    0, 0, 0, 0, 0, 0, 0, 0, 0, 0, 0, 0, 0, 0, 0, 3, 63, 293, 
    1), .Dim = 5:4, .Dimnames = list(c("-3", "-2", "-1", "0", 
    "1"), c("A", "C", "G", "T"))))))
