Results <-
list(`bwaOutput/20210421msiMNRsJenny/1096_S51.sam` = list(GM14_SNP1 = list(
    All = list(Freqs = structure(c(0L, 0L, 1L, 0L, 0L, 0L, 0L, 
    1L, 431L, 366L, 53L, 1570L, 5L, 7L, 0L, 1L, 18L, 564L, 1303L, 
    9L, 4L, 0L, 0L, 0L, 0L, 29L, 0L, 0L), .Dim = c(7L, 4L), .Dimnames = structure(list(
        c("-4", "-3", "-2", "-1", "0", "1", NA), c("-", "C", 
        "T", NA)), .Names = c("", "")), class = "table"), N = 4362L), 
    Tag.Distribution = structure(c(`1` = 66L, `2` = 19L, `3` = 23L, 
    `4` = 14L, `5` = 24L, `6` = 11L, `7` = 11L, `8` = 13L, `9` = 11L, 
    `10` = 14L, `11` = 8L, `12` = 17L, `13` = 9L, `14` = 3L, 
    `15` = 6L, `16` = 9L, `17` = 7L, `18` = 10L, `19` = 8L, `20` = 5L, 
    `21` = 6L, `22` = 8L, `23` = 5L, `24` = 6L, `25` = 1L, `26` = 3L, 
    `27` = 3L, `28` = 2L, `29` = 2L, `30` = 2L, `31` = 4L, `32` = 3L, 
    `33` = 3L, `34` = 3L, `35` = 2L, `37` = 4L, `38` = 1L, `39` = 1L, 
    `40` = 1L, `41` = 1L, `42` = 1L, `43` = 1L, `44` = 3L, `50` = 1L, 
    `52` = 1L, `54` = 1L, `58` = 1L, `74` = 1L), .Dim = 48L, .Dimnames = structure(list(
        c("1", "2", "3", "4", "5", "6", "7", "8", "9", "10", 
        "11", "12", "13", "14", "15", "16", "17", "18", "19", 
        "20", "21", "22", "23", "24", "25", "26", "27", "28", 
        "29", "30", "31", "32", "33", "34", "35", "37", "38", 
        "39", "40", "41", "42", "43", "44", "50", "52", "54", 
        "58", "74")), .Names = ""), class = "table"), No.Tag = structure(c(0L, 
    0L, 0L, 0L, 0L, 0L, 0L, 0L, 0L, 22L, 1L, 28L, 0L, 0L, 0L, 
    0L, 0L, 2L, 16L, 0L, 1L, 0L, 0L, 0L, 0L, 0L, 0L, 0L), .Dim = c(7L, 
    4L), .Dimnames = structure(list(c("-4", "-3", "-2", "-1", 
    "0", "1", NA), c("-", "C", "T", NA)), .Names = c("", "")), class = "table"), 
    All.Tags = list(Concordant = list(Freqs = structure(c(0, 
    0, 0, 0, 0, 0, 0, 23, 19, 3, 103, 0, 0, 0, 3, 42, 82, 0), .Dim = c(6L, 
    3L), .Dimnames = list(c("-4", "-3", "-2", "-1", "0", "1"), 
        c("-", "C", "T"))), N = 275), Majority = list(Freqs = structure(c(0, 
    0, 0, 0, 0, 0, 0, 26, 24, 4, 137, 0, 0, 0, 3, 52, 109, 0), .Dim = c(6L, 
    3L), .Dimnames = list(c("-4", "-3", "-2", "-1", "0", "1"), 
        c("-", "C", "T"))), N = 355)), `2` = structure(c(0, 0, 
    0, 0, 0, 0, 0, 23, 24, 1, 113, 0, 0, 0, 3, 42, 86, 0), .Dim = c(6L, 
    3L), .Dimnames = list(c("-4", "-3", "-2", "-1", "0", "1"), 
        c("-", "C", "T"))))))
