Results <-
list(`bwaOutput/20210421msiMNRsJenny/1096_S51.sam` = list(LR40_SNP1 = list(
    All = list(Freqs = structure(c(0L, 0L, 1L, 0L, 0L, 1L, 390L, 
    1903L, 5L, 2L, 0L, 0L, 1L, 0L, 0L, 0L, 0L, 1L, 0L, 0L, 0L, 
    1L, 11L, 0L, 0L), .Dim = c(5L, 5L), .Dimnames = structure(list(
        c("-2", "-1", "0", "1", NA), c("A", "C", "G", "T", NA
        )), .Names = c("", "")), class = "table"), N = 2316L), 
    Tag.Distribution = structure(c(`1` = 35L, `2` = 18L, `3` = 27L, 
    `4` = 17L, `5` = 18L, `6` = 10L, `7` = 8L, `8` = 10L, `9` = 9L, 
    `10` = 12L, `11` = 10L, `12` = 8L, `13` = 4L, `14` = 7L, 
    `15` = 3L, `16` = 6L, `17` = 3L, `18` = 5L, `19` = 1L, `20` = 1L, 
    `21` = 4L, `22` = 3L, `23` = 2L, `24` = 1L, `25` = 1L, `26` = 2L, 
    `27` = 2L, `28` = 1L, `31` = 1L, `32` = 2L, `33` = 1L, `34` = 1L, 
    `35` = 2L, `41` = 1L, `43` = 2L, `44` = 1L, `48` = 1L, `57` = 1L
    ), .Dim = 38L, .Dimnames = structure(list(c("1", "2", "3", 
    "4", "5", "6", "7", "8", "9", "10", "11", "12", "13", "14", 
    "15", "16", "17", "18", "19", "20", "21", "22", "23", "24", 
    "25", "26", "27", "28", "31", "32", "33", "34", "35", "41", 
    "43", "44", "48", "57")), .Names = ""), class = "table"), 
    No.Tag = structure(c(0L, 0L, 0L, 0L, 0L, 0L, 2L, 42L, 0L, 
    0L, 0L, 0L, 0L, 0L, 0L, 0L, 0L, 0L, 0L, 0L, 0L, 0L, 1L, 0L, 
    0L), .Dim = c(5L, 5L), .Dimnames = structure(list(c("-2", 
    "-1", "0", "1", NA), c("A", "C", "G", "T", NA)), .Names = c("", 
    "")), class = "table"), All.Tags = list(Concordant = list(
        Freqs = structure(c(0, 0, 1, 0, 0, 29, 187, 0, 0, 0, 
        0, 0, 0, 0, 0, 0), .Dim = c(4L, 4L), .Dimnames = list(
            c("-2", "-1", "0", "1"), c("A", "C", "G", "T"))), 
        N = 217), Majority = list(Freqs = structure(c(0, 0, 1, 
    0, 0, 32, 207, 0, 0, 0, 0, 0, 0, 0, 0, 0), .Dim = c(4L, 4L
    ), .Dimnames = list(c("-2", "-1", "0", "1"), c("A", "C", 
    "G", "T"))), N = 240)), `2` = structure(c(0, 0, 0, 0, 0, 
    30, 176, 0, 0, 0, 0, 0, 0, 0, 0, 0), .Dim = c(4L, 4L), .Dimnames = list(
        c("-2", "-1", "0", "1"), c("A", "C", "G", "T"))))))
