Results <-
list(`bwaOutput/20210421msiMNRsJenny/1096_S51.sam` = list(GM29_SNP1 = list(
    All = list(Freqs = structure(c(2L, 48L, 1332L, 6L, 1L, 4L, 
    1L, 50L, 1453L, 4L, 0L, 5L, 0L, 0L, 0L, 1L, 0L, 0L, 0L, 0L, 
    19L, 0L, 0L, 0L), .Dim = c(6L, 4L), .Dimnames = structure(list(
        c("-2", "-1", "0", "1", "2", NA), c("A", "G", "T", NA
        )), .Names = c("", "")), class = "table"), N = 2926L), 
    Tag.Distribution = structure(c(`1` = 58L, `2` = 22L, `3` = 11L, 
    `4` = 11L, `5` = 16L, `6` = 14L, `7` = 8L, `8` = 14L, `9` = 9L, 
    `10` = 14L, `11` = 10L, `12` = 11L, `13` = 6L, `14` = 7L, 
    `15` = 7L, `16` = 5L, `17` = 2L, `18` = 4L, `19` = 5L, `20` = 5L, 
    `21` = 5L, `22` = 3L, `23` = 2L, `24` = 4L, `25` = 2L, `26` = 3L, 
    `27` = 2L, `28` = 2L, `29` = 2L, `30` = 3L, `31` = 2L, `32` = 2L, 
    `33` = 1L, `37` = 1L, `38` = 1L, `39` = 2L, `41` = 1L, `43` = 1L, 
    `46` = 1L, `55` = 1L), .Dim = 40L, .Dimnames = structure(list(
        c("1", "2", "3", "4", "5", "6", "7", "8", "9", "10", 
        "11", "12", "13", "14", "15", "16", "17", "18", "19", 
        "20", "21", "22", "23", "24", "25", "26", "27", "28", 
        "29", "30", "31", "32", "33", "37", "38", "39", "41", 
        "43", "46", "55")), .Names = ""), class = "table"), No.Tag = structure(c(0L, 
    2L, 46L, 0L, 0L, 0L, 0L, 0L, 45L, 1L, 0L, 0L, 0L, 0L, 0L, 
    0L, 0L, 0L, 0L, 0L, 0L, 0L, 0L, 0L), .Dim = c(6L, 4L), .Dimnames = structure(list(
        c("-2", "-1", "0", "1", "2", NA), c("A", "G", "T", NA
        )), .Names = c("", "")), class = "table"), All.Tags = list(
        Concordant = list(Freqs = structure(c(0, 3, 109, 1, 1, 
        0, 2, 111, 0, 0, 0, 0, 0, 0, 0), .Dim = c(5L, 3L), .Dimnames = list(
            c("-2", "-1", "0", "1", "2"), c("A", "G", "T"))), 
            N = 227), Majority = list(Freqs = structure(c(0, 
        3, 133, 1, 1, 0, 3, 137, 0, 0, 0, 0, 0, 0, 0), .Dim = c(5L, 
        3L), .Dimnames = list(c("-2", "-1", "0", "1", "2"), c("A", 
        "G", "T"))), N = 278)), `2` = structure(c(0, 2, 106, 
    0, 0, 0, 2, 111, 0, 0, 0, 0, 0, 0, 0), .Dim = c(5L, 3L), .Dimnames = list(
        c("-2", "-1", "0", "1", "2"), c("A", "G", "T"))))))
