Results <-
list(`bwaOutput/20210421msiMNRsJenny/1096_S51.sam` = list(LR46_SNP1 = list(
    All = list(Freqs = structure(c(0L, 1L, 0L, 0L, 6L, 3139L, 
    4L, 4L, 0L, 5L, 0L, 0L, 1L, 22L, 0L, 0L), .Dim = c(4L, 4L
    ), .Dimnames = structure(list(c("-1", "0", "1", NA), c("A", 
    "G", "T", NA)), .Names = c("", "")), class = "table"), N = 3182L), 
    Tag.Distribution = structure(c(`1` = 77L, `2` = 7L, `3` = 10L, 
    `4` = 6L, `5` = 7L, `6` = 9L, `7` = 12L, `8` = 14L, `9` = 10L, 
    `10` = 8L, `11` = 5L, `12` = 7L, `13` = 10L, `14` = 11L, 
    `15` = 6L, `16` = 7L, `17` = 4L, `18` = 9L, `19` = 3L, `20` = 1L, 
    `21` = 7L, `22` = 5L, `24` = 4L, `25` = 2L, `26` = 1L, `27` = 1L, 
    `29` = 1L, `30` = 2L, `31` = 2L, `32` = 3L, `33` = 1L, `34` = 1L, 
    `35` = 1L, `36` = 3L, `38` = 1L, `40` = 2L, `41` = 2L, `42` = 1L, 
    `52` = 1L, `53` = 1L, `54` = 1L, `56` = 2L, `64` = 1L, `75` = 1L
    ), .Dim = 44L, .Dimnames = structure(list(c("1", "2", "3", 
    "4", "5", "6", "7", "8", "9", "10", "11", "12", "13", "14", 
    "15", "16", "17", "18", "19", "20", "21", "22", "24", "25", 
    "26", "27", "29", "30", "31", "32", "33", "34", "35", "36", 
    "38", "40", "41", "42", "52", "53", "54", "56", "64", "75"
    )), .Names = ""), class = "table"), No.Tag = structure(c(0L, 
    0L, 0L, 0L, 0L, 82L, 0L, 1L, 0L, 0L, 0L, 0L, 0L, 2L, 0L, 
    0L), .Dim = c(4L, 4L), .Dimnames = structure(list(c("-1", 
    "0", "1", NA), c("A", "G", "T", NA)), .Names = c("", "")), class = "table"), 
    All.Tags = list(Concordant = list(Freqs = structure(c(0, 
    0, 0, 1, 252, 0, 0, 5, 0), .Dim = c(3L, 3L), .Dimnames = list(
        c("-1", "0", "1"), c("A", "G", "T"))), N = 258), Majority = list(
        Freqs = structure(c(0, 0, 0, 1, 261, 0, 0, 5, 0), .Dim = c(3L, 
        3L), .Dimnames = list(c("-1", "0", "1"), c("A", "G", 
        "T"))), N = 267)), `2` = structure(c(0, 0, 0, 0, 193, 
    0, 0, 0, 0), .Dim = c(3L, 3L), .Dimnames = list(c("-1", "0", 
    "1"), c("A", "G", "T"))))))
