Results <-
list(`bwaOutput/20210421msiMNRsJenny/1096_S51.sam` = list(LR44_SNP1 = list(
    All = list(Freqs = structure(c(7L, 28L, 639L, 89L, 1173L, 
    11L, 0L, 8L, 0L, 0L, 4L, 157L, 1367L, 352L, 7L, 15L, 0L, 
    0L, 1L, 1L, 50L, 6L, 1L, 0L), .Dim = c(8L, 3L), .Dimnames = structure(list(
        c("-4", "-3", "-2", "-1", "0", "1", "2", NA), c("C", 
        "T", NA)), .Names = c("", "")), class = "table"), N = 3916L), 
    Tag.Distribution = structure(c(`1` = 53L, `2` = 26L, `3` = 21L, 
    `4` = 14L, `5` = 20L, `6` = 23L, `7` = 17L, `8` = 18L, `9` = 15L, 
    `10` = 15L, `11` = 9L, `12` = 16L, `13` = 12L, `14` = 4L, 
    `15` = 6L, `16` = 7L, `17` = 6L, `18` = 7L, `19` = 4L, `20` = 6L, 
    `21` = 4L, `22` = 6L, `23` = 4L, `24` = 5L, `25` = 3L, `26` = 4L, 
    `27` = 4L, `28` = 2L, `29` = 1L, `30` = 1L, `31` = 2L, `32` = 2L, 
    `33` = 1L, `34` = 1L, `35` = 2L, `36` = 2L, `37` = 2L, `38` = 3L, 
    `39` = 1L, `40` = 1L, `42` = 1L, `43` = 1L, `46` = 1L, `53` = 1L, 
    `58` = 1L), .Dim = 45L, .Dimnames = structure(list(c("1", 
    "2", "3", "4", "5", "6", "7", "8", "9", "10", "11", "12", 
    "13", "14", "15", "16", "17", "18", "19", "20", "21", "22", 
    "23", "24", "25", "26", "27", "28", "29", "30", "31", "32", 
    "33", "34", "35", "36", "37", "38", "39", "40", "42", "43", 
    "46", "53", "58")), .Names = ""), class = "table"), No.Tag = structure(c(0L, 
    1L, 48L, 1L, 19L, 1L, 0L, 0L, 0L, 0L, 0L, 0L, 22L, 8L, 0L, 
    1L, 0L, 0L, 0L, 1L, 1L, 0L, 0L, 0L), .Dim = c(8L, 3L), .Dimnames = structure(list(
        c("-4", "-3", "-2", "-1", "0", "1", "2", NA), c("C", 
        "T", NA)), .Names = c("", "")), class = "table"), All.Tags = list(
        Concordant = list(Freqs = structure(c(1, 2, 40, 0, 60, 
        0, 0, 0, 0, 1, 1, 72, 12, 0), .Dim = c(7L, 2L), .Dimnames = list(
            c("-4", "-3", "-2", "-1", "0", "1", "2"), c("C", 
            "T"))), N = 189), Majority = list(Freqs = structure(c(1, 
        2, 51, 0, 115, 0, 0, 0, 0, 1, 3, 143, 26, 0), .Dim = c(7L, 
        2L), .Dimnames = list(c("-4", "-3", "-2", "-1", "0", 
        "1", "2"), c("C", "T"))), N = 342)), `2` = structure(c(1, 
    2, 45, 0, 95, 0, 0, 0, 0, 0, 3, 126, 22, 0), .Dim = c(7L, 
    2L), .Dimnames = list(c("-4", "-3", "-2", "-1", "0", "1", 
    "2"), c("C", "T"))))))
