Results <-
list(`bwaOutput/20210421msiMNRsJenny/1096_S51.sam` = list(LR20_SNP1 = list(
    All = list(Freqs = structure(c(0L, 0L, 2L, 0L, 0L, 5L, 502L, 
    2738L, 4L, 4L, 0L, 0L, 3L, 0L, 0L, 0L, 3L, 19L, 0L, 0L), .Dim = 5:4, .Dimnames = structure(list(
        c("-2", "-1", "0", "1", NA), c("A", "G", "T", NA)), .Names = c("", 
    "")), class = "table"), N = 3280L), Tag.Distribution = structure(c(`1` = 60L, 
    `2` = 17L, `3` = 19L, `4` = 20L, `5` = 22L, `6` = 19L, `7` = 21L, 
    `8` = 26L, `9` = 11L, `10` = 12L, `11` = 13L, `12` = 11L, 
    `13` = 10L, `14` = 12L, `15` = 8L, `16` = 3L, `17` = 5L, 
    `18` = 4L, `19` = 3L, `20` = 4L, `21` = 7L, `22` = 3L, `23` = 2L, 
    `24` = 1L, `25` = 1L, `26` = 3L, `27` = 1L, `29` = 1L, `30` = 4L, 
    `31` = 2L, `32` = 1L, `33` = 1L, `34` = 1L, `35` = 1L, `36` = 2L, 
    `39` = 1L, `41` = 3L, `45` = 1L, `58` = 1L), .Dim = 39L, .Dimnames = structure(list(
        c("1", "2", "3", "4", "5", "6", "7", "8", "9", "10", 
        "11", "12", "13", "14", "15", "16", "17", "18", "19", 
        "20", "21", "22", "23", "24", "25", "26", "27", "29", 
        "30", "31", "32", "33", "34", "35", "36", "39", "41", 
        "45", "58")), .Names = ""), class = "table"), No.Tag = structure(c(0L, 
    0L, 0L, 0L, 0L, 0L, 9L, 108L, 0L, 0L, 0L, 0L, 0L, 0L, 0L, 
    0L, 0L, 4L, 0L, 0L), .Dim = 5:4, .Dimnames = structure(list(
        c("-2", "-1", "0", "1", NA), c("A", "G", "T", NA)), .Names = c("", 
    "")), class = "table"), All.Tags = list(Concordant = list(
        Freqs = structure(c(0, 0, 1, 0, 1, 43, 266, 0, 0, 0, 
        2, 0), .Dim = 4:3, .Dimnames = list(c("-2", "-1", "0", 
        "1"), c("A", "G", "T"))), N = 313), Majority = list(Freqs = structure(c(0, 
    0, 1, 0, 1, 46, 283, 0, 0, 0, 2, 0), .Dim = 4:3, .Dimnames = list(
        c("-2", "-1", "0", "1"), c("A", "G", "T"))), N = 333)), 
    `2` = structure(c(0, 0, 0, 0, 1, 38, 238, 0, 0, 0, 0, 0), .Dim = 4:3, .Dimnames = list(
        c("-2", "-1", "0", "1"), c("A", "G", "T"))))))
