Results <-
list(`bwaOutput/20210421msiMNRsJenny/1096_S51.sam` = list(DEPDC2_SNP1 = list(
    All = list(Freqs = structure(c(0L, 1L, 0L, 0L, 42L, 3573L, 
    31L, 15L, 24L, 4058L, 26L, 23L, 0L, 72L, 0L, 0L), .Dim = c(4L, 
    4L), .Dimnames = structure(list(c("-1", "0", "1", NA), c("A", 
    "C", "T", NA)), .Names = c("", "")), class = "table"), N = 7865L), 
    Tag.Distribution = structure(c(`1` = 204L, `2` = 54L, `3` = 57L, 
    `4` = 46L, `5` = 40L, `6` = 31L, `7` = 32L, `8` = 34L, `9` = 36L, 
    `10` = 32L, `11` = 41L, `12` = 23L, `13` = 19L, `14` = 16L, 
    `15` = 20L, `16` = 20L, `17` = 11L, `18` = 21L, `19` = 10L, 
    `20` = 8L, `21` = 10L, `22` = 10L, `23` = 4L, `24` = 3L, 
    `25` = 10L, `26` = 8L, `27` = 2L, `28` = 6L, `29` = 4L, `30` = 5L, 
    `31` = 2L, `32` = 4L, `33` = 3L, `34` = 3L, `35` = 3L, `36` = 2L, 
    `37` = 1L, `38` = 1L, `39` = 2L, `40` = 1L, `41` = 1L, `43` = 2L, 
    `45` = 1L, `46` = 1L, `47` = 2L, `54` = 1L, `56` = 1L, `58` = 1L
    ), .Dim = 48L, .Dimnames = structure(list(c("1", "2", "3", 
    "4", "5", "6", "7", "8", "9", "10", "11", "12", "13", "14", 
    "15", "16", "17", "18", "19", "20", "21", "22", "23", "24", 
    "25", "26", "27", "28", "29", "30", "31", "32", "33", "34", 
    "35", "36", "37", "38", "39", "40", "41", "43", "45", "46", 
    "47", "54", "56", "58")), .Names = ""), class = "table"), 
    No.Tag = structure(c(0L, 0L, 0L, 0L, 1L, 98L, 0L, 1L, 0L, 
    45L, 1L, 2L, 0L, 10L, 0L, 0L), .Dim = c(4L, 4L), .Dimnames = structure(list(
        c("-1", "0", "1", NA), c("A", "C", "T", NA)), .Names = c("", 
    "")), class = "table"), All.Tags = list(Concordant = list(
        Freqs = structure(c(0, 0, 0, 2, 333, 1, 1, 373, 1), .Dim = c(3L, 
        3L), .Dimnames = list(c("-1", "0", "1"), c("A", "C", 
        "T"))), N = 711), Majority = list(Freqs = structure(c(0, 
    0, 0, 2, 392, 2, 1, 429, 1), .Dim = c(3L, 3L), .Dimnames = list(
        c("-1", "0", "1"), c("A", "C", "T"))), N = 827)), `2` = structure(c(0, 
    0, 0, 1, 310, 2, 0, 326, 1), .Dim = c(3L, 3L), .Dimnames = list(
        c("-1", "0", "1"), c("A", "C", "T"))))))
