Results <-
list(`bwaOutput/20210421msiMNRsJenny/1096_S51.sam` = list(LR10_SNP1 = list(
    All = list(Freqs = structure(c(1L, 131L, 3105L, 59L, 5L, 
    0L, 1L, 5L, 0L, 0L, 0L, 1L, 36L, 1L, 0L), .Dim = c(5L, 3L
    ), .Dimnames = structure(list(c("-2", "-1", "0", "1", NA), 
        c("C", "T", NA)), .Names = c("", "")), class = "table"), 
        N = 3345L), Tag.Distribution = structure(c(`1` = 54L, 
    `2` = 14L, `3` = 14L, `4` = 12L, `5` = 12L, `6` = 10L, `7` = 8L, 
    `8` = 9L, `9` = 9L, `10` = 7L, `11` = 9L, `12` = 8L, `13` = 8L, 
    `14` = 6L, `15` = 8L, `16` = 3L, `17` = 7L, `18` = 10L, `19` = 4L, 
    `20` = 3L, `21` = 4L, `22` = 4L, `23` = 4L, `24` = 6L, `25` = 1L, 
    `26` = 3L, `27` = 3L, `28` = 2L, `29` = 3L, `30` = 1L, `31` = 1L, 
    `32` = 1L, `33` = 2L, `34` = 2L, `35` = 1L, `36` = 2L, `37` = 2L, 
    `39` = 2L, `41` = 3L, `45` = 1L, `47` = 1L, `53` = 1L, `54` = 1L, 
    `58` = 1L, `83` = 1L), .Dim = 45L, .Dimnames = structure(list(
        c("1", "2", "3", "4", "5", "6", "7", "8", "9", "10", 
        "11", "12", "13", "14", "15", "16", "17", "18", "19", 
        "20", "21", "22", "23", "24", "25", "26", "27", "28", 
        "29", "30", "31", "32", "33", "34", "35", "36", "37", 
        "39", "41", "45", "47", "53", "54", "58", "83")), .Names = ""), class = "table"), 
    No.Tag = structure(c(0L, 1L, 96L, 1L, 1L, 0L, 0L, 0L, 0L, 
    0L, 0L, 0L, 5L, 0L, 0L), .Dim = c(5L, 3L), .Dimnames = structure(list(
        c("-2", "-1", "0", "1", NA), c("C", "T", NA)), .Names = c("", 
    "")), class = "table"), All.Tags = list(Concordant = list(
        Freqs = structure(c(0, 7, 185, 3, 0, 0, 1, 0), .Dim = c(4L, 
        2L), .Dimnames = list(c("-2", "-1", "0", "1"), c("C", 
        "T"))), N = 196), Majority = list(Freqs = structure(c(0, 
    8, 252, 3, 0, 0, 1, 0), .Dim = c(4L, 2L), .Dimnames = list(
        c("-2", "-1", "0", "1"), c("C", "T"))), N = 264)), `2` = structure(c(0, 
    3, 210, 1, 0, 0, 0, 0), .Dim = c(4L, 2L), .Dimnames = list(
        c("-2", "-1", "0", "1"), c("C", "T"))))))
