Results <-
list(`bwaOutput/20210421msiMNRsJenny/1096_S51.sam` = list(GM22_SNP1 = list(
    All = list(Freqs = structure(c(78L, 3509L, 12L, 11L, 1L, 
    45L, 0L, 0L, 1L, 28L, 0L, 0L), .Dim = 4:3, .Dimnames = structure(list(
        c("-1", "0", "1", NA), c("A", "G", NA)), .Names = c("", 
    "")), class = "table"), N = 3685L), Tag.Distribution = structure(c(`1` = 65L, 
    `2` = 16L, `3` = 10L, `4` = 11L, `5` = 14L, `6` = 4L, `7` = 10L, 
    `8` = 6L, `9` = 9L, `10` = 10L, `11` = 9L, `12` = 9L, `13` = 2L, 
    `14` = 10L, `15` = 3L, `16` = 9L, `17` = 6L, `18` = 4L, `19` = 9L, 
    `20` = 6L, `21` = 8L, `22` = 5L, `23` = 4L, `24` = 8L, `25` = 3L, 
    `26` = 2L, `27` = 2L, `28` = 1L, `29` = 4L, `30` = 2L, `32` = 4L, 
    `33` = 1L, `34` = 3L, `35` = 1L, `36` = 4L, `39` = 1L, `40` = 1L, 
    `41` = 2L, `43` = 1L, `44` = 1L, `45` = 1L, `46` = 2L, `50` = 1L, 
    `51` = 1L, `52` = 1L, `60` = 1L, `67` = 1L), .Dim = 47L, .Dimnames = structure(list(
        c("1", "2", "3", "4", "5", "6", "7", "8", "9", "10", 
        "11", "12", "13", "14", "15", "16", "17", "18", "19", 
        "20", "21", "22", "23", "24", "25", "26", "27", "28", 
        "29", "30", "32", "33", "34", "35", "36", "39", "40", 
        "41", "43", "44", "45", "46", "50", "51", "52", "60", 
        "67")), .Names = ""), class = "table"), No.Tag = structure(c(0L, 
    37L, 1L, 0L, 0L, 0L, 0L, 0L, 0L, 2L, 0L, 0L), .Dim = 4:3, .Dimnames = structure(list(
        c("-1", "0", "1", NA), c("A", "G", NA)), .Names = c("", 
    "")), class = "table"), All.Tags = list(Concordant = list(
        Freqs = structure(c(5, 231, 0, 0, 4, 0), .Dim = 3:2, .Dimnames = list(
            c("-1", "0", "1"), c("A", "G"))), N = 240), Majority = list(
        Freqs = structure(c(5, 276, 0, 0, 5, 0), .Dim = 3:2, .Dimnames = list(
            c("-1", "0", "1"), c("A", "G"))), N = 286)), `2` = structure(c(3, 
    219, 0, 0, 1, 0), .Dim = 3:2, .Dimnames = list(c("-1", "0", 
    "1"), c("A", "G"))))))
