Results <-
list(`bwaOutput/20210421msiMNRsJenny/1096_S51.sam` = list(LR52_SNP1 = list(
    All = list(Freqs = structure(c(0L, 0L, 0L, 0L, 1L, 0L, 0L, 
    1L, 83L, 463L, 102L, 543L, 3L, 24L, 2L, 306L, 4L, 113L, 963L, 
    2L, 13L, 0L, 2L, 6L, 18L, 268L, 1L, 0L), .Dim = c(7L, 4L), .Dimnames = structure(list(
        c("-4", "-3", "-2", "-1", "0", "1", NA), c("-", "C", 
        "T", NA)), .Names = c("", "")), class = "table"), N = 2918L), 
    Tag.Distribution = structure(c(`1` = 26L, `2` = 11L, `3` = 13L, 
    `4` = 10L, `5` = 12L, `6` = 16L, `7` = 12L, `8` = 8L, `9` = 8L, 
    `10` = 5L, `11` = 12L, `12` = 8L, `13` = 5L, `14` = 2L, `15` = 7L, 
    `16` = 3L, `17` = 4L, `18` = 2L, `19` = 6L, `20` = 3L, `21` = 2L, 
    `22` = 3L, `23` = 3L, `24` = 2L, `25` = 2L, `26` = 2L, `27` = 3L, 
    `28` = 2L, `29` = 1L, `30` = 1L, `31` = 1L, `32` = 6L, `33` = 2L, 
    `34` = 2L, `35` = 1L, `37` = 1L, `38` = 4L, `39` = 1L, `41` = 2L, 
    `42` = 1L, `44` = 1L, `47` = 1L, `52` = 2L, `56` = 1L, `63` = 1L
    ), .Dim = 45L, .Dimnames = structure(list(c("1", "2", "3", 
    "4", "5", "6", "7", "8", "9", "10", "11", "12", "13", "14", 
    "15", "16", "17", "18", "19", "20", "21", "22", "23", "24", 
    "25", "26", "27", "28", "29", "30", "31", "32", "33", "34", 
    "35", "37", "38", "39", "41", "42", "44", "47", "52", "56", 
    "63")), .Names = ""), class = "table"), No.Tag = structure(c(0L, 
    0L, 0L, 0L, 0L, 0L, 0L, 0L, 0L, 1L, 2L, 1L, 0L, 0L, 0L, 2L, 
    0L, 0L, 18L, 0L, 1L, 0L, 0L, 0L, 0L, 7L, 0L, 0L), .Dim = c(7L, 
    4L), .Dimnames = structure(list(c("-4", "-3", "-2", "-1", 
    "0", "1", NA), c("-", "C", "T", NA)), .Names = c("", "")), class = "table"), 
    All.Tags = list(Concordant = list(Freqs = structure(c(0, 
    0, 0, 0, 0, 0, 0, 3, 18, 2, 34, 0, 0, 16, 0, 1, 42, 0), .Dim = c(6L, 
    3L), .Dimnames = list(c("-4", "-3", "-2", "-1", "0", "1"), 
        c("-", "C", "T"))), N = 116), Majority = list(Freqs = structure(c(0, 
    0, 0, 0, 0, 0, 0, 4, 31, 4, 70, 0, 0, 19, 0, 2, 84, 0), .Dim = c(6L, 
    3L), .Dimnames = list(c("-4", "-3", "-2", "-1", "0", "1"), 
        c("-", "C", "T"))), N = 214)), `2` = structure(c(0, 0, 
    0, 0, 0, 0, 0, 4, 27, 3, 65, 0, 0, 18, 0, 1, 74, 0), .Dim = c(6L, 
    3L), .Dimnames = list(c("-4", "-3", "-2", "-1", "0", "1"), 
        c("-", "C", "T"))))))
