Results <-
list(`bwaOutput/20210421msiMNRsJenny/1096_S51.sam` = list(LR17_SNP1 = list(
    All = list(Freqs = structure(c(1L, 339L, 1188L, 4039L, 77L, 
    42L, 0L, 0L, 0L, 1L, 0L, 0L, 0L, 0L, 1L, 1L, 0L, 0L, 0L, 
    2L, 34L, 139L, 0L, 0L), .Dim = c(6L, 4L), .Dimnames = structure(list(
        c("-3", "-2", "-1", "0", "1", NA), c("A", "C", "G", NA
        )), .Names = c("", "")), class = "table"), N = 5864L), 
    Tag.Distribution = structure(c(`1` = 81L, `2` = 11L, `3` = 11L, 
    `4` = 17L, `5` = 6L, `6` = 12L, `7` = 13L, `8` = 7L, `9` = 10L, 
    `10` = 10L, `11` = 14L, `12` = 8L, `13` = 10L, `14` = 18L, 
    `15` = 15L, `16` = 5L, `17` = 9L, `18` = 4L, `19` = 12L, 
    `20` = 12L, `21` = 6L, `22` = 4L, `23` = 6L, `24` = 8L, `25` = 8L, 
    `26` = 4L, `27` = 6L, `28` = 3L, `29` = 4L, `30` = 3L, `31` = 5L, 
    `32` = 6L, `33` = 5L, `34` = 3L, `35` = 2L, `36` = 4L, `39` = 2L, 
    `40` = 3L, `41` = 1L, `42` = 5L, `43` = 3L, `44` = 8L, `45` = 2L, 
    `46` = 1L, `50` = 2L, `53` = 1L, `64` = 1L), .Dim = 47L, .Dimnames = structure(list(
        c("1", "2", "3", "4", "5", "6", "7", "8", "9", "10", 
        "11", "12", "13", "14", "15", "16", "17", "18", "19", 
        "20", "21", "22", "23", "24", "25", "26", "27", "28", 
        "29", "30", "31", "32", "33", "34", "35", "36", "39", 
        "40", "41", "42", "43", "44", "45", "46", "50", "53", 
        "64")), .Names = ""), class = "table"), No.Tag = structure(c(0L, 
    25L, 24L, 123L, 0L, 1L, 0L, 0L, 0L, 0L, 0L, 0L, 0L, 0L, 0L, 
    0L, 0L, 0L, 0L, 0L, 1L, 6L, 0L, 0L), .Dim = c(6L, 4L), .Dimnames = structure(list(
        c("-3", "-2", "-1", "0", "1", NA), c("A", "C", "G", NA
        )), .Names = c("", "")), class = "table"), All.Tags = list(
        Concordant = list(Freqs = structure(c(0, 22, 54, 169, 
        0, 0, 0, 0, 0, 0, 0, 0, 0, 0, 0), .Dim = c(5L, 3L), .Dimnames = list(
            c("-3", "-2", "-1", "0", "1"), c("A", "C", "G"))), 
            N = 245), Majority = list(Freqs = structure(c(0, 
        24, 72, 286, 1, 0, 0, 0, 0, 0, 0, 0, 0, 0, 0), .Dim = c(5L, 
        3L), .Dimnames = list(c("-3", "-2", "-1", "0", "1"), 
            c("A", "C", "G"))), N = 383)), `2` = structure(c(0, 
    19, 59, 229, 1, 0, 0, 0, 0, 0, 0, 0, 0, 0, 0), .Dim = c(5L, 
    3L), .Dimnames = list(c("-3", "-2", "-1", "0", "1"), c("A", 
    "C", "G"))))))
