Results <-
list(`bwaOutput/20210421msiMNRsJenny/1096_S51.sam` = list(LR11_SNP1 = list(
    All = list(Freqs = structure(c(0L, 0L, 3L, 0L, 0L, 4L, 110L, 
    3475L, 31L, 6L, 0L, 7L, 92L, 3L, 0L), .Dim = c(5L, 3L), .Dimnames = structure(list(
        c("-2", "-1", "0", "1", NA), c("A", "C", NA)), .Names = c("", 
    "")), class = "table"), N = 3731L), Tag.Distribution = structure(c(`1` = 55L, 
    `2` = 16L, `3` = 10L, `4` = 13L, `5` = 14L, `6` = 13L, `7` = 13L, 
    `8` = 12L, `9` = 7L, `10` = 10L, `11` = 6L, `12` = 5L, `13` = 13L, 
    `14` = 10L, `15` = 12L, `16` = 7L, `17` = 5L, `18` = 9L, 
    `19` = 4L, `20` = 3L, `21` = 4L, `22` = 2L, `23` = 3L, `24` = 5L, 
    `25` = 2L, `26` = 1L, `27` = 7L, `28` = 6L, `29` = 3L, `30` = 3L, 
    `31` = 3L, `32` = 2L, `33` = 1L, `34` = 1L, `35` = 5L, `36` = 2L, 
    `38` = 2L, `39` = 2L, `40` = 1L, `42` = 1L, `44` = 1L, `46` = 2L, 
    `47` = 1L, `50` = 2L), .Dim = 44L, .Dimnames = structure(list(
        c("1", "2", "3", "4", "5", "6", "7", "8", "9", "10", 
        "11", "12", "13", "14", "15", "16", "17", "18", "19", 
        "20", "21", "22", "23", "24", "25", "26", "27", "28", 
        "29", "30", "31", "32", "33", "34", "35", "36", "38", 
        "39", "40", "42", "44", "46", "47", "50")), .Names = ""), class = "table"), 
    No.Tag = structure(c(0L, 0L, 0L, 0L, 0L, 0L, 2L, 34L, 0L, 
    0L, 0L, 0L, 0L, 1L, 0L), .Dim = c(5L, 3L), .Dimnames = structure(list(
        c("-2", "-1", "0", "1", NA), c("A", "C", NA)), .Names = c("", 
    "")), class = "table"), All.Tags = list(Concordant = list(
        Freqs = structure(c(0, 0, 2, 0, 0, 5, 216, 1), .Dim = c(4L, 
        2L), .Dimnames = list(c("-2", "-1", "0", "1"), c("A", 
        "C"))), N = 224), Majority = list(Freqs = structure(c(0, 
    0, 2, 0, 0, 5, 286, 1), .Dim = c(4L, 2L), .Dimnames = list(
        c("-2", "-1", "0", "1"), c("A", "C"))), N = 294)), `2` = structure(c(0, 
    0, 0, 0, 0, 3, 241, 0), .Dim = c(4L, 2L), .Dimnames = list(
        c("-2", "-1", "0", "1"), c("A", "C"))))))
