Results <-
list(`bwaOutput/20210421msiMNRsJenny/1096_S51.sam` = list(GM11_SNP1 = list(
    All = list(Freqs = structure(c(1L, 5L, 828L, 251L, 3L, 0L, 
    373L, 1071L, 1L, 3L, 0L, 2L, 8L, 2L, 0L), .Dim = c(5L, 3L
    ), .Dimnames = structure(list(c("-2", "-1", "0", "1", NA), 
        c("A", "G", NA)), .Names = c("", "")), class = "table"), 
        N = 2548L), Tag.Distribution = structure(c(`1` = 30L, 
    `2` = 14L, `3` = 12L, `4` = 12L, `5` = 14L, `6` = 7L, `7` = 13L, 
    `8` = 12L, `9` = 5L, `10` = 7L, `11` = 8L, `12` = 9L, `13` = 6L, 
    `14` = 8L, `15` = 7L, `16` = 8L, `17` = 7L, `18` = 5L, `19` = 4L, 
    `21` = 4L, `22` = 2L, `23` = 3L, `24` = 2L, `25` = 1L, `26` = 1L, 
    `28` = 2L, `29` = 1L, `30` = 3L, `31` = 3L, `33` = 1L, `35` = 3L, 
    `36` = 1L, `37` = 2L, `38` = 2L, `39` = 1L, `40` = 1L, `41` = 1L, 
    `44` = 1L), .Dim = 38L, .Dimnames = structure(list(c("1", 
    "2", "3", "4", "5", "6", "7", "8", "9", "10", "11", "12", 
    "13", "14", "15", "16", "17", "18", "19", "21", "22", "23", 
    "24", "25", "26", "28", "29", "30", "31", "33", "35", "36", 
    "37", "38", "39", "40", "41", "44")), .Names = ""), class = "table"), 
    No.Tag = structure(c(0L, 0L, 27L, 2L, 0L, 0L, 1L, 6L, 0L, 
    0L, 0L, 0L, 0L, 0L, 0L), .Dim = c(5L, 3L), .Dimnames = structure(list(
        c("-2", "-1", "0", "1", NA), c("A", "G", NA)), .Names = c("", 
    "")), class = "table"), All.Tags = list(Concordant = list(
        Freqs = structure(c(0, 0, 75, 19, 0, 32, 75, 0), .Dim = c(4L, 
        2L), .Dimnames = list(c("-2", "-1", "0", "1"), c("A", 
        "G"))), N = 201), Majority = list(Freqs = structure(c(0, 
    0, 82, 27, 0, 32, 81, 0), .Dim = c(4L, 2L), .Dimnames = list(
        c("-2", "-1", "0", "1"), c("A", "G"))), N = 222)), `2` = structure(c(0, 
    0, 65, 25, 0, 28, 75, 0), .Dim = c(4L, 2L), .Dimnames = list(
        c("-2", "-1", "0", "1"), c("A", "G"))))))
