Results <-
list(`bwaOutput/20210421msiMNRsJenny/1096_S51.sam` = list(GM17_SNP1 = list(
    All = list(Freqs = structure(c(0L, 1L, 0L, 0L, 0L, 14L, 1L, 
    1L, 167L, 3908L, 9L, 1L, 1L, 30L, 0L, 0L), .Dim = c(4L, 4L
    ), .Dimnames = structure(list(c("-1", "0", "1", NA), c("A", 
    "C", "T", NA)), .Names = c("", "")), class = "table"), N = 4133L), 
    Tag.Distribution = structure(c(`1` = 71L, `2` = 23L, `3` = 13L, 
    `4` = 11L, `5` = 11L, `6` = 19L, `7` = 8L, `8` = 13L, `9` = 15L, 
    `10` = 9L, `11` = 13L, `12` = 11L, `13` = 6L, `14` = 12L, 
    `15` = 13L, `16` = 5L, `17` = 7L, `18` = 7L, `19` = 5L, `20` = 9L, 
    `21` = 5L, `22` = 3L, `23` = 5L, `24` = 4L, `25` = 4L, `26` = 5L, 
    `28` = 4L, `29` = 6L, `30` = 1L, `31` = 4L, `32` = 3L, `34` = 2L, 
    `35` = 1L, `36` = 2L, `37` = 3L, `38` = 4L, `39` = 1L, `40` = 2L, 
    `41` = 1L, `46` = 2L, `47` = 1L, `49` = 1L, `53` = 1L), .Dim = 43L, .Dimnames = structure(list(
        c("1", "2", "3", "4", "5", "6", "7", "8", "9", "10", 
        "11", "12", "13", "14", "15", "16", "17", "18", "19", 
        "20", "21", "22", "23", "24", "25", "26", "28", "29", 
        "30", "31", "32", "34", "35", "36", "37", "38", "39", 
        "40", "41", "46", "47", "49", "53")), .Names = ""), class = "table"), 
    No.Tag = structure(c(0L, 0L, 0L, 0L, 0L, 2L, 0L, 1L, 3L, 
    64L, 0L, 0L, 0L, 6L, 0L, 0L), .Dim = c(4L, 4L), .Dimnames = structure(list(
        c("-1", "0", "1", NA), c("A", "C", "T", NA)), .Names = c("", 
    "")), class = "table"), All.Tags = list(Concordant = list(
        Freqs = structure(c(0, 0, 0, 0, 11, 0, 9, 267, 1), .Dim = c(3L, 
        3L), .Dimnames = list(c("-1", "0", "1"), c("A", "C", 
        "T"))), N = 288), Majority = list(Freqs = structure(c(0, 
    0, 0, 0, 11, 0, 9, 320, 1), .Dim = c(3L, 3L), .Dimnames = list(
        c("-1", "0", "1"), c("A", "C", "T"))), N = 341)), `2` = structure(c(0, 
    0, 0, 0, 0, 0, 8, 267, 0), .Dim = c(3L, 3L), .Dimnames = list(
        c("-1", "0", "1"), c("A", "C", "T"))))))
