Results <-
list(`bwaOutput/20210421msiMNRsJenny/1096_S51.sam` = list(GM01_SNP1 = list(
    All = list(Freqs = structure(c(23L, 280L, 2303L, 8L, 4L, 
    0L, 53L, 2692L, 7L, 4L, 0L, 2L, 65L, 0L, 0L), .Dim = c(5L, 
    3L), .Dimnames = structure(list(c("-2", "-1", "0", "1", NA
    ), c("A", "G", NA)), .Names = c("", "")), class = "table"), 
        N = 5441L), Tag.Distribution = structure(c(`1` = 63L, 
    `2` = 19L, `3` = 11L, `4` = 12L, `5` = 17L, `6` = 11L, `7` = 8L, 
    `8` = 15L, `9` = 10L, `10` = 17L, `11` = 18L, `12` = 14L, 
    `13` = 12L, `14` = 15L, `15` = 6L, `16` = 7L, `17` = 6L, 
    `18` = 7L, `19` = 3L, `20` = 11L, `21` = 5L, `22` = 11L, 
    `23` = 7L, `24` = 7L, `25` = 7L, `26` = 7L, `27` = 6L, `28` = 4L, 
    `29` = 2L, `30` = 2L, `31` = 3L, `32` = 4L, `33` = 4L, `34` = 2L, 
    `35` = 3L, `36` = 5L, `37` = 2L, `38` = 1L, `39` = 1L, `40` = 5L, 
    `41` = 3L, `44` = 2L, `46` = 2L, `47` = 1L, `48` = 1L, `49` = 2L, 
    `52` = 1L, `56` = 1L), .Dim = 48L, .Dimnames = structure(list(
        c("1", "2", "3", "4", "5", "6", "7", "8", "9", "10", 
        "11", "12", "13", "14", "15", "16", "17", "18", "19", 
        "20", "21", "22", "23", "24", "25", "26", "27", "28", 
        "29", "30", "31", "32", "33", "34", "35", "36", "37", 
        "38", "39", "40", "41", "44", "46", "47", "48", "49", 
        "52", "56")), .Names = ""), class = "table"), No.Tag = structure(c(0L, 
    2L, 7L, 0L, 0L, 0L, 3L, 118L, 1L, 0L, 0L, 0L, 16L, 0L, 0L
    ), .Dim = c(5L, 3L), .Dimnames = structure(list(c("-2", "-1", 
    "0", "1", NA), c("A", "G", NA)), .Names = c("", "")), class = "table"), 
    All.Tags = list(Concordant = list(Freqs = structure(c(2, 
    17, 141, 0, 0, 0, 130, 0), .Dim = c(4L, 2L), .Dimnames = list(
        c("-2", "-1", "0", "1"), c("A", "G"))), N = 290), Majority = list(
        Freqs = structure(c(2, 19, 177, 0, 0, 0, 179, 0), .Dim = c(4L, 
        2L), .Dimnames = list(c("-2", "-1", "0", "1"), c("A", 
        "G"))), N = 377)), `2` = structure(c(1, 19, 145, 0, 0, 
    0, 154, 0), .Dim = c(4L, 2L), .Dimnames = list(c("-2", "-1", 
    "0", "1"), c("A", "G"))))))
