Results <-
list(`bwaOutput/20210421msiMNRsJenny/1096_S51.sam` = list(LR49_SNP1 = list(
    All = list(Freqs = structure(c(49L, 693L, 1430L, 3L, 0L, 
    33L, 1712L, 2L, 0L, 5L, 24L, 0L), .Dim = 4:3, .Dimnames = structure(list(
        c("-2", "-1", "0", NA), c("A", "G", NA)), .Names = c("", 
    "")), class = "table"), N = 3951L), Tag.Distribution = structure(c(`1` = 90L, 
    `2` = 42L, `3` = 28L, `4` = 31L, `5` = 25L, `6` = 27L, `7` = 19L, 
    `8` = 15L, `9` = 11L, `10` = 16L, `11` = 19L, `12` = 19L, 
    `13` = 10L, `14` = 9L, `15` = 9L, `16` = 6L, `17` = 8L, `18` = 11L, 
    `19` = 8L, `20` = 6L, `21` = 3L, `22` = 3L, `23` = 5L, `24` = 5L, 
    `25` = 1L, `26` = 5L, `27` = 1L, `28` = 2L, `29` = 1L, `30` = 1L, 
    `31` = 1L, `32` = 1L, `34` = 1L, `35` = 3L, `36` = 1L, `37` = 1L, 
    `41` = 1L, `43` = 2L, `44` = 1L, `51` = 1L), .Dim = 40L, .Dimnames = structure(list(
        c("1", "2", "3", "4", "5", "6", "7", "8", "9", "10", 
        "11", "12", "13", "14", "15", "16", "17", "18", "19", 
        "20", "21", "22", "23", "24", "25", "26", "27", "28", 
        "29", "30", "31", "32", "34", "35", "36", "37", "41", 
        "43", "44", "51")), .Names = ""), class = "table"), No.Tag = structure(c(0L, 
    5L, 17L, 0L, 0L, 0L, 60L, 0L, 0L, 0L, 0L, 0L), .Dim = 4:3, .Dimnames = structure(list(
        c("-2", "-1", "0", NA), c("A", "G", NA)), .Names = c("", 
    "")), class = "table"), All.Tags = list(Concordant = list(
        Freqs = structure(c(8, 59, 151, 0, 3, 185), .Dim = 3:2, .Dimnames = list(
            c("-2", "-1", "0"), c("A", "G"))), N = 406), Majority = list(
        Freqs = structure(c(8, 66, 162, 0, 3, 205), .Dim = 3:2, .Dimnames = list(
            c("-2", "-1", "0"), c("A", "G"))), N = 444)), `2` = structure(c(7, 
    56, 129, 0, 2, 165), .Dim = 3:2, .Dimnames = list(c("-2", 
    "-1", "0"), c("A", "G"))))))
