Results <-
list(`bwaOutput/20210421msiMNRsJenny/1096_S51.sam` = list(GM07_SNP1 = list(
    All = list(Freqs = structure(c(0L, 0L, 1L, 4L, 0L, 2L, 1L, 
    327L, 612L, 2032L, 49L, 51L, 0L, 1L, 5L, 30L, 1L, 0L), .Dim = c(6L, 
    3L), .Dimnames = structure(list(c("-3", "-2", "-1", "0", 
    "1", NA), c("A", "G", NA)), .Names = c("", "")), class = "table"), 
        N = 3116L), Tag.Distribution = structure(c(`1` = 52L, 
    `2` = 14L, `3` = 14L, `4` = 9L, `5` = 13L, `6` = 15L, `7` = 17L, 
    `8` = 4L, `9` = 13L, `10` = 6L, `11` = 11L, `12` = 9L, `13` = 12L, 
    `14` = 6L, `15` = 4L, `16` = 7L, `17` = 3L, `18` = 5L, `19` = 6L, 
    `20` = 2L, `21` = 2L, `22` = 3L, `23` = 8L, `24` = 2L, `25` = 2L, 
    `26` = 3L, `27` = 1L, `28` = 2L, `29` = 2L, `32` = 5L, `33` = 3L, 
    `34` = 2L, `36` = 1L, `37` = 2L, `39` = 1L, `42` = 1L, `43` = 1L, 
    `47` = 1L, `48` = 2L, `50` = 1L, `65` = 1L), .Dim = 41L, .Dimnames = structure(list(
        c("1", "2", "3", "4", "5", "6", "7", "8", "9", "10", 
        "11", "12", "13", "14", "15", "16", "17", "18", "19", 
        "20", "21", "22", "23", "24", "25", "26", "27", "28", 
        "29", "32", "33", "34", "36", "37", "39", "42", "43", 
        "47", "48", "50", "65")), .Names = ""), class = "table"), 
    No.Tag = structure(c(0L, 0L, 0L, 4L, 0L, 0L, 0L, 2L, 32L, 
    62L, 1L, 7L, 0L, 0L, 0L, 3L, 0L, 0L), .Dim = c(6L, 3L), .Dimnames = structure(list(
        c("-3", "-2", "-1", "0", "1", NA), c("A", "G", NA)), .Names = c("", 
    "")), class = "table"), All.Tags = list(Concordant = list(
        Freqs = structure(c(0, 0, 1, 0, 0, 0, 22, 32, 112, 1), .Dim = c(5L, 
        2L), .Dimnames = list(c("-3", "-2", "-1", "0", "1"), 
            c("A", "G"))), N = 168), Majority = list(Freqs = structure(c(0, 
    0, 1, 0, 0, 0, 26, 44, 186, 1), .Dim = c(5L, 2L), .Dimnames = list(
        c("-3", "-2", "-1", "0", "1"), c("A", "G"))), N = 258)), 
    `2` = structure(c(0, 0, 0, 0, 0, 0, 20, 38, 155, 0), .Dim = c(5L, 
    2L), .Dimnames = list(c("-3", "-2", "-1", "0", "1"), c("A", 
    "G"))))))
