Results <-
list(`bwaOutput/20210421msiMNRsJenny/1096_S51.sam` = list(LR24_SNP1 = list(
    All = list(Freqs = structure(c(1L, 63L, 3637L, 8L, 6L, 0L, 
    101L, 3569L, 8L, 5L, 0L, 0L, 46L, 0L, 0L), .Dim = c(5L, 3L
    ), .Dimnames = structure(list(c("-2", "-1", "0", "1", NA), 
        c("A", "G", NA)), .Names = c("", "")), class = "table"), 
        N = 7444L), Tag.Distribution = structure(c(`1` = 249L, 
    `2` = 84L, `3` = 96L, `4` = 83L, `5` = 70L, `6` = 60L, `7` = 50L, 
    `8` = 49L, `9` = 38L, `10` = 36L, `11` = 29L, `12` = 26L, 
    `13` = 20L, `14` = 25L, `15` = 20L, `16` = 20L, `17` = 16L, 
    `18` = 13L, `19` = 8L, `20` = 4L, `21` = 7L, `22` = 9L, `23` = 6L, 
    `24` = 1L, `26` = 1L, `27` = 1L, `28` = 1L, `29` = 4L, `31` = 2L, 
    `32` = 3L, `33` = 2L, `35` = 3L, `37` = 1L, `38` = 1L, `39` = 2L, 
    `42` = 2L, `44` = 1L, `45` = 1L, `48` = 1L), .Dim = 39L, .Dimnames = structure(list(
        c("1", "2", "3", "4", "5", "6", "7", "8", "9", "10", 
        "11", "12", "13", "14", "15", "16", "17", "18", "19", 
        "20", "21", "22", "23", "24", "26", "27", "28", "29", 
        "31", "32", "33", "35", "37", "38", "39", "42", "44", 
        "45", "48")), .Names = ""), class = "table"), No.Tag = structure(c(0L, 
    1L, 144L, 0L, 1L, 0L, 4L, 92L, 0L, 1L, 0L, 0L, 4L, 0L, 0L
    ), .Dim = c(5L, 3L), .Dimnames = structure(list(c("-2", "-1", 
    "0", "1", NA), c("A", "G", NA)), .Names = c("", "")), class = "table"), 
    All.Tags = list(Concordant = list(Freqs = structure(c(0, 
    5, 441, 0, 0, 11, 440, 0), .Dim = c(4L, 2L), .Dimnames = list(
        c("-2", "-1", "0", "1"), c("A", "G"))), N = 897), Majority = list(
        Freqs = structure(c(0, 6, 505, 0, 0, 11, 507, 0), .Dim = c(4L, 
        2L), .Dimnames = list(c("-2", "-1", "0", "1"), c("A", 
        "G"))), N = 1029)), `2` = structure(c(0, 5, 382, 0, 0, 
    8, 394, 0), .Dim = c(4L, 2L), .Dimnames = list(c("-2", "-1", 
    "0", "1"), c("A", "G"))))))
