Results <-
list(`bwaOutput/20210421msiMNRsJenny/1096_S51.sam` = list(IM49_SNP1 = list(
    All = list(Freqs = structure(c(0L, 62L, 805L, 1697L, 37L, 
    1L, 37L, 21L, 413L, 572L, 1528L, 24L, 0L, 27L, 0L, 1L, 18L, 
    136L, 4L, 0L, 0L), .Dim = c(7L, 3L), .Dimnames = structure(list(
        c("-3", "-2", "-1", "0", "1", "2", NA), c("C", "G", NA
        )), .Names = c("", "")), class = "table"), N = 5383L), 
    Tag.Distribution = structure(c(`1` = 212L, `2` = 80L, `3` = 51L, 
    `4` = 61L, `5` = 36L, `6` = 32L, `7` = 27L, `8` = 40L, `9` = 20L, 
    `10` = 28L, `11` = 19L, `12` = 17L, `13` = 15L, `14` = 19L, 
    `15` = 8L, `16` = 11L, `17` = 16L, `18` = 5L, `19` = 9L, 
    `20` = 6L, `21` = 5L, `22` = 7L, `23` = 7L, `24` = 2L, `25` = 2L, 
    `26` = 5L, `27` = 4L, `28` = 3L, `29` = 1L, `30` = 2L, `31` = 1L, 
    `33` = 1L, `35` = 2L, `37` = 2L, `38` = 1L, `41` = 2L, `42` = 1L, 
    `47` = 1L), .Dim = 38L, .Dimnames = structure(list(c("1", 
    "2", "3", "4", "5", "6", "7", "8", "9", "10", "11", "12", 
    "13", "14", "15", "16", "17", "18", "19", "20", "21", "22", 
    "23", "24", "25", "26", "27", "28", "29", "30", "31", "33", 
    "35", "37", "38", "41", "42", "47")), .Names = ""), class = "table"), 
    No.Tag = structure(c(0L, 7L, 10L, 22L, 0L, 0L, 0L, 21L, 2L, 
    15L, 19L, 1L, 0L, 0L, 0L, 0L, 1L, 6L, 0L, 0L, 0L), .Dim = c(7L, 
    3L), .Dimnames = structure(list(c("-3", "-2", "-1", "0", 
    "1", "2", NA), c("C", "G", NA)), .Names = c("", "")), class = "table"), 
    All.Tags = list(Concordant = list(Freqs = structure(c(0, 
    2, 79, 193, 1, 0, 0, 37, 45, 165, 0, 0), .Dim = c(6L, 2L), .Dimnames = list(
        c("-3", "-2", "-1", "0", "1", "2"), c("C", "G"))), N = 522), 
        Majority = list(Freqs = structure(c(0, 4, 99, 265, 2, 
        0, 0, 41, 69, 214, 0, 0), .Dim = c(6L, 2L), .Dimnames = list(
            c("-3", "-2", "-1", "0", "1", "2"), c("C", "G"))), 
            N = 694)), `2` = structure(c(0, 4, 79, 191, 1, 0, 
    0, 30, 61, 164, 0, 0), .Dim = c(6L, 2L), .Dimnames = list(
        c("-3", "-2", "-1", "0", "1", "2"), c("C", "G"))))))
