Results <-
list(`bwaOutput/20210421msiMNRsJenny/1096_S51.sam` = list(GM26_SNP1 = list(
    All = list(Freqs = structure(c(397L, 2173L, 7L, 4L, 0L, 1L, 
    0L, 0L, 4L, 18L, 0L, 0L), .Dim = 4:3, .Dimnames = structure(list(
        c("-1", "0", "1", NA), c("A", "G", NA)), .Names = c("", 
    "")), class = "table"), N = 2604L), Tag.Distribution = structure(c(`1` = 47L, 
    `2` = 11L, `3` = 13L, `4` = 8L, `5` = 7L, `6` = 8L, `7` = 11L, 
    `8` = 6L, `9` = 7L, `10` = 8L, `11` = 3L, `12` = 12L, `13` = 2L, 
    `14` = 2L, `15` = 7L, `16` = 6L, `17` = 5L, `18` = 4L, `19` = 5L, 
    `20` = 2L, `21` = 3L, `22` = 5L, `23` = 5L, `24` = 5L, `25` = 1L, 
    `26` = 1L, `27` = 3L, `28` = 2L, `29` = 1L, `30` = 2L, `31` = 1L, 
    `32` = 3L, `33` = 2L, `34` = 1L, `35` = 2L, `36` = 1L, `37` = 1L, 
    `38` = 2L, `39` = 1L, `42` = 1L, `48` = 1L, `51` = 1L), .Dim = 42L, .Dimnames = structure(list(
        c("1", "2", "3", "4", "5", "6", "7", "8", "9", "10", 
        "11", "12", "13", "14", "15", "16", "17", "18", "19", 
        "20", "21", "22", "23", "24", "25", "26", "27", "28", 
        "29", "30", "31", "32", "33", "34", "35", "36", "37", 
        "38", "39", "42", "48", "51")), .Names = ""), class = "table"), 
    No.Tag = structure(c(19L, 58L, 0L, 0L, 0L, 0L, 0L, 0L, 0L, 
    1L, 0L, 0L), .Dim = 4:3, .Dimnames = structure(list(c("-1", 
    "0", "1", NA), c("A", "G", NA)), .Names = c("", "")), class = "table"), 
    All.Tags = list(Concordant = list(Freqs = structure(c(23, 
    177, 0, 0, 0, 0), .Dim = 3:2, .Dimnames = list(c("-1", "0", 
    "1"), c("A", "G"))), N = 200), Majority = list(Freqs = structure(c(25, 
    192, 0, 0, 0, 0), .Dim = 3:2, .Dimnames = list(c("-1", "0", 
    "1"), c("A", "G"))), N = 217)), `2` = structure(c(19, 152, 
    0, 0, 0, 0), .Dim = 3:2, .Dimnames = list(c("-1", "0", "1"
    ), c("A", "G"))))))
