Results <-
list(`bwaOutput/20210421msiMNRsJenny/1096_S51.sam` = list(LR48_SNP1 = list(
    All = list(Freqs = structure(c(1L, 223L, 446L, 1874L, 25L, 
    20L, 0L, 0L, 1L, 24L, 0L, 0L), .Dim = c(6L, 2L), .Dimnames = structure(list(
        c("-3", "-2", "-1", "0", "1", NA), c("C", NA)), .Names = c("", 
    "")), class = "table"), N = 2614L), Tag.Distribution = structure(c(`1` = 29L, 
    `2` = 7L, `3` = 5L, `4` = 7L, `5` = 10L, `6` = 7L, `7` = 8L, 
    `8` = 9L, `10` = 4L, `11` = 6L, `12` = 4L, `13` = 7L, `14` = 4L, 
    `15` = 5L, `16` = 1L, `17` = 4L, `18` = 5L, `19` = 6L, `20` = 3L, 
    `21` = 4L, `22` = 5L, `24` = 3L, `25` = 1L, `26` = 2L, `28` = 3L, 
    `29` = 2L, `32` = 2L, `33` = 2L, `34` = 2L, `35` = 5L, `36` = 1L, 
    `37` = 1L, `38` = 1L, `39` = 2L, `41` = 2L, `42` = 1L, `45` = 1L, 
    `46` = 1L, `48` = 1L, `51` = 1L, `54` = 1L, `56` = 1L, `58` = 1L
    ), .Dim = 43L, .Dimnames = structure(list(c("1", "2", "3", 
    "4", "5", "6", "7", "8", "10", "11", "12", "13", "14", "15", 
    "16", "17", "18", "19", "20", "21", "22", "24", "25", "26", 
    "28", "29", "32", "33", "34", "35", "36", "37", "38", "39", 
    "41", "42", "45", "46", "48", "51", "54", "56", "58")), .Names = ""), class = "table"), 
    No.Tag = structure(c(0L, 13L, 2L, 39L, 0L, 0L, 0L, 0L, 0L, 
    1L, 0L, 0L), .Dim = c(6L, 2L), .Dimnames = structure(list(
        c("-3", "-2", "-1", "0", "1", NA), c("C", NA)), .Names = c("", 
    "")), class = "table"), All.Tags = list(Concordant = list(
        Freqs = structure(c(0, 11, 18, 88, 0), .Dim = c(5L, 1L
        ), .Dimnames = list(c("-3", "-2", "-1", "0", "1"), "C")), 
        N = 117), Majority = list(Freqs = structure(c(0, 14, 
    24, 135, 0), .Dim = c(5L, 1L), .Dimnames = list(c("-3", "-2", 
    "-1", "0", "1"), "C")), N = 173)), `2` = structure(c(0, 10, 
    19, 117, 0), .Dim = c(5L, 1L), .Dimnames = list(c("-3", "-2", 
    "-1", "0", "1"), "C")))))
