Results <-
list(`bwaOutput/20210421msiMNRsJenny/1096_S51.sam` = list(IM16_SNP1 = list(
    All = list(Freqs = structure(c(1L, 474L, 1367L, 12L, 1L, 
    0L, 53L, 1763L, 28L, 0L, 0L, 2L, 26L, 2L, 0L), .Dim = c(5L, 
    3L), .Dimnames = structure(list(c("-2", "-1", "0", "1", NA
    ), c("A", "G", NA)), .Names = c("", "")), class = "table"), 
        N = 3729L), Tag.Distribution = structure(c(`1` = 51L, 
    `2` = 9L, `3` = 14L, `4` = 9L, `5` = 19L, `6` = 10L, `7` = 14L, 
    `8` = 12L, `9` = 11L, `10` = 11L, `11` = 8L, `12` = 10L, 
    `13` = 7L, `14` = 11L, `15` = 4L, `16` = 12L, `17` = 7L, 
    `18` = 3L, `19` = 7L, `20` = 3L, `21` = 8L, `22` = 3L, `23` = 5L, 
    `24` = 1L, `25` = 3L, `26` = 2L, `27` = 1L, `31` = 1L, `32` = 3L, 
    `33` = 3L, `35` = 2L, `36` = 4L, `37` = 1L, `38` = 1L, `39` = 3L, 
    `40` = 2L, `41` = 2L, `42` = 4L, `43` = 2L, `44` = 1L, `45` = 1L, 
    `46` = 2L, `48` = 1L, `50` = 1L, `56` = 1L), .Dim = 45L, .Dimnames = structure(list(
        c("1", "2", "3", "4", "5", "6", "7", "8", "9", "10", 
        "11", "12", "13", "14", "15", "16", "17", "18", "19", 
        "20", "21", "22", "23", "24", "25", "26", "27", "31", 
        "32", "33", "35", "36", "37", "38", "39", "40", "41", 
        "42", "43", "44", "45", "46", "48", "50", "56")), .Names = ""), class = "table"), 
    No.Tag = structure(c(0L, 5L, 13L, 1L, 0L, 0L, 1L, 16L, 1L, 
    0L, 0L, 0L, 5L, 1L, 0L), .Dim = c(5L, 3L), .Dimnames = structure(list(
        c("-2", "-1", "0", "1", NA), c("A", "G", NA)), .Names = c("", 
    "")), class = "table"), All.Tags = list(Concordant = list(
        Freqs = structure(c(0, 31, 86, 0, 0, 3, 110, 1), .Dim = c(4L, 
        2L), .Dimnames = list(c("-2", "-1", "0", "1"), c("A", 
        "G"))), N = 231), Majority = list(Freqs = structure(c(0, 
    36, 104, 0, 0, 3, 144, 1), .Dim = c(4L, 2L), .Dimnames = list(
        c("-2", "-1", "0", "1"), c("A", "G"))), N = 288)), `2` = structure(c(0, 
    31, 86, 0, 0, 2, 119, 0), .Dim = c(4L, 2L), .Dimnames = list(
        c("-2", "-1", "0", "1"), c("A", "G"))))))
