Results <-
list(`bwaOutput/20210421msiMNRsJenny/1101_S52.sam` = list(LR11_SNP1 = list(
    All = list(Freqs = structure(c(0L, 0L, 2L, 0L, 0L, 5L, 276L, 
    2152L, 11L, 3L, 0L, 0L, 1L, 0L, 0L, 1L, 6L, 59L, 1L, 0L), .Dim = 5:4, .Dimnames = structure(list(
        c("-2", "-1", "0", "1", NA), c("A", "C", "T", NA)), .Names = c("", 
    "")), class = "table"), N = 2517L), Tag.Distribution = structure(c(`1` = 24L, 
    `2` = 1L, `5` = 3L, `6` = 1L, `7` = 1L, `8` = 1L, `9` = 1L, 
    `10` = 1L, `13` = 1L, `15` = 1L, `16` = 1L, `17` = 1L, `18` = 1L, 
    `19` = 1L, `20` = 3L, `21` = 2L, `22` = 1L, `24` = 1L, `26` = 1L, 
    `27` = 3L, `28` = 1L, `29` = 2L, `30` = 1L, `33` = 2L, `34` = 1L, 
    `36` = 2L, `37` = 1L, `38` = 1L, `42` = 1L, `44` = 1L, `47` = 1L, 
    `49` = 2L, `50` = 2L, `51` = 2L, `54` = 1L, `58` = 1L, `60` = 2L, 
    `64` = 1L, `65` = 1L, `67` = 2L, `70` = 2L, `73` = 1L, `76` = 1L, 
    `81` = 2L, `82` = 2L, `84` = 1L, `90` = 1L), .Dim = 47L, .Dimnames = structure(list(
        c("1", "2", "5", "6", "7", "8", "9", "10", "13", "15", 
        "16", "17", "18", "19", "20", "21", "22", "24", "26", 
        "27", "28", "29", "30", "33", "34", "36", "37", "38", 
        "42", "44", "47", "49", "50", "51", "54", "58", "60", 
        "64", "65", "67", "70", "73", "76", "81", "82", "84", 
        "90")), .Names = ""), class = "table"), No.Tag = structure(c(0L, 
    0L, 0L, 0L, 0L, 0L, 0L, 2L, 0L, 0L, 0L, 0L, 0L, 0L, 0L, 0L, 
    0L, 1L, 0L, 0L), .Dim = 5:4, .Dimnames = structure(list(c("-2", 
    "-1", "0", "1", NA), c("A", "C", "T", NA)), .Names = c("", 
    "")), class = "table"), All.Tags = list(Concordant = list(
        Freqs = structure(c(0, 0, 2, 0, 0, 4, 46, 0, 0, 0, 0, 
        0), .Dim = 4:3, .Dimnames = list(c("-2", "-1", "0", "1"
        ), c("A", "C", "T"))), N = 52), Majority = list(Freqs = structure(c(0, 
    0, 2, 0, 0, 5, 81, 0, 0, 0, 0, 0), .Dim = 4:3, .Dimnames = list(
        c("-2", "-1", "0", "1"), c("A", "C", "T"))), N = 88)), 
    `2` = structure(c(0, 0, 0, 0, 0, 5, 59, 0, 0, 0, 0, 0), .Dim = 4:3, .Dimnames = list(
        c("-2", "-1", "0", "1"), c("A", "C", "T"))))))
