Results <-
list(`bwaOutput/20210421msiMNRsJenny/1101_S52.sam` = list(LR20_SNP1 = list(
    All = list(Freqs = structure(c(0L, 1L, 0L, 0L, 7L, 2907L, 
    4L, 1L, 0L, 14L, 0L, 0L), .Dim = 4:3, .Dimnames = structure(list(
        c("-1", "0", "1", NA), c("A", "G", NA)), .Names = c("", 
    "")), class = "table"), N = 2934L), Tag.Distribution = structure(c(`1` = 30L, 
    `3` = 2L, `5` = 1L, `6` = 1L, `8` = 2L, `10` = 2L, `11` = 2L, 
    `12` = 1L, `13` = 2L, `14` = 2L, `15` = 4L, `16` = 2L, `17` = 3L, 
    `18` = 4L, `20` = 3L, `21` = 4L, `22` = 3L, `23` = 4L, `24` = 3L, 
    `26` = 1L, `27` = 3L, `28` = 1L, `30` = 1L, `31` = 5L, `32` = 1L, 
    `33` = 2L, `34` = 2L, `35` = 2L, `36` = 1L, `37` = 1L, `38` = 3L, 
    `39` = 1L, `40` = 3L, `43` = 1L, `50` = 1L, `51` = 1L, `56` = 1L, 
    `57` = 1L, `65` = 1L, `66` = 1L, `67` = 1L, `68` = 2L, `75` = 2L, 
    `76` = 2L, `77` = 1L, `87` = 1L, `88` = 1L, `90` = 1L), .Dim = 48L, .Dimnames = structure(list(
        c("1", "3", "5", "6", "8", "10", "11", "12", "13", "14", 
        "15", "16", "17", "18", "20", "21", "22", "23", "24", 
        "26", "27", "28", "30", "31", "32", "33", "34", "35", 
        "36", "37", "38", "39", "40", "43", "50", "51", "56", 
        "57", "65", "66", "67", "68", "75", "76", "77", "87", 
        "88", "90")), .Names = ""), class = "table"), No.Tag = structure(c(0L, 
    0L, 0L, 0L, 0L, 36L, 0L, 0L, 0L, 1L, 0L, 0L), .Dim = 4:3, .Dimnames = structure(list(
        c("-1", "0", "1", NA), c("A", "G", NA)), .Names = c("", 
    "")), class = "table"), All.Tags = list(Concordant = list(
        Freqs = structure(c(0, 0, 0, 0, 107, 0), .Dim = 3:2, .Dimnames = list(
            c("-1", "0", "1"), c("A", "G"))), N = 107), Majority = list(
        Freqs = structure(c(0, 0, 0, 0, 118, 0), .Dim = 3:2, .Dimnames = list(
            c("-1", "0", "1"), c("A", "G"))), N = 118)), `2` = structure(c(0, 
    0, 0, 0, 90, 0), .Dim = 3:2, .Dimnames = list(c("-1", "0", 
    "1"), c("A", "G"))))))
