Results <-
list(`bwaOutput/20210421msiMNRsJenny/1101_S52.sam` = list(GM09_SNP1 = list(
    All = list(Freqs = structure(c(34L, 4921L, 10L, 1L, 1L, 40L, 
    0L, 0L, 0L, 21L, 0L, 0L), .Dim = 4:3, .Dimnames = structure(list(
        c("-1", "0", "1", NA), c("A", "G", NA)), .Names = c("", 
    "")), class = "table"), N = 5028L), Tag.Distribution = structure(c(`1` = 51L, 
    `2` = 2L, `3` = 1L, `4` = 3L, `5` = 1L, `6` = 2L, `7` = 1L, 
    `9` = 4L, `10` = 2L, `11` = 2L, `12` = 4L, `14` = 3L, `15` = 2L, 
    `16` = 2L, `17` = 5L, `18` = 2L, `19` = 4L, `20` = 3L, `21` = 4L, 
    `22` = 8L, `23` = 3L, `24` = 5L, `25` = 2L, `26` = 4L, `27` = 1L, 
    `28` = 6L, `29` = 2L, `30` = 3L, `31` = 4L, `32` = 3L, `33` = 5L, 
    `34` = 3L, `35` = 3L, `36` = 1L, `37` = 2L, `38` = 4L, `39` = 2L, 
    `41` = 1L, `42` = 2L, `43` = 3L, `44` = 3L, `45` = 2L, `47` = 1L, 
    `48` = 1L, `50` = 1L, `51` = 1L, `52` = 1L, `53` = 1L, `54` = 1L, 
    `55` = 1L, `58` = 1L, `60` = 1L, `62` = 1L, `63` = 1L, `64` = 4L, 
    `65` = 1L, `67` = 2L, `68` = 1L, `70` = 2L, `71` = 1L, `72` = 1L, 
    `79` = 1L, `81` = 1L, `85` = 1L, `90` = 1L, `94` = 1L, `100` = 1L
    ), .Dim = 67L, .Dimnames = structure(list(c("1", "2", "3", 
    "4", "5", "6", "7", "9", "10", "11", "12", "14", "15", "16", 
    "17", "18", "19", "20", "21", "22", "23", "24", "25", "26", 
    "27", "28", "29", "30", "31", "32", "33", "34", "35", "36", 
    "37", "38", "39", "41", "42", "43", "44", "45", "47", "48", 
    "50", "51", "52", "53", "54", "55", "58", "60", "62", "63", 
    "64", "65", "67", "68", "70", "71", "72", "79", "81", "85", 
    "90", "94", "100")), .Names = ""), class = "table"), No.Tag = structure(c(13L, 
    86L, 0L, 0L, 0L, 4L, 0L, 0L, 0L, 2L, 0L, 0L), .Dim = 4:3, .Dimnames = structure(list(
        c("-1", "0", "1", NA), c("A", "G", NA)), .Names = c("", 
    "")), class = "table"), All.Tags = list(Concordant = list(
        Freqs = structure(c(1, 159, 0, 1, 1, 0), .Dim = 3:2, .Dimnames = list(
            c("-1", "0", "1"), c("A", "G"))), N = 162), Majority = list(
        Freqs = structure(c(1, 190, 0, 1, 1, 0), .Dim = 3:2, .Dimnames = list(
            c("-1", "0", "1"), c("A", "G"))), N = 193)), `2` = structure(c(0, 
    148, 0, 0, 1, 0), .Dim = 3:2, .Dimnames = list(c("-1", "0", 
    "1"), c("A", "G"))))))
