Results <-
list(`bwaOutput/20210421msiMNRsJenny/1101_S52.sam` = list(DEPDC2_SNP1 = list(
    All = list(Freqs = structure(c(0L, 5L, 0L, 0L, 51L, 6031L, 
    30L, 17L, 1L, 28L, 0L, 0L), .Dim = 4:3, .Dimnames = structure(list(
        c("-1", "0", "1", NA), c("C", "T", NA)), .Names = c("", 
    "")), class = "table"), N = 6163L), Tag.Distribution = structure(c(`1` = 108L, 
    `2` = 8L, `3` = 3L, `4` = 4L, `5` = 4L, `6` = 8L, `7` = 7L, 
    `8` = 2L, `9` = 5L, `10` = 9L, `11` = 3L, `12` = 4L, `13` = 8L, 
    `14` = 6L, `15` = 4L, `16` = 6L, `17` = 9L, `18` = 6L, `19` = 5L, 
    `20` = 5L, `21` = 8L, `22` = 5L, `23` = 5L, `24` = 5L, `25` = 11L, 
    `26` = 8L, `27` = 4L, `28` = 4L, `29` = 5L, `30` = 3L, `31` = 3L, 
    `32` = 8L, `33` = 3L, `34` = 1L, `35` = 4L, `36` = 2L, `37` = 1L, 
    `38` = 4L, `39` = 2L, `40` = 2L, `43` = 1L, `44` = 3L, `45` = 2L, 
    `48` = 1L, `49` = 1L, `52` = 4L, `53` = 1L, `55` = 1L, `56` = 1L, 
    `57` = 1L, `58` = 2L, `59` = 3L, `60` = 2L, `62` = 1L, `65` = 1L, 
    `66` = 2L, `67` = 1L, `68` = 1L, `70` = 2L, `74` = 1L, `76` = 1L, 
    `77` = 1L, `79` = 1L, `96` = 1L, `130` = 1L), .Dim = 65L, .Dimnames = structure(list(
        c("1", "2", "3", "4", "5", "6", "7", "8", "9", "10", 
        "11", "12", "13", "14", "15", "16", "17", "18", "19", 
        "20", "21", "22", "23", "24", "25", "26", "27", "28", 
        "29", "30", "31", "32", "33", "34", "35", "36", "37", 
        "38", "39", "40", "43", "44", "45", "48", "49", "52", 
        "53", "55", "56", "57", "58", "59", "60", "62", "65", 
        "66", "67", "68", "70", "74", "76", "77", "79", "96", 
        "130")), .Names = ""), class = "table"), No.Tag = structure(c(0L, 
    0L, 0L, 0L, 0L, 97L, 0L, 1L, 0L, 5L, 0L, 0L), .Dim = 4:3, .Dimnames = structure(list(
        c("-1", "0", "1", NA), c("C", "T", NA)), .Names = c("", 
    "")), class = "table"), All.Tags = list(Concordant = list(
        Freqs = structure(c(0, 3, 0, 2, 278, 1), .Dim = 3:2, .Dimnames = list(
            c("-1", "0", "1"), c("C", "T"))), N = 284), Majority = list(
        Freqs = structure(c(0, 3, 0, 2, 326, 1), .Dim = 3:2, .Dimnames = list(
            c("-1", "0", "1"), c("C", "T"))), N = 332)), `2` = structure(c(0, 
    0, 0, 1, 230, 0), .Dim = 3:2, .Dimnames = list(c("-1", "0", 
    "1"), c("C", "T"))))))
