Results <-
list(`bwaOutput/20210421msiMNRsJenny/1101_S52.sam` = list(LR36_SNP1 = list(
    All = list(Freqs = structure(c(1L, 15L, 360L, 1939L, 38L, 
    1L, 22L, 2L, 81L, 194L, 1556L, 14L, 0L, 20L, 0L, 1L, 4L, 
    103L, 1L, 0L, 0L), .Dim = c(7L, 3L), .Dimnames = structure(list(
        c("-3", "-2", "-1", "0", "1", "2", NA), c("A", "T", NA
        )), .Names = c("", "")), class = "table"), N = 4352L), 
    Tag.Distribution = structure(c(`1` = 52L, `2` = 5L, `3` = 1L, 
    `4` = 5L, `5` = 3L, `6` = 3L, `7` = 2L, `8` = 2L, `9` = 2L, 
    `11` = 2L, `12` = 1L, `13` = 2L, `14` = 4L, `15` = 2L, `16` = 5L, 
    `17` = 1L, `19` = 3L, `20` = 1L, `21` = 2L, `22` = 5L, `23` = 6L, 
    `24` = 2L, `25` = 2L, `26` = 5L, `27` = 4L, `28` = 3L, `29` = 2L, 
    `31` = 5L, `32` = 4L, `34` = 3L, `35` = 2L, `36` = 1L, `37` = 4L, 
    `38` = 1L, `39` = 3L, `40` = 1L, `41` = 4L, `42` = 1L, `44` = 3L, 
    `45` = 1L, `46` = 2L, `47` = 1L, `49` = 4L, `51` = 1L, `52` = 1L, 
    `60` = 1L, `61` = 1L, `63` = 2L, `64` = 1L, `66` = 1L, `69` = 1L, 
    `70` = 1L, `71` = 1L, `73` = 1L, `74` = 1L, `75` = 1L, `77` = 2L, 
    `78` = 1L, `81` = 1L, `84` = 1L, `104` = 1L), .Dim = 61L, .Dimnames = structure(list(
        c("1", "2", "3", "4", "5", "6", "7", "8", "9", "11", 
        "12", "13", "14", "15", "16", "17", "19", "20", "21", 
        "22", "23", "24", "25", "26", "27", "28", "29", "31", 
        "32", "34", "35", "36", "37", "38", "39", "40", "41", 
        "42", "44", "45", "46", "47", "49", "51", "52", "60", 
        "61", "63", "64", "66", "69", "70", "71", "73", "74", 
        "75", "77", "78", "81", "84", "104")), .Names = ""), class = "table"), 
    No.Tag = structure(c(0L, 0L, 2L, 90L, 2L, 0L, 2L, 0L, 2L, 
    1L, 25L, 1L, 0L, 2L, 0L, 0L, 0L, 6L, 0L, 0L, 0L), .Dim = c(7L, 
    3L), .Dimnames = structure(list(c("-3", "-2", "-1", "0", 
    "1", "2", NA), c("A", "T", NA)), .Names = c("", "")), class = "table"), 
    All.Tags = list(Concordant = list(Freqs = structure(c(0, 
    0, 11, 47, 1, 0, 0, 6, 3, 35, 0, 0), .Dim = c(6L, 2L), .Dimnames = list(
        c("-3", "-2", "-1", "0", "1", "2"), c("A", "T"))), N = 103), 
        Majority = list(Freqs = structure(c(0, 0, 17, 82, 2, 
        0, 0, 6, 5, 64, 0, 0), .Dim = c(6L, 2L), .Dimnames = list(
            c("-3", "-2", "-1", "0", "1", "2"), c("A", "T"))), 
            N = 176)), `2` = structure(c(0, 0, 12, 61, 1, 0, 
    0, 6, 3, 51, 0, 0), .Dim = c(6L, 2L), .Dimnames = list(c("-3", 
    "-2", "-1", "0", "1", "2"), c("A", "T"))))))
