Results <-
list(`bwaOutput/20210421msiMNRsJenny/1101_S52.sam` = list(LR44_SNP1 = list(
    All = list(Freqs = structure(c(1L, 1L, 290L, 457L, 109L, 
    1367L, 23L, 0L, 0L, 0L, 10L, 0L, 1L, 9L, 245L, 593L, 1233L, 
    27L, 0L, 1L, 1L, 15L, 0L, 0L, 0L, 6L, 6L, 53L, 3L, 1L, 0L, 
    0L, 0L), .Dim = c(11L, 3L), .Dimnames = structure(list(c("-5", 
    "-4", "-3", "-2", "-1", "0", "1", "2", "3", "5", NA), c("C", 
    "T", NA)), .Names = c("", "")), class = "table"), N = 4452L), 
    Tag.Distribution = structure(c(`1` = 48L, `2` = 2L, `3` = 2L, 
    `4` = 3L, `5` = 2L, `6` = 4L, `7` = 2L, `8` = 1L, `9` = 1L, 
    `10` = 2L, `11` = 3L, `12` = 1L, `13` = 4L, `14` = 3L, `16` = 2L, 
    `17` = 4L, `18` = 3L, `19` = 5L, `20` = 4L, `21` = 5L, `22` = 1L, 
    `23` = 1L, `24` = 2L, `25` = 3L, `26` = 2L, `27` = 1L, `28` = 4L, 
    `29` = 5L, `30` = 3L, `31` = 3L, `32` = 1L, `33` = 3L, `34` = 3L, 
    `35` = 4L, `36` = 2L, `38` = 4L, `39` = 1L, `40` = 1L, `41` = 1L, 
    `42` = 4L, `43` = 1L, `45` = 1L, `46` = 1L, `47` = 2L, `49` = 1L, 
    `50` = 1L, `52` = 2L, `53` = 1L, `56` = 2L, `57` = 1L, `60` = 1L, 
    `61` = 1L, `63` = 1L, `64` = 1L, `66` = 2L, `68` = 1L, `71` = 1L, 
    `72` = 1L, `73` = 1L, `74` = 1L, `77` = 1L, `81` = 1L, `83` = 1L, 
    `84` = 1L, `86` = 1L, `96` = 1L, `98` = 1L, `109` = 1L), .Dim = 68L, .Dimnames = structure(list(
        c("1", "2", "3", "4", "5", "6", "7", "8", "9", "10", 
        "11", "12", "13", "14", "16", "17", "18", "19", "20", 
        "21", "22", "23", "24", "25", "26", "27", "28", "29", 
        "30", "31", "32", "33", "34", "35", "36", "38", "39", 
        "40", "41", "42", "43", "45", "46", "47", "49", "50", 
        "52", "53", "56", "57", "60", "61", "63", "64", "66", 
        "68", "71", "72", "73", "74", "77", "81", "83", "84", 
        "86", "96", "98", "109")), .Names = ""), class = "table"), 
    No.Tag = structure(c(0L, 0L, 0L, 1L, 1L, 7L, 0L, 0L, 0L, 
    0L, 0L, 0L, 0L, 0L, 25L, 9L, 2L, 0L, 0L, 0L, 0L, 1L, 0L, 
    0L, 0L, 1L, 0L, 0L, 0L, 0L, 0L, 0L, 0L), .Dim = c(11L, 3L
    ), .Dimnames = structure(list(c("-5", "-4", "-3", "-2", "-1", 
    "0", "1", "2", "3", "5", NA), c("C", "T", NA)), .Names = c("", 
    "")), class = "table"), All.Tags = list(Concordant = list(
        Freqs = structure(c(0, 0, 12, 11, 2, 23, 0, 0, 0, 0, 
        0, 0, 0, 3, 12, 18, 0, 0, 0, 0), .Dim = c(10L, 2L), .Dimnames = list(
            c("-5", "-4", "-3", "-2", "-1", "0", "1", "2", "3", 
            "5"), c("C", "T"))), N = 81), Majority = list(Freqs = structure(c(0, 
    0, 13, 17, 2, 60, 0, 0, 0, 0, 0, 0, 0, 8, 22, 53, 0, 0, 0, 
    0), .Dim = c(10L, 2L), .Dimnames = list(c("-5", "-4", "-3", 
    "-2", "-1", "0", "1", "2", "3", "5"), c("C", "T"))), N = 175)), 
    `2` = structure(c(0, 0, 10, 14, 0, 45, 0, 0, 0, 0, 0, 0, 
    0, 7, 15, 42, 0, 0, 0, 0), .Dim = c(10L, 2L), .Dimnames = list(
        c("-5", "-4", "-3", "-2", "-1", "0", "1", "2", "3", "5"
        ), c("C", "T"))))))
