Results <-
list(`bwaOutput/20210421msiMNRsJenny/1101_S52.sam` = list(GM07_SNP1 = list(
    All = list(Freqs = structure(c(0L, 0L, 0L, 6L, 0L, 0L, 2L, 
    1L, 309L, 476L, 1799L, 57L, 1L, 45L, 0L, 2L, 2L, 30L, 0L, 
    0L, 0L), .Dim = c(7L, 3L), .Dimnames = structure(list(c("-3", 
    "-2", "-1", "0", "1", "2", NA), c("A", "G", NA)), .Names = c("", 
    "")), class = "table"), N = 2730L), Tag.Distribution = structure(c(`1` = 30L, 
    `2` = 2L, `3` = 1L, `4` = 1L, `6` = 1L, `8` = 1L, `9` = 2L, 
    `11` = 1L, `12` = 2L, `13` = 1L, `14` = 1L, `17` = 2L, `18` = 1L, 
    `19` = 4L, `20` = 2L, `21` = 3L, `22` = 4L, `23` = 1L, `25` = 3L, 
    `26` = 1L, `27` = 1L, `28` = 2L, `29` = 1L, `30` = 4L, `31` = 3L, 
    `33` = 2L, `34` = 2L, `35` = 1L, `36` = 3L, `37` = 1L, `40` = 1L, 
    `41` = 1L, `43` = 1L, `44` = 1L, `49` = 1L, `50` = 1L, `51` = 1L, 
    `52` = 1L, `53` = 2L, `58` = 1L, `59` = 1L, `60` = 1L, `61` = 1L, 
    `63` = 1L, `65` = 1L, `67` = 2L, `70` = 1L, `74` = 1L, `76` = 1L, 
    `77` = 1L, `80` = 1L, `90` = 1L), .Dim = 52L, .Dimnames = structure(list(
        c("1", "2", "3", "4", "6", "8", "9", "11", "12", "13", 
        "14", "17", "18", "19", "20", "21", "22", "23", "25", 
        "26", "27", "28", "29", "30", "31", "33", "34", "35", 
        "36", "37", "40", "41", "43", "44", "49", "50", "51", 
        "52", "53", "58", "59", "60", "61", "63", "65", "67", 
        "70", "74", "76", "77", "80", "90")), .Names = ""), class = "table"), 
    No.Tag = structure(c(0L, 0L, 0L, 2L, 0L, 0L, 1L, 0L, 3L, 
    13L, 41L, 1L, 0L, 6L, 0L, 1L, 1L, 1L, 0L, 0L, 0L), .Dim = c(7L, 
    3L), .Dimnames = structure(list(c("-3", "-2", "-1", "0", 
    "1", "2", NA), c("A", "G", NA)), .Names = c("", "")), class = "table"), 
    All.Tags = list(Concordant = list(Freqs = structure(c(0, 
    0, 0, 4, 0, 0, 0, 11, 8, 29, 0, 0), .Dim = c(6L, 2L), .Dimnames = list(
        c("-3", "-2", "-1", "0", "1", "2"), c("A", "G"))), N = 52), 
        Majority = list(Freqs = structure(c(0, 0, 0, 4, 0, 0, 
        0, 12, 14, 70, 0, 0), .Dim = c(6L, 2L), .Dimnames = list(
            c("-3", "-2", "-1", "0", "1", "2"), c("A", "G"))), 
            N = 100)), `2` = structure(c(0, 0, 0, 0, 0, 0, 0, 
    9, 12, 56, 0, 0), .Dim = c(6L, 2L), .Dimnames = list(c("-3", 
    "-2", "-1", "0", "1", "2"), c("A", "G"))))))
