Results <-
list(`bwaOutput/20210421msiMNRsJenny/1101_S52.sam` = list(LR52_SNP1 = list(
    All = list(Freqs = structure(c(0L, 0L, 0L, 1L, 0L, 0L, 7L, 
    150L, 152L, 560L, 7L, 18L, 6L, 63L, 114L, 682L, 6L, 13L, 
    0L, 3L, 24L, 215L, 1L, 0L), .Dim = c(6L, 4L), .Dimnames = structure(list(
        c("-3", "-2", "-1", "0", "1", NA), c("A", "C", "T", NA
        )), .Names = c("", "")), class = "table"), N = 2022L), 
    Tag.Distribution = structure(c(`1` = 14L, `2` = 1L, `5` = 1L, 
    `7` = 2L, `8` = 1L, `10` = 2L, `12` = 2L, `13` = 1L, `14` = 1L, 
    `16` = 1L, `18` = 3L, `19` = 1L, `20` = 2L, `22` = 5L, `25` = 1L, 
    `26` = 1L, `27` = 3L, `28` = 1L, `30` = 1L, `33` = 1L, `35` = 1L, 
    `36` = 1L, `37` = 1L, `38` = 1L, `41` = 1L, `42` = 1L, `43` = 1L, 
    `44` = 2L, `45` = 1L, `46` = 1L, `47` = 4L, `48` = 1L, `52` = 1L, 
    `54` = 1L, `56` = 3L, `57` = 1L, `59` = 1L, `65` = 1L, `66` = 1L, 
    `69` = 1L, `70` = 1L, `88` = 1L), .Dim = 42L, .Dimnames = structure(list(
        c("1", "2", "5", "7", "8", "10", "12", "13", "14", "16", 
        "18", "19", "20", "22", "25", "26", "27", "28", "30", 
        "33", "35", "36", "37", "38", "41", "42", "43", "44", 
        "45", "46", "47", "48", "52", "54", "56", "57", "59", 
        "65", "66", "69", "70", "88")), .Names = ""), class = "table"), 
    No.Tag = structure(c(0L, 0L, 0L, 0L, 0L, 0L, 0L, 1L, 1L, 
    2L, 0L, 0L, 0L, 0L, 0L, 4L, 0L, 1L, 0L, 0L, 0L, 2L, 0L, 0L
    ), .Dim = c(6L, 4L), .Dimnames = structure(list(c("-3", "-2", 
    "-1", "0", "1", NA), c("A", "C", "T", NA)), .Names = c("", 
    "")), class = "table"), All.Tags = list(Concordant = list(
        Freqs = structure(c(0, 0, 0, 0, 0, 0, 1, 3, 7, 0, 0, 
        1, 0, 7, 0), .Dim = c(5L, 3L), .Dimnames = list(c("-3", 
        "-2", "-1", "0", "1"), c("A", "C", "T"))), N = 19), Majority = list(
        Freqs = structure(c(0, 0, 0, 0, 0, 0, 4, 6, 26, 0, 0, 
        3, 5, 25, 0), .Dim = c(5L, 3L), .Dimnames = list(c("-3", 
        "-2", "-1", "0", "1"), c("A", "C", "T"))), N = 69)), 
    `2` = structure(c(0, 0, 0, 0, 0, 0, 4, 5, 23, 0, 0, 2, 5, 
    20, 0), .Dim = c(5L, 3L), .Dimnames = list(c("-3", "-2", 
    "-1", "0", "1"), c("A", "C", "T"))))))
