Results <-
list(`bwaOutput/20210421msiMNRsJenny/1101_S52.sam` = list(GM17_SNP1 = list(
    All = list(Freqs = structure(c(0L, 0L, 1L, 33L, 0L, 0L, 1L, 
    3L, 283L, 3236L, 12L, 1L, 0L, 0L, 1L, 19L, 1L, 0L), .Dim = c(6L, 
    3L), .Dimnames = structure(list(c("-3", "-2", "-1", "0", 
    "1", NA), c("C", "T", NA)), .Names = c("", "")), class = "table"), 
        N = 3591L), Tag.Distribution = structure(c(`1` = 42L, 
    `5` = 3L, `6` = 2L, `7` = 1L, `8` = 1L, `10` = 3L, `11` = 1L, 
    `14` = 3L, `15` = 1L, `16` = 2L, `18` = 1L, `20` = 1L, `21` = 2L, 
    `23` = 2L, `24` = 3L, `25` = 4L, `26` = 2L, `27` = 4L, `29` = 4L, 
    `30` = 4L, `31` = 4L, `32` = 2L, `33` = 3L, `34` = 4L, `35` = 2L, 
    `36` = 5L, `37` = 1L, `39` = 2L, `43` = 1L, `46` = 1L, `47` = 1L, 
    `50` = 1L, `53` = 2L, `55` = 1L, `56` = 1L, `58` = 2L, `60` = 1L, 
    `63` = 1L, `64` = 3L, `66` = 2L, `71` = 1L, `72` = 1L, `73` = 1L, 
    `77` = 1L, `78` = 1L, `81` = 1L, `82` = 1L, `84` = 1L, `87` = 2L, 
    `106` = 1L), .Dim = 50L, .Dimnames = structure(list(c("1", 
    "5", "6", "7", "8", "10", "11", "14", "15", "16", "18", "20", 
    "21", "23", "24", "25", "26", "27", "29", "30", "31", "32", 
    "33", "34", "35", "36", "37", "39", "43", "46", "47", "50", 
    "53", "55", "56", "58", "60", "63", "64", "66", "71", "72", 
    "73", "77", "78", "81", "82", "84", "87", "106")), .Names = ""), class = "table"), 
    No.Tag = structure(c(0L, 0L, 0L, 1L, 0L, 0L, 0L, 0L, 4L, 
    22L, 0L, 0L, 0L, 0L, 1L, 3L, 0L, 0L), .Dim = c(6L, 3L), .Dimnames = structure(list(
        c("-3", "-2", "-1", "0", "1", NA), c("C", "T", NA)), .Names = c("", 
    "")), class = "table"), All.Tags = list(Concordant = list(
        Freqs = structure(c(0, 0, 1, 6, 0, 0, 0, 4, 94, 0), .Dim = c(5L, 
        2L), .Dimnames = list(c("-3", "-2", "-1", "0", "1"), 
            c("C", "T"))), N = 105), Majority = list(Freqs = structure(c(0, 
    0, 1, 6, 0, 0, 0, 8, 122, 0), .Dim = c(5L, 2L), .Dimnames = list(
        c("-3", "-2", "-1", "0", "1"), c("C", "T"))), N = 137)), 
    `2` = structure(c(0, 0, 0, 1, 0, 0, 0, 6, 88, 0), .Dim = c(5L, 
    2L), .Dimnames = list(c("-3", "-2", "-1", "0", "1"), c("C", 
    "T"))))))
