Results <-
list(`bwaOutput/20210421msiMNRsJenny/1101_S52.sam` = list(LR17_SNP1 = list(
    All = list(Freqs = structure(c(22L, 593L, 3070L, 38L, 1L, 
    19L, 0L, 15L, 96L, 1L, 0L, 0L), .Dim = c(6L, 2L), .Dimnames = structure(list(
        c("-2", "-1", "0", "1", "2", NA), c("A", NA)), .Names = c("", 
    "")), class = "table"), N = 3855L), Tag.Distribution = structure(c(`1` = 48L, 
    `2` = 1L, `3` = 2L, `4` = 1L, `5` = 1L, `7` = 1L, `10` = 1L, 
    `12` = 2L, `13` = 1L, `15` = 1L, `16` = 1L, `18` = 1L, `19` = 1L, 
    `20` = 1L, `21` = 3L, `22` = 1L, `23` = 1L, `24` = 1L, `25` = 2L, 
    `27` = 1L, `28` = 2L, `29` = 2L, `30` = 1L, `31` = 2L, `32` = 1L, 
    `33` = 3L, `34` = 2L, `35` = 2L, `36` = 1L, `37` = 3L, `38` = 1L, 
    `39` = 4L, `40` = 2L, `41` = 2L, `42` = 1L, `43` = 1L, `44` = 2L, 
    `48` = 2L, `49` = 1L, `52` = 1L, `53` = 1L, `54` = 1L, `55` = 1L, 
    `56` = 2L, `59` = 1L, `62` = 1L, `65` = 2L, `67` = 1L, `69` = 1L, 
    `70` = 1L, `71` = 2L, `75` = 1L, `76` = 3L, `79` = 2L, `81` = 1L, 
    `82` = 1L, `83` = 2L, `84` = 1L, `89` = 1L, `94` = 1L, `106` = 1L
    ), .Dim = 61L, .Dimnames = structure(list(c("1", "2", "3", 
    "4", "5", "7", "10", "12", "13", "15", "16", "18", "19", 
    "20", "21", "22", "23", "24", "25", "27", "28", "29", "30", 
    "31", "32", "33", "34", "35", "36", "37", "38", "39", "40", 
    "41", "42", "43", "44", "48", "49", "52", "53", "54", "55", 
    "56", "59", "62", "65", "67", "69", "70", "71", "75", "76", 
    "79", "81", "82", "83", "84", "89", "94", "106")), .Names = ""), class = "table"), 
    No.Tag = structure(c(0L, 5L, 47L, 1L, 0L, 0L, 0L, 0L, 2L, 
    0L, 0L, 0L), .Dim = c(6L, 2L), .Dimnames = structure(list(
        c("-2", "-1", "0", "1", "2", NA), c("A", NA)), .Names = c("", 
    "")), class = "table"), All.Tags = list(Concordant = list(
        Freqs = structure(c(2, 15, 47, 0, 0), .Dim = c(5L, 1L
        ), .Dimnames = list(c("-2", "-1", "0", "1", "2"), "A")), 
        N = 64), Majority = list(Freqs = structure(c(2, 21, 106, 
    0, 0), .Dim = c(5L, 1L), .Dimnames = list(c("-2", "-1", "0", 
    "1", "2"), "A")), N = 129)), `2` = structure(c(1, 14, 73, 
    0, 0), .Dim = c(5L, 1L), .Dimnames = list(c("-2", "-1", "0", 
    "1", "2"), "A")))))
