Results <-
list(`bwaOutput/20210421msiMNRsJenny/1101_S52.sam` = list(GM29_SNP1 = list(
    All = list(Freqs = structure(c(0L, 0L, 57L, 0L, 0L, 0L, 1L, 
    236L, 1522L, 3L, 1L, 5L, 0L, 2L, 18L, 0L, 0L, 0L), .Dim = c(6L, 
    3L), .Dimnames = structure(list(c("-3", "-1", "0", "1", "2", 
    NA), c("A", "G", NA)), .Names = c("", "")), class = "table"), 
        N = 1845L), Tag.Distribution = structure(c(`1` = 18L, 
    `3` = 4L, `4` = 1L, `6` = 2L, `8` = 1L, `9` = 1L, `11` = 1L, 
    `12` = 1L, `13` = 1L, `15` = 1L, `16` = 1L, `17` = 2L, `18` = 2L, 
    `20` = 1L, `21` = 1L, `22` = 2L, `23` = 3L, `24` = 3L, `25` = 3L, 
    `26` = 1L, `27` = 2L, `29` = 2L, `30` = 1L, `31` = 1L, `32` = 3L, 
    `34` = 1L, `35` = 3L, `36` = 1L, `37` = 1L, `42` = 1L, `43` = 1L, 
    `45` = 1L, `48` = 1L, `51` = 1L, `52` = 1L, `54` = 1L, `57` = 1L, 
    `67` = 1L, `69` = 1L, `71` = 1L, `76` = 1L, `78` = 1L), .Dim = 42L, .Dimnames = structure(list(
        c("1", "3", "4", "6", "8", "9", "11", "12", "13", "15", 
        "16", "17", "18", "20", "21", "22", "23", "24", "25", 
        "26", "27", "29", "30", "31", "32", "34", "35", "36", 
        "37", "42", "43", "45", "48", "51", "52", "54", "57", 
        "67", "69", "71", "76", "78")), .Names = ""), class = "table"), 
    No.Tag = structure(c(0L, 0L, 2L, 0L, 0L, 0L, 0L, 45L, 35L, 
    0L, 0L, 1L, 0L, 1L, 0L, 0L, 0L, 0L), .Dim = c(6L, 3L), .Dimnames = structure(list(
        c("-3", "-1", "0", "1", "2", NA), c("A", "G", NA)), .Names = c("", 
    "")), class = "table"), All.Tags = list(Concordant = list(
        Freqs = structure(c(0, 0, 5, 0, 0, 0, 5, 37, 0, 0), .Dim = c(5L, 
        2L), .Dimnames = list(c("-3", "-1", "0", "1", "2"), c("A", 
        "G"))), N = 47), Majority = list(Freqs = structure(c(0, 
    0, 5, 0, 0, 0, 7, 63, 0, 0), .Dim = c(5L, 2L), .Dimnames = list(
        c("-3", "-1", "0", "1", "2"), c("A", "G"))), N = 75)), 
    `2` = structure(c(0, 0, 1, 0, 0, 0, 5, 54, 0, 0), .Dim = c(5L, 
    2L), .Dimnames = list(c("-3", "-1", "0", "1", "2"), c("A", 
    "G"))))))
