Results <-
list(`bwaOutput/20210421msiMNRsJenny/1101_S52.sam` = list(LR10_SNP1 = list(
    All = list(Freqs = structure(c(42L, 3031L, 10L, 2L, 0L, 25L, 
    0L, 0L), .Dim = c(4L, 2L), .Dimnames = structure(list(c("-1", 
    "0", "1", NA), c("T", NA)), .Names = c("", "")), class = "table"), 
        N = 3110L), Tag.Distribution = structure(c(`1` = 27L, 
    `2` = 4L, `3` = 1L, `4` = 1L, `5` = 1L, `7` = 1L, `10` = 1L, 
    `11` = 1L, `12` = 2L, `13` = 3L, `15` = 2L, `16` = 1L, `17` = 2L, 
    `18` = 1L, `19` = 4L, `20` = 1L, `21` = 2L, `22` = 1L, `23` = 2L, 
    `24` = 2L, `25` = 1L, `26` = 2L, `28` = 2L, `29` = 2L, `30` = 1L, 
    `31` = 5L, `32` = 1L, `33` = 2L, `34` = 1L, `35` = 1L, `36` = 2L, 
    `37` = 3L, `38` = 1L, `39` = 1L, `40` = 2L, `41` = 2L, `43` = 2L, 
    `45` = 1L, `46` = 1L, `47` = 1L, `49` = 1L, `50` = 2L, `53` = 2L, 
    `55` = 1L, `57` = 1L, `61` = 1L, `65` = 2L, `70` = 2L, `73` = 1L, 
    `75` = 1L, `80` = 1L, `82` = 1L, `83` = 2L, `111` = 1L, `112` = 1L
    ), .Dim = 55L, .Dimnames = structure(list(c("1", "2", "3", 
    "4", "5", "7", "10", "11", "12", "13", "15", "16", "17", 
    "18", "19", "20", "21", "22", "23", "24", "25", "26", "28", 
    "29", "30", "31", "32", "33", "34", "35", "36", "37", "38", 
    "39", "40", "41", "43", "45", "46", "47", "49", "50", "53", 
    "55", "57", "61", "65", "70", "73", "75", "80", "82", "83", 
    "111", "112")), .Names = ""), class = "table"), No.Tag = structure(c(0L, 
    33L, 0L, 0L, 0L, 1L, 0L, 0L), .Dim = c(4L, 2L), .Dimnames = structure(list(
        c("-1", "0", "1", NA), c("T", NA)), .Names = c("", ""
    )), class = "table"), All.Tags = list(Concordant = list(Freqs = structure(c(0, 
    76, 0), .Dim = c(3L, 1L), .Dimnames = list(c("-1", "0", "1"
    ), "T")), N = 76), Majority = list(Freqs = structure(c(0, 
    114, 0), .Dim = c(3L, 1L), .Dimnames = list(c("-1", "0", 
    "1"), "T")), N = 114)), `2` = structure(c(0, 87, 0), .Dim = c(3L, 
    1L), .Dimnames = list(c("-1", "0", "1"), "T")))))
