Results <-
list(`bwaOutput/20210421msiMNRsJenny/1101_S52.sam` = list(GM14_SNP1 = list(
    All = list(Freqs = structure(c(2L, 219L, 607L, 2659L, 20L, 
    12L, 0L, 0L, 0L, 1L, 0L, 0L, 0L, 0L, 2L, 34L, 0L, 0L), .Dim = c(6L, 
    3L), .Dimnames = structure(list(c("-3", "-2", "-1", "0", 
    "1", NA), c("C", "T", NA)), .Names = c("", "")), class = "table"), 
        N = 3556L), Tag.Distribution = structure(c(`1` = 34L, 
    `2` = 2L, `4` = 4L, `5` = 1L, `7` = 1L, `8` = 1L, `9` = 4L, 
    `10` = 5L, `11` = 1L, `12` = 4L, `13` = 4L, `14` = 2L, `15` = 1L, 
    `16` = 2L, `17` = 1L, `19` = 1L, `20` = 2L, `21` = 1L, `24` = 3L, 
    `25` = 1L, `27` = 4L, `28` = 5L, `29` = 3L, `30` = 2L, `31` = 1L, 
    `33` = 1L, `34` = 1L, `35` = 1L, `36` = 1L, `37` = 2L, `38` = 3L, 
    `39` = 3L, `40` = 1L, `41` = 1L, `44` = 2L, `47` = 1L, `48` = 2L, 
    `49` = 2L, `50` = 2L, `51` = 2L, `53` = 1L, `57` = 1L, `58` = 1L, 
    `60` = 1L, `61` = 1L, `62` = 1L, `64` = 1L, `65` = 2L, `67` = 1L, 
    `72` = 2L, `75` = 1L, `77` = 2L, `78` = 1L, `81` = 1L, `82` = 1L, 
    `84` = 1L, `85` = 1L, `89` = 1L), .Dim = 58L, .Dimnames = structure(list(
        c("1", "2", "4", "5", "7", "8", "9", "10", "11", "12", 
        "13", "14", "15", "16", "17", "19", "20", "21", "24", 
        "25", "27", "28", "29", "30", "31", "33", "34", "35", 
        "36", "37", "38", "39", "40", "41", "44", "47", "48", 
        "49", "50", "51", "53", "57", "58", "60", "61", "62", 
        "64", "65", "67", "72", "75", "77", "78", "81", "82", 
        "84", "85", "89")), .Names = ""), class = "table"), No.Tag = structure(c(0L, 
    0L, 18L, 31L, 0L, 1L, 0L, 0L, 0L, 0L, 0L, 0L, 0L, 0L, 0L, 
    1L, 0L, 0L), .Dim = c(6L, 3L), .Dimnames = structure(list(
        c("-3", "-2", "-1", "0", "1", NA), c("C", "T", NA)), .Names = c("", 
    "")), class = "table"), All.Tags = list(Concordant = list(
        Freqs = structure(c(0, 6, 9, 54, 0, 0, 0, 0, 1, 0), .Dim = c(5L, 
        2L), .Dimnames = list(c("-3", "-2", "-1", "0", "1"), 
            c("C", "T"))), N = 70), Majority = list(Freqs = structure(c(0, 
    7, 16, 108, 0, 0, 0, 0, 1, 0), .Dim = c(5L, 2L), .Dimnames = list(
        c("-3", "-2", "-1", "0", "1"), c("C", "T"))), N = 132)), 
    `2` = structure(c(0, 7, 14, 81, 0, 0, 0, 0, 0, 0), .Dim = c(5L, 
    2L), .Dimnames = list(c("-3", "-2", "-1", "0", "1"), c("C", 
    "T"))))))
