Results <-
list(`bwaOutput/20210421msiMNRsJenny/1101_S52.sam` = list(LR24_SNP1 = list(
    All = list(Freqs = structure(c(41L, 3323L, 3L, 1L, 50L, 2624L, 
    2L, 1L, 0L, 1L, 0L, 0L, 1L, 25L, 0L, 0L), .Dim = c(4L, 4L
    ), .Dimnames = structure(list(c("-1", "0", "1", NA), c("A", 
    "G", "T", NA)), .Names = c("", "")), class = "table"), N = 6072L), 
    Tag.Distribution = structure(c(`1` = 94L, `2` = 16L, `3` = 17L, 
    `4` = 15L, `5` = 20L, `6` = 14L, `7` = 16L, `8` = 13L, `9` = 17L, 
    `10` = 15L, `11` = 17L, `12` = 10L, `13` = 14L, `14` = 12L, 
    `15` = 10L, `16` = 1L, `17` = 14L, `18` = 13L, `19` = 6L, 
    `20` = 11L, `21` = 3L, `22` = 8L, `23` = 4L, `24` = 3L, `25` = 11L, 
    `26` = 5L, `27` = 8L, `28` = 7L, `29` = 3L, `30` = 6L, `31` = 7L, 
    `32` = 2L, `33` = 3L, `34` = 1L, `35` = 4L, `36` = 3L, `37` = 3L, 
    `39` = 2L, `40` = 1L, `41` = 4L, `43` = 1L, `45` = 1L, `47` = 1L, 
    `48` = 1L, `52` = 1L, `58` = 1L, `60` = 2L, `61` = 1L, `63` = 1L, 
    `64` = 1L, `66` = 1L, `70` = 1L, `88` = 1L), .Dim = 53L, .Dimnames = structure(list(
        c("1", "2", "3", "4", "5", "6", "7", "8", "9", "10", 
        "11", "12", "13", "14", "15", "16", "17", "18", "19", 
        "20", "21", "22", "23", "24", "25", "26", "27", "28", 
        "29", "30", "31", "32", "33", "34", "35", "36", "37", 
        "39", "40", "41", "43", "45", "47", "48", "52", "58", 
        "60", "61", "63", "64", "66", "70", "88")), .Names = ""), class = "table"), 
    No.Tag = structure(c(0L, 60L, 0L, 0L, 4L, 69L, 0L, 0L, 0L, 
    0L, 0L, 0L, 0L, 3L, 0L, 0L), .Dim = c(4L, 4L), .Dimnames = structure(list(
        c("-1", "0", "1", NA), c("A", "G", "T", NA)), .Names = c("", 
    "")), class = "table"), All.Tags = list(Concordant = list(
        Freqs = structure(c(2, 220, 0, 3, 178, 0, 0, 0, 0), .Dim = c(3L, 
        3L), .Dimnames = list(c("-1", "0", "1"), c("A", "G", 
        "T"))), N = 403), Majority = list(Freqs = structure(c(2, 
    238, 0, 3, 197, 0, 0, 0, 0), .Dim = c(3L, 3L), .Dimnames = list(
        c("-1", "0", "1"), c("A", "G", "T"))), N = 440)), `2` = structure(c(2, 
    186, 0, 2, 161, 0, 0, 0, 0), .Dim = c(3L, 3L), .Dimnames = list(
        c("-1", "0", "1"), c("A", "G", "T"))))))
