Results <-
list(`bwaOutput/20210421msiMNRsJenny/1101_S52.sam` = list(LR49_SNP1 = list(
    All = list(Freqs = structure(c(1L, 4L, 0L, 0L, 16L, 2638L, 
    1L, 2L, 0L, 14L, 0L, 0L), .Dim = 4:3, .Dimnames = structure(list(
        c("-1", "0", "1", NA), c("A", "G", NA)), .Names = c("", 
    "")), class = "table"), N = 2676L), Tag.Distribution = structure(c(`1` = 28L, 
    `2` = 2L, `3` = 7L, `4` = 7L, `5` = 7L, `6` = 5L, `7` = 1L, 
    `8` = 2L, `9` = 5L, `10` = 4L, `11` = 6L, `12` = 3L, `13` = 3L, 
    `14` = 2L, `15` = 1L, `16` = 3L, `17` = 2L, `18` = 1L, `19` = 4L, 
    `20` = 7L, `21` = 1L, `22` = 4L, `23` = 3L, `24` = 3L, `25` = 5L, 
    `26` = 2L, `27` = 4L, `29` = 2L, `30` = 2L, `31` = 1L, `32` = 2L, 
    `33` = 2L, `34` = 1L, `35` = 2L, `36` = 1L, `37` = 1L, `38` = 1L, 
    `39` = 1L, `42` = 3L, `44` = 1L, `46` = 1L, `51` = 2L, `54` = 1L, 
    `62` = 1L, `64` = 1L, `76` = 1L, `82` = 1L, `107` = 1L), .Dim = 48L, .Dimnames = structure(list(
        c("1", "2", "3", "4", "5", "6", "7", "8", "9", "10", 
        "11", "12", "13", "14", "15", "16", "17", "18", "19", 
        "20", "21", "22", "23", "24", "25", "26", "27", "29", 
        "30", "31", "32", "33", "34", "35", "36", "37", "38", 
        "39", "42", "44", "46", "51", "54", "62", "64", "76", 
        "82", "107")), .Names = ""), class = "table"), No.Tag = structure(c(0L, 
    1L, 0L, 0L, 1L, 87L, 0L, 0L, 0L, 2L, 0L, 0L), .Dim = 4:3, .Dimnames = structure(list(
        c("-1", "0", "1", NA), c("A", "G", NA)), .Names = c("", 
    "")), class = "table"), All.Tags = list(Concordant = list(
        Freqs = structure(c(1, 3, 0, 1, 137, 0), .Dim = 3:2, .Dimnames = list(
            c("-1", "0", "1"), c("A", "G"))), N = 142), Majority = list(
        Freqs = structure(c(1, 3, 0, 1, 144, 0), .Dim = 3:2, .Dimnames = list(
            c("-1", "0", "1"), c("A", "G"))), N = 149)), `2` = structure(c(0, 
    0, 0, 1, 122, 0), .Dim = 3:2, .Dimnames = list(c("-1", "0", 
    "1"), c("A", "G"))))))
