Results <-
list(`bwaOutput/20210421msiMNRsJenny/1101_S52.sam` = list(GM01_SNP1 = list(
    All = list(Freqs = structure(c(2L, 503L, 3601L, 16L, 1L, 
    1L, 0L, 0L, 20L, 0L, 0L, 0L, 0L, 0L, 1L, 0L, 0L, 0L, 0L, 
    2L, 15L, 0L, 0L, 0L), .Dim = c(6L, 4L), .Dimnames = structure(list(
        c("-2", "-1", "0", "1", "2", NA), c("A", "G", "T", NA
        )), .Names = c("", "")), class = "table"), N = 4162L), 
    Tag.Distribution = structure(c(`1` = 36L, `2` = 4L, `3` = 1L, 
    `4` = 1L, `5` = 1L, `6` = 2L, `8` = 1L, `9` = 1L, `10` = 3L, 
    `11` = 2L, `12` = 2L, `14` = 2L, `15` = 1L, `16` = 2L, `17` = 1L, 
    `20` = 1L, `21` = 3L, `22` = 5L, `24` = 1L, `25` = 2L, `26` = 2L, 
    `27` = 4L, `28` = 3L, `29` = 4L, `30` = 2L, `31` = 1L, `32` = 2L, 
    `34` = 1L, `35` = 4L, `36` = 3L, `37` = 1L, `38` = 3L, `41` = 4L, 
    `42` = 1L, `43` = 1L, `44` = 3L, `47` = 2L, `48` = 2L, `49` = 1L, 
    `52` = 1L, `53` = 2L, `54` = 1L, `55` = 1L, `59` = 1L, `60` = 1L, 
    `61` = 2L, `62` = 1L, `63` = 2L, `64` = 1L, `65` = 1L, `67` = 2L, 
    `72` = 1L, `73` = 2L, `75` = 1L, `77` = 1L, `78` = 1L, `81` = 1L, 
    `83` = 1L, `84` = 1L, `91` = 1L, `92` = 1L, `98` = 1L, `120` = 1L
    ), .Dim = 63L, .Dimnames = structure(list(c("1", "2", "3", 
    "4", "5", "6", "8", "9", "10", "11", "12", "14", "15", "16", 
    "17", "20", "21", "22", "24", "25", "26", "27", "28", "29", 
    "30", "31", "32", "34", "35", "36", "37", "38", "41", "42", 
    "43", "44", "47", "48", "49", "52", "53", "54", "55", "59", 
    "60", "61", "62", "63", "64", "65", "67", "72", "73", "75", 
    "77", "78", "81", "83", "84", "91", "92", "98", "120")), .Names = ""), class = "table"), 
    No.Tag = structure(c(0L, 2L, 16L, 0L, 0L, 0L, 0L, 0L, 0L, 
    0L, 0L, 0L, 0L, 0L, 0L, 0L, 0L, 0L, 0L, 0L, 0L, 0L, 0L, 0L
    ), .Dim = c(6L, 4L), .Dimnames = structure(list(c("-2", "-1", 
    "0", "1", "2", NA), c("A", "G", "T", NA)), .Names = c("", 
    "")), class = "table"), All.Tags = list(Concordant = list(
        Freqs = structure(c(0, 14, 77, 1, 0, 0, 0, 4, 0, 0, 0, 
        0, 0, 0, 0), .Dim = c(5L, 3L), .Dimnames = list(c("-2", 
        "-1", "0", "1", "2"), c("A", "G", "T"))), N = 96), Majority = list(
        Freqs = structure(c(0, 15, 124, 1, 0, 0, 0, 4, 0, 0, 
        0, 0, 0, 0, 0), .Dim = c(5L, 3L), .Dimnames = list(c("-2", 
        "-1", "0", "1", "2"), c("A", "G", "T"))), N = 144)), 
    `2` = structure(c(0, 10, 98, 0, 0, 0, 0, 1, 0, 0, 0, 0, 0, 
    0, 0), .Dim = c(5L, 3L), .Dimnames = list(c("-2", "-1", "0", 
    "1", "2"), c("A", "G", "T"))))))
