Results <-
list(`bwaOutput/20210421msiMNRsJenny/1101_S52.sam` = list(LR40_SNP1 = list(
    All = list(Freqs = structure(c(0L, 3L, 0L, 44L, 1359L, 4L, 
    0L, 5L, 0L), .Dim = c(3L, 3L), .Dimnames = structure(list(
        c("-1", "0", "1"), c("A", "C", NA)), .Names = c("", ""
    )), class = "table"), N = 1415L), Tag.Distribution = structure(c(`1` = 19L, 
    `2` = 2L, `4` = 1L, `5` = 1L, `6` = 1L, `9` = 1L, `11` = 1L, 
    `13` = 1L, `14` = 1L, `16` = 2L, `17` = 2L, `18` = 2L, `20` = 2L, 
    `21` = 3L, `22` = 2L, `23` = 4L, `26` = 3L, `28` = 1L, `29` = 1L, 
    `30` = 1L, `31` = 2L, `33` = 2L, `38` = 3L, `40` = 1L, `41` = 1L, 
    `42` = 1L, `44` = 1L, `50` = 1L, `51` = 1L, `56` = 1L, `59` = 1L, 
    `80` = 1L, `89` = 1L), .Dim = 33L, .Dimnames = structure(list(
        c("1", "2", "4", "5", "6", "9", "11", "13", "14", "16", 
        "17", "18", "20", "21", "22", "23", "26", "28", "29", 
        "30", "31", "33", "38", "40", "41", "42", "44", "50", 
        "51", "56", "59", "80", "89")), .Names = ""), class = "table"), 
    No.Tag = structure(c(0L, 1L, 0L, 0L, 0L, 28L, 0L, 0L, 0L, 
    1L, 0L, 0L), .Dim = 4:3, .Dimnames = structure(list(c("-1", 
    "0", "1", NA), c("A", "C", NA)), .Names = c("", "")), class = "table"), 
    All.Tags = list(Concordant = list(Freqs = structure(c(0, 
    1, 0, 3, 46, 0), .Dim = 3:2, .Dimnames = list(c("-1", "0", 
    "1"), c("A", "C"))), N = 50), Majority = list(Freqs = structure(c(0, 
    1, 0, 3, 62, 0), .Dim = 3:2, .Dimnames = list(c("-1", "0", 
    "1"), c("A", "C"))), N = 66)), `2` = structure(c(0, 0, 0, 
    2, 47, 0), .Dim = 3:2, .Dimnames = list(c("-1", "0", "1"), 
        c("A", "C"))))))
