Results <-
list(`bwaOutput/20210421msiMNRsJenny/1101_S52.sam` = list(LR48_SNP1 = list(
    All = list(Freqs = structure(c(14L, 542L, 2130L, 25L, 1L, 
    19L, 0L, 0L, 1L, 0L, 0L, 0L, 0L, 3L, 41L, 1L, 0L, 0L), .Dim = c(6L, 
    3L), .Dimnames = structure(list(c("-2", "-1", "0", "1", "2", 
    NA), c("C", "T", NA)), .Names = c("", "")), class = "table"), 
        N = 2777L), Tag.Distribution = structure(c(`1` = 21L, 
    `2` = 2L, `5` = 1L, `10` = 1L, `11` = 1L, `14` = 1L, `15` = 2L, 
    `17` = 2L, `18` = 1L, `20` = 2L, `21` = 2L, `22` = 2L, `25` = 2L, 
    `26` = 1L, `28` = 2L, `29` = 2L, `31` = 1L, `32` = 1L, `33` = 1L, 
    `34` = 1L, `36` = 2L, `38` = 1L, `39` = 1L, `40` = 1L, `42` = 1L, 
    `43` = 1L, `44` = 1L, `45` = 3L, `46` = 1L, `48` = 2L, `49` = 1L, 
    `51` = 1L, `52` = 2L, `53` = 1L, `56` = 1L, `57` = 3L, `60` = 1L, 
    `65` = 1L, `68` = 1L, `69` = 2L, `73` = 1L, `76` = 1L, `85` = 1L, 
    `88` = 1L, `93` = 1L, `96` = 2L, `110` = 1L), .Dim = 47L, .Dimnames = structure(list(
        c("1", "2", "5", "10", "11", "14", "15", "17", "18", 
        "20", "21", "22", "25", "26", "28", "29", "31", "32", 
        "33", "34", "36", "38", "39", "40", "42", "43", "44", 
        "45", "46", "48", "49", "51", "52", "53", "56", "57", 
        "60", "65", "68", "69", "73", "76", "85", "88", "93", 
        "96", "110")), .Names = ""), class = "table"), No.Tag = structure(c(0L, 
    5L, 49L, 0L, 0L, 1L, 0L, 0L, 0L, 0L, 0L, 0L, 0L, 0L, 2L, 
    0L, 0L, 0L), .Dim = c(6L, 3L), .Dimnames = structure(list(
        c("-2", "-1", "0", "1", "2", NA), c("C", "T", NA)), .Names = c("", 
    "")), class = "table"), All.Tags = list(Concordant = list(
        Freqs = structure(c(1, 10, 24, 0, 0, 0, 0, 1, 0, 0), .Dim = c(5L, 
        2L), .Dimnames = list(c("-2", "-1", "0", "1", "2"), c("C", 
        "T"))), N = 36), Majority = list(Freqs = structure(c(1, 
    17, 64, 0, 0, 0, 0, 1, 0, 0), .Dim = c(5L, 2L), .Dimnames = list(
        c("-2", "-1", "0", "1", "2"), c("C", "T"))), N = 83)), 
    `2` = structure(c(0, 12, 52, 0, 0, 0, 0, 0, 0, 0), .Dim = c(5L, 
    2L), .Dimnames = list(c("-2", "-1", "0", "1", "2"), c("C", 
    "T"))))))
