Results <-
list(`bwaOutput/20210421msiMNRsJenny/1101_S52.sam` = list(GM26_SNP1 = list(
    All = list(Freqs = structure(c(34L, 1168L, 6L, 3L, 5L, 858L, 
    2L, 1L, 1L, 18L, 0L, 0L), .Dim = 4:3, .Dimnames = structure(list(
        c("-1", "0", "1", NA), c("A", "G", NA)), .Names = c("", 
    "")), class = "table"), N = 2096L), Tag.Distribution = structure(c(`1` = 28L, 
    `4` = 1L, `5` = 1L, `6` = 1L, `7` = 2L, `8` = 1L, `9` = 2L, 
    `11` = 1L, `12` = 1L, `13` = 1L, `14` = 1L, `16` = 1L, `17` = 5L, 
    `18` = 2L, `19` = 1L, `20` = 1L, `23` = 3L, `24` = 1L, `25` = 1L, 
    `27` = 1L, `28` = 2L, `29` = 1L, `30` = 2L, `31` = 2L, `32` = 2L, 
    `35` = 1L, `36` = 1L, `37` = 1L, `39` = 2L, `41` = 1L, `42` = 2L, 
    `43` = 1L, `47` = 1L, `48` = 2L, `52` = 1L, `57` = 2L, `59` = 1L, 
    `62` = 1L, `66` = 1L, `68` = 1L, `73` = 1L, `80` = 1L, `83` = 1L, 
    `86` = 1L, `92` = 1L), .Dim = 45L, .Dimnames = structure(list(
        c("1", "4", "5", "6", "7", "8", "9", "11", "12", "13", 
        "14", "16", "17", "18", "19", "20", "23", "24", "25", 
        "27", "28", "29", "30", "31", "32", "35", "36", "37", 
        "39", "41", "42", "43", "47", "48", "52", "57", "59", 
        "62", "66", "68", "73", "80", "83", "86", "92")), .Names = ""), class = "table"), 
    No.Tag = structure(c(0L, 7L, 0L, 1L, 0L, 30L, 0L, 1L, 0L, 
    0L, 0L, 0L), .Dim = 4:3, .Dimnames = structure(list(c("-1", 
    "0", "1", NA), c("A", "G", NA)), .Names = c("", "")), class = "table"), 
    All.Tags = list(Concordant = list(Freqs = structure(c(2, 
    38, 0, 0, 29, 0), .Dim = 3:2, .Dimnames = list(c("-1", "0", 
    "1"), c("A", "G"))), N = 69), Majority = list(Freqs = structure(c(2, 
    48, 0, 0, 36, 0), .Dim = 3:2, .Dimnames = list(c("-1", "0", 
    "1"), c("A", "G"))), N = 86)), `2` = structure(c(2, 34, 0, 
    0, 25, 0), .Dim = 3:2, .Dimnames = list(c("-1", "0", "1"), 
        c("A", "G"))))))
