Results <-
list(`bwaOutput/20210421msiMNRsJenny/1101_S52.sam` = list(IM16_SNP1 = list(
    All = list(Freqs = structure(c(0L, 10L, 1137L, 138L, 6L, 
    2L, 1L, 217L, 489L, 0L, 0L, 3L, 0L, 1L, 17L, 4L, 0L, 0L), .Dim = c(6L, 
    3L), .Dimnames = structure(list(c("-2", "-1", "0", "1", "2", 
    NA), c("A", "G", NA)), .Names = c("", "")), class = "table"), 
        N = 2025L), Tag.Distribution = structure(c(`1` = 22L, 
    `4` = 1L, `5` = 3L, `6` = 1L, `7` = 1L, `8` = 2L, `12` = 1L, 
    `15` = 2L, `17` = 1L, `18` = 2L, `19` = 1L, `21` = 2L, `22` = 2L, 
    `23` = 1L, `24` = 1L, `25` = 2L, `26` = 1L, `27` = 1L, `28` = 2L, 
    `29` = 2L, `33` = 1L, `37` = 1L, `38` = 2L, `41` = 2L, `43` = 1L, 
    `46` = 1L, `49` = 1L, `53` = 1L, `55` = 2L, `59` = 1L, `60` = 1L, 
    `61` = 1L, `64` = 1L, `65` = 1L, `66` = 1L, `75` = 1L, `80` = 1L, 
    `81` = 2L, `84` = 1L, `90` = 1L), .Dim = 40L, .Dimnames = structure(list(
        c("1", "4", "5", "6", "7", "8", "12", "15", "17", "18", 
        "19", "21", "22", "23", "24", "25", "26", "27", "28", 
        "29", "33", "37", "38", "41", "43", "46", "49", "53", 
        "55", "59", "60", "61", "64", "65", "66", "75", "80", 
        "81", "84", "90")), .Names = ""), class = "table"), No.Tag = structure(c(0L, 
    0L, 84L, 1L, 0L, 0L, 0L, 2L, 8L, 0L, 0L, 0L, 0L, 1L, 0L, 
    0L, 0L, 0L), .Dim = c(6L, 3L), .Dimnames = structure(list(
        c("-2", "-1", "0", "1", "2", NA), c("A", "G", NA)), .Names = c("", 
    "")), class = "table"), All.Tags = list(Concordant = list(
        Freqs = structure(c(0, 0, 24, 0, 1, 0, 4, 26, 0, 0), .Dim = c(5L, 
        2L), .Dimnames = list(c("-2", "-1", "0", "1", "2"), c("A", 
        "G"))), N = 55), Majority = list(Freqs = structure(c(0, 
    0, 36, 3, 1, 0, 7, 27, 0, 0), .Dim = c(5L, 2L), .Dimnames = list(
        c("-2", "-1", "0", "1", "2"), c("A", "G"))), N = 74)), 
    `2` = structure(c(0, 0, 27, 3, 0, 0, 6, 17, 0, 0), .Dim = c(5L, 
    2L), .Dimnames = list(c("-2", "-1", "0", "1", "2"), c("A", 
    "G"))))))
