Results <-
list(`bwaOutput/20210421msiMNRsJenny/1101_S52.sam` = list(LR46_SNP1 = list(
    All = list(Freqs = structure(c(0L, 1L, 0L, 0L, 3L, 2241L, 
    5L, 3L, 1L, 17L, 0L, 0L), .Dim = 4:3, .Dimnames = structure(list(
        c("-1", "0", "1", NA), c("C", "G", NA)), .Names = c("", 
    "")), class = "table"), N = 2271L), Tag.Distribution = structure(c(`1` = 23L, 
    `3` = 2L, `7` = 1L, `12` = 1L, `13` = 1L, `14` = 1L, `17` = 1L, 
    `19` = 3L, `20` = 3L, `22` = 2L, `24` = 2L, `25` = 1L, `27` = 1L, 
    `28` = 1L, `29` = 3L, `32` = 1L, `36` = 3L, `38` = 1L, `39` = 1L, 
    `40` = 1L, `42` = 1L, `44` = 1L, `45` = 1L, `47` = 1L, `49` = 2L, 
    `51` = 1L, `52` = 1L, `53` = 1L, `68` = 1L, `71` = 2L, `82` = 1L, 
    `84` = 1L, `86` = 1L, `89` = 1L, `92` = 1L, `105` = 2L, `118` = 1L, 
    `119` = 1L), .Dim = 38L, .Dimnames = structure(list(c("1", 
    "3", "7", "12", "13", "14", "17", "19", "20", "22", "24", 
    "25", "27", "28", "29", "32", "36", "38", "39", "40", "42", 
    "44", "45", "47", "49", "51", "52", "53", "68", "71", "82", 
    "84", "86", "89", "92", "105", "118", "119")), .Names = ""), class = "table"), 
    No.Tag = structure(c(0L, 0L, 0L, 0L, 0L, 23L, 0L, 0L, 0L, 
    1L, 0L, 0L), .Dim = 4:3, .Dimnames = structure(list(c("-1", 
    "0", "1", NA), c("C", "G", NA)), .Names = c("", "")), class = "table"), 
    All.Tags = list(Concordant = list(Freqs = structure(c(0, 
    0, 0, 0, 63, 0), .Dim = 3:2, .Dimnames = list(c("-1", "0", 
    "1"), c("C", "G"))), N = 63), Majority = list(Freqs = structure(c(0, 
    0, 0, 0, 71, 0), .Dim = 3:2, .Dimnames = list(c("-1", "0", 
    "1"), c("C", "G"))), N = 71)), `2` = structure(c(0, 0, 0, 
    0, 51, 0), .Dim = 3:2, .Dimnames = list(c("-1", "0", "1"), 
        c("C", "G"))))))
