Results <-
list(`bwaOutput/20210421msiMNRsJenny/1139_S53.sam` = list(GM09_SNP1 = list(
    All = list(Freqs = structure(c(0L, 8L, 1L, 0L, 176L, 4032L, 
    2L, 4L, 0L, 0L, 0L, 1L, 1L, 25L, 0L, 0L), .Dim = c(4L, 4L
    ), .Dimnames = structure(list(c("-1", "0", "1", NA), c("A", 
    "G", "T", NA)), .Names = c("", "")), class = "table"), N = 4250L), 
    Tag.Distribution = structure(c(`1` = 68L, `2` = 5L, `3` = 1L, 
    `5` = 1L, `7` = 2L, `8` = 1L, `16` = 1L, `17` = 1L, `18` = 1L, 
    `19` = 1L, `22` = 1L, `23` = 1L, `26` = 2L, `27` = 1L, `28` = 2L, 
    `29` = 2L, `31` = 2L, `32` = 1L, `34` = 1L, `35` = 2L, `37` = 2L, 
    `38` = 1L, `40` = 1L, `42` = 1L, `43` = 2L, `44` = 1L, `45` = 1L, 
    `46` = 2L, `47` = 2L, `48` = 4L, `50` = 3L, `51` = 1L, `56` = 1L, 
    `57` = 2L, `58` = 3L, `61` = 1L, `62` = 1L, `65` = 1L, `70` = 2L, 
    `73` = 2L, `76` = 1L, `77` = 1L, `78` = 1L, `81` = 1L, `83` = 1L, 
    `87` = 1L, `97` = 1L, `105` = 1L, `110` = 1L, `111` = 1L, 
    `112` = 1L, `118` = 1L, `124` = 1L, `126` = 1L, `129` = 1L, 
    `130` = 1L, `149` = 1L), .Dim = 57L, .Dimnames = structure(list(
        c("1", "2", "3", "5", "7", "8", "16", "17", "18", "19", 
        "22", "23", "26", "27", "28", "29", "31", "32", "34", 
        "35", "37", "38", "40", "42", "43", "44", "45", "46", 
        "47", "48", "50", "51", "56", "57", "58", "61", "62", 
        "65", "70", "73", "76", "77", "78", "81", "83", "87", 
        "97", "105", "110", "111", "112", "118", "124", "126", 
        "129", "130", "149")), .Names = ""), class = "table"), 
    No.Tag = structure(c(0L, 1L, 0L, 0L, 0L, 72L, 0L, 0L, 0L, 
    0L, 0L, 0L, 0L, 4L, 0L, 0L), .Dim = c(4L, 4L), .Dimnames = structure(list(
        c("-1", "0", "1", NA), c("A", "G", "T", NA)), .Names = c("", 
    "")), class = "table"), All.Tags = list(Concordant = list(
        Freqs = structure(c(0, 7, 1, 5, 110, 0, 0, 0, 0), .Dim = c(3L, 
        3L), .Dimnames = list(c("-1", "0", "1"), c("A", "G", 
        "T"))), N = 123), Majority = list(Freqs = structure(c(0, 
    7, 1, 5, 130, 0, 0, 0, 0), .Dim = c(3L, 3L), .Dimnames = list(
        c("-1", "0", "1"), c("A", "G", "T"))), N = 143)), `2` = structure(c(0, 
    0, 0, 3, 77, 0, 0, 0, 0), .Dim = c(3L, 3L), .Dimnames = list(
        c("-1", "0", "1"), c("A", "G", "T"))))))
