Results <-
list(`bwaOutput/20210421msiMNRsJenny/1139_S53.sam` = list(GM17_SNP1 = list(
    All = list(Freqs = structure(c(1L, 279L, 2887L, 9L, 3L, 0L, 
    1L, 194L, 2L, 1L, 0L, 1L, 34L, 0L, 0L), .Dim = c(5L, 3L), .Dimnames = structure(list(
        c("-2", "-1", "0", "1", NA), c("C", "T", NA)), .Names = c("", 
    "")), class = "table"), N = 3412L), Tag.Distribution = structure(c(`1` = 55L, 
    `2` = 3L, `7` = 1L, `10` = 1L, `14` = 1L, `16` = 4L, `18` = 1L, 
    `19` = 1L, `20` = 1L, `21` = 2L, `22` = 1L, `23` = 2L, `24` = 1L, 
    `27` = 1L, `28` = 1L, `29` = 2L, `32` = 2L, `33` = 1L, `35` = 1L, 
    `36` = 4L, `37` = 1L, `38` = 1L, `39` = 1L, `41` = 1L, `42` = 1L, 
    `44` = 3L, `46` = 1L, `47` = 1L, `48` = 1L, `49` = 1L, `52` = 3L, 
    `54` = 1L, `57` = 1L, `58` = 2L, `60` = 1L, `61` = 1L, `77` = 1L, 
    `103` = 1L, `104` = 1L, `110` = 1L, `117` = 2L, `126` = 1L, 
    `127` = 1L, `130` = 1L, `132` = 1L, `137` = 1L, `159` = 1L, 
    `186` = 1L), .Dim = 48L, .Dimnames = structure(list(c("1", 
    "2", "7", "10", "14", "16", "18", "19", "20", "21", "22", 
    "23", "24", "27", "28", "29", "32", "33", "35", "36", "37", 
    "38", "39", "41", "42", "44", "46", "47", "48", "49", "52", 
    "54", "57", "58", "60", "61", "77", "103", "104", "110", 
    "117", "126", "127", "130", "132", "137", "159", "186")), .Names = ""), class = "table"), 
    No.Tag = structure(c(0L, 0L, 23L, 0L, 0L, 0L, 0L, 4L, 0L, 
    0L, 0L, 0L, 1L, 0L, 0L), .Dim = c(5L, 3L), .Dimnames = structure(list(
        c("-2", "-1", "0", "1", NA), c("C", "T", NA)), .Names = c("", 
    "")), class = "table"), All.Tags = list(Concordant = list(
        Freqs = structure(c(0, 9, 80, 0, 0, 0, 4, 0), .Dim = c(4L, 
        2L), .Dimnames = list(c("-2", "-1", "0", "1"), c("C", 
        "T"))), N = 93), Majority = list(Freqs = structure(c(0, 
    10, 98, 0, 0, 0, 5, 0), .Dim = c(4L, 2L), .Dimnames = list(
        c("-2", "-1", "0", "1"), c("C", "T"))), N = 113)), `2` = structure(c(0, 
    6, 57, 0, 0, 0, 2, 0), .Dim = c(4L, 2L), .Dimnames = list(
        c("-2", "-1", "0", "1"), c("C", "T"))))))
