Results <-
list(`bwaOutput/20210421msiMNRsJenny/1139_S53.sam` = list(LR49_SNP1 = list(
    All = list(Freqs = structure(c(117L, 859L, 0L, 0L, 3L, 1212L, 
    1L, 2L, 0L, 15L, 0L, 0L), .Dim = 4:3, .Dimnames = structure(list(
        c("-1", "0", "1", NA), c("A", "G", NA)), .Names = c("", 
    "")), class = "table"), N = 2209L), Tag.Distribution = structure(c(`1` = 33L, 
    `2` = 2L, `3` = 1L, `4` = 1L, `5` = 2L, `7` = 1L, `8` = 1L, 
    `9` = 1L, `10` = 2L, `12` = 1L, `13` = 1L, `15` = 4L, `16` = 2L, 
    `18` = 1L, `20` = 2L, `21` = 4L, `23` = 1L, `26` = 1L, `27` = 1L, 
    `29` = 2L, `31` = 2L, `32` = 1L, `33` = 1L, `35` = 1L, `36` = 1L, 
    `37` = 1L, `38` = 1L, `40` = 3L, `41` = 1L, `42` = 1L, `43` = 3L, 
    `44` = 1L, `45` = 2L, `47` = 1L, `48` = 1L, `51` = 2L, `52` = 2L, 
    `54` = 2L, `55` = 1L, `57` = 1L, `59` = 1L, `60` = 2L, `61` = 1L, 
    `89` = 1L, `92` = 1L), .Dim = 45L, .Dimnames = structure(list(
        c("1", "2", "3", "4", "5", "7", "8", "9", "10", "12", 
        "13", "15", "16", "18", "20", "21", "23", "26", "27", 
        "29", "31", "32", "33", "35", "36", "37", "38", "40", 
        "41", "42", "43", "44", "45", "47", "48", "51", "52", 
        "54", "55", "57", "59", "60", "61", "89", "92")), .Names = ""), class = "table"), 
    No.Tag = structure(c(0L, 6L, 0L, 0L, 0L, 30L, 0L, 0L, 0L, 
    1L, 0L, 0L), .Dim = 4:3, .Dimnames = structure(list(c("-1", 
    "0", "1", NA), c("A", "G", NA)), .Names = c("", "")), class = "table"), 
    All.Tags = list(Concordant = list(Freqs = structure(c(3, 
    31, 0, 0, 50, 0), .Dim = 3:2, .Dimnames = list(c("-1", "0", 
    "1"), c("A", "G"))), N = 84), Majority = list(Freqs = structure(c(3, 
    32, 0, 0, 58, 0), .Dim = 3:2, .Dimnames = list(c("-1", "0", 
    "1"), c("A", "G"))), N = 93)), `2` = structure(c(3, 23, 0, 
    0, 39, 0), .Dim = 3:2, .Dimnames = list(c("-1", "0", "1"), 
        c("A", "G"))))))
