Results <-
list(`bwaOutput/20210421msiMNRsJenny/1139_S53.sam` = list(LR46_SNP1 = list(
    All = list(Freqs = structure(c(3L, 1376L, 9L, 4L, 1L, 141L, 
    0L, 0L, 0L, 14L, 0L, 0L), .Dim = 4:3, .Dimnames = structure(list(
        c("-1", "0", "1", NA), c("G", "T", NA)), .Names = c("", 
    "")), class = "table"), N = 1548L), Tag.Distribution = structure(c(`1` = 26L, 
    `2` = 1L, `5` = 1L, `13` = 1L, `19` = 2L, `22` = 1L, `25` = 1L, 
    `27` = 1L, `28` = 1L, `32` = 1L, `36` = 1L, `38` = 1L, `41` = 2L, 
    `46` = 1L, `49` = 1L, `53` = 3L, `55` = 1L, `58` = 1L, `64` = 1L, 
    `68` = 1L, `72` = 1L, `97` = 1L, `98` = 1L, `99` = 1L, `137` = 1L, 
    `165` = 1L), .Dim = 26L, .Dimnames = structure(list(c("1", 
    "2", "5", "13", "19", "22", "25", "27", "28", "32", "36", 
    "38", "41", "46", "49", "53", "55", "58", "64", "68", "72", 
    "97", "98", "99", "137", "165")), .Names = ""), class = "table"), 
    No.Tag = structure(c(0L, 6L, 0L, 0L, 0L, 0L, 0L, 0L, 0L, 
    1L, 0L, 0L), .Dim = 4:3, .Dimnames = structure(list(c("-1", 
    "0", "1", NA), c("G", "T", NA)), .Names = c("", "")), class = "table"), 
    All.Tags = list(Concordant = list(Freqs = structure(c(0, 
    41, 0, 0, 5, 0), .Dim = 3:2, .Dimnames = list(c("-1", "0", 
    "1"), c("G", "T"))), N = 46), Majority = list(Freqs = structure(c(0, 
    47, 0, 0, 6, 0), .Dim = 3:2, .Dimnames = list(c("-1", "0", 
    "1"), c("G", "T"))), N = 53)), `2` = structure(c(0, 28, 0, 
    0, 1, 0), .Dim = 3:2, .Dimnames = list(c("-1", "0", "1"), 
        c("G", "T"))))))
