Results <-
list(`bwaOutput/20210421msiMNRsJenny/1139_S53.sam` = list(LR44_SNP1 = list(
    All = list(Freqs = structure(c(1L, 0L, 0L, 2L, 52L, 1L, 0L, 
    0L, 1L, 0L, 75L, 944L, 14L, 5L, 0L, 2L, 21L, 216L, 1360L, 
    25L, 9L, 0L, 0L, 0L, 4L, 50L, 0L, 0L), .Dim = c(7L, 4L), .Dimnames = structure(list(
        c("-4", "-3", "-2", "-1", "0", "1", NA), c("-", "C", 
        "T", NA)), .Names = c("", "")), class = "table"), N = 2782L), 
    Tag.Distribution = structure(c(`1` = 33L, `2` = 1L, `6` = 1L, 
    `9` = 1L, `15` = 1L, `16` = 1L, `20` = 2L, `22` = 1L, `23` = 1L, 
    `25` = 1L, `27` = 1L, `28` = 1L, `30` = 2L, `34` = 1L, `35` = 1L, 
    `36` = 1L, `37` = 1L, `39` = 1L, `45` = 1L, `54` = 3L, `56` = 4L, 
    `57` = 1L, `59` = 1L, `60` = 3L, `63` = 1L, `69` = 1L, `70` = 1L, 
    `77` = 1L, `78` = 1L, `79` = 1L, `86` = 1L, `94` = 1L, `95` = 1L, 
    `102` = 1L, `103` = 1L, `111` = 1L, `115` = 1L, `131` = 1L, 
    `139` = 1L, `142` = 1L), .Dim = 40L, .Dimnames = structure(list(
        c("1", "2", "6", "9", "15", "16", "20", "22", "23", "25", 
        "27", "28", "30", "34", "35", "36", "37", "39", "45", 
        "54", "56", "57", "59", "60", "63", "69", "70", "77", 
        "78", "79", "86", "94", "95", "102", "103", "111", "115", 
        "131", "139", "142")), .Names = ""), class = "table"), 
    No.Tag = structure(c(0L, 0L, 0L, 0L, 0L, 0L, 0L, 0L, 0L, 
    0L, 0L, 3L, 0L, 2L, 0L, 0L, 0L, 0L, 7L, 0L, 0L, 0L, 0L, 0L, 
    0L, 2L, 0L, 0L), .Dim = c(7L, 4L), .Dimnames = structure(list(
        c("-4", "-3", "-2", "-1", "0", "1", NA), c("-", "C", 
        "T", NA)), .Names = c("", "")), class = "table"), All.Tags = list(
        Concordant = list(Freqs = structure(c(0, 0, 0, 0, 0, 
        0, 0, 1, 0, 0, 17, 1, 0, 0, 1, 3, 10, 0), .Dim = c(6L, 
        3L), .Dimnames = list(c("-4", "-3", "-2", "-1", "0", 
        "1"), c("-", "C", "T"))), N = 33), Majority = list(Freqs = structure(c(0, 
        0, 0, 0, 1, 0, 0, 1, 0, 0, 32, 1, 0, 0, 1, 6, 35, 0), .Dim = c(6L, 
        3L), .Dimnames = list(c("-4", "-3", "-2", "-1", "0", 
        "1"), c("-", "C", "T"))), N = 77)), `2` = structure(c(0, 
    0, 0, 0, 1, 0, 0, 0, 0, 0, 18, 0, 0, 0, 0, 3, 26, 0), .Dim = c(6L, 
    3L), .Dimnames = list(c("-4", "-3", "-2", "-1", "0", "1"), 
        c("-", "C", "T"))))))
