Results <-
list(`bwaOutput/20210421msiMNRsJenny/1139_S53.sam` = list(GM07_SNP1 = list(
    All = list(Freqs = structure(c(25L, 64L, 535L, 49L, 1L, 15L, 
    115L, 29L, 693L, 18L, 0L, 15L, 0L, 0L, 19L, 0L, 0L, 0L), .Dim = c(6L, 
    3L), .Dimnames = structure(list(c("-2", "-1", "0", "1", "2", 
    NA), c("A", "G", NA)), .Names = c("", "")), class = "table"), 
        N = 1578L), Tag.Distribution = structure(c(`1` = 18L, 
    `2` = 2L, `3` = 1L, `5` = 1L, `8` = 1L, `10` = 1L, `12` = 1L, 
    `15` = 1L, `17` = 1L, `18` = 1L, `20` = 1L, `24` = 1L, `26` = 1L, 
    `32` = 2L, `37` = 1L, `38` = 2L, `39` = 3L, `42` = 1L, `43` = 1L, 
    `48` = 1L, `50` = 1L, `54` = 1L, `57` = 2L, `62` = 1L, `65` = 1L, 
    `67` = 1L, `80` = 1L, `93` = 1L, `101` = 1L, `124` = 1L, 
    `144` = 1L), .Dim = 31L, .Dimnames = structure(list(c("1", 
    "2", "3", "5", "8", "10", "12", "15", "17", "18", "20", "24", 
    "26", "32", "37", "38", "39", "42", "43", "48", "50", "54", 
    "57", "62", "65", "67", "80", "93", "101", "124", "144")), .Names = ""), class = "table"), 
    No.Tag = structure(c(0L, 0L, 6L, 1L, 0L, 2L, 0L, 0L, 3L, 
    0L, 0L, 4L, 0L, 0L, 1L, 0L, 0L, 0L), .Dim = c(6L, 3L), .Dimnames = structure(list(
        c("-2", "-1", "0", "1", "2", NA), c("A", "G", NA)), .Names = c("", 
    "")), class = "table"), All.Tags = list(Concordant = list(
        Freqs = structure(c(1, 1, 9, 1, 0, 1, 1, 9, 0, 0), .Dim = c(5L, 
        2L), .Dimnames = list(c("-2", "-1", "0", "1", "2"), c("A", 
        "G"))), N = 23), Majority = list(Freqs = structure(c(2, 
    1, 20, 2, 0, 3, 1, 20, 0, 0), .Dim = c(5L, 2L), .Dimnames = list(
        c("-2", "-1", "0", "1", "2"), c("A", "G"))), N = 49)), 
    `2` = structure(c(2, 1, 13, 1, 0, 2, 1, 15, 0, 0), .Dim = c(5L, 
    2L), .Dimnames = list(c("-2", "-1", "0", "1", "2"), c("A", 
    "G"))))))
