Results <-
list(`bwaOutput/20210421msiMNRsJenny/1139_S53.sam` = list(GM01_SNP1 = list(
    All = list(Freqs = structure(c(26L, 1160L, 4L, 3L, 29L, 1260L, 
    2L, 2L, 1L, 22L, 0L, 0L), .Dim = 4:3, .Dimnames = structure(list(
        c("-1", "0", "1", NA), c("A", "G", NA)), .Names = c("", 
    "")), class = "table"), N = 2509L), Tag.Distribution = structure(c(`1` = 39L, 
    `2` = 1L, `4` = 1L, `7` = 2L, `14` = 1L, `21` = 1L, `25` = 1L, 
    `34` = 1L, `37` = 1L, `42` = 1L, `43` = 1L, `45` = 1L, `46` = 1L, 
    `50` = 1L, `51` = 2L, `56` = 1L, `57` = 1L, `60` = 2L, `61` = 1L, 
    `64` = 1L, `70` = 2L, `75` = 1L, `76` = 1L, `83` = 1L, `93` = 1L, 
    `94` = 1L, `97` = 1L, `101` = 1L, `103` = 1L, `106` = 1L, 
    `120` = 1L, `128` = 1L, `131` = 1L, `137` = 1L, `139` = 1L
    ), .Dim = 35L, .Dimnames = structure(list(c("1", "2", "4", 
    "7", "14", "21", "25", "34", "37", "42", "43", "45", "46", 
    "50", "51", "56", "57", "60", "61", "64", "70", "75", "76", 
    "83", "93", "94", "97", "101", "103", "106", "120", "128", 
    "131", "137", "139")), .Names = ""), class = "table"), No.Tag = structure(c(0L, 
    2L, 0L, 0L, 1L, 6L, 0L, 1L, 0L, 0L, 0L, 0L), .Dim = 4:3, .Dimnames = structure(list(
        c("-1", "0", "1", NA), c("A", "G", NA)), .Names = c("", 
    "")), class = "table"), All.Tags = list(Concordant = list(
        Freqs = structure(c(1, 20, 0, 0, 23, 0), .Dim = 3:2, .Dimnames = list(
            c("-1", "0", "1"), c("A", "G"))), N = 44), Majority = list(
        Freqs = structure(c(1, 32, 0, 0, 39, 0), .Dim = 3:2, .Dimnames = list(
            c("-1", "0", "1"), c("A", "G"))), N = 72)), `2` = structure(c(0, 
    16, 0, 0, 22, 0), .Dim = 3:2, .Dimnames = list(c("-1", "0", 
    "1"), c("A", "G"))))))
