Results <-
list(`bwaOutput/20210421msiMNRsJenny/1139_S53.sam` = list(DEPDC2_SNP1 = list(
    All = list(Freqs = structure(c(0L, 0L, 110L, 1365L, 14L, 
    586L, 2L, 14L, 2674L, 8L, 0L, 8L, 0L, 0L, 36L, 11L, 1L, 0L
    ), .Dim = c(6L, 3L), .Dimnames = structure(list(c("-2", "-1", 
    "0", "1", "2", NA), c("C", "T", NA)), .Names = c("", "")), class = "table"), 
        N = 4829L), Tag.Distribution = structure(c(`1` = 112L, 
    `2` = 8L, `3` = 1L, `4` = 3L, `5` = 1L, `6` = 2L, `7` = 2L, 
    `8` = 2L, `9` = 4L, `10` = 1L, `11` = 2L, `12` = 5L, `13` = 2L, 
    `14` = 7L, `15` = 2L, `17` = 2L, `18` = 3L, `19` = 5L, `20` = 2L, 
    `22` = 3L, `23` = 5L, `24` = 2L, `25` = 4L, `26` = 1L, `27` = 3L, 
    `28` = 2L, `29` = 2L, `30` = 2L, `31` = 6L, `32` = 5L, `34` = 3L, 
    `35` = 3L, `36` = 3L, `38` = 3L, `39` = 4L, `40` = 2L, `41` = 6L, 
    `42` = 4L, `44` = 2L, `45` = 1L, `46` = 1L, `48` = 4L, `50` = 2L, 
    `52` = 2L, `53` = 1L, `54` = 3L, `55` = 1L, `57` = 1L, `58` = 1L, 
    `63` = 1L, `68` = 1L, `79` = 1L, `84` = 2L, `86` = 1L, `91` = 2L, 
    `95` = 1L, `105` = 1L, `114` = 1L, `118` = 1L), .Dim = 59L, .Dimnames = structure(list(
        c("1", "2", "3", "4", "5", "6", "7", "8", "9", "10", 
        "11", "12", "13", "14", "15", "17", "18", "19", "20", 
        "22", "23", "24", "25", "26", "27", "28", "29", "30", 
        "31", "32", "34", "35", "36", "38", "39", "40", "41", 
        "42", "44", "45", "46", "48", "50", "52", "53", "54", 
        "55", "57", "58", "63", "68", "79", "84", "86", "91", 
        "95", "105", "114", "118")), .Names = ""), class = "table"), 
    No.Tag = structure(c(0L, 0L, 5L, 14L, 0L, 6L, 0L, 0L, 31L, 
    0L, 0L, 1L, 0L, 0L, 2L, 2L, 0L, 0L), .Dim = c(6L, 3L), .Dimnames = structure(list(
        c("-2", "-1", "0", "1", "2", NA), c("C", "T", NA)), .Names = c("", 
    "")), class = "table"), All.Tags = list(Concordant = list(
        Freqs = structure(c(0, 0, 7, 41, 1, 0, 2, 123, 0, 0), .Dim = c(5L, 
        2L), .Dimnames = list(c("-2", "-1", "0", "1", "2"), c("C", 
        "T"))), N = 174), Majority = list(Freqs = structure(c(0, 
    0, 8, 79, 1, 0, 2, 142, 0, 0), .Dim = c(5L, 2L), .Dimnames = list(
        c("-2", "-1", "0", "1", "2"), c("C", "T"))), N = 232)), 
    `2` = structure(c(0, 0, 1, 65, 1, 0, 0, 80, 0, 0), .Dim = c(5L, 
    2L), .Dimnames = list(c("-2", "-1", "0", "1", "2"), c("C", 
    "T"))))))
