Results <-
list(`bwaOutput/20210421msiMNRsJenny/1139_S53.sam` = list(GM14_SNP1 = list(
    All = list(Freqs = structure(c(1L, 129L, 77L, 2352L, 46L, 
    1L, 9L, 0L, 0L, 0L, 125L, 1L, 0L, 0L, 0L, 0L, 0L, 34L, 0L, 
    0L, 0L), .Dim = c(7L, 3L), .Dimnames = structure(list(c("-3", 
    "-2", "-1", "0", "1", "2", NA), c("C", "T", NA)), .Names = c("", 
    "")), class = "table"), N = 2775L), Tag.Distribution = structure(c(`1` = 44L, 
    `2` = 3L, `5` = 1L, `6` = 1L, `7` = 1L, `10` = 1L, `11` = 1L, 
    `15` = 1L, `16` = 2L, `17` = 1L, `18` = 1L, `20` = 2L, `21` = 1L, 
    `23` = 1L, `25` = 1L, `26` = 2L, `29` = 1L, `31` = 2L, `32` = 1L, 
    `33` = 2L, `37` = 1L, `38` = 1L, `42` = 1L, `43` = 1L, `45` = 2L, 
    `46` = 2L, `47` = 1L, `49` = 3L, `52` = 1L, `58` = 1L, `61` = 1L, 
    `64` = 1L, `67` = 1L, `69` = 1L, `74` = 1L, `75` = 3L, `82` = 1L, 
    `96` = 1L, `97` = 1L, `106` = 1L, `114` = 1L, `115` = 1L, 
    `123` = 1L, `140` = 1L, `154` = 1L), .Dim = 45L, .Dimnames = structure(list(
        c("1", "2", "5", "6", "7", "10", "11", "15", "16", "17", 
        "18", "20", "21", "23", "25", "26", "29", "31", "32", 
        "33", "37", "38", "42", "43", "45", "46", "47", "49", 
        "52", "58", "61", "64", "67", "69", "74", "75", "82", 
        "96", "97", "106", "114", "115", "123", "140", "154")), .Names = ""), class = "table"), 
    No.Tag = structure(c(0L, 0L, 0L, 17L, 1L, 0L, 0L, 0L, 0L, 
    0L, 0L, 0L, 0L, 0L, 0L, 0L, 0L, 3L, 0L, 0L, 0L), .Dim = c(7L, 
    3L), .Dimnames = structure(list(c("-3", "-2", "-1", "0", 
    "1", "2", NA), c("C", "T", NA)), .Names = c("", "")), class = "table"), 
    All.Tags = list(Concordant = list(Freqs = structure(c(0, 
    3, 2, 49, 1, 0, 0, 0, 0, 4, 0, 0), .Dim = c(6L, 2L), .Dimnames = list(
        c("-3", "-2", "-1", "0", "1", "2"), c("C", "T"))), N = 59), 
        Majority = list(Freqs = structure(c(0, 5, 2, 85, 1, 0, 
        0, 0, 0, 5, 0, 0), .Dim = c(6L, 2L), .Dimnames = list(
            c("-3", "-2", "-1", "0", "1", "2"), c("C", "T"))), 
            N = 98)), `2` = structure(c(0, 5, 0, 51, 0, 0, 0, 
    0, 0, 1, 0, 0), .Dim = c(6L, 2L), .Dimnames = list(c("-3", 
    "-2", "-1", "0", "1", "2"), c("C", "T"))))))
