Results <-
list(`bwaOutput/20210421msiMNRsJenny/1139_S53.sam` = list(GM29_SNP1 = list(
    All = list(Freqs = structure(c(0L, 12L, 659L, 0L, 0L, 0L, 
    0L, 1L, 0L, 0L, 1L, 33L, 706L, 1L, 1L, 0L, 0L, 7L, 0L, 0L
    ), .Dim = 5:4, .Dimnames = structure(list(c("-2", "-1", "0", 
    "1", NA), c("A", "C", "G", NA)), .Names = c("", "")), class = "table"), 
        N = 1421L), Tag.Distribution = structure(c(`1` = 17L, 
    `5` = 1L, `7` = 1L, `8` = 1L, `9` = 2L, `10` = 1L, `12` = 1L, 
    `19` = 1L, `20` = 4L, `21` = 1L, `25` = 1L, `30` = 1L, `31` = 2L, 
    `32` = 3L, `33` = 1L, `39` = 1L, `40` = 1L, `41` = 1L, `46` = 1L, 
    `48` = 1L, `50` = 1L, `51` = 1L, `55` = 1L, `57` = 1L, `64` = 1L, 
    `68` = 1L, `69` = 1L, `76` = 1L, `77` = 1L, `80` = 1L, `108` = 1L
    ), .Dim = 31L, .Dimnames = structure(list(c("1", "5", "7", 
    "8", "9", "10", "12", "19", "20", "21", "25", "30", "31", 
    "32", "33", "39", "40", "41", "46", "48", "50", "51", "55", 
    "57", "64", "68", "69", "76", "77", "80", "108")), .Names = ""), class = "table"), 
    No.Tag = structure(c(0L, 0L, 5L, 0L, 0L, 0L, 0L, 0L, 0L, 
    0L, 0L, 0L, 3L, 0L, 0L, 0L, 0L, 1L, 0L, 0L), .Dim = 5:4, .Dimnames = structure(list(
        c("-2", "-1", "0", "1", NA), c("A", "C", "G", NA)), .Names = c("", 
    "")), class = "table"), All.Tags = list(Concordant = list(
        Freqs = structure(c(0, 1, 14, 0, 0, 0, 1, 0, 0, 3, 18, 
        0), .Dim = 4:3, .Dimnames = list(c("-2", "-1", "0", "1"
        ), c("A", "C", "G"))), N = 37), Majority = list(Freqs = structure(c(0, 
    1, 23, 0, 0, 0, 1, 0, 0, 3, 24, 0), .Dim = 4:3, .Dimnames = list(
        c("-2", "-1", "0", "1"), c("A", "C", "G"))), N = 52)), 
    `2` = structure(c(0, 0, 18, 0, 0, 0, 0, 0, 0, 1, 18, 0), .Dim = 4:3, .Dimnames = list(
        c("-2", "-1", "0", "1"), c("A", "C", "G"))))))
