Results <-
list(`bwaOutput/20210421msiMNRsJenny/1139_S53.sam` = list(LR17_SNP1 = list(
    All = list(Freqs = structure(c(6L, 322L, 1765L, 21L, 1L, 
    15L, 0L, 14L, 79L, 0L, 0L, 0L), .Dim = c(6L, 2L), .Dimnames = structure(list(
        c("-2", "-1", "0", "1", "2", NA), c("A", NA)), .Names = c("", 
    "")), class = "table"), N = 2223L), Tag.Distribution = structure(c(`1` = 31L, 
    `2` = 3L, `3` = 1L, `4` = 1L, `9` = 1L, `13` = 1L, `14` = 1L, 
    `16` = 1L, `17` = 1L, `19` = 1L, `24` = 1L, `25` = 1L, `32` = 2L, 
    `36` = 1L, `37` = 1L, `38` = 1L, `42` = 3L, `43` = 1L, `45` = 1L, 
    `51` = 1L, `54` = 1L, `56` = 1L, `57` = 1L, `58` = 1L, `62` = 1L, 
    `63` = 2L, `73` = 2L, `80` = 1L, `100` = 1L, `109` = 2L, 
    `117` = 1L, `123` = 1L, `125` = 2L, `133` = 1L), .Dim = 34L, .Dimnames = structure(list(
        c("1", "2", "3", "4", "9", "13", "14", "16", "17", "19", 
        "24", "25", "32", "36", "37", "38", "42", "43", "45", 
        "51", "54", "56", "57", "58", "62", "63", "73", "80", 
        "100", "109", "117", "123", "125", "133")), .Names = ""), class = "table"), 
    No.Tag = structure(c(0L, 3L, 19L, 0L, 0L, 0L, 0L, 0L, 0L, 
    0L, 0L, 0L), .Dim = c(6L, 2L), .Dimnames = structure(list(
        c("-2", "-1", "0", "1", "2", NA), c("A", NA)), .Names = c("", 
    "")), class = "table"), All.Tags = list(Concordant = list(
        Freqs = structure(c(0, 3, 36, 0, 0), .Dim = c(5L, 1L), .Dimnames = list(
            c("-2", "-1", "0", "1", "2"), "A")), N = 39), Majority = list(
        Freqs = structure(c(0, 6, 65, 0, 0), .Dim = c(5L, 1L), .Dimnames = list(
            c("-2", "-1", "0", "1", "2"), "A")), N = 71)), `2` = structure(c(0, 
    4, 38, 0, 0), .Dim = c(5L, 1L), .Dimnames = list(c("-2", 
    "-1", "0", "1", "2"), "A")))))
