Results <-
list(`bwaOutput/20210421msiMNRsJenny/1139_S53.sam` = list(LR24_SNP1 = list(
    All = list(Freqs = structure(c(0L, 1L, 0L, 0L, 1L, 158L, 
    0L, 1L, 197L, 3932L, 6L, 5L, 1L, 20L, 1L, 0L), .Dim = c(4L, 
    4L), .Dimnames = structure(list(c("-1", "0", "1", NA), c("-", 
    "A", "G", NA)), .Names = c("", "")), class = "table"), N = 4323L), 
    Tag.Distribution = structure(c(`1` = 72L, `2` = 7L, `3` = 11L, 
    `4` = 8L, `5` = 2L, `6` = 6L, `7` = 11L, `8` = 7L, `9` = 6L, 
    `10` = 5L, `11` = 4L, `12` = 3L, `13` = 3L, `14` = 2L, `15` = 2L, 
    `16` = 5L, `17` = 2L, `18` = 3L, `20` = 3L, `21` = 3L, `22` = 7L, 
    `23` = 5L, `24` = 2L, `25` = 3L, `26` = 3L, `27` = 7L, `28` = 2L, 
    `29` = 2L, `30` = 2L, `31` = 3L, `32` = 2L, `34` = 1L, `36` = 2L, 
    `38` = 3L, `39` = 1L, `41` = 3L, `42` = 2L, `43` = 1L, `44` = 4L, 
    `45` = 3L, `47` = 2L, `48` = 2L, `49` = 1L, `50` = 2L, `52` = 1L, 
    `55` = 1L, `59` = 1L, `60` = 2L, `61` = 1L, `63` = 1L, `65` = 1L, 
    `67` = 1L, `68` = 1L, `69` = 1L, `77` = 1L, `141` = 1L, `150` = 1L
    ), .Dim = 57L, .Dimnames = structure(list(c("1", "2", "3", 
    "4", "5", "6", "7", "8", "9", "10", "11", "12", "13", "14", 
    "15", "16", "17", "18", "20", "21", "22", "23", "24", "25", 
    "26", "27", "28", "29", "30", "31", "32", "34", "36", "38", 
    "39", "41", "42", "43", "44", "45", "47", "48", "49", "50", 
    "52", "55", "59", "60", "61", "63", "65", "67", "68", "69", 
    "77", "141", "150")), .Names = ""), class = "table"), No.Tag = structure(c(0L, 
    0L, 0L, 0L, 0L, 2L, 0L, 0L, 4L, 218L, 0L, 0L, 0L, 1L, 0L, 
    0L), .Dim = c(4L, 4L), .Dimnames = structure(list(c("-1", 
    "0", "1", NA), c("-", "A", "G", NA)), .Names = c("", "")), class = "table"), 
    All.Tags = list(Concordant = list(Freqs = structure(c(0, 
    0, 0, 0, 6, 0, 9, 198, 0), .Dim = c(3L, 3L), .Dimnames = list(
        c("-1", "0", "1"), c("-", "A", "G"))), N = 213), Majority = list(
        Freqs = structure(c(0, 0, 0, 0, 7, 0, 9, 221, 0), .Dim = c(3L, 
        3L), .Dimnames = list(c("-1", "0", "1"), c("-", "A", 
        "G"))), N = 237)), `2` = structure(c(0, 0, 0, 0, 1, 0, 
    8, 162, 0), .Dim = c(3L, 3L), .Dimnames = list(c("-1", "0", 
    "1"), c("-", "A", "G"))))))
