Results <-
list(`bwaOutput/20210421msiMNRsJenny/1139_S53.sam` = list(LR36_SNP1 = list(
    All = list(Freqs = structure(c(0L, 0L, 0L, 7L, 0L, 0L, 0L, 
    0L, 0L, 1L, 0L, 0L, 1L, 8L, 471L, 1877L, 20L, 35L, 0L, 0L, 
    7L, 91L, 3L, 0L), .Dim = c(6L, 4L), .Dimnames = structure(list(
        c("-3", "-2", "-1", "0", "1", NA), c("A", "C", "T", NA
        )), .Names = c("", "")), class = "table"), N = 2521L), 
    Tag.Distribution = structure(c(`1` = 41L, `2` = 1L, `5` = 2L, 
    `8` = 1L, `9` = 2L, `12` = 1L, `15` = 2L, `19` = 1L, `20` = 1L, 
    `22` = 1L, `23` = 2L, `24` = 2L, `25` = 1L, `26` = 1L, `32` = 1L, 
    `33` = 1L, `35` = 1L, `36` = 2L, `37` = 2L, `39` = 1L, `40` = 2L, 
    `42` = 1L, `43` = 2L, `44` = 2L, `45` = 2L, `47` = 1L, `50` = 1L, 
    `51` = 1L, `54` = 1L, `55` = 1L, `56` = 1L, `58` = 3L, `59` = 1L, 
    `63` = 1L, `65` = 1L, `69` = 2L, `70` = 1L, `81` = 1L, `95` = 1L, 
    `100` = 1L, `102` = 1L, `104` = 1L, `112` = 1L), .Dim = 43L, .Dimnames = structure(list(
        c("1", "2", "5", "8", "9", "12", "15", "19", "20", "22", 
        "23", "24", "25", "26", "32", "33", "35", "36", "37", 
        "39", "40", "42", "43", "44", "45", "47", "50", "51", 
        "54", "55", "56", "58", "59", "63", "65", "69", "70", 
        "81", "95", "100", "102", "104", "112")), .Names = ""), class = "table"), 
    No.Tag = structure(c(0L, 0L, 0L, 1L, 0L, 0L, 0L, 0L, 0L, 
    0L, 0L, 0L, 0L, 0L, 3L, 33L, 2L, 4L, 0L, 0L, 1L, 3L, 0L, 
    0L), .Dim = c(6L, 4L), .Dimnames = structure(list(c("-3", 
    "-2", "-1", "0", "1", NA), c("A", "C", "T", NA)), .Names = c("", 
    "")), class = "table"), All.Tags = list(Concordant = list(
        Freqs = structure(c(0, 0, 0, 6, 0, 0, 0, 0, 0, 0, 0, 
        0, 7, 31, 0), .Dim = c(5L, 3L), .Dimnames = list(c("-3", 
        "-2", "-1", "0", "1"), c("A", "C", "T"))), N = 44), Majority = list(
        Freqs = structure(c(0, 0, 0, 6, 0, 0, 0, 0, 0, 0, 0, 
        0, 13, 64, 0), .Dim = c(5L, 3L), .Dimnames = list(c("-3", 
        "-2", "-1", "0", "1"), c("A", "C", "T"))), N = 83)), 
    `2` = structure(c(0, 0, 0, 0, 0, 0, 0, 0, 0, 0, 0, 0, 8, 
    48, 0), .Dim = c(5L, 3L), .Dimnames = list(c("-3", "-2", 
    "-1", "0", "1"), c("A", "C", "T"))))))
