Results <-
list(`bwaOutput/20210421msiMNRsJenny/1139_S53.sam` = list(IM49_SNP1 = list(
    All = list(Freqs = structure(c(0L, 0L, 0L, 17L, 0L, 0L, 0L, 
    312L, 255L, 112L, 1517L, 22L, 1L, 19L, 0L, 17L, 678L, 2085L, 
    67L, 2L, 28L, 1L, 0L, 0L, 0L, 0L, 0L, 0L, 0L, 2L, 19L, 160L, 
    2L, 0L, 0L), .Dim = c(7L, 5L), .Dimnames = structure(list(
        c("-3", "-2", "-1", "0", "1", "2", NA), c("A", "C", "G", 
        "T", NA)), .Names = c("", "")), class = "table"), N = 5316L), 
    Tag.Distribution = structure(c(`1` = 119L, `2` = 11L, `3` = 1L, 
    `4` = 4L, `5` = 2L, `6` = 4L, `7` = 2L, `8` = 6L, `9` = 3L, 
    `10` = 3L, `11` = 3L, `12` = 5L, `13` = 1L, `14` = 4L, `15` = 4L, 
    `16` = 9L, `17` = 4L, `18` = 4L, `19` = 5L, `20` = 4L, `21` = 5L, 
    `22` = 1L, `23` = 2L, `24` = 4L, `25` = 3L, `26` = 5L, `27` = 1L, 
    `28` = 2L, `29` = 4L, `30` = 3L, `31` = 5L, `32` = 2L, `34` = 4L, 
    `35` = 3L, `36` = 1L, `37` = 3L, `38` = 3L, `39` = 3L, `40` = 1L, 
    `41` = 1L, `42` = 2L, `43` = 1L, `44` = 2L, `45` = 2L, `46` = 1L, 
    `47` = 1L, `48` = 2L, `49` = 1L, `50` = 3L, `51` = 2L, `52` = 1L, 
    `55` = 3L, `58` = 4L, `59` = 1L, `60` = 1L, `62` = 2L, `63` = 1L, 
    `66` = 1L, `69` = 1L, `73` = 1L, `82` = 1L, `83` = 2L, `85` = 1L, 
    `86` = 1L, `87` = 1L, `93` = 1L, `107` = 1L, `111` = 1L), .Dim = 68L, .Dimnames = structure(list(
        c("1", "2", "3", "4", "5", "6", "7", "8", "9", "10", 
        "11", "12", "13", "14", "15", "16", "17", "18", "19", 
        "20", "21", "22", "23", "24", "25", "26", "27", "28", 
        "29", "30", "31", "32", "34", "35", "36", "37", "38", 
        "39", "40", "41", "42", "43", "44", "45", "46", "47", 
        "48", "49", "50", "51", "52", "55", "58", "59", "60", 
        "62", "63", "66", "69", "73", "82", "83", "85", "86", 
        "87", "93", "107", "111")), .Names = ""), class = "table"), 
    No.Tag = structure(c(0L, 0L, 0L, 0L, 0L, 0L, 0L, 0L, 2L, 
    2L, 44L, 1L, 0L, 1L, 0L, 0L, 0L, 6L, 2L, 0L, 0L, 0L, 0L, 
    0L, 0L, 0L, 0L, 0L, 0L, 0L, 0L, 7L, 0L, 0L, 0L), .Dim = c(7L, 
    5L), .Dimnames = structure(list(c("-3", "-2", "-1", "0", 
    "1", "2", NA), c("A", "C", "G", "T", NA)), .Names = c("", 
    "")), class = "table"), All.Tags = list(Concordant = list(
        Freqs = structure(c(0, 0, 0, 1, 0, 0, 13, 11, 3, 55, 
        1, 0, 0, 0, 14, 51, 0, 0, 0, 0, 0, 0, 0, 0), .Dim = c(6L, 
        4L), .Dimnames = list(c("-3", "-2", "-1", "0", "1", "2"
        ), c("A", "C", "G", "T"))), N = 149), Majority = list(
        Freqs = structure(c(0, 0, 0, 1, 0, 0, 15, 12, 4, 92, 
        1, 0, 0, 0, 27, 100, 1, 0, 0, 0, 0, 0, 0, 0), .Dim = c(6L, 
        4L), .Dimnames = list(c("-3", "-2", "-1", "0", "1", "2"
        ), c("A", "C", "G", "T"))), N = 253)), `2` = structure(c(0, 
    0, 0, 1, 0, 0, 12, 6, 1, 61, 0, 0, 0, 0, 17, 75, 1, 0, 0, 
    0, 0, 0, 0, 0), .Dim = c(6L, 4L), .Dimnames = list(c("-3", 
    "-2", "-1", "0", "1", "2"), c("A", "C", "G", "T"))))))
