Results <-
list(`bwaOutput/20210421msiMNRsJenny/1139_S53.sam` = list(LR11_SNP1 = list(
    All = list(Freqs = structure(c(0L, 0L, 1L, 0L, 0L, 0L, 1L, 
    33L, 1089L, 102L, 1L, 7L, 2L, 56L, 676L, 5L, 0L, 1L, 0L, 
    0L, 1L, 0L, 0L, 0L, 0L, 0L, 27L, 1L, 0L, 0L), .Dim = 6:5, .Dimnames = structure(list(
        c("-2", "-1", "0", "1", "2", NA), c("-", "A", "C", "T", 
        NA)), .Names = c("", "")), class = "table"), N = 2003L), 
    Tag.Distribution = structure(c(`1` = 23L, `2` = 3L, `7` = 1L, 
    `8` = 1L, `12` = 1L, `16` = 1L, `17` = 1L, `23` = 1L, `26` = 1L, 
    `31` = 1L, `36` = 1L, `37` = 1L, `41` = 2L, `44` = 1L, `46` = 2L, 
    `48` = 2L, `52` = 1L, `59` = 1L, `76` = 1L, `77` = 1L, `79` = 1L, 
    `83` = 1L, `94` = 1L, `97` = 1L, `102` = 1L, `111` = 1L, 
    `113` = 1L, `115` = 1L, `116` = 1L, `120` = 1L, `128` = 1L
    ), .Dim = 31L, .Dimnames = structure(list(c("1", "2", "7", 
    "8", "12", "16", "17", "23", "26", "31", "36", "37", "41", 
    "44", "46", "48", "52", "59", "76", "77", "79", "83", "94", 
    "97", "102", "111", "113", "115", "116", "120", "128")), .Names = ""), class = "table"), 
    No.Tag = structure(c(0L, 0L, 0L, 0L, 0L, 0L, 0L, 1L, 20L, 
    0L, 0L, 1L, 0L, 0L, 2L, 0L, 0L, 0L, 0L, 0L, 0L, 0L, 0L, 0L, 
    0L, 0L, 1L, 0L, 0L, 0L), .Dim = 6:5, .Dimnames = structure(list(
        c("-2", "-1", "0", "1", "2", NA), c("-", "A", "C", "T", 
        NA)), .Names = c("", "")), class = "table"), All.Tags = list(
        Concordant = list(Freqs = structure(c(0, 0, 0, 0, 0, 
        0, 1, 14, 2, 0, 0, 1, 14, 0, 0, 0, 0, 0, 0, 0), .Dim = 5:4, .Dimnames = list(
            c("-2", "-1", "0", "1", "2"), c("-", "A", "C", "T"
            ))), N = 32), Majority = list(Freqs = structure(c(0, 
        0, 0, 0, 0, 0, 1, 28, 3, 0, 0, 1, 24, 0, 0, 0, 0, 0, 
        0, 0), .Dim = 5:4, .Dimnames = list(c("-2", "-1", "0", 
        "1", "2"), c("-", "A", "C", "T"))), N = 57)), `2` = structure(c(0, 
    0, 0, 0, 0, 0, 0, 18, 2, 0, 0, 1, 14, 0, 0, 0, 0, 0, 0, 0
    ), .Dim = 5:4, .Dimnames = list(c("-2", "-1", "0", "1", "2"
    ), c("-", "A", "C", "T"))))))
