Results <-
list(`bwaOutput/20210421msiMNRsJenny/1139_S53.sam` = list(LR20_SNP1 = list(
    All = list(Freqs = structure(c(1L, 806L, 1L, 1L, 2L, 789L, 
    2L, 1L, 0L, 16L, 0L, 0L), .Dim = 4:3, .Dimnames = structure(list(
        c("-1", "0", "1", NA), c("A", "G", NA)), .Names = c("", 
    "")), class = "table"), N = 1619L), Tag.Distribution = structure(c(`1` = 31L, 
    `2` = 1L, `3` = 1L, `6` = 1L, `8` = 2L, `14` = 1L, `16` = 1L, 
    `17` = 1L, `19` = 1L, `20` = 2L, `21` = 2L, `22` = 1L, `23` = 1L, 
    `29` = 2L, `30` = 1L, `32` = 1L, `34` = 1L, `37` = 1L, `38` = 1L, 
    `42` = 1L, `44` = 1L, `45` = 3L, `49` = 1L, `54` = 1L, `55` = 1L, 
    `56` = 2L, `57` = 2L, `59` = 2L, `60` = 1L, `70` = 1L, `71` = 1L, 
    `84` = 1L, `110` = 1L), .Dim = 33L, .Dimnames = structure(list(
        c("1", "2", "3", "6", "8", "14", "16", "17", "19", "20", 
        "21", "22", "23", "29", "30", "32", "34", "37", "38", 
        "42", "44", "45", "49", "54", "55", "56", "57", "59", 
        "60", "70", "71", "84", "110")), .Names = ""), class = "table"), 
    No.Tag = structure(c(0L, 9L, 0L, 1L, 0L, 10L, 0L, 0L, 0L, 
    1L, 0L, 0L), .Dim = 4:3, .Dimnames = structure(list(c("-1", 
    "0", "1", NA), c("A", "G", NA)), .Names = c("", "")), class = "table"), 
    All.Tags = list(Concordant = list(Freqs = structure(c(0, 
    33, 0, 0, 29, 0), .Dim = 3:2, .Dimnames = list(c("-1", "0", 
    "1"), c("A", "G"))), N = 62), Majority = list(Freqs = structure(c(0, 
    35, 0, 0, 33, 0), .Dim = 3:2, .Dimnames = list(c("-1", "0", 
    "1"), c("A", "G"))), N = 68)), `2` = structure(c(0, 19, 0, 
    0, 22, 0), .Dim = 3:2, .Dimnames = list(c("-1", "0", "1"), 
        c("A", "G"))))))
