Results <-
list(`bwaOutput/20210421msiMNRsJenny/1139_S53.sam` = list(LR48_SNP1 = list(
    All = list(Freqs = structure(c(5L, 266L, 1603L, 21L, 8L, 
    0L, 1L, 2L, 0L, 0L, 0L, 0L, 38L, 0L, 0L), .Dim = c(5L, 3L
    ), .Dimnames = structure(list(c("-2", "-1", "0", "1", NA), 
        c("C", "T", NA)), .Names = c("", "")), class = "table"), 
        N = 1944L), Tag.Distribution = structure(c(`1` = 23L, 
    `13` = 1L, `14` = 1L, `16` = 1L, `31` = 1L, `33` = 1L, `35` = 1L, 
    `38` = 1L, `40` = 1L, `48` = 1L, `53` = 1L, `61` = 1L, `66` = 1L, 
    `68` = 2L, `69` = 1L, `75` = 1L, `88` = 1L, `94` = 1L, `96` = 1L, 
    `100` = 1L, `107` = 1L, `111` = 1L, `119` = 1L, `130` = 1L, 
    `157` = 1L, `173` = 1L), .Dim = 26L, .Dimnames = structure(list(
        c("1", "13", "14", "16", "31", "33", "35", "38", "40", 
        "48", "53", "61", "66", "68", "69", "75", "88", "94", 
        "96", "100", "107", "111", "119", "130", "157", "173"
        )), .Names = ""), class = "table"), No.Tag = structure(c(1L, 
    1L, 13L, 0L, 1L, 0L, 0L, 0L, 0L, 0L, 0L, 0L, 2L, 0L, 0L), .Dim = c(5L, 
    3L), .Dimnames = structure(list(c("-2", "-1", "0", "1", NA
    ), c("C", "T", NA)), .Names = c("", "")), class = "table"), 
    All.Tags = list(Concordant = list(Freqs = structure(c(0, 
    2, 22, 0, 0, 1, 1, 0), .Dim = c(4L, 2L), .Dimnames = list(
        c("-2", "-1", "0", "1"), c("C", "T"))), N = 26), Majority = list(
        Freqs = structure(c(0, 4, 39, 0, 0, 1, 1, 0), .Dim = c(4L, 
        2L), .Dimnames = list(c("-2", "-1", "0", "1"), c("C", 
        "T"))), N = 45)), `2` = structure(c(0, 2, 24, 0, 0, 0, 
    0, 0), .Dim = c(4L, 2L), .Dimnames = list(c("-2", "-1", "0", 
    "1"), c("C", "T"))))))
