Results <-
list(`bwaOutput/20210421msiMNRsJenny/1139_S53.sam` = list(LR40_SNP1 = list(
    All = list(Freqs = structure(c(6L, 665L, 1L, 7L, 716L, 1L, 
    0L, 5L, 0L), .Dim = c(3L, 3L), .Dimnames = structure(list(
        c("-1", "0", "1"), c("A", "C", NA)), .Names = c("", ""
    )), class = "table"), N = 1401L), Tag.Distribution = structure(c(`1` = 15L, 
    `2` = 1L, `3` = 1L, `4` = 1L, `7` = 1L, `9` = 1L, `11` = 1L, 
    `16` = 1L, `20` = 1L, `26` = 1L, `27` = 1L, `28` = 1L, `29` = 1L, 
    `31` = 1L, `32` = 1L, `35` = 2L, `36` = 1L, `39` = 1L, `42` = 1L, 
    `43` = 1L, `45` = 1L, `48` = 1L, `52` = 1L, `53` = 2L, `55` = 1L, 
    `64` = 1L, `86` = 2L, `109` = 1L, `129` = 1L), .Dim = 29L, .Dimnames = structure(list(
        c("1", "2", "3", "4", "7", "9", "11", "16", "20", "26", 
        "27", "28", "29", "31", "32", "35", "36", "39", "42", 
        "43", "45", "48", "52", "53", "55", "64", "86", "109", 
        "129")), .Names = ""), class = "table"), No.Tag = structure(c(0L, 
    5L, 0L, 0L, 1L, 123L, 1L, 0L, 0L, 1L, 0L, 0L), .Dim = 4:3, .Dimnames = structure(list(
        c("-1", "0", "1", NA), c("A", "C", NA)), .Names = c("", 
    "")), class = "table"), All.Tags = list(Concordant = list(
        Freqs = structure(c(0, 17, 0, 0, 17, 0), .Dim = 3:2, .Dimnames = list(
            c("-1", "0", "1"), c("A", "C"))), N = 34), Majority = list(
        Freqs = structure(c(0, 22, 0, 0, 23, 0), .Dim = 3:2, .Dimnames = list(
            c("-1", "0", "1"), c("A", "C"))), N = 45)), `2` = structure(c(0, 
    14, 0, 0, 17, 0), .Dim = 3:2, .Dimnames = list(c("-1", "0", 
    "1"), c("A", "C"))))))
