Results <-
list(`bwaOutput/20210421msiMNRsJenny/1160_S140.sam` = list(IM49_SNP1 = list(
    All = list(Freqs = structure(c(1L, 116L, 1394L, 5978L, 154L, 
    4L, 84L, 0L, 0L, 1L, 6L, 0L, 0L, 0L, 0L, 0L, 15L, 185L, 7L, 
    0L, 0L), .Dim = c(7L, 3L), .Dimnames = structure(list(c("-3", 
    "-2", "-1", "0", "1", "2", NA), c("C", "G", NA)), .Names = c("", 
    "")), class = "table"), N = 7945L), Tag.Distribution = structure(c(`1` = 223L, 
    `2` = 63L, `3` = 79L, `4` = 73L, `5` = 65L, `6` = 48L, `7` = 62L, 
    `8` = 42L, `9` = 41L, `10` = 44L, `11` = 37L, `12` = 41L, 
    `13` = 22L, `14` = 37L, `15` = 27L, `16` = 16L, `17` = 14L, 
    `18` = 19L, `19` = 13L, `20` = 8L, `21` = 7L, `22` = 6L, 
    `23` = 5L, `24` = 4L, `25` = 6L, `26` = 3L, `27` = 2L, `28` = 3L, 
    `29` = 4L, `30` = 1L, `32` = 1L, `33` = 1L, `34` = 2L, `35` = 1L, 
    `36` = 1L, `37` = 1L, `45` = 1L, `55` = 1L), .Dim = 38L, .Dimnames = structure(list(
        c("1", "2", "3", "4", "5", "6", "7", "8", "9", "10", 
        "11", "12", "13", "14", "15", "16", "17", "18", "19", 
        "20", "21", "22", "23", "24", "25", "26", "27", "28", 
        "29", "30", "32", "33", "34", "35", "36", "37", "45", 
        "55")), .Names = ""), class = "table"), No.Tag = structure(c(0L, 
    0L, 19L, 145L, 2L, 0L, 5L, 0L, 0L, 0L, 0L, 0L, 0L, 0L, 0L, 
    0L, 1L, 8L, 1L, 0L, 0L), .Dim = c(7L, 3L), .Dimnames = structure(list(
        c("-3", "-2", "-1", "0", "1", "2", NA), c("C", "G", NA
        )), .Names = c("", "")), class = "table"), All.Tags = list(
        Concordant = list(Freqs = structure(c(0, 8, 108, 549, 
        0, 0, 0, 0, 1, 1, 0, 0), .Dim = c(6L, 2L), .Dimnames = list(
            c("-3", "-2", "-1", "0", "1", "2"), c("C", "G"))), 
            N = 667), Majority = list(Freqs = structure(c(0, 
        14, 148, 795, 0, 0, 0, 0, 1, 1, 0, 0), .Dim = c(6L, 2L
        ), .Dimnames = list(c("-3", "-2", "-1", "0", "1", "2"
        ), c("C", "G"))), N = 959)), `2` = structure(c(0, 13, 
    124, 648, 0, 0, 0, 0, 0, 1, 0, 0), .Dim = c(6L, 2L), .Dimnames = list(
        c("-3", "-2", "-1", "0", "1", "2"), c("C", "G"))))))
