Results <-
list(`bwaOutput/20210421msiMNRsJenny/1160_S140.sam` = list(LR17_SNP1 = list(
    All = list(Freqs = structure(c(17L, 631L, 2658L, 49L, 1L, 
    21L, 0L, 20L, 103L, 2L, 0L, 0L), .Dim = c(6L, 2L), .Dimnames = structure(list(
        c("-2", "-1", "0", "1", "2", NA), c("A", NA)), .Names = c("", 
    "")), class = "table"), N = 3502L), Tag.Distribution = structure(c(`1` = 56L, 
    `2` = 6L, `3` = 6L, `4` = 9L, `5` = 10L, `6` = 9L, `7` = 6L, 
    `8` = 11L, `9` = 8L, `10` = 12L, `11` = 8L, `12` = 7L, `13` = 8L, 
    `14` = 8L, `15` = 12L, `16` = 10L, `17` = 7L, `18` = 5L, 
    `19` = 5L, `20` = 12L, `21` = 9L, `22` = 4L, `23` = 5L, `24` = 8L, 
    `25` = 5L, `26` = 2L, `27` = 3L, `28` = 4L, `29` = 4L, `30` = 3L, 
    `31` = 1L, `33` = 4L, `34` = 2L, `35` = 1L, `36` = 1L, `39` = 1L, 
    `40` = 1L, `57` = 1L), .Dim = 38L, .Dimnames = structure(list(
        c("1", "2", "3", "4", "5", "6", "7", "8", "9", "10", 
        "11", "12", "13", "14", "15", "16", "17", "18", "19", 
        "20", "21", "22", "23", "24", "25", "26", "27", "28", 
        "29", "30", "31", "33", "34", "35", "36", "39", "40", 
        "57")), .Names = ""), class = "table"), No.Tag = structure(c(0L, 
    7L, 71L, 1L, 0L, 2L, 0L, 0L, 3L, 0L, 0L, 0L), .Dim = c(6L, 
    2L), .Dimnames = structure(list(c("-2", "-1", "0", "1", "2", 
    NA), c("A", NA)), .Names = c("", "")), class = "table"), 
    All.Tags = list(Concordant = list(Freqs = structure(c(0, 
    29, 124, 2, 0), .Dim = c(5L, 1L), .Dimnames = list(c("-2", 
    "-1", "0", "1", "2"), "A")), N = 155), Majority = list(Freqs = structure(c(0, 
    46, 222, 2, 0), .Dim = c(5L, 1L), .Dimnames = list(c("-2", 
    "-1", "0", "1", "2"), "A")), N = 270)), `2` = structure(c(0, 
    39, 179, 0, 0), .Dim = c(5L, 1L), .Dimnames = list(c("-2", 
    "-1", "0", "1", "2"), "A")))))
