Results <-
list(`bwaOutput/20210421msiMNRsJenny/1160_S140.sam` = list(GM26_SNP1 = list(
    All = list(Freqs = structure(c(26L, 3839L, 14L, 8L, 0L, 6L, 
    0L, 0L, 1L, 27L, 0L, 0L), .Dim = 4:3, .Dimnames = structure(list(
        c("-1", "0", "1", NA), c("A", "G", NA)), .Names = c("", 
    "")), class = "table"), N = 3921L), Tag.Distribution = structure(c(`1` = 51L, 
    `2` = 15L, `3` = 4L, `4` = 12L, `5` = 15L, `6` = 19L, `7` = 7L, 
    `8` = 10L, `9` = 14L, `10` = 8L, `11` = 15L, `12` = 14L, 
    `13` = 8L, `14` = 7L, `15` = 10L, `16` = 11L, `17` = 7L, 
    `18` = 5L, `19` = 11L, `20` = 4L, `21` = 8L, `22` = 5L, `23` = 8L, 
    `24` = 5L, `25` = 3L, `26` = 3L, `27` = 3L, `28` = 6L, `29` = 1L, 
    `30` = 4L, `31` = 1L, `32` = 3L, `33` = 2L, `34` = 4L, `35` = 2L, 
    `36` = 1L, `37` = 2L, `38` = 1L, `39` = 2L, `40` = 1L, `47` = 1L
    ), .Dim = 41L, .Dimnames = structure(list(c("1", "2", "3", 
    "4", "5", "6", "7", "8", "9", "10", "11", "12", "13", "14", 
    "15", "16", "17", "18", "19", "20", "21", "22", "23", "24", 
    "25", "26", "27", "28", "29", "30", "31", "32", "33", "34", 
    "35", "36", "37", "38", "39", "40", "47")), .Names = ""), class = "table"), 
    No.Tag = structure(c(0L, 51L, 0L, 1L, 0L, 0L, 0L, 0L, 0L, 
    0L, 0L, 0L), .Dim = 4:3, .Dimnames = structure(list(c("-1", 
    "0", "1", NA), c("A", "G", NA)), .Names = c("", "")), class = "table"), 
    All.Tags = list(Concordant = list(Freqs = structure(c(0, 
    264, 1, 0, 4, 0), .Dim = 3:2, .Dimnames = list(c("-1", "0", 
    "1"), c("A", "G"))), N = 269), Majority = list(Freqs = structure(c(0, 
    301, 1, 0, 4, 0), .Dim = 3:2, .Dimnames = list(c("-1", "0", 
    "1"), c("A", "G"))), N = 306)), `2` = structure(c(0, 262, 
    0, 0, 0, 0), .Dim = 3:2, .Dimnames = list(c("-1", "0", "1"
    ), c("A", "G"))))))
