Results <-
list(`bwaOutput/20210421msiMNRsJenny/1160_S140.sam` = list(GM29_SNP1 = list(
    All = list(Freqs = structure(c(2L, 71L, 2449L, 9L, 3L, 5L, 
    279L, 1826L, 4L, 9L, 0L, 2L, 33L, 0L, 0L), .Dim = c(5L, 3L
    ), .Dimnames = structure(list(c("-2", "-1", "0", "1", NA), 
        c("A", "G", NA)), .Names = c("", "")), class = "table"), 
        N = 4692L), Tag.Distribution = structure(c(`1` = 52L, 
    `2` = 22L, `3` = 24L, `4` = 16L, `5` = 22L, `6` = 24L, `7` = 19L, 
    `8` = 18L, `9` = 30L, `10` = 26L, `11` = 13L, `12` = 14L, 
    `13` = 12L, `14` = 18L, `15` = 13L, `16` = 11L, `17` = 9L, 
    `18` = 8L, `19` = 6L, `20` = 4L, `21` = 8L, `22` = 3L, `23` = 9L, 
    `24` = 4L, `25` = 5L, `26` = 5L, `27` = 3L, `28` = 1L, `29` = 2L, 
    `30` = 4L, `31` = 3L, `32` = 4L, `33` = 3L, `34` = 2L, `35` = 2L, 
    `36` = 1L, `37` = 1L, `38` = 1L, `45` = 1L, `46` = 1L), .Dim = 40L, .Dimnames = structure(list(
        c("1", "2", "3", "4", "5", "6", "7", "8", "9", "10", 
        "11", "12", "13", "14", "15", "16", "17", "18", "19", 
        "20", "21", "22", "23", "24", "25", "26", "27", "28", 
        "29", "30", "31", "32", "33", "34", "35", "36", "37", 
        "38", "45", "46")), .Names = ""), class = "table"), No.Tag = structure(c(0L, 
    1L, 46L, 0L, 0L, 1L, 7L, 23L, 0L, 1L, 0L, 0L, 0L, 0L, 0L), .Dim = c(5L, 
    3L), .Dimnames = structure(list(c("-2", "-1", "0", "1", NA
    ), c("A", "G", NA)), .Names = c("", "")), class = "table"), 
    All.Tags = list(Concordant = list(Freqs = structure(c(0, 
    3, 176, 0, 0, 18, 123, 0), .Dim = c(4L, 2L), .Dimnames = list(
        c("-2", "-1", "0", "1"), c("A", "G"))), N = 320), Majority = list(
        Freqs = structure(c(0, 5, 227, 0, 0, 23, 163, 0), .Dim = c(4L, 
        2L), .Dimnames = list(c("-2", "-1", "0", "1"), c("A", 
        "G"))), N = 418)), `2` = structure(c(0, 3, 205, 0, 0, 
    18, 144, 0), .Dim = c(4L, 2L), .Dimnames = list(c("-2", "-1", 
    "0", "1"), c("A", "G"))))))
