Results <-
list(`bwaOutput/20210421msiMNRsJenny/1160_S140.sam` = list(GM22_SNP1 = list(
    All = list(Freqs = structure(c(0L, 56L, 2181L, 14L, 7L, 3L, 
    44L, 1857L, 11L, 3L, 0L, 0L, 58L, 1L, 0L), .Dim = c(5L, 3L
    ), .Dimnames = structure(list(c("-2", "-1", "0", "1", NA), 
        c("A", "G", NA)), .Names = c("", "")), class = "table"), 
        N = 4235L), Tag.Distribution = structure(c(`1` = 66L, 
    `2` = 9L, `3` = 9L, `4` = 8L, `5` = 16L, `6` = 8L, `7` = 12L, 
    `8` = 13L, `9` = 6L, `10` = 10L, `11` = 17L, `12` = 9L, `13` = 13L, 
    `14` = 7L, `15` = 9L, `16` = 10L, `17` = 9L, `18` = 10L, 
    `19` = 10L, `20` = 8L, `21` = 13L, `22` = 8L, `23` = 9L, 
    `24` = 10L, `25` = 7L, `26` = 9L, `27` = 6L, `28` = 5L, `29` = 2L, 
    `31` = 1L, `34` = 3L, `36` = 1L, `37` = 1L, `38` = 1L, `43` = 1L
    ), .Dim = 35L, .Dimnames = structure(list(c("1", "2", "3", 
    "4", "5", "6", "7", "8", "9", "10", "11", "12", "13", "14", 
    "15", "16", "17", "18", "19", "20", "21", "22", "23", "24", 
    "25", "26", "27", "28", "29", "31", "34", "36", "37", "38", 
    "43")), .Names = ""), class = "table"), No.Tag = structure(c(0L, 
    1L, 85L, 0L, 0L, 0L, 1L, 38L, 0L, 0L, 0L, 0L, 5L, 0L, 0L), .Dim = c(5L, 
    3L), .Dimnames = structure(list(c("-2", "-1", "0", "1", NA
    ), c("A", "G", NA)), .Names = c("", "")), class = "table"), 
    All.Tags = list(Concordant = list(Freqs = structure(c(0, 
    2, 133, 0, 0, 0, 104, 0), .Dim = c(4L, 2L), .Dimnames = list(
        c("-2", "-1", "0", "1"), c("A", "G"))), N = 239), Majority = list(
        Freqs = structure(c(0, 3, 172, 0, 0, 0, 147, 0), .Dim = c(4L, 
        2L), .Dimnames = list(c("-2", "-1", "0", "1"), c("A", 
        "G"))), N = 322)), `2` = structure(c(0, 1, 137, 0, 0, 
    0, 131, 0), .Dim = c(4L, 2L), .Dimnames = list(c("-2", "-1", 
    "0", "1"), c("A", "G"))))))
