Results <-
list(`bwaOutput/20210421msiMNRsJenny/1160_S140.sam` = list(DEPDC2_SNP1 = list(
    All = list(Freqs = structure(c(1L, 58L, 5009L, 731L, 6L, 
    414L, 1L, 39L, 5755L, 22L, 1L, 27L, 0L, 1L, 106L, 5L, 0L, 
    0L), .Dim = c(6L, 3L), .Dimnames = structure(list(c("-2", 
    "-1", "0", "1", "2", NA), c("C", "T", NA)), .Names = c("", 
    "")), class = "table"), N = 12176L), Tag.Distribution = structure(c(`1` = 232L, 
    `2` = 40L, `3` = 57L, `4` = 43L, `5` = 46L, `6` = 50L, `7` = 62L, 
    `8` = 46L, `9` = 44L, `10` = 47L, `11` = 37L, `12` = 46L, 
    `13` = 33L, `14` = 40L, `15` = 44L, `16` = 23L, `17` = 25L, 
    `18` = 20L, `19` = 20L, `20` = 24L, `21` = 10L, `22` = 16L, 
    `23` = 15L, `24` = 15L, `25` = 11L, `26` = 11L, `27` = 14L, 
    `28` = 9L, `29` = 8L, `30` = 9L, `31` = 8L, `32` = 3L, `33` = 1L, 
    `34` = 3L, `35` = 4L, `36` = 4L, `38` = 1L, `39` = 3L, `40` = 3L, 
    `41` = 2L, `42` = 1L, `43` = 1L, `46` = 3L, `48` = 1L, `53` = 1L
    ), .Dim = 45L, .Dimnames = structure(list(c("1", "2", "3", 
    "4", "5", "6", "7", "8", "9", "10", "11", "12", "13", "14", 
    "15", "16", "17", "18", "19", "20", "21", "22", "23", "24", 
    "25", "26", "27", "28", "29", "30", "31", "32", "33", "34", 
    "35", "36", "38", "39", "40", "41", "42", "43", "46", "48", 
    "53")), .Names = ""), class = "table"), No.Tag = structure(c(0L, 
    1L, 110L, 1L, 0L, 20L, 0L, 1L, 151L, 1L, 0L, 1L, 0L, 0L, 
    12L, 0L, 0L, 0L), .Dim = c(6L, 3L), .Dimnames = structure(list(
        c("-2", "-1", "0", "1", "2", NA), c("C", "T", NA)), .Names = c("", 
    "")), class = "table"), All.Tags = list(Concordant = list(
        Freqs = structure(c(0, 0, 366, 48, 1, 0, 0, 444, 0, 0
        ), .Dim = c(5L, 2L), .Dimnames = list(c("-2", "-1", "0", 
        "1", "2"), c("C", "T"))), N = 859), Majority = list(Freqs = structure(c(0, 
    0, 465, 84, 1, 0, 0, 541, 0, 0), .Dim = c(5L, 2L), .Dimnames = list(
        c("-2", "-1", "0", "1", "2"), c("C", "T"))), N = 1091)), 
    `2` = structure(c(0, 0, 389, 75, 1, 0, 0, 429, 0, 0), .Dim = c(5L, 
    2L), .Dimnames = list(c("-2", "-1", "0", "1", "2"), c("C", 
    "T"))))))
