Results <-
list(`bwaOutput/20210421msiMNRsJenny/1160_S140.sam` = list(GM14_SNP1 = list(
    All = list(Freqs = structure(c(0L, 0L, 1L, 0L, 0L, 0L, 0L, 
    0L, 23L, 0L, 0L, 0L, 194L, 457L, 5976L, 288L, 18L, 30L, 0L, 
    0L, 4L, 0L, 0L, 0L, 1L, 1L, 62L, 1L, 0L, 0L), .Dim = 6:5, .Dimnames = structure(list(
        c("-2", "-1", "0", "1", "2", NA), c("-", "A", "C", "T", 
        NA)), .Names = c("", "")), class = "table"), N = 7056L), 
    Tag.Distribution = structure(c(`1` = 86L, `2` = 11L, `3` = 16L, 
    `4` = 23L, `5` = 24L, `6` = 18L, `7` = 21L, `8` = 21L, `9` = 21L, 
    `10` = 16L, `11` = 19L, `12` = 21L, `13` = 13L, `14` = 17L, 
    `15` = 20L, `16` = 19L, `17` = 14L, `18` = 11L, `19` = 15L, 
    `20` = 20L, `21` = 20L, `22` = 10L, `23` = 11L, `24` = 11L, 
    `25` = 9L, `26` = 3L, `27` = 11L, `28` = 6L, `29` = 6L, `30` = 3L, 
    `31` = 4L, `32` = 3L, `33` = 2L, `34` = 3L, `35` = 1L, `37` = 5L, 
    `38` = 1L, `39` = 2L, `40` = 1L, `43` = 1L, `44` = 1L, `45` = 1L, 
    `49` = 1L, `53` = 1L), .Dim = 44L, .Dimnames = structure(list(
        c("1", "2", "3", "4", "5", "6", "7", "8", "9", "10", 
        "11", "12", "13", "14", "15", "16", "17", "18", "19", 
        "20", "21", "22", "23", "24", "25", "26", "27", "28", 
        "29", "30", "31", "32", "33", "34", "35", "37", "38", 
        "39", "40", "43", "44", "45", "49", "53")), .Names = ""), class = "table"), 
    No.Tag = structure(c(0L, 0L, 0L, 0L, 0L, 0L, 0L, 0L, 0L, 
    0L, 0L, 0L, 27L, 17L, 82L, 3L, 0L, 6L, 0L, 0L, 0L, 0L, 0L, 
    0L, 0L, 0L, 1L, 0L, 0L, 0L), .Dim = 6:5, .Dimnames = structure(list(
        c("-2", "-1", "0", "1", "2", NA), c("-", "A", "C", "T", 
        NA)), .Names = c("", "")), class = "table"), All.Tags = list(
        Concordant = list(Freqs = structure(c(0, 0, 0, 0, 0, 
        0, 0, 0, 0, 0, 10, 19, 296, 7, 1, 0, 0, 4, 0, 0), .Dim = 5:4, .Dimnames = list(
            c("-2", "-1", "0", "1", "2"), c("-", "A", "C", "T"
            ))), N = 337), Majority = list(Freqs = structure(c(0, 
        0, 0, 0, 0, 0, 0, 1, 0, 0, 11, 22, 479, 17, 2, 0, 0, 
        4, 0, 0), .Dim = 5:4, .Dimnames = list(c("-2", "-1", 
        "0", "1", "2"), c("-", "A", "C", "T"))), N = 536)), `2` = structure(c(0, 
    0, 0, 0, 0, 0, 0, 1, 0, 0, 9, 15, 414, 15, 1, 0, 0, 0, 0, 
    0), .Dim = 5:4, .Dimnames = list(c("-2", "-1", "0", "1", 
    "2"), c("-", "A", "C", "T"))))))
