Results <-
list(`bwaOutput/20210421msiMNRsJenny/1160_S140.sam` = list(IM16_SNP1 = list(
    All = list(Freqs = structure(c(18L, 346L, 1227L, 20L, 1L, 
    8L, 0L, 16L, 1526L, 21L, 0L, 0L, 0L, 3L, 42L, 1L, 0L, 0L), .Dim = c(6L, 
    3L), .Dimnames = structure(list(c("-2", "-1", "0", "1", "2", 
    NA), c("A", "G", NA)), .Names = c("", "")), class = "table"), 
        N = 3229L), Tag.Distribution = structure(c(`1` = 26L, 
    `2` = 12L, `3` = 4L, `4` = 9L, `5` = 6L, `6` = 18L, `7` = 12L, 
    `8` = 15L, `9` = 7L, `10` = 7L, `11` = 9L, `12` = 11L, `13` = 13L, 
    `14` = 9L, `15` = 7L, `16` = 10L, `17` = 13L, `18` = 4L, 
    `19` = 7L, `20` = 13L, `21` = 1L, `22` = 4L, `23` = 4L, `24` = 5L, 
    `25` = 3L, `26` = 5L, `27` = 4L, `29` = 5L, `30` = 3L, `32` = 2L, 
    `33` = 1L, `34` = 1L, `38` = 1L, `39` = 2L), .Dim = 34L, .Dimnames = structure(list(
        c("1", "2", "3", "4", "5", "6", "7", "8", "9", "10", 
        "11", "12", "13", "14", "15", "16", "17", "18", "19", 
        "20", "21", "22", "23", "24", "25", "26", "27", "29", 
        "30", "32", "33", "34", "38", "39")), .Names = ""), class = "table"), 
    No.Tag = structure(c(0L, 1L, 37L, 1L, 0L, 1L, 0L, 1L, 19L, 
    0L, 0L, 0L, 0L, 0L, 3L, 0L, 0L, 0L), .Dim = c(6L, 3L), .Dimnames = structure(list(
        c("-2", "-1", "0", "1", "2", NA), c("A", "G", NA)), .Names = c("", 
    "")), class = "table"), All.Tags = list(Concordant = list(
        Freqs = structure(c(2, 29, 72, 0, 0, 0, 0, 90, 1, 0), .Dim = c(5L, 
        2L), .Dimnames = list(c("-2", "-1", "0", "1", "2"), c("A", 
        "G"))), N = 194), Majority = list(Freqs = structure(c(2, 
    32, 94, 0, 0, 0, 0, 119, 1, 0), .Dim = c(5L, 2L), .Dimnames = list(
        c("-2", "-1", "0", "1", "2"), c("A", "G"))), N = 248)), 
    `2` = structure(c(1, 28, 88, 0, 0, 0, 0, 108, 0, 0), .Dim = c(5L, 
    2L), .Dimnames = list(c("-2", "-1", "0", "1", "2"), c("A", 
    "G"))))))
