Results <-
list(`bwaOutput/20210421msiMNRsJenny/1160_S140.sam` = list(LR24_SNP1 = list(
    All = list(Freqs = structure(c(0L, 0L, 1L, 0L, 0L, 0L, 254L, 
    3365L, 7L, 2L, 13L, 678L, 2627L, 13L, 8L, 0L, 1L, 0L, 0L, 
    0L, 0L, 1L, 26L, 2L, 0L), .Dim = c(5L, 5L), .Dimnames = structure(list(
        c("-2", "-1", "0", "1", NA), c("-", "A", "G", "T", NA
        )), .Names = c("", "")), class = "table"), N = 6998L), 
    Tag.Distribution = structure(c(`1` = 210L, `2` = 116L, `3` = 98L, 
    `4` = 90L, `5` = 80L, `6` = 55L, `7` = 61L, `8` = 40L, `9` = 55L, 
    `10` = 35L, `11` = 19L, `12` = 18L, `13` = 17L, `14` = 13L, 
    `15` = 16L, `16` = 14L, `17` = 10L, `18` = 14L, `19` = 6L, 
    `20` = 10L, `21` = 6L, `22` = 8L, `23` = 8L, `24` = 7L, `25` = 5L, 
    `26` = 6L, `27` = 3L, `28` = 2L, `30` = 2L, `31` = 1L, `32` = 2L, 
    `34` = 2L, `39` = 1L, `42` = 1L), .Dim = 34L, .Dimnames = structure(list(
        c("1", "2", "3", "4", "5", "6", "7", "8", "9", "10", 
        "11", "12", "13", "14", "15", "16", "17", "18", "19", 
        "20", "21", "22", "23", "24", "25", "26", "27", "28", 
        "30", "31", "32", "34", "39", "42")), .Names = ""), class = "table"), 
    No.Tag = structure(c(0L, 0L, 0L, 0L, 0L, 0L, 8L, 106L, 0L, 
    1L, 0L, 26L, 32L, 0L, 1L, 0L, 0L, 0L, 0L, 0L, 0L, 0L, 2L, 
    0L, 0L), .Dim = c(5L, 5L), .Dimnames = structure(list(c("-2", 
    "-1", "0", "1", NA), c("-", "A", "G", "T", NA)), .Names = c("", 
    "")), class = "table"), All.Tags = list(Concordant = list(
        Freqs = structure(c(0, 0, 0, 0, 0, 26, 446, 0, 3, 73, 
        338, 1, 0, 1, 0, 0), .Dim = c(4L, 4L), .Dimnames = list(
            c("-2", "-1", "0", "1"), c("-", "A", "G", "T"))), 
        N = 888), Majority = list(Freqs = structure(c(0, 0, 0, 
    0, 0, 30, 492, 0, 3, 87, 391, 1, 0, 1, 0, 0), .Dim = c(4L, 
    4L), .Dimnames = list(c("-2", "-1", "0", "1"), c("-", "A", 
    "G", "T"))), N = 1005)), `2` = structure(c(0, 0, 0, 0, 0, 
    26, 394, 0, 2, 72, 308, 0, 0, 0, 0, 0), .Dim = c(4L, 4L), .Dimnames = list(
        c("-2", "-1", "0", "1"), c("-", "A", "G", "T"))))))
