Results <-
list(`bwaOutput/20210421msiMNRsJenny/1160_S140.sam` = list(LR11_SNP1 = list(
    All = list(Freqs = structure(c(0L, 0L, 4L, 0L, 0L, 0L, 1L, 
    2L, 71L, 2389L, 226L, 11L, 1L, 9L, 0L, 1L, 56L, 9L, 0L, 0L, 
    0L), .Dim = c(7L, 3L), .Dimnames = structure(list(c("-2", 
    "-1", "0", "1", "2", "3", NA), c("A", "C", NA)), .Names = c("", 
    "")), class = "table"), N = 2780L), Tag.Distribution = structure(c(`1` = 42L, 
    `2` = 4L, `3` = 8L, `4` = 10L, `5` = 13L, `6` = 9L, `7` = 10L, 
    `8` = 12L, `9` = 4L, `10` = 10L, `11` = 10L, `12` = 7L, `13` = 8L, 
    `14` = 3L, `15` = 8L, `16` = 12L, `17` = 5L, `18` = 6L, `19` = 9L, 
    `20` = 6L, `21` = 1L, `22` = 6L, `23` = 4L, `24` = 4L, `25` = 4L, 
    `26` = 4L, `27` = 5L, `28` = 2L, `29` = 1L, `30` = 2L, `31` = 2L, 
    `32` = 1L, `37` = 1L, `40` = 1L, `41` = 1L), .Dim = 35L, .Dimnames = structure(list(
        c("1", "2", "3", "4", "5", "6", "7", "8", "9", "10", 
        "11", "12", "13", "14", "15", "16", "17", "18", "19", 
        "20", "21", "22", "23", "24", "25", "26", "27", "28", 
        "29", "30", "31", "32", "37", "40", "41")), .Names = ""), class = "table"), 
    No.Tag = structure(c(0L, 0L, 1L, 0L, 0L, 0L, 0L, 0L, 0L, 
    67L, 1L, 0L, 0L, 1L, 0L, 0L, 1L, 1L, 0L, 0L, 0L), .Dim = c(7L, 
    3L), .Dimnames = structure(list(c("-2", "-1", "0", "1", "2", 
    "3", NA), c("A", "C", NA)), .Names = c("", "")), class = "table"), 
    All.Tags = list(Concordant = list(Freqs = structure(c(0, 
    0, 3, 0, 0, 0, 0, 4, 133, 18, 0, 0), .Dim = c(6L, 2L), .Dimnames = list(
        c("-2", "-1", "0", "1", "2", "3"), c("A", "C"))), N = 158), 
        Majority = list(Freqs = structure(c(0, 0, 3, 0, 0, 0, 
        0, 5, 198, 25, 1, 0), .Dim = c(6L, 2L), .Dimnames = list(
            c("-2", "-1", "0", "1", "2", "3"), c("A", "C"))), 
            N = 232)), `2` = structure(c(0, 0, 0, 0, 0, 0, 0, 
    3, 169, 20, 1, 0), .Dim = c(6L, 2L), .Dimnames = list(c("-2", 
    "-1", "0", "1", "2", "3"), c("A", "C"))))))
