Results <-
list(`bwaOutput/20210421msiMNRsJenny/1160_S140.sam` = list(LR48_SNP1 = list(
    All = list(Freqs = structure(c(0L, 0L, 1L, 0L, 0L, 0L, 1L, 
    84L, 1774L, 27L, 0L, 7L, 21L, 665L, 1505L, 30L, 1L, 10L, 
    0L, 5L, 63L, 1L, 1L, 0L), .Dim = c(6L, 4L), .Dimnames = structure(list(
        c("-2", "-1", "0", "1", "2", NA), c("A", "C", "T", NA
        )), .Names = c("", "")), class = "table"), N = 4196L), 
    Tag.Distribution = structure(c(`1` = 45L, `2` = 4L, `3` = 6L, 
    `4` = 6L, `5` = 8L, `6` = 8L, `7` = 8L, `8` = 13L, `9` = 8L, 
    `10` = 12L, `11` = 8L, `12` = 6L, `13` = 6L, `14` = 9L, `15` = 6L, 
    `16` = 5L, `17` = 10L, `18` = 11L, `19` = 6L, `20` = 9L, 
    `21` = 10L, `22` = 5L, `23` = 5L, `24` = 7L, `25` = 3L, `26` = 10L, 
    `27` = 13L, `28` = 10L, `29` = 2L, `32` = 1L, `33` = 3L, 
    `34` = 3L, `35` = 2L, `36` = 1L, `37` = 3L, `38` = 1L, `40` = 1L, 
    `41` = 1L, `42` = 1L, `45` = 1L, `51` = 1L, `57` = 1L), .Dim = 42L, .Dimnames = structure(list(
        c("1", "2", "3", "4", "5", "6", "7", "8", "9", "10", 
        "11", "12", "13", "14", "15", "16", "17", "18", "19", 
        "20", "21", "22", "23", "24", "25", "26", "27", "28", 
        "29", "32", "33", "34", "35", "36", "37", "38", "40", 
        "41", "42", "45", "51", "57")), .Names = ""), class = "table"), 
    No.Tag = structure(c(0L, 0L, 0L, 0L, 0L, 0L, 0L, 6L, 36L, 
    0L, 0L, 0L, 0L, 5L, 18L, 0L, 0L, 0L, 0L, 0L, 9L, 0L, 0L, 
    0L), .Dim = c(6L, 4L), .Dimnames = structure(list(c("-2", 
    "-1", "0", "1", "2", NA), c("A", "C", "T", NA)), .Names = c("", 
    "")), class = "table"), All.Tags = list(Concordant = list(
        Freqs = structure(c(0, 0, 0, 0, 0, 0, 2, 59, 0, 0, 0, 
        21, 66, 0, 0), .Dim = c(5L, 3L), .Dimnames = list(c("-2", 
        "-1", "0", "1", "2"), c("A", "C", "T"))), N = 148), Majority = list(
        Freqs = structure(c(0, 0, 0, 0, 0, 0, 2, 112, 0, 0, 0, 
        36, 116, 0, 0), .Dim = c(5L, 3L), .Dimnames = list(c("-2", 
        "-1", "0", "1", "2"), c("A", "C", "T"))), N = 266)), 
    `2` = structure(c(0, 0, 0, 0, 0, 0, 1, 102, 0, 0, 0, 32, 
    97, 0, 0), .Dim = c(5L, 3L), .Dimnames = list(c("-2", "-1", 
    "0", "1", "2"), c("A", "C", "T"))))))
