Results <-
list(`bwaOutput/20210421msiMNRsJenny/1160_S140.sam` = list(LR44_SNP1 = list(
    All = list(Freqs = structure(c(0L, 0L, 0L, 12L, 39L, 2L, 
    0L, 0L, 1L, 2L, 103L, 829L, 3646L, 58L, 1L, 13L, 0L, 0L, 
    0L, 0L, 13L, 0L, 0L, 0L, 0L, 0L, 0L, 3L, 66L, 2L, 11L, 1L, 
    0L, 1L, 2L, 11L, 116L, 1L, 0L, 0L), .Dim = c(8L, 5L), .Dimnames = structure(list(
        c("-4", "-3", "-2", "-1", "0", "1", "2", NA), c("A", 
        "C", "G", "T", NA)), .Names = c("", "")), class = "table"), 
        N = 4933L), Tag.Distribution = structure(c(`1` = 53L, 
    `2` = 12L, `3` = 14L, `4` = 12L, `5` = 14L, `6` = 16L, `7` = 22L, 
    `8` = 19L, `9` = 19L, `10` = 13L, `11` = 20L, `12` = 17L, 
    `13` = 11L, `14` = 11L, `15` = 9L, `16` = 17L, `17` = 12L, 
    `18` = 6L, `19` = 9L, `20` = 11L, `21` = 15L, `22` = 11L, 
    `23` = 3L, `24` = 5L, `25` = 3L, `26` = 4L, `27` = 6L, `28` = 2L, 
    `29` = 7L, `30` = 8L, `31` = 2L, `32` = 2L, `33` = 2L, `34` = 1L, 
    `35` = 2L, `38` = 2L, `46` = 1L, `51` = 1L), .Dim = 38L, .Dimnames = structure(list(
        c("1", "2", "3", "4", "5", "6", "7", "8", "9", "10", 
        "11", "12", "13", "14", "15", "16", "17", "18", "19", 
        "20", "21", "22", "23", "24", "25", "26", "27", "28", 
        "29", "30", "31", "32", "33", "34", "35", "38", "46", 
        "51")), .Names = ""), class = "table"), No.Tag = structure(c(0L, 
    0L, 0L, 0L, 0L, 0L, 0L, 0L, 0L, 0L, 9L, 6L, 73L, 0L, 0L, 
    0L, 0L, 0L, 0L, 0L, 0L, 0L, 0L, 0L, 0L, 0L, 0L, 0L, 0L, 0L, 
    0L, 0L, 0L, 0L, 0L, 0L, 19L, 0L, 0L, 0L), .Dim = c(8L, 5L
    ), .Dimnames = structure(list(c("-4", "-3", "-2", "-1", "0", 
    "1", "2", NA), c("A", "C", "G", "T", NA)), .Names = c("", 
    "")), class = "table"), All.Tags = list(Concordant = list(
        Freqs = structure(c(0, 0, 0, 1, 0, 0, 0, 0, 0, 2, 33, 
        132, 2, 0, 0, 0, 0, 0, 0, 0, 0, 0, 0, 0, 0, 7, 0, 1), .Dim = c(7L, 
        4L), .Dimnames = list(c("-4", "-3", "-2", "-1", "0", 
        "1", "2"), c("A", "C", "G", "T"))), N = 178), Majority = list(
        Freqs = structure(c(0, 0, 0, 1, 2, 0, 0, 0, 0, 4, 54, 
        310, 2, 0, 0, 0, 0, 0, 0, 0, 0, 0, 0, 0, 0, 9, 0, 1), .Dim = c(7L, 
        4L), .Dimnames = list(c("-4", "-3", "-2", "-1", "0", 
        "1", "2"), c("A", "C", "G", "T"))), N = 383)), `2` = structure(c(0, 
    0, 0, 1, 2, 0, 0, 0, 0, 4, 44, 281, 0, 0, 0, 0, 0, 0, 0, 
    0, 0, 0, 0, 0, 0, 4, 0, 1), .Dim = c(7L, 4L), .Dimnames = list(
        c("-4", "-3", "-2", "-1", "0", "1", "2"), c("A", "C", 
        "G", "T"))))))
