Results <-
list(`bwaOutput/20210421msiMNRsJenny/1160_S140.sam` = list(GM11_SNP1 = list(
    All = list(Freqs = structure(c(6L, 1164L, 1L, 1L, 104L, 1339L, 
    7L, 1L, 0L, 17L, 1L, 0L), .Dim = 4:3, .Dimnames = structure(list(
        c("-1", "0", "1", NA), c("A", "G", NA)), .Names = c("", 
    "")), class = "table"), N = 2641L), Tag.Distribution = structure(c(`1` = 28L, 
    `2` = 2L, `3` = 5L, `4` = 4L, `5` = 6L, `6` = 4L, `7` = 10L, 
    `8` = 10L, `9` = 3L, `10` = 4L, `11` = 8L, `12` = 10L, `13` = 8L, 
    `14` = 11L, `15` = 8L, `16` = 7L, `17` = 6L, `18` = 6L, `19` = 2L, 
    `20` = 3L, `21` = 1L, `22` = 5L, `23` = 5L, `24` = 6L, `25` = 4L, 
    `26` = 4L, `27` = 7L, `28` = 1L, `29` = 5L, `30` = 1L, `31` = 2L, 
    `32` = 1L, `33` = 1L, `35` = 2L, `41` = 1L, `50` = 1L), .Dim = 36L, .Dimnames = structure(list(
        c("1", "2", "3", "4", "5", "6", "7", "8", "9", "10", 
        "11", "12", "13", "14", "15", "16", "17", "18", "19", 
        "20", "21", "22", "23", "24", "25", "26", "27", "28", 
        "29", "30", "31", "32", "33", "35", "41", "50")), .Names = ""), class = "table"), 
    No.Tag = structure(c(0L, 22L, 0L, 0L, 0L, 4L, 0L, 0L, 0L, 
    1L, 0L, 0L), .Dim = 4:3, .Dimnames = structure(list(c("-1", 
    "0", "1", NA), c("A", "G", NA)), .Names = c("", "")), class = "table"), 
    All.Tags = list(Concordant = list(Freqs = structure(c(0, 
    79, 0, 8, 76, 0), .Dim = 3:2, .Dimnames = list(c("-1", "0", 
    "1"), c("A", "G"))), N = 163), Majority = list(Freqs = structure(c(0, 
    87, 0, 8, 92, 0), .Dim = 3:2, .Dimnames = list(c("-1", "0", 
    "1"), c("A", "G"))), N = 187)), `2` = structure(c(0, 74, 
    0, 7, 83, 0), .Dim = 3:2, .Dimnames = list(c("-1", "0", "1"
    ), c("A", "G"))))))
