Results <-
list(`bwaOutput/20210421msiMNRsJenny/1160_S140.sam` = list(GM01_SNP1 = list(
    All = list(Freqs = structure(c(1L, 128L, 6246L, 31L, 1L, 
    7L, 0L, 1L, 3L, 0L, 0L, 0L, 0L, 1L, 70L, 1L, 0L, 0L), .Dim = c(6L, 
    3L), .Dimnames = structure(list(c("-2", "-1", "0", "1", "2", 
    NA), c("A", "G", NA)), .Names = c("", "")), class = "table"), 
        N = 6490L), Tag.Distribution = structure(c(`1` = 71L, 
    `2` = 10L, `3` = 21L, `4` = 10L, `5` = 16L, `6` = 16L, `7` = 27L, 
    `8` = 24L, `9` = 11L, `10` = 16L, `11` = 17L, `12` = 13L, 
    `13` = 25L, `14` = 22L, `15` = 14L, `16` = 12L, `17` = 21L, 
    `18` = 13L, `19` = 19L, `20` = 13L, `21` = 12L, `22` = 13L, 
    `23` = 7L, `24` = 12L, `25` = 2L, `26` = 7L, `27` = 6L, `28` = 8L, 
    `29` = 8L, `30` = 4L, `31` = 6L, `32` = 4L, `33` = 3L, `34` = 1L, 
    `35` = 2L, `37` = 1L, `39` = 1L, `41` = 1L, `42` = 2L, `44` = 1L, 
    `46` = 1L, `48` = 1L), .Dim = 42L, .Dimnames = structure(list(
        c("1", "2", "3", "4", "5", "6", "7", "8", "9", "10", 
        "11", "12", "13", "14", "15", "16", "17", "18", "19", 
        "20", "21", "22", "23", "24", "25", "26", "27", "28", 
        "29", "30", "31", "32", "33", "34", "35", "37", "39", 
        "41", "42", "44", "46", "48")), .Names = ""), class = "table"), 
    No.Tag = structure(c(0L, 3L, 72L, 0L, 0L, 0L, 0L, 0L, 0L, 
    0L, 0L, 0L, 0L, 0L, 2L, 0L, 0L, 0L), .Dim = c(6L, 3L), .Dimnames = structure(list(
        c("-2", "-1", "0", "1", "2", NA), c("A", "G", NA)), .Names = c("", 
    "")), class = "table"), All.Tags = list(Concordant = list(
        Freqs = structure(c(0, 1, 360, 0, 0, 0, 1, 2, 0, 0), .Dim = c(5L, 
        2L), .Dimnames = list(c("-2", "-1", "0", "1", "2"), c("A", 
        "G"))), N = 364), Majority = list(Freqs = structure(c(0, 
    1, 480, 0, 0, 0, 1, 2, 0, 0), .Dim = c(5L, 2L), .Dimnames = list(
        c("-2", "-1", "0", "1", "2"), c("A", "G"))), N = 484)), 
    `2` = structure(c(0, 0, 423, 0, 0, 0, 0, 0, 0, 0), .Dim = c(5L, 
    2L), .Dimnames = list(c("-2", "-1", "0", "1", "2"), c("A", 
    "G"))))))
