Results <-
list(`bwaOutput/20210421msiMNRsJenny/1160_S140.sam` = list(LR40_SNP1 = list(
    All = list(Freqs = structure(c(61L, 2001L, 8L, 4L, 0L, 1L, 
    0L, 0L, 0L, 10L, 0L, 0L), .Dim = 4:3, .Dimnames = structure(list(
        c("-1", "0", "1", NA), c("C", "T", NA)), .Names = c("", 
    "")), class = "table"), N = 2085L), Tag.Distribution = structure(c(`1` = 33L, 
    `2` = 7L, `3` = 7L, `4` = 9L, `5` = 8L, `6` = 10L, `7` = 9L, 
    `8` = 8L, `9` = 9L, `10` = 4L, `11` = 16L, `12` = 9L, `13` = 11L, 
    `14` = 8L, `15` = 4L, `16` = 5L, `17` = 4L, `18` = 2L, `19` = 1L, 
    `20` = 3L, `21` = 2L, `22` = 1L, `23` = 6L, `24` = 6L, `25` = 1L, 
    `26` = 2L, `27` = 1L, `28` = 2L, `29` = 3L, `30` = 1L, `33` = 1L, 
    `34` = 2L, `35` = 1L), .Dim = 33L, .Dimnames = structure(list(
        c("1", "2", "3", "4", "5", "6", "7", "8", "9", "10", 
        "11", "12", "13", "14", "15", "16", "17", "18", "19", 
        "20", "21", "22", "23", "24", "25", "26", "27", "28", 
        "29", "30", "33", "34", "35")), .Names = ""), class = "table"), 
    No.Tag = structure(c(2L, 10L, 0L, 0L, 0L, 0L, 0L, 0L, 0L, 
    0L, 0L, 0L), .Dim = 4:3, .Dimnames = structure(list(c("-1", 
    "0", "1", NA), c("C", "T", NA)), .Names = c("", "")), class = "table"), 
    All.Tags = list(Concordant = list(Freqs = structure(c(4, 
    162, 0, 0, 0, 0), .Dim = 3:2, .Dimnames = list(c("-1", "0", 
    "1"), c("C", "T"))), N = 166), Majority = list(Freqs = structure(c(4, 
    191, 0, 0, 0, 0), .Dim = 3:2, .Dimnames = list(c("-1", "0", 
    "1"), c("C", "T"))), N = 195)), `2` = structure(c(3, 160, 
    0, 0, 0, 0), .Dim = 3:2, .Dimnames = list(c("-1", "0", "1"
    ), c("C", "T"))))))
