Results <-
list(`bwaOutput/20210421msiMNRsJenny/1160_S140.sam` = list(LR49_SNP1 = list(
    All = list(Freqs = structure(c(0L, 29L, 0L, 0L, 44L, 6090L, 
    1L, 4L, 0L, 39L, 0L, 0L), .Dim = 4:3, .Dimnames = structure(list(
        c("-1", "0", "1", NA), c("A", "G", NA)), .Names = c("", 
    "")), class = "table"), N = 6207L), Tag.Distribution = structure(c(`1` = 110L, 
    `2` = 37L, `3` = 35L, `4` = 46L, `5` = 40L, `6` = 33L, `7` = 37L, 
    `8` = 27L, `9` = 33L, `10` = 26L, `11` = 28L, `12` = 19L, 
    `13` = 23L, `14` = 11L, `15` = 12L, `16` = 13L, `17` = 8L, 
    `18` = 14L, `19` = 8L, `20` = 10L, `21` = 10L, `22` = 12L, 
    `23` = 4L, `24` = 8L, `25` = 8L, `26` = 1L, `27` = 2L, `28` = 4L, 
    `29` = 6L, `30` = 2L, `31` = 3L, `32` = 1L, `33` = 2L, `34` = 5L, 
    `35` = 2L, `36` = 1L, `37` = 1L, `39` = 1L, `61` = 1L), .Dim = 39L, .Dimnames = structure(list(
        c("1", "2", "3", "4", "5", "6", "7", "8", "9", "10", 
        "11", "12", "13", "14", "15", "16", "17", "18", "19", 
        "20", "21", "22", "23", "24", "25", "26", "27", "28", 
        "29", "30", "31", "32", "33", "34", "35", "36", "37", 
        "39", "61")), .Names = ""), class = "table"), No.Tag = structure(c(0L, 
    0L, 0L, 0L, 0L, 192L, 0L, 0L, 0L, 7L, 0L, 0L), .Dim = 4:3, .Dimnames = structure(list(
        c("-1", "0", "1", NA), c("A", "G", NA)), .Names = c("", 
    "")), class = "table"), All.Tags = list(Concordant = list(
        Freqs = structure(c(0, 6, 0, 3, 613, 0), .Dim = 3:2, .Dimnames = list(
            c("-1", "0", "1"), c("A", "G"))), N = 622), Majority = list(
        Freqs = structure(c(0, 6, 0, 4, 629, 0), .Dim = 3:2, .Dimnames = list(
            c("-1", "0", "1"), c("A", "G"))), N = 639)), `2` = structure(c(0, 
    1, 0, 2, 531, 0), .Dim = 3:2, .Dimnames = list(c("-1", "0", 
    "1"), c("A", "G"))))))
