Results <-
list(`bwaOutput/20210421msiMNRsJenny/1160_S140.sam` = list(LR20_SNP1 = list(
    All = list(Freqs = structure(c(0L, 2L, 0L, 0L, 435L, 2005L, 
    7L, 9L, 4L, 2445L, 6L, 1L, 0L, 1L, 0L, 0L, 2L, 22L, 0L, 0L
    ), .Dim = 4:5, .Dimnames = structure(list(c("-1", "0", "1", 
    NA), c("-", "A", "G", "T", NA)), .Names = c("", "")), class = "table"), 
        N = 4939L), Tag.Distribution = structure(c(`1` = 61L, 
    `2` = 20L, `3` = 20L, `4` = 23L, `5` = 16L, `6` = 25L, `7` = 25L, 
    `8` = 18L, `9` = 22L, `10` = 14L, `11` = 18L, `12` = 21L, 
    `13` = 11L, `14` = 11L, `15` = 10L, `16` = 9L, `17` = 8L, 
    `18` = 8L, `19` = 16L, `20` = 12L, `21` = 9L, `22` = 2L, 
    `23` = 6L, `24` = 7L, `25` = 3L, `26` = 6L, `27` = 2L, `28` = 7L, 
    `29` = 1L, `30` = 5L, `31` = 5L, `32` = 3L, `33` = 3L, `37` = 2L, 
    `39` = 2L, `47` = 1L), .Dim = 36L, .Dimnames = structure(list(
        c("1", "2", "3", "4", "5", "6", "7", "8", "9", "10", 
        "11", "12", "13", "14", "15", "16", "17", "18", "19", 
        "20", "21", "22", "23", "24", "25", "26", "27", "28", 
        "29", "30", "31", "32", "33", "37", "39", "47")), .Names = ""), class = "table"), 
    No.Tag = structure(c(0L, 0L, 0L, 0L, 19L, 54L, 0L, 3L, 0L, 
    105L, 0L, 1L, 0L, 0L, 0L, 0L, 0L, 4L, 0L, 0L), .Dim = 4:5, .Dimnames = structure(list(
        c("-1", "0", "1", NA), c("-", "A", "G", "T", NA)), .Names = c("", 
    "")), class = "table"), All.Tags = list(Concordant = list(
        Freqs = structure(c(0, 0, 0, 34, 147, 0, 0, 201, 0, 0, 
        0, 0), .Dim = 3:4, .Dimnames = list(c("-1", "0", "1"), 
            c("-", "A", "G", "T"))), N = 382), Majority = list(
        Freqs = structure(c(0, 0, 0, 36, 171, 0, 0, 222, 0, 0, 
        0, 0), .Dim = 3:4, .Dimnames = list(c("-1", "0", "1"), 
            c("-", "A", "G", "T"))), N = 429)), `2` = structure(c(0, 
    0, 0, 32, 146, 0, 0, 193, 0, 0, 0, 0), .Dim = 3:4, .Dimnames = list(
        c("-1", "0", "1"), c("-", "A", "G", "T"))))))
