Results <-
list(`bwaOutput/20210421msiMNRsJenny/1160_S140.sam` = list(LR52_SNP1 = list(
    All = list(Freqs = structure(c(3L, 93L, 310L, 575L, 8L, 1L, 
    26L, 0L, 21L, 239L, 895L, 12L, 0L, 15L, 0L, 1L, 23L, 222L, 
    2L, 0L, 0L), .Dim = c(7L, 3L), .Dimnames = structure(list(
        c("-3", "-2", "-1", "0", "1", "2", NA), c("C", "T", NA
        )), .Names = c("", "")), class = "table"), N = 2446L), 
    Tag.Distribution = structure(c(`1` = 15L, `2` = 6L, `3` = 11L, 
    `4` = 7L, `5` = 4L, `6` = 7L, `7` = 4L, `8` = 8L, `9` = 9L, 
    `10` = 6L, `11` = 10L, `12` = 10L, `13` = 6L, `14` = 8L, 
    `15` = 8L, `16` = 11L, `17` = 7L, `18` = 8L, `19` = 5L, `20` = 5L, 
    `21` = 2L, `22` = 1L, `23` = 4L, `24` = 5L, `25` = 5L, `26` = 2L, 
    `27` = 1L, `28` = 1L, `29` = 4L, `33` = 1L, `34` = 1L, `35` = 1L, 
    `40` = 1L, `46` = 1L), .Dim = 34L, .Dimnames = structure(list(
        c("1", "2", "3", "4", "5", "6", "7", "8", "9", "10", 
        "11", "12", "13", "14", "15", "16", "17", "18", "19", 
        "20", "21", "22", "23", "24", "25", "26", "27", "28", 
        "29", "33", "34", "35", "40", "46")), .Names = ""), class = "table"), 
    No.Tag = structure(c(0L, 2L, 8L, 4L, 0L, 0L, 1L, 0L, 1L, 
    5L, 46L, 2L, 0L, 1L, 0L, 0L, 1L, 6L, 0L, 0L, 0L), .Dim = c(7L, 
    3L), .Dimnames = structure(list(c("-3", "-2", "-1", "0", 
    "1", "2", NA), c("C", "T", NA)), .Names = c("", "")), class = "table"), 
    All.Tags = list(Concordant = list(Freqs = structure(c(0, 
    3, 6, 19, 0, 0, 0, 0, 4, 31, 1, 0), .Dim = c(6L, 2L), .Dimnames = list(
        c("-3", "-2", "-1", "0", "1", "2"), c("C", "T"))), N = 64), 
        Majority = list(Freqs = structure(c(0, 4, 19, 61, 0, 
        0, 0, 0, 13, 77, 1, 0), .Dim = c(6L, 2L), .Dimnames = list(
            c("-3", "-2", "-1", "0", "1", "2"), c("C", "T"))), 
            N = 175)), `2` = structure(c(0, 3, 18, 61, 0, 0, 
    0, 0, 13, 72, 0, 0), .Dim = c(6L, 2L), .Dimnames = list(c("-3", 
    "-2", "-1", "0", "1", "2"), c("C", "T"))))))
