Results <-
list(`bwaOutput/20210421msiMNRsJenny/1160_S140.sam` = list(GM17_SNP1 = list(
    All = list(Freqs = structure(c(0L, 0L, 3L, 0L, 0L, 0L, 0L, 
    3L, 0L, 0L, 8L, 1944L, 6076L, 29L, 17L, 0L, 5L, 35L, 0L, 
    0L), .Dim = 5:4, .Dimnames = structure(list(c("-2", "-1", 
    "0", "1", NA), c("A", "C", "T", NA)), .Names = c("", "")), class = "table"), 
        N = 8120L), Tag.Distribution = structure(c(`1` = 92L, 
    `2` = 20L, `3` = 25L, `4` = 17L, `5` = 36L, `6` = 17L, `7` = 36L, 
    `8` = 23L, `9` = 27L, `10` = 23L, `11` = 20L, `12` = 14L, 
    `13` = 20L, `14` = 18L, `15` = 15L, `16` = 15L, `17` = 14L, 
    `18` = 22L, `19` = 18L, `20` = 19L, `21` = 18L, `22` = 11L, 
    `23` = 10L, `24` = 7L, `25` = 16L, `26` = 10L, `27` = 8L, 
    `28` = 6L, `29` = 6L, `30` = 8L, `31` = 6L, `32` = 7L, `33` = 3L, 
    `34` = 2L, `35` = 3L, `36` = 5L, `38` = 2L, `39` = 2L, `40` = 1L, 
    `41` = 1L, `42` = 1L, `43` = 1L, `44` = 1L, `47` = 2L), .Dim = 44L, .Dimnames = structure(list(
        c("1", "2", "3", "4", "5", "6", "7", "8", "9", "10", 
        "11", "12", "13", "14", "15", "16", "17", "18", "19", 
        "20", "21", "22", "23", "24", "25", "26", "27", "28", 
        "29", "30", "31", "32", "33", "34", "35", "36", "38", 
        "39", "40", "41", "42", "43", "44", "47")), .Names = ""), class = "table"), 
    No.Tag = structure(c(0L, 0L, 0L, 0L, 0L, 0L, 0L, 0L, 0L, 
    0L, 0L, 33L, 94L, 0L, 5L, 0L, 1L, 4L, 0L, 0L), .Dim = 5:4, .Dimnames = structure(list(
        c("-2", "-1", "0", "1", NA), c("A", "C", "T", NA)), .Names = c("", 
    "")), class = "table"), All.Tags = list(Concordant = list(
        Freqs = structure(c(0, 0, 0, 0, 0, 0, 1, 0, 0, 118, 387, 
        1), .Dim = 4:3, .Dimnames = list(c("-2", "-1", "0", "1"
        ), c("A", "C", "T"))), N = 507), Majority = list(Freqs = structure(c(0, 
    0, 0, 0, 0, 0, 1, 0, 0, 141, 473, 2), .Dim = 4:3, .Dimnames = list(
        c("-2", "-1", "0", "1"), c("A", "C", "T"))), N = 617)), 
    `2` = structure(c(0, 0, 0, 0, 0, 0, 0, 0, 0, 123, 409, 1), .Dim = 4:3, .Dimnames = list(
        c("-2", "-1", "0", "1"), c("A", "C", "T"))))))
