Results <-
list(`bwaOutput/20210421msiMNRsJenny/1160_S140.sam` = list(LR46_SNP1 = list(
    All = list(Freqs = structure(c(21L, 1863L, 10L, 3L, 413L, 
    1518L, 3L, 10L, 2L, 21L, 0L, 0L), .Dim = 4:3, .Dimnames = structure(list(
        c("-1", "0", "1", NA), c("G", "T", NA)), .Names = c("", 
    "")), class = "table"), N = 3864L), Tag.Distribution = structure(c(`1` = 50L, 
    `2` = 8L, `3` = 16L, `4` = 9L, `5` = 8L, `6` = 8L, `7` = 15L, 
    `8` = 12L, `9` = 10L, `10` = 10L, `11` = 7L, `12` = 13L, 
    `13` = 8L, `14` = 10L, `15` = 10L, `16` = 12L, `17` = 9L, 
    `18` = 6L, `19` = 9L, `20` = 16L, `21` = 7L, `22` = 8L, `23` = 5L, 
    `24` = 3L, `25` = 5L, `26` = 9L, `27` = 3L, `28` = 1L, `29` = 2L, 
    `30` = 4L, `31` = 4L, `32` = 3L, `34` = 2L, `35` = 1L, `36` = 1L, 
    `37` = 1L, `39` = 1L, `41` = 1L), .Dim = 38L, .Dimnames = structure(list(
        c("1", "2", "3", "4", "5", "6", "7", "8", "9", "10", 
        "11", "12", "13", "14", "15", "16", "17", "18", "19", 
        "20", "21", "22", "23", "24", "25", "26", "27", "28", 
        "29", "30", "31", "32", "34", "35", "36", "37", "39", 
        "41")), .Names = ""), class = "table"), No.Tag = structure(c(0L, 
    14L, 0L, 0L, 4L, 11L, 0L, 0L, 1L, 2L, 0L, 0L), .Dim = 4:3, .Dimnames = structure(list(
        c("-1", "0", "1", NA), c("G", "T", NA)), .Names = c("", 
    "")), class = "table"), All.Tags = list(Concordant = list(
        Freqs = structure(c(2, 131, 0, 31, 110, 0), .Dim = 3:2, .Dimnames = list(
            c("-1", "0", "1"), c("G", "T"))), N = 274), Majority = list(
        Freqs = structure(c(2, 148, 0, 35, 120, 0), .Dim = 3:2, .Dimnames = list(
            c("-1", "0", "1"), c("G", "T"))), N = 305)), `2` = structure(c(1, 
    126, 0, 30, 100, 0), .Dim = 3:2, .Dimnames = list(c("-1", 
    "0", "1"), c("G", "T"))))))
