Results <-
list(`bwaOutput/20210421msiMNRsJenny/1160_S140.sam` = list(LR10_SNP1 = list(
    All = list(Freqs = structure(c(0L, 0L, 7L, 0L, 0L, 3L, 470L, 
    4289L, 70L, 8L, 0L, 1L, 39L, 6L, 0L), .Dim = c(5L, 3L), .Dimnames = structure(list(
        c("-2", "-1", "0", "1", NA), c("C", "T", NA)), .Names = c("", 
    "")), class = "table"), N = 4893L), Tag.Distribution = structure(c(`1` = 61L, 
    `2` = 11L, `3` = 11L, `4` = 11L, `5` = 21L, `6` = 13L, `7` = 13L, 
    `8` = 10L, `9` = 12L, `10` = 13L, `11` = 10L, `12` = 13L, 
    `13` = 15L, `14` = 14L, `15` = 8L, `16` = 14L, `17` = 10L, 
    `18` = 12L, `19` = 16L, `20` = 7L, `21` = 11L, `22` = 8L, 
    `23` = 7L, `24` = 6L, `25` = 5L, `26` = 3L, `27` = 5L, `28` = 5L, 
    `29` = 6L, `30` = 4L, `31` = 6L, `32` = 1L, `33` = 3L, `34` = 4L, 
    `35` = 3L, `36` = 3L, `40` = 1L, `45` = 1L), .Dim = 38L, .Dimnames = structure(list(
        c("1", "2", "3", "4", "5", "6", "7", "8", "9", "10", 
        "11", "12", "13", "14", "15", "16", "17", "18", "19", 
        "20", "21", "22", "23", "24", "25", "26", "27", "28", 
        "29", "30", "31", "32", "33", "34", "35", "36", "40", 
        "45")), .Names = ""), class = "table"), No.Tag = structure(c(0L, 
    0L, 2L, 0L, 0L, 0L, 5L, 64L, 2L, 0L, 0L, 0L, 2L, 0L, 0L), .Dim = c(5L, 
    3L), .Dimnames = structure(list(c("-2", "-1", "0", "1", NA
    ), c("C", "T", NA)), .Names = c("", "")), class = "table"), 
    All.Tags = list(Concordant = list(Freqs = structure(c(0, 
    0, 3, 0, 0, 32, 246, 1), .Dim = c(4L, 2L), .Dimnames = list(
        c("-2", "-1", "0", "1"), c("C", "T"))), N = 282), Majority = list(
        Freqs = structure(c(0, 0, 3, 0, 0, 38, 323, 4), .Dim = c(4L, 
        2L), .Dimnames = list(c("-2", "-1", "0", "1"), c("C", 
        "T"))), N = 368)), `2` = structure(c(0, 0, 0, 0, 0, 30, 
    282, 4), .Dim = c(4L, 2L), .Dimnames = list(c("-2", "-1", 
    "0", "1"), c("C", "T"))))))
