Results <-
list(`bwaOutput/20210421msiMNRsJenny/1160_S140.sam` = list(GM09_SNP1 = list(
    All = list(Freqs = structure(c(1L, 6L, 0L, 0L, 111L, 8378L, 
    9L, 4L, 1L, 61L, 0L, 0L), .Dim = 4:3, .Dimnames = structure(list(
        c("-1", "0", "1", NA), c("A", "G", NA)), .Names = c("", 
    "")), class = "table"), N = 8571L), Tag.Distribution = structure(c(`1` = 114L, 
    `2` = 16L, `3` = 23L, `4` = 28L, `5` = 24L, `6` = 31L, `7` = 26L, 
    `8` = 20L, `9` = 32L, `10` = 20L, `11` = 22L, `12` = 18L, 
    `13` = 18L, `14` = 25L, `15` = 18L, `16` = 14L, `17` = 13L, 
    `18` = 21L, `19` = 13L, `20` = 22L, `21` = 13L, `22` = 13L, 
    `23` = 14L, `24` = 4L, `25` = 8L, `26` = 7L, `27` = 13L, 
    `28` = 11L, `29` = 10L, `30` = 10L, `31` = 7L, `33` = 5L, 
    `34` = 3L, `35` = 5L, `36` = 3L, `37` = 1L, `39` = 1L, `40` = 1L, 
    `41` = 1L, `43` = 2L, `44` = 1L, `45` = 2L, `46` = 1L, `47` = 1L, 
    `49` = 1L, `53` = 1L, `54` = 2L, `57` = 1L, `60` = 1L), .Dim = 49L, .Dimnames = structure(list(
        c("1", "2", "3", "4", "5", "6", "7", "8", "9", "10", 
        "11", "12", "13", "14", "15", "16", "17", "18", "19", 
        "20", "21", "22", "23", "24", "25", "26", "27", "28", 
        "29", "30", "31", "33", "34", "35", "36", "37", "39", 
        "40", "41", "43", "44", "45", "46", "47", "49", "53", 
        "54", "57", "60")), .Names = ""), class = "table"), No.Tag = structure(c(0L, 
    0L, 0L, 0L, 2L, 109L, 0L, 1L, 0L, 2L, 0L, 0L), .Dim = 4:3, .Dimnames = structure(list(
        c("-1", "0", "1", NA), c("A", "G", NA)), .Names = c("", 
    "")), class = "table"), All.Tags = list(Concordant = list(
        Freqs = structure(c(1, 5, 0, 1, 583, 0), .Dim = 3:2, .Dimnames = list(
            c("-1", "0", "1"), c("A", "G"))), N = 590), Majority = list(
        Freqs = structure(c(1, 5, 0, 3, 636, 0), .Dim = 3:2, .Dimnames = list(
            c("-1", "0", "1"), c("A", "G"))), N = 645)), `2` = structure(c(0, 
    0, 0, 3, 544, 0), .Dim = 3:2, .Dimnames = list(c("-1", "0", 
    "1"), c("A", "G"))))))
