Results <-
list(`bwaOutput/20210421msiMNRsJenny/1160_S140.sam` = list(GM07_SNP1 = list(
    All = list(Freqs = structure(c(0L, 3L, 31L, 1L, 0L, 2L, 97L, 
    1678L, 3547L, 165L, 7L, 114L, 1L, 13L, 53L, 0L, 0L, 0L), .Dim = c(6L, 
    3L), .Dimnames = structure(list(c("-2", "-1", "0", "1", "2", 
    NA), c("A", "G", NA)), .Names = c("", "")), class = "table"), 
        N = 5712L), Tag.Distribution = structure(c(`1` = 70L, 
    `2` = 21L, `3` = 21L, `4` = 17L, `5` = 16L, `6` = 25L, `7` = 18L, 
    `8` = 21L, `9` = 23L, `10` = 19L, `11` = 16L, `12` = 20L, 
    `13` = 11L, `14` = 10L, `15` = 16L, `16` = 11L, `17` = 10L, 
    `18` = 9L, `19` = 6L, `20` = 17L, `21` = 12L, `22` = 7L, 
    `23` = 3L, `24` = 8L, `25` = 4L, `26` = 10L, `27` = 7L, `28` = 4L, 
    `29` = 5L, `30` = 9L, `31` = 5L, `32` = 5L, `33` = 3L, `34` = 1L, 
    `35` = 2L, `37` = 1L, `41` = 1L, `50` = 1L, `68` = 1L), .Dim = 39L, .Dimnames = structure(list(
        c("1", "2", "3", "4", "5", "6", "7", "8", "9", "10", 
        "11", "12", "13", "14", "15", "16", "17", "18", "19", 
        "20", "21", "22", "23", "24", "25", "26", "27", "28", 
        "29", "30", "31", "32", "33", "34", "35", "37", "41", 
        "50", "68")), .Names = ""), class = "table"), No.Tag = structure(c(0L, 
    2L, 27L, 1L, 0L, 1L, 2L, 97L, 43L, 2L, 0L, 12L, 0L, 1L, 2L, 
    0L, 0L, 0L), .Dim = c(6L, 3L), .Dimnames = structure(list(
        c("-2", "-1", "0", "1", "2", NA), c("A", "G", NA)), .Names = c("", 
    "")), class = "table"), All.Tags = list(Concordant = list(
        Freqs = structure(c(0, 1, 2, 0, 0, 4, 81, 150, 3, 0), .Dim = c(5L, 
        2L), .Dimnames = list(c("-2", "-1", "0", "1", "2"), c("A", 
        "G"))), N = 241), Majority = list(Freqs = structure(c(0, 
    1, 2, 0, 0, 5, 127, 316, 4, 0), .Dim = c(5L, 2L), .Dimnames = list(
        c("-2", "-1", "0", "1", "2"), c("A", "G"))), N = 455)), 
    `2` = structure(c(0, 0, 0, 0, 0, 4, 112, 278, 1, 0), .Dim = c(5L, 
    2L), .Dimnames = list(c("-2", "-1", "0", "1", "2"), c("A", 
    "G"))))))
