Results <-
list(`bwaOutput/20210421msiMNRsJenny/1160_S140.sam` = list(LR36_SNP1 = list(
    All = list(Freqs = structure(c(0L, 0L, 0L, 0L, 12L, 0L, 0L, 
    0L, 0L, 0L, 0L, 1L, 0L, 0L, 0L, 0L, 1L, 1L, 263L, 1592L, 
    5301L, 99L, 3L, 106L, 0L, 1L, 5L, 29L, 249L, 10L, 0L, 0L), .Dim = c(8L, 
    4L), .Dimnames = structure(list(c("-4", "-3", "-2", "-1", 
    "0", "1", "2", NA), c("A", "C", "T", NA)), .Names = c("", 
    "")), class = "table"), N = 7673L), Tag.Distribution = structure(c(`1` = 106L, 
    `2` = 31L, `3` = 23L, `4` = 29L, `5` = 32L, `6` = 28L, `7` = 30L, 
    `8` = 20L, `9` = 26L, `10` = 27L, `11` = 27L, `12` = 21L, 
    `13` = 18L, `14` = 17L, `15` = 18L, `16` = 14L, `17` = 18L, 
    `18` = 15L, `19` = 15L, `20` = 19L, `21` = 15L, `22` = 17L, 
    `23` = 11L, `24` = 11L, `25` = 7L, `26` = 8L, `27` = 3L, 
    `28` = 2L, `29` = 9L, `30` = 5L, `31` = 2L, `32` = 4L, `33` = 4L, 
    `34` = 1L, `35` = 1L, `37` = 1L, `38` = 3L, `39` = 1L, `40` = 2L, 
    `41` = 1L, `42` = 1L, `47` = 1L, `51` = 1L, `52` = 2L, `58` = 1L
    ), .Dim = 45L, .Dimnames = structure(list(c("1", "2", "3", 
    "4", "5", "6", "7", "8", "9", "10", "11", "12", "13", "14", 
    "15", "16", "17", "18", "19", "20", "21", "22", "23", "24", 
    "25", "26", "27", "28", "29", "30", "31", "32", "33", "34", 
    "35", "37", "38", "39", "40", "41", "42", "47", "51", "52", 
    "58")), .Names = ""), class = "table"), No.Tag = structure(c(0L, 
    0L, 0L, 0L, 4L, 0L, 0L, 0L, 0L, 0L, 0L, 0L, 0L, 0L, 0L, 0L, 
    0L, 0L, 2L, 41L, 133L, 5L, 0L, 11L, 0L, 0L, 0L, 2L, 22L, 
    1L, 0L, 0L), .Dim = c(8L, 4L), .Dimnames = structure(list(
        c("-4", "-3", "-2", "-1", "0", "1", "2", NA), c("A", 
        "C", "T", NA)), .Names = c("", "")), class = "table"), 
    All.Tags = list(Concordant = list(Freqs = structure(c(0, 
    0, 0, 0, 4, 0, 0, 0, 0, 0, 0, 0, 0, 0, 0, 0, 15, 86, 335, 
    2, 0), .Dim = c(7L, 3L), .Dimnames = list(c("-4", "-3", "-2", 
    "-1", "0", "1", "2"), c("A", "C", "T"))), N = 442), Majority = list(
        Freqs = structure(c(0, 0, 0, 0, 4, 0, 0, 0, 0, 0, 0, 
        0, 0, 0, 0, 0, 17, 120, 482, 3, 0), .Dim = c(7L, 3L), .Dimnames = list(
            c("-4", "-3", "-2", "-1", "0", "1", "2"), c("A", 
            "C", "T"))), N = 626)), `2` = structure(c(0, 0, 0, 
    0, 0, 0, 0, 0, 0, 0, 0, 0, 0, 0, 0, 0, 17, 105, 414, 1, 0
    ), .Dim = c(7L, 3L), .Dimnames = list(c("-4", "-3", "-2", 
    "-1", "0", "1", "2"), c("A", "C", "T"))))))
