Results <-
list(`bwaOutput/20210421msiMNRsJenny/1246_S123.sam` = list(DEPDC2_SNP1 = list(
    All = list(Freqs = structure(c(0L, 0L, 0L, 2L, 0L, 0L, 0L, 
    0L, 0L, 5L, 0L, 0L, 2L, 1L, 97L, 10549L, 64L, 45L, 0L, 0L, 
    0L, 60L, 0L, 0L), .Dim = c(6L, 4L), .Dimnames = structure(list(
        c("-3", "-2", "-1", "0", "1", NA), c("A", "C", "T", NA
        )), .Names = c("", "")), class = "table"), N = 10825L), 
    Tag.Distribution = structure(c(`1` = 609L, `2` = 476L, `3` = 375L, 
    `4` = 307L, `5` = 235L, `6` = 165L, `7` = 145L, `8` = 96L, 
    `9` = 83L, `10` = 50L, `11` = 35L, `12` = 31L, `13` = 14L, 
    `14` = 10L, `15` = 6L, `16` = 7L, `17` = 2L, `18` = 5L, `19` = 1L, 
    `21` = 1L, `30` = 1L), .Dim = 21L, .Dimnames = structure(list(
        c("1", "2", "3", "4", "5", "6", "7", "8", "9", "10", 
        "11", "12", "13", "14", "15", "16", "17", "18", "19", 
        "21", "30")), .Names = ""), class = "table"), No.Tag = structure(c(0L, 
    0L, 0L, 1L, 0L, 0L, 0L, 0L, 0L, 0L, 0L, 0L, 0L, 0L, 3L, 223L, 
    2L, 8L, 0L, 0L, 0L, 4L, 0L, 0L), .Dim = c(6L, 4L), .Dimnames = structure(list(
        c("-3", "-2", "-1", "0", "1", NA), c("A", "C", "T", NA
        )), .Names = c("", "")), class = "table"), All.Tags = list(
        Concordant = list(Freqs = structure(c(0, 0, 0, 0, 0, 
        0, 0, 0, 2, 0, 0, 0, 5, 2495, 9), .Dim = c(5L, 3L), .Dimnames = list(
            c("-3", "-2", "-1", "0", "1"), c("A", "C", "T"))), 
            N = 2511), Majority = list(Freqs = structure(c(0, 
        0, 0, 0, 0, 0, 0, 0, 2, 0, 0, 0, 5, 2611, 11), .Dim = c(5L, 
        3L), .Dimnames = list(c("-3", "-2", "-1", "0", "1"), 
            c("A", "C", "T"))), N = 2629)), `2` = structure(c(0, 
    0, 0, 0, 0, 0, 0, 0, 0, 0, 0, 0, 1, 2029, 2), .Dim = c(5L, 
    3L), .Dimnames = list(c("-3", "-2", "-1", "0", "1"), c("A", 
    "C", "T"))))))
