Results <-
list(`bwaOutput/20210421msiMNRsJenny/1246_S123.sam` = list(LR36_SNP1 = list(
    All = list(Freqs = structure(c(0L, 0L, 0L, 1L, 0L, 0L, 4L, 
    36L, 1571L, 7223L, 102L, 131L, 0L, 0L, 0L, 2L, 0L, 0L, 0L, 
    0L, 0L, 6L, 0L, 0L, 0L, 0L, 7L, 99L, 1L, 0L), .Dim = 6:5, .Dimnames = structure(list(
        c("-3", "-2", "-1", "0", "1", NA), c("-", "A", "G", "T", 
        NA)), .Names = c("", "")), class = "table"), N = 9183L), 
    Tag.Distribution = structure(c(`1` = 584L, `2` = 447L, `3` = 343L, 
    `4` = 284L, `5` = 196L, `6` = 145L, `7` = 98L, `8` = 78L, 
    `9` = 60L, `10` = 40L, `11` = 25L, `12` = 19L, `13` = 16L, 
    `14` = 12L, `15` = 8L, `16` = 3L, `17` = 1L, `18` = 1L, `19` = 1L, 
    `20` = 2L, `21` = 1L), .Dim = 21L, .Dimnames = structure(list(
        c("1", "2", "3", "4", "5", "6", "7", "8", "9", "10", 
        "11", "12", "13", "14", "15", "16", "17", "18", "19", 
        "20", "21")), .Names = ""), class = "table"), No.Tag = structure(c(0L, 
    0L, 0L, 1L, 0L, 0L, 0L, 3L, 12L, 213L, 7L, 21L, 0L, 0L, 0L, 
    0L, 0L, 0L, 0L, 0L, 0L, 2L, 0L, 0L, 0L, 0L, 1L, 17L, 1L, 
    0L), .Dim = 6:5, .Dimnames = structure(list(c("-3", "-2", 
    "-1", "0", "1", NA), c("-", "A", "G", "T", NA)), .Names = c("", 
    "")), class = "table"), All.Tags = list(Concordant = list(
        Freqs = structure(c(0, 0, 0, 0, 0, 0, 4, 255, 1548, 10, 
        0, 0, 0, 1, 0, 0, 0, 0, 0, 0), .Dim = 5:4, .Dimnames = list(
            c("-3", "-2", "-1", "0", "1"), c("-", "A", "G", "T"
            ))), N = 1818), Majority = list(Freqs = structure(c(0, 
    0, 0, 0, 0, 0, 5, 346, 1899, 10, 0, 0, 0, 1, 0, 0, 0, 0, 
    1, 0), .Dim = 5:4, .Dimnames = list(c("-3", "-2", "-1", "0", 
    "1"), c("-", "A", "G", "T"))), N = 2262)), `2` = structure(c(0, 
    0, 0, 0, 0, 0, 2, 236, 1455, 1, 0, 0, 0, 0, 0, 0, 0, 0, 1, 
    0), .Dim = 5:4, .Dimnames = list(c("-3", "-2", "-1", "0", 
    "1"), c("-", "A", "G", "T"))))))
