Results <-
list(`bwaOutput/20210421msiMNRsJenny/1246_S123.sam` = list(GM17_SNP1 = list(
    All = list(Freqs = structure(c(0L, 0L, 1L, 0L, 0L, 2L, 120L, 
    7788L, 33L, 11L, 2L, 119L, 7661L, 34L, 8L, 0L, 2L, 102L, 
    2L, 0L), .Dim = 5:4, .Dimnames = structure(list(c("-2", "-1", 
    "0", "1", NA), c("-", "C", "T", NA)), .Names = c("", "")), class = "table"), 
        N = 15885L), Tag.Distribution = structure(c(`1` = 465L, 
    `2` = 425L, `3` = 360L, `4` = 316L, `5` = 280L, `6` = 225L, 
    `7` = 186L, `8` = 157L, `9` = 125L, `10` = 90L, `11` = 70L, 
    `12` = 49L, `13` = 44L, `14` = 41L, `15` = 22L, `16` = 19L, 
    `17` = 19L, `18` = 11L, `19` = 16L, `20` = 4L, `21` = 8L, 
    `22` = 3L, `23` = 4L, `24` = 3L, `25` = 2L, `26` = 1L, `32` = 1L, 
    `40` = 1L), .Dim = 28L, .Dimnames = structure(list(c("1", 
    "2", "3", "4", "5", "6", "7", "8", "9", "10", "11", "12", 
    "13", "14", "15", "16", "17", "18", "19", "20", "21", "22", 
    "23", "24", "25", "26", "32", "40")), .Names = ""), class = "table"), 
    No.Tag = structure(c(0L, 0L, 0L, 0L, 0L, 1L, 2L, 126L, 0L, 
    1L, 1L, 3L, 157L, 1L, 0L, 0L, 0L, 12L, 0L, 0L), .Dim = 5:4, .Dimnames = structure(list(
        c("-2", "-1", "0", "1", NA), c("-", "C", "T", NA)), .Names = c("", 
    "")), class = "table"), All.Tags = list(Concordant = list(
        Freqs = structure(c(0, 0, 0, 0, 0, 4, 840, 1, 0, 5, 848, 
        2), .Dim = 4:3, .Dimnames = list(c("-2", "-1", "0", "1"
        ), c("-", "C", "T"))), N = 1700), Majority = list(Freqs = structure(c(0, 
    0, 0, 0, 0, 6, 1389, 2, 0, 7, 1362, 2), .Dim = 4:3, .Dimnames = list(
        c("-2", "-1", "0", "1"), c("-", "C", "T"))), N = 2768)), 
    `2` = structure(c(0, 0, 0, 0, 0, 2, 1155, 1, 0, 4, 1148, 
    0), .Dim = 4:3, .Dimnames = list(c("-2", "-1", "0", "1"), 
        c("-", "C", "T"))))))
