Results <-
list(`bwaOutput/20210421msiMNRsJenny/1246_S123.sam` = list(LR11_SNP1 = list(
    All = list(Freqs = structure(c(0L, 0L, 2L, 0L, 0L, 0L, 15L, 
    924L, 3957L, 37L, 1L, 22L, 0L, 15L, 113L, 5L, 0L, 0L), .Dim = c(6L, 
    3L), .Dimnames = structure(list(c("-2", "-1", "0", "1", "2", 
    NA), c("A", "C", NA)), .Names = c("", "")), class = "table"), 
        N = 5091L), Tag.Distribution = structure(c(`1` = 455L, 
    `2` = 343L, `3` = 276L, `4` = 167L, `5` = 109L, `6` = 89L, 
    `7` = 53L, `8` = 32L, `9` = 27L, `10` = 13L, `11` = 5L, `12` = 7L, 
    `13` = 5L, `14` = 4L, `15` = 1L, `17` = 1L, `20` = 1L), .Dim = 17L, .Dimnames = structure(list(
        c("1", "2", "3", "4", "5", "6", "7", "8", "9", "10", 
        "11", "12", "13", "14", "15", "17", "20")), .Names = ""), class = "table"), 
    No.Tag = structure(c(0L, 0L, 0L, 0L, 0L, 0L, 0L, 6L, 48L, 
    0L, 0L, 5L, 0L, 0L, 4L, 0L, 0L, 0L), .Dim = c(6L, 3L), .Dimnames = structure(list(
        c("-2", "-1", "0", "1", "2", NA), c("A", "C", NA)), .Names = c("", 
    "")), class = "table"), All.Tags = list(Concordant = list(
        Freqs = structure(c(0, 0, 0, 0, 0, 2, 209, 1095, 2, 0
        ), .Dim = c(5L, 2L), .Dimnames = list(c("-2", "-1", "0", 
        "1", "2"), c("A", "C"))), N = 1308), Majority = list(
        Freqs = structure(c(0, 0, 0, 0, 0, 2, 255, 1251, 2, 0
        ), .Dim = c(5L, 2L), .Dimnames = list(c("-2", "-1", "0", 
        "1", "2"), c("A", "C"))), N = 1510)), `2` = structure(c(0, 
    0, 0, 0, 0, 1, 162, 913, 0, 0), .Dim = c(5L, 2L), .Dimnames = list(
        c("-2", "-1", "0", "1", "2"), c("A", "C"))))))
