Results <-
list(`bwaOutput/20210421msiMNRsJenny/1246_S123.sam` = list(LR24_SNP1 = list(
    All = list(Freqs = structure(c(0L, 0L, 1L, 0L, 0L, 0L, 1L, 
    33L, 5848L, 12L, 0L, 8L, 1L, 65L, 5774L, 14L, 1L, 5L, 0L, 
    0L, 71L, 0L, 0L, 0L), .Dim = c(6L, 4L), .Dimnames = structure(list(
        c("-2", "-1", "0", "1", "2", NA), c("-", "A", "G", NA
        )), .Names = c("", "")), class = "table"), N = 11834L), 
    Tag.Distribution = structure(c(`1` = 694L, `2` = 646L, `3` = 501L, 
    `4` = 395L, `5` = 267L, `6` = 186L, `7` = 131L, `8` = 79L, 
    `9` = 66L, `10` = 46L, `11` = 34L, `12` = 16L, `13` = 28L, 
    `14` = 9L, `15` = 9L, `16` = 5L, `17` = 1L, `18` = 3L, `20` = 1L, 
    `22` = 1L, `23` = 1L), .Dim = 21L, .Dimnames = structure(list(
        c("1", "2", "3", "4", "5", "6", "7", "8", "9", "10", 
        "11", "12", "13", "14", "15", "16", "17", "18", "20", 
        "22", "23")), .Names = ""), class = "table"), No.Tag = structure(c(0L, 
    0L, 0L, 0L, 0L, 0L, 0L, 1L, 152L, 0L, 0L, 0L, 0L, 3L, 139L, 
    0L, 0L, 0L, 0L, 0L, 9L, 0L, 0L, 0L), .Dim = c(6L, 4L), .Dimnames = structure(list(
        c("-2", "-1", "0", "1", "2", NA), c("-", "A", "G", NA
        )), .Names = c("", "")), class = "table"), All.Tags = list(
        Concordant = list(Freqs = structure(c(0, 0, 1, 0, 0, 
        0, 4, 924, 0, 0, 0, 2, 817, 1, 0), .Dim = c(5L, 3L), .Dimnames = list(
            c("-2", "-1", "0", "1", "2"), c("-", "A", "G"))), 
            N = 1749), Majority = list(Freqs = structure(c(0, 
        0, 1, 0, 0, 0, 4, 1428, 0, 0, 0, 4, 1340, 1, 0), .Dim = c(5L, 
        3L), .Dimnames = list(c("-2", "-1", "0", "1", "2"), c("-", 
        "A", "G"))), N = 2778)), `2` = structure(c(0, 0, 0, 0, 
    0, 0, 0, 1066, 0, 0, 0, 3, 1022, 0, 0), .Dim = c(5L, 3L), .Dimnames = list(
        c("-2", "-1", "0", "1", "2"), c("-", "A", "G"))))))
