Results <-
list(`bwaOutput/20210421msiMNRsJenny/1246_S123.sam` = list(GM29_SNP1 = list(
    All = list(Freqs = structure(c(1L, 3L, 317L, 6611L, 25L, 
    3L, 11L, 0L, 0L, 0L, 3L, 0L, 0L, 1L, 0L, 0L, 3L, 62L, 0L, 
    0L, 0L), .Dim = c(7L, 3L), .Dimnames = structure(list(c("-3", 
    "-2", "-1", "0", "1", "2", NA), c("A", "G", NA)), .Names = c("", 
    "")), class = "table"), N = 7040L), Tag.Distribution = structure(c(`1` = 412L, 
    `2` = 285L, `3` = 229L, `4` = 145L, `5` = 122L, `6` = 74L, 
    `7` = 73L, `8` = 39L, `9` = 42L, `10` = 34L, `11` = 18L, 
    `12` = 19L, `13` = 23L, `14` = 7L, `15` = 4L, `16` = 11L, 
    `17` = 6L, `18` = 5L, `19` = 3L, `20` = 3L, `22` = 3L, `23` = 6L, 
    `24` = 5L, `25` = 1L, `26` = 3L, `27` = 2L, `28` = 1L, `30` = 1L, 
    `35` = 1L, `40` = 1L), .Dim = 30L, .Dimnames = structure(list(
        c("1", "2", "3", "4", "5", "6", "7", "8", "9", "10", 
        "11", "12", "13", "14", "15", "16", "17", "18", "19", 
        "20", "22", "23", "24", "25", "26", "27", "28", "30", 
        "35", "40")), .Names = ""), class = "table"), No.Tag = structure(c(1L, 
    0L, 7L, 205L, 0L, 0L, 0L, 0L, 0L, 0L, 0L, 0L, 0L, 0L, 0L, 
    0L, 0L, 1L, 0L, 0L, 0L), .Dim = c(7L, 3L), .Dimnames = structure(list(
        c("-3", "-2", "-1", "0", "1", "2", NA), c("A", "G", NA
        )), .Names = c("", "")), class = "table"), All.Tags = list(
        Concordant = list(Freqs = structure(c(0, 0, 31, 1367, 
        4, 0, 0, 0, 0, 2, 0, 0), .Dim = c(6L, 2L), .Dimnames = list(
            c("-3", "-2", "-1", "0", "1", "2"), c("A", "G"))), 
            N = 1404), Majority = list(Freqs = structure(c(0, 
        0, 40, 1515, 4, 0, 0, 0, 0, 2, 0, 0), .Dim = c(6L, 2L
        ), .Dimnames = list(c("-3", "-2", "-1", "0", "1", "2"
        ), c("A", "G"))), N = 1561)), `2` = structure(c(0, 0, 
    25, 1125, 1, 0, 0, 0, 0, 0, 0, 0), .Dim = c(6L, 2L), .Dimnames = list(
        c("-3", "-2", "-1", "0", "1", "2"), c("A", "G"))))))
