Results <-
list(`bwaOutput/20210421msiMNRsJenny/1246_S123.sam` = list(GM09_SNP1 = list(
    All = list(Freqs = structure(c(1L, 62L, 9397L, 7L, 0L, 1L, 
    0L, 61L, 8484L, 12L, 1L, 3L, 0L, 0L, 4L, 0L, 0L, 0L, 0L, 
    1L, 100L, 0L, 0L, 0L), .Dim = c(6L, 4L), .Dimnames = structure(list(
        c("-2", "-1", "0", "1", "2", NA), c("A", "G", "T", NA
        )), .Names = c("", "")), class = "table"), N = 18134L), 
    Tag.Distribution = structure(c(`1` = 444L, `2` = 382L, `3` = 387L, 
    `4` = 277L, `5` = 231L, `6` = 194L, `7` = 170L, `8` = 140L, 
    `9` = 114L, `10` = 102L, `11` = 86L, `12` = 49L, `13` = 48L, 
    `14` = 44L, `15` = 34L, `16` = 33L, `17` = 23L, `18` = 23L, 
    `19` = 21L, `20` = 10L, `21` = 10L, `22` = 15L, `23` = 13L, 
    `24` = 8L, `25` = 8L, `26` = 2L, `27` = 4L, `28` = 2L, `29` = 3L, 
    `30` = 3L, `31` = 3L, `32` = 1L, `33` = 5L, `35` = 3L, `37` = 2L, 
    `39` = 2L, `40` = 1L, `43` = 1L, `46` = 1L, `51` = 1L), .Dim = 40L, .Dimnames = structure(list(
        c("1", "2", "3", "4", "5", "6", "7", "8", "9", "10", 
        "11", "12", "13", "14", "15", "16", "17", "18", "19", 
        "20", "21", "22", "23", "24", "25", "26", "27", "28", 
        "29", "30", "31", "32", "33", "35", "37", "39", "40", 
        "43", "46", "51")), .Names = ""), class = "table"), No.Tag = structure(c(0L, 
    2L, 220L, 1L, 0L, 0L, 0L, 1L, 175L, 0L, 0L, 1L, 0L, 0L, 1L, 
    0L, 0L, 0L, 0L, 0L, 14L, 0L, 0L, 0L), .Dim = c(6L, 4L), .Dimnames = structure(list(
        c("-2", "-1", "0", "1", "2", NA), c("A", "G", "T", NA
        )), .Names = c("", "")), class = "table"), All.Tags = list(
        Concordant = list(Freqs = structure(c(0, 5, 874, 0, 0, 
        0, 0, 724, 0, 0, 0, 0, 0, 0, 0), .Dim = c(5L, 3L), .Dimnames = list(
            c("-2", "-1", "0", "1", "2"), c("A", "G", "T"))), 
            N = 1603), Majority = list(Freqs = structure(c(0, 
        6, 1443, 0, 0, 0, 0, 1258, 0, 0, 0, 0, 0, 0, 0), .Dim = c(5L, 
        3L), .Dimnames = list(c("-2", "-1", "0", "1", "2"), c("A", 
        "G", "T"))), N = 2707)), `2` = structure(c(0, 2, 1209, 
    0, 0, 0, 0, 1059, 0, 0, 0, 0, 0, 0, 0), .Dim = c(5L, 3L), .Dimnames = list(
        c("-2", "-1", "0", "1", "2"), c("A", "G", "T"))))))
