Results <-
list(`bwaOutput/20210421msiMNRsJenny/1246_S123.sam` = list(GM07_SNP1 = list(
    All = list(Freqs = structure(c(0L, 0L, 1L, 0L, 0L, 0L, 10L, 
    218L, 2836L, 132L, 3L, 64L, 11L, 253L, 2558L, 96L, 3L, 54L, 
    0L, 3L, 73L, 2L, 0L, 0L), .Dim = c(6L, 4L), .Dimnames = structure(list(
        c("-2", "-1", "0", "1", "2", NA), c("-", "A", "G", NA
        )), .Names = c("", "")), class = "table"), N = 6317L), 
    Tag.Distribution = structure(c(`1` = 501L, `2` = 360L, `3` = 280L, 
    `4` = 198L, `5` = 144L, `6` = 101L, `7` = 78L, `8` = 47L, 
    `9` = 40L, `10` = 19L, `11` = 17L, `12` = 6L, `13` = 9L, 
    `14` = 2L, `16` = 2L, `17` = 1L, `18` = 1L, `21` = 1L, `24` = 1L
    ), .Dim = 19L, .Dimnames = structure(list(c("1", "2", "3", 
    "4", "5", "6", "7", "8", "9", "10", "11", "12", "13", "14", 
    "16", "17", "18", "21", "24")), .Names = ""), class = "table"), 
    No.Tag = structure(c(0L, 0L, 0L, 0L, 0L, 0L, 0L, 3L, 55L, 
    1L, 0L, 6L, 0L, 10L, 55L, 1L, 0L, 10L, 0L, 0L, 9L, 0L, 0L, 
    0L), .Dim = c(6L, 4L), .Dimnames = structure(list(c("-2", 
    "-1", "0", "1", "2", NA), c("-", "A", "G", NA)), .Names = c("", 
    "")), class = "table"), All.Tags = list(Concordant = list(
        Freqs = structure(c(0, 0, 0, 0, 0, 2, 31, 588, 9, 1, 
        1, 37, 536, 8, 0), .Dim = c(5L, 3L), .Dimnames = list(
            c("-2", "-1", "0", "1", "2"), c("-", "A", "G"))), 
        N = 1213), Majority = list(Freqs = structure(c(0, 0, 
    0, 0, 0, 2, 40, 801, 14, 1, 2, 52, 737, 9, 0), .Dim = c(5L, 
    3L), .Dimnames = list(c("-2", "-1", "0", "1", "2"), c("-", 
    "A", "G"))), N = 1658)), `2` = structure(c(0, 0, 0, 0, 0, 
    1, 21, 590, 6, 0, 1, 26, 525, 2, 0), .Dim = c(5L, 3L), .Dimnames = list(
        c("-2", "-1", "0", "1", "2"), c("-", "A", "G"))))))
