Results <-
list(`bwaOutput/20210421msiMNRsJenny/1246_S123.sam` = list(LR40_SNP1 = list(
    All = list(Freqs = structure(c(0L, 0L, 1L, 0L, 0L, 2L, 80L, 
    3686L, 10L, 6L, 0L, 0L, 1L, 0L, 0L, 0L, 1L, 19L, 0L, 0L), .Dim = 5:4, .Dimnames = structure(list(
        c("-2", "-1", "0", "1", NA), c("A", "C", "T", NA)), .Names = c("", 
    "")), class = "table"), N = 3806L), Tag.Distribution = structure(c(`1` = 387L, 
    `2` = 254L, `3` = 192L, `4` = 124L, `5` = 82L, `6` = 56L, 
    `7` = 47L, `8` = 23L, `9` = 9L, `10` = 13L, `11` = 4L, `12` = 6L, 
    `13` = 2L, `14` = 4L, `16` = 2L, `17` = 1L, `18` = 2L, `20` = 1L
    ), .Dim = 18L, .Dimnames = structure(list(c("1", "2", "3", 
    "4", "5", "6", "7", "8", "9", "10", "11", "12", "13", "14", 
    "16", "17", "18", "20")), .Names = ""), class = "table"), 
    No.Tag = structure(c(0L, 0L, 0L, 0L, 0L, 0L, 2L, 63L, 0L, 
    0L, 0L, 0L, 0L, 0L, 0L, 0L, 0L, 1L, 0L, 0L), .Dim = 5:4, .Dimnames = structure(list(
        c("-2", "-1", "0", "1", NA), c("A", "C", "T", NA)), .Names = c("", 
    "")), class = "table"), All.Tags = list(Concordant = list(
        Freqs = structure(c(0, 0, 0, 0, 0, 8, 1139, 0, 0, 0, 
        0, 0), .Dim = 4:3, .Dimnames = list(c("-2", "-1", "0", 
        "1"), c("A", "C", "T"))), N = 1147), Majority = list(
        Freqs = structure(c(0, 0, 0, 0, 0, 12, 1186, 0, 0, 0, 
        0, 0), .Dim = 4:3, .Dimnames = list(c("-2", "-1", "0", 
        "1"), c("A", "C", "T"))), N = 1198)), `2` = structure(c(0, 
    0, 0, 0, 0, 6, 809, 0, 0, 0, 0, 0), .Dim = 4:3, .Dimnames = list(
        c("-2", "-1", "0", "1"), c("A", "C", "T"))))))
