Results <-
list(`bwaOutput/20210421msiMNRsJenny/1246_S123.sam` = list(GM01_SNP1 = list(
    All = list(Freqs = structure(c(133L, 6243L, 30L, 1L, 9L, 
    1L, 5L, 0L, 0L, 0L, 1L, 62L, 2L, 0L, 0L), .Dim = c(5L, 3L
    ), .Dimnames = structure(list(c("-1", "0", "1", "2", NA), 
        c("A", "G", NA)), .Names = c("", "")), class = "table"), 
        N = 6487L), Tag.Distribution = structure(c(`1` = 497L, 
    `2` = 343L, `3` = 261L, `4` = 202L, `5` = 166L, `6` = 105L, 
    `7` = 75L, `8` = 59L, `9` = 27L, `10` = 25L, `11` = 16L, 
    `12` = 10L, `13` = 13L, `14` = 4L, `15` = 1L, `16` = 2L, 
    `18` = 1L, `19` = 1L, `23` = 1L, `27` = 1L), .Dim = 20L, .Dimnames = structure(list(
        c("1", "2", "3", "4", "5", "6", "7", "8", "9", "10", 
        "11", "12", "13", "14", "15", "16", "18", "19", "23", 
        "27")), .Names = ""), class = "table"), No.Tag = structure(c(2L, 
    101L, 2L, 0L, 0L, 0L, 0L, 0L, 0L, 0L, 0L, 3L, 0L, 0L, 0L), .Dim = c(5L, 
    3L), .Dimnames = structure(list(c("-1", "0", "1", "2", NA
    ), c("A", "G", NA)), .Names = c("", "")), class = "table"), 
    All.Tags = list(Concordant = list(Freqs = structure(c(11, 
    1648, 3, 0, 1, 2, 0, 0), .Dim = c(4L, 2L), .Dimnames = list(
        c("-1", "0", "1", "2"), c("A", "G"))), N = 1665), Majority = list(
        Freqs = structure(c(11, 1772, 3, 0, 1, 2, 0, 0), .Dim = c(4L, 
        2L), .Dimnames = list(c("-1", "0", "1", "2"), c("A", 
        "G"))), N = 1789)), `2` = structure(c(0, 1298, 1, 0, 
    0, 0, 0, 0), .Dim = c(4L, 2L), .Dimnames = list(c("-1", "0", 
    "1", "2"), c("A", "G"))))))
