Results <-
list(`bwaOutput/20210421msiMNRsJenny/1246_S123.sam` = list(LR52_SNP1 = list(
    All = list(Freqs = structure(c(2L, 38L, 241L, 969L, 11L, 
    24L, 0L, 13L, 139L, 1250L, 27L, 17L, 0L, 1L, 31L, 426L, 2L, 
    0L), .Dim = c(6L, 3L), .Dimnames = structure(list(c("-3", 
    "-2", "-1", "0", "1", NA), c("C", "T", NA)), .Names = c("", 
    "")), class = "table"), N = 3191L), Tag.Distribution = structure(c(`1` = 341L, 
    `2` = 268L, `3` = 161L, `4` = 113L, `5` = 80L, `6` = 51L, 
    `7` = 30L, `8` = 17L, `9` = 13L, `10` = 7L, `11` = 3L, `14` = 1L, 
    `16` = 1L), .Dim = 13L, .Dimnames = structure(list(c("1", 
    "2", "3", "4", "5", "6", "7", "8", "9", "10", "11", "14", 
    "16")), .Names = ""), class = "table"), No.Tag = structure(c(0L, 
    5L, 13L, 11L, 0L, 1L, 0L, 0L, 2L, 32L, 1L, 1L, 0L, 0L, 1L, 
    10L, 0L, 0L), .Dim = c(6L, 3L), .Dimnames = structure(list(
        c("-3", "-2", "-1", "0", "1", NA), c("C", "T", NA)), .Names = c("", 
    "")), class = "table"), All.Tags = list(Concordant = list(
        Freqs = structure(c(2, 4, 53, 336, 3, 0, 1, 24, 321, 
        6), .Dim = c(5L, 2L), .Dimnames = list(c("-3", "-2", 
        "-1", "0", "1"), c("C", "T"))), N = 750), Majority = list(
        Freqs = structure(c(2, 4, 67, 406, 3, 0, 1, 27, 436, 
        6), .Dim = c(5L, 2L), .Dimnames = list(c("-3", "-2", 
        "-1", "0", "1"), c("C", "T"))), N = 952)), `2` = structure(c(0, 
    4, 44, 285, 2, 0, 0, 7, 318, 1), .Dim = c(5L, 2L), .Dimnames = list(
        c("-3", "-2", "-1", "0", "1"), c("C", "T"))))))
