Results <-
list(`bwaOutput/20210421msiMNRsJenny/1246_S123.sam` = list(GM22_SNP1 = list(
    All = list(Freqs = structure(c(4L, 53L, 3116L, 7L, 5L, 0L, 
    54L, 3143L, 16L, 8L, 0L, 0L, 1L, 0L, 0L, 0L, 1L, 124L, 3L, 
    0L), .Dim = 5:4, .Dimnames = structure(list(c("-2", "-1", 
    "0", "1", NA), c("A", "G", "T", NA)), .Names = c("", "")), class = "table"), 
        N = 6535L), Tag.Distribution = structure(c(`1` = 399L, 
    `2` = 363L, `3` = 266L, `4` = 210L, `5` = 160L, `6` = 113L, 
    `7` = 79L, `8` = 56L, `9` = 37L, `10` = 25L, `11` = 13L, 
    `12` = 5L, `13` = 8L, `14` = 7L, `15` = 5L, `16` = 2L, `17` = 1L, 
    `18` = 1L), .Dim = 18L, .Dimnames = structure(list(c("1", 
    "2", "3", "4", "5", "6", "7", "8", "9", "10", "11", "12", 
    "13", "14", "15", "16", "17", "18")), .Names = ""), class = "table"), 
    No.Tag = structure(c(0L, 1L, 78L, 0L, 0L, 0L, 0L, 74L, 0L, 
    1L, 0L, 0L, 0L, 0L, 0L, 0L, 0L, 9L, 0L, 0L), .Dim = 5:4, .Dimnames = structure(list(
        c("-2", "-1", "0", "1", NA), c("A", "G", "T", NA)), .Names = c("", 
    "")), class = "table"), All.Tags = list(Concordant = list(
        Freqs = structure(c(1, 5, 649, 0, 0, 1, 699, 1, 0, 0, 
        0, 0), .Dim = 4:3, .Dimnames = list(c("-2", "-1", "0", 
        "1"), c("A", "G", "T"))), N = 1356), Majority = list(
        Freqs = structure(c(1, 5, 809, 1, 0, 5, 849, 1, 0, 0, 
        0, 0), .Dim = 4:3, .Dimnames = list(c("-2", "-1", "0", 
        "1"), c("A", "G", "T"))), N = 1671)), `2` = structure(c(0, 
    3, 643, 1, 0, 4, 641, 0, 0, 0, 0, 0), .Dim = 4:3, .Dimnames = list(
        c("-2", "-1", "0", "1"), c("A", "G", "T"))))))
