Results <-
list(`bwaOutput/20210421msiMNRsJenny/1246_S123.sam` = list(LR17_SNP1 = list(
    All = list(Freqs = structure(c(1L, 41L, 1297L, 4980L, 119L, 
    7L, 54L, 0L, 0L, 0L, 4L, 0L, 0L, 0L, 0L, 0L, 40L, 239L, 1L, 
    0L, 0L), .Dim = c(7L, 3L), .Dimnames = structure(list(c("-3", 
    "-2", "-1", "0", "1", "2", NA), c("A", "G", NA)), .Names = c("", 
    "")), class = "table"), N = 6783L), Tag.Distribution = structure(c(`1` = 462L, 
    `2` = 337L, `3` = 263L, `4` = 208L, `5` = 168L, `6` = 124L, 
    `7` = 78L, `8` = 64L, `9` = 28L, `10` = 23L, `11` = 21L, 
    `12` = 12L, `13` = 8L, `14` = 6L, `15` = 3L, `16` = 2L, `17` = 1L, 
    `18` = 2L, `23` = 1L), .Dim = 19L, .Dimnames = structure(list(
        c("1", "2", "3", "4", "5", "6", "7", "8", "9", "10", 
        "11", "12", "13", "14", "15", "16", "17", "18", "23")), .Names = ""), class = "table"), 
    No.Tag = structure(c(0L, 1L, 29L, 140L, 6L, 1L, 2L, 0L, 0L, 
    0L, 0L, 0L, 0L, 0L, 0L, 0L, 1L, 6L, 0L, 0L, 0L), .Dim = c(7L, 
    3L), .Dimnames = structure(list(c("-3", "-2", "-1", "0", 
    "1", "2", NA), c("A", "G", NA)), .Names = c("", "")), class = "table"), 
    All.Tags = list(Concordant = list(Freqs = structure(c(0, 
    6, 217, 1143, 9, 0, 0, 0, 0, 0, 0, 0), .Dim = c(6L, 2L), .Dimnames = list(
        c("-3", "-2", "-1", "0", "1", "2"), c("A", "G"))), N = 1375), 
        Majority = list(Freqs = structure(c(0, 7, 305, 1394, 
        16, 0, 0, 0, 0, 0, 0, 0), .Dim = c(6L, 2L), .Dimnames = list(
            c("-3", "-2", "-1", "0", "1", "2"), c("A", "G"))), 
            N = 1722)), `2` = structure(c(0, 5, 227, 1049, 9, 
    0, 0, 0, 0, 0, 0, 0), .Dim = c(6L, 2L), .Dimnames = list(
        c("-3", "-2", "-1", "0", "1", "2"), c("A", "G"))))))
