Results <-
list(`bwaOutput/20210421msiMNRsJenny/1246_S123.sam` = list(IM49_SNP1 = list(
    All = list(Freqs = structure(c(2L, 92L, 1779L, 3358L, 103L, 
    0L, 1L, 65L, 0L, 31L, 1572L, 2921L, 81L, 1L, 0L, 61L, 0L, 
    1L, 41L, 333L, 9L, 0L, 0L, 0L), .Dim = c(8L, 3L), .Dimnames = structure(list(
        c("-3", "-2", "-1", "0", "1", "2", "3", NA), c("C", "G", 
        NA)), .Names = c("", "")), class = "table"), N = 10451L), 
    Tag.Distribution = structure(c(`1` = 757L, `2` = 588L, `3` = 463L, 
    `4` = 300L, `5` = 237L, `6` = 154L, `7` = 107L, `8` = 82L, 
    `9` = 60L, `10` = 49L, `11` = 32L, `12` = 25L, `13` = 11L, 
    `14` = 8L, `15` = 2L, `16` = 5L, `17` = 1L, `18` = 2L, `19` = 2L, 
    `20` = 1L, `21` = 1L), .Dim = 21L, .Dimnames = structure(list(
        c("1", "2", "3", "4", "5", "6", "7", "8", "9", "10", 
        "11", "12", "13", "14", "15", "16", "17", "18", "19", 
        "20", "21")), .Names = ""), class = "table"), No.Tag = structure(c(0L, 
    2L, 38L, 77L, 0L, 0L, 0L, 1L, 0L, 0L, 31L, 73L, 0L, 0L, 0L, 
    2L, 0L, 0L, 3L, 9L, 0L, 0L, 0L, 0L), .Dim = c(8L, 3L), .Dimnames = structure(list(
        c("-3", "-2", "-1", "0", "1", "2", "3", NA), c("C", "G", 
        NA)), .Names = c("", "")), class = "table"), All.Tags = list(
        Concordant = list(Freqs = structure(c(0, 14, 236, 486, 
        9, 0, 0, 0, 2, 217, 455, 6, 0, 0), .Dim = c(7L, 2L), .Dimnames = list(
            c("-3", "-2", "-1", "0", "1", "2", "3"), c("C", "G"
            ))), N = 1425), Majority = list(Freqs = structure(c(0, 
        18, 401, 847, 11, 0, 0, 0, 4, 363, 738, 7, 0, 0), .Dim = c(7L, 
        2L), .Dimnames = list(c("-3", "-2", "-1", "0", "1", "2", 
        "3"), c("C", "G"))), N = 2389)), `2` = structure(c(0, 
    8, 274, 628, 4, 0, 0, 0, 3, 246, 514, 1, 0, 0), .Dim = c(7L, 
    2L), .Dimnames = list(c("-3", "-2", "-1", "0", "1", "2", 
    "3"), c("C", "G"))))))
