Results <-
list(`bwaOutput/20210421msiMNRsJenny/1246_S123.sam` = list(GM14_SNP1 = list(
    All = list(Freqs = structure(c(7L, 194L, 3179L, 68L, 6L, 
    4L, 123L, 3044L, 25L, 4L, 0L, 0L, 82L, 0L, 0L), .Dim = c(5L, 
    3L), .Dimnames = structure(list(c("-2", "-1", "0", "1", NA
    ), c("C", "T", NA)), .Names = c("", "")), class = "table"), 
        N = 6736L), Tag.Distribution = structure(c(`1` = 488L, 
    `2` = 428L, `3` = 314L, `4` = 267L, `5` = 170L, `6` = 115L, 
    `7` = 76L, `8` = 50L, `9` = 26L, `10` = 19L, `11` = 14L, 
    `12` = 6L, `13` = 4L, `14` = 2L, `15` = 3L, `16` = 1L), .Dim = 16L, .Dimnames = structure(list(
        c("1", "2", "3", "4", "5", "6", "7", "8", "9", "10", 
        "11", "12", "13", "14", "15", "16")), .Names = ""), class = "table"), 
    No.Tag = structure(c(1L, 6L, 55L, 2L, 0L, 0L, 0L, 48L, 0L, 
    1L, 0L, 0L, 6L, 0L, 0L), .Dim = c(5L, 3L), .Dimnames = structure(list(
        c("-2", "-1", "0", "1", NA), c("C", "T", NA)), .Names = c("", 
    "")), class = "table"), All.Tags = list(Concordant = list(
        Freqs = structure(c(1, 27, 731, 7, 0, 8, 690, 0), .Dim = c(4L, 
        2L), .Dimnames = list(c("-2", "-1", "0", "1"), c("C", 
        "T"))), N = 1464), Majority = list(Freqs = structure(c(1, 
    31, 932, 9, 0, 10, 878, 0), .Dim = c(4L, 2L), .Dimnames = list(
        c("-2", "-1", "0", "1"), c("C", "T"))), N = 1861)), `2` = structure(c(0, 
    14, 693, 6, 0, 6, 662, 0), .Dim = c(4L, 2L), .Dimnames = list(
        c("-2", "-1", "0", "1"), c("C", "T"))))))
