Results <-
list(`bwaOutput/20210421msiMNRsJenny/1250_S121.sam` = list(LR36_SNP1 = list(
    All = list(Freqs = structure(c(0L, 0L, 2L, 14L, 0L, 1L, 0L, 
    0L, 0L, 1L, 0L, 0L, 0L, 0L, 0L, 0L, 1L, 0L, 4L, 114L, 1261L, 
    3313L, 38L, 60L, 0L, 4L, 26L, 166L, 1L, 0L), .Dim = 6:5, .Dimnames = structure(list(
        c("-3", "-2", "-1", "0", "1", NA), c("A", "C", "G", "T", 
        NA)), .Names = c("", "")), class = "table"), N = 5006L), 
    Tag.Distribution = structure(c(`1` = 94L, `2` = 18L, `3` = 37L, 
    `4` = 25L, `5` = 32L, `6` = 32L, `7` = 30L, `8` = 23L, `9` = 22L, 
    `10` = 23L, `11` = 20L, `12` = 21L, `13` = 11L, `14` = 18L, 
    `15` = 10L, `16` = 10L, `17` = 8L, `18` = 6L, `19` = 7L, 
    `20` = 10L, `21` = 9L, `22` = 10L, `23` = 7L, `24` = 4L, 
    `25` = 5L, `26` = 7L, `27` = 3L, `28` = 2L, `29` = 3L, `30` = 1L, 
    `31` = 3L, `32` = 2L, `36` = 2L, `37` = 1L, `40` = 1L, `43` = 1L, 
    `50` = 1L), .Dim = 37L, .Dimnames = structure(list(c("1", 
    "2", "3", "4", "5", "6", "7", "8", "9", "10", "11", "12", 
    "13", "14", "15", "16", "17", "18", "19", "20", "21", "22", 
    "23", "24", "25", "26", "27", "28", "29", "30", "31", "32", 
    "36", "37", "40", "43", "50")), .Names = ""), class = "table"), 
    No.Tag = structure(c(0L, 0L, 0L, 1L, 0L, 0L, 0L, 0L, 0L, 
    0L, 0L, 0L, 0L, 0L, 0L, 0L, 0L, 0L, 0L, 0L, 6L, 87L, 1L, 
    6L, 0L, 0L, 1L, 9L, 0L, 0L), .Dim = 6:5, .Dimnames = structure(list(
        c("-3", "-2", "-1", "0", "1", NA), c("A", "C", "G", "T", 
        NA)), .Names = c("", "")), class = "table"), All.Tags = list(
        Concordant = list(Freqs = structure(c(0, 0, 2, 7, 0, 
        0, 0, 0, 0, 0, 0, 0, 0, 0, 0, 0, 7, 84, 282, 2), .Dim = 5:4, .Dimnames = list(
            c("-3", "-2", "-1", "0", "1"), c("A", "C", "G", "T"
            ))), N = 384), Majority = list(Freqs = structure(c(0, 
        0, 2, 7, 0, 0, 0, 0, 0, 0, 0, 0, 0, 0, 0, 0, 8, 121, 
        356, 3), .Dim = 5:4, .Dimnames = list(c("-3", "-2", "-1", 
        "0", "1"), c("A", "C", "G", "T"))), N = 497)), `2` = structure(c(0, 
    0, 0, 0, 0, 0, 0, 0, 0, 0, 0, 0, 0, 0, 0, 0, 8, 109, 301, 
    2), .Dim = 5:4, .Dimnames = list(c("-3", "-2", "-1", "0", 
    "1"), c("A", "C", "G", "T"))))))
