Results <-
list(`bwaOutput/20210421msiMNRsJenny/1250_S121.sam` = list(IM49_SNP1 = list(
    All = list(Freqs = structure(c(1L, 195L, 1210L, 5407L, 105L, 
    2L, 81L, 0L, 0L, 2L, 8L, 1L, 0L, 1L, 0L, 1L, 12L, 166L, 3L, 
    0L, 0L), .Dim = c(7L, 3L), .Dimnames = structure(list(c("-3", 
    "-2", "-1", "0", "1", "2", NA), c("C", "G", NA)), .Names = c("", 
    "")), class = "table"), N = 7195L), Tag.Distribution = structure(c(`1` = 228L, 
    `2` = 103L, `3` = 91L, `4` = 82L, `5` = 51L, `6` = 70L, `7` = 52L, 
    `8` = 55L, `9` = 40L, `10` = 36L, `11` = 23L, `12` = 17L, 
    `13` = 22L, `14` = 15L, `15` = 21L, `16` = 20L, `17` = 15L, 
    `18` = 17L, `19` = 11L, `20` = 13L, `21` = 9L, `22` = 5L, 
    `23` = 7L, `24` = 9L, `25` = 4L, `26` = 3L, `29` = 1L, `30` = 2L, 
    `32` = 1L, `33` = 1L, `35` = 1L, `36` = 1L, `38` = 2L, `39` = 1L
    ), .Dim = 34L, .Dimnames = structure(list(c("1", "2", "3", 
    "4", "5", "6", "7", "8", "9", "10", "11", "12", "13", "14", 
    "15", "16", "17", "18", "19", "20", "21", "22", "23", "24", 
    "25", "26", "29", "30", "32", "33", "35", "36", "38", "39"
    )), .Names = ""), class = "table"), No.Tag = structure(c(0L, 
    1L, 20L, 118L, 3L, 0L, 1L, 0L, 0L, 0L, 0L, 0L, 0L, 0L, 0L, 
    0L, 0L, 6L, 0L, 0L, 0L), .Dim = c(7L, 3L), .Dimnames = structure(list(
        c("-3", "-2", "-1", "0", "1", "2", NA), c("C", "G", NA
        )), .Names = c("", "")), class = "table"), All.Tags = list(
        Concordant = list(Freqs = structure(c(1, 20, 106, 604, 
        5, 0, 0, 0, 1, 5, 0, 0), .Dim = c(6L, 2L), .Dimnames = list(
            c("-3", "-2", "-1", "0", "1", "2"), c("C", "G"))), 
            N = 742), Majority = list(Freqs = structure(c(1, 
        26, 149, 796, 5, 0, 0, 0, 1, 5, 0, 0), .Dim = c(6L, 2L
        ), .Dimnames = list(c("-3", "-2", "-1", "0", "1", "2"
        ), c("C", "G"))), N = 983)), `2` = structure(c(0, 20, 
    131, 638, 0, 0, 0, 0, 0, 0, 0, 0), .Dim = c(6L, 2L), .Dimnames = list(
        c("-3", "-2", "-1", "0", "1", "2"), c("C", "G"))))))
