Results <-
list(`bwaOutput/20210421msiMNRsJenny/1250_S121.sam` = list(LR20_SNP1 = list(
    All = list(Freqs = structure(c(253L, 843L, 1L, 1L, 3L, 1373L, 
    2L, 1L, 2L, 10L, 0L, 0L), .Dim = 4:3, .Dimnames = structure(list(
        c("-1", "0", "1", NA), c("A", "G", NA)), .Names = c("", 
    "")), class = "table"), N = 2489L), Tag.Distribution = structure(c(`1` = 52L, 
    `2` = 14L, `3` = 20L, `4` = 15L, `5` = 14L, `6` = 22L, `7` = 21L, 
    `8` = 12L, `9` = 17L, `10` = 11L, `11` = 7L, `12` = 7L, `13` = 7L, 
    `14` = 15L, `15` = 4L, `16` = 7L, `17` = 5L, `18` = 2L, `19` = 5L, 
    `20` = 3L, `22` = 5L, `23` = 1L, `24` = 1L, `25` = 4L, `26` = 2L, 
    `27` = 2L, `28` = 1L, `29` = 2L, `30` = 1L, `33` = 1L, `38` = 1L, 
    `42` = 1L), .Dim = 32L, .Dimnames = structure(list(c("1", 
    "2", "3", "4", "5", "6", "7", "8", "9", "10", "11", "12", 
    "13", "14", "15", "16", "17", "18", "19", "20", "22", "23", 
    "24", "25", "26", "27", "28", "29", "30", "33", "38", "42"
    )), .Names = ""), class = "table"), No.Tag = structure(c(1L, 
    34L, 0L, 1L, 0L, 40L, 0L, 0L, 1L, 2L, 0L, 0L), .Dim = 4:3, .Dimnames = structure(list(
        c("-1", "0", "1", NA), c("A", "G", NA)), .Names = c("", 
    "")), class = "table"), All.Tags = list(Concordant = list(
        Freqs = structure(c(30, 77, 0, 0, 152, 0), .Dim = 3:2, .Dimnames = list(
            c("-1", "0", "1"), c("A", "G"))), N = 259), Majority = list(
        Freqs = structure(c(32, 86, 0, 0, 162, 0), .Dim = 3:2, .Dimnames = list(
            c("-1", "0", "1"), c("A", "G"))), N = 280)), `2` = structure(c(27, 
    72, 0, 0, 130, 0), .Dim = 3:2, .Dimnames = list(c("-1", "0", 
    "1"), c("A", "G"))))))
