Results <-
list(`bwaOutput/20210421msiMNRsJenny/1250_S121.sam` = list(GM17_SNP1 = list(
    All = list(Freqs = structure(c(0L, 0L, 13L, 0L, 0L, 3L, 1303L, 
    3088L, 9L, 12L, 0L, 4L, 17L, 0L, 0L), .Dim = c(5L, 3L), .Dimnames = structure(list(
        c("-2", "-1", "0", "1", NA), c("C", "T", NA)), .Names = c("", 
    "")), class = "table"), N = 4449L), Tag.Distribution = structure(c(`1` = 62L, 
    `2` = 18L, `3` = 14L, `4` = 21L, `5` = 17L, `6` = 16L, `7` = 13L, 
    `8` = 16L, `9` = 18L, `10` = 8L, `11` = 12L, `12` = 15L, 
    `13` = 8L, `14` = 13L, `15` = 5L, `16` = 9L, `17` = 13L, 
    `18` = 11L, `19` = 8L, `20` = 5L, `21` = 4L, `22` = 3L, `23` = 5L, 
    `24` = 8L, `25` = 6L, `26` = 4L, `27` = 2L, `28` = 6L, `29` = 6L, 
    `30` = 3L, `31` = 2L, `32` = 2L, `33` = 4L, `34` = 1L, `35` = 2L, 
    `37` = 1L, `38` = 1L, `39` = 1L, `41` = 1L, `44` = 2L, `46` = 1L, 
    `51` = 1L, `54` = 1L, `57` = 1L), .Dim = 44L, .Dimnames = structure(list(
        c("1", "2", "3", "4", "5", "6", "7", "8", "9", "10", 
        "11", "12", "13", "14", "15", "16", "17", "18", "19", 
        "20", "21", "22", "23", "24", "25", "26", "27", "28", 
        "29", "30", "31", "32", "33", "34", "35", "37", "38", 
        "39", "41", "44", "46", "51", "54", "57")), .Names = ""), class = "table"), 
    No.Tag = structure(c(0L, 0L, 0L, 0L, 0L, 0L, 30L, 54L, 0L, 
    0L, 0L, 1L, 0L, 0L, 0L), .Dim = c(5L, 3L), .Dimnames = structure(list(
        c("-2", "-1", "0", "1", NA), c("C", "T", NA)), .Names = c("", 
    "")), class = "table"), All.Tags = list(Concordant = list(
        Freqs = structure(c(0, 0, 13, 0, 0, 80, 222, 0), .Dim = c(4L, 
        2L), .Dimnames = list(c("-2", "-1", "0", "1"), c("C", 
        "T"))), N = 315), Majority = list(Freqs = structure(c(0, 
    0, 13, 0, 0, 87, 264, 0), .Dim = c(4L, 2L), .Dimnames = list(
        c("-2", "-1", "0", "1"), c("C", "T"))), N = 364)), `2` = structure(c(0, 
    0, 0, 0, 0, 80, 228, 0), .Dim = c(4L, 2L), .Dimnames = list(
        c("-2", "-1", "0", "1"), c("C", "T"))))))
