Results <-
list(`bwaOutput/20210421msiMNRsJenny/1250_S121.sam` = list(GM26_SNP1 = list(
    All = list(Freqs = structure(c(15L, 1804L, 9L, 4L, 0L, 7L, 
    0L, 0L, 0L, 14L, 0L, 0L), .Dim = 4:3, .Dimnames = structure(list(
        c("-1", "0", "1", NA), c("A", "G", NA)), .Names = c("", 
    "")), class = "table"), N = 1853L), Tag.Distribution = structure(c(`1` = 34L, 
    `2` = 11L, `3` = 6L, `4` = 8L, `5` = 12L, `6` = 7L, `7` = 7L, 
    `8` = 6L, `9` = 8L, `10` = 7L, `11` = 8L, `12` = 3L, `13` = 5L, 
    `14` = 5L, `15` = 5L, `16` = 2L, `17` = 2L, `18` = 6L, `19` = 2L, 
    `20` = 5L, `21` = 2L, `22` = 3L, `23` = 4L, `24` = 1L, `26` = 1L, 
    `27` = 2L, `28` = 2L, `29` = 1L, `31` = 1L, `34` = 1L, `35` = 4L, 
    `36` = 1L, `37` = 1L, `40` = 2L), .Dim = 34L, .Dimnames = structure(list(
        c("1", "2", "3", "4", "5", "6", "7", "8", "9", "10", 
        "11", "12", "13", "14", "15", "16", "17", "18", "19", 
        "20", "21", "22", "23", "24", "26", "27", "28", "29", 
        "31", "34", "35", "36", "37", "40")), .Names = ""), class = "table"), 
    No.Tag = structure(c(0L, 7L, 0L, 0L, 0L, 2L, 0L, 0L, 0L, 
    4L, 0L, 0L), .Dim = 4:3, .Dimnames = structure(list(c("-1", 
    "0", "1", NA), c("A", "G", NA)), .Names = c("", "")), class = "table"), 
    All.Tags = list(Concordant = list(Freqs = structure(c(1, 
    145, 1, 0, 4, 0), .Dim = 3:2, .Dimnames = list(c("-1", "0", 
    "1"), c("A", "G"))), N = 151), Majority = list(Freqs = structure(c(1, 
    165, 1, 0, 4, 0), .Dim = 3:2, .Dimnames = list(c("-1", "0", 
    "1"), c("A", "G"))), N = 171)), `2` = structure(c(0, 141, 
    0, 0, 0, 0), .Dim = 3:2, .Dimnames = list(c("-1", "0", "1"
    ), c("A", "G"))))))
