Results <-
list(`bwaOutput/20210421msiMNRsJenny/1250_S121.sam` = list(GM22_SNP1 = list(
    All = list(Freqs = structure(c(1L, 70L, 1671L, 9L, 5L, 0L, 
    32L, 1396L, 8L, 2L, 0L, 3L, 40L, 1L, 0L), .Dim = c(5L, 3L
    ), .Dimnames = structure(list(c("-2", "-1", "0", "1", NA), 
        c("A", "G", NA)), .Names = c("", "")), class = "table"), 
        N = 3238L), Tag.Distribution = structure(c(`1` = 62L, 
    `2` = 9L, `3` = 17L, `4` = 10L, `5` = 12L, `6` = 19L, `7` = 10L, 
    `8` = 11L, `9` = 16L, `10` = 10L, `11` = 14L, `12` = 5L, 
    `13` = 9L, `14` = 5L, `15` = 7L, `16` = 9L, `17` = 7L, `18` = 7L, 
    `19` = 3L, `20` = 5L, `21` = 2L, `22` = 7L, `23` = 6L, `24` = 8L, 
    `25` = 2L, `26` = 7L, `28` = 3L, `29` = 4L, `30` = 4L, `32` = 4L, 
    `33` = 1L, `34` = 2L, `36` = 1L, `51` = 1L), .Dim = 34L, .Dimnames = structure(list(
        c("1", "2", "3", "4", "5", "6", "7", "8", "9", "10", 
        "11", "12", "13", "14", "15", "16", "17", "18", "19", 
        "20", "21", "22", "23", "24", "25", "26", "28", "29", 
        "30", "32", "33", "34", "36", "51")), .Names = ""), class = "table"), 
    No.Tag = structure(c(0L, 0L, 18L, 0L, 0L, 0L, 0L, 24L, 0L, 
    0L, 0L, 1L, 2L, 0L, 0L), .Dim = c(5L, 3L), .Dimnames = structure(list(
        c("-2", "-1", "0", "1", NA), c("A", "G", NA)), .Names = c("", 
    "")), class = "table"), All.Tags = list(Concordant = list(
        Freqs = structure(c(0, 3, 129, 0, 0, 3, 97, 0), .Dim = c(4L, 
        2L), .Dimnames = list(c("-2", "-1", "0", "1"), c("A", 
        "G"))), N = 232), Majority = list(Freqs = structure(c(0, 
    5, 157, 0, 0, 3, 127, 0), .Dim = c(4L, 2L), .Dimnames = list(
        c("-2", "-1", "0", "1"), c("A", "G"))), N = 292)), `2` = structure(c(0, 
    3, 121, 0, 0, 1, 112, 0), .Dim = c(4L, 2L), .Dimnames = list(
        c("-2", "-1", "0", "1"), c("A", "G"))))))
