Results <-
list(`bwaOutput/20210421msiMNRsJenny/1250_S121.sam` = list(LR10_SNP1 = list(
    All = list(Freqs = structure(c(0L, 0L, 8L, 0L, 0L, 2L, 416L, 
    1905L, 9L, 4L, 0L, 1L, 18L, 0L, 0L), .Dim = c(5L, 3L), .Dimnames = structure(list(
        c("-2", "-1", "0", "1", NA), c("C", "T", NA)), .Names = c("", 
    "")), class = "table"), N = 2363L), Tag.Distribution = structure(c(`1` = 47L, 
    `2` = 22L, `3` = 14L, `4` = 15L, `5` = 4L, `6` = 10L, `7` = 11L, 
    `8` = 12L, `9` = 14L, `10` = 5L, `11` = 9L, `12` = 1L, `13` = 3L, 
    `14` = 9L, `15` = 6L, `16` = 4L, `17` = 7L, `18` = 3L, `19` = 8L, 
    `20` = 4L, `21` = 3L, `22` = 1L, `23` = 4L, `24` = 2L, `25` = 3L, 
    `26` = 2L, `27` = 1L, `28` = 2L, `29` = 5L, `31` = 1L, `33` = 2L, 
    `34` = 1L, `35` = 1L, `38` = 1L, `39` = 1L), .Dim = 35L, .Dimnames = structure(list(
        c("1", "2", "3", "4", "5", "6", "7", "8", "9", "10", 
        "11", "12", "13", "14", "15", "16", "17", "18", "19", 
        "20", "21", "22", "23", "24", "25", "26", "27", "28", 
        "29", "31", "33", "34", "35", "38", "39")), .Names = ""), class = "table"), 
    No.Tag = structure(c(0L, 0L, 1L, 0L, 0L, 0L, 5L, 76L, 0L, 
    0L, 0L, 0L, 1L, 0L, 0L), .Dim = c(5L, 3L), .Dimnames = structure(list(
        c("-2", "-1", "0", "1", NA), c("C", "T", NA)), .Names = c("", 
    "")), class = "table"), All.Tags = list(Concordant = list(
        Freqs = structure(c(0, 0, 6, 0, 0, 33, 170, 0), .Dim = c(4L, 
        2L), .Dimnames = list(c("-2", "-1", "0", "1"), c("C", 
        "T"))), N = 209), Majority = list(Freqs = structure(c(0, 
    0, 6, 0, 0, 35, 194, 0), .Dim = c(4L, 2L), .Dimnames = list(
        c("-2", "-1", "0", "1"), c("C", "T"))), N = 235)), `2` = structure(c(0, 
    0, 0, 0, 0, 27, 164, 0), .Dim = c(4L, 2L), .Dimnames = list(
        c("-2", "-1", "0", "1"), c("C", "T"))))))
