Results <-
list(`bwaOutput/20210421msiMNRsJenny/1250_S121.sam` = list(LR52_SNP1 = list(
    All = list(Freqs = structure(c(2L, 58L, 250L, 358L, 1L, 0L, 
    14L, 0L, 0L, 0L, 1L, 0L, 0L, 0L, 0L, 15L, 63L, 568L, 7L, 
    1L, 4L, 0L, 0L, 27L, 153L, 0L, 0L, 0L), .Dim = c(7L, 4L), .Dimnames = structure(list(
        c("-3", "-2", "-1", "0", "1", "2", NA), c("C", "G", "T", 
        NA)), .Names = c("", "")), class = "table"), N = 1522L), 
    Tag.Distribution = structure(c(`1` = 28L, `2` = 8L, `3` = 5L, 
    `4` = 8L, `5` = 10L, `6` = 10L, `7` = 7L, `8` = 10L, `9` = 6L, 
    `10` = 6L, `11` = 5L, `12` = 4L, `13` = 6L, `15` = 2L, `16` = 4L, 
    `17` = 3L, `18` = 3L, `19` = 1L, `20` = 2L, `21` = 2L, `22` = 3L, 
    `23` = 1L, `24` = 1L, `25` = 3L, `26` = 5L, `28` = 1L, `30` = 1L, 
    `31` = 1L, `32` = 2L, `34` = 1L, `35` = 1L, `46` = 1L), .Dim = 32L, .Dimnames = structure(list(
        c("1", "2", "3", "4", "5", "6", "7", "8", "9", "10", 
        "11", "12", "13", "15", "16", "17", "18", "19", "20", 
        "21", "22", "23", "24", "25", "26", "28", "30", "31", 
        "32", "34", "35", "46")), .Names = ""), class = "table"), 
    No.Tag = structure(c(1L, 5L, 0L, 3L, 0L, 0L, 0L, 0L, 0L, 
    0L, 0L, 0L, 0L, 0L, 0L, 0L, 0L, 1L, 1L, 0L, 0L, 0L, 0L, 0L, 
    0L, 0L, 0L, 0L), .Dim = c(7L, 4L), .Dimnames = structure(list(
        c("-3", "-2", "-1", "0", "1", "2", NA), c("C", "G", "T", 
        NA)), .Names = c("", "")), class = "table"), All.Tags = list(
        Concordant = list(Freqs = structure(c(0, 3, 7, 31, 0, 
        0, 0, 0, 0, 0, 0, 0, 0, 2, 2, 45, 0, 0), .Dim = c(6L, 
        3L), .Dimnames = list(c("-3", "-2", "-1", "0", "1", "2"
        ), c("C", "G", "T"))), N = 90), Majority = list(Freqs = structure(c(0, 
        3, 18, 47, 0, 0, 0, 0, 0, 0, 0, 0, 0, 2, 5, 66, 0, 0), .Dim = c(6L, 
        3L), .Dimnames = list(c("-3", "-2", "-1", "0", "1", "2"
        ), c("C", "G", "T"))), N = 141)), `2` = structure(c(0, 
    3, 17, 40, 0, 0, 0, 0, 0, 0, 0, 0, 0, 2, 5, 52, 0, 0), .Dim = c(6L, 
    3L), .Dimnames = list(c("-3", "-2", "-1", "0", "1", "2"), 
        c("C", "G", "T"))))))
