Results <-
list(`bwaOutput/20210421msiMNRsJenny/1250_S121.sam` = list(GM29_SNP1 = list(
    All = list(Freqs = structure(c(1L, 42L, 1243L, 7L, 1L, 1L, 
    216L, 1064L, 6L, 1L, 0L, 0L, 16L, 0L, 0L), .Dim = c(5L, 3L
    ), .Dimnames = structure(list(c("-2", "-1", "0", "1", NA), 
        c("A", "G", NA)), .Names = c("", "")), class = "table"), 
        N = 2598L), Tag.Distribution = structure(c(`1` = 54L, 
    `2` = 27L, `3` = 12L, `4` = 11L, `5` = 15L, `6` = 17L, `7` = 13L, 
    `8` = 16L, `9` = 14L, `10` = 8L, `11` = 6L, `12` = 7L, `13` = 15L, 
    `14` = 7L, `15` = 11L, `16` = 2L, `17` = 8L, `18` = 4L, `19` = 3L, 
    `20` = 4L, `21` = 4L, `22` = 4L, `23` = 3L, `24` = 2L, `25` = 2L, 
    `26` = 1L, `27` = 2L, `28` = 3L, `30` = 2L, `36` = 1L, `37` = 1L, 
    `40` = 1L, `49` = 1L, `53` = 1L), .Dim = 34L, .Dimnames = structure(list(
        c("1", "2", "3", "4", "5", "6", "7", "8", "9", "10", 
        "11", "12", "13", "14", "15", "16", "17", "18", "19", 
        "20", "21", "22", "23", "24", "25", "26", "27", "28", 
        "30", "36", "37", "40", "49", "53")), .Names = ""), class = "table"), 
    No.Tag = structure(c(0L, 0L, 27L, 0L, 0L, 0L, 2L, 16L, 0L, 
    0L, 0L, 0L, 0L, 0L, 0L), .Dim = c(5L, 3L), .Dimnames = structure(list(
        c("-2", "-1", "0", "1", NA), c("A", "G", NA)), .Names = c("", 
    "")), class = "table"), All.Tags = list(Concordant = list(
        Freqs = structure(c(0, 5, 121, 0, 0, 16, 80, 0), .Dim = c(4L, 
        2L), .Dimnames = list(c("-2", "-1", "0", "1"), c("A", 
        "G"))), N = 222), Majority = list(Freqs = structure(c(0, 
    5, 145, 0, 0, 17, 105, 0), .Dim = c(4L, 2L), .Dimnames = list(
        c("-2", "-1", "0", "1"), c("A", "G"))), N = 272)), `2` = structure(c(0, 
    3, 110, 0, 0, 14, 94, 0), .Dim = c(4L, 2L), .Dimnames = list(
        c("-2", "-1", "0", "1"), c("A", "G"))))))
