Results <-
list(`bwaOutput/20210421msiMNRsJenny/1250_S121.sam` = list(LR24_SNP1 = list(
    All = list(Freqs = structure(c(0L, 3L, 144L, 3111L, 7L, 1L, 
    2L, 11L, 822L, 2196L, 9L, 12L, 0L, 0L, 0L, 1L, 0L, 0L, 0L, 
    0L, 2L, 20L, 0L, 0L), .Dim = c(6L, 4L), .Dimnames = structure(list(
        c("-3", "-2", "-1", "0", "1", NA), c("A", "G", "T", NA
        )), .Names = c("", "")), class = "table"), N = 6341L), 
    Tag.Distribution = structure(c(`1` = 207L, `2` = 105L, `3` = 96L, 
    `4` = 79L, `5` = 82L, `6` = 61L, `7` = 52L, `8` = 46L, `9` = 39L, 
    `10` = 33L, `11` = 24L, `12` = 23L, `13` = 20L, `14` = 11L, 
    `15` = 13L, `16` = 8L, `17` = 8L, `18` = 16L, `19` = 5L, 
    `20` = 6L, `21` = 9L, `22` = 7L, `23` = 4L, `24` = 3L, `25` = 1L, 
    `26` = 3L, `27` = 4L, `28` = 1L, `30` = 2L, `31` = 1L, `33` = 2L, 
    `34` = 2L, `42` = 1L), .Dim = 33L, .Dimnames = structure(list(
        c("1", "2", "3", "4", "5", "6", "7", "8", "9", "10", 
        "11", "12", "13", "14", "15", "16", "17", "18", "19", 
        "20", "21", "22", "23", "24", "25", "26", "27", "28", 
        "30", "31", "33", "34", "42")), .Names = ""), class = "table"), 
    No.Tag = structure(c(0L, 0L, 1L, 116L, 1L, 0L, 1L, 0L, 20L, 
    62L, 0L, 1L, 0L, 0L, 0L, 0L, 0L, 0L, 0L, 0L, 0L, 0L, 0L, 
    0L), .Dim = c(6L, 4L), .Dimnames = structure(list(c("-3", 
    "-2", "-1", "0", "1", NA), c("A", "G", "T", NA)), .Names = c("", 
    "")), class = "table"), All.Tags = list(Concordant = list(
        Freqs = structure(c(0, 0, 21, 432, 0, 0, 0, 111, 268, 
        0, 0, 0, 0, 0, 0), .Dim = c(5L, 3L), .Dimnames = list(
            c("-3", "-2", "-1", "0", "1"), c("A", "G", "T"))), 
        N = 832), Majority = list(Freqs = structure(c(0, 0, 23, 
    490, 0, 0, 1, 127, 314, 0, 0, 0, 0, 0, 0), .Dim = c(5L, 3L
    ), .Dimnames = list(c("-3", "-2", "-1", "0", "1"), c("A", 
    "G", "T"))), N = 955)), `2` = structure(c(0, 0, 15, 385, 
    0, 0, 1, 104, 249, 0, 0, 0, 0, 0, 0), .Dim = c(5L, 3L), .Dimnames = list(
        c("-3", "-2", "-1", "0", "1"), c("A", "G", "T"))))))
