Results <-
list(`bwaOutput/20210421msiMNRsJenny/1250_S121.sam` = list(LR44_SNP1 = list(
    All = list(Freqs = structure(c(0L, 0L, 0L, 1L, 0L, 0L, 0L, 
    0L, 0L, 1L, 9L, 0L, 0L, 0L, 3L, 165L, 718L, 2313L, 104L, 
    5L, 15L, 0L, 0L, 1L, 31L, 0L, 0L, 0L, 0L, 0L, 18L, 86L, 1L, 
    0L, 2L, 1L, 1L, 8L, 61L, 3L, 0L, 0L), .Dim = 7:6, .Dimnames = structure(list(
        c("-3", "-2", "-1", "0", "1", "2", NA), c("-", "A", "C", 
        "G", "T", NA)), .Names = c("", "")), class = "table"), 
        N = 3547L), Tag.Distribution = structure(c(`1` = 54L, 
    `2` = 22L, `3` = 26L, `4` = 16L, `5` = 18L, `6` = 19L, `7` = 17L, 
    `8` = 17L, `9` = 14L, `10` = 11L, `11` = 8L, `12` = 9L, `13` = 10L, 
    `14` = 10L, `15` = 8L, `16` = 9L, `17` = 9L, `18` = 9L, `19` = 9L, 
    `20` = 5L, `21` = 3L, `22` = 4L, `23` = 4L, `24` = 4L, `25` = 8L, 
    `26` = 2L, `27` = 1L, `28` = 1L, `29` = 4L, `30` = 4L, `31` = 1L, 
    `32` = 2L, `34` = 1L, `35` = 1L, `36` = 1L, `39` = 2L, `47` = 1L
    ), .Dim = 37L, .Dimnames = structure(list(c("1", "2", "3", 
    "4", "5", "6", "7", "8", "9", "10", "11", "12", "13", "14", 
    "15", "16", "17", "18", "19", "20", "21", "22", "23", "24", 
    "25", "26", "27", "28", "29", "30", "31", "32", "34", "35", 
    "36", "39", "47")), .Names = ""), class = "table"), No.Tag = structure(c(0L, 
    0L, 0L, 0L, 0L, 0L, 0L, 0L, 0L, 0L, 0L, 0L, 0L, 0L, 0L, 4L, 
    36L, 46L, 1L, 0L, 0L, 0L, 0L, 0L, 0L, 0L, 0L, 0L, 0L, 0L, 
    0L, 0L, 0L, 0L, 0L, 0L, 0L, 0L, 2L, 0L, 0L, 0L), .Dim = 7:6, .Dimnames = structure(list(
        c("-3", "-2", "-1", "0", "1", "2", NA), c("-", "A", "C", 
        "G", "T", NA)), .Names = c("", "")), class = "table"), 
    All.Tags = list(Concordant = list(Freqs = structure(c(0, 
    0, 0, 0, 0, 0, 0, 0, 0, 0, 0, 0, 1, 14, 37, 130, 2, 0, 0, 
    0, 0, 0, 0, 0, 0, 0, 0, 7, 0, 0), .Dim = 6:5, .Dimnames = list(
        c("-3", "-2", "-1", "0", "1", "2"), c("-", "A", "C", 
        "G", "T"))), N = 191), Majority = list(Freqs = structure(c(0, 
    0, 0, 0, 0, 0, 0, 0, 0, 1, 0, 0, 1, 16, 52, 238, 7, 0, 0, 
    0, 0, 1, 0, 0, 0, 0, 1, 13, 0, 0), .Dim = 6:5, .Dimnames = list(
        c("-3", "-2", "-1", "0", "1", "2"), c("-", "A", "C", 
        "G", "T"))), N = 330)), `2` = structure(c(0, 0, 0, 0, 
    0, 0, 0, 0, 0, 1, 0, 0, 0, 12, 44, 211, 6, 0, 0, 0, 0, 1, 
    0, 0, 0, 0, 1, 11, 0, 0), .Dim = 6:5, .Dimnames = list(c("-3", 
    "-2", "-1", "0", "1", "2"), c("-", "A", "C", "G", "T"))))))
