Results <-
list(`bwaOutput/20210421msiMNRsJenny/1250_S121.sam` = list(GM14_SNP1 = list(
    All = list(Freqs = structure(c(0L, 0L, 0L, 2L, 0L, 0L, 0L, 
    3L, 20L, 292L, 3908L, 146L, 1L, 13L, 0L, 0L, 1L, 10L, 0L, 
    0L, 0L, 0L, 0L, 0L, 36L, 0L, 0L, 0L), .Dim = c(7L, 4L), .Dimnames = structure(list(
        c("-3", "-2", "-1", "0", "1", "2", NA), c("A", "C", "T", 
        NA)), .Names = c("", "")), class = "table"), N = 4432L), 
    Tag.Distribution = structure(c(`1` = 78L, `2` = 19L, `3` = 25L, 
    `4` = 31L, `5` = 24L, `6` = 20L, `7` = 19L, `8` = 25L, `9` = 18L, 
    `10` = 17L, `11` = 13L, `12` = 19L, `13` = 11L, `14` = 13L, 
    `15` = 9L, `16` = 11L, `17` = 10L, `18` = 18L, `19` = 3L, 
    `20` = 10L, `21` = 9L, `22` = 7L, `23` = 7L, `24` = 4L, `25` = 7L, 
    `26` = 4L, `27` = 4L, `28` = 5L, `29` = 1L, `30` = 1L, `31` = 3L, 
    `32` = 2L, `36` = 1L), .Dim = 33L, .Dimnames = structure(list(
        c("1", "2", "3", "4", "5", "6", "7", "8", "9", "10", 
        "11", "12", "13", "14", "15", "16", "17", "18", "19", 
        "20", "21", "22", "23", "24", "25", "26", "27", "28", 
        "29", "30", "31", "32", "36")), .Names = ""), class = "table"), 
    No.Tag = structure(c(0L, 0L, 0L, 0L, 0L, 0L, 0L, 0L, 0L, 
    1L, 72L, 1L, 0L, 0L, 0L, 0L, 0L, 1L, 0L, 0L, 0L, 0L, 0L, 
    0L, 0L, 0L, 0L, 0L), .Dim = c(7L, 4L), .Dimnames = structure(list(
        c("-3", "-2", "-1", "0", "1", "2", NA), c("A", "C", "T", 
        NA)), .Names = c("", "")), class = "table"), All.Tags = list(
        Concordant = list(Freqs = structure(c(0, 0, 0, 0, 0, 
        0, 0, 3, 17, 297, 7, 0, 0, 0, 1, 4, 0, 0), .Dim = c(6L, 
        3L), .Dimnames = list(c("-3", "-2", "-1", "0", "1", "2"
        ), c("A", "C", "T"))), N = 329), Majority = list(Freqs = structure(c(0, 
        0, 0, 0, 0, 0, 0, 3, 19, 408, 10, 0, 0, 0, 1, 4, 0, 0
        ), .Dim = c(6L, 3L), .Dimnames = list(c("-3", "-2", "-1", 
        "0", "1", "2"), c("A", "C", "T"))), N = 445)), `2` = structure(c(0, 
    0, 0, 0, 0, 0, 0, 2, 13, 343, 7, 0, 0, 0, 0, 2, 0, 0), .Dim = c(6L, 
    3L), .Dimnames = list(c("-3", "-2", "-1", "0", "1", "2"), 
        c("A", "C", "T"))))))
