Results <-
list(`bwaOutput/20210421msiMNRsJenny/1250_S121.sam` = list(GM07_SNP1 = list(
    All = list(Freqs = structure(c(1L, 37L, 8L, 0L, 0L, 2L, 30L, 
    908L, 1962L, 74L, 4L, 62L, 0L, 7L, 25L, 2L, 0L, 0L), .Dim = c(6L, 
    3L), .Dimnames = structure(list(c("-2", "-1", "0", "1", "2", 
    NA), c("A", "G", NA)), .Names = c("", "")), class = "table"), 
        N = 3122L), Tag.Distribution = structure(c(`1` = 65L, 
    `2` = 14L, `3` = 13L, `4` = 13L, `5` = 15L, `6` = 12L, `7` = 15L, 
    `8` = 12L, `9` = 19L, `10` = 12L, `11` = 11L, `12` = 12L, 
    `13` = 12L, `14` = 9L, `15` = 9L, `16` = 6L, `17` = 5L, `18` = 2L, 
    `19` = 10L, `20` = 5L, `21` = 3L, `22` = 3L, `23` = 8L, `24` = 5L, 
    `25` = 3L, `26` = 5L, `27` = 1L, `29` = 1L, `30` = 3L, `31` = 2L, 
    `32` = 1L, `38` = 1L, `39` = 1L, `44` = 1L), .Dim = 34L, .Dimnames = structure(list(
        c("1", "2", "3", "4", "5", "6", "7", "8", "9", "10", 
        "11", "12", "13", "14", "15", "16", "17", "18", "19", 
        "20", "21", "22", "23", "24", "25", "26", "27", "29", 
        "30", "31", "32", "38", "39", "44")), .Names = ""), class = "table"), 
    No.Tag = structure(c(1L, 37L, 2L, 0L, 0L, 1L, 0L, 9L, 51L, 
    0L, 0L, 9L, 0L, 0L, 0L, 1L, 0L, 0L), .Dim = c(6L, 3L), .Dimnames = structure(list(
        c("-2", "-1", "0", "1", "2", NA), c("A", "G", NA)), .Names = c("", 
    "")), class = "table"), All.Tags = list(Concordant = list(
        Freqs = structure(c(0, 0, 6, 0, 0, 4, 60, 123, 3, 0), .Dim = c(5L, 
        2L), .Dimnames = list(c("-2", "-1", "0", "1", "2"), c("A", 
        "G"))), N = 196), Majority = list(Freqs = structure(c(0, 
    0, 6, 0, 0, 4, 83, 200, 4, 0), .Dim = c(5L, 2L), .Dimnames = list(
        c("-2", "-1", "0", "1", "2"), c("A", "G"))), N = 297)), 
    `2` = structure(c(0, 0, 0, 0, 0, 3, 66, 171, 1, 0), .Dim = c(5L, 
    2L), .Dimnames = list(c("-2", "-1", "0", "1", "2"), c("A", 
    "G"))))))
