Results <-
list(`bwaOutput/20210421msiMNRsJenny/1250_S121.sam` = list(DEPDC2_SNP1 = list(
    All = list(Freqs = structure(c(0L, 1L, 0L, 0L, 0L, 31L, 2669L, 
    710L, 7L, 362L, 15L, 3321L, 40L, 1L, 32L, 0L, 58L, 1L, 0L, 
    0L), .Dim = 5:4, .Dimnames = structure(list(c("-1", "0", 
    "1", "2", NA), c("A", "C", "T", NA)), .Names = c("", "")), class = "table"), 
        N = 7248L), Tag.Distribution = structure(c(`1` = 193L, 
    `2` = 60L, `3` = 53L, `4` = 58L, `5` = 56L, `6` = 43L, `7` = 41L, 
    `8` = 41L, `9` = 41L, `10` = 35L, `11` = 20L, `12` = 22L, 
    `13` = 17L, `14` = 22L, `15` = 21L, `16` = 16L, `17` = 18L, 
    `18` = 18L, `19` = 18L, `20` = 14L, `21` = 9L, `22` = 9L, 
    `23` = 10L, `24` = 7L, `25` = 6L, `26` = 2L, `27` = 4L, `28` = 2L, 
    `29` = 2L, `30` = 3L, `31` = 2L, `33` = 2L, `34` = 1L, `36` = 1L, 
    `38` = 2L, `39` = 1L, `40` = 1L, `44` = 1L), .Dim = 38L, .Dimnames = structure(list(
        c("1", "2", "3", "4", "5", "6", "7", "8", "9", "10", 
        "11", "12", "13", "14", "15", "16", "17", "18", "19", 
        "20", "21", "22", "23", "24", "25", "26", "27", "28", 
        "29", "30", "31", "33", "34", "36", "38", "39", "40", 
        "44")), .Names = ""), class = "table"), No.Tag = structure(c(0L, 
    0L, 0L, 0L, 0L, 0L, 76L, 4L, 0L, 5L, 0L, 50L, 1L, 0L, 2L, 
    0L, 2L, 0L, 0L, 0L), .Dim = 5:4, .Dimnames = structure(list(
        c("-1", "0", "1", "2", NA), c("A", "C", "T", NA)), .Names = c("", 
    "")), class = "table"), All.Tags = list(Concordant = list(
        Freqs = structure(c(0, 0, 0, 0, 2, 283, 73, 3, 1, 342, 
        2, 1), .Dim = 4:3, .Dimnames = list(c("-1", "0", "1", 
        "2"), c("A", "C", "T"))), N = 707), Majority = list(Freqs = structure(c(0, 
    0, 0, 0, 4, 330, 94, 4, 1, 400, 2, 1), .Dim = 4:3, .Dimnames = list(
        c("-1", "0", "1", "2"), c("A", "C", "T"))), N = 836)), 
    `2` = structure(c(0, 0, 0, 0, 2, 250, 86, 4, 0, 324, 1, 1
    ), .Dim = 4:3, .Dimnames = list(c("-1", "0", "1", "2"), c("A", 
    "C", "T"))))))
