Results <-
list(`bwaOutput/20210421msiMNRsJenny/1250_S121.sam` = list(IM16_SNP1 = list(
    All = list(Freqs = structure(c(34L, 353L, 928L, 13L, 0L, 
    3L, 1L, 36L, 1262L, 16L, 0L, 2L, 0L, 1L, 35L, 0L, 1L, 0L), .Dim = c(6L, 
    3L), .Dimnames = structure(list(c("-2", "-1", "0", "1", "2", 
    NA), c("A", "G", NA)), .Names = c("", "")), class = "table"), 
        N = 2685L), Tag.Distribution = structure(c(`1` = 54L, 
    `2` = 23L, `3` = 13L, `4` = 13L, `5` = 7L, `6` = 8L, `7` = 15L, 
    `8` = 9L, `9` = 7L, `10` = 13L, `11` = 11L, `12` = 7L, `13` = 7L, 
    `14` = 6L, `15` = 10L, `16` = 3L, `17` = 4L, `18` = 1L, `19` = 3L, 
    `20` = 1L, `21` = 8L, `22` = 5L, `23` = 5L, `24` = 8L, `25` = 2L, 
    `26` = 3L, `27` = 2L, `28` = 3L, `29` = 4L, `31` = 1L, `32` = 3L, 
    `33` = 2L, `36` = 1L, `57` = 1L), .Dim = 34L, .Dimnames = structure(list(
        c("1", "2", "3", "4", "5", "6", "7", "8", "9", "10", 
        "11", "12", "13", "14", "15", "16", "17", "18", "19", 
        "20", "21", "22", "23", "24", "25", "26", "27", "28", 
        "29", "31", "32", "33", "36", "57")), .Names = ""), class = "table"), 
    No.Tag = structure(c(0L, 1L, 16L, 0L, 0L, 0L, 0L, 0L, 26L, 
    0L, 0L, 0L, 0L, 0L, 4L, 0L, 0L, 0L), .Dim = c(6L, 3L), .Dimnames = structure(list(
        c("-2", "-1", "0", "1", "2", NA), c("A", "G", NA)), .Names = c("", 
    "")), class = "table"), All.Tags = list(Concordant = list(
        Freqs = structure(c(3, 28, 70, 0, 0, 0, 3, 105, 0, 0), .Dim = c(5L, 
        2L), .Dimnames = list(c("-2", "-1", "0", "1", "2"), c("A", 
        "G"))), N = 209), Majority = list(Freqs = structure(c(4, 
    31, 85, 0, 0, 0, 4, 130, 0, 0), .Dim = c(5L, 2L), .Dimnames = list(
        c("-2", "-1", "0", "1", "2"), c("A", "G"))), N = 254)), 
    `2` = structure(c(3, 27, 69, 0, 0, 0, 3, 106, 0, 0), .Dim = c(5L, 
    2L), .Dimnames = list(c("-2", "-1", "0", "1", "2"), c("A", 
    "G"))))))
