Results <-
list(`bwaOutput/20210421msiMNRsJenny/1250_S121.sam` = list(LR46_SNP1 = list(
    All = list(Freqs = structure(c(20L, 904L, 1L, 3L, 179L, 630L, 
    3L, 5L, 1L, 6L, 0L, 0L), .Dim = 4:3, .Dimnames = structure(list(
        c("-1", "0", "1", NA), c("G", "T", NA)), .Names = c("", 
    "")), class = "table"), N = 1752L), Tag.Distribution = structure(c(`1` = 42L, 
    `2` = 16L, `3` = 14L, `4` = 9L, `5` = 6L, `6` = 6L, `7` = 6L, 
    `8` = 11L, `9` = 8L, `10` = 3L, `11` = 9L, `12` = 9L, `13` = 6L, 
    `14` = 4L, `15` = 3L, `16` = 3L, `17` = 2L, `18` = 3L, `19` = 1L, 
    `20` = 6L, `21` = 4L, `22` = 7L, `23` = 1L, `24` = 1L, `25` = 3L, 
    `26` = 3L, `28` = 1L, `30` = 1L, `31` = 2L, `34` = 1L), .Dim = 30L, .Dimnames = structure(list(
        c("1", "2", "3", "4", "5", "6", "7", "8", "9", "10", 
        "11", "12", "13", "14", "15", "16", "17", "18", "19", 
        "20", "21", "22", "23", "24", "25", "26", "28", "30", 
        "31", "34")), .Names = ""), class = "table"), No.Tag = structure(c(0L, 
    24L, 0L, 0L, 9L, 15L, 0L, 0L, 0L, 1L, 0L, 0L), .Dim = 4:3, .Dimnames = structure(list(
        c("-1", "0", "1", NA), c("G", "T", NA)), .Names = c("", 
    "")), class = "table"), All.Tags = list(Concordant = list(
        Freqs = structure(c(1, 91, 0, 22, 60, 0), .Dim = 3:2, .Dimnames = list(
            c("-1", "0", "1"), c("G", "T"))), N = 174), Majority = list(
        Freqs = structure(c(1, 98, 0, 24, 64, 0), .Dim = 3:2, .Dimnames = list(
            c("-1", "0", "1"), c("G", "T"))), N = 187)), `2` = structure(c(1, 
    82, 0, 18, 47, 0), .Dim = 3:2, .Dimnames = list(c("-1", "0", 
    "1"), c("G", "T"))))))
