Results <-
list(`bwaOutput/20210421msiMNRsJenny/1250_S121.sam` = list(GM01_SNP1 = list(
    All = list(Freqs = structure(c(0L, 0L, 1L, 0L, 0L, 1L, 77L, 
    4209L, 18L, 5L, 0L, 0L, 3L, 0L, 0L, 0L, 0L, 1L, 0L, 0L, 0L, 
    1L, 47L, 1L, 0L), .Dim = c(5L, 5L), .Dimnames = structure(list(
        c("-2", "-1", "0", "1", NA), c("-", "A", "G", "T", NA
        )), .Names = c("", "")), class = "table"), N = 4364L), 
    Tag.Distribution = structure(c(`1` = 60L, `2` = 17L, `3` = 22L, 
    `4` = 17L, `5` = 16L, `6` = 16L, `7` = 14L, `8` = 19L, `9` = 18L, 
    `10` = 20L, `11` = 7L, `12` = 15L, `13` = 8L, `14` = 8L, 
    `15` = 14L, `16` = 8L, `17` = 11L, `18` = 7L, `19` = 7L, 
    `20` = 6L, `21` = 9L, `22` = 13L, `23` = 5L, `24` = 7L, `25` = 7L, 
    `26` = 6L, `27` = 7L, `28` = 3L, `29` = 4L, `30` = 1L, `32` = 4L, 
    `33` = 1L, `34` = 1L, `35` = 1L, `37` = 1L, `38` = 1L, `40` = 1L, 
    `61` = 1L), .Dim = 38L, .Dimnames = structure(list(c("1", 
    "2", "3", "4", "5", "6", "7", "8", "9", "10", "11", "12", 
    "13", "14", "15", "16", "17", "18", "19", "20", "21", "22", 
    "23", "24", "25", "26", "27", "28", "29", "30", "32", "33", 
    "34", "35", "37", "38", "40", "61")), .Names = ""), class = "table"), 
    No.Tag = structure(c(0L, 0L, 0L, 0L, 0L, 1L, 1L, 51L, 1L, 
    0L, 0L, 0L, 1L, 0L, 0L, 0L, 0L, 0L, 0L, 0L, 0L, 0L, 2L, 0L, 
    0L), .Dim = c(5L, 5L), .Dimnames = structure(list(c("-2", 
    "-1", "0", "1", NA), c("-", "A", "G", "T", NA)), .Names = c("", 
    "")), class = "table"), All.Tags = list(Concordant = list(
        Freqs = structure(c(0, 0, 0, 0, 0, 4, 310, 0, 0, 0, 1, 
        0, 0, 0, 0, 0), .Dim = c(4L, 4L), .Dimnames = list(c("-2", 
        "-1", "0", "1"), c("-", "A", "G", "T"))), N = 315), Majority = list(
        Freqs = structure(c(0, 0, 0, 0, 0, 4, 375, 0, 0, 0, 1, 
        0, 0, 0, 0, 0), .Dim = c(4L, 4L), .Dimnames = list(c("-2", 
        "-1", "0", "1"), c("-", "A", "G", "T"))), N = 380)), 
    `2` = structure(c(0, 0, 0, 0, 0, 1, 321, 0, 0, 0, 0, 0, 0, 
    0, 0, 0), .Dim = c(4L, 4L), .Dimnames = list(c("-2", "-1", 
    "0", "1"), c("-", "A", "G", "T"))))))
