Results <-
list(`bwaOutput/20210421msiMNRsJenny/1250_S121.sam` = list(LR11_SNP1 = list(
    All = list(Freqs = structure(c(0L, 1L, 3L, 0L, 0L, 2L, 5L, 
    113L, 2783L, 279L, 7L, 21L, 0L, 0L, 1L, 0L, 0L, 0L, 0L, 9L, 
    51L, 13L, 0L, 0L), .Dim = c(6L, 4L), .Dimnames = structure(list(
        c("-2", "-1", "0", "1", "2", NA), c("A", "C", "T", NA
        )), .Names = c("", "")), class = "table"), N = 3288L), 
    Tag.Distribution = structure(c(`1` = 54L, `2` = 20L, `3` = 11L, 
    `4` = 18L, `5` = 8L, `6` = 10L, `7` = 21L, `8` = 5L, `9` = 10L, 
    `10` = 6L, `11` = 12L, `12` = 14L, `13` = 8L, `14` = 9L, 
    `15` = 9L, `16` = 7L, `17` = 7L, `18` = 5L, `19` = 7L, `20` = 5L, 
    `21` = 10L, `22` = 5L, `23` = 6L, `24` = 7L, `25` = 2L, `26` = 4L, 
    `27` = 4L, `28` = 1L, `29` = 4L, `30` = 2L, `31` = 2L, `33` = 1L, 
    `34` = 1L, `35` = 2L, `37` = 1L, `39` = 1L, `45` = 1L), .Dim = 37L, .Dimnames = structure(list(
        c("1", "2", "3", "4", "5", "6", "7", "8", "9", "10", 
        "11", "12", "13", "14", "15", "16", "17", "18", "19", 
        "20", "21", "22", "23", "24", "25", "26", "27", "28", 
        "29", "30", "31", "33", "34", "35", "37", "39", "45")), .Names = ""), class = "table"), 
    No.Tag = structure(c(0L, 0L, 0L, 0L, 0L, 0L, 0L, 6L, 6L, 
    5L, 1L, 2L, 0L, 0L, 0L, 0L, 0L, 0L, 0L, 0L, 1L, 0L, 0L, 0L
    ), .Dim = c(6L, 4L), .Dimnames = structure(list(c("-2", "-1", 
    "0", "1", "2", NA), c("A", "C", "T", NA)), .Names = c("", 
    "")), class = "table"), All.Tags = list(Concordant = list(
        Freqs = structure(c(0, 0, 3, 0, 0, 0, 3, 204, 14, 0, 
        0, 0, 1, 0, 0), .Dim = c(5L, 3L), .Dimnames = list(c("-2", 
        "-1", "0", "1", "2"), c("A", "C", "T"))), N = 225), Majority = list(
        Freqs = structure(c(0, 0, 3, 0, 0, 0, 5, 261, 23, 0, 
        0, 0, 1, 0, 0), .Dim = c(5L, 3L), .Dimnames = list(c("-2", 
        "-1", "0", "1", "2"), c("A", "C", "T"))), N = 293)), 
    `2` = structure(c(0, 0, 0, 0, 0, 0, 5, 222, 18, 0, 0, 0, 
    0, 0, 0), .Dim = c(5L, 3L), .Dimnames = list(c("-2", "-1", 
    "0", "1", "2"), c("A", "C", "T"))))))
