Results <-
list(`bwaOutput/20210421msiMNRsJenny/1250_S121.sam` = list(LR17_SNP1 = list(
    All = list(Freqs = structure(c(1L, 31L, 520L, 2173L, 37L, 
    15L, 0L, 0L, 1L, 0L, 0L, 0L, 0L, 0L, 18L, 88L, 0L, 0L), .Dim = c(6L, 
    3L), .Dimnames = structure(list(c("-3", "-2", "-1", "0", 
    "1", NA), c("A", "T", NA)), .Names = c("", "")), class = "table"), 
        N = 2884L), Tag.Distribution = structure(c(`1` = 45L, 
    `2` = 9L, `3` = 7L, `4` = 11L, `5` = 11L, `6` = 12L, `7` = 10L, 
    `8` = 8L, `9` = 11L, `10` = 10L, `11` = 12L, `12` = 8L, `13` = 8L, 
    `14` = 9L, `15` = 8L, `16` = 4L, `17` = 6L, `18` = 11L, `19` = 5L, 
    `20` = 4L, `21` = 10L, `22` = 3L, `23` = 2L, `24` = 3L, `25` = 2L, 
    `26` = 5L, `27` = 4L, `28` = 3L, `29` = 3L, `30` = 3L, `32` = 1L, 
    `33` = 1L, `36` = 2L), .Dim = 33L, .Dimnames = structure(list(
        c("1", "2", "3", "4", "5", "6", "7", "8", "9", "10", 
        "11", "12", "13", "14", "15", "16", "17", "18", "19", 
        "20", "21", "22", "23", "24", "25", "26", "27", "28", 
        "29", "30", "32", "33", "36")), .Names = ""), class = "table"), 
    No.Tag = structure(c(0L, 1L, 6L, 87L, 2L, 1L, 0L, 0L, 0L, 
    0L, 0L, 0L, 0L, 0L, 0L, 2L, 0L, 0L), .Dim = c(6L, 3L), .Dimnames = structure(list(
        c("-3", "-2", "-1", "0", "1", NA), c("A", "T", NA)), .Names = c("", 
    "")), class = "table"), All.Tags = list(Concordant = list(
        Freqs = structure(c(0, 1, 32, 132, 0, 0, 0, 0, 0, 0), .Dim = c(5L, 
        2L), .Dimnames = list(c("-3", "-2", "-1", "0", "1"), 
            c("A", "T"))), N = 165), Majority = list(Freqs = structure(c(0, 
    1, 41, 206, 0, 0, 0, 0, 0, 0), .Dim = c(5L, 2L), .Dimnames = list(
        c("-3", "-2", "-1", "0", "1"), c("A", "T"))), N = 248)), 
    `2` = structure(c(0, 1, 35, 170, 0, 0, 0, 0, 0, 0), .Dim = c(5L, 
    2L), .Dimnames = list(c("-3", "-2", "-1", "0", "1"), c("A", 
    "T"))))))
