Results <-
list(`bwaOutput/20210421msiMNRsJenny/1250_S121.sam` = list(LR48_SNP1 = list(
    All = list(Freqs = structure(c(4L, 113L, 1177L, 20L, 5L, 
    0L, 1L, 0L, 0L, 0L, 0L, 175L, 849L, 9L, 6L, 0L, 1L, 45L, 
    0L, 0L), .Dim = 5:4, .Dimnames = structure(list(c("-2", "-1", 
    "0", "1", NA), c("C", "G", "T", NA)), .Names = c("", "")), class = "table"), 
        N = 2405L), Tag.Distribution = structure(c(`1` = 39L, 
    `2` = 4L, `3` = 6L, `4` = 5L, `5` = 4L, `6` = 14L, `7` = 6L, 
    `8` = 6L, `9` = 6L, `10` = 7L, `11` = 1L, `12` = 6L, `13` = 10L, 
    `14` = 4L, `15` = 6L, `16` = 3L, `17` = 6L, `18` = 4L, `19` = 2L, 
    `20` = 2L, `21` = 6L, `22` = 5L, `23` = 2L, `24` = 4L, `25` = 2L, 
    `26` = 2L, `27` = 3L, `28` = 6L, `29` = 5L, `31` = 2L, `33` = 2L, 
    `34` = 1L, `35` = 1L, `36` = 2L, `38` = 2L, `41` = 1L, `44` = 1L
    ), .Dim = 37L, .Dimnames = structure(list(c("1", "2", "3", 
    "4", "5", "6", "7", "8", "9", "10", "11", "12", "13", "14", 
    "15", "16", "17", "18", "19", "20", "21", "22", "23", "24", 
    "25", "26", "27", "28", "29", "31", "33", "34", "35", "36", 
    "38", "41", "44")), .Names = ""), class = "table"), No.Tag = structure(c(0L, 
    1L, 12L, 0L, 0L, 0L, 0L, 0L, 0L, 0L, 0L, 10L, 12L, 1L, 1L, 
    0L, 0L, 2L, 0L, 0L), .Dim = 5:4, .Dimnames = structure(list(
        c("-2", "-1", "0", "1", NA), c("C", "G", "T", NA)), .Names = c("", 
    "")), class = "table"), All.Tags = list(Concordant = list(
        Freqs = structure(c(0, 6, 61, 0, 0, 0, 0, 0, 0, 10, 39, 
        0), .Dim = 4:3, .Dimnames = list(c("-2", "-1", "0", "1"
        ), c("C", "G", "T"))), N = 116), Majority = list(Freqs = structure(c(0, 
    9, 96, 0, 0, 0, 0, 0, 0, 12, 64, 0), .Dim = 4:3, .Dimnames = list(
        c("-2", "-1", "0", "1"), c("C", "G", "T"))), N = 181)), 
    `2` = structure(c(0, 4, 76, 0, 0, 0, 0, 0, 0, 11, 56, 0), .Dim = 4:3, .Dimnames = list(
        c("-2", "-1", "0", "1"), c("C", "G", "T"))))))
