Results <-
list(`bwaOutput/20210421msiMNRsJenny/1250_S121.sam` = list(LR49_SNP1 = list(
    All = list(Freqs = structure(c(1L, 11L, 0L, 0L, 74L, 3159L, 
    3L, 1L, 1L, 14L, 0L, 0L), .Dim = 4:3, .Dimnames = structure(list(
        c("-1", "0", "1", NA), c("A", "G", NA)), .Names = c("", 
    "")), class = "table"), N = 3264L), Tag.Distribution = structure(c(`1` = 80L, 
    `2` = 29L, `3` = 31L, `4` = 28L, `5` = 29L, `6` = 23L, `7` = 23L, 
    `8` = 23L, `9` = 21L, `10` = 17L, `11` = 17L, `12` = 15L, 
    `13` = 10L, `14` = 7L, `15` = 4L, `16` = 9L, `17` = 6L, `18` = 12L, 
    `19` = 4L, `20` = 5L, `21` = 2L, `22` = 5L, `24` = 4L, `25` = 1L, 
    `26` = 1L, `27` = 1L, `29` = 1L, `31` = 2L, `32` = 2L, `33` = 1L, 
    `37` = 1L, `49` = 1L), .Dim = 32L, .Dimnames = structure(list(
        c("1", "2", "3", "4", "5", "6", "7", "8", "9", "10", 
        "11", "12", "13", "14", "15", "16", "17", "18", "19", 
        "20", "21", "22", "24", "25", "26", "27", "29", "31", 
        "32", "33", "37", "49")), .Names = ""), class = "table"), 
    No.Tag = structure(c(0L, 0L, 0L, 0L, 2L, 38L, 0L, 0L, 0L, 
    1L, 0L, 0L), .Dim = 4:3, .Dimnames = structure(list(c("-1", 
    "0", "1", NA), c("A", "G", NA)), .Names = c("", "")), class = "table"), 
    All.Tags = list(Concordant = list(Freqs = structure(c(0, 
    7, 0, 7, 378, 0), .Dim = 3:2, .Dimnames = list(c("-1", "0", 
    "1"), c("A", "G"))), N = 392), Majority = list(Freqs = structure(c(0, 
    7, 0, 9, 395, 0), .Dim = 3:2, .Dimnames = list(c("-1", "0", 
    "1"), c("A", "G"))), N = 411)), `2` = structure(c(0, 0, 0, 
    7, 328, 0), .Dim = 3:2, .Dimnames = list(c("-1", "0", "1"
    ), c("A", "G"))))))
