Results <-
list(`bwaOutput/20210421msiMNRsJenny/1250_S121.sam` = list(GM11_SNP1 = list(
    All = list(Freqs = structure(c(0L, 1L, 0L, 0L, 4L, 780L, 
    2L, 1L, 118L, 786L, 4L, 1L, 0L, 5L, 0L, 0L), .Dim = c(4L, 
    4L), .Dimnames = structure(list(c("-1", "0", "1", NA), c("-", 
    "A", "G", NA)), .Names = c("", "")), class = "table"), N = 1702L), 
    Tag.Distribution = structure(c(`1` = 26L, `2` = 13L, `3` = 7L, 
    `4` = 7L, `5` = 9L, `6` = 7L, `7` = 7L, `8` = 7L, `9` = 12L, 
    `10` = 6L, `11` = 11L, `12` = 2L, `13` = 2L, `14` = 7L, `15` = 1L, 
    `16` = 4L, `17` = 9L, `19` = 3L, `20` = 1L, `21` = 2L, `22` = 4L, 
    `23` = 4L, `24` = 2L, `26` = 4L, `27` = 2L, `28` = 1L, `29` = 1L, 
    `30` = 2L, `32` = 1L, `35` = 1L, `41` = 1L), .Dim = 31L, .Dimnames = structure(list(
        c("1", "2", "3", "4", "5", "6", "7", "8", "9", "10", 
        "11", "12", "13", "14", "15", "16", "17", "19", "20", 
        "21", "22", "23", "24", "26", "27", "28", "29", "30", 
        "32", "35", "41")), .Names = ""), class = "table"), No.Tag = structure(c(0L, 
    0L, 0L, 0L, 0L, 5L, 0L, 0L, 1L, 3L, 0L, 1L, 0L, 0L, 0L, 0L
    ), .Dim = c(4L, 4L), .Dimnames = structure(list(c("-1", "0", 
    "1", NA), c("-", "A", "G", NA)), .Names = c("", "")), class = "table"), 
    All.Tags = list(Concordant = list(Freqs = structure(c(0, 
    0, 0, 1, 75, 0, 10, 65, 0), .Dim = c(3L, 3L), .Dimnames = list(
        c("-1", "0", "1"), c("-", "A", "G"))), N = 151), Majority = list(
        Freqs = structure(c(0, 0, 0, 1, 81, 0, 11, 73, 0), .Dim = c(3L, 
        3L), .Dimnames = list(c("-1", "0", "1"), c("-", "A", 
        "G"))), N = 166)), `2` = structure(c(0, 0, 0, 0, 68, 
    0, 11, 61, 0), .Dim = c(3L, 3L), .Dimnames = list(c("-1", 
    "0", "1"), c("-", "A", "G"))))))
