Results <-
list(`bwaOutput/20210421msiMNRsJenny/1254_S122.sam` = list(GM09_SNP1 = list(
    All = list(Freqs = structure(c(1L, 18L, 1595L, 1L, 1L, 45L, 
    2249L, 1L, 0L, 0L, 32L, 1L), .Dim = 4:3, .Dimnames = structure(list(
        c("-2", "-1", "0", "1"), c("A", "G", NA)), .Names = c("", 
    "")), class = "table"), N = 3944L), Tag.Distribution = structure(c(`1` = 62L, 
    `2` = 10L, `3` = 6L, `4` = 5L, `5` = 2L, `6` = 4L, `7` = 9L, 
    `8` = 8L, `9` = 15L, `10` = 5L, `11` = 7L, `12` = 5L, `13` = 7L, 
    `14` = 9L, `15` = 8L, `16` = 7L, `17` = 5L, `18` = 3L, `19` = 5L, 
    `20` = 1L, `21` = 5L, `22` = 4L, `23` = 1L, `24` = 2L, `25` = 4L, 
    `26` = 3L, `27` = 3L, `28` = 3L, `29` = 2L, `30` = 3L, `31` = 1L, 
    `32` = 2L, `33` = 1L, `34` = 2L, `35` = 3L, `36` = 1L, `37` = 2L, 
    `38` = 2L, `39` = 5L, `40` = 1L, `41` = 2L, `42` = 1L, `43` = 2L, 
    `44` = 2L, `45` = 1L, `46` = 1L, `48` = 4L, `50` = 2L, `51` = 1L, 
    `52` = 3L, `53` = 2L, `56` = 1L, `63` = 1L), .Dim = 53L, .Dimnames = structure(list(
        c("1", "2", "3", "4", "5", "6", "7", "8", "9", "10", 
        "11", "12", "13", "14", "15", "16", "17", "18", "19", 
        "20", "21", "22", "23", "24", "25", "26", "27", "28", 
        "29", "30", "31", "32", "33", "34", "35", "36", "37", 
        "38", "39", "40", "41", "42", "43", "44", "45", "46", 
        "48", "50", "51", "52", "53", "56", "63")), .Names = ""), class = "table"), 
    No.Tag = structure(c(0L, 1L, 20L, 0L, 0L, 0L, 0L, 20L, 0L, 
    0L, 0L, 0L, 7L, 0L, 0L), .Dim = c(5L, 3L), .Dimnames = structure(list(
        c("-2", "-1", "0", "1", NA), c("A", "G", NA)), .Names = c("", 
    "")), class = "table"), All.Tags = list(Concordant = list(
        Freqs = structure(c(0, 1, 106, 0, 0, 0, 123, 0), .Dim = c(4L, 
        2L), .Dimnames = list(c("-2", "-1", "0", "1"), c("A", 
        "G"))), N = 230), Majority = list(Freqs = structure(c(0, 
    2, 114, 0, 0, 1, 132, 0), .Dim = c(4L, 2L), .Dimnames = list(
        c("-2", "-1", "0", "1"), c("A", "G"))), N = 249)), `2` = structure(c(0, 
    1, 90, 0, 0, 1, 102, 0), .Dim = c(4L, 2L), .Dimnames = list(
        c("-2", "-1", "0", "1"), c("A", "G"))))))
