Results <-
list(`bwaOutput/20210421msiMNRsJenny/1254_S122.sam` = list(GM01_SNP1 = list(
    All = list(Freqs = structure(c(3L, 814L, 1820L, 9L, 7L, 0L, 
    0L, 1L, 0L, 0L, 0L, 3L, 24L, 0L, 0L), .Dim = c(5L, 3L), .Dimnames = structure(list(
        c("-2", "-1", "0", "1", NA), c("A", "G", NA)), .Names = c("", 
    "")), class = "table"), N = 2681L), Tag.Distribution = structure(c(`1` = 27L, 
    `2` = 8L, `3` = 1L, `4` = 3L, `5` = 4L, `6` = 7L, `7` = 2L, 
    `8` = 1L, `9` = 5L, `11` = 2L, `12` = 3L, `13` = 4L, `14` = 1L, 
    `15` = 2L, `16` = 2L, `17` = 2L, `18` = 2L, `19` = 3L, `20` = 1L, 
    `21` = 2L, `22` = 3L, `23` = 5L, `24` = 3L, `25` = 3L, `26` = 2L, 
    `27` = 2L, `28` = 4L, `29` = 1L, `31` = 3L, `33` = 2L, `35` = 1L, 
    `36` = 2L, `37` = 1L, `38` = 3L, `39` = 1L, `40` = 1L, `41` = 2L, 
    `42` = 2L, `45` = 3L, `47` = 2L, `49` = 1L, `54` = 1L, `55` = 1L, 
    `57` = 3L, `59` = 1L, `60` = 1L, `62` = 2L, `69` = 1L), .Dim = 48L, .Dimnames = structure(list(
        c("1", "2", "3", "4", "5", "6", "7", "8", "9", "11", 
        "12", "13", "14", "15", "16", "17", "18", "19", "20", 
        "21", "22", "23", "24", "25", "26", "27", "28", "29", 
        "31", "33", "35", "36", "37", "38", "39", "40", "41", 
        "42", "45", "47", "49", "54", "55", "57", "59", "60", 
        "62", "69")), .Names = ""), class = "table"), No.Tag = structure(c(0L, 
    1L, 11L, 0L, 0L, 0L, 0L, 0L, 0L, 0L, 0L, 0L, 0L, 0L, 0L), .Dim = c(5L, 
    3L), .Dimnames = structure(list(c("-2", "-1", "0", "1", NA
    ), c("A", "G", NA)), .Names = c("", "")), class = "table"), 
    All.Tags = list(Concordant = list(Freqs = structure(c(0, 
    30, 75, 0, 0, 0, 1, 0), .Dim = c(4L, 2L), .Dimnames = list(
        c("-2", "-1", "0", "1"), c("A", "G"))), N = 106), Majority = list(
        Freqs = structure(c(0, 33, 101, 0, 0, 0, 1, 0), .Dim = c(4L, 
        2L), .Dimnames = list(c("-2", "-1", "0", "1"), c("A", 
        "G"))), N = 135)), `2` = structure(c(0, 28, 83, 0, 0, 
    0, 0, 0), .Dim = c(4L, 2L), .Dimnames = list(c("-2", "-1", 
    "0", "1"), c("A", "G"))))))
