Results <-
list(`bwaOutput/20210421msiMNRsJenny/1254_S122.sam` = list(GM17_SNP1 = list(
    All = list(Freqs = structure(c(2L, 321L, 1094L, 2L, 4L, 1L, 
    131L, 1275L, 4L, 0L, 0L, 0L, 18L, 0L, 0L), .Dim = c(5L, 3L
    ), .Dimnames = structure(list(c("-2", "-1", "0", "1", NA), 
        c("C", "T", NA)), .Names = c("", "")), class = "table"), 
        N = 2852L), Tag.Distribution = structure(c(`1` = 37L, 
    `2` = 6L, `3` = 2L, `4` = 5L, `5` = 4L, `6` = 11L, `7` = 2L, 
    `8` = 4L, `9` = 4L, `10` = 8L, `11` = 3L, `12` = 2L, `13` = 4L, 
    `14` = 4L, `15` = 8L, `16` = 5L, `17` = 3L, `18` = 4L, `19` = 1L, 
    `20` = 2L, `21` = 7L, `22` = 4L, `23` = 2L, `24` = 3L, `25` = 1L, 
    `26` = 3L, `27` = 2L, `29` = 2L, `30` = 1L, `31` = 1L, `32` = 4L, 
    `34` = 4L, `35` = 2L, `36` = 4L, `37` = 1L, `38` = 1L, `40` = 1L, 
    `41` = 1L, `42` = 1L, `43` = 1L, `44` = 1L, `48` = 1L, `49` = 2L, 
    `51` = 1L, `52` = 1L, `53` = 1L, `55` = 2L, `69` = 1L, `74` = 1L
    ), .Dim = 49L, .Dimnames = structure(list(c("1", "2", "3", 
    "4", "5", "6", "7", "8", "9", "10", "11", "12", "13", "14", 
    "15", "16", "17", "18", "19", "20", "21", "22", "23", "24", 
    "25", "26", "27", "29", "30", "31", "32", "34", "35", "36", 
    "37", "38", "40", "41", "42", "43", "44", "48", "49", "51", 
    "52", "53", "55", "69", "74")), .Names = ""), class = "table"), 
    No.Tag = structure(c(0L, 2L, 19L, 0L, 0L, 0L, 2L, 10L, 0L, 
    0L, 0L, 0L, 2L, 0L, 0L), .Dim = c(5L, 3L), .Dimnames = structure(list(
        c("-2", "-1", "0", "1", NA), c("C", "T", NA)), .Names = c("", 
    "")), class = "table"), All.Tags = list(Concordant = list(
        Freqs = structure(c(0, 12, 57, 0, 0, 4, 68, 0), .Dim = c(4L, 
        2L), .Dimnames = list(c("-2", "-1", "0", "1"), c("C", 
        "T"))), N = 141), Majority = list(Freqs = structure(c(0, 
    15, 65, 0, 0, 5, 86, 0), .Dim = c(4L, 2L), .Dimnames = list(
        c("-2", "-1", "0", "1"), c("C", "T"))), N = 171)), `2` = structure(c(0, 
    14, 50, 0, 0, 4, 70, 0), .Dim = c(4L, 2L), .Dimnames = list(
        c("-2", "-1", "0", "1"), c("C", "T"))))))
