Results <-
list(`bwaOutput/20210421msiMNRsJenny/1254_S122.sam` = list(LR10_SNP1 = list(
    All = list(Freqs = structure(c(0L, 1L, 2L, 0L, 0L, 2L, 414L, 
    1660L, 6L, 5L, 0L, 3L, 17L, 1L, 0L), .Dim = c(5L, 3L), .Dimnames = structure(list(
        c("-2", "-1", "0", "1", NA), c("C", "T", NA)), .Names = c("", 
    "")), class = "table"), N = 2111L), Tag.Distribution = structure(c(`1` = 34L, 
    `2` = 3L, `3` = 3L, `4` = 3L, `5` = 4L, `6` = 4L, `7` = 4L, 
    `8` = 5L, `9` = 2L, `10` = 3L, `11` = 1L, `12` = 5L, `13` = 5L, 
    `14` = 2L, `15` = 3L, `16` = 3L, `17` = 8L, `18` = 1L, `20` = 4L, 
    `21` = 1L, `22` = 3L, `23` = 3L, `24` = 1L, `25` = 3L, `27` = 1L, 
    `28` = 1L, `29` = 2L, `30` = 1L, `32` = 1L, `33` = 2L, `34` = 1L, 
    `35` = 5L, `40` = 1L, `42` = 1L, `44` = 1L, `45` = 1L, `46` = 1L, 
    `47` = 1L, `49` = 1L, `50` = 1L, `53` = 1L, `55` = 1L, `56` = 1L, 
    `62` = 1L, `80` = 1L), .Dim = 45L, .Dimnames = structure(list(
        c("1", "2", "3", "4", "5", "6", "7", "8", "9", "10", 
        "11", "12", "13", "14", "15", "16", "17", "18", "20", 
        "21", "22", "23", "24", "25", "27", "28", "29", "30", 
        "32", "33", "34", "35", "40", "42", "44", "45", "46", 
        "47", "49", "50", "53", "55", "56", "62", "80")), .Names = ""), class = "table"), 
    No.Tag = structure(c(0L, 0L, 0L, 0L, 0L, 0L, 0L, 23L, 0L, 
    1L, 0L, 0L, 1L, 0L, 0L), .Dim = c(5L, 3L), .Dimnames = structure(list(
        c("-2", "-1", "0", "1", NA), c("C", "T", NA)), .Names = c("", 
    "")), class = "table"), All.Tags = list(Concordant = list(
        Freqs = structure(c(0, 1, 2, 0, 0, 18, 86, 0), .Dim = c(4L, 
        2L), .Dimnames = list(c("-2", "-1", "0", "1"), c("C", 
        "T"))), N = 107), Majority = list(Freqs = structure(c(0, 
    1, 2, 0, 0, 19, 112, 0), .Dim = c(4L, 2L), .Dimnames = list(
        c("-2", "-1", "0", "1"), c("C", "T"))), N = 134)), `2` = structure(c(0, 
    0, 0, 0, 0, 17, 84, 0), .Dim = c(4L, 2L), .Dimnames = list(
        c("-2", "-1", "0", "1"), c("C", "T"))))))
