Results <-
list(`bwaOutput/20210421msiMNRsJenny/1254_S122.sam` = list(GM26_SNP1 = list(
    All = list(Freqs = structure(c(1L, 84L, 0L, 0L, 16L, 1271L, 
    7L, 5L, 0L, 16L, 0L, 0L), .Dim = 4:3, .Dimnames = structure(list(
        c("-1", "0", "1", NA), c("A", "G", NA)), .Names = c("", 
    "")), class = "table"), N = 1400L), Tag.Distribution = structure(c(`1` = 18L, 
    `2` = 3L, `3` = 2L, `4` = 1L, `5` = 1L, `6` = 4L, `7` = 1L, 
    `8` = 4L, `9` = 2L, `11` = 1L, `12` = 2L, `14` = 2L, `16` = 6L, 
    `17` = 2L, `18` = 1L, `19` = 4L, `20` = 3L, `21` = 1L, `22` = 1L, 
    `24` = 1L, `25` = 1L, `26` = 1L, `27` = 1L, `29` = 1L, `30` = 3L, 
    `31` = 1L, `32` = 2L, `35` = 2L, `38` = 1L, `39` = 1L, `40` = 1L, 
    `42` = 1L, `45` = 2L, `48` = 2L, `61` = 1L, `82` = 1L), .Dim = 36L, .Dimnames = structure(list(
        c("1", "2", "3", "4", "5", "6", "7", "8", "9", "11", 
        "12", "14", "16", "17", "18", "19", "20", "21", "22", 
        "24", "25", "26", "27", "29", "30", "31", "32", "35", 
        "38", "39", "40", "42", "45", "48", "61", "82")), .Names = ""), class = "table"), 
    No.Tag = structure(c(0L, 0L, 0L, 0L, 0L, 14L, 0L, 1L, 0L, 
    1L, 0L, 0L), .Dim = 4:3, .Dimnames = structure(list(c("-1", 
    "0", "1", NA), c("A", "G", NA)), .Names = c("", "")), class = "table"), 
    All.Tags = list(Concordant = list(Freqs = structure(c(0, 
    4, 0, 1, 59, 0), .Dim = 3:2, .Dimnames = list(c("-1", "0", 
    "1"), c("A", "G"))), N = 64), Majority = list(Freqs = structure(c(0, 
    5, 0, 1, 74, 0), .Dim = 3:2, .Dimnames = list(c("-1", "0", 
    "1"), c("A", "G"))), N = 80)), `2` = structure(c(0, 1, 0, 
    1, 62, 0), .Dim = 3:2, .Dimnames = list(c("-1", "0", "1"), 
        c("A", "G"))))))
