Results <-
list(`bwaOutput/20210421msiMNRsJenny/1254_S122.sam` = list(LR49_SNP1 = list(
    All = list(Freqs = structure(c(1L, 813L, 0L, 31L, 601L, 1L, 
    0L, 1L, 0L, 1L, 12L, 0L), .Dim = 3:4, .Dimnames = structure(list(
        c("-1", "0", "1"), c("A", "G", "T", NA)), .Names = c("", 
    "")), class = "table"), N = 1461L), Tag.Distribution = structure(c(`1` = 21L, 
    `2` = 12L, `3` = 6L, `4` = 4L, `5` = 3L, `6` = 4L, `7` = 6L, 
    `8` = 5L, `9` = 3L, `10` = 2L, `11` = 2L, `12` = 4L, `13` = 2L, 
    `14` = 3L, `15` = 5L, `16` = 7L, `17` = 2L, `19` = 1L, `21` = 2L, 
    `22` = 2L, `24` = 1L, `25` = 1L, `26` = 2L, `27` = 1L, `30` = 1L, 
    `33` = 1L, `37` = 1L, `38` = 1L, `39` = 2L, `40` = 1L, `41` = 1L, 
    `48` = 1L, `49` = 1L, `51` = 1L, `53` = 1L, `57` = 1L), .Dim = 36L, .Dimnames = structure(list(
        c("1", "2", "3", "4", "5", "6", "7", "8", "9", "10", 
        "11", "12", "13", "14", "15", "16", "17", "19", "21", 
        "22", "24", "25", "26", "27", "30", "33", "37", "38", 
        "39", "40", "41", "48", "49", "51", "53", "57")), .Names = ""), class = "table"), 
    No.Tag = structure(c(1L, 49L, 0L, 0L, 0L, 16L, 0L, 0L, 0L, 
    0L, 0L, 0L, 0L, 1L, 0L, 0L), .Dim = c(4L, 4L), .Dimnames = structure(list(
        c("-1", "0", "1", NA), c("A", "G", "T", NA)), .Names = c("", 
    "")), class = "table"), All.Tags = list(Concordant = list(
        Freqs = structure(c(0, 58, 0, 2, 47, 0, 0, 0, 0), .Dim = c(3L, 
        3L), .Dimnames = list(c("-1", "0", "1"), c("A", "G", 
        "T"))), N = 107), Majority = list(Freqs = structure(c(0, 
    59, 0, 2, 52, 0, 0, 0, 0), .Dim = c(3L, 3L), .Dimnames = list(
        c("-1", "0", "1"), c("A", "G", "T"))), N = 113)), `2` = structure(c(0, 
    46, 0, 2, 45, 0, 0, 0, 0), .Dim = c(3L, 3L), .Dimnames = list(
        c("-1", "0", "1"), c("A", "G", "T"))))))
