Results <-
list(`bwaOutput/20210421msiMNRsJenny/1254_S122.sam` = list(IM49_SNP1 = list(
    All = list(Freqs = structure(c(2L, 128L, 1613L, 48L, 3L, 
    14L, 7L, 129L, 1417L, 34L, 1L, 6L, 0L, 3L, 169L, 8L, 0L, 
    0L), .Dim = c(6L, 3L), .Dimnames = structure(list(c("-2", 
    "-1", "0", "1", "2", NA), c("C", "G", NA)), .Names = c("", 
    "")), class = "table"), N = 3582L), Tag.Distribution = structure(c(`1` = 110L, 
    `2` = 21L, `3` = 17L, `4` = 15L, `5` = 13L, `6` = 13L, `7` = 21L, 
    `8` = 13L, `9` = 18L, `10` = 14L, `11` = 13L, `12` = 7L, 
    `13` = 8L, `14` = 9L, `15` = 11L, `16` = 1L, `17` = 8L, `18` = 4L, 
    `19` = 5L, `20` = 8L, `21` = 4L, `22` = 2L, `23` = 3L, `24` = 5L, 
    `25` = 2L, `26` = 4L, `27` = 3L, `29` = 1L, `30` = 3L, `31` = 1L, 
    `32` = 1L, `33` = 5L, `34` = 1L, `36` = 2L, `37` = 1L, `39` = 1L, 
    `41` = 3L, `43` = 1L, `50` = 1L, `56` = 1L, `63` = 1L), .Dim = 41L, .Dimnames = structure(list(
        c("1", "2", "3", "4", "5", "6", "7", "8", "9", "10", 
        "11", "12", "13", "14", "15", "16", "17", "18", "19", 
        "20", "21", "22", "23", "24", "25", "26", "27", "29", 
        "30", "31", "32", "33", "34", "36", "37", "39", "41", 
        "43", "50", "56", "63")), .Names = ""), class = "table"), 
    No.Tag = structure(c(0L, 0L, 57L, 1L, 0L, 0L, 0L, 8L, 32L, 
    0L, 0L, 0L, 0L, 0L, 8L, 0L, 0L, 0L), .Dim = c(6L, 3L), .Dimnames = structure(list(
        c("-2", "-1", "0", "1", "2", NA), c("C", "G", NA)), .Names = c("", 
    "")), class = "table"), All.Tags = list(Concordant = list(
        Freqs = structure(c(0, 8, 134, 0, 0, 0, 6, 98, 0, 0), .Dim = c(5L, 
        2L), .Dimnames = list(c("-2", "-1", "0", "1", "2"), c("C", 
        "G"))), N = 246), Majority = list(Freqs = structure(c(0, 
    10, 177, 1, 0, 0, 10, 140, 1, 0), .Dim = c(5L, 2L), .Dimnames = list(
        c("-2", "-1", "0", "1", "2"), c("C", "G"))), N = 339)), 
    `2` = structure(c(0, 4, 129, 1, 0, 0, 9, 117, 1, 0), .Dim = c(5L, 
    2L), .Dimnames = list(c("-2", "-1", "0", "1", "2"), c("C", 
    "G"))))))
