Results <-
list(`bwaOutput/20210421msiMNRsJenny/1254_S122.sam` = list(LR24_SNP1 = list(
    All = list(Freqs = structure(c(0L, 0L, 1L, 0L, 0L, 17L, 256L, 
    1692L, 6L, 5L, 1L, 69L, 2012L, 8L, 1L, 0L, 2L, 26L, 0L, 0L
    ), .Dim = 5:4, .Dimnames = structure(list(c("-2", "-1", "0", 
    "1", NA), c("-", "A", "G", NA)), .Names = c("", "")), class = "table"), 
        N = 4096L), Tag.Distribution = structure(c(`1` = 103L, 
    `2` = 26L, `3` = 29L, `4` = 16L, `5` = 15L, `6` = 26L, `7` = 21L, 
    `8` = 12L, `9` = 20L, `10` = 15L, `11` = 9L, `12` = 14L, 
    `13` = 8L, `14` = 6L, `15` = 16L, `16` = 10L, `17` = 5L, 
    `18` = 4L, `19` = 4L, `20` = 6L, `21` = 2L, `22` = 5L, `23` = 6L, 
    `24` = 4L, `25` = 4L, `26` = 3L, `27` = 4L, `28` = 1L, `29` = 2L, 
    `31` = 2L, `32` = 1L, `34` = 2L, `36` = 2L, `37` = 2L, `38` = 3L, 
    `39` = 2L, `41` = 1L, `42` = 1L, `43` = 1L, `45` = 1L, `49` = 1L, 
    `50` = 1L, `53` = 1L, `54` = 1L, `64` = 1L), .Dim = 45L, .Dimnames = structure(list(
        c("1", "2", "3", "4", "5", "6", "7", "8", "9", "10", 
        "11", "12", "13", "14", "15", "16", "17", "18", "19", 
        "20", "21", "22", "23", "24", "25", "26", "27", "28", 
        "29", "31", "32", "34", "36", "37", "38", "39", "41", 
        "42", "43", "45", "49", "50", "53", "54", "64")), .Names = ""), class = "table"), 
    No.Tag = structure(c(0L, 0L, 0L, 0L, 0L, 0L, 1L, 27L, 0L, 
    0L, 0L, 1L, 45L, 1L, 0L, 0L, 0L, 4L, 0L, 0L), .Dim = 5:4, .Dimnames = structure(list(
        c("-2", "-1", "0", "1", NA), c("-", "A", "G", NA)), .Names = c("", 
    "")), class = "table"), All.Tags = list(Concordant = list(
        Freqs = structure(c(0, 0, 0, 0, 0, 24, 164, 0, 0, 6, 
        175, 0), .Dim = 4:3, .Dimnames = list(c("-2", "-1", "0", 
        "1"), c("-", "A", "G"))), N = 369), Majority = list(Freqs = structure(c(0, 
    0, 0, 0, 1, 25, 187, 0, 0, 7, 194, 0), .Dim = 4:3, .Dimnames = list(
        c("-2", "-1", "0", "1"), c("-", "A", "G"))), N = 414)), 
    `2` = structure(c(0, 0, 0, 0, 1, 15, 146, 0, 0, 5, 149, 0
    ), .Dim = 4:3, .Dimnames = list(c("-2", "-1", "0", "1"), 
        c("-", "A", "G"))))))
