Results <-
list(`bwaOutput/20210421msiMNRsJenny/1254_S122.sam` = list(GM14_SNP1 = list(
    All = list(Freqs = structure(c(46L, 445L, 2522L, 33L, 1L, 
    9L, 1L, 0L, 2L, 0L, 0L, 0L, 0L, 1L, 31L, 0L, 0L, 0L), .Dim = c(6L, 
    3L), .Dimnames = structure(list(c("-2", "-1", "0", "1", "2", 
    NA), c("C", "T", NA)), .Names = c("", "")), class = "table"), 
        N = 3091L), Tag.Distribution = structure(c(`1` = 40L, 
    `2` = 9L, `3` = 7L, `4` = 5L, `5` = 4L, `6` = 2L, `7` = 3L, 
    `8` = 6L, `9` = 3L, `11` = 3L, `12` = 6L, `13` = 5L, `14` = 3L, 
    `15` = 5L, `16` = 6L, `17` = 9L, `18` = 4L, `19` = 6L, `20` = 2L, 
    `21` = 3L, `22` = 3L, `23` = 2L, `24` = 4L, `25` = 1L, `26` = 2L, 
    `27` = 3L, `28` = 1L, `29` = 2L, `30` = 5L, `31` = 1L, `32` = 1L, 
    `33` = 3L, `34` = 1L, `35` = 2L, `36` = 1L, `38` = 1L, `39` = 2L, 
    `41` = 2L, `42` = 2L, `43` = 1L, `44` = 1L, `45` = 2L, `47` = 3L, 
    `48` = 2L, `49` = 1L, `50` = 1L, `52` = 1L, `53` = 2L, `55` = 1L, 
    `66` = 1L), .Dim = 50L, .Dimnames = structure(list(c("1", 
    "2", "3", "4", "5", "6", "7", "8", "9", "11", "12", "13", 
    "14", "15", "16", "17", "18", "19", "20", "21", "22", "23", 
    "24", "25", "26", "27", "28", "29", "30", "31", "32", "33", 
    "34", "35", "36", "38", "39", "41", "42", "43", "44", "45", 
    "47", "48", "49", "50", "52", "53", "55", "66")), .Names = ""), class = "table"), 
    No.Tag = structure(c(0L, 1L, 60L, 0L, 0L, 0L, 0L, 0L, 0L, 
    0L, 0L, 0L, 0L, 0L, 0L, 0L, 0L, 0L), .Dim = c(6L, 3L), .Dimnames = structure(list(
        c("-2", "-1", "0", "1", "2", NA), c("C", "T", NA)), .Names = c("", 
    "")), class = "table"), All.Tags = list(Concordant = list(
        Freqs = structure(c(1, 16, 93, 0, 0, 0, 0, 2, 0, 0), .Dim = c(5L, 
        2L), .Dimnames = list(c("-2", "-1", "0", "1", "2"), c("C", 
        "T"))), N = 112), Majority = list(Freqs = structure(c(2, 
    25, 150, 0, 0, 0, 0, 2, 0, 0), .Dim = c(5L, 2L), .Dimnames = list(
        c("-2", "-1", "0", "1", "2"), c("C", "T"))), N = 179)), 
    `2` = structure(c(2, 21, 122, 0, 0, 0, 0, 0, 0, 0), .Dim = c(5L, 
    2L), .Dimnames = list(c("-2", "-1", "0", "1", "2"), c("C", 
    "T"))))))
