Results <-
list(`bwaOutput/20210421msiMNRsJenny/1254_S122.sam` = list(GM22_SNP1 = list(
    All = list(Freqs = structure(c(1L, 551L, 1773L, 5L, 10L, 
    0L, 0L, 4L, 0L, 0L, 0L, 0L, 1L, 0L, 0L, 0L, 1L, 17L, 2L, 
    0L), .Dim = 5:4, .Dimnames = structure(list(c("-2", "-1", 
    "0", "1", NA), c("A", "G", "T", NA)), .Names = c("", "")), class = "table"), 
        N = 2365L), Tag.Distribution = structure(c(`1` = 27L, 
    `2` = 2L, `3` = 2L, `4` = 3L, `6` = 5L, `7` = 2L, `8` = 3L, 
    `9` = 2L, `10` = 3L, `11` = 2L, `12` = 3L, `13` = 1L, `14` = 2L, 
    `15` = 2L, `16` = 6L, `17` = 1L, `18` = 5L, `19` = 2L, `20` = 2L, 
    `21` = 3L, `22` = 4L, `23` = 1L, `24` = 3L, `25` = 1L, `27` = 1L, 
    `28` = 2L, `29` = 1L, `30` = 1L, `32` = 1L, `33` = 5L, `34` = 1L, 
    `35` = 1L, `37` = 2L, `38` = 2L, `39` = 2L, `41` = 3L, `42` = 2L, 
    `43` = 1L, `44` = 1L, `46` = 1L, `47` = 1L, `52` = 3L, `53` = 1L, 
    `54` = 1L, `63` = 1L, `70` = 1L), .Dim = 46L, .Dimnames = structure(list(
        c("1", "2", "3", "4", "6", "7", "8", "9", "10", "11", 
        "12", "13", "14", "15", "16", "17", "18", "19", "20", 
        "21", "22", "23", "24", "25", "27", "28", "29", "30", 
        "32", "33", "34", "35", "37", "38", "39", "41", "42", 
        "43", "44", "46", "47", "52", "53", "54", "63", "70")), .Names = ""), class = "table"), 
    No.Tag = structure(c(0L, 6L, 91L, 0L, 1L, 0L, 0L, 0L, 0L, 
    0L, 0L, 0L, 0L, 0L, 0L, 0L, 0L, 2L, 0L, 0L), .Dim = 5:4, .Dimnames = structure(list(
        c("-2", "-1", "0", "1", NA), c("A", "G", "T", NA)), .Names = c("", 
    "")), class = "table"), All.Tags = list(Concordant = list(
        Freqs = structure(c(0, 30, 66, 0, 0, 0, 4, 0, 0, 0, 0, 
        0), .Dim = 4:3, .Dimnames = list(c("-2", "-1", "0", "1"
        ), c("A", "G", "T"))), N = 100), Majority = list(Freqs = structure(c(0, 
    30, 86, 0, 0, 0, 4, 0, 0, 0, 0, 0), .Dim = 4:3, .Dimnames = list(
        c("-2", "-1", "0", "1"), c("A", "G", "T"))), N = 120)), 
    `2` = structure(c(0, 21, 74, 0, 0, 0, 0, 0, 0, 0, 0, 0), .Dim = 4:3, .Dimnames = list(
        c("-2", "-1", "0", "1"), c("A", "G", "T"))))))
