Results <-
list(`bwaOutput/20210421msiMNRsJenny/1254_S122.sam` = list(GM07_SNP1 = list(
    All = list(Freqs = structure(c(0L, 1L, 0L, 3L, 0L, 0L, 0L, 
    0L, 0L, 0L, 1L, 0L, 0L, 0L, 2L, 6L, 409L, 1081L, 38L, 1L, 
    28L, 0L, 0L, 1L, 13L, 0L, 0L, 0L), .Dim = c(7L, 4L), .Dimnames = structure(list(
        c("-3", "-2", "-1", "0", "1", "2", NA), c("A", "C", "G", 
        NA)), .Names = c("", "")), class = "table"), N = 1584L), 
    Tag.Distribution = structure(c(`1` = 25L, `2` = 2L, `3` = 3L, 
    `5` = 2L, `8` = 3L, `9` = 3L, `10` = 3L, `11` = 2L, `12` = 1L, 
    `13` = 3L, `14` = 2L, `15` = 4L, `16` = 5L, `17` = 3L, `18` = 4L, 
    `19` = 4L, `20` = 2L, `21` = 2L, `22` = 1L, `24` = 2L, `25` = 1L, 
    `26` = 2L, `27` = 2L, `29` = 1L, `33` = 2L, `34` = 1L, `35` = 2L, 
    `36` = 1L, `40` = 1L, `43` = 2L, `44` = 1L, `45` = 1L, `47` = 1L, 
    `50` = 1L, `51` = 1L, `55` = 1L, `58` = 1L), .Dim = 37L, .Dimnames = structure(list(
        c("1", "2", "3", "5", "8", "9", "10", "11", "12", "13", 
        "14", "15", "16", "17", "18", "19", "20", "21", "22", 
        "24", "25", "26", "27", "29", "33", "34", "35", "36", 
        "40", "43", "44", "45", "47", "50", "51", "55", "58")), .Names = ""), class = "table"), 
    No.Tag = structure(c(0L, 0L, 0L, 0L, 0L, 0L, 0L, 0L, 0L, 
    0L, 0L, 0L, 0L, 0L, 0L, 0L, 5L, 14L, 0L, 0L, 2L, 0L, 0L, 
    0L, 0L, 0L, 0L, 0L), .Dim = c(7L, 4L), .Dimnames = structure(list(
        c("-3", "-2", "-1", "0", "1", "2", NA), c("A", "C", "G", 
        NA)), .Names = c("", "")), class = "table"), All.Tags = list(
        Concordant = list(Freqs = structure(c(0, 1, 0, 3, 0, 
        0, 0, 0, 0, 0, 0, 0, 0, 0, 13, 31, 1, 0), .Dim = c(6L, 
        3L), .Dimnames = list(c("-3", "-2", "-1", "0", "1", "2"
        ), c("A", "C", "G"))), N = 49), Majority = list(Freqs = structure(c(0, 
        1, 0, 3, 0, 0, 0, 0, 0, 0, 0, 0, 0, 0, 21, 65, 2, 0), .Dim = c(6L, 
        3L), .Dimnames = list(c("-3", "-2", "-1", "0", "1", "2"
        ), c("A", "C", "G"))), N = 92)), `2` = structure(c(0, 
    0, 0, 0, 0, 0, 0, 0, 0, 0, 0, 0, 0, 0, 18, 54, 1, 0), .Dim = c(6L, 
    3L), .Dimnames = list(c("-3", "-2", "-1", "0", "1", "2"), 
        c("A", "C", "G"))))))
