Results <-
list(`bwaOutput/20210421msiMNRsJenny/1254_S122.sam` = list(DEPDC2_SNP1 = list(
    All = list(Freqs = structure(c(1L, 1L, 624L, 2954L, 39L, 
    64L, 0L, 0L, 1L, 20L, 0L, 0L), .Dim = c(6L, 2L), .Dimnames = structure(list(
        c("-3", "-2", "-1", "0", "1", NA), c("T", NA)), .Names = c("", 
    "")), class = "table"), N = 3704L), Tag.Distribution = structure(c(`1` = 108L, 
    `2` = 19L, `3` = 14L, `4` = 4L, `5` = 6L, `6` = 7L, `7` = 11L, 
    `8` = 10L, `9` = 2L, `10` = 4L, `11` = 7L, `12` = 5L, `13` = 10L, 
    `14` = 8L, `15` = 4L, `16` = 2L, `17` = 3L, `18` = 6L, `19` = 4L, 
    `20` = 6L, `21` = 4L, `22` = 6L, `23` = 3L, `24` = 2L, `25` = 2L, 
    `26` = 2L, `27` = 3L, `28` = 2L, `29` = 1L, `30` = 3L, `31` = 2L, 
    `32` = 2L, `33` = 3L, `34` = 3L, `36` = 3L, `37` = 3L, `38` = 3L, 
    `39` = 3L, `41` = 3L, `43` = 2L, `46` = 1L, `48` = 3L, `49` = 1L, 
    `50` = 1L, `51` = 1L, `52` = 2L, `56` = 1L, `60` = 1L, `84` = 1L
    ), .Dim = 49L, .Dimnames = structure(list(c("1", "2", "3", 
    "4", "5", "6", "7", "8", "9", "10", "11", "12", "13", "14", 
    "15", "16", "17", "18", "19", "20", "21", "22", "23", "24", 
    "25", "26", "27", "28", "29", "30", "31", "32", "33", "34", 
    "36", "37", "38", "39", "41", "43", "46", "48", "49", "50", 
    "51", "52", "56", "60", "84")), .Names = ""), class = "table"), 
    No.Tag = structure(c(0L, 0L, 3L, 31L, 0L, 28L, 0L, 0L, 0L, 
    4L, 0L, 0L), .Dim = c(6L, 2L), .Dimnames = structure(list(
        c("-3", "-2", "-1", "0", "1", NA), c("T", NA)), .Names = c("", 
    "")), class = "table"), All.Tags = list(Concordant = list(
        Freqs = structure(c(0, 0, 42, 221, 2), .Dim = c(5L, 1L
        ), .Dimnames = list(c("-3", "-2", "-1", "0", "1"), "T")), 
        N = 265), Majority = list(Freqs = structure(c(0, 0, 45, 
    245, 2), .Dim = c(5L, 1L), .Dimnames = list(c("-3", "-2", 
    "-1", "0", "1"), "T")), N = 292)), `2` = structure(c(0, 0, 
    28, 168, 2), .Dim = c(5L, 1L), .Dimnames = list(c("-3", "-2", 
    "-1", "0", "1"), "T")))))
