Results <-
list(`bwaOutput/20210421msiMNRsJenny/1254_S122.sam` = list(LR36_SNP1 = list(
    All = list(Freqs = structure(c(0L, 0L, 1L, 44L, 950L, 8L, 
    2L, 6L, 0L, 0L, 0L, 0L, 1L, 0L, 0L, 0L, 1L, 1L, 77L, 205L, 
    779L, 5L, 0L, 10L, 0L, 0L, 0L, 1L, 48L, 0L, 0L, 0L), .Dim = c(8L, 
    4L), .Dimnames = structure(list(c("-4", "-3", "-2", "-1", 
    "0", "1", "2", NA), c("A", "G", "T", NA)), .Names = c("", 
    "")), class = "table"), N = 2139L), Tag.Distribution = structure(c(`1` = 25L, 
    `2` = 4L, `3` = 8L, `4` = 2L, `5` = 6L, `6` = 1L, `7` = 2L, 
    `8` = 4L, `9` = 4L, `10` = 6L, `11` = 4L, `12` = 3L, `13` = 3L, 
    `14` = 4L, `15` = 5L, `16` = 3L, `17` = 2L, `18` = 1L, `19` = 6L, 
    `20` = 5L, `21` = 1L, `22` = 2L, `23` = 1L, `24` = 1L, `25` = 1L, 
    `26` = 2L, `27` = 3L, `28` = 1L, `32` = 1L, `33` = 2L, `34` = 3L, 
    `35` = 1L, `36` = 1L, `37` = 1L, `38` = 2L, `39` = 1L, `41` = 1L, 
    `44` = 1L, `49` = 1L, `50` = 2L, `51` = 1L, `52` = 1L, `54` = 2L, 
    `60` = 1L, `70` = 1L), .Dim = 45L, .Dimnames = structure(list(
        c("1", "2", "3", "4", "5", "6", "7", "8", "9", "10", 
        "11", "12", "13", "14", "15", "16", "17", "18", "19", 
        "20", "21", "22", "23", "24", "25", "26", "27", "28", 
        "32", "33", "34", "35", "36", "37", "38", "39", "41", 
        "44", "49", "50", "51", "52", "54", "60", "70")), .Names = ""), class = "table"), 
    No.Tag = structure(c(0L, 0L, 0L, 0L, 20L, 0L, 0L, 0L, 0L, 
    0L, 0L, 0L, 1L, 0L, 0L, 0L, 0L, 0L, 0L, 0L, 11L, 0L, 0L, 
    1L, 0L, 0L, 0L, 0L, 3L, 0L, 0L, 0L), .Dim = c(8L, 4L), .Dimnames = structure(list(
        c("-4", "-3", "-2", "-1", "0", "1", "2", NA), c("A", 
        "G", "T", NA)), .Names = c("", "")), class = "table"), 
    All.Tags = list(Concordant = list(Freqs = structure(c(0, 
    0, 0, 2, 47, 0, 0, 0, 0, 0, 0, 0, 0, 0, 0, 0, 2, 9, 29, 0, 
    0), .Dim = c(7L, 3L), .Dimnames = list(c("-4", "-3", "-2", 
    "-1", "0", "1", "2"), c("A", "G", "T"))), N = 89), Majority = list(
        Freqs = structure(c(0, 0, 0, 3, 66, 0, 0, 0, 0, 0, 0, 
        0, 0, 0, 0, 0, 3, 10, 45, 0, 0), .Dim = c(7L, 3L), .Dimnames = list(
            c("-4", "-3", "-2", "-1", "0", "1", "2"), c("A", 
            "G", "T"))), N = 127)), `2` = structure(c(0, 0, 0, 
    2, 55, 0, 0, 0, 0, 0, 0, 0, 0, 0, 0, 0, 3, 9, 38, 0, 0), .Dim = c(7L, 
    3L), .Dimnames = list(c("-4", "-3", "-2", "-1", "0", "1", 
    "2"), c("A", "G", "T"))))))
