Results <-
list(`bwaOutput/20210421msiMNRsJenny/1254_S122.sam` = list(IM16_SNP1 = list(
    All = list(Freqs = structure(c(0L, 1L, 0L, 0L, 30L, 1639L, 
    61L, 6L, 0L, 23L, 3L, 0L), .Dim = 4:3, .Dimnames = structure(list(
        c("-1", "0", "1", NA), c("A", "G", NA)), .Names = c("", 
    "")), class = "table"), N = 1763L), Tag.Distribution = structure(c(`1` = 12L, 
    `2` = 1L, `3` = 2L, `4` = 2L, `5` = 2L, `6` = 2L, `7` = 2L, 
    `8` = 6L, `9` = 2L, `10` = 2L, `11` = 2L, `13` = 3L, `16` = 1L, 
    `18` = 2L, `19` = 7L, `21` = 3L, `22` = 5L, `23` = 1L, `25` = 1L, 
    `26` = 1L, `30` = 1L, `31` = 1L, `32` = 1L, `33` = 1L, `34` = 1L, 
    `35` = 1L, `36` = 1L, `38` = 2L, `42` = 1L, `43` = 1L, `44` = 3L, 
    `45` = 1L, `46` = 1L, `47` = 1L, `48` = 1L, `52` = 1L, `53` = 1L, 
    `55` = 1L, `58` = 1L, `60` = 1L, `62` = 1L), .Dim = 41L, .Dimnames = structure(list(
        c("1", "2", "3", "4", "5", "6", "7", "8", "9", "10", 
        "11", "13", "16", "18", "19", "21", "22", "23", "25", 
        "26", "30", "31", "32", "33", "34", "35", "36", "38", 
        "42", "43", "44", "45", "46", "47", "48", "52", "53", 
        "55", "58", "60", "62")), .Names = ""), class = "table"), 
    No.Tag = structure(c(0L, 0L, 0L, 0L, 0L, 65L, 2L, 1L, 0L, 
    2L, 0L, 0L), .Dim = 4:3, .Dimnames = structure(list(c("-1", 
    "0", "1", NA), c("A", "G", NA)), .Names = c("", "")), class = "table"), 
    All.Tags = list(Concordant = list(Freqs = structure(c(0, 
    1, 0, 2, 57, 1), .Dim = 3:2, .Dimnames = list(c("-1", "0", 
    "1"), c("A", "G"))), N = 61), Majority = list(Freqs = structure(c(0, 
    1, 0, 2, 75, 2), .Dim = 3:2, .Dimnames = list(c("-1", "0", 
    "1"), c("A", "G"))), N = 80)), `2` = structure(c(0, 0, 0, 
    2, 68, 1), .Dim = 3:2, .Dimnames = list(c("-1", "0", "1"), 
        c("A", "G"))))))
