Results <-
list(`bwaOutput/20210421msiMNRsJenny/1254_S122.sam` = list(LR48_SNP1 = list(
    All = list(Freqs = structure(c(0L, 43L, 666L, 47L, 3L, 83L, 
    389L, 317L, 4L, 5L, 0L, 3L, 18L, 2L, 0L), .Dim = c(5L, 3L
    ), .Dimnames = structure(list(c("-2", "-1", "0", "1", NA), 
        c("C", "T", NA)), .Names = c("", "")), class = "table"), 
        N = 1580L), Tag.Distribution = structure(c(`1` = 19L, 
    `2` = 3L, `4` = 1L, `5` = 2L, `6` = 1L, `7` = 2L, `11` = 1L, 
    `12` = 1L, `14` = 2L, `15` = 3L, `16` = 1L, `17` = 3L, `18` = 1L, 
    `19` = 2L, `21` = 2L, `22` = 2L, `23` = 3L, `24` = 1L, `25` = 1L, 
    `26` = 1L, `27` = 3L, `28` = 1L, `29` = 3L, `32` = 1L, `34` = 3L, 
    `36` = 1L, `40` = 2L, `42` = 1L, `43` = 1L, `44` = 1L, `49` = 1L, 
    `50` = 2L, `51` = 1L, `52` = 1L, `53` = 1L, `54` = 1L, `63` = 1L, 
    `64` = 1L), .Dim = 38L, .Dimnames = structure(list(c("1", 
    "2", "4", "5", "6", "7", "11", "12", "14", "15", "16", "17", 
    "18", "19", "21", "22", "23", "24", "25", "26", "27", "28", 
    "29", "32", "34", "36", "40", "42", "43", "44", "49", "50", 
    "51", "52", "53", "54", "63", "64")), .Names = ""), class = "table"), 
    No.Tag = structure(c(0L, 1L, 7L, 0L, 0L, 0L, 0L, 1L, 0L, 
    0L, 0L, 2L, 0L, 0L, 0L), .Dim = c(5L, 3L), .Dimnames = structure(list(
        c("-2", "-1", "0", "1", NA), c("C", "T", NA)), .Names = c("", 
    "")), class = "table"), All.Tags = list(Concordant = list(
        Freqs = structure(c(0, 1, 23, 1, 3, 10, 7, 0), .Dim = c(4L, 
        2L), .Dimnames = list(c("-2", "-1", "0", "1"), c("C", 
        "T"))), N = 45), Majority = list(Freqs = structure(c(0, 
    2, 37, 2, 3, 18, 14, 0), .Dim = c(4L, 2L), .Dimnames = list(
        c("-2", "-1", "0", "1"), c("C", "T"))), N = 76)), `2` = structure(c(0, 
    1, 28, 2, 2, 14, 12, 0), .Dim = c(4L, 2L), .Dimnames = list(
        c("-2", "-1", "0", "1"), c("C", "T"))))))
