Results <-
list(`bwaOutput/20210421msiMNRsJenny/1254_S122.sam` = list(LR44_SNP1 = list(
    All = list(Freqs = structure(c(3L, 97L, 907L, 1457L, 25L, 
    14L, 0L, 1L, 10L, 118L, 0L, 0L, 0L, 1L, 15L, 32L, 1L, 0L), .Dim = c(6L, 
    3L), .Dimnames = structure(list(c("-3", "-2", "-1", "0", 
    "1", NA), c("C", "T", NA)), .Names = c("", "")), class = "table"), 
        N = 2681L), Tag.Distribution = structure(c(`1` = 37L, 
    `2` = 7L, `3` = 2L, `4` = 9L, `5` = 2L, `6` = 3L, `7` = 4L, 
    `8` = 5L, `9` = 9L, `10` = 4L, `11` = 5L, `12` = 3L, `13` = 6L, 
    `14` = 3L, `15` = 5L, `16` = 5L, `17` = 2L, `18` = 2L, `19` = 1L, 
    `20` = 1L, `21` = 3L, `22` = 3L, `23` = 4L, `24` = 2L, `25` = 3L, 
    `26` = 3L, `28` = 1L, `29` = 4L, `30` = 4L, `31` = 2L, `32` = 3L, 
    `33` = 3L, `34` = 2L, `35` = 1L, `37` = 1L, `38` = 2L, `39` = 3L, 
    `43` = 2L, `45` = 1L, `46` = 2L, `48` = 1L, `51` = 1L, `54` = 1L, 
    `55` = 2L, `60` = 1L), .Dim = 45L, .Dimnames = structure(list(
        c("1", "2", "3", "4", "5", "6", "7", "8", "9", "10", 
        "11", "12", "13", "14", "15", "16", "17", "18", "19", 
        "20", "21", "22", "23", "24", "25", "26", "28", "29", 
        "30", "31", "32", "33", "34", "35", "37", "38", "39", 
        "43", "45", "46", "48", "51", "54", "55", "60")), .Names = ""), class = "table"), 
    No.Tag = structure(c(0L, 0L, 7L, 63L, 1L, 0L, 0L, 0L, 0L, 
    1L, 0L, 0L, 0L, 0L, 1L, 1L, 0L, 0L), .Dim = c(6L, 3L), .Dimnames = structure(list(
        c("-3", "-2", "-1", "0", "1", NA), c("C", "T", NA)), .Names = c("", 
    "")), class = "table"), All.Tags = list(Concordant = list(
        Freqs = structure(c(0, 4, 28, 57, 0, 0, 0, 1, 7, 0), .Dim = c(5L, 
        2L), .Dimnames = list(c("-3", "-2", "-1", "0", "1"), 
            c("C", "T"))), N = 97), Majority = list(Freqs = structure(c(0, 
    6, 45, 99, 1, 0, 0, 1, 10, 0), .Dim = c(5L, 2L), .Dimnames = list(
        c("-3", "-2", "-1", "0", "1"), c("C", "T"))), N = 162)), 
    `2` = structure(c(0, 4, 41, 81, 1, 0, 0, 0, 4, 0), .Dim = c(5L, 
    2L), .Dimnames = list(c("-3", "-2", "-1", "0", "1"), c("C", 
    "T"))))))
