Results <-
list(`bwaOutput/20210421msiMNRsJenny/1254_S122.sam` = list(LR20_SNP1 = list(
    All = list(Freqs = structure(c(17L, 877L, 2L, 1L, 0L, 954L, 
    1L, 1L, 0L, 13L, 0L, 0L), .Dim = 4:3, .Dimnames = structure(list(
        c("-1", "0", "1", NA), c("A", "G", NA)), .Names = c("", 
    "")), class = "table"), N = 1866L), Tag.Distribution = structure(c(`1` = 27L, 
    `2` = 2L, `3` = 5L, `4` = 5L, `5` = 6L, `6` = 3L, `7` = 7L, 
    `8` = 4L, `9` = 4L, `10` = 5L, `11` = 6L, `12` = 4L, `13` = 3L, 
    `14` = 5L, `15` = 4L, `16` = 2L, `17` = 3L, `18` = 6L, `19` = 2L, 
    `21` = 2L, `23` = 1L, `27` = 2L, `29` = 1L, `30` = 1L, `32` = 1L, 
    `33` = 1L, `38` = 1L, `40` = 2L, `41` = 1L, `42` = 2L, `43` = 1L, 
    `44` = 2L, `45` = 1L, `46` = 3L, `52` = 1L, `53` = 1L, `56` = 1L, 
    `60` = 1L), .Dim = 38L, .Dimnames = structure(list(c("1", 
    "2", "3", "4", "5", "6", "7", "8", "9", "10", "11", "12", 
    "13", "14", "15", "16", "17", "18", "19", "21", "23", "27", 
    "29", "30", "32", "33", "38", "40", "41", "42", "43", "44", 
    "45", "46", "52", "53", "56", "60")), .Names = ""), class = "table"), 
    No.Tag = structure(c(0L, 13L, 0L, 0L, 0L, 36L, 1L, 1L, 0L, 
    1L, 0L, 0L), .Dim = 4:3, .Dimnames = structure(list(c("-1", 
    "0", "1", NA), c("A", "G", NA)), .Names = c("", "")), class = "table"), 
    All.Tags = list(Concordant = list(Freqs = structure(c(2, 
    57, 0, 0, 61, 0), .Dim = 3:2, .Dimnames = list(c("-1", "0", 
    "1"), c("A", "G"))), N = 120), Majority = list(Freqs = structure(c(3, 
    61, 0, 0, 61, 0), .Dim = 3:2, .Dimnames = list(c("-1", "0", 
    "1"), c("A", "G"))), N = 125)), `2` = structure(c(2, 50, 
    0, 0, 50, 0), .Dim = 3:2, .Dimnames = list(c("-1", "0", "1"
    ), c("A", "G"))))))
