Results <-
list(`bwaOutput/20210421msiMNRsJenny/1254_S122.sam` = list(LR52_SNP1 = list(
    All = list(Freqs = structure(c(12L, 190L, 279L, 544L, 3L, 
    14L, 0L, 3L, 4L, 28L, 1L, 0L), .Dim = c(6L, 2L), .Dimnames = structure(list(
        c("-3", "-2", "-1", "0", "1", NA), c("T", NA)), .Names = c("", 
    "")), class = "table"), N = 1078L), Tag.Distribution = structure(c(`1` = 10L, 
    `3` = 3L, `7` = 1L, `8` = 4L, `9` = 2L, `10` = 2L, `11` = 1L, 
    `13` = 3L, `14` = 3L, `15` = 3L, `17` = 1L, `18` = 3L, `20` = 2L, 
    `22` = 1L, `26` = 2L, `28` = 1L, `29` = 1L, `30` = 1L, `32` = 1L, 
    `34` = 1L, `36` = 1L, `38` = 2L, `42` = 1L, `43` = 2L, `44` = 1L, 
    `48` = 1L, `49` = 1L, `52` = 1L, `60` = 1L), .Dim = 29L, .Dimnames = structure(list(
        c("1", "3", "7", "8", "9", "10", "11", "13", "14", "15", 
        "17", "18", "20", "22", "26", "28", "29", "30", "32", 
        "34", "36", "38", "42", "43", "44", "48", "49", "52", 
        "60")), .Names = ""), class = "table"), No.Tag = structure(c(0L, 
    2L, 2L, 9L, 0L, 0L, 0L, 0L, 0L, 1L, 0L, 0L), .Dim = c(6L, 
    2L), .Dimnames = structure(list(c("-3", "-2", "-1", "0", 
    "1", NA), c("T", NA)), .Names = c("", "")), class = "table"), 
    All.Tags = list(Concordant = list(Freqs = structure(c(0, 
    3, 4, 15, 0), .Dim = c(5L, 1L), .Dimnames = list(c("-3", 
    "-2", "-1", "0", "1"), "T")), N = 22), Majority = list(Freqs = structure(c(0, 
    9, 13, 32, 0), .Dim = c(5L, 1L), .Dimnames = list(c("-3", 
    "-2", "-1", "0", "1"), "T")), N = 54)), `2` = structure(c(0, 
    8, 12, 27, 0), .Dim = c(5L, 1L), .Dimnames = list(c("-3", 
    "-2", "-1", "0", "1"), "T")))))
