Results <-
list(`bwaOutput/20210421msiMNRsJenny/1254_S122.sam` = list(LR17_SNP1 = list(
    All = list(Freqs = structure(c(2L, 71L, 875L, 1369L, 19L, 
    24L, 0L, 0L, 0L, 1L, 0L, 0L, 0L, 1L, 24L, 50L, 0L, 0L), .Dim = c(6L, 
    3L), .Dimnames = structure(list(c("-3", "-2", "-1", "0", 
    "1", NA), c("A", "G", NA)), .Names = c("", "")), class = "table"), 
        N = 2436L), Tag.Distribution = structure(c(`1` = 32L, 
    `2` = 8L, `3` = 1L, `6` = 1L, `7` = 3L, `8` = 2L, `9` = 1L, 
    `10` = 4L, `11` = 5L, `12` = 2L, `13` = 3L, `14` = 2L, `15` = 3L, 
    `16` = 1L, `18` = 2L, `19` = 5L, `20` = 3L, `21` = 2L, `22` = 1L, 
    `23` = 3L, `24` = 4L, `25` = 2L, `26` = 3L, `28` = 1L, `31` = 2L, 
    `32` = 3L, `33` = 1L, `34` = 1L, `35` = 1L, `36` = 1L, `37` = 1L, 
    `38` = 1L, `39` = 2L, `40` = 1L, `41` = 2L, `42` = 3L, `43` = 1L, 
    `44` = 2L, `48` = 2L, `49` = 1L, `50` = 1L, `51` = 2L, `54` = 1L, 
    `55` = 1L, `57` = 1L, `62` = 1L, `63` = 1L, `68` = 1L), .Dim = 48L, .Dimnames = structure(list(
        c("1", "2", "3", "6", "7", "8", "9", "10", "11", "12", 
        "13", "14", "15", "16", "18", "19", "20", "21", "22", 
        "23", "24", "25", "26", "28", "31", "32", "33", "34", 
        "35", "36", "37", "38", "39", "40", "41", "42", "43", 
        "44", "48", "49", "50", "51", "54", "55", "57", "62", 
        "63", "68")), .Names = ""), class = "table"), No.Tag = structure(c(0L, 
    0L, 12L, 12L, 0L, 0L, 0L, 0L, 0L, 0L, 0L, 0L, 0L, 0L, 1L, 
    1L, 0L, 0L), .Dim = c(6L, 3L), .Dimnames = structure(list(
        c("-3", "-2", "-1", "0", "1", NA), c("A", "G", NA)), .Names = c("", 
    "")), class = "table"), All.Tags = list(Concordant = list(
        Freqs = structure(c(0, 0, 31, 51, 0, 0, 0, 0, 0, 0), .Dim = c(5L, 
        2L), .Dimnames = list(c("-3", "-2", "-1", "0", "1"), 
            c("A", "G"))), N = 82), Majority = list(Freqs = structure(c(0, 
    1, 43, 81, 0, 0, 0, 0, 0, 0), .Dim = c(5L, 2L), .Dimnames = list(
        c("-3", "-2", "-1", "0", "1"), c("A", "G"))), N = 125)), 
    `2` = structure(c(0, 1, 33, 62, 0, 0, 0, 0, 0, 0), .Dim = c(5L, 
    2L), .Dimnames = list(c("-3", "-2", "-1", "0", "1"), c("A", 
    "G"))))))
