Results <-
list(`bwaOutput/20210421msiMNRsJenny/1254_S122.sam` = list(GM11_SNP1 = list(
    All = list(Freqs = structure(c(0L, 80L, 262L, 2L, 0L, 2L, 
    40L, 529L, 1L, 1L, 0L, 0L, 5L, 0L, 0L), .Dim = c(5L, 3L), .Dimnames = structure(list(
        c("-2", "-1", "0", "1", NA), c("A", "G", NA)), .Names = c("", 
    "")), class = "table"), N = 922L), Tag.Distribution = structure(c(`1` = 14L, 
    `2` = 2L, `3` = 1L, `5` = 4L, `6` = 3L, `9` = 2L, `10` = 1L, 
    `11` = 1L, `13` = 2L, `14` = 1L, `15` = 4L, `16` = 2L, `17` = 1L, 
    `18` = 2L, `19` = 2L, `23` = 3L, `24` = 3L, `31` = 1L, `32` = 1L, 
    `33` = 1L, `35` = 1L, `37` = 1L, `38` = 1L, `43` = 1L, `48` = 1L, 
    `51` = 1L, `52` = 1L, `54` = 1L), .Dim = 28L, .Dimnames = structure(list(
        c("1", "2", "3", "5", "6", "9", "10", "11", "13", "14", 
        "15", "16", "17", "18", "19", "23", "24", "31", "32", 
        "33", "35", "37", "38", "43", "48", "51", "52", "54")), .Names = ""), class = "table"), 
    No.Tag = structure(c(0L, 2L, 1L, 0L, 0L, 0L, 0L, 3L, 0L, 
    0L, 0L, 0L, 0L, 0L, 0L), .Dim = c(5L, 3L), .Dimnames = structure(list(
        c("-2", "-1", "0", "1", NA), c("A", "G", NA)), .Names = c("", 
    "")), class = "table"), All.Tags = list(Concordant = list(
        Freqs = structure(c(0, 2, 16, 0, 0, 1, 26, 0), .Dim = c(4L, 
        2L), .Dimnames = list(c("-2", "-1", "0", "1"), c("A", 
        "G"))), N = 45), Majority = list(Freqs = structure(c(0, 
    3, 19, 0, 0, 1, 36, 0), .Dim = c(4L, 2L), .Dimnames = list(
        c("-2", "-1", "0", "1"), c("A", "G"))), N = 59)), `2` = structure(c(0, 
    3, 13, 0, 0, 1, 28, 0), .Dim = c(4L, 2L), .Dimnames = list(
        c("-2", "-1", "0", "1"), c("A", "G"))))))
