Results <-
list(`bwaOutput/20210421msiMNRsJenny/1254_S122.sam` = list(LR11_SNP1 = list(
    All = list(Freqs = structure(c(0L, 0L, 1L, 0L, 0L, 2L, 116L, 
    1248L, 34L, 5L, 0L, 58L, 661L, 6L, 2L, 0L, 0L, 20L, 0L, 0L
    ), .Dim = 5:4, .Dimnames = structure(list(c("-2", "-1", "0", 
    "1", NA), c("-", "A", "C", NA)), .Names = c("", "")), class = "table"), 
        N = 2153L), Tag.Distribution = structure(c(`1` = 28L, 
    `2` = 2L, `4` = 1L, `5` = 3L, `6` = 3L, `7` = 3L, `8` = 1L, 
    `10` = 3L, `11` = 3L, `12` = 5L, `13` = 2L, `14` = 4L, `15` = 4L, 
    `16` = 3L, `18` = 2L, `19` = 3L, `20` = 4L, `21` = 1L, `22` = 7L, 
    `24` = 3L, `25` = 1L, `27` = 4L, `29` = 1L, `30` = 3L, `33` = 1L, 
    `34` = 2L, `36` = 2L, `37` = 1L, `38` = 2L, `39` = 1L, `40` = 2L, 
    `41` = 2L, `42` = 1L, `43` = 2L, `46` = 1L, `47` = 1L, `48` = 1L, 
    `51` = 1L, `52` = 2L, `55` = 1L, `57` = 1L), .Dim = 41L, .Dimnames = structure(list(
        c("1", "2", "4", "5", "6", "7", "8", "10", "11", "12", 
        "13", "14", "15", "16", "18", "19", "20", "21", "22", 
        "24", "25", "27", "29", "30", "33", "34", "36", "37", 
        "38", "39", "40", "41", "42", "43", "46", "47", "48", 
        "51", "52", "55", "57")), .Names = ""), class = "table"), 
    No.Tag = structure(c(0L, 0L, 0L, 0L, 0L, 0L, 1L, 45L, 0L, 
    0L, 0L, 0L, 1L, 0L, 0L, 0L, 0L, 0L, 0L, 0L), .Dim = 5:4, .Dimnames = structure(list(
        c("-2", "-1", "0", "1", NA), c("-", "A", "C", NA)), .Names = c("", 
    "")), class = "table"), All.Tags = list(Concordant = list(
        Freqs = structure(c(0, 0, 0, 0, 0, 4, 42, 0, 0, 2, 22, 
        0), .Dim = 4:3, .Dimnames = list(c("-2", "-1", "0", "1"
        ), c("-", "A", "C"))), N = 70), Majority = list(Freqs = structure(c(0, 
    0, 0, 0, 0, 5, 69, 0, 0, 3, 39, 0), .Dim = 4:3, .Dimnames = list(
        c("-2", "-1", "0", "1"), c("-", "A", "C"))), N = 116)), 
    `2` = structure(c(0, 0, 0, 0, 0, 4, 53, 0, 0, 2, 31, 0), .Dim = 4:3, .Dimnames = list(
        c("-2", "-1", "0", "1"), c("-", "A", "C"))))))
