Results <-
list(`bwaOutput/20210421msiMNRsJenny/1259_S141.sam` = list(IM16_SNP1 = list(
    All = list(Freqs = structure(c(4L, 413L, 2422L, 42L, 2L, 
    50L, 1047L, 2008L, 22L, 8L, 0L, 2L, 62L, 3L, 0L), .Dim = c(5L, 
    3L), .Dimnames = structure(list(c("-2", "-1", "0", "1", NA
    ), c("A", "G", NA)), .Names = c("", "")), class = "table"), 
        N = 6085L), Tag.Distribution = structure(c(`1` = 461L, 
    `2` = 354L, `3` = 293L, `4` = 201L, `5` = 161L, `6` = 88L, 
    `7` = 65L, `8` = 43L, `9` = 32L, `10` = 22L, `11` = 14L, 
    `12` = 7L, `13` = 8L, `14` = 4L, `15` = 1L, `16` = 1L, `17` = 2L, 
    `20` = 1L), .Dim = 18L, .Dimnames = structure(list(c("1", 
    "2", "3", "4", "5", "6", "7", "8", "9", "10", "11", "12", 
    "13", "14", "15", "16", "17", "20")), .Names = ""), class = "table"), 
    No.Tag = structure(c(0L, 1L, 40L, 1L, 0L, 0L, 14L, 42L, 0L, 
    1L, 0L, 0L, 11L, 0L, 0L), .Dim = c(5L, 3L), .Dimnames = structure(list(
        c("-2", "-1", "0", "1", NA), c("A", "G", NA)), .Names = c("", 
    "")), class = "table"), All.Tags = list(Concordant = list(
        Freqs = structure(c(0, 87, 533, 5, 9, 202, 456, 3), .Dim = c(4L, 
        2L), .Dimnames = list(c("-2", "-1", "0", "1"), c("A", 
        "G"))), N = 1295), Majority = list(Freqs = structure(c(0, 
    116, 676, 6, 13, 273, 566, 3), .Dim = c(4L, 2L), .Dimnames = list(
        c("-2", "-1", "0", "1"), c("A", "G"))), N = 1653)), `2` = structure(c(0, 
    80, 492, 1, 10, 207, 411, 0), .Dim = c(4L, 2L), .Dimnames = list(
        c("-2", "-1", "0", "1"), c("A", "G"))))))
