Results <-
list(`bwaOutput/20210421msiMNRsJenny/1259_S141.sam` = list(LR24_SNP1 = list(
    All = list(Freqs = structure(c(43L, 1365L, 7725L, 14L, 12L, 
    1L, 206L, 8700L, 23L, 9L, 0L, 0L, 1L, 0L, 0L, 0L, 3L, 82L, 
    1L, 0L), .Dim = 5:4, .Dimnames = structure(list(c("-2", "-1", 
    "0", "1", NA), c("A", "G", "T", NA)), .Names = c("", "")), class = "table"), 
        N = 18185L), Tag.Distribution = structure(c(`1` = 570L, 
    `2` = 556L, `3` = 485L, `4` = 412L, `5` = 362L, `6` = 278L, 
    `7` = 227L, `8` = 169L, `9` = 146L, `10` = 112L, `11` = 83L, 
    `12` = 58L, `13` = 42L, `14` = 29L, `15` = 22L, `16` = 15L, 
    `17` = 18L, `18` = 13L, `19` = 6L, `20` = 3L, `21` = 3L, 
    `22` = 2L, `23` = 2L, `24` = 1L, `25` = 1L, `28` = 2L, `30` = 1L
    ), .Dim = 27L, .Dimnames = structure(list(c("1", "2", "3", 
    "4", "5", "6", "7", "8", "9", "10", "11", "12", "13", "14", 
    "15", "16", "17", "18", "19", "20", "21", "22", "23", "24", 
    "25", "28", "30")), .Names = ""), class = "table"), No.Tag = structure(c(0L, 
    33L, 171L, 1L, 1L, 0L, 4L, 193L, 0L, 0L, 0L, 0L, 0L, 0L, 
    0L, 0L, 0L, 11L, 0L, 0L), .Dim = 5:4, .Dimnames = structure(list(
        c("-2", "-1", "0", "1", NA), c("A", "G", "T", NA)), .Names = c("", 
    "")), class = "table"), All.Tags = list(Concordant = list(
        Freqs = structure(c(4, 72, 617, 0, 0, 12, 729, 2, 0, 
        0, 0, 0), .Dim = 4:3, .Dimnames = list(c("-2", "-1", 
        "0", "1"), c("A", "G", "T"))), N = 1436), Majority = list(
        Freqs = structure(c(5, 146, 1333, 0, 0, 18, 1639, 2, 
        0, 0, 0, 0), .Dim = 4:3, .Dimnames = list(c("-2", "-1", 
        "0", "1"), c("A", "G", "T"))), N = 3143)), `2` = structure(c(3, 
    98, 1106, 0, 0, 9, 1360, 1, 0, 0, 0, 0), .Dim = 4:3, .Dimnames = list(
        c("-2", "-1", "0", "1"), c("A", "G", "T"))))))
