Results <-
list(`bwaOutput/20210421msiMNRsJenny/1259_S141.sam` = list(GM07_SNP1 = list(
    All = list(Freqs = structure(c(0L, 0L, 0L, 1L, 0L, 0L, 0L, 
    0L, 20L, 598L, 1797L, 56L, 2L, 50L, 1L, 67L, 868L, 1422L, 
    59L, 3L, 48L, 0L, 0L, 1L, 1L, 0L, 0L, 0L, 0L, 0L, 5L, 26L, 
    3L, 0L, 0L), .Dim = c(7L, 5L), .Dimnames = structure(list(
        c("-3", "-2", "-1", "0", "1", "2", NA), c("-", "A", "G", 
        "T", NA)), .Names = c("", "")), class = "table"), N = 5028L), 
    Tag.Distribution = structure(c(`1` = 407L, `2` = 318L, `3` = 270L, 
    `4` = 175L, `5` = 111L, `6` = 88L, `7` = 41L, `8` = 41L, 
    `9` = 20L, `10` = 17L, `11` = 12L, `12` = 3L, `13` = 2L, 
    `14` = 1L, `16` = 1L, `18` = 1L, `23` = 1L), .Dim = 17L, .Dimnames = structure(list(
        c("1", "2", "3", "4", "5", "6", "7", "8", "9", "10", 
        "11", "12", "13", "14", "16", "18", "23")), .Names = ""), class = "table"), 
    No.Tag = structure(c(0L, 0L, 0L, 0L, 0L, 0L, 0L, 0L, 1L, 
    32L, 39L, 1L, 0L, 13L, 0L, 1L, 14L, 48L, 4L, 1L, 6L, 0L, 
    0L, 0L, 0L, 0L, 0L, 0L, 0L, 0L, 0L, 2L, 0L, 0L, 0L), .Dim = c(7L, 
    5L), .Dimnames = structure(list(c("-3", "-2", "-1", "0", 
    "1", "2", NA), c("-", "A", "G", "T", NA)), .Names = c("", 
    "")), class = "table"), All.Tags = list(Concordant = list(
        Freqs = structure(c(0, 0, 0, 0, 0, 0, 0, 2, 122, 417, 
        3, 0, 1, 12, 184, 320, 7, 0, 0, 0, 0, 0, 0, 0), .Dim = c(6L, 
        4L), .Dimnames = list(c("-3", "-2", "-1", "0", "1", "2"
        ), c("-", "A", "G", "T"))), N = 1068), Majority = list(
        Freqs = structure(c(0, 0, 0, 0, 0, 0, 0, 2, 152, 540, 
        3, 0, 1, 16, 244, 426, 7, 0, 0, 0, 0, 0, 0, 0), .Dim = c(6L, 
        4L), .Dimnames = list(c("-3", "-2", "-1", "0", "1", "2"
        ), c("-", "A", "G", "T"))), N = 1391)), `2` = structure(c(0, 
    0, 0, 0, 0, 0, 0, 1, 103, 386, 0, 0, 0, 10, 181, 316, 3, 
    0, 0, 0, 0, 0, 0, 0), .Dim = c(6L, 4L), .Dimnames = list(
        c("-3", "-2", "-1", "0", "1", "2"), c("-", "A", "G", 
        "T"))))))
