Results <-
list(`bwaOutput/20210421msiMNRsJenny/1259_S141.sam` = list(GM17_SNP1 = list(
    All = list(Freqs = structure(c(0L, 0L, 1L, 0L, 0L, 1L, 98L, 
    7428L, 28L, 6L, 1L, 116L, 7615L, 34L, 3L, 0L, 1L, 79L, 0L, 
    0L), .Dim = 5:4, .Dimnames = structure(list(c("-2", "-1", 
    "0", "1", NA), c("A", "C", "T", NA)), .Names = c("", "")), class = "table"), 
        N = 15411L), Tag.Distribution = structure(c(`1` = 426L, 
    `2` = 442L, `3` = 340L, `4` = 332L, `5` = 272L, `6` = 211L, 
    `7` = 194L, `8` = 154L, `9` = 108L, `10` = 82L, `11` = 78L, 
    `12` = 50L, `13` = 38L, `14` = 30L, `15` = 46L, `16` = 21L, 
    `17` = 12L, `18` = 13L, `19` = 6L, `20` = 4L, `21` = 6L, 
    `22` = 2L, `24` = 4L, `26` = 2L, `29` = 1L, `32` = 1L), .Dim = 26L, .Dimnames = structure(list(
        c("1", "2", "3", "4", "5", "6", "7", "8", "9", "10", 
        "11", "12", "13", "14", "15", "16", "17", "18", "19", 
        "20", "21", "22", "24", "26", "29", "32")), .Names = ""), class = "table"), 
    No.Tag = structure(c(0L, 0L, 0L, 0L, 0L, 0L, 0L, 150L, 0L, 
    3L, 0L, 1L, 174L, 1L, 1L, 0L, 1L, 5L, 0L, 0L), .Dim = 5:4, .Dimnames = structure(list(
        c("-2", "-1", "0", "1", NA), c("A", "C", "T", NA)), .Names = c("", 
    "")), class = "table"), All.Tags = list(Concordant = list(
        Freqs = structure(c(0, 0, 0, 0, 0, 6, 828, 2, 0, 2, 877, 
        2), .Dim = 4:3, .Dimnames = list(c("-2", "-1", "0", "1"
        ), c("A", "C", "T"))), N = 1717), Majority = list(Freqs = structure(c(0, 
    0, 0, 0, 0, 8, 1339, 3, 0, 5, 1354, 4), .Dim = 4:3, .Dimnames = list(
        c("-2", "-1", "0", "1"), c("A", "C", "T"))), N = 2713)), 
    `2` = structure(c(0, 0, 0, 0, 0, 5, 1124, 1, 0, 4, 1155, 
    2), .Dim = 4:3, .Dimnames = list(c("-2", "-1", "0", "1"), 
        c("A", "C", "T"))))))
