Results <-
list(`bwaOutput/20210421msiMNRsJenny/1259_S141.sam` = list(GM01_SNP1 = list(
    All = list(Freqs = structure(c(0L, 0L, 1L, 0L, 0L, 0L, 1L, 
    172L, 8564L, 61L, 1L, 6L, 0L, 0L, 4L, 0L, 0L, 1L, 0L, 1L, 
    0L, 0L, 0L, 0L, 0L, 6L, 92L, 0L, 0L, 0L), .Dim = 6:5, .Dimnames = structure(list(
        c("-2", "-1", "0", "1", "2", NA), c("-", "A", "G", "T", 
        NA)), .Names = c("", "")), class = "table"), N = 8910L), 
    Tag.Distribution = structure(c(`1` = 493L, `2` = 436L, `3` = 335L, 
    `4` = 252L, `5` = 203L, `6` = 144L, `7` = 92L, `8` = 73L, 
    `9` = 55L, `10` = 43L, `11` = 26L, `12` = 19L, `13` = 18L, 
    `14` = 6L, `15` = 5L, `16` = 4L, `17` = 8L, `18` = 5L, `19` = 3L, 
    `20` = 1L, `21` = 1L, `22` = 1L, `27` = 1L, `32` = 1L), .Dim = 24L, .Dimnames = structure(list(
        c("1", "2", "3", "4", "5", "6", "7", "8", "9", "10", 
        "11", "12", "13", "14", "15", "16", "17", "18", "19", 
        "20", "21", "22", "27", "32")), .Names = ""), class = "table"), 
    No.Tag = structure(c(0L, 0L, 0L, 0L, 0L, 0L, 0L, 1L, 118L, 
    0L, 0L, 0L, 0L, 0L, 1L, 0L, 0L, 0L, 0L, 0L, 0L, 0L, 0L, 0L, 
    0L, 0L, 4L, 0L, 0L, 0L), .Dim = 6:5, .Dimnames = structure(list(
        c("-2", "-1", "0", "1", "2", NA), c("-", "A", "G", "T", 
        NA)), .Names = c("", "")), class = "table"), All.Tags = list(
        Concordant = list(Freqs = structure(c(0, 0, 0, 0, 0, 
        0, 9, 2019, 2, 0, 0, 0, 1, 0, 0, 0, 0, 0, 0, 0), .Dim = 5:4, .Dimnames = list(
            c("-2", "-1", "0", "1", "2"), c("-", "A", "G", "T"
            ))), N = 2031), Majority = list(Freqs = structure(c(0, 
        0, 0, 0, 0, 0, 12, 2184, 4, 0, 0, 0, 1, 0, 0, 0, 0, 0, 
        0, 0), .Dim = 5:4, .Dimnames = list(c("-2", "-1", "0", 
        "1", "2"), c("-", "A", "G", "T"))), N = 2201)), `2` = structure(c(0, 
    0, 0, 0, 0, 0, 4, 1709, 2, 0, 0, 0, 0, 0, 0, 0, 0, 0, 0, 
    0), .Dim = 5:4, .Dimnames = list(c("-2", "-1", "0", "1", 
    "2"), c("-", "A", "G", "T"))))))
