Results <-
list(`bwaOutput/20210421msiMNRsJenny/1259_S141.sam` = list(LR11_SNP1 = list(
    All = list(Freqs = structure(c(0L, 0L, 3L, 0L, 0L, 53L, 808L, 
    7276L, 69L, 29L, 0L, 0L, 1L, 0L, 0L, 1L, 22L, 175L, 2L, 0L
    ), .Dim = 5:4, .Dimnames = structure(list(c("-2", "-1", "0", 
    "1", NA), c("A", "C", "G", NA)), .Names = c("", "")), class = "table"), 
        N = 8439L), Tag.Distribution = structure(c(`1` = 535L, 
    `2` = 443L, `3` = 357L, `4` = 265L, `5` = 194L, `6` = 150L, 
    `7` = 94L, `8` = 64L, `9` = 64L, `10` = 32L, `11` = 20L, 
    `12` = 14L, `13` = 7L, `14` = 7L, `15` = 7L, `16` = 6L, `17` = 2L, 
    `18` = 1L, `19` = 1L), .Dim = 19L, .Dimnames = structure(list(
        c("1", "2", "3", "4", "5", "6", "7", "8", "9", "10", 
        "11", "12", "13", "14", "15", "16", "17", "18", "19")), .Names = ""), class = "table"), 
    No.Tag = structure(c(0L, 0L, 0L, 0L, 0L, 1L, 9L, 88L, 1L, 
    1L, 0L, 0L, 1L, 0L, 0L, 0L, 0L, 1L, 0L, 0L), .Dim = 5:4, .Dimnames = structure(list(
        c("-2", "-1", "0", "1", NA), c("A", "C", "G", NA)), .Names = c("", 
    "")), class = "table"), All.Tags = list(Concordant = list(
        Freqs = structure(c(0, 0, 2, 0, 7, 119, 1746, 6, 0, 0, 
        0, 0), .Dim = 4:3, .Dimnames = list(c("-2", "-1", "0", 
        "1"), c("A", "C", "G"))), N = 1880), Majority = list(
        Freqs = structure(c(0, 0, 2, 0, 10, 171, 1990, 7, 0, 
        0, 0, 0), .Dim = 4:3, .Dimnames = list(c("-2", "-1", 
        "0", "1"), c("A", "C", "G"))), N = 2180)), `2` = structure(c(0, 
    0, 0, 0, 9, 111, 1541, 2, 0, 0, 0, 0), .Dim = 4:3, .Dimnames = list(
        c("-2", "-1", "0", "1"), c("A", "C", "G"))))))
