Results <-
list(`bwaOutput/20210421msiMNRsJenny/1259_S141.sam` = list(LR36_SNP1 = list(
    All = list(Freqs = structure(c(4L, 183L, 978L, 3311L, 31L, 
    66L, 0L, 0L, 0L, 0L, 0L, 1L, 1L, 24L, 595L, 3690L, 62L, 37L, 
    0L, 0L, 16L, 223L, 4L, 0L), .Dim = c(6L, 4L), .Dimnames = structure(list(
        c("-3", "-2", "-1", "0", "1", NA), c("A", "G", "T", NA
        )), .Names = c("", "")), class = "table"), N = 9226L), 
    Tag.Distribution = structure(c(`1` = 548L, `2` = 447L, `3` = 369L, 
    `4` = 275L, `5` = 191L, `6` = 150L, `7` = 115L, `8` = 81L, 
    `9` = 48L, `10` = 40L, `11` = 29L, `12` = 21L, `13` = 8L, 
    `14` = 8L, `15` = 4L, `16` = 3L, `17` = 5L, `18` = 2L, `19` = 3L, 
    `20` = 1L, `21` = 1L, `22` = 1L, `23` = 1L, `28` = 1L), .Dim = 24L, .Dimnames = structure(list(
        c("1", "2", "3", "4", "5", "6", "7", "8", "9", "10", 
        "11", "12", "13", "14", "15", "16", "17", "18", "19", 
        "20", "21", "22", "23", "28")), .Names = ""), class = "table"), 
    No.Tag = structure(c(0L, 2L, 14L, 86L, 1L, 4L, 0L, 0L, 0L, 
    0L, 0L, 0L, 0L, 0L, 7L, 111L, 3L, 3L, 0L, 0L, 3L, 16L, 0L, 
    0L), .Dim = c(6L, 4L), .Dimnames = structure(list(c("-3", 
    "-2", "-1", "0", "1", NA), c("A", "G", "T", NA)), .Names = c("", 
    "")), class = "table"), All.Tags = list(Concordant = list(
        Freqs = structure(c(0, 29, 129, 579, 2, 0, 0, 0, 0, 0, 
        0, 6, 86, 646, 7), .Dim = c(5L, 3L), .Dimnames = list(
            c("-3", "-2", "-1", "0", "1"), c("A", "G", "T"))), 
        N = 1484), Majority = list(Freqs = structure(c(0, 42, 
    201, 824, 2, 0, 0, 0, 0, 0, 0, 6, 127, 910, 8), .Dim = c(5L, 
    3L), .Dimnames = list(c("-3", "-2", "-1", "0", "1"), c("A", 
    "G", "T"))), N = 2120)), `2` = structure(c(0, 30, 158, 614, 
    1, 0, 0, 0, 0, 0, 0, 2, 96, 697, 3), .Dim = c(5L, 3L), .Dimnames = list(
        c("-3", "-2", "-1", "0", "1"), c("A", "G", "T"))))))
