Results <-
list(`bwaOutput/20210421msiMNRsJenny/1259_S141.sam` = list(LR20_SNP1 = list(
    All = list(Freqs = structure(c(0L, 19L, 0L, 0L, 0L, 1L, 0L, 
    0L, 505L, 6342L, 5L, 10L, 3L, 45L, 0L, 0L), .Dim = c(4L, 
    4L), .Dimnames = structure(list(c("-1", "0", "1", NA), c("A", 
    "C", "G", NA)), .Names = c("", "")), class = "table"), N = 6930L), 
    Tag.Distribution = structure(c(`1` = 514L, `2` = 345L, `3` = 270L, 
    `4` = 202L, `5` = 171L, `6` = 115L, `7` = 70L, `8` = 53L, 
    `9` = 40L, `10` = 25L, `11` = 16L, `12` = 8L, `13` = 13L, 
    `14` = 5L, `15` = 7L, `16` = 5L, `17` = 6L, `19` = 2L, `20` = 2L, 
    `25` = 1L), .Dim = 20L, .Dimnames = structure(list(c("1", 
    "2", "3", "4", "5", "6", "7", "8", "9", "10", "11", "12", 
    "13", "14", "15", "16", "17", "19", "20", "25")), .Names = ""), class = "table"), 
    No.Tag = structure(c(0L, 0L, 0L, 0L, 0L, 0L, 0L, 0L, 15L, 
    118L, 0L, 1L, 1L, 3L, 0L, 0L), .Dim = c(4L, 4L), .Dimnames = structure(list(
        c("-1", "0", "1", NA), c("A", "C", "G", NA)), .Names = c("", 
    "")), class = "table"), All.Tags = list(Concordant = list(
        Freqs = structure(c(0, 4, 0, 0, 0, 0, 71, 1635, 0), .Dim = c(3L, 
        3L), .Dimnames = list(c("-1", "0", "1"), c("A", "C", 
        "G"))), N = 1710), Majority = list(Freqs = structure(c(0, 
    4, 0, 0, 0, 0, 103, 1731, 0), .Dim = c(3L, 3L), .Dimnames = list(
        c("-1", "0", "1"), c("A", "C", "G"))), N = 1838)), `2` = structure(c(0, 
    0, 0, 0, 0, 0, 69, 1259, 0), .Dim = c(3L, 3L), .Dimnames = list(
        c("-1", "0", "1"), c("A", "C", "G"))))))
