Results <-
list(`bwaOutput/20210421msiMNRsJenny/1259_S141.sam` = list(LR46_SNP1 = list(
    All = list(Freqs = structure(c(0L, 0L, 1L, 0L, 0L, 0L, 53L, 
    2678L, 7L, 6L, 9L, 93L, 2674L, 5L, 7L, 0L, 0L, 35L, 0L, 0L
    ), .Dim = 5:4, .Dimnames = structure(list(c("-2", "-1", "0", 
    "1", NA), c("C", "G", "T", NA)), .Names = c("", "")), class = "table"), 
        N = 5568L), Tag.Distribution = structure(c(`1` = 426L, 
    `2` = 310L, `3` = 260L, `4` = 192L, `5` = 122L, `6` = 97L, 
    `7` = 45L, `8` = 36L, `9` = 29L, `10` = 27L, `11` = 12L, 
    `12` = 6L, `13` = 6L, `14` = 6L, `15` = 4L, `17` = 2L, `18` = 2L
    ), .Dim = 17L, .Dimnames = structure(list(c("1", "2", "3", 
    "4", "5", "6", "7", "8", "9", "10", "11", "12", "13", "14", 
    "15", "17", "18")), .Names = ""), class = "table"), No.Tag = structure(c(0L, 
    0L, 0L, 0L, 0L, 0L, 0L, 58L, 0L, 0L, 0L, 3L, 89L, 0L, 0L, 
    0L, 0L, 2L, 0L, 0L), .Dim = 5:4, .Dimnames = structure(list(
        c("-2", "-1", "0", "1", NA), c("C", "G", "T", NA)), .Names = c("", 
    "")), class = "table"), All.Tags = list(Concordant = list(
        Freqs = structure(c(0, 0, 0, 0, 0, 7, 653, 0, 2, 19, 
        617, 0), .Dim = 4:3, .Dimnames = list(c("-2", "-1", "0", 
        "1"), c("C", "G", "T"))), N = 1298), Majority = list(
        Freqs = structure(c(0, 0, 0, 0, 0, 10, 754, 0, 2, 27, 
        730, 0), .Dim = 4:3, .Dimnames = list(c("-2", "-1", "0", 
        "1"), c("C", "G", "T"))), N = 1523)), `2` = structure(c(0, 
    0, 0, 0, 0, 7, 546, 0, 1, 21, 529, 0), .Dim = 4:3, .Dimnames = list(
        c("-2", "-1", "0", "1"), c("C", "G", "T"))))))
