Results <-
list(`bwaOutput/20210421msiMNRsJenny/1259_S141.sam` = list(IM49_SNP1 = list(
    All = list(Freqs = structure(c(0L, 0L, 1L, 0L, 0L, 0L, 0L, 
    15L, 659L, 4119L, 77L, 1L, 2L, 47L, 6L, 338L, 3791L, 91L, 
    4L, 0L, 20L, 1L, 16L, 324L, 4L, 0L, 0L, 0L), .Dim = c(7L, 
    4L), .Dimnames = structure(list(c("-2", "-1", "0", "1", "2", 
    "3", NA), c("A", "C", "G", NA)), .Names = c("", "")), class = "table"), 
        N = 9516L), Tag.Distribution = structure(c(`1` = 685L, 
    `2` = 536L, `3` = 445L, `4` = 331L, `5` = 212L, `6` = 160L, 
    `7` = 102L, `8` = 61L, `9` = 44L, `10` = 48L, `11` = 27L, 
    `12` = 10L, `13` = 6L, `14` = 8L, `15` = 3L, `16` = 1L, `18` = 1L, 
    `19` = 1L, `20` = 1L, `21` = 1L), .Dim = 20L, .Dimnames = structure(list(
        c("1", "2", "3", "4", "5", "6", "7", "8", "9", "10", 
        "11", "12", "13", "14", "15", "16", "18", "19", "20", 
        "21")), .Names = ""), class = "table"), No.Tag = structure(c(0L, 
    0L, 0L, 0L, 0L, 0L, 0L, 0L, 15L, 111L, 1L, 0L, 0L, 2L, 1L, 
    15L, 83L, 1L, 1L, 0L, 0L, 0L, 1L, 25L, 0L, 0L, 0L, 0L), .Dim = c(7L, 
    4L), .Dimnames = structure(list(c("-2", "-1", "0", "1", "2", 
    "3", NA), c("A", "C", "G", NA)), .Names = c("", "")), class = "table"), 
    All.Tags = list(Concordant = list(Freqs = structure(c(0, 
    0, 0, 0, 0, 0, 1, 95, 722, 8, 0, 0, 0, 40, 667, 7, 0, 0), .Dim = c(6L, 
    3L), .Dimnames = list(c("-2", "-1", "0", "1", "2", "3"), 
        c("A", "C", "G"))), N = 1540), Majority = list(Freqs = structure(c(0, 
    0, 0, 0, 0, 0, 1, 137, 1110, 11, 0, 0, 0, 63, 1002, 10, 0, 
    0), .Dim = c(6L, 3L), .Dimnames = list(c("-2", "-1", "0", 
    "1", "2", "3"), c("A", "C", "G"))), N = 2334)), `2` = structure(c(0, 
    0, 0, 0, 0, 0, 0, 81, 808, 4, 0, 0, 0, 36, 750, 4, 0, 0), .Dim = c(6L, 
    3L), .Dimnames = list(c("-2", "-1", "0", "1", "2", "3"), 
        c("A", "C", "G"))))))
