Results <-
list(`bwaOutput/20210421msiMNRsJenny/1259_S141.sam` = list(LR10_SNP1 = list(
    All = list(Freqs = structure(c(0L, 0L, 1L, 14L, 0L, 0L, 1L, 
    9L, 885L, 5474L, 51L, 10L, 0L, 0L, 1L, 48L, 3L, 0L), .Dim = c(6L, 
    3L), .Dimnames = structure(list(c("-3", "-2", "-1", "0", 
    "1", NA), c("C", "T", NA)), .Names = c("", "")), class = "table"), 
        N = 6497L), Tag.Distribution = structure(c(`1` = 451L, 
    `2` = 385L, `3` = 305L, `4` = 210L, `5` = 170L, `6` = 120L, 
    `7` = 62L, `8` = 48L, `9` = 29L, `10` = 21L, `11` = 19L, 
    `12` = 11L, `13` = 6L, `14` = 2L, `15` = 2L, `16` = 1L, `17` = 1L, 
    `18` = 1L, `19` = 1L), .Dim = 19L, .Dimnames = structure(list(
        c("1", "2", "3", "4", "5", "6", "7", "8", "9", "10", 
        "11", "12", "13", "14", "15", "16", "17", "18", "19")), .Names = ""), class = "table"), 
    No.Tag = structure(c(0L, 0L, 0L, 1L, 0L, 0L, 0L, 0L, 24L, 
    88L, 1L, 0L, 0L, 0L, 0L, 1L, 0L, 0L), .Dim = c(6L, 3L), .Dimnames = structure(list(
        c("-3", "-2", "-1", "0", "1", NA), c("C", "T", NA)), .Names = c("", 
    "")), class = "table"), All.Tags = list(Concordant = list(
        Freqs = structure(c(0, 0, 0, 3, 0, 0, 0, 160, 1402, 9
        ), .Dim = c(5L, 2L), .Dimnames = list(c("-3", "-2", "-1", 
        "0", "1"), c("C", "T"))), N = 1574), Majority = list(
        Freqs = structure(c(0, 0, 0, 4, 0, 0, 0, 215, 1562, 11
        ), .Dim = c(5L, 2L), .Dimnames = list(c("-3", "-2", "-1", 
        "0", "1"), c("C", "T"))), N = 1792)), `2` = structure(c(0, 
    0, 0, 1, 0, 0, 0, 150, 1191, 5), .Dim = c(5L, 2L), .Dimnames = list(
        c("-3", "-2", "-1", "0", "1"), c("C", "T"))))))
