Results <-
list(`bwaOutput/20210421msiMNRsJenny/1259_S141.sam` = list(GM11_SNP1 = list(
    All = list(Freqs = structure(c(4L, 790L, 3466L, 6L, 3L, 0L, 
    0L, 1L, 0L, 0L, 0L, 0L, 6L, 0L, 0L, 0L, 0L, 17L, 1L, 0L), .Dim = 5:4, .Dimnames = structure(list(
        c("-2", "-1", "0", "1", NA), c("A", "C", "G", NA)), .Names = c("", 
    "")), class = "table"), N = 4294L), Tag.Distribution = structure(c(`1` = 383L, 
    `2` = 288L, `3` = 202L, `4` = 155L, `5` = 117L, `6` = 65L, 
    `7` = 44L, `8` = 27L, `9` = 16L, `10` = 10L, `11` = 10L, 
    `12` = 4L, `13` = 5L, `14` = 1L, `16` = 4L), .Dim = 15L, .Dimnames = structure(list(
        c("1", "2", "3", "4", "5", "6", "7", "8", "9", "10", 
        "11", "12", "13", "14", "16")), .Names = ""), class = "table"), 
    No.Tag = structure(c(0L, 8L, 55L, 0L, 0L, 0L, 0L, 1L, 0L, 
    0L, 0L, 0L, 0L, 0L, 0L, 0L, 0L, 1L, 0L, 0L), .Dim = 5:4, .Dimnames = structure(list(
        c("-2", "-1", "0", "1", NA), c("A", "C", "G", NA)), .Names = c("", 
    "")), class = "table"), All.Tags = list(Concordant = list(
        Freqs = structure(c(1, 167, 995, 0, 0, 0, 0, 0, 0, 0, 
        4, 0), .Dim = 4:3, .Dimnames = list(c("-2", "-1", "0", 
        "1"), c("A", "C", "G"))), N = 1167), Majority = list(
        Freqs = structure(c(1, 209, 1093, 0, 0, 0, 0, 0, 0, 0, 
        4, 0), .Dim = 4:3, .Dimnames = list(c("-2", "-1", "0", 
        "1"), c("A", "C", "G"))), N = 1307)), `2` = structure(c(0, 
    156, 773, 0, 0, 0, 0, 0, 0, 0, 0, 0), .Dim = 4:3, .Dimnames = list(
        c("-2", "-1", "0", "1"), c("A", "C", "G"))))))
