Results <-
list(`bwaOutput/20210421msiMNRsJenny/1259_S141.sam` = list(DEPDC2_SNP1 = list(
    All = list(Freqs = structure(c(0L, 0L, 11L, 0L, 0L, 12L, 
    154L, 9152L, 66L, 38L, 0L, 1L, 39L, 1L, 0L), .Dim = c(5L, 
    3L), .Dimnames = structure(list(c("-2", "-1", "0", "1", NA
    ), c("C", "T", NA)), .Names = c("", "")), class = "table"), 
        N = 9474L), Tag.Distribution = structure(c(`1` = 571L, 
    `2` = 427L, `3` = 366L, `4` = 291L, `5` = 198L, `6` = 176L, 
    `7` = 97L, `8` = 78L, `9` = 74L, `10` = 47L, `11` = 23L, 
    `12` = 21L, `13` = 13L, `14` = 13L, `15` = 6L, `16` = 2L, 
    `17` = 3L, `19` = 2L, `21` = 1L, `22` = 1L, `24` = 1L), .Dim = 21L, .Dimnames = structure(list(
        c("1", "2", "3", "4", "5", "6", "7", "8", "9", "10", 
        "11", "12", "13", "14", "15", "16", "17", "19", "21", 
        "22", "24")), .Names = ""), class = "table"), No.Tag = structure(c(0L, 
    0L, 0L, 0L, 0L, 0L, 4L, 160L, 0L, 3L, 0L, 0L, 1L, 0L, 0L), .Dim = c(5L, 
    3L), .Dimnames = structure(list(c("-2", "-1", "0", "1", NA
    ), c("C", "T", NA)), .Names = c("", "")), class = "table"), 
    All.Tags = list(Concordant = list(Freqs = structure(c(0, 
    0, 3, 0, 0, 13, 2233, 5), .Dim = c(4L, 2L), .Dimnames = list(
        c("-2", "-1", "0", "1"), c("C", "T"))), N = 2254), Majority = list(
        Freqs = structure(c(0, 0, 3, 0, 1, 18, 2351, 5), .Dim = c(4L, 
        2L), .Dimnames = list(c("-2", "-1", "0", "1"), c("C", 
        "T"))), N = 2378)), `2` = structure(c(0, 0, 0, 0, 1, 
    11, 1800, 2), .Dim = c(4L, 2L), .Dimnames = list(c("-2", 
    "-1", "0", "1"), c("C", "T"))))))
