Results <-
list(`bwaOutput/20210421msiMNRsJenny/1259_S141.sam` = list(GM29_SNP1 = list(
    All = list(Freqs = structure(c(33L, 111L, 3387L, 11L, 8L, 
    0L, 0L, 1L, 0L, 0L, 0L, 157L, 3548L, 43L, 14L, 0L, 2L, 53L, 
    1L, 0L), .Dim = 5:4, .Dimnames = structure(list(c("-2", "-1", 
    "0", "1", NA), c("A", "C", "G", NA)), .Names = c("", "")), class = "table"), 
        N = 7369L), Tag.Distribution = structure(c(`1` = 401L, 
    `2` = 284L, `3` = 222L, `4` = 159L, `5` = 124L, `6` = 82L, 
    `7` = 60L, `8` = 38L, `9` = 38L, `10` = 36L, `11` = 23L, 
    `12` = 23L, `13` = 14L, `14` = 11L, `15` = 6L, `16` = 10L, 
    `17` = 7L, `18` = 4L, `19` = 6L, `20` = 6L, `21` = 5L, `22` = 4L, 
    `23` = 1L, `24` = 6L, `25` = 2L, `26` = 1L, `27` = 1L, `28` = 1L, 
    `29` = 3L, `31` = 1L, `32` = 3L, `35` = 1L, `38` = 1L, `39` = 1L, 
    `45` = 1L), .Dim = 35L, .Dimnames = structure(list(c("1", 
    "2", "3", "4", "5", "6", "7", "8", "9", "10", "11", "12", 
    "13", "14", "15", "16", "17", "18", "19", "20", "21", "22", 
    "23", "24", "25", "26", "27", "28", "29", "31", "32", "35", 
    "38", "39", "45")), .Names = ""), class = "table"), No.Tag = structure(c(0L, 
    2L, 77L, 1L, 1L, 0L, 0L, 0L, 0L, 0L, 0L, 2L, 68L, 3L, 1L, 
    0L, 0L, 3L, 0L, 0L), .Dim = 5:4, .Dimnames = structure(list(
        c("-2", "-1", "0", "1", NA), c("A", "C", "G", NA)), .Names = c("", 
    "")), class = "table"), All.Tags = list(Concordant = list(
        Freqs = structure(c(1, 12, 513, 0, 0, 0, 0, 0, 0, 18, 
        516, 4), .Dim = 4:3, .Dimnames = list(c("-2", "-1", "0", 
        "1"), c("A", "C", "G"))), N = 1064), Majority = list(
        Freqs = structure(c(4, 15, 700, 0, 0, 0, 0, 0, 0, 22, 
        737, 4), .Dim = 4:3, .Dimnames = list(c("-2", "-1", "0", 
        "1"), c("A", "C", "G"))), N = 1482)), `2` = structure(c(4, 
    10, 517, 0, 0, 0, 0, 0, 0, 13, 542, 1), .Dim = 4:3, .Dimnames = list(
        c("-2", "-1", "0", "1"), c("A", "C", "G"))))))
