Results <-
list(`bwaOutput/20210421msiMNRsJenny/1259_S141.sam` = list(LR48_SNP1 = list(
    All = list(Freqs = structure(c(0L, 0L, 0L, 1L, 0L, 0L, 0L, 
    4L, 920L, 708L, 2427L, 48L, 1L, 27L, 0L, 0L, 1L, 2L, 0L, 
    0L, 0L, 0L, 4L, 10L, 69L, 0L, 0L, 0L), .Dim = c(7L, 4L), .Dimnames = structure(list(
        c("-3", "-2", "-1", "0", "1", "2", NA), c("A", "C", "T", 
        NA)), .Names = c("", "")), class = "table"), N = 4222L), 
    Tag.Distribution = structure(c(`1` = 287L, `2` = 229L, `3` = 196L, 
    `4` = 174L, `5` = 124L, `6` = 71L, `7` = 50L, `8` = 35L, 
    `9` = 17L, `10` = 10L, `11` = 5L, `12` = 2L, `13` = 1L, `15` = 2L, 
    `17` = 1L, `18` = 1L, `19` = 1L), .Dim = 17L, .Dimnames = structure(list(
        c("1", "2", "3", "4", "5", "6", "7", "8", "9", "10", 
        "11", "12", "13", "15", "17", "18", "19")), .Names = ""), class = "table"), 
    No.Tag = structure(c(0L, 0L, 0L, 0L, 0L, 0L, 0L, 0L, 29L, 
    3L, 48L, 0L, 0L, 2L, 0L, 0L, 0L, 0L, 0L, 0L, 0L, 0L, 1L, 
    0L, 5L, 0L, 0L, 0L), .Dim = c(7L, 4L), .Dimnames = structure(list(
        c("-3", "-2", "-1", "0", "1", "2", NA), c("A", "C", "T", 
        NA)), .Names = c("", "")), class = "table"), All.Tags = list(
        Concordant = list(Freqs = structure(c(0, 0, 0, 0, 0, 
        0, 0, 206, 167, 590, 3, 0, 0, 0, 0, 2, 0, 0), .Dim = c(6L, 
        3L), .Dimnames = list(c("-3", "-2", "-1", "0", "1", "2"
        ), c("A", "C", "T"))), N = 968), Majority = list(Freqs = structure(c(0, 
        0, 0, 0, 0, 0, 0, 251, 198, 704, 4, 0, 0, 0, 0, 2, 0, 
        0), .Dim = c(6L, 3L), .Dimnames = list(c("-3", "-2", 
        "-1", "0", "1", "2"), c("A", "C", "T"))), N = 1159)), 
    `2` = structure(c(0, 0, 0, 0, 0, 0, 0, 192, 142, 545, 1, 
    0, 0, 0, 0, 0, 0, 0), .Dim = c(6L, 3L), .Dimnames = list(
        c("-3", "-2", "-1", "0", "1", "2"), c("A", "C", "T"))))))
