Results <-
list(`bwaOutput/20210421msiMNRsJenny/1259_S141.sam` = list(LR44_SNP1 = list(
    All = list(Freqs = structure(c(0L, 0L, 0L, 5L, 0L, 0L, 0L, 
    2L, 55L, 372L, 941L, 26L, 0L, 4L, 7L, 76L, 232L, 1330L, 46L, 
    4L, 14L, 0L, 2L, 4L, 51L, 1L, 0L, 0L), .Dim = c(7L, 4L), .Dimnames = structure(list(
        c("-3", "-2", "-1", "0", "1", "2", NA), c("-", "C", "T", 
        NA)), .Names = c("", "")), class = "table"), N = 3172L), 
    Tag.Distribution = structure(c(`1` = 366L, `2` = 250L, `3` = 189L, 
    `4` = 131L, `5` = 75L, `6` = 46L, `7` = 22L, `8` = 20L, `9` = 2L, 
    `10` = 4L, `11` = 4L, `12` = 3L, `14` = 1L, `18` = 1L), .Dim = 14L, .Dimnames = structure(list(
        c("1", "2", "3", "4", "5", "6", "7", "8", "9", "10", 
        "11", "12", "14", "18")), .Names = ""), class = "table"), 
    No.Tag = structure(c(0L, 0L, 0L, 0L, 0L, 0L, 0L, 0L, 2L, 
    11L, 28L, 1L, 0L, 0L, 0L, 0L, 5L, 32L, 1L, 0L, 0L, 0L, 0L, 
    0L, 0L, 0L, 0L, 0L), .Dim = c(7L, 4L), .Dimnames = structure(list(
        c("-3", "-2", "-1", "0", "1", "2", NA), c("-", "C", "T", 
        NA)), .Names = c("", "")), class = "table"), All.Tags = list(
        Concordant = list(Freqs = structure(c(0, 0, 0, 0, 0, 
        0, 0, 12, 93, 258, 4, 0, 2, 27, 44, 368, 12, 1), .Dim = c(6L, 
        3L), .Dimnames = list(c("-3", "-2", "-1", "0", "1", "2"
        ), c("-", "C", "T"))), N = 821), Majority = list(Freqs = structure(c(0, 
        0, 0, 1, 0, 0, 0, 15, 105, 333, 4, 0, 2, 30, 54, 459, 
        14, 1), .Dim = c(6L, 3L), .Dimnames = list(c("-3", "-2", 
        "-1", "0", "1", "2"), c("-", "C", "T"))), N = 1018)), 
    `2` = structure(c(0, 0, 0, 1, 0, 0, 0, 8, 68, 225, 0, 0, 
    1, 14, 32, 312, 6, 1), .Dim = c(6L, 3L), .Dimnames = list(
        c("-3", "-2", "-1", "0", "1", "2"), c("-", "C", "T"))))))
