Results <-
list(`bwaOutput/20210421msiMNRsJenny/1259_S141.sam` = list(LR40_SNP1 = list(
    All = list(Freqs = structure(c(1L, 53L, 2854L, 11L, 5L, 0L, 
    40L, 3009L, 8L, 5L, 0L, 0L, 2L, 0L, 0L, 0L, 3L, 29L, 0L, 
    0L), .Dim = 5:4, .Dimnames = structure(list(c("-2", "-1", 
    "0", "1", NA), c("A", "C", "T", NA)), .Names = c("", "")), class = "table"), 
        N = 6020L), Tag.Distribution = structure(c(`1` = 459L, 
    `2` = 316L, `3` = 252L, `4` = 181L, `5` = 141L, `6` = 81L, 
    `7` = 74L, `8` = 48L, `9` = 29L, `10` = 15L, `11` = 17L, 
    `12` = 11L, `13` = 7L, `14` = 3L, `15` = 2L, `16` = 2L, `17` = 4L, 
    `18` = 3L, `19` = 4L, `20` = 1L, `21` = 4L), .Dim = 21L, .Dimnames = structure(list(
        c("1", "2", "3", "4", "5", "6", "7", "8", "9", "10", 
        "11", "12", "13", "14", "15", "16", "17", "18", "19", 
        "20", "21")), .Names = ""), class = "table"), No.Tag = structure(c(1L, 
    1L, 55L, 0L, 1L, 0L, 0L, 64L, 0L, 1L, 0L, 0L, 0L, 0L, 0L, 
    0L, 1L, 5L, 0L, 0L), .Dim = 5:4, .Dimnames = structure(list(
        c("-2", "-1", "0", "1", NA), c("A", "C", "T", NA)), .Names = c("", 
    "")), class = "table"), All.Tags = list(Concordant = list(
        Freqs = structure(c(0, 5, 598, 0, 0, 2, 600, 1, 0, 0, 
        0, 0), .Dim = 4:3, .Dimnames = list(c("-2", "-1", "0", 
        "1"), c("A", "C", "T"))), N = 1206), Majority = list(
        Freqs = structure(c(0, 6, 778, 1, 0, 3, 770, 1, 0, 0, 
        0, 0), .Dim = 4:3, .Dimnames = list(c("-2", "-1", "0", 
        "1"), c("A", "C", "T"))), N = 1559)), `2` = structure(c(0, 
    3, 537, 1, 0, 1, 563, 0, 0, 0, 0, 0), .Dim = 4:3, .Dimnames = list(
        c("-2", "-1", "0", "1"), c("A", "C", "T"))))))
