Results <-
list(`bwaOutput/20210421msiMNRsJenny/1259_S141.sam` = list(GM14_SNP1 = list(
    All = list(Freqs = structure(c(0L, 0L, 0L, 1L, 0L, 0L, 0L, 
    0L, 0L, 0L, 1L, 0L, 0L, 0L, 1L, 28L, 804L, 7202L, 102L, 3L, 
    17L, 0L, 0L, 0L, 12L, 0L, 0L, 0L, 0L, 0L, 0L, 80L, 2L, 0L, 
    0L), .Dim = c(7L, 5L), .Dimnames = structure(list(c("-3", 
    "-2", "-1", "0", "1", "2", NA), c("-", "A", "C", "T", NA)), .Names = c("", 
    "")), class = "table"), N = 8253L), Tag.Distribution = structure(c(`1` = 547L, 
    `2` = 453L, `3` = 387L, `4` = 306L, `5` = 177L, `6` = 155L, 
    `7` = 83L, `8` = 59L, `9` = 47L, `10` = 30L, `11` = 14L, 
    `12` = 17L, `13` = 7L, `14` = 5L, `15` = 5L, `16` = 1L, `17` = 2L, 
    `21` = 1L), .Dim = 18L, .Dimnames = structure(list(c("1", 
    "2", "3", "4", "5", "6", "7", "8", "9", "10", "11", "12", 
    "13", "14", "15", "16", "17", "21")), .Names = ""), class = "table"), 
    No.Tag = structure(c(0L, 0L, 0L, 0L, 0L, 0L, 0L, 0L, 0L, 
    0L, 0L, 0L, 0L, 0L, 0L, 0L, 7L, 143L, 4L, 0L, 1L, 0L, 0L, 
    0L, 0L, 0L, 0L, 0L, 0L, 0L, 0L, 4L, 0L, 0L, 0L), .Dim = c(7L, 
    5L), .Dimnames = structure(list(c("-3", "-2", "-1", "0", 
    "1", "2", NA), c("-", "A", "C", "T", NA)), .Names = c("", 
    "")), class = "table"), All.Tags = list(Concordant = list(
        Freqs = structure(c(0, 0, 0, 0, 0, 0, 0, 0, 0, 1, 0, 
        0, 0, 3, 117, 1752, 11, 0, 0, 0, 0, 4, 0, 0), .Dim = c(6L, 
        4L), .Dimnames = list(c("-3", "-2", "-1", "0", "1", "2"
        ), c("-", "A", "C", "T"))), N = 1888), Majority = list(
        Freqs = structure(c(0, 0, 0, 0, 0, 0, 0, 0, 0, 1, 0, 
        0, 0, 3, 155, 2039, 12, 0, 0, 0, 0, 4, 0, 0), .Dim = c(6L, 
        4L), .Dimnames = list(c("-3", "-2", "-1", "0", "1", "2"
        ), c("-", "A", "C", "T"))), N = 2214)), `2` = structure(c(0, 
    0, 0, 0, 0, 0, 0, 0, 0, 0, 0, 0, 0, 2, 109, 1564, 3, 0, 0, 
    0, 0, 0, 0, 0), .Dim = c(6L, 4L), .Dimnames = list(c("-3", 
    "-2", "-1", "0", "1", "2"), c("-", "A", "C", "T"))))))
