Results <-
list(`bwaOutput/20210421msiMNRsJenny/1259_S141.sam` = list(GM22_SNP1 = list(
    All = list(Freqs = structure(c(7L, 518L, 6255L, 20L, 18L, 
    0L, 0L, 1L, 0L, 0L, 0L, 0L, 1L, 0L, 0L, 0L, 4L, 50L, 0L, 
    0L), .Dim = 5:4, .Dimnames = structure(list(c("-2", "-1", 
    "0", "1", NA), c("A", "G", "T", NA)), .Names = c("", "")), class = "table"), 
        N = 6874L), Tag.Distribution = structure(c(`1` = 421L, 
    `2` = 340L, `3` = 307L, `4` = 252L, `5` = 175L, `6` = 109L, 
    `7` = 88L, `8` = 56L, `9` = 40L, `10` = 24L, `11` = 9L, `12` = 10L, 
    `13` = 6L, `14` = 6L, `15` = 4L, `16` = 1L, `17` = 2L, `23` = 1L
    ), .Dim = 18L, .Dimnames = structure(list(c("1", "2", "3", 
    "4", "5", "6", "7", "8", "9", "10", "11", "12", "13", "14", 
    "15", "16", "17", "23")), .Names = ""), class = "table"), 
    No.Tag = structure(c(0L, 7L, 125L, 2L, 1L, 0L, 0L, 0L, 0L, 
    0L, 0L, 0L, 0L, 0L, 0L, 0L, 0L, 2L, 0L, 0L), .Dim = 5:4, .Dimnames = structure(list(
        c("-2", "-1", "0", "1", NA), c("A", "G", "T", NA)), .Names = c("", 
    "")), class = "table"), All.Tags = list(Concordant = list(
        Freqs = structure(c(0, 80, 1573, 1, 0, 0, 1, 0, 0, 0, 
        0, 0), .Dim = 4:3, .Dimnames = list(c("-2", "-1", "0", 
        "1"), c("A", "G", "T"))), N = 1655), Majority = list(
        Freqs = structure(c(0, 104, 1702, 1, 0, 0, 1, 0, 0, 0, 
        0, 0), .Dim = 4:3, .Dimnames = list(c("-2", "-1", "0", 
        "1"), c("A", "G", "T"))), N = 1808)), `2` = structure(c(0, 
    78, 1316, 0, 0, 0, 0, 0, 0, 0, 0, 0), .Dim = 4:3, .Dimnames = list(
        c("-2", "-1", "0", "1"), c("A", "G", "T"))))))
