Results <-
list(`bwaOutput/20210421msiMNRsJenny/1259_S141.sam` = list(LR17_SNP1 = list(
    All = list(Freqs = structure(c(1L, 32L, 1040L, 6974L, 320L, 
    6L, 85L, 0L, 0L, 0L, 2L, 0L, 0L, 0L, 0L, 0L, 41L, 297L, 7L, 
    0L, 0L), .Dim = c(7L, 3L), .Dimnames = structure(list(c("-3", 
    "-2", "-1", "0", "1", "2", NA), c("A", "G", NA)), .Names = c("", 
    "")), class = "table"), N = 8805L), Tag.Distribution = structure(c(`1` = 503L, 
    `2` = 406L, `3` = 347L, `4` = 293L, `5` = 168L, `6` = 149L, 
    `7` = 118L, `8` = 57L, `9` = 54L, `10` = 36L, `11` = 25L, 
    `12` = 25L, `13` = 14L, `14` = 5L, `15` = 7L, `16` = 2L, 
    `17` = 3L, `18` = 2L, `19` = 1L, `20` = 1L, `25` = 1L, `28` = 1L
    ), .Dim = 22L, .Dimnames = structure(list(c("1", "2", "3", 
    "4", "5", "6", "7", "8", "9", "10", "11", "12", "13", "14", 
    "15", "16", "17", "18", "19", "20", "25", "28")), .Names = ""), class = "table"), 
    No.Tag = structure(c(0L, 0L, 23L, 210L, 11L, 0L, 3L, 0L, 
    0L, 0L, 1L, 0L, 0L, 0L, 0L, 0L, 0L, 23L, 1L, 0L, 0L), .Dim = c(7L, 
    3L), .Dimnames = structure(list(c("-3", "-2", "-1", "0", 
    "1", "2", NA), c("A", "G", NA)), .Names = c("", "")), class = "table"), 
    All.Tags = list(Concordant = list(Freqs = structure(c(0, 
    2, 140, 1503, 44, 1, 0, 0, 0, 0, 0, 0), .Dim = c(6L, 2L), .Dimnames = list(
        c("-3", "-2", "-1", "0", "1", "2"), c("A", "G"))), N = 1690), 
        Majority = list(Freqs = structure(c(0, 2, 199, 1849, 
        54, 1, 0, 0, 0, 0, 0, 0), .Dim = c(6L, 2L), .Dimnames = list(
            c("-3", "-2", "-1", "0", "1", "2"), c("A", "G"))), 
            N = 2105)), `2` = structure(c(0, 0, 136, 1453, 37, 
    0, 0, 0, 0, 0, 0, 0), .Dim = c(6L, 2L), .Dimnames = list(
        c("-3", "-2", "-1", "0", "1", "2"), c("A", "G"))))))
