Results <-
list(`bwaOutput/20210421msiMNRsJenny/1259_S141.sam` = list(LR52_SNP1 = list(
    All = list(Freqs = structure(c(0L, 0L, 1L, 3L, 5L, 0L, 1L, 
    5L, 197L, 663L, 530L, 1867L, 24L, 46L, 0L, 1L, 2L, 12L, 83L, 
    0L, 0L), .Dim = c(7L, 3L), .Dimnames = structure(list(c("-4", 
    "-3", "-2", "-1", "0", "1", NA), c("C", "T", NA)), .Names = c("", 
    "")), class = "table"), N = 3440L), Tag.Distribution = structure(c(`1` = 342L, 
    `2` = 259L, `3` = 175L, `4` = 137L, `5` = 89L, `6` = 65L, 
    `7` = 27L, `8` = 17L, `9` = 10L, `10` = 5L, `11` = 5L, `12` = 4L, 
    `13` = 1L, `14` = 2L, `19` = 1L), .Dim = 15L, .Dimnames = structure(list(
        c("1", "2", "3", "4", "5", "6", "7", "8", "9", "10", 
        "11", "12", "13", "14", "19")), .Names = ""), class = "table"), 
    No.Tag = structure(c(0L, 0L, 0L, 0L, 0L, 0L, 0L, 0L, 8L, 
    6L, 7L, 20L, 1L, 1L, 0L, 0L, 0L, 0L, 1L, 0L, 0L), .Dim = c(7L, 
    3L), .Dimnames = structure(list(c("-4", "-3", "-2", "-1", 
    "0", "1", NA), c("C", "T", NA)), .Names = c("", "")), class = "table"), 
    All.Tags = list(Concordant = list(Freqs = structure(c(0, 
    0, 0, 1, 3, 0, 1, 46, 150, 107, 511, 1), .Dim = c(6L, 2L), .Dimnames = list(
        c("-4", "-3", "-2", "-1", "0", "1"), c("C", "T"))), N = 820), 
        Majority = list(Freqs = structure(c(0, 0, 0, 1, 3, 0, 
        1, 55, 191, 139, 645, 1), .Dim = c(6L, 2L), .Dimnames = list(
            c("-4", "-3", "-2", "-1", "0", "1"), c("C", "T"))), 
            N = 1036)), `2` = structure(c(0, 0, 0, 1, 0, 0, 1, 
    34, 144, 93, 440, 0), .Dim = c(6L, 2L), .Dimnames = list(
        c("-4", "-3", "-2", "-1", "0", "1"), c("C", "T"))))))
