Results <-
list(`bwaOutput/20210421msiMNRsJenny/1262_S120.sam` = list(GM09_SNP1 = list(
    All = list(Freqs = structure(c(34L, 5590L, 5L, 1L, 144L, 
    4828L, 8L, 1L, 1L, 63L, 0L, 0L), .Dim = 4:3, .Dimnames = structure(list(
        c("-1", "0", "1", NA), c("A", "G", NA)), .Names = c("", 
    "")), class = "table"), N = 10675L), Tag.Distribution = structure(c(`1` = 172L, 
    `2` = 128L, `3` = 123L, `4` = 118L, `5` = 93L, `6` = 102L, 
    `7` = 93L, `8` = 84L, `9` = 64L, `10` = 61L, `11` = 43L, 
    `12` = 37L, `13` = 40L, `14` = 43L, `15` = 33L, `16` = 17L, 
    `17` = 22L, `18` = 17L, `19` = 16L, `20` = 10L, `21` = 16L, 
    `22` = 8L, `23` = 5L, `24` = 4L, `25` = 4L, `26` = 10L, `27` = 5L, 
    `28` = 1L, `29` = 1L, `30` = 1L, `32` = 1L, `33` = 1L, `36` = 1L, 
    `37` = 1L, `41` = 1L, `43` = 1L, `59` = 1L, `83` = 1L), .Dim = 38L, .Dimnames = structure(list(
        c("1", "2", "3", "4", "5", "6", "7", "8", "9", "10", 
        "11", "12", "13", "14", "15", "16", "17", "18", "19", 
        "20", "21", "22", "23", "24", "25", "26", "27", "28", 
        "29", "30", "32", "33", "36", "37", "41", "43", "59", 
        "83")), .Names = ""), class = "table"), No.Tag = structure(c(4L, 
    83L, 1L, 0L, 0L, 64L, 0L, 1L, 0L, 8L, 0L, 0L), .Dim = 4:3, .Dimnames = structure(list(
        c("-1", "0", "1", NA), c("A", "G", NA)), .Names = c("", 
    "")), class = "table"), All.Tags = list(Concordant = list(
        Freqs = structure(c(0, 571, 0, 10, 492, 0), .Dim = 3:2, .Dimnames = list(
            c("-1", "0", "1"), c("A", "G"))), N = 1073), Majority = list(
        Freqs = structure(c(1, 708, 0, 14, 626, 1), .Dim = 3:2, .Dimnames = list(
            c("-1", "0", "1"), c("A", "G"))), N = 1350)), `2` = structure(c(1, 
    630, 0, 10, 544, 1), .Dim = 3:2, .Dimnames = list(c("-1", 
    "0", "1"), c("A", "G"))))))
