Results <-
list(`bwaOutput/20210421msiMNRsJenny/1262_S120.sam` = list(GM14_SNP1 = list(
    All = list(Freqs = structure(c(1L, 16L, 264L, 6757L, 89L, 
    11L, 0L, 0L, 0L, 5L, 0L, 0L, 0L, 0L, 1L, 86L, 2L, 0L), .Dim = c(6L, 
    3L), .Dimnames = structure(list(c("-3", "-2", "-1", "0", 
    "1", NA), c("C", "T", NA)), .Names = c("", "")), class = "table"), 
        N = 7232L), Tag.Distribution = structure(c(`1` = 153L, 
    `2` = 106L, `3` = 95L, `4` = 104L, `5` = 85L, `6` = 80L, 
    `7` = 64L, `8` = 58L, `9` = 59L, `10` = 45L, `11` = 50L, 
    `12` = 43L, `13` = 22L, `14` = 22L, `15` = 18L, `16` = 12L, 
    `17` = 15L, `18` = 11L, `19` = 5L, `20` = 3L, `21` = 4L, 
    `22` = 5L, `23` = 1L, `24` = 6L, `27` = 1L, `28` = 2L, `32` = 1L, 
    `33` = 1L), .Dim = 28L, .Dimnames = structure(list(c("1", 
    "2", "3", "4", "5", "6", "7", "8", "9", "10", "11", "12", 
    "13", "14", "15", "16", "17", "18", "19", "20", "21", "22", 
    "23", "24", "27", "28", "32", "33")), .Names = ""), class = "table"), 
    No.Tag = structure(c(0L, 0L, 8L, 110L, 5L, 1L, 0L, 0L, 0L, 
    0L, 0L, 0L, 0L, 0L, 1L, 4L, 0L, 0L), .Dim = c(6L, 3L), .Dimnames = structure(list(
        c("-3", "-2", "-1", "0", "1", NA), c("C", "T", NA)), .Names = c("", 
    "")), class = "table"), All.Tags = list(Concordant = list(
        Freqs = structure(c(0, 1, 10, 796, 0, 0, 0, 0, 1, 0), .Dim = c(5L, 
        2L), .Dimnames = list(c("-3", "-2", "-1", "0", "1"), 
            c("C", "T"))), N = 808), Majority = list(Freqs = structure(c(0, 
    1, 12, 1039, 0, 0, 0, 0, 1, 0), .Dim = c(5L, 2L), .Dimnames = list(
        c("-3", "-2", "-1", "0", "1"), c("C", "T"))), N = 1053)), 
    `2` = structure(c(0, 0, 8, 897, 0, 0, 0, 0, 0, 0), .Dim = c(5L, 
    2L), .Dimnames = list(c("-3", "-2", "-1", "0", "1"), c("C", 
    "T"))))))
