Results <-
list(`bwaOutput/20210421msiMNRsJenny/1262_S120.sam` = list(LR11_SNP1 = list(
    All = list(Freqs = structure(c(1L, 19L, 709L, 5141L, 68L, 
    2L, 23L, 0L, 0L, 2L, 27L, 1L, 0L, 0L, 0L, 0L, 0L, 35L, 0L, 
    0L, 0L), .Dim = c(7L, 3L), .Dimnames = structure(list(c("-4", 
    "-2", "-1", "0", "1", "2", NA), c("A", "C", NA)), .Names = c("", 
    "")), class = "table"), N = 6028L), Tag.Distribution = structure(c(`1` = 139L, 
    `2` = 97L, `3` = 79L, `4` = 68L, `5` = 79L, `6` = 61L, `7` = 65L, 
    `8` = 60L, `9` = 57L, `10` = 40L, `11` = 33L, `12` = 30L, 
    `13` = 24L, `14` = 19L, `15` = 16L, `16` = 11L, `17` = 6L, 
    `18` = 6L, `19` = 6L, `20` = 2L, `21` = 1L, `22` = 2L, `23` = 4L, 
    `24` = 2L, `26` = 2L, `27` = 2L, `29` = 1L, `30` = 1L, `33` = 1L
    ), .Dim = 29L, .Dimnames = structure(list(c("1", "2", "3", 
    "4", "5", "6", "7", "8", "9", "10", "11", "12", "13", "14", 
    "15", "16", "17", "18", "19", "20", "21", "22", "23", "24", 
    "26", "27", "29", "30", "33")), .Names = ""), class = "table"), 
    No.Tag = structure(c(0L, 0L, 27L, 65L, 0L, 0L, 0L, 0L, 0L, 
    0L, 0L, 0L, 0L, 0L, 0L, 0L, 0L, 1L, 0L, 0L, 0L), .Dim = c(7L, 
    3L), .Dimnames = structure(list(c("-4", "-2", "-1", "0", 
    "1", "2", NA), c("A", "C", NA)), .Names = c("", "")), class = "table"), 
    All.Tags = list(Concordant = list(Freqs = structure(c(0, 
    0, 65, 631, 1, 0, 0, 0, 0, 7, 1, 0), .Dim = c(6L, 2L), .Dimnames = list(
        c("-4", "-2", "-1", "0", "1", "2"), c("A", "C"))), N = 705), 
        Majority = list(Freqs = structure(c(0, 1, 87, 801, 2, 
        0, 0, 0, 0, 8, 1, 0), .Dim = c(6L, 2L), .Dimnames = list(
            c("-4", "-2", "-1", "0", "1", "2"), c("A", "C"))), 
            N = 900)), `2` = structure(c(0, 1, 72, 691, 1, 0, 
    0, 0, 0, 2, 0, 0), .Dim = c(6L, 2L), .Dimnames = list(c("-4", 
    "-2", "-1", "0", "1", "2"), c("A", "C"))))))
