Results <-
list(`bwaOutput/20210421msiMNRsJenny/1262_S120.sam` = list(GM01_SNP1 = list(
    All = list(Freqs = structure(c(0L, 1L, 0L, 0L, 175L, 7013L, 
    36L, 15L, 0L, 1L, 0L, 0L, 0L, 9L, 0L, 0L, 0L, 2L, 0L, 0L, 
    3L, 58L, 0L, 0L), .Dim = c(4L, 6L), .Dimnames = structure(list(
        c("-1", "0", "1", NA), c("-", "A", "C", "G", "T", NA)), .Names = c("", 
    "")), class = "table"), N = 7313L), Tag.Distribution = structure(c(`1` = 147L, 
    `2` = 94L, `3` = 84L, `4` = 85L, `5` = 80L, `6` = 76L, `7` = 69L, 
    `8` = 56L, `9` = 48L, `10` = 44L, `11` = 28L, `12` = 33L, 
    `13` = 33L, `14` = 20L, `15` = 20L, `16` = 17L, `17` = 13L, 
    `18` = 8L, `19` = 9L, `20` = 10L, `21` = 3L, `22` = 7L, `23` = 2L, 
    `24` = 3L, `25` = 3L, `26` = 2L, `27` = 3L, `28` = 2L, `29` = 1L, 
    `30` = 2L, `31` = 2L, `32` = 1L, `34` = 1L, `35` = 1L, `36` = 1L, 
    `38` = 1L), .Dim = 36L, .Dimnames = structure(list(c("1", 
    "2", "3", "4", "5", "6", "7", "8", "9", "10", "11", "12", 
    "13", "14", "15", "16", "17", "18", "19", "20", "21", "22", 
    "23", "24", "25", "26", "27", "28", "29", "30", "31", "32", 
    "34", "35", "36", "38")), .Names = ""), class = "table"), 
    No.Tag = structure(c(0L, 0L, 0L, 0L, 0L, 79L, 0L, 1L, 0L, 
    0L, 0L, 0L, 0L, 0L, 0L, 0L, 0L, 0L, 0L, 0L, 0L, 1L, 0L, 0L
    ), .Dim = c(4L, 6L), .Dimnames = structure(list(c("-1", "0", 
    "1", NA), c("-", "A", "C", "G", "T", NA)), .Names = c("", 
    "")), class = "table"), All.Tags = list(Concordant = list(
        Freqs = structure(c(0, 0, 0, 5, 839, 2, 0, 0, 0, 0, 4, 
        0, 0, 0, 0), .Dim = c(3L, 5L), .Dimnames = list(c("-1", 
        "0", "1"), c("-", "A", "C", "G", "T"))), N = 850), Majority = list(
        Freqs = structure(c(0, 0, 0, 7, 990, 2, 0, 0, 0, 0, 4, 
        0, 0, 0, 0), .Dim = c(3L, 5L), .Dimnames = list(c("-1", 
        "0", "1"), c("-", "A", "C", "G", "T"))), N = 1003)), 
    `2` = structure(c(0, 0, 0, 3, 854, 1, 0, 0, 0, 0, 1, 0, 0, 
    0, 0), .Dim = c(3L, 5L), .Dimnames = list(c("-1", "0", "1"
    ), c("-", "A", "C", "G", "T"))))))
