Results <-
list(`bwaOutput/20210421msiMNRsJenny/1262_S120.sam` = list(IM16_SNP1 = list(
    All = list(Freqs = structure(c(103L, 4615L, 86L, 1L, 4L, 
    2L, 10L, 0L, 0L, 0L, 2L, 52L, 5L, 1L, 0L), .Dim = c(5L, 3L
    ), .Dimnames = structure(list(c("-1", "0", "1", "2", NA), 
        c("A", "G", NA)), .Names = c("", "")), class = "table"), 
        N = 4881L), Tag.Distribution = structure(c(`1` = 108L, 
    `2` = 74L, `3` = 79L, `4` = 64L, `5` = 47L, `6` = 59L, `7` = 46L, 
    `8` = 35L, `9` = 35L, `10` = 26L, `11` = 32L, `12` = 19L, 
    `13` = 16L, `14` = 15L, `15` = 12L, `16` = 13L, `17` = 6L, 
    `18` = 5L, `19` = 9L, `20` = 6L, `21` = 3L, `22` = 2L, `23` = 1L, 
    `24` = 2L, `25` = 1L, `26` = 1L, `27` = 1L, `33` = 1L, `34` = 1L, 
    `45` = 1L), .Dim = 30L, .Dimnames = structure(list(c("1", 
    "2", "3", "4", "5", "6", "7", "8", "9", "10", "11", "12", 
    "13", "14", "15", "16", "17", "18", "19", "20", "21", "22", 
    "23", "24", "25", "26", "27", "33", "34", "45")), .Names = ""), class = "table"), 
    No.Tag = structure(c(0L, 111L, 3L, 0L, 1L, 0L, 0L, 0L, 0L, 
    0L, 0L, 14L, 0L, 0L, 0L), .Dim = c(5L, 3L), .Dimnames = structure(list(
        c("-1", "0", "1", "2", NA), c("A", "G", NA)), .Names = c("", 
    "")), class = "table"), All.Tags = list(Concordant = list(
        Freqs = structure(c(4, 591, 3, 0, 1, 2, 0, 0), .Dim = c(4L, 
        2L), .Dimnames = list(c("-1", "0", "1", "2"), c("A", 
        "G"))), N = 601), Majority = list(Freqs = structure(c(6, 
    694, 4, 0, 1, 3, 0, 0), .Dim = c(4L, 2L), .Dimnames = list(
        c("-1", "0", "1", "2"), c("A", "G"))), N = 708)), `2` = structure(c(6, 
    596, 2, 0, 0, 1, 0, 0), .Dim = c(4L, 2L), .Dimnames = list(
        c("-1", "0", "1", "2"), c("A", "G"))))))
