Results <-
list(`bwaOutput/20210421msiMNRsJenny/1262_S120.sam` = list(GM07_SNP1 = list(
    All = list(Freqs = structure(c(9L, 619L, 2192L, 74L, 3L, 
    2L, 50L, 9L, 590L, 2222L, 104L, 3L, 0L, 60L, 0L, 6L, 52L, 
    1L, 0L, 0L, 0L), .Dim = c(7L, 3L), .Dimnames = structure(list(
        c("-2", "-1", "0", "1", "2", "3", NA), c("A", "G", NA
        )), .Names = c("", "")), class = "table"), N = 5996L), 
    Tag.Distribution = structure(c(`1` = 129L, `2` = 79L, `3` = 84L, 
    `4` = 79L, `5` = 92L, `6` = 62L, `7` = 48L, `8` = 47L, `9` = 44L, 
    `10` = 42L, `11` = 27L, `12` = 27L, `13` = 24L, `14` = 19L, 
    `15` = 16L, `16` = 18L, `17` = 8L, `18` = 8L, `19` = 7L, 
    `20` = 4L, `21` = 1L, `22` = 3L, `23` = 2L, `25` = 3L, `26` = 2L, 
    `27` = 1L, `29` = 1L, `30` = 1L), .Dim = 28L, .Dimnames = structure(list(
        c("1", "2", "3", "4", "5", "6", "7", "8", "9", "10", 
        "11", "12", "13", "14", "15", "16", "17", "18", "19", 
        "20", "21", "22", "23", "25", "26", "27", "29", "30")), .Names = ""), class = "table"), 
    No.Tag = structure(c(1L, 16L, 68L, 1L, 0L, 0L, 8L, 2L, 16L, 
    89L, 2L, 0L, 0L, 7L, 0L, 0L, 5L, 0L, 0L, 0L, 0L), .Dim = c(7L, 
    3L), .Dimnames = structure(list(c("-2", "-1", "0", "1", "2", 
    "3", NA), c("A", "G", NA)), .Names = c("", "")), class = "table"), 
    All.Tags = list(Concordant = list(Freqs = structure(c(0, 
    64, 219, 1, 0, 0, 1, 55, 205, 6, 1, 0), .Dim = c(6L, 2L), .Dimnames = list(
        c("-2", "-1", "0", "1", "2", "3"), c("A", "G"))), N = 552), 
        Majority = list(Freqs = structure(c(0, 80, 342, 2, 0, 
        0, 1, 75, 334, 9, 1, 0), .Dim = c(6L, 2L), .Dimnames = list(
            c("-2", "-1", "0", "1", "2", "3"), c("A", "G"))), 
            N = 844)), `2` = structure(c(0, 66, 298, 1, 0, 0, 
    1, 66, 292, 5, 0, 0), .Dim = c(6L, 2L), .Dimnames = list(
        c("-2", "-1", "0", "1", "2", "3"), c("A", "G"))))))
