Results <-
list(`bwaOutput/20210421msiMNRsJenny/1262_S120.sam` = list(LR24_SNP1 = list(
    All = list(Freqs = structure(c(0L, 0L, 1L, 0L, 0L, 0L, 53L, 
    4300L, 13L, 4L, 0L, 0L, 1L, 0L, 0L, 1L, 161L, 4347L, 9L, 
    4L, 0L, 0L, 42L, 0L, 0L), .Dim = c(5L, 5L), .Dimnames = structure(list(
        c("-3", "-1", "0", "1", NA), c("-", "A", "C", "G", NA
        )), .Names = c("", "")), class = "table"), N = 8936L), 
    Tag.Distribution = structure(c(`1` = 447L, `2` = 316L, `3` = 227L, 
    `4` = 200L, `5` = 172L, `6` = 119L, `7` = 92L, `8` = 78L, 
    `9` = 56L, `10` = 50L, `11` = 36L, `12` = 22L, `13` = 23L, 
    `14` = 26L, `15` = 16L, `16` = 8L, `17` = 8L, `18` = 7L, 
    `19` = 3L, `20` = 1L, `21` = 4L, `22` = 2L, `24` = 1L, `27` = 2L, 
    `29` = 1L, `33` = 1L), .Dim = 26L, .Dimnames = structure(list(
        c("1", "2", "3", "4", "5", "6", "7", "8", "9", "10", 
        "11", "12", "13", "14", "15", "16", "17", "18", "19", 
        "20", "21", "22", "24", "27", "29", "33")), .Names = ""), class = "table"), 
    No.Tag = structure(c(0L, 0L, 0L, 0L, 0L, 0L, 4L, 131L, 1L, 
    0L, 0L, 0L, 1L, 0L, 0L, 0L, 3L, 85L, 2L, 0L, 0L, 0L, 5L, 
    0L, 0L), .Dim = c(5L, 5L), .Dimnames = structure(list(c("-3", 
    "-1", "0", "1", NA), c("-", "A", "C", "G", NA)), .Names = c("", 
    "")), class = "table"), All.Tags = list(Concordant = list(
        Freqs = structure(c(0, 0, 0, 0, 0, 6, 714, 1, 0, 0, 0, 
        0, 0, 17, 749, 1), .Dim = c(4L, 4L), .Dimnames = list(
            c("-3", "-1", "0", "1"), c("-", "A", "C", "G"))), 
        N = 1488), Majority = list(Freqs = structure(c(0, 0, 
    0, 0, 0, 7, 884, 1, 0, 0, 0, 0, 0, 25, 928, 1), .Dim = c(4L, 
    4L), .Dimnames = list(c("-3", "-1", "0", "1"), c("-", "A", 
    "C", "G"))), N = 1846)), `2` = structure(c(0, 0, 0, 0, 0, 
    2, 658, 1, 0, 0, 0, 0, 0, 19, 724, 0), .Dim = c(4L, 4L), .Dimnames = list(
        c("-3", "-1", "0", "1"), c("-", "A", "C", "G"))))))
