Results <-
list(`bwaOutput/20210421msiMNRsJenny/1262_S120.sam` = list(LR52_SNP1 = list(
    All = list(Freqs = structure(c(2L, 222L, 216L, 183L, 1435L, 
    10L, 26L, 0L, 16L, 341L, 145L, 1615L, 17L, 20L, 0L, 0L, 4L, 
    21L, 522L, 7L, 0L), .Dim = c(7L, 3L), .Dimnames = structure(list(
        c("-4", "-3", "-2", "-1", "0", "1", NA), c("C", "T", 
        NA)), .Names = c("", "")), class = "table"), N = 4802L), 
    Tag.Distribution = structure(c(`1` = 74L, `2` = 59L, `3` = 69L, 
    `4` = 74L, `5` = 53L, `6` = 54L, `7` = 48L, `8` = 40L, `9` = 41L, 
    `10` = 33L, `11` = 33L, `12` = 20L, `13` = 17L, `14` = 17L, 
    `15` = 14L, `16` = 8L, `17` = 15L, `18` = 3L, `19` = 3L, 
    `20` = 3L, `21` = 2L, `23` = 2L, `24` = 3L, `25` = 4L, `26` = 1L
    ), .Dim = 25L, .Dimnames = structure(list(c("1", "2", "3", 
    "4", "5", "6", "7", "8", "9", "10", "11", "12", "13", "14", 
    "15", "16", "17", "18", "19", "20", "21", "23", "24", "25", 
    "26")), .Names = ""), class = "table"), No.Tag = structure(c(0L, 
    13L, 3L, 2L, 3L, 1L, 0L, 0L, 0L, 1L, 1L, 14L, 3L, 1L, 0L, 
    0L, 0L, 0L, 9L, 0L, 0L), .Dim = c(7L, 3L), .Dimnames = structure(list(
        c("-4", "-3", "-2", "-1", "0", "1", NA), c("C", "T", 
        NA)), .Names = c("", "")), class = "table"), All.Tags = list(
        Concordant = list(Freqs = structure(c(0, 22, 19, 7, 143, 
        1, 0, 1, 33, 3, 163, 0), .Dim = c(6L, 2L), .Dimnames = list(
            c("-4", "-3", "-2", "-1", "0", "1"), c("C", "T"))), 
            N = 392), Majority = list(Freqs = structure(c(0, 
        28, 27, 9, 265, 2, 0, 1, 50, 3, 271, 0), .Dim = c(6L, 
        2L), .Dimnames = list(c("-4", "-3", "-2", "-1", "0", 
        "1"), c("C", "T"))), N = 656)), `2` = structure(c(0, 
    27, 26, 7, 250, 2, 0, 1, 46, 2, 240, 0), .Dim = c(6L, 2L), .Dimnames = list(
        c("-4", "-3", "-2", "-1", "0", "1"), c("C", "T"))))))
