Results <-
list(`bwaOutput/20210421msiMNRsJenny/1262_S120.sam` = list(LR40_SNP1 = list(
    All = list(Freqs = structure(c(49L, 3947L, 8L, 7L, 0L, 1L, 
    0L, 0L, 0L, 15L, 1L, 0L), .Dim = 4:3, .Dimnames = structure(list(
        c("-1", "0", "1", NA), c("C", "T", NA)), .Names = c("", 
    "")), class = "table"), N = 4028L), Tag.Distribution = structure(c(`1` = 105L, 
    `2` = 81L, `3` = 65L, `4` = 66L, `5` = 44L, `6` = 50L, `7` = 44L, 
    `8` = 30L, `9` = 30L, `10` = 26L, `11` = 19L, `12` = 22L, 
    `13` = 14L, `14` = 15L, `15` = 13L, `16` = 5L, `17` = 6L, 
    `18` = 6L, `19` = 4L, `20` = 1L, `21` = 2L, `22` = 1L, `23` = 1L, 
    `24` = 1L, `28` = 1L, `31` = 1L, `33` = 1L), .Dim = 27L, .Dimnames = structure(list(
        c("1", "2", "3", "4", "5", "6", "7", "8", "9", "10", 
        "11", "12", "13", "14", "15", "16", "17", "18", "19", 
        "20", "21", "22", "23", "24", "28", "31", "33")), .Names = ""), class = "table"), 
    No.Tag = structure(c(0L, 53L, 0L, 0L, 0L, 0L, 0L, 0L, 0L, 
    2L, 0L, 0L), .Dim = 4:3, .Dimnames = structure(list(c("-1", 
    "0", "1", NA), c("C", "T", NA)), .Names = c("", "")), class = "table"), 
    All.Tags = list(Concordant = list(Freqs = structure(c(2, 
    600, 0, 0, 1, 0), .Dim = 3:2, .Dimnames = list(c("-1", "0", 
    "1"), c("C", "T"))), N = 603), Majority = list(Freqs = structure(c(3, 
    644, 0, 0, 1, 0), .Dim = 3:2, .Dimnames = list(c("-1", "0", 
    "1"), c("C", "T"))), N = 648)), `2` = structure(c(2, 545, 
    0, 0, 0, 0), .Dim = 3:2, .Dimnames = list(c("-1", "0", "1"
    ), c("C", "T"))))))
