Results <-
list(`bwaOutput/20210421msiMNRsJenny/1262_S120.sam` = list(LR49_SNP1 = list(
    All = list(Freqs = structure(c(13L, 2986L, 3L, 13L, 2750L, 
    8L, 0L, 2L, 0L, 0L, 39L, 0L), .Dim = 3:4, .Dimnames = structure(list(
        c("-1", "0", NA), c("A", "G", "T", NA)), .Names = c("", 
    "")), class = "table"), N = 5814L), Tag.Distribution = structure(c(`1` = 198L, 
    `2` = 142L, `3` = 107L, `4` = 118L, `5` = 88L, `6` = 82L, 
    `7` = 48L, `8` = 63L, `9` = 32L, `10` = 39L, `11` = 25L, 
    `12` = 19L, `13` = 14L, `14` = 19L, `15` = 11L, `16` = 11L, 
    `17` = 3L, `18` = 5L, `19` = 9L, `20` = 1L, `21` = 4L, `22` = 2L, 
    `23` = 3L, `25` = 1L, `27` = 1L, `33` = 1L), .Dim = 26L, .Dimnames = structure(list(
        c("1", "2", "3", "4", "5", "6", "7", "8", "9", "10", 
        "11", "12", "13", "14", "15", "16", "17", "18", "19", 
        "20", "21", "22", "23", "25", "27", "33")), .Names = ""), class = "table"), 
    No.Tag = structure(c(2L, 99L, 1L, 0L, 77L, 1L, 0L, 0L, 0L, 
    0L, 3L, 0L), .Dim = 3:4, .Dimnames = structure(list(c("-1", 
    "0", NA), c("A", "G", "T", NA)), .Names = c("", "")), class = "table"), 
    All.Tags = list(Concordant = list(Freqs = structure(c(1, 
    465, 2, 432, 0, 0), .Dim = 2:3, .Dimnames = list(c("-1", 
    "0"), c("A", "G", "T"))), N = 900), Majority = list(Freqs = structure(c(1, 
    527, 2, 498, 0, 0), .Dim = 2:3, .Dimnames = list(c("-1", 
    "0"), c("A", "G", "T"))), N = 1028)), `2` = structure(c(0, 
    428, 2, 404, 0, 0), .Dim = 2:3, .Dimnames = list(c("-1", 
    "0"), c("A", "G", "T"))))))
