Results <-
list(`bwaOutput/20210421msiMNRsJenny/1262_S120.sam` = list(LR17_SNP1 = list(
    All = list(Freqs = structure(c(112L, 166L, 408L, 3990L, 82L, 
    1L, 29L, 0L, 0L, 0L, 1L, 0L, 0L, 0L, 0L, 0L, 0L, 1L, 0L, 
    0L, 0L, 0L, 2L, 10L, 167L, 1L, 0L, 0L), .Dim = c(7L, 4L), .Dimnames = structure(list(
        c("-3", "-2", "-1", "0", "1", "2", NA), c("A", "G", "T", 
        NA)), .Names = c("", "")), class = "table"), N = 4970L), 
    Tag.Distribution = structure(c(`1` = 107L, `2` = 39L, `3` = 43L, 
    `4` = 61L, `5` = 40L, `6` = 53L, `7` = 57L, `8` = 28L, `9` = 35L, 
    `10` = 32L, `11` = 28L, `12` = 18L, `13` = 23L, `14` = 23L, 
    `15` = 20L, `16` = 19L, `17` = 9L, `18` = 4L, `19` = 7L, 
    `20` = 3L, `21` = 5L, `22` = 2L, `23` = 2L, `24` = 3L, `32` = 1L
    ), .Dim = 25L, .Dimnames = structure(list(c("1", "2", "3", 
    "4", "5", "6", "7", "8", "9", "10", "11", "12", "13", "14", 
    "15", "16", "17", "18", "19", "20", "21", "22", "23", "24", 
    "32")), .Names = ""), class = "table"), No.Tag = structure(c(0L, 
    1L, 25L, 128L, 3L, 0L, 1L, 0L, 0L, 0L, 0L, 0L, 0L, 0L, 0L, 
    0L, 0L, 0L, 0L, 0L, 0L, 0L, 0L, 0L, 12L, 0L, 0L, 0L), .Dim = c(7L, 
    4L), .Dimnames = structure(list(c("-3", "-2", "-1", "0", 
    "1", "2", NA), c("A", "G", "T", NA)), .Names = c("", "")), class = "table"), 
    All.Tags = list(Concordant = list(Freqs = structure(c(11, 
    17, 30, 415, 1, 0, 0, 0, 0, 0, 0, 0, 0, 0, 0, 0, 0, 0), .Dim = c(6L, 
    3L), .Dimnames = list(c("-3", "-2", "-1", "0", "1", "2"), 
        c("A", "G", "T"))), N = 474), Majority = list(Freqs = structure(c(13, 
    20, 37, 579, 2, 0, 0, 0, 0, 0, 0, 0, 0, 0, 0, 0, 0, 0), .Dim = c(6L, 
    3L), .Dimnames = list(c("-3", "-2", "-1", "0", "1", "2"), 
        c("A", "G", "T"))), N = 651)), `2` = structure(c(10, 
    18, 30, 487, 2, 0, 0, 0, 0, 0, 0, 0, 0, 0, 0, 0, 0, 0), .Dim = c(6L, 
    3L), .Dimnames = list(c("-3", "-2", "-1", "0", "1", "2"), 
        c("A", "G", "T"))))))
