Results <-
list(`bwaOutput/20210421msiMNRsJenny/1262_S120.sam` = list(GM17_SNP1 = list(
    All = list(Freqs = structure(c(8L, 95L, 7746L, 663L, 2L, 
    27L, 0L, 0L, 1L, 0L, 0L, 0L, 0L, 0L, 14L, 0L, 0L, 0L, 0L, 
    1L, 55L, 6L, 0L, 0L), .Dim = c(6L, 4L), .Dimnames = structure(list(
        c("-2", "-1", "0", "1", "2", NA), c("C", "G", "T", NA
        )), .Names = c("", "")), class = "table"), N = 8618L), 
    Tag.Distribution = structure(c(`1` = 168L, `2` = 99L, `3` = 104L, 
    `4` = 97L, `5` = 95L, `6` = 72L, `7` = 71L, `8` = 64L, `9` = 63L, 
    `10` = 44L, `11` = 47L, `12` = 43L, `13` = 36L, `14` = 28L, 
    `15` = 23L, `16` = 29L, `17` = 16L, `18` = 12L, `19` = 9L, 
    `20` = 7L, `21` = 7L, `22` = 2L, `23` = 4L, `24` = 7L, `25` = 4L, 
    `26` = 1L, `28` = 3L, `29` = 2L, `30` = 1L, `31` = 1L, `32` = 1L, 
    `33` = 1L, `37` = 1L, `38` = 1L, `54` = 1L), .Dim = 35L, .Dimnames = structure(list(
        c("1", "2", "3", "4", "5", "6", "7", "8", "9", "10", 
        "11", "12", "13", "14", "15", "16", "17", "18", "19", 
        "20", "21", "22", "23", "24", "25", "26", "28", "29", 
        "30", "31", "32", "33", "37", "38", "54")), .Names = ""), class = "table"), 
    No.Tag = structure(c(0L, 1L, 116L, 26L, 0L, 1L, 0L, 0L, 0L, 
    0L, 0L, 0L, 0L, 0L, 2L, 0L, 0L, 0L, 0L, 0L, 8L, 0L, 0L, 0L
    ), .Dim = c(6L, 4L), .Dimnames = structure(list(c("-2", "-1", 
    "0", "1", "2", NA), c("C", "G", "T", NA)), .Names = c("", 
    "")), class = "table"), All.Tags = list(Concordant = list(
        Freqs = structure(c(1, 5, 929, 47, 0, 0, 0, 0, 0, 0, 
        0, 0, 7, 0, 0), .Dim = c(5L, 3L), .Dimnames = list(c("-2", 
        "-1", "0", "1", "2"), c("C", "G", "T"))), N = 989), Majority = list(
        Freqs = structure(c(1, 6, 1049, 77, 0, 0, 0, 0, 0, 0, 
        0, 0, 7, 0, 0), .Dim = c(5L, 3L), .Dimnames = list(c("-2", 
        "-1", "0", "1", "2"), c("C", "G", "T"))), N = 1140)), 
    `2` = structure(c(1, 3, 909, 73, 0, 0, 0, 0, 0, 0, 0, 0, 
    0, 0, 0), .Dim = c(5L, 3L), .Dimnames = list(c("-2", "-1", 
    "0", "1", "2"), c("C", "G", "T"))))))
