Results <-
list(`bwaOutput/20210421msiMNRsJenny/1262_S120.sam` = list(LR20_SNP1 = list(
    All = list(Freqs = structure(c(0L, 1L, 0L, 0L, 13L, 6323L, 
    9L, 2L, 0L, 49L, 0L, 0L), .Dim = 4:3, .Dimnames = structure(list(
        c("-1", "0", "1", NA), c("A", "G", NA)), .Names = c("", 
    "")), class = "table"), N = 6397L), Tag.Distribution = structure(c(`1` = 174L, 
    `2` = 97L, `3` = 122L, `4` = 113L, `5` = 78L, `6` = 90L, 
    `7` = 49L, `8` = 53L, `9` = 35L, `10` = 37L, `11` = 39L, 
    `12` = 23L, `13` = 16L, `14` = 17L, `15` = 12L, `16` = 14L, 
    `17` = 10L, `18` = 7L, `19` = 12L, `20` = 6L, `21` = 5L, 
    `22` = 4L, `23` = 2L, `24` = 2L, `26` = 1L, `30` = 1L, `31` = 2L, 
    `33` = 1L, `34` = 1L, `40` = 1L), .Dim = 30L, .Dimnames = structure(list(
        c("1", "2", "3", "4", "5", "6", "7", "8", "9", "10", 
        "11", "12", "13", "14", "15", "16", "17", "18", "19", 
        "20", "21", "22", "23", "24", "26", "30", "31", "33", 
        "34", "40")), .Names = ""), class = "table"), No.Tag = structure(c(0L, 
    0L, 0L, 0L, 2L, 112L, 0L, 1L, 0L, 3L, 0L, 0L), .Dim = 4:3, .Dimnames = structure(list(
        c("-1", "0", "1", NA), c("A", "G", NA)), .Names = c("", 
    "")), class = "table"), All.Tags = list(Concordant = list(
        Freqs = structure(c(0, 0, 0, 1, 1001, 0), .Dim = 3:2, .Dimnames = list(
            c("-1", "0", "1"), c("A", "G"))), N = 1002), Majority = list(
        Freqs = structure(c(0, 0, 0, 1, 1017, 0), .Dim = 3:2, .Dimnames = list(
            c("-1", "0", "1"), c("A", "G"))), N = 1018)), `2` = structure(c(0, 
    0, 0, 1, 848, 0), .Dim = 3:2, .Dimnames = list(c("-1", "0", 
    "1"), c("A", "G"))))))
