Results <-
list(`bwaOutput/20210421msiMNRsJenny/1262_S120.sam` = list(GM22_SNP1 = list(
    All = list(Freqs = structure(c(17L, 112L, 5884L, 32L, 1L, 
    15L, 0L, 0L, 2L, 0L, 0L, 0L, 0L, 1L, 65L, 1L, 0L, 0L), .Dim = c(6L, 
    3L), .Dimnames = structure(list(c("-2", "-1", "0", "1", "2", 
    NA), c("A", "G", NA)), .Names = c("", "")), class = "table"), 
        N = 6130L), Tag.Distribution = structure(c(`1` = 128L, 
    `2` = 61L, `3` = 62L, `4` = 81L, `5` = 73L, `6` = 55L, `7` = 52L, 
    `8` = 52L, `9` = 41L, `10` = 39L, `11` = 34L, `12` = 35L, 
    `13` = 37L, `14` = 11L, `15` = 24L, `16` = 11L, `17` = 13L, 
    `18` = 9L, `19` = 3L, `20` = 5L, `21` = 4L, `22` = 3L, `23` = 1L, 
    `24` = 2L, `25` = 2L, `27` = 1L, `28` = 2L, `29` = 1L, `30` = 2L, 
    `35` = 1L), .Dim = 30L, .Dimnames = structure(list(c("1", 
    "2", "3", "4", "5", "6", "7", "8", "9", "10", "11", "12", 
    "13", "14", "15", "16", "17", "18", "19", "20", "21", "22", 
    "23", "24", "25", "27", "28", "29", "30", "35")), .Names = ""), class = "table"), 
    No.Tag = structure(c(0L, 2L, 147L, 0L, 0L, 0L, 0L, 0L, 0L, 
    0L, 0L, 0L, 0L, 0L, 4L, 0L, 0L, 0L), .Dim = c(6L, 3L), .Dimnames = structure(list(
        c("-2", "-1", "0", "1", "2", NA), c("A", "G", NA)), .Names = c("", 
    "")), class = "table"), All.Tags = list(Concordant = list(
        Freqs = structure(c(1, 5, 715, 0, 0, 0, 0, 1, 0, 0), .Dim = c(5L, 
        2L), .Dimnames = list(c("-2", "-1", "0", "1", "2"), c("A", 
        "G"))), N = 722), Majority = list(Freqs = structure(c(1, 
    5, 833, 0, 0, 0, 0, 1, 0, 0), .Dim = c(5L, 2L), .Dimnames = list(
        c("-2", "-1", "0", "1", "2"), c("A", "G"))), N = 840)), 
    `2` = structure(c(1, 3, 711, 0, 0, 0, 0, 0, 0, 0), .Dim = c(5L, 
    2L), .Dimnames = list(c("-2", "-1", "0", "1", "2"), c("A", 
    "G"))))))
