Results <-
list(`bwaOutput/20210421msiMNRsJenny/1262_S120.sam` = list(LR10_SNP1 = list(
    All = list(Freqs = structure(c(1L, 85L, 2789L, 35L, 5L, 1L, 
    53L, 2620L, 25L, 2L, 0L, 0L, 54L, 0L, 0L), .Dim = c(5L, 3L
    ), .Dimnames = structure(list(c("-2", "-1", "0", "1", NA), 
        c("C", "T", NA)), .Names = c("", "")), class = "table"), 
        N = 5670L), Tag.Distribution = structure(c(`1` = 106L, 
    `2` = 68L, `3` = 94L, `4` = 75L, `5` = 78L, `6` = 66L, `7` = 50L, 
    `8` = 43L, `9` = 46L, `10` = 33L, `11` = 36L, `12` = 13L, 
    `13` = 21L, `14` = 25L, `15` = 21L, `16` = 13L, `17` = 7L, 
    `18` = 6L, `19` = 3L, `20` = 8L, `21` = 3L, `22` = 4L, `23` = 3L, 
    `25` = 2L, `26` = 1L, `28` = 1L, `33` = 1L), .Dim = 27L, .Dimnames = structure(list(
        c("1", "2", "3", "4", "5", "6", "7", "8", "9", "10", 
        "11", "12", "13", "14", "15", "16", "17", "18", "19", 
        "20", "21", "22", "23", "25", "26", "28", "33")), .Names = ""), class = "table"), 
    No.Tag = structure(c(0L, 0L, 66L, 0L, 0L, 0L, 1L, 53L, 0L, 
    0L, 0L, 0L, 3L, 0L, 0L), .Dim = c(5L, 3L), .Dimnames = structure(list(
        c("-2", "-1", "0", "1", NA), c("C", "T", NA)), .Names = c("", 
    "")), class = "table"), All.Tags = list(Concordant = list(
        Freqs = structure(c(0, 2, 317, 0, 0, 1, 323, 2), .Dim = c(4L, 
        2L), .Dimnames = list(c("-2", "-1", "0", "1"), c("C", 
        "T"))), N = 645), Majority = list(Freqs = structure(c(0, 
    3, 408, 1, 0, 1, 390, 2), .Dim = c(4L, 2L), .Dimnames = list(
        c("-2", "-1", "0", "1"), c("C", "T"))), N = 805)), `2` = structure(c(0, 
    2, 359, 1, 0, 0, 342, 1), .Dim = c(4L, 2L), .Dimnames = list(
        c("-2", "-1", "0", "1"), c("C", "T"))))))
