Results <-
list(`bwaOutput/20210421msiMNRsJenny/1262_S120.sam` = list(GM26_SNP1 = list(
    All = list(Freqs = structure(c(4L, 529L, 3796L, 9L, 16L, 
    0L, 0L, 7L, 0L, 0L, 0L, 4L, 27L, 1L, 0L), .Dim = c(5L, 3L
    ), .Dimnames = structure(list(c("-2", "-1", "0", "1", NA), 
        c("A", "G", NA)), .Names = c("", "")), class = "table"), 
        N = 4393L), Tag.Distribution = structure(c(`1` = 129L, 
    `2` = 70L, `3` = 73L, `4` = 55L, `5` = 57L, `6` = 53L, `7` = 36L, 
    `8` = 32L, `9` = 25L, `10` = 27L, `11` = 22L, `12` = 25L, 
    `13` = 16L, `14` = 17L, `15` = 10L, `16` = 6L, `17` = 10L, 
    `18` = 4L, `19` = 8L, `20` = 6L, `21` = 1L, `22` = 2L, `23` = 2L, 
    `24` = 2L, `39` = 1L), .Dim = 25L, .Dimnames = structure(list(
        c("1", "2", "3", "4", "5", "6", "7", "8", "9", "10", 
        "11", "12", "13", "14", "15", "16", "17", "18", "19", 
        "20", "21", "22", "23", "24", "39")), .Names = ""), class = "table"), 
    No.Tag = structure(c(0L, 26L, 103L, 0L, 1L, 0L, 0L, 0L, 0L, 
    0L, 0L, 2L, 1L, 0L, 0L), .Dim = c(5L, 3L), .Dimnames = structure(list(
        c("-2", "-1", "0", "1", NA), c("A", "G", NA)), .Names = c("", 
    "")), class = "table"), All.Tags = list(Concordant = list(
        Freqs = structure(c(0, 60, 557, 1, 0, 0, 1, 0), .Dim = c(4L, 
        2L), .Dimnames = list(c("-2", "-1", "0", "1"), c("A", 
        "G"))), N = 619), Majority = list(Freqs = structure(c(0, 
    73, 596, 1, 0, 0, 1, 0), .Dim = c(4L, 2L), .Dimnames = list(
        c("-2", "-1", "0", "1"), c("A", "G"))), N = 671)), `2` = structure(c(0, 
    58, 493, 0, 0, 0, 1, 0), .Dim = c(4L, 2L), .Dimnames = list(
        c("-2", "-1", "0", "1"), c("A", "G"))))))
