Results <-
list(`bwaOutput/20210421msiMNRsJenny/1262_S120.sam` = list(DEPDC2_SNP1 = list(
    All = list(Freqs = structure(c(0L, 0L, 0L, 1L, 0L, 0L, 0L, 
    0L, 0L, 13L, 0L, 0L, 1L, 1L, 120L, 10553L, 54L, 50L, 0L, 
    0L, 0L, 67L, 0L, 0L), .Dim = c(6L, 4L), .Dimnames = structure(list(
        c("-3", "-2", "-1", "0", "1", NA), c("A", "C", "T", NA
        )), .Names = c("", "")), class = "table"), N = 10860L), 
    Tag.Distribution = structure(c(`1` = 299L, `2` = 189L, `3` = 164L, 
    `4` = 159L, `5` = 147L, `6` = 99L, `7` = 87L, `8` = 83L, 
    `9` = 92L, `10` = 72L, `11` = 59L, `12` = 50L, `13` = 35L, 
    `14` = 39L, `15` = 25L, `16` = 28L, `17` = 13L, `18` = 13L, 
    `19` = 10L, `20` = 10L, `21` = 9L, `22` = 5L, `23` = 11L, 
    `24` = 3L, `25` = 2L, `26` = 2L, `30` = 1L, `31` = 1L), .Dim = 28L, .Dimnames = structure(list(
        c("1", "2", "3", "4", "5", "6", "7", "8", "9", "10", 
        "11", "12", "13", "14", "15", "16", "17", "18", "19", 
        "20", "21", "22", "23", "24", "25", "26", "30", "31")), .Names = ""), class = "table"), 
    No.Tag = structure(c(0L, 0L, 0L, 1L, 0L, 0L, 0L, 0L, 0L, 
    0L, 0L, 0L, 0L, 0L, 1L, 187L, 0L, 7L, 0L, 0L, 0L, 4L, 0L, 
    0L), .Dim = c(6L, 4L), .Dimnames = structure(list(c("-3", 
    "-2", "-1", "0", "1", NA), c("A", "C", "T", NA)), .Names = c("", 
    "")), class = "table"), All.Tags = list(Concordant = list(
        Freqs = structure(c(0, 0, 0, 0, 0, 0, 0, 0, 4, 0, 0, 
        0, 5, 1556, 4), .Dim = c(5L, 3L), .Dimnames = list(c("-3", 
        "-2", "-1", "0", "1"), c("A", "C", "T"))), N = 1569), 
        Majority = list(Freqs = structure(c(0, 0, 0, 0, 0, 0, 
        0, 0, 4, 0, 0, 0, 9, 1671, 5), .Dim = c(5L, 3L), .Dimnames = list(
            c("-3", "-2", "-1", "0", "1"), c("A", "C", "T"))), 
            N = 1689)), `2` = structure(c(0, 0, 0, 0, 0, 0, 0, 
    0, 1, 0, 0, 0, 6, 1393, 2), .Dim = c(5L, 3L), .Dimnames = list(
        c("-3", "-2", "-1", "0", "1"), c("A", "C", "T"))))))
