Results <-
list(`bwaOutput/20210421msiMNRsJenny/1262_S120.sam` = list(GM29_SNP1 = list(
    All = list(Freqs = structure(c(247L, 4059L, 13L, 10L, 0L, 
    1L, 0L, 0L, 0L, 1L, 0L, 0L, 1L, 29L, 0L, 0L), .Dim = c(4L, 
    4L), .Dimnames = structure(list(c("-1", "0", "1", NA), c("A", 
    "G", "T", NA)), .Names = c("", "")), class = "table"), N = 4361L), 
    Tag.Distribution = structure(c(`1` = 92L, `2` = 78L, `3` = 72L, 
    `4` = 66L, `5` = 60L, `6` = 44L, `7` = 43L, `8` = 40L, `9` = 23L, 
    `10` = 19L, `11` = 20L, `12` = 15L, `13` = 16L, `14` = 17L, 
    `15` = 7L, `16` = 5L, `17` = 6L, `18` = 4L, `19` = 2L, `20` = 5L, 
    `21` = 3L, `22` = 6L, `23` = 1L, `24` = 2L, `25` = 1L, `29` = 1L, 
    `31` = 1L, `33` = 2L, `35` = 3L, `38` = 1L, `39` = 1L, `40` = 1L
    ), .Dim = 32L, .Dimnames = structure(list(c("1", "2", "3", 
    "4", "5", "6", "7", "8", "9", "10", "11", "12", "13", "14", 
    "15", "16", "17", "18", "19", "20", "21", "22", "23", "24", 
    "25", "29", "31", "33", "35", "38", "39", "40")), .Names = ""), class = "table"), 
    No.Tag = structure(c(1L, 62L, 0L, 1L, 0L, 0L, 0L, 0L, 0L, 
    0L, 0L, 0L, 1L, 4L, 0L, 0L), .Dim = c(4L, 4L), .Dimnames = structure(list(
        c("-1", "0", "1", NA), c("A", "G", "T", NA)), .Names = c("", 
    "")), class = "table"), All.Tags = list(Concordant = list(
        Freqs = structure(c(24, 544, 0, 0, 1, 0, 0, 0, 0), .Dim = c(3L, 
        3L), .Dimnames = list(c("-1", "0", "1"), c("A", "G", 
        "T"))), N = 569), Majority = list(Freqs = structure(c(28, 
    622, 0, 0, 1, 0, 0, 0, 0), .Dim = c(3L, 3L), .Dimnames = list(
        c("-1", "0", "1"), c("A", "G", "T"))), N = 651)), `2` = structure(c(20, 
    543, 0, 0, 0, 0, 0, 0, 0), .Dim = c(3L, 3L), .Dimnames = list(
        c("-1", "0", "1"), c("A", "G", "T"))))))
