Results <-
list(`bwaOutput/20210421msiMNRsJenny/1262_S120.sam` = list(GM11_SNP1 = list(
    All = list(Freqs = structure(c(1L, 21L, 3809L, 152L, 3L, 
    3L, 0L, 1L, 21L, 0L, 0L, 0L, 0L, 0L, 19L, 2L, 0L, 0L), .Dim = c(6L, 
    3L), .Dimnames = structure(list(c("-2", "-1", "0", "1", "2", 
    NA), c("A", "G", NA)), .Names = c("", "")), class = "table"), 
        N = 4032L), Tag.Distribution = structure(c(`1` = 85L, 
    `2` = 59L, `3` = 61L, `4` = 51L, `5` = 54L, `6` = 47L, `7` = 38L, 
    `8` = 32L, `9` = 32L, `10` = 29L, `11` = 17L, `12` = 20L, 
    `13` = 17L, `14` = 12L, `15` = 5L, `16` = 12L, `17` = 3L, 
    `18` = 4L, `19` = 6L, `20` = 3L, `21` = 1L, `22` = 4L, `23` = 1L, 
    `24` = 3L, `25` = 1L, `26` = 2L, `28` = 1L, `31` = 1L), .Dim = 28L, .Dimnames = structure(list(
        c("1", "2", "3", "4", "5", "6", "7", "8", "9", "10", 
        "11", "12", "13", "14", "15", "16", "17", "18", "19", 
        "20", "21", "22", "23", "24", "25", "26", "28", "31")), .Names = ""), class = "table"), 
    No.Tag = structure(c(0L, 0L, 63L, 3L, 0L, 0L, 0L, 0L, 1L, 
    0L, 0L, 0L, 0L, 0L, 3L, 0L, 0L, 0L), .Dim = c(6L, 3L), .Dimnames = structure(list(
        c("-2", "-1", "0", "1", "2", NA), c("A", "G", NA)), .Names = c("", 
    "")), class = "table"), All.Tags = list(Concordant = list(
        Freqs = structure(c(0, 0, 536, 14, 0, 0, 0, 1, 0, 0), .Dim = c(5L, 
        2L), .Dimnames = list(c("-2", "-1", "0", "1", "2"), c("A", 
        "G"))), N = 551), Majority = list(Freqs = structure(c(0, 
    0, 575, 20, 0, 0, 0, 2, 0, 0), .Dim = c(5L, 2L), .Dimnames = list(
        c("-2", "-1", "0", "1", "2"), c("A", "G"))), N = 597)), 
    `2` = structure(c(0, 0, 495, 18, 0, 0, 0, 1, 0, 0), .Dim = c(5L, 
    2L), .Dimnames = list(c("-2", "-1", "0", "1", "2"), c("A", 
    "G"))))))
