Results <-
list(`bwaOutput/20210421msiMNRsJenny/1262_S120.sam` = list(LR36_SNP1 = list(
    All = list(Freqs = structure(c(0L, 0L, 0L, 0L, 1L, 0L, 0L, 
    0L, 5L, 64L, 390L, 163L, 4816L, 56L, 2L, 45L, 0L, 0L, 0L, 
    0L, 2L, 0L, 0L, 0L, 0L, 0L, 0L, 2L, 91L, 0L, 0L, 0L), .Dim = c(8L, 
    4L), .Dimnames = structure(list(c("-4", "-3", "-2", "-1", 
    "0", "1", "2", NA), c("-", "A", "T", NA)), .Names = c("", 
    "")), class = "table"), N = 5637L), Tag.Distribution = structure(c(`1` = 137L, 
    `2` = 106L, `3` = 97L, `4` = 78L, `5` = 75L, `6` = 58L, `7` = 54L, 
    `8` = 40L, `9` = 39L, `10` = 36L, `11` = 29L, `12` = 24L, 
    `13` = 17L, `14` = 20L, `15` = 17L, `16` = 15L, `17` = 11L, 
    `18` = 3L, `19` = 6L, `20` = 4L, `21` = 5L, `22` = 1L, `23` = 3L, 
    `24` = 1L, `25` = 1L, `28` = 1L, `36` = 1L, `38` = 1L), .Dim = 28L, .Dimnames = structure(list(
        c("1", "2", "3", "4", "5", "6", "7", "8", "9", "10", 
        "11", "12", "13", "14", "15", "16", "17", "18", "19", 
        "20", "21", "22", "23", "24", "25", "28", "36", "38")), .Names = ""), class = "table"), 
    No.Tag = structure(c(0L, 0L, 0L, 0L, 0L, 0L, 0L, 0L, 0L, 
    0L, 5L, 1L, 143L, 4L, 0L, 5L, 0L, 0L, 0L, 0L, 0L, 0L, 0L, 
    0L, 0L, 0L, 0L, 1L, 9L, 0L, 0L, 0L), .Dim = c(8L, 4L), .Dimnames = structure(list(
        c("-4", "-3", "-2", "-1", "0", "1", "2", NA), c("-", 
        "A", "T", NA)), .Names = c("", "")), class = "table"), 
    All.Tags = list(Concordant = list(Freqs = structure(c(0, 
    0, 0, 0, 0, 0, 0, 1, 6, 47, 11, 651, 3, 0, 0, 0, 0, 0, 1, 
    0, 0), .Dim = c(7L, 3L), .Dimnames = list(c("-4", "-3", "-2", 
    "-1", "0", "1", "2"), c("-", "A", "T"))), N = 720), Majority = list(
        Freqs = structure(c(0, 0, 0, 0, 0, 0, 0, 1, 7, 53, 12, 
        778, 4, 0, 0, 0, 0, 0, 1, 0, 0), .Dim = c(7L, 3L), .Dimnames = list(
            c("-4", "-3", "-2", "-1", "0", "1", "2"), c("-", 
            "A", "T"))), N = 856)), `2` = structure(c(0, 0, 0, 
    0, 0, 0, 0, 1, 7, 49, 8, 662, 3, 0, 0, 0, 0, 0, 0, 0, 0), .Dim = c(7L, 
    3L), .Dimnames = list(c("-4", "-3", "-2", "-1", "0", "1", 
    "2"), c("-", "A", "T"))))))
