Results <-
list(`bwaOutput/20210421msiMNRsJenny/1262_S120.sam` = list(LR46_SNP1 = list(
    All = list(Freqs = structure(c(40L, 4092L, 13L, 10L, 0L, 
    1L, 0L, 0L, 1L, 46L, 0L, 0L), .Dim = 4:3, .Dimnames = structure(list(
        c("-1", "0", "1", NA), c("G", "T", NA)), .Names = c("", 
    "")), class = "table"), N = 4203L), Tag.Distribution = structure(c(`1` = 111L, 
    `2` = 65L, `3` = 61L, `4` = 57L, `5` = 40L, `6` = 47L, `7` = 39L, 
    `8` = 37L, `9` = 29L, `10` = 19L, `11` = 18L, `12` = 20L, 
    `13` = 23L, `14` = 16L, `15` = 15L, `16` = 10L, `17` = 4L, 
    `18` = 5L, `19` = 2L, `20` = 6L, `21` = 1L, `22` = 2L, `23` = 2L, 
    `24` = 2L, `25` = 1L, `27` = 1L, `28` = 1L, `39` = 1L), .Dim = 28L, .Dimnames = structure(list(
        c("1", "2", "3", "4", "5", "6", "7", "8", "9", "10", 
        "11", "12", "13", "14", "15", "16", "17", "18", "19", 
        "20", "21", "22", "23", "24", "25", "27", "28", "39")), .Names = ""), class = "table"), 
    No.Tag = structure(c(0L, 106L, 0L, 0L, 0L, 0L, 0L, 0L, 0L, 
    3L, 0L, 0L), .Dim = 4:3, .Dimnames = structure(list(c("-1", 
    "0", "1", NA), c("G", "T", NA)), .Names = c("", "")), class = "table"), 
    All.Tags = list(Concordant = list(Freqs = structure(c(2, 
    601, 0, 0, 0, 0), .Dim = 3:2, .Dimnames = list(c("-1", "0", 
    "1"), c("G", "T"))), N = 603), Majority = list(Freqs = structure(c(2, 
    630, 0, 0, 0, 0), .Dim = 3:2, .Dimnames = list(c("-1", "0", 
    "1"), c("G", "T"))), N = 632)), `2` = structure(c(1, 523, 
    0, 0, 0, 0), .Dim = 3:2, .Dimnames = list(c("-1", "0", "1"
    ), c("G", "T"))))))
