Results <-
list(`bwaOutput/20210421msiMNRsJenny/1262_S120.sam` = list(LR48_SNP1 = list(
    All = list(Freqs = structure(c(6L, 622L, 3839L, 87L, 26L, 
    0L, 0L, 2L, 0L, 0L, 1L, 4L, 89L, 1L, 0L), .Dim = c(5L, 3L
    ), .Dimnames = structure(list(c("-2", "-1", "0", "1", NA), 
        c("C", "T", NA)), .Names = c("", "")), class = "table"), 
        N = 4677L), Tag.Distribution = structure(c(`1` = 76L, 
    `2` = 56L, `3` = 38L, `4` = 40L, `5` = 46L, `6` = 42L, `7` = 38L, 
    `8` = 30L, `9` = 30L, `10` = 28L, `11` = 23L, `12` = 26L, 
    `13` = 17L, `14` = 15L, `15` = 13L, `16` = 13L, `17` = 15L, 
    `18` = 6L, `19` = 10L, `20` = 3L, `21` = 4L, `23` = 3L, `24` = 4L, 
    `25` = 2L, `26` = 1L, `27` = 1L, `28` = 4L, `30` = 1L, `33` = 1L, 
    `35` = 1L), .Dim = 30L, .Dimnames = structure(list(c("1", 
    "2", "3", "4", "5", "6", "7", "8", "9", "10", "11", "12", 
    "13", "14", "15", "16", "17", "18", "19", "20", "21", "23", 
    "24", "25", "26", "27", "28", "30", "33", "35")), .Names = ""), class = "table"), 
    No.Tag = structure(c(0L, 4L, 86L, 2L, 0L, 0L, 0L, 0L, 0L, 
    0L, 0L, 0L, 11L, 0L, 0L), .Dim = c(5L, 3L), .Dimnames = structure(list(
        c("-2", "-1", "0", "1", NA), c("C", "T", NA)), .Names = c("", 
    "")), class = "table"), All.Tags = list(Concordant = list(
        Freqs = structure(c(0, 44, 358, 2, 0, 0, 1, 0), .Dim = c(4L, 
        2L), .Dimnames = list(c("-2", "-1", "0", "1"), c("C", 
        "T"))), N = 405), Majority = list(Freqs = structure(c(0, 
    59, 511, 3, 0, 0, 1, 0), .Dim = c(4L, 2L), .Dimnames = list(
        c("-2", "-1", "0", "1"), c("C", "T"))), N = 574)), `2` = structure(c(0, 
    54, 449, 2, 0, 0, 0, 0), .Dim = c(4L, 2L), .Dimnames = list(
        c("-2", "-1", "0", "1"), c("C", "T"))))))
