Results <-
list(`bwaOutput/20210421msiMNRsJenny/1262_S120.sam` = list(IM49_SNP1 = list(
    All = list(Freqs = structure(c(0L, 1L, 0L, 0L, 0L, 0L, 5L, 
    141L, 2673L, 68L, 2L, 22L, 10L, 415L, 1729L, 41L, 1L, 12L, 
    0L, 10L, 167L, 2L, 0L, 0L), .Dim = c(6L, 4L), .Dimnames = structure(list(
        c("-2", "-1", "0", "1", "2", NA), c("-", "C", "G", NA
        )), .Names = c("", "")), class = "table"), N = 5299L), 
    Tag.Distribution = structure(c(`1` = 296L, `2` = 182L, `3` = 145L, 
    `4` = 143L, `5` = 110L, `6` = 79L, `7` = 58L, `8` = 46L, 
    `9` = 47L, `10` = 29L, `11` = 18L, `12` = 9L, `13` = 17L, 
    `14` = 11L, `15` = 4L, `16` = 4L, `17` = 3L, `18` = 1L, `19` = 1L, 
    `20` = 1L, `21` = 1L, `24` = 1L, `27` = 1L), .Dim = 23L, .Dimnames = structure(list(
        c("1", "2", "3", "4", "5", "6", "7", "8", "9", "10", 
        "11", "12", "13", "14", "15", "16", "17", "18", "19", 
        "20", "21", "24", "27")), .Names = ""), class = "table"), 
    No.Tag = structure(c(0L, 0L, 0L, 0L, 0L, 0L, 1L, 1L, 68L, 
    5L, 0L, 2L, 0L, 3L, 44L, 2L, 0L, 0L, 0L, 0L, 10L, 0L, 0L, 
    0L), .Dim = c(6L, 4L), .Dimnames = structure(list(c("-2", 
    "-1", "0", "1", "2", NA), c("-", "C", "G", NA)), .Names = c("", 
    "")), class = "table"), All.Tags = list(Concordant = list(
        Freqs = structure(c(0, 1, 0, 0, 0, 0, 14, 480, 4, 0, 
        3, 65, 298, 2, 0), .Dim = c(5L, 3L), .Dimnames = list(
            c("-2", "-1", "0", "1", "2"), c("-", "C", "G"))), 
        N = 867), Majority = list(Freqs = structure(c(0, 1, 0, 
    0, 0, 0, 16, 620, 4, 0, 3, 84, 400, 2, 0), .Dim = c(5L, 3L
    ), .Dimnames = list(c("-2", "-1", "0", "1", "2"), c("-", 
    "C", "G"))), N = 1130)), `2` = structure(c(0, 1, 0, 0, 0, 
    0, 8, 471, 1, 0, 0, 65, 315, 0, 0), .Dim = c(5L, 3L), .Dimnames = list(
        c("-2", "-1", "0", "1", "2"), c("-", "C", "G"))))))
