Results <-
list(`bwaOutput/20210421msiMNRsJenny/1268_S124.sam` = list(LR49_SNP1 = list(
    All = list(Freqs = structure(c(21L, 245L, 626L, 9L, 0L, 0L, 
    1L, 0L, 0L, 0L, 1284L, 0L, 0L, 0L, 1L, 0L, 0L, 4L, 15L, 0L
    ), .Dim = 4:5, .Dimnames = structure(list(c("-2", "-1", "0", 
    NA), c("A", "C", "G", "T", NA)), .Names = c("", "")), class = "table"), 
        N = 2206L), Tag.Distribution = structure(c(`1` = 48L, 
    `2` = 6L, `3` = 5L, `4` = 4L, `5` = 2L, `6` = 6L, `7` = 1L, 
    `8` = 4L, `9` = 2L, `10` = 7L, `11` = 2L, `13` = 1L, `14` = 3L, 
    `16` = 2L, `17` = 2L, `19` = 4L, `20` = 5L, `21` = 4L, `22` = 2L, 
    `23` = 3L, `24` = 2L, `25` = 6L, `27` = 1L, `28` = 3L, `29` = 1L, 
    `32` = 2L, `35` = 3L, `42` = 2L, `43` = 3L, `44` = 1L, `45` = 2L, 
    `46` = 1L, `56` = 1L, `58` = 2L, `62` = 2L, `65` = 2L, `79` = 1L
    ), .Dim = 37L, .Dimnames = structure(list(c("1", "2", "3", 
    "4", "5", "6", "7", "8", "9", "10", "11", "13", "14", "16", 
    "17", "19", "20", "21", "22", "23", "24", "25", "27", "28", 
    "29", "32", "35", "42", "43", "44", "45", "46", "56", "58", 
    "62", "65", "79")), .Names = ""), class = "table"), No.Tag = structure(c(0L, 
    2L, 6L, 1L, 0L, 0L, 0L, 0L, 0L, 0L, 11L, 0L, 0L, 0L, 0L, 
    0L, 0L, 0L, 1L, 0L), .Dim = 4:5, .Dimnames = structure(list(
        c("-2", "-1", "0", NA), c("A", "C", "G", "T", NA)), .Names = c("", 
    "")), class = "table"), All.Tags = list(Concordant = list(
        Freqs = structure(c(2, 13, 46, 0, 0, 0, 0, 0, 76, 0, 
        0, 0), .Dim = 3:4, .Dimnames = list(c("-2", "-1", "0"
        ), c("A", "C", "G", "T"))), N = 137), Majority = list(
        Freqs = structure(c(2, 14, 52, 0, 0, 0, 0, 0, 76, 0, 
        0, 0), .Dim = 3:4, .Dimnames = list(c("-2", "-1", "0"
        ), c("A", "C", "G", "T"))), N = 144)), `2` = structure(c(1, 
    11, 41, 0, 0, 0, 0, 0, 47, 0, 0, 0), .Dim = 3:4, .Dimnames = list(
        c("-2", "-1", "0"), c("A", "C", "G", "T"))))))
