Results <-
list(`bwaOutput/20210421msiMNRsJenny/1268_S124.sam` = list(GM01_SNP1 = list(
    All = list(Freqs = structure(c(0L, 0L, 1L, 0L, 0L, 1L, 89L, 
    3508L, 14L, 2L, 0L, 1L, 3L, 0L, 0L, 0L, 1L, 35L, 1L, 0L), .Dim = 5:4, .Dimnames = structure(list(
        c("-2", "-1", "0", "1", NA), c("-", "A", "G", NA)), .Names = c("", 
    "")), class = "table"), N = 3656L), Tag.Distribution = structure(c(`1` = 35L, 
    `3` = 1L, `4` = 2L, `6` = 1L, `7` = 4L, `8` = 1L, `9` = 1L, 
    `10` = 1L, `11` = 3L, `12` = 1L, `13` = 1L, `14` = 2L, `15` = 1L, 
    `16` = 1L, `17` = 1L, `18` = 4L, `19` = 1L, `20` = 2L, `21` = 4L, 
    `22` = 3L, `25` = 1L, `26` = 1L, `27` = 1L, `28` = 1L, `29` = 1L, 
    `30` = 3L, `31` = 1L, `32` = 1L, `36` = 2L, `37` = 2L, `38` = 2L, 
    `39` = 2L, `40` = 1L, `42` = 1L, `45` = 1L, `47` = 1L, `49` = 4L, 
    `50` = 1L, `51` = 1L, `52` = 1L, `54` = 1L, `56` = 1L, `57` = 1L, 
    `58` = 1L, `61` = 1L, `62` = 2L, `63` = 1L, `69` = 2L, `71` = 1L, 
    `72` = 2L, `76` = 1L, `80` = 1L, `81` = 1L, `82` = 1L, `84` = 2L, 
    `90` = 1L, `91` = 1L, `98` = 1L, `109` = 1L, `120` = 1L, 
    `122` = 1L), .Dim = 61L, .Dimnames = structure(list(c("1", 
    "3", "4", "6", "7", "8", "9", "10", "11", "12", "13", "14", 
    "15", "16", "17", "18", "19", "20", "21", "22", "25", "26", 
    "27", "28", "29", "30", "31", "32", "36", "37", "38", "39", 
    "40", "42", "45", "47", "49", "50", "51", "52", "54", "56", 
    "57", "58", "61", "62", "63", "69", "71", "72", "76", "80", 
    "81", "82", "84", "90", "91", "98", "109", "120", "122")), .Names = ""), class = "table"), 
    No.Tag = structure(c(0L, 0L, 0L, 0L, 0L, 0L, 1L, 76L, 2L, 
    0L, 0L, 0L, 0L, 0L, 0L, 0L, 0L, 1L, 0L, 0L), .Dim = 5:4, .Dimnames = structure(list(
        c("-2", "-1", "0", "1", NA), c("-", "A", "G", NA)), .Names = c("", 
    "")), class = "table"), All.Tags = list(Concordant = list(
        Freqs = structure(c(0, 0, 0, 0, 0, 1, 77, 0, 0, 1, 2, 
        0), .Dim = 4:3, .Dimnames = list(c("-2", "-1", "0", "1"
        ), c("-", "A", "G"))), N = 81), Majority = list(Freqs = structure(c(0, 
    0, 0, 0, 0, 1, 120, 0, 0, 1, 2, 0), .Dim = 4:3, .Dimnames = list(
        c("-2", "-1", "0", "1"), c("-", "A", "G"))), N = 124)), 
    `2` = structure(c(0, 0, 0, 0, 0, 1, 88, 0, 0, 0, 0, 0), .Dim = 4:3, .Dimnames = list(
        c("-2", "-1", "0", "1"), c("-", "A", "G"))))))
