Results <-
list(`bwaOutput/20210421msiMNRsJenny/1268_S124.sam` = list(GM09_SNP1 = list(
    All = list(Freqs = structure(c(512L, 3943L, 5L, 153L, 0L, 
    47L, 0L, 3L, 2L, 11L, 0L, 0L), .Dim = 4:3, .Dimnames = structure(list(
        c("-1", "0", "1", NA), c("A", "G", NA)), .Names = c("", 
    "")), class = "table"), N = 4676L), Tag.Distribution = structure(c(`1` = 56L, 
    `2` = 5L, `4` = 3L, `5` = 4L, `6` = 5L, `8` = 4L, `9` = 5L, 
    `10` = 5L, `11` = 3L, `12` = 3L, `13` = 3L, `15` = 1L, `16` = 1L, 
    `17` = 3L, `18` = 6L, `19` = 1L, `20` = 1L, `21` = 5L, `22` = 4L, 
    `23` = 6L, `25` = 1L, `26` = 3L, `27` = 1L, `29` = 1L, `30` = 1L, 
    `31` = 2L, `32` = 2L, `33` = 1L, `35` = 2L, `36` = 4L, `37` = 3L, 
    `38` = 1L, `39` = 1L, `40` = 1L, `41` = 2L, `42` = 1L, `43` = 2L, 
    `44` = 2L, `45` = 3L, `46` = 1L, `47` = 1L, `48` = 2L, `49` = 2L, 
    `52` = 1L, `55` = 2L, `56` = 1L, `59` = 1L, `60` = 3L, `61` = 2L, 
    `62` = 3L, `65` = 1L, `67` = 1L, `69` = 1L, `74` = 1L, `75` = 1L, 
    `77` = 1L, `79` = 2L, `80` = 1L, `85` = 1L, `86` = 2L, `87` = 1L, 
    `95` = 1L, `111` = 1L), .Dim = 63L, .Dimnames = structure(list(
        c("1", "2", "4", "5", "6", "8", "9", "10", "11", "12", 
        "13", "15", "16", "17", "18", "19", "20", "21", "22", 
        "23", "25", "26", "27", "29", "30", "31", "32", "33", 
        "35", "36", "37", "38", "39", "40", "41", "42", "43", 
        "44", "45", "46", "47", "48", "49", "52", "55", "56", 
        "59", "60", "61", "62", "65", "67", "69", "74", "75", 
        "77", "79", "80", "85", "86", "87", "95", "111")), .Names = ""), class = "table"), 
    No.Tag = structure(c(4L, 104L, 0L, 151L, 0L, 1L, 0L, 1L, 
    0L, 2L, 0L, 0L), .Dim = 4:3, .Dimnames = structure(list(c("-1", 
    "0", "1", NA), c("A", "G", NA)), .Names = c("", "")), class = "table"), 
    All.Tags = list(Concordant = list(Freqs = structure(c(13, 
    141, 0, 0, 4, 0), .Dim = 3:2, .Dimnames = list(c("-1", "0", 
    "1"), c("A", "G"))), N = 158), Majority = list(Freqs = structure(c(14, 
    169, 0, 0, 4, 0), .Dim = 3:2, .Dimnames = list(c("-1", "0", 
    "1"), c("A", "G"))), N = 187)), `2` = structure(c(14, 120, 
    0, 0, 2, 0), .Dim = 3:2, .Dimnames = list(c("-1", "0", "1"
    ), c("A", "G"))))))
