Results <-
list(`bwaOutput/20210421msiMNRsJenny/1268_S124.sam` = list(IM16_SNP1 = list(
    All = list(Freqs = structure(c(0L, 132L, 1L, 0L, 19L, 2083L, 
    20L, 1L, 1L, 36L, 2L, 0L), .Dim = 4:3, .Dimnames = structure(list(
        c("-1", "0", "1", NA), c("A", "G", NA)), .Names = c("", 
    "")), class = "table"), N = 2295L), Tag.Distribution = structure(c(`1` = 24L, 
    `2` = 3L, `3` = 1L, `4` = 2L, `6` = 2L, `7` = 2L, `8` = 2L, 
    `9` = 2L, `10` = 2L, `13` = 1L, `14` = 1L, `15` = 1L, `16` = 1L, 
    `17` = 1L, `18` = 2L, `19` = 2L, `20` = 2L, `22` = 1L, `23` = 1L, 
    `24` = 1L, `25` = 1L, `27` = 2L, `30` = 2L, `31` = 1L, `32` = 1L, 
    `33` = 1L, `35` = 2L, `37` = 1L, `39` = 3L, `40` = 2L, `41` = 1L, 
    `44` = 1L, `47` = 1L, `48` = 1L, `50` = 1L, `53` = 1L, `56` = 1L, 
    `61` = 1L, `66` = 1L, `68` = 1L, `69` = 3L, `72` = 1L, `74` = 1L, 
    `97` = 1L, `129` = 1L, `136` = 1L), .Dim = 46L, .Dimnames = structure(list(
        c("1", "2", "3", "4", "6", "7", "8", "9", "10", "13", 
        "14", "15", "16", "17", "18", "19", "20", "22", "23", 
        "24", "25", "27", "30", "31", "32", "33", "35", "37", 
        "39", "40", "41", "44", "47", "48", "50", "53", "56", 
        "61", "66", "68", "69", "72", "74", "97", "129", "136"
        )), .Names = ""), class = "table"), No.Tag = structure(c(0L, 
    1L, 0L, 0L, 3L, 118L, 0L, 0L, 0L, 5L, 1L, 0L), .Dim = 4:3, .Dimnames = structure(list(
        c("-1", "0", "1", NA), c("A", "G", NA)), .Names = c("", 
    "")), class = "table"), All.Tags = list(Concordant = list(
        Freqs = structure(c(0, 4, 0, 0, 57, 0), .Dim = 3:2, .Dimnames = list(
            c("-1", "0", "1"), c("A", "G"))), N = 61), Majority = list(
        Freqs = structure(c(0, 5, 0, 0, 78, 0), .Dim = 3:2, .Dimnames = list(
            c("-1", "0", "1"), c("A", "G"))), N = 83)), `2` = structure(c(0, 
    1, 0, 0, 63, 0), .Dim = 3:2, .Dimnames = list(c("-1", "0", 
    "1"), c("A", "G"))))))
