Results <-
list(`bwaOutput/20210421msiMNRsJenny/1268_S124.sam` = list(LR36_SNP1 = list(
    All = list(Freqs = structure(c(0L, 1L, 0L, 0L, 0L, 0L, 1L, 
    47L, 280L, 1001L, 21L, 21L, 1L, 45L, 15L, 1000L, 12L, 15L, 
    0L, 1L, 1L, 52L, 1L, 0L), .Dim = c(6L, 4L), .Dimnames = structure(list(
        c("-3", "-2", "-1", "0", "1", NA), c("-", "A", "T", NA
        )), .Names = c("", "")), class = "table"), N = 2515L), 
    Tag.Distribution = structure(c(`1` = 37L, `2` = 4L, `3` = 2L, 
    `4` = 5L, `6` = 1L, `7` = 6L, `9` = 1L, `10` = 2L, `11` = 3L, 
    `12` = 2L, `13` = 1L, `14` = 7L, `15` = 2L, `17` = 3L, `18` = 4L, 
    `19` = 2L, `21` = 3L, `23` = 1L, `26` = 2L, `27` = 3L, `28` = 1L, 
    `29` = 3L, `30` = 1L, `31` = 1L, `34` = 1L, `36` = 1L, `38` = 1L, 
    `39` = 3L, `42` = 1L, `46` = 1L, `48` = 1L, `52` = 1L, `61` = 2L, 
    `62` = 1L, `63` = 1L, `64` = 2L, `69` = 1L, `70` = 1L, `71` = 1L, 
    `80` = 1L, `81` = 1L, `83` = 2L, `84` = 1L, `86` = 1L), .Dim = 44L, .Dimnames = structure(list(
        c("1", "2", "3", "4", "6", "7", "9", "10", "11", "12", 
        "13", "14", "15", "17", "18", "19", "21", "23", "26", 
        "27", "28", "29", "30", "31", "34", "36", "38", "39", 
        "42", "46", "48", "52", "61", "62", "63", "64", "69", 
        "70", "71", "80", "81", "83", "84", "86")), .Names = ""), class = "table"), 
    No.Tag = structure(c(0L, 0L, 0L, 0L, 0L, 0L, 0L, 1L, 22L, 
    46L, 1L, 3L, 0L, 0L, 0L, 33L, 1L, 3L, 0L, 0L, 1L, 7L, 0L, 
    0L), .Dim = c(6L, 4L), .Dimnames = structure(list(c("-3", 
    "-2", "-1", "0", "1", NA), c("-", "A", "T", NA)), .Names = c("", 
    "")), class = "table"), All.Tags = list(Concordant = list(
        Freqs = structure(c(0, 0, 0, 0, 0, 0, 1, 5, 32, 0, 0, 
        3, 1, 38, 0), .Dim = c(5L, 3L), .Dimnames = list(c("-3", 
        "-2", "-1", "0", "1"), c("-", "A", "T"))), N = 80), Majority = list(
        Freqs = structure(c(0, 0, 0, 0, 0, 0, 2, 8, 48, 0, 0, 
        4, 1, 52, 0), .Dim = c(5L, 3L), .Dimnames = list(c("-3", 
        "-2", "-1", "0", "1"), c("-", "A", "T"))), N = 115)), 
    `2` = structure(c(0, 0, 0, 0, 0, 0, 1, 7, 34, 0, 0, 2, 0, 
    41, 0), .Dim = c(5L, 3L), .Dimnames = list(c("-3", "-2", 
    "-1", "0", "1"), c("-", "A", "T"))))))
