Results <-
list(`bwaOutput/20210421msiMNRsJenny/1268_S124.sam` = list(GM14_SNP1 = list(
    All = list(Freqs = structure(c(3L, 106L, 2035L, 11L, 2L, 
    2L, 286L, 1010L, 13L, 4L, 0L, 0L, 29L, 1L, 0L), .Dim = c(5L, 
    3L), .Dimnames = structure(list(c("-2", "-1", "0", "1", NA
    ), c("C", "T", NA)), .Names = c("", "")), class = "table"), 
        N = 3502L), Tag.Distribution = structure(c(`1` = 32L, 
    `2` = 6L, `4` = 2L, `5` = 4L, `6` = 3L, `8` = 2L, `9` = 1L, 
    `10` = 1L, `12` = 1L, `13` = 2L, `14` = 1L, `16` = 1L, `17` = 2L, 
    `18` = 5L, `21` = 2L, `22` = 3L, `23` = 4L, `26` = 1L, `27` = 2L, 
    `28` = 2L, `29` = 1L, `31` = 2L, `33` = 3L, `34` = 2L, `35` = 1L, 
    `40` = 1L, `41` = 2L, `49` = 2L, `50` = 1L, `51` = 2L, `52` = 1L, 
    `54` = 2L, `57` = 2L, `59` = 1L, `62` = 2L, `64` = 1L, `65` = 1L, 
    `66` = 1L, `67` = 2L, `70` = 2L, `72` = 1L, `73` = 2L, `74` = 1L, 
    `75` = 1L, `78` = 1L, `81` = 1L, `82` = 1L, `84` = 1L, `90` = 1L, 
    `91` = 1L, `92` = 1L, `96` = 1L, `109` = 1L), .Dim = 53L, .Dimnames = structure(list(
        c("1", "2", "4", "5", "6", "8", "9", "10", "12", "13", 
        "14", "16", "17", "18", "21", "22", "23", "26", "27", 
        "28", "29", "31", "33", "34", "35", "40", "41", "49", 
        "50", "51", "52", "54", "57", "59", "62", "64", "65", 
        "66", "67", "70", "72", "73", "74", "75", "78", "81", 
        "82", "84", "90", "91", "92", "96", "109")), .Names = ""), class = "table"), 
    No.Tag = structure(c(0L, 4L, 80L, 0L, 0L, 0L, 0L, 2L, 0L, 
    0L, 0L, 0L, 1L, 1L, 0L), .Dim = c(5L, 3L), .Dimnames = structure(list(
        c("-2", "-1", "0", "1", NA), c("C", "T", NA)), .Names = c("", 
    "")), class = "table"), All.Tags = list(Concordant = list(
        Freqs = structure(c(0, 1, 33, 0, 0, 11, 25, 0), .Dim = c(4L, 
        2L), .Dimnames = list(c("-2", "-1", "0", "1"), c("C", 
        "T"))), N = 70), Majority = list(Freqs = structure(c(0, 
    2, 65, 0, 0, 12, 42, 0), .Dim = c(4L, 2L), .Dimnames = list(
        c("-2", "-1", "0", "1"), c("C", "T"))), N = 121)), `2` = structure(c(0, 
    2, 47, 0, 0, 11, 31, 0), .Dim = c(4L, 2L), .Dimnames = list(
        c("-2", "-1", "0", "1"), c("C", "T"))))))
