Results <-
list(`bwaOutput/20210421msiMNRsJenny/1268_S124.sam` = list(DEPDC2_SNP1 = list(
    All = list(Freqs = structure(c(0L, 0L, 1L, 0L, 0L, 0L, 0L, 
    1L, 0L, 0L, 12L, 558L, 4425L, 45L, 28L, 0L, 0L, 23L, 1L, 
    0L), .Dim = 5:4, .Dimnames = structure(list(c("-2", "-1", 
    "0", "1", NA), c("A", "C", "T", NA)), .Names = c("", "")), class = "table"), 
        N = 5094L), Tag.Distribution = structure(c(`1` = 117L, 
    `2` = 8L, `3` = 9L, `4` = 5L, `5` = 8L, `6` = 6L, `7` = 7L, 
    `8` = 4L, `9` = 6L, `10` = 3L, `11` = 3L, `12` = 8L, `13` = 3L, 
    `14` = 1L, `15` = 3L, `16` = 7L, `17` = 6L, `18` = 5L, `19` = 8L, 
    `20` = 6L, `21` = 3L, `22` = 5L, `23` = 5L, `24` = 3L, `25` = 4L, 
    `26` = 6L, `27` = 2L, `28` = 3L, `29` = 2L, `30` = 3L, `31` = 1L, 
    `32` = 2L, `33` = 2L, `34` = 2L, `36` = 2L, `37` = 1L, `38` = 1L, 
    `39` = 4L, `40` = 1L, `43` = 1L, `44` = 1L, `45` = 3L, `48` = 1L, 
    `49` = 2L, `50` = 3L, `51` = 5L, `53` = 1L, `54` = 2L, `55` = 1L, 
    `57` = 1L, `58` = 2L, `60` = 1L, `61` = 1L, `62` = 1L, `63` = 1L, 
    `64` = 1L, `68` = 2L, `69` = 1L, `72` = 1L, `73` = 2L, `76` = 1L, 
    `83` = 1L, `87` = 1L, `95` = 1L, `106` = 1L), .Dim = 65L, .Dimnames = structure(list(
        c("1", "2", "3", "4", "5", "6", "7", "8", "9", "10", 
        "11", "12", "13", "14", "15", "16", "17", "18", "19", 
        "20", "21", "22", "23", "24", "25", "26", "27", "28", 
        "29", "30", "31", "32", "33", "34", "36", "37", "38", 
        "39", "40", "43", "44", "45", "48", "49", "50", "51", 
        "53", "54", "55", "57", "58", "60", "61", "62", "63", 
        "64", "68", "69", "72", "73", "76", "83", "87", "95", 
        "106")), .Names = ""), class = "table"), No.Tag = structure(c(0L, 
    0L, 0L, 0L, 0L, 0L, 0L, 0L, 0L, 0L, 0L, 4L, 45L, 0L, 3L, 
    0L, 0L, 2L, 0L, 0L), .Dim = 5:4, .Dimnames = structure(list(
        c("-2", "-1", "0", "1", NA), c("A", "C", "T", NA)), .Names = c("", 
    "")), class = "table"), All.Tags = list(Concordant = list(
        Freqs = structure(c(0, 0, 1, 0, 0, 0, 1, 0, 1, 25, 244, 
        1), .Dim = 4:3, .Dimnames = list(c("-2", "-1", "0", "1"
        ), c("A", "C", "T"))), N = 273), Majority = list(Freqs = structure(c(0, 
    0, 1, 0, 0, 0, 1, 0, 1, 26, 274, 1), .Dim = 4:3, .Dimnames = list(
        c("-2", "-1", "0", "1"), c("A", "C", "T"))), N = 304)), 
    `2` = structure(c(0, 0, 0, 0, 0, 0, 0, 0, 1, 18, 177, 1), .Dim = 4:3, .Dimnames = list(
        c("-2", "-1", "0", "1"), c("A", "C", "T"))))))
