Results <-
list(`bwaOutput/20210421msiMNRsJenny/1268_S124.sam` = list(LR20_SNP1 = list(
    All = list(Freqs = structure(c(1L, 1357L, 1L, 2L, 1552L, 
    0L, 0L, 15L, 0L), .Dim = c(3L, 3L), .Dimnames = structure(list(
        c("-1", "0", NA), c("A", "G", NA)), .Names = c("", ""
    )), class = "table"), N = 2928L), Tag.Distribution = structure(c(`1` = 37L, 
    `2` = 4L, `3` = 1L, `4` = 2L, `7` = 1L, `8` = 2L, `9` = 2L, 
    `10` = 2L, `11` = 2L, `12` = 3L, `13` = 1L, `14` = 3L, `15` = 3L, 
    `16` = 1L, `17` = 3L, `20` = 3L, `21` = 4L, `22` = 3L, `24` = 2L, 
    `25` = 1L, `26` = 1L, `29` = 1L, `30` = 1L, `31` = 1L, `34` = 1L, 
    `35` = 2L, `36` = 2L, `38` = 2L, `42` = 1L, `43` = 1L, `46` = 1L, 
    `48` = 1L, `49` = 1L, `50` = 1L, `51` = 3L, `58` = 3L, `59` = 1L, 
    `62` = 1L, `63` = 2L, `64` = 2L, `67` = 1L, `69` = 1L, `74` = 1L, 
    `75` = 2L, `78` = 1L, `85` = 1L, `88` = 1L, `90` = 1L, `95` = 1L, 
    `109` = 1L), .Dim = 50L, .Dimnames = structure(list(c("1", 
    "2", "3", "4", "7", "8", "9", "10", "11", "12", "13", "14", 
    "15", "16", "17", "20", "21", "22", "24", "25", "26", "29", 
    "30", "31", "34", "35", "36", "38", "42", "43", "46", "48", 
    "49", "50", "51", "58", "59", "62", "63", "64", "67", "69", 
    "74", "75", "78", "85", "88", "90", "95", "109")), .Names = ""), class = "table"), 
    No.Tag = structure(c(0L, 36L, 0L, 0L, 11L, 0L, 0L, 3L, 0L
    ), .Dim = c(3L, 3L), .Dimnames = structure(list(c("-1", "0", 
    NA), c("A", "G", NA)), .Names = c("", "")), class = "table"), 
    All.Tags = list(Concordant = list(Freqs = structure(c(0, 
    63, 0, 48), .Dim = c(2L, 2L), .Dimnames = list(c("-1", "0"
    ), c("A", "G"))), N = 111), Majority = list(Freqs = structure(c(0, 
    66, 0, 52), .Dim = c(2L, 2L), .Dimnames = list(c("-1", "0"
    ), c("A", "G"))), N = 118)), `2` = structure(c(0, 47, 0, 
    36), .Dim = c(2L, 2L), .Dimnames = list(c("-1", "0"), c("A", 
    "G"))))))
