Results <-
list(`bwaOutput/20210421msiMNRsJenny/1268_S124.sam` = list(GM11_SNP1 = list(
    All = list(Freqs = structure(c(0L, 0L, 7L, 0L, 0L, 1L, 203L, 
    1039L, 2L, 3L, 0L, 1L, 4L, 1L, 0L), .Dim = c(5L, 3L), .Dimnames = structure(list(
        c("-2", "-1", "0", "1", NA), c("A", "G", NA)), .Names = c("", 
    "")), class = "table"), N = 1261L), Tag.Distribution = structure(c(`1` = 20L, 
    `2` = 1L, `3` = 1L, `5` = 1L, `6` = 1L, `9` = 1L, `11` = 2L, 
    `14` = 1L, `15` = 3L, `16` = 2L, `18` = 3L, `20` = 1L, `21` = 1L, 
    `23` = 1L, `25` = 2L, `31` = 1L, `32` = 1L, `33` = 3L, `36` = 2L, 
    `40` = 1L, `42` = 1L, `46` = 1L, `49` = 1L, `50` = 1L, `53` = 1L, 
    `54` = 1L, `61` = 1L, `67` = 1L, `69` = 1L, `73` = 1L, `92` = 1L
    ), .Dim = 31L, .Dimnames = structure(list(c("1", "2", "3", 
    "5", "6", "9", "11", "14", "15", "16", "18", "20", "21", 
    "23", "25", "31", "32", "33", "36", "40", "42", "46", "49", 
    "50", "53", "54", "61", "67", "69", "73", "92")), .Names = ""), class = "table"), 
    No.Tag = structure(c(0L, 0L, 0L, 0L, 0L, 0L, 1L, 3L, 0L, 
    1L, 0L, 0L, 0L, 0L, 0L), .Dim = c(5L, 3L), .Dimnames = structure(list(
        c("-2", "-1", "0", "1", NA), c("A", "G", NA)), .Names = c("", 
    "")), class = "table"), All.Tags = list(Concordant = list(
        Freqs = structure(c(0, 0, 5, 0, 0, 5, 36, 0), .Dim = c(4L, 
        2L), .Dimnames = list(c("-2", "-1", "0", "1"), c("A", 
        "G"))), N = 46), Majority = list(Freqs = structure(c(0, 
    0, 5, 0, 0, 6, 48, 0), .Dim = c(4L, 2L), .Dimnames = list(
        c("-2", "-1", "0", "1"), c("A", "G"))), N = 59)), `2` = structure(c(0, 
    0, 0, 0, 0, 4, 36, 0), .Dim = c(4L, 2L), .Dimnames = list(
        c("-2", "-1", "0", "1"), c("A", "G"))))))
