Results <-
list(`bwaOutput/20210421msiMNRsJenny/1268_S124.sam` = list(GM22_SNP1 = list(
    All = list(Freqs = structure(c(1L, 3L, 117L, 3164L, 17L, 
    5L, 0L, 0L, 0L, 3L, 0L, 1L, 0L, 0L, 1L, 35L, 0L, 0L), .Dim = c(6L, 
    3L), .Dimnames = structure(list(c("-3", "-2", "-1", "0", 
    "1", NA), c("A", "G", NA)), .Names = c("", "")), class = "table"), 
        N = 3347L), Tag.Distribution = structure(c(`1` = 46L, 
    `2` = 1L, `5` = 1L, `6` = 2L, `8` = 2L, `10` = 4L, `11` = 1L, 
    `12` = 1L, `13` = 1L, `14` = 1L, `16` = 3L, `17` = 3L, `18` = 3L, 
    `21` = 3L, `22` = 1L, `24` = 2L, `26` = 3L, `28` = 3L, `29` = 1L, 
    `30` = 5L, `32` = 1L, `34` = 1L, `36` = 1L, `37` = 2L, `38` = 1L, 
    `39` = 3L, `40` = 3L, `44` = 1L, `45` = 2L, `46` = 1L, `48` = 1L, 
    `49` = 1L, `51` = 2L, `54` = 1L, `55` = 1L, `58` = 1L, `60` = 1L, 
    `61` = 2L, `63` = 1L, `64` = 2L, `65` = 1L, `67` = 1L, `68` = 1L, 
    `73` = 1L, `79` = 1L, `80` = 1L, `83` = 1L, `84` = 1L, `86` = 1L, 
    `90` = 1L, `91` = 1L, `93` = 1L, `100` = 1L, `101` = 1L), .Dim = 54L, .Dimnames = structure(list(
        c("1", "2", "5", "6", "8", "10", "11", "12", "13", "14", 
        "16", "17", "18", "21", "22", "24", "26", "28", "29", 
        "30", "32", "34", "36", "37", "38", "39", "40", "44", 
        "45", "46", "48", "49", "51", "54", "55", "58", "60", 
        "61", "63", "64", "65", "67", "68", "73", "79", "80", 
        "83", "84", "86", "90", "91", "93", "100", "101")), .Names = ""), class = "table"), 
    No.Tag = structure(c(0L, 0L, 0L, 13L, 0L, 1L, 0L, 0L, 0L, 
    2L, 0L, 1L, 0L, 0L, 0L, 2L, 0L, 0L), .Dim = c(6L, 3L), .Dimnames = structure(list(
        c("-3", "-2", "-1", "0", "1", NA), c("A", "G", NA)), .Names = c("", 
    "")), class = "table"), All.Tags = list(Concordant = list(
        Freqs = structure(c(0, 1, 3, 82, 0, 0, 0, 0, 1, 0), .Dim = c(5L, 
        2L), .Dimnames = list(c("-3", "-2", "-1", "0", "1"), 
            c("A", "G"))), N = 87), Majority = list(Freqs = structure(c(0, 
    1, 4, 119, 0, 0, 0, 0, 1, 0), .Dim = c(5L, 2L), .Dimnames = list(
        c("-3", "-2", "-1", "0", "1"), c("A", "G"))), N = 125)), 
    `2` = structure(c(0, 0, 1, 83, 0, 0, 0, 0, 0, 0), .Dim = c(5L, 
    2L), .Dimnames = list(c("-3", "-2", "-1", "0", "1"), c("A", 
    "G"))))))
