Results <-
list(`bwaOutput/20210421msiMNRsJenny/1268_S124.sam` = list(LR52_SNP1 = list(
    All = list(Freqs = structure(c(6L, 170L, 236L, 562L, 2L, 
    10L, 2L, 38L, 160L, 353L, 2L, 4L, 0L, 2L, 23L, 174L, 1L, 
    0L), .Dim = c(6L, 3L), .Dimnames = structure(list(c("-3", 
    "-2", "-1", "0", "1", NA), c("C", "T", NA)), .Names = c("", 
    "")), class = "table"), N = 1745L), Tag.Distribution = structure(c(`1` = 17L, 
    `4` = 2L, `5` = 2L, `6` = 1L, `7` = 1L, `14` = 1L, `17` = 2L, 
    `18` = 1L, `20` = 1L, `24` = 2L, `28` = 2L, `29` = 1L, `30` = 2L, 
    `31` = 2L, `33` = 1L, `36` = 1L, `37` = 1L, `38` = 3L, `47` = 1L, 
    `50` = 1L, `51` = 2L, `58` = 1L, `62` = 1L, `64` = 1L, `65` = 1L, 
    `68` = 1L, `69` = 1L, `72` = 1L, `76` = 1L, `87` = 1L, `97` = 1L, 
    `104` = 2L), .Dim = 32L, .Dimnames = structure(list(c("1", 
    "4", "5", "6", "7", "14", "17", "18", "20", "24", "28", "29", 
    "30", "31", "33", "36", "37", "38", "47", "50", "51", "58", 
    "62", "64", "65", "68", "69", "72", "76", "87", "97", "104"
    )), .Names = ""), class = "table"), No.Tag = structure(c(1L, 
    0L, 0L, 2L, 0L, 0L, 0L, 0L, 1L, 2L, 0L, 0L, 0L, 1L, 0L, 4L, 
    0L, 0L), .Dim = c(6L, 3L), .Dimnames = structure(list(c("-3", 
    "-2", "-1", "0", "1", NA), c("C", "T", NA)), .Names = c("", 
    "")), class = "table"), All.Tags = list(Concordant = list(
        Freqs = structure(c(0, 2, 1, 9, 0, 0, 0, 2, 4, 0), .Dim = c(5L, 
        2L), .Dimnames = list(c("-3", "-2", "-1", "0", "1"), 
            c("C", "T"))), N = 18), Majority = list(Freqs = structure(c(0, 
    4, 3, 24, 0, 0, 2, 5, 17, 0), .Dim = c(5L, 2L), .Dimnames = list(
        c("-3", "-2", "-1", "0", "1"), c("C", "T"))), N = 55)), 
    `2` = structure(c(0, 2, 2, 19, 0, 0, 2, 4, 13, 0), .Dim = c(5L, 
    2L), .Dimnames = list(c("-3", "-2", "-1", "0", "1"), c("C", 
    "T"))))))
