Results <-
list(`bwaOutput/20210421msiMNRsJenny/1268_S124.sam` = list(LR24_SNP1 = list(
    All = list(Freqs = structure(c(0L, 0L, 47L, 9L, 0L, 0L, 0L, 
    0L, 0L, 1L, 0L, 0L, 1L, 34L, 612L, 3822L, 7L, 12L, 0L, 0L, 
    1L, 0L, 0L, 0L, 0L, 0L, 0L, 24L, 0L, 0L), .Dim = 6:5, .Dimnames = structure(list(
        c("-3", "-2", "-1", "0", "1", NA), c("A", "C", "G", "T", 
        NA)), .Names = c("", "")), class = "table"), N = 4570L), 
    Tag.Distribution = structure(c(`1` = 86L, `2` = 27L, `3` = 11L, 
    `4` = 13L, `5` = 9L, `6` = 12L, `7` = 19L, `8` = 10L, `9` = 6L, 
    `10` = 5L, `11` = 10L, `12` = 7L, `13` = 5L, `14` = 4L, `15` = 5L, 
    `16` = 8L, `17` = 8L, `18` = 6L, `19` = 3L, `20` = 4L, `21` = 7L, 
    `22` = 5L, `23` = 2L, `24` = 2L, `25` = 4L, `26` = 3L, `27` = 1L, 
    `28` = 5L, `30` = 5L, `31` = 5L, `32` = 2L, `33` = 7L, `34` = 1L, 
    `35` = 1L, `36` = 2L, `37` = 2L, `38` = 1L, `40` = 1L, `42` = 2L, 
    `45` = 1L, `46` = 2L, `47` = 2L, `49` = 1L, `51` = 2L, `52` = 1L, 
    `53` = 1L, `54` = 2L, `63` = 2L, `65` = 1L, `68` = 1L, `69` = 1L, 
    `73` = 1L, `74` = 1L, `81` = 1L, `85` = 1L), .Dim = 55L, .Dimnames = structure(list(
        c("1", "2", "3", "4", "5", "6", "7", "8", "9", "10", 
        "11", "12", "13", "14", "15", "16", "17", "18", "19", 
        "20", "21", "22", "23", "24", "25", "26", "27", "28", 
        "30", "31", "32", "33", "34", "35", "36", "37", "38", 
        "40", "42", "45", "46", "47", "49", "51", "52", "53", 
        "54", "63", "65", "68", "69", "73", "74", "81", "85")), .Names = ""), class = "table"), 
    No.Tag = structure(c(0L, 0L, 0L, 1L, 0L, 0L, 0L, 0L, 0L, 
    0L, 0L, 0L, 0L, 0L, 28L, 69L, 0L, 0L, 0L, 0L, 0L, 0L, 0L, 
    0L, 0L, 0L, 0L, 5L, 0L, 0L), .Dim = 6:5, .Dimnames = structure(list(
        c("-3", "-2", "-1", "0", "1", NA), c("A", "C", "G", "T", 
        NA)), .Names = c("", "")), class = "table"), All.Tags = list(
        Concordant = list(Freqs = structure(c(0, 0, 2, 5, 0, 
        0, 0, 0, 0, 0, 0, 1, 44, 248, 0, 0, 0, 0, 0, 0), .Dim = 5:4, .Dimnames = list(
            c("-3", "-2", "-1", "0", "1"), c("A", "C", "G", "T"
            ))), N = 300), Majority = list(Freqs = structure(c(0, 
        0, 2, 5, 0, 0, 0, 0, 0, 0, 0, 1, 46, 274, 0, 0, 0, 0, 
        0, 0), .Dim = 5:4, .Dimnames = list(c("-3", "-2", "-1", 
        "0", "1"), c("A", "C", "G", "T"))), N = 328)), `2` = structure(c(0, 
    0, 1, 0, 0, 0, 0, 0, 0, 0, 0, 1, 38, 210, 0, 0, 0, 0, 0, 
    0), .Dim = 5:4, .Dimnames = list(c("-3", "-2", "-1", "0", 
    "1"), c("A", "C", "G", "T"))))))
