Results <-
list(`bwaOutput/20210421msiMNRsJenny/1268_S124.sam` = list(GM17_SNP1 = list(
    All = list(Freqs = structure(c(0L, 47L, 7L, 0L, 1L, 2L, 53L, 
    3762L, 13L, 1L, 0L, 0L, 18L, 0L, 0L), .Dim = c(5L, 3L), .Dimnames = structure(list(
        c("-2", "-1", "0", "1", NA), c("C", "T", NA)), .Names = c("", 
    "")), class = "table"), N = 3904L), Tag.Distribution = structure(c(`1` = 50L, 
    `3` = 5L, `4` = 5L, `5` = 3L, `7` = 3L, `9` = 3L, `10` = 2L, 
    `12` = 1L, `13` = 4L, `15` = 1L, `16` = 2L, `17` = 1L, `18` = 1L, 
    `19` = 1L, `20` = 5L, `21` = 1L, `22` = 4L, `23` = 4L, `24` = 5L, 
    `25` = 3L, `26` = 1L, `27` = 4L, `30` = 2L, `31` = 1L, `32` = 1L, 
    `34` = 1L, `35` = 2L, `36` = 3L, `37` = 2L, `38` = 1L, `39` = 3L, 
    `40` = 1L, `41` = 2L, `43` = 1L, `44` = 1L, `45` = 1L, `46` = 2L, 
    `51` = 3L, `52` = 2L, `53` = 1L, `54` = 1L, `56` = 1L, `57` = 2L, 
    `58` = 1L, `60` = 1L, `62` = 2L, `69` = 2L, `70` = 1L, `72` = 1L, 
    `75` = 1L, `77` = 1L, `78` = 1L, `79` = 1L, `81` = 2L, `85` = 1L, 
    `90` = 1L, `91` = 1L, `103` = 1L), .Dim = 58L, .Dimnames = structure(list(
        c("1", "3", "4", "5", "7", "9", "10", "12", "13", "15", 
        "16", "17", "18", "19", "20", "21", "22", "23", "24", 
        "25", "26", "27", "30", "31", "32", "34", "35", "36", 
        "37", "38", "39", "40", "41", "43", "44", "45", "46", 
        "51", "52", "53", "54", "56", "57", "58", "60", "62", 
        "69", "70", "72", "75", "77", "78", "79", "81", "85", 
        "90", "91", "103")), .Names = ""), class = "table"), 
    No.Tag = structure(c(0L, 1L, 1L, 0L, 0L, 0L, 2L, 129L, 1L, 
    0L, 0L, 0L, 1L, 0L, 0L), .Dim = c(5L, 3L), .Dimnames = structure(list(
        c("-2", "-1", "0", "1", NA), c("C", "T", NA)), .Names = c("", 
    "")), class = "table"), All.Tags = list(Concordant = list(
        Freqs = structure(c(0, 1, 6, 0, 1, 0, 114, 0), .Dim = c(4L, 
        2L), .Dimnames = list(c("-2", "-1", "0", "1"), c("C", 
        "T"))), N = 122), Majority = list(Freqs = structure(c(0, 
    1, 6, 0, 1, 0, 149, 0), .Dim = c(4L, 2L), .Dimnames = list(
        c("-2", "-1", "0", "1"), c("C", "T"))), N = 157)), `2` = structure(c(0, 
    1, 0, 0, 0, 0, 110, 0), .Dim = c(4L, 2L), .Dimnames = list(
        c("-2", "-1", "0", "1"), c("C", "T"))))))
