Results <-
list(`bwaOutput/20210421msiMNRsJenny/1268_S124.sam` = list(LR40_SNP1 = list(
    All = list(Freqs = structure(c(3L, 180L, 1335L, 2L, 2L, 0L, 
    1L, 9L, 0L, 0L), .Dim = c(5L, 2L), .Dimnames = structure(list(
        c("-2", "-1", "0", "1", NA), c("C", NA)), .Names = c("", 
    "")), class = "table"), N = 1532L), Tag.Distribution = structure(c(`1` = 14L, 
    `2` = 1L, `3` = 2L, `4` = 2L, `5` = 1L, `6` = 3L, `7` = 3L, 
    `9` = 1L, `10` = 1L, `11` = 1L, `12` = 1L, `13` = 1L, `14` = 1L, 
    `21` = 1L, `23` = 2L, `24` = 1L, `26` = 2L, `27` = 1L, `28` = 1L, 
    `29` = 2L, `30` = 2L, `32` = 1L, `33` = 2L, `34` = 1L, `35` = 1L, 
    `36` = 1L, `37` = 1L, `41` = 3L, `42` = 1L, `44` = 1L, `45` = 1L, 
    `54` = 1L, `60` = 3L, `62` = 1L, `66` = 1L, `82` = 1L, `84` = 1L
    ), .Dim = 37L, .Dimnames = structure(list(c("1", "2", "3", 
    "4", "5", "6", "7", "9", "10", "11", "12", "13", "14", "21", 
    "23", "24", "26", "27", "28", "29", "30", "32", "33", "34", 
    "35", "36", "37", "41", "42", "44", "45", "54", "60", "62", 
    "66", "82", "84")), .Names = ""), class = "table"), No.Tag = structure(c(0L, 
    0L, 50L, 0L, 0L, 0L, 0L, 1L, 0L, 0L), .Dim = c(5L, 2L), .Dimnames = structure(list(
        c("-2", "-1", "0", "1", NA), c("C", NA)), .Names = c("", 
    "")), class = "table"), All.Tags = list(Concordant = list(
        Freqs = structure(c(1, 8, 40, 0), .Dim = c(4L, 1L), .Dimnames = list(
            c("-2", "-1", "0", "1"), "C")), N = 49), Majority = list(
        Freqs = structure(c(1, 8, 56, 0), .Dim = c(4L, 1L), .Dimnames = list(
            c("-2", "-1", "0", "1"), "C")), N = 65)), `2` = structure(c(1, 
    5, 45, 0), .Dim = c(4L, 1L), .Dimnames = list(c("-2", "-1", 
    "0", "1"), "C")))))
