Results <-
list(`bwaOutput/20210421msiMNRsJenny/1268_S124.sam` = list(LR10_SNP1 = list(
    All = list(Freqs = structure(c(0L, 1L, 0L, 0L, 0L, 3L, 0L, 
    1L, 0L, 1L, 0L, 0L, 179L, 3159L, 13L, 10L, 0L, 35L, 1L, 0L
    ), .Dim = 4:5, .Dimnames = structure(list(c("-1", "0", "1", 
    NA), c("A", "C", "G", "T", NA)), .Names = c("", "")), class = "table"), 
        N = 3403L), Tag.Distribution = structure(c(`1` = 41L, 
    `2` = 3L, `3` = 2L, `6` = 3L, `7` = 1L, `8` = 2L, `10` = 1L, 
    `12` = 1L, `14` = 1L, `15` = 2L, `16` = 1L, `17` = 1L, `18` = 1L, 
    `19` = 2L, `20` = 3L, `21` = 2L, `22` = 1L, `24` = 1L, `25` = 2L, 
    `26` = 1L, `30` = 2L, `34` = 2L, `35` = 2L, `36` = 1L, `38` = 2L, 
    `39` = 2L, `40` = 1L, `41` = 1L, `44` = 2L, `46` = 2L, `48` = 1L, 
    `52` = 1L, `54` = 2L, `57` = 1L, `58` = 1L, `59` = 1L, `61` = 3L, 
    `62` = 1L, `63` = 1L, `64` = 3L, `65` = 1L, `66` = 1L, `67` = 1L, 
    `69` = 1L, `70` = 2L, `71` = 2L, `78` = 2L, `79` = 2L, `80` = 1L, 
    `88` = 1L, `89` = 1L, `94` = 1L, `102` = 1L), .Dim = 53L, .Dimnames = structure(list(
        c("1", "2", "3", "6", "7", "8", "10", "12", "14", "15", 
        "16", "17", "18", "19", "20", "21", "22", "24", "25", 
        "26", "30", "34", "35", "36", "38", "39", "40", "41", 
        "44", "46", "48", "52", "54", "57", "58", "59", "61", 
        "62", "63", "64", "65", "66", "67", "69", "70", "71", 
        "78", "79", "80", "88", "89", "94", "102")), .Names = ""), class = "table"), 
    No.Tag = structure(c(0L, 0L, 0L, 0L, 0L, 0L, 0L, 0L, 0L, 
    0L, 0L, 0L, 2L, 78L, 0L, 0L, 0L, 3L, 0L, 0L), .Dim = 4:5, .Dimnames = structure(list(
        c("-1", "0", "1", NA), c("A", "C", "G", "T", NA)), .Names = c("", 
    "")), class = "table"), All.Tags = list(Concordant = list(
        Freqs = structure(c(0, 0, 0, 0, 3, 0, 0, 0, 0, 5, 70, 
        0), .Dim = 3:4, .Dimnames = list(c("-1", "0", "1"), c("A", 
        "C", "G", "T"))), N = 78), Majority = list(Freqs = structure(c(0, 
    0, 0, 0, 3, 0, 0, 0, 0, 5, 104, 0), .Dim = 3:4, .Dimnames = list(
        c("-1", "0", "1"), c("A", "C", "G", "T"))), N = 112)), 
    `2` = structure(c(0, 0, 0, 0, 0, 0, 0, 0, 0, 5, 75, 0), .Dim = 3:4, .Dimnames = list(
        c("-1", "0", "1"), c("A", "C", "G", "T"))))))
