Results <-
list(`bwaOutput/20210421msiMNRsJenny/1268_S124.sam` = list(LR44_SNP1 = list(
    All = list(Freqs = structure(c(0L, 0L, 0L, 1L, 0L, 0L, 0L, 
    7L, 349L, 111L, 1645L, 18L, 0L, 5L, 0L, 87L, 602L, 1887L, 
    18L, 1L, 19L, 0L, 0L, 10L, 77L, 1L, 0L, 0L), .Dim = c(7L, 
    4L), .Dimnames = structure(list(c("-3", "-2", "-1", "0", 
    "1", "2", NA), c("A", "C", "T", NA)), .Names = c("", "")), class = "table"), 
        N = 4838L), Tag.Distribution = structure(c(`1` = 62L, 
    `2` = 2L, `3` = 1L, `4` = 1L, `5` = 1L, `6` = 2L, `7` = 3L, 
    `8` = 1L, `9` = 9L, `10` = 1L, `11` = 2L, `12` = 2L, `13` = 1L, 
    `14` = 4L, `15` = 2L, `16` = 3L, `17` = 2L, `18` = 2L, `19` = 1L, 
    `20` = 7L, `21` = 3L, `22` = 5L, `23` = 4L, `24` = 3L, `25` = 2L, 
    `26` = 3L, `27` = 8L, `28` = 3L, `29` = 4L, `30` = 1L, `31` = 3L, 
    `32` = 1L, `34` = 1L, `35` = 2L, `36` = 2L, `38` = 1L, `39` = 1L, 
    `40` = 1L, `42` = 2L, `43` = 3L, `44` = 2L, `45` = 2L, `46` = 1L, 
    `48` = 1L, `49` = 1L, `51` = 2L, `53` = 1L, `54` = 1L, `55` = 1L, 
    `56` = 2L, `57` = 2L, `58` = 1L, `60` = 1L, `61` = 2L, `62` = 2L, 
    `63` = 1L, `64` = 1L, `65` = 1L, `66` = 1L, `67` = 1L, `69` = 1L, 
    `71` = 2L, `74` = 3L, `75` = 1L, `77` = 2L, `80` = 1L, `88` = 1L, 
    `98` = 1L, `99` = 1L), .Dim = 69L, .Dimnames = structure(list(
        c("1", "2", "3", "4", "5", "6", "7", "8", "9", "10", 
        "11", "12", "13", "14", "15", "16", "17", "18", "19", 
        "20", "21", "22", "23", "24", "25", "26", "27", "28", 
        "29", "30", "31", "32", "34", "35", "36", "38", "39", 
        "40", "42", "43", "44", "45", "46", "48", "49", "51", 
        "53", "54", "55", "56", "57", "58", "60", "61", "62", 
        "63", "64", "65", "66", "67", "69", "71", "74", "75", 
        "77", "80", "88", "98", "99")), .Names = ""), class = "table"), 
    No.Tag = structure(c(0L, 0L, 0L, 0L, 0L, 0L, 0L, 0L, 0L, 
    14L, 60L, 0L, 0L, 0L, 0L, 38L, 4L, 14L, 0L, 0L, 2L, 0L, 0L, 
    0L, 5L, 0L, 0L, 0L), .Dim = c(7L, 4L), .Dimnames = structure(list(
        c("-3", "-2", "-1", "0", "1", "2", NA), c("A", "C", "T", 
        NA)), .Names = c("", "")), class = "table"), All.Tags = list(
        Concordant = list(Freqs = structure(c(0, 0, 0, 0, 0, 
        0, 0, 10, 1, 34, 0, 0, 0, 2, 10, 33, 0, 0), .Dim = c(6L, 
        3L), .Dimnames = list(c("-3", "-2", "-1", "0", "1", "2"
        ), c("A", "C", "T"))), N = 90), Majority = list(Freqs = structure(c(0, 
        0, 0, 0, 0, 0, 0, 15, 1, 78, 0, 0, 0, 3, 20, 82, 0, 0
        ), .Dim = c(6L, 3L), .Dimnames = list(c("-3", "-2", "-1", 
        "0", "1", "2"), c("A", "C", "T"))), N = 199)), `2` = structure(c(0, 
    0, 0, 0, 0, 0, 0, 9, 0, 57, 0, 0, 0, 2, 14, 58, 0, 0), .Dim = c(6L, 
    3L), .Dimnames = list(c("-3", "-2", "-1", "0", "1", "2"), 
        c("A", "C", "T"))))))
