Results <-
list(`bwaOutput/20210421msiMNRsJenny/1268_S124.sam` = list(LR11_SNP1 = list(
    All = list(Freqs = structure(c(4L, 201L, 1120L, 4L, 5L, 0L, 
    20L, 1084L, 5L, 1L, 0L, 6L, 34L, 1L, 0L), .Dim = c(5L, 3L
    ), .Dimnames = structure(list(c("-2", "-1", "0", "1", NA), 
        c("A", "C", NA)), .Names = c("", "")), class = "table"), 
        N = 2485L), Tag.Distribution = structure(c(`1` = 32L, 
    `2` = 2L, `3` = 2L, `4` = 1L, `5` = 1L, `8` = 2L, `10` = 4L, 
    `11` = 2L, `12` = 3L, `14` = 2L, `15` = 5L, `16` = 1L, `17` = 1L, 
    `18` = 3L, `19` = 2L, `20` = 3L, `22` = 1L, `24` = 3L, `25` = 2L, 
    `26` = 1L, `27` = 2L, `28` = 4L, `31` = 2L, `32` = 1L, `34` = 1L, 
    `35` = 1L, `36` = 1L, `40` = 3L, `42` = 2L, `44` = 1L, `47` = 2L, 
    `49` = 1L, `50` = 1L, `53` = 1L, `54` = 1L, `58` = 1L, `59` = 1L, 
    `62` = 1L, `66` = 1L, `68` = 2L, `72` = 2L, `74` = 1L, `86` = 1L, 
    `87` = 1L, `95` = 1L), .Dim = 45L, .Dimnames = structure(list(
        c("1", "2", "3", "4", "5", "8", "10", "11", "12", "14", 
        "15", "16", "17", "18", "19", "20", "22", "24", "25", 
        "26", "27", "28", "31", "32", "34", "35", "36", "40", 
        "42", "44", "47", "49", "50", "53", "54", "58", "59", 
        "62", "66", "68", "72", "74", "86", "87", "95")), .Names = ""), class = "table"), 
    No.Tag = structure(c(0L, 0L, 5L, 0L, 0L, 0L, 0L, 75L, 0L, 
    0L, 0L, 0L, 2L, 0L, 0L), .Dim = c(5L, 3L), .Dimnames = structure(list(
        c("-2", "-1", "0", "1", NA), c("A", "C", NA)), .Names = c("", 
    "")), class = "table"), All.Tags = list(Concordant = list(
        Freqs = structure(c(0, 7, 35, 0, 0, 1, 29, 0), .Dim = c(4L, 
        2L), .Dimnames = list(c("-2", "-1", "0", "1"), c("A", 
        "C"))), N = 72), Majority = list(Freqs = structure(c(0, 
    10, 51, 0, 0, 1, 42, 0), .Dim = c(4L, 2L), .Dimnames = list(
        c("-2", "-1", "0", "1"), c("A", "C"))), N = 104)), `2` = structure(c(0, 
    5, 34, 0, 0, 0, 37, 0), .Dim = c(4L, 2L), .Dimnames = list(
        c("-2", "-1", "0", "1"), c("A", "C"))))))
