Results <-
list(`bwaOutput/20210421msiMNRsJenny/1268_S124.sam` = list(LR48_SNP1 = list(
    All = list(Freqs = structure(c(4L, 423L, 1600L, 17L, 12L, 
    0L, 0L, 52L, 0L, 1L, 0L, 5L, 31L, 0L, 0L), .Dim = c(5L, 3L
    ), .Dimnames = structure(list(c("-2", "-1", "0", "1", NA), 
        c("C", "T", NA)), .Names = c("", "")), class = "table"), 
        N = 2145L), Tag.Distribution = structure(c(`1` = 27L, 
    `2` = 2L, `4` = 1L, `8` = 1L, `9` = 1L, `12` = 2L, `13` = 1L, 
    `14` = 2L, `16` = 1L, `17` = 1L, `23` = 1L, `24` = 1L, `25` = 2L, 
    `26` = 1L, `30` = 1L, `31` = 1L, `32` = 1L, `34` = 1L, `35` = 1L, 
    `36` = 3L, `37` = 1L, `46` = 2L, `51` = 1L, `53` = 1L, `55` = 1L, 
    `56` = 1L, `57` = 1L, `58` = 1L, `59` = 1L, `61` = 1L, `62` = 1L, 
    `63` = 1L, `64` = 1L, `68` = 1L, `72` = 2L, `77` = 1L, `83` = 1L, 
    `89` = 1L, `105` = 1L, `111` = 1L, `131` = 1L), .Dim = 41L, .Dimnames = structure(list(
        c("1", "2", "4", "8", "9", "12", "13", "14", "16", "17", 
        "23", "24", "25", "26", "30", "31", "32", "34", "35", 
        "36", "37", "46", "51", "53", "55", "56", "57", "58", 
        "59", "61", "62", "63", "64", "68", "72", "77", "83", 
        "89", "105", "111", "131")), .Names = ""), class = "table"), 
    No.Tag = structure(c(0L, 19L, 7L, 0L, 0L, 0L, 0L, 0L, 0L, 
    0L, 0L, 0L, 0L, 0L, 0L), .Dim = c(5L, 3L), .Dimnames = structure(list(
        c("-2", "-1", "0", "1", NA), c("C", "T", NA)), .Names = c("", 
    "")), class = "table"), All.Tags = list(Concordant = list(
        Freqs = structure(c(0, 7, 28, 1, 0, 0, 2, 0), .Dim = c(4L, 
        2L), .Dimnames = list(c("-2", "-1", "0", "1"), c("C", 
        "T"))), N = 38), Majority = list(Freqs = structure(c(0, 
    12, 53, 1, 0, 0, 3, 0), .Dim = c(4L, 2L), .Dimnames = list(
        c("-2", "-1", "0", "1"), c("C", "T"))), N = 69)), `2` = structure(c(0, 
    8, 39, 0, 0, 0, 1, 0), .Dim = c(4L, 2L), .Dimnames = list(
        c("-2", "-1", "0", "1"), c("C", "T"))))))
