Results <-
list(`bwaOutput/20210421msiMNRsJenny/1268_S124.sam` = list(LR17_SNP1 = list(
    All = list(Freqs = structure(c(0L, 1L, 0L, 0L, 0L, 0L, 309L, 
    122L, 2162L, 24L, 2L, 13L, 0L, 1L, 0L, 0L, 0L, 0L, 0L, 3L, 
    104L, 0L, 0L, 0L), .Dim = c(6L, 4L), .Dimnames = structure(list(
        c("-3", "-1", "0", "1", "2", NA), c("-", "A", "G", NA
        )), .Names = c("", "")), class = "table"), N = 2741L), 
    Tag.Distribution = structure(c(`1` = 37L, `2` = 4L, `4` = 1L, 
    `8` = 2L, `9` = 3L, `10` = 2L, `11` = 1L, `13` = 1L, `16` = 1L, 
    `17` = 2L, `19` = 1L, `20` = 2L, `21` = 3L, `22` = 1L, `23` = 4L, 
    `25` = 4L, `26` = 1L, `27` = 2L, `29` = 2L, `30` = 2L, `31` = 3L, 
    `33` = 1L, `35` = 2L, `36` = 2L, `40` = 1L, `42` = 1L, `47` = 1L, 
    `48` = 1L, `49` = 1L, `50` = 1L, `51` = 1L, `52` = 1L, `56` = 1L, 
    `57` = 1L, `59` = 1L, `62` = 1L, `72` = 1L, `74` = 2L, `77` = 1L, 
    `79` = 1L, `80` = 2L, `82` = 1L, `85` = 1L, `87` = 1L, `90` = 1L, 
    `110` = 1L), .Dim = 46L, .Dimnames = structure(list(c("1", 
    "2", "4", "8", "9", "10", "11", "13", "16", "17", "19", "20", 
    "21", "22", "23", "25", "26", "27", "29", "30", "31", "33", 
    "35", "36", "40", "42", "47", "48", "49", "50", "51", "52", 
    "56", "57", "59", "62", "72", "74", "77", "79", "80", "82", 
    "85", "87", "90", "110")), .Names = ""), class = "table"), 
    No.Tag = structure(c(0L, 0L, 0L, 0L, 0L, 0L, 2L, 7L, 121L, 
    3L, 0L, 0L, 0L, 0L, 0L, 0L, 0L, 0L, 0L, 1L, 16L, 0L, 0L, 
    0L), .Dim = c(6L, 4L), .Dimnames = structure(list(c("-3", 
    "-1", "0", "1", "2", NA), c("-", "A", "G", NA)), .Names = c("", 
    "")), class = "table"), All.Tags = list(Concordant = list(
        Freqs = structure(c(0, 0, 0, 0, 0, 7, 2, 54, 0, 0, 0, 
        0, 0, 0, 0), .Dim = c(5L, 3L), .Dimnames = list(c("-3", 
        "-1", "0", "1", "2"), c("-", "A", "G"))), N = 63), Majority = list(
        Freqs = structure(c(0, 0, 0, 0, 0, 8, 4, 92, 0, 0, 0, 
        0, 0, 0, 0), .Dim = c(5L, 3L), .Dimnames = list(c("-3", 
        "-1", "0", "1", "2"), c("-", "A", "G"))), N = 104)), 
    `2` = structure(c(0, 0, 0, 0, 0, 6, 2, 63, 0, 0, 0, 0, 0, 
    0, 0), .Dim = c(5L, 3L), .Dimnames = list(c("-3", "-1", "0", 
    "1", "2"), c("-", "A", "G"))))))
