Results <-
list(`bwaOutput/20210421msiMNRsJenny/1268_S124.sam` = list(GM26_SNP1 = list(
    All = list(Freqs = structure(c(1L, 93L, 996L, 3L, 2L, 1L, 
    240L, 890L, 2L, 4L, 0L, 3L, 15L, 0L, 0L), .Dim = c(5L, 3L
    ), .Dimnames = structure(list(c("-2", "-1", "0", "1", NA), 
        c("A", "G", NA)), .Names = c("", "")), class = "table"), 
        N = 2250L), Tag.Distribution = structure(c(`1` = 36L, 
    `2` = 4L, `4` = 2L, `9` = 2L, `12` = 2L, `13` = 1L, `15` = 3L, 
    `16` = 1L, `17` = 1L, `24` = 1L, `26` = 1L, `27` = 2L, `28` = 2L, 
    `29` = 3L, `31` = 1L, `32` = 2L, `34` = 3L, `38` = 1L, `41` = 1L, 
    `42` = 1L, `44` = 1L, `46` = 1L, `47` = 1L, `50` = 1L, `51` = 2L, 
    `52` = 2L, `58` = 1L, `62` = 1L, `64` = 1L, `67` = 2L, `74` = 1L, 
    `76` = 2L, `77` = 1L, `79` = 2L, `85` = 1L, `86` = 1L, `97` = 1L
    ), .Dim = 37L, .Dimnames = structure(list(c("1", "2", "4", 
    "9", "12", "13", "15", "16", "17", "24", "26", "27", "28", 
    "29", "31", "32", "34", "38", "41", "42", "44", "46", "47", 
    "50", "51", "52", "58", "62", "64", "67", "74", "76", "77", 
    "79", "85", "86", "97")), .Names = ""), class = "table"), 
    No.Tag = structure(c(0L, 0L, 19L, 0L, 0L, 0L, 0L, 36L, 0L, 
    1L, 0L, 0L, 4L, 0L, 0L), .Dim = c(5L, 3L), .Dimnames = structure(list(
        c("-2", "-1", "0", "1", NA), c("A", "G", NA)), .Names = c("", 
    "")), class = "table"), All.Tags = list(Concordant = list(
        Freqs = structure(c(0, 3, 33, 0, 0, 8, 30, 0), .Dim = c(4L, 
        2L), .Dimnames = list(c("-2", "-1", "0", "1"), c("A", 
        "G"))), N = 74), Majority = list(Freqs = structure(c(0, 
    4, 40, 0, 0, 9, 37, 0), .Dim = c(4L, 2L), .Dimnames = list(
        c("-2", "-1", "0", "1"), c("A", "G"))), N = 90)), `2` = structure(c(0, 
    1, 26, 0, 0, 6, 23, 0), .Dim = c(4L, 2L), .Dimnames = list(
        c("-2", "-1", "0", "1"), c("A", "G"))))))
