Results <-
list(`bwaOutput/20210421msiMNRsJenny/1268_S124.sam` = list(IM49_SNP1 = list(
    All = list(Freqs = structure(c(231L, 1L, 60L, 1084L, 25L, 
    14L, 0L, 14L, 194L, 1220L, 28L, 10L, 1L, 0L, 2L, 87L, 3L, 
    0L), .Dim = c(6L, 3L), .Dimnames = structure(list(c("-3", 
    "-2", "-1", "0", "1", NA), c("C", "G", NA)), .Names = c("", 
    "")), class = "table"), N = 2974L), Tag.Distribution = structure(c(`1` = 74L, 
    `2` = 6L, `3` = 9L, `4` = 5L, `5` = 3L, `6` = 7L, `8` = 9L, 
    `9` = 3L, `10` = 6L, `11` = 3L, `12` = 5L, `13` = 2L, `14` = 2L, 
    `15` = 10L, `16` = 4L, `17` = 1L, `18` = 8L, `19` = 2L, `20` = 2L, 
    `21` = 2L, `22` = 1L, `23` = 6L, `24` = 2L, `25` = 2L, `26` = 2L, 
    `27` = 1L, `28` = 3L, `29` = 1L, `32` = 2L, `33` = 1L, `34` = 2L, 
    `35` = 1L, `36` = 2L, `37` = 2L, `38` = 1L, `40` = 1L, `41` = 4L, 
    `42` = 1L, `43` = 1L, `44` = 1L, `45` = 1L, `46` = 1L, `50` = 1L, 
    `51` = 1L, `52` = 1L, `53` = 1L, `54` = 1L, `59` = 1L, `61` = 1L, 
    `62` = 1L, `68` = 1L, `71` = 1L, `79` = 1L), .Dim = 53L, .Dimnames = structure(list(
        c("1", "2", "3", "4", "5", "6", "8", "9", "10", "11", 
        "12", "13", "14", "15", "16", "17", "18", "19", "20", 
        "21", "22", "23", "24", "25", "26", "27", "28", "29", 
        "32", "33", "34", "35", "36", "37", "38", "40", "41", 
        "42", "43", "44", "45", "46", "50", "51", "52", "53", 
        "54", "59", "61", "62", "68", "71", "79")), .Names = ""), class = "table"), 
    No.Tag = structure(c(0L, 0L, 10L, 8L, 0L, 0L, 0L, 1L, 10L, 
    32L, 0L, 1L, 0L, 0L, 1L, 2L, 0L, 0L), .Dim = c(6L, 3L), .Dimnames = structure(list(
        c("-3", "-2", "-1", "0", "1", NA), c("C", "G", NA)), .Names = c("", 
    "")), class = "table"), All.Tags = list(Concordant = list(
        Freqs = structure(c(7, 1, 2, 52, 1, 0, 1, 9, 56, 0), .Dim = c(5L, 
        2L), .Dimnames = list(c("-3", "-2", "-1", "0", "1"), 
            c("C", "G"))), N = 129), Majority = list(Freqs = structure(c(9, 
    1, 2, 82, 1, 0, 1, 13, 83, 0), .Dim = c(5L, 2L), .Dimnames = list(
        c("-3", "-2", "-1", "0", "1"), c("C", "G"))), N = 192)), 
    `2` = structure(c(8, 0, 0, 59, 0, 0, 1, 7, 63, 0), .Dim = c(5L, 
    2L), .Dimnames = list(c("-3", "-2", "-1", "0", "1"), c("C", 
    "G"))))))
