Results <-
list(`bwaOutput/20210421msiMNRsJenny/1268_S124.sam` = list(LR46_SNP1 = list(
    All = list(Freqs = structure(c(1L, 153L, 2017L, 5L, 7L, 0L, 
    0L, 11L, 0L, 0L), .Dim = c(5L, 2L), .Dimnames = structure(list(
        c("-2", "-1", "0", "1", NA), c("G", NA)), .Names = c("", 
    "")), class = "table"), N = 2194L), Tag.Distribution = structure(c(`1` = 29L, 
    `2` = 2L, `4` = 1L, `5` = 1L, `6` = 1L, `8` = 2L, `9` = 4L, 
    `10` = 2L, `11` = 2L, `12` = 1L, `13` = 1L, `14` = 1L, `15` = 1L, 
    `17` = 2L, `19` = 2L, `24` = 1L, `25` = 2L, `29` = 3L, `30` = 1L, 
    `31` = 1L, `32` = 1L, `33` = 1L, `34` = 1L, `35` = 1L, `37` = 3L, 
    `38` = 1L, `39` = 1L, `40` = 3L, `43` = 1L, `48` = 1L, `49` = 1L, 
    `50` = 1L, `52` = 1L, `56` = 1L, `58` = 1L, `64` = 1L, `65` = 1L, 
    `68` = 1L, `71` = 1L, `73` = 1L, `74` = 2L, `77` = 1L, `82` = 1L, 
    `87` = 1L, `98` = 1L), .Dim = 45L, .Dimnames = structure(list(
        c("1", "2", "4", "5", "6", "8", "9", "10", "11", "12", 
        "13", "14", "15", "17", "19", "24", "25", "29", "30", 
        "31", "32", "33", "34", "35", "37", "38", "39", "40", 
        "43", "48", "49", "50", "52", "56", "58", "64", "65", 
        "68", "71", "73", "74", "77", "82", "87", "98")), .Names = ""), class = "table"), 
    No.Tag = structure(c(0L, 0L, 72L, 0L, 0L, 0L, 0L, 1L, 0L, 
    0L), .Dim = c(5L, 2L), .Dimnames = structure(list(c("-2", 
    "-1", "0", "1", NA), c("G", NA)), .Names = c("", "")), class = "table"), 
    All.Tags = list(Concordant = list(Freqs = structure(c(0, 
    7, 70, 0), .Dim = c(4L, 1L), .Dimnames = list(c("-2", "-1", 
    "0", "1"), "G")), N = 77), Majority = list(Freqs = structure(c(0, 
    8, 80, 0), .Dim = c(4L, 1L), .Dimnames = list(c("-2", "-1", 
    "0", "1"), "G")), N = 88)), `2` = structure(c(0, 6, 55, 0
    ), .Dim = c(4L, 1L), .Dimnames = list(c("-2", "-1", "0", 
    "1"), "G")))))
