Results <-
list(`bwaOutput/20210421msiMNRsJenny/1268_S124.sam` = list(GM07_SNP1 = list(
    All = list(Freqs = structure(c(0L, 1L, 1L, 101L, 0L, 2L, 
    2L, 37L, 685L, 1776L, 23L, 46L, 0L, 0L, 0L, 1L, 0L, 0L, 0L, 
    0L, 0L, 22L, 0L, 0L), .Dim = c(6L, 4L), .Dimnames = structure(list(
        c("-3", "-2", "-1", "0", "1", NA), c("A", "G", "T", NA
        )), .Names = c("", "")), class = "table"), N = 2697L), 
    Tag.Distribution = structure(c(`1` = 40L, `2` = 2L, `3` = 3L, 
    `4` = 1L, `6` = 3L, `7` = 3L, `8` = 1L, `11` = 1L, `12` = 1L, 
    `13` = 1L, `14` = 2L, `17` = 2L, `18` = 1L, `19` = 1L, `20` = 1L, 
    `21` = 1L, `22` = 1L, `23` = 1L, `25` = 1L, `26` = 2L, `29` = 2L, 
    `31` = 2L, `32` = 2L, `33` = 2L, `34` = 1L, `37` = 4L, `39` = 1L, 
    `43` = 1L, `46` = 1L, `48` = 1L, `50` = 1L, `53` = 1L, `54` = 1L, 
    `55` = 1L, `57` = 1L, `61` = 3L, `63` = 1L, `64` = 2L, `68` = 1L, 
    `69` = 3L, `72` = 1L, `73` = 1L, `78` = 1L, `91` = 1L, `97` = 1L, 
    `99` = 1L, `122` = 1L), .Dim = 47L, .Dimnames = structure(list(
        c("1", "2", "3", "4", "6", "7", "8", "11", "12", "13", 
        "14", "17", "18", "19", "20", "21", "22", "23", "25", 
        "26", "29", "31", "32", "33", "34", "37", "39", "43", 
        "46", "48", "50", "53", "54", "55", "57", "61", "63", 
        "64", "68", "69", "72", "73", "78", "91", "97", "99", 
        "122")), .Names = ""), class = "table"), No.Tag = structure(c(0L, 
    1L, 1L, 100L, 0L, 0L, 0L, 0L, 7L, 21L, 0L, 7L, 0L, 0L, 0L, 
    0L, 0L, 0L, 0L, 0L, 0L, 0L, 0L, 0L), .Dim = c(6L, 4L), .Dimnames = structure(list(
        c("-3", "-2", "-1", "0", "1", NA), c("A", "G", "T", NA
        )), .Names = c("", "")), class = "table"), All.Tags = list(
        Concordant = list(Freqs = structure(c(0, 0, 0, 0, 0, 
        0, 1, 15, 39, 0, 0, 0, 0, 0, 0), .Dim = c(5L, 3L), .Dimnames = list(
            c("-3", "-2", "-1", "0", "1"), c("A", "G", "T"))), 
            N = 55), Majority = list(Freqs = structure(c(0, 0, 
        0, 0, 0, 0, 1, 24, 74, 0, 0, 0, 0, 0, 0), .Dim = c(5L, 
        3L), .Dimnames = list(c("-3", "-2", "-1", "0", "1"), 
            c("A", "G", "T"))), N = 99)), `2` = structure(c(0, 
    0, 0, 0, 0, 0, 1, 17, 50, 0, 0, 0, 0, 0, 0), .Dim = c(5L, 
    3L), .Dimnames = list(c("-3", "-2", "-1", "0", "1"), c("A", 
    "G", "T"))))))
