Results <-
list(`bwaOutput/20210421msiMNRsJenny/1274_S117.sam` = list(GM14_SNP1 = list(
    All = list(Freqs = structure(c(0L, 0L, 0L, 1L, 0L, 0L, 0L, 
    0L, 1L, 55L, 726L, 6612L, 994L, 68L, 6L, 36L, 0L, 0L, 0L, 
    2L, 0L, 0L, 0L, 0L, 0L, 0L, 0L, 95L, 8L, 3L, 0L, 0L), .Dim = c(8L, 
    4L), .Dimnames = structure(list(c("-4", "-2", "-1", "0", 
    "1", "2", "3", NA), c("A", "C", "T", NA)), .Names = c("", 
    "")), class = "table"), N = 8607L), Tag.Distribution = structure(c(`1` = 123L, 
    `2` = 8L, `3` = 8L, `4` = 14L, `5` = 8L, `6` = 8L, `7` = 11L, 
    `8` = 5L, `9` = 6L, `10` = 13L, `11` = 12L, `12` = 6L, `13` = 5L, 
    `14` = 11L, `15` = 8L, `16` = 7L, `17` = 8L, `18` = 4L, `19` = 9L, 
    `20` = 6L, `21` = 10L, `22` = 1L, `23` = 6L, `24` = 10L, 
    `25` = 9L, `26` = 4L, `27` = 4L, `28` = 7L, `29` = 5L, `30` = 4L, 
    `31` = 4L, `32` = 8L, `33` = 2L, `34` = 4L, `35` = 14L, `36` = 9L, 
    `37` = 8L, `38` = 5L, `39` = 4L, `40` = 2L, `41` = 4L, `42` = 3L, 
    `43` = 5L, `44` = 3L, `45` = 4L, `46` = 2L, `47` = 5L, `48` = 1L, 
    `49` = 2L, `50` = 1L, `51` = 2L, `52` = 4L, `53` = 3L, `54` = 2L, 
    `55` = 3L, `56` = 1L, `57` = 1L, `58` = 3L, `59` = 2L, `60` = 1L, 
    `62` = 1L, `63` = 1L, `64` = 1L, `65` = 1L, `69` = 1L, `82` = 2L
    ), .Dim = 66L, .Dimnames = structure(list(c("1", "2", "3", 
    "4", "5", "6", "7", "8", "9", "10", "11", "12", "13", "14", 
    "15", "16", "17", "18", "19", "20", "21", "22", "23", "24", 
    "25", "26", "27", "28", "29", "30", "31", "32", "33", "34", 
    "35", "36", "37", "38", "39", "40", "41", "42", "43", "44", 
    "45", "46", "47", "48", "49", "50", "51", "52", "53", "54", 
    "55", "56", "57", "58", "59", "60", "62", "63", "64", "65", 
    "69", "82")), .Names = ""), class = "table"), No.Tag = structure(c(0L, 
    0L, 0L, 0L, 0L, 0L, 0L, 0L, 0L, 0L, 5L, 169L, 6L, 1L, 0L, 
    0L, 0L, 0L, 0L, 0L, 0L, 0L, 0L, 0L, 0L, 0L, 0L, 4L, 0L, 0L, 
    0L, 0L), .Dim = c(8L, 4L), .Dimnames = structure(list(c("-4", 
    "-2", "-1", "0", "1", "2", "3", NA), c("A", "C", "T", NA)), .Names = c("", 
    "")), class = "table"), All.Tags = list(Concordant = list(
        Freqs = structure(c(0, 0, 0, 0, 0, 0, 0, 0, 1, 19, 214, 
        24, 2, 1, 0, 0, 0, 2, 0, 0, 0), .Dim = c(7L, 3L), .Dimnames = list(
            c("-4", "-2", "-1", "0", "1", "2", "3"), c("A", "C", 
            "T"))), N = 263), Majority = list(Freqs = structure(c(0, 
    0, 0, 0, 0, 0, 0, 0, 2, 28, 361, 49, 4, 1, 0, 0, 0, 2, 0, 
    0, 0), .Dim = c(7L, 3L), .Dimnames = list(c("-4", "-2", "-1", 
    "0", "1", "2", "3"), c("A", "C", "T"))), N = 447)), `2` = structure(c(0, 
    0, 0, 0, 0, 0, 0, 0, 1, 22, 270, 40, 2, 1, 0, 0, 0, 0, 0, 
    0, 0), .Dim = c(7L, 3L), .Dimnames = list(c("-4", "-2", "-1", 
    "0", "1", "2", "3"), c("A", "C", "T"))))))
