Results <-
list(`bwaOutput/20210421msiMNRsJenny/1274_S117.sam` = list(LR44_SNP1 = list(
    All = list(Freqs = structure(c(1L, 66L, 81L, 631L, 984L, 
    15L, 0L, 9L, 0L, 0L, 0L, 2L, 0L, 0L, 0L, 0L, 0L, 2L, 77L, 
    320L, 1741L, 38L, 1L, 14L, 0L, 0L, 2L, 13L, 45L, 2L, 0L, 
    0L), .Dim = c(8L, 4L), .Dimnames = structure(list(c("-4", 
    "-3", "-2", "-1", "0", "1", "3", NA), c("C", "G", "T", NA
    )), .Names = c("", "")), class = "table"), N = 4044L), Tag.Distribution = structure(c(`1` = 50L, 
    `2` = 6L, `3` = 4L, `4` = 1L, `5` = 7L, `6` = 7L, `7` = 3L, 
    `8` = 6L, `9` = 4L, `10` = 3L, `11` = 2L, `12` = 4L, `13` = 6L, 
    `14` = 4L, `15` = 10L, `16` = 3L, `17` = 5L, `18` = 3L, `19` = 4L, 
    `20` = 3L, `21` = 7L, `22` = 5L, `23` = 3L, `24` = 1L, `25` = 6L, 
    `26` = 6L, `27` = 3L, `28` = 1L, `29` = 3L, `30` = 2L, `31` = 1L, 
    `32` = 1L, `33` = 1L, `34` = 3L, `35` = 3L, `36` = 2L, `37` = 4L, 
    `38` = 3L, `39` = 3L, `40` = 3L, `41` = 4L, `42` = 3L, `43` = 1L, 
    `44` = 4L, `45` = 1L, `46` = 2L, `49` = 1L, `51` = 1L, `52` = 5L, 
    `54` = 1L, `59` = 1L, `61` = 1L), .Dim = 52L, .Dimnames = structure(list(
        c("1", "2", "3", "4", "5", "6", "7", "8", "9", "10", 
        "11", "12", "13", "14", "15", "16", "17", "18", "19", 
        "20", "21", "22", "23", "24", "25", "26", "27", "28", 
        "29", "30", "31", "32", "33", "34", "35", "36", "37", 
        "38", "39", "40", "41", "42", "43", "44", "45", "46", 
        "49", "51", "52", "54", "59", "61")), .Names = ""), class = "table"), 
    No.Tag = structure(c(0L, 0L, 2L, 9L, 91L, 0L, 0L, 0L, 0L, 
    0L, 0L, 0L, 0L, 0L, 0L, 0L, 0L, 0L, 0L, 0L, 6L, 0L, 0L, 0L, 
    0L, 0L, 0L, 0L, 3L, 0L, 0L, 0L), .Dim = c(8L, 4L), .Dimnames = structure(list(
        c("-4", "-3", "-2", "-1", "0", "1", "3", NA), c("C", 
        "G", "T", NA)), .Names = c("", "")), class = "table"), 
    All.Tags = list(Concordant = list(Freqs = structure(c(0, 
    1, 2, 16, 27, 1, 0, 0, 0, 0, 1, 0, 0, 0, 0, 0, 7, 8, 33, 
    0, 0), .Dim = c(7L, 3L), .Dimnames = list(c("-4", "-3", "-2", 
    "-1", "0", "1", "3"), c("C", "G", "T"))), N = 96), Majority = list(
        Freqs = structure(c(0, 2, 3, 35, 57, 1, 0, 0, 0, 0, 1, 
        0, 0, 0, 0, 0, 7, 14, 96, 0, 0), .Dim = c(7L, 3L), .Dimnames = list(
            c("-4", "-3", "-2", "-1", "0", "1", "3"), c("C", 
            "G", "T"))), N = 216)), `2` = structure(c(0, 2, 3, 
    28, 45, 0, 0, 0, 0, 0, 1, 0, 0, 0, 0, 0, 3, 11, 78, 0, 0), .Dim = c(7L, 
    3L), .Dimnames = list(c("-4", "-3", "-2", "-1", "0", "1", 
    "3"), c("C", "G", "T"))))))
