Results <-
list(`bwaOutput/20210421msiMNRsJenny/1274_S117.sam` = list(LR36_SNP1 = list(
    All = list(Freqs = structure(c(0L, 0L, 0L, 1L, 0L, 0L, 0L, 
    2L, 12L, 463L, 2933L, 27L, 1L, 44L, 0L, 0L, 0L, 1L, 0L, 0L, 
    0L, 1L, 64L, 337L, 2350L, 40L, 0L, 31L, 0L, 1L, 3L, 147L, 
    2L, 0L, 0L), .Dim = c(7L, 5L), .Dimnames = structure(list(
        c("-3", "-2", "-1", "0", "1", "2", NA), c("-", "A", "G", 
        "T", NA)), .Names = c("", "")), class = "table"), N = 6460L), 
    Tag.Distribution = structure(c(`1` = 83L, `2` = 17L, `3` = 3L, 
    `4` = 7L, `5` = 5L, `6` = 9L, `7` = 5L, `8` = 4L, `9` = 6L, 
    `10` = 12L, `11` = 10L, `12` = 8L, `13` = 6L, `14` = 9L, 
    `15` = 12L, `16` = 9L, `17` = 13L, `18` = 6L, `19` = 9L, 
    `20` = 8L, `21` = 4L, `22` = 5L, `23` = 4L, `24` = 6L, `25` = 3L, 
    `26` = 3L, `27` = 4L, `28` = 5L, `29` = 7L, `30` = 2L, `31` = 1L, 
    `32` = 1L, `33` = 4L, `34` = 8L, `35` = 5L, `36` = 8L, `37` = 3L, 
    `38` = 2L, `39` = 6L, `40` = 3L, `41` = 3L, `42` = 2L, `43` = 1L, 
    `44` = 1L, `45` = 2L, `46` = 5L, `47` = 5L, `49` = 2L, `51` = 3L, 
    `52` = 1L, `53` = 1L, `54` = 2L, `55` = 2L, `56` = 1L, `59` = 1L, 
    `62` = 1L, `63` = 1L, `65` = 1L), .Dim = 58L, .Dimnames = structure(list(
        c("1", "2", "3", "4", "5", "6", "7", "8", "9", "10", 
        "11", "12", "13", "14", "15", "16", "17", "18", "19", 
        "20", "21", "22", "23", "24", "25", "26", "27", "28", 
        "29", "30", "31", "32", "33", "34", "35", "36", "37", 
        "38", "39", "40", "41", "42", "43", "44", "45", "46", 
        "47", "49", "51", "52", "53", "54", "55", "56", "59", 
        "62", "63", "65")), .Names = ""), class = "table"), No.Tag = structure(c(0L, 
    0L, 0L, 0L, 0L, 0L, 0L, 0L, 0L, 4L, 185L, 2L, 0L, 6L, 0L, 
    0L, 0L, 0L, 0L, 0L, 0L, 0L, 1L, 4L, 71L, 3L, 0L, 3L, 0L, 
    0L, 0L, 20L, 0L, 0L, 0L), .Dim = c(7L, 5L), .Dimnames = structure(list(
        c("-3", "-2", "-1", "0", "1", "2", NA), c("-", "A", "G", 
        "T", NA)), .Names = c("", "")), class = "table"), All.Tags = list(
        Concordant = list(Freqs = structure(c(0, 0, 0, 0, 0, 
        0, 0, 2, 24, 117, 1, 0, 0, 0, 0, 0, 0, 0, 0, 3, 9, 80, 
        1, 0), .Dim = c(6L, 4L), .Dimnames = list(c("-3", "-2", 
        "-1", "0", "1", "2"), c("-", "A", "G", "T"))), N = 237), 
        Majority = list(Freqs = structure(c(0, 0, 0, 0, 0, 0, 
        0, 2, 29, 169, 1, 0, 0, 0, 0, 0, 0, 0, 0, 4, 12, 127, 
        1, 0), .Dim = c(6L, 4L), .Dimnames = list(c("-3", "-2", 
        "-1", "0", "1", "2"), c("-", "A", "G", "T"))), N = 345)), 
    `2` = structure(c(0, 0, 0, 0, 0, 0, 0, 0, 26, 129, 1, 0, 
    0, 0, 0, 0, 0, 0, 0, 4, 11, 101, 1, 0), .Dim = c(6L, 4L), .Dimnames = list(
        c("-3", "-2", "-1", "0", "1", "2"), c("-", "A", "G", 
        "T"))))))
