Results <-
list(`bwaOutput/20210421msiMNRsJenny/1274_S117.sam` = list(LR10_SNP1 = list(
    All = list(Freqs = structure(c(97L, 2111L, 12L, 3L, 34L, 
    2092L, 50L, 5L, 1L, 49L, 3L, 0L), .Dim = 4:3, .Dimnames = structure(list(
        c("-1", "0", "1", NA), c("C", "T", NA)), .Names = c("", 
    "")), class = "table"), N = 4457L), Tag.Distribution = structure(c(`1` = 59L, 
    `2` = 7L, `3` = 3L, `4` = 8L, `5` = 2L, `6` = 6L, `7` = 5L, 
    `8` = 2L, `9` = 5L, `10` = 2L, `11` = 1L, `12` = 4L, `13` = 1L, 
    `14` = 5L, `15` = 3L, `16` = 6L, `17` = 2L, `18` = 5L, `19` = 2L, 
    `20` = 5L, `21` = 4L, `22` = 5L, `23` = 4L, `24` = 3L, `25` = 2L, 
    `26` = 1L, `27` = 3L, `28` = 4L, `29` = 1L, `31` = 2L, `32` = 1L, 
    `33` = 5L, `34` = 2L, `35` = 3L, `36` = 2L, `37` = 1L, `38` = 2L, 
    `39` = 3L, `40` = 1L, `41` = 3L, `42` = 1L, `43` = 5L, `44` = 2L, 
    `45` = 1L, `46` = 1L, `48` = 1L, `49` = 1L, `50` = 2L, `51` = 3L, 
    `52` = 2L, `53` = 1L, `56` = 3L, `57` = 2L, `58` = 2L, `62` = 3L, 
    `64` = 2L, `66` = 1L, `67` = 2L, `70` = 1L, `95` = 1L), .Dim = 60L, .Dimnames = structure(list(
        c("1", "2", "3", "4", "5", "6", "7", "8", "9", "10", 
        "11", "12", "13", "14", "15", "16", "17", "18", "19", 
        "20", "21", "22", "23", "24", "25", "26", "27", "28", 
        "29", "31", "32", "33", "34", "35", "36", "37", "38", 
        "39", "40", "41", "42", "43", "44", "45", "46", "48", 
        "49", "50", "51", "52", "53", "56", "57", "58", "62", 
        "64", "66", "67", "70", "95")), .Names = ""), class = "table"), 
    No.Tag = structure(c(4L, 54L, 0L, 0L, 0L, 4L, 0L, 0L, 0L, 
    1L, 0L, 0L), .Dim = 4:3, .Dimnames = structure(list(c("-1", 
    "0", "1", NA), c("C", "T", NA)), .Names = c("", "")), class = "table"), 
    All.Tags = list(Concordant = list(Freqs = structure(c(1, 
    65, 0, 0, 79, 2), .Dim = 3:2, .Dimnames = list(c("-1", "0", 
    "1"), c("C", "T"))), N = 147), Majority = list(Freqs = structure(c(1, 
    105, 0, 0, 108, 3), .Dim = 3:2, .Dimnames = list(c("-1", 
    "0", "1"), c("C", "T"))), N = 217)), `2` = structure(c(1, 
    76, 0, 0, 84, 2), .Dim = 3:2, .Dimnames = list(c("-1", "0", 
    "1"), c("C", "T"))))))
