Results <-
list(`bwaOutput/20210421msiMNRsJenny/1274_S117.sam` = list(GM26_SNP1 = list(
    All = list(Freqs = structure(c(1L, 14L, 1819L, 7L, 1L, 2L, 
    14L, 1893L, 6L, 3L, 0L, 0L, 1L, 0L, 0L, 0L, 0L, 56L, 1L, 
    0L), .Dim = 5:4, .Dimnames = structure(list(c("-2", "-1", 
    "0", "1", NA), c("A", "G", "T", NA)), .Names = c("", "")), class = "table"), 
        N = 3818L), Tag.Distribution = structure(c(`1` = 52L, 
    `2` = 8L, `3` = 4L, `4` = 1L, `5` = 4L, `6` = 3L, `7` = 3L, 
    `8` = 6L, `9` = 1L, `10` = 4L, `11` = 5L, `12` = 3L, `13` = 2L, 
    `14` = 3L, `15` = 3L, `16` = 5L, `18` = 4L, `19` = 4L, `20` = 2L, 
    `21` = 5L, `22` = 4L, `23` = 1L, `24` = 2L, `25` = 1L, `26` = 3L, 
    `27` = 2L, `28` = 1L, `29` = 1L, `30` = 5L, `31` = 2L, `32` = 2L, 
    `33` = 4L, `34` = 3L, `35` = 2L, `38` = 1L, `39` = 2L, `40` = 1L, 
    `41` = 5L, `42` = 3L, `45` = 4L, `46` = 3L, `48` = 1L, `50` = 3L, 
    `51` = 1L, `54` = 1L, `57` = 1L, `58` = 2L, `60` = 1L, `61` = 1L, 
    `62` = 1L, `64` = 1L, `65` = 1L, `66` = 1L, `69` = 1L, `71` = 1L, 
    `73` = 1L, `79` = 1L), .Dim = 57L, .Dimnames = structure(list(
        c("1", "2", "3", "4", "5", "6", "7", "8", "9", "10", 
        "11", "12", "13", "14", "15", "16", "18", "19", "20", 
        "21", "22", "23", "24", "25", "26", "27", "28", "29", 
        "30", "31", "32", "33", "34", "35", "38", "39", "40", 
        "41", "42", "45", "46", "48", "50", "51", "54", "57", 
        "58", "60", "61", "62", "64", "65", "66", "69", "71", 
        "73", "79")), .Names = ""), class = "table"), No.Tag = structure(c(0L, 
    0L, 21L, 0L, 0L, 0L, 0L, 70L, 0L, 0L, 0L, 0L, 0L, 0L, 0L, 
    0L, 0L, 6L, 0L, 0L), .Dim = 5:4, .Dimnames = structure(list(
        c("-2", "-1", "0", "1", NA), c("A", "G", "T", NA)), .Names = c("", 
    "")), class = "table"), All.Tags = list(Concordant = list(
        Freqs = structure(c(0, 0, 79, 0, 0, 0, 74, 0, 0, 0, 0, 
        0), .Dim = 4:3, .Dimnames = list(c("-2", "-1", "0", "1"
        ), c("A", "G", "T"))), N = 153), Majority = list(Freqs = structure(c(0, 
    0, 95, 0, 0, 0, 94, 0, 0, 0, 0, 0), .Dim = 4:3, .Dimnames = list(
        c("-2", "-1", "0", "1"), c("A", "G", "T"))), N = 189)), 
    `2` = structure(c(0, 0, 70, 0, 0, 0, 71, 0, 0, 0, 0, 0), .Dim = 4:3, .Dimnames = list(
        c("-2", "-1", "0", "1"), c("A", "G", "T"))))))
