Results <-
list(`bwaOutput/20210421msiMNRsJenny/1274_S117.sam` = list(GM17_SNP1 = list(
    All = list(Freqs = structure(c(0L, 0L, 76L, 0L, 0L, 0L, 20L, 
    2418L, 7701L, 25L, 1L, 19L, 0L, 9L, 52L, 0L, 0L, 0L), .Dim = c(6L, 
    3L), .Dimnames = structure(list(c("-2", "-1", "0", "1", "2", 
    NA), c("C", "T", NA)), .Names = c("", "")), class = "table"), 
        N = 10321L), Tag.Distribution = structure(c(`1` = 115L, 
    `2` = 6L, `3` = 6L, `4` = 6L, `5` = 9L, `6` = 8L, `7` = 4L, 
    `8` = 12L, `9` = 4L, `10` = 11L, `11` = 12L, `12` = 12L, 
    `13` = 11L, `14` = 9L, `15` = 8L, `16` = 10L, `17` = 6L, 
    `18` = 10L, `19` = 12L, `20` = 8L, `21` = 13L, `22` = 12L, 
    `23` = 9L, `24` = 5L, `25` = 7L, `26` = 4L, `27` = 8L, `28` = 8L, 
    `29` = 5L, `30` = 13L, `31` = 7L, `32` = 2L, `33` = 3L, `34` = 7L, 
    `35` = 4L, `36` = 4L, `37` = 7L, `38` = 6L, `39` = 2L, `40` = 8L, 
    `41` = 3L, `42` = 2L, `43` = 2L, `44` = 9L, `45` = 4L, `46` = 2L, 
    `47` = 5L, `48` = 4L, `49` = 3L, `50` = 3L, `51` = 3L, `52` = 1L, 
    `53` = 2L, `54` = 3L, `55` = 2L, `56` = 1L, `57` = 2L, `58` = 1L, 
    `59` = 1L, `60` = 2L, `61` = 3L, `62` = 2L, `63` = 4L, `64` = 1L, 
    `65` = 2L, `66` = 1L, `67` = 1L, `69` = 1L, `71` = 1L, `72` = 2L, 
    `73` = 2L, `74` = 2L, `82` = 1L), .Dim = 73L, .Dimnames = structure(list(
        c("1", "2", "3", "4", "5", "6", "7", "8", "9", "10", 
        "11", "12", "13", "14", "15", "16", "17", "18", "19", 
        "20", "21", "22", "23", "24", "25", "26", "27", "28", 
        "29", "30", "31", "32", "33", "34", "35", "36", "37", 
        "38", "39", "40", "41", "42", "43", "44", "45", "46", 
        "47", "48", "49", "50", "51", "52", "53", "54", "55", 
        "56", "57", "58", "59", "60", "61", "62", "63", "64", 
        "65", "66", "67", "69", "71", "72", "73", "74", "82")), .Names = ""), class = "table"), 
    No.Tag = structure(c(0L, 0L, 1L, 0L, 0L, 0L, 0L, 13L, 140L, 
    3L, 0L, 3L, 0L, 1L, 7L, 0L, 0L, 0L), .Dim = c(6L, 3L), .Dimnames = structure(list(
        c("-2", "-1", "0", "1", "2", NA), c("C", "T", NA)), .Names = c("", 
    "")), class = "table"), All.Tags = list(Concordant = list(
        Freqs = structure(c(0, 0, 4, 0, 0, 1, 91, 291, 0, 1), .Dim = c(5L, 
        2L), .Dimnames = list(c("-2", "-1", "0", "1", "2"), c("C", 
        "T"))), N = 388), Majority = list(Freqs = structure(c(0, 
    0, 5, 0, 0, 1, 104, 369, 0, 1), .Dim = c(5L, 2L), .Dimnames = list(
        c("-2", "-1", "0", "1", "2"), c("C", "T"))), N = 480)), 
    `2` = structure(c(0, 0, 2, 0, 0, 1, 82, 291, 0, 0), .Dim = c(5L, 
    2L), .Dimnames = list(c("-2", "-1", "0", "1", "2"), c("C", 
    "T"))))))
