Results <-
list(`bwaOutput/20210421msiMNRsJenny/1274_S117.sam` = list(IM49_SNP1 = list(
    All = list(Freqs = structure(c(0L, 0L, 1L, 0L, 0L, 0L, 0L, 
    8L, 607L, 1200L, 3526L, 87L, 0L, 72L, 6L, 709L, 586L, 2783L, 
    55L, 2L, 31L, 0L, 6L, 19L, 280L, 10L, 0L, 0L), .Dim = c(7L, 
    4L), .Dimnames = structure(list(c("-3", "-2", "-1", "0", 
    "1", "2", NA), c("-", "C", "G", NA)), .Names = c("", "")), class = "table"), 
        N = 9988L), Tag.Distribution = structure(c(`1` = 225L, 
    `2` = 47L, `3` = 26L, `4` = 32L, `5` = 23L, `6` = 31L, `7` = 34L, 
    `8` = 19L, `9` = 23L, `10` = 27L, `11` = 18L, `12` = 31L, 
    `13` = 20L, `14` = 19L, `15` = 18L, `16` = 18L, `17` = 15L, 
    `18` = 12L, `19` = 10L, `20` = 13L, `21` = 9L, `22` = 10L, 
    `23` = 6L, `24` = 12L, `25` = 8L, `26` = 9L, `27` = 7L, `28` = 12L, 
    `29` = 6L, `30` = 7L, `31` = 4L, `32` = 12L, `33` = 6L, `34` = 1L, 
    `35` = 2L, `36` = 9L, `37` = 1L, `38` = 2L, `39` = 9L, `40` = 4L, 
    `41` = 6L, `42` = 1L, `43` = 1L, `44` = 1L, `45` = 5L, `46` = 1L, 
    `47` = 3L, `48` = 1L, `49` = 1L, `50` = 1L, `51` = 2L, `53` = 1L, 
    `54` = 1L, `55` = 1L, `56` = 1L, `57` = 1L, `58` = 2L, `59` = 1L, 
    `64` = 1L, `68` = 1L), .Dim = 60L, .Dimnames = structure(list(
        c("1", "2", "3", "4", "5", "6", "7", "8", "9", "10", 
        "11", "12", "13", "14", "15", "16", "17", "18", "19", 
        "20", "21", "22", "23", "24", "25", "26", "27", "28", 
        "29", "30", "31", "32", "33", "34", "35", "36", "37", 
        "38", "39", "40", "41", "42", "43", "44", "45", "46", 
        "47", "48", "49", "50", "51", "53", "54", "55", "56", 
        "57", "58", "59", "64", "68")), .Names = ""), class = "table"), 
    No.Tag = structure(c(0L, 0L, 0L, 0L, 0L, 0L, 0L, 0L, 4L, 
    8L, 62L, 1L, 0L, 2L, 1L, 17L, 14L, 48L, 2L, 0L, 0L, 0L, 0L, 
    1L, 6L, 0L, 0L, 0L), .Dim = c(7L, 4L), .Dimnames = structure(list(
        c("-3", "-2", "-1", "0", "1", "2", NA), c("-", "C", "G", 
        NA)), .Names = c("", "")), class = "table"), All.Tags = list(
        Concordant = list(Freqs = structure(c(0, 0, 0, 0, 0, 
        0, 0, 25, 71, 201, 2, 0, 1, 48, 32, 130, 0, 0), .Dim = c(6L, 
        3L), .Dimnames = list(c("-3", "-2", "-1", "0", "1", "2"
        ), c("-", "C", "G"))), N = 510), Majority = list(Freqs = structure(c(0, 
        0, 0, 0, 0, 0, 0, 37, 98, 310, 3, 0, 1, 56, 45, 221, 
        1, 0), .Dim = c(6L, 3L), .Dimnames = list(c("-3", "-2", 
        "-1", "0", "1", "2"), c("-", "C", "G"))), N = 772)), 
    `2` = structure(c(0, 0, 0, 0, 0, 0, 0, 32, 67, 241, 1, 0, 
    0, 46, 31, 172, 1, 0), .Dim = c(6L, 3L), .Dimnames = list(
        c("-3", "-2", "-1", "0", "1", "2"), c("-", "C", "G"))))))
