Results <-
list(`bwaOutput/20210421msiMNRsJenny/1274_S117.sam` = list(GM11_SNP1 = list(
    All = list(Freqs = structure(c(0L, 21L, 0L, 0L, 20L, 3023L, 
    15L, 3L, 0L, 12L, 1L, 0L), .Dim = 4:3, .Dimnames = structure(list(
        c("-1", "0", "1", NA), c("A", "G", NA)), .Names = c("", 
    "")), class = "table"), N = 3095L), Tag.Distribution = structure(c(`1` = 34L, 
    `2` = 3L, `3` = 3L, `4` = 3L, `5` = 3L, `6` = 1L, `7` = 2L, 
    `8` = 1L, `9` = 2L, `10` = 2L, `11` = 3L, `12` = 3L, `13` = 5L, 
    `14` = 2L, `15` = 1L, `16` = 5L, `17` = 3L, `19` = 4L, `20` = 1L, 
    `21` = 3L, `23` = 3L, `24` = 4L, `25` = 1L, `26` = 3L, `27` = 1L, 
    `28` = 4L, `29` = 5L, `30` = 1L, `31` = 4L, `32` = 1L, `33` = 2L, 
    `34` = 3L, `35` = 2L, `38` = 3L, `39` = 2L, `40` = 4L, `41` = 3L, 
    `43` = 1L, `44` = 3L, `47` = 1L, `48` = 1L, `51` = 2L, `52` = 1L, 
    `53` = 1L, `54` = 1L, `55` = 1L, `57` = 1L, `58` = 2L, `62` = 1L, 
    `67` = 1L, `71` = 1L), .Dim = 51L, .Dimnames = structure(list(
        c("1", "2", "3", "4", "5", "6", "7", "8", "9", "10", 
        "11", "12", "13", "14", "15", "16", "17", "19", "20", 
        "21", "23", "24", "25", "26", "27", "28", "29", "30", 
        "31", "32", "33", "34", "35", "38", "39", "40", "41", 
        "43", "44", "47", "48", "51", "52", "53", "54", "55", 
        "57", "58", "62", "67", "71")), .Names = ""), class = "table"), 
    No.Tag = structure(c(0L, 0L, 0L, 0L, 0L, 72L, 2L, 0L, 0L, 
    2L, 0L, 0L), .Dim = 4:3, .Dimnames = structure(list(c("-1", 
    "0", "1", NA), c("A", "G", NA)), .Names = c("", "")), class = "table"), 
    All.Tags = list(Concordant = list(Freqs = structure(c(0, 
    6, 0, 2, 111, 0), .Dim = 3:2, .Dimnames = list(c("-1", "0", 
    "1"), c("A", "G"))), N = 119), Majority = list(Freqs = structure(c(0, 
    6, 0, 2, 138, 0), .Dim = 3:2, .Dimnames = list(c("-1", "0", 
    "1"), c("A", "G"))), N = 146)), `2` = structure(c(0, 1, 0, 
    1, 112, 0), .Dim = 3:2, .Dimnames = list(c("-1", "0", "1"
    ), c("A", "G"))))))
