Results <-
list(`bwaOutput/20210421msiMNRsJenny/1274_S117.sam` = list(DEPDC2_SNP1 = list(
    All = list(Freqs = structure(c(0L, 0L, 1L, 0L, 0L, 1L, 182L, 
    9536L, 113L, 52L, 0L, 0L, 0L, 0L, 1L, 0L, 4L, 57L, 0L, 1L, 
    0L, 4L, 123L, 0L, 0L), .Dim = c(5L, 5L), .Dimnames = structure(list(
        c("-2", "-1", "0", "1", NA), c("A", "C", "G", "T", NA
        )), .Names = c("", "")), class = "table"), N = 10075L), 
    Tag.Distribution = structure(c(`1` = 209L, `2` = 25L, `3` = 22L, 
    `4` = 25L, `5` = 29L, `6` = 24L, `7` = 23L, `8` = 26L, `9` = 18L, 
    `10` = 22L, `11` = 17L, `12` = 35L, `13` = 27L, `14` = 21L, 
    `15` = 21L, `16` = 10L, `17` = 11L, `18` = 15L, `19` = 10L, 
    `20` = 8L, `21` = 8L, `22` = 8L, `23` = 11L, `24` = 5L, `25` = 9L, 
    `26` = 10L, `27` = 6L, `28` = 8L, `29` = 12L, `30` = 13L, 
    `31` = 6L, `32` = 5L, `33` = 6L, `34` = 4L, `35` = 6L, `36` = 10L, 
    `37` = 4L, `38` = 9L, `39` = 1L, `40` = 3L, `41` = 4L, `42` = 5L, 
    `43` = 3L, `44` = 2L, `45` = 1L, `47` = 5L, `48` = 1L, `49` = 1L, 
    `51` = 1L, `52` = 1L, `58` = 1L, `60` = 1L, `62` = 1L, `65` = 2L, 
    `69` = 1L, `81` = 1L, `95` = 1L), .Dim = 57L, .Dimnames = structure(list(
        c("1", "2", "3", "4", "5", "6", "7", "8", "9", "10", 
        "11", "12", "13", "14", "15", "16", "17", "18", "19", 
        "20", "21", "22", "23", "24", "25", "26", "27", "28", 
        "29", "30", "31", "32", "33", "34", "35", "36", "37", 
        "38", "39", "40", "41", "42", "43", "44", "45", "47", 
        "48", "49", "51", "52", "58", "60", "62", "65", "69", 
        "81", "95")), .Names = ""), class = "table"), No.Tag = structure(c(0L, 
    0L, 0L, 0L, 0L, 0L, 3L, 205L, 1L, 3L, 0L, 0L, 0L, 0L, 0L, 
    0L, 0L, 0L, 0L, 0L, 0L, 0L, 13L, 0L, 0L), .Dim = c(5L, 5L
    ), .Dimnames = structure(list(c("-2", "-1", "0", "1", NA), 
        c("A", "C", "G", "T", NA)), .Names = c("", "")), class = "table"), 
    All.Tags = list(Concordant = list(Freqs = structure(c(0, 
    0, 0, 0, 0, 5, 625, 8, 0, 0, 0, 0, 0, 1, 22, 0), .Dim = c(4L, 
    4L), .Dimnames = list(c("-2", "-1", "0", "1"), c("A", "C", 
    "G", "T"))), N = 661), Majority = list(Freqs = structure(c(0, 
    0, 0, 0, 0, 9, 710, 11, 0, 0, 0, 0, 0, 1, 23, 0), .Dim = c(4L, 
    4L), .Dimnames = list(c("-2", "-1", "0", "1"), c("A", "C", 
    "G", "T"))), N = 754)), `2` = structure(c(0, 0, 0, 0, 0, 
    4, 548, 7, 0, 0, 0, 0, 0, 1, 2, 0), .Dim = c(4L, 4L), .Dimnames = list(
        c("-2", "-1", "0", "1"), c("A", "C", "G", "T"))))))
