Results <-
list(`bwaOutput/20210421msiMNRsJenny/1274_S117.sam` = list(LR46_SNP1 = list(
    All = list(Freqs = structure(c(2L, 954L, 1962L, 3L, 1L, 24L, 
    0L, 0L, 56L, 0L, 0L, 0L, 0L, 6L, 19L, 0L, 0L, 0L), .Dim = c(6L, 
    3L), .Dimnames = structure(list(c("-2", "-1", "0", "1", "2", 
    NA), c("G", "T", NA)), .Names = c("", "")), class = "table"), 
        N = 3027L), Tag.Distribution = structure(c(`1` = 47L, 
    `2` = 5L, `3` = 4L, `4` = 1L, `5` = 2L, `6` = 2L, `7` = 4L, 
    `8` = 6L, `9` = 3L, `10` = 3L, `11` = 3L, `12` = 3L, `13` = 4L, 
    `14` = 2L, `15` = 4L, `16` = 2L, `17` = 1L, `19` = 1L, `20` = 2L, 
    `21` = 3L, `22` = 6L, `23` = 5L, `24` = 3L, `25` = 2L, `27` = 2L, 
    `28` = 1L, `29` = 1L, `30` = 1L, `31` = 3L, `32` = 1L, `33` = 2L, 
    `36` = 1L, `38` = 3L, `41` = 1L, `42` = 1L, `44` = 1L, `47` = 2L, 
    `49` = 2L, `50` = 1L, `52` = 1L, `54` = 3L, `55` = 2L, `56` = 1L, 
    `57` = 1L, `60` = 1L, `61` = 1L, `62` = 1L, `63` = 1L, `68` = 1L, 
    `71` = 1L, `79` = 1L, `83` = 1L, `91` = 1L), .Dim = 53L, .Dimnames = structure(list(
        c("1", "2", "3", "4", "5", "6", "7", "8", "9", "10", 
        "11", "12", "13", "14", "15", "16", "17", "19", "20", 
        "21", "22", "23", "24", "25", "27", "28", "29", "30", 
        "31", "32", "33", "36", "38", "41", "42", "44", "47", 
        "49", "50", "52", "54", "55", "56", "57", "60", "61", 
        "62", "63", "68", "71", "79", "83", "91")), .Names = ""), class = "table"), 
    No.Tag = structure(c(0L, 76L, 40L, 0L, 0L, 4L, 0L, 0L, 1L, 
    0L, 0L, 0L, 0L, 0L, 3L, 0L, 0L, 0L), .Dim = c(6L, 3L), .Dimnames = structure(list(
        c("-2", "-1", "0", "1", "2", NA), c("G", "T", NA)), .Names = c("", 
    "")), class = "table"), All.Tags = list(Concordant = list(
        Freqs = structure(c(0, 38, 96, 0, 0, 0, 0, 7, 0, 0), .Dim = c(5L, 
        2L), .Dimnames = list(c("-2", "-1", "0", "1", "2"), c("G", 
        "T"))), N = 141), Majority = list(Freqs = structure(c(0, 
    41, 106, 0, 0, 0, 0, 7, 0, 0), .Dim = c(5L, 2L), .Dimnames = list(
        c("-2", "-1", "0", "1", "2"), c("G", "T"))), N = 154)), 
    `2` = structure(c(0, 30, 79, 0, 0, 0, 0, 2, 0, 0), .Dim = c(5L, 
    2L), .Dimnames = list(c("-2", "-1", "0", "1", "2"), c("G", 
    "T"))))))
