Results <-
list(`bwaOutput/20210421msiMNRsJenny/1274_S117.sam` = list(IM16_SNP1 = list(
    All = list(Freqs = structure(c(1L, 56L, 2689L, 70L, 2L, 3L, 
    0L, 98L, 1952L, 37L, 1L, 4L, 0L, 1L, 64L, 7L, 0L, 0L), .Dim = c(6L, 
    3L), .Dimnames = structure(list(c("-2", "-1", "0", "1", "2", 
    NA), c("A", "G", NA)), .Names = c("", "")), class = "table"), 
        N = 4985L), Tag.Distribution = structure(c(`1` = 42L, 
    `2` = 2L, `3` = 7L, `4` = 5L, `5` = 5L, `6` = 5L, `7` = 5L, 
    `8` = 5L, `9` = 3L, `10` = 3L, `11` = 4L, `12` = 5L, `13` = 4L, 
    `14` = 8L, `15` = 7L, `16` = 5L, `17` = 9L, `18` = 4L, `19` = 5L, 
    `20` = 7L, `21` = 5L, `22` = 3L, `23` = 3L, `24` = 6L, `25` = 4L, 
    `26` = 4L, `27` = 2L, `28` = 3L, `29` = 1L, `30` = 3L, `31` = 2L, 
    `32` = 2L, `33` = 1L, `34` = 4L, `35` = 3L, `36` = 1L, `37` = 1L, 
    `38` = 2L, `39` = 2L, `41` = 2L, `42` = 1L, `43` = 3L, `44` = 3L, 
    `45` = 2L, `46` = 3L, `47` = 1L, `48` = 1L, `49` = 1L, `50` = 2L, 
    `51` = 1L, `52` = 1L, `53` = 2L, `54` = 2L, `55` = 2L, `56` = 1L, 
    `57` = 1L, `59` = 2L, `60` = 1L, `62` = 1L, `63` = 2L, `70` = 1L, 
    `71` = 1L, `78` = 1L, `79` = 1L, `82` = 1L, `106` = 1L), .Dim = 66L, .Dimnames = structure(list(
        c("1", "2", "3", "4", "5", "6", "7", "8", "9", "10", 
        "11", "12", "13", "14", "15", "16", "17", "18", "19", 
        "20", "21", "22", "23", "24", "25", "26", "27", "28", 
        "29", "30", "31", "32", "33", "34", "35", "36", "37", 
        "38", "39", "41", "42", "43", "44", "45", "46", "47", 
        "48", "49", "50", "51", "52", "53", "54", "55", "56", 
        "57", "59", "60", "62", "63", "70", "71", "78", "79", 
        "82", "106")), .Names = ""), class = "table"), No.Tag = structure(c(0L, 
    0L, 19L, 1L, 0L, 0L, 0L, 1L, 42L, 3L, 0L, 1L, 0L, 0L, 10L, 
    0L, 0L, 0L), .Dim = c(6L, 3L), .Dimnames = structure(list(
        c("-2", "-1", "0", "1", "2", NA), c("A", "G", NA)), .Names = c("", 
    "")), class = "table"), All.Tags = list(Concordant = list(
        Freqs = structure(c(0, 3, 84, 1, 0, 0, 1, 66, 0, 0), .Dim = c(5L, 
        2L), .Dimnames = list(c("-2", "-1", "0", "1", "2"), c("A", 
        "G"))), N = 155), Majority = list(Freqs = structure(c(0, 
    3, 119, 2, 0, 0, 2, 103, 0, 0), .Dim = c(5L, 2L), .Dimnames = list(
        c("-2", "-1", "0", "1", "2"), c("A", "G"))), N = 229)), 
    `2` = structure(c(0, 2, 102, 2, 0, 0, 2, 83, 0, 0), .Dim = c(5L, 
    2L), .Dimnames = list(c("-2", "-1", "0", "1", "2"), c("A", 
    "G"))))))
