Results <-
list(`bwaOutput/20210421msiMNRsJenny/1274_S117.sam` = list(GM01_SNP1 = list(
    All = list(Freqs = structure(c(1L, 233L, 6054L, 32L, 5L, 
    0L, 0L, 10L, 0L, 0L, 1L, 6L, 66L, 0L, 0L), .Dim = c(5L, 3L
    ), .Dimnames = structure(list(c("-2", "-1", "0", "1", NA), 
        c("A", "G", NA)), .Names = c("", "")), class = "table"), 
        N = 6408L), Tag.Distribution = structure(c(`1` = 71L, 
    `2` = 3L, `3` = 5L, `4` = 4L, `5` = 3L, `6` = 6L, `7` = 4L, 
    `8` = 3L, `9` = 5L, `10` = 7L, `11` = 6L, `12` = 8L, `13` = 3L, 
    `14` = 11L, `15` = 2L, `16` = 4L, `17` = 5L, `18` = 4L, `19` = 6L, 
    `20` = 2L, `21` = 4L, `22` = 6L, `23` = 5L, `24` = 4L, `25` = 2L, 
    `26` = 3L, `27` = 3L, `28` = 6L, `29` = 9L, `30` = 4L, `31` = 6L, 
    `32` = 2L, `33` = 3L, `34` = 3L, `35` = 4L, `36` = 9L, `37` = 5L, 
    `38` = 2L, `39` = 3L, `40` = 4L, `41` = 3L, `42` = 3L, `43` = 3L, 
    `45` = 6L, `46` = 3L, `47` = 5L, `49` = 2L, `50` = 5L, `51` = 2L, 
    `53` = 2L, `55` = 2L, `56` = 2L, `57` = 1L, `58` = 1L, `59` = 2L, 
    `62` = 1L, `63` = 2L, `66` = 1L, `67` = 1L, `73` = 1L, `83` = 1L, 
    `89` = 1L), .Dim = 62L, .Dimnames = structure(list(c("1", 
    "2", "3", "4", "5", "6", "7", "8", "9", "10", "11", "12", 
    "13", "14", "15", "16", "17", "18", "19", "20", "21", "22", 
    "23", "24", "25", "26", "27", "28", "29", "30", "31", "32", 
    "33", "34", "35", "36", "37", "38", "39", "40", "41", "42", 
    "43", "45", "46", "47", "49", "50", "51", "53", "55", "56", 
    "57", "58", "59", "62", "63", "66", "67", "73", "83", "89"
    )), .Names = ""), class = "table"), No.Tag = structure(c(0L, 
    4L, 74L, 0L, 0L, 0L, 0L, 1L, 0L, 0L, 0L, 0L, 7L, 0L, 0L), .Dim = c(5L, 
    3L), .Dimnames = structure(list(c("-2", "-1", "0", "1", NA
    ), c("A", "G", NA)), .Names = c("", "")), class = "table"), 
    All.Tags = list(Concordant = list(Freqs = structure(c(0, 
    8, 196, 0, 0, 0, 5, 0), .Dim = c(4L, 2L), .Dimnames = list(
        c("-2", "-1", "0", "1"), c("A", "G"))), N = 209), Majority = list(
        Freqs = structure(c(0, 9, 279, 1, 0, 0, 5, 0), .Dim = c(4L, 
        2L), .Dimnames = list(c("-2", "-1", "0", "1"), c("A", 
        "G"))), N = 294)), `2` = structure(c(0, 6, 220, 1, 0, 
    0, 1, 0), .Dim = c(4L, 2L), .Dimnames = list(c("-2", "-1", 
    "0", "1"), c("A", "G"))))))
