Results <-
list(`bwaOutput/20210421msiMNRsJenny/1274_S117.sam` = list(GM07_SNP1 = list(
    All = list(Freqs = structure(c(0L, 2L, 3L, 0L, 0L, 0L, 2L, 
    584L, 576L, 3087L, 102L, 1L, 1L, 79L, 3L, 5L, 39L, 0L, 0L, 
    0L, 0L), .Dim = c(7L, 3L), .Dimnames = structure(list(c("-2", 
    "-1", "0", "1", "2", "3", NA), c("A", "G", NA)), .Names = c("", 
    "")), class = "table"), N = 4484L), Tag.Distribution = structure(c(`1` = 59L, 
    `2` = 5L, `3` = 4L, `4` = 5L, `5` = 5L, `6` = 7L, `7` = 2L, 
    `8` = 6L, `9` = 11L, `10` = 3L, `11` = 6L, `12` = 12L, `13` = 6L, 
    `14` = 4L, `15` = 7L, `16` = 7L, `17` = 7L, `18` = 3L, `19` = 3L, 
    `20` = 3L, `21` = 4L, `22` = 5L, `23` = 4L, `24` = 4L, `25` = 6L, 
    `26` = 1L, `27` = 2L, `28` = 2L, `29` = 1L, `31` = 3L, `32` = 2L, 
    `33` = 1L, `34` = 4L, `35` = 3L, `36` = 3L, `37` = 2L, `38` = 3L, 
    `39` = 3L, `40` = 1L, `41` = 1L, `42` = 2L, `43` = 4L, `44` = 6L, 
    `45` = 1L, `46` = 1L, `47` = 1L, `48` = 1L, `49` = 1L, `50` = 3L, 
    `51` = 3L, `53` = 1L, `56` = 2L, `57` = 1L, `58` = 1L, `61` = 1L, 
    `65` = 1L, `84` = 1L), .Dim = 57L, .Dimnames = structure(list(
        c("1", "2", "3", "4", "5", "6", "7", "8", "9", "10", 
        "11", "12", "13", "14", "15", "16", "17", "18", "19", 
        "20", "21", "22", "23", "24", "25", "26", "27", "28", 
        "29", "31", "32", "33", "34", "35", "36", "37", "38", 
        "39", "40", "41", "42", "43", "44", "45", "46", "47", 
        "48", "49", "50", "51", "53", "56", "57", "58", "61", 
        "65", "84")), .Names = ""), class = "table"), No.Tag = structure(c(0L, 
    0L, 0L, 0L, 0L, 0L, 0L, 4L, 8L, 71L, 3L, 0L, 0L, 12L, 1L, 
    0L, 5L, 0L, 0L, 0L, 0L), .Dim = c(7L, 3L), .Dimnames = structure(list(
        c("-2", "-1", "0", "1", "2", "3", NA), c("A", "G", NA
        )), .Names = c("", "")), class = "table"), All.Tags = list(
        Concordant = list(Freqs = structure(c(0, 2, 2, 0, 0, 
        0, 23, 17, 84, 0, 0, 0), .Dim = c(6L, 2L), .Dimnames = list(
            c("-2", "-1", "0", "1", "2", "3"), c("A", "G"))), 
            N = 128), Majority = list(Freqs = structure(c(0, 
        2, 2, 0, 0, 0, 27, 28, 177, 1, 0, 0), .Dim = c(6L, 2L
        ), .Dimnames = list(c("-2", "-1", "0", "1", "2", "3"), 
            c("A", "G"))), N = 237)), `2` = structure(c(0, 0, 
    0, 0, 0, 0, 24, 21, 145, 1, 0, 0), .Dim = c(6L, 2L), .Dimnames = list(
        c("-2", "-1", "0", "1", "2", "3"), c("A", "G"))))))
