Results <-
list(`bwaOutput/20210421msiMNRsJenny/1274_S117.sam` = list(LR11_SNP1 = list(
    All = list(Freqs = structure(c(1L, 76L, 892L, 1681L, 9L, 
    1L, 19L, 0L, 0L, 45L, 1944L, 11L, 0L, 5L, 0L, 0L, 1L, 54L, 
    4L, 0L, 0L), .Dim = c(7L, 3L), .Dimnames = structure(list(
        c("-3", "-2", "-1", "0", "1", "2", NA), c("A", "C", NA
        )), .Names = c("", "")), class = "table"), N = 4743L), 
    Tag.Distribution = structure(c(`1` = 68L, `2` = 10L, `3` = 3L, 
    `4` = 8L, `5` = 7L, `6` = 6L, `7` = 3L, `8` = 3L, `9` = 7L, 
    `10` = 5L, `11` = 2L, `12` = 6L, `13` = 3L, `14` = 6L, `15` = 6L, 
    `16` = 4L, `17` = 8L, `18` = 6L, `19` = 6L, `20` = 4L, `21` = 4L, 
    `22` = 4L, `23` = 5L, `24` = 2L, `25` = 5L, `26` = 2L, `27` = 6L, 
    `28` = 6L, `29` = 2L, `30` = 2L, `31` = 2L, `32` = 2L, `33` = 4L, 
    `34` = 5L, `36` = 2L, `37` = 1L, `38` = 5L, `39` = 2L, `40` = 4L, 
    `41` = 1L, `42` = 1L, `43` = 2L, `44` = 4L, `45` = 1L, `46` = 4L, 
    `47` = 1L, `48` = 1L, `49` = 4L, `50` = 3L, `52` = 1L, `54` = 3L, 
    `55` = 1L, `56` = 1L, `57` = 2L, `64` = 1L, `67` = 1L), .Dim = 56L, .Dimnames = structure(list(
        c("1", "2", "3", "4", "5", "6", "7", "8", "9", "10", 
        "11", "12", "13", "14", "15", "16", "17", "18", "19", 
        "20", "21", "22", "23", "24", "25", "26", "27", "28", 
        "29", "30", "31", "32", "33", "34", "36", "37", "38", 
        "39", "40", "41", "42", "43", "44", "45", "46", "47", 
        "48", "49", "50", "52", "54", "55", "56", "57", "64", 
        "67")), .Names = ""), class = "table"), No.Tag = structure(c(0L, 
    2L, 4L, 49L, 0L, 0L, 0L, 0L, 0L, 0L, 9L, 0L, 0L, 0L, 0L, 
    0L, 0L, 2L, 0L, 0L, 0L), .Dim = c(7L, 3L), .Dimnames = structure(list(
        c("-3", "-2", "-1", "0", "1", "2", NA), c("A", "C", NA
        )), .Names = c("", "")), class = "table"), All.Tags = list(
        Concordant = list(Freqs = structure(c(0, 2, 30, 65, 0, 
        0, 0, 0, 0, 82, 1, 0), .Dim = c(6L, 2L), .Dimnames = list(
            c("-3", "-2", "-1", "0", "1", "2"), c("A", "C"))), 
            N = 180), Majority = list(Freqs = structure(c(0, 
        3, 38, 100, 0, 0, 0, 0, 1, 116, 1, 0), .Dim = c(6L, 2L
        ), .Dimnames = list(c("-3", "-2", "-1", "0", "1", "2"
        ), c("A", "C"))), N = 259)), `2` = structure(c(0, 3, 
    30, 73, 0, 0, 0, 0, 1, 91, 0, 0), .Dim = c(6L, 2L), .Dimnames = list(
        c("-3", "-2", "-1", "0", "1", "2"), c("A", "C"))))))
