Results <-
list(`bwaOutput/20210421msiMNRsJenny/1274_S117.sam` = list(LR24_SNP1 = list(
    All = list(Freqs = structure(c(3L, 1394L, 3288L, 4L, 13L, 
    0L, 149L, 3913L, 14L, 2L, 0L, 8L, 37L, 0L, 0L), .Dim = c(5L, 
    3L), .Dimnames = structure(list(c("-2", "-1", "0", "1", NA
    ), c("A", "G", NA)), .Names = c("", "")), class = "table"), 
        N = 8825L), Tag.Distribution = structure(c(`1` = 165L, 
    `2` = 58L, `3` = 43L, `4` = 46L, `5` = 41L, `6` = 45L, `7` = 38L, 
    `8` = 31L, `9` = 30L, `10` = 25L, `11` = 21L, `12` = 24L, 
    `13` = 20L, `14` = 31L, `15` = 11L, `16` = 21L, `17` = 18L, 
    `18` = 20L, `19` = 14L, `20` = 16L, `21` = 11L, `22` = 3L, 
    `23` = 7L, `24` = 10L, `25` = 8L, `26` = 4L, `27` = 5L, `28` = 6L, 
    `29` = 4L, `30` = 9L, `31` = 4L, `32` = 1L, `33` = 7L, `34` = 4L, 
    `35` = 1L, `36` = 1L, `37` = 2L, `38` = 4L, `40` = 3L, `43` = 2L, 
    `44` = 2L, `46` = 1L, `47` = 2L, `48` = 2L, `49` = 3L, `51` = 1L, 
    `54` = 1L, `59` = 1L, `60` = 1L, `62` = 1L, `64` = 1L), .Dim = 51L, .Dimnames = structure(list(
        c("1", "2", "3", "4", "5", "6", "7", "8", "9", "10", 
        "11", "12", "13", "14", "15", "16", "17", "18", "19", 
        "20", "21", "22", "23", "24", "25", "26", "27", "28", 
        "29", "30", "31", "32", "33", "34", "35", "36", "37", 
        "38", "40", "43", "44", "46", "47", "48", "49", "51", 
        "54", "59", "60", "62", "64")), .Names = ""), class = "table"), 
    No.Tag = structure(c(0L, 19L, 100L, 1L, 0L, 0L, 1L, 90L, 
    0L, 0L, 0L, 1L, 6L, 0L, 0L), .Dim = c(5L, 3L), .Dimnames = structure(list(
        c("-2", "-1", "0", "1", NA), c("A", "G", NA)), .Names = c("", 
    "")), class = "table"), All.Tags = list(Concordant = list(
        Freqs = structure(c(0, 100, 259, 0, 0, 12, 339, 0), .Dim = c(4L, 
        2L), .Dimnames = list(c("-2", "-1", "0", "1"), c("A", 
        "G"))), N = 710), Majority = list(Freqs = structure(c(0, 
    115, 301, 0, 0, 13, 384, 0), .Dim = c(4L, 2L), .Dimnames = list(
        c("-2", "-1", "0", "1"), c("A", "G"))), N = 813)), `2` = structure(c(0, 
    100, 249, 0, 0, 10, 302, 0), .Dim = c(4L, 2L), .Dimnames = list(
        c("-2", "-1", "0", "1"), c("A", "G"))))))
