Results <-
list(`bwaOutput/20210421msiMNRsJenny/1274_S117.sam` = list(LR40_SNP1 = list(
    All = list(Freqs = structure(c(0L, 1L, 0L, 0L, 162L, 2947L, 
    10L, 9L, 0L, 15L, 0L, 0L), .Dim = 4:3, .Dimnames = structure(list(
        c("-1", "0", "1", NA), c("A", "C", NA)), .Names = c("", 
    "")), class = "table"), N = 3144L), Tag.Distribution = structure(c(`1` = 34L, 
    `2` = 4L, `3` = 1L, `4` = 3L, `5` = 4L, `6` = 6L, `7` = 2L, 
    `8` = 6L, `9` = 5L, `10` = 4L, `11` = 4L, `12` = 5L, `13` = 6L, 
    `14` = 6L, `15` = 5L, `16` = 3L, `17` = 5L, `18` = 5L, `19` = 4L, 
    `20` = 3L, `21` = 2L, `22` = 3L, `23` = 3L, `24` = 2L, `25` = 1L, 
    `26` = 2L, `27` = 2L, `28` = 2L, `29` = 8L, `30` = 3L, `32` = 2L, 
    `34` = 4L, `35` = 1L, `37` = 2L, `38` = 1L, `40` = 1L, `42` = 2L, 
    `43` = 1L, `45` = 2L, `46` = 2L, `47` = 1L, `52` = 1L, `53` = 1L, 
    `55` = 1L, `56` = 1L, `57` = 1L, `58` = 1L, `61` = 1L, `63` = 1L, 
    `67` = 2L, `84` = 1L), .Dim = 51L, .Dimnames = structure(list(
        c("1", "2", "3", "4", "5", "6", "7", "8", "9", "10", 
        "11", "12", "13", "14", "15", "16", "17", "18", "19", 
        "20", "21", "22", "23", "24", "25", "26", "27", "28", 
        "29", "30", "32", "34", "35", "37", "38", "40", "42", 
        "43", "45", "46", "47", "52", "53", "55", "56", "57", 
        "58", "61", "63", "67", "84")), .Names = ""), class = "table"), 
    No.Tag = structure(c(0L, 0L, 0L, 0L, 0L, 31L, 1L, 2L, 0L, 
    0L, 0L, 0L), .Dim = 4:3, .Dimnames = structure(list(c("-1", 
    "0", "1", NA), c("A", "C", NA)), .Names = c("", "")), class = "table"), 
    All.Tags = list(Concordant = list(Freqs = structure(c(0, 
    0, 0, 6, 133, 0), .Dim = 3:2, .Dimnames = list(c("-1", "0", 
    "1"), c("A", "C"))), N = 139), Majority = list(Freqs = structure(c(0, 
    0, 0, 6, 165, 0), .Dim = 3:2, .Dimnames = list(c("-1", "0", 
    "1"), c("A", "C"))), N = 171)), `2` = structure(c(0, 0, 0, 
    5, 134, 0), .Dim = 3:2, .Dimnames = list(c("-1", "0", "1"
    ), c("A", "C"))))))
