Results <-
list(`bwaOutput/20210421msiMNRsJenny/1274_S117.sam` = list(LR17_SNP1 = list(
    All = list(Freqs = structure(c(2L, 229L, 1448L, 4317L, 59L, 
    2L, 48L, 0L, 0L, 0L, 1L, 0L, 0L, 0L, 1L, 1L, 31L, 196L, 2L, 
    0L, 0L), .Dim = c(7L, 3L), .Dimnames = structure(list(c("-3", 
    "-2", "-1", "0", "1", "2", NA), c("A", "G", NA)), .Names = c("", 
    "")), class = "table"), N = 6337L), Tag.Distribution = structure(c(`1` = 92L, 
    `2` = 8L, `3` = 4L, `4` = 1L, `5` = 1L, `6` = 2L, `7` = 2L, 
    `8` = 2L, `9` = 2L, `10` = 2L, `11` = 4L, `12` = 3L, `13` = 8L, 
    `14` = 5L, `15` = 2L, `16` = 6L, `17` = 7L, `18` = 4L, `19` = 6L, 
    `20` = 7L, `21` = 5L, `22` = 5L, `23` = 8L, `24` = 5L, `25` = 8L, 
    `26` = 2L, `27` = 3L, `28` = 4L, `29` = 3L, `30` = 6L, `31` = 5L, 
    `32` = 3L, `33` = 3L, `34` = 3L, `35` = 2L, `36` = 5L, `37` = 4L, 
    `38` = 6L, `39` = 3L, `40` = 1L, `41` = 2L, `42` = 1L, `43` = 5L, 
    `44` = 2L, `46` = 2L, `47` = 2L, `48` = 3L, `49` = 1L, `50` = 3L, 
    `51` = 2L, `54` = 3L, `56` = 2L, `57` = 3L, `58` = 2L, `59` = 2L, 
    `60` = 1L, `62` = 4L, `65` = 1L, `66` = 3L, `67` = 2L, `72` = 1L, 
    `73` = 1L, `76` = 1L), .Dim = 63L, .Dimnames = structure(list(
        c("1", "2", "3", "4", "5", "6", "7", "8", "9", "10", 
        "11", "12", "13", "14", "15", "16", "17", "18", "19", 
        "20", "21", "22", "23", "24", "25", "26", "27", "28", 
        "29", "30", "31", "32", "33", "34", "35", "36", "37", 
        "38", "39", "40", "41", "42", "43", "44", "46", "47", 
        "48", "49", "50", "51", "54", "56", "57", "58", "59", 
        "60", "62", "65", "66", "67", "72", "73", "76")), .Names = ""), class = "table"), 
    No.Tag = structure(c(0L, 0L, 9L, 149L, 2L, 0L, 2L, 0L, 0L, 
    0L, 0L, 0L, 0L, 0L, 0L, 0L, 0L, 12L, 0L, 0L, 0L), .Dim = c(7L, 
    3L), .Dimnames = structure(list(c("-3", "-2", "-1", "0", 
    "1", "2", NA), c("A", "G", NA)), .Names = c("", "")), class = "table"), 
    All.Tags = list(Concordant = list(Freqs = structure(c(0, 
    8, 28, 132, 0, 0, 0, 0, 0, 0, 0, 0), .Dim = c(6L, 2L), .Dimnames = list(
        c("-3", "-2", "-1", "0", "1", "2"), c("A", "G"))), N = 168), 
        Majority = list(Freqs = structure(c(0, 10, 53, 230, 0, 
        0, 0, 0, 0, 0, 0, 0), .Dim = c(6L, 2L), .Dimnames = list(
            c("-3", "-2", "-1", "0", "1", "2"), c("A", "G"))), 
            N = 293)), `2` = structure(c(0, 7, 42, 158, 0, 0, 
    0, 0, 0, 0, 0, 0), .Dim = c(6L, 2L), .Dimnames = list(c("-3", 
    "-2", "-1", "0", "1", "2"), c("A", "G"))))))
