Results <-
list(`bwaOutput/20210421msiMNRsJenny/1274_S117.sam` = list(LR49_SNP1 = list(
    All = list(Freqs = structure(c(0L, 0L, 18L, 0L, 0L, 45L, 
    174L, 4688L, 2L, 8L, 0L, 0L, 1L, 0L, 0L, 0L, 1L, 22L, 0L, 
    0L), .Dim = 5:4, .Dimnames = structure(list(c("-2", "-1", 
    "0", "1", NA), c("A", "G", "T", NA)), .Names = c("", "")), class = "table"), 
        N = 4959L), Tag.Distribution = structure(c(`1` = 71L, 
    `2` = 16L, `3` = 11L, `4` = 9L, `5` = 8L, `6` = 12L, `7` = 9L, 
    `8` = 14L, `9` = 10L, `10` = 7L, `11` = 17L, `12` = 9L, `13` = 13L, 
    `14` = 16L, `15` = 10L, `16` = 8L, `17` = 4L, `18` = 8L, 
    `19` = 7L, `20` = 7L, `21` = 4L, `22` = 9L, `23` = 5L, `24` = 6L, 
    `25` = 3L, `26` = 6L, `27` = 5L, `28` = 3L, `29` = 5L, `30` = 5L, 
    `31` = 2L, `32` = 1L, `33` = 2L, `34` = 1L, `35` = 4L, `36` = 1L, 
    `38` = 2L, `39` = 2L, `40` = 2L, `42` = 1L, `43` = 3L, `44` = 1L, 
    `50` = 1L, `51` = 1L, `57` = 1L, `60` = 3L, `63` = 2L, `64` = 1L, 
    `65` = 1L, `71` = 1L), .Dim = 50L, .Dimnames = structure(list(
        c("1", "2", "3", "4", "5", "6", "7", "8", "9", "10", 
        "11", "12", "13", "14", "15", "16", "17", "18", "19", 
        "20", "21", "22", "23", "24", "25", "26", "27", "28", 
        "29", "30", "31", "32", "33", "34", "35", "36", "38", 
        "39", "40", "42", "43", "44", "50", "51", "57", "60", 
        "63", "64", "65", "71")), .Names = ""), class = "table"), 
    No.Tag = structure(c(0L, 0L, 1L, 0L, 0L, 0L, 4L, 107L, 1L, 
    2L, 0L, 0L, 0L, 0L, 0L, 0L, 0L, 5L, 0L, 0L), .Dim = 5:4, .Dimnames = structure(list(
        c("-2", "-1", "0", "1", NA), c("A", "G", "T", NA)), .Names = c("", 
    "")), class = "table"), All.Tags = list(Concordant = list(
        Freqs = structure(c(0, 0, 4, 0, 1, 5, 315, 0, 0, 0, 0, 
        0), .Dim = 4:3, .Dimnames = list(c("-2", "-1", "0", "1"
        ), c("A", "G", "T"))), N = 325), Majority = list(Freqs = structure(c(0, 
    0, 5, 0, 2, 6, 331, 0, 0, 0, 0, 0), .Dim = 4:3, .Dimnames = list(
        c("-2", "-1", "0", "1"), c("A", "G", "T"))), N = 344)), 
    `2` = structure(c(0, 0, 1, 0, 2, 6, 270, 0, 0, 0, 0, 0), .Dim = 4:3, .Dimnames = list(
        c("-2", "-1", "0", "1"), c("A", "G", "T"))))))
