Results <-
list(`bwaOutput/20210421msiMNRsJenny/1274_S117.sam` = list(LR48_SNP1 = list(
    All = list(Freqs = structure(c(102L, 1142L, 3466L, 58L, 1L, 
    26L, 0L, 1L, 1L, 0L, 0L, 0L, 1L, 6L, 86L, 0L, 0L, 0L), .Dim = c(6L, 
    3L), .Dimnames = structure(list(c("-2", "-1", "0", "1", "2", 
    NA), c("C", "T", NA)), .Names = c("", "")), class = "table"), 
        N = 4890L), Tag.Distribution = structure(c(`1` = 54L, 
    `2` = 2L, `3` = 1L, `5` = 3L, `6` = 1L, `7` = 2L, `8` = 1L, 
    `9` = 1L, `10` = 1L, `11` = 2L, `12` = 1L, `13` = 2L, `14` = 2L, 
    `15` = 4L, `16` = 1L, `17` = 3L, `18` = 3L, `19` = 4L, `21` = 1L, 
    `22` = 1L, `23` = 3L, `24` = 2L, `25` = 2L, `26` = 2L, `27` = 2L, 
    `28` = 4L, `29` = 1L, `30` = 1L, `31` = 1L, `32` = 2L, `33` = 2L, 
    `35` = 4L, `36` = 2L, `37` = 2L, `38` = 3L, `39` = 6L, `41` = 2L, 
    `42` = 1L, `43` = 4L, `44` = 1L, `45` = 3L, `46` = 1L, `47` = 3L, 
    `48` = 2L, `49` = 4L, `50` = 3L, `51` = 2L, `52` = 1L, `55` = 2L, 
    `56` = 1L, `57` = 2L, `58` = 1L, `59` = 2L, `60` = 2L, `62` = 3L, 
    `63` = 2L, `65` = 1L, `66` = 2L, `69` = 1L, `70` = 2L, `71` = 1L, 
    `73` = 1L, `86` = 1L, `107` = 1L, `118` = 1L), .Dim = 65L, .Dimnames = structure(list(
        c("1", "2", "3", "5", "6", "7", "8", "9", "10", "11", 
        "12", "13", "14", "15", "16", "17", "18", "19", "21", 
        "22", "23", "24", "25", "26", "27", "28", "29", "30", 
        "31", "32", "33", "35", "36", "37", "38", "39", "41", 
        "42", "43", "44", "45", "46", "47", "48", "49", "50", 
        "51", "52", "55", "56", "57", "58", "59", "60", "62", 
        "63", "65", "66", "69", "70", "71", "73", "86", "107", 
        "118")), .Names = ""), class = "table"), No.Tag = structure(c(4L, 
    74L, 46L, 1L, 0L, 1L, 0L, 1L, 0L, 0L, 0L, 0L, 0L, 1L, 5L, 
    0L, 0L, 0L), .Dim = c(6L, 3L), .Dimnames = structure(list(
        c("-2", "-1", "0", "1", "2", NA), c("C", "T", NA)), .Names = c("", 
    "")), class = "table"), All.Tags = list(Concordant = list(
        Freqs = structure(c(3, 24, 65, 1, 0, 0, 0, 0, 0, 0), .Dim = c(5L, 
        2L), .Dimnames = list(c("-2", "-1", "0", "1", "2"), c("C", 
        "T"))), N = 93), Majority = list(Freqs = structure(c(3, 
    35, 132, 1, 0, 0, 0, 0, 0, 0), .Dim = c(5L, 2L), .Dimnames = list(
        c("-2", "-1", "0", "1", "2"), c("C", "T"))), N = 171)), 
    `2` = structure(c(2, 24, 102, 0, 0, 0, 0, 0, 0, 0), .Dim = c(5L, 
    2L), .Dimnames = list(c("-2", "-1", "0", "1", "2"), c("C", 
    "T"))))))
