Results <-
list(`bwaOutput/20210421msiMNRsJenny/1274_S117.sam` = list(LR20_SNP1 = list(
    All = list(Freqs = structure(c(34L, 2694L, 3L, 3L, 5L, 2743L, 
    3L, 2L, 1L, 28L, 0L, 0L), .Dim = 4:3, .Dimnames = structure(list(
        c("-1", "0", "1", NA), c("A", "G", NA)), .Names = c("", 
    "")), class = "table"), N = 5516L), Tag.Distribution = structure(c(`1` = 72L, 
    `2` = 12L, `3` = 8L, `4` = 13L, `5` = 3L, `6` = 4L, `7` = 5L, 
    `8` = 16L, `9` = 7L, `10` = 7L, `11` = 3L, `12` = 7L, `13` = 12L, 
    `14` = 7L, `15` = 10L, `16` = 6L, `17` = 4L, `18` = 2L, `19` = 11L, 
    `20` = 7L, `21` = 11L, `22` = 6L, `23` = 4L, `24` = 4L, `25` = 5L, 
    `28` = 1L, `29` = 7L, `30` = 5L, `31` = 2L, `32` = 3L, `33` = 1L, 
    `34` = 2L, `35` = 2L, `36` = 3L, `38` = 2L, `39` = 1L, `40` = 1L, 
    `41` = 5L, `42` = 3L, `43` = 5L, `44` = 4L, `45` = 3L, `47` = 2L, 
    `48` = 3L, `49` = 3L, `50` = 1L, `51` = 1L, `52` = 2L, `53` = 1L, 
    `54` = 1L, `58` = 2L, `60` = 1L, `61` = 1L, `62` = 1L, `63` = 1L, 
    `64` = 1L, `67` = 1L, `110` = 1L), .Dim = 58L, .Dimnames = structure(list(
        c("1", "2", "3", "4", "5", "6", "7", "8", "9", "10", 
        "11", "12", "13", "14", "15", "16", "17", "18", "19", 
        "20", "21", "22", "23", "24", "25", "28", "29", "30", 
        "31", "32", "33", "34", "35", "36", "38", "39", "40", 
        "41", "42", "43", "44", "45", "47", "48", "49", "50", 
        "51", "52", "53", "54", "58", "60", "61", "62", "63", 
        "64", "67", "110")), .Names = ""), class = "table"), 
    No.Tag = structure(c(0L, 49L, 0L, 0L, 0L, 83L, 0L, 0L, 0L, 
    1L, 0L, 0L), .Dim = 4:3, .Dimnames = structure(list(c("-1", 
    "0", "1", NA), c("A", "G", NA)), .Names = c("", "")), class = "table"), 
    All.Tags = list(Concordant = list(Freqs = structure(c(4, 
    140, 0, 0, 145, 0), .Dim = 3:2, .Dimnames = list(c("-1", 
    "0", "1"), c("A", "G"))), N = 289), Majority = list(Freqs = structure(c(4, 
    153, 0, 0, 159, 0), .Dim = 3:2, .Dimnames = list(c("-1", 
    "0", "1"), c("A", "G"))), N = 316)), `2` = structure(c(3, 
    119, 0, 0, 125, 0), .Dim = 3:2, .Dimnames = list(c("-1", 
    "0", "1"), c("A", "G"))))))
