Results <-
list(`bwaOutput/20210421msiMNRsJenny/1274_S117.sam` = list(GM09_SNP1 = list(
    All = list(Freqs = structure(c(263L, 12227L, 23L, 6L, 1L, 
    13L, 0L, 0L, 0L, 4L, 0L, 0L, 1L, 57L, 0L, 0L), .Dim = c(4L, 
    4L), .Dimnames = structure(list(c("-1", "0", "1", NA), c("A", 
    "G", "T", NA)), .Names = c("", "")), class = "table"), N = 12595L), 
    Tag.Distribution = structure(c(`1` = 153L, `2` = 9L, `3` = 13L, 
    `4` = 13L, `5` = 8L, `6` = 9L, `7` = 14L, `8` = 16L, `9` = 14L, 
    `10` = 14L, `11` = 13L, `12` = 15L, `13` = 21L, `14` = 17L, 
    `15` = 19L, `16` = 20L, `17` = 12L, `18` = 10L, `19` = 12L, 
    `20` = 14L, `21` = 11L, `22` = 15L, `23` = 8L, `24` = 11L, 
    `25` = 6L, `26` = 8L, `27` = 8L, `28` = 5L, `29` = 6L, `30` = 6L, 
    `31` = 8L, `32` = 4L, `33` = 1L, `34` = 4L, `35` = 8L, `36` = 6L, 
    `37` = 8L, `38` = 5L, `39` = 11L, `40` = 7L, `41` = 8L, `42` = 5L, 
    `43` = 4L, `44` = 1L, `45` = 7L, `46` = 6L, `47` = 5L, `48` = 2L, 
    `49` = 3L, `50` = 2L, `51` = 5L, `52` = 3L, `53` = 3L, `54` = 4L, 
    `55` = 2L, `56` = 2L, `57` = 1L, `58` = 2L, `59` = 1L, `61` = 1L, 
    `62` = 2L, `63` = 1L, `64` = 1L, `67` = 2L, `69` = 2L, `71` = 1L, 
    `72` = 1L, `75` = 2L, `77` = 1L, `84` = 1L, `85` = 1L, `86` = 1L, 
    `88` = 1L, `92` = 1L, `95` = 1L, `146` = 1L), .Dim = 76L, .Dimnames = structure(list(
        c("1", "2", "3", "4", "5", "6", "7", "8", "9", "10", 
        "11", "12", "13", "14", "15", "16", "17", "18", "19", 
        "20", "21", "22", "23", "24", "25", "26", "27", "28", 
        "29", "30", "31", "32", "33", "34", "35", "36", "37", 
        "38", "39", "40", "41", "42", "43", "44", "45", "46", 
        "47", "48", "49", "50", "51", "52", "53", "54", "55", 
        "56", "57", "58", "59", "61", "62", "63", "64", "67", 
        "69", "71", "72", "75", "77", "84", "85", "86", "88", 
        "92", "95", "146")), .Names = ""), class = "table"), 
    No.Tag = structure(c(2L, 297L, 0L, 1L, 0L, 2L, 0L, 0L, 0L, 
    0L, 0L, 0L, 0L, 8L, 0L, 0L), .Dim = c(4L, 4L), .Dimnames = structure(list(
        c("-1", "0", "1", NA), c("A", "G", "T", NA)), .Names = c("", 
    "")), class = "table"), All.Tags = list(Concordant = list(
        Freqs = structure(c(9, 533, 1, 0, 6, 0, 0, 0, 0), .Dim = c(3L, 
        3L), .Dimnames = list(c("-1", "0", "1"), c("A", "G", 
        "T"))), N = 549), Majority = list(Freqs = structure(c(10, 
    614, 1, 0, 6, 0, 0, 0, 0), .Dim = c(3L, 3L), .Dimnames = list(
        c("-1", "0", "1"), c("A", "G", "T"))), N = 631)), `2` = structure(c(8, 
    486, 1, 0, 0, 0, 0, 0, 0), .Dim = c(3L, 3L), .Dimnames = list(
        c("-1", "0", "1"), c("A", "G", "T"))))))
