Results <-
list(`bwaOutput/20210421msiMNRsJenny/1274_S117.sam` = list(GM29_SNP1 = list(
    All = list(Freqs = structure(c(0L, 17L, 1697L, 4L, 3L, 0L, 
    0L, 1L, 0L, 0L, 36L, 878L, 1510L, 7L, 8L, 0L, 0L, 1L, 0L, 
    0L, 0L, 4L, 22L, 0L, 0L), .Dim = c(5L, 5L), .Dimnames = structure(list(
        c("-2", "-1", "0", "1", NA), c("A", "C", "G", "T", NA
        )), .Names = c("", "")), class = "table"), N = 4188L), 
    Tag.Distribution = structure(c(`1` = 42L, `2` = 7L, `3` = 7L, 
    `4` = 4L, `5` = 6L, `6` = 6L, `7` = 5L, `8` = 7L, `9` = 4L, 
    `10` = 3L, `11` = 7L, `12` = 1L, `13` = 7L, `14` = 7L, `15` = 10L, 
    `16` = 9L, `17` = 7L, `18` = 3L, `19` = 7L, `20` = 4L, `21` = 4L, 
    `22` = 6L, `23` = 5L, `24` = 3L, `25` = 5L, `26` = 5L, `27` = 4L, 
    `28` = 2L, `29` = 4L, `30` = 2L, `31` = 2L, `32` = 1L, `33` = 2L, 
    `34` = 1L, `35` = 3L, `36` = 4L, `38` = 2L, `39` = 1L, `40` = 3L, 
    `41` = 1L, `42` = 2L, `44` = 4L, `45` = 3L, `46` = 1L, `47` = 2L, 
    `48` = 1L, `52` = 1L, `53` = 2L, `55` = 1L, `61` = 1L, `63` = 1L, 
    `67` = 1L, `70` = 1L, `77` = 1L), .Dim = 54L, .Dimnames = structure(list(
        c("1", "2", "3", "4", "5", "6", "7", "8", "9", "10", 
        "11", "12", "13", "14", "15", "16", "17", "18", "19", 
        "20", "21", "22", "23", "24", "25", "26", "27", "28", 
        "29", "30", "31", "32", "33", "34", "35", "36", "38", 
        "39", "40", "41", "42", "44", "45", "46", "47", "48", 
        "52", "53", "55", "61", "63", "67", "70", "77")), .Names = ""), class = "table"), 
    No.Tag = structure(c(0L, 0L, 20L, 0L, 0L, 0L, 0L, 0L, 0L, 
    0L, 2L, 31L, 8L, 0L, 1L, 0L, 0L, 0L, 0L, 0L, 0L, 0L, 1L, 
    0L, 0L), .Dim = c(5L, 5L), .Dimnames = structure(list(c("-2", 
    "-1", "0", "1", NA), c("A", "C", "G", "T", NA)), .Names = c("", 
    "")), class = "table"), All.Tags = list(Concordant = list(
        Freqs = structure(c(0, 0, 78, 0, 0, 0, 0, 0, 1, 35, 56, 
        1, 0, 0, 0, 0), .Dim = c(4L, 4L), .Dimnames = list(c("-2", 
        "-1", "0", "1"), c("A", "C", "G", "T"))), N = 171), Majority = list(
        Freqs = structure(c(0, 0, 100, 0, 0, 0, 0, 0, 1, 41, 
        89, 1, 0, 0, 0, 0), .Dim = c(4L, 4L), .Dimnames = list(
            c("-2", "-1", "0", "1"), c("A", "C", "G", "T"))), 
        N = 232)), `2` = structure(c(0, 0, 83, 0, 0, 0, 0, 0, 
    1, 35, 74, 0, 0, 0, 0, 0), .Dim = c(4L, 4L), .Dimnames = list(
        c("-2", "-1", "0", "1"), c("A", "C", "G", "T"))))))
