Results <-
list(`bwaOutput/20210421msiMNRsJenny/1274_S117.sam` = list(GM22_SNP1 = list(
    All = list(Freqs = structure(c(0L, 0L, 28L, 0L, 0L, 0L, 0L, 
    1L, 0L, 0L, 2L, 112L, 6804L, 29L, 17L, 0L, 2L, 138L, 2L, 
    0L), .Dim = 5:4, .Dimnames = structure(list(c("-2", "-1", 
    "0", "1", NA), c("A", "C", "G", NA)), .Names = c("", "")), class = "table"), 
        N = 7135L), Tag.Distribution = structure(c(`1` = 95L, 
    `2` = 5L, `3` = 3L, `4` = 5L, `5` = 1L, `6` = 4L, `7` = 1L, 
    `8` = 4L, `9` = 1L, `10` = 1L, `11` = 3L, `12` = 8L, `13` = 9L, 
    `14` = 3L, `15` = 4L, `16` = 5L, `17` = 4L, `18` = 9L, `19` = 1L, 
    `20` = 8L, `21` = 4L, `22` = 3L, `23` = 5L, `24` = 6L, `25` = 4L, 
    `26` = 4L, `27` = 7L, `28` = 6L, `29` = 7L, `30` = 3L, `31` = 3L, 
    `32` = 4L, `33` = 5L, `35` = 4L, `36` = 2L, `37` = 4L, `38` = 4L, 
    `39` = 2L, `40` = 6L, `41` = 3L, `42` = 5L, `44` = 8L, `45` = 4L, 
    `46` = 2L, `47` = 2L, `48` = 3L, `50` = 4L, `52` = 5L, `53` = 2L, 
    `54` = 2L, `55` = 2L, `56` = 4L, `57` = 3L, `58` = 2L, `59` = 2L, 
    `60` = 3L, `61` = 1L, `62` = 1L, `65` = 1L, `66` = 1L, `67` = 1L, 
    `71` = 1L, `76` = 1L, `77` = 1L, `78` = 1L), .Dim = 65L, .Dimnames = structure(list(
        c("1", "2", "3", "4", "5", "6", "7", "8", "9", "10", 
        "11", "12", "13", "14", "15", "16", "17", "18", "19", 
        "20", "21", "22", "23", "24", "25", "26", "27", "28", 
        "29", "30", "31", "32", "33", "35", "36", "37", "38", 
        "39", "40", "41", "42", "44", "45", "46", "47", "48", 
        "50", "52", "53", "54", "55", "56", "57", "58", "59", 
        "60", "61", "62", "65", "66", "67", "71", "76", "77", 
        "78")), .Names = ""), class = "table"), No.Tag = structure(c(0L, 
    0L, 0L, 0L, 0L, 0L, 0L, 0L, 0L, 0L, 0L, 1L, 171L, 0L, 2L, 
    0L, 0L, 13L, 0L, 0L), .Dim = 5:4, .Dimnames = structure(list(
        c("-2", "-1", "0", "1", NA), c("A", "C", "G", NA)), .Names = c("", 
    "")), class = "table"), All.Tags = list(Concordant = list(
        Freqs = structure(c(0, 0, 11, 0, 0, 0, 0, 0, 0, 1, 192, 
        0), .Dim = 4:3, .Dimnames = list(c("-2", "-1", "0", "1"
        ), c("A", "C", "G"))), N = 204), Majority = list(Freqs = structure(c(0, 
    0, 11, 0, 0, 0, 0, 0, 0, 1, 292, 0), .Dim = 4:3, .Dimnames = list(
        c("-2", "-1", "0", "1"), c("A", "C", "G"))), N = 304)), 
    `2` = structure(c(0, 0, 1, 0, 0, 0, 0, 0, 0, 1, 225, 0), .Dim = 4:3, .Dimnames = list(
        c("-2", "-1", "0", "1"), c("A", "C", "G"))))))
