Results <-
list(`bwaOutput/20210421msiMNRsJenny/1274_S117.sam` = list(LR52_SNP1 = list(
    All = list(Freqs = structure(c(3L, 164L, 251L, 54L, 346L, 
    3L, 9L, 0L, 139L, 4L, 74L, 717L, 8L, 9L, 0L, 1L, 3L, 9L, 
    134L, 1L, 0L), .Dim = c(7L, 3L), .Dimnames = structure(list(
        c("-4", "-3", "-2", "-1", "0", "1", NA), c("C", "T", 
        NA)), .Names = c("", "")), class = "table"), N = 1929L), 
    Tag.Distribution = structure(c(`1` = 22L, `2` = 1L, `3` = 1L, 
    `5` = 1L, `7` = 2L, `8` = 3L, `10` = 1L, `11` = 2L, `12` = 6L, 
    `14` = 3L, `15` = 3L, `16` = 1L, `17` = 3L, `18` = 3L, `19` = 1L, 
    `20` = 2L, `21` = 1L, `22` = 2L, `23` = 2L, `26` = 2L, `30` = 2L, 
    `32` = 3L, `33` = 3L, `37` = 1L, `38` = 2L, `39` = 1L, `40` = 2L, 
    `41` = 1L, `44` = 1L, `46` = 2L, `49` = 1L, `50` = 1L, `54` = 2L, 
    `55` = 1L, `63` = 2L, `66` = 1L, `75` = 1L, `78` = 1L), .Dim = 38L, .Dimnames = structure(list(
        c("1", "2", "3", "5", "7", "8", "10", "11", "12", "14", 
        "15", "16", "17", "18", "19", "20", "21", "22", "23", 
        "26", "30", "32", "33", "37", "38", "39", "40", "41", 
        "44", "46", "49", "50", "54", "55", "63", "66", "75", 
        "78")), .Names = ""), class = "table"), No.Tag = structure(c(0L, 
    1L, 1L, 0L, 0L, 0L, 0L, 0L, 44L, 0L, 0L, 8L, 0L, 0L, 0L, 
    0L, 0L, 0L, 0L, 0L, 0L), .Dim = c(7L, 3L), .Dimnames = structure(list(
        c("-4", "-3", "-2", "-1", "0", "1", NA), c("C", "T", 
        NA)), .Names = c("", "")), class = "table"), All.Tags = list(
        Concordant = list(Freqs = structure(c(0, 2, 5, 2, 7, 
        0, 0, 3, 0, 3, 14, 0), .Dim = c(6L, 2L), .Dimnames = list(
            c("-4", "-3", "-2", "-1", "0", "1"), c("C", "T"))), 
            N = 36), Majority = list(Freqs = structure(c(0, 4, 
        10, 4, 21, 0, 0, 3, 0, 3, 37, 0), .Dim = c(6L, 2L), .Dimnames = list(
            c("-4", "-3", "-2", "-1", "0", "1"), c("C", "T"))), 
            N = 82)), `2` = structure(c(0, 4, 9, 2, 18, 0, 0, 
    3, 0, 0, 32, 0), .Dim = c(6L, 2L), .Dimnames = list(c("-4", 
    "-3", "-2", "-1", "0", "1"), c("C", "T"))))))
