Results <-
list(`bwaOutput/20210421msiMNRsJenny/1278_S135.sam` = list(GM29_SNP1 = list(
    All = list(Freqs = structure(c(1L, 133L, 7120L, 24L, 13L, 
    0L, 0L, 1L, 0L, 0L, 0L, 1L, 4L, 0L, 0L, 0L, 0L, 2L, 0L, 0L, 
    0L, 1L, 65L, 1L, 0L), .Dim = c(5L, 5L), .Dimnames = structure(list(
        c("-2", "-1", "0", "1", NA), c("A", "C", "G", "T", NA
        )), .Names = c("", "")), class = "table"), N = 7366L), 
    Tag.Distribution = structure(c(`1` = 239L, `2` = 192L, `3` = 161L, 
    `4` = 123L, `5` = 108L, `6` = 79L, `7` = 68L, `8` = 61L, 
    `9` = 45L, `10` = 32L, `11` = 31L, `12` = 27L, `13` = 23L, 
    `14` = 23L, `15` = 11L, `16` = 9L, `17` = 5L, `18` = 7L, 
    `19` = 5L, `20` = 4L, `21` = 1L, `22` = 4L, `23` = 2L, `24` = 6L, 
    `26` = 2L, `27` = 1L, `29` = 1L, `31` = 1L, `32` = 1L, `33` = 4L, 
    `34` = 1L, `35` = 2L, `36` = 1L, `37` = 1L, `38` = 2L, `42` = 1L
    ), .Dim = 36L, .Dimnames = structure(list(c("1", "2", "3", 
    "4", "5", "6", "7", "8", "9", "10", "11", "12", "13", "14", 
    "15", "16", "17", "18", "19", "20", "21", "22", "23", "24", 
    "26", "27", "29", "31", "32", "33", "34", "35", "36", "37", 
    "38", "42")), .Names = ""), class = "table"), No.Tag = structure(c(0L, 
    2L, 180L, 0L, 2L, 0L, 0L, 0L, 0L, 0L, 0L, 0L, 0L, 0L, 0L, 
    0L, 0L, 0L, 0L, 0L, 0L, 0L, 3L, 0L, 0L), .Dim = c(5L, 5L), .Dimnames = structure(list(
        c("-2", "-1", "0", "1", NA), c("A", "C", "G", "T", NA
        )), .Names = c("", "")), class = "table"), All.Tags = list(
        Concordant = list(Freqs = structure(c(0, 8, 1149, 0, 
        0, 0, 0, 0, 0, 0, 1, 0, 0, 0, 0, 0), .Dim = c(4L, 4L), .Dimnames = list(
            c("-2", "-1", "0", "1"), c("A", "C", "G", "T"))), 
            N = 1158), Majority = list(Freqs = structure(c(0, 
        9, 1260, 0, 0, 0, 0, 0, 0, 0, 1, 0, 0, 0, 0, 0), .Dim = c(4L, 
        4L), .Dimnames = list(c("-2", "-1", "0", "1"), c("A", 
        "C", "G", "T"))), N = 1270)), `2` = structure(c(0, 6, 
    1031, 0, 0, 0, 0, 0, 0, 0, 1, 0, 0, 0, 0, 0), .Dim = c(4L, 
    4L), .Dimnames = list(c("-2", "-1", "0", "1"), c("A", "C", 
    "G", "T"))))))
