Results <-
list(`bwaOutput/20210421msiMNRsJenny/1278_S135.sam` = list(LR49_SNP1 = list(
    All = list(Freqs = structure(c(1L, 279L, 3882L, 2L, 1L, 0L, 
    43L, 3529L, 1L, 2L, 0L, 1L, 49L, 0L, 0L), .Dim = c(5L, 3L
    ), .Dimnames = structure(list(c("-2", "-1", "0", "1", NA), 
        c("A", "G", NA)), .Names = c("", "")), class = "table"), 
        N = 7790L), Tag.Distribution = structure(c(`1` = 388L, 
    `2` = 300L, `3` = 241L, `4` = 193L, `5` = 148L, `6` = 115L, 
    `7` = 78L, `8` = 77L, `9` = 58L, `10` = 51L, `11` = 31L, 
    `12` = 19L, `13` = 13L, `14` = 12L, `15` = 10L, `16` = 8L, 
    `17` = 2L, `18` = 3L, `19` = 5L, `20` = 4L, `21` = 1L, `24` = 1L, 
    `29` = 1L), .Dim = 23L, .Dimnames = structure(list(c("1", 
    "2", "3", "4", "5", "6", "7", "8", "9", "10", "11", "12", 
    "13", "14", "15", "16", "17", "18", "19", "20", "21", "24", 
    "29")), .Names = ""), class = "table"), No.Tag = structure(c(0L, 
    4L, 90L, 0L, 0L, 0L, 0L, 61L, 0L, 1L, 0L, 0L, 6L, 0L, 0L), .Dim = c(5L, 
    3L), .Dimnames = structure(list(c("-2", "-1", "0", "1", NA
    ), c("A", "G", NA)), .Names = c("", "")), class = "table"), 
    All.Tags = list(Concordant = list(Freqs = structure(c(0, 
    37, 674, 0, 0, 6, 613, 0), .Dim = c(4L, 2L), .Dimnames = list(
        c("-2", "-1", "0", "1"), c("A", "G"))), N = 1330), Majority = list(
        Freqs = structure(c(0, 57, 842, 0, 0, 8, 778, 0), .Dim = c(4L, 
        2L), .Dimnames = list(c("-2", "-1", "0", "1"), c("A", 
        "G"))), N = 1685)), `2` = structure(c(0, 45, 652, 0, 
    0, 6, 597, 0), .Dim = c(4L, 2L), .Dimnames = list(c("-2", 
    "-1", "0", "1"), c("A", "G"))))))
