Results <-
list(`bwaOutput/20210421msiMNRsJenny/1278_S135.sam` = list(LR20_SNP1 = list(
    All = list(Freqs = structure(c(0L, 0L, 10L, 0L, 0L, 2L, 1317L, 
    5014L, 3L, 9L, 1L, 5L, 36L, 1L, 0L), .Dim = c(5L, 3L), .Dimnames = structure(list(
        c("-2", "-1", "0", "1", NA), c("A", "G", NA)), .Names = c("", 
    "")), class = "table"), N = 6398L), Tag.Distribution = structure(c(`1` = 297L, 
    `2` = 250L, `3` = 191L, `4` = 162L, `5` = 147L, `6` = 105L, 
    `7` = 85L, `8` = 50L, `9` = 42L, `10` = 24L, `11` = 27L, 
    `12` = 10L, `13` = 18L, `14` = 12L, `15` = 6L, `16` = 3L, 
    `17` = 5L, `19` = 2L, `20` = 2L, `21` = 2L, `22` = 2L, `23` = 1L, 
    `25` = 1L), .Dim = 23L, .Dimnames = structure(list(c("1", 
    "2", "3", "4", "5", "6", "7", "8", "9", "10", "11", "12", 
    "13", "14", "15", "16", "17", "19", "20", "21", "22", "23", 
    "25")), .Names = ""), class = "table"), No.Tag = structure(c(0L, 
    0L, 0L, 0L, 0L, 0L, 16L, 126L, 0L, 1L, 0L, 1L, 4L, 0L, 0L
    ), .Dim = c(5L, 3L), .Dimnames = structure(list(c("-2", "-1", 
    "0", "1", NA), c("A", "G", NA)), .Names = c("", "")), class = "table"), 
    All.Tags = list(Concordant = list(Freqs = structure(c(0, 
    0, 5, 0, 0, 219, 1029, 0), .Dim = c(4L, 2L), .Dimnames = list(
        c("-2", "-1", "0", "1"), c("A", "G"))), N = 1253), Majority = list(
        Freqs = structure(c(0, 0, 5, 0, 0, 280, 1127, 0), .Dim = c(4L, 
        2L), .Dimnames = list(c("-2", "-1", "0", "1"), c("A", 
        "G"))), N = 1412)), `2` = structure(c(0, 0, 0, 0, 0, 
    220, 903, 0), .Dim = c(4L, 2L), .Dimnames = list(c("-2", 
    "-1", "0", "1"), c("A", "G"))))))
