Results <-
list(`bwaOutput/20210421msiMNRsJenny/1278_S135.sam` = list(IM16_SNP1 = list(
    All = list(Freqs = structure(c(16L, 1841L, 3250L, 42L, 0L, 
    17L, 0L, 11L, 8L, 0L, 0L, 0L, 0L, 14L, 35L, 0L, 1L, 0L), .Dim = c(6L, 
    3L), .Dimnames = structure(list(c("-2", "-1", "0", "1", "2", 
    NA), c("A", "G", NA)), .Names = c("", "")), class = "table"), 
        N = 5235L), Tag.Distribution = structure(c(`1` = 242L, 
    `2` = 172L, `3` = 178L, `4` = 153L, `5` = 114L, `6` = 109L, 
    `7` = 69L, `8` = 59L, `9` = 31L, `10` = 16L, `11` = 15L, 
    `12` = 8L, `13` = 12L, `14` = 5L, `15` = 2L, `16` = 5L, `17` = 2L, 
    `19` = 1L, `20` = 3L, `21` = 1L, `29` = 1L), .Dim = 21L, .Dimnames = structure(list(
        c("1", "2", "3", "4", "5", "6", "7", "8", "9", "10", 
        "11", "12", "13", "14", "15", "16", "17", "19", "20", 
        "21", "29")), .Names = ""), class = "table"), No.Tag = structure(c(0L, 
    52L, 60L, 2L, 0L, 3L, 0L, 0L, 1L, 0L, 0L, 0L, 0L, 2L, 4L, 
    0L, 1L, 0L), .Dim = c(6L, 3L), .Dimnames = structure(list(
        c("-2", "-1", "0", "1", "2", NA), c("A", "G", NA)), .Names = c("", 
    "")), class = "table"), All.Tags = list(Concordant = list(
        Freqs = structure(c(2, 346, 672, 2, 0, 0, 1, 1, 0, 0), .Dim = c(5L, 
        2L), .Dimnames = list(c("-2", "-1", "0", "1", "2"), c("A", 
        "G"))), N = 1024), Majority = list(Freqs = structure(c(2, 
    405, 755, 3, 0, 0, 1, 2, 0, 0), .Dim = c(5L, 2L), .Dimnames = list(
        c("-2", "-1", "0", "1", "2"), c("A", "G"))), N = 1168)), 
    `2` = structure(c(2, 325, 604, 1, 0, 0, 0, 1, 0, 0), .Dim = c(5L, 
    2L), .Dimnames = list(c("-2", "-1", "0", "1", "2"), c("A", 
    "G"))))))
