Results <-
list(`bwaOutput/20210421msiMNRsJenny/1278_S135.sam` = list(LR17_SNP1 = list(
    All = list(Freqs = structure(c(2L, 49L, 1957L, 6334L, 118L, 
    64L, 0L, 0L, 2L, 2L, 0L, 0L, 0L, 0L, 39L, 240L, 4L, 0L), .Dim = c(6L, 
    3L), .Dimnames = structure(list(c("-3", "-2", "-1", "0", 
    "1", NA), c("A", "G", NA)), .Names = c("", "")), class = "table"), 
        N = 8811L), Tag.Distribution = structure(c(`1` = 236L, 
    `2` = 204L, `3` = 181L, `4` = 204L, `5` = 174L, `6` = 142L, 
    `7` = 119L, `8` = 93L, `9` = 62L, `10` = 63L, `11` = 41L, 
    `12` = 27L, `13` = 21L, `14` = 19L, `15` = 12L, `16` = 11L, 
    `17` = 2L, `18` = 3L, `19` = 1L, `20` = 2L, `21` = 1L, `22` = 6L, 
    `23` = 2L, `25` = 1L, `29` = 2L), .Dim = 25L, .Dimnames = structure(list(
        c("1", "2", "3", "4", "5", "6", "7", "8", "9", "10", 
        "11", "12", "13", "14", "15", "16", "17", "18", "19", 
        "20", "21", "22", "23", "25", "29")), .Names = ""), class = "table"), 
    No.Tag = structure(c(1L, 1L, 38L, 173L, 1L, 4L, 0L, 0L, 0L, 
    0L, 0L, 0L, 0L, 0L, 0L, 4L, 0L, 0L), .Dim = c(6L, 3L), .Dimnames = structure(list(
        c("-3", "-2", "-1", "0", "1", NA), c("A", "G", NA)), .Names = c("", 
    "")), class = "table"), All.Tags = list(Concordant = list(
        Freqs = structure(c(0, 3, 215, 953, 7, 0, 0, 0, 0, 0), .Dim = c(5L, 
        2L), .Dimnames = list(c("-3", "-2", "-1", "0", "1"), 
            c("A", "G"))), N = 1178), Majority = list(Freqs = structure(c(0, 
    3, 317, 1222, 10, 0, 0, 0, 0, 0), .Dim = c(5L, 2L), .Dimnames = list(
        c("-3", "-2", "-1", "0", "1"), c("A", "G"))), N = 1552)), 
    `2` = structure(c(0, 1, 275, 1051, 6, 0, 0, 0, 0, 0), .Dim = c(5L, 
    2L), .Dimnames = list(c("-3", "-2", "-1", "0", "1"), c("A", 
    "G"))))))
