Results <-
list(`bwaOutput/20210421msiMNRsJenny/1278_S135.sam` = list(GM01_SNP1 = list(
    All = list(Freqs = structure(c(0L, 0L, 13L, 0L, 0L, 0L, 1L, 
    185L, 11041L, 66L, 1L, 11L, 0L, 4L, 99L, 2L, 0L, 0L), .Dim = c(6L, 
    3L), .Dimnames = structure(list(c("-2", "-1", "0", "1", "2", 
    NA), c("A", "G", NA)), .Names = c("", "")), class = "table"), 
        N = 11423L), Tag.Distribution = structure(c(`1` = 291L, 
    `2` = 265L, `3` = 226L, `4` = 239L, `5` = 175L, `6` = 152L, 
    `7` = 145L, `8` = 106L, `9` = 73L, `10` = 82L, `11` = 51L, 
    `12` = 45L, `13` = 24L, `14` = 26L, `15` = 17L, `16` = 16L, 
    `17` = 11L, `18` = 19L, `19` = 9L, `20` = 10L, `21` = 1L, 
    `22` = 6L, `23` = 4L, `26` = 2L, `27` = 1L, `28` = 3L, `31` = 1L, 
    `32` = 1L, `36` = 1L), .Dim = 29L, .Dimnames = structure(list(
        c("1", "2", "3", "4", "5", "6", "7", "8", "9", "10", 
        "11", "12", "13", "14", "15", "16", "17", "18", "19", 
        "20", "21", "22", "23", "26", "27", "28", "31", "32", 
        "36")), .Names = ""), class = "table"), No.Tag = structure(c(0L, 
    0L, 0L, 0L, 0L, 0L, 0L, 3L, 137L, 2L, 0L, 1L, 0L, 0L, 3L, 
    0L, 0L, 0L), .Dim = c(6L, 3L), .Dimnames = structure(list(
        c("-2", "-1", "0", "1", "2", NA), c("A", "G", NA)), .Names = c("", 
    "")), class = "table"), All.Tags = list(Concordant = list(
        Freqs = structure(c(0, 0, 5, 0, 0, 0, 10, 1774, 5, 0), .Dim = c(5L, 
        2L), .Dimnames = list(c("-2", "-1", "0", "1", "2"), c("A", 
        "G"))), N = 1794), Majority = list(Freqs = structure(c(0, 
    0, 5, 0, 0, 0, 10, 1965, 5, 0), .Dim = c(5L, 2L), .Dimnames = list(
        c("-2", "-1", "0", "1", "2"), c("A", "G"))), N = 1985)), 
    `2` = structure(c(0, 0, 0, 0, 0, 0, 3, 1693, 1, 0), .Dim = c(5L, 
    2L), .Dimnames = list(c("-2", "-1", "0", "1", "2"), c("A", 
    "G"))))))
