Results <-
list(`bwaOutput/20210421msiMNRsJenny/1278_S135.sam` = list(LR24_SNP1 = list(
    All = list(Freqs = structure(c(107L, 6642L, 10837L, 26L, 
    69L, 0L, 4L, 8L, 0L, 0L, 0L, 1L, 0L, 0L, 0L, 2L, 15L, 49L, 
    0L, 0L), .Dim = 5:4, .Dimnames = structure(list(c("-2", "-1", 
    "0", "1", NA), c("A", "G", "T", NA)), .Names = c("", "")), class = "table"), 
        N = 17760L), Tag.Distribution = structure(c(`1` = 533L, 
    `2` = 440L, `3` = 397L, `4` = 380L, `5` = 301L, `6` = 250L, 
    `7` = 198L, `8` = 178L, `9` = 130L, `10` = 102L, `11` = 87L, 
    `12` = 62L, `13` = 55L, `14` = 37L, `15` = 34L, `16` = 15L, 
    `17` = 14L, `18` = 13L, `19` = 17L, `20` = 9L, `21` = 7L, 
    `22` = 4L, `23` = 7L, `26` = 2L, `31` = 1L, `34` = 1L), .Dim = 26L, .Dimnames = structure(list(
        c("1", "2", "3", "4", "5", "6", "7", "8", "9", "10", 
        "11", "12", "13", "14", "15", "16", "17", "18", "19", 
        "20", "21", "22", "23", "26", "31", "34")), .Names = ""), class = "table"), 
    No.Tag = structure(c(4L, 150L, 285L, 1L, 9L, 0L, 0L, 0L, 
    0L, 0L, 0L, 1L, 0L, 0L, 0L, 0L, 2L, 7L, 0L, 0L), .Dim = 5:4, .Dimnames = structure(list(
        c("-2", "-1", "0", "1", NA), c("A", "G", "T", NA)), .Names = c("", 
    "")), class = "table"), All.Tags = list(Concordant = list(
        Freqs = structure(c(7, 553, 1185, 0, 0, 0, 2, 0, 0, 0, 
        0, 0), .Dim = 4:3, .Dimnames = list(c("-2", "-1", "0", 
        "1"), c("A", "G", "T"))), N = 1747), Majority = list(
        Freqs = structure(c(16, 1059, 1948, 0, 0, 1, 2, 0, 0, 
        0, 0, 0), .Dim = 4:3, .Dimnames = list(c("-2", "-1", 
        "0", "1"), c("A", "G", "T"))), N = 3026)), `2` = structure(c(12, 
    873, 1616, 0, 0, 1, 0, 0, 0, 0, 0, 0), .Dim = 4:3, .Dimnames = list(
        c("-2", "-1", "0", "1"), c("A", "G", "T"))))))
