Results <-
list(`bwaOutput/20210421msiMNRsJenny/1278_S135.sam` = list(LR36_SNP1 = list(
    All = list(Freqs = structure(c(0L, 0L, 0L, 1L, 2L, 0L, 0L, 
    0L, 3L, 14L, 377L, 2102L, 3925L, 44L, 1L, 86L, 0L, 0L, 0L, 
    1L, 0L, 0L, 0L, 0L, 1L, 3L, 13L, 392L, 5661L, 125L, 1L, 52L, 
    0L, 0L, 1L, 14L, 344L, 9L, 0L, 0L), .Dim = c(8L, 5L), .Dimnames = structure(list(
        c("-4", "-3", "-2", "-1", "0", "1", "2", NA), c("-", 
        "A", "G", "T", NA)), .Names = c("", "")), class = "table"), 
        N = 13172L), Tag.Distribution = structure(c(`1` = 374L, 
    `2` = 333L, `3` = 287L, `4` = 240L, `5` = 232L, `6` = 159L, 
    `7` = 171L, `8` = 124L, `9` = 112L, `10` = 73L, `11` = 53L, 
    `12` = 55L, `13` = 37L, `14` = 30L, `15` = 18L, `16` = 23L, 
    `17` = 10L, `18` = 9L, `19` = 7L, `20` = 8L, `21` = 4L, `22` = 5L, 
    `23` = 3L, `24` = 4L, `25` = 1L, `26` = 1L, `27` = 1L, `29` = 1L, 
    `30` = 1L), .Dim = 29L, .Dimnames = structure(list(c("1", 
    "2", "3", "4", "5", "6", "7", "8", "9", "10", "11", "12", 
    "13", "14", "15", "16", "17", "18", "19", "20", "21", "22", 
    "23", "24", "25", "26", "27", "29", "30")), .Names = ""), class = "table"), 
    No.Tag = structure(c(0L, 0L, 0L, 0L, 1L, 0L, 0L, 0L, 0L, 
    0L, 11L, 30L, 111L, 4L, 0L, 8L, 0L, 0L, 0L, 0L, 0L, 0L, 0L, 
    0L, 0L, 0L, 0L, 3L, 150L, 11L, 0L, 4L, 0L, 0L, 0L, 2L, 31L, 
    1L, 0L, 0L), .Dim = c(8L, 5L), .Dimnames = structure(list(
        c("-4", "-3", "-2", "-1", "0", "1", "2", NA), c("-", 
        "A", "G", "T", NA)), .Names = c("", "")), class = "table"), 
    All.Tags = list(Concordant = list(Freqs = structure(c(0, 
    0, 0, 0, 0, 0, 0, 0, 0, 27, 222, 462, 4, 0, 0, 0, 0, 0, 0, 
    0, 0, 0, 0, 1, 29, 707, 8, 0), .Dim = c(7L, 4L), .Dimnames = list(
        c("-4", "-3", "-2", "-1", "0", "1", "2"), c("-", "A", 
        "G", "T"))), N = 1460), Majority = list(Freqs = structure(c(0, 
    0, 0, 0, 0, 0, 0, 0, 0, 47, 363, 696, 4, 0, 0, 0, 0, 0, 0, 
    0, 0, 0, 0, 1, 43, 1062, 12, 0), .Dim = c(7L, 4L), .Dimnames = list(
        c("-4", "-3", "-2", "-1", "0", "1", "2"), c("-", "A", 
        "G", "T"))), N = 2228)), `2` = structure(c(0, 0, 0, 0, 
    0, 0, 0, 0, 0, 40, 293, 591, 1, 0, 0, 0, 0, 0, 0, 0, 0, 0, 
    0, 0, 31, 914, 7, 0), .Dim = c(7L, 4L), .Dimnames = list(
        c("-4", "-3", "-2", "-1", "0", "1", "2"), c("-", "A", 
        "G", "T"))))))
