Results <-
list(`bwaOutput/20210421msiMNRsJenny/1278_S135.sam` = list(GM17_SNP1 = list(
    All = list(Freqs = structure(c(0L, 0L, 1L, 0L, 0L, 1L, 131L, 
    4553L, 15L, 4L, 2L, 110L, 4403L, 9L, 7L, 0L, 0L, 57L, 1L, 
    0L), .Dim = 5:4, .Dimnames = structure(list(c("-2", "-1", 
    "0", "1", NA), c("A", "C", "T", NA)), .Names = c("", "")), class = "table"), 
        N = 9294L), Tag.Distribution = structure(c(`1` = 281L, 
    `2` = 256L, `3` = 224L, `4` = 229L, `5` = 165L, `6` = 146L, 
    `7` = 138L, `8` = 112L, `9` = 77L, `10` = 40L, `11` = 43L, 
    `12` = 24L, `13` = 15L, `14` = 19L, `15` = 11L, `16` = 7L, 
    `17` = 7L, `18` = 4L, `19` = 9L, `20` = 1L, `21` = 1L, `22` = 3L, 
    `23` = 1L, `25` = 1L, `29` = 1L, `32` = 1L, `33` = 1L), .Dim = 27L, .Dimnames = structure(list(
        c("1", "2", "3", "4", "5", "6", "7", "8", "9", "10", 
        "11", "12", "13", "14", "15", "16", "17", "18", "19", 
        "20", "21", "22", "23", "25", "29", "32", "33")), .Names = ""), class = "table"), 
    No.Tag = structure(c(0L, 0L, 0L, 0L, 0L, 0L, 2L, 67L, 0L, 
    1L, 0L, 4L, 65L, 0L, 2L, 0L, 0L, 6L, 0L, 0L), .Dim = 5:4, .Dimnames = structure(list(
        c("-2", "-1", "0", "1", NA), c("A", "C", "T", NA)), .Names = c("", 
    "")), class = "table"), All.Tags = list(Concordant = list(
        Freqs = structure(c(0, 0, 0, 0, 0, 14, 694, 1, 0, 9, 
        662, 0), .Dim = 4:3, .Dimnames = list(c("-2", "-1", "0", 
        "1"), c("A", "C", "T"))), N = 1380), Majority = list(
        Freqs = structure(c(0, 0, 0, 0, 0, 19, 889, 2, 0, 14, 
        843, 0), .Dim = 4:3, .Dimnames = list(c("-2", "-1", "0", 
        "1"), c("A", "C", "T"))), N = 1767)), `2` = structure(c(0, 
    0, 0, 0, 0, 14, 756, 1, 0, 8, 709, 0), .Dim = 4:3, .Dimnames = list(
        c("-2", "-1", "0", "1"), c("A", "C", "T"))))))
