Results <-
list(`bwaOutput/20210421msiMNRsJenny/1278_S135.sam` = list(GM07_SNP1 = list(
    All = list(Freqs = structure(c(0L, 0L, 0L, 6L, 0L, 0L, 3L, 
    1L, 122L, 1647L, 5025L, 466L, 20L, 172L, 0L, 2L, 14L, 76L, 
    5L, 0L, 0L), .Dim = c(7L, 3L), .Dimnames = structure(list(
        c("-3", "-2", "-1", "0", "1", "2", NA), c("A", "G", NA
        )), .Names = c("", "")), class = "table"), N = 7559L), 
    Tag.Distribution = structure(c(`1` = 297L, `2` = 261L, `3` = 230L, 
    `4` = 190L, `5` = 153L, `6` = 126L, `7` = 80L, `8` = 72L, 
    `9` = 52L, `10` = 31L, `11` = 34L, `12` = 28L, `13` = 19L, 
    `14` = 14L, `15` = 13L, `16` = 3L, `17` = 2L, `18` = 4L, 
    `19` = 4L, `20` = 1L, `22` = 1L, `28` = 2L), .Dim = 22L, .Dimnames = structure(list(
        c("1", "2", "3", "4", "5", "6", "7", "8", "9", "10", 
        "11", "12", "13", "14", "15", "16", "17", "18", "19", 
        "20", "22", "28")), .Names = ""), class = "table"), No.Tag = structure(c(0L, 
    0L, 0L, 0L, 0L, 0L, 3L, 0L, 0L, 33L, 108L, 18L, 0L, 12L, 
    0L, 0L, 0L, 5L, 0L, 0L, 0L), .Dim = c(7L, 3L), .Dimnames = structure(list(
        c("-3", "-2", "-1", "0", "1", "2", NA), c("A", "G", NA
        )), .Names = c("", "")), class = "table"), All.Tags = list(
        Concordant = list(Freqs = structure(c(0, 0, 0, 4, 0, 
        0, 0, 15, 230, 813, 50, 2), .Dim = c(6L, 2L), .Dimnames = list(
            c("-3", "-2", "-1", "0", "1", "2"), c("A", "G"))), 
            N = 1114), Majority = list(Freqs = structure(c(0, 
        0, 0, 4, 0, 0, 0, 18, 307, 1119, 75, 2), .Dim = c(6L, 
        2L), .Dimnames = list(c("-3", "-2", "-1", "0", "1", "2"
        ), c("A", "G"))), N = 1525)), `2` = structure(c(0, 0, 
    0, 0, 0, 0, 0, 18, 253, 917, 59, 0), .Dim = c(6L, 2L), .Dimnames = list(
        c("-3", "-2", "-1", "0", "1", "2"), c("A", "G"))))))
