Results <-
list(`bwaOutput/20210421msiMNRsJenny/1278_S135.sam` = list(LR44_SNP1 = list(
    All = list(Freqs = structure(c(0L, 0L, 1L, 9L, 0L, 0L, 1L, 
    0L, 0L, 2L, 7L, 0L, 0L, 0L, 12L, 241L, 797L, 3003L, 57L, 
    2L, 20L, 0L, 2L, 1L, 20L, 0L, 0L, 0L, 0L, 3L, 18L, 132L, 
    1L, 0L, 0L, 0L, 2L, 15L, 90L, 2L, 0L, 0L), .Dim = 7:6, .Dimnames = structure(list(
        c("-3", "-2", "-1", "0", "1", "2", NA), c("-", "A", "C", 
        "G", "T", NA)), .Names = c("", "")), class = "table"), 
        N = 4438L), Tag.Distribution = structure(c(`1` = 190L, 
    `2` = 172L, `3` = 168L, `4` = 137L, `5` = 111L, `6` = 77L, 
    `7` = 60L, `8` = 36L, `9` = 24L, `10` = 25L, `11` = 11L, 
    `12` = 17L, `13` = 4L, `14` = 3L, `15` = 4L, `16` = 1L, `17` = 2L, 
    `19` = 3L), .Dim = 18L, .Dimnames = structure(list(c("1", 
    "2", "3", "4", "5", "6", "7", "8", "9", "10", "11", "12", 
    "13", "14", "15", "16", "17", "19")), .Names = ""), class = "table"), 
    No.Tag = structure(c(0L, 0L, 0L, 0L, 0L, 0L, 0L, 0L, 0L, 
    0L, 0L, 0L, 0L, 0L, 0L, 3L, 6L, 51L, 2L, 0L, 1L, 0L, 0L, 
    0L, 0L, 0L, 0L, 0L, 0L, 0L, 0L, 3L, 0L, 0L, 0L, 0L, 0L, 0L, 
    9L, 0L, 0L, 0L), .Dim = 7:6, .Dimnames = structure(list(c("-3", 
    "-2", "-1", "0", "1", "2", NA), c("-", "A", "C", "G", "T", 
    NA)), .Names = c("", "")), class = "table"), All.Tags = list(
        Concordant = list(Freqs = structure(c(0, 0, 0, 0, 0, 
        0, 0, 0, 1, 3, 0, 0, 1, 40, 113, 565, 4, 0, 0, 0, 0, 
        4, 0, 0, 0, 1, 3, 18, 0, 0), .Dim = 6:5, .Dimnames = list(
            c("-3", "-2", "-1", "0", "1", "2"), c("-", "A", "C", 
            "G", "T"))), N = 753), Majority = list(Freqs = structure(c(0, 
        0, 0, 2, 0, 0, 0, 0, 1, 3, 0, 0, 2, 51, 150, 746, 6, 
        0, 0, 0, 0, 5, 0, 0, 0, 1, 3, 26, 0, 0), .Dim = 6:5, .Dimnames = list(
            c("-3", "-2", "-1", "0", "1", "2"), c("-", "A", "C", 
            "G", "T"))), N = 996)), `2` = structure(c(0, 0, 0, 
    2, 0, 0, 0, 0, 1, 2, 0, 0, 1, 40, 120, 620, 3, 0, 0, 0, 0, 
    4, 0, 0, 0, 1, 1, 18, 0, 0), .Dim = 6:5, .Dimnames = list(
        c("-3", "-2", "-1", "0", "1", "2"), c("-", "A", "C", 
        "G", "T"))))))
