Results <-
list(`bwaOutput/20210421msiMNRsJenny/1278_S135.sam` = list(IM49_SNP1 = list(
    All = list(Freqs = structure(c(1L, 62L, 1746L, 2741L, 68L, 
    2L, 85L, 0L, 345L, 1427L, 2540L, 65L, 1L, 57L, 0L, 2L, 37L, 
    200L, 5L, 0L, 0L), .Dim = c(7L, 3L), .Dimnames = structure(list(
        c("-3", "-2", "-1", "0", "1", "2", NA), c("C", "G", NA
        )), .Names = c("", "")), class = "table"), N = 9384L), 
    Tag.Distribution = structure(c(`1` = 600L, `2` = 443L, `3` = 326L, 
    `4` = 268L, `5` = 200L, `6` = 157L, `7` = 125L, `8` = 78L, 
    `9` = 56L, `10` = 41L, `11` = 34L, `12` = 19L, `13` = 13L, 
    `14` = 12L, `15` = 7L, `16` = 5L, `17` = 2L, `18` = 1L, `19` = 2L, 
    `23` = 1L, `29` = 1L), .Dim = 21L, .Dimnames = structure(list(
        c("1", "2", "3", "4", "5", "6", "7", "8", "9", "10", 
        "11", "12", "13", "14", "15", "16", "17", "18", "19", 
        "23", "29")), .Names = ""), class = "table"), No.Tag = structure(c(0L, 
    5L, 54L, 53L, 2L, 0L, 1L, 0L, 12L, 39L, 51L, 1L, 0L, 2L, 
    0L, 0L, 2L, 5L, 0L, 0L, 0L), .Dim = c(7L, 3L), .Dimnames = structure(list(
        c("-3", "-2", "-1", "0", "1", "2", NA), c("C", "G", NA
        )), .Names = c("", "")), class = "table"), All.Tags = list(
        Concordant = list(Freqs = structure(c(0, 6, 254, 432, 
        6, 0, 0, 43, 233, 394, 3, 0), .Dim = c(6L, 2L), .Dimnames = list(
            c("-3", "-2", "-1", "0", "1", "2"), c("C", "G"))), 
            N = 1371), Majority = list(Freqs = structure(c(0, 
        10, 392, 669, 7, 0, 0, 65, 353, 628, 3, 0), .Dim = c(6L, 
        2L), .Dimnames = list(c("-3", "-2", "-1", "0", "1", "2"
        ), c("C", "G"))), N = 2127)), `2` = structure(c(0, 8, 
    298, 483, 1, 0, 0, 49, 248, 470, 0, 0), .Dim = c(6L, 2L), .Dimnames = list(
        c("-3", "-2", "-1", "0", "1", "2"), c("C", "G"))))))
