Results <-
list(`bwaOutput/20210421msiMNRsJenny/1278_S135.sam` = list(LR40_SNP1 = list(
    All = list(Freqs = structure(c(1L, 0L, 37L, 2425L, 10L, 0L, 
    0L, 7L, 805L, 1688L, 9L, 7L, 0L, 0L, 2L, 22L, 0L, 0L), .Dim = c(6L, 
    3L), .Dimnames = structure(list(c("-3", "-2", "-1", "0", 
    "1", NA), c("A", "C", NA)), .Names = c("", "")), class = "table"), 
        N = 5013L), Tag.Distribution = structure(c(`1` = 237L, 
    `2` = 189L, `3` = 187L, `4` = 114L, `5` = 105L, `6` = 82L, 
    `7` = 54L, `8` = 40L, `9` = 33L, `10` = 22L, `11` = 24L, 
    `12` = 15L, `13` = 13L, `14` = 9L, `15` = 5L, `16` = 3L, 
    `17` = 3L, `20` = 2L, `21` = 1L, `22` = 1L, `24` = 2L, `25` = 1L
    ), .Dim = 22L, .Dimnames = structure(list(c("1", "2", "3", 
    "4", "5", "6", "7", "8", "9", "10", "11", "12", "13", "14", 
    "15", "16", "17", "20", "21", "22", "24", "25")), .Names = ""), class = "table"), 
    No.Tag = structure(c(0L, 0L, 0L, 56L, 0L, 0L, 0L, 0L, 9L, 
    15L, 0L, 0L, 0L, 0L, 0L, 0L, 0L, 0L), .Dim = c(6L, 3L), .Dimnames = structure(list(
        c("-3", "-2", "-1", "0", "1", NA), c("A", "C", NA)), .Names = c("", 
    "")), class = "table"), All.Tags = list(Concordant = list(
        Freqs = structure(c(0, 0, 2, 423, 1, 0, 2, 137, 329, 
        0), .Dim = c(5L, 2L), .Dimnames = list(c("-3", "-2", 
        "-1", "0", "1"), c("A", "C"))), N = 894), Majority = list(
        Freqs = structure(c(0, 0, 3, 524, 1, 0, 2, 174, 392, 
        1), .Dim = c(5L, 2L), .Dimnames = list(c("-3", "-2", 
        "-1", "0", "1"), c("A", "C"))), N = 1097)), `2` = structure(c(0, 
    0, 2, 415, 0, 0, 1, 145, 298, 1), .Dim = c(5L, 2L), .Dimnames = list(
        c("-3", "-2", "-1", "0", "1"), c("A", "C"))))))
