Results <-
list(`bwaOutput/20210421msiMNRsJenny/1278_S135.sam` = list(GM09_SNP1 = list(
    All = list(Freqs = structure(c(86L, 10645L, 30L, 2L, 0L, 
    1L, 0L, 0L, 84L, 9044L, 13L, 4L, 0L, 3L, 0L, 0L, 1L, 92L, 
    0L, 0L), .Dim = 4:5, .Dimnames = structure(list(c("-1", "0", 
    "1", NA), c("A", "C", "G", "T", NA)), .Names = c("", "")), class = "table"), 
        N = 20005L), Tag.Distribution = structure(c(`1` = 340L, 
    `2` = 83L, `3` = 37L, `4` = 27L, `5` = 16L, `6` = 16L, `7` = 11L, 
    `8` = 3L, `9` = 3L, `10` = 4L, `11` = 1L, `12` = 1L, `15` = 2L, 
    `120` = 1L), .Dim = 14L, .Dimnames = structure(list(c("1", 
    "2", "3", "4", "5", "6", "7", "8", "9", "10", "11", "12", 
    "15", "120")), .Names = ""), class = "table"), No.Tag = structure(c(3L, 
    10102L, 3L, 0L, 0L, 1L, 0L, 0L, 0L, 8589L, 0L, 0L, 0L, 3L, 
    0L, 0L, 0L, 62L, 0L, 0L), .Dim = 4:5, .Dimnames = structure(list(
        c("-1", "0", "1", NA), c("A", "C", "G", "T", NA)), .Names = c("", 
    "")), class = "table"), All.Tags = list(Concordant = list(
        Freqs = structure(c(45, 201, 18, 0, 0, 0, 40, 166, 8, 
        0, 0, 0), .Dim = 3:4, .Dimnames = list(c("-1", "0", "1"
        ), c("A", "C", "G", "T"))), N = 478), Majority = list(
        Freqs = structure(c(47, 212, 18, 0, 0, 0, 43, 179, 8, 
        0, 0, 0), .Dim = 3:4, .Dimnames = list(c("-1", "0", "1"
        ), c("A", "C", "G", "T"))), N = 507)), `2` = structure(c(10, 
    87, 2, 0, 0, 0, 11, 74, 0, 0, 0, 0), .Dim = 3:4, .Dimnames = list(
        c("-1", "0", "1"), c("A", "C", "G", "T"))))))
