Results <-
list(`bwaOutput/20210421msiMNRsJenny/1278_S135.sam` = list(GM14_SNP1 = list(
    All = list(Freqs = structure(c(0L, 0L, 2L, 6L, 0L, 0L, 1L, 
    3L, 148L, 1953L, 7462L, 41L, 1L, 23L, 0L, 0L, 5L, 84L, 1L, 
    0L, 0L), .Dim = c(7L, 3L), .Dimnames = structure(list(c("-3", 
    "-2", "-1", "0", "1", "2", NA), c("C", "T", NA)), .Names = c("", 
    "")), class = "table"), N = 9730L), Tag.Distribution = structure(c(`1` = 312L, 
    `2` = 242L, `3` = 244L, `4` = 251L, `5` = 182L, `6` = 165L, 
    `7` = 125L, `8` = 103L, `9` = 89L, `10` = 60L, `11` = 40L, 
    `12` = 25L, `13` = 26L, `14` = 17L, `15` = 16L, `16` = 8L, 
    `17` = 1L, `18` = 7L, `19` = 4L, `20` = 2L, `21` = 3L, `24` = 1L
    ), .Dim = 22L, .Dimnames = structure(list(c("1", "2", "3", 
    "4", "5", "6", "7", "8", "9", "10", "11", "12", "13", "14", 
    "15", "16", "17", "18", "19", "20", "21", "24")), .Names = ""), class = "table"), 
    No.Tag = structure(c(0L, 0L, 0L, 0L, 0L, 0L, 0L, 0L, 10L, 
    51L, 106L, 1L, 0L, 0L, 0L, 0L, 0L, 0L, 0L, 0L, 0L), .Dim = c(7L, 
    3L), .Dimnames = structure(list(c("-3", "-2", "-1", "0", 
    "1", "2", NA), c("C", "T", NA)), .Names = c("", "")), class = "table"), 
    All.Tags = list(Concordant = list(Freqs = structure(c(0, 
    0, 1, 1, 0, 0, 1, 13, 244, 1255, 0, 0), .Dim = c(6L, 2L), .Dimnames = list(
        c("-3", "-2", "-1", "0", "1", "2"), c("C", "T"))), N = 1515), 
        Majority = list(Freqs = structure(c(0, 0, 1, 1, 0, 0, 
        1, 21, 338, 1503, 0, 0), .Dim = c(6L, 2L), .Dimnames = list(
            c("-3", "-2", "-1", "0", "1", "2"), c("C", "T"))), 
            N = 1865)), `2` = structure(c(0, 0, 0, 0, 0, 0, 0, 
    18, 271, 1275, 0, 0), .Dim = c(6L, 2L), .Dimnames = list(
        c("-3", "-2", "-1", "0", "1", "2"), c("C", "T"))))))
