Results <-
list(`bwaOutput/20210421msiMNRsJenny/1278_S135.sam` = list(DEPDC2_SNP1 = list(
    All = list(Freqs = structure(c(0L, 0L, 0L, 8L, 0L, 0L, 1L, 
    1L, 143L, 13623L, 64L, 39L, 0L, 0L, 0L, 64L, 0L, 0L), .Dim = c(6L, 
    3L), .Dimnames = structure(list(c("-3", "-2", "-1", "0", 
    "1", NA), c("C", "T", NA)), .Names = c("", "")), class = "table"), 
        N = 13943L), Tag.Distribution = structure(c(`1` = 392L, 
    `2` = 341L, `3` = 322L, `4` = 262L, `5` = 232L, `6` = 159L, 
    `7` = 164L, `8` = 113L, `9` = 106L, `10` = 92L, `11` = 69L, 
    `12` = 53L, `13` = 50L, `14` = 40L, `15` = 28L, `16` = 17L, 
    `17` = 16L, `18` = 8L, `19` = 7L, `20` = 4L, `21` = 10L, 
    `22` = 6L, `23` = 4L, `24` = 3L, `25` = 4L, `26` = 1L, `29` = 1L
    ), .Dim = 27L, .Dimnames = structure(list(c("1", "2", "3", 
    "4", "5", "6", "7", "8", "9", "10", "11", "12", "13", "14", 
    "15", "16", "17", "18", "19", "20", "21", "22", "23", "24", 
    "25", "26", "29")), .Names = ""), class = "table"), No.Tag = structure(c(0L, 
    0L, 0L, 1L, 0L, 0L, 0L, 0L, 1L, 215L, 0L, 4L, 0L, 0L, 0L, 
    7L, 0L, 0L), .Dim = c(6L, 3L), .Dimnames = structure(list(
        c("-3", "-2", "-1", "0", "1", NA), c("C", "T", NA)), .Names = c("", 
    "")), class = "table"), All.Tags = list(Concordant = list(
        Freqs = structure(c(0, 0, 0, 2, 0, 0, 0, 4, 2342, 3), .Dim = c(5L, 
        2L), .Dimnames = list(c("-3", "-2", "-1", "0", "1"), 
            c("C", "T"))), N = 2351), Majority = list(Freqs = structure(c(0, 
    0, 0, 2, 0, 0, 0, 9, 2478, 3), .Dim = c(5L, 2L), .Dimnames = list(
        c("-3", "-2", "-1", "0", "1"), c("C", "T"))), N = 2492)), 
    `2` = structure(c(0, 0, 0, 0, 0, 0, 0, 7, 2094, 2), .Dim = c(5L, 
    2L), .Dimnames = list(c("-3", "-2", "-1", "0", "1"), c("C", 
    "T"))))))
