Results <-
list(`bwaOutput/20210421msiMNRsJenny/1278_S135.sam` = list(LR46_SNP1 = list(
    All = list(Freqs = structure(c(0L, 0L, 1L, 0L, 0L, 1L, 335L, 
    5277L, 11L, 18L, 0L, 0L, 3L, 0L, 0L, 0L, 2L, 30L, 1L, 0L), .Dim = 5:4, .Dimnames = structure(list(
        c("-2", "-1", "0", "1", NA), c("A", "G", "T", NA)), .Names = c("", 
    "")), class = "table"), N = 5679L), Tag.Distribution = structure(c(`1` = 287L, 
    `2` = 178L, `3` = 188L, `4` = 148L, `5` = 115L, `6` = 81L, 
    `7` = 78L, `8` = 50L, `9` = 40L, `10` = 32L, `11` = 25L, 
    `12` = 19L, `13` = 10L, `14` = 9L, `15` = 4L, `16` = 4L, 
    `17` = 4L, `18` = 2L, `21` = 2L, `22` = 1L), .Dim = 20L, .Dimnames = structure(list(
        c("1", "2", "3", "4", "5", "6", "7", "8", "9", "10", 
        "11", "12", "13", "14", "15", "16", "17", "18", "21", 
        "22")), .Names = ""), class = "table"), No.Tag = structure(c(0L, 
    0L, 0L, 0L, 0L, 0L, 5L, 129L, 1L, 3L, 0L, 0L, 0L, 0L, 0L, 
    0L, 0L, 4L, 0L, 0L), .Dim = 5:4, .Dimnames = structure(list(
        c("-2", "-1", "0", "1", NA), c("A", "G", "T", NA)), .Names = c("", 
    "")), class = "table"), All.Tags = list(Concordant = list(
        Freqs = structure(c(0, 0, 0, 0, 1, 57, 1156, 0, 0, 0, 
        1, 0), .Dim = 4:3, .Dimnames = list(c("-2", "-1", "0", 
        "1"), c("A", "G", "T"))), N = 1215), Majority = list(
        Freqs = structure(c(0, 0, 0, 0, 1, 63, 1199, 0, 0, 0, 
        1, 0), .Dim = 4:3, .Dimnames = list(c("-2", "-1", "0", 
        "1"), c("A", "G", "T"))), N = 1264)), `2` = structure(c(0, 
    0, 0, 0, 0, 49, 932, 0, 0, 0, 0, 0), .Dim = 4:3, .Dimnames = list(
        c("-2", "-1", "0", "1"), c("A", "G", "T"))))))
