Results <-
list(`bwaOutput/20210421msiMNRsJenny/1278_S135.sam` = list(LR11_SNP1 = list(
    All = list(Freqs = structure(c(0L, 0L, 1L, 3L, 0L, 0L, 0L, 
    1L, 18L, 1445L, 5474L, 30L, 3L, 26L, 0L, 1L, 23L, 143L, 5L, 
    0L, 0L), .Dim = c(7L, 3L), .Dimnames = structure(list(c("-3", 
    "-2", "-1", "0", "1", "2", NA), c("A", "C", NA)), .Names = c("", 
    "")), class = "table"), N = 7173L), Tag.Distribution = structure(c(`1` = 258L, 
    `2` = 222L, `3` = 209L, `4` = 189L, `5` = 158L, `6` = 139L, 
    `7` = 78L, `8` = 64L, `9` = 59L, `10` = 30L, `11` = 37L, 
    `12` = 25L, `13` = 18L, `14` = 9L, `15` = 6L, `16` = 3L, 
    `17` = 6L, `18` = 1L, `19` = 2L, `20` = 3L, `21` = 2L, `23` = 1L
    ), .Dim = 22L, .Dimnames = structure(list(c("1", "2", "3", 
    "4", "5", "6", "7", "8", "9", "10", "11", "12", "13", "14", 
    "15", "16", "17", "18", "19", "20", "21", "23")), .Names = ""), class = "table"), 
    No.Tag = structure(c(0L, 0L, 0L, 0L, 0L, 0L, 0L, 0L, 0L, 
    24L, 59L, 0L, 0L, 2L, 0L, 0L, 0L, 2L, 0L, 0L, 0L), .Dim = c(7L, 
    3L), .Dimnames = structure(list(c("-3", "-2", "-1", "0", 
    "1", "2", NA), c("A", "C", NA)), .Names = c("", "")), class = "table"), 
    All.Tags = list(Concordant = list(Freqs = structure(c(0, 
    0, 1, 2, 0, 0, 0, 1, 212, 1000, 0, 0), .Dim = c(6L, 2L), .Dimnames = list(
        c("-3", "-2", "-1", "0", "1", "2"), c("A", "C"))), N = 1216), 
        Majority = list(Freqs = structure(c(0, 0, 1, 2, 0, 0, 
        0, 1, 284, 1180, 0, 0), .Dim = c(6L, 2L), .Dimnames = list(
            c("-3", "-2", "-1", "0", "1", "2"), c("A", "C"))), 
            N = 1468)), `2` = structure(c(0, 0, 0, 0, 0, 0, 0, 
    0, 232, 997, 0, 0), .Dim = c(6L, 2L), .Dimnames = list(c("-3", 
    "-2", "-1", "0", "1", "2"), c("A", "C"))))))
