Results <-
list(`bwaOutput/20210421msiMNRsJenny/1278_S135.sam` = list(GM22_SNP1 = list(
    All = list(Freqs = structure(c(0L, 58L, 3609L, 17L, 4L, 1L, 
    198L, 2800L, 12L, 7L, 0L, 0L, 1L, 0L, 0L, 0L, 2L, 61L, 2L, 
    0L), .Dim = 5:4, .Dimnames = structure(list(c("-2", "-1", 
    "0", "1", NA), c("A", "G", "T", NA)), .Names = c("", "")), class = "table"), 
        N = 6772L), Tag.Distribution = structure(c(`1` = 245L, 
    `2` = 186L, `3` = 178L, `4` = 180L, `5` = 156L, `6` = 135L, 
    `7` = 97L, `8` = 80L, `9` = 51L, `10` = 28L, `11` = 17L, 
    `12` = 17L, `13` = 11L, `14` = 9L, `15` = 9L, `16` = 7L, 
    `17` = 6L, `18` = 2L, `19` = 2L, `21` = 1L), .Dim = 20L, .Dimnames = structure(list(
        c("1", "2", "3", "4", "5", "6", "7", "8", "9", "10", 
        "11", "12", "13", "14", "15", "16", "17", "18", "19", 
        "21")), .Names = ""), class = "table"), No.Tag = structure(c(0L, 
    3L, 76L, 0L, 0L, 0L, 4L, 58L, 0L, 0L, 0L, 0L, 0L, 0L, 0L, 
    0L, 1L, 7L, 0L, 0L), .Dim = 5:4, .Dimnames = structure(list(
        c("-2", "-1", "0", "1", NA), c("A", "G", "T", NA)), .Names = c("", 
    "")), class = "table"), All.Tags = list(Concordant = list(
        Freqs = structure(c(0, 3, 640, 0, 0, 26, 476, 0, 0, 0, 
        0, 0), .Dim = 4:3, .Dimnames = list(c("-2", "-1", "0", 
        "1"), c("A", "G", "T"))), N = 1145), Majority = list(
        Freqs = structure(c(0, 4, 762, 0, 0, 29, 581, 0, 0, 0, 
        0, 0), .Dim = 4:3, .Dimnames = list(c("-2", "-1", "0", 
        "1"), c("A", "G", "T"))), N = 1376)), `2` = structure(c(0, 
    2, 628, 0, 0, 26, 483, 0, 0, 0, 0, 0), .Dim = 4:3, .Dimnames = list(
        c("-2", "-1", "0", "1"), c("A", "G", "T"))))))
