Results <-
list(`bwaOutput/20210421msiMNRsJenny/1278_S135.sam` = list(LR10_SNP1 = list(
    All = list(Freqs = structure(c(0L, 0L, 14L, 0L, 0L, 1L, 186L, 
    7117L, 21L, 8L, 0L, 1L, 53L, 2L, 0L), .Dim = c(5L, 3L), .Dimnames = structure(list(
        c("-2", "-1", "0", "1", NA), c("C", "T", NA)), .Names = c("", 
    "")), class = "table"), N = 7403L), Tag.Distribution = structure(c(`1` = 267L, 
    `2` = 229L, `3` = 234L, `4` = 162L, `5` = 126L, `6` = 133L, 
    `7` = 106L, `8` = 71L, `9` = 61L, `10` = 27L, `11` = 36L, 
    `12` = 21L, `13` = 19L, `14` = 12L, `15` = 8L, `16` = 7L, 
    `17` = 5L, `18` = 4L, `19` = 1L, `20` = 1L, `21` = 3L, `22` = 1L, 
    `23` = 1L, `24` = 2L), .Dim = 24L, .Dimnames = structure(list(
        c("1", "2", "3", "4", "5", "6", "7", "8", "9", "10", 
        "11", "12", "13", "14", "15", "16", "17", "18", "19", 
        "20", "21", "22", "23", "24")), .Names = ""), class = "table"), 
    No.Tag = structure(c(0L, 0L, 2L, 0L, 0L, 0L, 0L, 119L, 0L, 
    1L, 0L, 0L, 2L, 0L, 0L), .Dim = c(5L, 3L), .Dimnames = structure(list(
        c("-2", "-1", "0", "1", NA), c("C", "T", NA)), .Names = c("", 
    "")), class = "table"), All.Tags = list(Concordant = list(
        Freqs = structure(c(0, 0, 2, 0, 0, 10, 1397, 1), .Dim = c(4L, 
        2L), .Dimnames = list(c("-2", "-1", "0", "1"), c("C", 
        "T"))), N = 1410), Majority = list(Freqs = structure(c(0, 
    0, 3, 0, 0, 16, 1507, 1), .Dim = c(4L, 2L), .Dimnames = list(
        c("-2", "-1", "0", "1"), c("C", "T"))), N = 1527)), `2` = structure(c(0, 
    0, 1, 0, 0, 14, 1251, 0), .Dim = c(4L, 2L), .Dimnames = list(
        c("-2", "-1", "0", "1"), c("C", "T"))))))
