Results <-
list(`bwaOutput/20210421msiMNRsJenny/1278_S135.sam` = list(LR52_SNP1 = list(
    All = list(Freqs = structure(c(0L, 0L, 0L, 1L, 0L, 0L, 0L, 
    3L, 73L, 488L, 2699L, 269L, 2L, 167L, 0L, 0L, 1L, 16L, 1L, 
    0L, 1L, 0L, 2L, 59L, 859L, 79L, 1L, 0L), .Dim = c(7L, 4L), .Dimnames = structure(list(
        c("-3", "-2", "-1", "0", "1", "2", NA), c("A", "C", "T", 
        NA)), .Names = c("", "")), class = "table"), N = 4721L), 
    Tag.Distribution = structure(c(`1` = 180L, `2` = 193L, `3` = 168L, 
    `4` = 140L, `5` = 127L, `6` = 100L, `7` = 60L, `8` = 43L, 
    `9` = 30L, `10` = 20L, `11` = 13L, `12` = 13L, `13` = 8L, 
    `14` = 4L, `15` = 3L, `19` = 1L, `21` = 1L), .Dim = 17L, .Dimnames = structure(list(
        c("1", "2", "3", "4", "5", "6", "7", "8", "9", "10", 
        "11", "12", "13", "14", "15", "19", "21")), .Names = ""), class = "table"), 
    No.Tag = structure(c(0L, 0L, 0L, 0L, 0L, 0L, 0L, 0L, 1L, 
    5L, 29L, 12L, 0L, 9L, 0L, 0L, 0L, 5L, 0L, 0L, 0L, 0L, 0L, 
    3L, 13L, 1L, 0L, 0L), .Dim = c(7L, 4L), .Dimnames = structure(list(
        c("-3", "-2", "-1", "0", "1", "2", NA), c("A", "C", "T", 
        NA)), .Names = c("", "")), class = "table"), All.Tags = list(
        Concordant = list(Freqs = structure(c(0, 0, 0, 0, 0, 
        0, 0, 12, 57, 577, 78, 0, 0, 0, 1, 6, 0, 0), .Dim = c(6L, 
        3L), .Dimnames = list(c("-3", "-2", "-1", "0", "1", "2"
        ), c("A", "C", "T"))), N = 731), Majority = list(Freqs = structure(c(0, 
        0, 0, 0, 0, 0, 0, 15, 79, 771, 92, 0, 0, 0, 1, 6, 0, 
        0), .Dim = c(6L, 3L), .Dimnames = list(c("-3", "-2", 
        "-1", "0", "1", "2"), c("A", "C", "T"))), N = 964)), 
    `2` = structure(c(0, 0, 0, 0, 0, 0, 0, 10, 64, 677, 77, 0, 
    0, 0, 0, 2, 0, 0), .Dim = c(6L, 3L), .Dimnames = list(c("-3", 
    "-2", "-1", "0", "1", "2"), c("A", "C", "T"))))))
