Results <-
list(`bwaOutput/20210421msiMNRsJenny/1278_S135.sam` = list(LR48_SNP1 = list(
    All = list(Freqs = structure(c(0L, 0L, 0L, 1L, 0L, 0L, 0L, 
    0L, 105L, 948L, 1506L, 33L, 0L, 25L, 1L, 10L, 355L, 1867L, 
    35L, 1L, 9L, 0L, 0L, 13L, 85L, 1L, 0L, 0L), .Dim = c(7L, 
    4L), .Dimnames = structure(list(c("-3", "-2", "-1", "0", 
    "1", "2", NA), c("A", "C", "T", NA)), .Names = c("", "")), class = "table"), 
        N = 4995L), Tag.Distribution = structure(c(`1` = 138L, 
    `2` = 124L, `3` = 148L, `4` = 141L, `5` = 92L, `6` = 85L, 
    `7` = 60L, `8` = 51L, `9` = 47L, `10` = 30L, `11` = 23L, 
    `12` = 15L, `13` = 11L, `14` = 10L, `15` = 3L, `16` = 7L, 
    `17` = 1L, `18` = 1L, `19` = 1L, `22` = 1L, `29` = 1L), .Dim = 21L, .Dimnames = structure(list(
        c("1", "2", "3", "4", "5", "6", "7", "8", "9", "10", 
        "11", "12", "13", "14", "15", "16", "17", "18", "19", 
        "22", "29")), .Names = ""), class = "table"), No.Tag = structure(c(0L, 
    0L, 0L, 0L, 0L, 0L, 0L, 0L, 2L, 8L, 29L, 1L, 0L, 1L, 0L, 
    0L, 5L, 48L, 0L, 0L, 0L, 0L, 0L, 1L, 7L, 0L, 0L, 0L), .Dim = c(7L, 
    4L), .Dimnames = structure(list(c("-3", "-2", "-1", "0", 
    "1", "2", NA), c("A", "C", "T", NA)), .Names = c("", "")), class = "table"), 
    All.Tags = list(Concordant = list(Freqs = structure(c(0, 
    0, 0, 0, 0, 0, 0, 14, 156, 246, 1, 0, 0, 0, 36, 265, 1, 0
    ), .Dim = c(6L, 3L), .Dimnames = list(c("-3", "-2", "-1", 
    "0", "1", "2"), c("A", "C", "T"))), N = 719), Majority = list(
        Freqs = structure(c(0, 0, 0, 0, 0, 0, 0, 16, 193, 322, 
        1, 0, 0, 0, 56, 368, 1, 0), .Dim = c(6L, 3L), .Dimnames = list(
            c("-3", "-2", "-1", "0", "1", "2"), c("A", "C", "T"
            ))), N = 957)), `2` = structure(c(0, 0, 0, 0, 0, 
    0, 0, 16, 160, 281, 1, 0, 0, 0, 51, 315, 0, 0), .Dim = c(6L, 
    3L), .Dimnames = list(c("-3", "-2", "-1", "0", "1", "2"), 
        c("A", "C", "T"))))))
