Results <-
list(`bwaOutput/20210421msiMNRsJenny/1285_S137.sam` = list(GM14_SNP1 = list(
    All = list(Freqs = structure(c(0L, 0L, 0L, 1L, 0L, 0L, 0L, 
    0L, 0L, 7L, 213L, 4199L, 51L, 2L, 1L, 10L, 1L, 35L, 1674L, 
    3101L, 15L, 0L, 0L, 18L, 0L, 0L, 9L, 91L, 1L, 0L, 0L, 0L), .Dim = c(8L, 
    4L), .Dimnames = structure(list(c("-3", "-2", "-1", "0", 
    "1", "2", "3", NA), c("A", "C", "T", NA)), .Names = c("", 
    "")), class = "table"), N = 9429L), Tag.Distribution = structure(c(`1` = 105L, 
    `2` = 44L, `3` = 66L, `4` = 52L, `5` = 57L, `6` = 61L, `7` = 44L, 
    `8` = 43L, `9` = 48L, `10` = 48L, `11` = 28L, `12` = 33L, 
    `13` = 39L, `14` = 32L, `15` = 32L, `16` = 39L, `17` = 24L, 
    `18` = 21L, `19` = 19L, `20` = 17L, `21` = 16L, `22` = 12L, 
    `23` = 8L, `24` = 6L, `25` = 7L, `26` = 6L, `27` = 3L, `28` = 5L, 
    `29` = 1L, `30` = 3L, `31` = 3L, `32` = 1L, `33` = 2L, `36` = 3L, 
    `37` = 1L, `40` = 1L, `41` = 1L, `42` = 1L, `45` = 2L, `62` = 1L
    ), .Dim = 40L, .Dimnames = structure(list(c("1", "2", "3", 
    "4", "5", "6", "7", "8", "9", "10", "11", "12", "13", "14", 
    "15", "16", "17", "18", "19", "20", "21", "22", "23", "24", 
    "25", "26", "27", "28", "29", "30", "31", "32", "33", "36", 
    "37", "40", "41", "42", "45", "62")), .Names = ""), class = "table"), 
    No.Tag = structure(c(0L, 0L, 0L, 0L, 0L, 0L, 0L, 0L, 0L, 
    0L, 2L, 93L, 0L, 1L, 0L, 1L, 0L, 0L, 30L, 22L, 1L, 0L, 0L, 
    0L, 0L, 0L, 1L, 4L, 0L, 0L, 0L, 0L), .Dim = c(8L, 4L), .Dimnames = structure(list(
        c("-3", "-2", "-1", "0", "1", "2", "3", NA), c("A", "C", 
        "T", NA)), .Names = c("", "")), class = "table"), All.Tags = list(
        Concordant = list(Freqs = structure(c(0, 0, 0, 0, 0, 
        0, 0, 0, 0, 5, 287, 1, 0, 0, 0, 1, 111, 213, 0, 0, 0), .Dim = c(7L, 
        3L), .Dimnames = list(c("-3", "-2", "-1", "0", "1", "2", 
        "3"), c("A", "C", "T"))), N = 618), Majority = list(Freqs = structure(c(0, 
        0, 0, 0, 0, 0, 0, 0, 0, 10, 430, 1, 0, 0, 0, 2, 151, 
        318, 0, 0, 0), .Dim = c(7L, 3L), .Dimnames = list(c("-3", 
        "-2", "-1", "0", "1", "2", "3"), c("A", "C", "T"))), 
            N = 912)), `2` = structure(c(0, 0, 0, 0, 0, 0, 0, 
    0, 0, 9, 378, 0, 0, 0, 0, 1, 138, 293, 0, 0, 0), .Dim = c(7L, 
    3L), .Dimnames = list(c("-3", "-2", "-1", "0", "1", "2", 
    "3"), c("A", "C", "T"))))))
