Results <-
list(`bwaOutput/20210421msiMNRsJenny/1285_S137.sam` = list(GM11_SNP1 = list(
    All = list(Freqs = structure(c(0L, 0L, 6L, 0L, 0L, 1L, 63L, 
    3067L, 18L, 4L, 0L, 0L, 13L, 0L, 0L), .Dim = c(5L, 3L), .Dimnames = structure(list(
        c("-2", "-1", "0", "1", NA), c("A", "G", NA)), .Names = c("", 
    "")), class = "table"), N = 3172L), Tag.Distribution = structure(c(`1` = 50L, 
    `2` = 14L, `3` = 23L, `4` = 23L, `5` = 20L, `6` = 19L, `7` = 23L, 
    `8` = 18L, `9` = 11L, `10` = 14L, `11` = 21L, `12` = 13L, 
    `13` = 10L, `14` = 13L, `15` = 10L, `16` = 4L, `17` = 11L, 
    `18` = 4L, `19` = 4L, `20` = 6L, `21` = 3L, `22` = 5L, `23` = 2L, 
    `24` = 2L, `25` = 1L, `26` = 3L, `27` = 3L, `28` = 2L, `29` = 1L, 
    `30` = 3L, `32` = 1L, `35` = 1L, `41` = 1L), .Dim = 33L, .Dimnames = structure(list(
        c("1", "2", "3", "4", "5", "6", "7", "8", "9", "10", 
        "11", "12", "13", "14", "15", "16", "17", "18", "19", 
        "20", "21", "22", "23", "24", "25", "26", "27", "28", 
        "29", "30", "32", "35", "41")), .Names = ""), class = "table"), 
    No.Tag = structure(c(0L, 0L, 1L, 0L, 0L, 0L, 0L, 70L, 0L, 
    0L, 0L, 0L, 2L, 0L, 0L), .Dim = c(5L, 3L), .Dimnames = structure(list(
        c("-2", "-1", "0", "1", NA), c("A", "G", NA)), .Names = c("", 
    "")), class = "table"), All.Tags = list(Concordant = list(
        Freqs = structure(c(0, 0, 4, 0, 0, 3, 289, 0), .Dim = c(4L, 
        2L), .Dimnames = list(c("-2", "-1", "0", "1"), c("A", 
        "G"))), N = 296), Majority = list(Freqs = structure(c(0, 
    0, 4, 0, 0, 4, 329, 0), .Dim = c(4L, 2L), .Dimnames = list(
        c("-2", "-1", "0", "1"), c("A", "G"))), N = 337)), `2` = structure(c(0, 
    0, 0, 0, 0, 3, 285, 0), .Dim = c(4L, 2L), .Dimnames = list(
        c("-2", "-1", "0", "1"), c("A", "G"))))))
