Results <-
list(`bwaOutput/20210421msiMNRsJenny/1285_S137.sam` = list(GM07_SNP1 = list(
    All = list(Freqs = structure(c(0L, 0L, 0L, 0L, 1L, 0L, 0L, 
    0L, 0L, 13L, 425L, 3505L, 567L, 53L, 2L, 118L, 4L, 1414L, 
    163L, 2357L, 86L, 2L, 0L, 66L, 0L, 0L, 0L, 1L, 0L, 0L, 0L, 
    0L, 0L, 5L, 2L, 68L, 4L, 0L, 0L, 0L), .Dim = c(8L, 5L), .Dimnames = structure(list(
        c("-3", "-2", "-1", "0", "1", "2", "3", NA), c("-", "A", 
        "G", "T", NA)), .Names = c("", "")), class = "table"), 
        N = 8856L), Tag.Distribution = structure(c(`1` = 135L, 
    `2` = 44L, `3` = 46L, `4` = 52L, `5` = 36L, `6` = 43L, `7` = 40L, 
    `8` = 42L, `9` = 36L, `10` = 31L, `11` = 26L, `12` = 33L, 
    `13` = 32L, `14` = 29L, `15` = 22L, `16` = 31L, `17` = 24L, 
    `18` = 21L, `19` = 18L, `20` = 19L, `21` = 11L, `22` = 15L, 
    `23` = 11L, `24` = 11L, `25` = 8L, `26` = 8L, `27` = 7L, 
    `28` = 4L, `29` = 2L, `30` = 4L, `31` = 1L, `32` = 3L, `34` = 3L, 
    `36` = 1L, `39` = 1L, `41` = 1L, `43` = 1L, `60` = 1L, `63` = 1L
    ), .Dim = 39L, .Dimnames = structure(list(c("1", "2", "3", 
    "4", "5", "6", "7", "8", "9", "10", "11", "12", "13", "14", 
    "15", "16", "17", "18", "19", "20", "21", "22", "23", "24", 
    "25", "26", "27", "28", "29", "30", "31", "32", "34", "36", 
    "39", "41", "43", "60", "63")), .Names = ""), class = "table"), 
    No.Tag = structure(c(0L, 0L, 0L, 0L, 0L, 0L, 0L, 0L, 0L, 
    0L, 9L, 122L, 18L, 1L, 0L, 16L, 0L, 21L, 3L, 75L, 2L, 0L, 
    0L, 10L, 0L, 0L, 0L, 0L, 0L, 0L, 0L, 0L, 0L, 0L, 0L, 8L, 
    0L, 0L, 0L, 0L), .Dim = c(8L, 5L), .Dimnames = structure(list(
        c("-3", "-2", "-1", "0", "1", "2", "3", NA), c("-", "A", 
        "G", "T", NA)), .Names = c("", "")), class = "table"), 
    All.Tags = list(Concordant = list(Freqs = structure(c(0, 
    0, 0, 0, 0, 0, 0, 0, 0, 11, 159, 20, 1, 0, 0, 109, 3, 135, 
    0, 0, 0, 0, 0, 0, 0, 0, 0, 0), .Dim = c(7L, 4L), .Dimnames = list(
        c("-3", "-2", "-1", "0", "1", "2", "3"), c("-", "A", 
        "G", "T"))), N = 438), Majority = list(Freqs = structure(c(0, 
    0, 0, 0, 0, 0, 0, 0, 0, 22, 352, 48, 2, 0, 0, 139, 4, 259, 
    1, 0, 0, 0, 0, 0, 0, 0, 0, 0), .Dim = c(7L, 4L), .Dimnames = list(
        c("-3", "-2", "-1", "0", "1", "2", "3"), c("-", "A", 
        "G", "T"))), N = 827)), `2` = structure(c(0, 0, 0, 0, 
    0, 0, 0, 0, 0, 18, 301, 41, 2, 0, 0, 123, 1, 222, 1, 0, 0, 
    0, 0, 0, 0, 0, 0, 0), .Dim = c(7L, 4L), .Dimnames = list(
        c("-3", "-2", "-1", "0", "1", "2", "3"), c("-", "A", 
        "G", "T"))))))
