Results <-
list(`bwaOutput/20210421msiMNRsJenny/1285_S137.sam` = list(LR52_SNP1 = list(
    All = list(Freqs = structure(c(0L, 0L, 0L, 2L, 1L, 0L, 0L, 
    21L, 82L, 882L, 953L, 2563L, 24L, 100L, 0L, 0L, 5L, 21L, 
    26L, 2L, 2L, 0L, 1L, 18L, 116L, 887L, 7L, 0L), .Dim = c(7L, 
    4L), .Dimnames = structure(list(c("-4", "-3", "-2", "-1", 
    "0", "1", NA), c("A", "C", "T", NA)), .Names = c("", "")), class = "table"), 
        N = 5713L), Tag.Distribution = structure(c(`1` = 60L, 
    `2` = 33L, `3` = 32L, `4` = 35L, `5` = 30L, `6` = 35L, `7` = 28L, 
    `8` = 27L, `9` = 28L, `10` = 23L, `11` = 23L, `12` = 27L, 
    `13` = 28L, `14` = 15L, `15` = 21L, `16` = 20L, `17` = 19L, 
    `18` = 14L, `19` = 15L, `20` = 6L, `21` = 6L, `22` = 7L, 
    `23` = 6L, `25` = 4L, `26` = 3L, `27` = 1L, `28` = 3L, `29` = 2L, 
    `30` = 1L, `31` = 4L, `32` = 1L, `34` = 2L, `35` = 1L, `37` = 1L, 
    `39` = 2L, `49` = 1L), .Dim = 36L, .Dimnames = structure(list(
        c("1", "2", "3", "4", "5", "6", "7", "8", "9", "10", 
        "11", "12", "13", "14", "15", "16", "17", "18", "19", 
        "20", "21", "22", "23", "25", "26", "27", "28", "29", 
        "30", "31", "32", "34", "35", "37", "39", "49")), .Names = ""), class = "table"), 
    No.Tag = structure(c(0L, 0L, 0L, 0L, 0L, 0L, 0L, 0L, 1L, 
    23L, 19L, 51L, 0L, 2L, 0L, 0L, 0L, 0L, 0L, 0L, 0L, 0L, 0L, 
    0L, 3L, 14L, 0L, 0L), .Dim = c(7L, 4L), .Dimnames = structure(list(
        c("-4", "-3", "-2", "-1", "0", "1", NA), c("A", "C", 
        "T", NA)), .Names = c("", "")), class = "table"), All.Tags = list(
        Concordant = list(Freqs = structure(c(0, 0, 0, 1, 0, 
        0, 1, 3, 53, 34, 166, 0, 0, 0, 0, 0, 4, 0), .Dim = c(6L, 
        3L), .Dimnames = list(c("-4", "-3", "-2", "-1", "0", 
        "1"), c("A", "C", "T"))), N = 262), Majority = list(Freqs = structure(c(0, 
        0, 0, 1, 0, 0, 1, 3, 83, 78, 348, 0, 0, 0, 0, 1, 6, 0
        ), .Dim = c(6L, 3L), .Dimnames = list(c("-4", "-3", "-2", 
        "-1", "0", "1"), c("A", "C", "T"))), N = 521)), `2` = structure(c(0, 
    0, 0, 0, 0, 0, 1, 3, 79, 71, 320, 0, 0, 0, 0, 1, 5, 0), .Dim = c(6L, 
    3L), .Dimnames = list(c("-4", "-3", "-2", "-1", "0", "1"), 
        c("A", "C", "T"))))))
