Results <-
list(`bwaOutput/20210421msiMNRsJenny/1285_S137.sam` = list(LR48_SNP1 = list(
    All = list(Freqs = structure(c(0L, 15L, 878L, 2358L, 49L, 
    3L, 12L, 1L, 3L, 199L, 2559L, 92L, 4L, 6L, 0L, 0L, 9L, 117L, 
    1L, 0L, 0L), .Dim = c(7L, 3L), .Dimnames = structure(list(
        c("-3", "-2", "-1", "0", "1", "2", NA), c("C", "T", NA
        )), .Names = c("", "")), class = "table"), N = 6306L), 
    Tag.Distribution = structure(c(`1` = 92L, `2` = 26L, `3` = 18L, 
    `4` = 26L, `5` = 33L, `6` = 20L, `7` = 20L, `8` = 21L, `9` = 24L, 
    `10` = 29L, `11` = 14L, `12` = 29L, `13` = 20L, `14` = 27L, 
    `15` = 22L, `16` = 16L, `17` = 20L, `18` = 13L, `19` = 12L, 
    `20` = 13L, `21` = 20L, `22` = 7L, `23` = 6L, `24` = 6L, 
    `25` = 6L, `26` = 5L, `27` = 3L, `28` = 1L, `29` = 4L, `30` = 3L, 
    `31` = 6L, `34` = 2L, `35` = 2L, `37` = 1L, `40` = 1L, `49` = 1L, 
    `50` = 1L, `53` = 1L), .Dim = 38L, .Dimnames = structure(list(
        c("1", "2", "3", "4", "5", "6", "7", "8", "9", "10", 
        "11", "12", "13", "14", "15", "16", "17", "18", "19", 
        "20", "21", "22", "23", "24", "25", "26", "27", "28", 
        "29", "30", "31", "34", "35", "37", "40", "49", "50", 
        "53")), .Names = ""), class = "table"), No.Tag = structure(c(0L, 
    0L, 14L, 25L, 1L, 0L, 1L, 0L, 0L, 0L, 60L, 0L, 0L, 0L, 0L, 
    0L, 1L, 11L, 0L, 0L, 0L), .Dim = c(7L, 3L), .Dimnames = structure(list(
        c("-3", "-2", "-1", "0", "1", "2", NA), c("C", "T", NA
        )), .Names = c("", "")), class = "table"), All.Tags = list(
        Concordant = list(Freqs = structure(c(0, 1, 45, 156, 
        1, 0, 0, 0, 6, 148, 0, 1), .Dim = c(6L, 2L), .Dimnames = list(
            c("-3", "-2", "-1", "0", "1", "2"), c("C", "T"))), 
            N = 358), Majority = list(Freqs = structure(c(0, 
        1, 67, 232, 1, 0, 0, 0, 9, 244, 2, 1), .Dim = c(6L, 2L
        ), .Dimnames = list(c("-3", "-2", "-1", "0", "1", "2"
        ), c("C", "T"))), N = 557)), `2` = structure(c(0, 0, 
    61, 190, 1, 0, 0, 0, 9, 210, 2, 0), .Dim = c(6L, 2L), .Dimnames = list(
        c("-3", "-2", "-1", "0", "1", "2"), c("C", "T"))))))
