Results <-
list(`bwaOutput/20210421msiMNRsJenny/1285_S137.sam` = list(GM17_SNP1 = list(
    All = list(Freqs = structure(c(0L, 0L, 0L, 1L, 0L, 0L, 0L, 
    0L, 0L, 0L, 1L, 0L, 0L, 0L, 0L, 0L, 1L, 44L, 0L, 0L, 0L, 
    1L, 3L, 250L, 10955L, 55L, 1L, 10L, 0L, 0L, 1L, 58L, 2L, 
    0L, 0L), .Dim = c(7L, 5L), .Dimnames = structure(list(c("-3", 
    "-2", "-1", "0", "1", "2", NA), c("-", "A", "C", "T", NA)), .Names = c("", 
    "")), class = "table"), N = 11383L), Tag.Distribution = structure(c(`1` = 166L, 
    `2` = 66L, `3` = 61L, `4` = 48L, `5` = 71L, `6` = 53L, `7` = 39L, 
    `8` = 53L, `9` = 48L, `10` = 35L, `11` = 40L, `12` = 47L, 
    `13` = 38L, `14` = 37L, `15` = 38L, `16` = 33L, `17` = 24L, 
    `18` = 25L, `19` = 26L, `20` = 15L, `21` = 17L, `22` = 14L, 
    `23` = 12L, `24` = 7L, `25` = 9L, `26` = 10L, `27` = 4L, 
    `28` = 4L, `29` = 6L, `30` = 3L, `31` = 5L, `32` = 6L, `33` = 2L, 
    `34` = 2L, `35` = 3L, `36` = 1L, `37` = 3L, `38` = 3L, `39` = 2L, 
    `41` = 2L, `42` = 1L, `43` = 1L, `44` = 1L, `45` = 1L, `48` = 1L, 
    `50` = 1L, `53` = 1L, `56` = 1L, `62` = 1L), .Dim = 49L, .Dimnames = structure(list(
        c("1", "2", "3", "4", "5", "6", "7", "8", "9", "10", 
        "11", "12", "13", "14", "15", "16", "17", "18", "19", 
        "20", "21", "22", "23", "24", "25", "26", "27", "28", 
        "29", "30", "31", "32", "33", "34", "35", "36", "37", 
        "38", "39", "41", "42", "43", "44", "45", "48", "50", 
        "53", "56", "62")), .Names = ""), class = "table"), No.Tag = structure(c(0L, 
    0L, 0L, 0L, 0L, 0L, 0L, 0L, 0L, 0L, 0L, 0L, 0L, 0L, 0L, 0L, 
    0L, 0L, 0L, 0L, 0L, 0L, 0L, 5L, 246L, 2L, 0L, 3L, 0L, 0L, 
    0L, 8L, 0L, 0L, 0L), .Dim = c(7L, 5L), .Dimnames = structure(list(
        c("-3", "-2", "-1", "0", "1", "2", NA), c("-", "A", "C", 
        "T", NA)), .Names = c("", "")), class = "table"), All.Tags = list(
        Concordant = list(Freqs = structure(c(0, 0, 0, 0, 0, 
        0, 0, 0, 0, 0, 0, 0, 0, 0, 0, 5, 0, 0, 0, 0, 12, 895, 
        0, 0), .Dim = c(6L, 4L), .Dimnames = list(c("-3", "-2", 
        "-1", "0", "1", "2"), c("-", "A", "C", "T"))), N = 912), 
        Majority = list(Freqs = structure(c(0, 0, 0, 0, 0, 0, 
        0, 0, 0, 0, 0, 0, 0, 0, 0, 6, 0, 0, 0, 0, 15, 1050, 1, 
        0), .Dim = c(6L, 4L), .Dimnames = list(c("-3", "-2", 
        "-1", "0", "1", "2"), c("-", "A", "C", "T"))), N = 1072)), 
    `2` = structure(c(0, 0, 0, 0, 0, 0, 0, 0, 0, 0, 0, 0, 0, 
    0, 0, 2, 0, 0, 0, 0, 12, 900, 1, 0), .Dim = c(6L, 4L), .Dimnames = list(
        c("-3", "-2", "-1", "0", "1", "2"), c("-", "A", "C", 
        "T"))))))
