Results <-
list(`bwaOutput/20210421msiMNRsJenny/1285_S137.sam` = list(LR20_SNP1 = list(
    All = list(Freqs = structure(c(11L, 2594L, 9L, 2L, 15L, 2504L, 
    2L, 2L, 0L, 31L, 0L, 0L), .Dim = 4:3, .Dimnames = structure(list(
        c("-1", "0", "1", NA), c("A", "G", NA)), .Names = c("", 
    "")), class = "table"), N = 5170L), Tag.Distribution = structure(c(`1` = 90L, 
    `2` = 50L, `3` = 50L, `4` = 40L, `5` = 39L, `6` = 36L, `7` = 27L, 
    `8` = 33L, `9` = 23L, `10` = 30L, `11` = 27L, `12` = 22L, 
    `13` = 16L, `14` = 19L, `15` = 19L, `16` = 11L, `17` = 10L, 
    `18` = 10L, `19` = 13L, `20` = 9L, `21` = 5L, `22` = 3L, 
    `23` = 5L, `24` = 5L, `25` = 2L, `26` = 3L, `27` = 2L, `28` = 2L, 
    `29` = 1L, `31` = 1L, `33` = 1L, `36` = 1L, `38` = 1L, `39` = 1L, 
    `54` = 1L), .Dim = 35L, .Dimnames = structure(list(c("1", 
    "2", "3", "4", "5", "6", "7", "8", "9", "10", "11", "12", 
    "13", "14", "15", "16", "17", "18", "19", "20", "21", "22", 
    "23", "24", "25", "26", "27", "28", "29", "31", "33", "36", 
    "38", "39", "54")), .Names = ""), class = "table"), No.Tag = structure(c(0L, 
    90L, 0L, 1L, 0L, 29L, 0L, 0L, 0L, 2L, 0L, 0L), .Dim = 4:3, .Dimnames = structure(list(
        c("-1", "0", "1", NA), c("A", "G", NA)), .Names = c("", 
    "")), class = "table"), All.Tags = list(Concordant = list(
        Freqs = structure(c(0, 265, 1, 2, 277, 0), .Dim = 3:2, .Dimnames = list(
            c("-1", "0", "1"), c("A", "G"))), N = 545), Majority = list(
        Freqs = structure(c(0, 292, 1, 2, 304, 0), .Dim = 3:2, .Dimnames = list(
            c("-1", "0", "1"), c("A", "G"))), N = 599)), `2` = structure(c(0, 
    260, 1, 1, 253, 0), .Dim = 3:2, .Dimnames = list(c("-1", 
    "0", "1"), c("A", "G"))))))
