Results <-
list(`bwaOutput/20210421msiMNRsJenny/1285_S137.sam` = list(GM26_SNP1 = list(
    All = list(Freqs = structure(c(2L, 27L, 3530L, 10L, 0L, 8L, 
    1L, 30L, 3370L, 17L, 1L, 4L, 0L, 1L, 11L, 0L, 0L, 0L, 0L, 
    3L, 86L, 1L, 0L, 0L), .Dim = c(6L, 4L), .Dimnames = structure(list(
        c("-2", "-1", "0", "1", "2", NA), c("A", "G", "T", NA
        )), .Names = c("", "")), class = "table"), N = 7102L), 
    Tag.Distribution = structure(c(`1` = 106L, `2` = 30L, `3` = 38L, 
    `4` = 34L, `5` = 39L, `6` = 29L, `7` = 38L, `8` = 31L, `9` = 25L, 
    `10` = 28L, `11` = 33L, `12` = 26L, `13` = 23L, `14` = 23L, 
    `15` = 18L, `16` = 14L, `17` = 26L, `18` = 15L, `19` = 15L, 
    `20` = 13L, `21` = 10L, `22` = 11L, `23` = 8L, `24` = 10L, 
    `25` = 3L, `26` = 4L, `27` = 2L, `28` = 1L, `29` = 3L, `30` = 4L, 
    `31` = 1L, `32` = 7L, `33` = 2L, `34` = 4L, `35` = 1L, `36` = 2L, 
    `38` = 1L, `40` = 1L, `43` = 2L, `46` = 1L), .Dim = 40L, .Dimnames = structure(list(
        c("1", "2", "3", "4", "5", "6", "7", "8", "9", "10", 
        "11", "12", "13", "14", "15", "16", "17", "18", "19", 
        "20", "21", "22", "23", "24", "25", "26", "27", "28", 
        "29", "30", "31", "32", "33", "34", "35", "36", "38", 
        "40", "43", "46")), .Names = ""), class = "table"), No.Tag = structure(c(0L, 
    0L, 55L, 2L, 0L, 1L, 0L, 1L, 64L, 0L, 0L, 2L, 0L, 1L, 0L, 
    0L, 0L, 0L, 0L, 0L, 7L, 0L, 0L, 0L), .Dim = c(6L, 4L), .Dimnames = structure(list(
        c("-2", "-1", "0", "1", "2", NA), c("A", "G", "T", NA
        )), .Names = c("", "")), class = "table"), All.Tags = list(
        Concordant = list(Freqs = structure(c(0, 0, 281, 0, 0, 
        0, 3, 283, 0, 0, 0, 0, 0, 0, 0), .Dim = c(5L, 3L), .Dimnames = list(
            c("-2", "-1", "0", "1", "2"), c("A", "G", "T"))), 
            N = 567), Majority = list(Freqs = structure(c(0, 
        0, 333, 0, 0, 0, 3, 330, 1, 0, 0, 0, 1, 0, 0), .Dim = c(5L, 
        3L), .Dimnames = list(c("-2", "-1", "0", "1", "2"), c("A", 
        "G", "T"))), N = 668)), `2` = structure(c(0, 0, 292, 
    0, 0, 0, 2, 274, 1, 0, 0, 0, 1, 0, 0), .Dim = c(5L, 3L), .Dimnames = list(
        c("-2", "-1", "0", "1", "2"), c("A", "G", "T"))))))
