Results <-
list(`bwaOutput/20210421msiMNRsJenny/1285_S137.sam` = list(IM16_SNP1 = list(
    All = list(Freqs = structure(c(2L, 1028L, 3402L, 57L, 1L, 
    12L, 0L, 0L, 52L, 1L, 0L, 0L, 0L, 0L, 1L, 0L, 0L, 0L, 0L, 
    4L, 41L, 0L, 0L, 0L), .Dim = c(6L, 4L), .Dimnames = structure(list(
        c("-2", "-1", "0", "1", "2", NA), c("A", "G", "T", NA
        )), .Names = c("", "")), class = "table"), N = 4601L), 
    Tag.Distribution = structure(c(`1` = 76L, `2` = 27L, `3` = 35L, 
    `4` = 31L, `5` = 31L, `6` = 22L, `7` = 18L, `8` = 20L, `9` = 27L, 
    `10` = 27L, `11` = 14L, `12` = 10L, `13` = 18L, `14` = 17L, 
    `15` = 15L, `16` = 12L, `17` = 11L, `18` = 16L, `19` = 14L, 
    `20` = 9L, `21` = 6L, `22` = 5L, `23` = 8L, `24` = 2L, `25` = 2L, 
    `26` = 3L, `28` = 3L, `29` = 2L, `30` = 1L, `36` = 2L, `37` = 1L, 
    `42` = 1L), .Dim = 32L, .Dimnames = structure(list(c("1", 
    "2", "3", "4", "5", "6", "7", "8", "9", "10", "11", "12", 
    "13", "14", "15", "16", "17", "18", "19", "20", "21", "22", 
    "23", "24", "25", "26", "28", "29", "30", "36", "37", "42"
    )), .Names = ""), class = "table"), No.Tag = structure(c(0L, 
    9L, 88L, 2L, 0L, 0L, 0L, 0L, 45L, 0L, 0L, 0L, 0L, 0L, 0L, 
    0L, 0L, 0L, 0L, 0L, 9L, 0L, 0L, 0L), .Dim = c(6L, 4L), .Dimnames = structure(list(
        c("-2", "-1", "0", "1", "2", NA), c("A", "G", "T", NA
        )), .Names = c("", "")), class = "table"), All.Tags = list(
        Concordant = list(Freqs = structure(c(0, 85, 300, 0, 
        0, 0, 0, 3, 1, 0, 0, 0, 0, 0, 0), .Dim = c(5L, 3L), .Dimnames = list(
            c("-2", "-1", "0", "1", "2"), c("A", "G", "T"))), 
            N = 389), Majority = list(Freqs = structure(c(0, 
        100, 371, 0, 0, 0, 0, 3, 1, 0, 0, 0, 0, 0, 0), .Dim = c(5L, 
        3L), .Dimnames = list(c("-2", "-1", "0", "1", "2"), c("A", 
        "G", "T"))), N = 475)), `2` = structure(c(0, 92, 316, 
    0, 0, 0, 0, 1, 0, 0, 0, 0, 0, 0, 0), .Dim = c(5L, 3L), .Dimnames = list(
        c("-2", "-1", "0", "1", "2"), c("A", "G", "T"))))))
