Results <-
list(`bwaOutput/20210421msiMNRsJenny/1285_S137.sam` = list(GM09_SNP1 = list(
    All = list(Freqs = structure(c(0L, 56L, 0L, 0L, 97L, 12662L, 
    15L, 7L, 1L, 89L, 0L, 0L), .Dim = 4:3, .Dimnames = structure(list(
        c("-1", "0", "1", NA), c("A", "G", NA)), .Names = c("", 
    "")), class = "table"), N = 12927L), Tag.Distribution = structure(c(`1` = 181L, 
    `2` = 79L, `3` = 71L, `4` = 78L, `5` = 74L, `6` = 65L, `7` = 61L, 
    `8` = 61L, `9` = 54L, `10` = 46L, `11` = 42L, `12` = 43L, 
    `13` = 49L, `14` = 35L, `15` = 45L, `16` = 41L, `17` = 28L, 
    `18` = 28L, `19` = 24L, `20` = 16L, `21` = 21L, `22` = 15L, 
    `23` = 14L, `24` = 11L, `25` = 7L, `26` = 11L, `27` = 7L, 
    `28` = 7L, `29` = 5L, `30` = 8L, `31` = 6L, `32` = 5L, `33` = 5L, 
    `34` = 3L, `35` = 1L, `36` = 5L, `38` = 2L, `39` = 1L, `40` = 1L, 
    `41` = 1L, `43` = 1L, `45` = 1L, `46` = 1L, `47` = 1L, `48` = 1L, 
    `51` = 1L, `56` = 1L), .Dim = 47L, .Dimnames = structure(list(
        c("1", "2", "3", "4", "5", "6", "7", "8", "9", "10", 
        "11", "12", "13", "14", "15", "16", "17", "18", "19", 
        "20", "21", "22", "23", "24", "25", "26", "27", "28", 
        "29", "30", "31", "32", "33", "34", "35", "36", "38", 
        "39", "40", "41", "43", "45", "46", "47", "48", "51", 
        "56")), .Names = ""), class = "table"), No.Tag = structure(c(0L, 
    2L, 0L, 0L, 10L, 274L, 0L, 2L, 0L, 14L, 0L, 0L), .Dim = 4:3, .Dimnames = structure(list(
        c("-1", "0", "1", NA), c("A", "G", NA)), .Names = c("", 
    "")), class = "table"), All.Tags = list(Concordant = list(
        Freqs = structure(c(0, 11, 0, 1, 1155, 0), .Dim = 3:2, .Dimnames = list(
            c("-1", "0", "1"), c("A", "G"))), N = 1167), Majority = list(
        Freqs = structure(c(0, 12, 0, 2, 1238, 0), .Dim = 3:2, .Dimnames = list(
            c("-1", "0", "1"), c("A", "G"))), N = 1252)), `2` = structure(c(0, 
    2, 0, 2, 1078, 0), .Dim = 3:2, .Dimnames = list(c("-1", "0", 
    "1"), c("A", "G"))))))
