Results <-
list(`bwaOutput/20210421msiMNRsJenny/1285_S137.sam` = list(LR17_SNP1 = list(
    All = list(Freqs = structure(c(5L, 178L, 1731L, 3744L, 87L, 
    1L, 48L, 0L, 0L, 0L, 2L, 0L, 0L, 0L, 0L, 2L, 46L, 146L, 2L, 
    0L, 0L), .Dim = c(7L, 3L), .Dimnames = structure(list(c("-3", 
    "-2", "-1", "0", "1", "2", NA), c("A", "G", NA)), .Names = c("", 
    "")), class = "table"), N = 5992L), Tag.Distribution = structure(c(`1` = 93L, 
    `2` = 26L, `3` = 20L, `4` = 22L, `5` = 26L, `6` = 30L, `7` = 9L, 
    `8` = 30L, `9` = 26L, `10` = 30L, `11` = 23L, `12` = 13L, 
    `13` = 20L, `14` = 22L, `15` = 30L, `16` = 13L, `17` = 19L, 
    `18` = 14L, `19` = 14L, `20` = 8L, `21` = 11L, `22` = 8L, 
    `23` = 6L, `24` = 7L, `25` = 7L, `26` = 3L, `27` = 6L, `28` = 1L, 
    `29` = 2L, `30` = 4L, `32` = 1L, `34` = 1L, `35` = 3L, `37` = 3L, 
    `42` = 2L), .Dim = 35L, .Dimnames = structure(list(c("1", 
    "2", "3", "4", "5", "6", "7", "8", "9", "10", "11", "12", 
    "13", "14", "15", "16", "17", "18", "19", "20", "21", "22", 
    "23", "24", "25", "26", "27", "28", "29", "30", "32", "34", 
    "35", "37", "42")), .Names = ""), class = "table"), No.Tag = structure(c(0L, 
    20L, 46L, 134L, 2L, 0L, 3L, 0L, 0L, 0L, 0L, 0L, 0L, 0L, 0L, 
    0L, 0L, 11L, 0L, 0L, 0L), .Dim = c(7L, 3L), .Dimnames = structure(list(
        c("-3", "-2", "-1", "0", "1", "2", NA), c("A", "G", NA
        )), .Names = c("", "")), class = "table"), All.Tags = list(
        Concordant = list(Freqs = structure(c(0, 12, 91, 246, 
        1, 0, 0, 0, 0, 0, 0, 0), .Dim = c(6L, 2L), .Dimnames = list(
            c("-3", "-2", "-1", "0", "1", "2"), c("A", "G"))), 
            N = 350), Majority = list(Freqs = structure(c(0, 
        14, 149, 374, 3, 0, 0, 0, 0, 0, 0, 0), .Dim = c(6L, 2L
        ), .Dimnames = list(c("-3", "-2", "-1", "0", "1", "2"
        ), c("A", "G"))), N = 540)), `2` = structure(c(0, 12, 
    134, 307, 3, 0, 0, 0, 0, 0, 0, 0), .Dim = c(6L, 2L), .Dimnames = list(
        c("-3", "-2", "-1", "0", "1", "2"), c("A", "G"))))))
