Results <-
list(`bwaOutput/20210421msiMNRsJenny/1285_S137.sam` = list(IM49_SNP1 = list(
    All = list(Freqs = structure(c(0L, 0L, 0L, 9L, 0L, 0L, 0L, 
    0L, 0L, 1L, 18L, 0L, 0L, 1L, 4L, 18L, 353L, 7617L, 260L, 
    4L, 43L, 0L, 0L, 3L, 458L, 14L, 3L, 0L), .Dim = c(7L, 4L), .Dimnames = structure(list(
        c("-3", "-2", "-1", "0", "1", "2", NA), c("A", "C", "G", 
        NA)), .Names = c("", "")), class = "table"), N = 8806L), 
    Tag.Distribution = structure(c(`1` = 281L, `2` = 151L, `3` = 146L, 
    `4` = 122L, `5` = 94L, `6` = 97L, `7` = 80L, `8` = 84L, `9` = 68L, 
    `10` = 59L, `11` = 38L, `12` = 30L, `13` = 36L, `14` = 30L, 
    `15` = 17L, `16` = 20L, `17` = 12L, `18` = 9L, `19` = 7L, 
    `20` = 10L, `21` = 4L, `22` = 4L, `23` = 3L, `24` = 1L, `25` = 4L, 
    `26` = 1L, `27` = 2L, `28` = 1L, `29` = 2L, `30` = 1L, `33` = 1L, 
    `36` = 1L, `37` = 1L, `38` = 1L), .Dim = 34L, .Dimnames = structure(list(
        c("1", "2", "3", "4", "5", "6", "7", "8", "9", "10", 
        "11", "12", "13", "14", "15", "16", "17", "18", "19", 
        "20", "21", "22", "23", "24", "25", "26", "27", "28", 
        "29", "30", "33", "36", "37", "38")), .Names = ""), class = "table"), 
    No.Tag = structure(c(0L, 0L, 0L, 0L, 0L, 0L, 0L, 0L, 0L, 
    0L, 0L, 0L, 0L, 0L, 0L, 0L, 4L, 139L, 3L, 0L, 2L, 0L, 0L, 
    0L, 17L, 1L, 0L, 0L), .Dim = c(7L, 4L), .Dimnames = structure(list(
        c("-3", "-2", "-1", "0", "1", "2", NA), c("A", "C", "G", 
        NA)), .Names = c("", "")), class = "table"), All.Tags = list(
        Concordant = list(Freqs = structure(c(0, 0, 0, 1, 0, 
        0, 0, 0, 0, 5, 0, 0, 1, 0, 16, 955, 13, 0), .Dim = c(6L, 
        3L), .Dimnames = list(c("-3", "-2", "-1", "0", "1", "2"
        ), c("A", "C", "G"))), N = 991), Majority = list(Freqs = structure(c(0, 
        0, 0, 1, 0, 0, 0, 0, 0, 6, 0, 0, 1, 1, 20, 1295, 18, 
        0), .Dim = c(6L, 3L), .Dimnames = list(c("-3", "-2", 
        "-1", "0", "1", "2"), c("A", "C", "G"))), N = 1342)), 
    `2` = structure(c(0, 0, 0, 1, 0, 0, 0, 0, 0, 2, 0, 0, 0, 
    1, 11, 1088, 9, 0), .Dim = c(6L, 3L), .Dimnames = list(c("-3", 
    "-2", "-1", "0", "1", "2"), c("A", "C", "G"))))))
