Results <-
list(`bwaOutput/20210421msiMNRsJenny/1285_S137.sam` = list(LR10_SNP1 = list(
    All = list(Freqs = structure(c(0L, 1L, 8L, 0L, 0L, 1L, 3L, 
    219L, 7445L, 1111L, 12L, 18L, 0L, 1L, 76L, 51L, 1L, 0L), .Dim = c(6L, 
    3L), .Dimnames = structure(list(c("-2", "-1", "0", "1", "2", 
    NA), c("C", "T", NA)), .Names = c("", "")), class = "table"), 
        N = 8947L), Tag.Distribution = structure(c(`1` = 132L, 
    `2` = 39L, `3` = 42L, `4` = 38L, `5` = 42L, `6` = 41L, `7` = 44L, 
    `8` = 36L, `9` = 33L, `10` = 34L, `11` = 41L, `12` = 23L, 
    `13` = 26L, `14` = 31L, `15` = 26L, `16` = 22L, `17` = 31L, 
    `18` = 23L, `19` = 24L, `20` = 13L, `21` = 21L, `22` = 9L, 
    `23` = 12L, `24` = 5L, `25` = 10L, `26` = 5L, `27` = 5L, 
    `28` = 5L, `29` = 5L, `30` = 7L, `31` = 2L, `32` = 4L, `33` = 2L, 
    `34` = 1L, `35` = 2L, `36` = 2L, `39` = 1L, `41` = 1L, `45` = 1L, 
    `46` = 1L, `71` = 1L), .Dim = 41L, .Dimnames = structure(list(
        c("1", "2", "3", "4", "5", "6", "7", "8", "9", "10", 
        "11", "12", "13", "14", "15", "16", "17", "18", "19", 
        "20", "21", "22", "23", "24", "25", "26", "27", "28", 
        "29", "30", "31", "32", "33", "34", "35", "36", "39", 
        "41", "45", "46", "71")), .Names = ""), class = "table"), 
    No.Tag = structure(c(0L, 1L, 0L, 0L, 0L, 1L, 0L, 4L, 130L, 
    12L, 1L, 0L, 0L, 0L, 3L, 1L, 0L, 0L), .Dim = c(6L, 3L), .Dimnames = structure(list(
        c("-2", "-1", "0", "1", "2", NA), c("C", "T", NA)), .Names = c("", 
    "")), class = "table"), All.Tags = list(Concordant = list(
        Freqs = structure(c(0, 0, 5, 0, 0, 0, 5, 577, 62, 0), .Dim = c(5L, 
        2L), .Dimnames = list(c("-2", "-1", "0", "1", "2"), c("C", 
        "T"))), N = 649), Majority = list(Freqs = structure(c(0, 
    0, 5, 0, 0, 0, 7, 715, 106, 0), .Dim = c(5L, 2L), .Dimnames = list(
        c("-2", "-1", "0", "1", "2"), c("C", "T"))), N = 833)), 
    `2` = structure(c(0, 0, 0, 0, 0, 0, 5, 606, 96, 0), .Dim = c(5L, 
    2L), .Dimnames = list(c("-2", "-1", "0", "1", "2"), c("C", 
    "T"))))))
