Results <-
list(`bwaOutput/20210421msiMNRsJenny/1285_S137.sam` = list(LR11_SNP1 = list(
    All = list(Freqs = structure(c(0L, 1L, 6L, 0L, 0L, 0L, 7L, 
    352L, 4101L, 52L, 1L, 16L, 0L, 0L, 4L, 0L, 0L, 0L, 0L, 8L, 
    108L, 1L, 0L, 0L), .Dim = c(6L, 4L), .Dimnames = structure(list(
        c("-2", "-1", "0", "1", "2", NA), c("A", "C", "T", NA
        )), .Names = c("", "")), class = "table"), N = 4657L), 
    Tag.Distribution = structure(c(`1` = 86L, `2` = 39L, `3` = 30L, 
    `4` = 32L, `5` = 41L, `6` = 30L, `7` = 47L, `8` = 27L, `9` = 27L, 
    `10` = 31L, `11` = 24L, `12` = 19L, `13` = 24L, `14` = 19L, 
    `15` = 14L, `16` = 10L, `17` = 9L, `18` = 8L, `19` = 12L, 
    `20` = 7L, `21` = 3L, `22` = 5L, `23` = 3L, `24` = 4L, `25` = 1L, 
    `26` = 2L, `27` = 1L, `28` = 1L, `29` = 1L, `31` = 2L, `35` = 1L, 
    `39` = 1L), .Dim = 32L, .Dimnames = structure(list(c("1", 
    "2", "3", "4", "5", "6", "7", "8", "9", "10", "11", "12", 
    "13", "14", "15", "16", "17", "18", "19", "20", "21", "22", 
    "23", "24", "25", "26", "27", "28", "29", "31", "35", "39"
    )), .Names = ""), class = "table"), No.Tag = structure(c(0L, 
    0L, 0L, 0L, 0L, 0L, 0L, 5L, 43L, 1L, 0L, 1L, 0L, 0L, 0L, 
    0L, 0L, 0L, 0L, 0L, 2L, 0L, 0L, 0L), .Dim = c(6L, 4L), .Dimnames = structure(list(
        c("-2", "-1", "0", "1", "2", NA), c("A", "C", "T", NA
        )), .Names = c("", "")), class = "table"), All.Tags = list(
        Concordant = list(Freqs = structure(c(0, 1, 5, 0, 0, 
        1, 23, 370, 0, 0, 0, 0, 0, 0, 0), .Dim = c(5L, 3L), .Dimnames = list(
            c("-2", "-1", "0", "1", "2"), c("A", "C", "T"))), 
            N = 400), Majority = list(Freqs = structure(c(0, 
        1, 5, 0, 0, 1, 30, 508, 0, 0, 0, 0, 0, 0, 0), .Dim = c(5L, 
        3L), .Dimnames = list(c("-2", "-1", "0", "1", "2"), c("A", 
        "C", "T"))), N = 545)), `2` = structure(c(0, 0, 0, 0, 
    0, 1, 25, 446, 0, 0, 0, 0, 0, 0, 0), .Dim = c(5L, 3L), .Dimnames = list(
        c("-2", "-1", "0", "1", "2"), c("A", "C", "T"))))))
