Results <-
list(`bwaOutput/20210421msiMNRsJenny/1285_S137.sam` = list(DEPDC2_SNP1 = list(
    All = list(Freqs = structure(c(0L, 1L, 0L, 0L, 0L, 23L, 21L, 
    0L, 0L, 2L, 155L, 13894L, 292L, 1L, 183L, 0L, 64L, 2L, 0L, 
    0L), .Dim = 5:4, .Dimnames = structure(list(c("-1", "0", 
    "1", "2", NA), c("A", "C", "T", NA)), .Names = c("", "")), class = "table"), 
        N = 14638L), Tag.Distribution = structure(c(`1` = 276L, 
    `2` = 147L, `3` = 107L, `4` = 108L, `5` = 99L, `6` = 109L, 
    `7` = 92L, `8` = 76L, `9` = 83L, `10` = 62L, `11` = 73L, 
    `12` = 48L, `13` = 54L, `14` = 54L, `15` = 47L, `16` = 23L, 
    `17` = 33L, `18` = 29L, `19` = 18L, `20` = 20L, `21` = 16L, 
    `22` = 15L, `23` = 14L, `24` = 11L, `25` = 9L, `26` = 5L, 
    `27` = 6L, `28` = 8L, `29` = 1L, `30` = 11L, `31` = 4L, `32` = 9L, 
    `33` = 5L, `34` = 3L, `36` = 1L, `37` = 1L, `38` = 2L, `39` = 2L, 
    `40` = 2L, `45` = 1L, `48` = 1L, `57` = 1L, `58` = 1L), .Dim = 43L, .Dimnames = structure(list(
        c("1", "2", "3", "4", "5", "6", "7", "8", "9", "10", 
        "11", "12", "13", "14", "15", "16", "17", "18", "19", 
        "20", "21", "22", "23", "24", "25", "26", "27", "28", 
        "29", "30", "31", "32", "33", "34", "36", "37", "38", 
        "39", "40", "45", "48", "57", "58")), .Names = ""), class = "table"), 
    No.Tag = structure(c(0L, 0L, 0L, 0L, 0L, 0L, 1L, 0L, 0L, 
    0L, 3L, 252L, 1L, 0L, 4L, 0L, 5L, 0L, 0L, 0L), .Dim = 5:4, .Dimnames = structure(list(
        c("-1", "0", "1", "2", NA), c("A", "C", "T", NA)), .Names = c("", 
    "")), class = "table"), All.Tags = list(Concordant = list(
        Freqs = structure(c(0, 0, 0, 0, 1, 6, 0, 0, 4, 1449, 
        24, 0), .Dim = 4:3, .Dimnames = list(c("-1", "0", "1", 
        "2"), c("A", "C", "T"))), N = 1484), Majority = list(
        Freqs = structure(c(0, 0, 0, 0, 2, 6, 0, 0, 5, 1614, 
        38, 0), .Dim = 4:3, .Dimnames = list(c("-1", "0", "1", 
        "2"), c("A", "C", "T"))), N = 1665)), `2` = structure(c(0, 
    0, 0, 0, 1, 2, 0, 0, 4, 1364, 33, 0), .Dim = 4:3, .Dimnames = list(
        c("-1", "0", "1", "2"), c("A", "C", "T"))))))
