Results <-
list(`bwaOutput/20210421msiMNRsJenny/1285_S137.sam` = list(LR46_SNP1 = list(
    All = list(Freqs = structure(c(0L, 2L, 0L, 0L, 19L, 2734L, 
    9L, 4L, 15L, 2717L, 8L, 5L, 0L, 28L, 0L, 0L), .Dim = c(4L, 
    4L), .Dimnames = structure(list(c("-1", "0", "1", NA), c("-", 
    "G", "T", NA)), .Names = c("", "")), class = "table"), N = 5541L), 
    Tag.Distribution = structure(c(`1` = 109L, `2` = 53L, `3` = 38L, 
    `4` = 37L, `5` = 48L, `6` = 36L, `7` = 24L, `8` = 25L, `9` = 25L, 
    `10` = 22L, `11` = 25L, `12` = 21L, `13` = 15L, `14` = 17L, 
    `15` = 17L, `16` = 15L, `17` = 18L, `18` = 14L, `19` = 10L, 
    `20` = 7L, `21` = 5L, `22` = 9L, `23` = 6L, `24` = 7L, `25` = 9L, 
    `26` = 6L, `27` = 3L, `28` = 1L, `29` = 1L, `31` = 1L, `32` = 3L, 
    `33` = 1L, `43` = 1L), .Dim = 33L, .Dimnames = structure(list(
        c("1", "2", "3", "4", "5", "6", "7", "8", "9", "10", 
        "11", "12", "13", "14", "15", "16", "17", "18", "19", 
        "20", "21", "22", "23", "24", "25", "26", "27", "28", 
        "29", "31", "32", "33", "43")), .Names = ""), class = "table"), 
    No.Tag = structure(c(0L, 0L, 0L, 0L, 0L, 62L, 0L, 0L, 0L, 
    57L, 0L, 0L, 0L, 2L, 0L, 0L), .Dim = c(4L, 4L), .Dimnames = structure(list(
        c("-1", "0", "1", NA), c("-", "G", "T", NA)), .Names = c("", 
    "")), class = "table"), All.Tags = list(Concordant = list(
        Freqs = structure(c(0, 0, 0, 1, 272, 0, 1, 288, 0), .Dim = c(3L, 
        3L), .Dimnames = list(c("-1", "0", "1"), c("-", "G", 
        "T"))), N = 562), Majority = list(Freqs = structure(c(0, 
    0, 0, 1, 300, 0, 1, 319, 0), .Dim = c(3L, 3L), .Dimnames = list(
        c("-1", "0", "1"), c("-", "G", "T"))), N = 621)), `2` = structure(c(0, 
    0, 0, 1, 243, 0, 0, 275, 0), .Dim = c(3L, 3L), .Dimnames = list(
        c("-1", "0", "1"), c("-", "G", "T"))))))
