Results <-
list(`bwaOutput/20210421msiMNRsJenny/1285_S137.sam` = list(GM01_SNP1 = list(
    All = list(Freqs = structure(c(0L, 17L, 140L, 0L, 0L, 0L, 
    11L, 1917L, 7167L, 41L, 1L, 31L, 0L, 8L, 69L, 0L, 0L, 0L), .Dim = c(6L, 
    3L), .Dimnames = structure(list(c("-2", "-1", "0", "1", "2", 
    NA), c("A", "G", NA)), .Names = c("", "")), class = "table"), 
        N = 9402L), Tag.Distribution = structure(c(`1` = 99L, 
    `2` = 53L, `3` = 37L, `4` = 46L, `5` = 46L, `6` = 37L, `7` = 56L, 
    `8` = 42L, `9` = 49L, `10` = 52L, `11` = 35L, `12` = 37L, 
    `13` = 28L, `14` = 27L, `15` = 33L, `16` = 29L, `17` = 21L, 
    `18` = 19L, `19` = 16L, `20` = 16L, `21` = 15L, `22` = 10L, 
    `23` = 13L, `24` = 9L, `25` = 8L, `26` = 4L, `27` = 6L, `28` = 5L, 
    `29` = 5L, `30` = 2L, `31` = 5L, `32` = 2L, `33` = 2L, `34` = 2L, 
    `35` = 2L, `36` = 1L, `37` = 5L, `42` = 2L, `44` = 1L, `45` = 1L, 
    `46` = 1L, `65` = 1L), .Dim = 42L, .Dimnames = structure(list(
        c("1", "2", "3", "4", "5", "6", "7", "8", "9", "10", 
        "11", "12", "13", "14", "15", "16", "17", "18", "19", 
        "20", "21", "22", "23", "24", "25", "26", "27", "28", 
        "29", "30", "31", "32", "33", "34", "35", "36", "37", 
        "42", "44", "45", "46", "65")), .Names = ""), class = "table"), 
    No.Tag = structure(c(0L, 0L, 2L, 0L, 0L, 0L, 0L, 29L, 83L, 
    0L, 0L, 0L, 0L, 0L, 5L, 0L, 0L, 0L), .Dim = c(6L, 3L), .Dimnames = structure(list(
        c("-2", "-1", "0", "1", "2", NA), c("A", "G", NA)), .Names = c("", 
    "")), class = "table"), All.Tags = list(Concordant = list(
        Freqs = structure(c(0, 1, 10, 0, 0, 0, 132, 525, 1, 0
        ), .Dim = c(5L, 2L), .Dimnames = list(c("-2", "-1", "0", 
        "1", "2"), c("A", "G"))), N = 669), Majority = list(Freqs = structure(c(0, 
    1, 13, 0, 0, 0, 168, 682, 2, 0), .Dim = c(5L, 2L), .Dimnames = list(
        c("-2", "-1", "0", "1", "2"), c("A", "G"))), N = 866)), 
    `2` = structure(c(0, 1, 7, 0, 0, 0, 153, 614, 1, 0), .Dim = c(5L, 
    2L), .Dimnames = list(c("-2", "-1", "0", "1", "2"), c("A", 
    "G"))))))
