Results <-
list(`bwaOutput/20210421msiMNRsJenny/1285_S137.sam` = list(LR49_SNP1 = list(
    All = list(Freqs = structure(c(43L, 8206L, 3L, 8L, 1L, 60L, 
    0L, 0L, 2L, 90L, 0L, 0L), .Dim = 4:3, .Dimnames = structure(list(
        c("-1", "0", "1", NA), c("A", "G", NA)), .Names = c("", 
    "")), class = "table"), N = 8413L), Tag.Distribution = structure(c(`1` = 208L, 
    `2` = 106L, `3` = 84L, `4` = 76L, `5` = 90L, `6` = 60L, `7` = 61L, 
    `8` = 54L, `9` = 43L, `10` = 42L, `11` = 48L, `12` = 22L, 
    `13` = 15L, `14` = 21L, `15` = 26L, `16` = 19L, `17` = 13L, 
    `18` = 15L, `19` = 15L, `20` = 8L, `21` = 7L, `22` = 13L, 
    `23` = 12L, `24` = 2L, `25` = 4L, `26` = 5L, `27` = 5L, `28` = 4L, 
    `29` = 2L, `30` = 3L, `31` = 2L, `33` = 2L, `34` = 2L, `36` = 1L, 
    `39` = 1L, `40` = 1L, `42` = 1L, `51` = 1L, `59` = 1L), .Dim = 39L, .Dimnames = structure(list(
        c("1", "2", "3", "4", "5", "6", "7", "8", "9", "10", 
        "11", "12", "13", "14", "15", "16", "17", "18", "19", 
        "20", "21", "22", "23", "24", "25", "26", "27", "28", 
        "29", "30", "31", "33", "34", "36", "39", "40", "42", 
        "51", "59")), .Names = ""), class = "table"), No.Tag = structure(c(0L, 
    189L, 0L, 2L, 0L, 9L, 0L, 0L, 0L, 5L, 0L, 0L), .Dim = 4:3, .Dimnames = structure(list(
        c("-1", "0", "1", NA), c("A", "G", NA)), .Names = c("", 
    "")), class = "table"), All.Tags = list(Concordant = list(
        Freqs = structure(c(3, 1044, 0, 1, 12, 0), .Dim = 3:2, .Dimnames = list(
            c("-1", "0", "1"), c("A", "G"))), N = 1060), Majority = list(
        Freqs = structure(c(5, 1067, 0, 1, 12, 0), .Dim = 3:2, .Dimnames = list(
            c("-1", "0", "1"), c("A", "G"))), N = 1085)), `2` = structure(c(4, 
    878, 0, 0, 3, 0), .Dim = 3:2, .Dimnames = list(c("-1", "0", 
    "1"), c("A", "G"))))))
