Results <-
list(`bwaOutput/20210421msiMNRsJenny/1285_S137.sam` = list(LR40_SNP1 = list(
    All = list(Freqs = structure(c(1L, 39L, 2569L, 6L, 3L, 0L, 
    0L, 15L, 1L, 0L), .Dim = c(5L, 2L), .Dimnames = structure(list(
        c("-2", "-1", "0", "1", NA), c("C", NA)), .Names = c("", 
    "")), class = "table"), N = 2634L), Tag.Distribution = structure(c(`1` = 56L, 
    `2` = 40L, `3` = 28L, `4` = 26L, `5` = 20L, `6` = 17L, `7` = 19L, 
    `8` = 19L, `9` = 15L, `10` = 16L, `11` = 8L, `12` = 13L, 
    `13` = 8L, `14` = 10L, `15` = 8L, `16` = 7L, `17` = 3L, `18` = 5L, 
    `19` = 4L, `20` = 3L, `21` = 6L, `22` = 4L, `23` = 3L, `24` = 2L, 
    `25` = 2L, `29` = 2L, `40` = 1L), .Dim = 27L, .Dimnames = structure(list(
        c("1", "2", "3", "4", "5", "6", "7", "8", "9", "10", 
        "11", "12", "13", "14", "15", "16", "17", "18", "19", 
        "20", "21", "22", "23", "24", "25", "29", "40")), .Names = ""), class = "table"), 
    No.Tag = structure(c(0L, 1L, 50L, 0L, 0L, 0L, 0L, 1L, 0L, 
    0L), .Dim = c(5L, 2L), .Dimnames = structure(list(c("-2", 
    "-1", "0", "1", NA), c("C", NA)), .Names = c("", "")), class = "table"), 
    All.Tags = list(Concordant = list(Freqs = structure(c(0, 
    4, 314, 0), .Dim = c(4L, 1L), .Dimnames = list(c("-2", "-1", 
    "0", "1"), "C")), N = 318), Majority = list(Freqs = structure(c(0, 
    4, 340, 0), .Dim = c(4L, 1L), .Dimnames = list(c("-2", "-1", 
    "0", "1"), "C")), N = 344)), `2` = structure(c(0, 2, 287, 
    0), .Dim = c(4L, 1L), .Dimnames = list(c("-2", "-1", "0", 
    "1"), "C")))))
