Results <-
list(`bwaOutput/20210421msiMNRsJenny/1285_S137.sam` = list(GM29_SNP1 = list(
    All = list(Freqs = structure(c(5L, 1098L, 1861L, 8L, 5L, 
    3L, 149L, 3181L, 9L, 4L, 0L, 0L, 1L, 0L, 0L, 0L, 1L, 41L, 
    0L, 0L), .Dim = 5:4, .Dimnames = structure(list(c("-2", "-1", 
    "0", "1", NA), c("A", "G", "T", NA)), .Names = c("", "")), class = "table"), 
        N = 6366L), Tag.Distribution = structure(c(`1` = 112L, 
    `2` = 34L, `3` = 53L, `4` = 48L, `5` = 50L, `6` = 45L, `7` = 29L, 
    `8` = 29L, `9` = 41L, `10` = 25L, `11` = 28L, `12` = 25L, 
    `13` = 18L, `14` = 23L, `15` = 19L, `16` = 10L, `17` = 18L, 
    `18` = 5L, `19` = 8L, `20` = 9L, `21` = 8L, `22` = 7L, `23` = 8L, 
    `24` = 1L, `25` = 4L, `26` = 3L, `27` = 6L, `28` = 2L, `29` = 2L, 
    `30` = 2L, `31` = 4L, `32` = 1L, `33` = 3L, `34` = 1L, `39` = 2L, 
    `41` = 1L, `42` = 2L, `43` = 2L, `47` = 3L), .Dim = 39L, .Dimnames = structure(list(
        c("1", "2", "3", "4", "5", "6", "7", "8", "9", "10", 
        "11", "12", "13", "14", "15", "16", "17", "18", "19", 
        "20", "21", "22", "23", "24", "25", "26", "27", "28", 
        "29", "30", "31", "32", "33", "34", "39", "41", "42", 
        "43", "47")), .Names = ""), class = "table"), No.Tag = structure(c(0L, 
    42L, 36L, 0L, 0L, 1L, 1L, 77L, 1L, 0L, 0L, 0L, 0L, 0L, 0L, 
    0L, 0L, 3L, 0L, 0L), .Dim = 5:4, .Dimnames = structure(list(
        c("-2", "-1", "0", "1", NA), c("A", "G", "T", NA)), .Names = c("", 
    "")), class = "table"), All.Tags = list(Concordant = list(
        Freqs = structure(c(0, 77, 149, 0, 0, 13, 264, 0, 0, 
        0, 1, 0), .Dim = 4:3, .Dimnames = list(c("-2", "-1", 
        "0", "1"), c("A", "G", "T"))), N = 504), Majority = list(
        Freqs = structure(c(0, 107, 208, 0, 0, 14, 346, 0, 0, 
        0, 1, 0), .Dim = 4:3, .Dimnames = list(c("-2", "-1", 
        "0", "1"), c("A", "G", "T"))), N = 676)), `2` = structure(c(0, 
    95, 179, 0, 0, 8, 287, 0, 0, 0, 0, 0), .Dim = 4:3, .Dimnames = list(
        c("-2", "-1", "0", "1"), c("A", "G", "T"))))))
