Results <-
list(`bwaOutput/20210421msiMNRsJenny/1285_S137.sam` = list(LR36_SNP1 = list(
    All = list(Freqs = structure(c(0L, 0L, 0L, 0L, 34L, 10L, 
    0L, 1L, 0L, 0L, 0L, 0L, 1L, 0L, 0L, 0L, 0L, 0L, 0L, 0L, 1L, 
    0L, 0L, 0L, 2L, 11L, 462L, 1118L, 4937L, 150L, 17L, 85L, 
    0L, 0L, 9L, 16L, 230L, 9L, 2L, 0L), .Dim = c(8L, 5L), .Dimnames = structure(list(
        c("-4", "-3", "-2", "-1", "0", "1", "2", NA), c("A", 
        "C", "G", "T", NA)), .Names = c("", "")), class = "table"), 
        N = 7095L), Tag.Distribution = structure(c(`1` = 133L, 
    `2` = 52L, `3` = 64L, `4` = 41L, `5` = 47L, `6` = 40L, `7` = 45L, 
    `8` = 36L, `9` = 29L, `10` = 36L, `11` = 32L, `12` = 34L, 
    `13` = 33L, `14` = 29L, `15` = 22L, `16` = 21L, `17` = 18L, 
    `18` = 21L, `19` = 10L, `20` = 10L, `21` = 6L, `22` = 11L, 
    `23` = 3L, `24` = 5L, `25` = 4L, `26` = 2L, `27` = 2L, `28` = 5L, 
    `29` = 1L, `30` = 1L, `31` = 3L, `32` = 1L, `33` = 1L, `34` = 2L, 
    `38` = 2L), .Dim = 35L, .Dimnames = structure(list(c("1", 
    "2", "3", "4", "5", "6", "7", "8", "9", "10", "11", "12", 
    "13", "14", "15", "16", "17", "18", "19", "20", "21", "22", 
    "23", "24", "25", "26", "27", "28", "29", "30", "31", "32", 
    "33", "34", "38")), .Names = ""), class = "table"), No.Tag = structure(c(0L, 
    0L, 0L, 0L, 2L, 0L, 0L, 1L, 0L, 0L, 0L, 0L, 0L, 0L, 0L, 0L, 
    0L, 0L, 0L, 0L, 0L, 0L, 0L, 0L, 0L, 0L, 16L, 5L, 134L, 6L, 
    2L, 9L, 0L, 0L, 0L, 1L, 27L, 0L, 1L, 0L), .Dim = c(8L, 5L
    ), .Dimnames = structure(list(c("-4", "-3", "-2", "-1", "0", 
    "1", "2", NA), c("A", "C", "G", "T", NA)), .Names = c("", 
    "")), class = "table"), All.Tags = list(Concordant = list(
        Freqs = structure(c(0, 0, 0, 0, 1, 0, 0, 0, 0, 0, 0, 
        0, 0, 0, 0, 0, 0, 0, 0, 0, 0, 0, 1, 33, 98, 442, 7, 0
        ), .Dim = c(7L, 4L), .Dimnames = list(c("-4", "-3", "-2", 
        "-1", "0", "1", "2"), c("A", "C", "G", "T"))), N = 582), 
        Majority = list(Freqs = structure(c(0, 0, 0, 0, 2, 0, 
        0, 0, 0, 0, 0, 0, 0, 0, 0, 0, 0, 0, 0, 0, 0, 0, 1, 46, 
        122, 590, 11, 1), .Dim = c(7L, 4L), .Dimnames = list(
            c("-4", "-3", "-2", "-1", "0", "1", "2"), c("A", 
            "C", "G", "T"))), N = 773)), `2` = structure(c(0, 
    0, 0, 0, 1, 0, 0, 0, 0, 0, 0, 0, 0, 0, 0, 0, 0, 0, 0, 0, 
    0, 0, 0, 44, 102, 503, 9, 1), .Dim = c(7L, 4L), .Dimnames = list(
        c("-4", "-3", "-2", "-1", "0", "1", "2"), c("A", "C", 
        "G", "T"))))))
