Results <-
list(`bwaOutput/20210421msiMNRsJenny/1285_S137.sam` = list(GM22_SNP1 = list(
    All = list(Freqs = structure(c(6L, 390L, 6410L, 38L, 1L, 
    18L, 0L, 0L, 9L, 0L, 0L, 0L, 0L, 5L, 82L, 1L, 0L, 0L), .Dim = c(6L, 
    3L), .Dimnames = structure(list(c("-2", "-1", "0", "1", "2", 
    NA), c("A", "G", NA)), .Names = c("", "")), class = "table"), 
        N = 6960L), Tag.Distribution = structure(c(`1` = 97L, 
    `2` = 41L, `3` = 29L, `4` = 27L, `5` = 32L, `6` = 32L, `7` = 34L, 
    `8` = 31L, `9` = 27L, `10` = 31L, `11` = 33L, `12` = 30L, 
    `13` = 27L, `14` = 16L, `15` = 24L, `16` = 23L, `17` = 21L, 
    `18` = 14L, `19` = 22L, `20` = 18L, `21` = 5L, `22` = 16L, 
    `23` = 5L, `24` = 7L, `25` = 4L, `26` = 4L, `27` = 3L, `28` = 2L, 
    `29` = 4L, `30` = 3L, `31` = 1L, `32` = 1L, `33` = 1L, `35` = 2L, 
    `37` = 1L, `39` = 2L, `41` = 1L, `42` = 1L), .Dim = 38L, .Dimnames = structure(list(
        c("1", "2", "3", "4", "5", "6", "7", "8", "9", "10", 
        "11", "12", "13", "14", "15", "16", "17", "18", "19", 
        "20", "21", "22", "23", "24", "25", "26", "27", "28", 
        "29", "30", "31", "32", "33", "35", "37", "39", "41", 
        "42")), .Names = ""), class = "table"), No.Tag = structure(c(0L, 
    3L, 115L, 0L, 0L, 0L, 0L, 0L, 0L, 0L, 0L, 0L, 0L, 0L, 13L, 
    0L, 0L, 0L), .Dim = c(6L, 3L), .Dimnames = structure(list(
        c("-2", "-1", "0", "1", "2", NA), c("A", "G", NA)), .Names = c("", 
    "")), class = "table"), All.Tags = list(Concordant = list(
        Freqs = structure(c(0, 29, 530, 4, 0, 0, 0, 2, 0, 0), .Dim = c(5L, 
        2L), .Dimnames = list(c("-2", "-1", "0", "1", "2"), c("A", 
        "G"))), N = 565), Majority = list(Freqs = structure(c(0, 
    32, 625, 4, 0, 0, 0, 2, 0, 0), .Dim = c(5L, 2L), .Dimnames = list(
        c("-2", "-1", "0", "1", "2"), c("A", "G"))), N = 663)), 
    `2` = structure(c(0, 29, 540, 4, 0, 0, 0, 1, 0, 0), .Dim = c(5L, 
    2L), .Dimnames = list(c("-2", "-1", "0", "1", "2"), c("A", 
    "G"))))))
