Results <-
list(`bwaOutput/20210421msiMNRsJenny/1285_S137.sam` = list(LR24_SNP1 = list(
    All = list(Freqs = structure(c(1L, 1L, 46L, 4210L, 9L, 1L, 
    5L, 0L, 7L, 1365L, 2817L, 6L, 0L, 18L, 0L, 0L, 4L, 34L, 0L, 
    0L, 0L), .Dim = c(7L, 3L), .Dimnames = structure(list(c("-3", 
    "-2", "-1", "0", "1", "2", NA), c("A", "G", NA)), .Names = c("", 
    "")), class = "table"), N = 8524L), Tag.Distribution = structure(c(`1` = 338L, 
    `2` = 199L, `3` = 164L, `4` = 150L, `5` = 110L, `6` = 104L, 
    `7` = 66L, `8` = 64L, `9` = 54L, `10` = 38L, `11` = 38L, 
    `12` = 33L, `13` = 26L, `14` = 29L, `15` = 13L, `16` = 15L, 
    `17` = 14L, `18` = 13L, `19` = 5L, `20` = 2L, `21` = 3L, 
    `22` = 5L, `23` = 6L, `24` = 6L, `25` = 3L, `26` = 3L, `27` = 1L, 
    `28` = 1L, `31` = 1L, `32` = 1L, `35` = 2L, `39` = 1L), .Dim = 32L, .Dimnames = structure(list(
        c("1", "2", "3", "4", "5", "6", "7", "8", "9", "10", 
        "11", "12", "13", "14", "15", "16", "17", "18", "19", 
        "20", "21", "22", "23", "24", "25", "26", "27", "28", 
        "31", "32", "35", "39")), .Names = ""), class = "table"), 
    No.Tag = structure(c(0L, 0L, 0L, 102L, 0L, 0L, 1L, 0L, 0L, 
    35L, 96L, 0L, 0L, 2L, 0L, 0L, 0L, 11L, 0L, 0L, 0L), .Dim = c(7L, 
    3L), .Dimnames = structure(list(c("-3", "-2", "-1", "0", 
    "1", "2", NA), c("A", "G", NA)), .Names = c("", "")), class = "table"), 
    All.Tags = list(Concordant = list(Freqs = structure(c(0, 
    0, 4, 622, 0, 0, 0, 2, 180, 406, 0, 0), .Dim = c(6L, 2L), .Dimnames = list(
        c("-3", "-2", "-1", "0", "1", "2"), c("A", "G"))), N = 1214), 
        Majority = list(Freqs = structure(c(0, 0, 5, 742, 0, 
        0, 0, 2, 230, 489, 0, 0), .Dim = c(6L, 2L), .Dimnames = list(
            c("-3", "-2", "-1", "0", "1", "2"), c("A", "G"))), 
            N = 1468)), `2` = structure(c(0, 0, 4, 581, 0, 0, 
    0, 1, 181, 373, 0, 0), .Dim = c(6L, 2L), .Dimnames = list(
        c("-3", "-2", "-1", "0", "1", "2"), c("A", "G"))))))
