Results <-
list(`bwaOutput/20210421msiMNRsJenny/1285_S137.sam` = list(LR44_SNP1 = list(
    All = list(Freqs = structure(c(0L, 0L, 0L, 1L, 0L, 0L, 0L, 
    7L, 419L, 284L, 1062L, 27L, 2L, 6L, 5L, 257L, 725L, 1276L, 
    22L, 2L, 22L, 0L, 0L, 12L, 54L, 2L, 0L, 0L), .Dim = c(7L, 
    4L), .Dimnames = structure(list(c("-3", "-2", "-1", "0", 
    "1", "2", NA), c("A", "C", "T", NA)), .Names = c("", "")), class = "table"), 
        N = 4185L), Tag.Distribution = structure(c(`1` = 59L, 
    `2` = 29L, `3` = 25L, `4` = 36L, `5` = 21L, `6` = 40L, `7` = 32L, 
    `8` = 29L, `9` = 29L, `10` = 20L, `11` = 15L, `12` = 11L, 
    `13` = 17L, `14` = 18L, `15` = 21L, `16` = 13L, `17` = 7L, 
    `18` = 10L, `19` = 7L, `20` = 3L, `21` = 3L, `22` = 5L, `23` = 3L, 
    `24` = 4L, `25` = 3L, `26` = 2L, `29` = 1L, `30` = 1L, `36` = 1L, 
    `37` = 1L, `43` = 1L, `44` = 1L), .Dim = 32L, .Dimnames = structure(list(
        c("1", "2", "3", "4", "5", "6", "7", "8", "9", "10", 
        "11", "12", "13", "14", "15", "16", "17", "18", "19", 
        "20", "21", "22", "23", "24", "25", "26", "29", "30", 
        "36", "37", "43", "44")), .Names = ""), class = "table"), 
    No.Tag = structure(c(0L, 0L, 0L, 0L, 0L, 0L, 0L, 0L, 2L, 
    3L, 45L, 1L, 0L, 0L, 0L, 15L, 8L, 32L, 1L, 0L, 4L, 0L, 0L, 
    0L, 7L, 0L, 0L, 0L), .Dim = c(7L, 4L), .Dimnames = structure(list(
        c("-3", "-2", "-1", "0", "1", "2", NA), c("A", "C", "T", 
        NA)), .Names = c("", "")), class = "table"), All.Tags = list(
        Concordant = list(Freqs = structure(c(0, 0, 0, 0, 0, 
        0, 0, 41, 14, 63, 2, 0, 0, 17, 45, 82, 0, 0), .Dim = c(6L, 
        3L), .Dimnames = list(c("-3", "-2", "-1", "0", "1", "2"
        ), c("A", "C", "T"))), N = 264), Majority = list(Freqs = structure(c(0, 
        0, 0, 0, 0, 0, 0, 50, 26, 120, 2, 0, 0, 24, 70, 158, 
        0, 0), .Dim = c(6L, 3L), .Dimnames = list(c("-3", "-2", 
        "-1", "0", "1", "2"), c("A", "C", "T"))), N = 450)), 
    `2` = structure(c(0, 0, 0, 0, 0, 0, 0, 49, 23, 107, 0, 0, 
    0, 22, 64, 131, 0, 0), .Dim = c(6L, 3L), .Dimnames = list(
        c("-3", "-2", "-1", "0", "1", "2"), c("A", "C", "T"))))))
