Results <-
list(`bwaOutput/20210421msiMNRsJenny/1289_S125.sam` = list(GM17_SNP1 = list(
    All = list(Freqs = structure(c(0L, 0L, 0L, 23L, 0L, 0L, 0L, 
    1L, 4L, 480L, 14526L, 759L, 4L, 23L, 0L, 1L, 5L, 68L, 3L, 
    0L, 0L), .Dim = c(7L, 3L), .Dimnames = structure(list(c("-3", 
    "-2", "-1", "0", "1", "2", NA), c("C", "T", NA)), .Names = c("", 
    "")), class = "table"), N = 15897L), Tag.Distribution = structure(c(`1` = 261L, 
    `2` = 193L, `3` = 192L, `4` = 186L, `5` = 154L, `6` = 142L, 
    `7` = 119L, `8` = 111L, `9` = 105L, `10` = 91L, `11` = 74L, 
    `12` = 65L, `13` = 49L, `14` = 46L, `15` = 49L, `16` = 41L, 
    `17` = 29L, `18` = 26L, `19` = 25L, `20` = 13L, `21` = 17L, 
    `22` = 12L, `23` = 16L, `24` = 9L, `25` = 4L, `26` = 6L, 
    `27` = 4L, `28` = 8L, `29` = 3L, `30` = 2L, `31` = 2L, `32` = 3L, 
    `33` = 3L, `34` = 1L, `35` = 2L, `38` = 1L, `39` = 1L, `44` = 1L
    ), .Dim = 38L, .Dimnames = structure(list(c("1", "2", "3", 
    "4", "5", "6", "7", "8", "9", "10", "11", "12", "13", "14", 
    "15", "16", "17", "18", "19", "20", "21", "22", "23", "24", 
    "25", "26", "27", "28", "29", "30", "31", "32", "33", "34", 
    "35", "38", "39", "44")), .Names = ""), class = "table"), 
    No.Tag = structure(c(0L, 0L, 0L, 2L, 0L, 0L, 0L, 0L, 0L, 
    5L, 321L, 11L, 1L, 1L, 0L, 1L, 0L, 6L, 0L, 0L, 0L), .Dim = c(7L, 
    3L), .Dimnames = structure(list(c("-3", "-2", "-1", "0", 
    "1", "2", NA), c("C", "T", NA)), .Names = c("", "")), class = "table"), 
    All.Tags = list(Concordant = list(Freqs = structure(c(0, 
    0, 0, 7, 0, 0, 0, 0, 32, 1652, 56, 0), .Dim = c(6L, 2L), .Dimnames = list(
        c("-3", "-2", "-1", "0", "1", "2"), c("C", "T"))), N = 1747), 
        Majority = list(Freqs = structure(c(0, 0, 0, 7, 0, 0, 
        0, 0, 44, 1887, 102, 0), .Dim = c(6L, 2L), .Dimnames = list(
            c("-3", "-2", "-1", "0", "1", "2"), c("C", "T"))), 
            N = 2040)), `2` = structure(c(0, 0, 0, 0, 0, 0, 0, 
    0, 38, 1657, 93, 0), .Dim = c(6L, 2L), .Dimnames = list(c("-3", 
    "-2", "-1", "0", "1", "2"), c("C", "T"))))))
