Results <-
list(`bwaOutput/20210421msiMNRsJenny/1289_S125.sam` = list(LR49_SNP1 = list(
    All = list(Freqs = structure(c(16L, 167L, 1017L, 3479L, 2L, 
    10L, 0L, 0L, 1L, 9L, 0L, 3L, 0L, 0L, 1L, 1L, 0L, 0L, 0L, 
    1L, 5L, 53L, 0L, 0L), .Dim = c(6L, 4L), .Dimnames = structure(list(
        c("-3", "-2", "-1", "0", "1", NA), c("A", "G", "T", NA
        )), .Names = c("", "")), class = "table"), N = 4765L), 
    Tag.Distribution = structure(c(`1` = 220L, `2` = 152L, `3` = 131L, 
    `4` = 111L, `5` = 74L, `6` = 72L, `7` = 60L, `8` = 41L, `9` = 19L, 
    `10` = 31L, `11` = 16L, `12` = 13L, `13` = 18L, `14` = 14L, 
    `15` = 10L, `16` = 3L, `17` = 3L, `18` = 4L, `19` = 2L, `20` = 1L, 
    `21` = 1L, `23` = 2L, `29` = 1L, `31` = 1L), .Dim = 24L, .Dimnames = structure(list(
        c("1", "2", "3", "4", "5", "6", "7", "8", "9", "10", 
        "11", "12", "13", "14", "15", "16", "17", "18", "19", 
        "20", "21", "23", "29", "31")), .Names = ""), class = "table"), 
    No.Tag = structure(c(0L, 4L, 10L, 85L, 0L, 0L, 0L, 0L, 0L, 
    0L, 0L, 0L, 0L, 0L, 0L, 0L, 0L, 0L, 0L, 0L, 1L, 5L, 0L, 0L
    ), .Dim = c(6L, 4L), .Dimnames = structure(list(c("-3", "-2", 
    "-1", "0", "1", NA), c("A", "G", "T", NA)), .Names = c("", 
    "")), class = "table"), All.Tags = list(Concordant = list(
        Freqs = structure(c(0, 26, 174, 695, 0, 0, 0, 0, 7, 0, 
        0, 0, 0, 0, 0), .Dim = c(5L, 3L), .Dimnames = list(c("-3", 
        "-2", "-1", "0", "1"), c("A", "G", "T"))), N = 902), 
        Majority = list(Freqs = structure(c(1, 30, 206, 734, 
        0, 0, 0, 0, 7, 0, 0, 0, 0, 0, 0), .Dim = c(5L, 3L), .Dimnames = list(
            c("-3", "-2", "-1", "0", "1"), c("A", "G", "T"))), 
            N = 978)), `2` = structure(c(1, 25, 166, 574, 0, 
    0, 0, 0, 1, 0, 0, 0, 0, 0, 0), .Dim = c(5L, 3L), .Dimnames = list(
        c("-3", "-2", "-1", "0", "1"), c("A", "G", "T"))))))
