Results <-
list(`bwaOutput/20210421msiMNRsJenny/1289_S125.sam` = list(GM22_SNP1 = list(
    All = list(Freqs = structure(c(4L, 548L, 6565L, 103L, 1L, 
    30L, 0L, 0L, 1L, 0L, 0L, 0L, 0L, 1L, 12L, 0L, 0L, 0L, 0L, 
    2L, 78L, 2L, 0L, 0L), .Dim = c(6L, 4L), .Dimnames = structure(list(
        c("-2", "-1", "0", "1", "2", NA), c("A", "C", "G", NA
        )), .Names = c("", "")), class = "table"), N = 7347L), 
    Tag.Distribution = structure(c(`1` = 178L, `2` = 108L, `3` = 108L, 
    `4` = 111L, `5` = 105L, `6` = 78L, `7` = 71L, `8` = 64L, 
    `9` = 60L, `10` = 54L, `11` = 49L, `12` = 46L, `13` = 27L, 
    `14` = 14L, `15` = 11L, `16` = 11L, `17` = 12L, `18` = 7L, 
    `19` = 4L, `20` = 5L, `21` = 5L, `22` = 3L, `23` = 3L, `24` = 2L, 
    `26` = 3L, `28` = 2L, `30` = 1L, `32` = 1L), .Dim = 28L, .Dimnames = structure(list(
        c("1", "2", "3", "4", "5", "6", "7", "8", "9", "10", 
        "11", "12", "13", "14", "15", "16", "17", "18", "19", 
        "20", "21", "22", "23", "24", "26", "28", "30", "32")), .Names = ""), class = "table"), 
    No.Tag = structure(c(0L, 13L, 106L, 4L, 0L, 4L, 0L, 0L, 1L, 
    0L, 0L, 0L, 0L, 0L, 1L, 0L, 0L, 0L, 0L, 0L, 5L, 0L, 0L, 0L
    ), .Dim = c(6L, 4L), .Dimnames = structure(list(c("-2", "-1", 
    "0", "1", "2", NA), c("A", "C", "G", NA)), .Names = c("", 
    "")), class = "table"), All.Tags = list(Concordant = list(
        Freqs = structure(c(0, 67, 903, 14, 0, 0, 0, 0, 0, 0, 
        0, 1, 3, 0, 0), .Dim = c(5L, 3L), .Dimnames = list(c("-2", 
        "-1", "0", "1", "2"), c("A", "C", "G"))), N = 988), Majority = list(
        Freqs = structure(c(0, 77, 1024, 15, 0, 0, 0, 0, 0, 0, 
        0, 1, 3, 0, 0), .Dim = c(5L, 3L), .Dimnames = list(c("-2", 
        "-1", "0", "1", "2"), c("A", "C", "G"))), N = 1120)), 
    `2` = structure(c(0, 60, 881, 13, 0, 0, 0, 0, 0, 0, 0, 0, 
    1, 0, 0), .Dim = c(5L, 3L), .Dimnames = list(c("-2", "-1", 
    "0", "1", "2"), c("A", "C", "G"))))))
