Results <-
list(`bwaOutput/20210421msiMNRsJenny/1289_S125.sam` = list(LR11_SNP1 = list(
    All = list(Freqs = structure(c(0L, 12L, 426L, 3127L, 287L, 
    5L, 32L, 2L, 90L, 833L, 2342L, 22L, 0L, 16L, 0L, 2L, 17L, 
    68L, 2L, 0L, 0L), .Dim = c(7L, 3L), .Dimnames = structure(list(
        c("-3", "-2", "-1", "0", "1", "2", NA), c("A", "C", NA
        )), .Names = c("", "")), class = "table"), N = 7283L), 
    Tag.Distribution = structure(c(`1` = 203L, `2` = 167L, `3` = 143L, 
    `4` = 133L, `5` = 98L, `6` = 94L, `7` = 85L, `8` = 70L, `9` = 60L, 
    `10` = 38L, `11` = 42L, `12` = 34L, `13` = 21L, `14` = 22L, 
    `15` = 11L, `16` = 19L, `17` = 9L, `18` = 9L, `19` = 5L, 
    `20` = 3L, `21` = 1L, `22` = 1L, `25` = 3L, `27` = 1L, `28` = 1L
    ), .Dim = 25L, .Dimnames = structure(list(c("1", "2", "3", 
    "4", "5", "6", "7", "8", "9", "10", "11", "12", "13", "14", 
    "15", "16", "17", "18", "19", "20", "21", "22", "25", "27", 
    "28")), .Names = ""), class = "table"), No.Tag = structure(c(0L, 
    0L, 2L, 32L, 0L, 0L, 3L, 0L, 0L, 20L, 33L, 0L, 0L, 1L, 0L, 
    0L, 0L, 2L, 0L, 0L, 0L), .Dim = c(7L, 3L), .Dimnames = structure(list(
        c("-3", "-2", "-1", "0", "1", "2", NA), c("A", "C", NA
        )), .Names = c("", "")), class = "table"), All.Tags = list(
        Concordant = list(Freqs = structure(c(0, 1, 39, 427, 
        22, 0, 0, 8, 100, 309, 0, 0), .Dim = c(6L, 2L), .Dimnames = list(
            c("-3", "-2", "-1", "0", "1", "2"), c("A", "C"))), 
            N = 906), Majority = list(Freqs = structure(c(0, 
        2, 60, 570, 37, 0, 0, 14, 135, 406, 0, 0), .Dim = c(6L, 
        2L), .Dimnames = list(c("-3", "-2", "-1", "0", "1", "2"
        ), c("A", "C"))), N = 1224)), `2` = structure(c(0, 2, 
    46, 478, 35, 0, 0, 11, 116, 343, 0, 0), .Dim = c(6L, 2L), .Dimnames = list(
        c("-3", "-2", "-1", "0", "1", "2"), c("A", "C"))))))
