Results <-
list(`bwaOutput/20210421msiMNRsJenny/1289_S125.sam` = list(GM07_SNP1 = list(
    All = list(Freqs = structure(c(2L, 0L, 23L, 1L, 1L, 1L, 366L, 
    1564L, 2949L, 92L, 2L, 137L, 5L, 8L, 39L, 0L, 0L, 0L), .Dim = c(6L, 
    3L), .Dimnames = structure(list(c("-2", "-1", "0", "1", "2", 
    NA), c("A", "G", NA)), .Names = c("", "")), class = "table"), 
        N = 5190L), Tag.Distribution = structure(c(`1` = 170L, 
    `2` = 123L, `3` = 96L, `4` = 87L, `5` = 63L, `6` = 66L, `7` = 62L, 
    `8` = 44L, `9` = 34L, `10` = 36L, `11` = 23L, `12` = 21L, 
    `13` = 16L, `14` = 17L, `15` = 12L, `16` = 7L, `17` = 8L, 
    `18` = 4L, `19` = 3L, `20` = 3L, `21` = 6L, `22` = 1L, `23` = 1L, 
    `24` = 2L, `26` = 1L), .Dim = 25L, .Dimnames = structure(list(
        c("1", "2", "3", "4", "5", "6", "7", "8", "9", "10", 
        "11", "12", "13", "14", "15", "16", "17", "18", "19", 
        "20", "21", "22", "23", "24", "26")), .Names = ""), class = "table"), 
    No.Tag = structure(c(0L, 0L, 0L, 0L, 0L, 0L, 25L, 35L, 77L, 
    1L, 0L, 20L, 2L, 0L, 2L, 0L, 0L, 0L), .Dim = c(6L, 3L), .Dimnames = structure(list(
        c("-2", "-1", "0", "1", "2", NA), c("A", "G", NA)), .Names = c("", 
    "")), class = "table"), All.Tags = list(Concordant = list(
        Freqs = structure(c(1, 0, 16, 0, 1, 45, 196, 360, 6, 
        0), .Dim = c(5L, 2L), .Dimnames = list(c("-2", "-1", 
        "0", "1", "2"), c("A", "G"))), N = 625), Majority = list(
        Freqs = structure(c(1, 0, 16, 0, 1, 55, 264, 530, 7, 
        0), .Dim = c(5L, 2L), .Dimnames = list(c("-2", "-1", 
        "0", "1", "2"), c("A", "G"))), N = 874)), `2` = structure(c(0, 
    0, 1, 0, 0, 48, 221, 449, 3, 0), .Dim = c(5L, 2L), .Dimnames = list(
        c("-2", "-1", "0", "1", "2"), c("A", "G"))))))
