Results <-
list(`bwaOutput/20210421msiMNRsJenny/1289_S125.sam` = list(DEPDC2_SNP1 = list(
    All = list(Freqs = structure(c(0L, 18L, 2116L, 41L, 25L, 
    8L, 447L, 8L, 65L, 3293L, 244L, 22L, 1L, 47L, 0L, 1L, 49L, 
    1L, 2L, 0L, 0L), .Dim = c(7L, 3L), .Dimnames = structure(list(
        c("-2", "-1", "0", "1", "2", "3", NA), c("C", "T", NA
        )), .Names = c("", "")), class = "table"), N = 6388L), 
    Tag.Distribution = structure(c(`1` = 347L, `2` = 196L, `3` = 166L, 
    `4` = 138L, `5` = 117L, `6` = 101L, `7` = 71L, `8` = 66L, 
    `9` = 45L, `10` = 42L, `11` = 27L, `12` = 29L, `13` = 9L, 
    `14` = 14L, `15` = 6L, `16` = 3L, `17` = 6L, `18` = 1L, `19` = 3L, 
    `20` = 2L, `21` = 1L, `22` = 1L, `23` = 2L, `24` = 1L), .Dim = 24L, .Dimnames = structure(list(
        c("1", "2", "3", "4", "5", "6", "7", "8", "9", "10", 
        "11", "12", "13", "14", "15", "16", "17", "18", "19", 
        "20", "21", "22", "23", "24")), .Names = ""), class = "table"), 
    No.Tag = structure(c(0L, 0L, 37L, 0L, 2L, 0L, 14L, 0L, 1L, 
    66L, 5L, 0L, 0L, 4L, 0L, 0L, 2L, 0L, 1L, 0L, 0L), .Dim = c(7L, 
    3L), .Dimnames = structure(list(c("-2", "-1", "0", "1", "2", 
    "3", NA), c("C", "T", NA)), .Names = c("", "")), class = "table"), 
    All.Tags = list(Concordant = list(Freqs = structure(c(0, 
    2, 379, 8, 5, 2, 1, 12, 639, 28, 1, 0), .Dim = c(6L, 2L), .Dimnames = list(
        c("-2", "-1", "0", "1", "2", "3"), c("C", "T"))), N = 1077), 
        Majority = list(Freqs = structure(c(0, 2, 454, 9, 5, 
        4, 2, 14, 729, 40, 1, 0), .Dim = c(6L, 2L), .Dimnames = list(
            c("-2", "-1", "0", "1", "2", "3"), c("C", "T"))), 
            N = 1260)), `2` = structure(c(0, 1, 342, 7, 4, 4, 
    1, 8, 558, 32, 1, 0), .Dim = c(6L, 2L), .Dimnames = list(
        c("-2", "-1", "0", "1", "2", "3"), c("C", "T"))))))
