Results <-
list(`bwaOutput/20210421msiMNRsJenny/1289_S125.sam` = list(GM14_SNP1 = list(
    All = list(Freqs = structure(c(29L, 1045L, 461L, 1367L, 4681L, 
    492L, 4L, 28L, 0L, 0L, 0L, 4L, 8L, 0L, 0L, 0L, 0L, 1L, 1L, 
    2L, 55L, 4L, 0L, 0L), .Dim = c(8L, 3L), .Dimnames = structure(list(
        c("-4", "-3", "-2", "-1", "0", "1", "2", NA), c("C", 
        "T", NA)), .Names = c("", "")), class = "table"), N = 8182L), 
    Tag.Distribution = structure(c(`1` = 260L, `2` = 161L, `3` = 149L, 
    `4` = 141L, `5` = 111L, `6` = 111L, `7` = 104L, `8` = 68L, 
    `9` = 63L, `10` = 46L, `11` = 41L, `12` = 38L, `13` = 33L, 
    `14` = 17L, `15` = 15L, `16` = 13L, `17` = 7L, `18` = 11L, 
    `19` = 8L, `20` = 4L, `21` = 2L, `22` = 5L, `23` = 2L, `25` = 4L, 
    `26` = 1L, `27` = 1L, `31` = 1L), .Dim = 27L, .Dimnames = structure(list(
        c("1", "2", "3", "4", "5", "6", "7", "8", "9", "10", 
        "11", "12", "13", "14", "15", "16", "17", "18", "19", 
        "20", "21", "22", "23", "25", "26", "27", "31")), .Names = ""), class = "table"), 
    No.Tag = structure(c(0L, 5L, 4L, 20L, 88L, 6L, 0L, 1L, 0L, 
    0L, 0L, 0L, 0L, 0L, 0L, 0L, 0L, 0L, 0L, 1L, 5L, 1L, 0L, 0L
    ), .Dim = c(8L, 3L), .Dimnames = structure(list(c("-4", "-3", 
    "-2", "-1", "0", "1", "2", NA), c("C", "T", NA)), .Names = c("", 
    "")), class = "table"), All.Tags = list(Concordant = list(
        Freqs = structure(c(2, 153, 55, 158, 625, 53, 0, 0, 0, 
        0, 2, 8, 0, 0), .Dim = c(7L, 2L), .Dimnames = list(c("-4", 
        "-3", "-2", "-1", "0", "1", "2"), c("C", "T"))), N = 1056), 
        Majority = list(Freqs = structure(c(3, 186, 72, 202, 
        822, 80, 0, 0, 0, 0, 2, 8, 0, 0), .Dim = c(7L, 2L), .Dimnames = list(
            c("-4", "-3", "-2", "-1", "0", "1", "2"), c("C", 
            "T"))), N = 1375)), `2` = structure(c(3, 158, 63, 
    170, 665, 65, 0, 0, 0, 0, 0, 0, 0, 0), .Dim = c(7L, 2L), .Dimnames = list(
        c("-4", "-3", "-2", "-1", "0", "1", "2"), c("C", "T"))))))
