Results <-
list(`bwaOutput/20210421msiMNRsJenny/1289_S125.sam` = list(LR44_SNP1 = list(
    All = list(Freqs = structure(c(0L, 0L, 0L, 0L, 7L, 0L, 0L, 
    0L, 0L, 5L, 488L, 137L, 92L, 817L, 11L, 0L, 0L, 10L, 0L, 
    0L, 0L, 0L, 1L, 3L, 0L, 0L, 0L, 0L, 13L, 330L, 173L, 1086L, 
    30L, 5L, 1L, 13L, 0L, 5L, 3L, 3L, 32L, 0L, 0L, 0L, 0L), .Dim = c(9L, 
    5L), .Dimnames = structure(list(c("-4", "-3", "-2", "-1", 
    "0", "1", "2", "3", NA), c("A", "C", "G", "T", NA)), .Names = c("", 
    "")), class = "table"), N = 3265L), Tag.Distribution = structure(c(`1` = 143L, 
    `2` = 92L, `3` = 69L, `4` = 59L, `5` = 55L, `6` = 48L, `7` = 44L, 
    `8` = 30L, `9` = 30L, `10` = 24L, `11` = 16L, `12` = 14L, 
    `13` = 8L, `14` = 3L, `15` = 6L, `16` = 1L, `17` = 2L, `18` = 2L, 
    `19` = 2L, `21` = 1L, `23` = 1L, `24` = 1L, `25` = 1L, `26` = 1L
    ), .Dim = 24L, .Dimnames = structure(list(c("1", "2", "3", 
    "4", "5", "6", "7", "8", "9", "10", "11", "12", "13", "14", 
    "15", "16", "17", "18", "19", "21", "23", "24", "25", "26"
    )), .Names = ""), class = "table"), No.Tag = structure(c(0L, 
    0L, 0L, 0L, 0L, 0L, 0L, 0L, 0L, 0L, 6L, 0L, 3L, 21L, 2L, 
    0L, 0L, 1L, 0L, 0L, 0L, 0L, 0L, 0L, 0L, 0L, 0L, 0L, 0L, 1L, 
    1L, 14L, 1L, 0L, 0L, 0L, 0L, 0L, 0L, 1L, 0L, 0L, 0L, 0L, 
    0L), .Dim = c(9L, 5L), .Dimnames = structure(list(c("-4", 
    "-3", "-2", "-1", "0", "1", "2", "3", NA), c("A", "C", "G", 
    "T", NA)), .Names = c("", "")), class = "table"), All.Tags = list(
        Concordant = list(Freqs = structure(c(0, 0, 0, 0, 1, 
        0, 0, 0, 0, 80, 24, 6, 113, 2, 0, 0, 0, 0, 0, 0, 0, 1, 
        0, 0, 0, 2, 65, 19, 155, 0, 0, 0), .Dim = c(8L, 4L), .Dimnames = list(
            c("-4", "-3", "-2", "-1", "0", "1", "2", "3"), c("A", 
            "C", "G", "T"))), N = 468), Majority = list(Freqs = structure(c(0, 
        0, 0, 0, 2, 0, 0, 0, 0, 91, 27, 8, 160, 2, 0, 0, 0, 0, 
        0, 0, 0, 1, 0, 0, 0, 3, 73, 23, 239, 1, 1, 0), .Dim = c(8L, 
        4L), .Dimnames = list(c("-4", "-3", "-2", "-1", "0", 
        "1", "2", "3"), c("A", "C", "G", "T"))), N = 631)), `2` = structure(c(0, 
    0, 0, 0, 1, 0, 0, 0, 0, 71, 20, 3, 125, 0, 0, 0, 0, 0, 0, 
    0, 0, 1, 0, 0, 0, 3, 55, 14, 197, 1, 1, 0), .Dim = c(8L, 
    4L), .Dimnames = list(c("-4", "-3", "-2", "-1", "0", "1", 
    "2", "3"), c("A", "C", "G", "T"))))))
