Results <-
list(`bwaOutput/20210421msiMNRsJenny/1289_S125.sam` = list(LR48_SNP1 = list(
    All = list(Freqs = structure(c(458L, 538L, 3308L, 57L, 1L, 
    25L, 1L, 2L, 8L, 0L, 0L, 0L, 3L, 5L, 63L, 1L, 0L, 0L), .Dim = c(6L, 
    3L), .Dimnames = structure(list(c("-2", "-1", "0", "1", "2", 
    NA), c("C", "T", NA)), .Names = c("", "")), class = "table"), 
        N = 4470L), Tag.Distribution = structure(c(`1` = 113L, 
    `2` = 74L, `3` = 75L, `4` = 54L, `5` = 53L, `6` = 42L, `7` = 50L, 
    `8` = 32L, `9` = 43L, `10` = 27L, `11` = 28L, `12` = 20L, 
    `13` = 16L, `14` = 15L, `15` = 11L, `16` = 2L, `17` = 9L, 
    `18` = 3L, `19` = 10L, `20` = 5L, `23` = 2L, `24` = 2L, `25` = 2L, 
    `29` = 2L, `31` = 1L, `36` = 1L), .Dim = 26L, .Dimnames = structure(list(
        c("1", "2", "3", "4", "5", "6", "7", "8", "9", "10", 
        "11", "12", "13", "14", "15", "16", "17", "18", "19", 
        "20", "23", "24", "25", "29", "31", "36")), .Names = ""), class = "table"), 
    No.Tag = structure(c(11L, 4L, 35L, 0L, 0L, 2L, 0L, 0L, 0L, 
    0L, 0L, 0L, 0L, 1L, 6L, 0L, 0L, 0L), .Dim = c(6L, 3L), .Dimnames = structure(list(
        c("-2", "-1", "0", "1", "2", NA), c("C", "T", NA)), .Names = c("", 
    "")), class = "table"), All.Tags = list(Concordant = list(
        Freqs = structure(c(57, 49, 411, 2, 0, 0, 1, 8, 0, 0), .Dim = c(5L, 
        2L), .Dimnames = list(c("-2", "-1", "0", "1", "2"), c("C", 
        "T"))), N = 528), Majority = list(Freqs = structure(c(66, 
    67, 534, 2, 0, 0, 1, 8, 0, 0), .Dim = c(5L, 2L), .Dimnames = list(
        c("-2", "-1", "0", "1", "2"), c("C", "T"))), N = 678)), 
    `2` = structure(c(62, 58, 450, 0, 0, 0, 0, 1, 0, 0), .Dim = c(5L, 
    2L), .Dimnames = list(c("-2", "-1", "0", "1", "2"), c("C", 
    "T"))))))
