Results <-
list(`bwaOutput/20210421msiMNRsJenny/1289_S125.sam` = list(LR17_SNP1 = list(
    All = list(Freqs = structure(c(0L, 0L, 0L, 2L, 0L, 0L, 0L, 
    6L, 1108L, 1748L, 5054L, 98L, 1L, 86L, 0L, 0L, 1L, 0L, 0L, 
    0L, 0L, 0L, 8L, 56L, 213L, 1L, 0L, 0L), .Dim = c(7L, 4L), .Dimnames = structure(list(
        c("-3", "-2", "-1", "0", "1", "2", NA), c("-", "A", "G", 
        NA)), .Names = c("", "")), class = "table"), N = 8382L), 
    Tag.Distribution = structure(c(`1` = 202L, `2` = 109L, `3` = 112L, 
    `4` = 111L, `5` = 112L, `6` = 89L, `7` = 86L, `8` = 65L, 
    `9` = 80L, `10` = 52L, `11` = 52L, `12` = 31L, `13` = 33L, 
    `14` = 32L, `15` = 19L, `16` = 19L, `17` = 8L, `18` = 9L, 
    `19` = 8L, `20` = 4L, `21` = 6L, `22` = 1L, `23` = 3L, `24` = 1L, 
    `25` = 3L, `27` = 2L, `29` = 2L, `30` = 1L, `35` = 1L, `36` = 1L
    ), .Dim = 30L, .Dimnames = structure(list(c("1", "2", "3", 
    "4", "5", "6", "7", "8", "9", "10", "11", "12", "13", "14", 
    "15", "16", "17", "18", "19", "20", "21", "22", "23", "24", 
    "25", "27", "29", "30", "35", "36")), .Names = ""), class = "table"), 
    No.Tag = structure(c(0L, 0L, 0L, 0L, 0L, 0L, 0L, 0L, 32L, 
    41L, 160L, 1L, 0L, 5L, 0L, 0L, 0L, 0L, 0L, 0L, 0L, 0L, 3L, 
    1L, 14L, 0L, 0L, 0L), .Dim = c(7L, 4L), .Dimnames = structure(list(
        c("-3", "-2", "-1", "0", "1", "2", NA), c("-", "A", "G", 
        NA)), .Names = c("", "")), class = "table"), All.Tags = list(
        Concordant = list(Freqs = structure(c(0, 0, 0, 0, 0, 
        0, 0, 122, 177, 587, 6, 1, 0, 0, 0, 0, 0, 0), .Dim = c(6L, 
        3L), .Dimnames = list(c("-3", "-2", "-1", "0", "1", "2"
        ), c("-", "A", "G"))), N = 893), Majority = list(Freqs = structure(c(0, 
        0, 0, 0, 0, 0, 0, 155, 244, 799, 7, 1, 0, 0, 0, 0, 0, 
        0), .Dim = c(6L, 3L), .Dimnames = list(c("-3", "-2", 
        "-1", "0", "1", "2"), c("-", "A", "G"))), N = 1206)), 
    `2` = structure(c(0, 0, 0, 0, 0, 0, 0, 134, 217, 673, 3, 
    0, 0, 0, 0, 0, 0, 0), .Dim = c(6L, 3L), .Dimnames = list(
        c("-3", "-2", "-1", "0", "1", "2"), c("-", "A", "G"))))))
