Results <-
list(`bwaOutput/20210421msiMNRsJenny/1289_S125.sam` = list(LR10_SNP1 = list(
    All = list(Freqs = structure(c(7L, 204L, 2416L, 21L, 6L, 
    4L, 586L, 2594L, 8L, 2L, 0L, 0L, 41L, 0L, 0L), .Dim = c(5L, 
    3L), .Dimnames = structure(list(c("-2", "-1", "0", "1", NA
    ), c("C", "T", NA)), .Names = c("", "")), class = "table"), 
        N = 5889L), Tag.Distribution = structure(c(`1` = 172L, 
    `2` = 109L, `3` = 107L, `4` = 95L, `5` = 87L, `6` = 98L, 
    `7` = 59L, `8` = 62L, `9` = 43L, `10` = 35L, `11` = 23L, 
    `12` = 20L, `13` = 26L, `14` = 12L, `15` = 8L, `16` = 12L, 
    `17` = 4L, `18` = 9L, `19` = 7L, `20` = 2L, `21` = 1L, `22` = 2L, 
    `23` = 3L, `24` = 1L, `25` = 2L, `27` = 1L, `31` = 1L), .Dim = 27L, .Dimnames = structure(list(
        c("1", "2", "3", "4", "5", "6", "7", "8", "9", "10", 
        "11", "12", "13", "14", "15", "16", "17", "18", "19", 
        "20", "21", "22", "23", "24", "25", "27", "31")), .Names = ""), class = "table"), 
    No.Tag = structure(c(6L, 2L, 48L, 0L, 0L, 0L, 16L, 75L, 0L, 
    1L, 0L, 0L, 1L, 0L, 0L), .Dim = c(5L, 3L), .Dimnames = structure(list(
        c("-2", "-1", "0", "1", NA), c("C", "T", NA)), .Names = c("", 
    "")), class = "table"), All.Tags = list(Concordant = list(
        Freqs = structure(c(0, 24, 336, 1, 0, 65, 377, 1), .Dim = c(4L, 
        2L), .Dimnames = list(c("-2", "-1", "0", "1"), c("C", 
        "T"))), N = 804), Majority = list(Freqs = structure(c(0, 
    28, 411, 1, 0, 84, 447, 1), .Dim = c(4L, 2L), .Dimnames = list(
        c("-2", "-1", "0", "1"), c("C", "T"))), N = 972)), `2` = structure(c(0, 
    23, 338, 0, 0, 72, 374, 0), .Dim = c(4L, 2L), .Dimnames = list(
        c("-2", "-1", "0", "1"), c("C", "T"))))))
