Results <-
list(`bwaOutput/20210421msiMNRsJenny/1289_S125.sam` = list(LR46_SNP1 = list(
    All = list(Freqs = structure(c(0L, 0L, 1L, 0L, 0L, 0L, 0L, 
    1L, 0L, 0L, 0L, 1L, 17L, 0L, 0L, 2L, 617L, 3620L, 8L, 12L, 
    0L, 2L, 14L, 0L, 0L), .Dim = c(5L, 5L), .Dimnames = structure(list(
        c("-2", "-1", "0", "1", NA), c("-", "A", "G", "T", NA
        )), .Names = c("", "")), class = "table"), N = 4295L), 
    Tag.Distribution = structure(c(`1` = 155L, `2` = 84L, `3` = 115L, 
    `4` = 78L, `5` = 72L, `6` = 50L, `7` = 57L, `8` = 27L, `9` = 34L, 
    `10` = 28L, `11` = 18L, `12` = 15L, `13` = 17L, `14` = 12L, 
    `15` = 6L, `16` = 6L, `17` = 12L, `18` = 2L, `19` = 2L, `20` = 3L, 
    `22` = 1L, `23` = 1L, `29` = 1L), .Dim = 23L, .Dimnames = structure(list(
        c("1", "2", "3", "4", "5", "6", "7", "8", "9", "10", 
        "11", "12", "13", "14", "15", "16", "17", "18", "19", 
        "20", "22", "23", "29")), .Names = ""), class = "table"), 
    No.Tag = structure(c(0L, 0L, 0L, 0L, 0L, 0L, 0L, 0L, 0L, 
    0L, 0L, 0L, 1L, 0L, 0L, 0L, 15L, 69L, 0L, 1L, 0L, 1L, 2L, 
    0L, 0L), .Dim = c(5L, 5L), .Dimnames = structure(list(c("-2", 
    "-1", "0", "1", NA), c("-", "A", "G", "T", NA)), .Names = c("", 
    "")), class = "table"), All.Tags = list(Concordant = list(
        Freqs = structure(c(0, 0, 0, 0, 0, 0, 0, 0, 0, 0, 8, 
        0, 0, 94, 632, 0), .Dim = c(4L, 4L), .Dimnames = list(
            c("-2", "-1", "0", "1"), c("-", "A", "G", "T"))), 
        N = 734), Majority = list(Freqs = structure(c(0, 0, 0, 
    0, 0, 0, 0, 0, 0, 0, 8, 0, 0, 110, 672, 0), .Dim = c(4L, 
    4L), .Dimnames = list(c("-2", "-1", "0", "1"), c("-", "A", 
    "G", "T"))), N = 790)), `2` = structure(c(0, 0, 0, 0, 0, 
    0, 0, 0, 0, 0, 1, 0, 0, 90, 546, 0), .Dim = c(4L, 4L), .Dimnames = list(
        c("-2", "-1", "0", "1"), c("-", "A", "G", "T"))))))
