Results <-
list(`bwaOutput/20210421msiMNRsJenny/1289_S125.sam` = list(GM09_SNP1 = list(
    All = list(Freqs = structure(c(7L, 4626L, 15546L, 35L, 30L, 
    0L, 1L, 48L, 0L, 1L, 0L, 0L, 1L, 0L, 0L, 0L, 17L, 69L, 0L, 
    0L), .Dim = 5:4, .Dimnames = structure(list(c("-2", "-1", 
    "0", "1", NA), c("A", "G", "T", NA)), .Names = c("", "")), class = "table"), 
        N = 20381L), Tag.Distribution = structure(c(`1` = 281L, 
    `2` = 192L, `3` = 207L, `4` = 174L, `5` = 168L, `6` = 137L, 
    `7` = 133L, `8` = 131L, `9` = 129L, `10` = 88L, `11` = 89L, 
    `12` = 77L, `13` = 79L, `14` = 53L, `15` = 43L, `16` = 37L, 
    `17` = 39L, `18` = 32L, `19` = 40L, `20` = 24L, `21` = 20L, 
    `22` = 22L, `23` = 13L, `24` = 18L, `25` = 15L, `26` = 10L, 
    `27` = 10L, `28` = 1L, `29` = 9L, `30` = 10L, `31` = 10L, 
    `32` = 6L, `33` = 6L, `34` = 10L, `35` = 4L, `36` = 2L, `37` = 2L, 
    `38` = 1L, `40` = 1L, `41` = 1L, `42` = 1L, `43` = 2L, `46` = 2L, 
    `47` = 1L, `66` = 1L), .Dim = 45L, .Dimnames = structure(list(
        c("1", "2", "3", "4", "5", "6", "7", "8", "9", "10", 
        "11", "12", "13", "14", "15", "16", "17", "18", "19", 
        "20", "21", "22", "23", "24", "25", "26", "27", "28", 
        "29", "30", "31", "32", "33", "34", "35", "36", "37", 
        "38", "40", "41", "42", "43", "46", "47", "66")), .Names = ""), class = "table"), 
    No.Tag = structure(c(0L, 84L, 317L, 0L, 3L, 0L, 0L, 6L, 0L, 
    0L, 0L, 0L, 0L, 0L, 0L, 0L, 4L, 8L, 0L, 0L), .Dim = 5:4, .Dimnames = structure(list(
        c("-2", "-1", "0", "1", NA), c("A", "G", "T", NA)), .Names = c("", 
    "")), class = "table"), All.Tags = list(Concordant = list(
        Freqs = structure(c(0, 290, 1427, 2, 0, 0, 10, 0, 0, 
        0, 0, 0), .Dim = 4:3, .Dimnames = list(c("-2", "-1", 
        "0", "1"), c("A", "G", "T"))), N = 1729), Majority = list(
        Freqs = structure(c(0, 476, 1805, 2, 0, 0, 10, 0, 0, 
        0, 0, 0), .Dim = 4:3, .Dimnames = list(c("-2", "-1", 
        "0", "1"), c("A", "G", "T"))), N = 2293)), `2` = structure(c(0, 
    424, 1595, 1, 0, 0, 0, 0, 0, 0, 0, 0), .Dim = 4:3, .Dimnames = list(
        c("-2", "-1", "0", "1"), c("A", "G", "T"))))))
