Results <-
list(`bwaOutput/20210421msiMNRsJenny/1289_S125.sam` = list(LR20_SNP1 = list(
    All = list(Freqs = structure(c(0L, 0L, 19L, 0L, 0L, 4L, 1483L, 
    6535L, 12L, 18L, 1L, 8L, 43L, 0L, 0L), .Dim = c(5L, 3L), .Dimnames = structure(list(
        c("-2", "-1", "0", "1", NA), c("A", "G", NA)), .Names = c("", 
    "")), class = "table"), N = 8123L), Tag.Distribution = structure(c(`1` = 258L, 
    `2` = 218L, `3` = 180L, `4` = 156L, `5` = 105L, `6` = 101L, 
    `7` = 78L, `8` = 68L, `9` = 56L, `10` = 48L, `11` = 28L, 
    `12` = 26L, `13` = 24L, `14` = 22L, `15` = 7L, `16` = 15L, 
    `17` = 11L, `18` = 6L, `19` = 4L, `20` = 7L, `21` = 4L, `22` = 7L, 
    `23` = 1L, `24` = 2L, `25` = 4L, `26` = 1L, `27` = 2L, `28` = 2L, 
    `29` = 2L, `32` = 2L, `33` = 1L, `34` = 1L, `43` = 1L), .Dim = 33L, .Dimnames = structure(list(
        c("1", "2", "3", "4", "5", "6", "7", "8", "9", "10", 
        "11", "12", "13", "14", "15", "16", "17", "18", "19", 
        "20", "21", "22", "23", "24", "25", "26", "27", "28", 
        "29", "32", "33", "34", "43")), .Names = ""), class = "table"), 
    No.Tag = structure(c(0L, 0L, 0L, 0L, 0L, 0L, 34L, 146L, 0L, 
    3L, 0L, 0L, 4L, 0L, 0L), .Dim = c(5L, 3L), .Dimnames = structure(list(
        c("-2", "-1", "0", "1", NA), c("A", "G", NA)), .Names = c("", 
    "")), class = "table"), All.Tags = list(Concordant = list(
        Freqs = structure(c(0, 0, 10, 0, 0, 175, 1073, 1), .Dim = c(4L, 
        2L), .Dimnames = list(c("-2", "-1", "0", "1"), c("A", 
        "G"))), N = 1259), Majority = list(Freqs = structure(c(0, 
    0, 10, 0, 0, 228, 1185, 1), .Dim = c(4L, 2L), .Dimnames = list(
        c("-2", "-1", "0", "1"), c("A", "G"))), N = 1424)), `2` = structure(c(0, 
    0, 1, 0, 0, 200, 967, 0), .Dim = c(4L, 2L), .Dimnames = list(
        c("-2", "-1", "0", "1"), c("A", "G"))))))
