Results <-
list(`bwaOutput/20210421msiMNRsJenny/1289_S125.sam` = list(LR40_SNP1 = list(
    All = list(Freqs = structure(c(0L, 0L, 0L, 3L, 0L, 0L, 1L, 
    2L, 286L, 5184L, 18L, 15L, 0L, 0L, 1L, 34L, 0L, 0L), .Dim = c(6L, 
    3L), .Dimnames = structure(list(c("-3", "-2", "-1", "0", 
    "1", NA), c("A", "C", NA)), .Names = c("", "")), class = "table"), 
        N = 5544L), Tag.Distribution = structure(c(`1` = 192L, 
    `2` = 130L, `3` = 116L, `4` = 102L, `5` = 87L, `6` = 64L, 
    `7` = 59L, `8` = 57L, `9` = 43L, `10` = 31L, `11` = 29L, 
    `12` = 13L, `13` = 13L, `14` = 20L, `15` = 7L, `16` = 3L, 
    `17` = 2L, `18` = 9L, `19` = 6L, `20` = 2L, `21` = 2L, `23` = 2L, 
    `24` = 3L, `25` = 1L, `26` = 1L, `27` = 2L, `28` = 1L, `29` = 1L, 
    `31` = 1L, `32` = 1L), .Dim = 30L, .Dimnames = structure(list(
        c("1", "2", "3", "4", "5", "6", "7", "8", "9", "10", 
        "11", "12", "13", "14", "15", "16", "17", "18", "19", 
        "20", "21", "23", "24", "25", "26", "27", "28", "29", 
        "31", "32")), .Names = ""), class = "table"), No.Tag = structure(c(0L, 
    0L, 0L, 0L, 0L, 0L, 0L, 0L, 4L, 127L, 1L, 2L, 0L, 0L, 0L, 
    5L, 0L, 0L), .Dim = c(6L, 3L), .Dimnames = structure(list(
        c("-3", "-2", "-1", "0", "1", NA), c("A", "C", NA)), .Names = c("", 
    "")), class = "table"), All.Tags = list(Concordant = list(
        Freqs = structure(c(0, 0, 0, 1, 0, 0, 0, 25, 878, 0), .Dim = c(5L, 
        2L), .Dimnames = list(c("-3", "-2", "-1", "0", "1"), 
            c("A", "C"))), N = 904), Majority = list(Freqs = structure(c(0, 
    0, 0, 1, 0, 0, 0, 36, 949, 0), .Dim = c(5L, 2L), .Dimnames = list(
        c("-3", "-2", "-1", "0", "1"), c("A", "C"))), N = 986)), 
    `2` = structure(c(0, 0, 0, 0, 0, 0, 0, 27, 774, 0), .Dim = c(5L, 
    2L), .Dimnames = list(c("-3", "-2", "-1", "0", "1"), c("A", 
    "C"))))))
