Results <-
list(`bwaOutput/20210421msiMNRsJenny/1289_S125.sam` = list(LR24_SNP1 = list(
    All = list(Freqs = structure(c(0L, 0L, 1L, 0L, 0L, 11L, 1228L, 
    7028L, 16L, 13L, 34L, 527L, 7772L, 16L, 10L, 0L, 0L, 2L, 
    0L, 0L, 0L, 8L, 79L, 0L, 0L), .Dim = c(5L, 5L), .Dimnames = structure(list(
        c("-2", "-1", "0", "1", NA), c("-", "A", "G", "T", NA
        )), .Names = c("", "")), class = "table"), N = 16745L), 
    Tag.Distribution = structure(c(`1` = 534L, `2` = 383L, `3` = 321L, 
    `4` = 306L, `5` = 240L, `6` = 209L, `7` = 190L, `8` = 141L, 
    `9` = 107L, `10` = 93L, `11` = 69L, `12` = 74L, `13` = 51L, 
    `14` = 41L, `15` = 35L, `16` = 25L, `17` = 23L, `18` = 18L, 
    `19` = 11L, `20` = 11L, `21` = 17L, `22` = 7L, `23` = 3L, 
    `24` = 6L, `25` = 3L, `26` = 1L, `27` = 2L, `28` = 3L, `30` = 1L, 
    `32` = 1L, `37` = 1L, `44` = 1L), .Dim = 32L, .Dimnames = structure(list(
        c("1", "2", "3", "4", "5", "6", "7", "8", "9", "10", 
        "11", "12", "13", "14", "15", "16", "17", "18", "19", 
        "20", "21", "22", "23", "24", "25", "26", "27", "28", 
        "30", "32", "37", "44")), .Names = ""), class = "table"), 
    No.Tag = structure(c(0L, 0L, 0L, 0L, 0L, 0L, 27L, 156L, 0L, 
    1L, 1L, 7L, 195L, 0L, 1L, 0L, 0L, 0L, 0L, 0L, 0L, 1L, 5L, 
    0L, 0L), .Dim = c(5L, 5L), .Dimnames = structure(list(c("-2", 
    "-1", "0", "1", NA), c("-", "A", "G", "T", NA)), .Names = c("", 
    "")), class = "table"), All.Tags = list(Concordant = list(
        Freqs = structure(c(0, 0, 0, 0, 0, 99, 759, 0, 0, 38, 
        789, 0, 0, 0, 0, 0), .Dim = c(4L, 4L), .Dimnames = list(
            c("-2", "-1", "0", "1"), c("-", "A", "G", "T"))), 
        N = 1685), Majority = list(Freqs = structure(c(0, 0, 
    0, 0, 0, 191, 1188, 1, 3, 70, 1273, 0, 0, 0, 0, 0), .Dim = c(4L, 
    4L), .Dimnames = list(c("-2", "-1", "0", "1"), c("-", "A", 
    "G", "T"))), N = 2726)), `2` = structure(c(0, 0, 0, 0, 0, 
    151, 940, 1, 3, 54, 1050, 0, 0, 0, 0, 0), .Dim = c(4L, 4L
    ), .Dimnames = list(c("-2", "-1", "0", "1"), c("-", "A", 
    "G", "T"))))))
