Results <-
list(`bwaOutput/20210421msiMNRsJenny/1289_S125.sam` = list(IM16_SNP1 = list(
    All = list(Freqs = structure(c(1L, 9L, 1079L, 1867L, 17L, 
    1L, 7L, 0L, 4L, 70L, 3073L, 81L, 2L, 5L, 0L, 0L, 0L, 13L, 
    0L, 0L, 0L, 0L, 0L, 6L, 68L, 3L, 0L, 0L), .Dim = c(7L, 4L
    ), .Dimnames = structure(list(c("-3", "-2", "-1", "0", "1", 
    "2", NA), c("A", "G", "T", NA)), .Names = c("", "")), class = "table"), 
        N = 6306L), Tag.Distribution = structure(c(`1` = 169L, 
    `2` = 138L, `3` = 123L, `4` = 105L, `5` = 104L, `6` = 75L, 
    `7` = 73L, `8` = 63L, `9` = 49L, `10` = 45L, `11` = 32L, 
    `12` = 25L, `13` = 21L, `14` = 16L, `15` = 19L, `16` = 9L, 
    `17` = 3L, `18` = 3L, `19` = 4L, `20` = 1L, `21` = 2L, `22` = 6L, 
    `28` = 1L, `33` = 1L, `39` = 1L), .Dim = 25L, .Dimnames = structure(list(
        c("1", "2", "3", "4", "5", "6", "7", "8", "9", "10", 
        "11", "12", "13", "14", "15", "16", "17", "18", "19", 
        "20", "21", "22", "28", "33", "39")), .Names = ""), class = "table"), 
    No.Tag = structure(c(0L, 0L, 8L, 52L, 1L, 0L, 1L, 0L, 0L, 
    1L, 71L, 1L, 0L, 0L, 0L, 0L, 0L, 0L, 0L, 0L, 0L, 0L, 0L, 
    1L, 7L, 0L, 0L, 0L), .Dim = c(7L, 4L), .Dimnames = structure(list(
        c("-3", "-2", "-1", "0", "1", "2", NA), c("A", "G", "T", 
        NA)), .Names = c("", "")), class = "table"), All.Tags = list(
        Concordant = list(Freqs = structure(c(0, 2, 155, 254, 
        0, 0, 0, 0, 7, 448, 3, 0, 0, 0, 0, 2, 0, 0), .Dim = c(6L, 
        3L), .Dimnames = list(c("-3", "-2", "-1", "0", "1", "2"
        ), c("A", "G", "T"))), N = 871), Majority = list(Freqs = structure(c(0, 
        2, 187, 317, 0, 0, 0, 0, 8, 538, 5, 0, 0, 0, 0, 2, 0, 
        0), .Dim = c(6L, 3L), .Dimnames = list(c("-3", "-2", 
        "-1", "0", "1", "2"), c("A", "G", "T"))), N = 1059)), 
    `2` = structure(c(0, 2, 154, 275, 0, 0, 0, 0, 8, 454, 5, 
    0, 0, 0, 0, 2, 0, 0), .Dim = c(6L, 3L), .Dimnames = list(
        c("-3", "-2", "-1", "0", "1", "2"), c("A", "G", "T"))))))
