Results <-
list(`bwaOutput/20210421msiMNRsJenny/1289_S125.sam` = list(LR36_SNP1 = list(
    All = list(Freqs = structure(c(0L, 0L, 0L, 5L, 17L, 0L, 0L, 
    0L, 160L, 33L, 710L, 2089L, 6176L, 43L, 1L, 116L, 1L, 1L, 
    9L, 45L, 307L, 2L, 0L, 0L), .Dim = c(8L, 3L), .Dimnames = structure(list(
        c("-4", "-3", "-2", "-1", "0", "1", "2", NA), c("A", 
        "T", NA)), .Names = c("", "")), class = "table"), N = 9715L), 
    Tag.Distribution = structure(c(`1` = 291L, `2` = 217L, `3` = 150L, 
    `4` = 177L, `5` = 141L, `6` = 109L, `7` = 105L, `8` = 96L, 
    `9` = 66L, `10` = 51L, `11` = 50L, `12` = 32L, `13` = 29L, 
    `14` = 32L, `15` = 19L, `16` = 14L, `17` = 9L, `18` = 11L, 
    `19` = 10L, `20` = 6L, `21` = 5L, `22` = 5L, `23` = 1L, `24` = 2L, 
    `25` = 2L, `26` = 4L, `27` = 1L, `28` = 2L, `29` = 1L, `30` = 1L, 
    `31` = 1L), .Dim = 31L, .Dimnames = structure(list(c("1", 
    "2", "3", "4", "5", "6", "7", "8", "9", "10", "11", "12", 
    "13", "14", "15", "16", "17", "18", "19", "20", "21", "22", 
    "23", "24", "25", "26", "27", "28", "29", "30", "31")), .Names = ""), class = "table"), 
    No.Tag = structure(c(0L, 0L, 0L, 0L, 2L, 0L, 0L, 0L, 0L, 
    2L, 20L, 26L, 224L, 4L, 0L, 12L, 0L, 0L, 1L, 3L, 30L, 0L, 
    0L, 0L), .Dim = c(8L, 3L), .Dimnames = structure(list(c("-4", 
    "-3", "-2", "-1", "0", "1", "2", NA), c("A", "T", NA)), .Names = c("", 
    "")), class = "table"), All.Tags = list(Concordant = list(
        Freqs = structure(c(0, 0, 0, 2, 5, 0, 0, 22, 2, 73, 246, 
        914, 2, 0), .Dim = c(7L, 2L), .Dimnames = list(c("-4", 
        "-3", "-2", "-1", "0", "1", "2"), c("A", "T"))), N = 1266), 
        Majority = list(Freqs = structure(c(0, 0, 0, 2, 5, 0, 
        0, 27, 3, 107, 331, 1123, 2, 0), .Dim = c(7L, 2L), .Dimnames = list(
            c("-4", "-3", "-2", "-1", "0", "1", "2"), c("A", 
            "T"))), N = 1600)), `2` = structure(c(0, 0, 0, 0, 
    0, 0, 0, 20, 2, 90, 274, 935, 0, 0), .Dim = c(7L, 2L), .Dimnames = list(
        c("-4", "-3", "-2", "-1", "0", "1", "2"), c("A", "T"))))))
