Results <-
list(`bwaOutput/20210421msiMNRsJenny/1289_S125.sam` = list(GM26_SNP1 = list(
    All = list(Freqs = structure(c(1L, 20L, 1310L, 4L, 3L, 0L, 
    141L, 1003L, 1L, 2L, 0L, 0L, 21L, 0L, 0L), .Dim = c(5L, 3L
    ), .Dimnames = structure(list(c("-2", "-1", "0", "1", NA), 
        c("A", "G", NA)), .Names = c("", "")), class = "table"), 
        N = 2506L), Tag.Distribution = structure(c(`1` = 98L, 
    `2` = 68L, `3` = 51L, `4` = 58L, `5` = 36L, `6` = 31L, `7` = 35L, 
    `8` = 29L, `9` = 26L, `10` = 15L, `11` = 6L, `12` = 11L, 
    `13` = 7L, `14` = 6L, `15` = 4L, `16` = 4L, `17` = 1L, `18` = 2L, 
    `19` = 1L, `20` = 1L, `21` = 1L), .Dim = 21L, .Dimnames = structure(list(
        c("1", "2", "3", "4", "5", "6", "7", "8", "9", "10", 
        "11", "12", "13", "14", "15", "16", "17", "18", "19", 
        "20", "21")), .Names = ""), class = "table"), No.Tag = structure(c(0L, 
    0L, 8L, 0L, 0L, 0L, 1L, 38L, 0L, 0L, 0L, 0L, 3L, 0L, 0L), .Dim = c(5L, 
    3L), .Dimnames = structure(list(c("-2", "-1", "0", "1", NA
    ), c("A", "G", NA)), .Names = c("", "")), class = "table"), 
    All.Tags = list(Concordant = list(Freqs = structure(c(0, 
    3, 224, 0, 0, 22, 189, 0), .Dim = c(4L, 2L), .Dimnames = list(
        c("-2", "-1", "0", "1"), c("A", "G"))), N = 438), Majority = list(
        Freqs = structure(c(0, 3, 250, 0, 0, 24, 207, 0), .Dim = c(4L, 
        2L), .Dimnames = list(c("-2", "-1", "0", "1"), c("A", 
        "G"))), N = 484)), `2` = structure(c(0, 3, 202, 0, 0, 
    22, 162, 0), .Dim = c(4L, 2L), .Dimnames = list(c("-2", "-1", 
    "0", "1"), c("A", "G"))))))
