Results <-
list(`bwaOutput/20210421msiMNRsJenny/1289_S125.sam` = list(LR52_SNP1 = list(
    All = list(Freqs = structure(c(47L, 83L, 225L, 317L, 576L, 
    8L, 32L, 0L, 19L, 318L, 278L, 857L, 10L, 25L, 0L, 1L, 6L, 
    41L, 250L, 2L, 0L), .Dim = c(7L, 3L), .Dimnames = structure(list(
        c("-4", "-3", "-2", "-1", "0", "1", NA), c("C", "T", 
        NA)), .Names = c("", "")), class = "table"), N = 3095L), 
    Tag.Distribution = structure(c(`1` = 97L, `2` = 67L, `3` = 58L, 
    `4` = 58L, `5` = 40L, `6` = 55L, `7` = 37L, `8` = 29L, `9` = 30L, 
    `10` = 16L, `11` = 13L, `12` = 14L, `13` = 11L, `14` = 9L, 
    `15` = 6L, `16` = 7L, `17` = 2L, `18` = 2L, `19` = 2L, `23` = 1L, 
    `25` = 1L, `26` = 1L), .Dim = 22L, .Dimnames = structure(list(
        c("1", "2", "3", "4", "5", "6", "7", "8", "9", "10", 
        "11", "12", "13", "14", "15", "16", "17", "18", "19", 
        "23", "25", "26")), .Names = ""), class = "table"), No.Tag = structure(c(0L, 
    3L, 5L, 3L, 13L, 0L, 1L, 0L, 0L, 5L, 3L, 7L, 1L, 0L, 0L, 
    0L, 0L, 0L, 2L, 0L, 0L), .Dim = c(7L, 3L), .Dimnames = structure(list(
        c("-4", "-3", "-2", "-1", "0", "1", NA), c("C", "T", 
        NA)), .Names = c("", "")), class = "table"), All.Tags = list(
        Concordant = list(Freqs = structure(c(6, 11, 30, 30, 
        101, 1, 0, 3, 43, 21, 95, 2), .Dim = c(6L, 2L), .Dimnames = list(
            c("-4", "-3", "-2", "-1", "0", "1"), c("C", "T"))), 
            N = 343), Majority = list(Freqs = structure(c(7, 
        12, 34, 55, 150, 1, 0, 3, 54, 34, 156, 2), .Dim = c(6L, 
        2L), .Dimnames = list(c("-4", "-3", "-2", "-1", "0", 
        "1"), c("C", "T"))), N = 508)), `2` = structure(c(7, 
    10, 23, 48, 127, 0, 0, 3, 45, 30, 138, 0), .Dim = c(6L, 2L
    ), .Dimnames = list(c("-4", "-3", "-2", "-1", "0", "1"), 
        c("C", "T"))))))
