Results <-
list(`bwaOutput/20210421msiMNRsJenny/1289_S125.sam` = list(IM49_SNP1 = list(
    All = list(Freqs = structure(c(4L, 223L, 535L, 3016L, 5104L, 
    140L, 6L, 143L, 0L, 0L, 0L, 3L, 28L, 1L, 0L, 0L, 0L, 0L, 
    0L, 1L, 0L, 0L, 0L, 0L, 0L, 0L, 2L, 30L, 159L, 2L, 0L, 0L
    ), .Dim = c(8L, 4L), .Dimnames = structure(list(c("-4", "-3", 
    "-2", "-1", "0", "1", "2", NA), c("C", "G", "T", NA)), .Names = c("", 
    "")), class = "table"), N = 9397L), Tag.Distribution = structure(c(`1` = 459L, 
    `2` = 350L, `3` = 263L, `4` = 228L, `5` = 200L, `6` = 127L, 
    `7` = 111L, `8` = 90L, `9` = 70L, `10` = 55L, `11` = 30L, 
    `12` = 27L, `13` = 22L, `14` = 20L, `15` = 11L, `16` = 5L, 
    `17` = 8L, `18` = 2L, `19` = 3L, `20` = 3L, `21` = 2L, `22` = 1L, 
    `24` = 1L, `26` = 1L, `39` = 1L), .Dim = 25L, .Dimnames = structure(list(
        c("1", "2", "3", "4", "5", "6", "7", "8", "9", "10", 
        "11", "12", "13", "14", "15", "16", "17", "18", "19", 
        "20", "21", "22", "24", "26", "39")), .Names = ""), class = "table"), 
    No.Tag = structure(c(0L, 1L, 9L, 51L, 116L, 3L, 0L, 3L, 0L, 
    0L, 0L, 0L, 1L, 0L, 0L, 0L, 0L, 0L, 0L, 0L, 0L, 0L, 0L, 0L, 
    0L, 0L, 0L, 0L, 6L, 1L, 0L, 0L), .Dim = c(8L, 4L), .Dimnames = structure(list(
        c("-4", "-3", "-2", "-1", "0", "1", "2", NA), c("C", 
        "G", "T", NA)), .Names = c("", "")), class = "table"), 
    All.Tags = list(Concordant = list(Freqs = structure(c(0, 
    33, 66, 433, 799, 7, 0, 0, 0, 0, 3, 10, 0, 0, 0, 0, 0, 0, 
    0, 0, 0), .Dim = c(7L, 3L), .Dimnames = list(c("-4", "-3", 
    "-2", "-1", "0", "1", "2"), c("C", "G", "T"))), N = 1351), 
        Majority = list(Freqs = structure(c(0, 49, 95, 621, 1134, 
        8, 0, 0, 0, 0, 3, 10, 0, 0, 0, 0, 0, 0, 0, 0, 0), .Dim = c(7L, 
        3L), .Dimnames = list(c("-4", "-3", "-2", "-1", "0", 
        "1", "2"), c("C", "G", "T"))), N = 1920)), `2` = structure(c(0, 
    39, 75, 484, 909, 2, 0, 0, 0, 0, 0, 2, 0, 0, 0, 0, 0, 0, 
    0, 0, 0), .Dim = c(7L, 3L), .Dimnames = list(c("-4", "-3", 
    "-2", "-1", "0", "1", "2"), c("C", "G", "T"))))))
