Results <-
list(`bwaOutput/20210421msiMNRsJenny/1289_S125.sam` = list(GM01_SNP1 = list(
    All = list(Freqs = structure(c(0L, 0L, 12L, 1L, 0L, 37L, 
    2383L, 7272L, 42L, 27L, 0L, 0L, 2L, 0L, 0L, 0L, 7L, 67L, 
    3L, 0L), .Dim = 5:4, .Dimnames = structure(list(c("-2", "-1", 
    "0", "1", NA), c("A", "G", "T", NA)), .Names = c("", "")), class = "table"), 
        N = 9853L), Tag.Distribution = structure(c(`1` = 209L, 
    `2` = 162L, `3` = 117L, `4` = 127L, `5` = 143L, `6` = 104L, 
    `7` = 77L, `8` = 102L, `9` = 68L, `10` = 69L, `11` = 51L, 
    `12` = 45L, `13` = 39L, `14` = 35L, `15` = 19L, `16` = 16L, 
    `17` = 20L, `18` = 13L, `19` = 11L, `20` = 7L, `21` = 7L, 
    `22` = 5L, `23` = 1L, `24` = 3L, `25` = 2L, `26` = 1L, `28` = 1L, 
    `29` = 3L, `30` = 1L, `31` = 1L, `37` = 1L, `39` = 1L, `40` = 1L
    ), .Dim = 33L, .Dimnames = structure(list(c("1", "2", "3", 
    "4", "5", "6", "7", "8", "9", "10", "11", "12", "13", "14", 
    "15", "16", "17", "18", "19", "20", "21", "22", "23", "24", 
    "25", "26", "28", "29", "30", "31", "37", "39", "40")), .Names = ""), class = "table"), 
    No.Tag = structure(c(0L, 0L, 0L, 0L, 0L, 0L, 51L, 127L, 0L, 
    2L, 0L, 0L, 0L, 0L, 0L, 0L, 1L, 2L, 0L, 0L), .Dim = 5:4, .Dimnames = structure(list(
        c("-2", "-1", "0", "1", NA), c("A", "G", "T", NA)), .Names = c("", 
    "")), class = "table"), All.Tags = list(Concordant = list(
        Freqs = structure(c(0, 0, 7, 1, 2, 252, 908, 3, 0, 0, 
        0, 0), .Dim = 4:3, .Dimnames = list(c("-2", "-1", "0", 
        "1"), c("A", "G", "T"))), N = 1173), Majority = list(
        Freqs = structure(c(0, 0, 7, 1, 3, 317, 1104, 3, 0, 0, 
        0, 0), .Dim = 4:3, .Dimnames = list(c("-2", "-1", "0", 
        "1"), c("A", "G", "T"))), N = 1435)), `2` = structure(c(0, 
    0, 0, 0, 3, 270, 955, 2, 0, 0, 0, 0), .Dim = 4:3, .Dimnames = list(
        c("-2", "-1", "0", "1"), c("A", "G", "T"))))))
