Results <-
list(`bwaOutput/20210421msiMNRsJenny/1289_S125.sam` = list(GM11_SNP1 = list(
    All = list(Freqs = structure(c(1L, 48L, 3785L, 100L, 9L, 
    3L, 0L, 0L, 9L, 0L, 0L, 0L, 0L, 0L, 21L, 1L, 0L, 0L), .Dim = c(6L, 
    3L), .Dimnames = structure(list(c("-2", "-1", "0", "1", "2", 
    NA), c("A", "G", NA)), .Names = c("", "")), class = "table"), 
        N = 3977L), Tag.Distribution = structure(c(`1` = 108L, 
    `2` = 89L, `3` = 100L, `4` = 70L, `5` = 55L, `6` = 53L, `7` = 49L, 
    `8` = 43L, `9` = 32L, `10` = 21L, `11` = 18L, `12` = 17L, 
    `13` = 17L, `14` = 6L, `15` = 9L, `16` = 5L, `17` = 5L, `18` = 4L, 
    `19` = 2L, `20` = 4L, `21` = 1L, `25` = 1L), .Dim = 22L, .Dimnames = structure(list(
        c("1", "2", "3", "4", "5", "6", "7", "8", "9", "10", 
        "11", "12", "13", "14", "15", "16", "17", "18", "19", 
        "20", "21", "25")), .Names = ""), class = "table"), No.Tag = structure(c(0L, 
    0L, 87L, 1L, 0L, 0L, 0L, 0L, 0L, 0L, 0L, 0L, 0L, 0L, 2L, 
    0L, 0L, 0L), .Dim = c(6L, 3L), .Dimnames = structure(list(
        c("-2", "-1", "0", "1", "2", NA), c("A", "G", NA)), .Names = c("", 
    "")), class = "table"), All.Tags = list(Concordant = list(
        Freqs = structure(c(0, 6, 642, 14, 1, 0, 0, 6, 0, 0), .Dim = c(5L, 
        2L), .Dimnames = list(c("-2", "-1", "0", "1", "2"), c("A", 
        "G"))), N = 669), Majority = list(Freqs = structure(c(0, 
    7, 672, 20, 1, 0, 0, 6, 0, 0), .Dim = c(5L, 2L), .Dimnames = list(
        c("-2", "-1", "0", "1", "2"), c("A", "G"))), N = 706)), 
    `2` = structure(c(0, 5, 580, 14, 1, 0, 0, 0, 0, 0), .Dim = c(5L, 
    2L), .Dimnames = list(c("-2", "-1", "0", "1", "2"), c("A", 
    "G"))))))
