Results <-
list(`bwaOutput/20210421msiMNRsJenny/1289_S125.sam` = list(GM29_SNP1 = list(
    All = list(Freqs = structure(c(53L, 1754L, 4222L, 11L, 8L, 
    0L, 1L, 19L, 0L, 0L, 0L, 3L, 32L, 0L, 0L), .Dim = c(5L, 3L
    ), .Dimnames = structure(list(c("-2", "-1", "0", "1", NA), 
        c("A", "G", NA)), .Names = c("", "")), class = "table"), 
        N = 6103L), Tag.Distribution = structure(c(`1` = 195L, 
    `2` = 121L, `3` = 109L, `4` = 98L, `5` = 74L, `6` = 63L, 
    `7` = 56L, `8` = 40L, `9` = 43L, `10` = 23L, `11` = 30L, 
    `12` = 26L, `13` = 18L, `14` = 16L, `15` = 14L, `16` = 8L, 
    `17` = 6L, `18` = 6L, `19` = 4L, `20` = 5L, `21` = 6L, `22` = 6L, 
    `23` = 4L, `24` = 2L, `25` = 3L, `26` = 1L, `27` = 2L, `29` = 2L, 
    `30` = 1L, `32` = 1L, `33` = 1L, `35` = 1L, `42` = 2L, `46` = 1L, 
    `63` = 1L), .Dim = 35L, .Dimnames = structure(list(c("1", 
    "2", "3", "4", "5", "6", "7", "8", "9", "10", "11", "12", 
    "13", "14", "15", "16", "17", "18", "19", "20", "21", "22", 
    "23", "24", "25", "26", "27", "29", "30", "32", "33", "35", 
    "42", "46", "63")), .Names = ""), class = "table"), No.Tag = structure(c(0L, 
    29L, 78L, 0L, 1L, 0L, 0L, 0L, 0L, 0L, 0L, 0L, 4L, 0L, 0L), .Dim = c(5L, 
    3L), .Dimnames = structure(list(c("-2", "-1", "0", "1", NA
    ), c("A", "G", NA)), .Names = c("", "")), class = "table"), 
    All.Tags = list(Concordant = list(Freqs = structure(c(7, 
    187, 556, 0, 0, 1, 5, 0), .Dim = c(4L, 2L), .Dimnames = list(
        c("-2", "-1", "0", "1"), c("A", "G"))), N = 756), Majority = list(
        Freqs = structure(c(7, 244, 709, 0, 0, 1, 5, 0), .Dim = c(4L, 
        2L), .Dimnames = list(c("-2", "-1", "0", "1"), c("A", 
        "G"))), N = 966)), `2` = structure(c(7, 188, 580, 0, 
    0, 0, 0, 0), .Dim = c(4L, 2L), .Dimnames = list(c("-2", "-1", 
    "0", "1"), c("A", "G"))))))
