Results <-
list(`bwaOutput/20210421msiMNRsJenny/1291_S126.sam` = list(GM11_SNP1 = list(
    All = list(Freqs = structure(c(0L, 102L, 1L, 0L, 12L, 2105L, 
    7L, 5L, 0L, 12L, 0L, 0L), .Dim = 4:3, .Dimnames = structure(list(
        c("-1", "0", "1", NA), c("A", "G", NA)), .Names = c("", 
    "")), class = "table"), N = 2244L), Tag.Distribution = structure(c(`1` = 34L, 
    `2` = 16L, `3` = 9L, `4` = 10L, `5` = 18L, `6` = 10L, `7` = 15L, 
    `8` = 8L, `9` = 11L, `10` = 6L, `11` = 3L, `12` = 4L, `13` = 10L, 
    `14` = 7L, `15` = 7L, `16` = 4L, `17` = 1L, `18` = 6L, `19` = 4L, 
    `20` = 4L, `21` = 6L, `22` = 4L, `23` = 3L, `24` = 3L, `25` = 4L, 
    `26` = 1L, `27` = 2L, `28` = 4L, `29` = 1L, `30` = 2L, `31` = 2L, 
    `33` = 1L), .Dim = 32L, .Dimnames = structure(list(c("1", 
    "2", "3", "4", "5", "6", "7", "8", "9", "10", "11", "12", 
    "13", "14", "15", "16", "17", "18", "19", "20", "21", "22", 
    "23", "24", "25", "26", "27", "28", "29", "30", "31", "33"
    )), .Names = ""), class = "table"), No.Tag = structure(c(0L, 
    1L, 0L, 0L, 0L, 41L, 0L, 0L, 0L, 1L, 0L, 0L), .Dim = 4:3, .Dimnames = structure(list(
        c("-1", "0", "1", NA), c("A", "G", NA)), .Names = c("", 
    "")), class = "table"), All.Tags = list(Concordant = list(
        Freqs = structure(c(0, 9, 0, 0, 191, 0), .Dim = 3:2, .Dimnames = list(
            c("-1", "0", "1"), c("A", "G"))), N = 200), Majority = list(
        Freqs = structure(c(0, 10, 0, 0, 210, 0), .Dim = 3:2, .Dimnames = list(
            c("-1", "0", "1"), c("A", "G"))), N = 220)), `2` = structure(c(0, 
    5, 0, 0, 181, 0), .Dim = 3:2, .Dimnames = list(c("-1", "0", 
    "1"), c("A", "G"))))))
