Results <-
list(`bwaOutput/20210421msiMNRsJenny/1291_S126.sam` = list(IM16_SNP1 = list(
    All = list(Freqs = structure(c(0L, 33L, 1L, 0L, 181L, 2730L, 
    52L, 4L, 0L, 38L, 3L, 0L), .Dim = 4:3, .Dimnames = structure(list(
        c("-1", "0", "1", NA), c("A", "G", NA)), .Names = c("", 
    "")), class = "table"), N = 3042L), Tag.Distribution = structure(c(`1` = 28L, 
    `2` = 9L, `3` = 20L, `4` = 15L, `5` = 18L, `6` = 14L, `7` = 17L, 
    `8` = 10L, `9` = 12L, `10` = 13L, `11` = 14L, `12` = 11L, 
    `13` = 5L, `14` = 6L, `15` = 9L, `16` = 11L, `17` = 11L, 
    `18` = 4L, `19` = 4L, `20` = 5L, `21` = 4L, `22` = 3L, `23` = 5L, 
    `24` = 6L, `25` = 2L, `26` = 3L, `27` = 2L, `28` = 3L, `29` = 1L, 
    `30` = 1L, `31` = 2L, `33` = 2L, `36` = 1L, `37` = 1L, `45` = 1L, 
    `47` = 1L), .Dim = 36L, .Dimnames = structure(list(c("1", 
    "2", "3", "4", "5", "6", "7", "8", "9", "10", "11", "12", 
    "13", "14", "15", "16", "17", "18", "19", "20", "21", "22", 
    "23", "24", "25", "26", "27", "28", "29", "30", "31", "33", 
    "36", "37", "45", "47")), .Names = ""), class = "table"), 
    No.Tag = structure(c(0L, 1L, 0L, 0L, 1L, 50L, 2L, 0L, 0L, 
    3L, 0L, 0L), .Dim = 4:3, .Dimnames = structure(list(c("-1", 
    "0", "1", NA), c("A", "G", NA)), .Names = c("", "")), class = "table"), 
    All.Tags = list(Concordant = list(Freqs = structure(c(0, 
    2, 0, 12, 203, 2), .Dim = 3:2, .Dimnames = list(c("-1", "0", 
    "1"), c("A", "G"))), N = 219), Majority = list(Freqs = structure(c(0, 
    3, 0, 13, 254, 2), .Dim = 3:2, .Dimnames = list(c("-1", "0", 
    "1"), c("A", "G"))), N = 272)), `2` = structure(c(0, 2, 0, 
    12, 230, 2), .Dim = 3:2, .Dimnames = list(c("-1", "0", "1"
    ), c("A", "G"))))))
