Results <-
list(`bwaOutput/20210421msiMNRsJenny/1291_S126.sam` = list(LR52_SNP1 = list(
    All = list(Freqs = structure(c(2L, 78L, 7L, 99L, 570L, 4L, 
    11L, 0L, 1L, 24L, 135L, 837L, 20L, 15L, 0L, 0L, 2L, 19L, 
    230L, 4L, 0L), .Dim = c(7L, 3L), .Dimnames = structure(list(
        c("-4", "-3", "-2", "-1", "0", "1", NA), c("C", "T", 
        NA)), .Names = c("", "")), class = "table"), N = 2058L), 
    Tag.Distribution = structure(c(`1` = 20L, `2` = 9L, `3` = 11L, 
    `4` = 11L, `5` = 11L, `6` = 3L, `7` = 10L, `8` = 9L, `9` = 7L, 
    `10` = 14L, `11` = 6L, `12` = 8L, `13` = 7L, `14` = 7L, `15` = 10L, 
    `16` = 4L, `17` = 4L, `18` = 7L, `19` = 2L, `20` = 8L, `21` = 3L, 
    `22` = 4L, `23` = 5L, `24` = 3L, `25` = 2L, `28` = 2L, `31` = 1L, 
    `32` = 1L, `34` = 1L), .Dim = 29L, .Dimnames = structure(list(
        c("1", "2", "3", "4", "5", "6", "7", "8", "9", "10", 
        "11", "12", "13", "14", "15", "16", "17", "18", "19", 
        "20", "21", "22", "23", "24", "25", "28", "31", "32", 
        "34")), .Names = ""), class = "table"), No.Tag = structure(c(0L, 
    1L, 0L, 0L, 2L, 0L, 0L, 0L, 0L, 0L, 2L, 15L, 2L, 1L, 0L, 
    0L, 0L, 0L, 4L, 0L, 0L), .Dim = c(7L, 3L), .Dimnames = structure(list(
        c("-4", "-3", "-2", "-1", "0", "1", NA), c("C", "T", 
        NA)), .Names = c("", "")), class = "table"), All.Tags = list(
        Concordant = list(Freqs = structure(c(0, 2, 1, 5, 33, 
        0, 0, 0, 2, 3, 36, 0), .Dim = c(6L, 2L), .Dimnames = list(
            c("-4", "-3", "-2", "-1", "0", "1"), c("C", "T"))), 
            N = 82), Majority = list(Freqs = structure(c(0, 5, 
        1, 7, 75, 0, 0, 0, 3, 7, 79, 1), .Dim = c(6L, 2L), .Dimnames = list(
            c("-4", "-3", "-2", "-1", "0", "1"), c("C", "T"))), 
            N = 178)), `2` = structure(c(0, 5, 0, 5, 73, 0, 0, 
    0, 2, 6, 75, 1), .Dim = c(6L, 2L), .Dimnames = list(c("-4", 
    "-3", "-2", "-1", "0", "1"), c("C", "T"))))))
