Results <-
list(`bwaOutput/20210421msiMNRsJenny/1291_S126.sam` = list(GM14_SNP1 = list(
    All = list(Freqs = structure(c(0L, 0L, 1L, 0L, 0L, 29L, 278L, 
    2287L, 19L, 18L, 3L, 261L, 2110L, 12L, 1L, 0L, 3L, 52L, 0L, 
    0L), .Dim = 5:4, .Dimnames = structure(list(c("-2", "-1", 
    "0", "1", NA), c("A", "C", "T", NA)), .Names = c("", "")), class = "table"), 
        N = 5074L), Tag.Distribution = structure(c(`1` = 74L, 
    `2` = 24L, `3` = 21L, `4` = 20L, `5` = 18L, `6` = 24L, `7` = 29L, 
    `8` = 16L, `9` = 16L, `10` = 20L, `11` = 16L, `12` = 18L, 
    `13` = 25L, `14` = 14L, `15` = 18L, `16` = 12L, `17` = 13L, 
    `18` = 15L, `19` = 9L, `20` = 11L, `21` = 9L, `22` = 6L, 
    `23` = 7L, `24` = 6L, `25` = 4L, `26` = 4L, `27` = 2L, `28` = 3L, 
    `29` = 2L, `31` = 1L, `32` = 1L, `34` = 1L, `35` = 3L, `36` = 1L, 
    `37` = 2L, `38` = 1L, `39` = 1L, `48` = 1L, `66` = 1L), .Dim = 39L, .Dimnames = structure(list(
        c("1", "2", "3", "4", "5", "6", "7", "8", "9", "10", 
        "11", "12", "13", "14", "15", "16", "17", "18", "19", 
        "20", "21", "22", "23", "24", "25", "26", "27", "28", 
        "29", "31", "32", "34", "35", "36", "37", "38", "39", 
        "48", "66")), .Names = ""), class = "table"), No.Tag = structure(c(0L, 
    0L, 0L, 0L, 0L, 0L, 22L, 65L, 1L, 13L, 0L, 5L, 7L, 0L, 0L, 
    0L, 0L, 1L, 0L, 0L), .Dim = 5:4, .Dimnames = structure(list(
        c("-2", "-1", "0", "1", NA), c("A", "C", "T", NA)), .Names = c("", 
    "")), class = "table"), All.Tags = list(Concordant = list(
        Freqs = structure(c(0, 0, 1, 0, 1, 13, 161, 0, 0, 11, 
        146, 0), .Dim = 4:3, .Dimnames = list(c("-2", "-1", "0", 
        "1"), c("A", "C", "T"))), N = 333), Majority = list(Freqs = structure(c(0, 
    0, 1, 0, 1, 19, 236, 0, 0, 17, 190, 0), .Dim = 4:3, .Dimnames = list(
        c("-2", "-1", "0", "1"), c("A", "C", "T"))), N = 464)), 
    `2` = structure(c(0, 0, 0, 0, 1, 16, 195, 0, 0, 16, 166, 
    0), .Dim = 4:3, .Dimnames = list(c("-2", "-1", "0", "1"), 
        c("A", "C", "T"))))))
