Results <-
list(`bwaOutput/20210421msiMNRsJenny/1291_S126.sam` = list(GM01_SNP1 = list(
    All = list(Freqs = structure(c(183L, 1883L, 10L, 2L, 60L, 
    2040L, 6L, 2L, 0L, 34L, 2L, 0L), .Dim = 4:3, .Dimnames = structure(list(
        c("-1", "0", "1", NA), c("A", "G", NA)), .Names = c("", 
    "")), class = "table"), N = 4222L), Tag.Distribution = structure(c(`1` = 55L, 
    `2` = 20L, `3` = 21L, `4` = 25L, `5` = 23L, `6` = 17L, `7` = 22L, 
    `8` = 17L, `9` = 19L, `10` = 16L, `11` = 23L, `12` = 18L, 
    `13` = 6L, `14` = 17L, `15` = 8L, `16` = 14L, `17` = 13L, 
    `18` = 6L, `19` = 5L, `20` = 6L, `21` = 8L, `22` = 8L, `23` = 3L, 
    `24` = 7L, `25` = 7L, `26` = 4L, `27` = 4L, `28` = 3L, `29` = 3L, 
    `30` = 1L, `31` = 2L, `33` = 1L, `35` = 1L, `46` = 1L), .Dim = 34L, .Dimnames = structure(list(
        c("1", "2", "3", "4", "5", "6", "7", "8", "9", "10", 
        "11", "12", "13", "14", "15", "16", "17", "18", "19", 
        "20", "21", "22", "23", "24", "25", "26", "27", "28", 
        "29", "30", "31", "33", "35", "46")), .Names = ""), class = "table"), 
    No.Tag = structure(c(0L, 37L, 0L, 0L, 1L, 67L, 1L, 0L, 0L, 
    2L, 0L, 0L), .Dim = 4:3, .Dimnames = structure(list(c("-1", 
    "0", "1", NA), c("A", "G", NA)), .Names = c("", "")), class = "table"), 
    All.Tags = list(Concordant = list(Freqs = structure(c(14, 
    148, 0, 2, 168, 0), .Dim = 3:2, .Dimnames = list(c("-1", 
    "0", "1"), c("A", "G"))), N = 332), Majority = list(Freqs = structure(c(16, 
    182, 0, 2, 200, 0), .Dim = 3:2, .Dimnames = list(c("-1", 
    "0", "1"), c("A", "G"))), N = 400)), `2` = structure(c(14, 
    157, 0, 1, 175, 0), .Dim = 3:2, .Dimnames = list(c("-1", 
    "0", "1"), c("A", "G"))))))
