Results <-
list(`bwaOutput/20210421msiMNRsJenny/1291_S126.sam` = list(GM09_SNP1 = list(
    All = list(Freqs = structure(c(26L, 6489L, 8L, 1L, 1L, 41L, 
    0L, 0L, 0L, 3L, 0L, 0L, 0L, 25L, 0L, 0L), .Dim = c(4L, 4L
    ), .Dimnames = structure(list(c("-1", "0", "1", NA), c("A", 
    "G", "T", NA)), .Names = c("", "")), class = "table"), N = 6594L), 
    Tag.Distribution = structure(c(`1` = 79L, `2` = 42L, `3` = 47L, 
    `4` = 35L, `5` = 30L, `6` = 39L, `7` = 29L, `8` = 40L, `9` = 28L, 
    `10` = 27L, `11` = 26L, `12` = 21L, `13` = 23L, `14` = 19L, 
    `15` = 18L, `16` = 17L, `17` = 14L, `18` = 13L, `19` = 19L, 
    `20` = 10L, `21` = 11L, `22` = 11L, `23` = 5L, `24` = 9L, 
    `25` = 4L, `26` = 8L, `27` = 3L, `28` = 6L, `29` = 2L, `30` = 1L, 
    `31` = 1L, `32` = 3L, `33` = 1L, `34` = 1L, `35` = 1L, `36` = 1L, 
    `40` = 1L, `41` = 1L, `44` = 1L, `52` = 1L), .Dim = 40L, .Dimnames = structure(list(
        c("1", "2", "3", "4", "5", "6", "7", "8", "9", "10", 
        "11", "12", "13", "14", "15", "16", "17", "18", "19", 
        "20", "21", "22", "23", "24", "25", "26", "27", "28", 
        "29", "30", "31", "32", "33", "34", "35", "36", "40", 
        "41", "44", "52")), .Names = ""), class = "table"), No.Tag = structure(c(0L, 
    146L, 0L, 0L, 0L, 2L, 0L, 0L, 0L, 0L, 0L, 0L, 0L, 4L, 0L, 
    0L), .Dim = c(4L, 4L), .Dimnames = structure(list(c("-1", 
    "0", "1", NA), c("A", "G", "T", NA)), .Names = c("", "")), class = "table"), 
    All.Tags = list(Concordant = list(Freqs = structure(c(0, 
    603, 0, 0, 1, 0, 0, 0, 0), .Dim = c(3L, 3L), .Dimnames = list(
        c("-1", "0", "1"), c("A", "G", "T"))), N = 604), Majority = list(
        Freqs = structure(c(0, 639, 0, 0, 2, 0, 0, 0, 0), .Dim = c(3L, 
        3L), .Dimnames = list(c("-1", "0", "1"), c("A", "G", 
        "T"))), N = 641)), `2` = structure(c(0, 568, 0, 0, 1, 
    0, 0, 0, 0), .Dim = c(3L, 3L), .Dimnames = list(c("-1", "0", 
    "1"), c("A", "G", "T"))))))
