Results <-
list(`bwaOutput/20210421msiMNRsJenny/1291_S126.sam` = list(GM17_SNP1 = list(
    All = list(Freqs = structure(c(27L, 48L, 1L, 0L, 165L, 4660L, 
    22L, 3L, 2L, 26L, 0L, 0L), .Dim = 4:3, .Dimnames = structure(list(
        c("-1", "0", "1", NA), c("C", "T", NA)), .Names = c("", 
    "")), class = "table"), N = 4954L), Tag.Distribution = structure(c(`1` = 78L, 
    `2` = 25L, `3` = 22L, `4` = 30L, `5` = 23L, `6` = 25L, `7` = 28L, 
    `8` = 20L, `9` = 22L, `10` = 23L, `11` = 28L, `12` = 18L, 
    `13` = 15L, `14` = 12L, `15` = 16L, `16` = 13L, `17` = 13L, 
    `18` = 11L, `19` = 8L, `20` = 10L, `21` = 4L, `22` = 4L, 
    `23` = 10L, `24` = 4L, `25` = 6L, `26` = 4L, `27` = 5L, `28` = 3L, 
    `29` = 2L, `30` = 2L, `31` = 1L, `32` = 2L, `34` = 2L, `35` = 2L, 
    `38` = 1L), .Dim = 35L, .Dimnames = structure(list(c("1", 
    "2", "3", "4", "5", "6", "7", "8", "9", "10", "11", "12", 
    "13", "14", "15", "16", "17", "18", "19", "20", "21", "22", 
    "23", "24", "25", "26", "27", "28", "29", "30", "31", "32", 
    "34", "35", "38")), .Names = ""), class = "table"), No.Tag = structure(c(0L, 
    0L, 0L, 0L, 4L, 116L, 0L, 0L, 0L, 5L, 0L, 0L), .Dim = 4:3, .Dimnames = structure(list(
        c("-1", "0", "1", NA), c("C", "T", NA)), .Names = c("", 
    "")), class = "table"), All.Tags = list(Concordant = list(
        Freqs = structure(c(0, 7, 0, 8, 411, 0), .Dim = 3:2, .Dimnames = list(
            c("-1", "0", "1"), c("C", "T"))), N = 426), Majority = list(
        Freqs = structure(c(1, 9, 0, 10, 467, 0), .Dim = 3:2, .Dimnames = list(
            c("-1", "0", "1"), c("C", "T"))), N = 487)), `2` = structure(c(1, 
    3, 0, 8, 399, 0), .Dim = 3:2, .Dimnames = list(c("-1", "0", 
    "1"), c("C", "T"))))))
