Results <-
list(`bwaOutput/20210421msiMNRsJenny/1291_S126.sam` = list(LR49_SNP1 = list(
    All = list(Freqs = structure(c(0L, 58L, 1L, 1L, 91L, 3411L, 
    3L, 2L, 0L, 17L, 0L, 0L), .Dim = 4:3, .Dimnames = structure(list(
        c("-1", "0", "1", NA), c("A", "G", NA)), .Names = c("", 
    "")), class = "table"), N = 3584L), Tag.Distribution = structure(c(`1` = 77L, 
    `2` = 35L, `3` = 36L, `4` = 37L, `5` = 41L, `6` = 30L, `7` = 27L, 
    `8` = 14L, `9` = 29L, `10` = 16L, `11` = 19L, `12` = 10L, 
    `13` = 14L, `14` = 6L, `15` = 10L, `16` = 9L, `17` = 10L, 
    `18` = 2L, `19` = 3L, `20` = 2L, `21` = 5L, `22` = 3L, `23` = 7L, 
    `24` = 3L, `25` = 3L, `26` = 5L, `27` = 2L, `30` = 2L, `31` = 2L
    ), .Dim = 29L, .Dimnames = structure(list(c("1", "2", "3", 
    "4", "5", "6", "7", "8", "9", "10", "11", "12", "13", "14", 
    "15", "16", "17", "18", "19", "20", "21", "22", "23", "24", 
    "25", "26", "27", "30", "31")), .Names = ""), class = "table"), 
    No.Tag = structure(c(0L, 0L, 0L, 0L, 2L, 92L, 0L, 1L, 0L, 
    2L, 0L, 0L), .Dim = 4:3, .Dimnames = structure(list(c("-1", 
    "0", "1", NA), c("A", "G", NA)), .Names = c("", "")), class = "table"), 
    All.Tags = list(Concordant = list(Freqs = structure(c(0, 
    5, 0, 9, 423, 0), .Dim = 3:2, .Dimnames = list(c("-1", "0", 
    "1"), c("A", "G"))), N = 437), Majority = list(Freqs = structure(c(0, 
    5, 0, 10, 441, 0), .Dim = 3:2, .Dimnames = list(c("-1", "0", 
    "1"), c("A", "G"))), N = 456)), `2` = structure(c(0, 3, 0, 
    5, 373, 0), .Dim = 3:2, .Dimnames = list(c("-1", "0", "1"
    ), c("A", "G"))))))
