Results <-
list(`bwaOutput/20210421msiMNRsJenny/1291_S126.sam` = list(GM07_SNP1 = list(
    All = list(Freqs = structure(c(0L, 0L, 0L, 1L, 0L, 0L, 0L, 
    80L, 139L, 157L, 3055L, 75L, 3L, 58L, 0L, 0L, 1L, 50L, 1L, 
    0L, 0L), .Dim = c(7L, 3L), .Dimnames = structure(list(c("-3", 
    "-2", "-1", "0", "1", "2", NA), c("A", "G", NA)), .Names = c("", 
    "")), class = "table"), N = 3620L), Tag.Distribution = structure(c(`1` = 44L, 
    `2` = 20L, `3` = 15L, `4` = 23L, `5` = 17L, `6` = 23L, `7` = 18L, 
    `8` = 17L, `9` = 19L, `10` = 15L, `11` = 14L, `12` = 14L, 
    `13` = 6L, `14` = 11L, `15` = 10L, `16` = 9L, `17` = 6L, 
    `18` = 7L, `19` = 7L, `20` = 4L, `21` = 7L, `22` = 7L, `23` = 7L, 
    `24` = 3L, `25` = 3L, `26` = 2L, `27` = 6L, `28` = 1L, `29` = 3L, 
    `30` = 2L, `31` = 1L, `33` = 1L, `34` = 1L, `38` = 1L, `63` = 1L
    ), .Dim = 35L, .Dimnames = structure(list(c("1", "2", "3", 
    "4", "5", "6", "7", "8", "9", "10", "11", "12", "13", "14", 
    "15", "16", "17", "18", "19", "20", "21", "22", "23", "24", 
    "25", "26", "27", "28", "29", "30", "31", "33", "34", "38", 
    "63")), .Names = ""), class = "table"), No.Tag = structure(c(0L, 
    0L, 0L, 0L, 0L, 0L, 0L, 1L, 0L, 2L, 94L, 1L, 0L, 6L, 0L, 
    0L, 1L, 2L, 0L, 0L, 0L), .Dim = c(7L, 3L), .Dimnames = structure(list(
        c("-3", "-2", "-1", "0", "1", "2", NA), c("A", "G", NA
        )), .Names = c("", "")), class = "table"), All.Tags = list(
        Concordant = list(Freqs = structure(c(0, 0, 0, 0, 0, 
        0, 3, 13, 1, 180, 0, 0), .Dim = c(6L, 2L), .Dimnames = list(
            c("-3", "-2", "-1", "0", "1", "2"), c("A", "G"))), 
            N = 197), Majority = list(Freqs = structure(c(0, 
        0, 0, 0, 0, 0, 4, 15, 2, 313, 0, 0), .Dim = c(6L, 2L), .Dimnames = list(
            c("-3", "-2", "-1", "0", "1", "2"), c("A", "G"))), 
            N = 334)), `2` = structure(c(0, 0, 0, 0, 0, 0, 4, 
    14, 2, 276, 0, 0), .Dim = c(6L, 2L), .Dimnames = list(c("-3", 
    "-2", "-1", "0", "1", "2"), c("A", "G"))))))
