Results <-
list(`bwaOutput/20210421msiMNRsJenny/1291_S126.sam` = list(LR11_SNP1 = list(
    All = list(Freqs = structure(c(0L, 0L, 1L, 0L, 0L, 0L, 38L, 
    1561L, 22L, 3L, 3L, 71L, 1263L, 19L, 7L, 0L, 3L, 45L, 1L, 
    0L), .Dim = 5:4, .Dimnames = structure(list(c("-2", "-1", 
    "0", "1", NA), c("-", "A", "C", NA)), .Names = c("", "")), class = "table"), 
        N = 3037L), Tag.Distribution = structure(c(`1` = 56L, 
    `2` = 15L, `3` = 17L, `4` = 12L, `5` = 20L, `6` = 18L, `7` = 18L, 
    `8` = 13L, `9` = 20L, `10` = 12L, `11` = 11L, `12` = 7L, 
    `13` = 15L, `14` = 11L, `15` = 15L, `16` = 8L, `17` = 5L, 
    `18` = 7L, `19` = 6L, `20` = 3L, `21` = 2L, `22` = 5L, `23` = 3L, 
    `24` = 1L, `25` = 1L, `26` = 4L, `28` = 4L, `29` = 2L, `31` = 1L, 
    `32` = 2L, `34` = 1L, `41` = 1L, `45` = 1L), .Dim = 33L, .Dimnames = structure(list(
        c("1", "2", "3", "4", "5", "6", "7", "8", "9", "10", 
        "11", "12", "13", "14", "15", "16", "17", "18", "19", 
        "20", "21", "22", "23", "24", "25", "26", "28", "29", 
        "31", "32", "34", "41", "45")), .Names = ""), class = "table"), 
    No.Tag = structure(c(0L, 0L, 0L, 0L, 0L, 0L, 1L, 50L, 1L, 
    0L, 0L, 1L, 7L, 0L, 1L, 0L, 0L, 2L, 0L, 0L), .Dim = 5:4, .Dimnames = structure(list(
        c("-2", "-1", "0", "1", NA), c("-", "A", "C", NA)), .Names = c("", 
    "")), class = "table"), All.Tags = list(Concordant = list(
        Freqs = structure(c(0, 0, 0, 0, 0, 0, 135, 1, 0, 9, 102, 
        1), .Dim = 4:3, .Dimnames = list(c("-2", "-1", "0", "1"
        ), c("-", "A", "C"))), N = 248), Majority = list(Freqs = structure(c(0, 
    0, 0, 0, 0, 0, 168, 2, 0, 9, 130, 2), .Dim = 4:3, .Dimnames = list(
        c("-2", "-1", "0", "1"), c("-", "A", "C"))), N = 311)), 
    `2` = structure(c(0, 0, 0, 0, 0, 0, 139, 1, 0, 8, 111, 1), .Dim = 4:3, .Dimnames = list(
        c("-2", "-1", "0", "1"), c("-", "A", "C"))))))
