Results <-
list(`bwaOutput/20210421msiMNRsJenny/1291_S126.sam` = list(LR10_SNP1 = list(
    All = list(Freqs = structure(c(1L, 98L, 2683L, 14L, 1L, 0L, 
    2L, 38L, 0L, 0L, 0L, 1L, 9L, 0L, 0L), .Dim = c(5L, 3L), .Dimnames = structure(list(
        c("-2", "-1", "0", "1", NA), c("C", "T", NA)), .Names = c("", 
    "")), class = "table"), N = 2847L), Tag.Distribution = structure(c(`1` = 41L, 
    `2` = 13L, `3` = 10L, `4` = 16L, `5` = 13L, `6` = 15L, `7` = 23L, 
    `8` = 13L, `9` = 10L, `10` = 17L, `11` = 11L, `12` = 13L, 
    `13` = 8L, `14` = 7L, `15` = 8L, `16` = 6L, `17` = 6L, `18` = 5L, 
    `19` = 10L, `20` = 6L, `21` = 7L, `22` = 5L, `23` = 1L, `24` = 8L, 
    `26` = 2L, `28` = 1L, `30` = 1L, `32` = 1L, `33` = 1L, `34` = 2L, 
    `40` = 1L), .Dim = 31L, .Dimnames = structure(list(c("1", 
    "2", "3", "4", "5", "6", "7", "8", "9", "10", "11", "12", 
    "13", "14", "15", "16", "17", "18", "19", "20", "21", "22", 
    "23", "24", "26", "28", "30", "32", "33", "34", "40")), .Names = ""), class = "table"), 
    No.Tag = structure(c(0L, 1L, 53L, 0L, 0L, 0L, 0L, 0L, 0L, 
    0L, 0L, 0L, 0L, 0L, 0L), .Dim = c(5L, 3L), .Dimnames = structure(list(
        c("-2", "-1", "0", "1", NA), c("C", "T", NA)), .Names = c("", 
    "")), class = "table"), All.Tags = list(Concordant = list(
        Freqs = structure(c(0, 1, 217, 0, 0, 0, 2, 0), .Dim = c(4L, 
        2L), .Dimnames = list(c("-2", "-1", "0", "1"), c("C", 
        "T"))), N = 220), Majority = list(Freqs = structure(c(0, 
    3, 273, 0, 0, 0, 3, 0), .Dim = c(4L, 2L), .Dimnames = list(
        c("-2", "-1", "0", "1"), c("C", "T"))), N = 279)), `2` = structure(c(0, 
    2, 234, 0, 0, 0, 2, 0), .Dim = c(4L, 2L), .Dimnames = list(
        c("-2", "-1", "0", "1"), c("C", "T"))))))
