Results <-
list(`bwaOutput/20210421msiMNRsJenny/1291_S126.sam` = list(LR17_SNP1 = list(
    All = list(Freqs = structure(c(3L, 305L, 2761L, 47L, 1L, 
    20L, 0L, 0L, 1L, 0L, 0L, 0L, 0L, 15L, 132L, 0L, 0L, 0L), .Dim = c(6L, 
    3L), .Dimnames = structure(list(c("-2", "-1", "0", "1", "2", 
    NA), c("A", "G", NA)), .Names = c("", "")), class = "table"), 
        N = 3285L), Tag.Distribution = structure(c(`1` = 60L, 
    `2` = 9L, `3` = 9L, `4` = 8L, `5` = 12L, `6` = 10L, `7` = 11L, 
    `8` = 12L, `9` = 14L, `10` = 15L, `11` = 9L, `12` = 5L, `13` = 10L, 
    `14` = 8L, `15` = 10L, `16` = 5L, `17` = 9L, `18` = 3L, `19` = 9L, 
    `20` = 6L, `21` = 5L, `22` = 2L, `23` = 4L, `24` = 14L, `25` = 3L, 
    `26` = 9L, `27` = 4L, `28` = 1L, `29` = 4L, `30` = 1L, `31` = 2L, 
    `32` = 1L, `34` = 1L, `36` = 2L), .Dim = 34L, .Dimnames = structure(list(
        c("1", "2", "3", "4", "5", "6", "7", "8", "9", "10", 
        "11", "12", "13", "14", "15", "16", "17", "18", "19", 
        "20", "21", "22", "23", "24", "25", "26", "27", "28", 
        "29", "30", "31", "32", "34", "36")), .Names = ""), class = "table"), 
    No.Tag = structure(c(0L, 2L, 74L, 0L, 0L, 2L, 0L, 0L, 0L, 
    0L, 0L, 0L, 0L, 1L, 3L, 0L, 0L, 0L), .Dim = c(6L, 3L), .Dimnames = structure(list(
        c("-2", "-1", "0", "1", "2", NA), c("A", "G", NA)), .Names = c("", 
    "")), class = "table"), All.Tags = list(Concordant = list(
        Freqs = structure(c(0, 10, 174, 1, 0, 0, 0, 0, 0, 0), .Dim = c(5L, 
        2L), .Dimnames = list(c("-2", "-1", "0", "1", "2"), c("A", 
        "G"))), N = 185), Majority = list(Freqs = structure(c(0, 
    14, 265, 1, 0, 0, 0, 0, 0, 0), .Dim = c(5L, 2L), .Dimnames = list(
        c("-2", "-1", "0", "1", "2"), c("A", "G"))), N = 280)), 
    `2` = structure(c(0, 13, 212, 0, 0, 0, 0, 0, 0, 0), .Dim = c(5L, 
    2L), .Dimnames = list(c("-2", "-1", "0", "1", "2"), c("A", 
    "G"))))))
