Results <-
list(`bwaOutput/20210421msiMNRsJenny/1291_S126.sam` = list(GM26_SNP1 = list(
    All = list(Freqs = structure(c(1L, 6L, 1039L, 4L, 3L, 0L, 
    27L, 1084L, 2L, 4L, 0L, 1L, 18L, 0L, 0L), .Dim = c(5L, 3L
    ), .Dimnames = structure(list(c("-2", "-1", "0", "1", NA), 
        c("A", "G", NA)), .Names = c("", "")), class = "table"), 
        N = 2189L), Tag.Distribution = structure(c(`1` = 36L, 
    `2` = 11L, `3` = 18L, `4` = 15L, `5` = 13L, `6` = 8L, `7` = 15L, 
    `8` = 8L, `9` = 6L, `10` = 10L, `11` = 10L, `12` = 7L, `13` = 3L, 
    `14` = 6L, `15` = 7L, `16` = 5L, `17` = 2L, `18` = 7L, `19` = 5L, 
    `20` = 1L, `21` = 8L, `22` = 4L, `23` = 2L, `24` = 1L, `25` = 4L, 
    `26` = 1L, `27` = 2L, `28` = 2L, `30` = 1L, `31` = 1L, `32` = 1L, 
    `35` = 1L, `37` = 1L, `42` = 1L), .Dim = 34L, .Dimnames = structure(list(
        c("1", "2", "3", "4", "5", "6", "7", "8", "9", "10", 
        "11", "12", "13", "14", "15", "16", "17", "18", "19", 
        "20", "21", "22", "23", "24", "25", "26", "27", "28", 
        "30", "31", "32", "35", "37", "42")), .Names = ""), class = "table"), 
    No.Tag = structure(c(0L, 0L, 10L, 0L, 0L, 0L, 0L, 24L, 0L, 
    0L, 0L, 0L, 1L, 0L, 0L), .Dim = c(5L, 3L), .Dimnames = structure(list(
        c("-2", "-1", "0", "1", NA), c("A", "G", NA)), .Names = c("", 
    "")), class = "table"), All.Tags = list(Concordant = list(
        Freqs = structure(c(0, 0, 92, 0, 0, 3, 101, 0), .Dim = c(4L, 
        2L), .Dimnames = list(c("-2", "-1", "0", "1"), c("A", 
        "G"))), N = 196), Majority = list(Freqs = structure(c(0, 
    0, 103, 0, 0, 3, 114, 0), .Dim = c(4L, 2L), .Dimnames = list(
        c("-2", "-1", "0", "1"), c("A", "G"))), N = 220)), `2` = structure(c(0, 
    0, 86, 0, 0, 2, 99, 0), .Dim = c(4L, 2L), .Dimnames = list(
        c("-2", "-1", "0", "1"), c("A", "G"))))))
