Results <-
list(`bwaOutput/20210421msiMNRsJenny/1291_S126.sam` = list(LR48_SNP1 = list(
    All = list(Freqs = structure(c(10L, 334L, 2422L, 42L, 15L, 
    0L, 0L, 15L, 0L, 0L, 0L, 0L, 56L, 1L, 0L), .Dim = c(5L, 3L
    ), .Dimnames = structure(list(c("-2", "-1", "0", "1", NA), 
        c("C", "T", NA)), .Names = c("", "")), class = "table"), 
        N = 2895L), Tag.Distribution = structure(c(`1` = 33L, 
    `2` = 10L, `3` = 11L, `4` = 6L, `5` = 7L, `6` = 3L, `7` = 17L, 
    `8` = 11L, `9` = 9L, `10` = 11L, `11` = 9L, `12` = 7L, `13` = 6L, 
    `14` = 4L, `15` = 6L, `16` = 10L, `17` = 6L, `18` = 6L, `19` = 5L, 
    `20` = 10L, `21` = 3L, `22` = 4L, `23` = 10L, `24` = 2L, 
    `26` = 4L, `27` = 2L, `28` = 3L, `29` = 4L, `30` = 3L, `31` = 3L, 
    `32` = 1L, `33` = 3L, `35` = 1L, `40` = 1L, `43` = 1L), .Dim = 35L, .Dimnames = structure(list(
        c("1", "2", "3", "4", "5", "6", "7", "8", "9", "10", 
        "11", "12", "13", "14", "15", "16", "17", "18", "19", 
        "20", "21", "22", "23", "24", "26", "27", "28", "29", 
        "30", "31", "32", "33", "35", "40", "43")), .Names = ""), class = "table"), 
    No.Tag = structure(c(0L, 1L, 38L, 1L, 0L, 0L, 0L, 0L, 0L, 
    0L, 0L, 0L, 3L, 0L, 0L), .Dim = c(5L, 3L), .Dimnames = structure(list(
        c("-2", "-1", "0", "1", NA), c("C", "T", NA)), .Names = c("", 
    "")), class = "table"), All.Tags = list(Concordant = list(
        Freqs = structure(c(0, 10, 135, 2, 0, 0, 1, 0), .Dim = c(4L, 
        2L), .Dimnames = list(c("-2", "-1", "0", "1"), c("C", 
        "T"))), N = 148), Majority = list(Freqs = structure(c(0, 
    17, 207, 3, 0, 0, 1, 0), .Dim = c(4L, 2L), .Dimnames = list(
        c("-2", "-1", "0", "1"), c("C", "T"))), N = 228)), `2` = structure(c(0, 
    15, 181, 2, 0, 0, 1, 0), .Dim = c(4L, 2L), .Dimnames = list(
        c("-2", "-1", "0", "1"), c("C", "T"))))))
