Results <-
list(`bwaOutput/20210421msiMNRsJenny/1291_S126.sam` = list(GM22_SNP1 = list(
    All = list(Freqs = structure(c(50L, 3348L, 36L, 8L, 0L, 16L, 
    0L, 0L, 0L, 1L, 0L, 0L, 0L, 31L, 0L, 0L), .Dim = c(4L, 4L
    ), .Dimnames = structure(list(c("-1", "0", "1", NA), c("A", 
    "G", "T", NA)), .Names = c("", "")), class = "table"), N = 3490L), 
    Tag.Distribution = structure(c(`1` = 39L, `2` = 15L, `3` = 17L, 
    `4` = 12L, `5` = 13L, `6` = 16L, `7` = 19L, `8` = 16L, `9` = 15L, 
    `10` = 9L, `11` = 9L, `12` = 12L, `13` = 9L, `14` = 7L, `15` = 10L, 
    `16` = 7L, `17` = 9L, `18` = 13L, `19` = 8L, `20` = 4L, `21` = 8L, 
    `22` = 4L, `23` = 6L, `24` = 8L, `25` = 6L, `26` = 4L, `27` = 3L, 
    `28` = 3L, `29` = 1L, `30` = 2L, `31` = 1L, `32` = 1L, `33` = 1L, 
    `41` = 2L), .Dim = 34L, .Dimnames = structure(list(c("1", 
    "2", "3", "4", "5", "6", "7", "8", "9", "10", "11", "12", 
    "13", "14", "15", "16", "17", "18", "19", "20", "21", "22", 
    "23", "24", "25", "26", "27", "28", "29", "30", "31", "32", 
    "33", "41")), .Names = ""), class = "table"), No.Tag = structure(c(1L, 
    57L, 0L, 1L, 0L, 0L, 0L, 0L, 0L, 0L, 0L, 0L, 0L, 5L, 0L, 
    0L), .Dim = c(4L, 4L), .Dimnames = structure(list(c("-1", 
    "0", "1", NA), c("A", "G", "T", NA)), .Names = c("", "")), class = "table"), 
    All.Tags = list(Concordant = list(Freqs = structure(c(2, 
    251, 2, 0, 0, 0, 0, 0, 0), .Dim = c(3L, 3L), .Dimnames = list(
        c("-1", "0", "1"), c("A", "G", "T"))), N = 255), Majority = list(
        Freqs = structure(c(2, 300, 3, 0, 1, 0, 0, 0, 0), .Dim = c(3L, 
        3L), .Dimnames = list(c("-1", "0", "1"), c("A", "G", 
        "T"))), N = 306)), `2` = structure(c(0, 267, 2, 0, 1, 
    0, 0, 0, 0), .Dim = c(3L, 3L), .Dimnames = list(c("-1", "0", 
    "1"), c("A", "G", "T"))))))
