Results <-
list(`bwaOutput/20210421msiMNRsJenny/1291_S126.sam` = list(LR20_SNP1 = list(
    All = list(Freqs = structure(c(0L, 1L, 0L, 1L, 1673L, 3L, 
    22L, 1544L, 3L, 0L, 11L, 0L), .Dim = 3:4, .Dimnames = structure(list(
        c("-1", "0", "1"), c("-", "A", "G", NA)), .Names = c("", 
    "")), class = "table"), N = 3258L), Tag.Distribution = structure(c(`1` = 71L, 
    `2` = 29L, `3` = 34L, `4` = 40L, `5` = 30L, `6` = 28L, `7` = 23L, 
    `8` = 24L, `9` = 17L, `10` = 12L, `11` = 17L, `12` = 5L, 
    `13` = 10L, `14` = 6L, `15` = 7L, `16` = 7L, `17` = 2L, `18` = 4L, 
    `19` = 9L, `20` = 10L, `21` = 2L, `22` = 6L, `23` = 6L, `24` = 4L, 
    `25` = 1L, `26` = 3L, `27` = 1L, `29` = 1L, `33` = 2L, `34` = 1L, 
    `35` = 1L, `36` = 1L), .Dim = 32L, .Dimnames = structure(list(
        c("1", "2", "3", "4", "5", "6", "7", "8", "9", "10", 
        "11", "12", "13", "14", "15", "16", "17", "18", "19", 
        "20", "21", "22", "23", "24", "25", "26", "27", "29", 
        "33", "34", "35", "36")), .Names = ""), class = "table"), 
    No.Tag = structure(c(0L, 0L, 0L, 0L, 0L, 13L, 0L, 0L, 0L, 
    16L, 0L, 0L, 0L, 1L, 0L, 0L), .Dim = c(4L, 4L), .Dimnames = structure(list(
        c("-1", "0", "1", NA), c("-", "A", "G", NA)), .Names = c("", 
    "")), class = "table"), All.Tags = list(Concordant = list(
        Freqs = structure(c(0, 0, 0, 0, 209, 0, 0, 184, 0), .Dim = c(3L, 
        3L), .Dimnames = list(c("-1", "0", "1"), c("-", "A", 
        "G"))), N = 393), Majority = list(Freqs = structure(c(0, 
    0, 0, 0, 217, 0, 1, 194, 0), .Dim = c(3L, 3L), .Dimnames = list(
        c("-1", "0", "1"), c("-", "A", "G"))), N = 412)), `2` = structure(c(0, 
    0, 0, 0, 176, 0, 1, 164, 0), .Dim = c(3L, 3L), .Dimnames = list(
        c("-1", "0", "1"), c("-", "A", "G"))))))
