Results <-
list(`bwaOutput/20210421msiMNRsJenny/1291_S126.sam` = list(LR40_SNP1 = list(
    All = list(Freqs = structure(c(1L, 1L, 49L, 2058L, 14L, 6L, 
    0L, 0L, 0L, 10L, 0L, 0L), .Dim = c(6L, 2L), .Dimnames = structure(list(
        c("-4", "-2", "-1", "0", "1", NA), c("C", NA)), .Names = c("", 
    "")), class = "table"), N = 2139L), Tag.Distribution = structure(c(`1` = 25L, 
    `2` = 13L, `3` = 11L, `4` = 25L, `5` = 14L, `6` = 19L, `7` = 14L, 
    `8` = 13L, `9` = 10L, `10` = 10L, `11` = 9L, `12` = 8L, `13` = 7L, 
    `14` = 7L, `15` = 7L, `16` = 6L, `17` = 6L, `18` = 5L, `19` = 1L, 
    `20` = 1L, `21` = 3L, `22` = 3L, `23` = 6L, `24` = 4L, `27` = 3L, 
    `32` = 1L, `34` = 1L), .Dim = 27L, .Dimnames = structure(list(
        c("1", "2", "3", "4", "5", "6", "7", "8", "9", "10", 
        "11", "12", "13", "14", "15", "16", "17", "18", "19", 
        "20", "21", "22", "23", "24", "27", "32", "34")), .Names = ""), class = "table"), 
    No.Tag = structure(c(0L, 0L, 1L, 50L, 0L, 0L, 0L, 0L, 0L, 
    2L, 0L, 0L), .Dim = c(6L, 2L), .Dimnames = structure(list(
        c("-4", "-2", "-1", "0", "1", NA), c("C", NA)), .Names = c("", 
    "")), class = "table"), All.Tags = list(Concordant = list(
        Freqs = structure(c(0, 0, 2, 196, 0), .Dim = c(5L, 1L
        ), .Dimnames = list(c("-4", "-2", "-1", "0", "1"), "C")), 
        N = 198), Majority = list(Freqs = structure(c(0, 0, 2, 
    229, 0), .Dim = c(5L, 1L), .Dimnames = list(c("-4", "-2", 
    "-1", "0", "1"), "C")), N = 231)), `2` = structure(c(0, 0, 
    2, 204, 0), .Dim = c(5L, 1L), .Dimnames = list(c("-4", "-2", 
    "-1", "0", "1"), "C")))))
