Results <-
list(`bwaOutput/20210421msiMNRsJenny/1291_S126.sam` = list(LR44_SNP1 = list(
    All = list(Freqs = structure(c(0L, 3L, 25L, 63L, 3L, 1L, 
    0L, 0L, 0L, 5L, 0L, 1L, 3L, 184L, 325L, 3027L, 50L, 27L, 
    0L, 2L, 5L, 41L, 1L, 0L), .Dim = c(6L, 4L), .Dimnames = structure(list(
        c("-3", "-2", "-1", "0", "1", NA), c("C", "G", "T", NA
        )), .Names = c("", "")), class = "table"), N = 3766L), 
    Tag.Distribution = structure(c(`1` = 52L, `2` = 12L, `3` = 31L, 
    `4` = 18L, `5` = 23L, `6` = 23L, `7` = 17L, `8` = 19L, `9` = 14L, 
    `10` = 11L, `11` = 21L, `12` = 16L, `13` = 8L, `14` = 8L, 
    `15` = 7L, `16` = 12L, `17` = 8L, `18` = 3L, `19` = 9L, `20` = 8L, 
    `21` = 8L, `22` = 8L, `23` = 7L, `24` = 3L, `25` = 2L, `26` = 5L, 
    `27` = 3L, `28` = 2L, `29` = 3L, `30` = 2L, `33` = 1L, `35` = 2L, 
    `51` = 2L), .Dim = 33L, .Dimnames = structure(list(c("1", 
    "2", "3", "4", "5", "6", "7", "8", "9", "10", "11", "12", 
    "13", "14", "15", "16", "17", "18", "19", "20", "21", "22", 
    "23", "24", "25", "26", "27", "28", "29", "30", "33", "35", 
    "51")), .Names = ""), class = "table"), No.Tag = structure(c(0L, 
    1L, 0L, 0L, 0L, 1L, 0L, 0L, 0L, 0L, 0L, 0L, 0L, 18L, 2L, 
    36L, 0L, 2L, 0L, 0L, 0L, 2L, 0L, 0L), .Dim = c(6L, 4L), .Dimnames = structure(list(
        c("-3", "-2", "-1", "0", "1", NA), c("C", "G", "T", NA
        )), .Names = c("", "")), class = "table"), All.Tags = list(
        Concordant = list(Freqs = structure(c(0, 1, 3, 4, 0, 
        0, 0, 0, 1, 0, 0, 8, 13, 156, 1), .Dim = c(5L, 3L), .Dimnames = list(
            c("-3", "-2", "-1", "0", "1"), c("C", "G", "T"))), 
            N = 187), Majority = list(Freqs = structure(c(0, 
        1, 4, 6, 0, 0, 0, 0, 1, 0, 0, 11, 17, 313, 2), .Dim = c(5L, 
        3L), .Dimnames = list(c("-3", "-2", "-1", "0", "1"), 
            c("C", "G", "T"))), N = 355)), `2` = structure(c(0, 
    0, 1, 4, 0, 0, 0, 0, 1, 0, 0, 11, 10, 286, 1), .Dim = c(5L, 
    3L), .Dimnames = list(c("-3", "-2", "-1", "0", "1"), c("C", 
    "G", "T"))))))
