Results <-
list(`bwaOutput/20210421msiMNRsJenny/1291_S126.sam` = list(DEPDC2_SNP1 = list(
    All = list(Freqs = structure(c(0L, 22L, 0L, 0L, 95L, 7904L, 
    33L, 15L, 0L, 76L, 0L, 0L, 2L, 114L, 0L, 0L), .Dim = c(4L, 
    4L), .Dimnames = structure(list(c("-1", "0", "1", NA), c("A", 
    "C", "T", NA)), .Names = c("", "")), class = "table"), N = 8261L), 
    Tag.Distribution = structure(c(`1` = 182L, `2` = 65L, `3` = 55L, 
    `4` = 64L, `5` = 58L, `6` = 53L, `7` = 44L, `8` = 46L, `9` = 37L, 
    `10` = 53L, `11` = 36L, `12` = 28L, `13` = 27L, `14` = 19L, 
    `15` = 19L, `16` = 21L, `17` = 14L, `18` = 14L, `19` = 10L, 
    `20` = 10L, `21` = 15L, `22` = 14L, `23` = 12L, `24` = 4L, 
    `25` = 9L, `26` = 6L, `27` = 7L, `28` = 3L, `29` = 2L, `30` = 1L, 
    `31` = 4L, `32` = 2L, `34` = 1L, `35` = 3L, `36` = 2L, `41` = 1L, 
    `42` = 1L, `43` = 1L, `47` = 2L), .Dim = 39L, .Dimnames = structure(list(
        c("1", "2", "3", "4", "5", "6", "7", "8", "9", "10", 
        "11", "12", "13", "14", "15", "16", "17", "18", "19", 
        "20", "21", "22", "23", "24", "25", "26", "27", "28", 
        "29", "30", "31", "32", "34", "35", "36", "41", "42", 
        "43", "47")), .Names = ""), class = "table"), No.Tag = structure(c(0L, 
    0L, 0L, 0L, 2L, 158L, 0L, 0L, 0L, 0L, 0L, 0L, 0L, 15L, 0L, 
    0L), .Dim = c(4L, 4L), .Dimnames = structure(list(c("-1", 
    "0", "1", NA), c("A", "C", "T", NA)), .Names = c("", "")), class = "table"), 
    All.Tags = list(Concordant = list(Freqs = structure(c(0, 
    1, 0, 6, 828, 0, 0, 8, 0), .Dim = c(3L, 3L), .Dimnames = list(
        c("-1", "0", "1"), c("A", "C", "T"))), N = 843), Majority = list(
        Freqs = structure(c(0, 2, 0, 6, 904, 0, 0, 9, 0), .Dim = c(3L, 
        3L), .Dimnames = list(c("-1", "0", "1"), c("A", "C", 
        "T"))), N = 921)), `2` = structure(c(0, 2, 0, 5, 751, 
    0, 0, 4, 0), .Dim = c(3L, 3L), .Dimnames = list(c("-1", "0", 
    "1"), c("A", "C", "T"))))))
