Results <-
list(`bwaOutput/20210421msiMNRsJenny/1291_S126.sam` = list(LR46_SNP1 = list(
    All = list(Freqs = structure(c(57L, 898L, 2L, 3L, 5L, 917L, 
    2L, 1L, 0L, 6L, 0L, 0L), .Dim = 4:3, .Dimnames = structure(list(
        c("-1", "0", "1", NA), c("G", "T", NA)), .Names = c("", 
    "")), class = "table"), N = 1891L), Tag.Distribution = structure(c(`1` = 41L, 
    `2` = 9L, `3` = 11L, `4` = 14L, `5` = 13L, `6` = 19L, `7` = 8L, 
    `8` = 13L, `9` = 9L, `10` = 5L, `11` = 9L, `12` = 6L, `13` = 1L, 
    `14` = 7L, `15` = 5L, `16` = 6L, `17` = 4L, `18` = 2L, `19` = 6L, 
    `20` = 4L, `21` = 3L, `23` = 3L, `24` = 2L, `25` = 1L, `26` = 3L, 
    `28` = 1L, `29` = 1L, `30` = 3L, `31` = 1L), .Dim = 29L, .Dimnames = structure(list(
        c("1", "2", "3", "4", "5", "6", "7", "8", "9", "10", 
        "11", "12", "13", "14", "15", "16", "17", "18", "19", 
        "20", "21", "23", "24", "25", "26", "28", "29", "30", 
        "31")), .Names = ""), class = "table"), No.Tag = structure(c(16L, 
    22L, 0L, 0L, 0L, 23L, 0L, 0L, 0L, 0L, 0L, 0L), .Dim = 4:3, .Dimnames = structure(list(
        c("-1", "0", "1", NA), c("G", "T", NA)), .Names = c("", 
    "")), class = "table"), All.Tags = list(Concordant = list(
        Freqs = structure(c(7, 92, 0, 0, 94, 0), .Dim = 3:2, .Dimnames = list(
            c("-1", "0", "1"), c("G", "T"))), N = 193), Majority = list(
        Freqs = structure(c(7, 100, 0, 0, 102, 0), .Dim = 3:2, .Dimnames = list(
            c("-1", "0", "1"), c("G", "T"))), N = 209)), `2` = structure(c(5, 
    78, 0, 0, 85, 0), .Dim = 3:2, .Dimnames = list(c("-1", "0", 
    "1"), c("G", "T"))))))
