Results <-
list(`bwaOutput/20210421msiMNRsJenny/1291_S126.sam` = list(LR24_SNP1 = list(
    All = list(Freqs = structure(c(0L, 57L, 2567L, 5L, 2L, 1L, 
    52L, 2554L, 2L, 4L, 0L, 2L, 29L, 0L, 0L), .Dim = c(5L, 3L
    ), .Dimnames = structure(list(c("-2", "-1", "0", "1", NA), 
        c("A", "G", NA)), .Names = c("", "")), class = "table"), 
        N = 5275L), Tag.Distribution = structure(c(`1` = 231L, 
    `2` = 115L, `3` = 119L, `4` = 85L, `5` = 66L, `6` = 50L, 
    `7` = 54L, `8` = 44L, `9` = 36L, `10` = 31L, `11` = 22L, 
    `12` = 18L, `13` = 12L, `14` = 9L, `15` = 12L, `16` = 10L, 
    `17` = 8L, `18` = 10L, `20` = 7L, `21` = 2L, `22` = 1L, `23` = 4L, 
    `24` = 4L, `26` = 2L, `28` = 2L, `29` = 1L, `30` = 1L, `47` = 1L
    ), .Dim = 28L, .Dimnames = structure(list(c("1", "2", "3", 
    "4", "5", "6", "7", "8", "9", "10", "11", "12", "13", "14", 
    "15", "16", "17", "18", "20", "21", "22", "23", "24", "26", 
    "28", "29", "30", "47")), .Names = ""), class = "table"), 
    No.Tag = structure(c(0L, 7L, 56L, 0L, 0L, 0L, 1L, 54L, 0L, 
    1L, 0L, 1L, 1L, 0L, 0L), .Dim = c(5L, 3L), .Dimnames = structure(list(
        c("-2", "-1", "0", "1", NA), c("A", "G", NA)), .Names = c("", 
    "")), class = "table"), All.Tags = list(Concordant = list(
        Freqs = structure(c(0, 14, 408, 0, 0, 9, 423, 0), .Dim = c(4L, 
        2L), .Dimnames = list(c("-2", "-1", "0", "1"), c("A", 
        "G"))), N = 854), Majority = list(Freqs = structure(c(0, 
    15, 447, 0, 0, 10, 471, 0), .Dim = c(4L, 2L), .Dimnames = list(
        c("-2", "-1", "0", "1"), c("A", "G"))), N = 943)), `2` = structure(c(0, 
    6, 351, 0, 0, 6, 355, 0), .Dim = c(4L, 2L), .Dimnames = list(
        c("-2", "-1", "0", "1"), c("A", "G"))))))
