Results <-
list(`bwaOutput/20210421msiMNRsJenny/1291_S126.sam` = list(IM49_SNP1 = list(
    All = list(Freqs = structure(c(53L, 216L, 2075L, 50L, 22L, 
    10L, 72L, 1791L, 34L, 6L, 0L, 0L, 1L, 0L, 0L, 1L, 1L, 140L, 
    3L, 0L), .Dim = 5:4, .Dimnames = structure(list(c("-2", "-1", 
    "0", "1", NA), c("C", "G", "T", NA)), .Names = c("", "")), class = "table"), 
        N = 4475L), Tag.Distribution = structure(c(`1` = 170L, 
    `2` = 69L, `3` = 85L, `4` = 65L, `5` = 64L, `6` = 43L, `7` = 44L, 
    `8` = 47L, `9` = 32L, `10` = 24L, `11` = 16L, `12` = 19L, 
    `13` = 11L, `14` = 13L, `15` = 14L, `16` = 7L, `17` = 3L, 
    `18` = 8L, `19` = 9L, `20` = 3L, `21` = 1L, `22` = 3L, `23` = 1L, 
    `24` = 1L, `25` = 1L, `27` = 1L, `30` = 2L, `31` = 1L), .Dim = 28L, .Dimnames = structure(list(
        c("1", "2", "3", "4", "5", "6", "7", "8", "9", "10", 
        "11", "12", "13", "14", "15", "16", "17", "18", "19", 
        "20", "21", "22", "23", "24", "25", "27", "30", "31")), .Names = ""), class = "table"), 
    No.Tag = structure(c(0L, 2L, 57L, 1L, 0L, 0L, 1L, 42L, 1L, 
    0L, 0L, 0L, 0L, 0L, 0L, 0L, 0L, 4L, 0L, 0L), .Dim = 5:4, .Dimnames = structure(list(
        c("-2", "-1", "0", "1", NA), c("C", "G", "T", NA)), .Names = c("", 
    "")), class = "table"), All.Tags = list(Concordant = list(
        Freqs = structure(c(7, 20, 272, 1, 2, 4, 252, 1, 0, 0, 
        0, 0), .Dim = 4:3, .Dimnames = list(c("-2", "-1", "0", 
        "1"), c("C", "G", "T"))), N = 559), Majority = list(Freqs = structure(c(8, 
    25, 355, 1, 2, 4, 332, 2, 0, 0, 0, 0), .Dim = 4:3, .Dimnames = list(
        c("-2", "-1", "0", "1"), c("C", "G", "T"))), N = 729)), 
    `2` = structure(c(8, 17, 275, 1, 2, 3, 268, 2, 0, 0, 0, 0
    ), .Dim = 4:3, .Dimnames = list(c("-2", "-1", "0", "1"), 
        c("C", "G", "T"))))))
