Results <-
list(`bwaOutput/20210421msiMNRsJenny/1291_S126.sam` = list(GM29_SNP1 = list(
    All = list(Freqs = structure(c(0L, 15L, 1209L, 7L, 1L, 1L, 
    13L, 914L, 4L, 3L, 0L, 0L, 20L, 0L, 0L), .Dim = c(5L, 3L), .Dimnames = structure(list(
        c("-3", "-1", "0", "1", NA), c("A", "G", NA)), .Names = c("", 
    "")), class = "table"), N = 2187L), Tag.Distribution = structure(c(`1` = 50L, 
    `2` = 19L, `3` = 26L, `4` = 25L, `5` = 9L, `6` = 24L, `7` = 16L, 
    `8` = 11L, `9` = 12L, `10` = 16L, `11` = 11L, `12` = 6L, 
    `13` = 5L, `14` = 5L, `15` = 3L, `16` = 9L, `17` = 5L, `18` = 6L, 
    `19` = 2L, `20` = 3L, `21` = 5L, `23` = 1L, `24` = 2L, `25` = 3L, 
    `26` = 2L, `27` = 1L, `44` = 1L), .Dim = 27L, .Dimnames = structure(list(
        c("1", "2", "3", "4", "5", "6", "7", "8", "9", "10", 
        "11", "12", "13", "14", "15", "16", "17", "18", "19", 
        "20", "21", "23", "24", "25", "26", "27", "44")), .Names = ""), class = "table"), 
    No.Tag = structure(c(0L, 1L, 39L, 0L, 0L, 0L, 0L, 39L, 0L, 
    0L, 0L, 0L, 3L, 0L, 0L), .Dim = c(5L, 3L), .Dimnames = structure(list(
        c("-3", "-1", "0", "1", NA), c("A", "G", NA)), .Names = c("", 
    "")), class = "table"), All.Tags = list(Concordant = list(
        Freqs = structure(c(0, 0, 122, 0, 0, 0, 104, 0), .Dim = c(4L, 
        2L), .Dimnames = list(c("-3", "-1", "0", "1"), c("A", 
        "G"))), N = 226), Majority = list(Freqs = structure(c(0, 
    0, 151, 0, 0, 0, 120, 0), .Dim = c(4L, 2L), .Dimnames = list(
        c("-3", "-1", "0", "1"), c("A", "G"))), N = 271)), `2` = structure(c(0, 
    0, 128, 0, 0, 0, 97, 0), .Dim = c(4L, 2L), .Dimnames = list(
        c("-3", "-1", "0", "1"), c("A", "G"))))))
