Results <-
list(`bwaOutput/20210421msiMNRsJenny/1296_S129.sam` = list(LR40_SNP1 = list(
    All = list(Freqs = structure(c(0L, 1L, 0L, 0L, 24L, 1847L, 
    3L, 2L, 0L, 1L, 0L, 0L, 0L, 5L, 0L, 0L), .Dim = c(4L, 4L), .Dimnames = structure(list(
        c("-1", "0", "1", NA), c("A", "C", "T", NA)), .Names = c("", 
    "")), class = "table"), N = 1883L), Tag.Distribution = structure(c(`1` = 50L, 
    `2` = 34L, `3` = 29L, `4` = 25L, `5` = 28L, `6` = 17L, `7` = 15L, 
    `8` = 17L, `9` = 14L, `10` = 11L, `11` = 5L, `12` = 5L, `13` = 5L, 
    `14` = 3L, `15` = 3L, `16` = 6L, `17` = 3L, `18` = 5L, `19` = 3L, 
    `20` = 2L, `21` = 2L, `22` = 1L, `23` = 1L, `24` = 1L, `26` = 1L, 
    `27` = 1L, `31` = 1L), .Dim = 27L, .Dimnames = structure(list(
        c("1", "2", "3", "4", "5", "6", "7", "8", "9", "10", 
        "11", "12", "13", "14", "15", "16", "17", "18", "19", 
        "20", "21", "22", "23", "24", "26", "27", "31")), .Names = ""), class = "table"), 
    No.Tag = structure(c(0L, 0L, 0L, 0L, 1L, 62L, 0L, 0L, 0L, 
    0L, 0L, 0L, 0L, 0L, 0L, 0L), .Dim = c(4L, 4L), .Dimnames = structure(list(
        c("-1", "0", "1", NA), c("A", "C", "T", NA)), .Names = c("", 
    "")), class = "table"), All.Tags = list(Concordant = list(
        Freqs = structure(c(0, 1, 0, 0, 264, 0, 0, 0, 0), .Dim = c(3L, 
        3L), .Dimnames = list(c("-1", "0", "1"), c("A", "C", 
        "T"))), N = 265), Majority = list(Freqs = structure(c(0, 
    1, 0, 1, 284, 0, 0, 0, 0), .Dim = c(3L, 3L), .Dimnames = list(
        c("-1", "0", "1"), c("A", "C", "T"))), N = 286)), `2` = structure(c(0, 
    0, 0, 1, 236, 0, 0, 0, 0), .Dim = c(3L, 3L), .Dimnames = list(
        c("-1", "0", "1"), c("A", "C", "T"))))))
