Results <-
list(`bwaOutput/20210421msiMNRsJenny/1296_S129.sam` = list(IM16_SNP1 = list(
    All = list(Freqs = structure(c(0L, 0L, 8L, 0L, 0L, 0L, 1L, 
    356L, 2102L, 20L, 1L, 6L, 0L, 0L, 42L, 2L, 0L, 0L), .Dim = c(6L, 
    3L), .Dimnames = structure(list(c("-2", "-1", "0", "1", "2", 
    NA), c("A", "G", NA)), .Names = c("", "")), class = "table"), 
        N = 2538L), Tag.Distribution = structure(c(`1` = 58L, 
    `2` = 43L, `3` = 33L, `4` = 19L, `5` = 31L, `6` = 27L, `7` = 22L, 
    `8` = 23L, `9` = 19L, `10` = 15L, `11` = 16L, `12` = 10L, 
    `13` = 6L, `14` = 10L, `15` = 8L, `16` = 5L, `17` = 6L, `18` = 4L, 
    `19` = 1L, `20` = 2L, `21` = 4L, `22` = 1L, `25` = 1L, `28` = 2L, 
    `30` = 1L), .Dim = 25L, .Dimnames = structure(list(c("1", 
    "2", "3", "4", "5", "6", "7", "8", "9", "10", "11", "12", 
    "13", "14", "15", "16", "17", "18", "19", "20", "21", "22", 
    "25", "28", "30")), .Names = ""), class = "table"), No.Tag = structure(c(0L, 
    0L, 2L, 0L, 0L, 0L, 0L, 4L, 64L, 1L, 1L, 0L, 0L, 0L, 7L, 
    0L, 0L, 0L), .Dim = c(6L, 3L), .Dimnames = structure(list(
        c("-2", "-1", "0", "1", "2", NA), c("A", "G", NA)), .Names = c("", 
    "")), class = "table"), All.Tags = list(Concordant = list(
        Freqs = structure(c(0, 0, 3, 0, 0, 0, 39, 279, 0, 0), .Dim = c(5L, 
        2L), .Dimnames = list(c("-2", "-1", "0", "1", "2"), c("A", 
        "G"))), N = 321), Majority = list(Freqs = structure(c(0, 
    0, 3, 0, 0, 0, 43, 311, 0, 0), .Dim = c(5L, 2L), .Dimnames = list(
        c("-2", "-1", "0", "1", "2"), c("A", "G"))), N = 357)), 
    `2` = structure(c(0, 0, 0, 0, 0, 0, 39, 268, 0, 0), .Dim = c(5L, 
    2L), .Dimnames = list(c("-2", "-1", "0", "1", "2"), c("A", 
    "G"))))))
