Results <-
list(`bwaOutput/20210421msiMNRsJenny/1296_S129.sam` = list(LR11_SNP1 = list(
    All = list(Freqs = structure(c(1L, 3L, 42L, 1775L, 15L, 5L, 
    0L, 0L, 82L, 1126L, 18L, 6L, 0L, 0L, 0L, 1L, 0L, 0L, 0L, 
    0L, 4L, 33L, 1L, 0L), .Dim = c(6L, 4L), .Dimnames = structure(list(
        c("-3", "-2", "-1", "0", "1", NA), c("A", "C", "T", NA
        )), .Names = c("", "")), class = "table"), N = 3112L), 
    Tag.Distribution = structure(c(`1` = 80L, `2` = 21L, `3` = 44L, 
    `4` = 30L, `5` = 34L, `6` = 34L, `7` = 27L, `8` = 28L, `9` = 16L, 
    `10` = 23L, `11` = 12L, `12` = 14L, `13` = 15L, `14` = 10L, 
    `15` = 11L, `16` = 6L, `17` = 5L, `18` = 6L, `19` = 4L, `20` = 3L, 
    `21` = 3L, `22` = 1L, `23` = 3L, `24` = 1L, `25` = 2L, `27` = 2L, 
    `30` = 1L, `33` = 1L), .Dim = 28L, .Dimnames = structure(list(
        c("1", "2", "3", "4", "5", "6", "7", "8", "9", "10", 
        "11", "12", "13", "14", "15", "16", "17", "18", "19", 
        "20", "21", "22", "23", "24", "25", "27", "30", "33")), .Names = ""), class = "table"), 
    No.Tag = structure(c(0L, 0L, 0L, 2L, 0L, 0L, 0L, 0L, 1L, 
    2L, 0L, 0L, 0L, 0L, 0L, 0L, 0L, 0L, 0L, 0L, 0L, 2L, 0L, 0L
    ), .Dim = c(6L, 4L), .Dimnames = structure(list(c("-3", "-2", 
    "-1", "0", "1", NA), c("A", "C", "T", NA)), .Names = c("", 
    "")), class = "table"), All.Tags = list(Concordant = list(
        Freqs = structure(c(0, 0, 1, 206, 0, 0, 0, 10, 134, 2, 
        0, 0, 0, 0, 0), .Dim = c(5L, 3L), .Dimnames = list(c("-3", 
        "-2", "-1", "0", "1"), c("A", "C", "T"))), N = 353), 
        Majority = list(Freqs = structure(c(0, 0, 2, 249, 0, 
        0, 0, 10, 164, 2, 0, 0, 0, 0, 0), .Dim = c(5L, 3L), .Dimnames = list(
            c("-3", "-2", "-1", "0", "1"), c("A", "C", "T"))), 
            N = 427)), `2` = structure(c(0, 0, 1, 206, 0, 0, 
    0, 8, 137, 2, 0, 0, 0, 0, 0), .Dim = c(5L, 3L), .Dimnames = list(
        c("-3", "-2", "-1", "0", "1"), c("A", "C", "T"))))))
