Results <-
list(`bwaOutput/20210421msiMNRsJenny/1296_S129.sam` = list(LR36_SNP1 = list(
    All = list(Freqs = structure(c(7L, 93L, 2200L, 32L, 21L, 
    1L, 0L, 0L, 0L, 0L, 0L, 0L, 1L, 0L, 0L, 45L, 335L, 1760L, 
    19L, 19L, 0L, 10L, 113L, 2L, 0L), .Dim = c(5L, 5L), .Dimnames = structure(list(
        c("-2", "-1", "0", "1", NA), c("A", "C", "G", "T", NA
        )), .Names = c("", "")), class = "table"), N = 4658L), 
    Tag.Distribution = structure(c(`1` = 98L, `2` = 55L, `3` = 44L, 
    `4` = 49L, `5` = 44L, `6` = 48L, `7` = 39L, `8` = 30L, `9` = 37L, 
    `10` = 30L, `11` = 15L, `12` = 25L, `13` = 16L, `14` = 16L, 
    `15` = 13L, `16` = 12L, `17` = 11L, `18` = 6L, `19` = 6L, 
    `20` = 10L, `21` = 3L, `22` = 5L, `23` = 3L, `24` = 1L, `25` = 1L, 
    `26` = 1L, `27` = 2L, `28` = 2L, `31` = 1L), .Dim = 29L, .Dimnames = structure(list(
        c("1", "2", "3", "4", "5", "6", "7", "8", "9", "10", 
        "11", "12", "13", "14", "15", "16", "17", "18", "19", 
        "20", "21", "22", "23", "24", "25", "26", "27", "28", 
        "31")), .Names = ""), class = "table"), No.Tag = structure(c(0L, 
    0L, 42L, 0L, 3L, 0L, 0L, 0L, 0L, 0L, 0L, 0L, 0L, 0L, 0L, 
    0L, 4L, 54L, 0L, 1L, 0L, 1L, 12L, 0L, 0L), .Dim = c(5L, 5L
    ), .Dimnames = structure(list(c("-2", "-1", "0", "1", NA), 
        c("A", "C", "G", "T", NA)), .Names = c("", "")), class = "table"), 
    All.Tags = list(Concordant = list(Freqs = structure(c(0, 
    5, 229, 2, 0, 0, 0, 0, 0, 0, 0, 0, 4, 32, 196, 3), .Dim = c(4L, 
    4L), .Dimnames = list(c("-2", "-1", "0", "1"), c("A", "C", 
    "G", "T"))), N = 471), Majority = list(Freqs = structure(c(0, 
    6, 296, 3, 0, 0, 0, 0, 0, 0, 0, 0, 5, 45, 249, 3), .Dim = c(4L, 
    4L), .Dimnames = list(c("-2", "-1", "0", "1"), c("A", "C", 
    "G", "T"))), N = 607)), `2` = structure(c(0, 5, 252, 2, 0, 
    0, 0, 0, 0, 0, 0, 0, 5, 41, 211, 2), .Dim = c(4L, 4L), .Dimnames = list(
        c("-2", "-1", "0", "1"), c("A", "C", "G", "T"))))))
