Results <-
list(`bwaOutput/20210421msiMNRsJenny/1296_S129.sam` = list(IM49_SNP1 = list(
    All = list(Freqs = structure(c(0L, 0L, 0L, 9L, 0L, 0L, 0L, 
    2L, 88L, 769L, 3056L, 60L, 2L, 34L, 0L, 0L, 16L, 167L, 7L, 
    0L, 0L), .Dim = c(7L, 3L), .Dimnames = structure(list(c("-3", 
    "-2", "-1", "0", "1", "2", NA), c("C", "G", NA)), .Names = c("", 
    "")), class = "table"), N = 4210L), Tag.Distribution = structure(c(`1` = 214L, 
    `2` = 103L, `3` = 114L, `4` = 86L, `5` = 77L, `6` = 68L, 
    `7` = 30L, `8` = 31L, `9` = 30L, `10` = 19L, `11` = 22L, 
    `12` = 18L, `13` = 12L, `14` = 8L, `15` = 8L, `16` = 7L, 
    `17` = 7L, `18` = 4L, `19` = 1L, `20` = 1L, `21` = 3L, `24` = 1L
    ), .Dim = 22L, .Dimnames = structure(list(c("1", "2", "3", 
    "4", "5", "6", "7", "8", "9", "10", "11", "12", "13", "14", 
    "15", "16", "17", "18", "19", "20", "21", "24")), .Names = ""), class = "table"), 
    No.Tag = structure(c(0L, 0L, 0L, 0L, 0L, 0L, 0L, 0L, 4L, 
    30L, 77L, 0L, 0L, 1L, 0L, 0L, 1L, 5L, 0L, 0L, 0L), .Dim = c(7L, 
    3L), .Dimnames = structure(list(c("-3", "-2", "-1", "0", 
    "1", "2", NA), c("C", "G", NA)), .Names = c("", "")), class = "table"), 
    All.Tags = list(Concordant = list(Freqs = structure(c(0, 
    0, 0, 9, 0, 0, 0, 20, 119, 526, 5, 0), .Dim = c(6L, 2L), .Dimnames = list(
        c("-3", "-2", "-1", "0", "1", "2"), c("C", "G"))), N = 679), 
        Majority = list(Freqs = structure(c(0, 0, 0, 9, 0, 0, 
        0, 21, 145, 634, 6, 0), .Dim = c(6L, 2L), .Dimnames = list(
            c("-3", "-2", "-1", "0", "1", "2"), c("C", "G"))), 
            N = 815)), `2` = structure(c(0, 0, 0, 0, 0, 0, 0, 
    12, 109, 515, 2, 0), .Dim = c(6L, 2L), .Dimnames = list(c("-3", 
    "-2", "-1", "0", "1", "2"), c("C", "G"))))))
