Results <-
list(`bwaOutput/20210421msiMNRsJenny/1296_S129.sam` = list(GM01_SNP1 = list(
    All = list(Freqs = structure(c(1L, 342L, 3513L, 23L, 9L, 
    0L, 0L, 11L, 0L, 0L, 0L, 2L, 37L, 0L, 0L), .Dim = c(5L, 3L
    ), .Dimnames = structure(list(c("-2", "-1", "0", "1", NA), 
        c("A", "G", NA)), .Names = c("", "")), class = "table"), 
        N = 3938L), Tag.Distribution = structure(c(`1` = 75L, 
    `2` = 37L, `3` = 32L, `4` = 27L, `5` = 42L, `6` = 32L, `7` = 27L, 
    `8` = 29L, `9` = 28L, `10` = 17L, `11` = 20L, `12` = 22L, 
    `13` = 20L, `14` = 13L, `15` = 11L, `16` = 14L, `17` = 7L, 
    `18` = 6L, `19` = 8L, `20` = 5L, `21` = 5L, `22` = 3L, `23` = 5L, 
    `26` = 1L, `27` = 1L, `31` = 1L, `39` = 1L, `49` = 1L), .Dim = 28L, .Dimnames = structure(list(
        c("1", "2", "3", "4", "5", "6", "7", "8", "9", "10", 
        "11", "12", "13", "14", "15", "16", "17", "18", "19", 
        "20", "21", "22", "23", "26", "27", "31", "39", "49")), .Names = ""), class = "table"), 
    No.Tag = structure(c(0L, 2L, 81L, 0L, 1L, 0L, 0L, 1L, 0L, 
    0L, 0L, 0L, 3L, 0L, 0L), .Dim = c(5L, 3L), .Dimnames = structure(list(
        c("-2", "-1", "0", "1", NA), c("A", "G", NA)), .Names = c("", 
    "")), class = "table"), All.Tags = list(Concordant = list(
        Freqs = structure(c(0, 36, 376, 2, 0, 0, 3, 0), .Dim = c(4L, 
        2L), .Dimnames = list(c("-2", "-1", "0", "1"), c("A", 
        "G"))), N = 417), Majority = list(Freqs = structure(c(0, 
    38, 440, 2, 0, 0, 4, 0), .Dim = c(4L, 2L), .Dimnames = list(
        c("-2", "-1", "0", "1"), c("A", "G"))), N = 484)), `2` = structure(c(0, 
    32, 381, 1, 0, 0, 1, 0), .Dim = c(4L, 2L), .Dimnames = list(
        c("-2", "-1", "0", "1"), c("A", "G"))))))
