Results <-
list(`bwaOutput/20210421msiMNRsJenny/1296_S129.sam` = list(LR49_SNP1 = list(
    All = list(Freqs = structure(c(14L, 2827L, 2L, 3L, 0L, 13L, 
    0L, 0L, 1L, 37L, 0L, 0L), .Dim = 4:3, .Dimnames = structure(list(
        c("-1", "0", "1", NA), c("A", "G", NA)), .Names = c("", 
    "")), class = "table"), N = 2897L), Tag.Distribution = structure(c(`1` = 104L, 
    `2` = 54L, `3` = 58L, `4` = 58L, `5` = 37L, `6` = 36L, `7` = 32L, 
    `8` = 28L, `9` = 17L, `10` = 14L, `11` = 11L, `12` = 13L, 
    `13` = 6L, `14` = 11L, `15` = 4L, `16` = 1L, `17` = 3L, `18` = 4L, 
    `19` = 3L, `20` = 2L, `21` = 3L, `23` = 1L, `25` = 1L, `26` = 1L, 
    `27` = 1L, `28` = 1L, `31` = 1L), .Dim = 27L, .Dimnames = structure(list(
        c("1", "2", "3", "4", "5", "6", "7", "8", "9", "10", 
        "11", "12", "13", "14", "15", "16", "17", "18", "19", 
        "20", "21", "23", "25", "26", "27", "28", "31")), .Names = ""), class = "table"), 
    No.Tag = structure(c(0L, 101L, 1L, 0L, 0L, 1L, 0L, 0L, 0L, 
    6L, 0L, 0L), .Dim = 4:3, .Dimnames = structure(list(c("-1", 
    "0", "1", NA), c("A", "G", NA)), .Names = c("", "")), class = "table"), 
    All.Tags = list(Concordant = list(Freqs = structure(c(1, 
    478, 0, 0, 7, 0), .Dim = 3:2, .Dimnames = list(c("-1", "0", 
    "1"), c("A", "G"))), N = 486), Majority = list(Freqs = structure(c(1, 
    492, 0, 0, 7, 0), .Dim = 3:2, .Dimnames = list(c("-1", "0", 
    "1"), c("A", "G"))), N = 500)), `2` = structure(c(1, 400, 
    0, 0, 0, 0), .Dim = 3:2, .Dimnames = list(c("-1", "0", "1"
    ), c("A", "G"))))))
