Results <-
list(`bwaOutput/20210421msiMNRsJenny/1296_S129.sam` = list(GM14_SNP1 = list(
    All = list(Freqs = structure(c(1L, 31L, 468L, 3238L, 31L, 
    1L, 11L, 0L, 0L, 1L, 1L, 0L, 0L, 0L, 0L, 0L, 0L, 40L, 0L, 
    0L, 0L), .Dim = c(7L, 3L), .Dimnames = structure(list(c("-5", 
    "-2", "-1", "0", "1", "2", NA), c("C", "T", NA)), .Names = c("", 
    "")), class = "table"), N = 3823L), Tag.Distribution = structure(c(`1` = 85L, 
    `2` = 37L, `3` = 48L, `4` = 43L, `5` = 33L, `6` = 29L, `7` = 28L, 
    `8` = 25L, `9` = 29L, `10` = 18L, `11` = 18L, `12` = 22L, 
    `13` = 12L, `14` = 15L, `15` = 11L, `16` = 13L, `17` = 15L, 
    `18` = 9L, `19` = 3L, `20` = 7L, `21` = 5L, `23` = 1L, `24` = 1L, 
    `25` = 2L, `27` = 1L, `31` = 1L, `35` = 1L), .Dim = 27L, .Dimnames = structure(list(
        c("1", "2", "3", "4", "5", "6", "7", "8", "9", "10", 
        "11", "12", "13", "14", "15", "16", "17", "18", "19", 
        "20", "21", "23", "24", "25", "27", "31", "35")), .Names = ""), class = "table"), 
    No.Tag = structure(c(0L, 0L, 3L, 59L, 0L, 0L, 0L, 0L, 0L, 
    0L, 0L, 0L, 0L, 0L, 0L, 0L, 0L, 0L, 0L, 0L, 0L), .Dim = c(7L, 
    3L), .Dimnames = structure(list(c("-5", "-2", "-1", "0", 
    "1", "2", NA), c("C", "T", NA)), .Names = c("", "")), class = "table"), 
    All.Tags = list(Concordant = list(Freqs = structure(c(0, 
    4, 33, 353, 2, 0, 0, 0, 1, 1, 0, 0), .Dim = c(6L, 2L), .Dimnames = list(
        c("-5", "-2", "-1", "0", "1", "2"), c("C", "T"))), N = 394), 
        Majority = list(Freqs = structure(c(0, 4, 40, 457, 2, 
        0, 0, 0, 1, 1, 0, 0), .Dim = c(6L, 2L), .Dimnames = list(
            c("-5", "-2", "-1", "0", "1", "2"), c("C", "T"))), 
            N = 505)), `2` = structure(c(0, 3, 35, 387, 0, 0, 
    0, 0, 0, 0, 0, 0), .Dim = c(6L, 2L), .Dimnames = list(c("-5", 
    "-2", "-1", "0", "1", "2"), c("C", "T"))))))
