Results <-
list(`bwaOutput/20210421msiMNRsJenny/1296_S129.sam` = list(GM07_SNP1 = list(
    All = list(Freqs = structure(c(0L, 0L, 1L, 0L, 0L, 0L, 36L, 
    554L, 2160L, 65L, 2L, 63L, 0L, 0L, 0L, 0L, 0L, 1L, 0L, 2L, 
    42L, 1L, 0L, 0L), .Dim = c(6L, 4L), .Dimnames = structure(list(
        c("-2", "-1", "0", "1", "2", NA), c("A", "G", "T", NA
        )), .Names = c("", "")), class = "table"), N = 2927L), 
    Tag.Distribution = structure(c(`1` = 67L, `2` = 22L, `3` = 29L, 
    `4` = 39L, `5` = 30L, `6` = 22L, `7` = 26L, `8` = 19L, `9` = 22L, 
    `10` = 21L, `11` = 13L, `12` = 14L, `13` = 10L, `14` = 5L, 
    `15` = 10L, `16` = 7L, `17` = 7L, `18` = 5L, `19` = 3L, `20` = 3L, 
    `21` = 4L, `22` = 4L, `23` = 1L, `24` = 1L, `25` = 3L, `26` = 1L, 
    `29` = 2L), .Dim = 27L, .Dimnames = structure(list(c("1", 
    "2", "3", "4", "5", "6", "7", "8", "9", "10", "11", "12", 
    "13", "14", "15", "16", "17", "18", "19", "20", "21", "22", 
    "23", "24", "25", "26", "29")), .Names = ""), class = "table"), 
    No.Tag = structure(c(0L, 0L, 0L, 0L, 0L, 0L, 0L, 12L, 48L, 
    0L, 0L, 9L, 0L, 0L, 0L, 0L, 0L, 0L, 0L, 0L, 3L, 0L, 0L, 0L
    ), .Dim = c(6L, 4L), .Dimnames = structure(list(c("-2", "-1", 
    "0", "1", "2", NA), c("A", "G", "T", NA)), .Names = c("", 
    "")), class = "table"), All.Tags = list(Concordant = list(
        Freqs = structure(c(0, 0, 0, 0, 0, 3, 55, 192, 0, 0, 
        0, 0, 0, 0, 0), .Dim = c(5L, 3L), .Dimnames = list(c("-2", 
        "-1", "0", "1", "2"), c("A", "G", "T"))), N = 250), Majority = list(
        Freqs = structure(c(0, 0, 0, 0, 0, 3, 72, 299, 2, 0, 
        0, 0, 0, 0, 0), .Dim = c(5L, 3L), .Dimnames = list(c("-2", 
        "-1", "0", "1", "2"), c("A", "G", "T"))), N = 376)), 
    `2` = structure(c(0, 0, 0, 0, 0, 2, 61, 255, 2, 0, 0, 0, 
    0, 0, 0), .Dim = c(5L, 3L), .Dimnames = list(c("-2", "-1", 
    "0", "1", "2"), c("A", "G", "T"))))))
