Results <-
list(`bwaOutput/20210421msiMNRsJenny/1296_S129.sam` = list(GM11_SNP1 = list(
    All = list(Freqs = structure(c(36L, 1604L, 4L, 1L, 1L, 1L, 
    0L, 0L, 0L, 4L, 1L, 0L), .Dim = 4:3, .Dimnames = structure(list(
        c("-1", "0", "1", NA), c("A", "G", NA)), .Names = c("", 
    "")), class = "table"), N = 1652L), Tag.Distribution = structure(c(`1` = 24L, 
    `2` = 23L, `3` = 17L, `4` = 17L, `5` = 17L, `6` = 14L, `7` = 12L, 
    `8` = 13L, `9` = 10L, `10` = 8L, `11` = 5L, `12` = 7L, `13` = 6L, 
    `14` = 5L, `15` = 9L, `16` = 2L, `17` = 1L, `18` = 5L, `19` = 3L, 
    `20` = 3L, `21` = 1L, `24` = 1L, `25` = 3L, `26` = 1L, `27` = 1L, 
    `28` = 1L, `38` = 1L), .Dim = 27L, .Dimnames = structure(list(
        c("1", "2", "3", "4", "5", "6", "7", "8", "9", "10", 
        "11", "12", "13", "14", "15", "16", "17", "18", "19", 
        "20", "21", "24", "25", "26", "27", "28", "38")), .Names = ""), class = "table"), 
    No.Tag = structure(c(0L, 18L, 0L, 0L, 0L, 0L, 0L, 0L, 0L, 
    1L, 0L, 0L), .Dim = 4:3, .Dimnames = structure(list(c("-1", 
    "0", "1", NA), c("A", "G", NA)), .Names = c("", "")), class = "table"), 
    All.Tags = list(Concordant = list(Freqs = structure(c(4, 
    193, 0, 1, 0, 0), .Dim = 3:2, .Dimnames = list(c("-1", "0", 
    "1"), c("A", "G"))), N = 198), Majority = list(Freqs = structure(c(4, 
    205, 0, 1, 0, 0), .Dim = 3:2, .Dimnames = list(c("-1", "0", 
    "1"), c("A", "G"))), N = 210)), `2` = structure(c(3, 183, 
    0, 0, 0, 0), .Dim = 3:2, .Dimnames = list(c("-1", "0", "1"
    ), c("A", "G"))))))
