Results <-
list(`bwaOutput/20210421msiMNRsJenny/1296_S129.sam` = list(LR20_SNP1 = list(
    All = list(Freqs = structure(c(0L, 1L, 0L, 0L, 302L, 2154L, 
    2L, 4L, 0L, 2L, 0L, 0L, 0L, 11L, 0L, 0L), .Dim = c(4L, 4L
    ), .Dimnames = structure(list(c("-1", "0", "1", NA), c("-", 
    "A", "G", NA)), .Names = c("", "")), class = "table"), N = 2476L), 
    Tag.Distribution = structure(c(`1` = 67L, `2` = 47L, `3` = 26L, 
    `4` = 31L, `5` = 22L, `6` = 27L, `7` = 24L, `8` = 21L, `9` = 19L, 
    `10` = 11L, `11` = 17L, `12` = 16L, `13` = 9L, `14` = 3L, 
    `15` = 10L, `16` = 6L, `17` = 8L, `18` = 6L, `19` = 1L, `20` = 2L, 
    `22` = 1L, `23` = 1L, `24` = 1L, `27` = 1L), .Dim = 24L, .Dimnames = structure(list(
        c("1", "2", "3", "4", "5", "6", "7", "8", "9", "10", 
        "11", "12", "13", "14", "15", "16", "17", "18", "19", 
        "20", "22", "23", "24", "27")), .Names = ""), class = "table"), 
    No.Tag = structure(c(0L, 0L, 0L, 0L, 9L, 31L, 0L, 1L, 0L, 
    0L, 0L, 0L, 0L, 0L, 0L, 0L), .Dim = c(4L, 4L), .Dimnames = structure(list(
        c("-1", "0", "1", NA), c("-", "A", "G", NA)), .Names = c("", 
    "")), class = "table"), All.Tags = list(Concordant = list(
        Freqs = structure(c(0, 0, 0, 34, 326, 0, 0, 2, 0), .Dim = c(3L, 
        3L), .Dimnames = list(c("-1", "0", "1"), c("-", "A", 
        "G"))), N = 362), Majority = list(Freqs = structure(c(0, 
    0, 0, 36, 336, 0, 0, 2, 0), .Dim = c(3L, 3L), .Dimnames = list(
        c("-1", "0", "1"), c("-", "A", "G"))), N = 374)), `2` = structure(c(0, 
    0, 0, 29, 281, 0, 0, 0, 0), .Dim = c(3L, 3L), .Dimnames = list(
        c("-1", "0", "1"), c("-", "A", "G"))))))
