Results <-
list(`bwaOutput/20210421msiMNRsJenny/1296_S129.sam` = list(GM22_SNP1 = list(
    All = list(Freqs = structure(c(1L, 40L, 1537L, 5L, 6L, 1L, 
    29L, 1407L, 4L, 3L, 0L, 0L, 1L, 0L, 0L, 0L, 1L, 45L, 0L, 
    0L), .Dim = 5:4, .Dimnames = structure(list(c("-2", "-1", 
    "0", "1", NA), c("A", "G", "T", NA)), .Names = c("", "")), class = "table"), 
        N = 3080L), Tag.Distribution = structure(c(`1` = 66L, 
    `2` = 25L, `3` = 26L, `4` = 30L, `5` = 43L, `6` = 20L, `7` = 20L, 
    `8` = 18L, `9` = 17L, `10` = 15L, `11` = 18L, `12` = 16L, 
    `13` = 15L, `14` = 6L, `15` = 9L, `16` = 6L, `17` = 9L, `18` = 5L, 
    `19` = 6L, `20` = 4L, `21` = 3L, `22` = 1L, `23` = 2L, `24` = 2L, 
    `26` = 1L, `27` = 4L, `28` = 1L, `29` = 1L, `30` = 1L, `31` = 2L
    ), .Dim = 30L, .Dimnames = structure(list(c("1", "2", "3", 
    "4", "5", "6", "7", "8", "9", "10", "11", "12", "13", "14", 
    "15", "16", "17", "18", "19", "20", "21", "22", "23", "24", 
    "26", "27", "28", "29", "30", "31")), .Names = ""), class = "table"), 
    No.Tag = structure(c(0L, 1L, 38L, 0L, 0L, 0L, 0L, 5L, 0L, 
    0L, 0L, 0L, 0L, 0L, 0L, 0L, 0L, 1L, 0L, 0L), .Dim = 5:4, .Dimnames = structure(list(
        c("-2", "-1", "0", "1", NA), c("A", "G", "T", NA)), .Names = c("", 
    "")), class = "table"), All.Tags = list(Concordant = list(
        Freqs = structure(c(0, 3, 169, 0, 0, 1, 156, 0, 0, 0, 
        0, 0), .Dim = 4:3, .Dimnames = list(c("-2", "-1", "0", 
        "1"), c("A", "G", "T"))), N = 329), Majority = list(Freqs = structure(c(0, 
    4, 201, 0, 0, 2, 183, 0, 0, 0, 0, 0), .Dim = 4:3, .Dimnames = list(
        c("-2", "-1", "0", "1"), c("A", "G", "T"))), N = 390)), 
    `2` = structure(c(0, 3, 165, 0, 0, 1, 157, 0, 0, 0, 0, 0), .Dim = 4:3, .Dimnames = list(
        c("-2", "-1", "0", "1"), c("A", "G", "T"))))))
