Results <-
list(`bwaOutput/20210421msiMNRsJenny/1296_S129.sam` = list(GM17_SNP1 = list(
    All = list(Freqs = structure(c(0L, 29L, 0L, 0L, 524L, 3643L, 
    14L, 7L, 1L, 18L, 0L, 0L), .Dim = 4:3, .Dimnames = structure(list(
        c("-1", "0", "1", NA), c("C", "T", NA)), .Names = c("", 
    "")), class = "table"), N = 4236L), Tag.Distribution = structure(c(`1` = 72L, 
    `2` = 46L, `3` = 34L, `4` = 36L, `5` = 38L, `6` = 40L, `7` = 37L, 
    `8` = 26L, `9` = 29L, `10` = 17L, `11` = 25L, `12` = 13L, 
    `13` = 25L, `14` = 12L, `15` = 14L, `16` = 15L, `17` = 12L, 
    `18` = 11L, `19` = 3L, `20` = 9L, `21` = 5L, `22` = 7L, `23` = 1L, 
    `24` = 1L, `26` = 1L, `29` = 2L, `31` = 1L), .Dim = 27L, .Dimnames = structure(list(
        c("1", "2", "3", "4", "5", "6", "7", "8", "9", "10", 
        "11", "12", "13", "14", "15", "16", "17", "18", "19", 
        "20", "21", "22", "23", "24", "26", "29", "31")), .Names = ""), class = "table"), 
    No.Tag = structure(c(0L, 0L, 0L, 0L, 8L, 52L, 0L, 0L, 1L, 
    3L, 0L, 0L), .Dim = 4:3, .Dimnames = structure(list(c("-1", 
    "0", "1", NA), c("C", "T", NA)), .Names = c("", "")), class = "table"), 
    All.Tags = list(Concordant = list(Freqs = structure(c(0, 
    6, 0, 45, 417, 0), .Dim = 3:2, .Dimnames = list(c("-1", "0", 
    "1"), c("C", "T"))), N = 468), Majority = list(Freqs = structure(c(0, 
    7, 0, 54, 466, 0), .Dim = 3:2, .Dimnames = list(c("-1", "0", 
    "1"), c("C", "T"))), N = 527)), `2` = structure(c(0, 3, 0, 
    51, 405, 0), .Dim = 3:2, .Dimnames = list(c("-1", "0", "1"
    ), c("C", "T"))))))
