Results <-
list(`bwaOutput/20210421msiMNRsJenny/1296_S129.sam` = list(DEPDC2_SNP1 = list(
    All = list(Freqs = structure(c(18L, 2411L, 40L, 19L, 48L, 
    2877L, 14L, 10L, 0L, 56L, 1L, 0L), .Dim = 4:3, .Dimnames = structure(list(
        c("-1", "0", "1", NA), c("C", "T", NA)), .Names = c("", 
    "")), class = "table"), N = 5494L), Tag.Distribution = structure(c(`1` = 189L, 
    `2` = 101L, `3` = 85L, `4` = 83L, `5` = 84L, `6` = 68L, `7` = 61L, 
    `8` = 41L, `9` = 37L, `10` = 23L, `11` = 35L, `12` = 22L, 
    `13` = 23L, `14` = 18L, `15` = 12L, `16` = 5L, `17` = 5L, 
    `18` = 10L, `19` = 5L, `20` = 6L, `21` = 2L, `22` = 3L, `23` = 1L, 
    `24` = 1L, `25` = 2L, `27` = 2L, `28` = 1L, `29` = 1L, `33` = 1L
    ), .Dim = 29L, .Dimnames = structure(list(c("1", "2", "3", 
    "4", "5", "6", "7", "8", "9", "10", "11", "12", "13", "14", 
    "15", "16", "17", "18", "19", "20", "21", "22", "23", "24", 
    "25", "27", "28", "29", "33")), .Names = ""), class = "table"), 
    No.Tag = structure(c(0L, 42L, 0L, 2L, 1L, 30L, 0L, 3L, 0L, 
    3L, 0L, 0L), .Dim = 4:3, .Dimnames = structure(list(c("-1", 
    "0", "1", NA), c("C", "T", NA)), .Names = c("", "")), class = "table"), 
    All.Tags = list(Concordant = list(Freqs = structure(c(3, 
    388, 3, 8, 409, 1), .Dim = 3:2, .Dimnames = list(c("-1", 
    "0", "1"), c("C", "T"))), N = 812), Majority = list(Freqs = structure(c(3, 
    432, 5, 9, 462, 1), .Dim = 3:2, .Dimnames = list(c("-1", 
    "0", "1"), c("C", "T"))), N = 912)), `2` = structure(c(0, 
    359, 4, 8, 363, 0), .Dim = 3:2, .Dimnames = list(c("-1", 
    "0", "1"), c("C", "T"))))))
