Results <-
list(`bwaOutput/20210421msiMNRsJenny/1296_S129.sam` = list(LR24_SNP1 = list(
    All = list(Freqs = structure(c(105L, 5576L, 10L, 2L, 28L, 
    25L, 0L, 0L, 0L, 41L, 1L, 0L), .Dim = 4:3, .Dimnames = structure(list(
        c("-1", "0", "1", NA), c("A", "G", NA)), .Names = c("", 
    "")), class = "table"), N = 5788L), Tag.Distribution = structure(c(`1` = 304L, 
    `2` = 191L, `3` = 143L, `4` = 106L, `5` = 80L, `6` = 73L, 
    `7` = 64L, `8` = 53L, `9` = 40L, `10` = 25L, `11` = 30L, 
    `12` = 23L, `13` = 14L, `14` = 18L, `15` = 6L, `16` = 11L, 
    `17` = 10L, `18` = 2L, `19` = 2L, `20` = 1L, `21` = 1L, `22` = 2L, 
    `23` = 1L, `24` = 1L, `28` = 1L, `34` = 1L), .Dim = 26L, .Dimnames = structure(list(
        c("1", "2", "3", "4", "5", "6", "7", "8", "9", "10", 
        "11", "12", "13", "14", "15", "16", "17", "18", "19", 
        "20", "21", "22", "23", "24", "28", "34")), .Names = ""), class = "table"), 
    No.Tag = structure(c(3L, 143L, 0L, 0L, 0L, 23L, 0L, 0L, 0L, 
    15L, 1L, 0L), .Dim = 4:3, .Dimnames = structure(list(c("-1", 
    "0", "1", NA), c("A", "G", NA)), .Names = c("", "")), class = "table"), 
    All.Tags = list(Concordant = list(Freqs = structure(c(15, 
    1141, 0, 1, 1, 0), .Dim = 3:2, .Dimnames = list(c("-1", "0", 
    "1"), c("A", "G"))), N = 1158), Majority = list(Freqs = structure(c(19, 
    1173, 0, 1, 1, 0), .Dim = 3:2, .Dimnames = list(c("-1", "0", 
    "1"), c("A", "G"))), N = 1194)), `2` = structure(c(13, 884, 
    0, 1, 0, 0), .Dim = 3:2, .Dimnames = list(c("-1", "0", "1"
    ), c("A", "G"))))))
