Results <-
list(`bwaOutput/20210421msiMNRsJenny/1296_S129.sam` = list(LR17_SNP1 = list(
    All = list(Freqs = structure(c(0L, 0L, 1L, 0L, 0L, 38L, 396L, 
    2573L, 27L, 22L, 0L, 0L, 1L, 0L, 0L, 0L, 10L, 90L, 0L, 0L
    ), .Dim = 5:4, .Dimnames = structure(list(c("-2", "-1", "0", 
    "1", NA), c("-", "A", "T", NA)), .Names = c("", "")), class = "table"), 
        N = 3158L), Tag.Distribution = structure(c(`1` = 68L, 
    `2` = 21L, `3` = 15L, `4` = 24L, `5` = 26L, `6` = 18L, `7` = 14L, 
    `8` = 19L, `9` = 15L, `10` = 18L, `11` = 16L, `12` = 15L, 
    `13` = 9L, `14` = 11L, `15` = 14L, `16` = 9L, `17` = 11L, 
    `18` = 8L, `19` = 5L, `20` = 3L, `21` = 5L, `22` = 5L, `23` = 5L, 
    `24` = 2L, `25` = 2L, `26` = 2L, `31` = 1L), .Dim = 27L, .Dimnames = structure(list(
        c("1", "2", "3", "4", "5", "6", "7", "8", "9", "10", 
        "11", "12", "13", "14", "15", "16", "17", "18", "19", 
        "20", "21", "22", "23", "24", "25", "26", "31")), .Names = ""), class = "table"), 
    No.Tag = structure(c(0L, 0L, 0L, 0L, 0L, 4L, 23L, 93L, 0L, 
    1L, 0L, 0L, 0L, 0L, 0L, 0L, 1L, 4L, 0L, 0L), .Dim = 5:4, .Dimnames = structure(list(
        c("-2", "-1", "0", "1", NA), c("-", "A", "T", NA)), .Names = c("", 
    "")), class = "table"), All.Tags = list(Concordant = list(
        Freqs = structure(c(0, 0, 0, 0, 2, 38, 225, 1, 0, 0, 
        0, 0), .Dim = 4:3, .Dimnames = list(c("-2", "-1", "0", 
        "1"), c("-", "A", "T"))), N = 266), Majority = list(Freqs = structure(c(0, 
    0, 0, 0, 2, 44, 309, 1, 0, 0, 0, 0), .Dim = 4:3, .Dimnames = list(
        c("-2", "-1", "0", "1"), c("-", "A", "T"))), N = 356)), 
    `2` = structure(c(0, 0, 0, 0, 2, 34, 255, 0, 0, 0, 0, 0), .Dim = 4:3, .Dimnames = list(
        c("-2", "-1", "0", "1"), c("-", "A", "T"))))))
