Results <-
list(`bwaOutput/20210421msiMNRsJenny/1296_S129.sam` = list(GM26_SNP1 = list(
    All = list(Freqs = structure(c(0L, 17L, 1024L, 4L, 0L, 1L, 
    1L, 185L, 927L, 4L, 1L, 2L, 0L, 0L, 1L, 0L, 0L, 0L, 0L, 1L, 
    23L, 0L, 0L, 0L), .Dim = c(6L, 4L), .Dimnames = structure(list(
        c("-2", "-1", "0", "1", "2", NA), c("A", "G", "T", NA
        )), .Names = c("", "")), class = "table"), N = 2191L), 
    Tag.Distribution = structure(c(`1` = 40L, `2` = 21L, `3` = 29L, 
    `4` = 13L, `5` = 26L, `6` = 15L, `7` = 15L, `8` = 17L, `9` = 21L, 
    `10` = 11L, `11` = 15L, `12` = 4L, `13` = 7L, `14` = 8L, 
    `15` = 3L, `16` = 8L, `17` = 3L, `18` = 4L, `19` = 3L, `20` = 2L, 
    `21` = 2L, `22` = 1L, `23` = 3L, `24` = 2L, `25` = 3L, `26` = 1L, 
    `29` = 1L, `30` = 1L, `33` = 1L), .Dim = 29L, .Dimnames = structure(list(
        c("1", "2", "3", "4", "5", "6", "7", "8", "9", "10", 
        "11", "12", "13", "14", "15", "16", "17", "18", "19", 
        "20", "21", "22", "23", "24", "25", "26", "29", "30", 
        "33")), .Names = ""), class = "table"), No.Tag = structure(c(0L, 
    0L, 21L, 0L, 0L, 0L, 0L, 1L, 3L, 0L, 0L, 0L, 0L, 0L, 1L, 
    0L, 0L, 0L, 0L, 0L, 1L, 0L, 0L, 0L), .Dim = c(6L, 4L), .Dimnames = structure(list(
        c("-2", "-1", "0", "1", "2", NA), c("A", "G", "T", NA
        )), .Names = c("", "")), class = "table"), All.Tags = list(
        Concordant = list(Freqs = structure(c(0, 1, 121, 0, 0, 
        0, 22, 100, 0, 0, 0, 0, 0, 0, 0), .Dim = c(5L, 3L), .Dimnames = list(
            c("-2", "-1", "0", "1", "2"), c("A", "G", "T"))), 
            N = 244), Majority = list(Freqs = structure(c(0, 
        1, 136, 0, 0, 0, 25, 114, 0, 0, 0, 0, 0, 0, 0), .Dim = c(5L, 
        3L), .Dimnames = list(c("-2", "-1", "0", "1", "2"), c("A", 
        "G", "T"))), N = 276)), `2` = structure(c(0, 0, 115, 
    0, 0, 0, 22, 103, 0, 0, 0, 0, 0, 0, 0), .Dim = c(5L, 3L), .Dimnames = list(
        c("-2", "-1", "0", "1", "2"), c("A", "G", "T"))))))
