Results <-
list(`bwaOutput/20210421msiMNRsJenny/1296_S129.sam` = list(GM09_SNP1 = list(
    All = list(Freqs = structure(c(30L, 6819L, 5L, 2L, 0L, 8L, 
    0L, 0L, 0L, 32L, 0L, 0L), .Dim = 4:3, .Dimnames = structure(list(
        c("-1", "0", "1", NA), c("A", "G", NA)), .Names = c("", 
    "")), class = "table"), N = 6896L), Tag.Distribution = structure(c(`1` = 129L, 
    `2` = 61L, `3` = 59L, `4` = 64L, `5` = 57L, `6` = 49L, `7` = 45L, 
    `8` = 53L, `9` = 36L, `10` = 30L, `11` = 32L, `12` = 31L, 
    `13` = 22L, `14` = 26L, `15` = 24L, `16` = 30L, `17` = 18L, 
    `18` = 9L, `19` = 16L, `20` = 7L, `21` = 5L, `22` = 2L, `23` = 6L, 
    `24` = 4L, `25` = 5L, `26` = 4L, `27` = 4L, `28` = 2L, `29` = 1L, 
    `30` = 1L, `31` = 3L, `32` = 1L, `33` = 2L, `34` = 1L), .Dim = 34L, .Dimnames = structure(list(
        c("1", "2", "3", "4", "5", "6", "7", "8", "9", "10", 
        "11", "12", "13", "14", "15", "16", "17", "18", "19", 
        "20", "21", "22", "23", "24", "25", "26", "27", "28", 
        "29", "30", "31", "32", "33", "34")), .Names = ""), class = "table"), 
    No.Tag = structure(c(1L, 81L, 0L, 0L, 0L, 0L, 0L, 0L, 0L, 
    2L, 0L, 0L), .Dim = 4:3, .Dimnames = structure(list(c("-1", 
    "0", "1", NA), c("A", "G", NA)), .Names = c("", "")), class = "table"), 
    All.Tags = list(Concordant = list(Freqs = structure(c(1, 
    792, 0, 0, 4, 0), .Dim = 3:2, .Dimnames = list(c("-1", "0", 
    "1"), c("A", "G"))), N = 797), Majority = list(Freqs = structure(c(1, 
    824, 0, 0, 4, 0), .Dim = 3:2, .Dimnames = list(c("-1", "0", 
    "1"), c("A", "G"))), N = 829)), `2` = structure(c(0, 708, 
    0, 0, 1, 0), .Dim = 3:2, .Dimnames = list(c("-1", "0", "1"
    ), c("A", "G"))))))
