Results <-
list(`bwaOutput/20210421msiMNRsJenny/1296_S129.sam` = list(LR46_SNP1 = list(
    All = list(Freqs = structure(c(0L, 1L, 0L, 0L, 1L, 886L, 
    3L, 3L, 155L, 709L, 0L, 5L, 1L, 15L, 0L, 0L), .Dim = c(4L, 
    4L), .Dimnames = structure(list(c("-1", "0", "1", NA), c("A", 
    "G", "T", NA)), .Names = c("", "")), class = "table"), N = 1779L), 
    Tag.Distribution = structure(c(`1` = 39L, `2` = 16L, `3` = 13L, 
    `4` = 32L, `5` = 15L, `6` = 21L, `7` = 15L, `8` = 14L, `9` = 8L, 
    `10` = 14L, `11` = 5L, `12` = 14L, `13` = 11L, `14` = 3L, 
    `15` = 7L, `16` = 2L, `17` = 5L, `18` = 6L, `19` = 1L, `20` = 2L, 
    `22` = 1L, `25` = 1L, `28` = 1L), .Dim = 23L, .Dimnames = structure(list(
        c("1", "2", "3", "4", "5", "6", "7", "8", "9", "10", 
        "11", "12", "13", "14", "15", "16", "17", "18", "19", 
        "20", "22", "25", "28")), .Names = ""), class = "table"), 
    No.Tag = structure(c(0L, 0L, 0L, 0L, 0L, 22L, 0L, 2L, 1L, 
    13L, 0L, 0L, 0L, 1L, 0L, 0L), .Dim = c(4L, 4L), .Dimnames = structure(list(
        c("-1", "0", "1", NA), c("A", "G", "T", NA)), .Names = c("", 
    "")), class = "table"), All.Tags = list(Concordant = list(
        Freqs = structure(c(0, 0, 0, 0, 111, 0, 20, 94, 0), .Dim = c(3L, 
        3L), .Dimnames = list(c("-1", "0", "1"), c("A", "G", 
        "T"))), N = 225), Majority = list(Freqs = structure(c(0, 
    0, 0, 0, 117, 0, 20, 102, 0), .Dim = c(3L, 3L), .Dimnames = list(
        c("-1", "0", "1"), c("A", "G", "T"))), N = 239)), `2` = structure(c(0, 
    0, 0, 0, 100, 0, 18, 88, 0), .Dim = c(3L, 3L), .Dimnames = list(
        c("-1", "0", "1"), c("A", "G", "T"))))))
