Results <-
list(`bwaOutput/20210421msiMNRsJenny/1296_S129.sam` = list(LR10_SNP1 = list(
    All = list(Freqs = structure(c(1L, 61L, 1486L, 10L, 3L, 0L, 
    23L, 1323L, 4L, 0L, 0L, 0L, 31L, 0L, 0L), .Dim = c(5L, 3L
    ), .Dimnames = structure(list(c("-2", "-1", "0", "1", NA), 
        c("C", "T", NA)), .Names = c("", "")), class = "table"), 
        N = 2942L), Tag.Distribution = structure(c(`1` = 57L, 
    `2` = 40L, `3` = 32L, `4` = 21L, `5` = 31L, `6` = 25L, `7` = 23L, 
    `8` = 13L, `9` = 21L, `10` = 17L, `11` = 21L, `12` = 8L, 
    `13` = 12L, `14` = 13L, `15` = 7L, `16` = 11L, `17` = 8L, 
    `18` = 7L, `19` = 5L, `20` = 1L, `21` = 4L, `22` = 5L, `23` = 1L, 
    `24` = 1L, `25` = 1L, `31` = 1L), .Dim = 26L, .Dimnames = structure(list(
        c("1", "2", "3", "4", "5", "6", "7", "8", "9", "10", 
        "11", "12", "13", "14", "15", "16", "17", "18", "19", 
        "20", "21", "22", "23", "24", "25", "31")), .Names = ""), class = "table"), 
    No.Tag = structure(c(0L, 0L, 45L, 0L, 0L, 0L, 6L, 23L, 0L, 
    0L, 0L, 0L, 2L, 0L, 0L), .Dim = c(5L, 3L), .Dimnames = structure(list(
        c("-2", "-1", "0", "1", NA), c("C", "T", NA)), .Names = c("", 
    "")), class = "table"), All.Tags = list(Concordant = list(
        Freqs = structure(c(0, 2, 148, 0, 0, 1, 171, 0), .Dim = c(4L, 
        2L), .Dimnames = list(c("-2", "-1", "0", "1"), c("C", 
        "T"))), N = 322), Majority = list(Freqs = structure(c(0, 
    2, 185, 0, 0, 1, 190, 0), .Dim = c(4L, 2L), .Dimnames = list(
        c("-2", "-1", "0", "1"), c("C", "T"))), N = 378)), `2` = structure(c(0, 
    2, 159, 0, 0, 0, 165, 0), .Dim = c(4L, 2L), .Dimnames = list(
        c("-2", "-1", "0", "1"), c("C", "T"))))))
