Results <-
list(`bwaOutput/20210421msiMNRsJenny/1296_S129.sam` = list(LR52_SNP1 = list(
    All = list(Freqs = structure(c(2L, 37L, 163L, 582L, 3L, 14L, 
    1L, 41L, 133L, 739L, 5L, 8L, 0L, 2L, 22L, 230L, 2L, 0L), .Dim = c(6L, 
    3L), .Dimnames = structure(list(c("-3", "-2", "-1", "0", 
    "1", NA), c("C", "T", NA)), .Names = c("", "")), class = "table"), 
        N = 1984L), Tag.Distribution = structure(c(`1` = 31L, 
    `2` = 27L, `3` = 20L, `4` = 17L, `5` = 23L, `6` = 18L, `7` = 15L, 
    `8` = 14L, `9` = 11L, `10` = 14L, `11` = 15L, `12` = 12L, 
    `13` = 9L, `14` = 8L, `15` = 1L, `16` = 3L, `17` = 2L, `18` = 1L, 
    `19` = 5L, `20` = 4L, `21` = 4L, `22` = 2L, `24` = 2L, `26` = 1L, 
    `27` = 1L), .Dim = 25L, .Dimnames = structure(list(c("1", 
    "2", "3", "4", "5", "6", "7", "8", "9", "10", "11", "12", 
    "13", "14", "15", "16", "17", "18", "19", "20", "21", "22", 
    "24", "26", "27")), .Names = ""), class = "table"), No.Tag = structure(c(0L, 
    0L, 1L, 10L, 0L, 0L, 0L, 0L, 1L, 18L, 0L, 0L, 0L, 0L, 0L, 
    4L, 1L, 0L), .Dim = c(6L, 3L), .Dimnames = structure(list(
        c("-3", "-2", "-1", "0", "1", NA), c("C", "T", NA)), .Names = c("", 
    "")), class = "table"), All.Tags = list(Concordant = list(
        Freqs = structure(c(0, 1, 11, 65, 0, 0, 4, 12, 65, 0), .Dim = c(5L, 
        2L), .Dimnames = list(c("-3", "-2", "-1", "0", "1"), 
            c("C", "T"))), N = 158), Majority = list(Freqs = structure(c(0, 
    3, 16, 102, 0, 0, 6, 16, 102, 0), .Dim = c(5L, 2L), .Dimnames = list(
        c("-3", "-2", "-1", "0", "1"), c("C", "T"))), N = 245)), 
    `2` = structure(c(0, 2, 15, 97, 0, 0, 5, 10, 90, 0), .Dim = c(5L, 
    2L), .Dimnames = list(c("-3", "-2", "-1", "0", "1"), c("C", 
    "T"))))))
