Results <-
list(`bwaOutput/20210421msiMNRsJenny/1296_S129.sam` = list(LR44_SNP1 = list(
    All = list(Freqs = structure(c(0L, 0L, 0L, 1L, 0L, 0L, 0L, 
    0L, 15L, 189L, 1168L, 32L, 2L, 8L, 3L, 140L, 115L, 936L, 
    20L, 1L, 9L, 0L, 0L, 6L, 34L, 1L, 0L, 0L), .Dim = c(7L, 4L
    ), .Dimnames = structure(list(c("-3", "-2", "-1", "0", "1", 
    "2", NA), c("A", "C", "T", NA)), .Names = c("", "")), class = "table"), 
        N = 2680L), Tag.Distribution = structure(c(`1` = 52L, 
    `2` = 31L, `3` = 35L, `4` = 31L, `5` = 35L, `6` = 37L, `7` = 20L, 
    `8` = 17L, `9` = 16L, `10` = 24L, `11` = 20L, `12` = 14L, 
    `13` = 10L, `14` = 9L, `15` = 5L, `16` = 7L, `17` = 2L, `18` = 5L, 
    `19` = 2L, `20` = 1L, `21` = 2L, `22` = 2L, `23` = 1L, `24` = 1L, 
    `28` = 1L, `35` = 1L), .Dim = 26L, .Dimnames = structure(list(
        c("1", "2", "3", "4", "5", "6", "7", "8", "9", "10", 
        "11", "12", "13", "14", "15", "16", "17", "18", "19", 
        "20", "21", "22", "23", "24", "28", "35")), .Names = ""), class = "table"), 
    No.Tag = structure(c(0L, 0L, 0L, 0L, 0L, 0L, 0L, 0L, 1L, 
    0L, 14L, 1L, 0L, 0L, 0L, 0L, 2L, 52L, 0L, 0L, 0L, 0L, 0L, 
    0L, 1L, 0L, 0L, 0L), .Dim = c(7L, 4L), .Dimnames = structure(list(
        c("-3", "-2", "-1", "0", "1", "2", NA), c("A", "C", "T", 
        NA)), .Names = c("", "")), class = "table"), All.Tags = list(
        Concordant = list(Freqs = structure(c(0, 0, 0, 0, 0, 
        0, 0, 1, 14, 107, 2, 0, 0, 19, 6, 83, 2, 0), .Dim = c(6L, 
        3L), .Dimnames = list(c("-3", "-2", "-1", "0", "1", "2"
        ), c("A", "C", "T"))), N = 234), Majority = list(Freqs = structure(c(0, 
        0, 0, 0, 0, 0, 0, 1, 19, 177, 2, 0, 0, 23, 8, 144, 2, 
        0), .Dim = c(6L, 3L), .Dimnames = list(c("-3", "-2", 
        "-1", "0", "1", "2"), c("A", "C", "T"))), N = 376)), 
    `2` = structure(c(0, 0, 0, 0, 0, 0, 0, 1, 16, 155, 2, 0, 
    0, 19, 4, 127, 0, 0), .Dim = c(6L, 3L), .Dimnames = list(
        c("-3", "-2", "-1", "0", "1", "2"), c("A", "C", "T"))))))
