Results <-
list(`bwaOutput/20210421msiMNRsJenny/1296_S129.sam` = list(LR48_SNP1 = list(
    All = list(Freqs = structure(c(0L, 0L, 1L, 0L, 0L, 31L, 187L, 
    1023L, 14L, 6L, 1L, 21L, 1099L, 14L, 3L, 0L, 0L, 47L, 1L, 
    0L), .Dim = 5:4, .Dimnames = structure(list(c("-2", "-1", 
    "0", "1", NA), c("-", "C", "T", NA)), .Names = c("", "")), class = "table"), 
        N = 2448L), Tag.Distribution = structure(c(`1` = 42L, 
    `2` = 13L, `3` = 14L, `4` = 13L, `5` = 21L, `6` = 17L, `7` = 14L, 
    `8` = 15L, `9` = 12L, `10` = 8L, `11` = 10L, `12` = 6L, `13` = 11L, 
    `14` = 7L, `15` = 9L, `16` = 16L, `17` = 3L, `18` = 10L, 
    `19` = 4L, `20` = 2L, `21` = 3L, `22` = 5L, `23` = 1L, `24` = 1L, 
    `25` = 1L, `27` = 3L, `28` = 3L, `50` = 1L), .Dim = 28L, .Dimnames = structure(list(
        c("1", "2", "3", "4", "5", "6", "7", "8", "9", "10", 
        "11", "12", "13", "14", "15", "16", "17", "18", "19", 
        "20", "21", "22", "23", "24", "25", "27", "28", "50")), .Names = ""), class = "table"), 
    No.Tag = structure(c(0L, 0L, 0L, 0L, 0L, 1L, 28L, 13L, 0L, 
    0L, 0L, 0L, 5L, 0L, 0L, 0L, 0L, 5L, 0L, 0L), .Dim = 5:4, .Dimnames = structure(list(
        c("-2", "-1", "0", "1", NA), c("-", "C", "T", NA)), .Names = c("", 
    "")), class = "table"), All.Tags = list(Concordant = list(
        Freqs = structure(c(0, 0, 0, 0, 5, 11, 85, 0, 0, 0, 95, 
        0), .Dim = 4:3, .Dimnames = list(c("-2", "-1", "0", "1"
        ), c("-", "C", "T"))), N = 196), Majority = list(Freqs = structure(c(0, 
    0, 0, 0, 5, 15, 113, 0, 0, 0, 126, 0), .Dim = 4:3, .Dimnames = list(
        c("-2", "-1", "0", "1"), c("-", "C", "T"))), N = 259)), 
    `2` = structure(c(0, 0, 0, 0, 3, 12, 97, 0, 0, 0, 110, 0), .Dim = 4:3, .Dimnames = list(
        c("-2", "-1", "0", "1"), c("-", "C", "T"))))))
