Results <-
list(`bwaOutput/20210421msiMNRsJenny/1357_S113.sam` = list(GM11_SNP1 = list(
    All = list(Freqs = structure(c(3L, 85L, 10192L, 31L, 0L, 
    5L, 0L, 134L, 9848L, 64L, 1L, 6L, 0L, 0L, 4L, 0L, 0L, 0L, 
    0L, 0L, 90L, 2L, 0L, 0L), .Dim = c(6L, 4L), .Dimnames = structure(list(
        c("-2", "-1", "0", "1", "2", NA), c("A", "G", "T", NA
        )), .Names = c("", "")), class = "table"), N = 20465L), 
    Tag.Distribution = structure(c(`1` = 141L, `2` = 34L, `3` = 29L, 
    `4` = 22L, `5` = 28L, `6` = 27L, `7` = 29L, `8` = 28L, `9` = 21L, 
    `10` = 19L, `11` = 28L, `12` = 29L, `13` = 16L, `14` = 22L, 
    `15` = 17L, `16` = 16L, `17` = 20L, `18` = 15L, `19` = 20L, 
    `20` = 14L, `21` = 16L, `22` = 12L, `23` = 20L, `24` = 17L, 
    `25` = 11L, `26` = 16L, `27` = 20L, `28` = 14L, `29` = 13L, 
    `30` = 9L, `31` = 11L, `32` = 13L, `33` = 16L, `34` = 8L, 
    `35` = 12L, `36` = 13L, `37` = 8L, `38` = 14L, `39` = 15L, 
    `40` = 4L, `41` = 10L, `42` = 10L, `43` = 5L, `44` = 8L, 
    `45` = 7L, `46` = 7L, `47` = 6L, `48` = 7L, `49` = 8L, `50` = 6L, 
    `51` = 11L, `52` = 4L, `53` = 6L, `54` = 2L, `55` = 1L, `56` = 5L, 
    `57` = 3L, `58` = 3L, `59` = 1L, `60` = 1L, `61` = 4L, `63` = 1L, 
    `64` = 1L, `65` = 1L, `66` = 1L, `67` = 2L, `68` = 1L, `71` = 2L, 
    `72` = 1L, `74` = 3L, `76` = 1L, `77` = 1L, `78` = 1L, `91` = 2L, 
    `92` = 1L, `98` = 2L, `101` = 1L, `103` = 1L, `128` = 1L, 
    `131` = 1L, `166` = 1L, `167` = 1L), .Dim = 82L, .Dimnames = structure(list(
        c("1", "2", "3", "4", "5", "6", "7", "8", "9", "10", 
        "11", "12", "13", "14", "15", "16", "17", "18", "19", 
        "20", "21", "22", "23", "24", "25", "26", "27", "28", 
        "29", "30", "31", "32", "33", "34", "35", "36", "37", 
        "38", "39", "40", "41", "42", "43", "44", "45", "46", 
        "47", "48", "49", "50", "51", "52", "53", "54", "55", 
        "56", "57", "58", "59", "60", "61", "63", "64", "65", 
        "66", "67", "68", "71", "72", "74", "76", "77", "78", 
        "91", "92", "98", "101", "103", "128", "131", "166", 
        "167")), .Names = ""), class = "table"), No.Tag = structure(c(0L, 
    1L, 201L, 1L, 0L, 1L, 0L, 1L, 79L, 0L, 0L, 1L, 0L, 0L, 0L, 
    0L, 0L, 0L, 0L, 0L, 4L, 0L, 0L, 0L), .Dim = c(6L, 4L), .Dimnames = structure(list(
        c("-2", "-1", "0", "1", "2", NA), c("A", "G", "T", NA
        )), .Names = c("", "")), class = "table"), All.Tags = list(
        Concordant = list(Freqs = structure(c(0, 2, 402, 1, 0, 
        0, 4, 343, 0, 0, 0, 0, 0, 0, 0), .Dim = c(5L, 3L), .Dimnames = list(
            c("-2", "-1", "0", "1", "2"), c("A", "G", "T"))), 
            N = 752), Majority = list(Freqs = structure(c(0, 
        2, 500, 1, 0, 0, 5, 461, 0, 0, 0, 0, 0, 0, 0), .Dim = c(5L, 
        3L), .Dimnames = list(c("-2", "-1", "0", "1", "2"), c("A", 
        "G", "T"))), N = 969)), `2` = structure(c(0, 1, 419, 
    0, 0, 0, 4, 409, 0, 0, 0, 0, 0, 0, 0), .Dim = c(5L, 3L), .Dimnames = list(
        c("-2", "-1", "0", "1", "2"), c("A", "G", "T"))))))
