Results <-
list(`bwaOutput/20210421msiMNRsJenny/1357_S113.sam` = list(GM26_SNP1 = list(
    All = list(Freqs = structure(c(2L, 7L, 478L, 21676L, 73L, 
    30L, 0L, 0L, 0L, 9L, 0L, 0L, 0L, 0L, 0L, 1L, 0L, 0L, 0L, 
    0L, 10L, 148L, 1L, 0L), .Dim = c(6L, 4L), .Dimnames = structure(list(
        c("-3", "-2", "-1", "0", "1", NA), c("A", "G", "T", NA
        )), .Names = c("", "")), class = "table"), N = 22435L), 
    Tag.Distribution = structure(c(`1` = 196L, `2` = 45L, `3` = 29L, 
    `4` = 33L, `5` = 28L, `6` = 32L, `7` = 22L, `8` = 21L, `9` = 30L, 
    `10` = 26L, `11` = 16L, `12` = 36L, `13` = 16L, `14` = 23L, 
    `15` = 27L, `16` = 22L, `17` = 24L, `18` = 18L, `19` = 16L, 
    `20` = 22L, `21` = 25L, `22` = 13L, `23` = 16L, `24` = 11L, 
    `25` = 14L, `26` = 21L, `27` = 13L, `28` = 14L, `29` = 12L, 
    `30` = 11L, `31` = 11L, `32` = 18L, `33` = 10L, `34` = 10L, 
    `35` = 12L, `36` = 8L, `37` = 8L, `38` = 9L, `39` = 5L, `40` = 10L, 
    `41` = 4L, `42` = 9L, `43` = 7L, `44` = 9L, `45` = 6L, `46` = 6L, 
    `47` = 8L, `48` = 10L, `49` = 10L, `50` = 2L, `51` = 7L, 
    `52` = 5L, `54` = 5L, `55` = 8L, `56` = 5L, `57` = 4L, `58` = 3L, 
    `59` = 6L, `60` = 3L, `61` = 2L, `62` = 5L, `63` = 2L, `64` = 3L, 
    `65` = 1L, `66` = 2L, `67` = 4L, `69` = 2L, `70` = 1L, `71` = 2L, 
    `72` = 2L, `75` = 3L, `76` = 2L, `78` = 1L, `82` = 3L, `83` = 3L, 
    `84` = 1L, `85` = 1L, `88` = 1L, `90` = 1L, `91` = 1L, `99` = 1L, 
    `105` = 1L, `107` = 1L, `108` = 1L, `117` = 1L, `204` = 1L
    ), .Dim = 86L, .Dimnames = structure(list(c("1", "2", "3", 
    "4", "5", "6", "7", "8", "9", "10", "11", "12", "13", "14", 
    "15", "16", "17", "18", "19", "20", "21", "22", "23", "24", 
    "25", "26", "27", "28", "29", "30", "31", "32", "33", "34", 
    "35", "36", "37", "38", "39", "40", "41", "42", "43", "44", 
    "45", "46", "47", "48", "49", "50", "51", "52", "54", "55", 
    "56", "57", "58", "59", "60", "61", "62", "63", "64", "65", 
    "66", "67", "69", "70", "71", "72", "75", "76", "78", "82", 
    "83", "84", "85", "88", "90", "91", "99", "105", "107", "108", 
    "117", "204")), .Names = ""), class = "table"), No.Tag = structure(c(0L, 
    0L, 7L, 450L, 1L, 5L, 0L, 0L, 0L, 1L, 0L, 0L, 0L, 0L, 0L, 
    0L, 0L, 0L, 0L, 0L, 0L, 12L, 0L, 0L), .Dim = c(6L, 4L), .Dimnames = structure(list(
        c("-3", "-2", "-1", "0", "1", NA), c("A", "G", "T", NA
        )), .Names = c("", "")), class = "table"), All.Tags = list(
        Concordant = list(Freqs = structure(c(1, 0, 21, 878, 
        0, 0, 0, 0, 2, 0, 0, 0, 0, 0, 0), .Dim = c(5L, 3L), .Dimnames = list(
            c("-3", "-2", "-1", "0", "1"), c("A", "G", "T"))), 
            N = 902), Majority = list(Freqs = structure(c(1, 
        0, 22, 1055, 0, 0, 0, 0, 2, 0, 0, 0, 0, 0, 0), .Dim = c(5L, 
        3L), .Dimnames = list(c("-3", "-2", "-1", "0", "1"), 
            c("A", "G", "T"))), N = 1080)), `2` = structure(c(0, 
    0, 19, 881, 0, 0, 0, 0, 0, 0, 0, 0, 0, 0, 0), .Dim = c(5L, 
    3L), .Dimnames = list(c("-3", "-2", "-1", "0", "1"), c("A", 
    "G", "T"))))))
