Results <-
list(`bwaOutput/20210421msiMNRsJenny/1357_S113.sam` = list(GM22_SNP1 = list(
    All = list(Freqs = structure(c(0L, 0L, 1L, 0L, 0L, 0L, 7L, 
    209L, 14085L, 43L, 1L, 27L, 0L, 0L, 2L, 0L, 0L, 0L, 6L, 222L, 
    11503L, 39L, 0L, 24L, 0L, 8L, 399L, 7L, 0L, 0L), .Dim = 6:5, .Dimnames = structure(list(
        c("-2", "-1", "0", "1", "2", NA), c("-", "A", "C", "G", 
        NA)), .Names = c("", "")), class = "table"), N = 26583L), 
    Tag.Distribution = structure(c(`1` = 260L, `2` = 38L, `3` = 13L, 
    `4` = 26L, `5` = 21L, `6` = 21L, `7` = 26L, `8` = 36L, `9` = 27L, 
    `10` = 26L, `11` = 24L, `12` = 27L, `13` = 21L, `14` = 19L, 
    `15` = 22L, `16` = 28L, `17` = 22L, `18` = 22L, `19` = 30L, 
    `20` = 21L, `21` = 22L, `22` = 15L, `23` = 17L, `24` = 12L, 
    `25` = 11L, `26` = 30L, `27` = 18L, `28` = 13L, `29` = 18L, 
    `30` = 13L, `31` = 16L, `32` = 18L, `33` = 16L, `34` = 9L, 
    `35` = 14L, `36` = 13L, `37` = 12L, `38` = 12L, `39` = 9L, 
    `40` = 8L, `41` = 10L, `42` = 14L, `43` = 10L, `44` = 15L, 
    `45` = 9L, `46` = 5L, `47` = 10L, `48` = 11L, `49` = 7L, 
    `50` = 9L, `51` = 6L, `52` = 11L, `53` = 8L, `54` = 3L, `55` = 3L, 
    `56` = 6L, `57` = 8L, `58` = 4L, `59` = 1L, `60` = 4L, `61` = 1L, 
    `62` = 1L, `63` = 4L, `64` = 1L, `65` = 2L, `66` = 2L, `67` = 2L, 
    `68` = 1L, `69` = 4L, `71` = 2L, `73` = 3L, `74` = 2L, `76` = 3L, 
    `78` = 1L, `79` = 3L, `80` = 2L, `81` = 2L, `86` = 1L, `88` = 1L, 
    `91` = 1L, `92` = 1L, `93` = 1L, `94` = 2L, `95` = 1L, `97` = 1L, 
    `98` = 1L, `99` = 1L, `100` = 2L, `104` = 1L, `107` = 1L, 
    `108` = 1L, `112` = 1L, `128` = 1L), .Dim = 93L, .Dimnames = structure(list(
        c("1", "2", "3", "4", "5", "6", "7", "8", "9", "10", 
        "11", "12", "13", "14", "15", "16", "17", "18", "19", 
        "20", "21", "22", "23", "24", "25", "26", "27", "28", 
        "29", "30", "31", "32", "33", "34", "35", "36", "37", 
        "38", "39", "40", "41", "42", "43", "44", "45", "46", 
        "47", "48", "49", "50", "51", "52", "53", "54", "55", 
        "56", "57", "58", "59", "60", "61", "62", "63", "64", 
        "65", "66", "67", "68", "69", "71", "73", "74", "76", 
        "78", "79", "80", "81", "86", "88", "91", "92", "93", 
        "94", "95", "97", "98", "99", "100", "104", "107", "108", 
        "112", "128")), .Names = ""), class = "table"), No.Tag = structure(c(0L, 
    0L, 0L, 0L, 0L, 0L, 0L, 3L, 324L, 0L, 0L, 1L, 0L, 0L, 0L, 
    0L, 0L, 0L, 1L, 4L, 340L, 0L, 0L, 2L, 0L, 0L, 32L, 0L, 0L, 
    0L), .Dim = 6:5, .Dimnames = structure(list(c("-2", "-1", 
    "0", "1", "2", NA), c("-", "A", "C", "G", NA)), .Names = c("", 
    "")), class = "table"), All.Tags = list(Concordant = list(
        Freqs = structure(c(0, 0, 0, 0, 0, 0, 1, 445, 0, 0, 0, 
        0, 0, 0, 0, 1, 2, 341, 1, 0), .Dim = 5:4, .Dimnames = list(
            c("-2", "-1", "0", "1", "2"), c("-", "A", "C", "G"
            ))), N = 791), Majority = list(Freqs = structure(c(0, 
    0, 0, 0, 0, 0, 1, 667, 0, 0, 0, 0, 0, 0, 0, 1, 3, 523, 1, 
    0), .Dim = 5:4, .Dimnames = list(c("-2", "-1", "0", "1", 
    "2"), c("-", "A", "C", "G"))), N = 1196)), `2` = structure(c(0, 
    0, 0, 0, 0, 0, 0, 521, 0, 0, 0, 0, 0, 0, 0, 0, 2, 446, 0, 
    0), .Dim = 5:4, .Dimnames = list(c("-2", "-1", "0", "1", 
    "2"), c("-", "A", "C", "G"))))))
