Results <-
list(`bwaOutput/20210421msiMNRsJenny/1357_S113.sam` = list(GM14_SNP1 = list(
    All = list(Freqs = structure(c(0L, 0L, 0L, 2L, 0L, 0L, 0L, 
    7L, 529L, 7158L, 22779L, 175L, 2L, 104L, 0L, 0L, 4L, 60L, 
    0L, 0L, 0L, 0L, 0L, 14L, 262L, 0L, 0L, 0L), .Dim = c(7L, 
    4L), .Dimnames = structure(list(c("-3", "-2", "-1", "0", 
    "1", "2", NA), c("A", "C", "T", NA)), .Names = c("", "")), class = "table"), 
        N = 31096L), Tag.Distribution = structure(c(`1` = 295L, 
    `2` = 47L, `3` = 51L, `4` = 38L, `5` = 46L, `6` = 42L, `7` = 41L, 
    `8` = 38L, `9` = 35L, `10` = 44L, `11` = 29L, `12` = 38L, 
    `13` = 50L, `14` = 37L, `15` = 23L, `16` = 24L, `17` = 29L, 
    `18` = 27L, `19` = 24L, `20` = 31L, `21` = 25L, `22` = 31L, 
    `23` = 25L, `24` = 33L, `25` = 18L, `26` = 21L, `27` = 18L, 
    `28` = 19L, `29` = 19L, `30` = 14L, `31` = 19L, `32` = 17L, 
    `33` = 22L, `34` = 15L, `35` = 13L, `36` = 24L, `37` = 20L, 
    `38` = 9L, `39` = 16L, `40` = 17L, `41` = 18L, `42` = 7L, 
    `43` = 13L, `44` = 10L, `45` = 15L, `46` = 8L, `47` = 9L, 
    `48` = 7L, `49` = 7L, `50` = 9L, `51` = 9L, `52` = 3L, `53` = 6L, 
    `54` = 10L, `55` = 11L, `56` = 6L, `57` = 7L, `58` = 4L, 
    `59` = 2L, `60` = 5L, `61` = 2L, `62` = 2L, `63` = 5L, `65` = 5L, 
    `66` = 1L, `67` = 2L, `68` = 4L, `69` = 2L, `70` = 1L, `71` = 1L, 
    `72` = 1L, `73` = 2L, `75` = 1L, `76` = 1L, `77` = 1L, `78` = 1L, 
    `79` = 1L, `82` = 1L, `84` = 1L, `85` = 1L, `88` = 1L, `89` = 2L, 
    `92` = 1L, `95` = 1L, `100` = 1L, `101` = 1L, `102` = 1L, 
    `103` = 1L, `112` = 1L, `118` = 1L), .Dim = 90L, .Dimnames = structure(list(
        c("1", "2", "3", "4", "5", "6", "7", "8", "9", "10", 
        "11", "12", "13", "14", "15", "16", "17", "18", "19", 
        "20", "21", "22", "23", "24", "25", "26", "27", "28", 
        "29", "30", "31", "32", "33", "34", "35", "36", "37", 
        "38", "39", "40", "41", "42", "43", "44", "45", "46", 
        "47", "48", "49", "50", "51", "52", "53", "54", "55", 
        "56", "57", "58", "59", "60", "61", "62", "63", "65", 
        "66", "67", "68", "69", "70", "71", "72", "73", "75", 
        "76", "77", "78", "79", "82", "84", "85", "88", "89", 
        "92", "95", "100", "101", "102", "103", "112", "118")), .Names = ""), class = "table"), 
    No.Tag = structure(c(0L, 0L, 0L, 0L, 0L, 0L, 0L, 0L, 4L, 
    109L, 406L, 5L, 0L, 4L, 0L, 0L, 1L, 1L, 0L, 0L, 0L, 0L, 0L, 
    0L, 15L, 0L, 0L, 0L), .Dim = c(7L, 4L), .Dimnames = structure(list(
        c("-3", "-2", "-1", "0", "1", "2", NA), c("A", "C", "T", 
        NA)), .Names = c("", "")), class = "table"), All.Tags = list(
        Concordant = list(Freqs = structure(c(0, 0, 0, 1, 0, 
        0, 0, 10, 210, 706, 1, 0, 0, 0, 1, 6, 0, 0), .Dim = c(6L, 
        3L), .Dimnames = list(c("-3", "-2", "-1", "0", "1", "2"
        ), c("A", "C", "T"))), N = 935), Majority = list(Freqs = structure(c(0, 
        0, 0, 1, 0, 0, 0, 16, 342, 1194, 1, 0, 0, 0, 1, 7, 0, 
        0), .Dim = c(6L, 3L), .Dimnames = list(c("-3", "-2", 
        "-1", "0", "1", "2"), c("A", "C", "T"))), N = 1562)), 
    `2` = structure(c(0, 0, 0, 0, 0, 0, 0, 16, 286, 986, 0, 0, 
    0, 0, 0, 1, 0, 0), .Dim = c(6L, 3L), .Dimnames = list(c("-3", 
    "-2", "-1", "0", "1", "2"), c("A", "C", "T"))))))
