Results <-
list(`bwaOutput/20210421msiMNRsJenny/1357_S113.sam` = list(LR49_SNP1 = list(
    All = list(Freqs = structure(c(188L, 25680L, 3L, 40L, 0L, 
    1L, 0L, 0L, 0L, 21L, 0L, 1L, 0L, 3L, 0L, 0L, 3L, 255L, 0L, 
    0L), .Dim = 4:5, .Dimnames = structure(list(c("-1", "0", 
    "1", NA), c("A", "C", "G", "T", NA)), .Names = c("", "")), class = "table"), 
        N = 26195L), Tag.Distribution = structure(c(`1` = 245L, 
    `2` = 78L, `3` = 56L, `4` = 46L, `5` = 41L, `6` = 38L, `7` = 45L, 
    `8` = 44L, `9` = 50L, `10` = 42L, `11` = 35L, `12` = 46L, 
    `13` = 40L, `14` = 33L, `15` = 44L, `16` = 35L, `17` = 30L, 
    `18` = 33L, `19` = 21L, `20` = 40L, `21` = 22L, `22` = 28L, 
    `23` = 22L, `24` = 17L, `25` = 12L, `26` = 25L, `27` = 16L, 
    `28` = 16L, `29` = 17L, `30` = 8L, `31` = 13L, `32` = 9L, 
    `33` = 15L, `34` = 10L, `35` = 13L, `36` = 19L, `37` = 12L, 
    `38` = 15L, `39` = 11L, `40` = 6L, `41` = 12L, `42` = 11L, 
    `43` = 9L, `44` = 8L, `45` = 9L, `46` = 7L, `47` = 8L, `48` = 10L, 
    `49` = 3L, `50` = 4L, `51` = 4L, `52` = 8L, `53` = 2L, `54` = 2L, 
    `55` = 2L, `56` = 8L, `57` = 3L, `58` = 4L, `59` = 2L, `60` = 3L, 
    `61` = 2L, `62` = 2L, `63` = 1L, `64` = 2L, `65` = 2L, `66` = 1L, 
    `67` = 2L, `68` = 3L, `69` = 3L, `70` = 1L, `72` = 1L, `74` = 3L, 
    `76` = 1L, `78` = 1L, `80` = 1L, `81` = 2L, `84` = 1L, `89` = 1L, 
    `91` = 2L, `94` = 1L, `100` = 1L, `104` = 1L, `105` = 1L, 
    `109` = 1L), .Dim = 84L, .Dimnames = structure(list(c("1", 
    "2", "3", "4", "5", "6", "7", "8", "9", "10", "11", "12", 
    "13", "14", "15", "16", "17", "18", "19", "20", "21", "22", 
    "23", "24", "25", "26", "27", "28", "29", "30", "31", "32", 
    "33", "34", "35", "36", "37", "38", "39", "40", "41", "42", 
    "43", "44", "45", "46", "47", "48", "49", "50", "51", "52", 
    "53", "54", "55", "56", "57", "58", "59", "60", "61", "62", 
    "63", "64", "65", "66", "67", "68", "69", "70", "72", "74", 
    "76", "78", "80", "81", "84", "89", "91", "94", "100", "104", 
    "105", "109")), .Names = ""), class = "table"), No.Tag = structure(c(2L, 
    579L, 0L, 4L, 0L, 0L, 0L, 0L, 0L, 3L, 0L, 0L, 0L, 0L, 0L, 
    0L, 0L, 18L, 0L, 0L), .Dim = 4:5, .Dimnames = structure(list(
        c("-1", "0", "1", NA), c("A", "C", "G", "T", NA)), .Names = c("", 
    "")), class = "table"), All.Tags = list(Concordant = list(
        Freqs = structure(c(6, 1399, 0, 0, 0, 0, 0, 8, 0, 0, 
        0, 0), .Dim = 3:4, .Dimnames = list(c("-1", "0", "1"), 
            c("A", "C", "G", "T"))), N = 1413), Majority = list(
        Freqs = structure(c(10, 1469, 0, 0, 0, 0, 0, 8, 0, 0, 
        0, 0), .Dim = 3:4, .Dimnames = list(c("-1", "0", "1"), 
            c("A", "C", "G", "T"))), N = 1487)), `2` = structure(c(10, 
    1249, 0, 0, 0, 0, 0, 0, 0, 0, 0, 0), .Dim = 3:4, .Dimnames = list(
        c("-1", "0", "1"), c("A", "C", "G", "T"))))))
