Results <-
list(`bwaOutput/20210421msiMNRsJenny/1357_S113.sam` = list(IM16_SNP1 = list(
    All = list(Freqs = structure(c(0L, 0L, 0L, 1L, 0L, 0L, 0L, 
    0L, 6L, 3081L, 8923L, 147L, 5L, 34L, 0L, 0L, 1L, 0L, 0L, 
    0L, 0L, 1L, 8L, 2849L, 9285L, 115L, 1L, 31L, 0L, 0L, 0L, 
    4L, 0L, 0L, 0L, 0L, 1L, 23L, 236L, 15L, 0L, 0L), .Dim = 7:6, .Dimnames = structure(list(
        c("-3", "-2", "-1", "0", "1", "2", NA), c("-", "A", "C", 
        "G", "T", NA)), .Names = c("", "")), class = "table"), 
        N = 24767L), Tag.Distribution = structure(c(`1` = 185L, 
    `2` = 38L, `3` = 39L, `4` = 32L, `5` = 41L, `6` = 35L, `7` = 34L, 
    `8` = 36L, `9` = 31L, `10` = 24L, `11` = 26L, `12` = 31L, 
    `13` = 26L, `14` = 31L, `15` = 22L, `16` = 15L, `17` = 30L, 
    `18` = 21L, `19` = 22L, `20` = 23L, `21` = 21L, `22` = 18L, 
    `23` = 16L, `24` = 15L, `25` = 18L, `26` = 15L, `27` = 15L, 
    `28` = 8L, `29` = 12L, `30` = 16L, `31` = 11L, `32` = 12L, 
    `33` = 12L, `34` = 12L, `35` = 11L, `36` = 10L, `37` = 15L, 
    `38` = 11L, `39` = 12L, `40` = 8L, `41` = 9L, `42` = 7L, 
    `43` = 8L, `44` = 10L, `45` = 14L, `46` = 13L, `47` = 11L, 
    `48` = 6L, `49` = 5L, `50` = 5L, `51` = 5L, `52` = 7L, `53` = 3L, 
    `54` = 6L, `56` = 3L, `57` = 6L, `58` = 7L, `59` = 7L, `60` = 3L, 
    `61` = 3L, `62` = 5L, `63` = 2L, `64` = 2L, `65` = 3L, `66` = 4L, 
    `67` = 2L, `68` = 1L, `69` = 1L, `70` = 3L, `73` = 2L, `74` = 1L, 
    `75` = 1L, `78` = 1L, `79` = 1L, `81` = 1L, `85` = 2L, `87` = 1L, 
    `88` = 1L, `90` = 2L, `92` = 1L, `95` = 1L, `96` = 1L, `98` = 1L, 
    `99` = 2L, `104` = 1L, `107` = 1L, `108` = 1L, `117` = 1L, 
    `139` = 1L), .Dim = 89L, .Dimnames = structure(list(c("1", 
    "2", "3", "4", "5", "6", "7", "8", "9", "10", "11", "12", 
    "13", "14", "15", "16", "17", "18", "19", "20", "21", "22", 
    "23", "24", "25", "26", "27", "28", "29", "30", "31", "32", 
    "33", "34", "35", "36", "37", "38", "39", "40", "41", "42", 
    "43", "44", "45", "46", "47", "48", "49", "50", "51", "52", 
    "53", "54", "56", "57", "58", "59", "60", "61", "62", "63", 
    "64", "65", "66", "67", "68", "69", "70", "73", "74", "75", 
    "78", "79", "81", "85", "87", "88", "90", "92", "95", "96", 
    "98", "99", "104", "107", "108", "117", "139")), .Names = ""), class = "table"), 
    No.Tag = structure(c(0L, 0L, 0L, 0L, 0L, 0L, 0L, 0L, 0L, 
    80L, 306L, 5L, 1L, 4L, 0L, 0L, 0L, 0L, 0L, 0L, 0L, 0L, 0L, 
    25L, 174L, 3L, 0L, 3L, 0L, 0L, 0L, 0L, 0L, 0L, 0L, 0L, 0L, 
    0L, 50L, 2L, 0L, 0L), .Dim = 7:6, .Dimnames = structure(list(
        c("-3", "-2", "-1", "0", "1", "2", NA), c("-", "A", "C", 
        "G", "T", NA)), .Names = c("", "")), class = "table"), 
    All.Tags = list(Concordant = list(Freqs = structure(c(0, 
    0, 0, 0, 0, 0, 0, 0, 87, 284, 2, 0, 0, 0, 0, 0, 0, 0, 0, 
    0, 104, 298, 0, 0, 0, 0, 0, 1, 0, 0), .Dim = 6:5, .Dimnames = list(
        c("-3", "-2", "-1", "0", "1", "2"), c("-", "A", "C", 
        "G", "T"))), N = 776), Majority = list(Freqs = structure(c(0, 
    0, 0, 0, 0, 0, 0, 0, 131, 449, 3, 0, 0, 0, 0, 0, 0, 0, 0, 
    0, 144, 442, 1, 0, 0, 0, 0, 1, 0, 0), .Dim = 6:5, .Dimnames = list(
        c("-3", "-2", "-1", "0", "1", "2"), c("-", "A", "C", 
        "G", "T"))), N = 1171)), `2` = structure(c(0, 0, 0, 0, 
    0, 0, 0, 0, 114, 386, 1, 0, 0, 0, 0, 0, 0, 0, 0, 0, 123, 
    380, 1, 0, 0, 0, 0, 0, 0, 0), .Dim = 6:5, .Dimnames = list(
        c("-3", "-2", "-1", "0", "1", "2"), c("-", "A", "C", 
        "G", "T"))))))
