Results <-
list(`bwaOutput/20210421msiMNRsJenny/1357_S113.sam` = list(LR46_SNP1 = list(
    All = list(Freqs = structure(c(0L, 0L, 0L, 1L, 0L, 0L, 2L, 
    1L, 96L, 17068L, 39L, 36L, 0L, 0L, 2L, 9L, 0L, 1L, 0L, 0L, 
    1L, 117L, 0L, 0L), .Dim = c(6L, 4L), .Dimnames = structure(list(
        c("-3", "-2", "-1", "0", "1", NA), c("C", "G", "T", NA
        )), .Names = c("", "")), class = "table"), N = 17373L), 
    Tag.Distribution = structure(c(`1` = 194L, `2` = 38L, `3` = 25L, 
    `4` = 26L, `5` = 22L, `6` = 29L, `7` = 26L, `8` = 21L, `9` = 30L, 
    `10` = 22L, `11` = 17L, `12` = 23L, `13` = 17L, `14` = 18L, 
    `15` = 15L, `16` = 22L, `17` = 23L, `18` = 24L, `19` = 16L, 
    `20` = 8L, `21` = 18L, `22` = 16L, `23` = 17L, `24` = 11L, 
    `25` = 15L, `26` = 16L, `27` = 11L, `28` = 7L, `29` = 9L, 
    `30` = 10L, `31` = 9L, `32` = 10L, `33` = 8L, `34` = 6L, 
    `35` = 7L, `36` = 5L, `37` = 5L, `38` = 9L, `39` = 7L, `40` = 6L, 
    `41` = 6L, `42` = 9L, `43` = 5L, `44` = 4L, `45` = 6L, `46` = 7L, 
    `47` = 10L, `48` = 4L, `49` = 5L, `50` = 4L, `51` = 5L, `52` = 4L, 
    `53` = 2L, `54` = 5L, `55` = 4L, `56` = 4L, `57` = 2L, `59` = 3L, 
    `61` = 3L, `62` = 4L, `63` = 4L, `64` = 2L, `65` = 2L, `66` = 2L, 
    `67` = 2L, `69` = 1L, `70` = 1L, `72` = 1L, `73` = 1L, `74` = 1L, 
    `76` = 1L, `77` = 1L, `80` = 1L, `81` = 2L, `84` = 1L, `85` = 1L, 
    `86` = 1L, `89` = 1L, `114` = 1L), .Dim = 79L, .Dimnames = structure(list(
        c("1", "2", "3", "4", "5", "6", "7", "8", "9", "10", 
        "11", "12", "13", "14", "15", "16", "17", "18", "19", 
        "20", "21", "22", "23", "24", "25", "26", "27", "28", 
        "29", "30", "31", "32", "33", "34", "35", "36", "37", 
        "38", "39", "40", "41", "42", "43", "44", "45", "46", 
        "47", "48", "49", "50", "51", "52", "53", "54", "55", 
        "56", "57", "59", "61", "62", "63", "64", "65", "66", 
        "67", "69", "70", "72", "73", "74", "76", "77", "80", 
        "81", "84", "85", "86", "89", "114")), .Names = ""), class = "table"), 
    No.Tag = structure(c(0L, 0L, 0L, 0L, 0L, 0L, 0L, 0L, 3L, 
    504L, 2L, 3L, 0L, 0L, 0L, 1L, 0L, 0L, 0L, 0L, 0L, 19L, 0L, 
    0L), .Dim = c(6L, 4L), .Dimnames = structure(list(c("-3", 
    "-2", "-1", "0", "1", NA), c("C", "G", "T", NA)), .Names = c("", 
    "")), class = "table"), All.Tags = list(Concordant = list(
        Freqs = structure(c(0, 0, 0, 0, 0, 0, 0, 7, 837, 0, 0, 
        0, 0, 5, 0), .Dim = c(5L, 3L), .Dimnames = list(c("-3", 
        "-2", "-1", "0", "1"), c("C", "G", "T"))), N = 849), 
        Majority = list(Freqs = structure(c(0, 0, 0, 0, 0, 0, 
        0, 7, 920, 0, 0, 0, 0, 5, 0), .Dim = c(5L, 3L), .Dimnames = list(
            c("-3", "-2", "-1", "0", "1"), c("C", "G", "T"))), 
            N = 932)), `2` = structure(c(0, 0, 0, 0, 0, 0, 0, 
    3, 742, 0, 0, 0, 0, 1, 0), .Dim = c(5L, 3L), .Dimnames = list(
        c("-3", "-2", "-1", "0", "1"), c("C", "G", "T"))))))
