Results <-
list(`bwaOutput/20210421msiMNRsJenny/1357_S113.sam` = list(GM17_SNP1 = list(
    All = list(Freqs = structure(c(5L, 378L, 34762L, 113L, 2L, 
    28L, 0L, 0L, 2L, 0L, 0L, 0L, 0L, 2L, 35L, 0L, 0L, 0L, 0L, 
    4L, 224L, 0L, 0L, 0L), .Dim = c(6L, 4L), .Dimnames = structure(list(
        c("-2", "-1", "0", "1", "2", NA), c("C", "G", "T", NA
        )), .Names = c("", "")), class = "table"), N = 35555L), 
    Tag.Distribution = structure(c(`1` = 280L, `2` = 55L, `3` = 28L, 
    `4` = 36L, `5` = 29L, `6` = 43L, `7` = 37L, `8` = 45L, `9` = 25L, 
    `10` = 23L, `11` = 30L, `12` = 35L, `13` = 42L, `14` = 29L, 
    `15` = 37L, `16` = 26L, `17` = 27L, `18` = 29L, `19` = 28L, 
    `20` = 26L, `21` = 25L, `22` = 24L, `23` = 32L, `24` = 26L, 
    `25` = 16L, `26` = 17L, `27` = 13L, `28` = 21L, `29` = 15L, 
    `30` = 15L, `31` = 16L, `32` = 14L, `33` = 13L, `34` = 13L, 
    `35` = 18L, `36` = 21L, `37` = 10L, `38` = 17L, `39` = 22L, 
    `40` = 15L, `41` = 16L, `42` = 15L, `43` = 15L, `44` = 15L, 
    `45` = 9L, `46` = 9L, `47` = 11L, `48` = 18L, `49` = 9L, 
    `50` = 9L, `51` = 10L, `52` = 7L, `53` = 9L, `54` = 6L, `55` = 12L, 
    `56` = 7L, `57` = 3L, `58` = 2L, `59` = 4L, `60` = 7L, `61` = 7L, 
    `62` = 3L, `63` = 4L, `64` = 9L, `65` = 8L, `66` = 4L, `67` = 7L, 
    `68` = 5L, `69` = 5L, `70` = 4L, `71` = 2L, `72` = 3L, `73` = 5L, 
    `74` = 4L, `75` = 2L, `76` = 3L, `77` = 2L, `78` = 1L, `79` = 3L, 
    `80` = 2L, `81` = 2L, `82` = 1L, `83` = 1L, `84` = 1L, `88` = 1L, 
    `90` = 1L, `93` = 1L, `95` = 1L, `97` = 1L, `98` = 1L, `101` = 1L, 
    `102` = 1L, `103` = 1L, `104` = 1L, `110` = 1L, `112` = 1L, 
    `114` = 1L, `115` = 1L, `129` = 1L, `133` = 1L, `135` = 1L, 
    `164` = 1L), .Dim = 102L, .Dimnames = structure(list(c("1", 
    "2", "3", "4", "5", "6", "7", "8", "9", "10", "11", "12", 
    "13", "14", "15", "16", "17", "18", "19", "20", "21", "22", 
    "23", "24", "25", "26", "27", "28", "29", "30", "31", "32", 
    "33", "34", "35", "36", "37", "38", "39", "40", "41", "42", 
    "43", "44", "45", "46", "47", "48", "49", "50", "51", "52", 
    "53", "54", "55", "56", "57", "58", "59", "60", "61", "62", 
    "63", "64", "65", "66", "67", "68", "69", "70", "71", "72", 
    "73", "74", "75", "76", "77", "78", "79", "80", "81", "82", 
    "83", "84", "88", "90", "93", "95", "97", "98", "101", "102", 
    "103", "104", "110", "112", "114", "115", "129", "133", "135", 
    "164")), .Names = ""), class = "table"), No.Tag = structure(c(0L, 
    7L, 531L, 0L, 0L, 3L, 0L, 0L, 0L, 0L, 0L, 0L, 0L, 0L, 1L, 
    0L, 0L, 0L, 0L, 0L, 27L, 0L, 0L, 0L), .Dim = c(6L, 4L), .Dimnames = structure(list(
        c("-2", "-1", "0", "1", "2", NA), c("C", "G", "T", NA
        )), .Names = c("", "")), class = "table"), All.Tags = list(
        Concordant = list(Freqs = structure(c(0, 2, 1187, 0, 
        0, 0, 0, 0, 0, 0, 0, 0, 14, 0, 0), .Dim = c(5L, 3L), .Dimnames = list(
            c("-2", "-1", "0", "1", "2"), c("C", "G", "T"))), 
            N = 1203), Majority = list(Freqs = structure(c(0, 
        3, 1530, 0, 0, 0, 0, 0, 0, 0, 0, 0, 14, 0, 0), .Dim = c(5L, 
        3L), .Dimnames = list(c("-2", "-1", "0", "1", "2"), c("C", 
        "G", "T"))), N = 1547)), `2` = structure(c(0, 1, 1288, 
    0, 0, 0, 0, 0, 0, 0, 0, 0, 0, 0, 0), .Dim = c(5L, 3L), .Dimnames = list(
        c("-2", "-1", "0", "1", "2"), c("C", "G", "T"))))))
