Results <-
list(`bwaOutput/20210421msiMNRsJenny/1357_S113.sam` = list(LR20_SNP1 = list(
    All = list(Freqs = structure(c(0L, 0L, 3L, 0L, 0L, 1L, 47L, 
    20731L, 36L, 9L, 0L, 0L, 39L, 0L, 0L, 0L, 1L, 56L, 0L, 0L
    ), .Dim = 5:4, .Dimnames = structure(list(c("-2", "-1", "0", 
    "1", NA), c("-", "A", "G", NA)), .Names = c("", "")), class = "table"), 
        N = 20923L), Tag.Distribution = structure(c(`1` = 175L, 
    `2` = 51L, `3` = 47L, `4` = 46L, `5` = 30L, `6` = 42L, `7` = 37L, 
    `8` = 36L, `9` = 40L, `10` = 33L, `11` = 27L, `12` = 36L, 
    `13` = 30L, `14` = 28L, `15` = 26L, `16` = 29L, `17` = 22L, 
    `18` = 29L, `19` = 17L, `20` = 22L, `21` = 20L, `22` = 20L, 
    `23` = 14L, `24` = 13L, `25` = 17L, `26` = 13L, `27` = 12L, 
    `28` = 12L, `29` = 12L, `30` = 7L, `31` = 20L, `32` = 8L, 
    `33` = 10L, `34` = 16L, `35` = 9L, `36` = 16L, `37` = 11L, 
    `38` = 12L, `39` = 10L, `40` = 7L, `41` = 4L, `42` = 9L, 
    `43` = 3L, `44` = 12L, `45` = 8L, `46` = 10L, `47` = 2L, 
    `48` = 3L, `49` = 2L, `50` = 3L, `51` = 4L, `52` = 4L, `53` = 2L, 
    `54` = 3L, `55` = 2L, `56` = 5L, `57` = 2L, `58` = 2L, `59` = 5L, 
    `60` = 2L, `61` = 1L, `63` = 4L, `64` = 2L, `65` = 3L, `66` = 3L, 
    `67` = 2L, `68` = 5L, `69` = 1L, `70` = 3L, `73` = 1L, `77` = 1L, 
    `83` = 1L, `86` = 1L, `94` = 1L, `99` = 1L, `113` = 1L, `120` = 1L
    ), .Dim = 77L, .Dimnames = structure(list(c("1", "2", "3", 
    "4", "5", "6", "7", "8", "9", "10", "11", "12", "13", "14", 
    "15", "16", "17", "18", "19", "20", "21", "22", "23", "24", 
    "25", "26", "27", "28", "29", "30", "31", "32", "33", "34", 
    "35", "36", "37", "38", "39", "40", "41", "42", "43", "44", 
    "45", "46", "47", "48", "49", "50", "51", "52", "53", "54", 
    "55", "56", "57", "58", "59", "60", "61", "63", "64", "65", 
    "66", "67", "68", "69", "70", "73", "77", "83", "86", "94", 
    "99", "113", "120")), .Names = ""), class = "table"), No.Tag = structure(c(0L, 
    0L, 0L, 0L, 0L, 0L, 0L, 446L, 0L, 2L, 0L, 0L, 1L, 0L, 0L, 
    0L, 0L, 8L, 0L, 0L), .Dim = 5:4, .Dimnames = structure(list(
        c("-2", "-1", "0", "1", NA), c("-", "A", "G", NA)), .Names = c("", 
    "")), class = "table"), All.Tags = list(Concordant = list(
        Freqs = structure(c(0, 0, 0, 0, 0, 2, 1103, 1, 0, 0, 
        8, 0), .Dim = 4:3, .Dimnames = list(c("-2", "-1", "0", 
        "1"), c("-", "A", "G"))), N = 1114), Majority = list(
        Freqs = structure(c(0, 0, 0, 0, 0, 2, 1163, 1, 0, 0, 
        9, 0), .Dim = 4:3, .Dimnames = list(c("-2", "-1", "0", 
        "1"), c("-", "A", "G"))), N = 1175)), `2` = structure(c(0, 
    0, 0, 0, 0, 1, 1003, 0, 0, 0, 1, 0), .Dim = 4:3, .Dimnames = list(
        c("-2", "-1", "0", "1"), c("-", "A", "G"))))))
