Results <-
list(`bwaOutput/20210421msiMNRsJenny/1357_S113.sam` = list(LR10_SNP1 = list(
    All = list(Freqs = structure(c(0L, 0L, 2L, 0L, 0L, 0L, 0L, 
    1L, 40L, 3358L, 22724L, 127L, 1L, 71L, 0L, 0L, 11L, 34L, 
    0L, 0L, 0L, 0L, 0L, 16L, 195L, 2L, 0L, 0L), .Dim = c(7L, 
    4L), .Dimnames = structure(list(c("-3", "-2", "-1", "0", 
    "1", "2", NA), c("A", "C", "T", NA)), .Names = c("", "")), class = "table"), 
        N = 26582L), Tag.Distribution = structure(c(`1` = 223L, 
    `2` = 38L, `3` = 32L, `4` = 41L, `5` = 33L, `6` = 20L, `7` = 29L, 
    `8` = 25L, `9` = 22L, `10` = 31L, `11` = 24L, `12` = 26L, 
    `13` = 27L, `14` = 32L, `15` = 26L, `16` = 23L, `17` = 23L, 
    `18` = 36L, `19` = 29L, `20` = 21L, `21` = 21L, `22` = 16L, 
    `23` = 22L, `24` = 19L, `25` = 21L, `26` = 23L, `27` = 17L, 
    `28` = 20L, `29` = 23L, `30` = 16L, `31` = 9L, `32` = 13L, 
    `33` = 11L, `34` = 10L, `35` = 14L, `36` = 13L, `37` = 11L, 
    `38` = 5L, `39` = 9L, `40` = 10L, `41` = 6L, `42` = 11L, 
    `43` = 8L, `44` = 8L, `45` = 15L, `46` = 19L, `47` = 3L, 
    `48` = 5L, `49` = 8L, `50` = 9L, `51` = 7L, `52` = 8L, `53` = 6L, 
    `54` = 9L, `55` = 6L, `56` = 7L, `57` = 4L, `58` = 10L, `59` = 6L, 
    `60` = 3L, `61` = 3L, `62` = 5L, `63` = 1L, `64` = 3L, `65` = 6L, 
    `66` = 1L, `69` = 1L, `70` = 2L, `71` = 3L, `72` = 1L, `73` = 2L, 
    `76` = 1L, `77` = 1L, `78` = 1L, `79` = 1L, `81` = 4L, `82` = 2L, 
    `83` = 1L, `84` = 1L, `87` = 1L, `99` = 1L, `100` = 2L, `106` = 2L, 
    `110` = 1L, `111` = 1L, `121` = 1L), .Dim = 86L, .Dimnames = structure(list(
        c("1", "2", "3", "4", "5", "6", "7", "8", "9", "10", 
        "11", "12", "13", "14", "15", "16", "17", "18", "19", 
        "20", "21", "22", "23", "24", "25", "26", "27", "28", 
        "29", "30", "31", "32", "33", "34", "35", "36", "37", 
        "38", "39", "40", "41", "42", "43", "44", "45", "46", 
        "47", "48", "49", "50", "51", "52", "53", "54", "55", 
        "56", "57", "58", "59", "60", "61", "62", "63", "64", 
        "65", "66", "69", "70", "71", "72", "73", "76", "77", 
        "78", "79", "81", "82", "83", "84", "87", "99", "100", 
        "106", "110", "111", "121")), .Names = ""), class = "table"), 
    No.Tag = structure(c(0L, 0L, 0L, 0L, 0L, 0L, 0L, 0L, 0L, 
    20L, 330L, 4L, 0L, 3L, 0L, 0L, 0L, 2L, 0L, 0L, 0L, 0L, 0L, 
    0L, 11L, 0L, 0L, 0L), .Dim = c(7L, 4L), .Dimnames = structure(list(
        c("-3", "-2", "-1", "0", "1", "2", NA), c("A", "C", "T", 
        NA)), .Names = c("", "")), class = "table"), All.Tags = list(
        Concordant = list(Freqs = structure(c(0, 0, 0, 0, 0, 
        0, 0, 2, 107, 754, 0, 0, 0, 0, 0, 9, 0, 0), .Dim = c(6L, 
        3L), .Dimnames = list(c("-3", "-2", "-1", "0", "1", "2"
        ), c("A", "C", "T"))), N = 872), Majority = list(Freqs = structure(c(0, 
        0, 0, 0, 0, 0, 0, 2, 145, 1092, 0, 0, 0, 0, 0, 9, 0, 
        0), .Dim = c(6L, 3L), .Dimnames = list(c("-3", "-2", 
        "-1", "0", "1", "2"), c("A", "C", "T"))), N = 1248)), 
    `2` = structure(c(0, 0, 0, 0, 0, 0, 0, 1, 123, 921, 0, 0, 
    0, 0, 0, 0, 0, 0), .Dim = c(6L, 3L), .Dimnames = list(c("-3", 
    "-2", "-1", "0", "1", "2"), c("A", "C", "T"))))))
