Results <-
list(`bwaOutput/20210421msiMNRsJenny/1357_S113.sam` = list(GM01_SNP1 = list(
    All = list(Freqs = structure(c(0L, 0L, 1L, 0L, 0L, 0L, 4L, 
    579L, 29602L, 143L, 1L, 52L, 0L, 0L, 80L, 1L, 0L, 0L, 0L, 
    0L, 2L, 0L, 0L, 0L, 0L, 11L, 230L, 2L, 0L, 0L), .Dim = 6:5, .Dimnames = structure(list(
        c("-2", "-1", "0", "1", "2", NA), c("-", "A", "G", "T", 
        NA)), .Names = c("", "")), class = "table"), N = 30708L), 
    Tag.Distribution = structure(c(`1` = 189L, `2` = 51L, `3` = 35L, 
    `4` = 32L, `5` = 33L, `6` = 41L, `7` = 33L, `8` = 34L, `9` = 29L, 
    `10` = 46L, `11` = 20L, `12` = 39L, `13` = 39L, `14` = 31L, 
    `15` = 27L, `16` = 35L, `17` = 21L, `18` = 28L, `19` = 27L, 
    `20` = 30L, `21` = 25L, `22` = 21L, `23` = 14L, `24` = 26L, 
    `25` = 17L, `26` = 30L, `27` = 22L, `28` = 18L, `29` = 21L, 
    `30` = 12L, `31` = 12L, `32` = 12L, `33` = 18L, `34` = 11L, 
    `35` = 17L, `36` = 14L, `37` = 18L, `38` = 15L, `39` = 14L, 
    `40` = 10L, `41` = 19L, `42` = 12L, `43` = 14L, `44` = 15L, 
    `45` = 13L, `46` = 12L, `47` = 12L, `48` = 4L, `49` = 5L, 
    `50` = 9L, `51` = 9L, `52` = 12L, `53` = 7L, `54` = 6L, `55` = 2L, 
    `56` = 4L, `57` = 8L, `58` = 4L, `59` = 4L, `60` = 3L, `61` = 1L, 
    `62` = 4L, `63` = 6L, `64` = 3L, `65` = 5L, `66` = 1L, `67` = 2L, 
    `68` = 1L, `69` = 5L, `70` = 2L, `71` = 2L, `72` = 1L, `74` = 1L, 
    `75` = 4L, `76` = 1L, `77` = 2L, `78` = 4L, `79` = 1L, `80` = 1L, 
    `81` = 2L, `82` = 2L, `84` = 1L, `86` = 1L, `88` = 1L, `89` = 1L, 
    `93` = 1L, `94` = 1L, `95` = 1L, `97` = 1L, `98` = 1L, `107` = 1L, 
    `108` = 1L, `114` = 1L), .Dim = 93L, .Dimnames = structure(list(
        c("1", "2", "3", "4", "5", "6", "7", "8", "9", "10", 
        "11", "12", "13", "14", "15", "16", "17", "18", "19", 
        "20", "21", "22", "23", "24", "25", "26", "27", "28", 
        "29", "30", "31", "32", "33", "34", "35", "36", "37", 
        "38", "39", "40", "41", "42", "43", "44", "45", "46", 
        "47", "48", "49", "50", "51", "52", "53", "54", "55", 
        "56", "57", "58", "59", "60", "61", "62", "63", "64", 
        "65", "66", "67", "68", "69", "70", "71", "72", "74", 
        "75", "76", "77", "78", "79", "80", "81", "82", "84", 
        "86", "88", "89", "93", "94", "95", "97", "98", "107", 
        "108", "114")), .Names = ""), class = "table"), No.Tag = structure(c(0L, 
    0L, 0L, 0L, 0L, 0L, 0L, 9L, 667L, 1L, 0L, 3L, 0L, 0L, 2L, 
    0L, 0L, 0L, 0L, 0L, 0L, 0L, 0L, 0L, 0L, 1L, 14L, 0L, 0L, 
    0L), .Dim = 6:5, .Dimnames = structure(list(c("-2", "-1", 
    "0", "1", "2", NA), c("-", "A", "G", "T", NA)), .Names = c("", 
    "")), class = "table"), All.Tags = list(Concordant = list(
        Freqs = structure(c(0, 0, 0, 0, 0, 0, 2, 953, 2, 0, 0, 
        0, 6, 0, 0, 0, 0, 0, 0, 0), .Dim = 5:4, .Dimnames = list(
            c("-2", "-1", "0", "1", "2"), c("-", "A", "G", "T"
            ))), N = 963), Majority = list(Freqs = structure(c(0, 
    0, 0, 0, 0, 0, 7, 1375, 3, 0, 0, 0, 6, 0, 0, 0, 0, 0, 0, 
    0), .Dim = 5:4, .Dimnames = list(c("-2", "-1", "0", "1", 
    "2"), c("-", "A", "G", "T"))), N = 1391)), `2` = structure(c(0, 
    0, 0, 0, 0, 0, 7, 1200, 3, 0, 0, 0, 1, 0, 0, 0, 0, 0, 0, 
    0), .Dim = 5:4, .Dimnames = list(c("-2", "-1", "0", "1", 
    "2"), c("-", "A", "G", "T"))))))
