Results <-
list(`bwaOutput/20210421msiMNRsJenny/1357_S113.sam` = list(LR44_SNP1 = list(
    All = list(Freqs = structure(c(0L, 0L, 0L, 3L, 0L, 0L, 0L, 
    49L, 2615L, 433L, 5717L, 78L, 2L, 47L, 11L, 281L, 2914L, 
    7715L, 139L, 6L, 82L, 0L, 17L, 31L, 274L, 2L, 1L, 0L), .Dim = c(7L, 
    4L), .Dimnames = structure(list(c("-3", "-2", "-1", "0", 
    "1", "2", NA), c("A", "C", "T", NA)), .Names = c("", "")), class = "table"), 
        N = 20417L), Tag.Distribution = structure(c(`1` = 188L, 
    `2` = 34L, `3` = 30L, `4` = 23L, `5` = 36L, `6` = 25L, `7` = 24L, 
    `8` = 33L, `9` = 20L, `10` = 22L, `11` = 29L, `12` = 22L, 
    `13` = 13L, `14` = 19L, `15` = 20L, `16` = 23L, `17` = 24L, 
    `18` = 26L, `19` = 15L, `20` = 13L, `21` = 14L, `22` = 16L, 
    `23` = 18L, `24` = 10L, `25` = 17L, `26` = 18L, `27` = 9L, 
    `28` = 12L, `29` = 12L, `30` = 16L, `31` = 17L, `32` = 15L, 
    `33` = 14L, `34` = 13L, `35` = 12L, `36` = 12L, `37` = 11L, 
    `38` = 10L, `39` = 7L, `40` = 10L, `41` = 11L, `42` = 7L, 
    `43` = 10L, `44` = 10L, `45` = 11L, `46` = 13L, `47` = 9L, 
    `48` = 8L, `49` = 5L, `50` = 3L, `51` = 3L, `52` = 5L, `53` = 5L, 
    `54` = 3L, `55` = 6L, `56` = 6L, `57` = 3L, `58` = 2L, `59` = 1L, 
    `60` = 6L, `61` = 5L, `63` = 1L, `64` = 2L, `66` = 2L, `67` = 1L, 
    `68` = 1L, `70` = 1L, `71` = 2L, `74` = 2L, `75` = 2L, `77` = 1L, 
    `82` = 1L, `86` = 1L), .Dim = 73L, .Dimnames = structure(list(
        c("1", "2", "3", "4", "5", "6", "7", "8", "9", "10", 
        "11", "12", "13", "14", "15", "16", "17", "18", "19", 
        "20", "21", "22", "23", "24", "25", "26", "27", "28", 
        "29", "30", "31", "32", "33", "34", "35", "36", "37", 
        "38", "39", "40", "41", "42", "43", "44", "45", "46", 
        "47", "48", "49", "50", "51", "52", "53", "54", "55", 
        "56", "57", "58", "59", "60", "61", "63", "64", "66", 
        "67", "68", "70", "71", "74", "75", "77", "82", "86")), .Names = ""), class = "table"), 
    No.Tag = structure(c(0L, 0L, 0L, 0L, 0L, 0L, 0L, 2L, 35L, 
    2L, 43L, 0L, 0L, 1L, 1L, 6L, 61L, 70L, 4L, 1L, 7L, 0L, 1L, 
    1L, 12L, 0L, 0L, 0L), .Dim = c(7L, 4L), .Dimnames = structure(list(
        c("-3", "-2", "-1", "0", "1", "2", NA), c("A", "C", "T", 
        NA)), .Names = c("", "")), class = "table"), All.Tags = list(
        Concordant = list(Freqs = structure(c(0, 0, 0, 0, 0, 
        0, 3, 77, 6, 158, 3, 0, 0, 3, 58, 170, 3, 0), .Dim = c(6L, 
        3L), .Dimnames = list(c("-3", "-2", "-1", "0", "1", "2"
        ), c("A", "C", "T"))), N = 481), Majority = list(Freqs = structure(c(0, 
        0, 0, 0, 0, 0, 3, 120, 8, 328, 3, 0, 0, 7, 120, 425, 
        3, 0), .Dim = c(6L, 3L), .Dimnames = list(c("-3", "-2", 
        "-1", "0", "1", "2"), c("A", "C", "T"))), N = 1017)), 
    `2` = structure(c(0, 0, 0, 0, 0, 0, 0, 105, 2, 274, 0, 0, 
    0, 7, 104, 359, 0, 0), .Dim = c(6L, 3L), .Dimnames = list(
        c("-3", "-2", "-1", "0", "1", "2"), c("A", "C", "T"))))))
