Results <-
list(`bwaOutput/20210421msiMNRsJenny/1357_S113.sam` = list(LR24_SNP1 = list(
    All = list(Freqs = structure(c(0L, 0L, 5L, 0L, 0L, 0L, 0L, 
    1L, 155L, 0L, 0L, 1L, 2L, 278L, 44083L, 117L, 2L, 25L, 0L, 
    0L, 1L, 0L, 0L, 0L, 0L, 3L, 209L, 2L, 0L, 0L), .Dim = 6:5, .Dimnames = structure(list(
        c("-2", "-1", "0", "1", "2", NA), c("-", "A", "G", "T", 
        NA)), .Names = c("", "")), class = "table"), N = 44884L), 
    Tag.Distribution = structure(c(`1` = 337L, `2` = 147L, `3` = 139L, 
    `4` = 95L, `5` = 110L, `6` = 100L, `7` = 98L, `8` = 87L, 
    `9` = 102L, `10` = 78L, `11` = 104L, `12` = 84L, `13` = 79L, 
    `14` = 77L, `15` = 75L, `16` = 79L, `17` = 59L, `18` = 54L, 
    `19` = 47L, `20` = 55L, `21` = 52L, `22` = 51L, `23` = 42L, 
    `24` = 31L, `25` = 37L, `26` = 36L, `27` = 27L, `28` = 26L, 
    `29` = 21L, `30` = 26L, `31` = 27L, `32` = 19L, `33` = 30L, 
    `34` = 19L, `35` = 19L, `36` = 10L, `37` = 22L, `38` = 16L, 
    `39` = 15L, `40` = 13L, `41` = 14L, `42` = 14L, `43` = 9L, 
    `44` = 12L, `45` = 8L, `46` = 14L, `47` = 13L, `48` = 3L, 
    `49` = 7L, `50` = 12L, `51` = 11L, `52` = 11L, `53` = 6L, 
    `54` = 7L, `55` = 8L, `56` = 6L, `57` = 7L, `58` = 2L, `59` = 8L, 
    `60` = 3L, `61` = 1L, `62` = 3L, `63` = 4L, `64` = 5L, `65` = 4L, 
    `66` = 1L, `68` = 2L, `69` = 2L, `70` = 3L, `72` = 1L, `73` = 3L, 
    `74` = 1L, `76` = 3L, `77` = 3L, `81` = 2L, `82` = 2L, `83` = 2L, 
    `87` = 2L, `90` = 1L, `91` = 1L, `94` = 1L, `97` = 1L, `99` = 1L, 
    `106` = 1L), .Dim = 84L, .Dimnames = structure(list(c("1", 
    "2", "3", "4", "5", "6", "7", "8", "9", "10", "11", "12", 
    "13", "14", "15", "16", "17", "18", "19", "20", "21", "22", 
    "23", "24", "25", "26", "27", "28", "29", "30", "31", "32", 
    "33", "34", "35", "36", "37", "38", "39", "40", "41", "42", 
    "43", "44", "45", "46", "47", "48", "49", "50", "51", "52", 
    "53", "54", "55", "56", "57", "58", "59", "60", "61", "62", 
    "63", "64", "65", "66", "68", "69", "70", "72", "73", "74", 
    "76", "77", "81", "82", "83", "87", "90", "91", "94", "97", 
    "99", "106")), .Names = ""), class = "table"), No.Tag = structure(c(0L, 
    0L, 0L, 0L, 0L, 0L, 0L, 0L, 0L, 0L, 0L, 1L, 0L, 2L, 1074L, 
    0L, 1L, 3L, 0L, 0L, 0L, 0L, 0L, 0L, 0L, 0L, 20L, 0L, 0L, 
    0L), .Dim = 6:5, .Dimnames = structure(list(c("-2", "-1", 
    "0", "1", "2", NA), c("-", "A", "G", "T", NA)), .Names = c("", 
    "")), class = "table"), All.Tags = list(Concordant = list(
        Freqs = structure(c(0, 0, 0, 0, 0, 0, 0, 6, 0, 0, 0, 
        3, 2446, 1, 0, 0, 0, 0, 0, 0), .Dim = 5:4, .Dimnames = list(
            c("-2", "-1", "0", "1", "2"), c("-", "A", "G", "T"
            ))), N = 2456), Majority = list(Freqs = structure(c(0, 
    0, 0, 0, 0, 0, 0, 12, 0, 0, 0, 5, 2734, 1, 0, 0, 0, 0, 0, 
    0), .Dim = 5:4, .Dimnames = list(c("-2", "-1", "0", "1", 
    "2"), c("-", "A", "G", "T"))), N = 2752)), `2` = structure(c(0, 
    0, 0, 0, 0, 0, 0, 6, 0, 0, 0, 3, 2419, 0, 0, 0, 0, 0, 0, 
    0), .Dim = 5:4, .Dimnames = list(c("-2", "-1", "0", "1", 
    "2"), c("-", "A", "G", "T"))))))
