Results <-
list(`bwaOutput/20210421msiMNRsJenny/1357_S113.sam` = list(DEPDC2_SNP1 = list(
    All = list(Freqs = structure(c(0L, 1L, 8L, 0L, 0L, 0L, 1L, 
    109L, 15497L, 2996L, 19L, 1407L, 0L, 0L, 2L, 0L, 0L, 0L, 
    0L, 218L, 26054L, 118L, 0L, 84L, 0L, 1L, 396L, 26L, 0L, 0L
    ), .Dim = 6:5, .Dimnames = structure(list(c("-3", "-1", "0", 
    "1", "2", NA), c("A", "C", "G", "T", NA)), .Names = c("", 
    "")), class = "table"), N = 46937L), Tag.Distribution = structure(c(`1` = 469L, 
    `2` = 111L, `3` = 54L, `4` = 75L, `5` = 58L, `6` = 72L, `7` = 66L, 
    `8` = 68L, `9` = 57L, `10` = 67L, `11` = 52L, `12` = 58L, 
    `13` = 65L, `14` = 54L, `15` = 63L, `16` = 57L, `17` = 46L, 
    `18` = 42L, `19` = 49L, `20` = 36L, `21` = 32L, `22` = 47L, 
    `23` = 40L, `24` = 27L, `25` = 31L, `26` = 32L, `27` = 32L, 
    `28` = 26L, `29` = 35L, `30` = 23L, `31` = 39L, `32` = 30L, 
    `33` = 27L, `34` = 26L, `35` = 20L, `36` = 22L, `37` = 20L, 
    `38` = 14L, `39` = 18L, `40` = 22L, `41` = 9L, `42` = 17L, 
    `43` = 19L, `44` = 14L, `45` = 14L, `46` = 13L, `47` = 12L, 
    `48` = 14L, `49` = 17L, `50` = 6L, `51` = 4L, `52` = 6L, 
    `53` = 10L, `54` = 6L, `55` = 11L, `56` = 7L, `57` = 7L, 
    `58` = 3L, `59` = 6L, `60` = 6L, `61` = 5L, `62` = 6L, `63` = 3L, 
    `64` = 5L, `65` = 4L, `66` = 1L, `67` = 2L, `68` = 4L, `69` = 5L, 
    `70` = 6L, `71` = 2L, `72` = 2L, `73` = 2L, `74` = 3L, `75` = 2L, 
    `76` = 3L, `78` = 3L, `79` = 1L, `80` = 3L, `81` = 3L, `82` = 3L, 
    `84` = 2L, `85` = 1L, `87` = 2L, `88` = 1L, `91` = 1L, `92` = 3L, 
    `94` = 1L, `95` = 2L, `97` = 1L, `98` = 2L, `100` = 1L, `102` = 1L, 
    `103` = 1L, `104` = 1L, `105` = 2L, `109` = 1L, `115` = 2L, 
    `117` = 1L, `120` = 1L, `122` = 1L, `142` = 1L), .Dim = 102L, .Dimnames = structure(list(
        c("1", "2", "3", "4", "5", "6", "7", "8", "9", "10", 
        "11", "12", "13", "14", "15", "16", "17", "18", "19", 
        "20", "21", "22", "23", "24", "25", "26", "27", "28", 
        "29", "30", "31", "32", "33", "34", "35", "36", "37", 
        "38", "39", "40", "41", "42", "43", "44", "45", "46", 
        "47", "48", "49", "50", "51", "52", "53", "54", "55", 
        "56", "57", "58", "59", "60", "61", "62", "63", "64", 
        "65", "66", "67", "68", "69", "70", "71", "72", "73", 
        "74", "75", "76", "78", "79", "80", "81", "82", "84", 
        "85", "87", "88", "91", "92", "94", "95", "97", "98", 
        "100", "102", "103", "104", "105", "109", "115", "117", 
        "120", "122", "142")), .Names = ""), class = "table"), 
    No.Tag = structure(c(0L, 0L, 2L, 0L, 0L, 0L, 0L, 5L, 349L, 
    74L, 0L, 39L, 0L, 0L, 0L, 0L, 0L, 0L, 0L, 5L, 538L, 1L, 0L, 
    7L, 0L, 0L, 25L, 3L, 0L, 0L), .Dim = 6:5, .Dimnames = structure(list(
        c("-3", "-1", "0", "1", "2", NA), c("A", "C", "G", "T", 
        NA)), .Names = c("", "")), class = "table"), All.Tags = list(
        Concordant = list(Freqs = structure(c(0, 0, 0, 0, 0, 
        0, 2, 515, 93, 0, 0, 0, 0, 0, 0, 0, 3, 844, 2, 0), .Dim = 5:4, .Dimnames = list(
            c("-3", "-1", "0", "1", "2"), c("A", "C", "G", "T"
            ))), N = 1459), Majority = list(Freqs = structure(c(0, 
        0, 0, 0, 0, 0, 2, 881, 186, 0, 0, 0, 0, 0, 0, 0, 5, 1301, 
        3, 0), .Dim = 5:4, .Dimnames = list(c("-3", "-1", "0", 
        "1", "2"), c("A", "C", "G", "T"))), N = 2378)), `2` = structure(c(0, 
    0, 0, 0, 0, 0, 0, 743, 161, 0, 0, 0, 0, 0, 0, 0, 3, 1054, 
    2, 0), .Dim = 5:4, .Dimnames = list(c("-3", "-1", "0", "1", 
    "2"), c("A", "C", "G", "T"))))))
