Results <-
list(`bwaOutput/20210421msiMNRsJenny/1357_S113.sam` = list(LR52_SNP1 = list(
    All = list(Freqs = structure(c(0L, 0L, 0L, 0L, 1L, 6L, 0L, 
    0L, 2L, 6L, 348L, 3780L, 2710L, 11597L, 78L, 355L, 0L, 0L, 
    1L, 4L, 66L, 63L, 1L, 5L, 0L, 0L, 0L, 54L, 297L, 4068L, 21L, 
    0L), .Dim = c(8L, 4L), .Dimnames = structure(list(c("-5", 
    "-4", "-3", "-2", "-1", "0", "1", NA), c("A", "C", "T", NA
    )), .Names = c("", "")), class = "table"), N = 23463L), Tag.Distribution = structure(c(`1` = 132L, 
    `2` = 26L, `3` = 15L, `4` = 34L, `5` = 34L, `6` = 23L, `7` = 32L, 
    `8` = 16L, `9` = 19L, `10` = 29L, `11` = 17L, `12` = 17L, 
    `13` = 14L, `14` = 31L, `15` = 23L, `16` = 32L, `17` = 21L, 
    `18` = 22L, `19` = 18L, `20` = 15L, `21` = 13L, `22` = 21L, 
    `23` = 17L, `24` = 10L, `25` = 17L, `26` = 13L, `27` = 13L, 
    `28` = 11L, `29` = 11L, `30` = 10L, `31` = 13L, `32` = 13L, 
    `33` = 7L, `34` = 20L, `35` = 14L, `36` = 17L, `37` = 12L, 
    `38` = 15L, `39` = 22L, `40` = 15L, `41` = 9L, `42` = 8L, 
    `43` = 10L, `44` = 7L, `45` = 3L, `46` = 6L, `47` = 10L, 
    `48` = 5L, `49` = 8L, `50` = 5L, `51` = 7L, `52` = 6L, `53` = 5L, 
    `54` = 7L, `55` = 4L, `56` = 5L, `57` = 3L, `58` = 3L, `59` = 4L, 
    `60` = 6L, `61` = 3L, `62` = 5L, `63` = 3L, `64` = 2L, `65` = 2L, 
    `66` = 3L, `67` = 3L, `68` = 1L, `69` = 1L, `70` = 2L, `72` = 2L, 
    `73` = 2L, `75` = 3L, `77` = 2L, `78` = 1L, `79` = 1L, `82` = 2L, 
    `86` = 1L, `89` = 1L, `90` = 1L, `91` = 1L, `92` = 1L, `94` = 1L, 
    `95` = 1L, `96` = 1L, `98` = 1L, `116` = 1L, `124` = 1L), .Dim = 88L, .Dimnames = structure(list(
        c("1", "2", "3", "4", "5", "6", "7", "8", "9", "10", 
        "11", "12", "13", "14", "15", "16", "17", "18", "19", 
        "20", "21", "22", "23", "24", "25", "26", "27", "28", 
        "29", "30", "31", "32", "33", "34", "35", "36", "37", 
        "38", "39", "40", "41", "42", "43", "44", "45", "46", 
        "47", "48", "49", "50", "51", "52", "53", "54", "55", 
        "56", "57", "58", "59", "60", "61", "62", "63", "64", 
        "65", "66", "67", "68", "69", "70", "72", "73", "75", 
        "77", "78", "79", "82", "86", "89", "90", "91", "92", 
        "94", "95", "96", "98", "116", "124")), .Names = ""), class = "table"), 
    No.Tag = structure(c(0L, 0L, 0L, 0L, 0L, 0L, 0L, 0L, 0L, 
    0L, 1L, 26L, 34L, 187L, 2L, 8L, 0L, 0L, 0L, 0L, 2L, 0L, 0L, 
    0L, 0L, 0L, 0L, 2L, 3L, 106L, 0L, 0L), .Dim = c(8L, 4L), .Dimnames = structure(list(
        c("-5", "-4", "-3", "-2", "-1", "0", "1", NA), c("A", 
        "C", "T", NA)), .Names = c("", "")), class = "table"), 
    All.Tags = list(Concordant = list(Freqs = structure(c(0, 
    0, 0, 0, 0, 0, 0, 0, 0, 8, 82, 32, 228, 0, 0, 0, 1, 0, 2, 
    5, 0), .Dim = c(7L, 3L), .Dimnames = list(c("-5", "-4", "-3", 
    "-2", "-1", "0", "1"), c("A", "C", "T"))), N = 358), Majority = list(
        Freqs = structure(c(0, 0, 0, 0, 0, 0, 0, 0, 0, 9, 167, 
        95, 681, 0, 0, 0, 1, 0, 3, 8, 0), .Dim = c(7L, 3L), .Dimnames = list(
            c("-5", "-4", "-3", "-2", "-1", "0", "1"), c("A", 
            "C", "T"))), N = 964)), `2` = structure(c(0, 0, 0, 
    0, 0, 0, 0, 0, 0, 8, 144, 84, 639, 0, 0, 0, 0, 0, 1, 3, 0
    ), .Dim = c(7L, 3L), .Dimnames = list(c("-5", "-4", "-3", 
    "-2", "-1", "0", "1"), c("A", "C", "T"))))))
