Results <-
list(`bwaOutput/20210421msiMNRsJenny/1357_S113.sam` = list(LR40_SNP1 = list(
    All = list(Freqs = structure(c(1L, 7L, 2613L, 7622L, 13L, 
    30L, 0L, 0L, 99L, 8536L, 30L, 12L, 0L, 0L, 1L, 2L, 0L, 0L, 
    0L, 0L, 9L, 63L, 0L, 0L), .Dim = c(6L, 4L), .Dimnames = structure(list(
        c("-3", "-2", "-1", "0", "1", NA), c("A", "C", "T", NA
        )), .Names = c("", "")), class = "table"), N = 19038L), 
    Tag.Distribution = structure(c(`1` = 160L, `2` = 49L, `3` = 30L, 
    `4` = 33L, `5` = 17L, `6` = 21L, `7` = 29L, `8` = 36L, `9` = 26L, 
    `10` = 25L, `11` = 27L, `12` = 22L, `13` = 27L, `14` = 24L, 
    `15` = 26L, `16` = 29L, `17` = 19L, `18` = 14L, `19` = 20L, 
    `20` = 22L, `21` = 16L, `22` = 18L, `23` = 10L, `24` = 13L, 
    `25` = 7L, `26` = 15L, `27` = 13L, `28` = 14L, `29` = 12L, 
    `30` = 10L, `31` = 9L, `32` = 12L, `33` = 12L, `34` = 12L, 
    `35` = 7L, `36` = 5L, `37` = 8L, `38` = 4L, `39` = 8L, `40` = 5L, 
    `41` = 11L, `42` = 9L, `43` = 6L, `44` = 4L, `45` = 6L, `46` = 5L, 
    `47` = 6L, `48` = 4L, `49` = 3L, `50` = 4L, `51` = 4L, `52` = 3L, 
    `53` = 2L, `54` = 3L, `55` = 3L, `56` = 4L, `57` = 2L, `58` = 4L, 
    `59` = 1L, `60` = 1L, `61` = 2L, `62` = 2L, `63` = 4L, `64` = 3L, 
    `65` = 1L, `66` = 1L, `67` = 1L, `68` = 2L, `69` = 2L, `71` = 2L, 
    `72` = 1L, `73` = 1L, `74` = 2L, `75` = 2L, `77` = 1L, `78` = 1L, 
    `79` = 2L, `82` = 1L, `84` = 1L, `93` = 1L, `96` = 1L, `100` = 1L, 
    `102` = 1L, `104` = 1L, `108` = 1L, `110` = 1L, `112` = 1L, 
    `133` = 1L), .Dim = 88L, .Dimnames = structure(list(c("1", 
    "2", "3", "4", "5", "6", "7", "8", "9", "10", "11", "12", 
    "13", "14", "15", "16", "17", "18", "19", "20", "21", "22", 
    "23", "24", "25", "26", "27", "28", "29", "30", "31", "32", 
    "33", "34", "35", "36", "37", "38", "39", "40", "41", "42", 
    "43", "44", "45", "46", "47", "48", "49", "50", "51", "52", 
    "53", "54", "55", "56", "57", "58", "59", "60", "61", "62", 
    "63", "64", "65", "66", "67", "68", "69", "71", "72", "73", 
    "74", "75", "77", "78", "79", "82", "84", "93", "96", "100", 
    "102", "104", "108", "110", "112", "133")), .Names = ""), class = "table"), 
    No.Tag = structure(c(0L, 0L, 22L, 244L, 0L, 7L, 0L, 0L, 3L, 
    257L, 2L, 2L, 0L, 0L, 0L, 0L, 0L, 0L, 0L, 0L, 2L, 4L, 0L, 
    0L), .Dim = c(6L, 4L), .Dimnames = structure(list(c("-3", 
    "-2", "-1", "0", "1", NA), c("A", "C", "T", NA)), .Names = c("", 
    "")), class = "table"), All.Tags = list(Concordant = list(
        Freqs = structure(c(0, 0, 88, 286, 0, 0, 0, 1, 351, 0, 
        0, 0, 0, 0, 0), .Dim = c(5L, 3L), .Dimnames = list(c("-3", 
        "-2", "-1", "0", "1"), c("A", "C", "T"))), N = 726), 
        Majority = list(Freqs = structure(c(0, 0, 120, 379, 0, 
        0, 0, 1, 468, 0, 0, 0, 0, 0, 0), .Dim = c(5L, 3L), .Dimnames = list(
            c("-3", "-2", "-1", "0", "1"), c("A", "C", "T"))), 
            N = 968)), `2` = structure(c(0, 0, 106, 324, 0, 0, 
    0, 0, 391, 0, 0, 0, 0, 0, 0), .Dim = c(5L, 3L), .Dimnames = list(
        c("-3", "-2", "-1", "0", "1"), c("A", "C", "T"))))))
