Results <-
list(`bwaOutput/20210421msiMNRsJenny/1357_S113.sam` = list(LR17_SNP1 = list(
    All = list(Freqs = structure(c(3L, 115L, 3110L, 15305L, 176L, 
    1L, 1L, 109L, 0L, 0L, 2L, 5L, 0L, 0L, 0L, 0L, 0L, 0L, 0L, 
    1L, 0L, 0L, 0L, 0L, 0L, 0L, 99L, 652L, 4L, 0L, 0L, 0L), .Dim = c(8L, 
    4L), .Dimnames = structure(list(c("-3", "-2", "-1", "0", 
    "1", "2", "3", NA), c("A", "G", "T", NA)), .Names = c("", 
    "")), class = "table"), N = 19583L), Tag.Distribution = structure(c(`1` = 210L, 
    `2` = 19L, `3` = 13L, `4` = 11L, `5` = 18L, `6` = 16L, `7` = 17L, 
    `8` = 11L, `9` = 16L, `10` = 23L, `11` = 16L, `12` = 17L, 
    `13` = 15L, `14` = 18L, `15` = 18L, `16` = 18L, `17` = 13L, 
    `18` = 10L, `19` = 9L, `20` = 18L, `21` = 11L, `22` = 10L, 
    `23` = 10L, `24` = 10L, `25` = 12L, `26` = 8L, `27` = 12L, 
    `28` = 14L, `29` = 10L, `30` = 13L, `31` = 18L, `32` = 13L, 
    `33` = 11L, `34` = 8L, `35` = 4L, `36` = 4L, `37` = 15L, 
    `38` = 12L, `39` = 9L, `40` = 11L, `41` = 10L, `42` = 6L, 
    `43` = 7L, `44` = 11L, `45` = 5L, `46` = 8L, `47` = 8L, `48` = 8L, 
    `49` = 12L, `50` = 7L, `51` = 4L, `52` = 7L, `53` = 9L, `54` = 3L, 
    `55` = 4L, `56` = 4L, `57` = 1L, `58` = 4L, `59` = 6L, `60` = 5L, 
    `61` = 7L, `62` = 2L, `63` = 2L, `64` = 1L, `65` = 3L, `67` = 2L, 
    `68` = 1L, `69` = 4L, `70` = 2L, `71` = 1L, `72` = 4L, `73` = 1L, 
    `76` = 1L, `77` = 1L, `81` = 1L, `82` = 1L, `88` = 3L, `91` = 1L, 
    `95` = 1L, `104` = 1L), .Dim = 80L, .Dimnames = structure(list(
        c("1", "2", "3", "4", "5", "6", "7", "8", "9", "10", 
        "11", "12", "13", "14", "15", "16", "17", "18", "19", 
        "20", "21", "22", "23", "24", "25", "26", "27", "28", 
        "29", "30", "31", "32", "33", "34", "35", "36", "37", 
        "38", "39", "40", "41", "42", "43", "44", "45", "46", 
        "47", "48", "49", "50", "51", "52", "53", "54", "55", 
        "56", "57", "58", "59", "60", "61", "62", "63", "64", 
        "65", "67", "68", "69", "70", "71", "72", "73", "76", 
        "77", "81", "82", "88", "91", "95", "104")), .Names = ""), class = "table"), 
    No.Tag = structure(c(0L, 0L, 65L, 352L, 0L, 0L, 0L, 3L, 0L, 
    0L, 0L, 0L, 0L, 0L, 0L, 0L, 0L, 0L, 0L, 0L, 0L, 0L, 0L, 0L, 
    0L, 0L, 2L, 38L, 0L, 0L, 0L, 0L), .Dim = c(8L, 4L), .Dimnames = structure(list(
        c("-3", "-2", "-1", "0", "1", "2", "3", NA), c("A", "G", 
        "T", NA)), .Names = c("", "")), class = "table"), All.Tags = list(
        Concordant = list(Freqs = structure(c(0, 0, 67, 399, 
        2, 0, 0, 0, 0, 0, 0, 0, 0, 0, 0, 0, 0, 0, 0, 0, 0), .Dim = c(7L, 
        3L), .Dimnames = list(c("-3", "-2", "-1", "0", "1", "2", 
        "3"), c("A", "G", "T"))), N = 468), Majority = list(Freqs = structure(c(0, 
        1, 113, 754, 2, 0, 0, 0, 0, 0, 0, 0, 0, 0, 0, 0, 0, 0, 
        0, 0, 0), .Dim = c(7L, 3L), .Dimnames = list(c("-3", 
        "-2", "-1", "0", "1", "2", "3"), c("A", "G", "T"))), 
            N = 870)), `2` = structure(c(0, 1, 90, 587, 1, 0, 
    0, 0, 0, 0, 0, 0, 0, 0, 0, 0, 0, 0, 0, 0, 0), .Dim = c(7L, 
    3L), .Dimnames = list(c("-3", "-2", "-1", "0", "1", "2", 
    "3"), c("A", "G", "T"))))))
