Results <-
list(`bwaOutput/20210421msiMNRsJenny/1357_S113.sam` = list(LR11_SNP1 = list(
    All = list(Freqs = structure(c(0L, 0L, 0L, 3L, 0L, 0L, 0L, 
    4L, 21L, 852L, 27225L, 229L, 1L, 85L, 0L, 0L, 0L, 20L, 1L, 
    1L, 1L, 0L, 0L, 1L, 1L, 0L, 0L, 0L, 0L, 0L, 0L, 2L, 0L, 0L, 
    0L, 0L, 0L, 3L, 153L, 2L, 0L, 0L), .Dim = 7:6, .Dimnames = structure(list(
        c("-3", "-2", "-1", "0", "1", "2", NA), c("-", "A", "C", 
        "G", "T", NA)), .Names = c("", "")), class = "table"), 
        N = 28605L), Tag.Distribution = structure(c(`1` = 246L, 
    `2` = 48L, `3` = 38L, `4` = 29L, `5` = 34L, `6` = 30L, `7` = 26L, 
    `8` = 21L, `9` = 35L, `10` = 38L, `11` = 30L, `12` = 29L, 
    `13` = 23L, `14` = 32L, `15` = 20L, `16` = 31L, `17` = 32L, 
    `18` = 22L, `19` = 26L, `20` = 21L, `21` = 31L, `22` = 24L, 
    `23` = 24L, `24` = 22L, `25` = 18L, `26` = 21L, `27` = 7L, 
    `28` = 20L, `29` = 13L, `30` = 15L, `31` = 12L, `32` = 12L, 
    `33` = 15L, `34` = 21L, `35` = 14L, `36` = 18L, `37` = 19L, 
    `38` = 11L, `39` = 14L, `40` = 8L, `41` = 16L, `42` = 8L, 
    `43` = 14L, `44` = 14L, `45` = 13L, `46` = 9L, `47` = 10L, 
    `48` = 8L, `49` = 8L, `50` = 9L, `51` = 4L, `52` = 5L, `53` = 6L, 
    `54` = 5L, `55` = 3L, `56` = 8L, `57` = 3L, `58` = 3L, `59` = 3L, 
    `60` = 7L, `61` = 5L, `62` = 4L, `63` = 6L, `64` = 6L, `65` = 1L, 
    `66` = 2L, `67` = 2L, `68` = 2L, `69` = 2L, `70` = 2L, `71` = 1L, 
    `72` = 1L, `73` = 2L, `74` = 1L, `75` = 1L, `76` = 2L, `77` = 4L, 
    `79` = 3L, `80` = 1L, `81` = 1L, `82` = 2L, `83` = 2L, `84` = 1L, 
    `88` = 2L, `90` = 1L, `92` = 1L, `93` = 1L, `95` = 1L, `114` = 1L, 
    `115` = 1L, `141` = 1L), .Dim = 91L, .Dimnames = structure(list(
        c("1", "2", "3", "4", "5", "6", "7", "8", "9", "10", 
        "11", "12", "13", "14", "15", "16", "17", "18", "19", 
        "20", "21", "22", "23", "24", "25", "26", "27", "28", 
        "29", "30", "31", "32", "33", "34", "35", "36", "37", 
        "38", "39", "40", "41", "42", "43", "44", "45", "46", 
        "47", "48", "49", "50", "51", "52", "53", "54", "55", 
        "56", "57", "58", "59", "60", "61", "62", "63", "64", 
        "65", "66", "67", "68", "69", "70", "71", "72", "73", 
        "74", "75", "76", "77", "79", "80", "81", "82", "83", 
        "84", "88", "90", "92", "93", "95", "114", "115", "141"
        )), .Names = ""), class = "table"), No.Tag = structure(c(0L, 
    0L, 0L, 0L, 0L, 0L, 0L, 0L, 2L, 7L, 425L, 1L, 0L, 5L, 0L, 
    0L, 0L, 1L, 0L, 0L, 0L, 0L, 0L, 0L, 0L, 0L, 0L, 0L, 0L, 0L, 
    0L, 0L, 0L, 0L, 0L, 0L, 0L, 0L, 3L, 0L, 0L, 0L), .Dim = 7:6, .Dimnames = structure(list(
        c("-3", "-2", "-1", "0", "1", "2", NA), c("-", "A", "C", 
        "G", "T", NA)), .Names = c("", "")), class = "table"), 
    All.Tags = list(Concordant = list(Freqs = structure(c(0, 
    0, 0, 0, 0, 0, 0, 0, 15, 813, 1, 0, 0, 0, 0, 8, 1, 1, 0, 
    0, 0, 0, 0, 0, 0, 0, 0, 0, 0, 0), .Dim = 6:5, .Dimnames = list(
        c("-3", "-2", "-1", "0", "1", "2"), c("-", "A", "C", 
        "G", "T"))), N = 839), Majority = list(Freqs = structure(c(0, 
    0, 0, 0, 0, 0, 0, 0, 22, 1317, 2, 0, 0, 0, 0, 8, 1, 1, 0, 
    0, 0, 0, 0, 0, 0, 0, 0, 0, 0, 0), .Dim = 6:5, .Dimnames = list(
        c("-3", "-2", "-1", "0", "1", "2"), c("-", "A", "C", 
        "G", "T"))), N = 1351)), `2` = structure(c(0, 0, 0, 0, 
    0, 0, 0, 0, 13, 1107, 1, 0, 0, 0, 0, 0, 0, 0, 0, 0, 0, 0, 
    0, 0, 0, 0, 0, 0, 0, 0), .Dim = 6:5, .Dimnames = list(c("-3", 
    "-2", "-1", "0", "1", "2"), c("-", "A", "C", "G", "T"))))))
