Results <-
list(`bwaOutput/20210421msiMNRsJenny/1357_S113.sam` = list(LR36_SNP1 = list(
    All = list(Freqs = structure(c(0L, 0L, 0L, 1L, 33L, 0L, 0L, 
    0L, 0L, 0L, 4L, 0L, 0L, 0L, 0L, 3L, 0L, 0L, 0L, 0L, 0L, 0L, 
    0L, 0L, 0L, 0L, 1L, 0L, 0L, 0L, 0L, 0L, 0L, 1L, 13L, 435L, 
    5537L, 17096L, 141L, 2L, 1L, 2L, 1L, 315L, 0L, 1L, 5L, 101L, 
    795L, 13L, 0L, 0L, 0L, 0L, 0L), .Dim = c(11L, 5L), .Dimnames = structure(list(
        c("-5", "-3", "-2", "-1", "0", "1", "2", "3", "5", "6", 
        NA), c("A", "C", "G", "T", NA)), .Names = c("", "")), class = "table"), 
        N = 24501L), Tag.Distribution = structure(c(`1` = 232L, 
    `2` = 53L, `3` = 39L, `4` = 33L, `5` = 48L, `6` = 37L, `7` = 36L, 
    `8` = 32L, `9` = 41L, `10` = 29L, `11` = 28L, `12` = 35L, 
    `13` = 30L, `14` = 25L, `15` = 37L, `16` = 24L, `17` = 15L, 
    `18` = 32L, `19` = 27L, `20` = 24L, `21` = 17L, `22` = 19L, 
    `23` = 16L, `24` = 14L, `25` = 16L, `26` = 24L, `27` = 17L, 
    `28` = 18L, `29` = 15L, `30` = 16L, `31` = 11L, `32` = 9L, 
    `33` = 5L, `34` = 16L, `35` = 17L, `36` = 17L, `37` = 16L, 
    `38` = 18L, `39` = 20L, `40` = 11L, `41` = 16L, `42` = 5L, 
    `43` = 17L, `44` = 8L, `45` = 7L, `46` = 5L, `47` = 11L, 
    `48` = 2L, `49` = 8L, `50` = 11L, `51` = 3L, `52` = 4L, `53` = 3L, 
    `54` = 4L, `55` = 3L, `56` = 9L, `57` = 2L, `58` = 4L, `59` = 1L, 
    `60` = 6L, `61` = 3L, `63` = 1L, `67` = 1L, `69` = 2L, `70` = 1L, 
    `72` = 1L, `74` = 1L, `75` = 1L, `76` = 1L, `77` = 2L, `79` = 1L, 
    `80` = 1L, `82` = 1L, `83` = 1L, `86` = 1L, `87` = 2L), .Dim = 76L, .Dimnames = structure(list(
        c("1", "2", "3", "4", "5", "6", "7", "8", "9", "10", 
        "11", "12", "13", "14", "15", "16", "17", "18", "19", 
        "20", "21", "22", "23", "24", "25", "26", "27", "28", 
        "29", "30", "31", "32", "33", "34", "35", "36", "37", 
        "38", "39", "40", "41", "42", "43", "44", "45", "46", 
        "47", "48", "49", "50", "51", "52", "53", "54", "55", 
        "56", "57", "58", "59", "60", "61", "63", "67", "69", 
        "70", "72", "74", "75", "76", "77", "79", "80", "82", 
        "83", "86", "87")), .Names = ""), class = "table"), No.Tag = structure(c(0L, 
    0L, 0L, 1L, 2L, 0L, 0L, 0L, 0L, 0L, 1L, 0L, 0L, 0L, 0L, 0L, 
    0L, 0L, 0L, 0L, 0L, 0L, 0L, 0L, 0L, 0L, 0L, 0L, 0L, 0L, 0L, 
    0L, 0L, 0L, 0L, 5L, 64L, 653L, 6L, 0L, 0L, 1L, 1L, 41L, 0L, 
    0L, 0L, 6L, 76L, 0L, 0L, 0L, 0L, 0L, 0L), .Dim = c(11L, 5L
    ), .Dimnames = structure(list(c("-5", "-3", "-2", "-1", "0", 
    "1", "2", "3", "5", "6", NA), c("A", "C", "G", "T", NA)), .Names = c("", 
    "")), class = "table"), All.Tags = list(Concordant = list(
        Freqs = structure(c(0, 0, 0, 0, 11, 0, 0, 0, 0, 0, 0, 
        0, 0, 0, 0, 0, 0, 0, 0, 0, 0, 0, 0, 0, 0, 0, 0, 0, 0, 
        0, 0, 0, 7, 175, 588, 2, 0, 0, 0, 0), .Dim = c(10L, 4L
        ), .Dimnames = list(c("-5", "-3", "-2", "-1", "0", "1", 
        "2", "3", "5", "6"), c("A", "C", "G", "T"))), N = 783), 
        Majority = list(Freqs = structure(c(0, 0, 0, 0, 12, 0, 
        0, 0, 0, 0, 0, 0, 0, 0, 0, 0, 0, 0, 0, 0, 0, 0, 0, 0, 
        0, 0, 0, 0, 0, 0, 0, 0, 14, 279, 960, 2, 0, 0, 0, 0), .Dim = c(10L, 
        4L), .Dimnames = list(c("-5", "-3", "-2", "-1", "0", 
        "1", "2", "3", "5", "6"), c("A", "C", "G", "T"))), N = 1267)), 
    `2` = structure(c(0, 0, 0, 0, 1, 0, 0, 0, 0, 0, 0, 0, 0, 
    0, 0, 0, 0, 0, 0, 0, 0, 0, 0, 0, 0, 0, 0, 0, 0, 0, 0, 0, 
    14, 251, 814, 0, 0, 0, 0, 0), .Dim = c(10L, 4L), .Dimnames = list(
        c("-5", "-3", "-2", "-1", "0", "1", "2", "3", "5", "6"
        ), c("A", "C", "G", "T"))))))
