Results <-
list(`bwaOutput/20210421msiMNRsJenny/1357_S113.sam` = list(IM49_SNP1 = list(
    All = list(Freqs = structure(c(0L, 0L, 0L, 1L, 0L, 0L, 0L, 
    2L, 135L, 2233L, 6270L, 128L, 0L, 112L, 19L, 43L, 2277L, 
    5618L, 103L, 1L, 56L, 0L, 1L, 49L, 528L, 13L, 0L, 0L), .Dim = c(7L, 
    4L), .Dimnames = structure(list(c("-3", "-2", "-1", "0", 
    "1", "2", NA), c("A", "C", "G", NA)), .Names = c("", "")), class = "table"), 
        N = 17589L), Tag.Distribution = structure(c(`1` = 319L, 
    `2` = 104L, `3` = 76L, `4` = 74L, `5` = 70L, `6` = 44L, `7` = 57L, 
    `8` = 59L, `9` = 47L, `10` = 61L, `11` = 45L, `12` = 33L, 
    `13` = 44L, `14` = 27L, `15` = 31L, `16` = 28L, `17` = 26L, 
    `18` = 39L, `19` = 39L, `20` = 25L, `21` = 20L, `22` = 12L, 
    `23` = 22L, `24` = 19L, `25` = 18L, `26` = 16L, `27` = 13L, 
    `28` = 13L, `29` = 8L, `30` = 8L, `31` = 4L, `32` = 8L, `33` = 12L, 
    `34` = 6L, `35` = 8L, `36` = 6L, `37` = 6L, `38` = 5L, `40` = 5L, 
    `41` = 3L, `42` = 3L, `43` = 6L, `44` = 2L, `45` = 5L, `46` = 1L, 
    `47` = 2L, `48` = 1L, `49` = 2L, `50` = 1L, `51` = 1L, `52` = 1L, 
    `54` = 3L, `55` = 3L, `56` = 1L, `59` = 3L, `60` = 2L, `61` = 1L, 
    `62` = 1L, `70` = 1L, `73` = 1L, `74` = 1L, `77` = 1L, `86` = 1L, 
    `87` = 1L, `97` = 1L), .Dim = 65L, .Dimnames = structure(list(
        c("1", "2", "3", "4", "5", "6", "7", "8", "9", "10", 
        "11", "12", "13", "14", "15", "16", "17", "18", "19", 
        "20", "21", "22", "23", "24", "25", "26", "27", "28", 
        "29", "30", "31", "32", "33", "34", "35", "36", "37", 
        "38", "40", "41", "42", "43", "44", "45", "46", "47", 
        "48", "49", "50", "51", "52", "54", "55", "56", "59", 
        "60", "61", "62", "70", "73", "74", "77", "86", "87", 
        "97")), .Names = ""), class = "table"), No.Tag = structure(c(0L, 
    0L, 0L, 0L, 0L, 0L, 0L, 0L, 3L, 107L, 148L, 1L, 0L, 4L, 0L, 
    0L, 51L, 120L, 4L, 0L, 4L, 0L, 0L, 1L, 24L, 1L, 0L, 0L), .Dim = c(7L, 
    4L), .Dimnames = structure(list(c("-3", "-2", "-1", "0", 
    "1", "2", NA), c("A", "C", "G", NA)), .Names = c("", "")), class = "table"), 
    All.Tags = list(Concordant = list(Freqs = structure(c(0, 
    0, 0, 0, 0, 0, 0, 2, 105, 337, 2, 0, 3, 0, 111, 294, 1, 0
    ), .Dim = c(6L, 3L), .Dimnames = list(c("-3", "-2", "-1", 
    "0", "1", "2"), c("A", "C", "G"))), N = 855), Majority = list(
        Freqs = structure(c(0, 0, 0, 0, 0, 0, 0, 6, 168, 555, 
        2, 0, 4, 1, 165, 484, 1, 0), .Dim = c(6L, 3L), .Dimnames = list(
            c("-3", "-2", "-1", "0", "1", "2"), c("A", "C", "G"
            ))), N = 1386)), `2` = structure(c(0, 0, 0, 0, 0, 
    0, 0, 4, 137, 459, 1, 0, 2, 1, 145, 401, 0, 0), .Dim = c(6L, 
    3L), .Dimnames = list(c("-3", "-2", "-1", "0", "1", "2"), 
        c("A", "C", "G"))))))
