Results <-
list(`bwaOutput/20210421msiMNRsJenny/1357_S113.sam` = list(GM07_SNP1 = list(
    All = list(Freqs = structure(c(0L, 0L, 2L, 3L, 0L, 0L, 0L, 
    1L, 105L, 2881L, 8782L, 249L, 5L, 224L, 0L, 54L, 808L, 10443L, 
    285L, 7L, 178L, 0L, 0L, 1L, 0L, 0L, 0L, 0L, 0L, 1L, 18L, 
    241L, 2L, 0L, 0L), .Dim = c(7L, 5L), .Dimnames = structure(list(
        c("-3", "-2", "-1", "0", "1", "2", NA), c("-", "A", "G", 
        "T", NA)), .Names = c("", "")), class = "table"), N = 24290L), 
    Tag.Distribution = structure(c(`1` = 236L, `2` = 41L, `3` = 22L, 
    `4` = 16L, `5` = 26L, `6` = 35L, `7` = 18L, `8` = 26L, `9` = 31L, 
    `10` = 27L, `11` = 29L, `12` = 27L, `13` = 36L, `14` = 23L, 
    `15` = 32L, `16` = 25L, `17` = 21L, `18` = 21L, `19` = 24L, 
    `20` = 20L, `21` = 17L, `22` = 18L, `23` = 22L, `24` = 16L, 
    `25` = 19L, `26` = 14L, `27` = 16L, `28` = 11L, `29` = 9L, 
    `30` = 13L, `31` = 17L, `32` = 9L, `33` = 6L, `34` = 4L, 
    `35` = 10L, `36` = 11L, `37` = 9L, `38` = 8L, `39` = 7L, 
    `40` = 11L, `41` = 7L, `42` = 18L, `43` = 6L, `44` = 13L, 
    `45` = 7L, `46` = 9L, `47` = 6L, `48` = 6L, `49` = 11L, `50` = 8L, 
    `51` = 6L, `52` = 5L, `53` = 8L, `54` = 3L, `55` = 3L, `56` = 5L, 
    `57` = 3L, `58` = 2L, `59` = 8L, `60` = 4L, `61` = 7L, `62` = 3L, 
    `63` = 4L, `64` = 3L, `65` = 3L, `66` = 4L, `67` = 1L, `68` = 1L, 
    `69` = 2L, `70` = 1L, `71` = 1L, `73` = 1L, `75` = 3L, `77` = 3L, 
    `78` = 1L, `79` = 2L, `80` = 1L, `81` = 1L, `82` = 1L, `83` = 3L, 
    `84` = 1L, `85` = 1L, `88` = 1L, `90` = 1L, `93` = 1L, `96` = 1L, 
    `98` = 1L, `100` = 1L, `101` = 1L, `103` = 1L), .Dim = 90L, .Dimnames = structure(list(
        c("1", "2", "3", "4", "5", "6", "7", "8", "9", "10", 
        "11", "12", "13", "14", "15", "16", "17", "18", "19", 
        "20", "21", "22", "23", "24", "25", "26", "27", "28", 
        "29", "30", "31", "32", "33", "34", "35", "36", "37", 
        "38", "39", "40", "41", "42", "43", "44", "45", "46", 
        "47", "48", "49", "50", "51", "52", "53", "54", "55", 
        "56", "57", "58", "59", "60", "61", "62", "63", "64", 
        "65", "66", "67", "68", "69", "70", "71", "73", "75", 
        "77", "78", "79", "80", "81", "82", "83", "84", "85", 
        "88", "90", "93", "96", "98", "100", "101", "103")), .Names = ""), class = "table"), 
    No.Tag = structure(c(0L, 0L, 0L, 1L, 0L, 0L, 0L, 0L, 1L, 
    125L, 238L, 6L, 0L, 31L, 0L, 1L, 16L, 281L, 8L, 0L, 31L, 
    0L, 0L, 1L, 0L, 0L, 0L, 0L, 0L, 0L, 0L, 25L, 0L, 0L, 0L), .Dim = c(7L, 
    5L), .Dimnames = structure(list(c("-3", "-2", "-1", "0", 
    "1", "2", NA), c("-", "A", "G", "T", NA)), .Names = c("", 
    "")), class = "table"), All.Tags = list(Concordant = list(
        Freqs = structure(c(0, 0, 0, 0, 0, 0, 0, 3, 63, 185, 
        2, 0, 0, 2, 21, 230, 1, 0, 0, 0, 0, 0, 0, 0), .Dim = c(6L, 
        4L), .Dimnames = list(c("-3", "-2", "-1", "0", "1", "2"
        ), c("-", "A", "G", "T"))), N = 507), Majority = list(
        Freqs = structure(c(0, 0, 0, 0, 0, 0, 0, 3, 123, 438, 
        2, 0, 0, 2, 30, 533, 1, 0, 0, 0, 0, 0, 0, 0), .Dim = c(6L, 
        4L), .Dimnames = list(c("-3", "-2", "-1", "0", "1", "2"
        ), c("-", "A", "G", "T"))), N = 1132)), `2` = structure(c(0, 
    0, 0, 0, 0, 0, 0, 1, 107, 361, 0, 0, 0, 1, 20, 443, 0, 0, 
    0, 0, 0, 0, 0, 0), .Dim = c(6L, 4L), .Dimnames = list(c("-3", 
    "-2", "-1", "0", "1", "2"), c("-", "A", "G", "T"))))))
