Results <-
list(`bwaOutput/20210421msiMNRsJenny/1357_S113.sam` = list(GM29_SNP1 = list(
    All = list(Freqs = structure(c(2L, 6L, 259L, 16578L, 43L, 
    1L, 17L, 0L, 0L, 0L, 1L, 0L, 0L, 0L, 0L, 0L, 2L, 13L, 0L, 
    0L, 1L, 0L, 0L, 3L, 126L, 1L, 0L, 0L), .Dim = c(7L, 4L), .Dimnames = structure(list(
        c("-3", "-2", "-1", "0", "1", "2", NA), c("A", "C", "G", 
        NA)), .Names = c("", "")), class = "table"), N = 17053L), 
    Tag.Distribution = structure(c(`1` = 125L, `2` = 36L, `3` = 27L, 
    `4` = 20L, `5` = 25L, `6` = 37L, `7` = 22L, `8` = 27L, `9` = 23L, 
    `10` = 24L, `11` = 18L, `12` = 20L, `13` = 24L, `14` = 17L, 
    `15` = 21L, `16` = 22L, `17` = 24L, `18` = 7L, `19` = 17L, 
    `20` = 14L, `21` = 19L, `22` = 8L, `23` = 16L, `24` = 7L, 
    `25` = 10L, `26` = 13L, `27` = 13L, `28` = 7L, `29` = 4L, 
    `30` = 6L, `31` = 7L, `32` = 14L, `33` = 11L, `34` = 8L, 
    `35` = 5L, `36` = 6L, `37` = 7L, `38` = 6L, `39` = 7L, `40` = 9L, 
    `41` = 7L, `42` = 8L, `43` = 4L, `44` = 5L, `45` = 6L, `46` = 5L, 
    `47` = 5L, `48` = 5L, `49` = 7L, `50` = 2L, `51` = 4L, `52` = 4L, 
    `53` = 4L, `54` = 5L, `55` = 3L, `56` = 1L, `57` = 3L, `58` = 2L, 
    `59` = 2L, `60` = 2L, `61` = 3L, `62` = 1L, `63` = 2L, `64` = 1L, 
    `65` = 1L, `66` = 3L, `67` = 2L, `68` = 3L, `69` = 1L, `70` = 1L, 
    `72` = 1L, `77` = 1L, `81` = 1L, `82` = 1L, `83` = 1L, `87` = 1L, 
    `91` = 2L, `93` = 1L, `98` = 2L, `104` = 1L, `109` = 1L, 
    `112` = 1L, `114` = 1L, `142` = 2L, `158` = 1L), .Dim = 85L, .Dimnames = structure(list(
        c("1", "2", "3", "4", "5", "6", "7", "8", "9", "10", 
        "11", "12", "13", "14", "15", "16", "17", "18", "19", 
        "20", "21", "22", "23", "24", "25", "26", "27", "28", 
        "29", "30", "31", "32", "33", "34", "35", "36", "37", 
        "38", "39", "40", "41", "42", "43", "44", "45", "46", 
        "47", "48", "49", "50", "51", "52", "53", "54", "55", 
        "56", "57", "58", "59", "60", "61", "62", "63", "64", 
        "65", "66", "67", "68", "69", "70", "72", "77", "81", 
        "82", "83", "87", "91", "93", "98", "104", "109", "112", 
        "114", "142", "158")), .Names = ""), class = "table"), 
    No.Tag = structure(c(1L, 1L, 1L, 293L, 1L, 0L, 0L, 0L, 0L, 
    0L, 0L, 0L, 0L, 0L, 0L, 0L, 0L, 0L, 0L, 0L, 0L, 0L, 0L, 0L, 
    7L, 0L, 0L, 0L), .Dim = c(7L, 4L), .Dimnames = structure(list(
        c("-3", "-2", "-1", "0", "1", "2", NA), c("A", "C", "G", 
        NA)), .Names = c("", "")), class = "table"), All.Tags = list(
        Concordant = list(Freqs = structure(c(0, 1, 8, 638, 0, 
        0, 0, 0, 0, 0, 0, 0, 0, 0, 1, 2, 0, 0), .Dim = c(6L, 
        3L), .Dimnames = list(c("-3", "-2", "-1", "0", "1", "2"
        ), c("A", "C", "G"))), N = 650), Majority = list(Freqs = structure(c(0, 
        1, 8, 829, 0, 0, 0, 0, 0, 0, 0, 0, 0, 0, 1, 2, 0, 0), .Dim = c(6L, 
        3L), .Dimnames = list(c("-3", "-2", "-1", "0", "1", "2"
        ), c("A", "C", "G"))), N = 841)), `2` = structure(c(0, 
    0, 3, 723, 0, 0, 0, 0, 0, 0, 0, 0, 0, 0, 0, 0, 0, 0), .Dim = c(6L, 
    3L), .Dimnames = list(c("-3", "-2", "-1", "0", "1", "2"), 
        c("A", "C", "G"))))))
