Results <-
list(`bwaOutput/20210421msiMNRsJenny/1359_S112.sam` = list(IM16_SNP1 = list(
    All = list(Freqs = structure(c(1L, 13L, 2184L, 19L, 1L, 0L, 
    0L, 136L, 0L, 0L, 0L, 0L, 28L, 0L, 0L), .Dim = c(5L, 3L), .Dimnames = structure(list(
        c("-2", "-1", "0", "1", NA), c("A", "G", NA)), .Names = c("", 
    "")), class = "table"), N = 2382L), Tag.Distribution = structure(c(`1` = 33L, 
    `2` = 2L, `16` = 1L, `23` = 1L, `25` = 1L, `26` = 1L, `31` = 1L, 
    `33` = 1L, `54` = 1L, `73` = 1L, `75` = 1L, `80` = 1L, `87` = 1L, 
    `91` = 1L, `92` = 1L, `120` = 1L, `128` = 1L, `133` = 1L, 
    `134` = 1L, `136` = 1L, `142` = 1L, `173` = 1L, `180` = 1L, 
    `197` = 1L, `275` = 1L), .Dim = 25L, .Dimnames = structure(list(
        c("1", "2", "16", "23", "25", "26", "31", "33", "54", 
        "73", "75", "80", "87", "91", "92", "120", "128", "133", 
        "134", "136", "142", "173", "180", "197", "275")), .Names = ""), class = "table"), 
    No.Tag = structure(c(0L, 0L, 17L, 0L, 0L, 0L, 0L, 1L, 0L, 
    0L, 0L, 0L, 3L, 0L, 0L), .Dim = c(5L, 3L), .Dimnames = structure(list(
        c("-2", "-1", "0", "1", NA), c("A", "G", NA)), .Names = c("", 
    "")), class = "table"), All.Tags = list(Concordant = list(
        Freqs = structure(c(0, 0, 33, 0, 0, 0, 7, 0), .Dim = c(4L, 
        2L), .Dimnames = list(c("-2", "-1", "0", "1"), c("A", 
        "G"))), N = 40), Majority = list(Freqs = structure(c(0, 
    0, 48, 0, 0, 0, 7, 0), .Dim = c(4L, 2L), .Dimnames = list(
        c("-2", "-1", "0", "1"), c("A", "G"))), N = 55)), `2` = structure(c(0, 
    0, 24, 0, 0, 0, 1, 0), .Dim = c(4L, 2L), .Dimnames = list(
        c("-2", "-1", "0", "1"), c("A", "G"))))))
