Results <-
list(`bwaOutput/20210421msiMNRsJenny/1359_S112.sam` = list(GM09_SNP1 = list(
    All = list(Freqs = structure(c(0L, 27L, 1736L, 3L, 1L, 1L, 
    11L, 2186L, 6L, 1L, 0L, 0L, 1L, 0L, 0L, 0L, 0L, 14L, 0L, 
    0L), .Dim = 5:4, .Dimnames = structure(list(c("-2", "-1", 
    "0", "1", NA), c("A", "G", "T", NA)), .Names = c("", "")), class = "table"), 
        N = 3987L), Tag.Distribution = structure(c(`1` = 71L, 
    `2` = 4L, `4` = 1L, `11` = 2L, `23` = 1L, `26` = 1L, `27` = 1L, 
    `29` = 1L, `38` = 2L, `39` = 1L, `40` = 1L, `42` = 1L, `54` = 1L, 
    `58` = 1L, `60` = 1L, `61` = 1L, `69` = 1L, `75` = 1L, `76` = 1L, 
    `81` = 1L, `82` = 1L, `88` = 1L, `89` = 1L, `91` = 1L, `92` = 2L, 
    `93` = 1L, `98` = 1L, `111` = 1L, `115` = 1L, `124` = 1L, 
    `128` = 1L, `130` = 1L, `135` = 1L, `138` = 1L, `160` = 1L, 
    `163` = 1L, `169` = 1L, `206` = 1L, `215` = 1L, `224` = 1L, 
    `228` = 1L), .Dim = 41L, .Dimnames = structure(list(c("1", 
    "2", "4", "11", "23", "26", "27", "29", "38", "39", "40", 
    "42", "54", "58", "60", "61", "69", "75", "76", "81", "82", 
    "88", "89", "91", "92", "93", "98", "111", "115", "124", 
    "128", "130", "135", "138", "160", "163", "169", "206", "215", 
    "224", "228")), .Names = ""), class = "table"), No.Tag = structure(c(0L, 
    0L, 12L, 0L, 0L, 0L, 0L, 62L, 0L, 0L, 0L, 0L, 0L, 0L, 0L, 
    0L, 0L, 1L, 0L, 0L), .Dim = 5:4, .Dimnames = structure(list(
        c("-2", "-1", "0", "1", NA), c("A", "G", "T", NA)), .Names = c("", 
    "")), class = "table"), All.Tags = list(Concordant = list(
        Freqs = structure(c(0, 0, 43, 0, 0, 0, 55, 0, 0, 0, 0, 
        0), .Dim = 4:3, .Dimnames = list(c("-2", "-1", "0", "1"
        ), c("A", "G", "T"))), N = 98), Majority = list(Freqs = structure(c(0, 
    0, 50, 0, 0, 0, 64, 0, 0, 0, 0, 0), .Dim = 4:3, .Dimnames = list(
        c("-2", "-1", "0", "1"), c("A", "G", "T"))), N = 114)), 
    `2` = structure(c(0, 0, 23, 0, 0, 0, 23, 0, 0, 0, 0, 0), .Dim = 4:3, .Dimnames = list(
        c("-2", "-1", "0", "1"), c("A", "G", "T"))))))
