Results <-
list(`bwaOutput/20210421msiMNRsJenny/1359_S112.sam` = list(LR40_SNP1 = list(
    All = list(Freqs = structure(c(0L, 5L, 794L, 4L, 1L, 3L, 
    10L, 1185L, 5L, 1L, 0L, 0L, 11L, 0L, 0L), .Dim = c(5L, 3L
    ), .Dimnames = structure(list(c("-2", "-1", "0", "1", NA), 
        c("A", "C", NA)), .Names = c("", "")), class = "table"), 
        N = 2019L), Tag.Distribution = structure(c(`1` = 17L, 
    `3` = 1L, `14` = 1L, `17` = 1L, `20` = 1L, `24` = 1L, `26` = 1L, 
    `31` = 1L, `33` = 1L, `43` = 1L, `48` = 1L, `49` = 1L, `51` = 1L, 
    `54` = 1L, `66` = 1L, `73` = 1L, `76` = 1L, `83` = 1L, `85` = 1L, 
    `87` = 2L, `88` = 1L, `94` = 1L, `98` = 1L, `114` = 1L, `153` = 2L, 
    `155` = 1L, `170` = 1L), .Dim = 27L, .Dimnames = structure(list(
        c("1", "3", "14", "17", "20", "24", "26", "31", "33", 
        "43", "48", "49", "51", "54", "66", "73", "76", "83", 
        "85", "87", "88", "94", "98", "114", "153", "155", "170"
        )), .Names = ""), class = "table"), No.Tag = structure(c(0L, 
    0L, 2L, 0L, 0L, 0L, 0L, 5L, 0L, 0L, 0L, 0L, 0L, 0L, 0L), .Dim = c(5L, 
    3L), .Dimnames = structure(list(c("-2", "-1", "0", "1", NA
    ), c("A", "C", NA)), .Names = c("", "")), class = "table"), 
    All.Tags = list(Concordant = list(Freqs = structure(c(0, 
    0, 14, 0, 0, 0, 15, 0), .Dim = c(4L, 2L), .Dimnames = list(
        c("-2", "-1", "0", "1"), c("A", "C"))), N = 29), Majority = list(
        Freqs = structure(c(0, 0, 20, 0, 0, 0, 25, 0), .Dim = c(4L, 
        2L), .Dimnames = list(c("-2", "-1", "0", "1"), c("A", 
        "C"))), N = 45)), `2` = structure(c(0, 0, 14, 0, 0, 0, 
    14, 0), .Dim = c(4L, 2L), .Dimnames = list(c("-2", "-1", 
    "0", "1"), c("A", "C"))))))
