Results <-
list(`bwaOutput/20210421msiMNRsJenny/1359_S112.sam` = list(LR24_SNP1 = list(
    All = list(Freqs = structure(c(1L, 21L, 4146L, 13L, 7L, 0L, 
    0L, 7L, 1L, 0L, 0L, 0L, 14L, 0L, 0L), .Dim = c(5L, 3L), .Dimnames = structure(list(
        c("-2", "-1", "0", "1", NA), c("A", "G", NA)), .Names = c("", 
    "")), class = "table"), N = 4210L), Tag.Distribution = structure(c(`1` = 59L, 
    `2` = 3L, `3` = 1L, `4` = 5L, `6` = 5L, `7` = 2L, `8` = 2L, 
    `9` = 2L, `10` = 1L, `11` = 1L, `12` = 1L, `13` = 2L, `15` = 2L, 
    `16` = 3L, `17` = 1L, `19` = 1L, `20` = 1L, `21` = 3L, `22` = 2L, 
    `23` = 1L, `24` = 3L, `25` = 1L, `27` = 1L, `28` = 2L, `29` = 2L, 
    `32` = 2L, `33` = 3L, `35` = 2L, `37` = 1L, `38` = 3L, `40` = 1L, 
    `42` = 1L, `44` = 2L, `45` = 1L, `47` = 1L, `53` = 1L, `55` = 1L, 
    `56` = 1L, `58` = 1L, `59` = 1L, `61` = 1L, `62` = 3L, `63` = 1L, 
    `64` = 1L, `66` = 1L, `69` = 2L, `70` = 1L, `79` = 1L, `80` = 1L, 
    `83` = 1L, `84` = 2L, `86` = 1L, `94` = 1L, `100` = 1L, `104` = 1L, 
    `105` = 1L, `106` = 1L, `114` = 1L, `120` = 1L, `137` = 1L, 
    `213` = 1L, `244` = 1L), .Dim = 62L, .Dimnames = structure(list(
        c("1", "2", "3", "4", "6", "7", "8", "9", "10", "11", 
        "12", "13", "15", "16", "17", "19", "20", "21", "22", 
        "23", "24", "25", "27", "28", "29", "32", "33", "35", 
        "37", "38", "40", "42", "44", "45", "47", "53", "55", 
        "56", "58", "59", "61", "62", "63", "64", "66", "69", 
        "70", "79", "80", "83", "84", "86", "94", "100", "104", 
        "105", "106", "114", "120", "137", "213", "244")), .Names = ""), class = "table"), 
    No.Tag = structure(c(0L, 0L, 74L, 1L, 0L, 0L, 0L, 0L, 0L, 
    0L, 0L, 0L, 0L, 0L, 0L), .Dim = c(5L, 3L), .Dimnames = structure(list(
        c("-2", "-1", "0", "1", NA), c("A", "G", NA)), .Names = c("", 
    "")), class = "table"), All.Tags = list(Concordant = list(
        Freqs = structure(c(0, 0, 120, 0, 0, 0, 5, 1), .Dim = c(4L, 
        2L), .Dimnames = list(c("-2", "-1", "0", "1"), c("A", 
        "G"))), N = 126), Majority = list(Freqs = structure(c(0, 
    0, 145, 0, 0, 0, 5, 1), .Dim = c(4L, 2L), .Dimnames = list(
        c("-2", "-1", "0", "1"), c("A", "G"))), N = 151)), `2` = structure(c(0, 
    0, 96, 0, 0, 0, 0, 0), .Dim = c(4L, 2L), .Dimnames = list(
        c("-2", "-1", "0", "1"), c("A", "G"))))))
