Results <-
list(`bwaOutput/20210421msiMNRsJenny/1359_S112.sam` = list(GM01_SNP1 = list(
    All = list(Freqs = structure(c(1L, 71L, 3983L, 21L, 6L, 0L, 
    3L, 256L, 5L, 0L, 0L, 1L, 37L, 0L, 0L), .Dim = c(5L, 3L), .Dimnames = structure(list(
        c("-2", "-1", "0", "1", NA), c("A", "G", NA)), .Names = c("", 
    "")), class = "table"), N = 4384L), Tag.Distribution = structure(c(`1` = 52L, 
    `2` = 3L, `7` = 1L, `8` = 1L, `16` = 1L, `18` = 1L, `30` = 1L, 
    `39` = 2L, `41` = 1L, `44` = 1L, `47` = 1L, `48` = 1L, `55` = 2L, 
    `65` = 1L, `69` = 1L, `71` = 2L, `75` = 1L, `76` = 2L, `80` = 1L, 
    `81` = 1L, `82` = 1L, `84` = 1L, `115` = 1L, `145` = 1L, 
    `151` = 1L, `152` = 2L, `161` = 1L, `172` = 1L, `190` = 1L, 
    `193` = 1L, `202` = 1L, `219` = 1L, `220` = 1L, `242` = 1L, 
    `260` = 1L, `261` = 1L), .Dim = 36L, .Dimnames = structure(list(
        c("1", "2", "7", "8", "16", "18", "30", "39", "41", "44", 
        "47", "48", "55", "65", "69", "71", "75", "76", "80", 
        "81", "82", "84", "115", "145", "151", "152", "161", 
        "172", "190", "193", "202", "219", "220", "242", "260", 
        "261")), .Names = ""), class = "table"), No.Tag = structure(c(0L, 
    3L, 204L, 2L, 1L, 0L, 0L, 0L, 0L, 0L, 0L, 0L, 4L, 0L, 0L), .Dim = c(5L, 
    3L), .Dimnames = structure(list(c("-2", "-1", "0", "1", NA
    ), c("A", "G", NA)), .Names = c("", "")), class = "table"), 
    All.Tags = list(Concordant = list(Freqs = structure(c(0, 
    2, 54, 0, 0, 0, 5, 0), .Dim = c(4L, 2L), .Dimnames = list(
        c("-2", "-1", "0", "1"), c("A", "G"))), N = 61), Majority = list(
        Freqs = structure(c(0, 2, 84, 0, 0, 0, 6, 0), .Dim = c(4L, 
        2L), .Dimnames = list(c("-2", "-1", "0", "1"), c("A", 
        "G"))), N = 92)), `2` = structure(c(0, 0, 41, 0, 0, 0, 
    1, 0), .Dim = c(4L, 2L), .Dimnames = list(c("-2", "-1", "0", 
    "1"), c("A", "G"))))))
