Results <-
list(`bwaOutput/20210421msiMNRsJenny/1359_S112.sam` = list(GM17_SNP1 = list(
    All = list(Freqs = structure(c(18L, 1715L, 5L, 0L, 74L, 2964L, 
    9L, 2L, 2L, 27L, 0L, 0L), .Dim = 4:3, .Dimnames = structure(list(
        c("-1", "0", "1", NA), c("C", "T", NA)), .Names = c("", 
    "")), class = "table"), N = 4816L), Tag.Distribution = structure(c(`1` = 61L, 
    `2` = 2L, `4` = 1L, `7` = 1L, `10` = 2L, `14` = 1L, `29` = 1L, 
    `30` = 1L, `31` = 1L, `33` = 1L, `35` = 2L, `36` = 3L, `37` = 1L, 
    `38` = 1L, `42` = 1L, `43` = 1L, `44` = 1L, `45` = 1L, `49` = 2L, 
    `53` = 2L, `55` = 1L, `61` = 2L, `64` = 1L, `65` = 2L, `66` = 1L, 
    `71` = 1L, `72` = 1L, `77` = 1L, `82` = 1L, `90` = 1L, `92` = 1L, 
    `93` = 1L, `95` = 1L, `97` = 2L, `100` = 1L, `105` = 1L, 
    `116` = 1L, `125` = 1L, `150` = 1L, `161` = 1L, `166` = 1L, 
    `176` = 1L, `182` = 1L, `187` = 1L, `196` = 1L, `206` = 1L, 
    `207` = 1L, `233` = 1L, `256` = 1L), .Dim = 49L, .Dimnames = structure(list(
        c("1", "2", "4", "7", "10", "14", "29", "30", "31", "33", 
        "35", "36", "37", "38", "42", "43", "44", "45", "49", 
        "53", "55", "61", "64", "65", "66", "71", "72", "77", 
        "82", "90", "92", "93", "95", "97", "100", "105", "116", 
        "125", "150", "161", "166", "176", "182", "187", "196", 
        "206", "207", "233", "256")), .Names = ""), class = "table"), 
    No.Tag = structure(c(1L, 57L, 0L, 0L, 3L, 20L, 0L, 0L, 0L, 
    2L, 0L, 0L), .Dim = 4:3, .Dimnames = structure(list(c("-1", 
    "0", "1", NA), c("C", "T", NA)), .Names = c("", "")), class = "table"), 
    All.Tags = list(Concordant = list(Freqs = structure(c(0, 
    23, 0, 2, 55, 0), .Dim = 3:2, .Dimnames = list(c("-1", "0", 
    "1"), c("C", "T"))), N = 80), Majority = list(Freqs = structure(c(0, 
    34, 0, 2, 75, 0), .Dim = 3:2, .Dimnames = list(c("-1", "0", 
    "1"), c("C", "T"))), N = 111)), `2` = structure(c(0, 21, 
    0, 1, 36, 0), .Dim = 3:2, .Dimnames = list(c("-1", "0", "1"
    ), c("C", "T"))))))
