Results <-
list(`bwaOutput/20210421msiMNRsJenny/1359_S112.sam` = list(GM07_SNP1 = list(
    All = list(Freqs = structure(c(0L, 73L, 1505L, 24L, 0L, 34L, 
    1L, 137L, 1114L, 31L, 1L, 33L, 0L, 2L, 37L, 0L, 0L, 0L), .Dim = c(6L, 
    3L), .Dimnames = structure(list(c("-2", "-1", "0", "1", "2", 
    NA), c("A", "G", NA)), .Names = c("", "")), class = "table"), 
        N = 2992L), Tag.Distribution = structure(c(`1` = 37L, 
    `2` = 2L, `8` = 1L, `16` = 1L, `24` = 1L, `25` = 1L, `27` = 1L, 
    `33` = 1L, `46` = 1L, `54` = 1L, `85` = 1L, `86` = 1L, `90` = 1L, 
    `91` = 1L, `95` = 1L, `98` = 1L, `99` = 2L, `107` = 1L, `129` = 1L, 
    `137` = 1L, `144` = 1L, `163` = 1L, `176` = 1L, `178` = 1L, 
    `191` = 1L, `195` = 1L, `221` = 1L, `233` = 1L), .Dim = 28L, .Dimnames = structure(list(
        c("1", "2", "8", "16", "24", "25", "27", "33", "46", 
        "54", "85", "86", "90", "91", "95", "98", "99", "107", 
        "129", "137", "144", "163", "176", "178", "191", "195", 
        "221", "233")), .Names = ""), class = "table"), No.Tag = structure(c(0L, 
    5L, 63L, 0L, 0L, 12L, 0L, 1L, 14L, 0L, 0L, 4L, 0L, 0L, 2L, 
    0L, 0L, 0L), .Dim = c(6L, 3L), .Dimnames = structure(list(
        c("-2", "-1", "0", "1", "2", NA), c("A", "G", NA)), .Names = c("", 
    "")), class = "table"), All.Tags = list(Concordant = list(
        Freqs = structure(c(0, 0, 22, 0, 0, 0, 1, 13, 0, 0), .Dim = c(5L, 
        2L), .Dimnames = list(c("-2", "-1", "0", "1", "2"), c("A", 
        "G"))), N = 36), Majority = list(Freqs = structure(c(0, 
    0, 36, 0, 0, 0, 2, 23, 0, 0), .Dim = c(5L, 2L), .Dimnames = list(
        c("-2", "-1", "0", "1", "2"), c("A", "G"))), N = 61)), 
    `2` = structure(c(0, 0, 15, 0, 0, 0, 1, 12, 0, 0), .Dim = c(5L, 
    2L), .Dimnames = list(c("-2", "-1", "0", "1", "2"), c("A", 
    "G"))))))
