Results <-
list(`bwaOutput/20210421msiMNRsJenny/1359_S112.sam` = list(LR49_SNP1 = list(
    All = list(Freqs = structure(c(378L, 1290L, 5L, 2L, 1045L, 
    2L, 1L, 0L, 0L, 4L, 14L, 0L), .Dim = 3:4, .Dimnames = structure(list(
        c("-1", "0", NA), c("A", "G", "T", NA)), .Names = c("", 
    "")), class = "table"), N = 2741L), Tag.Distribution = structure(c(`1` = 30L, 
    `2` = 4L, `7` = 1L, `12` = 2L, `14` = 1L, `16` = 1L, `17` = 1L, 
    `18` = 1L, `20` = 1L, `21` = 4L, `23` = 1L, `31` = 1L, `32` = 1L, 
    `33` = 1L, `34` = 1L, `36` = 1L, `47` = 1L, `50` = 2L, `52` = 1L, 
    `55` = 1L, `57` = 1L, `63` = 1L, `66` = 1L, `67` = 1L, `68` = 1L, 
    `77` = 1L, `80` = 1L, `82` = 1L, `86` = 1L, `97` = 2L, `99` = 1L, 
    `100` = 1L, `125` = 1L, `139` = 1L, `140` = 1L, `230` = 1L, 
    `335` = 1L), .Dim = 37L, .Dimnames = structure(list(c("1", 
    "2", "7", "12", "14", "16", "17", "18", "20", "21", "23", 
    "31", "32", "33", "34", "36", "47", "50", "52", "55", "57", 
    "63", "66", "67", "68", "77", "80", "82", "86", "97", "99", 
    "100", "125", "139", "140", "230", "335")), .Names = ""), class = "table"), 
    No.Tag = structure(c(2L, 37L, 0L, 0L, 12L, 0L, 0L, 0L, 0L, 
    0L, 1L, 0L), .Dim = 3:4, .Dimnames = structure(list(c("-1", 
    "0", NA), c("A", "G", "T", NA)), .Names = c("", "")), class = "table"), 
    All.Tags = list(Concordant = list(Freqs = structure(c(8, 
    27, 0, 32, 0, 0), .Dim = 2:3, .Dimnames = list(c("-1", "0"
    ), c("A", "G", "T"))), N = 67), Majority = list(Freqs = structure(c(9, 
    30, 0, 34, 0, 0), .Dim = 2:3, .Dimnames = list(c("-1", "0"
    ), c("A", "G", "T"))), N = 73)), `2` = structure(c(9, 17, 
    0, 19, 0, 0), .Dim = 2:3, .Dimnames = list(c("-1", "0"), 
        c("A", "G", "T"))))))
