Results <-
list(`bwaOutput/20210421msiMNRsJenny/1359_S112.sam` = list(GM22_SNP1 = list(
    All = list(Freqs = structure(c(0L, 16L, 1445L, 4L, 3L, 2L, 
    25L, 1976L, 2L, 3L, 0L, 1L, 45L, 1L, 0L), .Dim = c(5L, 3L
    ), .Dimnames = structure(list(c("-2", "-1", "0", "1", NA), 
        c("A", "G", NA)), .Names = c("", "")), class = "table"), 
        N = 3523L), Tag.Distribution = structure(c(`1` = 40L, 
    `2` = 1L, `3` = 1L, `4` = 1L, `11` = 1L, `28` = 2L, `36` = 1L, 
    `38` = 1L, `45` = 1L, `46` = 1L, `47` = 1L, `48` = 1L, `55` = 1L, 
    `59` = 1L, `61` = 1L, `65` = 1L, `67` = 1L, `71` = 2L, `97` = 1L, 
    `102` = 1L, `104` = 1L, `114` = 1L, `169` = 1L, `199` = 1L, 
    `207` = 1L, `214` = 1L, `224` = 1L, `235` = 1L, `242` = 1L, 
    `273` = 1L, `277` = 1L), .Dim = 31L, .Dimnames = structure(list(
        c("1", "2", "3", "4", "11", "28", "36", "38", "45", "46", 
        "47", "48", "55", "59", "61", "65", "67", "71", "97", 
        "102", "104", "114", "169", "199", "207", "214", "224", 
        "235", "242", "273", "277")), .Names = ""), class = "table"), 
    No.Tag = structure(c(0L, 0L, 8L, 0L, 0L, 0L, 2L, 224L, 0L, 
    1L, 0L, 0L, 6L, 0L, 0L), .Dim = c(5L, 3L), .Dimnames = structure(list(
        c("-2", "-1", "0", "1", NA), c("A", "G", NA)), .Names = c("", 
    "")), class = "table"), All.Tags = list(Concordant = list(
        Freqs = structure(c(0, 0, 23, 0, 0, 1, 19, 0), .Dim = c(4L, 
        2L), .Dimnames = list(c("-2", "-1", "0", "1"), c("A", 
        "G"))), N = 43), Majority = list(Freqs = structure(c(0, 
    0, 32, 0, 0, 1, 32, 0), .Dim = c(4L, 2L), .Dimnames = list(
        c("-2", "-1", "0", "1"), c("A", "G"))), N = 65)), `2` = structure(c(0, 
    0, 12, 0, 0, 0, 19, 0), .Dim = c(4L, 2L), .Dimnames = list(
        c("-2", "-1", "0", "1"), c("A", "G"))))))
