Results <-
list(`bwaOutput/20210421msiMNRsJenny/1359_S112.sam` = list(LR11_SNP1 = list(
    All = list(Freqs = structure(c(1L, 70L, 2008L, 18L, 4L, 3L, 
    42L, 1169L, 6L, 9L, 0L, 3L, 31L, 0L, 0L), .Dim = c(5L, 3L
    ), .Dimnames = structure(list(c("-2", "-1", "0", "1", NA), 
        c("A", "C", NA)), .Names = c("", "")), class = "table"), 
        N = 3364L), Tag.Distribution = structure(c(`1` = 51L, 
    `2` = 2L, `3` = 1L, `7` = 1L, `9` = 2L, `19` = 1L, `26` = 1L, 
    `27` = 1L, `34` = 1L, `68` = 1L, `78` = 2L, `82` = 1L, `95` = 1L, 
    `106` = 1L, `108` = 1L, `111` = 1L, `112` = 1L, `115` = 1L, 
    `117` = 1L, `122` = 1L, `127` = 1L, `143` = 1L, `162` = 2L, 
    `167` = 1L, `170` = 1L, `188` = 1L, `200` = 1L, `210` = 1L, 
    `222` = 1L, `224` = 1L), .Dim = 30L, .Dimnames = structure(list(
        c("1", "2", "3", "7", "9", "19", "26", "27", "34", "68", 
        "78", "82", "95", "106", "108", "111", "112", "115", 
        "117", "122", "127", "143", "162", "167", "170", "188", 
        "200", "210", "222", "224")), .Names = ""), class = "table"), 
    No.Tag = structure(c(0L, 1L, 3L, 0L, 0L, 0L, 0L, 1L, 0L, 
    1L, 0L, 0L, 2L, 0L, 0L), .Dim = c(5L, 3L), .Dimnames = structure(list(
        c("-2", "-1", "0", "1", NA), c("A", "C", NA)), .Names = c("", 
    "")), class = "table"), All.Tags = list(Concordant = list(
        Freqs = structure(c(0, 1, 34, 0, 0, 1, 17, 0), .Dim = c(4L, 
        2L), .Dimnames = list(c("-2", "-1", "0", "1"), c("A", 
        "C"))), N = 53), Majority = list(Freqs = structure(c(0, 
    1, 49, 0, 0, 1, 26, 0), .Dim = c(4L, 2L), .Dimnames = list(
        c("-2", "-1", "0", "1"), c("A", "C"))), N = 77)), `2` = structure(c(0, 
    0, 20, 0, 0, 0, 13, 0), .Dim = c(4L, 2L), .Dimnames = list(
        c("-2", "-1", "0", "1"), c("A", "C"))))))
