Results <-
list(`bwaOutput/20210421msiMNRsJenny/1359_S112.sam` = list(LR48_SNP1 = list(
    All = list(Freqs = structure(c(7L, 1013L, 41L, 1730L, 29L, 
    19L, 0L, 0L, 0L, 98L, 0L, 5L, 0L, 1L, 1L, 35L, 0L, 0L), .Dim = c(6L, 
    3L), .Dimnames = structure(list(c("-3", "-2", "-1", "0", 
    "1", NA), c("C", "T", NA)), .Names = c("", "")), class = "table"), 
        N = 2979L), Tag.Distribution = structure(c(`1` = 29L, 
    `2` = 1L, `19` = 1L, `22` = 1L, `41` = 1L, `54` = 1L, `64` = 1L, 
    `69` = 1L, `71` = 1L, `84` = 1L, `85` = 1L, `90` = 1L, `102` = 1L, 
    `108` = 1L, `130` = 1L, `146` = 1L, `162` = 1L, `198` = 1L, 
    `239` = 1L, `282` = 1L, `285` = 1L, `289` = 1L, `295` = 1L
    ), .Dim = 23L, .Dimnames = structure(list(c("1", "2", "19", 
    "22", "41", "54", "64", "69", "71", "84", "85", "90", "102", 
    "108", "130", "146", "162", "198", "239", "282", "285", "289", 
    "295")), .Names = ""), class = "table"), No.Tag = structure(c(0L, 
    4L, 0L, 5L, 0L, 0L, 0L, 0L, 0L, 98L, 0L, 5L, 0L, 0L, 0L, 
    1L, 0L, 0L), .Dim = c(6L, 3L), .Dimnames = structure(list(
        c("-3", "-2", "-1", "0", "1", NA), c("C", "T", NA)), .Names = c("", 
    "")), class = "table"), All.Tags = list(Concordant = list(
        Freqs = structure(c(0, 9, 1, 15, 0, 0, 0, 0, 0, 0), .Dim = c(5L, 
        2L), .Dimnames = list(c("-3", "-2", "-1", "0", "1"), 
            c("C", "T"))), N = 25), Majority = list(Freqs = structure(c(0, 
    13, 1, 30, 0, 0, 0, 0, 0, 0), .Dim = c(5L, 2L), .Dimnames = list(
        c("-3", "-2", "-1", "0", "1"), c("C", "T"))), N = 44)), 
    `2` = structure(c(0, 4, 0, 18, 0, 0, 0, 0, 0, 0), .Dim = c(5L, 
    2L), .Dimnames = list(c("-3", "-2", "-1", "0", "1"), c("C", 
    "T"))))))
