Results <-
list(`bwaOutput/20210421msiMNRsJenny/1359_S112.sam` = list(GM14_SNP1 = list(
    All = list(Freqs = structure(c(0L, 0L, 1L, 0L, 0L, 0L, 2L, 
    66L, 2073L, 8L, 0L, 6L, 1L, 42L, 2205L, 10L, 1L, 2L, 0L, 
    0L, 47L, 1L, 0L, 0L), .Dim = c(6L, 4L), .Dimnames = structure(list(
        c("-2", "-1", "0", "1", "2", NA), c("A", "C", "T", NA
        )), .Names = c("", "")), class = "table"), N = 4465L), 
    Tag.Distribution = structure(c(`1` = 43L, `2` = 1L, `3` = 1L, 
    `4` = 2L, `5` = 1L, `9` = 1L, `13` = 1L, `15` = 2L, `22` = 1L, 
    `26` = 1L, `28` = 1L, `39` = 1L, `42` = 1L, `47` = 1L, `50` = 1L, 
    `51` = 1L, `53` = 1L, `55` = 1L, `75` = 1L, `83` = 1L, `94` = 1L, 
    `97` = 1L, `98` = 1L, `102` = 2L, `106` = 1L, `111` = 1L, 
    `124` = 1L, `131` = 1L, `139` = 1L, `148` = 1L, `152` = 1L, 
    `153` = 1L, `161` = 1L, `168` = 1L, `185` = 1L, `186` = 1L, 
    `201` = 1L, `203` = 1L, `213` = 2L, `214` = 1L, `226` = 1L, 
    `233` = 1L), .Dim = 42L, .Dimnames = structure(list(c("1", 
    "2", "3", "4", "5", "9", "13", "15", "22", "26", "28", "39", 
    "42", "47", "50", "51", "53", "55", "75", "83", "94", "97", 
    "98", "102", "106", "111", "124", "131", "139", "148", "152", 
    "153", "161", "168", "185", "186", "201", "203", "213", "214", 
    "226", "233")), .Names = ""), class = "table"), No.Tag = structure(c(0L, 
    0L, 0L, 0L, 0L, 0L, 0L, 0L, 7L, 0L, 0L, 0L, 0L, 0L, 12L, 
    0L, 0L, 0L, 0L, 0L, 2L, 0L, 0L, 0L), .Dim = c(6L, 4L), .Dimnames = structure(list(
        c("-2", "-1", "0", "1", "2", NA), c("A", "C", "T", NA
        )), .Names = c("", "")), class = "table"), All.Tags = list(
        Concordant = list(Freqs = structure(c(0, 0, 0, 0, 0, 
        1, 0, 29, 0, 0, 0, 1, 19, 0, 0), .Dim = c(5L, 3L), .Dimnames = list(
            c("-2", "-1", "0", "1", "2"), c("A", "C", "T"))), 
            N = 50), Majority = list(Freqs = structure(c(0, 0, 
        0, 0, 0, 1, 0, 46, 0, 0, 0, 1, 35, 0, 0), .Dim = c(5L, 
        3L), .Dimnames = list(c("-2", "-1", "0", "1", "2"), c("A", 
        "C", "T"))), N = 83)), `2` = structure(c(0, 0, 0, 0, 
    0, 0, 0, 25, 0, 0, 0, 0, 20, 0, 0), .Dim = c(5L, 3L), .Dimnames = list(
        c("-2", "-1", "0", "1", "2"), c("A", "C", "T"))))))
