Results <-
list(`bwaOutput/20210421msiMNRsJenny/1359_S112.sam` = list(LR52_SNP1 = list(
    All = list(Freqs = structure(c(4L, 26L, 314L, 589L, 3L, 24L, 
    0L, 2L, 41L, 411L, 0L, 2L, 0L, 1L, 19L, 216L, 3L, 0L), .Dim = c(6L, 
    3L), .Dimnames = structure(list(c("-3", "-2", "-1", "0", 
    "1", NA), c("C", "T", NA)), .Names = c("", "")), class = "table"), 
        N = 1655L), Tag.Distribution = structure(c(`1` = 18L, 
    `2` = 1L, `3` = 1L, `21` = 1L, `25` = 1L, `27` = 1L, `35` = 1L, 
    `36` = 1L, `53` = 1L, `80` = 1L, `86` = 1L, `99` = 1L, `153` = 1L, 
    `166` = 1L, `169` = 1L, `182` = 1L, `203` = 1L, `290` = 1L
    ), .Dim = 18L, .Dimnames = structure(list(c("1", "2", "3", 
    "21", "25", "27", "35", "36", "53", "80", "86", "99", "153", 
    "166", "169", "182", "203", "290")), .Names = ""), class = "table"), 
    No.Tag = structure(c(0L, 0L, 0L, 2L, 0L, 0L, 0L, 0L, 0L, 
    4L, 0L, 0L, 0L, 0L, 0L, 1L, 0L, 0L), .Dim = c(6L, 3L), .Dimnames = structure(list(
        c("-3", "-2", "-1", "0", "1", NA), c("C", "T", NA)), .Names = c("", 
    "")), class = "table"), All.Tags = list(Concordant = list(
        Freqs = structure(c(0, 0, 1, 7, 0, 0, 0, 1, 7, 0), .Dim = c(5L, 
        2L), .Dimnames = list(c("-3", "-2", "-1", "0", "1"), 
            c("C", "T"))), N = 16), Majority = list(Freqs = structure(c(0, 
    0, 2, 16, 0, 0, 0, 1, 10, 0), .Dim = c(5L, 2L), .Dimnames = list(
        c("-3", "-2", "-1", "0", "1"), c("C", "T"))), N = 29)), 
    `2` = structure(c(0, 0, 1, 12, 0, 0, 0, 0, 4, 0), .Dim = c(5L, 
    2L), .Dimnames = list(c("-3", "-2", "-1", "0", "1"), c("C", 
    "T"))))))
