Results <-
list(`bwaOutput/20210421msiMNRsJenny/1359_S112.sam` = list(LR44_SNP1 = list(
    All = list(Freqs = structure(c(0L, 12L, 355L, 4105L, 67L, 
    18L, 0L, 0L, 2L, 64L, 0L, 0L, 1L, 1L, 10L, 79L, 1L, 0L), .Dim = c(6L, 
    3L), .Dimnames = structure(list(c("-3", "-2", "-1", "0", 
    "1", NA), c("C", "T", NA)), .Names = c("", "")), class = "table"), 
        N = 4715L), Tag.Distribution = structure(c(`1` = 49L, 
    `2` = 2L, `9` = 1L, `13` = 1L, `15` = 1L, `18` = 1L, `20` = 1L, 
    `21` = 1L, `22` = 1L, `23` = 1L, `31` = 1L, `34` = 1L, `38` = 1L, 
    `39` = 1L, `43` = 1L, `45` = 1L, `46` = 1L, `48` = 1L, `51` = 1L, 
    `55` = 1L, `60` = 1L, `61` = 1L, `64` = 1L, `66` = 1L, `67` = 1L, 
    `69` = 1L, `72` = 1L, `73` = 1L, `74` = 1L, `75` = 1L, `76` = 1L, 
    `80` = 1L, `93` = 1L, `95` = 1L, `99` = 1L, `101` = 1L, `104` = 1L, 
    `110` = 1L, `113` = 1L, `114` = 1L, `117` = 1L, `122` = 1L, 
    `124` = 2L, `127` = 1L, `130` = 1L, `133` = 1L, `139` = 2L, 
    `140` = 1L, `155` = 1L, `157` = 1L, `163` = 1L, `184` = 1L, 
    `185` = 1L, `207` = 1L), .Dim = 54L, .Dimnames = structure(list(
        c("1", "2", "9", "13", "15", "18", "20", "21", "22", 
        "23", "31", "34", "38", "39", "43", "45", "46", "48", 
        "51", "55", "60", "61", "64", "66", "67", "69", "72", 
        "73", "74", "75", "76", "80", "93", "95", "99", "101", 
        "104", "110", "113", "114", "117", "122", "124", "127", 
        "130", "133", "139", "140", "155", "157", "163", "184", 
        "185", "207")), .Names = ""), class = "table"), No.Tag = structure(c(0L, 
    0L, 2L, 70L, 1L, 2L, 0L, 0L, 0L, 1L, 0L, 0L, 0L, 0L, 0L, 
    3L, 0L, 0L), .Dim = c(6L, 3L), .Dimnames = structure(list(
        c("-3", "-2", "-1", "0", "1", NA), c("C", "T", NA)), .Names = c("", 
    "")), class = "table"), All.Tags = list(Concordant = list(
        Freqs = structure(c(0, 0, 5, 39, 0, 0, 0, 0, 2, 0), .Dim = c(5L, 
        2L), .Dimnames = list(c("-3", "-2", "-1", "0", "1"), 
            c("C", "T"))), N = 46), Majority = list(Freqs = structure(c(0, 
    0, 6, 89, 0, 0, 0, 0, 3, 0), .Dim = c(5L, 2L), .Dimnames = list(
        c("-3", "-2", "-1", "0", "1"), c("C", "T"))), N = 98)), 
    `2` = structure(c(0, 0, 2, 53, 0, 0, 0, 0, 1, 0), .Dim = c(5L, 
    2L), .Dimnames = list(c("-3", "-2", "-1", "0", "1"), c("C", 
    "T"))))))
