Results <-
list(`bwaOutput/20210421msiMNRsJenny/1359_S112.sam` = list(LR10_SNP1 = list(
    All = list(Freqs = structure(c(21L, 1065L, 5L, 3L, 14L, 1147L, 
    4L, 0L, 0L, 8L, 1L, 0L), .Dim = 4:3, .Dimnames = structure(list(
        c("-1", "0", "1", NA), c("C", "T", NA)), .Names = c("", 
    "")), class = "table"), N = 2268L), Tag.Distribution = structure(c(`1` = 30L, 
    `3` = 1L, `10` = 1L, `11` = 1L, `17` = 1L, `18` = 1L, `25` = 1L, 
    `33` = 1L, `41` = 1L, `45` = 1L, `49` = 1L, `54` = 1L, `68` = 1L, 
    `70` = 1L, `74` = 1L, `79` = 1L, `103` = 1L, `106` = 1L, 
    `115` = 1L, `120` = 1L, `122` = 1L, `152` = 1L, `188` = 1L, 
    `215` = 1L, `238` = 1L, `271` = 1L), .Dim = 26L, .Dimnames = structure(list(
        c("1", "3", "10", "11", "17", "18", "25", "33", "41", 
        "45", "49", "54", "68", "70", "74", "79", "103", "106", 
        "115", "120", "122", "152", "188", "215", "238", "271"
        )), .Names = ""), class = "table"), No.Tag = structure(c(0L, 
    6L, 0L, 0L, 0L, 3L, 0L, 0L, 0L, 2L, 0L, 0L), .Dim = 4:3, .Dimnames = structure(list(
        c("-1", "0", "1", NA), c("C", "T", NA)), .Names = c("", 
    "")), class = "table"), All.Tags = list(Concordant = list(
        Freqs = structure(c(1, 13, 0, 1, 26, 0), .Dim = 3:2, .Dimnames = list(
            c("-1", "0", "1"), c("C", "T"))), N = 41), Majority = list(
        Freqs = structure(c(1, 20, 0, 1, 33, 0), .Dim = 3:2, .Dimnames = list(
            c("-1", "0", "1"), c("C", "T"))), N = 55)), `2` = structure(c(0, 
    14, 0, 0, 11, 0), .Dim = 3:2, .Dimnames = list(c("-1", "0", 
    "1"), c("C", "T"))))))
