Results <-
list(`bwaOutput/20210421msiMNRsJenny/1359_S112.sam` = list(IM49_SNP1 = list(
    All = list(Freqs = structure(c(3L, 144L, 1936L, 38L, 20L, 
    4L, 83L, 1936L, 37L, 12L, 0L, 1L, 140L, 2L, 0L), .Dim = c(5L, 
    3L), .Dimnames = structure(list(c("-2", "-1", "0", "1", NA
    ), c("C", "G", NA)), .Names = c("", "")), class = "table"), 
        N = 4356L), Tag.Distribution = structure(c(`1` = 104L, 
    `2` = 8L, `3` = 2L, `4` = 2L, `5` = 3L, `6` = 1L, `7` = 1L, 
    `8` = 2L, `9` = 1L, `10` = 2L, `12` = 2L, `14` = 1L, `15` = 4L, 
    `17` = 1L, `18` = 1L, `19` = 2L, `22` = 2L, `23` = 1L, `24` = 1L, 
    `25` = 1L, `26` = 3L, `27` = 3L, `28` = 2L, `29` = 1L, `30` = 2L, 
    `32` = 2L, `33` = 2L, `34` = 3L, `37` = 1L, `39` = 3L, `41` = 1L, 
    `43` = 1L, `48` = 1L, `49` = 1L, `52` = 1L, `53` = 1L, `55` = 1L, 
    `57` = 1L, `60` = 1L, `61` = 2L, `64` = 1L, `69` = 1L, `73` = 2L, 
    `75` = 1L, `80` = 1L, `84` = 1L, `85` = 1L, `89` = 1L, `92` = 1L, 
    `93` = 1L, `105` = 1L, `114` = 1L, `120` = 1L, `124` = 2L, 
    `127` = 1L, `135` = 1L, `140` = 1L, `142` = 1L, `143` = 1L, 
    `159` = 1L, `190` = 1L), .Dim = 61L, .Dimnames = structure(list(
        c("1", "2", "3", "4", "5", "6", "7", "8", "9", "10", 
        "12", "14", "15", "17", "18", "19", "22", "23", "24", 
        "25", "26", "27", "28", "29", "30", "32", "33", "34", 
        "37", "39", "41", "43", "48", "49", "52", "53", "55", 
        "57", "60", "61", "64", "69", "73", "75", "80", "84", 
        "85", "89", "92", "93", "105", "114", "120", "124", "127", 
        "135", "140", "142", "143", "159", "190")), .Names = ""), class = "table"), 
    No.Tag = structure(c(0L, 1L, 31L, 4L, 0L, 0L, 4L, 46L, 0L, 
    0L, 0L, 0L, 6L, 0L, 0L), .Dim = c(5L, 3L), .Dimnames = structure(list(
        c("-2", "-1", "0", "1", NA), c("C", "G", NA)), .Names = c("", 
    "")), class = "table"), All.Tags = list(Concordant = list(
        Freqs = structure(c(0, 5, 53, 0, 1, 0, 43, 1), .Dim = c(4L, 
        2L), .Dimnames = list(c("-2", "-1", "0", "1"), c("C", 
        "G"))), N = 103), Majority = list(Freqs = structure(c(0, 
    6, 86, 0, 1, 0, 74, 1), .Dim = c(4L, 2L), .Dimnames = list(
        c("-2", "-1", "0", "1"), c("C", "G"))), N = 168)), `2` = structure(c(0, 
    1, 47, 0, 0, 0, 44, 0), .Dim = c(4L, 2L), .Dimnames = list(
        c("-2", "-1", "0", "1"), c("C", "G"))))))
