Results <-
list(`bwaOutput/20210421msiMNRsJenny/1359_S112.sam` = list(DEPDC2_SNP1 = list(
    All = list(Freqs = structure(c(49L, 5379L, 17L, 14L, 0L, 
    1L, 0L, 0L, 1L, 308L, 1L, 1L, 0L, 57L, 0L, 0L), .Dim = c(4L, 
    4L), .Dimnames = structure(list(c("-1", "0", "1", NA), c("C", 
    "G", "T", NA)), .Names = c("", "")), class = "table"), N = 5828L), 
    Tag.Distribution = structure(c(`1` = 101L, `2` = 10L, `3` = 3L, 
    `7` = 1L, `11` = 1L, `14` = 1L, `17` = 1L, `19` = 1L, `20` = 1L, 
    `22` = 1L, `24` = 1L, `26` = 1L, `29` = 1L, `30` = 1L, `33` = 1L, 
    `35` = 2L, `36` = 1L, `37` = 1L, `38` = 1L, `42` = 1L, `44` = 1L, 
    `49` = 1L, `53` = 2L, `55` = 1L, `56` = 2L, `59` = 2L, `61` = 1L, 
    `64` = 1L, `65` = 1L, `68` = 1L, `73` = 1L, `75` = 1L, `79` = 1L, 
    `80` = 1L, `81` = 2L, `83` = 1L, `85` = 1L, `87` = 4L, `89` = 1L, 
    `90` = 1L, `91` = 2L, `100` = 1L, `101` = 1L, `109` = 1L, 
    `116` = 1L, `119` = 1L, `123` = 1L, `134` = 1L, `148` = 1L, 
    `160` = 1L, `166` = 2L, `182` = 1L, `196` = 2L, `197` = 1L, 
    `212` = 1L, `217` = 1L, `225` = 1L, `231` = 1L), .Dim = 58L, .Dimnames = structure(list(
        c("1", "2", "3", "7", "11", "14", "17", "19", "20", "22", 
        "24", "26", "29", "30", "33", "35", "36", "37", "38", 
        "42", "44", "49", "53", "55", "56", "59", "61", "64", 
        "65", "68", "73", "75", "79", "80", "81", "83", "85", 
        "87", "89", "90", "91", "100", "101", "109", "116", "119", 
        "123", "134", "148", "160", "166", "182", "196", "197", 
        "212", "217", "225", "231")), .Names = ""), class = "table"), 
    No.Tag = structure(c(0L, 32L, 0L, 0L, 0L, 0L, 0L, 0L, 0L, 
    2L, 0L, 0L, 0L, 3L, 0L, 0L), .Dim = c(4L, 4L), .Dimnames = structure(list(
        c("-1", "0", "1", NA), c("C", "G", "T", NA)), .Names = c("", 
    "")), class = "table"), All.Tags = list(Concordant = list(
        Freqs = structure(c(0, 121, 0, 0, 0, 0, 1, 15, 0), .Dim = c(3L, 
        3L), .Dimnames = list(c("-1", "0", "1"), c("C", "G", 
        "T"))), N = 137), Majority = list(Freqs = structure(c(0, 
    156, 0, 0, 0, 0, 1, 16, 0), .Dim = c(3L, 3L), .Dimnames = list(
        c("-1", "0", "1"), c("C", "G", "T"))), N = 173)), `2` = structure(c(0, 
    76, 0, 0, 0, 0, 0, 2, 0), .Dim = c(3L, 3L), .Dimnames = list(
        c("-1", "0", "1"), c("C", "G", "T"))))))
