Results <-
list(`bwaOutput/20210421msiMNRsJenny/1359_S112.sam` = list(LR36_SNP1 = list(
    All = list(Freqs = structure(c(3L, 16L, 1085L, 10L, 7L, 3L, 
    23L, 1133L, 14L, 9L, 0L, 1L, 75L, 0L, 0L), .Dim = c(5L, 3L
    ), .Dimnames = structure(list(c("-2", "-1", "0", "1", NA), 
        c("A", "T", NA)), .Names = c("", "")), class = "table"), 
        N = 2379L), Tag.Distribution = structure(c(`1` = 36L, 
    `2` = 1L, `3` = 2L, `8` = 1L, `9` = 1L, `18` = 1L, `20` = 1L, 
    `25` = 1L, `30` = 1L, `33` = 1L, `34` = 1L, `36` = 1L, `41` = 1L, 
    `45` = 2L, `48` = 1L, `54` = 1L, `55` = 1L, `56` = 1L, `66` = 1L, 
    `72` = 1L, `73` = 1L, `82` = 1L, `91` = 1L, `96` = 1L, `99` = 1L, 
    `102` = 1L, `114` = 1L, `117` = 1L, `123` = 1L, `129` = 1L, 
    `136` = 1L, `165` = 1L, `168` = 1L), .Dim = 33L, .Dimnames = structure(list(
        c("1", "2", "3", "8", "9", "18", "20", "25", "30", "33", 
        "34", "36", "41", "45", "48", "54", "55", "56", "66", 
        "72", "73", "82", "91", "96", "99", "102", "114", "117", 
        "123", "129", "136", "165", "168")), .Names = ""), class = "table"), 
    No.Tag = structure(c(0L, 0L, 23L, 0L, 0L, 0L, 1L, 106L, 1L, 
    2L, 0L, 0L, 12L, 0L, 0L), .Dim = c(5L, 3L), .Dimnames = structure(list(
        c("-2", "-1", "0", "1", NA), c("A", "T", NA)), .Names = c("", 
    "")), class = "table"), All.Tags = list(Concordant = list(
        Freqs = structure(c(0, 0, 18, 0, 0, 2, 21, 0), .Dim = c(4L, 
        2L), .Dimnames = list(c("-2", "-1", "0", "1"), c("A", 
        "T"))), N = 41), Majority = list(Freqs = structure(c(0, 
    0, 31, 0, 0, 2, 32, 0), .Dim = c(4L, 2L), .Dimnames = list(
        c("-2", "-1", "0", "1"), c("A", "T"))), N = 65)), `2` = structure(c(0, 
    0, 17, 0, 0, 0, 16, 0), .Dim = c(4L, 2L), .Dimnames = list(
        c("-2", "-1", "0", "1"), c("A", "T"))))))
