Results <-
list(`bwaOutput/20210421msiMNRsJenny/1359_S112.sam` = list(GM26_SNP1 = list(
    All = list(Freqs = structure(c(1L, 26L, 2578L, 13L, 1L, 4L, 
    0L, 0L, 3L, 0L, 0L, 0L, 0L, 1L, 20L, 0L, 0L, 0L), .Dim = c(6L, 
    3L), .Dimnames = structure(list(c("-2", "-1", "0", "1", "2", 
    NA), c("A", "G", NA)), .Names = c("", "")), class = "table"), 
        N = 2647L), Tag.Distribution = structure(c(`1` = 24L, 
    `2` = 3L, `3` = 1L, `10` = 1L, `13` = 1L, `16` = 1L, `22` = 1L, 
    `35` = 1L, `36` = 1L, `38` = 1L, `42` = 1L, `67` = 1L, `88` = 1L, 
    `91` = 2L, `92` = 1L, `144` = 1L, `157` = 1L, `159` = 1L, 
    `162` = 1L, `182` = 1L, `216` = 1L, `244` = 1L, `266` = 1L, 
    `305` = 1L), .Dim = 24L, .Dimnames = structure(list(c("1", 
    "2", "3", "10", "13", "16", "22", "35", "36", "38", "42", 
    "67", "88", "91", "92", "144", "157", "159", "162", "182", 
    "216", "244", "266", "305")), .Names = ""), class = "table"), 
    No.Tag = structure(c(0L, 0L, 134L, 2L, 0L, 0L, 0L, 0L, 0L, 
    0L, 0L, 0L, 0L, 0L, 2L, 0L, 0L, 0L), .Dim = c(6L, 3L), .Dimnames = structure(list(
        c("-2", "-1", "0", "1", "2", NA), c("A", "G", NA)), .Names = c("", 
    "")), class = "table"), All.Tags = list(Concordant = list(
        Freqs = structure(c(0, 1, 33, 0, 0, 0, 0, 2, 0, 0), .Dim = c(5L, 
        2L), .Dimnames = list(c("-2", "-1", "0", "1", "2"), c("A", 
        "G"))), N = 36), Majority = list(Freqs = structure(c(0, 
    1, 44, 0, 0, 0, 0, 2, 0, 0), .Dim = c(5L, 2L), .Dimnames = list(
        c("-2", "-1", "0", "1", "2"), c("A", "G"))), N = 47)), 
    `2` = structure(c(0, 1, 24, 0, 0, 0, 0, 0, 0, 0), .Dim = c(5L, 
    2L), .Dimnames = list(c("-2", "-1", "0", "1", "2"), c("A", 
    "G"))))))
