Results <-
list(`bwaOutput/20210421msiMNRsJenny/1359_S112.sam` = list(LR20_SNP1 = list(
    All = list(Freqs = structure(c(0L, 1L, 0L, 0L, 5L, 2338L, 
    3L, 1L, 0L, 15L, 0L, 0L), .Dim = 4:3, .Dimnames = structure(list(
        c("-1", "0", "1", NA), c("A", "G", NA)), .Names = c("", 
    "")), class = "table"), N = 2363L), Tag.Distribution = structure(c(`1` = 27L, 
    `2` = 1L, `3` = 1L, `4` = 1L, `5` = 1L, `16` = 1L, `22` = 1L, 
    `23` = 1L, `25` = 1L, `27` = 1L, `28` = 1L, `30` = 1L, `33` = 1L, 
    `35` = 2L, `37` = 1L, `41` = 1L, `43` = 2L, `51` = 1L, `54` = 1L, 
    `79` = 1L, `85` = 1L, `87` = 1L, `108` = 1L, `132` = 1L, 
    `151` = 1L, `164` = 1L, `221` = 1L, `244` = 1L, `278` = 1L
    ), .Dim = 29L, .Dimnames = structure(list(c("1", "2", "3", 
    "4", "5", "16", "22", "23", "25", "27", "28", "30", "33", 
    "35", "37", "41", "43", "51", "54", "79", "85", "87", "108", 
    "132", "151", "164", "221", "244", "278")), .Names = ""), class = "table"), 
    No.Tag = structure(c(0L, 0L, 0L, 0L, 0L, 228L, 0L, 0L, 0L, 
    2L, 0L, 0L), .Dim = 4:3, .Dimnames = structure(list(c("-1", 
    "0", "1", NA), c("A", "G", NA)), .Names = c("", "")), class = "table"), 
    All.Tags = list(Concordant = list(Freqs = structure(c(0, 
    1, 0, 0, 48, 0), .Dim = 3:2, .Dimnames = list(c("-1", "0", 
    "1"), c("A", "G"))), N = 49), Majority = list(Freqs = structure(c(0, 
    1, 0, 0, 53, 0), .Dim = 3:2, .Dimnames = list(c("-1", "0", 
    "1"), c("A", "G"))), N = 54)), `2` = structure(c(0, 0, 0, 
    0, 30, 0), .Dim = 3:2, .Dimnames = list(c("-1", "0", "1"), 
        c("A", "G"))))))
