Results <-
list(`bwaOutput/20210421msiMNRsJenny/1361_S132.sam` = list(LR24_SNP1 = list(
    All = list(Freqs = structure(c(3L, 462L, 1683L, 8L, 6L, 0L, 
    16L, 2082L, 3L, 4L, 0L, 1L, 17L, 0L, 0L), .Dim = c(5L, 3L
    ), .Dimnames = structure(list(c("-2", "-1", "0", "1", NA), 
        c("A", "G", NA)), .Names = c("", "")), class = "table"), 
        N = 4285L), Tag.Distribution = structure(c(`1` = 359L, 
    `2` = 247L, `3` = 166L, `4` = 107L, `5` = 94L, `6` = 58L, 
    `7` = 43L, `8` = 45L, `9` = 26L, `10` = 21L, `11` = 9L, `12` = 5L, 
    `13` = 9L, `14` = 1L, `15` = 5L, `16` = 2L, `17` = 1L, `18` = 2L, 
    `20` = 1L, `25` = 1L), .Dim = 20L, .Dimnames = structure(list(
        c("1", "2", "3", "4", "5", "6", "7", "8", "9", "10", 
        "11", "12", "13", "14", "15", "16", "17", "18", "20", 
        "25")), .Names = ""), class = "table"), No.Tag = structure(c(0L, 
    8L, 35L, 0L, 0L, 0L, 0L, 43L, 0L, 0L, 0L, 0L, 2L, 0L, 0L), .Dim = c(5L, 
    3L), .Dimnames = structure(list(c("-2", "-1", "0", "1", NA
    ), c("A", "G", NA)), .Names = c("", "")), class = "table"), 
    All.Tags = list(Concordant = list(Freqs = structure(c(2, 
    99, 384, 0, 0, 3, 511, 1), .Dim = c(4L, 2L), .Dimnames = list(
        c("-2", "-1", "0", "1"), c("A", "G"))), N = 1000), Majority = list(
        Freqs = structure(c(2, 122, 449, 0, 0, 4, 576, 1), .Dim = c(4L, 
        2L), .Dimnames = list(c("-2", "-1", "0", "1"), c("A", 
        "G"))), N = 1154)), `2` = structure(c(0, 80, 321, 0, 
    0, 1, 401, 0), .Dim = c(4L, 2L), .Dimnames = list(c("-2", 
    "-1", "0", "1"), c("A", "G"))))))
