Results <-
list(`bwaOutput/20210421msiMNRsJenny/1361_S132.sam` = list(LR36_SNP1 = list(
    All = list(Freqs = structure(c(0L, 0L, 0L, 1L, 0L, 0L, 0L, 
    0L, 7L, 102L, 505L, 1753L, 22L, 0L, 1L, 35L, 0L, 0L, 0L, 
    1L, 0L, 0L, 0L, 0L, 0L, 8L, 92L, 2202L, 37L, 1L, 0L, 26L, 
    0L, 0L, 5L, 130L, 2L, 0L, 0L, 0L), .Dim = c(8L, 5L), .Dimnames = structure(list(
        c("-3", "-2", "-1", "0", "1", "2", "4", NA), c("-", "A", 
        "G", "T", NA)), .Names = c("", "")), class = "table"), 
        N = 4930L), Tag.Distribution = structure(c(`1` = 150L, 
    `2` = 85L, `3` = 107L, `4` = 83L, `5` = 81L, `6` = 63L, `7` = 58L, 
    `8` = 49L, `9` = 40L, `10` = 31L, `11` = 22L, `12` = 25L, 
    `13` = 12L, `14` = 8L, `15` = 8L, `16` = 11L, `17` = 4L, 
    `18` = 4L, `19` = 2L, `20` = 2L, `21` = 1L, `23` = 1L, `24` = 1L, 
    `25` = 1L, `26` = 1L, `28` = 1L, `30` = 1L, `31` = 2L), .Dim = 28L, .Dimnames = structure(list(
        c("1", "2", "3", "4", "5", "6", "7", "8", "9", "10", 
        "11", "12", "13", "14", "15", "16", "17", "18", "19", 
        "20", "21", "23", "24", "25", "26", "28", "30", "31")), .Names = ""), class = "table"), 
    No.Tag = structure(c(0L, 0L, 0L, 0L, 0L, 0L, 0L, 0L, 0L, 
    1L, 2L, 59L, 1L, 0L, 0L, 3L, 0L, 0L, 0L, 0L, 0L, 0L, 0L, 
    0L, 0L, 0L, 2L, 56L, 2L, 0L, 0L, 2L, 0L, 0L, 2L, 13L, 0L, 
    0L, 0L, 0L), .Dim = c(8L, 5L), .Dimnames = structure(list(
        c("-3", "-2", "-1", "0", "1", "2", "4", NA), c("-", "A", 
        "G", "T", NA)), .Names = c("", "")), class = "table"), 
    All.Tags = list(Concordant = list(Freqs = structure(c(0, 
    0, 0, 0, 0, 0, 0, 0, 11, 64, 256, 2, 0, 0, 0, 0, 0, 0, 0, 
    0, 0, 0, 2, 6, 316, 4, 0, 0), .Dim = c(7L, 4L), .Dimnames = list(
        c("-3", "-2", "-1", "0", "1", "2", "4"), c("-", "A", 
        "G", "T"))), N = 661), Majority = list(Freqs = structure(c(0, 
    0, 0, 0, 0, 0, 0, 0, 18, 86, 320, 2, 0, 0, 0, 0, 0, 0, 0, 
    0, 0, 0, 2, 8, 390, 4, 0, 0), .Dim = c(7L, 4L), .Dimnames = list(
        c("-3", "-2", "-1", "0", "1", "2", "4"), c("-", "A", 
        "G", "T"))), N = 830)), `2` = structure(c(0, 0, 0, 0, 
    0, 0, 0, 0, 15, 74, 264, 1, 0, 0, 0, 0, 0, 0, 0, 0, 0, 0, 
    0, 4, 329, 4, 0, 0), .Dim = c(7L, 4L), .Dimnames = list(c("-3", 
    "-2", "-1", "0", "1", "2", "4"), c("-", "A", "G", "T"))))))
