Results <-
list(`bwaOutput/20210421msiMNRsJenny/1361_S132.sam` = list(GM29_SNP1 = list(
    All = list(Freqs = structure(c(2L, 61L, 988L, 3L, 4L, 1L, 
    28L, 1091L, 2L, 2L, 0L, 1L, 20L, 1L, 0L), .Dim = c(5L, 3L
    ), .Dimnames = structure(list(c("-2", "-1", "0", "1", NA), 
        c("A", "G", NA)), .Names = c("", "")), class = "table"), 
        N = 2204L), Tag.Distribution = structure(c(`1` = 92L, 
    `2` = 58L, `3` = 52L, `4` = 40L, `5` = 42L, `6` = 31L, `7` = 24L, 
    `8` = 21L, `9` = 12L, `10` = 13L, `11` = 6L, `12` = 16L, 
    `13` = 10L, `14` = 2L, `15` = 3L, `16` = 2L, `17` = 2L, `18` = 2L, 
    `19` = 1L, `22` = 1L, `25` = 1L, `30` = 1L), .Dim = 22L, .Dimnames = structure(list(
        c("1", "2", "3", "4", "5", "6", "7", "8", "9", "10", 
        "11", "12", "13", "14", "15", "16", "17", "18", "19", 
        "22", "25", "30")), .Names = ""), class = "table"), No.Tag = structure(c(0L, 
    0L, 38L, 0L, 0L, 0L, 1L, 9L, 0L, 1L, 0L, 0L, 2L, 0L, 0L), .Dim = c(5L, 
    3L), .Dimnames = structure(list(c("-2", "-1", "0", "1", NA
    ), c("A", "G", NA)), .Names = c("", "")), class = "table"), 
    All.Tags = list(Concordant = list(Freqs = structure(c(0, 
    10, 177, 1, 0, 4, 181, 0), .Dim = c(4L, 2L), .Dimnames = list(
        c("-2", "-1", "0", "1"), c("A", "G"))), N = 373), Majority = list(
        Freqs = structure(c(0, 11, 206, 1, 0, 4, 205, 0), .Dim = c(4L, 
        2L), .Dimnames = list(c("-2", "-1", "0", "1"), c("A", 
        "G"))), N = 427)), `2` = structure(c(0, 9, 160, 0, 0, 
    3, 164, 0), .Dim = c(4L, 2L), .Dimnames = list(c("-2", "-1", 
    "0", "1"), c("A", "G"))))))
