Results <-
list(`bwaOutput/20210421msiMNRsJenny/1361_S132.sam` = list(IM49_SNP1 = list(
    All = list(Freqs = structure(c(0L, 19L, 562L, 1645L, 33L, 
    0L, 18L, 1L, 15L, 86L, 1620L, 34L, 1L, 10L, 0L, 0L, 0L, 1L, 
    0L, 0L, 0L, 0L, 0L, 9L, 134L, 4L, 0L, 0L), .Dim = c(7L, 4L
    ), .Dimnames = structure(list(c("-3", "-2", "-1", "0", "1", 
    "2", NA), c("C", "G", "T", NA)), .Names = c("", "")), class = "table"), 
        N = 4192L), Tag.Distribution = structure(c(`1` = 274L, 
    `2` = 203L, `3` = 145L, `4` = 107L, `5` = 95L, `6` = 61L, 
    `7` = 50L, `8` = 34L, `9` = 28L, `10` = 24L, `11` = 12L, 
    `12` = 13L, `13` = 10L, `14` = 2L, `15` = 3L, `16` = 1L, 
    `17` = 1L, `18` = 3L), .Dim = 18L, .Dimnames = structure(list(
        c("1", "2", "3", "4", "5", "6", "7", "8", "9", "10", 
        "11", "12", "13", "14", "15", "16", "17", "18")), .Names = ""), class = "table"), 
    No.Tag = structure(c(0L, 0L, 13L, 44L, 1L, 0L, 3L, 0L, 0L, 
    1L, 48L, 2L, 0L, 0L, 0L, 0L, 0L, 1L, 0L, 0L, 0L, 0L, 0L, 
    1L, 2L, 0L, 0L, 0L), .Dim = c(7L, 4L), .Dimnames = structure(list(
        c("-3", "-2", "-1", "0", "1", "2", NA), c("C", "G", "T", 
        NA)), .Names = c("", "")), class = "table"), All.Tags = list(
        Concordant = list(Freqs = structure(c(0, 5, 102, 323, 
        2, 0, 0, 3, 12, 355, 4, 0, 0, 0, 0, 0, 0, 0), .Dim = c(6L, 
        3L), .Dimnames = list(c("-3", "-2", "-1", "0", "1", "2"
        ), c("C", "G", "T"))), N = 806), Majority = list(Freqs = structure(c(0, 
        6, 124, 406, 2, 0, 0, 5, 13, 430, 4, 0, 0, 0, 0, 0, 0, 
        0), .Dim = c(6L, 3L), .Dimnames = list(c("-3", "-2", 
        "-1", "0", "1", "2"), c("C", "G", "T"))), N = 990)), 
    `2` = structure(c(0, 4, 95, 309, 1, 0, 0, 5, 7, 322, 0, 0, 
    0, 0, 0, 0, 0, 0), .Dim = c(6L, 3L), .Dimnames = list(c("-3", 
    "-2", "-1", "0", "1", "2"), c("C", "G", "T"))))))
