Results <-
list(`bwaOutput/20210421msiMNRsJenny/1361_S132.sam` = list(GM07_SNP1 = list(
    All = list(Freqs = structure(c(359L, 410L, 1828L, 70L, 54L, 
    0L, 5L, 7L, 1L, 0L, 0L, 0L, 1L, 0L, 0L, 1L, 1L, 12L, 0L, 
    0L), .Dim = 5:4, .Dimnames = structure(list(c("-2", "-1", 
    "0", "1", NA), c("A", "G", "T", NA)), .Names = c("", "")), class = "table"), 
        N = 2749L), Tag.Distribution = structure(c(`1` = 92L, 
    `2` = 49L, `3` = 55L, `4` = 63L, `5` = 44L, `6` = 36L, `7` = 44L, 
    `8` = 37L, `9` = 27L, `10` = 12L, `11` = 17L, `12` = 9L, 
    `13` = 10L, `15` = 1L, `16` = 3L, `17` = 1L, `18` = 3L, `19` = 1L, 
    `20` = 2L, `21` = 1L, `29` = 1L), .Dim = 21L, .Dimnames = structure(list(
        c("1", "2", "3", "4", "5", "6", "7", "8", "9", "10", 
        "11", "12", "13", "15", "16", "17", "18", "19", "20", 
        "21", "29")), .Names = ""), class = "table"), No.Tag = structure(c(9L, 
    11L, 40L, 0L, 10L, 0L, 1L, 0L, 0L, 0L, 0L, 0L, 0L, 0L, 0L, 
    0L, 0L, 0L, 0L, 0L), .Dim = 5:4, .Dimnames = structure(list(
        c("-2", "-1", "0", "1", NA), c("A", "G", "T", NA)), .Names = c("", 
    "")), class = "table"), All.Tags = list(Concordant = list(
        Freqs = structure(c(54, 41, 254, 1, 0, 2, 6, 1, 0, 0, 
        0, 0), .Dim = 4:3, .Dimnames = list(c("-2", "-1", "0", 
        "1"), c("A", "G", "T"))), N = 359), Majority = list(Freqs = structure(c(61, 
    56, 368, 2, 0, 2, 6, 1, 0, 0, 0, 0), .Dim = 4:3, .Dimnames = list(
        c("-2", "-1", "0", "1"), c("A", "G", "T"))), N = 496)), 
    `2` = structure(c(55, 48, 305, 1, 0, 0, 0, 0, 0, 0, 0, 0), .Dim = 4:3, .Dimnames = list(
        c("-2", "-1", "0", "1"), c("A", "G", "T"))))))
