Results <-
list(`bwaOutput/20210421msiMNRsJenny/1361_S132.sam` = list(LR17_SNP1 = list(
    All = list(Freqs = structure(c(10L, 374L, 333L, 1656L, 20L, 
    2L, 18L, 0L, 0L, 10L, 73L, 0L, 0L, 0L), .Dim = c(7L, 2L), .Dimnames = structure(list(
        c("-3", "-2", "-1", "0", "1", "2", NA), c("A", NA)), .Names = c("", 
    "")), class = "table"), N = 2496L), Tag.Distribution = structure(c(`1` = 76L, 
    `2` = 32L, `3` = 41L, `4` = 45L, `5` = 41L, `6` = 31L, `7` = 32L, 
    `8` = 25L, `9` = 26L, `10` = 25L, `11` = 10L, `12` = 5L, 
    `13` = 11L, `14` = 7L, `15` = 7L, `16` = 3L, `17` = 2L, `19` = 2L, 
    `21` = 2L, `28` = 1L), .Dim = 20L, .Dimnames = structure(list(
        c("1", "2", "3", "4", "5", "6", "7", "8", "9", "10", 
        "11", "12", "13", "14", "15", "16", "17", "19", "21", 
        "28")), .Names = ""), class = "table"), No.Tag = structure(c(4L, 
    19L, 2L, 20L, 1L, 0L, 1L, 0L, 0L, 0L, 1L, 0L, 0L, 0L), .Dim = c(7L, 
    2L), .Dimnames = structure(list(c("-3", "-2", "-1", "0", 
    "1", "2", NA), c("A", NA)), .Names = c("", "")), class = "table"), 
    All.Tags = list(Concordant = list(Freqs = structure(c(0, 
    49, 37, 252, 0, 0), .Dim = c(6L, 1L), .Dimnames = list(c("-3", 
    "-2", "-1", "0", "1", "2"), "A")), N = 338), Majority = list(
        Freqs = structure(c(0, 59, 50, 303, 1, 0), .Dim = c(6L, 
        1L), .Dimnames = list(c("-3", "-2", "-1", "0", "1", "2"
        ), "A")), N = 413)), `2` = structure(c(0, 50, 42, 250, 
    1, 0), .Dim = c(6L, 1L), .Dimnames = list(c("-3", "-2", "-1", 
    "0", "1", "2"), "A")))))
