Results <-
list(`bwaOutput/20210421msiMNRsJenny/1361_S132.sam` = list(DEPDC2_SNP1 = list(
    All = list(Freqs = structure(c(0L, 0L, 2L, 33L, 1L, 0L, 1L, 
    0L, 0L, 0L, 1L, 0L, 0L, 0L, 1L, 1L, 34L, 5236L, 35L, 20L, 
    177L, 0L, 0L, 0L, 37L, 0L, 0L, 0L), .Dim = c(7L, 4L), .Dimnames = structure(list(
        c("-3", "-2", "-1", "0", "1", "2", NA), c("C", "G", "T", 
        NA)), .Names = c("", "")), class = "table"), N = 5579L), 
    Tag.Distribution = structure(c(`1` = 252L, `2` = 140L, `3` = 149L, 
    `4` = 122L, `5` = 89L, `6` = 58L, `7` = 65L, `8` = 50L, `9` = 54L, 
    `10` = 33L, `11` = 34L, `12` = 19L, `13` = 16L, `14` = 8L, 
    `15` = 8L, `16` = 9L, `17` = 3L, `18` = 3L, `19` = 5L, `20` = 2L, 
    `21` = 3L, `23` = 1L, `24` = 1L), .Dim = 23L, .Dimnames = structure(list(
        c("1", "2", "3", "4", "5", "6", "7", "8", "9", "10", 
        "11", "12", "13", "14", "15", "16", "17", "18", "19", 
        "20", "21", "23", "24")), .Names = ""), class = "table"), 
    No.Tag = structure(c(0L, 0L, 0L, 1L, 0L, 0L, 0L, 0L, 0L, 
    0L, 0L, 0L, 0L, 0L, 0L, 0L, 0L, 104L, 0L, 0L, 5L, 0L, 0L, 
    0L, 2L, 0L, 0L, 0L), .Dim = c(7L, 4L), .Dimnames = structure(list(
        c("-3", "-2", "-1", "0", "1", "2", NA), c("C", "G", "T", 
        NA)), .Names = c("", "")), class = "table"), All.Tags = list(
        Concordant = list(Freqs = structure(c(0, 0, 1, 15, 0, 
        0, 0, 0, 0, 0, 0, 0, 0, 0, 1, 996, 4, 9), .Dim = c(6L, 
        3L), .Dimnames = list(c("-3", "-2", "-1", "0", "1", "2"
        ), c("C", "G", "T"))), N = 1026), Majority = list(Freqs = structure(c(0, 
        0, 1, 15, 0, 0, 0, 0, 0, 0, 0, 0, 0, 0, 1, 1060, 5, 10
        ), .Dim = c(6L, 3L), .Dimnames = list(c("-3", "-2", "-1", 
        "0", "1", "2"), c("C", "G", "T"))), N = 1092)), `2` = structure(c(0, 
    0, 0, 1, 0, 0, 0, 0, 0, 0, 0, 0, 0, 0, 1, 837, 5, 8), .Dim = c(6L, 
    3L), .Dimnames = list(c("-3", "-2", "-1", "0", "1", "2"), 
        c("C", "G", "T"))))))
