Results <-
list(`bwaOutput/20210421msiMNRsJenny/1361_S132.sam` = list(LR52_SNP1 = list(
    All = list(Freqs = structure(c(0L, 0L, 0L, 1L, 0L, 0L, 4L, 
    38L, 138L, 346L, 0L, 13L, 8L, 144L, 40L, 431L, 3L, 6L, 0L, 
    2L, 12L, 148L, 1L, 0L), .Dim = c(6L, 4L), .Dimnames = structure(list(
        c("-3", "-2", "-1", "0", "1", NA), c("A", "C", "T", NA
        )), .Names = c("", "")), class = "table"), N = 1335L), 
    Tag.Distribution = structure(c(`1` = 37L, `2` = 21L, `3` = 25L, 
    `4` = 28L, `5` = 19L, `6` = 20L, `7` = 16L, `8` = 18L, `9` = 10L, 
    `10` = 11L, `11` = 12L, `12` = 5L, `13` = 3L, `14` = 2L, 
    `15` = 5L, `16` = 2L, `17` = 1L), .Dim = 17L, .Dimnames = structure(list(
        c("1", "2", "3", "4", "5", "6", "7", "8", "9", "10", 
        "11", "12", "13", "14", "15", "16", "17")), .Names = ""), class = "table"), 
    No.Tag = structure(c(0L, 0L, 0L, 0L, 0L, 0L, 0L, 0L, 0L, 
    10L, 0L, 0L, 0L, 1L, 0L, 2L, 0L, 0L, 0L, 0L, 0L, 2L, 0L, 
    0L), .Dim = c(6L, 4L), .Dimnames = structure(list(c("-3", 
    "-2", "-1", "0", "1", NA), c("A", "C", "T", NA)), .Names = c("", 
    "")), class = "table"), All.Tags = list(Concordant = list(
        Freqs = structure(c(0, 0, 0, 0, 0, 0, 4, 17, 61, 0, 2, 
        20, 1, 54, 0), .Dim = c(5L, 3L), .Dimnames = list(c("-3", 
        "-2", "-1", "0", "1"), c("A", "C", "T"))), N = 159), 
        Majority = list(Freqs = structure(c(0, 0, 0, 0, 0, 0, 
        5, 25, 80, 0, 2, 23, 3, 83, 0), .Dim = c(5L, 3L), .Dimnames = list(
            c("-3", "-2", "-1", "0", "1"), c("A", "C", "T"))), 
            N = 221)), `2` = structure(c(0, 0, 0, 0, 0, 0, 4, 
    20, 74, 0, 2, 19, 2, 67, 0), .Dim = c(5L, 3L), .Dimnames = list(
        c("-3", "-2", "-1", "0", "1"), c("A", "C", "T"))))))
