Results <-
list(`bwaOutput/20210421msiMNRsJenny/1361_S132.sam` = list(GM14_SNP1 = list(
    All = list(Freqs = structure(c(33L, 658L, 3180L, 33L, 1L, 
    19L, 0L, 0L, 1L, 0L, 0L, 0L, 0L, 1L, 5L, 0L, 0L, 0L, 0L, 
    0L, 33L, 1L, 0L, 0L), .Dim = c(6L, 4L), .Dimnames = structure(list(
        c("-2", "-1", "0", "1", "2", NA), c("C", "G", "T", NA
        )), .Names = c("", "")), class = "table"), N = 3965L), 
    Tag.Distribution = structure(c(`1` = 121L, `2` = 79L, `3` = 70L, 
    `4` = 82L, `5` = 55L, `6` = 53L, `7` = 49L, `8` = 45L, `9` = 44L, 
    `10` = 32L, `11` = 20L, `12` = 13L, `13` = 18L, `14` = 7L, 
    `15` = 5L, `16` = 2L, `17` = 3L, `18` = 1L, `19` = 5L, `20` = 1L, 
    `21` = 1L, `23` = 1L, `29` = 1L), .Dim = 23L, .Dimnames = structure(list(
        c("1", "2", "3", "4", "5", "6", "7", "8", "9", "10", 
        "11", "12", "13", "14", "15", "16", "17", "18", "19", 
        "20", "21", "23", "29")), .Names = ""), class = "table"), 
    No.Tag = structure(c(0L, 8L, 53L, 2L, 0L, 0L, 0L, 0L, 0L, 
    0L, 0L, 0L, 0L, 1L, 0L, 0L, 0L, 0L, 0L, 0L, 0L, 0L, 0L, 0L
    ), .Dim = c(6L, 4L), .Dimnames = structure(list(c("-2", "-1", 
    "0", "1", "2", NA), c("C", "G", "T", NA)), .Names = c("", 
    "")), class = "table"), All.Tags = list(Concordant = list(
        Freqs = structure(c(3, 81, 486, 1, 0, 0, 0, 0, 0, 0, 
        0, 0, 3, 0, 0), .Dim = c(5L, 3L), .Dimnames = list(c("-2", 
        "-1", "0", "1", "2"), c("C", "G", "T"))), N = 574), Majority = list(
        Freqs = structure(c(3, 102, 591, 3, 0, 0, 0, 0, 0, 0, 
        0, 0, 3, 0, 0), .Dim = c(5L, 3L), .Dimnames = list(c("-2", 
        "-1", "0", "1", "2"), c("C", "G", "T"))), N = 702)), 
    `2` = structure(c(2, 84, 494, 2, 0, 0, 0, 0, 0, 0, 0, 0, 
    0, 0, 0), .Dim = c(5L, 3L), .Dimnames = list(c("-2", "-1", 
    "0", "1", "2"), c("C", "G", "T"))))))
