Results <-
list(`bwaOutput/20210421msiMNRsJenny/1361_S132.sam` = list(IM16_SNP1 = list(
    All = list(Freqs = structure(c(0L, 264L, 524L, 7L, 0L, 3L, 
    3L, 35L, 1082L, 17L, 0L, 0L, 0L, 0L, 22L, 1L, 1L, 0L), .Dim = c(6L, 
    3L), .Dimnames = structure(list(c("-2", "-1", "0", "1", "2", 
    NA), c("A", "G", NA)), .Names = c("", "")), class = "table"), 
        N = 1959L), Tag.Distribution = structure(c(`1` = 52L, 
    `2` = 48L, `3` = 39L, `4` = 34L, `5` = 30L, `6` = 25L, `7` = 14L, 
    `8` = 29L, `9` = 16L, `10` = 19L, `11` = 16L, `12` = 11L, 
    `13` = 3L, `14` = 3L, `15` = 3L, `16` = 1L, `17` = 2L, `18` = 1L, 
    `27` = 1L, `29` = 1L), .Dim = 20L, .Dimnames = structure(list(
        c("1", "2", "3", "4", "5", "6", "7", "8", "9", "10", 
        "11", "12", "13", "14", "15", "16", "17", "18", "27", 
        "29")), .Names = ""), class = "table"), No.Tag = structure(c(0L, 
    4L, 15L, 0L, 0L, 0L, 0L, 0L, 12L, 2L, 0L, 0L, 0L, 0L, 3L, 
    0L, 0L, 0L), .Dim = c(6L, 3L), .Dimnames = structure(list(
        c("-2", "-1", "0", "1", "2", NA), c("A", "G", NA)), .Names = c("", 
    "")), class = "table"), All.Tags = list(Concordant = list(
        Freqs = structure(c(0, 40, 97, 0, 0, 0, 2, 157, 1, 0), .Dim = c(5L, 
        2L), .Dimnames = list(c("-2", "-1", "0", "1", "2"), c("A", 
        "G"))), N = 297), Majority = list(Freqs = structure(c(0, 
    41, 110, 0, 0, 0, 3, 184, 1, 0), .Dim = c(5L, 2L), .Dimnames = list(
        c("-2", "-1", "0", "1", "2"), c("A", "G"))), N = 339)), 
    `2` = structure(c(0, 35, 90, 0, 0, 0, 3, 162, 0, 0), .Dim = c(5L, 
    2L), .Dimnames = list(c("-2", "-1", "0", "1", "2"), c("A", 
    "G"))))))
