Results <-
list(`bwaOutput/20210421msiMNRsJenny/1361_S132.sam` = list(GM09_SNP1 = list(
    All = list(Freqs = structure(c(0L, 57L, 0L, 0L, 70L, 5416L, 
    5L, 20L, 0L, 1L, 0L, 0L, 0L, 28L, 1L, 0L), .Dim = c(4L, 4L
    ), .Dimnames = structure(list(c("-1", "0", "1", NA), c("A", 
    "G", "T", NA)), .Names = c("", "")), class = "table"), N = 5598L), 
    Tag.Distribution = structure(c(`1` = 167L, `2` = 96L, `3` = 82L, 
    `4` = 74L, `5` = 77L, `6` = 80L, `7` = 57L, `8` = 57L, `9` = 43L, 
    `10` = 30L, `11` = 38L, `12` = 18L, `13` = 14L, `14` = 16L, 
    `15` = 13L, `16` = 6L, `17` = 13L, `18` = 8L, `19` = 1L, 
    `20` = 4L, `21` = 3L, `22` = 1L, `23` = 2L, `24` = 3L, `26` = 1L, 
    `31` = 1L, `32` = 1L, `33` = 1L), .Dim = 28L, .Dimnames = structure(list(
        c("1", "2", "3", "4", "5", "6", "7", "8", "9", "10", 
        "11", "12", "13", "14", "15", "16", "17", "18", "19", 
        "20", "21", "22", "23", "24", "26", "31", "32", "33")), .Names = ""), class = "table"), 
    No.Tag = structure(c(0L, 1L, 0L, 0L, 1L, 149L, 0L, 17L, 0L, 
    0L, 0L, 0L, 0L, 2L, 0L, 0L), .Dim = c(4L, 4L), .Dimnames = structure(list(
        c("-1", "0", "1", NA), c("A", "G", "T", NA)), .Names = c("", 
    "")), class = "table"), All.Tags = list(Concordant = list(
        Freqs = structure(c(0, 21, 0, 4, 829, 0, 0, 0, 0), .Dim = c(3L, 
        3L), .Dimnames = list(c("-1", "0", "1"), c("A", "G", 
        "T"))), N = 854), Majority = list(Freqs = structure(c(0, 
    23, 0, 6, 874, 0, 0, 0, 0), .Dim = c(3L, 3L), .Dimnames = list(
        c("-1", "0", "1"), c("A", "G", "T"))), N = 903)), `2` = structure(c(0, 
    2, 0, 4, 733, 0, 0, 0, 0), .Dim = c(3L, 3L), .Dimnames = list(
        c("-1", "0", "1"), c("A", "G", "T"))))))
