Results <-
list(`bwaOutput/20210421msiMNRsJenny/1361_S132.sam` = list(GM01_SNP1 = list(
    All = list(Freqs = structure(c(32L, 1569L, 7L, 4L, 36L, 1721L, 
    5L, 4L, 2L, 29L, 1L, 0L), .Dim = 4:3, .Dimnames = structure(list(
        c("-1", "0", "1", NA), c("A", "G", NA)), .Names = c("", 
    "")), class = "table"), N = 3410L), Tag.Distribution = structure(c(`1` = 110L, 
    `2` = 51L, `3` = 61L, `4` = 60L, `5` = 48L, `6` = 55L, `7` = 41L, 
    `8` = 34L, `9` = 37L, `10` = 21L, `11` = 20L, `12` = 21L, 
    `13` = 11L, `14` = 7L, `15` = 8L, `16` = 1L, `18` = 4L, `20` = 1L, 
    `21` = 1L, `25` = 1L, `26` = 1L, `27` = 1L), .Dim = 22L, .Dimnames = structure(list(
        c("1", "2", "3", "4", "5", "6", "7", "8", "9", "10", 
        "11", "12", "13", "14", "15", "16", "18", "20", "21", 
        "25", "26", "27")), .Names = ""), class = "table"), No.Tag = structure(c(1L, 
    17L, 0L, 0L, 6L, 35L, 0L, 1L, 0L, 3L, 0L, 0L), .Dim = 4:3, .Dimnames = structure(list(
        c("-1", "0", "1", NA), c("A", "G", NA)), .Names = c("", 
    "")), class = "table"), All.Tags = list(Concordant = list(
        Freqs = structure(c(0, 247, 0, 3, 252, 1), .Dim = 3:2, .Dimnames = list(
            c("-1", "0", "1"), c("A", "G"))), N = 503), Majority = list(
        Freqs = structure(c(0, 287, 0, 3, 291, 1), .Dim = 3:2, .Dimnames = list(
            c("-1", "0", "1"), c("A", "G"))), N = 582)), `2` = structure(c(0, 
    231, 0, 1, 248, 0), .Dim = 3:2, .Dimnames = list(c("-1", 
    "0", "1"), c("A", "G"))))))
