Results <-
list(`bwaOutput/20210421msiMNRsJenny/1385_S142.sam` = list(LR11_SNP1 = list(
    All = list(Freqs = structure(c(0L, 1L, 8L, 1L, 0L, 0L, 5L, 
    245L, 7036L, 98L, 3L, 22L, 0L, 7L, 168L, 3L, 0L, 0L), .Dim = c(6L, 
    3L), .Dimnames = structure(list(c("-2", "-1", "0", "1", "2", 
    NA), c("A", "C", NA)), .Names = c("", "")), class = "table"), 
        N = 7597L), Tag.Distribution = structure(c(`1` = 584L, 
    `2` = 495L, `3` = 399L, `4` = 276L, `5` = 176L, `6` = 126L, 
    `7` = 69L, `8` = 58L, `9` = 42L, `10` = 24L, `11` = 11L, 
    `12` = 10L, `13` = 3L, `14` = 2L, `15` = 4L, `18` = 2L, `20` = 1L
    ), .Dim = 17L, .Dimnames = structure(list(c("1", "2", "3", 
    "4", "5", "6", "7", "8", "9", "10", "11", "12", "13", "14", 
    "15", "18", "20")), .Names = ""), class = "table"), No.Tag = structure(c(0L, 
    0L, 0L, 0L, 0L, 0L, 0L, 6L, 85L, 0L, 0L, 1L, 0L, 1L, 3L, 
    1L, 0L, 0L), .Dim = c(6L, 3L), .Dimnames = structure(list(
        c("-2", "-1", "0", "1", "2", NA), c("A", "C", NA)), .Names = c("", 
    "")), class = "table"), All.Tags = list(Concordant = list(
        Freqs = structure(c(0, 0, 0, 0, 0, 0, 26, 1983, 6, 1), .Dim = c(5L, 
        2L), .Dimnames = list(c("-2", "-1", "0", "1", "2"), c("A", 
        "C"))), N = 2016), Majority = list(Freqs = structure(c(0, 
    0, 0, 0, 0, 0, 36, 2178, 9, 1), .Dim = c(5L, 2L), .Dimnames = list(
        c("-2", "-1", "0", "1", "2"), c("A", "C"))), N = 2224)), 
    `2` = structure(c(0, 0, 0, 0, 0, 0, 14, 1641, 4, 0), .Dim = c(5L, 
    2L), .Dimnames = list(c("-2", "-1", "0", "1", "2"), c("A", 
    "C"))))))
