Results <-
list(`bwaOutput/20210421msiMNRsJenny/1385_S142.sam` = list(GM01_SNP1 = list(
    All = list(Freqs = structure(c(0L, 0L, 1L, 0L, 0L, 1L, 198L, 
    9870L, 52L, 16L, 0L, 0L, 10L, 0L, 0L, 0L, 2L, 89L, 3L, 0L
    ), .Dim = 5:4, .Dimnames = structure(list(c("-2", "-1", "0", 
    "1", NA), c("-", "A", "G", NA)), .Names = c("", "")), class = "table"), 
        N = 10242L), Tag.Distribution = structure(c(`1` = 550L, 
    `2` = 518L, `3` = 392L, `4` = 297L, `5` = 220L, `6` = 153L, 
    `7` = 125L, `8` = 87L, `9` = 63L, `10` = 50L, `11` = 25L, 
    `12` = 16L, `13` = 15L, `14` = 12L, `15` = 12L, `16` = 11L, 
    `17` = 5L, `19` = 3L, `20` = 1L, `21` = 1L, `22` = 1L, `23` = 2L, 
    `24` = 1L, `27` = 1L), .Dim = 24L, .Dimnames = structure(list(
        c("1", "2", "3", "4", "5", "6", "7", "8", "9", "10", 
        "11", "12", "13", "14", "15", "16", "17", "19", "20", 
        "21", "22", "23", "24", "27")), .Names = ""), class = "table"), 
    No.Tag = structure(c(0L, 0L, 0L, 0L, 0L, 0L, 5L, 136L, 0L, 
    1L, 0L, 0L, 0L, 0L, 0L, 0L, 0L, 6L, 0L, 0L), .Dim = 5:4, .Dimnames = structure(list(
        c("-2", "-1", "0", "1", NA), c("-", "A", "G", NA)), .Names = c("", 
    "")), class = "table"), All.Tags = list(Concordant = list(
        Freqs = structure(c(0, 0, 0, 0, 0, 10, 2331, 5, 0, 0, 
        2, 0), .Dim = 4:3, .Dimnames = list(c("-2", "-1", "0", 
        "1"), c("-", "A", "G"))), N = 2348), Majority = list(
        Freqs = structure(c(0, 0, 0, 0, 0, 12, 2512, 5, 0, 0, 
        2, 0), .Dim = 4:3, .Dimnames = list(c("-2", "-1", "0", 
        "1"), c("-", "A", "G"))), N = 2531)), `2` = structure(c(0, 
    0, 0, 0, 0, 3, 1983, 1, 0, 0, 0, 0), .Dim = 4:3, .Dimnames = list(
        c("-2", "-1", "0", "1"), c("-", "A", "G"))))))
