Results <-
list(`bwaOutput/20210421msiMNRsJenny/1385_S142.sam` = list(GM26_SNP1 = list(
    All = list(Freqs = structure(c(3L, 158L, 8374L, 42L, 1L, 
    15L, 0L, 0L, 2L, 0L, 0L, 0L, 0L, 0L, 1L, 0L, 0L, 0L, 0L, 
    3L, 64L, 1L, 0L, 0L), .Dim = c(6L, 4L), .Dimnames = structure(list(
        c("-2", "-1", "0", "1", "2", NA), c("A", "G", "T", NA
        )), .Names = c("", "")), class = "table"), N = 8664L), 
    Tag.Distribution = structure(c(`1` = 535L, `2` = 490L, `3` = 346L, 
    `4` = 286L, `5` = 213L, `6` = 138L, `7` = 118L, `8` = 63L, 
    `9` = 30L, `10` = 33L, `11` = 22L, `12` = 13L, `13` = 8L, 
    `14` = 3L, `15` = 5L, `16` = 5L, `17` = 5L, `18` = 2L, `19` = 1L, 
    `21` = 1L, `23` = 1L), .Dim = 21L, .Dimnames = structure(list(
        c("1", "2", "3", "4", "5", "6", "7", "8", "9", "10", 
        "11", "12", "13", "14", "15", "16", "17", "18", "19", 
        "21", "23")), .Names = ""), class = "table"), No.Tag = structure(c(0L, 
    3L, 248L, 1L, 0L, 0L, 0L, 0L, 0L, 0L, 0L, 0L, 0L, 0L, 0L, 
    0L, 0L, 0L, 0L, 0L, 9L, 0L, 0L, 0L), .Dim = c(6L, 4L), .Dimnames = structure(list(
        c("-2", "-1", "0", "1", "2", NA), c("A", "G", "T", NA
        )), .Names = c("", "")), class = "table"), All.Tags = list(
        Concordant = list(Freqs = structure(c(0, 23, 2166, 6, 
        0, 0, 0, 0, 0, 0, 0, 0, 0, 0, 0), .Dim = c(5L, 3L), .Dimnames = list(
            c("-2", "-1", "0", "1", "2"), c("A", "G", "T"))), 
            N = 2195), Majority = list(Freqs = structure(c(0, 
        32, 2257, 7, 0, 0, 0, 0, 0, 0, 0, 0, 0, 0, 0), .Dim = c(5L, 
        3L), .Dimnames = list(c("-2", "-1", "0", "1", "2"), c("A", 
        "G", "T"))), N = 2296)), `2` = structure(c(0, 15, 1750, 
    1, 0, 0, 0, 0, 0, 0, 0, 0, 0, 0, 0), .Dim = c(5L, 3L), .Dimnames = list(
        c("-2", "-1", "0", "1", "2"), c("A", "G", "T"))))))
