Results <-
list(`bwaOutput/20210421msiMNRsJenny/1385_S142.sam` = list(LR49_SNP1 = list(
    All = list(Freqs = structure(c(3L, 55L, 5626L, 5L, 3L, 0L, 
    27L, 5808L, 5L, 5L, 0L, 1L, 94L, 0L, 0L), .Dim = c(5L, 3L
    ), .Dimnames = structure(list(c("-2", "-1", "0", "1", NA), 
        c("A", "G", NA)), .Names = c("", "")), class = "table"), 
        N = 11632L), Tag.Distribution = structure(c(`1` = 604L, 
    `2` = 506L, `3` = 383L, `4` = 336L, `5` = 240L, `6` = 179L, 
    `7` = 131L, `8` = 104L, `9` = 70L, `10` = 56L, `11` = 43L, 
    `12` = 21L, `13` = 28L, `14` = 12L, `15` = 18L, `16` = 6L, 
    `17` = 5L, `18` = 2L, `19` = 5L, `20` = 4L, `21` = 2L, `24` = 1L, 
    `25` = 1L, `31` = 1L), .Dim = 24L, .Dimnames = structure(list(
        c("1", "2", "3", "4", "5", "6", "7", "8", "9", "10", 
        "11", "12", "13", "14", "15", "16", "17", "18", "19", 
        "20", "21", "24", "25", "31")), .Names = ""), class = "table"), 
    No.Tag = structure(c(0L, 0L, 116L, 0L, 0L, 0L, 0L, 146L, 
    0L, 0L, 0L, 0L, 7L, 0L, 0L), .Dim = c(5L, 3L), .Dimnames = structure(list(
        c("-2", "-1", "0", "1", NA), c("A", "G", NA)), .Names = c("", 
    "")), class = "table"), All.Tags = list(Concordant = list(
        Freqs = structure(c(0, 5, 798, 1, 0, 1, 806, 0), .Dim = c(4L, 
        2L), .Dimnames = list(c("-2", "-1", "0", "1"), c("A", 
        "G"))), N = 1611), Majority = list(Freqs = structure(c(1, 
    8, 1251, 1, 0, 3, 1264, 0), .Dim = c(4L, 2L), .Dimnames = list(
        c("-2", "-1", "0", "1"), c("A", "G"))), N = 2528)), `2` = structure(c(1, 
    5, 943, 0, 0, 3, 975, 0), .Dim = c(4L, 2L), .Dimnames = list(
        c("-2", "-1", "0", "1"), c("A", "G"))))))
