Results <-
list(`bwaOutput/20210421msiMNRsJenny/1385_S142.sam` = list(DEPDC2_SNP1 = list(
    All = list(Freqs = structure(c(0L, 1L, 0L, 0L, 0L, 0L, 2L, 
    0L, 0L, 0L, 89L, 8609L, 92L, 1L, 57L, 0L, 1L, 0L, 0L, 0L, 
    126L, 9488L, 54L, 0L, 38L, 0L, 140L, 1L, 0L, 0L), .Dim = 5:6, .Dimnames = structure(list(
        c("-1", "0", "1", "2", NA), c("-", "A", "C", "G", "T", 
        NA)), .Names = c("", "")), class = "table"), N = 18699L), 
    Tag.Distribution = structure(c(`1` = 540L, `2` = 459L, `3` = 452L, 
    `4` = 399L, `5` = 313L, `6` = 282L, `7` = 189L, `8` = 172L, 
    `9` = 144L, `10` = 124L, `11` = 79L, `12` = 66L, `13` = 58L, 
    `14` = 44L, `15` = 22L, `16` = 31L, `17` = 15L, `18` = 14L, 
    `19` = 9L, `20` = 10L, `21` = 7L, `22` = 6L, `23` = 3L, `24` = 4L, 
    `25` = 2L, `27` = 1L, `28` = 3L, `29` = 2L, `32` = 1L, `33` = 1L
    ), .Dim = 30L, .Dimnames = structure(list(c("1", "2", "3", 
    "4", "5", "6", "7", "8", "9", "10", "11", "12", "13", "14", 
    "15", "16", "17", "18", "19", "20", "21", "22", "23", "24", 
    "25", "27", "28", "29", "32", "33")), .Names = ""), class = "table"), 
    No.Tag = structure(c(0L, 0L, 0L, 0L, 0L, 0L, 0L, 0L, 0L, 
    0L, 1L, 144L, 0L, 0L, 1L, 0L, 0L, 0L, 0L, 0L, 3L, 163L, 2L, 
    0L, 4L, 0L, 16L, 0L, 0L, 0L), .Dim = 5:6, .Dimnames = structure(list(
        c("-1", "0", "1", "2", NA), c("-", "A", "C", "G", "T", 
        NA)), .Names = c("", "")), class = "table"), All.Tags = list(
        Concordant = list(Freqs = structure(c(0, 0, 0, 0, 0, 
        0, 0, 0, 4, 699, 3, 0, 0, 0, 0, 0, 2, 800, 2, 0), .Dim = 4:5, .Dimnames = list(
            c("-1", "0", "1", "2"), c("-", "A", "C", "G", "T"
            ))), N = 1510), Majority = list(Freqs = structure(c(0, 
        0, 0, 0, 0, 0, 0, 0, 4, 1452, 5, 0, 0, 0, 0, 0, 4, 1657, 
        2, 0), .Dim = 4:5, .Dimnames = list(c("-1", "0", "1", 
        "2"), c("-", "A", "C", "G", "T"))), N = 3124)), `2` = structure(c(0, 
    0, 0, 0, 0, 0, 0, 0, 3, 1204, 3, 0, 0, 0, 0, 0, 3, 1377, 
    0, 0), .Dim = 4:5, .Dimnames = list(c("-1", "0", "1", "2"
    ), c("-", "A", "C", "G", "T"))))))
