Results <-
list(`bwaOutput/20210421msiMNRsJenny/1385_S142.sam` = list(LR36_SNP1 = list(
    All = list(Freqs = structure(c(1L, 6L, 156L, 4161L, 90L, 
    2L, 44L, 0L, 0L, 1L, 0L, 0L, 0L, 0L, 0L, 0L, 0L, 1L, 0L, 
    0L, 0L, 0L, 39L, 1654L, 2266L, 29L, 2L, 64L, 0L, 0L, 32L, 
    155L, 0L, 1L, 0L), .Dim = c(7L, 5L), .Dimnames = structure(list(
        c("-3", "-2", "-1", "0", "1", "2", NA), c("A", "C", "G", 
        "T", NA)), .Names = c("", "")), class = "table"), N = 8704L), 
    Tag.Distribution = structure(c(`1` = 607L, `2` = 505L, `3` = 387L, 
    `4` = 302L, `5` = 207L, `6` = 141L, `7` = 72L, `8` = 69L, 
    `9` = 46L, `10` = 24L, `11` = 18L, `12` = 13L, `13` = 5L, 
    `14` = 7L, `15` = 1L, `16` = 5L, `17` = 6L, `18` = 5L), .Dim = 18L, .Dimnames = structure(list(
        c("1", "2", "3", "4", "5", "6", "7", "8", "9", "10", 
        "11", "12", "13", "14", "15", "16", "17", "18")), .Names = ""), class = "table"), 
    No.Tag = structure(c(0L, 0L, 3L, 157L, 10L, 0L, 9L, 0L, 0L, 
    0L, 0L, 0L, 0L, 0L, 0L, 0L, 0L, 1L, 0L, 0L, 0L, 0L, 3L, 25L, 
    85L, 1L, 0L, 10L, 0L, 0L, 3L, 16L, 0L, 0L, 0L), .Dim = c(7L, 
    5L), .Dimnames = structure(list(c("-3", "-2", "-1", "0", 
    "1", "2", NA), c("A", "C", "G", "T", NA)), .Names = c("", 
    "")), class = "table"), All.Tags = list(Concordant = list(
        Freqs = structure(c(0, 1, 19, 789, 10, 0, 0, 0, 0, 0, 
        0, 0, 0, 0, 0, 0, 0, 0, 0, 4, 292, 391, 0, 0), .Dim = c(6L, 
        4L), .Dimnames = list(c("-3", "-2", "-1", "0", "1", "2"
        ), c("A", "C", "G", "T"))), N = 1506), Majority = list(
        Freqs = structure(c(0, 1, 21, 1115, 10, 0, 0, 0, 0, 0, 
        0, 0, 0, 0, 0, 0, 0, 0, 0, 4, 429, 581, 0, 0), .Dim = c(6L, 
        4L), .Dimnames = list(c("-3", "-2", "-1", "0", "1", "2"
        ), c("A", "C", "G", "T"))), N = 2161)), `2` = structure(c(0, 
    0, 10, 820, 2, 0, 0, 0, 0, 0, 0, 0, 0, 0, 0, 0, 0, 0, 0, 
    1, 303, 437, 0, 0), .Dim = c(6L, 4L), .Dimnames = list(c("-3", 
    "-2", "-1", "0", "1", "2"), c("A", "C", "G", "T"))))))
