Results <-
list(`bwaOutput/20210421msiMNRsJenny/1385_S142.sam` = list(LR10_SNP1 = list(
    All = list(Freqs = structure(c(0L, 1L, 7L, 0L, 0L, 4L, 225L, 
    8861L, 67L, 13L, 0L, 2L, 93L, 3L, 0L), .Dim = c(5L, 3L), .Dimnames = structure(list(
        c("-2", "-1", "0", "1", NA), c("C", "T", NA)), .Names = c("", 
    "")), class = "table"), N = 9276L), Tag.Distribution = structure(c(`1` = 559L, 
    `2` = 495L, `3` = 401L, `4` = 288L, `5` = 198L, `6` = 151L, 
    `7` = 99L, `8` = 77L, `9` = 59L, `10` = 38L, `11` = 31L, 
    `12` = 25L, `13` = 10L, `14` = 10L, `15` = 4L, `16` = 1L, 
    `18` = 1L, `25` = 1L), .Dim = 18L, .Dimnames = structure(list(
        c("1", "2", "3", "4", "5", "6", "7", "8", "9", "10", 
        "11", "12", "13", "14", "15", "16", "18", "25")), .Names = ""), class = "table"), 
    No.Tag = structure(c(0L, 0L, 0L, 0L, 0L, 0L, 1L, 214L, 4L, 
    0L, 0L, 0L, 7L, 0L, 0L), .Dim = c(5L, 3L), .Dimnames = structure(list(
        c("-2", "-1", "0", "1", NA), c("C", "T", NA)), .Names = c("", 
    "")), class = "table"), All.Tags = list(Concordant = list(
        Freqs = structure(c(0, 0, 2, 0, 0, 26, 2217, 6), .Dim = c(4L, 
        2L), .Dimnames = list(c("-2", "-1", "0", "1"), c("C", 
        "T"))), N = 2251), Majority = list(Freqs = structure(c(0, 
    0, 2, 0, 0, 35, 2371, 7), .Dim = c(4L, 2L), .Dimnames = list(
        c("-2", "-1", "0", "1"), c("C", "T"))), N = 2415)), `2` = structure(c(0, 
    0, 0, 0, 0, 20, 1840, 2), .Dim = c(4L, 2L), .Dimnames = list(
        c("-2", "-1", "0", "1"), c("C", "T"))))))
