Results <-
list(`bwaOutput/20210421msiMNRsJenny/1385_S142.sam` = list(IM49_SNP1 = list(
    All = list(Freqs = structure(c(30L, 465L, 6330L, 202L, 3L, 
    57L, 0L, 0L, 3L, 0L, 0L, 0L, 0L, 0L, 1L, 0L, 0L, 0L, 0L, 
    1L, 202L, 3L, 0L, 0L), .Dim = c(6L, 4L), .Dimnames = structure(list(
        c("-2", "-1", "0", "1", "2", NA), c("C", "G", "T", NA
        )), .Names = c("", "")), class = "table"), N = 7297L), 
    Tag.Distribution = structure(c(`1` = 768L, `2` = 568L, `3` = 416L, 
    `4` = 273L, `5` = 175L, `6` = 106L, `7` = 58L, `8` = 38L, 
    `9` = 34L, `10` = 11L, `11` = 7L, `12` = 4L, `13` = 2L, `14` = 1L, 
    `15` = 1L), .Dim = 15L, .Dimnames = structure(list(c("1", 
    "2", "3", "4", "5", "6", "7", "8", "9", "10", "11", "12", 
    "13", "14", "15")), .Names = ""), class = "table"), No.Tag = structure(c(2L, 
    19L, 198L, 5L, 0L, 2L, 0L, 0L, 0L, 0L, 0L, 0L, 0L, 0L, 0L, 
    0L, 0L, 0L, 0L, 0L, 9L, 1L, 0L, 0L), .Dim = c(6L, 4L), .Dimnames = structure(list(
        c("-2", "-1", "0", "1", "2", NA), c("C", "G", "T", NA
        )), .Names = c("", "")), class = "table"), All.Tags = list(
        Concordant = list(Freqs = structure(c(4, 69, 1920, 26, 
        0, 0, 0, 0, 0, 0, 0, 0, 0, 0, 0), .Dim = c(5L, 3L), .Dimnames = list(
            c("-2", "-1", "0", "1", "2"), c("C", "G", "T"))), 
            N = 2019), Majority = list(Freqs = structure(c(7, 
        84, 2191, 29, 0, 0, 0, 0, 0, 0, 0, 0, 0, 0, 0), .Dim = c(5L, 
        3L), .Dimnames = list(c("-2", "-1", "0", "1", "2"), c("C", 
        "G", "T"))), N = 2311)), `2` = structure(c(4, 44, 1529, 
    4, 0, 0, 0, 0, 0, 0, 0, 0, 0, 0, 0), .Dim = c(5L, 3L), .Dimnames = list(
        c("-2", "-1", "0", "1", "2"), c("C", "G", "T"))))))
