Results <-
list(`bwaOutput/20210421msiMNRsJenny/1385_S142.sam` = list(GM22_SNP1 = list(
    All = list(Freqs = structure(c(2L, 63L, 3810L, 27L, 1L, 6L, 
    2L, 125L, 3511L, 16L, 0L, 6L, 0L, 2L, 116L, 1L, 0L, 0L), .Dim = c(6L, 
    3L), .Dimnames = structure(list(c("-2", "-1", "0", "1", "2", 
    NA), c("A", "G", NA)), .Names = c("", "")), class = "table"), 
        N = 7688L), Tag.Distribution = structure(c(`1` = 513L, 
    `2` = 486L, `3` = 380L, `4` = 265L, `5` = 161L, `6` = 132L, 
    `7` = 92L, `8` = 57L, `9` = 39L, `10` = 29L, `11` = 18L, 
    `12` = 11L, `13` = 5L, `14` = 2L, `15` = 2L, `16` = 1L, `20` = 1L
    ), .Dim = 17L, .Dimnames = structure(list(c("1", "2", "3", 
    "4", "5", "6", "7", "8", "9", "10", "11", "12", "13", "14", 
    "15", "16", "20")), .Names = ""), class = "table"), No.Tag = structure(c(0L, 
    3L, 77L, 1L, 0L, 1L, 0L, 0L, 81L, 0L, 0L, 0L, 0L, 0L, 13L, 
    0L, 0L, 0L), .Dim = c(6L, 3L), .Dimnames = structure(list(
        c("-2", "-1", "0", "1", "2", NA), c("A", "G", NA)), .Names = c("", 
    "")), class = "table"), All.Tags = list(Concordant = list(
        Freqs = structure(c(0, 5, 825, 3, 0, 0, 18, 722, 1, 0
        ), .Dim = c(5L, 2L), .Dimnames = list(c("-2", "-1", "0", 
        "1", "2"), c("A", "G"))), N = 1574), Majority = list(
        Freqs = structure(c(0, 6, 1063, 3, 0, 0, 23, 949, 1, 
        0), .Dim = c(5L, 2L), .Dimnames = list(c("-2", "-1", 
        "0", "1", "2"), c("A", "G"))), N = 2045)), `2` = structure(c(0, 
    2, 802, 1, 0, 0, 16, 729, 0, 0), .Dim = c(5L, 2L), .Dimnames = list(
        c("-2", "-1", "0", "1", "2"), c("A", "G"))))))
