Results <-
list(`bwaOutput/20210421msiMNRsJenny/1385_S142.sam` = list(GM17_SNP1 = list(
    All = list(Freqs = structure(c(0L, 0L, 0L, 2L, 0L, 0L, 1L, 
    3L, 482L, 10160L, 53L, 9L, 0L, 0L, 0L, 12L, 0L, 1L, 0L, 0L, 
    2L, 84L, 0L, 0L), .Dim = c(6L, 4L), .Dimnames = structure(list(
        c("-3", "-2", "-1", "0", "1", NA), c("A", "C", "T", NA
        )), .Names = c("", "")), class = "table"), N = 10809L), 
    Tag.Distribution = structure(c(`1` = 562L, `2` = 513L, `3` = 386L, 
    `4` = 288L, `5` = 245L, `6` = 186L, `7` = 152L, `8` = 93L, 
    `9` = 68L, `10` = 49L, `11` = 39L, `12` = 23L, `13` = 20L, 
    `14` = 8L, `15` = 4L, `16` = 2L, `17` = 2L, `18` = 1L, `19` = 3L, 
    `20` = 3L, `21` = 1L, `24` = 1L, `28` = 1L), .Dim = 23L, .Dimnames = structure(list(
        c("1", "2", "3", "4", "5", "6", "7", "8", "9", "10", 
        "11", "12", "13", "14", "15", "16", "17", "18", "19", 
        "20", "21", "24", "28")), .Names = ""), class = "table"), 
    No.Tag = structure(c(0L, 0L, 0L, 0L, 0L, 0L, 0L, 0L, 2L, 
    230L, 2L, 1L, 0L, 0L, 0L, 2L, 0L, 0L, 0L, 0L, 0L, 12L, 0L, 
    0L), .Dim = c(6L, 4L), .Dimnames = structure(list(c("-3", 
    "-2", "-1", "0", "1", NA), c("A", "C", "T", NA)), .Names = c("", 
    "")), class = "table"), All.Tags = list(Concordant = list(
        Freqs = structure(c(0, 0, 0, 0, 0, 0, 0, 50, 2318, 2, 
        0, 0, 0, 0, 0), .Dim = c(5L, 3L), .Dimnames = list(c("-3", 
        "-2", "-1", "0", "1"), c("A", "C", "T"))), N = 2370), 
        Majority = list(Freqs = structure(c(0, 0, 0, 0, 0, 0, 
        0, 75, 2529, 5, 0, 0, 0, 0, 0), .Dim = c(5L, 3L), .Dimnames = list(
            c("-3", "-2", "-1", "0", "1"), c("A", "C", "T"))), 
            N = 2609)), `2` = structure(c(0, 0, 0, 0, 0, 0, 0, 
    55, 2000, 3, 0, 0, 0, 0, 0), .Dim = c(5L, 3L), .Dimnames = list(
        c("-3", "-2", "-1", "0", "1"), c("A", "C", "T"))))))
