Results <-
list(`bwaOutput/20210421msiMNRsJenny/1385_S142.sam` = list(GM14_SNP1 = list(
    All = list(Freqs = structure(c(1L, 6L, 234L, 4112L, 908L, 
    27L, 24L, 2L, 4L, 229L, 4945L, 36L, 1L, 7L, 0L, 0L, 2L, 139L, 
    12L, 0L, 0L), .Dim = c(7L, 3L), .Dimnames = structure(list(
        c("-3", "-2", "-1", "0", "1", "2", NA), c("C", "T", NA
        )), .Names = c("", "")), class = "table"), N = 10689L), 
    Tag.Distribution = structure(c(`1` = 583L, `2` = 547L, `3` = 437L, 
    `4` = 351L, `5` = 281L, `6` = 195L, `7` = 124L, `8` = 84L, 
    `9` = 69L, `10` = 38L, `11` = 27L, `12` = 13L, `13` = 15L, 
    `14` = 5L, `15` = 7L, `16` = 2L, `17` = 2L, `18` = 4L, `19` = 1L, 
    `20` = 1L), .Dim = 20L, .Dimnames = structure(list(c("1", 
    "2", "3", "4", "5", "6", "7", "8", "9", "10", "11", "12", 
    "13", "14", "15", "16", "17", "18", "19", "20")), .Names = ""), class = "table"), 
    No.Tag = structure(c(0L, 0L, 4L, 86L, 19L, 0L, 0L, 0L, 0L, 
    3L, 62L, 0L, 0L, 0L, 0L, 0L, 0L, 6L, 1L, 0L, 0L), .Dim = c(7L, 
    3L), .Dimnames = structure(list(c("-3", "-2", "-1", "0", 
    "1", "2", NA), c("C", "T", NA)), .Names = c("", "")), class = "table"), 
    All.Tags = list(Concordant = list(Freqs = structure(c(0, 
    0, 16, 650, 108, 5, 0, 0, 19, 800, 1, 0), .Dim = c(6L, 2L
    ), .Dimnames = list(c("-3", "-2", "-1", "0", "1", "2"), c("C", 
    "T"))), N = 1599), Majority = list(Freqs = structure(c(0, 
    0, 29, 1038, 177, 5, 0, 0, 23, 1232, 1, 0), .Dim = c(6L, 
    2L), .Dimnames = list(c("-3", "-2", "-1", "0", "1", "2"), 
        c("C", "T"))), N = 2505)), `2` = structure(c(0, 0, 20, 
    807, 133, 1, 0, 0, 9, 967, 0, 0), .Dim = c(6L, 2L), .Dimnames = list(
        c("-3", "-2", "-1", "0", "1", "2"), c("C", "T"))))))
