Results <-
list(`bwaOutput/20210421msiMNRsJenny/1385_S142.sam` = list(LR46_SNP1 = list(
    All = list(Freqs = structure(c(377L, 3231L, 18L, 1L, 18L, 
    15L, 3305L, 18L, 0L, 2L, 3L, 52L, 0L, 0L, 0L), .Dim = c(5L, 
    3L), .Dimnames = structure(list(c("-1", "0", "1", "2", NA
    ), c("G", "T", NA)), .Names = c("", "")), class = "table"), 
        N = 7040L), Tag.Distribution = structure(c(`1` = 587L, 
    `2` = 444L, `3` = 336L, `4` = 235L, `5` = 166L, `6` = 118L, 
    `7` = 85L, `8` = 62L, `9` = 32L, `10` = 16L, `11` = 5L, `12` = 7L, 
    `13` = 5L, `14` = 5L, `15` = 1L, `16` = 3L, `17` = 2L, `18` = 1L
    ), .Dim = 18L, .Dimnames = structure(list(c("1", "2", "3", 
    "4", "5", "6", "7", "8", "9", "10", "11", "12", "13", "14", 
    "15", "16", "17", "18")), .Names = ""), class = "table"), 
    No.Tag = structure(c(8L, 54L, 0L, 0L, 2L, 1L, 79L, 1L, 0L, 
    0L, 0L, 6L, 0L, 0L, 0L), .Dim = c(5L, 3L), .Dimnames = structure(list(
        c("-1", "0", "1", "2", NA), c("G", "T", NA)), .Names = c("", 
    "")), class = "table"), All.Tags = list(Concordant = list(
        Freqs = structure(c(69, 709, 2, 0, 2, 769, 2, 0), .Dim = c(4L, 
        2L), .Dimnames = list(c("-1", "0", "1", "2"), c("G", 
        "T"))), N = 1553), Majority = list(Freqs = structure(c(95, 
    911, 2, 0, 3, 956, 2, 0), .Dim = c(4L, 2L), .Dimnames = list(
        c("-1", "0", "1", "2"), c("G", "T"))), N = 1969)), `2` = structure(c(69, 
    660, 1, 0, 1, 657, 2, 0), .Dim = c(4L, 2L), .Dimnames = list(
        c("-1", "0", "1", "2"), c("G", "T"))))))
