Results <-
list(`bwaOutput/20210421msiMNRsJenny/1385_S142.sam` = list(LR44_SNP1 = list(
    All = list(Freqs = structure(c(10L, 240L, 2529L, 181L, 4L, 
    0L, 0L, 18L, 1L, 28L, 333L, 2662L, 62L, 0L, 1L, 23L, 1L, 
    2L, 48L, 42L, 1L, 1L, 0L, 0L), .Dim = c(8L, 3L), .Dimnames = structure(list(
        c("-3", "-2", "-1", "0", "1", "2", "7", NA), c("C", "T", 
        NA)), .Names = c("", "")), class = "table"), N = 6187L), 
    Tag.Distribution = structure(c(`1` = 523L, `2` = 426L, `3` = 324L, 
    `4` = 220L, `5` = 127L, `6` = 107L, `7` = 53L, `8` = 45L, 
    `9` = 21L, `10` = 23L, `11` = 15L, `12` = 4L, `13` = 6L, 
    `14` = 1L, `15` = 1L, `16` = 1L, `17` = 2L, `18` = 2L, `20` = 1L
    ), .Dim = 19L, .Dimnames = structure(list(c("1", "2", "3", 
    "4", "5", "6", "7", "8", "9", "10", "11", "12", "13", "14", 
    "15", "16", "17", "18", "20")), .Names = ""), class = "table"), 
    No.Tag = structure(c(0L, 4L, 41L, 2L, 0L, 0L, 0L, 1L, 0L, 
    1L, 3L, 51L, 1L, 0L, 0L, 0L, 0L, 0L, 2L, 1L, 0L, 0L, 0L, 
    0L), .Dim = c(8L, 3L), .Dimnames = structure(list(c("-3", 
    "-2", "-1", "0", "1", "2", "7", NA), c("C", "T", NA)), .Names = c("", 
    "")), class = "table"), All.Tags = list(Concordant = list(
        Freqs = structure(c(0, 25, 555, 37, 2, 0, 0, 0, 4, 47, 
        546, 6, 0, 0), .Dim = c(7L, 2L), .Dimnames = list(c("-3", 
        "-2", "-1", "0", "1", "2", "7"), c("C", "T"))), N = 1222), 
        Majority = list(Freqs = structure(c(0, 32, 770, 46, 2, 
        0, 0, 0, 5, 52, 791, 6, 0, 0), .Dim = c(7L, 2L), .Dimnames = list(
            c("-3", "-2", "-1", "0", "1", "2", "7"), c("C", "T"
            ))), N = 1704)), `2` = structure(c(0, 19, 564, 25, 
    0, 0, 0, 0, 4, 17, 564, 2, 0, 0), .Dim = c(7L, 2L), .Dimnames = list(
        c("-3", "-2", "-1", "0", "1", "2", "7"), c("C", "T"))))))
