Results <-
list(`bwaOutput/20210421msiMNRsJenny/1385_S142.sam` = list(LR17_SNP1 = list(
    All = list(Freqs = structure(c(15L, 558L, 4089L, 87L, 4L, 
    32L, 0L, 0L, 1L, 0L, 0L, 0L, 0L, 13L, 203L, 1L, 0L, 0L), .Dim = c(6L, 
    3L), .Dimnames = structure(list(c("-2", "-1", "0", "1", "2", 
    NA), c("A", "G", NA)), .Names = c("", "")), class = "table"), 
        N = 5003L), Tag.Distribution = structure(c(`1` = 424L, 
    `2` = 373L, `3` = 250L, `4` = 223L, `5` = 135L, `6` = 68L, 
    `7` = 47L, `8` = 30L, `9` = 16L, `10` = 3L, `11` = 2L, `12` = 4L, 
    `13` = 7L, `14` = 1L, `17` = 1L, `19` = 2L), .Dim = 16L, .Dimnames = structure(list(
        c("1", "2", "3", "4", "5", "6", "7", "8", "9", "10", 
        "11", "12", "13", "14", "17", "19")), .Names = ""), class = "table"), 
    No.Tag = structure(c(0L, 15L, 105L, 1L, 0L, 5L, 0L, 0L, 0L, 
    0L, 0L, 0L, 0L, 0L, 9L, 0L, 0L, 0L), .Dim = c(6L, 3L), .Dimnames = structure(list(
        c("-2", "-1", "0", "1", "2", NA), c("A", "G", NA)), .Names = c("", 
    "")), class = "table"), All.Tags = list(Concordant = list(
        Freqs = structure(c(1, 119, 1166, 10, 0, 0, 0, 0, 0, 
        0), .Dim = c(5L, 2L), .Dimnames = list(c("-2", "-1", 
        "0", "1", "2"), c("A", "G"))), N = 1296), Majority = list(
        Freqs = structure(c(1, 145, 1349, 12, 0, 0, 0, 0, 0, 
        0), .Dim = c(5L, 2L), .Dimnames = list(c("-2", "-1", 
        "0", "1", "2"), c("A", "G"))), N = 1507)), `2` = structure(c(0, 
    89, 1013, 3, 0, 0, 0, 0, 0, 0), .Dim = c(5L, 2L), .Dimnames = list(
        c("-2", "-1", "0", "1", "2"), c("A", "G"))))))
