Results <-
list(`bwaOutput/20210421msiMNRsJenny/1385_S142.sam` = list(LR24_SNP1 = list(
    All = list(Freqs = structure(c(1L, 1L, 168L, 19010L, 59L, 
    15L, 0L, 0L, 2L, 13L, 0L, 0L, 0L, 0L, 0L, 1L, 0L, 0L, 0L, 
    0L, 0L, 78L, 0L, 0L), .Dim = c(6L, 4L), .Dimnames = structure(list(
        c("-3", "-2", "-1", "0", "1", NA), c("A", "G", "T", NA
        )), .Names = c("", "")), class = "table"), N = 19348L), 
    Tag.Distribution = structure(c(`1` = 486L, `2` = 553L, `3` = 503L, 
    `4` = 437L, `5` = 402L, `6` = 283L, `7` = 238L, `8` = 203L, 
    `9` = 160L, `10` = 113L, `11` = 68L, `12` = 60L, `13` = 47L, 
    `14` = 37L, `15` = 31L, `16` = 30L, `17` = 16L, `18` = 9L, 
    `19` = 8L, `20` = 5L, `21` = 5L, `22` = 3L, `24` = 2L, `25` = 1L
    ), .Dim = 24L, .Dimnames = structure(list(c("1", "2", "3", 
    "4", "5", "6", "7", "8", "9", "10", "11", "12", "13", "14", 
    "15", "16", "17", "18", "19", "20", "21", "22", "24", "25"
    )), .Names = ""), class = "table"), No.Tag = structure(c(0L, 
    0L, 6L, 440L, 3L, 1L, 0L, 0L, 1L, 0L, 0L, 0L, 0L, 0L, 0L, 
    0L, 0L, 0L, 0L, 0L, 0L, 8L, 0L, 0L), .Dim = c(6L, 4L), .Dimnames = structure(list(
        c("-3", "-2", "-1", "0", "1", NA), c("A", "G", "T", NA
        )), .Names = c("", "")), class = "table"), All.Tags = list(
        Concordant = list(Freqs = structure(c(0, 0, 2, 3492, 
        3, 0, 0, 0, 1, 0, 0, 0, 0, 0, 0), .Dim = c(5L, 3L), .Dimnames = list(
            c("-3", "-2", "-1", "0", "1"), c("A", "G", "T"))), 
            N = 3498), Majority = list(Freqs = structure(c(0, 
        0, 4, 3669, 3, 0, 0, 0, 1, 0, 0, 0, 0, 0, 0), .Dim = c(5L, 
        3L), .Dimnames = list(c("-3", "-2", "-1", "0", "1"), 
            c("A", "G", "T"))), N = 3677)), `2` = structure(c(0, 
    0, 3, 3192, 0, 0, 0, 0, 0, 0, 0, 0, 0, 0, 0), .Dim = c(5L, 
    3L), .Dimnames = list(c("-3", "-2", "-1", "0", "1"), c("A", 
    "G", "T"))))))
