Results <-
list(`bwaOutput/20210421msiMNRsJenny/1385_S142.sam` = list(GM29_SNP1 = list(
    All = list(Freqs = structure(c(2L, 95L, 3970L, 17L, 5L, 2L, 
    71L, 3977L, 16L, 6L, 0L, 0L, 1L, 0L, 0L, 0L, 3L, 63L, 0L, 
    0L), .Dim = 5:4, .Dimnames = structure(list(c("-2", "-1", 
    "0", "1", NA), c("A", "G", "T", NA)), .Names = c("", "")), class = "table"), 
        N = 8228L), Tag.Distribution = structure(c(`1` = 438L, 
    `2` = 340L, `3` = 252L, `4` = 149L, `5` = 145L, `6` = 81L, 
    `7` = 66L, `8` = 46L, `9` = 44L, `10` = 33L, `11` = 31L, 
    `12` = 18L, `13` = 15L, `14` = 13L, `15` = 14L, `16` = 9L, 
    `17` = 11L, `18` = 6L, `19` = 7L, `20` = 3L, `21` = 4L, `22` = 7L, 
    `23` = 3L, `24` = 6L, `25` = 2L, `26` = 2L, `27` = 3L, `28` = 2L, 
    `29` = 3L, `30` = 1L, `32` = 1L, `35` = 1L, `37` = 1L, `43` = 1L, 
    `47` = 1L), .Dim = 35L, .Dimnames = structure(list(c("1", 
    "2", "3", "4", "5", "6", "7", "8", "9", "10", "11", "12", 
    "13", "14", "15", "16", "17", "18", "19", "20", "21", "22", 
    "23", "24", "25", "26", "27", "28", "29", "30", "32", "35", 
    "37", "43", "47")), .Names = ""), class = "table"), No.Tag = structure(c(0L, 
    1L, 112L, 0L, 1L, 0L, 0L, 96L, 0L, 1L, 0L, 0L, 0L, 0L, 0L, 
    0L, 0L, 3L, 0L, 0L), .Dim = 5:4, .Dimnames = structure(list(
        c("-2", "-1", "0", "1", NA), c("A", "G", "T", NA)), .Names = c("", 
    "")), class = "table"), All.Tags = list(Concordant = list(
        Freqs = structure(c(0, 7, 547, 1, 1, 3, 560, 0, 0, 0, 
        0, 0), .Dim = 4:3, .Dimnames = list(c("-2", "-1", "0", 
        "1"), c("A", "G", "T"))), N = 1119), Majority = list(
        Freqs = structure(c(0, 12, 821, 1, 1, 4, 807, 0, 0, 0, 
        0, 0), .Dim = 4:3, .Dimnames = list(c("-2", "-1", "0", 
        "1"), c("A", "G", "T"))), N = 1646)), `2` = structure(c(0, 
    6, 607, 0, 0, 2, 599, 0, 0, 0, 0, 0), .Dim = 4:3, .Dimnames = list(
        c("-2", "-1", "0", "1"), c("A", "G", "T"))))))
