Results <-
list(`bwaOutput/20210421msiMNRsJenny/1385_S142.sam` = list(GM09_SNP1 = list(
    All = list(Freqs = structure(c(0L, 1L, 0L, 0L, 0L, 83L, 10409L, 
    13L, 1L, 3L, 78L, 9570L, 26L, 0L, 7L, 0L, 3L, 0L, 0L, 0L, 
    1L, 117L, 0L, 0L, 0L), .Dim = c(5L, 5L), .Dimnames = structure(list(
        c("-1", "0", "1", "2", NA), c("-", "A", "G", "T", NA)), .Names = c("", 
    "")), class = "table"), N = 20312L), Tag.Distribution = structure(c(`1` = 482L, 
    `2` = 421L, `3` = 380L, `4` = 321L, `5` = 310L, `6` = 207L, 
    `7` = 203L, `8` = 157L, `9` = 121L, `10` = 108L, `11` = 91L, 
    `12` = 64L, `13` = 52L, `14` = 50L, `15` = 50L, `16` = 32L, 
    `17` = 33L, `18` = 29L, `19` = 15L, `20` = 12L, `21` = 13L, 
    `22` = 10L, `23` = 12L, `24` = 14L, `25` = 9L, `26` = 8L, 
    `27` = 3L, `28` = 5L, `29` = 4L, `30` = 3L, `31` = 4L, `32` = 1L, 
    `34` = 2L, `35` = 1L, `36` = 1L, `37` = 2L, `38` = 1L, `42` = 1L, 
    `46` = 2L, `47` = 1L), .Dim = 40L, .Dimnames = structure(list(
        c("1", "2", "3", "4", "5", "6", "7", "8", "9", "10", 
        "11", "12", "13", "14", "15", "16", "17", "18", "19", 
        "20", "21", "22", "23", "24", "25", "26", "27", "28", 
        "29", "30", "31", "32", "34", "35", "36", "37", "38", 
        "42", "46", "47")), .Names = ""), class = "table"), No.Tag = structure(c(0L, 
    0L, 0L, 0L, 0L, 2L, 167L, 1L, 0L, 0L, 0L, 168L, 1L, 0L, 0L, 
    0L, 0L, 0L, 0L, 0L, 1L, 18L, 0L, 0L, 0L), .Dim = c(5L, 5L
    ), .Dimnames = structure(list(c("-1", "0", "1", "2", NA), 
        c("-", "A", "G", "T", NA)), .Names = c("", "")), class = "table"), 
    All.Tags = list(Concordant = list(Freqs = structure(c(0, 
    0, 0, 0, 3, 804, 0, 0, 0, 737, 0, 0, 0, 0, 0, 0), .Dim = c(4L, 
    4L), .Dimnames = list(c("-1", "0", "1", "2"), c("-", "A", 
    "G", "T"))), N = 1544), Majority = list(Freqs = structure(c(0, 
    0, 0, 0, 3, 1569, 0, 0, 3, 1426, 0, 0, 0, 0, 0, 0), .Dim = c(4L, 
    4L), .Dimnames = list(c("-1", "0", "1", "2"), c("-", "A", 
    "G", "T"))), N = 3001)), `2` = structure(c(0, 0, 0, 0, 0, 
    1333, 0, 0, 3, 1187, 0, 0, 0, 0, 0, 0), .Dim = c(4L, 4L), .Dimnames = list(
        c("-1", "0", "1", "2"), c("-", "A", "G", "T"))))))
