Results <-
list(`bwaOutput/20210421msiMNRsJenny/1385_S142.sam` = list(LR48_SNP1 = list(
    All = list(Freqs = structure(c(29L, 1982L, 1675L, 40L, 1L, 
    27L, 6L, 257L, 3224L, 78L, 1L, 10L, 0L, 5L, 117L, 2L, 0L, 
    0L), .Dim = c(6L, 3L), .Dimnames = structure(list(c("-2", 
    "-1", "0", "1", "2", NA), c("C", "T", NA)), .Names = c("", 
    "")), class = "table"), N = 7454L), Tag.Distribution = structure(c(`1` = 435L, 
    `2` = 349L, `3` = 327L, `4` = 231L, `5` = 181L, `6` = 111L, 
    `7` = 87L, `8` = 63L, `9` = 51L, `10` = 26L, `11` = 17L, 
    `12` = 15L, `13` = 10L, `14` = 7L, `15` = 2L, `16` = 3L, 
    `17` = 5L, `18` = 1L, `19` = 2L, `20` = 1L), .Dim = 20L, .Dimnames = structure(list(
        c("1", "2", "3", "4", "5", "6", "7", "8", "9", "10", 
        "11", "12", "13", "14", "15", "16", "17", "18", "19", 
        "20")), .Names = ""), class = "table"), No.Tag = structure(c(0L, 
    54L, 50L, 0L, 0L, 3L, 1L, 3L, 52L, 0L, 0L, 1L, 0L, 1L, 13L, 
    1L, 0L, 0L), .Dim = c(6L, 3L), .Dimnames = structure(list(
        c("-2", "-1", "0", "1", "2", NA), c("C", "T", NA)), .Names = c("", 
    "")), class = "table"), All.Tags = list(Concordant = list(
        Freqs = structure(c(3, 327, 248, 2, 0, 1, 31, 596, 5, 
        0), .Dim = c(5L, 2L), .Dimnames = list(c("-2", "-1", 
        "0", "1", "2"), c("C", "T"))), N = 1213), Majority = list(
        Freqs = structure(c(3, 456, 380, 4, 0, 1, 46, 862, 7, 
        0), .Dim = c(5L, 2L), .Dimnames = list(c("-2", "-1", 
        "0", "1", "2"), c("C", "T"))), N = 1759)), `2` = structure(c(2, 
    363, 292, 2, 0, 0, 32, 646, 3, 0), .Dim = c(5L, 2L), .Dimnames = list(
        c("-2", "-1", "0", "1", "2"), c("C", "T"))))))
