Results <-
list(`bwaOutput/20210421msiMNRsJenny/1385_S142.sam` = list(GM07_SNP1 = list(
    All = list(Freqs = structure(c(0L, 1L, 5L, 0L, 0L, 2L, 22L, 
    947L, 8163L, 432L, 17L, 181L, 0L, 0L, 0L, 0L, 0L, 1L, 0L, 
    9L, 108L, 4L, 0L, 0L), .Dim = c(6L, 4L), .Dimnames = structure(list(
        c("-2", "-1", "0", "1", "2", NA), c("A", "G", "T", NA
        )), .Names = c("", "")), class = "table"), N = 9892L), 
    Tag.Distribution = structure(c(`1` = 617L, `2` = 472L, `3` = 392L, 
    `4` = 317L, `5` = 231L, `6` = 153L, `7` = 103L, `8` = 83L, 
    `9` = 57L, `10` = 37L, `11` = 37L, `12` = 22L, `13` = 8L, 
    `14` = 10L, `15` = 6L, `16` = 4L, `17` = 5L, `18` = 1L, `19` = 1L, 
    `21` = 3L, `25` = 1L), .Dim = 21L, .Dimnames = structure(list(
        c("1", "2", "3", "4", "5", "6", "7", "8", "9", "10", 
        "11", "12", "13", "14", "15", "16", "17", "18", "19", 
        "21", "25")), .Names = ""), class = "table"), No.Tag = structure(c(0L, 
    1L, 0L, 0L, 0L, 0L, 2L, 29L, 193L, 6L, 1L, 26L, 0L, 0L, 0L, 
    0L, 0L, 0L, 0L, 0L, 9L, 0L, 0L, 0L), .Dim = c(6L, 4L), .Dimnames = structure(list(
        c("-2", "-1", "0", "1", "2", NA), c("A", "G", "T", NA
        )), .Names = c("", "")), class = "table"), All.Tags = list(
        Concordant = list(Freqs = structure(c(0, 0, 2, 0, 0, 
        2, 111, 1647, 26, 2, 0, 0, 0, 0, 0), .Dim = c(5L, 3L), .Dimnames = list(
            c("-2", "-1", "0", "1", "2"), c("A", "G", "T"))), 
            N = 1790), Majority = list(Freqs = structure(c(0, 
        0, 2, 0, 0, 2, 151, 2228, 35, 2, 0, 0, 0, 0, 0), .Dim = c(5L, 
        3L), .Dimnames = list(c("-2", "-1", "0", "1", "2"), c("A", 
        "G", "T"))), N = 2420)), `2` = structure(c(0, 0, 0, 0, 
    0, 0, 85, 1721, 16, 0, 0, 0, 0, 0, 0), .Dim = c(5L, 3L), .Dimnames = list(
        c("-2", "-1", "0", "1", "2"), c("A", "G", "T"))))))
