Results <-
list(`bwaOutput/20210421msiMNRsJenny/1386_S143.sam` = list(GM29_SNP1 = list(
    All = list(Freqs = structure(c(0L, 9L, 443L, 812L, 4L, 1L, 
    2L, 1L, 1L, 109L, 1146L, 4L, 0L, 5L, 0L, 0L, 3L, 11L, 0L, 
    0L, 0L), .Dim = c(7L, 3L), .Dimnames = structure(list(c("-3", 
    "-2", "-1", "0", "1", "2", NA), c("A", "G", NA)), .Names = c("", 
    "")), class = "table"), N = 2551L), Tag.Distribution = structure(c(`1` = 286L, 
    `2` = 223L, `3` = 139L, `4` = 66L, `5` = 49L, `6` = 35L, 
    `7` = 19L, `8` = 15L, `9` = 11L, `10` = 9L, `11` = 2L, `12` = 4L, 
    `13` = 2L, `17` = 1L, `18` = 1L, `19` = 1L, `25` = 1L), .Dim = 17L, .Dimnames = structure(list(
        c("1", "2", "3", "4", "5", "6", "7", "8", "9", "10", 
        "11", "12", "13", "17", "18", "19", "25")), .Names = ""), class = "table"), 
    No.Tag = structure(c(0L, 0L, 13L, 23L, 0L, 0L, 0L, 0L, 0L, 
    2L, 27L, 0L, 0L, 0L, 0L, 0L, 1L, 0L, 0L, 0L, 0L), .Dim = c(7L, 
    3L), .Dimnames = structure(list(c("-3", "-2", "-1", "0", 
    "1", "2", NA), c("A", "G", NA)), .Names = c("", "")), class = "table"), 
    All.Tags = list(Concordant = list(Freqs = structure(c(0, 
    2, 99, 223, 1, 0, 0, 0, 20, 306, 0, 0), .Dim = c(6L, 2L), .Dimnames = list(
        c("-3", "-2", "-1", "0", "1", "2"), c("A", "G"))), N = 651), 
        Majority = list(Freqs = structure(c(0, 2, 128, 264, 1, 
        0, 0, 0, 28, 379, 0, 0), .Dim = c(6L, 2L), .Dimnames = list(
            c("-3", "-2", "-1", "0", "1", "2"), c("A", "G"))), 
            N = 802)), `2` = structure(c(0, 2, 85, 164, 0, 0, 
    0, 0, 18, 248, 0, 0), .Dim = c(6L, 2L), .Dimnames = list(
        c("-3", "-2", "-1", "0", "1", "2"), c("A", "G"))))))
