Results <-
list(`bwaOutput/20210421msiMNRsJenny/1386_S143.sam` = list(GM07_SNP1 = list(
    All = list(Freqs = structure(c(1L, 2L, 13L, 1L, 0L, 0L, 0L, 
    0L, 11L, 430L, 2381L, 226L, 17L, 1L, 1L, 73L, 0L, 2L, 20L, 
    0L, 0L, 0L, 0L, 0L), .Dim = c(8L, 3L), .Dimnames = structure(list(
        c("-2", "-1", "0", "1", "2", "3", "4", NA), c("A", "G", 
        NA)), .Names = c("", "")), class = "table"), N = 3179L), 
    Tag.Distribution = structure(c(`1` = 421L, `2` = 317L, `3` = 222L, 
    `4` = 131L, `5` = 66L, `6` = 33L, `7` = 24L, `8` = 11L, `9` = 3L, 
    `10` = 2L, `11` = 1L, `12` = 1L), .Dim = 12L, .Dimnames = structure(list(
        c("1", "2", "3", "4", "5", "6", "7", "8", "9", "10", 
        "11", "12")), .Names = ""), class = "table"), No.Tag = structure(c(0L, 
    0L, 5L, 1L, 0L, 0L, 0L, 0L, 0L, 9L, 55L, 2L, 0L, 0L, 0L, 
    7L, 0L, 0L, 1L, 0L, 0L, 0L, 0L, 0L), .Dim = c(8L, 3L), .Dimnames = structure(list(
        c("-2", "-1", "0", "1", "2", "3", "4", NA), c("A", "G", 
        NA)), .Names = c("", "")), class = "table"), All.Tags = list(
        Concordant = list(Freqs = structure(c(0, 2, 3, 0, 0, 
        0, 0, 4, 113, 782, 48, 5, 0, 0), .Dim = c(7L, 2L), .Dimnames = list(
            c("-2", "-1", "0", "1", "2", "3", "4"), c("A", "G"
            ))), N = 957), Majority = list(Freqs = structure(c(0, 
        2, 3, 0, 0, 0, 0, 4, 135, 936, 60, 5, 0, 0), .Dim = c(7L, 
        2L), .Dimnames = list(c("-2", "-1", "0", "1", "2", "3", 
        "4"), c("A", "G"))), N = 1145)), `2` = structure(c(0, 
    0, 0, 0, 0, 0, 0, 0, 76, 625, 32, 1, 0, 0), .Dim = c(7L, 
    2L), .Dimnames = list(c("-2", "-1", "0", "1", "2", "3", "4"
    ), c("A", "G"))))))
