Results <-
list(`bwaOutput/20210421msiMNRsJenny/1386_S143.sam` = list(IM49_SNP1 = list(
    All = list(Freqs = structure(c(1L, 26L, 657L, 2583L, 91L, 
    3L, 38L, 0L, 0L, 0L, 7L, 0L, 0L, 0L, 0L, 0L, 0L, 1L, 0L, 
    0L, 0L, 0L, 1L, 4L, 72L, 4L, 0L, 0L), .Dim = c(7L, 4L), .Dimnames = structure(list(
        c("-3", "-2", "-1", "0", "1", "2", NA), c("C", "G", "T", 
        NA)), .Names = c("", "")), class = "table"), N = 3488L), 
    Tag.Distribution = structure(c(`1` = 761L, `2` = 423L, `3` = 198L, 
    `4` = 136L, `5` = 53L, `6` = 28L, `7` = 14L, `8` = 6L, `9` = 6L, 
    `10` = 1L, `12` = 1L), .Dim = 11L, .Dimnames = structure(list(
        c("1", "2", "3", "4", "5", "6", "7", "8", "9", "10", 
        "12")), .Names = ""), class = "table"), No.Tag = structure(c(0L, 
    0L, 18L, 63L, 1L, 0L, 1L, 0L, 0L, 0L, 2L, 0L, 0L, 0L, 0L, 
    0L, 0L, 0L, 0L, 0L, 0L, 0L, 0L, 0L, 3L, 0L, 0L, 0L), .Dim = c(7L, 
    4L), .Dimnames = structure(list(c("-3", "-2", "-1", "0", 
    "1", "2", NA), c("C", "G", "T", NA)), .Names = c("", "")), class = "table"), 
    All.Tags = list(Concordant = list(Freqs = structure(c(0, 
    10, 238, 1067, 20, 0, 0, 0, 0, 4, 0, 0, 0, 0, 0, 1, 0, 0), .Dim = c(6L, 
    3L), .Dimnames = list(c("-3", "-2", "-1", "0", "1", "2"), 
        c("C", "G", "T"))), N = 1340), Majority = list(Freqs = structure(c(0, 
    12, 274, 1187, 20, 0, 0, 0, 0, 4, 0, 0, 0, 0, 0, 1, 0, 0), .Dim = c(6L, 
    3L), .Dimnames = list(c("-3", "-2", "-1", "0", "1", "2"), 
        c("C", "G", "T"))), N = 1498)), `2` = structure(c(0, 
    4, 109, 644, 2, 0, 0, 0, 0, 1, 0, 0, 0, 0, 0, 0, 0, 0), .Dim = c(6L, 
    3L), .Dimnames = list(c("-3", "-2", "-1", "0", "1", "2"), 
        c("C", "G", "T"))))))
