Results <-
list(`bwaOutput/20210421msiMNRsJenny/155063_S27.sam` = list(LR11_SNP1 = list(
    All = list(Freqs = structure(c(3L, 110L, 5320L, 37L, 0L, 
    20L, 4L, 105L, 4464L, 53L, 1L, 21L, 0L, 0L, 1L, 0L, 0L, 0L, 
    0L, 8L, 270L, 3L, 0L, 0L), .Dim = c(6L, 4L), .Dimnames = structure(list(
        c("-2", "-1", "0", "1", "2", NA), c("A", "C", "T", NA
        )), .Names = c("", "")), class = "table"), N = 10420L), 
    Tag.Distribution = structure(c(`1` = 224L, `2` = 88L, `3` = 94L, 
    `4` = 74L, `5` = 68L, `6` = 62L, `7` = 49L, `8` = 54L, `9` = 43L, 
    `10` = 43L, `11` = 48L, `12` = 45L, `13` = 32L, `14` = 31L, 
    `15` = 30L, `16` = 17L, `17` = 22L, `18` = 20L, `19` = 22L, 
    `20` = 14L, `21` = 8L, `22` = 9L, `23` = 7L, `24` = 9L, `25` = 9L, 
    `26` = 6L, `27` = 11L, `28` = 5L, `29` = 9L, `30` = 2L, `31` = 4L, 
    `32` = 5L, `33` = 3L, `35` = 1L, `36` = 2L, `37` = 1L, `38` = 2L, 
    `40` = 1L, `41` = 1L, `42` = 2L, `44` = 1L, `47` = 1L, `48` = 1L, 
    `53` = 1L), .Dim = 44L, .Dimnames = structure(list(c("1", 
    "2", "3", "4", "5", "6", "7", "8", "9", "10", "11", "12", 
    "13", "14", "15", "16", "17", "18", "19", "20", "21", "22", 
    "23", "24", "25", "26", "27", "28", "29", "30", "31", "32", 
    "33", "35", "36", "37", "38", "40", "41", "42", "44", "47", 
    "48", "53")), .Names = ""), class = "table"), No.Tag = structure(c(0L, 
    3L, 96L, 0L, 0L, 0L, 0L, 5L, 101L, 2L, 0L, 3L, 0L, 0L, 0L, 
    0L, 0L, 0L, 0L, 0L, 14L, 0L, 0L, 0L), .Dim = c(6L, 4L), .Dimnames = structure(list(
        c("-2", "-1", "0", "1", "2", NA), c("A", "C", "T", NA
        )), .Names = c("", "")), class = "table"), All.Tags = list(
        Concordant = list(Freqs = structure(c(0, 3, 451, 2, 0, 
        0, 5, 395, 2, 0, 0, 0, 0, 0, 0), .Dim = c(5L, 3L), .Dimnames = list(
            c("-2", "-1", "0", "1", "2"), c("A", "C", "T"))), 
            N = 858), Majority = list(Freqs = structure(c(0, 
        3, 602, 2, 0, 0, 6, 528, 2, 0, 0, 0, 0, 0, 0), .Dim = c(5L, 
        3L), .Dimnames = list(c("-2", "-1", "0", "1", "2"), c("A", 
        "C", "T"))), N = 1143)), `2` = structure(c(0, 2, 501, 
    0, 0, 0, 3, 437, 1, 0, 0, 0, 0, 0, 0), .Dim = c(5L, 3L), .Dimnames = list(
        c("-2", "-1", "0", "1", "2"), c("A", "C", "T"))))))
