Results <-
list(`bwaOutput/20210421msiMNRsJenny/155088_S29.sam` = list(GM17_SNP1 = list(
    All = list(Freqs = structure(c(47L, 3700L, 18L, 6L, 43L, 
    3149L, 10L, 1L, 1L, 235L, 0L, 0L), .Dim = 4:3, .Dimnames = structure(list(
        c("-1", "0", "1", NA), c("C", "T", NA)), .Names = c("", 
    "")), class = "table"), N = 7210L), Tag.Distribution = structure(c(`1` = 154L, 
    `2` = 48L, `3` = 45L, `4` = 43L, `5` = 24L, `6` = 40L, `7` = 29L, 
    `8` = 19L, `9` = 32L, `10` = 29L, `11` = 22L, `12` = 21L, 
    `13` = 12L, `14` = 15L, `15` = 15L, `16` = 13L, `17` = 10L, 
    `18` = 16L, `19` = 8L, `20` = 12L, `21` = 8L, `22` = 9L, 
    `23` = 5L, `24` = 5L, `25` = 4L, `26` = 10L, `27` = 12L, 
    `28` = 5L, `29` = 4L, `30` = 4L, `31` = 4L, `32` = 5L, `33` = 4L, 
    `34` = 2L, `35` = 2L, `36` = 6L, `37` = 3L, `38` = 2L, `40` = 1L, 
    `42` = 2L, `43` = 1L, `44` = 1L, `45` = 1L, `47` = 1L, `49` = 1L, 
    `54` = 1L, `56` = 1L), .Dim = 47L, .Dimnames = structure(list(
        c("1", "2", "3", "4", "5", "6", "7", "8", "9", "10", 
        "11", "12", "13", "14", "15", "16", "17", "18", "19", 
        "20", "21", "22", "23", "24", "25", "26", "27", "28", 
        "29", "30", "31", "32", "33", "34", "35", "36", "37", 
        "38", "40", "42", "43", "44", "45", "47", "49", "54", 
        "56")), .Names = ""), class = "table"), No.Tag = structure(c(1L, 
    59L, 0L, 1L, 0L, 61L, 0L, 0L, 0L, 15L, 0L, 0L), .Dim = 4:3, .Dimnames = structure(list(
        c("-1", "0", "1", NA), c("C", "T", NA)), .Names = c("", 
    "")), class = "table"), All.Tags = list(Concordant = list(
        Freqs = structure(c(1, 296, 0, 4, 258, 0), .Dim = 3:2, .Dimnames = list(
            c("-1", "0", "1"), c("C", "T"))), N = 559), Majority = list(
        Freqs = structure(c(1, 376, 0, 4, 310, 0), .Dim = 3:2, .Dimnames = list(
            c("-1", "0", "1"), c("C", "T"))), N = 691)), `2` = structure(c(0, 
    298, 0, 2, 252, 0), .Dim = 3:2, .Dimnames = list(c("-1", 
    "0", "1"), c("C", "T"))))))
