Results <-
list(`bwaOutput/20210421msiMNRsJenny/155063_S27.sam` = list(LR40_SNP1 = list(
    All = list(Freqs = structure(c(0L, 0L, 14L, 0L, 0L, 1L, 127L, 
    9190L, 34L, 19L, 0L, 0L, 1L, 0L, 0L, 0L, 0L, 1L, 0L, 0L, 
    0L, 1L, 58L, 0L, 0L), .Dim = c(5L, 5L), .Dimnames = structure(list(
        c("-2", "-1", "0", "1", NA), c("A", "C", "G", "T", NA
        )), .Names = c("", "")), class = "table"), N = 9446L), 
    Tag.Distribution = structure(c(`1` = 204L, `2` = 89L, `3` = 63L, 
    `4` = 54L, `5` = 61L, `6` = 51L, `7` = 51L, `8` = 40L, `9` = 37L, 
    `10` = 42L, `11` = 41L, `12` = 37L, `13` = 36L, `14` = 20L, 
    `15` = 12L, `16` = 12L, `17` = 19L, `18` = 23L, `19` = 16L, 
    `20` = 18L, `21` = 7L, `22` = 12L, `23` = 10L, `24` = 11L, 
    `25` = 10L, `26` = 6L, `27` = 3L, `28` = 6L, `29` = 9L, `30` = 5L, 
    `31` = 6L, `32` = 1L, `34` = 2L, `35` = 2L, `36` = 2L, `37` = 1L, 
    `38` = 4L, `39` = 1L, `41` = 2L, `42` = 1L, `43` = 1L, `45` = 1L, 
    `50` = 1L), .Dim = 43L, .Dimnames = structure(list(c("1", 
    "2", "3", "4", "5", "6", "7", "8", "9", "10", "11", "12", 
    "13", "14", "15", "16", "17", "18", "19", "20", "21", "22", 
    "23", "24", "25", "26", "27", "28", "29", "30", "31", "32", 
    "34", "35", "36", "37", "38", "39", "41", "42", "43", "45", 
    "50")), .Names = ""), class = "table"), No.Tag = structure(c(0L, 
    0L, 1L, 0L, 0L, 0L, 5L, 296L, 2L, 3L, 0L, 0L, 0L, 0L, 0L, 
    0L, 0L, 0L, 0L, 0L, 0L, 1L, 5L, 0L, 0L), .Dim = c(5L, 5L), .Dimnames = structure(list(
        c("-2", "-1", "0", "1", NA), c("A", "C", "G", "T", NA
        )), .Names = c("", "")), class = "table"), All.Tags = list(
        Concordant = list(Freqs = structure(c(0, 0, 1, 0, 0, 
        1, 916, 1, 0, 0, 0, 0, 0, 0, 0, 0), .Dim = c(4L, 4L), .Dimnames = list(
            c("-2", "-1", "0", "1"), c("A", "C", "G", "T"))), 
            N = 919), Majority = list(Freqs = structure(c(0, 
        0, 1, 0, 0, 3, 1015, 2, 0, 0, 0, 0, 0, 0, 0, 0), .Dim = c(4L, 
        4L), .Dimnames = list(c("-2", "-1", "0", "1"), c("A", 
        "C", "G", "T"))), N = 1021)), `2` = structure(c(0, 0, 
    1, 0, 0, 2, 819, 1, 0, 0, 0, 0, 0, 0, 0, 0), .Dim = c(4L, 
    4L), .Dimnames = list(c("-2", "-1", "0", "1"), c("A", "C", 
    "G", "T"))))))
