Results <-
list(`bwaOutput/20210421msiMNRsJenny/155088_S29.sam` = list(LR11_SNP1 = list(
    All = list(Freqs = structure(c(0L, 0L, 0L, 13L, 0L, 0L, 1L, 
    1L, 11L, 200L, 8573L, 75L, 3L, 15L, 0L, 0L, 0L, 1L, 0L, 0L, 
    0L, 0L, 0L, 9L, 411L, 2L, 0L, 0L), .Dim = c(7L, 4L), .Dimnames = structure(list(
        c("-3", "-2", "-1", "0", "1", "2", NA), c("A", "C", "T", 
        NA)), .Names = c("", "")), class = "table"), N = 9315L), 
    Tag.Distribution = structure(c(`1` = 187L, `2` = 52L, `3` = 45L, 
    `4` = 41L, `5` = 49L, `6` = 43L, `7` = 38L, `8` = 34L, `9` = 25L, 
    `10` = 34L, `11` = 31L, `12` = 32L, `13` = 25L, `14` = 34L, 
    `15` = 24L, `16` = 16L, `17` = 16L, `18` = 19L, `19` = 16L, 
    `20` = 13L, `21` = 15L, `22` = 11L, `23` = 14L, `24` = 11L, 
    `25` = 11L, `26` = 5L, `27` = 4L, `28` = 6L, `29` = 12L, 
    `30` = 11L, `31` = 4L, `32` = 7L, `33` = 1L, `34` = 3L, `35` = 2L, 
    `36` = 1L, `37` = 1L, `39` = 3L, `42` = 2L, `43` = 2L, `47` = 1L, 
    `50` = 1L, `64` = 1L), .Dim = 43L, .Dimnames = structure(list(
        c("1", "2", "3", "4", "5", "6", "7", "8", "9", "10", 
        "11", "12", "13", "14", "15", "16", "17", "18", "19", 
        "20", "21", "22", "23", "24", "25", "26", "27", "28", 
        "29", "30", "31", "32", "33", "34", "35", "36", "37", 
        "39", "42", "43", "47", "50", "64")), .Names = ""), class = "table"), 
    No.Tag = structure(c(0L, 0L, 0L, 0L, 0L, 0L, 0L, 0L, 0L, 
    3L, 202L, 1L, 0L, 0L, 0L, 0L, 0L, 0L, 0L, 0L, 0L, 0L, 0L, 
    0L, 17L, 0L, 0L, 0L), .Dim = c(7L, 4L), .Dimnames = structure(list(
        c("-3", "-2", "-1", "0", "1", "2", NA), c("A", "C", "T", 
        NA)), .Names = c("", "")), class = "table"), All.Tags = list(
        Concordant = list(Freqs = structure(c(0, 0, 0, 8, 0, 
        0, 0, 0, 5, 688, 4, 0, 0, 0, 0, 0, 0, 0), .Dim = c(6L, 
        3L), .Dimnames = list(c("-3", "-2", "-1", "0", "1", "2"
        ), c("A", "C", "T"))), N = 705), Majority = list(Freqs = structure(c(0, 
        0, 0, 8, 0, 0, 0, 0, 6, 860, 5, 0, 0, 0, 0, 0, 0, 0), .Dim = c(6L, 
        3L), .Dimnames = list(c("-3", "-2", "-1", "0", "1", "2"
        ), c("A", "C", "T"))), N = 879)), `2` = structure(c(0, 
    0, 0, 0, 0, 0, 0, 0, 4, 707, 1, 0, 0, 0, 0, 0, 0, 0), .Dim = c(6L, 
    3L), .Dimnames = list(c("-3", "-2", "-1", "0", "1", "2"), 
        c("A", "C", "T"))))))
