Results <-
list(`bwaOutput/20210421msiMNRsJenny/155088_S29.sam` = list(GM07_SNP1 = list(
    All = list(Freqs = structure(c(0L, 0L, 1L, 0L, 0L, 0L, 3L, 
    161L, 3149L, 80L, 5L, 54L, 0L, 0L, 1L, 0L, 0L, 0L, 1L, 119L, 
    2815L, 78L, 1L, 62L, 0L, 3L, 106L, 0L, 0L, 0L), .Dim = 6:5, .Dimnames = structure(list(
        c("-2", "-1", "0", "1", "2", NA), c("-", "A", "C", "G", 
        NA)), .Names = c("", "")), class = "table"), N = 6639L), 
    Tag.Distribution = structure(c(`1` = 137L, `2` = 49L, `3` = 45L, 
    `4` = 38L, `5` = 55L, `6` = 34L, `7` = 30L, `8` = 31L, `9` = 30L, 
    `10` = 13L, `11` = 20L, `12` = 15L, `13` = 16L, `14` = 19L, 
    `15` = 12L, `16` = 10L, `17` = 15L, `18` = 17L, `19` = 5L, 
    `20` = 6L, `21` = 5L, `22` = 7L, `23` = 7L, `24` = 9L, `25` = 6L, 
    `26` = 4L, `27` = 7L, `28` = 7L, `29` = 5L, `30` = 7L, `31` = 1L, 
    `32` = 5L, `33` = 4L, `34` = 1L, `37` = 3L, `39` = 2L, `40` = 2L, 
    `42` = 1L, `45` = 1L, `48` = 2L, `49` = 1L, `50` = 1L), .Dim = 42L, .Dimnames = structure(list(
        c("1", "2", "3", "4", "5", "6", "7", "8", "9", "10", 
        "11", "12", "13", "14", "15", "16", "17", "18", "19", 
        "20", "21", "22", "23", "24", "25", "26", "27", "28", 
        "29", "30", "31", "32", "33", "34", "37", "39", "40", 
        "42", "45", "48", "49", "50")), .Names = ""), class = "table"), 
    No.Tag = structure(c(0L, 0L, 0L, 0L, 0L, 0L, 1L, 6L, 135L, 
    6L, 0L, 11L, 0L, 0L, 0L, 0L, 0L, 0L, 0L, 1L, 72L, 2L, 0L, 
    11L, 0L, 0L, 7L, 0L, 0L, 0L), .Dim = 6:5, .Dimnames = structure(list(
        c("-2", "-1", "0", "1", "2", NA), c("-", "A", "C", "G", 
        NA)), .Names = c("", "")), class = "table"), All.Tags = list(
        Concordant = list(Freqs = structure(c(0, 0, 0, 0, 0, 
        0, 9, 206, 2, 1, 0, 0, 0, 0, 0, 0, 2, 178, 1, 0), .Dim = 5:4, .Dimnames = list(
            c("-2", "-1", "0", "1", "2"), c("-", "A", "C", "G"
            ))), N = 399), Majority = list(Freqs = structure(c(0, 
        0, 0, 0, 0, 0, 10, 337, 2, 1, 0, 0, 0, 0, 0, 0, 2, 299, 
        1, 0), .Dim = 5:4, .Dimnames = list(c("-2", "-1", "0", 
        "1", "2"), c("-", "A", "C", "G"))), N = 652)), `2` = structure(c(0, 
    0, 0, 0, 0, 0, 3, 278, 1, 0, 0, 0, 0, 0, 0, 0, 0, 257, 0, 
    0), .Dim = 5:4, .Dimnames = list(c("-2", "-1", "0", "1", 
    "2"), c("-", "A", "C", "G"))))))
