Results <-
list(`bwaOutput/20210421msiMNRsJenny/155063_S27.sam` = list(LR48_SNP1 = list(
    All = list(Freqs = structure(c(4L, 292L, 8429L, 102L, 36L, 
    0L, 0L, 3L, 1L, 0L, 0L, 3L, 206L, 1L, 0L), .Dim = c(5L, 3L
    ), .Dimnames = structure(list(c("-2", "-1", "0", "1", NA), 
        c("C", "T", NA)), .Names = c("", "")), class = "table"), 
        N = 9077L), Tag.Distribution = structure(c(`1` = 162L, 
    `2` = 48L, `3` = 50L, `4` = 42L, `5` = 29L, `6` = 28L, `7` = 41L, 
    `8` = 18L, `9` = 27L, `10` = 24L, `11` = 19L, `12` = 20L, 
    `13` = 26L, `14` = 20L, `15` = 14L, `16` = 25L, `17` = 16L, 
    `18` = 13L, `19` = 13L, `20` = 12L, `21` = 15L, `22` = 10L, 
    `23` = 5L, `24` = 15L, `25` = 6L, `26` = 6L, `27` = 9L, `28` = 11L, 
    `29` = 5L, `30` = 4L, `31` = 5L, `32` = 2L, `33` = 6L, `34` = 4L, 
    `35` = 2L, `36` = 1L, `37` = 3L, `38` = 4L, `39` = 5L, `40` = 2L, 
    `41` = 3L, `42` = 2L, `43` = 1L, `44` = 1L, `45` = 3L, `46` = 1L, 
    `50` = 1L, `54` = 1L, `55` = 1L, `58` = 2L, `63` = 1L, `71` = 1L, 
    `72` = 1L), .Dim = 53L, .Dimnames = structure(list(c("1", 
    "2", "3", "4", "5", "6", "7", "8", "9", "10", "11", "12", 
    "13", "14", "15", "16", "17", "18", "19", "20", "21", "22", 
    "23", "24", "25", "26", "27", "28", "29", "30", "31", "32", 
    "33", "34", "35", "36", "37", "38", "39", "40", "41", "42", 
    "43", "44", "45", "46", "50", "54", "55", "58", "63", "71", 
    "72")), .Names = ""), class = "table"), No.Tag = structure(c(0L, 
    8L, 284L, 2L, 1L, 0L, 0L, 0L, 0L, 0L, 0L, 1L, 23L, 0L, 0L
    ), .Dim = c(5L, 3L), .Dimnames = structure(list(c("-2", "-1", 
    "0", "1", NA), c("C", "T", NA)), .Names = c("", "")), class = "table"), 
    All.Tags = list(Concordant = list(Freqs = structure(c(1, 
    6, 535, 1, 0, 0, 1, 1), .Dim = c(4L, 2L), .Dimnames = list(
        c("-2", "-1", "0", "1"), c("C", "T"))), N = 545), Majority = list(
        Freqs = structure(c(1, 7, 760, 2, 0, 0, 1, 1), .Dim = c(4L, 
        2L), .Dimnames = list(c("-2", "-1", "0", "1"), c("C", 
        "T"))), N = 772)), `2` = structure(c(0, 3, 618, 1, 0, 
    0, 0, 0), .Dim = c(4L, 2L), .Dimnames = list(c("-2", "-1", 
    "0", "1"), c("C", "T"))))))
