Results <-
list(`bwaOutput/20210421msiMNRsJenny/155088_S29.sam` = list(GM26_SNP1 = list(
    All = list(Freqs = structure(c(0L, 14L, 2002L, 7L, 1L, 1L, 
    13L, 1802L, 1L, 2L, 0L, 1L, 55L, 0L, 0L), .Dim = c(5L, 3L
    ), .Dimnames = structure(list(c("-2", "-1", "0", "1", NA), 
        c("A", "G", NA)), .Names = c("", "")), class = "table"), 
        N = 3899L), Tag.Distribution = structure(c(`1` = 94L, 
    `2` = 32L, `3` = 24L, `4` = 26L, `5` = 21L, `6` = 20L, `7` = 26L, 
    `8` = 12L, `9` = 21L, `10` = 11L, `11` = 12L, `12` = 11L, 
    `13` = 11L, `14` = 16L, `15` = 8L, `16` = 3L, `17` = 9L, 
    `18` = 7L, `19` = 7L, `20` = 3L, `21` = 4L, `22` = 4L, `23` = 2L, 
    `24` = 5L, `25` = 3L, `26` = 5L, `27` = 1L, `29` = 3L, `30` = 3L, 
    `33` = 2L, `34` = 2L, `35` = 1L, `36` = 3L, `38` = 2L, `40` = 2L, 
    `42` = 2L, `51` = 1L, `56` = 1L), .Dim = 38L, .Dimnames = structure(list(
        c("1", "2", "3", "4", "5", "6", "7", "8", "9", "10", 
        "11", "12", "13", "14", "15", "16", "17", "18", "19", 
        "20", "21", "22", "23", "24", "25", "26", "27", "29", 
        "30", "33", "34", "35", "36", "38", "40", "42", "51", 
        "56")), .Names = ""), class = "table"), No.Tag = structure(c(0L, 
    0L, 80L, 1L, 1L, 0L, 0L, 34L, 0L, 0L, 0L, 0L, 5L, 0L, 0L), .Dim = c(5L, 
    3L), .Dimnames = structure(list(c("-2", "-1", "0", "1", NA
    ), c("A", "G", NA)), .Names = c("", "")), class = "table"), 
    All.Tags = list(Concordant = list(Freqs = structure(c(0, 
    1, 191, 0, 0, 0, 181, 0), .Dim = c(4L, 2L), .Dimnames = list(
        c("-2", "-1", "0", "1"), c("A", "G"))), N = 373), Majority = list(
        Freqs = structure(c(0, 1, 211, 0, 0, 0, 200, 0), .Dim = c(4L, 
        2L), .Dimnames = list(c("-2", "-1", "0", "1"), c("A", 
        "G"))), N = 412)), `2` = structure(c(0, 0, 164, 0, 0, 
    0, 160, 0), .Dim = c(4L, 2L), .Dimnames = list(c("-2", "-1", 
    "0", "1"), c("A", "G"))))))
