Results <-
list(`bwaOutput/20210421msiMNRsJenny/155063_S27.sam` = list(GM14_SNP1 = list(
    All = list(Freqs = structure(c(4L, 117L, 3577L, 41L, 3L, 
    9L, 4L, 86L, 3574L, 18L, 1L, 2L, 0L, 0L, 100L, 0L, 0L, 0L
    ), .Dim = c(6L, 3L), .Dimnames = structure(list(c("-2", "-1", 
    "0", "1", "2", NA), c("C", "T", NA)), .Names = c("", "")), class = "table"), 
        N = 7536L), Tag.Distribution = structure(c(`1` = 193L, 
    `2` = 86L, `3` = 84L, `4` = 59L, `5` = 52L, `6` = 43L, `7` = 44L, 
    `8` = 40L, `9` = 33L, `10` = 32L, `11` = 29L, `12` = 21L, 
    `13` = 23L, `14` = 24L, `15` = 18L, `16` = 21L, `17` = 21L, 
    `18` = 7L, `19` = 9L, `20` = 10L, `21` = 7L, `22` = 11L, 
    `23` = 9L, `24` = 7L, `25` = 6L, `26` = 7L, `27` = 7L, `28` = 7L, 
    `29` = 1L, `30` = 4L, `31` = 1L, `33` = 2L, `34` = 1L, `38` = 2L, 
    `39` = 1L, `40` = 1L, `47` = 1L, `49` = 1L, `51` = 1L), .Dim = 39L, .Dimnames = structure(list(
        c("1", "2", "3", "4", "5", "6", "7", "8", "9", "10", 
        "11", "12", "13", "14", "15", "16", "17", "18", "19", 
        "20", "21", "22", "23", "24", "25", "26", "27", "28", 
        "29", "30", "31", "33", "34", "38", "39", "40", "47", 
        "49", "51")), .Names = ""), class = "table"), No.Tag = structure(c(0L, 
    3L, 81L, 0L, 0L, 1L, 1L, 2L, 94L, 0L, 0L, 0L, 0L, 0L, 9L, 
    0L, 0L, 0L), .Dim = c(6L, 3L), .Dimnames = structure(list(
        c("-2", "-1", "0", "1", "2", NA), c("C", "T", NA)), .Names = c("", 
    "")), class = "table"), All.Tags = list(Concordant = list(
        Freqs = structure(c(1, 1, 327, 2, 0, 0, 2, 345, 0, 0), .Dim = c(5L, 
        2L), .Dimnames = list(c("-2", "-1", "0", "1", "2"), c("C", 
        "T"))), N = 678), Majority = list(Freqs = structure(c(1, 
    1, 453, 2, 0, 0, 3, 448, 0, 0), .Dim = c(5L, 2L), .Dimnames = list(
        c("-2", "-1", "0", "1", "2"), c("C", "T"))), N = 908)), 
    `2` = structure(c(0, 0, 369, 1, 0, 0, 1, 353, 0, 0), .Dim = c(5L, 
    2L), .Dimnames = list(c("-2", "-1", "0", "1", "2"), c("C", 
    "T"))))))
