Results <-
list(`bwaOutput/20210421msiMNRsJenny/155088_S29.sam` = list(GM22_SNP1 = list(
    All = list(Freqs = structure(c(2L, 60L, 3958L, 34L, 6L, 0L, 
    49L, 2876L, 16L, 5L, 0L, 0L, 1L, 0L, 0L, 0L, 4L, 132L, 1L, 
    0L), .Dim = 5:4, .Dimnames = structure(list(c("-2", "-1", 
    "0", "1", NA), c("A", "G", "T", NA)), .Names = c("", "")), class = "table"), 
        N = 7144L), Tag.Distribution = structure(c(`1` = 159L, 
    `2` = 50L, `3` = 39L, `4` = 36L, `5` = 39L, `6` = 31L, `7` = 35L, 
    `8` = 24L, `9` = 24L, `10` = 29L, `11` = 18L, `12` = 20L, 
    `13` = 21L, `14` = 23L, `15` = 14L, `16` = 13L, `17` = 8L, 
    `18` = 6L, `19` = 7L, `20` = 13L, `21` = 7L, `22` = 12L, 
    `23` = 6L, `24` = 10L, `25` = 4L, `26` = 8L, `27` = 8L, `28` = 8L, 
    `29` = 3L, `30` = 4L, `31` = 4L, `32` = 4L, `33` = 6L, `34` = 3L, 
    `35` = 1L, `36` = 2L, `39` = 1L, `40` = 4L, `43` = 1L, `44` = 1L, 
    `49` = 1L, `51` = 1L, `56` = 1L, `58` = 1L), .Dim = 44L, .Dimnames = structure(list(
        c("1", "2", "3", "4", "5", "6", "7", "8", "9", "10", 
        "11", "12", "13", "14", "15", "16", "17", "18", "19", 
        "20", "21", "22", "23", "24", "25", "26", "27", "28", 
        "29", "30", "31", "32", "33", "34", "35", "36", "39", 
        "40", "43", "44", "49", "51", "56", "58")), .Names = ""), class = "table"), 
    No.Tag = structure(c(1L, 2L, 139L, 1L, 0L, 0L, 3L, 147L, 
    0L, 1L, 0L, 0L, 0L, 0L, 0L, 0L, 0L, 15L, 0L, 0L), .Dim = 5:4, .Dimnames = structure(list(
        c("-2", "-1", "0", "1", NA), c("A", "G", "T", NA)), .Names = c("", 
    "")), class = "table"), All.Tags = list(Concordant = list(
        Freqs = structure(c(0, 1, 313, 0, 0, 0, 248, 0, 0, 0, 
        0, 0), .Dim = 4:3, .Dimnames = list(c("-2", "-1", "0", 
        "1"), c("A", "G", "T"))), N = 562), Majority = list(Freqs = structure(c(0, 
    1, 380, 0, 0, 0, 306, 0, 0, 0, 0, 0), .Dim = 4:3, .Dimnames = list(
        c("-2", "-1", "0", "1"), c("A", "G", "T"))), N = 687)), 
    `2` = structure(c(0, 1, 294, 0, 0, 0, 251, 0, 0, 0, 0, 0), .Dim = 4:3, .Dimnames = list(
        c("-2", "-1", "0", "1"), c("A", "G", "T"))))))
