Results <-
list(`bwaOutput/20210421msiMNRsJenny/155063_S27.sam` = list(GM17_SNP1 = list(
    All = list(Freqs = structure(c(97L, 7104L, 37L, 8L, 74L, 
    5497L, 8L, 5L, 1L, 415L, 1L, 0L), .Dim = 4:3, .Dimnames = structure(list(
        c("-1", "0", "1", NA), c("C", "T", NA)), .Names = c("", 
    "")), class = "table"), N = 13247L), Tag.Distribution = structure(c(`1` = 292L, 
    `2` = 128L, `3` = 104L, `4` = 72L, `5` = 68L, `6` = 67L, 
    `7` = 65L, `8` = 56L, `9` = 45L, `10` = 57L, `11` = 50L, 
    `12` = 42L, `13` = 35L, `14` = 28L, `15` = 30L, `16` = 32L, 
    `17` = 28L, `18` = 28L, `19` = 18L, `20` = 20L, `21` = 16L, 
    `22` = 12L, `23` = 17L, `24` = 13L, `25` = 6L, `26` = 16L, 
    `27` = 9L, `28` = 6L, `29` = 9L, `30` = 6L, `31` = 8L, `32` = 1L, 
    `33` = 3L, `34` = 7L, `35` = 5L, `36` = 3L, `38` = 4L, `39` = 3L, 
    `40` = 3L, `41` = 2L, `42` = 1L, `43` = 1L, `44` = 1L, `45` = 3L, 
    `50` = 1L, `52` = 2L, `68` = 1L), .Dim = 47L, .Dimnames = structure(list(
        c("1", "2", "3", "4", "5", "6", "7", "8", "9", "10", 
        "11", "12", "13", "14", "15", "16", "17", "18", "19", 
        "20", "21", "22", "23", "24", "25", "26", "27", "28", 
        "29", "30", "31", "32", "33", "34", "35", "36", "38", 
        "39", "40", "41", "42", "43", "44", "45", "50", "52", 
        "68")), .Names = ""), class = "table"), No.Tag = structure(c(2L, 
    168L, 3L, 2L, 1L, 124L, 0L, 0L, 0L, 16L, 0L, 0L), .Dim = 4:3, .Dimnames = structure(list(
        c("-1", "0", "1", NA), c("C", "T", NA)), .Names = c("", 
    "")), class = "table"), All.Tags = list(Concordant = list(
        Freqs = structure(c(1, 627, 1, 3, 476, 0), .Dim = 3:2, .Dimnames = list(
            c("-1", "0", "1"), c("C", "T"))), N = 1108), Majority = list(
        Freqs = structure(c(1, 789, 2, 3, 598, 0), .Dim = 3:2, .Dimnames = list(
            c("-1", "0", "1"), c("C", "T"))), N = 1393)), `2` = structure(c(0, 
    627, 1, 0, 488, 0), .Dim = 3:2, .Dimnames = list(c("-1", 
    "0", "1"), c("C", "T"))))))
