Results <-
list(`bwaOutput/20210421msiMNRsJenny/155063_S27.sam` = list(LR52_SNP1 = list(
    All = list(Freqs = structure(c(0L, 21L, 359L, 3059L, 23L, 
    0L, 37L, 2L, 18L, 320L, 3626L, 22L, 0L, 32L, 0L, 0L, 22L, 
    1083L, 9L, 2L, 0L), .Dim = c(7L, 3L), .Dimnames = structure(list(
        c("-3", "-2", "-1", "0", "1", "2", NA), c("C", "T", NA
        )), .Names = c("", "")), class = "table"), N = 8635L), 
    Tag.Distribution = structure(c(`1` = 143L, `2` = 62L, `3` = 49L, 
    `4` = 55L, `5` = 37L, `6` = 48L, `7` = 34L, `8` = 39L, `9` = 37L, 
    `10` = 31L, `11` = 29L, `12` = 28L, `13` = 24L, `14` = 22L, 
    `15` = 14L, `16` = 20L, `17` = 17L, `18` = 17L, `19` = 17L, 
    `20` = 22L, `21` = 9L, `22` = 12L, `23` = 9L, `24` = 5L, 
    `25` = 11L, `26` = 6L, `27` = 4L, `28` = 4L, `29` = 10L, 
    `30` = 5L, `31` = 9L, `32` = 3L, `33` = 1L, `34` = 4L, `36` = 4L, 
    `37` = 1L, `38` = 2L, `39` = 2L, `41` = 2L, `47` = 1L, `48` = 2L
    ), .Dim = 41L, .Dimnames = structure(list(c("1", "2", "3", 
    "4", "5", "6", "7", "8", "9", "10", "11", "12", "13", "14", 
    "15", "16", "17", "18", "19", "20", "21", "22", "23", "24", 
    "25", "26", "27", "28", "29", "30", "31", "32", "33", "34", 
    "36", "37", "38", "39", "41", "47", "48")), .Names = ""), class = "table"), 
    No.Tag = structure(c(0L, 0L, 6L, 69L, 0L, 0L, 0L, 0L, 0L, 
    4L, 80L, 0L, 0L, 0L, 0L, 0L, 0L, 38L, 0L, 0L, 0L), .Dim = c(7L, 
    3L), .Dimnames = structure(list(c("-3", "-2", "-1", "0", 
    "1", "2", NA), c("C", "T", NA)), .Names = c("", "")), class = "table"), 
    All.Tags = list(Concordant = list(Freqs = structure(c(0, 
    2, 6, 202, 1, 0, 0, 1, 7, 211, 0, 0), .Dim = c(6L, 2L), .Dimnames = list(
        c("-3", "-2", "-1", "0", "1", "2"), c("C", "T"))), N = 430), 
        Majority = list(Freqs = structure(c(0, 3, 11, 375, 1, 
        0, 0, 1, 12, 404, 0, 0), .Dim = c(6L, 2L), .Dimnames = list(
            c("-3", "-2", "-1", "0", "1", "2"), c("C", "T"))), 
            N = 807)), `2` = structure(c(0, 2, 9, 327, 0, 0, 
    0, 0, 5, 350, 0, 0), .Dim = c(6L, 2L), .Dimnames = list(c("-3", 
    "-2", "-1", "0", "1", "2"), c("C", "T"))))))
