Results <-
list(`bwaOutput/20210421msiMNRsJenny/155063_S27.sam` = list(LR36_SNP1 = list(
    All = list(Freqs = structure(c(1L, 3L, 8L, 132L, 4643L, 33L, 
    1L, 75L, 0L, 0L, 0L, 0L, 1L, 0L, 0L, 0L, 0L, 0L, 1L, 39L, 
    2111L, 16L, 0L, 23L, 0L, 0L, 1L, 3L, 310L, 2L, 0L, 0L), .Dim = c(8L, 
    4L), .Dimnames = structure(list(c("-4", "-3", "-2", "-1", 
    "0", "1", "2", NA), c("A", "G", "T", NA)), .Names = c("", 
    "")), class = "table"), N = 7403L), Tag.Distribution = structure(c(`1` = 242L, 
    `2` = 81L, `3` = 68L, `4` = 55L, `5` = 57L, `6` = 52L, `7` = 30L, 
    `8` = 29L, `9` = 35L, `10` = 31L, `11` = 25L, `12` = 23L, 
    `13` = 23L, `14` = 17L, `15` = 17L, `16` = 24L, `17` = 8L, 
    `18` = 11L, `19` = 13L, `20` = 10L, `21` = 8L, `22` = 6L, 
    `23` = 14L, `24` = 7L, `25` = 5L, `26` = 13L, `27` = 3L, 
    `29` = 5L, `30` = 3L, `31` = 3L, `32` = 2L, `33` = 3L, `34` = 1L, 
    `36` = 2L, `37` = 1L, `39` = 2L, `41` = 2L, `46` = 1L), .Dim = 38L, .Dimnames = structure(list(
        c("1", "2", "3", "4", "5", "6", "7", "8", "9", "10", 
        "11", "12", "13", "14", "15", "16", "17", "18", "19", 
        "20", "21", "22", "23", "24", "25", "26", "27", "29", 
        "30", "31", "32", "33", "34", "36", "37", "39", "41", 
        "46")), .Names = ""), class = "table"), No.Tag = structure(c(0L, 
    1L, 0L, 4L, 122L, 1L, 0L, 14L, 0L, 0L, 0L, 0L, 0L, 0L, 0L, 
    0L, 0L, 0L, 0L, 1L, 63L, 0L, 0L, 4L, 0L, 0L, 0L, 0L, 19L, 
    0L, 0L, 0L), .Dim = c(8L, 4L), .Dimnames = structure(list(
        c("-4", "-3", "-2", "-1", "0", "1", "2", NA), c("A", 
        "G", "T", NA)), .Names = c("", "")), class = "table"), 
    All.Tags = list(Concordant = list(Freqs = structure(c(0, 
    0, 0, 14, 493, 4, 0, 0, 0, 0, 0, 0, 0, 0, 0, 0, 0, 0, 217, 
    1, 0), .Dim = c(7L, 3L), .Dimnames = list(c("-4", "-3", "-2", 
    "-1", "0", "1", "2"), c("A", "G", "T"))), N = 729), Majority = list(
        Freqs = structure(c(0, 0, 0, 17, 589, 4, 0, 0, 0, 0, 
        0, 0, 0, 0, 0, 0, 0, 0, 283, 1, 0), .Dim = c(7L, 3L), .Dimnames = list(
            c("-4", "-3", "-2", "-1", "0", "1", "2"), c("A", 
            "G", "T"))), N = 894)), `2` = structure(c(0, 0, 0, 
    9, 460, 0, 0, 0, 0, 0, 0, 0, 0, 0, 0, 0, 0, 0, 214, 0, 0), .Dim = c(7L, 
    3L), .Dimnames = list(c("-4", "-3", "-2", "-1", "0", "1", 
    "2"), c("A", "G", "T"))))))
