Results <-
list(`bwaOutput/20210421msiMNRsJenny/155088_S29.sam` = list(GM01_SNP1 = list(
    All = list(Freqs = structure(c(0L, 0L, 1L, 0L, 0L, 2L, 119L, 
    8639L, 29L, 21L, 0L, 0L, 15L, 0L, 1L, 0L, 3L, 105L, 0L, 0L
    ), .Dim = 5:4, .Dimnames = structure(list(c("-2", "-1", "0", 
    "1", NA), c("-", "A", "G", NA)), .Names = c("", "")), class = "table"), 
        N = 8935L), Tag.Distribution = structure(c(`1` = 227L, 
    `2` = 44L, `3` = 56L, `4` = 36L, `5` = 46L, `6` = 45L, `7` = 36L, 
    `8` = 35L, `9` = 31L, `10` = 32L, `11` = 23L, `12` = 24L, 
    `13` = 27L, `14` = 28L, `15` = 20L, `16` = 22L, `17` = 16L, 
    `18` = 17L, `19` = 12L, `20` = 10L, `21` = 14L, `22` = 12L, 
    `23` = 11L, `24` = 13L, `25` = 8L, `26` = 9L, `27` = 6L, 
    `28` = 4L, `29` = 7L, `30` = 6L, `31` = 7L, `32` = 3L, `33` = 5L, 
    `34` = 4L, `35` = 3L, `36` = 4L, `37` = 1L, `38` = 1L, `39` = 2L, 
    `40` = 3L, `42` = 1L, `44` = 2L, `54` = 1L), .Dim = 43L, .Dimnames = structure(list(
        c("1", "2", "3", "4", "5", "6", "7", "8", "9", "10", 
        "11", "12", "13", "14", "15", "16", "17", "18", "19", 
        "20", "21", "22", "23", "24", "25", "26", "27", "28", 
        "29", "30", "31", "32", "33", "34", "35", "36", "37", 
        "38", "39", "40", "42", "44", "54")), .Names = ""), class = "table"), 
    No.Tag = structure(c(0L, 0L, 0L, 0L, 0L, 0L, 0L, 188L, 0L, 
    2L, 0L, 0L, 0L, 0L, 1L, 0L, 0L, 10L, 0L, 0L), .Dim = 5:4, .Dimnames = structure(list(
        c("-2", "-1", "0", "1", NA), c("-", "A", "G", NA)), .Names = c("", 
    "")), class = "table"), All.Tags = list(Concordant = list(
        Freqs = structure(c(0, 0, 0, 0, 0, 2, 761, 0, 0, 0, 13, 
        0), .Dim = 4:3, .Dimnames = list(c("-2", "-1", "0", "1"
        ), c("-", "A", "G"))), N = 776), Majority = list(Freqs = structure(c(0, 
    0, 0, 0, 0, 2, 878, 0, 0, 0, 13, 0), .Dim = 4:3, .Dimnames = list(
        c("-2", "-1", "0", "1"), c("-", "A", "G"))), N = 893)), 
    `2` = structure(c(0, 0, 0, 0, 0, 0, 686, 0, 0, 0, 0, 0), .Dim = 4:3, .Dimnames = list(
        c("-2", "-1", "0", "1"), c("-", "A", "G"))))))
