Results <-
list(`bwaOutput/20210421msiMNRsJenny/155063_S27.sam` = list(LR10_SNP1 = list(
    All = list(Freqs = structure(c(0L, 0L, 1L, 0L, 0L, 0L, 1L, 
    9L, 0L, 0L, 2L, 105L, 7547L, 33L, 9L, 0L, 0L, 131L, 2L, 0L
    ), .Dim = 5:4, .Dimnames = structure(list(c("-2", "-1", "0", 
    "1", NA), c("A", "C", "T", NA)), .Names = c("", "")), class = "table"), 
        N = 7840L), Tag.Distribution = structure(c(`1` = 206L, 
    `2` = 87L, `3` = 75L, `4` = 66L, `5` = 51L, `6` = 56L, `7` = 47L, 
    `8` = 43L, `9` = 36L, `10` = 36L, `11` = 30L, `12` = 22L, 
    `13` = 19L, `14` = 19L, `15` = 16L, `16` = 21L, `17` = 18L, 
    `18` = 9L, `19` = 8L, `20` = 11L, `21` = 12L, `22` = 9L, 
    `23` = 8L, `24` = 6L, `25` = 7L, `26` = 8L, `27` = 2L, `28` = 9L, 
    `29` = 4L, `30` = 4L, `31` = 3L, `32` = 2L, `33` = 2L, `34` = 3L, 
    `35` = 1L, `37` = 2L, `39` = 1L, `45` = 1L, `46` = 1L), .Dim = 39L, .Dimnames = structure(list(
        c("1", "2", "3", "4", "5", "6", "7", "8", "9", "10", 
        "11", "12", "13", "14", "15", "16", "17", "18", "19", 
        "20", "21", "22", "23", "24", "25", "26", "27", "28", 
        "29", "30", "31", "32", "33", "34", "35", "37", "39", 
        "45", "46")), .Names = ""), class = "table"), No.Tag = structure(c(0L, 
    0L, 0L, 0L, 0L, 0L, 0L, 0L, 0L, 0L, 0L, 2L, 216L, 2L, 0L, 
    0L, 0L, 13L, 0L, 0L), .Dim = 5:4, .Dimnames = structure(list(
        c("-2", "-1", "0", "1", NA), c("A", "C", "T", NA)), .Names = c("", 
    "")), class = "table"), All.Tags = list(Concordant = list(
        Freqs = structure(c(0, 0, 0, 0, 0, 1, 6, 0, 0, 2, 828, 
        2), .Dim = 4:3, .Dimnames = list(c("-2", "-1", "0", "1"
        ), c("A", "C", "T"))), N = 839), Majority = list(Freqs = structure(c(0, 
    0, 0, 0, 0, 1, 6, 0, 0, 3, 933, 2), .Dim = 4:3, .Dimnames = list(
        c("-2", "-1", "0", "1"), c("A", "C", "T"))), N = 945)), 
    `2` = structure(c(0, 0, 0, 0, 0, 0, 0, 0, 0, 1, 752, 0), .Dim = 4:3, .Dimnames = list(
        c("-2", "-1", "0", "1"), c("A", "C", "T"))))))
