Results <-
list(`bwaOutput/20210421msiMNRsJenny/155063_S27.sam` = list(GM26_SNP1 = list(
    All = list(Freqs = structure(c(2L, 44L, 5627L, 16L, 2L, 12L, 
    0L, 0L, 6L, 0L, 0L, 0L, 0L, 0L, 1L, 0L, 0L, 0L, 0L, 3L, 53L, 
    1L, 0L, 0L), .Dim = c(6L, 4L), .Dimnames = structure(list(
        c("-2", "-1", "0", "1", "2", NA), c("A", "G", "T", NA
        )), .Names = c("", "")), class = "table"), N = 5767L), 
    Tag.Distribution = structure(c(`1` = 132L, `2` = 61L, `3` = 38L, 
    `4` = 41L, `5` = 54L, `6` = 43L, `7` = 25L, `8` = 18L, `9` = 28L, 
    `10` = 26L, `11` = 28L, `12` = 18L, `13` = 16L, `14` = 20L, 
    `15` = 16L, `16` = 7L, `17` = 15L, `18` = 2L, `19` = 10L, 
    `20` = 6L, `21` = 5L, `22` = 7L, `23` = 3L, `24` = 9L, `25` = 4L, 
    `26` = 5L, `27` = 6L, `28` = 1L, `29` = 3L, `31` = 2L, `32` = 2L, 
    `33` = 4L, `34` = 2L, `36` = 1L, `37` = 1L, `39` = 1L, `40` = 2L, 
    `41` = 1L, `43` = 1L, `44` = 1L, `48` = 1L, `58` = 1L), .Dim = 42L, .Dimnames = structure(list(
        c("1", "2", "3", "4", "5", "6", "7", "8", "9", "10", 
        "11", "12", "13", "14", "15", "16", "17", "18", "19", 
        "20", "21", "22", "23", "24", "25", "26", "27", "28", 
        "29", "31", "32", "33", "34", "36", "37", "39", "40", 
        "41", "43", "44", "48", "58")), .Names = ""), class = "table"), 
    No.Tag = structure(c(0L, 3L, 98L, 0L, 0L, 1L, 0L, 0L, 1L, 
    0L, 0L, 0L, 0L, 0L, 0L, 0L, 0L, 0L, 0L, 0L, 5L, 0L, 0L, 0L
    ), .Dim = c(6L, 4L), .Dimnames = structure(list(c("-2", "-1", 
    "0", "1", "2", NA), c("A", "G", "T", NA)), .Names = c("", 
    "")), class = "table"), All.Tags = list(Concordant = list(
        Freqs = structure(c(0, 1, 598, 0, 0, 0, 0, 4, 0, 0, 0, 
        0, 0, 0, 0), .Dim = c(5L, 3L), .Dimnames = list(c("-2", 
        "-1", "0", "1", "2"), c("A", "G", "T"))), N = 603), Majority = list(
        Freqs = structure(c(0, 1, 656, 0, 0, 0, 0, 4, 0, 0, 0, 
        0, 0, 0, 0), .Dim = c(5L, 3L), .Dimnames = list(c("-2", 
        "-1", "0", "1", "2"), c("A", "G", "T"))), N = 661)), 
    `2` = structure(c(0, 0, 535, 0, 0, 0, 0, 0, 0, 0, 0, 0, 0, 
    0, 0), .Dim = c(5L, 3L), .Dimnames = list(c("-2", "-1", "0", 
    "1", "2"), c("A", "G", "T"))))))
