Results <-
list(`bwaOutput/20210421msiMNRsJenny/155063_S27.sam` = list(GM22_SNP1 = list(
    All = list(Freqs = structure(c(3L, 56L, 4223L, 16L, 0L, 8L, 
    2L, 90L, 4666L, 14L, 1L, 7L, 0L, 0L, 2L, 0L, 0L, 0L, 0L, 
    4L, 188L, 3L, 0L, 0L), .Dim = c(6L, 4L), .Dimnames = structure(list(
        c("-2", "-1", "0", "1", "2", NA), c("A", "G", "T", NA
        )), .Names = c("", "")), class = "table"), N = 9283L), 
    Tag.Distribution = structure(c(`1` = 220L, `2` = 81L, `3` = 50L, 
    `4` = 67L, `5` = 66L, `6` = 44L, `7` = 41L, `8` = 43L, `9` = 43L, 
    `10` = 41L, `11` = 34L, `12` = 27L, `13` = 28L, `14` = 32L, 
    `15` = 11L, `16` = 17L, `17` = 14L, `18` = 17L, `19` = 14L, 
    `20` = 16L, `21` = 10L, `22` = 13L, `23` = 9L, `24` = 9L, 
    `25` = 9L, `26` = 7L, `27` = 8L, `28` = 7L, `29` = 4L, `30` = 3L, 
    `31` = 3L, `32` = 4L, `33` = 5L, `34` = 4L, `35` = 1L, `36` = 4L, 
    `39` = 3L, `42` = 1L, `45` = 1L, `51` = 1L, `59` = 1L, `71` = 1L
    ), .Dim = 42L, .Dimnames = structure(list(c("1", "2", "3", 
    "4", "5", "6", "7", "8", "9", "10", "11", "12", "13", "14", 
    "15", "16", "17", "18", "19", "20", "21", "22", "23", "24", 
    "25", "26", "27", "28", "29", "30", "31", "32", "33", "34", 
    "35", "36", "39", "42", "45", "51", "59", "71")), .Names = ""), class = "table"), 
    No.Tag = structure(c(0L, 4L, 164L, 2L, 0L, 0L, 0L, 3L, 158L, 
    0L, 0L, 1L, 0L, 0L, 0L, 0L, 0L, 0L, 0L, 1L, 21L, 0L, 0L, 
    0L), .Dim = c(6L, 4L), .Dimnames = structure(list(c("-2", 
    "-1", "0", "1", "2", NA), c("A", "G", "T", NA)), .Names = c("", 
    "")), class = "table"), All.Tags = list(Concordant = list(
        Freqs = structure(c(1, 3, 368, 0, 0, 0, 1, 427, 1, 0, 
        0, 0, 0, 0, 0), .Dim = c(5L, 3L), .Dimnames = list(c("-2", 
        "-1", "0", "1", "2"), c("A", "G", "T"))), N = 801), Majority = list(
        Freqs = structure(c(1, 3, 462, 0, 0, 0, 3, 511, 1, 0, 
        0, 0, 0, 0, 0), .Dim = c(5L, 3L), .Dimnames = list(c("-2", 
        "-1", "0", "1", "2"), c("A", "G", "T"))), N = 981)), 
    `2` = structure(c(0, 0, 365, 0, 0, 0, 2, 413, 0, 0, 0, 0, 
    0, 0, 0), .Dim = c(5L, 3L), .Dimnames = list(c("-2", "-1", 
    "0", "1", "2"), c("A", "G", "T"))))))
