Results <-
list(`bwaOutput/20210421msiMNRsJenny/155088_S29.sam` = list(IM49_SNP1 = list(
    All = list(Freqs = structure(c(0L, 0L, 2L, 12L, 0L, 0L, 0L, 
    1L, 9L, 161L, 5264L, 120L, 2L, 30L, 0L, 1L, 6L, 268L, 14L, 
    0L, 0L), .Dim = c(7L, 3L), .Dimnames = structure(list(c("-3", 
    "-2", "-1", "0", "1", "2", NA), c("C", "G", NA)), .Names = c("", 
    "")), class = "table"), N = 5890L), Tag.Distribution = structure(c(`1` = 197L, 
    `2` = 69L, `3` = 68L, `4` = 46L, `5` = 44L, `6` = 41L, `7` = 28L, 
    `8` = 34L, `9` = 31L, `10` = 28L, `11` = 21L, `12` = 11L, 
    `13` = 17L, `14` = 10L, `15` = 11L, `16` = 12L, `17` = 8L, 
    `18` = 9L, `19` = 10L, `20` = 7L, `21` = 10L, `22` = 5L, 
    `23` = 2L, `24` = 5L, `25` = 6L, `26` = 7L, `27` = 5L, `28` = 2L, 
    `29` = 3L, `30` = 2L, `31` = 2L, `32` = 3L, `34` = 1L, `35` = 2L, 
    `37` = 2L, `38` = 1L, `39` = 1L, `42` = 1L, `43` = 1L, `47` = 1L, 
    `57` = 1L), .Dim = 41L, .Dimnames = structure(list(c("1", 
    "2", "3", "4", "5", "6", "7", "8", "9", "10", "11", "12", 
    "13", "14", "15", "16", "17", "18", "19", "20", "21", "22", 
    "23", "24", "25", "26", "27", "28", "29", "30", "31", "32", 
    "34", "35", "37", "38", "39", "42", "43", "47", "57")), .Names = ""), class = "table"), 
    No.Tag = structure(c(0L, 0L, 0L, 2L, 0L, 0L, 0L, 0L, 0L, 
    26L, 160L, 1L, 0L, 1L, 0L, 0L, 1L, 15L, 1L, 0L, 0L), .Dim = c(7L, 
    3L), .Dimnames = structure(list(c("-3", "-2", "-1", "0", 
    "1", "2", NA), c("C", "G", NA)), .Names = c("", "")), class = "table"), 
    All.Tags = list(Concordant = list(Freqs = structure(c(0, 
    0, 2, 7, 0, 0, 0, 1, 6, 540, 5, 0), .Dim = c(6L, 2L), .Dimnames = list(
        c("-3", "-2", "-1", "0", "1", "2"), c("C", "G"))), N = 561), 
        Majority = list(Freqs = structure(c(0, 0, 2, 7, 0, 0, 
        0, 1, 8, 699, 6, 0), .Dim = c(6L, 2L), .Dimnames = list(
            c("-3", "-2", "-1", "0", "1", "2"), c("C", "G"))), 
            N = 723)), `2` = structure(c(0, 0, 0, 0, 0, 0, 0, 
    1, 4, 558, 3, 0), .Dim = c(6L, 2L), .Dimnames = list(c("-3", 
    "-2", "-1", "0", "1", "2"), c("C", "G"))))))
