Results <-
list(`bwaOutput/20210421msiMNRsJenny/155063_S27.sam` = list(IM16_SNP1 = list(
    All = list(Freqs = structure(c(48L, 5321L, 116L, 4L, 4L, 
    44L, 5337L, 70L, 1L, 7L, 1L, 148L, 8L, 0L, 0L), .Dim = c(5L, 
    3L), .Dimnames = structure(list(c("-1", "0", "1", "2", NA
    ), c("A", "G", NA)), .Names = c("", "")), class = "table"), 
        N = 11109L), Tag.Distribution = structure(c(`1` = 236L, 
    `2` = 103L, `3` = 83L, `4` = 73L, `5` = 52L, `6` = 47L, `7` = 61L, 
    `8` = 52L, `9` = 44L, `10` = 39L, `11` = 41L, `12` = 27L, 
    `13` = 33L, `14` = 29L, `15` = 23L, `16` = 28L, `17` = 21L, 
    `18` = 21L, `19` = 13L, `20` = 14L, `21` = 11L, `22` = 14L, 
    `23` = 12L, `24` = 13L, `25` = 8L, `26` = 10L, `27` = 9L, 
    `28` = 9L, `29` = 7L, `30` = 5L, `31` = 3L, `32` = 5L, `33` = 4L, 
    `34` = 7L, `36` = 1L, `37` = 1L, `38` = 3L, `40` = 3L, `41` = 2L, 
    `42` = 2L, `44` = 1L, `46` = 1L, `47` = 1L, `50` = 1L, `51` = 1L, 
    `52` = 1L, `53` = 1L, `72` = 1L), .Dim = 48L, .Dimnames = structure(list(
        c("1", "2", "3", "4", "5", "6", "7", "8", "9", "10", 
        "11", "12", "13", "14", "15", "16", "17", "18", "19", 
        "20", "21", "22", "23", "24", "25", "26", "27", "28", 
        "29", "30", "31", "32", "33", "34", "36", "37", "38", 
        "40", "41", "42", "44", "46", "47", "50", "51", "52", 
        "53", "72")), .Names = ""), class = "table"), No.Tag = structure(c(4L, 
    179L, 2L, 0L, 0L, 1L, 133L, 7L, 0L, 3L, 0L, 15L, 0L, 0L, 
    0L), .Dim = c(5L, 3L), .Dimnames = structure(list(c("-1", 
    "0", "1", "2", NA), c("A", "G", NA)), .Names = c("", "")), class = "table"), 
    All.Tags = list(Concordant = list(Freqs = structure(c(0, 
    435, 0, 0, 4, 447, 0, 0), .Dim = c(4L, 2L), .Dimnames = list(
        c("-1", "0", "1", "2"), c("A", "G"))), N = 886), Majority = list(
        Freqs = structure(c(0, 575, 2, 0, 4, 570, 0, 0), .Dim = c(4L, 
        2L), .Dimnames = list(c("-1", "0", "1", "2"), c("A", 
        "G"))), N = 1151)), `2` = structure(c(0, 464, 2, 0, 0, 
    463, 0, 0), .Dim = c(4L, 2L), .Dimnames = list(c("-1", "0", 
    "1", "2"), c("A", "G"))))))
