Results <-
list(`bwaOutput/20210421msiMNRsJenny/155088_S29.sam` = list(LR20_SNP1 = list(
    All = list(Freqs = structure(c(0L, 2L, 0L, 0L, 2L, 3001L, 
    3L, 1L, 0L, 1L, 0L, 0L, 6L, 3223L, 10L, 3L, 1L, 40L, 1L, 
    0L), .Dim = 4:5, .Dimnames = structure(list(c("-1", "0", 
    "1", NA), c("-", "A", "C", "G", NA)), .Names = c("", "")), class = "table"), 
        N = 6294L), Tag.Distribution = structure(c(`1` = 136L, 
    `2` = 55L, `3` = 47L, `4` = 43L, `5` = 38L, `6` = 41L, `7` = 29L, 
    `8` = 27L, `9` = 19L, `10` = 28L, `11` = 19L, `12` = 15L, 
    `13` = 21L, `14` = 16L, `15` = 17L, `16` = 7L, `17` = 8L, 
    `18` = 11L, `19` = 9L, `20` = 7L, `21` = 4L, `22` = 9L, `23` = 9L, 
    `24` = 3L, `25` = 6L, `26` = 6L, `27` = 3L, `28` = 3L, `29` = 3L, 
    `30` = 7L, `31` = 4L, `32` = 2L, `33` = 3L, `35` = 2L, `36` = 2L, 
    `38` = 1L, `39` = 1L, `40` = 1L, `41` = 2L, `43` = 1L, `44` = 4L, 
    `47` = 1L, `49` = 1L), .Dim = 43L, .Dimnames = structure(list(
        c("1", "2", "3", "4", "5", "6", "7", "8", "9", "10", 
        "11", "12", "13", "14", "15", "16", "17", "18", "19", 
        "20", "21", "22", "23", "24", "25", "26", "27", "28", 
        "29", "30", "31", "32", "33", "35", "36", "38", "39", 
        "40", "41", "43", "44", "47", "49")), .Names = ""), class = "table"), 
    No.Tag = structure(c(0L, 0L, 0L, 0L, 0L, 114L, 0L, 0L, 0L, 
    0L, 0L, 0L, 1L, 140L, 0L, 1L, 0L, 3L, 0L, 0L), .Dim = 4:5, .Dimnames = structure(list(
        c("-1", "0", "1", NA), c("-", "A", "C", "G", NA)), .Names = c("", 
    "")), class = "table"), All.Tags = list(Concordant = list(
        Freqs = structure(c(0, 0, 0, 0, 286, 0, 0, 0, 0, 0, 309, 
        0), .Dim = 3:4, .Dimnames = list(c("-1", "0", "1"), c("-", 
        "A", "C", "G"))), N = 595), Majority = list(Freqs = structure(c(0, 
    0, 0, 0, 310, 0, 0, 0, 0, 0, 351, 0), .Dim = 3:4, .Dimnames = list(
        c("-1", "0", "1"), c("-", "A", "C", "G"))), N = 661)), 
    `2` = structure(c(0, 0, 0, 0, 253, 0, 0, 0, 0, 0, 275, 0), .Dim = 3:4, .Dimnames = list(
        c("-1", "0", "1"), c("-", "A", "C", "G"))))))
