Results <-
list(`bwaOutput/20210421msiMNRsJenny/155088_S29.sam` = list(GM14_SNP1 = list(
    All = list(Freqs = structure(c(0L, 0L, 6L, 1L, 0L, 4L, 117L, 
    5718L, 26L, 7L, 0L, 0L, 67L, 0L, 0L), .Dim = c(5L, 3L), .Dimnames = structure(list(
        c("-2", "-1", "0", "1", NA), c("C", "T", NA)), .Names = c("", 
    "")), class = "table"), N = 5946L), Tag.Distribution = structure(c(`1` = 139L, 
    `2` = 39L, `3` = 27L, `4` = 52L, `5` = 26L, `6` = 17L, `7` = 23L, 
    `8` = 25L, `9` = 24L, `10` = 25L, `11` = 16L, `12` = 18L, 
    `13` = 14L, `14` = 14L, `15` = 12L, `16` = 9L, `17` = 10L, 
    `18` = 18L, `19` = 8L, `20` = 10L, `21` = 6L, `22` = 7L, 
    `23` = 7L, `24` = 11L, `25` = 2L, `26` = 5L, `27` = 2L, `28` = 5L, 
    `29` = 3L, `30` = 5L, `31` = 3L, `32` = 5L, `33` = 1L, `34` = 5L, 
    `35` = 3L, `37` = 1L, `38` = 1L, `40` = 2L, `41` = 3L, `43` = 1L, 
    `46` = 1L, `49` = 1L), .Dim = 42L, .Dimnames = structure(list(
        c("1", "2", "3", "4", "5", "6", "7", "8", "9", "10", 
        "11", "12", "13", "14", "15", "16", "17", "18", "19", 
        "20", "21", "22", "23", "24", "25", "26", "27", "28", 
        "29", "30", "31", "32", "33", "34", "35", "37", "38", 
        "40", "41", "43", "46", "49")), .Names = ""), class = "table"), 
    No.Tag = structure(c(0L, 0L, 1L, 0L, 0L, 0L, 3L, 139L, 2L, 
    0L, 0L, 0L, 3L, 0L, 0L), .Dim = c(5L, 3L), .Dimnames = structure(list(
        c("-2", "-1", "0", "1", NA), c("C", "T", NA)), .Names = c("", 
    "")), class = "table"), All.Tags = list(Concordant = list(
        Freqs = structure(c(0, 0, 4, 1, 0, 3, 472, 0), .Dim = c(4L, 
        2L), .Dimnames = list(c("-2", "-1", "0", "1"), c("C", 
        "T"))), N = 480), Majority = list(Freqs = structure(c(0, 
    0, 4, 1, 0, 3, 583, 0), .Dim = c(4L, 2L), .Dimnames = list(
        c("-2", "-1", "0", "1"), c("C", "T"))), N = 591)), `2` = structure(c(0, 
    0, 0, 0, 0, 0, 463, 0), .Dim = c(4L, 2L), .Dimnames = list(
        c("-2", "-1", "0", "1"), c("C", "T"))))))
