Results <-
list(`bwaOutput/20210421msiMNRsJenny/155063_S27.sam` = list(LR49_SNP1 = list(
    All = list(Freqs = structure(c(1L, 9L, 4574L, 0L, 6L, 0L, 
    11L, 4140L, 1L, 5L, 0L, 0L, 1L, 0L, 0L, 0L, 0L, 129L, 0L, 
    0L), .Dim = 5:4, .Dimnames = structure(list(c("-2", "-1", 
    "0", "1", NA), c("A", "G", "T", NA)), .Names = c("", "")), class = "table"), 
        N = 8877L), Tag.Distribution = structure(c(`1` = 272L, 
    `2` = 111L, `3` = 95L, `4` = 92L, `5` = 78L, `6` = 70L, `7` = 51L, 
    `8` = 48L, `9` = 51L, `10` = 40L, `11` = 34L, `12` = 36L, 
    `13` = 30L, `14` = 22L, `15` = 14L, `16` = 24L, `17` = 14L, 
    `18` = 14L, `19` = 12L, `20` = 12L, `21` = 8L, `22` = 7L, 
    `23` = 3L, `24` = 5L, `25` = 10L, `26` = 5L, `27` = 3L, `28` = 7L, 
    `29` = 6L, `30` = 2L, `31` = 2L, `32` = 1L, `33` = 2L, `34` = 2L, 
    `35` = 1L, `36` = 1L, `37` = 1L, `38` = 1L, `41` = 1L, `45` = 1L, 
    `46` = 1L, `48` = 1L), .Dim = 42L, .Dimnames = structure(list(
        c("1", "2", "3", "4", "5", "6", "7", "8", "9", "10", 
        "11", "12", "13", "14", "15", "16", "17", "18", "19", 
        "20", "21", "22", "23", "24", "25", "26", "27", "28", 
        "29", "30", "31", "32", "33", "34", "35", "36", "37", 
        "38", "41", "45", "46", "48")), .Names = ""), class = "table"), 
    No.Tag = structure(c(0L, 0L, 150L, 0L, 1L, 0L, 1L, 142L, 
    0L, 2L, 0L, 0L, 0L, 0L, 0L, 0L, 0L, 12L, 0L, 0L), .Dim = 5:4, .Dimnames = structure(list(
        c("-2", "-1", "0", "1", NA), c("A", "G", "T", NA)), .Names = c("", 
    "")), class = "table"), All.Tags = list(Concordant = list(
        Freqs = structure(c(1, 0, 532, 0, 0, 2, 474, 0, 0, 0, 
        0, 0), .Dim = 4:3, .Dimnames = list(c("-2", "-1", "0", 
        "1"), c("A", "G", "T"))), N = 1009), Majority = list(
        Freqs = structure(c(1, 0, 613, 0, 0, 2, 543, 0, 0, 0, 
        0, 0), .Dim = 4:3, .Dimnames = list(c("-2", "-1", "0", 
        "1"), c("A", "G", "T"))), N = 1159)), `2` = structure(c(0, 
    0, 492, 0, 0, 1, 415, 0, 0, 0, 0, 0), .Dim = 4:3, .Dimnames = list(
        c("-2", "-1", "0", "1"), c("A", "G", "T"))))))
