Results <-
list(`bwaOutput/20210421msiMNRsJenny/155063_S27.sam` = list(GM11_SNP1 = list(
    All = list(Freqs = structure(c(5L, 2124L, 6L, 0L, 44L, 4800L, 
    16L, 2L, 0L, 1L, 0L, 0L, 1L, 56L, 1L, 0L), .Dim = c(4L, 4L
    ), .Dimnames = structure(list(c("-1", "0", "1", NA), c("A", 
    "G", "T", NA)), .Names = c("", "")), class = "table"), N = 7056L), 
    Tag.Distribution = structure(c(`1` = 144L, `2` = 69L, `3` = 44L, 
    `4` = 36L, `5` = 45L, `6` = 35L, `7` = 33L, `8` = 31L, `9` = 28L, 
    `10` = 29L, `11` = 29L, `12` = 24L, `13` = 19L, `14` = 21L, 
    `15` = 14L, `16` = 15L, `17` = 20L, `18` = 8L, `19` = 11L, 
    `20` = 12L, `21` = 8L, `22` = 13L, `23` = 11L, `24` = 10L, 
    `25` = 5L, `26` = 4L, `27` = 4L, `28` = 4L, `29` = 3L, `30` = 4L, 
    `31` = 2L, `32` = 3L, `34` = 4L, `35` = 1L, `36` = 1L, `37` = 3L, 
    `39` = 1L, `41` = 1L, `42` = 1L, `44` = 1L, `52` = 1L, `53` = 1L
    ), .Dim = 42L, .Dimnames = structure(list(c("1", "2", "3", 
    "4", "5", "6", "7", "8", "9", "10", "11", "12", "13", "14", 
    "15", "16", "17", "18", "19", "20", "21", "22", "23", "24", 
    "25", "26", "27", "28", "29", "30", "31", "32", "34", "35", 
    "36", "37", "39", "41", "42", "44", "52", "53")), .Names = ""), class = "table"), 
    No.Tag = structure(c(0L, 64L, 0L, 0L, 0L, 91L, 1L, 0L, 0L, 
    0L, 0L, 0L, 0L, 5L, 0L, 0L), .Dim = c(4L, 4L), .Dimnames = structure(list(
        c("-1", "0", "1", NA), c("A", "G", "T", NA)), .Names = c("", 
    "")), class = "table"), All.Tags = list(Concordant = list(
        Freqs = structure(c(0, 203, 0, 2, 432, 0, 0, 0, 0), .Dim = c(3L, 
        3L), .Dimnames = list(c("-1", "0", "1"), c("A", "G", 
        "T"))), N = 637), Majority = list(Freqs = structure(c(0, 
    230, 0, 2, 508, 0, 0, 0, 0), .Dim = c(3L, 3L), .Dimnames = list(
        c("-1", "0", "1"), c("A", "G", "T"))), N = 740)), `2` = structure(c(0, 
    185, 0, 0, 417, 0, 0, 0, 0), .Dim = c(3L, 3L), .Dimnames = list(
        c("-1", "0", "1"), c("A", "G", "T"))))))
