Results <-
list(`bwaOutput/20210421msiMNRsJenny/155088_S29.sam` = list(DEPDC2_SNP1 = list(
    All = list(Freqs = structure(c(4L, 2192L, 5L, 4L, 15L, 2497L, 
    8L, 12L, 0L, 49L, 0L, 0L), .Dim = 4:3, .Dimnames = structure(list(
        c("-1", "0", "1", NA), c("C", "T", NA)), .Names = c("", 
    "")), class = "table"), N = 4786L), Tag.Distribution = structure(c(`1` = 175L, 
    `2` = 54L, `3` = 38L, `4` = 42L, `5` = 33L, `6` = 36L, `7` = 22L, 
    `8` = 26L, `9` = 23L, `10` = 17L, `11` = 23L, `12` = 13L, 
    `13` = 11L, `14` = 20L, `15` = 10L, `16` = 9L, `17` = 10L, 
    `18` = 8L, `19` = 9L, `20` = 7L, `21` = 4L, `22` = 1L, `23` = 9L, 
    `24` = 2L, `25` = 1L, `26` = 4L, `27` = 2L, `28` = 3L, `30` = 2L, 
    `31` = 3L, `32` = 1L, `33` = 2L, `35` = 2L, `36` = 1L, `37` = 1L, 
    `39` = 1L, `41` = 1L, `46` = 1L, `47` = 1L), .Dim = 39L, .Dimnames = structure(list(
        c("1", "2", "3", "4", "5", "6", "7", "8", "9", "10", 
        "11", "12", "13", "14", "15", "16", "17", "18", "19", 
        "20", "21", "22", "23", "24", "25", "26", "27", "28", 
        "30", "31", "32", "33", "35", "36", "37", "39", "41", 
        "46", "47")), .Names = ""), class = "table"), No.Tag = structure(c(0L, 
    67L, 1L, 0L, 0L, 80L, 0L, 4L, 0L, 3L, 0L, 0L), .Dim = 4:3, .Dimnames = structure(list(
        c("-1", "0", "1", NA), c("C", "T", NA)), .Names = c("", 
    "")), class = "table"), All.Tags = list(Concordant = list(
        Freqs = structure(c(0, 278, 0, 0, 288, 0), .Dim = 3:2, .Dimnames = list(
            c("-1", "0", "1"), c("C", "T"))), N = 566), Majority = list(
        Freqs = structure(c(0, 302, 0, 0, 314, 0), .Dim = 3:2, .Dimnames = list(
            c("-1", "0", "1"), c("C", "T"))), N = 616)), `2` = structure(c(0, 
    224, 0, 0, 228, 0), .Dim = 3:2, .Dimnames = list(c("-1", 
    "0", "1"), c("C", "T"))))))
