Results <-
list(`bwaOutput/20210421msiMNRsJenny/155088_S29.sam` = list(LR48_SNP1 = list(
    All = list(Freqs = structure(c(0L, 0L, 1L, 0L, 0L, 0L, 5L, 
    172L, 6012L, 83L, 3L, 23L, 0L, 1L, 6L, 0L, 0L, 0L, 0L, 1L, 
    156L, 1L, 0L, 0L), .Dim = c(6L, 4L), .Dimnames = structure(list(
        c("-2", "-1", "0", "1", "2", NA), c("A", "C", "T", NA
        )), .Names = c("", "")), class = "table"), N = 6464L), 
    Tag.Distribution = structure(c(`1` = 109L, `2` = 31L, `3` = 22L, 
    `4` = 25L, `5` = 27L, `6` = 25L, `7` = 19L, `8` = 23L, `9` = 18L, 
    `10` = 25L, `11` = 16L, `12` = 11L, `13` = 15L, `14` = 23L, 
    `15` = 10L, `16` = 12L, `17` = 8L, `18` = 11L, `19` = 12L, 
    `20` = 8L, `21` = 8L, `22` = 8L, `23` = 7L, `24` = 4L, `25` = 10L, 
    `26` = 2L, `27` = 6L, `28` = 4L, `29` = 7L, `30` = 3L, `31` = 2L, 
    `32` = 3L, `33` = 2L, `35` = 3L, `36` = 2L, `37` = 1L, `38` = 1L, 
    `39` = 2L, `40` = 3L, `41` = 1L, `42` = 3L, `44` = 3L, `45` = 1L, 
    `49` = 1L, `50` = 1L, `51` = 2L, `54` = 1L, `57` = 1L, `66` = 1L, 
    `70` = 1L), .Dim = 50L, .Dimnames = structure(list(c("1", 
    "2", "3", "4", "5", "6", "7", "8", "9", "10", "11", "12", 
    "13", "14", "15", "16", "17", "18", "19", "20", "21", "22", 
    "23", "24", "25", "26", "27", "28", "29", "30", "31", "32", 
    "33", "35", "36", "37", "38", "39", "40", "41", "42", "44", 
    "45", "49", "50", "51", "54", "57", "66", "70")), .Names = ""), class = "table"), 
    No.Tag = structure(c(0L, 0L, 0L, 0L, 0L, 0L, 0L, 18L, 250L, 
    6L, 1L, 0L, 0L, 0L, 1L, 0L, 0L, 0L, 0L, 0L, 12L, 0L, 0L, 
    0L), .Dim = c(6L, 4L), .Dimnames = structure(list(c("-2", 
    "-1", "0", "1", "2", NA), c("A", "C", "T", NA)), .Names = c("", 
    "")), class = "table"), All.Tags = list(Concordant = list(
        Freqs = structure(c(0, 0, 0, 0, 0, 0, 4, 361, 3, 1, 0, 
        0, 2, 0, 0), .Dim = c(5L, 3L), .Dimnames = list(c("-2", 
        "-1", "0", "1", "2"), c("A", "C", "T"))), N = 371), Majority = list(
        Freqs = structure(c(0, 0, 0, 0, 0, 0, 6, 511, 3, 1, 0, 
        0, 2, 0, 0), .Dim = c(5L, 3L), .Dimnames = list(c("-2", 
        "-1", "0", "1", "2"), c("A", "C", "T"))), N = 523)), 
    `2` = structure(c(0, 0, 0, 0, 0, 0, 2, 427, 0, 0, 0, 0, 0, 
    0, 0), .Dim = c(5L, 3L), .Dimnames = list(c("-2", "-1", "0", 
    "1", "2"), c("A", "C", "T"))))))
