Results <-
list(`bwaOutput/20210421msiMNRsJenny/155063_S27.sam` = list(LR24_SNP1 = list(
    All = list(Freqs = structure(c(0L, 1L, 0L, 0L, 35L, 7969L, 
    13L, 6L, 32L, 5158L, 13L, 5L, 0L, 1L, 0L, 0L, 1L, 90L, 1L, 
    0L), .Dim = 4:5, .Dimnames = structure(list(c("-1", "0", 
    "1", NA), c("-", "A", "G", "T", NA)), .Names = c("", "")), class = "table"), 
        N = 13325L), Tag.Distribution = structure(c(`1` = 392L, 
    `2` = 199L, `3` = 169L, `4` = 167L, `5` = 138L, `6` = 119L, 
    `7` = 89L, `8` = 88L, `9` = 74L, `10` = 70L, `11` = 58L, 
    `12` = 65L, `13` = 27L, `14` = 32L, `15` = 35L, `16` = 33L, 
    `17` = 22L, `18` = 10L, `19` = 17L, `20` = 16L, `21` = 8L, 
    `22` = 11L, `23` = 6L, `24` = 7L, `25` = 5L, `26` = 6L, `27` = 3L, 
    `28` = 6L, `29` = 4L, `30` = 9L, `31` = 1L, `32` = 2L, `33` = 3L, 
    `35` = 4L, `36` = 1L, `37` = 1L, `40` = 4L, `46` = 1L), .Dim = 38L, .Dimnames = structure(list(
        c("1", "2", "3", "4", "5", "6", "7", "8", "9", "10", 
        "11", "12", "13", "14", "15", "16", "17", "18", "19", 
        "20", "21", "22", "23", "24", "25", "26", "27", "28", 
        "29", "30", "31", "32", "33", "35", "36", "37", "40", 
        "46")), .Names = ""), class = "table"), No.Tag = structure(c(0L, 
    0L, 0L, 0L, 2L, 283L, 0L, 1L, 4L, 245L, 1L, 0L, 0L, 0L, 0L, 
    0L, 0L, 15L, 0L, 0L), .Dim = 4:5, .Dimnames = structure(list(
        c("-1", "0", "1", NA), c("-", "A", "G", "T", NA)), .Names = c("", 
    "")), class = "table"), All.Tags = list(Concordant = list(
        Freqs = structure(c(0, 0, 0, 1, 937, 1, 1, 594, 0, 0, 
        0, 0), .Dim = 3:4, .Dimnames = list(c("-1", "0", "1"), 
            c("-", "A", "G", "T"))), N = 1534), Majority = list(
        Freqs = structure(c(0, 0, 0, 1, 1115, 1, 2, 743, 0, 0, 
        0, 0), .Dim = 3:4, .Dimnames = list(c("-1", "0", "1"), 
            c("-", "A", "G", "T"))), N = 1862)), `2` = structure(c(0, 
    0, 0, 1, 893, 0, 1, 584, 0, 0, 0, 0), .Dim = 3:4, .Dimnames = list(
        c("-1", "0", "1"), c("-", "A", "G", "T"))))))
