Results <-
list(`bwaOutput/20210421msiMNRsJenny/155088_S29.sam` = list(GM11_SNP1 = list(
    All = list(Freqs = structure(c(7L, 2278L, 13L, 0L, 21L, 3005L, 
    11L, 3L, 0L, 38L, 1L, 0L), .Dim = 4:3, .Dimnames = structure(list(
        c("-1", "0", "1", NA), c("A", "G", NA)), .Names = c("", 
    "")), class = "table"), N = 5377L), Tag.Distribution = structure(c(`1` = 82L, 
    `2` = 28L, `3` = 32L, `4` = 37L, `5` = 21L, `6` = 21L, `7` = 19L, 
    `8` = 21L, `9` = 14L, `10` = 15L, `11` = 19L, `12` = 12L, 
    `13` = 14L, `14` = 15L, `15` = 14L, `16` = 5L, `17` = 9L, 
    `18` = 10L, `19` = 4L, `20` = 7L, `21` = 6L, `22` = 8L, `23` = 11L, 
    `24` = 6L, `25` = 6L, `26` = 4L, `27` = 5L, `28` = 2L, `29` = 1L, 
    `30` = 5L, `31` = 2L, `32` = 3L, `33` = 4L, `34` = 4L, `35` = 2L, 
    `36` = 1L, `37` = 3L, `38` = 4L, `39` = 1L, `40` = 1L, `42` = 1L, 
    `43` = 2L, `45` = 1L, `56` = 1L, `63` = 1L), .Dim = 45L, .Dimnames = structure(list(
        c("1", "2", "3", "4", "5", "6", "7", "8", "9", "10", 
        "11", "12", "13", "14", "15", "16", "17", "18", "19", 
        "20", "21", "22", "23", "24", "25", "26", "27", "28", 
        "29", "30", "31", "32", "33", "34", "35", "36", "37", 
        "38", "39", "40", "42", "43", "45", "56", "63")), .Names = ""), class = "table"), 
    No.Tag = structure(c(1L, 34L, 0L, 0L, 2L, 73L, 0L, 1L, 0L, 
    3L, 0L, 0L), .Dim = 4:3, .Dimnames = structure(list(c("-1", 
    "0", "1", NA), c("A", "G", NA)), .Names = c("", "")), class = "table"), 
    All.Tags = list(Concordant = list(Freqs = structure(c(0, 
    192, 1, 0, 228, 0), .Dim = 3:2, .Dimnames = list(c("-1", 
    "0", "1"), c("A", "G"))), N = 421), Majority = list(Freqs = structure(c(0, 
    216, 1, 0, 261, 0), .Dim = 3:2, .Dimnames = list(c("-1", 
    "0", "1"), c("A", "G"))), N = 478)), `2` = structure(c(0, 
    183, 1, 0, 218, 0), .Dim = 3:2, .Dimnames = list(c("-1", 
    "0", "1"), c("A", "G"))))))
