Results <-
list(`bwaOutput/20210421msiMNRsJenny/155063_S27.sam` = list(LR46_SNP1 = list(
    All = list(Freqs = structure(c(0L, 0L, 3L, 0L, 0L, 1L, 31L, 
    7263L, 23L, 37L, 0L, 0L, 2L, 0L, 0L, 0L, 0L, 71L, 1L, 0L), .Dim = 5:4, .Dimnames = structure(list(
        c("-2", "-1", "0", "1", NA), c("A", "G", "T", NA)), .Names = c("", 
    "")), class = "table"), N = 7432L), Tag.Distribution = structure(c(`1` = 206L, 
    `2` = 66L, `3` = 48L, `4` = 50L, `5` = 29L, `6` = 38L, `7` = 28L, 
    `8` = 24L, `9` = 35L, `10` = 31L, `11` = 27L, `12` = 16L, 
    `13` = 28L, `14` = 20L, `15` = 11L, `16` = 18L, `17` = 14L, 
    `18` = 10L, `19` = 16L, `20` = 10L, `21` = 6L, `22` = 8L, 
    `23` = 5L, `24` = 9L, `25` = 4L, `26` = 5L, `27` = 4L, `28` = 9L, 
    `29` = 6L, `30` = 7L, `31` = 2L, `32` = 6L, `33` = 1L, `34` = 2L, 
    `35` = 2L, `36` = 2L, `37` = 1L, `38` = 1L, `39` = 2L, `40` = 2L, 
    `41` = 1L, `42` = 1L, `43` = 1L, `45` = 1L, `47` = 1L, `67` = 1L
    ), .Dim = 46L, .Dimnames = structure(list(c("1", "2", "3", 
    "4", "5", "6", "7", "8", "9", "10", "11", "12", "13", "14", 
    "15", "16", "17", "18", "19", "20", "21", "22", "23", "24", 
    "25", "26", "27", "28", "29", "30", "31", "32", "33", "34", 
    "35", "36", "37", "38", "39", "40", "41", "42", "43", "45", 
    "47", "67")), .Names = ""), class = "table"), No.Tag = structure(c(0L, 
    0L, 0L, 0L, 0L, 0L, 1L, 211L, 1L, 9L, 0L, 0L, 0L, 0L, 0L, 
    0L, 0L, 12L, 0L, 0L), .Dim = 5:4, .Dimnames = structure(list(
        c("-2", "-1", "0", "1", NA), c("A", "G", "T", NA)), .Names = c("", 
    "")), class = "table"), All.Tags = list(Concordant = list(
        Freqs = structure(c(0, 0, 1, 0, 0, 4, 752, 1, 0, 0, 1, 
        0), .Dim = 4:3, .Dimnames = list(c("-2", "-1", "0", "1"
        ), c("A", "G", "T"))), N = 759), Majority = list(Freqs = structure(c(0, 
    0, 1, 0, 0, 4, 792, 1, 0, 0, 1, 0), .Dim = 4:3, .Dimnames = list(
        c("-2", "-1", "0", "1"), c("A", "G", "T"))), N = 799)), 
    `2` = structure(c(0, 0, 0, 0, 0, 0, 608, 0, 0, 0, 0, 0), .Dim = 4:3, .Dimnames = list(
        c("-2", "-1", "0", "1"), c("A", "G", "T"))))))
