Results <-
list(`bwaOutput/20210421msiMNRsJenny/155088_S29.sam` = list(LR40_SNP1 = list(
    All = list(Freqs = structure(c(1L, 51L, 4659L, 12L, 9L, 0L, 
    0L, 2L, 0L, 0L, 0L, 0L, 33L, 0L, 0L), .Dim = c(5L, 3L), .Dimnames = structure(list(
        c("-2", "-1", "0", "1", NA), c("C", "T", NA)), .Names = c("", 
    "")), class = "table"), N = 4767L), Tag.Distribution = structure(c(`1` = 121L, 
    `2` = 40L, `3` = 24L, `4` = 47L, `5` = 32L, `6` = 35L, `7` = 19L, 
    `8` = 30L, `9` = 19L, `10` = 24L, `11` = 15L, `12` = 17L, 
    `13` = 16L, `14` = 7L, `15` = 13L, `16` = 10L, `17` = 12L, 
    `18` = 7L, `19` = 11L, `20` = 8L, `21` = 5L, `22` = 3L, `23` = 3L, 
    `24` = 1L, `25` = 6L, `27` = 5L, `28` = 5L, `29` = 5L, `31` = 2L, 
    `33` = 4L, `35` = 2L, `36` = 2L, `38` = 1L, `45` = 1L, `47` = 1L
    ), .Dim = 35L, .Dimnames = structure(list(c("1", "2", "3", 
    "4", "5", "6", "7", "8", "9", "10", "11", "12", "13", "14", 
    "15", "16", "17", "18", "19", "20", "21", "22", "23", "24", 
    "25", "27", "28", "29", "31", "33", "35", "36", "38", "45", 
    "47")), .Names = ""), class = "table"), No.Tag = structure(c(0L, 
    2L, 114L, 0L, 1L, 0L, 0L, 0L, 0L, 0L, 0L, 0L, 6L, 0L, 0L), .Dim = c(5L, 
    3L), .Dimnames = structure(list(c("-2", "-1", "0", "1", NA
    ), c("C", "T", NA)), .Names = c("", "")), class = "table"), 
    All.Tags = list(Concordant = list(Freqs = structure(c(0, 
    0, 490, 1, 0, 0, 1, 0), .Dim = c(4L, 2L), .Dimnames = list(
        c("-2", "-1", "0", "1"), c("C", "T"))), N = 492), Majority = list(
        Freqs = structure(c(0, 0, 543, 1, 0, 0, 1, 0), .Dim = c(4L, 
        2L), .Dimnames = list(c("-2", "-1", "0", "1"), c("C", 
        "T"))), N = 545)), `2` = structure(c(0, 0, 430, 0, 0, 
    0, 0, 0), .Dim = c(4L, 2L), .Dimnames = list(c("-2", "-1", 
    "0", "1"), c("C", "T"))))))
