Results <-
list(`bwaOutput/20210421msiMNRsJenny/155063_S27.sam` = list(GM09_SNP1 = list(
    All = list(Freqs = structure(c(26L, 6362L, 11L, 0L, 34L, 
    6722L, 4L, 6L, 1L, 77L, 0L, 0L), .Dim = 4:3, .Dimnames = structure(list(
        c("-1", "0", "1", NA), c("A", "G", NA)), .Names = c("", 
    "")), class = "table"), N = 13243L), Tag.Distribution = structure(c(`1` = 221L, 
    `2` = 125L, `3` = 89L, `4` = 101L, `5` = 69L, `6` = 69L, 
    `7` = 65L, `8` = 63L, `9` = 57L, `10` = 36L, `11` = 39L, 
    `12` = 41L, `13` = 37L, `14` = 32L, `15` = 25L, `16` = 21L, 
    `17` = 25L, `18` = 19L, `19` = 10L, `20` = 26L, `21` = 14L, 
    `22` = 12L, `23` = 16L, `24` = 7L, `25` = 11L, `26` = 9L, 
    `27` = 10L, `28` = 9L, `29` = 14L, `30` = 8L, `31` = 5L, 
    `32` = 5L, `33` = 7L, `34` = 2L, `35` = 5L, `36` = 2L, `37` = 2L, 
    `38` = 2L, `39` = 2L, `40` = 3L, `41` = 3L, `43` = 1L, `44` = 3L, 
    `45` = 1L, `46` = 1L, `47` = 1L, `48` = 1L, `51` = 2L, `52` = 1L, 
    `58` = 1L, `64` = 1L, `67` = 1L, `85` = 2L), .Dim = 53L, .Dimnames = structure(list(
        c("1", "2", "3", "4", "5", "6", "7", "8", "9", "10", 
        "11", "12", "13", "14", "15", "16", "17", "18", "19", 
        "20", "21", "22", "23", "24", "25", "26", "27", "28", 
        "29", "30", "31", "32", "33", "34", "35", "36", "37", 
        "38", "39", "40", "41", "43", "44", "45", "46", "47", 
        "48", "51", "52", "58", "64", "67", "85")), .Names = ""), class = "table"), 
    No.Tag = structure(c(2L, 213L, 0L, 0L, 1L, 271L, 0L, 3L, 
    0L, 5L, 0L, 0L), .Dim = 4:3, .Dimnames = structure(list(c("-1", 
    "0", "1", NA), c("A", "G", NA)), .Names = c("", "")), class = "table"), 
    All.Tags = list(Concordant = list(Freqs = structure(c(0, 
    536, 1, 1, 523, 0), .Dim = 3:2, .Dimnames = list(c("-1", 
    "0", "1"), c("A", "G"))), N = 1061), Majority = list(Freqs = structure(c(0, 
    649, 1, 1, 661, 0), .Dim = 3:2, .Dimnames = list(c("-1", 
    "0", "1"), c("A", "G"))), N = 1312)), `2` = structure(c(0, 
    539, 0, 0, 559, 0), .Dim = 3:2, .Dimnames = list(c("-1", 
    "0", "1"), c("A", "G"))))))
