Results <-
list(`bwaOutput/20210421msiMNRsJenny/155088_S29.sam` = list(LR36_SNP1 = list(
    All = list(Freqs = structure(c(1L, 2L, 77L, 3714L, 72L, 0L, 
    54L, 0L, 0L, 0L, 1L, 0L, 0L, 0L, 0L, 0L, 0L, 1L, 0L, 0L, 
    0L, 1L, 3L, 53L, 2955L, 25L, 0L, 27L, 0L, 0L, 5L, 333L, 3L, 
    1L, 0L), .Dim = c(7L, 5L), .Dimnames = structure(list(c("-3", 
    "-2", "-1", "0", "1", "2", NA), c("A", "C", "G", "T", NA)), .Names = c("", 
    "")), class = "table"), N = 7328L), Tag.Distribution = structure(c(`1` = 166L, 
    `2` = 59L, `3` = 53L, `4` = 33L, `5` = 46L, `6` = 32L, `7` = 46L, 
    `8` = 33L, `9` = 32L, `10` = 30L, `11` = 34L, `12` = 20L, 
    `13` = 18L, `14` = 14L, `15` = 16L, `16` = 10L, `17` = 16L, 
    `18` = 18L, `19` = 13L, `20` = 6L, `21` = 8L, `22` = 5L, 
    `23` = 4L, `24` = 6L, `25` = 3L, `26` = 4L, `27` = 4L, `28` = 2L, 
    `29` = 3L, `30` = 7L, `31` = 3L, `32` = 2L, `33` = 2L, `34` = 5L, 
    `35` = 2L, `36` = 3L, `39` = 2L, `40` = 1L, `41` = 1L, `42` = 1L, 
    `43` = 1L, `46` = 1L, `47` = 2L, `51` = 2L, `52` = 1L, `56` = 1L, 
    `59` = 1L, `60` = 1L, `65` = 1L), .Dim = 49L, .Dimnames = structure(list(
        c("1", "2", "3", "4", "5", "6", "7", "8", "9", "10", 
        "11", "12", "13", "14", "15", "16", "17", "18", "19", 
        "20", "21", "22", "23", "24", "25", "26", "27", "28", 
        "29", "30", "31", "32", "33", "34", "35", "36", "39", 
        "40", "41", "42", "43", "46", "47", "51", "52", "56", 
        "59", "60", "65")), .Names = ""), class = "table"), No.Tag = structure(c(0L, 
    0L, 2L, 119L, 2L, 0L, 4L, 0L, 0L, 0L, 0L, 0L, 0L, 0L, 0L, 
    0L, 0L, 0L, 0L, 0L, 0L, 0L, 0L, 0L, 83L, 1L, 0L, 6L, 0L, 
    0L, 0L, 30L, 0L, 0L, 0L), .Dim = c(7L, 5L), .Dimnames = structure(list(
        c("-3", "-2", "-1", "0", "1", "2", NA), c("A", "C", "G", 
        "T", NA)), .Names = c("", "")), class = "table"), All.Tags = list(
        Concordant = list(Freqs = structure(c(0, 0, 1, 308, 0, 
        0, 0, 0, 0, 0, 0, 0, 0, 0, 0, 0, 0, 0, 0, 0, 0, 267, 
        1, 0), .Dim = c(6L, 4L), .Dimnames = list(c("-3", "-2", 
        "-1", "0", "1", "2"), c("A", "C", "G", "T"))), N = 577), 
        Majority = list(Freqs = structure(c(0, 0, 2, 381, 1, 
        0, 0, 0, 0, 0, 0, 0, 0, 0, 0, 0, 0, 0, 0, 0, 0, 355, 
        1, 0), .Dim = c(6L, 4L), .Dimnames = list(c("-3", "-2", 
        "-1", "0", "1", "2"), c("A", "C", "G", "T"))), N = 740)), 
    `2` = structure(c(0, 0, 1, 308, 1, 0, 0, 0, 0, 0, 0, 0, 0, 
    0, 0, 0, 0, 0, 0, 0, 0, 290, 1, 0), .Dim = c(6L, 4L), .Dimnames = list(
        c("-3", "-2", "-1", "0", "1", "2"), c("A", "C", "G", 
        "T"))))))
