Results <-
list(`bwaOutput/20210421msiMNRsJenny/155088_S29.sam` = list(LR17_SNP1 = list(
    All = list(Freqs = structure(c(1L, 17L, 390L, 10801L, 157L, 
    69L, 0L, 0L, 0L, 4L, 0L, 0L, 0L, 0L, 0L, 1L, 0L, 0L, 0L, 
    0L, 20L, 795L, 3L, 0L), .Dim = c(6L, 4L), .Dimnames = structure(list(
        c("-3", "-2", "-1", "0", "1", NA), c("A", "G", "T", NA
        )), .Names = c("", "")), class = "table"), N = 12258L), 
    Tag.Distribution = structure(c(`1` = 298L, `2` = 60L, `3` = 49L, 
    `4` = 51L, `5` = 35L, `6` = 37L, `7` = 37L, `8` = 35L, `9` = 35L, 
    `10` = 32L, `11` = 34L, `12` = 33L, `13` = 28L, `14` = 24L, 
    `15` = 29L, `16` = 24L, `17` = 22L, `18` = 14L, `19` = 16L, 
    `20` = 20L, `21` = 14L, `22` = 26L, `23` = 12L, `24` = 13L, 
    `25` = 14L, `26` = 5L, `27` = 10L, `28` = 7L, `29` = 5L, 
    `30` = 10L, `31` = 7L, `32` = 8L, `33` = 4L, `34` = 4L, `35` = 3L, 
    `36` = 7L, `37` = 4L, `38` = 4L, `39` = 5L, `40` = 4L, `41` = 4L, 
    `42` = 1L, `43` = 2L, `44` = 2L, `46` = 2L, `47` = 1L, `48` = 2L, 
    `49` = 3L, `50` = 2L, `51` = 1L, `54` = 1L, `59` = 1L, `60` = 1L, 
    `61` = 1L, `64` = 1L, `70` = 1L), .Dim = 56L, .Dimnames = structure(list(
        c("1", "2", "3", "4", "5", "6", "7", "8", "9", "10", 
        "11", "12", "13", "14", "15", "16", "17", "18", "19", 
        "20", "21", "22", "23", "24", "25", "26", "27", "28", 
        "29", "30", "31", "32", "33", "34", "35", "36", "37", 
        "38", "39", "40", "41", "42", "43", "44", "46", "47", 
        "48", "49", "50", "51", "54", "59", "60", "61", "64", 
        "70")), .Names = ""), class = "table"), No.Tag = structure(c(0L, 
    1L, 19L, 360L, 3L, 5L, 0L, 0L, 0L, 1L, 0L, 0L, 0L, 0L, 0L, 
    1L, 0L, 0L, 0L, 0L, 0L, 30L, 0L, 0L), .Dim = c(6L, 4L), .Dimnames = structure(list(
        c("-3", "-2", "-1", "0", "1", NA), c("A", "G", "T", NA
        )), .Names = c("", "")), class = "table"), All.Tags = list(
        Concordant = list(Freqs = structure(c(0, 2, 12, 760, 
        4, 0, 0, 0, 1, 0, 0, 0, 0, 0, 0), .Dim = c(5L, 3L), .Dimnames = list(
            c("-3", "-2", "-1", "0", "1"), c("A", "G", "T"))), 
            N = 779), Majority = list(Freqs = structure(c(0, 
        2, 14, 1046, 7, 0, 0, 0, 1, 0, 0, 0, 0, 0, 0), .Dim = c(5L, 
        3L), .Dimnames = list(c("-3", "-2", "-1", "0", "1"), 
            c("A", "G", "T"))), N = 1070)), `2` = structure(c(0, 
    0, 5, 793, 3, 0, 0, 0, 0, 0, 0, 0, 0, 0, 0), .Dim = c(5L, 
    3L), .Dimnames = list(c("-3", "-2", "-1", "0", "1"), c("A", 
    "G", "T"))))))
