Results <-
list(`bwaOutput/20210421msiMNRsJenny/155088_S29.sam` = list(GM29_SNP1 = list(
    All = list(Freqs = structure(c(1L, 38L, 3134L, 7L, 2L, 2L, 
    79L, 2808L, 10L, 11L, 0L, 3L, 76L, 0L, 0L), .Dim = c(5L, 
    3L), .Dimnames = structure(list(c("-2", "-1", "0", "1", NA
    ), c("A", "G", NA)), .Names = c("", "")), class = "table"), 
        N = 6171L), Tag.Distribution = structure(c(`1` = 130L, 
    `2` = 38L, `3` = 41L, `4` = 44L, `5` = 27L, `6` = 26L, `7` = 27L, 
    `8` = 16L, `9` = 27L, `10` = 17L, `11` = 19L, `12` = 16L, 
    `13` = 19L, `14` = 14L, `15` = 10L, `16` = 11L, `17` = 20L, 
    `18` = 8L, `19` = 8L, `20` = 10L, `21` = 9L, `22` = 7L, `23` = 4L, 
    `24` = 5L, `25` = 5L, `26` = 4L, `27` = 3L, `28` = 3L, `29` = 3L, 
    `30` = 2L, `31` = 7L, `32` = 3L, `33` = 6L, `34` = 3L, `35` = 2L, 
    `38` = 2L, `39` = 1L, `42` = 2L, `43` = 1L, `45` = 1L, `47` = 1L, 
    `48` = 1L, `54` = 2L, `56` = 1L, `106` = 1L), .Dim = 45L, .Dimnames = structure(list(
        c("1", "2", "3", "4", "5", "6", "7", "8", "9", "10", 
        "11", "12", "13", "14", "15", "16", "17", "18", "19", 
        "20", "21", "22", "23", "24", "25", "26", "27", "28", 
        "29", "30", "31", "32", "33", "34", "35", "38", "39", 
        "42", "43", "45", "47", "48", "54", "56", "106")), .Names = ""), class = "table"), 
    No.Tag = structure(c(0L, 2L, 95L, 0L, 0L, 0L, 4L, 98L, 0L, 
    3L, 0L, 0L, 6L, 0L, 0L), .Dim = c(5L, 3L), .Dimnames = structure(list(
        c("-2", "-1", "0", "1", NA), c("A", "G", NA)), .Names = c("", 
    "")), class = "table"), All.Tags = list(Concordant = list(
        Freqs = structure(c(0, 2, 233, 0, 0, 1, 217, 0), .Dim = c(4L, 
        2L), .Dimnames = list(c("-2", "-1", "0", "1"), c("A", 
        "G"))), N = 453), Majority = list(Freqs = structure(c(0, 
    2, 302, 0, 0, 2, 286, 0), .Dim = c(4L, 2L), .Dimnames = list(
        c("-2", "-1", "0", "1"), c("A", "G"))), N = 592)), `2` = structure(c(0, 
    0, 244, 0, 0, 1, 228, 0), .Dim = c(4L, 2L), .Dimnames = list(
        c("-2", "-1", "0", "1"), c("A", "G"))))))
