Results <-
list(`bwaOutput/20210421msiMNRsJenny/155063_S27.sam` = list(LR17_SNP1 = list(
    All = list(Freqs = structure(c(19L, 532L, 12913L, 188L, 1L, 
    85L, 0L, 0L, 6L, 0L, 0L, 0L, 0L, 16L, 1009L, 5L, 0L, 0L), .Dim = c(6L, 
    3L), .Dimnames = structure(list(c("-2", "-1", "0", "1", "2", 
    NA), c("A", "G", NA)), .Names = c("", "")), class = "table"), 
        N = 14774L), Tag.Distribution = structure(c(`1` = 328L, 
    `2` = 100L, `3` = 99L, `4` = 87L, `5` = 71L, `6` = 56L, `7` = 70L, 
    `8` = 64L, `9` = 57L, `10` = 58L, `11` = 46L, `12` = 45L, 
    `13` = 44L, `14` = 37L, `15` = 35L, `16` = 27L, `17` = 32L, 
    `18` = 24L, `19` = 22L, `20` = 19L, `21` = 14L, `22` = 18L, 
    `23` = 20L, `24` = 9L, `25` = 14L, `26` = 15L, `27` = 9L, 
    `28` = 10L, `29` = 7L, `30` = 7L, `31` = 3L, `32` = 6L, `33` = 7L, 
    `34` = 7L, `35` = 4L, `36` = 2L, `37` = 5L, `38` = 2L, `39` = 2L, 
    `40` = 4L, `41` = 3L, `42` = 4L, `44` = 2L, `45` = 2L, `46` = 1L, 
    `48` = 4L, `51` = 1L, `52` = 1L, `56` = 1L, `61` = 1L), .Dim = 50L, .Dimnames = structure(list(
        c("1", "2", "3", "4", "5", "6", "7", "8", "9", "10", 
        "11", "12", "13", "14", "15", "16", "17", "18", "19", 
        "20", "21", "22", "23", "24", "25", "26", "27", "28", 
        "29", "30", "31", "32", "33", "34", "35", "36", "37", 
        "38", "39", "40", "41", "42", "44", "45", "46", "48", 
        "51", "52", "56", "61")), .Names = ""), class = "table"), 
    No.Tag = structure(c(0L, 11L, 455L, 7L, 0L, 2L, 0L, 0L, 0L, 
    0L, 0L, 0L, 0L, 0L, 39L, 0L, 0L, 0L), .Dim = c(6L, 3L), .Dimnames = structure(list(
        c("-2", "-1", "0", "1", "2", NA), c("A", "G", NA)), .Names = c("", 
    "")), class = "table"), All.Tags = list(Concordant = list(
        Freqs = structure(c(0, 8, 1027, 3, 0, 0, 0, 0, 0, 0), .Dim = c(5L, 
        2L), .Dimnames = list(c("-2", "-1", "0", "1", "2"), c("A", 
        "G"))), N = 1038), Majority = list(Freqs = structure(c(0, 
    12, 1431, 5, 0, 0, 0, 0, 0, 0), .Dim = c(5L, 2L), .Dimnames = list(
        c("-2", "-1", "0", "1", "2"), c("A", "G"))), N = 1448)), 
    `2` = structure(c(0, 5, 1153, 4, 0, 0, 0, 0, 0, 0), .Dim = c(5L, 
    2L), .Dimnames = list(c("-2", "-1", "0", "1", "2"), c("A", 
    "G"))))))
