Results <-
list(`bwaOutput/20210421msiMNRsJenny/155088_S29.sam` = list(LR49_SNP1 = list(
    All = list(Freqs = structure(c(0L, 13L, 0L, 0L, 18L, 6231L, 
    1L, 7L, 0L, 1L, 0L, 0L, 0L, 43L, 0L, 0L), .Dim = c(4L, 4L
    ), .Dimnames = structure(list(c("-1", "0", "1", NA), c("A", 
    "G", "T", NA)), .Names = c("", "")), class = "table"), N = 6314L), 
    Tag.Distribution = structure(c(`1` = 192L, `2` = 69L, `3` = 53L, 
    `4` = 56L, `5` = 58L, `6` = 26L, `7` = 49L, `8` = 34L, `9` = 24L, 
    `10` = 23L, `11` = 30L, `12` = 23L, `13` = 25L, `14` = 17L, 
    `15` = 14L, `16` = 15L, `17` = 10L, `18` = 11L, `19` = 12L, 
    `20` = 11L, `21` = 6L, `22` = 3L, `23` = 3L, `24` = 3L, `25` = 5L, 
    `26` = 5L, `27` = 4L, `28` = 2L, `29` = 1L, `30` = 2L, `31` = 2L, 
    `32` = 1L, `33` = 1L, `34` = 2L, `36` = 1L, `37` = 2L, `38` = 1L, 
    `39` = 1L, `40` = 1L, `41` = 1L, `42` = 2L, `45` = 2L), .Dim = 42L, .Dimnames = structure(list(
        c("1", "2", "3", "4", "5", "6", "7", "8", "9", "10", 
        "11", "12", "13", "14", "15", "16", "17", "18", "19", 
        "20", "21", "22", "23", "24", "25", "26", "27", "28", 
        "29", "30", "31", "32", "33", "34", "36", "37", "38", 
        "39", "40", "41", "42", "45")), .Names = ""), class = "table"), 
    No.Tag = structure(c(0L, 1L, 0L, 0L, 3L, 171L, 0L, 0L, 0L, 
    0L, 0L, 0L, 0L, 6L, 0L, 0L), .Dim = c(4L, 4L), .Dimnames = structure(list(
        c("-1", "0", "1", NA), c("A", "G", "T", NA)), .Names = c("", 
    "")), class = "table"), All.Tags = list(Concordant = list(
        Freqs = structure(c(0, 4, 0, 0, 768, 0, 0, 0, 0), .Dim = c(3L, 
        3L), .Dimnames = list(c("-1", "0", "1"), c("A", "G", 
        "T"))), N = 772), Majority = list(Freqs = structure(c(0, 
    4, 0, 0, 791, 0, 0, 0, 0), .Dim = c(3L, 3L), .Dimnames = list(
        c("-1", "0", "1"), c("A", "G", "T"))), N = 795)), `2` = structure(c(0, 
    0, 0, 0, 610, 0, 0, 0, 0), .Dim = c(3L, 3L), .Dimnames = list(
        c("-1", "0", "1"), c("A", "G", "T"))))))
