Results <-
list(`bwaOutput/20210421msiMNRsJenny/155088_S29.sam` = list(LR52_SNP1 = list(
    All = list(Freqs = structure(c(0L, 0L, 0L, 0L, 1L, 0L, 0L, 
    1L, 4L, 25L, 168L, 1634L, 8L, 25L, 0L, 1L, 13L, 157L, 1606L, 
    14L, 21L, 0L, 0L, 0L, 13L, 579L, 7L, 0L), .Dim = c(7L, 4L
    ), .Dimnames = structure(list(c("-4", "-3", "-2", "-1", "0", 
    "1", NA), c("A", "C", "T", NA)), .Names = c("", "")), class = "table"), 
        N = 4277L), Tag.Distribution = structure(c(`1` = 72L, 
    `2` = 32L, `3` = 23L, `4` = 19L, `5` = 15L, `6` = 17L, `7` = 19L, 
    `8` = 16L, `9` = 11L, `10` = 15L, `11` = 10L, `12` = 11L, 
    `13` = 15L, `14` = 10L, `15` = 13L, `16` = 10L, `17` = 7L, 
    `18` = 6L, `19` = 6L, `20` = 7L, `21` = 6L, `22` = 3L, `23` = 7L, 
    `24` = 2L, `25` = 5L, `26` = 5L, `27` = 4L, `28` = 2L, `29` = 4L, 
    `30` = 1L, `31` = 7L, `32` = 1L, `34` = 3L, `36` = 2L, `38` = 2L, 
    `39` = 1L, `40` = 4L, `50` = 1L, `51` = 1L, `59` = 1L), .Dim = 40L, .Dimnames = structure(list(
        c("1", "2", "3", "4", "5", "6", "7", "8", "9", "10", 
        "11", "12", "13", "14", "15", "16", "17", "18", "19", 
        "20", "21", "22", "23", "24", "25", "26", "27", "28", 
        "29", "30", "31", "32", "34", "36", "38", "39", "40", 
        "50", "51", "59")), .Names = ""), class = "table"), No.Tag = structure(c(0L, 
    0L, 0L, 0L, 0L, 0L, 0L, 0L, 0L, 0L, 2L, 25L, 0L, 1L, 0L, 
    0L, 1L, 1L, 25L, 0L, 1L, 0L, 0L, 0L, 0L, 15L, 1L, 0L), .Dim = c(7L, 
    4L), .Dimnames = structure(list(c("-4", "-3", "-2", "-1", 
    "0", "1", NA), c("A", "C", "T", NA)), .Names = c("", "")), class = "table"), 
    All.Tags = list(Concordant = list(Freqs = structure(c(0, 
    0, 0, 0, 0, 0, 0, 0, 1, 6, 93, 0, 0, 0, 0, 2, 87, 0), .Dim = c(6L, 
    3L), .Dimnames = list(c("-4", "-3", "-2", "-1", "0", "1"), 
        c("A", "C", "T"))), N = 189), Majority = list(Freqs = structure(c(0, 
    0, 0, 0, 0, 0, 0, 0, 1, 8, 185, 0, 0, 0, 0, 5, 167, 0), .Dim = c(6L, 
    3L), .Dimnames = list(c("-4", "-3", "-2", "-1", "0", "1"), 
        c("A", "C", "T"))), N = 366)), `2` = structure(c(0, 0, 
    0, 0, 0, 0, 0, 0, 0, 4, 165, 0, 0, 0, 0, 3, 143, 0), .Dim = c(6L, 
    3L), .Dimnames = list(c("-4", "-3", "-2", "-1", "0", "1"), 
        c("A", "C", "T"))))))
