Results <-
list(`bwaOutput/20210421msiMNRsJenny/155088_S29.sam` = list(GM09_SNP1 = list(
    All = list(Freqs = structure(c(13L, 4910L, 5L, 2L, 18L, 3355L, 
    3L, 2L, 0L, 1L, 0L, 0L, 1L, 63L, 0L, 0L), .Dim = c(4L, 4L
    ), .Dimnames = structure(list(c("-1", "0", "1", NA), c("A", 
    "G", "T", NA)), .Names = c("", "")), class = "table"), N = 8373L), 
    Tag.Distribution = structure(c(`1` = 211L, `2` = 74L, `3` = 52L, 
    `4` = 58L, `5` = 51L, `6` = 45L, `7` = 24L, `8` = 37L, `9` = 30L, 
    `10` = 25L, `11` = 25L, `12` = 26L, `13` = 16L, `14` = 20L, 
    `15` = 19L, `16` = 14L, `17` = 14L, `18` = 22L, `19` = 15L, 
    `20` = 8L, `21` = 18L, `22` = 15L, `23` = 6L, `24` = 9L, 
    `25` = 6L, `26` = 7L, `27` = 8L, `28` = 7L, `29` = 6L, `30` = 5L, 
    `31` = 3L, `32` = 4L, `33` = 6L, `34` = 4L, `35` = 1L, `36` = 1L, 
    `37` = 1L, `38` = 2L, `39` = 2L, `46` = 1L, `47` = 1L, `53` = 1L, 
    `63` = 1L, `86` = 1L), .Dim = 44L, .Dimnames = structure(list(
        c("1", "2", "3", "4", "5", "6", "7", "8", "9", "10", 
        "11", "12", "13", "14", "15", "16", "17", "18", "19", 
        "20", "21", "22", "23", "24", "25", "26", "27", "28", 
        "29", "30", "31", "32", "33", "34", "35", "36", "37", 
        "38", "39", "46", "47", "53", "63", "86")), .Names = ""), class = "table"), 
    No.Tag = structure(c(1L, 90L, 0L, 1L, 0L, 115L, 0L, 0L, 0L, 
    0L, 0L, 0L, 0L, 5L, 0L, 0L), .Dim = c(4L, 4L), .Dimnames = structure(list(
        c("-1", "0", "1", NA), c("A", "G", "T", NA)), .Names = c("", 
    "")), class = "table"), All.Tags = list(Concordant = list(
        Freqs = structure(c(0, 450, 0, 0, 326, 0, 0, 0, 0), .Dim = c(3L, 
        3L), .Dimnames = list(c("-1", "0", "1"), c("A", "G", 
        "T"))), N = 776), Majority = list(Freqs = structure(c(0, 
    510, 0, 0, 373, 0, 0, 0, 0), .Dim = c(3L, 3L), .Dimnames = list(
        c("-1", "0", "1"), c("A", "G", "T"))), N = 883)), `2` = structure(c(0, 
    403, 0, 0, 281, 0, 0, 0, 0), .Dim = c(3L, 3L), .Dimnames = list(
        c("-1", "0", "1"), c("A", "G", "T"))))))
