Results <-
list(`bwaOutput/20210421msiMNRsJenny/155063_S27.sam` = list(LR44_SNP1 = list(
    All = list(Freqs = structure(c(0L, 0L, 1L, 0L, 0L, 0L, 2L, 
    59L, 661L, 13L, 1L, 6L, 0L, 0L, 2L, 0L, 0L, 0L, 5L, 181L, 
    1772L, 48L, 13L, 17L, 0L, 2L, 34L, 0L, 0L, 0L), .Dim = 6:5, .Dimnames = structure(list(
        c("-2", "-1", "0", "1", "2", NA), c("A", "C", "G", "T", 
        NA)), .Names = c("", "")), class = "table"), N = 2817L), 
    Tag.Distribution = structure(c(`1` = 78L, `2` = 46L, `3` = 43L, 
    `4` = 33L, `5` = 30L, `6` = 17L, `7` = 18L, `8` = 17L, `9` = 12L, 
    `10` = 13L, `11` = 12L, `12` = 8L, `13` = 15L, `14` = 7L, 
    `15` = 4L, `16` = 10L, `17` = 7L, `18` = 7L, `19` = 7L, `20` = 6L, 
    `21` = 3L, `22` = 3L, `23` = 2L, `24` = 2L, `28` = 2L, `32` = 2L
    ), .Dim = 26L, .Dimnames = structure(list(c("1", "2", "3", 
    "4", "5", "6", "7", "8", "9", "10", "11", "12", "13", "14", 
    "15", "16", "17", "18", "19", "20", "21", "22", "23", "24", 
    "28", "32")), .Names = ""), class = "table"), No.Tag = structure(c(0L, 
    0L, 0L, 0L, 0L, 0L, 0L, 2L, 25L, 0L, 0L, 0L, 0L, 0L, 0L, 
    0L, 0L, 0L, 0L, 3L, 19L, 1L, 0L, 1L, 0L, 1L, 0L, 0L, 0L, 
    0L), .Dim = 6:5, .Dimnames = structure(list(c("-2", "-1", 
    "0", "1", "2", NA), c("A", "C", "G", "T", NA)), .Names = c("", 
    "")), class = "table"), All.Tags = list(Concordant = list(
        Freqs = structure(c(0, 0, 1, 0, 0, 0, 2, 67, 1, 0, 0, 
        0, 1, 0, 0, 0, 5, 172, 3, 1), .Dim = 5:4, .Dimnames = list(
            c("-2", "-1", "0", "1", "2"), c("A", "C", "G", "T"
            ))), N = 253), Majority = list(Freqs = structure(c(0, 
    0, 1, 0, 0, 0, 2, 104, 1, 0, 0, 0, 1, 0, 0, 0, 7, 264, 3, 
    1), .Dim = 5:4, .Dimnames = list(c("-2", "-1", "0", "1", 
    "2"), c("A", "C", "G", "T"))), N = 384)), `2` = structure(c(0, 
    0, 0, 0, 0, 0, 1, 86, 0, 0, 0, 0, 1, 0, 0, 0, 5, 219, 1, 
    1), .Dim = 5:4, .Dimnames = list(c("-2", "-1", "0", "1", 
    "2"), c("A", "C", "G", "T"))))))
