Results <-
list(`bwaOutput/20210421msiMNRsJenny/155088_S29.sam` = list(IM16_SNP1 = list(
    All = list(Freqs = structure(c(0L, 1L, 0L, 0L, 0L, 16L, 2761L, 
    58L, 1L, 5L, 35L, 3069L, 61L, 0L, 4L, 0L, 61L, 5L, 0L, 0L
    ), .Dim = 5:4, .Dimnames = structure(list(c("-1", "0", "1", 
    "2", NA), c("-", "A", "G", NA)), .Names = c("", "")), class = "table"), 
        N = 6077L), Tag.Distribution = structure(c(`1` = 123L, 
    `2` = 40L, `3` = 44L, `4` = 27L, `5` = 35L, `6` = 28L, `7` = 34L, 
    `8` = 13L, `9` = 15L, `10` = 25L, `11` = 23L, `12` = 18L, 
    `13` = 19L, `14` = 12L, `15` = 15L, `16` = 9L, `17` = 7L, 
    `18` = 8L, `19` = 9L, `20` = 3L, `21` = 11L, `22` = 5L, `23` = 6L, 
    `24` = 6L, `25` = 4L, `26` = 3L, `27` = 4L, `28` = 6L, `29` = 5L, 
    `30` = 4L, `31` = 5L, `32` = 4L, `33` = 2L, `34` = 1L, `35` = 2L, 
    `36` = 4L, `37` = 2L, `38` = 2L, `40` = 4L, `42` = 2L, `45` = 1L, 
    `48` = 1L, `49` = 1L, `51` = 1L, `53` = 1L, `59` = 1L), .Dim = 46L, .Dimnames = structure(list(
        c("1", "2", "3", "4", "5", "6", "7", "8", "9", "10", 
        "11", "12", "13", "14", "15", "16", "17", "18", "19", 
        "20", "21", "22", "23", "24", "25", "26", "27", "28", 
        "29", "30", "31", "32", "33", "34", "35", "36", "37", 
        "38", "40", "42", "45", "48", "49", "51", "53", "59")), .Names = ""), class = "table"), 
    No.Tag = structure(c(0L, 0L, 0L, 0L, 0L, 0L, 95L, 4L, 1L, 
    0L, 1L, 72L, 2L, 0L, 0L, 0L, 4L, 0L, 0L, 0L), .Dim = 5:4, .Dimnames = structure(list(
        c("-1", "0", "1", "2", NA), c("-", "A", "G", NA)), .Names = c("", 
    "")), class = "table"), All.Tags = list(Concordant = list(
        Freqs = structure(c(0, 0, 0, 0, 1, 216, 0, 0, 3, 246, 
        2, 0), .Dim = 4:3, .Dimnames = list(c("-1", "0", "1", 
        "2"), c("-", "A", "G"))), N = 468), Majority = list(Freqs = structure(c(0, 
    0, 0, 0, 1, 269, 1, 0, 3, 312, 2, 0), .Dim = 4:3, .Dimnames = list(
        c("-1", "0", "1", "2"), c("-", "A", "G"))), N = 588)), 
    `2` = structure(c(0, 0, 0, 0, 0, 212, 1, 0, 1, 254, 0, 0), .Dim = 4:3, .Dimnames = list(
        c("-1", "0", "1", "2"), c("-", "A", "G"))))))
