Results <-
list(`bwaOutput/20210421msiMNRsJenny/155063_S27.sam` = list(GM07_SNP1 = list(
    All = list(Freqs = structure(c(0L, 0L, 0L, 1L, 0L, 0L, 7L, 
    106L, 2597L, 84L, 1L, 43L, 3L, 136L, 2899L, 72L, 2L, 51L, 
    0L, 4L, 109L, 4L, 0L, 0L), .Dim = c(6L, 4L), .Dimnames = structure(list(
        c("-2", "-1", "0", "1", "2", NA), c("-", "A", "G", NA
        )), .Names = c("", "")), class = "table"), N = 6119L), 
    Tag.Distribution = structure(c(`1` = 168L, `2` = 73L, `3` = 48L, 
    `4` = 55L, `5` = 43L, `6` = 40L, `7` = 39L, `8` = 23L, `9` = 28L, 
    `10` = 24L, `11` = 22L, `12` = 24L, `13` = 15L, `14` = 13L, 
    `15` = 14L, `16` = 18L, `17` = 13L, `18` = 12L, `19` = 8L, 
    `20` = 12L, `21` = 5L, `22` = 6L, `23` = 4L, `24` = 8L, `25` = 8L, 
    `26` = 2L, `27` = 6L, `28` = 2L, `29` = 2L, `30` = 2L, `31` = 3L, 
    `32` = 1L, `33` = 1L, `34` = 1L, `35` = 1L, `36` = 3L, `40` = 1L, 
    `45` = 2L, `47` = 1L), .Dim = 39L, .Dimnames = structure(list(
        c("1", "2", "3", "4", "5", "6", "7", "8", "9", "10", 
        "11", "12", "13", "14", "15", "16", "17", "18", "19", 
        "20", "21", "22", "23", "24", "25", "26", "27", "28", 
        "29", "30", "31", "32", "33", "34", "35", "36", "40", 
        "45", "47")), .Names = ""), class = "table"), No.Tag = structure(c(0L, 
    0L, 0L, 0L, 0L, 0L, 1L, 1L, 64L, 1L, 0L, 7L, 0L, 2L, 86L, 
    2L, 0L, 11L, 0L, 0L, 6L, 1L, 0L, 0L), .Dim = c(6L, 4L), .Dimnames = structure(list(
        c("-2", "-1", "0", "1", "2", NA), c("-", "A", "G", NA
        )), .Names = c("", "")), class = "table"), All.Tags = list(
        Concordant = list(Freqs = structure(c(0, 0, 0, 0, 0, 
        1, 2, 228, 2, 0, 0, 3, 231, 1, 0), .Dim = c(5L, 3L), .Dimnames = list(
            c("-2", "-1", "0", "1", "2"), c("-", "A", "G"))), 
            N = 468), Majority = list(Freqs = structure(c(0, 
        0, 0, 0, 0, 1, 3, 346, 3, 0, 0, 5, 360, 1, 0), .Dim = c(5L, 
        3L), .Dimnames = list(c("-2", "-1", "0", "1", "2"), c("-", 
        "A", "G"))), N = 719)), `2` = structure(c(0, 0, 0, 0, 
    0, 0, 1, 273, 1, 0, 0, 4, 289, 0, 0), .Dim = c(5L, 3L), .Dimnames = list(
        c("-2", "-1", "0", "1", "2"), c("-", "A", "G"))))))
