Results <-
list(`bwaOutput/20210421msiMNRsJenny/155088_S29.sam` = list(LR24_SNP1 = list(
    All = list(Freqs = structure(c(1L, 1L, 28L, 7268L, 15L, 6L, 
    0L, 0L, 0L, 12L, 0L, 0L, 0L, 0L, 0L, 56L, 1L, 0L), .Dim = c(6L, 
    3L), .Dimnames = structure(list(c("-3", "-2", "-1", "0", 
    "1", NA), c("A", "G", NA)), .Names = c("", "")), class = "table"), 
        N = 7388L), Tag.Distribution = structure(c(`1` = 242L, 
    `2` = 116L, `3` = 89L, `4` = 90L, `5` = 65L, `6` = 51L, `7` = 51L, 
    `8` = 41L, `9` = 43L, `10` = 40L, `11` = 38L, `12` = 29L, 
    `13` = 26L, `14` = 21L, `15` = 22L, `16` = 14L, `17` = 17L, 
    `18` = 12L, `19` = 7L, `20` = 7L, `21` = 6L, `22` = 2L, `23` = 3L, 
    `24` = 6L, `25` = 4L, `26` = 4L, `27` = 4L, `28` = 1L, `29` = 3L, 
    `30` = 1L, `31` = 3L, `32` = 1L, `33` = 1L, `34` = 1L, `36` = 1L, 
    `37` = 1L, `41` = 2L), .Dim = 37L, .Dimnames = structure(list(
        c("1", "2", "3", "4", "5", "6", "7", "8", "9", "10", 
        "11", "12", "13", "14", "15", "16", "17", "18", "19", 
        "20", "21", "22", "23", "24", "25", "26", "27", "28", 
        "29", "30", "31", "32", "33", "34", "36", "37", "41")), .Names = ""), class = "table"), 
    No.Tag = structure(c(0L, 0L, 0L, 254L, 0L, 1L, 0L, 0L, 0L, 
    1L, 0L, 0L, 0L, 0L, 0L, 11L, 0L, 0L), .Dim = c(6L, 3L), .Dimnames = structure(list(
        c("-3", "-2", "-1", "0", "1", NA), c("A", "G", NA)), .Names = c("", 
    "")), class = "table"), All.Tags = list(Concordant = list(
        Freqs = structure(c(0, 0, 0, 1011, 0, 0, 0, 0, 5, 0), .Dim = c(5L, 
        2L), .Dimnames = list(c("-3", "-2", "-1", "0", "1"), 
            c("A", "G"))), N = 1016), Majority = list(Freqs = structure(c(0, 
    0, 0, 1049, 0, 0, 0, 0, 5, 0), .Dim = c(5L, 2L), .Dimnames = list(
        c("-3", "-2", "-1", "0", "1"), c("A", "G"))), N = 1054)), 
    `2` = structure(c(0, 0, 0, 821, 0, 0, 0, 0, 1, 0), .Dim = c(5L, 
    2L), .Dimnames = list(c("-3", "-2", "-1", "0", "1"), c("A", 
    "G"))))))
