Results <-
list(`bwaOutput/20210421msiMNRsJenny/155088_S29.sam` = list(LR46_SNP1 = list(
    All = list(Freqs = structure(c(1L, 1L, 1896L, 4L, 9L, 1L, 
    10L, 1806L, 5L, 2L, 0L, 0L, 35L, 0L, 0L), .Dim = c(5L, 3L
    ), .Dimnames = structure(list(c("-2", "-1", "0", "1", NA), 
        c("G", "T", NA)), .Names = c("", "")), class = "table"), 
        N = 3770L), Tag.Distribution = structure(c(`1` = 103L, 
    `2` = 21L, `3` = 28L, `4` = 31L, `5` = 20L, `6` = 28L, `7` = 16L, 
    `8` = 17L, `9` = 18L, `10` = 11L, `11` = 13L, `12` = 11L, 
    `13` = 6L, `14` = 12L, `15` = 3L, `16` = 8L, `17` = 11L, 
    `18` = 5L, `19` = 6L, `20` = 3L, `21` = 8L, `22` = 2L, `23` = 5L, 
    `24` = 3L, `25` = 7L, `26` = 3L, `27` = 1L, `29` = 2L, `30` = 2L, 
    `31` = 3L, `32` = 2L, `33` = 1L, `34` = 1L, `37` = 1L, `38` = 2L, 
    `39` = 1L, `41` = 1L, `44` = 1L, `50` = 1L), .Dim = 39L, .Dimnames = structure(list(
        c("1", "2", "3", "4", "5", "6", "7", "8", "9", "10", 
        "11", "12", "13", "14", "15", "16", "17", "18", "19", 
        "20", "21", "22", "23", "24", "25", "26", "27", "29", 
        "30", "31", "32", "33", "34", "37", "38", "39", "41", 
        "44", "50")), .Names = ""), class = "table"), No.Tag = structure(c(0L, 
    0L, 107L, 0L, 2L, 1L, 0L, 62L, 0L, 2L, 0L, 0L, 2L, 0L, 0L
    ), .Dim = c(5L, 3L), .Dimnames = structure(list(c("-2", "-1", 
    "0", "1", NA), c("G", "T", NA)), .Names = c("", "")), class = "table"), 
    All.Tags = list(Concordant = list(Freqs = structure(c(0, 
    0, 199, 0, 0, 1, 191, 0), .Dim = c(4L, 2L), .Dimnames = list(
        c("-2", "-1", "0", "1"), c("G", "T"))), N = 391), Majority = list(
        Freqs = structure(c(0, 0, 207, 0, 0, 1, 204, 0), .Dim = c(4L, 
        2L), .Dimnames = list(c("-2", "-1", "0", "1"), c("G", 
        "T"))), N = 412)), `2` = structure(c(0, 0, 159, 0, 0, 
    0, 155, 0), .Dim = c(4L, 2L), .Dimnames = list(c("-2", "-1", 
    "0", "1"), c("G", "T"))))))
