Results <-
list(`bwaOutput/20210421msiMNRsJenny/155088_S29.sam` = list(LR44_SNP1 = list(
    All = list(Freqs = structure(c(0L, 2L, 71L, 926L, 32L, 0L, 
    0L, 2L, 0L, 0L, 1L, 18L, 0L, 0L, 0L, 0L, 1L, 7L, 233L, 2319L, 
    49L, 1L, 1L, 17L, 0L, 0L, 5L, 84L, 3L, 0L, 0L, 0L), .Dim = c(8L, 
    4L), .Dimnames = structure(list(c("-3", "-2", "-1", "0", 
    "1", "2", "7", NA), c("C", "G", "T", NA)), .Names = c("", 
    "")), class = "table"), N = 3772L), Tag.Distribution = structure(c(`1` = 98L, 
    `2` = 35L, `3` = 34L, `4` = 39L, `5` = 23L, `6` = 27L, `7` = 20L, 
    `8` = 18L, `9` = 20L, `10` = 16L, `11` = 9L, `12` = 13L, 
    `13` = 9L, `14` = 13L, `15` = 8L, `16` = 6L, `17` = 8L, `18` = 7L, 
    `19` = 2L, `20` = 4L, `21` = 5L, `22` = 4L, `23` = 4L, `24` = 1L, 
    `25` = 1L, `26` = 5L, `27` = 4L, `28` = 6L, `29` = 3L, `30` = 3L, 
    `31` = 1L, `32` = 1L, `35` = 3L, `37` = 1L, `39` = 1L, `42` = 1L
    ), .Dim = 36L, .Dimnames = structure(list(c("1", "2", "3", 
    "4", "5", "6", "7", "8", "9", "10", "11", "12", "13", "14", 
    "15", "16", "17", "18", "19", "20", "21", "22", "23", "24", 
    "25", "26", "27", "28", "29", "30", "31", "32", "35", "37", 
    "39", "42")), .Names = ""), class = "table"), No.Tag = structure(c(0L, 
    0L, 0L, 12L, 0L, 0L, 0L, 0L, 0L, 0L, 0L, 0L, 0L, 0L, 0L, 
    0L, 0L, 0L, 3L, 47L, 2L, 1L, 0L, 1L, 0L, 0L, 0L, 26L, 0L, 
    0L, 0L, 0L), .Dim = c(8L, 4L), .Dimnames = structure(list(
        c("-3", "-2", "-1", "0", "1", "2", "7", NA), c("C", "G", 
        "T", NA)), .Names = c("", "")), class = "table"), All.Tags = list(
        Concordant = list(Freqs = structure(c(0, 0, 2, 81, 1, 
        0, 0, 0, 0, 0, 0, 0, 0, 0, 1, 0, 5, 176, 2, 0, 1), .Dim = c(7L, 
        3L), .Dimnames = list(c("-3", "-2", "-1", "0", "1", "2", 
        "7"), c("C", "G", "T"))), N = 269), Majority = list(Freqs = structure(c(0, 
        0, 4, 119, 1, 0, 0, 0, 0, 0, 1, 0, 0, 0, 1, 0, 8, 300, 
        4, 0, 1), .Dim = c(7L, 3L), .Dimnames = list(c("-3", 
        "-2", "-1", "0", "1", "2", "7"), c("C", "G", "T"))), 
            N = 439)), `2` = structure(c(0, 0, 2, 90, 1, 0, 0, 
    0, 0, 0, 1, 0, 0, 0, 0, 0, 3, 246, 2, 0, 0), .Dim = c(7L, 
    3L), .Dimnames = list(c("-3", "-2", "-1", "0", "1", "2", 
    "7"), c("C", "G", "T"))))))
