Results <-
list(`bwaOutput/20210421msiMNRsJenny/155063_S27.sam` = list(GM01_SNP1 = list(
    All = list(Freqs = structure(c(0L, 63L, 6004L, 23L, 16L, 
    3L, 72L, 6070L, 26L, 17L, 0L, 5L, 163L, 2L, 0L), .Dim = c(5L, 
    3L), .Dimnames = structure(list(c("-2", "-1", "0", "1", NA
    ), c("A", "G", NA)), .Names = c("", "")), class = "table"), 
        N = 12464L), Tag.Distribution = structure(c(`1` = 273L, 
    `2` = 108L, `3` = 86L, `4` = 87L, `5` = 90L, `6` = 67L, `7` = 68L, 
    `8` = 59L, `9` = 57L, `10` = 60L, `11` = 42L, `12` = 36L, 
    `13` = 26L, `14` = 27L, `15` = 39L, `16` = 24L, `17` = 27L, 
    `18` = 16L, `19` = 21L, `20` = 22L, `21` = 14L, `22` = 19L, 
    `23` = 20L, `24` = 12L, `25` = 13L, `26` = 11L, `27` = 13L, 
    `28` = 2L, `29` = 2L, `30` = 9L, `31` = 4L, `32` = 3L, `33` = 6L, 
    `34` = 3L, `35` = 3L, `38` = 4L, `39` = 2L, `41` = 3L, `43` = 1L, 
    `44` = 1L, `52` = 1L, `54` = 1L, `55` = 1L, `62` = 1L, `64` = 1L
    ), .Dim = 45L, .Dimnames = structure(list(c("1", "2", "3", 
    "4", "5", "6", "7", "8", "9", "10", "11", "12", "13", "14", 
    "15", "16", "17", "18", "19", "20", "21", "22", "23", "24", 
    "25", "26", "27", "28", "29", "30", "31", "32", "33", "34", 
    "35", "38", "39", "41", "43", "44", "52", "54", "55", "62", 
    "64")), .Names = ""), class = "table"), No.Tag = structure(c(0L, 
    2L, 66L, 0L, 1L, 0L, 0L, 54L, 0L, 2L, 0L, 0L, 8L, 0L, 0L), .Dim = c(5L, 
    3L), .Dimnames = structure(list(c("-2", "-1", "0", "1", NA
    ), c("A", "G", NA)), .Names = c("", "")), class = "table"), 
    All.Tags = list(Concordant = list(Freqs = structure(c(0, 
    2, 554, 0, 0, 4, 523, 0), .Dim = c(4L, 2L), .Dimnames = list(
        c("-2", "-1", "0", "1"), c("A", "G"))), N = 1083), Majority = list(
        Freqs = structure(c(0, 2, 680, 0, 0, 4, 666, 0), .Dim = c(4L, 
        2L), .Dimnames = list(c("-2", "-1", "0", "1"), c("A", 
        "G"))), N = 1352)), `2` = structure(c(0, 0, 552, 0, 0, 
    1, 544, 0), .Dim = c(4L, 2L), .Dimnames = list(c("-2", "-1", 
    "0", "1"), c("A", "G"))))))
