Results <-
list(`bwaOutput/20210421msiMNRsJenny/155088_S29.sam` = list(LR10_SNP1 = list(
    All = list(Freqs = structure(c(0L, 46L, 2836L, 17L, 8L, 1L, 
    62L, 2466L, 9L, 2L, 0L, 1L, 87L, 1L, 0L), .Dim = c(5L, 3L
    ), .Dimnames = structure(list(c("-2", "-1", "0", "1", NA), 
        c("C", "T", NA)), .Names = c("", "")), class = "table"), 
        N = 5536L), Tag.Distribution = structure(c(`1` = 142L, 
    `2` = 45L, `3` = 40L, `4` = 43L, `5` = 31L, `6` = 26L, `7` = 26L, 
    `8` = 19L, `9` = 18L, `10` = 23L, `11` = 19L, `12` = 17L, 
    `13` = 18L, `14` = 13L, `15` = 12L, `16` = 9L, `17` = 10L, 
    `18` = 10L, `19` = 7L, `20` = 7L, `21` = 9L, `22` = 5L, `23` = 4L, 
    `24` = 5L, `25` = 5L, `26` = 3L, `27` = 8L, `28` = 3L, `29` = 6L, 
    `30` = 2L, `31` = 1L, `32` = 1L, `33` = 2L, `34` = 1L, `35` = 1L, 
    `36` = 3L, `37` = 2L, `38` = 1L, `39` = 1L, `40` = 4L, `41` = 2L, 
    `44` = 1L, `50` = 1L, `57` = 1L), .Dim = 44L, .Dimnames = structure(list(
        c("1", "2", "3", "4", "5", "6", "7", "8", "9", "10", 
        "11", "12", "13", "14", "15", "16", "17", "18", "19", 
        "20", "21", "22", "23", "24", "25", "26", "27", "28", 
        "29", "30", "31", "32", "33", "34", "35", "36", "37", 
        "38", "39", "40", "41", "44", "50", "57")), .Names = ""), class = "table"), 
    No.Tag = structure(c(0L, 0L, 33L, 0L, 2L, 0L, 9L, 47L, 0L, 
    0L, 0L, 0L, 10L, 0L, 0L), .Dim = c(5L, 3L), .Dimnames = structure(list(
        c("-2", "-1", "0", "1", NA), c("C", "T", NA)), .Names = c("", 
    "")), class = "table"), All.Tags = list(Concordant = list(
        Freqs = structure(c(0, 0, 252, 1, 0, 2, 243, 0), .Dim = c(4L, 
        2L), .Dimnames = list(c("-2", "-1", "0", "1"), c("C", 
        "T"))), N = 498), Majority = list(Freqs = structure(c(0, 
    0, 308, 1, 0, 3, 285, 0), .Dim = c(4L, 2L), .Dimnames = list(
        c("-2", "-1", "0", "1"), c("C", "T"))), N = 597)), `2` = structure(c(0, 
    0, 242, 0, 0, 2, 220, 0), .Dim = c(4L, 2L), .Dimnames = list(
        c("-2", "-1", "0", "1"), c("C", "T"))))))
