Results <-
list(`bwaOutput/20210421msiMNRsJenny/155063_S27.sam` = list(DEPDC2_SNP1 = list(
    All = list(Freqs = structure(c(0L, 0L, 1L, 0L, 0L, 0L, 0L, 
    5L, 0L, 0L, 1L, 53L, 7789L, 29L, 30L, 0L, 0L, 78L, 0L, 0L
    ), .Dim = 5:4, .Dimnames = structure(list(c("-2", "-1", "0", 
    "1", NA), c("A", "C", "T", NA)), .Names = c("", "")), class = "table"), 
        N = 7986L), Tag.Distribution = structure(c(`1` = 292L, 
    `2` = 116L, `3` = 86L, `4` = 84L, `5` = 72L, `6` = 59L, `7` = 59L, 
    `8` = 50L, `9` = 46L, `10` = 31L, `11` = 24L, `12` = 23L, 
    `13` = 29L, `14` = 15L, `15` = 19L, `16` = 18L, `17` = 21L, 
    `18` = 14L, `19` = 17L, `20` = 8L, `21` = 10L, `22` = 5L, 
    `23` = 6L, `24` = 6L, `25` = 4L, `26` = 5L, `27` = 4L, `28` = 4L, 
    `29` = 4L, `31` = 1L, `32` = 2L, `34` = 1L, `39` = 2L, `43` = 1L
    ), .Dim = 34L, .Dimnames = structure(list(c("1", "2", "3", 
    "4", "5", "6", "7", "8", "9", "10", "11", "12", "13", "14", 
    "15", "16", "17", "18", "19", "20", "21", "22", "23", "24", 
    "25", "26", "27", "28", "29", "31", "32", "34", "39", "43"
    )), .Names = ""), class = "table"), No.Tag = structure(c(0L, 
    0L, 0L, 0L, 0L, 0L, 0L, 1L, 0L, 0L, 0L, 0L, 385L, 2L, 2L, 
    0L, 0L, 17L, 0L, 0L), .Dim = 5:4, .Dimnames = structure(list(
        c("-2", "-1", "0", "1", NA), c("A", "C", "T", NA)), .Names = c("", 
    "")), class = "table"), All.Tags = list(Concordant = list(
        Freqs = structure(c(0, 0, 0, 0, 0, 0, 3, 0, 0, 3, 1048, 
        1), .Dim = 4:3, .Dimnames = list(c("-2", "-1", "0", "1"
        ), c("A", "C", "T"))), N = 1055), Majority = list(Freqs = structure(c(0, 
    0, 0, 0, 0, 0, 3, 0, 0, 3, 1116, 1), .Dim = 4:3, .Dimnames = list(
        c("-2", "-1", "0", "1"), c("A", "C", "T"))), N = 1123)), 
    `2` = structure(c(0, 0, 0, 0, 0, 0, 0, 0, 0, 1, 844, 0), .Dim = 4:3, .Dimnames = list(
        c("-2", "-1", "0", "1"), c("A", "C", "T"))))))
