Results <-
list(`bwaOutput/20210421msiMNRsJenny/155063_S27.sam` = list(IM49_SNP1 = list(
    All = list(Freqs = structure(c(0L, 0L, 1L, 0L, 0L, 0L, 5L, 
    175L, 5441L, 127L, 3L, 37L, 0L, 0L, 5L, 1L, 0L, 0L, 0L, 6L, 
    137L, 4L, 0L, 0L), .Dim = c(6L, 4L), .Dimnames = structure(list(
        c("-2", "-1", "0", "1", "2", NA), c("A", "C", "G", NA
        )), .Names = c("", "")), class = "table"), N = 5942L), 
    Tag.Distribution = structure(c(`1` = 211L, `2` = 69L, `3` = 56L, 
    `4` = 56L, `5` = 49L, `6` = 48L, `7` = 32L, `8` = 30L, `9` = 29L, 
    `10` = 28L, `11` = 22L, `12` = 25L, `13` = 11L, `14` = 19L, 
    `15` = 10L, `16` = 10L, `17` = 10L, `18` = 7L, `19` = 6L, 
    `20` = 10L, `21` = 7L, `22` = 8L, `23` = 3L, `24` = 2L, `25` = 5L, 
    `26` = 3L, `27` = 4L, `28` = 4L, `29` = 2L, `30` = 4L, `31` = 4L, 
    `32` = 2L, `33` = 2L, `34` = 4L, `35` = 2L, `41` = 1L, `43` = 1L, 
    `54` = 1L), .Dim = 38L, .Dimnames = structure(list(c("1", 
    "2", "3", "4", "5", "6", "7", "8", "9", "10", "11", "12", 
    "13", "14", "15", "16", "17", "18", "19", "20", "21", "22", 
    "23", "24", "25", "26", "27", "28", "29", "30", "31", "32", 
    "33", "34", "35", "41", "43", "54")), .Names = ""), class = "table"), 
    No.Tag = structure(c(0L, 0L, 0L, 0L, 0L, 0L, 0L, 2L, 128L, 
    4L, 1L, 5L, 0L, 0L, 0L, 0L, 0L, 0L, 0L, 1L, 12L, 0L, 0L, 
    0L), .Dim = c(6L, 4L), .Dimnames = structure(list(c("-2", 
    "-1", "0", "1", "2", NA), c("A", "C", "G", NA)), .Names = c("", 
    "")), class = "table"), All.Tags = list(Concordant = list(
        Freqs = structure(c(0, 0, 0, 0, 0, 0, 9, 574, 3, 0, 0, 
        0, 4, 1, 0), .Dim = c(5L, 3L), .Dimnames = list(c("-2", 
        "-1", "0", "1", "2"), c("A", "C", "G"))), N = 591), Majority = list(
        Freqs = structure(c(0, 0, 0, 0, 0, 0, 10, 750, 4, 0, 
        0, 0, 4, 1, 0), .Dim = c(5L, 3L), .Dimnames = list(c("-2", 
        "-1", "0", "1", "2"), c("A", "C", "G"))), N = 769)), 
    `2` = structure(c(0, 0, 0, 0, 0, 0, 3, 572, 2, 0, 0, 0, 0, 
    0, 0), .Dim = c(5L, 3L), .Dimnames = list(c("-2", "-1", "0", 
    "1", "2"), c("A", "C", "G"))))))
