Results <-
list(`bwaOutput/20210421msiMNRsJenny/155502_S50.sam` = list(DEPDC2_SNP1 = list(
    All = list(Freqs = structure(c(0L, 2L, 0L, 0L, 15L, 3071L, 
    11L, 16L, 36L, 4233L, 23L, 27L, 0L, 93L, 1L, 0L), .Dim = c(4L, 
    4L), .Dimnames = structure(list(c("-1", "0", "1", NA), c("A", 
    "C", "T", NA)), .Names = c("", "")), class = "table"), N = 7528L), 
    Tag.Distribution = structure(c(`1` = 228L, `2` = 97L, `3` = 58L, 
    `4` = 57L, `5` = 55L, `6` = 43L, `7` = 36L, `8` = 43L, `9` = 35L, 
    `10` = 32L, `11` = 26L, `12` = 31L, `13` = 19L, `14` = 18L, 
    `15` = 11L, `16` = 15L, `17` = 15L, `18` = 8L, `19` = 10L, 
    `20` = 8L, `21` = 15L, `22` = 6L, `23` = 8L, `24` = 6L, `25` = 6L, 
    `26` = 4L, `27` = 6L, `28` = 4L, `29` = 3L, `30` = 10L, `31` = 2L, 
    `32` = 3L, `33` = 3L, `34` = 1L, `35` = 1L, `36` = 2L, `37` = 1L, 
    `39` = 1L, `41` = 1L, `48` = 1L, `50` = 1L), .Dim = 41L, .Dimnames = structure(list(
        c("1", "2", "3", "4", "5", "6", "7", "8", "9", "10", 
        "11", "12", "13", "14", "15", "16", "17", "18", "19", 
        "20", "21", "22", "23", "24", "25", "26", "27", "28", 
        "29", "30", "31", "32", "33", "34", "35", "36", "37", 
        "39", "41", "48", "50")), .Names = ""), class = "table"), 
    No.Tag = structure(c(0L, 0L, 0L, 0L, 0L, 127L, 0L, 9L, 2L, 
    179L, 0L, 3L, 0L, 6L, 0L, 0L), .Dim = c(4L, 4L), .Dimnames = structure(list(
        c("-1", "0", "1", NA), c("A", "C", "T", NA)), .Names = c("", 
    "")), class = "table"), All.Tags = list(Concordant = list(
        Freqs = structure(c(0, 0, 0, 1, 317, 2, 0, 459, 2), .Dim = c(3L, 
        3L), .Dimnames = list(c("-1", "0", "1"), c("A", "C", 
        "T"))), N = 781), Majority = list(Freqs = structure(c(0, 
    0, 0, 1, 371, 2, 0, 527, 2), .Dim = c(3L, 3L), .Dimnames = list(
        c("-1", "0", "1"), c("A", "C", "T"))), N = 903)), `2` = structure(c(0, 
    0, 0, 0, 282, 0, 0, 409, 1), .Dim = c(3L, 3L), .Dimnames = list(
        c("-1", "0", "1"), c("A", "C", "T"))))))
