Results <-
list(`bwaOutput/20210421msiMNRsJenny/155501_S32.sam` = list(GM29_SNP1 = list(
    All = list(Freqs = structure(c(4L, 85L, 6561L, 21L, 8L, 0L, 
    0L, 11L, 0L, 0L, 0L, 0L, 0L, 0L, 1L, 0L, 2L, 63L, 2L, 0L), .Dim = 5:4, .Dimnames = structure(list(
        c("-2", "-1", "0", "1", NA), c("A", "G", "T", NA)), .Names = c("", 
    "")), class = "table"), N = 6758L), Tag.Distribution = structure(c(`1` = 218L, 
    `2` = 144L, `3` = 110L, `4` = 78L, `5` = 67L, `6` = 67L, 
    `7` = 55L, `8` = 43L, `9` = 38L, `10` = 33L, `11` = 38L, 
    `12` = 26L, `13` = 20L, `14` = 16L, `15` = 16L, `16` = 13L, 
    `17` = 5L, `18` = 8L, `19` = 4L, `20` = 8L, `21` = 8L, `22` = 2L, 
    `23` = 5L, `24` = 3L, `25` = 2L, `27` = 1L, `28` = 1L, `29` = 1L, 
    `30` = 2L, `31` = 1L, `32` = 2L, `33` = 1L, `35` = 2L, `36` = 2L, 
    `39` = 1L, `40` = 1L, `42` = 1L, `53` = 1L, `64` = 1L), .Dim = 39L, .Dimnames = structure(list(
        c("1", "2", "3", "4", "5", "6", "7", "8", "9", "10", 
        "11", "12", "13", "14", "15", "16", "17", "18", "19", 
        "20", "21", "22", "23", "24", "25", "27", "28", "29", 
        "30", "31", "32", "33", "35", "36", "39", "40", "42", 
        "53", "64")), .Names = ""), class = "table"), No.Tag = structure(c(0L, 
    4L, 233L, 1L, 0L, 0L, 0L, 1L, 0L, 0L, 0L, 0L, 0L, 0L, 0L, 
    0L, 0L, 5L, 0L, 0L), .Dim = 5:4, .Dimnames = structure(list(
        c("-2", "-1", "0", "1", NA), c("A", "G", "T", NA)), .Names = c("", 
    "")), class = "table"), All.Tags = list(Concordant = list(
        Freqs = structure(c(0, 4, 930, 0, 0, 0, 0, 0, 0, 0, 0, 
        0), .Dim = 4:3, .Dimnames = list(c("-2", "-1", "0", "1"
        ), c("A", "G", "T"))), N = 934), Majority = list(Freqs = structure(c(0, 
    4, 1024, 0, 0, 0, 0, 0, 0, 0, 0, 0), .Dim = 4:3, .Dimnames = list(
        c("-2", "-1", "0", "1"), c("A", "G", "T"))), N = 1028)), 
    `2` = structure(c(0, 0, 820, 0, 0, 0, 0, 0, 0, 0, 0, 0), .Dim = 4:3, .Dimnames = list(
        c("-2", "-1", "0", "1"), c("A", "G", "T"))))))
