Results <-
list(`bwaOutput/20210421msiMNRsJenny/155502_S50.sam` = list(LR17_SNP1 = list(
    All = list(Freqs = structure(c(2L, 11L, 355L, 8936L, 138L, 
    2L, 62L, 0L, 0L, 0L, 1L, 0L, 0L, 0L, 0L, 0L, 0L, 7L, 0L, 
    0L, 0L, 0L, 0L, 13L, 542L, 3L, 0L, 0L), .Dim = c(7L, 4L), .Dimnames = structure(list(
        c("-3", "-2", "-1", "0", "1", "2", NA), c("A", "C", "G", 
        NA)), .Names = c("", "")), class = "table"), N = 10072L), 
    Tag.Distribution = structure(c(`1` = 245L, `2` = 65L, `3` = 36L, 
    `4` = 35L, `5` = 38L, `6` = 33L, `7` = 37L, `8` = 19L, `9` = 36L, 
    `10` = 26L, `11` = 34L, `12` = 22L, `13` = 20L, `14` = 15L, 
    `15` = 17L, `16` = 23L, `17` = 17L, `18` = 19L, `19` = 11L, 
    `20` = 19L, `21` = 15L, `22` = 13L, `23` = 14L, `24` = 3L, 
    `25` = 4L, `26` = 7L, `27` = 11L, `28` = 5L, `29` = 9L, `30` = 9L, 
    `31` = 5L, `32` = 5L, `33` = 4L, `34` = 6L, `35` = 7L, `36` = 3L, 
    `37` = 2L, `38` = 2L, `39` = 5L, `40` = 1L, `41` = 3L, `42` = 2L, 
    `43` = 1L, `44` = 3L, `45` = 1L, `46` = 4L, `47` = 2L, `48` = 2L, 
    `49` = 1L, `52` = 1L, `58` = 1L, `71` = 1L, `77` = 1L), .Dim = 53L, .Dimnames = structure(list(
        c("1", "2", "3", "4", "5", "6", "7", "8", "9", "10", 
        "11", "12", "13", "14", "15", "16", "17", "18", "19", 
        "20", "21", "22", "23", "24", "25", "26", "27", "28", 
        "29", "30", "31", "32", "33", "34", "35", "36", "37", 
        "38", "39", "40", "41", "42", "43", "44", "45", "46", 
        "47", "48", "49", "52", "58", "71", "77")), .Names = ""), class = "table"), 
    No.Tag = structure(c(0L, 0L, 12L, 330L, 4L, 0L, 2L, 0L, 0L, 
    0L, 0L, 0L, 0L, 0L, 0L, 0L, 0L, 0L, 0L, 0L, 0L, 0L, 0L, 2L, 
    23L, 0L, 0L, 0L), .Dim = c(7L, 4L), .Dimnames = structure(list(
        c("-3", "-2", "-1", "0", "1", "2", NA), c("A", "C", "G", 
        NA)), .Names = c("", "")), class = "table"), All.Tags = list(
        Concordant = list(Freqs = structure(c(0, 0, 8, 587, 6, 
        0, 0, 0, 0, 0, 0, 0, 0, 0, 0, 0, 0, 0), .Dim = c(6L, 
        3L), .Dimnames = list(c("-3", "-2", "-1", "0", "1", "2"
        ), c("A", "C", "G"))), N = 601), Majority = list(Freqs = structure(c(0, 
        0, 9, 868, 9, 0, 0, 0, 0, 0, 0, 0, 0, 0, 0, 0, 0, 0), .Dim = c(6L, 
        3L), .Dimnames = list(c("-3", "-2", "-1", "0", "1", "2"
        ), c("A", "C", "G"))), N = 886)), `2` = structure(c(0, 
    0, 4, 658, 5, 0, 0, 0, 0, 0, 0, 0, 0, 0, 0, 0, 0, 0), .Dim = c(6L, 
    3L), .Dimnames = list(c("-3", "-2", "-1", "0", "1", "2"), 
        c("A", "C", "G"))))))
