Results <-
list(`bwaOutput/20210421msiMNRsJenny/155501_S32.sam` = list(GM26_SNP1 = list(
    All = list(Freqs = structure(c(1L, 58L, 6367L, 18L, 14L, 
    0L, 0L, 9L, 0L, 0L, 0L, 2L, 69L, 1L, 0L), .Dim = c(5L, 3L
    ), .Dimnames = structure(list(c("-2", "-1", "0", "1", NA), 
        c("A", "G", NA)), .Names = c("", "")), class = "table"), 
        N = 6539L), Tag.Distribution = structure(c(`1` = 219L, 
    `2` = 143L, `3` = 142L, `4` = 99L, `5` = 99L, `6` = 73L, 
    `7` = 64L, `8` = 43L, `9` = 50L, `10` = 37L, `11` = 29L, 
    `12` = 31L, `13` = 12L, `14` = 21L, `15` = 15L, `16` = 10L, 
    `17` = 6L, `18` = 9L, `19` = 11L, `20` = 7L, `21` = 5L, `22` = 2L, 
    `23` = 3L, `24` = 2L, `28` = 3L, `34` = 1L), .Dim = 26L, .Dimnames = structure(list(
        c("1", "2", "3", "4", "5", "6", "7", "8", "9", "10", 
        "11", "12", "13", "14", "15", "16", "17", "18", "19", 
        "20", "21", "22", "23", "24", "28", "34")), .Names = ""), class = "table"), 
    No.Tag = structure(c(0L, 0L, 129L, 1L, 2L, 0L, 0L, 0L, 0L, 
    0L, 0L, 0L, 12L, 0L, 0L), .Dim = c(5L, 3L), .Dimnames = structure(list(
        c("-2", "-1", "0", "1", NA), c("A", "G", NA)), .Names = c("", 
    "")), class = "table"), All.Tags = list(Concordant = list(
        Freqs = structure(c(0, 5, 1058, 1, 0, 0, 1, 0), .Dim = c(4L, 
        2L), .Dimnames = list(c("-2", "-1", "0", "1"), c("A", 
        "G"))), N = 1065), Majority = list(Freqs = structure(c(0, 
    5, 1121, 1, 0, 0, 1, 0), .Dim = c(4L, 2L), .Dimnames = list(
        c("-2", "-1", "0", "1"), c("A", "G"))), N = 1128)), `2` = structure(c(0, 
    0, 914, 0, 0, 0, 1, 0), .Dim = c(4L, 2L), .Dimnames = list(
        c("-2", "-1", "0", "1"), c("A", "G"))))))
