Results <-
list(`bwaOutput/20210421msiMNRsJenny/155502_S50.sam` = list(GM22_SNP1 = list(
    All = list(Freqs = structure(c(3L, 39L, 2754L, 12L, 44L, 
    3L, 79L, 3713L, 15L, 9L, 1L, 1L, 149L, 4L, 0L), .Dim = c(5L, 
    3L), .Dimnames = structure(list(c("-2", "-1", "0", "1", NA
    ), c("A", "G", NA)), .Names = c("", "")), class = "table"), 
        N = 6826L), Tag.Distribution = structure(c(`1` = 178L, 
    `2` = 36L, `3` = 27L, `4` = 29L, `5` = 25L, `6` = 26L, `7` = 22L, 
    `8` = 18L, `9` = 15L, `10` = 19L, `11` = 16L, `12` = 18L, 
    `13` = 10L, `14` = 15L, `15` = 18L, `16` = 12L, `17` = 8L, 
    `18` = 11L, `19` = 10L, `20` = 10L, `21` = 5L, `22` = 4L, 
    `23` = 10L, `24` = 2L, `25` = 4L, `26` = 2L, `27` = 3L, `28` = 6L, 
    `29` = 3L, `30` = 4L, `31` = 2L, `32` = 7L, `33` = 5L, `34` = 6L, 
    `35` = 1L, `36` = 3L, `37` = 4L, `38` = 1L, `39` = 5L, `40` = 1L, 
    `41` = 1L, `42` = 4L, `43` = 1L, `44` = 1L, `46` = 2L, `47` = 2L, 
    `48` = 1L, `49` = 1L, `50` = 1L, `52` = 3L, `53` = 1L, `54` = 1L, 
    `56` = 1L, `65` = 1L, `72` = 1L), .Dim = 55L, .Dimnames = structure(list(
        c("1", "2", "3", "4", "5", "6", "7", "8", "9", "10", 
        "11", "12", "13", "14", "15", "16", "17", "18", "19", 
        "20", "21", "22", "23", "24", "25", "26", "27", "28", 
        "29", "30", "31", "32", "33", "34", "35", "36", "37", 
        "38", "39", "40", "41", "42", "43", "44", "46", "47", 
        "48", "49", "50", "52", "53", "54", "56", "65", "72")), .Names = ""), class = "table"), 
    No.Tag = structure(c(0L, 2L, 50L, 0L, 19L, 0L, 1L, 91L, 0L, 
    2L, 0L, 0L, 8L, 1L, 0L), .Dim = c(5L, 3L), .Dimnames = structure(list(
        c("-2", "-1", "0", "1", NA), c("A", "G", NA)), .Names = c("", 
    "")), class = "table"), All.Tags = list(Concordant = list(
        Freqs = structure(c(0, 2, 200, 2, 0, 0, 293, 1), .Dim = c(4L, 
        2L), .Dimnames = list(c("-2", "-1", "0", "1"), c("A", 
        "G"))), N = 498), Majority = list(Freqs = structure(c(0, 
    2, 246, 2, 0, 1, 346, 1), .Dim = c(4L, 2L), .Dimnames = list(
        c("-2", "-1", "0", "1"), c("A", "G"))), N = 598)), `2` = structure(c(0, 
    2, 176, 0, 0, 1, 260, 1), .Dim = c(4L, 2L), .Dimnames = list(
        c("-2", "-1", "0", "1"), c("A", "G"))))))
