Results <-
list(`bwaOutput/20210421msiMNRsJenny/155502_S50.sam` = list(IM49_SNP1 = list(
    All = list(Freqs = structure(c(7L, 233L, 7339L, 228L, 4L, 
    73L, 0L, 2L, 19L, 1L, 0L, 0L, 1L, 2L, 159L, 3L, 1L, 0L), .Dim = c(6L, 
    3L), .Dimnames = structure(list(c("-2", "-1", "0", "1", "2", 
    NA), c("C", "G", NA)), .Names = c("", "")), class = "table"), 
        N = 8072L), Tag.Distribution = structure(c(`1` = 237L, 
    `2` = 49L, `3` = 65L, `4` = 45L, `5` = 32L, `6` = 40L, `7` = 27L, 
    `8` = 22L, `9` = 21L, `10` = 23L, `11` = 28L, `12` = 22L, 
    `13` = 13L, `14` = 19L, `15` = 10L, `16` = 12L, `17` = 20L, 
    `18` = 12L, `19` = 9L, `20` = 8L, `21` = 6L, `22` = 8L, `23` = 8L, 
    `24` = 8L, `25` = 7L, `26` = 9L, `27` = 4L, `28` = 3L, `29` = 5L, 
    `30` = 9L, `31` = 5L, `32` = 2L, `33` = 8L, `34` = 5L, `35` = 4L, 
    `36` = 4L, `37` = 3L, `40` = 4L, `42` = 2L, `43` = 1L, `44` = 1L, 
    `45` = 3L, `47` = 1L, `48` = 1L, `51` = 1L, `54` = 2L, `56` = 1L, 
    `58` = 1L, `60` = 1L, `63` = 1L), .Dim = 50L, .Dimnames = structure(list(
        c("1", "2", "3", "4", "5", "6", "7", "8", "9", "10", 
        "11", "12", "13", "14", "15", "16", "17", "18", "19", 
        "20", "21", "22", "23", "24", "25", "26", "27", "28", 
        "29", "30", "31", "32", "33", "34", "35", "36", "37", 
        "40", "42", "43", "44", "45", "47", "48", "51", "54", 
        "56", "58", "60", "63")), .Names = ""), class = "table"), 
    No.Tag = structure(c(1L, 8L, 212L, 7L, 0L, 3L, 0L, 0L, 1L, 
    0L, 0L, 0L, 0L, 0L, 10L, 0L, 1L, 0L), .Dim = c(6L, 3L), .Dimnames = structure(list(
        c("-2", "-1", "0", "1", "2", NA), c("C", "G", NA)), .Names = c("", 
    "")), class = "table"), All.Tags = list(Concordant = list(
        Freqs = structure(c(1, 4, 547, 1, 0, 0, 1, 10, 1, 0), .Dim = c(5L, 
        2L), .Dimnames = list(c("-2", "-1", "0", "1", "2"), c("C", 
        "G"))), N = 565), Majority = list(Freqs = structure(c(1, 
    7, 767, 5, 0, 0, 1, 10, 1, 0), .Dim = c(5L, 2L), .Dimnames = list(
        c("-2", "-1", "0", "1", "2"), c("C", "G"))), N = 792)), 
    `2` = structure(c(0, 3, 578, 5, 0, 0, 0, 1, 0, 0), .Dim = c(5L, 
    2L), .Dimnames = list(c("-2", "-1", "0", "1", "2"), c("C", 
    "G"))))))
