Results <-
list(`bwaOutput/20210421msiMNRsJenny/155501_S32.sam` = list(GM01_SNP1 = list(
    All = list(Freqs = structure(c(0L, 0L, 0L, 1L, 0L, 0L, 0L, 
    0L, 73L, 4945L, 12L, 8L, 5L, 2L, 64L, 4860L, 21L, 14L, 0L, 
    0L, 10L, 133L, 4L, 0L), .Dim = c(6L, 4L), .Dimnames = structure(list(
        c("-3", "-2", "-1", "0", "1", NA), c("-", "A", "G", NA
        )), .Names = c("", "")), class = "table"), N = 10152L), 
    Tag.Distribution = structure(c(`1` = 371L, `2` = 196L, `3` = 176L, 
    `4` = 152L, `5` = 121L, `6` = 106L, `7` = 105L, `8` = 81L, 
    `9` = 67L, `10` = 60L, `11` = 43L, `12` = 42L, `13` = 42L, 
    `14` = 28L, `15` = 21L, `16` = 20L, `17` = 21L, `18` = 13L, 
    `19` = 9L, `20` = 7L, `21` = 5L, `22` = 4L, `23` = 5L, `24` = 4L, 
    `25` = 1L, `26` = 3L, `27` = 1L, `28` = 1L, `31` = 2L, `33` = 2L, 
    `34` = 1L, `41` = 1L), .Dim = 32L, .Dimnames = structure(list(
        c("1", "2", "3", "4", "5", "6", "7", "8", "9", "10", 
        "11", "12", "13", "14", "15", "16", "17", "18", "19", 
        "20", "21", "22", "23", "24", "25", "26", "27", "28", 
        "31", "33", "34", "41")), .Names = ""), class = "table"), 
    No.Tag = structure(c(0L, 0L, 0L, 0L, 0L, 0L, 0L, 0L, 3L, 
    90L, 0L, 0L, 0L, 0L, 1L, 101L, 0L, 2L, 0L, 0L, 1L, 11L, 0L, 
    0L), .Dim = c(6L, 4L), .Dimnames = structure(list(c("-3", 
    "-2", "-1", "0", "1", NA), c("-", "A", "G", NA)), .Names = c("", 
    "")), class = "table"), All.Tags = list(Concordant = list(
        Freqs = structure(c(0, 0, 0, 0, 0, 0, 0, 4, 647, 0, 1, 
        0, 2, 609, 0), .Dim = c(5L, 3L), .Dimnames = list(c("-3", 
        "-2", "-1", "0", "1"), c("-", "A", "G"))), N = 1263), 
        Majority = list(Freqs = structure(c(0, 0, 0, 0, 0, 0, 
        0, 4, 839, 0, 1, 0, 2, 818, 0), .Dim = c(5L, 3L), .Dimnames = list(
            c("-3", "-2", "-1", "0", "1"), c("-", "A", "G"))), 
            N = 1664)), `2` = structure(c(0, 0, 0, 0, 0, 0, 0, 
    0, 663, 0, 1, 0, 0, 642, 0), .Dim = c(5L, 3L), .Dimnames = list(
        c("-3", "-2", "-1", "0", "1"), c("-", "A", "G"))))))
