Results <-
list(`bwaOutput/20210421msiMNRsJenny/155501_S32.sam` = list(LR49_SNP1 = list(
    All = list(Freqs = structure(c(0L, 15L, 0L, 0L, 27L, 6926L, 
    5L, 11L, 0L, 42L, 0L, 0L), .Dim = 4:3, .Dimnames = structure(list(
        c("-1", "0", "1", NA), c("A", "G", NA)), .Names = c("", 
    "")), class = "table"), N = 7026L), Tag.Distribution = structure(c(`1` = 332L, 
    `2` = 205L, `3` = 198L, `4` = 166L, `5` = 138L, `6` = 101L, 
    `7` = 67L, `8` = 55L, `9` = 50L, `10` = 36L, `11` = 30L, 
    `12` = 19L, `13` = 19L, `14` = 12L, `15` = 9L, `16` = 5L, 
    `17` = 11L, `18` = 4L, `19` = 2L, `20` = 4L, `21` = 1L, `22` = 3L, 
    `23` = 2L, `24` = 1L, `26` = 1L, `27` = 1L), .Dim = 26L, .Dimnames = structure(list(
        c("1", "2", "3", "4", "5", "6", "7", "8", "9", "10", 
        "11", "12", "13", "14", "15", "16", "17", "18", "19", 
        "20", "21", "22", "23", "24", "26", "27")), .Names = ""), class = "table"), 
    No.Tag = structure(c(0L, 0L, 0L, 0L, 1L, 228L, 0L, 2L, 0L, 
    5L, 0L, 0L), .Dim = 4:3, .Dimnames = structure(list(c("-1", 
    "0", "1", NA), c("A", "G", NA)), .Names = c("", "")), class = "table"), 
    All.Tags = list(Concordant = list(Freqs = structure(c(0, 
    2, 0, 4, 1436, 0), .Dim = 3:2, .Dimnames = list(c("-1", "0", 
    "1"), c("A", "G"))), N = 1442), Majority = list(Freqs = structure(c(0, 
    3, 0, 4, 1462, 0), .Dim = 3:2, .Dimnames = list(c("-1", "0", 
    "1"), c("A", "G"))), N = 1469)), `2` = structure(c(0, 1, 
    0, 2, 1137, 0), .Dim = 3:2, .Dimnames = list(c("-1", "0", 
    "1"), c("A", "G"))))))
