Results <-
list(`bwaOutput/20210421msiMNRsJenny/155501_S32.sam` = list(LR10_SNP1 = list(
    All = list(Freqs = structure(c(0L, 0L, 2L, 0L, 0L, 0L, 70L, 
    3588L, 25L, 13L, 0L, 0L, 1L, 0L, 0L, 2L, 54L, 3787L, 18L, 
    6L, 0L, 2L, 108L, 2L, 0L), .Dim = c(5L, 5L), .Dimnames = structure(list(
        c("-2", "-1", "0", "1", NA), c("A", "C", "G", "T", NA
        )), .Names = c("", "")), class = "table"), N = 7678L), 
    Tag.Distribution = structure(c(`1` = 299L, `2` = 211L, `3` = 168L, 
    `4` = 154L, `5` = 102L, `6` = 88L, `7` = 66L, `8` = 81L, 
    `9` = 56L, `10` = 36L, `11` = 35L, `12` = 28L, `13` = 23L, 
    `14` = 21L, `15` = 15L, `16` = 9L, `17` = 13L, `18` = 8L, 
    `19` = 2L, `20` = 5L, `21` = 5L, `22` = 1L, `23` = 2L, `25` = 1L, 
    `26` = 2L, `27` = 1L, `30` = 1L, `33` = 1L, `34` = 1L), .Dim = 29L, .Dimnames = structure(list(
        c("1", "2", "3", "4", "5", "6", "7", "8", "9", "10", 
        "11", "12", "13", "14", "15", "16", "17", "18", "19", 
        "20", "21", "22", "23", "25", "26", "27", "30", "33", 
        "34")), .Names = ""), class = "table"), No.Tag = structure(c(0L, 
    0L, 1L, 0L, 0L, 0L, 1L, 107L, 0L, 0L, 0L, 0L, 0L, 0L, 0L, 
    0L, 2L, 145L, 0L, 0L, 0L, 0L, 9L, 0L, 0L), .Dim = c(5L, 5L
    ), .Dimnames = structure(list(c("-2", "-1", "0", "1", NA), 
        c("A", "C", "G", "T", NA)), .Names = c("", "")), class = "table"), 
    All.Tags = list(Concordant = list(Freqs = structure(c(0, 
    0, 0, 0, 0, 6, 522, 0, 0, 0, 0, 0, 0, 0, 605, 0), .Dim = c(4L, 
    4L), .Dimnames = list(c("-2", "-1", "0", "1"), c("A", "C", 
    "G", "T"))), N = 1133), Majority = list(Freqs = structure(c(0, 
    0, 0, 0, 0, 6, 673, 0, 0, 0, 0, 0, 0, 2, 722, 0), .Dim = c(4L, 
    4L), .Dimnames = list(c("-2", "-1", "0", "1"), c("A", "C", 
    "G", "T"))), N = 1403)), `2` = structure(c(0, 0, 0, 0, 0, 
    0, 540, 0, 0, 0, 0, 0, 0, 2, 570, 0), .Dim = c(4L, 4L), .Dimnames = list(
        c("-2", "-1", "0", "1"), c("A", "C", "G", "T"))))))
