Results <-
list(`bwaOutput/20210421msiMNRsJenny/155502_S50.sam` = list(GM09_SNP1 = list(
    All = list(Freqs = structure(c(70L, 10240L, 18L, 4L, 0L, 
    31L, 0L, 1L, 0L, 1L, 0L, 0L, 0L, 67L, 0L, 0L), .Dim = c(4L, 
    4L), .Dimnames = structure(list(c("-1", "0", "1", NA), c("A", 
    "G", "T", NA)), .Names = c("", "")), class = "table"), N = 10432L), 
    Tag.Distribution = structure(c(`1` = 171L, `2` = 64L, `3` = 43L, 
    `4` = 46L, `5` = 35L, `6` = 31L, `7` = 39L, `8` = 32L, `9` = 27L, 
    `10` = 23L, `11` = 25L, `12` = 34L, `13` = 17L, `14` = 26L, 
    `15` = 19L, `16` = 14L, `17` = 17L, `18` = 11L, `19` = 22L, 
    `20` = 12L, `21` = 4L, `22` = 14L, `23` = 5L, `24` = 10L, 
    `25` = 8L, `26` = 9L, `27` = 4L, `28` = 9L, `29` = 8L, `30` = 7L, 
    `31` = 5L, `32` = 2L, `34` = 3L, `35` = 5L, `36` = 6L, `37` = 7L, 
    `38` = 5L, `39` = 5L, `40` = 5L, `41` = 7L, `42` = 6L, `43` = 1L, 
    `44` = 1L, `45` = 2L, `47` = 2L, `48` = 5L, `49` = 2L, `50` = 1L, 
    `51` = 1L, `52` = 1L, `53` = 1L, `54` = 1L, `56` = 1L, `63` = 1L, 
    `65` = 1L, `68` = 1L, `70` = 1L), .Dim = 57L, .Dimnames = structure(list(
        c("1", "2", "3", "4", "5", "6", "7", "8", "9", "10", 
        "11", "12", "13", "14", "15", "16", "17", "18", "19", 
        "20", "21", "22", "23", "24", "25", "26", "27", "28", 
        "29", "30", "31", "32", "34", "35", "36", "37", "38", 
        "39", "40", "41", "42", "43", "44", "45", "47", "48", 
        "49", "50", "51", "52", "53", "54", "56", "63", "65", 
        "68", "70")), .Names = ""), class = "table"), No.Tag = structure(c(2L, 
    256L, 0L, 0L, 0L, 2L, 0L, 0L, 0L, 0L, 0L, 0L, 0L, 6L, 0L, 
    0L), .Dim = c(4L, 4L), .Dimnames = structure(list(c("-1", 
    "0", "1", NA), c("A", "G", "T", NA)), .Names = c("", "")), class = "table"), 
    All.Tags = list(Concordant = list(Freqs = structure(c(2, 
    763, 0, 0, 17, 0, 0, 0, 0), .Dim = c(3L, 3L), .Dimnames = list(
        c("-1", "0", "1"), c("A", "G", "T"))), N = 782), Majority = list(
        Freqs = structure(c(2, 831, 0, 0, 17, 0, 0, 0, 0), .Dim = c(3L, 
        3L), .Dimnames = list(c("-1", "0", "1"), c("A", "G", 
        "T"))), N = 850)), `2` = structure(c(1, 689, 0, 0, 0, 
    0, 0, 0, 0), .Dim = c(3L, 3L), .Dimnames = list(c("-1", "0", 
    "1"), c("A", "G", "T"))))))
