Results <-
list(`bwaOutput/20210421msiMNRsJenny/155501_S32.sam` = list(LR52_SNP1 = list(
    All = list(Freqs = structure(c(0L, 0L, 0L, 0L, 2L, 0L, 0L, 
    0L, 1L, 5L, 33L, 570L, 4984L, 29L, 1L, 71L, 0L, 0L, 0L, 0L, 
    1L, 0L, 0L, 0L, 0L, 0L, 1L, 2L, 15L, 0L, 0L, 1L, 0L, 0L, 
    1L, 29L, 1227L, 7L, 0L, 0L), .Dim = c(8L, 5L), .Dimnames = structure(list(
        c("-4", "-3", "-2", "-1", "0", "1", "2", NA), c("-", 
        "C", "G", "T", NA)), .Names = c("", "")), class = "table"), 
        N = 6980L), Tag.Distribution = structure(c(`1` = 232L, 
    `2` = 152L, `3` = 141L, `4` = 108L, `5` = 94L, `6` = 62L, 
    `7` = 56L, `8` = 45L, `9` = 62L, `10` = 43L, `11` = 34L, 
    `12` = 19L, `13` = 24L, `14` = 20L, `15` = 20L, `16` = 12L, 
    `17` = 6L, `18` = 11L, `19` = 6L, `20` = 2L, `21` = 5L, `22` = 4L, 
    `23` = 1L, `24` = 4L, `25` = 2L, `26` = 4L, `27` = 3L, `28` = 1L, 
    `30` = 1L, `32` = 1L, `33` = 1L, `36` = 1L), .Dim = 32L, .Dimnames = structure(list(
        c("1", "2", "3", "4", "5", "6", "7", "8", "9", "10", 
        "11", "12", "13", "14", "15", "16", "17", "18", "19", 
        "20", "21", "22", "23", "24", "25", "26", "27", "28", 
        "30", "32", "33", "36")), .Names = ""), class = "table"), 
    No.Tag = structure(c(0L, 0L, 0L, 0L, 0L, 0L, 0L, 0L, 0L, 
    0L, 2L, 15L, 100L, 1L, 0L, 3L, 0L, 0L, 0L, 0L, 0L, 0L, 0L, 
    0L, 0L, 0L, 0L, 0L, 1L, 0L, 0L, 0L, 0L, 0L, 0L, 2L, 37L, 
    0L, 0L, 0L), .Dim = c(8L, 5L), .Dimnames = structure(list(
        c("-4", "-3", "-2", "-1", "0", "1", "2", NA), c("-", 
        "C", "G", "T", NA)), .Names = c("", "")), class = "table"), 
    All.Tags = list(Concordant = list(Freqs = structure(c(0, 
    0, 0, 0, 0, 0, 0, 0, 0, 1, 39, 708, 1, 0, 0, 0, 0, 0, 0, 
    0, 0, 0, 0, 1, 1, 2, 0, 0), .Dim = c(7L, 4L), .Dimnames = list(
        c("-4", "-3", "-2", "-1", "0", "1", "2"), c("-", "C", 
        "G", "T"))), N = 753), Majority = list(Freqs = structure(c(0, 
    0, 0, 0, 0, 0, 0, 0, 0, 1, 52, 1013, 1, 0, 0, 0, 0, 0, 0, 
    0, 0, 0, 0, 1, 1, 4, 0, 0), .Dim = c(7L, 4L), .Dimnames = list(
        c("-4", "-3", "-2", "-1", "0", "1", "2"), c("-", "C", 
        "G", "T"))), N = 1073)), `2` = structure(c(0, 0, 0, 0, 
    0, 0, 0, 0, 0, 1, 31, 868, 0, 0, 0, 0, 0, 0, 0, 0, 0, 0, 
    0, 0, 0, 2, 0, 0), .Dim = c(7L, 4L), .Dimnames = list(c("-4", 
    "-3", "-2", "-1", "0", "1", "2"), c("-", "C", "G", "T"))))))
