Results <-
list(`bwaOutput/20210421msiMNRsJenny/155502_S50.sam` = list(LR24_SNP1 = list(
    All = list(Freqs = structure(c(4L, 844L, 3L, 1L, 4L, 920L, 
    2L, 0L, 0L, 13L, 0L, 0L), .Dim = 4:3, .Dimnames = structure(list(
        c("-1", "0", "1", NA), c("A", "G", NA)), .Names = c("", 
    "")), class = "table"), N = 1791L), Tag.Distribution = structure(c(`1` = 100L, 
    `2` = 25L, `3` = 24L, `4` = 16L, `5` = 21L, `6` = 17L, `7` = 13L, 
    `8` = 10L, `9` = 13L, `10` = 6L, `11` = 4L, `12` = 6L, `13` = 10L, 
    `14` = 3L, `15` = 3L, `16` = 7L, `17` = 3L, `18` = 3L, `21` = 1L, 
    `22` = 2L, `23` = 5L, `25` = 1L, `28` = 1L, `29` = 1L, `30` = 2L, 
    `35` = 1L), .Dim = 26L, .Dimnames = structure(list(c("1", 
    "2", "3", "4", "5", "6", "7", "8", "9", "10", "11", "12", 
    "13", "14", "15", "16", "17", "18", "21", "22", "23", "25", 
    "28", "29", "30", "35")), .Names = ""), class = "table"), 
    No.Tag = structure(c(0L, 15L, 0L, 1L, 0L, 26L, 0L, 0L, 0L, 
    1L, 0L, 0L), .Dim = 4:3, .Dimnames = structure(list(c("-1", 
    "0", "1", NA), c("A", "G", NA)), .Names = c("", "")), class = "table"), 
    All.Tags = list(Concordant = list(Freqs = structure(c(2, 
    141, 1, 1, 134, 0), .Dim = 3:2, .Dimnames = list(c("-1", 
    "0", "1"), c("A", "G"))), N = 279), Majority = list(Freqs = structure(c(2, 
    146, 1, 1, 143, 0), .Dim = 3:2, .Dimnames = list(c("-1", 
    "0", "1"), c("A", "G"))), N = 293)), `2` = structure(c(0, 
    101, 0, 0, 96, 0), .Dim = 3:2, .Dimnames = list(c("-1", "0", 
    "1"), c("A", "G"))))))
