Results <-
list(`bwaOutput/20210421msiMNRsJenny/155501_S32.sam` = list(GM11_SNP1 = list(
    All = list(Freqs = structure(c(0L, 0L, 6L, 0L, 0L, 1L, 62L, 
    7507L, 42L, 9L, 0L, 0L, 73L, 0L, 0L), .Dim = c(5L, 3L), .Dimnames = structure(list(
        c("-2", "-1", "0", "1", NA), c("A", "G", NA)), .Names = c("", 
    "")), class = "table"), N = 7700L), Tag.Distribution = structure(c(`1` = 255L, 
    `2` = 171L, `3` = 119L, `4` = 127L, `5` = 91L, `6` = 101L, 
    `7` = 75L, `8` = 57L, `9` = 39L, `10` = 42L, `11` = 32L, 
    `12` = 33L, `13` = 30L, `14` = 29L, `15` = 18L, `16` = 15L, 
    `17` = 16L, `18` = 7L, `19` = 5L, `20` = 1L, `21` = 8L, `22` = 2L, 
    `23` = 3L, `24` = 2L, `25` = 1L, `27` = 3L, `28` = 1L, `29` = 1L, 
    `32` = 2L, `33` = 1L, `38` = 1L, `46` = 1L), .Dim = 32L, .Dimnames = structure(list(
        c("1", "2", "3", "4", "5", "6", "7", "8", "9", "10", 
        "11", "12", "13", "14", "15", "16", "17", "18", "19", 
        "20", "21", "22", "23", "24", "25", "27", "28", "29", 
        "32", "33", "38", "46")), .Names = ""), class = "table"), 
    No.Tag = structure(c(0L, 0L, 1L, 0L, 0L, 0L, 0L, 181L, 0L, 
    0L, 0L, 0L, 3L, 0L, 0L), .Dim = c(5L, 3L), .Dimnames = structure(list(
        c("-2", "-1", "0", "1", NA), c("A", "G", NA)), .Names = c("", 
    "")), class = "table"), All.Tags = list(Concordant = list(
        Freqs = structure(c(0, 0, 3, 0, 0, 2, 1197, 1), .Dim = c(4L, 
        2L), .Dimnames = list(c("-2", "-1", "0", "1"), c("A", 
        "G"))), N = 1203), Majority = list(Freqs = structure(c(0, 
    0, 3, 0, 0, 2, 1272, 1), .Dim = c(4L, 2L), .Dimnames = list(
        c("-2", "-1", "0", "1"), c("A", "G"))), N = 1278)), `2` = structure(c(0, 
    0, 0, 0, 0, 1, 1027, 0), .Dim = c(4L, 2L), .Dimnames = list(
        c("-2", "-1", "0", "1"), c("A", "G"))))))
