Results <-
list(`bwaOutput/20210421msiMNRsJenny/155502_S50.sam` = list(GM26_SNP1 = list(
    All = list(Freqs = structure(c(28L, 3942L, 18L, 1L, 7L, 10L, 
    1643L, 6L, 0L, 3L, 1L, 75L, 0L, 0L, 0L), .Dim = c(5L, 3L), .Dimnames = structure(list(
        c("-1", "0", "1", "2", NA), c("A", "G", NA)), .Names = c("", 
    "")), class = "table"), N = 5734L), Tag.Distribution = structure(c(`1` = 109L, 
    `2` = 45L, `3` = 30L, `4` = 20L, `5` = 22L, `6` = 22L, `7` = 18L, 
    `8` = 16L, `9` = 11L, `10` = 15L, `11` = 12L, `12` = 12L, 
    `13` = 13L, `14` = 8L, `15` = 9L, `16` = 14L, `17` = 10L, 
    `18` = 6L, `19` = 9L, `20` = 6L, `21` = 9L, `22` = 10L, `23` = 5L, 
    `24` = 2L, `25` = 3L, `26` = 4L, `27` = 1L, `28` = 5L, `29` = 4L, 
    `30` = 5L, `31` = 3L, `32` = 4L, `33` = 1L, `34` = 4L, `35` = 2L, 
    `36` = 2L, `37` = 2L, `38` = 1L, `39` = 2L, `40` = 1L, `41` = 3L, 
    `42` = 3L, `43` = 2L, `44` = 2L, `45` = 3L, `46` = 1L, `47` = 1L, 
    `48` = 1L, `50` = 1L, `53` = 1L, `54` = 1L, `55` = 1L, `68` = 2L
    ), .Dim = 53L, .Dimnames = structure(list(c("1", "2", "3", 
    "4", "5", "6", "7", "8", "9", "10", "11", "12", "13", "14", 
    "15", "16", "17", "18", "19", "20", "21", "22", "23", "24", 
    "25", "26", "27", "28", "29", "30", "31", "32", "33", "34", 
    "35", "36", "37", "38", "39", "40", "41", "42", "43", "44", 
    "45", "46", "47", "48", "50", "53", "54", "55", "68")), .Names = ""), class = "table"), 
    No.Tag = structure(c(0L, 87L, 0L, 0L, 3L, 0L, 43L, 0L, 0L, 
    0L, 0L, 9L, 0L, 0L, 0L), .Dim = c(5L, 3L), .Dimnames = structure(list(
        c("-1", "0", "1", "2", NA), c("A", "G", NA)), .Names = c("", 
    "")), class = "table"), All.Tags = list(Concordant = list(
        Freqs = structure(c(1, 279, 1, 0, 0, 143, 0, 0), .Dim = c(4L, 
        2L), .Dimnames = list(c("-1", "0", "1", "2"), c("A", 
        "G"))), N = 424), Majority = list(Freqs = structure(c(1, 
    325, 1, 0, 0, 164, 0, 0), .Dim = c(4L, 2L), .Dimnames = list(
        c("-1", "0", "1", "2"), c("A", "G"))), N = 491)), `2` = structure(c(0, 
    256, 1, 0, 0, 131, 0, 0), .Dim = c(4L, 2L), .Dimnames = list(
        c("-1", "0", "1", "2"), c("A", "G"))))))
