Results <-
list(`bwaOutput/20210421msiMNRsJenny/155501_S32.sam` = list(GM17_SNP1 = list(
    All = list(Freqs = structure(c(30L, 3610L, 11L, 4L, 46L, 
    3637L, 7L, 4L, 0L, 253L, 0L, 0L), .Dim = 4:3, .Dimnames = structure(list(
        c("-1", "0", "1", NA), c("C", "T", NA)), .Names = c("", 
    "")), class = "table"), N = 7602L), Tag.Distribution = structure(c(`1` = 284L, 
    `2` = 185L, `3` = 167L, `4` = 115L, `5` = 116L, `6` = 90L, 
    `7` = 60L, `8` = 60L, `9` = 52L, `10` = 40L, `11` = 32L, 
    `12` = 24L, `13` = 33L, `14` = 27L, `15` = 14L, `16` = 11L, 
    `17` = 11L, `18` = 9L, `19` = 6L, `20` = 5L, `21` = 2L, `22` = 5L, 
    `23` = 2L, `24` = 1L, `26` = 1L, `27` = 1L, `28` = 2L, `29` = 1L, 
    `30` = 2L, `42` = 1L), .Dim = 30L, .Dimnames = structure(list(
        c("1", "2", "3", "4", "5", "6", "7", "8", "9", "10", 
        "11", "12", "13", "14", "15", "16", "17", "18", "19", 
        "20", "21", "22", "23", "24", "26", "27", "28", "29", 
        "30", "42")), .Names = ""), class = "table"), No.Tag = structure(c(1L, 
    106L, 0L, 0L, 1L, 119L, 0L, 1L, 0L, 13L, 0L, 0L), .Dim = 4:3, .Dimnames = structure(list(
        c("-1", "0", "1", NA), c("C", "T", NA)), .Names = c("", 
    "")), class = "table"), All.Tags = list(Concordant = list(
        Freqs = structure(c(0, 548, 1, 2, 556, 0), .Dim = 3:2, .Dimnames = list(
            c("-1", "0", "1"), c("C", "T"))), N = 1107), Majority = list(
        Freqs = structure(c(0, 649, 2, 2, 657, 0), .Dim = 3:2, .Dimnames = list(
            c("-1", "0", "1"), c("C", "T"))), N = 1310)), `2` = structure(c(0, 
    514, 1, 1, 524, 0), .Dim = 3:2, .Dimnames = list(c("-1", 
    "0", "1"), c("C", "T"))))))
