Results <-
list(`bwaOutput/20210421msiMNRsJenny/155502_S50.sam` = list(LR36_SNP1 = list(
    All = list(Freqs = structure(c(4L, 76L, 3469L, 25L, 40L, 
    0L, 0L, 0L, 0L, 2L, 0L, 15L, 276L, 1L, 1L, 0L, 2L, 106L, 
    1L, 0L), .Dim = 5:4, .Dimnames = structure(list(c("-2", "-1", 
    "0", "1", NA), c("A", "G", "T", NA)), .Names = c("", "")), class = "table"), 
        N = 4018L), Tag.Distribution = structure(c(`1` = 121L, 
    `2` = 27L, `3` = 20L, `4` = 20L, `5` = 21L, `6` = 14L, `7` = 7L, 
    `8` = 15L, `9` = 16L, `10` = 15L, `11` = 10L, `12` = 7L, 
    `13` = 7L, `14` = 8L, `15` = 6L, `16` = 11L, `17` = 7L, `18` = 7L, 
    `19` = 9L, `20` = 3L, `21` = 5L, `22` = 4L, `23` = 3L, `24` = 2L, 
    `25` = 1L, `26` = 2L, `27` = 1L, `28` = 2L, `29` = 4L, `30` = 3L, 
    `31` = 4L, `34` = 1L, `35` = 3L, `36` = 1L, `37` = 1L, `38` = 2L, 
    `39` = 1L, `40` = 2L, `42` = 3L, `43` = 1L, `44` = 1L, `46` = 1L, 
    `47` = 1L, `49` = 1L, `52` = 2L, `53` = 2L), .Dim = 46L, .Dimnames = structure(list(
        c("1", "2", "3", "4", "5", "6", "7", "8", "9", "10", 
        "11", "12", "13", "14", "15", "16", "17", "18", "19", 
        "20", "21", "22", "23", "24", "25", "26", "27", "28", 
        "29", "30", "31", "34", "35", "36", "37", "38", "39", 
        "40", "42", "43", "44", "46", "47", "49", "52", "53")), .Names = ""), class = "table"), 
    No.Tag = structure(c(0L, 0L, 97L, 1L, 4L, 0L, 0L, 0L, 0L, 
    1L, 0L, 0L, 23L, 0L, 0L, 0L, 0L, 14L, 0L, 0L), .Dim = 5:4, .Dimnames = structure(list(
        c("-2", "-1", "0", "1", NA), c("A", "G", "T", NA)), .Names = c("", 
    "")), class = "table"), All.Tags = list(Concordant = list(
        Freqs = structure(c(1, 5, 289, 1, 0, 0, 0, 0, 0, 5, 22, 
        0), .Dim = 4:3, .Dimnames = list(c("-2", "-1", "0", "1"
        ), c("A", "G", "T"))), N = 323), Majority = list(Freqs = structure(c(1, 
    5, 355, 1, 0, 0, 0, 0, 0, 5, 26, 0), .Dim = 4:3, .Dimnames = list(
        c("-2", "-1", "0", "1"), c("A", "G", "T"))), N = 393)), 
    `2` = structure(c(0, 1, 264, 0, 0, 0, 0, 0, 0, 1, 17, 0), .Dim = 4:3, .Dimnames = list(
        c("-2", "-1", "0", "1"), c("A", "G", "T"))))))
