Results <-
list(`bwaOutput/20210421msiMNRsJenny/155501_S32.sam` = list(LR40_SNP1 = list(
    All = list(Freqs = structure(c(0L, 0L, 2L, 0L, 0L, 3L, 1747L, 
    4214L, 19L, 23L, 0L, 1L, 0L, 0L, 0L, 0L, 7L, 29L, 1L, 0L), .Dim = 5:4, .Dimnames = structure(list(
        c("-2", "-1", "0", "1", NA), c("A", "C", "T", NA)), .Names = c("", 
    "")), class = "table"), N = 6046L), Tag.Distribution = structure(c(`1` = 247L, 
    `2` = 153L, `3` = 151L, `4` = 125L, `5` = 101L, `6` = 72L, 
    `7` = 59L, `8` = 51L, `9` = 43L, `10` = 36L, `11` = 26L, 
    `12` = 15L, `13` = 9L, `14` = 18L, `15` = 11L, `16` = 11L, 
    `17` = 2L, `18` = 6L, `19` = 5L, `20` = 4L, `21` = 3L, `22` = 2L, 
    `23` = 2L, `24` = 1L, `25` = 2L, `26` = 1L, `28` = 1L, `29` = 1L, 
    `30` = 1L, `33` = 1L), .Dim = 30L, .Dimnames = structure(list(
        c("1", "2", "3", "4", "5", "6", "7", "8", "9", "10", 
        "11", "12", "13", "14", "15", "16", "17", "18", "19", 
        "20", "21", "22", "23", "24", "25", "26", "28", "29", 
        "30", "33")), .Names = ""), class = "table"), No.Tag = structure(c(0L, 
    0L, 0L, 0L, 0L, 0L, 61L, 102L, 0L, 4L, 0L, 0L, 0L, 0L, 0L, 
    0L, 0L, 2L, 0L, 0L), .Dim = 5:4, .Dimnames = structure(list(
        c("-2", "-1", "0", "1", NA), c("A", "C", "T", NA)), .Names = c("", 
    "")), class = "table"), All.Tags = list(Concordant = list(
        Freqs = structure(c(0, 0, 0, 0, 0, 259, 702, 0, 0, 0, 
        0, 0), .Dim = 4:3, .Dimnames = list(c("-2", "-1", "0", 
        "1"), c("A", "C", "T"))), N = 961), Majority = list(Freqs = structure(c(0, 
    0, 0, 0, 0, 305, 821, 0, 0, 0, 0, 0), .Dim = 4:3, .Dimnames = list(
        c("-2", "-1", "0", "1"), c("A", "C", "T"))), N = 1126)), 
    `2` = structure(c(0, 0, 0, 0, 0, 235, 649, 0, 0, 0, 0, 0), .Dim = 4:3, .Dimnames = list(
        c("-2", "-1", "0", "1"), c("A", "C", "T"))))))
