Results <-
list(`bwaOutput/20210421msiMNRsJenny/155502_S50.sam` = list(LR10_SNP1 = list(
    All = list(Freqs = structure(c(1L, 93L, 3578L, 27L, 3L, 0L, 
    74L, 3884L, 15L, 5L, 0L, 0L, 120L, 2L, 0L), .Dim = c(5L, 
    3L), .Dimnames = structure(list(c("-2", "-1", "0", "1", NA
    ), c("C", "T", NA)), .Names = c("", "")), class = "table"), 
        N = 7802L), Tag.Distribution = structure(c(`1` = 160L, 
    `2` = 42L, `3` = 40L, `4` = 33L, `5` = 32L, `6` = 33L, `7` = 32L, 
    `8` = 30L, `9` = 17L, `10` = 28L, `11` = 14L, `12` = 14L, 
    `13` = 17L, `14` = 22L, `15` = 23L, `16` = 10L, `17` = 14L, 
    `18` = 10L, `19` = 10L, `20` = 9L, `21` = 10L, `22` = 13L, 
    `23` = 6L, `24` = 8L, `25` = 4L, `26` = 7L, `27` = 5L, `28` = 6L, 
    `29` = 5L, `30` = 4L, `31` = 3L, `32` = 3L, `33` = 10L, `34` = 3L, 
    `35` = 5L, `36` = 5L, `37` = 2L, `38` = 2L, `40` = 3L, `41` = 2L, 
    `42` = 3L, `45` = 3L, `48` = 2L, `50` = 1L, `53` = 1L, `55` = 1L, 
    `56` = 2L, `65` = 1L), .Dim = 48L, .Dimnames = structure(list(
        c("1", "2", "3", "4", "5", "6", "7", "8", "9", "10", 
        "11", "12", "13", "14", "15", "16", "17", "18", "19", 
        "20", "21", "22", "23", "24", "25", "26", "27", "28", 
        "29", "30", "31", "32", "33", "34", "35", "36", "37", 
        "38", "40", "41", "42", "45", "48", "50", "53", "55", 
        "56", "65")), .Names = ""), class = "table"), No.Tag = structure(c(0L, 
    8L, 62L, 0L, 0L, 0L, 2L, 128L, 0L, 1L, 0L, 0L, 10L, 0L, 0L
    ), .Dim = c(5L, 3L), .Dimnames = structure(list(c("-2", "-1", 
    "0", "1", NA), c("C", "T", NA)), .Names = c("", "")), class = "table"), 
    All.Tags = list(Concordant = list(Freqs = structure(c(0, 
    4, 248, 0, 0, 2, 298, 0), .Dim = c(4L, 2L), .Dimnames = list(
        c("-2", "-1", "0", "1"), c("C", "T"))), N = 552), Majority = list(
        Freqs = structure(c(0, 4, 320, 0, 0, 2, 366, 0), .Dim = c(4L, 
        2L), .Dimnames = list(c("-2", "-1", "0", "1"), c("C", 
        "T"))), N = 692)), `2` = structure(c(0, 1, 267, 0, 0, 
    1, 271, 0), .Dim = c(4L, 2L), .Dimnames = list(c("-2", "-1", 
    "0", "1"), c("C", "T"))))))
