Results <-
list(`bwaOutput/20210421msiMNRsJenny/155502_S50.sam` = list(GM17_SNP1 = list(
    All = list(Freqs = structure(c(2L, 38L, 4551L, 16L, 4L, 0L, 
    78L, 4738L, 8L, 21L, 0L, 1L, 328L, 0L, 0L), .Dim = c(5L, 
    3L), .Dimnames = structure(list(c("-2", "-1", "0", "1", NA
    ), c("C", "T", NA)), .Names = c("", "")), class = "table"), 
        N = 9785L), Tag.Distribution = structure(c(`1` = 202L, 
    `2` = 59L, `3` = 29L, `4` = 45L, `5` = 42L, `6` = 33L, `7` = 31L, 
    `8` = 28L, `9` = 31L, `10` = 30L, `11` = 15L, `12` = 22L, 
    `13` = 21L, `14` = 18L, `15` = 26L, `16` = 16L, `17` = 19L, 
    `18` = 14L, `19` = 13L, `20` = 13L, `21` = 14L, `22` = 10L, 
    `23` = 6L, `24` = 8L, `25` = 6L, `26` = 8L, `27` = 8L, `28` = 2L, 
    `29` = 6L, `30` = 7L, `31` = 6L, `32` = 5L, `33` = 9L, `34` = 2L, 
    `35` = 4L, `36` = 3L, `37` = 2L, `38` = 2L, `39` = 4L, `40` = 5L, 
    `41` = 2L, `42` = 3L, `43` = 1L, `44` = 3L, `45` = 3L, `46` = 3L, 
    `47` = 2L, `48` = 3L, `49` = 1L, `50` = 2L, `51` = 2L, `57` = 1L, 
    `58` = 1L, `60` = 1L, `62` = 1L, `68` = 1L), .Dim = 56L, .Dimnames = structure(list(
        c("1", "2", "3", "4", "5", "6", "7", "8", "9", "10", 
        "11", "12", "13", "14", "15", "16", "17", "18", "19", 
        "20", "21", "22", "23", "24", "25", "26", "27", "28", 
        "29", "30", "31", "32", "33", "34", "35", "36", "37", 
        "38", "39", "40", "41", "42", "43", "44", "45", "46", 
        "47", "48", "49", "50", "51", "57", "58", "60", "62", 
        "68")), .Names = ""), class = "table"), No.Tag = structure(c(0L, 
    1L, 111L, 0L, 0L, 0L, 0L, 166L, 2L, 18L, 0L, 0L, 17L, 0L, 
    0L), .Dim = c(5L, 3L), .Dimnames = structure(list(c("-2", 
    "-1", "0", "1", NA), c("C", "T", NA)), .Names = c("", "")), class = "table"), 
    All.Tags = list(Concordant = list(Freqs = structure(c(0, 
    1, 338, 1, 0, 1, 356, 0), .Dim = c(4L, 2L), .Dimnames = list(
        c("-2", "-1", "0", "1"), c("C", "T"))), N = 697), Majority = list(
        Freqs = structure(c(0, 1, 403, 1, 0, 2, 431, 0), .Dim = c(4L, 
        2L), .Dimnames = list(c("-2", "-1", "0", "1"), c("C", 
        "T"))), N = 838)), `2` = structure(c(0, 0, 320, 0, 0, 
    1, 324, 0), .Dim = c(4L, 2L), .Dimnames = list(c("-2", "-1", 
    "0", "1"), c("C", "T"))))))
