Results <-
list(`bwaOutput/20210421msiMNRsJenny/155502_S50.sam` = list(LR48_SNP1 = list(
    All = list(Freqs = structure(c(0L, 0L, 4L, 0L, 0L, 0L, 3L, 
    111L, 4390L, 71L, 2L, 26L, 1L, 141L, 4339L, 61L, 0L, 15L, 
    0L, 1L, 209L, 1L, 0L, 0L), .Dim = c(6L, 4L), .Dimnames = structure(list(
        c("-2", "-1", "0", "1", "2", NA), c("A", "C", "T", NA
        )), .Names = c("", "")), class = "table"), N = 9375L), 
    Tag.Distribution = structure(c(`1` = 181L, `2` = 43L, `3` = 31L, 
    `4` = 42L, `5` = 13L, `6` = 31L, `7` = 17L, `8` = 21L, `9` = 23L, 
    `10` = 12L, `11` = 17L, `12` = 18L, `13` = 21L, `14` = 20L, 
    `15` = 8L, `16` = 14L, `17` = 13L, `18` = 11L, `19` = 16L, 
    `20` = 6L, `21` = 4L, `22` = 10L, `23` = 8L, `24` = 5L, `25` = 10L, 
    `26` = 5L, `27` = 4L, `28` = 8L, `29` = 7L, `30` = 6L, `31` = 1L, 
    `32` = 5L, `33` = 3L, `34` = 1L, `35` = 3L, `36` = 3L, `37` = 4L, 
    `38` = 4L, `39` = 2L, `40` = 2L, `41` = 3L, `42` = 2L, `43` = 4L, 
    `44` = 6L, `45` = 6L, `46` = 2L, `47` = 4L, `48` = 1L, `49` = 2L, 
    `50` = 1L, `51` = 3L, `52` = 3L, `53` = 2L, `56` = 2L, `57` = 1L, 
    `58` = 2L, `59` = 1L, `61` = 1L, `62` = 1L, `63` = 1L, `66` = 1L, 
    `67` = 3L, `68` = 1L, `73` = 1L, `74` = 1L, `95` = 1L), .Dim = 66L, .Dimnames = structure(list(
        c("1", "2", "3", "4", "5", "6", "7", "8", "9", "10", 
        "11", "12", "13", "14", "15", "16", "17", "18", "19", 
        "20", "21", "22", "23", "24", "25", "26", "27", "28", 
        "29", "30", "31", "32", "33", "34", "35", "36", "37", 
        "38", "39", "40", "41", "42", "43", "44", "45", "46", 
        "47", "48", "49", "50", "51", "52", "53", "56", "57", 
        "58", "59", "61", "62", "63", "66", "67", "68", "73", 
        "74", "95")), .Names = ""), class = "table"), No.Tag = structure(c(0L, 
    0L, 0L, 0L, 0L, 0L, 0L, 0L, 75L, 1L, 0L, 0L, 0L, 2L, 127L, 
    1L, 0L, 0L, 0L, 0L, 24L, 0L, 0L, 0L), .Dim = c(6L, 4L), .Dimnames = structure(list(
        c("-2", "-1", "0", "1", "2", NA), c("A", "C", "T", NA
        )), .Names = c("", "")), class = "table"), All.Tags = list(
        Concordant = list(Freqs = structure(c(0, 0, 1, 0, 0, 
        0, 4, 221, 0, 0, 0, 4, 237, 2, 0), .Dim = c(5L, 3L), .Dimnames = list(
            c("-2", "-1", "0", "1", "2"), c("A", "C", "T"))), 
            N = 469), Majority = list(Freqs = structure(c(0, 
        0, 1, 0, 0, 0, 4, 331, 0, 0, 0, 6, 349, 2, 0), .Dim = c(5L, 
        3L), .Dimnames = list(c("-2", "-1", "0", "1", "2"), c("A", 
        "C", "T"))), N = 693)), `2` = structure(c(0, 0, 0, 0, 
    0, 0, 1, 262, 0, 0, 0, 3, 258, 0, 0), .Dim = c(5L, 3L), .Dimnames = list(
        c("-2", "-1", "0", "1", "2"), c("A", "C", "T"))))))
