Results <-
list(`bwaOutput/20210421msiMNRsJenny/155502_S50.sam` = list(LR52_SNP1 = list(
    All = list(Freqs = structure(c(0L, 0L, 0L, 1L, 0L, 0L, 0L, 
    1L, 17L, 235L, 2015L, 34L, 0L, 36L, 3L, 35L, 364L, 2603L, 
    41L, 1L, 42L, 0L, 0L, 25L, 714L, 10L, 0L, 0L), .Dim = c(7L, 
    4L), .Dimnames = structure(list(c("-3", "-2", "-1", "0", 
    "1", "2", NA), c("A", "C", "T", NA)), .Names = c("", "")), class = "table"), 
        N = 6177L), Tag.Distribution = structure(c(`1` = 111L, 
    `2` = 40L, `3` = 34L, `4` = 23L, `5` = 20L, `6` = 21L, `7` = 24L, 
    `8` = 23L, `9` = 14L, `10` = 14L, `11` = 14L, `12` = 9L, 
    `13` = 13L, `14` = 14L, `15` = 8L, `16` = 18L, `17` = 8L, 
    `18` = 8L, `19` = 6L, `20` = 10L, `21` = 7L, `22` = 2L, `23` = 6L, 
    `24` = 7L, `25` = 11L, `26` = 8L, `27` = 4L, `28` = 4L, `29` = 3L, 
    `31` = 4L, `32` = 3L, `33` = 2L, `34` = 4L, `35` = 3L, `36` = 5L, 
    `37` = 2L, `38` = 4L, `39` = 1L, `40` = 1L, `41` = 2L, `42` = 4L, 
    `43` = 1L, `44` = 2L, `45` = 1L, `49` = 1L, `50` = 1L, `52` = 1L, 
    `55` = 1L, `56` = 1L, `63` = 1L, `65` = 1L, `66` = 1L), .Dim = 52L, .Dimnames = structure(list(
        c("1", "2", "3", "4", "5", "6", "7", "8", "9", "10", 
        "11", "12", "13", "14", "15", "16", "17", "18", "19", 
        "20", "21", "22", "23", "24", "25", "26", "27", "28", 
        "29", "31", "32", "33", "34", "35", "36", "37", "38", 
        "39", "40", "41", "42", "43", "44", "45", "49", "50", 
        "52", "55", "56", "63", "65", "66")), .Names = ""), class = "table"), 
    No.Tag = structure(c(0L, 0L, 0L, 0L, 0L, 0L, 0L, 0L, 0L, 
    2L, 28L, 1L, 0L, 0L, 0L, 1L, 10L, 69L, 0L, 0L, 1L, 0L, 0L, 
    2L, 24L, 0L, 0L, 0L), .Dim = c(7L, 4L), .Dimnames = structure(list(
        c("-3", "-2", "-1", "0", "1", "2", NA), c("A", "C", "T", 
        NA)), .Names = c("", "")), class = "table"), All.Tags = list(
        Concordant = list(Freqs = structure(c(0, 0, 0, 1, 0, 
        0, 0, 1, 6, 113, 0, 0, 0, 1, 8, 121, 1, 0), .Dim = c(6L, 
        3L), .Dimnames = list(c("-3", "-2", "-1", "0", "1", "2"
        ), c("A", "C", "T"))), N = 252), Majority = list(Freqs = structure(c(0, 
        0, 0, 1, 0, 0, 0, 1, 8, 228, 1, 0, 0, 1, 16, 229, 1, 
        0), .Dim = c(6L, 3L), .Dimnames = list(c("-3", "-2", 
        "-1", "0", "1", "2"), c("A", "C", "T"))), N = 486)), 
    `2` = structure(c(0, 0, 0, 0, 0, 0, 0, 0, 3, 194, 1, 0, 0, 
    0, 12, 199, 0, 0), .Dim = c(6L, 3L), .Dimnames = list(c("-3", 
    "-2", "-1", "0", "1", "2"), c("A", "C", "T"))))))
