Results <-
list(`bwaOutput/20210421msiMNRsJenny/155501_S32.sam` = list(GM14_SNP1 = list(
    All = list(Freqs = structure(c(0L, 0L, 8L, 0L, 0L, 0L, 5L, 
    204L, 6395L, 61L, 1L, 23L, 0L, 0L, 1L, 0L, 0L, 1L, 0L, 1L, 
    72L, 0L, 0L, 0L), .Dim = c(6L, 4L), .Dimnames = structure(list(
        c("-2", "-1", "0", "1", "2", NA), c("A", "C", "T", NA
        )), .Names = c("", "")), class = "table"), N = 6772L), 
    Tag.Distribution = structure(c(`1` = 287L, `2` = 178L, `3` = 145L, 
    `4` = 111L, `5` = 93L, `6` = 83L, `7` = 66L, `8` = 58L, `9` = 43L, 
    `10` = 52L, `11` = 32L, `12` = 25L, `13` = 25L, `14` = 16L, 
    `15` = 10L, `16` = 12L, `17` = 7L, `18` = 4L, `19` = 6L, 
    `20` = 3L, `21` = 5L, `22` = 2L, `23` = 2L, `25` = 3L, `26` = 2L, 
    `27` = 2L), .Dim = 26L, .Dimnames = structure(list(c("1", 
    "2", "3", "4", "5", "6", "7", "8", "9", "10", "11", "12", 
    "13", "14", "15", "16", "17", "18", "19", "20", "21", "22", 
    "23", "25", "26", "27")), .Names = ""), class = "table"), 
    No.Tag = structure(c(0L, 0L, 0L, 0L, 0L, 0L, 0L, 9L, 153L, 
    0L, 0L, 1L, 0L, 0L, 1L, 0L, 0L, 0L, 0L, 0L, 6L, 0L, 0L, 0L
    ), .Dim = c(6L, 4L), .Dimnames = structure(list(c("-2", "-1", 
    "0", "1", "2", NA), c("A", "C", "T", NA)), .Names = c("", 
    "")), class = "table"), All.Tags = list(Concordant = list(
        Freqs = structure(c(0, 0, 1, 0, 0, 0, 13, 1051, 3, 0, 
        0, 0, 0, 0, 0), .Dim = c(5L, 3L), .Dimnames = list(c("-2", 
        "-1", "0", "1", "2"), c("A", "C", "T"))), N = 1068), 
        Majority = list(Freqs = structure(c(0, 0, 1, 0, 0, 0, 
        13, 1234, 3, 0, 0, 0, 0, 0, 0), .Dim = c(5L, 3L), .Dimnames = list(
            c("-2", "-1", "0", "1", "2"), c("A", "C", "T"))), 
            N = 1251)), `2` = structure(c(0, 0, 1, 0, 0, 0, 3, 
    967, 1, 0, 0, 0, 0, 0, 0), .Dim = c(5L, 3L), .Dimnames = list(
        c("-2", "-1", "0", "1", "2"), c("A", "C", "T"))))))
