Results <-
list(`bwaOutput/20210421msiMNRsJenny/155501_S32.sam` = list(LR24_SNP1 = list(
    All = list(Freqs = structure(c(1L, 9L, 3831L, 8L, 2L, 0L, 
    11L, 4032L, 14L, 6L, 0L, 0L, 49L, 0L, 0L), .Dim = c(5L, 3L
    ), .Dimnames = structure(list(c("-2", "-1", "0", "1", NA), 
        c("A", "G", NA)), .Names = c("", "")), class = "table"), 
        N = 7963L), Tag.Distribution = structure(c(`1` = 479L, 
    `2` = 290L, `3` = 231L, `4` = 195L, `5` = 162L, `6` = 115L, 
    `7` = 77L, `8` = 65L, `9` = 46L, `10` = 48L, `11` = 40L, 
    `12` = 32L, `13` = 17L, `14` = 11L, `15` = 8L, `16` = 5L, 
    `17` = 3L, `18` = 3L, `19` = 1L, `20` = 2L, `22` = 2L, `23` = 1L, 
    `29` = 1L), .Dim = 23L, .Dimnames = structure(list(c("1", 
    "2", "3", "4", "5", "6", "7", "8", "9", "10", "11", "12", 
    "13", "14", "15", "16", "17", "18", "19", "20", "22", "23", 
    "29")), .Names = ""), class = "table"), No.Tag = structure(c(0L, 
    0L, 138L, 0L, 0L, 0L, 0L, 175L, 1L, 1L, 0L, 0L, 4L, 0L, 0L
    ), .Dim = c(5L, 3L), .Dimnames = structure(list(c("-2", "-1", 
    "0", "1", NA), c("A", "G", NA)), .Names = c("", "")), class = "table"), 
    All.Tags = list(Concordant = list(Freqs = structure(c(0, 
    0, 697, 0, 0, 0, 759, 0), .Dim = c(4L, 2L), .Dimnames = list(
        c("-2", "-1", "0", "1"), c("A", "G"))), N = 1456), Majority = list(
        Freqs = structure(c(0, 0, 860, 0, 0, 0, 908, 0), .Dim = c(4L, 
        2L), .Dimnames = list(c("-2", "-1", "0", "1"), c("A", 
        "G"))), N = 1768)), `2` = structure(c(0, 0, 637, 0, 0, 
    0, 659, 0), .Dim = c(4L, 2L), .Dimnames = list(c("-2", "-1", 
    "0", "1"), c("A", "G"))))))
