Results <-
list(`bwaOutput/20210421msiMNRsJenny/155502_S50.sam` = list(IM16_SNP1 = list(
    All = list(Freqs = structure(c(0L, 5L, 0L, 0L, 11L, 1338L, 
    11L, 4L, 0L, 23L, 2L, 0L), .Dim = 4:3, .Dimnames = structure(list(
        c("-1", "0", "1", NA), c("A", "G", NA)), .Names = c("", 
    "")), class = "table"), N = 1394L), Tag.Distribution = structure(c(`1` = 45L, 
    `2` = 7L, `3` = 11L, `4` = 4L, `5` = 6L, `6` = 7L, `7` = 8L, 
    `8` = 6L, `9` = 5L, `10` = 4L, `11` = 5L, `12` = 4L, `13` = 6L, 
    `14` = 3L, `16` = 2L, `17` = 2L, `18` = 2L, `19` = 1L, `20` = 1L, 
    `21` = 2L, `22` = 1L, `23` = 1L, `24` = 2L, `26` = 2L, `29` = 1L, 
    `30` = 1L, `31` = 1L, `32` = 1L, `34` = 1L, `36` = 1L, `40` = 1L, 
    `41` = 2L, `43` = 1L, `44` = 1L, `49` = 1L), .Dim = 35L, .Dimnames = structure(list(
        c("1", "2", "3", "4", "5", "6", "7", "8", "9", "10", 
        "11", "12", "13", "14", "16", "17", "18", "19", "20", 
        "21", "22", "23", "24", "26", "29", "30", "31", "32", 
        "34", "36", "40", "41", "43", "44", "49")), .Names = ""), class = "table"), 
    No.Tag = structure(c(0L, 0L, 0L, 0L, 0L, 21L, 0L, 0L, 0L, 
    3L, 0L, 0L), .Dim = 4:3, .Dimnames = structure(list(c("-1", 
    "0", "1", NA), c("A", "G", NA)), .Names = c("", "")), class = "table"), 
    All.Tags = list(Concordant = list(Freqs = structure(c(0, 
    5, 0, 1, 123, 1), .Dim = 3:2, .Dimnames = list(c("-1", "0", 
    "1"), c("A", "G"))), N = 130), Majority = list(Freqs = structure(c(0, 
    5, 0, 1, 139, 1), .Dim = 3:2, .Dimnames = list(c("-1", "0", 
    "1"), c("A", "G"))), N = 146)), `2` = structure(c(0, 0, 0, 
    0, 104, 0), .Dim = 3:2, .Dimnames = list(c("-1", "0", "1"
    ), c("A", "G"))))))
