Results <-
list(`bwaOutput/20210421msiMNRsJenny/155502_S50.sam` = list(LR49_SNP1 = list(
    All = list(Freqs = structure(c(43L, 4944L, 1L, 5L, 17L, 4331L, 
    0L, 6L, 0L, 1L, 0L, 0L, 0L, 101L, 0L, 0L), .Dim = c(4L, 4L
    ), .Dimnames = structure(list(c("-1", "0", "1", NA), c("A", 
    "G", "T", NA)), .Names = c("", "")), class = "table"), N = 9449L), 
    Tag.Distribution = structure(c(`1` = 239L, `2` = 77L, `3` = 60L, 
    `4` = 50L, `5` = 61L, `6` = 50L, `7` = 34L, `8` = 49L, `9` = 34L, 
    `10` = 33L, `11` = 25L, `12` = 26L, `13` = 11L, `14` = 17L, 
    `15` = 20L, `16` = 16L, `17` = 19L, `18` = 15L, `19` = 8L, 
    `20` = 17L, `21` = 11L, `22` = 7L, `23` = 10L, `24` = 11L, 
    `25` = 5L, `26` = 5L, `27` = 6L, `28` = 6L, `29` = 5L, `30` = 4L, 
    `31` = 5L, `32` = 9L, `33` = 3L, `34` = 7L, `35` = 1L, `36` = 3L, 
    `37` = 3L, `38` = 4L, `39` = 4L, `40` = 3L, `41` = 1L, `44` = 2L, 
    `45` = 2L, `46` = 1L, `49` = 2L, `50` = 1L, `51` = 1L, `54` = 1L, 
    `56` = 1L, `57` = 2L), .Dim = 50L, .Dimnames = structure(list(
        c("1", "2", "3", "4", "5", "6", "7", "8", "9", "10", 
        "11", "12", "13", "14", "15", "16", "17", "18", "19", 
        "20", "21", "22", "23", "24", "25", "26", "27", "28", 
        "29", "30", "31", "32", "33", "34", "35", "36", "37", 
        "38", "39", "40", "41", "44", "45", "46", "49", "50", 
        "51", "54", "56", "57")), .Names = ""), class = "table"), 
    No.Tag = structure(c(1L, 213L, 0L, 2L, 0L, 89L, 0L, 2L, 0L, 
    0L, 0L, 0L, 0L, 10L, 0L, 0L), .Dim = c(4L, 4L), .Dimnames = structure(list(
        c("-1", "0", "1", NA), c("A", "G", "T", NA)), .Names = c("", 
    "")), class = "table"), All.Tags = list(Concordant = list(
        Freqs = structure(c(1, 427, 0, 1, 409, 0, 0, 0, 0), .Dim = c(3L, 
        3L), .Dimnames = list(c("-1", "0", "1"), c("A", "G", 
        "T"))), N = 838), Majority = list(Freqs = structure(c(1, 
    494, 0, 1, 465, 0, 0, 0, 0), .Dim = c(3L, 3L), .Dimnames = list(
        c("-1", "0", "1"), c("A", "G", "T"))), N = 961)), `2` = structure(c(1, 
    380, 0, 1, 357, 0, 0, 0, 0), .Dim = c(3L, 3L), .Dimnames = list(
        c("-1", "0", "1"), c("A", "G", "T"))))))
