Results <-
list(`bwaOutput/20210421msiMNRsJenny/155501_S32.sam` = list(IM16_SNP1 = list(
    All = list(Freqs = structure(c(2L, 32L, 3369L, 47L, 2L, 1L, 
    1L, 30L, 3581L, 51L, 0L, 8L, 0L, 0L, 1L, 0L, 0L, 0L, 0L, 
    1L, 104L, 4L, 0L, 0L), .Dim = c(6L, 4L), .Dimnames = structure(list(
        c("-2", "-1", "0", "1", "2", NA), c("A", "G", "T", NA
        )), .Names = c("", "")), class = "table"), N = 7234L), 
    Tag.Distribution = structure(c(`1` = 308L, `2` = 181L, `3` = 148L, 
    `4` = 121L, `5` = 100L, `6` = 96L, `7` = 77L, `8` = 51L, 
    `9` = 63L, `10` = 42L, `11` = 26L, `12` = 26L, `13` = 18L, 
    `14` = 15L, `15` = 18L, `16` = 12L, `17` = 13L, `18` = 6L, 
    `19` = 3L, `20` = 5L, `21` = 5L, `22` = 3L, `23` = 2L, `25` = 4L, 
    `26` = 1L, `29` = 1L, `31` = 1L, `35` = 1L), .Dim = 28L, .Dimnames = structure(list(
        c("1", "2", "3", "4", "5", "6", "7", "8", "9", "10", 
        "11", "12", "13", "14", "15", "16", "17", "18", "19", 
        "20", "21", "22", "23", "25", "26", "29", "31", "35")), .Names = ""), class = "table"), 
    No.Tag = structure(c(0L, 2L, 77L, 2L, 0L, 1L, 0L, 1L, 97L, 
    2L, 0L, 0L, 0L, 0L, 0L, 0L, 0L, 0L, 0L, 0L, 16L, 0L, 0L, 
    0L), .Dim = c(6L, 4L), .Dimnames = structure(list(c("-2", 
    "-1", "0", "1", "2", NA), c("A", "G", "T", NA)), .Names = c("", 
    "")), class = "table"), All.Tags = list(Concordant = list(
        Freqs = structure(c(0, 2, 501, 3, 0, 0, 1, 568, 0, 0, 
        0, 0, 0, 0, 0), .Dim = c(5L, 3L), .Dimnames = list(c("-2", 
        "-1", "0", "1", "2"), c("A", "G", "T"))), N = 1075), 
        Majority = list(Freqs = structure(c(0, 2, 624, 3, 0, 
        0, 1, 678, 0, 0, 0, 0, 0, 0, 0), .Dim = c(5L, 3L), .Dimnames = list(
            c("-2", "-1", "0", "1", "2"), c("A", "G", "T"))), 
            N = 1308)), `2` = structure(c(0, 1, 492, 0, 0, 0, 
    1, 516, 0, 0, 0, 0, 0, 0, 0), .Dim = c(5L, 3L), .Dimnames = list(
        c("-2", "-1", "0", "1", "2"), c("A", "G", "T"))))))
