Results <-
list(`bwaOutput/20210421msiMNRsJenny/155501_S32.sam` = list(GM22_SNP1 = list(
    All = list(Freqs = structure(c(6L, 130L, 8852L, 28L, 1L, 
    15L, 0L, 0L, 3L, 0L, 0L, 0L, 0L, 0L, 1L, 0L, 0L, 0L, 0L, 
    2L, 136L, 2L, 0L, 0L), .Dim = c(6L, 4L), .Dimnames = structure(list(
        c("-2", "-1", "0", "1", "2", NA), c("A", "G", "T", NA
        )), .Names = c("", "")), class = "table"), N = 9176L), 
    Tag.Distribution = structure(c(`1` = 309L, `2` = 189L, `3` = 194L, 
    `4` = 134L, `5` = 123L, `6` = 100L, `7` = 88L, `8` = 80L, 
    `9` = 65L, `10` = 44L, `11` = 47L, `12` = 38L, `13` = 34L, 
    `14` = 18L, `15` = 23L, `16` = 21L, `17` = 14L, `18` = 5L, 
    `19` = 7L, `20` = 3L, `21` = 6L, `22` = 8L, `23` = 2L, `24` = 1L, 
    `25` = 3L, `26` = 1L, `27` = 6L, `29` = 1L, `31` = 1L), .Dim = 29L, .Dimnames = structure(list(
        c("1", "2", "3", "4", "5", "6", "7", "8", "9", "10", 
        "11", "12", "13", "14", "15", "16", "17", "18", "19", 
        "20", "21", "22", "23", "24", "25", "26", "27", "29", 
        "31")), .Names = ""), class = "table"), No.Tag = structure(c(0L, 
    3L, 293L, 3L, 0L, 1L, 0L, 0L, 0L, 0L, 0L, 0L, 0L, 0L, 0L, 
    0L, 0L, 0L, 0L, 1L, 10L, 0L, 0L, 0L), .Dim = c(6L, 4L), .Dimnames = structure(list(
        c("-2", "-1", "0", "1", "2", NA), c("A", "G", "T", NA
        )), .Names = c("", "")), class = "table"), All.Tags = list(
        Concordant = list(Freqs = structure(c(0, 2, 1400, 0, 
        0, 0, 0, 0, 0, 0, 0, 0, 0, 0, 0), .Dim = c(5L, 3L), .Dimnames = list(
            c("-2", "-1", "0", "1", "2"), c("A", "G", "T"))), 
            N = 1402), Majority = list(Freqs = structure(c(0, 
        2, 1538, 1, 0, 0, 0, 0, 0, 0, 0, 0, 0, 0, 0), .Dim = c(5L, 
        3L), .Dimnames = list(c("-2", "-1", "0", "1", "2"), c("A", 
        "G", "T"))), N = 1541)), `2` = structure(c(0, 0, 1248, 
    1, 0, 0, 0, 0, 0, 0, 0, 0, 0, 0, 0), .Dim = c(5L, 3L), .Dimnames = list(
        c("-2", "-1", "0", "1", "2"), c("A", "G", "T"))))))
