Results <-
list(`bwaOutput/20210421msiMNRsJenny/155502_S50.sam` = list(GM07_SNP1 = list(
    All = list(Freqs = structure(c(0L, 0L, 1L, 0L, 0L, 0L, 3L, 
    79L, 1699L, 46L, 2L, 26L, 2L, 174L, 3685L, 83L, 1L, 63L, 
    0L, 2L, 105L, 1L, 0L, 0L), .Dim = c(6L, 4L), .Dimnames = structure(list(
        c("-2", "-1", "0", "1", "2", NA), c("-", "A", "G", NA
        )), .Names = c("", "")), class = "table"), N = 5972L), 
    Tag.Distribution = structure(c(`1` = 137L, `2` = 40L, `3` = 30L, 
    `4` = 36L, `5` = 34L, `6` = 30L, `7` = 16L, `8` = 16L, `9` = 16L, 
    `10` = 23L, `11` = 19L, `12` = 14L, `13` = 12L, `14` = 12L, 
    `15` = 10L, `16` = 12L, `17` = 5L, `18` = 7L, `19` = 11L, 
    `20` = 8L, `21` = 3L, `22` = 6L, `23` = 7L, `24` = 4L, `25` = 5L, 
    `26` = 3L, `27` = 4L, `28` = 8L, `29` = 5L, `30` = 3L, `31` = 4L, 
    `32` = 3L, `33` = 2L, `34` = 2L, `35` = 2L, `36` = 1L, `37` = 2L, 
    `38` = 2L, `39` = 2L, `40` = 4L, `41` = 3L, `42` = 2L, `43` = 1L, 
    `44` = 2L, `46` = 1L, `47` = 1L, `48` = 1L, `49` = 1L, `51` = 1L, 
    `52` = 1L, `83` = 1L), .Dim = 51L, .Dimnames = structure(list(
        c("1", "2", "3", "4", "5", "6", "7", "8", "9", "10", 
        "11", "12", "13", "14", "15", "16", "17", "18", "19", 
        "20", "21", "22", "23", "24", "25", "26", "27", "28", 
        "29", "30", "31", "32", "33", "34", "35", "36", "37", 
        "38", "39", "40", "41", "42", "43", "44", "46", "47", 
        "48", "49", "51", "52", "83")), .Names = ""), class = "table"), 
    No.Tag = structure(c(0L, 0L, 0L, 0L, 0L, 0L, 0L, 1L, 42L, 
    0L, 0L, 3L, 0L, 0L, 91L, 0L, 0L, 8L, 0L, 0L, 5L, 0L, 0L, 
    0L), .Dim = c(6L, 4L), .Dimnames = structure(list(c("-2", 
    "-1", "0", "1", "2", NA), c("-", "A", "G", NA)), .Names = c("", 
    "")), class = "table"), All.Tags = list(Concordant = list(
        Freqs = structure(c(0, 0, 0, 0, 0, 0, 1, 94, 0, 0, 0, 
        2, 242, 2, 0), .Dim = c(5L, 3L), .Dimnames = list(c("-2", 
        "-1", "0", "1", "2"), c("-", "A", "G"))), N = 341), Majority = list(
        Freqs = structure(c(0, 0, 0, 0, 0, 0, 1, 157, 0, 0, 0, 
        3, 383, 3, 0), .Dim = c(5L, 3L), .Dimnames = list(c("-2", 
        "-1", "0", "1", "2"), c("-", "A", "G"))), N = 547)), 
    `2` = structure(c(0, 0, 0, 0, 0, 0, 1, 123, 0, 0, 0, 1, 302, 
    1, 0), .Dim = c(5L, 3L), .Dimnames = list(c("-2", "-1", "0", 
    "1", "2"), c("-", "A", "G"))))))
