Results <-
list(`bwaOutput/20210421msiMNRsJenny/155502_S50.sam` = list(LR44_SNP1 = list(
    All = list(Freqs = structure(c(0L, 3L, 116L, 1783L, 29L, 
    0L, 9L, 1L, 8L, 214L, 1866L, 47L, 1L, 16L, 0L, 0L, 4L, 73L, 
    3L, 0L, 0L), .Dim = c(7L, 3L), .Dimnames = structure(list(
        c("-4", "-2", "-1", "0", "1", "2", NA), c("C", "T", NA
        )), .Names = c("", "")), class = "table"), N = 4173L), 
    Tag.Distribution = structure(c(`1` = 96L, `2` = 26L, `3` = 18L, 
    `4` = 23L, `5` = 13L, `6` = 19L, `7` = 25L, `8` = 16L, `9` = 21L, 
    `10` = 12L, `11` = 12L, `12` = 12L, `13` = 10L, `14` = 7L, 
    `15` = 6L, `16` = 7L, `17` = 4L, `18` = 4L, `19` = 5L, `20` = 4L, 
    `21` = 2L, `22` = 7L, `23` = 5L, `24` = 4L, `25` = 2L, `26` = 2L, 
    `27` = 2L, `28` = 3L, `29` = 5L, `30` = 2L, `31` = 6L, `32` = 2L, 
    `33` = 1L, `35` = 5L, `36` = 2L, `37` = 2L, `38` = 1L, `39` = 1L, 
    `40` = 2L, `42` = 1L, `43` = 1L, `47` = 1L, `50` = 1L, `53` = 1L, 
    `61` = 1L, `69` = 1L), .Dim = 46L, .Dimnames = structure(list(
        c("1", "2", "3", "4", "5", "6", "7", "8", "9", "10", 
        "11", "12", "13", "14", "15", "16", "17", "18", "19", 
        "20", "21", "22", "23", "24", "25", "26", "27", "28", 
        "29", "30", "31", "32", "33", "35", "36", "37", "38", 
        "39", "40", "42", "43", "47", "50", "53", "61", "69")), .Names = ""), class = "table"), 
    No.Tag = structure(c(0L, 0L, 2L, 33L, 0L, 0L, 1L, 0L, 0L, 
    9L, 37L, 0L, 0L, 0L, 0L, 0L, 0L, 6L, 1L, 0L, 0L), .Dim = c(7L, 
    3L), .Dimnames = structure(list(c("-4", "-2", "-1", "0", 
    "1", "2", NA), c("C", "T", NA)), .Names = c("", "")), class = "table"), 
    All.Tags = list(Concordant = list(Freqs = structure(c(0, 
    0, 1, 108, 0, 0, 0, 0, 4, 106, 2, 0), .Dim = c(6L, 2L), .Dimnames = list(
        c("-4", "-2", "-1", "0", "1", "2"), c("C", "T"))), N = 221), 
        Majority = list(Freqs = structure(c(0, 0, 2, 180, 0, 
        0, 0, 0, 8, 200, 2, 0), .Dim = c(6L, 2L), .Dimnames = list(
            c("-4", "-2", "-1", "0", "1", "2"), c("C", "T"))), 
            N = 392)), `2` = structure(c(0, 0, 1, 147, 0, 0, 
    0, 0, 6, 148, 0, 0), .Dim = c(6L, 2L), .Dimnames = list(c("-4", 
    "-2", "-1", "0", "1", "2"), c("C", "T"))))))
