Results <-
list(`bwaOutput/20210421msiMNRsJenny/155501_S32.sam` = list(LR11_SNP1 = list(
    All = list(Freqs = structure(c(0L, 0L, 10L, 0L, 0L, 0L, 3L, 
    188L, 9254L, 66L, 1L, 24L, 0L, 14L, 415L, 4L, 0L, 0L), .Dim = c(6L, 
    3L), .Dimnames = structure(list(c("-2", "-1", "0", "1", "2", 
    NA), c("A", "C", NA)), .Names = c("", "")), class = "table"), 
        N = 9979L), Tag.Distribution = structure(c(`1` = 312L, 
    `2` = 206L, `3` = 177L, `4` = 147L, `5` = 125L, `6` = 94L, 
    `7` = 115L, `8` = 89L, `9` = 71L, `10` = 59L, `11` = 60L, 
    `12` = 38L, `13` = 27L, `14` = 24L, `15` = 23L, `16` = 14L, 
    `17` = 13L, `18` = 10L, `19` = 14L, `20` = 6L, `21` = 6L, 
    `22` = 7L, `23` = 3L, `24` = 4L, `25` = 1L, `26` = 1L, `27` = 3L, 
    `28` = 1L, `29` = 2L, `30` = 1L, `31` = 2L, `39` = 1L, `42` = 1L
    ), .Dim = 33L, .Dimnames = structure(list(c("1", "2", "3", 
    "4", "5", "6", "7", "8", "9", "10", "11", "12", "13", "14", 
    "15", "16", "17", "18", "19", "20", "21", "22", "23", "24", 
    "25", "26", "27", "28", "29", "30", "31", "39", "42")), .Names = ""), class = "table"), 
    No.Tag = structure(c(0L, 0L, 0L, 0L, 0L, 0L, 1L, 6L, 182L, 
    4L, 0L, 2L, 0L, 1L, 10L, 0L, 0L, 0L), .Dim = c(6L, 3L), .Dimnames = structure(list(
        c("-2", "-1", "0", "1", "2", NA), c("A", "C", NA)), .Names = c("", 
    "")), class = "table"), All.Tags = list(Concordant = list(
        Freqs = structure(c(0, 0, 2, 0, 0, 0, 5, 1413, 4, 0), .Dim = c(5L, 
        2L), .Dimnames = list(c("-2", "-1", "0", "1", "2"), c("A", 
        "C"))), N = 1424), Majority = list(Freqs = structure(c(0, 
    0, 2, 0, 0, 0, 5, 1602, 5, 0), .Dim = c(5L, 2L), .Dimnames = list(
        c("-2", "-1", "0", "1", "2"), c("A", "C"))), N = 1614)), 
    `2` = structure(c(0, 0, 0, 0, 0, 0, 2, 1331, 1, 0), .Dim = c(5L, 
    2L), .Dimnames = list(c("-2", "-1", "0", "1", "2"), c("A", 
    "C"))))))
