Results <-
list(`bwaOutput/20210421msiMNRsJenny/155502_S50.sam` = list(GM29_SNP1 = list(
    All = list(Freqs = structure(c(3L, 152L, 8635L, 29L, 12L, 
    0L, 1L, 42L, 0L, 2L, 1L, 1L, 74L, 1L, 0L), .Dim = c(5L, 3L
    ), .Dimnames = structure(list(c("-2", "-1", "0", "1", NA), 
        c("A", "G", NA)), .Names = c("", "")), class = "table"), 
        N = 8953L), Tag.Distribution = structure(c(`1` = 150L, 
    `2` = 40L, `3` = 34L, `4` = 33L, `5` = 32L, `6` = 21L, `7` = 26L, 
    `8` = 25L, `9` = 18L, `10` = 23L, `11` = 19L, `12` = 19L, 
    `13` = 16L, `14` = 15L, `15` = 9L, `16` = 11L, `17` = 12L, 
    `18` = 13L, `19` = 12L, `20` = 7L, `21` = 16L, `22` = 15L, 
    `23` = 4L, `24` = 5L, `25` = 10L, `26` = 5L, `27` = 7L, `28` = 3L, 
    `29` = 9L, `30` = 1L, `31` = 2L, `32` = 4L, `33` = 5L, `34` = 2L, 
    `35` = 3L, `36` = 2L, `37` = 4L, `38` = 5L, `39` = 2L, `40` = 3L, 
    `41` = 3L, `42` = 3L, `43` = 3L, `45` = 1L, `46` = 1L, `47` = 4L, 
    `49` = 2L, `50` = 1L, `51` = 2L, `52` = 2L, `53` = 1L, `55` = 3L, 
    `56` = 6L, `57` = 1L, `58` = 1L, `60` = 1L, `61` = 2L, `62` = 2L, 
    `65` = 2L, `73` = 1L, `96` = 1L), .Dim = 61L, .Dimnames = structure(list(
        c("1", "2", "3", "4", "5", "6", "7", "8", "9", "10", 
        "11", "12", "13", "14", "15", "16", "17", "18", "19", 
        "20", "21", "22", "23", "24", "25", "26", "27", "28", 
        "29", "30", "31", "32", "33", "34", "35", "36", "37", 
        "38", "39", "40", "41", "42", "43", "45", "46", "47", 
        "49", "50", "51", "52", "53", "55", "56", "57", "58", 
        "60", "61", "62", "65", "73", "96")), .Names = ""), class = "table"), 
    No.Tag = structure(c(0L, 1L, 203L, 0L, 1L, 0L, 0L, 3L, 0L, 
    1L, 0L, 0L, 5L, 0L, 0L), .Dim = c(5L, 3L), .Dimnames = structure(list(
        c("-2", "-1", "0", "1", NA), c("A", "G", NA)), .Names = c("", 
    "")), class = "table"), All.Tags = list(Concordant = list(
        Freqs = structure(c(0, 3, 537, 0, 0, 1, 9, 0), .Dim = c(4L, 
        2L), .Dimnames = list(c("-2", "-1", "0", "1"), c("A", 
        "G"))), N = 550), Majority = list(Freqs = structure(c(0, 
    4, 662, 0, 0, 1, 11, 0), .Dim = c(4L, 2L), .Dimnames = list(
        c("-2", "-1", "0", "1"), c("A", "G"))), N = 678)), `2` = structure(c(0, 
    3, 529, 0, 0, 0, 2, 0), .Dim = c(4L, 2L), .Dimnames = list(
        c("-2", "-1", "0", "1"), c("A", "G"))))))
