Results <-
list(`bwaOutput/20210421msiMNRsJenny/155502_S50.sam` = list(GM01_SNP1 = list(
    All = list(Freqs = structure(c(60L, 4770L, 23L, 6L, 1L, 27L, 
    0L, 0L, 1L, 79L, 0L, 0L), .Dim = 4:3, .Dimnames = structure(list(
        c("-1", "0", "1", NA), c("A", "G", NA)), .Names = c("", 
    "")), class = "table"), N = 4967L), Tag.Distribution = structure(c(`1` = 124L, 
    `2` = 37L, `3` = 34L, `4` = 13L, `5` = 27L, `6` = 14L, `7` = 25L, 
    `8` = 15L, `9` = 11L, `10` = 11L, `11` = 18L, `12` = 9L, 
    `13` = 13L, `14` = 11L, `15` = 9L, `16` = 8L, `17` = 10L, 
    `18` = 10L, `19` = 8L, `20` = 6L, `21` = 4L, `22` = 4L, `23` = 5L, 
    `24` = 8L, `25` = 4L, `26` = 4L, `27` = 5L, `28` = 6L, `29` = 1L, 
    `30` = 1L, `31` = 3L, `32` = 4L, `33` = 2L, `34` = 4L, `35` = 2L, 
    `36` = 4L, `37` = 3L, `38` = 1L, `39` = 2L, `40` = 1L, `43` = 1L, 
    `44` = 1L, `45` = 2L, `46` = 2L, `61` = 1L), .Dim = 45L, .Dimnames = structure(list(
        c("1", "2", "3", "4", "5", "6", "7", "8", "9", "10", 
        "11", "12", "13", "14", "15", "16", "17", "18", "19", 
        "20", "21", "22", "23", "24", "25", "26", "27", "28", 
        "29", "30", "31", "32", "33", "34", "35", "36", "37", 
        "38", "39", "40", "43", "44", "45", "46", "61")), .Names = ""), class = "table"), 
    No.Tag = structure(c(1L, 71L, 2L, 1L, 0L, 0L, 0L, 0L, 0L, 
    24L, 0L, 0L), .Dim = 4:3, .Dimnames = structure(list(c("-1", 
    "0", "1", NA), c("A", "G", NA)), .Names = c("", "")), class = "table"), 
    All.Tags = list(Concordant = list(Freqs = structure(c(0, 
    410, 0, 0, 7, 0), .Dim = 3:2, .Dimnames = list(c("-1", "0", 
    "1"), c("A", "G"))), N = 417), Majority = list(Freqs = structure(c(0, 
    473, 0, 0, 8, 0), .Dim = 3:2, .Dimnames = list(c("-1", "0", 
    "1"), c("A", "G"))), N = 481)), `2` = structure(c(0, 363, 
    0, 0, 1, 0), .Dim = 3:2, .Dimnames = list(c("-1", "0", "1"
    ), c("A", "G"))))))
