Results <-
list(`bwaOutput/20210421msiMNRsJenny/155501_S32.sam` = list(IM49_SNP1 = list(
    All = list(Freqs = structure(c(0L, 87L, 2048L, 57L, 0L, 24L, 
    1L, 59L, 1751L, 38L, 1L, 9L, 0L, 1L, 0L, 0L, 0L, 0L, 0L, 
    1L, 143L, 3L, 0L, 0L), .Dim = c(6L, 4L), .Dimnames = structure(list(
        c("-2", "-1", "0", "1", "2", NA), c("C", "G", "T", NA
        )), .Names = c("", "")), class = "table"), N = 4223L), 
    Tag.Distribution = structure(c(`1` = 255L, `2` = 151L, `3` = 123L, 
    `4` = 91L, `5` = 60L, `6` = 49L, `7` = 33L, `8` = 32L, `9` = 29L, 
    `10` = 22L, `11` = 17L, `12` = 21L, `13` = 16L, `14` = 15L, 
    `15` = 5L, `16` = 2L, `17` = 3L, `18` = 4L, `19` = 3L, `20` = 2L, 
    `21` = 1L, `25` = 1L, `31` = 1L), .Dim = 23L, .Dimnames = structure(list(
        c("1", "2", "3", "4", "5", "6", "7", "8", "9", "10", 
        "11", "12", "13", "14", "15", "16", "17", "18", "19", 
        "20", "21", "25", "31")), .Names = ""), class = "table"), 
    No.Tag = structure(c(0L, 1L, 40L, 1L, 0L, 0L, 0L, 3L, 56L, 
    1L, 0L, 0L, 0L, 0L, 0L, 0L, 0L, 0L, 0L, 0L, 8L, 0L, 0L, 0L
    ), .Dim = c(6L, 4L), .Dimnames = structure(list(c("-2", "-1", 
    "0", "1", "2", NA), c("C", "G", "T", NA)), .Names = c("", 
    "")), class = "table"), All.Tags = list(Concordant = list(
        Freqs = structure(c(0, 6, 349, 3, 0, 0, 5, 332, 2, 0, 
        0, 0, 0, 0, 0), .Dim = c(5L, 3L), .Dimnames = list(c("-2", 
        "-1", "0", "1", "2"), c("C", "G", "T"))), N = 697), Majority = list(
        Freqs = structure(c(0, 6, 450, 4, 0, 0, 5, 417, 2, 0, 
        0, 0, 0, 0, 0), .Dim = c(5L, 3L), .Dimnames = list(c("-2", 
        "-1", "0", "1", "2"), c("C", "G", "T"))), N = 884)), 
    `2` = structure(c(0, 3, 343, 2, 0, 0, 1, 305, 0, 0, 0, 0, 
    0, 0, 0), .Dim = c(5L, 3L), .Dimnames = list(c("-2", "-1", 
    "0", "1", "2"), c("C", "G", "T"))))))
