Results <-
list(`bwaOutput/20210421msiMNRsJenny/155501_S32.sam` = list(LR20_SNP1 = list(
    All = list(Freqs = structure(c(0L, 2L, 0L, 0L, 8L, 6504L, 
    9L, 4L, 0L, 7L, 0L, 0L, 1L, 10L, 0L, 0L), .Dim = c(4L, 4L
    ), .Dimnames = structure(list(c("-1", "0", "1", NA), c("-", 
    "A", "G", NA)), .Names = c("", "")), class = "table"), N = 6545L), 
    Tag.Distribution = structure(c(`1` = 329L, `2` = 221L, `3` = 155L, 
    `4` = 119L, `5` = 102L, `6` = 75L, `7` = 59L, `8` = 51L, 
    `9` = 40L, `10` = 28L, `11` = 22L, `12` = 21L, `13` = 10L, 
    `14` = 15L, `15` = 15L, `16` = 8L, `17` = 8L, `18` = 3L, 
    `19` = 5L, `20` = 6L, `21` = 7L, `22` = 3L, `23` = 2L, `24` = 2L, 
    `25` = 3L, `27` = 1L, `29` = 1L, `30` = 1L, `32` = 1L, `33` = 1L, 
    `50` = 1L), .Dim = 31L, .Dimnames = structure(list(c("1", 
    "2", "3", "4", "5", "6", "7", "8", "9", "10", "11", "12", 
    "13", "14", "15", "16", "17", "18", "19", "20", "21", "22", 
    "23", "24", "25", "27", "29", "30", "32", "33", "50")), .Names = ""), class = "table"), 
    No.Tag = structure(c(0L, 0L, 0L, 0L, 0L, 232L, 1L, 1L, 0L, 
    1L, 0L, 0L, 0L, 2L, 0L, 0L), .Dim = c(4L, 4L), .Dimnames = structure(list(
        c("-1", "0", "1", NA), c("-", "A", "G", NA)), .Names = c("", 
    "")), class = "table"), All.Tags = list(Concordant = list(
        Freqs = structure(c(0, 0, 0, 1, 1288, 0, 0, 2, 0), .Dim = c(3L, 
        3L), .Dimnames = list(c("-1", "0", "1"), c("-", "A", 
        "G"))), N = 1291), Majority = list(Freqs = structure(c(0, 
    0, 0, 1, 1305, 0, 0, 2, 0), .Dim = c(3L, 3L), .Dimnames = list(
        c("-1", "0", "1"), c("-", "A", "G"))), N = 1308)), `2` = structure(c(0, 
    0, 0, 0, 983, 0, 0, 0, 0), .Dim = c(3L, 3L), .Dimnames = list(
        c("-1", "0", "1"), c("-", "A", "G"))))))
