Results <-
list(`bwaOutput/20210421msiMNRsJenny/155501_S32.sam` = list(GM09_SNP1 = list(
    All = list(Freqs = structure(c(0L, 1L, 0L, 0L, 58L, 9998L, 
    19L, 1L, 1L, 11L, 0L, 1L, 0L, 1L, 0L, 0L, 1L, 67L, 0L, 0L
    ), .Dim = 4:5, .Dimnames = structure(list(c("-1", "0", "1", 
    NA), c("-", "A", "G", "T", NA)), .Names = c("", "")), class = "table"), 
        N = 10159L), Tag.Distribution = structure(c(`1` = 340L, 
    `2` = 242L, `3` = 205L, `4` = 141L, `5` = 137L, `6` = 126L, 
    `7` = 92L, `8` = 73L, `9` = 66L, `10` = 45L, `11` = 58L, 
    `12` = 40L, `13` = 36L, `14` = 28L, `15` = 22L, `16` = 14L, 
    `17` = 17L, `18` = 9L, `19` = 9L, `20` = 5L, `21` = 7L, `22` = 1L, 
    `23` = 3L, `24` = 5L, `25` = 1L, `26` = 4L, `27` = 4L, `28` = 3L, 
    `29` = 1L, `31` = 1L, `39` = 2L, `40` = 1L), .Dim = 32L, .Dimnames = structure(list(
        c("1", "2", "3", "4", "5", "6", "7", "8", "9", "10", 
        "11", "12", "13", "14", "15", "16", "17", "18", "19", 
        "20", "21", "22", "23", "24", "25", "26", "27", "28", 
        "29", "31", "39", "40")), .Names = ""), class = "table"), 
    No.Tag = structure(c(0L, 0L, 0L, 0L, 2L, 321L, 2L, 0L, 0L, 
    1L, 0L, 0L, 0L, 0L, 0L, 0L, 0L, 6L, 0L, 0L), .Dim = 4:5, .Dimnames = structure(list(
        c("-1", "0", "1", NA), c("-", "A", "G", "T", NA)), .Names = c("", 
    "")), class = "table"), All.Tags = list(Concordant = list(
        Freqs = structure(c(0, 0, 0, 4, 1651, 1, 1, 4, 0, 0, 
        0, 0), .Dim = 3:4, .Dimnames = list(c("-1", "0", "1"), 
            c("-", "A", "G", "T"))), N = 1661), Majority = list(
        Freqs = structure(c(0, 0, 0, 4, 1711, 2, 1, 4, 0, 0, 
        0, 0), .Dim = 3:4, .Dimnames = list(c("-1", "0", "1"), 
            c("-", "A", "G", "T"))), N = 1722)), `2` = structure(c(0, 
    0, 0, 0, 1393, 1, 0, 0, 0, 0, 0, 0), .Dim = 3:4, .Dimnames = list(
        c("-1", "0", "1"), c("-", "A", "G", "T"))))))
