Results <-
list(`bwaOutput/20210421msiMNRsJenny/155501_S32.sam` = list(LR46_SNP1 = list(
    All = list(Freqs = structure(c(0L, 1L, 0L, 0L, 15L, 5736L, 
    28L, 24L, 0L, 23L, 0L, 1L, 1L, 44L, 1L, 0L), .Dim = c(4L, 
    4L), .Dimnames = structure(list(c("-1", "0", "1", NA), c("A", 
    "G", "T", NA)), .Names = c("", "")), class = "table"), N = 5874L), 
    Tag.Distribution = structure(c(`1` = 275L, `2` = 154L, `3` = 118L, 
    `4` = 107L, `5` = 66L, `6` = 71L, `7` = 62L, `8` = 33L, `9` = 39L, 
    `10` = 32L, `11` = 26L, `12` = 22L, `13` = 20L, `14` = 16L, 
    `15` = 10L, `16` = 8L, `17` = 9L, `18` = 6L, `19` = 5L, `20` = 1L, 
    `21` = 5L, `22` = 3L, `23` = 3L, `24` = 2L, `25` = 3L, `26` = 1L, 
    `31` = 1L, `35` = 1L), .Dim = 28L, .Dimnames = structure(list(
        c("1", "2", "3", "4", "5", "6", "7", "8", "9", "10", 
        "11", "12", "13", "14", "15", "16", "17", "18", "19", 
        "20", "21", "22", "23", "24", "25", "26", "31", "35")), .Names = ""), class = "table"), 
    No.Tag = structure(c(0L, 1L, 0L, 0L, 1L, 226L, 1L, 5L, 0L, 
    0L, 0L, 1L, 1L, 5L, 0L, 0L), .Dim = c(4L, 4L), .Dimnames = structure(list(
        c("-1", "0", "1", NA), c("A", "G", "T", NA)), .Names = c("", 
    "")), class = "table"), All.Tags = list(Concordant = list(
        Freqs = structure(c(0, 0, 0, 2, 1053, 2, 0, 5, 0), .Dim = c(3L, 
        3L), .Dimnames = list(c("-1", "0", "1"), c("A", "G", 
        "T"))), N = 1062), Majority = list(Freqs = structure(c(0, 
    0, 0, 2, 1078, 2, 0, 5, 0), .Dim = c(3L, 3L), .Dimnames = list(
        c("-1", "0", "1"), c("A", "G", "T"))), N = 1087)), `2` = structure(c(0, 
    0, 0, 0, 819, 1, 0, 2, 0), .Dim = c(3L, 3L), .Dimnames = list(
        c("-1", "0", "1"), c("A", "G", "T"))))))
