Results <-
list(`bwaOutput/20210421msiMNRsJenny/155502_S50.sam` = list(LR46_SNP1 = list(
    All = list(Freqs = structure(c(1L, 30L, 7886L, 42L, 1L, 25L, 
    0L, 0L, 110L, 0L, 0L, 0L, 0L, 0L, 49L, 0L, 0L, 0L), .Dim = c(6L, 
    3L), .Dimnames = structure(list(c("-2", "-1", "0", "1", "2", 
    NA), c("G", "T", NA)), .Names = c("", "")), class = "table"), 
        N = 8144L), Tag.Distribution = structure(c(`1` = 190L, 
    `2` = 45L, `3` = 39L, `4` = 26L, `5` = 32L, `6` = 17L, `7` = 18L, 
    `8` = 25L, `9` = 19L, `10` = 21L, `11` = 16L, `12` = 14L, 
    `13` = 9L, `14` = 13L, `15` = 18L, `16` = 12L, `17` = 14L, 
    `18` = 12L, `19` = 11L, `20` = 7L, `21` = 14L, `22` = 8L, 
    `23` = 7L, `24` = 11L, `25` = 10L, `26` = 2L, `27` = 5L, 
    `28` = 7L, `29` = 5L, `30` = 4L, `31` = 6L, `32` = 2L, `33` = 2L, 
    `34` = 3L, `35` = 2L, `36` = 6L, `37` = 3L, `38` = 2L, `39` = 4L, 
    `40` = 2L, `41` = 2L, `42` = 4L, `43` = 1L, `44` = 4L, `45` = 1L, 
    `46` = 2L, `47` = 4L, `49` = 1L, `50` = 3L, `51` = 1L, `52` = 1L, 
    `53` = 1L, `54` = 2L, `56` = 1L, `57` = 1L, `59` = 1L, `62` = 1L, 
    `63` = 1L, `98` = 1L), .Dim = 59L, .Dimnames = structure(list(
        c("1", "2", "3", "4", "5", "6", "7", "8", "9", "10", 
        "11", "12", "13", "14", "15", "16", "17", "18", "19", 
        "20", "21", "22", "23", "24", "25", "26", "27", "28", 
        "29", "30", "31", "32", "33", "34", "35", "36", "37", 
        "38", "39", "40", "41", "42", "43", "44", "45", "46", 
        "47", "49", "50", "51", "52", "53", "54", "56", "57", 
        "59", "62", "63", "98")), .Names = ""), class = "table"), 
    No.Tag = structure(c(0L, 2L, 180L, 1L, 0L, 2L, 0L, 0L, 4L, 
    0L, 0L, 0L, 0L, 0L, 5L, 0L, 0L, 0L), .Dim = c(6L, 3L), .Dimnames = structure(list(
        c("-2", "-1", "0", "1", "2", NA), c("G", "T", NA)), .Names = c("", 
    "")), class = "table"), All.Tags = list(Concordant = list(
        Freqs = structure(c(0, 3, 628, 2, 0, 0, 0, 7, 0, 0), .Dim = c(5L, 
        2L), .Dimnames = list(c("-2", "-1", "0", "1", "2"), c("G", 
        "T"))), N = 640), Majority = list(Freqs = structure(c(0, 
    3, 675, 2, 0, 0, 0, 8, 0, 0), .Dim = c(5L, 2L), .Dimnames = list(
        c("-2", "-1", "0", "1", "2"), c("G", "T"))), N = 688)), 
    `2` = structure(c(0, 0, 502, 1, 0, 0, 0, 1, 0, 0), .Dim = c(5L, 
    2L), .Dimnames = list(c("-2", "-1", "0", "1", "2"), c("G", 
    "T"))))))
