Results <-
list(`bwaOutput/20210421msiMNRsJenny/155502_S50.sam` = list(GM14_SNP1 = list(
    All = list(Freqs = structure(c(0L, 2L, 98L, 2339L, 22L, 8L, 
    2L, 5L, 58L, 2808L, 11L, 4L, 0L, 0L, 0L, 74L, 2L, 0L), .Dim = c(6L, 
    3L), .Dimnames = structure(list(c("-3", "-2", "-1", "0", 
    "1", NA), c("C", "T", NA)), .Names = c("", "")), class = "table"), 
        N = 5433L), Tag.Distribution = structure(c(`1` = 129L, 
    `2` = 34L, `3` = 28L, `4` = 37L, `5` = 32L, `6` = 21L, `7` = 18L, 
    `8` = 13L, `9` = 25L, `10` = 11L, `11` = 10L, `12` = 14L, 
    `13` = 11L, `14` = 15L, `15` = 16L, `16` = 11L, `17` = 11L, 
    `18` = 13L, `19` = 8L, `20` = 5L, `21` = 7L, `22` = 4L, `23` = 2L, 
    `24` = 1L, `25` = 5L, `26` = 9L, `27` = 5L, `28` = 5L, `29` = 2L, 
    `31` = 3L, `32` = 2L, `33` = 4L, `35` = 2L, `37` = 1L, `38` = 3L, 
    `39` = 7L, `40` = 1L, `42` = 1L, `43` = 1L, `44` = 1L, `46` = 1L, 
    `47` = 1L, `48` = 1L, `49` = 1L, `50` = 1L, `52` = 1L, `56` = 1L
    ), .Dim = 47L, .Dimnames = structure(list(c("1", "2", "3", 
    "4", "5", "6", "7", "8", "9", "10", "11", "12", "13", "14", 
    "15", "16", "17", "18", "19", "20", "21", "22", "23", "24", 
    "25", "26", "27", "28", "29", "31", "32", "33", "35", "37", 
    "38", "39", "40", "42", "43", "44", "46", "47", "48", "49", 
    "50", "52", "56")), .Names = ""), class = "table"), No.Tag = structure(c(0L, 
    1L, 5L, 62L, 0L, 0L, 0L, 0L, 1L, 61L, 0L, 1L, 0L, 0L, 0L, 
    5L, 0L, 0L), .Dim = c(6L, 3L), .Dimnames = structure(list(
        c("-3", "-2", "-1", "0", "1", NA), c("C", "T", NA)), .Names = c("", 
    "")), class = "table"), All.Tags = list(Concordant = list(
        Freqs = structure(c(0, 0, 1, 164, 1, 0, 0, 1, 232, 0), .Dim = c(5L, 
        2L), .Dimnames = list(c("-3", "-2", "-1", "0", "1"), 
            c("C", "T"))), N = 399), Majority = list(Freqs = structure(c(0, 
    0, 1, 228, 1, 0, 0, 1, 293, 0), .Dim = c(5L, 2L), .Dimnames = list(
        c("-3", "-2", "-1", "0", "1"), c("C", "T"))), N = 524)), 
    `2` = structure(c(0, 0, 0, 181, 0, 0, 0, 0, 221, 0), .Dim = c(5L, 
    2L), .Dimnames = list(c("-3", "-2", "-1", "0", "1"), c("C", 
    "T"))))))
