Results <-
list(`bwaOutput/20210421msiMNRsJenny/155501_S32.sam` = list(GM07_SNP1 = list(
    All = list(Freqs = structure(c(0L, 0L, 0L, 4L, 0L, 0L, 0L, 
    1L, 7L, 291L, 5546L, 172L, 1L, 104L, 0L, 0L, 0L, 0L, 0L, 
    0L, 1L, 0L, 0L, 2L, 5L, 0L, 0L, 0L, 0L, 0L, 0L, 1L, 0L, 0L, 
    1L, 0L, 0L, 1L, 77L, 0L, 0L, 0L), .Dim = 7:6, .Dimnames = structure(list(
        c("-3", "-2", "-1", "0", "1", "2", NA), c("-", "A", "C", 
        "G", "T", NA)), .Names = c("", "")), class = "table"), 
        N = 6214L), Tag.Distribution = structure(c(`1` = 264L, 
    `2` = 151L, `3` = 140L, `4` = 95L, `5` = 94L, `6` = 82L, 
    `7` = 72L, `8` = 66L, `9` = 43L, `10` = 32L, `11` = 28L, 
    `12` = 15L, `13` = 20L, `14` = 15L, `15` = 8L, `16` = 6L, 
    `17` = 8L, `18` = 7L, `19` = 6L, `20` = 5L, `21` = 2L, `22` = 3L, 
    `23` = 1L, `24` = 1L, `25` = 2L, `28` = 1L, `29` = 1L, `33` = 1L
    ), .Dim = 28L, .Dimnames = structure(list(c("1", "2", "3", 
    "4", "5", "6", "7", "8", "9", "10", "11", "12", "13", "14", 
    "15", "16", "17", "18", "19", "20", "21", "22", "23", "24", 
    "25", "28", "29", "33")), .Names = ""), class = "table"), 
    No.Tag = structure(c(0L, 0L, 0L, 0L, 0L, 0L, 0L, 0L, 0L, 
    7L, 168L, 2L, 0L, 19L, 0L, 0L, 0L, 0L, 0L, 0L, 0L, 0L, 0L, 
    0L, 1L, 0L, 0L, 0L, 0L, 0L, 0L, 0L, 0L, 0L, 0L, 0L, 0L, 0L, 
    5L, 0L, 0L, 0L), .Dim = 7:6, .Dimnames = structure(list(c("-3", 
    "-2", "-1", "0", "1", "2", NA), c("-", "A", "C", "G", "T", 
    NA)), .Names = c("", "")), class = "table"), All.Tags = list(
        Concordant = list(Freqs = structure(c(0, 0, 0, 0, 0, 
        0, 0, 0, 26, 837, 7, 0, 0, 0, 0, 0, 0, 0, 0, 0, 1, 2, 
        0, 0, 0, 0, 0, 0, 0, 0), .Dim = 6:5, .Dimnames = list(
            c("-3", "-2", "-1", "0", "1", "2"), c("-", "A", "C", 
            "G", "T"))), N = 873), Majority = list(Freqs = structure(c(0, 
        0, 0, 0, 0, 0, 0, 0, 28, 1090, 9, 0, 0, 0, 0, 0, 0, 0, 
        0, 0, 1, 2, 0, 0, 0, 0, 0, 0, 0, 0), .Dim = 6:5, .Dimnames = list(
            c("-3", "-2", "-1", "0", "1", "2"), c("-", "A", "C", 
            "G", "T"))), N = 1130)), `2` = structure(c(0, 0, 
    0, 0, 0, 0, 0, 0, 15, 865, 2, 0, 0, 0, 0, 0, 0, 0, 0, 0, 
    0, 0, 0, 0, 0, 0, 0, 0, 0, 0), .Dim = 6:5, .Dimnames = list(
        c("-3", "-2", "-1", "0", "1", "2"), c("-", "A", "C", 
        "G", "T"))))))
