Results <-
list(`bwaOutput/20210421msiMNRsJenny/155501_S32.sam` = list(LR44_SNP1 = list(
    All = list(Freqs = structure(c(5L, 107L, 1617L, 29L, 3L, 
    10L, 0L, 0L, 9L, 0L, 0L, 0L, 11L, 144L, 1621L, 31L, 1L, 11L, 
    0L, 1L, 75L, 1L, 0L, 0L), .Dim = c(6L, 4L), .Dimnames = structure(list(
        c("-2", "-1", "0", "1", "2", NA), c("C", "G", "T", NA
        )), .Names = c("", "")), class = "table"), N = 3676L), 
    Tag.Distribution = structure(c(`1` = 204L, `2` = 134L, `3` = 100L, 
    `4` = 67L, `5` = 70L, `6` = 47L, `7` = 48L, `8` = 39L, `9` = 25L, 
    `10` = 26L, `11` = 14L, `12` = 17L, `13` = 7L, `14` = 5L, 
    `15` = 4L, `17` = 6L, `18` = 1L, `19` = 2L, `22` = 1L, `30` = 1L
    ), .Dim = 20L, .Dimnames = structure(list(c("1", "2", "3", 
    "4", "5", "6", "7", "8", "9", "10", "11", "12", "13", "14", 
    "15", "17", "18", "19", "22", "30")), .Names = ""), class = "table"), 
    No.Tag = structure(c(0L, 2L, 21L, 0L, 0L, 0L, 0L, 0L, 0L, 
    0L, 0L, 0L, 0L, 2L, 45L, 0L, 0L, 1L, 0L, 0L, 11L, 0L, 0L, 
    0L), .Dim = c(6L, 4L), .Dimnames = structure(list(c("-2", 
    "-1", "0", "1", "2", NA), c("C", "G", "T", NA)), .Names = c("", 
    "")), class = "table"), All.Tags = list(Concordant = list(
        Freqs = structure(c(1, 6, 271, 5, 0, 0, 0, 1, 0, 0, 0, 
        11, 283, 1, 0), .Dim = c(5L, 3L), .Dimnames = list(c("-2", 
        "-1", "0", "1", "2"), c("C", "G", "T"))), N = 579), Majority = list(
        Freqs = structure(c(1, 6, 369, 5, 0, 0, 0, 1, 0, 0, 0, 
        16, 381, 3, 0), .Dim = c(5L, 3L), .Dimnames = list(c("-2", 
        "-1", "0", "1", "2"), c("C", "G", "T"))), N = 782)), 
    `2` = structure(c(0, 2, 288, 2, 0, 0, 0, 1, 0, 0, 0, 9, 282, 
    2, 0), .Dim = c(5L, 3L), .Dimnames = list(c("-2", "-1", "0", 
    "1", "2"), c("C", "G", "T"))))))
