Results <-
list(`bwaOutput/20210421msiMNRsJenny/155501_S32.sam` = list(LR17_SNP1 = list(
    All = list(Freqs = structure(c(1L, 10L, 355L, 9236L, 144L, 
    2L, 1L, 60L, 0L, 0L, 1L, 4L, 0L, 0L, 0L, 0L, 0L, 0L, 1L, 
    1L, 0L, 0L, 0L, 0L, 0L, 0L, 9L, 668L, 4L, 0L, 0L, 0L), .Dim = c(8L, 
    4L), .Dimnames = structure(list(c("-3", "-2", "-1", "0", 
    "1", "2", "3", NA), c("A", "G", "T", NA)), .Names = c("", 
    "")), class = "table"), N = 10497L), Tag.Distribution = structure(c(`1` = 380L, 
    `2` = 181L, `3` = 181L, `4` = 172L, `5` = 138L, `6` = 126L, 
    `7` = 94L, `8` = 78L, `9` = 68L, `10` = 53L, `11` = 62L, 
    `12` = 42L, `13` = 34L, `14` = 31L, `15` = 21L, `16` = 12L, 
    `17` = 20L, `18` = 13L, `19` = 11L, `20` = 11L, `21` = 11L, 
    `22` = 3L, `23` = 4L, `24` = 3L, `25` = 4L, `26` = 2L, `28` = 3L, 
    `29` = 2L), .Dim = 28L, .Dimnames = structure(list(c("1", 
    "2", "3", "4", "5", "6", "7", "8", "9", "10", "11", "12", 
    "13", "14", "15", "16", "17", "18", "19", "20", "21", "22", 
    "23", "24", "25", "26", "28", "29")), .Names = ""), class = "table"), 
    No.Tag = structure(c(0L, 1L, 12L, 284L, 3L, 0L, 0L, 2L, 0L, 
    0L, 0L, 0L, 0L, 0L, 0L, 0L, 0L, 0L, 0L, 0L, 0L, 0L, 0L, 0L, 
    0L, 0L, 0L, 25L, 0L, 0L, 0L, 0L), .Dim = c(8L, 4L), .Dimnames = structure(list(
        c("-3", "-2", "-1", "0", "1", "2", "3", NA), c("A", "G", 
        "T", NA)), .Names = c("", "")), class = "table"), All.Tags = list(
        Concordant = list(Freqs = structure(c(0, 0, 13, 1359, 
        5, 0, 0, 0, 0, 0, 0, 0, 0, 0, 0, 0, 0, 0, 0, 0, 0), .Dim = c(7L, 
        3L), .Dimnames = list(c("-3", "-2", "-1", "0", "1", "2", 
        "3"), c("A", "G", "T"))), N = 1377), Majority = list(
            Freqs = structure(c(0, 0, 18, 1679, 6, 0, 0, 0, 0, 
            0, 0, 0, 0, 0, 0, 0, 0, 0, 0, 0, 0), .Dim = c(7L, 
            3L), .Dimnames = list(c("-3", "-2", "-1", "0", "1", 
            "2", "3"), c("A", "G", "T"))), N = 1703)), `2` = structure(c(0, 
    0, 9, 1348, 2, 0, 0, 0, 0, 0, 0, 0, 0, 0, 0, 0, 0, 0, 0, 
    0, 0), .Dim = c(7L, 3L), .Dimnames = list(c("-3", "-2", "-1", 
    "0", "1", "2", "3"), c("A", "G", "T"))))))
