Results <-
list(`bwaOutput/20210421msiMNRsJenny/155501_S32.sam` = list(DEPDC2_SNP1 = list(
    All = list(Freqs = structure(c(0L, 2L, 0L, 0L, 21L, 2569L, 
    12L, 16L, 16L, 3948L, 19L, 14L, 1L, 88L, 0L, 0L), .Dim = c(4L, 
    4L), .Dimnames = structure(list(c("-1", "0", "1", NA), c("A", 
    "C", "T", NA)), .Names = c("", "")), class = "table"), N = 6706L), 
    Tag.Distribution = structure(c(`1` = 344L, `2` = 191L, `3` = 177L, 
    `4` = 153L, `5` = 127L, `6` = 102L, `7` = 65L, `8` = 63L, 
    `9` = 35L, `10` = 30L, `11` = 29L, `12` = 19L, `13` = 17L, 
    `14` = 15L, `15` = 9L, `16` = 8L, `17` = 9L, `18` = 7L, `19` = 5L, 
    `21` = 1L, `22` = 2L, `23` = 1L, `24` = 1L, `26` = 1L), .Dim = 24L, .Dimnames = structure(list(
        c("1", "2", "3", "4", "5", "6", "7", "8", "9", "10", 
        "11", "12", "13", "14", "15", "16", "17", "18", "19", 
        "21", "22", "23", "24", "26")), .Names = ""), class = "table"), 
    No.Tag = structure(c(0L, 0L, 0L, 0L, 1L, 112L, 0L, 3L, 0L, 
    137L, 0L, 0L, 0L, 10L, 0L, 0L), .Dim = c(4L, 4L), .Dimnames = structure(list(
        c("-1", "0", "1", NA), c("A", "C", "T", NA)), .Names = c("", 
    "")), class = "table"), All.Tags = list(Concordant = list(
        Freqs = structure(c(0, 1, 0, 1, 442, 0, 0, 705, 0), .Dim = c(3L, 
        3L), .Dimnames = list(c("-1", "0", "1"), c("A", "C", 
        "T"))), N = 1149), Majority = list(Freqs = structure(c(0, 
    1, 0, 2, 534, 0, 1, 824, 0), .Dim = c(3L, 3L), .Dimnames = list(
        c("-1", "0", "1"), c("A", "C", "T"))), N = 1362)), `2` = structure(c(0, 
    0, 0, 1, 411, 0, 1, 621, 0), .Dim = c(3L, 3L), .Dimnames = list(
        c("-1", "0", "1"), c("A", "C", "T"))))))
