Results <-
list(`bwaOutput/20210421msiMNRsJenny/155501_S32.sam` = list(LR48_SNP1 = list(
    All = list(Freqs = structure(c(0L, 0L, 3L, 0L, 0L, 0L, 8L, 
    226L, 8006L, 124L, 1L, 33L, 0L, 4L, 192L, 2L, 0L, 0L), .Dim = c(6L, 
    3L), .Dimnames = structure(list(c("-2", "-1", "0", "1", "2", 
    NA), c("A", "C", NA)), .Names = c("", "")), class = "table"), 
        N = 8599L), Tag.Distribution = structure(c(`1` = 198L, 
    `2` = 138L, `3` = 108L, `4` = 102L, `5` = 91L, `6` = 89L, 
    `7` = 67L, `8` = 69L, `9` = 61L, `10` = 43L, `11` = 46L, 
    `12` = 28L, `13` = 32L, `14` = 25L, `15` = 17L, `16` = 18L, 
    `17` = 11L, `18` = 11L, `19` = 13L, `20` = 9L, `21` = 8L, 
    `22` = 9L, `23` = 3L, `24` = 3L, `25` = 2L, `27` = 6L, `28` = 3L, 
    `29` = 2L, `30` = 2L, `31` = 2L, `32` = 1L, `33` = 1L, `37` = 1L, 
    `38` = 1L, `42` = 1L), .Dim = 35L, .Dimnames = structure(list(
        c("1", "2", "3", "4", "5", "6", "7", "8", "9", "10", 
        "11", "12", "13", "14", "15", "16", "17", "18", "19", 
        "20", "21", "22", "23", "24", "25", "27", "28", "29", 
        "30", "31", "32", "33", "37", "38", "42")), .Names = ""), class = "table"), 
    No.Tag = structure(c(0L, 0L, 0L, 0L, 0L, 0L, 0L, 6L, 254L, 
    7L, 0L, 0L, 0L, 1L, 8L, 0L, 0L, 0L), .Dim = c(6L, 3L), .Dimnames = structure(list(
        c("-2", "-1", "0", "1", "2", NA), c("A", "C", NA)), .Names = c("", 
    "")), class = "table"), All.Tags = list(Concordant = list(
        Freqs = structure(c(0, 0, 0, 0, 0, 1, 4, 938, 4, 0), .Dim = c(5L, 
        2L), .Dimnames = list(c("-2", "-1", "0", "1", "2"), c("A", 
        "C"))), N = 947), Majority = list(Freqs = structure(c(0, 
    0, 0, 0, 0, 1, 5, 1185, 4, 0), .Dim = c(5L, 2L), .Dimnames = list(
        c("-2", "-1", "0", "1", "2"), c("A", "C"))), N = 1195)), 
    `2` = structure(c(0, 0, 0, 0, 0, 0, 2, 1008, 0, 0), .Dim = c(5L, 
    2L), .Dimnames = list(c("-2", "-1", "0", "1", "2"), c("A", 
    "C"))))))
