Results <-
list(`bwaOutput/20210421msiMNRsJenny/155501_S32.sam` = list(LR36_SNP1 = list(
    All = list(Freqs = structure(c(0L, 0L, 3L, 54L, 2876L, 19L, 
    0L, 34L, 1L, 1L, 5L, 42L, 2844L, 24L, 1L, 29L, 0L, 0L, 0L, 
    11L, 316L, 5L, 0L, 0L), .Dim = c(8L, 3L), .Dimnames = structure(list(
        c("-4", "-3", "-2", "-1", "0", "1", "2", NA), c("A", 
        "T", NA)), .Names = c("", "")), class = "table"), N = 6265L), 
    Tag.Distribution = structure(c(`1` = 286L, `2` = 188L, `3` = 148L, 
    `4` = 133L, `5` = 95L, `6` = 77L, `7` = 58L, `8` = 48L, `9` = 50L, 
    `10` = 31L, `11` = 33L, `12` = 23L, `13` = 20L, `14` = 11L, 
    `15` = 11L, `16` = 5L, `17` = 3L, `18` = 11L, `19` = 4L, 
    `20` = 2L, `21` = 2L, `22` = 2L, `23` = 1L, `24` = 1L, `25` = 2L, 
    `32` = 1L), .Dim = 26L, .Dimnames = structure(list(c("1", 
    "2", "3", "4", "5", "6", "7", "8", "9", "10", "11", "12", 
    "13", "14", "15", "16", "17", "18", "19", "20", "21", "22", 
    "23", "24", "25", "32")), .Names = ""), class = "table"), 
    No.Tag = structure(c(0L, 0L, 1L, 2L, 92L, 0L, 0L, 7L, 0L, 
    0L, 0L, 2L, 119L, 4L, 0L, 3L, 0L, 0L, 0L, 0L, 32L, 0L, 0L, 
    0L), .Dim = c(8L, 3L), .Dimnames = structure(list(c("-4", 
    "-3", "-2", "-1", "0", "1", "2", NA), c("A", "T", NA)), .Names = c("", 
    "")), class = "table"), All.Tags = list(Concordant = list(
        Freqs = structure(c(0, 0, 0, 4, 513, 0, 0, 0, 0, 1, 1, 
        460, 1, 0), .Dim = c(7L, 2L), .Dimnames = list(c("-4", 
        "-3", "-2", "-1", "0", "1", "2"), c("A", "T"))), N = 980), 
        Majority = list(Freqs = structure(c(0, 0, 0, 5, 606, 
        0, 0, 0, 0, 1, 1, 573, 2, 0), .Dim = c(7L, 2L), .Dimnames = list(
            c("-4", "-3", "-2", "-1", "0", "1", "2"), c("A", 
            "T"))), N = 1188)), `2` = structure(c(0, 0, 0, 1, 
    466, 0, 0, 0, 0, 0, 0, 462, 2, 0), .Dim = c(7L, 2L), .Dimnames = list(
        c("-4", "-3", "-2", "-1", "0", "1", "2"), c("A", "T"))))))
