Results <-
list(`bwaOutput/20210421msiMNRsJenny/156188_S53.sam` = list(GM22_SNP1 = list(
    All = list(Freqs = structure(c(0L, 29L, 61L, 0L, 0L, 30L, 
    4L, 147L, 7558L, 34L, 2L, 11L, 0L, 10L, 189L, 2L, 0L, 0L), .Dim = c(6L, 
    3L), .Dimnames = structure(list(c("-2", "-1", "0", "1", "2", 
    NA), c("A", "G", NA)), .Names = c("", "")), class = "table"), 
        N = 8077L), Tag.Distribution = structure(c(`1` = 151L, 
    `2` = 20L, `3` = 11L, `4` = 10L, `5` = 18L, `6` = 14L, `7` = 23L, 
    `8` = 17L, `9` = 12L, `10` = 21L, `11` = 10L, `12` = 20L, 
    `13` = 11L, `14` = 16L, `15` = 11L, `16` = 10L, `17` = 2L, 
    `18` = 14L, `19` = 15L, `20` = 8L, `21` = 17L, `22` = 8L, 
    `23` = 11L, `24` = 8L, `25` = 11L, `26` = 10L, `27` = 6L, 
    `28` = 8L, `29` = 7L, `30` = 10L, `31` = 6L, `32` = 9L, `33` = 6L, 
    `34` = 4L, `35` = 4L, `36` = 5L, `37` = 1L, `38` = 4L, `40` = 3L, 
    `41` = 7L, `42` = 2L, `43` = 4L, `44` = 1L, `47` = 1L, `49` = 1L, 
    `52` = 2L, `53` = 1L, `54` = 2L, `55` = 1L, `63` = 1L), .Dim = 50L, .Dimnames = structure(list(
        c("1", "2", "3", "4", "5", "6", "7", "8", "9", "10", 
        "11", "12", "13", "14", "15", "16", "17", "18", "19", 
        "20", "21", "22", "23", "24", "25", "26", "27", "28", 
        "29", "30", "31", "32", "33", "34", "35", "36", "37", 
        "38", "40", "41", "42", "43", "44", "47", "49", "52", 
        "53", "54", "55", "63")), .Names = ""), class = "table"), 
    No.Tag = structure(c(0L, 1L, 3L, 0L, 0L, 12L, 0L, 7L, 304L, 
    3L, 0L, 1L, 0L, 0L, 15L, 0L, 0L, 0L), .Dim = c(6L, 3L), .Dimnames = structure(list(
        c("-2", "-1", "0", "1", "2", NA), c("A", "G", NA)), .Names = c("", 
    "")), class = "table"), All.Tags = list(Concordant = list(
        Freqs = structure(c(0, 2, 15, 0, 0, 0, 4, 416, 1, 0), .Dim = c(5L, 
        2L), .Dimnames = list(c("-2", "-1", "0", "1", "2"), c("A", 
        "G"))), N = 438), Majority = list(Freqs = structure(c(0, 
    2, 15, 0, 0, 0, 4, 529, 1, 0), .Dim = c(5L, 2L), .Dimnames = list(
        c("-2", "-1", "0", "1", "2"), c("A", "G"))), N = 551)), 
    `2` = structure(c(0, 1, 2, 0, 0, 0, 2, 418, 0, 0), .Dim = c(5L, 
    2L), .Dimnames = list(c("-2", "-1", "0", "1", "2"), c("A", 
    "G"))))))
