Results <-
list(`bwaOutput/20210421msiMNRsJenny/156188_S53.sam` = list(LR17_SNP1 = list(
    All = list(Freqs = structure(c(1L, 6L, 460L, 11551L, 135L, 
    1L, 76L, 0L, 0L, 0L, 1L, 0L, 0L, 0L, 0L, 0L, 1L, 4L, 0L, 
    0L, 0L, 0L, 0L, 0L, 2L, 0L, 0L, 0L, 0L, 0L, 25L, 908L, 0L, 
    0L, 0L), .Dim = c(7L, 5L), .Dimnames = structure(list(c("-3", 
    "-2", "-1", "0", "1", "2", NA), c("A", "C", "G", "T", NA)), .Names = c("", 
    "")), class = "table"), N = 13171L), Tag.Distribution = structure(c(`1` = 261L, 
    `2` = 34L, `3` = 20L, `4` = 33L, `5` = 25L, `6` = 30L, `7` = 25L, 
    `8` = 17L, `9` = 22L, `10` = 14L, `11` = 21L, `12` = 30L, 
    `13` = 25L, `14` = 19L, `15` = 17L, `16` = 28L, `17` = 21L, 
    `18` = 20L, `19` = 17L, `20` = 19L, `21` = 24L, `22` = 27L, 
    `23` = 29L, `24` = 24L, `25` = 13L, `26` = 13L, `27` = 8L, 
    `28` = 7L, `29` = 11L, `30` = 10L, `31` = 12L, `32` = 7L, 
    `33` = 9L, `34` = 6L, `35` = 6L, `36` = 7L, `37` = 11L, `38` = 4L, 
    `39` = 2L, `40` = 4L, `41` = 5L, `42` = 2L, `43` = 1L, `44` = 2L, 
    `46` = 3L, `47` = 1L, `48` = 5L, `50` = 3L, `51` = 1L, `55` = 2L, 
    `58` = 1L, `60` = 1L, `61` = 1L, `67` = 1L, `70` = 1L, `76` = 1L
    ), .Dim = 56L, .Dimnames = structure(list(c("1", "2", "3", 
    "4", "5", "6", "7", "8", "9", "10", "11", "12", "13", "14", 
    "15", "16", "17", "18", "19", "20", "21", "22", "23", "24", 
    "25", "26", "27", "28", "29", "30", "31", "32", "33", "34", 
    "35", "36", "37", "38", "39", "40", "41", "42", "43", "44", 
    "46", "47", "48", "50", "51", "55", "58", "60", "61", "67", 
    "70", "76")), .Names = ""), class = "table"), No.Tag = structure(c(0L, 
    0L, 21L, 393L, 3L, 1L, 4L, 0L, 0L, 0L, 1L, 0L, 0L, 0L, 0L, 
    0L, 0L, 0L, 0L, 0L, 0L, 0L, 0L, 0L, 0L, 0L, 0L, 0L, 0L, 0L, 
    0L, 29L, 0L, 0L, 0L), .Dim = c(7L, 5L), .Dimnames = structure(list(
        c("-3", "-2", "-1", "0", "1", "2", NA), c("A", "C", "G", 
        "T", NA)), .Names = c("", "")), class = "table"), All.Tags = list(
        Concordant = list(Freqs = structure(c(0, 0, 6, 592, 3, 
        0, 0, 0, 0, 0, 0, 0, 0, 0, 0, 0, 0, 0, 0, 0, 0, 0, 0, 
        0), .Dim = c(6L, 4L), .Dimnames = list(c("-3", "-2", 
        "-1", "0", "1", "2"), c("A", "C", "G", "T"))), N = 601), 
        Majority = list(Freqs = structure(c(0, 0, 7, 913, 3, 
        0, 0, 0, 0, 0, 0, 0, 0, 0, 0, 0, 0, 0, 0, 0, 0, 0, 0, 
        0), .Dim = c(6L, 4L), .Dimnames = list(c("-3", "-2", 
        "-1", "0", "1", "2"), c("A", "C", "G", "T"))), N = 923)), 
    `2` = structure(c(0, 0, 3, 696, 0, 0, 0, 0, 0, 0, 0, 0, 0, 
    0, 0, 0, 0, 0, 0, 0, 0, 0, 0, 0), .Dim = c(6L, 4L), .Dimnames = list(
        c("-3", "-2", "-1", "0", "1", "2"), c("A", "C", "G", 
        "T"))))))
