Results <-
list(`bwaOutput/20210421msiMNRsJenny/156188_S53.sam` = list(LR52_SNP1 = list(
    All = list(Freqs = structure(c(0L, 0L, 0L, 0L, 1L, 0L, 0L, 
    1L, 1L, 31L, 451L, 3740L, 19L, 51L, 0L, 0L, 0L, 1L, 25L, 
    0L, 0L, 0L, 0L, 1L, 15L, 1047L, 9L, 0L), .Dim = c(7L, 4L), .Dimnames = structure(list(
        c("-4", "-3", "-2", "-1", "0", "1", NA), c("A", "C", 
        "T", NA)), .Names = c("", "")), class = "table"), N = 5393L), 
    Tag.Distribution = structure(c(`1` = 64L, `2` = 14L, `3` = 20L, 
    `4` = 13L, `5` = 10L, `6` = 18L, `7` = 18L, `8` = 10L, `9` = 11L, 
    `10` = 11L, `11` = 17L, `12` = 14L, `13` = 7L, `14` = 6L, 
    `15` = 7L, `16` = 10L, `17` = 7L, `18` = 5L, `19` = 11L, 
    `20` = 9L, `21` = 10L, `22` = 9L, `23` = 9L, `24` = 7L, `25` = 9L, 
    `26` = 12L, `27` = 6L, `28` = 7L, `29` = 2L, `30` = 6L, `31` = 8L, 
    `32` = 1L, `33` = 2L, `34` = 2L, `35` = 3L, `36` = 1L, `37` = 4L, 
    `38` = 3L, `39` = 1L, `40` = 1L, `41` = 1L, `42` = 1L, `43` = 1L, 
    `45` = 1L, `51` = 1L, `57` = 1L), .Dim = 46L, .Dimnames = structure(list(
        c("1", "2", "3", "4", "5", "6", "7", "8", "9", "10", 
        "11", "12", "13", "14", "15", "16", "17", "18", "19", 
        "20", "21", "22", "23", "24", "25", "26", "27", "28", 
        "29", "30", "31", "32", "33", "34", "35", "36", "37", 
        "38", "39", "40", "41", "42", "43", "45", "51", "57")), .Names = ""), class = "table"), 
    No.Tag = structure(c(0L, 0L, 0L, 0L, 0L, 0L, 0L, 0L, 0L, 
    3L, 32L, 70L, 0L, 1L, 0L, 0L, 0L, 0L, 0L, 0L, 0L, 0L, 0L, 
    0L, 3L, 23L, 0L, 0L), .Dim = c(7L, 4L), .Dimnames = structure(list(
        c("-4", "-3", "-2", "-1", "0", "1", NA), c("A", "C", 
        "T", NA)), .Names = c("", "")), class = "table"), All.Tags = list(
        Concordant = list(Freqs = structure(c(0, 0, 0, 0, 0, 
        0, 0, 0, 0, 3, 158, 0, 0, 0, 0, 0, 5, 0), .Dim = c(6L, 
        3L), .Dimnames = list(c("-4", "-3", "-2", "-1", "0", 
        "1"), c("A", "C", "T"))), N = 166), Majority = list(Freqs = structure(c(0, 
        0, 0, 0, 0, 0, 0, 0, 0, 7, 349, 0, 0, 0, 0, 0, 6, 0), .Dim = c(6L, 
        3L), .Dimnames = list(c("-4", "-3", "-2", "-1", "0", 
        "1"), c("A", "C", "T"))), N = 362)), `2` = structure(c(0, 
    0, 0, 0, 0, 0, 0, 0, 0, 4, 313, 0, 0, 0, 0, 0, 3, 0), .Dim = c(6L, 
    3L), .Dimnames = list(c("-4", "-3", "-2", "-1", "0", "1"), 
        c("A", "C", "T"))))))
