Results <-
list(`bwaOutput/20210421msiMNRsJenny/156188_S53.sam` = list(LR44_SNP1 = list(
    All = list(Freqs = structure(c(1L, 70L, 720L, 12L, 1L, 2L, 
    0L, 98L, 1210L, 25L, 0L, 7L, 0L, 4L, 50L, 2L, 0L, 0L), .Dim = c(6L, 
    3L), .Dimnames = structure(list(c("-2", "-1", "0", "1", "2", 
    NA), c("C", "T", NA)), .Names = c("", "")), class = "table"), 
        N = 2202L), Tag.Distribution = structure(c(`1` = 43L, 
    `2` = 6L, `3` = 8L, `4` = 6L, `5` = 3L, `6` = 6L, `7` = 5L, 
    `8` = 8L, `9` = 4L, `10` = 5L, `11` = 4L, `12` = 7L, `13` = 6L, 
    `14` = 3L, `15` = 6L, `16` = 3L, `17` = 4L, `18` = 2L, `19` = 2L, 
    `20` = 7L, `21` = 1L, `22` = 2L, `23` = 3L, `24` = 2L, `25` = 4L, 
    `26` = 5L, `27` = 4L, `28` = 3L, `29` = 1L, `30` = 1L, `31` = 2L, 
    `32` = 2L, `33` = 1L, `34` = 2L, `35` = 1L, `36` = 1L, `37` = 1L, 
    `41` = 1L, `50` = 1L, `51` = 1L), .Dim = 40L, .Dimnames = structure(list(
        c("1", "2", "3", "4", "5", "6", "7", "8", "9", "10", 
        "11", "12", "13", "14", "15", "16", "17", "18", "19", 
        "20", "21", "22", "23", "24", "25", "26", "27", "28", 
        "29", "30", "31", "32", "33", "34", "35", "36", "37", 
        "41", "50", "51")), .Names = ""), class = "table"), No.Tag = structure(c(0L, 
    0L, 4L, 0L, 0L, 0L, 0L, 6L, 38L, 3L, 0L, 1L, 0L, 1L, 2L, 
    0L, 0L, 0L), .Dim = c(6L, 3L), .Dimnames = structure(list(
        c("-2", "-1", "0", "1", "2", NA), c("C", "T", NA)), .Names = c("", 
    "")), class = "table"), All.Tags = list(Concordant = list(
        Freqs = structure(c(0, 3, 27, 0, 0, 0, 0, 53, 0, 0), .Dim = c(5L, 
        2L), .Dimnames = list(c("-2", "-1", "0", "1", "2"), c("C", 
        "T"))), N = 83), Majority = list(Freqs = structure(c(0, 
    4, 60, 0, 0, 0, 0, 106, 0, 0), .Dim = c(5L, 2L), .Dimnames = list(
        c("-2", "-1", "0", "1", "2"), c("C", "T"))), N = 170)), 
    `2` = structure(c(0, 1, 48, 0, 0, 0, 0, 84, 0, 0), .Dim = c(5L, 
    2L), .Dimnames = list(c("-2", "-1", "0", "1", "2"), c("C", 
    "T"))))))
