Results <-
list(`bwaOutput/20210421msiMNRsJenny/156188_S53.sam` = list(LR36_SNP1 = list(
    All = list(Freqs = structure(c(1L, 2L, 5L, 57L, 3382L, 40L, 
    29L, 0L, 0L, 0L, 0L, 2L, 0L, 0L, 0L, 0L, 4L, 33L, 1650L, 
    11L, 17L, 0L, 0L, 0L, 4L, 230L, 2L, 0L), .Dim = c(7L, 4L), .Dimnames = structure(list(
        c("-4", "-3", "-2", "-1", "0", "1", NA), c("A", "G", 
        "T", NA)), .Names = c("", "")), class = "table"), N = 5469L), 
    Tag.Distribution = structure(c(`1` = 100L, `2` = 23L, `3` = 21L, 
    `4` = 16L, `5` = 16L, `6` = 20L, `7` = 18L, `8` = 14L, `9` = 11L, 
    `10` = 17L, `11` = 12L, `12` = 22L, `13` = 11L, `14` = 13L, 
    `15` = 9L, `16` = 7L, `17` = 8L, `18` = 11L, `19` = 8L, `20` = 6L, 
    `21` = 11L, `22` = 4L, `23` = 6L, `24` = 8L, `25` = 5L, `26` = 7L, 
    `27` = 7L, `28` = 5L, `29` = 4L, `30` = 6L, `31` = 3L, `32` = 1L, 
    `33` = 3L, `34` = 3L, `35` = 2L, `36` = 1L, `37` = 2L, `38` = 5L, 
    `39` = 2L, `40` = 2L, `43` = 1L, `44` = 1L, `45` = 1L, `46` = 1L, 
    `49` = 1L, `65` = 1L), .Dim = 46L, .Dimnames = structure(list(
        c("1", "2", "3", "4", "5", "6", "7", "8", "9", "10", 
        "11", "12", "13", "14", "15", "16", "17", "18", "19", 
        "20", "21", "22", "23", "24", "25", "26", "27", "28", 
        "29", "30", "31", "32", "33", "34", "35", "36", "37", 
        "38", "39", "40", "43", "44", "45", "46", "49", "65")), .Names = ""), class = "table"), 
    No.Tag = structure(c(0L, 0L, 0L, 2L, 84L, 2L, 1L, 0L, 0L, 
    0L, 0L, 1L, 0L, 0L, 0L, 0L, 0L, 2L, 77L, 0L, 2L, 0L, 0L, 
    0L, 0L, 17L, 0L, 0L), .Dim = c(7L, 4L), .Dimnames = structure(list(
        c("-4", "-3", "-2", "-1", "0", "1", NA), c("A", "G", 
        "T", NA)), .Names = c("", "")), class = "table"), All.Tags = list(
        Concordant = list(Freqs = structure(c(0, 1, 0, 3, 222, 
        1, 0, 0, 0, 0, 0, 0, 0, 0, 0, 0, 98, 1), .Dim = c(6L, 
        3L), .Dimnames = list(c("-4", "-3", "-2", "-1", "0", 
        "1"), c("A", "G", "T"))), N = 326), Majority = list(Freqs = structure(c(0, 
        1, 0, 3, 288, 1, 0, 0, 0, 0, 0, 0, 0, 0, 0, 0, 144, 1
        ), .Dim = c(6L, 3L), .Dimnames = list(c("-4", "-3", "-2", 
        "-1", "0", "1"), c("A", "G", "T"))), N = 438)), `2` = structure(c(0, 
    0, 0, 0, 227, 1, 0, 0, 0, 0, 0, 0, 0, 0, 0, 0, 125, 0), .Dim = c(6L, 
    3L), .Dimnames = list(c("-4", "-3", "-2", "-1", "0", "1"), 
        c("A", "G", "T"))))))
