Results <-
list(`bwaOutput/20210421msiMNRsJenny/156188_S53.sam` = list(GM14_SNP1 = list(
    All = list(Freqs = structure(c(2L, 62L, 1853L, 16L, 8L, 3L, 
    50L, 1836L, 7L, 4L, 0L, 1L, 49L, 0L, 0L), .Dim = c(5L, 3L
    ), .Dimnames = structure(list(c("-2", "-1", "0", "1", NA), 
        c("C", "T", NA)), .Names = c("", "")), class = "table"), 
        N = 3891L), Tag.Distribution = structure(c(`1` = 74L, 
    `2` = 17L, `3` = 16L, `4` = 11L, `5` = 9L, `6` = 11L, `7` = 12L, 
    `8` = 9L, `9` = 13L, `10` = 13L, `11` = 5L, `12` = 9L, `13` = 13L, 
    `14` = 11L, `15` = 5L, `16` = 6L, `17` = 9L, `18` = 8L, `19` = 12L, 
    `20` = 4L, `21` = 6L, `22` = 7L, `23` = 8L, `24` = 7L, `25` = 4L, 
    `26` = 2L, `27` = 3L, `28` = 4L, `29` = 1L, `30` = 7L, `31` = 1L, 
    `32` = 3L, `33` = 2L, `35` = 3L, `36` = 1L, `37` = 2L, `38` = 1L, 
    `39` = 1L, `40` = 1L, `43` = 2L), .Dim = 40L, .Dimnames = structure(list(
        c("1", "2", "3", "4", "5", "6", "7", "8", "9", "10", 
        "11", "12", "13", "14", "15", "16", "17", "18", "19", 
        "20", "21", "22", "23", "24", "25", "26", "27", "28", 
        "29", "30", "31", "32", "33", "35", "36", "37", "38", 
        "39", "40", "43")), .Names = ""), class = "table"), No.Tag = structure(c(0L, 
    0L, 41L, 0L, 0L, 0L, 0L, 45L, 0L, 0L, 0L, 0L, 2L, 0L, 0L), .Dim = c(5L, 
    3L), .Dimnames = structure(list(c("-2", "-1", "0", "1", NA
    ), c("C", "T", NA)), .Names = c("", "")), class = "table"), 
    All.Tags = list(Concordant = list(Freqs = structure(c(0, 
    0, 97, 1, 0, 2, 136, 0), .Dim = c(4L, 2L), .Dimnames = list(
        c("-2", "-1", "0", "1"), c("C", "T"))), N = 236), Majority = list(
        Freqs = structure(c(0, 0, 151, 1, 0, 3, 172, 0), .Dim = c(4L, 
        2L), .Dimnames = list(c("-2", "-1", "0", "1"), c("C", 
        "T"))), N = 327)), `2` = structure(c(0, 0, 124, 0, 0, 
    1, 132, 0), .Dim = c(4L, 2L), .Dimnames = list(c("-2", "-1", 
    "0", "1"), c("C", "T"))))))
