Results <-
list(`bwaOutput/20210421msiMNRsJenny/156188_S53.sam` = list(LR46_SNP1 = list(
    All = list(Freqs = structure(c(0L, 5L, 0L, 1L, 34L, 6333L, 
    20L, 10L, 1L, 45L, 0L, 0L), .Dim = 4:3, .Dimnames = structure(list(
        c("-1", "0", "1", NA), c("G", "T", NA)), .Names = c("", 
    "")), class = "table"), N = 6449L), Tag.Distribution = structure(c(`1` = 142L, 
    `2` = 18L, `3` = 14L, `4` = 11L, `5` = 18L, `6` = 12L, `7` = 15L, 
    `8` = 11L, `9` = 11L, `10` = 14L, `11` = 22L, `12` = 19L, 
    `13` = 17L, `14` = 9L, `15` = 10L, `16` = 12L, `17` = 15L, 
    `18` = 15L, `19` = 6L, `20` = 7L, `21` = 6L, `22` = 6L, `23` = 11L, 
    `24` = 4L, `25` = 5L, `26` = 4L, `27` = 5L, `28` = 6L, `29` = 9L, 
    `30` = 6L, `31` = 4L, `32` = 1L, `33` = 4L, `34` = 5L, `35` = 4L, 
    `36` = 2L, `37` = 2L, `38` = 2L, `39` = 2L, `40` = 2L, `42` = 2L, 
    `43` = 2L, `45` = 2L, `46` = 3L, `48` = 1L, `49` = 1L, `51` = 1L, 
    `53` = 1L, `54` = 2L, `57` = 1L, `58` = 1L, `70` = 1L), .Dim = 52L, .Dimnames = structure(list(
        c("1", "2", "3", "4", "5", "6", "7", "8", "9", "10", 
        "11", "12", "13", "14", "15", "16", "17", "18", "19", 
        "20", "21", "22", "23", "24", "25", "26", "27", "28", 
        "29", "30", "31", "32", "33", "34", "35", "36", "37", 
        "38", "39", "40", "42", "43", "45", "46", "48", "49", 
        "51", "53", "54", "57", "58", "70")), .Names = ""), class = "table"), 
    No.Tag = structure(c(0L, 0L, 0L, 1L, 2L, 196L, 0L, 1L, 0L, 
    3L, 0L, 0L), .Dim = 4:3, .Dimnames = structure(list(c("-1", 
    "0", "1", NA), c("G", "T", NA)), .Names = c("", "")), class = "table"), 
    All.Tags = list(Concordant = list(Freqs = structure(c(0, 
    5, 0, 3, 456, 0), .Dim = 3:2, .Dimnames = list(c("-1", "0", 
    "1"), c("G", "T"))), N = 464), Majority = list(Freqs = structure(c(0, 
    5, 0, 4, 483, 1), .Dim = 3:2, .Dimnames = list(c("-1", "0", 
    "1"), c("G", "T"))), N = 493)), `2` = structure(c(0, 0, 0, 
    2, 361, 1), .Dim = 3:2, .Dimnames = list(c("-1", "0", "1"
    ), c("G", "T"))))))
