Results <-
list(`bwaOutput/20210421msiMNRsJenny/156188_S53.sam` = list(GM29_SNP1 = list(
    All = list(Freqs = structure(c(2L, 6L, 89L, 7228L, 16L, 12L, 
    0L, 0L, 0L, 6L, 0L, 0L, 0L, 0L, 1L, 79L, 1L, 0L), .Dim = c(6L, 
    3L), .Dimnames = structure(list(c("-3", "-2", "-1", "0", 
    "1", NA), c("A", "G", NA)), .Names = c("", "")), class = "table"), 
        N = 7440L), Tag.Distribution = structure(c(`1` = 99L, 
    `2` = 25L, `3` = 24L, `4` = 18L, `5` = 20L, `6` = 19L, `7` = 24L, 
    `8` = 14L, `9` = 15L, `10` = 12L, `11` = 16L, `12` = 12L, 
    `13` = 17L, `14` = 19L, `15` = 10L, `16` = 19L, `17` = 13L, 
    `18` = 12L, `19` = 6L, `20` = 11L, `21` = 9L, `22` = 7L, 
    `23` = 6L, `24` = 3L, `25` = 8L, `26` = 10L, `27` = 6L, `28` = 11L, 
    `29` = 5L, `30` = 6L, `31` = 3L, `32` = 6L, `34` = 1L, `35` = 3L, 
    `36` = 4L, `37` = 5L, `38` = 2L, `39` = 4L, `40` = 2L, `41` = 4L, 
    `42` = 1L, `43` = 2L, `44` = 3L, `45` = 1L, `46` = 1L, `47` = 2L, 
    `48` = 2L, `50` = 1L, `55` = 2L, `57` = 1L, `64` = 1L, `65` = 1L, 
    `67` = 1L, `69` = 1L, `71` = 1L), .Dim = 55L, .Dimnames = structure(list(
        c("1", "2", "3", "4", "5", "6", "7", "8", "9", "10", 
        "11", "12", "13", "14", "15", "16", "17", "18", "19", 
        "20", "21", "22", "23", "24", "25", "26", "27", "28", 
        "29", "30", "31", "32", "34", "35", "36", "37", "38", 
        "39", "40", "41", "42", "43", "44", "45", "46", "47", 
        "48", "50", "55", "57", "64", "65", "67", "69", "71")), .Names = ""), class = "table"), 
    No.Tag = structure(c(0L, 0L, 2L, 226L, 0L, 2L, 0L, 0L, 0L, 
    0L, 0L, 0L, 0L, 0L, 0L, 5L, 0L, 0L), .Dim = c(6L, 3L), .Dimnames = structure(list(
        c("-3", "-2", "-1", "0", "1", NA), c("A", "G", NA)), .Names = c("", 
    "")), class = "table"), All.Tags = list(Concordant = list(
        Freqs = structure(c(0, 0, 2, 438, 0, 0, 0, 0, 2, 0), .Dim = c(5L, 
        2L), .Dimnames = list(c("-3", "-2", "-1", "0", "1"), 
            c("A", "G"))), N = 442), Majority = list(Freqs = structure(c(0, 
    0, 2, 522, 0, 0, 0, 0, 2, 0), .Dim = c(5L, 2L), .Dimnames = list(
        c("-3", "-2", "-1", "0", "1"), c("A", "G"))), N = 526)), 
    `2` = structure(c(0, 0, 0, 429, 0, 0, 0, 0, 1, 0), .Dim = c(5L, 
    2L), .Dimnames = list(c("-3", "-2", "-1", "0", "1"), c("A", 
    "G"))))))
