Results <-
list(`bwaOutput/20210421msiMNRsJenny/156188_S53.sam` = list(IM49_SNP1 = list(
    All = list(Freqs = structure(c(0L, 0L, 1L, 0L, 7L, 0L, 0L, 
    0L, 0L, 2L, 1L, 8L, 195L, 5897L, 157L, 2L, 1L, 32L, 0L, 0L, 
    0L, 4L, 286L, 12L, 0L, 0L, 0L), .Dim = c(9L, 3L), .Dimnames = structure(list(
        c("-4", "-3", "-2", "-1", "0", "1", "2", "3", NA), c("C", 
        "G", NA)), .Names = c("", "")), class = "table"), N = 6605L), 
    Tag.Distribution = structure(c(`1` = 163L, `2` = 46L, `3` = 27L, 
    `4` = 35L, `5` = 33L, `6` = 20L, `7` = 37L, `8` = 19L, `9` = 18L, 
    `10` = 26L, `11` = 19L, `12` = 20L, `13` = 15L, `14` = 19L, 
    `15` = 14L, `16` = 8L, `17` = 11L, `18` = 12L, `19` = 10L, 
    `20` = 17L, `21` = 11L, `22` = 10L, `23` = 9L, `24` = 5L, 
    `25` = 12L, `26` = 4L, `27` = 5L, `28` = 4L, `29` = 4L, `30` = 7L, 
    `31` = 2L, `32` = 4L, `33` = 1L, `34` = 3L, `36` = 2L, `37` = 1L, 
    `39` = 2L, `40` = 1L, `41` = 1L, `42` = 2L, `43` = 1L, `52` = 1L, 
    `57` = 1L, `64` = 1L), .Dim = 44L, .Dimnames = structure(list(
        c("1", "2", "3", "4", "5", "6", "7", "8", "9", "10", 
        "11", "12", "13", "14", "15", "16", "17", "18", "19", 
        "20", "21", "22", "23", "24", "25", "26", "27", "28", 
        "29", "30", "31", "32", "33", "34", "36", "37", "39", 
        "40", "41", "42", "43", "52", "57", "64")), .Names = ""), class = "table"), 
    No.Tag = structure(c(0L, 0L, 0L, 0L, 1L, 0L, 0L, 0L, 0L, 
    0L, 0L, 0L, 4L, 159L, 1L, 0L, 0L, 2L, 0L, 0L, 0L, 0L, 14L, 
    1L, 0L, 0L, 0L), .Dim = c(9L, 3L), .Dimnames = structure(list(
        c("-4", "-3", "-2", "-1", "0", "1", "2", "3", NA), c("C", 
        "G", NA)), .Names = c("", "")), class = "table"), All.Tags = list(
        Concordant = list(Freqs = structure(c(0, 0, 1, 0, 4, 
        0, 0, 0, 1, 0, 0, 11, 403, 7, 0, 0), .Dim = c(8L, 2L), .Dimnames = list(
            c("-4", "-3", "-2", "-1", "0", "1", "2", "3"), c("C", 
            "G"))), N = 427), Majority = list(Freqs = structure(c(0, 
        0, 1, 0, 4, 0, 0, 0, 1, 0, 0, 14, 600, 9, 0, 0), .Dim = c(8L, 
        2L), .Dimnames = list(c("-4", "-3", "-2", "-1", "0", 
        "1", "2", "3"), c("C", "G"))), N = 629)), `2` = structure(c(0, 
    0, 0, 0, 0, 0, 0, 0, 1, 0, 0, 7, 485, 3, 0, 0), .Dim = c(8L, 
    2L), .Dimnames = list(c("-4", "-3", "-2", "-1", "0", "1", 
    "2", "3"), c("C", "G"))))))
