Results <-
list(`bwaOutput/20210421msiMNRsJenny/156188_S53.sam` = list(GM17_SNP1 = list(
    All = list(Freqs = structure(c(0L, 0L, 1L, 0L, 0L, 0L, 118L, 
    9092L, 31L, 10L, 1L, 59L, 3645L, 13L, 1L, 0L, 1L, 465L, 1L, 
    0L), .Dim = 5:4, .Dimnames = structure(list(c("-2", "-1", 
    "0", "1", NA), c("A", "C", "T", NA)), .Names = c("", "")), class = "table"), 
        N = 13438L), Tag.Distribution = structure(c(`1` = 190L, 
    `2` = 31L, `3` = 23L, `4` = 23L, `5` = 34L, `6` = 25L, `7` = 23L, 
    `8` = 18L, `9` = 25L, `10` = 21L, `11` = 33L, `12` = 17L, 
    `13` = 25L, `14` = 19L, `15` = 25L, `16` = 18L, `17` = 10L, 
    `18` = 16L, `19` = 19L, `20` = 24L, `21` = 12L, `22` = 12L, 
    `23` = 13L, `24` = 16L, `25` = 8L, `26` = 16L, `27` = 19L, 
    `28` = 11L, `29` = 9L, `30` = 9L, `31` = 19L, `32` = 6L, 
    `33` = 15L, `34` = 7L, `35` = 11L, `36` = 4L, `37` = 8L, 
    `38` = 6L, `39` = 5L, `40` = 6L, `41` = 5L, `42` = 3L, `43` = 3L, 
    `44` = 6L, `45` = 2L, `46` = 5L, `47` = 3L, `48` = 3L, `49` = 1L, 
    `51` = 1L, `53` = 1L, `54` = 1L, `56` = 1L, `57` = 1L, `60` = 1L, 
    `61` = 2L, `62` = 1L, `63` = 2L, `66` = 1L, `67` = 1L, `68` = 1L, 
    `69` = 1L), .Dim = 62L, .Dimnames = structure(list(c("1", 
    "2", "3", "4", "5", "6", "7", "8", "9", "10", "11", "12", 
    "13", "14", "15", "16", "17", "18", "19", "20", "21", "22", 
    "23", "24", "25", "26", "27", "28", "29", "30", "31", "32", 
    "33", "34", "35", "36", "37", "38", "39", "40", "41", "42", 
    "43", "44", "45", "46", "47", "48", "49", "51", "53", "54", 
    "56", "57", "60", "61", "62", "63", "66", "67", "68", "69"
    )), .Names = ""), class = "table"), No.Tag = structure(c(0L, 
    0L, 0L, 0L, 0L, 0L, 11L, 239L, 0L, 2L, 0L, 3L, 113L, 0L, 
    0L, 0L, 1L, 18L, 0L, 0L), .Dim = 5:4, .Dimnames = structure(list(
        c("-2", "-1", "0", "1", NA), c("A", "C", "T", NA)), .Names = c("", 
    "")), class = "table"), All.Tags = list(Concordant = list(
        Freqs = structure(c(0, 0, 0, 0, 0, 0, 500, 0, 0, 0, 162, 
        0), .Dim = 4:3, .Dimnames = list(c("-2", "-1", "0", "1"
        ), c("A", "C", "T"))), N = 662), Majority = list(Freqs = structure(c(0, 
    0, 0, 0, 0, 1, 620, 0, 0, 0, 230, 0), .Dim = 4:3, .Dimnames = list(
        c("-2", "-1", "0", "1"), c("A", "C", "T"))), N = 851)), 
    `2` = structure(c(0, 0, 0, 0, 0, 1, 502, 0, 0, 0, 179, 0), .Dim = 4:3, .Dimnames = list(
        c("-2", "-1", "0", "1"), c("A", "C", "T"))))))
