Results <-
list(`bwaOutput/20210421msiMNRsJenny/156188_S53.sam` = list(DEPDC2_SNP1 = list(
    All = list(Freqs = structure(c(0L, 1L, 0L, 0L, 29L, 5205L, 
    31L, 17L, 0L, 4L, 0L, 0L, 0L, 65L, 1L, 0L), .Dim = c(4L, 
    4L), .Dimnames = structure(list(c("-1", "0", "1", NA), c("A", 
    "C", "T", NA)), .Names = c("", "")), class = "table"), N = 5353L), 
    Tag.Distribution = structure(c(`1` = 189L, `2` = 32L, `3` = 33L, 
    `4` = 26L, `5` = 21L, `6` = 22L, `7` = 32L, `8` = 19L, `9` = 28L, 
    `10` = 16L, `11` = 16L, `12` = 19L, `13` = 17L, `14` = 12L, 
    `15` = 17L, `16` = 17L, `17` = 9L, `18` = 9L, `19` = 9L, 
    `20` = 12L, `21` = 8L, `22` = 7L, `23` = 8L, `24` = 4L, `25` = 6L, 
    `26` = 4L, `27` = 3L, `28` = 2L, `29` = 1L, `30` = 4L, `31` = 4L, 
    `32` = 1L, `35` = 1L, `37` = 1L, `40` = 1L, `43` = 3L, `49` = 1L, 
    `57` = 1L), .Dim = 38L, .Dimnames = structure(list(c("1", 
    "2", "3", "4", "5", "6", "7", "8", "9", "10", "11", "12", 
    "13", "14", "15", "16", "17", "18", "19", "20", "21", "22", 
    "23", "24", "25", "26", "27", "28", "29", "30", "31", "32", 
    "35", "37", "40", "43", "49", "57")), .Names = ""), class = "table"), 
    No.Tag = structure(c(0L, 0L, 0L, 0L, 1L, 173L, 1L, 0L, 0L, 
    0L, 0L, 0L, 0L, 6L, 0L, 0L), .Dim = c(4L, 4L), .Dimnames = structure(list(
        c("-1", "0", "1", NA), c("A", "C", "T", NA)), .Names = c("", 
    "")), class = "table"), All.Tags = list(Concordant = list(
        Freqs = structure(c(0, 0, 0, 1, 552, 2, 0, 1, 0), .Dim = c(3L, 
        3L), .Dimnames = list(c("-1", "0", "1"), c("A", "C", 
        "T"))), N = 556), Majority = list(Freqs = structure(c(0, 
    0, 0, 1, 601, 2, 0, 1, 0), .Dim = c(3L, 3L), .Dimnames = list(
        c("-1", "0", "1"), c("A", "C", "T"))), N = 605)), `2` = structure(c(0, 
    0, 0, 0, 426, 0, 0, 0, 0), .Dim = c(3L, 3L), .Dimnames = list(
        c("-1", "0", "1"), c("A", "C", "T"))))))
