Results <-
list(`bwaOutput/20210421msiMNRsJenny/156188_S53.sam` = list(GM09_SNP1 = list(
    All = list(Freqs = structure(c(11L, 2664L, 5L, 7L, 22L, 2423L, 
    5L, 1L, 0L, 28L, 0L, 0L), .Dim = 4:3, .Dimnames = structure(list(
        c("-1", "0", "1", NA), c("A", "G", NA)), .Names = c("", 
    "")), class = "table"), N = 5166L), Tag.Distribution = structure(c(`1` = 104L, 
    `2` = 17L, `3` = 16L, `4` = 11L, `5` = 15L, `6` = 14L, `7` = 20L, 
    `8` = 21L, `9` = 12L, `10` = 14L, `11` = 20L, `12` = 16L, 
    `13` = 12L, `14` = 5L, `15` = 3L, `16` = 11L, `17` = 5L, 
    `18` = 11L, `19` = 4L, `20` = 10L, `21` = 7L, `22` = 11L, 
    `23` = 7L, `24` = 3L, `25` = 2L, `26` = 2L, `27` = 4L, `28` = 4L, 
    `29` = 5L, `30` = 5L, `31` = 5L, `32` = 2L, `33` = 4L, `34` = 3L, 
    `35` = 3L, `36` = 3L, `37` = 2L, `38` = 2L, `40` = 4L, `41` = 2L, 
    `46` = 1L, `48` = 1L, `49` = 2L, `52` = 1L, `59` = 1L), .Dim = 45L, .Dimnames = structure(list(
        c("1", "2", "3", "4", "5", "6", "7", "8", "9", "10", 
        "11", "12", "13", "14", "15", "16", "17", "18", "19", 
        "20", "21", "22", "23", "24", "25", "26", "27", "28", 
        "29", "30", "31", "32", "33", "34", "35", "36", "37", 
        "38", "40", "41", "46", "48", "49", "52", "59")), .Names = ""), class = "table"), 
    No.Tag = structure(c(1L, 88L, 0L, 0L, 0L, 108L, 0L, 0L, 0L, 
    6L, 0L, 0L), .Dim = 4:3, .Dimnames = structure(list(c("-1", 
    "0", "1", NA), c("A", "G", NA)), .Names = c("", "")), class = "table"), 
    All.Tags = list(Concordant = list(Freqs = structure(c(0, 
    193, 0, 0, 175, 0), .Dim = 3:2, .Dimnames = list(c("-1", 
    "0", "1"), c("A", "G"))), N = 368), Majority = list(Freqs = structure(c(0, 
    214, 0, 0, 206, 0), .Dim = 3:2, .Dimnames = list(c("-1", 
    "0", "1"), c("A", "G"))), N = 420)), `2` = structure(c(0, 
    158, 0, 0, 164, 0), .Dim = 3:2, .Dimnames = list(c("-1", 
    "0", "1"), c("A", "G"))))))
