Results <-
list(`bwaOutput/20210421msiMNRsJenny/156188_S53.sam` = list(GM07_SNP1 = list(
    All = list(Freqs = structure(c(0L, 0L, 1L, 0L, 0L, 0L, 0L, 
    1L, 4L, 176L, 4138L, 89L, 4L, 76L, 0L, 4L, 115L, 1884L, 48L, 
    1L, 37L, 0L, 0L, 4L, 106L, 2L, 0L, 0L), .Dim = c(7L, 4L), .Dimnames = structure(list(
        c("-3", "-2", "-1", "0", "1", "2", NA), c("-", "A", "G", 
        NA)), .Names = c("", "")), class = "table"), N = 6690L), 
    Tag.Distribution = structure(c(`1` = 120L, `2` = 22L, `3` = 23L, 
    `4` = 22L, `5` = 15L, `6` = 18L, `7` = 10L, `8` = 14L, `9` = 15L, 
    `10` = 20L, `11` = 14L, `12` = 7L, `13` = 22L, `14` = 15L, 
    `15` = 14L, `16` = 17L, `17` = 15L, `18` = 9L, `19` = 8L, 
    `20` = 5L, `21` = 8L, `22` = 12L, `23` = 5L, `24` = 7L, `25` = 7L, 
    `26` = 10L, `27` = 6L, `28` = 7L, `29` = 10L, `30` = 11L, 
    `31` = 7L, `32` = 4L, `33` = 1L, `34` = 5L, `35` = 5L, `36` = 5L, 
    `38` = 1L, `39` = 3L, `40` = 1L, `41` = 3L, `43` = 1L, `45` = 1L, 
    `51` = 2L, `53` = 1L, `55` = 1L), .Dim = 45L, .Dimnames = structure(list(
        c("1", "2", "3", "4", "5", "6", "7", "8", "9", "10", 
        "11", "12", "13", "14", "15", "16", "17", "18", "19", 
        "20", "21", "22", "23", "24", "25", "26", "27", "28", 
        "29", "30", "31", "32", "33", "34", "35", "36", "38", 
        "39", "40", "41", "43", "45", "51", "53", "55")), .Names = ""), class = "table"), 
    No.Tag = structure(c(0L, 0L, 0L, 0L, 0L, 0L, 0L, 0L, 0L, 
    5L, 75L, 1L, 0L, 7L, 0L, 0L, 1L, 33L, 1L, 0L, 7L, 0L, 0L, 
    0L, 7L, 0L, 0L, 0L), .Dim = c(7L, 4L), .Dimnames = structure(list(
        c("-3", "-2", "-1", "0", "1", "2", NA), c("-", "A", "G", 
        NA)), .Names = c("", "")), class = "table"), All.Tags = list(
        Concordant = list(Freqs = structure(c(0, 0, 0, 0, 0, 
        0, 0, 0, 4, 199, 1, 0, 0, 1, 4, 96, 0, 0), .Dim = c(6L, 
        3L), .Dimnames = list(c("-3", "-2", "-1", "0", "1", "2"
        ), c("-", "A", "G"))), N = 305), Majority = list(Freqs = structure(c(0, 
        0, 0, 0, 0, 0, 0, 0, 4, 336, 1, 0, 0, 1, 4, 163, 0, 0
        ), .Dim = c(6L, 3L), .Dimnames = list(c("-3", "-2", "-1", 
        "0", "1", "2"), c("-", "A", "G"))), N = 509)), `2` = structure(c(0, 
    0, 0, 0, 0, 0, 0, 0, 0, 277, 0, 0, 0, 0, 0, 125, 0, 0), .Dim = c(6L, 
    3L), .Dimnames = list(c("-3", "-2", "-1", "0", "1", "2"), 
        c("-", "A", "G"))))))
