Results <-
list(`bwaOutput/20210421msiMNRsJenny/156188_S53.sam` = list(GM26_SNP1 = list(
    All = list(Freqs = structure(c(1L, 52L, 6899L, 20L, 11L, 
    0L, 0L, 2L, 0L, 0L, 0L, 0L, 1L, 0L, 0L, 0L, 1L, 58L, 0L, 
    0L), .Dim = 5:4, .Dimnames = structure(list(c("-2", "-1", 
    "0", "1", NA), c("A", "G", "T", NA)), .Names = c("", "")), class = "table"), 
        N = 7045L), Tag.Distribution = structure(c(`1` = 101L, 
    `2` = 29L, `3` = 14L, `4` = 16L, `5` = 18L, `6` = 14L, `7` = 17L, 
    `8` = 18L, `9` = 16L, `10` = 12L, `11` = 14L, `12` = 14L, 
    `13` = 23L, `14` = 19L, `15` = 17L, `16` = 6L, `17` = 6L, 
    `18` = 6L, `19` = 9L, `20` = 8L, `21` = 11L, `22` = 7L, `23` = 11L, 
    `24` = 10L, `25` = 3L, `26` = 8L, `27` = 6L, `28` = 6L, `29` = 6L, 
    `30` = 4L, `31` = 4L, `32` = 8L, `33` = 7L, `34` = 3L, `35` = 3L, 
    `36` = 5L, `37` = 6L, `38` = 2L, `39` = 3L, `40` = 2L, `41` = 1L, 
    `42` = 2L, `43` = 2L, `44` = 1L, `46` = 2L, `48` = 2L, `49` = 1L, 
    `54` = 2L, `57` = 1L, `62` = 1L, `81` = 1L), .Dim = 51L, .Dimnames = structure(list(
        c("1", "2", "3", "4", "5", "6", "7", "8", "9", "10", 
        "11", "12", "13", "14", "15", "16", "17", "18", "19", 
        "20", "21", "22", "23", "24", "25", "26", "27", "28", 
        "29", "30", "31", "32", "33", "34", "35", "36", "37", 
        "38", "39", "40", "41", "42", "43", "44", "46", "48", 
        "49", "54", "57", "62", "81")), .Names = ""), class = "table"), 
    No.Tag = structure(c(0L, 2L, 215L, 0L, 1L, 0L, 0L, 0L, 0L, 
    0L, 0L, 0L, 0L, 0L, 0L, 0L, 0L, 4L, 0L, 0L), .Dim = 5:4, .Dimnames = structure(list(
        c("-2", "-1", "0", "1", NA), c("A", "G", "T", NA)), .Names = c("", 
    "")), class = "table"), All.Tags = list(Concordant = list(
        Freqs = structure(c(0, 1, 437, 1, 0, 0, 0, 0, 0, 0, 0, 
        0), .Dim = 4:3, .Dimnames = list(c("-2", "-1", "0", "1"
        ), c("A", "G", "T"))), N = 439), Majority = list(Freqs = structure(c(0, 
    1, 499, 1, 0, 0, 0, 0, 0, 0, 0, 0), .Dim = 4:3, .Dimnames = list(
        c("-2", "-1", "0", "1"), c("A", "G", "T"))), N = 501)), 
    `2` = structure(c(0, 0, 407, 0, 0, 0, 0, 0, 0, 0, 0, 0), .Dim = 4:3, .Dimnames = list(
        c("-2", "-1", "0", "1"), c("A", "G", "T"))))))
