Results <-
list(`bwaOutput/20210421msiMNRsJenny/156188_S53.sam` = list(GM01_SNP1 = list(
    All = list(Freqs = structure(c(0L, 1L, 0L, 34L, 2416L, 7L, 
    0L, 5L, 0L, 0L, 26L, 1L), .Dim = 3:4, .Dimnames = structure(list(
        c("-1", "0", "1"), c("-", "A", "G", NA)), .Names = c("", 
    "")), class = "table"), N = 2490L), Tag.Distribution = structure(c(`1` = 56L, 
    `2` = 9L, `3` = 3L, `4` = 6L, `5` = 8L, `6` = 8L, `7` = 7L, 
    `8` = 6L, `9` = 7L, `10` = 8L, `11` = 5L, `12` = 6L, `13` = 4L, 
    `14` = 4L, `15` = 4L, `16` = 6L, `17` = 1L, `18` = 6L, `19` = 4L, 
    `20` = 6L, `21` = 6L, `22` = 4L, `23` = 2L, `24` = 3L, `25` = 4L, 
    `26` = 3L, `27` = 3L, `28` = 2L, `30` = 2L, `31` = 3L, `32` = 2L, 
    `33` = 6L, `34` = 1L, `35` = 1L, `36` = 2L, `40` = 1L, `41` = 1L
    ), .Dim = 37L, .Dimnames = structure(list(c("1", "2", "3", 
    "4", "5", "6", "7", "8", "9", "10", "11", "12", "13", "14", 
    "15", "16", "17", "18", "19", "20", "21", "22", "23", "24", 
    "25", "26", "27", "28", "30", "31", "32", "33", "34", "35", 
    "36", "40", "41")), .Names = ""), class = "table"), No.Tag = structure(c(0L, 
    0L, 0L, 0L, 1L, 56L, 0L, 0L, 0L, 0L, 0L, 0L, 0L, 2L, 0L, 
    0L), .Dim = c(4L, 4L), .Dimnames = structure(list(c("-1", 
    "0", "1", NA), c("-", "A", "G", NA)), .Names = c("", "")), class = "table"), 
    All.Tags = list(Concordant = list(Freqs = structure(c(0, 
    0, 0, 2, 171, 0, 0, 3, 0), .Dim = c(3L, 3L), .Dimnames = list(
        c("-1", "0", "1"), c("-", "A", "G"))), N = 176), Majority = list(
        Freqs = structure(c(0, 0, 0, 2, 201, 0, 0, 3, 0), .Dim = c(3L, 
        3L), .Dimnames = list(c("-1", "0", "1"), c("-", "A", 
        "G"))), N = 206)), `2` = structure(c(0, 0, 0, 0, 154, 
    0, 0, 0, 0), .Dim = c(3L, 3L), .Dimnames = list(c("-1", "0", 
    "1"), c("-", "A", "G"))))))
