Results <-
list(`bwaOutput/20210421msiMNRsJenny/156188_S53.sam` = list(LR49_SNP1 = list(
    All = list(Freqs = structure(c(6L, 4695L, 0L, 3L, 0L, 1L, 
    0L, 0L, 13L, 4746L, 1L, 5L, 0L, 2L, 0L, 0L, 1L, 132L, 0L, 
    0L), .Dim = 4:5, .Dimnames = structure(list(c("-1", "0", 
    "1", NA), c("A", "C", "G", "T", NA)), .Names = c("", "")), class = "table"), 
        N = 9605L), Tag.Distribution = structure(c(`1` = 197L, 
    `2` = 53L, `3` = 38L, `4` = 33L, `5` = 33L, `6` = 41L, `7` = 32L, 
    `8` = 36L, `9` = 38L, `10` = 26L, `11` = 30L, `12` = 23L, 
    `13` = 28L, `14` = 27L, `15` = 24L, `16` = 27L, `17` = 12L, 
    `18` = 13L, `19` = 12L, `20` = 15L, `21` = 7L, `22` = 11L, 
    `23` = 5L, `24` = 5L, `25` = 7L, `26` = 12L, `27` = 11L, 
    `28` = 5L, `29` = 11L, `30` = 4L, `31` = 6L, `32` = 5L, `33` = 4L, 
    `34` = 6L, `35` = 4L, `36` = 2L, `37` = 2L, `38` = 1L, `39` = 2L, 
    `40` = 3L, `41` = 1L, `42` = 1L, `43` = 1L, `44` = 2L, `45` = 2L, 
    `46` = 1L, `47` = 1L, `49` = 2L, `51` = 4L, `54` = 1L, `57` = 1L, 
    `63` = 1L, `66` = 1L), .Dim = 53L, .Dimnames = structure(list(
        c("1", "2", "3", "4", "5", "6", "7", "8", "9", "10", 
        "11", "12", "13", "14", "15", "16", "17", "18", "19", 
        "20", "21", "22", "23", "24", "25", "26", "27", "28", 
        "29", "30", "31", "32", "33", "34", "35", "36", "37", 
        "38", "39", "40", "41", "42", "43", "44", "45", "46", 
        "47", "49", "51", "54", "57", "63", "66")), .Names = ""), class = "table"), 
    No.Tag = structure(c(0L, 156L, 0L, 0L, 0L, 0L, 0L, 0L, 0L, 
    125L, 0L, 2L, 0L, 0L, 0L, 0L, 0L, 12L, 0L, 0L), .Dim = 4:5, .Dimnames = structure(list(
        c("-1", "0", "1", NA), c("A", "C", "G", "T", NA)), .Names = c("", 
    "")), class = "table"), All.Tags = list(Concordant = list(
        Freqs = structure(c(0, 385, 0, 0, 0, 0, 0, 385, 0, 0, 
        0, 0), .Dim = 3:4, .Dimnames = list(c("-1", "0", "1"), 
            c("A", "C", "G", "T"))), N = 770), Majority = list(
        Freqs = structure(c(0, 417, 0, 0, 0, 0, 0, 436, 0, 0, 
        0, 0), .Dim = 3:4, .Dimnames = list(c("-1", "0", "1"), 
            c("A", "C", "G", "T"))), N = 853)), `2` = structure(c(0, 
    326, 0, 0, 0, 0, 0, 342, 0, 0, 0, 0), .Dim = 3:4, .Dimnames = list(
        c("-1", "0", "1"), c("A", "C", "G", "T"))))))
