Results <-
list(`bwaOutput/20210421msiMNRsJenny/156188_S53.sam` = list(LR48_SNP1 = list(
    All = list(Freqs = structure(c(0L, 0L, 0L, 1L, 0L, 0L, 0L, 
    1L, 9L, 245L, 8480L, 127L, 2L, 45L, 0L, 0L, 0L, 1L, 0L, 0L, 
    0L, 0L, 0L, 0L, 8L, 0L, 0L, 0L, 0L, 0L, 5L, 181L, 2L, 0L, 
    0L), .Dim = c(7L, 5L), .Dimnames = structure(list(c("-3", 
    "-2", "-1", "0", "1", "2", NA), c("A", "C", "G", "T", NA)), .Names = c("", 
    "")), class = "table"), N = 9107L), Tag.Distribution = structure(c(`1` = 126L, 
    `2` = 15L, `3` = 17L, `4` = 11L, `5` = 12L, `6` = 13L, `7` = 15L, 
    `8` = 12L, `9` = 15L, `10` = 19L, `11` = 9L, `12` = 12L, 
    `13` = 10L, `14` = 18L, `15` = 13L, `16` = 10L, `17` = 10L, 
    `18` = 11L, `19` = 12L, `20` = 13L, `21` = 11L, `22` = 8L, 
    `23` = 7L, `24` = 6L, `25` = 6L, `26` = 14L, `27` = 13L, 
    `28` = 14L, `29` = 9L, `30` = 13L, `31` = 9L, `32` = 10L, 
    `33` = 12L, `34` = 7L, `35` = 4L, `36` = 5L, `37` = 6L, `38` = 2L, 
    `39` = 4L, `40` = 7L, `41` = 4L, `42` = 1L, `43` = 1L, `44` = 1L, 
    `45` = 3L, `46` = 4L, `48` = 2L, `49` = 2L, `53` = 1L, `56` = 2L, 
    `58` = 1L, `66` = 1L, `71` = 1L), .Dim = 53L, .Dimnames = structure(list(
        c("1", "2", "3", "4", "5", "6", "7", "8", "9", "10", 
        "11", "12", "13", "14", "15", "16", "17", "18", "19", 
        "20", "21", "22", "23", "24", "25", "26", "27", "28", 
        "29", "30", "31", "32", "33", "34", "35", "36", "37", 
        "38", "39", "40", "41", "42", "43", "44", "45", "46", 
        "48", "49", "53", "56", "58", "66", "71")), .Names = ""), class = "table"), 
    No.Tag = structure(c(0L, 0L, 0L, 0L, 0L, 0L, 0L, 0L, 1L, 
    6L, 255L, 6L, 0L, 4L, 0L, 0L, 0L, 0L, 0L, 0L, 0L, 0L, 0L, 
    0L, 0L, 0L, 0L, 0L, 0L, 0L, 0L, 11L, 0L, 0L, 0L), .Dim = c(7L, 
    5L), .Dimnames = structure(list(c("-3", "-2", "-1", "0", 
    "1", "2", NA), c("A", "C", "G", "T", NA)), .Names = c("", 
    "")), class = "table"), All.Tags = list(Concordant = list(
        Freqs = structure(c(0, 0, 0, 0, 0, 0, 0, 0, 4, 330, 0, 
        0, 0, 0, 0, 0, 0, 0, 0, 0, 0, 2, 0, 0), .Dim = c(6L, 
        4L), .Dimnames = list(c("-3", "-2", "-1", "0", "1", "2"
        ), c("A", "C", "G", "T"))), N = 336), Majority = list(
        Freqs = structure(c(0, 0, 0, 0, 0, 0, 0, 0, 4, 542, 0, 
        0, 0, 0, 0, 0, 0, 0, 0, 0, 0, 2, 0, 0), .Dim = c(6L, 
        4L), .Dimnames = list(c("-3", "-2", "-1", "0", "1", "2"
        ), c("A", "C", "G", "T"))), N = 548)), `2` = structure(c(0, 
    0, 0, 0, 0, 0, 0, 0, 0, 436, 0, 0, 0, 0, 0, 0, 0, 0, 0, 0, 
    0, 0, 0, 0), .Dim = c(6L, 4L), .Dimnames = list(c("-3", "-2", 
    "-1", "0", "1", "2"), c("A", "C", "G", "T"))))))
