Results <-
list(`bwaOutput/20210421msiMNRsJenny/156188_S53.sam` = list(LR10_SNP1 = list(
    All = list(Freqs = structure(c(0L, 1L, 0L, 0L, 73L, 3778L, 
    23L, 7L, 35L, 2900L, 22L, 1L, 0L, 94L, 1L, 0L), .Dim = c(4L, 
    4L), .Dimnames = structure(list(c("-1", "0", "1", NA), c("A", 
    "C", "T", NA)), .Names = c("", "")), class = "table"), N = 6935L), 
    Tag.Distribution = structure(c(`1` = 117L, `2` = 28L, `3` = 21L, 
    `4` = 18L, `5` = 17L, `6` = 18L, `7` = 22L, `8` = 11L, `9` = 18L, 
    `10` = 27L, `11` = 17L, `12` = 19L, `13` = 22L, `14` = 8L, 
    `15` = 13L, `16` = 15L, `17` = 11L, `18` = 12L, `19` = 12L, 
    `20` = 16L, `21` = 15L, `22` = 5L, `23` = 6L, `24` = 9L, 
    `25` = 4L, `26` = 4L, `27` = 10L, `28` = 7L, `29` = 12L, 
    `30` = 4L, `31` = 3L, `32` = 8L, `33` = 7L, `34` = 2L, `35` = 1L, 
    `36` = 1L, `37` = 3L, `38` = 2L, `39` = 1L, `40` = 1L, `41` = 1L, 
    `42` = 1L, `43` = 1L, `45` = 1L, `46` = 1L, `47` = 1L, `48` = 1L, 
    `54` = 1L), .Dim = 48L, .Dimnames = structure(list(c("1", 
    "2", "3", "4", "5", "6", "7", "8", "9", "10", "11", "12", 
    "13", "14", "15", "16", "17", "18", "19", "20", "21", "22", 
    "23", "24", "25", "26", "27", "28", "29", "30", "31", "32", 
    "33", "34", "35", "36", "37", "38", "39", "40", "41", "42", 
    "43", "45", "46", "47", "48", "54")), .Names = ""), class = "table"), 
    No.Tag = structure(c(0L, 0L, 0L, 0L, 4L, 169L, 1L, 0L, 1L, 
    111L, 0L, 0L, 0L, 7L, 0L, 0L), .Dim = c(4L, 4L), .Dimnames = structure(list(
        c("-1", "0", "1", NA), c("A", "C", "T", NA)), .Names = c("", 
    "")), class = "table"), All.Tags = list(Concordant = list(
        Freqs = structure(c(0, 0, 0, 0, 224, 0, 0, 200, 0), .Dim = c(3L, 
        3L), .Dimnames = list(c("-1", "0", "1"), c("A", "C", 
        "T"))), N = 424), Majority = list(Freqs = structure(c(0, 
    0, 0, 0, 300, 0, 0, 239, 1), .Dim = c(3L, 3L), .Dimnames = list(
        c("-1", "0", "1"), c("A", "C", "T"))), N = 540)), `2` = structure(c(0, 
    0, 0, 0, 243, 0, 0, 192, 1), .Dim = c(3L, 3L), .Dimnames = list(
        c("-1", "0", "1"), c("A", "C", "T"))))))
