Results <-
list(`bwaOutput/20210421msiMNRsJenny/167234_S54.sam` = list(LR49_SNP1 = list(
    All = list(Freqs = structure(c(5L, 5329L, 2L, 3L, 35L, 5450L, 
    2L, 6L, 1L, 139L, 0L, 0L), .Dim = 4:3, .Dimnames = structure(list(
        c("-1", "0", "1", NA), c("A", "G", NA)), .Names = c("", 
    "")), class = "table"), N = 10972L), Tag.Distribution = structure(c(`1` = 202L, 
    `2` = 75L, `3` = 52L, `4` = 56L, `5` = 56L, `6` = 55L, `7` = 46L, 
    `8` = 53L, `9` = 53L, `10` = 38L, `11` = 42L, `12` = 30L, 
    `13` = 28L, `14` = 20L, `15` = 28L, `16` = 21L, `17` = 32L, 
    `18` = 22L, `19` = 21L, `20` = 19L, `21` = 19L, `22` = 13L, 
    `23` = 10L, `24` = 8L, `25` = 11L, `26` = 2L, `27` = 6L, 
    `28` = 5L, `29` = 4L, `30` = 7L, `31` = 5L, `32` = 4L, `33` = 4L, 
    `34` = 3L, `35` = 1L, `37` = 6L, `38` = 1L, `39` = 3L, `40` = 2L, 
    `41` = 3L, `42` = 2L, `43` = 1L, `45` = 1L, `46` = 1L, `48` = 1L, 
    `49` = 1L, `52` = 1L, `66` = 1L), .Dim = 48L, .Dimnames = structure(list(
        c("1", "2", "3", "4", "5", "6", "7", "8", "9", "10", 
        "11", "12", "13", "14", "15", "16", "17", "18", "19", 
        "20", "21", "22", "23", "24", "25", "26", "27", "28", 
        "29", "30", "31", "32", "33", "34", "35", "37", "38", 
        "39", "40", "41", "42", "43", "45", "46", "48", "49", 
        "52", "66")), .Names = ""), class = "table"), No.Tag = structure(c(1L, 
    265L, 0L, 2L, 0L, 176L, 0L, 0L, 0L, 15L, 0L, 0L), .Dim = 4:3, .Dimnames = structure(list(
        c("-1", "0", "1", NA), c("A", "G", NA)), .Names = c("", 
    "")), class = "table"), All.Tags = list(Concordant = list(
        Freqs = structure(c(0, 450, 0, 1, 502, 0), .Dim = 3:2, .Dimnames = list(
            c("-1", "0", "1"), c("A", "G"))), N = 953), Majority = list(
        Freqs = structure(c(0, 509, 0, 2, 550, 0), .Dim = 3:2, .Dimnames = list(
            c("-1", "0", "1"), c("A", "G"))), N = 1061)), `2` = structure(c(0, 
    421, 0, 2, 443, 0), .Dim = 3:2, .Dimnames = list(c("-1", 
    "0", "1"), c("A", "G"))))))
