Results <-
list(`bwaOutput/20210421msiMNRsJenny/167234_S54.sam` = list(LR10_SNP1 = list(
    All = list(Freqs = structure(c(0L, 0L, 2L, 0L, 0L, 0L, 0L, 
    13L, 0L, 0L, 1L, 138L, 8570L, 32L, 11L, 0L, 0L, 138L, 1L, 
    0L), .Dim = 5:4, .Dimnames = structure(list(c("-2", "-1", 
    "0", "1", NA), c("A", "C", "T", NA)), .Names = c("", "")), class = "table"), 
        N = 8906L), Tag.Distribution = structure(c(`1` = 169L, 
    `2` = 51L, `3` = 38L, `4` = 32L, `5` = 28L, `6` = 38L, `7` = 30L, 
    `8` = 42L, `9` = 24L, `10` = 29L, `11` = 33L, `12` = 28L, 
    `13` = 14L, `14` = 19L, `15` = 13L, `16` = 26L, `17` = 26L, 
    `18` = 12L, `19` = 13L, `20` = 14L, `21` = 17L, `22` = 7L, 
    `23` = 12L, `24` = 12L, `25` = 9L, `26` = 7L, `27` = 9L, 
    `28` = 13L, `29` = 8L, `30` = 9L, `31` = 8L, `32` = 1L, `33` = 2L, 
    `34` = 4L, `35` = 1L, `36` = 2L, `37` = 1L, `39` = 1L, `40` = 1L, 
    `41` = 1L, `43` = 1L, `44` = 3L, `50` = 1L, `51` = 1L, `52` = 1L, 
    `54` = 1L, `56` = 1L, `60` = 1L), .Dim = 48L, .Dimnames = structure(list(
        c("1", "2", "3", "4", "5", "6", "7", "8", "9", "10", 
        "11", "12", "13", "14", "15", "16", "17", "18", "19", 
        "20", "21", "22", "23", "24", "25", "26", "27", "28", 
        "29", "30", "31", "32", "33", "34", "35", "36", "37", 
        "39", "40", "41", "43", "44", "50", "51", "52", "54", 
        "56", "60")), .Names = ""), class = "table"), No.Tag = structure(c(0L, 
    0L, 0L, 0L, 0L, 0L, 0L, 0L, 0L, 0L, 0L, 4L, 182L, 0L, 0L, 
    0L, 0L, 9L, 0L, 0L), .Dim = 5:4, .Dimnames = structure(list(
        c("-2", "-1", "0", "1", NA), c("A", "C", "T", NA)), .Names = c("", 
    "")), class = "table"), All.Tags = list(Concordant = list(
        Freqs = structure(c(0, 0, 0, 0, 0, 0, 4, 0, 0, 3, 662, 
        0), .Dim = 4:3, .Dimnames = list(c("-2", "-1", "0", "1"
        ), c("A", "C", "T"))), N = 669), Majority = list(Freqs = structure(c(0, 
    0, 0, 0, 0, 0, 4, 0, 0, 3, 787, 0), .Dim = 4:3, .Dimnames = list(
        c("-2", "-1", "0", "1"), c("A", "C", "T"))), N = 794)), 
    `2` = structure(c(0, 0, 0, 0, 0, 0, 0, 0, 0, 0, 639, 0), .Dim = 4:3, .Dimnames = list(
        c("-2", "-1", "0", "1"), c("A", "C", "T"))))))
