Results <-
list(`bwaOutput/20210421msiMNRsJenny/167234_S54.sam` = list(IM49_SNP1 = list(
    All = list(Freqs = structure(c(5L, 215L, 6920L, 128L, 3L, 
    46L, 0L, 0L, 13L, 0L, 0L, 0L, 0L, 5L, 140L, 4L, 0L, 0L), .Dim = c(6L, 
    3L), .Dimnames = structure(list(c("-2", "-1", "0", "1", "2", 
    NA), c("C", "G", NA)), .Names = c("", "")), class = "table"), 
        N = 7479L), Tag.Distribution = structure(c(`1` = 203L, 
    `2` = 51L, `3` = 43L, `4` = 31L, `5` = 34L, `6` = 37L, `7` = 29L, 
    `8` = 36L, `9` = 25L, `10` = 29L, `11` = 26L, `12` = 29L, 
    `13` = 18L, `14` = 20L, `15` = 21L, `16` = 18L, `17` = 17L, 
    `18` = 14L, `19` = 12L, `20` = 8L, `21` = 10L, `22` = 11L, 
    `23` = 7L, `24` = 11L, `25` = 1L, `26` = 8L, `27` = 6L, `28` = 6L, 
    `29` = 2L, `30` = 2L, `31` = 4L, `32` = 4L, `33` = 4L, `34` = 1L, 
    `36` = 1L, `37` = 2L, `38` = 1L, `39` = 1L, `40` = 1L, `41` = 1L, 
    `42` = 1L, `43` = 1L, `44` = 1L, `45` = 1L, `47` = 2L, `49` = 1L, 
    `51` = 1L, `62` = 1L), .Dim = 48L, .Dimnames = structure(list(
        c("1", "2", "3", "4", "5", "6", "7", "8", "9", "10", 
        "11", "12", "13", "14", "15", "16", "17", "18", "19", 
        "20", "21", "22", "23", "24", "25", "26", "27", "28", 
        "29", "30", "31", "32", "33", "34", "36", "37", "38", 
        "39", "40", "41", "42", "43", "44", "45", "47", "49", 
        "51", "62")), .Names = ""), class = "table"), No.Tag = structure(c(0L, 
    11L, 147L, 1L, 0L, 0L, 0L, 0L, 1L, 0L, 0L, 0L, 0L, 0L, 9L, 
    0L, 0L, 0L), .Dim = c(6L, 3L), .Dimnames = structure(list(
        c("-2", "-1", "0", "1", "2", NA), c("C", "G", NA)), .Names = c("", 
    "")), class = "table"), All.Tags = list(Concordant = list(
        Freqs = structure(c(0, 3, 545, 3, 0, 0, 0, 9, 0, 0), .Dim = c(5L, 
        2L), .Dimnames = list(c("-2", "-1", "0", "1", "2"), c("C", 
        "G"))), N = 560), Majority = list(Freqs = structure(c(0, 
    6, 755, 3, 0, 0, 0, 9, 0, 0), .Dim = c(5L, 2L), .Dimnames = list(
        c("-2", "-1", "0", "1", "2"), c("C", "G"))), N = 773)), 
    `2` = structure(c(0, 3, 584, 0, 0, 0, 0, 0, 0, 0), .Dim = c(5L, 
    2L), .Dimnames = list(c("-2", "-1", "0", "1", "2"), c("C", 
    "G"))))))
