Results <-
list(`bwaOutput/20210421msiMNRsJenny/167234_S54.sam` = list(GM29_SNP1 = list(
    All = list(Freqs = structure(c(0L, 0L, 0L, 35L, 0L, 0L, 0L, 
    0L, 0L, 1L, 0L, 0L, 1L, 1L, 112L, 7542L, 26L, 21L, 0L, 0L, 
    0L, 1L, 0L, 0L, 0L, 0L, 3L, 90L, 0L, 0L), .Dim = 6:5, .Dimnames = structure(list(
        c("-3", "-2", "-1", "0", "1", NA), c("A", "C", "G", "T", 
        NA)), .Names = c("", "")), class = "table"), N = 7833L), 
    Tag.Distribution = structure(c(`1` = 111L, `2` = 35L, `3` = 29L, 
    `4` = 34L, `5` = 32L, `6` = 30L, `7` = 28L, `8` = 18L, `9` = 20L, 
    `10` = 27L, `11` = 22L, `12` = 22L, `13` = 18L, `14` = 20L, 
    `15` = 11L, `16` = 10L, `17` = 13L, `18` = 11L, `19` = 7L, 
    `20` = 6L, `21` = 10L, `22` = 12L, `23` = 11L, `24` = 3L, 
    `25` = 5L, `26` = 8L, `27` = 4L, `28` = 5L, `29` = 4L, `30` = 7L, 
    `31` = 10L, `32` = 4L, `33` = 2L, `34` = 4L, `35` = 4L, `36` = 3L, 
    `37` = 5L, `39` = 4L, `40` = 1L, `41` = 1L, `42` = 2L, `43` = 2L, 
    `44` = 3L, `45` = 3L, `46` = 1L, `47` = 2L, `48` = 2L, `49` = 1L, 
    `65` = 1L, `67` = 1L, `70` = 1L, `72` = 1L), .Dim = 52L, .Dimnames = structure(list(
        c("1", "2", "3", "4", "5", "6", "7", "8", "9", "10", 
        "11", "12", "13", "14", "15", "16", "17", "18", "19", 
        "20", "21", "22", "23", "24", "25", "26", "27", "28", 
        "29", "30", "31", "32", "33", "34", "35", "36", "37", 
        "39", "40", "41", "42", "43", "44", "45", "46", "47", 
        "48", "49", "65", "67", "70", "72")), .Names = ""), class = "table"), 
    No.Tag = structure(c(0L, 0L, 0L, 1L, 0L, 0L, 0L, 0L, 0L, 
    0L, 0L, 0L, 0L, 1L, 2L, 263L, 0L, 0L, 0L, 0L, 0L, 0L, 0L, 
    0L, 0L, 0L, 0L, 3L, 0L, 0L), .Dim = 6:5, .Dimnames = structure(list(
        c("-3", "-2", "-1", "0", "1", NA), c("A", "C", "G", "T", 
        NA)), .Names = c("", "")), class = "table"), All.Tags = list(
        Concordant = list(Freqs = structure(c(0, 0, 0, 10, 0, 
        0, 0, 0, 0, 0, 0, 0, 0, 507, 0, 0, 0, 0, 0, 0), .Dim = 5:4, .Dimnames = list(
            c("-3", "-2", "-1", "0", "1"), c("A", "C", "G", "T"
            ))), N = 517), Majority = list(Freqs = structure(c(0, 
        0, 0, 11, 0, 0, 0, 0, 0, 0, 0, 0, 0, 610, 0, 0, 0, 0, 
        0, 0), .Dim = 5:4, .Dimnames = list(c("-3", "-2", "-1", 
        "0", "1"), c("A", "C", "G", "T"))), N = 621)), `2` = structure(c(0, 
    0, 0, 1, 0, 0, 0, 0, 0, 0, 0, 0, 0, 518, 0, 0, 0, 0, 0, 0
    ), .Dim = 5:4, .Dimnames = list(c("-3", "-2", "-1", "0", 
    "1"), c("A", "C", "G", "T"))))))
