Results <-
list(`bwaOutput/20210421msiMNRsJenny/167234_S54.sam` = list(DEPDC2_SNP1 = list(
    All = list(Freqs = structure(c(0L, 4L, 0L, 0L, 24L, 3660L, 
    21L, 10L, 0L, 1L, 0L, 0L, 45L, 6543L, 40L, 27L, 1L, 124L, 
    0L, 0L), .Dim = 4:5, .Dimnames = structure(list(c("-1", "0", 
    "1", NA), c("A", "C", "G", "T", NA)), .Names = c("", "")), class = "table"), 
        N = 10500L), Tag.Distribution = structure(c(`1` = 269L, 
    `2` = 71L, `3` = 50L, `4` = 62L, `5` = 45L, `6` = 51L, `7` = 50L, 
    `8` = 49L, `9` = 55L, `10` = 38L, `11` = 37L, `12` = 35L, 
    `13` = 22L, `14` = 35L, `15` = 35L, `16` = 28L, `17` = 29L, 
    `18` = 18L, `19` = 23L, `20` = 15L, `21` = 13L, `22` = 15L, 
    `23` = 10L, `24` = 7L, `25` = 8L, `26` = 8L, `27` = 10L, 
    `28` = 4L, `29` = 4L, `30` = 5L, `31` = 3L, `32` = 5L, `33` = 1L, 
    `34` = 2L, `35` = 2L, `36` = 1L, `37` = 2L, `38` = 3L, `39` = 1L, 
    `40` = 1L, `42` = 1L, `46` = 1L, `48` = 1L, `52` = 1L, `72` = 1L
    ), .Dim = 45L, .Dimnames = structure(list(c("1", "2", "3", 
    "4", "5", "6", "7", "8", "9", "10", "11", "12", "13", "14", 
    "15", "16", "17", "18", "19", "20", "21", "22", "23", "24", 
    "25", "26", "27", "28", "29", "30", "31", "32", "33", "34", 
    "35", "36", "37", "38", "39", "40", "42", "46", "48", "52", 
    "72")), .Names = ""), class = "table"), No.Tag = structure(c(0L, 
    0L, 0L, 0L, 1L, 130L, 1L, 1L, 0L, 1L, 0L, 0L, 2L, 212L, 2L, 
    2L, 0L, 17L, 0L, 0L), .Dim = 4:5, .Dimnames = structure(list(
        c("-1", "0", "1", NA), c("A", "C", "G", "T", NA)), .Names = c("", 
    "")), class = "table"), All.Tags = list(Concordant = list(
        Freqs = structure(c(0, 0, 0, 1, 300, 0, 0, 0, 0, 0, 610, 
        1), .Dim = 3:4, .Dimnames = list(c("-1", "0", "1"), c("A", 
        "C", "G", "T"))), N = 912), Majority = list(Freqs = structure(c(0, 
    0, 0, 1, 384, 0, 0, 0, 0, 0, 711, 1), .Dim = 3:4, .Dimnames = list(
        c("-1", "0", "1"), c("A", "C", "G", "T"))), N = 1097)), 
    `2` = structure(c(0, 0, 0, 0, 300, 0, 0, 0, 0, 0, 548, 0), .Dim = 3:4, .Dimnames = list(
        c("-1", "0", "1"), c("A", "C", "G", "T"))))))
