Results <-
list(`bwaOutput/20210421msiMNRsJenny/167234_S54.sam` = list(GM14_SNP1 = list(
    All = list(Freqs = structure(c(1L, 1L, 114L, 3079L, 31L, 
    8L, 0L, 1L, 86L, 3510L, 13L, 4L, 0L, 0L, 0L, 91L, 0L, 0L), .Dim = c(6L, 
    3L), .Dimnames = structure(list(c("-3", "-2", "-1", "0", 
    "1", NA), c("C", "T", NA)), .Names = c("", "")), class = "table"), 
        N = 6939L), Tag.Distribution = structure(c(`1` = 154L, 
    `2` = 30L, `3` = 30L, `4` = 28L, `5` = 23L, `6` = 31L, `7` = 22L, 
    `8` = 29L, `9` = 21L, `10` = 27L, `11` = 24L, `12` = 20L, 
    `13` = 26L, `14` = 12L, `15` = 17L, `16` = 24L, `17` = 24L, 
    `18` = 14L, `19` = 9L, `20` = 12L, `21` = 10L, `22` = 14L, 
    `23` = 12L, `24` = 11L, `25` = 8L, `26` = 11L, `27` = 4L, 
    `28` = 3L, `29` = 5L, `30` = 3L, `31` = 1L, `32` = 2L, `34` = 1L, 
    `35` = 1L, `36` = 4L, `38` = 1L, `39` = 1L, `40` = 1L, `45` = 1L, 
    `52` = 1L), .Dim = 40L, .Dimnames = structure(list(c("1", 
    "2", "3", "4", "5", "6", "7", "8", "9", "10", "11", "12", 
    "13", "14", "15", "16", "17", "18", "19", "20", "21", "22", 
    "23", "24", "25", "26", "27", "28", "29", "30", "31", "32", 
    "34", "35", "36", "38", "39", "40", "45", "52")), .Names = ""), class = "table"), 
    No.Tag = structure(c(0L, 0L, 2L, 54L, 1L, 0L, 0L, 0L, 1L, 
    101L, 1L, 0L, 0L, 0L, 0L, 4L, 0L, 0L), .Dim = c(6L, 3L), .Dimnames = structure(list(
        c("-3", "-2", "-1", "0", "1", NA), c("C", "T", NA)), .Names = c("", 
    "")), class = "table"), All.Tags = list(Concordant = list(
        Freqs = structure(c(0, 0, 2, 218, 1, 0, 0, 1, 264, 0), .Dim = c(5L, 
        2L), .Dimnames = list(c("-3", "-2", "-1", "0", "1"), 
            c("C", "T"))), N = 486), Majority = list(Freqs = structure(c(0, 
    0, 3, 313, 1, 0, 0, 1, 341, 0), .Dim = c(5L, 2L), .Dimnames = list(
        c("-3", "-2", "-1", "0", "1"), c("C", "T"))), N = 659)), 
    `2` = structure(c(0, 0, 1, 240, 0, 0, 0, 1, 270, 0), .Dim = c(5L, 
    2L), .Dimnames = list(c("-3", "-2", "-1", "0", "1"), c("C", 
    "T"))))))
