Results <-
list(`bwaOutput/20210421msiMNRsJenny/167234_S54.sam` = list(LR46_SNP1 = list(
    All = list(Freqs = structure(c(0L, 1L, 0L, 0L, 0L, 13L, 3491L, 
    32L, 2L, 14L, 34L, 4217L, 11L, 0L, 4L, 1L, 52L, 0L, 0L, 0L
    ), .Dim = 5:4, .Dimnames = structure(list(c("-1", "0", "1", 
    "2", NA), c("C", "G", "T", NA)), .Names = c("", "")), class = "table"), 
        N = 7872L), Tag.Distribution = structure(c(`1` = 132L, 
    `2` = 37L, `3` = 23L, `4` = 24L, `5` = 20L, `6` = 23L, `7` = 23L, 
    `8` = 16L, `9` = 24L, `10` = 28L, `11` = 16L, `12` = 17L, 
    `13` = 23L, `14` = 12L, `15` = 18L, `16` = 9L, `17` = 13L, 
    `18` = 11L, `19` = 13L, `20` = 14L, `21` = 8L, `22` = 8L, 
    `23` = 10L, `24` = 7L, `25` = 8L, `26` = 2L, `27` = 6L, `28` = 11L, 
    `29` = 4L, `30` = 5L, `31` = 5L, `32` = 6L, `33` = 6L, `34` = 6L, 
    `35` = 3L, `36` = 4L, `37` = 4L, `38` = 5L, `39` = 2L, `41` = 1L, 
    `42` = 3L, `43` = 4L, `44` = 1L, `47` = 1L, `50` = 1L, `51` = 1L, 
    `52` = 1L, `53` = 1L, `54` = 1L, `55` = 1L, `56` = 1L, `80` = 1L
    ), .Dim = 52L, .Dimnames = structure(list(c("1", "2", "3", 
    "4", "5", "6", "7", "8", "9", "10", "11", "12", "13", "14", 
    "15", "16", "17", "18", "19", "20", "21", "22", "23", "24", 
    "25", "26", "27", "28", "29", "30", "31", "32", "33", "34", 
    "35", "36", "37", "38", "39", "41", "42", "43", "44", "47", 
    "50", "51", "52", "53", "54", "55", "56", "80")), .Names = ""), class = "table"), 
    No.Tag = structure(c(0L, 0L, 0L, 0L, 0L, 2L, 101L, 0L, 0L, 
    2L, 0L, 136L, 0L, 0L, 0L, 0L, 5L, 0L, 0L, 0L), .Dim = 5:4, .Dimnames = structure(list(
        c("-1", "0", "1", "2", NA), c("C", "G", "T", NA)), .Names = c("", 
    "")), class = "table"), All.Tags = list(Concordant = list(
        Freqs = structure(c(0, 0, 0, 0, 0, 275, 0, 0, 2, 266, 
        0, 0), .Dim = 4:3, .Dimnames = list(c("-1", "0", "1", 
        "2"), c("C", "G", "T"))), N = 543), Majority = list(Freqs = structure(c(0, 
    0, 0, 0, 0, 303, 1, 0, 3, 306, 0, 0), .Dim = 4:3, .Dimnames = list(
        c("-1", "0", "1", "2"), c("C", "G", "T"))), N = 613)), 
    `2` = structure(c(0, 0, 0, 0, 0, 231, 1, 0, 2, 253, 0, 0), .Dim = 4:3, .Dimnames = list(
        c("-1", "0", "1", "2"), c("C", "G", "T"))))))
