Results <-
list(`bwaOutput/20210421msiMNRsJenny/167234_S54.sam` = list(LR36_SNP1 = list(
    All = list(Freqs = structure(c(0L, 1L, 2L, 83L, 3828L, 34L, 
    35L, 0L, 0L, 0L, 0L, 1L, 0L, 0L, 1L, 0L, 5L, 98L, 3605L, 
    24L, 45L, 0L, 0L, 1L, 10L, 451L, 3L, 0L), .Dim = c(7L, 4L
    ), .Dimnames = structure(list(c("-4", "-3", "-2", "-1", "0", 
    "1", NA), c("A", "G", "T", NA)), .Names = c("", "")), class = "table"), 
        N = 8227L), Tag.Distribution = structure(c(`1` = 160L, 
    `2` = 42L, `3` = 30L, `4` = 25L, `5` = 32L, `6` = 37L, `7` = 32L, 
    `8` = 23L, `9` = 26L, `10` = 28L, `11` = 35L, `12` = 20L, 
    `13` = 19L, `14` = 15L, `15` = 15L, `16` = 17L, `17` = 19L, 
    `18` = 20L, `19` = 17L, `20` = 13L, `21` = 17L, `22` = 8L, 
    `23` = 16L, `24` = 11L, `25` = 12L, `26` = 6L, `27` = 11L, 
    `28` = 7L, `29` = 7L, `30` = 4L, `31` = 1L, `32` = 2L, `33` = 5L, 
    `34` = 3L, `35` = 3L, `37` = 1L, `38` = 2L, `39` = 3L, `40` = 1L, 
    `41` = 3L, `42` = 2L, `46` = 1L), .Dim = 42L, .Dimnames = structure(list(
        c("1", "2", "3", "4", "5", "6", "7", "8", "9", "10", 
        "11", "12", "13", "14", "15", "16", "17", "18", "19", 
        "20", "21", "22", "23", "24", "25", "26", "27", "28", 
        "29", "30", "31", "32", "33", "34", "35", "37", "38", 
        "39", "40", "41", "42", "46")), .Names = ""), class = "table"), 
    No.Tag = structure(c(0L, 0L, 0L, 2L, 104L, 1L, 5L, 0L, 0L, 
    0L, 0L, 0L, 0L, 0L, 0L, 0L, 0L, 1L, 71L, 2L, 9L, 0L, 0L, 
    0L, 0L, 22L, 0L, 0L), .Dim = c(7L, 4L), .Dimnames = structure(list(
        c("-4", "-3", "-2", "-1", "0", "1", NA), c("A", "G", 
        "T", NA)), .Names = c("", "")), class = "table"), All.Tags = list(
        Concordant = list(Freqs = structure(c(0, 0, 0, 0, 271, 
        2, 0, 0, 0, 0, 0, 0, 0, 0, 0, 2, 245, 0), .Dim = c(6L, 
        3L), .Dimnames = list(c("-4", "-3", "-2", "-1", "0", 
        "1"), c("A", "G", "T"))), N = 520), Majority = list(Freqs = structure(c(0, 
        0, 0, 0, 374, 2, 0, 0, 0, 0, 0, 0, 0, 0, 0, 3, 347, 0
        ), .Dim = c(6L, 3L), .Dimnames = list(c("-4", "-3", "-2", 
        "-1", "0", "1"), c("A", "G", "T"))), N = 726)), `2` = structure(c(0, 
    0, 0, 0, 306, 1, 0, 0, 0, 0, 0, 0, 0, 0, 0, 1, 281, 0), .Dim = c(6L, 
    3L), .Dimnames = list(c("-4", "-3", "-2", "-1", "0", "1"), 
        c("A", "G", "T"))))))
