Results <-
list(`bwaOutput/20210421msiMNRsJenny/167234_S54.sam` = list(GM26_SNP1 = list(
    All = list(Freqs = structure(c(0L, 4L, 70L, 8602L, 16L, 16L, 
    0L, 0L, 0L, 6L, 0L, 0L, 1L, 0L, 2L, 73L, 1L, 0L), .Dim = c(6L, 
    3L), .Dimnames = structure(list(c("-3", "-2", "-1", "0", 
    "1", NA), c("A", "G", NA)), .Names = c("", "")), class = "table"), 
        N = 8791L), Tag.Distribution = structure(c(`1` = 132L, 
    `2` = 38L, `3` = 20L, `4` = 27L, `5` = 27L, `6` = 23L, `7` = 20L, 
    `8` = 23L, `9` = 25L, `10` = 25L, `11` = 22L, `12` = 30L, 
    `13` = 15L, `14` = 16L, `15` = 24L, `16` = 21L, `17` = 15L, 
    `18` = 13L, `19` = 16L, `20` = 11L, `21` = 17L, `22` = 14L, 
    `23` = 16L, `24` = 8L, `25` = 12L, `26` = 7L, `27` = 6L, 
    `28` = 11L, `29` = 2L, `30` = 12L, `31` = 3L, `32` = 6L, 
    `33` = 4L, `34` = 3L, `35` = 5L, `36` = 6L, `37` = 3L, `38` = 1L, 
    `39` = 3L, `40` = 3L, `41` = 1L, `43` = 2L, `44` = 1L, `46` = 1L, 
    `47` = 1L, `48` = 1L, `49` = 1L, `58` = 1L, `60` = 1L, `69` = 1L
    ), .Dim = 50L, .Dimnames = structure(list(c("1", "2", "3", 
    "4", "5", "6", "7", "8", "9", "10", "11", "12", "13", "14", 
    "15", "16", "17", "18", "19", "20", "21", "22", "23", "24", 
    "25", "26", "27", "28", "29", "30", "31", "32", "33", "34", 
    "35", "36", "37", "38", "39", "40", "41", "43", "44", "46", 
    "47", "48", "49", "58", "60", "69")), .Names = ""), class = "table"), 
    No.Tag = structure(c(0L, 0L, 0L, 162L, 0L, 2L, 0L, 0L, 0L, 
    0L, 0L, 0L, 0L, 0L, 0L, 10L, 0L, 0L), .Dim = c(6L, 3L), .Dimnames = structure(list(
        c("-3", "-2", "-1", "0", "1", NA), c("A", "G", NA)), .Names = c("", 
    "")), class = "table"), All.Tags = list(Concordant = list(
        Freqs = structure(c(0, 0, 1, 605, 0, 0, 0, 0, 4, 0), .Dim = c(5L, 
        2L), .Dimnames = list(c("-3", "-2", "-1", "0", "1"), 
            c("A", "G"))), N = 610), Majority = list(Freqs = structure(c(0, 
    0, 1, 684, 0, 0, 0, 0, 4, 0), .Dim = c(5L, 2L), .Dimnames = list(
        c("-3", "-2", "-1", "0", "1"), c("A", "G"))), N = 689)), 
    `2` = structure(c(0, 0, 0, 562, 0, 0, 0, 0, 0, 0), .Dim = c(5L, 
    2L), .Dimnames = list(c("-3", "-2", "-1", "0", "1"), c("A", 
    "G"))))))
