Results <-
list(`bwaOutput/20210421msiMNRsJenny/167234_S54.sam` = list(LR52_SNP1 = list(
    All = list(Freqs = structure(c(0L, 0L, 1L, 1L, 0L, 0L, 0L, 
    0L, 2L, 11L, 0L, 0L, 2L, 43L, 650L, 5871L, 53L, 53L, 0L, 
    2L, 15L, 371L, 4L, 0L), .Dim = c(6L, 4L), .Dimnames = structure(list(
        c("-3", "-2", "-1", "0", "1", NA), c("A", "C", "T", NA
        )), .Names = c("", "")), class = "table"), N = 7079L), 
    Tag.Distribution = structure(c(`1` = 94L, `2` = 16L, `3` = 23L, 
    `4` = 16L, `5` = 21L, `6` = 16L, `7` = 12L, `8` = 15L, `9` = 18L, 
    `10` = 19L, `11` = 10L, `12` = 15L, `13` = 21L, `14` = 13L, 
    `15` = 14L, `16` = 10L, `17` = 14L, `18` = 13L, `19` = 19L, 
    `20` = 19L, `21` = 10L, `22` = 11L, `23` = 11L, `24` = 10L, 
    `25` = 10L, `26` = 7L, `27` = 7L, `28` = 10L, `29` = 6L, 
    `30` = 4L, `31` = 2L, `32` = 6L, `33` = 3L, `34` = 2L, `35` = 4L, 
    `36` = 3L, `37` = 1L, `38` = 1L, `39` = 1L, `41` = 1L, `42` = 1L, 
    `43` = 3L, `46` = 2L, `48` = 1L, `49` = 1L, `54` = 1L, `65` = 1L, 
    `82` = 1L), .Dim = 48L, .Dimnames = structure(list(c("1", 
    "2", "3", "4", "5", "6", "7", "8", "9", "10", "11", "12", 
    "13", "14", "15", "16", "17", "18", "19", "20", "21", "22", 
    "23", "24", "25", "26", "27", "28", "29", "30", "31", "32", 
    "33", "34", "35", "36", "37", "38", "39", "41", "42", "43", 
    "46", "48", "49", "54", "65", "82")), .Names = ""), class = "table"), 
    No.Tag = structure(c(0L, 0L, 0L, 0L, 0L, 0L, 0L, 0L, 0L, 
    0L, 0L, 0L, 1L, 1L, 17L, 175L, 2L, 2L, 0L, 0L, 0L, 12L, 0L, 
    0L), .Dim = c(6L, 4L), .Dimnames = structure(list(c("-3", 
    "-2", "-1", "0", "1", NA), c("A", "C", "T", NA)), .Names = c("", 
    "")), class = "table"), All.Tags = list(Concordant = list(
        Freqs = structure(c(0, 0, 0, 1, 0, 0, 0, 1, 2, 0, 0, 
        1, 7, 195, 0), .Dim = c(5L, 3L), .Dimnames = list(c("-3", 
        "-2", "-1", "0", "1"), c("A", "C", "T"))), N = 207), 
        Majority = list(Freqs = structure(c(0, 0, 0, 1, 0, 0, 
        0, 1, 3, 0, 0, 1, 11, 476, 1), .Dim = c(5L, 3L), .Dimnames = list(
            c("-3", "-2", "-1", "0", "1"), c("A", "C", "T"))), 
            N = 494)), `2` = structure(c(0, 0, 0, 0, 0, 0, 0, 
    0, 1, 0, 0, 0, 5, 409, 1), .Dim = c(5L, 3L), .Dimnames = list(
        c("-3", "-2", "-1", "0", "1"), c("A", "C", "T"))))))
