Results <-
list(`bwaOutput/20210421msiMNRsJenny/167234_S54.sam` = list(IM16_SNP1 = list(
    All = list(Freqs = structure(c(0L, 1L, 6L, 0L, 0L, 0L, 1L, 
    39L, 3128L, 42L, 2L, 6L, 0L, 0L, 49L, 2L, 0L, 0L), .Dim = c(6L, 
    3L), .Dimnames = structure(list(c("-2", "-1", "0", "1", "2", 
    NA), c("A", "G", NA)), .Names = c("", "")), class = "table"), 
        N = 3276L), Tag.Distribution = structure(c(`1` = 64L, 
    `2` = 17L, `3` = 10L, `4` = 7L, `5` = 9L, `6` = 13L, `7` = 10L, 
    `8` = 7L, `9` = 11L, `10` = 8L, `11` = 7L, `12` = 9L, `13` = 5L, 
    `14` = 8L, `15` = 9L, `16` = 9L, `17` = 4L, `18` = 6L, `19` = 5L, 
    `20` = 5L, `21` = 3L, `22` = 2L, `23` = 5L, `24` = 5L, `25` = 3L, 
    `26` = 4L, `27` = 5L, `28` = 8L, `29` = 2L, `31` = 5L, `32` = 3L, 
    `33` = 1L, `34` = 2L, `35` = 4L, `44` = 1L, `49` = 1L, `51` = 1L, 
    `53` = 1L), .Dim = 38L, .Dimnames = structure(list(c("1", 
    "2", "3", "4", "5", "6", "7", "8", "9", "10", "11", "12", 
    "13", "14", "15", "16", "17", "18", "19", "20", "21", "22", 
    "23", "24", "25", "26", "27", "28", "29", "31", "32", "33", 
    "34", "35", "44", "49", "51", "53")), .Names = ""), class = "table"), 
    No.Tag = structure(c(0L, 1L, 0L, 0L, 0L, 0L, 0L, 0L, 46L, 
    2L, 0L, 0L, 0L, 0L, 4L, 0L, 0L, 0L), .Dim = c(6L, 3L), .Dimnames = structure(list(
        c("-2", "-1", "0", "1", "2", NA), c("A", "G", NA)), .Names = c("", 
    "")), class = "table"), All.Tags = list(Concordant = list(
        Freqs = structure(c(0, 0, 4, 0, 0, 0, 1, 221, 0, 0), .Dim = c(5L, 
        2L), .Dimnames = list(c("-2", "-1", "0", "1", "2"), c("A", 
        "G"))), N = 226), Majority = list(Freqs = structure(c(0, 
    0, 4, 0, 0, 0, 1, 267, 0, 0), .Dim = c(5L, 2L), .Dimnames = list(
        c("-2", "-1", "0", "1", "2"), c("A", "G"))), N = 272)), 
    `2` = structure(c(0, 0, 0, 0, 0, 0, 1, 213, 0, 0), .Dim = c(5L, 
    2L), .Dimnames = list(c("-2", "-1", "0", "1", "2"), c("A", 
    "G"))))))
