Results <-
list(`bwaOutput/20210421msiMNRsJenny/167234_S54.sam` = list(GM17_SNP1 = list(
    All = list(Freqs = structure(c(128L, 10345L, 44L, 10L, 0L, 
    1L, 0L, 0L, 2L, 25L, 0L, 0L, 2L, 343L, 0L, 0L), .Dim = c(4L, 
    4L), .Dimnames = structure(list(c("-1", "0", "1", NA), c("C", 
    "G", "T", NA)), .Names = c("", "")), class = "table"), N = 10900L), 
    Tag.Distribution = structure(c(`1` = 201L, `2` = 48L, `3` = 30L, 
    `4` = 31L, `5` = 28L, `6` = 31L, `7` = 37L, `8` = 30L, `9` = 31L, 
    `10` = 35L, `11` = 34L, `12` = 36L, `13` = 34L, `14` = 30L, 
    `15` = 14L, `16` = 21L, `17` = 12L, `18` = 19L, `19` = 15L, 
    `20` = 14L, `21` = 13L, `22` = 12L, `23` = 13L, `24` = 14L, 
    `25` = 12L, `26` = 11L, `27` = 13L, `28` = 5L, `29` = 11L, 
    `30` = 4L, `31` = 9L, `32` = 6L, `33` = 11L, `34` = 3L, `35` = 2L, 
    `36` = 3L, `37` = 4L, `38` = 1L, `39` = 3L, `41` = 1L, `42` = 2L, 
    `43` = 1L, `44` = 2L, `45` = 1L, `46` = 3L, `47` = 1L, `48` = 2L, 
    `50` = 1L, `52` = 1L, `53` = 3L, `55` = 1L, `61` = 2L, `65` = 1L, 
    `68` = 1L), .Dim = 54L, .Dimnames = structure(list(c("1", 
    "2", "3", "4", "5", "6", "7", "8", "9", "10", "11", "12", 
    "13", "14", "15", "16", "17", "18", "19", "20", "21", "22", 
    "23", "24", "25", "26", "27", "28", "29", "30", "31", "32", 
    "33", "34", "35", "36", "37", "38", "39", "41", "42", "43", 
    "44", "45", "46", "47", "48", "50", "52", "53", "55", "61", 
    "65", "68")), .Names = ""), class = "table"), No.Tag = structure(c(3L, 
    331L, 1L, 0L, 0L, 0L, 0L, 0L, 0L, 4L, 0L, 0L, 0L, 13L, 0L, 
    0L), .Dim = c(4L, 4L), .Dimnames = structure(list(c("-1", 
    "0", "1", NA), c("C", "G", "T", NA)), .Names = c("", "")), class = "table"), 
    All.Tags = list(Concordant = list(Freqs = structure(c(3, 
    726, 0, 0, 0, 0, 1, 15, 0), .Dim = c(3L, 3L), .Dimnames = list(
        c("-1", "0", "1"), c("C", "G", "T"))), N = 745), Majority = list(
        Freqs = structure(c(3, 854, 0, 0, 0, 0, 1, 15, 0), .Dim = c(3L, 
        3L), .Dimnames = list(c("-1", "0", "1"), c("C", "G", 
        "T"))), N = 873)), `2` = structure(c(1, 699, 0, 0, 0, 
    0, 0, 0, 0), .Dim = c(3L, 3L), .Dimnames = list(c("-1", "0", 
    "1"), c("C", "G", "T"))))))
