Results <-
list(`bwaOutput/20210421msiMNRsJenny/167234_S54.sam` = list(GM09_SNP1 = list(
    All = list(Freqs = structure(c(31L, 4529L, 21L, 4L, 26L, 
    4154L, 5L, 3L, 1L, 66L, 0L, 0L), .Dim = 4:3, .Dimnames = structure(list(
        c("-1", "0", "1", NA), c("A", "G", NA)), .Names = c("", 
    "")), class = "table"), N = 8840L), Tag.Distribution = structure(c(`1` = 148L, 
    `2` = 50L, `3` = 41L, `4` = 26L, `5` = 27L, `6` = 35L, `7` = 37L, 
    `8` = 34L, `9` = 23L, `10` = 34L, `11` = 23L, `12` = 21L, 
    `13` = 25L, `14` = 19L, `15` = 15L, `16` = 16L, `17` = 18L, 
    `18` = 22L, `19` = 19L, `20` = 12L, `21` = 13L, `22` = 9L, 
    `23` = 12L, `24` = 10L, `25` = 6L, `26` = 10L, `27` = 5L, 
    `28` = 7L, `29` = 4L, `30` = 4L, `31` = 4L, `32` = 5L, `33` = 4L, 
    `34` = 4L, `35` = 1L, `36` = 3L, `37` = 1L, `38` = 1L, `39` = 1L, 
    `40` = 2L, `41` = 2L, `42` = 1L, `43` = 2L, `45` = 2L, `47` = 1L, 
    `51` = 2L, `52` = 1L, `53` = 1L, `56` = 1L, `61` = 2L, `71` = 1L, 
    `72` = 1L, `78` = 1L), .Dim = 53L, .Dimnames = structure(list(
        c("1", "2", "3", "4", "5", "6", "7", "8", "9", "10", 
        "11", "12", "13", "14", "15", "16", "17", "18", "19", 
        "20", "21", "22", "23", "24", "25", "26", "27", "28", 
        "29", "30", "31", "32", "33", "34", "35", "36", "37", 
        "38", "39", "40", "41", "42", "43", "45", "47", "51", 
        "52", "53", "56", "61", "71", "72", "78")), .Names = ""), class = "table"), 
    No.Tag = structure(c(0L, 89L, 0L, 1L, 4L, 154L, 0L, 2L, 0L, 
    6L, 0L, 0L), .Dim = 4:3, .Dimnames = structure(list(c("-1", 
    "0", "1", NA), c("A", "G", NA)), .Names = c("", "")), class = "table"), 
    All.Tags = list(Concordant = list(Freqs = structure(c(1, 
    333, 0, 1, 309, 0), .Dim = 3:2, .Dimnames = list(c("-1", 
    "0", "1"), c("A", "G"))), N = 644), Majority = list(Freqs = structure(c(1, 
    400, 1, 1, 353, 0), .Dim = 3:2, .Dimnames = list(c("-1", 
    "0", "1"), c("A", "G"))), N = 756)), `2` = structure(c(0, 
    333, 1, 0, 282, 0), .Dim = 3:2, .Dimnames = list(c("-1", 
    "0", "1"), c("A", "G"))))))
