Results <-
list(`bwaOutput/20210421msiMNRsJenny/167234_S54.sam` = list(LR44_SNP1 = list(
    All = list(Freqs = structure(c(20L, 432L, 4145L, 64L, 1L, 
    0L, 16L, 0L, 1L, 47L, 2L, 0L, 6L, 0L, 1L, 12L, 147L, 0L, 
    1L, 0L, 0L), .Dim = c(7L, 3L), .Dimnames = structure(list(
        c("-2", "-1", "0", "1", "2", "7", NA), c("C", "T", NA
        )), .Names = c("", "")), class = "table"), N = 4895L), 
    Tag.Distribution = structure(c(`1` = 84L, `2` = 34L, `3` = 28L, 
    `4` = 18L, `5` = 20L, `6` = 17L, `7` = 11L, `8` = 20L, `9` = 10L, 
    `10` = 11L, `11` = 17L, `12` = 18L, `13` = 12L, `14` = 14L, 
    `15` = 7L, `16` = 15L, `17` = 11L, `18` = 10L, `19` = 15L, 
    `20` = 6L, `21` = 2L, `22` = 10L, `23` = 4L, `24` = 4L, `25` = 8L, 
    `26` = 6L, `27` = 6L, `28` = 3L, `29` = 6L, `30` = 4L, `31` = 3L, 
    `32` = 1L, `34` = 2L, `35` = 1L, `36` = 2L, `39` = 3L, `40` = 1L, 
    `49` = 1L, `53` = 1L, `57` = 1L), .Dim = 40L, .Dimnames = structure(list(
        c("1", "2", "3", "4", "5", "6", "7", "8", "9", "10", 
        "11", "12", "13", "14", "15", "16", "17", "18", "19", 
        "20", "21", "22", "23", "24", "25", "26", "27", "28", 
        "29", "30", "31", "32", "34", "35", "36", "39", "40", 
        "49", "53", "57")), .Names = ""), class = "table"), No.Tag = structure(c(0L, 
    9L, 92L, 2L, 0L, 0L, 3L, 0L, 0L, 0L, 0L, 0L, 0L, 0L, 0L, 
    0L, 8L, 0L, 0L, 0L, 0L), .Dim = c(7L, 3L), .Dimnames = structure(list(
        c("-2", "-1", "0", "1", "2", "7", NA), c("C", "T", NA
        )), .Names = c("", "")), class = "table"), All.Tags = list(
        Concordant = list(Freqs = structure(c(1, 12, 218, 1, 
        0, 0, 0, 0, 3, 0, 0, 1), .Dim = c(6L, 2L), .Dimnames = list(
            c("-2", "-1", "0", "1", "2", "7"), c("C", "T"))), 
            N = 236), Majority = list(Freqs = structure(c(1, 
        18, 399, 2, 0, 0, 0, 0, 5, 0, 0, 1), .Dim = c(6L, 2L), .Dimnames = list(
            c("-2", "-1", "0", "1", "2", "7"), c("C", "T"))), 
            N = 426)), `2` = structure(c(0, 9, 342, 1, 0, 0, 
    0, 0, 2, 0, 0, 1), .Dim = c(6L, 2L), .Dimnames = list(c("-2", 
    "-1", "0", "1", "2", "7"), c("C", "T"))))))
