Results <-
list(`bwaOutput/20210421msiMNRsJenny/167234_S54.sam` = list(LR24_SNP1 = list(
    All = list(Freqs = structure(c(15L, 2472L, 2L, 1L, 0L, 7L, 
    0L, 0L, 0L, 12L, 2L, 0L), .Dim = 4:3, .Dimnames = structure(list(
        c("-1", "0", "1", NA), c("A", "G", NA)), .Names = c("", 
    "")), class = "table"), N = 2511L), Tag.Distribution = structure(c(`1` = 90L, 
    `2` = 39L, `3` = 38L, `4` = 25L, `5` = 16L, `6` = 21L, `7` = 14L, 
    `8` = 15L, `9` = 19L, `10` = 21L, `11` = 13L, `12` = 12L, 
    `13` = 10L, `14` = 6L, `15` = 3L, `16` = 5L, `17` = 6L, `18` = 4L, 
    `19` = 2L, `20` = 3L, `21` = 2L, `22` = 1L, `23` = 1L, `24` = 2L, 
    `26` = 3L, `28` = 1L, `30` = 1L, `35` = 1L), .Dim = 28L, .Dimnames = structure(list(
        c("1", "2", "3", "4", "5", "6", "7", "8", "9", "10", 
        "11", "12", "13", "14", "15", "16", "17", "18", "19", 
        "20", "21", "22", "23", "24", "26", "28", "30", "35")), .Names = ""), class = "table"), 
    No.Tag = structure(c(1L, 117L, 0L, 1L, 0L, 0L, 0L, 0L, 0L, 
    1L, 0L, 0L), .Dim = 4:3, .Dimnames = structure(list(c("-1", 
    "0", "1", NA), c("A", "G", NA)), .Names = c("", "")), class = "table"), 
    All.Tags = list(Concordant = list(Freqs = structure(c(2, 
    350, 0, 0, 5, 0), .Dim = 3:2, .Dimnames = list(c("-1", "0", 
    "1"), c("A", "G"))), N = 357), Majority = list(Freqs = structure(c(2, 
    365, 0, 0, 5, 0), .Dim = 3:2, .Dimnames = list(c("-1", "0", 
    "1"), c("A", "G"))), N = 372)), `2` = structure(c(0, 283, 
    0, 0, 0, 0), .Dim = 3:2, .Dimnames = list(c("-1", "0", "1"
    ), c("A", "G"))))))
