Results <-
list(`bwaOutput/20210421msiMNRsJenny/167234_S54.sam` = list(GM07_SNP1 = list(
    All = list(Freqs = structure(c(0L, 0L, 2L, 0L, 0L, 0L, 6L, 
    225L, 4928L, 138L, 1L, 88L, 4L, 197L, 3610L, 106L, 5L, 72L, 
    1L, 10L, 139L, 9L, 0L, 0L), .Dim = c(6L, 4L), .Dimnames = structure(list(
        c("-2", "-1", "0", "1", "2", NA), c("-", "A", "G", NA
        )), .Names = c("", "")), class = "table"), N = 9541L), 
    Tag.Distribution = structure(c(`1` = 193L, `2` = 31L, `3` = 27L, 
    `4` = 28L, `5` = 22L, `6` = 30L, `7` = 33L, `8` = 28L, `9` = 37L, 
    `10` = 23L, `11` = 25L, `12` = 21L, `13` = 23L, `14` = 19L, 
    `15` = 15L, `16` = 20L, `17` = 19L, `18` = 22L, `19` = 18L, 
    `20` = 16L, `21` = 9L, `22` = 14L, `23` = 16L, `24` = 19L, 
    `25` = 14L, `26` = 3L, `27` = 10L, `28` = 10L, `29` = 11L, 
    `30` = 5L, `31` = 4L, `32` = 6L, `33` = 5L, `34` = 7L, `35` = 3L, 
    `36` = 5L, `37` = 2L, `38` = 4L, `40` = 1L, `42` = 1L, `47` = 1L, 
    `49` = 1L, `53` = 1L, `57` = 1L, `61` = 1L, `86` = 1L), .Dim = 46L, .Dimnames = structure(list(
        c("1", "2", "3", "4", "5", "6", "7", "8", "9", "10", 
        "11", "12", "13", "14", "15", "16", "17", "18", "19", 
        "20", "21", "22", "23", "24", "25", "26", "27", "28", 
        "29", "30", "31", "32", "33", "34", "35", "36", "37", 
        "38", "40", "42", "47", "49", "53", "57", "61", "86")), .Names = ""), class = "table"), 
    No.Tag = structure(c(0L, 0L, 0L, 0L, 0L, 0L, 0L, 6L, 170L, 
    2L, 0L, 11L, 0L, 7L, 118L, 2L, 0L, 9L, 0L, 0L, 9L, 0L, 0L, 
    0L), .Dim = c(6L, 4L), .Dimnames = structure(list(c("-2", 
    "-1", "0", "1", "2", NA), c("-", "A", "G", NA)), .Names = c("", 
    "")), class = "table"), All.Tags = list(Concordant = list(
        Freqs = structure(c(0, 0, 1, 0, 0, 0, 6, 252, 2, 0, 0, 
        2, 188, 6, 0), .Dim = c(5L, 3L), .Dimnames = list(c("-2", 
        "-1", "0", "1", "2"), c("-", "A", "G"))), N = 457), Majority = list(
        Freqs = structure(c(0, 0, 1, 0, 0, 0, 6, 437, 2, 0, 0, 
        4, 322, 7, 0), .Dim = c(5L, 3L), .Dimnames = list(c("-2", 
        "-1", "0", "1", "2"), c("-", "A", "G"))), N = 779)), 
    `2` = structure(c(0, 0, 0, 0, 0, 0, 1, 351, 1, 0, 0, 2, 252, 
    1, 0), .Dim = c(5L, 3L), .Dimnames = list(c("-2", "-1", "0", 
    "1", "2"), c("-", "A", "G"))))))
