Results <-
list(`bwaOutput/20210421msiMNRsJenny/167234_S54.sam` = list(LR48_SNP1 = list(
    All = list(Freqs = structure(c(8L, 376L, 10552L, 137L, 2L, 
    72L, 0L, 1L, 6L, 0L, 0L, 0L, 0L, 5L, 246L, 1L, 0L, 0L), .Dim = c(6L, 
    3L), .Dimnames = structure(list(c("-2", "-1", "0", "1", "2", 
    NA), c("C", "T", NA)), .Names = c("", "")), class = "table"), 
        N = 11406L), Tag.Distribution = structure(c(`1` = 153L, 
    `2` = 29L, `3` = 21L, `4` = 23L, `5` = 26L, `6` = 27L, `7` = 13L, 
    `8` = 16L, `9` = 20L, `10` = 26L, `11` = 16L, `12` = 21L, 
    `13` = 15L, `14` = 26L, `15` = 17L, `16` = 14L, `17` = 13L, 
    `18` = 11L, `19` = 15L, `20` = 14L, `21` = 8L, `22` = 15L, 
    `23` = 15L, `24` = 13L, `25` = 10L, `26` = 20L, `27` = 15L, 
    `28` = 9L, `29` = 9L, `30` = 10L, `31` = 11L, `32` = 10L, 
    `33` = 7L, `34` = 5L, `35` = 10L, `36` = 6L, `37` = 8L, `38` = 4L, 
    `39` = 2L, `40` = 2L, `41` = 3L, `42` = 5L, `43` = 2L, `44` = 4L, 
    `45` = 2L, `46` = 1L, `47` = 1L, `49` = 5L, `50` = 1L, `52` = 1L, 
    `54` = 1L, `55` = 1L, `56` = 1L, `57` = 2L, `61` = 3L, `64` = 1L, 
    `66` = 1L, `67` = 1L), .Dim = 58L, .Dimnames = structure(list(
        c("1", "2", "3", "4", "5", "6", "7", "8", "9", "10", 
        "11", "12", "13", "14", "15", "16", "17", "18", "19", 
        "20", "21", "22", "23", "24", "25", "26", "27", "28", 
        "29", "30", "31", "32", "33", "34", "35", "36", "37", 
        "38", "39", "40", "41", "42", "43", "44", "45", "46", 
        "47", "49", "50", "52", "54", "55", "56", "57", "61", 
        "64", "66", "67")), .Names = ""), class = "table"), No.Tag = structure(c(0L, 
    17L, 424L, 4L, 0L, 10L, 0L, 0L, 0L, 0L, 0L, 0L, 0L, 1L, 22L, 
    0L, 0L, 0L), .Dim = c(6L, 3L), .Dimnames = structure(list(
        c("-2", "-1", "0", "1", "2", NA), c("C", "T", NA)), .Names = c("", 
    "")), class = "table"), All.Tags = list(Concordant = list(
        Freqs = structure(c(0, 8, 441, 2, 0, 0, 1, 2, 0, 0), .Dim = c(5L, 
        2L), .Dimnames = list(c("-2", "-1", "0", "1", "2"), c("C", 
        "T"))), N = 454), Majority = list(Freqs = structure(c(0, 
    10, 707, 2, 0, 0, 1, 2, 0, 0), .Dim = c(5L, 2L), .Dimnames = list(
        c("-2", "-1", "0", "1", "2"), c("C", "T"))), N = 722)), 
    `2` = structure(c(0, 5, 578, 0, 0, 0, 0, 0, 0, 0), .Dim = c(5L, 
    2L), .Dimnames = list(c("-2", "-1", "0", "1", "2"), c("C", 
    "T"))))))
