Results <-
list(`bwaOutput/20210421msiMNRsJenny/167234_S54.sam` = list(GM22_SNP1 = list(
    All = list(Freqs = structure(c(3L, 155L, 11190L, 41L, 84L, 
    0L, 1L, 58L, 0L, 0L, 0L, 8L, 179L, 0L, 0L), .Dim = c(5L, 
    3L), .Dimnames = structure(list(c("-2", "-1", "0", "1", NA
    ), c("A", "G", NA)), .Names = c("", "")), class = "table"), 
        N = 11719L), Tag.Distribution = structure(c(`1` = 196L, 
    `2` = 35L, `3` = 32L, `4` = 25L, `5` = 23L, `6` = 37L, `7` = 28L, 
    `8` = 29L, `9` = 31L, `10` = 35L, `11` = 29L, `12` = 26L, 
    `13` = 21L, `14` = 23L, `15` = 17L, `16` = 22L, `17` = 17L, 
    `18` = 18L, `19` = 17L, `20` = 16L, `21` = 21L, `22` = 16L, 
    `23` = 10L, `24` = 11L, `25` = 15L, `26` = 14L, `27` = 12L, 
    `28` = 15L, `29` = 14L, `30` = 11L, `31` = 7L, `32` = 6L, 
    `33` = 13L, `34` = 7L, `35` = 5L, `36` = 2L, `37` = 10L, 
    `38` = 3L, `39` = 3L, `40` = 2L, `42` = 2L, `43` = 1L, `44` = 3L, 
    `45` = 2L, `46` = 1L, `48` = 1L, `50` = 1L, `51` = 2L, `52` = 2L, 
    `60` = 1L, `67` = 1L), .Dim = 51L, .Dimnames = structure(list(
        c("1", "2", "3", "4", "5", "6", "7", "8", "9", "10", 
        "11", "12", "13", "14", "15", "16", "17", "18", "19", 
        "20", "21", "22", "23", "24", "25", "26", "27", "28", 
        "29", "30", "31", "32", "33", "34", "35", "36", "37", 
        "38", "39", "40", "42", "43", "44", "45", "46", "48", 
        "50", "51", "52", "60", "67")), .Names = ""), class = "table"), 
    No.Tag = structure(c(0L, 7L, 365L, 3L, 39L, 0L, 0L, 1L, 0L, 
    0L, 0L, 0L, 23L, 0L, 0L), .Dim = c(5L, 3L), .Dimnames = structure(list(
        c("-2", "-1", "0", "1", NA), c("A", "G", NA)), .Names = c("", 
    "")), class = "table"), All.Tags = list(Concordant = list(
        Freqs = structure(c(0, 4, 715, 0, 0, 0, 8, 0), .Dim = c(4L, 
        2L), .Dimnames = list(c("-2", "-1", "0", "1"), c("A", 
        "G"))), N = 727), Majority = list(Freqs = structure(c(0, 
    4, 860, 0, 0, 0, 10, 0), .Dim = c(4L, 2L), .Dimnames = list(
        c("-2", "-1", "0", "1"), c("A", "G"))), N = 874)), `2` = structure(c(0, 
    0, 690, 0, 0, 0, 3, 0), .Dim = c(4L, 2L), .Dimnames = list(
        c("-2", "-1", "0", "1"), c("A", "G"))))))
