Results <-
list(`bwaOutput/20210421msiMNRsJenny/167234_S54.sam` = list(LR17_SNP1 = list(
    All = list(Freqs = structure(c(1L, 15L, 676L, 14646L, 174L, 
    3L, 108L, 0L, 0L, 0L, 7L, 0L, 0L, 0L, 0L, 0L, 29L, 1082L, 
    5L, 0L, 0L), .Dim = c(7L, 3L), .Dimnames = structure(list(
        c("-3", "-2", "-1", "0", "1", "2", NA), c("A", "G", NA
        )), .Names = c("", "")), class = "table"), N = 16746L), 
    Tag.Distribution = structure(c(`1` = 306L, `2` = 45L, `3` = 33L, 
    `4` = 30L, `5` = 35L, `6` = 32L, `7` = 32L, `8` = 40L, `9` = 29L, 
    `10` = 44L, `11` = 38L, `12` = 44L, `13` = 43L, `14` = 36L, 
    `15` = 30L, `16` = 34L, `17` = 24L, `18` = 36L, `19` = 27L, 
    `20` = 29L, `21` = 17L, `22` = 22L, `23` = 23L, `24` = 24L, 
    `25` = 29L, `26` = 10L, `27` = 20L, `28` = 24L, `29` = 14L, 
    `30` = 7L, `31` = 15L, `32` = 8L, `33` = 9L, `34` = 9L, `35` = 8L, 
    `36` = 4L, `37` = 8L, `38` = 7L, `39` = 5L, `40` = 1L, `41` = 2L, 
    `42` = 1L, `43` = 3L, `44` = 2L, `45` = 1L, `46` = 3L, `47` = 1L, 
    `48` = 2L, `50` = 2L, `51` = 1L, `52` = 3L, `53` = 1L, `54` = 1L, 
    `56` = 3L, `65` = 1L, `69` = 1L, `73` = 1L), .Dim = 57L, .Dimnames = structure(list(
        c("1", "2", "3", "4", "5", "6", "7", "8", "9", "10", 
        "11", "12", "13", "14", "15", "16", "17", "18", "19", 
        "20", "21", "22", "23", "24", "25", "26", "27", "28", 
        "29", "30", "31", "32", "33", "34", "35", "36", "37", 
        "38", "39", "40", "41", "42", "43", "44", "45", "46", 
        "47", "48", "50", "51", "52", "53", "54", "56", "65", 
        "69", "73")), .Names = ""), class = "table"), No.Tag = structure(c(0L, 
    0L, 11L, 522L, 8L, 2L, 6L, 0L, 0L, 0L, 1L, 0L, 0L, 0L, 0L, 
    0L, 3L, 53L, 1L, 0L, 0L), .Dim = c(7L, 3L), .Dimnames = structure(list(
        c("-3", "-2", "-1", "0", "1", "2", NA), c("A", "G", NA
        )), .Names = c("", "")), class = "table"), All.Tags = list(
        Concordant = list(Freqs = structure(c(0, 0, 11, 744, 
        4, 0, 0, 0, 0, 0, 0, 0), .Dim = c(6L, 2L), .Dimnames = list(
            c("-3", "-2", "-1", "0", "1", "2"), c("A", "G"))), 
            N = 759), Majority = list(Freqs = structure(c(0, 
        0, 16, 1188, 4, 0, 0, 0, 0, 0, 0, 0), .Dim = c(6L, 2L
        ), .Dimnames = list(c("-3", "-2", "-1", "0", "1", "2"
        ), c("A", "G"))), N = 1208)), `2` = structure(c(0, 0, 
    8, 942, 0, 0, 0, 0, 0, 0, 0, 0), .Dim = c(6L, 2L), .Dimnames = list(
        c("-3", "-2", "-1", "0", "1", "2"), c("A", "G"))))))
