Results <-
list(`bwaOutput/20210421msiMNRsJenny/167234_S54.sam` = list(GM01_SNP1 = list(
    All = list(Freqs = structure(c(105L, 6613L, 29L, 1L, 7L, 
    0L, 55L, 0L, 0L, 0L, 3L, 78L, 1L, 0L, 0L), .Dim = c(5L, 3L
    ), .Dimnames = structure(list(c("-1", "0", "1", "2", NA), 
        c("A", "G", NA)), .Names = c("", "")), class = "table"), 
        N = 6892L), Tag.Distribution = structure(c(`1` = 125L, 
    `2` = 33L, `3` = 17L, `4` = 28L, `5` = 21L, `6` = 30L, `7` = 20L, 
    `8` = 26L, `9` = 23L, `10` = 22L, `11` = 19L, `12` = 25L, 
    `13` = 16L, `14` = 22L, `15` = 18L, `16` = 20L, `17` = 21L, 
    `18` = 15L, `19` = 10L, `20` = 15L, `21` = 11L, `22` = 9L, 
    `23` = 14L, `24` = 2L, `25` = 8L, `26` = 4L, `27` = 6L, `28` = 4L, 
    `29` = 4L, `30` = 3L, `31` = 4L, `32` = 3L, `33` = 1L, `34` = 5L, 
    `35` = 2L, `36` = 1L, `37` = 2L, `38` = 1L, `41` = 2L, `42` = 2L, 
    `46` = 2L, `47` = 1L, `58` = 1L, `66` = 1L), .Dim = 44L, .Dimnames = structure(list(
        c("1", "2", "3", "4", "5", "6", "7", "8", "9", "10", 
        "11", "12", "13", "14", "15", "16", "17", "18", "19", 
        "20", "21", "22", "23", "24", "25", "26", "27", "28", 
        "29", "30", "31", "32", "33", "34", "35", "36", "37", 
        "38", "41", "42", "46", "47", "58", "66")), .Names = ""), class = "table"), 
    No.Tag = structure(c(1L, 85L, 0L, 0L, 0L, 0L, 1L, 0L, 0L, 
    0L, 0L, 6L, 0L, 0L, 0L), .Dim = c(5L, 3L), .Dimnames = structure(list(
        c("-1", "0", "1", "2", NA), c("A", "G", NA)), .Names = c("", 
    "")), class = "table"), All.Tags = list(Concordant = list(
        Freqs = structure(c(1, 485, 1, 0, 0, 7, 0, 0), .Dim = c(4L, 
        2L), .Dimnames = list(c("-1", "0", "1", "2"), c("A", 
        "G"))), N = 494), Majority = list(Freqs = structure(c(1, 
    597, 1, 0, 0, 7, 0, 0), .Dim = c(4L, 2L), .Dimnames = list(
        c("-1", "0", "1", "2"), c("A", "G"))), N = 606)), `2` = structure(c(0, 
    489, 0, 0, 0, 4, 0, 0), .Dim = c(4L, 2L), .Dimnames = list(
        c("-1", "0", "1", "2"), c("A", "G"))))))
