Results <-
list(`bwaOutput/20210421msiMNRsJenny/168888_S55.sam` = list(LR49_SNP1 = list(
    All = list(Freqs = structure(c(0L, 1L, 0L, 0L, 23L, 10490L, 
    2L, 9L, 0L, 16L, 0L, 0L, 0L, 4L, 0L, 0L, 1L, 195L, 0L, 0L
    ), .Dim = 4:5, .Dimnames = structure(list(c("-1", "0", "1", 
    NA), c("-", "A", "G", "T", NA)), .Names = c("", "")), class = "table"), 
        N = 10741L), Tag.Distribution = structure(c(`1` = 247L, 
    `2` = 63L, `3` = 48L, `4` = 49L, `5` = 38L, `6` = 34L, `7` = 36L, 
    `8` = 35L, `9` = 27L, `10` = 32L, `11` = 20L, `12` = 30L, 
    `13` = 23L, `14` = 26L, `15` = 20L, `16` = 23L, `17` = 9L, 
    `18` = 13L, `19` = 16L, `20` = 15L, `21` = 14L, `22` = 12L, 
    `23` = 5L, `24` = 11L, `25` = 11L, `26` = 8L, `27` = 4L, 
    `28` = 5L, `29` = 4L, `30` = 8L, `31` = 4L, `32` = 7L, `33` = 6L, 
    `34` = 2L, `35` = 2L, `36` = 4L, `37` = 2L, `38` = 1L, `39` = 6L, 
    `40` = 5L, `41` = 5L, `42` = 1L, `43` = 3L, `44` = 1L, `46` = 2L, 
    `47` = 2L, `48` = 2L, `49` = 2L, `50` = 2L, `51` = 1L, `52` = 1L, 
    `53` = 2L, `54` = 1L, `55` = 2L, `56` = 1L, `62` = 1L, `63` = 1L, 
    `64` = 1L, `67` = 1L, `69` = 1L, `70` = 1L, `73` = 1L, `83` = 1L
    ), .Dim = 63L, .Dimnames = structure(list(c("1", "2", "3", 
    "4", "5", "6", "7", "8", "9", "10", "11", "12", "13", "14", 
    "15", "16", "17", "18", "19", "20", "21", "22", "23", "24", 
    "25", "26", "27", "28", "29", "30", "31", "32", "33", "34", 
    "35", "36", "37", "38", "39", "40", "41", "42", "43", "44", 
    "46", "47", "48", "49", "50", "51", "52", "53", "54", "55", 
    "56", "62", "63", "64", "67", "69", "70", "73", "83")), .Names = ""), class = "table"), 
    No.Tag = structure(c(0L, 0L, 0L, 0L, 3L, 330L, 0L, 1L, 0L, 
    1L, 0L, 0L, 0L, 0L, 0L, 0L, 0L, 24L, 0L, 0L), .Dim = 4:5, .Dimnames = structure(list(
        c("-1", "0", "1", NA), c("-", "A", "G", "T", NA)), .Names = c("", 
    "")), class = "table"), All.Tags = list(Concordant = list(
        Freqs = structure(c(0, 0, 0, 1, 901, 0, 0, 9, 0, 0, 0, 
        0), .Dim = 3:4, .Dimnames = list(c("-1", "0", "1"), c("-", 
        "A", "G", "T"))), N = 911), Majority = list(Freqs = structure(c(0, 
    0, 0, 1, 929, 0, 0, 9, 0, 0, 0, 0), .Dim = 3:4, .Dimnames = list(
        c("-1", "0", "1"), c("-", "A", "G", "T"))), N = 939)), 
    `2` = structure(c(0, 0, 0, 0, 712, 0, 0, 1, 0, 0, 0, 0), .Dim = 3:4, .Dimnames = list(
        c("-1", "0", "1"), c("-", "A", "G", "T"))))))
