Results <-
list(`bwaOutput/20210421msiMNRsJenny/168888_S55.sam` = list(GM01_SNP1 = list(
    All = list(Freqs = structure(c(0L, 2L, 61L, 0L, 0L, 1L, 8L, 
    1002L, 6L, 1L, 0L, 0L, 16L, 1L, 0L), .Dim = c(5L, 3L), .Dimnames = structure(list(
        c("-2", "-1", "0", "1", NA), c("A", "G", NA)), .Names = c("", 
    "")), class = "table"), N = 1098L), Tag.Distribution = structure(c(`1` = 33L, 
    `2` = 13L, `3` = 8L, `4` = 5L, `5` = 6L, `6` = 3L, `7` = 7L, 
    `8` = 3L, `9` = 5L, `10` = 1L, `12` = 1L, `13` = 4L, `14` = 2L, 
    `15` = 2L, `16` = 4L, `17` = 3L, `18` = 4L, `19` = 2L, `20` = 3L, 
    `22` = 2L, `24` = 2L, `25` = 1L, `27` = 2L, `31` = 1L, `34` = 1L, 
    `37` = 2L, `42` = 1L, `50` = 1L), .Dim = 28L, .Dimnames = structure(list(
        c("1", "2", "3", "4", "5", "6", "7", "8", "9", "10", 
        "12", "13", "14", "15", "16", "17", "18", "19", "20", 
        "22", "24", "25", "27", "31", "34", "37", "42", "50")), .Names = ""), class = "table"), 
    No.Tag = structure(c(0L, 0L, 4L, 0L, 0L, 0L, 0L, 5L, 0L, 
    0L, 0L, 0L, 1L, 0L, 0L), .Dim = c(5L, 3L), .Dimnames = structure(list(
        c("-2", "-1", "0", "1", NA), c("A", "G", NA)), .Names = c("", 
    "")), class = "table"), All.Tags = list(Concordant = list(
        Freqs = structure(c(0, 1, 12, 0, 0, 0, 94, 0), .Dim = c(4L, 
        2L), .Dimnames = list(c("-2", "-1", "0", "1"), c("A", 
        "G"))), N = 107), Majority = list(Freqs = structure(c(0, 
    1, 13, 0, 0, 0, 105, 0), .Dim = c(4L, 2L), .Dimnames = list(
        c("-2", "-1", "0", "1"), c("A", "G"))), N = 119)), `2` = structure(c(0, 
    0, 2, 0, 0, 0, 87, 0), .Dim = c(4L, 2L), .Dimnames = list(
        c("-2", "-1", "0", "1"), c("A", "G"))))))
