Results <-
list(`bwaOutput/20210421msiMNRsJenny/168888_S55.sam` = list(LR48_SNP1 = list(
    All = list(Freqs = structure(c(0L, 0L, 1L, 0L, 0L, 0L, 0L, 
    0L, 2L, 0L, 0L, 0L, 7L, 258L, 8249L, 121L, 3L, 47L, 0L, 0L, 
    3L, 0L, 0L, 0L, 0L, 1L, 7L, 0L, 0L, 0L, 0L, 3L, 237L, 2L, 
    0L, 0L), .Dim = c(6L, 6L), .Dimnames = structure(list(c("-2", 
    "-1", "0", "1", "2", NA), c("-", "A", "C", "G", "T", NA)), .Names = c("", 
    "")), class = "table"), N = 8941L), Tag.Distribution = structure(c(`1` = 153L, 
    `2` = 31L, `3` = 31L, `4` = 22L, `5` = 15L, `6` = 17L, `7` = 21L, 
    `8` = 16L, `9` = 24L, `10` = 18L, `11` = 7L, `12` = 17L, 
    `13` = 8L, `14` = 9L, `15` = 9L, `16` = 11L, `17` = 10L, 
    `18` = 5L, `19` = 6L, `20` = 7L, `21` = 6L, `22` = 7L, `23` = 7L, 
    `24` = 8L, `26` = 5L, `27` = 4L, `28` = 2L, `29` = 5L, `30` = 3L, 
    `31` = 2L, `32` = 4L, `33` = 3L, `34` = 3L, `35` = 4L, `36` = 3L, 
    `37` = 5L, `38` = 2L, `39` = 2L, `40` = 1L, `41` = 1L, `42` = 2L, 
    `43` = 1L, `44` = 4L, `45` = 1L, `46` = 3L, `47` = 1L, `48` = 2L, 
    `49` = 6L, `50` = 5L, `51` = 2L, `52` = 3L, `53` = 1L, `54` = 1L, 
    `55` = 4L, `56` = 3L, `57` = 4L, `58` = 3L, `63` = 2L, `64` = 2L, 
    `65` = 1L, `66` = 2L, `68` = 2L, `69` = 2L, `70` = 1L, `73` = 1L, 
    `74` = 2L, `75` = 1L, `76` = 1L, `78` = 1L, `81` = 1L, `88` = 1L, 
    `104` = 1L), .Dim = 72L, .Dimnames = structure(list(c("1", 
    "2", "3", "4", "5", "6", "7", "8", "9", "10", "11", "12", 
    "13", "14", "15", "16", "17", "18", "19", "20", "21", "22", 
    "23", "24", "26", "27", "28", "29", "30", "31", "32", "33", 
    "34", "35", "36", "37", "38", "39", "40", "41", "42", "43", 
    "44", "45", "46", "47", "48", "49", "50", "51", "52", "53", 
    "54", "55", "56", "57", "58", "63", "64", "65", "66", "68", 
    "69", "70", "73", "74", "75", "76", "78", "81", "88", "104"
    )), .Names = ""), class = "table"), No.Tag = structure(c(0L, 
    0L, 0L, 0L, 0L, 0L, 0L, 0L, 0L, 0L, 0L, 0L, 0L, 8L, 266L, 
    2L, 0L, 0L, 0L, 0L, 0L, 0L, 0L, 0L, 0L, 0L, 1L, 0L, 0L, 0L, 
    0L, 0L, 17L, 0L, 0L, 0L), .Dim = c(6L, 6L), .Dimnames = structure(list(
        c("-2", "-1", "0", "1", "2", NA), c("-", "A", "C", "G", 
        "T", NA)), .Names = c("", "")), class = "table"), All.Tags = list(
        Concordant = list(Freqs = structure(c(0, 0, 0, 0, 0, 
        0, 0, 0, 0, 0, 1, 4, 378, 1, 0, 0, 0, 0, 0, 0, 0, 1, 
        3, 0, 0), .Dim = c(5L, 5L), .Dimnames = list(c("-2", 
        "-1", "0", "1", "2"), c("-", "A", "C", "G", "T"))), N = 388), 
        Majority = list(Freqs = structure(c(0, 0, 0, 0, 0, 0, 
        0, 0, 0, 0, 1, 5, 551, 1, 0, 0, 0, 0, 0, 0, 0, 1, 3, 
        0, 0), .Dim = c(5L, 5L), .Dimnames = list(c("-2", "-1", 
        "0", "1", "2"), c("-", "A", "C", "G", "T"))), N = 562)), 
    `2` = structure(c(0, 0, 0, 0, 0, 0, 0, 0, 0, 0, 0, 1, 426, 
    0, 0, 0, 0, 0, 0, 0, 0, 0, 0, 0, 0), .Dim = c(5L, 5L), .Dimnames = list(
        c("-2", "-1", "0", "1", "2"), c("-", "A", "C", "G", "T"
        ))))))
