Results <-
list(`bwaOutput/20210421msiMNRsJenny/168888_S55.sam` = list(GM22_SNP1 = list(
    All = list(Freqs = structure(c(2L, 140L, 7466L, 41L, 19L, 
    0L, 1L, 80L, 0L, 0L, 0L, 4L, 130L, 1L, 0L), .Dim = c(5L, 
    3L), .Dimnames = structure(list(c("-2", "-1", "0", "1", NA
    ), c("A", "G", NA)), .Names = c("", "")), class = "table"), 
        N = 7884L), Tag.Distribution = structure(c(`1` = 178L, 
    `2` = 31L, `3` = 30L, `4` = 30L, `5` = 24L, `6` = 21L, `7` = 19L, 
    `8` = 18L, `9` = 21L, `10` = 20L, `11` = 16L, `12` = 18L, 
    `13` = 18L, `14` = 8L, `15` = 13L, `16` = 8L, `17` = 6L, 
    `18` = 6L, `19` = 8L, `20` = 8L, `21` = 4L, `22` = 5L, `23` = 10L, 
    `24` = 3L, `25` = 7L, `26` = 8L, `27` = 9L, `28` = 4L, `29` = 8L, 
    `30` = 2L, `31` = 3L, `32` = 6L, `33` = 1L, `34` = 2L, `36` = 4L, 
    `37` = 2L, `38` = 4L, `39` = 1L, `40` = 4L, `41` = 4L, `43` = 2L, 
    `44` = 2L, `45` = 3L, `46` = 1L, `48` = 2L, `49` = 3L, `50` = 4L, 
    `51` = 2L, `53` = 1L, `54` = 1L, `55` = 1L, `56` = 3L, `57` = 3L, 
    `58` = 4L, `59` = 1L, `60` = 1L, `65` = 1L, `67` = 2L, `82` = 1L
    ), .Dim = 59L, .Dimnames = structure(list(c("1", "2", "3", 
    "4", "5", "6", "7", "8", "9", "10", "11", "12", "13", "14", 
    "15", "16", "17", "18", "19", "20", "21", "22", "23", "24", 
    "25", "26", "27", "28", "29", "30", "31", "32", "33", "34", 
    "36", "37", "38", "39", "40", "41", "43", "44", "45", "46", 
    "48", "49", "50", "51", "53", "54", "55", "56", "57", "58", 
    "59", "60", "65", "67", "82")), .Names = ""), class = "table"), 
    No.Tag = structure(c(0L, 4L, 250L, 0L, 1L, 0L, 0L, 0L, 0L, 
    0L, 0L, 0L, 6L, 0L, 0L), .Dim = c(5L, 3L), .Dimnames = structure(list(
        c("-2", "-1", "0", "1", NA), c("A", "G", NA)), .Names = c("", 
    "")), class = "table"), All.Tags = list(Concordant = list(
        Freqs = structure(c(0, 5, 481, 1, 0, 0, 4, 0), .Dim = c(4L, 
        2L), .Dimnames = list(c("-2", "-1", "0", "1"), c("A", 
        "G"))), N = 491), Majority = list(Freqs = structure(c(0, 
    5, 600, 1, 0, 0, 5, 0), .Dim = c(4L, 2L), .Dimnames = list(
        c("-2", "-1", "0", "1"), c("A", "G"))), N = 611)), `2` = structure(c(0, 
    1, 446, 1, 0, 0, 3, 0), .Dim = c(4L, 2L), .Dimnames = list(
        c("-2", "-1", "0", "1"), c("A", "G"))))))
