Results <-
list(`bwaOutput/20210421msiMNRsJenny/168888_S55.sam` = list(GM17_SNP1 = list(
    All = list(Freqs = structure(c(0L, 62L, 4091L, 10L, 6L, 3L, 
    50L, 5182L, 17L, 7L, 0L, 4L, 333L, 0L, 0L), .Dim = c(5L, 
    3L), .Dimnames = structure(list(c("-2", "-1", "0", "1", NA
    ), c("C", "T", NA)), .Names = c("", "")), class = "table"), 
        N = 9765L), Tag.Distribution = structure(c(`1` = 196L, 
    `2` = 48L, `3` = 28L, `4` = 38L, `5` = 33L, `6` = 28L, `7` = 22L, 
    `8` = 18L, `9` = 25L, `10` = 24L, `11` = 14L, `12` = 15L, 
    `13` = 14L, `14` = 11L, `15` = 10L, `16` = 10L, `17` = 11L, 
    `18` = 5L, `19` = 13L, `20` = 7L, `21` = 13L, `22` = 7L, 
    `23` = 5L, `24` = 9L, `25` = 7L, `26` = 8L, `27` = 5L, `28` = 5L, 
    `29` = 8L, `30` = 5L, `31` = 5L, `32` = 5L, `33` = 1L, `34` = 3L, 
    `35` = 4L, `36` = 1L, `37` = 5L, `38` = 3L, `39` = 6L, `40` = 5L, 
    `41` = 4L, `43` = 3L, `44` = 2L, `45` = 3L, `46` = 1L, `47` = 3L, 
    `48` = 2L, `49` = 4L, `50` = 2L, `51` = 2L, `52` = 1L, `53` = 3L, 
    `54` = 1L, `55` = 1L, `56` = 2L, `57` = 3L, `58` = 3L, `60` = 3L, 
    `61` = 2L, `62` = 1L, `63` = 1L, `64` = 2L, `66` = 1L, `70` = 1L, 
    `72` = 1L, `79` = 1L, `95` = 1L, `109` = 1L), .Dim = 68L, .Dimnames = structure(list(
        c("1", "2", "3", "4", "5", "6", "7", "8", "9", "10", 
        "11", "12", "13", "14", "15", "16", "17", "18", "19", 
        "20", "21", "22", "23", "24", "25", "26", "27", "28", 
        "29", "30", "31", "32", "33", "34", "35", "36", "37", 
        "38", "39", "40", "41", "43", "44", "45", "46", "47", 
        "48", "49", "50", "51", "52", "53", "54", "55", "56", 
        "57", "58", "60", "61", "62", "63", "64", "66", "70", 
        "72", "79", "95", "109")), .Names = ""), class = "table"), 
    No.Tag = structure(c(0L, 1L, 81L, 0L, 0L, 0L, 3L, 222L, 2L, 
    1L, 0L, 0L, 10L, 0L, 0L), .Dim = c(5L, 3L), .Dimnames = structure(list(
        c("-2", "-1", "0", "1", NA), c("C", "T", NA)), .Names = c("", 
    "")), class = "table"), All.Tags = list(Concordant = list(
        Freqs = structure(c(0, 3, 299, 0, 0, 0, 288, 0), .Dim = c(4L, 
        2L), .Dimnames = list(c("-2", "-1", "0", "1"), c("C", 
        "T"))), N = 590), Majority = list(Freqs = structure(c(0, 
    3, 364, 0, 0, 0, 355, 0), .Dim = c(4L, 2L), .Dimnames = list(
        c("-2", "-1", "0", "1"), c("C", "T"))), N = 722)), `2` = structure(c(0, 
    1, 273, 0, 0, 0, 263, 0), .Dim = c(4L, 2L), .Dimnames = list(
        c("-2", "-1", "0", "1"), c("C", "T"))))))
