Results <-
list(`bwaOutput/20210421msiMNRsJenny/168888_S55.sam` = list(LR17_SNP1 = list(
    All = list(Freqs = structure(c(1L, 12L, 425L, 10651L, 154L, 
    4L, 73L, 0L, 0L, 0L, 1L, 0L, 0L, 0L, 0L, 0L, 0L, 4L, 0L, 
    0L, 0L, 0L, 1L, 16L, 815L, 6L, 0L, 0L), .Dim = c(7L, 4L), .Dimnames = structure(list(
        c("-3", "-2", "-1", "0", "1", "2", NA), c("A", "C", "G", 
        NA)), .Names = c("", "")), class = "table"), N = 12163L), 
    Tag.Distribution = structure(c(`1` = 291L, `2` = 64L, `3` = 42L, 
    `4` = 37L, `5` = 39L, `6` = 33L, `7` = 31L, `8` = 26L, `9` = 29L, 
    `10` = 20L, `11` = 19L, `12` = 19L, `13` = 13L, `14` = 18L, 
    `15` = 12L, `16` = 21L, `17` = 15L, `18` = 13L, `19` = 11L, 
    `20` = 15L, `21` = 8L, `22` = 10L, `23` = 11L, `24` = 7L, 
    `25` = 5L, `26` = 11L, `27` = 8L, `28` = 9L, `29` = 8L, `30` = 7L, 
    `31` = 7L, `32` = 8L, `33` = 10L, `34` = 10L, `35` = 2L, 
    `36` = 5L, `37` = 6L, `38` = 6L, `39` = 6L, `40` = 4L, `41` = 4L, 
    `42` = 1L, `43` = 7L, `44` = 4L, `45` = 3L, `47` = 4L, `48` = 5L, 
    `49` = 3L, `50` = 2L, `51` = 2L, `52` = 2L, `53` = 1L, `54` = 3L, 
    `55` = 2L, `57` = 2L, `58` = 2L, `59` = 2L, `60` = 2L, `62` = 2L, 
    `63` = 1L, `64` = 1L, `66` = 1L, `67` = 1L, `69` = 1L, `71` = 1L, 
    `74` = 1L, `92` = 1L), .Dim = 67L, .Dimnames = structure(list(
        c("1", "2", "3", "4", "5", "6", "7", "8", "9", "10", 
        "11", "12", "13", "14", "15", "16", "17", "18", "19", 
        "20", "21", "22", "23", "24", "25", "26", "27", "28", 
        "29", "30", "31", "32", "33", "34", "35", "36", "37", 
        "38", "39", "40", "41", "42", "43", "44", "45", "47", 
        "48", "49", "50", "51", "52", "53", "54", "55", "57", 
        "58", "59", "60", "62", "63", "64", "66", "67", "69", 
        "71", "74", "92")), .Names = ""), class = "table"), No.Tag = structure(c(0L, 
    0L, 4L, 238L, 2L, 0L, 2L, 0L, 0L, 0L, 0L, 0L, 0L, 0L, 0L, 
    0L, 0L, 0L, 0L, 0L, 0L, 0L, 0L, 0L, 24L, 0L, 0L, 0L), .Dim = c(7L, 
    4L), .Dimnames = structure(list(c("-3", "-2", "-1", "0", 
    "1", "2", NA), c("A", "C", "G", NA)), .Names = c("", "")), class = "table"), 
    All.Tags = list(Concordant = list(Freqs = structure(c(0, 
    0, 8, 645, 0, 0, 0, 0, 0, 0, 0, 0, 0, 0, 0, 0, 0, 0), .Dim = c(6L, 
    3L), .Dimnames = list(c("-3", "-2", "-1", "0", "1", "2"), 
        c("A", "C", "G"))), N = 653), Majority = list(Freqs = structure(c(0, 
    0, 9, 925, 1, 0, 0, 0, 0, 0, 0, 0, 0, 0, 0, 0, 0, 0), .Dim = c(6L, 
    3L), .Dimnames = list(c("-3", "-2", "-1", "0", "1", "2"), 
        c("A", "C", "G"))), N = 935)), `2` = structure(c(0, 0, 
    1, 676, 1, 0, 0, 0, 0, 0, 0, 0, 0, 0, 0, 0, 0, 0), .Dim = c(6L, 
    3L), .Dimnames = list(c("-3", "-2", "-1", "0", "1", "2"), 
        c("A", "C", "G"))))))
