Results <-
list(`bwaOutput/20210421msiMNRsJenny/168888_S55.sam` = list(LR36_SNP1 = list(
    All = list(Freqs = structure(c(1L, 2L, 71L, 2898L, 23L, 0L, 
    34L, 0L, 0L, 0L, 1L, 0L, 0L, 0L, 1L, 4L, 32L, 1688L, 17L, 
    1L, 14L, 0L, 0L, 2L, 231L, 3L, 0L, 0L), .Dim = c(7L, 4L), .Dimnames = structure(list(
        c("-3", "-2", "-1", "0", "1", "2", NA), c("A", "C", "T", 
        NA)), .Names = c("", "")), class = "table"), N = 5023L), 
    Tag.Distribution = structure(c(`1` = 112L, `2` = 29L, `3` = 27L, 
    `4` = 24L, `5` = 19L, `6` = 21L, `7` = 17L, `8` = 11L, `9` = 8L, 
    `10` = 10L, `11` = 11L, `12` = 14L, `13` = 7L, `14` = 9L, 
    `15` = 10L, `16` = 4L, `17` = 8L, `18` = 8L, `19` = 4L, `20` = 10L, 
    `21` = 3L, `22` = 7L, `23` = 8L, `24` = 4L, `25` = 4L, `26` = 5L, 
    `27` = 3L, `28` = 4L, `29` = 6L, `30` = 2L, `31` = 6L, `33` = 1L, 
    `34` = 2L, `35` = 1L, `36` = 2L, `37` = 4L, `38` = 2L, `39` = 3L, 
    `40` = 2L, `41` = 2L, `43` = 3L, `48` = 3L, `49` = 1L, `51` = 1L, 
    `52` = 1L, `62` = 1L, `67` = 1L), .Dim = 47L, .Dimnames = structure(list(
        c("1", "2", "3", "4", "5", "6", "7", "8", "9", "10", 
        "11", "12", "13", "14", "15", "16", "17", "18", "19", 
        "20", "21", "22", "23", "24", "25", "26", "27", "28", 
        "29", "30", "31", "33", "34", "35", "36", "37", "38", 
        "39", "40", "41", "43", "48", "49", "51", "52", "62", 
        "67")), .Names = ""), class = "table"), No.Tag = structure(c(0L, 
    0L, 0L, 89L, 3L, 0L, 2L, 0L, 0L, 0L, 0L, 0L, 0L, 0L, 0L, 
    0L, 1L, 76L, 2L, 0L, 3L, 0L, 0L, 0L, 18L, 1L, 0L, 0L), .Dim = c(7L, 
    4L), .Dimnames = structure(list(c("-3", "-2", "-1", "0", 
    "1", "2", NA), c("A", "C", "T", NA)), .Names = c("", "")), class = "table"), 
    All.Tags = list(Concordant = list(Freqs = structure(c(0, 
    0, 3, 202, 1, 0, 0, 0, 0, 0, 0, 0, 1, 0, 1, 113, 0, 0), .Dim = c(6L, 
    3L), .Dimnames = list(c("-3", "-2", "-1", "0", "1", "2"), 
        c("A", "C", "T"))), N = 321), Majority = list(Freqs = structure(c(0, 
    0, 4, 264, 1, 0, 0, 0, 0, 0, 0, 0, 1, 0, 1, 148, 0, 0), .Dim = c(6L, 
    3L), .Dimnames = list(c("-3", "-2", "-1", "0", "1", "2"), 
        c("A", "C", "T"))), N = 419)), `2` = structure(c(0, 0, 
    1, 206, 0, 0, 0, 0, 0, 0, 0, 0, 0, 0, 1, 117, 0, 0), .Dim = c(6L, 
    3L), .Dimnames = list(c("-3", "-2", "-1", "0", "1", "2"), 
        c("A", "C", "T"))))))
