Results <-
list(`bwaOutput/20210421msiMNRsJenny/168888_S55.sam` = list(GM07_SNP1 = list(
    All = list(Freqs = structure(c(0L, 0L, 1L, 0L, 0L, 1L, 1L, 
    200L, 4458L, 138L, 4L, 74L, 0L, 0L, 1L, 0L, 0L, 0L, 0L, 0L, 
    106L, 3L, 0L, 0L), .Dim = c(6L, 4L), .Dimnames = structure(list(
        c("-2", "-1", "0", "1", "2", NA), c("A", "G", "T", NA
        )), .Names = c("", "")), class = "table"), N = 4987L), 
    Tag.Distribution = structure(c(`1` = 98L, `2` = 26L, `3` = 30L, 
    `4` = 18L, `5` = 22L, `6` = 19L, `7` = 16L, `8` = 8L, `9` = 10L, 
    `10` = 14L, `11` = 10L, `12` = 8L, `13` = 7L, `14` = 5L, 
    `15` = 10L, `16` = 5L, `17` = 4L, `18` = 4L, `19` = 7L, `20` = 7L, 
    `21` = 2L, `22` = 10L, `23` = 3L, `24` = 5L, `25` = 6L, `26` = 5L, 
    `27` = 2L, `28` = 2L, `29` = 6L, `30` = 2L, `31` = 1L, `32` = 3L, 
    `33` = 3L, `34` = 2L, `35` = 4L, `36` = 2L, `37` = 1L, `40` = 1L, 
    `41` = 1L, `42` = 1L, `43` = 1L, `45` = 1L, `47` = 2L, `48` = 1L, 
    `49` = 1L, `50` = 2L, `51` = 2L, `52` = 2L, `53` = 1L, `55` = 1L, 
    `57` = 1L, `59` = 1L, `62` = 1L, `63` = 2L, `64` = 1L, `66` = 1L, 
    `74` = 1L), .Dim = 57L, .Dimnames = structure(list(c("1", 
    "2", "3", "4", "5", "6", "7", "8", "9", "10", "11", "12", 
    "13", "14", "15", "16", "17", "18", "19", "20", "21", "22", 
    "23", "24", "25", "26", "27", "28", "29", "30", "31", "32", 
    "33", "34", "35", "36", "37", "40", "41", "42", "43", "45", 
    "47", "48", "49", "50", "51", "52", "53", "55", "57", "59", 
    "62", "63", "64", "66", "74")), .Names = ""), class = "table"), 
    No.Tag = structure(c(0L, 0L, 0L, 0L, 0L, 1L, 0L, 0L, 66L, 
    5L, 0L, 9L, 0L, 0L, 1L, 0L, 0L, 0L, 0L, 0L, 10L, 1L, 0L, 
    0L), .Dim = c(6L, 4L), .Dimnames = structure(list(c("-2", 
    "-1", "0", "1", "2", NA), c("A", "G", "T", NA)), .Names = c("", 
    "")), class = "table"), All.Tags = list(Concordant = list(
        Freqs = structure(c(0, 0, 1, 0, 0, 0, 5, 233, 3, 0, 0, 
        0, 0, 0, 0), .Dim = c(5L, 3L), .Dimnames = list(c("-2", 
        "-1", "0", "1", "2"), c("A", "G", "T"))), N = 242), Majority = list(
        Freqs = structure(c(0, 0, 1, 0, 0, 0, 6, 382, 4, 0, 0, 
        0, 0, 0, 0), .Dim = c(5L, 3L), .Dimnames = list(c("-2", 
        "-1", "0", "1", "2"), c("A", "G", "T"))), N = 393)), 
    `2` = structure(c(0, 0, 0, 0, 0, 0, 2, 304, 2, 0, 0, 0, 0, 
    0, 0), .Dim = c(5L, 3L), .Dimnames = list(c("-2", "-1", "0", 
    "1", "2"), c("A", "G", "T"))))))
