Results <-
list(`bwaOutput/20210421msiMNRsJenny/168888_S55.sam` = list(GM26_SNP1 = list(
    All = list(Freqs = structure(c(2L, 46L, 6002L, 34L, 8L, 0L, 
    0L, 5L, 0L, 0L, 0L, 1L, 62L, 2L, 0L), .Dim = c(5L, 3L), .Dimnames = structure(list(
        c("-2", "-1", "0", "1", NA), c("A", "G", NA)), .Names = c("", 
    "")), class = "table"), N = 6162L), Tag.Distribution = structure(c(`1` = 113L, 
    `2` = 37L, `3` = 39L, `4` = 26L, `5` = 17L, `6` = 27L, `7` = 11L, 
    `8` = 13L, `9` = 19L, `10` = 18L, `11` = 15L, `12` = 8L, 
    `13` = 8L, `14` = 8L, `15` = 8L, `16` = 9L, `17` = 12L, `18` = 10L, 
    `19` = 9L, `20` = 5L, `21` = 10L, `22` = 4L, `23` = 8L, `24` = 3L, 
    `25` = 7L, `26` = 4L, `27` = 7L, `29` = 7L, `30` = 5L, `31` = 1L, 
    `32` = 4L, `33` = 1L, `34` = 3L, `35` = 2L, `36` = 4L, `38` = 3L, 
    `39` = 5L, `40` = 3L, `41` = 1L, `42` = 3L, `43` = 4L, `45` = 1L, 
    `46` = 2L, `49` = 2L, `50` = 1L, `51` = 1L, `55` = 1L, `56` = 1L, 
    `60` = 1L, `65` = 1L, `66` = 1L, `69` = 1L, `72` = 1L), .Dim = 53L, .Dimnames = structure(list(
        c("1", "2", "3", "4", "5", "6", "7", "8", "9", "10", 
        "11", "12", "13", "14", "15", "16", "17", "18", "19", 
        "20", "21", "22", "23", "24", "25", "26", "27", "29", 
        "30", "31", "32", "33", "34", "35", "36", "38", "39", 
        "40", "41", "42", "43", "45", "46", "49", "50", "51", 
        "55", "56", "60", "65", "66", "69", "72")), .Names = ""), class = "table"), 
    No.Tag = structure(c(0L, 0L, 144L, 1L, 0L, 0L, 0L, 0L, 0L, 
    0L, 0L, 0L, 3L, 1L, 0L), .Dim = c(5L, 3L), .Dimnames = structure(list(
        c("-2", "-1", "0", "1", NA), c("A", "G", NA)), .Names = c("", 
    "")), class = "table"), All.Tags = list(Concordant = list(
        Freqs = structure(c(0, 0, 435, 0, 0, 0, 4, 0), .Dim = c(4L, 
        2L), .Dimnames = list(c("-2", "-1", "0", "1"), c("A", 
        "G"))), N = 439), Majority = list(Freqs = structure(c(0, 
    0, 502, 0, 0, 0, 4, 0), .Dim = c(4L, 2L), .Dimnames = list(
        c("-2", "-1", "0", "1"), c("A", "G"))), N = 506)), `2` = structure(c(0, 
    0, 401, 0, 0, 0, 0, 0), .Dim = c(4L, 2L), .Dimnames = list(
        c("-2", "-1", "0", "1"), c("A", "G"))))))
