Results <-
list(`bwaOutput/20210421msiMNRsJenny/168888_S55.sam` = list(DEPDC2_SNP1 = list(
    All = list(Freqs = structure(c(37L, 3264L, 13L, 59L, 0L, 
    1L, 0L, 0L, 32L, 3205L, 17L, 19L, 0L, 91L, 0L, 0L), .Dim = c(4L, 
    4L), .Dimnames = structure(list(c("-1", "0", "1", NA), c("C", 
    "G", "T", NA)), .Names = c("", "")), class = "table"), N = 6738L), 
    Tag.Distribution = structure(c(`1` = 205L, `2` = 54L, `3` = 51L, 
    `4` = 41L, `5` = 31L, `6` = 28L, `7` = 20L, `8` = 27L, `9` = 13L, 
    `10` = 20L, `11` = 17L, `12` = 13L, `13` = 15L, `14` = 14L, 
    `15` = 14L, `16` = 10L, `17` = 8L, `18` = 13L, `19` = 12L, 
    `20` = 7L, `21` = 6L, `22` = 11L, `23` = 2L, `24` = 5L, `25` = 7L, 
    `26` = 5L, `27` = 1L, `28` = 3L, `29` = 4L, `30` = 3L, `31` = 3L, 
    `32` = 3L, `33` = 1L, `34` = 7L, `35` = 3L, `36` = 4L, `37` = 1L, 
    `38` = 5L, `39` = 2L, `40` = 1L, `41` = 1L, `43` = 1L, `46` = 1L, 
    `47` = 2L, `48` = 1L, `49` = 1L, `51` = 1L, `52` = 2L, `54` = 1L, 
    `55` = 1L, `58` = 1L, `66` = 1L), .Dim = 52L, .Dimnames = structure(list(
        c("1", "2", "3", "4", "5", "6", "7", "8", "9", "10", 
        "11", "12", "13", "14", "15", "16", "17", "18", "19", 
        "20", "21", "22", "23", "24", "25", "26", "27", "28", 
        "29", "30", "31", "32", "33", "34", "35", "36", "37", 
        "38", "39", "40", "41", "43", "46", "47", "48", "49", 
        "51", "52", "54", "55", "58", "66")), .Names = ""), class = "table"), 
    No.Tag = structure(c(0L, 124L, 0L, 50L, 0L, 0L, 0L, 0L, 0L, 
    164L, 1L, 2L, 0L, 10L, 0L, 0L), .Dim = c(4L, 4L), .Dimnames = structure(list(
        c("-1", "0", "1", NA), c("C", "G", "T", NA)), .Names = c("", 
    "")), class = "table"), All.Tags = list(Concordant = list(
        Freqs = structure(c(3, 314, 2, 0, 0, 0, 0, 265, 0), .Dim = c(3L, 
        3L), .Dimnames = list(c("-1", "0", "1"), c("C", "G", 
        "T"))), N = 584), Majority = list(Freqs = structure(c(4, 
    356, 2, 0, 0, 0, 0, 316, 0), .Dim = c(3L, 3L), .Dimnames = list(
        c("-1", "0", "1"), c("C", "G", "T"))), N = 678)), `2` = structure(c(2, 
    260, 0, 0, 0, 0, 0, 229, 0), .Dim = c(3L, 3L), .Dimnames = list(
        c("-1", "0", "1"), c("C", "G", "T"))))))
