Results <-
list(`bwaOutput/20210421msiMNRsJenny/168888_S55.sam` = list(GM14_SNP1 = list(
    All = list(Freqs = structure(c(4L, 68L, 2224L, 11L, 6L, 0L, 
    0L, 4L, 0L, 0L, 0L, 0L, 31L, 1L, 0L), .Dim = c(5L, 3L), .Dimnames = structure(list(
        c("-2", "-1", "0", "1", NA), c("C", "T", NA)), .Names = c("", 
    "")), class = "table"), N = 2349L), Tag.Distribution = structure(c(`1` = 69L, 
    `2` = 15L, `3` = 5L, `4` = 15L, `5` = 9L, `6` = 6L, `7` = 7L, 
    `8` = 8L, `9` = 4L, `10` = 3L, `11` = 8L, `12` = 5L, `13` = 6L, 
    `14` = 9L, `15` = 5L, `16` = 2L, `17` = 5L, `18` = 2L, `19` = 2L, 
    `20` = 3L, `21` = 3L, `22` = 1L, `23` = 2L, `25` = 1L, `26` = 4L, 
    `27` = 1L, `28` = 3L, `29` = 2L, `31` = 2L, `32` = 1L, `33` = 1L, 
    `34` = 1L, `36` = 1L, `37` = 2L, `38` = 2L, `41` = 1L, `43` = 1L, 
    `44` = 1L, `45` = 1L, `46` = 1L, `47` = 1L, `55` = 1L, `91` = 1L
    ), .Dim = 43L, .Dimnames = structure(list(c("1", "2", "3", 
    "4", "5", "6", "7", "8", "9", "10", "11", "12", "13", "14", 
    "15", "16", "17", "18", "19", "20", "21", "22", "23", "25", 
    "26", "27", "28", "29", "31", "32", "33", "34", "36", "37", 
    "38", "41", "43", "44", "45", "46", "47", "55", "91")), .Names = ""), class = "table"), 
    No.Tag = structure(c(1L, 1L, 45L, 0L, 0L, 0L, 0L, 0L, 0L, 
    0L, 0L, 0L, 2L, 0L, 0L), .Dim = c(5L, 3L), .Dimnames = structure(list(
        c("-2", "-1", "0", "1", NA), c("C", "T", NA)), .Names = c("", 
    "")), class = "table"), All.Tags = list(Concordant = list(
        Freqs = structure(c(0, 2, 165, 0, 0, 0, 3, 0), .Dim = c(4L, 
        2L), .Dimnames = list(c("-2", "-1", "0", "1"), c("C", 
        "T"))), N = 170), Majority = list(Freqs = structure(c(0, 
    2, 215, 0, 0, 0, 3, 0), .Dim = c(4L, 2L), .Dimnames = list(
        c("-2", "-1", "0", "1"), c("C", "T"))), N = 220)), `2` = structure(c(0, 
    0, 153, 0, 0, 0, 0, 0), .Dim = c(4L, 2L), .Dimnames = list(
        c("-2", "-1", "0", "1"), c("C", "T"))))))
