Results <-
list(`bwaOutput/20210421msiMNRsJenny/168888_S55.sam` = list(LR52_SNP1 = list(
    All = list(Freqs = structure(c(0L, 1L, 14L, 250L, 2054L, 
    11L, 0L, 32L, 1L, 2L, 8L, 205L, 1445L, 14L, 1L, 18L, 0L, 
    0L, 0L, 9L, 600L, 5L, 0L, 0L), .Dim = c(8L, 3L), .Dimnames = structure(list(
        c("-4", "-3", "-2", "-1", "0", "1", "2", NA), c("C", 
        "T", NA)), .Names = c("", "")), class = "table"), N = 4670L), 
    Tag.Distribution = structure(c(`1` = 84L, `2` = 28L, `3` = 31L, 
    `4` = 14L, `5` = 22L, `6` = 14L, `7` = 17L, `8` = 13L, `9` = 9L, 
    `10` = 15L, `11` = 4L, `12` = 7L, `13` = 3L, `14` = 3L, `15` = 6L, 
    `16` = 4L, `17` = 11L, `18` = 10L, `19` = 5L, `20` = 7L, 
    `21` = 5L, `22` = 4L, `23` = 10L, `24` = 3L, `25` = 2L, `26` = 4L, 
    `27` = 5L, `28` = 4L, `29` = 1L, `30` = 1L, `31` = 5L, `32` = 4L, 
    `33` = 2L, `34` = 2L, `35` = 1L, `36` = 2L, `37` = 4L, `38` = 1L, 
    `39` = 3L, `43` = 1L, `45` = 3L, `46` = 3L, `47` = 1L, `48` = 1L, 
    `50` = 1L, `51` = 1L, `54` = 1L, `56` = 2L, `59` = 1L, `64` = 1L, 
    `74` = 1L), .Dim = 51L, .Dimnames = structure(list(c("1", 
    "2", "3", "4", "5", "6", "7", "8", "9", "10", "11", "12", 
    "13", "14", "15", "16", "17", "18", "19", "20", "21", "22", 
    "23", "24", "25", "26", "27", "28", "29", "30", "31", "32", 
    "33", "34", "35", "36", "37", "38", "39", "43", "45", "46", 
    "47", "48", "50", "51", "54", "56", "59", "64", "74")), .Names = ""), class = "table"), 
    No.Tag = structure(c(0L, 0L, 2L, 5L, 39L, 0L, 0L, 2L, 0L, 
    0L, 1L, 27L, 18L, 0L, 0L, 0L, 0L, 0L, 0L, 0L, 17L, 0L, 0L, 
    0L), .Dim = c(8L, 3L), .Dimnames = structure(list(c("-4", 
    "-3", "-2", "-1", "0", "1", "2", NA), c("C", "T", NA)), .Names = c("", 
    "")), class = "table"), All.Tags = list(Concordant = list(
        Freqs = structure(c(0, 0, 0, 3, 100, 0, 0, 0, 0, 0, 4, 
        75, 0, 0), .Dim = c(7L, 2L), .Dimnames = list(c("-4", 
        "-3", "-2", "-1", "0", "1", "2"), c("C", "T"))), N = 182), 
        Majority = list(Freqs = structure(c(0, 0, 0, 7, 196, 
        0, 0, 0, 0, 0, 6, 141, 0, 0), .Dim = c(7L, 2L), .Dimnames = list(
            c("-4", "-3", "-2", "-1", "0", "1", "2"), c("C", 
            "T"))), N = 350)), `2` = structure(c(0, 0, 0, 5, 
    178, 0, 0, 0, 0, 0, 3, 107, 0, 0), .Dim = c(7L, 2L), .Dimnames = list(
        c("-4", "-3", "-2", "-1", "0", "1", "2"), c("C", "T"))))))
