Results <-
list(`bwaOutput/20210421msiMNRsJenny/168888_S55.sam` = list(GM09_SNP1 = list(
    All = list(Freqs = structure(c(29L, 4850L, 7L, 1L, 0L, 35L, 
    0L, 1L, 0L, 1L, 0L, 0L, 0L, 40L, 0L, 0L), .Dim = c(4L, 4L
    ), .Dimnames = structure(list(c("-1", "0", "1", NA), c("A", 
    "G", "T", NA)), .Names = c("", "")), class = "table"), N = 4964L), 
    Tag.Distribution = structure(c(`1` = 102L, `2` = 22L, `3` = 17L, 
    `4` = 23L, `5` = 16L, `6` = 10L, `7` = 12L, `8` = 11L, `9` = 15L, 
    `10` = 12L, `11` = 13L, `12` = 9L, `13` = 10L, `14` = 6L, 
    `15` = 9L, `16` = 4L, `17` = 5L, `18` = 5L, `19` = 6L, `20` = 4L, 
    `21` = 5L, `22` = 4L, `23` = 4L, `24` = 3L, `25` = 2L, `26` = 3L, 
    `27` = 7L, `28` = 1L, `29` = 3L, `30` = 2L, `31` = 2L, `32` = 3L, 
    `33` = 2L, `34` = 3L, `35` = 2L, `37` = 3L, `38` = 4L, `39` = 1L, 
    `40` = 3L, `41` = 1L, `42` = 1L, `43` = 3L, `44` = 2L, `45` = 3L, 
    `46` = 1L, `47` = 2L, `49` = 1L, `51` = 1L, `52` = 1L, `53` = 2L, 
    `56` = 1L, `57` = 1L, `59` = 1L, `64` = 1L, `72` = 1L, `73` = 1L, 
    `84` = 1L), .Dim = 57L, .Dimnames = structure(list(c("1", 
    "2", "3", "4", "5", "6", "7", "8", "9", "10", "11", "12", 
    "13", "14", "15", "16", "17", "18", "19", "20", "21", "22", 
    "23", "24", "25", "26", "27", "28", "29", "30", "31", "32", 
    "33", "34", "35", "37", "38", "39", "40", "41", "42", "43", 
    "44", "45", "46", "47", "49", "51", "52", "53", "56", "57", 
    "59", "64", "72", "73", "84")), .Names = ""), class = "table"), 
    No.Tag = structure(c(0L, 101L, 0L, 0L, 0L, 3L, 0L, 1L, 0L, 
    0L, 0L, 0L, 0L, 5L, 0L, 0L), .Dim = c(4L, 4L), .Dimnames = structure(list(
        c("-1", "0", "1", NA), c("A", "G", "T", NA)), .Names = c("", 
    "")), class = "table"), All.Tags = list(Concordant = list(
        Freqs = structure(c(0, 347, 0, 0, 3, 0, 0, 0, 0), .Dim = c(3L, 
        3L), .Dimnames = list(c("-1", "0", "1"), c("A", "G", 
        "T"))), N = 350), Majority = list(Freqs = structure(c(0, 
    382, 0, 0, 3, 0, 0, 0, 0), .Dim = c(3L, 3L), .Dimnames = list(
        c("-1", "0", "1"), c("A", "G", "T"))), N = 385)), `2` = structure(c(0, 
    289, 0, 0, 0, 0, 0, 0, 0), .Dim = c(3L, 3L), .Dimnames = list(
        c("-1", "0", "1"), c("A", "G", "T"))))))
