Results <-
list(`bwaOutput/20210421msiMNRsJenny/168888_S55.sam` = list(LR46_SNP1 = list(
    All = list(Freqs = structure(c(1L, 16L, 6387L, 19L, 14L, 
    0L, 0L, 106L, 0L, 0L, 0L, 0L, 47L, 0L, 0L), .Dim = c(5L, 
    3L), .Dimnames = structure(list(c("-2", "-1", "0", "1", NA
    ), c("G", "T", NA)), .Names = c("", "")), class = "table"), 
        N = 6590L), Tag.Distribution = structure(c(`1` = 159L, 
    `2` = 42L, `3` = 22L, `4` = 22L, `5` = 25L, `6` = 15L, `7` = 14L, 
    `8` = 11L, `9` = 11L, `10` = 15L, `11` = 10L, `12` = 10L, 
    `13` = 10L, `14` = 7L, `15` = 9L, `16` = 9L, `17` = 13L, 
    `18` = 8L, `19` = 7L, `20` = 7L, `21` = 2L, `22` = 5L, `23` = 6L, 
    `24` = 4L, `25` = 9L, `26` = 7L, `28` = 4L, `29` = 2L, `30` = 3L, 
    `31` = 1L, `32` = 4L, `33` = 4L, `34` = 4L, `35` = 2L, `36` = 5L, 
    `37` = 6L, `38` = 2L, `39` = 1L, `40` = 1L, `41` = 3L, `42` = 1L, 
    `43` = 3L, `44` = 1L, `45` = 2L, `46` = 2L, `47` = 2L, `51` = 2L, 
    `52` = 1L, `53` = 1L, `56` = 1L, `59` = 3L, `60` = 1L, `61` = 1L, 
    `62` = 2L, `65` = 1L, `66` = 1L, `69` = 1L, `71` = 1L, `77` = 1L, 
    `80` = 1L), .Dim = 60L, .Dimnames = structure(list(c("1", 
    "2", "3", "4", "5", "6", "7", "8", "9", "10", "11", "12", 
    "13", "14", "15", "16", "17", "18", "19", "20", "21", "22", 
    "23", "24", "25", "26", "28", "29", "30", "31", "32", "33", 
    "34", "35", "36", "37", "38", "39", "40", "41", "42", "43", 
    "44", "45", "46", "47", "51", "52", "53", "56", "59", "60", 
    "61", "62", "65", "66", "69", "71", "77", "80")), .Names = ""), class = "table"), 
    No.Tag = structure(c(0L, 0L, 274L, 0L, 1L, 0L, 0L, 49L, 0L, 
    0L, 0L, 0L, 10L, 0L, 0L), .Dim = c(5L, 3L), .Dimnames = structure(list(
        c("-2", "-1", "0", "1", NA), c("G", "T", NA)), .Names = c("", 
    "")), class = "table"), All.Tags = list(Concordant = list(
        Freqs = structure(c(0, 3, 487, 1, 0, 0, 4, 0), .Dim = c(4L, 
        2L), .Dimnames = list(c("-2", "-1", "0", "1"), c("G", 
        "T"))), N = 495), Majority = list(Freqs = structure(c(0, 
    3, 515, 1, 0, 0, 4, 0), .Dim = c(4L, 2L), .Dimnames = list(
        c("-2", "-1", "0", "1"), c("G", "T"))), N = 523)), `2` = structure(c(0, 
    0, 369, 0, 0, 0, 2, 0), .Dim = c(4L, 2L), .Dimnames = list(
        c("-2", "-1", "0", "1"), c("G", "T"))))))
