Results <-
list(`bwaOutput/20210421msiMNRsJenny/168888_S55.sam` = list(LR10_SNP1 = list(
    All = list(Freqs = structure(c(0L, 0L, 1L, 0L, 0L, 1L, 47L, 
    2831L, 25L, 4L, 0L, 33L, 2736L, 9L, 4L, 0L, 0L, 90L, 0L, 
    0L), .Dim = 5:4, .Dimnames = structure(list(c("-2", "-1", 
    "0", "1", NA), c("-", "C", "T", NA)), .Names = c("", "")), class = "table"), 
        N = 5781L), Tag.Distribution = structure(c(`1` = 124L, 
    `2` = 42L, `3` = 37L, `4` = 35L, `5` = 12L, `6` = 16L, `7` = 18L, 
    `8` = 18L, `9` = 11L, `10` = 15L, `11` = 8L, `12` = 11L, 
    `13` = 14L, `14` = 12L, `15` = 6L, `16` = 16L, `17` = 11L, 
    `18` = 8L, `19` = 9L, `20` = 3L, `21` = 6L, `22` = 5L, `23` = 6L, 
    `24` = 5L, `25` = 4L, `26` = 4L, `27` = 5L, `28` = 4L, `29` = 5L, 
    `30` = 1L, `31` = 5L, `32` = 4L, `33` = 5L, `34` = 2L, `35` = 4L, 
    `36` = 4L, `38` = 1L, `40` = 5L, `42` = 2L, `43` = 1L, `44` = 3L, 
    `47` = 1L, `51` = 3L, `53` = 2L, `54` = 1L, `56` = 1L, `57` = 1L, 
    `63` = 1L), .Dim = 48L, .Dimnames = structure(list(c("1", 
    "2", "3", "4", "5", "6", "7", "8", "9", "10", "11", "12", 
    "13", "14", "15", "16", "17", "18", "19", "20", "21", "22", 
    "23", "24", "25", "26", "27", "28", "29", "30", "31", "32", 
    "33", "34", "35", "36", "38", "40", "42", "43", "44", "47", 
    "51", "53", "54", "56", "57", "63")), .Names = ""), class = "table"), 
    No.Tag = structure(c(0L, 0L, 0L, 0L, 0L, 0L, 2L, 99L, 2L, 
    0L, 0L, 1L, 105L, 0L, 0L, 0L, 0L, 7L, 0L, 0L), .Dim = 5:4, .Dimnames = structure(list(
        c("-2", "-1", "0", "1", NA), c("-", "C", "T", NA)), .Names = c("", 
    "")), class = "table"), All.Tags = list(Concordant = list(
        Freqs = structure(c(0, 0, 0, 0, 0, 1, 203, 0, 0, 1, 206, 
        0), .Dim = 4:3, .Dimnames = list(c("-2", "-1", "0", "1"
        ), c("-", "C", "T"))), N = 411), Majority = list(Freqs = structure(c(0, 
    0, 0, 0, 0, 1, 255, 0, 0, 1, 242, 0), .Dim = 4:3, .Dimnames = list(
        c("-2", "-1", "0", "1"), c("-", "C", "T"))), N = 499)), 
    `2` = structure(c(0, 0, 0, 0, 0, 0, 206, 0, 0, 0, 181, 0), .Dim = 4:3, .Dimnames = list(
        c("-2", "-1", "0", "1"), c("-", "C", "T"))))))
