Results <-
list(`bwaOutput/20210421msiMNRsJenny/168888_S55.sam` = list(IM49_SNP1 = list(
    All = list(Freqs = structure(c(0L, 0L, 0L, 1L, 0L, 0L, 0L, 
    0L, 0L, 0L, 5L, 0L, 0L, 0L, 1L, 7L, 209L, 7178L, 191L, 4L, 
    32L, 0L, 0L, 0L, 1L, 0L, 0L, 0L, 0L, 0L, 7L, 351L, 13L, 2L, 
    0L), .Dim = c(7L, 5L), .Dimnames = structure(list(c("-3", 
    "-2", "-1", "0", "1", "2", NA), c("-", "C", "G", "T", NA)), .Names = c("", 
    "")), class = "table"), N = 8002L), Tag.Distribution = structure(c(`1` = 210L, 
    `2` = 56L, `3` = 39L, `4` = 44L, `5` = 30L, `6` = 35L, `7` = 21L, 
    `8` = 30L, `9` = 22L, `10` = 21L, `11` = 18L, `12` = 19L, 
    `13` = 11L, `14` = 17L, `15` = 19L, `16` = 19L, `17` = 16L, 
    `18` = 5L, `19` = 5L, `20` = 11L, `21` = 8L, `22` = 11L, 
    `23` = 11L, `24` = 8L, `25` = 7L, `26` = 5L, `27` = 5L, `28` = 5L, 
    `29` = 7L, `30` = 6L, `31` = 3L, `32` = 1L, `33` = 2L, `34` = 5L, 
    `36` = 3L, `37` = 4L, `38` = 3L, `39` = 3L, `40` = 3L, `41` = 3L, 
    `43` = 3L, `44` = 5L, `48` = 2L, `49` = 1L, `50` = 2L, `51` = 2L, 
    `52` = 1L, `55` = 1L, `57` = 1L, `62` = 1L, `64` = 1L, `71` = 1L
    ), .Dim = 52L, .Dimnames = structure(list(c("1", "2", "3", 
    "4", "5", "6", "7", "8", "9", "10", "11", "12", "13", "14", 
    "15", "16", "17", "18", "19", "20", "21", "22", "23", "24", 
    "25", "26", "27", "28", "29", "30", "31", "32", "33", "34", 
    "36", "37", "38", "39", "40", "41", "43", "44", "48", "49", 
    "50", "51", "52", "55", "57", "62", "64", "71")), .Names = ""), class = "table"), 
    No.Tag = structure(c(0L, 0L, 0L, 0L, 0L, 0L, 0L, 0L, 0L, 
    0L, 0L, 0L, 0L, 0L, 0L, 0L, 6L, 164L, 3L, 0L, 1L, 0L, 0L, 
    0L, 0L, 0L, 0L, 0L, 0L, 0L, 1L, 17L, 1L, 0L, 0L), .Dim = c(7L, 
    5L), .Dimnames = structure(list(c("-3", "-2", "-1", "0", 
    "1", "2", NA), c("-", "C", "G", "T", NA)), .Names = c("", 
    "")), class = "table"), All.Tags = list(Concordant = list(
        Freqs = structure(c(0, 0, 0, 0, 0, 0, 0, 0, 0, 5, 0, 
        0, 0, 0, 4, 493, 4, 0, 0, 0, 0, 0, 0, 0), .Dim = c(6L, 
        4L), .Dimnames = list(c("-3", "-2", "-1", "0", "1", "2"
        ), c("-", "C", "G", "T"))), N = 506), Majority = list(
        Freqs = structure(c(0, 0, 0, 0, 0, 0, 0, 0, 0, 5, 0, 
        0, 0, 0, 5, 713, 5, 0, 0, 0, 0, 0, 0, 0), .Dim = c(6L, 
        4L), .Dimnames = list(c("-3", "-2", "-1", "0", "1", "2"
        ), c("-", "C", "G", "T"))), N = 728)), `2` = structure(c(0, 
    0, 0, 0, 0, 0, 0, 0, 0, 0, 0, 0, 0, 0, 2, 552, 1, 0, 0, 0, 
    0, 0, 0, 0), .Dim = c(6L, 4L), .Dimnames = list(c("-3", "-2", 
    "-1", "0", "1", "2"), c("-", "C", "G", "T"))))))
