Results <-
list(`bwaOutput/20210421msiMNRsJenny/168888_S55.sam` = list(LR44_SNP1 = list(
    All = list(Freqs = structure(c(2L, 5L, 81L, 846L, 9L, 3L, 
    0L, 0L, 0L, 3L, 0L, 0L, 0L, 0L, 2L, 15L, 0L, 0L, 0L, 0L, 
    3L, 27L, 2L, 0L), .Dim = c(6L, 4L), .Dimnames = structure(list(
        c("-3", "-2", "-1", "0", "1", NA), c("C", "G", "T", NA
        )), .Names = c("", "")), class = "table"), N = 998L), 
    Tag.Distribution = structure(c(`1` = 30L, `2` = 5L, `3` = 5L, 
    `4` = 4L, `5` = 5L, `6` = 4L, `7` = 6L, `8` = 5L, `9` = 5L, 
    `10` = 2L, `11` = 2L, `13` = 1L, `14` = 2L, `15` = 1L, `16` = 2L, 
    `18` = 2L, `19` = 1L, `22` = 1L, `23` = 3L, `24` = 1L, `25` = 1L, 
    `28` = 1L, `31` = 2L, `33` = 1L, `37` = 1L, `38` = 1L, `40` = 1L, 
    `41` = 2L, `42` = 1L, `54` = 1L), .Dim = 30L, .Dimnames = structure(list(
        c("1", "2", "3", "4", "5", "6", "7", "8", "9", "10", 
        "11", "13", "14", "15", "16", "18", "19", "22", "23", 
        "24", "25", "28", "31", "33", "37", "38", "40", "41", 
        "42", "54")), .Names = ""), class = "table"), No.Tag = structure(c(0L, 
    1L, 0L, 6L, 0L, 1L, 0L, 0L, 0L, 0L, 0L, 0L, 0L, 0L, 0L, 0L, 
    0L, 0L, 0L, 0L, 0L, 2L, 0L, 0L), .Dim = c(6L, 4L), .Dimnames = structure(list(
        c("-3", "-2", "-1", "0", "1", NA), c("C", "G", "T", NA
        )), .Names = c("", "")), class = "table"), All.Tags = list(
        Concordant = list(Freqs = structure(c(0, 0, 5, 60, 0, 
        0, 0, 0, 1, 0, 0, 0, 0, 2, 0), .Dim = c(5L, 3L), .Dimnames = list(
            c("-3", "-2", "-1", "0", "1"), c("C", "G", "T"))), 
            N = 68), Majority = list(Freqs = structure(c(0, 0, 
        5, 88, 0, 0, 0, 0, 1, 0, 0, 0, 0, 3, 0), .Dim = c(5L, 
        3L), .Dimnames = list(c("-3", "-2", "-1", "0", "1"), 
            c("C", "G", "T"))), N = 97)), `2` = structure(c(0, 
    0, 2, 63, 0, 0, 0, 0, 1, 0, 0, 0, 0, 2, 0), .Dim = c(5L, 
    3L), .Dimnames = list(c("-3", "-2", "-1", "0", "1"), c("C", 
    "G", "T"))))))
