Results <-
list(`bwaOutput/20210421msiMNRsJenny/168888_S55.sam` = list(GM29_SNP1 = list(
    All = list(Freqs = structure(c(0L, 0L, 2L, 0L, 0L, 1L, 114L, 
    7917L, 25L, 10L, 0L, 0L, 4L, 0L, 0L, 0L, 0L, 1L, 0L, 0L, 
    0L, 4L, 87L, 0L, 0L), .Dim = c(5L, 5L), .Dimnames = structure(list(
        c("-2", "-1", "0", "1", NA), c("-", "A", "G", "T", NA
        )), .Names = c("", "")), class = "table"), N = 8165L), 
    Tag.Distribution = structure(c(`1` = 123L, `2` = 43L, `3` = 31L, 
    `4` = 27L, `5` = 26L, `6` = 29L, `7` = 19L, `8` = 19L, `9` = 22L, 
    `10` = 16L, `11` = 18L, `12` = 9L, `13` = 10L, `14` = 13L, 
    `15` = 10L, `16` = 8L, `17` = 10L, `18` = 15L, `19` = 10L, 
    `20` = 1L, `21` = 7L, `22` = 7L, `23` = 7L, `24` = 10L, `25` = 7L, 
    `26` = 6L, `27` = 3L, `28` = 2L, `29` = 1L, `30` = 5L, `31` = 1L, 
    `32` = 3L, `33` = 2L, `35` = 2L, `36` = 3L, `37` = 5L, `38` = 6L, 
    `39` = 1L, `40` = 7L, `42` = 2L, `43` = 6L, `44` = 2L, `45` = 3L, 
    `46` = 2L, `47` = 2L, `48` = 2L, `49` = 4L, `50` = 1L, `52` = 2L, 
    `53` = 1L, `54` = 1L, `55` = 1L, `56` = 2L, `58` = 1L, `62` = 1L, 
    `65` = 1L, `66` = 1L, `67` = 1L, `72` = 1L, `74` = 1L, `84` = 2L, 
    `94` = 1L, `96` = 1L, `99` = 1L, `116` = 1L), .Dim = 65L, .Dimnames = structure(list(
        c("1", "2", "3", "4", "5", "6", "7", "8", "9", "10", 
        "11", "12", "13", "14", "15", "16", "17", "18", "19", 
        "20", "21", "22", "23", "24", "25", "26", "27", "28", 
        "29", "30", "31", "32", "33", "35", "36", "37", "38", 
        "39", "40", "42", "43", "44", "45", "46", "47", "48", 
        "49", "50", "52", "53", "54", "55", "56", "58", "62", 
        "65", "66", "67", "72", "74", "84", "94", "96", "99", 
        "116")), .Names = ""), class = "table"), No.Tag = structure(c(0L, 
    0L, 0L, 0L, 0L, 0L, 5L, 281L, 1L, 2L, 0L, 0L, 0L, 0L, 0L, 
    0L, 0L, 0L, 0L, 0L, 0L, 0L, 13L, 0L, 0L), .Dim = c(5L, 5L
    ), .Dimnames = structure(list(c("-2", "-1", "0", "1", NA), 
        c("-", "A", "G", "T", NA)), .Names = c("", "")), class = "table"), 
    All.Tags = list(Concordant = list(Freqs = structure(c(0, 
    0, 0, 0, 0, 2, 480, 0, 0, 0, 1, 0, 0, 0, 0, 0), .Dim = c(4L, 
    4L), .Dimnames = list(c("-2", "-1", "0", "1"), c("-", "A", 
    "G", "T"))), N = 483), Majority = list(Freqs = structure(c(0, 
    0, 0, 0, 0, 3, 575, 0, 0, 0, 1, 0, 0, 0, 0, 0), .Dim = c(4L, 
    4L), .Dimnames = list(c("-2", "-1", "0", "1"), c("-", "A", 
    "G", "T"))), N = 579)), `2` = structure(c(0, 0, 0, 0, 0, 
    1, 462, 0, 0, 0, 0, 0, 0, 0, 0, 0), .Dim = c(4L, 4L), .Dimnames = list(
        c("-2", "-1", "0", "1"), c("-", "A", "G", "T"))))))
