Results <-
list(`bwaOutput/20210421msiMNRsJenny/204448_S43.sam` = list(LR20_SNP1 = list(
    All = list(Freqs = structure(c(0L, 1L, 0L, 0L, 0L, 9L, 0L, 
    0L, 20L, 2468L, 5L, 2L, 0L, 26L, 1L, 0L), .Dim = c(4L, 4L
    ), .Dimnames = structure(list(c("-1", "0", "1", NA), c("-", 
    "A", "G", NA)), .Names = c("", "")), class = "table"), N = 2532L), 
    Tag.Distribution = structure(c(`1` = 70L, `2` = 8L, `3` = 5L, 
    `4` = 5L, `5` = 2L, `6` = 3L, `7` = 3L, `8` = 1L, `9` = 2L, 
    `10` = 1L, `11` = 2L, `12` = 4L, `13` = 2L, `14` = 2L, `15` = 5L, 
    `16` = 2L, `17` = 1L, `18` = 4L, `19` = 3L, `20` = 4L, `21` = 2L, 
    `22` = 4L, `23` = 7L, `24` = 2L, `25` = 2L, `26` = 2L, `28` = 1L, 
    `29` = 1L, `32` = 2L, `34` = 3L, `35` = 1L, `40` = 1L, `41` = 2L, 
    `43` = 3L, `44` = 1L, `45` = 1L, `47` = 1L, `53` = 1L, `55` = 1L, 
    `61` = 1L, `77` = 1L, `82` = 1L, `89` = 1L, `92` = 1L, `93` = 1L, 
    `96` = 1L), .Dim = 46L, .Dimnames = structure(list(c("1", 
    "2", "3", "4", "5", "6", "7", "8", "9", "10", "11", "12", 
    "13", "14", "15", "16", "17", "18", "19", "20", "21", "22", 
    "23", "24", "25", "26", "28", "29", "32", "34", "35", "40", 
    "41", "43", "44", "45", "47", "53", "55", "61", "77", "82", 
    "89", "92", "93", "96")), .Names = ""), class = "table"), 
    No.Tag = structure(c(0L, 0L, 0L, 0L, 0L, 2L, 0L, 0L, 0L, 
    77L, 1L, 1L, 0L, 4L, 0L, 0L), .Dim = c(4L, 4L), .Dimnames = structure(list(
        c("-1", "0", "1", NA), c("-", "A", "G", NA)), .Names = c("", 
    "")), class = "table"), All.Tags = list(Concordant = list(
        Freqs = structure(c(0, 0, 0, 0, 7, 0, 3, 153, 0), .Dim = c(3L, 
        3L), .Dimnames = list(c("-1", "0", "1"), c("-", "A", 
        "G"))), N = 163), Majority = list(Freqs = structure(c(0, 
    0, 0, 0, 7, 0, 3, 160, 0), .Dim = c(3L, 3L), .Dimnames = list(
        c("-1", "0", "1"), c("-", "A", "G"))), N = 170)), `2` = structure(c(0, 
    0, 0, 0, 0, 0, 1, 103, 0), .Dim = c(3L, 3L), .Dimnames = list(
        c("-1", "0", "1"), c("-", "A", "G"))))))
