Results <-
list(`bwaOutput/20210421msiMNRsJenny/204448_S43.sam` = list(LR52_SNP1 = list(
    All = list(Freqs = structure(c(0L, 0L, 0L, 1L, 0L, 0L, 6L, 
    97L, 496L, 425L, 1L, 33L, 0L, 15L, 154L, 527L, 4L, 15L, 0L, 
    1L, 15L, 172L, 3L, 0L), .Dim = c(6L, 4L), .Dimnames = structure(list(
        c("-3", "-2", "-1", "0", "1", NA), c("A", "C", "T", NA
        )), .Names = c("", "")), class = "table"), N = 1965L), 
    Tag.Distribution = structure(c(`1` = 57L, `2` = 2L, `4` = 2L, 
    `5` = 2L, `6` = 2L, `7` = 3L, `8` = 3L, `10` = 1L, `11` = 2L, 
    `12` = 1L, `14` = 2L, `15` = 1L, `17` = 2L, `18` = 2L, `19` = 1L, 
    `20` = 3L, `21` = 2L, `22` = 2L, `23` = 2L, `24` = 1L, `26` = 1L, 
    `27` = 1L, `30` = 1L, `31` = 2L, `32` = 2L, `33` = 2L, `34` = 2L, 
    `38` = 1L, `39` = 1L, `41` = 1L, `48` = 1L, `49` = 1L, `51` = 4L, 
    `52` = 1L, `53` = 1L, `56` = 1L, `57` = 1L, `58` = 2L, `60` = 1L, 
    `64` = 1L, `65` = 2L, `66` = 1L), .Dim = 42L, .Dimnames = structure(list(
        c("1", "2", "4", "5", "6", "7", "8", "10", "11", "12", 
        "14", "15", "17", "18", "19", "20", "21", "22", "23", 
        "24", "26", "27", "30", "31", "32", "33", "34", "38", 
        "39", "41", "48", "49", "51", "52", "53", "56", "57", 
        "58", "60", "64", "65", "66")), .Names = ""), class = "table"), 
    No.Tag = structure(c(0L, 0L, 0L, 0L, 0L, 0L, 0L, 1L, 4L, 
    1L, 0L, 0L, 0L, 0L, 4L, 7L, 0L, 0L, 0L, 0L, 0L, 4L, 0L, 0L
    ), .Dim = c(6L, 4L), .Dimnames = structure(list(c("-3", "-2", 
    "-1", "0", "1", NA), c("A", "C", "T", NA)), .Names = c("", 
    "")), class = "table"), All.Tags = list(Concordant = list(
        Freqs = structure(c(0, 0, 0, 0, 0, 1, 1, 7, 17, 0, 0, 
        3, 6, 32, 0), .Dim = c(5L, 3L), .Dimnames = list(c("-3", 
        "-2", "-1", "0", "1"), c("A", "C", "T"))), N = 67), Majority = list(
        Freqs = structure(c(0, 0, 0, 0, 0, 1, 2, 19, 31, 0, 0, 
        3, 12, 47, 0), .Dim = c(5L, 3L), .Dimnames = list(c("-3", 
        "-2", "-1", "0", "1"), c("A", "C", "T"))), N = 115)), 
    `2` = structure(c(0, 0, 0, 0, 0, 0, 1, 15, 19, 0, 0, 1, 7, 
    24, 0), .Dim = c(5L, 3L), .Dimnames = list(c("-3", "-2", 
    "-1", "0", "1"), c("A", "C", "T"))))))
