Results <-
list(`bwaOutput/20210421msiMNRsJenny/204448_S43.sam` = list(IM49_SNP1 = list(
    All = list(Freqs = structure(c(1L, 24L, 1791L, 8375L, 226L, 
    4L, 105L, 0L, 0L, 0L, 11L, 0L, 0L, 1L, 0L, 0L, 12L, 214L, 
    4L, 0L, 0L), .Dim = c(7L, 3L), .Dimnames = structure(list(
        c("-3", "-2", "-1", "0", "1", "2", NA), c("C", "G", NA
        )), .Names = c("", "")), class = "table"), N = 10768L), 
    Tag.Distribution = structure(c(`1` = 232L, `2` = 30L, `3` = 19L, 
    `4` = 14L, `5` = 15L, `6` = 9L, `7` = 13L, `8` = 12L, `9` = 10L, 
    `10` = 19L, `11` = 5L, `12` = 13L, `13` = 16L, `14` = 4L, 
    `15` = 7L, `16` = 10L, `17` = 7L, `18` = 6L, `19` = 14L, 
    `20` = 8L, `21` = 9L, `22` = 6L, `23` = 7L, `24` = 6L, `25` = 5L, 
    `26` = 9L, `27` = 6L, `28` = 7L, `29` = 8L, `30` = 7L, `31` = 9L, 
    `32` = 4L, `33` = 2L, `34` = 5L, `35` = 5L, `36` = 3L, `37` = 5L, 
    `38` = 2L, `39` = 7L, `40` = 3L, `41` = 3L, `42` = 4L, `43` = 4L, 
    `44` = 3L, `45` = 1L, `46` = 4L, `47` = 2L, `48` = 5L, `50` = 3L, 
    `51` = 5L, `52` = 2L, `53` = 3L, `54` = 2L, `55` = 3L, `56` = 1L, 
    `57` = 5L, `58` = 2L, `60` = 2L, `61` = 3L, `62` = 1L, `63` = 4L, 
    `64` = 1L, `65` = 2L, `69` = 1L, `70` = 1L, `71` = 2L, `72` = 1L, 
    `75` = 1L, `78` = 1L, `79` = 3L, `83` = 1L, `87` = 1L, `89` = 1L, 
    `99` = 1L, `102` = 1L, `106` = 1L), .Dim = 76L, .Dimnames = structure(list(
        c("1", "2", "3", "4", "5", "6", "7", "8", "9", "10", 
        "11", "12", "13", "14", "15", "16", "17", "18", "19", 
        "20", "21", "22", "23", "24", "25", "26", "27", "28", 
        "29", "30", "31", "32", "33", "34", "35", "36", "37", 
        "38", "39", "40", "41", "42", "43", "44", "45", "46", 
        "47", "48", "50", "51", "52", "53", "54", "55", "56", 
        "57", "58", "60", "61", "62", "63", "64", "65", "69", 
        "70", "71", "72", "75", "78", "79", "83", "87", "89", 
        "99", "102", "106")), .Names = ""), class = "table"), 
    No.Tag = structure(c(0L, 0L, 84L, 232L, 4L, 0L, 1L, 0L, 0L, 
    0L, 2L, 0L, 0L, 0L, 0L, 0L, 1L, 9L, 0L, 0L, 0L), .Dim = c(7L, 
    3L), .Dimnames = structure(list(c("-3", "-2", "-1", "0", 
    "1", "2", NA), c("C", "G", NA)), .Names = c("", "")), class = "table"), 
    All.Tags = list(Concordant = list(Freqs = structure(c(0, 
    1, 57, 311, 4, 0, 0, 0, 0, 8, 0, 0), .Dim = c(6L, 2L), .Dimnames = list(
        c("-3", "-2", "-1", "0", "1", "2"), c("C", "G"))), N = 381), 
        Majority = list(Freqs = structure(c(0, 1, 92, 510, 6, 
        0, 0, 0, 0, 8, 0, 0), .Dim = c(6L, 2L), .Dimnames = list(
            c("-3", "-2", "-1", "0", "1", "2"), c("C", "G"))), 
            N = 617)), `2` = structure(c(0, 0, 71, 352, 2, 0, 
    0, 0, 0, 0, 0, 0), .Dim = c(6L, 2L), .Dimnames = list(c("-3", 
    "-2", "-1", "0", "1", "2"), c("C", "G"))))))
