Results <-
list(`bwaOutput/20210421msiMNRsJenny/204448_S43.sam` = list(LR11_SNP1 = list(
    All = list(Freqs = structure(c(0L, 0L, 1L, 0L, 0L, 1L, 57L, 
    2006L, 16L, 5L, 3L, 446L, 1082L, 5L, 10L, 1L, 15L, 72L, 0L, 
    0L), .Dim = 5:4, .Dimnames = structure(list(c("-2", "-1", 
    "0", "1", NA), c("-", "A", "C", NA)), .Names = c("", "")), class = "table"), 
        N = 3720L), Tag.Distribution = structure(c(`1` = 111L, 
    `2` = 4L, `3` = 5L, `4` = 3L, `5` = 4L, `6` = 1L, `7` = 6L, 
    `9` = 2L, `10` = 3L, `11` = 2L, `12` = 6L, `13` = 3L, `14` = 6L, 
    `15` = 4L, `16` = 3L, `17` = 2L, `18` = 1L, `19` = 7L, `20` = 7L, 
    `22` = 2L, `23` = 2L, `24` = 1L, `25` = 1L, `26` = 2L, `27` = 4L, 
    `28` = 3L, `29` = 4L, `30` = 3L, `31` = 2L, `32` = 2L, `33` = 3L, 
    `36` = 1L, `37` = 2L, `38` = 3L, `39` = 4L, `40` = 4L, `41` = 3L, 
    `42` = 2L, `43` = 1L, `45` = 1L, `46` = 1L, `47` = 2L, `49` = 2L, 
    `50` = 3L, `53` = 1L, `54` = 1L, `56` = 1L, `59` = 1L, `60` = 2L, 
    `63` = 1L, `70` = 1L, `71` = 1L, `73` = 1L), .Dim = 53L, .Dimnames = structure(list(
        c("1", "2", "3", "4", "5", "6", "7", "9", "10", "11", 
        "12", "13", "14", "15", "16", "17", "18", "19", "20", 
        "22", "23", "24", "25", "26", "27", "28", "29", "30", 
        "31", "32", "33", "36", "37", "38", "39", "40", "41", 
        "42", "43", "45", "46", "47", "49", "50", "53", "54", 
        "56", "59", "60", "63", "70", "71", "73")), .Names = ""), class = "table"), 
    No.Tag = structure(c(0L, 0L, 0L, 0L, 0L, 0L, 1L, 50L, 0L, 
    0L, 0L, 75L, 17L, 0L, 2L, 0L, 4L, 3L, 0L, 0L), .Dim = 5:4, .Dimnames = structure(list(
        c("-2", "-1", "0", "1", NA), c("-", "A", "C", NA)), .Names = c("", 
    "")), class = "table"), All.Tags = list(Concordant = list(
        Freqs = structure(c(0, 0, 0, 0, 0, 1, 99, 0, 0, 17, 59, 
        0), .Dim = 4:3, .Dimnames = list(c("-2", "-1", "0", "1"
        ), c("-", "A", "C"))), N = 176), Majority = list(Freqs = structure(c(0, 
    0, 0, 0, 0, 2, 135, 0, 0, 22, 79, 0), .Dim = 4:3, .Dimnames = list(
        c("-2", "-1", "0", "1"), c("-", "A", "C"))), N = 238)), 
    `2` = structure(c(0, 0, 0, 0, 0, 2, 74, 0, 0, 16, 44, 0), .Dim = 4:3, .Dimnames = list(
        c("-2", "-1", "0", "1"), c("-", "A", "C"))))))
