Results <-
list(`bwaOutput/20210421msiMNRsJenny/204448_S43.sam` = list(LR36_SNP1 = list(
    All = list(Freqs = structure(c(0L, 3L, 63L, 1139L, 2059L, 
    20L, 0L, 69L, 0L, 0L, 0L, 0L, 1L, 0L, 0L, 0L, 0L, 0L, 0L, 
    0L, 1L, 0L, 0L, 1L, 1L, 2L, 36L, 783L, 1863L, 19L, 14L, 50L, 
    0L, 0L, 1L, 38L, 217L, 0L, 0L, 0L), .Dim = c(8L, 5L), .Dimnames = structure(list(
        c("-4", "-3", "-2", "-1", "0", "1", "2", NA), c("A", 
        "C", "G", "T", NA)), .Names = c("", "")), class = "table"), 
        N = 6380L), Tag.Distribution = structure(c(`1` = 131L, 
    `2` = 16L, `3` = 10L, `4` = 3L, `5` = 9L, `6` = 7L, `7` = 6L, 
    `8` = 4L, `9` = 7L, `10` = 6L, `11` = 8L, `12` = 4L, `13` = 6L, 
    `14` = 8L, `15` = 4L, `16` = 5L, `17` = 4L, `18` = 3L, `19` = 6L, 
    `20` = 6L, `21` = 6L, `22` = 5L, `24` = 6L, `25` = 6L, `26` = 7L, 
    `27` = 3L, `28` = 6L, `29` = 3L, `30` = 4L, `31` = 3L, `32` = 3L, 
    `33` = 5L, `34` = 3L, `35` = 4L, `37` = 1L, `38` = 1L, `39` = 2L, 
    `40` = 4L, `41` = 3L, `42` = 2L, `43` = 1L, `44` = 2L, `45` = 3L, 
    `46` = 4L, `47` = 1L, `48` = 1L, `49` = 1L, `50` = 2L, `52` = 1L, 
    `54` = 2L, `55` = 1L, `57` = 2L, `58` = 2L, `59` = 2L, `61` = 1L, 
    `63` = 1L, `65` = 3L, `66` = 1L, `67` = 1L, `70` = 2L, `71` = 1L, 
    `73` = 2L, `74` = 1L, `76` = 1L, `80` = 1L, `81` = 2L, `84` = 1L
    ), .Dim = 67L, .Dimnames = structure(list(c("1", "2", "3", 
    "4", "5", "6", "7", "8", "9", "10", "11", "12", "13", "14", 
    "15", "16", "17", "18", "19", "20", "21", "22", "24", "25", 
    "26", "27", "28", "29", "30", "31", "32", "33", "34", "35", 
    "37", "38", "39", "40", "41", "42", "43", "44", "45", "46", 
    "47", "48", "49", "50", "52", "54", "55", "57", "58", "59", 
    "61", "63", "65", "66", "67", "70", "71", "73", "74", "76", 
    "80", "81", "84")), .Names = ""), class = "table"), No.Tag = structure(c(0L, 
    0L, 3L, 31L, 48L, 1L, 0L, 7L, 0L, 0L, 0L, 0L, 1L, 0L, 0L, 
    0L, 0L, 0L, 0L, 0L, 0L, 0L, 0L, 1L, 0L, 0L, 0L, 21L, 99L, 
    1L, 0L, 7L, 0L, 0L, 0L, 4L, 19L, 0L, 0L, 0L), .Dim = c(8L, 
    5L), .Dimnames = structure(list(c("-4", "-3", "-2", "-1", 
    "0", "1", "2", NA), c("A", "C", "G", "T", NA)), .Names = c("", 
    "")), class = "table"), All.Tags = list(Concordant = list(
        Freqs = structure(c(0, 0, 2, 31, 97, 0, 0, 0, 0, 0, 0, 
        0, 0, 0, 0, 0, 0, 0, 0, 0, 0, 0, 0, 1, 32, 73, 0, 1), .Dim = c(7L, 
        4L), .Dimnames = list(c("-4", "-3", "-2", "-1", "0", 
        "1", "2"), c("A", "C", "G", "T"))), N = 237), Majority = list(
        Freqs = structure(c(0, 0, 2, 49, 137, 0, 0, 0, 0, 0, 
        0, 0, 0, 0, 0, 0, 0, 0, 0, 0, 0, 0, 0, 2, 43, 112, 0, 
        1), .Dim = c(7L, 4L), .Dimnames = list(c("-4", "-3", 
        "-2", "-1", "0", "1", "2"), c("A", "C", "G", "T"))), 
        N = 346)), `2` = structure(c(0, 0, 1, 38, 89, 0, 0, 0, 
    0, 0, 0, 0, 0, 0, 0, 0, 0, 0, 0, 0, 0, 0, 0, 1, 29, 81, 0, 
    1), .Dim = c(7L, 4L), .Dimnames = list(c("-4", "-3", "-2", 
    "-1", "0", "1", "2"), c("A", "C", "G", "T"))))))
