Results <-
list(`bwaOutput/20210421msiMNRsJenny/204448_S43.sam` = list(GM22_SNP1 = list(
    All = list(Freqs = structure(c(4L, 159L, 5583L, 23L, 7L, 
    0L, 0L, 1L, 0L, 0L, 0L, 0L, 3L, 0L, 0L, 0L, 3L, 82L, 2L, 
    0L), .Dim = 5:4, .Dimnames = structure(list(c("-2", "-1", 
    "0", "1", NA), c("A", "C", "G", NA)), .Names = c("", "")), class = "table"), 
        N = 5867L), Tag.Distribution = structure(c(`1` = 126L, 
    `2` = 8L, `3` = 4L, `4` = 1L, `5` = 3L, `6` = 4L, `7` = 3L, 
    `8` = 1L, `9` = 5L, `10` = 6L, `11` = 5L, `12` = 4L, `13` = 4L, 
    `14` = 2L, `15` = 4L, `16` = 3L, `18` = 2L, `19` = 3L, `20` = 2L, 
    `21` = 1L, `22` = 2L, `23` = 3L, `24` = 2L, `26` = 4L, `27` = 3L, 
    `28` = 3L, `29` = 3L, `30` = 1L, `31` = 3L, `32` = 1L, `35` = 1L, 
    `36` = 3L, `37` = 2L, `40` = 3L, `41` = 4L, `42` = 2L, `43` = 2L, 
    `44` = 2L, `45` = 3L, `46` = 2L, `48` = 4L, `49` = 3L, `50` = 2L, 
    `51` = 1L, `52` = 4L, `53` = 3L, `54` = 1L, `57` = 1L, `58` = 1L, 
    `59` = 2L, `60` = 1L, `61` = 1L, `62` = 1L, `63` = 1L, `64` = 1L, 
    `67` = 1L, `68` = 1L, `69` = 1L, `72` = 1L, `73` = 3L, `74` = 2L, 
    `78` = 1L, `82` = 1L, `83` = 1L, `84` = 1L, `85` = 1L, `86` = 1L, 
    `87` = 2L, `90` = 1L, `94` = 1L, `131` = 1L, `137` = 1L), .Dim = 72L, .Dimnames = structure(list(
        c("1", "2", "3", "4", "5", "6", "7", "8", "9", "10", 
        "11", "12", "13", "14", "15", "16", "18", "19", "20", 
        "21", "22", "23", "24", "26", "27", "28", "29", "30", 
        "31", "32", "35", "36", "37", "40", "41", "42", "43", 
        "44", "45", "46", "48", "49", "50", "51", "52", "53", 
        "54", "57", "58", "59", "60", "61", "62", "63", "64", 
        "67", "68", "69", "72", "73", "74", "78", "82", "83", 
        "84", "85", "86", "87", "90", "94", "131", "137")), .Names = ""), class = "table"), 
    No.Tag = structure(c(1L, 2L, 199L, 1L, 1L, 0L, 0L, 0L, 0L, 
    0L, 0L, 0L, 0L, 0L, 0L, 0L, 0L, 8L, 0L, 0L), .Dim = 5:4, .Dimnames = structure(list(
        c("-2", "-1", "0", "1", NA), c("A", "C", "G", NA)), .Names = c("", 
    "")), class = "table"), All.Tags = list(Concordant = list(
        Freqs = structure(c(0, 9, 202, 0, 0, 0, 0, 0, 0, 0, 1, 
        0), .Dim = 4:3, .Dimnames = list(c("-2", "-1", "0", "1"
        ), c("A", "C", "G"))), N = 212), Majority = list(Freqs = structure(c(0, 
    9, 268, 0, 0, 0, 0, 0, 0, 0, 1, 0), .Dim = 4:3, .Dimnames = list(
        c("-2", "-1", "0", "1"), c("A", "C", "G"))), N = 278)), 
    `2` = structure(c(0, 1, 160, 0, 0, 0, 0, 0, 0, 0, 0, 0), .Dim = 4:3, .Dimnames = list(
        c("-2", "-1", "0", "1"), c("A", "C", "G"))))))
