Results <-
list(`bwaOutput/20210421msiMNRsJenny/204448_S43.sam` = list(LR44_SNP1 = list(
    All = list(Freqs = structure(c(0L, 1L, 46L, 361L, 922L, 18L, 
    0L, 6L, 0L, 0L, 0L, 0L, 1L, 0L, 0L, 0L, 1L, 1L, 7L, 180L, 
    1376L, 21L, 1L, 6L, 0L, 0L, 1L, 8L, 52L, 2L, 0L, 0L), .Dim = c(8L, 
    4L), .Dimnames = structure(list(c("-4", "-3", "-2", "-1", 
    "0", "1", "2", NA), c("C", "G", "T", NA)), .Names = c("", 
    "")), class = "table"), N = 3011L), Tag.Distribution = structure(c(`1` = 52L, 
    `2` = 4L, `3` = 3L, `4` = 1L, `5` = 3L, `6` = 7L, `7` = 5L, 
    `8` = 6L, `9` = 3L, `10` = 1L, `11` = 3L, `12` = 5L, `13` = 2L, 
    `14` = 3L, `15` = 2L, `16` = 6L, `17` = 2L, `18` = 3L, `19` = 5L, 
    `20` = 2L, `21` = 3L, `22` = 3L, `23` = 2L, `24` = 1L, `25` = 1L, 
    `27` = 1L, `28` = 2L, `29` = 2L, `30` = 3L, `31` = 2L, `33` = 2L, 
    `34` = 1L, `35` = 2L, `36` = 2L, `37` = 1L, `38` = 2L, `39` = 1L, 
    `40` = 1L, `41` = 1L, `42` = 1L, `45` = 1L, `46` = 2L, `47` = 1L, 
    `48` = 1L, `54` = 1L, `57` = 2L, `60` = 1L, `62` = 2L, `65` = 1L, 
    `69` = 1L, `79` = 1L, `82` = 1L, `90` = 1L, `107` = 1L), .Dim = 54L, .Dimnames = structure(list(
        c("1", "2", "3", "4", "5", "6", "7", "8", "9", "10", 
        "11", "12", "13", "14", "15", "16", "17", "18", "19", 
        "20", "21", "22", "23", "24", "25", "27", "28", "29", 
        "30", "31", "33", "34", "35", "36", "37", "38", "39", 
        "40", "41", "42", "45", "46", "47", "48", "54", "57", 
        "60", "62", "65", "69", "79", "82", "90", "107")), .Names = ""), class = "table"), 
    No.Tag = structure(c(0L, 0L, 1L, 5L, 64L, 0L, 0L, 0L, 0L, 
    0L, 0L, 0L, 0L, 0L, 0L, 0L, 0L, 0L, 1L, 4L, 57L, 1L, 0L, 
    0L, 0L, 0L, 0L, 2L, 6L, 0L, 0L, 0L), .Dim = c(8L, 4L), .Dimnames = structure(list(
        c("-4", "-3", "-2", "-1", "0", "1", "2", NA), c("C", 
        "G", "T", NA)), .Names = c("", "")), class = "table"), 
    All.Tags = list(Concordant = list(Freqs = structure(c(0, 
    0, 3, 14, 26, 2, 0, 0, 0, 0, 0, 0, 0, 0, 0, 0, 0, 4, 36, 
    0, 0), .Dim = c(7L, 3L), .Dimnames = list(c("-4", "-3", "-2", 
    "-1", "0", "1", "2"), c("C", "G", "T"))), N = 85), Majority = list(
        Freqs = structure(c(0, 0, 4, 22, 55, 2, 0, 0, 0, 0, 0, 
        0, 0, 0, 0, 0, 0, 5, 74, 0, 0), .Dim = c(7L, 3L), .Dimnames = list(
            c("-4", "-3", "-2", "-1", "0", "1", "2"), c("C", 
            "G", "T"))), N = 162)), `2` = structure(c(0, 0, 2, 
    19, 42, 0, 0, 0, 0, 0, 0, 0, 0, 0, 0, 0, 0, 2, 52, 0, 0), .Dim = c(7L, 
    3L), .Dimnames = list(c("-4", "-3", "-2", "-1", "0", "1", 
    "2"), c("C", "G", "T"))))))
