Results <-
list(`bwaOutput/20210421msiMNRsJenny/204448_S43.sam` = list(GM26_SNP1 = list(
    All = list(Freqs = structure(c(0L, 0L, 73L, 0L, 0L, 1L, 2L, 
    17L, 2143L, 433L, 3L, 17L, 0L, 0L, 57L, 7L, 0L, 0L), .Dim = c(6L, 
    3L), .Dimnames = structure(list(c("-2", "-1", "0", "1", "2", 
    NA), c("A", "G", NA)), .Names = c("", "")), class = "table"), 
        N = 2753L), Tag.Distribution = structure(c(`1` = 60L, 
    `2` = 2L, `3` = 6L, `4` = 4L, `5` = 3L, `6` = 2L, `8` = 1L, 
    `9` = 2L, `10` = 2L, `11` = 3L, `13` = 5L, `14` = 5L, `15` = 5L, 
    `16` = 2L, `18` = 2L, `20` = 1L, `21` = 4L, `22` = 1L, `23` = 3L, 
    `24` = 1L, `25` = 1L, `26` = 2L, `27` = 2L, `28` = 4L, `29` = 1L, 
    `30` = 2L, `31` = 2L, `32` = 3L, `33` = 1L, `34` = 1L, `35` = 2L, 
    `36` = 2L, `38` = 1L, `40` = 1L, `42` = 1L, `43` = 1L, `44` = 1L, 
    `45` = 1L, `46` = 1L, `48` = 1L, `49` = 1L, `50` = 1L, `51` = 1L, 
    `53` = 3L, `54` = 1L, `56` = 2L, `63` = 2L, `66` = 1L, `69` = 1L, 
    `70` = 1L, `72` = 1L, `96` = 1L), .Dim = 52L, .Dimnames = structure(list(
        c("1", "2", "3", "4", "5", "6", "8", "9", "10", "11", 
        "13", "14", "15", "16", "18", "20", "21", "22", "23", 
        "24", "25", "26", "27", "28", "29", "30", "31", "32", 
        "33", "34", "35", "36", "38", "40", "42", "43", "44", 
        "45", "46", "48", "49", "50", "51", "53", "54", "56", 
        "63", "66", "69", "70", "72", "96")), .Names = ""), class = "table"), 
    No.Tag = structure(c(0L, 0L, 3L, 0L, 0L, 0L, 1L, 0L, 20L, 
    3L, 0L, 1L, 0L, 0L, 4L, 1L, 0L, 0L), .Dim = c(6L, 3L), .Dimnames = structure(list(
        c("-2", "-1", "0", "1", "2", NA), c("A", "G", NA)), .Names = c("", 
    "")), class = "table"), All.Tags = list(Concordant = list(
        Freqs = structure(c(0, 0, 18, 0, 0, 0, 0, 98, 12, 0), .Dim = c(5L, 
        2L), .Dimnames = list(c("-2", "-1", "0", "1", "2"), c("A", 
        "G"))), N = 128), Majority = list(Freqs = structure(c(0, 
    0, 18, 0, 0, 0, 0, 114, 18, 0), .Dim = c(5L, 2L), .Dimnames = list(
        c("-2", "-1", "0", "1", "2"), c("A", "G"))), N = 150)), 
    `2` = structure(c(0, 0, 2, 0, 0, 0, 0, 85, 14, 0), .Dim = c(5L, 
    2L), .Dimnames = list(c("-2", "-1", "0", "1", "2"), c("A", 
    "G"))))))
