Results <-
list(`bwaOutput/20210421msiMNRsJenny/204448_S43.sam` = list(LR10_SNP1 = list(
    All = list(Freqs = structure(c(0L, 0L, 1L, 0L, 0L, 0L, 1L, 
    99L, 0L, 0L, 1L, 40L, 3080L, 10L, 4L, 0L, 0L, 55L, 1L, 0L
    ), .Dim = 5:4, .Dimnames = structure(list(c("-2", "-1", "0", 
    "1", NA), c("-", "C", "T", NA)), .Names = c("", "")), class = "table"), 
        N = 3292L), Tag.Distribution = structure(c(`1` = 88L, 
    `2` = 7L, `3` = 2L, `4` = 5L, `5` = 3L, `6` = 2L, `7` = 4L, 
    `8` = 3L, `9` = 3L, `10` = 2L, `11` = 4L, `12` = 1L, `13` = 2L, 
    `14` = 1L, `15` = 4L, `16` = 2L, `17` = 3L, `19` = 4L, `20` = 2L, 
    `21` = 3L, `22` = 2L, `23` = 3L, `24` = 4L, `25` = 1L, `26` = 5L, 
    `27` = 3L, `28` = 2L, `29` = 1L, `30` = 3L, `31` = 1L, `32` = 2L, 
    `33` = 1L, `34` = 1L, `35` = 1L, `36` = 6L, `37` = 1L, `39` = 1L, 
    `40` = 1L, `41` = 1L, `42` = 1L, `44` = 2L, `45` = 1L, `46` = 1L, 
    `48` = 1L, `52` = 1L, `53` = 1L, `54` = 2L, `56` = 1L, `57` = 1L, 
    `58` = 1L, `62` = 1L, `64` = 1L, `66` = 1L, `71` = 1L, `74` = 1L, 
    `75` = 1L, `80` = 1L, `83` = 1L, `93` = 1L), .Dim = 59L, .Dimnames = structure(list(
        c("1", "2", "3", "4", "5", "6", "7", "8", "9", "10", 
        "11", "12", "13", "14", "15", "16", "17", "19", "20", 
        "21", "22", "23", "24", "25", "26", "27", "28", "29", 
        "30", "31", "32", "33", "34", "35", "36", "37", "39", 
        "40", "41", "42", "44", "45", "46", "48", "52", "53", 
        "54", "56", "57", "58", "62", "64", "66", "71", "74", 
        "75", "80", "83", "93")), .Names = ""), class = "table"), 
    No.Tag = structure(c(0L, 0L, 0L, 0L, 0L, 0L, 0L, 4L, 0L, 
    0L, 0L, 1L, 101L, 1L, 0L, 0L, 0L, 2L, 0L, 0L), .Dim = 5:4, .Dimnames = structure(list(
        c("-2", "-1", "0", "1", NA), c("-", "C", "T", NA)), .Names = c("", 
    "")), class = "table"), All.Tags = list(Concordant = list(
        Freqs = structure(c(0, 0, 0, 0, 0, 0, 12, 0, 0, 2, 159, 
        0), .Dim = 4:3, .Dimnames = list(c("-2", "-1", "0", "1"
        ), c("-", "C", "T"))), N = 173), Majority = list(Freqs = structure(c(0, 
    0, 0, 0, 0, 0, 13, 0, 0, 3, 190, 0), .Dim = 4:3, .Dimnames = list(
        c("-2", "-1", "0", "1"), c("-", "C", "T"))), N = 206)), 
    `2` = structure(c(0, 0, 0, 0, 0, 0, 1, 0, 0, 1, 117, 0), .Dim = 4:3, .Dimnames = list(
        c("-2", "-1", "0", "1"), c("-", "C", "T"))))))
