Results <-
list(`bwaOutput/20210421msiMNRsJenny/204448_S43.sam` = list(GM09_SNP1 = list(
    All = list(Freqs = structure(c(20L, 3010L, 6L, 0L, 11L, 2298L, 
    2L, 1L, 0L, 1L, 0L, 0L, 0L, 33L, 0L, 0L), .Dim = c(4L, 4L
    ), .Dimnames = structure(list(c("-1", "0", "1", NA), c("A", 
    "G", "T", NA)), .Names = c("", "")), class = "table"), N = 5382L), 
    Tag.Distribution = structure(c(`1` = 139L, `2` = 8L, `3` = 5L, 
    `4` = 6L, `5` = 8L, `6` = 11L, `7` = 6L, `8` = 9L, `9` = 9L, 
    `10` = 6L, `11` = 2L, `12` = 2L, `13` = 3L, `14` = 4L, `15` = 4L, 
    `16` = 2L, `17` = 4L, `18` = 2L, `19` = 8L, `20` = 3L, `21` = 4L, 
    `22` = 2L, `23` = 3L, `24` = 2L, `25` = 5L, `26` = 1L, `27` = 1L, 
    `28` = 3L, `29` = 4L, `30` = 4L, `31` = 2L, `32` = 6L, `33` = 1L, 
    `34` = 2L, `36` = 5L, `37` = 2L, `38` = 5L, `39` = 2L, `40` = 3L, 
    `41` = 1L, `42` = 2L, `43` = 1L, `44` = 1L, `46` = 2L, `47` = 3L, 
    `48` = 1L, `49` = 1L, `50` = 1L, `51` = 2L, `52` = 4L, `53` = 1L, 
    `55` = 1L, `56` = 5L, `57` = 2L, `58` = 1L, `59` = 2L, `60` = 1L, 
    `62` = 1L, `63` = 1L, `65` = 1L, `67` = 1L, `69` = 1L, `71` = 1L, 
    `72` = 1L, `77` = 1L, `86` = 1L, `91` = 1L), .Dim = 67L, .Dimnames = structure(list(
        c("1", "2", "3", "4", "5", "6", "7", "8", "9", "10", 
        "11", "12", "13", "14", "15", "16", "17", "18", "19", 
        "20", "21", "22", "23", "24", "25", "26", "27", "28", 
        "29", "30", "31", "32", "33", "34", "36", "37", "38", 
        "39", "40", "41", "42", "43", "44", "46", "47", "48", 
        "49", "50", "51", "52", "53", "55", "56", "57", "58", 
        "59", "60", "62", "63", "65", "67", "69", "71", "72", 
        "77", "86", "91")), .Names = ""), class = "table"), No.Tag = structure(c(1L, 
    124L, 1L, 0L, 0L, 47L, 0L, 1L, 0L, 0L, 0L, 0L, 0L, 1L, 0L, 
    0L), .Dim = c(4L, 4L), .Dimnames = structure(list(c("-1", 
    "0", "1", NA), c("A", "G", "T", NA)), .Names = c("", "")), class = "table"), 
    All.Tags = list(Concordant = list(Freqs = structure(c(0, 
    167, 0, 0, 132, 0, 0, 0, 0), .Dim = c(3L, 3L), .Dimnames = list(
        c("-1", "0", "1"), c("A", "G", "T"))), N = 299), Majority = list(
        Freqs = structure(c(0, 182, 0, 0, 148, 0, 0, 0, 0), .Dim = c(3L, 
        3L), .Dimnames = list(c("-1", "0", "1"), c("A", "G", 
        "T"))), N = 330)), `2` = structure(c(0, 110, 0, 0, 89, 
    0, 0, 0, 0), .Dim = c(3L, 3L), .Dimnames = list(c("-1", "0", 
    "1"), c("A", "G", "T"))))))
