Results <-
list(`bwaOutput/20210421msiMNRsJenny/204448_S43.sam` = list(GM11_SNP1 = list(
    All = list(Freqs = structure(c(1L, 0L, 777L, 0L, 1L, 0L, 
    3L, 469L, 2L, 1L, 0L, 1L, 10L, 0L, 0L), .Dim = c(5L, 3L), .Dimnames = structure(list(
        c("-4", "-1", "0", "1", NA), c("A", "G", NA)), .Names = c("", 
    "")), class = "table"), N = 1265L), Tag.Distribution = structure(c(`1` = 35L, 
    `2` = 1L, `3` = 2L, `4` = 2L, `5` = 3L, `6` = 3L, `7` = 1L, 
    `8` = 1L, `9` = 1L, `10` = 2L, `11` = 3L, `14` = 2L, `16` = 2L, 
    `17` = 3L, `20` = 1L, `22` = 1L, `23` = 1L, `24` = 3L, `25` = 1L, 
    `29` = 1L, `31` = 2L, `33` = 1L, `34` = 1L, `38` = 1L, `40` = 1L, 
    `46` = 1L, `53` = 2L, `54` = 1L, `55` = 1L, `58` = 2L, `61` = 1L, 
    `65` = 1L, `66` = 1L), .Dim = 33L, .Dimnames = structure(list(
        c("1", "2", "3", "4", "5", "6", "7", "8", "9", "10", 
        "11", "14", "16", "17", "20", "22", "23", "24", "25", 
        "29", "31", "33", "34", "38", "40", "46", "53", "54", 
        "55", "58", "61", "65", "66")), .Names = ""), class = "table"), 
    No.Tag = structure(c(0L, 0L, 19L, 0L, 0L, 0L, 0L, 6L, 0L, 
    0L, 0L, 0L, 1L, 0L, 0L), .Dim = c(5L, 3L), .Dimnames = structure(list(
        c("-4", "-1", "0", "1", NA), c("A", "G", NA)), .Names = c("", 
    "")), class = "table"), All.Tags = list(Concordant = list(
        Freqs = structure(c(0, 0, 58, 0, 0, 0, 19, 0), .Dim = c(4L, 
        2L), .Dimnames = list(c("-4", "-1", "0", "1"), c("A", 
        "G"))), N = 77), Majority = list(Freqs = structure(c(0, 
    0, 59, 0, 0, 0, 23, 0), .Dim = c(4L, 2L), .Dimnames = list(
        c("-4", "-1", "0", "1"), c("A", "G"))), N = 82)), `2` = structure(c(0, 
    0, 29, 0, 0, 0, 21, 0), .Dim = c(4L, 2L), .Dimnames = list(
        c("-4", "-1", "0", "1"), c("A", "G"))))))
