Results <-
list(`bwaOutput/20210421msiMNRsJenny/204448_S43.sam` = list(LR17_SNP1 = list(
    All = list(Freqs = structure(c(19L, 692L, 8241L, 96L, 56L, 
    0L, 0L, 5L, 0L, 0L, 0L, 0L, 2L, 0L, 0L, 0L, 38L, 661L, 1L, 
    0L), .Dim = 5:4, .Dimnames = structure(list(c("-2", "-1", 
    "0", "1", NA), c("A", "G", "T", NA)), .Names = c("", "")), class = "table"), 
        N = 9811L), Tag.Distribution = structure(c(`1` = 244L, 
    `2` = 13L, `3` = 9L, `4` = 9L, `5` = 2L, `6` = 5L, `7` = 9L, 
    `8` = 5L, `9` = 3L, `10` = 3L, `11` = 9L, `12` = 11L, `13` = 7L, 
    `14` = 3L, `15` = 3L, `16` = 10L, `17` = 3L, `18` = 3L, `19` = 7L, 
    `20` = 2L, `21` = 2L, `22` = 6L, `23` = 5L, `24` = 7L, `25` = 1L, 
    `26` = 8L, `27` = 5L, `28` = 5L, `29` = 5L, `30` = 4L, `31` = 4L, 
    `32` = 5L, `33` = 3L, `34` = 5L, `35` = 3L, `36` = 8L, `37` = 6L, 
    `38` = 6L, `39` = 5L, `40` = 5L, `41` = 5L, `42` = 3L, `43` = 2L, 
    `44` = 1L, `45` = 2L, `46` = 3L, `47` = 1L, `48` = 2L, `49` = 2L, 
    `50` = 8L, `51` = 2L, `52` = 1L, `54` = 4L, `55` = 1L, `56` = 1L, 
    `57` = 9L, `58` = 1L, `59` = 3L, `60` = 4L, `62` = 3L, `64` = 2L, 
    `65` = 4L, `67` = 4L, `68` = 1L, `69` = 3L, `70` = 1L, `72` = 2L, 
    `74` = 1L, `76` = 1L, `77` = 1L, `79` = 1L, `80` = 1L, `81` = 1L, 
    `84` = 2L, `88` = 1L, `92` = 1L, `98` = 1L, `105` = 1L), .Dim = 78L, .Dimnames = structure(list(
        c("1", "2", "3", "4", "5", "6", "7", "8", "9", "10", 
        "11", "12", "13", "14", "15", "16", "17", "18", "19", 
        "20", "21", "22", "23", "24", "25", "26", "27", "28", 
        "29", "30", "31", "32", "33", "34", "35", "36", "37", 
        "38", "39", "40", "41", "42", "43", "44", "45", "46", 
        "47", "48", "49", "50", "51", "52", "54", "55", "56", 
        "57", "58", "59", "60", "62", "64", "65", "67", "68", 
        "69", "70", "72", "74", "76", "77", "79", "80", "81", 
        "84", "88", "92", "98", "105")), .Names = ""), class = "table"), 
    No.Tag = structure(c(0L, 12L, 222L, 4L, 4L, 0L, 0L, 0L, 0L, 
    0L, 0L, 0L, 0L, 0L, 0L, 0L, 2L, 18L, 0L, 0L), .Dim = 5:4, .Dimnames = structure(list(
        c("-2", "-1", "0", "1", NA), c("A", "G", "T", NA)), .Names = c("", 
    "")), class = "table"), All.Tags = list(Concordant = list(
        Freqs = structure(c(2, 17, 321, 0, 0, 0, 0, 0, 0, 0, 
        0, 0), .Dim = 4:3, .Dimnames = list(c("-2", "-1", "0", 
        "1"), c("A", "G", "T"))), N = 340), Majority = list(Freqs = structure(c(2, 
    27, 486, 0, 0, 0, 0, 0, 0, 0, 0, 0), .Dim = 4:3, .Dimnames = list(
        c("-2", "-1", "0", "1"), c("A", "G", "T"))), N = 515)), 
    `2` = structure(c(0, 18, 280, 0, 0, 0, 0, 0, 0, 0, 0, 0), .Dim = 4:3, .Dimnames = list(
        c("-2", "-1", "0", "1"), c("A", "G", "T"))))))
