Results <-
list(`bwaOutput/20210421msiMNRsJenny/204448_S43.sam` = list(LR40_SNP1 = list(
    All = list(Freqs = structure(c(5L, 630L, 6L, 1L, 1L, 4L, 
    573L, 0L, 0L, 1L, 0L, 4L, 0L, 0L, 0L), .Dim = c(5L, 3L), .Dimnames = structure(list(
        c("-1", "0", "1", "2", NA), c("A", "C", NA)), .Names = c("", 
    "")), class = "table"), N = 1225L), Tag.Distribution = structure(c(`1` = 36L, 
    `2` = 7L, `3` = 3L, `5` = 3L, `6` = 4L, `8` = 4L, `9` = 1L, 
    `10` = 2L, `12` = 1L, `13` = 3L, `14` = 1L, `16` = 1L, `17` = 2L, 
    `18` = 1L, `19` = 4L, `20` = 2L, `22` = 1L, `23` = 1L, `24` = 2L, 
    `25` = 1L, `26` = 4L, `29` = 1L, `30` = 1L, `37` = 1L, `40` = 1L, 
    `44` = 1L, `47` = 1L, `52` = 1L, `53` = 1L, `54` = 1L, `61` = 2L, 
    `77` = 1L), .Dim = 32L, .Dimnames = structure(list(c("1", 
    "2", "3", "5", "6", "8", "9", "10", "12", "13", "14", "16", 
    "17", "18", "19", "20", "22", "23", "24", "25", "26", "29", 
    "30", "37", "40", "44", "47", "52", "53", "54", "61", "77"
    )), .Names = ""), class = "table"), No.Tag = structure(c(0L, 
    5L, 0L, 0L, 0L, 0L, 5L, 0L, 0L, 0L, 0L, 0L, 0L, 0L, 0L), .Dim = c(5L, 
    3L), .Dimnames = structure(list(c("-1", "0", "1", "2", NA
    ), c("A", "C", NA)), .Names = c("", "")), class = "table"), 
    All.Tags = list(Concordant = list(Freqs = structure(c(0, 
    30, 0, 0, 0, 47, 0, 0), .Dim = c(4L, 2L), .Dimnames = list(
        c("-1", "0", "1", "2"), c("A", "C"))), N = 77), Majority = list(
        Freqs = structure(c(0, 42, 0, 0, 0, 50, 0, 0), .Dim = c(4L, 
        2L), .Dimnames = list(c("-1", "0", "1", "2"), c("A", 
        "C"))), N = 92)), `2` = structure(c(0, 35, 0, 0, 0, 23, 
    0, 0), .Dim = c(4L, 2L), .Dimnames = list(c("-1", "0", "1", 
    "2"), c("A", "C"))))))
