Results <-
list(`bwaOutput/20210421msiMNRsJenny/204448_S43.sam` = list(DEPDC2_SNP1 = list(
    All = list(Freqs = structure(c(1L, 203L, 4352L, 147L, 68L, 
    0L, 0L, 13L, 0L, 0L, 0L, 0L, 72L, 4L, 0L), .Dim = c(5L, 3L
    ), .Dimnames = structure(list(c("-2", "-1", "0", "1", NA), 
        c("C", "T", NA)), .Names = c("", "")), class = "table"), 
        N = 4860L), Tag.Distribution = structure(c(`1` = 138L, 
    `2` = 13L, `3` = 10L, `4` = 4L, `5` = 9L, `6` = 3L, `7` = 7L, 
    `8` = 6L, `9` = 3L, `10` = 11L, `11` = 6L, `12` = 3L, `13` = 3L, 
    `14` = 8L, `15` = 6L, `16` = 3L, `17` = 5L, `18` = 3L, `19` = 4L, 
    `20` = 2L, `21` = 3L, `22` = 7L, `23` = 4L, `24` = 8L, `25` = 4L, 
    `26` = 2L, `27` = 3L, `28` = 4L, `29` = 2L, `30` = 3L, `31` = 1L, 
    `32` = 6L, `34` = 3L, `35` = 3L, `37` = 4L, `40` = 2L, `41` = 2L, 
    `42` = 1L, `43` = 2L, `44` = 2L, `46` = 1L, `47` = 2L, `49` = 2L, 
    `50` = 1L, `51` = 3L, `54` = 1L, `55` = 1L, `56` = 1L, `57` = 2L, 
    `58` = 1L, `61` = 3L, `63` = 1L, `64` = 1L, `66` = 1L, `68` = 1L, 
    `69` = 1L, `82` = 1L, `85` = 1L, `114` = 1L), .Dim = 59L, .Dimnames = structure(list(
        c("1", "2", "3", "4", "5", "6", "7", "8", "9", "10", 
        "11", "12", "13", "14", "15", "16", "17", "18", "19", 
        "20", "21", "22", "23", "24", "25", "26", "27", "28", 
        "29", "30", "31", "32", "34", "35", "37", "40", "41", 
        "42", "43", "44", "46", "47", "49", "50", "51", "54", 
        "55", "56", "57", "58", "61", "63", "64", "66", "68", 
        "69", "82", "85", "114")), .Names = ""), class = "table"), 
    No.Tag = structure(c(0L, 26L, 143L, 5L, 3L, 0L, 0L, 1L, 0L, 
    0L, 0L, 0L, 7L, 0L, 0L), .Dim = c(5L, 3L), .Dimnames = structure(list(
        c("-2", "-1", "0", "1", NA), c("C", "T", NA)), .Names = c("", 
    "")), class = "table"), All.Tags = list(Concordant = list(
        Freqs = structure(c(0, 10, 252, 10, 0, 0, 9, 0), .Dim = c(4L, 
        2L), .Dimnames = list(c("-2", "-1", "0", "1"), c("C", 
        "T"))), N = 281), Majority = list(Freqs = structure(c(0, 
    11, 288, 12, 0, 0, 9, 0), .Dim = c(4L, 2L), .Dimnames = list(
        c("-2", "-1", "0", "1"), c("C", "T"))), N = 320)), `2` = structure(c(0, 
    11, 174, 11, 0, 0, 0, 0), .Dim = c(4L, 2L), .Dimnames = list(
        c("-2", "-1", "0", "1"), c("C", "T"))))))
