Results <-
list(`bwaOutput/20210421msiMNRsJenny/204448_S43.sam` = list(LR49_SNP1 = list(
    All = list(Freqs = structure(c(90L, 2195L, 1L, 2L, 13L, 2536L, 
    2L, 2L, 3L, 66L, 0L, 0L), .Dim = 4:3, .Dimnames = structure(list(
        c("-1", "0", "1", NA), c("A", "G", NA)), .Names = c("", 
    "")), class = "table"), N = 4910L), Tag.Distribution = structure(c(`1` = 125L, 
    `2` = 16L, `3` = 10L, `4` = 10L, `5` = 5L, `6` = 4L, `7` = 6L, 
    `8` = 5L, `9` = 7L, `10` = 7L, `11` = 6L, `12` = 7L, `13` = 5L, 
    `14` = 8L, `15` = 3L, `16` = 6L, `17` = 6L, `18` = 3L, `19` = 8L, 
    `20` = 9L, `21` = 5L, `22` = 6L, `23` = 6L, `24` = 7L, `25` = 3L, 
    `26` = 1L, `27` = 3L, `28` = 3L, `29` = 2L, `30` = 2L, `31` = 6L, 
    `32` = 2L, `33` = 3L, `34` = 2L, `35` = 2L, `36` = 5L, `37` = 1L, 
    `38` = 3L, `39` = 2L, `40` = 1L, `41` = 2L, `42` = 2L, `44` = 1L, 
    `45` = 1L, `47` = 1L, `49` = 1L, `50` = 1L, `54` = 1L, `55` = 1L, 
    `56` = 1L, `59` = 1L, `60` = 1L, `61` = 1L, `63` = 1L, `66` = 1L, 
    `71` = 2L, `72` = 1L, `73` = 1L, `74` = 1L, `87` = 1L), .Dim = 60L, .Dimnames = structure(list(
        c("1", "2", "3", "4", "5", "6", "7", "8", "9", "10", 
        "11", "12", "13", "14", "15", "16", "17", "18", "19", 
        "20", "21", "22", "23", "24", "25", "26", "27", "28", 
        "29", "30", "31", "32", "33", "34", "35", "36", "37", 
        "38", "39", "40", "41", "42", "44", "45", "47", "49", 
        "50", "54", "55", "56", "59", "60", "61", "63", "66", 
        "71", "72", "73", "74", "87")), .Names = ""), class = "table"), 
    No.Tag = structure(c(1L, 128L, 0L, 0L, 0L, 143L, 0L, 0L, 
    0L, 5L, 0L, 0L), .Dim = 4:3, .Dimnames = structure(list(c("-1", 
    "0", "1", NA), c("A", "G", NA)), .Names = c("", "")), class = "table"), 
    All.Tags = list(Concordant = list(Freqs = structure(c(3, 
    140, 0, 1, 156, 0), .Dim = 3:2, .Dimnames = list(c("-1", 
    "0", "1"), c("A", "G"))), N = 300), Majority = list(Freqs = structure(c(5, 
    150, 0, 1, 174, 0), .Dim = 3:2, .Dimnames = list(c("-1", 
    "0", "1"), c("A", "G"))), N = 330)), `2` = structure(c(5, 
    103, 0, 0, 108, 0), .Dim = 3:2, .Dimnames = list(c("-1", 
    "0", "1"), c("A", "G"))))))
