Results <-
list(`bwaOutput/20210421msiMNRsJenny/204448_S43.sam` = list(GM07_SNP1 = list(
    All = list(Freqs = structure(c(9L, 366L, 900L, 75L, 1L, 0L, 
    38L, 32L, 352L, 1115L, 23L, 1L, 1L, 33L, 0L, 6L, 36L, 0L, 
    0L, 0L, 0L), .Dim = c(7L, 3L), .Dimnames = structure(list(
        c("-2", "-1", "0", "1", "2", "3", NA), c("A", "G", NA
        )), .Names = c("", "")), class = "table"), N = 2988L), 
    Tag.Distribution = structure(c(`1` = 87L, `2` = 1L, `3` = 2L, 
    `5` = 4L, `6` = 5L, `7` = 2L, `9` = 2L, `10` = 2L, `11` = 3L, 
    `12` = 4L, `13` = 2L, `14` = 3L, `15` = 4L, `16` = 2L, `17` = 3L, 
    `18` = 3L, `19` = 2L, `20` = 2L, `21` = 2L, `22` = 3L, `23` = 1L, 
    `24` = 2L, `25` = 1L, `26` = 3L, `27` = 2L, `28` = 2L, `29` = 2L, 
    `30` = 1L, `32` = 2L, `35` = 1L, `36` = 1L, `38` = 1L, `40` = 2L, 
    `41` = 1L, `42` = 1L, `43` = 1L, `45` = 1L, `49` = 2L, `50` = 1L, 
    `52` = 1L, `54` = 1L, `55` = 1L, `56` = 1L, `58` = 1L, `59` = 1L, 
    `64` = 1L, `65` = 1L, `66` = 1L, `67` = 1L, `69` = 1L, `72` = 1L, 
    `75` = 1L, `76` = 1L, `81` = 1L, `84` = 1L, `85` = 1L, `92` = 1L
    ), .Dim = 57L, .Dimnames = structure(list(c("1", "2", "3", 
    "5", "6", "7", "9", "10", "11", "12", "13", "14", "15", "16", 
    "17", "18", "19", "20", "21", "22", "23", "24", "25", "26", 
    "27", "28", "29", "30", "32", "35", "36", "38", "40", "41", 
    "42", "43", "45", "49", "50", "52", "54", "55", "56", "58", 
    "59", "64", "65", "66", "67", "69", "72", "75", "76", "81", 
    "84", "85", "92")), .Names = ""), class = "table"), No.Tag = structure(c(1L, 
    3L, 13L, 1L, 0L, 0L, 2L, 0L, 4L, 53L, 1L, 0L, 0L, 4L, 0L, 
    0L, 3L, 0L, 0L, 0L, 0L), .Dim = c(7L, 3L), .Dimnames = structure(list(
        c("-2", "-1", "0", "1", "2", "3", NA), c("A", "G", NA
        )), .Names = c("", "")), class = "table"), All.Tags = list(
        Concordant = list(Freqs = structure(c(0, 11, 46, 3, 0, 
        0, 1, 6, 38, 0, 0, 0), .Dim = c(6L, 2L), .Dimnames = list(
            c("-2", "-1", "0", "1", "2", "3"), c("A", "G"))), 
            N = 105), Majority = list(Freqs = structure(c(0, 
        19, 71, 4, 0, 0, 1, 13, 66, 0, 0, 0), .Dim = c(6L, 2L
        ), .Dimnames = list(c("-2", "-1", "0", "1", "2", "3"), 
            c("A", "G"))), N = 174)), `2` = structure(c(0, 15, 
    32, 1, 0, 0, 1, 11, 37, 0, 0, 0), .Dim = c(6L, 2L), .Dimnames = list(
        c("-2", "-1", "0", "1", "2", "3"), c("A", "G"))))))
