Results <-
list(`bwaOutput/20210421msiMNRsJenny/204448_S43.sam` = list(GM14_SNP1 = list(
    All = list(Freqs = structure(c(0L, 0L, 1L, 0L, 0L, 4L, 159L, 
    3739L, 59L, 11L, 0L, 0L, 12L, 0L, 0L, 0L, 0L, 49L, 0L, 0L
    ), .Dim = 5:4, .Dimnames = structure(list(c("-2", "-1", "0", 
    "1", NA), c("A", "C", "T", NA)), .Names = c("", "")), class = "table"), 
        N = 4034L), Tag.Distribution = structure(c(`1` = 84L, 
    `2` = 7L, `3` = 4L, `4` = 9L, `5` = 2L, `6` = 6L, `7` = 1L, 
    `8` = 4L, `9` = 6L, `10` = 3L, `11` = 3L, `12` = 3L, `13` = 5L, 
    `14` = 3L, `15` = 6L, `16` = 4L, `17` = 2L, `18` = 4L, `19` = 6L, 
    `20` = 2L, `21` = 3L, `22` = 2L, `23` = 1L, `24` = 3L, `25` = 3L, 
    `26` = 4L, `27` = 3L, `28` = 1L, `30` = 3L, `31` = 1L, `32` = 2L, 
    `33` = 3L, `34` = 2L, `35` = 3L, `36` = 3L, `37` = 3L, `38` = 1L, 
    `39` = 1L, `41` = 2L, `42` = 1L, `44` = 1L, `45` = 1L, `46` = 1L, 
    `48` = 1L, `49` = 2L, `50` = 2L, `51` = 3L, `52` = 1L, `53` = 1L, 
    `55` = 3L, `60` = 1L, `65` = 1L, `66` = 2L, `69` = 1L, `70` = 1L, 
    `73` = 2L, `80` = 1L, `87` = 1L, `100` = 1L), .Dim = 59L, .Dimnames = structure(list(
        c("1", "2", "3", "4", "5", "6", "7", "8", "9", "10", 
        "11", "12", "13", "14", "15", "16", "17", "18", "19", 
        "20", "21", "22", "23", "24", "25", "26", "27", "28", 
        "30", "31", "32", "33", "34", "35", "36", "37", "38", 
        "39", "41", "42", "44", "45", "46", "48", "49", "50", 
        "51", "52", "53", "55", "60", "65", "66", "69", "70", 
        "73", "80", "87", "100")), .Names = ""), class = "table"), 
    No.Tag = structure(c(0L, 0L, 1L, 0L, 0L, 0L, 11L, 132L, 3L, 
    1L, 0L, 0L, 0L, 0L, 0L, 0L, 0L, 1L, 0L, 0L), .Dim = 5:4, .Dimnames = structure(list(
        c("-2", "-1", "0", "1", NA), c("A", "C", "T", NA)), .Names = c("", 
    "")), class = "table"), All.Tags = list(Concordant = list(
        Freqs = structure(c(0, 0, 0, 0, 0, 5, 138, 1, 0, 0, 9, 
        0), .Dim = 4:3, .Dimnames = list(c("-2", "-1", "0", "1"
        ), c("A", "C", "T"))), N = 153), Majority = list(Freqs = structure(c(0, 
    0, 0, 0, 0, 7, 208, 3, 0, 0, 9, 0), .Dim = 4:3, .Dimnames = list(
        c("-2", "-1", "0", "1"), c("A", "C", "T"))), N = 227)), 
    `2` = structure(c(0, 0, 0, 0, 0, 3, 146, 2, 0, 0, 0, 0), .Dim = 4:3, .Dimnames = list(
        c("-2", "-1", "0", "1"), c("A", "C", "T"))))))
