Results <-
list(`bwaOutput/20210421msiMNRsJenny/204448_S43.sam` = list(LR46_SNP1 = list(
    All = list(Freqs = structure(c(2L, 1410L, 53L, 6L, 65L, 1437L, 
    0L, 6L, 0L, 19L, 0L, 0L), .Dim = 4:3, .Dimnames = structure(list(
        c("-1", "0", "1", NA), c("G", "T", NA)), .Names = c("", 
    "")), class = "table"), N = 2998L), Tag.Distribution = structure(c(`1` = 69L, 
    `2` = 5L, `3` = 1L, `4` = 3L, `5` = 4L, `6` = 2L, `8` = 3L, 
    `9` = 1L, `10` = 1L, `11` = 3L, `12` = 3L, `13` = 2L, `14` = 3L, 
    `15` = 5L, `17` = 1L, `18` = 6L, `20` = 2L, `21` = 6L, `22` = 4L, 
    `23` = 3L, `24` = 2L, `26` = 3L, `27` = 2L, `28` = 1L, `29` = 1L, 
    `30` = 2L, `31` = 1L, `32` = 4L, `33` = 2L, `35` = 1L, `37` = 1L, 
    `41` = 1L, `43` = 1L, `46` = 1L, `50` = 1L, `51` = 2L, `52` = 1L, 
    `55` = 1L, `56` = 1L, `58` = 1L, `60` = 2L, `62` = 1L, `75` = 1L, 
    `76` = 1L, `78` = 1L, `83` = 1L, `86` = 1L, `89` = 1L, `94` = 1L, 
    `99` = 1L, `129` = 1L), .Dim = 51L, .Dimnames = structure(list(
        c("1", "2", "3", "4", "5", "6", "8", "9", "10", "11", 
        "12", "13", "14", "15", "17", "18", "20", "21", "22", 
        "23", "24", "26", "27", "28", "29", "30", "31", "32", 
        "33", "35", "37", "41", "43", "46", "50", "51", "52", 
        "55", "56", "58", "60", "62", "75", "76", "78", "83", 
        "86", "89", "94", "99", "129")), .Names = ""), class = "table"), 
    No.Tag = structure(c(0L, 46L, 1L, 1L, 2L, 26L, 0L, 1L, 0L, 
    4L, 0L, 0L), .Dim = 4:3, .Dimnames = structure(list(c("-1", 
    "0", "1", NA), c("G", "T", NA)), .Names = c("", "")), class = "table"), 
    All.Tags = list(Concordant = list(Freqs = structure(c(0, 
    72, 0, 4, 77, 0), .Dim = 3:2, .Dimnames = list(c("-1", "0", 
    "1"), c("G", "T"))), N = 153), Majority = list(Freqs = structure(c(0, 
    77, 1, 4, 82, 0), .Dim = 3:2, .Dimnames = list(c("-1", "0", 
    "1"), c("G", "T"))), N = 164)), `2` = structure(c(0, 48, 
    1, 3, 48, 0), .Dim = 3:2, .Dimnames = list(c("-1", "0", "1"
    ), c("G", "T"))))))
