Results <-
list(`bwaOutput/20210421msiMNRsJenny/204448_S43.sam` = list(GM17_SNP1 = list(
    All = list(Freqs = structure(c(1L, 846L, 3723L, 12L, 9L, 
    0L, 2L, 41L, 1L, 0L, 0L, 8L, 150L, 0L, 0L), .Dim = c(5L, 
    3L), .Dimnames = structure(list(c("-2", "-1", "0", "1", NA
    ), c("C", "T", NA)), .Names = c("", "")), class = "table"), 
        N = 4793L), Tag.Distribution = structure(c(`1` = 117L, 
    `2` = 14L, `3` = 5L, `4` = 6L, `5` = 6L, `6` = 3L, `7` = 2L, 
    `8` = 5L, `9` = 4L, `11` = 3L, `12` = 2L, `13` = 1L, `14` = 2L, 
    `15` = 5L, `16` = 2L, `17` = 2L, `18` = 1L, `20` = 2L, `21` = 6L, 
    `22` = 2L, `23` = 3L, `24` = 1L, `25` = 6L, `26` = 3L, `27` = 2L, 
    `28` = 2L, `30` = 2L, `31` = 4L, `32` = 2L, `33` = 1L, `34` = 3L, 
    `35` = 2L, `36` = 2L, `38` = 6L, `39` = 4L, `41` = 2L, `42` = 1L, 
    `44` = 2L, `46` = 1L, `48` = 2L, `49` = 2L, `50` = 2L, `51` = 2L, 
    `53` = 1L, `54` = 4L, `55` = 1L, `56` = 1L, `57` = 2L, `58` = 1L, 
    `59` = 1L, `61` = 1L, `62` = 1L, `65` = 2L, `66` = 1L, `69` = 1L, 
    `70` = 2L, `73` = 2L, `74` = 2L, `77` = 1L, `80` = 1L, `84` = 1L, 
    `87` = 1L, `100` = 1L), .Dim = 63L, .Dimnames = structure(list(
        c("1", "2", "3", "4", "5", "6", "7", "8", "9", "11", 
        "12", "13", "14", "15", "16", "17", "18", "20", "21", 
        "22", "23", "24", "25", "26", "27", "28", "30", "31", 
        "32", "33", "34", "35", "36", "38", "39", "41", "42", 
        "44", "46", "48", "49", "50", "51", "53", "54", "55", 
        "56", "57", "58", "59", "61", "62", "65", "66", "69", 
        "70", "73", "74", "77", "80", "84", "87", "100")), .Names = ""), class = "table"), 
    No.Tag = structure(c(0L, 14L, 126L, 1L, 2L, 0L, 0L, 1L, 0L, 
    0L, 0L, 0L, 5L, 0L, 0L), .Dim = c(5L, 3L), .Dimnames = structure(list(
        c("-2", "-1", "0", "1", NA), c("C", "T", NA)), .Names = c("", 
    "")), class = "table"), All.Tags = list(Concordant = list(
        Freqs = structure(c(0, 31, 150, 1, 0, 2, 35, 1), .Dim = c(4L, 
        2L), .Dimnames = list(c("-2", "-1", "0", "1"), c("C", 
        "T"))), N = 220), Majority = list(Freqs = structure(c(0, 
    31, 190, 1, 0, 2, 35, 1), .Dim = c(4L, 2L), .Dimnames = list(
        c("-2", "-1", "0", "1"), c("C", "T"))), N = 260)), `2` = structure(c(0, 
    23, 128, 0, 0, 0, 4, 0), .Dim = c(4L, 2L), .Dimnames = list(
        c("-2", "-1", "0", "1"), c("C", "T"))))))
