Results <-
list(`bwaOutput/20210421msiMNRsJenny/204448_S43.sam` = list(LR48_SNP1 = list(
    All = list(Freqs = structure(c(56L, 1973L, 43L, 9L, 0L, 0L, 
    0L, 1L, 65L, 1956L, 32L, 5L, 0L, 95L, 1L, 0L), .Dim = c(4L, 
    4L), .Dimnames = structure(list(c("-1", "0", "1", NA), c("C", 
    "G", "T", NA)), .Names = c("", "")), class = "table"), N = 4236L), 
    Tag.Distribution = structure(c(`1` = 100L, `2` = 9L, `3` = 2L, 
    `5` = 2L, `6` = 5L, `7` = 2L, `8` = 2L, `9` = 2L, `10` = 2L, 
    `11` = 1L, `12` = 1L, `13` = 2L, `14` = 2L, `15` = 4L, `18` = 1L, 
    `19` = 2L, `20` = 2L, `21` = 3L, `23` = 1L, `24` = 2L, `26` = 1L, 
    `27` = 1L, `29` = 1L, `30` = 1L, `31` = 2L, `32` = 1L, `33` = 2L, 
    `34` = 4L, `35` = 2L, `36` = 1L, `38` = 2L, `39` = 1L, `40` = 2L, 
    `42` = 1L, `43` = 3L, `45` = 1L, `46` = 1L, `49` = 1L, `50` = 1L, 
    `51` = 1L, `53` = 1L, `55` = 1L, `57` = 1L, `58` = 1L, `59` = 1L, 
    `60` = 1L, `61` = 1L, `62` = 1L, `63` = 1L, `65` = 1L, `66` = 2L, 
    `67` = 1L, `68` = 1L, `69` = 1L, `70` = 1L, `71` = 2L, `72` = 2L, 
    `74` = 1L, `75` = 1L, `77` = 1L, `79` = 1L, `80` = 1L, `81` = 1L, 
    `89` = 1L, `91` = 2L, `100` = 2L, `102` = 1L, `117` = 1L), .Dim = 68L, .Dimnames = structure(list(
        c("1", "2", "3", "5", "6", "7", "8", "9", "10", "11", 
        "12", "13", "14", "15", "18", "19", "20", "21", "23", 
        "24", "26", "27", "29", "30", "31", "32", "33", "34", 
        "35", "36", "38", "39", "40", "42", "43", "45", "46", 
        "49", "50", "51", "53", "55", "57", "58", "59", "60", 
        "61", "62", "63", "65", "66", "67", "68", "69", "70", 
        "71", "72", "74", "75", "77", "79", "80", "81", "89", 
        "91", "100", "102", "117")), .Names = ""), class = "table"), 
    No.Tag = structure(c(0L, 27L, 0L, 1L, 0L, 0L, 0L, 1L, 0L, 
    42L, 2L, 0L, 0L, 2L, 0L, 0L), .Dim = c(4L, 4L), .Dimnames = structure(list(
        c("-1", "0", "1", NA), c("C", "G", "T", NA)), .Names = c("", 
    "")), class = "table"), All.Tags = list(Concordant = list(
        Freqs = structure(c(1, 51, 0, 0, 0, 0, 4, 74, 1), .Dim = c(3L, 
        3L), .Dimnames = list(c("-1", "0", "1"), c("C", "G", 
        "T"))), N = 131), Majority = list(Freqs = structure(c(1, 
    91, 0, 0, 0, 0, 4, 100, 1), .Dim = c(3L, 3L), .Dimnames = list(
        c("-1", "0", "1"), c("C", "G", "T"))), N = 197)), `2` = structure(c(0, 
    54, 0, 0, 0, 0, 1, 52, 0), .Dim = c(3L, 3L), .Dimnames = list(
        c("-1", "0", "1"), c("C", "G", "T"))))))
