Results <-
list(`bwaOutput/20210421msiMNRsJenny/204448_S43.sam` = list(GM01_SNP1 = list(
    All = list(Freqs = structure(c(2L, 84L, 4265L, 20L, 4L, 0L, 
    2L, 70L, 0L, 0L, 0L, 3L, 62L, 1L, 0L), .Dim = c(5L, 3L), .Dimnames = structure(list(
        c("-2", "-1", "0", "1", NA), c("A", "G", NA)), .Names = c("", 
    "")), class = "table"), N = 4513L), Tag.Distribution = structure(c(`1` = 130L, 
    `2` = 9L, `3` = 7L, `4` = 8L, `6` = 5L, `7` = 3L, `8` = 4L, 
    `9` = 4L, `10` = 5L, `11` = 1L, `12` = 6L, `13` = 6L, `14` = 4L, 
    `15` = 9L, `16` = 6L, `17` = 7L, `18` = 3L, `20` = 1L, `21` = 1L, 
    `22` = 3L, `23` = 3L, `24` = 3L, `25` = 5L, `27` = 4L, `28` = 3L, 
    `29` = 2L, `30` = 3L, `31` = 3L, `32` = 1L, `33` = 2L, `34` = 3L, 
    `35` = 1L, `36` = 1L, `37` = 2L, `38` = 1L, `39` = 4L, `40` = 2L, 
    `42` = 1L, `43` = 4L, `44` = 1L, `45` = 1L, `46` = 5L, `47` = 3L, 
    `49` = 1L, `50` = 1L, `52` = 1L, `53` = 3L, `54` = 1L, `59` = 2L, 
    `61` = 1L, `62` = 2L, `63` = 1L, `65` = 1L, `72` = 1L, `77` = 1L, 
    `95` = 1L, `99` = 1L, `131` = 1L), .Dim = 58L, .Dimnames = structure(list(
        c("1", "2", "3", "4", "6", "7", "8", "9", "10", "11", 
        "12", "13", "14", "15", "16", "17", "18", "20", "21", 
        "22", "23", "24", "25", "27", "28", "29", "30", "31", 
        "32", "33", "34", "35", "36", "37", "38", "39", "40", 
        "42", "43", "44", "45", "46", "47", "49", "50", "52", 
        "53", "54", "59", "61", "62", "63", "65", "72", "77", 
        "95", "99", "131")), .Names = ""), class = "table"), 
    No.Tag = structure(c(0L, 1L, 138L, 2L, 0L, 0L, 0L, 1L, 0L, 
    0L, 0L, 1L, 11L, 0L, 0L), .Dim = c(5L, 3L), .Dimnames = structure(list(
        c("-2", "-1", "0", "1", NA), c("A", "G", NA)), .Names = c("", 
    "")), class = "table"), All.Tags = list(Concordant = list(
        Freqs = structure(c(0, 2, 220, 1, 0, 0, 21, 0), .Dim = c(4L, 
        2L), .Dimnames = list(c("-2", "-1", "0", "1"), c("A", 
        "G"))), N = 244), Majority = list(Freqs = structure(c(0, 
    3, 270, 1, 0, 0, 21, 0), .Dim = c(4L, 2L), .Dimnames = list(
        c("-2", "-1", "0", "1"), c("A", "G"))), N = 295)), `2` = structure(c(0, 
    2, 167, 0, 0, 0, 0, 0), .Dim = c(4L, 2L), .Dimnames = list(
        c("-2", "-1", "0", "1"), c("A", "G"))))))
