Results <-
list(`bwaOutput/20210421msiMNRsJenny/204448_S43.sam` = list(GM29_SNP1 = list(
    All = list(Freqs = structure(c(5L, 655L, 3040L, 14L, 12L, 
    0L, 1L, 177L, 0L, 0L, 0L, 8L, 68L, 0L, 0L), .Dim = c(5L, 
    3L), .Dimnames = structure(list(c("-2", "-1", "0", "1", NA
    ), c("A", "G", NA)), .Names = c("", "")), class = "table"), 
        N = 3980L), Tag.Distribution = structure(c(`1` = 94L, 
    `2` = 9L, `3` = 8L, `4` = 5L, `5` = 6L, `6` = 5L, `7` = 8L, 
    `8` = 2L, `9` = 2L, `10` = 6L, `11` = 1L, `12` = 5L, `13` = 3L, 
    `14` = 3L, `15` = 8L, `16` = 1L, `17` = 5L, `18` = 4L, `19` = 3L, 
    `20` = 4L, `21` = 6L, `22` = 6L, `23` = 4L, `24` = 1L, `25` = 2L, 
    `26` = 2L, `27` = 4L, `28` = 2L, `29` = 1L, `30` = 4L, `31` = 3L, 
    `32` = 2L, `33` = 1L, `34` = 2L, `35` = 1L, `36` = 2L, `39` = 2L, 
    `40` = 1L, `41` = 2L, `42` = 3L, `43` = 2L, `45` = 3L, `46` = 1L, 
    `48` = 1L, `50` = 1L, `52` = 1L, `54` = 2L, `58` = 1L, `59` = 2L, 
    `60` = 1L, `64` = 2L, `69` = 2L, `71` = 1L, `72` = 2L, `75` = 1L, 
    `89` = 1L), .Dim = 56L, .Dimnames = structure(list(c("1", 
    "2", "3", "4", "5", "6", "7", "8", "9", "10", "11", "12", 
    "13", "14", "15", "16", "17", "18", "19", "20", "21", "22", 
    "23", "24", "25", "26", "27", "28", "29", "30", "31", "32", 
    "33", "34", "35", "36", "39", "40", "41", "42", "43", "45", 
    "46", "48", "50", "52", "54", "58", "59", "60", "64", "69", 
    "71", "72", "75", "89")), .Names = ""), class = "table"), 
    No.Tag = structure(c(0L, 51L, 62L, 1L, 1L, 0L, 0L, 6L, 0L, 
    0L, 0L, 1L, 24L, 0L, 0L), .Dim = c(5L, 3L), .Dimnames = structure(list(
        c("-2", "-1", "0", "1", NA), c("A", "G", NA)), .Names = c("", 
    "")), class = "table"), All.Tags = list(Concordant = list(
        Freqs = structure(c(0, 19, 180, 0, 0, 1, 9, 0), .Dim = c(4L, 
        2L), .Dimnames = list(c("-2", "-1", "0", "1"), c("A", 
        "G"))), N = 209), Majority = list(Freqs = structure(c(0, 
    28, 214, 0, 0, 1, 9, 0), .Dim = c(4L, 2L), .Dimnames = list(
        c("-2", "-1", "0", "1"), c("A", "G"))), N = 252)), `2` = structure(c(0, 
    23, 137, 0, 0, 0, 2, 0), .Dim = c(4L, 2L), .Dimnames = list(
        c("-2", "-1", "0", "1"), c("A", "G"))))))
