Results <-
list(`bwaOutput/20210421msiMNRsJenny/204448_S43.sam` = list(LR24_SNP1 = list(
    All = list(Freqs = structure(c(0L, 0L, 1L, 0L, 0L, 0L, 0L, 
    1L, 43L, 0L, 0L, 0L, 2L, 301L, 3439L, 4L, 1L, 1L, 0L, 1L, 
    26L, 0L, 0L, 0L), .Dim = c(6L, 4L), .Dimnames = structure(list(
        c("-2", "-1", "0", "1", "2", NA), c("-", "A", "G", NA
        )), .Names = c("", "")), class = "table"), N = 3820L), 
    Tag.Distribution = structure(c(`1` = 116L, `2` = 21L, `3` = 15L, 
    `4` = 6L, `5` = 13L, `6` = 10L, `7` = 9L, `8` = 6L, `9` = 9L, 
    `10` = 13L, `11` = 8L, `12` = 8L, `13` = 5L, `14` = 5L, `15` = 7L, 
    `16` = 7L, `17` = 8L, `18` = 7L, `19` = 4L, `20` = 2L, `21` = 3L, 
    `22` = 5L, `23` = 2L, `24` = 3L, `25` = 2L, `26` = 2L, `27` = 4L, 
    `28` = 4L, `29` = 4L, `30` = 4L, `31` = 3L, `32` = 3L, `33` = 4L, 
    `34` = 2L, `36` = 1L, `37` = 1L, `41` = 1L, `42` = 1L, `44` = 1L, 
    `47` = 2L, `51` = 1L, `53` = 2L, `60` = 1L, `62` = 1L, `64` = 1L, 
    `67` = 1L, `75` = 1L, `76` = 1L), .Dim = 48L, .Dimnames = structure(list(
        c("1", "2", "3", "4", "5", "6", "7", "8", "9", "10", 
        "11", "12", "13", "14", "15", "16", "17", "18", "19", 
        "20", "21", "22", "23", "24", "25", "26", "27", "28", 
        "29", "30", "31", "32", "33", "34", "36", "37", "41", 
        "42", "44", "47", "51", "53", "60", "62", "64", "67", 
        "75", "76")), .Names = ""), class = "table"), No.Tag = structure(c(0L, 
    0L, 0L, 0L, 0L, 0L, 0L, 0L, 15L, 0L, 0L, 0L, 0L, 7L, 116L, 
    0L, 0L, 0L, 0L, 0L, 1L, 0L, 0L, 0L), .Dim = c(6L, 4L), .Dimnames = structure(list(
        c("-2", "-1", "0", "1", "2", NA), c("-", "A", "G", NA
        )), .Names = c("", "")), class = "table"), All.Tags = list(
        Concordant = list(Freqs = structure(c(0, 0, 0, 0, 0, 
        0, 1, 25, 0, 0, 0, 14, 271, 0, 0), .Dim = c(5L, 3L), .Dimnames = list(
            c("-2", "-1", "0", "1", "2"), c("-", "A", "G"))), 
            N = 311), Majority = list(Freqs = structure(c(0, 
        0, 0, 0, 0, 0, 1, 25, 0, 0, 0, 15, 293, 0, 0), .Dim = c(5L, 
        3L), .Dimnames = list(c("-2", "-1", "0", "1", "2"), c("-", 
        "A", "G"))), N = 334)), `2` = structure(c(0, 0, 0, 0, 
    0, 0, 0, 1, 0, 0, 0, 11, 210, 0, 0), .Dim = c(5L, 3L), .Dimnames = list(
        c("-2", "-1", "0", "1", "2"), c("-", "A", "G"))))))
