Results <-
list(`bwaOutput/20210421msiMNRsJenny/210179_S22.sam` = list(GM09_SNP1 = list(
    All = list(Freqs = structure(c(33L, 7077L, 10L, 2L, 25L, 
    6067L, 6L, 3L, 0L, 1L, 0L, 0L, 1L, 74L, 0L, 0L), .Dim = c(4L, 
    4L), .Dimnames = structure(list(c("-1", "0", "1", NA), c("A", 
    "G", "T", NA)), .Names = c("", "")), class = "table"), N = 13299L), 
    Tag.Distribution = structure(c(`1` = 255L, `2` = 107L, `3` = 87L, 
    `4` = 79L, `5` = 74L, `6` = 68L, `7` = 53L, `8` = 52L, `9` = 56L, 
    `10` = 42L, `11` = 42L, `12` = 40L, `13` = 37L, `14` = 25L, 
    `15` = 27L, `16` = 29L, `17` = 22L, `18` = 15L, `19` = 20L, 
    `20` = 13L, `21` = 7L, `22` = 13L, `23` = 15L, `24` = 11L, 
    `25` = 6L, `26` = 13L, `27` = 8L, `28` = 11L, `29` = 11L, 
    `30` = 4L, `31` = 10L, `32` = 8L, `33` = 7L, `34` = 4L, `35` = 7L, 
    `36` = 5L, `37` = 3L, `38` = 5L, `40` = 1L, `41` = 7L, `42` = 1L, 
    `43` = 1L, `44` = 1L, `46` = 2L, `47` = 1L, `49` = 1L, `52` = 1L, 
    `53` = 3L, `57` = 1L, `61` = 1L, `76` = 1L, `94` = 1L, `120` = 1L
    ), .Dim = 53L, .Dimnames = structure(list(c("1", "2", "3", 
    "4", "5", "6", "7", "8", "9", "10", "11", "12", "13", "14", 
    "15", "16", "17", "18", "19", "20", "21", "22", "23", "24", 
    "25", "26", "27", "28", "29", "30", "31", "32", "33", "34", 
    "35", "36", "37", "38", "40", "41", "42", "43", "44", "46", 
    "47", "49", "52", "53", "57", "61", "76", "94", "120")), .Names = ""), class = "table"), 
    No.Tag = structure(c(2L, 208L, 0L, 1L, 1L, 205L, 0L, 0L, 
    0L, 0L, 0L, 0L, 0L, 6L, 0L, 0L), .Dim = c(4L, 4L), .Dimnames = structure(list(
        c("-1", "0", "1", NA), c("A", "G", "T", NA)), .Names = c("", 
    "")), class = "table"), All.Tags = list(Concordant = list(
        Freqs = structure(c(0, 586, 1, 1, 475, 0, 0, 0, 0), .Dim = c(3L, 
        3L), .Dimnames = list(c("-1", "0", "1"), c("A", "G", 
        "T"))), N = 1063), Majority = list(Freqs = structure(c(0, 
    696, 1, 1, 588, 0, 0, 0, 0), .Dim = c(3L, 3L), .Dimnames = list(
        c("-1", "0", "1"), c("A", "G", "T"))), N = 1286)), `2` = structure(c(0, 
    565, 0, 1, 480, 0, 0, 0, 0), .Dim = c(3L, 3L), .Dimnames = list(
        c("-1", "0", "1"), c("A", "G", "T"))))))
