Results <-
list(`bwaOutput/20210421msiMNRsJenny/210179_S22.sam` = list(LR40_SNP1 = list(
    All = list(Freqs = structure(c(1L, 36L, 4183L, 15L, 4L, 0L, 
    71L, 4500L, 18L, 17L, 0L, 0L, 1L, 0L, 0L, 0L, 1L, 64L, 0L, 
    0L), .Dim = 5:4, .Dimnames = structure(list(c("-2", "-1", 
    "0", "1", NA), c("A", "C", "G", NA)), .Names = c("", "")), class = "table"), 
        N = 8911L), Tag.Distribution = structure(c(`1` = 207L, 
    `2` = 69L, `3` = 78L, `4` = 55L, `5` = 46L, `6` = 48L, `7` = 38L, 
    `8` = 39L, `9` = 32L, `10` = 39L, `11` = 36L, `12` = 18L, 
    `13` = 30L, `14` = 18L, `15` = 15L, `16` = 15L, `17` = 14L, 
    `18` = 15L, `19` = 14L, `20` = 14L, `21` = 8L, `22` = 7L, 
    `23` = 9L, `24` = 9L, `25` = 5L, `26` = 9L, `27` = 6L, `28` = 5L, 
    `29` = 1L, `30` = 2L, `31` = 6L, `32` = 7L, `33` = 4L, `34` = 3L, 
    `35` = 2L, `36` = 3L, `37` = 5L, `38` = 1L, `39` = 2L, `41` = 1L, 
    `43` = 1L, `45` = 1L, `48` = 1L, `50` = 1L, `51` = 1L, `52` = 1L, 
    `53` = 1L, `58` = 1L, `59` = 1L, `61` = 1L, `75` = 1L, `81` = 1L
    ), .Dim = 52L, .Dimnames = structure(list(c("1", "2", "3", 
    "4", "5", "6", "7", "8", "9", "10", "11", "12", "13", "14", 
    "15", "16", "17", "18", "19", "20", "21", "22", "23", "24", 
    "25", "26", "27", "28", "29", "30", "31", "32", "33", "34", 
    "35", "36", "37", "38", "39", "41", "43", "45", "48", "50", 
    "51", "52", "53", "58", "59", "61", "75", "81")), .Names = ""), class = "table"), 
    No.Tag = structure(c(0L, 1L, 95L, 1L, 0L, 0L, 2L, 120L, 0L, 
    4L, 0L, 0L, 0L, 0L, 0L, 0L, 1L, 6L, 0L, 0L), .Dim = 5:4, .Dimnames = structure(list(
        c("-2", "-1", "0", "1", NA), c("A", "C", "G", NA)), .Names = c("", 
    "")), class = "table"), All.Tags = list(Concordant = list(
        Freqs = structure(c(0, 1, 370, 0, 0, 3, 384, 0, 0, 0, 
        0, 0), .Dim = 4:3, .Dimnames = list(c("-2", "-1", "0", 
        "1"), c("A", "C", "G"))), N = 758), Majority = list(Freqs = structure(c(0, 
    1, 445, 1, 0, 4, 479, 0, 0, 0, 0, 0), .Dim = 4:3, .Dimnames = list(
        c("-2", "-1", "0", "1"), c("A", "C", "G"))), N = 930)), 
    `2` = structure(c(0, 0, 358, 1, 0, 1, 368, 0, 0, 0, 0, 0), .Dim = 4:3, .Dimnames = list(
        c("-2", "-1", "0", "1"), c("A", "C", "G"))))))
