Results <-
list(`bwaOutput/20210421msiMNRsJenny/210177_S20.sam` = list(LR10_SNP1 = list(
    All = list(Freqs = structure(c(0L, 0L, 4L, 0L, 0L, 0L, 81L, 
    6087L, 22L, 5L, 1L, 1L, 102L, 2L, 0L), .Dim = c(5L, 3L), .Dimnames = structure(list(
        c("-2", "-1", "0", "1", NA), c("C", "T", NA)), .Names = c("", 
    "")), class = "table"), N = 6305L), Tag.Distribution = structure(c(`1` = 137L, 
    `2` = 27L, `3` = 22L, `4` = 22L, `5` = 12L, `6` = 15L, `7` = 21L, 
    `8` = 17L, `9` = 7L, `10` = 9L, `11` = 14L, `12` = 9L, `13` = 12L, 
    `14` = 15L, `15` = 11L, `16` = 14L, `17` = 4L, `18` = 7L, 
    `19` = 9L, `20` = 6L, `21` = 6L, `22` = 5L, `23` = 5L, `24` = 3L, 
    `25` = 8L, `26` = 5L, `27` = 6L, `28` = 3L, `29` = 4L, `30` = 1L, 
    `31` = 4L, `32` = 4L, `33` = 3L, `34` = 3L, `35` = 3L, `36` = 4L, 
    `38` = 2L, `39` = 1L, `40` = 3L, `41` = 3L, `42` = 2L, `43` = 2L, 
    `45` = 2L, `46` = 1L, `47` = 2L, `48` = 3L, `49` = 1L, `50` = 1L, 
    `51` = 4L, `52` = 2L, `53` = 2L, `56` = 1L, `64` = 1L, `68` = 1L, 
    `69` = 1L, `75` = 1L, `80` = 1L), .Dim = 57L, .Dimnames = structure(list(
        c("1", "2", "3", "4", "5", "6", "7", "8", "9", "10", 
        "11", "12", "13", "14", "15", "16", "17", "18", "19", 
        "20", "21", "22", "23", "24", "25", "26", "27", "28", 
        "29", "30", "31", "32", "33", "34", "35", "36", "38", 
        "39", "40", "41", "42", "43", "45", "46", "47", "48", 
        "49", "50", "51", "52", "53", "56", "64", "68", "69", 
        "75", "80")), .Names = ""), class = "table"), No.Tag = structure(c(0L, 
    0L, 1L, 0L, 0L, 0L, 2L, 180L, 1L, 0L, 0L, 0L, 14L, 0L, 0L
    ), .Dim = c(5L, 3L), .Dimnames = structure(list(c("-2", "-1", 
    "0", "1", NA), c("C", "T", NA)), .Names = c("", "")), class = "table"), 
    All.Tags = list(Concordant = list(Freqs = structure(c(0, 
    0, 2, 0, 0, 3, 398, 0), .Dim = c(4L, 2L), .Dimnames = list(
        c("-2", "-1", "0", "1"), c("C", "T"))), N = 403), Majority = list(
        Freqs = structure(c(0, 0, 2, 0, 0, 3, 475, 0), .Dim = c(4L, 
        2L), .Dimnames = list(c("-2", "-1", "0", "1"), c("C", 
        "T"))), N = 480)), `2` = structure(c(0, 0, 0, 0, 0, 0, 
    356, 0), .Dim = c(4L, 2L), .Dimnames = list(c("-2", "-1", 
    "0", "1"), c("C", "T"))))))
