Results <-
list(`bwaOutput/20210421msiMNRsJenny/210173_S19.sam` = list(GM01_SNP1 = list(
    All = list(Freqs = structure(c(0L, 0L, 2L, 0L, 0L, 0L, 2L, 
    112L, 9981L, 46L, 1L, 8L, 0L, 0L, 28L, 0L, 0L, 0L, 0L, 3L, 
    122L, 0L, 0L, 0L), .Dim = c(6L, 4L), .Dimnames = structure(list(
        c("-2", "-1", "0", "1", "2", NA), c("-", "A", "G", NA
        )), .Names = c("", "")), class = "table"), N = 10305L), 
    Tag.Distribution = structure(c(`1` = 265L, `2` = 123L, `3` = 115L, 
    `4` = 116L, `5` = 98L, `6` = 77L, `7` = 92L, `8` = 63L, `9` = 46L, 
    `10` = 56L, `11` = 44L, `12` = 40L, `13` = 30L, `14` = 40L, 
    `15` = 32L, `16` = 26L, `17` = 23L, `18` = 21L, `19` = 12L, 
    `20` = 16L, `21` = 7L, `22` = 10L, `23` = 9L, `24` = 3L, 
    `25` = 9L, `26` = 4L, `27` = 2L, `29` = 2L, `30` = 3L, `31` = 1L, 
    `33` = 2L, `34` = 1L, `36` = 1L, `37` = 1L, `42` = 1L, `43` = 1L, 
    `55` = 1L), .Dim = 37L, .Dimnames = structure(list(c("1", 
    "2", "3", "4", "5", "6", "7", "8", "9", "10", "11", "12", 
    "13", "14", "15", "16", "17", "18", "19", "20", "21", "22", 
    "23", "24", "25", "26", "27", "29", "30", "31", "33", "34", 
    "36", "37", "42", "43", "55")), .Names = ""), class = "table"), 
    No.Tag = structure(c(0L, 0L, 0L, 0L, 0L, 0L, 0L, 1L, 250L, 
    2L, 0L, 1L, 0L, 0L, 2L, 0L, 0L, 0L, 0L, 0L, 7L, 0L, 0L, 0L
    ), .Dim = c(6L, 4L), .Dimnames = structure(list(c("-2", "-1", 
    "0", "1", "2", NA), c("-", "A", "G", NA)), .Names = c("", 
    "")), class = "table"), All.Tags = list(Concordant = list(
        Freqs = structure(c(0, 0, 0, 0, 0, 0, 2, 1223, 0, 0, 
        0, 0, 8, 0, 0), .Dim = c(5L, 3L), .Dimnames = list(c("-2", 
        "-1", "0", "1", "2"), c("-", "A", "G"))), N = 1233), 
        Majority = list(Freqs = structure(c(0, 0, 0, 0, 0, 0, 
        2, 1362, 0, 0, 0, 0, 9, 0, 0), .Dim = c(5L, 3L), .Dimnames = list(
            c("-2", "-1", "0", "1", "2"), c("-", "A", "G"))), 
            N = 1373)), `2` = structure(c(0, 0, 0, 0, 0, 0, 0, 
    1121, 0, 0, 0, 0, 1, 0, 0), .Dim = c(5L, 3L), .Dimnames = list(
        c("-2", "-1", "0", "1", "2"), c("-", "A", "G"))))))
