Results <-
list(`bwaOutput/20210421msiMNRsJenny/210178_S21.sam` = list(LR49_SNP1 = list(
    All = list(Freqs = structure(c(0L, 20L, 0L, 0L, 23L, 10470L, 
    5L, 11L, 0L, 85L, 0L, 0L), .Dim = 4:3, .Dimnames = structure(list(
        c("-1", "0", "1", NA), c("A", "G", NA)), .Names = c("", 
    "")), class = "table"), N = 10614L), Tag.Distribution = structure(c(`1` = 270L, 
    `2` = 109L, `3` = 73L, `4` = 93L, `5` = 71L, `6` = 47L, `7` = 53L, 
    `8` = 46L, `9` = 42L, `10` = 26L, `11` = 37L, `12` = 31L, 
    `13` = 19L, `14` = 22L, `15` = 16L, `16` = 19L, `17` = 23L, 
    `18` = 21L, `19` = 16L, `20` = 18L, `21` = 11L, `22` = 9L, 
    `23` = 5L, `24` = 7L, `25` = 6L, `26` = 6L, `27` = 5L, `28` = 5L, 
    `29` = 5L, `30` = 5L, `31` = 9L, `32` = 2L, `33` = 6L, `34` = 4L, 
    `35` = 5L, `36` = 2L, `38` = 5L, `39` = 1L, `40` = 2L, `42` = 4L, 
    `43` = 1L, `44` = 1L, `45` = 1L, `46` = 1L, `48` = 3L, `50` = 3L, 
    `52` = 1L, `53` = 1L, `56` = 1L, `58` = 1L, `64` = 1L, `70` = 1L, 
    `82` = 1L), .Dim = 53L, .Dimnames = structure(list(c("1", 
    "2", "3", "4", "5", "6", "7", "8", "9", "10", "11", "12", 
    "13", "14", "15", "16", "17", "18", "19", "20", "21", "22", 
    "23", "24", "25", "26", "27", "28", "29", "30", "31", "32", 
    "33", "34", "35", "36", "38", "39", "40", "42", "43", "44", 
    "45", "46", "48", "50", "52", "53", "56", "58", "64", "70", 
    "82")), .Names = ""), class = "table"), No.Tag = structure(c(0L, 
    1L, 0L, 0L, 0L, 297L, 0L, 3L, 0L, 13L, 0L, 0L), .Dim = 4:3, .Dimnames = structure(list(
        c("-1", "0", "1", NA), c("A", "G", NA)), .Names = c("", 
    "")), class = "table"), All.Tags = list(Concordant = list(
        Freqs = structure(c(0, 5, 0, 2, 1126, 0), .Dim = 3:2, .Dimnames = list(
            c("-1", "0", "1"), c("A", "G"))), N = 1133), Majority = list(
        Freqs = structure(c(0, 5, 0, 2, 1157, 0), .Dim = 3:2, .Dimnames = list(
            c("-1", "0", "1"), c("A", "G"))), N = 1164)), `2` = structure(c(0, 
    2, 0, 0, 900, 0), .Dim = 3:2, .Dimnames = list(c("-1", "0", 
    "1"), c("A", "G"))))))
