Results <-
list(`bwaOutput/20210421msiMNRsJenny/210177_S20.sam` = list(GM26_SNP1 = list(
    All = list(Freqs = structure(c(2L, 14L, 1875L, 6L, 2L, 0L, 
    25L, 2546L, 8L, 2L, 0L, 1L, 61L, 3L, 0L), .Dim = c(5L, 3L
    ), .Dimnames = structure(list(c("-2", "-1", "0", "1", NA), 
        c("A", "G", NA)), .Names = c("", "")), class = "table"), 
        N = 4545L), Tag.Distribution = structure(c(`1` = 85L, 
    `2` = 14L, `3` = 11L, `4` = 12L, `5` = 16L, `6` = 11L, `7` = 10L, 
    `8` = 10L, `9` = 15L, `10` = 9L, `11` = 11L, `12` = 8L, `13` = 7L, 
    `14` = 5L, `15` = 3L, `16` = 4L, `17` = 9L, `18` = 2L, `19` = 8L, 
    `20` = 5L, `21` = 4L, `22` = 5L, `23` = 2L, `24` = 3L, `25` = 3L, 
    `26` = 2L, `27` = 5L, `28` = 1L, `29` = 4L, `30` = 5L, `31` = 5L, 
    `32` = 3L, `33` = 1L, `35` = 1L, `36` = 2L, `38` = 4L, `39` = 1L, 
    `41` = 4L, `42` = 1L, `45` = 1L, `46` = 4L, `47` = 1L, `48` = 2L, 
    `50` = 2L, `51` = 1L, `56` = 1L, `58` = 1L, `59` = 2L, `60` = 1L, 
    `61` = 1L, `64` = 1L, `77` = 1L, `130` = 1L), .Dim = 53L, .Dimnames = structure(list(
        c("1", "2", "3", "4", "5", "6", "7", "8", "9", "10", 
        "11", "12", "13", "14", "15", "16", "17", "18", "19", 
        "20", "21", "22", "23", "24", "25", "26", "27", "28", 
        "29", "30", "31", "32", "33", "35", "36", "38", "39", 
        "41", "42", "45", "46", "47", "48", "50", "51", "56", 
        "58", "59", "60", "61", "64", "77", "130")), .Names = ""), class = "table"), 
    No.Tag = structure(c(0L, 0L, 29L, 0L, 0L, 0L, 1L, 65L, 1L, 
    0L, 0L, 0L, 3L, 0L, 0L), .Dim = c(5L, 3L), .Dimnames = structure(list(
        c("-2", "-1", "0", "1", NA), c("A", "G", NA)), .Names = c("", 
    "")), class = "table"), All.Tags = list(Concordant = list(
        Freqs = structure(c(0, 1, 132, 0, 0, 2, 140, 0), .Dim = c(4L, 
        2L), .Dimnames = list(c("-2", "-1", "0", "1"), c("A", 
        "G"))), N = 275), Majority = list(Freqs = structure(c(0, 
    1, 152, 0, 0, 2, 166, 0), .Dim = c(4L, 2L), .Dimnames = list(
        c("-2", "-1", "0", "1"), c("A", "G"))), N = 321)), `2` = structure(c(0, 
    0, 114, 0, 0, 1, 130, 0), .Dim = c(4L, 2L), .Dimnames = list(
        c("-2", "-1", "0", "1"), c("A", "G"))))))
