Results <-
list(`bwaOutput/20210421msiMNRsJenny/210178_S21.sam` = list(LR11_SNP1 = list(
    All = list(Freqs = structure(c(0L, 0L, 1L, 0L, 0L, 0L, 0L, 
    0L, 31L, 1L, 0L, 0L, 4L, 117L, 5930L, 56L, 1L, 20L, 0L, 0L, 
    1L, 0L, 0L, 0L, 0L, 0L, 1L, 0L, 0L, 0L, 0L, 7L, 234L, 6L, 
    0L, 0L), .Dim = c(6L, 6L), .Dimnames = structure(list(c("-2", 
    "-1", "0", "1", "2", NA), c("-", "A", "C", "G", "T", NA)), .Names = c("", 
    "")), class = "table"), N = 6410L), Tag.Distribution = structure(c(`1` = 168L, 
    `2` = 69L, `3` = 42L, `4` = 40L, `5` = 33L, `6` = 27L, `7` = 21L, 
    `8` = 29L, `9` = 23L, `10` = 28L, `11` = 19L, `12` = 13L, 
    `13` = 22L, `14` = 17L, `15` = 15L, `16` = 11L, `17` = 10L, 
    `18` = 9L, `19` = 7L, `20` = 9L, `21` = 12L, `22` = 6L, `23` = 6L, 
    `24` = 9L, `25` = 4L, `26` = 4L, `27` = 3L, `28` = 4L, `29` = 4L, 
    `30` = 3L, `31` = 3L, `32` = 5L, `33` = 4L, `34` = 4L, `35` = 3L, 
    `37` = 1L, `38` = 2L, `41` = 3L, `42` = 1L, `44` = 2L, `46` = 1L, 
    `49` = 1L, `50` = 1L, `60` = 1L), .Dim = 44L, .Dimnames = structure(list(
        c("1", "2", "3", "4", "5", "6", "7", "8", "9", "10", 
        "11", "12", "13", "14", "15", "16", "17", "18", "19", 
        "20", "21", "22", "23", "24", "25", "26", "27", "28", 
        "29", "30", "31", "32", "33", "34", "35", "37", "38", 
        "41", "42", "44", "46", "49", "50", "60")), .Names = ""), class = "table"), 
    No.Tag = structure(c(0L, 0L, 0L, 0L, 0L, 0L, 0L, 0L, 1L, 
    0L, 0L, 0L, 0L, 2L, 132L, 1L, 0L, 4L, 0L, 0L, 0L, 0L, 0L, 
    0L, 0L, 0L, 0L, 0L, 0L, 0L, 0L, 0L, 10L, 2L, 0L, 0L), .Dim = c(6L, 
    6L), .Dimnames = structure(list(c("-2", "-1", "0", "1", "2", 
    NA), c("-", "A", "C", "G", "T", NA)), .Names = c("", "")), class = "table"), 
    All.Tags = list(Concordant = list(Freqs = structure(c(0, 
    0, 0, 0, 0, 0, 0, 23, 0, 0, 0, 2, 517, 1, 0, 0, 0, 0, 0, 
    0, 0, 0, 0, 0, 0), .Dim = c(5L, 5L), .Dimnames = list(c("-2", 
    "-1", "0", "1", "2"), c("-", "A", "C", "G", "T"))), N = 543), 
        Majority = list(Freqs = structure(c(0, 0, 0, 0, 0, 0, 
        0, 23, 0, 0, 0, 2, 644, 2, 0, 0, 0, 0, 0, 0, 0, 0, 0, 
        0, 0), .Dim = c(5L, 5L), .Dimnames = list(c("-2", "-1", 
        "0", "1", "2"), c("-", "A", "C", "G", "T"))), N = 671)), 
    `2` = structure(c(0, 0, 0, 0, 0, 0, 0, 0, 0, 0, 0, 1, 519, 
    1, 0, 0, 0, 0, 0, 0, 0, 0, 0, 0, 0), .Dim = c(5L, 5L), .Dimnames = list(
        c("-2", "-1", "0", "1", "2"), c("-", "A", "C", "G", "T"
        ))))))
