Results <-
list(`bwaOutput/20210421msiMNRsJenny/210173_S19.sam` = list(LR20_SNP1 = list(
    All = list(Freqs = structure(c(3L, 2433L, 8L, 1L, 6L, 3178L, 
    3L, 1L, 0L, 1L, 0L, 0L, 0L, 49L, 0L, 0L), .Dim = c(4L, 4L
    ), .Dimnames = structure(list(c("-1", "0", "1", NA), c("A", 
    "G", "T", NA)), .Names = c("", "")), class = "table"), N = 5683L), 
    Tag.Distribution = structure(c(`1` = 220L, `2` = 130L, `3` = 88L, 
    `4` = 91L, `5` = 72L, `6` = 59L, `7` = 52L, `8` = 37L, `9` = 37L, 
    `10` = 28L, `11` = 28L, `12` = 14L, `13` = 22L, `14` = 16L, 
    `15` = 10L, `16` = 17L, `17` = 9L, `18` = 5L, `19` = 7L, 
    `20` = 7L, `21` = 6L, `22` = 4L, `23` = 2L, `24` = 3L, `26` = 2L, 
    `27` = 1L, `28` = 1L, `30` = 1L), .Dim = 28L, .Dimnames = structure(list(
        c("1", "2", "3", "4", "5", "6", "7", "8", "9", "10", 
        "11", "12", "13", "14", "15", "16", "17", "18", "19", 
        "20", "21", "22", "23", "24", "26", "27", "28", "30")), .Names = ""), class = "table"), 
    No.Tag = structure(c(0L, 91L, 0L, 0L, 0L, 94L, 0L, 0L, 0L, 
    0L, 0L, 0L, 0L, 10L, 0L, 0L), .Dim = c(4L, 4L), .Dimnames = structure(list(
        c("-1", "0", "1", NA), c("A", "G", "T", NA)), .Names = c("", 
    "")), class = "table"), All.Tags = list(Concordant = list(
        Freqs = structure(c(2, 393, 0, 0, 459, 0, 0, 0, 0), .Dim = c(3L, 
        3L), .Dimnames = list(c("-1", "0", "1"), c("A", "G", 
        "T"))), N = 854), Majority = list(Freqs = structure(c(2, 
    434, 0, 0, 517, 0, 0, 0, 0), .Dim = c(3L, 3L), .Dimnames = list(
        c("-1", "0", "1"), c("A", "G", "T"))), N = 953)), `2` = structure(c(0, 
    330, 0, 0, 409, 0, 0, 0, 0), .Dim = c(3L, 3L), .Dimnames = list(
        c("-1", "0", "1"), c("A", "G", "T"))))))
