Results <-
list(`bwaOutput/20210421msiMNRsJenny/210173_S19.sam` = list(LR10_SNP1 = list(
    All = list(Freqs = structure(c(0L, 0L, 1L, 0L, 0L, 1L, 114L, 
    6063L, 36L, 11L, 0L, 0L, 9L, 0L, 0L, 1L, 1L, 104L, 2L, 0L
    ), .Dim = 5:4, .Dimnames = structure(list(c("-2", "-1", "0", 
    "1", NA), c("-", "C", "T", NA)), .Names = c("", "")), class = "table"), 
        N = 6343L), Tag.Distribution = structure(c(`1` = 200L, 
    `2` = 97L, `3` = 87L, `4` = 86L, `5` = 65L, `6` = 40L, `7` = 47L, 
    `8` = 43L, `9` = 25L, `10` = 37L, `11` = 26L, `12` = 29L, 
    `13` = 25L, `14` = 19L, `15` = 14L, `16` = 12L, `17` = 10L, 
    `18` = 15L, `19` = 9L, `20` = 12L, `21` = 5L, `22` = 2L, 
    `23` = 6L, `24` = 5L, `25` = 3L, `26` = 1L, `27` = 1L, `28` = 1L, 
    `29` = 2L, `32` = 2L, `33` = 2L, `38` = 1L, `41` = 1L), .Dim = 33L, .Dimnames = structure(list(
        c("1", "2", "3", "4", "5", "6", "7", "8", "9", "10", 
        "11", "12", "13", "14", "15", "16", "17", "18", "19", 
        "20", "21", "22", "23", "24", "25", "26", "27", "28", 
        "29", "32", "33", "38", "41")), .Names = ""), class = "table"), 
    No.Tag = structure(c(0L, 0L, 0L, 0L, 0L, 0L, 3L, 193L, 0L, 
    0L, 0L, 0L, 0L, 0L, 0L, 0L, 0L, 7L, 0L, 0L), .Dim = 5:4, .Dimnames = structure(list(
        c("-2", "-1", "0", "1", NA), c("-", "C", "T", NA)), .Names = c("", 
    "")), class = "table"), All.Tags = list(Concordant = list(
        Freqs = structure(c(0, 0, 0, 0, 0, 8, 785, 3, 0, 0, 3, 
        0), .Dim = 4:3, .Dimnames = list(c("-2", "-1", "0", "1"
        ), c("-", "C", "T"))), N = 799), Majority = list(Freqs = structure(c(0, 
    0, 0, 0, 0, 8, 906, 3, 0, 0, 3, 0), .Dim = 4:3, .Dimnames = list(
        c("-2", "-1", "0", "1"), c("-", "C", "T"))), N = 920)), 
    `2` = structure(c(0, 0, 0, 0, 0, 3, 723, 1, 0, 0, 0, 0), .Dim = 4:3, .Dimnames = list(
        c("-2", "-1", "0", "1"), c("-", "C", "T"))))))
