Results <-
list(`bwaOutput/20210421msiMNRsJenny/210179_S22.sam` = list(GM07_SNP1 = list(
    All = list(Freqs = structure(c(0L, 0L, 1L, 0L, 0L, 0L, 0L, 
    0L, 1L, 3L, 153L, 3667L, 112L, 2L, 0L, 79L, 0L, 3L, 78L, 
    1373L, 1780L, 62L, 4L, 298L, 0L, 1L, 2L, 103L, 50L, 2L, 0L, 
    0L), .Dim = c(8L, 4L), .Dimnames = structure(list(c("-3", 
    "-2", "-1", "0", "1", "2", "3", NA), c("-", "A", "G", NA)), .Names = c("", 
    "")), class = "table"), N = 7774L), Tag.Distribution = structure(c(`1` = 196L, 
    `2` = 67L, `3` = 49L, `4` = 55L, `5` = 40L, `6` = 40L, `7` = 51L, 
    `8` = 39L, `9` = 38L, `10` = 32L, `11` = 24L, `12` = 17L, 
    `13` = 21L, `14` = 15L, `15` = 19L, `16` = 12L, `17` = 16L, 
    `18` = 12L, `19` = 9L, `20` = 14L, `21` = 10L, `22` = 16L, 
    `23` = 5L, `24` = 6L, `25` = 6L, `26` = 3L, `27` = 2L, `28` = 3L, 
    `29` = 7L, `30` = 6L, `31` = 4L, `32` = 7L, `33` = 2L, `34` = 4L, 
    `35` = 1L, `36` = 3L, `37` = 3L, `38` = 3L, `40` = 3L, `44` = 1L, 
    `46` = 1L), .Dim = 41L, .Dimnames = structure(list(c("1", 
    "2", "3", "4", "5", "6", "7", "8", "9", "10", "11", "12", 
    "13", "14", "15", "16", "17", "18", "19", "20", "21", "22", 
    "23", "24", "25", "26", "27", "28", "29", "30", "31", "32", 
    "33", "34", "35", "36", "37", "38", "40", "44", "46")), .Names = ""), class = "table"), 
    No.Tag = structure(c(0L, 0L, 0L, 0L, 0L, 0L, 0L, 0L, 0L, 
    0L, 6L, 106L, 2L, 0L, 0L, 8L, 0L, 0L, 0L, 51L, 27L, 0L, 0L, 
    28L, 0L, 0L, 0L, 11L, 2L, 0L, 0L, 0L), .Dim = c(8L, 4L), .Dimnames = structure(list(
        c("-3", "-2", "-1", "0", "1", "2", "3", NA), c("-", "A", 
        "G", NA)), .Names = c("", "")), class = "table"), All.Tags = list(
        Concordant = list(Freqs = structure(c(0, 0, 0, 0, 0, 
        0, 0, 1, 0, 5, 257, 1, 0, 0, 0, 1, 3, 94, 120, 1, 0), .Dim = c(7L, 
        3L), .Dimnames = list(c("-3", "-2", "-1", "0", "1", "2", 
        "3"), c("-", "A", "G"))), N = 483), Majority = list(Freqs = structure(c(0, 
        0, 0, 0, 0, 0, 0, 1, 0, 6, 400, 1, 0, 0, 0, 1, 4, 156, 
        238, 2, 0), .Dim = c(7L, 3L), .Dimnames = list(c("-3", 
        "-2", "-1", "0", "1", "2", "3"), c("-", "A", "G"))), 
            N = 809)), `2` = structure(c(0, 0, 0, 0, 0, 0, 0, 
    0, 0, 2, 330, 0, 0, 0, 0, 0, 1, 113, 195, 1, 0), .Dim = c(7L, 
    3L), .Dimnames = list(c("-3", "-2", "-1", "0", "1", "2", 
    "3"), c("-", "A", "G"))))))
