Results <-
list(`bwaOutput/20210421msiMNRsJenny/210179_S22.sam` = list(IM49_SNP1 = list(
    All = list(Freqs = structure(c(3L, 213L, 6293L, 144L, 2L, 
    40L, 0L, 0L, 3L, 0L, 0L, 0L, 0L, 1L, 173L, 5L, 1L, 0L), .Dim = c(6L, 
    3L), .Dimnames = structure(list(c("-2", "-1", "0", "1", "2", 
    NA), c("C", "G", NA)), .Names = c("", "")), class = "table"), 
        N = 6878L), Tag.Distribution = structure(c(`1` = 251L, 
    `2` = 102L, `3` = 58L, `4` = 73L, `5` = 39L, `6` = 56L, `7` = 38L, 
    `8` = 50L, `9` = 22L, `10` = 27L, `11` = 25L, `12` = 21L, 
    `13` = 19L, `14` = 16L, `15` = 18L, `16` = 13L, `17` = 10L, 
    `18` = 10L, `19` = 4L, `20` = 16L, `21` = 5L, `22` = 10L, 
    `23` = 4L, `24` = 4L, `25` = 7L, `26` = 6L, `27` = 6L, `28` = 1L, 
    `29` = 3L, `30` = 3L, `32` = 5L, `34` = 2L, `36` = 1L, `37` = 2L, 
    `38` = 1L, `39` = 1L, `42` = 1L, `44` = 1L, `46` = 1L), .Dim = 39L, .Dimnames = structure(list(
        c("1", "2", "3", "4", "5", "6", "7", "8", "9", "10", 
        "11", "12", "13", "14", "15", "16", "17", "18", "19", 
        "20", "21", "22", "23", "24", "25", "26", "27", "28", 
        "29", "30", "32", "34", "36", "37", "38", "39", "42", 
        "44", "46")), .Names = ""), class = "table"), No.Tag = structure(c(0L, 
    14L, 271L, 8L, 0L, 2L, 0L, 0L, 0L, 0L, 0L, 0L, 0L, 0L, 17L, 
    0L, 0L, 0L), .Dim = c(6L, 3L), .Dimnames = structure(list(
        c("-2", "-1", "0", "1", "2", NA), c("C", "G", NA)), .Names = c("", 
    "")), class = "table"), All.Tags = list(Concordant = list(
        Freqs = structure(c(0, 15, 675, 8, 0, 0, 0, 3, 0, 0), .Dim = c(5L, 
        2L), .Dimnames = list(c("-2", "-1", "0", "1", "2"), c("C", 
        "G"))), N = 701), Majority = list(Freqs = structure(c(0, 
    17, 868, 8, 0, 0, 0, 3, 0, 0), .Dim = c(5L, 2L), .Dimnames = list(
        c("-2", "-1", "0", "1", "2"), c("C", "G"))), N = 896)), 
    `2` = structure(c(0, 3, 668, 1, 0, 0, 0, 0, 0, 0), .Dim = c(5L, 
    2L), .Dimnames = list(c("-2", "-1", "0", "1", "2"), c("C", 
    "G"))))))
