Results <-
list(`bwaOutput/20210421msiMNRsJenny/210173_S19.sam` = list(GM09_SNP1 = list(
    All = list(Freqs = structure(c(27L, 4433L, 11L, 5L, 13L, 
    2442L, 6L, 2L, 1L, 59L, 0L, 0L), .Dim = 4:3, .Dimnames = structure(list(
        c("-1", "0", "1", NA), c("A", "G", NA)), .Names = c("", 
    "")), class = "table"), N = 6999L), Tag.Distribution = structure(c(`1` = 199L, 
    `2` = 121L, `3` = 93L, `4` = 99L, `5` = 71L, `6` = 59L, `7` = 49L, 
    `8` = 40L, `9` = 48L, `10` = 34L, `11` = 30L, `12` = 27L, 
    `13` = 18L, `14` = 17L, `15` = 19L, `16` = 16L, `17` = 17L, 
    `18` = 13L, `19` = 13L, `20` = 4L, `21` = 4L, `22` = 5L, 
    `23` = 3L, `24` = 7L, `25` = 1L, `26` = 1L, `27` = 6L, `29` = 2L, 
    `30` = 1L, `31` = 1L, `32` = 1L, `35` = 2L, `37` = 1L, `39` = 1L
    ), .Dim = 34L, .Dimnames = structure(list(c("1", "2", "3", 
    "4", "5", "6", "7", "8", "9", "10", "11", "12", "13", "14", 
    "15", "16", "17", "18", "19", "20", "21", "22", "23", "24", 
    "25", "26", "27", "29", "30", "31", "32", "35", "37", "39"
    )), .Names = ""), class = "table"), No.Tag = structure(c(1L, 
    166L, 0L, 1L, 0L, 105L, 0L, 0L, 0L, 8L, 0L, 0L), .Dim = 4:3, .Dimnames = structure(list(
        c("-1", "0", "1", NA), c("A", "G", NA)), .Names = c("", 
    "")), class = "table"), All.Tags = list(Concordant = list(
        Freqs = structure(c(1, 562, 0, 2, 299, 0), .Dim = 3:2, .Dimnames = list(
            c("-1", "0", "1"), c("A", "G"))), N = 864), Majority = list(
        Freqs = structure(c(2, 637, 0, 2, 364, 0), .Dim = 3:2, .Dimnames = list(
            c("-1", "0", "1"), c("A", "G"))), N = 1005)), `2` = structure(c(1, 
    516, 0, 0, 297, 0), .Dim = 3:2, .Dimnames = list(c("-1", 
    "0", "1"), c("A", "G"))))))
