Results <-
list(`bwaOutput/20210421msiMNRsJenny/210173_S19.sam` = list(GM07_SNP1 = list(
    All = list(Freqs = structure(c(0L, 0L, 2L, 0L, 0L, 0L, 4L, 
    162L, 3657L, 111L, 4L, 67L, 1L, 130L, 2567L, 81L, 1L, 45L, 
    0L, 0L, 0L, 0L, 0L, 1L, 0L, 4L, 103L, 4L, 1L, 0L), .Dim = 6:5, .Dimnames = structure(list(
        c("-2", "-1", "0", "1", "2", NA), c("-", "A", "G", "T", 
        NA)), .Names = c("", "")), class = "table"), N = 6945L), 
    Tag.Distribution = structure(c(`1` = 228L, `2` = 111L, `3` = 98L, 
    `4` = 72L, `5` = 62L, `6` = 61L, `7` = 65L, `8` = 37L, `9` = 36L, 
    `10` = 37L, `11` = 31L, `12` = 25L, `13` = 22L, `14` = 21L, 
    `15` = 19L, `16` = 19L, `17` = 13L, `18` = 8L, `19` = 5L, 
    `20` = 11L, `21` = 9L, `22` = 2L, `23` = 3L, `24` = 6L, `25` = 1L, 
    `26` = 4L, `27` = 3L, `28` = 1L, `29` = 1L, `30` = 2L, `33` = 1L, 
    `35` = 1L, `37` = 2L, `41` = 1L, `42` = 1L, `45` = 1L, `46` = 1L
    ), .Dim = 37L, .Dimnames = structure(list(c("1", "2", "3", 
    "4", "5", "6", "7", "8", "9", "10", "11", "12", "13", "14", 
    "15", "16", "17", "18", "19", "20", "21", "22", "23", "24", 
    "25", "26", "27", "28", "29", "30", "33", "35", "37", "41", 
    "42", "45", "46")), .Names = ""), class = "table"), No.Tag = structure(c(0L, 
    0L, 0L, 0L, 0L, 0L, 0L, 3L, 111L, 4L, 1L, 10L, 0L, 1L, 60L, 
    0L, 0L, 11L, 0L, 0L, 0L, 0L, 0L, 1L, 0L, 0L, 10L, 1L, 0L, 
    0L), .Dim = 6:5, .Dimnames = structure(list(c("-2", "-1", 
    "0", "1", "2", NA), c("-", "A", "G", "T", NA)), .Names = c("", 
    "")), class = "table"), All.Tags = list(Concordant = list(
        Freqs = structure(c(0, 0, 0, 0, 0, 0, 4, 377, 1, 1, 0, 
        3, 257, 5, 0, 0, 0, 0, 0, 0), .Dim = 5:4, .Dimnames = list(
            c("-2", "-1", "0", "1", "2"), c("-", "A", "G", "T"
            ))), N = 648), Majority = list(Freqs = structure(c(0, 
    0, 0, 0, 0, 0, 5, 566, 2, 1, 0, 3, 407, 5, 0, 0, 0, 0, 0, 
    0), .Dim = 5:4, .Dimnames = list(c("-2", "-1", "0", "1", 
    "2"), c("-", "A", "G", "T"))), N = 989)), `2` = structure(c(0, 
    0, 0, 0, 0, 0, 1, 444, 1, 0, 0, 1, 327, 0, 0, 0, 0, 0, 0, 
    0), .Dim = 5:4, .Dimnames = list(c("-2", "-1", "0", "1", 
    "2"), c("-", "A", "G", "T"))))))
