Results <-
list(`bwaOutput/20210421msiMNRsJenny/210178_S21.sam` = list(LR44_SNP1 = list(
    All = list(Freqs = structure(c(1L, 3L, 74L, 1158L, 18L, 2L, 
    4L, 0L, 8L, 148L, 1459L, 28L, 1L, 10L, 0L, 1L, 3L, 51L, 1L, 
    0L, 0L), .Dim = c(7L, 3L), .Dimnames = structure(list(c("-3", 
    "-2", "-1", "0", "1", "2", NA), c("C", "T", NA)), .Names = c("", 
    "")), class = "table"), N = 2970L), Tag.Distribution = structure(c(`1` = 69L, 
    `2` = 33L, `3` = 26L, `4` = 21L, `5` = 16L, `6` = 16L, `7` = 20L, 
    `8` = 15L, `9` = 10L, `10` = 12L, `11` = 13L, `12` = 5L, 
    `13` = 6L, `14` = 6L, `15` = 12L, `16` = 5L, `17` = 5L, `18` = 3L, 
    `19` = 3L, `20` = 4L, `21` = 2L, `22` = 5L, `23` = 4L, `25` = 2L, 
    `26` = 1L, `27` = 1L, `28` = 2L, `29` = 1L, `30` = 2L, `31` = 1L, 
    `34` = 3L, `36` = 3L, `38` = 1L, `39` = 1L, `42` = 1L, `44` = 1L, 
    `49` = 1L, `53` = 1L), .Dim = 38L, .Dimnames = structure(list(
        c("1", "2", "3", "4", "5", "6", "7", "8", "9", "10", 
        "11", "12", "13", "14", "15", "16", "17", "18", "19", 
        "20", "21", "22", "23", "25", "26", "27", "28", "29", 
        "30", "31", "34", "36", "38", "39", "42", "44", "49", 
        "53")), .Names = ""), class = "table"), No.Tag = structure(c(0L, 
    0L, 5L, 39L, 2L, 0L, 1L, 0L, 0L, 8L, 69L, 1L, 0L, 1L, 0L, 
    0L, 0L, 2L, 0L, 0L, 0L), .Dim = c(7L, 3L), .Dimnames = structure(list(
        c("-3", "-2", "-1", "0", "1", "2", NA), c("C", "T", NA
        )), .Names = c("", "")), class = "table"), All.Tags = list(
        Concordant = list(Freqs = structure(c(0, 0, 1, 93, 0, 
        0, 0, 0, 7, 90, 1, 0), .Dim = c(6L, 2L), .Dimnames = list(
            c("-3", "-2", "-1", "0", "1", "2"), c("C", "T"))), 
            N = 192), Majority = list(Freqs = structure(c(0, 
        0, 2, 146, 1, 0, 0, 0, 7, 170, 1, 0), .Dim = c(6L, 2L
        ), .Dimnames = list(c("-3", "-2", "-1", "0", "1", "2"
        ), c("C", "T"))), N = 327)), `2` = structure(c(0, 0, 
    1, 125, 1, 0, 0, 0, 0, 134, 0, 0), .Dim = c(6L, 2L), .Dimnames = list(
        c("-3", "-2", "-1", "0", "1", "2"), c("C", "T"))))))
