Results <-
list(`bwaOutput/20210421msiMNRsJenny/210173_S19.sam` = list(LR48_SNP1 = list(
    All = list(Freqs = structure(c(7L, 204L, 7271L, 90L, 2L, 
    33L, 0L, 0L, 1L, 0L, 0L, 0L, 0L, 0L, 4L, 0L, 0L, 0L, 0L, 
    2L, 194L, 0L, 0L, 0L), .Dim = c(6L, 4L), .Dimnames = structure(list(
        c("-2", "-1", "0", "1", "2", NA), c("C", "G", "T", NA
        )), .Names = c("", "")), class = "table"), N = 7808L), 
    Tag.Distribution = structure(c(`1` = 182L, `2` = 82L, `3` = 67L, 
    `4` = 61L, `5` = 56L, `6` = 26L, `7` = 48L, `8` = 40L, `9` = 46L, 
    `10` = 20L, `11` = 35L, `12` = 32L, `13` = 29L, `14` = 23L, 
    `15` = 20L, `16` = 20L, `17` = 21L, `18` = 24L, `19` = 6L, 
    `20` = 15L, `21` = 14L, `22` = 7L, `23` = 6L, `24` = 4L, 
    `25` = 6L, `26` = 5L, `27` = 3L, `28` = 1L, `29` = 1L, `30` = 1L, 
    `31` = 2L, `32` = 4L, `33` = 1L, `35` = 4L, `36` = 2L, `38` = 1L, 
    `39` = 1L, `42` = 1L, `58` = 1L, `59` = 1L), .Dim = 40L, .Dimnames = structure(list(
        c("1", "2", "3", "4", "5", "6", "7", "8", "9", "10", 
        "11", "12", "13", "14", "15", "16", "17", "18", "19", 
        "20", "21", "22", "23", "24", "25", "26", "27", "28", 
        "29", "30", "31", "32", "33", "35", "36", "38", "39", 
        "42", "58", "59")), .Names = ""), class = "table"), No.Tag = structure(c(0L, 
    4L, 192L, 3L, 0L, 0L, 0L, 0L, 0L, 0L, 0L, 0L, 0L, 0L, 0L, 
    0L, 0L, 0L, 0L, 0L, 20L, 0L, 0L, 0L), .Dim = c(6L, 4L), .Dimnames = structure(list(
        c("-2", "-1", "0", "1", "2", NA), c("C", "G", "T", NA
        )), .Names = c("", "")), class = "table"), All.Tags = list(
        Concordant = list(Freqs = structure(c(0, 3, 674, 0, 0, 
        0, 0, 0, 0, 0, 0, 0, 4, 0, 0), .Dim = c(5L, 3L), .Dimnames = list(
            c("-2", "-1", "0", "1", "2"), c("C", "G", "T"))), 
            N = 681), Majority = list(Freqs = structure(c(0, 
        3, 892, 0, 0, 0, 0, 0, 0, 0, 0, 0, 4, 0, 0), .Dim = c(5L, 
        3L), .Dimnames = list(c("-2", "-1", "0", "1", "2"), c("C", 
        "G", "T"))), N = 899)), `2` = structure(c(0, 0, 730, 
    0, 0, 0, 0, 0, 0, 0, 0, 0, 0, 0, 0), .Dim = c(5L, 3L), .Dimnames = list(
        c("-2", "-1", "0", "1", "2"), c("C", "G", "T"))))))
