Results <-
list(`bwaOutput/20210421msiMNRsJenny/210178_S21.sam` = list(GM09_SNP1 = list(
    All = list(Freqs = structure(c(1L, 25L, 0L, 0L, 50L, 9327L, 
    9L, 3L, 1L, 77L, 0L, 0L), .Dim = 4:3, .Dimnames = structure(list(
        c("-1", "0", "1", NA), c("A", "G", NA)), .Names = c("", 
    "")), class = "table"), N = 9493L), Tag.Distribution = structure(c(`1` = 234L, 
    `2` = 64L, `3` = 65L, `4` = 51L, `5` = 34L, `6` = 42L, `7` = 34L, 
    `8` = 38L, `9` = 30L, `10` = 33L, `11` = 30L, `12` = 19L, 
    `13` = 25L, `14` = 20L, `15` = 18L, `16` = 11L, `17` = 18L, 
    `18` = 13L, `19` = 10L, `20` = 13L, `21` = 7L, `22` = 9L, 
    `23` = 9L, `24` = 11L, `25` = 10L, `26` = 7L, `27` = 9L, 
    `28` = 6L, `29` = 6L, `30` = 7L, `31` = 7L, `32` = 3L, `33` = 1L, 
    `34` = 1L, `35` = 4L, `36` = 4L, `37` = 5L, `39` = 3L, `41` = 1L, 
    `42` = 1L, `43` = 1L, `44` = 3L, `45` = 2L, `46` = 2L, `47` = 2L, 
    `51` = 1L, `53` = 2L, `55` = 2L, `56` = 1L, `58` = 1L, `63` = 2L, 
    `72` = 1L, `90` = 1L), .Dim = 53L, .Dimnames = structure(list(
        c("1", "2", "3", "4", "5", "6", "7", "8", "9", "10", 
        "11", "12", "13", "14", "15", "16", "17", "18", "19", 
        "20", "21", "22", "23", "24", "25", "26", "27", "28", 
        "29", "30", "31", "32", "33", "34", "35", "36", "37", 
        "39", "41", "42", "43", "44", "45", "46", "47", "51", 
        "53", "55", "56", "58", "63", "72", "90")), .Names = ""), class = "table"), 
    No.Tag = structure(c(0L, 0L, 0L, 0L, 0L, 349L, 3L, 0L, 0L, 
    5L, 0L, 0L), .Dim = 4:3, .Dimnames = structure(list(c("-1", 
    "0", "1", NA), c("A", "G", NA)), .Names = c("", "")), class = "table"), 
    All.Tags = list(Concordant = list(Freqs = structure(c(1, 
    16, 0, 0, 849, 0), .Dim = 3:2, .Dimnames = list(c("-1", "0", 
    "1"), c("A", "G"))), N = 866), Majority = list(Freqs = structure(c(1, 
    16, 0, 0, 904, 0), .Dim = 3:2, .Dimnames = list(c("-1", "0", 
    "1"), c("A", "G"))), N = 921)), `2` = structure(c(0, 0, 0, 
    0, 700, 0), .Dim = 3:2, .Dimnames = list(c("-1", "0", "1"
    ), c("A", "G"))))))
