Results <-
list(`bwaOutput/20210421msiMNRsJenny/210179_S22.sam` = list(GM11_SNP1 = list(
    All = list(Freqs = structure(c(2L, 35L, 9131L, 28L, 1L, 0L, 
    1L, 5L, 0L, 0L, 0L, 0L, 82L, 1L, 0L), .Dim = c(5L, 3L), .Dimnames = structure(list(
        c("-2", "-1", "0", "1", NA), c("A", "G", NA)), .Names = c("", 
    "")), class = "table"), N = 9286L), Tag.Distribution = structure(c(`1` = 149L, 
    `2` = 67L, `3` = 70L, `4` = 57L, `5` = 41L, `6` = 34L, `7` = 43L, 
    `8` = 41L, `9` = 36L, `10` = 28L, `11` = 31L, `12` = 21L, 
    `13` = 19L, `14` = 22L, `15` = 28L, `16` = 18L, `17` = 14L, 
    `18` = 12L, `19` = 11L, `20` = 12L, `21` = 9L, `22` = 9L, 
    `23` = 14L, `24` = 6L, `25` = 6L, `26` = 12L, `27` = 12L, 
    `28` = 6L, `29` = 5L, `30` = 2L, `31` = 10L, `32` = 2L, `33` = 9L, 
    `34` = 6L, `35` = 6L, `36` = 2L, `37` = 1L, `38` = 3L, `40` = 1L, 
    `41` = 2L, `42` = 2L, `44` = 2L, `47` = 2L, `51` = 1L, `53` = 1L, 
    `54` = 1L, `55` = 2L), .Dim = 47L, .Dimnames = structure(list(
        c("1", "2", "3", "4", "5", "6", "7", "8", "9", "10", 
        "11", "12", "13", "14", "15", "16", "17", "18", "19", 
        "20", "21", "22", "23", "24", "25", "26", "27", "28", 
        "29", "30", "31", "32", "33", "34", "35", "36", "37", 
        "38", "40", "41", "42", "44", "47", "51", "53", "54", 
        "55")), .Names = ""), class = "table"), No.Tag = structure(c(0L, 
    1L, 180L, 0L, 0L, 0L, 1L, 0L, 0L, 0L, 0L, 0L, 6L, 0L, 0L), .Dim = c(5L, 
    3L), .Dimnames = structure(list(c("-2", "-1", "0", "1", NA
    ), c("A", "G", NA)), .Names = c("", "")), class = "table"), 
    All.Tags = list(Concordant = list(Freqs = structure(c(0, 
    0, 820, 0, 0, 0, 3, 0), .Dim = c(4L, 2L), .Dimnames = list(
        c("-2", "-1", "0", "1"), c("A", "G"))), N = 823), Majority = list(
        Freqs = structure(c(0, 0, 876, 0, 0, 0, 3, 0), .Dim = c(4L, 
        2L), .Dimnames = list(c("-2", "-1", "0", "1"), c("A", 
        "G"))), N = 879)), `2` = structure(c(0, 0, 737, 0, 0, 
    0, 0, 0), .Dim = c(4L, 2L), .Dimnames = list(c("-2", "-1", 
    "0", "1"), c("A", "G"))))))
