Results <-
list(`bwaOutput/20210421msiMNRsJenny/210177_S20.sam` = list(LR40_SNP1 = list(
    All = list(Freqs = structure(c(1L, 58L, 5687L, 26L, 15L, 
    0L, 0L, 2L, 0L, 0L, 0L, 0L, 1L, 0L, 0L, 0L, 0L, 39L, 0L, 
    0L), .Dim = 5:4, .Dimnames = structure(list(c("-2", "-1", 
    "0", "1", NA), c("C", "G", "T", NA)), .Names = c("", "")), class = "table"), 
        N = 5829L), Tag.Distribution = structure(c(`1` = 96L, 
    `2` = 22L, `3` = 22L, `4` = 22L, `5` = 23L, `6` = 14L, `7` = 20L, 
    `8` = 16L, `9` = 15L, `10` = 9L, `11` = 11L, `12` = 12L, 
    `13` = 16L, `14` = 7L, `15` = 8L, `16` = 12L, `17` = 6L, 
    `18` = 7L, `19` = 6L, `20` = 13L, `21` = 3L, `22` = 7L, `23` = 4L, 
    `24` = 9L, `25` = 2L, `26` = 5L, `27` = 6L, `28` = 4L, `29` = 3L, 
    `30` = 3L, `31` = 2L, `32` = 3L, `33` = 5L, `34` = 1L, `35` = 3L, 
    `36` = 3L, `37` = 2L, `38` = 3L, `39` = 2L, `40` = 2L, `43` = 4L, 
    `44` = 4L, `45` = 1L, `46` = 3L, `48` = 1L, `49` = 1L, `51` = 3L, 
    `57` = 2L, `62` = 2L, `66` = 1L), .Dim = 50L, .Dimnames = structure(list(
        c("1", "2", "3", "4", "5", "6", "7", "8", "9", "10", 
        "11", "12", "13", "14", "15", "16", "17", "18", "19", 
        "20", "21", "22", "23", "24", "25", "26", "27", "28", 
        "29", "30", "31", "32", "33", "34", "35", "36", "37", 
        "38", "39", "40", "43", "44", "45", "46", "48", "49", 
        "51", "57", "62", "66")), .Names = ""), class = "table"), 
    No.Tag = structure(c(0L, 0L, 194L, 1L, 2L, 0L, 0L, 0L, 0L, 
    0L, 0L, 0L, 0L, 0L, 0L, 0L, 0L, 4L, 0L, 0L), .Dim = 5:4, .Dimnames = structure(list(
        c("-2", "-1", "0", "1", NA), c("C", "G", "T", NA)), .Names = c("", 
    "")), class = "table"), All.Tags = list(Concordant = list(
        Freqs = structure(c(0, 3, 374, 2, 0, 0, 0, 0, 0, 0, 0, 
        0), .Dim = 4:3, .Dimnames = list(c("-2", "-1", "0", "1"
        ), c("C", "G", "T"))), N = 379), Majority = list(Freqs = structure(c(0, 
    4, 438, 2, 0, 0, 0, 0, 0, 0, 0, 0), .Dim = 4:3, .Dimnames = list(
        c("-2", "-1", "0", "1"), c("C", "G", "T"))), N = 444)), 
    `2` = structure(c(0, 1, 353, 0, 0, 0, 0, 0, 0, 0, 0, 0), .Dim = 4:3, .Dimnames = list(
        c("-2", "-1", "0", "1"), c("C", "G", "T"))))))
