Results <-
list(`bwaOutput/20210421msiMNRsJenny/210179_S22.sam` = list(LR46_SNP1 = list(
    All = list(Freqs = structure(c(0L, 1L, 0L, 0L, 25L, 3589L, 
    19L, 11L, 22L, 3818L, 10L, 23L, 0L, 52L, 1L, 0L), .Dim = c(4L, 
    4L), .Dimnames = structure(list(c("-1", "0", "1", NA), c("C", 
    "G", "T", NA)), .Names = c("", "")), class = "table"), N = 7571L), 
    Tag.Distribution = structure(c(`1` = 192L, `2` = 65L, `3` = 61L, 
    `4` = 44L, `5` = 51L, `6` = 31L, `7` = 35L, `8` = 33L, `9` = 32L, 
    `10` = 27L, `11` = 18L, `12` = 23L, `13` = 28L, `14` = 15L, 
    `15` = 18L, `16` = 18L, `17` = 13L, `18` = 14L, `19` = 15L, 
    `20` = 7L, `21` = 5L, `22` = 10L, `23` = 5L, `24` = 3L, `25` = 3L, 
    `26` = 4L, `27` = 6L, `28` = 6L, `29` = 3L, `30` = 5L, `31` = 7L, 
    `32` = 5L, `34` = 1L, `35` = 3L, `37` = 3L, `38` = 2L, `39` = 5L, 
    `42` = 2L, `43` = 1L, `45` = 1L, `46` = 1L, `50` = 2L, `63` = 1L, 
    `72` = 1L), .Dim = 44L, .Dimnames = structure(list(c("1", 
    "2", "3", "4", "5", "6", "7", "8", "9", "10", "11", "12", 
    "13", "14", "15", "16", "17", "18", "19", "20", "21", "22", 
    "23", "24", "25", "26", "27", "28", "29", "30", "31", "32", 
    "34", "35", "37", "38", "39", "42", "43", "45", "46", "50", 
    "63", "72")), .Names = ""), class = "table"), No.Tag = structure(c(0L, 
    0L, 0L, 0L, 3L, 133L, 0L, 2L, 1L, 123L, 1L, 1L, 0L, 5L, 0L, 
    0L), .Dim = c(4L, 4L), .Dimnames = structure(list(c("-1", 
    "0", "1", NA), c("C", "G", "T", NA)), .Names = c("", "")), class = "table"), 
    All.Tags = list(Concordant = list(Freqs = structure(c(0, 
    0, 0, 1, 352, 1, 1, 351, 0), .Dim = c(3L, 3L), .Dimnames = list(
        c("-1", "0", "1"), c("C", "G", "T"))), N = 706), Majority = list(
        Freqs = structure(c(0, 0, 0, 2, 398, 1, 1, 401, 0), .Dim = c(3L, 
        3L), .Dimnames = list(c("-1", "0", "1"), c("C", "G", 
        "T"))), N = 803)), `2` = structure(c(0, 0, 0, 1, 309, 
    1, 0, 315, 0), .Dim = c(3L, 3L), .Dimnames = list(c("-1", 
    "0", "1"), c("C", "G", "T"))))))
