Results <-
list(`bwaOutput/20210421msiMNRsJenny/210173_S19.sam` = list(IM16_SNP1 = list(
    All = list(Freqs = structure(c(0L, 33L, 3235L, 46L, 1L, 1L, 
    1L, 44L, 3190L, 42L, 0L, 4L, 0L, 0L, 4L, 0L, 0L, 0L, 0L, 
    1L, 84L, 3L, 0L, 0L), .Dim = c(6L, 4L), .Dimnames = structure(list(
        c("-2", "-1", "0", "1", "2", NA), c("A", "G", "T", NA
        )), .Names = c("", "")), class = "table"), N = 6689L), 
    Tag.Distribution = structure(c(`1` = 190L, `2` = 109L, `3` = 109L, 
    `4` = 74L, `5` = 61L, `6` = 56L, `7` = 60L, `8` = 38L, `9` = 34L, 
    `10` = 24L, `11` = 26L, `12` = 22L, `13` = 24L, `14` = 16L, 
    `15` = 9L, `16` = 14L, `17` = 21L, `18` = 12L, `19` = 11L, 
    `20` = 6L, `21` = 6L, `22` = 8L, `23` = 8L, `24` = 6L, `25` = 2L, 
    `26` = 3L, `27` = 4L, `28` = 2L, `30` = 2L, `32` = 2L, `33` = 1L, 
    `37` = 1L, `38` = 1L, `42` = 1L), .Dim = 34L, .Dimnames = structure(list(
        c("1", "2", "3", "4", "5", "6", "7", "8", "9", "10", 
        "11", "12", "13", "14", "15", "16", "17", "18", "19", 
        "20", "21", "22", "23", "24", "25", "26", "27", "28", 
        "30", "32", "33", "37", "38", "42")), .Names = ""), class = "table"), 
    No.Tag = structure(c(0L, 0L, 71L, 1L, 0L, 0L, 0L, 1L, 120L, 
    0L, 0L, 0L, 0L, 0L, 0L, 0L, 0L, 0L, 0L, 0L, 10L, 1L, 0L, 
    0L), .Dim = c(6L, 4L), .Dimnames = structure(list(c("-2", 
    "-1", "0", "1", "2", NA), c("A", "G", "T", NA)), .Names = c("", 
    "")), class = "table"), All.Tags = list(Concordant = list(
        Freqs = structure(c(0, 2, 377, 2, 0, 1, 1, 376, 0, 0, 
        0, 0, 1, 0, 0), .Dim = c(5L, 3L), .Dimnames = list(c("-2", 
        "-1", "0", "1", "2"), c("A", "G", "T"))), N = 760), Majority = list(
        Freqs = structure(c(0, 2, 470, 2, 0, 1, 3, 455, 0, 0, 
        0, 0, 1, 0, 0), .Dim = c(5L, 3L), .Dimnames = list(c("-2", 
        "-1", "0", "1", "2"), c("A", "G", "T"))), N = 934)), 
    `2` = structure(c(0, 1, 383, 0, 0, 0, 2, 370, 0, 0, 0, 0, 
    1, 0, 0), .Dim = c(5L, 3L), .Dimnames = list(c("-2", "-1", 
    "0", "1", "2"), c("A", "G", "T"))))))
