Results <-
list(`bwaOutput/20210421msiMNRsJenny/210178_S21.sam` = list(LR40_SNP1 = list(
    All = list(Freqs = structure(c(55L, 5715L, 11L, 1L, 12L, 
    0L, 45L, 0L, 0L, 0L), .Dim = c(5L, 2L), .Dimnames = structure(list(
        c("-1", "0", "1", "2", NA), c("C", NA)), .Names = c("", 
    "")), class = "table"), N = 5839L), Tag.Distribution = structure(c(`1` = 133L, 
    `2` = 54L, `3` = 44L, `4` = 35L, `5` = 36L, `6` = 26L, `7` = 30L, 
    `8` = 27L, `9` = 16L, `10` = 19L, `11` = 16L, `12` = 14L, 
    `13` = 18L, `14` = 17L, `15` = 20L, `16` = 11L, `17` = 10L, 
    `18` = 9L, `19` = 7L, `20` = 5L, `21` = 5L, `22` = 9L, `23` = 7L, 
    `24` = 3L, `25` = 2L, `26` = 7L, `27` = 5L, `28` = 3L, `29` = 4L, 
    `30` = 3L, `31` = 2L, `32` = 4L, `33` = 3L, `34` = 2L, `35` = 1L, 
    `36` = 2L, `38` = 3L, `39` = 1L, `40` = 1L, `44` = 2L, `50` = 1L, 
    `52` = 1L, `57` = 2L, `63` = 1L), .Dim = 44L, .Dimnames = structure(list(
        c("1", "2", "3", "4", "5", "6", "7", "8", "9", "10", 
        "11", "12", "13", "14", "15", "16", "17", "18", "19", 
        "20", "21", "22", "23", "24", "25", "26", "27", "28", 
        "29", "30", "31", "32", "33", "34", "35", "36", "38", 
        "39", "40", "44", "50", "52", "57", "63")), .Names = ""), class = "table"), 
    No.Tag = structure(c(2L, 143L, 1L, 0L, 5L, 0L, 5L, 0L, 0L, 
    0L), .Dim = c(5L, 2L), .Dimnames = structure(list(c("-1", 
    "0", "1", "2", NA), c("C", NA)), .Names = c("", "")), class = "table"), 
    All.Tags = list(Concordant = list(Freqs = structure(c(0, 
    565, 0, 0), .Dim = c(4L, 1L), .Dimnames = list(c("-1", "0", 
    "1", "2"), "C")), N = 565), Majority = list(Freqs = structure(c(0, 
    616, 0, 0), .Dim = c(4L, 1L), .Dimnames = list(c("-1", "0", 
    "1", "2"), "C")), N = 616)), `2` = structure(c(0, 487, 0, 
    0), .Dim = c(4L, 1L), .Dimnames = list(c("-1", "0", "1", 
    "2"), "C")))))
