Results <-
list(`bwaOutput/20210421msiMNRsJenny/210178_S21.sam` = list(LR52_SNP1 = list(
    All = list(Freqs = structure(c(0L, 0L, 0L, 1L, 1L, 0L, 0L, 
    0L, 0L, 0L, 0L, 0L, 2L, 0L, 0L, 0L, 1L, 6L, 54L, 783L, 6449L, 
    31L, 1L, 95L, 0L, 0L, 2L, 5L, 32L, 2L, 0L, 0L, 0L, 0L, 1L, 
    37L, 1779L, 19L, 1L, 0L), .Dim = c(8L, 5L), .Dimnames = structure(list(
        c("-4", "-3", "-2", "-1", "0", "1", "2", NA), c("-", 
        "A", "C", "T", NA)), .Names = c("", "")), class = "table"), 
        N = 9302L), Tag.Distribution = structure(c(`1` = 119L, 
    `2` = 55L, `3` = 30L, `4` = 37L, `5` = 44L, `6` = 30L, `7` = 22L, 
    `8` = 29L, `9` = 26L, `10` = 30L, `11` = 20L, `12` = 19L, 
    `13` = 14L, `14` = 17L, `15` = 17L, `16` = 13L, `17` = 17L, 
    `18` = 8L, `19` = 12L, `20` = 4L, `21` = 8L, `22` = 6L, `23` = 13L, 
    `24` = 6L, `25` = 4L, `26` = 7L, `27` = 1L, `28` = 2L, `29` = 3L, 
    `30` = 5L, `31` = 7L, `32` = 2L, `33` = 4L, `34` = 5L, `35` = 2L, 
    `36` = 2L, `37` = 8L, `38` = 3L, `39` = 6L, `40` = 3L, `41` = 11L, 
    `44` = 3L, `45` = 3L, `46` = 2L, `47` = 2L, `49` = 1L, `50` = 2L, 
    `51` = 2L, `52` = 2L, `54` = 1L, `56` = 2L, `57` = 2L, `58` = 1L, 
    `60` = 2L, `61` = 1L, `62` = 2L, `66` = 3L, `69` = 2L, `97` = 1L
    ), .Dim = 59L, .Dimnames = structure(list(c("1", "2", "3", 
    "4", "5", "6", "7", "8", "9", "10", "11", "12", "13", "14", 
    "15", "16", "17", "18", "19", "20", "21", "22", "23", "24", 
    "25", "26", "27", "28", "29", "30", "31", "32", "33", "34", 
    "35", "36", "37", "38", "39", "40", "41", "44", "45", "46", 
    "47", "49", "50", "51", "52", "54", "56", "57", "58", "60", 
    "61", "62", "66", "69", "97")), .Names = ""), class = "table"), 
    No.Tag = structure(c(0L, 0L, 0L, 0L, 0L, 0L, 0L, 0L, 0L, 
    0L, 0L, 0L, 0L, 0L, 0L, 0L, 0L, 0L, 1L, 20L, 188L, 0L, 0L, 
    5L, 0L, 0L, 0L, 0L, 0L, 0L, 0L, 0L, 0L, 0L, 0L, 1L, 59L, 
    0L, 0L, 0L), .Dim = c(8L, 5L), .Dimnames = structure(list(
        c("-4", "-3", "-2", "-1", "0", "1", "2", NA), c("-", 
        "A", "C", "T", NA)), .Names = c("", "")), class = "table"), 
    All.Tags = list(Concordant = list(Freqs = structure(c(0, 
    0, 0, 0, 0, 0, 0, 0, 0, 0, 0, 0, 0, 0, 1, 0, 4, 10, 297, 
    0, 0, 0, 0, 1, 1, 11, 0, 0), .Dim = c(7L, 4L), .Dimnames = list(
        c("-4", "-3", "-2", "-1", "0", "1", "2"), c("-", "A", 
        "C", "T"))), N = 325), Majority = list(Freqs = structure(c(0, 
    0, 0, 0, 0, 0, 0, 0, 0, 0, 0, 0, 0, 0, 1, 0, 4, 23, 612, 
    0, 0, 0, 0, 1, 1, 13, 0, 0), .Dim = c(7L, 4L), .Dimnames = list(
        c("-4", "-3", "-2", "-1", "0", "1", "2"), c("-", "A", 
        "C", "T"))), N = 655)), `2` = structure(c(0, 0, 0, 0, 
    0, 0, 0, 0, 0, 0, 0, 0, 0, 0, 0, 0, 0, 17, 552, 0, 0, 0, 
    0, 0, 0, 3, 0, 0), .Dim = c(7L, 4L), .Dimnames = list(c("-4", 
    "-3", "-2", "-1", "0", "1", "2"), c("-", "A", "C", "T"))))))
