Results <-
list(`bwaOutput/20210421msiMNRsJenny/210178_S21.sam` = list(GM29_SNP1 = list(
    All = list(Freqs = structure(c(2L, 173L, 11344L, 52L, 1L, 
    12L, 0L, 0L, 1L, 0L, 0L, 1L, 0L, 0L, 1L, 0L, 0L, 0L, 0L, 
    1L, 88L, 2L, 0L, 0L), .Dim = c(6L, 4L), .Dimnames = structure(list(
        c("-2", "-1", "0", "1", "2", NA), c("A", "G", "T", NA
        )), .Names = c("", "")), class = "table"), N = 11678L), 
    Tag.Distribution = structure(c(`1` = 179L, `2` = 66L, `3` = 58L, 
    `4` = 51L, `5` = 51L, `6` = 44L, `7` = 35L, `8` = 33L, `9` = 27L, 
    `10` = 30L, `11` = 24L, `12` = 23L, `13` = 22L, `14` = 23L, 
    `15` = 18L, `16` = 21L, `17` = 23L, `18` = 21L, `19` = 14L, 
    `20` = 15L, `21` = 13L, `22` = 10L, `23` = 9L, `24` = 8L, 
    `25` = 5L, `26` = 4L, `27` = 8L, `28` = 5L, `29` = 9L, `30` = 6L, 
    `31` = 5L, `32` = 7L, `33` = 3L, `34` = 2L, `35` = 2L, `36` = 7L, 
    `37` = 3L, `38` = 3L, `39` = 8L, `41` = 6L, `42` = 2L, `43` = 2L, 
    `44` = 1L, `45` = 1L, `46` = 2L, `47` = 2L, `48` = 1L, `49` = 1L, 
    `51` = 2L, `52` = 2L, `53` = 3L, `55` = 1L, `56` = 1L, `57` = 1L, 
    `58` = 1L, `59` = 1L, `63` = 1L, `65` = 2L, `66` = 1L, `67` = 1L, 
    `68` = 1L, `69` = 2L, `70` = 1L, `73` = 1L, `76` = 1L, `90` = 1L, 
    `97` = 1L), .Dim = 67L, .Dimnames = structure(list(c("1", 
    "2", "3", "4", "5", "6", "7", "8", "9", "10", "11", "12", 
    "13", "14", "15", "16", "17", "18", "19", "20", "21", "22", 
    "23", "24", "25", "26", "27", "28", "29", "30", "31", "32", 
    "33", "34", "35", "36", "37", "38", "39", "41", "42", "43", 
    "44", "45", "46", "47", "48", "49", "51", "52", "53", "55", 
    "56", "57", "58", "59", "63", "65", "66", "67", "68", "69", 
    "70", "73", "76", "90", "97")), .Names = ""), class = "table"), 
    No.Tag = structure(c(0L, 6L, 608L, 2L, 0L, 0L, 0L, 0L, 0L, 
    0L, 0L, 0L, 0L, 0L, 0L, 0L, 0L, 0L, 0L, 0L, 14L, 0L, 0L, 
    0L), .Dim = c(6L, 4L), .Dimnames = structure(list(c("-2", 
    "-1", "0", "1", "2", NA), c("A", "G", "T", NA)), .Names = c("", 
    "")), class = "table"), All.Tags = list(Concordant = list(
        Freqs = structure(c(0, 2, 762, 5, 0, 0, 0, 0, 0, 0, 0, 
        0, 0, 0, 0), .Dim = c(5L, 3L), .Dimnames = list(c("-2", 
        "-1", "0", "1", "2"), c("A", "G", "T"))), N = 769), Majority = list(
        Freqs = structure(c(0, 2, 918, 5, 0, 0, 0, 0, 0, 0, 0, 
        0, 0, 0, 0), .Dim = c(5L, 3L), .Dimnames = list(c("-2", 
        "-1", "0", "1", "2"), c("A", "G", "T"))), N = 925)), 
    `2` = structure(c(0, 1, 753, 2, 0, 0, 0, 0, 0, 0, 0, 0, 0, 
    0, 0), .Dim = c(5L, 3L), .Dimnames = list(c("-2", "-1", "0", 
    "1", "2"), c("A", "G", "T"))))))
