Results <-
list(`bwaOutput/20210421msiMNRsJenny/210177_S20.sam` = list(GM29_SNP1 = list(
    All = list(Freqs = structure(c(0L, 2L, 0L, 0L, 137L, 9356L, 
    29L, 15L, 0L, 4L, 0L, 0L, 0L, 1L, 0L, 0L, 4L, 95L, 0L, 0L
    ), .Dim = 4:5, .Dimnames = structure(list(c("-1", "0", "1", 
    NA), c("-", "A", "G", "T", NA)), .Names = c("", "")), class = "table"), 
        N = 9643L), Tag.Distribution = structure(c(`1` = 129L, 
    `2` = 26L, `3` = 26L, `4` = 24L, `5` = 20L, `6` = 18L, `7` = 19L, 
    `8` = 23L, `9` = 21L, `10` = 14L, `11` = 20L, `12` = 18L, 
    `13` = 17L, `14` = 12L, `15` = 8L, `16` = 15L, `17` = 12L, 
    `18` = 9L, `19` = 12L, `20` = 4L, `21` = 12L, `22` = 11L, 
    `23` = 13L, `24` = 10L, `25` = 8L, `26` = 6L, `27` = 8L, 
    `28` = 2L, `29` = 5L, `30` = 4L, `31` = 5L, `32` = 5L, `33` = 3L, 
    `34` = 2L, `35` = 1L, `36` = 3L, `37` = 4L, `39` = 3L, `40` = 1L, 
    `41` = 3L, `42` = 1L, `43` = 3L, `44` = 4L, `45` = 1L, `46` = 2L, 
    `47` = 2L, `49` = 3L, `50` = 1L, `51` = 1L, `52` = 3L, `53` = 3L, 
    `54` = 2L, `57` = 3L, `58` = 3L, `60` = 3L, `62` = 1L, `63` = 4L, 
    `64` = 1L, `68` = 1L, `75` = 1L, `78` = 1L, `83` = 1L, `90` = 1L, 
    `93` = 1L, `96` = 1L, `99` = 1L, `108` = 1L, `111` = 1L, 
    `118` = 1L, `121` = 1L), .Dim = 70L, .Dimnames = structure(list(
        c("1", "2", "3", "4", "5", "6", "7", "8", "9", "10", 
        "11", "12", "13", "14", "15", "16", "17", "18", "19", 
        "20", "21", "22", "23", "24", "25", "26", "27", "28", 
        "29", "30", "31", "32", "33", "34", "35", "36", "37", 
        "39", "40", "41", "42", "43", "44", "45", "46", "47", 
        "49", "50", "51", "52", "53", "54", "57", "58", "60", 
        "62", "63", "64", "68", "75", "78", "83", "90", "93", 
        "96", "99", "108", "111", "118", "121")), .Names = ""), class = "table"), 
    No.Tag = structure(c(0L, 0L, 0L, 0L, 6L, 287L, 1L, 3L, 0L, 
    0L, 0L, 0L, 0L, 0L, 0L, 0L, 0L, 7L, 0L, 0L), .Dim = 4:5, .Dimnames = structure(list(
        c("-1", "0", "1", NA), c("-", "A", "G", "T", NA)), .Names = c("", 
    "")), class = "table"), All.Tags = list(Concordant = list(
        Freqs = structure(c(0, 0, 0, 0, 492, 0, 0, 1, 0, 0, 0, 
        0), .Dim = 3:4, .Dimnames = list(c("-1", "0", "1"), c("-", 
        "A", "G", "T"))), N = 493), Majority = list(Freqs = structure(c(0, 
    0, 0, 1, 601, 0, 0, 1, 0, 0, 0, 0), .Dim = 3:4, .Dimnames = list(
        c("-1", "0", "1"), c("-", "A", "G", "T"))), N = 603)), 
    `2` = structure(c(0, 0, 0, 1, 479, 0, 0, 0, 0, 0, 0, 0), .Dim = 3:4, .Dimnames = list(
        c("-1", "0", "1"), c("-", "A", "G", "T"))))))
