Results <-
list(`bwaOutput/20210421msiMNRsJenny/210177_S20.sam` = list(DEPDC2_SNP1 = list(
    All = list(Freqs = structure(c(11L, 2313L, 12L, 4L, 20L, 
    3196L, 15L, 13L, 1L, 77L, 0L, 0L), .Dim = 4:3, .Dimnames = structure(list(
        c("-1", "0", "1", NA), c("C", "T", NA)), .Names = c("", 
    "")), class = "table"), N = 5662L), Tag.Distribution = structure(c(`1` = 168L, 
    `2` = 23L, `3` = 37L, `4` = 18L, `5` = 17L, `6` = 13L, `7` = 15L, 
    `8` = 24L, `9` = 17L, `10` = 15L, `11` = 13L, `12` = 18L, 
    `13` = 15L, `14` = 9L, `15` = 12L, `16` = 7L, `17` = 7L, 
    `18` = 12L, `19` = 7L, `20` = 5L, `21` = 6L, `22` = 8L, `23` = 6L, 
    `24` = 5L, `25` = 6L, `26` = 3L, `27` = 1L, `28` = 9L, `29` = 2L, 
    `31` = 5L, `32` = 2L, `33` = 4L, `34` = 1L, `35` = 2L, `36` = 4L, 
    `37` = 2L, `38` = 2L, `39` = 1L, `40` = 2L, `41` = 2L, `43` = 3L, 
    `45` = 2L, `46` = 3L, `47` = 1L, `48` = 2L, `49` = 1L, `54` = 1L, 
    `56` = 1L, `58` = 1L), .Dim = 49L, .Dimnames = structure(list(
        c("1", "2", "3", "4", "5", "6", "7", "8", "9", "10", 
        "11", "12", "13", "14", "15", "16", "17", "18", "19", 
        "20", "21", "22", "23", "24", "25", "26", "27", "28", 
        "29", "31", "32", "33", "34", "35", "36", "37", "38", 
        "39", "40", "41", "43", "45", "46", "47", "48", "49", 
        "54", "56", "58")), .Names = ""), class = "table"), No.Tag = structure(c(0L, 
    79L, 0L, 0L, 1L, 83L, 0L, 0L, 0L, 7L, 0L, 0L), .Dim = 4:3, .Dimnames = structure(list(
        c("-1", "0", "1", NA), c("C", "T", NA)), .Names = c("", 
    "")), class = "table"), All.Tags = list(Concordant = list(
        Freqs = structure(c(0, 213, 0, 0, 239, 0), .Dim = 3:2, .Dimnames = list(
            c("-1", "0", "1"), c("C", "T"))), N = 452), Majority = list(
        Freqs = structure(c(0, 239, 0, 0, 282, 0), .Dim = 3:2, .Dimnames = list(
            c("-1", "0", "1"), c("C", "T"))), N = 521)), `2` = structure(c(0, 
    176, 0, 0, 193, 0), .Dim = 3:2, .Dimnames = list(c("-1", 
    "0", "1"), c("C", "T"))))))
