Results <-
list(`bwaOutput/20210421msiMNRsJenny/210177_S20.sam` = list(GM17_SNP1 = list(
    All = list(Freqs = structure(c(0L, 0L, 2L, 0L, 0L, 0L, 0L, 
    9L, 0L, 0L, 2L, 136L, 10279L, 34L, 6L, 0L, 1L, 350L, 0L, 
    0L), .Dim = 5:4, .Dimnames = structure(list(c("-2", "-1", 
    "0", "1", NA), c("A", "C", "T", NA)), .Names = c("", "")), class = "table"), 
        N = 10819L), Tag.Distribution = structure(c(`1` = 191L, 
    `2` = 30L, `3` = 19L, `4` = 29L, `5` = 25L, `6` = 19L, `7` = 30L, 
    `8` = 27L, `9` = 17L, `10` = 17L, `11` = 21L, `12` = 13L, 
    `13` = 19L, `14` = 21L, `15` = 17L, `16` = 9L, `17` = 16L, 
    `18` = 17L, `19` = 17L, `20` = 7L, `21` = 14L, `22` = 8L, 
    `23` = 6L, `24` = 5L, `25` = 12L, `26` = 6L, `27` = 5L, `28` = 10L, 
    `29` = 5L, `30` = 4L, `31` = 5L, `32` = 10L, `34` = 3L, `35` = 3L, 
    `36` = 11L, `37` = 4L, `38` = 4L, `39` = 3L, `40` = 2L, `41` = 7L, 
    `42` = 1L, `43` = 3L, `44` = 4L, `45` = 1L, `47` = 2L, `49` = 5L, 
    `50` = 1L, `51` = 1L, `52` = 3L, `53` = 3L, `55` = 3L, `56` = 1L, 
    `57` = 3L, `58` = 1L, `59` = 2L, `60` = 1L, `63` = 1L, `64` = 2L, 
    `65` = 1L, `66` = 2L, `67` = 1L, `68` = 2L, `69` = 1L, `73` = 1L, 
    `74` = 1L, `76` = 1L, `84` = 1L, `93` = 1L, `111` = 1L), .Dim = 69L, .Dimnames = structure(list(
        c("1", "2", "3", "4", "5", "6", "7", "8", "9", "10", 
        "11", "12", "13", "14", "15", "16", "17", "18", "19", 
        "20", "21", "22", "23", "24", "25", "26", "27", "28", 
        "29", "30", "31", "32", "34", "35", "36", "37", "38", 
        "39", "40", "41", "42", "43", "44", "45", "47", "49", 
        "50", "51", "52", "53", "55", "56", "57", "58", "59", 
        "60", "63", "64", "65", "66", "67", "68", "69", "73", 
        "74", "76", "84", "93", "111")), .Names = ""), class = "table"), 
    No.Tag = structure(c(0L, 0L, 0L, 0L, 0L, 0L, 0L, 1L, 0L, 
    0L, 0L, 3L, 335L, 2L, 1L, 0L, 0L, 25L, 0L, 0L), .Dim = 5:4, .Dimnames = structure(list(
        c("-2", "-1", "0", "1", NA), c("A", "C", "T", NA)), .Names = c("", 
    "")), class = "table"), All.Tags = list(Concordant = list(
        Freqs = structure(c(0, 0, 0, 0, 0, 0, 8, 0, 0, 2, 582, 
        1), .Dim = 4:3, .Dimnames = list(c("-2", "-1", "0", "1"
        ), c("A", "C", "T"))), N = 593), Majority = list(Freqs = structure(c(0, 
    0, 0, 0, 0, 0, 8, 0, 0, 3, 706, 1), .Dim = 4:3, .Dimnames = list(
        c("-2", "-1", "0", "1"), c("A", "C", "T"))), N = 718)), 
    `2` = structure(c(0, 0, 0, 0, 0, 0, 0, 0, 0, 1, 547, 0), .Dim = 4:3, .Dimnames = list(
        c("-2", "-1", "0", "1"), c("A", "C", "T"))))))
