Results <-
list(`bwaOutput/20210421msiMNRsJenny/210179_S22.sam` = list(LR36_SNP1 = list(
    All = list(Freqs = structure(c(0L, 0L, 0L, 2L, 0L, 0L, 0L, 
    0L, 9L, 103L, 4808L, 40L, 0L, 59L, 0L, 0L, 0L, 1L, 0L, 0L, 
    0L, 0L, 0L, 0L, 1L, 0L, 0L, 0L, 2L, 5L, 78L, 4207L, 35L, 
    1L, 55L, 0L, 0L, 3L, 460L, 7L, 0L, 0L), .Dim = 7:6, .Dimnames = structure(list(
        c("-3", "-2", "-1", "0", "1", "2", NA), c("-", "A", "C", 
        "G", "T", NA)), .Names = c("", "")), class = "table"), 
        N = 9876L), Tag.Distribution = structure(c(`1` = 198L, 
    `2` = 98L, `3` = 79L, `4` = 83L, `5` = 69L, `6` = 52L, `7` = 40L, 
    `8` = 46L, `9` = 43L, `10` = 44L, `11` = 33L, `12` = 26L, 
    `13` = 21L, `14` = 23L, `15` = 14L, `16` = 18L, `17` = 16L, 
    `18` = 13L, `19` = 18L, `20` = 15L, `21` = 10L, `22` = 13L, 
    `23` = 12L, `24` = 7L, `25` = 13L, `26` = 6L, `27` = 5L, 
    `28` = 2L, `29` = 4L, `30` = 4L, `32` = 4L, `33` = 6L, `34` = 3L, 
    `36` = 3L, `37` = 2L, `39` = 2L, `40` = 3L, `41` = 2L, `42` = 2L, 
    `43` = 1L, `44` = 1L, `46` = 1L, `47` = 2L, `48` = 3L, `49` = 1L, 
    `51` = 2L, `54` = 1L, `59` = 1L), .Dim = 48L, .Dimnames = structure(list(
        c("1", "2", "3", "4", "5", "6", "7", "8", "9", "10", 
        "11", "12", "13", "14", "15", "16", "17", "18", "19", 
        "20", "21", "22", "23", "24", "25", "26", "27", "28", 
        "29", "30", "32", "33", "34", "36", "37", "39", "40", 
        "41", "42", "43", "44", "46", "47", "48", "49", "51", 
        "54", "59")), .Names = ""), class = "table"), No.Tag = structure(c(0L, 
    0L, 0L, 0L, 0L, 0L, 0L, 0L, 1L, 3L, 155L, 1L, 0L, 5L, 0L, 
    0L, 0L, 0L, 0L, 0L, 0L, 0L, 0L, 0L, 0L, 0L, 0L, 0L, 0L, 0L, 
    0L, 199L, 2L, 0L, 10L, 0L, 0L, 1L, 31L, 0L, 0L, 0L), .Dim = 7:6, .Dimnames = structure(list(
        c("-3", "-2", "-1", "0", "1", "2", NA), c("-", "A", "C", 
        "G", "T", NA)), .Names = c("", "")), class = "table"), 
    All.Tags = list(Concordant = list(Freqs = structure(c(0, 
    0, 0, 1, 0, 0, 0, 1, 0, 404, 0, 0, 0, 0, 0, 0, 0, 0, 0, 0, 
    0, 0, 0, 0, 0, 2, 5, 369, 2, 0), .Dim = 6:5, .Dimnames = list(
        c("-3", "-2", "-1", "0", "1", "2"), c("-", "A", "C", 
        "G", "T"))), N = 784), Majority = list(Freqs = structure(c(0, 
    0, 0, 1, 0, 0, 0, 1, 1, 539, 0, 0, 0, 0, 0, 0, 0, 0, 0, 0, 
    0, 0, 0, 0, 0, 2, 5, 490, 2, 0), .Dim = 6:5, .Dimnames = list(
        c("-3", "-2", "-1", "0", "1", "2"), c("-", "A", "C", 
        "G", "T"))), N = 1041)), `2` = structure(c(0, 0, 0, 0, 
    0, 0, 0, 0, 1, 442, 0, 0, 0, 0, 0, 0, 0, 0, 0, 0, 0, 0, 0, 
    0, 0, 1, 3, 410, 1, 0), .Dim = 6:5, .Dimnames = list(c("-3", 
    "-2", "-1", "0", "1", "2"), c("-", "A", "C", "G", "T"))))))
