Results <-
list(`bwaOutput/20210421msiMNRsJenny/210177_S20.sam` = list(GM11_SNP1 = list(
    All = list(Freqs = structure(c(0L, 0L, 6L, 0L, 0L, 0L, 1L, 
    41L, 5112L, 25L, 1L, 5L, 0L, 0L, 1L, 0L, 0L, 0L, 0L, 0L, 
    42L, 0L, 0L, 0L), .Dim = c(6L, 4L), .Dimnames = structure(list(
        c("-2", "-1", "0", "1", "2", NA), c("A", "G", "T", NA
        )), .Names = c("", "")), class = "table"), N = 5234L), 
    Tag.Distribution = structure(c(`1` = 77L, `2` = 9L, `3` = 15L, 
    `4` = 7L, `5` = 6L, `6` = 6L, `7` = 10L, `8` = 13L, `9` = 12L, 
    `10` = 9L, `11` = 7L, `12` = 5L, `13` = 5L, `14` = 9L, `15` = 11L, 
    `16` = 7L, `17` = 5L, `18` = 10L, `19` = 4L, `20` = 4L, `21` = 8L, 
    `22` = 4L, `23` = 4L, `24` = 3L, `25` = 7L, `26` = 6L, `27` = 1L, 
    `28` = 5L, `29` = 2L, `30` = 1L, `31` = 2L, `32` = 6L, `33` = 3L, 
    `34` = 1L, `35` = 3L, `36` = 1L, `37` = 3L, `38` = 1L, `39` = 1L, 
    `40` = 3L, `42` = 1L, `43` = 3L, `45` = 2L, `46` = 3L, `47` = 1L, 
    `48` = 2L, `50` = 1L, `51` = 2L, `52` = 1L, `54` = 1L, `59` = 2L, 
    `61` = 1L, `63` = 2L, `65` = 1L, `67` = 1L, `68` = 1L, `69` = 1L, 
    `70` = 1L, `71` = 1L, `74` = 1L, `93` = 1L), .Dim = 61L, .Dimnames = structure(list(
        c("1", "2", "3", "4", "5", "6", "7", "8", "9", "10", 
        "11", "12", "13", "14", "15", "16", "17", "18", "19", 
        "20", "21", "22", "23", "24", "25", "26", "27", "28", 
        "29", "30", "31", "32", "33", "34", "35", "36", "37", 
        "38", "39", "40", "42", "43", "45", "46", "47", "48", 
        "50", "51", "52", "54", "59", "61", "63", "65", "67", 
        "68", "69", "70", "71", "74", "93")), .Names = ""), class = "table"), 
    No.Tag = structure(c(0L, 0L, 1L, 0L, 0L, 0L, 0L, 0L, 73L, 
    0L, 0L, 1L, 0L, 0L, 0L, 0L, 0L, 0L, 0L, 0L, 3L, 0L, 0L, 0L
    ), .Dim = c(6L, 4L), .Dimnames = structure(list(c("-2", "-1", 
    "0", "1", "2", NA), c("A", "G", "T", NA)), .Names = c("", 
    "")), class = "table"), All.Tags = list(Concordant = list(
        Freqs = structure(c(0, 0, 4, 0, 0, 0, 0, 273, 2, 0, 0, 
        0, 0, 0, 0), .Dim = c(5L, 3L), .Dimnames = list(c("-2", 
        "-1", "0", "1", "2"), c("A", "G", "T"))), N = 279), Majority = list(
        Freqs = structure(c(0, 0, 4, 0, 0, 0, 0, 318, 2, 0, 0, 
        0, 0, 0, 0), .Dim = c(5L, 3L), .Dimnames = list(c("-2", 
        "-1", "0", "1", "2"), c("A", "G", "T"))), N = 324)), 
    `2` = structure(c(0, 0, 0, 0, 0, 0, 0, 249, 0, 0, 0, 0, 0, 
    0, 0), .Dim = c(5L, 3L), .Dimnames = list(c("-2", "-1", "0", 
    "1", "2"), c("A", "G", "T"))))))
