Results <-
list(`bwaOutput/20210421msiMNRsJenny/210177_S20.sam` = list(LR20_SNP1 = list(
    All = list(Freqs = structure(c(8L, 3756L, 5L, 3L, 4L, 3575L, 
    10L, 2L, 0L, 28L, 0L, 0L, 0L, 48L, 0L, 0L), .Dim = c(4L, 
    4L), .Dimnames = structure(list(c("-1", "0", "1", NA), c("A", 
    "G", "T", NA)), .Names = c("", "")), class = "table"), N = 7439L), 
    Tag.Distribution = structure(c(`1` = 149L, `2` = 28L, `3` = 30L, 
    `4` = 25L, `5` = 20L, `6` = 20L, `7` = 18L, `8` = 14L, `9` = 21L, 
    `10` = 19L, `11` = 13L, `12` = 22L, `13` = 12L, `14` = 17L, 
    `15` = 17L, `16` = 14L, `17` = 13L, `18` = 9L, `19` = 11L, 
    `20` = 8L, `21` = 11L, `22` = 6L, `23` = 3L, `24` = 7L, `25` = 4L, 
    `26` = 7L, `27` = 9L, `28` = 3L, `29` = 6L, `30` = 5L, `31` = 3L, 
    `32` = 5L, `33` = 7L, `34` = 3L, `35` = 6L, `36` = 5L, `37` = 2L, 
    `39` = 3L, `40` = 2L, `41` = 2L, `43` = 2L, `45` = 2L, `47` = 1L, 
    `48` = 1L, `49` = 3L, `52` = 3L, `53` = 1L, `54` = 2L, `55` = 1L, 
    `56` = 1L, `62` = 1L, `66` = 2L, `76` = 1L), .Dim = 53L, .Dimnames = structure(list(
        c("1", "2", "3", "4", "5", "6", "7", "8", "9", "10", 
        "11", "12", "13", "14", "15", "16", "17", "18", "19", 
        "20", "21", "22", "23", "24", "25", "26", "27", "28", 
        "29", "30", "31", "32", "33", "34", "35", "36", "37", 
        "39", "40", "41", "43", "45", "47", "48", "49", "52", 
        "53", "54", "55", "56", "62", "66", "76")), .Names = ""), class = "table"), 
    No.Tag = structure(c(1L, 92L, 0L, 0L, 0L, 98L, 0L, 1L, 0L, 
    0L, 0L, 0L, 0L, 5L, 0L, 0L), .Dim = c(4L, 4L), .Dimnames = structure(list(
        c("-1", "0", "1", NA), c("A", "G", "T", NA)), .Names = c("", 
    "")), class = "table"), All.Tags = list(Concordant = list(
        Freqs = structure(c(0, 287, 0, 0, 254, 0, 0, 2, 0), .Dim = c(3L, 
        3L), .Dimnames = list(c("-1", "0", "1"), c("A", "G", 
        "T"))), N = 543), Majority = list(Freqs = structure(c(0, 
    313, 0, 0, 276, 0, 0, 2, 0), .Dim = c(3L, 3L), .Dimnames = list(
        c("-1", "0", "1"), c("A", "G", "T"))), N = 591)), `2` = structure(c(0, 
    231, 0, 0, 218, 0, 0, 1, 0), .Dim = c(3L, 3L), .Dimnames = list(
        c("-1", "0", "1"), c("A", "G", "T"))))))
