Results <-
list(`bwaOutput/20210421msiMNRsJenny/210179_S22.sam` = list(GM22_SNP1 = list(
    All = list(Freqs = structure(c(5L, 159L, 12796L, 44L, 32L, 
    0L, 0L, 7L, 0L, 0L, 0L, 0L, 2L, 0L, 0L, 0L, 4L, 208L, 3L, 
    0L), .Dim = 5:4, .Dimnames = structure(list(c("-2", "-1", 
    "0", "1", NA), c("A", "G", "T", NA)), .Names = c("", "")), class = "table"), 
        N = 13260L), Tag.Distribution = structure(c(`1` = 252L, 
    `2` = 86L, `3` = 84L, `4` = 58L, `5` = 70L, `6` = 62L, `7` = 58L, 
    `8` = 52L, `9` = 50L, `10` = 31L, `11` = 29L, `12` = 34L, 
    `13` = 31L, `14` = 34L, `15` = 29L, `16` = 21L, `17` = 21L, 
    `18` = 26L, `19` = 24L, `20` = 16L, `21` = 13L, `22` = 20L, 
    `23` = 10L, `24` = 10L, `25` = 10L, `26` = 7L, `27` = 9L, 
    `28` = 11L, `29` = 4L, `30` = 13L, `31` = 5L, `32` = 14L, 
    `33` = 2L, `34` = 10L, `35` = 11L, `36` = 7L, `37` = 5L, 
    `38` = 2L, `39` = 4L, `40` = 5L, `41` = 2L, `42` = 3L, `43` = 4L, 
    `47` = 1L, `50` = 1L, `51` = 1L, `55` = 1L, `86` = 1L), .Dim = 48L, .Dimnames = structure(list(
        c("1", "2", "3", "4", "5", "6", "7", "8", "9", "10", 
        "11", "12", "13", "14", "15", "16", "17", "18", "19", 
        "20", "21", "22", "23", "24", "25", "26", "27", "28", 
        "29", "30", "31", "32", "33", "34", "35", "36", "37", 
        "38", "39", "40", "41", "42", "43", "47", "50", "51", 
        "55", "86")), .Names = ""), class = "table"), No.Tag = structure(c(0L, 
    4L, 430L, 1L, 5L, 0L, 0L, 1L, 0L, 0L, 0L, 0L, 0L, 0L, 0L, 
    0L, 0L, 25L, 0L, 0L), .Dim = 5:4, .Dimnames = structure(list(
        c("-2", "-1", "0", "1", NA), c("A", "G", "T", NA)), .Names = c("", 
    "")), class = "table"), All.Tags = list(Concordant = list(
        Freqs = structure(c(0, 2, 1072, 2, 0, 0, 3, 0, 0, 0, 
        0, 0), .Dim = 4:3, .Dimnames = list(c("-2", "-1", "0", 
        "1"), c("A", "G", "T"))), N = 1079), Majority = list(
        Freqs = structure(c(0, 2, 1225, 2, 0, 0, 3, 0, 0, 0, 
        0, 0), .Dim = 4:3, .Dimnames = list(c("-2", "-1", "0", 
        "1"), c("A", "G", "T"))), N = 1232)), `2` = structure(c(0, 
    2, 992, 0, 0, 0, 0, 0, 0, 0, 0, 0), .Dim = 4:3, .Dimnames = list(
        c("-2", "-1", "0", "1"), c("A", "G", "T"))))))
