Results <-
list(`bwaOutput/20210421msiMNRsJenny/210179_S22.sam` = list(LR52_SNP1 = list(
    All = list(Freqs = structure(c(0L, 0L, 0L, 0L, 2L, 0L, 0L, 
    1L, 6L, 56L, 766L, 6418L, 53L, 79L, 0L, 0L, 0L, 5L, 42L, 
    0L, 2L, 0L, 0L, 0L, 35L, 1769L, 17L, 0L), .Dim = c(7L, 4L
    ), .Dimnames = structure(list(c("-4", "-3", "-2", "-1", "0", 
    "1", NA), c("A", "C", "T", NA)), .Names = c("", "")), class = "table"), 
        N = 9251L), Tag.Distribution = structure(c(`1` = 136L, 
    `2` = 51L, `3` = 60L, `4` = 59L, `5` = 44L, `6` = 42L, `7` = 34L, 
    `8` = 32L, `9` = 41L, `10` = 26L, `11` = 24L, `12` = 27L, 
    `13` = 28L, `14` = 21L, `15` = 15L, `16` = 23L, `17` = 22L, 
    `18` = 19L, `19` = 15L, `20` = 10L, `21` = 9L, `22` = 13L, 
    `23` = 10L, `24` = 9L, `25` = 10L, `26` = 9L, `27` = 3L, 
    `28` = 8L, `29` = 6L, `30` = 2L, `31` = 4L, `32` = 5L, `33` = 2L, 
    `34` = 2L, `35` = 4L, `36` = 5L, `37` = 1L, `38` = 1L, `39` = 1L, 
    `40` = 2L, `41` = 1L, `42` = 3L, `43` = 2L, `44` = 4L, `45` = 1L, 
    `47` = 3L, `54` = 3L, `57` = 1L, `60` = 1L), .Dim = 49L, .Dimnames = structure(list(
        c("1", "2", "3", "4", "5", "6", "7", "8", "9", "10", 
        "11", "12", "13", "14", "15", "16", "17", "18", "19", 
        "20", "21", "22", "23", "24", "25", "26", "27", "28", 
        "29", "30", "31", "32", "33", "34", "35", "36", "37", 
        "38", "39", "40", "41", "42", "43", "44", "45", "47", 
        "54", "57", "60")), .Names = ""), class = "table"), No.Tag = structure(c(0L, 
    0L, 0L, 0L, 0L, 0L, 0L, 0L, 0L, 1L, 11L, 132L, 1L, 2L, 0L, 
    0L, 0L, 0L, 1L, 0L, 0L, 0L, 0L, 0L, 0L, 44L, 0L, 0L), .Dim = c(7L, 
    4L), .Dimnames = structure(list(c("-4", "-3", "-2", "-1", 
    "0", "1", NA), c("A", "C", "T", NA)), .Names = c("", "")), class = "table"), 
    All.Tags = list(Concordant = list(Freqs = structure(c(0, 
    0, 0, 0, 0, 0, 1, 2, 0, 11, 408, 0, 0, 0, 0, 0, 1, 0), .Dim = c(6L, 
    3L), .Dimnames = list(c("-4", "-3", "-2", "-1", "0", "1"), 
        c("A", "C", "T"))), N = 423), Majority = list(Freqs = structure(c(0, 
    0, 0, 0, 0, 0, 1, 2, 0, 19, 762, 1, 0, 0, 0, 0, 3, 0), .Dim = c(6L, 
    3L), .Dimnames = list(c("-4", "-3", "-2", "-1", "0", "1"), 
        c("A", "C", "T"))), N = 788)), `2` = structure(c(0, 0, 
    0, 0, 0, 0, 0, 1, 0, 14, 676, 1, 0, 0, 0, 0, 3, 0), .Dim = c(6L, 
    3L), .Dimnames = list(c("-4", "-3", "-2", "-1", "0", "1"), 
        c("A", "C", "T"))))))
