Results <-
list(`bwaOutput/20210421msiMNRsJenny/210178_S21.sam` = list(LR48_SNP1 = list(
    All = list(Freqs = structure(c(0L, 1L, 0L, 0L, 0L, 10L, 314L, 
    9456L, 164L, 51L, 0L, 0L, 17L, 0L, 0L, 0L, 3L, 222L, 2L, 
    0L), .Dim = 5:4, .Dimnames = structure(list(c("-2", "-1", 
    "0", "1", NA), c("A", "C", "T", NA)), .Names = c("", "")), class = "table"), 
        N = 10240L), Tag.Distribution = structure(c(`1` = 194L, 
    `2` = 50L, `3` = 33L, `4` = 33L, `5` = 38L, `6` = 22L, `7` = 35L, 
    `8` = 19L, `9` = 25L, `10` = 16L, `11` = 21L, `12` = 18L, 
    `13` = 18L, `14` = 13L, `15` = 13L, `16` = 13L, `17` = 15L, 
    `18` = 13L, `19` = 12L, `20` = 9L, `21` = 10L, `22` = 14L, 
    `23` = 8L, `24` = 9L, `25` = 13L, `26` = 6L, `27` = 6L, `28` = 6L, 
    `29` = 8L, `30` = 6L, `31` = 5L, `32` = 3L, `33` = 2L, `34` = 4L, 
    `35` = 6L, `36` = 2L, `37` = 6L, `38` = 3L, `39` = 3L, `40` = 6L, 
    `41` = 5L, `42` = 4L, `43` = 3L, `44` = 2L, `45` = 4L, `46` = 1L, 
    `47` = 4L, `48` = 1L, `49` = 2L, `50` = 3L, `51` = 1L, `52` = 2L, 
    `53` = 2L, `56` = 2L, `58` = 2L, `59` = 1L, `60` = 2L, `62` = 1L, 
    `63` = 2L, `64` = 1L, `66` = 1L, `68` = 1L, `69` = 1L, `79` = 1L, 
    `83` = 1L), .Dim = 65L, .Dimnames = structure(list(c("1", 
    "2", "3", "4", "5", "6", "7", "8", "9", "10", "11", "12", 
    "13", "14", "15", "16", "17", "18", "19", "20", "21", "22", 
    "23", "24", "25", "26", "27", "28", "29", "30", "31", "32", 
    "33", "34", "35", "36", "37", "38", "39", "40", "41", "42", 
    "43", "44", "45", "46", "47", "48", "49", "50", "51", "52", 
    "53", "56", "58", "59", "60", "62", "63", "64", "66", "68", 
    "69", "79", "83")), .Names = ""), class = "table"), No.Tag = structure(c(0L, 
    0L, 0L, 0L, 0L, 0L, 6L, 266L, 4L, 4L, 0L, 0L, 0L, 0L, 0L, 
    0L, 1L, 13L, 0L, 0L), .Dim = 5:4, .Dimnames = structure(list(
        c("-2", "-1", "0", "1", NA), c("A", "C", "T", NA)), .Names = c("", 
    "")), class = "table"), All.Tags = list(Concordant = list(
        Freqs = structure(c(0, 0, 0, 0, 0, 10, 489, 1, 0, 0, 
        11, 0), .Dim = 4:3, .Dimnames = list(c("-2", "-1", "0", 
        "1"), c("A", "C", "T"))), N = 511), Majority = list(Freqs = structure(c(0, 
    0, 0, 0, 0, 13, 734, 1, 0, 0, 11, 0), .Dim = 4:3, .Dimnames = list(
        c("-2", "-1", "0", "1"), c("A", "C", "T"))), N = 759)), 
    `2` = structure(c(0, 0, 0, 0, 0, 7, 580, 0, 0, 0, 0, 0), .Dim = 4:3, .Dimnames = list(
        c("-2", "-1", "0", "1"), c("A", "C", "T"))))))
