Results <-
list(`bwaOutput/20210421msiMNRsJenny/210178_S21.sam` = list(GM11_SNP1 = list(
    All = list(Freqs = structure(c(0L, 13L, 2750L, 9L, 3L, 1L, 
    8L, 2337L, 11L, 0L, 0L, 0L, 35L, 0L, 0L), .Dim = c(5L, 3L
    ), .Dimnames = structure(list(c("-2", "-1", "0", "1", NA), 
        c("A", "G", NA)), .Names = c("", "")), class = "table"), 
        N = 5167L), Tag.Distribution = structure(c(`1` = 121L, 
    `2` = 35L, `3` = 35L, `4` = 37L, `5` = 25L, `6` = 30L, `7` = 23L, 
    `8` = 25L, `9` = 13L, `10` = 13L, `11` = 15L, `12` = 13L, 
    `13` = 17L, `14` = 10L, `15` = 7L, `16` = 12L, `17` = 7L, 
    `18` = 7L, `19` = 6L, `20` = 5L, `21` = 6L, `22` = 1L, `23` = 7L, 
    `24` = 4L, `25` = 3L, `26` = 4L, `27` = 2L, `28` = 2L, `29` = 6L, 
    `30` = 4L, `31` = 2L, `32` = 2L, `33` = 2L, `34` = 4L, `35` = 3L, 
    `36` = 1L, `37` = 3L, `38` = 2L, `39` = 1L, `41` = 2L, `43` = 3L, 
    `44` = 1L, `47` = 1L, `48` = 1L, `49` = 1L, `50` = 1L, `53` = 1L, 
    `54` = 1L, `58` = 1L), .Dim = 49L, .Dimnames = structure(list(
        c("1", "2", "3", "4", "5", "6", "7", "8", "9", "10", 
        "11", "12", "13", "14", "15", "16", "17", "18", "19", 
        "20", "21", "22", "23", "24", "25", "26", "27", "28", 
        "29", "30", "31", "32", "33", "34", "35", "36", "37", 
        "38", "39", "41", "43", "44", "47", "48", "49", "50", 
        "53", "54", "58")), .Names = ""), class = "table"), No.Tag = structure(c(0L, 
    1L, 41L, 0L, 0L, 0L, 0L, 28L, 1L, 0L, 0L, 0L, 4L, 0L, 0L), .Dim = c(5L, 
    3L), .Dimnames = structure(list(c("-2", "-1", "0", "1", NA
    ), c("A", "G", NA)), .Names = c("", "")), class = "table"), 
    All.Tags = list(Concordant = list(Freqs = structure(c(0, 
    0, 234, 0, 0, 0, 219, 0), .Dim = c(4L, 2L), .Dimnames = list(
        c("-2", "-1", "0", "1"), c("A", "G"))), N = 453), Majority = list(
        Freqs = structure(c(0, 0, 279, 0, 0, 0, 244, 0), .Dim = c(4L, 
        2L), .Dimnames = list(c("-2", "-1", "0", "1"), c("A", 
        "G"))), N = 523)), `2` = structure(c(0, 0, 216, 0, 0, 
    0, 188, 0), .Dim = c(4L, 2L), .Dimnames = list(c("-2", "-1", 
    "0", "1"), c("A", "G"))))))
