Results <-
list(`bwaOutput/20210421msiMNRsJenny/210179_S22.sam` = list(GM29_SNP1 = list(
    All = list(Freqs = structure(c(0L, 1L, 0L, 0L, 62L, 4261L, 
    33L, 8L, 54L, 3406L, 12L, 10L, 0L, 1L, 0L, 0L, 3L, 93L, 0L, 
    0L), .Dim = 4:5, .Dimnames = structure(list(c("-1", "0", 
    "1", NA), c("-", "A", "G", "T", NA)), .Names = c("", "")), class = "table"), 
        N = 7944L), Tag.Distribution = structure(c(`1` = 150L, 
    `2` = 65L, `3` = 51L, `4` = 51L, `5` = 45L, `6` = 29L, `7` = 32L, 
    `8` = 34L, `9` = 39L, `10` = 19L, `11` = 21L, `12` = 20L, 
    `13` = 16L, `14` = 28L, `15` = 10L, `16` = 10L, `17` = 12L, 
    `18` = 12L, `19` = 10L, `20` = 12L, `21` = 7L, `22` = 9L, 
    `23` = 3L, `24` = 6L, `25` = 3L, `26` = 7L, `27` = 5L, `28` = 4L, 
    `29` = 6L, `30` = 2L, `31` = 3L, `32` = 2L, `33` = 3L, `34` = 1L, 
    `35` = 2L, `36` = 4L, `37` = 3L, `38` = 2L, `39` = 5L, `40` = 5L, 
    `41` = 4L, `42` = 2L, `43` = 1L, `44` = 2L, `45` = 1L, `51` = 1L, 
    `55` = 1L, `61` = 1L, `64` = 1L, `65` = 1L, `73` = 1L, `76` = 1L, 
    `77` = 1L, `99` = 1L), .Dim = 54L, .Dimnames = structure(list(
        c("1", "2", "3", "4", "5", "6", "7", "8", "9", "10", 
        "11", "12", "13", "14", "15", "16", "17", "18", "19", 
        "20", "21", "22", "23", "24", "25", "26", "27", "28", 
        "29", "30", "31", "32", "33", "34", "35", "36", "37", 
        "38", "39", "40", "41", "42", "43", "44", "45", "51", 
        "55", "61", "64", "65", "73", "76", "77", "99")), .Names = ""), class = "table"), 
    No.Tag = structure(c(0L, 0L, 0L, 0L, 1L, 117L, 1L, 1L, 0L, 
    88L, 0L, 2L, 0L, 0L, 0L, 0L, 0L, 3L, 0L, 0L), .Dim = 4:5, .Dimnames = structure(list(
        c("-1", "0", "1", NA), c("-", "A", "G", "T", NA)), .Names = c("", 
    "")), class = "table"), All.Tags = list(Concordant = list(
        Freqs = structure(c(0, 0, 0, 0, 293, 0, 1, 266, 0, 0, 
        0, 0), .Dim = 3:4, .Dimnames = list(c("-1", "0", "1"), 
            c("-", "A", "G", "T"))), N = 560), Majority = list(
        Freqs = structure(c(0, 0, 0, 2, 402, 1, 1, 349, 0, 0, 
        0, 0), .Dim = 3:4, .Dimnames = list(c("-1", "0", "1"), 
            c("-", "A", "G", "T"))), N = 755)), `2` = structure(c(0, 
    0, 0, 2, 313, 1, 0, 295, 0, 0, 0, 0), .Dim = 3:4, .Dimnames = list(
        c("-1", "0", "1"), c("-", "A", "G", "T"))))))
