Results <-
list(`bwaOutput/20210421msiMNRsJenny/210179_S22.sam` = list(GM17_SNP1 = list(
    All = list(Freqs = structure(c(0L, 3L, 11L, 0L, 1L, 2L, 147L, 
    10550L, 33L, 5L, 0L, 2L, 378L, 1L, 0L), .Dim = c(5L, 3L), .Dimnames = structure(list(
        c("-2", "-1", "0", "1", NA), c("C", "T", NA)), .Names = c("", 
    "")), class = "table"), N = 11133L), Tag.Distribution = structure(c(`1` = 214L, 
    `2` = 92L, `3` = 68L, `4` = 79L, `5` = 53L, `6` = 51L, `7` = 46L, 
    `8` = 50L, `9` = 33L, `10` = 39L, `11` = 35L, `12` = 36L, 
    `13` = 28L, `14` = 20L, `15` = 29L, `16` = 28L, `17` = 16L, 
    `18` = 15L, `19` = 18L, `20` = 14L, `21` = 16L, `22` = 15L, 
    `23` = 9L, `24` = 11L, `25` = 14L, `26` = 10L, `27` = 9L, 
    `28` = 6L, `29` = 4L, `30` = 7L, `31` = 4L, `32` = 5L, `33` = 5L, 
    `34` = 3L, `35` = 2L, `36` = 2L, `37` = 2L, `38` = 1L, `39` = 6L, 
    `40` = 1L, `41` = 5L, `42` = 1L, `43` = 4L, `44` = 1L, `45` = 2L, 
    `46` = 3L, `51` = 1L, `68` = 1L), .Dim = 48L, .Dimnames = structure(list(
        c("1", "2", "3", "4", "5", "6", "7", "8", "9", "10", 
        "11", "12", "13", "14", "15", "16", "17", "18", "19", 
        "20", "21", "22", "23", "24", "25", "26", "27", "28", 
        "29", "30", "31", "32", "33", "34", "35", "36", "37", 
        "38", "39", "40", "41", "42", "43", "44", "45", "46", 
        "51", "68")), .Names = ""), class = "table"), No.Tag = structure(c(0L, 
    0L, 0L, 0L, 0L, 0L, 4L, 327L, 0L, 0L, 0L, 0L, 23L, 0L, 0L
    ), .Dim = c(5L, 3L), .Dimnames = structure(list(c("-2", "-1", 
    "0", "1", NA), c("C", "T", NA)), .Names = c("", "")), class = "table"), 
    All.Tags = list(Concordant = list(Freqs = structure(c(0, 
    1, 7, 0, 0, 5, 950, 0), .Dim = c(4L, 2L), .Dimnames = list(
        c("-2", "-1", "0", "1"), c("C", "T"))), N = 963), Majority = list(
        Freqs = structure(c(0, 1, 7, 0, 0, 6, 1077, 0), .Dim = c(4L, 
        2L), .Dimnames = list(c("-2", "-1", "0", "1"), c("C", 
        "T"))), N = 1091)), `2` = structure(c(0, 0, 0, 0, 0, 
    1, 897, 0), .Dim = c(4L, 2L), .Dimnames = list(c("-2", "-1", 
    "0", "1"), c("C", "T"))))))
