Results <-
list(`bwaOutput/20210421msiMNRsJenny/210177_S20.sam` = list(GM14_SNP1 = list(
    All = list(Freqs = structure(c(0L, 0L, 3L, 0L, 0L, 0L, 0L, 
    0L, 8L, 0L, 0L, 0L, 3L, 150L, 6368L, 39L, 1L, 8L, 0L, 1L, 
    86L, 1L, 0L, 0L), .Dim = c(6L, 4L), .Dimnames = structure(list(
        c("-2", "-1", "0", "1", "2", NA), c("A", "C", "T", NA
        )), .Names = c("", "")), class = "table"), N = 6668L), 
    Tag.Distribution = structure(c(`1` = 126L, `2` = 24L, `3` = 28L, 
    `4` = 25L, `5` = 23L, `6` = 11L, `7` = 9L, `8` = 8L, `9` = 14L, 
    `10` = 17L, `11` = 10L, `12` = 13L, `13` = 16L, `14` = 11L, 
    `15` = 9L, `16` = 12L, `17` = 10L, `18` = 11L, `19` = 7L, 
    `20` = 8L, `21` = 9L, `22` = 8L, `23` = 7L, `24` = 5L, `25` = 7L, 
    `26` = 2L, `27` = 4L, `28` = 4L, `29` = 1L, `30` = 4L, `31` = 4L, 
    `32` = 4L, `33` = 2L, `34` = 6L, `35` = 5L, `36` = 1L, `37` = 2L, 
    `38` = 5L, `39` = 4L, `41` = 2L, `42` = 1L, `43` = 3L, `44` = 2L, 
    `45` = 2L, `46` = 3L, `47` = 1L, `48` = 1L, `49` = 3L, `50` = 1L, 
    `52` = 2L, `53` = 1L, `55` = 2L, `58` = 1L, `61` = 1L, `64` = 1L, 
    `77` = 1L, `92` = 1L), .Dim = 57L, .Dimnames = structure(list(
        c("1", "2", "3", "4", "5", "6", "7", "8", "9", "10", 
        "11", "12", "13", "14", "15", "16", "17", "18", "19", 
        "20", "21", "22", "23", "24", "25", "26", "27", "28", 
        "29", "30", "31", "32", "33", "34", "35", "36", "37", 
        "38", "39", "41", "42", "43", "44", "45", "46", "47", 
        "48", "49", "50", "52", "53", "55", "58", "61", "64", 
        "77", "92")), .Names = ""), class = "table"), No.Tag = structure(c(0L, 
    0L, 0L, 0L, 0L, 0L, 0L, 0L, 0L, 0L, 0L, 0L, 0L, 4L, 203L, 
    1L, 0L, 2L, 0L, 0L, 5L, 0L, 0L, 0L), .Dim = c(6L, 4L), .Dimnames = structure(list(
        c("-2", "-1", "0", "1", "2", NA), c("A", "C", "T", NA
        )), .Names = c("", "")), class = "table"), All.Tags = list(
        Concordant = list(Freqs = structure(c(0, 0, 0, 0, 0, 
        0, 0, 4, 0, 0, 0, 1, 370, 0, 0), .Dim = c(5L, 3L), .Dimnames = list(
            c("-2", "-1", "0", "1", "2"), c("A", "C", "T"))), 
            N = 375), Majority = list(Freqs = structure(c(0, 
        0, 0, 0, 0, 0, 0, 4, 0, 0, 0, 1, 491, 0, 0), .Dim = c(5L, 
        3L), .Dimnames = list(c("-2", "-1", "0", "1", "2"), c("A", 
        "C", "T"))), N = 496)), `2` = structure(c(0, 0, 0, 0, 
    0, 0, 0, 0, 0, 0, 0, 0, 378, 0, 0), .Dim = c(5L, 3L), .Dimnames = list(
        c("-2", "-1", "0", "1", "2"), c("A", "C", "T"))))))
