Results <-
list(`bwaOutput/20210421msiMNRsJenny/210173_S19.sam` = list(LR40_SNP1 = list(
    All = list(Freqs = structure(c(0L, 3L, 0L, 0L, 46L, 5418L, 
    34L, 10L, 0L, 2L, 0L, 0L, 0L, 46L, 0L, 0L), .Dim = c(4L, 
    4L), .Dimnames = structure(list(c("-1", "0", "1", NA), c("A", 
    "C", "T", NA)), .Names = c("", "")), class = "table"), N = 5559L), 
    Tag.Distribution = structure(c(`1` = 155L, `2` = 86L, `3` = 83L, 
    `4` = 64L, `5` = 62L, `6` = 52L, `7` = 42L, `8` = 30L, `9` = 31L, 
    `10` = 27L, `11` = 21L, `12` = 20L, `13` = 19L, `14` = 17L, 
    `15` = 11L, `16` = 7L, `17` = 12L, `18` = 7L, `19` = 7L, 
    `20` = 15L, `21` = 7L, `22` = 4L, `23` = 4L, `24` = 3L, `25` = 4L, 
    `26` = 3L, `28` = 2L, `29` = 2L, `30` = 1L, `31` = 1L, `38` = 1L, 
    `41` = 1L, `45` = 1L), .Dim = 33L, .Dimnames = structure(list(
        c("1", "2", "3", "4", "5", "6", "7", "8", "9", "10", 
        "11", "12", "13", "14", "15", "16", "17", "18", "19", 
        "20", "21", "22", "23", "24", "25", "26", "28", "29", 
        "30", "31", "38", "41", "45")), .Names = ""), class = "table"), 
    No.Tag = structure(c(0L, 1L, 0L, 0L, 1L, 146L, 0L, 2L, 0L, 
    0L, 0L, 0L, 0L, 0L, 0L, 0L), .Dim = c(4L, 4L), .Dimnames = structure(list(
        c("-1", "0", "1", NA), c("A", "C", "T", NA)), .Names = c("", 
    "")), class = "table"), All.Tags = list(Concordant = list(
        Freqs = structure(c(0, 0, 0, 0, 737, 3, 0, 0, 0), .Dim = c(3L, 
        3L), .Dimnames = list(c("-1", "0", "1"), c("A", "C", 
        "T"))), N = 740), Majority = list(Freqs = structure(c(0, 
    0, 0, 0, 792, 3, 0, 0, 0), .Dim = c(3L, 3L), .Dimnames = list(
        c("-1", "0", "1"), c("A", "C", "T"))), N = 795)), `2` = structure(c(0, 
    0, 0, 0, 645, 0, 0, 0, 0), .Dim = c(3L, 3L), .Dimnames = list(
        c("-1", "0", "1"), c("A", "C", "T"))))))
