Results <-
list(`bwaOutput/20210421msiMNRsJenny/210177_S20.sam` = list(GM09_SNP1 = list(
    All = list(Freqs = structure(c(8L, 3029L, 6L, 0L, 10L, 2739L, 
    6L, 1L, 0L, 37L, 0L, 0L), .Dim = 4:3, .Dimnames = structure(list(
        c("-1", "0", "1", NA), c("A", "G", NA)), .Names = c("", 
    "")), class = "table"), N = 5836L), Tag.Distribution = structure(c(`1` = 113L, 
    `2` = 30L, `3` = 26L, `4` = 19L, `5` = 19L, `6` = 14L, `7` = 19L, 
    `8` = 21L, `9` = 16L, `10` = 14L, `11` = 10L, `12` = 11L, 
    `13` = 7L, `14` = 15L, `15` = 9L, `16` = 8L, `17` = 12L, 
    `18` = 7L, `19` = 8L, `20` = 11L, `21` = 5L, `22` = 5L, `23` = 9L, 
    `24` = 5L, `25` = 4L, `26` = 5L, `27` = 3L, `28` = 7L, `29` = 2L, 
    `30` = 4L, `31` = 4L, `33` = 1L, `34` = 5L, `35` = 1L, `36` = 3L, 
    `37` = 2L, `39` = 1L, `40` = 1L, `41` = 1L, `42` = 2L, `43` = 4L, 
    `44` = 1L, `45` = 2L, `46` = 4L, `47` = 1L, `48` = 2L, `50` = 1L, 
    `51` = 1L, `53` = 1L, `60` = 1L, `65` = 1L, `81` = 1L, `94` = 1L
    ), .Dim = 53L, .Dimnames = structure(list(c("1", "2", "3", 
    "4", "5", "6", "7", "8", "9", "10", "11", "12", "13", "14", 
    "15", "16", "17", "18", "19", "20", "21", "22", "23", "24", 
    "25", "26", "27", "28", "29", "30", "31", "33", "34", "35", 
    "36", "37", "39", "40", "41", "42", "43", "44", "45", "46", 
    "47", "48", "50", "51", "53", "60", "65", "81", "94")), .Names = ""), class = "table"), 
    No.Tag = structure(c(0L, 82L, 0L, 0L, 1L, 86L, 0L, 0L, 0L, 
    6L, 0L, 0L), .Dim = 4:3, .Dimnames = structure(list(c("-1", 
    "0", "1", NA), c("A", "G", NA)), .Names = c("", "")), class = "table"), 
    All.Tags = list(Concordant = list(Freqs = structure(c(0, 
    224, 0, 1, 192, 0), .Dim = 3:2, .Dimnames = list(c("-1", 
    "0", "1"), c("A", "G"))), N = 417), Majority = list(Freqs = structure(c(0, 
    252, 0, 1, 216, 0), .Dim = 3:2, .Dimnames = list(c("-1", 
    "0", "1"), c("A", "G"))), N = 469)), `2` = structure(c(0, 
    200, 0, 0, 166, 0), .Dim = 3:2, .Dimnames = list(c("-1", 
    "0", "1"), c("A", "G"))))))
