Results <-
list(`bwaOutput/20210421msiMNRsJenny/210173_S19.sam` = list(GM14_SNP1 = list(
    All = list(Freqs = structure(c(1L, 7L, 184L, 5552L, 54L, 
    2L, 15L, 0L, 0L, 0L, 1L, 0L, 0L, 0L, 0L, 0L, 0L, 4L, 0L, 
    0L, 0L, 0L, 0L, 0L, 76L, 0L, 0L, 0L), .Dim = c(7L, 4L), .Dimnames = structure(list(
        c("-3", "-2", "-1", "0", "1", "2", NA), c("C", "G", "T", 
        NA)), .Names = c("", "")), class = "table"), N = 5896L), 
    Tag.Distribution = structure(c(`1` = 201L, `2` = 103L, `3` = 88L, 
    `4` = 73L, `5` = 55L, `6` = 59L, `7` = 44L, `8` = 38L, `9` = 30L, 
    `10` = 28L, `11` = 25L, `12` = 24L, `13` = 19L, `14` = 17L, 
    `15` = 16L, `16` = 19L, `17` = 7L, `18` = 16L, `19` = 9L, 
    `20` = 6L, `21` = 9L, `22` = 7L, `23` = 4L, `24` = 2L, `25` = 1L, 
    `26` = 2L, `28` = 1L, `38` = 1L, `45` = 1L), .Dim = 29L, .Dimnames = structure(list(
        c("1", "2", "3", "4", "5", "6", "7", "8", "9", "10", 
        "11", "12", "13", "14", "15", "16", "17", "18", "19", 
        "20", "21", "22", "23", "24", "25", "26", "28", "38", 
        "45")), .Names = ""), class = "table"), No.Tag = structure(c(0L, 
    0L, 6L, 162L, 2L, 0L, 0L, 0L, 0L, 0L, 0L, 0L, 0L, 0L, 0L, 
    0L, 0L, 1L, 0L, 0L, 0L, 0L, 0L, 0L, 10L, 0L, 0L, 0L), .Dim = c(7L, 
    4L), .Dimnames = structure(list(c("-3", "-2", "-1", "0", 
    "1", "2", NA), c("C", "G", "T", NA)), .Names = c("", "")), class = "table"), 
    All.Tags = list(Concordant = list(Freqs = structure(c(0, 
    0, 3, 708, 2, 0, 0, 0, 0, 0, 0, 0, 0, 0, 0, 3, 0, 0), .Dim = c(6L, 
    3L), .Dimnames = list(c("-3", "-2", "-1", "0", "1", "2"), 
        c("C", "G", "T"))), N = 716), Majority = list(Freqs = structure(c(0, 
    0, 4, 877, 4, 0, 0, 0, 0, 0, 0, 0, 0, 0, 0, 3, 0, 0), .Dim = c(6L, 
    3L), .Dimnames = list(c("-3", "-2", "-1", "0", "1", "2"), 
        c("C", "G", "T"))), N = 888)), `2` = structure(c(0, 0, 
    1, 691, 2, 0, 0, 0, 0, 0, 0, 0, 0, 0, 0, 0, 0, 0), .Dim = c(6L, 
    3L), .Dimnames = list(c("-3", "-2", "-1", "0", "1", "2"), 
        c("C", "G", "T"))))))
