Results <-
list(`bwaOutput/20210421msiMNRsJenny/210173_S19.sam` = list(LR49_SNP1 = list(
    All = list(Freqs = structure(c(13L, 6526L, 3L, 4L, 0L, 1L, 
    0L, 0L, 1L, 13L, 0L, 0L, 0L, 1L, 0L, 0L, 0L, 122L, 0L, 0L
    ), .Dim = 4:5, .Dimnames = structure(list(c("-1", "0", "1", 
    NA), c("A", "C", "G", "T", NA)), .Names = c("", "")), class = "table"), 
        N = 6684L), Tag.Distribution = structure(c(`1` = 272L, 
    `2` = 150L, `3` = 123L, `4` = 96L, `5` = 88L, `6` = 77L, 
    `7` = 66L, `8` = 70L, `9` = 50L, `10` = 22L, `11` = 27L, 
    `12` = 25L, `13` = 15L, `14` = 14L, `15` = 9L, `16` = 10L, 
    `17` = 11L, `18` = 2L, `19` = 8L, `20` = 9L, `21` = 6L, `22` = 1L, 
    `23` = 2L, `24` = 2L, `25` = 2L, `26` = 4L, `27` = 1L, `28` = 2L, 
    `29` = 3L, `30` = 1L, `35` = 1L, `39` = 1L), .Dim = 32L, .Dimnames = structure(list(
        c("1", "2", "3", "4", "5", "6", "7", "8", "9", "10", 
        "11", "12", "13", "14", "15", "16", "17", "18", "19", 
        "20", "21", "22", "23", "24", "25", "26", "27", "28", 
        "29", "30", "35", "39")), .Names = ""), class = "table"), 
    No.Tag = structure(c(0L, 245L, 1L, 1L, 0L, 0L, 0L, 0L, 0L, 
    0L, 0L, 0L, 0L, 0L, 0L, 0L, 0L, 10L, 0L, 0L), .Dim = 4:5, .Dimnames = structure(list(
        c("-1", "0", "1", NA), c("A", "C", "G", "T", NA)), .Names = c("", 
    "")), class = "table"), All.Tags = list(Concordant = list(
        Freqs = structure(c(2, 1125, 1, 0, 0, 0, 1, 8, 0, 0, 
        0, 0), .Dim = 3:4, .Dimnames = list(c("-1", "0", "1"), 
            c("A", "C", "G", "T"))), N = 1137), Majority = list(
        Freqs = structure(c(2, 1138, 1, 0, 0, 0, 1, 8, 0, 0, 
        0, 0), .Dim = 3:4, .Dimnames = list(c("-1", "0", "1"), 
            c("A", "C", "G", "T"))), N = 1150)), `2` = structure(c(1, 
    897, 0, 0, 0, 0, 0, 0, 0, 0, 0, 0), .Dim = 3:4, .Dimnames = list(
        c("-1", "0", "1"), c("A", "C", "G", "T"))))))
