Results <-
list(`bwaOutput/20210421msiMNRsJenny/210173_S19.sam` = list(LR24_SNP1 = list(
    All = list(Freqs = structure(c(0L, 0L, 2L, 0L, 0L, 0L, 0L, 
    20L, 1L, 0L, 1L, 29L, 7124L, 12L, 3L, 0L, 1L, 64L, 0L, 0L
    ), .Dim = 5:4, .Dimnames = structure(list(c("-2", "-1", "0", 
    "1", NA), c("-", "A", "G", NA)), .Names = c("", "")), class = "table"), 
        N = 7257L), Tag.Distribution = structure(c(`1` = 345L, 
    `2` = 199L, `3` = 161L, `4` = 149L, `5` = 115L, `6` = 86L, 
    `7` = 77L, `8` = 54L, `9` = 44L, `10` = 35L, `11` = 29L, 
    `12` = 17L, `13` = 20L, `14` = 21L, `15` = 16L, `16` = 6L, 
    `17` = 7L, `18` = 11L, `19` = 5L, `20` = 6L, `21` = 1L, `22` = 1L, 
    `23` = 2L, `25` = 1L, `26` = 3L, `27` = 1L, `28` = 1L, `29` = 2L, 
    `30` = 2L, `32` = 1L), .Dim = 30L, .Dimnames = structure(list(
        c("1", "2", "3", "4", "5", "6", "7", "8", "9", "10", 
        "11", "12", "13", "14", "15", "16", "17", "18", "19", 
        "20", "21", "22", "23", "25", "26", "27", "28", "29", 
        "30", "32")), .Names = ""), class = "table"), No.Tag = structure(c(0L, 
    0L, 0L, 0L, 0L, 0L, 0L, 1L, 0L, 0L, 0L, 1L, 276L, 0L, 1L, 
    0L, 0L, 6L, 0L, 0L), .Dim = 5:4, .Dimnames = structure(list(
        c("-2", "-1", "0", "1", NA), c("-", "A", "G", NA)), .Names = c("", 
    "")), class = "table"), All.Tags = list(Concordant = list(
        Freqs = structure(c(0, 0, 0, 0, 0, 0, 4, 0, 0, 0, 1361, 
        0), .Dim = 4:3, .Dimnames = list(c("-2", "-1", "0", "1"
        ), c("-", "A", "G"))), N = 1365), Majority = list(Freqs = structure(c(0, 
    0, 0, 0, 0, 0, 6, 0, 0, 0, 1403, 0), .Dim = 4:3, .Dimnames = list(
        c("-2", "-1", "0", "1"), c("-", "A", "G"))), N = 1409)), 
    `2` = structure(c(0, 0, 0, 0, 0, 0, 4, 0, 0, 0, 1065, 0), .Dim = 4:3, .Dimnames = list(
        c("-2", "-1", "0", "1"), c("-", "A", "G"))))))
