Results <-
list(`bwaOutput/20210421msiMNRsJenny/210179_S22.sam` = list(GM14_SNP1 = list(
    All = list(Freqs = structure(c(3L, 162L, 4373L, 27L, 1L, 
    15L, 5L, 93L, 4501L, 26L, 1L, 5L, 0L, 1L, 108L, 0L, 0L, 0L
    ), .Dim = c(6L, 3L), .Dimnames = structure(list(c("-2", "-1", 
    "0", "1", "2", NA), c("C", "T", NA)), .Names = c("", "")), class = "table"), 
        N = 9321L), Tag.Distribution = structure(c(`1` = 232L, 
    `2` = 92L, `3` = 70L, `4` = 68L, `5` = 54L, `6` = 54L, `7` = 43L, 
    `8` = 34L, `9` = 41L, `10` = 40L, `11` = 40L, `12` = 22L, 
    `13` = 26L, `14` = 21L, `15` = 15L, `16` = 20L, `17` = 11L, 
    `18` = 13L, `19` = 10L, `20` = 9L, `21` = 16L, `22` = 13L, 
    `23` = 10L, `24` = 16L, `25` = 10L, `26` = 5L, `27` = 8L, 
    `28` = 6L, `29` = 4L, `30` = 5L, `31` = 5L, `32` = 6L, `33` = 3L, 
    `34` = 2L, `35` = 3L, `36` = 3L, `37` = 3L, `38` = 2L, `39` = 2L, 
    `41` = 1L, `42` = 2L, `43` = 2L, `47` = 2L, `62` = 1L), .Dim = 44L, .Dimnames = structure(list(
        c("1", "2", "3", "4", "5", "6", "7", "8", "9", "10", 
        "11", "12", "13", "14", "15", "16", "17", "18", "19", 
        "20", "21", "22", "23", "24", "25", "26", "27", "28", 
        "29", "30", "31", "32", "33", "34", "35", "36", "37", 
        "38", "39", "41", "42", "43", "47", "62")), .Names = ""), class = "table"), 
    No.Tag = structure(c(0L, 1L, 86L, 0L, 1L, 0L, 1L, 2L, 87L, 
    0L, 0L, 0L, 0L, 0L, 12L, 0L, 0L, 0L), .Dim = c(6L, 3L), .Dimnames = structure(list(
        c("-2", "-1", "0", "1", "2", NA), c("C", "T", NA)), .Names = c("", 
    "")), class = "table"), All.Tags = list(Concordant = list(
        Freqs = structure(c(0, 5, 390, 1, 0, 0, 2, 375, 0, 0), .Dim = c(5L, 
        2L), .Dimnames = list(c("-2", "-1", "0", "1", "2"), c("C", 
        "T"))), N = 773), Majority = list(Freqs = structure(c(0, 
    5, 523, 1, 0, 0, 2, 489, 0, 0), .Dim = c(5L, 2L), .Dimnames = list(
        c("-2", "-1", "0", "1", "2"), c("C", "T"))), N = 1020)), 
    `2` = structure(c(0, 2, 403, 0, 0, 0, 0, 394, 0, 0), .Dim = c(5L, 
    2L), .Dimnames = list(c("-2", "-1", "0", "1", "2"), c("C", 
    "T"))))))
