Results <-
list(`bwaOutput/20210421msiMNRsJenny/210173_S19.sam` = list(LR11_SNP1 = list(
    All = list(Freqs = structure(c(1L, 92L, 4403L, 30L, 0L, 14L, 
    1L, 84L, 3331L, 27L, 1L, 14L, 0L, 2L, 211L, 3L, 0L, 0L), .Dim = c(6L, 
    3L), .Dimnames = structure(list(c("-2", "-1", "0", "1", "2", 
    NA), c("A", "C", NA)), .Names = c("", "")), class = "table"), 
        N = 8214L), Tag.Distribution = structure(c(`1` = 238L, 
    `2` = 124L, `3` = 103L, `4` = 64L, `5` = 70L, `6` = 69L, 
    `7` = 64L, `8` = 46L, `9` = 47L, `10` = 46L, `11` = 36L, 
    `12` = 47L, `13` = 27L, `14` = 30L, `15` = 28L, `16` = 23L, 
    `17` = 18L, `18` = 20L, `19` = 10L, `20` = 3L, `21` = 6L, 
    `22` = 4L, `23` = 5L, `24` = 6L, `25` = 3L, `26` = 2L, `27` = 4L, 
    `28` = 2L, `29` = 1L, `30` = 2L, `36` = 3L, `37` = 1L, `39` = 1L, 
    `41` = 1L), .Dim = 34L, .Dimnames = structure(list(c("1", 
    "2", "3", "4", "5", "6", "7", "8", "9", "10", "11", "12", 
    "13", "14", "15", "16", "17", "18", "19", "20", "21", "22", 
    "23", "24", "25", "26", "27", "28", "29", "30", "36", "37", 
    "39", "41")), .Names = ""), class = "table"), No.Tag = structure(c(0L, 
    1L, 101L, 0L, 0L, 2L, 0L, 1L, 76L, 0L, 0L, 1L, 0L, 0L, 5L, 
    0L, 0L, 0L), .Dim = c(6L, 3L), .Dimnames = structure(list(
        c("-2", "-1", "0", "1", "2", NA), c("A", "C", NA)), .Names = c("", 
    "")), class = "table"), All.Tags = list(Concordant = list(
        Freqs = structure(c(0, 5, 483, 1, 0, 0, 5, 389, 2, 0), .Dim = c(5L, 
        2L), .Dimnames = list(c("-2", "-1", "0", "1", "2"), c("A", 
        "C"))), N = 885), Majority = list(Freqs = structure(c(0, 
    6, 603, 1, 0, 0, 5, 504, 2, 0), .Dim = c(5L, 2L), .Dimnames = list(
        c("-2", "-1", "0", "1", "2"), c("A", "C"))), N = 1121)), 
    `2` = structure(c(0, 3, 492, 0, 0, 0, 0, 407, 0, 0), .Dim = c(5L, 
    2L), .Dimnames = list(c("-2", "-1", "0", "1", "2"), c("A", 
    "C"))))))
