Results <-
list(`bwaOutput/20210421msiMNRsJenny/210177_S20.sam` = list(LR11_SNP1 = list(
    All = list(Freqs = structure(c(0L, 0L, 26L, 0L, 1L, 3L, 74L, 
    3628L, 35L, 10L, 0L, 6L, 190L, 2L, 0L), .Dim = c(5L, 3L), .Dimnames = structure(list(
        c("-2", "-1", "0", "1", NA), c("A", "C", NA)), .Names = c("", 
    "")), class = "table"), N = 3975L), Tag.Distribution = structure(c(`1` = 95L, 
    `2` = 19L, `3` = 17L, `4` = 9L, `5` = 11L, `6` = 11L, `7` = 11L, 
    `8` = 7L, `9` = 12L, `10` = 9L, `11` = 15L, `12` = 4L, `13` = 9L, 
    `14` = 4L, `15` = 10L, `16` = 5L, `17` = 6L, `18` = 5L, `19` = 2L, 
    `20` = 4L, `21` = 5L, `22` = 3L, `23` = 3L, `24` = 3L, `25` = 4L, 
    `26` = 2L, `27` = 5L, `28` = 3L, `29` = 1L, `30` = 1L, `31` = 4L, 
    `32` = 5L, `34` = 5L, `35` = 1L, `36` = 1L, `37` = 3L, `38` = 4L, 
    `39` = 1L, `41` = 1L, `43` = 1L, `46` = 2L, `47` = 1L, `51` = 2L, 
    `52` = 1L, `53` = 1L, `54` = 1L, `57` = 1L, `62` = 1L, `63` = 1L
    ), .Dim = 49L, .Dimnames = structure(list(c("1", "2", "3", 
    "4", "5", "6", "7", "8", "9", "10", "11", "12", "13", "14", 
    "15", "16", "17", "18", "19", "20", "21", "22", "23", "24", 
    "25", "26", "27", "28", "29", "30", "31", "32", "34", "35", 
    "36", "37", "38", "39", "41", "43", "46", "47", "51", "52", 
    "53", "54", "57", "62", "63")), .Names = ""), class = "table"), 
    No.Tag = structure(c(0L, 0L, 0L, 0L, 0L, 0L, 3L, 128L, 1L, 
    2L, 0L, 0L, 8L, 0L, 0L), .Dim = c(5L, 3L), .Dimnames = structure(list(
        c("-2", "-1", "0", "1", NA), c("A", "C", NA)), .Names = c("", 
    "")), class = "table"), All.Tags = list(Concordant = list(
        Freqs = structure(c(0, 0, 2, 0, 0, 0, 243, 2), .Dim = c(4L, 
        2L), .Dimnames = list(c("-2", "-1", "0", "1"), c("A", 
        "C"))), N = 247), Majority = list(Freqs = structure(c(0, 
    0, 2, 0, 0, 0, 313, 2), .Dim = c(4L, 2L), .Dimnames = list(
        c("-2", "-1", "0", "1"), c("A", "C"))), N = 317)), `2` = structure(c(0, 
    0, 0, 0, 0, 0, 236, 0), .Dim = c(4L, 2L), .Dimnames = list(
        c("-2", "-1", "0", "1"), c("A", "C"))))))
