Results <-
list(`bwaOutput/20210421msiMNRsJenny/210173_S19.sam` = list(LR44_SNP1 = list(
    All = list(Freqs = structure(c(1L, 5L, 119L, 1446L, 33L, 
    0L, 7L, 0L, 4L, 146L, 1420L, 18L, 3L, 14L, 0L, 0L, 6L, 68L, 
    1L, 0L, 0L), .Dim = c(7L, 3L), .Dimnames = structure(list(
        c("-4", "-2", "-1", "0", "1", "7", NA), c("C", "T", NA
        )), .Names = c("", "")), class = "table"), N = 3291L), 
    Tag.Distribution = structure(c(`1` = 109L, `2` = 63L, `3` = 61L, 
    `4` = 45L, `5` = 34L, `6` = 35L, `7` = 34L, `8` = 24L, `9` = 23L, 
    `10` = 13L, `11` = 15L, `12` = 13L, `13` = 15L, `14` = 16L, 
    `15` = 8L, `16` = 8L, `17` = 6L, `18` = 4L, `19` = 5L, `20` = 2L, 
    `21` = 3L, `22` = 1L, `23` = 1L, `24` = 2L), .Dim = 24L, .Dimnames = structure(list(
        c("1", "2", "3", "4", "5", "6", "7", "8", "9", "10", 
        "11", "12", "13", "14", "15", "16", "17", "18", "19", 
        "20", "21", "22", "23", "24")), .Names = ""), class = "table"), 
    No.Tag = structure(c(0L, 0L, 4L, 47L, 1L, 0L, 1L, 0L, 0L, 
    3L, 28L, 0L, 3L, 1L, 0L, 0L, 0L, 5L, 0L, 0L, 0L), .Dim = c(7L, 
    3L), .Dimnames = structure(list(c("-4", "-2", "-1", "0", 
    "1", "7", NA), c("C", "T", NA)), .Names = c("", "")), class = "table"), 
    All.Tags = list(Concordant = list(Freqs = structure(c(0, 
    0, 7, 149, 2, 0, 0, 0, 4, 176, 0, 0), .Dim = c(6L, 2L), .Dimnames = list(
        c("-4", "-2", "-1", "0", "1", "7"), c("C", "T"))), N = 338), 
        Majority = list(Freqs = structure(c(0, 0, 8, 233, 3, 
        0, 0, 0, 9, 265, 0, 0), .Dim = c(6L, 2L), .Dimnames = list(
            c("-4", "-2", "-1", "0", "1", "7"), c("C", "T"))), 
            N = 518)), `2` = structure(c(0, 0, 3, 188, 1, 0, 
    0, 0, 7, 219, 0, 0), .Dim = c(6L, 2L), .Dimnames = list(c("-4", 
    "-2", "-1", "0", "1", "7"), c("C", "T"))))))
