Results <-
list(`bwaOutput/20210421msiMNRsJenny/210177_S20.sam` = list(LR52_SNP1 = list(
    All = list(Freqs = structure(c(0L, 0L, 0L, 2L, 0L, 1L, 1L, 
    17L, 357L, 3878L, 39L, 31L, 0L, 2L, 8L, 238L, 2L, 0L), .Dim = c(6L, 
    3L), .Dimnames = structure(list(c("-4", "-2", "-1", "0", 
    "1", NA), c("C", "T", NA)), .Names = c("", "")), class = "table"), 
        N = 4576L), Tag.Distribution = structure(c(`1` = 68L, 
    `2` = 12L, `3` = 9L, `4` = 13L, `5` = 10L, `6` = 11L, `7` = 6L, 
    `8` = 13L, `9` = 9L, `10` = 14L, `11` = 8L, `12` = 8L, `13` = 12L, 
    `14` = 8L, `15` = 7L, `16` = 7L, `17` = 8L, `18` = 3L, `19` = 3L, 
    `20` = 10L, `21` = 3L, `22` = 3L, `23` = 5L, `24` = 3L, `25` = 3L, 
    `26` = 4L, `27` = 1L, `28` = 1L, `29` = 1L, `30` = 1L, `31` = 3L, 
    `32` = 2L, `33` = 3L, `34` = 1L, `35` = 2L, `36` = 2L, `37` = 1L, 
    `38` = 1L, `39` = 2L, `41` = 4L, `44` = 1L, `47` = 1L, `48` = 3L, 
    `49` = 4L, `50` = 2L, `51` = 3L, `52` = 1L, `55` = 1L, `56` = 1L, 
    `57` = 1L, `60` = 1L, `65` = 1L, `70` = 1L, `79` = 1L, `83` = 1L
    ), .Dim = 55L, .Dimnames = structure(list(c("1", "2", "3", 
    "4", "5", "6", "7", "8", "9", "10", "11", "12", "13", "14", 
    "15", "16", "17", "18", "19", "20", "21", "22", "23", "24", 
    "25", "26", "27", "28", "29", "30", "31", "32", "33", "34", 
    "35", "36", "37", "38", "39", "41", "44", "47", "48", "49", 
    "50", "51", "52", "55", "56", "57", "60", "65", "70", "79", 
    "83")), .Names = ""), class = "table"), No.Tag = structure(c(0L, 
    0L, 0L, 0L, 0L, 0L, 0L, 0L, 11L, 158L, 1L, 1L, 0L, 0L, 1L, 
    15L, 0L, 0L), .Dim = c(6L, 3L), .Dimnames = structure(list(
        c("-4", "-2", "-1", "0", "1", NA), c("C", "T", NA)), .Names = c("", 
    "")), class = "table"), All.Tags = list(Concordant = list(
        Freqs = structure(c(0, 0, 0, 2, 0, 0, 1, 2, 134, 1), .Dim = c(5L, 
        2L), .Dimnames = list(c("-4", "-2", "-1", "0", "1"), 
            c("C", "T"))), N = 140), Majority = list(Freqs = structure(c(0, 
    0, 0, 2, 0, 0, 1, 3, 286, 1), .Dim = c(5L, 2L), .Dimnames = list(
        c("-4", "-2", "-1", "0", "1"), c("C", "T"))), N = 293)), 
    `2` = structure(c(0, 0, 0, 0, 0, 0, 0, 1, 236, 1), .Dim = c(5L, 
    2L), .Dimnames = list(c("-4", "-2", "-1", "0", "1"), c("C", 
    "T"))))))
