Results <-
list(`bwaOutput/20210421msiMNRsJenny/210178_S21.sam` = list(DEPDC2_SNP1 = list(
    All = list(Freqs = structure(c(0L, 1L, 22L, 0L, 0L, 0L, 0L, 
    21L, 3556L, 16L, 0L, 8L, 0L, 0L, 1L, 0L, 0L, 0L, 1L, 33L, 
    4013L, 28L, 1L, 8L, 0L, 0L, 95L, 0L, 0L, 0L), .Dim = 6:5, .Dimnames = structure(list(
        c("-2", "-1", "0", "1", "2", NA), c("A", "C", "G", "T", 
        NA)), .Names = c("", "")), class = "table"), N = 7804L), 
    Tag.Distribution = structure(c(`1` = 272L, `2` = 89L, `3` = 83L, 
    `4` = 69L, `5` = 59L, `6` = 51L, `7` = 40L, `8` = 40L, `9` = 39L, 
    `10` = 29L, `11` = 25L, `12` = 17L, `13` = 19L, `14` = 17L, 
    `15` = 22L, `16` = 10L, `17` = 11L, `18` = 9L, `19` = 10L, 
    `20` = 8L, `21` = 10L, `22` = 9L, `23` = 9L, `24` = 10L, 
    `25` = 7L, `26` = 5L, `27` = 6L, `28` = 3L, `29` = 2L, `30` = 4L, 
    `31` = 1L, `33` = 2L, `34` = 6L, `35` = 3L, `36` = 1L, `37` = 1L, 
    `38` = 1L, `39` = 4L, `41` = 1L, `43` = 1L, `45` = 1L, `46` = 1L, 
    `48` = 1L, `56` = 1L), .Dim = 44L, .Dimnames = structure(list(
        c("1", "2", "3", "4", "5", "6", "7", "8", "9", "10", 
        "11", "12", "13", "14", "15", "16", "17", "18", "19", 
        "20", "21", "22", "23", "24", "25", "26", "27", "28", 
        "29", "30", "31", "33", "34", "35", "36", "37", "38", 
        "39", "41", "43", "45", "46", "48", "56")), .Names = ""), class = "table"), 
    No.Tag = structure(c(0L, 0L, 1L, 0L, 0L, 0L, 0L, 1L, 116L, 
    0L, 0L, 1L, 0L, 0L, 1L, 0L, 0L, 0L, 0L, 1L, 165L, 1L, 0L, 
    1L, 0L, 0L, 10L, 0L, 0L, 0L), .Dim = 6:5, .Dimnames = structure(list(
        c("-2", "-1", "0", "1", "2", NA), c("A", "C", "G", "T", 
        NA)), .Names = c("", "")), class = "table"), All.Tags = list(
        Concordant = list(Freqs = structure(c(0, 0, 3, 0, 0, 
        0, 1, 411, 1, 0, 0, 0, 0, 0, 0, 0, 1, 431, 1, 0), .Dim = 5:4, .Dimnames = list(
            c("-2", "-1", "0", "1", "2"), c("A", "C", "G", "T"
            ))), N = 849), Majority = list(Freqs = structure(c(0, 
        0, 4, 0, 0, 0, 1, 477, 1, 0, 0, 0, 0, 0, 0, 0, 2, 500, 
        1, 0), .Dim = 5:4, .Dimnames = list(c("-2", "-1", "0", 
        "1", "2"), c("A", "C", "G", "T"))), N = 986)), `2` = structure(c(0, 
    0, 1, 0, 0, 0, 0, 346, 0, 0, 0, 0, 0, 0, 0, 0, 2, 378, 0, 
    0), .Dim = 5:4, .Dimnames = list(c("-2", "-1", "0", "1", 
    "2"), c("A", "C", "G", "T"))))))
