Results <-
list(`bwaOutput/20210421msiMNRsJenny/210178_S21.sam` = list(IM49_SNP1 = list(
    All = list(Freqs = structure(c(0L, 0L, 1L, 0L, 0L, 0L, 1L, 
    169L, 3239L, 84L, 2L, 29L, 4L, 128L, 2855L, 71L, 1L, 23L, 
    0L, 4L, 202L, 6L, 0L, 0L), .Dim = c(6L, 4L), .Dimnames = structure(list(
        c("-2", "-1", "0", "1", "2", NA), c("A", "C", "G", NA
        )), .Names = c("", "")), class = "table"), N = 6819L), 
    Tag.Distribution = structure(c(`1` = 187L, `2` = 70L, `3` = 63L, 
    `4` = 57L, `5` = 36L, `6` = 43L, `7` = 35L, `8` = 32L, `9` = 16L, 
    `10` = 14L, `11` = 24L, `12` = 18L, `13` = 21L, `14` = 14L, 
    `15` = 25L, `16` = 12L, `17` = 13L, `18` = 16L, `19` = 9L, 
    `20` = 10L, `21` = 14L, `22` = 6L, `23` = 6L, `24` = 6L, 
    `25` = 10L, `26` = 1L, `27` = 8L, `28` = 3L, `29` = 4L, `30` = 3L, 
    `33` = 1L, `37` = 1L, `39` = 3L, `40` = 1L, `41` = 2L, `42` = 2L, 
    `45` = 1L, `46` = 1L, `47` = 1L, `51` = 1L, `52` = 1L, `56` = 1L, 
    `64` = 1L), .Dim = 43L, .Dimnames = structure(list(c("1", 
    "2", "3", "4", "5", "6", "7", "8", "9", "10", "11", "12", 
    "13", "14", "15", "16", "17", "18", "19", "20", "21", "22", 
    "23", "24", "25", "26", "27", "28", "29", "30", "33", "37", 
    "39", "40", "41", "42", "45", "46", "47", "51", "52", "56", 
    "64")), .Names = ""), class = "table"), No.Tag = structure(c(0L, 
    0L, 0L, 0L, 0L, 0L, 0L, 7L, 115L, 2L, 0L, 3L, 0L, 2L, 71L, 
    3L, 0L, 0L, 0L, 0L, 9L, 0L, 0L, 0L), .Dim = c(6L, 4L), .Dimnames = structure(list(
        c("-2", "-1", "0", "1", "2", NA), c("A", "C", "G", NA
        )), .Names = c("", "")), class = "table"), All.Tags = list(
        Concordant = list(Freqs = structure(c(0, 0, 0, 0, 0, 
        0, 8, 273, 2, 0, 0, 0, 229, 1, 0), .Dim = c(5L, 3L), .Dimnames = list(
            c("-2", "-1", "0", "1", "2"), c("A", "C", "G"))), 
            N = 513), Majority = list(Freqs = structure(c(0, 
        0, 0, 0, 0, 0, 10, 398, 2, 0, 0, 2, 335, 1, 0), .Dim = c(5L, 
        3L), .Dimnames = list(c("-2", "-1", "0", "1", "2"), c("A", 
        "C", "G"))), N = 748)), `2` = structure(c(0, 0, 0, 0, 
    0, 0, 4, 319, 0, 0, 0, 2, 267, 0, 0), .Dim = c(5L, 3L), .Dimnames = list(
        c("-2", "-1", "0", "1", "2"), c("A", "C", "G"))))))
