Results <-
list(`bwaOutput/20210421msiMNRsJenny/210177_S20.sam` = list(GM22_SNP1 = list(
    All = list(Freqs = structure(c(91L, 7579L, 40L, 15L, 0L, 
    2L, 0L, 0L, 1L, 119L, 0L, 0L), .Dim = 4:3, .Dimnames = structure(list(
        c("-1", "0", "1", NA), c("A", "G", NA)), .Names = c("", 
    "")), class = "table"), N = 7847L), Tag.Distribution = structure(c(`1` = 175L, 
    `2` = 32L, `3` = 21L, `4` = 15L, `5` = 14L, `6` = 16L, `7` = 14L, 
    `8` = 9L, `9` = 17L, `10` = 15L, `11` = 11L, `12` = 16L, 
    `13` = 8L, `14` = 15L, `15` = 7L, `16` = 17L, `17` = 10L, 
    `18` = 10L, `19` = 12L, `20` = 6L, `21` = 9L, `22` = 10L, 
    `23` = 8L, `24` = 8L, `25` = 5L, `26` = 11L, `27` = 7L, `28` = 6L, 
    `29` = 5L, `30` = 4L, `31` = 6L, `32` = 3L, `33` = 5L, `34` = 4L, 
    `35` = 4L, `36` = 1L, `37` = 5L, `38` = 4L, `39` = 2L, `40` = 4L, 
    `41` = 4L, `42` = 1L, `43` = 3L, `44` = 1L, `45` = 1L, `47` = 1L, 
    `48` = 3L, `49` = 2L, `50` = 3L, `51` = 1L, `52` = 1L, `53` = 2L, 
    `54` = 1L, `55` = 1L, `56` = 1L, `57` = 2L, `59` = 1L, `61` = 1L, 
    `63` = 1L, `67` = 2L, `69` = 1L), .Dim = 61L, .Dimnames = structure(list(
        c("1", "2", "3", "4", "5", "6", "7", "8", "9", "10", 
        "11", "12", "13", "14", "15", "16", "17", "18", "19", 
        "20", "21", "22", "23", "24", "25", "26", "27", "28", 
        "29", "30", "31", "32", "33", "34", "35", "36", "37", 
        "38", "39", "40", "41", "42", "43", "44", "45", "47", 
        "48", "49", "50", "51", "52", "53", "54", "55", "56", 
        "57", "59", "61", "63", "67", "69")), .Names = ""), class = "table"), 
    No.Tag = structure(c(2L, 240L, 2L, 1L, 0L, 0L, 0L, 0L, 0L, 
    10L, 0L, 0L), .Dim = 4:3, .Dimnames = structure(list(c("-1", 
    "0", "1", NA), c("A", "G", NA)), .Names = c("", "")), class = "table"), 
    All.Tags = list(Concordant = list(Freqs = structure(c(3, 
    459, 0, 0, 2, 0), .Dim = 3:2, .Dimnames = list(c("-1", "0", 
    "1"), c("A", "G"))), N = 464), Majority = list(Freqs = structure(c(3, 
    563, 0, 0, 2, 0), .Dim = 3:2, .Dimnames = list(c("-1", "0", 
    "1"), c("A", "G"))), N = 568)), `2` = structure(c(0, 410, 
    0, 0, 0, 0), .Dim = 3:2, .Dimnames = list(c("-1", "0", "1"
    ), c("A", "G"))))))
