Results <-
list(`bwaOutput/20210421msiMNRsJenny/210179_S22.sam` = list(LR20_SNP1 = list(
    All = list(Freqs = structure(c(0L, 0L, 1L, 0L, 0L, 2L, 13L, 
    4700L, 8L, 5L, 0L, 8L, 4605L, 10L, 4L, 0L, 0L, 1L, 0L, 0L, 
    0L, 0L, 65L, 1L, 0L), .Dim = c(5L, 5L), .Dimnames = structure(list(
        c("-2", "-1", "0", "1", NA), c("-", "A", "G", "T", NA
        )), .Names = c("", "")), class = "table"), N = 9423L), 
    Tag.Distribution = structure(c(`1` = 210L, `2` = 92L, `3` = 90L, 
    `4` = 66L, `5` = 61L, `6` = 56L, `7` = 61L, `8` = 42L, `9` = 38L, 
    `10` = 35L, `11` = 30L, `12` = 35L, `13` = 36L, `14` = 29L, 
    `15` = 16L, `16` = 23L, `17` = 13L, `18` = 16L, `19` = 16L, 
    `20` = 10L, `21` = 10L, `22` = 7L, `23` = 10L, `24` = 7L, 
    `25` = 4L, `26` = 7L, `27` = 9L, `28` = 4L, `29` = 2L, `30` = 5L, 
    `31` = 5L, `32` = 4L, `33` = 6L, `34` = 1L, `35` = 3L, `36` = 3L, 
    `37` = 1L, `38` = 1L, `41` = 1L, `43` = 1L, `44` = 1L, `49` = 1L, 
    `51` = 1L, `71` = 1L, `86` = 1L), .Dim = 45L, .Dimnames = structure(list(
        c("1", "2", "3", "4", "5", "6", "7", "8", "9", "10", 
        "11", "12", "13", "14", "15", "16", "17", "18", "19", 
        "20", "21", "22", "23", "24", "25", "26", "27", "28", 
        "29", "30", "31", "32", "33", "34", "35", "36", "37", 
        "38", "41", "43", "44", "49", "51", "71", "86")), .Names = ""), class = "table"), 
    No.Tag = structure(c(0L, 0L, 1L, 0L, 0L, 0L, 0L, 169L, 0L, 
    3L, 0L, 0L, 171L, 1L, 1L, 0L, 0L, 0L, 0L, 0L, 0L, 0L, 13L, 
    0L, 0L), .Dim = c(5L, 5L), .Dimnames = structure(list(c("-2", 
    "-1", "0", "1", NA), c("-", "A", "G", "T", NA)), .Names = c("", 
    "")), class = "table"), All.Tags = list(Concordant = list(
        Freqs = structure(c(0, 0, 0, 0, 0, 1, 448, 0, 0, 0, 450, 
        0, 0, 0, 0, 0), .Dim = c(4L, 4L), .Dimnames = list(c("-2", 
        "-1", "0", "1"), c("-", "A", "G", "T"))), N = 899), Majority = list(
        Freqs = structure(c(0, 0, 0, 0, 0, 1, 533, 0, 0, 0, 521, 
        0, 0, 0, 0, 0), .Dim = c(4L, 4L), .Dimnames = list(c("-2", 
        "-1", "0", "1"), c("-", "A", "G", "T"))), N = 1055)), 
    `2` = structure(c(0, 0, 0, 0, 0, 0, 431, 0, 0, 0, 423, 0, 
    0, 0, 0, 0), .Dim = c(4L, 4L), .Dimnames = list(c("-2", "-1", 
    "0", "1"), c("-", "A", "G", "T"))))))
