Results <-
list(`bwaOutput/20210421msiMNRsJenny/210178_S21.sam` = list(LR36_SNP1 = list(
    All = list(Freqs = structure(c(0L, 0L, 0L, 31L, 0L, 1L, 1L, 
    11L, 115L, 7295L, 73L, 97L, 0L, 0L, 8L, 625L, 6L, 0L), .Dim = c(6L, 
    3L), .Dimnames = structure(list(c("-3", "-2", "-1", "0", 
    "1", NA), c("A", "T", NA)), .Names = c("", "")), class = "table"), 
        N = 8263L), Tag.Distribution = structure(c(`1` = 217L, 
    `2` = 82L, `3` = 57L, `4` = 58L, `5` = 59L, `6` = 40L, `7` = 38L, 
    `8` = 36L, `9` = 21L, `10` = 32L, `11` = 27L, `12` = 37L, 
    `13` = 24L, `14` = 19L, `15` = 19L, `16` = 11L, `17` = 10L, 
    `18` = 8L, `19` = 10L, `20` = 4L, `21` = 9L, `22` = 5L, `23` = 10L, 
    `24` = 7L, `25` = 4L, `26` = 7L, `27` = 5L, `28` = 6L, `29` = 7L, 
    `30` = 6L, `31` = 7L, `32` = 1L, `33` = 5L, `34` = 3L, `35` = 4L, 
    `36` = 2L, `37` = 1L, `38` = 5L, `39` = 2L, `40` = 3L, `41` = 3L, 
    `43` = 1L, `45` = 1L, `48` = 1L, `49` = 1L, `60` = 1L), .Dim = 46L, .Dimnames = structure(list(
        c("1", "2", "3", "4", "5", "6", "7", "8", "9", "10", 
        "11", "12", "13", "14", "15", "16", "17", "18", "19", 
        "20", "21", "22", "23", "24", "25", "26", "27", "28", 
        "29", "30", "31", "32", "33", "34", "35", "36", "37", 
        "38", "39", "40", "41", "43", "45", "48", "49", "60")), .Names = ""), class = "table"), 
    No.Tag = structure(c(0L, 0L, 0L, 6L, 0L, 0L, 0L, 1L, 6L, 
    253L, 5L, 18L, 0L, 0L, 0L, 42L, 0L, 0L), .Dim = c(6L, 3L), .Dimnames = structure(list(
        c("-3", "-2", "-1", "0", "1", NA), c("A", "T", NA)), .Names = c("", 
    "")), class = "table"), All.Tags = list(Concordant = list(
        Freqs = structure(c(0, 0, 0, 9, 0, 0, 1, 2, 716, 1), .Dim = c(5L, 
        2L), .Dimnames = list(c("-3", "-2", "-1", "0", "1"), 
            c("A", "T"))), N = 729), Majority = list(Freqs = structure(c(0, 
    0, 0, 9, 0, 0, 1, 2, 853, 2), .Dim = c(5L, 2L), .Dimnames = list(
        c("-3", "-2", "-1", "0", "1"), c("A", "T"))), N = 867)), 
    `2` = structure(c(0, 0, 0, 0, 0, 0, 0, 0, 693, 2), .Dim = c(5L, 
    2L), .Dimnames = list(c("-3", "-2", "-1", "0", "1"), c("A", 
    "T"))))))
