Results <-
list(`bwaOutput/20210421msiMNRsJenny/210178_S21.sam` = list(GM26_SNP1 = list(
    All = list(Freqs = structure(c(0L, 1L, 35L, 0L, 0L, 2L, 41L, 
    6444L, 24L, 7L, 0L, 0L, 1L, 0L, 0L, 0L, 2L, 135L, 0L, 0L), .Dim = 5:4, .Dimnames = structure(list(
        c("-2", "-1", "0", "1", NA), c("A", "G", "T", NA)), .Names = c("", 
    "")), class = "table"), N = 6692L), Tag.Distribution = structure(c(`1` = 136L, 
    `2` = 70L, `3` = 50L, `4` = 44L, `5` = 48L, `6` = 40L, `7` = 28L, 
    `8` = 31L, `9` = 30L, `10` = 25L, `11` = 17L, `12` = 19L, 
    `13` = 16L, `14` = 11L, `15` = 14L, `16` = 6L, `17` = 10L, 
    `18` = 9L, `19` = 8L, `20` = 10L, `21` = 6L, `22` = 6L, `23` = 7L, 
    `24` = 5L, `25` = 5L, `26` = 8L, `27` = 4L, `28` = 2L, `29` = 5L, 
    `30` = 3L, `31` = 2L, `32` = 2L, `33` = 2L, `35` = 3L, `36` = 5L, 
    `38` = 1L, `40` = 1L, `42` = 2L, `43` = 3L, `44` = 1L, `45` = 2L, 
    `48` = 1L, `51` = 4L, `56` = 1L, `61` = 1L, `62` = 1L, `63` = 1L, 
    `84` = 1L), .Dim = 48L, .Dimnames = structure(list(c("1", 
    "2", "3", "4", "5", "6", "7", "8", "9", "10", "11", "12", 
    "13", "14", "15", "16", "17", "18", "19", "20", "21", "22", 
    "23", "24", "25", "26", "27", "28", "29", "30", "31", "32", 
    "33", "35", "36", "38", "40", "42", "43", "44", "45", "48", 
    "51", "56", "61", "62", "63", "84")), .Names = ""), class = "table"), 
    No.Tag = structure(c(0L, 0L, 1L, 0L, 0L, 0L, 1L, 115L, 1L, 
    0L, 0L, 0L, 0L, 0L, 0L, 0L, 0L, 10L, 0L, 0L), .Dim = 5:4, .Dimnames = structure(list(
        c("-2", "-1", "0", "1", NA), c("A", "G", "T", NA)), .Names = c("", 
    "")), class = "table"), All.Tags = list(Concordant = list(
        Freqs = structure(c(0, 0, 2, 0, 0, 2, 633, 1, 0, 0, 0, 
        0), .Dim = 4:3, .Dimnames = list(c("-2", "-1", "0", "1"
        ), c("A", "G", "T"))), N = 638), Majority = list(Freqs = structure(c(0, 
    0, 4, 0, 0, 2, 686, 1, 0, 0, 0, 0), .Dim = 4:3, .Dimnames = list(
        c("-2", "-1", "0", "1"), c("A", "G", "T"))), N = 693)), 
    `2` = structure(c(0, 0, 3, 0, 0, 2, 565, 0, 0, 0, 0, 0), .Dim = 4:3, .Dimnames = list(
        c("-2", "-1", "0", "1"), c("A", "G", "T"))))))
