Results <-
list(`bwaOutput/20210421msiMNRsJenny/210177_S20.sam` = list(IM49_SNP1 = list(
    All = list(Freqs = structure(c(3L, 114L, 3235L, 70L, 0L, 
    24L, 0L, 126L, 3156L, 68L, 1L, 17L, 0L, 6L, 227L, 15L, 0L, 
    0L), .Dim = c(6L, 3L), .Dimnames = structure(list(c("-2", 
    "-1", "0", "1", "2", NA), c("C", "G", NA)), .Names = c("", 
    "")), class = "table"), N = 7062L), Tag.Distribution = structure(c(`1` = 170L, 
    `2` = 38L, `3` = 28L, `4` = 22L, `5` = 22L, `6` = 22L, `7` = 20L, 
    `8` = 16L, `9` = 7L, `10` = 20L, `11` = 15L, `12` = 19L, 
    `13` = 14L, `14` = 15L, `15` = 10L, `16` = 11L, `17` = 18L, 
    `18` = 11L, `19` = 14L, `20` = 3L, `21` = 11L, `22` = 9L, 
    `23` = 7L, `24` = 9L, `25` = 5L, `26` = 1L, `27` = 6L, `28` = 2L, 
    `29` = 7L, `30` = 2L, `31` = 4L, `32` = 1L, `33` = 4L, `34` = 3L, 
    `35` = 2L, `36` = 4L, `37` = 4L, `38` = 4L, `39` = 2L, `40` = 2L, 
    `41` = 2L, `42` = 1L, `43` = 2L, `44` = 3L, `45` = 2L, `46` = 3L, 
    `48` = 2L, `49` = 2L, `52` = 2L, `53` = 1L, `55` = 2L, `59` = 3L
    ), .Dim = 52L, .Dimnames = structure(list(c("1", "2", "3", 
    "4", "5", "6", "7", "8", "9", "10", "11", "12", "13", "14", 
    "15", "16", "17", "18", "19", "20", "21", "22", "23", "24", 
    "25", "26", "27", "28", "29", "30", "31", "32", "33", "34", 
    "35", "36", "37", "38", "39", "40", "41", "42", "43", "44", 
    "45", "46", "48", "49", "52", "53", "55", "59")), .Names = ""), class = "table"), 
    No.Tag = structure(c(0L, 10L, 138L, 1L, 0L, 2L, 0L, 3L, 52L, 
    1L, 0L, 0L, 0L, 1L, 13L, 1L, 0L, 0L), .Dim = c(6L, 3L), .Dimnames = structure(list(
        c("-2", "-1", "0", "1", "2", NA), c("C", "G", NA)), .Names = c("", 
    "")), class = "table"), All.Tags = list(Concordant = list(
        Freqs = structure(c(0, 2, 174, 2, 0, 0, 7, 177, 1, 0), .Dim = c(5L, 
        2L), .Dimnames = list(c("-2", "-1", "0", "1", "2"), c("C", 
        "G"))), N = 363), Majority = list(Freqs = structure(c(0, 
    2, 273, 2, 0, 0, 7, 287, 1, 0), .Dim = c(5L, 2L), .Dimnames = list(
        c("-2", "-1", "0", "1", "2"), c("C", "G"))), N = 572)), 
    `2` = structure(c(0, 1, 198, 0, 0, 0, 2, 229, 0, 0), .Dim = c(5L, 
    2L), .Dimnames = list(c("-2", "-1", "0", "1", "2"), c("C", 
    "G"))))))
