Results <-
list(`bwaOutput/20210421msiMNRsJenny/210179_S22.sam` = list(LR17_SNP1 = list(
    All = list(Freqs = structure(c(2L, 11L, 557L, 12626L, 173L, 
    4L, 95L, 0L, 0L, 0L, 6L, 0L, 0L, 0L, 0L, 0L, 0L, 1L, 0L, 
    0L, 0L, 0L, 0L, 23L, 977L, 9L, 0L, 0L), .Dim = c(7L, 4L), .Dimnames = structure(list(
        c("-3", "-2", "-1", "0", "1", "2", NA), c("A", "G", "T", 
        NA)), .Names = c("", "")), class = "table"), N = 14484L), 
    Tag.Distribution = structure(c(`1` = 328L, `2` = 99L, `3` = 78L, 
    `4` = 83L, `5` = 56L, `6` = 53L, `7` = 53L, `8` = 42L, `9` = 40L, 
    `10` = 42L, `11` = 34L, `12` = 48L, `13` = 28L, `14` = 27L, 
    `15` = 35L, `16` = 27L, `17` = 33L, `18` = 27L, `19` = 22L, 
    `20` = 27L, `21` = 21L, `22` = 13L, `23` = 16L, `24` = 12L, 
    `25` = 20L, `26` = 10L, `27` = 12L, `28` = 13L, `29` = 11L, 
    `30` = 9L, `31` = 5L, `32` = 12L, `33` = 6L, `34` = 4L, `35` = 7L, 
    `36` = 10L, `37` = 1L, `38` = 2L, `39` = 4L, `40` = 2L, `41` = 2L, 
    `42` = 6L, `43` = 1L, `44` = 1L, `49` = 1L, `50` = 1L, `51` = 1L, 
    `52` = 2L, `53` = 1L, `58` = 1L, `66` = 1L), .Dim = 51L, .Dimnames = structure(list(
        c("1", "2", "3", "4", "5", "6", "7", "8", "9", "10", 
        "11", "12", "13", "14", "15", "16", "17", "18", "19", 
        "20", "21", "22", "23", "24", "25", "26", "27", "28", 
        "29", "30", "31", "32", "33", "34", "35", "36", "37", 
        "38", "39", "40", "41", "42", "43", "44", "49", "50", 
        "51", "52", "53", "58", "66")), .Names = ""), class = "table"), 
    No.Tag = structure(c(0L, 0L, 24L, 476L, 5L, 0L, 6L, 0L, 0L, 
    0L, 0L, 0L, 0L, 0L, 0L, 0L, 0L, 0L, 0L, 0L, 0L, 0L, 0L, 1L, 
    42L, 0L, 0L, 0L), .Dim = c(7L, 4L), .Dimnames = structure(list(
        c("-3", "-2", "-1", "0", "1", "2", NA), c("A", "G", "T", 
        NA)), .Names = c("", "")), class = "table"), All.Tags = list(
        Concordant = list(Freqs = structure(c(0, 0, 11, 908, 
        6, 0, 0, 0, 0, 0, 0, 0, 0, 0, 0, 0, 0, 0), .Dim = c(6L, 
        3L), .Dimnames = list(c("-3", "-2", "-1", "0", "1", "2"
        ), c("A", "G", "T"))), N = 925), Majority = list(Freqs = structure(c(0, 
        0, 14, 1312, 8, 0, 0, 0, 0, 0, 0, 0, 0, 0, 0, 0, 0, 0
        ), .Dim = c(6L, 3L), .Dimnames = list(c("-3", "-2", "-1", 
        "0", "1", "2"), c("A", "G", "T"))), N = 1334)), `2` = structure(c(0, 
    0, 7, 1040, 4, 0, 0, 0, 0, 0, 0, 0, 0, 0, 0, 0, 0, 0), .Dim = c(6L, 
    3L), .Dimnames = list(c("-3", "-2", "-1", "0", "1", "2"), 
        c("A", "G", "T"))))))
