Results <-
list(`bwaOutput/20210421msiMNRsJenny/210173_S19.sam` = list(GM22_SNP1 = list(
    All = list(Freqs = structure(c(0L, 86L, 5500L, 20L, 1L, 11L, 
    1L, 27L, 2868L, 11L, 0L, 2L, 0L, 3L, 152L, 1L, 0L, 0L), .Dim = c(6L, 
    3L), .Dimnames = structure(list(c("-2", "-1", "0", "1", "2", 
    NA), c("A", "G", NA)), .Names = c("", "")), class = "table"), 
        N = 8683L), Tag.Distribution = structure(c(`1` = 243L, 
    `2` = 113L, `3` = 103L, `4` = 83L, `5` = 73L, `6` = 72L, 
    `7` = 56L, `8` = 44L, `9` = 34L, `10` = 43L, `11` = 46L, 
    `12` = 35L, `13` = 24L, `14` = 26L, `15` = 22L, `16` = 19L, 
    `17` = 19L, `18` = 14L, `19` = 23L, `20` = 13L, `21` = 5L, 
    `22` = 6L, `23` = 10L, `24` = 7L, `25` = 8L, `26` = 2L, `27` = 2L, 
    `28` = 2L, `29` = 1L, `30` = 5L, `31` = 2L, `32` = 2L, `34` = 3L, 
    `39` = 1L, `41` = 1L), .Dim = 35L, .Dimnames = structure(list(
        c("1", "2", "3", "4", "5", "6", "7", "8", "9", "10", 
        "11", "12", "13", "14", "15", "16", "17", "18", "19", 
        "20", "21", "22", "23", "24", "25", "26", "27", "28", 
        "29", "30", "31", "32", "34", "39", "41")), .Names = ""), class = "table"), 
    No.Tag = structure(c(0L, 3L, 193L, 2L, 0L, 1L, 0L, 1L, 93L, 
    1L, 0L, 0L, 0L, 0L, 10L, 0L, 0L, 0L), .Dim = c(6L, 3L), .Dimnames = structure(list(
        c("-2", "-1", "0", "1", "2", NA), c("A", "G", NA)), .Names = c("", 
    "")), class = "table"), All.Tags = list(Concordant = list(
        Freqs = structure(c(0, 4, 606, 1, 0, 0, 0, 317, 0, 0), .Dim = c(5L, 
        2L), .Dimnames = list(c("-2", "-1", "0", "1", "2"), c("A", 
        "G"))), N = 928), Majority = list(Freqs = structure(c(0, 
    4, 737, 1, 0, 0, 0, 385, 0, 0), .Dim = c(5L, 2L), .Dimnames = list(
        c("-2", "-1", "0", "1", "2"), c("A", "G"))), N = 1127)), 
    `2` = structure(c(0, 2, 591, 0, 0, 0, 0, 314, 0, 0), .Dim = c(5L, 
    2L), .Dimnames = list(c("-2", "-1", "0", "1", "2"), c("A", 
    "G"))))))
