Results <-
list(`bwaOutput/20210421msiMNRsJenny/210179_S22.sam` = list(LR44_SNP1 = list(
    All = list(Freqs = structure(c(10L, 375L, 4618L, 71L, 2L, 
    24L, 0L, 1L, 4L, 0L, 0L, 0L, 0L, 2L, 32L, 0L, 0L, 1L, 0L, 
    5L, 152L, 0L, 0L, 0L), .Dim = c(6L, 4L), .Dimnames = structure(list(
        c("-2", "-1", "0", "1", "2", NA), c("C", "G", "T", NA
        )), .Names = c("", "")), class = "table"), N = 5297L), 
    Tag.Distribution = structure(c(`1` = 117L, `2` = 51L, `3` = 48L, 
    `4` = 45L, `5` = 32L, `6` = 33L, `7` = 24L, `8` = 25L, `9` = 30L, 
    `10` = 22L, `11` = 12L, `12` = 18L, `13` = 18L, `14` = 15L, 
    `15` = 12L, `16` = 5L, `17` = 11L, `18` = 9L, `19` = 6L, 
    `20` = 9L, `21` = 6L, `22` = 7L, `23` = 3L, `24` = 6L, `25` = 6L, 
    `26` = 8L, `27` = 4L, `28` = 3L, `29` = 4L, `30` = 3L, `31` = 1L, 
    `32` = 2L, `33` = 1L, `34` = 2L, `35` = 1L, `37` = 1L, `38` = 1L, 
    `42` = 1L, `45` = 1L, `46` = 1L), .Dim = 40L, .Dimnames = structure(list(
        c("1", "2", "3", "4", "5", "6", "7", "8", "9", "10", 
        "11", "12", "13", "14", "15", "16", "17", "18", "19", 
        "20", "21", "22", "23", "24", "25", "26", "27", "28", 
        "29", "30", "31", "32", "33", "34", "35", "37", "38", 
        "42", "45", "46")), .Names = ""), class = "table"), No.Tag = structure(c(0L, 
    3L, 135L, 2L, 0L, 3L, 0L, 0L, 0L, 0L, 0L, 0L, 0L, 0L, 0L, 
    0L, 0L, 0L, 0L, 0L, 12L, 0L, 0L, 0L), .Dim = c(6L, 4L), .Dimnames = structure(list(
        c("-2", "-1", "0", "1", "2", NA), c("C", "G", "T", NA
        )), .Names = c("", "")), class = "table"), All.Tags = list(
        Concordant = list(Freqs = structure(c(0, 14, 338, 4, 
        0, 0, 0, 1, 0, 0, 0, 0, 5, 0, 0), .Dim = c(5L, 3L), .Dimnames = list(
            c("-2", "-1", "0", "1", "2"), c("C", "G", "T"))), 
            N = 362), Majority = list(Freqs = structure(c(0, 
        21, 547, 5, 0, 0, 0, 1, 0, 0, 0, 0, 6, 0, 0), .Dim = c(5L, 
        3L), .Dimnames = list(c("-2", "-1", "0", "1", "2"), c("C", 
        "G", "T"))), N = 580)), `2` = structure(c(0, 12, 456, 
    1, 0, 0, 0, 1, 0, 0, 0, 0, 3, 0, 0), .Dim = c(5L, 3L), .Dimnames = list(
        c("-2", "-1", "0", "1", "2"), c("C", "G", "T"))))))
