Results <-
list(`bwaOutput/20210421msiMNRsJenny/210178_S21.sam` = list(LR10_SNP1 = list(
    All = list(Freqs = structure(c(0L, 0L, 1L, 0L, 0L, 0L, 103L, 
    3820L, 32L, 10L, 0L, 0L, 1L, 0L, 0L, 2L, 51L, 3700L, 8L, 
    5L, 0L, 0L, 119L, 4L, 0L), .Dim = c(5L, 5L), .Dimnames = structure(list(
        c("-2", "-1", "0", "1", NA), c("A", "C", "G", "T", NA
        )), .Names = c("", "")), class = "table"), N = 7856L), 
    Tag.Distribution = structure(c(`1` = 184L, `2` = 77L, `3` = 56L, 
    `4` = 61L, `5` = 41L, `6` = 45L, `7` = 30L, `8` = 29L, `9` = 32L, 
    `10` = 23L, `11` = 25L, `12` = 33L, `13` = 15L, `14` = 17L, 
    `15` = 12L, `16` = 13L, `17` = 15L, `18` = 9L, `19` = 11L, 
    `20` = 13L, `21` = 9L, `22` = 4L, `23` = 11L, `24` = 7L, 
    `25` = 7L, `26` = 6L, `27` = 5L, `28` = 9L, `29` = 7L, `30` = 4L, 
    `31` = 3L, `32` = 3L, `34` = 2L, `35` = 7L, `36` = 4L, `37` = 2L, 
    `38` = 2L, `39` = 1L, `41` = 1L, `44` = 1L, `45` = 4L, `47` = 1L, 
    `52` = 2L, `61` = 1L), .Dim = 44L, .Dimnames = structure(list(
        c("1", "2", "3", "4", "5", "6", "7", "8", "9", "10", 
        "11", "12", "13", "14", "15", "16", "17", "18", "19", 
        "20", "21", "22", "23", "24", "25", "26", "27", "28", 
        "29", "30", "31", "32", "34", "35", "36", "37", "38", 
        "39", "41", "44", "45", "47", "52", "61")), .Names = ""), class = "table"), 
    No.Tag = structure(c(0L, 0L, 0L, 0L, 0L, 0L, 3L, 135L, 0L, 
    0L, 0L, 0L, 0L, 0L, 0L, 0L, 1L, 90L, 0L, 0L, 0L, 0L, 13L, 
    0L, 0L), .Dim = c(5L, 5L), .Dimnames = structure(list(c("-2", 
    "-1", "0", "1", NA), c("A", "C", "G", "T", NA)), .Names = c("", 
    "")), class = "table"), All.Tags = list(Concordant = list(
        Freqs = structure(c(0, 0, 0, 0, 0, 3, 328, 0, 0, 0, 0, 
        0, 0, 4, 337, 0), .Dim = c(4L, 4L), .Dimnames = list(
            c("-2", "-1", "0", "1"), c("A", "C", "G", "T"))), 
        N = 672), Majority = list(Freqs = structure(c(0, 0, 0, 
    0, 0, 4, 418, 0, 0, 0, 0, 0, 0, 4, 403, 0), .Dim = c(4L, 
    4L), .Dimnames = list(c("-2", "-1", "0", "1"), c("A", "C", 
    "G", "T"))), N = 829)), `2` = structure(c(0, 0, 0, 0, 0, 
    2, 329, 0, 0, 0, 0, 0, 0, 0, 321, 0), .Dim = c(4L, 4L), .Dimnames = list(
        c("-2", "-1", "0", "1"), c("A", "C", "G", "T"))))))
