Results <-
list(`bwaOutput/20210421msiMNRsJenny/210177_S20.sam` = list(LR48_SNP1 = list(
    All = list(Freqs = structure(c(3L, 136L, 3819L, 65L, 1L, 
    28L, 3L, 77L, 3087L, 41L, 2L, 30L, 0L, 1L, 206L, 3L, 0L, 
    0L), .Dim = c(6L, 3L), .Dimnames = structure(list(c("-2", 
    "-1", "0", "1", "2", NA), c("C", "T", NA)), .Names = c("", 
    "")), class = "table"), N = 7502L), Tag.Distribution = structure(c(`1` = 138L, 
    `2` = 16L, `3` = 11L, `4` = 7L, `5` = 6L, `6` = 13L, `7` = 7L, 
    `8` = 11L, `9` = 12L, `10` = 13L, `11` = 4L, `12` = 7L, `13` = 6L, 
    `14` = 8L, `15` = 7L, `16` = 6L, `17` = 6L, `18` = 9L, `19` = 14L, 
    `20` = 16L, `21` = 12L, `22` = 5L, `23` = 8L, `24` = 9L, 
    `25` = 4L, `26` = 10L, `27` = 3L, `28` = 3L, `29` = 6L, `30` = 3L, 
    `31` = 4L, `32` = 3L, `33` = 1L, `34` = 3L, `35` = 2L, `36` = 3L, 
    `37` = 4L, `38` = 2L, `39` = 6L, `40` = 5L, `41` = 3L, `42` = 3L, 
    `43` = 1L, `44` = 3L, `45` = 1L, `46` = 1L, `47` = 2L, `48` = 3L, 
    `49` = 4L, `50` = 1L, `51` = 2L, `53` = 1L, `55` = 2L, `57` = 1L, 
    `58` = 1L, `59` = 2L, `60` = 2L, `65` = 1L, `66` = 1L, `67` = 2L, 
    `69` = 3L, `71` = 2L, `78` = 2L, `88` = 1L), .Dim = 64L, .Dimnames = structure(list(
        c("1", "2", "3", "4", "5", "6", "7", "8", "9", "10", 
        "11", "12", "13", "14", "15", "16", "17", "18", "19", 
        "20", "21", "22", "23", "24", "25", "26", "27", "28", 
        "29", "30", "31", "32", "33", "34", "35", "36", "37", 
        "38", "39", "40", "41", "42", "43", "44", "45", "46", 
        "47", "48", "49", "50", "51", "53", "55", "57", "58", 
        "59", "60", "65", "66", "67", "69", "71", "78", "88")), .Names = ""), class = "table"), 
    No.Tag = structure(c(0L, 1L, 78L, 2L, 0L, 1L, 0L, 2L, 86L, 
    1L, 0L, 16L, 0L, 0L, 15L, 0L, 0L, 0L), .Dim = c(6L, 3L), .Dimnames = structure(list(
        c("-2", "-1", "0", "1", "2", NA), c("C", "T", NA)), .Names = c("", 
    "")), class = "table"), All.Tags = list(Concordant = list(
        Freqs = structure(c(0, 2, 135, 1, 0, 0, 1, 132, 0, 0), .Dim = c(5L, 
        2L), .Dimnames = list(c("-2", "-1", "0", "1", "2"), c("C", 
        "T"))), N = 271), Majority = list(Freqs = structure(c(0, 
    3, 225, 1, 0, 0, 1, 204, 0, 0), .Dim = c(5L, 2L), .Dimnames = list(
        c("-2", "-1", "0", "1", "2"), c("C", "T"))), N = 434)), 
    `2` = structure(c(0, 1, 160, 0, 0, 0, 0, 156, 0, 0), .Dim = c(5L, 
    2L), .Dimnames = list(c("-2", "-1", "0", "1", "2"), c("C", 
    "T"))))))
