Results <-
list(`bwaOutput/20210421msiMNRsJenny/210177_S20.sam` = list(LR49_SNP1 = list(
    All = list(Freqs = structure(c(0L, 8L, 0L, 16L, 6450L, 11L, 
    0L, 1L, 0L, 0L, 46L, 0L), .Dim = 3:4, .Dimnames = structure(list(
        c("-1", "0", NA), c("A", "G", "T", NA)), .Names = c("", 
    "")), class = "table"), N = 6532L), Tag.Distribution = structure(c(`1` = 149L, 
    `2` = 44L, `3` = 23L, `4` = 27L, `5` = 27L, `6` = 20L, `7` = 21L, 
    `8` = 20L, `9` = 27L, `10` = 17L, `11` = 20L, `12` = 13L, 
    `13` = 14L, `14` = 13L, `15` = 16L, `16` = 16L, `17` = 9L, 
    `18` = 13L, `19` = 12L, `20` = 6L, `21` = 10L, `22` = 7L, 
    `23` = 4L, `24` = 7L, `25` = 9L, `26` = 10L, `27` = 6L, `28` = 2L, 
    `29` = 4L, `30` = 3L, `31` = 2L, `32` = 1L, `33` = 2L, `34` = 3L, 
    `35` = 3L, `36` = 3L, `37` = 2L, `39` = 3L, `40` = 1L, `41` = 1L, 
    `42` = 3L, `45` = 1L, `46` = 1L, `47` = 1L, `48` = 1L, `50` = 1L, 
    `51` = 2L, `52` = 1L, `53` = 1L, `54` = 1L, `55` = 1L, `58` = 1L
    ), .Dim = 52L, .Dimnames = structure(list(c("1", "2", "3", 
    "4", "5", "6", "7", "8", "9", "10", "11", "12", "13", "14", 
    "15", "16", "17", "18", "19", "20", "21", "22", "23", "24", 
    "25", "26", "27", "28", "29", "30", "31", "32", "33", "34", 
    "35", "36", "37", "39", "40", "41", "42", "45", "46", "47", 
    "48", "50", "51", "52", "53", "54", "55", "58")), .Names = ""), class = "table"), 
    No.Tag = structure(c(0L, 1L, 0L, 0L, 146L, 1L, 0L, 0L, 0L, 
    0L, 8L, 0L), .Dim = 3:4, .Dimnames = structure(list(c("-1", 
    "0", NA), c("A", "G", "T", NA)), .Names = c("", "")), class = "table"), 
    All.Tags = list(Concordant = list(Freqs = structure(c(0, 
    1, 0, 583, 0, 0), .Dim = 2:3, .Dimnames = list(c("-1", "0"
    ), c("A", "G", "T"))), N = 584), Majority = list(Freqs = structure(c(0, 
    1, 0, 596, 0, 0), .Dim = 2:3, .Dimnames = list(c("-1", "0"
    ), c("A", "G", "T"))), N = 597)), `2` = structure(c(0, 0, 
    0, 455, 0, 0), .Dim = 2:3, .Dimnames = list(c("-1", "0"), 
        c("A", "G", "T"))))))
