Results <-
list(`bwaOutput/20210421msiMNRsJenny/210177_S20.sam` = list(LR24_SNP1 = list(
    All = list(Freqs = structure(c(0L, 10L, 2984L, 12L, 3L, 1L, 
    23L, 3196L, 17L, 3L, 0L, 0L, 1L, 0L, 0L, 0L, 0L, 53L, 0L, 
    0L), .Dim = 5:4, .Dimnames = structure(list(c("-2", "-1", 
    "0", "1", NA), c("A", "G", "T", NA)), .Names = c("", "")), class = "table"), 
        N = 6303L), Tag.Distribution = structure(c(`1` = 157L, 
    `2` = 51L, `3` = 40L, `4` = 44L, `5` = 33L, `6` = 23L, `7` = 25L, 
    `8` = 24L, `9` = 26L, `10` = 21L, `11` = 21L, `12` = 23L, 
    `13` = 16L, `14` = 12L, `15` = 13L, `16` = 10L, `17` = 12L, 
    `18` = 23L, `19` = 9L, `20` = 7L, `21` = 15L, `22` = 7L, 
    `23` = 5L, `24` = 6L, `25` = 3L, `26` = 2L, `27` = 1L, `28` = 3L, 
    `29` = 2L, `30` = 3L, `31` = 1L, `32` = 1L, `33` = 2L, `34` = 3L, 
    `35` = 2L, `36` = 1L, `37` = 3L, `38` = 1L, `39` = 1L, `41` = 1L, 
    `42` = 2L, `43` = 2L, `44` = 1L, `47` = 2L, `50` = 1L, `51` = 1L, 
    `53` = 1L, `60` = 1L, `66` = 1L), .Dim = 49L, .Dimnames = structure(list(
        c("1", "2", "3", "4", "5", "6", "7", "8", "9", "10", 
        "11", "12", "13", "14", "15", "16", "17", "18", "19", 
        "20", "21", "22", "23", "24", "25", "26", "27", "28", 
        "29", "30", "31", "32", "33", "34", "35", "36", "37", 
        "38", "39", "41", "42", "43", "44", "47", "50", "51", 
        "53", "60", "66")), .Names = ""), class = "table"), No.Tag = structure(c(0L, 
    0L, 106L, 0L, 0L, 0L, 1L, 86L, 0L, 0L, 0L, 0L, 0L, 0L, 0L, 
    0L, 0L, 6L, 0L, 0L), .Dim = 5:4, .Dimnames = structure(list(
        c("-2", "-1", "0", "1", NA), c("A", "G", "T", NA)), .Names = c("", 
    "")), class = "table"), All.Tags = list(Concordant = list(
        Freqs = structure(c(0, 0, 283, 0, 0, 0, 305, 1, 0, 0, 
        0, 0), .Dim = 4:3, .Dimnames = list(c("-2", "-1", "0", 
        "1"), c("A", "G", "T"))), N = 589), Majority = list(Freqs = structure(c(0, 
    0, 314, 0, 0, 1, 340, 1, 0, 0, 0, 0), .Dim = 4:3, .Dimnames = list(
        c("-2", "-1", "0", "1"), c("A", "G", "T"))), N = 656)), 
    `2` = structure(c(0, 0, 247, 0, 0, 1, 257, 1, 0, 0, 0, 0), .Dim = 4:3, .Dimnames = list(
        c("-2", "-1", "0", "1"), c("A", "G", "T"))))))
