Results <-
list(`bwaOutput/20210421msiMNRsJenny/210178_S21.sam` = list(GM14_SNP1 = list(
    All = list(Freqs = structure(c(0L, 3L, 106L, 3591L, 27L, 
    10L, 1L, 4L, 79L, 3485L, 32L, 4L, 0L, 0L, 0L, 73L, 1L, 0L
    ), .Dim = c(6L, 3L), .Dimnames = structure(list(c("-3", "-2", 
    "-1", "0", "1", NA), c("C", "T", NA)), .Names = c("", "")), class = "table"), 
        N = 7416L), Tag.Distribution = structure(c(`1` = 194L, 
    `2` = 73L, `3` = 51L, `4` = 47L, `5` = 40L, `6` = 37L, `7` = 37L, 
    `8` = 25L, `9` = 32L, `10` = 18L, `11` = 18L, `12` = 15L, 
    `13` = 22L, `14` = 19L, `15` = 8L, `16` = 16L, `17` = 10L, 
    `18` = 10L, `19` = 11L, `20` = 11L, `21` = 10L, `22` = 7L, 
    `23` = 13L, `24` = 8L, `25` = 9L, `26` = 5L, `27` = 7L, `28` = 3L, 
    `29` = 7L, `30` = 3L, `31` = 5L, `32` = 3L, `33` = 2L, `34` = 4L, 
    `35` = 3L, `36` = 3L, `37` = 1L, `38` = 3L, `39` = 1L, `40` = 1L, 
    `41` = 1L, `45` = 1L, `46` = 1L, `47` = 2L, `48` = 2L, `51` = 1L, 
    `53` = 1L, `68` = 1L), .Dim = 48L, .Dimnames = structure(list(
        c("1", "2", "3", "4", "5", "6", "7", "8", "9", "10", 
        "11", "12", "13", "14", "15", "16", "17", "18", "19", 
        "20", "21", "22", "23", "24", "25", "26", "27", "28", 
        "29", "30", "31", "32", "33", "34", "35", "36", "37", 
        "38", "39", "40", "41", "45", "46", "47", "48", "51", 
        "53", "68")), .Names = ""), class = "table"), No.Tag = structure(c(0L, 
    0L, 1L, 72L, 0L, 0L, 0L, 0L, 0L, 59L, 0L, 0L, 0L, 0L, 0L, 
    3L, 0L, 0L), .Dim = c(6L, 3L), .Dimnames = structure(list(
        c("-3", "-2", "-1", "0", "1", NA), c("C", "T", NA)), .Names = c("", 
    "")), class = "table"), All.Tags = list(Concordant = list(
        Freqs = structure(c(0, 0, 6, 288, 0, 0, 0, 1, 302, 1), .Dim = c(5L, 
        2L), .Dimnames = list(c("-3", "-2", "-1", "0", "1"), 
            c("C", "T"))), N = 598), Majority = list(Freqs = structure(c(0, 
    0, 6, 388, 0, 0, 0, 1, 386, 1), .Dim = c(5L, 2L), .Dimnames = list(
        c("-3", "-2", "-1", "0", "1"), c("C", "T"))), N = 782)), 
    `2` = structure(c(0, 0, 0, 296, 0, 0, 0, 0, 303, 1), .Dim = c(5L, 
    2L), .Dimnames = list(c("-3", "-2", "-1", "0", "1"), c("C", 
    "T"))))))
