Results <-
list(`bwaOutput/20210421msiMNRsJenny/210179_S22.sam` = list(LR49_SNP1 = list(
    All = list(Freqs = structure(c(0L, 13L, 0L, 0L, 0L, 1L, 0L, 
    0L, 22L, 9325L, 6L, 11L, 0L, 1L, 0L, 0L, 1L, 52L, 0L, 0L), .Dim = 4:5, .Dimnames = structure(list(
        c("-1", "0", "1", NA), c("A", "C", "G", "T", NA)), .Names = c("", 
    "")), class = "table"), N = 9432L), Tag.Distribution = structure(c(`1` = 222L, 
    `2` = 102L, `3` = 78L, `4` = 74L, `5` = 82L, `6` = 59L, `7` = 56L, 
    `8` = 46L, `9` = 44L, `10` = 44L, `11` = 34L, `12` = 34L, 
    `13` = 22L, `14` = 18L, `15` = 16L, `16` = 14L, `17` = 27L, 
    `18` = 18L, `19` = 10L, `20` = 9L, `21` = 10L, `22` = 10L, 
    `23` = 8L, `24` = 8L, `25` = 4L, `26` = 9L, `27` = 5L, `28` = 7L, 
    `29` = 5L, `30` = 7L, `31` = 2L, `32` = 4L, `34` = 4L, `35` = 1L, 
    `36` = 1L, `37` = 1L, `38` = 1L, `39` = 2L, `40` = 2L, `42` = 2L, 
    `44` = 1L, `47` = 2L, `48` = 1L, `50` = 1L, `53` = 1L), .Dim = 45L, .Dimnames = structure(list(
        c("1", "2", "3", "4", "5", "6", "7", "8", "9", "10", 
        "11", "12", "13", "14", "15", "16", "17", "18", "19", 
        "20", "21", "22", "23", "24", "25", "26", "27", "28", 
        "29", "30", "31", "32", "34", "35", "36", "37", "38", 
        "39", "40", "42", "44", "47", "48", "50", "53")), .Names = ""), class = "table"), 
    No.Tag = structure(c(0L, 1L, 0L, 0L, 0L, 0L, 0L, 0L, 0L, 
    335L, 1L, 4L, 0L, 0L, 0L, 0L, 0L, 9L, 0L, 0L), .Dim = 4:5, .Dimnames = structure(list(
        c("-1", "0", "1", NA), c("A", "C", "G", "T", NA)), .Names = c("", 
    "")), class = "table"), All.Tags = list(Concordant = list(
        Freqs = structure(c(0, 5, 0, 0, 0, 0, 2, 1066, 0, 0, 
        0, 0), .Dim = 3:4, .Dimnames = list(c("-1", "0", "1"), 
            c("A", "C", "G", "T"))), N = 1073), Majority = list(
        Freqs = structure(c(0, 5, 0, 0, 0, 0, 2, 1095, 0, 0, 
        0, 0), .Dim = 3:4, .Dimnames = list(c("-1", "0", "1"), 
            c("A", "C", "G", "T"))), N = 1102)), `2` = structure(c(0, 
    0, 0, 0, 0, 0, 1, 885, 0, 0, 0, 0), .Dim = 3:4, .Dimnames = list(
        c("-1", "0", "1"), c("A", "C", "G", "T"))))))
