Results <-
list(`bwaOutput/20210421msiMNRsJenny/210173_S19.sam` = list(GM29_SNP1 = list(
    All = list(Freqs = structure(c(1L, 75L, 5908L, 23L, 8L, 0L, 
    0L, 3L, 0L, 0L, 0L, 0L, 1L, 0L, 0L, 0L, 0L, 65L, 0L, 0L), .Dim = 5:4, .Dimnames = structure(list(
        c("-2", "-1", "0", "1", NA), c("A", "G", "T", NA)), .Names = c("", 
    "")), class = "table"), N = 6084L), Tag.Distribution = structure(c(`1` = 177L, 
    `2` = 88L, `3` = 80L, `4` = 66L, `5` = 54L, `6` = 50L, `7` = 30L, 
    `8` = 50L, `9` = 41L, `10` = 31L, `11` = 20L, `12` = 19L, 
    `13` = 14L, `14` = 16L, `15` = 20L, `16` = 11L, `17` = 11L, 
    `18` = 6L, `19` = 12L, `20` = 5L, `21` = 8L, `22` = 6L, `23` = 3L, 
    `24` = 2L, `25` = 3L, `26` = 1L, `27` = 1L, `28` = 1L, `32` = 2L, 
    `34` = 2L, `35` = 1L, `36` = 2L, `37` = 1L, `39` = 1L, `40` = 1L, 
    `46` = 2L, `50` = 1L, `56` = 1L, `65` = 1L), .Dim = 39L, .Dimnames = structure(list(
        c("1", "2", "3", "4", "5", "6", "7", "8", "9", "10", 
        "11", "12", "13", "14", "15", "16", "17", "18", "19", 
        "20", "21", "22", "23", "24", "25", "26", "27", "28", 
        "32", "34", "35", "36", "37", "39", "40", "46", "50", 
        "56", "65")), .Names = ""), class = "table"), No.Tag = structure(c(0L, 
    2L, 210L, 1L, 1L, 0L, 0L, 1L, 0L, 0L, 0L, 0L, 0L, 0L, 0L, 
    0L, 0L, 9L, 0L, 0L), .Dim = 5:4, .Dimnames = structure(list(
        c("-2", "-1", "0", "1", NA), c("A", "G", "T", NA)), .Names = c("", 
    "")), class = "table"), All.Tags = list(Concordant = list(
        Freqs = structure(c(0, 0, 750, 1, 0, 0, 2, 0, 0, 0, 0, 
        0), .Dim = 4:3, .Dimnames = list(c("-2", "-1", "0", "1"
        ), c("A", "G", "T"))), N = 753), Majority = list(Freqs = structure(c(0, 
    0, 828, 1, 0, 0, 2, 0, 0, 0, 0, 0), .Dim = 4:3, .Dimnames = list(
        c("-2", "-1", "0", "1"), c("A", "G", "T"))), N = 831)), 
    `2` = structure(c(0, 0, 658, 0, 0, 0, 0, 0, 0, 0, 0, 0), .Dim = 4:3, .Dimnames = list(
        c("-2", "-1", "0", "1"), c("A", "G", "T"))))))
