Results <-
list(`bwaOutput/20210421msiMNRsJenny/210178_S21.sam` = list(LR17_SNP1 = list(
    All = list(Freqs = structure(c(1L, 13L, 451L, 11719L, 165L, 
    89L, 0L, 0L, 0L, 1L, 0L, 0L, 0L, 0L, 0L, 3L, 0L, 0L, 0L, 
    0L, 19L, 903L, 3L, 0L), .Dim = c(6L, 4L), .Dimnames = structure(list(
        c("-3", "-2", "-1", "0", "1", NA), c("A", "C", "G", NA
        )), .Names = c("", "")), class = "table"), N = 13367L), 
    Tag.Distribution = structure(c(`1` = 316L, `2` = 93L, `3` = 58L, 
    `4` = 69L, `5` = 63L, `6` = 44L, `7` = 46L, `8` = 45L, `9` = 45L, 
    `10` = 36L, `11` = 22L, `12` = 28L, `13` = 22L, `14` = 26L, 
    `15` = 20L, `16` = 16L, `17` = 19L, `18` = 15L, `19` = 20L, 
    `20` = 11L, `21` = 13L, `22` = 12L, `23` = 15L, `24` = 11L, 
    `25` = 12L, `26` = 11L, `27` = 12L, `28` = 12L, `29` = 10L, 
    `30` = 2L, `31` = 9L, `32` = 9L, `33` = 7L, `34` = 9L, `35` = 7L, 
    `36` = 4L, `37` = 4L, `38` = 5L, `39` = 5L, `40` = 3L, `41` = 6L, 
    `42` = 3L, `43` = 1L, `44` = 4L, `45` = 4L, `46` = 3L, `48` = 1L, 
    `50` = 3L, `52` = 1L, `54` = 1L, `55` = 1L, `56` = 1L, `57` = 2L, 
    `59` = 1L, `62` = 1L, `64` = 1L, `69` = 1L, `74` = 1L, `80` = 1L, 
    `101` = 1L), .Dim = 60L, .Dimnames = structure(list(c("1", 
    "2", "3", "4", "5", "6", "7", "8", "9", "10", "11", "12", 
    "13", "14", "15", "16", "17", "18", "19", "20", "21", "22", 
    "23", "24", "25", "26", "27", "28", "29", "30", "31", "32", 
    "33", "34", "35", "36", "37", "38", "39", "40", "41", "42", 
    "43", "44", "45", "46", "48", "50", "52", "54", "55", "56", 
    "57", "59", "62", "64", "69", "74", "80", "101")), .Names = ""), class = "table"), 
    No.Tag = structure(c(0L, 5L, 19L, 480L, 1L, 11L, 0L, 0L, 
    0L, 0L, 0L, 0L, 0L, 0L, 0L, 0L, 0L, 0L, 0L, 0L, 2L, 59L, 
    0L, 0L), .Dim = c(6L, 4L), .Dimnames = structure(list(c("-3", 
    "-2", "-1", "0", "1", NA), c("A", "C", "G", NA)), .Names = c("", 
    "")), class = "table"), All.Tags = list(Concordant = list(
        Freqs = structure(c(0, 0, 5, 832, 1, 0, 0, 0, 0, 0, 0, 
        0, 0, 0, 0), .Dim = c(5L, 3L), .Dimnames = list(c("-3", 
        "-2", "-1", "0", "1"), c("A", "C", "G"))), N = 838), 
        Majority = list(Freqs = structure(c(0, 0, 6, 1180, 1, 
        0, 0, 0, 0, 0, 0, 0, 0, 0, 0), .Dim = c(5L, 3L), .Dimnames = list(
            c("-3", "-2", "-1", "0", "1"), c("A", "C", "G"))), 
            N = 1187)), `2` = structure(c(0, 0, 2, 898, 0, 0, 
    0, 0, 0, 0, 0, 0, 0, 0, 0), .Dim = c(5L, 3L), .Dimnames = list(
        c("-3", "-2", "-1", "0", "1"), c("A", "C", "G"))))))
