Results <-
list(`bwaOutput/20210421msiMNRsJenny/210179_S22.sam` = list(LR24_SNP1 = list(
    All = list(Freqs = structure(c(60L, 10561L, 23L, 5L, 0L, 
    1L, 0L, 0L, 0L, 16L, 0L, 0L, 0L, 72L, 1L, 0L), .Dim = c(4L, 
    4L), .Dimnames = structure(list(c("-1", "0", "1", NA), c("A", 
    "C", "G", NA)), .Names = c("", "")), class = "table"), N = 10739L), 
    Tag.Distribution = structure(c(`1` = 308L, `2` = 172L, `3` = 139L, 
    `4` = 122L, `5` = 94L, `6` = 86L, `7` = 73L, `8` = 61L, `9` = 64L, 
    `10` = 49L, `11` = 43L, `12` = 35L, `13` = 28L, `14` = 34L, 
    `15` = 37L, `16` = 27L, `17` = 13L, `18` = 15L, `19` = 12L, 
    `20` = 7L, `21` = 11L, `22` = 7L, `23` = 6L, `24` = 6L, `25` = 12L, 
    `26` = 7L, `27` = 8L, `28` = 2L, `29` = 7L, `31` = 2L, `32` = 2L, 
    `34` = 3L, `40` = 1L, `42` = 1L, `44` = 1L, `46` = 1L, `47` = 1L
    ), .Dim = 37L, .Dimnames = structure(list(c("1", "2", "3", 
    "4", "5", "6", "7", "8", "9", "10", "11", "12", "13", "14", 
    "15", "16", "17", "18", "19", "20", "21", "22", "23", "24", 
    "25", "26", "27", "28", "29", "31", "32", "34", "40", "42", 
    "44", "46", "47")), .Names = ""), class = "table"), No.Tag = structure(c(2L, 
    469L, 1L, 0L, 0L, 0L, 0L, 0L, 0L, 1L, 0L, 0L, 0L, 8L, 0L, 
    0L), .Dim = c(4L, 4L), .Dimnames = structure(list(c("-1", 
    "0", "1", NA), c("A", "C", "G", NA)), .Names = c("", "")), class = "table"), 
    All.Tags = list(Concordant = list(Freqs = structure(c(2, 
    1410, 1, 0, 0, 0, 0, 5, 0), .Dim = c(3L, 3L), .Dimnames = list(
        c("-1", "0", "1"), c("A", "C", "G"))), N = 1418), Majority = list(
        Freqs = structure(c(2, 1481, 1, 0, 0, 0, 0, 5, 0), .Dim = c(3L, 
        3L), .Dimnames = list(c("-1", "0", "1"), c("A", "C", 
        "G"))), N = 1489)), `2` = structure(c(1, 1182, 0, 0, 
    0, 0, 0, 0, 0), .Dim = c(3L, 3L), .Dimnames = list(c("-1", 
    "0", "1"), c("A", "C", "G"))))))
