Results <-
list(`bwaOutput/20210421msiMNRsJenny/210179_S22.sam` = list(LR10_SNP1 = list(
    All = list(Freqs = structure(c(0L, 0L, 1L, 0L, 0L, 0L, 0L, 
    1L, 0L, 0L, 1L, 97L, 5018L, 27L, 6L, 1L, 77L, 4917L, 20L, 
    4L, 1L, 2L, 168L, 3L, 0L), .Dim = c(5L, 5L), .Dimnames = structure(list(
        c("-2", "-1", "0", "1", NA), c("-", "A", "C", "T", NA
        )), .Names = c("", "")), class = "table"), N = 10344L), 
    Tag.Distribution = structure(c(`1` = 242L, `2` = 83L, `3` = 72L, 
    `4` = 58L, `5` = 66L, `6` = 53L, `7` = 67L, `8` = 35L, `9` = 31L, 
    `10` = 37L, `11` = 30L, `12` = 25L, `13` = 17L, `14` = 29L, 
    `15` = 19L, `16` = 23L, `17` = 18L, `18` = 22L, `19` = 10L, 
    `20` = 17L, `21` = 15L, `22` = 8L, `23` = 14L, `24` = 6L, 
    `25` = 12L, `26` = 10L, `27` = 5L, `28` = 9L, `29` = 6L, 
    `30` = 5L, `31` = 5L, `32` = 8L, `33` = 3L, `34` = 2L, `35` = 3L, 
    `36` = 2L, `37` = 3L, `38` = 3L, `39` = 2L, `40` = 3L, `41` = 2L, 
    `43` = 1L, `44` = 3L, `45` = 2L, `46` = 1L, `47` = 1L, `48` = 1L, 
    `50` = 1L, `52` = 1L), .Dim = 49L, .Dimnames = structure(list(
        c("1", "2", "3", "4", "5", "6", "7", "8", "9", "10", 
        "11", "12", "13", "14", "15", "16", "17", "18", "19", 
        "20", "21", "22", "23", "24", "25", "26", "27", "28", 
        "29", "30", "31", "32", "33", "34", "35", "36", "37", 
        "38", "39", "40", "41", "43", "44", "45", "46", "47", 
        "48", "50", "52")), .Names = ""), class = "table"), No.Tag = structure(c(0L, 
    0L, 0L, 0L, 0L, 0L, 0L, 0L, 0L, 0L, 0L, 3L, 166L, 0L, 0L, 
    0L, 1L, 115L, 1L, 0L, 0L, 0L, 18L, 0L, 0L), .Dim = c(5L, 
    5L), .Dimnames = structure(list(c("-2", "-1", "0", "1", NA
    ), c("-", "A", "C", "T", NA)), .Names = c("", "")), class = "table"), 
    All.Tags = list(Concordant = list(Freqs = structure(c(0, 
    0, 0, 0, 0, 0, 0, 0, 0, 0, 396, 0, 0, 2, 430, 2), .Dim = c(4L, 
    4L), .Dimnames = list(c("-2", "-1", "0", "1"), c("-", "A", 
    "C", "T"))), N = 830), Majority = list(Freqs = structure(c(0, 
    0, 0, 0, 0, 0, 0, 0, 0, 0, 531, 0, 0, 2, 528, 2), .Dim = c(4L, 
    4L), .Dimnames = list(c("-2", "-1", "0", "1"), c("-", "A", 
    "C", "T"))), N = 1063)), `2` = structure(c(0, 0, 0, 0, 0, 
    0, 0, 0, 0, 0, 432, 0, 0, 1, 404, 0), .Dim = c(4L, 4L), .Dimnames = list(
        c("-2", "-1", "0", "1"), c("-", "A", "C", "T"))))))
