Results <-
list(`bwaOutput/20210421msiMNRsJenny/210179_S22.sam` = list(DEPDC2_SNP1 = list(
    All = list(Freqs = structure(c(12L, 2632L, 10L, 16L, 22L, 
    3727L, 23L, 7L, 1L, 88L, 0L, 0L), .Dim = 4:3, .Dimnames = structure(list(
        c("-1", "0", "1", NA), c("C", "T", NA)), .Names = c("", 
    "")), class = "table"), N = 6538L), Tag.Distribution = structure(c(`1` = 274L, 
    `2` = 103L, `3` = 66L, `4` = 69L, `5` = 49L, `6` = 47L, `7` = 44L, 
    `8` = 42L, `9` = 39L, `10` = 23L, `11` = 25L, `12` = 26L, 
    `13` = 24L, `14` = 17L, `15` = 19L, `16` = 8L, `17` = 9L, 
    `18` = 8L, `19` = 9L, `20` = 9L, `21` = 10L, `22` = 7L, `23` = 4L, 
    `24` = 3L, `25` = 5L, `26` = 3L, `27` = 1L, `28` = 1L, `29` = 5L, 
    `30` = 1L, `32` = 1L, `33` = 4L, `35` = 1L, `36` = 1L, `38` = 1L, 
    `41` = 3L, `45` = 1L), .Dim = 37L, .Dimnames = structure(list(
        c("1", "2", "3", "4", "5", "6", "7", "8", "9", "10", 
        "11", "12", "13", "14", "15", "16", "17", "18", "19", 
        "20", "21", "22", "23", "24", "25", "26", "27", "28", 
        "29", "30", "32", "33", "35", "36", "38", "41", "45")), .Names = ""), class = "table"), 
    No.Tag = structure(c(1L, 81L, 2L, 10L, 1L, 123L, 0L, 3L, 
    0L, 11L, 0L, 0L), .Dim = 4:3, .Dimnames = structure(list(
        c("-1", "0", "1", NA), c("C", "T", NA)), .Names = c("", 
    "")), class = "table"), All.Tags = list(Concordant = list(
        Freqs = structure(c(1, 380, 0, 2, 422, 3), .Dim = 3:2, .Dimnames = list(
            c("-1", "0", "1"), c("C", "T"))), N = 808), Majority = list(
        Freqs = structure(c(1, 427, 0, 2, 495, 3), .Dim = 3:2, .Dimnames = list(
            c("-1", "0", "1"), c("C", "T"))), N = 928)), `2` = structure(c(1, 
    302, 0, 0, 371, 0), .Dim = 3:2, .Dimnames = list(c("-1", 
    "0", "1"), c("C", "T"))))))
