Results <-
list(`bwaOutput/20210421msiMNRsJenny/210179_S22.sam` = list(GM01_SNP1 = list(
    All = list(Freqs = structure(c(0L, 1L, 104L, 6620L, 21L, 
    0L, 12L, 1L, 0L, 87L, 6435L, 26L, 1L, 12L, 0L, 0L, 0L, 1L, 
    0L, 0L, 0L, 0L, 0L, 3L, 150L, 0L, 0L, 0L), .Dim = c(7L, 4L
    ), .Dimnames = structure(list(c("-3", "-2", "-1", "0", "1", 
    "2", NA), c("A", "G", "T", NA)), .Names = c("", "")), class = "table"), 
        N = 13474L), Tag.Distribution = structure(c(`1` = 275L, 
    `2` = 120L, `3` = 83L, `4` = 60L, `5` = 71L, `6` = 66L, `7` = 42L, 
    `8` = 49L, `9` = 48L, `10` = 38L, `11` = 36L, `12` = 34L, 
    `13` = 29L, `14` = 30L, `15` = 38L, `16` = 28L, `17` = 26L, 
    `18` = 19L, `19` = 23L, `20` = 25L, `21` = 17L, `22` = 8L, 
    `23` = 19L, `24` = 24L, `25` = 8L, `26` = 12L, `27` = 11L, 
    `28` = 10L, `29` = 9L, `30` = 3L, `31` = 12L, `32` = 9L, 
    `33` = 4L, `34` = 4L, `35` = 5L, `36` = 3L, `37` = 5L, `38` = 3L, 
    `39` = 2L, `40` = 1L, `41` = 2L, `42` = 2L, `43` = 4L, `44` = 1L, 
    `46` = 1L, `47` = 2L, `48` = 1L, `50` = 3L, `55` = 1L, `58` = 1L, 
    `66` = 1L, `88` = 1L), .Dim = 52L, .Dimnames = structure(list(
        c("1", "2", "3", "4", "5", "6", "7", "8", "9", "10", 
        "11", "12", "13", "14", "15", "16", "17", "18", "19", 
        "20", "21", "22", "23", "24", "25", "26", "27", "28", 
        "29", "30", "31", "32", "33", "34", "35", "36", "37", 
        "38", "39", "40", "41", "42", "43", "44", "46", "47", 
        "48", "50", "55", "58", "66", "88")), .Names = ""), class = "table"), 
    No.Tag = structure(c(0L, 0L, 5L, 156L, 0L, 0L, 0L, 0L, 0L, 
    3L, 100L, 1L, 0L, 1L, 0L, 0L, 0L, 0L, 0L, 0L, 0L, 0L, 0L, 
    1L, 13L, 0L, 0L, 0L), .Dim = c(7L, 4L), .Dimnames = structure(list(
        c("-3", "-2", "-1", "0", "1", "2", NA), c("A", "G", "T", 
        NA)), .Names = c("", "")), class = "table"), All.Tags = list(
        Concordant = list(Freqs = structure(c(0, 0, 2, 505, 1, 
        0, 0, 0, 3, 493, 0, 0, 0, 0, 0, 0, 0, 0), .Dim = c(6L, 
        3L), .Dimnames = list(c("-3", "-2", "-1", "0", "1", "2"
        ), c("A", "G", "T"))), N = 1004), Majority = list(Freqs = structure(c(0, 
        0, 3, 641, 1, 0, 0, 0, 3, 649, 0, 0, 0, 0, 0, 0, 0, 0
        ), .Dim = c(6L, 3L), .Dimnames = list(c("-3", "-2", "-1", 
        "0", "1", "2"), c("A", "G", "T"))), N = 1297)), `2` = structure(c(0, 
    0, 2, 511, 0, 0, 0, 0, 1, 525, 0, 0, 0, 0, 0, 0, 0, 0), .Dim = c(6L, 
    3L), .Dimnames = list(c("-3", "-2", "-1", "0", "1", "2"), 
        c("A", "G", "T"))))))
