Results <-
list(`bwaOutput/20210421msiMNRsJenny/210178_S21.sam` = list(GM17_SNP1 = list(
    All = list(Freqs = structure(c(0L, 0L, 2L, 0L, 0L, 0L, 0L, 
    25L, 0L, 0L, 2L, 112L, 9503L, 26L, 6L, 0L, 1L, 292L, 0L, 
    0L), .Dim = 5:4, .Dimnames = structure(list(c("-2", "-1", 
    "0", "1", NA), c("A", "C", "T", NA)), .Names = c("", "")), class = "table"), 
        N = 9969L), Tag.Distribution = structure(c(`1` = 201L, 
    `2` = 80L, `3` = 54L, `4` = 38L, `5` = 59L, `6` = 45L, `7` = 39L, 
    `8` = 33L, `9` = 31L, `10` = 35L, `11` = 26L, `12` = 29L, 
    `13` = 21L, `14` = 16L, `15` = 21L, `16` = 13L, `17` = 17L, 
    `18` = 13L, `19` = 12L, `20` = 18L, `21` = 8L, `22` = 7L, 
    `23` = 11L, `24` = 7L, `25` = 6L, `26` = 5L, `27` = 4L, `28` = 5L, 
    `29` = 5L, `30` = 6L, `31` = 5L, `32` = 2L, `33` = 4L, `34` = 4L, 
    `35` = 6L, `36` = 6L, `37` = 3L, `38` = 4L, `39` = 4L, `40` = 2L, 
    `41` = 3L, `42` = 3L, `43` = 2L, `44` = 1L, `45` = 2L, `46` = 3L, 
    `47` = 1L, `48` = 1L, `49` = 4L, `51` = 3L, `52` = 2L, `55` = 1L, 
    `63` = 2L, `65` = 1L, `73` = 1L, `96` = 1L), .Dim = 56L, .Dimnames = structure(list(
        c("1", "2", "3", "4", "5", "6", "7", "8", "9", "10", 
        "11", "12", "13", "14", "15", "16", "17", "18", "19", 
        "20", "21", "22", "23", "24", "25", "26", "27", "28", 
        "29", "30", "31", "32", "33", "34", "35", "36", "37", 
        "38", "39", "40", "41", "42", "43", "44", "45", "46", 
        "47", "48", "49", "51", "52", "55", "63", "65", "73", 
        "96")), .Names = ""), class = "table"), No.Tag = structure(c(0L, 
    0L, 0L, 0L, 0L, 0L, 0L, 2L, 0L, 0L, 0L, 2L, 204L, 0L, 0L, 
    0L, 0L, 12L, 0L, 0L), .Dim = 5:4, .Dimnames = structure(list(
        c("-2", "-1", "0", "1", NA), c("A", "C", "T", NA)), .Names = c("", 
    "")), class = "table"), All.Tags = list(Concordant = list(
        Freqs = structure(c(0, 0, 0, 0, 0, 0, 15, 0, 0, 1, 787, 
        0), .Dim = 4:3, .Dimnames = list(c("-2", "-1", "0", "1"
        ), c("A", "C", "T"))), N = 803), Majority = list(Freqs = structure(c(0, 
    0, 0, 0, 0, 0, 15, 0, 0, 1, 899, 0), .Dim = 4:3, .Dimnames = list(
        c("-2", "-1", "0", "1"), c("A", "C", "T"))), N = 915)), 
    `2` = structure(c(0, 0, 0, 0, 0, 0, 0, 0, 0, 0, 733, 0), .Dim = 4:3, .Dimnames = list(
        c("-2", "-1", "0", "1"), c("A", "C", "T"))))))
