Results <-
list(`bwaOutput/20210421msiMNRsJenny/210179_S22.sam` = list(LR48_SNP1 = list(
    All = list(Freqs = structure(c(1L, 4L, 123L, 4953L, 62L, 
    39L, 0L, 2L, 107L, 4938L, 83L, 20L, 0L, 0L, 2L, 257L, 2L, 
    0L), .Dim = c(6L, 3L), .Dimnames = structure(list(c("-3", 
    "-2", "-1", "0", "1", NA), c("C", "T", NA)), .Names = c("", 
    "")), class = "table"), N = 10593L), Tag.Distribution = structure(c(`1` = 211L, 
    `2` = 62L, `3` = 56L, `4` = 34L, `5` = 35L, `6` = 48L, `7` = 43L, 
    `8` = 34L, `9` = 35L, `10` = 29L, `11` = 29L, `12` = 23L, 
    `13` = 25L, `14` = 23L, `15` = 20L, `16` = 23L, `17` = 15L, 
    `18` = 15L, `19` = 21L, `20` = 13L, `21` = 13L, `22` = 18L, 
    `23` = 17L, `24` = 5L, `25` = 9L, `26` = 9L, `27` = 7L, `28` = 11L, 
    `29` = 4L, `30` = 6L, `31` = 4L, `32` = 5L, `33` = 5L, `34` = 6L, 
    `35` = 2L, `36` = 4L, `37` = 2L, `38` = 7L, `39` = 1L, `40` = 1L, 
    `41` = 7L, `42` = 1L, `43` = 5L, `46` = 1L, `47` = 3L, `48` = 1L, 
    `49` = 1L, `51` = 3L, `57` = 1L, `62` = 2L), .Dim = 50L, .Dimnames = structure(list(
        c("1", "2", "3", "4", "5", "6", "7", "8", "9", "10", 
        "11", "12", "13", "14", "15", "16", "17", "18", "19", 
        "20", "21", "22", "23", "24", "25", "26", "27", "28", 
        "29", "30", "31", "32", "33", "34", "35", "36", "37", 
        "38", "39", "40", "41", "42", "43", "46", "47", "48", 
        "49", "51", "57", "62")), .Names = ""), class = "table"), 
    No.Tag = structure(c(0L, 0L, 5L, 153L, 3L, 4L, 0L, 0L, 5L, 
    147L, 2L, 2L, 0L, 0L, 0L, 17L, 1L, 0L), .Dim = c(6L, 3L), .Dimnames = structure(list(
        c("-3", "-2", "-1", "0", "1", NA), c("C", "T", NA)), .Names = c("", 
    "")), class = "table"), All.Tags = list(Concordant = list(
        Freqs = structure(c(0, 1, 4, 333, 4, 0, 0, 3, 294, 3), .Dim = c(5L, 
        2L), .Dimnames = list(c("-3", "-2", "-1", "0", "1"), 
            c("C", "T"))), N = 642), Majority = list(Freqs = structure(c(0, 
    1, 4, 475, 4, 0, 0, 3, 427, 3), .Dim = c(5L, 2L), .Dimnames = list(
        c("-3", "-2", "-1", "0", "1"), c("C", "T"))), N = 917)), 
    `2` = structure(c(0, 0, 0, 381, 0, 0, 0, 0, 348, 1), .Dim = c(5L, 
    2L), .Dimnames = list(c("-3", "-2", "-1", "0", "1"), c("C", 
    "T"))))))
