Results <-
list(`bwaOutput/20210421msiMNRsJenny/210178_S21.sam` = list(LR46_SNP1 = list(
    All = list(Freqs = structure(c(0L, 1L, 0L, 0L, 0L, 2L, 0L, 
    0L, 13L, 5002L, 33L, 17L, 16L, 4713L, 14L, 9L, 0L, 85L, 0L, 
    0L), .Dim = 4:5, .Dimnames = structure(list(c("-1", "0", 
    "1", NA), c("-", "A", "G", "T", NA)), .Names = c("", "")), class = "table"), 
        N = 9905L), Tag.Distribution = structure(c(`1` = 238L, 
    `2` = 43L, `3` = 49L, `4` = 52L, `5` = 41L, `6` = 31L, `7` = 43L, 
    `8` = 26L, `9` = 24L, `10` = 21L, `11` = 23L, `12` = 15L, 
    `13` = 25L, `14` = 19L, `15` = 12L, `16` = 14L, `17` = 13L, 
    `18` = 13L, `19` = 15L, `20` = 8L, `21` = 10L, `22` = 13L, 
    `23` = 9L, `24` = 7L, `25` = 10L, `26` = 10L, `27` = 8L, 
    `28` = 8L, `29` = 2L, `30` = 5L, `31` = 4L, `32` = 5L, `33` = 3L, 
    `34` = 4L, `35` = 5L, `36` = 3L, `37` = 3L, `38` = 2L, `39` = 3L, 
    `40` = 1L, `41` = 2L, `42` = 2L, `43` = 2L, `44` = 3L, `45` = 6L, 
    `46` = 1L, `47` = 1L, `48` = 3L, `49` = 3L, `50` = 3L, `51` = 1L, 
    `52` = 1L, `53` = 1L, `54` = 5L, `58` = 1L, `62` = 1L, `66` = 1L, 
    `78` = 1L, `80` = 1L, `81` = 1L), .Dim = 60L, .Dimnames = structure(list(
        c("1", "2", "3", "4", "5", "6", "7", "8", "9", "10", 
        "11", "12", "13", "14", "15", "16", "17", "18", "19", 
        "20", "21", "22", "23", "24", "25", "26", "27", "28", 
        "29", "30", "31", "32", "33", "34", "35", "36", "37", 
        "38", "39", "40", "41", "42", "43", "44", "45", "46", 
        "47", "48", "49", "50", "51", "52", "53", "54", "58", 
        "62", "66", "78", "80", "81")), .Names = ""), class = "table"), 
    No.Tag = structure(c(0L, 0L, 0L, 0L, 0L, 0L, 0L, 0L, 2L, 
    171L, 2L, 3L, 0L, 166L, 2L, 3L, 0L, 9L, 0L, 0L), .Dim = 4:5, .Dimnames = structure(list(
        c("-1", "0", "1", NA), c("-", "A", "G", "T", NA)), .Names = c("", 
    "")), class = "table"), All.Tags = list(Concordant = list(
        Freqs = structure(c(0, 0, 0, 0, 0, 0, 1, 390, 1, 0, 369, 
        0), .Dim = 3:4, .Dimnames = list(c("-1", "0", "1"), c("-", 
        "A", "G", "T"))), N = 761), Majority = list(Freqs = structure(c(0, 
    0, 0, 0, 0, 0, 1, 439, 2, 0, 418, 0), .Dim = 3:4, .Dimnames = list(
        c("-1", "0", "1"), c("-", "A", "G", "T"))), N = 860)), 
    `2` = structure(c(0, 0, 0, 0, 0, 0, 0, 328, 1, 0, 305, 0), .Dim = 3:4, .Dimnames = list(
        c("-1", "0", "1"), c("-", "A", "G", "T"))))))
