Results <-
list(`bwaOutput/20210421msiMNRsJenny/210173_S19.sam` = list(GM26_SNP1 = list(
    All = list(Freqs = structure(c(1L, 34L, 4349L, 11L, 8L, 0L, 
    0L, 2L, 0L, 0L, 0L, 1L, 46L, 0L, 0L), .Dim = c(5L, 3L), .Dimnames = structure(list(
        c("-3", "-1", "0", "1", NA), c("A", "G", NA)), .Names = c("", 
    "")), class = "table"), N = 4452L), Tag.Distribution = structure(c(`1` = 160L, 
    `2` = 93L, `3` = 70L, `4` = 64L, `5` = 50L, `6` = 38L, `7` = 36L, 
    `8` = 27L, `9` = 19L, `10` = 23L, `11` = 32L, `12` = 16L, 
    `13` = 15L, `14` = 14L, `15` = 5L, `16` = 15L, `17` = 11L, 
    `18` = 5L, `19` = 2L, `20` = 10L, `21` = 6L, `22` = 1L, `23` = 3L, 
    `24` = 1L, `27` = 2L, `30` = 1L, `31` = 1L, `32` = 2L, `36` = 1L
    ), .Dim = 29L, .Dimnames = structure(list(c("1", "2", "3", 
    "4", "5", "6", "7", "8", "9", "10", "11", "12", "13", "14", 
    "15", "16", "17", "18", "19", "20", "21", "22", "23", "24", 
    "27", "30", "31", "32", "36")), .Names = ""), class = "table"), 
    No.Tag = structure(c(0L, 2L, 66L, 0L, 2L, 0L, 0L, 0L, 0L, 
    0L, 0L, 0L, 2L, 0L, 0L), .Dim = c(5L, 3L), .Dimnames = structure(list(
        c("-3", "-1", "0", "1", NA), c("A", "G", NA)), .Names = c("", 
    "")), class = "table"), All.Tags = list(Concordant = list(
        Freqs = structure(c(0, 0, 673, 1, 0, 0, 1, 0), .Dim = c(4L, 
        2L), .Dimnames = list(c("-3", "-1", "0", "1"), c("A", 
        "G"))), N = 675), Majority = list(Freqs = structure(c(0, 
    0, 715, 1, 0, 0, 1, 0), .Dim = c(4L, 2L), .Dimnames = list(
        c("-3", "-1", "0", "1"), c("A", "G"))), N = 717)), `2` = structure(c(0, 
    0, 562, 0, 0, 0, 0, 0), .Dim = c(4L, 2L), .Dimnames = list(
        c("-3", "-1", "0", "1"), c("A", "G"))))))
