Results <-
list(`bwaOutput/20210421msiMNRsJenny/210177_S20.sam` = list(GM01_SNP1 = list(
    All = list(Freqs = structure(c(0L, 1L, 0L, 0L, 40L, 4012L, 
    18L, 4L, 61L, 4810L, 27L, 7L, 1L, 118L, 1L, 0L), .Dim = c(4L, 
    4L), .Dimnames = structure(list(c("-1", "0", "1", NA), c("-", 
    "A", "G", NA)), .Names = c("", "")), class = "table"), N = 9100L), 
    Tag.Distribution = structure(c(`1` = 164L, `2` = 35L, `3` = 27L, 
    `4` = 27L, `5` = 26L, `6` = 14L, `7` = 25L, `8` = 26L, `9` = 23L, 
    `10` = 12L, `11` = 14L, `12` = 12L, `13` = 17L, `14` = 15L, 
    `15` = 10L, `16` = 9L, `17` = 4L, `18` = 19L, `19` = 15L, 
    `20` = 9L, `21` = 10L, `22` = 10L, `23` = 2L, `24` = 7L, 
    `25` = 13L, `27` = 4L, `28` = 13L, `29` = 9L, `30` = 8L, 
    `31` = 4L, `32` = 4L, `33` = 5L, `34` = 5L, `35` = 6L, `36` = 3L, 
    `37` = 6L, `38` = 2L, `39` = 5L, `40` = 6L, `41` = 8L, `42` = 2L, 
    `43` = 2L, `44` = 4L, `45` = 4L, `46` = 4L, `50` = 3L, `51` = 1L, 
    `52` = 1L, `53` = 1L, `54` = 1L, `55` = 4L, `56` = 3L, `64` = 1L, 
    `70` = 1L, `77` = 1L, `86` = 1L), .Dim = 56L, .Dimnames = structure(list(
        c("1", "2", "3", "4", "5", "6", "7", "8", "9", "10", 
        "11", "12", "13", "14", "15", "16", "17", "18", "19", 
        "20", "21", "22", "23", "24", "25", "27", "28", "29", 
        "30", "31", "32", "33", "34", "35", "36", "37", "38", 
        "39", "40", "41", "42", "43", "44", "45", "46", "50", 
        "51", "52", "53", "54", "55", "56", "64", "70", "77", 
        "86")), .Names = ""), class = "table"), No.Tag = structure(c(0L, 
    0L, 0L, 0L, 1L, 104L, 1L, 0L, 1L, 80L, 0L, 0L, 1L, 4L, 0L, 
    0L), .Dim = c(4L, 4L), .Dimnames = structure(list(c("-1", 
    "0", "1", NA), c("-", "A", "G", NA)), .Names = c("", "")), class = "table"), 
    All.Tags = list(Concordant = list(Freqs = structure(c(0, 
    0, 0, 1, 246, 1, 2, 275, 0), .Dim = c(3L, 3L), .Dimnames = list(
        c("-1", "0", "1"), c("-", "A", "G"))), N = 525), Majority = list(
        Freqs = structure(c(0, 0, 0, 1, 299, 2, 2, 349, 0), .Dim = c(3L, 
        3L), .Dimnames = list(c("-1", "0", "1"), c("-", "A", 
        "G"))), N = 653)), `2` = structure(c(0, 0, 0, 0, 217, 
    1, 0, 281, 0), .Dim = c(3L, 3L), .Dimnames = list(c("-1", 
    "0", "1"), c("-", "A", "G"))))))
