Results <-
list(`bwaOutput/20210421msiMNRsJenny/210178_S21.sam` = list(IM16_SNP1 = list(
    All = list(Freqs = structure(c(1L, 10L, 0L, 0L, 0L, 88L, 
    6959L, 113L, 1L, 14L, 1L, 137L, 10L, 0L, 0L), .Dim = c(5L, 
    3L), .Dimnames = structure(list(c("-1", "0", "1", "2", NA
    ), c("A", "G", NA)), .Names = c("", "")), class = "table"), 
        N = 7334L), Tag.Distribution = structure(c(`1` = 165L, 
    `2` = 61L, `3` = 44L, `4` = 43L, `5` = 33L, `6` = 34L, `7` = 33L, 
    `8` = 25L, `9` = 27L, `10` = 27L, `11` = 14L, `12` = 20L, 
    `13` = 15L, `14` = 14L, `15` = 10L, `16` = 17L, `17` = 11L, 
    `18` = 13L, `19` = 11L, `20` = 9L, `21` = 5L, `22` = 2L, 
    `23` = 4L, `24` = 8L, `25` = 7L, `26` = 5L, `27` = 8L, `28` = 6L, 
    `29` = 1L, `30` = 4L, `31` = 6L, `32` = 4L, `33` = 5L, `35` = 6L, 
    `36` = 4L, `37` = 2L, `39` = 3L, `40` = 2L, `41` = 3L, `44` = 1L, 
    `45` = 3L, `46` = 1L, `47` = 1L, `48` = 1L, `49` = 2L, `50` = 1L, 
    `53` = 1L, `57` = 1L, `58` = 1L, `60` = 1L), .Dim = 50L, .Dimnames = structure(list(
        c("1", "2", "3", "4", "5", "6", "7", "8", "9", "10", 
        "11", "12", "13", "14", "15", "16", "17", "18", "19", 
        "20", "21", "22", "23", "24", "25", "26", "27", "28", 
        "29", "30", "31", "32", "33", "35", "36", "37", "39", 
        "40", "41", "44", "45", "46", "47", "48", "49", "50", 
        "53", "57", "58", "60")), .Names = ""), class = "table"), 
    No.Tag = structure(c(1L, 0L, 0L, 0L, 0L, 2L, 188L, 5L, 0L, 
    5L, 0L, 16L, 2L, 0L, 0L), .Dim = c(5L, 3L), .Dimnames = structure(list(
        c("-1", "0", "1", "2", NA), c("A", "G", NA)), .Names = c("", 
    "")), class = "table"), All.Tags = list(Concordant = list(
        Freqs = structure(c(0, 8, 0, 0, 1, 571, 2, 0), .Dim = c(4L, 
        2L), .Dimnames = list(c("-1", "0", "1", "2"), c("A", 
        "G"))), N = 582), Majority = list(Freqs = structure(c(0, 
    8, 0, 0, 3, 694, 2, 0), .Dim = c(4L, 2L), .Dimnames = list(
        c("-1", "0", "1", "2"), c("A", "G"))), N = 707)), `2` = structure(c(0, 
    0, 0, 0, 2, 555, 0, 0), .Dim = c(4L, 2L), .Dimnames = list(
        c("-1", "0", "1", "2"), c("A", "G"))))))
