Results <-
list(`bwaOutput/20210421msiMNRsJenny/210177_S20.sam` = list(LR17_SNP1 = list(
    All = list(Freqs = structure(c(15L, 413L, 11595L, 152L, 3L, 
    75L, 0L, 0L, 6L, 0L, 0L, 0L, 0L, 19L, 919L, 2L, 0L, 0L), .Dim = c(6L, 
    3L), .Dimnames = structure(list(c("-2", "-1", "0", "1", "2", 
    NA), c("A", "G", NA)), .Names = c("", "")), class = "table"), 
        N = 13199L), Tag.Distribution = structure(c(`1` = 288L, 
    `2` = 42L, `3` = 13L, `4` = 26L, `5` = 30L, `6` = 28L, `7` = 31L, 
    `8` = 27L, `9` = 25L, `10` = 23L, `11` = 24L, `12` = 38L, 
    `13` = 20L, `14` = 20L, `15` = 22L, `16` = 17L, `17` = 18L, 
    `18` = 12L, `19` = 17L, `20` = 12L, `21` = 6L, `22` = 19L, 
    `23` = 13L, `24` = 11L, `25` = 12L, `26` = 14L, `27` = 11L, 
    `28` = 8L, `29` = 7L, `30` = 6L, `31` = 10L, `32` = 6L, `33` = 11L, 
    `34` = 6L, `35` = 5L, `36` = 8L, `37` = 3L, `38` = 7L, `39` = 7L, 
    `40` = 7L, `41` = 3L, `42` = 2L, `43` = 5L, `44` = 2L, `45` = 2L, 
    `46` = 3L, `47` = 4L, `48` = 3L, `49` = 3L, `50` = 2L, `51` = 4L, 
    `52` = 2L, `53` = 2L, `55` = 1L, `56` = 4L, `57` = 1L, `58` = 1L, 
    `61` = 1L, `62` = 3L, `63` = 1L, `64` = 1L, `67` = 1L, `69` = 2L, 
    `77` = 1L, `79` = 2L), .Dim = 65L, .Dimnames = structure(list(
        c("1", "2", "3", "4", "5", "6", "7", "8", "9", "10", 
        "11", "12", "13", "14", "15", "16", "17", "18", "19", 
        "20", "21", "22", "23", "24", "25", "26", "27", "28", 
        "29", "30", "31", "32", "33", "34", "35", "36", "37", 
        "38", "39", "40", "41", "42", "43", "44", "45", "46", 
        "47", "48", "49", "50", "51", "52", "53", "55", "56", 
        "57", "58", "61", "62", "63", "64", "67", "69", "77", 
        "79")), .Names = ""), class = "table"), No.Tag = structure(c(0L, 
    21L, 381L, 5L, 0L, 5L, 0L, 0L, 0L, 0L, 0L, 0L, 0L, 0L, 43L, 
    0L, 0L, 0L), .Dim = c(6L, 3L), .Dimnames = structure(list(
        c("-2", "-1", "0", "1", "2", NA), c("A", "G", NA)), .Names = c("", 
    "")), class = "table"), All.Tags = list(Concordant = list(
        Freqs = structure(c(0, 12, 597, 2, 0, 0, 0, 0, 0, 0), .Dim = c(5L, 
        2L), .Dimnames = list(c("-2", "-1", "0", "1", "2"), c("A", 
        "G"))), N = 611), Majority = list(Freqs = structure(c(0, 
    13, 916, 2, 0, 0, 0, 0, 0, 0), .Dim = c(5L, 2L), .Dimnames = list(
        c("-2", "-1", "0", "1", "2"), c("A", "G"))), N = 931)), 
    `2` = structure(c(0, 1, 676, 0, 0, 0, 0, 0, 0, 0), .Dim = c(5L, 
    2L), .Dimnames = list(c("-2", "-1", "0", "1", "2"), c("A", 
    "G"))))))
