Results <-
list(`bwaOutput/20210421msiMNRsJenny/210178_S21.sam` = list(GM22_SNP1 = list(
    All = list(Freqs = structure(c(1L, 82L, 5729L, 20L, 18L, 
    2L, 55L, 4303L, 17L, 8L, 0L, 2L, 202L, 2L, 0L), .Dim = c(5L, 
    3L), .Dimnames = structure(list(c("-2", "-1", "0", "1", NA
    ), c("A", "G", NA)), .Names = c("", "")), class = "table"), 
        N = 10441L), Tag.Distribution = structure(c(`1` = 245L, 
    `2` = 75L, `3` = 53L, `4` = 42L, `5` = 52L, `6` = 49L, `7` = 29L, 
    `8` = 25L, `9` = 47L, `10` = 26L, `11` = 22L, `12` = 27L, 
    `13` = 27L, `14` = 22L, `15` = 20L, `16` = 19L, `17` = 23L, 
    `18` = 25L, `19` = 9L, `20` = 16L, `21` = 6L, `22` = 16L, 
    `23` = 9L, `24` = 10L, `25` = 5L, `26` = 8L, `27` = 3L, `28` = 6L, 
    `29` = 5L, `30` = 10L, `31` = 5L, `32` = 6L, `33` = 7L, `34` = 8L, 
    `35` = 7L, `36` = 5L, `37` = 5L, `38` = 2L, `39` = 1L, `40` = 5L, 
    `41` = 2L, `42` = 3L, `43` = 1L, `45` = 3L, `46` = 1L, `47` = 1L, 
    `48` = 1L, `52` = 1L, `53` = 1L, `54` = 2L, `67` = 1L), .Dim = 51L, .Dimnames = structure(list(
        c("1", "2", "3", "4", "5", "6", "7", "8", "9", "10", 
        "11", "12", "13", "14", "15", "16", "17", "18", "19", 
        "20", "21", "22", "23", "24", "25", "26", "27", "28", 
        "29", "30", "31", "32", "33", "34", "35", "36", "37", 
        "38", "39", "40", "41", "42", "43", "45", "46", "47", 
        "48", "52", "53", "54", "67")), .Names = ""), class = "table"), 
    No.Tag = structure(c(0L, 4L, 208L, 1L, 1L, 0L, 0L, 153L, 
    0L, 2L, 0L, 0L, 15L, 0L, 0L), .Dim = c(5L, 3L), .Dimnames = structure(list(
        c("-2", "-1", "0", "1", NA), c("A", "G", NA)), .Names = c("", 
    "")), class = "table"), All.Tags = list(Concordant = list(
        Freqs = structure(c(0, 0, 431, 0, 0, 0, 338, 0), .Dim = c(4L, 
        2L), .Dimnames = list(c("-2", "-1", "0", "1"), c("A", 
        "G"))), N = 769), Majority = list(Freqs = structure(c(0, 
    0, 542, 0, 0, 0, 426, 0), .Dim = c(4L, 2L), .Dimnames = list(
        c("-2", "-1", "0", "1"), c("A", "G"))), N = 968)), `2` = structure(c(0, 
    0, 413, 0, 0, 0, 333, 0), .Dim = c(4L, 2L), .Dimnames = list(
        c("-2", "-1", "0", "1"), c("A", "G"))))))
