Results <-
list(`bwaOutput/20210421msiMNRsJenny/210179_S22.sam` = list(LR11_SNP1 = list(
    All = list(Freqs = structure(c(0L, 0L, 11L, 0L, 0L, 1L, 3L, 
    189L, 9910L, 65L, 1L, 35L, 0L, 15L, 438L, 4L, 0L, 0L), .Dim = c(6L, 
    3L), .Dimnames = structure(list(c("-2", "-1", "0", "1", "2", 
    NA), c("A", "C", NA)), .Names = c("", "")), class = "table"), 
        N = 10672L), Tag.Distribution = structure(c(`1` = 229L, 
    `2` = 93L, `3` = 92L, `4` = 74L, `5` = 54L, `6` = 55L, `7` = 50L, 
    `8` = 49L, `9` = 48L, `10` = 35L, `11` = 43L, `12` = 40L, 
    `13` = 26L, `14` = 21L, `15` = 31L, `16` = 27L, `17` = 17L, 
    `18` = 17L, `19` = 30L, `20` = 16L, `21` = 11L, `22` = 14L, 
    `23` = 18L, `24` = 8L, `25` = 9L, `26` = 9L, `27` = 7L, `28` = 4L, 
    `29` = 3L, `30` = 10L, `31` = 4L, `32` = 4L, `33` = 4L, `34` = 1L, 
    `35` = 1L, `36` = 1L, `37` = 1L, `38` = 1L, `39` = 2L, `41` = 2L, 
    `42` = 1L, `44` = 1L, `45` = 2L, `46` = 2L, `48` = 1L, `49` = 1L
    ), .Dim = 46L, .Dimnames = structure(list(c("1", "2", "3", 
    "4", "5", "6", "7", "8", "9", "10", "11", "12", "13", "14", 
    "15", "16", "17", "18", "19", "20", "21", "22", "23", "24", 
    "25", "26", "27", "28", "29", "30", "31", "32", "33", "34", 
    "35", "36", "37", "38", "39", "41", "42", "44", "45", "46", 
    "48", "49")), .Names = ""), class = "table"), No.Tag = structure(c(0L, 
    0L, 1L, 0L, 0L, 0L, 0L, 4L, 190L, 2L, 0L, 4L, 0L, 1L, 11L, 
    0L, 0L, 0L), .Dim = c(6L, 3L), .Dimnames = structure(list(
        c("-2", "-1", "0", "1", "2", NA), c("A", "C", NA)), .Names = c("", 
    "")), class = "table"), All.Tags = list(Concordant = list(
        Freqs = structure(c(0, 0, 3, 0, 0, 0, 3, 940, 0, 0), .Dim = c(5L, 
        2L), .Dimnames = list(c("-2", "-1", "0", "1", "2"), c("A", 
        "C"))), N = 946), Majority = list(Freqs = structure(c(0, 
    0, 3, 0, 0, 0, 4, 1129, 0, 0), .Dim = c(5L, 2L), .Dimnames = list(
        c("-2", "-1", "0", "1", "2"), c("A", "C"))), N = 1136)), 
    `2` = structure(c(0, 0, 0, 0, 0, 0, 2, 932, 0, 0), .Dim = c(5L, 
    2L), .Dimnames = list(c("-2", "-1", "0", "1", "2"), c("A", 
    "C"))))))
