Results <-
list(`bwaOutput/20210421msiMNRsJenny/210173_S19.sam` = list(GM11_SNP1 = list(
    All = list(Freqs = structure(c(0L, 7L, 0L, 0L, 68L, 6567L, 
    33L, 5L, 2L, 63L, 0L, 0L), .Dim = 4:3, .Dimnames = structure(list(
        c("-1", "0", "1", NA), c("A", "G", NA)), .Names = c("", 
    "")), class = "table"), N = 6745L), Tag.Distribution = structure(c(`1` = 164L, 
    `2` = 92L, `3` = 80L, `4` = 68L, `5` = 68L, `6` = 53L, `7` = 58L, 
    `8` = 45L, `9` = 28L, `10` = 41L, `11` = 27L, `12` = 21L, 
    `13` = 19L, `14` = 21L, `15` = 25L, `16` = 15L, `17` = 12L, 
    `18` = 8L, `19` = 10L, `20` = 5L, `21` = 9L, `22` = 2L, `23` = 4L, 
    `24` = 7L, `25` = 9L, `26` = 4L, `27` = 2L, `28` = 2L, `29` = 1L, 
    `30` = 1L, `31` = 1L, `33` = 1L, `35` = 1L, `38` = 1L, `39` = 1L, 
    `41` = 1L, `42` = 2L), .Dim = 37L, .Dimnames = structure(list(
        c("1", "2", "3", "4", "5", "6", "7", "8", "9", "10", 
        "11", "12", "13", "14", "15", "16", "17", "18", "19", 
        "20", "21", "22", "23", "24", "25", "26", "27", "28", 
        "29", "30", "31", "33", "35", "38", "39", "41", "42")), .Names = ""), class = "table"), 
    No.Tag = structure(c(0L, 0L, 0L, 0L, 2L, 158L, 1L, 0L, 0L, 
    3L, 0L, 0L), .Dim = 4:3, .Dimnames = structure(list(c("-1", 
    "0", "1", NA), c("A", "G", NA)), .Names = c("", "")), class = "table"), 
    All.Tags = list(Concordant = list(Freqs = structure(c(0, 
    3, 0, 6, 830, 1), .Dim = 3:2, .Dimnames = list(c("-1", "0", 
    "1"), c("A", "G"))), N = 840), Majority = list(Freqs = structure(c(0, 
    3, 0, 7, 891, 1), .Dim = 3:2, .Dimnames = list(c("-1", "0", 
    "1"), c("A", "G"))), N = 902)), `2` = structure(c(0, 0, 0, 
    3, 739, 1), .Dim = 3:2, .Dimnames = list(c("-1", "0", "1"
    ), c("A", "G"))))))
