Results <-
list(`bwaOutput/20210421msiMNRsJenny/210173_S19.sam` = list(LR46_SNP1 = list(
    All = list(Freqs = structure(c(0L, 1L, 0L, 0L, 0L, 1L, 0L, 
    0L, 9L, 2920L, 12L, 11L, 5L, 1891L, 3L, 9L, 0L, 39L, 0L, 
    0L), .Dim = 4:5, .Dimnames = structure(list(c("-1", "0", 
    "1", NA), c("-", "C", "G", "T", NA)), .Names = c("", "")), class = "table"), 
        N = 4901L), Tag.Distribution = structure(c(`1` = 149L, 
    `2` = 71L, `3` = 62L, `4` = 50L, `5` = 42L, `6` = 37L, `7` = 33L, 
    `8` = 30L, `9` = 19L, `10` = 26L, `11` = 18L, `12` = 15L, 
    `13` = 10L, `14` = 14L, `15` = 15L, `16` = 11L, `17` = 6L, 
    `18` = 10L, `19` = 3L, `20` = 9L, `21` = 8L, `22` = 5L, `23` = 5L, 
    `24` = 5L, `25` = 1L, `26` = 2L, `27` = 6L, `28` = 3L, `29` = 3L, 
    `30` = 2L, `31` = 2L, `42` = 1L, `50` = 1L), .Dim = 33L, .Dimnames = structure(list(
        c("1", "2", "3", "4", "5", "6", "7", "8", "9", "10", 
        "11", "12", "13", "14", "15", "16", "17", "18", "19", 
        "20", "21", "22", "23", "24", "25", "26", "27", "28", 
        "29", "30", "31", "42", "50")), .Names = ""), class = "table"), 
    No.Tag = structure(c(0L, 0L, 0L, 0L, 0L, 0L, 0L, 0L, 0L, 
    74L, 0L, 2L, 0L, 50L, 0L, 1L, 0L, 2L, 0L, 0L), .Dim = 4:5, .Dimnames = structure(list(
        c("-1", "0", "1", NA), c("-", "C", "G", "T", NA)), .Names = c("", 
    "")), class = "table"), All.Tags = list(Concordant = list(
        Freqs = structure(c(0, 0, 0, 0, 0, 0, 0, 367, 0, 0, 232, 
        0), .Dim = 3:4, .Dimnames = list(c("-1", "0", "1"), c("-", 
        "C", "G", "T"))), N = 599), Majority = list(Freqs = structure(c(0, 
    0, 0, 0, 0, 0, 0, 400, 0, 0, 265, 0), .Dim = 3:4, .Dimnames = list(
        c("-1", "0", "1"), c("-", "C", "G", "T"))), N = 665)), 
    `2` = structure(c(0, 0, 0, 0, 0, 0, 0, 312, 0, 0, 209, 0), .Dim = 3:4, .Dimnames = list(
        c("-1", "0", "1"), c("-", "C", "G", "T"))))))
