Results <-
list(`bwaOutput/20210421msiMNRsJenny/210173_S19.sam` = list(LR17_SNP1 = list(
    All = list(Freqs = structure(c(1L, 10L, 379L, 10802L, 134L, 
    73L, 0L, 0L, 0L, 1L, 0L, 0L, 0L, 0L, 1L, 4L, 0L, 0L, 0L, 
    0L, 12L, 794L, 4L, 0L), .Dim = c(6L, 4L), .Dimnames = structure(list(
        c("-3", "-2", "-1", "0", "1", NA), c("A", "C", "G", NA
        )), .Names = c("", "")), class = "table"), N = 12215L), 
    Tag.Distribution = structure(c(`1` = 331L, `2` = 130L, `3` = 104L, 
    `4` = 114L, `5` = 91L, `6` = 94L, `7` = 81L, `8` = 73L, `9` = 67L, 
    `10` = 49L, `11` = 45L, `12` = 48L, `13` = 36L, `14` = 44L, 
    `15` = 32L, `16` = 36L, `17` = 30L, `18` = 25L, `19` = 24L, 
    `20` = 16L, `21` = 12L, `22` = 14L, `23` = 14L, `24` = 4L, 
    `25` = 13L, `26` = 6L, `27` = 4L, `28` = 2L, `29` = 8L, `30` = 4L, 
    `31` = 2L, `32` = 3L, `33` = 1L, `37` = 1L, `40` = 1L), .Dim = 35L, .Dimnames = structure(list(
        c("1", "2", "3", "4", "5", "6", "7", "8", "9", "10", 
        "11", "12", "13", "14", "15", "16", "17", "18", "19", 
        "20", "21", "22", "23", "24", "25", "26", "27", "28", 
        "29", "30", "31", "32", "33", "37", "40")), .Names = ""), class = "table"), 
    No.Tag = structure(c(0L, 0L, 12L, 360L, 0L, 7L, 0L, 0L, 0L, 
    0L, 0L, 0L, 0L, 0L, 0L, 0L, 0L, 0L, 0L, 0L, 0L, 23L, 1L, 
    0L), .Dim = c(6L, 4L), .Dimnames = structure(list(c("-3", 
    "-2", "-1", "0", "1", NA), c("A", "C", "G", NA)), .Names = c("", 
    "")), class = "table"), All.Tags = list(Concordant = list(
        Freqs = structure(c(0, 0, 7, 1136, 4, 0, 0, 0, 0, 0, 
        0, 0, 0, 0, 0), .Dim = c(5L, 3L), .Dimnames = list(c("-3", 
        "-2", "-1", "0", "1"), c("A", "C", "G"))), N = 1147), 
        Majority = list(Freqs = structure(c(0, 0, 9, 1500, 4, 
        0, 0, 0, 0, 0, 0, 0, 0, 0, 0), .Dim = c(5L, 3L), .Dimnames = list(
            c("-3", "-2", "-1", "0", "1"), c("A", "C", "G"))), 
            N = 1513)), `2` = structure(c(0, 0, 4, 1212, 0, 0, 
    0, 0, 0, 0, 0, 0, 0, 0, 0), .Dim = c(5L, 3L), .Dimnames = list(
        c("-3", "-2", "-1", "0", "1"), c("A", "C", "G"))))))
