Results <-
list(`bwaOutput/20210421msiMNRsJenny/210173_S19.sam` = list(IM49_SNP1 = list(
    All = list(Freqs = structure(c(4L, 169L, 4421L, 93L, 6L, 
    27L, 0L, 0L, 9L, 0L, 0L, 0L, 0L, 1L, 94L, 4L, 0L, 0L), .Dim = c(6L, 
    3L), .Dimnames = structure(list(c("-2", "-1", "0", "1", "2", 
    NA), c("C", "G", NA)), .Names = c("", "")), class = "table"), 
        N = 4828L), Tag.Distribution = structure(c(`1` = 202L, 
    `2` = 116L, `3` = 89L, `4` = 59L, `5` = 59L, `6` = 47L, `7` = 35L, 
    `8` = 27L, `9` = 32L, `10` = 24L, `11` = 15L, `12` = 20L, 
    `13` = 12L, `14` = 12L, `15` = 10L, `16` = 10L, `17` = 4L, 
    `18` = 4L, `19` = 6L, `20` = 3L, `21` = 8L, `22` = 6L, `23` = 2L, 
    `24` = 2L, `25` = 4L, `26` = 4L, `27` = 3L, `28` = 1L, `31` = 3L, 
    `37` = 1L), .Dim = 30L, .Dimnames = structure(list(c("1", 
    "2", "3", "4", "5", "6", "7", "8", "9", "10", "11", "12", 
    "13", "14", "15", "16", "17", "18", "19", "20", "21", "22", 
    "23", "24", "25", "26", "27", "28", "31", "37")), .Names = ""), class = "table"), 
    No.Tag = structure(c(0L, 10L, 114L, 2L, 0L, 3L, 0L, 0L, 2L, 
    0L, 0L, 0L, 0L, 0L, 4L, 0L, 0L, 0L), .Dim = c(6L, 3L), .Dimnames = structure(list(
        c("-2", "-1", "0", "1", "2", NA), c("C", "G", NA)), .Names = c("", 
    "")), class = "table"), All.Tags = list(Concordant = list(
        Freqs = structure(c(0, 7, 615, 4, 0, 0, 0, 4, 0, 0), .Dim = c(5L, 
        2L), .Dimnames = list(c("-2", "-1", "0", "1", "2"), c("C", 
        "G"))), N = 630), Majority = list(Freqs = structure(c(0, 
    9, 774, 5, 0, 0, 0, 4, 0, 0), .Dim = c(5L, 2L), .Dimnames = list(
        c("-2", "-1", "0", "1", "2"), c("C", "G"))), N = 792)), 
    `2` = structure(c(0, 4, 605, 1, 0, 0, 0, 0, 0, 0), .Dim = c(5L, 
    2L), .Dimnames = list(c("-2", "-1", "0", "1", "2"), c("C", 
    "G"))))))
