Results <-
list(`bwaOutput/20210421msiMNRsJenny/210177_S20.sam` = list(LR36_SNP1 = list(
    All = list(Freqs = structure(c(1L, 1L, 4L, 93L, 4599L, 27L, 
    45L, 0L, 0L, 0L, 0L, 3L, 0L, 0L, 0L, 0L, 4L, 69L, 3174L, 
    23L, 44L, 0L, 0L, 2L, 5L, 376L, 5L, 0L), .Dim = c(7L, 4L), .Dimnames = structure(list(
        c("-4", "-3", "-2", "-1", "0", "1", NA), c("A", "G", 
        "T", NA)), .Names = c("", "")), class = "table"), N = 8475L), 
    Tag.Distribution = structure(c(`1` = 185L, `2` = 25L, `3` = 31L, 
    `4` = 21L, `5` = 23L, `6` = 20L, `7` = 21L, `8` = 23L, `9` = 18L, 
    `10` = 19L, `11` = 21L, `12` = 9L, `13` = 14L, `14` = 13L, 
    `15` = 14L, `16` = 12L, `17` = 10L, `18` = 13L, `19` = 10L, 
    `20` = 11L, `21` = 6L, `22` = 5L, `23` = 7L, `24` = 11L, 
    `25` = 9L, `26` = 5L, `27` = 2L, `28` = 6L, `29` = 3L, `30` = 5L, 
    `32` = 7L, `33` = 3L, `34` = 7L, `35` = 6L, `36` = 5L, `37` = 5L, 
    `38` = 2L, `39` = 3L, `40` = 4L, `41` = 1L, `42` = 4L, `43` = 2L, 
    `44` = 3L, `45` = 1L, `46` = 2L, `47` = 5L, `48` = 4L, `49` = 1L, 
    `50` = 1L, `51` = 1L, `54` = 2L, `55` = 3L, `56` = 2L, `60` = 1L, 
    `63` = 1L, `66` = 1L, `69` = 1L, `71` = 1L, `114` = 1L), .Dim = 59L, .Dimnames = structure(list(
        c("1", "2", "3", "4", "5", "6", "7", "8", "9", "10", 
        "11", "12", "13", "14", "15", "16", "17", "18", "19", 
        "20", "21", "22", "23", "24", "25", "26", "27", "28", 
        "29", "30", "32", "33", "34", "35", "36", "37", "38", 
        "39", "40", "41", "42", "43", "44", "45", "46", "47", 
        "48", "49", "50", "51", "54", "55", "56", "60", "63", 
        "66", "69", "71", "114")), .Names = ""), class = "table"), 
    No.Tag = structure(c(0L, 0L, 0L, 3L, 155L, 0L, 3L, 0L, 0L, 
    0L, 0L, 0L, 0L, 0L, 0L, 0L, 0L, 2L, 92L, 0L, 9L, 0L, 0L, 
    0L, 0L, 29L, 0L, 0L), .Dim = c(7L, 4L), .Dimnames = structure(list(
        c("-4", "-3", "-2", "-1", "0", "1", NA), c("A", "G", 
        "T", NA)), .Names = c("", "")), class = "table"), All.Tags = list(
        Concordant = list(Freqs = structure(c(0, 1, 0, 2, 264, 
        0, 0, 0, 0, 0, 1, 0, 0, 0, 0, 2, 183, 0), .Dim = c(6L, 
        3L), .Dimnames = list(c("-4", "-3", "-2", "-1", "0", 
        "1"), c("A", "G", "T"))), N = 453), Majority = list(Freqs = structure(c(0, 
        1, 0, 2, 356, 0, 0, 0, 0, 0, 1, 0, 0, 0, 0, 2, 253, 0
        ), .Dim = c(6L, 3L), .Dimnames = list(c("-4", "-3", "-2", 
        "-1", "0", "1"), c("A", "G", "T"))), N = 615)), `2` = structure(c(0, 
    0, 0, 1, 252, 0, 0, 0, 0, 0, 0, 0, 0, 0, 0, 0, 205, 0), .Dim = c(6L, 
    3L), .Dimnames = list(c("-4", "-3", "-2", "-1", "0", "1"), 
        c("A", "G", "T"))))))
