Results <-
list(`bwaOutput/20210421msiMNRsJenny/210178_S21.sam` = list(LR20_SNP1 = list(
    All = list(Freqs = structure(c(1L, 6L, 2684L, 5L, 3L, 1L, 
    5L, 2475L, 4L, 3L, 0L, 0L, 2L, 0L, 0L, 0L, 0L, 38L, 1L, 0L
    ), .Dim = 5:4, .Dimnames = structure(list(c("-2", "-1", "0", 
    "1", NA), c("A", "G", "T", NA)), .Names = c("", "")), class = "table"), 
        N = 5228L), Tag.Distribution = structure(c(`1` = 131L, 
    `2` = 49L, `3` = 32L, `4` = 33L, `5` = 25L, `6` = 34L, `7` = 37L, 
    `8` = 19L, `9` = 19L, `10` = 24L, `11` = 20L, `12` = 11L, 
    `13` = 11L, `14` = 14L, `15` = 6L, `16` = 2L, `17` = 6L, 
    `18` = 3L, `19` = 8L, `20` = 7L, `21` = 3L, `22` = 5L, `23` = 5L, 
    `24` = 3L, `25` = 6L, `26` = 4L, `27` = 8L, `28` = 1L, `29` = 4L, 
    `30` = 5L, `33` = 3L, `34` = 3L, `35` = 1L, `36` = 2L, `38` = 1L, 
    `40` = 1L, `41` = 1L, `42` = 3L, `43` = 3L, `45` = 2L, `47` = 1L, 
    `48` = 1L, `49` = 1L, `56` = 2L), .Dim = 44L, .Dimnames = structure(list(
        c("1", "2", "3", "4", "5", "6", "7", "8", "9", "10", 
        "11", "12", "13", "14", "15", "16", "17", "18", "19", 
        "20", "21", "22", "23", "24", "25", "26", "27", "28", 
        "29", "30", "33", "34", "35", "36", "38", "40", "41", 
        "42", "43", "45", "47", "48", "49", "56")), .Names = ""), class = "table"), 
    No.Tag = structure(c(0L, 1L, 119L, 0L, 1L, 0L, 0L, 81L, 0L, 
    1L, 0L, 0L, 0L, 0L, 0L, 0L, 0L, 4L, 0L, 0L), .Dim = 5:4, .Dimnames = structure(list(
        c("-2", "-1", "0", "1", NA), c("A", "G", "T", NA)), .Names = c("", 
    "")), class = "table"), All.Tags = list(Concordant = list(
        Freqs = structure(c(0, 0, 260, 0, 0, 0, 228, 0, 0, 0, 
        0, 0), .Dim = 4:3, .Dimnames = list(c("-2", "-1", "0", 
        "1"), c("A", "G", "T"))), N = 488), Majority = list(Freqs = structure(c(0, 
    0, 285, 0, 0, 0, 263, 0, 0, 0, 0, 0), .Dim = 4:3, .Dimnames = list(
        c("-2", "-1", "0", "1"), c("A", "G", "T"))), N = 548)), 
    `2` = structure(c(0, 0, 217, 0, 0, 0, 206, 0, 0, 0, 0, 0), .Dim = 4:3, .Dimnames = list(
        c("-2", "-1", "0", "1"), c("A", "G", "T"))))))
