Results <-
list(`bwaOutput/20210421msiMNRsJenny/210177_S20.sam` = list(LR46_SNP1 = list(
    All = list(Freqs = structure(c(1L, 30L, 6522L, 14L, 21L, 
    0L, 0L, 1L, 0L, 0L, 0L, 0L, 67L, 0L, 0L), .Dim = c(5L, 3L
    ), .Dimnames = structure(list(c("-2", "-1", "0", "1", NA), 
        c("G", "T", NA)), .Names = c("", "")), class = "table"), 
        N = 6656L), Tag.Distribution = structure(c(`1` = 145L, 
    `2` = 21L, `3` = 8L, `4` = 14L, `5` = 13L, `6` = 11L, `7` = 13L, 
    `8` = 13L, `9` = 15L, `10` = 11L, `11` = 7L, `12` = 10L, 
    `13` = 6L, `14` = 7L, `15` = 8L, `16` = 13L, `17` = 9L, `18` = 7L, 
    `19` = 7L, `20` = 7L, `21` = 3L, `22` = 5L, `23` = 10L, `24` = 7L, 
    `25` = 6L, `26` = 1L, `27` = 2L, `28` = 9L, `29` = 4L, `30` = 1L, 
    `31` = 5L, `32` = 4L, `33` = 5L, `34` = 4L, `35` = 5L, `36` = 2L, 
    `37` = 3L, `38` = 3L, `39` = 3L, `40` = 3L, `42` = 1L, `43` = 1L, 
    `44` = 1L, `45` = 2L, `46` = 1L, `47` = 1L, `48` = 1L, `49` = 1L, 
    `50` = 2L, `51` = 1L, `52` = 1L, `53` = 2L, `55` = 2L, `56` = 1L, 
    `57` = 1L, `58` = 3L, `61` = 2L, `62` = 2L, `73` = 1L, `82` = 1L, 
    `86` = 1L, `95` = 1L), .Dim = 62L, .Dimnames = structure(list(
        c("1", "2", "3", "4", "5", "6", "7", "8", "9", "10", 
        "11", "12", "13", "14", "15", "16", "17", "18", "19", 
        "20", "21", "22", "23", "24", "25", "26", "27", "28", 
        "29", "30", "31", "32", "33", "34", "35", "36", "37", 
        "38", "39", "40", "42", "43", "44", "45", "46", "47", 
        "48", "49", "50", "51", "52", "53", "55", "56", "57", 
        "58", "61", "62", "73", "82", "86", "95")), .Names = ""), class = "table"), 
    No.Tag = structure(c(0L, 12L, 351L, 2L, 4L, 0L, 0L, 0L, 0L, 
    0L, 0L, 0L, 7L, 0L, 0L), .Dim = c(5L, 3L), .Dimnames = structure(list(
        c("-2", "-1", "0", "1", NA), c("G", "T", NA)), .Names = c("", 
    "")), class = "table"), All.Tags = list(Concordant = list(
        Freqs = structure(c(0, 0, 422, 0, 0, 0, 1, 0), .Dim = c(4L, 
        2L), .Dimnames = list(c("-2", "-1", "0", "1"), c("G", 
        "T"))), N = 423), Majority = list(Freqs = structure(c(0, 
    0, 449, 0, 0, 0, 1, 0), .Dim = c(4L, 2L), .Dimnames = list(
        c("-2", "-1", "0", "1"), c("G", "T"))), N = 450)), `2` = structure(c(0, 
    0, 315, 0, 0, 0, 0, 0), .Dim = c(4L, 2L), .Dimnames = list(
        c("-2", "-1", "0", "1"), c("G", "T"))))))
