Results <-
list(`bwaOutput/20210421msiMNRsJenny/210173_S19.sam` = list(LR36_SNP1 = list(
    All = list(Freqs = structure(c(9L, 71L, 3430L, 23L, 38L, 
    0L, 0L, 1L, 0L, 0L, 0L, 0L, 1L, 0L, 0L, 5L, 41L, 3081L, 28L, 
    38L, 0L, 10L, 367L, 2L, 0L), .Dim = c(5L, 5L), .Dimnames = structure(list(
        c("-2", "-1", "0", "1", NA), c("A", "C", "G", "T", NA
        )), .Names = c("", "")), class = "table"), N = 7145L), 
    Tag.Distribution = structure(c(`1` = 236L, `2` = 121L, `3` = 101L, 
    `4` = 99L, `5` = 79L, `6` = 70L, `7` = 53L, `8` = 47L, `9` = 36L, 
    `10` = 31L, `11` = 24L, `12` = 32L, `13` = 23L, `14` = 22L, 
    `15` = 14L, `16` = 20L, `17` = 12L, `18` = 14L, `19` = 8L, 
    `20` = 9L, `21` = 6L, `22` = 6L, `23` = 11L, `24` = 4L, `25` = 2L, 
    `26` = 2L, `27` = 1L, `28` = 1L, `29` = 2L, `30` = 1L, `32` = 1L, 
    `34` = 1L, `35` = 1L), .Dim = 33L, .Dimnames = structure(list(
        c("1", "2", "3", "4", "5", "6", "7", "8", "9", "10", 
        "11", "12", "13", "14", "15", "16", "17", "18", "19", 
        "20", "21", "22", "23", "24", "25", "26", "27", "28", 
        "29", "30", "32", "34", "35")), .Names = ""), class = "table"), 
    No.Tag = structure(c(0L, 1L, 101L, 2L, 3L, 0L, 0L, 0L, 0L, 
    0L, 0L, 0L, 0L, 0L, 0L, 0L, 1L, 106L, 3L, 4L, 0L, 0L, 25L, 
    0L, 0L), .Dim = c(5L, 5L), .Dimnames = structure(list(c("-2", 
    "-1", "0", "1", NA), c("A", "C", "G", "T", NA)), .Names = c("", 
    "")), class = "table"), All.Tags = list(Concordant = list(
        Freqs = structure(c(0, 2, 428, 0, 0, 0, 0, 0, 0, 0, 0, 
        0, 0, 4, 401, 2), .Dim = c(4L, 4L), .Dimnames = list(
            c("-2", "-1", "0", "1"), c("A", "C", "G", "T"))), 
        N = 837), Majority = list(Freqs = structure(c(0, 3, 536, 
    0, 0, 0, 0, 0, 0, 0, 0, 0, 0, 4, 496, 2), .Dim = c(4L, 4L
    ), .Dimnames = list(c("-2", "-1", "0", "1"), c("A", "C", 
    "G", "T"))), N = 1041)), `2` = structure(c(0, 2, 432, 0, 
    0, 0, 0, 0, 0, 0, 0, 0, 0, 0, 396, 1), .Dim = c(4L, 4L), .Dimnames = list(
        c("-2", "-1", "0", "1"), c("A", "C", "G", "T"))))))
