Results <-
list(`bwaOutput/20210421msiMNRsJenny/210178_S21.sam` = list(LR24_SNP1 = list(
    All = list(Freqs = structure(c(43L, 7267L, 10L, 10L, 0L, 
    6L, 0L, 0L, 0L, 2L, 0L, 0L, 1L, 58L, 0L, 0L), .Dim = c(4L, 
    4L), .Dimnames = structure(list(c("-1", "0", "1", NA), c("A", 
    "G", "T", NA)), .Names = c("", "")), class = "table"), N = 7397L), 
    Tag.Distribution = structure(c(`1` = 251L, `2` = 131L, `3` = 100L, 
    `4` = 78L, `5` = 67L, `6` = 58L, `7` = 43L, `8` = 55L, `9` = 44L, 
    `10` = 23L, `11` = 19L, `12` = 19L, `13` = 20L, `14` = 26L, 
    `15` = 22L, `16` = 16L, `17` = 10L, `18` = 10L, `19` = 9L, 
    `20` = 6L, `21` = 10L, `22` = 4L, `23` = 5L, `24` = 4L, `25` = 4L, 
    `26` = 3L, `27` = 2L, `28` = 5L, `29` = 6L, `30` = 3L, `31` = 2L, 
    `32` = 1L, `34` = 1L, `35` = 2L, `36` = 1L, `37` = 1L, `42` = 1L, 
    `43` = 2L, `51` = 1L, `55` = 1L), .Dim = 40L, .Dimnames = structure(list(
        c("1", "2", "3", "4", "5", "6", "7", "8", "9", "10", 
        "11", "12", "13", "14", "15", "16", "17", "18", "19", 
        "20", "21", "22", "23", "24", "25", "26", "27", "28", 
        "29", "30", "31", "32", "34", "35", "36", "37", "42", 
        "43", "51", "55")), .Names = ""), class = "table"), No.Tag = structure(c(1L, 
    273L, 0L, 1L, 0L, 0L, 0L, 0L, 0L, 0L, 0L, 0L, 0L, 9L, 0L, 
    0L), .Dim = c(4L, 4L), .Dimnames = structure(list(c("-1", 
    "0", "1", NA), c("A", "G", "T", NA)), .Names = c("", "")), class = "table"), 
    All.Tags = list(Concordant = list(Freqs = structure(c(0, 
    1002, 0, 0, 3, 0, 0, 0, 0), .Dim = c(3L, 3L), .Dimnames = list(
        c("-1", "0", "1"), c("A", "G", "T"))), N = 1005), Majority = list(
        Freqs = structure(c(0, 1052, 0, 0, 4, 0, 0, 0, 0), .Dim = c(3L, 
        3L), .Dimnames = list(c("-1", "0", "1"), c("A", "G", 
        "T"))), N = 1056)), `2` = structure(c(0, 813, 0, 0, 1, 
    0, 0, 0, 0), .Dim = c(3L, 3L), .Dimnames = list(c("-1", "0", 
    "1"), c("A", "G", "T"))))))
