Results <-
list(`bwaOutput/20210421msiMNRsJenny/210178_S21.sam` = list(GM07_SNP1 = list(
    All = list(Freqs = structure(c(0L, 0L, 0L, 2L, 0L, 0L, 0L, 
    0L, 1L, 11L, 488L, 8712L, 286L, 7L, 1L, 166L, 0L, 1L, 0L, 
    7L, 0L, 0L, 0L, 0L, 0L, 0L, 4L, 125L, 5L, 0L, 0L, 0L), .Dim = c(8L, 
    4L), .Dimnames = structure(list(c("-3", "-2", "-1", "0", 
    "1", "2", "3", NA), c("-", "A", "G", NA)), .Names = c("", 
    "")), class = "table"), N = 9816L), Tag.Distribution = structure(c(`1` = 243L, 
    `2` = 91L, `3` = 71L, `4` = 60L, `5` = 61L, `6` = 52L, `7` = 46L, 
    `8` = 34L, `9` = 33L, `10` = 27L, `11` = 30L, `12` = 26L, 
    `13` = 22L, `14` = 22L, `15` = 22L, `16` = 19L, `17` = 15L, 
    `18` = 11L, `19` = 9L, `20` = 16L, `21` = 13L, `22` = 12L, 
    `23` = 8L, `24` = 6L, `25` = 7L, `26` = 6L, `27` = 7L, `28` = 4L, 
    `29` = 6L, `30` = 6L, `31` = 7L, `32` = 5L, `33` = 9L, `34` = 7L, 
    `35` = 1L, `36` = 8L, `37` = 1L, `38` = 2L, `39` = 2L, `40` = 4L, 
    `41` = 1L, `43` = 1L, `44` = 1L, `48` = 1L, `52` = 1L, `53` = 1L, 
    `54` = 1L, `63` = 1L, `75` = 1L, `89` = 1L), .Dim = 50L, .Dimnames = structure(list(
        c("1", "2", "3", "4", "5", "6", "7", "8", "9", "10", 
        "11", "12", "13", "14", "15", "16", "17", "18", "19", 
        "20", "21", "22", "23", "24", "25", "26", "27", "28", 
        "29", "30", "31", "32", "33", "34", "35", "36", "37", 
        "38", "39", "40", "41", "43", "44", "48", "52", "53", 
        "54", "63", "75", "89")), .Names = ""), class = "table"), 
    No.Tag = structure(c(0L, 0L, 0L, 0L, 0L, 0L, 0L, 0L, 0L, 
    0L, 12L, 296L, 7L, 0L, 0L, 22L, 0L, 0L, 0L, 1L, 0L, 0L, 0L, 
    0L, 0L, 0L, 0L, 9L, 0L, 0L, 0L, 0L), .Dim = c(8L, 4L), .Dimnames = structure(list(
        c("-3", "-2", "-1", "0", "1", "2", "3", NA), c("-", "A", 
        "G", NA)), .Names = c("", "")), class = "table"), All.Tags = list(
        Concordant = list(Freqs = structure(c(0, 0, 0, 0, 0, 
        0, 0, 0, 0, 18, 609, 6, 0, 0, 0, 1, 0, 4, 0, 0, 0), .Dim = c(7L, 
        3L), .Dimnames = list(c("-3", "-2", "-1", "0", "1", "2", 
        "3"), c("-", "A", "G"))), N = 638), Majority = list(Freqs = structure(c(0, 
        0, 0, 0, 0, 0, 0, 0, 0, 22, 960, 7, 0, 0, 0, 1, 0, 4, 
        0, 0, 0), .Dim = c(7L, 3L), .Dimnames = list(c("-3", 
        "-2", "-1", "0", "1", "2", "3"), c("-", "A", "G"))), 
            N = 994)), `2` = structure(c(0, 0, 0, 0, 0, 0, 0, 
    0, 0, 10, 768, 1, 0, 0, 0, 0, 0, 0, 0, 0, 0), .Dim = c(7L, 
    3L), .Dimnames = list(c("-3", "-2", "-1", "0", "1", "2", 
    "3"), c("-", "A", "G"))))))
