Results <-
list(`bwaOutput/20210421msiMNRsJenny/210177_S20.sam` = list(IM16_SNP1 = list(
    All = list(Freqs = structure(c(0L, 0L, 9L, 0L, 0L, 0L, 1L, 
    58L, 7135L, 144L, 2L, 14L, 0L, 1L, 110L, 10L, 0L, 0L), .Dim = c(6L, 
    3L), .Dimnames = structure(list(c("-2", "-1", "0", "1", "2", 
    NA), c("A", "G", NA)), .Names = c("", "")), class = "table"), 
        N = 7484L), Tag.Distribution = structure(c(`1` = 107L, 
    `2` = 25L, `3` = 25L, `4` = 10L, `5` = 20L, `6` = 26L, `7` = 18L, 
    `8` = 14L, `9` = 12L, `10` = 12L, `11` = 11L, `12` = 17L, 
    `13` = 10L, `14` = 12L, `15` = 9L, `16` = 11L, `17` = 10L, 
    `18` = 13L, `19` = 10L, `20` = 6L, `21` = 8L, `22` = 7L, 
    `23` = 8L, `24` = 10L, `25` = 6L, `26` = 6L, `27` = 4L, `28` = 5L, 
    `29` = 4L, `30` = 6L, `31` = 1L, `32` = 8L, `33` = 7L, `34` = 1L, 
    `35` = 4L, `36` = 2L, `37` = 3L, `38` = 4L, `39` = 5L, `40` = 4L, 
    `41` = 2L, `42` = 2L, `43` = 2L, `46` = 4L, `47` = 2L, `49` = 2L, 
    `51` = 2L, `52` = 3L, `54` = 1L, `55` = 1L, `56` = 1L, `58` = 2L, 
    `59` = 1L, `60` = 1L, `64` = 1L, `66` = 1L, `67` = 2L, `69` = 1L, 
    `76` = 1L), .Dim = 59L, .Dimnames = structure(list(c("1", 
    "2", "3", "4", "5", "6", "7", "8", "9", "10", "11", "12", 
    "13", "14", "15", "16", "17", "18", "19", "20", "21", "22", 
    "23", "24", "25", "26", "27", "28", "29", "30", "31", "32", 
    "33", "34", "35", "36", "37", "38", "39", "40", "41", "42", 
    "43", "46", "47", "49", "51", "52", "54", "55", "56", "58", 
    "59", "60", "64", "66", "67", "69", "76")), .Names = ""), class = "table"), 
    No.Tag = structure(c(0L, 0L, 2L, 0L, 0L, 0L, 0L, 1L, 143L, 
    9L, 0L, 1L, 0L, 0L, 12L, 1L, 0L, 0L), .Dim = c(6L, 3L), .Dimnames = structure(list(
        c("-2", "-1", "0", "1", "2", NA), c("A", "G", NA)), .Names = c("", 
    "")), class = "table"), All.Tags = list(Concordant = list(
        Freqs = structure(c(0, 0, 3, 0, 0, 0, 2, 386, 1, 0), .Dim = c(5L, 
        2L), .Dimnames = list(c("-2", "-1", "0", "1", "2"), c("A", 
        "G"))), N = 392), Majority = list(Freqs = structure(c(0, 
    0, 3, 0, 0, 0, 2, 491, 2, 0), .Dim = c(5L, 2L), .Dimnames = list(
        c("-2", "-1", "0", "1", "2"), c("A", "G"))), N = 498)), 
    `2` = structure(c(0, 0, 0, 0, 0, 0, 0, 399, 1, 0), .Dim = c(5L, 
    2L), .Dimnames = list(c("-2", "-1", "0", "1", "2"), c("A", 
    "G"))))))
