Results <-
list(`bwaOutput/20210421msiMNRsJenny/210173_S19.sam` = list(LR52_SNP1 = list(
    All = list(Freqs = structure(c(0L, 11L, 133L, 1244L, 7L, 
    0L, 15L, 2L, 23L, 377L, 2977L, 29L, 0L, 49L, 0L, 0L, 17L, 
    507L, 7L, 1L, 0L), .Dim = c(7L, 3L), .Dimnames = structure(list(
        c("-3", "-2", "-1", "0", "1", "3", NA), c("C", "T", NA
        )), .Names = c("", "")), class = "table"), N = 5399L), 
    Tag.Distribution = structure(c(`1` = 150L, `2` = 95L, `3` = 70L, 
    `4` = 58L, `5` = 60L, `6` = 46L, `7` = 42L, `8` = 38L, `9` = 28L, 
    `10` = 28L, `11` = 23L, `12` = 29L, `13` = 18L, `14` = 14L, 
    `15` = 10L, `16` = 10L, `17` = 8L, `18` = 12L, `19` = 9L, 
    `20` = 9L, `21` = 4L, `22` = 2L, `23` = 4L, `24` = 3L, `25` = 5L, 
    `26` = 1L, `27` = 2L, `28` = 1L, `29` = 1L, `30` = 1L, `32` = 1L, 
    `33` = 2L), .Dim = 32L, .Dimnames = structure(list(c("1", 
    "2", "3", "4", "5", "6", "7", "8", "9", "10", "11", "12", 
    "13", "14", "15", "16", "17", "18", "19", "20", "21", "22", 
    "23", "24", "25", "26", "27", "28", "29", "30", "32", "33"
    )), .Names = ""), class = "table"), No.Tag = structure(c(0L, 
    0L, 5L, 60L, 0L, 0L, 1L, 0L, 3L, 5L, 89L, 0L, 0L, 2L, 0L, 
    0L, 0L, 20L, 0L, 0L, 0L), .Dim = c(7L, 3L), .Dimnames = structure(list(
        c("-3", "-2", "-1", "0", "1", "3", NA), c("C", "T", NA
        )), .Names = c("", "")), class = "table"), All.Tags = list(
        Concordant = list(Freqs = structure(c(0, 0, 7, 161, 0, 
        0, 0, 0, 9, 277, 1, 0), .Dim = c(6L, 2L), .Dimnames = list(
            c("-3", "-2", "-1", "0", "1", "3"), c("C", "T"))), 
            N = 455), Majority = list(Freqs = structure(c(0, 
        0, 8, 239, 1, 0, 0, 0, 19, 463, 2, 0), .Dim = c(6L, 2L
        ), .Dimnames = list(c("-3", "-2", "-1", "0", "1", "3"
        ), c("C", "T"))), N = 732)), `2` = structure(c(0, 0, 
    2, 199, 1, 0, 0, 0, 14, 392, 1, 0), .Dim = c(6L, 2L), .Dimnames = list(
        c("-3", "-2", "-1", "0", "1", "3"), c("C", "T"))))))
