Results <-
list(`bwaOutput/20210421msiMNRsJenny/210179_S22.sam` = list(GM26_SNP1 = list(
    All = list(Freqs = structure(c(45L, 7474L, 15L, 12L, 0L, 
    5L, 0L, 0L, 0L, 75L, 0L, 0L), .Dim = 4:3, .Dimnames = structure(list(
        c("-1", "0", "1", NA), c("A", "G", NA)), .Names = c("", 
    "")), class = "table"), N = 7626L), Tag.Distribution = structure(c(`1` = 150L, 
    `2` = 60L, `3` = 61L, `4` = 51L, `5` = 46L, `6` = 47L, `7` = 34L, 
    `8` = 39L, `9` = 38L, `10` = 24L, `11` = 25L, `12` = 23L, 
    `13` = 24L, `14` = 19L, `15` = 11L, `16` = 16L, `17` = 17L, 
    `18` = 12L, `19` = 11L, `20` = 4L, `21` = 8L, `22` = 7L, 
    `23` = 10L, `24` = 3L, `25` = 8L, `26` = 4L, `27` = 4L, `28` = 9L, 
    `29` = 2L, `31` = 4L, `32` = 1L, `33` = 2L, `34` = 2L, `35` = 2L, 
    `36` = 2L, `37` = 3L, `38` = 2L, `39` = 1L, `41` = 4L, `45` = 1L, 
    `46` = 1L, `48` = 1L, `50` = 1L, `51` = 1L, `54` = 1L, `56` = 2L, 
    `58` = 1L, `60` = 1L, `81` = 1L), .Dim = 49L, .Dimnames = structure(list(
        c("1", "2", "3", "4", "5", "6", "7", "8", "9", "10", 
        "11", "12", "13", "14", "15", "16", "17", "18", "19", 
        "20", "21", "22", "23", "24", "25", "26", "27", "28", 
        "29", "31", "32", "33", "34", "35", "36", "37", "38", 
        "39", "41", "45", "46", "48", "50", "51", "54", "56", 
        "58", "60", "81")), .Names = ""), class = "table"), No.Tag = structure(c(1L, 
    197L, 1L, 3L, 0L, 0L, 0L, 0L, 0L, 6L, 0L, 0L), .Dim = 4:3, .Dimnames = structure(list(
        c("-1", "0", "1", NA), c("A", "G", NA)), .Names = c("", 
    "")), class = "table"), All.Tags = list(Concordant = list(
        Freqs = structure(c(3, 729, 0, 0, 4, 0), .Dim = 3:2, .Dimnames = list(
            c("-1", "0", "1"), c("A", "G"))), N = 736), Majority = list(
        Freqs = structure(c(3, 779, 0, 0, 4, 0), .Dim = 3:2, .Dimnames = list(
            c("-1", "0", "1"), c("A", "G"))), N = 786)), `2` = structure(c(0, 
    649, 0, 0, 0, 0), .Dim = 3:2, .Dimnames = list(c("-1", "0", 
    "1"), c("A", "G"))))))
