Results <-
list(`bwaOutput/20210421msiMNRsJenny/210177_S20.sam` = list(LR44_SNP1 = list(
    All = list(Freqs = structure(c(0L, 0L, 10L, 0L, 0L, 0L, 6L, 
    84L, 1552L, 21L, 1L, 7L, 8L, 149L, 1660L, 21L, 1L, 4L, 0L, 
    4L, 79L, 1L, 0L, 0L), .Dim = c(6L, 4L), .Dimnames = structure(list(
        c("-2", "-1", "0", "1", "2", NA), c("A", "C", "T", NA
        )), .Names = c("", "")), class = "table"), N = 3608L), 
    Tag.Distribution = structure(c(`1` = 68L, `2` = 14L, `3` = 14L, 
    `4` = 12L, `5` = 9L, `6` = 11L, `7` = 10L, `8` = 8L, `9` = 11L, 
    `10` = 4L, `11` = 11L, `12` = 6L, `13` = 3L, `14` = 4L, `15` = 4L, 
    `16` = 3L, `17` = 6L, `18` = 3L, `19` = 5L, `20` = 6L, `21` = 1L, 
    `22` = 5L, `23` = 2L, `24` = 4L, `25` = 3L, `26` = 1L, `27` = 1L, 
    `28` = 4L, `29` = 1L, `31` = 4L, `32` = 6L, `33` = 3L, `34` = 2L, 
    `37` = 2L, `38` = 3L, `39` = 1L, `40` = 2L, `41` = 2L, `42` = 1L, 
    `44` = 4L, `45` = 2L, `51` = 1L, `52` = 1L, `53` = 1L, `55` = 1L, 
    `57` = 1L, `58` = 1L, `69` = 1L), .Dim = 48L, .Dimnames = structure(list(
        c("1", "2", "3", "4", "5", "6", "7", "8", "9", "10", 
        "11", "12", "13", "14", "15", "16", "17", "18", "19", 
        "20", "21", "22", "23", "24", "25", "26", "27", "28", 
        "29", "31", "32", "33", "34", "37", "38", "39", "40", 
        "41", "42", "44", "45", "51", "52", "53", "55", "57", 
        "58", "69")), .Names = ""), class = "table"), No.Tag = structure(c(0L, 
    0L, 0L, 0L, 0L, 0L, 0L, 0L, 36L, 2L, 0L, 0L, 0L, 12L, 100L, 
    1L, 0L, 0L, 0L, 0L, 2L, 1L, 0L, 0L), .Dim = c(6L, 4L), .Dimnames = structure(list(
        c("-2", "-1", "0", "1", "2", NA), c("A", "C", "T", NA
        )), .Names = c("", "")), class = "table"), All.Tags = list(
        Concordant = list(Freqs = structure(c(0, 0, 1, 0, 0, 
        0, 3, 63, 1, 0, 0, 3, 74, 0, 0), .Dim = c(5L, 3L), .Dimnames = list(
            c("-2", "-1", "0", "1", "2"), c("A", "C", "T"))), 
            N = 145), Majority = list(Freqs = structure(c(0, 
        0, 1, 0, 0, 0, 3, 117, 1, 0, 0, 3, 137, 0, 0), .Dim = c(5L, 
        3L), .Dimnames = list(c("-2", "-1", "0", "1", "2"), c("A", 
        "C", "T"))), N = 262)), `2` = structure(c(0, 0, 1, 0, 
    0, 0, 1, 90, 0, 0, 0, 1, 110, 0, 0), .Dim = c(5L, 3L), .Dimnames = list(
        c("-2", "-1", "0", "1", "2"), c("A", "C", "T"))))))
