Results <-
list(`bwaOutput/20210421msiMNRsJenny/210177_S20.sam` = list(GM07_SNP1 = list(
    All = list(Freqs = structure(c(0L, 0L, 5L, 0L, 0L, 0L, 0L, 
    7L, 317L, 6647L, 226L, 6L, 1L, 146L, 0L, 0L, 1L, 0L, 0L, 
    0L, 1L, 0L, 3L, 151L, 6L, 0L, 0L, 0L), .Dim = c(7L, 4L), .Dimnames = structure(list(
        c("-2", "-1", "0", "1", "2", "3", NA), c("A", "G", "T", 
        NA)), .Names = c("", "")), class = "table"), N = 7517L), 
    Tag.Distribution = structure(c(`1` = 166L, `2` = 25L, `3` = 22L, 
    `4` = 29L, `5` = 19L, `6` = 19L, `7` = 18L, `8` = 19L, `9` = 16L, 
    `10` = 18L, `11` = 11L, `12` = 18L, `13` = 15L, `14` = 13L, 
    `15` = 12L, `16` = 17L, `17` = 11L, `18` = 11L, `19` = 10L, 
    `20` = 10L, `21` = 4L, `22` = 8L, `23` = 7L, `24` = 6L, `25` = 10L, 
    `26` = 13L, `27` = 4L, `28` = 5L, `29` = 1L, `30` = 4L, `31` = 1L, 
    `32` = 3L, `33` = 1L, `34` = 4L, `35` = 2L, `36` = 2L, `37` = 6L, 
    `38` = 3L, `39` = 3L, `40` = 1L, `41` = 1L, `42` = 1L, `43` = 4L, 
    `45` = 1L, `46` = 1L, `49` = 2L, `50` = 2L, `51` = 4L, `52` = 2L, 
    `53` = 1L, `55` = 1L, `56` = 1L, `58` = 3L, `59` = 3L, `61` = 2L, 
    `66` = 1L, `67` = 1L), .Dim = 57L, .Dimnames = structure(list(
        c("1", "2", "3", "4", "5", "6", "7", "8", "9", "10", 
        "11", "12", "13", "14", "15", "16", "17", "18", "19", 
        "20", "21", "22", "23", "24", "25", "26", "27", "28", 
        "29", "30", "31", "32", "33", "34", "35", "36", "37", 
        "38", "39", "40", "41", "42", "43", "45", "46", "49", 
        "50", "51", "52", "53", "55", "56", "58", "59", "61", 
        "66", "67")), .Names = ""), class = "table"), No.Tag = structure(c(0L, 
    0L, 0L, 0L, 0L, 0L, 0L, 0L, 11L, 217L, 3L, 1L, 0L, 18L, 0L, 
    0L, 0L, 0L, 0L, 0L, 0L, 0L, 0L, 14L, 0L, 0L, 0L, 0L), .Dim = c(7L, 
    4L), .Dimnames = structure(list(c("-2", "-1", "0", "1", "2", 
    "3", NA), c("A", "G", "T", NA)), .Names = c("", "")), class = "table"), 
    All.Tags = list(Concordant = list(Freqs = structure(c(0, 
    0, 5, 0, 0, 0, 0, 8, 322, 7, 0, 0, 0, 0, 0, 0, 0, 0), .Dim = c(6L, 
    3L), .Dimnames = list(c("-2", "-1", "0", "1", "2", "3"), 
        c("A", "G", "T"))), N = 342), Majority = list(Freqs = structure(c(0, 
    0, 5, 0, 0, 0, 0, 9, 549, 9, 0, 0, 0, 0, 0, 0, 0, 0), .Dim = c(6L, 
    3L), .Dimnames = list(c("-2", "-1", "0", "1", "2", "3"), 
        c("A", "G", "T"))), N = 572)), `2` = structure(c(0, 0, 
    0, 0, 0, 0, 0, 3, 423, 2, 0, 0, 0, 0, 0, 0, 0, 0), .Dim = c(6L, 
    3L), .Dimnames = list(c("-2", "-1", "0", "1", "2", "3"), 
        c("A", "G", "T"))))))
