Results <-
list(`bwaOutput/20210421msiMNRsJenny/210173_S19.sam` = list(DEPDC2_SNP1 = list(
    All = list(Freqs = structure(c(10L, 2437L, 14L, 14L, 17L, 
    3019L, 17L, 16L, 0L, 70L, 0L, 0L), .Dim = 4:3, .Dimnames = structure(list(
        c("-1", "0", "1", NA), c("C", "T", NA)), .Names = c("", 
    "")), class = "table"), N = 5614L), Tag.Distribution = structure(c(`1` = 279L, 
    `2` = 112L, `3` = 93L, `4` = 82L, `5` = 89L, `6` = 74L, `7` = 49L, 
    `8` = 37L, `9` = 32L, `10` = 23L, `11` = 21L, `12` = 20L, 
    `13` = 14L, `14` = 14L, `15` = 10L, `16` = 5L, `17` = 9L, 
    `18` = 11L, `19` = 6L, `20` = 5L, `21` = 2L, `22` = 5L, `23` = 2L, 
    `24` = 1L, `25` = 3L, `26` = 1L, `27` = 4L, `31` = 1L, `32` = 2L, 
    `34` = 1L, `38` = 1L), .Dim = 31L, .Dimnames = structure(list(
        c("1", "2", "3", "4", "5", "6", "7", "8", "9", "10", 
        "11", "12", "13", "14", "15", "16", "17", "18", "19", 
        "20", "21", "22", "23", "24", "25", "26", "27", "31", 
        "32", "34", "38")), .Names = ""), class = "table"), No.Tag = structure(c(0L, 
    110L, 0L, 2L, 0L, 89L, 0L, 9L, 0L, 6L, 0L, 0L), .Dim = 4:3, .Dimnames = structure(list(
        c("-1", "0", "1", NA), c("C", "T", NA)), .Names = c("", 
    "")), class = "table"), All.Tags = list(Concordant = list(
        Freqs = structure(c(0, 392, 1, 0, 482, 3), .Dim = 3:2, .Dimnames = list(
            c("-1", "0", "1"), c("C", "T"))), N = 878), Majority = list(
        Freqs = structure(c(0, 440, 1, 0, 532, 3), .Dim = 3:2, .Dimnames = list(
            c("-1", "0", "1"), c("C", "T"))), N = 976)), `2` = structure(c(0, 
    330, 0, 0, 385, 0), .Dim = 3:2, .Dimnames = list(c("-1", 
    "0", "1"), c("C", "T"))))))
