Results <-
list(`bwaOutput/20210421msiMNRsJenny/210777_S25.sam` = list(GM01_SNP1 = list(
    All = list(Freqs = structure(c(54L, 5470L, 24L, 8L, 38L, 
    3861L, 21L, 9L, 0L, 2L, 0L, 0L, 5L, 138L, 2L, 0L), .Dim = c(4L, 
    4L), .Dimnames = structure(list(c("-1", "0", "1", NA), c("A", 
    "G", "T", NA)), .Names = c("", "")), class = "table"), N = 9632L), 
    Tag.Distribution = structure(c(`1` = 228L, `2` = 65L, `3` = 54L, 
    `4` = 57L, `5` = 44L, `6` = 37L, `7` = 42L, `8` = 36L, `9` = 38L, 
    `10` = 29L, `11` = 37L, `12` = 26L, `13` = 28L, `14` = 27L, 
    `15` = 23L, `16` = 23L, `17` = 20L, `18` = 18L, `19` = 17L, 
    `20` = 13L, `21` = 15L, `22` = 11L, `23` = 9L, `24` = 9L, 
    `25` = 10L, `26` = 12L, `27` = 10L, `28` = 2L, `29` = 3L, 
    `30` = 6L, `31` = 5L, `32` = 5L, `33` = 3L, `34` = 1L, `35` = 2L, 
    `36` = 4L, `37` = 3L, `38` = 3L, `39` = 2L, `40` = 2L, `43` = 2L, 
    `45` = 1L, `46` = 1L, `47` = 1L, `50` = 3L, `61` = 1L), .Dim = 46L, .Dimnames = structure(list(
        c("1", "2", "3", "4", "5", "6", "7", "8", "9", "10", 
        "11", "12", "13", "14", "15", "16", "17", "18", "19", 
        "20", "21", "22", "23", "24", "25", "26", "27", "28", 
        "29", "30", "31", "32", "33", "34", "35", "36", "37", 
        "38", "39", "40", "43", "45", "46", "47", "50", "61")), .Names = ""), class = "table"), 
    No.Tag = structure(c(0L, 83L, 0L, 0L, 1L, 99L, 0L, 1L, 0L, 
    0L, 0L, 0L, 0L, 8L, 0L, 0L), .Dim = c(4L, 4L), .Dimnames = structure(list(
        c("-1", "0", "1", NA), c("A", "G", "T", NA)), .Names = c("", 
    "")), class = "table"), All.Tags = list(Concordant = list(
        Freqs = structure(c(0, 475, 0, 2, 330, 0, 0, 0, 0), .Dim = c(3L, 
        3L), .Dimnames = list(c("-1", "0", "1"), c("A", "G", 
        "T"))), N = 807), Majority = list(Freqs = structure(c(0, 
    575, 0, 2, 394, 0, 0, 0, 0), .Dim = c(3L, 3L), .Dimnames = list(
        c("-1", "0", "1"), c("A", "G", "T"))), N = 971)), `2` = structure(c(0, 
    449, 0, 0, 306, 0, 0, 0, 0), .Dim = c(3L, 3L), .Dimnames = list(
        c("-1", "0", "1"), c("A", "G", "T"))))))
