Results <-
list(`bwaOutput/20210421msiMNRsJenny/210778_S26.sam` = list(LR46_SNP1 = list(
    All = list(Freqs = structure(c(0L, 0L, 1L, 0L, 0L, 0L, 10L, 
    2442L, 3L, 16L, 1L, 8L, 2484L, 7L, 10L, 0L, 0L, 42L, 0L, 
    0L), .Dim = 5:4, .Dimnames = structure(list(c("-2", "-1", 
    "0", "1", NA), c("C", "G", "T", NA)), .Names = c("", "")), class = "table"), 
        N = 5024L), Tag.Distribution = structure(c(`1` = 131L, 
    `2` = 24L, `3` = 24L, `4` = 22L, `5` = 26L, `6` = 17L, `7` = 14L, 
    `8` = 13L, `9` = 14L, `10` = 13L, `11` = 15L, `12` = 8L, 
    `13` = 8L, `14` = 13L, `15` = 12L, `16` = 10L, `17` = 13L, 
    `18` = 7L, `19` = 5L, `20` = 3L, `21` = 5L, `22` = 6L, `23` = 4L, 
    `24` = 4L, `25` = 5L, `26` = 4L, `27` = 4L, `28` = 8L, `29` = 1L, 
    `30` = 3L, `31` = 6L, `32` = 4L, `34` = 1L, `35` = 3L, `36` = 5L, 
    `37` = 3L, `38` = 1L, `39` = 4L, `42` = 1L, `43` = 1L, `45` = 1L, 
    `47` = 2L, `49` = 2L, `50` = 2L), .Dim = 44L, .Dimnames = structure(list(
        c("1", "2", "3", "4", "5", "6", "7", "8", "9", "10", 
        "11", "12", "13", "14", "15", "16", "17", "18", "19", 
        "20", "21", "22", "23", "24", "25", "26", "27", "28", 
        "29", "30", "31", "32", "34", "35", "36", "37", "38", 
        "39", "42", "43", "45", "47", "49", "50")), .Names = ""), class = "table"), 
    No.Tag = structure(c(0L, 0L, 0L, 0L, 0L, 0L, 0L, 41L, 0L, 
    3L, 1L, 1L, 90L, 1L, 0L, 0L, 0L, 4L, 0L, 0L), .Dim = 5:4, .Dimnames = structure(list(
        c("-2", "-1", "0", "1", NA), c("C", "G", "T", NA)), .Names = c("", 
    "")), class = "table"), All.Tags = list(Concordant = list(
        Freqs = structure(c(0, 0, 0, 0, 0, 0, 221, 0, 0, 0, 200, 
        0), .Dim = 4:3, .Dimnames = list(c("-2", "-1", "0", "1"
        ), c("C", "G", "T"))), N = 421), Majority = list(Freqs = structure(c(0, 
    0, 0, 0, 0, 0, 243, 0, 0, 0, 219, 0), .Dim = 4:3, .Dimnames = list(
        c("-2", "-1", "0", "1"), c("C", "G", "T"))), N = 462)), 
    `2` = structure(c(0, 0, 0, 0, 0, 0, 181, 0, 0, 0, 159, 0), .Dim = 4:3, .Dimnames = list(
        c("-2", "-1", "0", "1"), c("C", "G", "T"))))))
