Results <-
list(`bwaOutput/20210421msiMNRsJenny/210777_S25.sam` = list(LR11_SNP1 = list(
    All = list(Freqs = structure(c(6L, 81L, 3969L, 28L, 15L, 
    1L, 57L, 2843L, 28L, 4L, 0L, 0L, 1L, 0L, 0L, 0L, 2L, 171L, 
    3L, 0L), .Dim = 5:4, .Dimnames = structure(list(c("-2", "-1", 
    "0", "1", NA), c("A", "C", "G", NA)), .Names = c("", "")), class = "table"), 
        N = 7209L), Tag.Distribution = structure(c(`1` = 176L, 
    `2` = 54L, `3` = 35L, `4` = 43L, `5` = 36L, `6` = 42L, `7` = 44L, 
    `8` = 21L, `9` = 28L, `10` = 26L, `11` = 16L, `12` = 16L, 
    `13` = 24L, `14` = 18L, `15` = 23L, `16` = 15L, `17` = 12L, 
    `18` = 16L, `19` = 11L, `20` = 20L, `21` = 8L, `22` = 4L, 
    `23` = 7L, `24` = 7L, `25` = 5L, `26` = 6L, `27` = 9L, `28` = 6L, 
    `29` = 7L, `30` = 6L, `31` = 3L, `34` = 2L, `35` = 3L, `36` = 2L, 
    `37` = 1L, `39` = 2L, `40` = 1L, `41` = 1L, `44` = 2L, `46` = 1L, 
    `50` = 1L, `53` = 1L), .Dim = 42L, .Dimnames = structure(list(
        c("1", "2", "3", "4", "5", "6", "7", "8", "9", "10", 
        "11", "12", "13", "14", "15", "16", "17", "18", "19", 
        "20", "21", "22", "23", "24", "25", "26", "27", "28", 
        "29", "30", "31", "34", "35", "36", "37", "39", "40", 
        "41", "44", "46", "50", "53")), .Names = ""), class = "table"), 
    No.Tag = structure(c(1L, 1L, 87L, 2L, 1L, 0L, 1L, 79L, 1L, 
    1L, 0L, 0L, 0L, 0L, 0L, 0L, 0L, 5L, 0L, 0L), .Dim = 5:4, .Dimnames = structure(list(
        c("-2", "-1", "0", "1", NA), c("A", "C", "G", NA)), .Names = c("", 
    "")), class = "table"), All.Tags = list(Concordant = list(
        Freqs = structure(c(0, 2, 330, 1, 0, 1, 238, 1, 0, 0, 
        0, 0), .Dim = 4:3, .Dimnames = list(c("-2", "-1", "0", 
        "1"), c("A", "C", "G"))), N = 573), Majority = list(Freqs = structure(c(0, 
    2, 415, 1, 0, 1, 314, 1, 0, 0, 0, 0), .Dim = 4:3, .Dimnames = list(
        c("-2", "-1", "0", "1"), c("A", "C", "G"))), N = 734)), 
    `2` = structure(c(0, 0, 323, 1, 0, 1, 251, 1, 0, 0, 0, 0), .Dim = 4:3, .Dimnames = list(
        c("-2", "-1", "0", "1"), c("A", "C", "G"))))))
