Results <-
list(`bwaOutput/20210421msiMNRsJenny/210777_S25.sam` = list(LR46_SNP1 = list(
    All = list(Freqs = structure(c(9L, 2474L, 9L, 8L, 5L, 2416L, 
    6L, 12L, 1L, 36L, 0L, 0L), .Dim = 4:3, .Dimnames = structure(list(
        c("-1", "0", "1", NA), c("G", "T", NA)), .Names = c("", 
    "")), class = "table"), N = 4976L), Tag.Distribution = structure(c(`1` = 118L, 
    `2` = 29L, `3` = 32L, `4` = 16L, `5` = 22L, `6` = 24L, `7` = 15L, 
    `8` = 17L, `9` = 15L, `10` = 8L, `11` = 19L, `12` = 11L, 
    `13` = 11L, `14` = 7L, `15` = 14L, `16` = 10L, `17` = 8L, 
    `18` = 10L, `19` = 9L, `20` = 4L, `21` = 5L, `22` = 6L, `23` = 5L, 
    `24` = 1L, `25` = 2L, `26` = 4L, `27` = 3L, `29` = 5L, `30` = 2L, 
    `31` = 1L, `32` = 2L, `33` = 5L, `34` = 4L, `35` = 1L, `36` = 4L, 
    `37` = 1L, `39` = 1L, `40` = 3L, `41` = 2L, `42` = 1L, `43` = 1L, 
    `44` = 1L, `45` = 1L, `46` = 1L, `48` = 1L, `49` = 1L, `50` = 1L, 
    `58` = 2L, `63` = 1L), .Dim = 49L, .Dimnames = structure(list(
        c("1", "2", "3", "4", "5", "6", "7", "8", "9", "10", 
        "11", "12", "13", "14", "15", "16", "17", "18", "19", 
        "20", "21", "22", "23", "24", "25", "26", "27", "29", 
        "30", "31", "32", "33", "34", "35", "36", "37", "39", 
        "40", "41", "42", "43", "44", "45", "46", "48", "49", 
        "50", "58", "63")), .Names = ""), class = "table"), No.Tag = structure(c(0L, 
    66L, 2L, 0L, 0L, 120L, 0L, 3L, 0L, 5L, 0L, 0L), .Dim = 4:3, .Dimnames = structure(list(
        c("-1", "0", "1", NA), c("G", "T", NA)), .Names = c("", 
    "")), class = "table"), All.Tags = list(Concordant = list(
        Freqs = structure(c(0, 207, 1, 0, 203, 1), .Dim = 3:2, .Dimnames = list(
            c("-1", "0", "1"), c("G", "T"))), N = 412), Majority = list(
        Freqs = structure(c(0, 230, 1, 0, 224, 1), .Dim = 3:2, .Dimnames = list(
            c("-1", "0", "1"), c("G", "T"))), N = 456)), `2` = structure(c(0, 
    165, 0, 0, 181, 0), .Dim = 3:2, .Dimnames = list(c("-1", 
    "0", "1"), c("G", "T"))))))
