Results <-
list(`bwaOutput/20210421msiMNRsJenny/210778_S26.sam` = list(LR20_SNP1 = list(
    All = list(Freqs = structure(c(0L, 0L, 8L, 0L, 0L, 1L, 16L, 
    7095L, 29L, 4L, 0L, 0L, 2L, 0L, 0L, 0L, 0L, 92L, 0L, 0L), .Dim = 5:4, .Dimnames = structure(list(
        c("-3", "-1", "0", "1", NA), c("A", "G", "T", NA)), .Names = c("", 
    "")), class = "table"), N = 7247L), Tag.Distribution = structure(c(`1` = 177L, 
    `2` = 67L, `3` = 45L, `4` = 47L, `5` = 47L, `6` = 46L, `7` = 48L, 
    `8` = 30L, `9` = 35L, `10` = 35L, `11` = 25L, `12` = 15L, 
    `13` = 25L, `14` = 14L, `15` = 19L, `16` = 8L, `17` = 14L, 
    `18` = 13L, `19` = 10L, `20` = 9L, `21` = 9L, `22` = 6L, 
    `23` = 5L, `24` = 6L, `25` = 6L, `27` = 7L, `28` = 5L, `29` = 1L, 
    `30` = 3L, `31` = 2L, `32` = 1L, `33` = 3L, `34` = 2L, `35` = 2L, 
    `36` = 2L, `37` = 3L, `39` = 1L, `40` = 2L, `41` = 3L, `42` = 1L, 
    `44` = 1L, `47` = 2L, `48` = 1L, `49` = 1L, `50` = 1L, `64` = 1L, 
    `71` = 1L), .Dim = 47L, .Dimnames = structure(list(c("1", 
    "2", "3", "4", "5", "6", "7", "8", "9", "10", "11", "12", 
    "13", "14", "15", "16", "17", "18", "19", "20", "21", "22", 
    "23", "24", "25", "27", "28", "29", "30", "31", "32", "33", 
    "34", "35", "36", "37", "39", "40", "41", "42", "44", "47", 
    "48", "49", "50", "64", "71")), .Names = ""), class = "table"), 
    No.Tag = structure(c(0L, 0L, 0L, 0L, 0L, 0L, 1L, 225L, 0L, 
    1L, 0L, 0L, 0L, 0L, 0L, 0L, 0L, 7L, 0L, 0L), .Dim = 5:4, .Dimnames = structure(list(
        c("-3", "-1", "0", "1", NA), c("A", "G", "T", NA)), .Names = c("", 
    "")), class = "table"), All.Tags = list(Concordant = list(
        Freqs = structure(c(0, 0, 4, 0, 0, 0, 753, 1, 0, 0, 1, 
        0), .Dim = 4:3, .Dimnames = list(c("-3", "-1", "0", "1"
        ), c("A", "G", "T"))), N = 759), Majority = list(Freqs = structure(c(0, 
    0, 4, 0, 0, 0, 787, 1, 0, 0, 1, 0), .Dim = 4:3, .Dimnames = list(
        c("-3", "-1", "0", "1"), c("A", "G", "T"))), N = 793)), 
    `2` = structure(c(0, 0, 0, 0, 0, 0, 629, 0, 0, 0, 0, 0), .Dim = 4:3, .Dimnames = list(
        c("-3", "-1", "0", "1"), c("A", "G", "T"))))))
