Results <-
list(`bwaOutput/20210421msiMNRsJenny/210778_S26.sam` = list(LR11_SNP1 = list(
    All = list(Freqs = structure(c(0L, 1L, 12L, 0L, 0L, 1L, 3L, 
    96L, 5619L, 45L, 1L, 15L, 0L, 0L, 1L, 0L, 0L, 0L, 0L, 0L, 
    2L, 0L, 0L, 0L, 0L, 3L, 248L, 6L, 0L, 0L), .Dim = 6:5, .Dimnames = structure(list(
        c("-2", "-1", "0", "1", "2", NA), c("A", "C", "G", "T", 
        NA)), .Names = c("", "")), class = "table"), N = 6053L), 
    Tag.Distribution = structure(c(`1` = 156L, `2` = 50L, `3` = 46L, 
    `4` = 34L, `5` = 34L, `6` = 32L, `7` = 21L, `8` = 25L, `9` = 26L, 
    `10` = 15L, `11` = 15L, `12` = 13L, `13` = 17L, `14` = 9L, 
    `15` = 12L, `16` = 12L, `17` = 14L, `18` = 15L, `19` = 11L, 
    `20` = 9L, `21` = 17L, `22` = 14L, `23` = 9L, `24` = 8L, 
    `25` = 5L, `26` = 4L, `27` = 9L, `28` = 3L, `29` = 3L, `30` = 1L, 
    `31` = 2L, `32` = 2L, `33` = 1L, `34` = 3L, `35` = 1L, `36` = 2L, 
    `38` = 2L, `40` = 2L, `41` = 1L, `42` = 1L, `70` = 1L), .Dim = 41L, .Dimnames = structure(list(
        c("1", "2", "3", "4", "5", "6", "7", "8", "9", "10", 
        "11", "12", "13", "14", "15", "16", "17", "18", "19", 
        "20", "21", "22", "23", "24", "25", "26", "27", "28", 
        "29", "30", "31", "32", "33", "34", "35", "36", "38", 
        "40", "41", "42", "70")), .Names = ""), class = "table"), 
    No.Tag = structure(c(0L, 0L, 0L, 0L, 0L, 0L, 0L, 0L, 74L, 
    0L, 0L, 0L, 0L, 0L, 0L, 0L, 0L, 0L, 0L, 0L, 0L, 0L, 0L, 0L, 
    0L, 1L, 4L, 0L, 0L, 0L), .Dim = 6:5, .Dimnames = structure(list(
        c("-2", "-1", "0", "1", "2", NA), c("A", "C", "G", "T", 
        NA)), .Names = c("", "")), class = "table"), All.Tags = list(
        Concordant = list(Freqs = structure(c(0, 1, 9, 0, 0, 
        0, 4, 510, 3, 0, 0, 0, 0, 0, 0, 0, 0, 0, 0, 0), .Dim = 5:4, .Dimnames = list(
            c("-2", "-1", "0", "1", "2"), c("A", "C", "G", "T"
            ))), N = 527), Majority = list(Freqs = structure(c(0, 
        1, 9, 0, 0, 0, 4, 617, 3, 0, 0, 0, 0, 0, 0, 0, 0, 0, 
        0, 0), .Dim = 5:4, .Dimnames = list(c("-2", "-1", "0", 
        "1", "2"), c("A", "C", "G", "T"))), N = 634)), `2` = structure(c(0, 
    0, 0, 0, 0, 0, 1, 493, 0, 0, 0, 0, 0, 0, 0, 0, 0, 0, 0, 0
    ), .Dim = 5:4, .Dimnames = list(c("-2", "-1", "0", "1", "2"
    ), c("A", "C", "G", "T"))))))
