Results <-
list(`bwaOutput/20210421msiMNRsJenny/210778_S26.sam` = list(LR36_SNP1 = list(
    All = list(Freqs = structure(c(1L, 1L, 4L, 130L, 5475L, 51L, 
    65L, 0L, 0L, 0L, 0L, 1L, 0L, 0L, 0L, 1L, 0L, 0L, 11L, 0L, 
    0L, 0L, 0L, 1L, 2L, 163L, 0L, 0L), .Dim = c(7L, 4L), .Dimnames = structure(list(
        c("-5", "-3", "-2", "-1", "0", "1", NA), c("A", "G", 
        "T", NA)), .Names = c("", "")), class = "table"), N = 5906L), 
    Tag.Distribution = structure(c(`1` = 153L, `2` = 58L, `3` = 35L, 
    `4` = 35L, `5` = 36L, `6` = 27L, `7` = 25L, `8` = 27L, `9` = 16L, 
    `10` = 16L, `11` = 23L, `12` = 17L, `13` = 19L, `14` = 10L, 
    `15` = 12L, `16` = 16L, `17` = 7L, `18` = 7L, `19` = 6L, 
    `20` = 5L, `21` = 8L, `22` = 7L, `23` = 8L, `24` = 8L, `25` = 10L, 
    `26` = 8L, `27` = 1L, `28` = 2L, `29` = 4L, `30` = 5L, `31` = 5L, 
    `32` = 2L, `33` = 1L, `34` = 3L, `35` = 1L, `36` = 4L, `37` = 1L, 
    `38` = 2L, `39` = 1L, `40` = 1L, `43` = 2L, `45` = 1L, `55` = 1L
    ), .Dim = 43L, .Dimnames = structure(list(c("1", "2", "3", 
    "4", "5", "6", "7", "8", "9", "10", "11", "12", "13", "14", 
    "15", "16", "17", "18", "19", "20", "21", "22", "23", "24", 
    "25", "26", "27", "28", "29", "30", "31", "32", "33", "34", 
    "35", "36", "37", "38", "39", "40", "43", "45", "55")), .Names = ""), class = "table"), 
    No.Tag = structure(c(0L, 0L, 0L, 4L, 164L, 0L, 13L, 0L, 0L, 
    0L, 0L, 0L, 0L, 0L, 0L, 0L, 0L, 0L, 1L, 0L, 0L, 0L, 0L, 0L, 
    1L, 17L, 0L, 0L), .Dim = c(7L, 4L), .Dimnames = structure(list(
        c("-5", "-3", "-2", "-1", "0", "1", NA), c("A", "G", 
        "T", NA)), .Names = c("", "")), class = "table"), All.Tags = list(
        Concordant = list(Freqs = structure(c(0, 0, 0, 5, 507, 
        1, 0, 0, 0, 0, 0, 0, 0, 1, 0, 0, 3, 0), .Dim = c(6L, 
        3L), .Dimnames = list(c("-5", "-3", "-2", "-1", "0", 
        "1"), c("A", "G", "T"))), N = 517), Majority = list(Freqs = structure(c(0, 
        0, 0, 6, 608, 2, 0, 0, 0, 0, 0, 0, 0, 1, 0, 0, 3, 0), .Dim = c(6L, 
        3L), .Dimnames = list(c("-5", "-3", "-2", "-1", "0", 
        "1"), c("A", "G", "T"))), N = 620)), `2` = structure(c(0, 
    0, 0, 2, 474, 2, 0, 0, 0, 0, 0, 0, 0, 0, 0, 0, 1, 0), .Dim = c(6L, 
    3L), .Dimnames = list(c("-5", "-3", "-2", "-1", "0", "1"), 
        c("A", "G", "T"))))))
