Results <-
list(`bwaOutput/20210421msiMNRsJenny/210777_S25.sam` = list(GM07_SNP1 = list(
    All = list(Freqs = structure(c(0L, 0L, 1L, 0L, 0L, 0L, 10L, 
    256L, 4807L, 169L, 2L, 89L, 0L, 0L, 3L, 0L, 0L, 0L, 0L, 2L, 
    65L, 0L, 0L, 0L), .Dim = c(6L, 4L), .Dimnames = structure(list(
        c("-2", "-1", "0", "1", "2", NA), c("-", "A", "G", NA
        )), .Names = c("", "")), class = "table"), N = 5404L), 
    Tag.Distribution = structure(c(`1` = 130L, `2` = 40L, `3` = 46L, 
    `4` = 29L, `5` = 36L, `6` = 43L, `7` = 44L, `8` = 28L, `9` = 15L, 
    `10` = 30L, `11` = 20L, `12` = 23L, `13` = 11L, `14` = 12L, 
    `15` = 14L, `16` = 11L, `17` = 10L, `18` = 4L, `19` = 9L, 
    `20` = 6L, `21` = 6L, `22` = 5L, `23` = 10L, `24` = 9L, `25` = 2L, 
    `26` = 5L, `27` = 4L, `28` = 5L, `29` = 3L, `30` = 2L, `32` = 2L, 
    `33` = 2L, `34` = 1L, `35` = 1L, `36` = 1L, `39` = 1L, `40` = 1L, 
    `42` = 1L), .Dim = 38L, .Dimnames = structure(list(c("1", 
    "2", "3", "4", "5", "6", "7", "8", "9", "10", "11", "12", 
    "13", "14", "15", "16", "17", "18", "19", "20", "21", "22", 
    "23", "24", "25", "26", "27", "28", "29", "30", "32", "33", 
    "34", "35", "36", "39", "40", "42")), .Names = ""), class = "table"), 
    No.Tag = structure(c(0L, 0L, 0L, 0L, 0L, 0L, 2L, 16L, 155L, 
    2L, 0L, 14L, 0L, 0L, 0L, 0L, 0L, 0L, 0L, 0L, 7L, 0L, 0L, 
    0L), .Dim = c(6L, 4L), .Dimnames = structure(list(c("-2", 
    "-1", "0", "1", "2", NA), c("-", "A", "G", NA)), .Names = c("", 
    "")), class = "table"), All.Tags = list(Concordant = list(
        Freqs = structure(c(0, 0, 0, 0, 0, 0, 10, 369, 0, 0, 
        0, 0, 2, 0, 0), .Dim = c(5L, 3L), .Dimnames = list(c("-2", 
        "-1", "0", "1", "2"), c("-", "A", "G"))), N = 381), Majority = list(
        Freqs = structure(c(0, 0, 0, 0, 0, 0, 10, 582, 2, 0, 
        0, 0, 2, 0, 0), .Dim = c(5L, 3L), .Dimnames = list(c("-2", 
        "-1", "0", "1", "2"), c("-", "A", "G"))), N = 596)), 
    `2` = structure(c(0, 0, 0, 0, 0, 0, 3, 480, 2, 0, 0, 0, 0, 
    0, 0), .Dim = c(5L, 3L), .Dimnames = list(c("-2", "-1", "0", 
    "1", "2"), c("-", "A", "G"))))))
