Results <-
list(`bwaOutput/20210421msiMNRsJenny/210777_S25.sam` = list(GM22_SNP1 = list(
    All = list(Freqs = structure(c(4L, 92L, 8191L, 39L, 18L, 
    0L, 0L, 4L, 0L, 0L, 0L, 3L, 123L, 5L, 0L), .Dim = c(5L, 3L
    ), .Dimnames = structure(list(c("-2", "-1", "0", "1", NA), 
        c("A", "G", NA)), .Names = c("", "")), class = "table"), 
        N = 8479L), Tag.Distribution = structure(c(`1` = 208L, 
    `2` = 52L, `3` = 54L, `4` = 39L, `5` = 42L, `6` = 35L, `7` = 29L, 
    `8` = 38L, `9` = 27L, `10` = 28L, `11` = 29L, `12` = 28L, 
    `13` = 27L, `14` = 27L, `15` = 16L, `16` = 21L, `17` = 20L, 
    `18` = 19L, `19` = 5L, `20` = 12L, `21` = 8L, `22` = 11L, 
    `23` = 11L, `24` = 5L, `25` = 4L, `26` = 7L, `27` = 2L, `28` = 3L, 
    `29` = 4L, `30` = 5L, `31` = 5L, `32` = 6L, `34` = 7L, `35` = 3L, 
    `36` = 2L, `37` = 2L, `39` = 1L, `40` = 2L, `41` = 2L, `42` = 1L, 
    `44` = 2L, `45` = 2L, `46` = 1L, `47` = 1L, `48` = 1L, `52` = 1L, 
    `53` = 2L, `63` = 1L), .Dim = 48L, .Dimnames = structure(list(
        c("1", "2", "3", "4", "5", "6", "7", "8", "9", "10", 
        "11", "12", "13", "14", "15", "16", "17", "18", "19", 
        "20", "21", "22", "23", "24", "25", "26", "27", "28", 
        "29", "30", "31", "32", "34", "35", "36", "37", "39", 
        "40", "41", "42", "44", "45", "46", "47", "48", "52", 
        "53", "63")), .Names = ""), class = "table"), No.Tag = structure(c(0L, 
    4L, 310L, 1L, 4L, 0L, 0L, 0L, 0L, 0L, 0L, 0L, 14L, 1L, 0L
    ), .Dim = c(5L, 3L), .Dimnames = structure(list(c("-2", "-1", 
    "0", "1", NA), c("A", "G", NA)), .Names = c("", "")), class = "table"), 
    All.Tags = list(Concordant = list(Freqs = structure(c(0, 
    3, 722, 1, 0, 0, 4, 0), .Dim = c(4L, 2L), .Dimnames = list(
        c("-2", "-1", "0", "1"), c("A", "G"))), N = 730), Majority = list(
        Freqs = structure(c(0, 3, 832, 1, 0, 0, 4, 0), .Dim = c(4L, 
        2L), .Dimnames = list(c("-2", "-1", "0", "1"), c("A", 
        "G"))), N = 840)), `2` = structure(c(0, 0, 649, 0, 0, 
    0, 0, 0), .Dim = c(4L, 2L), .Dimnames = list(c("-2", "-1", 
    "0", "1"), c("A", "G"))))))
