Results <-
list(`bwaOutput/20210421msiMNRsJenny/210778_S26.sam` = list(IM16_SNP1 = list(
    All = list(Freqs = structure(c(1L, 55L, 3607L, 59L, 1L, 8L, 
    1L, 13L, 2249L, 30L, 0L, 1L, 0L, 0L, 1L, 0L, 0L, 0L, 0L, 
    1L, 75L, 5L, 0L, 0L), .Dim = c(6L, 4L), .Dimnames = structure(list(
        c("-2", "-1", "0", "1", "2", NA), c("A", "G", "T", NA
        )), .Names = c("", "")), class = "table"), N = 6107L), 
    Tag.Distribution = structure(c(`1` = 133L, `2` = 73L, `3` = 41L, 
    `4` = 36L, `5` = 35L, `6` = 20L, `7` = 28L, `8` = 22L, `9` = 25L, 
    `10` = 12L, `11` = 16L, `12` = 21L, `13` = 11L, `14` = 15L, 
    `15` = 14L, `16` = 14L, `17` = 11L, `18` = 13L, `19` = 6L, 
    `20` = 6L, `21` = 9L, `22` = 7L, `23` = 3L, `24` = 6L, `25` = 9L, 
    `26` = 5L, `27` = 3L, `28` = 10L, `29` = 7L, `30` = 2L, `31` = 1L, 
    `32` = 3L, `33` = 3L, `34` = 4L, `35` = 2L, `36` = 3L, `37` = 1L, 
    `38` = 1L, `39` = 1L, `40` = 1L, `41` = 1L, `42` = 2L, `43` = 1L, 
    `46` = 1L, `60` = 1L), .Dim = 45L, .Dimnames = structure(list(
        c("1", "2", "3", "4", "5", "6", "7", "8", "9", "10", 
        "11", "12", "13", "14", "15", "16", "17", "18", "19", 
        "20", "21", "22", "23", "24", "25", "26", "27", "28", 
        "29", "30", "31", "32", "33", "34", "35", "36", "37", 
        "38", "39", "40", "41", "42", "43", "46", "60")), .Names = ""), class = "table"), 
    No.Tag = structure(c(0L, 1L, 87L, 4L, 0L, 1L, 0L, 0L, 65L, 
    2L, 0L, 0L, 0L, 0L, 0L, 0L, 0L, 0L, 0L, 0L, 14L, 2L, 0L, 
    0L), .Dim = c(6L, 4L), .Dimnames = structure(list(c("-2", 
    "-1", "0", "1", "2", NA), c("A", "G", "T", NA)), .Names = c("", 
    "")), class = "table"), All.Tags = list(Concordant = list(
        Freqs = structure(c(0, 0, 301, 0, 0, 0, 1, 208, 0, 0, 
        0, 0, 0, 0, 0), .Dim = c(5L, 3L), .Dimnames = list(c("-2", 
        "-1", "0", "1", "2"), c("A", "G", "T"))), N = 510), Majority = list(
        Freqs = structure(c(0, 1, 363, 2, 0, 0, 1, 254, 0, 0, 
        0, 0, 0, 0, 0), .Dim = c(5L, 3L), .Dimnames = list(c("-2", 
        "-1", "0", "1", "2"), c("A", "G", "T"))), N = 621)), 
    `2` = structure(c(0, 1, 296, 2, 0, 0, 0, 198, 0, 0, 0, 0, 
    0, 0, 0), .Dim = c(5L, 3L), .Dimnames = list(c("-2", "-1", 
    "0", "1", "2"), c("A", "G", "T"))))))
