Results <-
list(`bwaOutput/20210421msiMNRsJenny/210778_S26.sam` = list(LR17_SNP1 = list(
    All = list(Freqs = structure(c(1L, 10L, 305L, 8490L, 112L, 
    2L, 63L, 0L, 0L, 0L, 4L, 0L, 0L, 0L, 0L, 0L, 9L, 605L, 3L, 
    0L, 0L), .Dim = c(7L, 3L), .Dimnames = structure(list(c("-3", 
    "-2", "-1", "0", "1", "2", NA), c("A", "G", NA)), .Names = c("", 
    "")), class = "table"), N = 9604L), Tag.Distribution = structure(c(`1` = 231L, 
    `2` = 55L, `3` = 51L, `4` = 48L, `5` = 45L, `6` = 38L, `7` = 45L, 
    `8` = 38L, `9` = 26L, `10` = 26L, `11` = 22L, `12` = 25L, 
    `13` = 24L, `14` = 24L, `15` = 26L, `16` = 20L, `17` = 20L, 
    `18` = 15L, `19` = 17L, `20` = 14L, `21` = 17L, `22` = 14L, 
    `23` = 10L, `24` = 13L, `25` = 6L, `26` = 7L, `27` = 11L, 
    `28` = 13L, `29` = 10L, `30` = 2L, `31` = 9L, `32` = 4L, 
    `33` = 5L, `34` = 3L, `36` = 4L, `37` = 4L, `38` = 1L, `39` = 1L, 
    `40` = 1L, `46` = 1L, `47` = 1L, `48` = 1L, `53` = 1L, `58` = 1L, 
    `71` = 1L), .Dim = 45L, .Dimnames = structure(list(c("1", 
    "2", "3", "4", "5", "6", "7", "8", "9", "10", "11", "12", 
    "13", "14", "15", "16", "17", "18", "19", "20", "21", "22", 
    "23", "24", "25", "26", "27", "28", "29", "30", "31", "32", 
    "33", "34", "36", "37", "38", "39", "40", "46", "47", "48", 
    "53", "58", "71")), .Names = ""), class = "table"), No.Tag = structure(c(0L, 
    1L, 10L, 241L, 0L, 0L, 7L, 0L, 0L, 0L, 0L, 0L, 0L, 0L, 0L, 
    0L, 0L, 24L, 0L, 0L, 0L), .Dim = c(7L, 3L), .Dimnames = structure(list(
        c("-3", "-2", "-1", "0", "1", "2", NA), c("A", "G", NA
        )), .Names = c("", "")), class = "table"), All.Tags = list(
        Concordant = list(Freqs = structure(c(0, 0, 8, 668, 3, 
        1, 0, 0, 0, 0, 0, 0), .Dim = c(6L, 2L), .Dimnames = list(
            c("-3", "-2", "-1", "0", "1", "2"), c("A", "G"))), 
            N = 680), Majority = list(Freqs = structure(c(0, 
        0, 10, 900, 4, 1, 0, 0, 0, 0, 0, 0), .Dim = c(6L, 2L), .Dimnames = list(
            c("-3", "-2", "-1", "0", "1", "2"), c("A", "G"))), 
            N = 915)), `2` = structure(c(0, 0, 4, 704, 2, 0, 
    0, 0, 0, 0, 0, 0), .Dim = c(6L, 2L), .Dimnames = list(c("-3", 
    "-2", "-1", "0", "1", "2"), c("A", "G"))))))
