Results <-
list(`bwaOutput/20210421msiMNRsJenny/210777_S25.sam` = list(LR49_SNP1 = list(
    All = list(Freqs = structure(c(0L, 10L, 0L, 0L, 11L, 5030L, 
    4L, 11L, 0L, 33L, 0L, 0L), .Dim = 4:3, .Dimnames = structure(list(
        c("-1", "0", "1", NA), c("A", "G", NA)), .Names = c("", 
    "")), class = "table"), N = 5099L), Tag.Distribution = structure(c(`1` = 175L, 
    `2` = 67L, `3` = 60L, `4` = 47L, `5` = 29L, `6` = 40L, `7` = 30L, 
    `8` = 41L, `9` = 23L, `10` = 29L, `11` = 23L, `12` = 20L, 
    `13` = 19L, `14` = 17L, `15` = 12L, `16` = 12L, `17` = 8L, 
    `18` = 7L, `19` = 5L, `20` = 4L, `21` = 4L, `22` = 4L, `23` = 5L, 
    `24` = 4L, `25` = 2L, `27` = 2L, `28` = 3L, `31` = 1L, `33` = 5L, 
    `34` = 2L, `35` = 1L, `40` = 1L, `41` = 1L, `43` = 2L), .Dim = 34L, .Dimnames = structure(list(
        c("1", "2", "3", "4", "5", "6", "7", "8", "9", "10", 
        "11", "12", "13", "14", "15", "16", "17", "18", "19", 
        "20", "21", "22", "23", "24", "25", "27", "28", "31", 
        "33", "34", "35", "40", "41", "43")), .Names = ""), class = "table"), 
    No.Tag = structure(c(0L, 0L, 0L, 0L, 0L, 170L, 0L, 2L, 0L, 
    6L, 0L, 0L), .Dim = 4:3, .Dimnames = structure(list(c("-1", 
    "0", "1", NA), c("A", "G", NA)), .Names = c("", "")), class = "table"), 
    All.Tags = list(Concordant = list(Freqs = structure(c(0, 
    5, 0, 0, 676, 0), .Dim = 3:2, .Dimnames = list(c("-1", "0", 
    "1"), c("A", "G"))), N = 681), Majority = list(Freqs = structure(c(0, 
    5, 0, 0, 695, 0), .Dim = 3:2, .Dimnames = list(c("-1", "0", 
    "1"), c("A", "G"))), N = 700)), `2` = structure(c(0, 0, 0, 
    0, 529, 0), .Dim = 3:2, .Dimnames = list(c("-1", "0", "1"
    ), c("A", "G"))))))
