Results <-
list(`bwaOutput/20210421msiMNRsJenny/210777_S25.sam` = list(LR40_SNP1 = list(
    All = list(Freqs = structure(c(1L, 64L, 5961L, 18L, 21L, 
    0L, 0L, 1L, 0L, 0L, 0L, 0L, 48L, 0L, 0L), .Dim = c(5L, 3L
    ), .Dimnames = structure(list(c("-2", "-1", "0", "1", NA), 
        c("C", "T", NA)), .Names = c("", "")), class = "table"), 
        N = 6114L), Tag.Distribution = structure(c(`1` = 156L, 
    `2` = 71L, `3` = 69L, `4` = 50L, `5` = 45L, `6` = 41L, `7` = 39L, 
    `8` = 37L, `9` = 30L, `10` = 17L, `11` = 22L, `12` = 16L, 
    `13` = 17L, `14` = 14L, `15` = 17L, `16` = 6L, `17` = 10L, 
    `18` = 9L, `19` = 2L, `20` = 5L, `21` = 9L, `22` = 5L, `23` = 7L, 
    `24` = 6L, `25` = 5L, `26` = 1L, `27` = 4L, `28` = 4L, `29` = 2L, 
    `30` = 3L, `31` = 2L, `32` = 2L, `33` = 3L, `34` = 2L, `35` = 2L, 
    `36` = 3L, `37` = 1L, `38` = 1L, `40` = 1L, `41` = 1L, `42` = 2L, 
    `43` = 1L, `44` = 2L, `50` = 1L, `54` = 1L, `61` = 1L), .Dim = 46L, .Dimnames = structure(list(
        c("1", "2", "3", "4", "5", "6", "7", "8", "9", "10", 
        "11", "12", "13", "14", "15", "16", "17", "18", "19", 
        "20", "21", "22", "23", "24", "25", "26", "27", "28", 
        "29", "30", "31", "32", "33", "34", "35", "36", "37", 
        "38", "40", "41", "42", "43", "44", "50", "54", "61")), .Names = ""), class = "table"), 
    No.Tag = structure(c(0L, 0L, 119L, 0L, 6L, 0L, 0L, 0L, 0L, 
    0L, 0L, 0L, 2L, 0L, 0L), .Dim = c(5L, 3L), .Dimnames = structure(list(
        c("-2", "-1", "0", "1", NA), c("C", "T", NA)), .Names = c("", 
    "")), class = "table"), All.Tags = list(Concordant = list(
        Freqs = structure(c(0, 0, 672, 0, 0, 0, 0, 0), .Dim = c(4L, 
        2L), .Dimnames = list(c("-2", "-1", "0", "1"), c("C", 
        "T"))), N = 672), Majority = list(Freqs = structure(c(0, 
    0, 735, 0, 0, 0, 0, 0), .Dim = c(4L, 2L), .Dimnames = list(
        c("-2", "-1", "0", "1"), c("C", "T"))), N = 735)), `2` = structure(c(0, 
    0, 587, 0, 0, 0, 0, 0), .Dim = c(4L, 2L), .Dimnames = list(
        c("-2", "-1", "0", "1"), c("C", "T"))))))
