Results <-
list(`bwaOutput/20210421msiMNRsJenny/210777_S25.sam` = list(LR20_SNP1 = list(
    All = list(Freqs = structure(c(0L, 12L, 0L, 0L, 22L, 8086L, 
    15L, 13L, 0L, 3L, 0L, 0L, 1L, 107L, 1L, 0L), .Dim = c(4L, 
    4L), .Dimnames = structure(list(c("-1", "0", "1", NA), c("A", 
    "G", "T", NA)), .Names = c("", "")), class = "table"), N = 8260L), 
    Tag.Distribution = structure(c(`1` = 200L, `2` = 71L, `3` = 65L, 
    `4` = 64L, `5` = 53L, `6` = 52L, `7` = 38L, `8` = 28L, `9` = 44L, 
    `10` = 37L, `11` = 28L, `12` = 27L, `13` = 18L, `14` = 13L, 
    `15` = 22L, `16` = 18L, `17` = 17L, `18` = 18L, `19` = 12L, 
    `20` = 5L, `21` = 9L, `22` = 9L, `23` = 6L, `24` = 7L, `25` = 10L, 
    `26` = 7L, `27` = 9L, `28` = 5L, `29` = 6L, `30` = 7L, `31` = 4L, 
    `33` = 2L, `35` = 1L, `36` = 4L, `37` = 1L, `38` = 1L, `39` = 1L, 
    `41` = 2L, `42` = 1L, `43` = 1L, `63` = 1L, `70` = 1L), .Dim = 42L, .Dimnames = structure(list(
        c("1", "2", "3", "4", "5", "6", "7", "8", "9", "10", 
        "11", "12", "13", "14", "15", "16", "17", "18", "19", 
        "20", "21", "22", "23", "24", "25", "26", "27", "28", 
        "29", "30", "31", "33", "35", "36", "37", "38", "39", 
        "41", "42", "43", "63", "70")), .Names = ""), class = "table"), 
    No.Tag = structure(c(0L, 1L, 0L, 0L, 0L, 325L, 0L, 7L, 0L, 
    1L, 0L, 0L, 0L, 18L, 0L, 0L), .Dim = c(4L, 4L), .Dimnames = structure(list(
        c("-1", "0", "1", NA), c("A", "G", "T", NA)), .Names = c("", 
    "")), class = "table"), All.Tags = list(Concordant = list(
        Freqs = structure(c(0, 7, 0, 1, 864, 0, 0, 0, 0), .Dim = c(3L, 
        3L), .Dimnames = list(c("-1", "0", "1"), c("A", "G", 
        "T"))), N = 872), Majority = list(Freqs = structure(c(0, 
    7, 0, 1, 901, 0, 0, 0, 0), .Dim = c(3L, 3L), .Dimnames = list(
        c("-1", "0", "1"), c("A", "G", "T"))), N = 909)), `2` = structure(c(0, 
    0, 0, 0, 725, 0, 0, 0, 0), .Dim = c(3L, 3L), .Dimnames = list(
        c("-1", "0", "1"), c("A", "G", "T"))))))
