Results <-
list(`bwaOutput/20210421msiMNRsJenny/210777_S25.sam` = list(LR10_SNP1 = list(
    All = list(Freqs = structure(c(1L, 6L, 0L, 0L, 85L, 6308L, 
    27L, 4L, 2L, 97L, 4L, 0L), .Dim = 4:3, .Dimnames = structure(list(
        c("-1", "0", "1", NA), c("C", "T", NA)), .Names = c("", 
    "")), class = "table"), N = 6534L), Tag.Distribution = structure(c(`1` = 153L, 
    `2` = 53L, `3` = 48L, `4` = 47L, `5` = 35L, `6` = 27L, `7` = 36L, 
    `8` = 26L, `9` = 25L, `10` = 15L, `11` = 17L, `12` = 12L, 
    `13` = 14L, `14` = 13L, `15` = 15L, `16` = 16L, `17` = 14L, 
    `18` = 6L, `19` = 8L, `20` = 7L, `21` = 13L, `22` = 6L, `23` = 6L, 
    `24` = 6L, `25` = 3L, `26` = 7L, `27` = 1L, `28` = 11L, `29` = 3L, 
    `30` = 4L, `31` = 1L, `32` = 6L, `33` = 6L, `34` = 2L, `35` = 6L, 
    `36` = 2L, `37` = 1L, `38` = 3L, `41` = 1L, `42` = 1L, `43` = 1L, 
    `44` = 1L, `49` = 1L, `53` = 1L, `57` = 1L, `58` = 1L), .Dim = 46L, .Dimnames = structure(list(
        c("1", "2", "3", "4", "5", "6", "7", "8", "9", "10", 
        "11", "12", "13", "14", "15", "16", "17", "18", "19", 
        "20", "21", "22", "23", "24", "25", "26", "27", "28", 
        "29", "30", "31", "32", "33", "34", "35", "36", "37", 
        "38", "41", "42", "43", "44", "49", "53", "57", "58")), .Names = ""), class = "table"), 
    No.Tag = structure(c(0L, 1L, 0L, 0L, 0L, 144L, 1L, 0L, 0L, 
    15L, 1L, 0L), .Dim = 4:3, .Dimnames = structure(list(c("-1", 
    "0", "1", NA), c("C", "T", NA)), .Names = c("", "")), class = "table"), 
    All.Tags = list(Concordant = list(Freqs = structure(c(1, 
    2, 0, 0, 584, 0), .Dim = 3:2, .Dimnames = list(c("-1", "0", 
    "1"), c("C", "T"))), N = 587), Majority = list(Freqs = structure(c(1, 
    2, 0, 1, 669, 0), .Dim = 3:2, .Dimnames = list(c("-1", "0", 
    "1"), c("C", "T"))), N = 673)), `2` = structure(c(0, 0, 0, 
    1, 526, 0), .Dim = 3:2, .Dimnames = list(c("-1", "0", "1"
    ), c("C", "T"))))))
