Results <-
list(`bwaOutput/20210421msiMNRsJenny/210777_S25.sam` = list(GM09_SNP1 = list(
    All = list(Freqs = structure(c(36L, 6721L, 11L, 6L, 0L, 14L, 
    0L, 0L, 0L, 1L, 0L, 0L, 0L, 40L, 0L, 0L), .Dim = c(4L, 4L
    ), .Dimnames = structure(list(c("-1", "0", "1", NA), c("A", 
    "G", "T", NA)), .Names = c("", "")), class = "table"), N = 6829L), 
    Tag.Distribution = structure(c(`1` = 175L, `2` = 48L, `3` = 57L, 
    `4` = 64L, `5` = 37L, `6` = 46L, `7` = 22L, `8` = 31L, `9` = 30L, 
    `10` = 21L, `11` = 22L, `12` = 25L, `13` = 14L, `14` = 18L, 
    `15` = 16L, `16` = 17L, `17` = 11L, `18` = 8L, `19` = 21L, 
    `20` = 9L, `21` = 6L, `22` = 8L, `23` = 8L, `24` = 3L, `25` = 6L, 
    `26` = 6L, `27` = 5L, `28` = 3L, `29` = 3L, `30` = 4L, `31` = 3L, 
    `32` = 6L, `33` = 1L, `34` = 2L, `35` = 1L, `36` = 2L, `38` = 1L, 
    `39` = 1L, `41` = 1L, `42` = 2L, `43` = 1L, `44` = 1L, `47` = 1L, 
    `53` = 1L), .Dim = 44L, .Dimnames = structure(list(c("1", 
    "2", "3", "4", "5", "6", "7", "8", "9", "10", "11", "12", 
    "13", "14", "15", "16", "17", "18", "19", "20", "21", "22", 
    "23", "24", "25", "26", "27", "28", "29", "30", "31", "32", 
    "33", "34", "35", "36", "38", "39", "41", "42", "43", "44", 
    "47", "53")), .Names = ""), class = "table"), No.Tag = structure(c(1L, 
    210L, 1L, 1L, 0L, 0L, 0L, 0L, 0L, 0L, 0L, 0L, 0L, 5L, 0L, 
    0L), .Dim = c(4L, 4L), .Dimnames = structure(list(c("-1", 
    "0", "1", NA), c("A", "G", "T", NA)), .Names = c("", "")), class = "table"), 
    All.Tags = list(Concordant = list(Freqs = structure(c(2, 
    698, 1, 0, 8, 0, 0, 0, 0), .Dim = c(3L, 3L), .Dimnames = list(
        c("-1", "0", "1"), c("A", "G", "T"))), N = 709), Majority = list(
        Freqs = structure(c(3, 737, 1, 0, 8, 0, 0, 0, 0), .Dim = c(3L, 
        3L), .Dimnames = list(c("-1", "0", "1"), c("A", "G", 
        "T"))), N = 749)), `2` = structure(c(1, 587, 0, 0, 0, 
    0, 0, 0, 0), .Dim = c(3L, 3L), .Dimnames = list(c("-1", "0", 
    "1"), c("A", "G", "T"))))))
