Results <-
list(`bwaOutput/20210421msiMNRsJenny/210778_S26.sam` = list(GM07_SNP1 = list(
    All = list(Freqs = structure(c(0L, 0L, 5L, 0L, 0L, 0L, 2L, 
    250L, 4227L, 90L, 1L, 68L, 0L, 0L, 1L, 0L, 0L, 0L, 0L, 1L, 
    94L, 4L, 0L, 0L), .Dim = c(6L, 4L), .Dimnames = structure(list(
        c("-2", "-1", "0", "1", "2", NA), c("A", "G", "T", NA
        )), .Names = c("", "")), class = "table"), N = 4743L), 
    Tag.Distribution = structure(c(`1` = 135L, `2` = 44L, `3` = 33L, 
    `4` = 34L, `5` = 28L, `6` = 29L, `7` = 29L, `8` = 18L, `9` = 22L, 
    `10` = 13L, `11` = 8L, `12` = 17L, `13` = 11L, `14` = 19L, 
    `15` = 11L, `16` = 10L, `17` = 7L, `18` = 5L, `19` = 5L, 
    `20` = 8L, `21` = 5L, `22` = 3L, `24` = 2L, `25` = 10L, `26` = 3L, 
    `27` = 3L, `28` = 6L, `29` = 3L, `30` = 2L, `31` = 2L, `32` = 3L, 
    `33` = 1L, `34` = 3L, `35` = 1L, `36` = 1L, `37` = 2L, `38` = 1L, 
    `44` = 1L, `47` = 1L, `49` = 1L, `51` = 1L), .Dim = 41L, .Dimnames = structure(list(
        c("1", "2", "3", "4", "5", "6", "7", "8", "9", "10", 
        "11", "12", "13", "14", "15", "16", "17", "18", "19", 
        "20", "21", "22", "24", "25", "26", "27", "28", "29", 
        "30", "31", "32", "33", "34", "35", "36", "37", "38", 
        "44", "47", "49", "51")), .Names = ""), class = "table"), 
    No.Tag = structure(c(0L, 0L, 0L, 0L, 0L, 0L, 0L, 10L, 163L, 
    3L, 0L, 9L, 0L, 0L, 0L, 0L, 0L, 0L, 0L, 0L, 11L, 0L, 0L, 
    0L), .Dim = c(6L, 4L), .Dimnames = structure(list(c("-2", 
    "-1", "0", "1", "2", NA), c("A", "G", "T", NA)), .Names = c("", 
    "")), class = "table"), All.Tags = list(Concordant = list(
        Freqs = structure(c(0, 0, 1, 0, 0, 0, 12, 341, 2, 0, 
        0, 0, 0, 0, 0), .Dim = c(5L, 3L), .Dimnames = list(c("-2", 
        "-1", "0", "1", "2"), c("A", "G", "T"))), N = 356), Majority = list(
        Freqs = structure(c(0, 0, 1, 0, 0, 0, 13, 505, 2, 0, 
        0, 0, 0, 0, 0), .Dim = c(5L, 3L), .Dimnames = list(c("-2", 
        "-1", "0", "1", "2"), c("A", "G", "T"))), N = 521)), 
    `2` = structure(c(0, 0, 0, 0, 0, 0, 6, 394, 0, 0, 0, 0, 0, 
    0, 0), .Dim = c(5L, 3L), .Dimnames = list(c("-2", "-1", "0", 
    "1", "2"), c("A", "G", "T"))))))
