Results <-
list(`bwaOutput/20210421msiMNRsJenny/210777_S25.sam` = list(LR24_SNP1 = list(
    All = list(Freqs = structure(c(0L, 32L, 0L, 0L, 1L, 20L, 
    6043L, 12L, 1L, 3L, 0L, 30L, 0L, 0L, 0L), .Dim = c(5L, 3L
    ), .Dimnames = structure(list(c("-1", "0", "1", "2", NA), 
        c("A", "G", NA)), .Names = c("", "")), class = "table"), 
        N = 6142L), Tag.Distribution = structure(c(`1` = 229L, 
    `2` = 99L, `3` = 75L, `4` = 63L, `5` = 64L, `6` = 57L, `7` = 44L, 
    `8` = 40L, `9` = 33L, `10` = 35L, `11` = 32L, `12` = 25L, 
    `13` = 23L, `14` = 18L, `15` = 15L, `16` = 16L, `17` = 8L, 
    `18` = 13L, `19` = 9L, `20` = 5L, `21` = 4L, `22` = 1L, `23` = 4L, 
    `24` = 2L, `25` = 2L, `26` = 2L, `27` = 2L, `28` = 1L, `29` = 1L, 
    `30` = 2L, `32` = 1L, `34` = 1L, `37` = 1L, `41` = 1L, `46` = 1L
    ), .Dim = 35L, .Dimnames = structure(list(c("1", "2", "3", 
    "4", "5", "6", "7", "8", "9", "10", "11", "12", "13", "14", 
    "15", "16", "17", "18", "19", "20", "21", "22", "23", "24", 
    "25", "26", "27", "28", "29", "30", "32", "34", "37", "41", 
    "46")), .Names = ""), class = "table"), No.Tag = structure(c(0L, 
    1L, 0L, 0L, 1L, 0L, 257L, 0L, 0L, 1L, 0L, 7L, 0L, 0L, 0L), .Dim = c(5L, 
    3L), .Dimnames = structure(list(c("-1", "0", "1", "2", NA
    ), c("A", "G", NA)), .Names = c("", "")), class = "table"), 
    All.Tags = list(Concordant = list(Freqs = structure(c(0, 
    5, 0, 0, 1, 884, 0, 0), .Dim = c(4L, 2L), .Dimnames = list(
        c("-1", "0", "1", "2"), c("A", "G"))), N = 890), Majority = list(
        Freqs = structure(c(0, 6, 0, 0, 1, 915, 0, 0), .Dim = c(4L, 
        2L), .Dimnames = list(c("-1", "0", "1", "2"), c("A", 
        "G"))), N = 922)), `2` = structure(c(0, 3, 0, 0, 0, 693, 
    0, 0), .Dim = c(4L, 2L), .Dimnames = list(c("-1", "0", "1", 
    "2"), c("A", "G"))))))
