Results <-
list(`bwaOutput/20210421msiMNRsJenny/210777_S25.sam` = list(LR36_SNP1 = list(
    All = list(Freqs = structure(c(0L, 1L, 4L, 40L, 2072L, 20L, 
    1L, 22L, 0L, 0L, 0L, 0L, 3L, 0L, 0L, 0L, 1L, 0L, 5L, 80L, 
    3929L, 34L, 1L, 45L, 0L, 0L, 1L, 6L, 365L, 6L, 0L, 0L), .Dim = c(8L, 
    4L), .Dimnames = structure(list(c("-5", "-3", "-2", "-1", 
    "0", "1", "2", NA), c("A", "G", "T", NA)), .Names = c("", 
    "")), class = "table"), N = 6636L), Tag.Distribution = structure(c(`1` = 173L, 
    `2` = 58L, `3` = 44L, `4` = 40L, `5` = 33L, `6` = 43L, `7` = 27L, 
    `8` = 31L, `9` = 18L, `10` = 25L, `11` = 17L, `12` = 24L, 
    `13` = 17L, `14` = 13L, `15` = 16L, `16` = 18L, `17` = 15L, 
    `18` = 19L, `19` = 8L, `20` = 9L, `21` = 5L, `22` = 5L, `23` = 5L, 
    `24` = 7L, `25` = 7L, `26` = 5L, `27` = 8L, `28` = 9L, `29` = 2L, 
    `30` = 2L, `31` = 6L, `32` = 5L, `33` = 2L, `35` = 2L, `36` = 2L, 
    `37` = 1L, `41` = 1L, `42` = 1L, `49` = 1L, `50` = 1L, `56` = 1L
    ), .Dim = 41L, .Dimnames = structure(list(c("1", "2", "3", 
    "4", "5", "6", "7", "8", "9", "10", "11", "12", "13", "14", 
    "15", "16", "17", "18", "19", "20", "21", "22", "23", "24", 
    "25", "26", "27", "28", "29", "30", "31", "32", "33", "35", 
    "36", "37", "41", "42", "49", "50", "56")), .Names = ""), class = "table"), 
    No.Tag = structure(c(0L, 0L, 0L, 0L, 97L, 2L, 0L, 5L, 0L, 
    0L, 0L, 0L, 1L, 0L, 0L, 0L, 0L, 0L, 0L, 2L, 100L, 1L, 0L, 
    3L, 0L, 0L, 1L, 0L, 18L, 0L, 0L, 0L), .Dim = c(8L, 4L), .Dimnames = structure(list(
        c("-5", "-3", "-2", "-1", "0", "1", "2", NA), c("A", 
        "G", "T", NA)), .Names = c("", "")), class = "table"), 
    All.Tags = list(Concordant = list(Freqs = structure(c(0, 
    0, 0, 0, 170, 2, 0, 0, 0, 0, 0, 0, 0, 0, 0, 0, 1, 1, 350, 
    0, 0), .Dim = c(7L, 3L), .Dimnames = list(c("-5", "-3", "-2", 
    "-1", "0", "1", "2"), c("A", "G", "T"))), N = 524), Majority = list(
        Freqs = structure(c(0, 0, 0, 0, 220, 2, 0, 0, 0, 0, 0, 
        0, 0, 0, 0, 0, 1, 1, 466, 0, 0), .Dim = c(7L, 3L), .Dimnames = list(
            c("-5", "-3", "-2", "-1", "0", "1", "2"), c("A", 
            "G", "T"))), N = 690)), `2` = structure(c(0, 0, 0, 
    0, 173, 0, 0, 0, 0, 0, 0, 0, 0, 0, 0, 0, 0, 0, 376, 0, 0), .Dim = c(7L, 
    3L), .Dimnames = list(c("-5", "-3", "-2", "-1", "0", "1", 
    "2"), c("A", "G", "T"))))))
