Results <-
list(`bwaOutput/20210421msiMNRsJenny/210778_S26.sam` = list(LR49_SNP1 = list(
    All = list(Freqs = structure(c(13L, 2424L, 2L, 1L, 16L, 2352L, 
    1L, 3L, 0L, 1L, 0L, 0L, 0L, 69L, 0L, 0L), .Dim = c(4L, 4L
    ), .Dimnames = structure(list(c("-1", "0", "1", NA), c("A", 
    "G", "T", NA)), .Names = c("", "")), class = "table"), N = 4882L), 
    Tag.Distribution = structure(c(`1` = 155L, `2` = 59L, `3` = 56L, 
    `4` = 52L, `5` = 37L, `6` = 39L, `7` = 30L, `8` = 40L, `9` = 30L, 
    `10` = 14L, `11` = 17L, `12` = 18L, `13` = 16L, `14` = 8L, 
    `15` = 16L, `16` = 8L, `17` = 10L, `18` = 4L, `19` = 3L, 
    `20` = 9L, `21` = 2L, `22` = 4L, `23` = 2L, `24` = 5L, `25` = 1L, 
    `27` = 4L, `28` = 1L, `29` = 3L, `30` = 4L, `31` = 1L, `33` = 3L, 
    `34` = 2L, `35` = 1L, `37` = 1L, `38` = 1L, `40` = 1L, `44` = 1L, 
    `47` = 1L, `49` = 1L), .Dim = 39L, .Dimnames = structure(list(
        c("1", "2", "3", "4", "5", "6", "7", "8", "9", "10", 
        "11", "12", "13", "14", "15", "16", "17", "18", "19", 
        "20", "21", "22", "23", "24", "25", "27", "28", "29", 
        "30", "31", "33", "34", "35", "37", "38", "40", "44", 
        "47", "49")), .Names = ""), class = "table"), No.Tag = structure(c(0L, 
    69L, 0L, 0L, 0L, 72L, 0L, 0L, 0L, 0L, 0L, 0L, 0L, 11L, 0L, 
    0L), .Dim = c(4L, 4L), .Dimnames = structure(list(c("-1", 
    "0", "1", NA), c("A", "G", "T", NA)), .Names = c("", "")), class = "table"), 
    All.Tags = list(Concordant = list(Freqs = structure(c(0, 
    289, 0, 2, 293, 0, 0, 0, 0), .Dim = c(3L, 3L), .Dimnames = list(
        c("-1", "0", "1"), c("A", "G", "T"))), N = 584), Majority = list(
        Freqs = structure(c(1, 319, 0, 2, 319, 0, 0, 0, 0), .Dim = c(3L, 
        3L), .Dimnames = list(c("-1", "0", "1"), c("A", "G", 
        "T"))), N = 641)), `2` = structure(c(1, 245, 0, 1, 250, 
    0, 0, 0, 0), .Dim = c(3L, 3L), .Dimnames = list(c("-1", "0", 
    "1"), c("A", "G", "T"))))))
