Results <-
list(`bwaOutput/20210421msiMNRsJenny/210778_S26.sam` = list(LR24_SNP1 = list(
    All = list(Freqs = structure(c(0L, 8L, 2236L, 6L, 2L, 1L, 
    8L, 2951L, 10L, 4L, 0L, 0L, 1L, 0L, 0L, 0L, 0L, 26L, 0L, 
    0L), .Dim = 5:4, .Dimnames = structure(list(c("-2", "-1", 
    "0", "1", NA), c("A", "G", "T", NA)), .Names = c("", "")), class = "table"), 
        N = 5253L), Tag.Distribution = structure(c(`1` = 184L, 
    `2` = 77L, `3` = 63L, `4` = 64L, `5` = 51L, `6` = 46L, `7` = 38L, 
    `8` = 38L, `9` = 21L, `10` = 25L, `11` = 16L, `12` = 23L, 
    `13` = 18L, `14` = 13L, `15` = 11L, `16` = 17L, `17` = 9L, 
    `18` = 7L, `19` = 6L, `20` = 6L, `21` = 3L, `22` = 4L, `24` = 3L, 
    `25` = 2L, `26` = 5L, `27` = 3L, `28` = 3L, `29` = 2L, `30` = 1L, 
    `33` = 2L, `37` = 1L, `39` = 1L, `40` = 1L, `41` = 1L, `49` = 1L
    ), .Dim = 35L, .Dimnames = structure(list(c("1", "2", "3", 
    "4", "5", "6", "7", "8", "9", "10", "11", "12", "13", "14", 
    "15", "16", "17", "18", "19", "20", "21", "22", "24", "25", 
    "26", "27", "28", "29", "30", "33", "37", "39", "40", "41", 
    "49")), .Names = ""), class = "table"), No.Tag = structure(c(0L, 
    0L, 77L, 0L, 1L, 0L, 0L, 104L, 0L, 0L, 0L, 0L, 0L, 0L, 0L, 
    0L, 0L, 2L, 0L, 0L), .Dim = 5:4, .Dimnames = structure(list(
        c("-2", "-1", "0", "1", NA), c("A", "G", "T", NA)), .Names = c("", 
    "")), class = "table"), All.Tags = list(Concordant = list(
        Freqs = structure(c(0, 1, 305, 0, 0, 1, 382, 0, 0, 0, 
        0, 0), .Dim = 4:3, .Dimnames = list(c("-2", "-1", "0", 
        "1"), c("A", "G", "T"))), N = 689), Majority = list(Freqs = structure(c(0, 
    1, 337, 0, 0, 1, 418, 0, 0, 0, 0, 0), .Dim = 4:3, .Dimnames = list(
        c("-2", "-1", "0", "1"), c("A", "G", "T"))), N = 757)), 
    `2` = structure(c(0, 0, 258, 0, 0, 0, 319, 0, 0, 0, 0, 0), .Dim = 4:3, .Dimnames = list(
        c("-2", "-1", "0", "1"), c("A", "G", "T"))))))
