Results <-
list(`bwaOutput/20210421msiMNRsJenny/210777_S25.sam` = list(IM16_SNP1 = list(
    All = list(Freqs = structure(c(21L, 2618L, 46L, 1L, 4L, 50L, 
    3386L, 54L, 1L, 4L, 2L, 88L, 7L, 0L, 0L), .Dim = c(5L, 3L
    ), .Dimnames = structure(list(c("-1", "0", "1", "2", NA), 
        c("A", "G", NA)), .Names = c("", "")), class = "table"), 
        N = 6282L), Tag.Distribution = structure(c(`1` = 143L, 
    `2` = 54L, `3` = 45L, `4` = 46L, `5` = 28L, `6` = 46L, `7` = 35L, 
    `8` = 32L, `9` = 27L, `10` = 19L, `11` = 33L, `12` = 20L, 
    `13` = 13L, `14` = 14L, `15` = 19L, `16` = 9L, `17` = 12L, 
    `18` = 10L, `19` = 13L, `20` = 9L, `21` = 7L, `22` = 4L, 
    `23` = 8L, `24` = 4L, `25` = 7L, `26` = 1L, `27` = 6L, `28` = 3L, 
    `29` = 1L, `30` = 1L, `31` = 1L, `32` = 6L, `33` = 5L, `34` = 4L, 
    `35` = 3L, `36` = 2L, `37` = 1L, `38` = 1L, `39` = 1L, `40` = 1L, 
    `43` = 1L), .Dim = 41L, .Dimnames = structure(list(c("1", 
    "2", "3", "4", "5", "6", "7", "8", "9", "10", "11", "12", 
    "13", "14", "15", "16", "17", "18", "19", "20", "21", "22", 
    "23", "24", "25", "26", "27", "28", "29", "30", "31", "32", 
    "33", "34", "35", "36", "37", "38", "39", "40", "43")), .Names = ""), class = "table"), 
    No.Tag = structure(c(3L, 112L, 0L, 0L, 1L, 0L, 108L, 2L, 
    0L, 1L, 0L, 8L, 0L, 0L, 0L), .Dim = c(5L, 3L), .Dimnames = structure(list(
        c("-1", "0", "1", "2", NA), c("A", "G", NA)), .Names = c("", 
    "")), class = "table"), All.Tags = list(Concordant = list(
        Freqs = structure(c(0, 236, 2, 0, 1, 319, 0, 0), .Dim = c(4L, 
        2L), .Dimnames = list(c("-1", "0", "1", "2"), c("A", 
        "G"))), N = 558), Majority = list(Freqs = structure(c(0, 
    294, 2, 0, 2, 379, 1, 0), .Dim = c(4L, 2L), .Dimnames = list(
        c("-1", "0", "1", "2"), c("A", "G"))), N = 678)), `2` = structure(c(0, 
    238, 0, 0, 1, 306, 1, 0), .Dim = c(4L, 2L), .Dimnames = list(
        c("-1", "0", "1", "2"), c("A", "G"))))))
