Results <-
list(`bwaOutput/20210421msiMNRsJenny/210778_S26.sam` = list(IM49_SNP1 = list(
    All = list(Freqs = structure(c(2L, 47L, 1359L, 26L, 2L, 8L, 
    0L, 77L, 2111L, 44L, 0L, 12L, 0L, 2L, 126L, 2L, 0L, 0L), .Dim = c(6L, 
    3L), .Dimnames = structure(list(c("-2", "-1", "0", "1", "2", 
    NA), c("C", "G", NA)), .Names = c("", "")), class = "table"), 
        N = 3818L), Tag.Distribution = structure(c(`1` = 128L, 
    `2` = 38L, `3` = 27L, `4` = 34L, `5` = 25L, `6` = 20L, `7` = 27L, 
    `8` = 13L, `9` = 22L, `10` = 20L, `11` = 17L, `12` = 14L, 
    `13` = 15L, `14` = 7L, `15` = 8L, `16` = 7L, `17` = 3L, `18` = 12L, 
    `19` = 3L, `20` = 4L, `21` = 4L, `22` = 6L, `23` = 3L, `24` = 4L, 
    `26` = 1L, `27` = 4L, `28` = 4L, `29` = 2L, `30` = 1L, `31` = 1L, 
    `32` = 1L, `33` = 3L, `34` = 1L, `38` = 2L, `44` = 1L), .Dim = 35L, .Dimnames = structure(list(
        c("1", "2", "3", "4", "5", "6", "7", "8", "9", "10", 
        "11", "12", "13", "14", "15", "16", "17", "18", "19", 
        "20", "21", "22", "23", "24", "26", "27", "28", "29", 
        "30", "31", "32", "33", "34", "38", "44")), .Names = ""), class = "table"), 
    No.Tag = structure(c(0L, 0L, 39L, 1L, 0L, 0L, 0L, 4L, 90L, 
    0L, 0L, 1L, 0L, 0L, 11L, 0L, 0L, 0L), .Dim = c(6L, 3L), .Dimnames = structure(list(
        c("-2", "-1", "0", "1", "2", NA), c("C", "G", NA)), .Names = c("", 
    "")), class = "table"), All.Tags = list(Concordant = list(
        Freqs = structure(c(0, 6, 122, 0, 0, 0, 3, 201, 3, 0), .Dim = c(5L, 
        2L), .Dimnames = list(c("-2", "-1", "0", "1", "2"), c("C", 
        "G"))), N = 335), Majority = list(Freqs = structure(c(0, 
    7, 176, 0, 0, 0, 3, 270, 4, 0), .Dim = c(5L, 2L), .Dimnames = list(
        c("-2", "-1", "0", "1", "2"), c("C", "G"))), N = 460)), 
    `2` = structure(c(0, 2, 136, 0, 0, 0, 1, 210, 1, 0), .Dim = c(5L, 
    2L), .Dimnames = list(c("-2", "-1", "0", "1", "2"), c("C", 
    "G"))))))
