Results <-
list(`bwaOutput/20210421msiMNRsJenny/210778_S26.sam` = list(DEPDC2_SNP1 = list(
    All = list(Freqs = structure(c(0L, 1L, 0L, 0L, 22L, 3417L, 
    25L, 7L, 0L, 24L, 0L, 0L, 0L, 63L, 1L, 0L), .Dim = c(4L, 
    4L), .Dimnames = structure(list(c("-1", "0", "1", NA), c("A", 
    "C", "T", NA)), .Names = c("", "")), class = "table"), N = 3560L), 
    Tag.Distribution = structure(c(`1` = 167L, `2` = 57L, `3` = 48L, 
    `4` = 34L, `5` = 23L, `6` = 29L, `7` = 21L, `8` = 20L, `9` = 15L, 
    `10` = 19L, `11` = 13L, `12` = 15L, `13` = 12L, `14` = 8L, 
    `15` = 5L, `16` = 7L, `17` = 6L, `18` = 12L, `19` = 1L, `20` = 8L, 
    `21` = 7L, `22` = 4L, `23` = 2L, `25` = 1L, `26` = 2L, `27` = 1L, 
    `28` = 2L, `30` = 2L, `31` = 1L, `32` = 1L, `33` = 1L, `35` = 1L, 
    `45` = 1L), .Dim = 33L, .Dimnames = structure(list(c("1", 
    "2", "3", "4", "5", "6", "7", "8", "9", "10", "11", "12", 
    "13", "14", "15", "16", "17", "18", "19", "20", "21", "22", 
    "23", "25", "26", "27", "28", "30", "31", "32", "33", "35", 
    "45")), .Names = ""), class = "table"), No.Tag = structure(c(0L, 
    1L, 0L, 0L, 0L, 116L, 2L, 1L, 0L, 3L, 0L, 0L, 0L, 3L, 0L, 
    0L), .Dim = c(4L, 4L), .Dimnames = structure(list(c("-1", 
    "0", "1", NA), c("A", "C", "T", NA)), .Names = c("", "")), class = "table"), 
    All.Tags = list(Concordant = list(Freqs = structure(c(0, 
    0, 0, 1, 481, 1, 0, 7, 0), .Dim = c(3L, 3L), .Dimnames = list(
        c("-1", "0", "1"), c("A", "C", "T"))), N = 490), Majority = list(
        Freqs = structure(c(0, 0, 0, 1, 523, 1, 0, 8, 0), .Dim = c(3L, 
        3L), .Dimnames = list(c("-1", "0", "1"), c("A", "C", 
        "T"))), N = 533)), `2` = structure(c(0, 0, 0, 1, 374, 
    0, 0, 2, 0), .Dim = c(3L, 3L), .Dimnames = list(c("-1", "0", 
    "1"), c("A", "C", "T"))))))
