Results <-
list(`bwaOutput/20210421msiMNRsJenny/210777_S25.sam` = list(GM26_SNP1 = list(
    All = list(Freqs = structure(c(1L, 0L, 6L, 0L, 2L, 2L, 41L, 
    3900L, 19L, 4L, 0L, 1L, 71L, 0L, 0L), .Dim = c(5L, 3L), .Dimnames = structure(list(
        c("-2", "-1", "0", "1", NA), c("A", "G", NA)), .Names = c("", 
    "")), class = "table"), N = 4047L), Tag.Distribution = structure(c(`1` = 79L, 
    `2` = 37L, `3` = 36L, `4` = 35L, `5` = 25L, `6` = 26L, `7` = 17L, 
    `8` = 17L, `9` = 16L, `10` = 14L, `11` = 17L, `12` = 15L, 
    `13` = 7L, `14` = 6L, `15` = 8L, `16` = 6L, `17` = 9L, `18` = 8L, 
    `19` = 4L, `20` = 9L, `21` = 4L, `23` = 2L, `24` = 4L, `25` = 4L, 
    `26` = 4L, `27` = 1L, `28` = 6L, `29` = 3L, `30` = 2L, `31` = 6L, 
    `32` = 1L, `33` = 2L, `34` = 1L, `35` = 3L, `36` = 2L, `38` = 1L, 
    `46` = 1L, `76` = 1L), .Dim = 38L, .Dimnames = structure(list(
        c("1", "2", "3", "4", "5", "6", "7", "8", "9", "10", 
        "11", "12", "13", "14", "15", "16", "17", "18", "19", 
        "20", "21", "23", "24", "25", "26", "27", "28", "29", 
        "30", "31", "32", "33", "34", "35", "36", "38", "46", 
        "76")), .Names = ""), class = "table"), No.Tag = structure(c(0L, 
    0L, 0L, 0L, 0L, 0L, 1L, 83L, 0L, 0L, 0L, 0L, 4L, 0L, 0L), .Dim = c(5L, 
    3L), .Dimnames = structure(list(c("-2", "-1", "0", "1", NA
    ), c("A", "G", NA)), .Names = c("", "")), class = "table"), 
    All.Tags = list(Concordant = list(Freqs = structure(c(1, 
    0, 3, 0, 0, 1, 375, 0), .Dim = c(4L, 2L), .Dimnames = list(
        c("-2", "-1", "0", "1"), c("A", "G"))), N = 380), Majority = list(
        Freqs = structure(c(1, 0, 3, 0, 0, 1, 425, 0), .Dim = c(4L, 
        2L), .Dimnames = list(c("-2", "-1", "0", "1"), c("A", 
        "G"))), N = 430)), `2` = structure(c(0, 0, 0, 0, 0, 1, 
    358, 0), .Dim = c(4L, 2L), .Dimnames = list(c("-2", "-1", 
    "0", "1"), c("A", "G"))))))
