Results <-
list(`bwaOutput/20210421msiMNRsJenny/210777_S25.sam` = list(LR44_SNP1 = list(
    All = list(Freqs = structure(c(0L, 2L, 95L, 1105L, 16L, 1L, 
    5L, 1L, 3L, 104L, 891L, 27L, 1L, 6L, 0L, 1L, 4L, 45L, 1L, 
    0L, 0L), .Dim = c(7L, 3L), .Dimnames = structure(list(c("-4", 
    "-2", "-1", "0", "1", "2", NA), c("C", "T", NA)), .Names = c("", 
    "")), class = "table"), N = 2308L), Tag.Distribution = structure(c(`1` = 64L, 
    `2` = 32L, `3` = 23L, `4` = 15L, `5` = 18L, `6` = 20L, `7` = 23L, 
    `8` = 9L, `9` = 8L, `10` = 8L, `11` = 6L, `12` = 8L, `13` = 4L, 
    `14` = 4L, `15` = 4L, `16` = 8L, `17` = 8L, `18` = 7L, `19` = 7L, 
    `20` = 2L, `21` = 2L, `22` = 1L, `23` = 2L, `24` = 3L, `25` = 1L, 
    `27` = 4L, `29` = 2L, `30` = 3L, `41` = 1L), .Dim = 29L, .Dimnames = structure(list(
        c("1", "2", "3", "4", "5", "6", "7", "8", "9", "10", 
        "11", "12", "13", "14", "15", "16", "17", "18", "19", 
        "20", "21", "22", "23", "24", "25", "27", "29", "30", 
        "41")), .Names = ""), class = "table"), No.Tag = structure(c(0L, 
    1L, 9L, 24L, 0L, 0L, 0L, 0L, 0L, 2L, 20L, 1L, 0L, 2L, 0L, 
    0L, 0L, 0L, 0L, 0L, 0L), .Dim = c(7L, 3L), .Dimnames = structure(list(
        c("-4", "-2", "-1", "0", "1", "2", NA), c("C", "T", NA
        )), .Names = c("", "")), class = "table"), All.Tags = list(
        Concordant = list(Freqs = structure(c(0, 0, 1, 91, 0, 
        0, 0, 0, 3, 92, 2, 0), .Dim = c(6L, 2L), .Dimnames = list(
            c("-4", "-2", "-1", "0", "1", "2"), c("C", "T"))), 
            N = 189), Majority = list(Freqs = structure(c(0, 
        0, 1, 139, 1, 0, 0, 0, 4, 141, 3, 0), .Dim = c(6L, 2L
        ), .Dimnames = list(c("-4", "-2", "-1", "0", "1", "2"
        ), c("C", "T"))), N = 289)), `2` = structure(c(0, 0, 
    1, 114, 1, 0, 0, 0, 2, 108, 1, 0), .Dim = c(6L, 2L), .Dimnames = list(
        c("-4", "-2", "-1", "0", "1", "2"), c("C", "T"))))))
