Results <-
list(`bwaOutput/20210421msiMNRsJenny/210777_S25.sam` = list(LR48_SNP1 = list(
    All = list(Freqs = structure(c(0L, 0L, 0L, 3L, 0L, 0L, 0L, 
    1L, 8L, 198L, 7737L, 99L, 1L, 49L, 0L, 0L, 0L, 3L, 0L, 0L, 
    0L, 0L, 1L, 0L, 193L, 4L, 0L, 0L), .Dim = c(7L, 4L), .Dimnames = structure(list(
        c("-3", "-2", "-1", "0", "1", "2", NA), c("A", "C", "T", 
        NA)), .Names = c("", "")), class = "table"), N = 8297L), 
    Tag.Distribution = structure(c(`1` = 132L, `2` = 31L, `3` = 26L, 
    `4` = 33L, `5` = 23L, `6` = 14L, `7` = 18L, `8` = 21L, `9` = 21L, 
    `10` = 26L, `11` = 24L, `12` = 18L, `13` = 21L, `14` = 15L, 
    `15` = 13L, `16` = 15L, `17` = 15L, `18` = 23L, `19` = 10L, 
    `20` = 11L, `21` = 16L, `22` = 6L, `23` = 12L, `24` = 6L, 
    `25` = 7L, `26` = 3L, `27` = 8L, `28` = 4L, `29` = 4L, `30` = 3L, 
    `31` = 6L, `32` = 6L, `33` = 7L, `34` = 3L, `35` = 5L, `36` = 3L, 
    `37` = 3L, `38` = 2L, `39` = 1L, `40` = 3L, `41` = 1L, `42` = 5L, 
    `43` = 2L, `44` = 1L, `45` = 2L, `46` = 2L, `47` = 1L, `48` = 4L, 
    `49` = 1L, `51` = 1L, `52` = 3L, `55` = 1L, `57` = 1L, `58` = 1L
    ), .Dim = 54L, .Dimnames = structure(list(c("1", "2", "3", 
    "4", "5", "6", "7", "8", "9", "10", "11", "12", "13", "14", 
    "15", "16", "17", "18", "19", "20", "21", "22", "23", "24", 
    "25", "26", "27", "28", "29", "30", "31", "32", "33", "34", 
    "35", "36", "37", "38", "39", "40", "41", "42", "43", "44", 
    "45", "46", "47", "48", "49", "51", "52", "55", "57", "58"
    )), .Names = ""), class = "table"), No.Tag = structure(c(0L, 
    0L, 0L, 0L, 0L, 0L, 0L, 0L, 0L, 7L, 212L, 0L, 0L, 2L, 0L, 
    0L, 0L, 1L, 0L, 0L, 0L, 0L, 0L, 0L, 9L, 0L, 0L, 0L), .Dim = c(7L, 
    4L), .Dimnames = structure(list(c("-3", "-2", "-1", "0", 
    "1", "2", NA), c("A", "C", "T", NA)), .Names = c("", "")), class = "table"), 
    All.Tags = list(Concordant = list(Freqs = structure(c(0, 
    0, 0, 2, 0, 0, 0, 0, 4, 422, 2, 0, 0, 0, 0, 2, 0, 0), .Dim = c(6L, 
    3L), .Dimnames = list(c("-3", "-2", "-1", "0", "1", "2"), 
        c("A", "C", "T"))), N = 432), Majority = list(Freqs = structure(c(0, 
    0, 0, 2, 0, 0, 0, 0, 4, 618, 2, 0, 0, 0, 0, 2, 0, 0), .Dim = c(6L, 
    3L), .Dimnames = list(c("-3", "-2", "-1", "0", "1", "2"), 
        c("A", "C", "T"))), N = 628)), `2` = structure(c(0, 0, 
    0, 0, 0, 0, 0, 0, 0, 511, 0, 0, 0, 0, 0, 0, 0, 0), .Dim = c(6L, 
    3L), .Dimnames = list(c("-3", "-2", "-1", "0", "1", "2"), 
        c("A", "C", "T"))))))
