Results <-
list(`bwaOutput/20210421msiMNRsJenny/210778_S26.sam` = list(LR52_SNP1 = list(
    All = list(Freqs = structure(c(0L, 0L, 25L, 230L, 1418L, 
    15L, 28L, 1L, 1L, 5L, 120L, 1623L, 14L, 9L, 0L, 0L, 0L, 14L, 
    516L, 2L, 0L), .Dim = c(7L, 3L), .Dimnames = structure(list(
        c("-4", "-3", "-2", "-1", "0", "1", NA), c("C", "T", 
        NA)), .Names = c("", "")), class = "table"), N = 4021L), 
    Tag.Distribution = structure(c(`1` = 69L, `2` = 36L, `3` = 33L, 
    `4` = 32L, `5` = 18L, `6` = 25L, `7` = 13L, `8` = 19L, `9` = 13L, 
    `10` = 12L, `11` = 16L, `12` = 8L, `13` = 8L, `14` = 16L, 
    `15` = 9L, `16` = 5L, `17` = 4L, `18` = 5L, `19` = 6L, `20` = 9L, 
    `21` = 12L, `22` = 5L, `23` = 4L, `24` = 3L, `25` = 1L, `26` = 9L, 
    `27` = 4L, `28` = 5L, `31` = 3L, `32` = 1L, `33` = 2L, `34` = 2L, 
    `38` = 1L, `40` = 1L, `41` = 1L, `42` = 2L), .Dim = 36L, .Dimnames = structure(list(
        c("1", "2", "3", "4", "5", "6", "7", "8", "9", "10", 
        "11", "12", "13", "14", "15", "16", "17", "18", "19", 
        "20", "21", "22", "23", "24", "25", "26", "27", "28", 
        "31", "32", "33", "34", "38", "40", "41", "42")), .Names = ""), class = "table"), 
    No.Tag = structure(c(0L, 0L, 0L, 11L, 78L, 0L, 2L, 0L, 0L, 
    0L, 7L, 47L, 2L, 2L, 0L, 0L, 0L, 2L, 20L, 0L, 0L), .Dim = c(7L, 
    3L), .Dimnames = structure(list(c("-4", "-3", "-2", "-1", 
    "0", "1", NA), c("C", "T", NA)), .Names = c("", "")), class = "table"), 
    All.Tags = list(Concordant = list(Freqs = structure(c(0, 
    0, 0, 7, 105, 2, 0, 0, 1, 3, 108, 0), .Dim = c(6L, 2L), .Dimnames = list(
        c("-4", "-3", "-2", "-1", "0", "1"), c("C", "T"))), N = 226), 
        Majority = list(Freqs = structure(c(0, 0, 0, 10, 193, 
        2, 0, 0, 1, 5, 176, 0), .Dim = c(6L, 2L), .Dimnames = list(
            c("-4", "-3", "-2", "-1", "0", "1"), c("C", "T"))), 
            N = 387)), `2` = structure(c(0, 0, 0, 4, 173, 1, 
    0, 0, 0, 4, 148, 0), .Dim = c(6L, 2L), .Dimnames = list(c("-4", 
    "-3", "-2", "-1", "0", "1"), c("C", "T"))))))
