Results <-
list(`bwaOutput/20210421msiMNRsJenny/210778_S26.sam` = list(GM29_SNP1 = list(
    All = list(Freqs = structure(c(28L, 2790L, 7L, 7L, 25L, 2079L, 
    6L, 8L, 0L, 1L, 0L, 0L, 4L, 48L, 0L, 0L), .Dim = c(4L, 4L
    ), .Dimnames = structure(list(c("-1", "0", "1", NA), c("A", 
    "G", "T", NA)), .Names = c("", "")), class = "table"), N = 5003L), 
    Tag.Distribution = structure(c(`1` = 102L, `2` = 41L, `3` = 41L, 
    `4` = 28L, `5` = 38L, `6` = 25L, `7` = 20L, `8` = 26L, `9` = 18L, 
    `10` = 12L, `11` = 14L, `12` = 20L, `13` = 12L, `14` = 8L, 
    `15` = 7L, `16` = 11L, `17` = 12L, `18` = 6L, `19` = 6L, 
    `20` = 3L, `21` = 5L, `22` = 8L, `23` = 3L, `24` = 9L, `25` = 3L, 
    `26` = 4L, `27` = 3L, `28` = 2L, `29` = 1L, `30` = 1L, `31` = 2L, 
    `32` = 8L, `33` = 1L, `34` = 2L, `35` = 1L, `36` = 1L, `37` = 1L, 
    `38` = 1L, `40` = 2L, `42` = 2L, `43` = 1L, `44` = 2L, `45` = 1L, 
    `47` = 1L, `49` = 1L, `50` = 1L), .Dim = 46L, .Dimnames = structure(list(
        c("1", "2", "3", "4", "5", "6", "7", "8", "9", "10", 
        "11", "12", "13", "14", "15", "16", "17", "18", "19", 
        "20", "21", "22", "23", "24", "25", "26", "27", "28", 
        "29", "30", "31", "32", "33", "34", "35", "36", "37", 
        "38", "40", "42", "43", "44", "45", "47", "49", "50")), .Names = ""), class = "table"), 
    No.Tag = structure(c(0L, 71L, 0L, 0L, 4L, 111L, 0L, 1L, 0L, 
    0L, 0L, 0L, 0L, 6L, 0L, 0L), .Dim = c(4L, 4L), .Dimnames = structure(list(
        c("-1", "0", "1", NA), c("A", "G", "T", NA)), .Names = c("", 
    "")), class = "table"), All.Tags = list(Concordant = list(
        Freqs = structure(c(1, 234, 0, 1, 189, 0, 0, 0, 0), .Dim = c(3L, 
        3L), .Dimnames = list(c("-1", "0", "1"), c("A", "G", 
        "T"))), N = 425), Majority = list(Freqs = structure(c(1, 
    276, 0, 1, 230, 0, 0, 0, 0), .Dim = c(3L, 3L), .Dimnames = list(
        c("-1", "0", "1"), c("A", "G", "T"))), N = 508)), `2` = structure(c(1, 
    225, 0, 0, 184, 0, 0, 0, 0), .Dim = c(3L, 3L), .Dimnames = list(
        c("-1", "0", "1"), c("A", "G", "T"))))))
