Results <-
list(`bwaOutput/20210421msiMNRsJenny/210778_S26.sam` = list(GM26_SNP1 = list(
    All = list(Freqs = structure(c(1L, 25L, 4067L, 13L, 4L, 0L, 
    0L, 1L, 0L, 0L, 0L, 0L, 49L, 0L, 0L), .Dim = c(5L, 3L), .Dimnames = structure(list(
        c("-2", "-1", "0", "1", NA), c("A", "G", NA)), .Names = c("", 
    "")), class = "table"), N = 4160L), Tag.Distribution = structure(c(`1` = 96L, 
    `2` = 29L, `3` = 26L, `4` = 18L, `5` = 30L, `6` = 19L, `7` = 19L, 
    `8` = 16L, `9` = 13L, `10` = 22L, `11` = 7L, `12` = 12L, 
    `13` = 10L, `14` = 9L, `15` = 8L, `16` = 4L, `17` = 3L, `18` = 7L, 
    `19` = 4L, `20` = 7L, `21` = 3L, `22` = 3L, `23` = 4L, `24` = 10L, 
    `25` = 1L, `26` = 3L, `27` = 2L, `28` = 3L, `29` = 1L, `30` = 3L, 
    `31` = 3L, `32` = 1L, `33` = 3L, `34` = 1L, `35` = 3L, `36` = 4L, 
    `37` = 2L, `38` = 2L, `40` = 2L, `42` = 1L, `45` = 3L, `50` = 1L, 
    `54` = 1L), .Dim = 43L, .Dimnames = structure(list(c("1", 
    "2", "3", "4", "5", "6", "7", "8", "9", "10", "11", "12", 
    "13", "14", "15", "16", "17", "18", "19", "20", "21", "22", 
    "23", "24", "25", "26", "27", "28", "29", "30", "31", "32", 
    "33", "34", "35", "36", "37", "38", "40", "42", "45", "50", 
    "54")), .Names = ""), class = "table"), No.Tag = structure(c(0L, 
    1L, 91L, 1L, 0L, 0L, 0L, 0L, 0L, 0L, 0L, 0L, 8L, 0L, 0L), .Dim = c(5L, 
    3L), .Dimnames = structure(list(c("-2", "-1", "0", "1", NA
    ), c("A", "G", NA)), .Names = c("", "")), class = "table"), 
    All.Tags = list(Concordant = list(Freqs = structure(c(0, 
    0, 376, 0, 0, 0, 1, 0), .Dim = c(4L, 2L), .Dimnames = list(
        c("-2", "-1", "0", "1"), c("A", "G"))), N = 377), Majority = list(
        Freqs = structure(c(0, 0, 411, 0, 0, 0, 1, 0), .Dim = c(4L, 
        2L), .Dimnames = list(c("-2", "-1", "0", "1"), c("A", 
        "G"))), N = 412)), `2` = structure(c(0, 0, 323, 0, 0, 
    0, 0, 0), .Dim = c(4L, 2L), .Dimnames = list(c("-2", "-1", 
    "0", "1"), c("A", "G"))))))
