Results <-
list(`bwaOutput/20210421msiMNRsJenny/210778_S26.sam` = list(LR10_SNP1 = list(
    All = list(Freqs = structure(c(1L, 32L, 2540L, 7L, 2L, 3L, 
    0L, 1L, 0L, 0L, 0L, 0L, 3L, 65L, 3030L, 7L, 0L, 7L, 0L, 0L, 
    98L, 1L, 0L, 0L), .Dim = c(6L, 4L), .Dimnames = structure(list(
        c("-2", "-1", "0", "1", "2", NA), c("C", "G", "T", NA
        )), .Names = c("", "")), class = "table"), N = 5797L), 
    Tag.Distribution = structure(c(`1` = 134L, `2` = 46L, `3` = 36L, 
    `4` = 43L, `5` = 29L, `6` = 34L, `7` = 27L, `8` = 29L, `9` = 21L, 
    `10` = 22L, `11` = 25L, `12` = 19L, `13` = 19L, `14` = 13L, 
    `15` = 16L, `16` = 6L, `17` = 6L, `18` = 9L, `19` = 12L, 
    `20` = 13L, `21` = 8L, `22` = 3L, `23` = 4L, `24` = 8L, `25` = 6L, 
    `26` = 4L, `27` = 2L, `28` = 4L, `29` = 11L, `32` = 3L, `33` = 1L, 
    `34` = 3L, `35` = 1L, `37` = 2L, `38` = 1L, `39` = 2L, `40` = 1L, 
    `42` = 1L, `43` = 2L, `51` = 1L), .Dim = 40L, .Dimnames = structure(list(
        c("1", "2", "3", "4", "5", "6", "7", "8", "9", "10", 
        "11", "12", "13", "14", "15", "16", "17", "18", "19", 
        "20", "21", "22", "23", "24", "25", "26", "27", "28", 
        "29", "32", "33", "34", "35", "37", "38", "39", "40", 
        "42", "43", "51")), .Names = ""), class = "table"), No.Tag = structure(c(0L, 
    0L, 61L, 0L, 0L, 0L, 0L, 0L, 0L, 0L, 0L, 0L, 0L, 5L, 87L, 
    0L, 0L, 0L, 0L, 0L, 7L, 0L, 0L, 0L), .Dim = c(6L, 4L), .Dimnames = structure(list(
        c("-2", "-1", "0", "1", "2", NA), c("C", "G", "T", NA
        )), .Names = c("", "")), class = "table"), All.Tags = list(
        Concordant = list(Freqs = structure(c(0, 1, 243, 0, 0, 
        0, 0, 0, 0, 0, 0, 1, 270, 0, 0), .Dim = c(5L, 3L), .Dimnames = list(
            c("-2", "-1", "0", "1", "2"), c("C", "G", "T"))), 
            N = 515), Majority = list(Freqs = structure(c(0, 
        1, 295, 0, 0, 0, 0, 0, 0, 0, 0, 3, 316, 0, 0), .Dim = c(5L, 
        3L), .Dimnames = list(c("-2", "-1", "0", "1", "2"), c("C", 
        "G", "T"))), N = 615)), `2` = structure(c(0, 0, 227, 
    0, 0, 0, 0, 0, 0, 0, 0, 2, 257, 0, 0), .Dim = c(5L, 3L), .Dimnames = list(
        c("-2", "-1", "0", "1", "2"), c("C", "G", "T"))))))
