Results <-
list(`bwaOutput/20210421msiMNRsJenny/210778_S26.sam` = list(GM09_SNP1 = list(
    All = list(Freqs = structure(c(0L, 5L, 0L, 0L, 34L, 5516L, 
    16L, 3L, 0L, 1L, 0L, 0L, 1L, 37L, 0L, 0L), .Dim = c(4L, 4L
    ), .Dimnames = structure(list(c("-1", "0", "1", NA), c("A", 
    "G", "T", NA)), .Names = c("", "")), class = "table"), N = 5613L), 
    Tag.Distribution = structure(c(`1` = 146L, `2` = 60L, `3` = 40L, 
    `4` = 48L, `5` = 46L, `6` = 31L, `7` = 26L, `8` = 35L, `9` = 19L, 
    `10` = 26L, `11` = 24L, `12` = 15L, `13` = 15L, `14` = 11L, 
    `15` = 14L, `16` = 14L, `17` = 12L, `18` = 6L, `19` = 8L, 
    `20` = 5L, `21` = 7L, `22` = 6L, `23` = 9L, `24` = 6L, `25` = 2L, 
    `26` = 4L, `27` = 2L, `28` = 2L, `29` = 3L, `30` = 4L, `31` = 3L, 
    `32` = 2L, `33` = 1L, `34` = 1L, `35` = 1L, `36` = 2L, `37` = 3L, 
    `38` = 1L, `41` = 1L, `45` = 1L, `49` = 1L, `60` = 1L), .Dim = 42L, .Dimnames = structure(list(
        c("1", "2", "3", "4", "5", "6", "7", "8", "9", "10", 
        "11", "12", "13", "14", "15", "16", "17", "18", "19", 
        "20", "21", "22", "23", "24", "25", "26", "27", "28", 
        "29", "30", "31", "32", "33", "34", "35", "36", "37", 
        "38", "41", "45", "49", "60")), .Names = ""), class = "table"), 
    No.Tag = structure(c(0L, 0L, 0L, 0L, 0L, 154L, 0L, 0L, 0L, 
    0L, 0L, 0L, 0L, 5L, 0L, 0L), .Dim = c(4L, 4L), .Dimnames = structure(list(
        c("-1", "0", "1", NA), c("A", "G", "T", NA)), .Names = c("", 
    "")), class = "table"), All.Tags = list(Concordant = list(
        Freqs = structure(c(0, 3, 0, 1, 615, 0, 0, 0, 0), .Dim = c(3L, 
        3L), .Dimnames = list(c("-1", "0", "1"), c("A", "G", 
        "T"))), N = 619), Majority = list(Freqs = structure(c(0, 
    3, 0, 1, 651, 0, 0, 0, 0), .Dim = c(3L, 3L), .Dimnames = list(
        c("-1", "0", "1"), c("A", "G", "T"))), N = 655)), `2` = structure(c(0, 
    0, 0, 1, 516, 0, 0, 0, 0), .Dim = c(3L, 3L), .Dimnames = list(
        c("-1", "0", "1"), c("A", "G", "T"))))))
