Results <-
list(`bwaOutput/20210421msiMNRsJenny/210777_S25.sam` = list(LR17_SNP1 = list(
    All = list(Freqs = structure(c(1L, 7L, 448L, 12810L, 161L, 
    2L, 101L, 0L, 0L, 0L, 10L, 0L, 0L, 0L, 0L, 0L, 20L, 905L, 
    3L, 0L, 0L), .Dim = c(7L, 3L), .Dimnames = structure(list(
        c("-3", "-2", "-1", "0", "1", "2", NA), c("A", "G", NA
        )), .Names = c("", "")), class = "table"), N = 14468L), 
    Tag.Distribution = structure(c(`1` = 327L, `2` = 102L, `3` = 75L, 
    `4` = 53L, `5` = 70L, `6` = 51L, `7` = 40L, `8` = 45L, `9` = 55L, 
    `10` = 38L, `11` = 36L, `12` = 44L, `13` = 45L, `14` = 35L, 
    `15` = 26L, `16` = 32L, `17` = 32L, `18` = 21L, `19` = 29L, 
    `20` = 24L, `21` = 24L, `22` = 21L, `23` = 19L, `24` = 15L, 
    `25` = 12L, `26` = 17L, `27` = 13L, `28` = 7L, `29` = 10L, 
    `30` = 8L, `31` = 5L, `32` = 3L, `33` = 5L, `34` = 4L, `35` = 4L, 
    `36` = 6L, `37` = 5L, `38` = 4L, `39` = 1L, `40` = 2L, `41` = 2L, 
    `42` = 2L, `43` = 2L, `44` = 1L, `45` = 2L, `46` = 2L, `48` = 3L, 
    `49` = 2L, `50` = 1L, `51` = 1L, `52` = 2L, `64` = 1L, `84` = 1L
    ), .Dim = 53L, .Dimnames = structure(list(c("1", "2", "3", 
    "4", "5", "6", "7", "8", "9", "10", "11", "12", "13", "14", 
    "15", "16", "17", "18", "19", "20", "21", "22", "23", "24", 
    "25", "26", "27", "28", "29", "30", "31", "32", "33", "34", 
    "35", "36", "37", "38", "39", "40", "41", "42", "43", "44", 
    "45", "46", "48", "49", "50", "51", "52", "64", "84")), .Names = ""), class = "table"), 
    No.Tag = structure(c(1L, 0L, 10L, 388L, 4L, 0L, 5L, 0L, 0L, 
    0L, 0L, 0L, 0L, 0L, 0L, 0L, 2L, 46L, 0L, 0L, 0L), .Dim = c(7L, 
    3L), .Dimnames = structure(list(c("-3", "-2", "-1", "0", 
    "1", "2", NA), c("A", "G", NA)), .Names = c("", "")), class = "table"), 
    All.Tags = list(Concordant = list(Freqs = structure(c(0, 
    1, 13, 943, 4, 1, 0, 0, 0, 0, 0, 0), .Dim = c(6L, 2L), .Dimnames = list(
        c("-3", "-2", "-1", "0", "1", "2"), c("A", "G"))), N = 962), 
        Majority = list(Freqs = structure(c(0, 1, 14, 1314, 4, 
        1, 0, 0, 0, 0, 0, 0), .Dim = c(6L, 2L), .Dimnames = list(
            c("-3", "-2", "-1", "0", "1", "2"), c("A", "G"))), 
            N = 1334)), `2` = structure(c(0, 0, 3, 1042, 1, 0, 
    0, 0, 0, 0, 0, 0), .Dim = c(6L, 2L), .Dimnames = list(c("-3", 
    "-2", "-1", "0", "1", "2"), c("A", "G"))))))
