Results <-
list(`bwaOutput/20210421msiMNRsJenny/210778_S26.sam` = list(GM11_SNP1 = list(
    All = list(Freqs = structure(c(26L, 4505L, 12L, 3L, 0L, 5L, 
    0L, 0L, 0L, 35L, 0L, 0L), .Dim = 4:3, .Dimnames = structure(list(
        c("-1", "0", "1", NA), c("A", "G", NA)), .Names = c("", 
    "")), class = "table"), N = 4586L), Tag.Distribution = structure(c(`1` = 114L, 
    `2` = 39L, `3` = 36L, `4` = 32L, `5` = 38L, `6` = 30L, `7` = 25L, 
    `8` = 29L, `9` = 10L, `10` = 16L, `11` = 11L, `12` = 13L, 
    `13` = 8L, `14` = 11L, `15` = 7L, `16` = 7L, `17` = 5L, `18` = 8L, 
    `19` = 11L, `20` = 4L, `21` = 8L, `22` = 4L, `23` = 10L, 
    `24` = 2L, `25` = 1L, `26` = 3L, `27` = 4L, `29` = 6L, `30` = 4L, 
    `31` = 3L, `33` = 3L, `35` = 2L, `36` = 2L, `37` = 1L, `38` = 1L, 
    `39` = 1L, `40` = 1L, `42` = 1L, `44` = 2L, `46` = 1L, `51` = 1L
    ), .Dim = 41L, .Dimnames = structure(list(c("1", "2", "3", 
    "4", "5", "6", "7", "8", "9", "10", "11", "12", "13", "14", 
    "15", "16", "17", "18", "19", "20", "21", "22", "23", "24", 
    "25", "26", "27", "29", "30", "31", "33", "35", "36", "37", 
    "38", "39", "40", "42", "44", "46", "51")), .Names = ""), class = "table"), 
    No.Tag = structure(c(1L, 105L, 0L, 0L, 0L, 0L, 0L, 0L, 0L, 
    1L, 0L, 0L), .Dim = 4:3, .Dimnames = structure(list(c("-1", 
    "0", "1", NA), c("A", "G", NA)), .Names = c("", "")), class = "table"), 
    All.Tags = list(Concordant = list(Freqs = structure(c(2, 
    478, 0, 0, 1, 0), .Dim = 3:2, .Dimnames = list(c("-1", "0", 
    "1"), c("A", "G"))), N = 481), Majority = list(Freqs = structure(c(2, 
    508, 0, 0, 1, 0), .Dim = 3:2, .Dimnames = list(c("-1", "0", 
    "1"), c("A", "G"))), N = 511)), `2` = structure(c(0, 397, 
    0, 0, 1, 0), .Dim = 3:2, .Dimnames = list(c("-1", "0", "1"
    ), c("A", "G"))))))
