Results <-
list(`bwaOutput/20210421msiMNRsJenny/210778_S26.sam` = list(LR48_SNP1 = list(
    All = list(Freqs = structure(c(0L, 0L, 1L, 0L, 0L, 4L, 167L, 
    5549L, 83L, 28L, 0L, 0L, 1L, 0L, 0L, 0L, 0L, 3L, 0L, 0L, 
    0L, 0L, 120L, 2L, 0L), .Dim = c(5L, 5L), .Dimnames = structure(list(
        c("-2", "-1", "0", "1", NA), c("A", "C", "G", "T", NA
        )), .Names = c("", "")), class = "table"), N = 5958L), 
    Tag.Distribution = structure(c(`1` = 130L, `2` = 24L, `3` = 39L, 
    `4` = 26L, `5` = 30L, `6` = 21L, `7` = 22L, `8` = 18L, `9` = 20L, 
    `10` = 13L, `11` = 15L, `12` = 8L, `13` = 9L, `14` = 7L, 
    `15` = 10L, `16` = 6L, `17` = 10L, `18` = 7L, `19` = 7L, 
    `20` = 10L, `21` = 8L, `22` = 4L, `23` = 9L, `24` = 4L, `25` = 3L, 
    `26` = 9L, `27` = 3L, `28` = 5L, `29` = 5L, `30` = 5L, `31` = 3L, 
    `32` = 4L, `33` = 4L, `34` = 5L, `35` = 1L, `36` = 3L, `37` = 2L, 
    `38` = 3L, `39` = 2L, `40` = 3L, `42` = 3L, `44` = 3L, `45` = 1L, 
    `46` = 1L, `47` = 1L, `48` = 1L, `49` = 1L, `50` = 1L, `65` = 1L
    ), .Dim = 49L, .Dimnames = structure(list(c("1", "2", "3", 
    "4", "5", "6", "7", "8", "9", "10", "11", "12", "13", "14", 
    "15", "16", "17", "18", "19", "20", "21", "22", "23", "24", 
    "25", "26", "27", "28", "29", "30", "31", "32", "33", "34", 
    "35", "36", "37", "38", "39", "40", "42", "44", "45", "46", 
    "47", "48", "49", "50", "65")), .Names = ""), class = "table"), 
    No.Tag = structure(c(0L, 0L, 0L, 0L, 0L, 0L, 7L, 257L, 3L, 
    2L, 0L, 0L, 0L, 0L, 0L, 0L, 0L, 1L, 0L, 0L, 0L, 0L, 10L, 
    0L, 0L), .Dim = c(5L, 5L), .Dimnames = structure(list(c("-2", 
    "-1", "0", "1", NA), c("A", "C", "G", "T", NA)), .Names = c("", 
    "")), class = "table"), All.Tags = list(Concordant = list(
        Freqs = structure(c(0, 0, 0, 0, 0, 5, 381, 4, 0, 0, 0, 
        0, 0, 0, 1, 0), .Dim = c(4L, 4L), .Dimnames = list(c("-2", 
        "-1", "0", "1"), c("A", "C", "G", "T"))), N = 391), Majority = list(
        Freqs = structure(c(0, 0, 0, 0, 0, 6, 506, 4, 0, 0, 0, 
        0, 0, 0, 1, 0), .Dim = c(4L, 4L), .Dimnames = list(c("-2", 
        "-1", "0", "1"), c("A", "C", "G", "T"))), N = 517)), 
    `2` = structure(c(0, 0, 0, 0, 0, 1, 398, 0, 0, 0, 0, 0, 0, 
    0, 0, 0), .Dim = c(4L, 4L), .Dimnames = list(c("-2", "-1", 
    "0", "1"), c("A", "C", "G", "T"))))))
