Results <-
list(`bwaOutput/20210421msiMNRsJenny/210778_S26.sam` = list(GM14_SNP1 = list(
    All = list(Freqs = structure(c(4L, 151L, 5256L, 39L, 18L, 
    0L, 0L, 2L, 0L, 0L, 0L, 0L, 76L, 0L, 0L), .Dim = c(5L, 3L
    ), .Dimnames = structure(list(c("-2", "-1", "0", "1", NA), 
        c("C", "T", NA)), .Names = c("", "")), class = "table"), 
        N = 5546L), Tag.Distribution = structure(c(`1` = 143L, 
    `2` = 51L, `3` = 34L, `4` = 25L, `5` = 22L, `6` = 21L, `7` = 26L, 
    `8` = 22L, `9` = 20L, `10` = 17L, `11` = 16L, `12` = 16L, 
    `13` = 21L, `14` = 9L, `15` = 13L, `16` = 12L, `17` = 11L, 
    `18` = 10L, `19` = 11L, `20` = 8L, `21` = 11L, `22` = 5L, 
    `23` = 7L, `24` = 6L, `25` = 4L, `26` = 4L, `27` = 4L, `28` = 8L, 
    `29` = 6L, `30` = 1L, `32` = 2L, `33` = 1L, `34` = 2L, `35` = 1L, 
    `36` = 2L, `38` = 2L, `39` = 2L, `40` = 1L, `41` = 1L, `42` = 2L, 
    `45` = 1L), .Dim = 41L, .Dimnames = structure(list(c("1", 
    "2", "3", "4", "5", "6", "7", "8", "9", "10", "11", "12", 
    "13", "14", "15", "16", "17", "18", "19", "20", "21", "22", 
    "23", "24", "25", "26", "27", "28", "29", "30", "32", "33", 
    "34", "35", "36", "38", "39", "40", "41", "42", "45")), .Names = ""), class = "table"), 
    No.Tag = structure(c(0L, 7L, 233L, 0L, 0L, 0L, 0L, 0L, 0L, 
    0L, 0L, 0L, 3L, 0L, 0L), .Dim = c(5L, 3L), .Dimnames = structure(list(
        c("-2", "-1", "0", "1", NA), c("C", "T", NA)), .Names = c("", 
    "")), class = "table"), All.Tags = list(Concordant = list(
        Freqs = structure(c(0, 6, 433, 0, 0, 0, 1, 0), .Dim = c(4L, 
        2L), .Dimnames = list(c("-2", "-1", "0", "1"), c("C", 
        "T"))), N = 440), Majority = list(Freqs = structure(c(0, 
    6, 559, 0, 0, 0, 1, 0), .Dim = c(4L, 2L), .Dimnames = list(
        c("-2", "-1", "0", "1"), c("C", "T"))), N = 566)), `2` = structure(c(0, 
    0, 431, 0, 0, 0, 0, 0), .Dim = c(4L, 2L), .Dimnames = list(
        c("-2", "-1", "0", "1"), c("C", "T"))))))
