Results <-
list(`bwaOutput/20210421msiMNRsJenny/210777_S25.sam` = list(LR52_SNP1 = list(
    All = list(Freqs = structure(c(0L, 0L, 0L, 0L, 1L, 0L, 0L, 
    1L, 1L, 28L, 454L, 3233L, 32L, 41L, 0L, 0L, 1L, 2L, 31L, 
    2L, 1L, 0L, 0L, 1L, 16L, 888L, 8L, 0L), .Dim = c(7L, 4L), .Dimnames = structure(list(
        c("-4", "-3", "-2", "-1", "0", "1", NA), c("A", "C", 
        "T", NA)), .Names = c("", "")), class = "table"), N = 4741L), 
    Tag.Distribution = structure(c(`1` = 109L, `2` = 39L, `3` = 26L, 
    `4` = 39L, `5` = 31L, `6` = 18L, `7` = 24L, `8` = 24L, `9` = 16L, 
    `10` = 11L, `11` = 13L, `12` = 9L, `13` = 10L, `14` = 14L, 
    `15` = 10L, `16` = 8L, `17` = 8L, `18` = 6L, `19` = 14L, 
    `20` = 9L, `21` = 2L, `22` = 10L, `23` = 7L, `24` = 4L, `25` = 3L, 
    `26` = 2L, `27` = 2L, `28` = 2L, `29` = 6L, `30` = 4L, `31` = 2L, 
    `32` = 1L, `33` = 3L, `34` = 1L, `35` = 1L, `36` = 5L, `37` = 2L, 
    `38` = 1L, `44` = 1L, `46` = 1L, `65` = 1L), .Dim = 41L, .Dimnames = structure(list(
        c("1", "2", "3", "4", "5", "6", "7", "8", "9", "10", 
        "11", "12", "13", "14", "15", "16", "17", "18", "19", 
        "20", "21", "22", "23", "24", "25", "26", "27", "28", 
        "29", "30", "31", "32", "33", "34", "35", "36", "37", 
        "38", "44", "46", "65")), .Names = ""), class = "table"), 
    No.Tag = structure(c(0L, 0L, 0L, 0L, 0L, 0L, 0L, 0L, 0L, 
    3L, 8L, 97L, 1L, 1L, 0L, 0L, 1L, 0L, 0L, 0L, 0L, 0L, 0L, 
    0L, 1L, 27L, 0L, 0L), .Dim = c(7L, 4L), .Dimnames = structure(list(
        c("-4", "-3", "-2", "-1", "0", "1", NA), c("A", "C", 
        "T", NA)), .Names = c("", "")), class = "table"), All.Tags = list(
        Concordant = list(Freqs = structure(c(0, 0, 0, 0, 0, 
        0, 0, 0, 0, 15, 234, 1, 0, 0, 0, 0, 4, 0), .Dim = c(6L, 
        3L), .Dimnames = list(c("-4", "-3", "-2", "-1", "0", 
        "1"), c("A", "C", "T"))), N = 254), Majority = list(Freqs = structure(c(0, 
        0, 0, 0, 0, 0, 0, 0, 0, 21, 425, 2, 0, 0, 0, 0, 6, 0), .Dim = c(6L, 
        3L), .Dimnames = list(c("-4", "-3", "-2", "-1", "0", 
        "1"), c("A", "C", "T"))), N = 454)), `2` = structure(c(0, 
    0, 0, 0, 0, 0, 0, 0, 0, 9, 363, 2, 0, 0, 0, 0, 2, 0), .Dim = c(6L, 
    3L), .Dimnames = list(c("-4", "-3", "-2", "-1", "0", "1"), 
        c("A", "C", "T"))))))
