Results <-
list(`bwaOutput/20210421msiMNRsJenny/210777_S25.sam` = list(GM17_SNP1 = list(
    All = list(Freqs = structure(c(103L, 8909L, 22L, 6L, 0L, 
    10L, 0L, 0L, 0L, 330L, 1L, 0L), .Dim = 4:3, .Dimnames = structure(list(
        c("-1", "0", "1", NA), c("C", "T", NA)), .Names = c("", 
    "")), class = "table"), N = 9381L), Tag.Distribution = structure(c(`1` = 187L, 
    `2` = 63L, `3` = 59L, `4` = 48L, `5` = 44L, `6` = 45L, `7` = 34L, 
    `8` = 34L, `9` = 26L, `10` = 23L, `11` = 27L, `12` = 29L, 
    `13` = 22L, `14` = 23L, `15` = 18L, `16` = 18L, `17` = 22L, 
    `18` = 15L, `19` = 13L, `20` = 13L, `21` = 17L, `22` = 8L, 
    `23` = 9L, `24` = 15L, `25` = 3L, `26` = 6L, `27` = 12L, 
    `28` = 8L, `29` = 9L, `30` = 8L, `31` = 3L, `32` = 3L, `33` = 3L, 
    `34` = 5L, `36` = 2L, `37` = 5L, `38` = 1L, `39` = 3L, `40` = 2L, 
    `41` = 2L, `42` = 2L, `44` = 3L, `46` = 1L, `47` = 1L, `49` = 1L, 
    `56` = 1L, `60` = 1L, `63` = 1L, `66` = 1L), .Dim = 49L, .Dimnames = structure(list(
        c("1", "2", "3", "4", "5", "6", "7", "8", "9", "10", 
        "11", "12", "13", "14", "15", "16", "17", "18", "19", 
        "20", "21", "22", "23", "24", "25", "26", "27", "28", 
        "29", "30", "31", "32", "33", "34", "36", "37", "38", 
        "39", "40", "41", "42", "44", "46", "47", "49", "56", 
        "60", "63", "66")), .Names = ""), class = "table"), No.Tag = structure(c(1L, 
    240L, 0L, 1L, 0L, 0L, 0L, 0L, 0L, 16L, 0L, 0L), .Dim = 4:3, .Dimnames = structure(list(
        c("-1", "0", "1", NA), c("C", "T", NA)), .Names = c("", 
    "")), class = "table"), All.Tags = list(Concordant = list(
        Freqs = structure(c(3, 769, 0, 0, 2, 0), .Dim = 3:2, .Dimnames = list(
            c("-1", "0", "1"), c("C", "T"))), N = 774), Majority = list(
        Freqs = structure(c(3, 865, 0, 0, 2, 0), .Dim = 3:2, .Dimnames = list(
            c("-1", "0", "1"), c("C", "T"))), N = 870)), `2` = structure(c(1, 
    709, 0, 0, 0, 0), .Dim = 3:2, .Dimnames = list(c("-1", "0", 
    "1"), c("C", "T"))))))
