Results <-
list(`bwaOutput/20210421msiMNRsJenny/210778_S26.sam` = list(GM17_SNP1 = list(
    All = list(Freqs = structure(c(0L, 0L, 1L, 0L, 0L, 2L, 74L, 
    5868L, 18L, 7L, 0L, 1L, 12L, 0L, 0L, 0L, 1L, 192L, 2L, 0L
    ), .Dim = 5:4, .Dimnames = structure(list(c("-2", "-1", "0", 
    "1", NA), c("A", "C", "T", NA)), .Names = c("", "")), class = "table"), 
        N = 6178L), Tag.Distribution = structure(c(`1` = 152L, 
    `2` = 43L, `3` = 50L, `4` = 41L, `5` = 33L, `6` = 42L, `7` = 24L, 
    `8` = 29L, `9` = 22L, `10` = 18L, `11` = 12L, `12` = 18L, 
    `13` = 7L, `14` = 9L, `15` = 15L, `16` = 12L, `17` = 12L, 
    `18` = 7L, `19` = 7L, `20` = 6L, `21` = 7L, `22` = 6L, `23` = 10L, 
    `24` = 7L, `25` = 5L, `26` = 4L, `27` = 1L, `28` = 2L, `29` = 6L, 
    `30` = 9L, `31` = 3L, `32` = 4L, `33` = 5L, `34` = 2L, `35` = 3L, 
    `36` = 3L, `37` = 1L, `38` = 4L, `39` = 2L, `41` = 3L, `43` = 1L, 
    `46` = 1L, `47` = 1L, `55` = 1L, `57` = 1L), .Dim = 45L, .Dimnames = structure(list(
        c("1", "2", "3", "4", "5", "6", "7", "8", "9", "10", 
        "11", "12", "13", "14", "15", "16", "17", "18", "19", 
        "20", "21", "22", "23", "24", "25", "26", "27", "28", 
        "29", "30", "31", "32", "33", "34", "35", "36", "37", 
        "38", "39", "41", "43", "46", "47", "55", "57")), .Names = ""), class = "table"), 
    No.Tag = structure(c(0L, 0L, 0L, 0L, 0L, 0L, 6L, 116L, 0L, 
    0L, 0L, 0L, 0L, 0L, 0L, 0L, 0L, 6L, 0L, 0L), .Dim = 5:4, .Dimnames = structure(list(
        c("-2", "-1", "0", "1", NA), c("A", "C", "T", NA)), .Names = c("", 
    "")), class = "table"), All.Tags = list(Concordant = list(
        Freqs = structure(c(0, 0, 0, 0, 0, 2, 547, 0, 0, 1, 8, 
        0), .Dim = 4:3, .Dimnames = list(c("-2", "-1", "0", "1"
        ), c("A", "C", "T"))), N = 558), Majority = list(Freqs = structure(c(0, 
    0, 0, 0, 0, 2, 620, 0, 0, 1, 8, 0), .Dim = 4:3, .Dimnames = list(
        c("-2", "-1", "0", "1"), c("A", "C", "T"))), N = 631)), 
    `2` = structure(c(0, 0, 0, 0, 0, 0, 497, 0, 0, 0, 0, 0), .Dim = 4:3, .Dimnames = list(
        c("-2", "-1", "0", "1"), c("A", "C", "T"))))))
