Results <-
list(`bwaOutput/20210421msiMNRsJenny/210777_S25.sam` = list(DEPDC2_SNP1 = list(
    All = list(Freqs = structure(c(0L, 12L, 1879L, 12L, 9L, 1L, 
    12L, 2875L, 13L, 12L, 0L, 0L, 57L, 1L, 0L), .Dim = c(5L, 
    3L), .Dimnames = structure(list(c("-2", "-1", "0", "1", NA
    ), c("C", "T", NA)), .Names = c("", "")), class = "table"), 
        N = 4883L), Tag.Distribution = structure(c(`1` = 175L, 
    `2` = 62L, `3` = 46L, `4` = 38L, `5` = 27L, `6` = 39L, `7` = 32L, 
    `8` = 30L, `9` = 26L, `10` = 21L, `11` = 17L, `12` = 14L, 
    `13` = 13L, `14` = 9L, `15` = 11L, `16` = 7L, `17` = 12L, 
    `18` = 9L, `19` = 6L, `20` = 6L, `21` = 7L, `22` = 5L, `23` = 8L, 
    `24` = 5L, `25` = 2L, `26` = 3L, `28` = 2L, `29` = 2L, `30` = 2L, 
    `32` = 3L, `34` = 1L, `35` = 1L, `36` = 1L, `37` = 1L, `38` = 2L, 
    `39` = 1L, `40` = 2L, `52` = 1L), .Dim = 38L, .Dimnames = structure(list(
        c("1", "2", "3", "4", "5", "6", "7", "8", "9", "10", 
        "11", "12", "13", "14", "15", "16", "17", "18", "19", 
        "20", "21", "22", "23", "24", "25", "26", "28", "29", 
        "30", "32", "34", "35", "36", "37", "38", "39", "40", 
        "52")), .Names = ""), class = "table"), No.Tag = structure(c(0L, 
    0L, 45L, 0L, 0L, 0L, 0L, 89L, 0L, 3L, 0L, 0L, 5L, 0L, 0L), .Dim = c(5L, 
    3L), .Dimnames = structure(list(c("-2", "-1", "0", "1", NA
    ), c("C", "T", NA)), .Names = c("", "")), class = "table"), 
    All.Tags = list(Concordant = list(Freqs = structure(c(0, 
    0, 228, 0, 0, 0, 338, 0), .Dim = c(4L, 2L), .Dimnames = list(
        c("-2", "-1", "0", "1"), c("C", "T"))), N = 566), Majority = list(
        Freqs = structure(c(0, 0, 255, 0, 0, 0, 378, 0), .Dim = c(4L, 
        2L), .Dimnames = list(c("-2", "-1", "0", "1"), c("C", 
        "T"))), N = 633)), `2` = structure(c(0, 0, 191, 0, 0, 
    0, 276, 0), .Dim = c(4L, 2L), .Dimnames = list(c("-2", "-1", 
    "0", "1"), c("C", "T"))))))
