Results <-
list(`bwaOutput/20210421msiMNRsJenny/210778_S26.sam` = list(LR44_SNP1 = list(
    All = list(Freqs = structure(c(0L, 2L, 18L, 1L, 0L, 0L, 0L, 
    3L, 78L, 1330L, 15L, 2L, 10L, 5L, 4L, 100L, 1038L, 21L, 0L, 
    0L, 8L, 0L, 0L, 53L, 0L, 0L, 1L, 0L), .Dim = c(7L, 4L), .Dimnames = structure(list(
        c("-2", "-1", "0", "1", "3", "4", NA), c("A", "C", "T", 
        NA)), .Names = c("", "")), class = "table"), N = 2689L), 
    Tag.Distribution = structure(c(`1` = 75L, `2` = 28L, `3` = 19L, 
    `4` = 16L, `5` = 26L, `6` = 13L, `7` = 12L, `8` = 20L, `9` = 8L, 
    `10` = 11L, `11` = 3L, `12` = 5L, `13` = 3L, `14` = 6L, `15` = 9L, 
    `16` = 4L, `17` = 7L, `18` = 6L, `19` = 6L, `20` = 5L, `21` = 2L, 
    `22` = 6L, `23` = 4L, `26` = 4L, `27` = 2L, `28` = 3L, `30` = 1L, 
    `31` = 3L, `32` = 2L, `33` = 1L, `35` = 1L, `36` = 2L, `37` = 1L, 
    `45` = 1L), .Dim = 34L, .Dimnames = structure(list(c("1", 
    "2", "3", "4", "5", "6", "7", "8", "9", "10", "11", "12", 
    "13", "14", "15", "16", "17", "18", "19", "20", "21", "22", 
    "23", "26", "27", "28", "30", "31", "32", "33", "35", "36", 
    "37", "45")), .Names = ""), class = "table"), No.Tag = structure(c(0L, 
    0L, 0L, 0L, 0L, 0L, 0L, 0L, 0L, 10L, 0L, 0L, 0L, 0L, 0L, 
    1L, 18L, 0L, 0L, 0L, 0L, 0L, 0L, 1L, 0L, 0L, 0L, 0L), .Dim = c(7L, 
    4L), .Dimnames = structure(list(c("-2", "-1", "0", "1", "3", 
    "4", NA), c("A", "C", "T", NA)), .Names = c("", "")), class = "table"), 
    All.Tags = list(Concordant = list(Freqs = structure(c(0, 
    0, 1, 0, 0, 0, 0, 0, 108, 0, 0, 0, 0, 5, 81, 1, 0, 0), .Dim = c(6L, 
    3L), .Dimnames = list(c("-2", "-1", "0", "1", "3", "4"), 
        c("A", "C", "T"))), N = 196), Majority = list(Freqs = structure(c(0, 
    0, 2, 0, 0, 0, 0, 0, 164, 0, 0, 1, 0, 5, 134, 2, 0, 0), .Dim = c(6L, 
    3L), .Dimnames = list(c("-2", "-1", "0", "1", "3", "4"), 
        c("A", "C", "T"))), N = 308)), `2` = structure(c(0, 0, 
    1, 0, 0, 0, 0, 0, 125, 0, 0, 1, 0, 2, 107, 1, 0, 0), .Dim = c(6L, 
    3L), .Dimnames = list(c("-2", "-1", "0", "1", "3", "4"), 
        c("A", "C", "T"))))))
