Results <-
list(`bwaOutput/20210421msiMNRsJenny/210778_S26.sam` = list(GM01_SNP1 = list(
    All = list(Freqs = structure(c(1L, 63L, 4565L, 11L, 10L, 
    0L, 0L, 1L, 0L, 0L, 2L, 33L, 3308L, 13L, 2L, 0L, 5L, 92L, 
    0L, 0L), .Dim = 5:4, .Dimnames = structure(list(c("-2", "-1", 
    "0", "1", NA), c("A", "C", "G", NA)), .Names = c("", "")), class = "table"), 
        N = 8106L), Tag.Distribution = structure(c(`1` = 174L, 
    `2` = 80L, `3` = 57L, `4` = 51L, `5` = 31L, `6` = 32L, `7` = 37L, 
    `8` = 30L, `9` = 27L, `10` = 27L, `11` = 31L, `12` = 25L, 
    `13` = 31L, `14` = 17L, `15` = 18L, `16` = 13L, `17` = 15L, 
    `18` = 7L, `19` = 16L, `20` = 16L, `21` = 16L, `22` = 8L, 
    `23` = 11L, `24` = 8L, `25` = 9L, `26` = 6L, `27` = 10L, 
    `28` = 8L, `29` = 3L, `30` = 3L, `31` = 6L, `32` = 3L, `33` = 3L, 
    `34` = 1L, `35` = 3L, `36` = 1L, `37` = 1L, `39` = 2L, `40` = 1L, 
    `44` = 1L, `49` = 2L, `54` = 1L, `60` = 1L, `65` = 1L), .Dim = 44L, .Dimnames = structure(list(
        c("1", "2", "3", "4", "5", "6", "7", "8", "9", "10", 
        "11", "12", "13", "14", "15", "16", "17", "18", "19", 
        "20", "21", "22", "23", "24", "25", "26", "27", "28", 
        "29", "30", "31", "32", "33", "34", "35", "36", "37", 
        "39", "40", "44", "49", "54", "60", "65")), .Names = ""), class = "table"), 
    No.Tag = structure(c(0L, 0L, 80L, 0L, 0L, 0L, 0L, 0L, 0L, 
    0L, 0L, 1L, 135L, 1L, 1L, 0L, 0L, 14L, 0L, 0L), .Dim = 5:4, .Dimnames = structure(list(
        c("-2", "-1", "0", "1", NA), c("A", "C", "G", NA)), .Names = c("", 
    "")), class = "table"), All.Tags = list(Concordant = list(
        Freqs = structure(c(0, 3, 395, 0, 0, 0, 0, 0, 0, 2, 277, 
        0), .Dim = 4:3, .Dimnames = list(c("-2", "-1", "0", "1"
        ), c("A", "C", "G"))), N = 677), Majority = list(Freqs = structure(c(0, 
    3, 474, 0, 0, 0, 0, 0, 0, 2, 351, 0), .Dim = 4:3, .Dimnames = list(
        c("-2", "-1", "0", "1"), c("A", "C", "G"))), N = 830)), 
    `2` = structure(c(0, 0, 386, 0, 0, 0, 0, 0, 0, 0, 278, 0), .Dim = 4:3, .Dimnames = list(
        c("-2", "-1", "0", "1"), c("A", "C", "G"))))))
