Results <-
list(`bwaOutput/20210421msiMNRsJenny/210777_S25.sam` = list(GM29_SNP1 = list(
    All = list(Freqs = structure(c(1L, 42L, 3440L, 10L, 8L, 0L, 
    50L, 3828L, 13L, 4L, 0L, 0L, 2L, 0L, 0L, 0L, 2L, 88L, 0L, 
    0L), .Dim = 5:4, .Dimnames = structure(list(c("-2", "-1", 
    "0", "1", NA), c("A", "G", "T", NA)), .Names = c("", "")), class = "table"), 
        N = 7488L), Tag.Distribution = structure(c(`1` = 141L, 
    `2` = 39L, `3` = 50L, `4` = 48L, `5` = 31L, `6` = 39L, `7` = 19L, 
    `8` = 28L, `9` = 24L, `10` = 17L, `11` = 26L, `12` = 12L, 
    `13` = 19L, `14` = 12L, `15` = 11L, `16` = 13L, `17` = 13L, 
    `18` = 8L, `19` = 9L, `20` = 8L, `21` = 9L, `22` = 9L, `23` = 8L, 
    `24` = 9L, `25` = 5L, `26` = 6L, `27` = 6L, `28` = 7L, `29` = 4L, 
    `30` = 5L, `31` = 6L, `32` = 3L, `33` = 2L, `34` = 2L, `35` = 2L, 
    `36` = 3L, `38` = 1L, `39` = 2L, `40` = 4L, `41` = 1L, `43` = 2L, 
    `44` = 1L, `45` = 1L, `46` = 1L, `47` = 2L, `48` = 2L, `50` = 1L, 
    `52` = 2L, `54` = 1L, `56` = 1L, `58` = 1L, `60` = 1L, `67` = 1L, 
    `81` = 2L), .Dim = 54L, .Dimnames = structure(list(c("1", 
    "2", "3", "4", "5", "6", "7", "8", "9", "10", "11", "12", 
    "13", "14", "15", "16", "17", "18", "19", "20", "21", "22", 
    "23", "24", "25", "26", "27", "28", "29", "30", "31", "32", 
    "33", "34", "35", "36", "38", "39", "40", "41", "43", "44", 
    "45", "46", "47", "48", "50", "52", "54", "56", "58", "60", 
    "67", "81")), .Names = ""), class = "table"), No.Tag = structure(c(0L, 
    1L, 128L, 0L, 0L, 0L, 2L, 119L, 0L, 0L, 0L, 0L, 1L, 0L, 0L, 
    0L, 0L, 5L, 0L, 0L), .Dim = 5:4, .Dimnames = structure(list(
        c("-2", "-1", "0", "1", NA), c("A", "G", "T", NA)), .Names = c("", 
    "")), class = "table"), All.Tags = list(Concordant = list(
        Freqs = structure(c(0, 0, 233, 0, 0, 1, 265, 0, 0, 0, 
        0, 0), .Dim = 4:3, .Dimnames = list(c("-2", "-1", "0", 
        "1"), c("A", "G", "T"))), N = 499), Majority = list(Freqs = structure(c(0, 
    0, 311, 0, 0, 1, 358, 0, 0, 0, 0, 0), .Dim = 4:3, .Dimnames = list(
        c("-2", "-1", "0", "1"), c("A", "G", "T"))), N = 670)), 
    `2` = structure(c(0, 0, 245, 0, 0, 1, 290, 0, 0, 0, 0, 0), .Dim = 4:3, .Dimnames = list(
        c("-2", "-1", "0", "1"), c("A", "G", "T"))))))
