Results <-
list(`bwaOutput/20210421msiMNRsJenny/210777_S25.sam` = list(GM14_SNP1 = list(
    All = list(Freqs = structure(c(10L, 186L, 5420L, 59L, 20L, 
    0L, 1L, 6L, 0L, 0L, 0L, 1L, 84L, 0L, 0L), .Dim = c(5L, 3L
    ), .Dimnames = structure(list(c("-2", "-1", "0", "1", NA), 
        c("C", "T", NA)), .Names = c("", "")), class = "table"), 
        N = 5787L), Tag.Distribution = structure(c(`1` = 142L, 
    `2` = 47L, `3` = 37L, `4` = 38L, `5` = 30L, `6` = 28L, `7` = 30L, 
    `8` = 27L, `9` = 18L, `10` = 28L, `11` = 21L, `12` = 22L, 
    `13` = 12L, `14` = 18L, `15` = 10L, `16` = 16L, `17` = 15L, 
    `18` = 10L, `19` = 11L, `20` = 9L, `21` = 5L, `22` = 8L, 
    `23` = 6L, `24` = 4L, `25` = 3L, `26` = 3L, `27` = 1L, `28` = 2L, 
    `30` = 5L, `31` = 4L, `32` = 2L, `33` = 3L, `34` = 5L, `35` = 2L, 
    `36` = 2L, `38` = 1L, `41` = 1L, `47` = 1L, `51` = 1L, `60` = 1L
    ), .Dim = 40L, .Dimnames = structure(list(c("1", "2", "3", 
    "4", "5", "6", "7", "8", "9", "10", "11", "12", "13", "14", 
    "15", "16", "17", "18", "19", "20", "21", "22", "23", "24", 
    "25", "26", "27", "28", "30", "31", "32", "33", "34", "35", 
    "36", "38", "41", "47", "51", "60")), .Names = ""), class = "table"), 
    No.Tag = structure(c(2L, 6L, 216L, 2L, 4L, 0L, 0L, 0L, 0L, 
    0L, 0L, 1L, 1L, 0L, 0L), .Dim = c(5L, 3L), .Dimnames = structure(list(
        c("-2", "-1", "0", "1", NA), c("C", "T", NA)), .Names = c("", 
    "")), class = "table"), All.Tags = list(Concordant = list(
        Freqs = structure(c(0, 5, 437, 1, 0, 1, 2, 0), .Dim = c(4L, 
        2L), .Dimnames = list(c("-2", "-1", "0", "1"), c("C", 
        "T"))), N = 446), Majority = list(Freqs = structure(c(0, 
    5, 602, 1, 0, 1, 2, 0), .Dim = c(4L, 2L), .Dimnames = list(
        c("-2", "-1", "0", "1"), c("C", "T"))), N = 611)), `2` = structure(c(0, 
    1, 482, 0, 0, 0, 0, 0), .Dim = c(4L, 2L), .Dimnames = list(
        c("-2", "-1", "0", "1"), c("C", "T"))))))
