Results <-
list(`bwaOutput/20210421msiMNRsJenny/210777_S25.sam` = list(GM11_SNP1 = list(
    All = list(Freqs = structure(c(0L, 0L, 1L, 0L, 0L, 1L, 15L, 
    5029L, 11L, 6L, 0L, 0L, 1L, 0L, 0L, 0L, 0L, 2L, 0L, 0L, 0L, 
    0L, 38L, 1L, 0L), .Dim = c(5L, 5L), .Dimnames = structure(list(
        c("-2", "-1", "0", "1", NA), c("-", "A", "G", "T", NA
        )), .Names = c("", "")), class = "table"), N = 5105L), 
    Tag.Distribution = structure(c(`1` = 102L, `2` = 44L, `3` = 28L, 
    `4` = 45L, `5` = 34L, `6` = 33L, `7` = 15L, `8` = 33L, `9` = 31L, 
    `10` = 17L, `11` = 20L, `12` = 16L, `13` = 11L, `14` = 12L, 
    `15` = 7L, `16` = 6L, `17` = 7L, `18` = 10L, `19` = 9L, `20` = 8L, 
    `21` = 2L, `22` = 13L, `23` = 9L, `24` = 7L, `25` = 4L, `26` = 4L, 
    `27` = 2L, `28` = 9L, `29` = 3L, `30` = 2L, `32` = 2L, `33` = 8L, 
    `40` = 1L, `53` = 1L), .Dim = 34L, .Dimnames = structure(list(
        c("1", "2", "3", "4", "5", "6", "7", "8", "9", "10", 
        "11", "12", "13", "14", "15", "16", "17", "18", "19", 
        "20", "21", "22", "23", "24", "25", "26", "27", "28", 
        "29", "30", "32", "33", "40", "53")), .Names = ""), class = "table"), 
    No.Tag = structure(c(0L, 0L, 0L, 0L, 0L, 0L, 0L, 123L, 1L, 
    0L, 0L, 0L, 0L, 0L, 0L, 0L, 0L, 0L, 0L, 0L, 0L, 0L, 6L, 0L, 
    0L), .Dim = c(5L, 5L), .Dimnames = structure(list(c("-2", 
    "-1", "0", "1", NA), c("-", "A", "G", "T", NA)), .Names = c("", 
    "")), class = "table"), All.Tags = list(Concordant = list(
        Freqs = structure(c(0, 0, 0, 0, 0, 0, 522, 1, 0, 0, 1, 
        0, 0, 0, 1, 0), .Dim = c(4L, 4L), .Dimnames = list(c("-2", 
        "-1", "0", "1"), c("-", "A", "G", "T"))), N = 525), Majority = list(
        Freqs = structure(c(0, 0, 0, 0, 0, 0, 548, 1, 0, 0, 1, 
        0, 0, 0, 1, 0), .Dim = c(4L, 4L), .Dimnames = list(c("-2", 
        "-1", "0", "1"), c("-", "A", "G", "T"))), N = 551)), 
    `2` = structure(c(0, 0, 0, 0, 0, 0, 453, 0, 0, 0, 0, 0, 0, 
    0, 0, 0), .Dim = c(4L, 4L), .Dimnames = list(c("-2", "-1", 
    "0", "1"), c("-", "A", "G", "T"))))))
