Results <-
list(`bwaOutput/20210421msiMNRsJenny/210777_S25.sam` = list(IM49_SNP1 = list(
    All = list(Freqs = structure(c(1L, 1L, 7L, 0L, 0L, 0L, 1L, 
    129L, 3988L, 102L, 1L, 21L, 0L, 4L, 192L, 1L, 0L, 0L), .Dim = c(6L, 
    3L), .Dimnames = structure(list(c("-2", "-1", "0", "1", "2", 
    NA), c("C", "G", NA)), .Names = c("", "")), class = "table"), 
        N = 4448L), Tag.Distribution = structure(c(`1` = 142L, 
    `2` = 62L, `3` = 55L, `4` = 42L, `5` = 48L, `6` = 38L, `7` = 30L, 
    `8` = 26L, `9` = 22L, `10` = 21L, `11` = 12L, `12` = 14L, 
    `13` = 11L, `14` = 15L, `15` = 17L, `16` = 11L, `17` = 5L, 
    `18` = 4L, `19` = 8L, `20` = 5L, `21` = 2L, `22` = 1L, `23` = 3L, 
    `24` = 5L, `25` = 3L, `27` = 3L, `28` = 2L, `29` = 1L, `30` = 1L, 
    `31` = 1L, `32` = 4L, `33` = 2L, `34` = 1L, `36` = 1L, `37` = 1L, 
    `45` = 1L), .Dim = 36L, .Dimnames = structure(list(c("1", 
    "2", "3", "4", "5", "6", "7", "8", "9", "10", "11", "12", 
    "13", "14", "15", "16", "17", "18", "19", "20", "21", "22", 
    "23", "24", "25", "27", "28", "29", "30", "31", "32", "33", 
    "34", "36", "37", "45")), .Names = ""), class = "table"), 
    No.Tag = structure(c(0L, 0L, 0L, 0L, 0L, 0L, 0L, 5L, 135L, 
    1L, 1L, 1L, 0L, 2L, 16L, 0L, 0L, 0L), .Dim = c(6L, 3L), .Dimnames = structure(list(
        c("-2", "-1", "0", "1", "2", NA), c("C", "G", NA)), .Names = c("", 
    "")), class = "table"), All.Tags = list(Concordant = list(
        Freqs = structure(c(1, 1, 6, 0, 0, 0, 5, 439, 4, 0), .Dim = c(5L, 
        2L), .Dimnames = list(c("-2", "-1", "0", "1", "2"), c("C", 
        "G"))), N = 456), Majority = list(Freqs = structure(c(1, 
    1, 6, 0, 0, 0, 6, 572, 5, 0), .Dim = c(5L, 2L), .Dimnames = list(
        c("-2", "-1", "0", "1", "2"), c("C", "G"))), N = 591)), 
    `2` = structure(c(0, 0, 0, 0, 0, 0, 1, 468, 1, 0), .Dim = c(5L, 
    2L), .Dimnames = list(c("-2", "-1", "0", "1", "2"), c("C", 
    "G"))))))
