Results <-
list(`bwaOutput/20210421msiMNRsJenny/210778_S26.sam` = list(GM22_SNP1 = list(
    All = list(Freqs = structure(c(0L, 27L, 2197L, 14L, 30L, 
    1L, 37L, 3272L, 10L, 9L, 0L, 7L, 143L, 0L, 0L), .Dim = c(5L, 
    3L), .Dimnames = structure(list(c("-2", "-1", "0", "1", NA
    ), c("A", "G", NA)), .Names = c("", "")), class = "table"), 
        N = 5747L), Tag.Distribution = structure(c(`1` = 156L, 
    `2` = 47L, `3` = 37L, `4` = 38L, `5` = 32L, `6` = 30L, `7` = 22L, 
    `8` = 29L, `9` = 16L, `10` = 21L, `11` = 20L, `12` = 18L, 
    `13` = 13L, `14` = 16L, `15` = 14L, `16` = 13L, `17` = 10L, 
    `18` = 9L, `19` = 7L, `20` = 9L, `21` = 11L, `22` = 10L, 
    `23` = 2L, `25` = 8L, `26` = 2L, `27` = 3L, `28` = 5L, `29` = 1L, 
    `30` = 3L, `31` = 2L, `32` = 2L, `33` = 1L, `34` = 2L, `36` = 1L, 
    `37` = 2L, `38` = 5L, `39` = 1L, `40` = 1L, `45` = 1L, `46` = 1L, 
    `49` = 1L, `52` = 1L, `54` = 1L, `61` = 1L), .Dim = 44L, .Dimnames = structure(list(
        c("1", "2", "3", "4", "5", "6", "7", "8", "9", "10", 
        "11", "12", "13", "14", "15", "16", "17", "18", "19", 
        "20", "21", "22", "23", "25", "26", "27", "28", "29", 
        "30", "31", "32", "33", "34", "36", "37", "38", "39", 
        "40", "45", "46", "49", "52", "54", "61")), .Names = ""), class = "table"), 
    No.Tag = structure(c(0L, 1L, 82L, 2L, 22L, 0L, 3L, 137L, 
    1L, 1L, 0L, 0L, 11L, 0L, 0L), .Dim = c(5L, 3L), .Dimnames = structure(list(
        c("-2", "-1", "0", "1", NA), c("A", "G", NA)), .Names = c("", 
    "")), class = "table"), All.Tags = list(Concordant = list(
        Freqs = structure(c(0, 2, 214, 1, 0, 0, 299, 0), .Dim = c(4L, 
        2L), .Dimnames = list(c("-2", "-1", "0", "1"), c("A", 
        "G"))), N = 516), Majority = list(Freqs = structure(c(0, 
    2, 257, 1, 0, 0, 344, 0), .Dim = c(4L, 2L), .Dimnames = list(
        c("-2", "-1", "0", "1"), c("A", "G"))), N = 604)), `2` = structure(c(0, 
    0, 199, 0, 0, 0, 268, 0), .Dim = c(4L, 2L), .Dimnames = list(
        c("-2", "-1", "0", "1"), c("A", "G"))))))
