Results <-
list(`bwaOutput/20210421msiMNRsJenny/212963_S97.sam` = list(DEPDC2_SNP1 = list(
    All = list(Freqs = structure(c(1L, 40L, 5862L, 19L, 25L, 
    0L, 0L, 6L, 0L, 0L, 0L, 1L, 82L, 1L, 0L), .Dim = c(5L, 3L
    ), .Dimnames = structure(list(c("-2", "-1", "0", "1", NA), 
        c("C", "T", NA)), .Names = c("", "")), class = "table"), 
        N = 6037L), Tag.Distribution = structure(c(`1` = 298L, 
    `2` = 183L, `3` = 158L, `4` = 109L, `5` = 103L, `6` = 74L, 
    `7` = 80L, `8` = 54L, `9` = 45L, `10` = 44L, `11` = 22L, 
    `12` = 23L, `13` = 11L, `14` = 5L, `15` = 12L, `16` = 4L, 
    `17` = 5L, `18` = 2L, `19` = 5L, `20` = 4L, `21` = 2L, `22` = 2L, 
    `23` = 1L, `24` = 3L, `27` = 1L), .Dim = 25L, .Dimnames = structure(list(
        c("1", "2", "3", "4", "5", "6", "7", "8", "9", "10", 
        "11", "12", "13", "14", "15", "16", "17", "18", "19", 
        "20", "21", "22", "23", "24", "27")), .Names = ""), class = "table"), 
    No.Tag = structure(c(0L, 1L, 176L, 1L, 1L, 0L, 0L, 1L, 0L, 
    0L, 0L, 0L, 8L, 0L, 0L), .Dim = c(5L, 3L), .Dimnames = structure(list(
        c("-2", "-1", "0", "1", NA), c("C", "T", NA)), .Names = c("", 
    "")), class = "table"), All.Tags = list(Concordant = list(
        Freqs = structure(c(0, 2, 1175, 0, 0, 0, 2, 0), .Dim = c(4L, 
        2L), .Dimnames = list(c("-2", "-1", "0", "1"), c("C", 
        "T"))), N = 1179), Majority = list(Freqs = structure(c(0, 
    2, 1225, 0, 0, 0, 2, 0), .Dim = c(4L, 2L), .Dimnames = list(
        c("-2", "-1", "0", "1"), c("C", "T"))), N = 1229)), `2` = structure(c(0, 
    0, 946, 0, 0, 0, 0, 0), .Dim = c(4L, 2L), .Dimnames = list(
        c("-2", "-1", "0", "1"), c("C", "T"))))))
