Results <-
list(`bwaOutput/20210421msiMNRsJenny/212963_S97.sam` = list(GM09_SNP1 = list(
    All = list(Freqs = structure(c(26L, 4576L, 10L, 2L, 11L, 
    1818L, 2L, 3L, 0L, 33L, 0L, 0L), .Dim = 4:3, .Dimnames = structure(list(
        c("-1", "0", "1", NA), c("A", "G", NA)), .Names = c("", 
    "")), class = "table"), N = 6481L), Tag.Distribution = structure(c(`1` = 231L, 
    `2` = 143L, `3` = 123L, `4` = 102L, `5` = 94L, `6` = 102L, 
    `7` = 51L, `8` = 56L, `9` = 42L, `10` = 40L, `11` = 31L, 
    `12` = 23L, `13` = 20L, `14` = 16L, `15` = 13L, `16` = 12L, 
    `17` = 8L, `18` = 9L, `19` = 7L, `20` = 3L, `21` = 4L, `22` = 2L, 
    `23` = 1L, `25` = 1L, `26` = 1L, `27` = 1L, `33` = 1L, `36` = 1L, 
    `38` = 1L, `53` = 1L), .Dim = 30L, .Dimnames = structure(list(
        c("1", "2", "3", "4", "5", "6", "7", "8", "9", "10", 
        "11", "12", "13", "14", "15", "16", "17", "18", "19", 
        "20", "21", "22", "23", "25", "26", "27", "33", "36", 
        "38", "53")), .Names = ""), class = "table"), No.Tag = structure(c(0L, 
    110L, 0L, 0L, 0L, 39L, 0L, 2L, 0L, 3L, 0L, 0L), .Dim = 4:3, .Dimnames = structure(list(
        c("-1", "0", "1", NA), c("A", "G", NA)), .Names = c("", 
    "")), class = "table"), All.Tags = list(Concordant = list(
        Freqs = structure(c(1, 705, 1, 0, 275, 0), .Dim = 3:2, .Dimnames = list(
            c("-1", "0", "1"), c("A", "G"))), N = 982), Majority = list(
        Freqs = structure(c(2, 791, 1, 1, 327, 0), .Dim = 3:2, .Dimnames = list(
            c("-1", "0", "1"), c("A", "G"))), N = 1122)), `2` = structure(c(1, 
    635, 0, 1, 259, 0), .Dim = 3:2, .Dimnames = list(c("-1", 
    "0", "1"), c("A", "G"))))))
