Results <-
list(`bwaOutput/20210421msiMNRsJenny/212963_S97.sam` = list(LR24_SNP1 = list(
    All = list(Freqs = structure(c(2L, 11L, 2673L, 2L, 1L, 0L, 
    12L, 2624L, 8L, 2L, 0L, 0L, 31L, 1L, 0L), .Dim = c(5L, 3L
    ), .Dimnames = structure(list(c("-2", "-1", "0", "1", NA), 
        c("A", "G", NA)), .Names = c("", "")), class = "table"), 
        N = 5367L), Tag.Distribution = structure(c(`1` = 315L, 
    `2` = 198L, `3` = 164L, `4` = 128L, `5` = 105L, `6` = 67L, 
    `7` = 71L, `8` = 43L, `9` = 37L, `10` = 27L, `11` = 18L, 
    `12` = 19L, `13` = 10L, `14` = 12L, `15` = 2L, `16` = 7L, 
    `17` = 2L, `18` = 1L, `19` = 3L, `21` = 2L, `23` = 1L, `24` = 1L
    ), .Dim = 22L, .Dimnames = structure(list(c("1", "2", "3", 
    "4", "5", "6", "7", "8", "9", "10", "11", "12", "13", "14", 
    "15", "16", "17", "18", "19", "21", "23", "24")), .Names = ""), class = "table"), 
    No.Tag = structure(c(0L, 0L, 98L, 0L, 0L, 0L, 1L, 115L, 1L, 
    0L, 0L, 0L, 2L, 0L, 0L), .Dim = c(5L, 3L), .Dimnames = structure(list(
        c("-2", "-1", "0", "1", NA), c("A", "G", NA)), .Names = c("", 
    "")), class = "table"), All.Tags = list(Concordant = list(
        Freqs = structure(c(0, 1, 524, 0, 0, 1, 535, 2), .Dim = c(4L, 
        2L), .Dimnames = list(c("-2", "-1", "0", "1"), c("A", 
        "G"))), N = 1063), Majority = list(Freqs = structure(c(0, 
    1, 596, 0, 0, 1, 602, 2), .Dim = c(4L, 2L), .Dimnames = list(
        c("-2", "-1", "0", "1"), c("A", "G"))), N = 1202)), `2` = structure(c(0, 
    0, 454, 0, 0, 0, 440, 0), .Dim = c(4L, 2L), .Dimnames = list(
        c("-2", "-1", "0", "1"), c("A", "G"))))))
