Results <-
list(`bwaOutput/20210421msiMNRsJenny/212963_S97.sam` = list(GM17_SNP1 = list(
    All = list(Freqs = structure(c(0L, 1L, 0L, 0L, 68L, 7429L, 
    21L, 6L, 0L, 2L, 0L, 0L, 0L, 4L, 0L, 1L, 3L, 238L, 0L, 0L
    ), .Dim = 4:5, .Dimnames = structure(list(c("-1", "0", "1", 
    NA), c("A", "C", "G", "T", NA)), .Names = c("", "")), class = "table"), 
        N = 7773L), Tag.Distribution = structure(c(`1` = 247L, 
    `2` = 146L, `3` = 137L, `4` = 99L, `5` = 112L, `6` = 94L, 
    `7` = 69L, `8` = 62L, `9` = 57L, `10` = 49L, `11` = 41L, 
    `12` = 30L, `13` = 26L, `14` = 23L, `15` = 25L, `16` = 17L, 
    `17` = 5L, `18` = 9L, `19` = 5L, `20` = 7L, `21` = 4L, `22` = 5L, 
    `23` = 2L, `24` = 1L, `25` = 1L, `26` = 3L, `27` = 1L, `29` = 1L, 
    `36` = 1L), .Dim = 29L, .Dimnames = structure(list(c("1", 
    "2", "3", "4", "5", "6", "7", "8", "9", "10", "11", "12", 
    "13", "14", "15", "16", "17", "18", "19", "20", "21", "22", 
    "23", "24", "25", "26", "27", "29", "36")), .Names = ""), class = "table"), 
    No.Tag = structure(c(0L, 1L, 0L, 0L, 2L, 245L, 0L, 2L, 0L, 
    0L, 0L, 0L, 0L, 0L, 0L, 0L, 0L, 12L, 0L, 0L), .Dim = 4:5, .Dimnames = structure(list(
        c("-1", "0", "1", NA), c("A", "C", "G", "T", NA)), .Names = c("", 
    "")), class = "table"), All.Tags = list(Concordant = list(
        Freqs = structure(c(0, 0, 0, 0, 1180, 1, 0, 0, 0, 0, 
        3, 0), .Dim = 3:4, .Dimnames = list(c("-1", "0", "1"), 
            c("A", "C", "G", "T"))), N = 1184), Majority = list(
        Freqs = structure(c(0, 0, 0, 0, 1255, 1, 0, 0, 0, 0, 
        3, 0), .Dim = 3:4, .Dimnames = list(c("-1", "0", "1"), 
            c("A", "C", "G", "T"))), N = 1259)), `2` = structure(c(0, 
    0, 0, 0, 1027, 0, 0, 0, 0, 0, 0, 0), .Dim = 3:4, .Dimnames = list(
        c("-1", "0", "1"), c("A", "C", "G", "T"))))))
