Results <-
list(`bwaOutput/20210421msiMNRsJenny/212963_S97.sam` = list(LR44_SNP1 = list(
    All = list(Freqs = structure(c(0L, 1L, 2L, 0L, 0L, 0L, 17L, 
    248L, 2822L, 54L, 3L, 25L, 0L, 3L, 42L, 0L, 0L, 0L), .Dim = c(6L, 
    3L), .Dimnames = structure(list(c("-2", "-1", "0", "1", "2", 
    NA), c("C", "T", NA)), .Names = c("", "")), class = "table"), 
        N = 3217L), Tag.Distribution = structure(c(`1` = 139L, 
    `2` = 95L, `3` = 63L, `4` = 54L, `5` = 45L, `6` = 44L, `7` = 44L, 
    `8` = 33L, `9` = 31L, `10` = 27L, `11` = 14L, `12` = 13L, 
    `13` = 9L, `14` = 2L, `15` = 4L, `16` = 5L, `17` = 2L, `18` = 2L, 
    `20` = 1L, `21` = 1L, `22` = 1L, `28` = 1L), .Dim = 22L, .Dimnames = structure(list(
        c("1", "2", "3", "4", "5", "6", "7", "8", "9", "10", 
        "11", "12", "13", "14", "15", "16", "17", "18", "20", 
        "21", "22", "28")), .Names = ""), class = "table"), No.Tag = structure(c(0L, 
    0L, 0L, 0L, 0L, 0L, 1L, 8L, 100L, 1L, 0L, 2L, 0L, 0L, 5L, 
    0L, 0L, 0L), .Dim = c(6L, 3L), .Dimnames = structure(list(
        c("-2", "-1", "0", "1", "2", NA), c("C", "T", NA)), .Names = c("", 
    "")), class = "table"), All.Tags = list(Concordant = list(
        Freqs = structure(c(0, 0, 1, 0, 0, 1, 15, 414, 3, 0), .Dim = c(5L, 
        2L), .Dimnames = list(c("-2", "-1", "0", "1", "2"), c("C", 
        "T"))), N = 434), Majority = list(Freqs = structure(c(0, 
    0, 1, 0, 0, 1, 23, 569, 4, 0), .Dim = c(5L, 2L), .Dimnames = list(
        c("-2", "-1", "0", "1", "2"), c("C", "T"))), N = 598)), 
    `2` = structure(c(0, 0, 0, 0, 0, 1, 13, 453, 1, 0), .Dim = c(5L, 
    2L), .Dimnames = list(c("-2", "-1", "0", "1", "2"), c("C", 
    "T"))))))
