Results <-
list(`bwaOutput/20210421msiMNRsJenny/212963_S97.sam` = list(LR48_SNP1 = list(
    All = list(Freqs = structure(c(0L, 0L, 1L, 0L, 0L, 0L, 4L, 
    131L, 3379L, 54L, 1L, 11L, 5L, 76L, 3579L, 47L, 1L, 19L, 
    0L, 1L, 165L, 4L, 0L, 0L), .Dim = c(6L, 4L), .Dimnames = structure(list(
        c("-2", "-1", "0", "1", "2", NA), c("A", "C", "T", NA
        )), .Names = c("", "")), class = "table"), N = 7478L), 
    Tag.Distribution = structure(c(`1` = 169L, `2` = 97L, `3` = 87L, 
    `4` = 88L, `5` = 58L, `6` = 58L, `7` = 75L, `8` = 57L, `9` = 56L, 
    `10` = 48L, `11` = 42L, `12` = 33L, `13` = 17L, `14` = 20L, 
    `15` = 23L, `16` = 16L, `17` = 14L, `18` = 10L, `19` = 8L, 
    `20` = 6L, `21` = 8L, `22` = 7L, `23` = 7L, `24` = 3L, `25` = 6L, 
    `26` = 2L, `27` = 2L, `28` = 1L, `29` = 1L, `30` = 1L, `31` = 2L, 
    `32` = 1L, `46` = 1L), .Dim = 33L, .Dimnames = structure(list(
        c("1", "2", "3", "4", "5", "6", "7", "8", "9", "10", 
        "11", "12", "13", "14", "15", "16", "17", "18", "19", 
        "20", "21", "22", "23", "24", "25", "26", "27", "28", 
        "29", "30", "31", "32", "46")), .Names = ""), class = "table"), 
    No.Tag = structure(c(0L, 0L, 0L, 0L, 0L, 0L, 0L, 3L, 74L, 
    1L, 0L, 0L, 0L, 2L, 118L, 1L, 0L, 1L, 0L, 0L, 11L, 0L, 0L, 
    0L), .Dim = c(6L, 4L), .Dimnames = structure(list(c("-2", 
    "-1", "0", "1", "2", NA), c("A", "C", "T", NA)), .Names = c("", 
    "")), class = "table"), All.Tags = list(Concordant = list(
        Freqs = structure(c(0, 0, 0, 0, 0, 0, 5, 356, 3, 0, 0, 
        1, 362, 0, 0), .Dim = c(5L, 3L), .Dimnames = list(c("-2", 
        "-1", "0", "1", "2"), c("A", "C", "T"))), N = 727), Majority = list(
        Freqs = structure(c(0, 0, 0, 0, 0, 0, 7, 488, 3, 0, 0, 
        1, 495, 1, 0), .Dim = c(5L, 3L), .Dimnames = list(c("-2", 
        "-1", "0", "1", "2"), c("A", "C", "T"))), N = 995)), 
    `2` = structure(c(0, 0, 0, 0, 0, 0, 2, 411, 0, 0, 0, 0, 424, 
    1, 0), .Dim = c(5L, 3L), .Dimnames = list(c("-2", "-1", "0", 
    "1", "2"), c("A", "C", "T"))))))
