Results <-
list(`bwaOutput/20210421msiMNRsJenny/212963_S97.sam` = list(GM14_SNP1 = list(
    All = list(Freqs = structure(c(0L, 0L, 1L, 0L, 0L, 6L, 154L, 
    5557L, 54L, 22L, 0L, 0L, 2L, 0L, 0L, 0L, 0L, 56L, 1L, 0L), .Dim = 5:4, .Dimnames = structure(list(
        c("-2", "-1", "0", "1", NA), c("A", "C", "T", NA)), .Names = c("", 
    "")), class = "table"), N = 5853L), Tag.Distribution = structure(c(`1` = 217L, 
    `2` = 128L, `3` = 126L, `4` = 76L, `5` = 82L, `6` = 74L, 
    `7` = 63L, `8` = 62L, `9` = 36L, `10` = 45L, `11` = 34L, 
    `12` = 38L, `13` = 19L, `14` = 14L, `15` = 13L, `16` = 10L, 
    `17` = 6L, `18` = 6L, `20` = 2L, `21` = 1L, `23` = 1L, `24` = 1L, 
    `25` = 1L), .Dim = 23L, .Dimnames = structure(list(c("1", 
    "2", "3", "4", "5", "6", "7", "8", "9", "10", "11", "12", 
    "13", "14", "15", "16", "17", "18", "20", "21", "23", "24", 
    "25")), .Names = ""), class = "table"), No.Tag = structure(c(0L, 
    0L, 0L, 0L, 0L, 1L, 0L, 154L, 0L, 3L, 0L, 0L, 0L, 0L, 0L, 
    0L, 0L, 4L, 0L, 0L), .Dim = 5:4, .Dimnames = structure(list(
        c("-2", "-1", "0", "1", NA), c("A", "C", "T", NA)), .Names = c("", 
    "")), class = "table"), All.Tags = list(Concordant = list(
        Freqs = structure(c(0, 0, 0, 0, 0, 6, 870, 1, 0, 0, 1, 
        0), .Dim = 4:3, .Dimnames = list(c("-2", "-1", "0", "1"
        ), c("A", "C", "T"))), N = 878), Majority = list(Freqs = structure(c(0, 
    0, 0, 0, 0, 7, 1034, 2, 0, 0, 1, 0), .Dim = 4:3, .Dimnames = list(
        c("-2", "-1", "0", "1"), c("A", "C", "T"))), N = 1044)), 
    `2` = structure(c(0, 0, 0, 0, 0, 1, 831, 1, 0, 0, 0, 0), .Dim = 4:3, .Dimnames = list(
        c("-2", "-1", "0", "1"), c("A", "C", "T"))))))
