Results <-
list(`bwaOutput/20210421msiMNRsJenny/212963_S97.sam` = list(LR11_SNP1 = list(
    All = list(Freqs = structure(c(0L, 0L, 10L, 0L, 0L, 0L, 4L, 
    146L, 6983L, 66L, 2L, 17L, 0L, 0L, 3L, 0L, 0L, 0L, 1L, 20L, 
    295L, 1L, 0L, 0L), .Dim = c(6L, 4L), .Dimnames = structure(list(
        c("-2", "-1", "0", "1", "2", NA), c("A", "C", "T", NA
        )), .Names = c("", "")), class = "table"), N = 7548L), 
    Tag.Distribution = structure(c(`1` = 254L, `2` = 142L, `3` = 126L, 
    `4` = 111L, `5` = 115L, `6` = 109L, `7` = 111L, `8` = 80L, 
    `9` = 55L, `10` = 50L, `11` = 40L, `12` = 37L, `13` = 27L, 
    `14` = 11L, `15` = 12L, `16` = 5L, `17` = 7L, `18` = 4L, 
    `19` = 4L, `20` = 3L, `21` = 4L, `22` = 3L, `23` = 2L, `24` = 1L, 
    `25` = 3L, `26` = 1L, `27` = 1L, `30` = 1L, `35` = 1L), .Dim = 29L, .Dimnames = structure(list(
        c("1", "2", "3", "4", "5", "6", "7", "8", "9", "10", 
        "11", "12", "13", "14", "15", "16", "17", "18", "19", 
        "20", "21", "22", "23", "24", "25", "26", "27", "30", 
        "35")), .Names = ""), class = "table"), No.Tag = structure(c(0L, 
    0L, 0L, 0L, 0L, 0L, 0L, 4L, 145L, 2L, 0L, 1L, 0L, 0L, 0L, 
    0L, 0L, 0L, 0L, 1L, 5L, 0L, 0L, 0L), .Dim = c(6L, 4L), .Dimnames = structure(list(
        c("-2", "-1", "0", "1", "2", NA), c("A", "C", "T", NA
        )), .Names = c("", "")), class = "table"), All.Tags = list(
        Concordant = list(Freqs = structure(c(0, 0, 4, 0, 0, 
        0, 6, 1121, 5, 0, 0, 0, 1, 0, 0), .Dim = c(5L, 3L), .Dimnames = list(
            c("-2", "-1", "0", "1", "2"), c("A", "C", "T"))), 
            N = 1137), Majority = list(Freqs = structure(c(0, 
        0, 4, 0, 0, 0, 8, 1280, 5, 0, 0, 0, 1, 0, 0), .Dim = c(5L, 
        3L), .Dimnames = list(c("-2", "-1", "0", "1", "2"), c("A", 
        "C", "T"))), N = 1298)), `2` = structure(c(0, 0, 0, 0, 
    0, 0, 3, 1053, 0, 0, 0, 0, 1, 0, 0), .Dim = c(5L, 3L), .Dimnames = list(
        c("-2", "-1", "0", "1", "2"), c("A", "C", "T"))))))
