Results <-
list(`bwaOutput/20210421msiMNRsJenny/212963_S97.sam` = list(LR40_SNP1 = list(
    All = list(Freqs = structure(c(68L, 5325L, 11L, 1L, 11L, 
    0L, 1L, 0L, 0L, 0L, 0L, 33L, 1L, 0L, 0L), .Dim = c(5L, 3L
    ), .Dimnames = structure(list(c("-1", "0", "1", "2", NA), 
        c("C", "T", NA)), .Names = c("", "")), class = "table"), 
        N = 5451L), Tag.Distribution = structure(c(`1` = 190L, 
    `2` = 134L, `3` = 110L, `4` = 91L, `5` = 73L, `6` = 58L, 
    `7` = 58L, `8` = 41L, `9` = 33L, `10` = 32L, `11` = 26L, 
    `12` = 25L, `13` = 13L, `14` = 16L, `15` = 9L, `16` = 8L, 
    `17` = 3L, `18` = 6L, `19` = 3L, `20` = 3L, `21` = 5L, `22` = 4L, 
    `23` = 1L, `24` = 2L, `26` = 1L, `29` = 1L, `30` = 1L, `31` = 1L, 
    `32` = 1L, `33` = 1L, `35` = 1L, `41` = 1L), .Dim = 32L, .Dimnames = structure(list(
        c("1", "2", "3", "4", "5", "6", "7", "8", "9", "10", 
        "11", "12", "13", "14", "15", "16", "17", "18", "19", 
        "20", "21", "22", "23", "24", "26", "29", "30", "31", 
        "32", "33", "35", "41")), .Names = ""), class = "table"), 
    No.Tag = structure(c(2L, 181L, 1L, 0L, 3L, 0L, 0L, 0L, 0L, 
    0L, 0L, 9L, 0L, 0L, 0L), .Dim = c(5L, 3L), .Dimnames = structure(list(
        c("-1", "0", "1", "2", NA), c("C", "T", NA)), .Names = c("", 
    "")), class = "table"), All.Tags = list(Concordant = list(
        Freqs = structure(c(1, 887, 1, 0, 0, 0, 0, 0), .Dim = c(4L, 
        2L), .Dimnames = list(c("-1", "0", "1", "2"), c("C", 
        "T"))), N = 889), Majority = list(Freqs = structure(c(2, 
    943, 1, 0, 0, 0, 0, 0), .Dim = c(4L, 2L), .Dimnames = list(
        c("-1", "0", "1", "2"), c("C", "T"))), N = 946)), `2` = structure(c(2, 
    757, 0, 0, 0, 0, 0, 0), .Dim = c(4L, 2L), .Dimnames = list(
        c("-1", "0", "1", "2"), c("C", "T"))))))
