Results <-
list(`bwaOutput/20210421msiMNRsJenny/212963_S97.sam` = list(GM07_SNP1 = list(
    All = list(Freqs = structure(c(0L, 0L, 1L, 1L, 0L, 0L, 0L, 
    1L, 58L, 2669L, 3200L, 78L, 2L, 156L, 0L, 0L, 0L, 1L, 0L, 
    0L, 0L, 0L, 0L, 13L, 48L, 0L, 0L, 0L), .Dim = c(7L, 4L), .Dimnames = structure(list(
        c("-3", "-2", "-1", "0", "1", "2", NA), c("-", "A", "G", 
        NA)), .Names = c("", "")), class = "table"), N = 6228L), 
    Tag.Distribution = structure(c(`1` = 238L, `2` = 128L, `3` = 110L, 
    `4` = 101L, `5` = 100L, `6` = 88L, `7` = 57L, `8` = 49L, 
    `9` = 50L, `10` = 34L, `11` = 35L, `12` = 23L, `13` = 27L, 
    `14` = 16L, `15` = 12L, `16` = 10L, `17` = 11L, `18` = 4L, 
    `19` = 4L, `20` = 2L, `21` = 3L, `23` = 3L, `24` = 1L, `28` = 1L, 
    `29` = 1L, `30` = 1L), .Dim = 26L, .Dimnames = structure(list(
        c("1", "2", "3", "4", "5", "6", "7", "8", "9", "10", 
        "11", "12", "13", "14", "15", "16", "17", "18", "19", 
        "20", "21", "23", "24", "28", "29", "30")), .Names = ""), class = "table"), 
    No.Tag = structure(c(0L, 0L, 0L, 0L, 0L, 0L, 0L, 0L, 1L, 
    66L, 106L, 2L, 0L, 17L, 0L, 0L, 0L, 0L, 0L, 0L, 0L, 0L, 0L, 
    0L, 5L, 0L, 0L, 0L), .Dim = c(7L, 4L), .Dimnames = structure(list(
        c("-3", "-2", "-1", "0", "1", "2", NA), c("-", "A", "G", 
        NA)), .Names = c("", "")), class = "table"), All.Tags = list(
        Concordant = list(Freqs = structure(c(0, 0, 0, 0, 0, 
        0, 0, 2, 363, 412, 6, 0, 0, 0, 0, 0, 0, 0), .Dim = c(6L, 
        3L), .Dimnames = list(c("-3", "-2", "-1", "0", "1", "2"
        ), c("-", "A", "G"))), N = 783), Majority = list(Freqs = structure(c(0, 
        0, 0, 0, 0, 0, 0, 2, 477, 576, 7, 0, 0, 0, 0, 0, 0, 0
        ), .Dim = c(6L, 3L), .Dimnames = list(c("-3", "-2", "-1", 
        "0", "1", "2"), c("-", "A", "G"))), N = 1062)), `2` = structure(c(0, 
    0, 0, 0, 0, 0, 0, 0, 380, 460, 2, 0, 0, 0, 0, 0, 0, 0), .Dim = c(6L, 
    3L), .Dimnames = list(c("-3", "-2", "-1", "0", "1", "2"), 
        c("-", "A", "G"))))))
