Results <-
list(`bwaOutput/20210421msiMNRsJenny/212963_S97.sam` = list(IM16_SNP1 = list(
    All = list(Freqs = structure(c(33L, 5176L, 107L, 3L, 15L, 
    3L, 8L, 0L, 0L, 0L, 0L, 62L, 0L, 0L, 0L), .Dim = c(5L, 3L
    ), .Dimnames = structure(list(c("-1", "0", "1", "2", NA), 
        c("A", "G", NA)), .Names = c("", "")), class = "table"), 
        N = 5407L), Tag.Distribution = structure(c(`1` = 171L, 
    `2` = 110L, `3` = 90L, `4` = 82L, `5` = 66L, `6` = 71L, `7` = 63L, 
    `8` = 42L, `9` = 34L, `10` = 35L, `11` = 30L, `12` = 20L, 
    `13` = 20L, `14` = 16L, `15` = 11L, `16` = 10L, `17` = 13L, 
    `18` = 3L, `19` = 3L, `20` = 2L, `22` = 3L, `23` = 3L, `24` = 2L, 
    `25` = 1L, `28` = 1L, `30` = 1L, `35` = 1L, `37` = 1L), .Dim = 28L, .Dimnames = structure(list(
        c("1", "2", "3", "4", "5", "6", "7", "8", "9", "10", 
        "11", "12", "13", "14", "15", "16", "17", "18", "19", 
        "20", "22", "23", "24", "25", "28", "30", "35", "37")), .Names = ""), class = "table"), 
    No.Tag = structure(c(2L, 116L, 0L, 0L, 11L, 1L, 0L, 0L, 0L, 
    0L, 0L, 10L, 0L, 0L, 0L), .Dim = c(5L, 3L), .Dimnames = structure(list(
        c("-1", "0", "1", "2", NA), c("A", "G", NA)), .Names = c("", 
    "")), class = "table"), All.Tags = list(Concordant = list(
        Freqs = structure(c(0, 787, 6, 0, 2, 6, 0, 0), .Dim = c(4L, 
        2L), .Dimnames = list(c("-1", "0", "1", "2"), c("A", 
        "G"))), N = 801), Majority = list(Freqs = structure(c(0, 
    879, 8, 0, 2, 6, 0, 0), .Dim = c(4L, 2L), .Dimnames = list(
        c("-1", "0", "1", "2"), c("A", "G"))), N = 895)), `2` = structure(c(0, 
    729, 4, 0, 0, 0, 0, 0), .Dim = c(4L, 2L), .Dimnames = list(
        c("-1", "0", "1", "2"), c("A", "G"))))))
