Results <-
list(`bwaOutput/20210421msiMNRsJenny/212963_S97.sam` = list(LR36_SNP1 = list(
    All = list(Freqs = structure(c(0L, 0L, 1L, 23L, 0L, 1L, 0L, 
    0L, 0L, 1L, 0L, 0L, 2L, 9L, 100L, 4618L, 33L, 51L, 0L, 0L, 
    8L, 380L, 2L, 0L), .Dim = c(6L, 4L), .Dimnames = structure(list(
        c("-4", "-2", "-1", "0", "1", NA), c("A", "G", "T", NA
        )), .Names = c("", "")), class = "table"), N = 5229L), 
    Tag.Distribution = structure(c(`1` = 233L, `2` = 121L, `3` = 138L, 
    `4` = 88L, `5` = 97L, `6` = 63L, `7` = 41L, `8` = 52L, `9` = 47L, 
    `10` = 35L, `11` = 24L, `12` = 13L, `13` = 17L, `14` = 14L, 
    `15` = 12L, `16` = 8L, `17` = 7L, `18` = 3L, `19` = 3L, `20` = 2L, 
    `21` = 2L, `24` = 1L), .Dim = 22L, .Dimnames = structure(list(
        c("1", "2", "3", "4", "5", "6", "7", "8", "9", "10", 
        "11", "12", "13", "14", "15", "16", "17", "18", "19", 
        "20", "21", "24")), .Names = ""), class = "table"), No.Tag = structure(c(0L, 
    0L, 0L, 3L, 0L, 1L, 0L, 0L, 0L, 0L, 0L, 0L, 0L, 1L, 1L, 138L, 
    2L, 2L, 0L, 0L, 0L, 20L, 0L, 0L), .Dim = c(6L, 4L), .Dimnames = structure(list(
        c("-4", "-2", "-1", "0", "1", NA), c("A", "G", "T", NA
        )), .Names = c("", "")), class = "table"), All.Tags = list(
        Concordant = list(Freqs = structure(c(0, 0, 0, 6, 0, 
        0, 0, 0, 0, 0, 1, 1, 2, 855, 2), .Dim = c(5L, 3L), .Dimnames = list(
            c("-4", "-2", "-1", "0", "1"), c("A", "G", "T"))), 
            N = 867), Majority = list(Freqs = structure(c(0, 
        0, 0, 6, 0, 0, 0, 0, 0, 0, 1, 1, 4, 969, 2), .Dim = c(5L, 
        3L), .Dimnames = list(c("-4", "-2", "-1", "0", "1"), 
            c("A", "G", "T"))), N = 983)), `2` = structure(c(0, 
    0, 0, 0, 0, 0, 0, 0, 0, 0, 0, 0, 3, 776, 0), .Dim = c(5L, 
    3L), .Dimnames = list(c("-4", "-2", "-1", "0", "1"), c("A", 
    "G", "T"))))))
