Results <-
list(`bwaOutput/20210421msiMNRsJenny/212963_S97.sam` = list(GM11_SNP1 = list(
    All = list(Freqs = structure(c(31L, 6224L, 20L, 3L, 0L, 4L, 
    0L, 0L, 0L, 2L, 0L, 0L, 0L, 57L, 1L, 0L), .Dim = c(4L, 4L
    ), .Dimnames = structure(list(c("-1", "0", "1", NA), c("A", 
    "G", "T", NA)), .Names = c("", "")), class = "table"), N = 6342L), 
    Tag.Distribution = structure(c(`1` = 184L, `2` = 131L, `3` = 115L, 
    `4` = 105L, `5` = 100L, `6` = 82L, `7` = 73L, `8` = 59L, 
    `9` = 43L, `10` = 31L, `11` = 29L, `12` = 39L, `13` = 28L, 
    `14` = 13L, `15` = 8L, `16` = 6L, `17` = 8L, `18` = 5L, `19` = 5L, 
    `20` = 3L, `21` = 3L, `22` = 2L, `23` = 4L, `24` = 2L, `28` = 1L, 
    `31` = 2L, `32` = 1L), .Dim = 27L, .Dimnames = structure(list(
        c("1", "2", "3", "4", "5", "6", "7", "8", "9", "10", 
        "11", "12", "13", "14", "15", "16", "17", "18", "19", 
        "20", "21", "22", "23", "24", "28", "31", "32")), .Names = ""), class = "table"), 
    No.Tag = structure(c(2L, 149L, 1L, 0L, 0L, 0L, 0L, 0L, 0L, 
    0L, 0L, 0L, 0L, 8L, 0L, 0L), .Dim = c(4L, 4L), .Dimnames = structure(list(
        c("-1", "0", "1", NA), c("A", "G", "T", NA)), .Names = c("", 
    "")), class = "table"), All.Tags = list(Concordant = list(
        Freqs = structure(c(1, 1031, 0, 0, 3, 0, 0, 0, 0), .Dim = c(3L, 
        3L), .Dimnames = list(c("-1", "0", "1"), c("A", "G", 
        "T"))), N = 1035), Majority = list(Freqs = structure(c(1, 
    1070, 1, 0, 3, 0, 0, 0, 0), .Dim = c(3L, 3L), .Dimnames = list(
        c("-1", "0", "1"), c("A", "G", "T"))), N = 1075)), `2` = structure(c(0, 
    893, 1, 0, 0, 0, 0, 0, 0), .Dim = c(3L, 3L), .Dimnames = list(
        c("-1", "0", "1"), c("A", "G", "T"))))))
