Results <-
list(`bwaOutput/20210421msiMNRsJenny/212963_S97.sam` = list(LR17_SNP1 = list(
    All = list(Freqs = structure(c(3L, 8L, 364L, 8848L, 108L, 
    2L, 52L, 0L, 0L, 0L, 1L, 0L, 0L, 0L, 0L, 0L, 8L, 634L, 4L, 
    0L, 0L), .Dim = c(7L, 3L), .Dimnames = structure(list(c("-3", 
    "-2", "-1", "0", "1", "2", NA), c("A", "G", NA)), .Names = c("", 
    "")), class = "table"), N = 10032L), Tag.Distribution = structure(c(`1` = 333L, 
    `2` = 132L, `3` = 152L, `4` = 123L, `5` = 108L, `6` = 121L, 
    `7` = 91L, `8` = 71L, `9` = 80L, `10` = 65L, `11` = 56L, 
    `12` = 59L, `13` = 38L, `14` = 31L, `15` = 25L, `16` = 14L, 
    `17` = 12L, `18` = 9L, `19` = 9L, `20` = 9L, `21` = 10L, 
    `22` = 5L, `23` = 2L, `24` = 6L, `25` = 2L, `26` = 1L, `28` = 1L, 
    `31` = 1L, `32` = 2L), .Dim = 29L, .Dimnames = structure(list(
        c("1", "2", "3", "4", "5", "6", "7", "8", "9", "10", 
        "11", "12", "13", "14", "15", "16", "17", "18", "19", 
        "20", "21", "22", "23", "24", "25", "26", "28", "31", 
        "32")), .Names = ""), class = "table"), No.Tag = structure(c(0L, 
    0L, 10L, 324L, 6L, 0L, 4L, 0L, 0L, 0L, 0L, 0L, 0L, 0L, 0L, 
    0L, 0L, 25L, 0L, 0L, 0L), .Dim = c(7L, 3L), .Dimnames = structure(list(
        c("-3", "-2", "-1", "0", "1", "2", NA), c("A", "G", NA
        )), .Names = c("", "")), class = "table"), All.Tags = list(
        Concordant = list(Freqs = structure(c(1, 0, 16, 1194, 
        3, 0, 0, 0, 0, 0, 0, 0), .Dim = c(6L, 2L), .Dimnames = list(
            c("-3", "-2", "-1", "0", "1", "2"), c("A", "G"))), 
            N = 1214), Majority = list(Freqs = structure(c(1, 
        0, 19, 1487, 3, 0, 0, 0, 0, 0, 0, 0), .Dim = c(6L, 2L
        ), .Dimnames = list(c("-3", "-2", "-1", "0", "1", "2"
        ), c("A", "G"))), N = 1510)), `2` = structure(c(0, 0, 
    7, 1210, 1, 0, 0, 0, 0, 0, 0, 0), .Dim = c(6L, 2L), .Dimnames = list(
        c("-3", "-2", "-1", "0", "1", "2"), c("A", "G"))))))
