Results <-
list(`bwaOutput/20210421msiMNRsJenny/212963_S97.sam` = list(GM26_SNP1 = list(
    All = list(Freqs = structure(c(2L, 33L, 4981L, 18L, 12L, 
    0L, 0L, 6L, 0L, 0L, 0L, 1L, 55L, 1L, 0L), .Dim = c(5L, 3L
    ), .Dimnames = structure(list(c("-2", "-1", "0", "1", NA), 
        c("A", "G", NA)), .Names = c("", "")), class = "table"), 
        N = 5109L), Tag.Distribution = structure(c(`1` = 170L, 
    `2` = 95L, `3` = 84L, `4` = 77L, `5` = 60L, `6` = 56L, `7` = 55L, 
    `8` = 48L, `9` = 34L, `10` = 38L, `11` = 20L, `12` = 27L, 
    `13` = 17L, `14` = 13L, `15` = 11L, `16` = 12L, `17` = 8L, 
    `18` = 8L, `19` = 2L, `20` = 5L, `21` = 1L, `22` = 2L, `23` = 1L, 
    `24` = 2L, `28` = 1L, `31` = 2L), .Dim = 26L, .Dimnames = structure(list(
        c("1", "2", "3", "4", "5", "6", "7", "8", "9", "10", 
        "11", "12", "13", "14", "15", "16", "17", "18", "19", 
        "20", "21", "22", "23", "24", "28", "31")), .Names = ""), class = "table"), 
    No.Tag = structure(c(1L, 1L, 141L, 0L, 1L, 0L, 0L, 1L, 0L, 
    0L, 0L, 0L, 5L, 0L, 0L), .Dim = c(5L, 3L), .Dimnames = structure(list(
        c("-2", "-1", "0", "1", NA), c("A", "G", NA)), .Names = c("", 
    "")), class = "table"), All.Tags = list(Concordant = list(
        Freqs = structure(c(0, 1, 789, 0, 0, 0, 4, 0), .Dim = c(4L, 
        2L), .Dimnames = list(c("-2", "-1", "0", "1"), c("A", 
        "G"))), N = 794), Majority = list(Freqs = structure(c(0, 
    1, 833, 0, 0, 0, 4, 0), .Dim = c(4L, 2L), .Dimnames = list(
        c("-2", "-1", "0", "1"), c("A", "G"))), N = 838)), `2` = structure(c(0, 
    0, 676, 0, 0, 0, 0, 0), .Dim = c(4L, 2L), .Dimnames = list(
        c("-2", "-1", "0", "1"), c("A", "G"))))))
