Results <-
list(`bwaOutput/20210421msiMNRsJenny/212963_S97.sam` = list(LR49_SNP1 = list(
    All = list(Freqs = structure(c(0L, 6L, 0L, 0L, 20L, 5007L, 
    3L, 6L, 0L, 28L, 0L, 0L), .Dim = 4:3, .Dimnames = structure(list(
        c("-1", "0", "1", NA), c("A", "G", NA)), .Names = c("", 
    "")), class = "table"), N = 5070L), Tag.Distribution = structure(c(`1` = 262L, 
    `2` = 163L, `3` = 120L, `4` = 120L, `5` = 85L, `6` = 72L, 
    `7` = 53L, `8` = 43L, `9` = 39L, `10` = 26L, `11` = 21L, 
    `12` = 24L, `13` = 5L, `14` = 10L, `15` = 4L, `16` = 5L, 
    `17` = 4L, `18` = 6L, `19` = 2L, `20` = 1L, `21` = 1L, `22` = 3L, 
    `24` = 1L, `25` = 1L, `27` = 1L), .Dim = 25L, .Dimnames = structure(list(
        c("1", "2", "3", "4", "5", "6", "7", "8", "9", "10", 
        "11", "12", "13", "14", "15", "16", "17", "18", "19", 
        "20", "21", "22", "24", "25", "27")), .Names = ""), class = "table"), 
    No.Tag = structure(c(0L, 0L, 0L, 0L, 1L, 189L, 0L, 4L, 0L, 
    4L, 0L, 0L), .Dim = 4:3, .Dimnames = structure(list(c("-1", 
    "0", "1", NA), c("A", "G", NA)), .Names = c("", "")), class = "table"), 
    All.Tags = list(Concordant = list(Freqs = structure(c(0, 
    3, 0, 0, 1048, 0), .Dim = 3:2, .Dimnames = list(c("-1", "0", 
    "1"), c("A", "G"))), N = 1051), Majority = list(Freqs = structure(c(0, 
    3, 0, 0, 1065, 0), .Dim = 3:2, .Dimnames = list(c("-1", "0", 
    "1"), c("A", "G"))), N = 1068)), `2` = structure(c(0, 1, 
    0, 0, 809, 0), .Dim = 3:2, .Dimnames = list(c("-1", "0", 
    "1"), c("A", "G"))))))
