Results <-
list(`bwaOutput/20210421msiMNRsJenny/212963_S97.sam` = list(LR10_SNP1 = list(
    All = list(Freqs = structure(c(0L, 1L, 0L, 0L, 0L, 1L, 0L, 
    0L, 63L, 3487L, 23L, 8L, 63L, 3421L, 12L, 3L, 0L, 101L, 2L, 
    0L), .Dim = 4:5, .Dimnames = structure(list(c("-1", "0", 
    "1", NA), c("-", "A", "C", "T", NA)), .Names = c("", "")), class = "table"), 
        N = 7185L), Tag.Distribution = structure(c(`1` = 257L, 
    `2` = 148L, `3` = 118L, `4` = 107L, `5` = 87L, `6` = 85L, 
    `7` = 78L, `8` = 68L, `9` = 64L, `10` = 29L, `11` = 48L, 
    `12` = 31L, `13` = 20L, `14` = 20L, `15` = 16L, `16` = 20L, 
    `17` = 8L, `18` = 5L, `19` = 5L, `20` = 4L, `21` = 3L, `22` = 1L, 
    `23` = 1L, `24` = 2L, `25` = 1L, `28` = 1L, `32` = 1L, `37` = 2L
    ), .Dim = 28L, .Dimnames = structure(list(c("1", "2", "3", 
    "4", "5", "6", "7", "8", "9", "10", "11", "12", "13", "14", 
    "15", "16", "17", "18", "19", "20", "21", "22", "23", "24", 
    "25", "28", "32", "37")), .Names = ""), class = "table"), 
    No.Tag = structure(c(0L, 0L, 0L, 0L, 0L, 0L, 0L, 0L, 1L, 
    131L, 2L, 1L, 0L, 94L, 0L, 0L, 0L, 4L, 0L, 0L), .Dim = 4:5, .Dimnames = structure(list(
        c("-1", "0", "1", NA), c("-", "A", "C", "T", NA)), .Names = c("", 
    "")), class = "table"), All.Tags = list(Concordant = list(
        Freqs = structure(c(0, 0, 0, 0, 0, 0, 1, 459, 1, 2, 520, 
        0), .Dim = 3:4, .Dimnames = list(c("-1", "0", "1"), c("-", 
        "A", "C", "T"))), N = 983), Majority = list(Freqs = structure(c(0, 
    0, 0, 0, 0, 0, 2, 584, 1, 3, 608, 0), .Dim = 3:4, .Dimnames = list(
        c("-1", "0", "1"), c("-", "A", "C", "T"))), N = 1198)), 
    `2` = structure(c(0, 0, 0, 0, 0, 0, 1, 472, 0, 3, 473, 0), .Dim = 3:4, .Dimnames = list(
        c("-1", "0", "1"), c("-", "A", "C", "T"))))))
