Results <-
list(`bwaOutput/20210421msiMNRsJenny/212963_S97.sam` = list(GM29_SNP1 = list(
    All = list(Freqs = structure(c(0L, 0L, 1L, 0L, 0L, 2L, 34L, 
    2588L, 5L, 5L, 0L, 27L, 2487L, 7L, 1L, 0L, 4L, 63L, 0L, 0L
    ), .Dim = 5:4, .Dimnames = structure(list(c("-2", "-1", "0", 
    "1", NA), c("-", "A", "G", NA)), .Names = c("", "")), class = "table"), 
        N = 5224L), Tag.Distribution = structure(c(`1` = 164L, 
    `2` = 98L, `3` = 94L, `4` = 84L, `5` = 69L, `6` = 50L, `7` = 30L, 
    `8` = 53L, `9` = 38L, `10` = 18L, `11` = 25L, `12` = 25L, 
    `13` = 12L, `14` = 14L, `15` = 8L, `16` = 11L, `17` = 5L, 
    `18` = 2L, `19` = 3L, `20` = 4L, `21` = 1L, `22` = 4L, `23` = 2L, 
    `24` = 3L, `26` = 3L, `27` = 1L, `29` = 2L, `30` = 2L, `32` = 1L, 
    `33` = 1L, `34` = 3L, `35` = 1L, `60` = 1L, `65` = 1L), .Dim = 34L, .Dimnames = structure(list(
        c("1", "2", "3", "4", "5", "6", "7", "8", "9", "10", 
        "11", "12", "13", "14", "15", "16", "17", "18", "19", 
        "20", "21", "22", "23", "24", "26", "27", "29", "30", 
        "32", "33", "34", "35", "60", "65")), .Names = ""), class = "table"), 
    No.Tag = structure(c(0L, 0L, 0L, 0L, 0L, 0L, 0L, 99L, 0L, 
    0L, 0L, 0L, 82L, 0L, 0L, 0L, 0L, 6L, 0L, 0L), .Dim = 5:4, .Dimnames = structure(list(
        c("-2", "-1", "0", "1", NA), c("-", "A", "G", NA)), .Names = c("", 
    "")), class = "table"), All.Tags = list(Concordant = list(
        Freqs = structure(c(0, 0, 0, 0, 0, 1, 331, 0, 0, 0, 307, 
        0), .Dim = 4:3, .Dimnames = list(c("-2", "-1", "0", "1"
        ), c("-", "A", "G"))), N = 639), Majority = list(Freqs = structure(c(0, 
    0, 0, 0, 0, 1, 417, 0, 0, 0, 401, 0), .Dim = 4:3, .Dimnames = list(
        c("-2", "-1", "0", "1"), c("-", "A", "G"))), N = 819)), 
    `2` = structure(c(0, 0, 0, 0, 0, 0, 339, 0, 0, 0, 319, 0), .Dim = 4:3, .Dimnames = list(
        c("-2", "-1", "0", "1"), c("-", "A", "G"))))))
