Results <-
list(`bwaOutput/20210421msiMNRsJenny/212963_S97.sam` = list(IM49_SNP1 = list(
    All = list(Freqs = structure(c(0L, 0L, 0L, 1L, 0L, 0L, 0L, 
    1L, 1L, 98L, 3093L, 68L, 1L, 29L, 0L, 0L, 0L, 10L, 0L, 0L, 
    0L, 0L, 0L, 2L, 74L, 1L, 0L, 0L), .Dim = c(7L, 4L), .Dimnames = structure(list(
        c("-3", "-2", "-1", "0", "1", "3", NA), c("A", "C", "G", 
        NA)), .Names = c("", "")), class = "table"), N = 3379L), 
    Tag.Distribution = structure(c(`1` = 195L, `2` = 99L, `3` = 96L, 
    `4` = 78L, `5` = 56L, `6` = 43L, `7` = 37L, `8` = 29L, `9` = 25L, 
    `10` = 20L, `11` = 17L, `12` = 3L, `13` = 11L, `14` = 4L, 
    `15` = 4L, `16` = 3L, `17` = 6L, `18` = 4L, `19` = 2L, `21` = 1L, 
    `28` = 1L, `30` = 1L), .Dim = 22L, .Dimnames = structure(list(
        c("1", "2", "3", "4", "5", "6", "7", "8", "9", "10", 
        "11", "12", "13", "14", "15", "16", "17", "18", "19", 
        "21", "28", "30")), .Names = ""), class = "table"), No.Tag = structure(c(0L, 
    0L, 0L, 0L, 0L, 0L, 0L, 0L, 0L, 2L, 100L, 3L, 0L, 1L, 0L, 
    0L, 0L, 0L, 0L, 0L, 0L, 0L, 0L, 0L, 5L, 0L, 0L, 0L), .Dim = c(7L, 
    4L), .Dimnames = structure(list(c("-3", "-2", "-1", "0", 
    "1", "3", NA), c("A", "C", "G", NA)), .Names = c("", "")), class = "table"), 
    All.Tags = list(Concordant = list(Freqs = structure(c(0, 
    0, 0, 0, 0, 0, 0, 0, 6, 575, 4, 0, 0, 0, 0, 9, 0, 0), .Dim = c(6L, 
    3L), .Dimnames = list(c("-3", "-2", "-1", "0", "1", "3"), 
        c("A", "C", "G"))), N = 594), Majority = list(Freqs = structure(c(0, 
    0, 0, 0, 0, 0, 0, 0, 9, 686, 4, 0, 0, 0, 0, 9, 0, 0), .Dim = c(6L, 
    3L), .Dimnames = list(c("-3", "-2", "-1", "0", "1", "3"), 
        c("A", "C", "G"))), N = 708)), `2` = structure(c(0, 0, 
    0, 0, 0, 0, 0, 0, 4, 527, 0, 0, 0, 0, 0, 0, 0, 0), .Dim = c(6L, 
    3L), .Dimnames = list(c("-3", "-2", "-1", "0", "1", "3"), 
        c("A", "C", "G"))))))
