Results <-
list(`bwaOutput/20210421msiMNRsJenny/212963_S97.sam` = list(LR46_SNP1 = list(
    All = list(Freqs = structure(c(0L, 1L, 0L, 0L, 0L, 6L, 1013L, 
    1L, 0L, 4L, 7L, 2614L, 7L, 1L, 8L, 0L, 21L, 0L, 0L, 0L), .Dim = 5:4, .Dimnames = structure(list(
        c("-1", "0", "1", "2", NA), c("A", "G", "T", NA)), .Names = c("", 
    "")), class = "table"), N = 3683L), Tag.Distribution = structure(c(`1` = 131L, 
    `2` = 68L, `3` = 56L, `4` = 56L, `5` = 51L, `6` = 45L, `7` = 25L, 
    `8` = 38L, `9` = 25L, `10` = 20L, `11` = 24L, `12` = 19L, 
    `13` = 21L, `14` = 9L, `15` = 8L, `16` = 6L, `17` = 4L, `18` = 3L, 
    `19` = 3L, `20` = 2L, `21` = 3L, `24` = 1L, `26` = 1L, `33` = 1L
    ), .Dim = 24L, .Dimnames = structure(list(c("1", "2", "3", 
    "4", "5", "6", "7", "8", "9", "10", "11", "12", "13", "14", 
    "15", "16", "17", "18", "19", "20", "21", "24", "26", "33"
    )), .Names = ""), class = "table"), No.Tag = structure(c(0L, 
    0L, 0L, 0L, 0L, 0L, 37L, 0L, 0L, 0L, 0L, 79L, 2L, 0L, 3L, 
    0L, 2L, 0L, 0L, 0L), .Dim = 5:4, .Dimnames = structure(list(
        c("-1", "0", "1", "2", NA), c("A", "G", "T", NA)), .Names = c("", 
    "")), class = "table"), All.Tags = list(Concordant = list(
        Freqs = structure(c(0, 0, 0, 0, 0, 160, 0, 0, 2, 408, 
        0, 0), .Dim = 4:3, .Dimnames = list(c("-1", "0", "1", 
        "2"), c("A", "G", "T"))), N = 570), Majority = list(Freqs = structure(c(0, 
    0, 0, 0, 0, 180, 0, 0, 2, 432, 0, 0), .Dim = 4:3, .Dimnames = list(
        c("-1", "0", "1", "2"), c("A", "G", "T"))), N = 614)), 
    `2` = structure(c(0, 0, 0, 0, 0, 138, 0, 0, 0, 349, 0, 0), .Dim = 4:3, .Dimnames = list(
        c("-1", "0", "1", "2"), c("A", "G", "T"))))))
