Results <-
list(`bwaOutput/20210421msiMNRsJenny/212963_S97.sam` = list(GM22_SNP1 = list(
    All = list(Freqs = structure(c(0L, 52L, 3423L, 16L, 7L, 2L, 
    67L, 3139L, 10L, 6L, 0L, 1L, 142L, 5L, 0L), .Dim = c(5L, 
    3L), .Dimnames = structure(list(c("-2", "-1", "0", "1", NA
    ), c("A", "G", NA)), .Names = c("", "")), class = "table"), 
        N = 6870L), Tag.Distribution = structure(c(`1` = 234L, 
    `2` = 139L, `3` = 112L, `4` = 106L, `5` = 89L, `6` = 85L, 
    `7` = 75L, `8` = 62L, `9` = 53L, `10` = 53L, `11` = 48L, 
    `12` = 16L, `13` = 27L, `14` = 20L, `15` = 18L, `16` = 16L, 
    `17` = 3L, `18` = 4L, `19` = 6L, `20` = 4L, `21` = 2L, `22` = 1L, 
    `24` = 1L, `26` = 1L), .Dim = 24L, .Dimnames = structure(list(
        c("1", "2", "3", "4", "5", "6", "7", "8", "9", "10", 
        "11", "12", "13", "14", "15", "16", "17", "18", "19", 
        "20", "21", "22", "24", "26")), .Names = ""), class = "table"), 
    No.Tag = structure(c(0L, 1L, 135L, 1L, 1L, 0L, 5L, 143L, 
    1L, 1L, 0L, 0L, 19L, 0L, 0L), .Dim = c(5L, 3L), .Dimnames = structure(list(
        c("-2", "-1", "0", "1", NA), c("A", "G", NA)), .Names = c("", 
    "")), class = "table"), All.Tags = list(Concordant = list(
        Freqs = structure(c(0, 3, 480, 3, 0, 1, 474, 0), .Dim = c(4L, 
        2L), .Dimnames = list(c("-2", "-1", "0", "1"), c("A", 
        "G"))), N = 961), Majority = list(Freqs = structure(c(0, 
    4, 572, 3, 0, 1, 566, 0), .Dim = c(4L, 2L), .Dimnames = list(
        c("-2", "-1", "0", "1"), c("A", "G"))), N = 1146)), `2` = structure(c(0, 
    1, 471, 0, 0, 1, 453, 0), .Dim = c(4L, 2L), .Dimnames = list(
        c("-2", "-1", "0", "1"), c("A", "G"))))))
