Results <-
list(`bwaOutput/20210421msiMNRsJenny/212963_S97.sam` = list(GM01_SNP1 = list(
    All = list(Freqs = structure(c(1L, 91L, 5132L, 21L, 1L, 6L, 
    0L, 51L, 5295L, 26L, 0L, 16L, 0L, 3L, 165L, 1L, 0L, 0L), .Dim = c(6L, 
    3L), .Dimnames = structure(list(c("-2", "-1", "0", "1", "2", 
    NA), c("A", "G", NA)), .Names = c("", "")), class = "table"), 
        N = 10809L), Tag.Distribution = structure(c(`1` = 303L, 
    `2` = 177L, `3` = 154L, `4` = 144L, `5` = 122L, `6` = 123L, 
    `7` = 101L, `8` = 91L, `9` = 88L, `10` = 58L, `11` = 49L, 
    `12` = 51L, `13` = 42L, `14` = 40L, `15` = 19L, `16` = 20L, 
    `17` = 17L, `18` = 9L, `19` = 10L, `20` = 7L, `21` = 2L, 
    `22` = 8L, `23` = 5L, `24` = 2L, `25` = 7L, `26` = 4L, `27` = 3L, 
    `29` = 3L, `30` = 1L, `32` = 1L, `33` = 1L, `35` = 1L, `36` = 1L, 
    `37` = 1L), .Dim = 34L, .Dimnames = structure(list(c("1", 
    "2", "3", "4", "5", "6", "7", "8", "9", "10", "11", "12", 
    "13", "14", "15", "16", "17", "18", "19", "20", "21", "22", 
    "23", "24", "25", "26", "27", "29", "30", "32", "33", "35", 
    "36", "37")), .Names = ""), class = "table"), No.Tag = structure(c(0L, 
    0L, 145L, 1L, 0L, 1L, 0L, 2L, 121L, 0L, 0L, 2L, 0L, 0L, 13L, 
    0L, 0L, 0L), .Dim = c(6L, 3L), .Dimnames = structure(list(
        c("-2", "-1", "0", "1", "2", NA), c("A", "G", NA)), .Names = c("", 
    "")), class = "table"), All.Tags = list(Concordant = list(
        Freqs = structure(c(0, 4, 643, 0, 0, 0, 0, 640, 0, 0), .Dim = c(5L, 
        2L), .Dimnames = list(c("-2", "-1", "0", "1", "2"), c("A", 
        "G"))), N = 1287), Majority = list(Freqs = structure(c(0, 
    5, 810, 1, 0, 0, 0, 802, 0, 0), .Dim = c(5L, 2L), .Dimnames = list(
        c("-2", "-1", "0", "1", "2"), c("A", "G"))), N = 1618)), 
    `2` = structure(c(0, 2, 660, 1, 0, 0, 0, 667, 0, 0), .Dim = c(5L, 
    2L), .Dimnames = list(c("-2", "-1", "0", "1", "2"), c("A", 
    "G"))))))
