Results <-
list(`bwaOutput/20210421msiMNRsJenny/212963_S97.sam` = list(LR20_SNP1 = list(
    All = list(Freqs = structure(c(0L, 1L, 0L, 0L, 8L, 6878L, 
    12L, 8L, 0L, 15L, 0L, 0L, 0L, 15L, 0L, 0L), .Dim = c(4L, 
    4L), .Dimnames = structure(list(c("-1", "0", "1", NA), c("-", 
    "A", "G", NA)), .Names = c("", "")), class = "table"), N = 6937L), 
    Tag.Distribution = structure(c(`1` = 238L, `2` = 182L, `3` = 136L, 
    `4` = 128L, `5` = 95L, `6` = 78L, `7` = 66L, `8` = 57L, `9` = 55L, 
    `10` = 38L, `11` = 26L, `12` = 30L, `13` = 27L, `14` = 16L, 
    `15` = 18L, `16` = 9L, `17` = 2L, `18` = 7L, `19` = 7L, `20` = 3L, 
    `21` = 5L, `22` = 6L, `23` = 3L, `24` = 1L, `25` = 1L, `26` = 1L, 
    `29` = 1L, `38` = 1L), .Dim = 28L, .Dimnames = structure(list(
        c("1", "2", "3", "4", "5", "6", "7", "8", "9", "10", 
        "11", "12", "13", "14", "15", "16", "17", "18", "19", 
        "20", "21", "22", "23", "24", "25", "26", "29", "38")), .Names = ""), class = "table"), 
    No.Tag = structure(c(0L, 0L, 0L, 0L, 0L, 236L, 1L, 3L, 0L, 
    1L, 0L, 0L, 0L, 2L, 0L, 0L), .Dim = c(4L, 4L), .Dimnames = structure(list(
        c("-1", "0", "1", NA), c("-", "A", "G", NA)), .Names = c("", 
    "")), class = "table"), All.Tags = list(Concordant = list(
        Freqs = structure(c(0, 0, 0, 0, 1211, 0, 0, 2, 0), .Dim = c(3L, 
        3L), .Dimnames = list(c("-1", "0", "1"), c("-", "A", 
        "G"))), N = 1213), Majority = list(Freqs = structure(c(0, 
    0, 0, 0, 1234, 0, 0, 2, 0), .Dim = c(3L, 3L), .Dimnames = list(
        c("-1", "0", "1"), c("-", "A", "G"))), N = 1236)), `2` = structure(c(0, 
    0, 0, 0, 997, 0, 0, 1, 0), .Dim = c(3L, 3L), .Dimnames = list(
        c("-1", "0", "1"), c("-", "A", "G"))))))
