Results <-
list(`bwaOutput/20210421msiMNRsJenny/212963_S97.sam` = list(LR52_SNP1 = list(
    All = list(Freqs = structure(c(0L, 0L, 0L, 1L, 0L, 0L, 0L, 
    0L, 0L, 3L, 0L, 0L, 1L, 32L, 521L, 4481L, 41L, 60L, 0L, 2L, 
    0L, 10L, 0L, 0L, 0L, 0L, 22L, 1164L, 13L, 0L), .Dim = 6:5, .Dimnames = structure(list(
        c("-3", "-2", "-1", "0", "1", NA), c("-", "A", "C", "T", 
        NA)), .Names = c("", "")), class = "table"), N = 6351L), 
    Tag.Distribution = structure(c(`1` = 188L, `2` = 133L, `3` = 99L, 
    `4` = 106L, `5` = 84L, `6` = 70L, `7` = 77L, `8` = 63L, `9` = 56L, 
    `10` = 40L, `11` = 45L, `12` = 33L, `13` = 16L, `14` = 11L, 
    `15` = 12L, `16` = 8L, `17` = 6L, `18` = 4L, `20` = 3L, `21` = 3L, 
    `22` = 2L, `23` = 1L, `24` = 2L, `25` = 2L, `26` = 3L, `27` = 1L, 
    `28` = 1L, `29` = 1L, `30` = 1L), .Dim = 29L, .Dimnames = structure(list(
        c("1", "2", "3", "4", "5", "6", "7", "8", "9", "10", 
        "11", "12", "13", "14", "15", "16", "17", "18", "20", 
        "21", "22", "23", "24", "25", "26", "27", "28", "29", 
        "30")), .Names = ""), class = "table"), No.Tag = structure(c(0L, 
    0L, 0L, 0L, 0L, 0L, 0L, 0L, 0L, 0L, 0L, 0L, 0L, 2L, 13L, 
    108L, 4L, 2L, 0L, 0L, 0L, 1L, 0L, 0L, 0L, 0L, 1L, 40L, 3L, 
    0L), .Dim = 6:5, .Dimnames = structure(list(c("-3", "-2", 
    "-1", "0", "1", NA), c("-", "A", "C", "T", NA)), .Names = c("", 
    "")), class = "table"), All.Tags = list(Concordant = list(
        Freqs = structure(c(0, 0, 0, 0, 0, 0, 0, 0, 0, 0, 0, 
        2, 21, 631, 1, 0, 2, 0, 4, 0), .Dim = 5:4, .Dimnames = list(
            c("-3", "-2", "-1", "0", "1"), c("-", "A", "C", "T"
            ))), N = 661), Majority = list(Freqs = structure(c(0, 
    0, 0, 0, 0, 0, 0, 0, 0, 0, 0, 2, 35, 948, 1, 0, 2, 0, 4, 
    0), .Dim = 5:4, .Dimnames = list(c("-3", "-2", "-1", "0", 
    "1"), c("-", "A", "C", "T"))), N = 992)), `2` = structure(c(0, 
    0, 0, 0, 0, 0, 0, 0, 0, 0, 0, 0, 24, 816, 1, 0, 0, 0, 2, 
    0), .Dim = 5:4, .Dimnames = list(c("-3", "-2", "-1", "0", 
    "1"), c("-", "A", "C", "T"))))))
