Results <-
list(`bwaOutput/20210421msiMNRsJenny/213520_S48.sam` = list(GM07_SNP1 = list(
    All = list(Freqs = structure(c(0L, 1L, 17L, 0L, 0L, 2L, 14L, 
    1233L, 4285L, 143L, 5L, 126L, 0L, 0L, 1L, 0L, 0L, 0L, 1L, 
    11L, 110L, 2L, 0L, 0L), .Dim = c(6L, 4L), .Dimnames = structure(list(
        c("-2", "-1", "0", "1", "2", NA), c("A", "G", "T", NA
        )), .Names = c("", "")), class = "table"), N = 5951L), 
    Tag.Distribution = structure(c(`1` = 171L, `2` = 33L, `3` = 36L, 
    `4` = 28L, `5` = 19L, `6` = 28L, `7` = 14L, `8` = 17L, `9` = 14L, 
    `10` = 15L, `11` = 19L, `12` = 12L, `13` = 21L, `14` = 15L, 
    `15` = 7L, `16` = 10L, `17` = 15L, `18` = 9L, `19` = 6L, 
    `20` = 4L, `21` = 10L, `22` = 1L, `23` = 8L, `24` = 8L, `25` = 5L, 
    `26` = 3L, `27` = 4L, `28` = 3L, `29` = 4L, `30` = 6L, `31` = 3L, 
    `32` = 3L, `33` = 2L, `34` = 1L, `35` = 3L, `37` = 2L, `38` = 3L, 
    `40` = 3L, `42` = 1L, `43` = 2L, `44` = 3L, `45` = 1L, `47` = 2L, 
    `48` = 2L, `49` = 1L, `51` = 1L, `52` = 1L, `62` = 1L, `67` = 1L
    ), .Dim = 49L, .Dimnames = structure(list(c("1", "2", "3", 
    "4", "5", "6", "7", "8", "9", "10", "11", "12", "13", "14", 
    "15", "16", "17", "18", "19", "20", "21", "22", "23", "24", 
    "25", "26", "27", "28", "29", "30", "31", "32", "33", "34", 
    "35", "37", "38", "40", "42", "43", "44", "45", "47", "48", 
    "49", "51", "52", "62", "67")), .Names = ""), class = "table"), 
    No.Tag = structure(c(0L, 0L, 2L, 0L, 0L, 1L, 1L, 34L, 167L, 
    3L, 0L, 14L, 0L, 0L, 0L, 0L, 0L, 0L, 1L, 0L, 9L, 0L, 0L, 
    0L), .Dim = c(6L, 4L), .Dimnames = structure(list(c("-2", 
    "-1", "0", "1", "2", NA), c("A", "G", "T", NA)), .Names = c("", 
    "")), class = "table"), All.Tags = list(Concordant = list(
        Freqs = structure(c(0, 1, 12, 0, 0, 0, 80, 276, 3, 0, 
        0, 0, 1, 0, 0), .Dim = c(5L, 3L), .Dimnames = list(c("-2", 
        "-1", "0", "1", "2"), c("A", "G", "T"))), N = 373), Majority = list(
        Freqs = structure(c(0, 1, 12, 0, 0, 0, 102, 426, 5, 0, 
        0, 0, 1, 0, 0), .Dim = c(5L, 3L), .Dimnames = list(c("-2", 
        "-1", "0", "1", "2"), c("A", "G", "T"))), N = 547)), 
    `2` = structure(c(0, 0, 0, 0, 0, 0, 74, 325, 2, 0, 0, 0, 
    0, 0, 0), .Dim = c(5L, 3L), .Dimnames = list(c("-2", "-1", 
    "0", "1", "2"), c("A", "G", "T"))))))
