Results <-
list(`bwaOutput/20210421msiMNRsJenny/213520_S48.sam` = list(LR49_SNP1 = list(
    All = list(Freqs = structure(c(0L, 70L, 0L, 0L, 33L, 10035L, 
    3L, 14L, 0L, 71L, 0L, 0L), .Dim = 4:3, .Dimnames = structure(list(
        c("-1", "0", "1", NA), c("A", "G", NA)), .Names = c("", 
    "")), class = "table"), N = 10226L), Tag.Distribution = structure(c(`1` = 262L, 
    `2` = 68L, `3` = 59L, `4` = 53L, `5` = 44L, `6` = 46L, `7` = 32L, 
    `8` = 30L, `9` = 24L, `10` = 32L, `11` = 26L, `12` = 25L, 
    `13` = 21L, `14` = 20L, `15` = 24L, `16` = 19L, `17` = 16L, 
    `18` = 18L, `19` = 14L, `20` = 13L, `21` = 10L, `22` = 13L, 
    `23` = 5L, `24` = 9L, `25` = 5L, `26` = 8L, `27` = 9L, `28` = 8L, 
    `29` = 3L, `30` = 3L, `31` = 4L, `32` = 2L, `33` = 5L, `34` = 5L, 
    `35` = 1L, `36` = 4L, `37` = 3L, `38` = 2L, `39` = 2L, `40` = 4L, 
    `41` = 1L, `42` = 1L, `43` = 2L, `44` = 5L, `45` = 2L, `46` = 3L, 
    `47` = 2L, `52` = 3L, `53` = 3L, `54` = 1L, `55` = 1L, `57` = 2L, 
    `58` = 1L, `60` = 2L, `62` = 2L, `63` = 1L, `65` = 1L, `69` = 1L, 
    `78` = 1L), .Dim = 59L, .Dimnames = structure(list(c("1", 
    "2", "3", "4", "5", "6", "7", "8", "9", "10", "11", "12", 
    "13", "14", "15", "16", "17", "18", "19", "20", "21", "22", 
    "23", "24", "25", "26", "27", "28", "29", "30", "31", "32", 
    "33", "34", "35", "36", "37", "38", "39", "40", "41", "42", 
    "43", "44", "45", "46", "47", "52", "53", "54", "55", "57", 
    "58", "60", "62", "63", "65", "69", "78")), .Names = ""), class = "table"), 
    No.Tag = structure(c(0L, 1L, 0L, 0L, 1L, 247L, 1L, 2L, 0L, 
    9L, 0L, 0L), .Dim = 4:3, .Dimnames = structure(list(c("-1", 
    "0", "1", NA), c("A", "G", NA)), .Names = c("", "")), class = "table"), 
    All.Tags = list(Concordant = list(Freqs = structure(c(0, 
    11, 0, 3, 931, 0), .Dim = 3:2, .Dimnames = list(c("-1", "0", 
    "1"), c("A", "G"))), N = 945), Majority = list(Freqs = structure(c(0, 
    12, 0, 3, 961, 0), .Dim = 3:2, .Dimnames = list(c("-1", "0", 
    "1"), c("A", "G"))), N = 976)), `2` = structure(c(0, 3, 0, 
    1, 717, 0), .Dim = 3:2, .Dimnames = list(c("-1", "0", "1"
    ), c("A", "G"))))))
