Results <-
list(`bwaOutput/20210421msiMNRsJenny/213520_S48.sam` = list(LR17_SNP1 = list(
    All = list(Freqs = structure(c(1L, 47L, 996L, 9171L, 145L, 
    4L, 89L, 0L, 0L, 1L, 4L, 0L, 0L, 0L, 0L, 2L, 24L, 661L, 2L, 
    0L, 0L), .Dim = c(7L, 3L), .Dimnames = structure(list(c("-3", 
    "-2", "-1", "0", "1", "2", NA), c("A", "G", NA)), .Names = c("", 
    "")), class = "table"), N = 11147L), Tag.Distribution = structure(c(`1` = 292L, 
    `2` = 71L, `3` = 46L, `4` = 35L, `5` = 35L, `6` = 27L, `7` = 37L, 
    `8` = 22L, `9` = 37L, `10` = 15L, `11` = 21L, `12` = 13L, 
    `13` = 21L, `14` = 12L, `15` = 20L, `16` = 8L, `17` = 11L, 
    `18` = 20L, `19` = 14L, `20` = 9L, `21` = 12L, `22` = 10L, 
    `23` = 12L, `24` = 5L, `25` = 9L, `26` = 4L, `27` = 9L, `28` = 7L, 
    `29` = 10L, `30` = 9L, `31` = 9L, `32` = 8L, `33` = 5L, `34` = 3L, 
    `35` = 4L, `36` = 8L, `37` = 8L, `38` = 5L, `39` = 2L, `40` = 9L, 
    `41` = 2L, `43` = 5L, `44` = 2L, `45` = 5L, `46` = 3L, `47` = 4L, 
    `48` = 3L, `49` = 3L, `50` = 1L, `51` = 3L, `52` = 2L, `53` = 1L, 
    `54` = 1L, `56` = 2L, `57` = 1L, `58` = 1L, `59` = 2L, `62` = 1L, 
    `65` = 1L, `83` = 1L), .Dim = 60L, .Dimnames = structure(list(
        c("1", "2", "3", "4", "5", "6", "7", "8", "9", "10", 
        "11", "12", "13", "14", "15", "16", "17", "18", "19", 
        "20", "21", "22", "23", "24", "25", "26", "27", "28", 
        "29", "30", "31", "32", "33", "34", "35", "36", "37", 
        "38", "39", "40", "41", "43", "44", "45", "46", "47", 
        "48", "49", "50", "51", "52", "53", "54", "56", "57", 
        "58", "59", "62", "65", "83")), .Names = ""), class = "table"), 
    No.Tag = structure(c(0L, 1L, 34L, 311L, 3L, 0L, 3L, 0L, 0L, 
    0L, 0L, 0L, 0L, 0L, 0L, 1L, 1L, 31L, 0L, 0L, 0L), .Dim = c(7L, 
    3L), .Dimnames = structure(list(c("-3", "-2", "-1", "0", 
    "1", "2", NA), c("A", "G", NA)), .Names = c("", "")), class = "table"), 
    All.Tags = list(Concordant = list(Freqs = structure(c(1, 
    1, 47, 596, 3, 0, 0, 0, 0, 0, 0, 0), .Dim = c(6L, 2L), .Dimnames = list(
        c("-3", "-2", "-1", "0", "1", "2"), c("A", "G"))), N = 648), 
        Majority = list(Freqs = structure(c(1, 1, 69, 832, 3, 
        0, 0, 0, 0, 0, 0, 0), .Dim = c(6L, 2L), .Dimnames = list(
            c("-3", "-2", "-1", "0", "1", "2"), c("A", "G"))), 
            N = 906)), `2` = structure(c(0, 1, 54, 598, 1, 0, 
    0, 0, 0, 0, 0, 0), .Dim = c(6L, 2L), .Dimnames = list(c("-3", 
    "-2", "-1", "0", "1", "2"), c("A", "G"))))))
