Results <-
list(`bwaOutput/20210421msiMNRsJenny/213520_S48.sam` = list(LR44_SNP1 = list(
    All = list(Freqs = structure(c(0L, 0L, 0L, 1L, 0L, 0L, 0L, 
    0L, 0L, 1L, 26L, 0L, 0L, 1L, 1L, 12L, 392L, 3924L, 81L, 1L, 
    27L, 0L, 0L, 4L, 67L, 1L, 0L, 0L), .Dim = c(7L, 4L), .Dimnames = structure(list(
        c("-3", "-2", "-1", "0", "1", "2", NA), c("A", "C", "T", 
        NA)), .Names = c("", "")), class = "table"), N = 4539L), 
    Tag.Distribution = structure(c(`1` = 122L, `2` = 37L, `3` = 28L, 
    `4` = 23L, `5` = 16L, `6` = 14L, `7` = 17L, `8` = 13L, `9` = 12L, 
    `10` = 13L, `11` = 14L, `12` = 7L, `13` = 11L, `14` = 7L, 
    `15` = 6L, `16` = 6L, `17` = 8L, `18` = 6L, `19` = 10L, `20` = 4L, 
    `21` = 7L, `22` = 1L, `23` = 8L, `24` = 1L, `25` = 5L, `26` = 3L, 
    `27` = 4L, `28` = 4L, `29` = 4L, `30` = 2L, `32` = 5L, `33` = 1L, 
    `34` = 1L, `35` = 6L, `36` = 1L, `37` = 3L, `39` = 2L, `40` = 1L, 
    `41` = 2L, `42` = 1L, `43` = 1L, `44` = 1L, `45` = 1L, `46` = 1L, 
    `49` = 1L, `50` = 2L, `51` = 1L, `53` = 1L, `64` = 1L), .Dim = 49L, .Dimnames = structure(list(
        c("1", "2", "3", "4", "5", "6", "7", "8", "9", "10", 
        "11", "12", "13", "14", "15", "16", "17", "18", "19", 
        "20", "21", "22", "23", "24", "25", "26", "27", "28", 
        "29", "30", "32", "33", "34", "35", "36", "37", "39", 
        "40", "41", "42", "43", "44", "45", "46", "49", "50", 
        "51", "53", "64")), .Names = ""), class = "table"), No.Tag = structure(c(0L, 
    0L, 0L, 0L, 0L, 0L, 0L, 0L, 0L, 0L, 1L, 0L, 0L, 0L, 0L, 1L, 
    5L, 53L, 1L, 0L, 4L, 0L, 0L, 0L, 1L, 0L, 0L, 0L), .Dim = c(7L, 
    4L), .Dimnames = structure(list(c("-3", "-2", "-1", "0", 
    "1", "2", NA), c("A", "C", "T", NA)), .Names = c("", "")), class = "table"), 
    All.Tags = list(Concordant = list(Freqs = structure(c(0, 
    0, 0, 0, 0, 0, 0, 0, 0, 4, 0, 0, 0, 1, 14, 238, 3, 0), .Dim = c(6L, 
    3L), .Dimnames = list(c("-3", "-2", "-1", "0", "1", "2"), 
        c("A", "C", "T"))), N = 260), Majority = list(Freqs = structure(c(0, 
    0, 0, 0, 0, 0, 0, 0, 0, 5, 0, 0, 0, 1, 20, 401, 3, 0), .Dim = c(6L, 
    3L), .Dimnames = list(c("-3", "-2", "-1", "0", "1", "2"), 
        c("A", "C", "T"))), N = 430)), `2` = structure(c(0, 0, 
    0, 0, 0, 0, 0, 0, 0, 2, 0, 0, 0, 0, 11, 301, 0, 0), .Dim = c(6L, 
    3L), .Dimnames = list(c("-3", "-2", "-1", "0", "1", "2"), 
        c("A", "C", "T"))))))
