Results <-
list(`bwaOutput/20210421msiMNRsJenny/213520_S48.sam` = list(DEPDC2_SNP1 = list(
    All = list(Freqs = structure(c(0L, 1L, 0L, 0L, 0L, 5L, 0L, 
    1L, 66L, 6329L, 28L, 26L, 1L, 53L, 0L, 0L), .Dim = c(4L, 
    4L), .Dimnames = structure(list(c("-1", "0", "1", NA), c("A", 
    "C", "T", NA)), .Names = c("", "")), class = "table"), N = 6510L), 
    Tag.Distribution = structure(c(`1` = 204L, `2` = 58L, `3` = 38L, 
    `4` = 40L, `5` = 25L, `6` = 40L, `7` = 27L, `8` = 26L, `9` = 31L, 
    `10` = 21L, `11` = 9L, `12` = 11L, `13` = 13L, `14` = 11L, 
    `15` = 15L, `16` = 16L, `17` = 12L, `18` = 6L, `19` = 6L, 
    `20` = 7L, `21` = 5L, `22` = 7L, `23` = 4L, `24` = 2L, `25` = 2L, 
    `26` = 4L, `27` = 3L, `28` = 5L, `29` = 6L, `30` = 3L, `31` = 2L, 
    `32` = 4L, `33` = 5L, `34` = 1L, `35` = 2L, `36` = 7L, `37` = 3L, 
    `39` = 1L, `40` = 2L, `41` = 1L, `42` = 6L, `43` = 3L, `44` = 1L, 
    `45` = 1L, `46` = 1L, `49` = 2L, `51` = 1L, `53` = 1L, `57` = 1L, 
    `73` = 1L), .Dim = 50L, .Dimnames = structure(list(c("1", 
    "2", "3", "4", "5", "6", "7", "8", "9", "10", "11", "12", 
    "13", "14", "15", "16", "17", "18", "19", "20", "21", "22", 
    "23", "24", "25", "26", "27", "28", "29", "30", "31", "32", 
    "33", "34", "35", "36", "37", "39", "40", "41", "42", "43", 
    "44", "45", "46", "49", "51", "53", "57", "73")), .Names = ""), class = "table"), 
    No.Tag = structure(c(0L, 0L, 0L, 0L, 0L, 1L, 0L, 0L, 2L, 
    185L, 0L, 3L, 0L, 5L, 0L, 0L), .Dim = c(4L, 4L), .Dimnames = structure(list(
        c("-1", "0", "1", NA), c("A", "C", "T", NA)), .Names = c("", 
    "")), class = "table"), All.Tags = list(Concordant = list(
        Freqs = structure(c(0, 0, 0, 0, 2, 0, 3, 631, 0), .Dim = c(3L, 
        3L), .Dimnames = list(c("-1", "0", "1"), c("A", "C", 
        "T"))), N = 636), Majority = list(Freqs = structure(c(0, 
    0, 0, 0, 2, 0, 4, 691, 0), .Dim = c(3L, 3L), .Dimnames = list(
        c("-1", "0", "1"), c("A", "C", "T"))), N = 697)), `2` = structure(c(0, 
    0, 0, 0, 1, 0, 1, 496, 0), .Dim = c(3L, 3L), .Dimnames = list(
        c("-1", "0", "1"), c("A", "C", "T"))))))
