Results <-
list(`bwaOutput/20210421msiMNRsJenny/213520_S48.sam` = list(IM49_SNP1 = list(
    All = list(Freqs = structure(c(0L, 0L, 2L, 1L, 0L, 0L, 0L, 
    4L, 273L, 6126L, 164L, 4L, 1L, 50L, 0L, 0L, 12L, 0L, 0L, 
    0L, 0L, 0L, 2L, 139L, 3L, 0L, 0L, 0L), .Dim = c(7L, 4L), .Dimnames = structure(list(
        c("-2", "-1", "0", "1", "2", "3", NA), c("A", "C", "G", 
        NA)), .Names = c("", "")), class = "table"), N = 6781L), 
    Tag.Distribution = structure(c(`1` = 206L, `2` = 56L, `3` = 35L, 
    `4` = 31L, `5` = 26L, `6` = 19L, `7` = 27L, `8` = 26L, `9` = 18L, 
    `10` = 30L, `11` = 19L, `12` = 16L, `13` = 13L, `14` = 8L, 
    `15` = 15L, `16` = 10L, `17` = 13L, `18` = 10L, `19` = 9L, 
    `20` = 10L, `21` = 12L, `22` = 4L, `23` = 4L, `24` = 6L, 
    `25` = 8L, `26` = 3L, `27` = 4L, `28` = 8L, `29` = 3L, `30` = 5L, 
    `31` = 6L, `32` = 1L, `33` = 7L, `35` = 1L, `36` = 4L, `37` = 1L, 
    `38` = 1L, `40` = 3L, `41` = 4L, `42` = 3L, `45` = 1L, `46` = 1L, 
    `48` = 3L, `49` = 2L, `50` = 2L, `53` = 1L, `69` = 1L, `89` = 1L
    ), .Dim = 48L, .Dimnames = structure(list(c("1", "2", "3", 
    "4", "5", "6", "7", "8", "9", "10", "11", "12", "13", "14", 
    "15", "16", "17", "18", "19", "20", "21", "22", "23", "24", 
    "25", "26", "27", "28", "29", "30", "31", "32", "33", "35", 
    "36", "37", "38", "40", "41", "42", "45", "46", "48", "49", 
    "50", "53", "69", "89")), .Names = ""), class = "table"), 
    No.Tag = structure(c(0L, 0L, 0L, 0L, 0L, 0L, 0L, 0L, 4L, 
    94L, 2L, 0L, 0L, 3L, 0L, 0L, 0L, 0L, 0L, 0L, 0L, 0L, 0L, 
    9L, 0L, 0L, 0L, 0L), .Dim = c(7L, 4L), .Dimnames = structure(list(
        c("-2", "-1", "0", "1", "2", "3", NA), c("A", "C", "G", 
        NA)), .Names = c("", "")), class = "table"), All.Tags = list(
        Concordant = list(Freqs = structure(c(0, 0, 1, 0, 0, 
        0, 0, 13, 446, 6, 0, 0, 0, 0, 12, 0, 0, 0), .Dim = c(6L, 
        3L), .Dimnames = list(c("-2", "-1", "0", "1", "2", "3"
        ), c("A", "C", "G"))), N = 478), Majority = list(Freqs = structure(c(0, 
        0, 1, 0, 0, 0, 0, 15, 637, 7, 0, 0, 0, 0, 12, 0, 0, 0
        ), .Dim = c(6L, 3L), .Dimnames = list(c("-2", "-1", "0", 
        "1", "2", "3"), c("A", "C", "G"))), N = 672)), `2` = structure(c(0, 
    0, 0, 0, 0, 0, 0, 5, 477, 2, 0, 0, 0, 0, 1, 0, 0, 0), .Dim = c(6L, 
    3L), .Dimnames = list(c("-2", "-1", "0", "1", "2", "3"), 
        c("A", "C", "G"))))))
