Results <-
list(`bwaOutput/20210421msiMNRsJenny/213520_S48.sam` = list(GM22_SNP1 = list(
    All = list(Freqs = structure(c(1L, 128L, 9294L, 37L, 1L, 
    61L, 0L, 1L, 73L, 0L, 1L, 0L, 0L, 0L, 1L, 0L, 0L, 0L, 0L, 
    2L, 179L, 1L, 0L, 0L), .Dim = c(6L, 4L), .Dimnames = structure(list(
        c("-2", "-1", "0", "1", "2", NA), c("A", "G", "T", NA
        )), .Names = c("", "")), class = "table"), N = 9780L), 
    Tag.Distribution = structure(c(`1` = 239L, `2` = 55L, `3` = 34L, 
    `4` = 31L, `5` = 31L, `6` = 18L, `7` = 28L, `8` = 21L, `9` = 25L, 
    `10` = 14L, `11` = 21L, `12` = 23L, `13` = 21L, `14` = 19L, 
    `15` = 13L, `16` = 18L, `17` = 12L, `18` = 13L, `19` = 12L, 
    `20` = 12L, `21` = 8L, `22` = 5L, `23` = 8L, `24` = 7L, `25` = 5L, 
    `26` = 7L, `27` = 4L, `28` = 4L, `29` = 2L, `30` = 1L, `31` = 6L, 
    `32` = 6L, `33` = 2L, `34` = 3L, `35` = 4L, `36` = 7L, `37` = 6L, 
    `38` = 5L, `39` = 10L, `40` = 4L, `41` = 5L, `42` = 3L, `43` = 2L, 
    `44` = 1L, `45` = 1L, `46` = 3L, `47` = 4L, `48` = 4L, `49` = 2L, 
    `51` = 2L, `55` = 1L, `57` = 2L, `58` = 1L, `61` = 1L, `64` = 2L, 
    `66` = 1L, `67` = 2L, `78` = 1L, `81` = 1L, `83` = 1L, `94` = 1L
    ), .Dim = 61L, .Dimnames = structure(list(c("1", "2", "3", 
    "4", "5", "6", "7", "8", "9", "10", "11", "12", "13", "14", 
    "15", "16", "17", "18", "19", "20", "21", "22", "23", "24", 
    "25", "26", "27", "28", "29", "30", "31", "32", "33", "34", 
    "35", "36", "37", "38", "39", "40", "41", "42", "43", "44", 
    "45", "46", "47", "48", "49", "51", "55", "57", "58", "61", 
    "64", "66", "67", "78", "81", "83", "94")), .Names = ""), class = "table"), 
    No.Tag = structure(c(0L, 4L, 388L, 2L, 0L, 40L, 0L, 0L, 1L, 
    0L, 0L, 0L, 0L, 0L, 0L, 0L, 0L, 0L, 0L, 0L, 22L, 0L, 0L, 
    0L), .Dim = c(6L, 4L), .Dimnames = structure(list(c("-2", 
    "-1", "0", "1", "2", NA), c("A", "G", "T", NA)), .Names = c("", 
    "")), class = "table"), All.Tags = list(Concordant = list(
        Freqs = structure(c(0, 1, 639, 1, 0, 0, 1, 13, 0, 0, 
        0, 0, 0, 0, 0), .Dim = c(5L, 3L), .Dimnames = list(c("-2", 
        "-1", "0", "1", "2"), c("A", "G", "T"))), N = 655), Majority = list(
        Freqs = structure(c(0, 1, 761, 1, 0, 0, 1, 14, 0, 0, 
        0, 0, 0, 0, 0), .Dim = c(5L, 3L), .Dimnames = list(c("-2", 
        "-1", "0", "1", "2"), c("A", "G", "T"))), N = 778)), 
    `2` = structure(c(0, 0, 563, 0, 0, 0, 0, 2, 0, 0, 0, 0, 0, 
    0, 0), .Dim = c(5L, 3L), .Dimnames = list(c("-2", "-1", "0", 
    "1", "2"), c("A", "G", "T"))))))
