Results <-
list(`bwaOutput/20210421msiMNRsJenny/213520_S48.sam` = list(GM26_SNP1 = list(
    All = list(Freqs = structure(c(3L, 71L, 7591L, 20L, 19L, 
    0L, 0L, 7L, 0L, 0L, 0L, 0L, 1L, 0L, 0L, 0L, 1L, 78L, 0L, 
    0L), .Dim = 5:4, .Dimnames = structure(list(c("-2", "-1", 
    "0", "1", NA), c("A", "G", "T", NA)), .Names = c("", "")), class = "table"), 
        N = 7791L), Tag.Distribution = structure(c(`1` = 151L, 
    `2` = 52L, `3` = 44L, `4` = 36L, `5` = 29L, `6` = 33L, `7` = 18L, 
    `8` = 24L, `9` = 15L, `10` = 14L, `11` = 18L, `12` = 15L, 
    `13` = 14L, `14` = 12L, `15` = 11L, `16` = 11L, `17` = 8L, 
    `18` = 14L, `19` = 8L, `20` = 13L, `21` = 6L, `22` = 6L, 
    `23` = 4L, `24` = 7L, `25` = 6L, `26` = 10L, `27` = 2L, `28` = 6L, 
    `29` = 3L, `30` = 3L, `31` = 4L, `32` = 3L, `33` = 2L, `34` = 4L, 
    `35` = 2L, `36` = 2L, `37` = 4L, `38` = 2L, `39` = 6L, `40` = 1L, 
    `41` = 1L, `42` = 4L, `43` = 2L, `44` = 1L, `45` = 1L, `46` = 3L, 
    `48` = 1L, `50` = 3L, `52` = 3L, `53` = 2L, `54` = 2L, `56` = 3L, 
    `57` = 2L, `63` = 1L, `65` = 1L, `68` = 1L, `69` = 2L, `73` = 1L, 
    `77` = 1L), .Dim = 59L, .Dimnames = structure(list(c("1", 
    "2", "3", "4", "5", "6", "7", "8", "9", "10", "11", "12", 
    "13", "14", "15", "16", "17", "18", "19", "20", "21", "22", 
    "23", "24", "25", "26", "27", "28", "29", "30", "31", "32", 
    "33", "34", "35", "36", "37", "38", "39", "40", "41", "42", 
    "43", "44", "45", "46", "48", "50", "52", "53", "54", "56", 
    "57", "63", "65", "68", "69", "73", "77")), .Names = ""), class = "table"), 
    No.Tag = structure(c(1L, 0L, 194L, 0L, 4L, 0L, 0L, 0L, 0L, 
    0L, 0L, 0L, 0L, 0L, 0L, 0L, 0L, 11L, 0L, 0L), .Dim = 5:4, .Dimnames = structure(list(
        c("-2", "-1", "0", "1", NA), c("A", "G", "T", NA)), .Names = c("", 
    "")), class = "table"), All.Tags = list(Concordant = list(
        Freqs = structure(c(0, 1, 569, 0, 0, 0, 4, 0, 0, 0, 0, 
        0), .Dim = 4:3, .Dimnames = list(c("-2", "-1", "0", "1"
        ), c("A", "G", "T"))), N = 574), Majority = list(Freqs = structure(c(0, 
    1, 643, 0, 0, 0, 4, 0, 0, 0, 0, 0), .Dim = 4:3, .Dimnames = list(
        c("-2", "-1", "0", "1"), c("A", "G", "T"))), N = 648)), 
    `2` = structure(c(0, 0, 505, 0, 0, 0, 0, 0, 0, 0, 0, 0), .Dim = 4:3, .Dimnames = list(
        c("-2", "-1", "0", "1"), c("A", "G", "T"))))))
