Results <-
list(`bwaOutput/20210421msiMNRsJenny/213520_S48.sam` = list(LR24_SNP1 = list(
    All = list(Freqs = structure(c(0L, 1L, 0L, 0L, 29L, 0L, 7L, 
    2679L, 6L, 0L, 30L, 0L), .Dim = 3:4, .Dimnames = structure(list(
        c("-1", "0", "1"), c("-", "A", "G", NA)), .Names = c("", 
    "")), class = "table"), N = 2752L), Tag.Distribution = structure(c(`1` = 100L, 
    `2` = 33L, `3` = 22L, `4` = 21L, `5` = 23L, `6` = 16L, `7` = 14L, 
    `8` = 11L, `9` = 14L, `10` = 9L, `11` = 9L, `12` = 6L, `13` = 11L, 
    `14` = 6L, `15` = 4L, `16` = 8L, `17` = 7L, `18` = 1L, `19` = 5L, 
    `20` = 5L, `21` = 4L, `22` = 2L, `23` = 3L, `24` = 2L, `25` = 4L, 
    `26` = 2L, `29` = 2L, `30` = 1L, `31` = 1L, `36` = 1L, `38` = 1L, 
    `46` = 1L, `52` = 1L, `53` = 1L), .Dim = 34L, .Dimnames = structure(list(
        c("1", "2", "3", "4", "5", "6", "7", "8", "9", "10", 
        "11", "12", "13", "14", "15", "16", "17", "18", "19", 
        "20", "21", "22", "23", "24", "25", "26", "29", "30", 
        "31", "36", "38", "46", "52", "53")), .Names = ""), class = "table"), 
    No.Tag = structure(c(0L, 0L, 0L, 0L, 0L, 1L, 0L, 0L, 0L, 
    157L, 0L, 0L, 0L, 6L, 0L, 0L), .Dim = c(4L, 4L), .Dimnames = structure(list(
        c("-1", "0", "1", NA), c("-", "A", "G", NA)), .Names = c("", 
    "")), class = "table"), All.Tags = list(Concordant = list(
        Freqs = structure(c(0, 0, 0, 0, 18, 0, 0, 310, 0), .Dim = c(3L, 
        3L), .Dimnames = list(c("-1", "0", "1"), c("-", "A", 
        "G"))), N = 328), Majority = list(Freqs = structure(c(0, 
    0, 0, 0, 18, 0, 0, 325, 0), .Dim = c(3L, 3L), .Dimnames = list(
        c("-1", "0", "1"), c("-", "A", "G"))), N = 343)), `2` = structure(c(0, 
    0, 0, 0, 3, 0, 0, 247, 0), .Dim = c(3L, 3L), .Dimnames = list(
        c("-1", "0", "1"), c("-", "A", "G"))))))
