Results <-
list(`bwaOutput/20210421msiMNRsJenny/213520_S48.sam` = list(LR46_SNP1 = list(
    All = list(Freqs = structure(c(0L, 0L, 3L, 0L, 0L, 1L, 39L, 
    6526L, 15L, 28L, 0L, 1L, 136L, 0L, 1L, 0L, 0L, 41L, 0L, 0L
    ), .Dim = 5:4, .Dimnames = structure(list(c("-2", "-1", "0", 
    "1", NA), c("A", "G", "T", NA)), .Names = c("", "")), class = "table"), 
        N = 6791L), Tag.Distribution = structure(c(`1` = 175L, 
    `2` = 35L, `3` = 31L, `4` = 30L, `5` = 21L, `6` = 19L, `7` = 26L, 
    `8` = 11L, `9` = 13L, `10` = 19L, `11` = 15L, `12` = 9L, 
    `13` = 7L, `14` = 10L, `15` = 6L, `16` = 12L, `17` = 13L, 
    `18` = 12L, `19` = 7L, `20` = 4L, `21` = 9L, `22` = 7L, `23` = 4L, 
    `24` = 7L, `25` = 6L, `26` = 11L, `27` = 4L, `28` = 5L, `29` = 5L, 
    `30` = 3L, `32` = 2L, `33` = 3L, `34` = 2L, `35` = 1L, `36` = 3L, 
    `37` = 3L, `39` = 1L, `41` = 2L, `43` = 1L, `44` = 1L, `45` = 1L, 
    `46` = 1L, `47` = 1L, `53` = 4L, `54` = 3L, `56` = 1L, `57` = 2L, 
    `58` = 3L, `59` = 2L, `60` = 2L, `61` = 1L, `62` = 1L, `63` = 1L, 
    `64` = 3L, `65` = 1L, `66` = 1L, `74` = 1L), .Dim = 57L, .Dimnames = structure(list(
        c("1", "2", "3", "4", "5", "6", "7", "8", "9", "10", 
        "11", "12", "13", "14", "15", "16", "17", "18", "19", 
        "20", "21", "22", "23", "24", "25", "26", "27", "28", 
        "29", "30", "32", "33", "34", "35", "36", "37", "39", 
        "41", "43", "44", "45", "46", "47", "53", "54", "56", 
        "57", "58", "59", "60", "61", "62", "63", "64", "65", 
        "66", "74")), .Names = ""), class = "table"), No.Tag = structure(c(0L, 
    0L, 0L, 0L, 0L, 0L, 1L, 196L, 2L, 3L, 0L, 0L, 5L, 0L, 0L, 
    0L, 0L, 2L, 0L, 0L), .Dim = 5:4, .Dimnames = structure(list(
        c("-2", "-1", "0", "1", NA), c("A", "G", "T", NA)), .Names = c("", 
    "")), class = "table"), All.Tags = list(Concordant = list(
        Freqs = structure(c(0, 0, 0, 0, 0, 2, 535, 0, 0, 0, 6, 
        0), .Dim = 4:3, .Dimnames = list(c("-2", "-1", "0", "1"
        ), c("A", "G", "T"))), N = 543), Majority = list(Freqs = structure(c(0, 
    0, 0, 0, 0, 2, 570, 0, 0, 0, 8, 0), .Dim = 4:3, .Dimnames = list(
        c("-2", "-1", "0", "1"), c("A", "G", "T"))), N = 580)), 
    `2` = structure(c(0, 0, 0, 0, 0, 1, 403, 0, 0, 0, 4, 0), .Dim = 4:3, .Dimnames = list(
        c("-2", "-1", "0", "1"), c("A", "G", "T"))))))
