Results <-
list(`bwaOutput/20210421msiMNRsJenny/213520_S48.sam` = list(IM16_SNP1 = list(
    All = list(Freqs = structure(c(318L, 1380L, 23L, 2L, 5L, 
    18L, 1324L, 20L, 0L, 5L, 0L, 1L, 0L, 0L, 0L, 3L, 29L, 5L, 
    0L, 0L), .Dim = 5:4, .Dimnames = structure(list(c("-1", "0", 
    "1", "2", NA), c("A", "G", "T", NA)), .Names = c("", "")), class = "table"), 
        N = 3133L), Tag.Distribution = structure(c(`1` = 72L, 
    `2` = 24L, `3` = 11L, `4` = 11L, `5` = 8L, `6` = 9L, `7` = 10L, 
    `8` = 6L, `9` = 11L, `10` = 9L, `11` = 10L, `12` = 5L, `13` = 7L, 
    `14` = 7L, `15` = 4L, `16` = 5L, `17` = 4L, `18` = 5L, `19` = 2L, 
    `20` = 3L, `21` = 4L, `22` = 2L, `23` = 1L, `24` = 2L, `25` = 2L, 
    `26` = 2L, `27` = 2L, `28` = 2L, `29` = 5L, `30` = 1L, `31` = 1L, 
    `32` = 1L, `33` = 1L, `34` = 3L, `35` = 1L, `36` = 2L, `39` = 3L, 
    `40` = 2L, `42` = 1L, `43` = 2L, `44` = 3L, `48` = 1L, `49` = 1L, 
    `50` = 3L, `51` = 1L, `63` = 1L), .Dim = 46L, .Dimnames = structure(list(
        c("1", "2", "3", "4", "5", "6", "7", "8", "9", "10", 
        "11", "12", "13", "14", "15", "16", "17", "18", "19", 
        "20", "21", "22", "23", "24", "25", "26", "27", "28", 
        "29", "30", "31", "32", "33", "34", "35", "36", "39", 
        "40", "42", "43", "44", "48", "49", "50", "51", "63")), .Names = ""), class = "table"), 
    No.Tag = structure(c(4L, 37L, 0L, 0L, 0L, 0L, 23L, 3L, 0L, 
    1L, 0L, 0L, 0L, 0L, 0L, 0L, 3L, 0L, 0L, 0L), .Dim = 5:4, .Dimnames = structure(list(
        c("-1", "0", "1", "2", NA), c("A", "G", "T", NA)), .Names = c("", 
    "")), class = "table"), All.Tags = list(Concordant = list(
        Freqs = structure(c(24, 100, 0, 0, 2, 96, 0, 0, 0, 0, 
        0, 0), .Dim = 4:3, .Dimnames = list(c("-1", "0", "1", 
        "2"), c("A", "G", "T"))), N = 222), Majority = list(Freqs = structure(c(29, 
    121, 0, 0, 2, 117, 0, 0, 0, 0, 0, 0), .Dim = 4:3, .Dimnames = list(
        c("-1", "0", "1", "2"), c("A", "G", "T"))), N = 269)), 
    `2` = structure(c(24, 91, 0, 0, 0, 85, 0, 0, 0, 0, 0, 0), .Dim = 4:3, .Dimnames = list(
        c("-1", "0", "1", "2"), c("A", "G", "T"))))))
