Results <-
list(`bwaOutput/20210421msiMNRsJenny/213520_S48.sam` = list(LR52_SNP1 = list(
    All = list(Freqs = structure(c(0L, 0L, 0L, 1L, 0L, 0L, 0L, 
    0L, 0L, 0L, 1L, 0L, 0L, 0L, 1L, 24L, 289L, 2099L, 22L, 0L, 
    42L, 0L, 28L, 458L, 2305L, 25L, 1L, 32L, 0L, 0L, 26L, 768L, 
    10L, 0L, 0L), .Dim = c(7L, 5L), .Dimnames = structure(list(
        c("-3", "-2", "-1", "0", "1", "2", NA), c("-", "A", "C", 
        "T", NA)), .Names = c("", "")), class = "table"), N = 6132L), 
    Tag.Distribution = structure(c(`1` = 104L, `2` = 38L, `3` = 36L, 
    `4` = 22L, `5` = 22L, `6` = 20L, `7` = 19L, `8` = 15L, `9` = 9L, 
    `10` = 13L, `11` = 13L, `12` = 8L, `13` = 19L, `14` = 12L, 
    `15` = 19L, `16` = 7L, `17` = 6L, `18` = 12L, `19` = 8L, 
    `20` = 6L, `21` = 3L, `22` = 5L, `23` = 5L, `24` = 4L, `25` = 2L, 
    `26` = 5L, `27` = 5L, `28` = 2L, `29` = 3L, `30` = 2L, `31` = 5L, 
    `32` = 2L, `33` = 3L, `34` = 2L, `35` = 3L, `36` = 2L, `37` = 4L, 
    `39` = 2L, `40` = 2L, `41` = 3L, `42` = 2L, `43` = 2L, `44` = 2L, 
    `45` = 3L, `46` = 2L, `47` = 3L, `48` = 1L, `50` = 2L, `51` = 1L, 
    `52` = 1L, `53` = 1L, `56` = 1L, `60` = 1L, `61` = 2L, `65` = 1L, 
    `78` = 1L, `89` = 1L), .Dim = 57L, .Dimnames = structure(list(
        c("1", "2", "3", "4", "5", "6", "7", "8", "9", "10", 
        "11", "12", "13", "14", "15", "16", "17", "18", "19", 
        "20", "21", "22", "23", "24", "25", "26", "27", "28", 
        "29", "30", "31", "32", "33", "34", "35", "36", "37", 
        "39", "40", "41", "42", "43", "44", "45", "46", "47", 
        "48", "50", "51", "52", "53", "56", "60", "61", "65", 
        "78", "89")), .Names = ""), class = "table"), No.Tag = structure(c(0L, 
    0L, 0L, 0L, 0L, 0L, 0L, 0L, 0L, 0L, 0L, 0L, 0L, 0L, 0L, 0L, 
    8L, 45L, 0L, 0L, 1L, 0L, 0L, 10L, 35L, 0L, 0L, 2L, 0L, 0L, 
    1L, 25L, 0L, 0L, 0L), .Dim = c(7L, 5L), .Dimnames = structure(list(
        c("-3", "-2", "-1", "0", "1", "2", NA), c("-", "A", "C", 
        "T", NA)), .Names = c("", "")), class = "table"), All.Tags = list(
        Concordant = list(Freqs = structure(c(0, 0, 0, 0, 0, 
        0, 0, 0, 0, 0, 0, 0, 0, 1, 3, 99, 3, 0, 0, 1, 14, 132, 
        0, 0), .Dim = c(6L, 4L), .Dimnames = list(c("-3", "-2", 
        "-1", "0", "1", "2"), c("-", "A", "C", "T"))), N = 253), 
        Majority = list(Freqs = structure(c(0, 0, 0, 0, 0, 0, 
        0, 0, 0, 0, 0, 0, 0, 1, 8, 204, 3, 0, 0, 1, 23, 227, 
        0, 0), .Dim = c(6L, 4L), .Dimnames = list(c("-3", "-2", 
        "-1", "0", "1", "2"), c("-", "A", "C", "T"))), N = 467)), 
    `2` = structure(c(0, 0, 0, 0, 0, 0, 0, 0, 0, 0, 0, 0, 0, 
    0, 5, 175, 2, 0, 0, 0, 15, 184, 0, 0), .Dim = c(6L, 4L), .Dimnames = list(
        c("-3", "-2", "-1", "0", "1", "2"), c("-", "A", "C", 
        "T"))))))
