Results <-
list(`bwaOutput/20210421msiMNRsJenny/213520_S48.sam` = list(GM09_SNP1 = list(
    All = list(Freqs = structure(c(36L, 8068L, 9L, 4L, 0L, 27L, 
    0L, 0L, 0L, 1L, 0L, 0L, 0L, 55L, 0L, 0L), .Dim = c(4L, 4L
    ), .Dimnames = structure(list(c("-1", "0", "1", NA), c("A", 
    "G", "T", NA)), .Names = c("", "")), class = "table"), N = 8200L), 
    Tag.Distribution = structure(c(`1` = 176L, `2` = 51L, `3` = 38L, 
    `4` = 52L, `5` = 31L, `6` = 32L, `7` = 32L, `8` = 22L, `9` = 20L, 
    `10` = 26L, `11` = 18L, `12` = 16L, `13` = 12L, `14` = 11L, 
    `15` = 7L, `16` = 11L, `17` = 9L, `18` = 14L, `19` = 6L, 
    `20` = 8L, `21` = 7L, `22` = 8L, `23` = 7L, `24` = 7L, `25` = 2L, 
    `26` = 7L, `27` = 1L, `28` = 5L, `29` = 2L, `30` = 2L, `31` = 2L, 
    `32` = 4L, `34` = 2L, `35` = 2L, `36` = 3L, `37` = 6L, `38` = 2L, 
    `39` = 1L, `40` = 2L, `41` = 4L, `42` = 3L, `43` = 2L, `44` = 4L, 
    `45` = 4L, `46` = 3L, `47` = 3L, `48` = 2L, `50` = 1L, `51` = 1L, 
    `52` = 5L, `53` = 1L, `54` = 2L, `55` = 3L, `58` = 1L, `61` = 1L, 
    `62` = 1L, `63` = 1L, `66` = 1L, `69` = 1L, `73` = 1L, `76` = 1L, 
    `77` = 1L, `87` = 1L), .Dim = 63L, .Dimnames = structure(list(
        c("1", "2", "3", "4", "5", "6", "7", "8", "9", "10", 
        "11", "12", "13", "14", "15", "16", "17", "18", "19", 
        "20", "21", "22", "23", "24", "25", "26", "27", "28", 
        "29", "30", "31", "32", "34", "35", "36", "37", "38", 
        "39", "40", "41", "42", "43", "44", "45", "46", "47", 
        "48", "50", "51", "52", "53", "54", "55", "58", "61", 
        "62", "63", "66", "69", "73", "76", "77", "87")), .Names = ""), class = "table"), 
    No.Tag = structure(c(2L, 238L, 0L, 1L, 0L, 0L, 0L, 0L, 0L, 
    0L, 0L, 0L, 0L, 4L, 0L, 0L), .Dim = c(4L, 4L), .Dimnames = structure(list(
        c("-1", "0", "1", NA), c("A", "G", "T", NA)), .Names = c("", 
    "")), class = "table"), All.Tags = list(Concordant = list(
        Freqs = structure(c(1, 641, 0, 0, 13, 0, 0, 0, 0), .Dim = c(3L, 
        3L), .Dimnames = list(c("-1", "0", "1"), c("A", "G", 
        "T"))), N = 655), Majority = list(Freqs = structure(c(1, 
    682, 0, 0, 13, 0, 0, 0, 0), .Dim = c(3L, 3L), .Dimnames = list(
        c("-1", "0", "1"), c("A", "G", "T"))), N = 696)), `2` = structure(c(1, 
    533, 0, 0, 2, 0, 0, 0, 0), .Dim = c(3L, 3L), .Dimnames = list(
        c("-1", "0", "1"), c("A", "G", "T"))))))
