Results <-
list(`bwaOutput/20210421msiMNRsJenny/213520_S48.sam` = list(GM17_SNP1 = list(
    All = list(Freqs = structure(c(0L, 0L, 1L, 0L, 0L, 0L, 1L, 
    67L, 4628L, 14L, 1L, 5L, 0L, 53L, 4813L, 10L, 0L, 6L, 0L, 
    3L, 335L, 0L, 0L, 0L), .Dim = c(6L, 4L), .Dimnames = structure(list(
        c("-2", "-1", "0", "1", "2", NA), c("A", "C", "T", NA
        )), .Names = c("", "")), class = "table"), N = 9937L), 
    Tag.Distribution = structure(c(`1` = 191L, `2` = 63L, `3` = 40L, 
    `4` = 48L, `5` = 39L, `6` = 23L, `7` = 23L, `8` = 18L, `9` = 27L, 
    `10` = 29L, `11` = 23L, `12` = 10L, `13` = 12L, `14` = 10L, 
    `15` = 17L, `16` = 10L, `17` = 12L, `18` = 15L, `19` = 9L, 
    `20` = 11L, `21` = 12L, `22` = 12L, `23` = 7L, `24` = 5L, 
    `25` = 8L, `26` = 8L, `27` = 2L, `28` = 4L, `29` = 4L, `30` = 12L, 
    `31` = 8L, `32` = 6L, `33` = 5L, `34` = 3L, `35` = 5L, `36` = 2L, 
    `37` = 6L, `38` = 5L, `39` = 4L, `40` = 3L, `41` = 1L, `42` = 4L, 
    `43` = 4L, `44` = 3L, `45` = 4L, `46` = 3L, `47` = 3L, `48` = 3L, 
    `49` = 1L, `50` = 2L, `51` = 2L, `52` = 2L, `54` = 3L, `55` = 1L, 
    `56` = 2L, `58` = 1L, `59` = 1L, `61` = 1L, `62` = 1L, `63` = 1L, 
    `64` = 1L, `69` = 1L, `75` = 1L, `77` = 1L), .Dim = 64L, .Dimnames = structure(list(
        c("1", "2", "3", "4", "5", "6", "7", "8", "9", "10", 
        "11", "12", "13", "14", "15", "16", "17", "18", "19", 
        "20", "21", "22", "23", "24", "25", "26", "27", "28", 
        "29", "30", "31", "32", "33", "34", "35", "36", "37", 
        "38", "39", "40", "41", "42", "43", "44", "45", "46", 
        "47", "48", "49", "50", "51", "52", "54", "55", "56", 
        "58", "59", "61", "62", "63", "64", "69", "75", "77")), .Names = ""), class = "table"), 
    No.Tag = structure(c(0L, 0L, 0L, 0L, 0L, 0L, 0L, 1L, 116L, 
    0L, 0L, 2L, 0L, 2L, 176L, 0L, 0L, 0L, 0L, 0L, 14L, 0L, 0L, 
    0L), .Dim = c(6L, 4L), .Dimnames = structure(list(c("-2", 
    "-1", "0", "1", "2", NA), c("A", "C", "T", NA)), .Names = c("", 
    "")), class = "table"), All.Tags = list(Concordant = list(
        Freqs = structure(c(0, 0, 0, 0, 0, 0, 2, 329, 1, 0, 0, 
        3, 309, 0, 0), .Dim = c(5L, 3L), .Dimnames = list(c("-2", 
        "-1", "0", "1", "2"), c("A", "C", "T"))), N = 644), Majority = list(
        Freqs = structure(c(0, 0, 0, 0, 0, 0, 2, 387, 1, 0, 0, 
        3, 380, 0, 0), .Dim = c(5L, 3L), .Dimnames = list(c("-2", 
        "-1", "0", "1", "2"), c("A", "C", "T"))), N = 773)), 
    `2` = structure(c(0, 0, 0, 0, 0, 0, 0, 297, 0, 0, 0, 0, 305, 
    0, 0), .Dim = c(5L, 3L), .Dimnames = list(c("-2", "-1", "0", 
    "1", "2"), c("A", "C", "T"))))))
