Results <-
list(`bwaOutput/20210421msiMNRsJenny/213520_S48.sam` = list(GM01_SNP1 = list(
    All = list(Freqs = structure(c(0L, 0L, 20L, 0L, 0L, 0L, 2L, 
    98L, 6433L, 25L, 1L, 11L, 0L, 1L, 99L, 1L, 0L, 0L), .Dim = c(6L, 
    3L), .Dimnames = structure(list(c("-2", "-1", "0", "1", "2", 
    NA), c("A", "G", NA)), .Names = c("", "")), class = "table"), 
        N = 6691L), Tag.Distribution = structure(c(`1` = 159L, 
    `2` = 42L, `3` = 43L, `4` = 20L, `5` = 34L, `6` = 24L, `7` = 20L, 
    `8` = 16L, `9` = 16L, `10` = 13L, `11` = 9L, `12` = 9L, `13` = 16L, 
    `14` = 4L, `15` = 13L, `16` = 13L, `17` = 10L, `18` = 9L, 
    `19` = 9L, `20` = 6L, `21` = 5L, `22` = 4L, `23` = 3L, `24` = 3L, 
    `25` = 4L, `26` = 4L, `27` = 8L, `28` = 8L, `29` = 5L, `30` = 3L, 
    `31` = 4L, `32` = 3L, `33` = 1L, `34` = 5L, `35` = 6L, `36` = 7L, 
    `38` = 3L, `39` = 2L, `40` = 4L, `41` = 6L, `42` = 5L, `43` = 2L, 
    `44` = 2L, `46` = 1L, `47` = 2L, `48` = 1L, `49` = 1L, `50` = 1L, 
    `52` = 1L, `53` = 1L, `55` = 2L, `66` = 1L, `74` = 1L), .Dim = 53L, .Dimnames = structure(list(
        c("1", "2", "3", "4", "5", "6", "7", "8", "9", "10", 
        "11", "12", "13", "14", "15", "16", "17", "18", "19", 
        "20", "21", "22", "23", "24", "25", "26", "27", "28", 
        "29", "30", "31", "32", "33", "34", "35", "36", "38", 
        "39", "40", "41", "42", "43", "44", "46", "47", "48", 
        "49", "50", "52", "53", "55", "66", "74")), .Names = ""), class = "table"), 
    No.Tag = structure(c(0L, 0L, 1L, 0L, 0L, 0L, 0L, 1L, 147L, 
    0L, 0L, 1L, 0L, 0L, 14L, 0L, 0L, 0L), .Dim = c(6L, 3L), .Dimnames = structure(list(
        c("-2", "-1", "0", "1", "2", NA), c("A", "G", NA)), .Names = c("", 
    "")), class = "table"), All.Tags = list(Concordant = list(
        Freqs = structure(c(0, 0, 16, 0, 0, 0, 1, 476, 0, 0), .Dim = c(5L, 
        2L), .Dimnames = list(c("-2", "-1", "0", "1", "2"), c("A", 
        "G"))), N = 493), Majority = list(Freqs = structure(c(0, 
    0, 16, 0, 0, 0, 1, 570, 0, 0), .Dim = c(5L, 2L), .Dimnames = list(
        c("-2", "-1", "0", "1", "2"), c("A", "G"))), N = 587)), 
    `2` = structure(c(0, 0, 0, 0, 0, 0, 0, 433, 0, 0), .Dim = c(5L, 
    2L), .Dimnames = list(c("-2", "-1", "0", "1", "2"), c("A", 
    "G"))))))
