Results <-
list(`bwaOutput/20210421msiMNRsJenny/213520_S48.sam` = list(LR10_SNP1 = list(
    All = list(Freqs = structure(c(0L, 0L, 3L, 0L, 0L, 1L, 168L, 
    7360L, 60L, 14L, 0L, 0L, 18L, 0L, 0L, 0L, 0L, 137L, 0L, 0L
    ), .Dim = 5:4, .Dimnames = structure(list(c("-2", "-1", "0", 
    "1", NA), c("A", "C", "T", NA)), .Names = c("", "")), class = "table"), 
        N = 7761L), Tag.Distribution = structure(c(`1` = 207L, 
    `2` = 52L, `3` = 37L, `4` = 37L, `5` = 34L, `6` = 33L, `7` = 26L, 
    `8` = 30L, `9` = 23L, `10` = 17L, `11` = 18L, `12` = 21L, 
    `13` = 12L, `14` = 21L, `15` = 17L, `16` = 13L, `17` = 12L, 
    `18` = 14L, `19` = 11L, `20` = 11L, `21` = 18L, `22` = 12L, 
    `23` = 4L, `24` = 5L, `25` = 7L, `26` = 6L, `27` = 8L, `28` = 7L, 
    `29` = 5L, `30` = 4L, `31` = 2L, `32` = 3L, `33` = 5L, `34` = 3L, 
    `36` = 3L, `37` = 1L, `38` = 1L, `40` = 2L, `41` = 3L, `42` = 2L, 
    `43` = 2L, `44` = 3L, `45` = 2L, `47` = 1L, `48` = 2L, `49` = 1L, 
    `52` = 2L, `53` = 1L, `56` = 1L, `60` = 1L), .Dim = 50L, .Dimnames = structure(list(
        c("1", "2", "3", "4", "5", "6", "7", "8", "9", "10", 
        "11", "12", "13", "14", "15", "16", "17", "18", "19", 
        "20", "21", "22", "23", "24", "25", "26", "27", "28", 
        "29", "30", "31", "32", "33", "34", "36", "37", "38", 
        "40", "41", "42", "43", "44", "45", "47", "48", "49", 
        "52", "53", "56", "60")), .Names = ""), class = "table"), 
    No.Tag = structure(c(0L, 0L, 0L, 0L, 0L, 0L, 5L, 234L, 0L, 
    0L, 0L, 0L, 1L, 0L, 0L, 0L, 0L, 6L, 0L, 0L), .Dim = 5:4, .Dimnames = structure(list(
        c("-2", "-1", "0", "1", NA), c("A", "C", "T", NA)), .Names = c("", 
    "")), class = "table"), All.Tags = list(Concordant = list(
        Freqs = structure(c(0, 0, 1, 0, 0, 3, 593, 2, 0, 0, 6, 
        0), .Dim = 4:3, .Dimnames = list(c("-2", "-1", "0", "1"
        ), c("A", "C", "T"))), N = 605), Majority = list(Freqs = structure(c(0, 
    0, 1, 0, 0, 5, 726, 3, 0, 0, 7, 0), .Dim = 4:3, .Dimnames = list(
        c("-2", "-1", "0", "1"), c("A", "C", "T"))), N = 742)), 
    `2` = structure(c(0, 0, 0, 0, 0, 3, 545, 1, 0, 0, 1, 0), .Dim = 4:3, .Dimnames = list(
        c("-2", "-1", "0", "1"), c("A", "C", "T"))))))
