Results <-
list(`bwaOutput/20210421msiMNRsJenny/213520_S48.sam` = list(GM29_SNP1 = list(
    All = list(Freqs = structure(c(0L, 0L, 0L, 2L, 0L, 0L, 1L, 
    1L, 148L, 8294L, 30L, 9L, 0L, 0L, 1L, 22L, 0L, 1L, 0L, 0L, 
    2L, 64L, 3L, 0L), .Dim = c(6L, 4L), .Dimnames = structure(list(
        c("-3", "-2", "-1", "0", "1", NA), c("-", "A", "G", NA
        )), .Names = c("", "")), class = "table"), N = 8578L), 
    Tag.Distribution = structure(c(`1` = 141L, `2` = 62L, `3` = 36L, 
    `4` = 32L, `5` = 24L, `6` = 27L, `7` = 27L, `8` = 17L, `9` = 25L, 
    `10` = 16L, `11` = 16L, `12` = 8L, `13` = 12L, `14` = 19L, 
    `15` = 7L, `16` = 14L, `17` = 15L, `18` = 14L, `19` = 16L, 
    `20` = 8L, `21` = 9L, `22` = 6L, `23` = 5L, `24` = 2L, `25` = 8L, 
    `26` = 6L, `27` = 5L, `28` = 2L, `29` = 6L, `30` = 3L, `31` = 4L, 
    `32` = 1L, `33` = 3L, `34` = 4L, `35` = 4L, `36` = 2L, `37` = 5L, 
    `38` = 2L, `39` = 5L, `40` = 4L, `41` = 4L, `42` = 6L, `43` = 1L, 
    `44` = 1L, `45` = 1L, `46` = 4L, `48` = 1L, `49` = 3L, `50` = 2L, 
    `51` = 5L, `52` = 1L, `53` = 1L, `54` = 2L, `56` = 3L, `57` = 2L, 
    `58` = 2L, `60` = 1L, `64` = 1L, `74` = 1L, `84` = 1L, `150` = 1L
    ), .Dim = 61L, .Dimnames = structure(list(c("1", "2", "3", 
    "4", "5", "6", "7", "8", "9", "10", "11", "12", "13", "14", 
    "15", "16", "17", "18", "19", "20", "21", "22", "23", "24", 
    "25", "26", "27", "28", "29", "30", "31", "32", "33", "34", 
    "35", "36", "37", "38", "39", "40", "41", "42", "43", "44", 
    "45", "46", "48", "49", "50", "51", "52", "53", "54", "56", 
    "57", "58", "60", "64", "74", "84", "150")), .Names = ""), class = "table"), 
    No.Tag = structure(c(0L, 0L, 0L, 0L, 0L, 0L, 0L, 0L, 2L, 
    240L, 3L, 1L, 0L, 0L, 0L, 0L, 0L, 0L, 0L, 0L, 0L, 6L, 0L, 
    0L), .Dim = c(6L, 4L), .Dimnames = structure(list(c("-3", 
    "-2", "-1", "0", "1", NA), c("-", "A", "G", NA)), .Names = c("", 
    "")), class = "table"), All.Tags = list(Concordant = list(
        Freqs = structure(c(0, 0, 0, 0, 0, 0, 0, 3, 548, 0, 0, 
        0, 0, 3, 0), .Dim = c(5L, 3L), .Dimnames = list(c("-3", 
        "-2", "-1", "0", "1"), c("-", "A", "G"))), N = 554), 
        Majority = list(Freqs = structure(c(0, 0, 0, 0, 0, 0, 
        0, 4, 647, 0, 0, 0, 0, 4, 0), .Dim = c(5L, 3L), .Dimnames = list(
            c("-3", "-2", "-1", "0", "1"), c("-", "A", "G"))), 
            N = 655)), `2` = structure(c(0, 0, 0, 0, 0, 0, 0, 
    3, 516, 0, 0, 0, 0, 1, 0), .Dim = c(5L, 3L), .Dimnames = list(
        c("-3", "-2", "-1", "0", "1"), c("-", "A", "G"))))))
