Results <-
list(`bwaOutput/20210421msiMNRsJenny/213520_S48.sam` = list(LR48_SNP1 = list(
    All = list(Freqs = structure(c(0L, 0L, 0L, 1L, 0L, 0L, 0L, 
    0L, 0L, 0L, 2L, 0L, 0L, 0L, 1L, 2L, 137L, 4044L, 54L, 0L, 
    16L, 0L, 5L, 280L, 4452L, 82L, 3L, 30L, 0L, 0L, 2L, 234L, 
    3L, 0L, 0L), .Dim = c(7L, 5L), .Dimnames = structure(list(
        c("-4", "-2", "-1", "0", "1", "2", NA), c("-", "A", "C", 
        "T", NA)), .Names = c("", "")), class = "table"), N = 9348L), 
    Tag.Distribution = structure(c(`1` = 179L, `2` = 40L, `3` = 20L, 
    `4` = 43L, `5` = 14L, `6` = 22L, `7` = 24L, `8` = 16L, `9` = 20L, 
    `10` = 15L, `11` = 13L, `12` = 7L, `13` = 20L, `14` = 6L, 
    `15` = 19L, `16` = 10L, `17` = 8L, `18` = 6L, `19` = 7L, 
    `20` = 8L, `21` = 2L, `22` = 9L, `23` = 5L, `24` = 6L, `25` = 5L, 
    `26` = 2L, `27` = 10L, `28` = 4L, `29` = 5L, `30` = 7L, `31` = 5L, 
    `32` = 5L, `33` = 4L, `34` = 2L, `35` = 7L, `36` = 6L, `37` = 6L, 
    `38` = 8L, `39` = 3L, `41` = 4L, `42` = 2L, `43` = 3L, `44` = 1L, 
    `46` = 3L, `47` = 1L, `48` = 3L, `49` = 5L, `50` = 5L, `51` = 1L, 
    `52` = 3L, `53` = 3L, `54` = 3L, `55` = 3L, `56` = 1L, `57` = 1L, 
    `58` = 1L, `61` = 3L, `62` = 1L, `64` = 3L, `65` = 1L, `67` = 1L, 
    `70` = 2L, `72` = 1L), .Dim = 63L, .Dimnames = structure(list(
        c("1", "2", "3", "4", "5", "6", "7", "8", "9", "10", 
        "11", "12", "13", "14", "15", "16", "17", "18", "19", 
        "20", "21", "22", "23", "24", "25", "26", "27", "28", 
        "29", "30", "31", "32", "33", "34", "35", "36", "37", 
        "38", "39", "41", "42", "43", "44", "46", "47", "48", 
        "49", "50", "51", "52", "53", "54", "55", "56", "57", 
        "58", "61", "62", "64", "65", "67", "70", "72")), .Names = ""), class = "table"), 
    No.Tag = structure(c(0L, 0L, 0L, 0L, 0L, 0L, 0L, 0L, 0L, 
    0L, 0L, 0L, 0L, 0L, 0L, 0L, 8L, 251L, 7L, 0L, 1L, 0L, 0L, 
    20L, 235L, 4L, 0L, 5L, 0L, 0L, 0L, 23L, 0L, 0L, 0L), .Dim = c(7L, 
    5L), .Dimnames = structure(list(c("-4", "-2", "-1", "0", 
    "1", "2", NA), c("-", "A", "C", "T", NA)), .Names = c("", 
    "")), class = "table"), All.Tags = list(Concordant = list(
        Freqs = structure(c(0, 0, 0, 0, 0, 0, 0, 0, 0, 0, 0, 
        0, 0, 1, 10, 215, 2, 0, 0, 0, 7, 178, 1, 0), .Dim = c(6L, 
        4L), .Dimnames = list(c("-4", "-2", "-1", "0", "1", "2"
        ), c("-", "A", "C", "T"))), N = 414), Majority = list(
        Freqs = structure(c(0, 0, 0, 0, 0, 0, 0, 0, 0, 0, 0, 
        0, 0, 1, 11, 312, 2, 0, 0, 0, 11, 296, 1, 0), .Dim = c(6L, 
        4L), .Dimnames = list(c("-4", "-2", "-1", "0", "1", "2"
        ), c("-", "A", "C", "T"))), N = 634)), `2` = structure(c(0, 
    0, 0, 0, 0, 0, 0, 0, 0, 0, 0, 0, 0, 0, 1, 232, 0, 0, 0, 0, 
    8, 230, 1, 0), .Dim = c(6L, 4L), .Dimnames = list(c("-4", 
    "-2", "-1", "0", "1", "2"), c("-", "A", "C", "T"))))))
