Results <-
list(`bwaOutput/20210421msiMNRsJenny/213520_S48.sam` = list(GM14_SNP1 = list(
    All = list(Freqs = structure(c(0L, 0L, 1L, 0L, 0L, 0L, 3L, 
    84L, 2608L, 22L, 0L, 6L, 3L, 59L, 3073L, 18L, 1L, 5L, 0L, 
    0L, 82L, 0L, 0L, 0L), .Dim = c(6L, 4L), .Dimnames = structure(list(
        c("-2", "-1", "0", "1", "2", NA), c("A", "C", "T", NA
        )), .Names = c("", "")), class = "table"), N = 5965L), 
    Tag.Distribution = structure(c(`1` = 149L, `2` = 37L, `3` = 35L, 
    `4` = 22L, `5` = 24L, `6` = 25L, `7` = 21L, `8` = 6L, `9` = 18L, 
    `10` = 13L, `11` = 13L, `12` = 13L, `13` = 11L, `14` = 16L, 
    `15` = 10L, `16` = 13L, `17` = 7L, `18` = 8L, `19` = 9L, 
    `20` = 6L, `21` = 3L, `22` = 6L, `23` = 7L, `24` = 6L, `25` = 6L, 
    `26` = 2L, `27` = 8L, `29` = 5L, `30` = 3L, `31` = 6L, `32` = 3L, 
    `33` = 3L, `34` = 4L, `35` = 4L, `36` = 2L, `37` = 1L, `38` = 1L, 
    `39` = 1L, `40` = 5L, `41` = 5L, `44` = 2L, `45` = 1L, `46` = 2L, 
    `50` = 2L, `53` = 1L, `55` = 1L, `75` = 2L, `78` = 1L), .Dim = 48L, .Dimnames = structure(list(
        c("1", "2", "3", "4", "5", "6", "7", "8", "9", "10", 
        "11", "12", "13", "14", "15", "16", "17", "18", "19", 
        "20", "21", "22", "23", "24", "25", "26", "27", "29", 
        "30", "31", "32", "33", "34", "35", "36", "37", "38", 
        "39", "40", "41", "44", "45", "46", "50", "53", "55", 
        "75", "78")), .Names = ""), class = "table"), No.Tag = structure(c(0L, 
    0L, 0L, 0L, 0L, 0L, 0L, 1L, 67L, 1L, 0L, 0L, 0L, 0L, 78L, 
    0L, 0L, 0L, 0L, 0L, 5L, 0L, 0L, 0L), .Dim = c(6L, 4L), .Dimnames = structure(list(
        c("-2", "-1", "0", "1", "2", NA), c("A", "C", "T", NA
        )), .Names = c("", "")), class = "table"), All.Tags = list(
        Concordant = list(Freqs = structure(c(0, 0, 0, 0, 0, 
        0, 5, 199, 0, 0, 0, 1, 201, 0, 0), .Dim = c(5L, 3L), .Dimnames = list(
            c("-2", "-1", "0", "1", "2"), c("A", "C", "T"))), 
            N = 406), Majority = list(Freqs = structure(c(0, 
        0, 0, 0, 0, 0, 5, 261, 0, 0, 0, 1, 271, 0, 0), .Dim = c(5L, 
        3L), .Dimnames = list(c("-2", "-1", "0", "1", "2"), c("A", 
        "C", "T"))), N = 538)), `2` = structure(c(0, 0, 0, 0, 
    0, 0, 1, 191, 0, 0, 0, 0, 206, 0, 0), .Dim = c(5L, 3L), .Dimnames = list(
        c("-2", "-1", "0", "1", "2"), c("A", "C", "T"))))))
