Results <-
list(`bwaOutput/20210421msiMNRsJenny/213520_S48.sam` = list(LR36_SNP1 = list(
    All = list(Freqs = structure(c(1L, 2L, 67L, 2724L, 23L, 43L, 
    0L, 0L, 0L, 3L, 0L, 0L, 3L, 108L, 721L, 2250L, 19L, 64L, 
    0L, 3L, 43L, 276L, 4L, 0L), .Dim = c(6L, 4L), .Dimnames = structure(list(
        c("-3", "-2", "-1", "0", "1", NA), c("A", "G", "T", NA
        )), .Names = c("", "")), class = "table"), N = 6354L), 
    Tag.Distribution = structure(c(`1` = 158L, `2` = 51L, `3` = 28L, 
    `4` = 28L, `5` = 30L, `6` = 28L, `7` = 19L, `8` = 15L, `9` = 12L, 
    `10` = 20L, `11` = 23L, `12` = 14L, `13` = 15L, `14` = 16L, 
    `15` = 8L, `16` = 8L, `17` = 9L, `18` = 10L, `19` = 9L, `20` = 13L, 
    `21` = 9L, `22` = 4L, `23` = 4L, `24` = 2L, `25` = 2L, `26` = 5L, 
    `27` = 5L, `28` = 2L, `29` = 3L, `30` = 5L, `31` = 8L, `32` = 1L, 
    `33` = 2L, `34` = 2L, `35` = 1L, `36` = 5L, `37` = 2L, `38` = 1L, 
    `39` = 1L, `40` = 3L, `41` = 2L, `42` = 3L, `43` = 2L, `44` = 1L, 
    `45` = 2L, `48` = 1L, `49` = 1L, `50` = 1L, `51` = 2L, `53` = 1L, 
    `54` = 1L, `56` = 1L, `58` = 2L, `66` = 1L), .Dim = 54L, .Dimnames = structure(list(
        c("1", "2", "3", "4", "5", "6", "7", "8", "9", "10", 
        "11", "12", "13", "14", "15", "16", "17", "18", "19", 
        "20", "21", "22", "23", "24", "25", "26", "27", "28", 
        "29", "30", "31", "32", "33", "34", "35", "36", "37", 
        "38", "39", "40", "41", "42", "43", "44", "45", "48", 
        "49", "50", "51", "53", "54", "56", "58", "66")), .Names = ""), class = "table"), 
    No.Tag = structure(c(0L, 0L, 2L, 91L, 1L, 6L, 0L, 0L, 0L, 
    0L, 0L, 0L, 0L, 2L, 12L, 77L, 0L, 5L, 0L, 0L, 2L, 21L, 1L, 
    0L), .Dim = c(6L, 4L), .Dimnames = structure(list(c("-3", 
    "-2", "-1", "0", "1", NA), c("A", "G", "T", NA)), .Names = c("", 
    "")), class = "table"), All.Tags = list(Concordant = list(
        Freqs = structure(c(0, 0, 0, 215, 1, 0, 0, 0, 0, 0, 0, 
        7, 39, 165, 0), .Dim = c(5L, 3L), .Dimnames = list(c("-3", 
        "-2", "-1", "0", "1"), c("A", "G", "T"))), N = 427), 
        Majority = list(Freqs = structure(c(0, 0, 1, 279, 2, 
        0, 0, 0, 0, 0, 0, 11, 55, 228, 0), .Dim = c(5L, 3L), .Dimnames = list(
            c("-3", "-2", "-1", "0", "1"), c("A", "G", "T"))), 
            N = 576)), `2` = structure(c(0, 0, 1, 208, 1, 0, 
    0, 0, 0, 0, 0, 10, 43, 176, 0), .Dim = c(5L, 3L), .Dimnames = list(
        c("-3", "-2", "-1", "0", "1"), c("A", "G", "T"))))))
