Results <-
list(`bwaOutput/20210421msiMNRsJenny/216379_S93.sam` = list(LR36_SNP1 = list(
    All = list(Freqs = structure(c(0L, 0L, 1L, 0L, 0L, 0L, 11L, 
    121L, 5696L, 59L, 3L, 61L, 0L, 0L, 1L, 0L, 0L, 0L, 4L, 47L, 
    1725L, 8L, 0L, 17L, 1L, 1L, 306L, 0L, 0L, 0L), .Dim = 6:5, .Dimnames = structure(list(
        c("-2", "-1", "0", "1", "3", NA), c("-", "A", "G", "T", 
        NA)), .Names = c("", "")), class = "table"), N = 8062L), 
    Tag.Distribution = structure(c(`1` = 277L, `2` = 126L, `3` = 94L, 
    `4` = 96L, `5` = 76L, `6` = 87L, `7` = 69L, `8` = 52L, `9` = 53L, 
    `10` = 56L, `11` = 42L, `12` = 44L, `13` = 36L, `14` = 25L, 
    `15` = 14L, `16` = 22L, `17` = 10L, `18` = 10L, `19` = 7L, 
    `20` = 13L, `21` = 8L, `22` = 4L, `23` = 3L, `24` = 1L, `25` = 3L, 
    `26` = 1L, `27` = 2L, `28` = 1L, `29` = 1L, `31` = 1L, `33` = 1L
    ), .Dim = 31L, .Dimnames = structure(list(c("1", "2", "3", 
    "4", "5", "6", "7", "8", "9", "10", "11", "12", "13", "14", 
    "15", "16", "17", "18", "19", "20", "21", "22", "23", "24", 
    "25", "26", "27", "28", "29", "31", "33")), .Names = ""), class = "table"), 
    No.Tag = structure(c(0L, 0L, 0L, 0L, 0L, 0L, 0L, 2L, 195L, 
    3L, 0L, 5L, 0L, 0L, 0L, 0L, 0L, 0L, 0L, 0L, 56L, 0L, 0L, 
    1L, 0L, 0L, 29L, 0L, 0L, 0L), .Dim = 6:5, .Dimnames = structure(list(
        c("-2", "-1", "0", "1", "3", NA), c("-", "A", "G", "T", 
        NA)), .Names = c("", "")), class = "table"), All.Tags = list(
        Concordant = list(Freqs = structure(c(0, 0, 0, 0, 0, 
        0, 11, 735, 2, 1, 0, 0, 0, 0, 0, 0, 2, 200, 0, 0), .Dim = 5:4, .Dimnames = list(
            c("-2", "-1", "0", "1", "3"), c("-", "A", "G", "T"
            ))), N = 951), Majority = list(Freqs = structure(c(0, 
        0, 0, 0, 0, 0, 11, 903, 4, 1, 0, 0, 0, 0, 0, 0, 2, 274, 
        1, 0), .Dim = 5:4, .Dimnames = list(c("-2", "-1", "0", 
        "1", "3"), c("-", "A", "G", "T"))), N = 1196)), `2` = structure(c(0, 
    0, 0, 0, 0, 0, 5, 718, 2, 0, 0, 0, 0, 0, 0, 0, 0, 216, 1, 
    0), .Dim = 5:4, .Dimnames = list(c("-2", "-1", "0", "1", 
    "3"), c("-", "A", "G", "T"))))))
