Results <-
list(`bwaOutput/20210421msiMNRsJenny/216379_S93.sam` = list(GM26_SNP1 = list(
    All = list(Freqs = structure(c(4L, 53L, 5932L, 20L, 1L, 7L, 
    0L, 0L, 1L, 0L, 0L, 0L, 0L, 1L, 67L, 0L, 0L, 0L), .Dim = c(6L, 
    3L), .Dimnames = structure(list(c("-2", "-1", "0", "1", "2", 
    NA), c("A", "G", NA)), .Names = c("", "")), class = "table"), 
        N = 6086L), Tag.Distribution = structure(c(`1` = 181L, 
    `2` = 102L, `3` = 93L, `4` = 78L, `5` = 72L, `6` = 64L, `7` = 53L, 
    `8` = 38L, `9` = 36L, `10` = 49L, `11` = 32L, `12` = 27L, 
    `13` = 26L, `14` = 18L, `15` = 14L, `16` = 8L, `17` = 9L, 
    `18` = 15L, `19` = 6L, `20` = 5L, `21` = 3L, `22` = 1L, `23` = 5L, 
    `24` = 2L, `25` = 4L, `26` = 2L, `27` = 1L, `29` = 1L, `31` = 1L, 
    `35` = 1L), .Dim = 30L, .Dimnames = structure(list(c("1", 
    "2", "3", "4", "5", "6", "7", "8", "9", "10", "11", "12", 
    "13", "14", "15", "16", "17", "18", "19", "20", "21", "22", 
    "23", "24", "25", "26", "27", "29", "31", "35")), .Names = ""), class = "table"), 
    No.Tag = structure(c(0L, 1L, 105L, 1L, 1L, 2L, 0L, 0L, 0L, 
    0L, 0L, 0L, 0L, 0L, 4L, 0L, 0L, 0L), .Dim = c(6L, 3L), .Dimnames = structure(list(
        c("-2", "-1", "0", "1", "2", NA), c("A", "G", NA)), .Names = c("", 
    "")), class = "table"), All.Tags = list(Concordant = list(
        Freqs = structure(c(0, 1, 873, 0, 0, 0, 0, 1, 0, 0), .Dim = c(5L, 
        2L), .Dimnames = list(c("-2", "-1", "0", "1", "2"), c("A", 
        "G"))), N = 875), Majority = list(Freqs = structure(c(0, 
    1, 935, 0, 0, 0, 0, 1, 0, 0), .Dim = c(5L, 2L), .Dimnames = list(
        c("-2", "-1", "0", "1", "2"), c("A", "G"))), N = 937)), 
    `2` = structure(c(0, 1, 764, 0, 0, 0, 0, 0, 0, 0), .Dim = c(5L, 
    2L), .Dimnames = list(c("-2", "-1", "0", "1", "2"), c("A", 
    "G"))))))
