Results <-
list(`bwaOutput/20210421msiMNRsJenny/216379_S93.sam` = list(GM29_SNP1 = list(
    All = list(Freqs = structure(c(1L, 115L, 7222L, 25L, 17L, 
    0L, 0L, 5L, 0L, 0L, 0L, 1L, 50L, 0L, 0L), .Dim = c(5L, 3L
    ), .Dimnames = structure(list(c("-2", "-1", "0", "1", NA), 
        c("A", "G", NA)), .Names = c("", "")), class = "table"), 
        N = 7436L), Tag.Distribution = structure(c(`1` = 175L, 
    `2` = 108L, `3` = 112L, `4` = 93L, `5` = 60L, `6` = 45L, 
    `7` = 57L, `8` = 44L, `9` = 37L, `10` = 35L, `11` = 35L, 
    `12` = 31L, `13` = 25L, `14` = 19L, `15` = 11L, `16` = 21L, 
    `17` = 12L, `18` = 10L, `19` = 10L, `20` = 4L, `21` = 5L, 
    `22` = 6L, `23` = 4L, `24` = 4L, `25` = 6L, `26` = 1L, `27` = 1L, 
    `28` = 2L, `29` = 2L, `30` = 1L, `31` = 2L, `32` = 4L, `34` = 1L, 
    `35` = 1L, `36` = 2L, `38` = 2L, `39` = 2L, `40` = 1L, `42` = 1L, 
    `43` = 1L, `44` = 1L, `48` = 1L, `62` = 1L, `75` = 1L), .Dim = 44L, .Dimnames = structure(list(
        c("1", "2", "3", "4", "5", "6", "7", "8", "9", "10", 
        "11", "12", "13", "14", "15", "16", "17", "18", "19", 
        "20", "21", "22", "23", "24", "25", "26", "27", "28", 
        "29", "30", "31", "32", "34", "35", "36", "38", "39", 
        "40", "42", "43", "44", "48", "62", "75")), .Names = ""), class = "table"), 
    No.Tag = structure(c(0L, 7L, 203L, 2L, 1L, 0L, 0L, 1L, 0L, 
    0L, 0L, 0L, 5L, 0L, 0L), .Dim = c(5L, 3L), .Dimnames = structure(list(
        c("-2", "-1", "0", "1", NA), c("A", "G", NA)), .Names = c("", 
    "")), class = "table"), All.Tags = list(Concordant = list(
        Freqs = structure(c(0, 6, 884, 0, 0, 0, 2, 0), .Dim = c(4L, 
        2L), .Dimnames = list(c("-2", "-1", "0", "1"), c("A", 
        "G"))), N = 892), Majority = list(Freqs = structure(c(0, 
    6, 976, 0, 0, 0, 2, 0), .Dim = c(4L, 2L), .Dimnames = list(
        c("-2", "-1", "0", "1"), c("A", "G"))), N = 984)), `2` = structure(c(0, 
    1, 813, 0, 0, 0, 0, 0), .Dim = c(4L, 2L), .Dimnames = list(
        c("-2", "-1", "0", "1"), c("A", "G"))))))
