Results <-
list(`bwaOutput/20210421msiMNRsJenny/216379_S93.sam` = list(GM07_SNP1 = list(
    All = list(Freqs = structure(c(0L, 0L, 1L, 0L, 0L, 0L, 4L, 
    180L, 3597L, 108L, 3L, 51L, 0L, 101L, 2392L, 70L, 1L, 49L, 
    0L, 0L, 1L, 0L, 0L, 0L, 0L, 4L, 107L, 2L, 0L, 0L), .Dim = 6:5, .Dimnames = structure(list(
        c("-2", "-1", "0", "1", "2", NA), c("-", "A", "G", "T", 
        NA)), .Names = c("", "")), class = "table"), N = 6671L), 
    Tag.Distribution = structure(c(`1` = 213L, `2` = 124L, `3` = 105L, 
    `4` = 105L, `5` = 73L, `6` = 79L, `7` = 66L, `8` = 59L, `9` = 38L, 
    `10` = 35L, `11` = 30L, `12` = 37L, `13` = 28L, `14` = 16L, 
    `15` = 12L, `16` = 17L, `17` = 10L, `18` = 9L, `19` = 8L, 
    `20` = 6L, `21` = 1L, `22` = 5L, `23` = 1L, `24` = 3L, `25` = 2L, 
    `28` = 1L, `29` = 2L, `30` = 1L), .Dim = 28L, .Dimnames = structure(list(
        c("1", "2", "3", "4", "5", "6", "7", "8", "9", "10", 
        "11", "12", "13", "14", "15", "16", "17", "18", "19", 
        "20", "21", "22", "23", "24", "25", "28", "29", "30")), .Names = ""), class = "table"), 
    No.Tag = structure(c(0L, 0L, 0L, 0L, 0L, 0L, 0L, 4L, 110L, 
    0L, 0L, 3L, 0L, 3L, 60L, 4L, 0L, 13L, 0L, 0L, 0L, 0L, 0L, 
    0L, 0L, 0L, 3L, 0L, 0L, 0L), .Dim = 6:5, .Dimnames = structure(list(
        c("-2", "-1", "0", "1", "2", NA), c("-", "A", "G", "T", 
        NA)), .Names = c("", "")), class = "table"), All.Tags = list(
        Concordant = list(Freqs = structure(c(0, 0, 0, 0, 0, 
        0, 4, 427, 4, 0, 0, 6, 280, 2, 0, 0, 0, 0, 0, 0), .Dim = 5:4, .Dimnames = list(
            c("-2", "-1", "0", "1", "2"), c("-", "A", "G", "T"
            ))), N = 723), Majority = list(Freqs = structure(c(0, 
        0, 0, 0, 0, 0, 8, 607, 5, 0, 0, 9, 410, 2, 0, 0, 0, 0, 
        0, 0), .Dim = 5:4, .Dimnames = list(c("-2", "-1", "0", 
        "1", "2"), c("-", "A", "G", "T"))), N = 1041)), `2` = structure(c(0, 
    0, 0, 0, 0, 0, 4, 500, 2, 0, 0, 3, 340, 0, 0, 0, 0, 0, 0, 
    0), .Dim = 5:4, .Dimnames = list(c("-2", "-1", "0", "1", 
    "2"), c("-", "A", "G", "T"))))))
