Results <-
list(`bwaOutput/20210421msiMNRsJenny/216379_S93.sam` = list(LR20_SNP1 = list(
    All = list(Freqs = structure(c(0L, 0L, 1L, 0L, 0L, 0L, 9L, 
    3439L, 14L, 1L, 1L, 8L, 3744L, 10L, 2L, 0L, 0L, 1L, 0L, 0L, 
    0L, 0L, 46L, 0L, 0L), .Dim = c(5L, 5L), .Dimnames = structure(list(
        c("-2", "-1", "0", "1", NA), c("-", "A", "G", "T", NA
        )), .Names = c("", "")), class = "table"), N = 7276L), 
    Tag.Distribution = structure(c(`1` = 218L, `2` = 125L, `3` = 109L, 
    `4` = 120L, `5` = 92L, `6` = 79L, `7` = 69L, `8` = 57L, `9` = 44L, 
    `10` = 54L, `11` = 34L, `12` = 27L, `13` = 18L, `14` = 23L, 
    `15` = 20L, `16` = 9L, `17` = 12L, `18` = 11L, `19` = 8L, 
    `20` = 10L, `21` = 2L, `22` = 3L, `24` = 1L, `25` = 2L, `26` = 2L, 
    `27` = 2L, `30` = 1L, `32` = 1L, `37` = 1L, `38` = 1L, `55` = 1L
    ), .Dim = 31L, .Dimnames = structure(list(c("1", "2", "3", 
    "4", "5", "6", "7", "8", "9", "10", "11", "12", "13", "14", 
    "15", "16", "17", "18", "19", "20", "21", "22", "24", "25", 
    "26", "27", "30", "32", "37", "38", "55")), .Names = ""), class = "table"), 
    No.Tag = structure(c(0L, 0L, 0L, 0L, 0L, 0L, 1L, 133L, 1L, 
    1L, 0L, 0L, 116L, 1L, 1L, 0L, 0L, 0L, 0L, 0L, 0L, 0L, 6L, 
    0L, 0L), .Dim = c(5L, 5L), .Dimnames = structure(list(c("-2", 
    "-1", "0", "1", NA), c("-", "A", "G", "T", NA)), .Names = c("", 
    "")), class = "table"), All.Tags = list(Concordant = list(
        Freqs = structure(c(0, 0, 0, 0, 0, 1, 439, 0, 0, 1, 501, 
        1, 0, 0, 0, 0), .Dim = c(4L, 4L), .Dimnames = list(c("-2", 
        "-1", "0", "1"), c("-", "A", "G", "T"))), N = 943), Majority = list(
        Freqs = structure(c(0, 0, 0, 0, 0, 1, 537, 0, 0, 1, 585, 
        1, 0, 0, 0, 0), .Dim = c(4L, 4L), .Dimnames = list(c("-2", 
        "-1", "0", "1"), c("-", "A", "G", "T"))), N = 1125)), 
    `2` = structure(c(0, 0, 0, 0, 0, 0, 436, 0, 0, 1, 477, 0, 
    0, 0, 0, 0), .Dim = c(4L, 4L), .Dimnames = list(c("-2", "-1", 
    "0", "1"), c("-", "A", "G", "T"))))))
