Results <-
list(`bwaOutput/20210421msiMNRsJenny/216379_S93.sam` = list(LR40_SNP1 = list(
    All = list(Freqs = structure(c(1L, 1L, 70L, 7877L, 34L, 17L, 
    0L, 0L, 1L, 64L, 1L, 0L), .Dim = c(6L, 2L), .Dimnames = structure(list(
        c("-3", "-2", "-1", "0", "1", NA), c("C", NA)), .Names = c("", 
    "")), class = "table"), N = 8066L), Tag.Distribution = structure(c(`1` = 222L, 
    `2` = 142L, `3` = 113L, `4` = 103L, `5` = 85L, `6` = 64L, 
    `7` = 57L, `8` = 46L, `9` = 55L, `10` = 40L, `11` = 52L, 
    `12` = 31L, `13` = 28L, `14` = 20L, `15` = 17L, `16` = 23L, 
    `17` = 14L, `18` = 12L, `19` = 11L, `20` = 9L, `21` = 7L, 
    `22` = 8L, `23` = 4L, `24` = 5L, `25` = 2L, `26` = 2L, `28` = 1L, 
    `29` = 2L, `30` = 2L, `31` = 2L, `33` = 3L, `37` = 1L, `40` = 1L
    ), .Dim = 33L, .Dimnames = structure(list(c("1", "2", "3", 
    "4", "5", "6", "7", "8", "9", "10", "11", "12", "13", "14", 
    "15", "16", "17", "18", "19", "20", "21", "22", "23", "24", 
    "25", "26", "28", "29", "30", "31", "33", "37", "40")), .Names = ""), class = "table"), 
    No.Tag = structure(c(0L, 0L, 0L, 254L, 0L, 4L, 0L, 0L, 0L, 
    5L, 0L, 0L), .Dim = c(6L, 2L), .Dimnames = structure(list(
        c("-3", "-2", "-1", "0", "1", NA), c("C", NA)), .Names = c("", 
    "")), class = "table"), All.Tags = list(Concordant = list(
        Freqs = structure(c(0, 0, 1, 1085, 3), .Dim = c(5L, 1L
        ), .Dimnames = list(c("-3", "-2", "-1", "0", "1"), "C")), 
        N = 1089), Majority = list(Freqs = structure(c(0, 0, 
    2, 1164, 3), .Dim = c(5L, 1L), .Dimnames = list(c("-3", "-2", 
    "-1", "0", "1"), "C")), N = 1169)), `2` = structure(c(0, 
    0, 1, 954, 0), .Dim = c(5L, 1L), .Dimnames = list(c("-3", 
    "-2", "-1", "0", "1"), "C")))))
