Results <-
list(`bwaOutput/20210421msiMNRsJenny/216379_S93.sam` = list(IM16_SNP1 = list(
    All = list(Freqs = structure(c(59L, 4875L, 88L, 23L, 23L, 
    2145L, 31L, 3L, 0L, 3L, 0L, 0L, 1L, 82L, 6L, 0L), .Dim = c(4L, 
    4L), .Dimnames = structure(list(c("-1", "0", "1", NA), c("A", 
    "G", "T", NA)), .Names = c("", "")), class = "table"), N = 7339L), 
    Tag.Distribution = structure(c(`1` = 217L, `2` = 126L, `3` = 99L, 
    `4` = 89L, `5` = 80L, `6` = 70L, `7` = 66L, `8` = 61L, `9` = 57L, 
    `10` = 45L, `11` = 40L, `12` = 31L, `13` = 30L, `14` = 23L, 
    `15` = 20L, `16` = 13L, `17` = 8L, `18` = 7L, `19` = 6L, 
    `20` = 10L, `21` = 6L, `22` = 4L, `23` = 2L, `24` = 5L, `25` = 2L, 
    `26` = 2L, `27` = 1L, `29` = 1L, `31` = 2L, `33` = 1L, `35` = 1L
    ), .Dim = 31L, .Dimnames = structure(list(c("1", "2", "3", 
    "4", "5", "6", "7", "8", "9", "10", "11", "12", "13", "14", 
    "15", "16", "17", "18", "19", "20", "21", "22", "23", "24", 
    "25", "26", "27", "29", "31", "33", "35")), .Names = ""), class = "table"), 
    No.Tag = structure(c(1L, 125L, 2L, 13L, 1L, 43L, 3L, 1L, 
    0L, 0L, 0L, 0L, 0L, 18L, 1L, 0L), .Dim = c(4L, 4L), .Dimnames = structure(list(
        c("-1", "0", "1", NA), c("A", "G", "T", NA)), .Names = c("", 
    "")), class = "table"), All.Tags = list(Concordant = list(
        Freqs = structure(c(0, 636, 2, 1, 244, 4, 0, 1, 0), .Dim = c(3L, 
        3L), .Dimnames = list(c("-1", "0", "1"), c("A", "G", 
        "T"))), N = 888), Majority = list(Freqs = structure(c(1, 
    778, 2, 2, 312, 4, 0, 1, 0), .Dim = c(3L, 3L), .Dimnames = list(
        c("-1", "0", "1"), c("A", "G", "T"))), N = 1100)), `2` = structure(c(1, 
    637, 0, 1, 253, 0, 0, 0, 0), .Dim = c(3L, 3L), .Dimnames = list(
        c("-1", "0", "1"), c("A", "G", "T"))))))
