Results <-
list(`bwaOutput/20210421msiMNRsJenny/216379_S93.sam` = list(LR24_SNP1 = list(
    All = list(Freqs = structure(c(41L, 7922L, 22L, 13L, 0L, 
    1L, 0L, 0L, 0L, 7L, 0L, 0L, 0L, 48L, 1L, 0L), .Dim = c(4L, 
    4L), .Dimnames = structure(list(c("-1", "0", "1", NA), c("A", 
    "C", "G", NA)), .Names = c("", "")), class = "table"), N = 8055L), 
    Tag.Distribution = structure(c(`1` = 357L, `2` = 229L, `3` = 204L, 
    `4` = 167L, `5` = 118L, `6` = 96L, `7` = 85L, `8` = 64L, 
    `9` = 62L, `10` = 54L, `11` = 41L, `12` = 31L, `13` = 13L, 
    `14` = 14L, `15` = 20L, `16` = 7L, `17` = 10L, `18` = 9L, 
    `19` = 5L, `20` = 3L, `21` = 1L, `22` = 1L, `23` = 1L, `24` = 1L, 
    `26` = 2L, `27` = 1L), .Dim = 26L, .Dimnames = structure(list(
        c("1", "2", "3", "4", "5", "6", "7", "8", "9", "10", 
        "11", "12", "13", "14", "15", "16", "17", "18", "19", 
        "20", "21", "22", "23", "24", "26", "27")), .Names = ""), class = "table"), 
    No.Tag = structure(c(2L, 319L, 1L, 1L, 0L, 0L, 0L, 0L, 0L, 
    3L, 0L, 0L, 0L, 7L, 0L, 0L), .Dim = c(4L, 4L), .Dimnames = structure(list(
        c("-1", "0", "1", NA), c("A", "C", "G", NA)), .Names = c("", 
    "")), class = "table"), All.Tags = list(Concordant = list(
        Freqs = structure(c(3, 1539, 1, 0, 0, 0, 0, 1, 0), .Dim = c(3L, 
        3L), .Dimnames = list(c("-1", "0", "1"), c("A", "C", 
        "G"))), N = 1544), Majority = list(Freqs = structure(c(5, 
    1578, 2, 0, 0, 0, 0, 1, 0), .Dim = c(3L, 3L), .Dimnames = list(
        c("-1", "0", "1"), c("A", "C", "G"))), N = 1586)), `2` = structure(c(2, 
    1232, 1, 0, 0, 0, 0, 0, 0), .Dim = c(3L, 3L), .Dimnames = list(
        c("-1", "0", "1"), c("A", "C", "G"))))))
