Results <-
list(`bwaOutput/20210421msiMNRsJenny/216379_S93.sam` = list(GM22_SNP1 = list(
    All = list(Freqs = structure(c(2L, 79L, 5527L, 24L, 0L, 16L, 
    1L, 37L, 3515L, 12L, 1L, 5L, 0L, 5L, 159L, 2L, 0L, 0L), .Dim = c(6L, 
    3L), .Dimnames = structure(list(c("-2", "-1", "0", "1", "2", 
    NA), c("A", "G", NA)), .Names = c("", "")), class = "table"), 
        N = 9385L), Tag.Distribution = structure(c(`1` = 266L, 
    `2` = 131L, `3` = 120L, `4` = 122L, `5` = 89L, `6` = 103L, 
    `7` = 71L, `8` = 71L, `9` = 62L, `10` = 65L, `11` = 49L, 
    `12` = 41L, `13` = 34L, `14` = 27L, `15` = 27L, `16` = 16L, 
    `17` = 13L, `18` = 18L, `19` = 15L, `20` = 8L, `21` = 3L, 
    `22` = 5L, `23` = 3L, `24` = 6L, `25` = 3L, `26` = 2L, `27` = 1L, 
    `28` = 2L, `29` = 1L, `30` = 1L, `33` = 1L, `34` = 1L, `35` = 1L, 
    `38` = 1L), .Dim = 34L, .Dimnames = structure(list(c("1", 
    "2", "3", "4", "5", "6", "7", "8", "9", "10", "11", "12", 
    "13", "14", "15", "16", "17", "18", "19", "20", "21", "22", 
    "23", "24", "25", "26", "27", "28", "29", "30", "33", "34", 
    "35", "38")), .Names = ""), class = "table"), No.Tag = structure(c(0L, 
    3L, 219L, 0L, 0L, 5L, 0L, 1L, 127L, 0L, 0L, 0L, 0L, 0L, 21L, 
    0L, 0L, 0L), .Dim = c(6L, 3L), .Dimnames = structure(list(
        c("-2", "-1", "0", "1", "2", NA), c("A", "G", NA)), .Names = c("", 
    "")), class = "table"), All.Tags = list(Concordant = list(
        Freqs = structure(c(0, 1, 674, 1, 0, 0, 0, 407, 0, 0), .Dim = c(5L, 
        2L), .Dimnames = list(c("-2", "-1", "0", "1", "2"), c("A", 
        "G"))), N = 1083), Majority = list(Freqs = structure(c(0, 
    1, 818, 1, 0, 0, 0, 515, 0, 0), .Dim = c(5L, 2L), .Dimnames = list(
        c("-2", "-1", "0", "1", "2"), c("A", "G"))), N = 1335)), 
    `2` = structure(c(0, 0, 648, 0, 0, 0, 0, 442, 0, 0), .Dim = c(5L, 
    2L), .Dimnames = list(c("-2", "-1", "0", "1", "2"), c("A", 
    "G"))))))
