Results <-
list(`bwaOutput/20210421msiMNRsJenny/216379_S93.sam` = list(LR10_SNP1 = list(
    All = list(Freqs = structure(c(0L, 2L, 73L, 3722L, 33L, 0L, 
    5L, 1L, 0L, 55L, 3876L, 17L, 1L, 3L, 0L, 0L, 0L, 119L, 1L, 
    0L, 0L), .Dim = c(7L, 3L), .Dimnames = structure(list(c("-3", 
    "-2", "-1", "0", "1", "2", NA), c("C", "T", NA)), .Names = c("", 
    "")), class = "table"), N = 7908L), Tag.Distribution = structure(c(`1` = 240L, 
    `2` = 114L, `3` = 121L, `4` = 88L, `5` = 87L, `6` = 70L, 
    `7` = 53L, `8` = 54L, `9` = 55L, `10` = 33L, `11` = 26L, 
    `12` = 40L, `13` = 36L, `14` = 29L, `15` = 24L, `16` = 15L, 
    `17` = 16L, `18` = 9L, `19` = 11L, `20` = 9L, `21` = 10L, 
    `22` = 7L, `23` = 2L, `24` = 3L, `25` = 1L, `26` = 1L, `28` = 4L, 
    `29` = 1L, `30` = 2L, `31` = 2L, `33` = 2L, `35` = 1L, `37` = 1L
    ), .Dim = 33L, .Dimnames = structure(list(c("1", "2", "3", 
    "4", "5", "6", "7", "8", "9", "10", "11", "12", "13", "14", 
    "15", "16", "17", "18", "19", "20", "21", "22", "23", "24", 
    "25", "26", "28", "29", "30", "31", "33", "35", "37")), .Names = ""), class = "table"), 
    No.Tag = structure(c(0L, 0L, 3L, 142L, 2L, 0L, 0L, 0L, 0L, 
    3L, 86L, 0L, 0L, 0L, 0L, 0L, 0L, 9L, 0L, 0L, 0L), .Dim = c(7L, 
    3L), .Dimnames = structure(list(c("-3", "-2", "-1", "0", 
    "1", "2", NA), c("C", "T", NA)), .Names = c("", "")), class = "table"), 
    All.Tags = list(Concordant = list(Freqs = structure(c(0, 
    0, 2, 401, 1, 0, 0, 0, 2, 508, 0, 0), .Dim = c(6L, 2L), .Dimnames = list(
        c("-3", "-2", "-1", "0", "1", "2"), c("C", "T"))), N = 914), 
        Majority = list(Freqs = structure(c(0, 0, 3, 526, 1, 
        0, 0, 0, 2, 606, 0, 0), .Dim = c(6L, 2L), .Dimnames = list(
            c("-3", "-2", "-1", "0", "1", "2"), c("C", "T"))), 
            N = 1138)), `2` = structure(c(0, 0, 1, 434, 0, 0, 
    0, 0, 1, 470, 0, 0), .Dim = c(6L, 2L), .Dimnames = list(c("-3", 
    "-2", "-1", "0", "1", "2"), c("C", "T"))))))
