Results <-
list(`bwaOutput/20210421msiMNRsJenny/216379_S93.sam` = list(LR52_SNP1 = list(
    All = list(Freqs = structure(c(0L, 5L, 25L, 256L, 1955L, 
    9L, 0L, 21L, 1L, 3L, 25L, 245L, 2373L, 21L, 3L, 15L, 0L, 
    0L, 1L, 11L, 686L, 6L, 0L, 0L), .Dim = c(8L, 3L), .Dimnames = structure(list(
        c("-4", "-3", "-2", "-1", "0", "1", "2", NA), c("C", 
        "T", NA)), .Names = c("", "")), class = "table"), N = 5661L), 
    Tag.Distribution = structure(c(`1` = 138L, `2` = 82L, `3` = 71L, 
    `4` = 76L, `5` = 63L, `6` = 62L, `7` = 54L, `8` = 35L, `9` = 52L, 
    `10` = 32L, `11` = 33L, `12` = 32L, `13` = 32L, `14` = 20L, 
    `15` = 10L, `16` = 13L, `17` = 14L, `18` = 8L, `19` = 5L, 
    `20` = 3L, `21` = 3L, `22` = 2L, `23` = 1L, `24` = 1L, `28` = 2L
    ), .Dim = 25L, .Dimnames = structure(list(c("1", "2", "3", 
    "4", "5", "6", "7", "8", "9", "10", "11", "12", "13", "14", 
    "15", "16", "17", "18", "19", "20", "21", "22", "23", "24", 
    "28")), .Names = ""), class = "table"), No.Tag = structure(c(0L, 
    0L, 0L, 8L, 33L, 1L, 0L, 0L, 0L, 1L, 0L, 8L, 88L, 0L, 0L, 
    1L, 0L, 0L, 0L, 0L, 21L, 0L, 0L, 0L), .Dim = c(8L, 3L), .Dimnames = structure(list(
        c("-4", "-3", "-2", "-1", "0", "1", "2", NA), c("C", 
        "T", NA)), .Names = c("", "")), class = "table"), All.Tags = list(
        Concordant = list(Freqs = structure(c(0, 1, 3, 15, 240, 
        0, 0, 0, 0, 0, 7, 230, 0, 0), .Dim = c(7L, 2L), .Dimnames = list(
            c("-4", "-3", "-2", "-1", "0", "1", "2"), c("C", 
            "T"))), N = 496), Majority = list(Freqs = structure(c(0, 
        1, 4, 19, 363, 0, 0, 0, 0, 1, 13, 385, 1, 0), .Dim = c(7L, 
        2L), .Dimnames = list(c("-4", "-3", "-2", "-1", "0", 
        "1", "2"), c("C", "T"))), N = 787)), `2` = structure(c(0, 
    0, 2, 12, 310, 0, 0, 0, 0, 1, 9, 337, 1, 0), .Dim = c(7L, 
    2L), .Dimnames = list(c("-4", "-3", "-2", "-1", "0", "1", 
    "2"), c("C", "T"))))))
