Results <-
list(`bwaOutput/20210421msiMNRsJenny/216379_S93.sam` = list(GM17_SNP1 = list(
    All = list(Freqs = structure(c(0L, 0L, 1L, 0L, 0L, 2L, 99L, 
    8913L, 28L, 2L, 0L, 0L, 18L, 0L, 0L, 0L, 2L, 355L, 1L, 0L
    ), .Dim = 5:4, .Dimnames = structure(list(c("-2", "-1", "0", 
    "1", NA), c("A", "C", "T", NA)), .Names = c("", "")), class = "table"), 
        N = 9421L), Tag.Distribution = structure(c(`1` = 259L, 
    `2` = 159L, `3` = 146L, `4` = 109L, `5` = 85L, `6` = 84L, 
    `7` = 76L, `8` = 76L, `9` = 71L, `10` = 58L, `11` = 62L, 
    `12` = 31L, `13` = 36L, `14` = 25L, `15` = 17L, `16` = 24L, 
    `17` = 17L, `18` = 19L, `19` = 7L, `20` = 8L, `21` = 8L, 
    `22` = 12L, `23` = 8L, `24` = 1L, `25` = 3L, `26` = 3L, `27` = 1L, 
    `28` = 2L, `30` = 1L, `32` = 1L, `33` = 1L, `40` = 1L), .Dim = 32L, .Dimnames = structure(list(
        c("1", "2", "3", "4", "5", "6", "7", "8", "9", "10", 
        "11", "12", "13", "14", "15", "16", "17", "18", "19", 
        "20", "21", "22", "23", "24", "25", "26", "27", "28", 
        "30", "32", "33", "40")), .Names = ""), class = "table"), 
    No.Tag = structure(c(0L, 0L, 0L, 0L, 0L, 0L, 3L, 214L, 1L, 
    0L, 0L, 0L, 0L, 0L, 0L, 0L, 1L, 17L, 0L, 0L), .Dim = 5:4, .Dimnames = structure(list(
        c("-2", "-1", "0", "1", NA), c("A", "C", "T", NA)), .Names = c("", 
    "")), class = "table"), All.Tags = list(Concordant = list(
        Freqs = structure(c(0, 0, 0, 0, 0, 6, 1274, 1, 0, 0, 
        9, 0), .Dim = 4:3, .Dimnames = list(c("-2", "-1", "0", 
        "1"), c("A", "C", "T"))), N = 1290), Majority = list(
        Freqs = structure(c(0, 0, 0, 0, 0, 6, 1369, 1, 0, 0, 
        9, 0), .Dim = 4:3, .Dimnames = list(c("-2", "-1", "0", 
        "1"), c("A", "C", "T"))), N = 1385)), `2` = structure(c(0, 
    0, 0, 0, 0, 2, 1143, 0, 0, 0, 1, 0), .Dim = 4:3, .Dimnames = list(
        c("-2", "-1", "0", "1"), c("A", "C", "T"))))))
