Results <-
list(`bwaOutput/20210421msiMNRsJenny/216379_S93.sam` = list(GM01_SNP1 = list(
    All = list(Freqs = structure(c(1L, 83L, 5771L, 23L, 9L, 0L, 
    110L, 8318L, 36L, 16L, 0L, 0L, 1L, 0L, 0L, 0L, 7L, 207L, 
    1L, 0L), .Dim = 5:4, .Dimnames = structure(list(c("-2", "-1", 
    "0", "1", NA), c("A", "G", "T", NA)), .Names = c("", "")), class = "table"), 
        N = 14583L), Tag.Distribution = structure(c(`1` = 302L, 
    `2` = 154L, `3` = 125L, `4` = 146L, `5` = 111L, `6` = 94L, 
    `7` = 106L, `8` = 93L, `9` = 92L, `10` = 90L, `11` = 74L, 
    `12` = 60L, `13` = 61L, `14` = 43L, `15` = 37L, `16` = 29L, 
    `17` = 26L, `18` = 16L, `19` = 16L, `20` = 10L, `21` = 19L, 
    `22` = 13L, `23` = 15L, `24` = 16L, `25` = 7L, `26` = 10L, 
    `27` = 6L, `28` = 5L, `29` = 5L, `30` = 3L, `31` = 5L, `32` = 2L, 
    `33` = 3L, `35` = 3L, `37` = 1L, `38` = 1L, `40` = 2L, `41` = 1L, 
    `50` = 1L, `55` = 1L), .Dim = 40L, .Dimnames = structure(list(
        c("1", "2", "3", "4", "5", "6", "7", "8", "9", "10", 
        "11", "12", "13", "14", "15", "16", "17", "18", "19", 
        "20", "21", "22", "23", "24", "25", "26", "27", "28", 
        "29", "30", "31", "32", "33", "35", "37", "38", "40", 
        "41", "50", "55")), .Names = ""), class = "table"), No.Tag = structure(c(0L, 
    0L, 135L, 0L, 0L, 0L, 0L, 231L, 0L, 2L, 0L, 0L, 0L, 0L, 0L, 
    0L, 0L, 21L, 0L, 0L), .Dim = 5:4, .Dimnames = structure(list(
        c("-2", "-1", "0", "1", NA), c("A", "G", "T", NA)), .Names = c("", 
    "")), class = "table"), All.Tags = list(Concordant = list(
        Freqs = structure(c(0, 2, 519, 1, 0, 3, 765, 0, 0, 0, 
        0, 0), .Dim = 4:3, .Dimnames = list(c("-2", "-1", "0", 
        "1"), c("A", "G", "T"))), N = 1290), Majority = list(
        Freqs = structure(c(0, 2, 729, 1, 0, 3, 1017, 0, 0, 0, 
        0, 0), .Dim = 4:3, .Dimnames = list(c("-2", "-1", "0", 
        "1"), c("A", "G", "T"))), N = 1752)), `2` = structure(c(0, 
    1, 612, 0, 0, 1, 856, 0, 0, 0, 0, 0), .Dim = 4:3, .Dimnames = list(
        c("-2", "-1", "0", "1"), c("A", "G", "T"))))))
