Results <-
list(`bwaOutput/20210421msiMNRsJenny/216379_S93.sam` = list(LR46_SNP1 = list(
    All = list(Freqs = structure(c(0L, 1L, 0L, 0L, 0L, 1L, 0L, 
    0L, 20L, 4661L, 18L, 17L, 8L, 2104L, 4L, 3L, 0L, 49L, 0L, 
    0L), .Dim = 4:5, .Dimnames = structure(list(c("-1", "0", 
    "1", NA), c("-", "C", "G", "T", NA)), .Names = c("", "")), class = "table"), 
        N = 6886L), Tag.Distribution = structure(c(`1` = 237L, 
    `2` = 109L, `3` = 87L, `4` = 108L, `5` = 76L, `6` = 71L, 
    `7` = 54L, `8` = 60L, `9` = 51L, `10` = 41L, `11` = 38L, 
    `12` = 31L, `13` = 27L, `14` = 27L, `15` = 14L, `16` = 7L, 
    `17` = 14L, `18` = 6L, `19` = 6L, `20` = 8L, `21` = 3L, `22` = 2L, 
    `23` = 4L, `24` = 3L, `25` = 1L, `26` = 1L, `27` = 1L, `29` = 2L, 
    `31` = 2L, `33` = 1L), .Dim = 30L, .Dimnames = structure(list(
        c("1", "2", "3", "4", "5", "6", "7", "8", "9", "10", 
        "11", "12", "13", "14", "15", "16", "17", "18", "19", 
        "20", "21", "22", "23", "24", "25", "26", "27", "29", 
        "31", "33")), .Names = ""), class = "table"), No.Tag = structure(c(0L, 
    0L, 0L, 0L, 0L, 0L, 0L, 0L, 1L, 173L, 1L, 3L, 0L, 58L, 0L, 
    0L, 0L, 6L, 0L, 0L), .Dim = 4:5, .Dimnames = structure(list(
        c("-1", "0", "1", NA), c("-", "C", "G", "T", NA)), .Names = c("", 
    "")), class = "table"), All.Tags = list(Concordant = list(
        Freqs = structure(c(0, 0, 0, 0, 0, 0, 2, 650, 1, 1, 308, 
        0), .Dim = 3:4, .Dimnames = list(c("-1", "0", "1"), c("-", 
        "C", "G", "T"))), N = 962), Majority = list(Freqs = structure(c(0, 
    0, 0, 0, 0, 0, 2, 722, 1, 1, 352, 0), .Dim = 3:4, .Dimnames = list(
        c("-1", "0", "1"), c("-", "C", "G", "T"))), N = 1078)), 
    `2` = structure(c(0, 0, 0, 0, 0, 0, 0, 577, 0, 0, 271, 0), .Dim = 3:4, .Dimnames = list(
        c("-1", "0", "1"), c("-", "C", "G", "T"))))))
