Results <-
list(`bwaOutput/20210421msiMNRsJenny/216379_S93.sam` = list(LR48_SNP1 = list(
    All = list(Freqs = structure(c(0L, 0L, 1L, 0L, 0L, 0L, 0L, 
    1L, 14L, 229L, 8023L, 142L, 1L, 43L, 0L, 0L, 0L, 2L, 0L, 
    0L, 0L, 0L, 0L, 2L, 203L, 4L, 0L, 0L), .Dim = c(7L, 4L), .Dimnames = structure(list(
        c("-3", "-2", "-1", "0", "1", "3", NA), c("A", "C", "T", 
        NA)), .Names = c("", "")), class = "table"), N = 8665L), 
    Tag.Distribution = structure(c(`1` = 200L, `2` = 88L, `3` = 92L, 
    `4` = 90L, `5` = 78L, `6` = 82L, `7` = 73L, `8` = 54L, `9` = 53L, 
    `10` = 44L, `11` = 43L, `12` = 47L, `13` = 48L, `14` = 32L, 
    `15` = 19L, `16` = 17L, `17` = 20L, `18` = 10L, `19` = 7L, 
    `20` = 10L, `21` = 9L, `22` = 4L, `23` = 6L, `24` = 3L, `25` = 2L, 
    `26` = 3L, `27` = 2L, `28` = 3L, `29` = 2L, `30` = 2L, `31` = 5L, 
    `32` = 1L, `34` = 1L, `38` = 1L), .Dim = 34L, .Dimnames = structure(list(
        c("1", "2", "3", "4", "5", "6", "7", "8", "9", "10", 
        "11", "12", "13", "14", "15", "16", "17", "18", "19", 
        "20", "21", "22", "23", "24", "25", "26", "27", "28", 
        "29", "30", "31", "32", "34", "38")), .Names = ""), class = "table"), 
    No.Tag = structure(c(0L, 0L, 0L, 0L, 0L, 0L, 0L, 0L, 0L, 
    7L, 237L, 3L, 0L, 0L, 0L, 0L, 0L, 0L, 0L, 0L, 0L, 0L, 0L, 
    0L, 14L, 1L, 0L, 0L), .Dim = c(7L, 4L), .Dimnames = structure(list(
        c("-3", "-2", "-1", "0", "1", "3", NA), c("A", "C", "T", 
        NA)), .Names = c("", "")), class = "table"), All.Tags = list(
        Concordant = list(Freqs = structure(c(0, 0, 0, 0, 0, 
        0, 0, 0, 7, 859, 4, 0, 0, 0, 0, 1, 0, 0), .Dim = c(6L, 
        3L), .Dimnames = list(c("-3", "-2", "-1", "0", "1", "3"
        ), c("A", "C", "T"))), N = 871), Majority = list(Freqs = structure(c(0, 
        0, 0, 0, 0, 0, 0, 0, 10, 1110, 5, 0, 0, 0, 0, 1, 0, 0
        ), .Dim = c(6L, 3L), .Dimnames = list(c("-3", "-2", "-1", 
        "0", "1", "3"), c("A", "C", "T"))), N = 1126)), `2` = structure(c(0, 
    0, 0, 0, 0, 0, 0, 0, 5, 937, 1, 0, 0, 0, 0, 0, 0, 0), .Dim = c(6L, 
    3L), .Dimnames = list(c("-3", "-2", "-1", "0", "1", "3"), 
        c("A", "C", "T"))))))
