Results <-
list(`bwaOutput/20210421msiMNRsJenny/216379_S93.sam` = list(IM49_SNP1 = list(
    All = list(Freqs = structure(c(5L, 87L, 1912L, 48L, 2L, 15L, 
    2L, 66L, 1797L, 44L, 2L, 14L, 0L, 2L, 142L, 3L, 0L, 0L), .Dim = c(6L, 
    3L), .Dimnames = structure(list(c("-2", "-1", "0", "1", "2", 
    NA), c("C", "G", NA)), .Names = c("", "")), class = "table"), 
        N = 4141L), Tag.Distribution = structure(c(`1` = 186L, 
    `2` = 114L, `3` = 97L, `4` = 68L, `5` = 58L, `6` = 54L, `7` = 49L, 
    `8` = 36L, `9` = 26L, `10` = 26L, `11` = 26L, `12` = 9L, 
    `13` = 21L, `14` = 8L, `15` = 9L, `16` = 8L, `17` = 3L, `18` = 3L, 
    `21` = 2L, `22` = 2L, `25` = 1L), .Dim = 21L, .Dimnames = structure(list(
        c("1", "2", "3", "4", "5", "6", "7", "8", "9", "10", 
        "11", "12", "13", "14", "15", "16", "17", "18", "21", 
        "22", "25")), .Names = ""), class = "table"), No.Tag = structure(c(3L, 
    5L, 52L, 0L, 0L, 3L, 0L, 3L, 89L, 1L, 0L, 0L, 0L, 0L, 11L, 
    0L, 0L, 0L), .Dim = c(6L, 3L), .Dimnames = structure(list(
        c("-2", "-1", "0", "1", "2", NA), c("C", "G", NA)), .Names = c("", 
    "")), class = "table"), All.Tags = list(Concordant = list(
        Freqs = structure(c(0, 2, 301, 3, 0, 0, 5, 269, 0, 0), .Dim = c(5L, 
        2L), .Dimnames = list(c("-2", "-1", "0", "1", "2"), c("C", 
        "G"))), N = 580), Majority = list(Freqs = structure(c(0, 
    5, 389, 4, 0, 0, 5, 361, 0, 0), .Dim = c(5L, 2L), .Dimnames = list(
        c("-2", "-1", "0", "1", "2"), c("C", "G"))), N = 764)), 
    `2` = structure(c(0, 3, 298, 2, 0, 0, 1, 292, 0, 0), .Dim = c(5L, 
    2L), .Dimnames = list(c("-2", "-1", "0", "1", "2"), c("C", 
    "G"))))))
