Results <-
list(`bwaOutput/20210421msiMNRsJenny/216379_S93.sam` = list(LR44_SNP1 = list(
    All = list(Freqs = structure(c(0L, 0L, 11L, 2L, 0L, 0L, 0L, 
    3L, 0L, 0L, 10L, 304L, 2719L, 63L, 18L, 1L, 0L, 45L, 0L, 
    0L), .Dim = 5:4, .Dimnames = structure(list(c("-2", "-1", 
    "0", "1", NA), c("C", "G", "T", NA)), .Names = c("", "")), class = "table"), 
        N = 3176L), Tag.Distribution = structure(c(`1` = 134L, 
    `2` = 72L, `3` = 59L, `4` = 45L, `5` = 47L, `6` = 37L, `7` = 48L, 
    `8` = 31L, `9` = 25L, `10` = 19L, `11` = 12L, `12` = 9L, 
    `13` = 9L, `14` = 8L, `15` = 6L, `16` = 1L, `17` = 6L, `18` = 2L, 
    `19` = 4L, `20` = 4L, `21` = 2L, `24` = 1L, `26` = 1L, `29` = 1L
    ), .Dim = 24L, .Dimnames = structure(list(c("1", "2", "3", 
    "4", "5", "6", "7", "8", "9", "10", "11", "12", "13", "14", 
    "15", "16", "17", "18", "19", "20", "21", "24", "26", "29"
    )), .Names = ""), class = "table"), No.Tag = structure(c(0L, 
    0L, 0L, 0L, 0L, 0L, 0L, 0L, 0L, 0L, 1L, 1L, 84L, 2L, 5L, 
    0L, 0L, 2L, 0L, 0L), .Dim = 5:4, .Dimnames = structure(list(
        c("-2", "-1", "0", "1", NA), c("C", "G", "T", NA)), .Names = c("", 
    "")), class = "table"), All.Tags = list(Concordant = list(
        Freqs = structure(c(0, 0, 4, 0, 0, 0, 1, 0, 0, 13, 370, 
        3), .Dim = 4:3, .Dimnames = list(c("-2", "-1", "0", "1"
        ), c("C", "G", "T"))), N = 391), Majority = list(Freqs = structure(c(0, 
    0, 4, 1, 0, 0, 1, 0, 0, 22, 528, 5), .Dim = 4:3, .Dimnames = list(
        c("-2", "-1", "0", "1"), c("C", "G", "T"))), N = 561)), 
    `2` = structure(c(0, 0, 2, 1, 0, 0, 1, 0, 0, 14, 412, 4), .Dim = 4:3, .Dimnames = list(
        c("-2", "-1", "0", "1"), c("C", "G", "T"))))))
