Results <-
list(`bwaOutput/20210421msiMNRsJenny/216379_S93.sam` = list(LR11_SNP1 = list(
    All = list(Freqs = structure(c(3L, 106L, 5450L, 36L, 2L, 
    32L, 4L, 176L, 8458L, 66L, 1L, 36L, 0L, 10L, 441L, 3L, 0L, 
    0L), .Dim = c(6L, 3L), .Dimnames = structure(list(c("-2", 
    "-1", "0", "1", "2", NA), c("A", "C", NA)), .Names = c("", 
    "")), class = "table"), N = 14824L), Tag.Distribution = structure(c(`1` = 306L, 
    `2` = 137L, `3` = 128L, `4` = 100L, `5` = 123L, `6` = 122L, 
    `7` = 115L, `8` = 92L, `9` = 93L, `10` = 98L, `11` = 74L, 
    `12` = 74L, `13` = 55L, `14` = 45L, `15` = 39L, `16` = 33L, 
    `17` = 28L, `18` = 27L, `19` = 25L, `20` = 14L, `21` = 18L, 
    `22` = 16L, `23` = 13L, `24` = 7L, `25` = 9L, `26` = 3L, 
    `27` = 6L, `28` = 5L, `29` = 3L, `30` = 3L, `31` = 3L, `32` = 1L, 
    `33` = 1L, `34` = 1L, `35` = 1L, `36` = 1L, `37` = 3L, `38` = 2L, 
    `44` = 1L, `45` = 1L, `50` = 1L), .Dim = 41L, .Dimnames = structure(list(
        c("1", "2", "3", "4", "5", "6", "7", "8", "9", "10", 
        "11", "12", "13", "14", "15", "16", "17", "18", "19", 
        "20", "21", "22", "23", "24", "25", "26", "27", "28", 
        "29", "30", "31", "32", "33", "34", "35", "36", "37", 
        "38", "44", "45", "50")), .Names = ""), class = "table"), 
    No.Tag = structure(c(0L, 3L, 126L, 0L, 0L, 1L, 0L, 3L, 170L, 
    0L, 0L, 1L, 0L, 0L, 6L, 0L, 0L, 0L), .Dim = c(6L, 3L), .Dimnames = structure(list(
        c("-2", "-1", "0", "1", "2", NA), c("A", "C", NA)), .Names = c("", 
    "")), class = "table"), All.Tags = list(Concordant = list(
        Freqs = structure(c(0, 3, 480, 0, 0, 0, 4, 804, 1, 0), .Dim = c(5L, 
        2L), .Dimnames = list(c("-2", "-1", "0", "1", "2"), c("A", 
        "C"))), N = 1292), Majority = list(Freqs = structure(c(0, 
    4, 682, 0, 0, 0, 5, 1076, 1, 0), .Dim = c(5L, 2L), .Dimnames = list(
        c("-2", "-1", "0", "1", "2"), c("A", "C"))), N = 1768)), 
    `2` = structure(c(0, 1, 573, 0, 0, 0, 2, 910, 1, 0), .Dim = c(5L, 
    2L), .Dimnames = list(c("-2", "-1", "0", "1", "2"), c("A", 
    "C"))))))
