Results <-
list(`bwaOutput/20210421msiMNRsJenny/216379_S93.sam` = list(GM09_SNP1 = list(
    All = list(Freqs = structure(c(44L, 8274L, 20L, 2L, 12L, 
    4242L, 4L, 0L, 0L, 109L, 0L, 0L), .Dim = 4:3, .Dimnames = structure(list(
        c("-1", "0", "1", NA), c("A", "G", NA)), .Names = c("", 
    "")), class = "table"), N = 12707L), Tag.Distribution = structure(c(`1` = 283L, 
    `2` = 159L, `3` = 167L, `4` = 120L, `5` = 106L, `6` = 107L, 
    `7` = 92L, `8` = 98L, `9` = 79L, `10` = 79L, `11` = 58L, 
    `12` = 63L, `13` = 45L, `14` = 43L, `15` = 37L, `16` = 22L, 
    `17` = 23L, `18` = 8L, `19` = 11L, `20` = 14L, `21` = 12L, 
    `22` = 9L, `23` = 9L, `24` = 15L, `25` = 8L, `26` = 7L, `27` = 2L, 
    `28` = 5L, `29` = 3L, `30` = 3L, `31` = 2L, `32` = 2L, `33` = 2L, 
    `34` = 1L, `35` = 1L, `36` = 1L, `37` = 1L, `41` = 1L), .Dim = 38L, .Dimnames = structure(list(
        c("1", "2", "3", "4", "5", "6", "7", "8", "9", "10", 
        "11", "12", "13", "14", "15", "16", "17", "18", "19", 
        "20", "21", "22", "23", "24", "25", "26", "27", "28", 
        "29", "30", "31", "32", "33", "34", "35", "36", "37", 
        "41")), .Names = ""), class = "table"), No.Tag = structure(c(5L, 
    228L, 0L, 0L, 1L, 124L, 0L, 0L, 0L, 9L, 0L, 0L), .Dim = 4:3, .Dimnames = structure(list(
        c("-1", "0", "1", NA), c("A", "G", NA)), .Names = c("", 
    "")), class = "table"), All.Tags = list(Concordant = list(
        Freqs = structure(c(3, 907, 2, 1, 424, 0), .Dim = 3:2, .Dimnames = list(
            c("-1", "0", "1"), c("A", "G"))), N = 1337), Majority = list(
        Freqs = structure(c(5, 1100, 2, 1, 546, 0), .Dim = 3:2, .Dimnames = list(
            c("-1", "0", "1"), c("A", "G"))), N = 1654)), `2` = structure(c(3, 
    930, 0, 0, 451, 0), .Dim = 3:2, .Dimnames = list(c("-1", 
    "0", "1"), c("A", "G"))))))
