Results <-
list(`bwaOutput/20210421msiMNRsJenny/216379_S93.sam` = list(DEPDC2_SNP1 = list(
    All = list(Freqs = structure(c(0L, 2L, 0L, 0L, 8L, 1230L, 
    4L, 4L, 0L, 1L, 0L, 0L, 31L, 6574L, 31L, 27L, 0L, 81L, 0L, 
    0L), .Dim = 4:5, .Dimnames = structure(list(c("-1", "0", 
    "1", NA), c("A", "C", "G", "T", NA)), .Names = c("", "")), class = "table"), 
        N = 7993L), Tag.Distribution = structure(c(`1` = 344L, 
    `2` = 158L, `3` = 146L, `4` = 130L, `5` = 100L, `6` = 81L, 
    `7` = 72L, `8` = 64L, `9` = 58L, `10` = 52L, `11` = 44L, 
    `12` = 41L, `13` = 30L, `14` = 20L, `15` = 15L, `16` = 16L, 
    `17` = 9L, `18` = 6L, `19` = 9L, `20` = 4L, `21` = 2L, `23` = 4L, 
    `24` = 3L, `25` = 4L, `26` = 1L, `28` = 1L, `32` = 1L), .Dim = 27L, .Dimnames = structure(list(
        c("1", "2", "3", "4", "5", "6", "7", "8", "9", "10", 
        "11", "12", "13", "14", "15", "16", "17", "18", "19", 
        "20", "21", "23", "24", "25", "26", "28", "32")), .Names = ""), class = "table"), 
    No.Tag = structure(c(0L, 0L, 0L, 0L, 0L, 38L, 0L, 1L, 0L, 
    0L, 0L, 0L, 2L, 243L, 1L, 4L, 0L, 11L, 0L, 0L), .Dim = 4:5, .Dimnames = structure(list(
        c("-1", "0", "1", NA), c("A", "C", "G", "T", NA)), .Names = c("", 
    "")), class = "table"), All.Tags = list(Concordant = list(
        Freqs = structure(c(0, 0, 0, 0, 206, 2, 0, 0, 0, 1, 1035, 
        2), .Dim = 3:4, .Dimnames = list(c("-1", "0", "1"), c("A", 
        "C", "G", "T"))), N = 1246), Majority = list(Freqs = structure(c(0, 
    0, 0, 0, 246, 2, 0, 0, 0, 1, 1142, 2), .Dim = 3:4, .Dimnames = list(
        c("-1", "0", "1"), c("A", "C", "G", "T"))), N = 1393)), 
    `2` = structure(c(0, 0, 0, 0, 186, 1, 0, 0, 0, 0, 873, 1), .Dim = 3:4, .Dimnames = list(
        c("-1", "0", "1"), c("A", "C", "G", "T"))))))
