Results <-
list(`bwaOutput/20210421msiMNRsJenny/216379_S93.sam` = list(LR17_SNP1 = list(
    All = list(Freqs = structure(c(1L, 10L, 427L, 10871L, 138L, 
    3L, 88L, 0L, 0L, 0L, 4L, 0L, 0L, 0L, 0L, 0L, 0L, 1L, 0L, 
    0L, 0L, 0L, 0L, 11L, 802L, 4L, 0L, 0L), .Dim = c(7L, 4L), .Dimnames = structure(list(
        c("-3", "-2", "-1", "0", "1", "2", NA), c("A", "G", "T", 
        NA)), .Names = c("", "")), class = "table"), N = 12360L), 
    Tag.Distribution = structure(c(`1` = 359L, `2` = 132L, `3` = 121L, 
    `4` = 105L, `5` = 105L, `6` = 92L, `7` = 98L, `8` = 84L, 
    `9` = 78L, `10` = 88L, `11` = 51L, `12` = 64L, `13` = 41L, 
    `14` = 42L, `15` = 30L, `16` = 43L, `17` = 19L, `18` = 17L, 
    `19` = 16L, `20` = 13L, `21` = 12L, `22` = 13L, `23` = 4L, 
    `24` = 5L, `25` = 5L, `26` = 2L, `27` = 6L, `28` = 2L, `29` = 1L, 
    `30` = 2L, `31` = 2L, `32` = 4L, `34` = 3L, `35` = 1L, `39` = 1L, 
    `40` = 1L, `56` = 1L), .Dim = 37L, .Dimnames = structure(list(
        c("1", "2", "3", "4", "5", "6", "7", "8", "9", "10", 
        "11", "12", "13", "14", "15", "16", "17", "18", "19", 
        "20", "21", "22", "23", "24", "25", "26", "27", "28", 
        "29", "30", "31", "32", "34", "35", "39", "40", "56")), .Names = ""), class = "table"), 
    No.Tag = structure(c(0L, 0L, 9L, 410L, 3L, 0L, 2L, 0L, 0L, 
    0L, 0L, 0L, 0L, 0L, 0L, 0L, 0L, 0L, 0L, 0L, 0L, 0L, 0L, 1L, 
    35L, 0L, 0L, 0L), .Dim = c(7L, 4L), .Dimnames = structure(list(
        c("-3", "-2", "-1", "0", "1", "2", NA), c("A", "G", "T", 
        NA)), .Names = c("", "")), class = "table"), All.Tags = list(
        Concordant = list(Freqs = structure(c(0, 1, 27, 1215, 
        2, 0, 0, 0, 0, 0, 0, 0, 0, 0, 0, 0, 0, 0), .Dim = c(6L, 
        3L), .Dimnames = list(c("-3", "-2", "-1", "0", "1", "2"
        ), c("A", "G", "T"))), N = 1245), Majority = list(Freqs = structure(c(0, 
        1, 31, 1582, 2, 0, 0, 0, 0, 0, 0, 0, 0, 0, 0, 0, 0, 0
        ), .Dim = c(6L, 3L), .Dimnames = list(c("-3", "-2", "-1", 
        "0", "1", "2"), c("A", "G", "T"))), N = 1616)), `2` = structure(c(0, 
    0, 8, 1288, 0, 0, 0, 0, 0, 0, 0, 0, 0, 0, 0, 0, 0, 0), .Dim = c(6L, 
    3L), .Dimnames = list(c("-3", "-2", "-1", "0", "1", "2"), 
        c("A", "G", "T"))))))
