Results <-
list(`bwaOutput/20210421msiMNRsJenny/216379_S93.sam` = list(LR49_SNP1 = list(
    All = list(Freqs = structure(c(0L, 0L, 10L, 0L, 0L, 1L, 12L, 
    6660L, 1L, 13L, 0L, 0L, 1L, 0L, 0L, 0L, 0L, 53L, 0L, 0L), .Dim = 5:4, .Dimnames = structure(list(
        c("-2", "-1", "0", "1", NA), c("A", "G", "T", NA)), .Names = c("", 
    "")), class = "table"), N = 6751L), Tag.Distribution = structure(c(`1` = 288L, 
    `2` = 163L, `3` = 143L, `4` = 121L, `5` = 99L, `6` = 75L, 
    `7` = 67L, `8` = 56L, `9` = 44L, `10` = 33L, `11` = 39L, 
    `12` = 28L, `13` = 20L, `14` = 19L, `15` = 7L, `16` = 12L, 
    `17` = 7L, `18` = 4L, `19` = 9L, `20` = 4L, `21` = 3L, `22` = 1L, 
    `23` = 1L, `26` = 4L, `28` = 2L, `30` = 1L, `34` = 1L, `39` = 1L
    ), .Dim = 28L, .Dimnames = structure(list(c("1", "2", "3", 
    "4", "5", "6", "7", "8", "9", "10", "11", "12", "13", "14", 
    "15", "16", "17", "18", "19", "20", "21", "22", "23", "26", 
    "28", "30", "34", "39")), .Names = ""), class = "table"), 
    No.Tag = structure(c(0L, 0L, 0L, 0L, 0L, 0L, 0L, 226L, 0L, 
    1L, 0L, 0L, 0L, 0L, 0L, 0L, 0L, 8L, 0L, 0L), .Dim = 5:4, .Dimnames = structure(list(
        c("-2", "-1", "0", "1", NA), c("A", "G", "T", NA)), .Names = c("", 
    "")), class = "table"), All.Tags = list(Concordant = list(
        Freqs = structure(c(0, 0, 3, 0, 0, 1, 1224, 0, 0, 0, 
        0, 0), .Dim = 4:3, .Dimnames = list(c("-2", "-1", "0", 
        "1"), c("A", "G", "T"))), N = 1228), Majority = list(
        Freqs = structure(c(0, 0, 3, 0, 0, 1, 1242, 0, 0, 0, 
        0, 0), .Dim = 4:3, .Dimnames = list(c("-2", "-1", "0", 
        "1"), c("A", "G", "T"))), N = 1246)), `2` = structure(c(0, 
    0, 0, 0, 0, 0, 962, 0, 0, 0, 0, 0), .Dim = 4:3, .Dimnames = list(
        c("-2", "-1", "0", "1"), c("A", "G", "T"))))))
