Results <-
list(`bwaOutput/20210421msiMNRsJenny/216379_S93.sam` = list(GM14_SNP1 = list(
    All = list(Freqs = structure(c(0L, 0L, 0L, 2L, 0L, 0L, 0L, 
    2L, 7L, 288L, 8497L, 86L, 1L, 31L, 0L, 0L, 0L, 1L, 0L, 0L, 
    0L, 0L, 0L, 1L, 10L, 1L, 0L, 0L, 0L, 0L, 0L, 110L, 0L, 0L, 
    0L), .Dim = c(7L, 5L), .Dimnames = structure(list(c("-3", 
    "-2", "-1", "0", "1", "2", NA), c("A", "C", "G", "T", NA)), .Names = c("", 
    "")), class = "table"), N = 9037L), Tag.Distribution = structure(c(`1` = 253L, 
    `2` = 135L, `3` = 111L, `4` = 101L, `5` = 102L, `6` = 98L, 
    `7` = 80L, `8` = 62L, `9` = 62L, `10` = 46L, `11` = 65L, 
    `12` = 46L, `13` = 32L, `14` = 32L, `15` = 26L, `16` = 19L, 
    `17` = 11L, `18` = 8L, `19` = 9L, `20` = 6L, `21` = 4L, `22` = 7L, 
    `23` = 7L, `24` = 7L, `25` = 2L, `26` = 2L, `27` = 2L, `28` = 1L, 
    `30` = 1L, `32` = 1L, `34` = 1L), .Dim = 31L, .Dimnames = structure(list(
        c("1", "2", "3", "4", "5", "6", "7", "8", "9", "10", 
        "11", "12", "13", "14", "15", "16", "17", "18", "19", 
        "20", "21", "22", "23", "24", "25", "26", "27", "28", 
        "30", "32", "34")), .Names = ""), class = "table"), No.Tag = structure(c(0L, 
    0L, 0L, 0L, 0L, 0L, 0L, 0L, 0L, 11L, 286L, 2L, 0L, 6L, 0L, 
    0L, 0L, 0L, 0L, 0L, 0L, 0L, 0L, 0L, 0L, 0L, 0L, 0L, 0L, 0L, 
    0L, 6L, 0L, 0L, 0L), .Dim = c(7L, 5L), .Dimnames = structure(list(
        c("-3", "-2", "-1", "0", "1", "2", NA), c("A", "C", "G", 
        "T", NA)), .Names = c("", "")), class = "table"), All.Tags = list(
        Concordant = list(Freqs = structure(c(0, 0, 0, 0, 0, 
        0, 0, 0, 6, 1031, 3, 0, 0, 0, 0, 0, 0, 0, 0, 0, 0, 3, 
        0, 0), .Dim = c(6L, 4L), .Dimnames = list(c("-3", "-2", 
        "-1", "0", "1", "2"), c("A", "C", "G", "T"))), N = 1043), 
        Majority = list(Freqs = structure(c(0, 0, 0, 0, 0, 0, 
        0, 0, 9, 1298, 4, 0, 0, 0, 0, 0, 0, 0, 0, 0, 0, 4, 0, 
        0), .Dim = c(6L, 4L), .Dimnames = list(c("-3", "-2", 
        "-1", "0", "1", "2"), c("A", "C", "G", "T"))), N = 1315)), 
    `2` = structure(c(0, 0, 0, 0, 0, 0, 0, 0, 4, 1069, 1, 0, 
    0, 0, 0, 0, 0, 0, 0, 0, 0, 1, 0, 0), .Dim = c(6L, 4L), .Dimnames = list(
        c("-3", "-2", "-1", "0", "1", "2"), c("A", "C", "G", 
        "T"))))))
