Results <-
list(`bwaOutput/20210421msiMNRsJenny/216379_S93.sam` = list(GM11_SNP1 = list(
    All = list(Freqs = structure(c(0L, 1L, 12L, 0L, 0L, 0L, 0L, 
    1L, 0L, 0L, 6L, 75L, 9379L, 48L, 7L, 0L, 0L, 1L, 0L, 0L, 
    0L, 3L, 86L, 0L, 0L), .Dim = c(5L, 5L), .Dimnames = structure(list(
        c("-2", "-1", "0", "1", NA), c("A", "C", "G", "T", NA
        )), .Names = c("", "")), class = "table"), N = 9619L), 
    Tag.Distribution = structure(c(`1` = 202L, `2` = 122L, `3` = 122L, 
    `4` = 85L, `5` = 87L, `6` = 78L, `7` = 72L, `8` = 60L, `9` = 66L, 
    `10` = 45L, `11` = 43L, `12` = 34L, `13` = 35L, `14` = 43L, 
    `15` = 28L, `16` = 21L, `17` = 14L, `18` = 12L, `19` = 16L, 
    `20` = 7L, `21` = 9L, `22` = 11L, `23` = 7L, `24` = 1L, `25` = 3L, 
    `26` = 5L, `27` = 1L, `28` = 6L, `29` = 5L, `30` = 4L, `31` = 1L, 
    `32` = 1L, `35` = 1L, `37` = 1L, `40` = 1L, `41` = 1L, `47` = 1L, 
    `48` = 1L, `51` = 1L, `66` = 1L), .Dim = 40L, .Dimnames = structure(list(
        c("1", "2", "3", "4", "5", "6", "7", "8", "9", "10", 
        "11", "12", "13", "14", "15", "16", "17", "18", "19", 
        "20", "21", "22", "23", "24", "25", "26", "27", "28", 
        "29", "30", "31", "32", "35", "37", "40", "41", "47", 
        "48", "51", "66")), .Names = ""), class = "table"), No.Tag = structure(c(0L, 
    0L, 0L, 0L, 0L, 0L, 0L, 0L, 0L, 0L, 0L, 6L, 222L, 2L, 0L, 
    0L, 0L, 0L, 0L, 0L, 0L, 0L, 5L, 0L, 0L), .Dim = c(5L, 5L), .Dimnames = structure(list(
        c("-2", "-1", "0", "1", NA), c("A", "C", "G", "T", NA
        )), .Names = c("", "")), class = "table"), All.Tags = list(
        Concordant = list(Freqs = structure(c(0, 0, 7, 0, 0, 
        0, 0, 0, 0, 3, 1126, 3, 0, 0, 0, 0), .Dim = c(4L, 4L), .Dimnames = list(
            c("-2", "-1", "0", "1"), c("A", "C", "G", "T"))), 
            N = 1139), Majority = list(Freqs = structure(c(0, 
        0, 7, 0, 0, 0, 0, 0, 0, 3, 1232, 3, 0, 0, 0, 0), .Dim = c(4L, 
        4L), .Dimnames = list(c("-2", "-1", "0", "1"), c("A", 
        "C", "G", "T"))), N = 1245)), `2` = structure(c(0, 0, 
    0, 0, 0, 0, 0, 0, 0, 1, 1048, 0, 0, 0, 0, 0), .Dim = c(4L, 
    4L), .Dimnames = list(c("-2", "-1", "0", "1"), c("A", "C", 
    "G", "T"))))))
