Results <-
list(`bwaOutput/20210421msiMNRsJenny/223129_S80.sam` = list(GM29_SNP1 = list(
    All = list(Freqs = structure(c(3L, 137L, 6946L, 42L, 15L, 
    0L, 2L, 24L, 0L, 0L, 0L, 0L, 1L, 0L, 0L, 1L, 3L, 71L, 0L, 
    0L), .Dim = 5:4, .Dimnames = structure(list(c("-2", "-1", 
    "0", "1", NA), c("A", "G", "T", NA)), .Names = c("", "")), class = "table"), 
        N = 7245L), Tag.Distribution = structure(c(`1` = 140L, 
    `2` = 26L, `3` = 33L, `4` = 25L, `5` = 32L, `6` = 27L, `7` = 23L, 
    `8` = 20L, `9` = 22L, `10` = 22L, `11` = 15L, `12` = 25L, 
    `13` = 21L, `14` = 11L, `15` = 17L, `16` = 7L, `17` = 9L, 
    `18` = 8L, `19` = 9L, `20` = 13L, `21` = 5L, `22` = 6L, `23` = 11L, 
    `24` = 7L, `25` = 3L, `26` = 3L, `27` = 5L, `28` = 1L, `29` = 5L, 
    `30` = 8L, `31` = 8L, `32` = 6L, `33` = 3L, `34` = 1L, `35` = 4L, 
    `36` = 7L, `38` = 4L, `39` = 3L, `41` = 3L, `42` = 2L, `43` = 3L, 
    `44` = 1L, `47` = 1L, `49` = 2L, `53` = 1L, `62` = 1L, `63` = 1L, 
    `68` = 1L, `79` = 1L, `80` = 1L, `104` = 1L), .Dim = 51L, .Dimnames = structure(list(
        c("1", "2", "3", "4", "5", "6", "7", "8", "9", "10", 
        "11", "12", "13", "14", "15", "16", "17", "18", "19", 
        "20", "21", "22", "23", "24", "25", "26", "27", "28", 
        "29", "30", "31", "32", "33", "34", "35", "36", "38", 
        "39", "41", "42", "43", "44", "47", "49", "53", "62", 
        "63", "68", "79", "80", "104")), .Names = ""), class = "table"), 
    No.Tag = structure(c(0L, 4L, 171L, 1L, 0L, 0L, 0L, 0L, 0L, 
    0L, 0L, 0L, 0L, 0L, 0L, 0L, 0L, 3L, 0L, 0L), .Dim = 5:4, .Dimnames = structure(list(
        c("-2", "-1", "0", "1", NA), c("A", "G", "T", NA)), .Names = c("", 
    "")), class = "table"), All.Tags = list(Concordant = list(
        Freqs = structure(c(0, 2, 507, 0, 0, 0, 0, 0, 0, 0, 0, 
        0), .Dim = 4:3, .Dimnames = list(c("-2", "-1", "0", "1"
        ), c("A", "G", "T"))), N = 509), Majority = list(Freqs = structure(c(0, 
    3, 598, 1, 0, 0, 1, 0, 0, 0, 0, 0), .Dim = 4:3, .Dimnames = list(
        c("-2", "-1", "0", "1"), c("A", "G", "T"))), N = 603)), 
    `2` = structure(c(0, 2, 469, 1, 0, 0, 1, 0, 0, 0, 0, 0), .Dim = 4:3, .Dimnames = list(
        c("-2", "-1", "0", "1"), c("A", "G", "T"))))))
