Results <-
list(`bwaOutput/20210421msiMNRsJenny/223129_S80.sam` = list(LR17_SNP1 = list(
    All = list(Freqs = structure(c(7L, 14L, 530L, 13509L, 180L, 
    2L, 110L, 0L, 0L, 1L, 6L, 0L, 0L, 0L, 2L, 0L, 18L, 992L, 
    7L, 0L, 0L), .Dim = c(7L, 3L), .Dimnames = structure(list(
        c("-3", "-2", "-1", "0", "1", "2", NA), c("A", "G", NA
        )), .Names = c("", "")), class = "table"), N = 15378L), 
    Tag.Distribution = structure(c(`1` = 315L, `2` = 47L, `3` = 43L, 
    `4` = 41L, `5` = 27L, `6` = 32L, `7` = 29L, `8` = 29L, `9` = 35L, 
    `10` = 36L, `11` = 30L, `12` = 35L, `13` = 24L, `14` = 32L, 
    `15` = 24L, `16` = 23L, `17` = 27L, `18` = 24L, `19` = 29L, 
    `20` = 26L, `21` = 28L, `22` = 26L, `23` = 24L, `24` = 21L, 
    `25` = 24L, `26` = 12L, `27` = 24L, `28` = 10L, `29` = 16L, 
    `30` = 11L, `31` = 6L, `32` = 11L, `33` = 11L, `34` = 6L, 
    `35` = 6L, `36` = 6L, `37` = 5L, `38` = 3L, `39` = 5L, `40` = 4L, 
    `41` = 2L, `42` = 3L, `43` = 4L, `44` = 2L, `45` = 2L, `48` = 3L, 
    `50` = 2L, `51` = 3L, `52` = 1L, `53` = 1L, `54` = 1L, `56` = 1L, 
    `61` = 1L, `65` = 1L, `69` = 1L, `70` = 1L), .Dim = 56L, .Dimnames = structure(list(
        c("1", "2", "3", "4", "5", "6", "7", "8", "9", "10", 
        "11", "12", "13", "14", "15", "16", "17", "18", "19", 
        "20", "21", "22", "23", "24", "25", "26", "27", "28", 
        "29", "30", "31", "32", "33", "34", "35", "36", "37", 
        "38", "39", "40", "41", "42", "43", "44", "45", "48", 
        "50", "51", "52", "53", "54", "56", "61", "65", "69", 
        "70")), .Names = ""), class = "table"), No.Tag = structure(c(0L, 
    1L, 10L, 500L, 9L, 0L, 4L, 0L, 0L, 0L, 0L, 0L, 0L, 0L, 0L, 
    0L, 1L, 44L, 0L, 0L, 0L), .Dim = c(7L, 3L), .Dimnames = structure(list(
        c("-3", "-2", "-1", "0", "1", "2", NA), c("A", "G", NA
        )), .Names = c("", "")), class = "table"), All.Tags = list(
        Concordant = list(Freqs = structure(c(0, 0, 10, 750, 
        0, 0, 0, 0, 0, 0, 0, 0), .Dim = c(6L, 2L), .Dimnames = list(
            c("-3", "-2", "-1", "0", "1", "2"), c("A", "G"))), 
            N = 760), Majority = list(Freqs = structure(c(0, 
        0, 13, 1127, 0, 0, 0, 0, 0, 1, 0, 0), .Dim = c(6L, 2L
        ), .Dimnames = list(c("-3", "-2", "-1", "0", "1", "2"
        ), c("A", "G"))), N = 1141)), `2` = structure(c(0, 0, 
    6, 871, 0, 0, 0, 0, 0, 1, 0, 0), .Dim = c(6L, 2L), .Dimnames = list(
        c("-3", "-2", "-1", "0", "1", "2"), c("A", "G"))))))
