Results <-
list(`bwaOutput/20210421msiMNRsJenny/223129_S80.sam` = list(GM01_SNP1 = list(
    All = list(Freqs = structure(c(3L, 68L, 6237L, 24L, 1L, 15L, 
    0L, 0L, 1L, 0L, 0L, 0L, 1L, 66L, 5117L, 26L, 0L, 18L, 0L, 
    4L, 129L, 0L, 0L, 0L), .Dim = c(6L, 4L), .Dimnames = structure(list(
        c("-2", "-1", "0", "1", "2", NA), c("A", "C", "G", NA
        )), .Names = c("", "")), class = "table"), N = 11710L), 
    Tag.Distribution = structure(c(`1` = 197L, `2` = 55L, `3` = 33L, 
    `4` = 37L, `5` = 33L, `6` = 40L, `7` = 31L, `8` = 31L, `9` = 28L, 
    `10` = 31L, `11` = 31L, `12` = 29L, `13` = 23L, `14` = 22L, 
    `15` = 22L, `16` = 23L, `17` = 24L, `18` = 17L, `19` = 23L, 
    `20` = 27L, `21` = 17L, `22` = 23L, `23` = 15L, `24` = 16L, 
    `25` = 12L, `26` = 13L, `27` = 10L, `28` = 6L, `29` = 6L, 
    `30` = 6L, `31` = 6L, `32` = 11L, `33` = 4L, `34` = 6L, `35` = 3L, 
    `36` = 5L, `37` = 2L, `38` = 3L, `39` = 2L, `40` = 5L, `41` = 1L, 
    `43` = 2L, `45` = 2L, `46` = 2L, `49` = 1L, `52` = 1L, `53` = 1L, 
    `54` = 1L, `56` = 1L, `57` = 1L, `58` = 2L, `59` = 1L, `60` = 2L, 
    `97` = 2L), .Dim = 54L, .Dimnames = structure(list(c("1", 
    "2", "3", "4", "5", "6", "7", "8", "9", "10", "11", "12", 
    "13", "14", "15", "16", "17", "18", "19", "20", "21", "22", 
    "23", "24", "25", "26", "27", "28", "29", "30", "31", "32", 
    "33", "34", "35", "36", "37", "38", "39", "40", "41", "43", 
    "45", "46", "49", "52", "53", "54", "56", "57", "58", "59", 
    "60", "97")), .Names = ""), class = "table"), No.Tag = structure(c(0L, 
    1L, 140L, 0L, 0L, 1L, 0L, 0L, 0L, 0L, 0L, 0L, 0L, 2L, 118L, 
    0L, 0L, 2L, 0L, 0L, 9L, 0L, 0L, 0L), .Dim = c(6L, 4L), .Dimnames = structure(list(
        c("-2", "-1", "0", "1", "2", NA), c("A", "C", "G", NA
        )), .Names = c("", "")), class = "table"), All.Tags = list(
        Concordant = list(Freqs = structure(c(0, 0, 402, 0, 0, 
        0, 0, 0, 0, 0, 0, 2, 323, 0, 0), .Dim = c(5L, 3L), .Dimnames = list(
            c("-2", "-1", "0", "1", "2"), c("A", "C", "G"))), 
            N = 727), Majority = list(Freqs = structure(c(0, 
        0, 512, 0, 0, 0, 0, 0, 0, 0, 0, 2, 414, 0, 0), .Dim = c(5L, 
        3L), .Dimnames = list(c("-2", "-1", "0", "1", "2"), c("A", 
        "C", "G"))), N = 928)), `2` = structure(c(0, 0, 413, 
    0, 0, 0, 0, 0, 0, 0, 0, 0, 332, 0, 0), .Dim = c(5L, 3L), .Dimnames = list(
        c("-2", "-1", "0", "1", "2"), c("A", "C", "G"))))))
