Results <-
list(`bwaOutput/20210421msiMNRsJenny/223129_S80.sam` = list(LR40_SNP1 = list(
    All = list(Freqs = structure(c(0L, 0L, 2L, 0L, 0L, 0L, 49L, 
    4839L, 11L, 12L, 1L, 0L, 40L, 0L, 0L), .Dim = c(5L, 3L), .Dimnames = structure(list(
        c("-2", "-1", "0", "1", NA), c("A", "C", NA)), .Names = c("", 
    "")), class = "table"), N = 4954L), Tag.Distribution = structure(c(`1` = 104L, 
    `2` = 31L, `3` = 27L, `4` = 22L, `5` = 23L, `6` = 14L, `7` = 21L, 
    `8` = 23L, `9` = 21L, `10` = 16L, `11` = 14L, `12` = 12L, 
    `13` = 13L, `14` = 8L, `15` = 3L, `16` = 8L, `17` = 6L, `18` = 8L, 
    `19` = 3L, `20` = 4L, `21` = 6L, `22` = 6L, `23` = 9L, `24` = 6L, 
    `25` = 3L, `26` = 3L, `27` = 3L, `28` = 2L, `29` = 3L, `30` = 2L, 
    `31` = 3L, `32` = 2L, `33` = 5L, `34` = 3L, `35` = 4L, `36` = 3L, 
    `37` = 4L, `38` = 2L, `39` = 1L, `40` = 4L, `41` = 1L, `42` = 1L, 
    `44` = 1L, `45` = 1L, `48` = 1L, `50` = 1L, `58` = 1L), .Dim = 47L, .Dimnames = structure(list(
        c("1", "2", "3", "4", "5", "6", "7", "8", "9", "10", 
        "11", "12", "13", "14", "15", "16", "17", "18", "19", 
        "20", "21", "22", "23", "24", "25", "26", "27", "28", 
        "29", "30", "31", "32", "33", "34", "35", "36", "37", 
        "38", "39", "40", "41", "42", "44", "45", "48", "50", 
        "58")), .Names = ""), class = "table"), No.Tag = structure(c(0L, 
    0L, 1L, 0L, 0L, 0L, 1L, 127L, 0L, 1L, 0L, 0L, 6L, 0L, 0L), .Dim = c(5L, 
    3L), .Dimnames = structure(list(c("-2", "-1", "0", "1", NA
    ), c("A", "C", NA)), .Names = c("", "")), class = "table"), 
    All.Tags = list(Concordant = list(Freqs = structure(c(0, 
    0, 1, 0, 0, 2, 411, 0), .Dim = c(4L, 2L), .Dimnames = list(
        c("-2", "-1", "0", "1"), c("A", "C"))), N = 414), Majority = list(
        Freqs = structure(c(0, 0, 1, 0, 0, 3, 451, 0), .Dim = c(4L, 
        2L), .Dimnames = list(c("-2", "-1", "0", "1"), c("A", 
        "C"))), N = 455)), `2` = structure(c(0, 0, 0, 0, 0, 1, 
    357, 0), .Dim = c(4L, 2L), .Dimnames = list(c("-2", "-1", 
    "0", "1"), c("A", "C"))))))
