Results <-
list(`bwaOutput/20210421msiMNRsJenny/223129_S80.sam` = list(LR10_SNP1 = list(
    All = list(Freqs = structure(c(0L, 0L, 1L, 0L, 0L, 1L, 86L, 
    2438L, 29L, 8L, 0L, 0L, 1L, 0L, 0L, 2L, 90L, 4683L, 22L, 
    2L, 0L, 2L, 119L, 2L, 0L), .Dim = c(5L, 5L), .Dimnames = structure(list(
        c("-2", "-1", "0", "1", NA), c("A", "C", "G", "T", NA
        )), .Names = c("", "")), class = "table"), N = 7486L), 
    Tag.Distribution = structure(c(`1` = 174L, `2` = 31L, `3` = 37L, 
    `4` = 28L, `5` = 29L, `6` = 22L, `7` = 31L, `8` = 30L, `9` = 28L, 
    `10` = 21L, `11` = 22L, `12` = 14L, `13` = 15L, `14` = 21L, 
    `15` = 14L, `16` = 16L, `17` = 11L, `18` = 9L, `19` = 5L, 
    `20` = 11L, `21` = 12L, `22` = 14L, `23` = 11L, `24` = 9L, 
    `25` = 5L, `26` = 9L, `27` = 5L, `28` = 2L, `29` = 3L, `30` = 8L, 
    `31` = 5L, `32` = 6L, `33` = 6L, `34` = 4L, `35` = 1L, `36` = 3L, 
    `37` = 1L, `39` = 1L, `41` = 1L, `42` = 2L, `43` = 1L, `44` = 2L, 
    `46` = 1L, `48` = 1L, `49` = 1L, `56` = 1L, `57` = 1L, `58` = 1L, 
    `70` = 1L, `84` = 1L), .Dim = 50L, .Dimnames = structure(list(
        c("1", "2", "3", "4", "5", "6", "7", "8", "9", "10", 
        "11", "12", "13", "14", "15", "16", "17", "18", "19", 
        "20", "21", "22", "23", "24", "25", "26", "27", "28", 
        "29", "30", "31", "32", "33", "34", "35", "36", "37", 
        "39", "41", "42", "43", "44", "46", "48", "49", "56", 
        "57", "58", "70", "84")), .Names = ""), class = "table"), 
    No.Tag = structure(c(0L, 0L, 0L, 0L, 0L, 0L, 3L, 90L, 0L, 
    3L, 0L, 0L, 0L, 0L, 0L, 0L, 3L, 159L, 0L, 1L, 0L, 1L, 11L, 
    1L, 0L), .Dim = c(5L, 5L), .Dimnames = structure(list(c("-2", 
    "-1", "0", "1", NA), c("A", "C", "G", "T", NA)), .Names = c("", 
    "")), class = "table"), All.Tags = list(Concordant = list(
        Freqs = structure(c(0, 0, 0, 0, 0, 4, 182, 0, 0, 0, 0, 
        0, 0, 0, 350, 0), .Dim = c(4L, 4L), .Dimnames = list(
            c("-2", "-1", "0", "1"), c("A", "C", "G", "T"))), 
        N = 536), Majority = list(Freqs = structure(c(0, 0, 0, 
    0, 0, 4, 235, 0, 0, 0, 0, 0, 0, 1, 435, 0), .Dim = c(4L, 
    4L), .Dimnames = list(c("-2", "-1", "0", "1"), c("A", "C", 
    "G", "T"))), N = 675)), `2` = structure(c(0, 0, 0, 0, 0, 
    3, 175, 0, 0, 0, 0, 0, 0, 1, 332, 0), .Dim = c(4L, 4L), .Dimnames = list(
        c("-2", "-1", "0", "1"), c("A", "C", "G", "T"))))))
