Results <-
list(`bwaOutput/20210421msiMNRsJenny/223129_S80.sam` = list(GM17_SNP1 = list(
    All = list(Freqs = structure(c(0L, 0L, 0L, 3L, 0L, 0L, 0L, 
    1L, 3L, 98L, 7185L, 55L, 1L, 10L, 0L, 0L, 0L, 17L, 0L, 0L, 
    0L, 0L, 0L, 4L, 252L, 2L, 0L, 0L), .Dim = c(7L, 4L), .Dimnames = structure(list(
        c("-3", "-2", "-1", "0", "1", "2", NA), c("A", "C", "T", 
        NA)), .Names = c("", "")), class = "table"), N = 7631L), 
    Tag.Distribution = structure(c(`1` = 172L, `2` = 43L, `3` = 39L, 
    `4` = 22L, `5` = 35L, `6` = 30L, `7` = 28L, `8` = 25L, `9` = 25L, 
    `10` = 16L, `11` = 23L, `12` = 18L, `13` = 17L, `14` = 14L, 
    `15` = 13L, `16` = 13L, `17` = 12L, `18` = 16L, `19` = 12L, 
    `20` = 9L, `21` = 13L, `22` = 9L, `23` = 12L, `24` = 4L, 
    `25` = 8L, `26` = 9L, `27` = 12L, `28` = 1L, `29` = 6L, `30` = 10L, 
    `31` = 3L, `32` = 4L, `33` = 4L, `34` = 6L, `35` = 4L, `36` = 3L, 
    `37` = 2L, `38` = 1L, `39` = 2L, `40` = 2L, `41` = 1L, `43` = 2L, 
    `44` = 1L, `47` = 2L, `58` = 1L, `59` = 1L, `63` = 1L), .Dim = 47L, .Dimnames = structure(list(
        c("1", "2", "3", "4", "5", "6", "7", "8", "9", "10", 
        "11", "12", "13", "14", "15", "16", "17", "18", "19", 
        "20", "21", "22", "23", "24", "25", "26", "27", "28", 
        "29", "30", "31", "32", "33", "34", "35", "36", "37", 
        "38", "39", "40", "41", "43", "44", "47", "58", "59", 
        "63")), .Names = ""), class = "table"), No.Tag = structure(c(0L, 
    0L, 0L, 0L, 0L, 0L, 0L, 0L, 0L, 3L, 195L, 1L, 0L, 1L, 0L, 
    0L, 0L, 1L, 0L, 0L, 0L, 0L, 0L, 0L, 19L, 0L, 0L, 0L), .Dim = c(7L, 
    4L), .Dimnames = structure(list(c("-3", "-2", "-1", "0", 
    "1", "2", NA), c("A", "C", "T", NA)), .Names = c("", "")), class = "table"), 
    All.Tags = list(Concordant = list(Freqs = structure(c(0, 
    0, 0, 0, 0, 0, 0, 0, 4, 578, 0, 0, 0, 0, 0, 12, 0, 0), .Dim = c(6L, 
    3L), .Dimnames = list(c("-3", "-2", "-1", "0", "1", "2"), 
        c("A", "C", "T"))), N = 594), Majority = list(Freqs = structure(c(0, 
    0, 0, 0, 0, 0, 0, 0, 4, 670, 2, 0, 0, 0, 0, 12, 0, 0), .Dim = c(6L, 
    3L), .Dimnames = list(c("-3", "-2", "-1", "0", "1", "2"), 
        c("A", "C", "T"))), N = 688)), `2` = structure(c(0, 0, 
    0, 0, 0, 0, 0, 0, 2, 528, 2, 0, 0, 0, 0, 0, 0, 0), .Dim = c(6L, 
    3L), .Dimnames = list(c("-3", "-2", "-1", "0", "1", "2"), 
        c("A", "C", "T"))))))
