Results <-
list(`bwaOutput/20210421msiMNRsJenny/223129_S80.sam` = list(LR52_SNP1 = list(
    All = list(Freqs = structure(c(0L, 0L, 0L, 3L, 0L, 0L, 0L, 
    2L, 17L, 20L, 0L, 0L, 2L, 32L, 643L, 6026L, 63L, 57L, 0L, 
    0L, 13L, 413L, 6L, 0L), .Dim = c(6L, 4L), .Dimnames = structure(list(
        c("-3", "-2", "-1", "0", "1", NA), c("A", "C", "T", NA
        )), .Names = c("", "")), class = "table"), N = 7297L), 
    Tag.Distribution = structure(c(`1` = 114L, `2` = 35L, `3` = 32L, 
    `4` = 19L, `5` = 19L, `6` = 17L, `7` = 15L, `8` = 19L, `9` = 18L, 
    `10` = 20L, `11` = 15L, `12` = 15L, `13` = 6L, `14` = 10L, 
    `15` = 12L, `16` = 21L, `17` = 14L, `18` = 17L, `19` = 14L, 
    `20` = 13L, `21` = 10L, `22` = 12L, `23` = 13L, `24` = 12L, 
    `25` = 10L, `26` = 5L, `27` = 7L, `28` = 7L, `29` = 7L, `30` = 6L, 
    `31` = 4L, `32` = 3L, `33` = 5L, `34` = 5L, `35` = 1L, `36` = 1L, 
    `38` = 3L, `39` = 1L, `40` = 1L, `41` = 1L, `42` = 3L, `44` = 1L, 
    `45` = 1L, `47` = 1L, `49` = 3L, `51` = 1L, `53` = 1L, `54` = 1L, 
    `73` = 1L, `77` = 1L), .Dim = 50L, .Dimnames = structure(list(
        c("1", "2", "3", "4", "5", "6", "7", "8", "9", "10", 
        "11", "12", "13", "14", "15", "16", "17", "18", "19", 
        "20", "21", "22", "23", "24", "25", "26", "27", "28", 
        "29", "30", "31", "32", "33", "34", "35", "36", "38", 
        "39", "40", "41", "42", "44", "45", "47", "49", "51", 
        "53", "54", "73", "77")), .Names = ""), class = "table"), 
    No.Tag = structure(c(0L, 0L, 0L, 0L, 0L, 0L, 0L, 0L, 0L, 
    0L, 0L, 0L, 0L, 0L, 24L, 144L, 2L, 0L, 0L, 0L, 0L, 20L, 0L, 
    0L), .Dim = c(6L, 4L), .Dimnames = structure(list(c("-3", 
    "-2", "-1", "0", "1", NA), c("A", "C", "T", NA)), .Names = c("", 
    "")), class = "table"), All.Tags = list(Concordant = list(
        Freqs = structure(c(0, 0, 0, 0, 0, 0, 0, 0, 1, 0, 0, 
        2, 14, 253, 2), .Dim = c(5L, 3L), .Dimnames = list(c("-3", 
        "-2", "-1", "0", "1"), c("A", "C", "T"))), N = 272), 
        Majority = list(Freqs = structure(c(0, 0, 0, 0, 0, 0, 
        0, 1, 2, 0, 0, 2, 22, 517, 3), .Dim = c(5L, 3L), .Dimnames = list(
            c("-3", "-2", "-1", "0", "1"), c("A", "C", "T"))), 
            N = 547)), `2` = structure(c(0, 0, 0, 0, 0, 0, 0, 
    1, 1, 0, 0, 0, 13, 434, 1), .Dim = c(5L, 3L), .Dimnames = list(
        c("-3", "-2", "-1", "0", "1"), c("A", "C", "T"))))))
