Results <-
list(`bwaOutput/20210421msiMNRsJenny/223129_S80.sam` = list(GM07_SNP1 = list(
    All = list(Freqs = structure(c(0L, 0L, 2L, 0L, 0L, 0L, 6L, 
    262L, 5507L, 145L, 2L, 98L, 0L, 34L, 7L, 0L, 0L, 3L, 1L, 
    2L, 79L, 1L, 0L, 0L), .Dim = c(6L, 4L), .Dimnames = structure(list(
        c("-2", "-1", "0", "1", "2", NA), c("-", "A", "G", NA
        )), .Names = c("", "")), class = "table"), N = 6149L), 
    Tag.Distribution = structure(c(`1` = 118L, `2` = 36L, `3` = 24L, 
    `4` = 25L, `5` = 21L, `6` = 28L, `7` = 28L, `8` = 16L, `9` = 15L, 
    `10` = 18L, `11` = 20L, `12` = 16L, `13` = 18L, `14` = 12L, 
    `15` = 19L, `16` = 9L, `17` = 8L, `18` = 15L, `19` = 9L, 
    `20` = 12L, `21` = 8L, `22` = 4L, `23` = 10L, `24` = 8L, 
    `25` = 8L, `26` = 5L, `27` = 3L, `28` = 5L, `29` = 5L, `30` = 4L, 
    `31` = 4L, `32` = 7L, `33` = 3L, `34` = 2L, `35` = 3L, `36` = 1L, 
    `38` = 1L, `39` = 1L, `41` = 4L, `45` = 1L, `47` = 1L, `50` = 1L, 
    `53` = 1L, `69` = 1L), .Dim = 44L, .Dimnames = structure(list(
        c("1", "2", "3", "4", "5", "6", "7", "8", "9", "10", 
        "11", "12", "13", "14", "15", "16", "17", "18", "19", 
        "20", "21", "22", "23", "24", "25", "26", "27", "28", 
        "29", "30", "31", "32", "33", "34", "35", "36", "38", 
        "39", "41", "45", "47", "50", "53", "69")), .Names = ""), class = "table"), 
    No.Tag = structure(c(0L, 0L, 0L, 0L, 0L, 0L, 0L, 2L, 134L, 
    2L, 0L, 14L, 0L, 0L, 0L, 0L, 0L, 0L, 0L, 2L, 6L, 0L, 0L, 
    0L), .Dim = c(6L, 4L), .Dimnames = structure(list(c("-2", 
    "-1", "0", "1", "2", NA), c("-", "A", "G", NA)), .Names = c("", 
    "")), class = "table"), All.Tags = list(Concordant = list(
        Freqs = structure(c(0, 0, 0, 0, 0, 0, 4, 311, 0, 0, 0, 
        0, 5, 0, 0), .Dim = c(5L, 3L), .Dimnames = list(c("-2", 
        "-1", "0", "1", "2"), c("-", "A", "G"))), N = 320), Majority = list(
        Freqs = structure(c(0, 0, 0, 0, 0, 0, 6, 519, 2, 0, 0, 
        1, 5, 0, 0), .Dim = c(5L, 3L), .Dimnames = list(c("-2", 
        "-1", "0", "1", "2"), c("-", "A", "G"))), N = 533)), 
    `2` = structure(c(0, 0, 0, 0, 0, 0, 3, 427, 2, 0, 0, 1, 0, 
    0, 0), .Dim = c(5L, 3L), .Dimnames = list(c("-2", "-1", "0", 
    "1", "2"), c("-", "A", "G"))))))
