Results <-
list(`bwaOutput/20210421msiMNRsJenny/223129_S80.sam` = list(DEPDC2_SNP1 = list(
    All = list(Freqs = structure(c(0L, 4L, 0L, 0L, 41L, 5168L, 
    21L, 24L, 0L, 53L, 0L, 0L), .Dim = 4:3, .Dimnames = structure(list(
        c("-1", "0", "1", NA), c("C", "T", NA)), .Names = c("", 
    "")), class = "table"), N = 5311L), Tag.Distribution = structure(c(`1` = 174L, 
    `2` = 57L, `3` = 37L, `4` = 31L, `5` = 35L, `6` = 28L, `7` = 20L, 
    `8` = 29L, `9` = 19L, `10` = 18L, `11` = 17L, `12` = 18L, 
    `13` = 18L, `14` = 13L, `15` = 13L, `16` = 10L, `17` = 11L, 
    `18` = 15L, `19` = 13L, `20` = 11L, `21` = 4L, `22` = 6L, 
    `23` = 5L, `24` = 5L, `25` = 3L, `26` = 3L, `27` = 3L, `28` = 5L, 
    `29` = 5L, `30` = 1L, `31` = 3L, `32` = 2L, `33` = 3L, `35` = 1L, 
    `36` = 2L, `39` = 1L), .Dim = 36L, .Dimnames = structure(list(
        c("1", "2", "3", "4", "5", "6", "7", "8", "9", "10", 
        "11", "12", "13", "14", "15", "16", "17", "18", "19", 
        "20", "21", "22", "23", "24", "25", "26", "27", "28", 
        "29", "30", "31", "32", "33", "35", "36", "39")), .Names = ""), class = "table"), 
    No.Tag = structure(c(0L, 1L, 0L, 0L, 1L, 210L, 0L, 5L, 0L, 
    5L, 0L, 0L), .Dim = 4:3, .Dimnames = structure(list(c("-1", 
    "0", "1", NA), c("C", "T", NA)), .Names = c("", "")), class = "table"), 
    All.Tags = list(Concordant = list(Freqs = structure(c(0, 
    2, 0, 0, 583, 1), .Dim = 3:2, .Dimnames = list(c("-1", "0", 
    "1"), c("C", "T"))), N = 586), Majority = list(Freqs = structure(c(0, 
    2, 0, 1, 628, 1), .Dim = 3:2, .Dimnames = list(c("-1", "0", 
    "1"), c("C", "T"))), N = 632)), `2` = structure(c(0, 0, 0, 
    1, 464, 0), .Dim = 3:2, .Dimnames = list(c("-1", "0", "1"
    ), c("C", "T"))))))
