Results <-
list(`bwaOutput/20210421msiMNRsJenny/223129_S80.sam` = list(LR48_SNP1 = list(
    All = list(Freqs = structure(c(0L, 0L, 1L, 0L, 0L, 3L, 131L, 
    3778L, 66L, 26L, 2L, 84L, 3234L, 38L, 14L, 0L, 3L, 188L, 
    0L, 0L), .Dim = 5:4, .Dimnames = structure(list(c("-2", "-1", 
    "0", "1", NA), c("A", "C", "T", NA)), .Names = c("", "")), class = "table"), 
        N = 7568L), Tag.Distribution = structure(c(`1` = 143L, 
    `2` = 31L, `3` = 24L, `4` = 21L, `5` = 18L, `6` = 14L, `7` = 16L, 
    `8` = 13L, `9` = 16L, `10` = 18L, `11` = 11L, `12` = 11L, 
    `13` = 10L, `14` = 12L, `15` = 15L, `16` = 9L, `17` = 4L, 
    `18` = 9L, `19` = 13L, `20` = 9L, `21` = 8L, `22` = 13L, 
    `23` = 16L, `24` = 3L, `25` = 11L, `26` = 8L, `27` = 9L, 
    `28` = 8L, `29` = 7L, `30` = 9L, `31` = 6L, `32` = 5L, `33` = 7L, 
    `34` = 2L, `35` = 4L, `36` = 3L, `37` = 5L, `38` = 2L, `39` = 4L, 
    `40` = 2L, `41` = 4L, `42` = 1L, `43` = 1L, `44` = 1L, `46` = 1L, 
    `49` = 1L, `50` = 2L, `51` = 1L, `52` = 1L, `53` = 1L, `55` = 1L, 
    `60` = 1L, `64` = 1L, `71` = 1L, `80` = 1L), .Dim = 55L, .Dimnames = structure(list(
        c("1", "2", "3", "4", "5", "6", "7", "8", "9", "10", 
        "11", "12", "13", "14", "15", "16", "17", "18", "19", 
        "20", "21", "22", "23", "24", "25", "26", "27", "28", 
        "29", "30", "31", "32", "33", "34", "35", "36", "37", 
        "38", "39", "40", "41", "42", "43", "44", "46", "49", 
        "50", "51", "52", "53", "55", "60", "64", "71", "80")), .Names = ""), class = "table"), 
    No.Tag = structure(c(0L, 0L, 0L, 0L, 0L, 0L, 2L, 108L, 1L, 
    2L, 0L, 2L, 105L, 0L, 3L, 0L, 0L, 12L, 0L, 0L), .Dim = 5:4, .Dimnames = structure(list(
        c("-2", "-1", "0", "1", NA), c("A", "C", "T", NA)), .Names = c("", 
    "")), class = "table"), All.Tags = list(Concordant = list(
        Freqs = structure(c(0, 0, 0, 0, 0, 1, 176, 1, 0, 5, 172, 
        0), .Dim = 4:3, .Dimnames = list(c("-2", "-1", "0", "1"
        ), c("A", "C", "T"))), N = 355), Majority = list(Freqs = structure(c(0, 
    0, 0, 0, 0, 2, 280, 2, 0, 5, 254, 0), .Dim = 4:3, .Dimnames = list(
        c("-2", "-1", "0", "1"), c("A", "C", "T"))), N = 543)), 
    `2` = structure(c(0, 0, 0, 0, 0, 2, 222, 1, 0, 0, 197, 0), .Dim = 4:3, .Dimnames = list(
        c("-2", "-1", "0", "1"), c("A", "C", "T"))))))
