Results <-
list(`bwaOutput/20210421msiMNRsJenny/223129_S80.sam` = list(LR46_SNP1 = list(
    All = list(Freqs = structure(c(47L, 5704L, 13L, 19L, 3L, 
    58L, 0L, 0L, 0L, 48L, 0L, 0L), .Dim = 4:3, .Dimnames = structure(list(
        c("-1", "0", "1", NA), c("G", "T", NA)), .Names = c("", 
    "")), class = "table"), N = 5892L), Tag.Distribution = structure(c(`1` = 144L, 
    `2` = 28L, `3` = 23L, `4` = 19L, `5` = 13L, `6` = 13L, `7` = 23L, 
    `8` = 27L, `9` = 14L, `10` = 19L, `11` = 15L, `12` = 14L, 
    `13` = 13L, `14` = 9L, `15` = 9L, `16` = 12L, `17` = 9L, 
    `18` = 8L, `19` = 8L, `20` = 6L, `21` = 8L, `22` = 17L, `23` = 5L, 
    `24` = 2L, `25` = 4L, `26` = 4L, `27` = 4L, `28` = 4L, `29` = 5L, 
    `30` = 5L, `31` = 4L, `32` = 3L, `33` = 3L, `34` = 2L, `35` = 3L, 
    `37` = 3L, `38` = 4L, `39` = 1L, `40` = 3L, `41` = 2L, `42` = 2L, 
    `43` = 1L, `45` = 2L, `46` = 1L, `48` = 1L, `51` = 1L, `56` = 1L, 
    `58` = 1L, `70` = 1L), .Dim = 49L, .Dimnames = structure(list(
        c("1", "2", "3", "4", "5", "6", "7", "8", "9", "10", 
        "11", "12", "13", "14", "15", "16", "17", "18", "19", 
        "20", "21", "22", "23", "24", "25", "26", "27", "28", 
        "29", "30", "31", "32", "33", "34", "35", "37", "38", 
        "39", "40", "41", "42", "43", "45", "46", "48", "51", 
        "56", "58", "70")), .Names = ""), class = "table"), No.Tag = structure(c(0L, 
    213L, 0L, 2L, 0L, 0L, 0L, 0L, 0L, 6L, 0L, 0L), .Dim = 4:3, .Dimnames = structure(list(
        c("-1", "0", "1", NA), c("G", "T", NA)), .Names = c("", 
    "")), class = "table"), All.Tags = list(Concordant = list(
        Freqs = structure(c(2, 482, 0, 2, 5, 0), .Dim = 3:2, .Dimnames = list(
            c("-1", "0", "1"), c("G", "T"))), N = 491), Majority = list(
        Freqs = structure(c(3, 507, 0, 2, 6, 0), .Dim = 3:2, .Dimnames = list(
            c("-1", "0", "1"), c("G", "T"))), N = 518)), `2` = structure(c(2, 
    374, 0, 0, 2, 0), .Dim = 3:2, .Dimnames = list(c("-1", "0", 
    "1"), c("G", "T"))))))
