Results <-
list(`bwaOutput/20210421msiMNRsJenny/223129_S80.sam` = list(LR11_SNP1 = list(
    All = list(Freqs = structure(c(0L, 0L, 1L, 0L, 0L, 0L, 6L, 
    288L, 11428L, 90L, 1L, 46L, 0L, 2L, 8L, 0L, 0L, 1L, 0L, 0L, 
    3L, 0L, 0L, 0L, 0L, 3L, 150L, 0L, 0L, 0L), .Dim = 6:5, .Dimnames = structure(list(
        c("-2", "-1", "0", "1", "2", NA), c("-", "A", "C", "G", 
        NA)), .Names = c("", "")), class = "table"), N = 12027L), 
    Tag.Distribution = structure(c(`1` = 233L, `2` = 37L, `3` = 39L, 
    `4` = 26L, `5` = 35L, `6` = 26L, `7` = 29L, `8` = 30L, `9` = 29L, 
    `10` = 25L, `11` = 29L, `12` = 24L, `13` = 19L, `14` = 19L, 
    `15` = 34L, `16` = 28L, `17` = 15L, `18` = 26L, `19` = 27L, 
    `20` = 18L, `21` = 19L, `22` = 20L, `23` = 21L, `24` = 17L, 
    `25` = 15L, `26` = 10L, `27` = 11L, `28` = 12L, `29` = 8L, 
    `30` = 14L, `31` = 6L, `32` = 7L, `33` = 2L, `34` = 10L, 
    `35` = 1L, `36` = 3L, `37` = 5L, `38` = 3L, `39` = 4L, `40` = 2L, 
    `41` = 4L, `42` = 3L, `43` = 3L, `44` = 1L, `45` = 2L, `46` = 2L, 
    `47` = 1L, `48` = 2L, `50` = 1L, `52` = 1L, `54` = 1L, `55` = 1L, 
    `59` = 1L, `60` = 1L, `69` = 1L), .Dim = 55L, .Dimnames = structure(list(
        c("1", "2", "3", "4", "5", "6", "7", "8", "9", "10", 
        "11", "12", "13", "14", "15", "16", "17", "18", "19", 
        "20", "21", "22", "23", "24", "25", "26", "27", "28", 
        "29", "30", "31", "32", "33", "34", "35", "36", "37", 
        "38", "39", "40", "41", "42", "43", "44", "45", "46", 
        "47", "48", "50", "52", "54", "55", "59", "60", "69")), .Names = ""), class = "table"), 
    No.Tag = structure(c(0L, 0L, 0L, 0L, 0L, 0L, 0L, 5L, 191L, 
    3L, 0L, 3L, 0L, 0L, 1L, 0L, 0L, 1L, 0L, 0L, 1L, 0L, 0L, 0L, 
    0L, 0L, 4L, 0L, 0L, 0L), .Dim = 6:5, .Dimnames = structure(list(
        c("-2", "-1", "0", "1", "2", NA), c("-", "A", "C", "G", 
        NA)), .Names = c("", "")), class = "table"), All.Tags = list(
        Concordant = list(Freqs = structure(c(0, 0, 0, 0, 0, 
        0, 12, 695, 0, 0, 0, 2, 7, 0, 0, 0, 0, 0, 0, 0), .Dim = 5:4, .Dimnames = list(
            c("-2", "-1", "0", "1", "2"), c("-", "A", "C", "G"
            ))), N = 716), Majority = list(Freqs = structure(c(0, 
        0, 0, 0, 0, 0, 16, 912, 0, 0, 0, 2, 7, 0, 0, 0, 0, 0, 
        0, 0), .Dim = 5:4, .Dimnames = list(c("-2", "-1", "0", 
        "1", "2"), c("-", "A", "C", "G"))), N = 937)), `2` = structure(c(0, 
    0, 0, 0, 0, 0, 5, 723, 0, 0, 0, 0, 0, 0, 0, 0, 0, 0, 0, 0
    ), .Dim = 5:4, .Dimnames = list(c("-2", "-1", "0", "1", "2"
    ), c("-", "A", "C", "G"))))))
