Results <-
list(`bwaOutput/20210421msiMNRsJenny/223129_S80.sam` = list(GM09_SNP1 = list(
    All = list(Freqs = structure(c(48L, 6704L, 7L, 1L, 16L, 2900L, 
    3L, 2L, 0L, 63L, 1L, 0L), .Dim = 4:3, .Dimnames = structure(list(
        c("-1", "0", "1", NA), c("A", "G", NA)), .Names = c("", 
    "")), class = "table"), N = 9745L), Tag.Distribution = structure(c(`1` = 185L, 
    `2` = 55L, `3` = 34L, `4` = 37L, `5` = 36L, `6` = 53L, `7` = 42L, 
    `8` = 21L, `9` = 25L, `10` = 32L, `11` = 28L, `12` = 16L, 
    `13` = 20L, `14` = 26L, `15` = 22L, `16` = 12L, `17` = 16L, 
    `18` = 25L, `19` = 13L, `20` = 18L, `21` = 11L, `22` = 12L, 
    `23` = 14L, `24` = 12L, `25` = 16L, `26` = 15L, `27` = 7L, 
    `28` = 4L, `29` = 6L, `30` = 9L, `31` = 11L, `32` = 5L, `33` = 6L, 
    `34` = 3L, `35` = 4L, `36` = 2L, `38` = 3L, `39` = 1L, `40` = 1L, 
    `41` = 1L, `46` = 1L, `47` = 2L, `48` = 1L, `52` = 1L, `55` = 1L, 
    `61` = 1L, `62` = 1L, `83` = 1L), .Dim = 48L, .Dimnames = structure(list(
        c("1", "2", "3", "4", "5", "6", "7", "8", "9", "10", 
        "11", "12", "13", "14", "15", "16", "17", "18", "19", 
        "20", "21", "22", "23", "24", "25", "26", "27", "28", 
        "29", "30", "31", "32", "33", "34", "35", "36", "38", 
        "39", "40", "41", "46", "47", "48", "52", "55", "61", 
        "62", "83")), .Names = ""), class = "table"), No.Tag = structure(c(0L, 
    165L, 0L, 0L, 2L, 157L, 0L, 0L, 0L, 8L, 0L, 0L), .Dim = 4:3, .Dimnames = structure(list(
        c("-1", "0", "1", NA), c("A", "G", NA)), .Names = c("", 
    "")), class = "table"), All.Tags = list(Concordant = list(
        Freqs = structure(c(3, 537, 0, 1, 210, 0), .Dim = 3:2, .Dimnames = list(
            c("-1", "0", "1"), c("A", "G"))), N = 751), Majority = list(
        Freqs = structure(c(3, 595, 0, 1, 252, 0), .Dim = 3:2, .Dimnames = list(
            c("-1", "0", "1"), c("A", "G"))), N = 851)), `2` = structure(c(1, 
    478, 0, 0, 196, 0), .Dim = 3:2, .Dimnames = list(c("-1", 
    "0", "1"), c("A", "G"))))))
