Results <-
list(`bwaOutput/20210421msiMNRsJenny/223129_S80.sam` = list(GM11_SNP1 = list(
    All = list(Freqs = structure(c(5L, 2263L, 5L, 1L, 41L, 3935L, 
    27L, 3L, 0L, 1L, 0L, 0L, 0L, 47L, 0L, 0L), .Dim = c(4L, 4L
    ), .Dimnames = structure(list(c("-1", "0", "1", NA), c("A", 
    "G", "T", NA)), .Names = c("", "")), class = "table"), N = 6328L), 
    Tag.Distribution = structure(c(`1` = 94L, `2` = 31L, `3` = 12L, 
    `4` = 20L, `5` = 27L, `6` = 16L, `7` = 21L, `8` = 13L, `9` = 16L, 
    `10` = 15L, `11` = 11L, `12` = 6L, `13` = 14L, `14` = 18L, 
    `15` = 9L, `16` = 10L, `17` = 11L, `18` = 9L, `19` = 7L, 
    `20` = 5L, `21` = 9L, `22` = 7L, `23` = 9L, `24` = 12L, `25` = 4L, 
    `26` = 9L, `27` = 11L, `28` = 8L, `29` = 7L, `30` = 6L, `31` = 5L, 
    `32` = 4L, `33` = 5L, `34` = 5L, `35` = 4L, `36` = 1L, `37` = 2L, 
    `39` = 2L, `40` = 1L, `41` = 1L, `42` = 3L, `44` = 2L, `45` = 1L, 
    `47` = 1L, `51` = 1L, `54` = 1L, `55` = 1L, `59` = 1L), .Dim = 48L, .Dimnames = structure(list(
        c("1", "2", "3", "4", "5", "6", "7", "8", "9", "10", 
        "11", "12", "13", "14", "15", "16", "17", "18", "19", 
        "20", "21", "22", "23", "24", "25", "26", "27", "28", 
        "29", "30", "31", "32", "33", "34", "35", "36", "37", 
        "39", "40", "41", "42", "44", "45", "47", "51", "54", 
        "55", "59")), .Names = ""), class = "table"), No.Tag = structure(c(0L, 
    51L, 0L, 0L, 1L, 90L, 0L, 0L, 0L, 0L, 0L, 0L, 0L, 6L, 0L, 
    0L), .Dim = c(4L, 4L), .Dimnames = structure(list(c("-1", 
    "0", "1", NA), c("A", "G", "T", NA)), .Names = c("", "")), class = "table"), 
    All.Tags = list(Concordant = list(Freqs = structure(c(0, 
    162, 0, 0, 240, 1, 0, 0, 0), .Dim = c(3L, 3L), .Dimnames = list(
        c("-1", "0", "1"), c("A", "G", "T"))), N = 403), Majority = list(
        Freqs = structure(c(0, 182, 0, 0, 299, 1, 0, 0, 0), .Dim = c(3L, 
        3L), .Dimnames = list(c("-1", "0", "1"), c("A", "G", 
        "T"))), N = 482)), `2` = structure(c(0, 145, 0, 0, 246, 
    1, 0, 0, 0), .Dim = c(3L, 3L), .Dimnames = list(c("-1", "0", 
    "1"), c("A", "G", "T"))))))
