Results <-
list(`bwaOutput/20210421msiMNRsJenny/223129_S80.sam` = list(LR24_SNP1 = list(
    All = list(Freqs = structure(c(2L, 30L, 6495L, 18L, 7L, 0L, 
    0L, 1L, 0L, 0L, 0L, 2L, 9L, 0L, 0L, 0L, 0L, 49L, 0L, 0L), .Dim = 5:4, .Dimnames = structure(list(
        c("-2", "-1", "0", "1", NA), c("A", "C", "G", NA)), .Names = c("", 
    "")), class = "table"), N = 6613L), Tag.Distribution = structure(c(`1` = 205L, 
    `2` = 63L, `3` = 67L, `4` = 50L, `5` = 45L, `6` = 38L, `7` = 38L, 
    `8` = 38L, `9` = 28L, `10` = 29L, `11` = 18L, `12` = 21L, 
    `13` = 16L, `14` = 17L, `15` = 12L, `16` = 16L, `17` = 12L, 
    `18` = 6L, `19` = 4L, `20` = 8L, `21` = 6L, `22` = 10L, `23` = 6L, 
    `24` = 11L, `25` = 2L, `26` = 4L, `27` = 6L, `28` = 7L, `29` = 4L, 
    `30` = 2L, `31` = 2L, `32` = 5L, `33` = 1L, `34` = 2L, `35` = 3L, 
    `36` = 1L, `37` = 1L, `38` = 1L, `40` = 1L, `42` = 1L, `44` = 1L, 
    `45` = 1L), .Dim = 42L, .Dimnames = structure(list(c("1", 
    "2", "3", "4", "5", "6", "7", "8", "9", "10", "11", "12", 
    "13", "14", "15", "16", "17", "18", "19", "20", "21", "22", 
    "23", "24", "25", "26", "27", "28", "29", "30", "31", "32", 
    "33", "34", "35", "36", "37", "38", "40", "42", "44", "45"
    )), .Names = ""), class = "table"), No.Tag = structure(c(1L, 
    2L, 273L, 0L, 2L, 0L, 0L, 0L, 0L, 0L, 0L, 1L, 4L, 0L, 0L, 
    0L, 0L, 7L, 0L, 0L), .Dim = 5:4, .Dimnames = structure(list(
        c("-2", "-1", "0", "1", NA), c("A", "C", "G", NA)), .Names = c("", 
    "")), class = "table"), All.Tags = list(Concordant = list(
        Freqs = structure(c(0, 2, 757, 1, 0, 0, 0, 0, 0, 0, 3, 
        0), .Dim = 4:3, .Dimnames = list(c("-2", "-1", "0", "1"
        ), c("A", "C", "G"))), N = 763), Majority = list(Freqs = structure(c(0, 
    2, 797, 1, 0, 0, 0, 0, 0, 0, 3, 0), .Dim = 4:3, .Dimnames = list(
        c("-2", "-1", "0", "1"), c("A", "C", "G"))), N = 803)), 
    `2` = structure(c(0, 0, 601, 1, 0, 0, 0, 0, 0, 0, 0, 0), .Dim = 4:3, .Dimnames = list(
        c("-2", "-1", "0", "1"), c("A", "C", "G"))))))
