Results <-
list(`bwaOutput/20210421msiMNRsJenny/223129_S80.sam` = list(IM16_SNP1 = list(
    All = list(Freqs = structure(c(20L, 3266L, 39L, 0L, 4L, 13L, 
    2721L, 52L, 2L, 4L, 0L, 1L, 0L, 0L, 0L, 2L, 91L, 2L, 0L, 
    0L), .Dim = 5:4, .Dimnames = structure(list(c("-1", "0", 
    "1", "2", NA), c("A", "G", "T", NA)), .Names = c("", "")), class = "table"), 
        N = 6217L), Tag.Distribution = structure(c(`1` = 118L, 
    `2` = 30L, `3` = 33L, `4` = 22L, `5` = 20L, `6` = 21L, `7` = 20L, 
    `8` = 14L, `9` = 13L, `10` = 18L, `11` = 12L, `12` = 14L, 
    `13` = 12L, `14` = 11L, `15` = 9L, `16` = 10L, `17` = 10L, 
    `18` = 9L, `19` = 4L, `20` = 9L, `21` = 14L, `22` = 10L, 
    `23` = 9L, `24` = 8L, `25` = 7L, `26` = 8L, `27` = 6L, `28` = 6L, 
    `29` = 6L, `30` = 6L, `31` = 5L, `32` = 3L, `33` = 5L, `34` = 3L, 
    `35` = 3L, `36` = 1L, `37` = 2L, `38` = 2L, `39` = 3L, `41` = 1L, 
    `42` = 1L, `43` = 3L, `45` = 1L, `46` = 2L, `48` = 1L, `55` = 1L, 
    `70` = 1L), .Dim = 47L, .Dimnames = structure(list(c("1", 
    "2", "3", "4", "5", "6", "7", "8", "9", "10", "11", "12", 
    "13", "14", "15", "16", "17", "18", "19", "20", "21", "22", 
    "23", "24", "25", "26", "27", "28", "29", "30", "31", "32", 
    "33", "34", "35", "36", "37", "38", "39", "41", "42", "43", 
    "45", "46", "48", "55", "70")), .Names = ""), class = "table"), 
    No.Tag = structure(c(1L, 68L, 3L, 0L, 0L, 1L, 72L, 1L, 0L, 
    0L, 0L, 0L, 0L, 0L, 0L, 0L, 10L, 0L, 0L, 0L), .Dim = 5:4, .Dimnames = structure(list(
        c("-1", "0", "1", "2", NA), c("A", "G", "T", NA)), .Names = c("", 
    "")), class = "table"), All.Tags = list(Concordant = list(
        Freqs = structure(c(0, 234, 0, 0, 0, 183, 0, 0, 0, 0, 
        0, 0), .Dim = 4:3, .Dimnames = list(c("-1", "0", "1", 
        "2"), c("A", "G", "T"))), N = 417), Majority = list(Freqs = structure(c(0, 
    286, 0, 0, 0, 235, 0, 0, 0, 0, 0, 0), .Dim = 4:3, .Dimnames = list(
        c("-1", "0", "1", "2"), c("A", "G", "T"))), N = 521)), 
    `2` = structure(c(0, 225, 0, 0, 0, 183, 0, 0, 0, 0, 0, 0), .Dim = 4:3, .Dimnames = list(
        c("-1", "0", "1", "2"), c("A", "G", "T"))))))
