Results <-
list(`bwaOutput/20210421msiMNRsJenny/223129_S80.sam` = list(LR36_SNP1 = list(
    All = list(Freqs = structure(c(0L, 0L, 0L, 21L, 0L, 1L, 0L, 
    0L, 0L, 1L, 0L, 0L, 0L, 0L, 0L, 4L, 0L, 0L, 2L, 8L, 142L, 
    6179L, 57L, 65L, 0L, 0L, 10L, 549L, 3L, 0L), .Dim = 6:5, .Dimnames = structure(list(
        c("-3", "-2", "-1", "0", "1", NA), c("A", "C", "G", "T", 
        NA)), .Names = c("", "")), class = "table"), N = 7042L), 
    Tag.Distribution = structure(c(`1` = 142L, `2` = 45L, `3` = 36L, 
    `4` = 25L, `5` = 26L, `6` = 40L, `7` = 19L, `8` = 26L, `9` = 21L, 
    `10` = 28L, `11` = 18L, `12` = 9L, `13` = 19L, `14` = 19L, 
    `15` = 16L, `16` = 11L, `17` = 13L, `18` = 14L, `19` = 16L, 
    `20` = 11L, `21` = 7L, `22` = 9L, `23` = 12L, `24` = 8L, 
    `25` = 8L, `26` = 7L, `27` = 4L, `28` = 8L, `29` = 4L, `30` = 5L, 
    `31` = 3L, `32` = 3L, `33` = 3L, `34` = 2L, `35` = 2L, `36` = 3L, 
    `37` = 1L, `38` = 2L, `39` = 1L, `41` = 1L, `43` = 1L, `44` = 1L, 
    `48` = 1L, `50` = 1L, `53` = 1L, `54` = 1L, `66` = 1L), .Dim = 47L, .Dimnames = structure(list(
        c("1", "2", "3", "4", "5", "6", "7", "8", "9", "10", 
        "11", "12", "13", "14", "15", "16", "17", "18", "19", 
        "20", "21", "22", "23", "24", "25", "26", "27", "28", 
        "29", "30", "31", "32", "33", "34", "35", "36", "37", 
        "38", "39", "41", "43", "44", "48", "50", "53", "54", 
        "66")), .Names = ""), class = "table"), No.Tag = structure(c(0L, 
    0L, 0L, 3L, 0L, 0L, 0L, 0L, 0L, 0L, 0L, 0L, 0L, 0L, 0L, 0L, 
    0L, 0L, 0L, 0L, 6L, 251L, 3L, 8L, 0L, 0L, 0L, 41L, 0L, 0L
    ), .Dim = 6:5, .Dimnames = structure(list(c("-3", "-2", "-1", 
    "0", "1", NA), c("A", "C", "G", "T", NA)), .Names = c("", 
    "")), class = "table"), All.Tags = list(Concordant = list(
        Freqs = structure(c(0, 0, 0, 5, 0, 0, 0, 0, 0, 0, 0, 
        0, 0, 1, 0, 0, 0, 4, 480, 1), .Dim = 5:4, .Dimnames = list(
            c("-3", "-2", "-1", "0", "1"), c("A", "C", "G", "T"
            ))), N = 491), Majority = list(Freqs = structure(c(0, 
    0, 0, 5, 0, 0, 0, 0, 0, 0, 0, 0, 0, 1, 0, 0, 0, 4, 621, 1
    ), .Dim = 5:4, .Dimnames = list(c("-3", "-2", "-1", "0", 
    "1"), c("A", "C", "G", "T"))), N = 632)), `2` = structure(c(0, 
    0, 0, 0, 0, 0, 0, 0, 0, 0, 0, 0, 0, 0, 0, 0, 0, 1, 506, 0
    ), .Dim = 5:4, .Dimnames = list(c("-3", "-2", "-1", "0", 
    "1"), c("A", "C", "G", "T"))))))
