Results <-
list(`bwaOutput/20210421msiMNRsJenny/223129_S80.sam` = list(GM22_SNP1 = list(
    All = list(Freqs = structure(c(1L, 64L, 4748L, 21L, 5L, 4L, 
    66L, 4419L, 24L, 11L, 0L, 5L, 187L, 3L, 0L), .Dim = c(5L, 
    3L), .Dimnames = structure(list(c("-2", "-1", "0", "1", NA
    ), c("A", "G", NA)), .Names = c("", "")), class = "table"), 
        N = 9558L), Tag.Distribution = structure(c(`1` = 191L, 
    `2` = 40L, `3` = 34L, `4` = 37L, `5` = 31L, `6` = 27L, `7` = 30L, 
    `8` = 27L, `9` = 23L, `10` = 29L, `11` = 32L, `12` = 14L, 
    `13` = 18L, `14` = 21L, `15` = 14L, `16` = 18L, `17` = 16L, 
    `18` = 16L, `19` = 17L, `20` = 14L, `21` = 10L, `22` = 14L, 
    `23` = 15L, `24` = 10L, `25` = 11L, `26` = 9L, `27` = 4L, 
    `28` = 10L, `29` = 15L, `30` = 8L, `31` = 4L, `32` = 10L, 
    `33` = 5L, `34` = 1L, `35` = 4L, `36` = 1L, `37` = 4L, `38` = 6L, 
    `39` = 5L, `40` = 1L, `41` = 1L, `42` = 1L, `43` = 1L, `44` = 2L, 
    `47` = 1L, `53` = 1L, `56` = 1L, `60` = 2L, `62` = 1L, `63` = 1L, 
    `75` = 1L), .Dim = 51L, .Dimnames = structure(list(c("1", 
    "2", "3", "4", "5", "6", "7", "8", "9", "10", "11", "12", 
    "13", "14", "15", "16", "17", "18", "19", "20", "21", "22", 
    "23", "24", "25", "26", "27", "28", "29", "30", "31", "32", 
    "33", "34", "35", "36", "37", "38", "39", "40", "41", "42", 
    "43", "44", "47", "53", "56", "60", "62", "63", "75")), .Names = ""), class = "table"), 
    No.Tag = structure(c(0L, 1L, 163L, 1L, 0L, 0L, 0L, 113L, 
    0L, 2L, 0L, 0L, 13L, 0L, 0L), .Dim = c(5L, 3L), .Dimnames = structure(list(
        c("-2", "-1", "0", "1", NA), c("A", "G", NA)), .Names = c("", 
    "")), class = "table"), All.Tags = list(Concordant = list(
        Freqs = structure(c(0, 0, 310, 0, 1, 3, 311, 0), .Dim = c(4L, 
        2L), .Dimnames = list(c("-2", "-1", "0", "1"), c("A", 
        "G"))), N = 625), Majority = list(Freqs = structure(c(0, 
    0, 387, 0, 1, 3, 392, 0), .Dim = c(4L, 2L), .Dimnames = list(
        c("-2", "-1", "0", "1"), c("A", "G"))), N = 783)), `2` = structure(c(0, 
    0, 290, 0, 0, 1, 321, 0), .Dim = c(4L, 2L), .Dimnames = list(
        c("-2", "-1", "0", "1"), c("A", "G"))))))
