Results <-
list(`bwaOutput/20210421msiMNRsJenny/223129_S80.sam` = list(IM49_SNP1 = list(
    All = list(Freqs = structure(c(0L, 0L, 2L, 0L, 0L, 0L, 0L, 
    0L, 10L, 0L, 0L, 0L, 2L, 116L, 3619L, 84L, 2L, 19L, 0L, 1L, 
    186L, 5L, 0L, 0L), .Dim = c(6L, 4L), .Dimnames = structure(list(
        c("-2", "-1", "0", "1", "2", NA), c("A", "C", "G", NA
        )), .Names = c("", "")), class = "table"), N = 4046L), 
    Tag.Distribution = structure(c(`1` = 136L, `2` = 25L, `3` = 29L, 
    `4` = 29L, `5` = 23L, `6` = 27L, `7` = 18L, `8` = 21L, `9` = 19L, 
    `10` = 10L, `11` = 10L, `12` = 15L, `13` = 12L, `14` = 10L, 
    `15` = 15L, `16` = 9L, `17` = 8L, `18` = 7L, `19` = 8L, `20` = 4L, 
    `21` = 4L, `22` = 6L, `23` = 7L, `24` = 7L, `25` = 3L, `26` = 3L, 
    `27` = 3L, `28` = 1L, `29` = 2L, `30` = 2L, `31` = 1L, `33` = 1L, 
    `35` = 1L, `36` = 2L, `37` = 2L, `39` = 1L), .Dim = 36L, .Dimnames = structure(list(
        c("1", "2", "3", "4", "5", "6", "7", "8", "9", "10", 
        "11", "12", "13", "14", "15", "16", "17", "18", "19", 
        "20", "21", "22", "23", "24", "25", "26", "27", "28", 
        "29", "30", "31", "33", "35", "36", "37", "39")), .Names = ""), class = "table"), 
    No.Tag = structure(c(0L, 0L, 0L, 0L, 0L, 0L, 0L, 0L, 0L, 
    0L, 0L, 0L, 0L, 6L, 133L, 0L, 0L, 2L, 0L, 0L, 16L, 0L, 0L, 
    0L), .Dim = c(6L, 4L), .Dimnames = structure(list(c("-2", 
    "-1", "0", "1", "2", NA), c("A", "C", "G", NA)), .Names = c("", 
    "")), class = "table"), All.Tags = list(Concordant = list(
        Freqs = structure(c(0, 0, 1, 0, 0, 0, 0, 7, 0, 0, 0, 
        3, 311, 3, 0), .Dim = c(5L, 3L), .Dimnames = list(c("-2", 
        "-1", "0", "1", "2"), c("A", "C", "G"))), N = 325), Majority = list(
        Freqs = structure(c(0, 0, 1, 0, 0, 0, 0, 7, 0, 0, 0, 
        4, 432, 4, 0), .Dim = c(5L, 3L), .Dimnames = list(c("-2", 
        "-1", "0", "1", "2"), c("A", "C", "G"))), N = 448)), 
    `2` = structure(c(0, 0, 0, 0, 0, 0, 0, 0, 0, 0, 0, 1, 338, 
    1, 0), .Dim = c(5L, 3L), .Dimnames = list(c("-2", "-1", "0", 
    "1", "2"), c("A", "C", "G"))))))
