Results <-
list(`bwaOutput/20210421msiMNRsJenny/223129_S80.sam` = list(LR49_SNP1 = list(
    All = list(Freqs = structure(c(0L, 5L, 3632L, 1L, 2L, 1L, 
    10L, 2905L, 2L, 1L, 0L, 0L, 97L, 0L, 0L), .Dim = c(5L, 3L
    ), .Dimnames = structure(list(c("-2", "-1", "0", "1", NA), 
        c("A", "G", NA)), .Names = c("", "")), class = "table"), 
        N = 6656L), Tag.Distribution = structure(c(`1` = 190L, 
    `2` = 50L, `3` = 45L, `4` = 39L, `5` = 42L, `6` = 26L, `7` = 33L, 
    `8` = 32L, `9` = 25L, `10` = 29L, `11` = 22L, `12` = 19L, 
    `13` = 13L, `14` = 13L, `15` = 13L, `16` = 16L, `17` = 14L, 
    `18` = 12L, `19` = 7L, `20` = 10L, `21` = 9L, `22` = 8L, 
    `23` = 7L, `24` = 3L, `25` = 6L, `26` = 3L, `27` = 1L, `28` = 6L, 
    `29` = 4L, `30` = 3L, `31` = 3L, `32` = 3L, `34` = 1L, `35` = 4L, 
    `36` = 1L, `37` = 4L, `38` = 1L, `39` = 2L, `40` = 2L, `41` = 2L, 
    `42` = 3L, `43` = 1L, `44` = 1L, `47` = 1L, `49` = 1L, `55` = 1L
    ), .Dim = 46L, .Dimnames = structure(list(c("1", "2", "3", 
    "4", "5", "6", "7", "8", "9", "10", "11", "12", "13", "14", 
    "15", "16", "17", "18", "19", "20", "21", "22", "23", "24", 
    "25", "26", "27", "28", "29", "30", "31", "32", "34", "35", 
    "36", "37", "38", "39", "40", "41", "42", "43", "44", "47", 
    "49", "55")), .Names = ""), class = "table"), No.Tag = structure(c(0L, 
    0L, 111L, 0L, 0L, 0L, 1L, 105L, 0L, 1L, 0L, 0L, 14L, 0L, 
    0L), .Dim = c(5L, 3L), .Dimnames = structure(list(c("-2", 
    "-1", "0", "1", NA), c("A", "G", NA)), .Names = c("", "")), class = "table"), 
    All.Tags = list(Concordant = list(Freqs = structure(c(0, 
    0, 355, 0, 0, 1, 288, 0), .Dim = c(4L, 2L), .Dimnames = list(
        c("-2", "-1", "0", "1"), c("A", "G"))), N = 644), Majority = list(
        Freqs = structure(c(0, 0, 391, 0, 0, 1, 324, 0), .Dim = c(4L, 
        2L), .Dimnames = list(c("-2", "-1", "0", "1"), c("A", 
        "G"))), N = 716)), `2` = structure(c(0, 0, 295, 0, 0, 
    0, 240, 0), .Dim = c(4L, 2L), .Dimnames = list(c("-2", "-1", 
    "0", "1"), c("A", "G"))))))
