Results <-
list(`bwaOutput/20210421msiMNRsJenny/223129_S80.sam` = list(LR44_SNP1 = list(
    All = list(Freqs = structure(c(0L, 2L, 20L, 0L, 0L, 0L, 0L, 
    0L, 3L, 0L, 0L, 0L, 8L, 344L, 3877L, 67L, 2L, 28L, 0L, 5L, 
    60L, 5L, 0L, 0L), .Dim = c(6L, 4L), .Dimnames = structure(list(
        c("-2", "-1", "0", "1", "2", NA), c("C", "G", "T", NA
        )), .Names = c("", "")), class = "table"), N = 4421L), 
    Tag.Distribution = structure(c(`1` = 97L, `2` = 15L, `3` = 25L, 
    `4` = 19L, `5` = 18L, `6` = 27L, `7` = 10L, `8` = 18L, `9` = 19L, 
    `10` = 16L, `11` = 11L, `12` = 13L, `13` = 11L, `14` = 11L, 
    `15` = 10L, `16` = 8L, `17` = 5L, `18` = 3L, `19` = 11L, 
    `20` = 11L, `21` = 4L, `22` = 2L, `23` = 7L, `24` = 5L, `25` = 4L, 
    `26` = 6L, `27` = 8L, `28` = 4L, `29` = 2L, `31` = 1L, `32` = 3L, 
    `33` = 1L, `34` = 4L, `35` = 2L, `36` = 1L, `37` = 3L, `40` = 1L, 
    `43` = 1L, `44` = 1L, `46` = 1L, `49` = 1L), .Dim = 41L, .Dimnames = structure(list(
        c("1", "2", "3", "4", "5", "6", "7", "8", "9", "10", 
        "11", "12", "13", "14", "15", "16", "17", "18", "19", 
        "20", "21", "22", "23", "24", "25", "26", "27", "28", 
        "29", "31", "32", "33", "34", "35", "36", "37", "40", 
        "43", "44", "46", "49")), .Names = ""), class = "table"), 
    No.Tag = structure(c(0L, 0L, 0L, 0L, 0L, 0L, 0L, 0L, 0L, 
    0L, 0L, 0L, 0L, 12L, 117L, 3L, 0L, 2L, 0L, 0L, 6L, 0L, 0L, 
    0L), .Dim = c(6L, 4L), .Dimnames = structure(list(c("-2", 
    "-1", "0", "1", "2", NA), c("C", "G", "T", NA)), .Names = c("", 
    "")), class = "table"), All.Tags = list(Concordant = list(
        Freqs = structure(c(0, 1, 3, 0, 0, 0, 0, 1, 0, 0, 0, 
        9, 220, 1, 0), .Dim = c(5L, 3L), .Dimnames = list(c("-2", 
        "-1", "0", "1", "2"), c("C", "G", "T"))), N = 235), Majority = list(
        Freqs = structure(c(0, 1, 4, 0, 0, 0, 0, 1, 0, 0, 0, 
        10, 395, 2, 0), .Dim = c(5L, 3L), .Dimnames = list(c("-2", 
        "-1", "0", "1", "2"), c("C", "G", "T"))), N = 413)), 
    `2` = structure(c(0, 0, 1, 0, 0, 0, 0, 1, 0, 0, 0, 5, 313, 
    1, 0), .Dim = c(5L, 3L), .Dimnames = list(c("-2", "-1", "0", 
    "1", "2"), c("C", "G", "T"))))))
