Results <-
list(`bwaOutput/20210421msiMNRsJenny/223129_S80.sam` = list(GM26_SNP1 = list(
    All = list(Freqs = structure(c(3L, 41L, 5633L, 15L, 10L, 
    0L, 0L, 8L, 0L, 0L, 0L, 0L, 2L, 0L, 0L, 0L, 1L, 60L, 2L, 
    0L), .Dim = 5:4, .Dimnames = structure(list(c("-2", "-1", 
    "0", "1", NA), c("A", "G", "T", NA)), .Names = c("", "")), class = "table"), 
        N = 5775L), Tag.Distribution = structure(c(`1` = 129L, 
    `2` = 23L, `3` = 26L, `4` = 20L, `5` = 20L, `6` = 20L, `7` = 25L, 
    `8` = 14L, `9` = 20L, `10` = 20L, `11` = 13L, `12` = 14L, 
    `13` = 10L, `14` = 14L, `15` = 10L, `16` = 5L, `17` = 8L, 
    `18` = 7L, `19` = 1L, `20` = 8L, `21` = 11L, `22` = 7L, `23` = 7L, 
    `24` = 8L, `25` = 7L, `26` = 8L, `27` = 8L, `28` = 3L, `29` = 3L, 
    `30` = 6L, `31` = 8L, `32` = 2L, `33` = 2L, `34` = 2L, `35` = 3L, 
    `36` = 2L, `37` = 2L, `38` = 2L, `40` = 3L, `43` = 2L, `44` = 4L, 
    `49` = 1L, `50` = 1L, `52` = 1L, `56` = 1L, `67` = 1L), .Dim = 46L, .Dimnames = structure(list(
        c("1", "2", "3", "4", "5", "6", "7", "8", "9", "10", 
        "11", "12", "13", "14", "15", "16", "17", "18", "19", 
        "20", "21", "22", "23", "24", "25", "26", "27", "28", 
        "29", "30", "31", "32", "33", "34", "35", "36", "37", 
        "38", "40", "43", "44", "49", "50", "52", "56", "67")), .Names = ""), class = "table"), 
    No.Tag = structure(c(0L, 0L, 120L, 0L, 2L, 0L, 0L, 2L, 0L, 
    0L, 0L, 0L, 0L, 0L, 0L, 0L, 0L, 5L, 1L, 0L), .Dim = 5:4, .Dimnames = structure(list(
        c("-2", "-1", "0", "1", NA), c("A", "G", "T", NA)), .Names = c("", 
    "")), class = "table"), All.Tags = list(Concordant = list(
        Freqs = structure(c(0, 0, 450, 0, 0, 0, 2, 0, 0, 0, 0, 
        0), .Dim = 4:3, .Dimnames = list(c("-2", "-1", "0", "1"
        ), c("A", "G", "T"))), N = 452), Majority = list(Freqs = structure(c(0, 
    1, 502, 0, 0, 0, 2, 0, 0, 0, 0, 0), .Dim = 4:3, .Dimnames = list(
        c("-2", "-1", "0", "1"), c("A", "G", "T"))), N = 505)), 
    `2` = structure(c(0, 1, 380, 0, 0, 0, 0, 0, 0, 0, 0, 0), .Dim = 4:3, .Dimnames = list(
        c("-2", "-1", "0", "1"), c("A", "G", "T"))))))
