Results <-
list(`bwaOutput/20210421msiMNRsJenny/223129_S80.sam` = list(GM14_SNP1 = list(
    All = list(Freqs = structure(c(9L, 301L, 9574L, 98L, 1L, 
    31L, 0L, 0L, 4L, 0L, 0L, 0L, 0L, 0L, 122L, 0L, 0L, 0L), .Dim = c(6L, 
    3L), .Dimnames = structure(list(c("-2", "-1", "0", "1", "2", 
    NA), c("C", "T", NA)), .Names = c("", "")), class = "table"), 
        N = 10140L), Tag.Distribution = structure(c(`1` = 193L, 
    `2` = 51L, `3` = 32L, `4` = 43L, `5` = 35L, `6` = 41L, `7` = 38L, 
    `8` = 33L, `9` = 37L, `10` = 24L, `11` = 19L, `12` = 17L, 
    `13` = 19L, `14` = 21L, `15` = 23L, `16` = 13L, `17` = 13L, 
    `18` = 18L, `19` = 14L, `20` = 16L, `21` = 17L, `22` = 8L, 
    `23` = 15L, `24` = 14L, `25` = 5L, `26` = 12L, `27` = 11L, 
    `28` = 10L, `29` = 3L, `30` = 7L, `31` = 6L, `32` = 7L, `33` = 5L, 
    `34` = 4L, `35` = 8L, `36` = 2L, `37` = 4L, `38` = 5L, `39` = 5L, 
    `40` = 1L, `41` = 2L, `43` = 2L, `44` = 2L, `46` = 1L, `48` = 2L, 
    `50` = 1L, `52` = 1L, `54` = 2L, `60` = 1L, `69` = 1L, `81` = 1L, 
    `85` = 1L), .Dim = 52L, .Dimnames = structure(list(c("1", 
    "2", "3", "4", "5", "6", "7", "8", "9", "10", "11", "12", 
    "13", "14", "15", "16", "17", "18", "19", "20", "21", "22", 
    "23", "24", "25", "26", "27", "28", "29", "30", "31", "32", 
    "33", "34", "35", "36", "37", "38", "39", "40", "41", "43", 
    "44", "46", "48", "50", "52", "54", "60", "69", "81", "85"
    )), .Names = ""), class = "table"), No.Tag = structure(c(0L, 
    7L, 330L, 3L, 0L, 4L, 0L, 0L, 0L, 0L, 0L, 0L, 0L, 0L, 7L, 
    0L, 0L, 0L), .Dim = c(6L, 3L), .Dimnames = structure(list(
        c("-2", "-1", "0", "1", "2", NA), c("C", "T", NA)), .Names = c("", 
    "")), class = "table"), All.Tags = list(Concordant = list(
        Freqs = structure(c(0, 6, 605, 1, 0, 0, 0, 2, 0, 0), .Dim = c(5L, 
        2L), .Dimnames = list(c("-2", "-1", "0", "1", "2"), c("C", 
        "T"))), N = 614), Majority = list(Freqs = structure(c(1, 
    6, 840, 2, 0, 0, 0, 2, 0, 0), .Dim = c(5L, 2L), .Dimnames = list(
        c("-2", "-1", "0", "1", "2"), c("C", "T"))), N = 851)), 
    `2` = structure(c(1, 0, 667, 1, 0, 0, 0, 0, 0, 0), .Dim = c(5L, 
    2L), .Dimnames = list(c("-2", "-1", "0", "1", "2"), c("C", 
    "T"))))))
