Results <-
list(`bwaOutput/20210421msiMNRsJenny/223129_S80.sam` = list(LR20_SNP1 = list(
    All = list(Freqs = structure(c(0L, 1L, 0L, 0L, 7L, 2386L, 
    1L, 2L, 9L, 3939L, 15L, 2L, 0L, 1L, 0L, 0L, 0L, 55L, 0L, 
    0L), .Dim = 4:5, .Dimnames = structure(list(c("-1", "0", 
    "1", NA), c("-", "A", "G", "T", NA)), .Names = c("", "")), class = "table"), 
        N = 6418L), Tag.Distribution = structure(c(`1` = 139L, 
    `2` = 36L, `3` = 30L, `4` = 37L, `5` = 36L, `6` = 30L, `7` = 23L, 
    `8` = 42L, `9` = 25L, `10` = 13L, `11` = 14L, `12` = 21L, 
    `13` = 8L, `14` = 10L, `15` = 12L, `16` = 10L, `17` = 6L, 
    `18` = 14L, `19` = 4L, `20` = 6L, `21` = 5L, `22` = 11L, 
    `23` = 6L, `24` = 6L, `25` = 8L, `26` = 5L, `27` = 8L, `28` = 6L, 
    `29` = 5L, `30` = 6L, `31` = 5L, `32` = 5L, `33` = 4L, `34` = 3L, 
    `35` = 2L, `37` = 3L, `38` = 1L, `39` = 3L, `40` = 2L, `41` = 1L, 
    `42` = 3L, `46` = 1L, `62` = 1L), .Dim = 43L, .Dimnames = structure(list(
        c("1", "2", "3", "4", "5", "6", "7", "8", "9", "10", 
        "11", "12", "13", "14", "15", "16", "17", "18", "19", 
        "20", "21", "22", "23", "24", "25", "26", "27", "28", 
        "29", "30", "31", "32", "33", "34", "35", "37", "38", 
        "39", "40", "41", "42", "46", "62")), .Names = ""), class = "table"), 
    No.Tag = structure(c(0L, 0L, 0L, 0L, 0L, 140L, 0L, 1L, 0L, 
    158L, 0L, 1L, 0L, 1L, 0L, 0L, 0L, 8L, 0L, 0L), .Dim = 4:5, .Dimnames = structure(list(
        c("-1", "0", "1", NA), c("-", "A", "G", "T", NA)), .Names = c("", 
    "")), class = "table"), All.Tags = list(Concordant = list(
        Freqs = structure(c(0, 0, 0, 0, 188, 0, 0, 344, 1, 0, 
        0, 0), .Dim = 3:4, .Dimnames = list(c("-1", "0", "1"), 
            c("-", "A", "G", "T"))), N = 533), Majority = list(
        Freqs = structure(c(0, 0, 0, 0, 215, 0, 0, 384, 1, 0, 
        0, 0), .Dim = 3:4, .Dimnames = list(c("-1", "0", "1"), 
            c("-", "A", "G", "T"))), N = 600)), `2` = structure(c(0, 
    0, 0, 0, 168, 0, 0, 304, 0, 0, 0, 0), .Dim = 3:4, .Dimnames = list(
        c("-1", "0", "1"), c("-", "A", "G", "T"))))))
