Results <-
list(`bwaOutput/20210421msiMNRsJenny/223962_S88.sam` = list(GM07_SNP1 = list(
    All = list(Freqs = structure(c(0L, 0L, 1L, 0L, 0L, 0L, 0L, 
    0L, 5L, 0L, 0L, 1L, 6L, 371L, 7214L, 194L, 2L, 161L, 0L, 
    0L, 0L, 0L, 0L, 1L, 0L, 8L, 172L, 7L, 0L, 0L), .Dim = 6:5, .Dimnames = structure(list(
        c("-2", "-1", "0", "1", "2", NA), c("-", "A", "G", "T", 
        NA)), .Names = c("", "")), class = "table"), N = 8143L), 
    Tag.Distribution = structure(c(`1` = 335L, `2` = 221L, `3` = 166L, 
    `4` = 147L, `5` = 128L, `6` = 126L, `7` = 89L, `8` = 85L, 
    `9` = 49L, `10` = 51L, `11` = 37L, `12` = 31L, `13` = 29L, 
    `14` = 16L, `15` = 19L, `16` = 11L, `17` = 6L, `18` = 6L, 
    `19` = 4L, `20` = 4L, `24` = 2L, `27` = 1L, `28` = 1L), .Dim = 23L, .Dimnames = structure(list(
        c("1", "2", "3", "4", "5", "6", "7", "8", "9", "10", 
        "11", "12", "13", "14", "15", "16", "17", "18", "19", 
        "20", "24", "27", "28")), .Names = ""), class = "table"), 
    No.Tag = structure(c(0L, 0L, 0L, 0L, 0L, 0L, 0L, 0L, 0L, 
    0L, 0L, 0L, 0L, 13L, 262L, 4L, 0L, 23L, 0L, 0L, 0L, 0L, 0L, 
    1L, 0L, 1L, 16L, 0L, 0L, 0L), .Dim = 6:5, .Dimnames = structure(list(
        c("-2", "-1", "0", "1", "2", NA), c("-", "A", "G", "T", 
        NA)), .Names = c("", "")), class = "table"), All.Tags = list(
        Concordant = list(Freqs = structure(c(0, 0, 0, 0, 0, 
        0, 0, 1, 0, 0, 1, 22, 1140, 13, 0, 0, 0, 0, 0, 0), .Dim = 5:4, .Dimnames = list(
            c("-2", "-1", "0", "1", "2"), c("-", "A", "G", "T"
            ))), N = 1177), Majority = list(Freqs = structure(c(0, 
        0, 0, 0, 0, 0, 0, 1, 0, 0, 1, 28, 1455, 16, 0, 0, 0, 
        0, 0, 0), .Dim = 5:4, .Dimnames = list(c("-2", "-1", 
        "0", "1", "2"), c("-", "A", "G", "T"))), N = 1501)), 
    `2` = structure(c(0, 0, 0, 0, 0, 0, 0, 0, 0, 0, 0, 12, 1171, 
    7, 0, 0, 0, 0, 0, 0), .Dim = 5:4, .Dimnames = list(c("-2", 
    "-1", "0", "1", "2"), c("-", "A", "G", "T"))))))
