Results <-
list(`bwaOutput/20210421msiMNRsJenny/223962_S88.sam` = list(GM09_SNP1 = list(
    All = list(Freqs = structure(c(1L, 43L, 7949L, 13L, 4L, 0L, 
    51L, 7079L, 11L, 0L, 0L, 0L, 87L, 1L, 0L), .Dim = c(5L, 3L
    ), .Dimnames = structure(list(c("-2", "-1", "0", "1", NA), 
        c("A", "G", NA)), .Names = c("", "")), class = "table"), 
        N = 15239L), Tag.Distribution = structure(c(`1` = 370L, 
    `2` = 265L, `3` = 242L, `4` = 198L, `5` = 170L, `6` = 172L, 
    `7` = 127L, `8` = 112L, `9` = 98L, `10` = 79L, `11` = 68L, 
    `12` = 60L, `13` = 48L, `14` = 39L, `15` = 34L, `16` = 33L, 
    `17` = 21L, `18` = 22L, `19` = 18L, `20` = 9L, `21` = 10L, 
    `22` = 7L, `23` = 6L, `24` = 8L, `25` = 6L, `26` = 4L, `27` = 2L, 
    `28` = 3L, `29` = 3L, `30` = 3L, `31` = 5L, `32` = 1L, `33` = 3L, 
    `35` = 1L, `36` = 1L, `37` = 1L, `38` = 1L, `39` = 1L, `40` = 1L, 
    `41` = 1L, `43` = 1L, `47` = 1L, `48` = 2L, `59` = 1L), .Dim = 44L, .Dimnames = structure(list(
        c("1", "2", "3", "4", "5", "6", "7", "8", "9", "10", 
        "11", "12", "13", "14", "15", "16", "17", "18", "19", 
        "20", "21", "22", "23", "24", "25", "26", "27", "28", 
        "29", "30", "31", "32", "33", "35", "36", "37", "38", 
        "39", "40", "41", "43", "47", "48", "59")), .Names = ""), class = "table"), 
    No.Tag = structure(c(0L, 2L, 240L, 1L, 1L, 0L, 1L, 219L, 
    1L, 0L, 0L, 0L, 6L, 0L, 0L), .Dim = c(5L, 3L), .Dimnames = structure(list(
        c("-2", "-1", "0", "1", NA), c("A", "G", NA)), .Names = c("", 
    "")), class = "table"), All.Tags = list(Concordant = list(
        Freqs = structure(c(0, 0, 823, 0, 0, 0, 704, 2), .Dim = c(4L, 
        2L), .Dimnames = list(c("-2", "-1", "0", "1"), c("A", 
        "G"))), N = 1529), Majority = list(Freqs = structure(c(0, 
    0, 1166, 0, 0, 1, 1010, 2), .Dim = c(4L, 2L), .Dimnames = list(
        c("-2", "-1", "0", "1"), c("A", "G"))), N = 2179)), `2` = structure(c(0, 
    0, 970, 0, 0, 1, 841, 0), .Dim = c(4L, 2L), .Dimnames = list(
        c("-2", "-1", "0", "1"), c("A", "G"))))))
