Results <-
list(`bwaOutput/20210421msiMNRsJenny/223962_S88.sam` = list(GM14_SNP1 = list(
    All = list(Freqs = structure(c(0L, 0L, 1L, 0L, 0L, 0L, 11L, 
    355L, 10237L, 104L, 4L, 31L, 0L, 0L, 8L, 0L, 0L, 0L, 0L, 
    2L, 129L, 0L, 0L, 0L), .Dim = c(6L, 4L), .Dimnames = structure(list(
        c("-2", "-1", "0", "1", "2", NA), c("A", "C", "T", NA
        )), .Names = c("", "")), class = "table"), N = 10882L), 
    Tag.Distribution = structure(c(`1` = 369L, `2` = 252L, `3` = 229L, 
    `4` = 170L, `5` = 157L, `6` = 157L, `7` = 126L, `8` = 104L, 
    `9` = 73L, `10` = 78L, `11` = 47L, `12` = 42L, `13` = 30L, 
    `14` = 25L, `15` = 16L, `16` = 19L, `17` = 12L, `18` = 8L, 
    `19` = 7L, `20` = 3L, `21` = 6L, `22` = 4L, `23` = 3L, `24` = 3L, 
    `25` = 1L, `26` = 2L, `28` = 3L, `29` = 1L, `30` = 1L, `37` = 1L
    ), .Dim = 30L, .Dimnames = structure(list(c("1", "2", "3", 
    "4", "5", "6", "7", "8", "9", "10", "11", "12", "13", "14", 
    "15", "16", "17", "18", "19", "20", "21", "22", "23", "24", 
    "25", "26", "28", "29", "30", "37")), .Names = ""), class = "table"), 
    No.Tag = structure(c(0L, 0L, 0L, 0L, 0L, 0L, 1L, 3L, 288L, 
    3L, 0L, 3L, 0L, 0L, 0L, 0L, 0L, 0L, 0L, 1L, 7L, 0L, 0L, 0L
    ), .Dim = c(6L, 4L), .Dimnames = structure(list(c("-2", "-1", 
    "0", "1", "2", NA), c("A", "C", "T", NA)), .Names = c("", 
    "")), class = "table"), All.Tags = list(Concordant = list(
        Freqs = structure(c(0, 0, 0, 0, 0, 0, 11, 1573, 6, 0, 
        0, 0, 3, 0, 0), .Dim = c(5L, 3L), .Dimnames = list(c("-2", 
        "-1", "0", "1", "2"), c("A", "C", "T"))), N = 1593), 
        Majority = list(Freqs = structure(c(0, 0, 0, 0, 0, 0, 
        15, 1884, 8, 0, 0, 0, 3, 0, 0), .Dim = c(5L, 3L), .Dimnames = list(
            c("-2", "-1", "0", "1", "2"), c("A", "C", "T"))), 
            N = 1910)), `2` = structure(c(0, 0, 0, 0, 0, 0, 9, 
    1539, 3, 0, 0, 0, 0, 0, 0), .Dim = c(5L, 3L), .Dimnames = list(
        c("-2", "-1", "0", "1", "2"), c("A", "C", "T"))))))
