Results <-
list(`bwaOutput/20210421msiMNRsJenny/223962_S88.sam` = list(LR40_SNP1 = list(
    All = list(Freqs = structure(c(0L, 0L, 3L, 0L, 0L, 1L, 66L, 
    7083L, 19L, 6L, 0L, 0L, 1L, 0L, 0L, 0L, 1L, 47L, 0L, 0L), .Dim = 5:4, .Dimnames = structure(list(
        c("-3", "-1", "0", "1", NA), c("A", "C", "T", NA)), .Names = c("", 
    "")), class = "table"), N = 7227L), Tag.Distribution = structure(c(`1` = 291L, 
    `2` = 210L, `3` = 153L, `4` = 113L, `5` = 99L, `6` = 104L, 
    `7` = 71L, `8` = 50L, `9` = 48L, `10` = 44L, `11` = 24L, 
    `12` = 23L, `13` = 23L, `14` = 22L, `15` = 14L, `16` = 8L, 
    `17` = 8L, `18` = 4L, `19` = 5L, `20` = 5L, `21` = 5L, `22` = 5L, 
    `23` = 3L, `24` = 1L, `25` = 5L, `29` = 1L, `33` = 1L, `36` = 1L, 
    `37` = 1L, `68` = 1L), .Dim = 30L, .Dimnames = structure(list(
        c("1", "2", "3", "4", "5", "6", "7", "8", "9", "10", 
        "11", "12", "13", "14", "15", "16", "17", "18", "19", 
        "20", "21", "22", "23", "24", "25", "29", "33", "36", 
        "37", "68")), .Names = ""), class = "table"), No.Tag = structure(c(0L, 
    0L, 0L, 0L, 0L, 0L, 0L, 188L, 0L, 1L, 0L, 0L, 0L, 0L, 0L, 
    0L, 0L, 4L, 0L, 0L), .Dim = 5:4, .Dimnames = structure(list(
        c("-3", "-1", "0", "1", NA), c("A", "C", "T", NA)), .Names = c("", 
    "")), class = "table"), All.Tags = list(Concordant = list(
        Freqs = structure(c(0, 0, 1, 0, 0, 1, 1255, 0, 0, 0, 
        0, 0), .Dim = 4:3, .Dimnames = list(c("-3", "-1", "0", 
        "1"), c("A", "C", "T"))), N = 1257), Majority = list(
        Freqs = structure(c(0, 0, 1, 0, 0, 1, 1336, 0, 0, 0, 
        0, 0), .Dim = 4:3, .Dimnames = list(c("-3", "-1", "0", 
        "1"), c("A", "C", "T"))), N = 1338)), `2` = structure(c(0, 
    0, 0, 0, 0, 0, 1052, 0, 0, 0, 0, 0), .Dim = 4:3, .Dimnames = list(
        c("-3", "-1", "0", "1"), c("A", "C", "T"))))))
