Results <-
list(`bwaOutput/20210421msiMNRsJenny/223962_S88.sam` = list(LR52_SNP1 = list(
    All = list(Freqs = structure(c(1L, 7L, 171L, 1819L, 5206L, 
    43L, 150L, 0L, 0L, 0L, 2L, 17L, 0L, 1L, 0L, 0L, 6L, 77L, 
    1484L, 17L, 0L), .Dim = c(7L, 3L), .Dimnames = structure(list(
        c("-4", "-3", "-2", "-1", "0", "1", NA), c("C", "T", 
        NA)), .Names = c("", "")), class = "table"), N = 9001L), 
    Tag.Distribution = structure(c(`1` = 286L, `2` = 228L, `3` = 157L, 
    `4` = 130L, `5` = 157L, `6` = 114L, `7` = 109L, `8` = 79L, 
    `9` = 64L, `10` = 61L, `11` = 51L, `12` = 32L, `13` = 21L, 
    `14` = 26L, `15` = 14L, `16` = 16L, `17` = 7L, `18` = 9L, 
    `19` = 7L, `20` = 4L, `21` = 7L, `22` = 1L, `23` = 3L, `24` = 4L, 
    `25` = 2L, `30` = 2L), .Dim = 26L, .Dimnames = structure(list(
        c("1", "2", "3", "4", "5", "6", "7", "8", "9", "10", 
        "11", "12", "13", "14", "15", "16", "17", "18", "19", 
        "20", "21", "22", "23", "24", "25", "30")), .Names = ""), class = "table"), 
    No.Tag = structure(c(0L, 0L, 1L, 37L, 138L, 0L, 5L, 0L, 0L, 
    0L, 0L, 0L, 0L, 0L, 0L, 0L, 1L, 3L, 47L, 0L, 0L), .Dim = c(7L, 
    3L), .Dimnames = structure(list(c("-4", "-3", "-2", "-1", 
    "0", "1", NA), c("C", "T", NA)), .Names = c("", "")), class = "table"), 
    All.Tags = list(Concordant = list(Freqs = structure(c(0, 
    0, 14, 179, 784, 3, 0, 0, 0, 0, 2, 0), .Dim = c(6L, 2L), .Dimnames = list(
        c("-4", "-3", "-2", "-1", "0", "1"), c("C", "T"))), N = 982), 
        Majority = list(Freqs = structure(c(0, 0, 14, 305, 1144, 
        4, 0, 0, 0, 0, 2, 0), .Dim = c(6L, 2L), .Dimnames = list(
            c("-4", "-3", "-2", "-1", "0", "1"), c("C", "T"))), 
            N = 1469)), `2` = structure(c(0, 0, 7, 244, 981, 
    1, 0, 0, 0, 0, 1, 0), .Dim = c(6L, 2L), .Dimnames = list(
        c("-4", "-3", "-2", "-1", "0", "1"), c("C", "T"))))))
