Results <-
list(`bwaOutput/20210421msiMNRsJenny/223962_S88.sam` = list(GM29_SNP1 = list(
    All = list(Freqs = structure(c(0L, 2L, 93L, 5649L, 26L, 1L, 
    12L, 1L, 0L, 68L, 5592L, 24L, 0L, 16L, 0L, 0L, 3L, 110L, 
    1L, 0L, 0L), .Dim = c(7L, 3L), .Dimnames = structure(list(
        c("-3", "-2", "-1", "0", "1", "2", NA), c("A", "G", NA
        )), .Names = c("", "")), class = "table"), N = 11598L), 
    Tag.Distribution = structure(c(`1` = 286L, `2` = 177L, `3` = 159L, 
    `4` = 144L, `5` = 116L, `6` = 107L, `7` = 83L, `8` = 75L, 
    `9` = 49L, `10` = 55L, `11` = 46L, `12` = 38L, `13` = 35L, 
    `14` = 22L, `15` = 18L, `16` = 16L, `17` = 9L, `18` = 16L, 
    `19` = 13L, `20` = 10L, `21` = 6L, `22` = 10L, `23` = 14L, 
    `24` = 6L, `25` = 4L, `26` = 8L, `27` = 2L, `28` = 1L, `29` = 3L, 
    `30` = 3L, `31` = 3L, `33` = 2L, `34` = 1L, `35` = 3L, `36` = 3L, 
    `37` = 4L, `38` = 1L, `39` = 4L, `40` = 1L, `41` = 2L, `43` = 2L, 
    `45` = 1L, `48` = 1L, `51` = 1L, `52` = 2L, `53` = 1L, `54` = 3L, 
    `78` = 1L, `79` = 1L), .Dim = 49L, .Dimnames = structure(list(
        c("1", "2", "3", "4", "5", "6", "7", "8", "9", "10", 
        "11", "12", "13", "14", "15", "16", "17", "18", "19", 
        "20", "21", "22", "23", "24", "25", "26", "27", "28", 
        "29", "30", "31", "33", "34", "35", "36", "37", "38", 
        "39", "40", "41", "43", "45", "48", "51", "52", "53", 
        "54", "78", "79")), .Names = ""), class = "table"), No.Tag = structure(c(0L, 
    0L, 2L, 163L, 0L, 0L, 1L, 0L, 0L, 4L, 237L, 1L, 0L, 4L, 0L, 
    0L, 1L, 4L, 0L, 0L, 0L), .Dim = c(7L, 3L), .Dimnames = structure(list(
        c("-3", "-2", "-1", "0", "1", "2", NA), c("A", "G", NA
        )), .Names = c("", "")), class = "table"), All.Tags = list(
        Concordant = list(Freqs = structure(c(0, 0, 1, 531, 1, 
        0, 0, 0, 1, 494, 0, 0), .Dim = c(6L, 2L), .Dimnames = list(
            c("-3", "-2", "-1", "0", "1", "2"), c("A", "G"))), 
            N = 1028), Majority = list(Freqs = structure(c(0, 
        0, 2, 766, 1, 0, 0, 0, 1, 743, 0, 0), .Dim = c(6L, 2L
        ), .Dimnames = list(c("-3", "-2", "-1", "0", "1", "2"
        ), c("A", "G"))), N = 1513)), `2` = structure(c(0, 0, 
    1, 618, 0, 0, 0, 0, 1, 610, 0, 0), .Dim = c(6L, 2L), .Dimnames = list(
        c("-3", "-2", "-1", "0", "1", "2"), c("A", "G"))))))
