Results <-
list(`bwaOutput/20210421msiMNRsJenny/223962_S88.sam` = list(LR20_SNP1 = list(
    All = list(Freqs = structure(c(0L, 2L, 4L, 4323L, 8L, 3L, 
    6L, 0L, 12L, 4175L, 4L, 0L, 0L, 0L, 0L, 2L, 0L, 0L, 0L, 0L, 
    1L, 60L, 1L, 0L), .Dim = c(6L, 4L), .Dimnames = structure(list(
        c("-8", "-2", "-1", "0", "1", NA), c("A", "G", "T", NA
        )), .Names = c("", "")), class = "table"), N = 8601L), 
    Tag.Distribution = structure(c(`1` = 328L, `2` = 229L, `3` = 202L, 
    `4` = 128L, `5` = 132L, `6` = 109L, `7` = 92L, `8` = 67L, 
    `9` = 61L, `10` = 51L, `11` = 34L, `12` = 36L, `13` = 18L, 
    `14` = 27L, `15` = 12L, `16` = 13L, `17` = 6L, `18` = 11L, 
    `19` = 6L, `20` = 9L, `21` = 3L, `22` = 2L, `23` = 1L, `24` = 3L, 
    `26` = 1L, `27` = 1L, `28` = 1L, `29` = 1L, `30` = 2L, `31` = 1L
    ), .Dim = 30L, .Dimnames = structure(list(c("1", "2", "3", 
    "4", "5", "6", "7", "8", "9", "10", "11", "12", "13", "14", 
    "15", "16", "17", "18", "19", "20", "21", "22", "23", "24", 
    "26", "27", "28", "29", "30", "31")), .Names = ""), class = "table"), 
    No.Tag = structure(c(0L, 0L, 0L, 193L, 1L, 1L, 0L, 0L, 0L, 
    142L, 0L, 0L, 0L, 0L, 0L, 0L, 0L, 0L, 0L, 0L, 0L, 4L, 0L, 
    0L), .Dim = c(6L, 4L), .Dimnames = structure(list(c("-8", 
    "-2", "-1", "0", "1", NA), c("A", "G", "T", NA)), .Names = c("", 
    "")), class = "table"), All.Tags = list(Concordant = list(
        Freqs = structure(c(0, 0, 0, 599, 0, 0, 0, 0, 599, 0, 
        0, 0, 0, 1, 0), .Dim = c(5L, 3L), .Dimnames = list(c("-8", 
        "-2", "-1", "0", "1"), c("A", "G", "T"))), N = 1199), 
        Majority = list(Freqs = structure(c(0, 0, 0, 768, 0, 
        1, 0, 0, 773, 0, 0, 0, 0, 1, 0), .Dim = c(5L, 3L), .Dimnames = list(
            c("-8", "-2", "-1", "0", "1"), c("A", "G", "T"))), 
            N = 1543)), `2` = structure(c(0, 0, 0, 604, 0, 1, 
    0, 0, 616, 0, 0, 0, 0, 0, 0), .Dim = c(5L, 3L), .Dimnames = list(
        c("-8", "-2", "-1", "0", "1"), c("A", "G", "T"))))))
