Results <-
list(`bwaOutput/20210421msiMNRsJenny/223962_S88.sam` = list(LR10_SNP1 = list(
    All = list(Freqs = structure(c(0L, 0L, 1L, 0L, 0L, 0L, 0L, 
    2L, 0L, 0L, 4L, 212L, 9707L, 69L, 22L, 0L, 0L, 14L, 0L, 0L, 
    0L, 1L, 192L, 1L, 0L), .Dim = c(5L, 5L), .Dimnames = structure(list(
        c("-2", "-1", "0", "1", NA), c("-", "A", "C", "T", NA
        )), .Names = c("", "")), class = "table"), N = 10225L), 
    Tag.Distribution = structure(c(`1` = 334L, `2` = 226L, `3` = 186L, 
    `4` = 190L, `5` = 163L, `6` = 125L, `7` = 123L, `8` = 90L, 
    `9` = 79L, `10` = 71L, `11` = 47L, `12` = 39L, `13` = 35L, 
    `14` = 33L, `15` = 19L, `16` = 13L, `17` = 9L, `18` = 7L, 
    `19` = 6L, `20` = 5L, `21` = 5L, `22` = 4L, `24` = 2L, `25` = 2L, 
    `26` = 1L, `28` = 1L, `30` = 1L), .Dim = 27L, .Dimnames = structure(list(
        c("1", "2", "3", "4", "5", "6", "7", "8", "9", "10", 
        "11", "12", "13", "14", "15", "16", "17", "18", "19", 
        "20", "21", "22", "24", "25", "26", "28", "30")), .Names = ""), class = "table"), 
    No.Tag = structure(c(0L, 0L, 0L, 0L, 0L, 0L, 0L, 0L, 0L, 
    0L, 1L, 7L, 262L, 1L, 0L, 0L, 0L, 0L, 0L, 0L, 0L, 0L, 20L, 
    0L, 0L), .Dim = c(5L, 5L), .Dimnames = structure(list(c("-2", 
    "-1", "0", "1", NA), c("-", "A", "C", "T", NA)), .Names = c("", 
    "")), class = "table"), All.Tags = list(Concordant = list(
        Freqs = structure(c(0, 0, 0, 0, 0, 0, 1, 0, 0, 11, 1577, 
        3, 0, 0, 5, 0), .Dim = c(4L, 4L), .Dimnames = list(c("-2", 
        "-1", "0", "1"), c("-", "A", "C", "T"))), N = 1597), 
        Majority = list(Freqs = structure(c(0, 0, 0, 0, 0, 0, 
        1, 0, 0, 13, 1767, 3, 0, 0, 5, 0), .Dim = c(4L, 4L), .Dimnames = list(
            c("-2", "-1", "0", "1"), c("-", "A", "C", "T"))), 
            N = 1789)), `2` = structure(c(0, 0, 0, 0, 0, 0, 0, 
    0, 0, 4, 1461, 0, 0, 0, 0, 0), .Dim = c(4L, 4L), .Dimnames = list(
        c("-2", "-1", "0", "1"), c("-", "A", "C", "T"))))))
