Results <-
list(`bwaOutput/20210421msiMNRsJenny/223962_S88.sam` = list(GM17_SNP1 = list(
    All = list(Freqs = structure(c(0L, 0L, 2L, 0L, 0L, 0L, 0L, 
    10L, 0L, 1L, 0L, 0L, 1L, 0L, 0L, 3L, 164L, 12637L, 40L, 10L, 
    0L, 3L, 417L, 0L, 0L), .Dim = c(5L, 5L), .Dimnames = structure(list(
        c("-2", "-1", "0", "1", NA), c("A", "C", "G", "T", NA
        )), .Names = c("", "")), class = "table"), N = 13288L), 
    Tag.Distribution = structure(c(`1` = 331L, `2` = 217L, `3` = 209L, 
    `4` = 187L, `5` = 189L, `6` = 158L, `7` = 134L, `8` = 108L, 
    `9` = 108L, `10` = 81L, `11` = 76L, `12` = 59L, `13` = 47L, 
    `14` = 33L, `15` = 29L, `16` = 25L, `17` = 24L, `18` = 9L, 
    `19` = 7L, `20` = 4L, `21` = 9L, `22` = 7L, `23` = 6L, `24` = 4L, 
    `25` = 2L, `26` = 2L, `27` = 2L, `28` = 1L, `29` = 1L, `30` = 2L, 
    `32` = 1L, `35` = 2L, `39` = 1L), .Dim = 33L, .Dimnames = structure(list(
        c("1", "2", "3", "4", "5", "6", "7", "8", "9", "10", 
        "11", "12", "13", "14", "15", "16", "17", "18", "19", 
        "20", "21", "22", "23", "24", "25", "26", "27", "28", 
        "29", "30", "32", "35", "39")), .Names = ""), class = "table"), 
    No.Tag = structure(c(0L, 0L, 0L, 0L, 0L, 0L, 0L, 1L, 0L, 
    0L, 0L, 0L, 0L, 0L, 0L, 0L, 2L, 409L, 1L, 1L, 0L, 0L, 31L, 
    0L, 0L), .Dim = c(5L, 5L), .Dimnames = structure(list(c("-2", 
    "-1", "0", "1", NA), c("A", "C", "G", "T", NA)), .Names = c("", 
    "")), class = "table"), All.Tags = list(Concordant = list(
        Freqs = structure(c(0, 0, 0, 0, 0, 0, 1, 0, 0, 0, 0, 
        0, 0, 3, 1868, 0), .Dim = c(4L, 4L), .Dimnames = list(
            c("-2", "-1", "0", "1"), c("A", "C", "G", "T"))), 
        N = 1872), Majority = list(Freqs = structure(c(0, 0, 
    0, 0, 0, 0, 1, 0, 0, 0, 0, 0, 0, 5, 2045, 0), .Dim = c(4L, 
    4L), .Dimnames = list(c("-2", "-1", "0", "1"), c("A", "C", 
    "G", "T"))), N = 2051)), `2` = structure(c(0, 0, 0, 0, 0, 
    0, 0, 0, 0, 0, 0, 0, 0, 3, 1734, 0), .Dim = c(4L, 4L), .Dimnames = list(
        c("-2", "-1", "0", "1"), c("A", "C", "G", "T"))))))
