Results <-
list(`bwaOutput/20210421msiMNRsJenny/223962_S88.sam` = list(GM11_SNP1 = list(
    All = list(Freqs = structure(c(36L, 7876L, 22L, 7L, 0L, 5L, 
    0L, 0L, 2L, 67L, 1L, 0L), .Dim = 4:3, .Dimnames = structure(list(
        c("-1", "0", "1", NA), c("A", "G", NA)), .Names = c("", 
    "")), class = "table"), N = 8016L), Tag.Distribution = structure(c(`1` = 305L, 
    `2` = 178L, `3` = 156L, `4` = 153L, `5` = 136L, `6` = 108L, 
    `7` = 90L, `8` = 63L, `9` = 50L, `10` = 47L, `11` = 38L, 
    `12` = 28L, `13` = 28L, `14` = 20L, `15` = 17L, `16` = 7L, 
    `17` = 8L, `18` = 7L, `19` = 8L, `20` = 5L, `21` = 8L, `22` = 2L, 
    `23` = 3L, `25` = 3L, `26` = 1L, `34` = 1L), .Dim = 26L, .Dimnames = structure(list(
        c("1", "2", "3", "4", "5", "6", "7", "8", "9", "10", 
        "11", "12", "13", "14", "15", "16", "17", "18", "19", 
        "20", "21", "22", "23", "25", "26", "34")), .Names = ""), class = "table"), 
    No.Tag = structure(c(1L, 194L, 0L, 0L, 0L, 0L, 0L, 0L, 0L, 
    3L, 0L, 0L), .Dim = 4:3, .Dimnames = structure(list(c("-1", 
    "0", "1", NA), c("A", "G", NA)), .Names = c("", "")), class = "table"), 
    All.Tags = list(Concordant = list(Freqs = structure(c(0, 
    1408, 0, 0, 2, 0), .Dim = 3:2, .Dimnames = list(c("-1", "0", 
    "1"), c("A", "G"))), N = 1410), Majority = list(Freqs = structure(c(0, 
    1455, 1, 0, 2, 0), .Dim = 3:2, .Dimnames = list(c("-1", "0", 
    "1"), c("A", "G"))), N = 1458)), `2` = structure(c(0, 1161, 
    1, 0, 0, 0), .Dim = 3:2, .Dimnames = list(c("-1", "0", "1"
    ), c("A", "G"))))))
