Results <-
list(`bwaOutput/20210421msiMNRsJenny/223962_S88.sam` = list(GM22_SNP1 = list(
    All = list(Freqs = structure(c(4L, 109L, 6328L, 36L, 1L, 
    13L, 1L, 70L, 5576L, 26L, 0L, 11L, 0L, 0L, 2L, 0L, 0L, 0L, 
    0L, 9L, 266L, 1L, 0L, 0L), .Dim = c(6L, 4L), .Dimnames = structure(list(
        c("-2", "-1", "0", "1", "2", NA), c("A", "G", "T", NA
        )), .Names = c("", "")), class = "table"), N = 12453L), 
    Tag.Distribution = structure(c(`1` = 371L, `2` = 249L, `3` = 229L, 
    `4` = 192L, `5` = 173L, `6` = 151L, `7` = 121L, `8` = 95L, 
    `9` = 99L, `10` = 71L, `11` = 64L, `12` = 59L, `13` = 33L, 
    `14` = 39L, `15` = 21L, `16` = 22L, `17` = 12L, `18` = 17L, 
    `19` = 7L, `20` = 8L, `21` = 8L, `22` = 3L, `23` = 2L, `24` = 3L, 
    `25` = 4L, `26` = 2L, `27` = 2L, `28` = 2L, `31` = 1L, `42` = 1L
    ), .Dim = 30L, .Dimnames = structure(list(c("1", "2", "3", 
    "4", "5", "6", "7", "8", "9", "10", "11", "12", "13", "14", 
    "15", "16", "17", "18", "19", "20", "21", "22", "23", "24", 
    "25", "26", "27", "28", "31", "42")), .Names = ""), class = "table"), 
    No.Tag = structure(c(0L, 3L, 321L, 2L, 1L, 1L, 1L, 5L, 241L, 
    0L, 0L, 0L, 0L, 0L, 0L, 0L, 0L, 0L, 0L, 1L, 30L, 0L, 0L, 
    0L), .Dim = c(6L, 4L), .Dimnames = structure(list(c("-2", 
    "-1", "0", "1", "2", NA), c("A", "G", "T", NA)), .Names = c("", 
    "")), class = "table"), All.Tags = list(Concordant = list(
        Freqs = structure(c(0, 2, 794, 3, 0, 0, 8, 697, 0, 0, 
        0, 0, 1, 0, 0), .Dim = c(5L, 3L), .Dimnames = list(c("-2", 
        "-1", "0", "1", "2"), c("A", "G", "T"))), N = 1505), 
        Majority = list(Freqs = structure(c(0, 3, 1048, 3, 0, 
        0, 8, 917, 1, 0, 0, 0, 1, 0, 0), .Dim = c(5L, 3L), .Dimnames = list(
            c("-2", "-1", "0", "1", "2"), c("A", "G", "T"))), 
            N = 1981)), `2` = structure(c(0, 1, 857, 0, 0, 0, 
    0, 766, 1, 0, 0, 0, 0, 0, 0), .Dim = c(5L, 3L), .Dimnames = list(
        c("-2", "-1", "0", "1", "2"), c("A", "G", "T"))))))
