Results <-
list(`bwaOutput/20210421msiMNRsJenny/223962_S88.sam` = list(LR46_SNP1 = list(
    All = list(Freqs = structure(c(0L, 5L, 0L, 0L, 42L, 8497L, 
    27L, 27L, 0L, 4L, 0L, 0L, 0L, 68L, 0L, 0L), .Dim = c(4L, 
    4L), .Dimnames = structure(list(c("-1", "0", "1", NA), c("A", 
    "G", "T", NA)), .Names = c("", "")), class = "table"), N = 8670L), 
    Tag.Distribution = structure(c(`1` = 272L, `2` = 156L, `3` = 146L, 
    `4` = 131L, `5` = 103L, `6` = 90L, `7` = 72L, `8` = 84L, 
    `9` = 72L, `10` = 48L, `11` = 47L, `12` = 37L, `13` = 24L, 
    `14` = 18L, `15` = 20L, `16` = 13L, `17` = 22L, `18` = 7L, 
    `19` = 7L, `20` = 10L, `21` = 2L, `22` = 2L, `23` = 4L, `24` = 1L, 
    `25` = 3L, `26` = 1L, `28` = 2L, `29` = 1L, `32` = 1L, `33` = 1L, 
    `36` = 2L, `43` = 1L, `45` = 1L), .Dim = 33L, .Dimnames = structure(list(
        c("1", "2", "3", "4", "5", "6", "7", "8", "9", "10", 
        "11", "12", "13", "14", "15", "16", "17", "18", "19", 
        "20", "21", "22", "23", "24", "25", "26", "28", "29", 
        "32", "33", "36", "43", "45")), .Names = ""), class = "table"), 
    No.Tag = structure(c(0L, 0L, 0L, 0L, 1L, 268L, 0L, 2L, 0L, 
    0L, 0L, 0L, 0L, 15L, 0L, 0L), .Dim = c(4L, 4L), .Dimnames = structure(list(
        c("-1", "0", "1", NA), c("A", "G", "T", NA)), .Names = c("", 
    "")), class = "table"), All.Tags = list(Concordant = list(
        Freqs = structure(c(0, 0, 0, 1, 1340, 0, 0, 1, 0), .Dim = c(3L, 
        3L), .Dimnames = list(c("-1", "0", "1"), c("A", "G", 
        "T"))), N = 1342), Majority = list(Freqs = structure(c(0, 
    0, 0, 2, 1388, 1, 0, 1, 0), .Dim = c(3L, 3L), .Dimnames = list(
        c("-1", "0", "1"), c("A", "G", "T"))), N = 1392)), `2` = structure(c(0, 
    0, 0, 1, 1125, 1, 0, 0, 0), .Dim = c(3L, 3L), .Dimnames = list(
        c("-1", "0", "1"), c("A", "G", "T"))))))
