Results <-
list(`bwaOutput/20210421msiMNRsJenny/223962_S88.sam` = list(IM49_SNP1 = list(
    All = list(Freqs = structure(c(0L, 0L, 1L, 0L, 0L, 0L, 0L, 
    155L, 3625L, 76L, 2L, 27L, 1L, 115L, 2873L, 81L, 1L, 7L, 
    0L, 0L, 1L, 0L, 0L, 0L, 0L, 9L, 233L, 8L, 1L, 0L), .Dim = 6:5, .Dimnames = structure(list(
        c("-2", "-1", "0", "1", "2", NA), c("A", "C", "G", "T", 
        NA)), .Names = c("", "")), class = "table"), N = 7216L), 
    Tag.Distribution = structure(c(`1` = 371L, `2` = 215L, `3` = 167L, 
    `4` = 139L, `5` = 124L, `6` = 93L, `7` = 88L, `8` = 70L, 
    `9` = 57L, `10` = 34L, `11` = 16L, `12` = 16L, `13` = 24L, 
    `14` = 20L, `15` = 15L, `16` = 6L, `17` = 11L, `18` = 9L, 
    `19` = 4L, `21` = 2L, `22` = 2L, `23` = 3L, `25` = 2L, `26` = 1L
    ), .Dim = 24L, .Dimnames = structure(list(c("1", "2", "3", 
    "4", "5", "6", "7", "8", "9", "10", "11", "12", "13", "14", 
    "15", "16", "17", "18", "19", "21", "22", "23", "25", "26"
    )), .Names = ""), class = "table"), No.Tag = structure(c(0L, 
    0L, 0L, 0L, 0L, 0L, 0L, 2L, 88L, 0L, 0L, 0L, 0L, 1L, 98L, 
    1L, 0L, 0L, 0L, 0L, 0L, 0L, 0L, 0L, 0L, 0L, 23L, 1L, 0L, 
    0L), .Dim = 6:5, .Dimnames = structure(list(c("-2", "-1", 
    "0", "1", "2", NA), c("A", "C", "G", "T", NA)), .Names = c("", 
    "")), class = "table"), All.Tags = list(Concordant = list(
        Freqs = structure(c(0, 0, 0, 0, 0, 0, 7, 543, 3, 0, 0, 
        11, 476, 4, 0, 0, 0, 0, 0, 0), .Dim = 5:4, .Dimnames = list(
            c("-2", "-1", "0", "1", "2"), c("A", "C", "G", "T"
            ))), N = 1044), Majority = list(Freqs = structure(c(0, 
    0, 0, 0, 0, 0, 11, 730, 3, 0, 0, 14, 634, 4, 0, 0, 0, 0, 
    0, 0), .Dim = 5:4, .Dimnames = list(c("-2", "-1", "0", "1", 
    "2"), c("A", "C", "G", "T"))), N = 1396)), `2` = structure(c(0, 
    0, 0, 0, 0, 0, 6, 560, 2, 0, 0, 7, 481, 0, 0, 0, 0, 0, 0, 
    0), .Dim = 5:4, .Dimnames = list(c("-2", "-1", "0", "1", 
    "2"), c("A", "C", "G", "T"))))))
