Results <-
list(`bwaOutput/20210421msiMNRsJenny/223962_S88.sam` = list(LR17_SNP1 = list(
    All = list(Freqs = structure(c(2L, 23L, 695L, 16651L, 229L, 
    2L, 120L, 0L, 0L, 0L, 1L, 0L, 0L, 0L, 0L, 0L, 0L, 3L, 0L, 
    0L, 0L, 0L, 0L, 26L, 1360L, 6L, 0L, 0L), .Dim = c(7L, 4L), .Dimnames = structure(list(
        c("-3", "-2", "-1", "0", "1", "2", NA), c("A", "C", "G", 
        NA)), .Names = c("", "")), class = "table"), N = 19118L), 
    Tag.Distribution = structure(c(`1` = 418L, `2` = 218L, `3` = 218L, 
    `4` = 210L, `5` = 193L, `6` = 179L, `7` = 153L, `8` = 149L, 
    `9` = 147L, `10` = 101L, `11` = 95L, `12` = 80L, `13` = 62L, 
    `14` = 59L, `15` = 45L, `16` = 34L, `17` = 38L, `18` = 19L, 
    `19` = 32L, `20` = 22L, `21` = 19L, `22` = 20L, `23` = 10L, 
    `24` = 10L, `25` = 10L, `26` = 7L, `27` = 7L, `29` = 8L, 
    `30` = 4L, `31` = 2L, `32` = 2L, `35` = 1L, `36` = 1L, `38` = 1L, 
    `40` = 1L), .Dim = 35L, .Dimnames = structure(list(c("1", 
    "2", "3", "4", "5", "6", "7", "8", "9", "10", "11", "12", 
    "13", "14", "15", "16", "17", "18", "19", "20", "21", "22", 
    "23", "24", "25", "26", "27", "29", "30", "31", "32", "35", 
    "36", "38", "40")), .Names = ""), class = "table"), No.Tag = structure(c(0L, 
    0L, 16L, 582L, 9L, 0L, 5L, 0L, 0L, 0L, 0L, 0L, 0L, 0L, 0L, 
    0L, 0L, 0L, 0L, 0L, 0L, 0L, 0L, 1L, 72L, 1L, 0L, 0L), .Dim = c(7L, 
    4L), .Dimnames = structure(list(c("-3", "-2", "-1", "0", 
    "1", "2", NA), c("A", "C", "G", NA)), .Names = c("", "")), class = "table"), 
    All.Tags = list(Concordant = list(Freqs = structure(c(0, 
    0, 25, 1874, 3, 0, 0, 0, 0, 0, 0, 0, 0, 0, 0, 0, 0, 0), .Dim = c(6L, 
    3L), .Dimnames = list(c("-3", "-2", "-1", "0", "1", "2"), 
        c("A", "C", "G"))), N = 1902), Majority = list(Freqs = structure(c(0, 
    1, 31, 2455, 5, 0, 0, 0, 0, 0, 0, 0, 0, 0, 0, 0, 0, 0), .Dim = c(6L, 
    3L), .Dimnames = list(c("-3", "-2", "-1", "0", "1", "2"), 
        c("A", "C", "G"))), N = 2492)), `2` = structure(c(0, 
    1, 11, 2106, 2, 0, 0, 0, 0, 0, 0, 0, 0, 0, 0, 0, 0, 0), .Dim = c(6L, 
    3L), .Dimnames = list(c("-3", "-2", "-1", "0", "1", "2"), 
        c("A", "C", "G"))))))
