Results <-
list(`bwaOutput/20210421msiMNRsJenny/223962_S88.sam` = list(LR24_SNP1 = list(
    All = list(Freqs = structure(c(0L, 1L, 23L, 0L, 0L, 2L, 33L, 
    8840L, 18L, 5L, 0L, 0L, 1L, 0L, 0L, 0L, 0L, 56L, 0L, 0L), .Dim = 5:4, .Dimnames = structure(list(
        c("-2", "-1", "0", "1", NA), c("A", "G", "T", NA)), .Names = c("", 
    "")), class = "table"), N = 8979L), Tag.Distribution = structure(c(`1` = 518L, 
    `2` = 362L, `3` = 265L, `4` = 212L, `5` = 180L, `6` = 139L, 
    `7` = 100L, `8` = 68L, `9` = 55L, `10` = 42L, `11` = 25L, 
    `12` = 30L, `13` = 16L, `14` = 11L, `15` = 13L, `16` = 9L, 
    `17` = 9L, `18` = 4L, `19` = 1L, `21` = 3L, `23` = 2L, `24` = 1L, 
    `31` = 1L, `32` = 1L, `35` = 1L), .Dim = 25L, .Dimnames = structure(list(
        c("1", "2", "3", "4", "5", "6", "7", "8", "9", "10", 
        "11", "12", "13", "14", "15", "16", "17", "18", "19", 
        "21", "23", "24", "31", "32", "35")), .Names = ""), class = "table"), 
    No.Tag = structure(c(0L, 0L, 4L, 0L, 0L, 0L, 3L, 375L, 0L, 
    0L, 0L, 0L, 0L, 0L, 0L, 0L, 0L, 8L, 0L, 0L), .Dim = 5:4, .Dimnames = structure(list(
        c("-2", "-1", "0", "1", NA), c("A", "G", "T", NA)), .Names = c("", 
    "")), class = "table"), All.Tags = list(Concordant = list(
        Freqs = structure(c(0, 1, 2, 0, 0, 1, 2008, 0, 0, 0, 
        0, 0), .Dim = 4:3, .Dimnames = list(c("-2", "-1", "0", 
        "1"), c("A", "G", "T"))), N = 2012), Majority = list(
        Freqs = structure(c(0, 1, 4, 0, 0, 1, 2047, 0, 0, 0, 
        0, 0), .Dim = 4:3, .Dimnames = list(c("-2", "-1", "0", 
        "1"), c("A", "G", "T"))), N = 2053)), `2` = structure(c(0, 
    0, 3, 0, 0, 0, 1539, 0, 0, 0, 0, 0), .Dim = 4:3, .Dimnames = list(
        c("-2", "-1", "0", "1"), c("A", "G", "T"))))))
