Results <-
list(`bwaOutput/20210421msiMNRsJenny/223962_S88.sam` = list(LR11_SNP1 = list(
    All = list(Freqs = structure(c(0L, 0L, 3L, 0L, 0L, 0L, 9L, 
    299L, 11598L, 86L, 2L, 29L, 0L, 0L, 1L, 0L, 0L, 0L, 0L, 19L, 
    535L, 7L, 0L, 0L), .Dim = c(6L, 4L), .Dimnames = structure(list(
        c("-2", "-1", "0", "1", "2", NA), c("A", "C", "G", NA
        )), .Names = c("", "")), class = "table"), N = 12588L), 
    Tag.Distribution = structure(c(`1` = 403L, `2` = 249L, `3` = 230L, 
    `4` = 204L, `5` = 188L, `6` = 185L, `7` = 131L, `8` = 110L, 
    `9` = 113L, `10` = 63L, `11` = 59L, `12` = 49L, `13` = 30L, 
    `14` = 28L, `15` = 19L, `16` = 17L, `17` = 19L, `18` = 12L, 
    `19` = 10L, `20` = 13L, `21` = 9L, `22` = 4L, `23` = 6L, 
    `24` = 6L, `25` = 1L, `26` = 2L, `27` = 1L, `28` = 2L, `29` = 1L, 
    `35` = 1L, `36` = 1L), .Dim = 31L, .Dimnames = structure(list(
        c("1", "2", "3", "4", "5", "6", "7", "8", "9", "10", 
        "11", "12", "13", "14", "15", "16", "17", "18", "19", 
        "20", "21", "22", "23", "24", "25", "26", "27", "28", 
        "29", "35", "36")), .Names = ""), class = "table"), No.Tag = structure(c(0L, 
    0L, 0L, 0L, 0L, 0L, 0L, 6L, 273L, 3L, 0L, 3L, 0L, 0L, 0L, 
    0L, 0L, 0L, 0L, 0L, 18L, 0L, 0L, 0L), .Dim = c(6L, 4L), .Dimnames = structure(list(
        c("-2", "-1", "0", "1", "2", NA), c("A", "C", "G", NA
        )), .Names = c("", "")), class = "table"), All.Tags = list(
        Concordant = list(Freqs = structure(c(0, 0, 0, 0, 0, 
        0, 12, 1825, 2, 0, 0, 0, 0, 0, 0), .Dim = c(5L, 3L), .Dimnames = list(
            c("-2", "-1", "0", "1", "2"), c("A", "C", "G"))), 
            N = 1839), Majority = list(Freqs = structure(c(0, 
        0, 0, 0, 0, 0, 14, 2097, 3, 0, 0, 0, 0, 0, 0), .Dim = c(5L, 
        3L), .Dimnames = list(c("-2", "-1", "0", "1", "2"), c("A", 
        "C", "G"))), N = 2114)), `2` = structure(c(0, 0, 0, 0, 
    0, 0, 5, 1736, 1, 0, 0, 0, 0, 0, 0), .Dim = c(5L, 3L), .Dimnames = list(
        c("-2", "-1", "0", "1", "2"), c("A", "C", "G"))))))
