Results <-
list(`bwaOutput/20210421msiMNRsJenny/223962_S88.sam` = list(GM26_SNP1 = list(
    All = list(Freqs = structure(c(2L, 20L, 4305L, 12L, 0L, 12L, 
    0L, 47L, 4041L, 15L, 1L, 5L, 0L, 0L, 1L, 0L, 0L, 0L, 0L, 
    5L, 130L, 5L, 0L, 0L), .Dim = c(6L, 4L), .Dimnames = structure(list(
        c("-2", "-1", "0", "1", "2", NA), c("A", "G", "T", NA
        )), .Names = c("", "")), class = "table"), N = 8601L), 
    Tag.Distribution = structure(c(`1` = 235L, `2` = 175L, `3` = 150L, 
    `4` = 164L, `5` = 123L, `6` = 113L, `7` = 83L, `8` = 74L, 
    `9` = 75L, `10` = 60L, `11` = 44L, `12` = 39L, `13` = 26L, 
    `14` = 22L, `15` = 16L, `16` = 14L, `17` = 14L, `18` = 7L, 
    `19` = 3L, `20` = 1L, `21` = 3L, `22` = 3L, `23` = 1L, `24` = 3L, 
    `25` = 2L, `26` = 2L, `27` = 1L, `32` = 1L, `34` = 1L, `50` = 1L
    ), .Dim = 30L, .Dimnames = structure(list(c("1", "2", "3", 
    "4", "5", "6", "7", "8", "9", "10", "11", "12", "13", "14", 
    "15", "16", "17", "18", "19", "20", "21", "22", "23", "24", 
    "25", "26", "27", "32", "34", "50")), .Names = ""), class = "table"), 
    No.Tag = structure(c(0L, 1L, 91L, 0L, 0L, 4L, 0L, 0L, 89L, 
    0L, 0L, 0L, 0L, 0L, 0L, 0L, 0L, 0L, 0L, 0L, 11L, 1L, 0L, 
    0L), .Dim = c(6L, 4L), .Dimnames = structure(list(c("-2", 
    "-1", "0", "1", "2", NA), c("A", "G", "T", NA)), .Names = c("", 
    "")), class = "table"), All.Tags = list(Concordant = list(
        Freqs = structure(c(0, 1, 588, 0, 0, 0, 2, 564, 1, 0, 
        0, 0, 0, 0, 0), .Dim = c(5L, 3L), .Dimnames = list(c("-2", 
        "-1", "0", "1", "2"), c("A", "G", "T"))), N = 1156), 
        Majority = list(Freqs = structure(c(0, 1, 723, 0, 0, 
        0, 2, 690, 1, 0, 0, 0, 0, 0, 0), .Dim = c(5L, 3L), .Dimnames = list(
            c("-2", "-1", "0", "1", "2"), c("A", "G", "T"))), 
            N = 1417)), `2` = structure(c(0, 0, 598, 0, 0, 0, 
    1, 593, 0, 0, 0, 0, 0, 0, 0), .Dim = c(5L, 3L), .Dimnames = list(
        c("-2", "-1", "0", "1", "2"), c("A", "G", "T"))))))
