Results <-
list(`bwaOutput/20210421msiMNRsJenny/223962_S88.sam` = list(DEPDC2_SNP1 = list(
    All = list(Freqs = structure(c(0L, 0L, 1L, 0L, 0L, 1L, 51L, 
    8012L, 34L, 42L, 0L, 0L, 84L, 1L, 0L), .Dim = c(5L, 3L), .Dimnames = structure(list(
        c("-2", "-1", "0", "1", NA), c("C", "T", NA)), .Names = c("", 
    "")), class = "table"), N = 8226L), Tag.Distribution = structure(c(`1` = 426L, 
    `2` = 247L, `3` = 201L, `4` = 190L, `5` = 125L, `6` = 123L, 
    `7` = 92L, `8` = 81L, `9` = 53L, `10` = 45L, `11` = 42L, 
    `12` = 26L, `13` = 22L, `14` = 11L, `15` = 9L, `16` = 7L, 
    `17` = 9L, `18` = 5L, `19` = 4L, `20` = 2L, `21` = 3L, `22` = 1L, 
    `23` = 1L, `24` = 1L, `25` = 2L, `26` = 2L), .Dim = 26L, .Dimnames = structure(list(
        c("1", "2", "3", "4", "5", "6", "7", "8", "9", "10", 
        "11", "12", "13", "14", "15", "16", "17", "18", "19", 
        "20", "21", "22", "23", "24", "25", "26")), .Names = ""), class = "table"), 
    No.Tag = structure(c(0L, 0L, 0L, 0L, 0L, 0L, 2L, 297L, 0L, 
    5L, 0L, 0L, 3L, 0L, 0L), .Dim = c(5L, 3L), .Dimnames = structure(list(
        c("-2", "-1", "0", "1", NA), c("C", "T", NA)), .Names = c("", 
    "")), class = "table"), All.Tags = list(Concordant = list(
        Freqs = structure(c(0, 0, 0, 0, 0, 8, 1638, 0), .Dim = c(4L, 
        2L), .Dimnames = list(c("-2", "-1", "0", "1"), c("C", 
        "T"))), N = 1646), Majority = list(Freqs = structure(c(0, 
    0, 0, 0, 0, 9, 1692, 1), .Dim = c(4L, 2L), .Dimnames = list(
        c("-2", "-1", "0", "1"), c("C", "T"))), N = 1702)), `2` = structure(c(0, 
    0, 0, 0, 0, 3, 1293, 1), .Dim = c(4L, 2L), .Dimnames = list(
        c("-2", "-1", "0", "1"), c("C", "T"))))))
