Results <-
list(`bwaOutput/20210421msiMNRsJenny/223962_S88.sam` = list(LR49_SNP1 = list(
    All = list(Freqs = structure(c(1L, 29L, 0L, 0L, 17L, 10341L, 
    6L, 14L, 0L, 2L, 0L, 0L, 0L, 51L, 0L, 0L), .Dim = c(4L, 4L
    ), .Dimnames = structure(list(c("-1", "0", "1", NA), c("A", 
    "G", "T", NA)), .Names = c("", "")), class = "table"), N = 10461L), 
    Tag.Distribution = structure(c(`1` = 435L, `2` = 262L, `3` = 220L, 
    `4` = 215L, `5` = 132L, `6` = 117L, `7` = 126L, `8` = 114L, 
    `9` = 61L, `10` = 60L, `11` = 47L, `12` = 36L, `13` = 36L, 
    `14` = 32L, `15` = 17L, `16` = 13L, `17` = 4L, `18` = 8L, 
    `19` = 7L, `20` = 5L, `21` = 1L, `22` = 8L, `23` = 3L, `25` = 5L, 
    `26` = 3L, `27` = 1L, `30` = 2L), .Dim = 27L, .Dimnames = structure(list(
        c("1", "2", "3", "4", "5", "6", "7", "8", "9", "10", 
        "11", "12", "13", "14", "15", "16", "17", "18", "19", 
        "20", "21", "22", "23", "25", "26", "27", "30")), .Names = ""), class = "table"), 
    No.Tag = structure(c(0L, 2L, 0L, 0L, 1L, 331L, 0L, 4L, 0L, 
    0L, 0L, 0L, 0L, 10L, 0L, 0L), .Dim = c(4L, 4L), .Dimnames = structure(list(
        c("-1", "0", "1", NA), c("A", "G", "T", NA)), .Names = c("", 
    "")), class = "table"), All.Tags = list(Concordant = list(
        Freqs = structure(c(0, 0, 0, 0, 1930, 1, 0, 0, 0), .Dim = c(3L, 
        3L), .Dimnames = list(c("-1", "0", "1"), c("A", "G", 
        "T"))), N = 1931), Majority = list(Freqs = structure(c(0, 
    2, 0, 0, 1963, 1, 0, 0, 0), .Dim = c(3L, 3L), .Dimnames = list(
        c("-1", "0", "1"), c("A", "G", "T"))), N = 1966)), `2` = structure(c(0, 
    2, 0, 0, 1533, 0, 0, 0, 0), .Dim = c(3L, 3L), .Dimnames = list(
        c("-1", "0", "1"), c("A", "G", "T"))))))
