Results <-
list(`bwaOutput/20210421msiMNRsJenny/223962_S88.sam` = list(LR48_SNP1 = list(
    All = list(Freqs = structure(c(0L, 0L, 5L, 0L, 0L, 0L, 10L, 
    355L, 10529L, 172L, 3L, 66L, 0L, 0L, 1L, 0L, 0L, 0L, 0L, 
    1L, 5L, 0L, 0L, 0L, 0L, 2L, 260L, 1L, 0L, 0L), .Dim = 6:5, .Dimnames = structure(list(
        c("-2", "-1", "0", "1", "2", NA), c("A", "C", "G", "T", 
        NA)), .Names = c("", "")), class = "table"), N = 11410L), 
    Tag.Distribution = structure(c(`1` = 277L, `2` = 186L, `3` = 139L, 
    `4` = 125L, `5` = 110L, `6` = 103L, `7` = 93L, `8` = 81L, 
    `9` = 80L, `10` = 73L, `11` = 57L, `12` = 33L, `13` = 41L, 
    `14` = 39L, `15` = 33L, `16` = 20L, `17` = 18L, `18` = 19L, 
    `19` = 17L, `20` = 12L, `21` = 10L, `22` = 7L, `23` = 4L, 
    `24` = 3L, `25` = 2L, `26` = 4L, `27` = 7L, `29` = 2L, `30` = 2L, 
    `31` = 2L, `32` = 2L, `33` = 2L, `34` = 1L, `35` = 1L, `37` = 2L, 
    `39` = 1L, `41` = 1L, `44` = 1L, `64` = 1L), .Dim = 39L, .Dimnames = structure(list(
        c("1", "2", "3", "4", "5", "6", "7", "8", "9", "10", 
        "11", "12", "13", "14", "15", "16", "17", "18", "19", 
        "20", "21", "22", "23", "24", "25", "26", "27", "29", 
        "30", "31", "32", "33", "34", "35", "37", "39", "41", 
        "44", "64")), .Names = ""), class = "table"), No.Tag = structure(c(0L, 
    0L, 1L, 0L, 0L, 0L, 1L, 6L, 258L, 2L, 0L, 3L, 0L, 0L, 0L, 
    0L, 0L, 0L, 0L, 0L, 0L, 0L, 0L, 0L, 0L, 0L, 16L, 0L, 0L, 
    0L), .Dim = 6:5, .Dimnames = structure(list(c("-2", "-1", 
    "0", "1", "2", NA), c("A", "C", "G", "T", NA)), .Names = c("", 
    "")), class = "table"), All.Tags = list(Concordant = list(
        Freqs = structure(c(0, 0, 0, 0, 0, 0, 11, 1200, 5, 0, 
        0, 0, 0, 0, 0, 0, 1, 1, 0, 0), .Dim = 5:4, .Dimnames = list(
            c("-2", "-1", "0", "1", "2"), c("A", "C", "G", "T"
            ))), N = 1218), Majority = list(Freqs = structure(c(0, 
    0, 0, 0, 0, 0, 14, 1557, 6, 0, 0, 0, 0, 0, 0, 0, 1, 1, 0, 
    0), .Dim = 5:4, .Dimnames = list(c("-2", "-1", "0", "1", 
    "2"), c("A", "C", "G", "T"))), N = 1579)), `2` = structure(c(0, 
    0, 0, 0, 0, 0, 4, 1306, 4, 0, 0, 0, 0, 0, 0, 0, 0, 0, 0, 
    0), .Dim = 5:4, .Dimnames = list(c("-2", "-1", "0", "1", 
    "2"), c("A", "C", "G", "T"))))))
