Results <-
list(`bwaOutput/20210421msiMNRsJenny/223962_S88.sam` = list(IM16_SNP1 = list(
    All = list(Freqs = structure(c(1L, 43L, 4705L, 82L, 0L, 6L, 
    0L, 0L, 1L, 0L, 0L, 0L, 0L, 38L, 4978L, 73L, 1L, 6L, 0L, 
    0L, 1L, 0L, 0L, 0L, 0L, 0L, 140L, 5L, 0L, 0L), .Dim = 6:5, .Dimnames = structure(list(
        c("-2", "-1", "0", "1", "2", NA), c("A", "C", "G", "T", 
        NA)), .Names = c("", "")), class = "table"), N = 10080L), 
    Tag.Distribution = structure(c(`1` = 304L, `2` = 207L, `3` = 182L, 
    `4` = 144L, `5` = 151L, `6` = 123L, `7` = 89L, `8` = 88L, 
    `9` = 91L, `10` = 55L, `11` = 63L, `12` = 45L, `13` = 33L, 
    `14` = 23L, `15` = 19L, `16` = 10L, `17` = 7L, `18` = 15L, 
    `19` = 12L, `20` = 5L, `21` = 2L, `22` = 8L, `23` = 3L, `24` = 2L, 
    `25` = 1L, `26` = 2L, `27` = 1L, `29` = 1L, `31` = 1L, `40` = 1L
    ), .Dim = 30L, .Dimnames = structure(list(c("1", "2", "3", 
    "4", "5", "6", "7", "8", "9", "10", "11", "12", "13", "14", 
    "15", "16", "17", "18", "19", "20", "21", "22", "23", "24", 
    "25", "26", "27", "29", "31", "40")), .Names = ""), class = "table"), 
    No.Tag = structure(c(0L, 0L, 168L, 3L, 0L, 2L, 0L, 0L, 0L, 
    0L, 0L, 0L, 0L, 2L, 169L, 1L, 0L, 1L, 0L, 0L, 0L, 0L, 0L, 
    0L, 0L, 0L, 20L, 0L, 0L, 0L), .Dim = 6:5, .Dimnames = structure(list(
        c("-2", "-1", "0", "1", "2", NA), c("A", "C", "G", "T", 
        NA)), .Names = c("", "")), class = "table"), All.Tags = list(
        Concordant = list(Freqs = structure(c(0, 1, 578, 5, 0, 
        0, 0, 0, 0, 0, 0, 0, 631, 3, 0, 0, 0, 0, 0, 0), .Dim = 5:4, .Dimnames = list(
            c("-2", "-1", "0", "1", "2"), c("A", "C", "G", "T"
            ))), N = 1218), Majority = list(Freqs = structure(c(0, 
        2, 786, 7, 0, 0, 0, 0, 0, 0, 0, 0, 832, 4, 0, 0, 0, 0, 
        0, 0), .Dim = 5:4, .Dimnames = list(c("-2", "-1", "0", 
        "1", "2"), c("A", "C", "G", "T"))), N = 1631)), `2` = structure(c(0, 
    2, 654, 2, 0, 0, 0, 0, 0, 0, 0, 0, 677, 2, 0, 0, 0, 0, 0, 
    0), .Dim = 5:4, .Dimnames = list(c("-2", "-1", "0", "1", 
    "2"), c("A", "C", "G", "T"))))))
