Results <-
list(`bwaOutput/20210421msiMNRsJenny/223962_S88.sam` = list(GM01_SNP1 = list(
    All = list(Freqs = structure(c(0L, 2L, 0L, 0L, 0L, 177L, 
    15698L, 52L, 2L, 29L, 0L, 10L, 0L, 0L, 0L, 0L, 1L, 0L, 0L, 
    0L, 4L, 174L, 0L, 0L, 0L), .Dim = c(5L, 5L), .Dimnames = structure(list(
        c("-1", "0", "1", "2", NA), c("-", "A", "G", "T", NA)), .Names = c("", 
    "")), class = "table"), N = 16149L), Tag.Distribution = structure(c(`1` = 354L, 
    `2` = 238L, `3` = 239L, `4` = 232L, `5` = 196L, `6` = 189L, 
    `7` = 146L, `8` = 127L, `9` = 108L, `10` = 99L, `11` = 78L, 
    `12` = 73L, `13` = 49L, `14` = 43L, `15` = 35L, `16` = 31L, 
    `17` = 20L, `18` = 17L, `19` = 17L, `20` = 10L, `21` = 4L, 
    `22` = 11L, `23` = 7L, `24` = 11L, `25` = 5L, `26` = 4L, 
    `27` = 5L, `28` = 3L, `29` = 6L, `30` = 2L, `31` = 3L, `32` = 2L, 
    `33` = 3L, `34` = 2L, `36` = 1L, `38` = 1L, `40` = 2L, `41` = 1L, 
    `42` = 1L, `44` = 1L, `47` = 1L), .Dim = 41L, .Dimnames = structure(list(
        c("1", "2", "3", "4", "5", "6", "7", "8", "9", "10", 
        "11", "12", "13", "14", "15", "16", "17", "18", "19", 
        "20", "21", "22", "23", "24", "25", "26", "27", "28", 
        "29", "30", "31", "32", "33", "34", "36", "38", "40", 
        "41", "42", "44", "47")), .Names = ""), class = "table"), 
    No.Tag = structure(c(0L, 0L, 0L, 0L, 0L, 2L, 294L, 0L, 0L, 
    4L, 0L, 0L, 0L, 0L, 0L, 0L, 0L, 0L, 0L, 0L, 0L, 12L, 0L, 
    0L, 0L), .Dim = c(5L, 5L), .Dimnames = structure(list(c("-1", 
    "0", "1", "2", NA), c("-", "A", "G", "T", NA)), .Names = c("", 
    "")), class = "table"), All.Tags = list(Concordant = list(
        Freqs = structure(c(0, 0, 0, 0, 3, 2141, 1, 0, 0, 1, 
        0, 0, 0, 0, 0, 0), .Dim = c(4L, 4L), .Dimnames = list(
            c("-1", "0", "1", "2"), c("-", "A", "G", "T"))), 
        N = 2146), Majority = list(Freqs = structure(c(0, 0, 
    0, 0, 3, 2350, 1, 0, 0, 1, 0, 0, 0, 0, 0, 0), .Dim = c(4L, 
    4L), .Dimnames = list(c("-1", "0", "1", "2"), c("-", "A", 
    "G", "T"))), N = 2355)), `2` = structure(c(0, 0, 0, 0, 0, 
    2014, 0, 0, 0, 0, 0, 0, 0, 0, 0, 0), .Dim = c(4L, 4L), .Dimnames = list(
        c("-1", "0", "1", "2"), c("-", "A", "G", "T"))))))
