Results <-
list(`bwaOutput/20210421msiMNRsJenny/223962_S88.sam` = list(LR36_SNP1 = list(
    All = list(Freqs = structure(c(0L, 0L, 0L, 0L, 1L, 0L, 0L, 
    0L, 0L, 0L, 6L, 102L, 4934L, 48L, 0L, 70L, 0L, 0L, 0L, 0L, 
    1L, 0L, 0L, 0L, 0L, 0L, 0L, 0L, 4L, 0L, 0L, 0L, 1L, 1L, 5L, 
    101L, 4831L, 37L, 1L, 55L, 0L, 0L, 0L, 9L, 586L, 4L, 0L, 
    0L), .Dim = c(8L, 6L), .Dimnames = structure(list(c("-4", 
    "-3", "-2", "-1", "0", "1", "2", NA), c("-", "A", "C", "G", 
    "T", NA)), .Names = c("", "")), class = "table"), N = 10797L), 
    Tag.Distribution = structure(c(`1` = 399L, `2` = 252L, `3` = 223L, 
    `4` = 190L, `5` = 178L, `6` = 134L, `7` = 108L, `8` = 113L, 
    `9` = 82L, `10` = 59L, `11` = 51L, `12` = 38L, `13` = 26L, 
    `14` = 18L, `15` = 9L, `16` = 13L, `17` = 15L, `18` = 10L, 
    `19` = 10L, `20` = 5L, `21` = 8L, `22` = 6L, `23` = 2L, `24` = 4L, 
    `25` = 2L, `26` = 1L, `28` = 3L, `29` = 2L, `30` = 1L), .Dim = 29L, .Dimnames = structure(list(
        c("1", "2", "3", "4", "5", "6", "7", "8", "9", "10", 
        "11", "12", "13", "14", "15", "16", "17", "18", "19", 
        "20", "21", "22", "23", "24", "25", "26", "28", "29", 
        "30")), .Names = ""), class = "table"), No.Tag = structure(c(0L, 
    0L, 0L, 0L, 0L, 0L, 0L, 0L, 0L, 0L, 0L, 3L, 177L, 8L, 0L, 
    4L, 0L, 0L, 0L, 0L, 0L, 0L, 0L, 0L, 0L, 0L, 0L, 0L, 2L, 0L, 
    0L, 0L, 0L, 0L, 1L, 5L, 180L, 2L, 0L, 4L, 0L, 0L, 0L, 0L, 
    32L, 0L, 0L, 0L), .Dim = c(8L, 6L), .Dimnames = structure(list(
        c("-4", "-3", "-2", "-1", "0", "1", "2", NA), c("-", 
        "A", "C", "G", "T", NA)), .Names = c("", "")), class = "table"), 
    All.Tags = list(Concordant = list(Freqs = structure(c(0, 
    0, 0, 0, 0, 0, 0, 0, 0, 0, 2, 719, 1, 0, 0, 0, 0, 0, 0, 0, 
    0, 0, 0, 0, 0, 0, 0, 0, 1, 0, 1, 8, 659, 2, 0), .Dim = c(7L, 
    5L), .Dimnames = list(c("-4", "-3", "-2", "-1", "0", "1", 
    "2"), c("-", "A", "C", "G", "T"))), N = 1393), Majority = list(
        Freqs = structure(c(0, 0, 0, 0, 0, 0, 0, 0, 0, 0, 2, 
        945, 1, 0, 0, 0, 0, 0, 0, 0, 0, 0, 0, 0, 0, 0, 0, 0, 
        1, 0, 1, 9, 902, 2, 0), .Dim = c(7L, 5L), .Dimnames = list(
            c("-4", "-3", "-2", "-1", "0", "1", "2"), c("-", 
            "A", "C", "G", "T"))), N = 1863)), `2` = structure(c(0, 
    0, 0, 0, 0, 0, 0, 0, 0, 0, 0, 757, 0, 0, 0, 0, 0, 0, 0, 0, 
    0, 0, 0, 0, 0, 0, 0, 0, 0, 0, 1, 1, 754, 0, 0), .Dim = c(7L, 
    5L), .Dimnames = list(c("-4", "-3", "-2", "-1", "0", "1", 
    "2"), c("-", "A", "C", "G", "T"))))))
