Results <-
list(`bwaOutput/20210421msiMNRsJenny/226491_S85.sam` = list(LR10_SNP1 = list(
    All = list(Freqs = structure(c(3L, 59L, 0L, 1L, 115L, 8188L, 
    26L, 8L, 1L, 135L, 1L, 0L), .Dim = 4:3, .Dimnames = structure(list(
        c("-1", "0", "1", NA), c("C", "T", NA)), .Names = c("", 
    "")), class = "table"), N = 8537L), Tag.Distribution = structure(c(`1` = 153L, 
    `2` = 33L, `3` = 40L, `4` = 32L, `5` = 22L, `6` = 33L, `7` = 18L, 
    `8` = 30L, `9` = 32L, `10` = 29L, `11` = 15L, `12` = 22L, 
    `13` = 16L, `14` = 11L, `15` = 18L, `16` = 20L, `17` = 4L, 
    `18` = 13L, `19` = 11L, `20` = 12L, `21` = 15L, `22` = 16L, 
    `23` = 10L, `24` = 6L, `25` = 9L, `26` = 10L, `27` = 9L, 
    `28` = 10L, `29` = 6L, `30` = 5L, `31` = 6L, `32` = 3L, `33` = 3L, 
    `34` = 5L, `35` = 1L, `36` = 6L, `37` = 1L, `38` = 2L, `39` = 3L, 
    `40` = 4L, `41` = 3L, `42` = 3L, `43` = 1L, `45` = 3L, `46` = 1L, 
    `48` = 3L, `50` = 1L, `54` = 1L, `60` = 1L, `91` = 1L), .Dim = 50L, .Dimnames = structure(list(
        c("1", "2", "3", "4", "5", "6", "7", "8", "9", "10", 
        "11", "12", "13", "14", "15", "16", "17", "18", "19", 
        "20", "21", "22", "23", "24", "25", "26", "27", "28", 
        "29", "30", "31", "32", "33", "34", "35", "36", "37", 
        "38", "39", "40", "41", "42", "43", "45", "46", "48", 
        "50", "54", "60", "91")), .Names = ""), class = "table"), 
    No.Tag = structure(c(0L, 4L, 0L, 0L, 3L, 231L, 2L, 0L, 0L, 
    9L, 0L, 0L), .Dim = 4:3, .Dimnames = structure(list(c("-1", 
    "0", "1", NA), c("C", "T", NA)), .Names = c("", "")), class = "table"), 
    All.Tags = list(Concordant = list(Freqs = structure(c(0, 
    8, 0, 3, 582, 2), .Dim = 3:2, .Dimnames = list(c("-1", "0", 
    "1"), c("C", "T"))), N = 595), Majority = list(Freqs = structure(c(0, 
    9, 0, 4, 686, 2), .Dim = 3:2, .Dimnames = list(c("-1", "0", 
    "1"), c("C", "T"))), N = 701)), `2` = structure(c(0, 2, 0, 
    1, 555, 0), .Dim = 3:2, .Dimnames = list(c("-1", "0", "1"
    ), c("C", "T"))))))
