Results <-
list(`bwaOutput/20210421msiMNRsJenny/226491_S85.sam` = list(GM17_SNP1 = list(
    All = list(Freqs = structure(c(0L, 0L, 3L, 0L, 0L, 0L, 97L, 
    7316L, 36L, 12L, 2L, 127L, 11689L, 29L, 8L, 0L, 4L, 648L, 
    1L, 0L), .Dim = 5:4, .Dimnames = structure(list(c("-2", "-1", 
    "0", "1", NA), c("A", "C", "T", NA)), .Names = c("", "")), class = "table"), 
        N = 19972L), Tag.Distribution = structure(c(`1` = 240L, 
    `2` = 57L, `3` = 53L, `4` = 59L, `5` = 47L, `6` = 41L, `7` = 41L, 
    `8` = 45L, `9` = 36L, `10` = 34L, `11` = 37L, `12` = 39L, 
    `13` = 33L, `14` = 37L, `15` = 33L, `16` = 41L, `17` = 25L, 
    `18` = 22L, `19` = 33L, `20` = 37L, `21` = 16L, `22` = 22L, 
    `23` = 31L, `24` = 21L, `25` = 24L, `26` = 23L, `27` = 14L, 
    `28` = 19L, `29` = 13L, `30` = 13L, `31` = 12L, `32` = 16L, 
    `33` = 14L, `34` = 11L, `35` = 6L, `36` = 6L, `37` = 6L, 
    `38` = 10L, `39` = 12L, `40` = 10L, `41` = 4L, `42` = 4L, 
    `43` = 2L, `44` = 6L, `45` = 5L, `46` = 5L, `47` = 2L, `48` = 1L, 
    `49` = 3L, `50` = 1L, `51` = 2L, `52` = 2L, `53` = 1L, `54` = 1L, 
    `55` = 1L, `56` = 1L, `57` = 2L, `58` = 1L, `59` = 3L, `65` = 1L, 
    `68` = 1L, `69` = 1L, `70` = 1L, `76` = 1L, `83` = 1L, `85` = 1L, 
    `90` = 1L, `91` = 1L, `106` = 1L), .Dim = 69L, .Dimnames = structure(list(
        c("1", "2", "3", "4", "5", "6", "7", "8", "9", "10", 
        "11", "12", "13", "14", "15", "16", "17", "18", "19", 
        "20", "21", "22", "23", "24", "25", "26", "27", "28", 
        "29", "30", "31", "32", "33", "34", "35", "36", "37", 
        "38", "39", "40", "41", "42", "43", "44", "45", "46", 
        "47", "48", "49", "50", "51", "52", "53", "54", "55", 
        "56", "57", "58", "59", "65", "68", "69", "70", "76", 
        "83", "85", "90", "91", "106")), .Names = ""), class = "table"), 
    No.Tag = structure(c(0L, 0L, 0L, 0L, 0L, 0L, 3L, 258L, 3L, 
    1L, 0L, 6L, 385L, 0L, 0L, 0L, 0L, 34L, 0L, 0L), .Dim = 5:4, .Dimnames = structure(list(
        c("-2", "-1", "0", "1", NA), c("A", "C", "T", NA)), .Names = c("", 
    "")), class = "table"), All.Tags = list(Concordant = list(
        Freqs = structure(c(0, 0, 0, 0, 0, 2, 350, 0, 0, 2, 622, 
        0), .Dim = 4:3, .Dimnames = list(c("-2", "-1", "0", "1"
        ), c("A", "C", "T"))), N = 976), Majority = list(Freqs = structure(c(0, 
    0, 0, 0, 0, 2, 500, 0, 0, 3, 802, 0), .Dim = 4:3, .Dimnames = list(
        c("-2", "-1", "0", "1"), c("A", "C", "T"))), N = 1307)), 
    `2` = structure(c(0, 0, 0, 0, 0, 0, 417, 0, 0, 1, 677, 0), .Dim = 4:3, .Dimnames = list(
        c("-2", "-1", "0", "1"), c("A", "C", "T"))))))
