Results <-
list(`bwaOutput/20210421msiMNRsJenny/226491_S85.sam` = list(GM11_SNP1 = list(
    All = list(Freqs = structure(c(1L, 13L, 3047L, 6L, 2L, 0L, 
    13L, 2231L, 25L, 1L, 0L, 1L, 39L, 1L, 0L), .Dim = c(5L, 3L
    ), .Dimnames = structure(list(c("-2", "-1", "0", "1", NA), 
        c("A", "G", NA)), .Names = c("", "")), class = "table"), 
        N = 5380L), Tag.Distribution = structure(c(`1` = 95L, 
    `2` = 33L, `3` = 13L, `4` = 18L, `5` = 14L, `6` = 19L, `7` = 23L, 
    `8` = 15L, `9` = 9L, `10` = 20L, `11` = 13L, `12` = 15L, 
    `13` = 8L, `14` = 13L, `15` = 8L, `16` = 7L, `17` = 9L, `18` = 10L, 
    `19` = 11L, `20` = 5L, `21` = 14L, `22` = 9L, `23` = 9L, 
    `24` = 5L, `25` = 11L, `26` = 2L, `27` = 3L, `29` = 6L, `30` = 8L, 
    `31` = 3L, `32` = 2L, `33` = 3L, `34` = 3L, `35` = 3L, `36` = 1L, 
    `39` = 4L, `40` = 1L, `41` = 1L, `45` = 2L, `50` = 1L, `55` = 1L, 
    `64` = 1L, `70` = 1L, `87` = 1L), .Dim = 44L, .Dimnames = structure(list(
        c("1", "2", "3", "4", "5", "6", "7", "8", "9", "10", 
        "11", "12", "13", "14", "15", "16", "17", "18", "19", 
        "20", "21", "22", "23", "24", "25", "26", "27", "29", 
        "30", "31", "32", "33", "34", "35", "36", "39", "40", 
        "41", "45", "50", "55", "64", "70", "87")), .Names = ""), class = "table"), 
    No.Tag = structure(c(0L, 1L, 52L, 0L, 0L, 0L, 0L, 31L, 0L, 
    0L, 0L, 0L, 2L, 0L, 0L), .Dim = c(5L, 3L), .Dimnames = structure(list(
        c("-2", "-1", "0", "1", NA), c("A", "G", NA)), .Names = c("", 
    "")), class = "table"), All.Tags = list(Concordant = list(
        Freqs = structure(c(0, 0, 225, 0, 0, 1, 165, 0), .Dim = c(4L, 
        2L), .Dimnames = list(c("-2", "-1", "0", "1"), c("A", 
        "G"))), N = 391), Majority = list(Freqs = structure(c(0, 
    0, 249, 0, 0, 1, 196, 1), .Dim = c(4L, 2L), .Dimnames = list(
        c("-2", "-1", "0", "1"), c("A", "G"))), N = 447)), `2` = structure(c(0, 
    0, 201, 0, 0, 1, 155, 1), .Dim = c(4L, 2L), .Dimnames = list(
        c("-2", "-1", "0", "1"), c("A", "G"))))))
