Results <-
list(`bwaOutput/20210421msiMNRsJenny/226491_S85.sam` = list(LR48_SNP1 = list(
    All = list(Freqs = structure(c(0L, 0L, 1L, 0L, 0L, 0L, 8L, 
    313L, 8743L, 146L, 2L, 49L, 0L, 2L, 2L, 0L, 0L, 0L, 0L, 4L, 
    230L, 5L, 0L, 0L), .Dim = c(6L, 4L), .Dimnames = structure(list(
        c("-2", "-1", "0", "1", "2", NA), c("A", "C", "T", NA
        )), .Names = c("", "")), class = "table"), N = 9505L), 
    Tag.Distribution = structure(c(`1` = 135L, `2` = 27L, `3` = 27L, 
    `4` = 19L, `5` = 21L, `6` = 9L, `7` = 18L, `8` = 18L, `9` = 21L, 
    `10` = 18L, `11` = 18L, `12` = 24L, `13` = 11L, `14` = 7L, 
    `15` = 14L, `16` = 21L, `17` = 10L, `18` = 11L, `19` = 11L, 
    `20` = 7L, `21` = 14L, `22` = 10L, `23` = 15L, `24` = 10L, 
    `25` = 10L, `26` = 6L, `27` = 9L, `28` = 4L, `29` = 10L, 
    `30` = 8L, `31` = 7L, `32` = 3L, `33` = 6L, `34` = 10L, `35` = 9L, 
    `36` = 4L, `37` = 2L, `38` = 6L, `39` = 4L, `40` = 3L, `41` = 7L, 
    `42` = 3L, `43` = 3L, `44` = 2L, `45` = 3L, `46` = 3L, `47` = 3L, 
    `48` = 1L, `52` = 1L, `53` = 1L, `55` = 2L, `56` = 1L, `74` = 1L, 
    `80` = 1L, `86` = 1L, `93` = 1L), .Dim = 56L, .Dimnames = structure(list(
        c("1", "2", "3", "4", "5", "6", "7", "8", "9", "10", 
        "11", "12", "13", "14", "15", "16", "17", "18", "19", 
        "20", "21", "22", "23", "24", "25", "26", "27", "28", 
        "29", "30", "31", "32", "33", "34", "35", "36", "37", 
        "38", "39", "40", "41", "42", "43", "44", "45", "46", 
        "47", "48", "52", "53", "55", "56", "74", "80", "86", 
        "93")), .Names = ""), class = "table"), No.Tag = structure(c(0L, 
    0L, 1L, 0L, 0L, 0L, 2L, 6L, 361L, 5L, 0L, 1L, 0L, 1L, 0L, 
    0L, 0L, 0L, 0L, 0L, 19L, 1L, 0L, 0L), .Dim = c(6L, 4L), .Dimnames = structure(list(
        c("-2", "-1", "0", "1", "2", NA), c("A", "C", "T", NA
        )), .Names = c("", "")), class = "table"), All.Tags = list(
        Concordant = list(Freqs = structure(c(0, 0, 0, 0, 0, 
        2, 4, 377, 3, 0, 0, 1, 1, 0, 0), .Dim = c(5L, 3L), .Dimnames = list(
            c("-2", "-1", "0", "1", "2"), c("A", "C", "T"))), 
            N = 388), Majority = list(Freqs = structure(c(0, 
        0, 0, 0, 0, 2, 7, 604, 4, 0, 0, 1, 1, 0, 0), .Dim = c(5L, 
        3L), .Dimnames = list(c("-2", "-1", "0", "1", "2"), c("A", 
        "C", "T"))), N = 619)), `2` = structure(c(0, 0, 0, 0, 
    0, 0, 3, 488, 1, 0, 0, 0, 0, 0, 0), .Dim = c(5L, 3L), .Dimnames = list(
        c("-2", "-1", "0", "1", "2"), c("A", "C", "T"))))))
