Results <-
list(`bwaOutput/20210421msiMNRsJenny/226491_S85.sam` = list(LR24_SNP1 = list(
    All = list(Freqs = structure(c(0L, 1L, 88L, 0L, 0L, 1L, 35L, 
    8067L, 14L, 3L, 0L, 0L, 1L, 0L, 0L, 0L, 0L, 53L, 0L, 0L), .Dim = 5:4, .Dimnames = structure(list(
        c("-2", "-1", "0", "1", NA), c("A", "G", "T", NA)), .Names = c("", 
    "")), class = "table"), N = 8263L), Tag.Distribution = structure(c(`1` = 225L, 
    `2` = 119L, `3` = 75L, `4` = 70L, `5` = 49L, `6` = 52L, `7` = 50L, 
    `8` = 54L, `9` = 38L, `10` = 29L, `11` = 33L, `12` = 31L, 
    `13` = 24L, `14` = 31L, `15` = 14L, `16` = 17L, `17` = 10L, 
    `18` = 14L, `19` = 10L, `20` = 5L, `21` = 11L, `22` = 8L, 
    `23` = 6L, `24` = 9L, `26` = 7L, `27` = 7L, `28` = 4L, `29` = 4L, 
    `30` = 1L, `31` = 4L, `32` = 4L, `33` = 3L, `34` = 2L, `35` = 4L, 
    `36` = 4L, `37` = 2L, `41` = 1L, `42` = 1L, `48` = 1L, `54` = 1L
    ), .Dim = 40L, .Dimnames = structure(list(c("1", "2", "3", 
    "4", "5", "6", "7", "8", "9", "10", "11", "12", "13", "14", 
    "15", "16", "17", "18", "19", "20", "21", "22", "23", "24", 
    "26", "27", "28", "29", "30", "31", "32", "33", "34", "35", 
    "36", "37", "41", "42", "48", "54")), .Names = ""), class = "table"), 
    No.Tag = structure(c(0L, 1L, 4L, 0L, 0L, 0L, 1L, 283L, 0L, 
    0L, 0L, 0L, 0L, 0L, 0L, 0L, 0L, 8L, 0L, 0L), .Dim = 5:4, .Dimnames = structure(list(
        c("-2", "-1", "0", "1", NA), c("A", "G", "T", NA)), .Names = c("", 
    "")), class = "table"), All.Tags = list(Concordant = list(
        Freqs = structure(c(0, 0, 8, 0, 0, 2, 971, 1, 0, 0, 0, 
        0), .Dim = 4:3, .Dimnames = list(c("-2", "-1", "0", "1"
        ), c("A", "G", "T"))), N = 982), Majority = list(Freqs = structure(c(0, 
    0, 9, 0, 0, 2, 1016, 1, 0, 0, 0, 0), .Dim = 4:3, .Dimnames = list(
        c("-2", "-1", "0", "1"), c("A", "G", "T"))), N = 1028)), 
    `2` = structure(c(0, 0, 6, 0, 0, 1, 799, 0, 0, 0, 0, 0), .Dim = 4:3, .Dimnames = list(
        c("-2", "-1", "0", "1"), c("A", "G", "T"))))))
