Results <-
list(`bwaOutput/20210421msiMNRsJenny/226491_S85.sam` = list(IM16_SNP1 = list(
    All = list(Freqs = structure(c(0L, 0L, 7L, 0L, 0L, 0L, 0L, 
    0L, 1L, 0L, 0L, 0L, 1L, 75L, 7945L, 140L, 1L, 5L, 0L, 0L, 
    105L, 6L, 0L, 0L), .Dim = c(6L, 4L), .Dimnames = structure(list(
        c("-2", "-1", "0", "1", "2", NA), c("A", "C", "G", NA
        )), .Names = c("", "")), class = "table"), N = 8286L), 
    Tag.Distribution = structure(c(`1` = 130L, `2` = 37L, `3` = 32L, 
    `4` = 26L, `5` = 28L, `6` = 29L, `7` = 14L, `8` = 17L, `9` = 25L, 
    `10` = 15L, `11` = 16L, `12` = 20L, `13` = 18L, `14` = 16L, 
    `15` = 18L, `16` = 15L, `17` = 10L, `18` = 13L, `19` = 16L, 
    `20` = 11L, `21` = 7L, `22` = 15L, `23` = 11L, `24` = 14L, 
    `25` = 8L, `26` = 6L, `27` = 11L, `28` = 5L, `29` = 5L, `30` = 4L, 
    `31` = 9L, `32` = 10L, `33` = 3L, `34` = 4L, `35` = 4L, `36` = 3L, 
    `37` = 5L, `38` = 1L, `39` = 1L, `40` = 1L, `41` = 3L, `42` = 1L, 
    `43` = 3L, `44` = 2L, `50` = 3L, `51` = 2L, `52` = 2L, `55` = 1L, 
    `70` = 1L), .Dim = 49L, .Dimnames = structure(list(c("1", 
    "2", "3", "4", "5", "6", "7", "8", "9", "10", "11", "12", 
    "13", "14", "15", "16", "17", "18", "19", "20", "21", "22", 
    "23", "24", "25", "26", "27", "28", "29", "30", "31", "32", 
    "33", "34", "35", "36", "37", "38", "39", "40", "41", "42", 
    "43", "44", "50", "51", "52", "55", "70")), .Names = ""), class = "table"), 
    No.Tag = structure(c(0L, 0L, 0L, 0L, 0L, 0L, 0L, 0L, 0L, 
    0L, 0L, 0L, 0L, 0L, 254L, 9L, 0L, 0L, 0L, 0L, 11L, 2L, 0L, 
    0L), .Dim = c(6L, 4L), .Dimnames = structure(list(c("-2", 
    "-1", "0", "1", "2", NA), c("A", "C", "G", NA)), .Names = c("", 
    "")), class = "table"), All.Tags = list(Concordant = list(
        Freqs = structure(c(0, 0, 5, 0, 0, 0, 0, 0, 0, 0, 0, 
        1, 507, 2, 0), .Dim = c(5L, 3L), .Dimnames = list(c("-2", 
        "-1", "0", "1", "2"), c("A", "C", "G"))), N = 515), Majority = list(
        Freqs = structure(c(0, 0, 5, 0, 0, 0, 0, 0, 0, 0, 0, 
        1, 632, 3, 0), .Dim = c(5L, 3L), .Dimnames = list(c("-2", 
        "-1", "0", "1", "2"), c("A", "C", "G"))), N = 641)), 
    `2` = structure(c(0, 0, 0, 0, 0, 0, 0, 0, 0, 0, 0, 0, 517, 
    1, 0), .Dim = c(5L, 3L), .Dimnames = list(c("-2", "-1", "0", 
    "1", "2"), c("A", "C", "G"))))))
