Results <-
list(`bwaOutput/20210421msiMNRsJenny/226491_S85.sam` = list(GM07_SNP1 = list(
    All = list(Freqs = structure(c(0L, 0L, 1L, 2L, 0L, 0L, 2L, 
    1L, 6L, 316L, 5820L, 203L, 9L, 114L, 0L, 0L, 0L, 1L, 0L, 
    0L, 0L, 0L, 0L, 3L, 137L, 7L, 0L, 0L), .Dim = c(7L, 4L), .Dimnames = structure(list(
        c("-3", "-2", "-1", "0", "1", "2", NA), c("A", "G", "T", 
        NA)), .Names = c("", "")), class = "table"), N = 6622L), 
    Tag.Distribution = structure(c(`1` = 109L, `2` = 27L, `3` = 27L, 
    `4` = 27L, `5` = 23L, `6` = 26L, `7` = 18L, `8` = 20L, `9` = 23L, 
    `10` = 23L, `11` = 22L, `12` = 12L, `13` = 13L, `14` = 14L, 
    `15` = 11L, `16` = 10L, `17` = 10L, `18` = 15L, `19` = 12L, 
    `20` = 13L, `21` = 13L, `22` = 13L, `23` = 7L, `24` = 9L, 
    `25` = 6L, `26` = 13L, `27` = 5L, `28` = 7L, `29` = 6L, `30` = 5L, 
    `31` = 3L, `32` = 7L, `33` = 3L, `34` = 1L, `35` = 2L, `36` = 1L, 
    `38` = 2L, `39` = 1L, `42` = 1L, `44` = 1L, `46` = 1L, `56` = 1L, 
    `58` = 1L), .Dim = 43L, .Dimnames = structure(list(c("1", 
    "2", "3", "4", "5", "6", "7", "8", "9", "10", "11", "12", 
    "13", "14", "15", "16", "17", "18", "19", "20", "21", "22", 
    "23", "24", "25", "26", "27", "28", "29", "30", "31", "32", 
    "33", "34", "35", "36", "38", "39", "42", "44", "46", "56", 
    "58")), .Names = ""), class = "table"), No.Tag = structure(c(0L, 
    0L, 0L, 0L, 0L, 0L, 1L, 1L, 0L, 10L, 234L, 5L, 0L, 10L, 0L, 
    0L, 0L, 0L, 0L, 0L, 0L, 0L, 0L, 0L, 14L, 1L, 0L, 0L), .Dim = c(7L, 
    4L), .Dimnames = structure(list(c("-3", "-2", "-1", "0", 
    "1", "2", NA), c("A", "G", "T", NA)), .Names = c("", "")), class = "table"), 
    All.Tags = list(Concordant = list(Freqs = structure(c(0, 
    0, 0, 2, 0, 0, 0, 0, 6, 295, 6, 0, 0, 0, 0, 0, 0, 0), .Dim = c(6L, 
    3L), .Dimnames = list(c("-3", "-2", "-1", "0", "1", "2"), 
        c("A", "G", "T"))), N = 309), Majority = list(Freqs = structure(c(0, 
    0, 0, 2, 0, 0, 0, 0, 9, 523, 8, 0, 0, 0, 0, 0, 0, 0), .Dim = c(6L, 
    3L), .Dimnames = list(c("-3", "-2", "-1", "0", "1", "2"), 
        c("A", "G", "T"))), N = 542)), `2` = structure(c(0, 0, 
    0, 0, 0, 0, 0, 0, 6, 442, 2, 0, 0, 0, 0, 0, 0, 0), .Dim = c(6L, 
    3L), .Dimnames = list(c("-3", "-2", "-1", "0", "1", "2"), 
        c("A", "G", "T"))))))
