Results <-
list(`bwaOutput/20210421msiMNRsJenny/226491_S85.sam` = list(IM49_SNP1 = list(
    All = list(Freqs = structure(c(0L, 0L, 1L, 0L, 6L, 0L, 0L, 
    0L, 1L, 1L, 28L, 291L, 9785L, 241L, 7L, 44L, 0L, 0L, 0L, 
    0L, 1L, 0L, 0L, 0L, 0L, 0L, 0L, 5L, 446L, 9L, 0L, 0L), .Dim = c(8L, 
    4L), .Dimnames = structure(list(c("-4", "-3", "-2", "-1", 
    "0", "1", "2", NA), c("C", "G", "T", NA)), .Names = c("", 
    "")), class = "table"), N = 10866L), Tag.Distribution = structure(c(`1` = 221L, 
    `2` = 75L, `3` = 54L, `4` = 42L, `5` = 50L, `6` = 54L, `7` = 39L, 
    `8` = 35L, `9` = 43L, `10` = 37L, `11` = 38L, `12` = 30L, 
    `13` = 23L, `14` = 23L, `15` = 17L, `16` = 22L, `17` = 19L, 
    `18` = 28L, `19` = 24L, `20` = 20L, `21` = 14L, `22` = 14L, 
    `23` = 19L, `24` = 7L, `25` = 12L, `26` = 6L, `27` = 5L, 
    `28` = 7L, `29` = 4L, `30` = 6L, `31` = 5L, `32` = 8L, `33` = 3L, 
    `34` = 4L, `35` = 3L, `36` = 7L, `37` = 5L, `38` = 3L, `39` = 1L, 
    `40` = 2L, `41` = 1L, `42` = 2L, `43` = 3L, `44` = 2L, `46` = 1L, 
    `54` = 1L, `60` = 1L, `62` = 1L, `63` = 1L), .Dim = 49L, .Dimnames = structure(list(
        c("1", "2", "3", "4", "5", "6", "7", "8", "9", "10", 
        "11", "12", "13", "14", "15", "16", "17", "18", "19", 
        "20", "21", "22", "23", "24", "25", "26", "27", "28", 
        "29", "30", "31", "32", "33", "34", "35", "36", "37", 
        "38", "39", "40", "41", "42", "43", "44", "46", "54", 
        "60", "62", "63")), .Names = ""), class = "table"), No.Tag = structure(c(0L, 
    0L, 0L, 0L, 0L, 0L, 0L, 0L, 0L, 0L, 0L, 8L, 206L, 10L, 0L, 
    3L, 0L, 0L, 0L, 0L, 0L, 0L, 0L, 0L, 0L, 0L, 0L, 0L, 27L, 
    0L, 0L, 0L), .Dim = c(8L, 4L), .Dimnames = structure(list(
        c("-4", "-3", "-2", "-1", "0", "1", "2", NA), c("C", 
        "G", "T", NA)), .Names = c("", "")), class = "table"), 
    All.Tags = list(Concordant = list(Freqs = structure(c(0, 
    0, 1, 0, 1, 0, 0, 0, 0, 1, 6, 653, 2, 1, 0, 0, 0, 0, 0, 0, 
    0), .Dim = c(7L, 3L), .Dimnames = list(c("-4", "-3", "-2", 
    "-1", "0", "1", "2"), c("C", "G", "T"))), N = 665), Majority = list(
        Freqs = structure(c(0, 0, 1, 0, 1, 0, 0, 0, 0, 2, 6, 
        963, 3, 1, 0, 0, 0, 0, 0, 0, 0), .Dim = c(7L, 3L), .Dimnames = list(
            c("-4", "-3", "-2", "-1", "0", "1", "2"), c("C", 
            "G", "T"))), N = 977)), `2` = structure(c(0, 0, 0, 
    0, 0, 0, 0, 0, 0, 1, 1, 802, 1, 0, 0, 0, 0, 0, 0, 0, 0), .Dim = c(7L, 
    3L), .Dimnames = list(c("-4", "-3", "-2", "-1", "0", "1", 
    "2"), c("C", "G", "T"))))))
