Results <-
list(`bwaOutput/20210421msiMNRsJenny/226491_S85.sam` = list(LR49_SNP1 = list(
    All = list(Freqs = structure(c(0L, 1L, 0L, 0L, 28L, 7180L, 
    2L, 5L, 0L, 13L, 0L, 0L, 0L, 0L, 0L, 1L, 0L, 138L, 0L, 0L
    ), .Dim = 4:5, .Dimnames = structure(list(c("-1", "0", "1", 
    NA), c("-", "A", "G", "T", NA)), .Names = c("", "")), class = "table"), 
        N = 7368L), Tag.Distribution = structure(c(`1` = 197L, 
    `2` = 61L, `3` = 44L, `4` = 45L, `5` = 48L, `6` = 32L, `7` = 30L, 
    `8` = 27L, `9` = 36L, `10` = 23L, `11` = 25L, `12` = 26L, 
    `13` = 21L, `14` = 23L, `15` = 19L, `16` = 18L, `17` = 7L, 
    `18` = 14L, `19` = 14L, `20` = 11L, `21` = 6L, `22` = 4L, 
    `23` = 10L, `24` = 4L, `25` = 13L, `26` = 5L, `27` = 2L, 
    `28` = 2L, `29` = 6L, `30` = 2L, `31` = 4L, `32` = 3L, `33` = 1L, 
    `34` = 4L, `35` = 1L, `36` = 3L, `37` = 5L, `38` = 1L, `40` = 1L, 
    `42` = 1L, `43` = 1L, `44` = 1L, `46` = 1L, `50` = 1L, `64` = 1L
    ), .Dim = 45L, .Dimnames = structure(list(c("1", "2", "3", 
    "4", "5", "6", "7", "8", "9", "10", "11", "12", "13", "14", 
    "15", "16", "17", "18", "19", "20", "21", "22", "23", "24", 
    "25", "26", "27", "28", "29", "30", "31", "32", "33", "34", 
    "35", "36", "37", "38", "40", "42", "43", "44", "46", "50", 
    "64")), .Names = ""), class = "table"), No.Tag = structure(c(0L, 
    0L, 0L, 0L, 0L, 271L, 0L, 2L, 0L, 0L, 0L, 0L, 0L, 0L, 0L, 
    0L, 0L, 17L, 0L, 0L), .Dim = 4:5, .Dimnames = structure(list(
        c("-1", "0", "1", NA), c("-", "A", "G", "T", NA)), .Names = c("", 
    "")), class = "table"), All.Tags = list(Concordant = list(
        Freqs = structure(c(0, 0, 0, 1, 757, 0, 0, 7, 0, 0, 0, 
        0), .Dim = 3:4, .Dimnames = list(c("-1", "0", "1"), c("-", 
        "A", "G", "T"))), N = 765), Majority = list(Freqs = structure(c(0, 
    0, 0, 2, 780, 0, 0, 7, 0, 0, 0, 0), .Dim = 3:4, .Dimnames = list(
        c("-1", "0", "1"), c("-", "A", "G", "T"))), N = 789)), 
    `2` = structure(c(0, 0, 0, 1, 605, 0, 0, 0, 0, 0, 0, 0), .Dim = 3:4, .Dimnames = list(
        c("-1", "0", "1"), c("-", "A", "G", "T"))))))
