Results <-
list(`bwaOutput/20210421msiMNRsJenny/226491_S85.sam` = list(LR17_SNP1 = list(
    All = list(Freqs = structure(c(3L, 21L, 697L, 16656L, 261L, 
    3L, 120L, 0L, 0L, 0L, 3L, 0L, 0L, 0L, 0L, 0L, 29L, 1173L, 
    7L, 0L, 0L), .Dim = c(7L, 3L), .Dimnames = structure(list(
        c("-3", "-2", "-1", "0", "1", "2", NA), c("A", "G", NA
        )), .Names = c("", "")), class = "table"), N = 18973L), 
    Tag.Distribution = structure(c(`1` = 323L, `2` = 55L, `3` = 44L, 
    `4` = 32L, `5` = 35L, `6` = 29L, `7` = 41L, `8` = 41L, `9` = 30L, 
    `10` = 43L, `11` = 30L, `12` = 37L, `13` = 37L, `14` = 26L, 
    `15` = 35L, `16` = 33L, `17` = 26L, `18` = 26L, `19` = 37L, 
    `20` = 34L, `21` = 21L, `22` = 27L, `23` = 26L, `24` = 13L, 
    `25` = 18L, `26` = 30L, `27` = 18L, `28` = 24L, `29` = 11L, 
    `30` = 11L, `31` = 18L, `32` = 11L, `33` = 15L, `34` = 7L, 
    `35` = 15L, `36` = 9L, `37` = 5L, `38` = 6L, `39` = 7L, `40` = 5L, 
    `41` = 7L, `42` = 3L, `43` = 4L, `44` = 3L, `45` = 7L, `46` = 4L, 
    `48` = 3L, `49` = 3L, `50` = 1L, `51` = 1L, `52` = 2L, `55` = 1L, 
    `56` = 2L, `58` = 1L, `60` = 1L, `61` = 1L, `64` = 1L, `65` = 2L, 
    `67` = 1L, `84` = 1L, `91` = 1L), .Dim = 61L, .Dimnames = structure(list(
        c("1", "2", "3", "4", "5", "6", "7", "8", "9", "10", 
        "11", "12", "13", "14", "15", "16", "17", "18", "19", 
        "20", "21", "22", "23", "24", "25", "26", "27", "28", 
        "29", "30", "31", "32", "33", "34", "35", "36", "37", 
        "38", "39", "40", "41", "42", "43", "44", "45", "46", 
        "48", "49", "50", "51", "52", "55", "56", "58", "60", 
        "61", "64", "65", "67", "84", "91")), .Names = ""), class = "table"), 
    No.Tag = structure(c(0L, 0L, 20L, 701L, 6L, 0L, 7L, 0L, 0L, 
    0L, 0L, 0L, 0L, 0L, 0L, 0L, 3L, 60L, 0L, 0L, 0L), .Dim = c(7L, 
    3L), .Dimnames = structure(list(c("-3", "-2", "-1", "0", 
    "1", "2", NA), c("A", "G", NA)), .Names = c("", "")), class = "table"), 
    All.Tags = list(Concordant = list(Freqs = structure(c(0, 
    0, 9, 825, 6, 0, 0, 0, 0, 0, 0, 0), .Dim = c(6L, 2L), .Dimnames = list(
        c("-3", "-2", "-1", "0", "1", "2"), c("A", "G"))), N = 840), 
        Majority = list(Freqs = structure(c(0, 0, 14, 1277, 9, 
        0, 0, 0, 0, 0, 0, 0), .Dim = c(6L, 2L), .Dimnames = list(
            c("-3", "-2", "-1", "0", "1", "2"), c("A", "G"))), 
            N = 1300)), `2` = structure(c(0, 0, 8, 1002, 4, 0, 
    0, 0, 0, 0, 0, 0), .Dim = c(6L, 2L), .Dimnames = list(c("-3", 
    "-2", "-1", "0", "1", "2"), c("A", "G"))))))
