Results <-
list(`bwaOutput/20210421msiMNRsJenny/226491_S85.sam` = list(LR44_SNP1 = list(
    All = list(Freqs = structure(c(9L, 104L, 1216L, 14L, 0L, 
    6L, 0L, 0L, 11L, 0L, 0L, 0L, 1L, 114L, 1300L, 24L, 0L, 12L, 
    1L, 3L, 67L, 1L, 1L, 0L), .Dim = c(6L, 4L), .Dimnames = structure(list(
        c("-2", "-1", "0", "1", "2", NA), c("C", "G", "T", NA
        )), .Names = c("", "")), class = "table"), N = 2884L), 
    Tag.Distribution = structure(c(`1` = 49L, `2` = 8L, `3` = 6L, 
    `4` = 19L, `5` = 11L, `6` = 9L, `7` = 9L, `8` = 9L, `9` = 3L, 
    `10` = 10L, `11` = 7L, `12` = 6L, `13` = 7L, `14` = 5L, `15` = 3L, 
    `16` = 6L, `17` = 3L, `18` = 3L, `19` = 3L, `20` = 8L, `21` = 6L, 
    `22` = 5L, `23` = 4L, `24` = 5L, `25` = 6L, `26` = 5L, `27` = 4L, 
    `28` = 4L, `29` = 1L, `30` = 3L, `31` = 7L, `32` = 1L, `34` = 1L, 
    `36` = 1L, `39` = 1L, `40` = 1L, `42` = 1L), .Dim = 37L, .Dimnames = structure(list(
        c("1", "2", "3", "4", "5", "6", "7", "8", "9", "10", 
        "11", "12", "13", "14", "15", "16", "17", "18", "19", 
        "20", "21", "22", "23", "24", "25", "26", "27", "28", 
        "29", "30", "31", "32", "34", "36", "39", "40", "42")), .Names = ""), class = "table"), 
    No.Tag = structure(c(0L, 4L, 31L, 0L, 0L, 0L, 0L, 0L, 1L, 
    0L, 0L, 0L, 0L, 4L, 29L, 0L, 0L, 1L, 0L, 0L, 4L, 0L, 0L, 
    0L), .Dim = c(6L, 4L), .Dimnames = structure(list(c("-2", 
    "-1", "0", "1", "2", NA), c("C", "G", "T", NA)), .Names = c("", 
    "")), class = "table"), All.Tags = list(Concordant = list(
        Freqs = structure(c(0, 4, 60, 3, 0, 0, 0, 1, 0, 0, 0, 
        1, 56, 0, 0), .Dim = c(5L, 3L), .Dimnames = list(c("-2", 
        "-1", "0", "1", "2"), c("C", "G", "T"))), N = 125), Majority = list(
        Freqs = structure(c(0, 6, 110, 3, 0, 0, 0, 1, 0, 0, 0, 
        1, 113, 0, 0), .Dim = c(5L, 3L), .Dimnames = list(c("-2", 
        "-1", "0", "1", "2"), c("C", "G", "T"))), N = 234)), 
    `2` = structure(c(0, 2, 93, 0, 0, 0, 0, 1, 0, 0, 0, 1, 91, 
    0, 0), .Dim = c(5L, 3L), .Dimnames = list(c("-2", "-1", "0", 
    "1", "2"), c("C", "G", "T"))))))
