Results <-
list(`bwaOutput/20210421msiMNRsJenny/226491_S85.sam` = list(LR46_SNP1 = list(
    All = list(Freqs = structure(c(0L, 0L, 1L, 0L, 0L, 1L, 28L, 
    7052L, 17L, 13L, 0L, 0L, 15L, 0L, 0L, 0L, 0L, 64L, 0L, 0L
    ), .Dim = 5:4, .Dimnames = structure(list(c("-2", "-1", "0", 
    "1", NA), c("A", "G", "T", NA)), .Names = c("", "")), class = "table"), 
        N = 7191L), Tag.Distribution = structure(c(`1` = 155L, 
    `2` = 14L, `3` = 31L, `4` = 27L, `5` = 18L, `6` = 29L, `7` = 19L, 
    `8` = 20L, `9` = 20L, `10` = 22L, `11` = 19L, `12` = 18L, 
    `13` = 17L, `14` = 16L, `15` = 14L, `16` = 16L, `17` = 11L, 
    `18` = 11L, `19` = 9L, `20` = 11L, `21` = 6L, `22` = 9L, 
    `23` = 8L, `24` = 10L, `25` = 13L, `26` = 3L, `27` = 6L, 
    `28` = 4L, `29` = 2L, `30` = 8L, `31` = 5L, `32` = 6L, `33` = 6L, 
    `34` = 3L, `35` = 3L, `36` = 2L, `37` = 2L, `38` = 3L, `40` = 2L, 
    `41` = 1L, `43` = 6L, `45` = 1L, `46` = 1L, `47` = 1L, `49` = 1L, 
    `50` = 1L, `53` = 1L, `54` = 1L, `77` = 1L), .Dim = 49L, .Dimnames = structure(list(
        c("1", "2", "3", "4", "5", "6", "7", "8", "9", "10", 
        "11", "12", "13", "14", "15", "16", "17", "18", "19", 
        "20", "21", "22", "23", "24", "25", "26", "27", "28", 
        "29", "30", "31", "32", "33", "34", "35", "36", "37", 
        "38", "40", "41", "43", "45", "46", "47", "49", "50", 
        "53", "54", "77")), .Names = ""), class = "table"), No.Tag = structure(c(0L, 
    0L, 0L, 0L, 0L, 0L, 2L, 192L, 0L, 2L, 0L, 0L, 0L, 0L, 0L, 
    0L, 0L, 7L, 0L, 0L), .Dim = 5:4, .Dimnames = structure(list(
        c("-2", "-1", "0", "1", NA), c("A", "G", "T", NA)), .Names = c("", 
    "")), class = "table"), All.Tags = list(Concordant = list(
        Freqs = structure(c(0, 0, 0, 0, 0, 1, 559, 1, 0, 0, 3, 
        0), .Dim = 4:3, .Dimnames = list(c("-2", "-1", "0", "1"
        ), c("A", "G", "T"))), N = 564), Majority = list(Freqs = structure(c(0, 
    0, 0, 0, 0, 1, 603, 1, 0, 0, 3, 0), .Dim = 4:3, .Dimnames = list(
        c("-2", "-1", "0", "1"), c("A", "G", "T"))), N = 608)), 
    `2` = structure(c(0, 0, 0, 0, 0, 0, 458, 0, 0, 0, 0, 0), .Dim = 4:3, .Dimnames = list(
        c("-2", "-1", "0", "1"), c("A", "G", "T"))))))
