Results <-
list(`bwaOutput/20210421msiMNRsJenny/226491_S85.sam` = list(LR36_SNP1 = list(
    All = list(Freqs = structure(c(0L, 0L, 0L, 1L, 0L, 0L, 0L, 
    0L, 1L, 5L, 115L, 5365L, 456L, 3L, 0L, 116L, 0L, 0L, 0L, 
    4L, 0L, 0L, 0L, 0L, 0L, 7L, 80L, 4682L, 46L, 0L, 3L, 44L, 
    0L, 1L, 5L, 577L, 5L, 2L, 0L, 0L), .Dim = c(8L, 5L), .Dimnames = structure(list(
        c("-3", "-2", "-1", "0", "1", "2", "3", NA), c("-", "A", 
        "G", "T", NA)), .Names = c("", "")), class = "table"), 
        N = 11518L), Tag.Distribution = structure(c(`1` = 217L, 
    `2` = 60L, `3` = 46L, `4` = 40L, `5` = 40L, `6` = 30L, `7` = 43L, 
    `8` = 36L, `9` = 30L, `10` = 32L, `11` = 16L, `12` = 24L, 
    `13` = 37L, `14` = 18L, `15` = 21L, `16` = 27L, `17` = 28L, 
    `18` = 22L, `19` = 19L, `20` = 22L, `21` = 24L, `22` = 17L, 
    `23` = 14L, `24` = 8L, `25` = 16L, `26` = 17L, `27` = 9L, 
    `28` = 10L, `29` = 8L, `30` = 5L, `31` = 4L, `32` = 9L, `33` = 7L, 
    `34` = 5L, `35` = 6L, `36` = 7L, `37` = 3L, `39` = 1L, `40` = 2L, 
    `41` = 3L, `42` = 2L, `44` = 1L, `45` = 1L, `46` = 1L, `51` = 1L, 
    `53` = 1L, `54` = 1L, `58` = 1L, `66` = 1L, `67` = 1L), .Dim = 50L, .Dimnames = structure(list(
        c("1", "2", "3", "4", "5", "6", "7", "8", "9", "10", 
        "11", "12", "13", "14", "15", "16", "17", "18", "19", 
        "20", "21", "22", "23", "24", "25", "26", "27", "28", 
        "29", "30", "31", "32", "33", "34", "35", "36", "37", 
        "39", "40", "41", "42", "44", "45", "46", "51", "53", 
        "54", "58", "66", "67")), .Names = ""), class = "table"), 
    No.Tag = structure(c(0L, 0L, 0L, 0L, 0L, 0L, 0L, 0L, 0L, 
    0L, 2L, 158L, 11L, 0L, 0L, 13L, 0L, 0L, 0L, 1L, 0L, 0L, 0L, 
    0L, 0L, 0L, 3L, 140L, 1L, 0L, 1L, 7L, 0L, 0L, 0L, 35L, 0L, 
    0L, 0L, 0L), .Dim = c(8L, 5L), .Dimnames = structure(list(
        c("-3", "-2", "-1", "0", "1", "2", "3", NA), c("-", "A", 
        "G", "T", NA)), .Names = c("", "")), class = "table"), 
    All.Tags = list(Concordant = list(Freqs = structure(c(0, 
    0, 0, 0, 0, 0, 0, 0, 0, 1, 343, 25, 0, 0, 0, 0, 0, 0, 0, 
    0, 0, 0, 1, 1, 306, 3, 0, 0), .Dim = c(7L, 4L), .Dimnames = list(
        c("-3", "-2", "-1", "0", "1", "2", "3"), c("-", "A", 
        "G", "T"))), N = 680), Majority = list(Freqs = structure(c(0, 
    0, 0, 0, 0, 0, 0, 0, 0, 1, 473, 39, 0, 0, 0, 0, 0, 0, 0, 
    0, 0, 0, 1, 1, 430, 3, 0, 0), .Dim = c(7L, 4L), .Dimnames = list(
        c("-3", "-2", "-1", "0", "1", "2", "3"), c("-", "A", 
        "G", "T"))), N = 948)), `2` = structure(c(0, 0, 0, 0, 
    0, 0, 0, 0, 0, 0, 390, 29, 0, 0, 0, 0, 0, 0, 0, 0, 0, 0, 
    0, 0, 346, 1, 0, 0), .Dim = c(7L, 4L), .Dimnames = list(c("-3", 
    "-2", "-1", "0", "1", "2", "3"), c("-", "A", "G", "T"))))))
