Results <-
list(`bwaOutput/20210421msiMNRsJenny/226491_S85.sam` = list(GM26_SNP1 = list(
    All = list(Freqs = structure(c(21L, 3368L, 8L, 1L, 2L, 24L, 
    2563L, 8L, 0L, 0L, 0L, 1L, 0L, 0L, 0L, 0L, 101L, 0L, 0L, 
    0L), .Dim = 5:4, .Dimnames = structure(list(c("-1", "0", 
    "1", "2", NA), c("A", "G", "T", NA)), .Names = c("", "")), class = "table"), 
        N = 6097L), Tag.Distribution = structure(c(`1` = 117L, 
    `2` = 22L, `3` = 22L, `4` = 21L, `5` = 27L, `6` = 19L, `7` = 23L, 
    `8` = 17L, `9` = 12L, `10` = 12L, `11` = 18L, `12` = 20L, 
    `13` = 13L, `14` = 16L, `15` = 13L, `16` = 15L, `17` = 4L, 
    `18` = 14L, `19` = 6L, `20` = 9L, `21` = 3L, `22` = 5L, `23` = 2L, 
    `24` = 6L, `25` = 6L, `26` = 10L, `27` = 5L, `28` = 7L, `29` = 10L, 
    `30` = 3L, `31` = 5L, `32` = 6L, `33` = 6L, `34` = 4L, `35` = 2L, 
    `36` = 1L, `37` = 2L, `39` = 1L, `41` = 2L, `42` = 2L, `43` = 2L, 
    `44` = 2L, `45` = 1L, `48` = 1L, `49` = 1L, `50` = 1L, `52` = 1L
    ), .Dim = 47L, .Dimnames = structure(list(c("1", "2", "3", 
    "4", "5", "6", "7", "8", "9", "10", "11", "12", "13", "14", 
    "15", "16", "17", "18", "19", "20", "21", "22", "23", "24", 
    "25", "26", "27", "28", "29", "30", "31", "32", "33", "34", 
    "35", "36", "37", "39", "41", "42", "43", "44", "45", "48", 
    "49", "50", "52")), .Names = ""), class = "table"), No.Tag = structure(c(0L, 
    101L, 0L, 0L, 0L, 0L, 58L, 1L, 0L, 0L, 0L, 0L, 0L, 0L, 0L, 
    0L, 4L, 0L, 0L, 0L), .Dim = 5:4, .Dimnames = structure(list(
        c("-1", "0", "1", "2", NA), c("A", "G", "T", NA)), .Names = c("", 
    "")), class = "table"), All.Tags = list(Concordant = list(
        Freqs = structure(c(0, 251, 0, 0, 0, 174, 1, 0, 0, 0, 
        0, 0), .Dim = 4:3, .Dimnames = list(c("-1", "0", "1", 
        "2"), c("A", "G", "T"))), N = 426), Majority = list(Freqs = structure(c(0, 
    292, 0, 0, 0, 215, 1, 0, 0, 0, 0, 0), .Dim = 4:3, .Dimnames = list(
        c("-1", "0", "1", "2"), c("A", "G", "T"))), N = 508)), 
    `2` = structure(c(0, 220, 0, 0, 0, 178, 0, 0, 0, 0, 0, 0), .Dim = 4:3, .Dimnames = list(
        c("-1", "0", "1", "2"), c("A", "G", "T"))))))
