Results <-
list(`bwaOutput/20210421msiMNRsJenny/226491_S85.sam` = list(LR11_SNP1 = list(
    All = list(Freqs = structure(c(1L, 4L, 176L, 6220L, 47L, 
    2L, 18L, 0L, 1L, 94L, 4957L, 32L, 2L, 20L, 0L, 0L, 0L, 1L, 
    0L, 0L, 0L, 0L, 0L, 8L, 279L, 2L, 0L, 0L), .Dim = c(7L, 4L
    ), .Dimnames = structure(list(c("-3", "-2", "-1", "0", "1", 
    "2", NA), c("A", "C", "T", NA)), .Names = c("", "")), class = "table"), 
        N = 11864L), Tag.Distribution = structure(c(`1` = 221L, 
    `2` = 34L, `3` = 33L, `4` = 32L, `5` = 32L, `6` = 34L, `7` = 34L, 
    `8` = 26L, `9` = 28L, `10` = 26L, `11` = 23L, `12` = 27L, 
    `13` = 25L, `14` = 35L, `15` = 31L, `16` = 34L, `17` = 22L, 
    `18` = 18L, `19` = 29L, `20` = 23L, `21` = 25L, `22` = 17L, 
    `23` = 24L, `24` = 15L, `25` = 18L, `26` = 10L, `27` = 6L, 
    `28` = 6L, `29` = 11L, `30` = 11L, `31` = 8L, `33` = 2L, 
    `34` = 9L, `35` = 4L, `36` = 1L, `37` = 3L, `38` = 3L, `39` = 2L, 
    `40` = 3L, `41` = 3L, `42` = 1L, `43` = 3L, `44` = 1L, `46` = 2L, 
    `47` = 1L, `48` = 1L, `49` = 1L, `50` = 2L, `51` = 1L, `53` = 2L, 
    `54` = 1L, `65` = 1L), .Dim = 52L, .Dimnames = structure(list(
        c("1", "2", "3", "4", "5", "6", "7", "8", "9", "10", 
        "11", "12", "13", "14", "15", "16", "17", "18", "19", 
        "20", "21", "22", "23", "24", "25", "26", "27", "28", 
        "29", "30", "31", "33", "34", "35", "36", "37", "38", 
        "39", "40", "41", "42", "43", "44", "46", "47", "48", 
        "49", "50", "51", "53", "54", "65")), .Names = ""), class = "table"), 
    No.Tag = structure(c(0L, 0L, 0L, 84L, 0L, 0L, 0L, 0L, 0L, 
    5L, 141L, 1L, 0L, 1L, 0L, 0L, 0L, 0L, 0L, 0L, 0L, 0L, 0L, 
    0L, 15L, 0L, 0L, 0L), .Dim = c(7L, 4L), .Dimnames = structure(list(
        c("-3", "-2", "-1", "0", "1", "2", NA), c("A", "C", "T", 
        NA)), .Names = c("", "")), class = "table"), All.Tags = list(
        Concordant = list(Freqs = structure(c(0, 0, 3, 364, 1, 
        0, 0, 0, 3, 304, 0, 0, 0, 0, 0, 0, 0, 0), .Dim = c(6L, 
        3L), .Dimnames = list(c("-3", "-2", "-1", "0", "1", "2"
        ), c("A", "C", "T"))), N = 675), Majority = list(Freqs = structure(c(0, 
        0, 5, 508, 1, 0, 0, 0, 3, 418, 0, 0, 0, 0, 0, 0, 0, 0
        ), .Dim = c(6L, 3L), .Dimnames = list(c("-3", "-2", "-1", 
        "0", "1", "2"), c("A", "C", "T"))), N = 935)), `2` = structure(c(0, 
    0, 3, 402, 0, 0, 0, 0, 0, 332, 0, 0, 0, 0, 0, 0, 0, 0), .Dim = c(6L, 
    3L), .Dimnames = list(c("-3", "-2", "-1", "0", "1", "2"), 
        c("A", "C", "T"))))))
