Results <-
list(`bwaOutput/20210421msiMNRsJenny/226491_S85.sam` = list(GM01_SNP1 = list(
    All = list(Freqs = structure(c(0L, 0L, 81L, 6101L, 27L, 5L, 
    1L, 1L, 110L, 7280L, 18L, 9L, 0L, 0L, 0L, 152L, 3L, 0L), .Dim = c(6L, 
    3L), .Dimnames = structure(list(c("-3", "-2", "-1", "0", 
    "1", NA), c("A", "G", NA)), .Names = c("", "")), class = "table"), 
        N = 13788L), Tag.Distribution = structure(c(`1` = 182L, 
    `2` = 40L, `3` = 36L, `4` = 34L, `5` = 38L, `6` = 33L, `7` = 33L, 
    `8` = 47L, `9` = 29L, `10` = 30L, `11` = 18L, `12` = 23L, 
    `13` = 21L, `14` = 31L, `15` = 30L, `16` = 22L, `17` = 31L, 
    `18` = 16L, `19` = 28L, `20` = 17L, `21` = 16L, `22` = 32L, 
    `23` = 23L, `24` = 18L, `25` = 10L, `26` = 14L, `27` = 17L, 
    `28` = 12L, `29` = 11L, `30` = 6L, `31` = 14L, `32` = 13L, 
    `33` = 15L, `34` = 2L, `35` = 4L, `36` = 9L, `37` = 3L, `38` = 4L, 
    `39` = 4L, `40` = 2L, `41` = 9L, `42` = 1L, `45` = 5L, `46` = 4L, 
    `47` = 1L, `48` = 1L, `50` = 3L, `51` = 1L, `58` = 3L, `59` = 1L, 
    `63` = 1L, `67` = 1L, `78` = 1L), .Dim = 53L, .Dimnames = structure(list(
        c("1", "2", "3", "4", "5", "6", "7", "8", "9", "10", 
        "11", "12", "13", "14", "15", "16", "17", "18", "19", 
        "20", "21", "22", "23", "24", "25", "26", "27", "28", 
        "29", "30", "31", "32", "33", "34", "35", "36", "37", 
        "38", "39", "40", "41", "42", "45", "46", "47", "48", 
        "50", "51", "58", "59", "63", "67", "78")), .Names = ""), class = "table"), 
    No.Tag = structure(c(0L, 0L, 2L, 121L, 0L, 0L, 0L, 0L, 0L, 
    84L, 0L, 0L, 0L, 0L, 0L, 7L, 0L, 0L), .Dim = c(6L, 3L), .Dimnames = structure(list(
        c("-3", "-2", "-1", "0", "1", NA), c("A", "G", NA)), .Names = c("", 
    "")), class = "table"), All.Tags = list(Concordant = list(
        Freqs = structure(c(0, 0, 3, 337, 1, 0, 0, 2, 394, 0), .Dim = c(5L, 
        2L), .Dimnames = list(c("-3", "-2", "-1", "0", "1"), 
            c("A", "G"))), N = 737), Majority = list(Freqs = structure(c(0, 
    0, 3, 437, 1, 0, 0, 2, 540, 0), .Dim = c(5L, 2L), .Dimnames = list(
        c("-3", "-2", "-1", "0", "1"), c("A", "G"))), N = 983)), 
    `2` = structure(c(0, 0, 0, 356, 0, 0, 0, 1, 454, 0), .Dim = c(5L, 
    2L), .Dimnames = list(c("-3", "-2", "-1", "0", "1"), c("A", 
    "G"))))))
