Results <-
list(`bwaOutput/20210421msiMNRsJenny/226491_S85.sam` = list(DEPDC2_SNP1 = list(
    All = list(Freqs = structure(c(0L, 0L, 1L, 0L, 0L, 0L, 0L, 
    4L, 0L, 0L, 1L, 46L, 7958L, 27L, 45L, 0L, 0L, 52L, 0L, 0L
    ), .Dim = 5:4, .Dimnames = structure(list(c("-2", "-1", "0", 
    "1", NA), c("A", "C", "T", NA)), .Names = c("", "")), class = "table"), 
        N = 8134L), Tag.Distribution = structure(c(`1` = 185L, 
    `2` = 50L, `3` = 40L, `4` = 37L, `5` = 35L, `6` = 40L, `7` = 34L, 
    `8` = 37L, `9` = 24L, `10` = 23L, `11` = 27L, `12` = 20L, 
    `13` = 20L, `14` = 23L, `15` = 18L, `16` = 16L, `17` = 15L, 
    `18` = 17L, `19` = 9L, `20` = 11L, `21` = 10L, `22` = 12L, 
    `23` = 18L, `24` = 9L, `25` = 9L, `26` = 6L, `27` = 3L, `28` = 3L, 
    `29` = 8L, `30` = 1L, `31` = 9L, `32` = 3L, `33` = 2L, `34` = 3L, 
    `35` = 4L, `37` = 3L, `38` = 2L, `39` = 2L, `41` = 2L, `44` = 1L, 
    `47` = 1L, `48` = 2L, `49` = 1L, `50` = 1L, `53` = 1L), .Dim = 45L, .Dimnames = structure(list(
        c("1", "2", "3", "4", "5", "6", "7", "8", "9", "10", 
        "11", "12", "13", "14", "15", "16", "17", "18", "19", 
        "20", "21", "22", "23", "24", "25", "26", "27", "28", 
        "29", "30", "31", "32", "33", "34", "35", "37", "38", 
        "39", "41", "44", "47", "48", "49", "50", "53")), .Names = ""), class = "table"), 
    No.Tag = structure(c(0L, 0L, 0L, 0L, 0L, 0L, 0L, 0L, 0L, 
    0L, 0L, 5L, 291L, 1L, 4L, 0L, 0L, 7L, 0L, 0L), .Dim = 5:4, .Dimnames = structure(list(
        c("-2", "-1", "0", "1", NA), c("A", "C", "T", NA)), .Names = c("", 
    "")), class = "table"), All.Tags = list(Concordant = list(
        Freqs = structure(c(0, 0, 0, 0, 0, 0, 3, 0, 0, 0, 725, 
        0), .Dim = 4:3, .Dimnames = list(c("-2", "-1", "0", "1"
        ), c("A", "C", "T"))), N = 728), Majority = list(Freqs = structure(c(0, 
    0, 0, 0, 0, 0, 3, 0, 0, 0, 785, 0), .Dim = 4:3, .Dimnames = list(
        c("-2", "-1", "0", "1"), c("A", "C", "T"))), N = 788)), 
    `2` = structure(c(0, 0, 0, 0, 0, 0, 0, 0, 0, 0, 611, 0), .Dim = 4:3, .Dimnames = list(
        c("-2", "-1", "0", "1"), c("A", "C", "T"))))))
