Results <-
list(`bwaOutput/20210421msiMNRsJenny/226491_S85.sam` = list(GM14_SNP1 = list(
    All = list(Freqs = structure(c(0L, 0L, 0L, 1L, 0L, 0L, 0L, 
    1L, 8L, 277L, 8809L, 62L, 1L, 25L, 0L, 0L, 1L, 6L, 0L, 0L, 
    0L, 0L, 0L, 3L, 105L, 0L, 0L, 0L), .Dim = c(7L, 4L), .Dimnames = structure(list(
        c("-4", "-2", "-1", "0", "1", "2", NA), c("A", "C", "T", 
        NA)), .Names = c("", "")), class = "table"), N = 9299L), 
    Tag.Distribution = structure(c(`1` = 173L, `2` = 48L, `3` = 28L, 
    `4` = 34L, `5` = 25L, `6` = 19L, `7` = 19L, `8` = 27L, `9` = 24L, 
    `10` = 33L, `11` = 23L, `12` = 15L, `13` = 22L, `14` = 8L, 
    `15` = 21L, `16` = 15L, `17` = 25L, `18` = 20L, `19` = 21L, 
    `20` = 21L, `21` = 12L, `22` = 13L, `23` = 17L, `24` = 15L, 
    `25` = 15L, `26` = 11L, `27` = 14L, `28` = 9L, `29` = 8L, 
    `30` = 10L, `31` = 5L, `32` = 3L, `33` = 3L, `34` = 3L, `35` = 5L, 
    `36` = 1L, `37` = 4L, `39` = 2L, `40` = 3L, `41` = 1L, `42` = 1L, 
    `43` = 1L, `45` = 1L, `46` = 2L, `49` = 1L), .Dim = 45L, .Dimnames = structure(list(
        c("1", "2", "3", "4", "5", "6", "7", "8", "9", "10", 
        "11", "12", "13", "14", "15", "16", "17", "18", "19", 
        "20", "21", "22", "23", "24", "25", "26", "27", "28", 
        "29", "30", "31", "32", "33", "34", "35", "36", "37", 
        "39", "40", "41", "42", "43", "45", "46", "49")), .Names = ""), class = "table"), 
    No.Tag = structure(c(0L, 0L, 0L, 0L, 0L, 0L, 0L, 0L, 0L, 
    5L, 236L, 1L, 0L, 1L, 0L, 0L, 0L, 0L, 0L, 0L, 0L, 0L, 0L, 
    0L, 10L, 0L, 0L, 0L), .Dim = c(7L, 4L), .Dimnames = structure(list(
        c("-4", "-2", "-1", "0", "1", "2", NA), c("A", "C", "T", 
        NA)), .Names = c("", "")), class = "table"), All.Tags = list(
        Concordant = list(Freqs = structure(c(0, 0, 0, 0, 0, 
        0, 0, 0, 8, 545, 4, 0, 0, 0, 1, 5, 0, 0), .Dim = c(6L, 
        3L), .Dimnames = list(c("-4", "-2", "-1", "0", "1", "2"
        ), c("A", "C", "T"))), N = 563), Majority = list(Freqs = structure(c(0, 
        0, 0, 0, 0, 0, 0, 0, 8, 756, 4, 0, 0, 0, 1, 5, 0, 0), .Dim = c(6L, 
        3L), .Dimnames = list(c("-4", "-2", "-1", "0", "1", "2"
        ), c("A", "C", "T"))), N = 774)), `2` = structure(c(0, 
    0, 0, 0, 0, 0, 0, 0, 1, 604, 1, 0, 0, 0, 0, 0, 0, 0), .Dim = c(6L, 
    3L), .Dimnames = list(c("-4", "-2", "-1", "0", "1", "2"), 
        c("A", "C", "T"))))))
