Results <-
list(`bwaOutput/20210421msiMNRsJenny/226491_S85.sam` = list(LR20_SNP1 = list(
    All = list(Freqs = structure(c(9L, 4398L, 6L, 2L, 8L, 3086L, 
    5L, 2L, 0L, 47L, 0L, 0L), .Dim = 4:3, .Dimnames = structure(list(
        c("-1", "0", "1", NA), c("A", "G", NA)), .Names = c("", 
    "")), class = "table"), N = 7563L), Tag.Distribution = structure(c(`1` = 143L, 
    `2` = 45L, `3` = 31L, `4` = 30L, `5` = 33L, `6` = 32L, `7` = 32L, 
    `8` = 24L, `9` = 30L, `10` = 21L, `11` = 20L, `12` = 34L, 
    `13` = 8L, `14` = 16L, `15` = 17L, `16` = 16L, `17` = 13L, 
    `18` = 13L, `19` = 14L, `20` = 12L, `21` = 7L, `22` = 11L, 
    `23` = 11L, `24` = 8L, `25` = 7L, `26` = 5L, `27` = 5L, `28` = 7L, 
    `29` = 9L, `30` = 4L, `31` = 6L, `32` = 6L, `33` = 3L, `34` = 2L, 
    `35` = 3L, `37` = 1L, `39` = 2L, `40` = 2L, `43` = 1L, `44` = 1L, 
    `49` = 2L, `50` = 2L, `61` = 1L, `71` = 1L), .Dim = 44L, .Dimnames = structure(list(
        c("1", "2", "3", "4", "5", "6", "7", "8", "9", "10", 
        "11", "12", "13", "14", "15", "16", "17", "18", "19", 
        "20", "21", "22", "23", "24", "25", "26", "27", "28", 
        "29", "30", "31", "32", "33", "34", "35", "37", "39", 
        "40", "43", "44", "49", "50", "61", "71")), .Names = ""), class = "table"), 
    No.Tag = structure(c(1L, 206L, 0L, 2L, 0L, 106L, 0L, 1L, 
    0L, 7L, 0L, 0L), .Dim = 4:3, .Dimnames = structure(list(c("-1", 
    "0", "1", NA), c("A", "G", NA)), .Names = c("", "")), class = "table"), 
    All.Tags = list(Concordant = list(Freqs = structure(c(0, 
    368, 0, 0, 248, 0), .Dim = 3:2, .Dimnames = list(c("-1", 
    "0", "1"), c("A", "G"))), N = 616), Majority = list(Freqs = structure(c(0, 
    405, 0, 0, 276, 0), .Dim = 3:2, .Dimnames = list(c("-1", 
    "0", "1"), c("A", "G"))), N = 681)), `2` = structure(c(0, 
    324, 0, 0, 219, 0), .Dim = 3:2, .Dimnames = list(c("-1", 
    "0", "1"), c("A", "G"))))))
