Results <-
list(`bwaOutput/20210421msiMNRsJenny/226491_S85.sam` = list(GM09_SNP1 = list(
    All = list(Freqs = structure(c(1L, 13L, 0L, 1L, 94L, 16237L, 
    23L, 8L, 0L, 1L, 0L, 0L, 1L, 115L, 3L, 0L), .Dim = c(4L, 
    4L), .Dimnames = structure(list(c("-1", "0", "1", NA), c("A", 
    "G", "T", NA)), .Names = c("", "")), class = "table"), N = 16497L), 
    Tag.Distribution = structure(c(`1` = 224L, `2` = 73L, `3` = 57L, 
    `4` = 50L, `5` = 43L, `6` = 51L, `7` = 59L, `8` = 34L, `9` = 51L, 
    `10` = 28L, `11` = 39L, `12` = 27L, `13` = 43L, `14` = 22L, 
    `15` = 35L, `16` = 18L, `17` = 26L, `18` = 26L, `19` = 20L, 
    `20` = 27L, `21` = 15L, `22` = 18L, `23` = 27L, `24` = 17L, 
    `25` = 27L, `26` = 26L, `27` = 11L, `28` = 13L, `29` = 9L, 
    `30` = 15L, `31` = 13L, `32` = 12L, `33` = 10L, `34` = 7L, 
    `35` = 4L, `36` = 3L, `37` = 5L, `38` = 8L, `39` = 4L, `40` = 7L, 
    `41` = 6L, `42` = 2L, `44` = 2L, `45` = 5L, `46` = 2L, `47` = 1L, 
    `48` = 3L, `49` = 3L, `50` = 1L, `51` = 1L, `52` = 2L, `53` = 2L, 
    `56` = 3L, `57` = 4L, `61` = 1L, `63` = 2L, `77` = 1L), .Dim = 57L, .Dimnames = structure(list(
        c("1", "2", "3", "4", "5", "6", "7", "8", "9", "10", 
        "11", "12", "13", "14", "15", "16", "17", "18", "19", 
        "20", "21", "22", "23", "24", "25", "26", "27", "28", 
        "29", "30", "31", "32", "33", "34", "35", "36", "37", 
        "38", "39", "40", "41", "42", "44", "45", "46", "47", 
        "48", "49", "50", "51", "52", "53", "56", "57", "61", 
        "63", "77")), .Names = ""), class = "table"), No.Tag = structure(c(0L, 
    0L, 0L, 1L, 3L, 489L, 1L, 5L, 0L, 0L, 0L, 0L, 0L, 14L, 0L, 
    0L), .Dim = c(4L, 4L), .Dimnames = structure(list(c("-1", 
    "0", "1", NA), c("A", "G", "T", NA)), .Names = c("", "")), class = "table"), 
    All.Tags = list(Concordant = list(Freqs = structure(c(1, 
    5, 0, 2, 1132, 0, 0, 0, 0), .Dim = c(3L, 3L), .Dimnames = list(
        c("-1", "0", "1"), c("A", "G", "T"))), N = 1140), Majority = list(
        Freqs = structure(c(1, 5, 0, 2, 1227, 0, 0, 0, 0), .Dim = c(3L, 
        3L), .Dimnames = list(c("-1", "0", "1"), c("A", "G", 
        "T"))), N = 1235)), `2` = structure(c(0, 0, 0, 1, 1019, 
    0, 0, 0, 0), .Dim = c(3L, 3L), .Dimnames = list(c("-1", "0", 
    "1"), c("A", "G", "T"))))))
