Results <-
list(`bwaOutput/20210421msiMNRsJenny/226491_S85.sam` = list(GM29_SNP1 = list(
    All = list(Freqs = structure(c(0L, 0L, 0L, 18L, 0L, 0L, 1L, 
    3L, 170L, 12559L, 47L, 23L, 0L, 0L, 3L, 144L, 0L, 0L), .Dim = c(6L, 
    3L), .Dimnames = structure(list(c("-3", "-2", "-1", "0", 
    "1", NA), c("A", "G", NA)), .Names = c("", "")), class = "table"), 
        N = 12968L), Tag.Distribution = structure(c(`1` = 162L, 
    `2` = 50L, `3` = 41L, `4` = 44L, `5` = 35L, `6` = 40L, `7` = 39L, 
    `8` = 37L, `9` = 30L, `10` = 42L, `11` = 22L, `12` = 23L, 
    `13` = 25L, `14` = 30L, `15` = 21L, `16` = 25L, `17` = 21L, 
    `18` = 27L, `19` = 16L, `20` = 18L, `21` = 16L, `22` = 19L, 
    `23` = 8L, `24` = 9L, `25` = 11L, `26` = 10L, `27` = 12L, 
    `28` = 10L, `29` = 12L, `30` = 6L, `31` = 14L, `32` = 9L, 
    `33` = 3L, `34` = 4L, `35` = 7L, `36` = 5L, `37` = 3L, `38` = 2L, 
    `39` = 7L, `40` = 4L, `41` = 1L, `42` = 3L, `43` = 4L, `44` = 1L, 
    `45` = 1L, `46` = 1L, `47` = 1L, `48` = 2L, `50` = 1L, `51` = 1L, 
    `52` = 1L, `55` = 1L, `56` = 1L, `62` = 1L, `63` = 2L, `67` = 1L, 
    `70` = 1L, `71` = 2L, `72` = 1L, `73` = 1L, `74` = 1L, `77` = 1L, 
    `84` = 1L, `87` = 1L, `90` = 1L, `96` = 1L), .Dim = 66L, .Dimnames = structure(list(
        c("1", "2", "3", "4", "5", "6", "7", "8", "9", "10", 
        "11", "12", "13", "14", "15", "16", "17", "18", "19", 
        "20", "21", "22", "23", "24", "25", "26", "27", "28", 
        "29", "30", "31", "32", "33", "34", "35", "36", "37", 
        "38", "39", "40", "41", "42", "43", "44", "45", "46", 
        "47", "48", "50", "51", "52", "55", "56", "62", "63", 
        "67", "70", "71", "72", "73", "74", "77", "84", "87", 
        "90", "96")), .Names = ""), class = "table"), No.Tag = structure(c(0L, 
    0L, 0L, 2L, 0L, 0L, 0L, 0L, 10L, 397L, 6L, 0L, 0L, 0L, 0L, 
    9L, 0L, 0L), .Dim = c(6L, 3L), .Dimnames = structure(list(
        c("-3", "-2", "-1", "0", "1", NA), c("A", "G", NA)), .Names = c("", 
    "")), class = "table"), All.Tags = list(Concordant = list(
        Freqs = structure(c(0, 0, 0, 8, 0, 0, 0, 4, 769, 1), .Dim = c(5L, 
        2L), .Dimnames = list(c("-3", "-2", "-1", "0", "1"), 
            c("A", "G"))), N = 782), Majority = list(Freqs = structure(c(0, 
    0, 0, 8, 0, 0, 0, 5, 915, 1), .Dim = c(5L, 2L), .Dimnames = list(
        c("-3", "-2", "-1", "0", "1"), c("A", "G"))), N = 929)), 
    `2` = structure(c(0, 0, 0, 0, 0, 0, 0, 2, 783, 0), .Dim = c(5L, 
    2L), .Dimnames = list(c("-3", "-2", "-1", "0", "1"), c("A", 
    "G"))))))
