Results <-
list(`bwaOutput/20210421msiMNRsJenny/226491_S85.sam` = list(GM22_SNP1 = list(
    All = list(Freqs = structure(c(5L, 77L, 5406L, 28L, 12L, 
    1L, 87L, 5969L, 24L, 10L, 0L, 1L, 2L, 0L, 0L, 0L, 6L, 243L, 
    1L, 0L), .Dim = 5:4, .Dimnames = structure(list(c("-2", "-1", 
    "0", "1", NA), c("A", "G", "T", NA)), .Names = c("", "")), class = "table"), 
        N = 11872L), Tag.Distribution = structure(c(`1` = 168L, 
    `2` = 42L, `3` = 33L, `4` = 29L, `5` = 25L, `6` = 32L, `7` = 31L, 
    `8` = 30L, `9` = 28L, `10` = 29L, `11` = 33L, `12` = 17L, 
    `13` = 15L, `14` = 22L, `15` = 14L, `16` = 22L, `17` = 13L, 
    `18` = 20L, `19` = 24L, `20` = 25L, `21` = 14L, `22` = 11L, 
    `23` = 22L, `24` = 13L, `25` = 15L, `26` = 13L, `27` = 9L, 
    `28` = 15L, `29` = 12L, `30` = 14L, `31` = 7L, `32` = 7L, 
    `33` = 4L, `34` = 9L, `35` = 5L, `36` = 4L, `37` = 3L, `38` = 2L, 
    `39` = 2L, `40` = 4L, `41` = 3L, `42` = 3L, `43` = 3L, `44` = 2L, 
    `45` = 3L, `47` = 2L, `48` = 1L, `49` = 2L, `51` = 1L, `53` = 2L, 
    `54` = 1L, `58` = 2L, `59` = 1L, `74` = 1L, `87` = 1L), .Dim = 55L, .Dimnames = structure(list(
        c("1", "2", "3", "4", "5", "6", "7", "8", "9", "10", 
        "11", "12", "13", "14", "15", "16", "17", "18", "19", 
        "20", "21", "22", "23", "24", "25", "26", "27", "28", 
        "29", "30", "31", "32", "33", "34", "35", "36", "37", 
        "38", "39", "40", "41", "42", "43", "44", "45", "47", 
        "48", "49", "51", "53", "54", "58", "59", "74", "87")), .Names = ""), class = "table"), 
    No.Tag = structure(c(0L, 4L, 216L, 3L, 1L, 0L, 2L, 166L, 
    0L, 0L, 0L, 0L, 0L, 0L, 0L, 0L, 0L, 19L, 0L, 0L), .Dim = 5:4, .Dimnames = structure(list(
        c("-2", "-1", "0", "1", NA), c("A", "G", "T", NA)), .Names = c("", 
    "")), class = "table"), All.Tags = list(Concordant = list(
        Freqs = structure(c(0, 1, 305, 1, 0, 2, 336, 0, 0, 0, 
        0, 0), .Dim = 4:3, .Dimnames = list(c("-2", "-1", "0", 
        "1"), c("A", "G", "T"))), N = 645), Majority = list(Freqs = structure(c(0, 
    1, 400, 1, 0, 2, 435, 0, 0, 0, 0, 0), .Dim = 4:3, .Dimnames = list(
        c("-2", "-1", "0", "1"), c("A", "G", "T"))), N = 839)), 
    `2` = structure(c(0, 0, 322, 0, 0, 0, 368, 0, 0, 0, 0, 0), .Dim = 4:3, .Dimnames = list(
        c("-2", "-1", "0", "1"), c("A", "G", "T"))))))
