Results <-
list(`bwaOutput/20210421msiMNRsJenny/226491_S85.sam` = list(LR40_SNP1 = list(
    All = list(Freqs = structure(c(66L, 6759L, 24L, 1L, 17L, 
    0L, 41L, 0L, 0L, 0L), .Dim = c(5L, 2L), .Dimnames = structure(list(
        c("-1", "0", "1", "2", NA), c("C", NA)), .Names = c("", 
    "")), class = "table"), N = 6908L), Tag.Distribution = structure(c(`1` = 130L, 
    `2` = 44L, `3` = 22L, `4` = 21L, `5` = 24L, `6` = 27L, `7` = 25L, 
    `8` = 24L, `9` = 30L, `10` = 21L, `11` = 13L, `12` = 12L, 
    `13` = 26L, `14` = 24L, `15` = 11L, `16` = 13L, `17` = 4L, 
    `18` = 18L, `19` = 12L, `20` = 6L, `21` = 10L, `22` = 7L, 
    `23` = 9L, `24` = 14L, `25` = 6L, `26` = 6L, `27` = 6L, `28` = 5L, 
    `29` = 5L, `30` = 3L, `31` = 3L, `32` = 2L, `33` = 4L, `34` = 1L, 
    `35` = 3L, `37` = 2L, `38` = 2L, `39` = 4L, `40` = 3L, `41` = 1L, 
    `44` = 1L, `45` = 1L, `46` = 2L, `48` = 1L, `66` = 1L, `69` = 1L
    ), .Dim = 46L, .Dimnames = structure(list(c("1", "2", "3", 
    "4", "5", "6", "7", "8", "9", "10", "11", "12", "13", "14", 
    "15", "16", "17", "18", "19", "20", "21", "22", "23", "24", 
    "25", "26", "27", "28", "29", "30", "31", "32", "33", "34", 
    "35", "37", "38", "39", "40", "41", "44", "45", "46", "48", 
    "66", "69")), .Names = ""), class = "table"), No.Tag = structure(c(3L, 
    318L, 2L, 0L, 1L, 0L, 4L, 0L, 0L, 0L), .Dim = c(5L, 2L), .Dimnames = structure(list(
        c("-1", "0", "1", "2", NA), c("C", NA)), .Names = c("", 
    "")), class = "table"), All.Tags = list(Concordant = list(
        Freqs = structure(c(1, 540, 1, 0), .Dim = c(4L, 1L), .Dimnames = list(
            c("-1", "0", "1", "2"), "C")), N = 542), Majority = list(
        Freqs = structure(c(1, 603, 1, 0), .Dim = c(4L, 1L), .Dimnames = list(
            c("-1", "0", "1", "2"), "C")), N = 605)), `2` = structure(c(0, 
    478, 0, 0), .Dim = c(4L, 1L), .Dimnames = list(c("-1", "0", 
    "1", "2"), "C")))))
