Results <-
list(`bwaOutput/20210421msiMNRsJenny/226491_S85.sam` = list(LR52_SNP1 = list(
    All = list(Freqs = structure(c(0L, 0L, 0L, 0L, 1L, 0L, 0L, 
    0L, 0L, 2L, 42L, 270L, 2300L, 22L, 0L, 40L, 2L, 0L, 12L, 
    279L, 2515L, 21L, 2L, 25L, 0L, 0L, 1L, 18L, 810L, 5L, 0L, 
    0L), .Dim = c(8L, 4L), .Dimnames = structure(list(c("-4", 
    "-3", "-2", "-1", "0", "1", "2", NA), c("A", "C", "T", NA
    )), .Names = c("", "")), class = "table"), N = 6367L), Tag.Distribution = structure(c(`1` = 81L, 
    `2` = 28L, `3` = 19L, `4` = 20L, `5` = 21L, `6` = 22L, `7` = 15L, 
    `8` = 16L, `9` = 21L, `10` = 9L, `11` = 14L, `12` = 13L, 
    `13` = 14L, `14` = 15L, `15` = 11L, `16` = 10L, `17` = 17L, 
    `18` = 13L, `19` = 11L, `20` = 11L, `21` = 7L, `22` = 9L, 
    `23` = 13L, `24` = 11L, `25` = 11L, `26` = 7L, `27` = 5L, 
    `28` = 9L, `29` = 10L, `30` = 3L, `31` = 6L, `32` = 4L, `33` = 2L, 
    `34` = 5L, `35` = 1L, `37` = 1L, `39` = 2L, `40` = 3L, `42` = 1L, 
    `43` = 1L, `45` = 1L, `58` = 2L, `67` = 1L), .Dim = 43L, .Dimnames = structure(list(
        c("1", "2", "3", "4", "5", "6", "7", "8", "9", "10", 
        "11", "12", "13", "14", "15", "16", "17", "18", "19", 
        "20", "21", "22", "23", "24", "25", "26", "27", "28", 
        "29", "30", "31", "32", "33", "34", "35", "37", "39", 
        "40", "42", "43", "45", "58", "67")), .Names = ""), class = "table"), 
    No.Tag = structure(c(0L, 0L, 0L, 0L, 0L, 0L, 0L, 0L, 0L, 
    0L, 0L, 5L, 29L, 0L, 0L, 1L, 0L, 0L, 0L, 3L, 39L, 0L, 0L, 
    0L, 0L, 0L, 0L, 1L, 22L, 0L, 0L, 0L), .Dim = c(8L, 4L), .Dimnames = structure(list(
        c("-4", "-3", "-2", "-1", "0", "1", "2", NA), c("A", 
        "C", "T", NA)), .Names = c("", "")), class = "table"), 
    All.Tags = list(Concordant = list(Freqs = structure(c(0, 
    0, 0, 0, 0, 0, 0, 0, 0, 2, 5, 93, 1, 0, 1, 0, 1, 7, 110, 
    0, 0), .Dim = c(7L, 3L), .Dimnames = list(c("-4", "-3", "-2", 
    "-1", "0", "1", "2"), c("A", "C", "T"))), N = 220), Majority = list(
        Freqs = structure(c(0, 0, 0, 0, 0, 0, 0, 0, 0, 3, 7, 
        220, 1, 0, 1, 0, 1, 10, 218, 0, 0), .Dim = c(7L, 3L), .Dimnames = list(
            c("-4", "-3", "-2", "-1", "0", "1", "2"), c("A", 
            "C", "T"))), N = 461)), `2` = structure(c(0, 0, 0, 
    0, 0, 0, 0, 0, 0, 1, 5, 202, 1, 0, 0, 0, 0, 5, 190, 0, 0), .Dim = c(7L, 
    3L), .Dimnames = list(c("-4", "-3", "-2", "-1", "0", "1", 
    "2"), c("A", "C", "T"))))))
