Results <-
list(`bwaOutput/20210421msiMNRsJenny/227175_S61.sam` = list(LR52_SNP1 = list(
    All = list(Freqs = structure(c(0L, 0L, 0L, 3L, 0L, 0L, 0L, 
    3L, 20L, 1L, 5L, 0L, 0L, 0L, 5L, 58L, 592L, 6328L, 74L, 1L, 
    80L, 0L, 1L, 20L, 348L, 3L, 0L, 0L), .Dim = c(7L, 4L), .Dimnames = structure(list(
        c("-3", "-2", "-1", "0", "1", "2", NA), c("A", "C", "T", 
        NA)), .Names = c("", "")), class = "table"), N = 7542L), 
    Tag.Distribution = structure(c(`1` = 164L, `2` = 88L, `3` = 75L, 
    `4` = 65L, `5` = 52L, `6` = 40L, `7` = 37L, `8` = 46L, `9` = 36L, 
    `10` = 21L, `11` = 29L, `12` = 26L, `13` = 19L, `14` = 18L, 
    `15` = 21L, `16` = 15L, `17` = 17L, `18` = 10L, `19` = 12L, 
    `20` = 15L, `21` = 11L, `22` = 8L, `23` = 9L, `24` = 8L, 
    `25` = 4L, `26` = 8L, `27` = 3L, `28` = 4L, `29` = 6L, `30` = 7L, 
    `31` = 3L, `33` = 3L, `34` = 1L, `36` = 2L, `37` = 2L, `38` = 1L, 
    `42` = 1L, `43` = 1L), .Dim = 38L, .Dimnames = structure(list(
        c("1", "2", "3", "4", "5", "6", "7", "8", "9", "10", 
        "11", "12", "13", "14", "15", "16", "17", "18", "19", 
        "20", "21", "22", "23", "24", "25", "26", "27", "28", 
        "29", "30", "31", "33", "34", "36", "37", "38", "42", 
        "43")), .Names = ""), class = "table"), No.Tag = structure(c(0L, 
    0L, 0L, 0L, 0L, 0L, 0L, 1L, 0L, 0L, 0L, 0L, 0L, 0L, 0L, 2L, 
    10L, 161L, 1L, 0L, 3L, 0L, 0L, 0L, 10L, 0L, 0L, 0L), .Dim = c(7L, 
    4L), .Dimnames = structure(list(c("-3", "-2", "-1", "0", 
    "1", "2", NA), c("A", "C", "T", NA)), .Names = c("", "")), class = "table"), 
    All.Tags = list(Concordant = list(Freqs = structure(c(0, 
    0, 0, 0, 0, 0, 0, 2, 0, 4, 0, 0, 2, 2, 18, 488, 1, 0), .Dim = c(6L, 
    3L), .Dimnames = list(c("-3", "-2", "-1", "0", "1", "2"), 
        c("A", "C", "T"))), N = 517), Majority = list(Freqs = structure(c(0, 
    0, 0, 0, 0, 0, 0, 4, 0, 4, 0, 0, 2, 4, 24, 814, 3, 0), .Dim = c(6L, 
    3L), .Dimnames = list(c("-3", "-2", "-1", "0", "1", "2"), 
        c("A", "C", "T"))), N = 855)), `2` = structure(c(0, 0, 
    0, 0, 0, 0, 0, 2, 0, 1, 0, 0, 0, 2, 14, 692, 2, 0), .Dim = c(6L, 
    3L), .Dimnames = list(c("-3", "-2", "-1", "0", "1", "2"), 
        c("A", "C", "T"))))))
