Results <-
list(`bwaOutput/20210421msiMNRsJenny/227175_S61.sam` = list(GM07_SNP1 = list(
    All = list(Freqs = structure(c(3L, 170L, 3583L, 114L, 1L, 
    60L, 4L, 178L, 3267L, 95L, 3L, 65L, 0L, 6L, 140L, 1L, 0L, 
    0L), .Dim = c(6L, 3L), .Dimnames = structure(list(c("-2", 
    "-1", "0", "1", "2", NA), c("A", "G", NA)), .Names = c("", 
    "")), class = "table"), N = 7690L), Tag.Distribution = structure(c(`1` = 234L, 
    `2` = 95L, `3` = 75L, `4` = 83L, `5` = 64L, `6` = 61L, `7` = 61L, 
    `8` = 50L, `9` = 34L, `10` = 26L, `11` = 31L, `12` = 26L, 
    `13` = 25L, `14` = 17L, `15` = 18L, `16` = 19L, `17` = 12L, 
    `18` = 17L, `19` = 15L, `20` = 9L, `21` = 10L, `22` = 10L, 
    `23` = 5L, `24` = 5L, `25` = 4L, `26` = 5L, `27` = 4L, `28` = 3L, 
    `29` = 1L, `30` = 2L, `31` = 5L, `32` = 1L, `33` = 2L, `37` = 1L, 
    `39` = 1L, `43` = 1L, `48` = 1L, `50` = 1L), .Dim = 38L, .Dimnames = structure(list(
        c("1", "2", "3", "4", "5", "6", "7", "8", "9", "10", 
        "11", "12", "13", "14", "15", "16", "17", "18", "19", 
        "20", "21", "22", "23", "24", "25", "26", "27", "28", 
        "29", "30", "31", "32", "33", "37", "39", "43", "48", 
        "50")), .Names = ""), class = "table"), No.Tag = structure(c(0L, 
    5L, 95L, 2L, 0L, 7L, 1L, 2L, 89L, 2L, 0L, 13L, 0L, 0L, 3L, 
    0L, 0L, 0L), .Dim = c(6L, 3L), .Dimnames = structure(list(
        c("-2", "-1", "0", "1", "2", NA), c("A", "G", NA)), .Names = c("", 
    "")), class = "table"), All.Tags = list(Concordant = list(
        Freqs = structure(c(0, 4, 334, 1, 0, 0, 4, 295, 4, 1), .Dim = c(5L, 
        2L), .Dimnames = list(c("-2", "-1", "0", "1", "2"), c("A", 
        "G"))), N = 643), Majority = list(Freqs = structure(c(0, 
    4, 507, 4, 0, 0, 5, 471, 4, 1), .Dim = c(5L, 2L), .Dimnames = list(
        c("-2", "-1", "0", "1", "2"), c("A", "G"))), N = 996)), 
    `2` = structure(c(0, 1, 399, 3, 0, 0, 3, 377, 0, 0), .Dim = c(5L, 
    2L), .Dimnames = list(c("-2", "-1", "0", "1", "2"), c("A", 
    "G"))))))
