Results <-
list(`bwaOutput/20210421msiMNRsJenny/227175_S61.sam` = list(GM14_SNP1 = list(
    All = list(Freqs = structure(c(1L, 38L, 962L, 10L, 4L, 3L, 
    36L, 940L, 5L, 2L, 0L, 1L, 20L, 1L, 0L), .Dim = c(5L, 3L), .Dimnames = structure(list(
        c("-2", "-1", "0", "1", NA), c("C", "T", NA)), .Names = c("", 
    "")), class = "table"), N = 2023L), Tag.Distribution = structure(c(`1` = 78L, 
    `2` = 28L, `3` = 29L, `4` = 13L, `5` = 18L, `6` = 14L, `7` = 10L, 
    `8` = 15L, `9` = 12L, `10` = 11L, `11` = 8L, `12` = 4L, `13` = 10L, 
    `14` = 5L, `15` = 5L, `16` = 4L, `17` = 4L, `18` = 5L, `20` = 3L, 
    `21` = 3L, `22` = 2L, `23` = 1L, `24` = 3L, `25` = 1L, `26` = 2L, 
    `27` = 2L, `31` = 1L, `34` = 1L), .Dim = 28L, .Dimnames = structure(list(
        c("1", "2", "3", "4", "5", "6", "7", "8", "9", "10", 
        "11", "12", "13", "14", "15", "16", "17", "18", "20", 
        "21", "22", "23", "24", "25", "26", "27", "31", "34")), .Names = ""), class = "table"), 
    No.Tag = structure(c(0L, 1L, 52L, 0L, 0L, 0L, 2L, 20L, 1L, 
    0L, 0L, 0L, 1L, 0L, 0L), .Dim = c(5L, 3L), .Dimnames = structure(list(
        c("-2", "-1", "0", "1", NA), c("C", "T", NA)), .Names = c("", 
    "")), class = "table"), All.Tags = list(Concordant = list(
        Freqs = structure(c(0, 2, 126, 1, 0, 2, 108, 0), .Dim = c(4L, 
        2L), .Dimnames = list(c("-2", "-1", "0", "1"), c("C", 
        "T"))), N = 239), Majority = list(Freqs = structure(c(0, 
    2, 152, 1, 0, 3, 128, 0), .Dim = c(4L, 2L), .Dimnames = list(
        c("-2", "-1", "0", "1"), c("C", "T"))), N = 286)), `2` = structure(c(0, 
    1, 110, 0, 0, 1, 99, 0), .Dim = c(4L, 2L), .Dimnames = list(
        c("-2", "-1", "0", "1"), c("C", "T"))))))
