Results <-
list(`bwaOutput/20210421msiMNRsJenny/227175_S61.sam` = list(DEPDC2_SNP1 = list(
    All = list(Freqs = structure(c(0L, 0L, 11L, 0L, 0L, 1L, 63L, 
    8021L, 26L, 37L, 0L, 1L, 11L, 0L, 2L, 0L, 1L, 137L, 2L, 0L
    ), .Dim = 5:4, .Dimnames = structure(list(c("-4", "-1", "0", 
    "1", NA), c("A", "C", "T", NA)), .Names = c("", "")), class = "table"), 
        N = 8313L), Tag.Distribution = structure(c(`1` = 324L, 
    `2` = 138L, `3` = 125L, `4` = 111L, `5` = 81L, `6` = 89L, 
    `7` = 78L, `8` = 64L, `9` = 45L, `10` = 33L, `11` = 41L, 
    `12` = 40L, `13` = 30L, `14` = 16L, `15` = 27L, `16` = 15L, 
    `17` = 15L, `18` = 19L, `19` = 9L, `20` = 6L, `21` = 3L, 
    `22` = 6L, `23` = 7L, `24` = 2L, `25` = 2L, `26` = 2L, `27` = 2L, 
    `31` = 4L, `35` = 1L, `36` = 1L, `52` = 1L), .Dim = 31L, .Dimnames = structure(list(
        c("1", "2", "3", "4", "5", "6", "7", "8", "9", "10", 
        "11", "12", "13", "14", "15", "16", "17", "18", "19", 
        "20", "21", "22", "23", "24", "25", "26", "27", "31", 
        "35", "36", "52")), .Names = ""), class = "table"), No.Tag = structure(c(0L, 
    0L, 0L, 0L, 0L, 0L, 1L, 262L, 0L, 2L, 0L, 0L, 1L, 0L, 0L, 
    0L, 0L, 11L, 0L, 0L), .Dim = 5:4, .Dimnames = structure(list(
        c("-4", "-1", "0", "1", NA), c("A", "C", "T", NA)), .Names = c("", 
    "")), class = "table"), All.Tags = list(Concordant = list(
        Freqs = structure(c(0, 0, 1, 0, 0, 1, 1233, 1, 0, 0, 
        4, 0), .Dim = 4:3, .Dimnames = list(c("-4", "-1", "0", 
        "1"), c("A", "C", "T"))), N = 1240), Majority = list(
        Freqs = structure(c(0, 0, 1, 0, 0, 2, 1308, 1, 0, 0, 
        4, 0), .Dim = 4:3, .Dimnames = list(c("-4", "-1", "0", 
        "1"), c("A", "C", "T"))), N = 1316)), `2` = structure(c(0, 
    0, 0, 0, 0, 1, 1006, 1, 0, 0, 0, 0), .Dim = 4:3, .Dimnames = list(
        c("-4", "-1", "0", "1"), c("A", "C", "T"))))))
