Results <-
list(`bwaOutput/20210421msiMNRsJenny/227175_S61.sam` = list(LR48_SNP1 = list(
    All = list(Freqs = structure(c(1L, 5L, 134L, 4886L, 80L, 
    1L, 25L, 0L, 6L, 168L, 5886L, 90L, 2L, 19L, 0L, 0L, 4L, 258L, 
    4L, 0L, 0L), .Dim = c(7L, 3L), .Dimnames = structure(list(
        c("-3", "-2", "-1", "0", "1", "2", NA), c("C", "T", NA
        )), .Names = c("", "")), class = "table"), N = 11569L), 
    Tag.Distribution = structure(c(`1` = 245L, `2` = 95L, `3` = 90L, 
    `4` = 46L, `5` = 77L, `6` = 60L, `7` = 68L, `8` = 50L, `9` = 36L, 
    `10` = 27L, `11` = 29L, `12` = 26L, `13` = 38L, `14` = 25L, 
    `15` = 31L, `16` = 23L, `17` = 19L, `18` = 18L, `19` = 18L, 
    `20` = 20L, `21` = 18L, `22` = 17L, `23` = 12L, `24` = 13L, 
    `25` = 7L, `26` = 7L, `27` = 10L, `28` = 11L, `29` = 8L, 
    `30` = 4L, `31` = 8L, `32` = 5L, `33` = 3L, `34` = 3L, `35` = 3L, 
    `36` = 2L, `37` = 4L, `38` = 3L, `40` = 1L, `42` = 2L, `43` = 1L, 
    `44` = 2L, `45` = 1L, `47` = 1L, `49` = 1L, `50` = 1L, `54` = 1L, 
    `55` = 1L, `60` = 1L, `61` = 1L, `69` = 1L), .Dim = 51L, .Dimnames = structure(list(
        c("1", "2", "3", "4", "5", "6", "7", "8", "9", "10", 
        "11", "12", "13", "14", "15", "16", "17", "18", "19", 
        "20", "21", "22", "23", "24", "25", "26", "27", "28", 
        "29", "30", "31", "32", "33", "34", "35", "36", "37", 
        "38", "40", "42", "43", "44", "45", "47", "49", "50", 
        "54", "55", "60", "61", "69")), .Names = ""), class = "table"), 
    No.Tag = structure(c(0L, 0L, 1L, 131L, 2L, 0L, 0L, 0L, 0L, 
    3L, 183L, 5L, 0L, 0L, 0L, 0L, 0L, 23L, 0L, 0L, 0L), .Dim = c(7L, 
    3L), .Dimnames = structure(list(c("-3", "-2", "-1", "0", 
    "1", "2", NA), c("C", "T", NA)), .Names = c("", "")), class = "table"), 
    All.Tags = list(Concordant = list(Freqs = structure(c(0, 
    0, 5, 379, 1, 0, 0, 0, 4, 393, 0, 0), .Dim = c(6L, 2L), .Dimnames = list(
        c("-3", "-2", "-1", "0", "1", "2"), c("C", "T"))), N = 782), 
        Majority = list(Freqs = structure(c(0, 0, 5, 538, 2, 
        0, 0, 0, 4, 603, 0, 0), .Dim = c(6L, 2L), .Dimnames = list(
            c("-3", "-2", "-1", "0", "1", "2"), c("C", "T"))), 
            N = 1152)), `2` = structure(c(0, 0, 0, 435, 1, 0, 
    0, 0, 1, 490, 0, 0), .Dim = c(6L, 2L), .Dimnames = list(c("-3", 
    "-2", "-1", "0", "1", "2"), c("C", "T"))))))
