Results <-
list(`bwaOutput/20210421msiMNRsJenny/227175_S61.sam` = list(LR36_SNP1 = list(
    All = list(Freqs = structure(c(0L, 0L, 0L, 23L, 0L, 0L, 0L, 
    0L, 0L, 1L, 0L, 0L, 4L, 7L, 101L, 5052L, 40L, 43L, 0L, 1L, 
    4L, 411L, 6L, 0L), .Dim = c(6L, 4L), .Dimnames = structure(list(
        c("-3", "-2", "-1", "0", "1", NA), c("A", "C", "T", NA
        )), .Names = c("", "")), class = "table"), N = 5693L), 
    Tag.Distribution = structure(c(`1` = 192L, `2` = 95L, `3` = 80L, 
    `4` = 85L, `5` = 58L, `6` = 46L, `7` = 44L, `8` = 43L, `9` = 18L, 
    `10` = 28L, `11` = 21L, `12` = 12L, `13` = 18L, `14` = 15L, 
    `15` = 10L, `16` = 11L, `17` = 13L, `18` = 11L, `19` = 6L, 
    `20` = 14L, `21` = 11L, `22` = 7L, `23` = 6L, `24` = 5L, 
    `25` = 2L, `26` = 2L, `27` = 2L, `30` = 2L, `31` = 1L, `39` = 1L
    ), .Dim = 30L, .Dimnames = structure(list(c("1", "2", "3", 
    "4", "5", "6", "7", "8", "9", "10", "11", "12", "13", "14", 
    "15", "16", "17", "18", "19", "20", "21", "22", "23", "24", 
    "25", "26", "27", "30", "31", "39")), .Names = ""), class = "table"), 
    No.Tag = structure(c(0L, 0L, 0L, 2L, 0L, 0L, 0L, 0L, 0L, 
    0L, 0L, 0L, 0L, 0L, 1L, 149L, 1L, 6L, 0L, 0L, 0L, 25L, 0L, 
    0L), .Dim = c(6L, 4L), .Dimnames = structure(list(c("-3", 
    "-2", "-1", "0", "1", NA), c("A", "C", "T", NA)), .Names = c("", 
    "")), class = "table"), All.Tags = list(Concordant = list(
        Freqs = structure(c(0, 0, 0, 7, 0, 0, 0, 0, 0, 0, 1, 
        0, 8, 697, 1), .Dim = c(5L, 3L), .Dimnames = list(c("-3", 
        "-2", "-1", "0", "1"), c("A", "C", "T"))), N = 714), 
        Majority = list(Freqs = structure(c(0, 0, 0, 7, 0, 0, 
        0, 0, 0, 0, 1, 0, 8, 810, 1), .Dim = c(5L, 3L), .Dimnames = list(
            c("-3", "-2", "-1", "0", "1"), c("A", "C", "T"))), 
            N = 827)), `2` = structure(c(0, 0, 0, 0, 0, 0, 0, 
    0, 0, 0, 0, 0, 2, 656, 0), .Dim = c(5L, 3L), .Dimnames = list(
        c("-3", "-2", "-1", "0", "1"), c("A", "C", "T"))))))
