Results <-
list(`bwaOutput/20210421msiMNRsJenny/227175_S61.sam` = list(LR46_SNP1 = list(
    All = list(Freqs = structure(c(0L, 2L, 0L, 0L, 0L, 1L, 0L, 
    0L, 34L, 6817L, 28L, 25L, 18L, 5023L, 14L, 16L, 0L, 99L, 
    0L, 0L), .Dim = 4:5, .Dimnames = structure(list(c("-1", "0", 
    "1", NA), c("-", "A", "G", "T", NA)), .Names = c("", "")), class = "table"), 
        N = 12077L), Tag.Distribution = structure(c(`1` = 282L, 
    `2` = 113L, `3` = 82L, `4` = 94L, `5` = 74L, `6` = 86L, `7` = 72L, 
    `8` = 61L, `9` = 61L, `10` = 34L, `11` = 45L, `12` = 45L, 
    `13` = 32L, `14` = 29L, `15` = 30L, `16` = 20L, `17` = 24L, 
    `18` = 27L, `19` = 16L, `20` = 18L, `21` = 18L, `22` = 19L, 
    `23` = 10L, `24` = 14L, `25` = 8L, `26` = 6L, `27` = 8L, 
    `28` = 9L, `29` = 1L, `30` = 7L, `31` = 5L, `32` = 3L, `33` = 2L, 
    `34` = 2L, `35` = 1L, `36` = 1L, `37` = 3L, `38` = 1L, `39` = 1L, 
    `41` = 1L, `42` = 1L, `43` = 2L, `44` = 1L, `47` = 2L, `50` = 3L, 
    `58` = 1L), .Dim = 46L, .Dimnames = structure(list(c("1", 
    "2", "3", "4", "5", "6", "7", "8", "9", "10", "11", "12", 
    "13", "14", "15", "16", "17", "18", "19", "20", "21", "22", 
    "23", "24", "25", "26", "27", "28", "29", "30", "31", "32", 
    "33", "34", "35", "36", "37", "38", "39", "41", "42", "43", 
    "44", "47", "50", "58")), .Names = ""), class = "table"), 
    No.Tag = structure(c(0L, 0L, 0L, 0L, 0L, 0L, 0L, 0L, 0L, 
    189L, 1L, 3L, 0L, 203L, 0L, 3L, 0L, 12L, 0L, 0L), .Dim = 4:5, .Dimnames = structure(list(
        c("-1", "0", "1", NA), c("-", "A", "G", "T", NA)), .Names = c("", 
    "")), class = "table"), All.Tags = list(Concordant = list(
        Freqs = structure(c(0, 0, 0, 0, 0, 0, 2, 654, 1, 1, 480, 
        1), .Dim = 3:4, .Dimnames = list(c("-1", "0", "1"), c("-", 
        "A", "G", "T"))), N = 1139), Majority = list(Freqs = structure(c(0, 
    0, 0, 0, 0, 0, 2, 776, 1, 1, 567, 1), .Dim = 3:4, .Dimnames = list(
        c("-1", "0", "1"), c("-", "A", "G", "T"))), N = 1348)), 
    `2` = structure(c(0, 0, 0, 0, 0, 0, 0, 620, 0, 0, 461, 1), .Dim = 3:4, .Dimnames = list(
        c("-1", "0", "1"), c("-", "A", "G", "T"))))))
