Results <-
list(`bwaOutput/20210421msiMNRsJenny/227175_S61.sam` = list(IM49_SNP1 = list(
    All = list(Freqs = structure(c(2L, 180L, 5021L, 132L, 2L, 
    44L, 3L, 186L, 4199L, 106L, 0L, 15L, 0L, 4L, 296L, 9L, 1L, 
    0L), .Dim = c(6L, 3L), .Dimnames = structure(list(c("-2", 
    "-1", "0", "1", "2", NA), c("C", "G", NA)), .Names = c("", 
    "")), class = "table"), N = 10200L), Tag.Distribution = structure(c(`1` = 324L, 
    `2` = 186L, `3` = 131L, `4` = 131L, `5` = 103L, `6` = 83L, 
    `7` = 84L, `8` = 48L, `9` = 57L, `10` = 57L, `11` = 29L, 
    `12` = 36L, `13` = 37L, `14` = 16L, `15` = 21L, `16` = 22L, 
    `17` = 19L, `18` = 18L, `19` = 17L, `20` = 11L, `21` = 10L, 
    `22` = 10L, `23` = 11L, `24` = 4L, `25` = 5L, `26` = 3L, 
    `27` = 10L, `29` = 4L, `30` = 4L, `31` = 3L, `33` = 1L, `34` = 1L, 
    `35` = 1L, `36` = 1L, `39` = 1L, `40` = 1L, `66` = 1L), .Dim = 37L, .Dimnames = structure(list(
        c("1", "2", "3", "4", "5", "6", "7", "8", "9", "10", 
        "11", "12", "13", "14", "15", "16", "17", "18", "19", 
        "20", "21", "22", "23", "24", "25", "26", "27", "29", 
        "30", "31", "33", "34", "35", "36", "39", "40", "66")), .Names = ""), class = "table"), 
    No.Tag = structure(c(0L, 3L, 206L, 7L, 0L, 2L, 1L, 6L, 88L, 
    4L, 0L, 1L, 0L, 0L, 24L, 0L, 0L, 0L), .Dim = c(6L, 3L), .Dimnames = structure(list(
        c("-2", "-1", "0", "1", "2", NA), c("C", "G", NA)), .Names = c("", 
    "")), class = "table"), All.Tags = list(Concordant = list(
        Freqs = structure(c(0, 9, 490, 1, 0, 0, 6, 491, 5, 0), .Dim = c(5L, 
        2L), .Dimnames = list(c("-2", "-1", "0", "1", "2"), c("C", 
        "G"))), N = 1002), Majority = list(Freqs = structure(c(0, 
    11, 717, 3, 0, 0, 12, 682, 6, 0), .Dim = c(5L, 2L), .Dimnames = list(
        c("-2", "-1", "0", "1", "2"), c("C", "G"))), N = 1431)), 
    `2` = structure(c(0, 3, 583, 2, 0, 0, 9, 541, 3, 0), .Dim = c(5L, 
    2L), .Dimnames = list(c("-2", "-1", "0", "1", "2"), c("C", 
    "G"))))))
