Results <-
list(`bwaOutput/20210421msiMNRsJenny/227175_S61.sam` = list(GM29_SNP1 = list(
    All = list(Freqs = structure(c(0L, 92L, 6121L, 12L, 7L, 3L, 
    89L, 5843L, 17L, 8L, 0L, 0L, 3L, 0L, 0L, 0L, 3L, 135L, 0L, 
    0L), .Dim = 5:4, .Dimnames = structure(list(c("-2", "-1", 
    "0", "1", NA), c("A", "G", "T", NA)), .Names = c("", "")), class = "table"), 
        N = 12333L), Tag.Distribution = structure(c(`1` = 216L, 
    `2` = 129L, `3` = 107L, `4` = 68L, `5` = 69L, `6` = 70L, 
    `7` = 57L, `8` = 55L, `9` = 34L, `10` = 36L, `11` = 39L, 
    `12` = 30L, `13` = 29L, `14` = 22L, `15` = 21L, `16` = 27L, 
    `17` = 26L, `18` = 19L, `19` = 15L, `20` = 14L, `21` = 17L, 
    `22` = 7L, `23` = 17L, `24` = 7L, `25` = 11L, `26` = 7L, 
    `27` = 9L, `28` = 5L, `29` = 9L, `30` = 6L, `31` = 2L, `32` = 1L, 
    `33` = 6L, `35` = 1L, `36` = 7L, `37` = 5L, `38` = 3L, `39` = 3L, 
    `40` = 2L, `41` = 3L, `42` = 2L, `44` = 2L, `45` = 1L, `46` = 1L, 
    `47` = 3L, `48` = 2L, `49` = 1L, `50` = 1L, `51` = 1L, `52` = 2L, 
    `58` = 2L, `64` = 1L, `66` = 1L, `69` = 1L, `70` = 1L, `73` = 1L, 
    `75` = 1L, `85` = 1L, `94` = 1L), .Dim = 59L, .Dimnames = structure(list(
        c("1", "2", "3", "4", "5", "6", "7", "8", "9", "10", 
        "11", "12", "13", "14", "15", "16", "17", "18", "19", 
        "20", "21", "22", "23", "24", "25", "26", "27", "28", 
        "29", "30", "31", "32", "33", "35", "36", "37", "38", 
        "39", "40", "41", "42", "44", "45", "46", "47", "48", 
        "49", "50", "51", "52", "58", "64", "66", "69", "70", 
        "73", "75", "85", "94")), .Names = ""), class = "table"), 
    No.Tag = structure(c(0L, 2L, 184L, 0L, 0L, 0L, 1L, 214L, 
    2L, 0L, 0L, 0L, 0L, 0L, 0L, 0L, 0L, 8L, 0L, 0L), .Dim = 5:4, .Dimnames = structure(list(
        c("-2", "-1", "0", "1", NA), c("A", "G", "T", NA)), .Names = c("", 
    "")), class = "table"), All.Tags = list(Concordant = list(
        Freqs = structure(c(0, 0, 467, 0, 0, 3, 403, 0, 0, 0, 
        0, 0), .Dim = 4:3, .Dimnames = list(c("-2", "-1", "0", 
        "1"), c("A", "G", "T"))), N = 873), Majority = list(Freqs = structure(c(0, 
    0, 627, 0, 0, 3, 579, 0, 0, 0, 1, 0), .Dim = 4:3, .Dimnames = list(
        c("-2", "-1", "0", "1"), c("A", "G", "T"))), N = 1210)), 
    `2` = structure(c(0, 0, 517, 0, 0, 1, 485, 0, 0, 0, 1, 0), .Dim = 4:3, .Dimnames = list(
        c("-2", "-1", "0", "1"), c("A", "G", "T"))))))
