Results <-
list(`bwaOutput/20210421msiMNRsJenny/227175_S61.sam` = list(LR10_SNP1 = list(
    All = list(Freqs = structure(c(0L, 0L, 1L, 0L, 0L, 1L, 79L, 
    3901L, 17L, 7L, 1L, 52L, 4596L, 12L, 4L, 0L, 0L, 132L, 0L, 
    0L), .Dim = 5:4, .Dimnames = structure(list(c("-2", "-1", 
    "0", "1", NA), c("A", "C", "T", NA)), .Names = c("", "")), class = "table"), 
        N = 8803L), Tag.Distribution = structure(c(`1` = 235L, 
    `2` = 115L, `3` = 87L, `4` = 91L, `5` = 83L, `6` = 67L, `7` = 55L, 
    `8` = 52L, `9` = 45L, `10` = 43L, `11` = 46L, `12` = 30L, 
    `13` = 32L, `14` = 24L, `15` = 17L, `16` = 18L, `17` = 22L, 
    `18` = 16L, `19` = 15L, `20` = 8L, `21` = 20L, `22` = 6L, 
    `23` = 9L, `24` = 10L, `25` = 6L, `26` = 5L, `27` = 4L, `28` = 1L, 
    `29` = 2L, `31` = 4L, `36` = 1L, `39` = 1L, `45` = 1L), .Dim = 33L, .Dimnames = structure(list(
        c("1", "2", "3", "4", "5", "6", "7", "8", "9", "10", 
        "11", "12", "13", "14", "15", "16", "17", "18", "19", 
        "20", "21", "22", "23", "24", "25", "26", "27", "28", 
        "29", "31", "36", "39", "45")), .Names = ""), class = "table"), 
    No.Tag = structure(c(0L, 0L, 0L, 0L, 0L, 0L, 1L, 123L, 1L, 
    0L, 0L, 2L, 132L, 0L, 1L, 0L, 0L, 15L, 0L, 0L), .Dim = 5:4, .Dimnames = structure(list(
        c("-2", "-1", "0", "1", NA), c("A", "C", "T", NA)), .Names = c("", 
    "")), class = "table"), All.Tags = list(Concordant = list(
        Freqs = structure(c(0, 0, 0, 0, 0, 2, 405, 0, 0, 2, 511, 
        1), .Dim = 4:3, .Dimnames = list(c("-2", "-1", "0", "1"
        ), c("A", "C", "T"))), N = 921), Majority = list(Freqs = structure(c(0, 
    0, 0, 0, 0, 2, 515, 0, 0, 2, 618, 1), .Dim = 4:3, .Dimnames = list(
        c("-2", "-1", "0", "1"), c("A", "C", "T"))), N = 1138)), 
    `2` = structure(c(0, 0, 0, 0, 0, 1, 415, 0, 0, 0, 501, 0), .Dim = 4:3, .Dimnames = list(
        c("-2", "-1", "0", "1"), c("A", "C", "T"))))))
