Results <-
list(`bwaOutput/20210421msiMNRsJenny/227175_S61.sam` = list(GM09_SNP1 = list(
    All = list(Freqs = structure(c(5L, 1693L, 4L, 2L, 10L, 2289L, 
    4L, 1L, 0L, 2L, 0L, 0L, 0L, 27L, 0L, 0L), .Dim = c(4L, 4L
    ), .Dimnames = structure(list(c("-1", "0", "1", NA), c("A", 
    "G", "T", NA)), .Names = c("", "")), class = "table"), N = 4037L), 
    Tag.Distribution = structure(c(`1` = 141L, `2` = 58L, `3` = 46L, 
    `4` = 34L, `5` = 33L, `6` = 27L, `7` = 22L, `8` = 23L, `9` = 15L, 
    `10` = 23L, `11` = 14L, `12` = 12L, `13` = 15L, `14` = 17L, 
    `15` = 7L, `16` = 10L, `17` = 7L, `18` = 5L, `19` = 4L, `20` = 4L, 
    `21` = 2L, `22` = 2L, `23` = 7L, `24` = 6L, `25` = 3L, `26` = 2L, 
    `27` = 3L, `29` = 1L, `30` = 1L, `31` = 2L, `32` = 1L, `34` = 1L, 
    `35` = 1L, `37` = 1L, `39` = 1L, `40` = 2L, `49` = 1L), .Dim = 37L, .Dimnames = structure(list(
        c("1", "2", "3", "4", "5", "6", "7", "8", "9", "10", 
        "11", "12", "13", "14", "15", "16", "17", "18", "19", 
        "20", "21", "22", "23", "24", "25", "26", "27", "29", 
        "30", "31", "32", "34", "35", "37", "39", "40", "49")), .Names = ""), class = "table"), 
    No.Tag = structure(c(1L, 47L, 0L, 0L, 0L, 37L, 0L, 0L, 0L, 
    0L, 0L, 0L, 0L, 4L, 0L, 0L), .Dim = c(4L, 4L), .Dimnames = structure(list(
        c("-1", "0", "1", NA), c("A", "G", "T", NA)), .Names = c("", 
    "")), class = "table"), All.Tags = list(Concordant = list(
        Freqs = structure(c(1, 213, 0, 1, 256, 0, 0, 1, 0), .Dim = c(3L, 
        3L), .Dimnames = list(c("-1", "0", "1"), c("A", "G", 
        "T"))), N = 472), Majority = list(Freqs = structure(c(1, 
    242, 0, 1, 300, 0, 0, 1, 0), .Dim = c(3L, 3L), .Dimnames = list(
        c("-1", "0", "1"), c("A", "G", "T"))), N = 545)), `2` = structure(c(0, 
    187, 0, 0, 221, 0, 0, 0, 0), .Dim = c(3L, 3L), .Dimnames = list(
        c("-1", "0", "1"), c("A", "G", "T"))))))
