Results <-
list(`bwaOutput/20210421msiMNRsJenny/227175_S61.sam` = list(GM26_SNP1 = list(
    All = list(Freqs = structure(c(2L, 1L, 45L, 5433L, 17L, 2L, 
    1L, 8L, 0L, 0L, 0L, 1L, 0L, 0L, 0L, 0L, 0L, 0L, 28L, 5492L, 
    15L, 0L, 0L, 11L, 0L, 0L, 0L, 1L, 0L, 0L, 0L, 0L, 0L, 0L, 
    2L, 187L, 4L, 0L, 0L, 0L), .Dim = c(8L, 5L), .Dimnames = structure(list(
        c("-3", "-2", "-1", "0", "1", "2", "3", NA), c("A", "C", 
        "G", "T", NA)), .Names = c("", "")), class = "table"), 
        N = 11250L), Tag.Distribution = structure(c(`1` = 248L, 
    `2` = 126L, `3` = 116L, `4` = 104L, `5` = 89L, `6` = 74L, 
    `7` = 76L, `8` = 53L, `9` = 47L, `10` = 51L, `11` = 38L, 
    `12` = 41L, `13` = 37L, `14` = 35L, `15` = 23L, `16` = 29L, 
    `17` = 23L, `18` = 17L, `19` = 19L, `20` = 16L, `21` = 16L, 
    `22` = 15L, `23` = 8L, `24` = 5L, `25` = 7L, `26` = 10L, 
    `27` = 7L, `28` = 6L, `29` = 1L, `30` = 6L, `31` = 4L, `32` = 1L, 
    `33` = 3L, `35` = 1L, `36` = 3L, `39` = 4L, `40` = 2L, `42` = 1L, 
    `44` = 1L, `45` = 2L, `47` = 1L, `55` = 1L), .Dim = 42L, .Dimnames = structure(list(
        c("1", "2", "3", "4", "5", "6", "7", "8", "9", "10", 
        "11", "12", "13", "14", "15", "16", "17", "18", "19", 
        "20", "21", "22", "23", "24", "25", "26", "27", "28", 
        "29", "30", "31", "32", "33", "35", "36", "39", "40", 
        "42", "44", "45", "47", "55")), .Names = ""), class = "table"), 
    No.Tag = structure(c(0L, 0L, 0L, 106L, 1L, 0L, 0L, 0L, 0L, 
    0L, 0L, 0L, 0L, 0L, 0L, 0L, 0L, 0L, 2L, 132L, 1L, 0L, 0L, 
    1L, 0L, 0L, 0L, 0L, 0L, 0L, 0L, 0L, 0L, 0L, 0L, 14L, 0L, 
    0L, 0L, 0L), .Dim = c(8L, 5L), .Dimnames = structure(list(
        c("-3", "-2", "-1", "0", "1", "2", "3", NA), c("A", "C", 
        "G", "T", NA)), .Names = c("", "")), class = "table"), 
    All.Tags = list(Concordant = list(Freqs = structure(c(0, 
    0, 2, 567, 1, 0, 0, 0, 0, 0, 0, 0, 0, 0, 0, 0, 0, 538, 1, 
    0, 0, 0, 0, 0, 0, 0, 0, 0), .Dim = c(7L, 4L), .Dimnames = list(
        c("-3", "-2", "-1", "0", "1", "2", "3"), c("A", "C", 
        "G", "T"))), N = 1109), Majority = list(Freqs = structure(c(0, 
    0, 3, 690, 1, 0, 0, 0, 0, 0, 0, 0, 0, 0, 0, 0, 0, 637, 1, 
    0, 0, 0, 0, 0, 0, 0, 0, 0), .Dim = c(7L, 4L), .Dimnames = list(
        c("-3", "-2", "-1", "0", "1", "2", "3"), c("A", "C", 
        "G", "T"))), N = 1332)), `2` = structure(c(0, 0, 1, 566, 
    0, 0, 0, 0, 0, 0, 0, 0, 0, 0, 0, 0, 0, 531, 0, 0, 0, 0, 0, 
    0, 0, 0, 0, 0), .Dim = c(7L, 4L), .Dimnames = list(c("-3", 
    "-2", "-1", "0", "1", "2", "3"), c("A", "C", "G", "T"))))))
