Results <-
list(`bwaOutput/20210421msiMNRsJenny/227175_S61.sam` = list(LR49_SNP1 = list(
    All = list(Freqs = structure(c(1L, 0L, 10L, 0L, 0L, 0L, 0L, 
    1L, 0L, 0L, 0L, 38L, 15879L, 7L, 19L, 0L, 0L, 2L, 0L, 0L, 
    0L, 2L, 102L, 0L, 0L), .Dim = c(5L, 5L), .Dimnames = structure(list(
        c("-2", "-1", "0", "1", NA), c("A", "C", "G", "T", NA
        )), .Names = c("", "")), class = "table"), N = 16061L), 
    Tag.Distribution = structure(c(`1` = 372L, `2` = 174L, `3` = 161L, 
    `4` = 162L, `5` = 129L, `6` = 122L, `7` = 98L, `8` = 85L, 
    `9` = 87L, `10` = 63L, `11` = 64L, `12` = 53L, `13` = 50L, 
    `14` = 41L, `15` = 36L, `16` = 35L, `17` = 36L, `18` = 25L, 
    `19` = 22L, `20` = 29L, `21` = 22L, `22` = 19L, `23` = 10L, 
    `24` = 10L, `25` = 12L, `26` = 9L, `27` = 9L, `28` = 2L, 
    `29` = 6L, `30` = 7L, `31` = 6L, `32` = 8L, `33` = 3L, `34` = 4L, 
    `35` = 5L, `40` = 1L, `42` = 2L, `43` = 1L, `44` = 1L, `49` = 1L, 
    `50` = 1L, `60` = 1L, `65` = 1L), .Dim = 43L, .Dimnames = structure(list(
        c("1", "2", "3", "4", "5", "6", "7", "8", "9", "10", 
        "11", "12", "13", "14", "15", "16", "17", "18", "19", 
        "20", "21", "22", "23", "24", "25", "26", "27", "28", 
        "29", "30", "31", "32", "33", "34", "35", "40", "42", 
        "43", "44", "49", "50", "60", "65")), .Names = ""), class = "table"), 
    No.Tag = structure(c(0L, 0L, 0L, 0L, 0L, 0L, 0L, 0L, 0L, 
    0L, 0L, 2L, 458L, 0L, 1L, 0L, 0L, 0L, 0L, 0L, 0L, 1L, 14L, 
    0L, 0L), .Dim = c(5L, 5L), .Dimnames = structure(list(c("-2", 
    "-1", "0", "1", NA), c("A", "C", "G", "T", NA)), .Names = c("", 
    "")), class = "table"), All.Tags = list(Concordant = list(
        Freqs = structure(c(0, 0, 3, 0, 0, 0, 0, 0, 0, 2, 1919, 
        0, 0, 0, 0, 0), .Dim = c(4L, 4L), .Dimnames = list(c("-2", 
        "-1", "0", "1"), c("A", "C", "G", "T"))), N = 1924), 
        Majority = list(Freqs = structure(c(0, 0, 3, 0, 0, 0, 
        0, 0, 0, 2, 1963, 0, 0, 0, 0, 0), .Dim = c(4L, 4L), .Dimnames = list(
            c("-2", "-1", "0", "1"), c("A", "C", "G", "T"))), 
            N = 1968)), `2` = structure(c(0, 0, 0, 0, 0, 0, 0, 
    0, 0, 0, 1611, 0, 0, 0, 0, 0), .Dim = c(4L, 4L), .Dimnames = list(
        c("-2", "-1", "0", "1"), c("A", "C", "G", "T"))))))
