Results <-
list(`bwaOutput/20210421msiMNRsJenny/227175_S61.sam` = list(GM17_SNP1 = list(
    All = list(Freqs = structure(c(0L, 0L, 1L, 0L, 0L, 0L, 2L, 
    167L, 13536L, 36L, 1L, 15L, 0L, 0L, 24L, 1L, 0L, 1L, 0L, 
    2L, 503L, 0L, 0L, 0L), .Dim = c(6L, 4L), .Dimnames = structure(list(
        c("-2", "-1", "0", "1", "2", NA), c("A", "C", "T", NA
        )), .Names = c("", "")), class = "table"), N = 14289L), 
    Tag.Distribution = structure(c(`1` = 272L, `2` = 159L, `3` = 147L, 
    `4` = 106L, `5` = 96L, `6` = 92L, `7` = 84L, `8` = 54L, `9` = 53L, 
    `10` = 58L, `11` = 50L, `12` = 54L, `13` = 37L, `14` = 38L, 
    `15` = 31L, `16` = 31L, `17` = 36L, `18` = 19L, `19` = 31L, 
    `20` = 23L, `21` = 23L, `22` = 11L, `23` = 19L, `24` = 13L, 
    `25` = 17L, `26` = 12L, `27` = 9L, `28` = 8L, `29` = 3L, 
    `30` = 5L, `31` = 4L, `32` = 5L, `33` = 6L, `34` = 2L, `35` = 3L, 
    `36` = 2L, `37` = 2L, `38` = 1L, `40` = 1L, `41` = 3L, `44` = 1L, 
    `46` = 1L, `47` = 2L), .Dim = 43L, .Dimnames = structure(list(
        c("1", "2", "3", "4", "5", "6", "7", "8", "9", "10", 
        "11", "12", "13", "14", "15", "16", "17", "18", "19", 
        "20", "21", "22", "23", "24", "25", "26", "27", "28", 
        "29", "30", "31", "32", "33", "34", "35", "36", "37", 
        "38", "40", "41", "44", "46", "47")), .Names = ""), class = "table"), 
    No.Tag = structure(c(0L, 0L, 0L, 0L, 0L, 0L, 0L, 2L, 418L, 
    1L, 0L, 2L, 0L, 0L, 3L, 0L, 0L, 1L, 0L, 0L, 22L, 0L, 0L, 
    0L), .Dim = c(6L, 4L), .Dimnames = structure(list(c("-2", 
    "-1", "0", "1", "2", NA), c("A", "C", "T", NA)), .Names = c("", 
    "")), class = "table"), All.Tags = list(Concordant = list(
        Freqs = structure(c(0, 0, 0, 0, 0, 0, 5, 1424, 0, 0, 
        0, 0, 13, 1, 0), .Dim = c(5L, 3L), .Dimnames = list(c("-2", 
        "-1", "0", "1", "2"), c("A", "C", "T"))), N = 1443), 
        Majority = list(Freqs = structure(c(0, 0, 0, 0, 0, 0, 
        5, 1579, 0, 0, 0, 0, 13, 1, 0), .Dim = c(5L, 3L), .Dimnames = list(
            c("-2", "-1", "0", "1", "2"), c("A", "C", "T"))), 
            N = 1598)), `2` = structure(c(0, 0, 0, 0, 0, 0, 2, 
    1343, 0, 0, 0, 0, 0, 0, 0), .Dim = c(5L, 3L), .Dimnames = list(
        c("-2", "-1", "0", "1", "2"), c("A", "C", "T"))))))
