Results <-
list(`bwaOutput/20210421msiMNRsJenny/227175_S61.sam` = list(LR17_SNP1 = list(
    All = list(Freqs = structure(c(12L, 373L, 8885L, 112L, 5L, 
    71L, 0L, 0L, 3L, 0L, 0L, 0L, 0L, 17L, 659L, 4L, 1L, 0L), .Dim = c(6L, 
    3L), .Dimnames = structure(list(c("-2", "-1", "0", "1", "2", 
    NA), c("A", "G", NA)), .Names = c("", "")), class = "table"), 
        N = 10142L), Tag.Distribution = structure(c(`1` = 306L, 
    `2` = 100L, `3` = 89L, `4` = 82L, `5` = 70L, `6` = 59L, `7` = 68L, 
    `8` = 46L, `9` = 52L, `10` = 38L, `11` = 47L, `12` = 41L, 
    `13` = 30L, `14` = 33L, `15` = 29L, `16` = 17L, `17` = 16L, 
    `18` = 21L, `19` = 20L, `20` = 23L, `21` = 15L, `22` = 6L, 
    `23` = 8L, `24` = 5L, `25` = 6L, `26` = 8L, `27` = 7L, `28` = 1L, 
    `29` = 2L, `30` = 4L, `31` = 4L, `32` = 2L, `33` = 2L, `34` = 2L, 
    `35` = 1L, `37` = 2L, `39` = 1L, `43` = 1L, `47` = 2L, `50` = 2L, 
    `62` = 1L), .Dim = 41L, .Dimnames = structure(list(c("1", 
    "2", "3", "4", "5", "6", "7", "8", "9", "10", "11", "12", 
    "13", "14", "15", "16", "17", "18", "19", "20", "21", "22", 
    "23", "24", "25", "26", "27", "28", "29", "30", "31", "32", 
    "33", "34", "35", "37", "39", "43", "47", "50", "62")), .Names = ""), class = "table"), 
    No.Tag = structure(c(1L, 9L, 269L, 1L, 0L, 6L, 0L, 0L, 0L, 
    0L, 0L, 0L, 0L, 1L, 27L, 0L, 0L, 0L), .Dim = c(6L, 3L), .Dimnames = structure(list(
        c("-2", "-1", "0", "1", "2", NA), c("A", "G", NA)), .Names = c("", 
    "")), class = "table"), All.Tags = list(Concordant = list(
        Freqs = structure(c(1, 14, 906, 2, 0, 0, 0, 0, 0, 0), .Dim = c(5L, 
        2L), .Dimnames = list(c("-2", "-1", "0", "1", "2"), c("A", 
        "G"))), N = 923), Majority = list(Freqs = structure(c(1, 
    17, 1193, 4, 0, 0, 0, 0, 0, 0), .Dim = c(5L, 2L), .Dimnames = list(
        c("-2", "-1", "0", "1", "2"), c("A", "G"))), N = 1215)), 
    `2` = structure(c(0, 8, 939, 3, 0, 0, 0, 0, 0, 0), .Dim = c(5L, 
    2L), .Dimnames = list(c("-2", "-1", "0", "1", "2"), c("A", 
    "G"))))))
