Results <-
list(`bwaOutput/20210421msiMNRsJenny/227175_S61.sam` = list(GM22_SNP1 = list(
    All = list(Freqs = structure(c(4L, 70L, 5777L, 15L, 20L, 
    0L, 95L, 4447L, 20L, 4L, 0L, 8L, 238L, 1L, 0L), .Dim = c(5L, 
    3L), .Dimnames = structure(list(c("-2", "-1", "0", "1", NA
    ), c("A", "G", NA)), .Names = c("", "")), class = "table"), 
        N = 10699L), Tag.Distribution = structure(c(`1` = 268L, 
    `2` = 122L, `3` = 99L, `4` = 96L, `5` = 71L, `6` = 51L, `7` = 57L, 
    `8` = 60L, `9` = 46L, `10` = 33L, `11` = 45L, `12` = 34L, 
    `13` = 28L, `14` = 19L, `15` = 29L, `16` = 27L, `17` = 17L, 
    `18` = 23L, `19` = 18L, `20` = 19L, `21` = 17L, `22` = 19L, 
    `23` = 10L, `24` = 7L, `25` = 15L, `26` = 10L, `27` = 8L, 
    `28` = 4L, `29` = 7L, `30` = 3L, `31` = 2L, `32` = 2L, `33` = 3L, 
    `34` = 2L, `36` = 1L, `37` = 1L, `39` = 1L, `41` = 1L, `42` = 1L, 
    `43` = 1L, `47` = 1L, `55` = 1L), .Dim = 42L, .Dimnames = structure(list(
        c("1", "2", "3", "4", "5", "6", "7", "8", "9", "10", 
        "11", "12", "13", "14", "15", "16", "17", "18", "19", 
        "20", "21", "22", "23", "24", "25", "26", "27", "28", 
        "29", "30", "31", "32", "33", "34", "36", "37", "39", 
        "41", "42", "43", "47", "55")), .Names = ""), class = "table"), 
    No.Tag = structure(c(0L, 1L, 160L, 4L, 2L, 0L, 1L, 145L, 
    0L, 1L, 0L, 0L, 21L, 0L, 0L), .Dim = c(5L, 3L), .Dimnames = structure(list(
        c("-2", "-1", "0", "1", NA), c("A", "G", NA)), .Names = c("", 
    "")), class = "table"), All.Tags = list(Concordant = list(
        Freqs = structure(c(0, 3, 575, 0, 0, 2, 416, 0), .Dim = c(4L, 
        2L), .Dimnames = list(c("-2", "-1", "0", "1"), c("A", 
        "G"))), N = 996), Majority = list(Freqs = structure(c(0, 
    3, 701, 0, 0, 3, 530, 0), .Dim = c(4L, 2L), .Dimnames = list(
        c("-2", "-1", "0", "1"), c("A", "G"))), N = 1237)), `2` = structure(c(0, 
    0, 571, 0, 0, 1, 427, 0), .Dim = c(4L, 2L), .Dimnames = list(
        c("-2", "-1", "0", "1"), c("A", "G"))))))
