Results <-
list(`bwaOutput/20210421msiMNRsJenny/228082_S84.sam` = list(GM22_SNP1 = list(
    All = list(Freqs = structure(c(5L, 132L, 7222L, 34L, 12L, 
    6L, 123L, 6974L, 22L, 15L, 0L, 0L, 2L, 0L, 0L, 2L, 8L, 288L, 
    5L, 0L), .Dim = 5:4, .Dimnames = structure(list(c("-2", "-1", 
    "0", "1", NA), c("A", "G", "T", NA)), .Names = c("", "")), class = "table"), 
        N = 14850L), Tag.Distribution = structure(c(`1` = 592L, 
    `2` = 605L, `3` = 484L, `4` = 400L, `5` = 319L, `6` = 251L, 
    `7` = 201L, `8` = 133L, `9` = 111L, `10` = 85L, `11` = 40L, 
    `12` = 33L, `13` = 18L, `14` = 27L, `15` = 15L, `16` = 5L, 
    `17` = 3L, `18` = 4L, `19` = 2L, `22` = 1L, `23` = 2L, `24` = 1L, 
    `25` = 1L), .Dim = 23L, .Dimnames = structure(list(c("1", 
    "2", "3", "4", "5", "6", "7", "8", "9", "10", "11", "12", 
    "13", "14", "15", "16", "17", "18", "19", "22", "23", "24", 
    "25")), .Names = ""), class = "table"), No.Tag = structure(c(0L, 
    2L, 251L, 3L, 1L, 0L, 1L, 266L, 1L, 0L, 0L, 0L, 0L, 0L, 0L, 
    0L, 0L, 19L, 0L, 0L), .Dim = 5:4, .Dimnames = structure(list(
        c("-2", "-1", "0", "1", NA), c("A", "G", "T", NA)), .Names = c("", 
    "")), class = "table"), All.Tags = list(Concordant = list(
        Freqs = structure(c(0, 4, 840, 1, 0, 6, 821, 2, 0, 0, 
        0, 0), .Dim = 4:3, .Dimnames = list(c("-2", "-1", "0", 
        "1"), c("A", "G", "T"))), N = 1674), Majority = list(
        Freqs = structure(c(0, 4, 1521, 1, 0, 7, 1465, 2, 0, 
        0, 0, 0), .Dim = 4:3, .Dimnames = list(c("-2", "-1", 
        "0", "1"), c("A", "G", "T"))), N = 3000)), `2` = structure(c(0, 
    1, 1242, 1, 0, 1, 1177, 1, 0, 0, 0, 0), .Dim = 4:3, .Dimnames = list(
        c("-2", "-1", "0", "1"), c("A", "G", "T"))))))
