Results <-
list(`bwaOutput/20210421msiMNRsJenny/228082_S84.sam` = list(GM09_SNP1 = list(
    All = list(Freqs = structure(c(0L, 9L, 0L, 0L, 0L, 0L, 62L, 
    9627L, 3353L, 27L, 1L, 48L, 0L, 1L, 2L, 0L, 0L, 0L, 0L, 74L, 
    21L, 0L, 0L, 0L), .Dim = c(6L, 4L), .Dimnames = structure(list(
        c("-1", "0", "1", "2", "3", NA), c("A", "G", "T", NA)), .Names = c("", 
    "")), class = "table"), N = 13225L), Tag.Distribution = structure(c(`1` = 693L, 
    `2` = 572L, `3` = 424L, `4` = 362L, `5` = 244L, `6` = 166L, 
    `7` = 134L, `8` = 108L, `9` = 86L, `10` = 61L, `11` = 44L, 
    `12` = 29L, `13` = 21L, `14` = 17L, `15` = 21L, `16` = 13L, 
    `17` = 10L, `18` = 8L, `19` = 5L, `20` = 4L, `21` = 7L, `22` = 5L, 
    `24` = 1L, `25` = 2L, `26` = 1L, `27` = 1L, `28` = 1L, `29` = 1L, 
    `30` = 1L, `33` = 1L), .Dim = 30L, .Dimnames = structure(list(
        c("1", "2", "3", "4", "5", "6", "7", "8", "9", "10", 
        "11", "12", "13", "14", "15", "16", "17", "18", "19", 
        "20", "21", "22", "24", "25", "26", "27", "28", "29", 
        "30", "33")), .Names = ""), class = "table"), No.Tag = structure(c(0L, 
    0L, 0L, 0L, 0L, 0L, 4L, 294L, 98L, 0L, 0L, 2L, 0L, 0L, 0L, 
    0L, 0L, 0L, 0L, 7L, 2L, 0L, 0L, 0L), .Dim = c(6L, 4L), .Dimnames = structure(list(
        c("-1", "0", "1", "2", "3", NA), c("A", "G", "T", NA)), .Names = c("", 
    "")), class = "table"), All.Tags = list(Concordant = list(
        Freqs = structure(c(0, 0, 0, 0, 0, 3, 1609, 334, 1, 0, 
        0, 0, 0, 0, 0), .Dim = c(5L, 3L), .Dimnames = list(c("-1", 
        "0", "1", "2", "3"), c("A", "G", "T"))), N = 1947), Majority = list(
        Freqs = structure(c(0, 1, 0, 0, 0, 3, 2260, 564, 1, 0, 
        0, 0, 0, 0, 0), .Dim = c(5L, 3L), .Dimnames = list(c("-1", 
        "0", "1", "2", "3"), c("A", "G", "T"))), N = 2829)), 
    `2` = structure(c(0, 1, 0, 0, 0, 1, 1742, 403, 0, 0, 0, 0, 
    0, 0, 0), .Dim = c(5L, 3L), .Dimnames = list(c("-1", "0", 
    "1", "2", "3"), c("A", "G", "T"))))))
