Results <-
list(`bwaOutput/20210421msiMNRsJenny/228082_S84.sam` = list(GM14_SNP1 = list(
    All = list(Freqs = structure(c(0L, 0L, 0L, 1L, 0L, 0L, 0L, 
    0L, 0L, 0L, 4L, 0L, 0L, 0L, 2L, 18L, 344L, 10070L, 108L, 
    3L, 45L, 0L, 1L, 7L, 18L, 0L, 0L, 1L, 0L, 0L, 1L, 113L, 0L, 
    0L, 0L), .Dim = c(7L, 5L), .Dimnames = structure(list(c("-3", 
    "-2", "-1", "0", "1", "2", NA), c("-", "A", "C", "T", NA)), .Names = c("", 
    "")), class = "table"), N = 10736L), Tag.Distribution = structure(c(`1` = 798L, 
    `2` = 654L, `3` = 490L, `4` = 365L, `5` = 272L, `6` = 201L, 
    `7` = 118L, `8` = 89L, `9` = 39L, `10` = 29L, `11` = 19L, 
    `12` = 12L, `13` = 9L, `14` = 5L, `15` = 2L, `16` = 1L, `17` = 1L, 
    `19` = 1L), .Dim = 18L, .Dimnames = structure(list(c("1", 
    "2", "3", "4", "5", "6", "7", "8", "9", "10", "11", "12", 
    "13", "14", "15", "16", "17", "19")), .Names = ""), class = "table"), 
    No.Tag = structure(c(0L, 0L, 0L, 0L, 0L, 0L, 0L, 0L, 0L, 
    0L, 0L, 0L, 0L, 0L, 0L, 3L, 9L, 302L, 9L, 0L, 2L, 0L, 0L, 
    0L, 1L, 0L, 0L, 0L, 0L, 0L, 0L, 7L, 0L, 0L, 0L), .Dim = c(7L, 
    5L), .Dimnames = structure(list(c("-3", "-2", "-1", "0", 
    "1", "2", NA), c("-", "A", "C", "T", NA)), .Names = c("", 
    "")), class = "table"), All.Tags = list(Concordant = list(
        Freqs = structure(c(0, 0, 0, 0, 0, 0, 0, 0, 0, 0, 0, 
        0, 0, 2, 26, 2667, 6, 0, 0, 0, 1, 3, 0, 0), .Dim = c(6L, 
        4L), .Dimnames = list(c("-3", "-2", "-1", "0", "1", "2"
        ), c("-", "A", "C", "T"))), N = 2705), Majority = list(
        Freqs = structure(c(0, 0, 0, 0, 0, 0, 0, 0, 0, 0, 0, 
        0, 0, 2, 30, 2977, 7, 0, 0, 0, 1, 3, 0, 0), .Dim = c(6L, 
        4L), .Dimnames = list(c("-3", "-2", "-1", "0", "1", "2"
        ), c("-", "A", "C", "T"))), N = 3020)), `2` = structure(c(0, 
    0, 0, 0, 0, 0, 0, 0, 0, 0, 0, 0, 0, 0, 8, 2231, 1, 0, 0, 
    0, 0, 0, 0, 0), .Dim = c(6L, 4L), .Dimnames = list(c("-3", 
    "-2", "-1", "0", "1", "2"), c("-", "A", "C", "T"))))))
