Results <-
list(`bwaOutput/20210421msiMNRsJenny/228082_S84.sam` = list(LR20_SNP1 = list(
    All = list(Freqs = structure(c(12L, 6450L, 16L, 4L, 28L, 
    8648L, 17L, 12L, 0L, 1L, 0L, 0L, 0L, 139L, 1L, 0L), .Dim = c(4L, 
    4L), .Dimnames = structure(list(c("-1", "0", "1", NA), c("A", 
    "G", "T", NA)), .Names = c("", "")), class = "table"), N = 15328L), 
    Tag.Distribution = structure(c(`1` = 640L, `2` = 485L, `3` = 386L, 
    `4` = 309L, `5` = 272L, `6` = 194L, `7` = 176L, `8` = 119L, 
    `9` = 95L, `10` = 74L, `11` = 55L, `12` = 32L, `13` = 36L, 
    `14` = 29L, `15` = 24L, `16` = 24L, `17` = 19L, `18` = 18L, 
    `19` = 9L, `20` = 9L, `21` = 11L, `22` = 4L, `23` = 3L, `24` = 1L, 
    `25` = 5L, `26` = 2L, `27` = 2L, `28` = 2L, `29` = 1L, `35` = 1L, 
    `38` = 1L), .Dim = 31L, .Dimnames = structure(list(c("1", 
    "2", "3", "4", "5", "6", "7", "8", "9", "10", "11", "12", 
    "13", "14", "15", "16", "17", "18", "19", "20", "21", "22", 
    "23", "24", "25", "26", "27", "28", "29", "35", "38")), .Names = ""), class = "table"), 
    No.Tag = structure(c(0L, 278L, 0L, 0L, 1L, 308L, 1L, 8L, 
    0L, 0L, 0L, 0L, 0L, 19L, 0L, 0L), .Dim = c(4L, 4L), .Dimnames = structure(list(
        c("-1", "0", "1", NA), c("A", "G", "T", NA)), .Names = c("", 
    "")), class = "table"), All.Tags = list(Concordant = list(
        Freqs = structure(c(0, 610, 1, 1, 899, 0, 0, 0, 0), .Dim = c(3L, 
        3L), .Dimnames = list(c("-1", "0", "1"), c("A", "G", 
        "T"))), N = 1511), Majority = list(Freqs = structure(c(0, 
    1117, 1, 1, 1641, 0, 0, 0, 0), .Dim = c(3L, 3L), .Dimnames = list(
        c("-1", "0", "1"), c("A", "G", "T"))), N = 2760)), `2` = structure(c(0, 
    821, 0, 0, 1310, 0, 0, 0, 0), .Dim = c(3L, 3L), .Dimnames = list(
        c("-1", "0", "1"), c("A", "G", "T"))))))
