Results <-
list(`bwaOutput/20210421msiMNRsJenny/228082_S84.sam` = list(LR17_SNP1 = list(
    All = list(Freqs = structure(c(3L, 22L, 614L, 14621L, 261L, 
    6L, 90L, 0L, 0L, 0L, 10L, 0L, 0L, 0L, 0L, 0L, 21L, 1171L, 
    11L, 0L, 0L), .Dim = c(7L, 3L), .Dimnames = structure(list(
        c("-3", "-2", "-1", "0", "1", "2", NA), c("A", "G", NA
        )), .Names = c("", "")), class = "table"), N = 16830L), 
    Tag.Distribution = structure(c(`1` = 572L, `2` = 573L, `3` = 516L, 
    `4` = 383L, `5` = 372L, `6` = 276L, `7` = 193L, `8` = 169L, 
    `9` = 105L, `10` = 103L, `11` = 71L, `12` = 56L, `13` = 41L, 
    `14` = 25L, `15` = 22L, `16` = 7L, `17` = 11L, `18` = 4L, 
    `19` = 3L, `20` = 1L, `21` = 1L, `22` = 3L), .Dim = 22L, .Dimnames = structure(list(
        c("1", "2", "3", "4", "5", "6", "7", "8", "9", "10", 
        "11", "12", "13", "14", "15", "16", "17", "18", "19", 
        "20", "21", "22")), .Names = ""), class = "table"), No.Tag = structure(c(0L, 
    1L, 24L, 544L, 6L, 0L, 7L, 0L, 0L, 0L, 0L, 0L, 0L, 0L, 0L, 
    0L, 0L, 54L, 1L, 0L, 0L), .Dim = c(7L, 3L), .Dimnames = structure(list(
        c("-3", "-2", "-1", "0", "1", "2", NA), c("A", "G", NA
        )), .Names = c("", "")), class = "table"), All.Tags = list(
        Concordant = list(Freqs = structure(c(1, 4, 22, 2745, 
        11, 0, 0, 0, 0, 0, 0, 0), .Dim = c(6L, 2L), .Dimnames = list(
            c("-3", "-2", "-1", "0", "1", "2"), c("A", "G"))), 
            N = 2783), Majority = list(Freqs = structure(c(1, 
        4, 25, 3348, 12, 0, 0, 0, 0, 0, 0, 0), .Dim = c(6L, 2L
        ), .Dimnames = list(c("-3", "-2", "-1", "0", "1", "2"
        ), c("A", "G"))), N = 3390)), `2` = structure(c(0, 0, 
    11, 2846, 6, 0, 0, 0, 0, 0, 0, 0), .Dim = c(6L, 2L), .Dimnames = list(
        c("-3", "-2", "-1", "0", "1", "2"), c("A", "G"))))))
