Results <-
list(`bwaOutput/20210421msiMNRsJenny/228082_S84.sam` = list(LR11_SNP1 = list(
    All = list(Freqs = structure(c(0L, 0L, 0L, 15L, 0L, 0L, 0L, 
    1L, 8L, 352L, 13008L, 118L, 1L, 46L, 0L, 0L, 0L, 1L, 0L, 
    0L, 0L, 0L, 1L, 23L, 578L, 9L, 1L, 0L), .Dim = c(7L, 4L), .Dimnames = structure(list(
        c("-3", "-2", "-1", "0", "1", "2", NA), c("A", "C", "T", 
        NA)), .Names = c("", "")), class = "table"), N = 14162L), 
    Tag.Distribution = structure(c(`1` = 623L, `2` = 566L, `3` = 478L, 
    `4` = 370L, `5` = 324L, `6` = 231L, `7` = 181L, `8` = 138L, 
    `9` = 91L, `10` = 70L, `11` = 47L, `12` = 45L, `13` = 24L, 
    `14` = 16L, `15` = 13L, `16` = 6L, `17` = 4L, `18` = 4L, 
    `19` = 3L, `20` = 4L, `21` = 1L, `22` = 2L, `23` = 1L, `25` = 1L
    ), .Dim = 24L, .Dimnames = structure(list(c("1", "2", "3", 
    "4", "5", "6", "7", "8", "9", "10", "11", "12", "13", "14", 
    "15", "16", "17", "18", "19", "20", "21", "22", "23", "25"
    )), .Names = ""), class = "table"), No.Tag = structure(c(0L, 
    0L, 0L, 0L, 0L, 0L, 0L, 0L, 0L, 7L, 288L, 6L, 1L, 4L, 0L, 
    0L, 0L, 0L, 0L, 0L, 0L, 0L, 0L, 0L, 17L, 0L, 0L, 0L), .Dim = c(7L, 
    4L), .Dimnames = structure(list(c("-3", "-2", "-1", "0", 
    "1", "2", NA), c("A", "C", "T", NA)), .Names = c("", "")), class = "table"), 
    All.Tags = list(Concordant = list(Freqs = structure(c(0, 
    0, 0, 0, 0, 0, 0, 1, 17, 2809, 5, 0, 0, 0, 0, 0, 0, 0), .Dim = c(6L, 
    3L), .Dimnames = list(c("-3", "-2", "-1", "0", "1", "2"), 
        c("A", "C", "T"))), N = 2832), Majority = list(Freqs = structure(c(0, 
    0, 0, 1, 0, 0, 0, 1, 20, 3146, 5, 0, 0, 0, 0, 0, 0, 0), .Dim = c(6L, 
    3L), .Dimnames = list(c("-3", "-2", "-1", "0", "1", "2"), 
        c("A", "C", "T"))), N = 3173)), `2` = structure(c(0, 
    0, 0, 1, 0, 0, 0, 0, 5, 2569, 0, 0, 0, 0, 0, 0, 0, 0), .Dim = c(6L, 
    3L), .Dimnames = list(c("-3", "-2", "-1", "0", "1", "2"), 
        c("A", "C", "T"))))))
