Results <-
list(`bwaOutput/20210421msiMNRsJenny/228082_S84.sam` = list(IM16_SNP1 = list(
    All = list(Freqs = structure(c(0L, 6L, 0L, 0L, 0L, 0L, 2L, 
    0L, 0L, 0L, 132L, 11258L, 190L, 1L, 16L, 0L, 1L, 0L, 0L, 
    0L, 1L, 193L, 16L, 0L, 0L), .Dim = c(5L, 5L), .Dimnames = structure(list(
        c("-1", "0", "1", "2", NA), c("A", "C", "G", "T", NA)), .Names = c("", 
    "")), class = "table"), N = 11816L), Tag.Distribution = structure(c(`1` = 666L, 
    `2` = 553L, `3` = 451L, `4` = 368L, `5` = 263L, `6` = 214L, 
    `7` = 122L, `8` = 101L, `9` = 55L, `10` = 52L, `11` = 39L, 
    `12` = 19L, `13` = 15L, `14` = 13L, `15` = 5L, `16` = 11L, 
    `17` = 6L, `18` = 1L, `19` = 1L, `20` = 4L, `21` = 2L, `22` = 1L, 
    `24` = 1L), .Dim = 23L, .Dimnames = structure(list(c("1", 
    "2", "3", "4", "5", "6", "7", "8", "9", "10", "11", "12", 
    "13", "14", "15", "16", "17", "18", "19", "20", "21", "22", 
    "24")), .Names = ""), class = "table"), No.Tag = structure(c(0L, 
    0L, 0L, 0L, 0L, 0L, 1L, 0L, 0L, 0L, 1L, 317L, 5L, 0L, 1L, 
    0L, 0L, 0L, 0L, 0L, 0L, 24L, 2L, 0L, 0L), .Dim = c(5L, 5L
    ), .Dimnames = structure(list(c("-1", "0", "1", "2", NA), 
        c("A", "C", "G", "T", NA)), .Names = c("", "")), class = "table"), 
    All.Tags = list(Concordant = list(Freqs = structure(c(0, 
    1, 0, 0, 0, 0, 0, 0, 14, 2663, 8, 0, 0, 0, 0, 0), .Dim = c(4L, 
    4L), .Dimnames = list(c("-1", "0", "1", "2"), c("A", "C", 
    "G", "T"))), N = 2686), Majority = list(Freqs = structure(c(0, 
    1, 0, 0, 0, 0, 0, 0, 15, 2893, 11, 0, 0, 0, 0, 0), .Dim = c(4L, 
    4L), .Dimnames = list(c("-1", "0", "1", "2"), c("A", "C", 
    "G", "T"))), N = 2920)), `2` = structure(c(0, 0, 0, 0, 0, 
    0, 0, 0, 2, 2262, 4, 0, 0, 0, 0, 0), .Dim = c(4L, 4L), .Dimnames = list(
        c("-1", "0", "1", "2"), c("A", "C", "G", "T"))))))
