Results <-
list(`bwaOutput/20210421msiMNRsJenny/228082_S84.sam` = list(LR36_SNP1 = list(
    All = list(Freqs = structure(c(3L, 1L, 10L, 144L, 5306L, 
    64L, 1L, 50L, 0L, 0L, 0L, 0L, 1L, 0L, 0L, 0L, 0L, 0L, 4L, 
    93L, 3741L, 40L, 2L, 42L, 0L, 0L, 1L, 4L, 484L, 10L, 0L, 
    0L), .Dim = c(8L, 4L), .Dimnames = structure(list(c("-4", 
    "-3", "-2", "-1", "0", "1", "2", NA), c("A", "G", "T", NA
    )), .Names = c("", "")), class = "table"), N = 10001L), Tag.Distribution = structure(c(`1` = 791L, 
    `2` = 592L, `3` = 472L, `4` = 297L, `5` = 212L, `6` = 155L, 
    `7` = 110L, `8` = 88L, `9` = 47L, `10` = 35L, `11` = 29L, 
    `12` = 12L, `13` = 6L, `14` = 4L, `15` = 4L, `16` = 1L, `17` = 3L, 
    `18` = 3L, `20` = 1L), .Dim = 19L, .Dimnames = structure(list(
        c("1", "2", "3", "4", "5", "6", "7", "8", "9", "10", 
        "11", "12", "13", "14", "15", "16", "17", "18", "20")), .Names = ""), class = "table"), 
    No.Tag = structure(c(0L, 0L, 0L, 1L, 201L, 1L, 0L, 6L, 0L, 
    0L, 0L, 0L, 0L, 0L, 0L, 0L, 0L, 0L, 0L, 2L, 127L, 3L, 2L, 
    6L, 0L, 0L, 0L, 0L, 37L, 1L, 0L, 0L), .Dim = c(8L, 4L), .Dimnames = structure(list(
        c("-4", "-3", "-2", "-1", "0", "1", "2", NA), c("A", 
        "G", "T", NA)), .Names = c("", "")), class = "table"), 
    All.Tags = list(Concordant = list(Freqs = structure(c(0, 
    0, 0, 21, 1056, 9, 0, 0, 0, 0, 0, 0, 0, 0, 0, 0, 0, 11, 674, 
    3, 0), .Dim = c(7L, 3L), .Dimnames = list(c("-4", "-3", "-2", 
    "-1", "0", "1", "2"), c("A", "G", "T"))), N = 1774), Majority = list(
        Freqs = structure(c(0, 0, 0, 23, 1495, 11, 0, 0, 0, 0, 
        0, 0, 0, 0, 0, 0, 0, 11, 1009, 4, 0), .Dim = c(7L, 3L
        ), .Dimnames = list(c("-4", "-3", "-2", "-1", "0", "1", 
        "2"), c("A", "G", "T"))), N = 2553)), `2` = structure(c(0, 
    0, 0, 5, 1087, 3, 0, 0, 0, 0, 0, 0, 0, 0, 0, 0, 0, 1, 716, 
    3, 0), .Dim = c(7L, 3L), .Dimnames = list(c("-4", "-3", "-2", 
    "-1", "0", "1", "2"), c("A", "G", "T"))))))
