Results <-
list(`bwaOutput/20210421msiMNRsJenny/228082_S84.sam` = list(GM01_SNP1 = list(
    All = list(Freqs = structure(c(0L, 0L, 2L, 0L, 0L, 0L, 3L, 
    283L, 18817L, 90L, 1L, 30L, 0L, 0L, 2L, 0L, 0L, 0L, 0L, 1L, 
    11L, 0L, 0L, 0L, 0L, 0L, 1L, 0L, 0L, 0L, 0L, 8L, 236L, 2L, 
    0L, 0L), .Dim = c(6L, 6L), .Dimnames = structure(list(c("-2", 
    "-1", "0", "1", "2", NA), c("-", "A", "C", "G", "T", NA)), .Names = c("", 
    "")), class = "table"), N = 19487L), Tag.Distribution = structure(c(`1` = 577L, 
    `2` = 487L, `3` = 455L, `4` = 377L, `5` = 295L, `6` = 247L, 
    `7` = 233L, `8` = 171L, `9` = 116L, `10` = 124L, `11` = 76L, 
    `12` = 59L, `13` = 56L, `14` = 41L, `15` = 35L, `16` = 25L, 
    `17` = 19L, `18` = 23L, `19` = 11L, `20` = 5L, `21` = 9L, 
    `22` = 6L, `23` = 9L, `24` = 5L, `25` = 5L, `26` = 4L, `27` = 2L, 
    `28` = 3L, `29` = 9L, `30` = 2L, `31` = 1L, `32` = 2L, `33` = 1L, 
    `34` = 1L, `36` = 1L, `37` = 1L, `38` = 1L), .Dim = 37L, .Dimnames = structure(list(
        c("1", "2", "3", "4", "5", "6", "7", "8", "9", "10", 
        "11", "12", "13", "14", "15", "16", "17", "18", "19", 
        "20", "21", "22", "23", "24", "25", "26", "27", "28", 
        "29", "30", "31", "32", "33", "34", "36", "37", "38")), .Names = ""), class = "table"), 
    No.Tag = structure(c(0L, 0L, 0L, 0L, 0L, 0L, 0L, 9L, 373L, 
    0L, 0L, 2L, 0L, 0L, 0L, 0L, 0L, 0L, 0L, 0L, 0L, 0L, 0L, 0L, 
    0L, 0L, 0L, 0L, 0L, 0L, 0L, 2L, 11L, 0L, 0L, 0L), .Dim = c(6L, 
    6L), .Dimnames = structure(list(c("-2", "-1", "0", "1", "2", 
    NA), c("-", "A", "C", "G", "T", NA)), .Names = c("", "")), class = "table"), 
    All.Tags = list(Concordant = list(Freqs = structure(c(0, 
    0, 0, 0, 0, 0, 13, 3142, 3, 0, 0, 0, 0, 0, 0, 0, 0, 1, 0, 
    0, 0, 0, 0, 0, 0), .Dim = c(5L, 5L), .Dimnames = list(c("-2", 
    "-1", "0", "1", "2"), c("-", "A", "C", "G", "T"))), N = 3159), 
        Majority = list(Freqs = structure(c(0, 0, 0, 0, 0, 0, 
        14, 3447, 5, 0, 0, 0, 0, 0, 0, 0, 0, 1, 0, 0, 0, 0, 0, 
        0, 0), .Dim = c(5L, 5L), .Dimnames = list(c("-2", "-1", 
        "0", "1", "2"), c("-", "A", "C", "G", "T"))), N = 3467)), 
    `2` = structure(c(0, 0, 0, 0, 0, 0, 1, 2895, 2, 0, 0, 0, 
    0, 0, 0, 0, 0, 0, 0, 0, 0, 0, 0, 0, 0), .Dim = c(5L, 5L), .Dimnames = list(
        c("-2", "-1", "0", "1", "2"), c("-", "A", "C", "G", "T"
        ))))))
