Results <-
list(`bwaOutput/20210421msiMNRsJenny/228082_S84.sam` = list(LR40_SNP1 = list(
    All = list(Freqs = structure(c(2L, 142L, 12772L, 60L, 33L, 
    0L, 0L, 2L, 0L, 0L, 0L, 0L, 1L, 0L, 0L, 0L, 0L, 92L, 2L, 
    0L), .Dim = 5:4, .Dimnames = structure(list(c("-2", "-1", 
    "0", "1", NA), c("C", "G", "T", NA)), .Names = c("", "")), class = "table"), 
        N = 13106L), Tag.Distribution = structure(c(`1` = 703L, 
    `2` = 485L, `3` = 347L, `4` = 310L, `5` = 248L, `6` = 143L, 
    `7` = 105L, `8` = 101L, `9` = 78L, `10` = 57L, `11` = 56L, 
    `12` = 39L, `13` = 21L, `14` = 26L, `15` = 22L, `16` = 12L, 
    `17` = 21L, `18` = 6L, `19` = 12L, `20` = 7L, `21` = 4L, 
    `22` = 4L, `23` = 4L, `24` = 2L, `25` = 3L, `26` = 3L, `27` = 1L, 
    `28` = 1L, `30` = 2L, `31` = 1L, `42` = 2L, `43` = 2L, `49` = 1L
    ), .Dim = 33L, .Dimnames = structure(list(c("1", "2", "3", 
    "4", "5", "6", "7", "8", "9", "10", "11", "12", "13", "14", 
    "15", "16", "17", "18", "19", "20", "21", "22", "23", "24", 
    "25", "26", "27", "28", "30", "31", "42", "43", "49")), .Names = ""), class = "table"), 
    No.Tag = structure(c(0L, 6L, 311L, 0L, 6L, 0L, 0L, 0L, 0L, 
    0L, 0L, 0L, 0L, 0L, 0L, 0L, 0L, 10L, 0L, 0L), .Dim = 5:4, .Dimnames = structure(list(
        c("-2", "-1", "0", "1", NA), c("C", "G", "T", NA)), .Names = c("", 
    "")), class = "table"), All.Tags = list(Concordant = list(
        Freqs = structure(c(0, 9, 2628, 1, 0, 0, 0, 0, 0, 0, 
        0, 0), .Dim = 4:3, .Dimnames = list(c("-2", "-1", "0", 
        "1"), c("C", "G", "T"))), N = 2638), Majority = list(
        Freqs = structure(c(0, 9, 2796, 1, 0, 0, 0, 0, 0, 0, 
        0, 0), .Dim = 4:3, .Dimnames = list(c("-2", "-1", "0", 
        "1"), c("C", "G", "T"))), N = 2806)), `2` = structure(c(0, 
    2, 2110, 0, 0, 0, 0, 0, 0, 0, 0, 0), .Dim = 4:3, .Dimnames = list(
        c("-2", "-1", "0", "1"), c("C", "G", "T"))))))
