Results <-
list(`bwaOutput/20210421msiMNRsJenny/228082_S84.sam` = list(GM29_SNP1 = list(
    All = list(Freqs = structure(c(1L, 2L, 215L, 13007L, 43L, 
    1L, 18L, 0L, 0L, 0L, 30L, 0L, 0L, 0L, 0L, 0L, 0L, 1L, 0L, 
    0L, 0L, 0L, 0L, 2L, 139L, 0L, 0L, 0L), .Dim = c(7L, 4L), .Dimnames = structure(list(
        c("-3", "-2", "-1", "0", "1", "2", NA), c("A", "G", "T", 
        NA)), .Names = c("", "")), class = "table"), N = 13459L), 
    Tag.Distribution = structure(c(`1` = 570L, `2` = 418L, `3` = 321L, 
    `4` = 229L, `5` = 168L, `6` = 128L, `7` = 96L, `8` = 54L, 
    `9` = 55L, `10` = 50L, `11` = 45L, `12` = 26L, `13` = 25L, 
    `14` = 18L, `15` = 34L, `16` = 21L, `17` = 21L, `18` = 12L, 
    `19` = 7L, `20` = 11L, `21` = 7L, `22` = 10L, `23` = 5L, 
    `24` = 4L, `25` = 9L, `26` = 5L, `27` = 4L, `28` = 7L, `29` = 5L, 
    `31` = 3L, `32` = 1L, `33` = 2L, `34` = 2L, `35` = 3L, `36` = 3L, 
    `37` = 1L, `38` = 2L, `42` = 1L, `43` = 2L, `44` = 3L, `45` = 1L, 
    `46` = 1L, `47` = 1L, `50` = 1L, `54` = 1L, `55` = 1L, `56` = 1L, 
    `57` = 1L, `71` = 1L, `77` = 1L), .Dim = 50L, .Dimnames = structure(list(
        c("1", "2", "3", "4", "5", "6", "7", "8", "9", "10", 
        "11", "12", "13", "14", "15", "16", "17", "18", "19", 
        "20", "21", "22", "23", "24", "25", "26", "27", "28", 
        "29", "31", "32", "33", "34", "35", "36", "37", "38", 
        "42", "43", "44", "45", "46", "47", "50", "54", "55", 
        "56", "57", "71", "77")), .Names = ""), class = "table"), 
    No.Tag = structure(c(0L, 0L, 8L, 499L, 4L, 0L, 5L, 0L, 0L, 
    0L, 1L, 0L, 0L, 0L, 0L, 0L, 0L, 1L, 0L, 0L, 0L, 0L, 0L, 0L, 
    8L, 0L, 0L, 0L), .Dim = c(7L, 4L), .Dimnames = structure(list(
        c("-3", "-2", "-1", "0", "1", "2", NA), c("A", "G", "T", 
        NA)), .Names = c("", "")), class = "table"), All.Tags = list(
        Concordant = list(Freqs = structure(c(0, 0, 10, 2153, 
        1, 0, 0, 0, 0, 4, 0, 0, 0, 0, 0, 0, 0, 0), .Dim = c(6L, 
        3L), .Dimnames = list(c("-3", "-2", "-1", "0", "1", "2"
        ), c("A", "G", "T"))), N = 2168), Majority = list(Freqs = structure(c(0, 
        0, 10, 2354, 1, 0, 0, 0, 0, 4, 0, 0, 0, 0, 0, 0, 0, 0
        ), .Dim = c(6L, 3L), .Dimnames = list(c("-3", "-2", "-1", 
        "0", "1", "2"), c("A", "G", "T"))), N = 2369)), `2` = structure(c(0, 
    0, 3, 1804, 0, 0, 0, 0, 0, 0, 0, 0, 0, 0, 0, 0, 0, 0), .Dim = c(6L, 
    3L), .Dimnames = list(c("-3", "-2", "-1", "0", "1", "2"), 
        c("A", "G", "T"))))))
