Results <-
list(`bwaOutput/20210421msiMNRsJenny/228082_S84.sam` = list(LR10_SNP1 = list(
    All = list(Freqs = structure(c(0L, 0L, 1L, 0L, 0L, 0L, 2L, 
    256L, 10104L, 91L, 1L, 23L, 0L, 0L, 1L, 0L, 0L, 0L, 0L, 0L, 
    23L, 0L, 0L, 0L, 0L, 0L, 168L, 2L, 0L, 0L), .Dim = 6:5, .Dimnames = structure(list(
        c("-2", "-1", "0", "1", "2", NA), c("A", "C", "G", "T", 
        NA)), .Names = c("", "")), class = "table"), N = 10672L), 
    Tag.Distribution = structure(c(`1` = 744L, `2` = 601L, `3` = 466L, 
    `4` = 353L, `5` = 236L, `6` = 162L, `7` = 123L, `8` = 85L, 
    `9` = 58L, `10` = 46L, `11` = 36L, `12` = 14L, `13` = 6L, 
    `14` = 4L, `15` = 7L, `16` = 2L, `17` = 2L, `18` = 1L, `19` = 1L
    ), .Dim = 19L, .Dimnames = structure(list(c("1", "2", "3", 
    "4", "5", "6", "7", "8", "9", "10", "11", "12", "13", "14", 
    "15", "16", "17", "18", "19")), .Names = ""), class = "table"), 
    No.Tag = structure(c(0L, 0L, 0L, 0L, 0L, 0L, 0L, 10L, 306L, 
    2L, 0L, 2L, 0L, 0L, 0L, 0L, 0L, 0L, 0L, 0L, 1L, 0L, 0L, 0L, 
    0L, 0L, 14L, 0L, 0L, 0L), .Dim = 6:5, .Dimnames = structure(list(
        c("-2", "-1", "0", "1", "2", NA), c("A", "C", "G", "T", 
        NA)), .Names = c("", "")), class = "table"), All.Tags = list(
        Concordant = list(Freqs = structure(c(0, 0, 0, 0, 0, 
        0, 18, 2613, 10, 0, 0, 0, 0, 0, 0, 0, 0, 1, 0, 0), .Dim = 5:4, .Dimnames = list(
            c("-2", "-1", "0", "1", "2"), c("A", "C", "G", "T"
            ))), N = 2642), Majority = list(Freqs = structure(c(0, 
        0, 0, 0, 0, 0, 21, 2848, 10, 0, 0, 0, 0, 0, 0, 0, 0, 
        2, 0, 0), .Dim = 5:4, .Dimnames = list(c("-2", "-1", 
        "0", "1", "2"), c("A", "C", "G", "T"))), N = 2881)), 
    `2` = structure(c(0, 0, 0, 0, 0, 0, 5, 2149, 1, 0, 0, 0, 
    0, 0, 0, 0, 0, 1, 0, 0), .Dim = 5:4, .Dimnames = list(c("-2", 
    "-1", "0", "1", "2"), c("A", "C", "G", "T"))))))
