Results <-
list(`bwaOutput/20210421msiMNRsJenny/228082_S84.sam` = list(LR24_SNP1 = list(
    All = list(Freqs = structure(c(1L, 29L, 5654L, 14L, 8L, 0L, 
    25L, 4646L, 13L, 3L, 0L, 0L, 74L, 2L, 0L), .Dim = c(5L, 3L
    ), .Dimnames = structure(list(c("-3", "-1", "0", "1", NA), 
        c("A", "G", NA)), .Names = c("", "")), class = "table"), 
        N = 10469L), Tag.Distribution = structure(c(`1` = 862L, 
    `2` = 689L, `3` = 484L, `4` = 348L, `5` = 246L, `6` = 172L, 
    `7` = 86L, `8` = 74L, `9` = 54L, `10` = 28L, `11` = 12L, 
    `12` = 13L, `13` = 10L, `14` = 5L, `15` = 5L, `16` = 1L, 
    `17` = 2L, `18` = 2L, `19` = 1L, `22` = 1L), .Dim = 20L, .Dimnames = structure(list(
        c("1", "2", "3", "4", "5", "6", "7", "8", "9", "10", 
        "11", "12", "13", "14", "15", "16", "17", "18", "19", 
        "22")), .Names = ""), class = "table"), No.Tag = structure(c(0L, 
    1L, 259L, 0L, 1L, 0L, 0L, 201L, 0L, 0L, 0L, 0L, 11L, 0L, 
    0L), .Dim = c(5L, 3L), .Dimnames = structure(list(c("-3", 
    "-1", "0", "1", NA), c("A", "G", NA)), .Names = c("", "")), class = "table"), 
    All.Tags = list(Concordant = list(Freqs = structure(c(0, 
    2, 1057, 1, 0, 2, 743, 2), .Dim = c(4L, 2L), .Dimnames = list(
        c("-3", "-1", "0", "1"), c("A", "G"))), N = 1807), Majority = list(
        Freqs = structure(c(0, 2, 1551, 1, 0, 2, 1160, 2), .Dim = c(4L, 
        2L), .Dimnames = list(c("-3", "-1", "0", "1"), c("A", 
        "G"))), N = 2718)), `2` = structure(c(0, 0, 1079, 0, 
    0, 0, 782, 0), .Dim = c(4L, 2L), .Dimnames = list(c("-3", 
    "-1", "0", "1"), c("A", "G"))))))
