Results <-
list(`bwaOutput/20210421msiMNRsJenny/228082_S84.sam` = list(GM11_SNP1 = list(
    All = list(Freqs = structure(c(0L, 10L, 32L, 0L, 0L, 0L, 
    1L, 135L, 13224L, 67L, 1L, 18L, 0L, 0L, 4L, 0L, 0L, 0L, 0L, 
    2L, 110L, 2L, 0L, 0L), .Dim = c(6L, 4L), .Dimnames = structure(list(
        c("-2", "-1", "0", "1", "2", NA), c("A", "G", "T", NA
        )), .Names = c("", "")), class = "table"), N = 13606L), 
    Tag.Distribution = structure(c(`1` = 622L, `2` = 513L, `3` = 418L, 
    `4` = 342L, `5` = 277L, `6` = 209L, `7` = 138L, `8` = 90L, 
    `9` = 78L, `10` = 55L, `11` = 36L, `12` = 34L, `13` = 20L, 
    `14` = 30L, `15` = 14L, `16` = 9L, `17` = 11L, `18` = 8L, 
    `19` = 7L, `20` = 2L, `21` = 6L, `22` = 7L, `23` = 4L, `24` = 5L, 
    `25` = 6L, `26` = 3L, `27` = 4L, `29` = 1L, `31` = 1L, `32` = 1L, 
    `33` = 2L, `35` = 1L, `37` = 1L, `52` = 1L), .Dim = 34L, .Dimnames = structure(list(
        c("1", "2", "3", "4", "5", "6", "7", "8", "9", "10", 
        "11", "12", "13", "14", "15", "16", "17", "18", "19", 
        "20", "21", "22", "23", "24", "25", "26", "27", "29", 
        "31", "32", "33", "35", "37", "52")), .Names = ""), class = "table"), 
    No.Tag = structure(c(0L, 0L, 0L, 0L, 0L, 0L, 0L, 2L, 294L, 
    1L, 0L, 0L, 0L, 0L, 0L, 0L, 0L, 0L, 0L, 0L, 10L, 0L, 0L, 
    0L), .Dim = c(6L, 4L), .Dimnames = structure(list(c("-2", 
    "-1", "0", "1", "2", NA), c("A", "G", "T", NA)), .Names = c("", 
    "")), class = "table"), All.Tags = list(Concordant = list(
        Freqs = structure(c(0, 1, 5, 0, 0, 0, 6, 2728, 2, 0, 
        0, 0, 0, 0, 0), .Dim = c(5L, 3L), .Dimnames = list(c("-2", 
        "-1", "0", "1", "2"), c("A", "G", "T"))), N = 2742), 
        Majority = list(Freqs = structure(c(0, 1, 5, 0, 0, 0, 
        8, 2917, 3, 0, 0, 0, 0, 0, 0), .Dim = c(5L, 3L), .Dimnames = list(
            c("-2", "-1", "0", "1", "2"), c("A", "G", "T"))), 
            N = 2934)), `2` = structure(c(0, 0, 0, 0, 0, 0, 2, 
    2316, 1, 0, 0, 0, 0, 0, 0), .Dim = c(5L, 3L), .Dimnames = list(
        c("-2", "-1", "0", "1", "2"), c("A", "G", "T"))))))
