Results <-
list(`bwaOutput/20210421msiMNRsJenny/228082_S84.sam` = list(LR49_SNP1 = list(
    All = list(Freqs = structure(c(14L, 48L, 0L, 0L, 24L, 9734L, 
    4L, 9L, 0L, 1L, 0L, 0L, 1L, 74L, 0L, 0L), .Dim = c(4L, 4L
    ), .Dimnames = structure(list(c("-1", "0", "1", NA), c("A", 
    "G", "T", NA)), .Names = c("", "")), class = "table"), N = 9909L), 
    Tag.Distribution = structure(c(`1` = 750L, `2` = 590L, `3` = 394L, 
    `4` = 307L, `5` = 220L, `6` = 142L, `7` = 99L, `8` = 78L, 
    `9` = 59L, `10` = 33L, `11` = 34L, `12` = 17L, `13` = 9L, 
    `14` = 8L, `15` = 8L, `16` = 2L, `18` = 2L, `19` = 1L, `20` = 2L, 
    `29` = 1L), .Dim = 20L, .Dimnames = structure(list(c("1", 
    "2", "3", "4", "5", "6", "7", "8", "9", "10", "11", "12", 
    "13", "14", "15", "16", "18", "19", "20", "29")), .Names = ""), class = "table"), 
    No.Tag = structure(c(0L, 1L, 0L, 0L, 1L, 335L, 0L, 2L, 0L, 
    0L, 0L, 0L, 1L, 16L, 0L, 0L), .Dim = c(4L, 4L), .Dimnames = structure(list(
        c("-1", "0", "1", NA), c("A", "G", "T", NA)), .Names = c("", 
    "")), class = "table"), All.Tags = list(Concordant = list(
        Freqs = structure(c(4, 6, 0, 3, 2662, 1, 0, 0, 0), .Dim = c(3L, 
        3L), .Dimnames = list(c("-1", "0", "1"), c("A", "G", 
        "T"))), N = 2676), Majority = list(Freqs = structure(c(4, 
    6, 0, 3, 2723, 1, 0, 0, 0), .Dim = c(3L, 3L), .Dimnames = list(
        c("-1", "0", "1"), c("A", "G", "T"))), N = 2737)), `2` = structure(c(0, 
    0, 0, 0, 1995, 0, 0, 0, 0), .Dim = c(3L, 3L), .Dimnames = list(
        c("-1", "0", "1"), c("A", "G", "T"))))))
