Results <-
list(`bwaOutput/20210421msiMNRsJenny/228082_S84.sam` = list(LR52_SNP1 = list(
    All = list(Freqs = structure(c(1L, 0L, 4L, 2L, 8L, 0L, 0L, 
    1L, 0L, 7L, 67L, 1027L, 9909L, 136L, 1L, 116L, 0L, 0L, 2L, 
    17L, 654L, 16L, 0L, 0L), .Dim = c(8L, 3L), .Dimnames = structure(list(
        c("-4", "-3", "-2", "-1", "0", "1", "2", NA), c("C", 
        "T", NA)), .Names = c("", "")), class = "table"), N = 11968L), 
    Tag.Distribution = structure(c(`1` = 633L, `2` = 534L, `3` = 437L, 
    `4` = 350L, `5` = 287L, `6` = 188L, `7` = 148L, `8` = 109L, 
    `9` = 75L, `10` = 52L, `11` = 34L, `12` = 34L, `13` = 17L, 
    `14` = 8L, `15` = 3L, `16` = 9L, `17` = 2L, `18` = 2L, `19` = 5L, 
    `21` = 1L, `22` = 2L, `24` = 1L), .Dim = 22L, .Dimnames = structure(list(
        c("1", "2", "3", "4", "5", "6", "7", "8", "9", "10", 
        "11", "12", "13", "14", "15", "16", "17", "18", "19", 
        "21", "22", "24")), .Names = ""), class = "table"), No.Tag = structure(c(0L, 
    0L, 0L, 0L, 0L, 0L, 0L, 1L, 0L, 0L, 2L, 27L, 267L, 4L, 0L, 
    4L, 0L, 0L, 0L, 1L, 26L, 0L, 0L, 0L), .Dim = c(8L, 3L), .Dimnames = structure(list(
        c("-4", "-3", "-2", "-1", "0", "1", "2", NA), c("C", 
        "T", NA)), .Names = c("", "")), class = "table"), All.Tags = list(
        Concordant = list(Freqs = structure(c(0, 0, 0, 1, 0, 
        0, 0, 0, 1, 2, 72, 1949, 6, 0), .Dim = c(7L, 2L), .Dimnames = list(
            c("-4", "-3", "-2", "-1", "0", "1", "2"), c("C", 
            "T"))), N = 2031), Majority = list(Freqs = structure(c(0, 
        0, 0, 1, 0, 0, 0, 0, 1, 2, 98, 2623, 8, 0), .Dim = c(7L, 
        2L), .Dimnames = list(c("-4", "-3", "-2", "-1", "0", 
        "1", "2"), c("C", "T"))), N = 2733)), `2` = structure(c(0, 
    0, 0, 0, 0, 0, 0, 0, 0, 0, 45, 2113, 2, 0), .Dim = c(7L, 
    2L), .Dimnames = list(c("-4", "-3", "-2", "-1", "0", "1", 
    "2"), c("C", "T"))))))
