Results <-
list(`bwaOutput/20210421msiMNRsJenny/228082_S84.sam` = list(DEPDC2_SNP1 = list(
    All = list(Freqs = structure(c(0L, 0L, 3L, 0L, 0L, 0L, 21L, 
    3497L, 16L, 19L, 0L, 0L, 1L, 0L, 0L, 1L, 71L, 9202L, 54L, 
    30L, 0L, 0L, 162L, 1L, 0L), .Dim = c(5L, 5L), .Dimnames = structure(list(
        c("-3", "-1", "0", "1", NA), c("A", "C", "G", "T", NA
        )), .Names = c("", "")), class = "table"), N = 13078L), 
    Tag.Distribution = structure(c(`1` = 719L, `2` = 575L, `3` = 494L, 
    `4` = 394L, `5` = 304L, `6` = 193L, `7` = 152L, `8` = 101L, 
    `9` = 85L, `10` = 67L, `11` = 40L, `12` = 28L, `13` = 19L, 
    `14` = 11L, `15` = 10L, `16` = 9L, `17` = 5L, `18` = 1L, 
    `19` = 1L, `20` = 1L, `23` = 1L, `25` = 1L), .Dim = 22L, .Dimnames = structure(list(
        c("1", "2", "3", "4", "5", "6", "7", "8", "9", "10", 
        "11", "12", "13", "14", "15", "16", "17", "18", "19", 
        "20", "23", "25")), .Names = ""), class = "table"), No.Tag = structure(c(0L, 
    0L, 0L, 0L, 0L, 0L, 0L, 109L, 0L, 0L, 0L, 0L, 0L, 0L, 0L, 
    0L, 1L, 370L, 1L, 5L, 0L, 0L, 19L, 0L, 0L), .Dim = c(5L, 
    5L), .Dimnames = structure(list(c("-3", "-1", "0", "1", NA
    ), c("A", "C", "G", "T", NA)), .Names = c("", "")), class = "table"), 
    All.Tags = list(Concordant = list(Freqs = structure(c(0, 
    0, 0, 0, 0, 2, 411, 1, 0, 0, 0, 0, 0, 5, 1460, 4), .Dim = c(4L, 
    4L), .Dimnames = list(c("-3", "-1", "0", "1"), c("A", "C", 
    "G", "T"))), N = 1883), Majority = list(Freqs = structure(c(0, 
    0, 0, 0, 0, 2, 694, 1, 0, 0, 0, 0, 0, 6, 2216, 4), .Dim = c(4L, 
    4L), .Dimnames = list(c("-3", "-1", "0", "1"), c("A", "C", 
    "G", "T"))), N = 2923)), `2` = structure(c(0, 0, 0, 0, 0, 
    0, 474, 0, 0, 0, 0, 0, 0, 1, 1741, 0), .Dim = c(4L, 4L), .Dimnames = list(
        c("-3", "-1", "0", "1"), c("A", "C", "G", "T"))))))
