Results <-
list(`bwaOutput/20210421msiMNRsJenny/228082_S84.sam` = list(GM26_SNP1 = list(
    All = list(Freqs = structure(c(1L, 38L, 4545L, 21L, 11L, 
    1L, 40L, 4801L, 21L, 6L, 0L, 0L, 2L, 0L, 0L, 0L, 2L, 161L, 
    1L, 0L), .Dim = 5:4, .Dimnames = structure(list(c("-2", "-1", 
    "0", "1", NA), c("A", "G", "T", NA)), .Names = c("", "")), class = "table"), 
        N = 9651L), Tag.Distribution = structure(c(`1` = 696L, 
    `2` = 564L, `3` = 402L, `4` = 305L, `5` = 193L, `6` = 166L, 
    `7` = 108L, `8` = 72L, `9` = 60L, `10` = 32L, `11` = 20L, 
    `12` = 18L, `13` = 8L, `14` = 8L, `15` = 4L, `16` = 4L, `17` = 4L, 
    `18` = 4L, `19` = 2L, `20` = 2L), .Dim = 20L, .Dimnames = structure(list(
        c("1", "2", "3", "4", "5", "6", "7", "8", "9", "10", 
        "11", "12", "13", "14", "15", "16", "17", "18", "19", 
        "20")), .Names = ""), class = "table"), No.Tag = structure(c(0L, 
    1L, 129L, 0L, 0L, 0L, 0L, 108L, 0L, 0L, 0L, 0L, 2L, 0L, 0L, 
    0L, 0L, 14L, 0L, 0L), .Dim = 5:4, .Dimnames = structure(list(
        c("-2", "-1", "0", "1", NA), c("A", "G", "T", NA)), .Names = c("", 
    "")), class = "table"), All.Tags = list(Concordant = list(
        Freqs = structure(c(0, 0, 821, 2, 0, 2, 888, 3, 0, 0, 
        0, 0), .Dim = 4:3, .Dimnames = list(c("-2", "-1", "0", 
        "1"), c("A", "G", "T"))), N = 1716), Majority = list(
        Freqs = structure(c(0, 0, 1141, 2, 0, 2, 1276, 3, 0, 
        0, 0, 0), .Dim = 4:3, .Dimnames = list(c("-2", "-1", 
        "0", "1"), c("A", "G", "T"))), N = 2424)), `2` = structure(c(0, 
    0, 832, 0, 0, 1, 909, 0, 0, 0, 0, 0), .Dim = 4:3, .Dimnames = list(
        c("-2", "-1", "0", "1"), c("A", "G", "T"))))))
