Results <-
list(`bwaOutput/20210421msiMNRsJenny/228082_S84.sam` = list(GM07_SNP1 = list(
    All = list(Freqs = structure(c(0L, 0L, 5L, 0L, 0L, 0L, 0L, 
    10L, 515L, 9061L, 359L, 12L, 1L, 197L, 0L, 6L, 14L, 1L, 0L, 
    0L, 0L, 0L, 3L, 139L, 7L, 0L, 0L, 0L), .Dim = c(7L, 4L), .Dimnames = structure(list(
        c("-2", "-1", "0", "1", "2", "3", NA), c("-", "A", "G", 
        NA)), .Names = c("", "")), class = "table"), N = 10330L), 
    Tag.Distribution = structure(c(`1` = 773L, `2` = 585L, `3` = 473L, 
    `4` = 313L, `5` = 253L, `6` = 157L, `7` = 121L, `8` = 71L, 
    `9` = 55L, `10` = 41L, `11` = 26L, `12` = 11L, `13` = 10L, 
    `14` = 9L, `15` = 4L, `16` = 1L, `17` = 4L, `20` = 1L, `22` = 1L
    ), .Dim = 19L, .Dimnames = structure(list(c("1", "2", "3", 
    "4", "5", "6", "7", "8", "9", "10", "11", "12", "13", "14", 
    "15", "16", "17", "20", "22")), .Names = ""), class = "table"), 
    No.Tag = structure(c(0L, 0L, 0L, 0L, 0L, 0L, 0L, 0L, 11L, 
    270L, 11L, 1L, 0L, 25L, 0L, 0L, 0L, 0L, 0L, 0L, 0L, 0L, 0L, 
    11L, 0L, 0L, 0L, 0L), .Dim = c(7L, 4L), .Dimnames = structure(list(
        c("-2", "-1", "0", "1", "2", "3", NA), c("-", "A", "G", 
        NA)), .Names = c("", "")), class = "table"), All.Tags = list(
        Concordant = list(Freqs = structure(c(0, 0, 1, 0, 0, 
        0, 0, 51, 2158, 27, 1, 0, 0, 1, 5, 0, 0, 0), .Dim = c(6L, 
        3L), .Dimnames = list(c("-2", "-1", "0", "1", "2", "3"
        ), c("-", "A", "G"))), N = 2244), Majority = list(Freqs = structure(c(0, 
        0, 2, 0, 0, 0, 0, 62, 2660, 35, 1, 0, 0, 1, 5, 0, 0, 
        0), .Dim = c(6L, 3L), .Dimnames = list(c("-2", "-1", 
        "0", "1", "2", "3"), c("-", "A", "G"))), N = 2766)), 
    `2` = structure(c(0, 0, 1, 0, 0, 0, 0, 19, 1995, 13, 0, 0, 
    0, 0, 1, 0, 0, 0), .Dim = c(6L, 3L), .Dimnames = list(c("-2", 
    "-1", "0", "1", "2", "3"), c("-", "A", "G"))))))
