Results <-
list(`bwaOutput/20210421msiMNRsJenny/228082_S84.sam` = list(LR48_SNP1 = list(
    All = list(Freqs = structure(c(0L, 0L, 1L, 0L, 0L, 0L, 6L, 
    275L, 6987L, 115L, 1L, 37L, 6L, 160L, 5237L, 100L, 3L, 19L, 
    0L, 4L, 307L, 3L, 0L, 0L), .Dim = c(6L, 4L), .Dimnames = structure(list(
        c("-2", "-1", "0", "1", "2", NA), c("A", "C", "T", NA
        )), .Names = c("", "")), class = "table"), N = 13261L), 
    Tag.Distribution = structure(c(`1` = 543L, `2` = 514L, `3` = 391L, 
    `4` = 313L, `5` = 254L, `6` = 223L, `7` = 141L, `8` = 105L, 
    `9` = 91L, `10` = 75L, `11` = 47L, `12` = 44L, `13` = 26L, 
    `14` = 24L, `15` = 12L, `16` = 11L, `17` = 14L, `18` = 7L, 
    `19` = 6L, `20` = 6L, `21` = 3L, `22` = 1L, `25` = 1L, `27` = 1L
    ), .Dim = 24L, .Dimnames = structure(list(c("1", "2", "3", 
    "4", "5", "6", "7", "8", "9", "10", "11", "12", "13", "14", 
    "15", "16", "17", "18", "19", "20", "21", "22", "25", "27"
    )), .Names = ""), class = "table"), No.Tag = structure(c(0L, 
    0L, 0L, 0L, 0L, 0L, 0L, 7L, 222L, 5L, 0L, 0L, 2L, 7L, 168L, 
    2L, 0L, 1L, 0L, 0L, 37L, 0L, 0L, 0L), .Dim = c(6L, 4L), .Dimnames = structure(list(
        c("-2", "-1", "0", "1", "2", NA), c("A", "C", "T", NA
        )), .Names = c("", "")), class = "table"), All.Tags = list(
        Concordant = list(Freqs = structure(c(0, 0, 0, 0, 0, 
        0, 10, 866, 4, 0, 0, 11, 607, 4, 0), .Dim = c(5L, 3L), .Dimnames = list(
            c("-2", "-1", "0", "1", "2"), c("A", "C", "T"))), 
            N = 1502), Majority = list(Freqs = structure(c(0, 
        0, 0, 0, 0, 0, 13, 1470, 5, 0, 0, 13, 1043, 4, 0), .Dim = c(5L, 
        3L), .Dimnames = list(c("-2", "-1", "0", "1", "2"), c("A", 
        "C", "T"))), N = 2548)), `2` = structure(c(0, 0, 0, 0, 
    0, 0, 5, 1193, 1, 0, 0, 2, 827, 1, 0), .Dim = c(5L, 3L), .Dimnames = list(
        c("-2", "-1", "0", "1", "2"), c("A", "C", "T"))))))
