Results <-
list(`bwaOutput/20210421msiMNRsJenny/228082_S84.sam` = list(GM17_SNP1 = list(
    All = list(Freqs = structure(c(0L, 0L, 1L, 0L, 0L, 3L, 105L, 
    7505L, 34L, 7L, 0L, 0L, 2L, 0L, 0L, 1L, 83L, 7604L, 25L, 
    10L, 0L, 1L, 521L, 1L, 0L), .Dim = c(5L, 5L), .Dimnames = structure(list(
        c("-2", "-1", "0", "1", NA), c("A", "C", "G", "T", NA
        )), .Names = c("", "")), class = "table"), N = 15903L), 
    Tag.Distribution = structure(c(`1` = 530L, `2` = 537L, `3` = 480L, 
    `4` = 410L, `5` = 319L, `6` = 266L, `7` = 205L, `8` = 151L, 
    `9` = 120L, `10` = 85L, `11` = 54L, `12` = 50L, `13` = 35L, 
    `14` = 28L, `15` = 17L, `16` = 11L, `17` = 8L, `18` = 4L, 
    `19` = 3L, `20` = 2L, `21` = 4L, `22` = 2L, `24` = 1L, `25` = 2L, 
    `26` = 1L), .Dim = 25L, .Dimnames = structure(list(c("1", 
    "2", "3", "4", "5", "6", "7", "8", "9", "10", "11", "12", 
    "13", "14", "15", "16", "17", "18", "19", "20", "21", "22", 
    "24", "25", "26")), .Names = ""), class = "table"), No.Tag = structure(c(0L, 
    0L, 0L, 0L, 0L, 0L, 5L, 218L, 2L, 0L, 0L, 0L, 0L, 0L, 0L, 
    0L, 0L, 203L, 1L, 1L, 0L, 0L, 20L, 0L, 0L), .Dim = c(5L, 
    5L), .Dimnames = structure(list(c("-2", "-1", "0", "1", NA
    ), c("A", "C", "G", "T", NA)), .Names = c("", "")), class = "table"), 
    All.Tags = list(Concordant = list(Freqs = structure(c(0, 
    0, 0, 0, 0, 4, 807, 0, 0, 0, 1, 0, 0, 4, 796, 1), .Dim = c(4L, 
    4L), .Dimnames = list(c("-2", "-1", "0", "1"), c("A", "C", 
    "G", "T"))), N = 1613), Majority = list(Freqs = structure(c(0, 
    0, 0, 0, 0, 4, 1469, 1, 0, 0, 1, 0, 0, 4, 1489, 2), .Dim = c(4L, 
    4L), .Dimnames = list(c("-2", "-1", "0", "1"), c("A", "C", 
    "G", "T"))), N = 2970)), `2` = structure(c(0, 0, 0, 0, 0, 
    0, 1210, 1, 0, 0, 0, 0, 0, 0, 1253, 1), .Dim = c(4L, 4L), .Dimnames = list(
        c("-2", "-1", "0", "1"), c("A", "C", "G", "T"))))))
