Results <-
list(`bwaOutput/20210421msiMNRsJenny/228082_S84.sam` = list(LR44_SNP1 = list(
    All = list(Freqs = structure(c(0L, 0L, 0L, 0L, 1L, 0L, 0L, 
    0L, 0L, 0L, 0L, 0L, 2L, 0L, 0L, 0L, 0L, 0L, 0L, 0L, 6L, 0L, 
    0L, 0L, 0L, 0L, 0L, 0L, 3L, 0L, 0L, 0L, 1L, 1L, 14L, 291L, 
    2693L, 52L, 3L, 16L, 0L, 0L, 4L, 6L, 43L, 1L, 0L, 0L), .Dim = c(8L, 
    6L), .Dimnames = structure(list(c("-4", "-3", "-2", "-1", 
    "0", "1", "2", NA), c("-", "A", "C", "G", "T", NA)), .Names = c("", 
    "")), class = "table"), N = 3137L), Tag.Distribution = structure(c(`1` = 604L, 
    `2` = 374L, `3` = 209L, `4` = 97L, `5` = 66L, `6` = 32L, 
    `7` = 11L, `8` = 9L, `9` = 1L, `11` = 2L), .Dim = 10L, .Dimnames = structure(list(
        c("1", "2", "3", "4", "5", "6", "7", "8", "9", "11")), .Names = ""), class = "table"), 
    No.Tag = structure(c(0L, 0L, 0L, 0L, 0L, 0L, 0L, 0L, 0L, 
    0L, 0L, 0L, 0L, 0L, 0L, 0L, 0L, 0L, 0L, 0L, 1L, 0L, 0L, 0L, 
    0L, 0L, 0L, 0L, 0L, 0L, 0L, 0L, 0L, 0L, 1L, 5L, 57L, 0L, 
    0L, 2L, 0L, 0L, 0L, 0L, 2L, 0L, 0L, 0L), .Dim = c(8L, 6L), .Dimnames = structure(list(
        c("-4", "-3", "-2", "-1", "0", "1", "2", NA), c("-", 
        "A", "C", "G", "T", NA)), .Names = c("", "")), class = "table"), 
    All.Tags = list(Concordant = list(Freqs = structure(c(0, 
    0, 0, 0, 1, 0, 0, 0, 0, 0, 0, 1, 0, 0, 0, 0, 0, 0, 2, 0, 
    0, 0, 0, 0, 0, 1, 0, 0, 1, 0, 3, 62, 1083, 13, 3), .Dim = c(7L, 
    5L), .Dimnames = list(c("-4", "-3", "-2", "-1", "0", "1", 
    "2"), c("-", "A", "C", "G", "T"))), N = 1170), Majority = list(
        Freqs = structure(c(0, 0, 0, 0, 1, 0, 0, 0, 0, 0, 0, 
        1, 0, 0, 0, 0, 0, 0, 3, 0, 0, 0, 0, 0, 0, 2, 0, 0, 1, 
        0, 4, 77, 1215, 15, 3), .Dim = c(7L, 5L), .Dimnames = list(
            c("-4", "-3", "-2", "-1", "0", "1", "2"), c("-", 
            "A", "C", "G", "T"))), N = 1322)), `2` = structure(c(0, 
    0, 0, 0, 0, 0, 0, 0, 0, 0, 0, 0, 0, 0, 0, 0, 0, 0, 1, 0, 
    0, 0, 0, 0, 0, 1, 0, 0, 0, 0, 1, 21, 701, 3, 0), .Dim = c(7L, 
    5L), .Dimnames = list(c("-4", "-3", "-2", "-1", "0", "1", 
    "2"), c("-", "A", "C", "G", "T"))))))
