Results <-
list(`bwaOutput/20210421msiMNRsJenny/228418_S60.sam` = list(GM29_SNP1 = list(
    All = list(Freqs = structure(c(1L, 56L, 4268L, 9L, 0L, 4L, 
    0L, 0L, 1L, 0L, 0L, 0L, 1L, 55L, 3841L, 16L, 1L, 7L, 0L, 
    3L, 101L, 1L, 0L, 0L), .Dim = c(6L, 4L), .Dimnames = structure(list(
        c("-2", "-1", "0", "1", "2", NA), c("A", "C", "G", NA
        )), .Names = c("", "")), class = "table"), N = 8365L), 
    Tag.Distribution = structure(c(`1` = 151L, `2` = 33L, `3` = 24L, 
    `4` = 30L, `5` = 34L, `6` = 26L, `7` = 24L, `8` = 19L, `9` = 15L, 
    `10` = 15L, `11` = 14L, `12` = 17L, `13` = 13L, `14` = 10L, 
    `15` = 15L, `16` = 9L, `17` = 14L, `18` = 13L, `19` = 14L, 
    `20` = 10L, `21` = 9L, `22` = 13L, `23` = 6L, `24` = 8L, 
    `25` = 3L, `26` = 7L, `28` = 6L, `29` = 2L, `30` = 4L, `31` = 5L, 
    `32` = 3L, `33` = 3L, `34` = 2L, `35` = 2L, `36` = 2L, `37` = 2L, 
    `38` = 5L, `39` = 3L, `40` = 4L, `41` = 3L, `43` = 3L, `44` = 4L, 
    `45` = 3L, `46` = 1L, `48` = 1L, `49` = 1L, `50` = 1L, `52` = 1L, 
    `53` = 2L, `54` = 1L, `55` = 1L, `56` = 3L, `57` = 2L, `59` = 5L, 
    `60` = 1L, `62` = 2L, `66` = 1L, `71` = 1L, `72` = 1L, `125` = 1L, 
    `158` = 1L), .Dim = 61L, .Dimnames = structure(list(c("1", 
    "2", "3", "4", "5", "6", "7", "8", "9", "10", "11", "12", 
    "13", "14", "15", "16", "17", "18", "19", "20", "21", "22", 
    "23", "24", "25", "26", "28", "29", "30", "31", "32", "33", 
    "34", "35", "36", "37", "38", "39", "40", "41", "43", "44", 
    "45", "46", "48", "49", "50", "52", "53", "54", "55", "56", 
    "57", "59", "60", "62", "66", "71", "72", "125", "158")), .Names = ""), class = "table"), 
    No.Tag = structure(c(0L, 1L, 115L, 0L, 0L, 0L, 0L, 0L, 0L, 
    0L, 0L, 0L, 0L, 0L, 138L, 0L, 0L, 3L, 0L, 0L, 9L, 0L, 0L, 
    0L), .Dim = c(6L, 4L), .Dimnames = structure(list(c("-2", 
    "-1", "0", "1", "2", NA), c("A", "C", "G", NA)), .Names = c("", 
    "")), class = "table"), All.Tags = list(Concordant = list(
        Freqs = structure(c(0, 1, 246, 0, 0, 0, 0, 0, 0, 0, 0, 
        2, 224, 0, 0), .Dim = c(5L, 3L), .Dimnames = list(c("-2", 
        "-1", "0", "1", "2"), c("A", "C", "G"))), N = 473), Majority = list(
        Freqs = structure(c(0, 1, 320, 0, 0, 0, 0, 0, 0, 0, 0, 
        2, 294, 0, 0), .Dim = c(5L, 3L), .Dimnames = list(c("-2", 
        "-1", "0", "1", "2"), c("A", "C", "G"))), N = 617)), 
    `2` = structure(c(0, 0, 243, 0, 0, 0, 0, 0, 0, 0, 0, 0, 232, 
    0, 0), .Dim = c(5L, 3L), .Dimnames = list(c("-2", "-1", "0", 
    "1", "2"), c("A", "C", "G"))))))
