Results <-
list(`bwaOutput/20210421msiMNRsJenny/228418_S60.sam` = list(GM26_SNP1 = list(
    All = list(Freqs = structure(c(29L, 3575L, 9L, 1L, 6L, 17L, 
    2554L, 9L, 0L, 2L, 1L, 84L, 0L, 0L, 0L), .Dim = c(5L, 3L), .Dimnames = structure(list(
        c("-1", "0", "1", "2", NA), c("A", "G", NA)), .Names = c("", 
    "")), class = "table"), N = 6287L), Tag.Distribution = structure(c(`1` = 131L, 
    `2` = 33L, `3` = 28L, `4` = 18L, `5` = 16L, `6` = 10L, `7` = 16L, 
    `8` = 13L, `9` = 16L, `10` = 7L, `11` = 16L, `12` = 12L, 
    `13` = 14L, `14` = 3L, `15` = 9L, `16` = 7L, `17` = 8L, `18` = 12L, 
    `19` = 4L, `20` = 7L, `21` = 10L, `22` = 5L, `23` = 5L, `24` = 4L, 
    `25` = 5L, `26` = 6L, `27` = 7L, `28` = 3L, `29` = 1L, `30` = 4L, 
    `31` = 2L, `32` = 2L, `33` = 3L, `34` = 1L, `36` = 2L, `37` = 2L, 
    `38` = 2L, `39` = 1L, `40` = 2L, `41` = 3L, `42` = 2L, `46` = 3L, 
    `47` = 2L, `48` = 5L, `50` = 3L, `51` = 2L, `52` = 2L, `53` = 1L, 
    `56` = 1L, `57` = 3L, `59` = 1L, `60` = 2L, `62` = 1L, `63` = 2L, 
    `64` = 3L, `65` = 1L, `94` = 1L), .Dim = 57L, .Dimnames = structure(list(
        c("1", "2", "3", "4", "5", "6", "7", "8", "9", "10", 
        "11", "12", "13", "14", "15", "16", "17", "18", "19", 
        "20", "21", "22", "23", "24", "25", "26", "27", "28", 
        "29", "30", "31", "32", "33", "34", "36", "37", "38", 
        "39", "40", "41", "42", "46", "47", "48", "50", "51", 
        "52", "53", "56", "57", "59", "60", "62", "63", "64", 
        "65", "94")), .Names = ""), class = "table"), No.Tag = structure(c(0L, 
    67L, 0L, 0L, 1L, 1L, 59L, 0L, 0L, 1L, 0L, 9L, 0L, 0L, 0L), .Dim = c(5L, 
    3L), .Dimnames = structure(list(c("-1", "0", "1", "2", NA
    ), c("A", "G", NA)), .Names = c("", "")), class = "table"), 
    All.Tags = list(Concordant = list(Freqs = structure(c(1, 
    245, 1, 0, 0, 156, 0, 0), .Dim = c(4L, 2L), .Dimnames = list(
        c("-1", "0", "1", "2"), c("A", "G"))), N = 403), Majority = list(
        Freqs = structure(c(1, 287, 1, 0, 0, 184, 0, 0), .Dim = c(4L, 
        2L), .Dimnames = list(c("-1", "0", "1", "2"), c("A", 
        "G"))), N = 473)), `2` = structure(c(0, 214, 0, 0, 0, 
    140, 0, 0), .Dim = c(4L, 2L), .Dimnames = list(c("-1", "0", 
    "1", "2"), c("A", "G"))))))
