Results <-
list(`bwaOutput/20210421msiMNRsJenny/228418_S60.sam` = list(GM17_SNP1 = list(
    All = list(Freqs = structure(c(79L, 5673L, 14L, 4L, 75L, 
    5261L, 18L, 1L, 3L, 422L, 0L, 0L), .Dim = 4:3, .Dimnames = structure(list(
        c("-1", "0", "1", NA), c("C", "T", NA)), .Names = c("", 
    "")), class = "table"), N = 11550L), Tag.Distribution = structure(c(`1` = 213L, 
    `2` = 42L, `3` = 34L, `4` = 35L, `5` = 34L, `6` = 35L, `7` = 29L, 
    `8` = 22L, `9` = 21L, `10` = 21L, `11` = 15L, `12` = 17L, 
    `13` = 17L, `14` = 19L, `15` = 19L, `16` = 14L, `17` = 12L, 
    `18` = 12L, `19` = 8L, `20` = 9L, `21` = 11L, `22` = 13L, 
    `23` = 13L, `24` = 5L, `25` = 8L, `26` = 11L, `27` = 5L, 
    `28` = 5L, `29` = 7L, `30` = 4L, `31` = 9L, `32` = 5L, `33` = 3L, 
    `34` = 3L, `35` = 3L, `36` = 5L, `37` = 3L, `38` = 3L, `39` = 5L, 
    `40` = 7L, `41` = 6L, `42` = 9L, `43` = 4L, `44` = 3L, `45` = 5L, 
    `47` = 3L, `48` = 4L, `49` = 3L, `50` = 2L, `51` = 3L, `52` = 3L, 
    `53` = 3L, `54` = 1L, `55` = 3L, `56` = 2L, `57` = 3L, `59` = 2L, 
    `60` = 1L, `61` = 3L, `62` = 1L, `63` = 1L, `64` = 1L, `67` = 1L, 
    `68` = 1L, `78` = 1L, `85` = 1L, `124` = 1L), .Dim = 67L, .Dimnames = structure(list(
        c("1", "2", "3", "4", "5", "6", "7", "8", "9", "10", 
        "11", "12", "13", "14", "15", "16", "17", "18", "19", 
        "20", "21", "22", "23", "24", "25", "26", "27", "28", 
        "29", "30", "31", "32", "33", "34", "35", "36", "37", 
        "38", "39", "40", "41", "42", "43", "44", "45", "47", 
        "48", "49", "50", "51", "52", "53", "54", "55", "56", 
        "57", "59", "60", "61", "62", "63", "64", "67", "68", 
        "78", "85", "124")), .Names = ""), class = "table"), 
    No.Tag = structure(c(6L, 265L, 0L, 0L, 2L, 111L, 1L, 0L, 
    1L, 30L, 0L, 0L), .Dim = 4:3, .Dimnames = structure(list(
        c("-1", "0", "1", NA), c("C", "T", NA)), .Names = c("", 
    "")), class = "table"), All.Tags = list(Concordant = list(
        Freqs = structure(c(1, 334, 0, 1, 313, 0), .Dim = 3:2, .Dimnames = list(
            c("-1", "0", "1"), c("C", "T"))), N = 649), Majority = list(
        Freqs = structure(c(1, 414, 0, 1, 374, 1), .Dim = 3:2, .Dimnames = list(
            c("-1", "0", "1"), c("C", "T"))), N = 791)), `2` = structure(c(0, 
    311, 0, 1, 295, 1), .Dim = 3:2, .Dimnames = list(c("-1", 
    "0", "1"), c("C", "T"))))))
