Results <-
list(`bwaOutput/20210421msiMNRsJenny/228418_S60.sam` = list(LR52_SNP1 = list(
    All = list(Freqs = structure(c(0L, 16L, 186L, 1336L, 10L, 
    0L, 17L, 3L, 17L, 344L, 3658L, 59L, 1L, 38L, 0L, 0L, 13L, 
    665L, 5L, 0L, 0L), .Dim = c(7L, 3L), .Dimnames = structure(list(
        c("-3", "-2", "-1", "0", "1", "2", NA), c("C", "T", NA
        )), .Names = c("", "")), class = "table"), N = 6368L), 
    Tag.Distribution = structure(c(`1` = 68L, `2` = 26L, `3` = 21L, 
    `4` = 16L, `5` = 15L, `6` = 16L, `7` = 17L, `8` = 15L, `9` = 10L, 
    `10` = 15L, `11` = 11L, `12` = 14L, `13` = 8L, `14` = 10L, 
    `15` = 9L, `16` = 11L, `17` = 1L, `18` = 4L, `19` = 8L, `20` = 10L, 
    `21` = 1L, `22` = 5L, `23` = 3L, `24` = 2L, `25` = 6L, `26` = 3L, 
    `27` = 3L, `28` = 4L, `29` = 3L, `30` = 3L, `31` = 6L, `32` = 3L, 
    `33` = 3L, `34` = 4L, `35` = 3L, `36` = 5L, `37` = 3L, `38` = 4L, 
    `39` = 3L, `40` = 4L, `41` = 4L, `42` = 3L, `43` = 2L, `44` = 3L, 
    `45` = 2L, `46` = 2L, `47` = 3L, `50` = 1L, `51` = 2L, `52` = 1L, 
    `53` = 3L, `54` = 1L, `55` = 1L, `57` = 1L, `59` = 1L, `61` = 2L, 
    `62` = 1L, `64` = 2L, `75` = 1L, `76` = 1L), .Dim = 60L, .Dimnames = structure(list(
        c("1", "2", "3", "4", "5", "6", "7", "8", "9", "10", 
        "11", "12", "13", "14", "15", "16", "17", "18", "19", 
        "20", "21", "22", "23", "24", "25", "26", "27", "28", 
        "29", "30", "31", "32", "33", "34", "35", "36", "37", 
        "38", "39", "40", "41", "42", "43", "44", "45", "46", 
        "47", "50", "51", "52", "53", "54", "55", "57", "59", 
        "61", "62", "64", "75", "76")), .Names = ""), class = "table"), 
    No.Tag = structure(c(0L, 0L, 1L, 15L, 0L, 0L, 1L, 0L, 0L, 
    7L, 70L, 0L, 0L, 2L, 0L, 0L, 0L, 20L, 0L, 0L, 0L), .Dim = c(7L, 
    3L), .Dimnames = structure(list(c("-3", "-2", "-1", "0", 
    "1", "2", NA), c("C", "T", NA)), .Names = c("", "")), class = "table"), 
    All.Tags = list(Concordant = list(Freqs = structure(c(0, 
    1, 4, 59, 0, 0, 1, 0, 1, 115, 1, 0), .Dim = c(6L, 2L), .Dimnames = list(
        c("-3", "-2", "-1", "0", "1", "2"), c("C", "T"))), N = 182), 
        Majority = list(Freqs = structure(c(0, 1, 5, 138, 0, 
        0, 1, 0, 2, 245, 2, 0), .Dim = c(6L, 2L), .Dimnames = list(
            c("-3", "-2", "-1", "0", "1", "2"), c("C", "T"))), 
            N = 394)), `2` = structure(c(0, 0, 3, 121, 0, 0, 
    0, 0, 1, 213, 2, 0), .Dim = c(6L, 2L), .Dimnames = list(c("-3", 
    "-2", "-1", "0", "1", "2"), c("C", "T"))))))
