Results <-
list(`bwaOutput/20210421msiMNRsJenny/228418_S60.sam` = list(GM14_SNP1 = list(
    All = list(Freqs = structure(c(0L, 0L, 1L, 0L, 0L, 1L, 15L, 
    697L, 13L, 1L, 2L, 20L, 521L, 1L, 1L, 0L, 0L, 21L, 0L, 0L
    ), .Dim = 5:4, .Dimnames = structure(list(c("-2", "-1", "0", 
    "1", NA), c("A", "C", "T", NA)), .Names = c("", "")), class = "table"), 
        N = 1294L), Tag.Distribution = structure(c(`1` = 42L, 
    `2` = 2L, `3` = 4L, `4` = 2L, `5` = 4L, `6` = 3L, `7` = 3L, 
    `8` = 5L, `9` = 6L, `10` = 1L, `11` = 4L, `12` = 2L, `13` = 3L, 
    `14` = 5L, `15` = 2L, `16` = 1L, `17` = 2L, `18` = 5L, `19` = 2L, 
    `20` = 4L, `21` = 1L, `22` = 1L, `24` = 1L, `26` = 1L, `27` = 2L, 
    `28` = 2L, `33` = 2L, `34` = 1L, `36` = 1L, `39` = 1L, `44` = 1L, 
    `48` = 1L, `54` = 1L, `55` = 1L), .Dim = 34L, .Dimnames = structure(list(
        c("1", "2", "3", "4", "5", "6", "7", "8", "9", "10", 
        "11", "12", "13", "14", "15", "16", "17", "18", "19", 
        "20", "21", "22", "24", "26", "27", "28", "33", "34", 
        "36", "39", "44", "48", "54", "55")), .Names = ""), class = "table"), 
    No.Tag = structure(c(0L, 0L, 0L, 0L, 0L, 0L, 0L, 9L, 0L, 
    0L, 0L, 0L, 7L, 0L, 0L, 0L, 0L, 5L, 0L, 0L), .Dim = 5:4, .Dimnames = structure(list(
        c("-2", "-1", "0", "1", NA), c("A", "C", "T", NA)), .Names = c("", 
    "")), class = "table"), All.Tags = list(Concordant = list(
        Freqs = structure(c(0, 0, 0, 0, 0, 0, 43, 0, 0, 0, 43, 
        0), .Dim = 4:3, .Dimnames = list(c("-2", "-1", "0", "1"
        ), c("A", "C", "T"))), N = 86), Majority = list(Freqs = structure(c(0, 
    0, 0, 0, 0, 0, 65, 0, 0, 1, 51, 0), .Dim = 4:3, .Dimnames = list(
        c("-2", "-1", "0", "1"), c("A", "C", "T"))), N = 117)), 
    `2` = structure(c(0, 0, 0, 0, 0, 0, 44, 0, 0, 1, 32, 0), .Dim = 4:3, .Dimnames = list(
        c("-2", "-1", "0", "1"), c("A", "C", "T"))))))
