Results <-
list(`bwaOutput/20210421msiMNRsJenny/228418_S60.sam` = list(DEPDC2_SNP1 = list(
    All = list(Freqs = structure(c(2L, 5L, 0L, 0L, 29L, 3510L, 
    18L, 8L, 12L, 2753L, 23L, 11L, 0L, 88L, 1L, 0L), .Dim = c(4L, 
    4L), .Dimnames = structure(list(c("-1", "0", "1", NA), c("A", 
    "C", "T", NA)), .Names = c("", "")), class = "table"), N = 6460L), 
    Tag.Distribution = structure(c(`1` = 234L, `2` = 46L, `3` = 28L, 
    `4` = 27L, `5` = 29L, `6` = 27L, `7` = 31L, `8` = 31L, `9` = 21L, 
    `10` = 18L, `11` = 24L, `12` = 15L, `13` = 19L, `14` = 15L, 
    `15` = 7L, `16` = 5L, `17` = 9L, `18` = 9L, `19` = 13L, `20` = 7L, 
    `21` = 7L, `22` = 6L, `23` = 6L, `24` = 2L, `25` = 7L, `26` = 5L, 
    `27` = 6L, `28` = 1L, `29` = 2L, `30` = 5L, `31` = 4L, `32` = 6L, 
    `33` = 5L, `34` = 1L, `35` = 2L, `36` = 4L, `37` = 2L, `38` = 2L, 
    `39` = 4L, `41` = 2L, `42` = 1L, `44` = 3L, `45` = 1L, `48` = 1L, 
    `50` = 1L, `52` = 1L, `61` = 1L, `69` = 1L), .Dim = 48L, .Dimnames = structure(list(
        c("1", "2", "3", "4", "5", "6", "7", "8", "9", "10", 
        "11", "12", "13", "14", "15", "16", "17", "18", "19", 
        "20", "21", "22", "23", "24", "25", "26", "27", "28", 
        "29", "30", "31", "32", "33", "34", "35", "36", "37", 
        "38", "39", "41", "42", "44", "45", "48", "50", "52", 
        "61", "69")), .Names = ""), class = "table"), No.Tag = structure(c(0L, 
    0L, 0L, 0L, 0L, 119L, 2L, 0L, 0L, 95L, 1L, 4L, 0L, 7L, 1L, 
    0L), .Dim = c(4L, 4L), .Dimnames = structure(list(c("-1", 
    "0", "1", NA), c("A", "C", "T", NA)), .Names = c("", "")), class = "table"), 
    All.Tags = list(Concordant = list(Freqs = structure(c(0, 
    0, 0, 1, 359, 0, 0, 236, 0), .Dim = c(3L, 3L), .Dimnames = list(
        c("-1", "0", "1"), c("A", "C", "T"))), N = 596), Majority = list(
        Freqs = structure(c(0, 0, 0, 2, 405, 0, 0, 277, 0), .Dim = c(3L, 
        3L), .Dimnames = list(c("-1", "0", "1"), c("A", "C", 
        "T"))), N = 684)), `2` = structure(c(0, 0, 0, 1, 282, 
    0, 0, 183, 0), .Dim = c(3L, 3L), .Dimnames = list(c("-1", 
    "0", "1"), c("A", "C", "T"))))))
