Results <-
list(`bwaOutput/20210421msiMNRsJenny/228418_S60.sam` = list(GM07_SNP1 = list(
    All = list(Freqs = structure(c(0L, 0L, 2L, 0L, 0L, 0L, 2L, 
    141L, 2877L, 83L, 2L, 58L, 5L, 128L, 1682L, 69L, 1L, 34L, 
    0L, 0L, 0L, 1L, 0L, 0L, 0L, 2L, 94L, 0L, 0L, 0L), .Dim = 6:5, .Dimnames = structure(list(
        c("-2", "-1", "0", "1", "2", NA), c("-", "A", "G", "T", 
        NA)), .Names = c("", "")), class = "table"), N = 5181L), 
    Tag.Distribution = structure(c(`1` = 113L, `2` = 23L, `3` = 16L, 
    `4` = 27L, `5` = 22L, `6` = 24L, `7` = 19L, `8` = 13L, `9` = 15L, 
    `10` = 12L, `11` = 15L, `12` = 6L, `13` = 18L, `14` = 10L, 
    `15` = 8L, `16` = 5L, `17` = 11L, `18` = 8L, `19` = 3L, `20` = 6L, 
    `21` = 8L, `22` = 1L, `23` = 2L, `24` = 1L, `25` = 2L, `26` = 5L, 
    `27` = 1L, `28` = 5L, `29` = 2L, `30` = 1L, `31` = 2L, `32` = 1L, 
    `33` = 4L, `34` = 3L, `35` = 3L, `36` = 3L, `37` = 2L, `38` = 3L, 
    `39` = 2L, `40` = 2L, `41` = 2L, `42` = 1L, `43` = 1L, `44` = 2L, 
    `45` = 4L, `46` = 1L, `47` = 2L, `49` = 1L, `51` = 1L, `56` = 1L, 
    `57` = 1L, `58` = 3L, `63` = 1L, `64` = 1L), .Dim = 54L, .Dimnames = structure(list(
        c("1", "2", "3", "4", "5", "6", "7", "8", "9", "10", 
        "11", "12", "13", "14", "15", "16", "17", "18", "19", 
        "20", "21", "22", "23", "24", "25", "26", "27", "28", 
        "29", "30", "31", "32", "33", "34", "35", "36", "37", 
        "38", "39", "40", "41", "42", "43", "44", "45", "46", 
        "47", "49", "51", "56", "57", "58", "63", "64")), .Names = ""), class = "table"), 
    No.Tag = structure(c(0L, 0L, 0L, 0L, 0L, 0L, 1L, 2L, 58L, 
    3L, 0L, 9L, 0L, 1L, 39L, 0L, 0L, 5L, 0L, 0L, 0L, 0L, 0L, 
    0L, 0L, 0L, 12L, 0L, 0L, 0L), .Dim = 6:5, .Dimnames = structure(list(
        c("-2", "-1", "0", "1", "2", NA), c("-", "A", "G", "T", 
        NA)), .Names = c("", "")), class = "table"), All.Tags = list(
        Concordant = list(Freqs = structure(c(0, 0, 0, 0, 0, 
        0, 8, 144, 1, 0, 0, 3, 105, 0, 0, 0, 0, 0, 0, 0), .Dim = 5:4, .Dimnames = list(
            c("-2", "-1", "0", "1", "2"), c("-", "A", "G", "T"
            ))), N = 261), Majority = list(Freqs = structure(c(0, 
        0, 0, 0, 0, 0, 8, 236, 2, 0, 0, 6, 178, 1, 0, 0, 0, 0, 
        0, 0), .Dim = 5:4, .Dimnames = list(c("-2", "-1", "0", 
        "1", "2"), c("-", "A", "G", "T"))), N = 431)), `2` = structure(c(0, 
    0, 0, 0, 0, 0, 2, 185, 1, 0, 0, 3, 139, 1, 0, 0, 0, 0, 0, 
    0), .Dim = 5:4, .Dimnames = list(c("-2", "-1", "0", "1", 
    "2"), c("-", "A", "G", "T"))))))
