Results <-
list(`bwaOutput/20210421msiMNRsJenny/228418_S60.sam` = list(IM49_SNP1 = list(
    All = list(Freqs = structure(c(1L, 1L, 254L, 5054L, 130L, 
    2L, 44L, 0L, 3L, 179L, 4650L, 145L, 8L, 29L, 0L, 0L, 0L, 
    2L, 1L, 0L, 0L, 0L, 0L, 7L, 382L, 16L, 0L, 0L), .Dim = c(7L, 
    4L), .Dimnames = structure(list(c("-3", "-2", "-1", "0", 
    "1", "2", NA), c("C", "G", "T", NA)), .Names = c("", "")), class = "table"), 
        N = 10908L), Tag.Distribution = structure(c(`1` = 284L, 
    `2` = 79L, `3` = 61L, `4` = 50L, `5` = 51L, `6` = 32L, `7` = 35L, 
    `8` = 32L, `9` = 22L, `10` = 24L, `11` = 31L, `12` = 28L, 
    `13` = 19L, `14` = 20L, `15` = 23L, `16` = 11L, `17` = 14L, 
    `18` = 18L, `19` = 10L, `20` = 7L, `21` = 14L, `22` = 11L, 
    `23` = 4L, `24` = 7L, `25` = 4L, `26` = 8L, `27` = 9L, `28` = 5L, 
    `29` = 13L, `30` = 7L, `31` = 1L, `32` = 8L, `33` = 10L, 
    `34` = 7L, `35` = 9L, `36` = 2L, `37` = 5L, `38` = 3L, `39` = 4L, 
    `40` = 3L, `41` = 2L, `42` = 4L, `43` = 2L, `44` = 2L, `45` = 3L, 
    `46` = 3L, `47` = 1L, `48` = 1L, `49` = 1L, `50` = 2L, `51` = 1L, 
    `53` = 1L, `54` = 2L, `56` = 1L, `59` = 2L, `60` = 1L, `64` = 2L, 
    `65` = 1L, `67` = 1L, `69` = 1L, `103` = 1L), .Dim = 61L, .Dimnames = structure(list(
        c("1", "2", "3", "4", "5", "6", "7", "8", "9", "10", 
        "11", "12", "13", "14", "15", "16", "17", "18", "19", 
        "20", "21", "22", "23", "24", "25", "26", "27", "28", 
        "29", "30", "31", "32", "33", "34", "35", "36", "37", 
        "38", "39", "40", "41", "42", "43", "44", "45", "46", 
        "47", "48", "49", "50", "51", "53", "54", "56", "59", 
        "60", "64", "65", "67", "69", "103")), .Names = ""), class = "table"), 
    No.Tag = structure(c(0L, 0L, 7L, 176L, 3L, 0L, 2L, 0L, 0L, 
    5L, 138L, 6L, 0L, 2L, 0L, 0L, 0L, 0L, 1L, 0L, 0L, 0L, 0L, 
    1L, 27L, 2L, 0L, 0L), .Dim = c(7L, 4L), .Dimnames = structure(list(
        c("-3", "-2", "-1", "0", "1", "2", NA), c("C", "G", "T", 
        NA)), .Names = c("", "")), class = "table"), All.Tags = list(
        Concordant = list(Freqs = structure(c(0, 0, 4, 322, 3, 
        0, 0, 0, 6, 294, 4, 0, 0, 0, 0, 0, 0, 0), .Dim = c(6L, 
        3L), .Dimnames = list(c("-3", "-2", "-1", "0", "1", "2"
        ), c("C", "G", "T"))), N = 633), Majority = list(Freqs = structure(c(0, 
        0, 8, 485, 3, 0, 0, 0, 7, 449, 5, 0, 0, 0, 0, 0, 0, 0
        ), .Dim = c(6L, 3L), .Dimnames = list(c("-3", "-2", "-1", 
        "0", "1", "2"), c("C", "G", "T"))), N = 957)), `2` = structure(c(0, 
    0, 5, 359, 1, 0, 0, 0, 5, 343, 2, 0, 0, 0, 0, 0, 0, 0), .Dim = c(6L, 
    3L), .Dimnames = list(c("-3", "-2", "-1", "0", "1", "2"), 
        c("C", "G", "T"))))))
