Results <-
list(`bwaOutput/20210421msiMNRsJenny/228418_S60.sam` = list(LR48_SNP1 = list(
    All = list(Freqs = structure(c(1L, 2L, 112L, 4441L, 63L, 
    18L, 0L, 6L, 209L, 4844L, 76L, 12L, 0L, 0L, 2L, 269L, 3L, 
    0L), .Dim = c(6L, 3L), .Dimnames = structure(list(c("-3", 
    "-2", "-1", "0", "1", NA), c("C", "T", NA)), .Names = c("", 
    "")), class = "table"), N = 10058L), Tag.Distribution = structure(c(`1` = 182L, 
    `2` = 22L, `3` = 18L, `4` = 16L, `5` = 24L, `6` = 16L, `7` = 12L, 
    `8` = 15L, `9` = 16L, `10` = 11L, `11` = 8L, `12` = 6L, `13` = 12L, 
    `14` = 14L, `15` = 16L, `16` = 6L, `17` = 11L, `18` = 8L, 
    `19` = 4L, `20` = 12L, `21` = 9L, `22` = 11L, `23` = 8L, 
    `24` = 11L, `25` = 9L, `26` = 5L, `27` = 5L, `28` = 7L, `29` = 6L, 
    `30` = 3L, `31` = 8L, `32` = 4L, `33` = 3L, `34` = 4L, `35` = 6L, 
    `36` = 1L, `37` = 7L, `38` = 3L, `39` = 5L, `40` = 5L, `41` = 3L, 
    `42` = 2L, `43` = 5L, `44` = 4L, `45` = 1L, `46` = 2L, `47` = 2L, 
    `48` = 3L, `49` = 3L, `50` = 2L, `51` = 1L, `52` = 2L, `54` = 2L, 
    `55` = 3L, `56` = 4L, `57` = 2L, `59` = 2L, `60` = 2L, `61` = 1L, 
    `65` = 1L, `66` = 1L, `67` = 1L, `68` = 1L, `69` = 2L, `70` = 2L, 
    `72` = 1L, `73` = 1L, `75` = 1L, `77` = 1L, `79` = 1L, `84` = 3L, 
    `91` = 1L, `95` = 1L, `100` = 1L, `103` = 1L), .Dim = 75L, .Dimnames = structure(list(
        c("1", "2", "3", "4", "5", "6", "7", "8", "9", "10", 
        "11", "12", "13", "14", "15", "16", "17", "18", "19", 
        "20", "21", "22", "23", "24", "25", "26", "27", "28", 
        "29", "30", "31", "32", "33", "34", "35", "36", "37", 
        "38", "39", "40", "41", "42", "43", "44", "45", "46", 
        "47", "48", "49", "50", "51", "52", "54", "55", "56", 
        "57", "59", "60", "61", "65", "66", "67", "68", "69", 
        "70", "72", "73", "75", "77", "79", "84", "91", "95", 
        "100", "103")), .Names = ""), class = "table"), No.Tag = structure(c(0L, 
    0L, 1L, 140L, 3L, 1L, 0L, 0L, 1L, 77L, 1L, 1L, 0L, 0L, 1L, 
    19L, 0L, 0L), .Dim = c(6L, 3L), .Dimnames = structure(list(
        c("-3", "-2", "-1", "0", "1", NA), c("C", "T", NA)), .Names = c("", 
    "")), class = "table"), All.Tags = list(Concordant = list(
        Freqs = structure(c(0, 0, 1, 191, 1, 0, 0, 8, 171, 1), .Dim = c(5L, 
        2L), .Dimnames = list(c("-3", "-2", "-1", "0", "1"), 
            c("C", "T"))), N = 373), Majority = list(Freqs = structure(c(0, 
    0, 1, 289, 1, 0, 0, 9, 288, 1), .Dim = c(5L, 2L), .Dimnames = list(
        c("-3", "-2", "-1", "0", "1"), c("C", "T"))), N = 589)), 
    `2` = structure(c(0, 0, 0, 214, 0, 0, 0, 2, 211, 0), .Dim = c(5L, 
    2L), .Dimnames = list(c("-3", "-2", "-1", "0", "1"), c("C", 
    "T"))))))
