Results <-
list(`bwaOutput/20210421msiMNRsJenny/228418_S60.sam` = list(LR36_SNP1 = list(
    All = list(Freqs = structure(c(2L, 48L, 2278L, 13L, 30L, 
    0L, 0L, 1L, 0L, 0L, 3L, 33L, 1840L, 19L, 25L, 0L, 0L, 239L, 
    2L, 0L), .Dim = 5:4, .Dimnames = structure(list(c("-2", "-1", 
    "0", "1", NA), c("A", "G", "T", NA)), .Names = c("", "")), class = "table"), 
        N = 4533L), Tag.Distribution = structure(c(`1` = 104L, 
    `2` = 32L, `3` = 24L, `4` = 24L, `5` = 13L, `6` = 14L, `7` = 15L, 
    `8` = 13L, `9` = 6L, `10` = 5L, `11` = 5L, `12` = 10L, `13` = 8L, 
    `14` = 11L, `15` = 9L, `16` = 8L, `17` = 4L, `18` = 6L, `19` = 4L, 
    `20` = 12L, `21` = 3L, `23` = 2L, `24` = 3L, `26` = 6L, `27` = 5L, 
    `28` = 1L, `29` = 3L, `30` = 3L, `31` = 1L, `32` = 2L, `33` = 2L, 
    `34` = 7L, `35` = 2L, `36` = 3L, `37` = 1L, `38` = 5L, `39` = 3L, 
    `41` = 2L, `42` = 2L, `43` = 2L, `45` = 1L, `47` = 2L, `48` = 1L, 
    `50` = 2L, `51` = 1L, `54` = 1L, `56` = 1L, `60` = 1L), .Dim = 48L, .Dimnames = structure(list(
        c("1", "2", "3", "4", "5", "6", "7", "8", "9", "10", 
        "11", "12", "13", "14", "15", "16", "17", "18", "19", 
        "20", "21", "23", "24", "26", "27", "28", "29", "30", 
        "31", "32", "33", "34", "35", "36", "37", "38", "39", 
        "41", "42", "43", "45", "47", "48", "50", "51", "54", 
        "56", "60")), .Names = ""), class = "table"), No.Tag = structure(c(0L, 
    1L, 63L, 1L, 4L, 0L, 0L, 0L, 0L, 0L, 1L, 2L, 94L, 1L, 3L, 
    0L, 0L, 19L, 0L, 0L), .Dim = 5:4, .Dimnames = structure(list(
        c("-2", "-1", "0", "1", NA), c("A", "G", "T", NA)), .Names = c("", 
    "")), class = "table"), All.Tags = list(Concordant = list(
        Freqs = structure(c(0, 1, 145, 0, 0, 0, 0, 0, 0, 0, 132, 
        0), .Dim = 4:3, .Dimnames = list(c("-2", "-1", "0", "1"
        ), c("A", "G", "T"))), N = 278), Majority = list(Freqs = structure(c(0, 
    1, 193, 0, 0, 0, 0, 0, 0, 0, 176, 0), .Dim = 4:3, .Dimnames = list(
        c("-2", "-1", "0", "1"), c("A", "G", "T"))), N = 370)), 
    `2` = structure(c(0, 0, 156, 0, 0, 0, 0, 0, 0, 0, 127, 0), .Dim = 4:3, .Dimnames = list(
        c("-2", "-1", "0", "1"), c("A", "G", "T"))))))
