Results <-
list(`bwaOutput/20210421msiMNRsJenny/228418_S60.sam` = list(LR17_SNP1 = list(
    All = list(Freqs = structure(c(46L, 253L, 5798L, 70L, 40L, 
    1L, 17L, 450L, 3L, 0L), .Dim = c(5L, 2L), .Dimnames = structure(list(
        c("-2", "-1", "0", "1", NA), c("A", NA)), .Names = c("", 
    "")), class = "table"), N = 6678L), Tag.Distribution = structure(c(`1` = 182L, 
    `2` = 25L, `3` = 16L, `4` = 18L, `5` = 19L, `6` = 18L, `7` = 18L, 
    `8` = 14L, `9` = 8L, `10` = 21L, `11` = 18L, `12` = 10L, 
    `13` = 8L, `14` = 12L, `15` = 4L, `16` = 6L, `17` = 6L, `18` = 6L, 
    `19` = 6L, `20` = 3L, `21` = 6L, `22` = 5L, `23` = 2L, `24` = 5L, 
    `25` = 5L, `26` = 5L, `27` = 4L, `28` = 6L, `29` = 4L, `30` = 1L, 
    `31` = 6L, `32` = 4L, `33` = 1L, `34` = 4L, `35` = 3L, `36` = 3L, 
    `37` = 7L, `38` = 4L, `39` = 6L, `40` = 5L, `41` = 3L, `42` = 3L, 
    `43` = 1L, `44` = 1L, `45` = 3L, `46` = 1L, `47` = 2L, `48` = 3L, 
    `49` = 1L, `52` = 3L, `53` = 3L, `54` = 2L, `55` = 1L, `57` = 1L, 
    `60` = 1L, `64` = 1L, `65` = 1L, `68` = 1L, `71` = 1L), .Dim = 59L, .Dimnames = structure(list(
        c("1", "2", "3", "4", "5", "6", "7", "8", "9", "10", 
        "11", "12", "13", "14", "15", "16", "17", "18", "19", 
        "20", "21", "22", "23", "24", "25", "26", "27", "28", 
        "29", "30", "31", "32", "33", "34", "35", "36", "37", 
        "38", "39", "40", "41", "42", "43", "44", "45", "46", 
        "47", "48", "49", "52", "53", "54", "55", "57", "60", 
        "64", "65", "68", "71")), .Names = ""), class = "table"), 
    No.Tag = structure(c(0L, 7L, 165L, 0L, 2L, 0L, 0L, 12L, 0L, 
    0L), .Dim = c(5L, 2L), .Dimnames = structure(list(c("-2", 
    "-1", "0", "1", NA), c("A", NA)), .Names = c("", "")), class = "table"), 
    All.Tags = list(Concordant = list(Freqs = structure(c(3, 
    7, 332, 3), .Dim = c(4L, 1L), .Dimnames = list(c("-2", "-1", 
    "0", "1"), "A")), N = 345), Majority = list(Freqs = structure(c(4, 
    10, 488, 3), .Dim = c(4L, 1L), .Dimnames = list(c("-2", "-1", 
    "0", "1"), "A")), N = 505)), `2` = structure(c(2, 3, 347, 
    0), .Dim = c(4L, 1L), .Dimnames = list(c("-2", "-1", "0", 
    "1"), "A")))))
