Results <-
list(`bwaOutput/20210421msiMNRsJenny/228418_S60.sam` = list(GM01_SNP1 = list(
    All = list(Freqs = structure(c(4L, 549L, 4L, 2L, 6L, 552L, 
    3L, 1L, 0L, 18L, 0L, 0L), .Dim = 4:3, .Dimnames = structure(list(
        c("-1", "0", "1", NA), c("A", "G", NA)), .Names = c("", 
    "")), class = "table"), N = 1139L), Tag.Distribution = structure(c(`1` = 38L, 
    `2` = 6L, `3` = 6L, `4` = 5L, `5` = 3L, `6` = 2L, `7` = 4L, 
    `8` = 4L, `9` = 4L, `10` = 2L, `12` = 3L, `13` = 2L, `14` = 2L, 
    `15` = 2L, `16` = 1L, `17` = 1L, `18` = 1L, `19` = 4L, `21` = 2L, 
    `23` = 1L, `26` = 1L, `27` = 1L, `29` = 1L, `30` = 1L, `31` = 1L, 
    `34` = 1L, `36` = 1L, `38` = 3L, `41` = 1L, `42` = 1L, `43` = 1L, 
    `44` = 2L, `45` = 1L), .Dim = 33L, .Dimnames = structure(list(
        c("1", "2", "3", "4", "5", "6", "7", "8", "9", "10", 
        "12", "13", "14", "15", "16", "17", "18", "19", "21", 
        "23", "26", "27", "29", "30", "31", "34", "36", "38", 
        "41", "42", "43", "44", "45")), .Names = ""), class = "table"), 
    No.Tag = structure(c(0L, 6L, 0L, 0L, 0L, 4L, 0L, 0L, 0L, 
    0L, 0L, 0L), .Dim = 4:3, .Dimnames = structure(list(c("-1", 
    "0", "1", NA), c("A", "G", NA)), .Names = c("", "")), class = "table"), 
    All.Tags = list(Concordant = list(Freqs = structure(c(0, 
    56, 0, 0, 35, 1), .Dim = 3:2, .Dimnames = list(c("-1", "0", 
    "1"), c("A", "G"))), N = 92), Majority = list(Freqs = structure(c(0, 
    63, 0, 0, 42, 1), .Dim = 3:2, .Dimnames = list(c("-1", "0", 
    "1"), c("A", "G"))), N = 106)), `2` = structure(c(0, 36, 
    0, 0, 34, 0), .Dim = 3:2, .Dimnames = list(c("-1", "0", "1"
    ), c("A", "G"))))))
