Results <-
list(`bwaOutput/20210421msiMNRsJenny/228418_S60.sam` = list(LR10_SNP1 = list(
    All = list(Freqs = structure(c(0L, 0L, 1L, 0L, 0L, 0L, 2L, 
    115L, 6160L, 39L, 1L, 14L, 0L, 0L, 15L, 0L, 0L, 0L, 0L, 0L, 
    108L, 1L, 0L, 0L), .Dim = c(6L, 4L), .Dimnames = structure(list(
        c("-2", "-1", "0", "1", "2", NA), c("A", "C", "T", NA
        )), .Names = c("", "")), class = "table"), N = 6456L), 
    Tag.Distribution = structure(c(`1` = 145L, `2` = 39L, `3` = 21L, 
    `4` = 15L, `5` = 20L, `6` = 17L, `7` = 15L, `8` = 17L, `9` = 12L, 
    `10` = 13L, `11` = 10L, `12` = 4L, `13` = 13L, `14` = 8L, 
    `15` = 5L, `16` = 8L, `17` = 11L, `18` = 7L, `19` = 6L, `20` = 6L, 
    `21` = 7L, `22` = 7L, `23` = 3L, `24` = 5L, `25` = 5L, `26` = 2L, 
    `27` = 4L, `28` = 4L, `29` = 4L, `30` = 3L, `31` = 8L, `32` = 3L, 
    `33` = 4L, `34` = 3L, `35` = 1L, `36` = 3L, `37` = 2L, `38` = 2L, 
    `39` = 4L, `40` = 2L, `42` = 3L, `43` = 4L, `44` = 2L, `45` = 2L, 
    `46` = 3L, `47` = 5L, `48` = 2L, `49` = 2L, `50` = 2L, `51` = 1L, 
    `53` = 3L, `54` = 2L, `55` = 1L, `56` = 1L, `58` = 1L, `61` = 1L, 
    `65` = 2L, `77` = 1L), .Dim = 58L, .Dimnames = structure(list(
        c("1", "2", "3", "4", "5", "6", "7", "8", "9", "10", 
        "11", "12", "13", "14", "15", "16", "17", "18", "19", 
        "20", "21", "22", "23", "24", "25", "26", "27", "28", 
        "29", "30", "31", "32", "33", "34", "35", "36", "37", 
        "38", "39", "40", "42", "43", "44", "45", "46", "47", 
        "48", "49", "50", "51", "53", "54", "55", "56", "58", 
        "61", "65", "77")), .Names = ""), class = "table"), No.Tag = structure(c(0L, 
    0L, 0L, 0L, 0L, 0L, 0L, 1L, 135L, 0L, 0L, 1L, 0L, 0L, 0L, 
    0L, 0L, 0L, 0L, 0L, 5L, 0L, 0L, 0L), .Dim = c(6L, 4L), .Dimnames = structure(list(
        c("-2", "-1", "0", "1", "2", NA), c("A", "C", "T", NA
        )), .Names = c("", "")), class = "table"), All.Tags = list(
        Concordant = list(Freqs = structure(c(0, 0, 0, 0, 0, 
        0, 5, 375, 2, 0, 0, 0, 5, 0, 0), .Dim = c(5L, 3L), .Dimnames = list(
            c("-2", "-1", "0", "1", "2"), c("A", "C", "T"))), 
            N = 387), Majority = list(Freqs = structure(c(0, 
        0, 0, 0, 0, 0, 5, 476, 2, 0, 0, 0, 5, 0, 0), .Dim = c(5L, 
        3L), .Dimnames = list(c("-2", "-1", "0", "1", "2"), c("A", 
        "C", "T"))), N = 488)), `2` = structure(c(0, 0, 0, 0, 
    0, 0, 1, 358, 0, 0, 0, 0, 0, 0, 0), .Dim = c(5L, 3L), .Dimnames = list(
        c("-2", "-1", "0", "1", "2"), c("A", "C", "T"))))))
