Results <-
list(`bwaOutput/20210421msiMNRsJenny/228418_S60.sam` = list(LR11_SNP1 = list(
    All = list(Freqs = structure(c(1L, 12L, 473L, 1L, 2L, 0L, 
    5L, 241L, 2L, 0L, 0L, 0L, 21L, 0L, 0L), .Dim = c(5L, 3L), .Dimnames = structure(list(
        c("-2", "-1", "0", "1", NA), c("A", "C", NA)), .Names = c("", 
    "")), class = "table"), N = 758L), Tag.Distribution = structure(c(`1` = 28L, 
    `2` = 2L, `3` = 1L, `4` = 2L, `5` = 4L, `7` = 4L, `8` = 3L, 
    `9` = 2L, `10` = 2L, `11` = 2L, `12` = 3L, `13` = 1L, `14` = 2L, 
    `15` = 2L, `16` = 3L, `17` = 1L, `18` = 1L, `19` = 1L, `20` = 2L, 
    `21` = 1L, `22` = 2L, `24` = 1L, `25` = 1L, `26` = 1L, `27` = 1L, 
    `32` = 1L, `36` = 1L, `37` = 1L, `46` = 1L), .Dim = 29L, .Dimnames = structure(list(
        c("1", "2", "3", "4", "5", "7", "8", "9", "10", "11", 
        "12", "13", "14", "15", "16", "17", "18", "19", "20", 
        "21", "22", "24", "25", "26", "27", "32", "36", "37", 
        "46")), .Names = ""), class = "table"), No.Tag = structure(c(0L, 
    0L, 9L, 1L, 0L, 0L, 0L, 6L, 0L, 0L, 0L, 0L, 0L, 0L, 0L), .Dim = c(5L, 
    3L), .Dimnames = structure(list(c("-2", "-1", "0", "1", NA
    ), c("A", "C", NA)), .Names = c("", "")), class = "table"), 
    All.Tags = list(Concordant = list(Freqs = structure(c(0, 
    1, 32, 0, 0, 0, 25, 0), .Dim = c(4L, 2L), .Dimnames = list(
        c("-2", "-1", "0", "1"), c("A", "C"))), N = 58), Majority = list(
        Freqs = structure(c(0, 1, 44, 0, 0, 0, 29, 0), .Dim = c(4L, 
        2L), .Dimnames = list(c("-2", "-1", "0", "1"), c("A", 
        "C"))), N = 74)), `2` = structure(c(0, 0, 28, 0, 0, 0, 
    21, 0), .Dim = c(4L, 2L), .Dimnames = list(c("-2", "-1", 
    "0", "1"), c("A", "C"))))))
