Results <-
list(`bwaOutput/20210421msiMNRsJenny/228418_S60.sam` = list(GM22_SNP1 = list(
    All = list(Freqs = structure(c(0L, 25L, 2070L, 8L, 3L, 0L, 
    0L, 1L, 0L, 0L, 1L, 67L, 3790L, 10L, 9L, 0L, 2L, 136L, 1L, 
    0L), .Dim = 5:4, .Dimnames = structure(list(c("-2", "-1", 
    "0", "1", NA), c("A", "C", "G", NA)), .Names = c("", "")), class = "table"), 
        N = 6123L), Tag.Distribution = structure(c(`1` = 151L, 
    `2` = 31L, `3` = 15L, `4` = 18L, `5` = 14L, `6` = 18L, `7` = 10L, 
    `8` = 13L, `9` = 13L, `10` = 9L, `11` = 11L, `12` = 14L, 
    `13` = 8L, `14` = 9L, `15` = 10L, `16` = 8L, `17` = 7L, `18` = 9L, 
    `19` = 4L, `20` = 7L, `21` = 7L, `22` = 3L, `23` = 6L, `24` = 1L, 
    `25` = 5L, `26` = 4L, `27` = 3L, `28` = 3L, `29` = 4L, `30` = 3L, 
    `31` = 8L, `33` = 4L, `34` = 4L, `35` = 1L, `36` = 5L, `37` = 1L, 
    `38` = 2L, `39` = 3L, `40` = 3L, `41` = 4L, `42` = 3L, `44` = 3L, 
    `45` = 2L, `46` = 3L, `48` = 2L, `49` = 2L, `50` = 3L, `52` = 2L, 
    `54` = 1L, `55` = 1L, `57` = 2L, `59` = 1L, `61` = 1L, `66` = 1L, 
    `67` = 1L, `71` = 1L, `82` = 1L), .Dim = 57L, .Dimnames = structure(list(
        c("1", "2", "3", "4", "5", "6", "7", "8", "9", "10", 
        "11", "12", "13", "14", "15", "16", "17", "18", "19", 
        "20", "21", "22", "23", "24", "25", "26", "27", "28", 
        "29", "30", "31", "33", "34", "35", "36", "37", "38", 
        "39", "40", "41", "42", "44", "45", "46", "48", "49", 
        "50", "52", "54", "55", "57", "59", "61", "66", "67", 
        "71", "82")), .Names = ""), class = "table"), No.Tag = structure(c(0L, 
    0L, 72L, 0L, 0L, 0L, 0L, 0L, 0L, 0L, 0L, 1L, 70L, 0L, 1L, 
    0L, 0L, 13L, 0L, 0L), .Dim = 5:4, .Dimnames = structure(list(
        c("-2", "-1", "0", "1", NA), c("A", "C", "G", NA)), .Names = c("", 
    "")), class = "table"), All.Tags = list(Concordant = list(
        Freqs = structure(c(0, 2, 145, 0, 0, 0, 0, 0, 0, 1, 227, 
        0), .Dim = 4:3, .Dimnames = list(c("-2", "-1", "0", "1"
        ), c("A", "C", "G"))), N = 375), Majority = list(Freqs = structure(c(0, 
    2, 177, 0, 0, 0, 0, 0, 0, 2, 283, 0), .Dim = 4:3, .Dimnames = list(
        c("-2", "-1", "0", "1"), c("A", "C", "G"))), N = 464)), 
    `2` = structure(c(0, 0, 118, 0, 0, 0, 0, 0, 0, 1, 210, 0), .Dim = 4:3, .Dimnames = list(
        c("-2", "-1", "0", "1"), c("A", "C", "G"))))))
