Results <-
list(`bwaOutput/20210421msiMNRsJenny/228418_S60.sam` = list(LR49_SNP1 = list(
    All = list(Freqs = structure(c(8L, 4770L, 3L, 4L, 0L, 2L, 
    0L, 0L, 18L, 6302L, 1L, 3L, 1L, 130L, 0L, 0L), .Dim = c(4L, 
    4L), .Dimnames = structure(list(c("-1", "0", "1", NA), c("A", 
    "C", "G", NA)), .Names = c("", "")), class = "table"), N = 11242L), 
    Tag.Distribution = structure(c(`1` = 247L, `2` = 57L, `3` = 50L, 
    `4` = 54L, `5` = 39L, `6` = 35L, `7` = 38L, `8` = 29L, `9` = 28L, 
    `10` = 28L, `11` = 26L, `12` = 20L, `13` = 25L, `14` = 25L, 
    `15` = 16L, `16` = 17L, `17` = 21L, `18` = 13L, `19` = 19L, 
    `20` = 9L, `21` = 5L, `22` = 9L, `23` = 13L, `24` = 7L, `25` = 6L, 
    `26` = 8L, `27` = 6L, `28` = 8L, `29` = 6L, `30` = 8L, `31` = 8L, 
    `32` = 3L, `33` = 4L, `34` = 4L, `35` = 5L, `36` = 8L, `37` = 3L, 
    `38` = 4L, `39` = 2L, `40` = 6L, `41` = 5L, `42` = 2L, `43` = 1L, 
    `44` = 3L, `45` = 4L, `46` = 3L, `47` = 4L, `48` = 2L, `49` = 2L, 
    `50` = 2L, `54` = 2L, `55` = 1L, `57` = 2L, `58` = 1L, `61` = 1L, 
    `63` = 1L, `64` = 2L, `65` = 1L, `66` = 1L, `69` = 1L, `72` = 1L, 
    `78` = 2L), .Dim = 62L, .Dimnames = structure(list(c("1", 
    "2", "3", "4", "5", "6", "7", "8", "9", "10", "11", "12", 
    "13", "14", "15", "16", "17", "18", "19", "20", "21", "22", 
    "23", "24", "25", "26", "27", "28", "29", "30", "31", "32", 
    "33", "34", "35", "36", "37", "38", "39", "40", "41", "42", 
    "43", "44", "45", "46", "47", "48", "49", "50", "54", "55", 
    "57", "58", "61", "63", "64", "65", "66", "69", "72", "78"
    )), .Names = ""), class = "table"), No.Tag = structure(c(1L, 
    171L, 0L, 2L, 0L, 0L, 0L, 0L, 1L, 177L, 1L, 1L, 0L, 18L, 
    0L, 0L), .Dim = c(4L, 4L), .Dimnames = structure(list(c("-1", 
    "0", "1", NA), c("A", "C", "G", NA)), .Names = c("", "")), class = "table"), 
    All.Tags = list(Concordant = list(Freqs = structure(c(0, 
    350, 0, 0, 0, 0, 2, 491, 0), .Dim = c(3L, 3L), .Dimnames = list(
        c("-1", "0", "1"), c("A", "C", "G"))), N = 843), Majority = list(
        Freqs = structure(c(0, 400, 0, 0, 0, 0, 2, 541, 0), .Dim = c(3L, 
        3L), .Dimnames = list(c("-1", "0", "1"), c("A", "C", 
        "G"))), N = 943)), `2` = structure(c(0, 296, 0, 0, 0, 
    0, 0, 412, 0), .Dim = c(3L, 3L), .Dimnames = list(c("-1", 
    "0", "1"), c("A", "C", "G"))))))
