Results <-
list(`bwaOutput/20210421msiMNRsJenny/228418_S60.sam` = list(GM09_SNP1 = list(
    All = list(Freqs = structure(c(13L, 2128L, 6L, 0L, 0L, 1L, 
    0L, 0L, 8L, 984L, 0L, 1L, 0L, 21L, 0L, 0L), .Dim = c(4L, 
    4L), .Dimnames = structure(list(c("-1", "0", "1", NA), c("A", 
    "C", "G", NA)), .Names = c("", "")), class = "table"), N = 3162L), 
    Tag.Distribution = structure(c(`1` = 100L, `2` = 10L, `3` = 10L, 
    `4` = 10L, `5` = 12L, `6` = 11L, `7` = 6L, `8` = 11L, `9` = 12L, 
    `10` = 9L, `11` = 9L, `12` = 10L, `13` = 3L, `14` = 5L, `15` = 3L, 
    `16` = 6L, `17` = 3L, `18` = 3L, `19` = 3L, `20` = 3L, `21` = 2L, 
    `23` = 3L, `24` = 3L, `25` = 1L, `26` = 2L, `27` = 2L, `28` = 1L, 
    `29` = 3L, `30` = 2L, `31` = 1L, `32` = 2L, `33` = 2L, `34` = 2L, 
    `35` = 1L, `36` = 1L, `37` = 1L, `39` = 1L, `42` = 1L, `43` = 2L, 
    `44` = 3L, `45` = 2L, `46` = 2L, `47` = 3L, `50` = 1L, `61` = 1L, 
    `62` = 1L, `84` = 1L), .Dim = 47L, .Dimnames = structure(list(
        c("1", "2", "3", "4", "5", "6", "7", "8", "9", "10", 
        "11", "12", "13", "14", "15", "16", "17", "18", "19", 
        "20", "21", "23", "24", "25", "26", "27", "28", "29", 
        "30", "31", "32", "33", "34", "35", "36", "37", "39", 
        "42", "43", "44", "45", "46", "47", "50", "61", "62", 
        "84")), .Names = ""), class = "table"), No.Tag = structure(c(1L, 
    98L, 0L, 0L, 0L, 0L, 0L, 0L, 1L, 14L, 0L, 1L, 0L, 7L, 0L, 
    0L), .Dim = c(4L, 4L), .Dimnames = structure(list(c("-1", 
    "0", "1", NA), c("A", "C", "G", NA)), .Names = c("", "")), class = "table"), 
    All.Tags = list(Concordant = list(Freqs = structure(c(0, 
    166, 0, 0, 0, 0, 0, 82, 0), .Dim = c(3L, 3L), .Dimnames = list(
        c("-1", "0", "1"), c("A", "C", "G"))), N = 248), Majority = list(
        Freqs = structure(c(0, 187, 0, 0, 0, 0, 0, 94, 0), .Dim = c(3L, 
        3L), .Dimnames = list(c("-1", "0", "1"), c("A", "C", 
        "G"))), N = 281)), `2` = structure(c(0, 127, 0, 0, 0, 
    0, 0, 58, 0), .Dim = c(3L, 3L), .Dimnames = list(c("-1", 
    "0", "1"), c("A", "C", "G"))))))
