Results <-
list(`bwaOutput/20210421msiMNRsJenny/229073_S59.sam` = list(GM22_SNP1 = list(
    All = list(Freqs = structure(c(0L, 142L, 9510L, 57L, 23L, 
    0L, 0L, 10L, 0L, 0L, 0L, 0L, 1L, 0L, 0L, 1L, 4L, 161L, 0L, 
    0L), .Dim = 5:4, .Dimnames = structure(list(c("-2", "-1", 
    "0", "1", NA), c("A", "G", "T", NA)), .Names = c("", "")), class = "table"), 
        N = 9909L), Tag.Distribution = structure(c(`1` = 403L, 
    `2` = 267L, `3` = 207L, `4` = 198L, `5` = 153L, `6` = 115L, 
    `7` = 119L, `8` = 82L, `9` = 72L, `10` = 52L, `11` = 44L, 
    `12` = 47L, `13` = 35L, `14` = 23L, `15` = 14L, `16` = 10L, 
    `17` = 7L, `18` = 5L, `19` = 9L, `20` = 4L, `21` = 3L, `22` = 4L, 
    `25` = 3L, `26` = 2L, `27` = 2L, `28` = 1L, `29` = 1L, `30` = 1L
    ), .Dim = 28L, .Dimnames = structure(list(c("1", "2", "3", 
    "4", "5", "6", "7", "8", "9", "10", "11", "12", "13", "14", 
    "15", "16", "17", "18", "19", "20", "21", "22", "25", "26", 
    "27", "28", "29", "30")), .Names = ""), class = "table"), 
    No.Tag = structure(c(0L, 4L, 349L, 1L, 2L, 0L, 0L, 0L, 0L, 
    0L, 0L, 0L, 0L, 0L, 0L, 0L, 0L, 17L, 0L, 0L), .Dim = 5:4, .Dimnames = structure(list(
        c("-2", "-1", "0", "1", NA), c("A", "G", "T", NA)), .Names = c("", 
    "")), class = "table"), All.Tags = list(Concordant = list(
        Freqs = structure(c(0, 3, 1700, 4, 0, 0, 1, 0, 0, 0, 
        0, 0), .Dim = 4:3, .Dimnames = list(c("-2", "-1", "0", 
        "1"), c("A", "G", "T"))), N = 1708), Majority = list(
        Freqs = structure(c(0, 5, 1841, 5, 0, 0, 1, 0, 0, 0, 
        0, 0), .Dim = 4:3, .Dimnames = list(c("-2", "-1", "0", 
        "1"), c("A", "G", "T"))), N = 1852)), `2` = structure(c(0, 
    3, 1463, 1, 0, 0, 1, 0, 0, 0, 0, 0), .Dim = 4:3, .Dimnames = list(
        c("-2", "-1", "0", "1"), c("A", "G", "T"))))))
