Results <-
list(`bwaOutput/20210421msiMNRsJenny/229073_S59.sam` = list(GM26_SNP1 = list(
    All = list(Freqs = structure(c(3L, 58L, 7736L, 22L, 14L, 
    0L, 0L, 8L, 0L, 0L, 0L, 0L, 77L, 0L, 0L), .Dim = c(5L, 3L
    ), .Dimnames = structure(list(c("-2", "-1", "0", "1", NA), 
        c("A", "G", NA)), .Names = c("", "")), class = "table"), 
        N = 7918L), Tag.Distribution = structure(c(`1` = 390L, 
    `2` = 261L, `3` = 186L, `4` = 173L, `5` = 123L, `6` = 102L, 
    `7` = 73L, `8` = 72L, `9` = 64L, `10` = 51L, `11` = 48L, 
    `12` = 32L, `13` = 14L, `14` = 18L, `15` = 8L, `16` = 7L, 
    `17` = 5L, `18` = 2L, `19` = 4L, `20` = 3L, `21` = 3L, `22` = 1L, 
    `24` = 2L, `25` = 4L, `26` = 2L, `37` = 1L), .Dim = 26L, .Dimnames = structure(list(
        c("1", "2", "3", "4", "5", "6", "7", "8", "9", "10", 
        "11", "12", "13", "14", "15", "16", "17", "18", "19", 
        "20", "21", "22", "24", "25", "26", "37")), .Names = ""), class = "table"), 
    No.Tag = structure(c(0L, 0L, 188L, 2L, 2L, 0L, 0L, 0L, 0L, 
    0L, 0L, 0L, 7L, 0L, 0L), .Dim = c(5L, 3L), .Dimnames = structure(list(
        c("-2", "-1", "0", "1", NA), c("A", "G", NA)), .Names = c("", 
    "")), class = "table"), All.Tags = list(Concordant = list(
        Freqs = structure(c(1, 7, 1565, 2, 0, 0, 2, 0), .Dim = c(4L, 
        2L), .Dimnames = list(c("-2", "-1", "0", "1"), c("A", 
        "G"))), N = 1577), Majority = list(Freqs = structure(c(1, 
    7, 1622, 2, 0, 0, 2, 0), .Dim = c(4L, 2L), .Dimnames = list(
        c("-2", "-1", "0", "1"), c("A", "G"))), N = 1634)), `2` = structure(c(0, 
    1, 1247, 1, 0, 0, 1, 0), .Dim = c(4L, 2L), .Dimnames = list(
        c("-2", "-1", "0", "1"), c("A", "G"))))))
