Results <-
list(`bwaOutput/20210421msiMNRsJenny/229073_S59.sam` = list(GM17_SNP1 = list(
    All = list(Freqs = structure(c(0L, 0L, 1L, 0L, 0L, 2L, 113L, 
    11424L, 44L, 13L, 0L, 39L, 2382L, 12L, 1L, 0L, 6L, 483L, 
    1L, 0L), .Dim = 5:4, .Dimnames = structure(list(c("-2", "-1", 
    "0", "1", NA), c("A", "C", "T", NA)), .Names = c("", "")), class = "table"), 
        N = 14521L), Tag.Distribution = structure(c(`1` = 439L, 
    `2` = 310L, `3` = 246L, `4` = 211L, `5` = 184L, `6` = 141L, 
    `7` = 127L, `8` = 118L, `9` = 103L, `10` = 91L, `11` = 65L, 
    `12` = 57L, `13` = 43L, `14` = 53L, `15` = 35L, `16` = 9L, 
    `17` = 30L, `18` = 19L, `19` = 13L, `20` = 10L, `21` = 9L, 
    `22` = 9L, `23` = 6L, `24` = 9L, `25` = 8L, `26` = 2L, `28` = 1L, 
    `29` = 3L, `30` = 1L, `31` = 2L, `33` = 1L, `37` = 1L, `38` = 1L, 
    `40` = 1L), .Dim = 34L, .Dimnames = structure(list(c("1", 
    "2", "3", "4", "5", "6", "7", "8", "9", "10", "11", "12", 
    "13", "14", "15", "16", "17", "18", "19", "20", "21", "22", 
    "23", "24", "25", "26", "28", "29", "30", "31", "33", "37", 
    "38", "40")), .Names = ""), class = "table"), No.Tag = structure(c(0L, 
    0L, 0L, 0L, 0L, 0L, 3L, 346L, 0L, 5L, 0L, 0L, 44L, 0L, 0L, 
    0L, 1L, 29L, 0L, 0L), .Dim = 5:4, .Dimnames = structure(list(
        c("-2", "-1", "0", "1", NA), c("A", "C", "T", NA)), .Names = c("", 
    "")), class = "table"), All.Tags = list(Concordant = list(
        Freqs = structure(c(0, 0, 0, 0, 0, 0, 1592, 1, 0, 0, 
        235, 0), .Dim = 4:3, .Dimnames = list(c("-2", "-1", "0", 
        "1"), c("A", "C", "T"))), N = 1828), Majority = list(
        Freqs = structure(c(0, 0, 0, 0, 0, 0, 1931, 2, 0, 0, 
        358, 0), .Dim = 4:3, .Dimnames = list(c("-2", "-1", "0", 
        "1"), c("A", "C", "T"))), N = 2291)), `2` = structure(c(0, 
    0, 0, 0, 0, 0, 1589, 2, 0, 0, 285, 0), .Dim = 4:3, .Dimnames = list(
        c("-2", "-1", "0", "1"), c("A", "C", "T"))))))
