Results <-
list(`bwaOutput/20210421msiMNRsJenny/229073_S59.sam` = list(LR49_SNP1 = list(
    All = list(Freqs = structure(c(18L, 5944L, 3L, 2L, 13L, 6058L, 
    3L, 11L, 0L, 3L, 0L, 0L, 2L, 122L, 0L, 0L), .Dim = c(4L, 
    4L), .Dimnames = structure(list(c("-1", "0", "1", NA), c("A", 
    "G", "T", NA)), .Names = c("", "")), class = "table"), N = 12179L), 
    Tag.Distribution = structure(c(`1` = 502L, `2` = 348L, `3` = 282L, 
    `4` = 240L, `5` = 166L, `6` = 155L, `7` = 101L, `8` = 116L, 
    `9` = 69L, `10` = 62L, `11` = 66L, `12` = 36L, `13` = 49L, 
    `14` = 27L, `15` = 27L, `16` = 13L, `17` = 13L, `18` = 12L, 
    `19` = 8L, `20` = 4L, `21` = 4L, `22` = 1L, `23` = 6L, `24` = 2L, 
    `25` = 1L, `26` = 1L, `27` = 2L, `28` = 2L, `30` = 3L, `31` = 1L, 
    `39` = 1L, `47` = 1L), .Dim = 32L, .Dimnames = structure(list(
        c("1", "2", "3", "4", "5", "6", "7", "8", "9", "10", 
        "11", "12", "13", "14", "15", "16", "17", "18", "19", 
        "20", "21", "22", "23", "24", "25", "26", "27", "28", 
        "30", "31", "39", "47")), .Names = ""), class = "table"), 
    No.Tag = structure(c(0L, 189L, 0L, 0L, 1L, 211L, 0L, 4L, 
    0L, 0L, 0L, 0L, 0L, 19L, 0L, 0L), .Dim = c(4L, 4L), .Dimnames = structure(list(
        c("-1", "0", "1", NA), c("A", "G", "T", NA)), .Names = c("", 
    "")), class = "table"), All.Tags = list(Concordant = list(
        Freqs = structure(c(1, 780, 0, 1, 802, 0, 0, 0, 0), .Dim = c(3L, 
        3L), .Dimnames = list(c("-1", "0", "1"), c("A", "G", 
        "T"))), N = 1584), Majority = list(Freqs = structure(c(1, 
    1078, 0, 1, 1123, 0, 0, 0, 0), .Dim = c(3L, 3L), .Dimnames = list(
        c("-1", "0", "1"), c("A", "G", "T"))), N = 2203)), `2` = structure(c(1, 
    824, 0, 0, 891, 0, 0, 0, 0), .Dim = c(3L, 3L), .Dimnames = list(
        c("-1", "0", "1"), c("A", "G", "T"))))))
