Results <-
list(`bwaOutput/20210421msiMNRsJenny/229073_S59.sam` = list(LR10_SNP1 = list(
    All = list(Freqs = structure(c(0L, 4L, 0L, 0L, 0L, 153L, 
    9072L, 42L, 1L, 9L, 1L, 138L, 2L, 0L, 0L), .Dim = c(5L, 3L
    ), .Dimnames = structure(list(c("-1", "0", "1", "2", NA), 
        c("C", "T", NA)), .Names = c("", "")), class = "table"), 
        N = 9422L), Tag.Distribution = structure(c(`1` = 435L, 
    `2` = 266L, `3` = 202L, `4` = 189L, `5` = 132L, `6` = 115L, 
    `7` = 103L, `8` = 94L, `9` = 64L, `10` = 57L, `11` = 47L, 
    `12` = 36L, `13` = 23L, `14` = 17L, `15` = 19L, `16` = 14L, 
    `17` = 11L, `18` = 7L, `19` = 4L, `20` = 6L, `21` = 2L, `22` = 3L, 
    `23` = 2L, `24` = 1L, `25` = 2L, `26` = 2L, `29` = 1L, `31` = 1L, 
    `34` = 1L), .Dim = 29L, .Dimnames = structure(list(c("1", 
    "2", "3", "4", "5", "6", "7", "8", "9", "10", "11", "12", 
    "13", "14", "15", "16", "17", "18", "19", "20", "21", "22", 
    "23", "24", "25", "26", "29", "31", "34")), .Names = ""), class = "table"), 
    No.Tag = structure(c(0L, 1L, 0L, 0L, 0L, 0L, 234L, 1L, 0L, 
    0L, 0L, 10L, 0L, 0L, 0L), .Dim = c(5L, 3L), .Dimnames = structure(list(
        c("-1", "0", "1", "2", NA), c("C", "T", NA)), .Names = c("", 
    "")), class = "table"), All.Tags = list(Concordant = list(
        Freqs = structure(c(0, 2, 0, 0, 7, 1682, 2, 0), .Dim = c(4L, 
        2L), .Dimnames = list(c("-1", "0", "1", "2"), c("C", 
        "T"))), N = 1693), Majority = list(Freqs = structure(c(0, 
    2, 0, 0, 8, 1828, 3, 0), .Dim = c(4L, 2L), .Dimnames = list(
        c("-1", "0", "1", "2"), c("C", "T"))), N = 1841)), `2` = structure(c(0, 
    0, 0, 0, 4, 1407, 2, 0), .Dim = c(4L, 2L), .Dimnames = list(
        c("-1", "0", "1", "2"), c("C", "T"))))))
