Results <-
list(`bwaOutput/20210421msiMNRsJenny/229073_S59.sam` = list(GM01_SNP1 = list(
    All = list(Freqs = structure(c(6L, 1417L, 530L, 1L, 17L, 
    0L, 12L, 849L, 5L, 1L, 0L, 1L, 0L, 0L, 0L, 0L, 7L, 23L, 0L, 
    0L), .Dim = 5:4, .Dimnames = structure(list(c("-2", "-1", 
    "0", "1", NA), c("A", "G", "T", NA)), .Names = c("", "")), class = "table"), 
        N = 2869L), Tag.Distribution = structure(c(`1` = 233L, 
    `2` = 114L, `3` = 98L, `4` = 79L, `5` = 71L, `6` = 58L, `7` = 33L, 
    `8` = 26L, `9` = 18L, `10` = 15L, `11` = 7L, `12` = 5L, `13` = 5L, 
    `14` = 2L, `15` = 2L, `16` = 1L), .Dim = 16L, .Dimnames = structure(list(
        c("1", "2", "3", "4", "5", "6", "7", "8", "9", "10", 
        "11", "12", "13", "14", "15", "16")), .Names = ""), class = "table"), 
    No.Tag = structure(c(1L, 28L, 3L, 0L, 0L, 0L, 0L, 34L, 0L, 
    0L, 0L, 0L, 0L, 0L, 0L, 0L, 0L, 2L, 0L, 0L), .Dim = 5:4, .Dimnames = structure(list(
        c("-2", "-1", "0", "1", NA), c("A", "G", "T", NA)), .Names = c("", 
    "")), class = "table"), All.Tags = list(Concordant = list(
        Freqs = structure(c(1, 347, 113, 0, 0, 1, 194, 2, 0, 
        0, 0, 0), .Dim = 4:3, .Dimnames = list(c("-2", "-1", 
        "0", "1"), c("A", "G", "T"))), N = 658), Majority = list(
        Freqs = structure(c(1, 381, 135, 0, 0, 1, 227, 2, 0, 
        0, 0, 0), .Dim = 4:3, .Dimnames = list(c("-2", "-1", 
        "0", "1"), c("A", "G", "T"))), N = 747)), `2` = structure(c(0, 
    266, 97, 0, 0, 0, 161, 0, 0, 0, 0, 0), .Dim = 4:3, .Dimnames = list(
        c("-2", "-1", "0", "1"), c("A", "G", "T"))))))
