Results <-
list(`bwaOutput/20210421msiMNRsJenny/229073_S59.sam` = list(LR46_SNP1 = list(
    All = list(Freqs = structure(c(0L, 0L, 1L, 0L, 0L, 0L, 0L, 
    3L, 0L, 0L, 1L, 21L, 6632L, 31L, 30L, 0L, 14L, 5296L, 15L, 
    11L, 0L, 0L, 91L, 1L, 0L), .Dim = c(5L, 5L), .Dimnames = structure(list(
        c("-2", "-1", "0", "1", NA), c("A", "C", "G", "T", NA
        )), .Names = c("", "")), class = "table"), N = 12147L), 
    Tag.Distribution = structure(c(`1` = 449L, `2` = 291L, `3` = 262L, 
    `4` = 195L, `5` = 152L, `6` = 119L, `7` = 115L, `8` = 101L, 
    `9` = 80L, `10` = 63L, `11` = 51L, `12` = 47L, `13` = 35L, 
    `14` = 42L, `15` = 22L, `16` = 15L, `17` = 24L, `18` = 23L, 
    `19` = 11L, `20` = 6L, `21` = 4L, `22` = 5L, `23` = 5L, `24` = 5L, 
    `25` = 1L, `26` = 4L, `27` = 1L, `28` = 2L, `29` = 2L, `32` = 1L, 
    `34` = 1L), .Dim = 31L, .Dimnames = structure(list(c("1", 
    "2", "3", "4", "5", "6", "7", "8", "9", "10", "11", "12", 
    "13", "14", "15", "16", "17", "18", "19", "20", "21", "22", 
    "23", "24", "25", "26", "27", "28", "29", "32", "34")), .Names = ""), class = "table"), 
    No.Tag = structure(c(0L, 0L, 0L, 0L, 0L, 0L, 0L, 0L, 0L, 
    0L, 0L, 1L, 261L, 2L, 8L, 0L, 2L, 171L, 0L, 2L, 0L, 0L, 12L, 
    0L, 0L), .Dim = c(5L, 5L), .Dimnames = structure(list(c("-2", 
    "-1", "0", "1", NA), c("A", "C", "G", "T", NA)), .Names = c("", 
    "")), class = "table"), All.Tags = list(Concordant = list(
        Freqs = structure(c(0, 0, 0, 0, 0, 0, 0, 0, 0, 2, 913, 
        5, 0, 0, 680, 0), .Dim = c(4L, 4L), .Dimnames = list(
            c("-2", "-1", "0", "1"), c("A", "C", "G", "T"))), 
        N = 1600), Majority = list(Freqs = structure(c(0, 0, 
    0, 0, 0, 0, 0, 0, 0, 2, 1147, 5, 0, 0, 904, 0), .Dim = c(4L, 
    4L), .Dimnames = list(c("-2", "-1", "0", "1"), c("A", "C", 
    "G", "T"))), N = 2058)), `2` = structure(c(0, 0, 0, 0, 0, 
    0, 0, 0, 0, 0, 908, 2, 0, 0, 711, 0), .Dim = c(4L, 4L), .Dimnames = list(
        c("-2", "-1", "0", "1"), c("A", "C", "G", "T"))))))
