Results <-
list(`bwaOutput/20210421msiMNRsJenny/229073_S59.sam` = list(GM09_SNP1 = list(
    All = list(Freqs = structure(c(2L, 28L, 5198L, 8L, 2L, 1L, 
    32L, 5745L, 7L, 1L, 0L, 1L, 76L, 0L, 0L), .Dim = c(5L, 3L
    ), .Dimnames = structure(list(c("-2", "-1", "0", "1", NA), 
        c("A", "G", NA)), .Names = c("", "")), class = "table"), 
        N = 11101L), Tag.Distribution = structure(c(`1` = 349L, 
    `2` = 258L, `3` = 206L, `4` = 144L, `5` = 140L, `6` = 119L, 
    `7` = 105L, `8` = 84L, `9` = 72L, `10` = 48L, `11` = 41L, 
    `12` = 38L, `13` = 31L, `14` = 24L, `15` = 23L, `16` = 15L, 
    `17` = 17L, `18` = 19L, `19` = 8L, `20` = 8L, `21` = 3L, 
    `22` = 8L, `23` = 5L, `24` = 6L, `25` = 6L, `26` = 3L, `27` = 2L, 
    `28` = 3L, `29` = 1L, `31` = 3L, `33` = 1L, `34` = 3L, `36` = 1L, 
    `37` = 1L, `38` = 2L, `39` = 4L, `41` = 1L, `44` = 1L, `52` = 1L, 
    `59` = 1L), .Dim = 40L, .Dimnames = structure(list(c("1", 
    "2", "3", "4", "5", "6", "7", "8", "9", "10", "11", "12", 
    "13", "14", "15", "16", "17", "18", "19", "20", "21", "22", 
    "23", "24", "25", "26", "27", "28", "29", "31", "33", "34", 
    "36", "37", "38", "39", "41", "44", "52", "59")), .Names = ""), class = "table"), 
    No.Tag = structure(c(0L, 0L, 131L, 0L, 0L, 0L, 1L, 155L, 
    0L, 0L, 0L, 0L, 10L, 0L, 0L), .Dim = c(5L, 3L), .Dimnames = structure(list(
        c("-2", "-1", "0", "1", NA), c("A", "G", NA)), .Names = c("", 
    "")), class = "table"), All.Tags = list(Concordant = list(
        Freqs = structure(c(0, 1, 613, 0, 0, 0, 647, 0), .Dim = c(4L, 
        2L), .Dimnames = list(c("-2", "-1", "0", "1"), c("A", 
        "G"))), N = 1261), Majority = list(Freqs = structure(c(0, 
    1, 834, 0, 0, 0, 914, 0), .Dim = c(4L, 2L), .Dimnames = list(
        c("-2", "-1", "0", "1"), c("A", "G"))), N = 1749)), `2` = structure(c(0, 
    0, 668, 0, 0, 0, 742, 0), .Dim = c(4L, 2L), .Dimnames = list(
        c("-2", "-1", "0", "1"), c("A", "G"))))))
