Results <-
list(`bwaOutput/20210421msiMNRsJenny/229073_S59.sam` = list(LR36_SNP1 = list(
    All = list(Freqs = structure(c(2L, 36L, 1639L, 15L, 15L, 
    0L, 0L, 2L, 0L, 0L, 14L, 87L, 4893L, 46L, 48L, 0L, 7L, 482L, 
    4L, 0L), .Dim = 5:4, .Dimnames = structure(list(c("-2", "-1", 
    "0", "1", NA), c("A", "G", "T", NA)), .Names = c("", "")), class = "table"), 
        N = 7290L), Tag.Distribution = structure(c(`1` = 414L, 
    `2` = 260L, `3` = 176L, `4` = 164L, `5` = 137L, `6` = 84L, 
    `7` = 96L, `8` = 59L, `9` = 51L, `10` = 45L, `11` = 34L, 
    `12` = 23L, `13` = 14L, `14` = 12L, `15` = 8L, `16` = 9L, 
    `17` = 6L, `18` = 3L, `19` = 1L, `20` = 2L, `21` = 1L, `22` = 2L, 
    `23` = 3L, `24` = 1L, `27` = 1L, `35` = 1L), .Dim = 26L, .Dimnames = structure(list(
        c("1", "2", "3", "4", "5", "6", "7", "8", "9", "10", 
        "11", "12", "13", "14", "15", "16", "17", "18", "19", 
        "20", "21", "22", "23", "24", "27", "35")), .Names = ""), class = "table"), 
    No.Tag = structure(c(0L, 1L, 46L, 2L, 3L, 0L, 0L, 1L, 0L, 
    0L, 0L, 0L, 132L, 3L, 5L, 0L, 0L, 38L, 0L, 0L), .Dim = 5:4, .Dimnames = structure(list(
        c("-2", "-1", "0", "1", NA), c("A", "G", "T", NA)), .Names = c("", 
    "")), class = "table"), All.Tags = list(Concordant = list(
        Freqs = structure(c(0, 5, 267, 0, 0, 0, 0, 0, 2, 4, 964, 
        1), .Dim = 4:3, .Dimnames = list(c("-2", "-1", "0", "1"
        ), c("A", "G", "T"))), N = 1243), Majority = list(Freqs = structure(c(0, 
    6, 357, 1, 0, 0, 0, 0, 2, 4, 1150, 1), .Dim = 4:3, .Dimnames = list(
        c("-2", "-1", "0", "1"), c("A", "G", "T"))), N = 1521)), 
    `2` = structure(c(0, 2, 259, 1, 0, 0, 0, 0, 1, 0, 883, 0), .Dim = 4:3, .Dimnames = list(
        c("-2", "-1", "0", "1"), c("A", "G", "T"))))))
