Results <-
list(`bwaOutput/20210421msiMNRsJenny/229073_S59.sam` = list(LR17_SNP1 = list(
    All = list(Freqs = structure(c(16L, 388L, 8939L, 90L, 1L, 
    50L, 0L, 0L, 2L, 0L, 0L, 0L, 0L, 24L, 639L, 6L, 0L, 0L), .Dim = c(6L, 
    3L), .Dimnames = structure(list(c("-2", "-1", "0", "1", "2", 
    NA), c("A", "G", NA)), .Names = c("", "")), class = "table"), 
        N = 10155L), Tag.Distribution = structure(c(`1` = 458L, 
    `2` = 277L, `3` = 202L, `4` = 160L, `5` = 197L, `6` = 114L, 
    `7` = 96L, `8` = 93L, `9` = 96L, `10` = 48L, `11` = 48L, 
    `12` = 34L, `13` = 35L, `14` = 12L, `15` = 21L, `16` = 14L, 
    `17` = 13L, `18` = 9L, `19` = 5L, `20` = 7L, `21` = 2L, `22` = 4L, 
    `23` = 1L, `24` = 1L, `27` = 4L, `28` = 1L, `31` = 2L, `39` = 1L
    ), .Dim = 28L, .Dimnames = structure(list(c("1", "2", "3", 
    "4", "5", "6", "7", "8", "9", "10", "11", "12", "13", "14", 
    "15", "16", "17", "18", "19", "20", "21", "22", "23", "24", 
    "27", "28", "31", "39")), .Names = ""), class = "table"), 
    No.Tag = structure(c(0L, 11L, 295L, 1L, 0L, 3L, 0L, 0L, 0L, 
    0L, 0L, 0L, 0L, 0L, 28L, 0L, 0L, 0L), .Dim = c(6L, 3L), .Dimnames = structure(list(
        c("-2", "-1", "0", "1", "2", NA), c("A", "G", NA)), .Names = c("", 
    "")), class = "table"), All.Tags = list(Concordant = list(
        Freqs = structure(c(2, 27, 1550, 2, 0, 0, 0, 0, 0, 0), .Dim = c(5L, 
        2L), .Dimnames = list(c("-2", "-1", "0", "1", "2"), c("A", 
        "G"))), N = 1581), Majority = list(Freqs = structure(c(2, 
    33, 1849, 2, 0, 0, 0, 0, 0, 0), .Dim = c(5L, 2L), .Dimnames = list(
        c("-2", "-1", "0", "1", "2"), c("A", "G"))), N = 1886)), 
    `2` = structure(c(0, 10, 1455, 0, 0, 0, 0, 0, 0, 0), .Dim = c(5L, 
    2L), .Dimnames = list(c("-2", "-1", "0", "1", "2"), c("A", 
    "G"))))))
