Results <-
list(`bwaOutput/20210421msiMNRsJenny/229073_S59.sam` = list(LR52_SNP1 = list(
    All = list(Freqs = structure(c(0L, 0L, 0L, 0L, 2L, 0L, 0L, 
    0L, 1L, 1L, 22L, 267L, 2103L, 15L, 1L, 27L, 0L, 2L, 38L, 
    381L, 4279L, 34L, 1L, 40L, 0L, 0L, 0L, 15L, 832L, 8L, 0L, 
    0L), .Dim = c(8L, 4L), .Dimnames = structure(list(c("-4", 
    "-3", "-2", "-1", "0", "1", "2", NA), c("A", "C", "T", NA
    )), .Names = c("", "")), class = "table"), N = 8069L), Tag.Distribution = structure(c(`1` = 342L, 
    `2` = 263L, `3` = 207L, `4` = 153L, `5` = 134L, `6` = 106L, 
    `7` = 102L, `8` = 72L, `9` = 63L, `10` = 46L, `11` = 38L, 
    `12` = 32L, `13` = 19L, `14` = 12L, `15` = 8L, `16` = 8L, 
    `17` = 9L, `18` = 6L, `19` = 4L, `20` = 4L, `21` = 3L, `22` = 2L, 
    `24` = 2L, `25` = 1L, `28` = 1L, `29` = 1L, `33` = 1L), .Dim = 27L, .Dimnames = structure(list(
        c("1", "2", "3", "4", "5", "6", "7", "8", "9", "10", 
        "11", "12", "13", "14", "15", "16", "17", "18", "19", 
        "20", "21", "22", "24", "25", "28", "29", "33")), .Names = ""), class = "table"), 
    No.Tag = structure(c(0L, 0L, 0L, 0L, 0L, 0L, 0L, 0L, 0L, 
    0L, 0L, 4L, 36L, 0L, 0L, 2L, 0L, 0L, 3L, 9L, 114L, 0L, 0L, 
    2L, 0L, 0L, 0L, 2L, 20L, 1L, 0L, 0L), .Dim = c(8L, 4L), .Dimnames = structure(list(
        c("-4", "-3", "-2", "-1", "0", "1", "2", NA), c("A", 
        "C", "T", NA)), .Names = c("", "")), class = "table"), 
    All.Tags = list(Concordant = list(Freqs = structure(c(0, 
    0, 0, 0, 2, 0, 0, 0, 0, 1, 17, 340, 0, 0, 0, 0, 0, 20, 622, 
    2, 0), .Dim = c(7L, 3L), .Dimnames = list(c("-4", "-3", "-2", 
    "-1", "0", "1", "2"), c("A", "C", "T"))), N = 1004), Majority = list(
        Freqs = structure(c(0, 0, 0, 0, 2, 0, 0, 0, 0, 1, 20, 
        510, 0, 0, 0, 0, 1, 29, 945, 2, 0), .Dim = c(7L, 3L), .Dimnames = list(
            c("-4", "-3", "-2", "-1", "0", "1", "2"), c("A", 
            "C", "T"))), N = 1510)), `2` = structure(c(0, 0, 
    0, 0, 0, 0, 0, 0, 0, 0, 8, 406, 0, 0, 0, 0, 1, 15, 775, 1, 
    0), .Dim = c(7L, 3L), .Dimnames = list(c("-4", "-3", "-2", 
    "-1", "0", "1", "2"), c("A", "C", "T"))))))
