Results <-
list(`bwaOutput/20210421msiMNRsJenny/229073_S59.sam` = list(LR48_SNP1 = list(
    All = list(Freqs = structure(c(0L, 0L, 0L, 2L, 0L, 0L, 0L, 
    1L, 9L, 236L, 8010L, 110L, 2L, 48L, 0L, 10L, 195L, 5268L, 
    73L, 1L, 24L, 0L, 0L, 3L, 347L, 8L, 0L, 0L), .Dim = c(7L, 
    4L), .Dimnames = structure(list(c("-3", "-2", "-1", "0", 
    "1", "2", NA), c("A", "C", "T", NA)), .Names = c("", "")), class = "table"), 
        N = 14347L), Tag.Distribution = structure(c(`1` = 386L, 
    `2` = 215L, `3` = 206L, `4` = 162L, `5` = 128L, `6` = 146L, 
    `7` = 95L, `8` = 113L, `9` = 83L, `10` = 81L, `11` = 49L, 
    `12` = 50L, `13` = 47L, `14` = 58L, `15` = 37L, `16` = 35L, 
    `17` = 32L, `18` = 20L, `19` = 14L, `20` = 16L, `21` = 17L, 
    `22` = 9L, `23` = 9L, `24` = 10L, `25` = 5L, `26` = 5L, `27` = 3L, 
    `28` = 1L, `29` = 1L, `30` = 3L, `31` = 4L, `32` = 1L, `33` = 1L, 
    `34` = 1L, `35` = 3L, `36` = 1L, `38` = 2L, `40` = 1L), .Dim = 38L, .Dimnames = structure(list(
        c("1", "2", "3", "4", "5", "6", "7", "8", "9", "10", 
        "11", "12", "13", "14", "15", "16", "17", "18", "19", 
        "20", "21", "22", "23", "24", "25", "26", "27", "28", 
        "29", "30", "31", "32", "33", "34", "35", "36", "38", 
        "40")), .Names = ""), class = "table"), No.Tag = structure(c(0L, 
    0L, 0L, 1L, 0L, 0L, 0L, 0L, 1L, 5L, 268L, 6L, 0L, 3L, 0L, 
    0L, 4L, 173L, 3L, 0L, 0L, 0L, 0L, 0L, 26L, 1L, 0L, 0L), .Dim = c(7L, 
    4L), .Dimnames = structure(list(c("-3", "-2", "-1", "0", 
    "1", "2", NA), c("A", "C", "T", NA)), .Names = c("", "")), class = "table"), 
    All.Tags = list(Concordant = list(Freqs = structure(c(0, 
    0, 0, 1, 0, 0, 0, 0, 9, 799, 3, 0, 0, 0, 5, 486, 3, 0), .Dim = c(6L, 
    3L), .Dimnames = list(c("-3", "-2", "-1", "0", "1", "2"), 
        c("A", "C", "T"))), N = 1306), Majority = list(Freqs = structure(c(0, 
    0, 0, 1, 0, 0, 0, 0, 10, 1191, 3, 0, 0, 1, 7, 752, 3, 0), .Dim = c(6L, 
    3L), .Dimnames = list(c("-3", "-2", "-1", "0", "1", "2"), 
        c("A", "C", "T"))), N = 1968)), `2` = structure(c(0, 
    0, 0, 0, 0, 0, 0, 0, 4, 972, 0, 0, 0, 1, 3, 620, 0, 0), .Dim = c(6L, 
    3L), .Dimnames = list(c("-3", "-2", "-1", "0", "1", "2"), 
        c("A", "C", "T"))))))
