Results <-
list(`bwaOutput/20210421msiMNRsJenny/229073_S59.sam` = list(GM29_SNP1 = list(
    All = list(Freqs = structure(c(3L, 106L, 7986L, 23L, 1L, 
    9L, 0L, 67L, 4992L, 14L, 0L, 10L, 0L, 0L, 2L, 0L, 0L, 0L, 
    0L, 3L, 132L, 1L, 0L, 0L), .Dim = c(6L, 4L), .Dimnames = structure(list(
        c("-2", "-1", "0", "1", "2", NA), c("A", "G", "T", NA
        )), .Names = c("", "")), class = "table"), N = 13349L), 
    Tag.Distribution = structure(c(`1` = 334L, `2` = 235L, `3` = 183L, 
    `4` = 164L, `5` = 140L, `6` = 97L, `7` = 87L, `8` = 72L, 
    `9` = 74L, `10` = 57L, `11` = 34L, `12` = 37L, `13` = 49L, 
    `14` = 26L, `15` = 24L, `16` = 15L, `17` = 13L, `18` = 18L, 
    `19` = 15L, `20` = 13L, `21` = 12L, `22` = 9L, `23` = 9L, 
    `24` = 10L, `25` = 7L, `26` = 8L, `27` = 5L, `28` = 8L, `29` = 5L, 
    `30` = 1L, `31` = 5L, `32` = 3L, `33` = 4L, `34` = 2L, `35` = 5L, 
    `36` = 2L, `38` = 2L, `40` = 1L, `41` = 2L, `42` = 1L, `43` = 1L, 
    `44` = 2L, `45` = 3L, `47` = 1L, `51` = 1L, `54` = 3L, `55` = 1L, 
    `61` = 1L, `62` = 1L, `63` = 1L, `66` = 1L, `88` = 1L), .Dim = 52L, .Dimnames = structure(list(
        c("1", "2", "3", "4", "5", "6", "7", "8", "9", "10", 
        "11", "12", "13", "14", "15", "16", "17", "18", "19", 
        "20", "21", "22", "23", "24", "25", "26", "27", "28", 
        "29", "30", "31", "32", "33", "34", "35", "36", "38", 
        "40", "41", "42", "43", "44", "45", "47", "51", "54", 
        "55", "61", "62", "63", "66", "88")), .Names = ""), class = "table"), 
    No.Tag = structure(c(0L, 6L, 271L, 1L, 0L, 0L, 0L, 5L, 161L, 
    0L, 0L, 1L, 0L, 0L, 0L, 0L, 0L, 0L, 0L, 1L, 9L, 0L, 0L, 0L
    ), .Dim = c(6L, 4L), .Dimnames = structure(list(c("-2", "-1", 
    "0", "1", "2", NA), c("A", "G", "T", NA)), .Names = c("", 
    "")), class = "table"), All.Tags = list(Concordant = list(
        Freqs = structure(c(0, 4, 761, 2, 0, 0, 3, 378, 0, 0, 
        0, 0, 0, 0, 0), .Dim = c(5L, 3L), .Dimnames = list(c("-2", 
        "-1", "0", "1", "2"), c("A", "G", "T"))), N = 1148), 
        Majority = list(Freqs = structure(c(0, 5, 1100, 2, 0, 
        0, 3, 612, 0, 0, 0, 0, 0, 0, 0), .Dim = c(5L, 3L), .Dimnames = list(
            c("-2", "-1", "0", "1", "2"), c("A", "G", "T"))), 
            N = 1722)), `2` = structure(c(0, 1, 888, 1, 0, 0, 
    0, 507, 0, 0, 0, 0, 0, 0, 0), .Dim = c(5L, 3L), .Dimnames = list(
        c("-2", "-1", "0", "1", "2"), c("A", "G", "T"))))))
