Results <-
list(`bwaOutput/20210421msiMNRsJenny/229073_S59.sam` = list(IM49_SNP1 = list(
    All = list(Freqs = structure(c(3L, 213L, 5321L, 111L, 2L, 
    48L, 4L, 108L, 2772L, 64L, 0L, 18L, 0L, 0L, 2L, 0L, 0L, 0L, 
    0L, 4L, 267L, 4L, 0L, 0L), .Dim = c(6L, 4L), .Dimnames = structure(list(
        c("-2", "-1", "0", "1", "2", NA), c("C", "G", "T", NA
        )), .Names = c("", "")), class = "table"), N = 8941L), 
    Tag.Distribution = structure(c(`1` = 527L, `2` = 316L, `3` = 238L, 
    `4` = 207L, `5` = 144L, `6` = 111L, `7` = 92L, `8` = 86L, 
    `9` = 60L, `10` = 41L, `11` = 41L, `12` = 37L, `13` = 19L, 
    `14` = 12L, `15` = 19L, `16` = 8L, `17` = 6L, `18` = 9L, 
    `19` = 6L, `20` = 2L, `21` = 4L, `22` = 2L, `27` = 2L), .Dim = 23L, .Dimnames = structure(list(
        c("1", "2", "3", "4", "5", "6", "7", "8", "9", "10", 
        "11", "12", "13", "14", "15", "16", "17", "18", "19", 
        "20", "21", "22", "27")), .Names = ""), class = "table"), 
    No.Tag = structure(c(0L, 5L, 141L, 3L, 0L, 4L, 0L, 3L, 77L, 
    0L, 0L, 0L, 0L, 0L, 0L, 0L, 0L, 0L, 0L, 0L, 16L, 0L, 0L, 
    0L), .Dim = c(6L, 4L), .Dimnames = structure(list(c("-2", 
    "-1", "0", "1", "2", NA), c("C", "G", "T", NA)), .Names = c("", 
    "")), class = "table"), All.Tags = list(Concordant = list(
        Freqs = structure(c(0, 19, 873, 5, 0, 1, 1, 453, 5, 0, 
        0, 0, 1, 0, 0), .Dim = c(5L, 3L), .Dimnames = list(c("-2", 
        "-1", "0", "1", "2"), c("C", "G", "T"))), N = 1358), 
        Majority = list(Freqs = structure(c(0, 20, 1194, 6, 0, 
        1, 2, 618, 6, 0, 0, 0, 1, 0, 0), .Dim = c(5L, 3L), .Dimnames = list(
            c("-2", "-1", "0", "1", "2"), c("C", "G", "T"))), 
            N = 1848)), `2` = structure(c(0, 7, 903, 1, 0, 0, 
    1, 447, 3, 0, 0, 0, 1, 0, 0), .Dim = c(5L, 3L), .Dimnames = list(
        c("-2", "-1", "0", "1", "2"), c("C", "G", "T"))))))
