Results <-
list(`bwaOutput/20210421msiMNRsJenny/229073_S59.sam` = list(DEPDC2_SNP1 = list(
    All = list(Freqs = structure(c(0L, 0L, 1L, 0L, 0L, 0L, 30L, 
    3898L, 14L, 22L, 1L, 24L, 4227L, 16L, 15L, 0L, 0L, 97L, 0L, 
    0L), .Dim = 5:4, .Dimnames = structure(list(c("-2", "-1", 
    "0", "1", NA), c("A", "C", "T", NA)), .Names = c("", "")), class = "table"), 
        N = 8345L), Tag.Distribution = structure(c(`1` = 520L, 
    `2` = 296L, `3` = 233L, `4` = 197L, `5` = 152L, `6` = 110L, 
    `7` = 87L, `8` = 89L, `9` = 52L, `10` = 42L, `11` = 41L, 
    `12` = 23L, `13` = 19L, `14` = 12L, `15` = 7L, `16` = 4L, 
    `17` = 6L, `18` = 6L, `19` = 3L, `21` = 2L, `22` = 3L, `24` = 2L, 
    `27` = 1L, `29` = 1L), .Dim = 24L, .Dimnames = structure(list(
        c("1", "2", "3", "4", "5", "6", "7", "8", "9", "10", 
        "11", "12", "13", "14", "15", "16", "17", "18", "19", 
        "21", "22", "24", "27", "29")), .Names = ""), class = "table"), 
    No.Tag = structure(c(0L, 0L, 1L, 0L, 0L, 0L, 2L, 143L, 2L, 
    5L, 0L, 0L, 166L, 0L, 1L, 0L, 0L, 7L, 0L, 0L), .Dim = 5:4, .Dimnames = structure(list(
        c("-2", "-1", "0", "1", NA), c("A", "C", "T", NA)), .Names = c("", 
    "")), class = "table"), All.Tags = list(Concordant = list(
        Freqs = structure(c(0, 0, 0, 0, 0, 2, 730, 2, 0, 3, 740, 
        0), .Dim = 4:3, .Dimnames = list(c("-2", "-1", "0", "1"
        ), c("A", "C", "T"))), N = 1477), Majority = list(Freqs = structure(c(0, 
    0, 0, 0, 0, 2, 901, 3, 0, 3, 915, 1), .Dim = 4:3, .Dimnames = list(
        c("-2", "-1", "0", "1"), c("A", "C", "T"))), N = 1825)), 
    `2` = structure(c(0, 0, 0, 0, 0, 0, 652, 2, 0, 0, 671, 1), .Dim = 4:3, .Dimnames = list(
        c("-2", "-1", "0", "1"), c("A", "C", "T"))))))
