Results <-
list(`bwaOutput/20210421msiMNRsJenny/229073_S59.sam` = list(GM07_SNP1 = list(
    All = list(Freqs = structure(c(0L, 0L, 1L, 0L, 0L, 0L, 6L, 
    150L, 3026L, 97L, 2L, 49L, 6L, 295L, 5674L, 177L, 5L, 110L, 
    0L, 0L, 0L, 0L, 0L, 1L, 0L, 6L, 167L, 3L, 0L, 0L), .Dim = 6:5, .Dimnames = structure(list(
        c("-2", "-1", "0", "1", "2", NA), c("-", "A", "G", "T", 
        NA)), .Names = c("", "")), class = "table"), N = 9775L), 
    Tag.Distribution = structure(c(`1` = 441L, `2` = 300L, `3` = 222L, 
    `4` = 182L, `5` = 142L, `6` = 119L, `7` = 94L, `8` = 106L, 
    `9` = 61L, `10` = 49L, `11` = 46L, `12` = 40L, `13` = 28L, 
    `14` = 24L, `15` = 16L, `16` = 16L, `17` = 13L, `18` = 3L, 
    `19` = 2L, `20` = 3L, `21` = 3L, `22` = 3L, `23` = 3L, `24` = 1L, 
    `26` = 3L, `27` = 1L, `28` = 2L, `29` = 1L, `31` = 1L, `35` = 1L
    ), .Dim = 30L, .Dimnames = structure(list(c("1", "2", "3", 
    "4", "5", "6", "7", "8", "9", "10", "11", "12", "13", "14", 
    "15", "16", "17", "18", "19", "20", "21", "22", "23", "24", 
    "26", "27", "28", "29", "31", "35")), .Names = ""), class = "table"), 
    No.Tag = structure(c(0L, 0L, 0L, 0L, 0L, 0L, 0L, 3L, 97L, 
    2L, 0L, 5L, 0L, 9L, 180L, 8L, 0L, 16L, 0L, 0L, 0L, 0L, 0L, 
    0L, 0L, 1L, 16L, 1L, 0L, 0L), .Dim = 6:5, .Dimnames = structure(list(
        c("-2", "-1", "0", "1", "2", NA), c("-", "A", "G", "T", 
        NA)), .Names = c("", "")), class = "table"), All.Tags = list(
        Concordant = list(Freqs = structure(c(0, 0, 0, 0, 0, 
        0, 11, 409, 5, 1, 1, 18, 800, 7, 0, 0, 0, 0, 0, 0), .Dim = 5:4, .Dimnames = list(
            c("-2", "-1", "0", "1", "2"), c("-", "A", "G", "T"
            ))), N = 1252), Majority = list(Freqs = structure(c(0, 
        0, 0, 0, 0, 0, 14, 617, 8, 1, 1, 22, 1144, 8, 0, 0, 0, 
        0, 0, 0), .Dim = 5:4, .Dimnames = list(c("-2", "-1", 
        "0", "1", "2"), c("-", "A", "G", "T"))), N = 1815)), 
    `2` = structure(c(0, 0, 0, 0, 0, 0, 5, 478, 4, 0, 0, 11, 
    902, 3, 0, 0, 0, 0, 0, 0), .Dim = 5:4, .Dimnames = list(c("-2", 
    "-1", "0", "1", "2"), c("-", "A", "G", "T"))))))
