Results <-
list(`bwaOutput/20210421msiMNRsJenny/229073_S59.sam` = list(GM14_SNP1 = list(
    All = list(Freqs = structure(c(7L, 138L, 4474L, 54L, 1L, 
    12L, 0L, 1L, 5L, 0L, 0L, 0L, 0L, 0L, 62L, 0L, 0L, 0L), .Dim = c(6L, 
    3L), .Dimnames = structure(list(c("-2", "-1", "0", "1", "2", 
    NA), c("C", "T", NA)), .Names = c("", "")), class = "table"), 
        N = 4754L), Tag.Distribution = structure(c(`1` = 364L, 
    `2` = 169L, `3` = 141L, `4` = 112L, `5` = 97L, `6` = 65L, 
    `7` = 55L, `8` = 48L, `9` = 30L, `10` = 27L, `11` = 16L, 
    `12` = 18L, `13` = 6L, `14` = 5L, `15` = 7L, `16` = 3L, `17` = 2L, 
    `18` = 2L, `19` = 1L, `21` = 2L, `23` = 2L), .Dim = 21L, .Dimnames = structure(list(
        c("1", "2", "3", "4", "5", "6", "7", "8", "9", "10", 
        "11", "12", "13", "14", "15", "16", "17", "18", "19", 
        "21", "23")), .Names = ""), class = "table"), No.Tag = structure(c(0L, 
    4L, 117L, 1L, 0L, 0L, 0L, 0L, 0L, 0L, 0L, 0L, 0L, 0L, 5L, 
    0L, 0L, 0L), .Dim = c(6L, 3L), .Dimnames = structure(list(
        c("-2", "-1", "0", "1", "2", NA), c("C", "T", NA)), .Names = c("", 
    "")), class = "table"), All.Tags = list(Concordant = list(
        Freqs = structure(c(0, 13, 992, 7, 0, 0, 1, 4, 0, 0), .Dim = c(5L, 
        2L), .Dimnames = list(c("-2", "-1", "0", "1", "2"), c("C", 
        "T"))), N = 1017), Majority = list(Freqs = structure(c(0, 
    13, 1118, 7, 0, 0, 1, 4, 0, 0), .Dim = c(5L, 2L), .Dimnames = list(
        c("-2", "-1", "0", "1", "2"), c("C", "T"))), N = 1143)), 
    `2` = structure(c(0, 2, 789, 0, 0, 0, 0, 0, 0, 0), .Dim = c(5L, 
    2L), .Dimnames = list(c("-2", "-1", "0", "1", "2"), c("C", 
    "T"))))))
