Results <-
list(`bwaOutput/20210421msiMNRsJenny/229291_S58.sam` = list(GM29_SNP1 = list(
    All = list(Freqs = structure(c(0L, 0L, 0L, 1L, 0L, 0L, 1L, 
    3L, 189L, 12923L, 21L, 21L, 0L, 0L, 0L, 9L, 0L, 0L, 0L, 0L, 
    0L, 1L, 0L, 0L, 0L, 0L, 1L, 166L, 0L, 0L), .Dim = 6:5, .Dimnames = structure(list(
        c("-3", "-2", "-1", "0", "1", NA), c("-", "A", "G", "T", 
        NA)), .Names = c("", "")), class = "table"), N = 13336L), 
    Tag.Distribution = structure(c(`1` = 252L, `2` = 169L, `3` = 145L, 
    `4` = 132L, `5` = 97L, `6` = 66L, `7` = 84L, `8` = 65L, `9` = 65L, 
    `10` = 47L, `11` = 30L, `12` = 34L, `13` = 48L, `14` = 28L, 
    `15` = 19L, `16` = 21L, `17` = 20L, `18` = 17L, `19` = 13L, 
    `20` = 15L, `21` = 10L, `22` = 8L, `23` = 11L, `24` = 9L, 
    `25` = 10L, `26` = 4L, `27` = 10L, `28` = 8L, `29` = 4L, 
    `30` = 7L, `31` = 6L, `32` = 2L, `33` = 5L, `34` = 2L, `35` = 7L, 
    `36` = 1L, `37` = 4L, `38` = 1L, `39` = 4L, `40` = 1L, `41` = 1L, 
    `42` = 1L, `43` = 3L, `44` = 1L, `45` = 2L, `46` = 1L, `47` = 3L, 
    `49` = 3L, `51` = 1L, `52` = 2L, `53` = 1L, `57` = 1L, `59` = 1L, 
    `65` = 2L, `66` = 2L, `73` = 1L, `74` = 1L, `75` = 1L), .Dim = 58L, .Dimnames = structure(list(
        c("1", "2", "3", "4", "5", "6", "7", "8", "9", "10", 
        "11", "12", "13", "14", "15", "16", "17", "18", "19", 
        "20", "21", "22", "23", "24", "25", "26", "27", "28", 
        "29", "30", "31", "32", "33", "34", "35", "36", "37", 
        "38", "39", "40", "41", "42", "43", "44", "45", "46", 
        "47", "49", "51", "52", "53", "57", "59", "65", "66", 
        "73", "74", "75")), .Names = ""), class = "table"), No.Tag = structure(c(0L, 
    0L, 0L, 0L, 0L, 0L, 0L, 0L, 6L, 487L, 0L, 3L, 0L, 0L, 0L, 
    0L, 0L, 0L, 0L, 0L, 0L, 0L, 0L, 0L, 0L, 0L, 0L, 12L, 0L, 
    0L), .Dim = 6:5, .Dimnames = structure(list(c("-3", "-2", 
    "-1", "0", "1", NA), c("-", "A", "G", "T", NA)), .Names = c("", 
    "")), class = "table"), All.Tags = list(Concordant = list(
        Freqs = structure(c(0, 0, 0, 0, 0, 0, 0, 8, 1329, 2, 
        0, 0, 0, 2, 0, 0, 0, 0, 0, 0), .Dim = 5:4, .Dimnames = list(
            c("-3", "-2", "-1", "0", "1"), c("-", "A", "G", "T"
            ))), N = 1341), Majority = list(Freqs = structure(c(0, 
    0, 0, 0, 0, 0, 0, 9, 1479, 2, 0, 0, 0, 2, 0, 0, 0, 0, 0, 
    0), .Dim = 5:4, .Dimnames = list(c("-3", "-2", "-1", "0", 
    "1"), c("-", "A", "G", "T"))), N = 1492)), `2` = structure(c(0, 
    0, 0, 0, 0, 0, 0, 2, 1248, 0, 0, 0, 0, 0, 0, 0, 0, 0, 0, 
    0), .Dim = 5:4, .Dimnames = list(c("-3", "-2", "-1", "0", 
    "1"), c("-", "A", "G", "T"))))))
