Results <-
list(`bwaOutput/20210421msiMNRsJenny/229291_S58.sam` = list(GM07_SNP1 = list(
    All = list(Freqs = structure(c(0L, 1L, 2L, 0L, 0L, 0L, 8L, 
    281L, 4496L, 132L, 2L, 77L, 3L, 199L, 4186L, 131L, 3L, 93L, 
    0L, 3L, 162L, 3L, 0L, 0L), .Dim = c(6L, 4L), .Dimnames = structure(list(
        c("-2", "-1", "0", "1", "2", NA), c("-", "A", "G", NA
        )), .Names = c("", "")), class = "table"), N = 9782L), 
    Tag.Distribution = structure(c(`1` = 386L, `2` = 205L, `3` = 137L, 
    `4` = 126L, `5` = 118L, `6` = 89L, `7` = 92L, `8` = 62L, 
    `9` = 58L, `10` = 55L, `11` = 29L, `12` = 31L, `13` = 40L, 
    `14` = 23L, `15` = 22L, `16` = 15L, `17` = 27L, `18` = 19L, 
    `19` = 9L, `20` = 10L, `21` = 9L, `22` = 5L, `23` = 7L, `24` = 5L, 
    `25` = 4L, `26` = 4L, `27` = 2L, `28` = 2L, `29` = 1L, `31` = 1L, 
    `32` = 1L, `33` = 4L, `36` = 1L), .Dim = 33L, .Dimnames = structure(list(
        c("1", "2", "3", "4", "5", "6", "7", "8", "9", "10", 
        "11", "12", "13", "14", "15", "16", "17", "18", "19", 
        "20", "21", "22", "23", "24", "25", "26", "27", "28", 
        "29", "31", "32", "33", "36")), .Names = ""), class = "table"), 
    No.Tag = structure(c(0L, 0L, 0L, 0L, 0L, 0L, 1L, 3L, 147L, 
    6L, 0L, 7L, 0L, 0L, 120L, 1L, 0L, 13L, 0L, 0L, 8L, 0L, 0L, 
    0L), .Dim = c(6L, 4L), .Dimnames = structure(list(c("-2", 
    "-1", "0", "1", "2", NA), c("-", "A", "G", NA)), .Names = c("", 
    "")), class = "table"), All.Tags = list(Concordant = list(
        Freqs = structure(c(0, 0, 0, 0, 0, 3, 15, 508, 5, 0, 
        1, 11, 469, 5, 0), .Dim = c(5L, 3L), .Dimnames = list(
            c("-2", "-1", "0", "1", "2"), c("-", "A", "G"))), 
        N = 1017), Majority = list(Freqs = structure(c(0, 0, 
    0, 0, 0, 3, 17, 766, 6, 0, 1, 13, 708, 5, 0), .Dim = c(5L, 
    3L), .Dimnames = list(c("-2", "-1", "0", "1", "2"), c("-", 
    "A", "G"))), N = 1519)), `2` = structure(c(0, 0, 0, 0, 0, 
    1, 5, 583, 3, 0, 0, 4, 558, 0, 0), .Dim = c(5L, 3L), .Dimnames = list(
        c("-2", "-1", "0", "1", "2"), c("-", "A", "G"))))))
