Results <-
list(`bwaOutput/20210421msiMNRsJenny/229291_S58.sam` = list(LR44_SNP1 = list(
    All = list(Freqs = structure(c(8L, 101L, 1471L, 22L, 9L, 
    0L, 0L, 7L, 1L, 0L, 0L, 1L, 18L, 0L, 0L, 0L, 4L, 40L, 1L, 
    0L), .Dim = 5:4, .Dimnames = structure(list(c("-2", "-1", 
    "0", "1", NA), c("C", "G", "T", NA)), .Names = c("", "")), class = "table"), 
        N = 1683L), Tag.Distribution = structure(c(`1` = 109L, 
    `2` = 56L, `3` = 32L, `4` = 24L, `5` = 24L, `6` = 20L, `7` = 16L, 
    `8` = 12L, `9` = 9L, `10` = 12L, `11` = 7L, `12` = 5L, `13` = 5L, 
    `14` = 4L, `15` = 4L, `16` = 3L, `17` = 3L, `18` = 1L, `19` = 1L, 
    `20` = 3L, `23` = 1L, `24` = 1L, `25` = 1L), .Dim = 23L, .Dimnames = structure(list(
        c("1", "2", "3", "4", "5", "6", "7", "8", "9", "10", 
        "11", "12", "13", "14", "15", "16", "17", "18", "19", 
        "20", "23", "24", "25")), .Names = ""), class = "table"), 
    No.Tag = structure(c(0L, 2L, 23L, 1L, 0L, 0L, 0L, 0L, 0L, 
    0L, 0L, 0L, 1L, 0L, 0L, 0L, 0L, 8L, 0L, 0L), .Dim = 5:4, .Dimnames = structure(list(
        c("-2", "-1", "0", "1", NA), c("C", "G", "T", NA)), .Names = c("", 
    "")), class = "table"), All.Tags = list(Concordant = list(
        Freqs = structure(c(4, 11, 251, 2, 0, 0, 0, 0, 0, 0, 
        6, 0), .Dim = 4:3, .Dimnames = list(c("-2", "-1", "0", 
        "1"), c("C", "G", "T"))), N = 274), Majority = list(Freqs = structure(c(4, 
    13, 313, 2, 0, 0, 1, 0, 0, 0, 7, 0), .Dim = 4:3, .Dimnames = list(
        c("-2", "-1", "0", "1"), c("C", "G", "T"))), N = 340)), 
    `2` = structure(c(0, 3, 228, 0, 0, 0, 1, 0, 0, 0, 1, 0), .Dim = 4:3, .Dimnames = list(
        c("-2", "-1", "0", "1"), c("C", "G", "T"))))))
