Results <-
list(`bwaOutput/20210421msiMNRsJenny/229291_S58.sam` = list(GM17_SNP1 = list(
    All = list(Freqs = structure(c(0L, 0L, 2L, 0L, 0L, 2L, 114L, 
    10186L, 43L, 9L, 0L, 1L, 48L, 0L, 0L, 0L, 0L, 359L, 2L, 0L
    ), .Dim = 5:4, .Dimnames = structure(list(c("-2", "-1", "0", 
    "1", NA), c("A", "C", "T", NA)), .Names = c("", "")), class = "table"), 
        N = 10766L), Tag.Distribution = structure(c(`1` = 347L, 
    `2` = 182L, `3` = 170L, `4` = 136L, `5` = 117L, `6` = 102L, 
    `7` = 78L, `8` = 83L, `9` = 59L, `10` = 63L, `11` = 39L, 
    `12` = 39L, `13` = 26L, `14` = 31L, `15` = 23L, `16` = 21L, 
    `17` = 17L, `18` = 19L, `19` = 20L, `20` = 14L, `21` = 14L, 
    `22` = 5L, `23` = 8L, `24` = 7L, `25` = 2L, `26` = 4L, `27` = 2L, 
    `28` = 3L, `29` = 1L, `31` = 4L, `32` = 1L, `33` = 1L, `34` = 1L, 
    `35` = 1L, `36` = 1L, `37` = 1L, `39` = 1L, `63` = 1L), .Dim = 38L, .Dimnames = structure(list(
        c("1", "2", "3", "4", "5", "6", "7", "8", "9", "10", 
        "11", "12", "13", "14", "15", "16", "17", "18", "19", 
        "20", "21", "22", "23", "24", "25", "26", "27", "28", 
        "29", "31", "32", "33", "34", "35", "36", "37", "39", 
        "63")), .Names = ""), class = "table"), No.Tag = structure(c(0L, 
    0L, 0L, 0L, 0L, 0L, 6L, 260L, 1L, 0L, 0L, 0L, 1L, 0L, 0L, 
    0L, 0L, 14L, 0L, 0L), .Dim = 5:4, .Dimnames = structure(list(
        c("-2", "-1", "0", "1", NA), c("A", "C", "T", NA)), .Names = c("", 
    "")), class = "table"), All.Tags = list(Concordant = list(
        Freqs = structure(c(0, 0, 0, 0, 0, 2, 1434, 2, 0, 1, 
        25, 0), .Dim = 4:3, .Dimnames = list(c("-2", "-1", "0", 
        "1"), c("A", "C", "T"))), N = 1464), Majority = list(
        Freqs = structure(c(0, 0, 0, 0, 0, 3, 1579, 2, 0, 1, 
        25, 0), .Dim = 4:3, .Dimnames = list(c("-2", "-1", "0", 
        "1"), c("A", "C", "T"))), N = 1610)), `2` = structure(c(0, 
    0, 0, 0, 0, 2, 1287, 1, 0, 0, 0, 0), .Dim = 4:3, .Dimnames = list(
        c("-2", "-1", "0", "1"), c("A", "C", "T"))))))
