Results <-
list(`bwaOutput/20210421msiMNRsJenny/229291_S58.sam` = list(DEPDC2_SNP1 = list(
    All = list(Freqs = structure(c(0L, 5L, 0L, 0L, 48L, 5917L, 
    31L, 21L, 72L, 10901L, 51L, 50L, 1L, 210L, 0L, 0L), .Dim = c(4L, 
    4L), .Dimnames = structure(list(c("-1", "0", "1", NA), c("A", 
    "C", "T", NA)), .Names = c("", "")), class = "table"), N = 17307L), 
    Tag.Distribution = structure(c(`1` = 498L, `2` = 310L, `3` = 248L, 
    `4` = 175L, `5` = 192L, `6` = 184L, `7` = 129L, `8` = 103L, 
    `9` = 105L, `10` = 89L, `11` = 85L, `12` = 64L, `13` = 72L, 
    `14` = 55L, `15` = 31L, `16` = 35L, `17` = 35L, `18` = 30L, 
    `19` = 24L, `20` = 8L, `21` = 10L, `22` = 19L, `23` = 9L, 
    `24` = 12L, `25` = 5L, `26` = 9L, `27` = 3L, `28` = 4L, `29` = 1L, 
    `30` = 4L, `31` = 4L, `33` = 2L, `34` = 1L, `35` = 2L, `37` = 2L, 
    `38` = 1L, `41` = 1L, `46` = 1L), .Dim = 38L, .Dimnames = structure(list(
        c("1", "2", "3", "4", "5", "6", "7", "8", "9", "10", 
        "11", "12", "13", "14", "15", "16", "17", "18", "19", 
        "20", "21", "22", "23", "24", "25", "26", "27", "28", 
        "29", "30", "31", "33", "34", "35", "37", "38", "41", 
        "46")), .Names = ""), class = "table"), No.Tag = structure(c(0L, 
    1L, 0L, 0L, 4L, 248L, 1L, 0L, 3L, 325L, 4L, 10L, 0L, 21L, 
    0L, 0L), .Dim = c(4L, 4L), .Dimnames = structure(list(c("-1", 
    "0", "1", NA), c("A", "C", "T", NA)), .Names = c("", "")), class = "table"), 
    All.Tags = list(Concordant = list(Freqs = structure(c(0, 
    0, 0, 0, 563, 0, 2, 1109, 1), .Dim = c(3L, 3L), .Dimnames = list(
        c("-1", "0", "1"), c("A", "C", "T"))), N = 1675), Majority = list(
        Freqs = structure(c(0, 0, 0, 1, 857, 1, 2, 1587, 1), .Dim = c(3L, 
        3L), .Dimnames = list(c("-1", "0", "1"), c("A", "C", 
        "T"))), N = 2449)), `2` = structure(c(0, 0, 0, 1, 680, 
    1, 0, 1292, 0), .Dim = c(3L, 3L), .Dimnames = list(c("-1", 
    "0", "1"), c("A", "C", "T"))))))
