Results <-
list(`bwaOutput/20210421msiMNRsJenny/229291_S58.sam` = list(GM09_SNP1 = list(
    All = list(Freqs = structure(c(0L, 2L, 0L, 0L, 0L, 34L, 6558L, 
    13L, 0L, 3L, 15L, 3102L, 4L, 1L, 0L, 0L, 1L, 0L, 0L, 0L, 
    0L, 55L, 0L, 0L, 0L), .Dim = c(5L, 5L), .Dimnames = structure(list(
        c("-1", "0", "1", "2", NA), c("-", "A", "G", "T", NA)), .Names = c("", 
    "")), class = "table"), N = 9788L), Tag.Distribution = structure(c(`1` = 365L, 
    `2` = 194L, `3` = 152L, `4` = 117L, `5` = 91L, `6` = 85L, 
    `7` = 52L, `8` = 50L, `9` = 56L, `10` = 43L, `11` = 40L, 
    `12` = 37L, `13` = 32L, `14` = 22L, `15` = 19L, `16` = 23L, 
    `17` = 19L, `18` = 13L, `19` = 12L, `20` = 11L, `21` = 6L, 
    `22` = 8L, `23` = 8L, `24` = 3L, `25` = 4L, `26` = 4L, `27` = 3L, 
    `28` = 3L, `29` = 3L, `30` = 3L, `31` = 3L, `33` = 1L, `34` = 3L, 
    `36` = 1L, `38` = 2L, `39` = 2L, `40` = 2L, `41` = 1L, `43` = 1L, 
    `45` = 1L, `52` = 1L, `85` = 1L), .Dim = 42L, .Dimnames = structure(list(
        c("1", "2", "3", "4", "5", "6", "7", "8", "9", "10", 
        "11", "12", "13", "14", "15", "16", "17", "18", "19", 
        "20", "21", "22", "23", "24", "25", "26", "27", "28", 
        "29", "30", "31", "33", "34", "36", "38", "39", "40", 
        "41", "43", "45", "52", "85")), .Names = ""), class = "table"), 
    No.Tag = structure(c(0L, 0L, 0L, 0L, 0L, 2L, 223L, 2L, 0L, 
    0L, 0L, 81L, 0L, 0L, 0L, 0L, 0L, 0L, 0L, 0L, 0L, 6L, 0L, 
    0L, 0L), .Dim = c(5L, 5L), .Dimnames = structure(list(c("-1", 
    "0", "1", "2", NA), c("-", "A", "G", "T", NA)), .Names = c("", 
    "")), class = "table"), All.Tags = list(Concordant = list(
        Freqs = structure(c(0, 0, 0, 0, 0, 786, 1, 0, 1, 372, 
        0, 0, 0, 0, 0, 0), .Dim = c(4L, 4L), .Dimnames = list(
            c("-1", "0", "1", "2"), c("-", "A", "G", "T"))), 
        N = 1160), Majority = list(Freqs = structure(c(0, 0, 
    0, 0, 0, 978, 1, 0, 1, 480, 0, 0, 0, 0, 0, 0), .Dim = c(4L, 
    4L), .Dimnames = list(c("-1", "0", "1", "2"), c("-", "A", 
    "G", "T"))), N = 1460)), `2` = structure(c(0, 0, 0, 0, 0, 
    757, 0, 0, 0, 346, 0, 0, 0, 0, 0, 0), .Dim = c(4L, 4L), .Dimnames = list(
        c("-1", "0", "1", "2"), c("-", "A", "G", "T"))))))
