Results <-
list(`bwaOutput/20210421msiMNRsJenny/229291_S58.sam` = list(GM22_SNP1 = list(
    All = list(Freqs = structure(c(0L, 81L, 5391L, 23L, 2L, 2L, 
    61L, 4227L, 14L, 10L, 0L, 0L, 1L, 0L, 0L, 0L, 5L, 196L, 1L, 
    0L), .Dim = 5:4, .Dimnames = structure(list(c("-2", "-1", 
    "0", "1", NA), c("A", "G", "T", NA)), .Names = c("", "")), class = "table"), 
        N = 10014L), Tag.Distribution = structure(c(`1` = 362L, 
    `2` = 207L, `3` = 160L, `4` = 122L, `5` = 83L, `6` = 88L, 
    `7` = 81L, `8` = 68L, `9` = 46L, `10` = 51L, `11` = 46L, 
    `12` = 33L, `13` = 51L, `14` = 25L, `15` = 26L, `16` = 23L, 
    `17` = 17L, `18` = 14L, `19` = 16L, `20` = 9L, `21` = 10L, 
    `22` = 8L, `23` = 8L, `24` = 3L, `25` = 4L, `26` = 3L, `27` = 2L, 
    `28` = 2L, `30` = 3L, `31` = 1L, `32` = 1L, `33` = 1L, `34` = 1L, 
    `35` = 1L, `42` = 1L, `45` = 1L), .Dim = 36L, .Dimnames = structure(list(
        c("1", "2", "3", "4", "5", "6", "7", "8", "9", "10", 
        "11", "12", "13", "14", "15", "16", "17", "18", "19", 
        "20", "21", "22", "23", "24", "25", "26", "27", "28", 
        "30", "31", "32", "33", "34", "35", "42", "45")), .Names = ""), class = "table"), 
    No.Tag = structure(c(0L, 3L, 183L, 0L, 0L, 0L, 1L, 117L, 
    0L, 0L, 0L, 0L, 0L, 0L, 0L, 0L, 0L, 18L, 0L, 0L), .Dim = 5:4, .Dimnames = structure(list(
        c("-2", "-1", "0", "1", NA), c("A", "G", "T", NA)), .Names = c("", 
    "")), class = "table"), All.Tags = list(Concordant = list(
        Freqs = structure(c(0, 4, 686, 3, 0, 1, 536, 0, 0, 0, 
        0, 0), .Dim = 4:3, .Dimnames = list(c("-2", "-1", "0", 
        "1"), c("A", "G", "T"))), N = 1230), Majority = list(
        Freqs = structure(c(0, 4, 838, 3, 0, 2, 668, 0, 0, 0, 
        0, 0), .Dim = 4:3, .Dimnames = list(c("-2", "-1", "0", 
        "1"), c("A", "G", "T"))), N = 1515)), `2` = structure(c(0, 
    1, 647, 0, 0, 1, 529, 0, 0, 0, 0, 0), .Dim = 4:3, .Dimnames = list(
        c("-2", "-1", "0", "1"), c("A", "G", "T"))))))
