Results <-
list(`bwaOutput/20210421msiMNRsJenny/229291_S58.sam` = list(LR49_SNP1 = list(
    All = list(Freqs = structure(c(0L, 0L, 46L, 0L, 0L, 1L, 22L, 
    11019L, 1L, 15L, 0L, 1L, 70L, 0L, 0L), .Dim = c(5L, 3L), .Dimnames = structure(list(
        c("-2", "-1", "0", "1", NA), c("A", "G", NA)), .Names = c("", 
    "")), class = "table"), N = 11175L), Tag.Distribution = structure(c(`1` = 406L, 
    `2` = 250L, `3` = 177L, `4` = 149L, `5` = 121L, `6` = 102L, 
    `7` = 102L, `8` = 79L, `9` = 84L, `10` = 46L, `11` = 41L, 
    `12` = 39L, `13` = 24L, `14` = 28L, `15` = 23L, `16` = 24L, 
    `17` = 28L, `18` = 16L, `19` = 10L, `20` = 17L, `21` = 7L, 
    `22` = 9L, `23` = 3L, `24` = 4L, `25` = 8L, `26` = 3L, `28` = 1L, 
    `29` = 3L, `31` = 4L, `32` = 3L, `34` = 3L, `35` = 1L, `39` = 1L, 
    `46` = 1L), .Dim = 34L, .Dimnames = structure(list(c("1", 
    "2", "3", "4", "5", "6", "7", "8", "9", "10", "11", "12", 
    "13", "14", "15", "16", "17", "18", "19", "20", "21", "22", 
    "23", "24", "25", "26", "28", "29", "31", "32", "34", "35", 
    "39", "46")), .Names = ""), class = "table"), No.Tag = structure(c(0L, 
    0L, 6L, 0L, 0L, 0L, 0L, 349L, 0L, 3L, 0L, 0L, 14L, 0L, 0L
    ), .Dim = c(5L, 3L), .Dimnames = structure(list(c("-2", "-1", 
    "0", "1", NA), c("A", "G", NA)), .Names = c("", "")), class = "table"), 
    All.Tags = list(Concordant = list(Freqs = structure(c(0, 
    0, 6, 0, 0, 3, 1763, 0), .Dim = c(4L, 2L), .Dimnames = list(
        c("-2", "-1", "0", "1"), c("A", "G"))), N = 1772), Majority = list(
        Freqs = structure(c(0, 0, 7, 0, 0, 3, 1799, 0), .Dim = c(4L, 
        2L), .Dimnames = list(c("-2", "-1", "0", "1"), c("A", 
        "G"))), N = 1809)), `2` = structure(c(0, 0, 2, 0, 0, 
    1, 1405, 0), .Dim = c(4L, 2L), .Dimnames = list(c("-2", "-1", 
    "0", "1"), c("A", "G"))))))
