Results <-
list(`bwaOutput/20210421msiMNRsJenny/229291_S58.sam` = list(IM49_SNP1 = list(
    All = list(Freqs = structure(c(0L, 0L, 1L, 0L, 0L, 0L, 0L, 
    0L, 1L, 0L, 0L, 0L, 4L, 189L, 4515L, 111L, 1L, 35L, 3L, 206L, 
    5458L, 153L, 2L, 30L, 0L, 0L, 2L, 0L, 0L, 0L, 0L, 9L, 359L, 
    6L, 0L, 0L), .Dim = c(6L, 6L), .Dimnames = structure(list(
        c("-2", "-1", "0", "1", "2", NA), c("-", "A", "C", "G", 
        "T", NA)), .Names = c("", "")), class = "table"), N = 11085L), 
    Tag.Distribution = structure(c(`1` = 475L, `2` = 248L, `3` = 204L, 
    `4` = 157L, `5` = 154L, `6` = 110L, `7` = 89L, `8` = 80L, 
    `9` = 65L, `10` = 44L, `11` = 48L, `12` = 51L, `13` = 41L, 
    `14` = 30L, `15` = 39L, `16` = 25L, `17` = 13L, `18` = 15L, 
    `19` = 10L, `20` = 12L, `21` = 8L, `22` = 4L, `23` = 4L, 
    `24` = 4L, `25` = 3L, `26` = 3L, `27` = 2L, `28` = 3L, `30` = 1L, 
    `32` = 1L, `33` = 1L, `34` = 1L), .Dim = 32L, .Dimnames = structure(list(
        c("1", "2", "3", "4", "5", "6", "7", "8", "9", "10", 
        "11", "12", "13", "14", "15", "16", "17", "18", "19", 
        "20", "21", "22", "23", "24", "25", "26", "27", "28", 
        "30", "32", "33", "34")), .Names = ""), class = "table"), 
    No.Tag = structure(c(0L, 0L, 0L, 0L, 0L, 0L, 0L, 0L, 0L, 
    0L, 0L, 0L, 0L, 3L, 117L, 2L, 0L, 0L, 0L, 7L, 146L, 4L, 0L, 
    2L, 0L, 0L, 0L, 0L, 0L, 0L, 0L, 0L, 12L, 0L, 0L, 0L), .Dim = c(6L, 
    6L), .Dimnames = structure(list(c("-2", "-1", "0", "1", "2", 
    NA), c("-", "A", "C", "G", "T", NA)), .Names = c("", "")), class = "table"), 
    All.Tags = list(Concordant = list(Freqs = structure(c(0, 
    0, 0, 0, 0, 0, 0, 0, 0, 0, 1, 8, 495, 4, 0, 0, 10, 732, 5, 
    0, 0, 0, 1, 0, 0), .Dim = c(5L, 5L), .Dimnames = list(c("-2", 
    "-1", "0", "1", "2"), c("-", "A", "C", "G", "T"))), N = 1256), 
        Majority = list(Freqs = structure(c(0, 0, 0, 0, 0, 0, 
        0, 0, 0, 0, 1, 13, 766, 5, 0, 0, 13, 1022, 6, 0, 0, 0, 
        1, 0, 0), .Dim = c(5L, 5L), .Dimnames = list(c("-2", 
        "-1", "0", "1", "2"), c("-", "A", "C", "G", "T"))), N = 1827)), 
    `2` = structure(c(0, 0, 0, 0, 0, 0, 0, 0, 0, 0, 0, 9, 604, 
    1, 0, 0, 5, 777, 3, 0, 0, 0, 0, 0, 0), .Dim = c(5L, 5L), .Dimnames = list(
        c("-2", "-1", "0", "1", "2"), c("-", "A", "C", "G", "T"
        ))))))
