Results <-
list(`bwaOutput/20210421msiMNRsJenny/229291_S58.sam` = list(GM14_SNP1 = list(
    All = list(Freqs = structure(c(10L, 201L, 6188L, 67L, 2L, 
    23L, 0L, 1L, 19L, 0L, 0L, 0L, 0L, 0L, 69L, 0L, 0L, 0L), .Dim = c(6L, 
    3L), .Dimnames = structure(list(c("-2", "-1", "0", "1", "2", 
    NA), c("C", "T", NA)), .Names = c("", "")), class = "table"), 
        N = 6580L), Tag.Distribution = structure(c(`1` = 315L, 
    `2` = 186L, `3` = 128L, `4` = 105L, `5` = 97L, `6` = 57L, 
    `7` = 58L, `8` = 55L, `9` = 49L, `10` = 40L, `11` = 26L, 
    `12` = 35L, `13` = 22L, `14` = 13L, `15` = 15L, `16` = 12L, 
    `17` = 9L, `18` = 5L, `19` = 6L, `20` = 5L, `21` = 1L, `22` = 4L, 
    `23` = 1L, `24` = 1L, `25` = 2L, `27` = 1L, `28` = 2L, `31` = 1L, 
    `35` = 1L), .Dim = 29L, .Dimnames = structure(list(c("1", 
    "2", "3", "4", "5", "6", "7", "8", "9", "10", "11", "12", 
    "13", "14", "15", "16", "17", "18", "19", "20", "21", "22", 
    "23", "24", "25", "27", "28", "31", "35")), .Names = ""), class = "table"), 
    No.Tag = structure(c(1L, 5L, 158L, 2L, 0L, 0L, 0L, 0L, 0L, 
    0L, 0L, 0L, 0L, 0L, 6L, 0L, 0L, 0L), .Dim = c(6L, 3L), .Dimnames = structure(list(
        c("-2", "-1", "0", "1", "2", NA), c("C", "T", NA)), .Names = c("", 
    "")), class = "table"), All.Tags = list(Concordant = list(
        Freqs = structure(c(2, 9, 1009, 9, 0, 0, 1, 10, 0, 0), .Dim = c(5L, 
        2L), .Dimnames = list(c("-2", "-1", "0", "1", "2"), c("C", 
        "T"))), N = 1040), Majority = list(Freqs = structure(c(2, 
    9, 1185, 10, 0, 0, 1, 10, 0, 0), .Dim = c(5L, 2L), .Dimnames = list(
        c("-2", "-1", "0", "1", "2"), c("C", "T"))), N = 1217)), 
    `2` = structure(c(0, 2, 908, 1, 0, 0, 0, 0, 0, 0), .Dim = c(5L, 
    2L), .Dimnames = list(c("-2", "-1", "0", "1", "2"), c("C", 
    "T"))))))
