Results <-
list(`bwaOutput/20210421msiMNRsJenny/229291_S58.sam` = list(LR10_SNP1 = list(
    All = list(Freqs = structure(c(0L, 1L, 0L, 0L, 0L, 0L, 0L, 
    17L, 0L, 0L, 2L, 152L, 9153L, 28L, 11L, 0L, 1L, 134L, 5L, 
    0L), .Dim = 5:4, .Dimnames = structure(list(c("-2", "-1", 
    "0", "1", NA), c("A", "C", "T", NA)), .Names = c("", "")), class = "table"), 
        N = 9504L), Tag.Distribution = structure(c(`1` = 405L, 
    `2` = 222L, `3` = 166L, `4` = 133L, `5` = 99L, `6` = 102L, 
    `7` = 77L, `8` = 69L, `9` = 49L, `10` = 51L, `11` = 41L, 
    `12` = 39L, `13` = 27L, `14` = 27L, `15` = 30L, `16` = 14L, 
    `17` = 19L, `18` = 16L, `19` = 7L, `20` = 10L, `21` = 5L, 
    `22` = 7L, `23` = 4L, `24` = 5L, `25` = 5L, `27` = 1L, `28` = 1L, 
    `30` = 1L, `31` = 1L, `32` = 2L, `36` = 1L, `41` = 1L, `52` = 1L
    ), .Dim = 33L, .Dimnames = structure(list(c("1", "2", "3", 
    "4", "5", "6", "7", "8", "9", "10", "11", "12", "13", "14", 
    "15", "16", "17", "18", "19", "20", "21", "22", "23", "24", 
    "25", "27", "28", "30", "31", "32", "36", "41", "52")), .Names = ""), class = "table"), 
    No.Tag = structure(c(0L, 0L, 0L, 0L, 0L, 0L, 0L, 1L, 0L, 
    0L, 1L, 3L, 286L, 2L, 0L, 0L, 0L, 11L, 1L, 0L), .Dim = 5:4, .Dimnames = structure(list(
        c("-2", "-1", "0", "1", NA), c("A", "C", "T", NA)), .Names = c("", 
    "")), class = "table"), All.Tags = list(Concordant = list(
        Freqs = structure(c(0, 0, 0, 0, 0, 0, 9, 0, 1, 9, 1455, 
        2), .Dim = 4:3, .Dimnames = list(c("-2", "-1", "0", "1"
        ), c("A", "C", "T"))), N = 1476), Majority = list(Freqs = structure(c(0, 
    0, 0, 0, 0, 0, 9, 0, 1, 11, 1585, 2), .Dim = 4:3, .Dimnames = list(
        c("-2", "-1", "0", "1"), c("A", "C", "T"))), N = 1608)), 
    `2` = structure(c(0, 0, 0, 0, 0, 0, 0, 0, 0, 3, 1216, 0), .Dim = 4:3, .Dimnames = list(
        c("-2", "-1", "0", "1"), c("A", "C", "T"))))))
