Results <-
list(`bwaOutput/20210421msiMNRsJenny/229291_S58.sam` = list(LR17_SNP1 = list(
    All = list(Freqs = structure(c(25L, 384L, 8543L, 104L, 3L, 
    66L, 0L, 0L, 6L, 0L, 0L, 0L, 0L, 0L, 1L, 0L, 0L, 0L, 0L, 
    9L, 590L, 4L, 0L, 0L), .Dim = c(6L, 4L), .Dimnames = structure(list(
        c("-2", "-1", "0", "1", "2", NA), c("A", "G", "T", NA
        )), .Names = c("", "")), class = "table"), N = 9735L), 
    Tag.Distribution = structure(c(`1` = 393L, `2` = 179L, `3` = 129L, 
    `4` = 130L, `5` = 114L, `6` = 88L, `7` = 84L, `8` = 59L, 
    `9` = 53L, `10` = 50L, `11` = 38L, `12` = 37L, `13` = 49L, 
    `14` = 24L, `15` = 17L, `16` = 25L, `17` = 22L, `18` = 15L, 
    `19` = 12L, `20` = 11L, `21` = 5L, `22` = 10L, `23` = 6L, 
    `24` = 5L, `25` = 7L, `27` = 1L, `28` = 2L, `29` = 2L, `30` = 2L, 
    `31` = 1L, `33` = 1L, `36` = 1L), .Dim = 32L, .Dimnames = structure(list(
        c("1", "2", "3", "4", "5", "6", "7", "8", "9", "10", 
        "11", "12", "13", "14", "15", "16", "17", "18", "19", 
        "20", "21", "22", "23", "24", "25", "27", "28", "29", 
        "30", "31", "33", "36")), .Names = ""), class = "table"), 
    No.Tag = structure(c(0L, 10L, 259L, 5L, 0L, 5L, 0L, 0L, 0L, 
    0L, 0L, 0L, 0L, 0L, 0L, 0L, 0L, 0L, 0L, 0L, 22L, 0L, 0L, 
    0L), .Dim = c(6L, 4L), .Dimnames = structure(list(c("-2", 
    "-1", "0", "1", "2", NA), c("A", "G", "T", NA)), .Names = c("", 
    "")), class = "table"), All.Tags = list(Concordant = list(
        Freqs = structure(c(10, 26, 1190, 3, 0, 0, 0, 1, 0, 0, 
        0, 0, 0, 0, 0), .Dim = c(5L, 3L), .Dimnames = list(c("-2", 
        "-1", "0", "1", "2"), c("A", "G", "T"))), N = 1230), 
        Majority = list(Freqs = structure(c(10, 30, 1470, 3, 
        0, 0, 0, 1, 0, 0, 0, 0, 0, 0, 0), .Dim = c(5L, 3L), .Dimnames = list(
            c("-2", "-1", "0", "1", "2"), c("A", "G", "T"))), 
            N = 1514)), `2` = structure(c(1, 12, 1135, 1, 0, 
    0, 0, 0, 0, 0, 0, 0, 0, 0, 0), .Dim = c(5L, 3L), .Dimnames = list(
        c("-2", "-1", "0", "1", "2"), c("A", "G", "T"))))))
