Results <-
list(`bwaOutput/20210421msiMNRsJenny/229291_S58.sam` = list(GM26_SNP1 = list(
    All = list(Freqs = structure(c(18L, 4292L, 14L, 5L, 37L, 
    3657L, 11L, 2L, 0L, 1L, 0L, 0L, 1L, 121L, 4L, 0L), .Dim = c(4L, 
    4L), .Dimnames = structure(list(c("-1", "0", "1", NA), c("A", 
    "G", "T", NA)), .Names = c("", "")), class = "table"), N = 8163L), 
    Tag.Distribution = structure(c(`1` = 290L, `2` = 173L, `3` = 144L, 
    `4` = 111L, `5` = 92L, `6` = 88L, `7` = 79L, `8` = 57L, `9` = 50L, 
    `10` = 46L, `11` = 30L, `12` = 39L, `13` = 24L, `14` = 30L, 
    `15` = 24L, `16` = 12L, `17` = 5L, `18` = 16L, `19` = 11L, 
    `20` = 4L, `21` = 9L, `22` = 5L, `23` = 2L, `24` = 3L, `25` = 5L, 
    `26` = 2L, `27` = 2L, `30` = 3L, `31` = 3L, `33` = 1L), .Dim = 30L, .Dimnames = structure(list(
        c("1", "2", "3", "4", "5", "6", "7", "8", "9", "10", 
        "11", "12", "13", "14", "15", "16", "17", "18", "19", 
        "20", "21", "22", "23", "24", "25", "26", "27", "30", 
        "31", "33")), .Names = ""), class = "table"), No.Tag = structure(c(1L, 
    71L, 0L, 0L, 0L, 59L, 0L, 0L, 0L, 0L, 0L, 0L, 0L, 5L, 0L, 
    0L), .Dim = c(4L, 4L), .Dimnames = structure(list(c("-1", 
    "0", "1", NA), c("A", "G", "T", NA)), .Names = c("", "")), class = "table"), 
    All.Tags = list(Concordant = list(Freqs = structure(c(0, 
    564, 1, 2, 519, 0, 0, 0, 0), .Dim = c(3L, 3L), .Dimnames = list(
        c("-1", "0", "1"), c("A", "G", "T"))), N = 1086), Majority = list(
        Freqs = structure(c(0, 672, 1, 2, 649, 0, 0, 0, 0), .Dim = c(3L, 
        3L), .Dimnames = list(c("-1", "0", "1"), c("A", "G", 
        "T"))), N = 1324)), `2` = structure(c(0, 538, 0, 0, 503, 
    0, 0, 0, 0), .Dim = c(3L, 3L), .Dimnames = list(c("-1", "0", 
    "1"), c("A", "G", "T"))))))
