Results <-
list(`bwaOutput/20210421msiMNRsJenny/229291_S58.sam` = list(LR52_SNP1 = list(
    All = list(Freqs = structure(c(0L, 0L, 0L, 0L, 1L, 0L, 0L, 
    0L, 1L, 0L, 1L, 4L, 14L, 0L, 0L, 0L, 1L, 2L, 22L, 556L, 5149L, 
    51L, 2L, 49L, 0L, 0L, 0L, 12L, 279L, 5L, 0L, 0L), .Dim = c(8L, 
    4L), .Dimnames = structure(list(c("-4", "-3", "-2", "-1", 
    "0", "1", "2", NA), c("A", "C", "T", NA)), .Names = c("", 
    "")), class = "table"), N = 6149L), Tag.Distribution = structure(c(`1` = 235L, 
    `2` = 128L, `3` = 94L, `4` = 70L, `5` = 72L, `6` = 59L, `7` = 52L, 
    `8` = 46L, `9` = 33L, `10` = 39L, `11` = 39L, `12` = 26L, 
    `13` = 16L, `14` = 14L, `15` = 17L, `16` = 11L, `17` = 12L, 
    `18` = 4L, `19` = 5L, `20` = 5L, `21` = 3L, `22` = 6L, `24` = 6L, 
    `26` = 3L, `29` = 2L, `30` = 1L, `31` = 1L, `32` = 1L, `34` = 1L, 
    `36` = 1L, `49` = 1L), .Dim = 31L, .Dimnames = structure(list(
        c("1", "2", "3", "4", "5", "6", "7", "8", "9", "10", 
        "11", "12", "13", "14", "15", "16", "17", "18", "19", 
        "20", "21", "22", "24", "26", "29", "30", "31", "32", 
        "34", "36", "49")), .Names = ""), class = "table"), No.Tag = structure(c(0L, 
    0L, 0L, 0L, 0L, 0L, 0L, 0L, 0L, 0L, 0L, 0L, 1L, 0L, 0L, 0L, 
    0L, 0L, 0L, 11L, 209L, 0L, 0L, 5L, 0L, 0L, 0L, 0L, 3L, 0L, 
    0L, 0L), .Dim = c(8L, 4L), .Dimnames = structure(list(c("-4", 
    "-3", "-2", "-1", "0", "1", "2", NA), c("A", "C", "T", NA
    )), .Names = c("", "")), class = "table"), All.Tags = list(
        Concordant = list(Freqs = structure(c(0, 0, 0, 0, 0, 
        0, 0, 1, 0, 1, 3, 8, 0, 0, 0, 0, 1, 28, 585, 0, 0), .Dim = c(7L, 
        3L), .Dimnames = list(c("-4", "-3", "-2", "-1", "0", 
        "1", "2"), c("A", "C", "T"))), N = 627), Majority = list(
            Freqs = structure(c(0, 0, 0, 0, 0, 0, 0, 1, 0, 1, 
            3, 8, 0, 0, 0, 0, 1, 37, 899, 0, 0), .Dim = c(7L, 
            3L), .Dimnames = list(c("-4", "-3", "-2", "-1", "0", 
            "1", "2"), c("A", "C", "T"))), N = 950)), `2` = structure(c(0, 
    0, 0, 0, 0, 0, 0, 0, 0, 0, 0, 1, 0, 0, 0, 0, 0, 14, 724, 
    0, 0), .Dim = c(7L, 3L), .Dimnames = list(c("-4", "-3", "-2", 
    "-1", "0", "1", "2"), c("A", "C", "T"))))))
