Results <-
list(`bwaOutput/20210421msiMNRsJenny/229291_S58.sam` = list(GM01_SNP1 = list(
    All = list(Freqs = structure(c(1L, 22L, 2201L, 8L, 6L, 0L, 
    3L, 361L, 1L, 1L, 0L, 0L, 27L, 1L, 0L), .Dim = c(5L, 3L), .Dimnames = structure(list(
        c("-2", "-1", "0", "1", NA), c("A", "G", NA)), .Names = c("", 
    "")), class = "table"), N = 2632L), Tag.Distribution = structure(c(`1` = 199L, 
    `2` = 74L, `3` = 56L, `4` = 53L, `5` = 35L, `6` = 37L, `7` = 22L, 
    `8` = 24L, `9` = 15L, `10` = 11L, `11` = 8L, `12` = 10L, 
    `13` = 7L, `14` = 10L, `15` = 3L, `16` = 3L, `17` = 6L, `18` = 1L, 
    `19` = 2L, `20` = 1L, `21` = 1L, `22` = 1L, `23` = 1L, `26` = 2L, 
    `36` = 1L), .Dim = 25L, .Dimnames = structure(list(c("1", 
    "2", "3", "4", "5", "6", "7", "8", "9", "10", "11", "12", 
    "13", "14", "15", "16", "17", "18", "19", "20", "21", "22", 
    "23", "26", "36")), .Names = ""), class = "table"), No.Tag = structure(c(0L, 
    0L, 34L, 0L, 0L, 0L, 0L, 17L, 0L, 0L, 0L, 0L, 1L, 1L, 0L), .Dim = c(5L, 
    3L), .Dimnames = structure(list(c("-2", "-1", "0", "1", NA
    ), c("A", "G", NA)), .Names = c("", "")), class = "table"), 
    All.Tags = list(Concordant = list(Freqs = structure(c(0, 
    0, 454, 1, 0, 0, 80, 0), .Dim = c(4L, 2L), .Dimnames = list(
        c("-2", "-1", "0", "1"), c("A", "G"))), N = 535), Majority = list(
        Freqs = structure(c(0, 0, 482, 1, 0, 0, 87, 0), .Dim = c(4L, 
        2L), .Dimnames = list(c("-2", "-1", "0", "1"), c("A", 
        "G"))), N = 570)), `2` = structure(c(0, 0, 328, 0, 0, 
    0, 50, 0), .Dim = c(4L, 2L), .Dimnames = list(c("-2", "-1", 
    "0", "1"), c("A", "G"))))))
