Results <-
list(`bwaOutput/20210421msiMNRsJenny/229291_S58.sam` = list(LR48_SNP1 = list(
    All = list(Freqs = structure(c(0L, 0L, 1L, 1L, 0L, 0L, 0L, 
    1L, 10L, 294L, 10098L, 144L, 2L, 48L, 0L, 0L, 0L, 1L, 0L, 
    0L, 0L, 0L, 0L, 1L, 5L, 0L, 0L, 0L, 0L, 0L, 1L, 240L, 2L, 
    0L, 0L), .Dim = c(7L, 5L), .Dimnames = structure(list(c("-3", 
    "-2", "-1", "0", "1", "2", NA), c("A", "C", "G", "T", NA)), .Names = c("", 
    "")), class = "table"), N = 10849L), Tag.Distribution = structure(c(`1` = 310L, 
    `2` = 163L, `3` = 119L, `4` = 109L, `5` = 89L, `6` = 67L, 
    `7` = 59L, `8` = 57L, `9` = 50L, `10` = 45L, `11` = 42L, 
    `12` = 46L, `13` = 32L, `14` = 38L, `15` = 34L, `16` = 29L, 
    `17` = 21L, `18` = 15L, `19` = 19L, `20` = 15L, `21` = 11L, 
    `22` = 14L, `23` = 10L, `24` = 7L, `25` = 6L, `26` = 6L, 
    `27` = 6L, `28` = 4L, `29` = 6L, `30` = 5L, `31` = 2L, `32` = 1L, 
    `33` = 2L, `34` = 3L, `36` = 1L, `38` = 2L, `39` = 1L), .Dim = 37L, .Dimnames = structure(list(
        c("1", "2", "3", "4", "5", "6", "7", "8", "9", "10", 
        "11", "12", "13", "14", "15", "16", "17", "18", "19", 
        "20", "21", "22", "23", "24", "25", "26", "27", "28", 
        "29", "30", "31", "32", "33", "34", "36", "38", "39")), .Names = ""), class = "table"), 
    No.Tag = structure(c(0L, 0L, 0L, 0L, 0L, 0L, 0L, 0L, 1L, 
    7L, 293L, 5L, 0L, 5L, 0L, 0L, 0L, 0L, 0L, 0L, 0L, 0L, 0L, 
    0L, 0L, 0L, 0L, 0L, 0L, 0L, 0L, 14L, 1L, 0L, 0L), .Dim = c(7L, 
    5L), .Dimnames = structure(list(c("-3", "-2", "-1", "0", 
    "1", "2", NA), c("A", "C", "G", "T", NA)), .Names = c("", 
    "")), class = "table"), All.Tags = list(Concordant = list(
        Freqs = structure(c(0, 0, 0, 0, 0, 0, 0, 0, 21, 1092, 
        7, 0, 0, 0, 0, 0, 0, 0, 0, 0, 1, 3, 0, 0), .Dim = c(6L, 
        4L), .Dimnames = list(c("-3", "-2", "-1", "0", "1", "2"
        ), c("A", "C", "G", "T"))), N = 1124), Majority = list(
        Freqs = structure(c(0, 0, 0, 0, 0, 0, 0, 0, 21, 1381, 
        7, 0, 0, 0, 0, 0, 0, 0, 0, 0, 1, 3, 0, 0), .Dim = c(6L, 
        4L), .Dimnames = list(c("-3", "-2", "-1", "0", "1", "2"
        ), c("A", "C", "G", "T"))), N = 1413)), `2` = structure(c(0, 
    0, 0, 0, 0, 0, 0, 0, 1, 1120, 1, 0, 0, 0, 0, 0, 0, 0, 0, 
    0, 0, 0, 0, 0), .Dim = c(6L, 4L), .Dimnames = list(c("-3", 
    "-2", "-1", "0", "1", "2"), c("A", "C", "G", "T"))))))
