Results <-
list(`bwaOutput/20210421msiMNRsJenny/229291_S58.sam` = list(LR46_SNP1 = list(
    All = list(Freqs = structure(c(0L, 1L, 0L, 0L, 0L, 1L, 56L, 
    0L, 0L, 0L, 51L, 8999L, 36L, 1L, 22L, 1L, 68L, 0L, 0L, 0L
    ), .Dim = 5:4, .Dimnames = structure(list(c("-1", "0", "1", 
    "2", NA), c("-", "G", "T", NA)), .Names = c("", "")), class = "table"), 
        N = 9236L), Tag.Distribution = structure(c(`1` = 334L, 
    `2` = 173L, `3` = 153L, `4` = 128L, `5` = 103L, `6` = 89L, 
    `7` = 68L, `8` = 53L, `9` = 41L, `10` = 44L, `11` = 52L, 
    `12` = 34L, `13` = 30L, `14` = 26L, `15` = 22L, `16` = 20L, 
    `17` = 11L, `18` = 8L, `19` = 14L, `20` = 10L, `21` = 7L, 
    `22` = 9L, `23` = 7L, `24` = 6L, `25` = 5L, `26` = 6L, `27` = 5L, 
    `28` = 2L, `29` = 2L, `31` = 2L, `34` = 2L, `40` = 1L), .Dim = 32L, .Dimnames = structure(list(
        c("1", "2", "3", "4", "5", "6", "7", "8", "9", "10", 
        "11", "12", "13", "14", "15", "16", "17", "18", "19", 
        "20", "21", "22", "23", "24", "25", "26", "27", "28", 
        "29", "31", "34", "40")), .Names = ""), class = "table"), 
    No.Tag = structure(c(0L, 0L, 0L, 0L, 0L, 0L, 2L, 0L, 0L, 
    0L, 8L, 275L, 0L, 0L, 1L, 0L, 10L, 0L, 0L, 0L), .Dim = 5:4, .Dimnames = structure(list(
        c("-1", "0", "1", "2", NA), c("-", "G", "T", NA)), .Names = c("", 
    "")), class = "table"), All.Tags = list(Concordant = list(
        Freqs = structure(c(0, 0, 0, 0, 1, 22, 0, 0, 2, 1358, 
        1, 0), .Dim = 4:3, .Dimnames = list(c("-1", "0", "1", 
        "2"), c("-", "G", "T"))), N = 1384), Majority = list(
        Freqs = structure(c(0, 0, 0, 0, 1, 23, 0, 0, 2, 1424, 
        2, 0), .Dim = 4:3, .Dimnames = list(c("-1", "0", "1", 
        "2"), c("-", "G", "T"))), N = 1452)), `2` = structure(c(0, 
    0, 0, 0, 0, 2, 0, 0, 1, 1126, 1, 0), .Dim = 4:3, .Dimnames = list(
        c("-1", "0", "1", "2"), c("-", "G", "T"))))))
