Results <-
list(`bwaOutput/20210421msiMNRsJenny/229619_S57.sam` = list(LR49_SNP1 = list(
    All = list(Freqs = structure(c(18L, 4199L, 2L, 4L, 25L, 8666L, 
    4L, 6L, 0L, 4L, 0L, 0L, 0L, 159L, 0L, 0L), .Dim = c(4L, 4L
    ), .Dimnames = structure(list(c("-1", "0", "1", NA), c("A", 
    "G", "T", NA)), .Names = c("", "")), class = "table"), N = 13087L), 
    Tag.Distribution = structure(c(`1` = 344L, `2` = 141L, `3` = 103L, 
    `4` = 121L, `5` = 90L, `6` = 95L, `7` = 86L, `8` = 66L, `9` = 61L, 
    `10` = 50L, `11` = 46L, `12` = 43L, `13` = 33L, `14` = 39L, 
    `15` = 37L, `16` = 25L, `17` = 17L, `18` = 22L, `19` = 15L, 
    `20` = 16L, `21` = 20L, `22` = 17L, `23` = 11L, `24` = 7L, 
    `25` = 14L, `26` = 5L, `27` = 9L, `28` = 6L, `29` = 6L, `30` = 7L, 
    `31` = 7L, `32` = 6L, `33` = 3L, `34` = 2L, `35` = 1L, `37` = 1L, 
    `38` = 2L, `41` = 1L, `42` = 1L, `44` = 1L, `45` = 1L, `46` = 2L, 
    `48` = 1L, `49` = 2L, `54` = 1L, `55` = 1L), .Dim = 46L, .Dimnames = structure(list(
        c("1", "2", "3", "4", "5", "6", "7", "8", "9", "10", 
        "11", "12", "13", "14", "15", "16", "17", "18", "19", 
        "20", "21", "22", "23", "24", "25", "26", "27", "28", 
        "29", "30", "31", "32", "33", "34", "35", "37", "38", 
        "41", "42", "44", "45", "46", "48", "49", "54", "55")), .Names = ""), class = "table"), 
    No.Tag = structure(c(1L, 154L, 0L, 2L, 2L, 311L, 0L, 1L, 
    0L, 1L, 0L, 0L, 0L, 22L, 0L, 0L), .Dim = c(4L, 4L), .Dimnames = structure(list(
        c("-1", "0", "1", NA), c("A", "G", "T", NA)), .Names = c("", 
    "")), class = "table"), All.Tags = list(Concordant = list(
        Freqs = structure(c(1, 381, 0, 2, 897, 0, 0, 0, 0), .Dim = c(3L, 
        3L), .Dimnames = list(c("-1", "0", "1"), c("A", "G", 
        "T"))), N = 1281), Majority = list(Freqs = structure(c(1, 
    496, 0, 3, 1041, 0, 0, 0, 0), .Dim = c(3L, 3L), .Dimnames = list(
        c("-1", "0", "1"), c("A", "G", "T"))), N = 1541)), `2` = structure(c(1, 
    386, 0, 3, 822, 0, 0, 0, 0), .Dim = c(3L, 3L), .Dimnames = list(
        c("-1", "0", "1"), c("A", "G", "T"))))))
