Results <-
list(`bwaOutput/20210421msiMNRsJenny/229619_S57.sam` = list(GM22_SNP1 = list(
    All = list(Freqs = structure(c(7L, 155L, 11494L, 41L, 1L, 
    0L, 23L, 0L, 0L, 3L, 0L, 0L, 0L, 0L, 0L, 0L, 1L, 0L, 0L, 
    0L, 0L, 0L, 4L, 177L, 1L, 0L, 1L, 0L), .Dim = c(7L, 4L), .Dimnames = structure(list(
        c("-2", "-1", "0", "1", "2", "3", NA), c("A", "G", "T", 
        NA)), .Names = c("", "")), class = "table"), N = 11908L), 
    Tag.Distribution = structure(c(`1` = 279L, `2` = 126L, `3` = 75L, 
    `4` = 83L, `5` = 65L, `6` = 55L, `7` = 70L, `8` = 42L, `9` = 51L, 
    `10` = 35L, `11` = 47L, `12` = 34L, `13` = 24L, `14` = 32L, 
    `15` = 31L, `16` = 26L, `17` = 24L, `18` = 20L, `19` = 27L, 
    `20` = 18L, `21` = 24L, `22` = 19L, `23` = 9L, `24` = 16L, 
    `25` = 9L, `26` = 12L, `27` = 12L, `28` = 6L, `29` = 5L, 
    `30` = 3L, `31` = 3L, `32` = 3L, `33` = 3L, `34` = 1L, `38` = 1L, 
    `40` = 3L, `42` = 1L, `43` = 1L, `45` = 1L, `46` = 1L, `47` = 3L, 
    `49` = 1L, `51` = 2L, `53` = 2L, `67` = 1L), .Dim = 45L, .Dimnames = structure(list(
        c("1", "2", "3", "4", "5", "6", "7", "8", "9", "10", 
        "11", "12", "13", "14", "15", "16", "17", "18", "19", 
        "20", "21", "22", "23", "24", "25", "26", "27", "28", 
        "29", "30", "31", "32", "33", "34", "38", "40", "42", 
        "43", "45", "46", "47", "49", "51", "53", "67")), .Names = ""), class = "table"), 
    No.Tag = structure(c(0L, 8L, 404L, 0L, 0L, 0L, 1L, 0L, 0L, 
    1L, 0L, 0L, 0L, 0L, 0L, 0L, 0L, 0L, 0L, 0L, 0L, 0L, 0L, 11L, 
    0L, 0L, 0L, 0L), .Dim = c(7L, 4L), .Dimnames = structure(list(
        c("-2", "-1", "0", "1", "2", "3", NA), c("A", "G", "T", 
        NA)), .Names = c("", "")), class = "table"), All.Tags = list(
        Concordant = list(Freqs = structure(c(0, 5, 1124, 0, 
        0, 0, 0, 0, 1, 0, 0, 0, 0, 0, 0, 0, 0, 0), .Dim = c(6L, 
        3L), .Dimnames = list(c("-2", "-1", "0", "1", "2", "3"
        ), c("A", "G", "T"))), N = 1130), Majority = list(Freqs = structure(c(0, 
        5, 1274, 0, 0, 0, 0, 0, 1, 0, 0, 0, 0, 0, 0, 0, 0, 0), .Dim = c(6L, 
        3L), .Dimnames = list(c("-2", "-1", "0", "1", "2", "3"
        ), c("A", "G", "T"))), N = 1280)), `2` = structure(c(0, 
    2, 1020, 0, 0, 0, 0, 0, 0, 0, 0, 0, 0, 0, 0, 0, 0, 0), .Dim = c(6L, 
    3L), .Dimnames = list(c("-2", "-1", "0", "1", "2", "3"), 
        c("A", "G", "T"))))))
