Results <-
list(`bwaOutput/20210421msiMNRsJenny/229619_S57.sam` = list(LR36_SNP1 = list(
    All = list(Freqs = structure(c(3L, 37L, 2159L, 1979L, 20L, 
    120L, 0L, 0L, 0L, 1L, 0L, 0L, 0L, 0L, 0L, 1L, 0L, 0L, 3L, 
    7L, 89L, 4115L, 34L, 52L, 0L, 0L, 14L, 415L, 4L, 0L), .Dim = 6:5, .Dimnames = structure(list(
        c("-3", "-2", "-1", "0", "1", NA), c("A", "C", "G", "T", 
        NA)), .Names = c("", "")), class = "table"), N = 9053L), 
    Tag.Distribution = structure(c(`1` = 241L, `2` = 119L, `3` = 83L, 
    `4` = 85L, `5` = 65L, `6` = 57L, `7` = 51L, `8` = 39L, `9` = 33L, 
    `10` = 25L, `11` = 34L, `12` = 24L, `13` = 32L, `14` = 27L, 
    `15` = 22L, `16` = 21L, `17` = 21L, `18` = 19L, `19` = 15L, 
    `20` = 17L, `21` = 13L, `22` = 8L, `23` = 10L, `24` = 8L, 
    `25` = 5L, `26` = 5L, `27` = 6L, `28` = 4L, `29` = 5L, `30` = 6L, 
    `31` = 2L, `32` = 3L, `33` = 2L, `34` = 1L, `35` = 2L, `36` = 1L, 
    `37` = 1L, `43` = 1L, `51` = 1L, `52` = 1L, `60` = 1L), .Dim = 41L, .Dimnames = structure(list(
        c("1", "2", "3", "4", "5", "6", "7", "8", "9", "10", 
        "11", "12", "13", "14", "15", "16", "17", "18", "19", 
        "20", "21", "22", "23", "24", "25", "26", "27", "28", 
        "29", "30", "31", "32", "33", "34", "35", "36", "37", 
        "43", "51", "52", "60")), .Names = ""), class = "table"), 
    No.Tag = structure(c(0L, 0L, 50L, 97L, 0L, 9L, 0L, 0L, 0L, 
    0L, 0L, 0L, 0L, 0L, 0L, 0L, 0L, 0L, 0L, 0L, 1L, 120L, 3L, 
    6L, 0L, 0L, 0L, 38L, 0L, 0L), .Dim = 6:5, .Dimnames = structure(list(
        c("-3", "-2", "-1", "0", "1", NA), c("A", "C", "G", "T", 
        NA)), .Names = c("", "")), class = "table"), All.Tags = list(
        Concordant = list(Freqs = structure(c(0, 0, 214, 189, 
        0, 0, 0, 0, 0, 0, 0, 0, 0, 0, 0, 0, 1, 5, 399, 1), .Dim = 5:4, .Dimnames = list(
            c("-3", "-2", "-1", "0", "1"), c("A", "C", "G", "T"
            ))), N = 809), Majority = list(Freqs = structure(c(0, 
        0, 275, 246, 0, 0, 0, 0, 0, 0, 0, 0, 0, 0, 0, 0, 1, 6, 
        521, 2), .Dim = 5:4, .Dimnames = list(c("-3", "-2", "-1", 
        "0", "1"), c("A", "C", "G", "T"))), N = 1051)), `2` = structure(c(0, 
    0, 218, 200, 0, 0, 0, 0, 0, 0, 0, 0, 0, 0, 0, 0, 0, 1, 424, 
    1), .Dim = 5:4, .Dimnames = list(c("-3", "-2", "-1", "0", 
    "1"), c("A", "C", "G", "T"))))))
