Results <-
list(`bwaOutput/20210421msiMNRsJenny/229619_S57.sam` = list(LR10_SNP1 = list(
    All = list(Freqs = structure(c(0L, 0L, 1L, 0L, 0L, 1L, 78L, 
    3411L, 17L, 10L, 0L, 77L, 4169L, 11L, 2L, 0L, 2L, 130L, 2L, 
    0L), .Dim = 5:4, .Dimnames = structure(list(c("-2", "-1", 
    "0", "1", NA), c("A", "C", "T", NA)), .Names = c("", "")), class = "table"), 
        N = 7911L), Tag.Distribution = structure(c(`1` = 203L, 
    `2` = 107L, `3` = 71L, `4` = 68L, `5` = 57L, `6` = 71L, `7` = 47L, 
    `8` = 49L, `9` = 41L, `10` = 32L, `11` = 42L, `12` = 26L, 
    `13` = 22L, `14` = 26L, `15` = 21L, `16` = 15L, `17` = 14L, 
    `18` = 17L, `19` = 10L, `20` = 7L, `21` = 12L, `22` = 7L, 
    `23` = 11L, `24` = 9L, `25` = 7L, `26` = 2L, `27` = 1L, `28` = 3L, 
    `30` = 6L, `32` = 2L, `34` = 2L, `36` = 2L, `39` = 2L, `40` = 1L, 
    `52` = 1L), .Dim = 35L, .Dimnames = structure(list(c("1", 
    "2", "3", "4", "5", "6", "7", "8", "9", "10", "11", "12", 
    "13", "14", "15", "16", "17", "18", "19", "20", "21", "22", 
    "23", "24", "25", "26", "27", "28", "30", "32", "34", "36", 
    "39", "40", "52")), .Names = ""), class = "table"), No.Tag = structure(c(0L, 
    0L, 0L, 0L, 0L, 0L, 2L, 148L, 1L, 0L, 0L, 1L, 106L, 0L, 1L, 
    0L, 0L, 9L, 0L, 0L), .Dim = 5:4, .Dimnames = structure(list(
        c("-2", "-1", "0", "1", NA), c("A", "C", "T", NA)), .Names = c("", 
    "")), class = "table"), All.Tags = list(Concordant = list(
        Freqs = structure(c(0, 0, 0, 0, 0, 1, 345, 0, 0, 2, 458, 
        0), .Dim = 4:3, .Dimnames = list(c("-2", "-1", "0", "1"
        ), c("A", "C", "T"))), N = 806), Majority = list(Freqs = structure(c(0, 
    0, 0, 0, 0, 3, 433, 0, 0, 3, 556, 0), .Dim = 4:3, .Dimnames = list(
        c("-2", "-1", "0", "1"), c("A", "C", "T"))), N = 995)), 
    `2` = structure(c(0, 0, 0, 0, 0, 3, 351, 0, 0, 2, 441, 0), .Dim = 4:3, .Dimnames = list(
        c("-2", "-1", "0", "1"), c("A", "C", "T"))))))
