Results <-
list(`bwaOutput/20210421msiMNRsJenny/229619_S57.sam` = list(GM29_SNP1 = list(
    All = list(Freqs = structure(c(6L, 207L, 12975L, 33L, 20L, 
    0L, 0L, 17L, 0L, 0L, 0L, 3L, 118L, 1L, 0L), .Dim = c(5L, 
    3L), .Dimnames = structure(list(c("-2", "-1", "0", "1", NA
    ), c("A", "G", NA)), .Names = c("", "")), class = "table"), 
        N = 13380L), Tag.Distribution = structure(c(`1` = 211L, 
    `2` = 98L, `3` = 88L, `4` = 78L, `5` = 68L, `6` = 84L, `7` = 68L, 
    `8` = 36L, `9` = 43L, `10` = 43L, `11` = 39L, `12` = 29L, 
    `13` = 25L, `14` = 30L, `15` = 32L, `16` = 31L, `17` = 25L, 
    `18` = 32L, `19` = 13L, `20` = 23L, `21` = 11L, `22` = 7L, 
    `23` = 19L, `24` = 7L, `25` = 7L, `26` = 8L, `27` = 13L, 
    `28` = 7L, `29` = 4L, `30` = 7L, `31` = 6L, `32` = 2L, `33` = 4L, 
    `34` = 5L, `35` = 3L, `36` = 3L, `37` = 3L, `38` = 4L, `39` = 2L, 
    `40` = 3L, `41` = 3L, `43` = 3L, `44` = 2L, `46` = 3L, `47` = 1L, 
    `48` = 1L, `49` = 1L, `50` = 1L, `51` = 1L, `52` = 4L, `56` = 4L, 
    `57` = 1L, `59` = 2L, `61` = 1L, `68` = 1L, `80` = 1L, `82` = 1L, 
    `89` = 1L), .Dim = 58L, .Dimnames = structure(list(c("1", 
    "2", "3", "4", "5", "6", "7", "8", "9", "10", "11", "12", 
    "13", "14", "15", "16", "17", "18", "19", "20", "21", "22", 
    "23", "24", "25", "26", "27", "28", "29", "30", "31", "32", 
    "33", "34", "35", "36", "37", "38", "39", "40", "41", "43", 
    "44", "46", "47", "48", "49", "50", "51", "52", "56", "57", 
    "59", "61", "68", "80", "82", "89")), .Names = ""), class = "table"), 
    No.Tag = structure(c(0L, 3L, 569L, 1L, 3L, 0L, 0L, 0L, 0L, 
    0L, 0L, 0L, 7L, 1L, 0L), .Dim = c(5L, 3L), .Dimnames = structure(list(
        c("-2", "-1", "0", "1", NA), c("A", "G", NA)), .Names = c("", 
    "")), class = "table"), All.Tags = list(Concordant = list(
        Freqs = structure(c(0, 1, 1068, 0, 0, 0, 2, 0), .Dim = c(4L, 
        2L), .Dimnames = list(c("-2", "-1", "0", "1"), c("A", 
        "G"))), N = 1071), Majority = list(Freqs = structure(c(0, 
    2, 1239, 0, 0, 0, 3, 0), .Dim = c(4L, 2L), .Dimnames = list(
        c("-2", "-1", "0", "1"), c("A", "G"))), N = 1244)), `2` = structure(c(0, 
    1, 1039, 0, 0, 0, 1, 0), .Dim = c(4L, 2L), .Dimnames = list(
        c("-2", "-1", "0", "1"), c("A", "G"))))))
