Results <-
list(`bwaOutput/20210421msiMNRsJenny/229619_S57.sam` = list(LR52_SNP1 = list(
    All = list(Freqs = structure(c(0L, 0L, 0L, 2L, 0L, 0L, 0L, 
    0L, 0L, 2L, 0L, 0L, 1L, 39L, 651L, 5270L, 25L, 87L, 0L, 1L, 
    7L, 101L, 0L, 1L, 0L, 0L, 29L, 1363L, 16L, 0L), .Dim = 6:5, .Dimnames = structure(list(
        c("-3", "-2", "-1", "0", "1", NA), c("-", "A", "C", "T", 
        NA)), .Names = c("", "")), class = "table"), N = 7595L), 
    Tag.Distribution = structure(c(`1` = 133L, `2` = 78L, `3` = 62L, 
    `4` = 56L, `5` = 39L, `6` = 49L, `7` = 39L, `8` = 44L, `9` = 37L, 
    `10` = 31L, `11` = 28L, `12` = 28L, `13` = 11L, `14` = 22L, 
    `15` = 16L, `16` = 21L, `17` = 16L, `18` = 14L, `19` = 14L, 
    `20` = 10L, `21` = 14L, `22` = 16L, `23` = 10L, `24` = 9L, 
    `25` = 8L, `26` = 5L, `27` = 9L, `28` = 5L, `29` = 4L, `30` = 3L, 
    `31` = 2L, `32` = 2L, `33` = 2L, `34` = 1L, `36` = 1L, `47` = 1L
    ), .Dim = 36L, .Dimnames = structure(list(c("1", "2", "3", 
    "4", "5", "6", "7", "8", "9", "10", "11", "12", "13", "14", 
    "15", "16", "17", "18", "19", "20", "21", "22", "23", "24", 
    "25", "26", "27", "28", "29", "30", "31", "32", "33", "34", 
    "36", "47")), .Names = ""), class = "table"), No.Tag = structure(c(0L, 
    0L, 0L, 0L, 0L, 0L, 0L, 0L, 0L, 0L, 0L, 0L, 0L, 3L, 15L, 
    102L, 0L, 0L, 0L, 0L, 0L, 1L, 0L, 0L, 0L, 0L, 1L, 36L, 0L, 
    0L), .Dim = 6:5, .Dimnames = structure(list(c("-3", "-2", 
    "-1", "0", "1", NA), c("-", "A", "C", "T", NA)), .Names = c("", 
    "")), class = "table"), All.Tags = list(Concordant = list(
        Freqs = structure(c(0, 0, 0, 0, 0, 0, 0, 0, 0, 0, 0, 
        3, 16, 407, 0, 0, 0, 0, 11, 0), .Dim = 5:4, .Dimnames = list(
            c("-3", "-2", "-1", "0", "1"), c("-", "A", "C", "T"
            ))), N = 437), Majority = list(Freqs = structure(c(0, 
    0, 0, 0, 0, 0, 0, 0, 0, 0, 0, 3, 31, 736, 0, 0, 0, 0, 17, 
    0), .Dim = 5:4, .Dimnames = list(c("-3", "-2", "-1", "0", 
    "1"), c("-", "A", "C", "T"))), N = 787)), `2` = structure(c(0, 
    0, 0, 0, 0, 0, 0, 0, 0, 0, 0, 1, 23, 653, 0, 0, 0, 0, 13, 
    0), .Dim = 5:4, .Dimnames = list(c("-3", "-2", "-1", "0", 
    "1"), c("-", "A", "C", "T"))))))
