Results <-
list(`bwaOutput/20210421msiMNRsJenny/229619_S57.sam` = list(GM14_SNP1 = list(
    All = list(Freqs = structure(c(1L, 88L, 2288L, 21L, 1L, 10L, 
    0L, 0L, 3L, 0L, 0L, 0L, 0L, 0L, 25L, 0L, 0L, 0L), .Dim = c(6L, 
    3L), .Dimnames = structure(list(c("-2", "-1", "0", "1", "2", 
    NA), c("C", "T", NA)), .Names = c("", "")), class = "table"), 
        N = 2437L), Tag.Distribution = structure(c(`1` = 63L, 
    `2` = 25L, `3` = 25L, `4` = 22L, `5` = 16L, `6` = 24L, `7` = 21L, 
    `8` = 21L, `9` = 15L, `10` = 7L, `11` = 7L, `12` = 5L, `13` = 11L, 
    `14` = 7L, `15` = 4L, `16` = 3L, `17` = 6L, `18` = 3L, `19` = 1L, 
    `20` = 6L, `21` = 2L, `22` = 6L, `23` = 6L, `24` = 3L, `25` = 2L, 
    `26` = 1L, `28` = 1L, `29` = 1L, `41` = 1L, `46` = 1L), .Dim = 30L, .Dimnames = structure(list(
        c("1", "2", "3", "4", "5", "6", "7", "8", "9", "10", 
        "11", "12", "13", "14", "15", "16", "17", "18", "19", 
        "20", "21", "22", "23", "24", "25", "26", "28", "29", 
        "41", "46")), .Names = ""), class = "table"), No.Tag = structure(c(0L, 
    1L, 29L, 0L, 0L, 0L, 0L, 0L, 0L, 0L, 0L, 0L, 0L, 0L, 2L, 
    0L, 0L, 0L), .Dim = c(6L, 3L), .Dimnames = structure(list(
        c("-2", "-1", "0", "1", "2", NA), c("C", "T", NA)), .Names = c("", 
    "")), class = "table"), All.Tags = list(Concordant = list(
        Freqs = structure(c(0, 4, 221, 1, 0, 0, 0, 3, 0, 0), .Dim = c(5L, 
        2L), .Dimnames = list(c("-2", "-1", "0", "1", "2"), c("C", 
        "T"))), N = 229), Majority = list(Freqs = structure(c(0, 
    4, 301, 1, 0, 0, 0, 3, 0, 0), .Dim = c(5L, 2L), .Dimnames = list(
        c("-2", "-1", "0", "1", "2"), c("C", "T"))), N = 309)), 
    `2` = structure(c(0, 0, 250, 0, 0, 0, 0, 0, 0, 0), .Dim = c(5L, 
    2L), .Dimnames = list(c("-2", "-1", "0", "1", "2"), c("C", 
    "T"))))))
