Results <-
list(`bwaOutput/20210421msiMNRsJenny/229619_S57.sam` = list(DEPDC2_SNP1 = list(
    All = list(Freqs = structure(c(0L, 1L, 0L, 0L, 0L, 6L, 0L, 
    0L, 99L, 9998L, 56L, 46L, 0L, 89L, 0L, 0L), .Dim = c(4L, 
    4L), .Dimnames = structure(list(c("-1", "0", "1", NA), c("A", 
    "C", "T", NA)), .Names = c("", "")), class = "table"), N = 10295L), 
    Tag.Distribution = structure(c(`1` = 371L, `2` = 151L, `3` = 115L, 
    `4` = 103L, `5` = 90L, `6` = 91L, `7` = 73L, `8` = 60L, `9` = 51L, 
    `10` = 42L, `11` = 52L, `12` = 35L, `13` = 32L, `14` = 34L, 
    `15` = 29L, `16` = 21L, `17` = 21L, `18` = 18L, `19` = 8L, 
    `20` = 16L, `21` = 11L, `22` = 6L, `23` = 7L, `24` = 10L, 
    `25` = 5L, `26` = 3L, `27` = 5L, `28` = 1L, `29` = 4L, `30` = 1L, 
    `31` = 3L, `32` = 5L, `33` = 3L, `34` = 1L, `36` = 1L, `39` = 1L, 
    `45` = 1L), .Dim = 37L, .Dimnames = structure(list(c("1", 
    "2", "3", "4", "5", "6", "7", "8", "9", "10", "11", "12", 
    "13", "14", "15", "16", "17", "18", "19", "20", "21", "22", 
    "23", "24", "25", "26", "27", "28", "29", "30", "31", "32", 
    "33", "34", "36", "39", "45")), .Names = ""), class = "table"), 
    No.Tag = structure(c(0L, 1L, 0L, 0L, 0L, 0L, 0L, 0L, 5L, 
    382L, 2L, 10L, 0L, 9L, 0L, 0L), .Dim = c(4L, 4L), .Dimnames = structure(list(
        c("-1", "0", "1", NA), c("A", "C", "T", NA)), .Names = c("", 
    "")), class = "table"), All.Tags = list(Concordant = list(
        Freqs = structure(c(0, 0, 0, 0, 2, 0, 3, 1348, 4), .Dim = c(3L, 
        3L), .Dimnames = list(c("-1", "0", "1"), c("A", "C", 
        "T"))), N = 1357), Majority = list(Freqs = structure(c(0, 
    0, 0, 0, 2, 0, 6, 1453, 4), .Dim = c(3L, 3L), .Dimnames = list(
        c("-1", "0", "1"), c("A", "C", "T"))), N = 1465)), `2` = structure(c(0, 
    0, 0, 0, 0, 0, 3, 1105, 1), .Dim = c(3L, 3L), .Dimnames = list(
        c("-1", "0", "1"), c("A", "C", "T"))))))
