Results <-
list(`bwaOutput/20210421msiMNRsJenny/229619_S57.sam` = list(GM17_SNP1 = list(
    All = list(Freqs = structure(c(0L, 0L, 4L, 0L, 0L, 0L, 2L, 
    215L, 15898L, 44L, 1L, 20L, 0L, 0L, 41L, 0L, 0L, 0L, 0L, 
    5L, 568L, 0L, 0L, 0L), .Dim = c(6L, 4L), .Dimnames = structure(list(
        c("-2", "-1", "0", "1", "2", NA), c("A", "C", "T", NA
        )), .Names = c("", "")), class = "table"), N = 16798L), 
    Tag.Distribution = structure(c(`1` = 316L, `2` = 128L, `3` = 108L, 
    `4` = 105L, `5` = 95L, `6` = 83L, `7` = 84L, `8` = 65L, `9` = 67L, 
    `10` = 56L, `11` = 43L, `12` = 55L, `13` = 45L, `14` = 38L, 
    `15` = 45L, `16` = 30L, `17` = 39L, `18` = 32L, `19` = 36L, 
    `20` = 26L, `21` = 22L, `22` = 19L, `23` = 15L, `24` = 20L, 
    `25` = 17L, `26` = 11L, `27` = 19L, `28` = 10L, `29` = 7L, 
    `30` = 12L, `31` = 8L, `32` = 4L, `33` = 8L, `34` = 3L, `35` = 7L, 
    `36` = 1L, `37` = 3L, `38` = 5L, `39` = 1L, `40` = 2L, `41` = 2L, 
    `42` = 2L, `43` = 2L, `44` = 1L, `45` = 4L, `46` = 1L, `49` = 1L, 
    `53` = 1L, `54` = 2L), .Dim = 49L, .Dimnames = structure(list(
        c("1", "2", "3", "4", "5", "6", "7", "8", "9", "10", 
        "11", "12", "13", "14", "15", "16", "17", "18", "19", 
        "20", "21", "22", "23", "24", "25", "26", "27", "28", 
        "29", "30", "31", "32", "33", "34", "35", "36", "37", 
        "38", "39", "40", "41", "42", "43", "44", "45", "46", 
        "49", "53", "54")), .Names = ""), class = "table"), No.Tag = structure(c(0L, 
    0L, 1L, 0L, 0L, 0L, 0L, 5L, 408L, 0L, 0L, 3L, 0L, 0L, 1L, 
    0L, 0L, 0L, 0L, 1L, 24L, 0L, 0L, 0L), .Dim = c(6L, 4L), .Dimnames = structure(list(
        c("-2", "-1", "0", "1", "2", NA), c("A", "C", "T", NA
        )), .Names = c("", "")), class = "table"), All.Tags = list(
        Concordant = list(Freqs = structure(c(0, 0, 0, 0, 0, 
        0, 1, 1460, 1, 0, 0, 0, 10, 0, 0), .Dim = c(5L, 3L), .Dimnames = list(
            c("-2", "-1", "0", "1", "2"), c("A", "C", "T"))), 
            N = 1472), Majority = list(Freqs = structure(c(0, 
        0, 0, 0, 0, 0, 2, 1660, 1, 0, 0, 0, 10, 0, 0), .Dim = c(5L, 
        3L), .Dimnames = list(c("-2", "-1", "0", "1", "2"), c("A", 
        "C", "T"))), N = 1673)), `2` = structure(c(0, 0, 0, 0, 
    0, 0, 1, 1380, 0, 0, 0, 0, 2, 0, 0), .Dim = c(5L, 3L), .Dimnames = list(
        c("-2", "-1", "0", "1", "2"), c("A", "C", "T"))))))
