Results <-
list(`bwaOutput/20210421msiMNRsJenny/229619_S57.sam` = list(LR17_SNP1 = list(
    All = list(Freqs = structure(c(1L, 67L, 529L, 11042L, 152L, 
    1L, 75L, 0L, 0L, 0L, 8L, 0L, 0L, 0L, 0L, 0L, 0L, 1L, 0L, 
    0L, 0L, 0L, 0L, 30L, 863L, 6L, 0L, 0L), .Dim = c(7L, 4L), .Dimnames = structure(list(
        c("-3", "-2", "-1", "0", "1", "2", NA), c("A", "G", "T", 
        NA)), .Names = c("", "")), class = "table"), N = 12775L), 
    Tag.Distribution = structure(c(`1` = 315L, `2` = 99L, `3` = 89L, 
    `4` = 84L, `5` = 66L, `6` = 85L, `7` = 72L, `8` = 64L, `9` = 52L, 
    `10` = 42L, `11` = 45L, `12` = 28L, `13` = 42L, `14` = 44L, 
    `15` = 39L, `16` = 35L, `17` = 22L, `18` = 19L, `19` = 29L, 
    `20` = 21L, `21` = 21L, `22` = 28L, `23` = 16L, `24` = 12L, 
    `25` = 9L, `26` = 6L, `27` = 5L, `28` = 6L, `29` = 3L, `30` = 6L, 
    `31` = 7L, `32` = 3L, `33` = 5L, `34` = 2L, `35` = 2L, `36` = 1L, 
    `37` = 1L, `39` = 3L, `40` = 2L, `44` = 2L, `50` = 1L), .Dim = 41L, .Dimnames = structure(list(
        c("1", "2", "3", "4", "5", "6", "7", "8", "9", "10", 
        "11", "12", "13", "14", "15", "16", "17", "18", "19", 
        "20", "21", "22", "23", "24", "25", "26", "27", "28", 
        "29", "30", "31", "32", "33", "34", "35", "36", "37", 
        "39", "40", "44", "50")), .Names = ""), class = "table"), 
    No.Tag = structure(c(0L, 1L, 19L, 342L, 5L, 0L, 3L, 0L, 0L, 
    0L, 0L, 0L, 0L, 0L, 0L, 0L, 0L, 0L, 0L, 0L, 0L, 0L, 0L, 0L, 
    31L, 1L, 0L, 0L), .Dim = c(7L, 4L), .Dimnames = structure(list(
        c("-3", "-2", "-1", "0", "1", "2", NA), c("A", "G", "T", 
        NA)), .Names = c("", "")), class = "table"), All.Tags = list(
        Concordant = list(Freqs = structure(c(0, 2, 11, 986, 
        6, 0, 0, 0, 0, 1, 0, 0, 0, 0, 0, 0, 0, 0), .Dim = c(6L, 
        3L), .Dimnames = list(c("-3", "-2", "-1", "0", "1", "2"
        ), c("A", "G", "T"))), N = 1006), Majority = list(Freqs = structure(c(0, 
        5, 19, 1352, 6, 0, 0, 0, 0, 1, 0, 0, 0, 0, 0, 0, 0, 0
        ), .Dim = c(6L, 3L), .Dimnames = list(c("-3", "-2", "-1", 
        "0", "1", "2"), c("A", "G", "T"))), N = 1383)), `2` = structure(c(0, 
    4, 10, 1089, 0, 0, 0, 0, 0, 0, 0, 0, 0, 0, 0, 0, 0, 0), .Dim = c(6L, 
    3L), .Dimnames = list(c("-3", "-2", "-1", "0", "1", "2"), 
        c("A", "G", "T"))))))
