Results <-
list(`bwaOutput/20210421msiMNRsJenny/229619_S57.sam` = list(GM01_SNP1 = list(
    All = list(Freqs = structure(c(0L, 10L, 753L, 1L, 1L, 1L, 
    6L, 708L, 3L, 2L, 0L, 0L, 1L, 0L, 0L, 0L, 0L, 12L, 0L, 0L
    ), .Dim = 5:4, .Dimnames = structure(list(c("-2", "-1", "0", 
    "1", NA), c("A", "G", "T", NA)), .Names = c("", "")), class = "table"), 
        N = 1498L), Tag.Distribution = structure(c(`1` = 48L, 
    `2` = 18L, `3` = 16L, `4` = 15L, `5` = 17L, `6` = 14L, `7` = 11L, 
    `8` = 8L, `9` = 13L, `10` = 2L, `11` = 6L, `12` = 7L, `13` = 10L, 
    `14` = 5L, `15` = 2L, `16` = 4L, `17` = 1L, `18` = 3L, `19` = 1L, 
    `20` = 4L, `21` = 1L, `22` = 4L, `23` = 2L, `25` = 1L, `31` = 1L
    ), .Dim = 25L, .Dimnames = structure(list(c("1", "2", "3", 
    "4", "5", "6", "7", "8", "9", "10", "11", "12", "13", "14", 
    "15", "16", "17", "18", "19", "20", "21", "22", "23", "25", 
    "31")), .Names = ""), class = "table"), No.Tag = structure(c(0L, 
    0L, 17L, 0L, 0L, 0L, 0L, 17L, 0L, 0L, 0L, 0L, 0L, 0L, 0L, 
    0L, 0L, 0L, 0L, 0L), .Dim = 5:4, .Dimnames = structure(list(
        c("-2", "-1", "0", "1", NA), c("A", "G", "T", NA)), .Names = c("", 
    "")), class = "table"), All.Tags = list(Concordant = list(
        Freqs = structure(c(0, 1, 98, 0, 0, 0, 87, 0, 0, 0, 0, 
        0), .Dim = 4:3, .Dimnames = list(c("-2", "-1", "0", "1"
        ), c("A", "G", "T"))), N = 186), Majority = list(Freqs = structure(c(0, 
    1, 111, 0, 0, 0, 99, 0, 0, 0, 0, 0), .Dim = 4:3, .Dimnames = list(
        c("-2", "-1", "0", "1"), c("A", "G", "T"))), N = 211)), 
    `2` = structure(c(0, 0, 84, 0, 0, 0, 81, 0, 0, 0, 0, 0), .Dim = 4:3, .Dimnames = list(
        c("-2", "-1", "0", "1"), c("A", "G", "T"))))))
