Results <-
list(`bwaOutput/20210421msiMNRsJenny/229619_S57.sam` = list(GM09_SNP1 = list(
    All = list(Freqs = structure(c(0L, 10L, 0L, 0L, 0L, 27L, 
    3791L, 6L, 1L, 3L, 0L, 29L, 0L, 0L, 0L), .Dim = c(5L, 3L), .Dimnames = structure(list(
        c("-1", "0", "1", "2", NA), c("A", "G", NA)), .Names = c("", 
    "")), class = "table"), N = 3867L), Tag.Distribution = structure(c(`1` = 124L, 
    `2` = 55L, `3` = 32L, `4` = 43L, `5` = 23L, `6` = 27L, `7` = 22L, 
    `8` = 21L, `9` = 10L, `10` = 16L, `11` = 12L, `12` = 19L, 
    `13` = 11L, `14` = 19L, `15` = 8L, `16` = 3L, `17` = 7L, 
    `18` = 6L, `19` = 9L, `20` = 8L, `21` = 4L, `22` = 9L, `23` = 5L, 
    `24` = 1L, `25` = 3L, `26` = 4L, `28` = 1L, `29` = 2L, `30` = 1L, 
    `31` = 1L, `33` = 1L, `35` = 1L, `38` = 2L, `39` = 1L), .Dim = 34L, .Dimnames = structure(list(
        c("1", "2", "3", "4", "5", "6", "7", "8", "9", "10", 
        "11", "12", "13", "14", "15", "16", "17", "18", "19", 
        "20", "21", "22", "23", "24", "25", "26", "28", "29", 
        "30", "31", "33", "35", "38", "39")), .Names = ""), class = "table"), 
    No.Tag = structure(c(0L, 1L, 0L, 0L, 0L, 0L, 84L, 0L, 0L, 
    2L, 0L, 4L, 0L, 0L, 0L), .Dim = c(5L, 3L), .Dimnames = structure(list(
        c("-1", "0", "1", "2", NA), c("A", "G", NA)), .Names = c("", 
    "")), class = "table"), All.Tags = list(Concordant = list(
        Freqs = structure(c(0, 6, 0, 0, 0, 466, 0, 0), .Dim = c(4L, 
        2L), .Dimnames = list(c("-1", "0", "1", "2"), c("A", 
        "G"))), N = 472), Majority = list(Freqs = structure(c(0, 
    6, 0, 0, 0, 497, 0, 0), .Dim = c(4L, 2L), .Dimnames = list(
        c("-1", "0", "1", "2"), c("A", "G"))), N = 503)), `2` = structure(c(0, 
    0, 0, 0, 0, 384, 0, 0), .Dim = c(4L, 2L), .Dimnames = list(
        c("-1", "0", "1", "2"), c("A", "G"))))))
