Results <-
list(`bwaOutput/20210421msiMNRsJenny/229619_S57.sam` = list(GM26_SNP1 = list(
    All = list(Freqs = structure(c(1L, 67L, 9343L, 28L, 17L, 
    0L, 1L, 42L, 0L, 0L, 0L, 0L, 1L, 0L, 0L, 0L, 5L, 100L, 0L, 
    0L), .Dim = 5:4, .Dimnames = structure(list(c("-2", "-1", 
    "0", "1", NA), c("A", "G", "T", NA)), .Names = c("", "")), class = "table"), 
        N = 9605L), Tag.Distribution = structure(c(`1` = 200L, 
    `2` = 102L, `3` = 72L, `4` = 68L, `5` = 69L, `6` = 63L, `7` = 59L, 
    `8` = 56L, `9` = 56L, `10` = 40L, `11` = 42L, `12` = 28L, 
    `13` = 26L, `14` = 30L, `15` = 20L, `16` = 24L, `17` = 18L, 
    `18` = 28L, `19` = 12L, `20` = 16L, `21` = 14L, `22` = 14L, 
    `23` = 13L, `24` = 10L, `25` = 3L, `26` = 2L, `27` = 9L, 
    `28` = 3L, `29` = 3L, `30` = 7L, `31` = 1L, `32` = 2L, `33` = 3L, 
    `34` = 2L, `36` = 1L, `40` = 2L, `49` = 2L, `58` = 1L), .Dim = 38L, .Dimnames = structure(list(
        c("1", "2", "3", "4", "5", "6", "7", "8", "9", "10", 
        "11", "12", "13", "14", "15", "16", "17", "18", "19", 
        "20", "21", "22", "23", "24", "25", "26", "27", "28", 
        "29", "30", "31", "32", "33", "34", "36", "40", "49", 
        "58")), .Names = ""), class = "table"), No.Tag = structure(c(0L, 
    1L, 183L, 1L, 4L, 0L, 0L, 0L, 0L, 0L, 0L, 0L, 1L, 0L, 0L, 
    0L, 0L, 11L, 0L, 0L), .Dim = 5:4, .Dimnames = structure(list(
        c("-2", "-1", "0", "1", NA), c("A", "G", "T", NA)), .Names = c("", 
    "")), class = "table"), All.Tags = list(Concordant = list(
        Freqs = structure(c(0, 1, 1010, 0, 0, 1, 5, 0, 0, 0, 
        0, 0), .Dim = 4:3, .Dimnames = list(c("-2", "-1", "0", 
        "1"), c("A", "G", "T"))), N = 1017), Majority = list(
        Freqs = structure(c(0, 1, 1100, 0, 0, 1, 5, 0, 0, 0, 
        0, 0), .Dim = 4:3, .Dimnames = list(c("-2", "-1", "0", 
        "1"), c("A", "G", "T"))), N = 1107)), `2` = structure(c(0, 
    0, 917, 0, 0, 0, 2, 0, 0, 0, 0, 0), .Dim = 4:3, .Dimnames = list(
        c("-2", "-1", "0", "1"), c("A", "G", "T"))))))
