Results <-
list(`bwaOutput/20210421msiMNRsJenny/229619_S57.sam` = list(IM49_SNP1 = list(
    All = list(Freqs = structure(c(0L, 0L, 0L, 3L, 0L, 0L, 0L, 
    0L, 0L, 2L, 20L, 0L, 0L, 2L, 1L, 7L, 453L, 12359L, 347L, 
    13L, 84L, 0L, 0L, 16L, 641L, 14L, 0L, 0L), .Dim = c(7L, 4L
    ), .Dimnames = structure(list(c("-3", "-2", "-1", "0", "1", 
    "2", NA), c("A", "C", "G", NA)), .Names = c("", "")), class = "table"), 
        N = 13962L), Tag.Distribution = structure(c(`1` = 356L, 
    `2` = 189L, `3` = 133L, `4` = 120L, `5` = 122L, `6` = 103L, 
    `7` = 97L, `8` = 74L, `9` = 74L, `10` = 57L, `11` = 52L, 
    `12` = 48L, `13` = 47L, `14` = 34L, `15` = 45L, `16` = 31L, 
    `17` = 21L, `18` = 19L, `19` = 21L, `20` = 13L, `21` = 15L, 
    `22` = 17L, `23` = 12L, `24` = 16L, `25` = 15L, `26` = 11L, 
    `27` = 6L, `28` = 4L, `29` = 5L, `30` = 2L, `31` = 3L, `32` = 1L, 
    `33` = 2L, `34` = 3L, `36` = 1L, `37` = 1L, `38` = 1L, `39` = 1L, 
    `40` = 4L, `45` = 2L, `47` = 1L, `49` = 1L, `56` = 1L, `82` = 1L
    ), .Dim = 44L, .Dimnames = structure(list(c("1", "2", "3", 
    "4", "5", "6", "7", "8", "9", "10", "11", "12", "13", "14", 
    "15", "16", "17", "18", "19", "20", "21", "22", "23", "24", 
    "25", "26", "27", "28", "29", "30", "31", "32", "33", "34", 
    "36", "37", "38", "39", "40", "45", "47", "49", "56", "82"
    )), .Names = ""), class = "table"), No.Tag = structure(c(0L, 
    0L, 0L, 0L, 0L, 0L, 0L, 0L, 0L, 0L, 1L, 0L, 0L, 2L, 0L, 0L, 
    16L, 366L, 8L, 1L, 6L, 0L, 0L, 1L, 33L, 0L, 0L, 0L), .Dim = c(7L, 
    4L), .Dimnames = structure(list(c("-3", "-2", "-1", "0", 
    "1", "2", NA), c("A", "C", "G", NA)), .Names = c("", "")), class = "table"), 
    All.Tags = list(Concordant = list(Freqs = structure(c(0, 
    0, 0, 0, 0, 0, 0, 0, 0, 1, 0, 0, 0, 0, 15, 1203, 10, 0), .Dim = c(6L, 
    3L), .Dimnames = list(c("-3", "-2", "-1", "0", "1", "2"), 
        c("A", "C", "G"))), N = 1229), Majority = list(Freqs = structure(c(0, 
    0, 0, 0, 0, 0, 0, 0, 0, 2, 0, 0, 0, 0, 20, 1668, 13, 0), .Dim = c(6L, 
    3L), .Dimnames = list(c("-3", "-2", "-1", "0", "1", "2"), 
        c("A", "C", "G"))), N = 1703)), `2` = structure(c(0, 
    0, 0, 0, 0, 0, 0, 0, 0, 2, 0, 0, 0, 0, 10, 1386, 7, 0), .Dim = c(6L, 
    3L), .Dimnames = list(c("-3", "-2", "-1", "0", "1", "2"), 
        c("A", "C", "G"))))))
