Results <-
list(`bwaOutput/20210421msiMNRsJenny/229619_S57.sam` = list(GM07_SNP1 = list(
    All = list(Freqs = structure(c(0L, 0L, 0L, 2L, 0L, 0L, 0L, 
    0L, 6L, 182L, 3604L, 111L, 0L, 67L, 0L, 0L, 0L, 1L, 0L, 0L, 
    0L, 1L, 2L, 296L, 5201L, 152L, 5L, 81L, 0L, 1L, 7L, 179L, 
    4L, 0L, 0L), .Dim = c(7L, 5L), .Dimnames = structure(list(
        c("-3", "-2", "-1", "0", "1", "2", NA), c("-", "A", "C", 
        "G", NA)), .Names = c("", "")), class = "table"), N = 9902L), 
    Tag.Distribution = structure(c(`1` = 248L, `2` = 99L, `3` = 81L, 
    `4` = 90L, `5` = 79L, `6` = 57L, `7` = 64L, `8` = 40L, `9` = 59L, 
    `10` = 46L, `11` = 30L, `12` = 16L, `13` = 27L, `14` = 33L, 
    `15` = 20L, `16` = 25L, `17` = 17L, `18` = 24L, `19` = 20L, 
    `20` = 18L, `21` = 11L, `22` = 19L, `23` = 12L, `24` = 7L, 
    `25` = 8L, `26` = 1L, `27` = 5L, `28` = 4L, `29` = 4L, `30` = 4L, 
    `31` = 4L, `32` = 3L, `33` = 3L, `34` = 2L, `36` = 3L, `38` = 2L, 
    `39` = 2L, `42` = 1L, `44` = 1L, `58` = 1L), .Dim = 40L, .Dimnames = structure(list(
        c("1", "2", "3", "4", "5", "6", "7", "8", "9", "10", 
        "11", "12", "13", "14", "15", "16", "17", "18", "19", 
        "20", "21", "22", "23", "24", "25", "26", "27", "28", 
        "29", "30", "31", "32", "33", "34", "36", "38", "39", 
        "42", "44", "58")), .Names = ""), class = "table"), No.Tag = structure(c(0L, 
    0L, 0L, 0L, 0L, 0L, 0L, 0L, 0L, 2L, 85L, 3L, 0L, 9L, 0L, 
    0L, 0L, 0L, 0L, 0L, 0L, 0L, 0L, 5L, 124L, 2L, 1L, 18L, 0L, 
    1L, 1L, 15L, 0L, 0L, 0L), .Dim = c(7L, 5L), .Dimnames = structure(list(
        c("-3", "-2", "-1", "0", "1", "2", NA), c("-", "A", "C", 
        "G", NA)), .Names = c("", "")), class = "table"), All.Tags = list(
        Concordant = list(Freqs = structure(c(0, 0, 0, 0, 0, 
        0, 0, 0, 2, 263, 3, 0, 0, 0, 0, 0, 0, 0, 0, 0, 16, 424, 
        7, 0), .Dim = c(6L, 4L), .Dimnames = list(c("-3", "-2", 
        "-1", "0", "1", "2"), c("-", "A", "C", "G"))), N = 715), 
        Majority = list(Freqs = structure(c(0, 0, 0, 0, 0, 0, 
        0, 0, 6, 444, 3, 0, 0, 0, 0, 0, 0, 0, 0, 0, 19, 651, 
        7, 0), .Dim = c(6L, 4L), .Dimnames = list(c("-3", "-2", 
        "-1", "0", "1", "2"), c("-", "A", "C", "G"))), N = 1130)), 
    `2` = structure(c(0, 0, 0, 0, 0, 0, 0, 0, 5, 365, 2, 0, 0, 
    0, 0, 0, 0, 0, 0, 0, 10, 533, 1, 0), .Dim = c(6L, 4L), .Dimnames = list(
        c("-3", "-2", "-1", "0", "1", "2"), c("-", "A", "C", 
        "G"))))))
