Results <-
list(`bwaOutput/20210421msiMNRsJenny/229619_S57.sam` = list(LR48_SNP1 = list(
    All = list(Freqs = structure(c(0L, 0L, 1L, 0L, 0L, 0L, 14L, 
    414L, 13162L, 204L, 5L, 77L, 0L, 0L, 1L, 0L, 0L, 0L, 0L, 
    2L, 21L, 0L, 0L, 0L, 0L, 5L, 341L, 4L, 0L, 0L), .Dim = 6:5, .Dimnames = structure(list(
        c("-2", "-1", "0", "1", "2", NA), c("A", "C", "G", "T", 
        NA)), .Names = c("", "")), class = "table"), N = 14251L), 
    Tag.Distribution = structure(c(`1` = 258L, `2` = 99L, `3` = 67L, 
    `4` = 76L, `5` = 59L, `6` = 62L, `7` = 38L, `8` = 57L, `9` = 52L, 
    `10` = 40L, `11` = 33L, `12` = 42L, `13` = 36L, `14` = 34L, 
    `15` = 31L, `16` = 23L, `17` = 36L, `18` = 33L, `19` = 27L, 
    `20` = 28L, `21` = 24L, `22` = 14L, `23` = 16L, `24` = 20L, 
    `25` = 15L, `26` = 11L, `27` = 12L, `28` = 7L, `29` = 8L, 
    `30` = 13L, `31` = 6L, `32` = 5L, `33` = 3L, `34` = 2L, `35` = 2L, 
    `36` = 9L, `37` = 3L, `38` = 1L, `39` = 5L, `40` = 3L, `41` = 4L, 
    `42` = 4L, `43` = 2L, `45` = 1L, `46` = 2L, `48` = 2L, `49` = 1L, 
    `50` = 1L, `51` = 1L, `56` = 1L), .Dim = 50L, .Dimnames = structure(list(
        c("1", "2", "3", "4", "5", "6", "7", "8", "9", "10", 
        "11", "12", "13", "14", "15", "16", "17", "18", "19", 
        "20", "21", "22", "23", "24", "25", "26", "27", "28", 
        "29", "30", "31", "32", "33", "34", "35", "36", "37", 
        "38", "39", "40", "41", "42", "43", "45", "46", "48", 
        "49", "50", "51", "56")), .Names = ""), class = "table"), 
    No.Tag = structure(c(0L, 0L, 0L, 0L, 0L, 0L, 1L, 11L, 367L, 
    3L, 0L, 4L, 0L, 0L, 0L, 0L, 0L, 0L, 0L, 0L, 0L, 0L, 0L, 0L, 
    0L, 1L, 32L, 0L, 0L, 0L), .Dim = 6:5, .Dimnames = structure(list(
        c("-2", "-1", "0", "1", "2", NA), c("A", "C", "G", "T", 
        NA)), .Names = c("", "")), class = "table"), All.Tags = list(
        Concordant = list(Freqs = structure(c(0, 0, 0, 0, 0, 
        0, 13, 898, 2, 0, 0, 0, 0, 0, 0, 0, 2, 4, 0, 0), .Dim = 5:4, .Dimnames = list(
            c("-2", "-1", "0", "1", "2"), c("A", "C", "G", "T"
            ))), N = 919), Majority = list(Freqs = structure(c(0, 
        0, 0, 0, 0, 0, 18, 1269, 3, 0, 0, 0, 0, 0, 0, 0, 2, 4, 
        0, 0), .Dim = 5:4, .Dimnames = list(c("-2", "-1", "0", 
        "1", "2"), c("A", "C", "G", "T"))), N = 1296)), `2` = structure(c(0, 
    0, 0, 0, 0, 0, 7, 1053, 1, 0, 0, 0, 0, 0, 0, 0, 0, 1, 0, 
    0), .Dim = 5:4, .Dimnames = list(c("-2", "-1", "0", "1", 
    "2"), c("A", "C", "G", "T"))))))
