Results <-
list(`bwaOutput/20210421msiMNRsJenny/229619_S57.sam` = list(LR46_SNP1 = list(
    All = list(Freqs = structure(c(0L, 1L, 0L, 0L, 6L, 2178L, 
    6L, 10L, 13L, 4172L, 16L, 7L, 0L, 45L, 0L, 0L), .Dim = c(4L, 
    4L), .Dimnames = structure(list(c("-1", "0", "1", NA), c("A", 
    "G", "T", NA)), .Names = c("", "")), class = "table"), N = 6454L), 
    Tag.Distribution = structure(c(`1` = 187L, `2` = 74L, `3` = 64L, 
    `4` = 51L, `5` = 55L, `6` = 44L, `7` = 31L, `8` = 29L, `9` = 30L, 
    `10` = 32L, `11` = 28L, `12` = 26L, `13` = 13L, `14` = 16L, 
    `15` = 15L, `16` = 7L, `17` = 13L, `18` = 20L, `19` = 11L, 
    `20` = 6L, `21` = 8L, `22` = 6L, `23` = 8L, `24` = 9L, `25` = 4L, 
    `26` = 6L, `27` = 4L, `28` = 4L, `29` = 1L, `30` = 3L, `32` = 1L, 
    `34` = 1L, `35` = 2L, `36` = 2L, `37` = 1L, `39` = 2L), .Dim = 36L, .Dimnames = structure(list(
        c("1", "2", "3", "4", "5", "6", "7", "8", "9", "10", 
        "11", "12", "13", "14", "15", "16", "17", "18", "19", 
        "20", "21", "22", "23", "24", "25", "26", "27", "28", 
        "29", "30", "32", "34", "35", "36", "37", "39")), .Names = ""), class = "table"), 
    No.Tag = structure(c(0L, 0L, 0L, 0L, 0L, 109L, 0L, 0L, 0L, 
    153L, 0L, 0L, 0L, 5L, 0L, 0L), .Dim = c(4L, 4L), .Dimnames = structure(list(
        c("-1", "0", "1", NA), c("A", "G", "T", NA)), .Names = c("", 
    "")), class = "table"), All.Tags = list(Concordant = list(
        Freqs = structure(c(0, 0, 0, 1, 234, 1, 3, 497, 0), .Dim = c(3L, 
        3L), .Dimnames = list(c("-1", "0", "1"), c("A", "G", 
        "T"))), N = 736), Majority = list(Freqs = structure(c(0, 
    0, 0, 1, 258, 1, 3, 538, 1), .Dim = c(3L, 3L), .Dimnames = list(
        c("-1", "0", "1"), c("A", "G", "T"))), N = 802)), `2` = structure(c(0, 
    0, 0, 0, 191, 0, 1, 428, 1), .Dim = c(3L, 3L), .Dimnames = list(
        c("-1", "0", "1"), c("A", "G", "T"))))))
