Results <-
list(`bwaOutput/20210421msiMNRsJenny/229995_S56.sam` = list(GM09_SNP1 = list(
    All = list(Freqs = structure(c(10L, 2956L, 6L, 1L, 10L, 1311L, 
    1L, 2L, 0L, 14L, 0L, 0L), .Dim = 4:3, .Dimnames = structure(list(
        c("-1", "0", "1", NA), c("A", "G", NA)), .Names = c("", 
    "")), class = "table"), N = 4311L), Tag.Distribution = structure(c(`1` = 97L, 
    `2` = 30L, `3` = 18L, `4` = 17L, `5` = 22L, `6` = 21L, `7` = 16L, 
    `8` = 11L, `9` = 11L, `10` = 10L, `11` = 6L, `12` = 10L, 
    `13` = 8L, `14` = 9L, `15` = 13L, `16` = 5L, `17` = 6L, `18` = 7L, 
    `19` = 6L, `20` = 10L, `21` = 7L, `23` = 2L, `24` = 6L, `25` = 2L, 
    `26` = 3L, `27` = 4L, `28` = 5L, `29` = 5L, `30` = 3L, `31` = 4L, 
    `32` = 1L, `33` = 2L, `34` = 3L, `35` = 2L, `36` = 3L, `37` = 4L, 
    `38` = 1L, `41` = 2L, `42` = 1L, `43` = 1L, `45` = 1L, `46` = 1L, 
    `47` = 1L, `60` = 1L, `61` = 1L), .Dim = 45L, .Dimnames = structure(list(
        c("1", "2", "3", "4", "5", "6", "7", "8", "9", "10", 
        "11", "12", "13", "14", "15", "16", "17", "18", "19", 
        "20", "21", "23", "24", "25", "26", "27", "28", "29", 
        "30", "31", "32", "33", "34", "35", "36", "37", "38", 
        "41", "42", "43", "45", "46", "47", "60", "61")), .Names = ""), class = "table"), 
    No.Tag = structure(c(0L, 66L, 0L, 0L, 1L, 32L, 0L, 1L, 0L, 
    2L, 0L, 0L), .Dim = 4:3, .Dimnames = structure(list(c("-1", 
    "0", "1", NA), c("A", "G", NA)), .Names = c("", "")), class = "table"), 
    All.Tags = list(Concordant = list(Freqs = structure(c(0, 
    260, 1, 0, 100, 0), .Dim = 3:2, .Dimnames = list(c("-1", 
    "0", "1"), c("A", "G"))), N = 361), Majority = list(Freqs = structure(c(0, 
    276, 1, 0, 119, 0), .Dim = 3:2, .Dimnames = list(c("-1", 
    "0", "1"), c("A", "G"))), N = 396)), `2` = structure(c(0, 
    214, 0, 0, 87, 0), .Dim = 3:2, .Dimnames = list(c("-1", "0", 
    "1"), c("A", "G"))))))
