Results <-
list(`bwaOutput/20210421msiMNRsJenny/229995_S56.sam` = list(LR52_SNP1 = list(
    All = list(Freqs = structure(c(25L, 12L, 292L, 2067L, 9L, 
    0L, 25L, 1L, 31L, 259L, 2467L, 30L, 1L, 25L, 0L, 0L, 14L, 
    691L, 6L, 1L, 0L), .Dim = c(7L, 3L), .Dimnames = structure(list(
        c("-3", "-2", "-1", "0", "1", "2", NA), c("C", "T", NA
        )), .Names = c("", "")), class = "table"), N = 5956L), 
    Tag.Distribution = structure(c(`1` = 89L, `2` = 35L, `3` = 26L, 
    `4` = 21L, `5` = 19L, `6` = 15L, `7` = 10L, `8` = 25L, `9` = 12L, 
    `10` = 21L, `11` = 13L, `12` = 16L, `13` = 16L, `14` = 15L, 
    `15` = 13L, `16` = 13L, `17` = 7L, `18` = 7L, `19` = 9L, 
    `20` = 7L, `21` = 6L, `22` = 6L, `23` = 4L, `24` = 4L, `25` = 4L, 
    `26` = 6L, `27` = 4L, `28` = 5L, `29` = 7L, `30` = 6L, `31` = 4L, 
    `32` = 5L, `33` = 2L, `34` = 4L, `35` = 3L, `36` = 8L, `37` = 1L, 
    `38` = 2L, `39` = 3L, `40` = 1L, `42` = 2L, `47` = 1L, `49` = 1L, 
    `54` = 1L, `57` = 1L, `59` = 1L, `61` = 1L), .Dim = 47L, .Dimnames = structure(list(
        c("1", "2", "3", "4", "5", "6", "7", "8", "9", "10", 
        "11", "12", "13", "14", "15", "16", "17", "18", "19", 
        "20", "21", "22", "23", "24", "25", "26", "27", "28", 
        "29", "30", "31", "32", "33", "34", "35", "36", "37", 
        "38", "39", "40", "42", "47", "49", "54", "57", "59", 
        "61")), .Names = ""), class = "table"), No.Tag = structure(c(24L, 
    0L, 5L, 39L, 0L, 0L, 2L, 0L, 0L, 17L, 132L, 1L, 0L, 0L, 0L, 
    0L, 1L, 35L, 1L, 0L, 0L), .Dim = c(7L, 3L), .Dimnames = structure(list(
        c("-3", "-2", "-1", "0", "1", "2", NA), c("C", "T", NA
        )), .Names = c("", "")), class = "table"), All.Tags = list(
        Concordant = list(Freqs = structure(c(0, 0, 9, 98, 0, 
        0, 0, 2, 4, 98, 3, 0), .Dim = c(6L, 2L), .Dimnames = list(
            c("-3", "-2", "-1", "0", "1", "2"), c("C", "T"))), 
            N = 214), Majority = list(Freqs = structure(c(0, 
        0, 10, 203, 0, 0, 0, 2, 9, 218, 3, 0), .Dim = c(6L, 2L
        ), .Dimnames = list(c("-3", "-2", "-1", "0", "1", "2"
        ), c("C", "T"))), N = 445)), `2` = structure(c(0, 0, 
    5, 180, 0, 0, 0, 0, 6, 189, 0, 0), .Dim = c(6L, 2L), .Dimnames = list(
        c("-3", "-2", "-1", "0", "1", "2"), c("C", "T"))))))
