Results <-
list(`bwaOutput/20210421msiMNRsJenny/229995_S56.sam` = list(GM26_SNP1 = list(
    All = list(Freqs = structure(c(0L, 2L, 31L, 4446L, 11L, 5L, 
    1L, 2L, 58L, 3042L, 6L, 2L, 0L, 0L, 4L, 116L, 2L, 0L), .Dim = c(6L, 
    3L), .Dimnames = structure(list(c("-3", "-2", "-1", "0", 
    "1", NA), c("A", "G", NA)), .Names = c("", "")), class = "table"), 
        N = 7728L), Tag.Distribution = structure(c(`1` = 110L, 
    `2` = 55L, `3` = 32L, `4` = 33L, `5` = 29L, `6` = 32L, `7` = 28L, 
    `8` = 28L, `9` = 21L, `10` = 16L, `11` = 22L, `12` = 22L, 
    `13` = 16L, `14` = 9L, `15` = 12L, `16` = 20L, `17` = 10L, 
    `18` = 12L, `19` = 9L, `20` = 15L, `21` = 9L, `22` = 6L, 
    `23` = 13L, `24` = 6L, `25` = 4L, `26` = 4L, `27` = 5L, `28` = 6L, 
    `29` = 6L, `30` = 3L, `31` = 6L, `32` = 4L, `33` = 9L, `34` = 2L, 
    `36` = 2L, `37` = 5L, `38` = 3L, `39` = 2L, `40` = 3L, `41` = 1L, 
    `42` = 3L, `43` = 2L, `44` = 1L, `45` = 1L, `46` = 1L, `47` = 2L, 
    `48` = 2L, `49` = 1L, `50` = 3L, `67` = 1L, `86` = 1L, `95` = 1L
    ), .Dim = 52L, .Dimnames = structure(list(c("1", "2", "3", 
    "4", "5", "6", "7", "8", "9", "10", "11", "12", "13", "14", 
    "15", "16", "17", "18", "19", "20", "21", "22", "23", "24", 
    "25", "26", "27", "28", "29", "30", "31", "32", "33", "34", 
    "36", "37", "38", "39", "40", "41", "42", "43", "44", "45", 
    "46", "47", "48", "49", "50", "67", "86", "95")), .Names = ""), class = "table"), 
    No.Tag = structure(c(0L, 0L, 1L, 124L, 0L, 1L, 0L, 0L, 0L, 
    36L, 0L, 0L, 0L, 0L, 0L, 7L, 0L, 0L), .Dim = c(6L, 3L), .Dimnames = structure(list(
        c("-3", "-2", "-1", "0", "1", NA), c("A", "G", NA)), .Names = c("", 
    "")), class = "table"), All.Tags = list(Concordant = list(
        Freqs = structure(c(0, 0, 0, 335, 1, 0, 0, 2, 210, 0), .Dim = c(5L, 
        2L), .Dimnames = list(c("-3", "-2", "-1", "0", "1"), 
            c("A", "G"))), N = 548), Majority = list(Freqs = structure(c(0, 
    0, 0, 386, 1, 0, 0, 3, 250, 0), .Dim = c(5L, 2L), .Dimnames = list(
        c("-3", "-2", "-1", "0", "1"), c("A", "G"))), N = 640)), 
    `2` = structure(c(0, 0, 0, 320, 0, 0, 0, 2, 213, 0), .Dim = c(5L, 
    2L), .Dimnames = list(c("-3", "-2", "-1", "0", "1"), c("A", 
    "G"))))))
