Results <-
list(`bwaOutput/20210421msiMNRsJenny/229995_S56.sam` = list(LR17_SNP1 = list(
    All = list(Freqs = structure(c(3L, 22L, 514L, 10698L, 127L, 
    1L, 73L, 0L, 0L, 0L, 6L, 0L, 0L, 0L, 0L, 0L, 19L, 801L, 2L, 
    0L, 0L), .Dim = c(7L, 3L), .Dimnames = structure(list(c("-3", 
    "-2", "-1", "0", "1", "2", NA), c("A", "G", NA)), .Names = c("", 
    "")), class = "table"), N = 12266L), Tag.Distribution = structure(c(`1` = 287L, 
    `2` = 49L, `3` = 39L, `4` = 35L, `5` = 43L, `6` = 36L, `7` = 32L, 
    `8` = 24L, `9` = 23L, `10` = 30L, `11` = 23L, `12` = 16L, 
    `13` = 25L, `14` = 23L, `15` = 22L, `16` = 20L, `17` = 17L, 
    `18` = 15L, `19` = 20L, `20` = 9L, `21` = 16L, `22` = 12L, 
    `23` = 13L, `24` = 8L, `25` = 12L, `26` = 12L, `27` = 6L, 
    `28` = 12L, `29` = 16L, `30` = 6L, `31` = 12L, `32` = 10L, 
    `33` = 6L, `34` = 8L, `35` = 6L, `36` = 11L, `37` = 6L, `38` = 4L, 
    `39` = 3L, `40` = 7L, `41` = 9L, `42` = 4L, `43` = 2L, `44` = 2L, 
    `45` = 3L, `48` = 1L, `50` = 2L, `51` = 2L, `53` = 1L, `54` = 1L, 
    `56` = 1L, `59` = 1L, `60` = 2L, `62` = 1L, `89` = 1L), .Dim = 55L, .Dimnames = structure(list(
        c("1", "2", "3", "4", "5", "6", "7", "8", "9", "10", 
        "11", "12", "13", "14", "15", "16", "17", "18", "19", 
        "20", "21", "22", "23", "24", "25", "26", "27", "28", 
        "29", "30", "31", "32", "33", "34", "35", "36", "37", 
        "38", "39", "40", "41", "42", "43", "44", "45", "48", 
        "50", "51", "53", "54", "56", "59", "60", "62", "89")), .Names = ""), class = "table"), 
    No.Tag = structure(c(0L, 4L, 16L, 366L, 6L, 0L, 4L, 0L, 0L, 
    0L, 0L, 0L, 0L, 0L, 0L, 0L, 0L, 39L, 1L, 0L, 0L), .Dim = c(7L, 
    3L), .Dimnames = structure(list(c("-3", "-2", "-1", "0", 
    "1", "2", NA), c("A", "G", NA)), .Names = c("", "")), class = "table"), 
    All.Tags = list(Concordant = list(Freqs = structure(c(0, 
    0, 7, 653, 4, 0, 0, 0, 0, 0, 0, 0), .Dim = c(6L, 2L), .Dimnames = list(
        c("-3", "-2", "-1", "0", "1", "2"), c("A", "G"))), N = 664), 
        Majority = list(Freqs = structure(c(0, 0, 13, 957, 4, 
        0, 0, 0, 0, 0, 0, 0), .Dim = c(6L, 2L), .Dimnames = list(
            c("-3", "-2", "-1", "0", "1", "2"), c("A", "G"))), 
            N = 974)), `2` = structure(c(0, 0, 9, 706, 0, 0, 
    0, 0, 0, 0, 0, 0), .Dim = c(6L, 2L), .Dimnames = list(c("-3", 
    "-2", "-1", "0", "1", "2"), c("A", "G"))))))
