Results <-
list(`bwaOutput/20210421msiMNRsJenny/229995_S56.sam` = list(GM07_SNP1 = list(
    All = list(Freqs = structure(c(0L, 1L, 4L, 1L, 0L, 3L, 10L, 
    366L, 6289L, 191L, 5L, 128L, 0L, 0L, 4L, 0L, 0L, 0L, 0L, 
    5L, 133L, 2L, 0L, 0L), .Dim = c(6L, 4L), .Dimnames = structure(list(
        c("-2", "-1", "0", "1", "2", NA), c("A", "G", "T", NA
        )), .Names = c("", "")), class = "table"), N = 7142L), 
    Tag.Distribution = structure(c(`1` = 171L, `2` = 46L, `3` = 35L, 
    `4` = 32L, `5` = 28L, `6` = 19L, `7` = 26L, `8` = 18L, `9` = 22L, 
    `10` = 23L, `11` = 20L, `12` = 20L, `13` = 21L, `14` = 23L, 
    `15` = 16L, `16` = 16L, `17` = 11L, `18` = 12L, `19` = 7L, 
    `20` = 6L, `21` = 9L, `22` = 4L, `23` = 6L, `24` = 5L, `25` = 7L, 
    `26` = 4L, `27` = 5L, `28` = 2L, `29` = 1L, `30` = 3L, `31` = 9L, 
    `32` = 5L, `33` = 1L, `34` = 4L, `35` = 3L, `36` = 5L, `37` = 6L, 
    `38` = 3L, `39` = 1L, `40` = 5L, `41` = 1L, `42` = 1L, `43` = 1L, 
    `44` = 1L, `45` = 5L, `47` = 1L, `48` = 1L, `54` = 1L, `99` = 1L
    ), .Dim = 49L, .Dimnames = structure(list(c("1", "2", "3", 
    "4", "5", "6", "7", "8", "9", "10", "11", "12", "13", "14", 
    "15", "16", "17", "18", "19", "20", "21", "22", "23", "24", 
    "25", "26", "27", "28", "29", "30", "31", "32", "33", "34", 
    "35", "36", "37", "38", "39", "40", "41", "42", "43", "44", 
    "45", "47", "48", "54", "99")), .Names = ""), class = "table"), 
    No.Tag = structure(c(0L, 1L, 1L, 0L, 0L, 1L, 0L, 3L, 161L, 
    5L, 0L, 16L, 0L, 0L, 0L, 0L, 0L, 0L, 0L, 0L, 8L, 0L, 0L, 
    0L), .Dim = c(6L, 4L), .Dimnames = structure(list(c("-2", 
    "-1", "0", "1", "2", NA), c("A", "G", "T", NA)), .Names = c("", 
    "")), class = "table"), All.Tags = list(Concordant = list(
        Freqs = structure(c(0, 0, 2, 0, 0, 0, 9, 366, 3, 0, 0, 
        0, 1, 0, 0), .Dim = c(5L, 3L), .Dimnames = list(c("-2", 
        "-1", "0", "1", "2"), c("A", "G", "T"))), N = 381), Majority = list(
        Freqs = structure(c(0, 0, 2, 0, 0, 0, 11, 629, 3, 0, 
        0, 0, 1, 0, 0), .Dim = c(5L, 3L), .Dimnames = list(c("-2", 
        "-1", "0", "1", "2"), c("A", "G", "T"))), N = 646)), 
    `2` = structure(c(0, 0, 0, 0, 0, 0, 3, 496, 0, 0, 0, 0, 0, 
    0, 0), .Dim = c(5L, 3L), .Dimnames = list(c("-2", "-1", "0", 
    "1", "2"), c("A", "G", "T"))))))
