Results <-
list(`bwaOutput/20210421msiMNRsJenny/229995_S56.sam` = list(GM14_SNP1 = list(
    All = list(Freqs = structure(c(1L, 18L, 718L, 7L, 1L, 3L, 
    0L, 26L, 854L, 5L, 0L, 0L, 0L, 0L, 13L, 0L, 0L, 0L), .Dim = c(6L, 
    3L), .Dimnames = structure(list(c("-3", "-1", "0", "1", "2", 
    NA), c("C", "T", NA)), .Names = c("", "")), class = "table"), 
        N = 1646L), Tag.Distribution = structure(c(`1` = 43L, 
    `2` = 9L, `3` = 13L, `4` = 11L, `5` = 10L, `6` = 4L, `7` = 9L, 
    `8` = 10L, `9` = 4L, `10` = 3L, `11` = 1L, `12` = 6L, `13` = 2L, 
    `14` = 3L, `16` = 6L, `17` = 2L, `18` = 1L, `19` = 3L, `20` = 5L, 
    `21` = 1L, `23` = 3L, `25` = 2L, `26` = 1L, `27` = 2L, `29` = 2L, 
    `30` = 1L, `32` = 1L, `34` = 2L, `38` = 3L, `39` = 1L, `41` = 1L, 
    `42` = 3L), .Dim = 32L, .Dimnames = structure(list(c("1", 
    "2", "3", "4", "5", "6", "7", "8", "9", "10", "11", "12", 
    "13", "14", "16", "17", "18", "19", "20", "21", "23", "25", 
    "26", "27", "29", "30", "32", "34", "38", "39", "41", "42"
    )), .Names = ""), class = "table"), No.Tag = structure(c(0L, 
    0L, 10L, 0L, 0L, 0L, 0L, 1L, 24L, 0L, 0L, 0L, 0L, 0L, 0L, 
    0L, 0L, 0L), .Dim = c(6L, 3L), .Dimnames = structure(list(
        c("-3", "-1", "0", "1", "2", NA), c("C", "T", NA)), .Names = c("", 
    "")), class = "table"), All.Tags = list(Concordant = list(
        Freqs = structure(c(1, 0, 65, 0, 0, 0, 0, 65, 0, 0), .Dim = c(5L, 
        2L), .Dimnames = list(c("-3", "-1", "0", "1", "2"), c("C", 
        "T"))), N = 131), Majority = list(Freqs = structure(c(1, 
    0, 81, 0, 0, 0, 1, 81, 0, 0), .Dim = c(5L, 2L), .Dimnames = list(
        c("-3", "-1", "0", "1", "2"), c("C", "T"))), N = 164)), 
    `2` = structure(c(0, 0, 57, 0, 0, 0, 1, 66, 0, 0), .Dim = c(5L, 
    2L), .Dimnames = list(c("-3", "-1", "0", "1", "2"), c("C", 
    "T"))))))
