Results <-
list(`bwaOutput/20210421msiMNRsJenny/229995_S56.sam` = list(LR11_SNP1 = list(
    All = list(Freqs = structure(c(0L, 0L, 1L, 0L, 1L, 15L, 480L, 
    5L, 1L, 12L, 376L, 2L, 0L, 0L, 29L, 0L), .Dim = c(4L, 4L), .Dimnames = structure(list(
        c("-2", "-1", "0", "1"), c("-", "A", "C", NA)), .Names = c("", 
    "")), class = "table"), N = 922L), Tag.Distribution = structure(c(`1` = 35L, 
    `2` = 4L, `3` = 5L, `4` = 3L, `5` = 9L, `6` = 2L, `7` = 3L, 
    `8` = 10L, `9` = 3L, `10` = 1L, `11` = 2L, `12` = 2L, `13` = 2L, 
    `14` = 3L, `15` = 1L, `16` = 1L, `18` = 3L, `19` = 1L, `22` = 2L, 
    `26` = 3L, `27` = 1L, `28` = 1L, `29` = 1L, `30` = 1L, `32` = 1L, 
    `36` = 1L, `40` = 1L, `41` = 1L, `44` = 1L), .Dim = 29L, .Dimnames = structure(list(
        c("1", "2", "3", "4", "5", "6", "7", "8", "9", "10", 
        "11", "12", "13", "14", "15", "16", "18", "19", "22", 
        "26", "27", "28", "29", "30", "32", "36", "40", "41", 
        "44")), .Names = ""), class = "table"), No.Tag = structure(c(0L, 
    0L, 0L, 0L, 0L, 0L, 0L, 3L, 0L, 0L, 0L, 0L, 7L, 0L, 0L, 0L, 
    0L, 0L, 0L, 0L), .Dim = 5:4, .Dimnames = structure(list(c("-2", 
    "-1", "0", "1", NA), c("-", "A", "C", NA)), .Names = c("", 
    "")), class = "table"), All.Tags = list(Concordant = list(
        Freqs = structure(c(0, 0, 0, 0, 0, 0, 44, 0, 0, 0, 36, 
        0), .Dim = 4:3, .Dimnames = list(c("-2", "-1", "0", "1"
        ), c("-", "A", "C"))), N = 80), Majority = list(Freqs = structure(c(0, 
    0, 0, 0, 0, 0, 56, 0, 0, 0, 46, 0), .Dim = 4:3, .Dimnames = list(
        c("-2", "-1", "0", "1"), c("-", "A", "C"))), N = 102)), 
    `2` = structure(c(0, 0, 0, 0, 0, 0, 39, 0, 0, 0, 30, 0), .Dim = 4:3, .Dimnames = list(
        c("-2", "-1", "0", "1"), c("-", "A", "C"))))))
