Results <-
list(`bwaOutput/20210421msiMNRsJenny/229995_S56.sam` = list(DEPDC2_SNP1 = list(
    All = list(Freqs = structure(c(0L, 0L, 1L, 0L, 0L, 0L, 1L, 
    12L, 0L, 0L, 0L, 0L, 1L, 0L, 0L, 1L, 76L, 12586L, 46L, 44L, 
    0L, 0L, 116L, 0L, 0L), .Dim = c(5L, 5L), .Dimnames = structure(list(
        c("-2", "-1", "0", "1", NA), c("A", "C", "G", "T", NA
        )), .Names = c("", "")), class = "table"), N = 12884L), 
    Tag.Distribution = structure(c(`1` = 316L, `2` = 72L, `3` = 78L, 
    `4` = 60L, `5` = 52L, `6` = 55L, `7` = 45L, `8` = 35L, `9` = 29L, 
    `10` = 44L, `11` = 30L, `12` = 32L, `13` = 36L, `14` = 26L, 
    `15` = 22L, `16` = 12L, `17` = 15L, `18` = 22L, `19` = 9L, 
    `20` = 18L, `21` = 20L, `22` = 19L, `23` = 9L, `24` = 10L, 
    `25` = 7L, `26` = 9L, `27` = 9L, `28` = 7L, `29` = 13L, `30` = 6L, 
    `31` = 13L, `32` = 11L, `33` = 9L, `34` = 9L, `35` = 5L, 
    `36` = 6L, `37` = 3L, `38` = 3L, `39` = 2L, `40` = 2L, `41` = 6L, 
    `42` = 6L, `43` = 6L, `44` = 2L, `45` = 2L, `47` = 1L, `49` = 2L, 
    `52` = 1L, `54` = 1L, `55` = 2L, `56` = 1L, `59` = 1L, `73` = 1L, 
    `76` = 1L), .Dim = 54L, .Dimnames = structure(list(c("1", 
    "2", "3", "4", "5", "6", "7", "8", "9", "10", "11", "12", 
    "13", "14", "15", "16", "17", "18", "19", "20", "21", "22", 
    "23", "24", "25", "26", "27", "28", "29", "30", "31", "32", 
    "33", "34", "35", "36", "37", "38", "39", "40", "41", "42", 
    "43", "44", "45", "47", "49", "52", "54", "55", "56", "59", 
    "73", "76")), .Names = ""), class = "table"), No.Tag = structure(c(0L, 
    0L, 0L, 0L, 0L, 0L, 0L, 0L, 0L, 0L, 0L, 0L, 0L, 0L, 0L, 0L, 
    1L, 422L, 1L, 3L, 0L, 0L, 6L, 0L, 0L), .Dim = c(5L, 5L), .Dimnames = structure(list(
        c("-2", "-1", "0", "1", NA), c("A", "C", "G", "T", NA
        )), .Names = c("", "")), class = "table"), All.Tags = list(
        Concordant = list(Freqs = structure(c(0, 0, 0, 0, 0, 
        1, 2, 0, 0, 0, 0, 0, 0, 0, 1089, 0), .Dim = c(4L, 4L), .Dimnames = list(
            c("-2", "-1", "0", "1"), c("A", "C", "G", "T"))), 
            N = 1092), Majority = list(Freqs = structure(c(0, 
        0, 0, 0, 0, 1, 2, 0, 0, 0, 0, 0, 0, 0, 1194, 0), .Dim = c(4L, 
        4L), .Dimnames = list(c("-2", "-1", "0", "1"), c("A", 
        "C", "G", "T"))), N = 1197)), `2` = structure(c(0, 0, 
    0, 0, 0, 0, 1, 0, 0, 0, 0, 0, 0, 0, 895, 0), .Dim = c(4L, 
    4L), .Dimnames = list(c("-2", "-1", "0", "1"), c("A", "C", 
    "G", "T"))))))
