Results <-
list(`bwaOutput/20210421msiMNRsJenny/229995_S56.sam` = list(GM17_SNP1 = list(
    All = list(Freqs = structure(c(0L, 0L, 0L, 2L, 0L, 0L, 0L, 
    1L, 1L, 92L, 8111L, 26L, 1L, 5L, 0L, 0L, 128L, 8382L, 22L, 
    0L, 4L, 0L, 0L, 6L, 546L, 2L, 0L, 0L), .Dim = c(7L, 4L), .Dimnames = structure(list(
        c("-3", "-2", "-1", "0", "1", "2", NA), c("A", "C", "T", 
        NA)), .Names = c("", "")), class = "table"), N = 17329L), 
    Tag.Distribution = structure(c(`1` = 286L, `2` = 52L, `3` = 61L, 
    `4` = 66L, `5` = 48L, `6` = 55L, `7` = 55L, `8` = 37L, `9` = 39L, 
    `10` = 40L, `11` = 48L, `12` = 32L, `13` = 27L, `14` = 44L, 
    `15` = 33L, `16` = 28L, `17` = 34L, `18` = 20L, `19` = 26L, 
    `20` = 21L, `21` = 18L, `22` = 17L, `23` = 14L, `24` = 21L, 
    `25` = 8L, `26` = 8L, `27` = 11L, `28` = 8L, `29` = 16L, 
    `30` = 13L, `31` = 4L, `32` = 15L, `33` = 7L, `34` = 11L, 
    `35` = 10L, `36` = 4L, `37` = 9L, `38` = 6L, `39` = 11L, 
    `40` = 8L, `41` = 5L, `42` = 8L, `43` = 7L, `44` = 4L, `45` = 5L, 
    `46` = 3L, `47` = 2L, `48` = 5L, `49` = 7L, `50` = 2L, `51` = 1L, 
    `52` = 1L, `53` = 1L, `54` = 2L, `55` = 2L, `57` = 1L, `58` = 2L, 
    `59` = 1L, `66` = 1L, `76` = 1L, `98` = 1L), .Dim = 61L, .Dimnames = structure(list(
        c("1", "2", "3", "4", "5", "6", "7", "8", "9", "10", 
        "11", "12", "13", "14", "15", "16", "17", "18", "19", 
        "20", "21", "22", "23", "24", "25", "26", "27", "28", 
        "29", "30", "31", "32", "33", "34", "35", "36", "37", 
        "38", "39", "40", "41", "42", "43", "44", "45", "46", 
        "47", "48", "49", "50", "51", "52", "53", "54", "55", 
        "57", "58", "59", "66", "76", "98")), .Names = ""), class = "table"), 
    No.Tag = structure(c(0L, 0L, 0L, 1L, 0L, 0L, 0L, 0L, 0L, 
    1L, 151L, 1L, 0L, 0L, 0L, 0L, 2L, 257L, 1L, 0L, 1L, 0L, 0L, 
    1L, 22L, 0L, 0L, 0L), .Dim = c(7L, 4L), .Dimnames = structure(list(
        c("-3", "-2", "-1", "0", "1", "2", NA), c("A", "C", "T", 
        NA)), .Names = c("", "")), class = "table"), All.Tags = list(
        Concordant = list(Freqs = structure(c(0, 0, 0, 0, 0, 
        0, 0, 1, 0, 475, 0, 0, 0, 0, 4, 539, 0, 0), .Dim = c(6L, 
        3L), .Dimnames = list(c("-3", "-2", "-1", "0", "1", "2"
        ), c("A", "C", "T"))), N = 1019), Majority = list(Freqs = structure(c(0, 
        0, 0, 0, 0, 0, 0, 1, 0, 625, 0, 0, 0, 0, 4, 668, 0, 0
        ), .Dim = c(6L, 3L), .Dimnames = list(c("-3", "-2", "-1", 
        "0", "1", "2"), c("A", "C", "T"))), N = 1298)), `2` = structure(c(0, 
    0, 0, 0, 0, 0, 0, 0, 0, 494, 0, 0, 0, 0, 3, 535, 0, 0), .Dim = c(6L, 
    3L), .Dimnames = list(c("-3", "-2", "-1", "0", "1", "2"), 
        c("A", "C", "T"))))))
