Results <-
list(`bwaOutput/20210421msiMNRsJenny/229995_S56.sam` = list(LR46_SNP1 = list(
    All = list(Freqs = structure(c(0L, 1L, 0L, 0L, 0L, 2L, 0L, 
    0L, 10L, 3256L, 10L, 17L, 40L, 7478L, 17L, 7L, 1L, 79L, 0L, 
    0L), .Dim = 4:5, .Dimnames = structure(list(c("-1", "0", 
    "1", NA), c("A", "C", "G", "T", NA)), .Names = c("", "")), class = "table"), 
        N = 10918L), Tag.Distribution = structure(c(`1` = 214L, 
    `2` = 55L, `3` = 47L, `4` = 39L, `5` = 37L, `6` = 35L, `7` = 33L, 
    `8` = 23L, `9` = 27L, `10` = 31L, `11` = 22L, `12` = 16L, 
    `13` = 20L, `14` = 15L, `15` = 17L, `16` = 21L, `17` = 11L, 
    `18` = 9L, `19` = 11L, `20` = 7L, `21` = 14L, `22` = 14L, 
    `23` = 13L, `24` = 6L, `25` = 6L, `26` = 10L, `27` = 3L, 
    `28` = 7L, `29` = 10L, `30` = 8L, `31` = 10L, `32` = 5L, 
    `33` = 6L, `34` = 5L, `35` = 4L, `36` = 6L, `37` = 11L, `38` = 3L, 
    `39` = 5L, `40` = 3L, `41` = 3L, `42` = 4L, `43` = 2L, `44` = 1L, 
    `45` = 5L, `46` = 1L, `47` = 4L, `48` = 2L, `49` = 3L, `50` = 4L, 
    `51` = 1L, `52` = 2L, `54` = 1L, `55` = 2L, `56` = 1L, `57` = 1L, 
    `58` = 1L, `59` = 1L, `61` = 1L, `70` = 1L, `76` = 1L, `81` = 1L
    ), .Dim = 62L, .Dimnames = structure(list(c("1", "2", "3", 
    "4", "5", "6", "7", "8", "9", "10", "11", "12", "13", "14", 
    "15", "16", "17", "18", "19", "20", "21", "22", "23", "24", 
    "25", "26", "27", "28", "29", "30", "31", "32", "33", "34", 
    "35", "36", "37", "38", "39", "40", "41", "42", "43", "44", 
    "45", "46", "47", "48", "49", "50", "51", "52", "54", "55", 
    "56", "57", "58", "59", "61", "70", "76", "81")), .Names = ""), class = "table"), 
    No.Tag = structure(c(0L, 0L, 0L, 0L, 0L, 0L, 0L, 0L, 1L, 
    108L, 0L, 3L, 2L, 164L, 0L, 1L, 0L, 10L, 0L, 0L), .Dim = 4:5, .Dimnames = structure(list(
        c("-1", "0", "1", NA), c("A", "C", "G", "T", NA)), .Names = c("", 
    "")), class = "table"), All.Tags = list(Concordant = list(
        Freqs = structure(c(0, 0, 0, 0, 1, 0, 0, 231, 0, 1, 519, 
        1), .Dim = 3:4, .Dimnames = list(c("-1", "0", "1"), c("A", 
        "C", "G", "T"))), N = 753), Majority = list(Freqs = structure(c(0, 
    0, 0, 0, 1, 0, 0, 266, 0, 1, 589, 1), .Dim = 3:4, .Dimnames = list(
        c("-1", "0", "1"), c("A", "C", "G", "T"))), N = 858)), 
    `2` = structure(c(0, 0, 0, 0, 0, 0, 0, 196, 0, 0, 467, 0), .Dim = 3:4, .Dimnames = list(
        c("-1", "0", "1"), c("A", "C", "G", "T"))))))
