Results <-
list(`bwaOutput/20210421msiMNRsJenny/229995_S56.sam` = list(LR48_SNP1 = list(
    All = list(Freqs = structure(c(0L, 0L, 2L, 0L, 0L, 0L, 14L, 
    288L, 10893L, 188L, 4L, 55L, 0L, 1L, 5L, 0L, 0L, 0L, 0L, 
    5L, 244L, 3L, 0L, 0L), .Dim = c(6L, 4L), .Dimnames = structure(list(
        c("-2", "-1", "0", "1", "2", NA), c("A", "C", "T", NA
        )), .Names = c("", "")), class = "table"), N = 11702L), 
    Tag.Distribution = structure(c(`1` = 187L, `2` = 39L, `3` = 50L, 
    `4` = 32L, `5` = 36L, `6` = 32L, `7` = 26L, `8` = 33L, `9` = 31L, 
    `10` = 20L, `11` = 20L, `12` = 25L, `13` = 17L, `14` = 20L, 
    `15` = 20L, `16` = 13L, `17` = 6L, `18` = 13L, `19` = 15L, 
    `20` = 26L, `21` = 8L, `22` = 10L, `23` = 9L, `24` = 6L, 
    `25` = 10L, `26` = 6L, `27` = 7L, `28` = 12L, `29` = 7L, 
    `30` = 6L, `31` = 10L, `32` = 6L, `33` = 3L, `34` = 6L, `35` = 6L, 
    `36` = 1L, `37` = 6L, `38` = 10L, `39` = 1L, `40` = 4L, `42` = 3L, 
    `43` = 4L, `45` = 5L, `46` = 8L, `47` = 6L, `48` = 5L, `49` = 3L, 
    `50` = 4L, `51` = 2L, `52` = 4L, `53` = 2L, `55` = 2L, `58` = 2L, 
    `59` = 2L, `60` = 1L, `63` = 1L, `64` = 2L, `72` = 1L, `78` = 1L
    ), .Dim = 59L, .Dimnames = structure(list(c("1", "2", "3", 
    "4", "5", "6", "7", "8", "9", "10", "11", "12", "13", "14", 
    "15", "16", "17", "18", "19", "20", "21", "22", "23", "24", 
    "25", "26", "27", "28", "29", "30", "31", "32", "33", "34", 
    "35", "36", "37", "38", "39", "40", "42", "43", "45", "46", 
    "47", "48", "49", "50", "51", "52", "53", "55", "58", "59", 
    "60", "63", "64", "72", "78")), .Names = ""), class = "table"), 
    No.Tag = structure(c(0L, 0L, 1L, 0L, 0L, 0L, 0L, 5L, 338L, 
    2L, 0L, 3L, 0L, 0L, 0L, 0L, 0L, 0L, 0L, 1L, 16L, 0L, 0L, 
    0L), .Dim = c(6L, 4L), .Dimnames = structure(list(c("-2", 
    "-1", "0", "1", "2", NA), c("A", "C", "T", NA)), .Names = c("", 
    "")), class = "table"), All.Tags = list(Concordant = list(
        Freqs = structure(c(0, 0, 0, 0, 0, 0, 7, 543, 4, 0, 0, 
        1, 2, 0, 0), .Dim = c(5L, 3L), .Dimnames = list(c("-2", 
        "-1", "0", "1", "2"), c("A", "C", "T"))), N = 557), Majority = list(
        Freqs = structure(c(0, 0, 0, 0, 0, 0, 9, 821, 5, 0, 0, 
        1, 2, 0, 0), .Dim = c(5L, 3L), .Dimnames = list(c("-2", 
        "-1", "0", "1", "2"), c("A", "C", "T"))), N = 838)), 
    `2` = structure(c(0, 0, 0, 0, 0, 0, 2, 662, 1, 0, 0, 0, 0, 
    0, 0), .Dim = c(5L, 3L), .Dimnames = list(c("-2", "-1", "0", 
    "1", "2"), c("A", "C", "T"))))))
