Results <-
list(`bwaOutput/20210421msiMNRsJenny/229995_S56.sam` = list(LR36_SNP1 = list(
    All = list(Freqs = structure(c(0L, 1L, 9L, 0L, 0L, 0L, 1L, 
    0L, 0L, 1L, 0L, 0L, 0L, 0L, 3L, 69L, 2717L, 20L, 6L, 1L, 
    26L, 0L, 4L, 223L, 3L, 0L, 0L, 0L), .Dim = c(7L, 4L), .Dimnames = structure(list(
        c("-2", "-1", "0", "1", "2", "3", NA), c("A", "G", "T", 
        NA)), .Names = c("", "")), class = "table"), N = 3084L), 
    Tag.Distribution = structure(c(`1` = 82L, `2` = 27L, `3` = 27L, 
    `4` = 12L, `5` = 15L, `6` = 13L, `7` = 11L, `8` = 13L, `9` = 10L, 
    `10` = 17L, `11` = 9L, `12` = 14L, `13` = 10L, `14` = 10L, 
    `15` = 5L, `16` = 4L, `17` = 3L, `18` = 3L, `19` = 6L, `20` = 7L, 
    `21` = 3L, `22` = 6L, `23` = 3L, `24` = 2L, `25` = 2L, `26` = 2L, 
    `27` = 4L, `28` = 2L, `29` = 1L, `30` = 3L, `31` = 2L, `36` = 3L, 
    `38` = 1L, `39` = 1L, `42` = 1L, `43` = 1L, `62` = 1L), .Dim = 37L, .Dimnames = structure(list(
        c("1", "2", "3", "4", "5", "6", "7", "8", "9", "10", 
        "11", "12", "13", "14", "15", "16", "17", "18", "19", 
        "20", "21", "22", "23", "24", "25", "26", "27", "28", 
        "29", "30", "31", "36", "38", "39", "42", "43", "62")), .Names = ""), class = "table"), 
    No.Tag = structure(c(0L, 0L, 2L, 0L, 0L, 0L, 1L, 0L, 0L, 
    0L, 0L, 0L, 0L, 0L, 0L, 0L, 82L, 1L, 1L, 1L, 4L, 0L, 0L, 
    7L, 0L, 0L, 0L, 0L), .Dim = c(7L, 4L), .Dimnames = structure(list(
        c("-2", "-1", "0", "1", "2", "3", NA), c("A", "G", "T", 
        NA)), .Names = c("", "")), class = "table"), All.Tags = list(
        Concordant = list(Freqs = structure(c(0, 1, 3, 0, 0, 
        0, 0, 0, 0, 0, 0, 0, 0, 4, 236, 2, 1, 0), .Dim = c(6L, 
        3L), .Dimnames = list(c("-2", "-1", "0", "1", "2", "3"
        ), c("A", "G", "T"))), N = 247), Majority = list(Freqs = structure(c(0, 
        1, 3, 0, 0, 0, 0, 0, 0, 0, 0, 0, 0, 4, 306, 2, 1, 0), .Dim = c(6L, 
        3L), .Dimnames = list(c("-2", "-1", "0", "1", "2", "3"
        ), c("A", "G", "T"))), N = 317)), `2` = structure(c(0, 
    0, 0, 0, 0, 0, 0, 0, 0, 0, 0, 0, 0, 0, 249, 1, 1, 0), .Dim = c(6L, 
    3L), .Dimnames = list(c("-2", "-1", "0", "1", "2", "3"), 
        c("A", "G", "T"))))))
