Results <-
list(`bwaOutput/20210421msiMNRsJenny/229995_S56.sam` = list(GM29_SNP1 = list(
    All = list(Freqs = structure(c(2L, 187L, 12144L, 42L, 1L, 
    18L, 0L, 1L, 31L, 1L, 0L, 0L, 0L, 6L, 114L, 0L, 0L, 0L), .Dim = c(6L, 
    3L), .Dimnames = structure(list(c("-2", "-1", "0", "1", "2", 
    NA), c("A", "G", NA)), .Names = c("", "")), class = "table"), 
        N = 12547L), Tag.Distribution = structure(c(`1` = 153L, 
    `2` = 64L, `3` = 37L, `4` = 51L, `5` = 35L, `6` = 36L, `7` = 38L, 
    `8` = 22L, `9` = 28L, `10` = 27L, `11` = 26L, `12` = 21L, 
    `13` = 21L, `14` = 20L, `15` = 22L, `16` = 26L, `17` = 21L, 
    `18` = 26L, `19` = 14L, `20` = 13L, `21` = 16L, `22` = 10L, 
    `23` = 7L, `24` = 9L, `25` = 7L, `26` = 11L, `27` = 2L, `28` = 10L, 
    `29` = 10L, `30` = 7L, `31` = 9L, `32` = 2L, `33` = 11L, 
    `34` = 5L, `35` = 10L, `36` = 5L, `37` = 5L, `38` = 3L, `39` = 7L, 
    `40` = 2L, `41` = 7L, `42` = 4L, `43` = 1L, `44` = 2L, `45` = 3L, 
    `46` = 1L, `47` = 1L, `48` = 3L, `49` = 3L, `51` = 3L, `54` = 2L, 
    `55` = 1L, `56` = 4L, `57` = 1L, `59` = 1L, `60` = 2L, `64` = 2L, 
    `65` = 1L, `66` = 1L, `67` = 1L, `68` = 1L, `77` = 1L, `82` = 1L, 
    `89` = 1L, `100` = 1L), .Dim = 65L, .Dimnames = structure(list(
        c("1", "2", "3", "4", "5", "6", "7", "8", "9", "10", 
        "11", "12", "13", "14", "15", "16", "17", "18", "19", 
        "20", "21", "22", "23", "24", "25", "26", "27", "28", 
        "29", "30", "31", "32", "33", "34", "35", "36", "37", 
        "38", "39", "40", "41", "42", "43", "44", "45", "46", 
        "47", "48", "49", "51", "54", "55", "56", "57", "59", 
        "60", "64", "65", "66", "67", "68", "77", "82", "89", 
        "100")), .Names = ""), class = "table"), No.Tag = structure(c(0L, 
    16L, 463L, 1L, 0L, 4L, 0L, 1L, 2L, 0L, 0L, 0L, 0L, 0L, 12L, 
    0L, 0L, 0L), .Dim = c(6L, 3L), .Dimnames = structure(list(
        c("-2", "-1", "0", "1", "2", NA), c("A", "G", NA)), .Names = c("", 
    "")), class = "table"), All.Tags = list(Concordant = list(
        Freqs = structure(c(0, 1, 720, 2, 0, 0, 0, 2, 0, 0), .Dim = c(5L, 
        2L), .Dimnames = list(c("-2", "-1", "0", "1", "2"), c("A", 
        "G"))), N = 725), Majority = list(Freqs = structure(c(0, 
    2, 883, 2, 0, 0, 0, 3, 0, 0), .Dim = c(5L, 2L), .Dimnames = list(
        c("-2", "-1", "0", "1", "2"), c("A", "G"))), N = 890)), 
    `2` = structure(c(0, 1, 742, 0, 0, 0, 0, 2, 0, 0), .Dim = c(5L, 
    2L), .Dimnames = list(c("-2", "-1", "0", "1", "2"), c("A", 
    "G"))))))
