Results <-
list(`bwaOutput/20210421msiMNRsJenny/229995_S56.sam` = list(LR49_SNP1 = list(
    All = list(Freqs = structure(c(0L, 22L, 0L, 0L, 0L, 1L, 0L, 
    0L, 35L, 16786L, 9L, 17L, 0L, 2L, 0L, 0L, 1L, 119L, 0L, 0L
    ), .Dim = 4:5, .Dimnames = structure(list(c("-1", "0", "1", 
    NA), c("A", "C", "G", "T", NA)), .Names = c("", "")), class = "table"), 
        N = 16992L), Tag.Distribution = structure(c(`1` = 308L, 
    `2` = 124L, `3` = 112L, `4` = 82L, `5` = 80L, `6` = 92L, 
    `7` = 62L, `8` = 48L, `9` = 43L, `10` = 51L, `11` = 32L, 
    `12` = 39L, `13` = 34L, `14` = 32L, `15` = 36L, `16` = 35L, 
    `17` = 38L, `18` = 32L, `19` = 22L, `20` = 27L, `21` = 14L, 
    `22` = 16L, `23` = 13L, `24` = 17L, `25` = 15L, `26` = 15L, 
    `27` = 11L, `28` = 14L, `29` = 7L, `30` = 6L, `31` = 6L, 
    `32` = 9L, `33` = 6L, `34` = 5L, `35` = 4L, `36` = 6L, `37` = 7L, 
    `38` = 5L, `39` = 10L, `40` = 4L, `41` = 3L, `42` = 5L, `43` = 5L, 
    `44` = 3L, `45` = 5L, `47` = 1L, `49` = 2L, `50` = 2L, `51` = 1L, 
    `52` = 1L, `53` = 1L, `55` = 2L, `56` = 2L, `57` = 2L, `63` = 3L, 
    `70` = 1L, `76` = 2L, `93` = 1L, `94` = 1L), .Dim = 59L, .Dimnames = structure(list(
        c("1", "2", "3", "4", "5", "6", "7", "8", "9", "10", 
        "11", "12", "13", "14", "15", "16", "17", "18", "19", 
        "20", "21", "22", "23", "24", "25", "26", "27", "28", 
        "29", "30", "31", "32", "33", "34", "35", "36", "37", 
        "38", "39", "40", "41", "42", "43", "44", "45", "47", 
        "49", "50", "51", "52", "53", "55", "56", "57", "63", 
        "70", "76", "93", "94")), .Names = ""), class = "table"), 
    No.Tag = structure(c(0L, 4L, 0L, 0L, 0L, 0L, 0L, 0L, 2L, 
    467L, 0L, 3L, 0L, 0L, 0L, 0L, 0L, 12L, 0L, 0L), .Dim = 4:5, .Dimnames = structure(list(
        c("-1", "0", "1", NA), c("A", "C", "G", "T", NA)), .Names = c("", 
    "")), class = "table"), All.Tags = list(Concordant = list(
        Freqs = structure(c(0, 3, 0, 0, 0, 0, 2, 1500, 0, 0, 
        0, 0), .Dim = 3:4, .Dimnames = list(c("-1", "0", "1"), 
            c("A", "C", "G", "T"))), N = 1505), Majority = list(
        Freqs = structure(c(0, 4, 0, 0, 0, 0, 2, 1544, 0, 0, 
        0, 0), .Dim = 3:4, .Dimnames = list(c("-1", "0", "1"), 
            c("A", "C", "G", "T"))), N = 1550)), `2` = structure(c(0, 
    2, 0, 0, 0, 0, 1, 1249, 0, 0, 0, 0), .Dim = 3:4, .Dimnames = list(
        c("-1", "0", "1"), c("A", "C", "G", "T"))))))
