Results <-
list(`bwaOutput/20210421msiMNRsJenny/229995_S56.sam` = list(GM22_SNP1 = list(
    All = list(Freqs = structure(c(1L, 83L, 6344L, 19L, 8L, 0L, 
    0L, 1L, 0L, 0L, 1L, 54L, 3445L, 11L, 5L, 0L, 0L, 2L, 0L, 
    0L, 0L, 4L, 169L, 5L, 0L), .Dim = c(5L, 5L), .Dimnames = structure(list(
        c("-2", "-1", "0", "1", NA), c("A", "C", "G", "T", NA
        )), .Names = c("", "")), class = "table"), N = 10152L), 
    Tag.Distribution = structure(c(`1` = 225L, `2` = 54L, `3` = 40L, 
    `4` = 32L, `5` = 31L, `6` = 32L, `7` = 32L, `8` = 29L, `9` = 25L, 
    `10` = 30L, `11` = 25L, `12` = 19L, `13` = 19L, `14` = 19L, 
    `15` = 20L, `16` = 14L, `17` = 20L, `18` = 14L, `19` = 7L, 
    `20` = 7L, `21` = 7L, `22` = 9L, `23` = 10L, `24` = 8L, `25` = 10L, 
    `26` = 8L, `27` = 13L, `28` = 3L, `29` = 7L, `30` = 5L, `31` = 6L, 
    `32` = 7L, `33` = 3L, `34` = 3L, `35` = 10L, `37` = 5L, `38` = 4L, 
    `39` = 1L, `40` = 3L, `41` = 5L, `42` = 2L, `43` = 6L, `44` = 1L, 
    `45` = 4L, `46` = 3L, `47` = 3L, `48` = 1L, `50` = 4L, `51` = 3L, 
    `52` = 2L, `53` = 2L, `55` = 1L, `56` = 1L, `61` = 1L, `73` = 1L, 
    `78` = 1L, `80` = 1L), .Dim = 57L, .Dimnames = structure(list(
        c("1", "2", "3", "4", "5", "6", "7", "8", "9", "10", 
        "11", "12", "13", "14", "15", "16", "17", "18", "19", 
        "20", "21", "22", "23", "24", "25", "26", "27", "28", 
        "29", "30", "31", "32", "33", "34", "35", "37", "38", 
        "39", "40", "41", "42", "43", "44", "45", "46", "47", 
        "48", "50", "51", "52", "53", "55", "56", "61", "73", 
        "78", "80")), .Names = ""), class = "table"), No.Tag = structure(c(0L, 
    1L, 159L, 1L, 0L, 0L, 0L, 0L, 0L, 0L, 0L, 1L, 126L, 1L, 0L, 
    0L, 0L, 0L, 0L, 0L, 0L, 0L, 15L, 0L, 0L), .Dim = c(5L, 5L
    ), .Dimnames = structure(list(c("-2", "-1", "0", "1", NA), 
        c("A", "C", "G", "T", NA)), .Names = c("", "")), class = "table"), 
    All.Tags = list(Concordant = list(Freqs = structure(c(0, 
    0, 423, 0, 0, 0, 0, 0, 0, 0, 243, 3, 0, 0, 0, 0), .Dim = c(4L, 
    4L), .Dimnames = list(c("-2", "-1", "0", "1"), c("A", "C", 
    "G", "T"))), N = 669), Majority = list(Freqs = structure(c(0, 
    0, 525, 0, 0, 0, 0, 0, 0, 0, 304, 3, 0, 0, 0, 0), .Dim = c(4L, 
    4L), .Dimnames = list(c("-2", "-1", "0", "1"), c("A", "C", 
    "G", "T"))), N = 832)), `2` = structure(c(0, 0, 393, 0, 0, 
    0, 0, 0, 0, 0, 235, 0, 0, 0, 0, 0), .Dim = c(4L, 4L), .Dimnames = list(
        c("-2", "-1", "0", "1"), c("A", "C", "G", "T"))))))
