Results <-
list(`bwaOutput/20210421msiMNRsJenny/229995_S56.sam` = list(IM49_SNP1 = list(
    All = list(Freqs = structure(c(0L, 0L, 0L, 1L, 0L, 0L, 0L, 
    0L, 0L, 0L, 1L, 0L, 0L, 0L, 0L, 1L, 2L, 10L, 0L, 0L, 2L, 
    1L, 8L, 459L, 13410L, 339L, 12L, 85L, 0L, 0L, 12L, 617L, 
    20L, 1L, 0L), .Dim = c(7L, 5L), .Dimnames = structure(list(
        c("-3", "-2", "-1", "0", "1", "2", NA), c("-", "A", "C", 
        "G", NA)), .Names = c("", "")), class = "table"), N = 14981L), 
    Tag.Distribution = structure(c(`1` = 314L, `2` = 110L, `3` = 91L, 
    `4` = 75L, `5` = 72L, `6` = 60L, `7` = 61L, `8` = 56L, `9` = 54L, 
    `10` = 48L, `11` = 40L, `12` = 43L, `13` = 29L, `14` = 45L, 
    `15` = 32L, `16` = 30L, `17` = 29L, `18` = 15L, `19` = 20L, 
    `20` = 19L, `21` = 16L, `22` = 15L, `23` = 20L, `24` = 13L, 
    `25` = 11L, `26` = 15L, `27` = 7L, `28` = 9L, `29` = 3L, 
    `30` = 11L, `31` = 8L, `32` = 9L, `33` = 8L, `34` = 7L, `35` = 5L, 
    `36` = 10L, `37` = 6L, `38` = 3L, `39` = 3L, `40` = 5L, `41` = 1L, 
    `42` = 4L, `43` = 2L, `44` = 1L, `45` = 2L, `46` = 2L, `48` = 2L, 
    `49` = 1L, `52` = 1L, `53` = 1L, `54` = 1L, `59` = 1L, `61` = 1L, 
    `68` = 1L, `78` = 1L), .Dim = 55L, .Dimnames = structure(list(
        c("1", "2", "3", "4", "5", "6", "7", "8", "9", "10", 
        "11", "12", "13", "14", "15", "16", "17", "18", "19", 
        "20", "21", "22", "23", "24", "25", "26", "27", "28", 
        "29", "30", "31", "32", "33", "34", "35", "36", "37", 
        "38", "39", "40", "41", "42", "43", "44", "45", "46", 
        "48", "49", "52", "53", "54", "59", "61", "68", "78")), .Names = ""), class = "table"), 
    No.Tag = structure(c(0L, 0L, 0L, 0L, 0L, 0L, 0L, 0L, 0L, 
    0L, 0L, 0L, 0L, 0L, 0L, 0L, 0L, 0L, 0L, 0L, 1L, 0L, 0L, 20L, 
    504L, 9L, 0L, 11L, 0L, 0L, 1L, 42L, 1L, 0L, 0L), .Dim = c(7L, 
    5L), .Dimnames = structure(list(c("-3", "-2", "-1", "0", 
    "1", "2", NA), c("-", "A", "C", "G", NA)), .Names = c("", 
    "")), class = "table"), All.Tags = list(Concordant = list(
        Freqs = structure(c(0, 0, 0, 0, 0, 0, 0, 0, 0, 0, 0, 
        0, 0, 1, 1, 6, 0, 0, 0, 1, 12, 919, 4, 0), .Dim = c(6L, 
        4L), .Dimnames = list(c("-3", "-2", "-1", "0", "1", "2"
        ), c("-", "A", "C", "G"))), N = 944), Majority = list(
        Freqs = structure(c(0, 0, 0, 0, 0, 0, 0, 0, 0, 0, 0, 
        0, 0, 1, 1, 6, 0, 0, 0, 1, 13, 1348, 7, 0), .Dim = c(6L, 
        4L), .Dimnames = list(c("-3", "-2", "-1", "0", "1", "2"
        ), c("-", "A", "C", "G"))), N = 1377)), `2` = structure(c(0, 
    0, 0, 0, 0, 0, 0, 0, 0, 0, 0, 0, 0, 0, 0, 1, 0, 0, 0, 0, 
    5, 1113, 3, 0), .Dim = c(6L, 4L), .Dimnames = list(c("-3", 
    "-2", "-1", "0", "1", "2"), c("-", "A", "C", "G"))))))
