Results <-
list(`bwaOutput/20210421msiMNRsJenny/229995_S56.sam` = list(GM01_SNP1 = list(
    All = list(Freqs = structure(c(20L, 1403L, 4L, 1L, 0L, 55L, 
    0L, 0L, 0L, 17L, 0L, 0L), .Dim = 4:3, .Dimnames = structure(list(
        c("-1", "0", "1", NA), c("A", "G", NA)), .Names = c("", 
    "")), class = "table"), N = 1500L), Tag.Distribution = structure(c(`1` = 55L, 
    `2` = 9L, `3` = 2L, `4` = 7L, `5` = 7L, `6` = 4L, `7` = 3L, 
    `8` = 5L, `9` = 3L, `10` = 3L, `11` = 1L, `12` = 3L, `13` = 1L, 
    `14` = 2L, `15` = 2L, `16` = 2L, `17` = 2L, `18` = 3L, `19` = 2L, 
    `20` = 2L, `21` = 1L, `22` = 1L, `23` = 1L, `24` = 2L, `26` = 2L, 
    `27` = 1L, `28` = 1L, `29` = 4L, `30` = 1L, `31` = 3L, `32` = 1L, 
    `33` = 2L, `34` = 3L, `35` = 1L, `36` = 1L, `38` = 1L, `39` = 1L, 
    `57` = 1L), .Dim = 38L, .Dimnames = structure(list(c("1", 
    "2", "3", "4", "5", "6", "7", "8", "9", "10", "11", "12", 
    "13", "14", "15", "16", "17", "18", "19", "20", "21", "22", 
    "23", "24", "26", "27", "28", "29", "30", "31", "32", "33", 
    "34", "35", "36", "38", "39", "57")), .Names = ""), class = "table"), 
    No.Tag = structure(c(0L, 35L, 0L, 0L, 0L, 0L, 0L, 0L, 0L, 
    0L, 0L, 0L), .Dim = 4:3, .Dimnames = structure(list(c("-1", 
    "0", "1", NA), c("A", "G", NA)), .Names = c("", "")), class = "table"), 
    All.Tags = list(Concordant = list(Freqs = structure(c(2, 
    111, 0, 0, 10, 0), .Dim = 3:2, .Dimnames = list(c("-1", "0", 
    "1"), c("A", "G"))), N = 123), Majority = list(Freqs = structure(c(2, 
    130, 0, 0, 10, 0), .Dim = 3:2, .Dimnames = list(c("-1", "0", 
    "1"), c("A", "G"))), N = 142)), `2` = structure(c(0, 89, 
    0, 0, 2, 0), .Dim = 3:2, .Dimnames = list(c("-1", "0", "1"
    ), c("A", "G"))))))
