Results <-
list(`bwaOutput/20210421msiMNRsJenny/229995_S56.sam` = list(LR10_SNP1 = list(
    All = list(Freqs = structure(c(0L, 3L, 0L, 0L, 30L, 2504L, 
    27L, 2L, 1L, 0L, 0L, 0L, 80L, 3043L, 14L, 3L, 2L, 92L, 2L, 
    0L), .Dim = 4:5, .Dimnames = structure(list(c("-1", "0", 
    "1", NA), c("A", "C", "G", "T", NA)), .Names = c("", "")), class = "table"), 
        N = 5803L), Tag.Distribution = structure(c(`1` = 139L, 
    `2` = 33L, `3` = 23L, `4` = 34L, `5` = 29L, `6` = 26L, `7` = 20L, 
    `8` = 23L, `9` = 14L, `10` = 10L, `11` = 9L, `12` = 17L, 
    `13` = 19L, `14` = 18L, `15` = 14L, `16` = 9L, `17` = 8L, 
    `18` = 5L, `19` = 7L, `20` = 6L, `21` = 8L, `22` = 3L, `23` = 8L, 
    `24` = 4L, `25` = 5L, `26` = 2L, `27` = 9L, `28` = 3L, `29` = 3L, 
    `30` = 7L, `31` = 6L, `32` = 3L, `33` = 6L, `34` = 2L, `35` = 3L, 
    `36` = 2L, `37` = 4L, `38` = 5L, `39` = 2L, `41` = 1L, `42` = 1L, 
    `43` = 1L, `44` = 1L, `45` = 1L, `46` = 1L, `49` = 1L, `56` = 1L
    ), .Dim = 47L, .Dimnames = structure(list(c("1", "2", "3", 
    "4", "5", "6", "7", "8", "9", "10", "11", "12", "13", "14", 
    "15", "16", "17", "18", "19", "20", "21", "22", "23", "24", 
    "25", "26", "27", "28", "29", "30", "31", "32", "33", "34", 
    "35", "36", "37", "38", "39", "41", "42", "43", "44", "45", 
    "46", "49", "56")), .Names = ""), class = "table"), No.Tag = structure(c(0L, 
    0L, 0L, 0L, 0L, 45L, 0L, 0L, 0L, 0L, 0L, 0L, 1L, 29L, 0L, 
    1L, 0L, 8L, 1L, 0L), .Dim = 4:5, .Dimnames = structure(list(
        c("-1", "0", "1", NA), c("A", "C", "G", "T", NA)), .Names = c("", 
    "")), class = "table"), All.Tags = list(Concordant = list(
        Freqs = structure(c(0, 0, 0, 1, 200, 0, 0, 0, 0, 2, 238, 
        0), .Dim = 3:4, .Dimnames = list(c("-1", "0", "1"), c("A", 
        "C", "G", "T"))), N = 441), Majority = list(Freqs = structure(c(0, 
    0, 0, 1, 252, 0, 0, 0, 0, 4, 283, 1), .Dim = 3:4, .Dimnames = list(
        c("-1", "0", "1"), c("A", "C", "G", "T"))), N = 541)), 
    `2` = structure(c(0, 0, 0, 0, 187, 0, 0, 0, 0, 3, 223, 1), .Dim = 3:4, .Dimnames = list(
        c("-1", "0", "1"), c("A", "C", "G", "T"))))))
