Results <-
list(`bwaOutput/20210421msiMNRsJenny/231954_S17.sam` = list(GM22_SNP1 = list(
    All = list(Freqs = structure(c(3L, 54L, 3717L, 14L, 11L, 
    1L, 96L, 4403L, 18L, 7L, 0L, 2L, 125L, 3L, 0L), .Dim = c(5L, 
    3L), .Dimnames = structure(list(c("-2", "-1", "0", "1", NA
    ), c("A", "G", NA)), .Names = c("", "")), class = "table"), 
        N = 8454L), Tag.Distribution = structure(c(`1` = 179L, 
    `2` = 34L, `3` = 34L, `4` = 40L, `5` = 30L, `6` = 33L, `7` = 25L, 
    `8` = 31L, `9` = 25L, `10` = 18L, `11` = 22L, `12` = 23L, 
    `13` = 15L, `14` = 17L, `15` = 14L, `16` = 18L, `17` = 17L, 
    `18` = 15L, `19` = 11L, `20` = 9L, `21` = 9L, `22` = 7L, 
    `23` = 10L, `24` = 6L, `25` = 9L, `26` = 5L, `27` = 9L, `28` = 8L, 
    `29` = 8L, `30` = 8L, `31` = 7L, `32` = 8L, `33` = 2L, `34` = 7L, 
    `35` = 2L, `36` = 4L, `37` = 4L, `38` = 3L, `39` = 1L, `40` = 1L, 
    `41` = 2L, `42` = 1L, `44` = 2L, `45` = 3L, `47` = 2L, `48` = 1L, 
    `55` = 1L, `65` = 1L, `68` = 1L), .Dim = 49L, .Dimnames = structure(list(
        c("1", "2", "3", "4", "5", "6", "7", "8", "9", "10", 
        "11", "12", "13", "14", "15", "16", "17", "18", "19", 
        "20", "21", "22", "23", "24", "25", "26", "27", "28", 
        "29", "30", "31", "32", "33", "34", "35", "36", "37", 
        "38", "39", "40", "41", "42", "44", "45", "47", "48", 
        "55", "65", "68")), .Names = ""), class = "table"), No.Tag = structure(c(0L, 
    1L, 110L, 0L, 1L, 0L, 3L, 223L, 1L, 1L, 0L, 0L, 12L, 0L, 
    0L), .Dim = c(5L, 3L), .Dimnames = structure(list(c("-2", 
    "-1", "0", "1", NA), c("A", "G", NA)), .Names = c("", "")), class = "table"), 
    All.Tags = list(Concordant = list(Freqs = structure(c(0, 
    0, 284, 2, 0, 3, 290, 0), .Dim = c(4L, 2L), .Dimnames = list(
        c("-2", "-1", "0", "1"), c("A", "G"))), N = 579), Majority = list(
        Freqs = structure(c(0, 1, 336, 2, 0, 4, 378, 0), .Dim = c(4L, 
        2L), .Dimnames = list(c("-2", "-1", "0", "1"), c("A", 
        "G"))), N = 721)), `2` = structure(c(0, 1, 254, 0, 0, 
    2, 303, 0), .Dim = c(4L, 2L), .Dimnames = list(c("-2", "-1", 
    "0", "1"), c("A", "G"))))))
