Results <-
list(`bwaOutput/20210421msiMNRsJenny/231954_S17.sam` = list(LR40_SNP1 = list(
    All = list(Freqs = structure(c(0L, 0L, 0L, 56L, 0L, 0L, 1L, 
    2L, 77L, 6317L, 12L, 11L, 0L, 0L, 0L, 50L, 1L, 0L), .Dim = c(6L, 
    3L), .Dimnames = structure(list(c("-3", "-2", "-1", "0", 
    "1", NA), c("A", "C", NA)), .Names = c("", "")), class = "table"), 
        N = 6527L), Tag.Distribution = structure(c(`1` = 128L, 
    `2` = 39L, `3` = 32L, `4` = 29L, `5` = 28L, `6` = 26L, `7` = 26L, 
    `8` = 27L, `9` = 15L, `10` = 16L, `11` = 22L, `12` = 20L, 
    `13` = 13L, `14` = 21L, `15` = 14L, `16` = 20L, `17` = 6L, 
    `18` = 7L, `19` = 5L, `20` = 5L, `21` = 4L, `22` = 9L, `23` = 11L, 
    `24` = 7L, `25` = 8L, `26` = 6L, `27` = 6L, `28` = 4L, `29` = 2L, 
    `30` = 4L, `31` = 4L, `32` = 2L, `33` = 3L, `34` = 4L, `35` = 2L, 
    `36` = 4L, `38` = 2L, `39` = 1L, `40` = 2L, `41` = 1L, `42` = 1L, 
    `43` = 1L, `46` = 2L, `47` = 1L, `48` = 1L, `49` = 1L, `51` = 2L, 
    `52` = 1L, `55` = 1L, `62` = 1L, `65` = 1L), .Dim = 51L, .Dimnames = structure(list(
        c("1", "2", "3", "4", "5", "6", "7", "8", "9", "10", 
        "11", "12", "13", "14", "15", "16", "17", "18", "19", 
        "20", "21", "22", "23", "24", "25", "26", "27", "28", 
        "29", "30", "31", "32", "33", "34", "35", "36", "38", 
        "39", "40", "41", "42", "43", "46", "47", "48", "49", 
        "51", "52", "55", "62", "65")), .Names = ""), class = "table"), 
    No.Tag = structure(c(0L, 0L, 0L, 2L, 0L, 0L, 1L, 0L, 0L, 
    166L, 1L, 3L, 0L, 0L, 0L, 8L, 0L, 0L), .Dim = c(6L, 3L), .Dimnames = structure(list(
        c("-3", "-2", "-1", "0", "1", NA), c("A", "C", NA)), .Names = c("", 
    "")), class = "table"), All.Tags = list(Concordant = list(
        Freqs = structure(c(0, 0, 0, 4, 0, 0, 1, 1, 526, 0), .Dim = c(5L, 
        2L), .Dimnames = list(c("-3", "-2", "-1", "0", "1"), 
            c("A", "C"))), N = 532), Majority = list(Freqs = structure(c(0, 
    0, 0, 4, 0, 0, 1, 2, 582, 0), .Dim = c(5L, 2L), .Dimnames = list(
        c("-3", "-2", "-1", "0", "1"), c("A", "C"))), N = 589)), 
    `2` = structure(c(0, 0, 0, 3, 0, 0, 0, 1, 464, 0), .Dim = c(5L, 
    2L), .Dimnames = list(c("-3", "-2", "-1", "0", "1"), c("A", 
    "C"))))))
