Results <-
list(`bwaOutput/20210421msiMNRsJenny/231954_S17.sam` = list(LR11_SNP1 = list(
    All = list(Freqs = structure(c(0L, 0L, 1L, 0L, 0L, 0L, 7L, 
    357L, 15505L, 123L, 4L, 44L, 0L, 1L, 7L, 1L, 0L, 0L, 0L, 
    1L, 3L, 0L, 0L, 0L, 0L, 1L, 193L, 1L, 0L, 0L), .Dim = 6:5, .Dimnames = structure(list(
        c("-2", "-1", "0", "1", "2", NA), c("-", "A", "C", "G", 
        NA)), .Names = c("", "")), class = "table"), N = 16249L), 
    Tag.Distribution = structure(c(`1` = 277L, `2` = 70L, `3` = 47L, 
    `4` = 48L, `5` = 42L, `6` = 38L, `7` = 44L, `8` = 41L, `9` = 49L, 
    `10` = 31L, `11` = 42L, `12` = 33L, `13` = 25L, `14` = 28L, 
    `15` = 42L, `16` = 25L, `17` = 23L, `18` = 21L, `19` = 28L, 
    `20` = 21L, `21` = 25L, `22` = 23L, `23` = 22L, `24` = 25L, 
    `25` = 14L, `26` = 16L, `27` = 17L, `28` = 15L, `29` = 6L, 
    `30` = 10L, `31` = 12L, `32` = 12L, `33` = 6L, `34` = 5L, 
    `35` = 6L, `36` = 9L, `37` = 11L, `38` = 7L, `39` = 9L, `40` = 6L, 
    `41` = 3L, `42` = 3L, `43` = 3L, `44` = 2L, `45` = 4L, `46` = 1L, 
    `47` = 2L, `48` = 2L, `50` = 2L, `51` = 2L, `52` = 1L, `53` = 2L, 
    `55` = 1L, `56` = 1L, `57` = 1L, `58` = 1L, `61` = 1L, `65` = 1L, 
    `71` = 1L, `80` = 1L, `86` = 1L), .Dim = 61L, .Dimnames = structure(list(
        c("1", "2", "3", "4", "5", "6", "7", "8", "9", "10", 
        "11", "12", "13", "14", "15", "16", "17", "18", "19", 
        "20", "21", "22", "23", "24", "25", "26", "27", "28", 
        "29", "30", "31", "32", "33", "34", "35", "36", "37", 
        "38", "39", "40", "41", "42", "43", "44", "45", "46", 
        "47", "48", "50", "51", "52", "53", "55", "56", "57", 
        "58", "61", "65", "71", "80", "86")), .Names = ""), class = "table"), 
    No.Tag = structure(c(0L, 0L, 0L, 0L, 0L, 0L, 0L, 14L, 301L, 
    3L, 0L, 1L, 0L, 0L, 0L, 0L, 0L, 0L, 0L, 0L, 0L, 0L, 0L, 0L, 
    0L, 0L, 20L, 0L, 0L, 0L), .Dim = 6:5, .Dimnames = structure(list(
        c("-2", "-1", "0", "1", "2", NA), c("-", "A", "C", "G", 
        NA)), .Names = c("", "")), class = "table"), All.Tags = list(
        Concordant = list(Freqs = structure(c(0, 0, 0, 0, 0, 
        0, 8, 950, 3, 0, 0, 0, 4, 1, 0, 0, 0, 0, 0, 0), .Dim = 5:4, .Dimnames = list(
            c("-2", "-1", "0", "1", "2"), c("-", "A", "C", "G"
            ))), N = 966), Majority = list(Freqs = structure(c(0, 
        0, 0, 0, 0, 0, 8, 1230, 3, 0, 0, 0, 4, 1, 0, 0, 0, 0, 
        0, 0), .Dim = 5:4, .Dimnames = list(c("-2", "-1", "0", 
        "1", "2"), c("-", "A", "C", "G"))), N = 1246)), `2` = structure(c(0, 
    0, 0, 0, 0, 0, 4, 984, 0, 0, 0, 0, 0, 0, 0, 0, 0, 0, 0, 0
    ), .Dim = 5:4, .Dimnames = list(c("-2", "-1", "0", "1", "2"
    ), c("-", "A", "C", "G"))))))
