Results <-
list(`bwaOutput/20210421msiMNRsJenny/231954_S17.sam` = list(LR36_SNP1 = list(
    All = list(Freqs = structure(c(0L, 0L, 0L, 35L, 0L, 0L, 0L, 
    0L, 0L, 0L, 0L, 0L, 0L, 1L, 0L, 0L, 0L, 0L, 0L, 0L, 0L, 0L, 
    0L, 2L, 0L, 0L, 0L, 0L, 0L, 0L, 1L, 11L, 161L, 8554L, 71L, 
    1L, 1L, 10L, 1L, 89L, 1L, 0L, 4L, 722L, 2L, 0L, 1L, 3L, 0L, 
    0L), .Dim = c(10L, 5L), .Dimnames = structure(list(c("-3", 
    "-2", "-1", "0", "1", "2", "3", "4", "5", NA), c("A", "C", 
    "G", "T", NA)), .Names = c("", "")), class = "table"), N = 9671L), 
    Tag.Distribution = structure(c(`1` = 173L, `2` = 58L, `3` = 48L, 
    `4` = 39L, `5` = 32L, `6` = 28L, `7` = 33L, `8` = 38L, `9` = 19L, 
    `10` = 22L, `11` = 20L, `12` = 25L, `13` = 36L, `14` = 22L, 
    `15` = 18L, `16` = 17L, `17` = 22L, `18` = 22L, `19` = 14L, 
    `20` = 13L, `21` = 17L, `22` = 12L, `23` = 8L, `24` = 10L, 
    `25` = 9L, `26` = 12L, `27` = 7L, `28` = 5L, `29` = 8L, `30` = 3L, 
    `31` = 4L, `32` = 5L, `33` = 5L, `34` = 6L, `35` = 6L, `36` = 4L, 
    `37` = 2L, `38` = 7L, `39` = 3L, `40` = 2L, `41` = 1L, `42` = 2L, 
    `43` = 1L, `44` = 1L, `46` = 1L, `52` = 1L, `53` = 1L, `56` = 1L, 
    `61` = 1L, `83` = 1L), .Dim = 50L, .Dimnames = structure(list(
        c("1", "2", "3", "4", "5", "6", "7", "8", "9", "10", 
        "11", "12", "13", "14", "15", "16", "17", "18", "19", 
        "20", "21", "22", "23", "24", "25", "26", "27", "28", 
        "29", "30", "31", "32", "33", "34", "35", "36", "37", 
        "38", "39", "40", "41", "42", "43", "44", "46", "52", 
        "53", "56", "61", "83")), .Names = ""), class = "table"), 
    No.Tag = structure(c(0L, 0L, 0L, 3L, 0L, 0L, 0L, 0L, 0L, 
    0L, 0L, 0L, 0L, 0L, 0L, 0L, 0L, 0L, 0L, 0L, 0L, 0L, 0L, 0L, 
    0L, 0L, 0L, 0L, 0L, 0L, 0L, 2L, 3L, 283L, 4L, 0L, 0L, 2L, 
    0L, 7L, 0L, 0L, 0L, 49L, 0L, 0L, 0L, 1L, 0L, 0L), .Dim = c(10L, 
    5L), .Dimnames = structure(list(c("-3", "-2", "-1", "0", 
    "1", "2", "3", "4", "5", NA), c("A", "C", "G", "T", NA)), .Names = c("", 
    "")), class = "table"), All.Tags = list(Concordant = list(
        Freqs = structure(c(0, 0, 0, 9, 0, 0, 0, 0, 0, 0, 0, 
        0, 0, 0, 0, 0, 0, 0, 0, 0, 0, 0, 0, 0, 0, 0, 0, 0, 2, 
        1, 602, 1, 1, 0, 0, 0), .Dim = c(9L, 4L), .Dimnames = list(
            c("-3", "-2", "-1", "0", "1", "2", "3", "4", "5"), 
            c("A", "C", "G", "T"))), N = 616), Majority = list(
        Freqs = structure(c(0, 0, 0, 9, 0, 0, 0, 0, 0, 0, 0, 
        0, 0, 0, 0, 0, 0, 0, 0, 0, 0, 0, 0, 0, 0, 0, 0, 0, 2, 
        1, 789, 1, 1, 0, 1, 0), .Dim = c(9L, 4L), .Dimnames = list(
            c("-3", "-2", "-1", "0", "1", "2", "3", "4", "5"), 
            c("A", "C", "G", "T"))), N = 804)), `2` = structure(c(0, 
    0, 0, 0, 0, 0, 0, 0, 0, 0, 0, 0, 0, 0, 0, 0, 0, 0, 0, 0, 
    0, 0, 0, 0, 0, 0, 0, 0, 0, 0, 665, 1, 0, 0, 1, 0), .Dim = c(9L, 
    4L), .Dimnames = list(c("-3", "-2", "-1", "0", "1", "2", 
    "3", "4", "5"), c("A", "C", "G", "T"))))))
