Results <-
list(`bwaOutput/20210421msiMNRsJenny/231954_S17.sam` = list(IM16_SNP1 = list(
    All = list(Freqs = structure(c(0L, 0L, 3L, 0L, 0L, 0L, 0L, 
    0L, 0L, 1L, 0L, 0L, 1L, 53L, 5050L, 73L, 2L, 4L, 0L, 0L, 
    1L, 0L, 0L, 0L, 0L, 0L, 65L, 7L, 0L, 0L), .Dim = 6:5, .Dimnames = structure(list(
        c("-2", "-1", "0", "1", "2", NA), c("A", "C", "G", "T", 
        NA)), .Names = c("", "")), class = "table"), N = 5260L), 
    Tag.Distribution = structure(c(`1` = 103L, `2` = 29L, `3` = 39L, 
    `4` = 25L, `5` = 19L, `6` = 28L, `7` = 18L, `8` = 23L, `9` = 17L, 
    `10` = 15L, `11` = 17L, `12` = 12L, `13` = 13L, `14` = 7L, 
    `15` = 12L, `16` = 11L, `17` = 10L, `18` = 13L, `19` = 7L, 
    `20` = 10L, `21` = 4L, `22` = 6L, `23` = 11L, `24` = 6L, 
    `25` = 6L, `26` = 5L, `27` = 2L, `28` = 5L, `29` = 2L, `30` = 5L, 
    `31` = 2L, `32` = 3L, `33` = 4L, `34` = 1L, `35` = 1L, `36` = 2L, 
    `37` = 3L, `39` = 1L, `40` = 1L, `43` = 1L, `45` = 1L, `47` = 2L, 
    `48` = 2L), .Dim = 43L, .Dimnames = structure(list(c("1", 
    "2", "3", "4", "5", "6", "7", "8", "9", "10", "11", "12", 
    "13", "14", "15", "16", "17", "18", "19", "20", "21", "22", 
    "23", "24", "25", "26", "27", "28", "29", "30", "31", "32", 
    "33", "34", "35", "36", "37", "39", "40", "43", "45", "47", 
    "48")), .Names = ""), class = "table"), No.Tag = structure(c(0L, 
    0L, 0L, 0L, 0L, 0L, 0L, 0L, 0L, 0L, 0L, 0L, 0L, 0L, 111L, 
    0L, 1L, 0L, 0L, 0L, 0L, 0L, 0L, 0L, 0L, 0L, 9L, 0L, 0L, 0L
    ), .Dim = 6:5, .Dimnames = structure(list(c("-2", "-1", "0", 
    "1", "2", NA), c("A", "C", "G", "T", NA)), .Names = c("", 
    "")), class = "table"), All.Tags = list(Concordant = list(
        Freqs = structure(c(0, 0, 3, 0, 0, 0, 0, 0, 0, 0, 0, 
        1, 400, 1, 0, 0, 0, 0, 0, 0), .Dim = 5:4, .Dimnames = list(
            c("-2", "-1", "0", "1", "2"), c("A", "C", "G", "T"
            ))), N = 405), Majority = list(Freqs = structure(c(0, 
    0, 3, 0, 0, 0, 0, 0, 0, 0, 0, 1, 490, 1, 0, 0, 0, 0, 0, 0
    ), .Dim = 5:4, .Dimnames = list(c("-2", "-1", "0", "1", "2"
    ), c("A", "C", "G", "T"))), N = 495)), `2` = structure(c(0, 
    0, 0, 0, 0, 0, 0, 0, 0, 0, 0, 0, 400, 0, 0, 0, 0, 0, 0, 0
    ), .Dim = 5:4, .Dimnames = list(c("-2", "-1", "0", "1", "2"
    ), c("A", "C", "G", "T"))))))
