Results <-
list(`bwaOutput/20210421msiMNRsJenny/231954_S17.sam` = list(GM17_SNP1 = list(
    All = list(Freqs = structure(c(0L, 1L, 0L, 0L, 55L, 4128L, 
    16L, 3L, 0L, 1L, 0L, 0L, 40L, 4010L, 18L, 3L, 2L, 283L, 1L, 
    0L), .Dim = 4:5, .Dimnames = structure(list(c("-1", "0", 
    "1", NA), c("A", "C", "G", "T", NA)), .Names = c("", "")), class = "table"), 
        N = 8561L), Tag.Distribution = structure(c(`1` = 164L, 
    `2` = 38L, `3` = 38L, `4` = 33L, `5` = 20L, `6` = 35L, `7` = 20L, 
    `8` = 25L, `9` = 23L, `10` = 17L, `11` = 17L, `12` = 17L, 
    `13` = 15L, `14` = 12L, `15` = 22L, `16` = 13L, `17` = 14L, 
    `18` = 13L, `19` = 8L, `20` = 7L, `21` = 10L, `22` = 10L, 
    `23` = 5L, `24` = 5L, `25` = 4L, `26` = 10L, `27` = 12L, 
    `28` = 3L, `29` = 9L, `30` = 7L, `31` = 10L, `32` = 5L, `33` = 4L, 
    `34` = 3L, `35` = 3L, `36` = 3L, `37` = 2L, `38` = 5L, `39` = 4L, 
    `40` = 4L, `41` = 2L, `42` = 2L, `43` = 3L, `44` = 1L, `45` = 2L, 
    `46` = 2L, `47` = 5L, `48` = 1L, `49` = 2L, `50` = 2L, `52` = 1L, 
    `55` = 1L, `66` = 1L, `67` = 1L, `79` = 1L, `90` = 1L), .Dim = 56L, .Dimnames = structure(list(
        c("1", "2", "3", "4", "5", "6", "7", "8", "9", "10", 
        "11", "12", "13", "14", "15", "16", "17", "18", "19", 
        "20", "21", "22", "23", "24", "25", "26", "27", "28", 
        "29", "30", "31", "32", "33", "34", "35", "36", "37", 
        "38", "39", "40", "41", "42", "43", "44", "45", "46", 
        "47", "48", "49", "50", "52", "55", "66", "67", "79", 
        "90")), .Names = ""), class = "table"), No.Tag = structure(c(0L, 
    0L, 0L, 0L, 1L, 89L, 0L, 0L, 0L, 0L, 0L, 0L, 2L, 75L, 0L, 
    1L, 0L, 12L, 0L, 0L), .Dim = 4:5, .Dimnames = structure(list(
        c("-1", "0", "1", NA), c("A", "C", "G", "T", NA)), .Names = c("", 
    "")), class = "table"), All.Tags = list(Concordant = list(
        Freqs = structure(c(0, 0, 0, 3, 273, 0, 0, 0, 0, 1, 271, 
        1), .Dim = 3:4, .Dimnames = list(c("-1", "0", "1"), c("A", 
        "C", "G", "T"))), N = 549), Majority = list(Freqs = structure(c(0, 
    0, 0, 3, 338, 0, 0, 0, 0, 1, 331, 1), .Dim = 3:4, .Dimnames = list(
        c("-1", "0", "1"), c("A", "C", "G", "T"))), N = 674)), 
    `2` = structure(c(0, 0, 0, 1, 267, 0, 0, 0, 0, 0, 259, 0), .Dim = 3:4, .Dimnames = list(
        c("-1", "0", "1"), c("A", "C", "G", "T"))))))
