Results <-
list(`bwaOutput/20210421msiMNRsJenny/231954_S17.sam` = list(LR49_SNP1 = list(
    All = list(Freqs = structure(c(0L, 1L, 0L, 10L, 3844L, 5L, 
    6L, 4236L, 3L, 0L, 1L, 0L, 0L, 104L, 0L), .Dim = c(3L, 5L
    ), .Dimnames = structure(list(c("-1", "0", NA), c("-", "A", 
    "G", "T", NA)), .Names = c("", "")), class = "table"), N = 8210L), 
    Tag.Distribution = structure(c(`1` = 194L, `2` = 75L, `3` = 45L, 
    `4` = 43L, `5` = 53L, `6` = 36L, `7` = 32L, `8` = 38L, `9` = 30L, 
    `10` = 35L, `11` = 29L, `12` = 25L, `13` = 26L, `14` = 23L, 
    `15` = 11L, `16` = 17L, `17` = 17L, `18` = 13L, `19` = 17L, 
    `20` = 8L, `21` = 6L, `22` = 5L, `23` = 4L, `24` = 9L, `25` = 8L, 
    `26` = 8L, `27` = 8L, `28` = 1L, `29` = 3L, `30` = 6L, `31` = 5L, 
    `32` = 4L, `33` = 3L, `34` = 4L, `35` = 2L, `36` = 4L, `38` = 4L, 
    `39` = 2L, `41` = 2L, `42` = 1L, `43` = 3L, `44` = 1L, `48` = 1L, 
    `49` = 1L, `51` = 1L), .Dim = 45L, .Dimnames = structure(list(
        c("1", "2", "3", "4", "5", "6", "7", "8", "9", "10", 
        "11", "12", "13", "14", "15", "16", "17", "18", "19", 
        "20", "21", "22", "23", "24", "25", "26", "27", "28", 
        "29", "30", "31", "32", "33", "34", "35", "36", "38", 
        "39", "41", "42", "43", "44", "48", "49", "51")), .Names = ""), class = "table"), 
    No.Tag = structure(c(0L, 0L, 0L, 0L, 138L, 1L, 0L, 188L, 
    0L, 0L, 0L, 0L, 0L, 11L, 0L), .Dim = c(3L, 5L), .Dimnames = structure(list(
        c("-1", "0", NA), c("-", "A", "G", "T", NA)), .Names = c("", 
    "")), class = "table"), All.Tags = list(Concordant = list(
        Freqs = structure(c(0, 0, 0, 354, 0, 396, 0, 0), .Dim = c(2L, 
        4L), .Dimnames = list(c("-1", "0"), c("-", "A", "G", 
        "T"))), N = 750), Majority = list(Freqs = structure(c(0, 
    0, 0, 407, 0, 432, 0, 0), .Dim = c(2L, 4L), .Dimnames = list(
        c("-1", "0"), c("-", "A", "G", "T"))), N = 839)), `2` = structure(c(0, 
    0, 0, 317, 0, 343, 0, 0), .Dim = c(2L, 4L), .Dimnames = list(
        c("-1", "0"), c("-", "A", "G", "T"))))))
