Results <-
list(`bwaOutput/20210421msiMNRsJenny/231954_S17.sam` = list(GM01_SNP1 = list(
    All = list(Freqs = structure(c(0L, 0L, 1L, 0L, 0L, 1L, 140L, 
    11257L, 44L, 24L, 0L, 0L, 13L, 0L, 0L, 0L, 0L, 1L, 0L, 0L, 
    0L, 4L, 129L, 0L, 0L), .Dim = c(5L, 5L), .Dimnames = structure(list(
        c("-2", "-1", "0", "1", NA), c("-", "A", "G", "T", NA
        )), .Names = c("", "")), class = "table"), N = 11614L), 
    Tag.Distribution = structure(c(`1` = 183L, `2` = 58L, `3` = 36L, 
    `4` = 41L, `5` = 38L, `6` = 39L, `7` = 37L, `8` = 27L, `9` = 37L, 
    `10` = 32L, `11` = 33L, `12` = 22L, `13` = 23L, `14` = 20L, 
    `15` = 18L, `16` = 21L, `17` = 21L, `18` = 20L, `19` = 17L, 
    `20` = 15L, `21` = 17L, `22` = 9L, `23` = 10L, `24` = 17L, 
    `25` = 10L, `26` = 18L, `27` = 12L, `28` = 14L, `29` = 10L, 
    `30` = 9L, `31` = 8L, `32` = 4L, `33` = 3L, `34` = 7L, `35` = 5L, 
    `36` = 8L, `37` = 5L, `38` = 4L, `39` = 2L, `40` = 4L, `41` = 2L, 
    `42` = 1L, `43` = 3L, `44` = 1L, `45` = 1L, `46` = 1L, `47` = 1L, 
    `52` = 1L, `53` = 1L, `54` = 1L, `55` = 2L, `62` = 1L, `63` = 1L, 
    `64` = 2L, `70` = 1L, `73` = 1L), .Dim = 56L, .Dimnames = structure(list(
        c("1", "2", "3", "4", "5", "6", "7", "8", "9", "10", 
        "11", "12", "13", "14", "15", "16", "17", "18", "19", 
        "20", "21", "22", "23", "24", "25", "26", "27", "28", 
        "29", "30", "31", "32", "33", "34", "35", "36", "37", 
        "38", "39", "40", "41", "42", "43", "44", "45", "46", 
        "47", "52", "53", "54", "55", "62", "63", "64", "70", 
        "73")), .Names = ""), class = "table"), No.Tag = structure(c(0L, 
    0L, 0L, 0L, 0L, 0L, 4L, 288L, 1L, 0L, 0L, 0L, 1L, 0L, 0L, 
    0L, 0L, 0L, 0L, 0L, 0L, 0L, 7L, 0L, 0L), .Dim = c(5L, 5L), .Dimnames = structure(list(
        c("-2", "-1", "0", "1", NA), c("-", "A", "G", "T", NA
        )), .Names = c("", "")), class = "table"), All.Tags = list(
        Concordant = list(Freqs = structure(c(0, 0, 0, 0, 0, 
        2, 774, 1, 0, 0, 3, 0, 0, 0, 0, 0), .Dim = c(4L, 4L), .Dimnames = list(
            c("-2", "-1", "0", "1"), c("-", "A", "G", "T"))), 
            N = 780), Majority = list(Freqs = structure(c(0, 
        0, 0, 0, 0, 2, 912, 1, 0, 0, 3, 0, 0, 0, 0, 0), .Dim = c(4L, 
        4L), .Dimnames = list(c("-2", "-1", "0", "1"), c("-", 
        "A", "G", "T"))), N = 918)), `2` = structure(c(0, 0, 
    0, 0, 0, 0, 748, 1, 0, 0, 0, 0, 0, 0, 0, 0), .Dim = c(4L, 
    4L), .Dimnames = list(c("-2", "-1", "0", "1"), c("-", "A", 
    "G", "T"))))))
