Results <-
list(`bwaOutput/20210421msiMNRsJenny/231954_S17.sam` = list(GM07_SNP1 = list(
    All = list(Freqs = structure(c(1L, 134L, 2782L, 77L, 1L, 
    46L, 1L, 128L, 2665L, 76L, 1L, 47L, 0L, 4L, 103L, 3L, 0L, 
    0L), .Dim = c(6L, 3L), .Dimnames = structure(list(c("-2", 
    "-1", "0", "1", "2", NA), c("A", "G", NA)), .Names = c("", 
    "")), class = "table"), N = 6069L), Tag.Distribution = structure(c(`1` = 137L, 
    `2` = 42L, `3` = 34L, `4` = 28L, `5` = 21L, `6` = 24L, `7` = 24L, 
    `8` = 18L, `9` = 24L, `10` = 19L, `11` = 11L, `12` = 12L, 
    `13` = 9L, `14` = 13L, `15` = 14L, `16` = 13L, `17` = 10L, 
    `18` = 12L, `19` = 5L, `20` = 8L, `21` = 6L, `22` = 13L, 
    `23` = 6L, `24` = 3L, `25` = 6L, `26` = 7L, `27` = 5L, `28` = 6L, 
    `29` = 5L, `30` = 4L, `31` = 2L, `32` = 4L, `33` = 4L, `34` = 3L, 
    `35` = 3L, `36` = 4L, `37` = 3L, `38` = 1L, `39` = 1L, `42` = 3L, 
    `43` = 2L, `46` = 1L, `48` = 1L, `49` = 1L, `53` = 1L, `55` = 1L
    ), .Dim = 46L, .Dimnames = structure(list(c("1", "2", "3", 
    "4", "5", "6", "7", "8", "9", "10", "11", "12", "13", "14", 
    "15", "16", "17", "18", "19", "20", "21", "22", "23", "24", 
    "25", "26", "27", "28", "29", "30", "31", "32", "33", "34", 
    "35", "36", "37", "38", "39", "42", "43", "46", "48", "49", 
    "53", "55")), .Names = ""), class = "table"), No.Tag = structure(c(0L, 
    4L, 100L, 4L, 0L, 10L, 0L, 1L, 60L, 3L, 0L, 9L, 0L, 0L, 7L, 
    0L, 0L, 0L), .Dim = c(6L, 3L), .Dimnames = structure(list(
        c("-2", "-1", "0", "1", "2", NA), c("A", "G", NA)), .Names = c("", 
    "")), class = "table"), All.Tags = list(Concordant = list(
        Freqs = structure(c(0, 3, 160, 2, 0, 0, 1, 183, 3, 0), .Dim = c(5L, 
        2L), .Dimnames = list(c("-2", "-1", "0", "1", "2"), c("A", 
        "G"))), N = 352), Majority = list(Freqs = structure(c(0, 
    3, 266, 3, 0, 0, 1, 281, 4, 0), .Dim = c(5L, 2L), .Dimnames = list(
        c("-2", "-1", "0", "1", "2"), c("A", "G"))), N = 558)), 
    `2` = structure(c(0, 1, 210, 3, 0, 0, 0, 217, 3, 0), .Dim = c(5L, 
    2L), .Dimnames = list(c("-2", "-1", "0", "1", "2"), c("A", 
    "G"))))))
