Results <-
list(`bwaOutput/20210421msiMNRsJenny/231954_S17.sam` = list(LR46_SNP1 = list(
    All = list(Freqs = structure(c(1L, 20L, 7201L, 20L, 1L, 16L, 
    0L, 0L, 3L, 0L, 0L, 0L, 0L, 0L, 51L, 0L, 0L, 0L), .Dim = c(6L, 
    3L), .Dimnames = structure(list(c("-2", "-1", "0", "1", "2", 
    NA), c("G", "T", NA)), .Names = c("", "")), class = "table"), 
        N = 7313L), Tag.Distribution = structure(c(`1` = 142L, 
    `2` = 44L, `3` = 25L, `4` = 22L, `5` = 20L, `6` = 25L, `7` = 22L, 
    `8` = 18L, `9` = 17L, `10` = 13L, `11` = 20L, `12` = 18L, 
    `13` = 22L, `14` = 13L, `15` = 8L, `16` = 12L, `17` = 5L, 
    `18` = 10L, `19` = 8L, `20` = 7L, `21` = 9L, `22` = 9L, `23` = 9L, 
    `24` = 9L, `25` = 4L, `26` = 6L, `27` = 7L, `28` = 5L, `29` = 7L, 
    `30` = 5L, `31` = 2L, `32` = 4L, `33` = 3L, `34` = 5L, `35` = 1L, 
    `36` = 7L, `38` = 3L, `39` = 2L, `40` = 2L, `41` = 1L, `42` = 7L, 
    `43` = 1L, `44` = 1L, `45` = 2L, `46` = 1L, `47` = 4L, `48` = 1L, 
    `49` = 2L, `51` = 1L, `54` = 1L, `55` = 1L, `56` = 1L, `58` = 1L, 
    `59` = 1L), .Dim = 54L, .Dimnames = structure(list(c("1", 
    "2", "3", "4", "5", "6", "7", "8", "9", "10", "11", "12", 
    "13", "14", "15", "16", "17", "18", "19", "20", "21", "22", 
    "23", "24", "25", "26", "27", "28", "29", "30", "31", "32", 
    "33", "34", "35", "36", "38", "39", "40", "41", "42", "43", 
    "44", "45", "46", "47", "48", "49", "51", "54", "55", "56", 
    "58", "59")), .Names = ""), class = "table"), No.Tag = structure(c(0L, 
    0L, 318L, 2L, 0L, 2L, 0L, 0L, 0L, 0L, 0L, 0L, 0L, 0L, 3L, 
    0L, 0L, 0L), .Dim = c(6L, 3L), .Dimnames = structure(list(
        c("-2", "-1", "0", "1", "2", NA), c("G", "T", NA)), .Names = c("", 
    "")), class = "table"), All.Tags = list(Concordant = list(
        Freqs = structure(c(0, 1, 554, 0, 0, 0, 0, 3, 0, 0), .Dim = c(5L, 
        2L), .Dimnames = list(c("-2", "-1", "0", "1", "2"), c("G", 
        "T"))), N = 558), Majority = list(Freqs = structure(c(0, 
    1, 587, 0, 0, 0, 0, 3, 0, 0), .Dim = c(5L, 2L), .Dimnames = list(
        c("-2", "-1", "0", "1", "2"), c("G", "T"))), N = 591)), 
    `2` = structure(c(0, 0, 454, 0, 0, 0, 0, 0, 0, 0), .Dim = c(5L, 
    2L), .Dimnames = list(c("-2", "-1", "0", "1", "2"), c("G", 
    "T"))))))
