Results <-
list(`bwaOutput/20210421msiMNRsJenny/231954_S17.sam` = list(LR48_SNP1 = list(
    All = list(Freqs = structure(c(0L, 0L, 0L, 1L, 0L, 0L, 0L, 
    2L, 35L, 191L, 8112L, 132L, 3L, 47L, 0L, 0L, 1L, 4L, 0L, 
    0L, 0L, 0L, 0L, 2L, 193L, 1L, 0L, 0L), .Dim = c(7L, 4L), .Dimnames = structure(list(
        c("-3", "-2", "-1", "0", "1", "2", NA), c("A", "C", "T", 
        NA)), .Names = c("", "")), class = "table"), N = 8724L), 
    Tag.Distribution = structure(c(`1` = 116L, `2` = 34L, `3` = 17L, 
    `4` = 22L, `5` = 27L, `6` = 28L, `7` = 8L, `8` = 23L, `9` = 12L, 
    `10` = 17L, `11` = 15L, `12` = 25L, `13` = 16L, `14` = 9L, 
    `15` = 11L, `16` = 13L, `17` = 9L, `18` = 12L, `19` = 11L, 
    `20` = 8L, `21` = 5L, `22` = 12L, `23` = 9L, `24` = 6L, `25` = 6L, 
    `26` = 9L, `27` = 6L, `28` = 7L, `29` = 8L, `30` = 7L, `31` = 8L, 
    `32` = 3L, `33` = 6L, `34` = 4L, `35` = 8L, `36` = 3L, `37` = 5L, 
    `38` = 5L, `40` = 4L, `41` = 3L, `42` = 5L, `43` = 1L, `44` = 7L, 
    `45` = 1L, `46` = 3L, `47` = 2L, `49` = 1L, `50` = 2L, `53` = 1L, 
    `55` = 1L, `56` = 2L, `57` = 1L, `58` = 1L, `59` = 1L, `60` = 1L, 
    `65` = 1L, `71` = 1L, `76` = 1L, `78` = 1L), .Dim = 59L, .Dimnames = structure(list(
        c("1", "2", "3", "4", "5", "6", "7", "8", "9", "10", 
        "11", "12", "13", "14", "15", "16", "17", "18", "19", 
        "20", "21", "22", "23", "24", "25", "26", "27", "28", 
        "29", "30", "31", "32", "33", "34", "35", "36", "37", 
        "38", "40", "41", "42", "43", "44", "45", "46", "47", 
        "49", "50", "53", "55", "56", "57", "58", "59", "60", 
        "65", "71", "76", "78")), .Names = ""), class = "table"), 
    No.Tag = structure(c(0L, 0L, 0L, 0L, 0L, 0L, 0L, 1L, 0L, 
    5L, 282L, 2L, 0L, 3L, 0L, 0L, 1L, 0L, 0L, 0L, 0L, 0L, 0L, 
    0L, 17L, 0L, 0L, 0L), .Dim = c(7L, 4L), .Dimnames = structure(list(
        c("-3", "-2", "-1", "0", "1", "2", NA), c("A", "C", "T", 
        NA)), .Names = c("", "")), class = "table"), All.Tags = list(
        Concordant = list(Freqs = structure(c(0, 0, 0, 0, 0, 
        0, 0, 2, 8, 372, 1, 0, 0, 0, 0, 2, 0, 0), .Dim = c(6L, 
        3L), .Dimnames = list(c("-3", "-2", "-1", "0", "1", "2"
        ), c("A", "C", "T"))), N = 385), Majority = list(Freqs = structure(c(0, 
        0, 0, 0, 0, 0, 0, 3, 8, 562, 2, 0, 0, 0, 0, 2, 0, 0), .Dim = c(6L, 
        3L), .Dimnames = list(c("-3", "-2", "-1", "0", "1", "2"
        ), c("A", "C", "T"))), N = 577)), `2` = structure(c(0, 
    0, 0, 0, 0, 0, 0, 1, 1, 470, 2, 0, 0, 0, 0, 0, 0, 0), .Dim = c(6L, 
    3L), .Dimnames = list(c("-3", "-2", "-1", "0", "1", "2"), 
        c("A", "C", "T"))))))
