Results <-
list(`bwaOutput/20210421msiMNRsJenny/231954_S17.sam` = list(GM09_SNP1 = list(
    All = list(Freqs = structure(c(0L, 12L, 0L, 0L, 58L, 13462L, 
    19L, 7L, 0L, 105L, 0L, 0L), .Dim = 4:3, .Dimnames = structure(list(
        c("-1", "0", "1", NA), c("A", "G", NA)), .Names = c("", 
    "")), class = "table"), N = 13663L), Tag.Distribution = structure(c(`1` = 222L, 
    `2` = 67L, `3` = 60L, `4` = 61L, `5` = 44L, `6` = 48L, `7` = 41L, 
    `8` = 33L, `9` = 34L, `10` = 46L, `11` = 35L, `12` = 34L, 
    `13` = 31L, `14` = 22L, `15` = 24L, `16` = 19L, `17` = 24L, 
    `18` = 26L, `19` = 16L, `20` = 18L, `21` = 13L, `22` = 18L, 
    `23` = 8L, `24` = 11L, `25` = 10L, `26` = 7L, `27` = 12L, 
    `28` = 8L, `29` = 9L, `30` = 10L, `31` = 8L, `32` = 10L, 
    `33` = 12L, `34` = 7L, `35` = 5L, `36` = 4L, `37` = 12L, 
    `38` = 2L, `39` = 7L, `40` = 7L, `41` = 5L, `42` = 4L, `44` = 3L, 
    `45` = 3L, `46` = 4L, `47` = 2L, `48` = 1L, `49` = 1L, `57` = 3L, 
    `60` = 1L, `64` = 1L, `69` = 1L, `71` = 2L, `75` = 1L, `76` = 1L
    ), .Dim = 55L, .Dimnames = structure(list(c("1", "2", "3", 
    "4", "5", "6", "7", "8", "9", "10", "11", "12", "13", "14", 
    "15", "16", "17", "18", "19", "20", "21", "22", "23", "24", 
    "25", "26", "27", "28", "29", "30", "31", "32", "33", "34", 
    "35", "36", "37", "38", "39", "40", "41", "42", "44", "45", 
    "46", "47", "48", "49", "57", "60", "64", "69", "71", "75", 
    "76")), .Names = ""), class = "table"), No.Tag = structure(c(0L, 
    0L, 0L, 0L, 2L, 410L, 1L, 1L, 0L, 12L, 0L, 0L), .Dim = 4:3, .Dimnames = structure(list(
        c("-1", "0", "1", NA), c("A", "G", NA)), .Names = c("", 
    "")), class = "table"), All.Tags = list(Concordant = list(
        Freqs = structure(c(0, 7, 0, 1, 1030, 0), .Dim = 3:2, .Dimnames = list(
            c("-1", "0", "1"), c("A", "G"))), N = 1038), Majority = list(
        Freqs = structure(c(0, 7, 0, 1, 1094, 0), .Dim = 3:2, .Dimnames = list(
            c("-1", "0", "1"), c("A", "G"))), N = 1102)), `2` = structure(c(0, 
    0, 0, 0, 893, 0), .Dim = 3:2, .Dimnames = list(c("-1", "0", 
    "1"), c("A", "G"))))))
