Results <-
list(`bwaOutput/20210421msiMNRsJenny/231954_S17.sam` = list(GM29_SNP1 = list(
    All = list(Freqs = structure(c(1L, 57L, 3681L, 14L, 4L, 0L, 
    66L, 4031L, 15L, 5L, 0L, 0L, 1L, 0L, 0L, 0L, 1L, 81L, 1L, 
    0L), .Dim = 5:4, .Dimnames = structure(list(c("-2", "-1", 
    "0", "1", NA), c("A", "G", "T", NA)), .Names = c("", "")), class = "table"), 
        N = 7958L), Tag.Distribution = structure(c(`1` = 112L, 
    `2` = 41L, `3` = 33L, `4` = 28L, `5` = 26L, `6` = 19L, `7` = 27L, 
    `8` = 27L, `9` = 32L, `10` = 31L, `11` = 18L, `12` = 16L, 
    `13` = 21L, `14` = 17L, `15` = 12L, `16` = 14L, `17` = 14L, 
    `18` = 12L, `19` = 7L, `20` = 9L, `21` = 9L, `22` = 6L, `23` = 5L, 
    `24` = 4L, `25` = 9L, `26` = 8L, `27` = 8L, `28` = 2L, `29` = 6L, 
    `30` = 8L, `31` = 2L, `32` = 7L, `33` = 1L, `34` = 2L, `35` = 4L, 
    `36` = 3L, `37` = 2L, `38` = 3L, `39` = 2L, `40` = 2L, `41` = 1L, 
    `42` = 2L, `43` = 1L, `44` = 1L, `45` = 1L, `46` = 2L, `48` = 3L, 
    `49` = 2L, `51` = 1L, `52` = 1L, `53` = 1L, `57` = 1L, `61` = 2L, 
    `77` = 1L, `78` = 1L, `93` = 1L, `108` = 1L), .Dim = 57L, .Dimnames = structure(list(
        c("1", "2", "3", "4", "5", "6", "7", "8", "9", "10", 
        "11", "12", "13", "14", "15", "16", "17", "18", "19", 
        "20", "21", "22", "23", "24", "25", "26", "27", "28", 
        "29", "30", "31", "32", "33", "34", "35", "36", "37", 
        "38", "39", "40", "41", "42", "43", "44", "45", "46", 
        "48", "49", "51", "52", "53", "57", "61", "77", "78", 
        "93", "108")), .Names = ""), class = "table"), No.Tag = structure(c(0L, 
    3L, 162L, 0L, 0L, 0L, 2L, 143L, 0L, 2L, 0L, 0L, 0L, 0L, 0L, 
    0L, 0L, 8L, 0L, 0L), .Dim = 5:4, .Dimnames = structure(list(
        c("-2", "-1", "0", "1", NA), c("A", "G", "T", NA)), .Names = c("", 
    "")), class = "table"), All.Tags = list(Concordant = list(
        Freqs = structure(c(0, 2, 232, 0, 0, 2, 232, 0, 0, 0, 
        0, 0), .Dim = 4:3, .Dimnames = list(c("-2", "-1", "0", 
        "1"), c("A", "G", "T"))), N = 468), Majority = list(Freqs = structure(c(0, 
    3, 305, 0, 0, 2, 310, 0, 0, 0, 0, 0), .Dim = 4:3, .Dimnames = list(
        c("-2", "-1", "0", "1"), c("A", "G", "T"))), N = 620)), 
    `2` = structure(c(0, 1, 255, 0, 0, 1, 261, 0, 0, 0, 0, 0), .Dim = 4:3, .Dimnames = list(
        c("-2", "-1", "0", "1"), c("A", "G", "T"))))))
