Results <-
list(`bwaOutput/20210421msiMNRsJenny/231954_S17.sam` = list(IM49_SNP1 = list(
    All = list(Freqs = structure(c(4L, 165L, 4444L, 104L, 4L, 
    31L, 5L, 101L, 3385L, 68L, 0L, 20L, 0L, 0L, 2L, 0L, 0L, 0L, 
    0L, 2L, 259L, 5L, 1L, 0L), .Dim = c(6L, 4L), .Dimnames = structure(list(
        c("-2", "-1", "0", "1", "2", NA), c("C", "G", "T", NA
        )), .Names = c("", "")), class = "table"), N = 8600L), 
    Tag.Distribution = structure(c(`1` = 224L, `2` = 70L, `3` = 51L, 
    `4` = 52L, `5` = 36L, `6` = 40L, `7` = 35L, `8` = 35L, `9` = 30L, 
    `10` = 31L, `11` = 29L, `12` = 29L, `13` = 21L, `14` = 16L, 
    `15` = 21L, `16` = 17L, `17` = 11L, `18` = 16L, `19` = 9L, 
    `20` = 8L, `21` = 13L, `22` = 10L, `23` = 4L, `24` = 9L, 
    `25` = 5L, `26` = 4L, `27` = 6L, `28` = 10L, `29` = 6L, `30` = 2L, 
    `31` = 8L, `32` = 10L, `33` = 3L, `34` = 1L, `35` = 2L, `36` = 3L, 
    `37` = 4L, `38` = 2L, `39` = 5L, `40` = 3L, `41` = 1L, `42` = 1L, 
    `47` = 1L, `48` = 1L, `49` = 1L, `53` = 1L, `54` = 1L, `55` = 1L, 
    `58` = 1L, `63` = 1L), .Dim = 50L, .Dimnames = structure(list(
        c("1", "2", "3", "4", "5", "6", "7", "8", "9", "10", 
        "11", "12", "13", "14", "15", "16", "17", "18", "19", 
        "20", "21", "22", "23", "24", "25", "26", "27", "28", 
        "29", "30", "31", "32", "33", "34", "35", "36", "37", 
        "38", "39", "40", "41", "42", "47", "48", "49", "53", 
        "54", "55", "58", "63")), .Names = ""), class = "table"), 
    No.Tag = structure(c(0L, 2L, 50L, 1L, 0L, 2L, 0L, 1L, 87L, 
    0L, 0L, 0L, 0L, 0L, 1L, 0L, 0L, 0L, 0L, 0L, 15L, 0L, 0L, 
    0L), .Dim = c(6L, 4L), .Dimnames = structure(list(c("-2", 
    "-1", "0", "1", "2", NA), c("C", "G", "T", NA)), .Names = c("", 
    "")), class = "table"), All.Tags = list(Concordant = list(
        Freqs = structure(c(1, 2, 287, 2, 0, 0, 2, 254, 0, 0, 
        0, 0, 0, 0, 0), .Dim = c(5L, 3L), .Dimnames = list(c("-2", 
        "-1", "0", "1", "2"), c("C", "G", "T"))), N = 548), Majority = list(
        Freqs = structure(c(1, 2, 469, 2, 0, 0, 3, 376, 0, 0, 
        0, 0, 0, 0, 0), .Dim = c(5L, 3L), .Dimnames = list(c("-2", 
        "-1", "0", "1", "2"), c("C", "G", "T"))), N = 853)), 
    `2` = structure(c(1, 0, 372, 0, 0, 0, 1, 288, 0, 0, 0, 0, 
    0, 0, 0), .Dim = c(5L, 3L), .Dimnames = list(c("-2", "-1", 
    "0", "1", "2"), c("C", "G", "T"))))))
