Results <-
list(`bwaOutput/20210421msiMNRsJenny/231954_S17.sam` = list(LR24_SNP1 = list(
    All = list(Freqs = structure(c(0L, 0L, 2L, 0L, 0L, 0L, 0L, 
    58L, 2L, 1L, 1L, 42L, 8620L, 25L, 7L, 0L, 1L, 66L, 0L, 0L
    ), .Dim = 5:4, .Dimnames = structure(list(c("-2", "-1", "0", 
    "1", NA), c("-", "A", "G", NA)), .Names = c("", "")), class = "table"), 
        N = 8825L), Tag.Distribution = structure(c(`1` = 227L, 
    `2` = 107L, `3` = 67L, `4` = 78L, `5` = 55L, `6` = 61L, `7` = 54L, 
    `8` = 59L, `9` = 40L, `10` = 35L, `11` = 25L, `12` = 32L, 
    `13` = 38L, `14` = 25L, `15` = 16L, `16` = 15L, `17` = 12L, 
    `18` = 12L, `19` = 10L, `20` = 7L, `21` = 5L, `22` = 6L, 
    `23` = 8L, `24` = 7L, `25` = 9L, `26` = 6L, `27` = 6L, `28` = 5L, 
    `29` = 3L, `30` = 5L, `31` = 3L, `32` = 1L, `33` = 3L, `34` = 4L, 
    `35` = 2L, `36` = 1L, `37` = 5L, `39` = 1L, `40` = 1L, `41` = 2L, 
    `47` = 1L, `50` = 1L, `51` = 1L, `52` = 1L, `64` = 1L), .Dim = 45L, .Dimnames = structure(list(
        c("1", "2", "3", "4", "5", "6", "7", "8", "9", "10", 
        "11", "12", "13", "14", "15", "16", "17", "18", "19", 
        "20", "21", "22", "23", "24", "25", "26", "27", "28", 
        "29", "30", "31", "32", "33", "34", "35", "36", "37", 
        "39", "40", "41", "47", "50", "51", "52", "64")), .Names = ""), class = "table"), 
    No.Tag = structure(c(0L, 0L, 0L, 0L, 0L, 0L, 0L, 1L, 0L, 
    0L, 0L, 1L, 345L, 0L, 0L, 0L, 0L, 5L, 0L, 0L), .Dim = 5:4, .Dimnames = structure(list(
        c("-2", "-1", "0", "1", NA), c("-", "A", "G", NA)), .Names = c("", 
    "")), class = "table"), All.Tags = list(Concordant = list(
        Freqs = structure(c(0, 0, 0, 0, 0, 0, 9, 0, 0, 0, 982, 
        2), .Dim = 4:3, .Dimnames = list(c("-2", "-1", "0", "1"
        ), c("-", "A", "G"))), N = 993), Majority = list(Freqs = structure(c(0, 
    0, 0, 0, 0, 0, 12, 0, 0, 0, 1039, 3), .Dim = 4:3, .Dimnames = list(
        c("-2", "-1", "0", "1"), c("-", "A", "G"))), N = 1054)), 
    `2` = structure(c(0, 0, 0, 0, 0, 0, 4, 0, 0, 0, 828, 1), .Dim = 4:3, .Dimnames = list(
        c("-2", "-1", "0", "1"), c("-", "A", "G"))))))
