Results <-
list(`bwaOutput/20210421msiMNRsJenny/231954_S17.sam` = list(DEPDC2_SNP1 = list(
    All = list(Freqs = structure(c(0L, 0L, 0L, 2L, 0L, 0L, 1L, 
    0L, 15L, 3005L, 8L, 10L, 0L, 1L, 29L, 5279L, 21L, 51L, 0L, 
    0L, 1L, 90L, 2L, 0L), .Dim = c(6L, 4L), .Dimnames = structure(list(
        c("-4", "-2", "-1", "0", "1", NA), c("A", "C", "T", NA
        )), .Names = c("", "")), class = "table"), N = 8515L), 
    Tag.Distribution = structure(c(`1` = 227L, `2` = 65L, `3` = 57L, 
    `4` = 56L, `5` = 54L, `6` = 49L, `7` = 45L, `8` = 49L, `9` = 39L, 
    `10` = 28L, `11` = 28L, `12` = 19L, `13` = 25L, `14` = 18L, 
    `15` = 11L, `16` = 23L, `17` = 16L, `18` = 16L, `19` = 16L, 
    `20` = 8L, `21` = 11L, `22` = 5L, `23` = 14L, `24` = 17L, 
    `25` = 4L, `26` = 7L, `27` = 5L, `28` = 6L, `29` = 6L, `30` = 7L, 
    `31` = 1L, `32` = 2L, `33` = 2L, `34` = 3L, `36` = 3L, `37` = 2L, 
    `39` = 1L, `40` = 1L, `42` = 2L, `45` = 1L, `51` = 1L, `52` = 1L, 
    `56` = 1L), .Dim = 43L, .Dimnames = structure(list(c("1", 
    "2", "3", "4", "5", "6", "7", "8", "9", "10", "11", "12", 
    "13", "14", "15", "16", "17", "18", "19", "20", "21", "22", 
    "23", "24", "25", "26", "27", "28", "29", "30", "31", "32", 
    "33", "34", "36", "37", "39", "40", "42", "45", "51", "52", 
    "56")), .Names = ""), class = "table"), No.Tag = structure(c(0L, 
    0L, 0L, 0L, 0L, 0L, 0L, 0L, 0L, 162L, 0L, 4L, 0L, 0L, 1L, 
    161L, 0L, 5L, 0L, 0L, 0L, 5L, 1L, 0L), .Dim = c(6L, 4L), .Dimnames = structure(list(
        c("-4", "-2", "-1", "0", "1", NA), c("A", "C", "T", NA
        )), .Names = c("", "")), class = "table"), All.Tags = list(
        Concordant = list(Freqs = structure(c(0, 0, 0, 0, 0, 
        0, 0, 0, 295, 1, 0, 0, 1, 503, 2), .Dim = c(5L, 3L), .Dimnames = list(
            c("-4", "-2", "-1", "0", "1"), c("A", "C", "T"))), 
            N = 802), Majority = list(Freqs = structure(c(0, 
        0, 0, 0, 0, 0, 0, 0, 338, 1, 0, 0, 1, 583, 2), .Dim = c(5L, 
        3L), .Dimnames = list(c("-4", "-2", "-1", "0", "1"), 
            c("A", "C", "T"))), N = 925)), `2` = structure(c(0, 
    0, 0, 0, 0, 0, 0, 0, 260, 0, 0, 0, 0, 454, 1), .Dim = c(5L, 
    3L), .Dimnames = list(c("-4", "-2", "-1", "0", "1"), c("A", 
    "C", "T"))))))
