Results <-
list(`bwaOutput/20210421msiMNRsJenny/231954_S17.sam` = list(GM26_SNP1 = list(
    All = list(Freqs = structure(c(4L, 28L, 3550L, 14L, 13L, 
    0L, 1L, 20L, 0L, 0L, 0L, 0L, 2L, 0L, 0L, 0L, 0L, 44L, 0L, 
    0L), .Dim = 5:4, .Dimnames = structure(list(c("-2", "-1", 
    "0", "1", NA), c("A", "G", "T", NA)), .Names = c("", "")), class = "table"), 
        N = 3676L), Tag.Distribution = structure(c(`1` = 84L, 
    `2` = 24L, `3` = 16L, `4` = 22L, `5` = 18L, `6` = 15L, `7` = 8L, 
    `8` = 18L, `9` = 14L, `10` = 5L, `11` = 11L, `12` = 9L, `13` = 7L, 
    `14` = 12L, `15` = 12L, `16` = 11L, `17` = 5L, `18` = 4L, 
    `19` = 5L, `20` = 2L, `21` = 4L, `22` = 6L, `23` = 1L, `24` = 3L, 
    `25` = 1L, `26` = 1L, `27` = 2L, `28` = 2L, `29` = 4L, `30` = 3L, 
    `31` = 2L, `32` = 2L, `33` = 1L, `34` = 3L, `35` = 3L, `36` = 2L, 
    `38` = 2L, `40` = 1L, `42` = 1L, `43` = 3L, `45` = 1L, `46` = 1L, 
    `48` = 1L, `53` = 1L, `60` = 1L), .Dim = 45L, .Dimnames = structure(list(
        c("1", "2", "3", "4", "5", "6", "7", "8", "9", "10", 
        "11", "12", "13", "14", "15", "16", "17", "18", "19", 
        "20", "21", "22", "23", "24", "25", "26", "27", "28", 
        "29", "30", "31", "32", "33", "34", "35", "36", "38", 
        "40", "42", "43", "45", "46", "48", "53", "60")), .Names = ""), class = "table"), 
    No.Tag = structure(c(0L, 0L, 55L, 0L, 3L, 0L, 0L, 1L, 0L, 
    0L, 0L, 0L, 0L, 0L, 0L, 0L, 0L, 2L, 0L, 0L), .Dim = 5:4, .Dimnames = structure(list(
        c("-2", "-1", "0", "1", NA), c("A", "G", "T", NA)), .Names = c("", 
    "")), class = "table"), All.Tags = list(Concordant = list(
        Freqs = structure(c(0, 0, 303, 0, 0, 0, 1, 0, 0, 0, 0, 
        0), .Dim = 4:3, .Dimnames = list(c("-2", "-1", "0", "1"
        ), c("A", "G", "T"))), N = 304), Majority = list(Freqs = structure(c(0, 
    0, 345, 0, 0, 0, 2, 0, 0, 0, 0, 0), .Dim = 4:3, .Dimnames = list(
        c("-2", "-1", "0", "1"), c("A", "G", "T"))), N = 347)), 
    `2` = structure(c(0, 0, 267, 0, 0, 0, 2, 0, 0, 0, 0, 0), .Dim = 4:3, .Dimnames = list(
        c("-2", "-1", "0", "1"), c("A", "G", "T"))))))
