Results <-
list(`bwaOutput/20210421msiMNRsJenny/231954_S17.sam` = list(GM14_SNP1 = list(
    All = list(Freqs = structure(c(0L, 0L, 0L, 2L, 0L, 0L, 0L, 
    2L, 86L, 3644L, 30L, 8L, 1L, 3L, 75L, 4083L, 22L, 6L, 0L, 
    0L, 1L, 105L, 0L, 0L), .Dim = c(6L, 4L), .Dimnames = structure(list(
        c("-3", "-2", "-1", "0", "1", NA), c("A", "C", "T", NA
        )), .Names = c("", "")), class = "table"), N = 8068L), 
    Tag.Distribution = structure(c(`1` = 156L, `2` = 44L, `3` = 39L, 
    `4` = 31L, `5` = 37L, `6` = 42L, `7` = 31L, `8` = 16L, `9` = 17L, 
    `10` = 18L, `11` = 23L, `12` = 19L, `13` = 15L, `14` = 17L, 
    `15` = 18L, `16` = 11L, `17` = 12L, `18` = 11L, `19` = 13L, 
    `20` = 13L, `21` = 6L, `22` = 20L, `23` = 12L, `24` = 12L, 
    `25` = 15L, `26` = 6L, `27` = 9L, `28` = 6L, `29` = 8L, `30` = 8L, 
    `31` = 7L, `32` = 3L, `33` = 7L, `34` = 3L, `35` = 2L, `36` = 2L, 
    `37` = 6L, `38` = 6L, `39` = 1L, `41` = 3L, `42` = 2L, `57` = 1L
    ), .Dim = 42L, .Dimnames = structure(list(c("1", "2", "3", 
    "4", "5", "6", "7", "8", "9", "10", "11", "12", "13", "14", 
    "15", "16", "17", "18", "19", "20", "21", "22", "23", "24", 
    "25", "26", "27", "28", "29", "30", "31", "32", "33", "34", 
    "35", "36", "37", "38", "39", "41", "42", "57")), .Names = ""), class = "table"), 
    No.Tag = structure(c(0L, 0L, 0L, 0L, 0L, 0L, 0L, 0L, 1L, 
    42L, 3L, 0L, 0L, 0L, 0L, 64L, 0L, 0L, 0L, 0L, 0L, 4L, 0L, 
    0L), .Dim = c(6L, 4L), .Dimnames = structure(list(c("-3", 
    "-2", "-1", "0", "1", NA), c("A", "C", "T", NA)), .Names = c("", 
    "")), class = "table"), All.Tags = list(Concordant = list(
        Freqs = structure(c(0, 0, 0, 0, 0, 0, 0, 0, 252, 0, 0, 
        0, 5, 287, 0), .Dim = c(5L, 3L), .Dimnames = list(c("-3", 
        "-2", "-1", "0", "1"), c("A", "C", "T"))), N = 544), 
        Majority = list(Freqs = structure(c(0, 0, 0, 0, 0, 0, 
        0, 0, 335, 1, 0, 0, 5, 371, 0), .Dim = c(5L, 3L), .Dimnames = list(
            c("-3", "-2", "-1", "0", "1"), c("A", "C", "T"))), 
            N = 712)), `2` = structure(c(0, 0, 0, 0, 0, 0, 0, 
    0, 265, 1, 0, 0, 0, 300, 0), .Dim = c(5L, 3L), .Dimnames = list(
        c("-3", "-2", "-1", "0", "1"), c("A", "C", "T"))))))
