Results <-
list(`bwaOutput/20210421msiMNRsJenny/231954_S17.sam` = list(GM11_SNP1 = list(
    All = list(Freqs = structure(c(26L, 5400L, 36L, 14L, 0L, 
    3L, 0L, 0L, 0L, 1L, 0L, 0L, 0L, 49L, 0L, 0L), .Dim = c(4L, 
    4L), .Dimnames = structure(list(c("-1", "0", "1", NA), c("A", 
    "G", "T", NA)), .Names = c("", "")), class = "table"), N = 5529L), 
    Tag.Distribution = structure(c(`1` = 85L, `2` = 35L, `3` = 27L, 
    `4` = 35L, `5` = 12L, `6` = 20L, `7` = 17L, `8` = 21L, `9` = 13L, 
    `10` = 17L, `11` = 9L, `12` = 11L, `13` = 12L, `14` = 7L, 
    `15` = 15L, `16` = 16L, `17` = 10L, `18` = 5L, `19` = 7L, 
    `20` = 6L, `21` = 5L, `22` = 5L, `23` = 6L, `24` = 7L, `25` = 5L, 
    `26` = 8L, `27` = 5L, `28` = 8L, `29` = 3L, `30` = 3L, `31` = 3L, 
    `32` = 5L, `33` = 4L, `34` = 2L, `35` = 6L, `36` = 2L, `37` = 1L, 
    `39` = 1L, `40` = 1L, `42` = 5L, `46` = 3L, `48` = 1L, `58` = 1L, 
    `60` = 1L), .Dim = 44L, .Dimnames = structure(list(c("1", 
    "2", "3", "4", "5", "6", "7", "8", "9", "10", "11", "12", 
    "13", "14", "15", "16", "17", "18", "19", "20", "21", "22", 
    "23", "24", "25", "26", "27", "28", "29", "30", "31", "32", 
    "33", "34", "35", "36", "37", "39", "40", "42", "46", "48", 
    "58", "60")), .Names = ""), class = "table"), No.Tag = structure(c(0L, 
    162L, 1L, 0L, 0L, 0L, 0L, 0L, 0L, 0L, 0L, 0L, 0L, 2L, 0L, 
    0L), .Dim = c(4L, 4L), .Dimnames = structure(list(c("-1", 
    "0", "1", NA), c("A", "G", "T", NA)), .Names = c("", "")), class = "table"), 
    All.Tags = list(Concordant = list(Freqs = structure(c(0, 
    424, 1, 0, 3, 0, 0, 0, 0), .Dim = c(3L, 3L), .Dimnames = list(
        c("-1", "0", "1"), c("A", "G", "T"))), N = 428), Majority = list(
        Freqs = structure(c(0, 461, 1, 0, 3, 0, 0, 0, 0), .Dim = c(3L, 
        3L), .Dimnames = list(c("-1", "0", "1"), c("A", "G", 
        "T"))), N = 465)), `2` = structure(c(0, 384, 1, 0, 0, 
    0, 0, 0, 0), .Dim = c(3L, 3L), .Dimnames = list(c("-1", "0", 
    "1"), c("A", "G", "T"))))))
