Results <-
list(`bwaOutput/20210421msiMNRsJenny/231954_S17.sam` = list(LR17_SNP1 = list(
    All = list(Freqs = structure(c(13L, 489L, 12070L, 174L, 2L, 
    79L, 0L, 0L, 7L, 0L, 0L, 0L, 0L, 22L, 884L, 5L, 0L, 0L), .Dim = c(6L, 
    3L), .Dimnames = structure(list(c("-2", "-1", "0", "1", "2", 
    NA), c("A", "G", NA)), .Names = c("", "")), class = "table"), 
        N = 13745L), Tag.Distribution = structure(c(`1` = 312L, 
    `2` = 59L, `3` = 35L, `4` = 35L, `5` = 37L, `6` = 39L, `7` = 40L, 
    `8` = 34L, `9` = 43L, `10` = 40L, `11` = 33L, `12` = 36L, 
    `13` = 22L, `14` = 34L, `15` = 19L, `16` = 28L, `17` = 27L, 
    `18` = 18L, `19` = 24L, `20` = 13L, `21` = 14L, `22` = 15L, 
    `23` = 17L, `24` = 19L, `25` = 15L, `26` = 13L, `27` = 11L, 
    `28` = 14L, `29` = 11L, `30` = 14L, `31` = 11L, `32` = 11L, 
    `33` = 9L, `34` = 8L, `35` = 4L, `36` = 4L, `37` = 7L, `38` = 7L, 
    `39` = 1L, `40` = 2L, `41` = 2L, `42` = 6L, `43` = 3L, `44` = 1L, 
    `45` = 1L, `48` = 1L, `50` = 2L, `51` = 3L, `53` = 1L, `54` = 1L, 
    `56` = 1L, `57` = 1L, `61` = 1L, `67` = 1L, `70` = 1L, `79` = 1L
    ), .Dim = 56L, .Dimnames = structure(list(c("1", "2", "3", 
    "4", "5", "6", "7", "8", "9", "10", "11", "12", "13", "14", 
    "15", "16", "17", "18", "19", "20", "21", "22", "23", "24", 
    "25", "26", "27", "28", "29", "30", "31", "32", "33", "34", 
    "35", "36", "37", "38", "39", "40", "41", "42", "43", "44", 
    "45", "48", "50", "51", "53", "54", "56", "57", "61", "67", 
    "70", "79")), .Names = ""), class = "table"), No.Tag = structure(c(1L, 
    10L, 319L, 1L, 0L, 4L, 0L, 0L, 0L, 0L, 0L, 0L, 0L, 0L, 36L, 
    0L, 0L, 0L), .Dim = c(6L, 3L), .Dimnames = structure(list(
        c("-2", "-1", "0", "1", "2", NA), c("A", "G", NA)), .Names = c("", 
    "")), class = "table"), All.Tags = list(Concordant = list(
        Freqs = structure(c(0, 9, 753, 4, 0, 0, 0, 0, 0, 0), .Dim = c(5L, 
        2L), .Dimnames = list(c("-2", "-1", "0", "1", "2"), c("A", 
        "G"))), N = 766), Majority = list(Freqs = structure(c(0, 
    11, 1108, 6, 0, 0, 0, 0, 0, 0), .Dim = c(5L, 2L), .Dimnames = list(
        c("-2", "-1", "0", "1", "2"), c("A", "G"))), N = 1125)), 
    `2` = structure(c(0, 5, 833, 3, 0, 0, 0, 0, 0, 0), .Dim = c(5L, 
    2L), .Dimnames = list(c("-2", "-1", "0", "1", "2"), c("A", 
    "G"))))))
