Results <-
list(`bwaOutput/20210421msiMNRsJenny/231954_S17.sam` = list(LR20_SNP1 = list(
    All = list(Freqs = structure(c(7L, 2531L, 3L, 5L, 5L, 2341L, 
    3L, 4L, 0L, 1L, 0L, 0L, 0L, 32L, 0L, 0L), .Dim = c(4L, 4L
    ), .Dimnames = structure(list(c("-1", "0", "1", NA), c("A", 
    "G", "T", NA)), .Names = c("", "")), class = "table"), N = 4932L), 
    Tag.Distribution = structure(c(`1` = 110L, `2` = 31L, `3` = 30L, 
    `4` = 32L, `5` = 35L, `6` = 22L, `7` = 34L, `8` = 27L, `9` = 10L, 
    `10` = 16L, `11` = 11L, `12` = 18L, `13` = 8L, `14` = 16L, 
    `15` = 11L, `16` = 14L, `17` = 6L, `18` = 8L, `19` = 6L, 
    `20` = 9L, `21` = 4L, `22` = 4L, `23` = 2L, `24` = 1L, `25` = 2L, 
    `26` = 5L, `27` = 6L, `28` = 4L, `29` = 2L, `30` = 2L, `31` = 4L, 
    `32` = 5L, `33` = 1L, `34` = 2L, `36` = 1L, `38` = 2L, `39` = 2L, 
    `41` = 1L, `43` = 1L, `45` = 1L, `48` = 1L, `49` = 1L, `55` = 1L, 
    `60` = 1L), .Dim = 44L, .Dimnames = structure(list(c("1", 
    "2", "3", "4", "5", "6", "7", "8", "9", "10", "11", "12", 
    "13", "14", "15", "16", "17", "18", "19", "20", "21", "22", 
    "23", "24", "25", "26", "27", "28", "29", "30", "31", "32", 
    "33", "34", "36", "38", "39", "41", "43", "45", "48", "49", 
    "55", "60")), .Names = ""), class = "table"), No.Tag = structure(c(1L, 
    102L, 0L, 2L, 0L, 94L, 0L, 1L, 0L, 0L, 0L, 0L, 0L, 7L, 0L, 
    0L), .Dim = c(4L, 4L), .Dimnames = structure(list(c("-1", 
    "0", "1", NA), c("A", "G", "T", NA)), .Names = c("", "")), class = "table"), 
    All.Tags = list(Concordant = list(Freqs = structure(c(0, 
    250, 0, 0, 208, 0, 0, 0, 0), .Dim = c(3L, 3L), .Dimnames = list(
        c("-1", "0", "1"), c("A", "G", "T"))), N = 458), Majority = list(
        Freqs = structure(c(0, 269, 0, 0, 232, 0, 0, 0, 0), .Dim = c(3L, 
        3L), .Dimnames = list(c("-1", "0", "1"), c("A", "G", 
        "T"))), N = 501)), `2` = structure(c(0, 210, 0, 0, 186, 
    0, 0, 0, 0), .Dim = c(3L, 3L), .Dimnames = list(c("-1", "0", 
    "1"), c("A", "G", "T"))))))
