Results <-
list(`bwaOutput/20210421msiMNRsJenny/231954_S17.sam` = list(LR52_SNP1 = list(
    All = list(Freqs = structure(c(0L, 0L, 0L, 1L, 0L, 0L, 1L, 
    17L, 236L, 2105L, 15L, 25L, 1L, 16L, 249L, 2861L, 26L, 28L, 
    0L, 0L, 11L, 776L, 6L, 0L), .Dim = c(6L, 4L), .Dimnames = structure(list(
        c("-3", "-2", "-1", "0", "1", NA), c("A", "C", "T", NA
        )), .Names = c("", "")), class = "table"), N = 6374L), 
    Tag.Distribution = structure(c(`1` = 74L, `2` = 26L, `3` = 14L, 
    `4` = 23L, `5` = 17L, `6` = 19L, `7` = 17L, `8` = 15L, `9` = 14L, 
    `10` = 8L, `11` = 18L, `12` = 19L, `13` = 11L, `14` = 12L, 
    `15` = 7L, `16` = 9L, `17` = 11L, `18` = 7L, `19` = 8L, `20` = 10L, 
    `21` = 4L, `22` = 7L, `23` = 7L, `24` = 6L, `25` = 8L, `26` = 5L, 
    `27` = 4L, `28` = 2L, `29` = 4L, `30` = 3L, `31` = 8L, `32` = 9L, 
    `33` = 4L, `34` = 4L, `35` = 6L, `36` = 2L, `37` = 4L, `38` = 2L, 
    `39` = 1L, `40` = 3L, `42` = 4L, `43` = 1L, `44` = 2L, `46` = 2L, 
    `47` = 1L, `52` = 1L, `53` = 1L, `55` = 2L, `56` = 2L, `57` = 1L, 
    `64` = 1L), .Dim = 51L, .Dimnames = structure(list(c("1", 
    "2", "3", "4", "5", "6", "7", "8", "9", "10", "11", "12", 
    "13", "14", "15", "16", "17", "18", "19", "20", "21", "22", 
    "23", "24", "25", "26", "27", "28", "29", "30", "31", "32", 
    "33", "34", "35", "36", "37", "38", "39", "40", "42", "43", 
    "44", "46", "47", "52", "53", "55", "56", "57", "64")), .Names = ""), class = "table"), 
    No.Tag = structure(c(0L, 0L, 0L, 0L, 0L, 0L, 0L, 0L, 8L, 
    52L, 0L, 1L, 0L, 1L, 14L, 125L, 0L, 3L, 0L, 0L, 0L, 17L, 
    0L, 0L), .Dim = c(6L, 4L), .Dimnames = structure(list(c("-3", 
    "-2", "-1", "0", "1", NA), c("A", "C", "T", NA)), .Names = c("", 
    "")), class = "table"), All.Tags = list(Concordant = list(
        Freqs = structure(c(0, 0, 0, 0, 0, 0, 0, 3, 76, 0, 0, 
        0, 7, 110, 1), .Dim = c(5L, 3L), .Dimnames = list(c("-3", 
        "-2", "-1", "0", "1"), c("A", "C", "T"))), N = 197), 
        Majority = list(Freqs = structure(c(0, 0, 0, 0, 0, 0, 
        0, 5, 187, 0, 0, 0, 8, 223, 1), .Dim = c(5L, 3L), .Dimnames = list(
            c("-3", "-2", "-1", "0", "1"), c("A", "C", "T"))), 
            N = 424)), `2` = structure(c(0, 0, 0, 0, 0, 0, 0, 
    4, 170, 0, 0, 0, 4, 190, 0), .Dim = c(5L, 3L), .Dimnames = list(
        c("-3", "-2", "-1", "0", "1"), c("A", "C", "T"))))))
