Results <-
list(`bwaOutput/20210421msiMNRsJenny/231954_S17.sam` = list(LR10_SNP1 = list(
    All = list(Freqs = structure(c(1L, 34L, 2267L, 24L, 5L, 0L, 
    0L, 2L, 0L, 0L, 0L, 25L, 2537L, 9L, 1L, 0L, 0L, 85L, 0L, 
    0L), .Dim = 5:4, .Dimnames = structure(list(c("-2", "-1", 
    "0", "1", NA), c("C", "G", "T", NA)), .Names = c("", "")), class = "table"), 
        N = 4990L), Tag.Distribution = structure(c(`1` = 99L, 
    `2` = 31L, `3` = 33L, `4` = 22L, `5` = 31L, `6` = 19L, `7` = 12L, 
    `8` = 10L, `9` = 17L, `10` = 18L, `11` = 15L, `12` = 4L, 
    `13` = 12L, `14` = 8L, `15` = 12L, `16` = 13L, `17` = 11L, 
    `18` = 13L, `19` = 6L, `20` = 5L, `21` = 9L, `22` = 6L, `23` = 9L, 
    `24` = 4L, `25` = 3L, `26` = 3L, `27` = 5L, `28` = 6L, `29` = 8L, 
    `30` = 4L, `31` = 1L, `32` = 2L, `33` = 2L, `35` = 2L, `38` = 1L, 
    `39` = 2L, `40` = 3L, `41` = 1L, `43` = 1L, `45` = 1L, `49` = 1L, 
    `50` = 1L, `51` = 1L, `52` = 1L), .Dim = 44L, .Dimnames = structure(list(
        c("1", "2", "3", "4", "5", "6", "7", "8", "9", "10", 
        "11", "12", "13", "14", "15", "16", "17", "18", "19", 
        "20", "21", "22", "23", "24", "25", "26", "27", "28", 
        "29", "30", "31", "32", "33", "35", "38", "39", "40", 
        "41", "43", "45", "49", "50", "51", "52")), .Names = ""), class = "table"), 
    No.Tag = structure(c(0L, 0L, 53L, 2L, 0L, 0L, 0L, 0L, 0L, 
    0L, 0L, 0L, 83L, 0L, 0L, 0L, 0L, 4L, 0L, 0L), .Dim = 5:4, .Dimnames = structure(list(
        c("-2", "-1", "0", "1", NA), c("C", "G", "T", NA)), .Names = c("", 
    "")), class = "table"), All.Tags = list(Concordant = list(
        Freqs = structure(c(0, 1, 176, 0, 0, 0, 0, 0, 0, 0, 206, 
        0), .Dim = 4:3, .Dimnames = list(c("-2", "-1", "0", "1"
        ), c("C", "G", "T"))), N = 383), Majority = list(Freqs = structure(c(0, 
    2, 212, 1, 0, 0, 0, 0, 0, 0, 241, 0), .Dim = 4:3, .Dimnames = list(
        c("-2", "-1", "0", "1"), c("C", "G", "T"))), N = 456)), 
    `2` = structure(c(0, 1, 165, 1, 0, 0, 0, 0, 0, 0, 200, 0), .Dim = 4:3, .Dimnames = list(
        c("-2", "-1", "0", "1"), c("C", "G", "T"))))))
