Results <-
list(`bwaOutput/20210421msiMNRsJenny/231954_S17.sam` = list(LR44_SNP1 = list(
    All = list(Freqs = structure(c(0L, 0L, 2L, 0L, 0L, 0L, 5L, 
    138L, 1766L, 23L, 0L, 5L, 0L, 2L, 11L, 8L, 0L, 0L, 5L, 125L, 
    1771L, 46L, 1L, 11L, 0L, 7L, 97L, 2L, 0L, 0L), .Dim = 6:5, .Dimnames = structure(list(
        c("-2", "-1", "0", "1", "2", NA), c("A", "C", "G", "T", 
        NA)), .Names = c("", "")), class = "table"), N = 4025L), 
    Tag.Distribution = structure(c(`1` = 83L, `2` = 32L, `3` = 23L, 
    `4` = 24L, `5` = 23L, `6` = 31L, `7` = 17L, `8` = 6L, `9` = 10L, 
    `10` = 13L, `11` = 11L, `12` = 7L, `13` = 17L, `14` = 9L, 
    `15` = 7L, `16` = 4L, `17` = 10L, `18` = 11L, `19` = 5L, 
    `20` = 7L, `21` = 4L, `22` = 10L, `23` = 1L, `24` = 6L, `25` = 3L, 
    `26` = 4L, `27` = 4L, `28` = 1L, `29` = 2L, `31` = 3L, `32` = 4L, 
    `33` = 2L, `34` = 2L, `36` = 1L, `37` = 3L, `39` = 2L, `43` = 1L, 
    `45` = 1L, `55` = 1L), .Dim = 39L, .Dimnames = structure(list(
        c("1", "2", "3", "4", "5", "6", "7", "8", "9", "10", 
        "11", "12", "13", "14", "15", "16", "17", "18", "19", 
        "20", "21", "22", "23", "24", "25", "26", "27", "28", 
        "29", "31", "32", "33", "34", "36", "37", "39", "43", 
        "45", "55")), .Names = ""), class = "table"), No.Tag = structure(c(0L, 
    0L, 0L, 0L, 0L, 0L, 0L, 1L, 8L, 0L, 0L, 0L, 0L, 0L, 0L, 0L, 
    0L, 0L, 0L, 8L, 98L, 9L, 1L, 2L, 0L, 2L, 5L, 0L, 0L, 0L), .Dim = 6:5, .Dimnames = structure(list(
        c("-2", "-1", "0", "1", "2", NA), c("A", "C", "G", "T", 
        NA)), .Names = c("", "")), class = "table"), All.Tags = list(
        Concordant = list(Freqs = structure(c(0, 0, 0, 0, 0, 
        0, 5, 99, 0, 0, 0, 0, 0, 0, 0, 0, 6, 127, 1, 0), .Dim = 5:4, .Dimnames = list(
            c("-2", "-1", "0", "1", "2"), c("A", "C", "G", "T"
            ))), N = 238), Majority = list(Freqs = structure(c(0, 
        0, 0, 0, 0, 0, 5, 179, 0, 0, 0, 0, 1, 0, 0, 0, 6, 205, 
        1, 0), .Dim = 5:4, .Dimnames = list(c("-2", "-1", "0", 
        "1", "2"), c("A", "C", "G", "T"))), N = 397)), `2` = structure(c(0, 
    0, 0, 0, 0, 0, 1, 144, 0, 0, 0, 0, 1, 0, 0, 0, 2, 168, 0, 
    0), .Dim = 5:4, .Dimnames = list(c("-2", "-1", "0", "1", 
    "2"), c("A", "C", "G", "T"))))))
