Results <-
list(`bwaOutput/20210421msiMNRsJenny/233715_S18.sam` = list(LR44_SNP1 = list(
    All = list(Freqs = structure(c(0L, 2L, 1L, 5L, 0L, 0L, 1L, 
    10L, 371L, 4026L, 56L, 23L, 0L, 1L, 8L, 59L, 2L, 0L), .Dim = c(6L, 
    3L), .Dimnames = structure(list(c("-3", "-2", "-1", "0", 
    "1", NA), c("C", "T", NA)), .Names = c("", "")), class = "table"), 
        N = 4565L), Tag.Distribution = structure(c(`1` = 84L, 
    `2` = 24L, `3` = 20L, `4` = 22L, `5` = 15L, `6` = 15L, `7` = 19L, 
    `8` = 31L, `9` = 7L, `10` = 16L, `11` = 19L, `12` = 19L, 
    `13` = 8L, `14` = 11L, `15` = 10L, `16` = 10L, `17` = 8L, 
    `18` = 11L, `19` = 7L, `20` = 5L, `21` = 8L, `22` = 6L, `23` = 2L, 
    `24` = 2L, `25` = 8L, `27` = 5L, `28` = 3L, `29` = 1L, `30` = 6L, 
    `31` = 4L, `32` = 4L, `34` = 3L, `35` = 3L, `36` = 3L, `38` = 2L, 
    `39` = 1L, `40` = 1L, `43` = 2L, `51` = 1L), .Dim = 39L, .Dimnames = structure(list(
        c("1", "2", "3", "4", "5", "6", "7", "8", "9", "10", 
        "11", "12", "13", "14", "15", "16", "17", "18", "19", 
        "20", "21", "22", "23", "24", "25", "27", "28", "29", 
        "30", "31", "32", "34", "35", "36", "38", "39", "40", 
        "43", "51")), .Names = ""), class = "table"), No.Tag = structure(c(0L, 
    0L, 0L, 0L, 0L, 0L, 0L, 0L, 3L, 56L, 0L, 0L, 0L, 0L, 1L, 
    3L, 0L, 0L), .Dim = c(6L, 3L), .Dimnames = structure(list(
        c("-3", "-2", "-1", "0", "1", NA), c("C", "T", NA)), .Names = c("", 
    "")), class = "table"), All.Tags = list(Concordant = list(
        Freqs = structure(c(0, 2, 1, 4, 0, 0, 1, 8, 210, 1), .Dim = c(5L, 
        2L), .Dimnames = list(c("-3", "-2", "-1", "0", "1"), 
            c("C", "T"))), N = 227), Majority = list(Freqs = structure(c(0, 
    2, 1, 4, 0, 0, 1, 11, 395, 1), .Dim = c(5L, 2L), .Dimnames = list(
        c("-3", "-2", "-1", "0", "1"), c("C", "T"))), N = 415)), 
    `2` = structure(c(0, 0, 0, 0, 0, 0, 0, 5, 330, 0), .Dim = c(5L, 
    2L), .Dimnames = list(c("-3", "-2", "-1", "0", "1"), c("C", 
    "T"))))))
