Results <-
list(`bwaOutput/20210421msiMNRsJenny/233715_S18.sam` = list(GM09_SNP1 = list(
    All = list(Freqs = structure(c(42L, 5878L, 8L, 0L, 0L, 1L, 
    0L, 0L, 30L, 4087L, 3L, 2L, 0L, 69L, 0L, 0L), .Dim = c(4L, 
    4L), .Dimnames = structure(list(c("-1", "0", "1", NA), c("A", 
    "C", "G", NA)), .Names = c("", "")), class = "table"), N = 10120L), 
    Tag.Distribution = structure(c(`1` = 238L, `2` = 59L, `3` = 43L, 
    `4` = 50L, `5` = 58L, `6` = 46L, `7` = 43L, `8` = 40L, `9` = 30L, 
    `10` = 38L, `11` = 27L, `12` = 20L, `13` = 14L, `14` = 25L, 
    `15` = 17L, `16` = 16L, `17` = 11L, `18` = 12L, `19` = 14L, 
    `20` = 10L, `21` = 13L, `22` = 11L, `23` = 4L, `24` = 17L, 
    `25` = 6L, `26` = 6L, `27` = 9L, `28` = 8L, `29` = 5L, `30` = 5L, 
    `31` = 11L, `32` = 2L, `33` = 4L, `34` = 6L, `35` = 2L, `36` = 3L, 
    `37` = 6L, `38` = 5L, `39` = 3L, `41` = 2L, `42` = 4L, `43` = 1L, 
    `44` = 3L, `45` = 1L, `46` = 4L, `47` = 1L, `50` = 1L, `52` = 3L, 
    `53` = 2L, `56` = 1L, `57` = 1L, `61` = 1L, `62` = 1L, `66` = 1L
    ), .Dim = 54L, .Dimnames = structure(list(c("1", "2", "3", 
    "4", "5", "6", "7", "8", "9", "10", "11", "12", "13", "14", 
    "15", "16", "17", "18", "19", "20", "21", "22", "23", "24", 
    "25", "26", "27", "28", "29", "30", "31", "32", "33", "34", 
    "35", "36", "37", "38", "39", "41", "42", "43", "44", "45", 
    "46", "47", "50", "52", "53", "56", "57", "61", "62", "66"
    )), .Names = ""), class = "table"), No.Tag = structure(c(1L, 
    210L, 1L, 0L, 0L, 0L, 0L, 0L, 1L, 81L, 0L, 1L, 0L, 8L, 0L, 
    0L), .Dim = c(4L, 4L), .Dimnames = structure(list(c("-1", 
    "0", "1", NA), c("A", "C", "G", NA)), .Names = c("", "")), class = "table"), 
    All.Tags = list(Concordant = list(Freqs = structure(c(4, 
    476, 0, 0, 0, 0, 2, 313, 0), .Dim = c(3L, 3L), .Dimnames = list(
        c("-1", "0", "1"), c("A", "C", "G"))), N = 795), Majority = list(
        Freqs = structure(c(4, 556, 0, 0, 0, 0, 2, 379, 0), .Dim = c(3L, 
        3L), .Dimnames = list(c("-1", "0", "1"), c("A", "C", 
        "G"))), N = 941)), `2` = structure(c(0, 431, 0, 0, 0, 
    0, 1, 287, 0), .Dim = c(3L, 3L), .Dimnames = list(c("-1", 
    "0", "1"), c("A", "C", "G"))))))
