Results <-
list(`bwaOutput/20210421msiMNRsJenny/233715_S18.sam` = list(GM29_SNP1 = list(
    All = list(Freqs = structure(c(0L, 0L, 1L, 0L, 0L, 0L, 2L, 
    49L, 3866L, 13L, 0L, 7L, 2L, 59L, 3435L, 3L, 1L, 5L, 0L, 
    0L, 88L, 1L, 0L, 0L), .Dim = c(6L, 4L), .Dimnames = structure(list(
        c("-2", "-1", "0", "1", "2", NA), c("-", "A", "G", NA
        )), .Names = c("", "")), class = "table"), N = 7532L), 
    Tag.Distribution = structure(c(`1` = 108L, `2` = 40L, `3` = 28L, 
    `4` = 37L, `5` = 15L, `6` = 25L, `7` = 19L, `8` = 20L, `9` = 10L, 
    `10` = 19L, `11` = 26L, `12` = 10L, `13` = 13L, `14` = 16L, 
    `15` = 10L, `16` = 20L, `17` = 12L, `18` = 11L, `19` = 11L, 
    `20` = 14L, `21` = 11L, `22` = 7L, `23` = 6L, `24` = 6L, 
    `25` = 5L, `26` = 6L, `27` = 2L, `28` = 6L, `29` = 4L, `30` = 4L, 
    `31` = 3L, `32` = 2L, `33` = 5L, `34` = 2L, `35` = 6L, `36` = 1L, 
    `37` = 2L, `38` = 2L, `39` = 1L, `40` = 3L, `41` = 2L, `42` = 1L, 
    `43` = 3L, `44` = 3L, `46` = 1L, `47` = 1L, `48` = 2L, `52` = 1L, 
    `53` = 1L, `54` = 1L, `56` = 2L, `57` = 1L, `59` = 1L, `60` = 1L, 
    `61` = 1L, `65` = 1L, `71` = 1L, `73` = 1L, `97` = 1L, `111` = 1L
    ), .Dim = 60L, .Dimnames = structure(list(c("1", "2", "3", 
    "4", "5", "6", "7", "8", "9", "10", "11", "12", "13", "14", 
    "15", "16", "17", "18", "19", "20", "21", "22", "23", "24", 
    "25", "26", "27", "28", "29", "30", "31", "32", "33", "34", 
    "35", "36", "37", "38", "39", "40", "41", "42", "43", "44", 
    "46", "47", "48", "52", "53", "54", "56", "57", "59", "60", 
    "61", "65", "71", "73", "97", "111")), .Names = ""), class = "table"), 
    No.Tag = structure(c(0L, 0L, 0L, 0L, 0L, 0L, 0L, 2L, 205L, 
    1L, 0L, 2L, 0L, 0L, 88L, 0L, 1L, 0L, 0L, 0L, 5L, 0L, 0L, 
    0L), .Dim = c(6L, 4L), .Dimnames = structure(list(c("-2", 
    "-1", "0", "1", "2", NA), c("-", "A", "G", NA)), .Names = c("", 
    "")), class = "table"), All.Tags = list(Concordant = list(
        Freqs = structure(c(0, 0, 0, 0, 0, 0, 2, 231, 0, 0, 0, 
        0, 199, 0, 0), .Dim = c(5L, 3L), .Dimnames = list(c("-2", 
        "-1", "0", "1", "2"), c("-", "A", "G"))), N = 432), Majority = list(
        Freqs = structure(c(0, 0, 0, 0, 0, 0, 2, 296, 0, 0, 0, 
        0, 266, 0, 0), .Dim = c(5L, 3L), .Dimnames = list(c("-2", 
        "-1", "0", "1", "2"), c("-", "A", "G"))), N = 564)), 
    `2` = structure(c(0, 0, 0, 0, 0, 0, 0, 233, 0, 0, 0, 0, 227, 
    0, 0), .Dim = c(5L, 3L), .Dimnames = list(c("-2", "-1", "0", 
    "1", "2"), c("-", "A", "G"))))))
