Results <-
list(`bwaOutput/20210421msiMNRsJenny/233715_S18.sam` = list(LR11_SNP1 = list(
    All = list(Freqs = structure(c(0L, 0L, 1L, 0L, 0L, 6L, 117L, 
    5909L, 37L, 22L, 3L, 102L, 4470L, 36L, 10L, 0L, 6L, 271L, 
    0L, 0L), .Dim = 5:4, .Dimnames = structure(list(c("-2", "-1", 
    "0", "1", NA), c("-", "A", "C", NA)), .Names = c("", "")), class = "table"), 
        N = 10990L), Tag.Distribution = structure(c(`1` = 205L, 
    `2` = 50L, `3` = 51L, `4` = 34L, `5` = 38L, `6` = 29L, `7` = 41L, 
    `8` = 36L, `9` = 31L, `10` = 24L, `11` = 26L, `12` = 27L, 
    `13` = 26L, `14` = 18L, `15` = 23L, `16` = 16L, `17` = 23L, 
    `18` = 24L, `19` = 22L, `20` = 13L, `21` = 11L, `22` = 9L, 
    `23` = 18L, `24` = 12L, `25` = 13L, `26` = 16L, `27` = 12L, 
    `28` = 7L, `29` = 10L, `30` = 6L, `31` = 10L, `32` = 4L, 
    `33` = 5L, `34` = 2L, `35` = 6L, `36` = 8L, `37` = 3L, `38` = 5L, 
    `39` = 1L, `40` = 1L, `41` = 4L, `42` = 1L, `43` = 1L, `44` = 1L, 
    `45` = 1L, `48` = 2L, `57` = 2L, `58` = 1L, `61` = 1L, `62` = 1L, 
    `73` = 1L, `75` = 1L, `77` = 1L), .Dim = 53L, .Dimnames = structure(list(
        c("1", "2", "3", "4", "5", "6", "7", "8", "9", "10", 
        "11", "12", "13", "14", "15", "16", "17", "18", "19", 
        "20", "21", "22", "23", "24", "25", "26", "27", "28", 
        "29", "30", "31", "32", "33", "34", "35", "36", "37", 
        "38", "39", "40", "41", "42", "43", "44", "45", "48", 
        "57", "58", "61", "62", "73", "75", "77")), .Names = ""), class = "table"), 
    No.Tag = structure(c(0L, 0L, 0L, 0L, 0L, 0L, 1L, 144L, 2L, 
    0L, 0L, 2L, 113L, 2L, 0L, 0L, 1L, 6L, 0L, 0L), .Dim = 5:4, .Dimnames = structure(list(
        c("-2", "-1", "0", "1", NA), c("-", "A", "C", NA)), .Names = c("", 
    "")), class = "table"), All.Tags = list(Concordant = list(
        Freqs = structure(c(0, 0, 0, 0, 0, 2, 377, 4, 0, 4, 272, 
        0), .Dim = 4:3, .Dimnames = list(c("-2", "-1", "0", "1"
        ), c("-", "A", "C"))), N = 659), Majority = list(Freqs = structure(c(0, 
    0, 0, 0, 0, 2, 499, 4, 0, 4, 393, 0), .Dim = 4:3, .Dimnames = list(
        c("-2", "-1", "0", "1"), c("-", "A", "C"))), N = 902)), 
    `2` = structure(c(0, 0, 0, 0, 0, 1, 406, 0, 0, 0, 316, 0), .Dim = 4:3, .Dimnames = list(
        c("-2", "-1", "0", "1"), c("-", "A", "C"))))))
