Results <-
list(`bwaOutput/20210421msiMNRsJenny/233715_S18.sam` = list(DEPDC2_SNP1 = list(
    All = list(Freqs = structure(c(0L, 0L, 1L, 0L, 0L, 0L, 1L, 
    20L, 0L, 0L, 2L, 40L, 9474L, 28L, 41L, 0L, 0L, 81L, 0L, 0L
    ), .Dim = 5:4, .Dimnames = structure(list(c("-2", "-1", "0", 
    "1", NA), c("A", "C", "T", NA)), .Names = c("", "")), class = "table"), 
        N = 9688L), Tag.Distribution = structure(c(`1` = 289L, 
    `2` = 79L, `3` = 63L, `4` = 58L, `5` = 58L, `6` = 46L, `7` = 55L, 
    `8` = 39L, `9` = 38L, `10` = 38L, `11` = 32L, `12` = 36L, 
    `13` = 27L, `14` = 16L, `15` = 13L, `16` = 17L, `17` = 16L, 
    `18` = 12L, `19` = 15L, `20` = 15L, `21` = 11L, `22` = 13L, 
    `23` = 9L, `24` = 8L, `25` = 6L, `26` = 6L, `27` = 8L, `28` = 8L, 
    `29` = 4L, `30` = 6L, `31` = 5L, `32` = 1L, `33` = 5L, `34` = 2L, 
    `35` = 5L, `37` = 2L, `38` = 2L, `39` = 4L, `40` = 4L, `41` = 1L, 
    `43` = 1L, `48` = 2L, `50` = 1L, `55` = 2L, `56` = 1L, `62` = 1L, 
    `63` = 1L), .Dim = 47L, .Dimnames = structure(list(c("1", 
    "2", "3", "4", "5", "6", "7", "8", "9", "10", "11", "12", 
    "13", "14", "15", "16", "17", "18", "19", "20", "21", "22", 
    "23", "24", "25", "26", "27", "28", "29", "30", "31", "32", 
    "33", "34", "35", "37", "38", "39", "40", "41", "43", "48", 
    "50", "55", "56", "62", "63")), .Names = ""), class = "table"), 
    No.Tag = structure(c(0L, 0L, 0L, 0L, 0L, 0L, 0L, 1L, 0L, 
    0L, 0L, 2L, 375L, 2L, 11L, 0L, 0L, 5L, 0L, 0L), .Dim = 5:4, .Dimnames = structure(list(
        c("-2", "-1", "0", "1", NA), c("A", "C", "T", NA)), .Names = c("", 
    "")), class = "table"), All.Tags = list(Concordant = list(
        Freqs = structure(c(0, 0, 0, 0, 0, 0, 2, 0, 0, 1, 1007, 
        1), .Dim = 4:3, .Dimnames = list(c("-2", "-1", "0", "1"
        ), c("A", "C", "T"))), N = 1011), Majority = list(Freqs = structure(c(0, 
    0, 0, 0, 0, 0, 3, 0, 0, 1, 1067, 1), .Dim = 4:3, .Dimnames = list(
        c("-2", "-1", "0", "1"), c("A", "C", "T"))), N = 1072)), 
    `2` = structure(c(0, 0, 0, 0, 0, 0, 2, 0, 0, 0, 789, 0), .Dim = 4:3, .Dimnames = list(
        c("-2", "-1", "0", "1"), c("A", "C", "T"))))))
