Results <-
list(`bwaOutput/20210421msiMNRsJenny/233715_S18.sam` = list(LR17_SNP1 = list(
    All = list(Freqs = structure(c(0L, 0L, 0L, 1L, 0L, 0L, 0L, 
    1L, 19L, 423L, 10504L, 125L, 1L, 77L, 0L, 0L, 0L, 3L, 0L, 
    0L, 0L, 0L, 0L, 17L, 729L, 3L, 0L, 0L), .Dim = c(7L, 4L), .Dimnames = structure(list(
        c("-4", "-2", "-1", "0", "1", "2", NA), c("-", "A", "G", 
        NA)), .Names = c("", "")), class = "table"), N = 11903L), 
    Tag.Distribution = structure(c(`1` = 304L, `2` = 49L, `3` = 33L, 
    `4` = 47L, `5` = 33L, `6` = 37L, `7` = 29L, `8` = 25L, `9` = 28L, 
    `10` = 29L, `11` = 33L, `12` = 30L, `13` = 24L, `14` = 26L, 
    `15` = 22L, `16` = 26L, `17` = 25L, `18` = 25L, `19` = 25L, 
    `20` = 20L, `21` = 16L, `22` = 18L, `23` = 11L, `24` = 10L, 
    `25` = 11L, `26` = 8L, `27` = 10L, `28` = 16L, `29` = 8L, 
    `30` = 9L, `31` = 5L, `32` = 6L, `33` = 7L, `34` = 5L, `35` = 3L, 
    `36` = 7L, `37` = 4L, `38` = 3L, `39` = 5L, `40` = 4L, `41` = 3L, 
    `42` = 2L, `43` = 5L, `45` = 1L, `46` = 1L, `48` = 1L, `50` = 1L, 
    `51` = 1L, `56` = 1L, `58` = 2L, `60` = 1L, `68` = 1L), .Dim = 52L, .Dimnames = structure(list(
        c("1", "2", "3", "4", "5", "6", "7", "8", "9", "10", 
        "11", "12", "13", "14", "15", "16", "17", "18", "19", 
        "20", "21", "22", "23", "24", "25", "26", "27", "28", 
        "29", "30", "31", "32", "33", "34", "35", "36", "37", 
        "38", "39", "40", "41", "42", "43", "45", "46", "48", 
        "50", "51", "56", "58", "60", "68")), .Names = ""), class = "table"), 
    No.Tag = structure(c(0L, 0L, 0L, 0L, 0L, 0L, 0L, 0L, 2L, 
    5L, 326L, 8L, 0L, 3L, 0L, 0L, 0L, 0L, 0L, 0L, 0L, 0L, 0L, 
    0L, 31L, 0L, 0L, 0L), .Dim = c(7L, 4L), .Dimnames = structure(list(
        c("-4", "-2", "-1", "0", "1", "2", NA), c("-", "A", "G", 
        NA)), .Names = c("", "")), class = "table"), All.Tags = list(
        Concordant = list(Freqs = structure(c(0, 0, 0, 0, 0, 
        0, 0, 7, 15, 693, 2, 0, 0, 0, 0, 0, 0, 0), .Dim = c(6L, 
        3L), .Dimnames = list(c("-4", "-2", "-1", "0", "1", "2"
        ), c("-", "A", "G"))), N = 717), Majority = list(Freqs = structure(c(0, 
        0, 0, 0, 0, 0, 0, 7, 18, 998, 3, 0, 0, 0, 0, 0, 0, 0), .Dim = c(6L, 
        3L), .Dimnames = list(c("-4", "-2", "-1", "0", "1", "2"
        ), c("-", "A", "G"))), N = 1026)), `2` = structure(c(0, 
    0, 0, 0, 0, 0, 0, 1, 7, 737, 1, 0, 0, 0, 0, 0, 0, 0), .Dim = c(6L, 
    3L), .Dimnames = list(c("-4", "-2", "-1", "0", "1", "2"), 
        c("-", "A", "G"))))))
