Results <-
list(`bwaOutput/20210421msiMNRsJenny/233715_S18.sam` = list(GM26_SNP1 = list(
    All = list(Freqs = structure(c(1L, 48L, 6156L, 18L, 6L, 0L, 
    0L, 9L, 0L, 1L, 0L, 1L, 70L, 0L, 0L), .Dim = c(5L, 3L), .Dimnames = structure(list(
        c("-2", "-1", "0", "1", NA), c("A", "G", NA)), .Names = c("", 
    "")), class = "table"), N = 6310L), Tag.Distribution = structure(c(`1` = 124L, 
    `2` = 31L, `3` = 13L, `4` = 24L, `5` = 22L, `6` = 18L, `7` = 20L, 
    `8` = 20L, `9` = 14L, `10` = 10L, `11` = 6L, `12` = 12L, 
    `13` = 11L, `14` = 17L, `15` = 10L, `16` = 11L, `17` = 4L, 
    `18` = 8L, `19` = 5L, `20` = 9L, `21` = 8L, `22` = 11L, `23` = 5L, 
    `24` = 7L, `25` = 10L, `26` = 8L, `27` = 3L, `28` = 12L, 
    `29` = 5L, `30` = 4L, `31` = 2L, `32` = 1L, `33` = 2L, `34` = 6L, 
    `35` = 4L, `37` = 3L, `38` = 2L, `39` = 2L, `40` = 1L, `41` = 2L, 
    `43` = 4L, `44` = 1L, `45` = 1L, `47` = 2L, `48` = 2L, `49` = 1L, 
    `50` = 4L, `54` = 2L, `58` = 2L, `73` = 1L), .Dim = 50L, .Dimnames = structure(list(
        c("1", "2", "3", "4", "5", "6", "7", "8", "9", "10", 
        "11", "12", "13", "14", "15", "16", "17", "18", "19", 
        "20", "21", "22", "23", "24", "25", "26", "27", "28", 
        "29", "30", "31", "32", "33", "34", "35", "37", "38", 
        "39", "40", "41", "43", "44", "45", "47", "48", "49", 
        "50", "54", "58", "73")), .Names = ""), class = "table"), 
    No.Tag = structure(c(0L, 0L, 110L, 0L, 0L, 0L, 0L, 0L, 0L, 
    0L, 0L, 0L, 10L, 0L, 0L), .Dim = c(5L, 3L), .Dimnames = structure(list(
        c("-2", "-1", "0", "1", NA), c("A", "G", NA)), .Names = c("", 
    "")), class = "table"), All.Tags = list(Concordant = list(
        Freqs = structure(c(0, 2, 433, 0, 0, 0, 7, 0), .Dim = c(4L, 
        2L), .Dimnames = list(c("-2", "-1", "0", "1"), c("A", 
        "G"))), N = 442), Majority = list(Freqs = structure(c(0, 
    2, 483, 0, 0, 0, 7, 0), .Dim = c(4L, 2L), .Dimnames = list(
        c("-2", "-1", "0", "1"), c("A", "G"))), N = 492)), `2` = structure(c(0, 
    1, 380, 0, 0, 0, 0, 0), .Dim = c(4L, 2L), .Dimnames = list(
        c("-2", "-1", "0", "1"), c("A", "G"))))))
