Results <-
list(`bwaOutput/20210421msiMNRsJenny/233715_S18.sam` = list(LR40_SNP1 = list(
    All = list(Freqs = structure(c(0L, 0L, 7L, 0L, 0L, 0L, 1L, 
    77L, 6217L, 21L, 0L, 16L, 0L, 0L, 1L, 0L, 0L, 0L, 0L, 0L, 
    51L, 3L, 1L, 0L), .Dim = c(6L, 4L), .Dimnames = structure(list(
        c("-2", "-1", "0", "1", "2", NA), c("A", "C", "G", NA
        )), .Names = c("", "")), class = "table"), N = 6395L), 
    Tag.Distribution = structure(c(`1` = 119L, `2` = 34L, `3` = 21L, 
    `4` = 31L, `5` = 26L, `6` = 21L, `7` = 24L, `8` = 21L, `9` = 18L, 
    `10` = 21L, `11` = 27L, `12` = 16L, `13` = 17L, `14` = 17L, 
    `15` = 11L, `16` = 13L, `17` = 9L, `18` = 18L, `19` = 7L, 
    `20` = 9L, `21` = 8L, `22` = 7L, `23` = 3L, `24` = 3L, `25` = 3L, 
    `26` = 2L, `27` = 4L, `28` = 6L, `29` = 5L, `30` = 2L, `31` = 3L, 
    `32` = 4L, `33` = 3L, `34` = 3L, `35` = 2L, `36` = 3L, `37` = 3L, 
    `38` = 1L, `39` = 2L, `40` = 5L, `42` = 2L, `43` = 1L, `44` = 2L, 
    `45` = 1L, `46` = 1L, `47` = 1L, `48` = 1L, `49` = 1L, `50` = 1L, 
    `51` = 1L, `54` = 1L, `84` = 1L), .Dim = 52L, .Dimnames = structure(list(
        c("1", "2", "3", "4", "5", "6", "7", "8", "9", "10", 
        "11", "12", "13", "14", "15", "16", "17", "18", "19", 
        "20", "21", "22", "23", "24", "25", "26", "27", "28", 
        "29", "30", "31", "32", "33", "34", "35", "36", "37", 
        "38", "39", "40", "42", "43", "44", "45", "46", "47", 
        "48", "49", "50", "51", "54", "84")), .Names = ""), class = "table"), 
    No.Tag = structure(c(0L, 0L, 1L, 0L, 0L, 0L, 0L, 3L, 146L, 
    0L, 0L, 3L, 0L, 0L, 0L, 0L, 0L, 0L, 0L, 0L, 6L, 0L, 0L, 0L
    ), .Dim = c(6L, 4L), .Dimnames = structure(list(c("-2", "-1", 
    "0", "1", "2", NA), c("A", "C", "G", NA)), .Names = c("", 
    "")), class = "table"), All.Tags = list(Concordant = list(
        Freqs = structure(c(0, 0, 2, 0, 0, 0, 2, 478, 2, 0, 0, 
        0, 0, 0, 0), .Dim = c(5L, 3L), .Dimnames = list(c("-2", 
        "-1", "0", "1", "2"), c("A", "C", "G"))), N = 484), Majority = list(
        Freqs = structure(c(0, 0, 2, 0, 0, 0, 2, 555, 2, 0, 0, 
        0, 0, 0, 0), .Dim = c(5L, 3L), .Dimnames = list(c("-2", 
        "-1", "0", "1", "2"), c("A", "C", "G"))), N = 561)), 
    `2` = structure(c(0, 0, 1, 0, 0, 0, 0, 444, 1, 0, 0, 0, 0, 
    0, 0), .Dim = c(5L, 3L), .Dimnames = list(c("-2", "-1", "0", 
    "1", "2"), c("A", "C", "G"))))))
