Results <-
list(`bwaOutput/20210421msiMNRsJenny/233715_S18.sam` = list(GM01_SNP1 = list(
    All = list(Freqs = structure(c(0L, 0L, 2L, 0L, 0L, 2L, 201L, 
    11255L, 32L, 15L, 0L, 2L, 11L, 0L, 1L, 0L, 0L, 2L, 0L, 0L, 
    0L, 1L, 123L, 1L, 0L), .Dim = c(5L, 5L), .Dimnames = structure(list(
        c("-2", "-1", "0", "1", NA), c("-", "A", "G", "T", NA
        )), .Names = c("", "")), class = "table"), N = 11648L), 
    Tag.Distribution = structure(c(`1` = 203L, `2` = 53L, `3` = 40L, 
    `4` = 42L, `5` = 35L, `6` = 40L, `7` = 40L, `8` = 25L, `9` = 32L, 
    `10` = 29L, `11` = 28L, `12` = 31L, `13` = 23L, `14` = 25L, 
    `15` = 22L, `16` = 22L, `17` = 15L, `18` = 20L, `19` = 16L, 
    `20` = 14L, `21` = 16L, `22` = 16L, `23` = 15L, `24` = 10L, 
    `25` = 18L, `26` = 10L, `27` = 25L, `28` = 13L, `29` = 8L, 
    `30` = 5L, `31` = 9L, `32` = 10L, `33` = 5L, `34` = 7L, `35` = 4L, 
    `36` = 6L, `37` = 5L, `38` = 2L, `39` = 3L, `40` = 5L, `41` = 1L, 
    `42` = 2L, `43` = 2L, `44` = 2L, `45` = 1L, `46` = 1L, `48` = 2L, 
    `50` = 1L, `53` = 1L, `62` = 1L, `70` = 1L), .Dim = 51L, .Dimnames = structure(list(
        c("1", "2", "3", "4", "5", "6", "7", "8", "9", "10", 
        "11", "12", "13", "14", "15", "16", "17", "18", "19", 
        "20", "21", "22", "23", "24", "25", "26", "27", "28", 
        "29", "30", "31", "32", "33", "34", "35", "36", "37", 
        "38", "39", "40", "41", "42", "43", "44", "45", "46", 
        "48", "50", "53", "62", "70")), .Names = ""), class = "table"), 
    No.Tag = structure(c(0L, 0L, 0L, 0L, 0L, 0L, 5L, 287L, 0L, 
    2L, 0L, 0L, 0L, 0L, 0L, 0L, 0L, 0L, 0L, 0L, 0L, 0L, 13L, 
    0L, 0L), .Dim = c(5L, 5L), .Dimnames = structure(list(c("-2", 
    "-1", "0", "1", NA), c("-", "A", "G", "T", NA)), .Names = c("", 
    "")), class = "table"), All.Tags = list(Concordant = list(
        Freqs = structure(c(0, 0, 0, 0, 0, 1, 780, 0, 0, 1, 6, 
        0, 0, 0, 0, 0), .Dim = c(4L, 4L), .Dimnames = list(c("-2", 
        "-1", "0", "1"), c("-", "A", "G", "T"))), N = 788), Majority = list(
        Freqs = structure(c(0, 0, 0, 0, 0, 1, 939, 0, 0, 1, 6, 
        0, 0, 0, 0, 0), .Dim = c(4L, 4L), .Dimnames = list(c("-2", 
        "-1", "0", "1"), c("-", "A", "G", "T"))), N = 947)), 
    `2` = structure(c(0, 0, 0, 0, 0, 1, 753, 0, 0, 0, 1, 0, 0, 
    0, 0, 0), .Dim = c(4L, 4L), .Dimnames = list(c("-2", "-1", 
    "0", "1"), c("-", "A", "G", "T"))))))
