Results <-
list(`bwaOutput/20210421msiMNRsJenny/233715_S18.sam` = list(LR20_SNP1 = list(
    All = list(Freqs = structure(c(0L, 1L, 0L, 0L, 15L, 6792L, 
    7L, 7L, 1L, 8L, 0L, 0L, 0L, 1L, 0L, 0L, 0L, 26L, 0L, 0L), .Dim = 4:5, .Dimnames = structure(list(
        c("-1", "0", "1", NA), c("-", "A", "G", "T", NA)), .Names = c("", 
    "")), class = "table"), N = 6858L), Tag.Distribution = structure(c(`1` = 142L, 
    `2` = 54L, `3` = 37L, `4` = 35L, `5` = 28L, `6` = 26L, `7` = 35L, 
    `8` = 18L, `9` = 28L, `10` = 28L, `11` = 21L, `12` = 21L, 
    `13` = 17L, `14` = 12L, `15` = 13L, `16` = 9L, `17` = 11L, 
    `18` = 9L, `19` = 13L, `20` = 3L, `21` = 7L, `22` = 13L, 
    `23` = 8L, `24` = 4L, `25` = 4L, `26` = 4L, `27` = 5L, `28` = 4L, 
    `29` = 4L, `30` = 3L, `32` = 6L, `33` = 2L, `34` = 3L, `35` = 4L, 
    `36` = 5L, `37` = 3L, `38` = 2L, `40` = 3L, `41` = 3L, `42` = 2L, 
    `44` = 2L, `45` = 1L, `48` = 1L, `49` = 2L, `50` = 1L, `56` = 1L, 
    `66` = 1L), .Dim = 47L, .Dimnames = structure(list(c("1", 
    "2", "3", "4", "5", "6", "7", "8", "9", "10", "11", "12", 
    "13", "14", "15", "16", "17", "18", "19", "20", "21", "22", 
    "23", "24", "25", "26", "27", "28", "29", "30", "32", "33", 
    "34", "35", "36", "37", "38", "40", "41", "42", "44", "45", 
    "48", "49", "50", "56", "66")), .Names = ""), class = "table"), 
    No.Tag = structure(c(0L, 0L, 0L, 0L, 0L, 248L, 0L, 5L, 0L, 
    0L, 0L, 0L, 0L, 0L, 0L, 0L, 0L, 5L, 0L, 0L), .Dim = 4:5, .Dimnames = structure(list(
        c("-1", "0", "1", NA), c("-", "A", "G", "T", NA)), .Names = c("", 
    "")), class = "table"), All.Tags = list(Concordant = list(
        Freqs = structure(c(0, 0, 0, 1, 617, 0, 1, 4, 0, 0, 0, 
        0), .Dim = 3:4, .Dimnames = list(c("-1", "0", "1"), c("-", 
        "A", "G", "T"))), N = 623), Majority = list(Freqs = structure(c(0, 
    0, 0, 1, 642, 0, 1, 4, 0, 0, 0, 0), .Dim = 3:4, .Dimnames = list(
        c("-1", "0", "1"), c("-", "A", "G", "T"))), N = 648)), 
    `2` = structure(c(0, 0, 0, 0, 516, 0, 0, 0, 0, 0, 0, 0), .Dim = 3:4, .Dimnames = list(
        c("-1", "0", "1"), c("-", "A", "G", "T"))))))
