Results <-
list(`bwaOutput/20210421msiMNRsJenny/233715_S18.sam` = list(IM49_SNP1 = list(
    All = list(Freqs = structure(c(4L, 222L, 6394L, 145L, 0L, 
    52L, 0L, 0L, 17L, 1L, 0L, 0L, 0L, 0L, 1L, 0L, 0L, 0L, 0L, 
    4L, 169L, 3L, 1L, 0L), .Dim = c(6L, 4L), .Dimnames = structure(list(
        c("-2", "-1", "0", "1", "2", NA), c("C", "G", "T", NA
        )), .Names = c("", "")), class = "table"), N = 7013L), 
    Tag.Distribution = structure(c(`1` = 198L, `2` = 56L, `3` = 44L, 
    `4` = 39L, `5` = 43L, `6` = 28L, `7` = 30L, `8` = 28L, `9` = 20L, 
    `10` = 28L, `11` = 25L, `12` = 14L, `13` = 13L, `14` = 18L, 
    `15` = 17L, `16` = 15L, `17` = 14L, `18` = 6L, `19` = 11L, 
    `20` = 6L, `21` = 6L, `22` = 10L, `23` = 6L, `24` = 7L, `25` = 6L, 
    `26` = 5L, `27` = 12L, `28` = 3L, `29` = 1L, `30` = 6L, `31` = 4L, 
    `32` = 4L, `33` = 1L, `34` = 2L, `35` = 4L, `36` = 2L, `37` = 3L, 
    `38` = 2L, `39` = 4L, `40` = 4L, `43` = 1L, `47` = 1L, `49` = 1L, 
    `51` = 1L, `64` = 1L), .Dim = 45L, .Dimnames = structure(list(
        c("1", "2", "3", "4", "5", "6", "7", "8", "9", "10", 
        "11", "12", "13", "14", "15", "16", "17", "18", "19", 
        "20", "21", "22", "23", "24", "25", "26", "27", "28", 
        "29", "30", "31", "32", "33", "34", "35", "36", "37", 
        "38", "39", "40", "43", "47", "49", "51", "64")), .Names = ""), class = "table"), 
    No.Tag = structure(c(0L, 5L, 211L, 3L, 0L, 1L, 0L, 0L, 1L, 
    0L, 0L, 0L, 0L, 0L, 0L, 0L, 0L, 0L, 0L, 0L, 12L, 0L, 0L, 
    0L), .Dim = c(6L, 4L), .Dimnames = structure(list(c("-2", 
    "-1", "0", "1", "2", NA), c("C", "G", "T", NA)), .Names = c("", 
    "")), class = "table"), All.Tags = list(Concordant = list(
        Freqs = structure(c(0, 9, 500, 0, 0, 0, 0, 11, 1, 0, 
        0, 0, 0, 0, 0), .Dim = c(5L, 3L), .Dimnames = list(c("-2", 
        "-1", "0", "1", "2"), c("C", "G", "T"))), N = 521), Majority = list(
        Freqs = structure(c(0, 12, 691, 0, 0, 0, 0, 11, 1, 0, 
        0, 0, 0, 0, 0), .Dim = c(5L, 3L), .Dimnames = list(c("-2", 
        "-1", "0", "1", "2"), c("C", "G", "T"))), N = 715)), 
    `2` = structure(c(0, 5, 542, 0, 0, 0, 0, 0, 0, 0, 0, 0, 0, 
    0, 0), .Dim = c(5L, 3L), .Dimnames = list(c("-2", "-1", "0", 
    "1", "2"), c("C", "G", "T"))))))
