Results <-
list(`bwaOutput/20210421msiMNRsJenny/233715_S18.sam` = list(LR46_SNP1 = list(
    All = list(Freqs = structure(c(28L, 7353L, 22L, 32L, 0L, 
    14L, 0L, 0L, 0L, 61L, 0L, 0L), .Dim = 4:3, .Dimnames = structure(list(
        c("-1", "0", "1", NA), c("G", "T", NA)), .Names = c("", 
    "")), class = "table"), N = 7510L), Tag.Distribution = structure(c(`1` = 178L, 
    `2` = 43L, `3` = 24L, `4` = 24L, `5` = 27L, `6` = 23L, `7` = 17L, 
    `8` = 19L, `9` = 19L, `10` = 15L, `11` = 13L, `12` = 19L, 
    `13` = 16L, `14` = 13L, `15` = 9L, `16` = 11L, `17` = 4L, 
    `18` = 11L, `19` = 9L, `20` = 7L, `21` = 7L, `22` = 3L, `23` = 6L, 
    `24` = 7L, `25` = 8L, `26` = 5L, `27` = 6L, `28` = 7L, `29` = 2L, 
    `30` = 2L, `31` = 9L, `32` = 2L, `34` = 3L, `35` = 2L, `36` = 4L, 
    `37` = 7L, `38` = 3L, `39` = 7L, `40` = 3L, `41` = 3L, `42` = 3L, 
    `43` = 3L, `44` = 2L, `45` = 2L, `46` = 1L, `47` = 1L, `48` = 3L, 
    `51` = 1L, `52` = 1L, `53` = 2L, `54` = 4L, `55` = 1L, `58` = 1L, 
    `63` = 1L, `68` = 1L, `70` = 1L), .Dim = 56L, .Dimnames = structure(list(
        c("1", "2", "3", "4", "5", "6", "7", "8", "9", "10", 
        "11", "12", "13", "14", "15", "16", "17", "18", "19", 
        "20", "21", "22", "23", "24", "25", "26", "27", "28", 
        "29", "30", "31", "32", "34", "35", "36", "37", "38", 
        "39", "40", "41", "42", "43", "44", "45", "46", "47", 
        "48", "51", "52", "53", "54", "55", "58", "63", "68", 
        "70")), .Names = ""), class = "table"), No.Tag = structure(c(0L, 
    276L, 0L, 3L, 0L, 1L, 0L, 0L, 0L, 2L, 0L, 0L), .Dim = 4:3, .Dimnames = structure(list(
        c("-1", "0", "1", NA), c("G", "T", NA)), .Names = c("", 
    "")), class = "table"), All.Tags = list(Concordant = list(
        Freqs = structure(c(0, 565, 1, 0, 11, 0), .Dim = 3:2, .Dimnames = list(
            c("-1", "0", "1"), c("G", "T"))), N = 577), Majority = list(
        Freqs = structure(c(1, 601, 1, 0, 11, 0), .Dim = 3:2, .Dimnames = list(
            c("-1", "0", "1"), c("G", "T"))), N = 614)), `2` = structure(c(1, 
    445, 1, 0, 0, 0), .Dim = 3:2, .Dimnames = list(c("-1", "0", 
    "1"), c("G", "T"))))))
