Results <-
list(`bwaOutput/20210421msiMNRsJenny/233715_S18.sam` = list(GM14_SNP1 = list(
    All = list(Freqs = structure(c(0L, 0L, 0L, 1L, 0L, 0L, 0L, 
    3L, 8L, 203L, 6179L, 47L, 1L, 11L, 0L, 0L, 0L, 16L, 0L, 0L, 
    0L, 0L, 0L, 0L, 88L, 0L, 0L, 0L), .Dim = c(7L, 4L), .Dimnames = structure(list(
        c("-3", "-2", "-1", "0", "1", "2", NA), c("A", "C", "T", 
        NA)), .Names = c("", "")), class = "table"), N = 6557L), 
    Tag.Distribution = structure(c(`1` = 149L, `2` = 27L, `3` = 41L, 
    `4` = 23L, `5` = 32L, `6` = 19L, `7` = 25L, `8` = 23L, `9` = 24L, 
    `10` = 18L, `11` = 20L, `12` = 14L, `13` = 13L, `14` = 13L, 
    `15` = 13L, `16` = 13L, `17` = 8L, `18` = 10L, `19` = 5L, 
    `20` = 10L, `21` = 8L, `22` = 9L, `23` = 5L, `24` = 7L, `25` = 12L, 
    `26` = 6L, `27` = 3L, `28` = 4L, `29` = 7L, `30` = 5L, `31` = 1L, 
    `32` = 2L, `33` = 1L, `34` = 3L, `35` = 4L, `36` = 3L, `37` = 1L, 
    `38` = 1L, `39` = 5L, `40` = 1L, `42` = 2L, `44` = 2L, `45` = 2L, 
    `46` = 3L, `47` = 1L, `53` = 2L, `54` = 1L, `59` = 1L, `62` = 1L
    ), .Dim = 49L, .Dimnames = structure(list(c("1", "2", "3", 
    "4", "5", "6", "7", "8", "9", "10", "11", "12", "13", "14", 
    "15", "16", "17", "18", "19", "20", "21", "22", "23", "24", 
    "25", "26", "27", "28", "29", "30", "31", "32", "33", "34", 
    "35", "36", "37", "38", "39", "40", "42", "44", "45", "46", 
    "47", "53", "54", "59", "62")), .Names = ""), class = "table"), 
    No.Tag = structure(c(0L, 0L, 0L, 0L, 0L, 0L, 0L, 0L, 0L, 
    1L, 179L, 1L, 0L, 0L, 0L, 0L, 0L, 0L, 0L, 0L, 0L, 0L, 0L, 
    0L, 9L, 0L, 0L, 0L), .Dim = c(7L, 4L), .Dimnames = structure(list(
        c("-3", "-2", "-1", "0", "1", "2", NA), c("A", "C", "T", 
        NA)), .Names = c("", "")), class = "table"), All.Tags = list(
        Concordant = list(Freqs = structure(c(0, 0, 0, 0, 0, 
        0, 0, 1, 3, 400, 0, 0, 0, 0, 0, 15, 0, 0), .Dim = c(6L, 
        3L), .Dimnames = list(c("-3", "-2", "-1", "0", "1", "2"
        ), c("A", "C", "T"))), N = 419), Majority = list(Freqs = structure(c(0, 
        0, 0, 0, 0, 0, 0, 1, 4, 569, 1, 0, 0, 0, 0, 15, 0, 0), .Dim = c(6L, 
        3L), .Dimnames = list(c("-3", "-2", "-1", "0", "1", "2"
        ), c("A", "C", "T"))), N = 590)), `2` = structure(c(0, 
    0, 0, 0, 0, 0, 0, 0, 1, 449, 1, 0, 0, 0, 0, 0, 0, 0), .Dim = c(6L, 
    3L), .Dimnames = list(c("-3", "-2", "-1", "0", "1", "2"), 
        c("A", "C", "T"))))))
