Results <-
list(`bwaOutput/20210421msiMNRsJenny/233715_S18.sam` = list(LR48_SNP1 = list(
    All = list(Freqs = structure(c(0L, 0L, 0L, 1L, 0L, 0L, 0L, 
    2L, 6L, 243L, 7790L, 146L, 1L, 38L, 0L, 0L, 2L, 9L, 1L, 1L, 
    0L, 0L, 0L, 2L, 171L, 3L, 0L, 0L), .Dim = c(7L, 4L), .Dimnames = structure(list(
        c("-3", "-2", "-1", "0", "1", "2", NA), c("A", "C", "T", 
        NA)), .Names = c("", "")), class = "table"), N = 8416L), 
    Tag.Distribution = structure(c(`1` = 148L, `2` = 27L, `3` = 26L, 
    `4` = 21L, `5` = 13L, `6` = 17L, `7` = 17L, `8` = 15L, `9` = 9L, 
    `10` = 14L, `11` = 14L, `12` = 17L, `13` = 19L, `14` = 12L, 
    `15` = 12L, `16` = 11L, `17` = 11L, `18` = 7L, `19` = 9L, 
    `20` = 8L, `21` = 9L, `22` = 3L, `23` = 10L, `24` = 8L, `25` = 9L, 
    `26` = 5L, `27` = 7L, `28` = 7L, `29` = 8L, `30` = 5L, `31` = 3L, 
    `32` = 3L, `33` = 9L, `34` = 6L, `35` = 5L, `36` = 4L, `37` = 2L, 
    `38` = 6L, `39` = 2L, `40` = 5L, `41` = 2L, `42` = 2L, `43` = 5L, 
    `44` = 2L, `45` = 1L, `46` = 2L, `47` = 1L, `48` = 4L, `49` = 1L, 
    `50` = 5L, `53` = 1L, `54` = 2L, `55` = 2L, `56` = 1L, `57` = 2L, 
    `58` = 1L, `61` = 1L, `65` = 1L, `67` = 1L, `85` = 1L, `113` = 1L
    ), .Dim = 61L, .Dimnames = structure(list(c("1", "2", "3", 
    "4", "5", "6", "7", "8", "9", "10", "11", "12", "13", "14", 
    "15", "16", "17", "18", "19", "20", "21", "22", "23", "24", 
    "25", "26", "27", "28", "29", "30", "31", "32", "33", "34", 
    "35", "36", "37", "38", "39", "40", "41", "42", "43", "44", 
    "45", "46", "47", "48", "49", "50", "53", "54", "55", "56", 
    "57", "58", "61", "65", "67", "85", "113")), .Names = ""), class = "table"), 
    No.Tag = structure(c(0L, 0L, 0L, 0L, 0L, 0L, 0L, 0L, 0L, 
    7L, 203L, 6L, 0L, 1L, 0L, 0L, 0L, 1L, 0L, 0L, 0L, 0L, 0L, 
    0L, 12L, 0L, 0L, 0L), .Dim = c(7L, 4L), .Dimnames = structure(list(
        c("-3", "-2", "-1", "0", "1", "2", NA), c("A", "C", "T", 
        NA)), .Names = c("", "")), class = "table"), All.Tags = list(
        Concordant = list(Freqs = structure(c(0, 0, 0, 0, 0, 
        0, 0, 0, 5, 344, 4, 0, 0, 0, 1, 7, 1, 1), .Dim = c(6L, 
        3L), .Dimnames = list(c("-3", "-2", "-1", "0", "1", "2"
        ), c("A", "C", "T"))), N = 363), Majority = list(Freqs = structure(c(0, 
        0, 0, 0, 0, 0, 0, 0, 9, 533, 6, 0, 0, 0, 1, 7, 1, 1), .Dim = c(6L, 
        3L), .Dimnames = list(c("-3", "-2", "-1", "0", "1", "2"
        ), c("A", "C", "T"))), N = 558)), `2` = structure(c(0, 
    0, 0, 0, 0, 0, 0, 0, 4, 425, 3, 0, 0, 0, 0, 0, 0, 0), .Dim = c(6L, 
    3L), .Dimnames = list(c("-3", "-2", "-1", "0", "1", "2"), 
        c("A", "C", "T"))))))
