Results <-
list(`bwaOutput/20210421msiMNRsJenny/233715_S18.sam` = list(GM11_SNP1 = list(
    All = list(Freqs = structure(c(0L, 1L, 0L, 0L, 15L, 2707L, 
    8L, 3L, 22L, 3088L, 21L, 2L, 2L, 48L, 0L, 0L), .Dim = c(4L, 
    4L), .Dimnames = structure(list(c("-1", "0", "1", NA), c("-", 
    "A", "G", NA)), .Names = c("", "")), class = "table"), N = 5917L), 
    Tag.Distribution = structure(c(`1` = 87L, `2` = 41L, `3` = 18L, 
    `4` = 29L, `5` = 18L, `6` = 20L, `7` = 21L, `8` = 17L, `9` = 10L, 
    `10` = 20L, `11` = 14L, `12` = 9L, `13` = 14L, `14` = 11L, 
    `15` = 14L, `16` = 19L, `17` = 8L, `18` = 8L, `19` = 7L, 
    `20` = 15L, `21` = 11L, `22` = 11L, `23` = 10L, `24` = 3L, 
    `25` = 6L, `26` = 3L, `27` = 6L, `28` = 4L, `29` = 6L, `30` = 1L, 
    `31` = 1L, `32` = 4L, `33` = 2L, `34` = 1L, `35` = 2L, `37` = 1L, 
    `38` = 1L, `39` = 1L, `40` = 1L, `41` = 1L, `42` = 4L, `45` = 1L, 
    `49` = 1L, `54` = 1L, `59` = 1L, `60` = 2L, `62` = 1L, `65` = 1L, 
    `66` = 2L, `75` = 1L), .Dim = 50L, .Dimnames = structure(list(
        c("1", "2", "3", "4", "5", "6", "7", "8", "9", "10", 
        "11", "12", "13", "14", "15", "16", "17", "18", "19", 
        "20", "21", "22", "23", "24", "25", "26", "27", "28", 
        "29", "30", "31", "32", "33", "34", "35", "37", "38", 
        "39", "40", "41", "42", "45", "49", "54", "59", "60", 
        "62", "65", "66", "75")), .Names = ""), class = "table"), 
    No.Tag = structure(c(0L, 0L, 0L, 0L, 2L, 45L, 0L, 0L, 0L, 
    87L, 0L, 1L, 0L, 1L, 0L, 0L), .Dim = c(4L, 4L), .Dimnames = structure(list(
        c("-1", "0", "1", NA), c("-", "A", "G", NA)), .Names = c("", 
    "")), class = "table"), All.Tags = list(Concordant = list(
        Freqs = structure(c(0, 0, 0, 2, 208, 0, 0, 192, 0), .Dim = c(3L, 
        3L), .Dimnames = list(c("-1", "0", "1"), c("-", "A", 
        "G"))), N = 402), Majority = list(Freqs = structure(c(0, 
    0, 0, 2, 242, 0, 0, 240, 0), .Dim = c(3L, 3L), .Dimnames = list(
        c("-1", "0", "1"), c("-", "A", "G"))), N = 484)), `2` = structure(c(0, 
    0, 0, 0, 194, 0, 0, 209, 0), .Dim = c(3L, 3L), .Dimnames = list(
        c("-1", "0", "1"), c("-", "A", "G"))))))
