Results <-
list(`bwaOutput/20210421msiMNRsJenny/233715_S18.sam` = list(GM22_SNP1 = list(
    All = list(Freqs = structure(c(6L, 161L, 9852L, 48L, 1L, 
    27L, 0L, 0L, 2L, 0L, 0L, 0L, 0L, 1L, 143L, 1L, 0L, 0L), .Dim = c(6L, 
    3L), .Dimnames = structure(list(c("-2", "-1", "0", "1", "2", 
    NA), c("A", "G", NA)), .Names = c("", "")), class = "table"), 
        N = 10242L), Tag.Distribution = structure(c(`1` = 213L, 
    `2` = 54L, `3` = 39L, `4` = 37L, `5` = 24L, `6` = 41L, `7` = 27L, 
    `8` = 27L, `9` = 21L, `10` = 38L, `11` = 28L, `12` = 22L, 
    `13` = 29L, `14` = 21L, `15` = 18L, `16` = 22L, `17` = 12L, 
    `18` = 12L, `19` = 14L, `20` = 13L, `21` = 11L, `22` = 7L, 
    `23` = 12L, `24` = 10L, `25` = 12L, `26` = 8L, `27` = 6L, 
    `28` = 6L, `29` = 9L, `30` = 7L, `31` = 8L, `32` = 5L, `33` = 7L, 
    `34` = 5L, `35` = 4L, `36` = 4L, `37` = 4L, `38` = 5L, `39` = 2L, 
    `40` = 2L, `41` = 2L, `42` = 4L, `43` = 1L, `44` = 4L, `45` = 2L, 
    `46` = 1L, `47` = 3L, `49` = 1L, `50` = 1L, `52` = 1L, `53` = 2L, 
    `55` = 1L, `57` = 2L, `68` = 1L, `76` = 1L), .Dim = 55L, .Dimnames = structure(list(
        c("1", "2", "3", "4", "5", "6", "7", "8", "9", "10", 
        "11", "12", "13", "14", "15", "16", "17", "18", "19", 
        "20", "21", "22", "23", "24", "25", "26", "27", "28", 
        "29", "30", "31", "32", "33", "34", "35", "36", "37", 
        "38", "39", "40", "41", "42", "43", "44", "45", "46", 
        "47", "49", "50", "52", "53", "55", "57", "68", "76")), .Names = ""), class = "table"), 
    No.Tag = structure(c(0L, 4L, 359L, 2L, 0L, 5L, 0L, 0L, 2L, 
    0L, 0L, 0L, 0L, 0L, 18L, 0L, 0L, 0L), .Dim = c(6L, 3L), .Dimnames = structure(list(
        c("-2", "-1", "0", "1", "2", NA), c("A", "G", NA)), .Names = c("", 
    "")), class = "table"), All.Tags = list(Concordant = list(
        Freqs = structure(c(0, 4, 702, 0, 0, 0, 0, 0, 0, 0), .Dim = c(5L, 
        2L), .Dimnames = list(c("-2", "-1", "0", "1", "2"), c("A", 
        "G"))), N = 706), Majority = list(Freqs = structure(c(0, 
    4, 854, 0, 0, 0, 0, 0, 0, 0), .Dim = c(5L, 2L), .Dimnames = list(
        c("-2", "-1", "0", "1", "2"), c("A", "G"))), N = 858)), 
    `2` = structure(c(0, 0, 658, 0, 0, 0, 0, 0, 0, 0), .Dim = c(5L, 
    2L), .Dimnames = list(c("-2", "-1", "0", "1", "2"), c("A", 
    "G"))))))
