Results <-
list(`bwaOutput/20210421msiMNRsJenny/233715_S18.sam` = list(LR24_SNP1 = list(
    All = list(Freqs = structure(c(0L, 10L, 3353L, 7L, 1L, 3L, 
    2L, 14L, 5284L, 17L, 0L, 5L, 1L, 0L, 40L, 0L, 0L, 0L), .Dim = c(6L, 
    3L), .Dimnames = structure(list(c("-2", "-1", "0", "1", "2", 
    NA), c("A", "G", NA)), .Names = c("", "")), class = "table"), 
        N = 8737L), Tag.Distribution = structure(c(`1` = 207L, 
    `2` = 83L, `3` = 85L, `4` = 62L, `5` = 64L, `6` = 74L, `7` = 60L, 
    `8` = 42L, `9` = 48L, `10` = 33L, `11` = 37L, `12` = 23L, 
    `13` = 27L, `14` = 29L, `15` = 24L, `16` = 15L, `17` = 19L, 
    `18` = 11L, `19` = 8L, `20` = 10L, `21` = 10L, `22` = 8L, 
    `23` = 6L, `24` = 8L, `25` = 7L, `26` = 3L, `27` = 3L, `28` = 4L, 
    `29` = 2L, `30` = 4L, `31` = 4L, `32` = 3L, `33` = 3L, `34` = 1L, 
    `35` = 1L, `36` = 4L, `37` = 2L, `38` = 2L, `39` = 1L, `47` = 1L, 
    `53` = 1L, `57` = 1L, `79` = 1L), .Dim = 43L, .Dimnames = structure(list(
        c("1", "2", "3", "4", "5", "6", "7", "8", "9", "10", 
        "11", "12", "13", "14", "15", "16", "17", "18", "19", 
        "20", "21", "22", "23", "24", "25", "26", "27", "28", 
        "29", "30", "31", "32", "33", "34", "35", "36", "37", 
        "38", "39", "47", "53", "57", "79")), .Names = ""), class = "table"), 
    No.Tag = structure(c(0L, 0L, 132L, 1L, 0L, 0L, 1L, 1L, 225L, 
    0L, 0L, 0L, 1L, 0L, 8L, 0L, 0L, 0L), .Dim = c(6L, 3L), .Dimnames = structure(list(
        c("-2", "-1", "0", "1", "2", NA), c("A", "G", NA)), .Names = c("", 
    "")), class = "table"), All.Tags = list(Concordant = list(
        Freqs = structure(c(0, 1, 327, 1, 0, 0, 0, 583, 0, 0), .Dim = c(5L, 
        2L), .Dimnames = list(c("-2", "-1", "0", "1", "2"), c("A", 
        "G"))), N = 912), Majority = list(Freqs = structure(c(0, 
    1, 378, 1, 0, 0, 0, 648, 0, 0), .Dim = c(5L, 2L), .Dimnames = list(
        c("-2", "-1", "0", "1", "2"), c("A", "G"))), N = 1028)), 
    `2` = structure(c(0, 0, 308, 0, 0, 0, 0, 520, 0, 0), .Dim = c(5L, 
    2L), .Dimnames = list(c("-2", "-1", "0", "1", "2"), c("A", 
    "G"))))))
