Results <-
list(`bwaOutput/20210421msiMNRsJenny/233715_S18.sam` = list(GM17_SNP1 = list(
    All = list(Freqs = structure(c(0L, 0L, 0L, 2L, 0L, 0L, 1L, 
    0L, 77L, 4226L, 12L, 5L, 0L, 3L, 46L, 4342L, 16L, 2L, 0L, 
    0L, 4L, 287L, 0L, 0L), .Dim = c(6L, 4L), .Dimnames = structure(list(
        c("-3", "-2", "-1", "0", "1", NA), c("A", "C", "T", NA
        )), .Names = c("", "")), class = "table"), N = 9023L), 
    Tag.Distribution = structure(c(`1` = 196L, `2` = 57L, `3` = 41L, 
    `4` = 33L, `5` = 33L, `6` = 30L, `7` = 32L, `8` = 21L, `9` = 15L, 
    `10` = 30L, `11` = 30L, `12` = 13L, `13` = 16L, `14` = 21L, 
    `15` = 16L, `16` = 16L, `17` = 7L, `18` = 13L, `19` = 9L, 
    `20` = 9L, `21` = 14L, `22` = 13L, `23` = 11L, `24` = 13L, 
    `25` = 8L, `26` = 7L, `27` = 14L, `28` = 4L, `29` = 3L, `30` = 3L, 
    `31` = 3L, `32` = 7L, `33` = 9L, `34` = 6L, `35` = 6L, `36` = 2L, 
    `37` = 3L, `38` = 3L, `39` = 4L, `40` = 2L, `41` = 1L, `42` = 6L, 
    `43` = 2L, `44` = 1L, `45` = 1L, `47` = 2L, `48` = 2L, `49` = 1L, 
    `51` = 1L, `55` = 1L, `57` = 1L, `58` = 1L, `62` = 1L, `82` = 1L
    ), .Dim = 54L, .Dimnames = structure(list(c("1", "2", "3", 
    "4", "5", "6", "7", "8", "9", "10", "11", "12", "13", "14", 
    "15", "16", "17", "18", "19", "20", "21", "22", "23", "24", 
    "25", "26", "27", "28", "29", "30", "31", "32", "33", "34", 
    "35", "36", "37", "38", "39", "40", "41", "42", "43", "44", 
    "45", "47", "48", "49", "51", "55", "57", "58", "62", "82"
    )), .Names = ""), class = "table"), No.Tag = structure(c(0L, 
    0L, 0L, 0L, 0L, 0L, 0L, 0L, 2L, 191L, 0L, 0L, 0L, 0L, 1L, 
    61L, 0L, 0L, 0L, 0L, 0L, 16L, 0L, 0L), .Dim = c(6L, 4L), .Dimnames = structure(list(
        c("-3", "-2", "-1", "0", "1", NA), c("A", "C", "T", NA
        )), .Names = c("", "")), class = "table"), All.Tags = list(
        Concordant = list(Freqs = structure(c(0, 0, 0, 1, 0, 
        0, 0, 10, 286, 0, 0, 0, 2, 343, 0), .Dim = c(5L, 3L), .Dimnames = list(
            c("-3", "-2", "-1", "0", "1"), c("A", "C", "T"))), 
            N = 642), Majority = list(Freqs = structure(c(0, 
        0, 0, 1, 0, 0, 0, 10, 349, 0, 0, 0, 2, 409, 0), .Dim = c(5L, 
        3L), .Dimnames = list(c("-3", "-2", "-1", "0", "1"), 
            c("A", "C", "T"))), N = 771)), `2` = structure(c(0, 
    0, 0, 0, 0, 0, 0, 1, 276, 0, 0, 0, 1, 312, 0), .Dim = c(5L, 
    3L), .Dimnames = list(c("-3", "-2", "-1", "0", "1"), c("A", 
    "C", "T"))))))
