Results <-
list(`bwaOutput/20210421msiMNRsJenny/233715_S18.sam` = list(LR52_SNP1 = list(
    All = list(Freqs = structure(c(2L, 25L, 349L, 2869L, 17L, 
    33L, 0L, 25L, 287L, 3531L, 29L, 26L, 0L, 0L, 19L, 994L, 6L, 
    0L), .Dim = c(6L, 3L), .Dimnames = structure(list(c("-3", 
    "-2", "-1", "0", "1", NA), c("C", "T", NA)), .Names = c("", 
    "")), class = "table"), N = 8212L), Tag.Distribution = structure(c(`1` = 103L, 
    `2` = 34L, `3` = 20L, `4` = 23L, `5` = 18L, `6` = 25L, `7` = 14L, 
    `8` = 18L, `9` = 17L, `10` = 13L, `11` = 17L, `12` = 11L, 
    `13` = 11L, `14` = 9L, `15` = 7L, `16` = 6L, `17` = 10L, 
    `18` = 10L, `19` = 10L, `20` = 7L, `21` = 9L, `22` = 6L, 
    `23` = 6L, `24` = 6L, `25` = 9L, `26` = 9L, `27` = 7L, `28` = 2L, 
    `29` = 3L, `30` = 9L, `31` = 10L, `32` = 9L, `33` = 7L, `34` = 3L, 
    `35` = 3L, `36` = 4L, `37` = 6L, `38` = 2L, `39` = 7L, `40` = 1L, 
    `41` = 5L, `42` = 4L, `43` = 3L, `44` = 3L, `45` = 4L, `46` = 3L, 
    `47` = 1L, `48` = 4L, `49` = 3L, `50` = 1L, `51` = 1L, `52` = 2L, 
    `53` = 1L, `54` = 1L, `55` = 1L, `56` = 1L, `58` = 1L, `60` = 1L, 
    `63` = 1L, `73` = 1L), .Dim = 60L, .Dimnames = structure(list(
        c("1", "2", "3", "4", "5", "6", "7", "8", "9", "10", 
        "11", "12", "13", "14", "15", "16", "17", "18", "19", 
        "20", "21", "22", "23", "24", "25", "26", "27", "28", 
        "29", "30", "31", "32", "33", "34", "35", "36", "37", 
        "38", "39", "40", "41", "42", "43", "44", "45", "46", 
        "47", "48", "49", "50", "51", "52", "53", "54", "55", 
        "56", "58", "60", "63", "73")), .Names = ""), class = "table"), 
    No.Tag = structure(c(0L, 1L, 6L, 45L, 0L, 1L, 0L, 1L, 7L, 
    92L, 0L, 2L, 0L, 0L, 0L, 30L, 0L, 0L), .Dim = c(6L, 3L), .Dimnames = structure(list(
        c("-3", "-2", "-1", "0", "1", NA), c("C", "T", NA)), .Names = c("", 
    "")), class = "table"), All.Tags = list(Concordant = list(
        Freqs = structure(c(1, 1, 9, 100, 0, 0, 0, 5, 127, 0), .Dim = c(5L, 
        2L), .Dimnames = list(c("-3", "-2", "-1", "0", "1"), 
            c("C", "T"))), N = 243), Majority = list(Freqs = structure(c(1, 
    1, 11, 227, 0, 0, 0, 7, 265, 0), .Dim = c(5L, 2L), .Dimnames = list(
        c("-3", "-2", "-1", "0", "1"), c("C", "T"))), N = 512)), 
    `2` = structure(c(0, 0, 3, 202, 0, 0, 0, 2, 226, 0), .Dim = c(5L, 
    2L), .Dimnames = list(c("-3", "-2", "-1", "0", "1"), c("C", 
    "T"))))))
