Results <-
list(`bwaOutput/20210421msiMNRsJenny/233715_S18.sam` = list(IM16_SNP1 = list(
    All = list(Freqs = structure(c(2L, 113L, 6409L, 88L, 3L, 
    3L, 0L, 1L, 14L, 1L, 0L, 0L, 0L, 0L, 65L, 1L, 0L, 0L), .Dim = c(6L, 
    3L), .Dimnames = structure(list(c("-2", "-1", "0", "1", "2", 
    NA), c("A", "G", NA)), .Names = c("", "")), class = "table"), 
        N = 6700L), Tag.Distribution = structure(c(`1` = 118L, 
    `2` = 29L, `3` = 38L, `4` = 24L, `5` = 18L, `6` = 27L, `7` = 24L, 
    `8` = 20L, `9` = 19L, `10` = 20L, `11` = 18L, `12` = 22L, 
    `13` = 18L, `14` = 15L, `15` = 10L, `16` = 9L, `17` = 17L, 
    `18` = 8L, `19` = 8L, `20` = 7L, `21` = 9L, `22` = 6L, `23` = 8L, 
    `24` = 4L, `25` = 4L, `26` = 9L, `27` = 7L, `28` = 3L, `29` = 3L, 
    `30` = 6L, `31` = 2L, `32` = 5L, `33` = 5L, `34` = 5L, `35` = 2L, 
    `37` = 1L, `38` = 3L, `39` = 1L, `41` = 7L, `42` = 2L, `43` = 4L, 
    `44` = 1L, `46` = 1L, `48` = 1L, `50` = 1L, `54` = 1L, `56` = 2L, 
    `64` = 1L), .Dim = 48L, .Dimnames = structure(list(c("1", 
    "2", "3", "4", "5", "6", "7", "8", "9", "10", "11", "12", 
    "13", "14", "15", "16", "17", "18", "19", "20", "21", "22", 
    "23", "24", "25", "26", "27", "28", "29", "30", "31", "32", 
    "33", "34", "35", "37", "38", "39", "41", "42", "43", "44", 
    "46", "48", "50", "54", "56", "64")), .Names = ""), class = "table"), 
    No.Tag = structure(c(0L, 1L, 163L, 3L, 0L, 1L, 0L, 0L, 2L, 
    0L, 0L, 0L, 0L, 0L, 15L, 0L, 0L, 0L), .Dim = c(6L, 3L), .Dimnames = structure(list(
        c("-2", "-1", "0", "1", "2", NA), c("A", "G", NA)), .Names = c("", 
    "")), class = "table"), All.Tags = list(Concordant = list(
        Freqs = structure(c(0, 2, 429, 1, 0, 0, 1, 8, 1, 0), .Dim = c(5L, 
        2L), .Dimnames = list(c("-2", "-1", "0", "1", "2"), c("A", 
        "G"))), N = 442), Majority = list(Freqs = structure(c(0, 
    3, 548, 2, 0, 0, 1, 8, 1, 0), .Dim = c(5L, 2L), .Dimnames = list(
        c("-2", "-1", "0", "1", "2"), c("A", "G"))), N = 563)), 
    `2` = structure(c(0, 1, 450, 1, 0, 0, 0, 0, 0, 0), .Dim = c(5L, 
    2L), .Dimnames = list(c("-2", "-1", "0", "1", "2"), c("A", 
    "G"))))))
