Results <-
list(`bwaOutput/20210421msiMNRsJenny/233715_S18.sam` = list(LR36_SNP1 = list(
    All = list(Freqs = structure(c(0L, 0L, 0L, 1L, 0L, 0L, 0L, 
    1L, 14L, 153L, 8346L, 81L, 2L, 86L, 0L, 0L, 0L, 1L, 0L, 0L, 
    0L, 0L, 0L, 0L, 2L, 0L, 0L, 0L, 0L, 5L, 1L, 17L, 0L, 0L, 
    0L, 0L, 0L, 6L, 262L, 3L, 0L, 0L), .Dim = 7:6, .Dimnames = structure(list(
        c("-4", "-2", "-1", "0", "1", "2", NA), c("-", "A", "C", 
        "G", "T", NA)), .Names = c("", "")), class = "table"), 
        N = 8981L), Tag.Distribution = structure(c(`1` = 209L, 
    `2` = 57L, `3` = 31L, `4` = 33L, `5` = 36L, `6` = 39L, `7` = 35L, 
    `8` = 30L, `9` = 29L, `10` = 18L, `11` = 26L, `12` = 25L, 
    `13` = 21L, `14` = 20L, `15` = 19L, `16` = 14L, `17` = 11L, 
    `18` = 11L, `19` = 18L, `20` = 11L, `21` = 9L, `22` = 10L, 
    `23` = 9L, `24` = 7L, `25` = 13L, `26` = 12L, `27` = 11L, 
    `28` = 5L, `29` = 8L, `30` = 7L, `31` = 2L, `32` = 5L, `33` = 4L, 
    `34` = 6L, `35` = 5L, `36` = 5L, `37` = 1L, `38` = 3L, `39` = 2L, 
    `40` = 3L, `41` = 2L, `43` = 2L, `44` = 2L, `45` = 1L, `46` = 2L, 
    `48` = 1L, `49` = 2L, `54` = 1L, `55` = 1L), .Dim = 49L, .Dimnames = structure(list(
        c("1", "2", "3", "4", "5", "6", "7", "8", "9", "10", 
        "11", "12", "13", "14", "15", "16", "17", "18", "19", 
        "20", "21", "22", "23", "24", "25", "26", "27", "28", 
        "29", "30", "31", "32", "33", "34", "35", "36", "37", 
        "38", "39", "40", "41", "43", "44", "45", "46", "48", 
        "49", "54", "55")), .Names = ""), class = "table"), No.Tag = structure(c(0L, 
    0L, 0L, 0L, 0L, 0L, 0L, 0L, 0L, 3L, 253L, 2L, 0L, 7L, 0L, 
    0L, 0L, 0L, 0L, 0L, 0L, 0L, 0L, 0L, 1L, 0L, 0L, 0L, 0L, 1L, 
    0L, 0L, 0L, 0L, 0L, 0L, 0L, 0L, 21L, 0L, 0L, 0L), .Dim = 7:6, .Dimnames = structure(list(
        c("-4", "-2", "-1", "0", "1", "2", NA), c("-", "A", "C", 
        "G", "T", NA)), .Names = c("", "")), class = "table"), 
    All.Tags = list(Concordant = list(Freqs = structure(c(0, 
    0, 0, 0, 0, 0, 0, 3, 2, 605, 0, 0, 0, 0, 0, 0, 0, 0, 0, 0, 
    0, 0, 0, 0, 0, 3, 1, 13, 0, 0), .Dim = 6:5, .Dimnames = list(
        c("-4", "-2", "-1", "0", "1", "2"), c("-", "A", "C", 
        "G", "T"))), N = 627), Majority = list(Freqs = structure(c(0, 
    0, 0, 0, 0, 0, 0, 3, 3, 779, 0, 0, 0, 0, 0, 0, 0, 0, 0, 0, 
    0, 0, 0, 0, 0, 3, 1, 13, 0, 0), .Dim = 6:5, .Dimnames = list(
        c("-4", "-2", "-1", "0", "1", "2"), c("-", "A", "C", 
        "G", "T"))), N = 802)), `2` = structure(c(0, 0, 0, 0, 
    0, 0, 0, 0, 1, 622, 0, 0, 0, 0, 0, 0, 0, 0, 0, 0, 0, 0, 0, 
    0, 0, 0, 0, 0, 0, 0), .Dim = 6:5, .Dimnames = list(c("-4", 
    "-2", "-1", "0", "1", "2"), c("-", "A", "C", "G", "T"))))))
