Results <-
list(`bwaOutput/20210421msiMNRsJenny/233715_S18.sam` = list(GM07_SNP1 = list(
    All = list(Freqs = structure(c(2L, 6L, 19L, 1L, 0L, 0L, 9L, 
    242L, 5580L, 144L, 2L, 102L, 0L, 0L, 1L, 0L, 0L, 0L, 0L, 
    2L, 157L, 0L, 0L, 0L), .Dim = c(6L, 4L), .Dimnames = structure(list(
        c("-2", "-1", "0", "1", "2", NA), c("A", "G", "T", NA
        )), .Names = c("", "")), class = "table"), N = 6267L), 
    Tag.Distribution = structure(c(`1` = 156L, `2` = 37L, `3` = 29L, 
    `4` = 32L, `5` = 17L, `6` = 32L, `7` = 27L, `8` = 16L, `9` = 18L, 
    `10` = 18L, `11` = 16L, `12` = 15L, `13` = 16L, `14` = 15L, 
    `15` = 14L, `16` = 14L, `17` = 8L, `18` = 11L, `19` = 9L, 
    `20` = 11L, `21` = 11L, `22` = 8L, `23` = 7L, `24` = 5L, 
    `25` = 6L, `26` = 7L, `27` = 5L, `28` = 2L, `29` = 5L, `30` = 2L, 
    `31` = 8L, `32` = 1L, `33` = 3L, `34` = 2L, `35` = 5L, `36` = 1L, 
    `37` = 3L, `38` = 2L, `40` = 2L, `44` = 2L, `46` = 1L, `53` = 1L, 
    `56` = 1L, `61` = 1L, `73` = 1L), .Dim = 45L, .Dimnames = structure(list(
        c("1", "2", "3", "4", "5", "6", "7", "8", "9", "10", 
        "11", "12", "13", "14", "15", "16", "17", "18", "19", 
        "20", "21", "22", "23", "24", "25", "26", "27", "28", 
        "29", "30", "31", "32", "33", "34", "35", "36", "37", 
        "38", "40", "44", "46", "53", "56", "61", "73")), .Names = ""), class = "table"), 
    No.Tag = structure(c(0L, 0L, 3L, 0L, 0L, 0L, 1L, 8L, 186L, 
    1L, 0L, 17L, 0L, 0L, 0L, 0L, 0L, 0L, 0L, 1L, 18L, 0L, 0L, 
    0L), .Dim = c(6L, 4L), .Dimnames = structure(list(c("-2", 
    "-1", "0", "1", "2", NA), c("A", "G", "T", NA)), .Names = c("", 
    "")), class = "table"), All.Tags = list(Concordant = list(
        Freqs = structure(c(2, 4, 14, 1, 0, 0, 7, 338, 4, 0, 
        0, 0, 1, 0, 0), .Dim = c(5L, 3L), .Dimnames = list(c("-2", 
        "-1", "0", "1", "2"), c("A", "G", "T"))), N = 371), Majority = list(
        Freqs = structure(c(2, 4, 14, 1, 0, 0, 7, 539, 6, 0, 
        0, 0, 1, 0, 0), .Dim = c(5L, 3L), .Dimnames = list(c("-2", 
        "-1", "0", "1", "2"), c("A", "G", "T"))), N = 574)), 
    `2` = structure(c(0, 0, 0, 0, 0, 0, 2, 437, 2, 0, 0, 0, 0, 
    0, 0), .Dim = c(5L, 3L), .Dimnames = list(c("-2", "-1", "0", 
    "1", "2"), c("A", "G", "T"))))))
