Results <-
list(`bwaOutput/20210421msiMNRsJenny/233715_S18.sam` = list(LR10_SNP1 = list(
    All = list(Freqs = structure(c(0L, 1L, 0L, 0L, 0L, 0L, 2L, 
    0L, 0L, 0L, 40L, 2499L, 11L, 1L, 4L, 65L, 3948L, 17L, 0L, 
    10L, 0L, 90L, 0L, 0L, 0L), .Dim = c(5L, 5L), .Dimnames = structure(list(
        c("-1", "0", "1", "2", NA), c("-", "A", "C", "T", NA)), .Names = c("", 
    "")), class = "table"), N = 6688L), Tag.Distribution = structure(c(`1` = 141L, 
    `2` = 49L, `3` = 31L, `4` = 24L, `5` = 35L, `6` = 36L, `7` = 20L, 
    `8` = 29L, `9` = 24L, `10` = 23L, `11` = 20L, `12` = 18L, 
    `13` = 11L, `14` = 17L, `15` = 9L, `16` = 13L, `17` = 19L, 
    `18` = 13L, `19` = 13L, `20` = 11L, `21` = 5L, `22` = 4L, 
    `23` = 7L, `24` = 6L, `25` = 10L, `26` = 4L, `27` = 2L, `28` = 4L, 
    `29` = 1L, `30` = 6L, `31` = 6L, `32` = 7L, `33` = 3L, `34` = 1L, 
    `35` = 3L, `36` = 1L, `37` = 1L, `38` = 2L, `39` = 2L, `40` = 1L, 
    `41` = 1L, `42` = 1L, `45` = 2L, `46` = 1L, `50` = 1L, `53` = 1L, 
    `57` = 1L, `64` = 1L), .Dim = 48L, .Dimnames = structure(list(
        c("1", "2", "3", "4", "5", "6", "7", "8", "9", "10", 
        "11", "12", "13", "14", "15", "16", "17", "18", "19", 
        "20", "21", "22", "23", "24", "25", "26", "27", "28", 
        "29", "30", "31", "32", "33", "34", "35", "36", "37", 
        "38", "39", "40", "41", "42", "45", "46", "50", "53", 
        "57", "64")), .Names = ""), class = "table"), No.Tag = structure(c(0L, 
    0L, 0L, 0L, 0L, 0L, 0L, 0L, 0L, 0L, 1L, 78L, 1L, 1L, 3L, 
    6L, 180L, 2L, 0L, 2L, 0L, 8L, 0L, 0L, 0L), .Dim = c(5L, 5L
    ), .Dimnames = structure(list(c("-1", "0", "1", "2", NA), 
        c("-", "A", "C", "T", NA)), .Names = c("", "")), class = "table"), 
    All.Tags = list(Concordant = list(Freqs = structure(c(0, 
    0, 0, 0, 0, 0, 0, 0, 3, 192, 1, 0, 3, 322, 0, 0), .Dim = c(4L, 
    4L), .Dimnames = list(c("-1", "0", "1", "2"), c("-", "A", 
    "C", "T"))), N = 521), Majority = list(Freqs = structure(c(0, 
    0, 0, 0, 0, 0, 0, 0, 3, 238, 1, 0, 3, 379, 1, 0), .Dim = c(4L, 
    4L), .Dimnames = list(c("-1", "0", "1", "2"), c("-", "A", 
    "C", "T"))), N = 625)), `2` = structure(c(0, 0, 0, 0, 0, 
    0, 0, 0, 1, 192, 0, 0, 1, 299, 1, 0), .Dim = c(4L, 4L), .Dimnames = list(
        c("-1", "0", "1", "2"), c("-", "A", "C", "T"))))))
