Results <-
list(`bwaOutput/20210421msiMNRsJenny/233715_S18.sam` = list(LR49_SNP1 = list(
    All = list(Freqs = structure(c(0L, 17L, 0L, 0L, 25L, 6912L, 
    4L, 4L, 0L, 37L, 0L, 0L), .Dim = 4:3, .Dimnames = structure(list(
        c("-1", "0", "1", NA), c("A", "G", NA)), .Names = c("", 
    "")), class = "table"), N = 6999L), Tag.Distribution = structure(c(`1` = 185L, 
    `2` = 52L, `3` = 37L, `4` = 45L, `5` = 39L, `6` = 37L, `7` = 22L, 
    `8` = 37L, `9` = 33L, `10` = 22L, `11` = 28L, `12` = 34L, 
    `13` = 19L, `14` = 18L, `15` = 13L, `16` = 17L, `17` = 15L, 
    `18` = 11L, `19` = 6L, `20` = 15L, `21` = 5L, `22` = 10L, 
    `23` = 7L, `24` = 5L, `25` = 4L, `26` = 2L, `27` = 3L, `28` = 6L, 
    `29` = 4L, `30` = 4L, `31` = 1L, `32` = 3L, `33` = 3L, `34` = 2L, 
    `35` = 2L, `36` = 2L, `37` = 1L, `38` = 2L, `42` = 1L, `43` = 1L, 
    `45` = 2L, `47` = 1L, `50` = 1L, `53` = 2L), .Dim = 44L, .Dimnames = structure(list(
        c("1", "2", "3", "4", "5", "6", "7", "8", "9", "10", 
        "11", "12", "13", "14", "15", "16", "17", "18", "19", 
        "20", "21", "22", "23", "24", "25", "26", "27", "28", 
        "29", "30", "31", "32", "33", "34", "35", "36", "37", 
        "38", "42", "43", "45", "47", "50", "53")), .Names = ""), class = "table"), 
    No.Tag = structure(c(0L, 0L, 0L, 0L, 0L, 307L, 2L, 1L, 0L, 
    6L, 0L, 0L), .Dim = 4:3, .Dimnames = structure(list(c("-1", 
    "0", "1", NA), c("A", "G", NA)), .Names = c("", "")), class = "table"), 
    All.Tags = list(Concordant = list(Freqs = structure(c(0, 
    12, 0, 0, 718, 0), .Dim = 3:2, .Dimnames = list(c("-1", "0", 
    "1"), c("A", "G"))), N = 730), Majority = list(Freqs = structure(c(0, 
    12, 0, 1, 740, 0), .Dim = 3:2, .Dimnames = list(c("-1", "0", 
    "1"), c("A", "G"))), N = 753)), `2` = structure(c(0, 0, 0, 
    1, 572, 0), .Dim = 3:2, .Dimnames = list(c("-1", "0", "1"
    ), c("A", "G"))))))
