Results <-
list(`bwaOutput/20210421msiMNRsJenny/234543_S42.sam` = list(IM16_SNP1 = list(
    All = list(Freqs = structure(c(14L, 2263L, 847L, 27L, 1L, 
    16L, 54L, 2566L, 832L, 15L, 1L, 26L, 0L, 4L, 0L, 0L, 0L, 
    0L, 1L, 93L, 51L, 4L, 0L, 0L), .Dim = c(6L, 4L), .Dimnames = structure(list(
        c("-1", "0", "1", "2", "3", NA), c("A", "G", "T", NA)), .Names = c("", 
    "")), class = "table"), N = 6815L), Tag.Distribution = structure(c(`1` = 206L, 
    `2` = 101L, `3` = 71L, `4` = 55L, `5` = 45L, `6` = 47L, `7` = 31L, 
    `8` = 29L, `9` = 26L, `10` = 13L, `11` = 18L, `12` = 29L, 
    `13` = 17L, `14` = 17L, `15` = 13L, `16` = 6L, `17` = 11L, 
    `18` = 6L, `19` = 9L, `20` = 12L, `21` = 5L, `22` = 4L, `23` = 9L, 
    `24` = 4L, `25` = 6L, `26` = 10L, `27` = 3L, `28` = 5L, `29` = 5L, 
    `30` = 9L, `31` = 2L, `32` = 3L, `33` = 2L, `34` = 2L, `35` = 2L, 
    `36` = 3L, `37` = 3L, `38` = 1L, `39` = 1L, `40` = 2L, `41` = 1L, 
    `42` = 1L, `44` = 1L, `47` = 1L), .Dim = 44L, .Dimnames = structure(list(
        c("1", "2", "3", "4", "5", "6", "7", "8", "9", "10", 
        "11", "12", "13", "14", "15", "16", "17", "18", "19", 
        "20", "21", "22", "23", "24", "25", "26", "27", "28", 
        "29", "30", "31", "32", "33", "34", "35", "36", "37", 
        "38", "39", "40", "41", "42", "44", "47")), .Names = ""), class = "table"), 
    No.Tag = structure(c(1L, 37L, 21L, 1L, 0L, 1L, 2L, 70L, 41L, 
    1L, 0L, 8L, 0L, 0L, 0L, 0L, 0L, 0L, 0L, 9L, 6L, 0L, 0L, 0L
    ), .Dim = c(6L, 4L), .Dimnames = structure(list(c("-1", "0", 
    "1", "2", "3", NA), c("A", "G", "T", NA)), .Names = c("", 
    "")), class = "table"), All.Tags = list(Concordant = list(
        Freqs = structure(c(0, 232, 53, 2, 0, 5, 240, 84, 1, 
        0, 0, 1, 0, 0, 0), .Dim = c(5L, 3L), .Dimnames = list(
            c("-1", "0", "1", "2", "3"), c("A", "G", "T"))), 
        N = 618), Majority = list(Freqs = structure(c(0, 291, 
    89, 2, 0, 5, 311, 116, 1, 0, 0, 1, 0, 0, 0), .Dim = c(5L, 
    3L), .Dimnames = list(c("-1", "0", "1", "2", "3"), c("A", 
    "G", "T"))), N = 816)), `2` = structure(c(0, 219, 76, 0, 
    0, 2, 236, 90, 0, 0, 0, 1, 0, 0, 0), .Dim = c(5L, 3L), .Dimnames = list(
        c("-1", "0", "1", "2", "3"), c("A", "G", "T"))))))
