Results <-
list(`bwaOutput/20210421msiMNRsJenny/234543_S42.sam` = list(LR24_SNP1 = list(
    All = list(Freqs = structure(c(1L, 1299L, 3061L, 14L, 25L, 
    0L, 48L, 3327L, 7L, 2L, 0L, 3L, 32L, 0L, 0L), .Dim = c(5L, 
    3L), .Dimnames = structure(list(c("-2", "-1", "0", "1", NA
    ), c("A", "G", NA)), .Names = c("", "")), class = "table"), 
        N = 7819L), Tag.Distribution = structure(c(`1` = 298L, 
    `2` = 153L, `3` = 128L, `4` = 115L, `5` = 81L, `6` = 58L, 
    `7` = 55L, `8` = 45L, `9` = 39L, `10` = 37L, `11` = 50L, 
    `12` = 37L, `13` = 15L, `14` = 24L, `15` = 14L, `16` = 22L, 
    `17` = 15L, `18` = 9L, `19` = 10L, `20` = 5L, `21` = 8L, 
    `22` = 3L, `23` = 7L, `24` = 4L, `25` = 4L, `26` = 1L, `27` = 2L, 
    `28` = 3L, `29` = 1L, `32` = 3L, `34` = 2L, `35` = 1L, `38` = 1L, 
    `43` = 1L), .Dim = 34L, .Dimnames = structure(list(c("1", 
    "2", "3", "4", "5", "6", "7", "8", "9", "10", "11", "12", 
    "13", "14", "15", "16", "17", "18", "19", "20", "21", "22", 
    "23", "24", "25", "26", "27", "28", "29", "32", "34", "35", 
    "38", "43")), .Names = ""), class = "table"), No.Tag = structure(c(0L, 
    41L, 109L, 1L, 1L, 0L, 3L, 134L, 0L, 0L, 0L, 1L, 4L, 0L, 
    0L), .Dim = c(5L, 3L), .Dimnames = structure(list(c("-2", 
    "-1", "0", "1", NA), c("A", "G", NA)), .Names = c("", "")), class = "table"), 
    All.Tags = list(Concordant = list(Freqs = structure(c(0, 
    164, 387, 0, 0, 2, 462, 0), .Dim = c(4L, 2L), .Dimnames = list(
        c("-2", "-1", "0", "1"), c("A", "G"))), N = 1015), Majority = list(
        Freqs = structure(c(0, 208, 475, 0, 0, 3, 534, 0), .Dim = c(4L, 
        2L), .Dimnames = list(c("-2", "-1", "0", "1"), c("A", 
        "G"))), N = 1220)), `2` = structure(c(0, 159, 374, 0, 
    0, 3, 392, 0), .Dim = c(4L, 2L), .Dimnames = list(c("-2", 
    "-1", "0", "1"), c("A", "G"))))))
