Results <-
list(`bwaOutput/20210421msiMNRsJenny/234543_S42.sam` = list(DEPDC2_SNP1 = list(
    All = list(Freqs = structure(c(0L, 2L, 0L, 0L, 0L, 7L, 0L, 
    0L, 60L, 6721L, 47L, 46L, 0L, 60L, 0L, 0L), .Dim = c(4L, 
    4L), .Dimnames = structure(list(c("-1", "0", "1", NA), c("A", 
    "C", "T", NA)), .Names = c("", "")), class = "table"), N = 6943L), 
    Tag.Distribution = structure(c(`1` = 325L, `2` = 122L, `3` = 90L, 
    `4` = 75L, `5` = 49L, `6` = 63L, `7` = 39L, `8` = 44L, `9` = 30L, 
    `10` = 25L, `11` = 32L, `12` = 23L, `13` = 23L, `14` = 18L, 
    `15` = 14L, `16` = 11L, `17` = 9L, `18` = 5L, `19` = 7L, 
    `20` = 8L, `21` = 11L, `22` = 10L, `23` = 4L, `24` = 5L, 
    `25` = 2L, `26` = 3L, `27` = 3L, `28` = 2L, `29` = 4L, `30` = 3L, 
    `31` = 2L, `32` = 2L, `33` = 1L, `34` = 1L, `35` = 2L, `36` = 1L, 
    `37` = 2L, `39` = 2L, `40` = 2L, `48` = 1L), .Dim = 40L, .Dimnames = structure(list(
        c("1", "2", "3", "4", "5", "6", "7", "8", "9", "10", 
        "11", "12", "13", "14", "15", "16", "17", "18", "19", 
        "20", "21", "22", "23", "24", "25", "26", "27", "28", 
        "29", "30", "31", "32", "33", "34", "35", "36", "37", 
        "39", "40", "48")), .Names = ""), class = "table"), No.Tag = structure(c(0L, 
    0L, 0L, 0L, 0L, 1L, 0L, 0L, 2L, 208L, 2L, 4L, 0L, 5L, 0L, 
    0L), .Dim = c(4L, 4L), .Dimnames = structure(list(c("-1", 
    "0", "1", NA), c("A", "C", "T", NA)), .Names = c("", "")), class = "table"), 
    All.Tags = list(Concordant = list(Freqs = structure(c(0, 
    0, 0, 0, 5, 0, 5, 981, 0), .Dim = c(3L, 3L), .Dimnames = list(
        c("-1", "0", "1"), c("A", "C", "T"))), N = 991), Majority = list(
        Freqs = structure(c(0, 0, 0, 0, 5, 0, 5, 1046, 2), .Dim = c(3L, 
        3L), .Dimnames = list(c("-1", "0", "1"), c("A", "C", 
        "T"))), N = 1058)), `2` = structure(c(0, 0, 0, 0, 0, 
    0, 1, 743, 2), .Dim = c(3L, 3L), .Dimnames = list(c("-1", 
    "0", "1"), c("A", "C", "T"))))))
