Results <-
list(`bwaOutput/20210421msiMNRsJenny/234543_S42.sam` = list(GM07_SNP1 = list(
    All = list(Freqs = structure(c(0L, 1L, 1L, 0L, 0L, 1L, 41L, 
    1551L, 3819L, 106L, 1L, 143L, 0L, 1L, 6L, 0L, 0L, 3L, 0L, 
    15L, 52L, 2L, 0L, 0L), .Dim = c(6L, 4L), .Dimnames = structure(list(
        c("-2", "-1", "0", "1", "2", NA), c("-", "A", "G", NA
        )), .Names = c("", "")), class = "table"), N = 5743L), 
    Tag.Distribution = structure(c(`1` = 183L, `2` = 95L, `3` = 69L, 
    `4` = 49L, `5` = 40L, `6` = 26L, `7` = 25L, `8` = 22L, `9` = 25L, 
    `10` = 20L, `11` = 19L, `12` = 16L, `13` = 14L, `14` = 23L, 
    `15` = 18L, `16` = 11L, `17` = 9L, `18` = 3L, `19` = 4L, 
    `20` = 10L, `21` = 3L, `22` = 5L, `23` = 4L, `24` = 4L, `25` = 4L, 
    `26` = 5L, `27` = 1L, `28` = 8L, `29` = 2L, `30` = 3L, `31` = 1L, 
    `32` = 2L, `33` = 1L, `34` = 2L, `35` = 2L, `36` = 4L, `38` = 1L, 
    `39` = 2L, `40` = 2L, `41` = 2L, `47` = 1L, `51` = 1L, `57` = 1L
    ), .Dim = 43L, .Dimnames = structure(list(c("1", "2", "3", 
    "4", "5", "6", "7", "8", "9", "10", "11", "12", "13", "14", 
    "15", "16", "17", "18", "19", "20", "21", "22", "23", "24", 
    "25", "26", "27", "28", "29", "30", "31", "32", "33", "34", 
    "35", "36", "38", "39", "40", "41", "47", "51", "57")), .Names = ""), class = "table"), 
    No.Tag = structure(c(0L, 0L, 0L, 0L, 0L, 0L, 0L, 25L, 116L, 
    3L, 0L, 15L, 0L, 1L, 1L, 0L, 0L, 0L, 0L, 0L, 6L, 1L, 0L, 
    0L), .Dim = c(6L, 4L), .Dimnames = structure(list(c("-2", 
    "-1", "0", "1", "2", NA), c("-", "A", "G", NA)), .Names = c("", 
    "")), class = "table"), All.Tags = list(Concordant = list(
        Freqs = structure(c(0, 0, 0, 0, 0, 2, 133, 350, 3, 0, 
        0, 0, 2, 0, 0), .Dim = c(5L, 3L), .Dimnames = list(c("-2", 
        "-1", "0", "1", "2"), c("-", "A", "G"))), N = 490), Majority = list(
        Freqs = structure(c(0, 0, 0, 0, 0, 2, 186, 508, 3, 0, 
        0, 0, 2, 0, 0), .Dim = c(5L, 3L), .Dimnames = list(c("-2", 
        "-1", "0", "1", "2"), c("-", "A", "G"))), N = 701)), 
    `2` = structure(c(0, 0, 0, 0, 0, 0, 146, 390, 0, 0, 0, 0, 
    0, 0, 0), .Dim = c(5L, 3L), .Dimnames = list(c("-2", "-1", 
    "0", "1", "2"), c("-", "A", "G"))))))
