Results <-
list(`bwaOutput/20210421msiMNRsJenny/234543_S42.sam` = list(GM22_SNP1 = list(
    All = list(Freqs = structure(c(3L, 72L, 4964L, 35L, 23L, 
    2L, 52L, 3856L, 17L, 14L, 0L, 0L, 19L, 0L, 0L, 0L, 12L, 167L, 
    3L, 0L), .Dim = 5:4, .Dimnames = structure(list(c("-2", "-1", 
    "0", "1", NA), c("A", "G", "T", NA)), .Names = c("", "")), class = "table"), 
        N = 9239L), Tag.Distribution = structure(c(`1` = 282L, 
    `2` = 108L, `3` = 103L, `4` = 78L, `5` = 48L, `6` = 43L, 
    `7` = 36L, `8` = 37L, `9` = 37L, `10` = 32L, `11` = 25L, 
    `12` = 26L, `13` = 17L, `14` = 23L, `15` = 17L, `16` = 17L, 
    `17` = 12L, `18` = 11L, `19` = 18L, `20` = 13L, `21` = 12L, 
    `22` = 12L, `23` = 9L, `24` = 2L, `25` = 5L, `26` = 5L, `27` = 5L, 
    `28` = 9L, `29` = 12L, `30` = 5L, `31` = 6L, `32` = 3L, `33` = 1L, 
    `34` = 5L, `35` = 3L, `36` = 2L, `37` = 3L, `38` = 2L, `39` = 2L, 
    `40` = 1L, `42` = 2L, `44` = 1L, `45` = 1L, `46` = 2L, `52` = 1L, 
    `54` = 1L, `58` = 1L, `69` = 1L), .Dim = 48L, .Dimnames = structure(list(
        c("1", "2", "3", "4", "5", "6", "7", "8", "9", "10", 
        "11", "12", "13", "14", "15", "16", "17", "18", "19", 
        "20", "21", "22", "23", "24", "25", "26", "27", "28", 
        "29", "30", "31", "32", "33", "34", "35", "36", "37", 
        "38", "39", "40", "42", "44", "45", "46", "52", "54", 
        "58", "69")), .Names = ""), class = "table"), No.Tag = structure(c(1L, 
    2L, 184L, 1L, 11L, 0L, 4L, 163L, 2L, 0L, 0L, 0L, 0L, 0L, 
    0L, 0L, 0L, 16L, 0L, 0L), .Dim = 5:4, .Dimnames = structure(list(
        c("-2", "-1", "0", "1", NA), c("A", "G", "T", NA)), .Names = c("", 
    "")), class = "table"), All.Tags = list(Concordant = list(
        Freqs = structure(c(0, 7, 466, 1, 0, 4, 398, 1, 0, 0, 
        1, 0), .Dim = 4:3, .Dimnames = list(c("-2", "-1", "0", 
        "1"), c("A", "G", "T"))), N = 878), Majority = list(Freqs = structure(c(0, 
    7, 565, 1, 0, 4, 483, 1, 0, 0, 1, 0), .Dim = 4:3, .Dimnames = list(
        c("-2", "-1", "0", "1"), c("A", "G", "T"))), N = 1062)), 
    `2` = structure(c(0, 3, 427, 0, 0, 1, 370, 0, 0, 0, 1, 0), .Dim = 4:3, .Dimnames = list(
        c("-2", "-1", "0", "1"), c("A", "G", "T"))))))
