Results <-
list(`bwaOutput/20210421msiMNRsJenny/234543_S42.sam` = list(GM14_SNP1 = list(
    All = list(Freqs = structure(c(0L, 0L, 1L, 0L, 0L, 0L, 43L, 
    862L, 1651L, 16L, 1L, 20L, 9L, 814L, 2172L, 15L, 0L, 5L, 
    0L, 7L, 43L, 0L, 0L, 0L), .Dim = c(6L, 4L), .Dimnames = structure(list(
        c("-2", "-1", "0", "1", "2", NA), c("A", "C", "T", NA
        )), .Names = c("", "")), class = "table"), N = 5659L), 
    Tag.Distribution = structure(c(`1` = 230L, `2` = 88L, `3` = 74L, 
    `4` = 39L, `5` = 38L, `6` = 44L, `7` = 27L, `8` = 19L, `9` = 18L, 
    `10` = 28L, `11` = 20L, `12` = 15L, `13` = 13L, `14` = 12L, 
    `15` = 14L, `16` = 14L, `17` = 11L, `18` = 7L, `19` = 7L, 
    `20` = 10L, `21` = 5L, `22` = 7L, `23` = 7L, `24` = 7L, `25` = 7L, 
    `26` = 3L, `27` = 4L, `28` = 3L, `29` = 4L, `30` = 1L, `31` = 1L, 
    `33` = 4L, `34` = 2L, `35` = 1L, `36` = 1L, `37` = 3L, `38` = 1L, 
    `39` = 1L), .Dim = 38L, .Dimnames = structure(list(c("1", 
    "2", "3", "4", "5", "6", "7", "8", "9", "10", "11", "12", 
    "13", "14", "15", "16", "17", "18", "19", "20", "21", "22", 
    "23", "24", "25", "26", "27", "28", "29", "30", "31", "33", 
    "34", "35", "36", "37", "38", "39")), .Names = ""), class = "table"), 
    No.Tag = structure(c(0L, 0L, 0L, 0L, 0L, 0L, 1L, 16L, 63L, 
    1L, 0L, 3L, 0L, 16L, 47L, 0L, 0L, 0L, 0L, 2L, 3L, 0L, 0L, 
    0L), .Dim = c(6L, 4L), .Dimnames = structure(list(c("-2", 
    "-1", "0", "1", "2", NA), c("A", "C", "T", NA)), .Names = c("", 
    "")), class = "table"), All.Tags = list(Concordant = list(
        Freqs = structure(c(0, 0, 0, 0, 0, 5, 95, 203, 2, 1, 
        1, 88, 219, 1, 0), .Dim = c(5L, 3L), .Dimnames = list(
            c("-2", "-1", "0", "1", "2"), c("A", "C", "T"))), 
        N = 615), Majority = list(Freqs = structure(c(0, 0, 0, 
    0, 0, 5, 114, 266, 2, 1, 1, 103, 285, 1, 0), .Dim = c(5L, 
    3L), .Dimnames = list(c("-2", "-1", "0", "1", "2"), c("A", 
    "C", "T"))), N = 778)), `2` = structure(c(0, 0, 0, 0, 0, 
    4, 83, 192, 0, 0, 0, 73, 199, 1, 0), .Dim = c(5L, 3L), .Dimnames = list(
        c("-2", "-1", "0", "1", "2"), c("A", "C", "T"))))))
