Results <-
list(`bwaOutput/20210421msiMNRsJenny/234543_S42.sam` = list(LR49_SNP1 = list(
    All = list(Freqs = structure(c(180L, 4068L, 2L, 5L, 1603L, 
    3182L, 1L, 43L, 1L, 0L, 0L, 0L, 10L, 82L, 0L, 0L), .Dim = c(4L, 
    4L), .Dimnames = structure(list(c("-1", "0", "1", NA), c("A", 
    "G", "T", NA)), .Names = c("", "")), class = "table"), N = 9177L), 
    Tag.Distribution = structure(c(`1` = 292L, `2` = 153L, `3` = 96L, 
    `4` = 106L, `5` = 79L, `6` = 60L, `7` = 46L, `8` = 36L, `9` = 42L, 
    `10` = 34L, `11` = 29L, `12` = 28L, `13` = 20L, `14` = 26L, 
    `15` = 21L, `16` = 15L, `17` = 15L, `18` = 11L, `19` = 15L, 
    `20` = 13L, `21` = 8L, `22` = 8L, `23` = 13L, `24` = 8L, 
    `25` = 8L, `26` = 6L, `27` = 6L, `28` = 3L, `29` = 8L, `30` = 1L, 
    `31` = 7L, `32` = 5L, `33` = 1L, `34` = 1L, `35` = 1L, `36` = 1L, 
    `37` = 3L, `38` = 1L, `42` = 2L, `48` = 1L, `49` = 1L, `64` = 1L
    ), .Dim = 42L, .Dimnames = structure(list(c("1", "2", "3", 
    "4", "5", "6", "7", "8", "9", "10", "11", "12", "13", "14", 
    "15", "16", "17", "18", "19", "20", "21", "22", "23", "24", 
    "25", "26", "27", "28", "29", "30", "31", "32", "33", "34", 
    "35", "36", "37", "38", "42", "48", "49", "64")), .Names = ""), class = "table"), 
    No.Tag = structure(c(4L, 150L, 0L, 1L, 52L, 123L, 0L, 1L, 
    0L, 0L, 0L, 0L, 1L, 12L, 0L, 0L), .Dim = c(4L, 4L), .Dimnames = structure(list(
        c("-1", "0", "1", NA), c("A", "G", "T", NA)), .Names = c("", 
    "")), class = "table"), All.Tags = list(Concordant = list(
        Freqs = structure(c(14, 470, 1, 166, 342, 0, 0, 0, 0), .Dim = c(3L, 
        3L), .Dimnames = list(c("-1", "0", "1"), c("A", "G", 
        "T"))), N = 993), Majority = list(Freqs = structure(c(20, 
    544, 1, 203, 418, 0, 0, 0, 0), .Dim = c(3L, 3L), .Dimnames = list(
        c("-1", "0", "1"), c("A", "G", "T"))), N = 1186)), `2` = structure(c(16, 
    420, 0, 159, 317, 0, 0, 0, 0), .Dim = c(3L, 3L), .Dimnames = list(
        c("-1", "0", "1"), c("A", "G", "T"))))))
