Results <-
list(`bwaOutput/20210421msiMNRsJenny/234543_S42.sam` = list(LR40_SNP1 = list(
    All = list(Freqs = structure(c(0L, 1L, 40L, 0L, 0L, 1L, 468L, 
    2825L, 10L, 15L, 0L, 3L, 27L, 0L, 0L), .Dim = c(5L, 3L), .Dimnames = structure(list(
        c("-2", "-1", "0", "1", NA), c("A", "C", NA)), .Names = c("", 
    "")), class = "table"), N = 3390L), Tag.Distribution = structure(c(`1` = 133L, 
    `2` = 58L, `3` = 33L, `4` = 38L, `5` = 25L, `6` = 24L, `7` = 27L, 
    `8` = 12L, `9` = 14L, `10` = 14L, `11` = 11L, `12` = 8L, 
    `13` = 7L, `14` = 13L, `15` = 3L, `16` = 11L, `17` = 9L, 
    `18` = 3L, `19` = 5L, `20` = 2L, `21` = 5L, `22` = 4L, `23` = 2L, 
    `25` = 2L, `26` = 4L, `28` = 2L, `29` = 2L, `30` = 2L, `31` = 1L, 
    `32` = 1L, `33` = 4L, `34` = 1L, `35` = 1L, `37` = 1L, `42` = 1L, 
    `43` = 1L), .Dim = 36L, .Dimnames = structure(list(c("1", 
    "2", "3", "4", "5", "6", "7", "8", "9", "10", "11", "12", 
    "13", "14", "15", "16", "17", "18", "19", "20", "21", "22", 
    "23", "25", "26", "28", "29", "30", "31", "32", "33", "34", 
    "35", "37", "42", "43")), .Names = ""), class = "table"), 
    No.Tag = structure(c(0L, 0L, 0L, 0L, 0L, 0L, 9L, 53L, 0L, 
    1L, 0L, 1L, 0L, 0L, 0L), .Dim = c(5L, 3L), .Dimnames = structure(list(
        c("-2", "-1", "0", "1", NA), c("A", "C", NA)), .Names = c("", 
    "")), class = "table"), All.Tags = list(Concordant = list(
        Freqs = structure(c(0, 0, 0, 0, 0, 62, 369, 0), .Dim = c(4L, 
        2L), .Dimnames = list(c("-2", "-1", "0", "1"), c("A", 
        "C"))), N = 431), Majority = list(Freqs = structure(c(0, 
    0, 1, 0, 0, 70, 407, 0), .Dim = c(4L, 2L), .Dimnames = list(
        c("-2", "-1", "0", "1"), c("A", "C"))), N = 478)), `2` = structure(c(0, 
    0, 1, 0, 0, 44, 304, 0), .Dim = c(4L, 2L), .Dimnames = list(
        c("-2", "-1", "0", "1"), c("A", "C"))))))
