Results <-
list(`bwaOutput/20210421msiMNRsJenny/234543_S42.sam` = list(LR17_SNP1 = list(
    All = list(Freqs = structure(c(9L, 119L, 2117L, 8152L, 123L, 
    1L, 108L, 0L, 0L, 2L, 1L, 0L, 0L, 0L, 0L, 0L, 0L, 1L, 0L, 
    0L, 0L, 0L, 3L, 84L, 625L, 4L, 0L, 0L), .Dim = c(7L, 4L), .Dimnames = structure(list(
        c("-3", "-2", "-1", "0", "1", "2", NA), c("A", "G", "T", 
        NA)), .Names = c("", "")), class = "table"), N = 11349L), 
    Tag.Distribution = structure(c(`1` = 362L, `2` = 110L, `3` = 108L, 
    `4` = 68L, `5` = 58L, `6` = 55L, `7` = 51L, `8` = 44L, `9` = 43L, 
    `10` = 38L, `11` = 22L, `12` = 28L, `13` = 28L, `14` = 18L, 
    `15` = 22L, `16` = 16L, `17` = 16L, `18` = 23L, `19` = 21L, 
    `20` = 13L, `21` = 12L, `22` = 6L, `23` = 17L, `24` = 6L, 
    `25` = 14L, `26` = 8L, `27` = 5L, `28` = 9L, `29` = 7L, `30` = 5L, 
    `31` = 4L, `32` = 4L, `33` = 5L, `34` = 5L, `35` = 8L, `36` = 1L, 
    `37` = 4L, `38` = 1L, `39` = 3L, `40` = 6L, `41` = 3L, `42` = 1L, 
    `43` = 5L, `44` = 2L, `50` = 1L, `51` = 1L, `52` = 2L, `53` = 1L, 
    `56` = 1L, `64` = 1L), .Dim = 50L, .Dimnames = structure(list(
        c("1", "2", "3", "4", "5", "6", "7", "8", "9", "10", 
        "11", "12", "13", "14", "15", "16", "17", "18", "19", 
        "20", "21", "22", "23", "24", "25", "26", "27", "28", 
        "29", "30", "31", "32", "33", "34", "35", "36", "37", 
        "38", "39", "40", "41", "42", "43", "44", "50", "51", 
        "52", "53", "56", "64")), .Names = ""), class = "table"), 
    No.Tag = structure(c(0L, 3L, 76L, 319L, 8L, 0L, 4L, 0L, 0L, 
    0L, 0L, 0L, 0L, 0L, 0L, 0L, 0L, 0L, 0L, 0L, 0L, 0L, 0L, 5L, 
    26L, 0L, 0L, 0L), .Dim = c(7L, 4L), .Dimnames = structure(list(
        c("-3", "-2", "-1", "0", "1", "2", NA), c("A", "G", "T", 
        NA)), .Names = c("", "")), class = "table"), All.Tags = list(
        Concordant = list(Freqs = structure(c(1, 8, 143, 735, 
        1, 0, 0, 0, 0, 0, 0, 0, 0, 0, 0, 0, 0, 0), .Dim = c(6L, 
        3L), .Dimnames = list(c("-3", "-2", "-1", "0", "1", "2"
        ), c("A", "G", "T"))), N = 888), Majority = list(Freqs = structure(c(1, 
        12, 210, 1011, 1, 0, 0, 0, 0, 0, 0, 0, 0, 0, 0, 0, 0, 
        0), .Dim = c(6L, 3L), .Dimnames = list(c("-3", "-2", 
        "-1", "0", "1", "2"), c("A", "G", "T"))), N = 1235)), 
    `2` = structure(c(1, 8, 161, 744, 0, 0, 0, 0, 0, 0, 0, 0, 
    0, 0, 0, 0, 0, 0), .Dim = c(6L, 3L), .Dimnames = list(c("-3", 
    "-2", "-1", "0", "1", "2"), c("A", "G", "T"))))))
