Results <-
list(`bwaOutput/20210421msiMNRsJenny/234543_S42.sam` = list(LR36_SNP1 = list(
    All = list(Freqs = structure(c(1L, 5L, 792L, 7L, 54L, 2389L, 
    16L, 39L, 0L, 0L, 0L, 0L, 0L, 1L, 0L, 0L, 0L, 0L, 2L, 359L, 
    632L, 1830L, 9L, 52L, 0L, 0L, 5L, 7L, 35L, 228L, 2L, 0L), .Dim = c(8L, 
    4L), .Dimnames = structure(list(c("-8", "-4", "-3", "-2", 
    "-1", "0", "1", NA), c("A", "C", "T", NA)), .Names = c("", 
    "")), class = "table"), N = 6465L), Tag.Distribution = structure(c(`1` = 230L, 
    `2` = 120L, `3` = 68L, `4` = 54L, `5` = 44L, `6` = 38L, `7` = 37L, 
    `8` = 25L, `9` = 28L, `10` = 14L, `11` = 27L, `12` = 19L, 
    `13` = 18L, `14` = 16L, `15` = 10L, `16` = 12L, `17` = 13L, 
    `18` = 5L, `19` = 10L, `20` = 10L, `21` = 6L, `22` = 5L, 
    `23` = 5L, `24` = 7L, `25` = 9L, `26` = 4L, `27` = 5L, `28` = 1L, 
    `29` = 5L, `30` = 1L, `31` = 6L, `32` = 2L, `33` = 2L, `34` = 1L, 
    `35` = 3L, `36` = 3L, `37` = 2L, `39` = 1L, `41` = 1L, `46` = 1L, 
    `54` = 1L), .Dim = 41L, .Dimnames = structure(list(c("1", 
    "2", "3", "4", "5", "6", "7", "8", "9", "10", "11", "12", 
    "13", "14", "15", "16", "17", "18", "19", "20", "21", "22", 
    "23", "24", "25", "26", "27", "28", "29", "30", "31", "32", 
    "33", "34", "35", "36", "37", "39", "41", "46", "54")), .Names = ""), class = "table"), 
    No.Tag = structure(c(0L, 0L, 27L, 0L, 1L, 80L, 2L, 3L, 0L, 
    0L, 0L, 0L, 0L, 0L, 0L, 0L, 0L, 0L, 0L, 2L, 18L, 83L, 0L, 
    4L, 0L, 0L, 1L, 0L, 2L, 24L, 0L, 0L), .Dim = c(8L, 4L), .Dimnames = structure(list(
        c("-8", "-4", "-3", "-2", "-1", "0", "1", NA), c("A", 
        "C", "T", NA)), .Names = c("", "")), class = "table"), 
    All.Tags = list(Concordant = list(Freqs = structure(c(0, 
    0, 98, 0, 8, 253, 0, 0, 0, 0, 0, 0, 0, 0, 0, 0, 0, 27, 74, 
    221, 0), .Dim = c(7L, 3L), .Dimnames = list(c("-8", "-4", 
    "-3", "-2", "-1", "0", "1"), c("A", "C", "T"))), N = 681), 
        Majority = list(Freqs = structure(c(0, 0, 113, 0, 8, 
        316, 0, 0, 0, 0, 0, 0, 0, 0, 0, 0, 0, 35, 92, 262, 0), .Dim = c(7L, 
        3L), .Dimnames = list(c("-8", "-4", "-3", "-2", "-1", 
        "0", "1"), c("A", "C", "T"))), N = 826)), `2` = structure(c(0, 
    0, 83, 0, 3, 238, 0, 0, 0, 0, 0, 0, 0, 0, 0, 0, 0, 29, 69, 
    207, 0), .Dim = c(7L, 3L), .Dimnames = list(c("-8", "-4", 
    "-3", "-2", "-1", "0", "1"), c("A", "C", "T"))))))
