Results <-
list(`bwaOutput/20210421msiMNRsJenny/234543_S42.sam` = list(LR44_SNP1 = list(
    All = list(Freqs = structure(c(0L, 15L, 336L, 2270L, 35L, 
    10L, 0L, 0L, 0L, 10L, 0L, 1L, 14L, 65L, 1160L, 1635L, 18L, 
    23L, 1L, 0L, 15L, 95L, 2L, 0L), .Dim = c(6L, 4L), .Dimnames = structure(list(
        c("-3", "-2", "-1", "0", "1", NA), c("C", "G", "T", NA
        )), .Names = c("", "")), class = "table"), N = 5705L), 
    Tag.Distribution = structure(c(`1` = 149L, `2` = 79L, `3` = 79L, 
    `4` = 54L, `5` = 50L, `6` = 37L, `7` = 38L, `8` = 27L, `9` = 17L, 
    `10` = 16L, `11` = 18L, `12` = 11L, `13` = 17L, `14` = 8L, 
    `15` = 10L, `16` = 17L, `17` = 8L, `18` = 9L, `19` = 4L, 
    `20` = 11L, `21` = 5L, `22` = 6L, `23` = 5L, `24` = 7L, `25` = 7L, 
    `26` = 4L, `27` = 2L, `28` = 5L, `29` = 3L, `30` = 3L, `31` = 5L, 
    `32` = 3L, `33` = 3L, `34` = 1L, `35` = 2L, `37` = 1L, `38` = 1L, 
    `40` = 1L, `42` = 1L, `43` = 1L, `49` = 1L), .Dim = 41L, .Dimnames = structure(list(
        c("1", "2", "3", "4", "5", "6", "7", "8", "9", "10", 
        "11", "12", "13", "14", "15", "16", "17", "18", "19", 
        "20", "21", "22", "23", "24", "25", "26", "27", "28", 
        "29", "30", "31", "32", "33", "34", "35", "37", "38", 
        "40", "42", "43", "49")), .Names = ""), class = "table"), 
    No.Tag = structure(c(0L, 1L, 17L, 44L, 1L, 0L, 0L, 0L, 0L, 
    0L, 0L, 0L, 1L, 0L, 18L, 38L, 0L, 1L, 0L, 0L, 0L, 5L, 0L, 
    0L), .Dim = c(6L, 4L), .Dimnames = structure(list(c("-3", 
    "-2", "-1", "0", "1", NA), c("C", "G", "T", NA)), .Names = c("", 
    "")), class = "table"), All.Tags = list(Concordant = list(
        Freqs = structure(c(0, 1, 21, 185, 4, 0, 0, 0, 1, 0, 
        0, 7, 93, 142, 1), .Dim = c(5L, 3L), .Dimnames = list(
            c("-3", "-2", "-1", "0", "1"), c("C", "G", "T"))), 
        N = 455), Majority = list(Freqs = structure(c(0, 1, 29, 
    293, 4, 0, 0, 0, 1, 0, 1, 7, 129, 230, 1), .Dim = c(5L, 3L
    ), .Dimnames = list(c("-3", "-2", "-1", "0", "1"), c("C", 
    "G", "T"))), N = 696)), `2` = structure(c(0, 0, 21, 239, 
    0, 0, 0, 0, 1, 0, 1, 5, 100, 184, 0), .Dim = c(5L, 3L), .Dimnames = list(
        c("-3", "-2", "-1", "0", "1"), c("C", "G", "T"))))))
