Results <-
list(`bwaOutput/20210421msiMNRsJenny/234543_S42.sam` = list(IM49_SNP1 = list(
    All = list(Freqs = structure(c(1L, 60L, 543L, 1337L, 27L, 
    1L, 25L, 0L, 0L, 35L, 1270L, 30L, 1L, 6L, 0L, 0L, 6L, 105L, 
    3L, 0L, 0L), .Dim = c(7L, 3L), .Dimnames = structure(list(
        c("-3", "-2", "-1", "0", "1", "2", NA), c("C", "G", NA
        )), .Names = c("", "")), class = "table"), N = 3450L), 
    Tag.Distribution = structure(c(`1` = 170L, `2` = 79L, `3` = 46L, 
    `4` = 42L, `5` = 36L, `6` = 29L, `7` = 22L, `8` = 11L, `9` = 14L, 
    `10` = 15L, `11` = 8L, `12` = 11L, `13` = 11L, `14` = 3L, 
    `15` = 14L, `16` = 5L, `17` = 2L, `18` = 5L, `19` = 2L, `20` = 6L, 
    `21` = 5L, `22` = 2L, `23` = 4L, `24` = 5L, `25` = 3L, `26` = 2L, 
    `27` = 4L, `29` = 2L, `30` = 1L, `35` = 3L, `36` = 1L), .Dim = 31L, .Dimnames = structure(list(
        c("1", "2", "3", "4", "5", "6", "7", "8", "9", "10", 
        "11", "12", "13", "14", "15", "16", "17", "18", "19", 
        "20", "21", "22", "23", "24", "25", "26", "27", "29", 
        "30", "35", "36")), .Names = ""), class = "table"), No.Tag = structure(c(0L, 
    2L, 21L, 83L, 2L, 0L, 2L, 0L, 0L, 0L, 23L, 0L, 0L, 0L, 0L, 
    0L, 2L, 7L, 0L, 0L, 0L), .Dim = c(7L, 3L), .Dimnames = structure(list(
        c("-3", "-2", "-1", "0", "1", "2", NA), c("C", "G", NA
        )), .Names = c("", "")), class = "table"), All.Tags = list(
        Concordant = list(Freqs = structure(c(0, 5, 62, 158, 
        1, 0, 0, 0, 3, 193, 1, 0), .Dim = c(6L, 2L), .Dimnames = list(
            c("-3", "-2", "-1", "0", "1", "2"), c("C", "G"))), 
            N = 423), Majority = list(Freqs = structure(c(0, 
        5, 83, 206, 1, 0, 0, 0, 3, 234, 1, 0), .Dim = c(6L, 2L
        ), .Dimnames = list(c("-3", "-2", "-1", "0", "1", "2"
        ), c("C", "G"))), N = 533)), `2` = structure(c(0, 4, 
    64, 149, 0, 0, 0, 0, 1, 163, 0, 0), .Dim = c(6L, 2L), .Dimnames = list(
        c("-3", "-2", "-1", "0", "1", "2"), c("C", "G"))))))
