Results <-
list(`bwaOutput/20210421msiMNRsJenny/234543_S42.sam` = list(GM29_SNP1 = list(
    All = list(Freqs = structure(c(9L, 1285L, 5794L, 17L, 13L, 
    0L, 0L, 1L, 0L, 0L, 0L, 0L, 1L, 0L, 0L, 0L, 2L, 61L, 0L, 
    0L), .Dim = 5:4, .Dimnames = structure(list(c("-2", "-1", 
    "0", "1", NA), c("A", "G", "T", NA)), .Names = c("", "")), class = "table"), 
        N = 7183L), Tag.Distribution = structure(c(`1` = 139L, 
    `2` = 87L, `3` = 67L, `4` = 48L, `5` = 32L, `6` = 40L, `7` = 31L, 
    `8` = 27L, `9` = 17L, `10` = 21L, `11` = 19L, `12` = 13L, 
    `13` = 25L, `14` = 11L, `15` = 20L, `16` = 13L, `17` = 11L, 
    `18` = 15L, `19` = 6L, `20` = 9L, `21` = 4L, `22` = 2L, `23` = 4L, 
    `24` = 4L, `25` = 6L, `26` = 4L, `27` = 4L, `28` = 5L, `29` = 3L, 
    `30` = 2L, `31` = 4L, `32` = 6L, `33` = 3L, `34` = 2L, `36` = 7L, 
    `37` = 3L, `38` = 2L, `39` = 1L, `41` = 1L, `42` = 2L, `43` = 2L, 
    `44` = 1L, `46` = 2L, `47` = 1L, `49` = 1L, `52` = 1L, `55` = 1L, 
    `62` = 1L, `80` = 1L, `84` = 1L, `90` = 1L, `95` = 1L), .Dim = 52L, .Dimnames = structure(list(
        c("1", "2", "3", "4", "5", "6", "7", "8", "9", "10", 
        "11", "12", "13", "14", "15", "16", "17", "18", "19", 
        "20", "21", "22", "23", "24", "25", "26", "27", "28", 
        "29", "30", "31", "32", "33", "34", "36", "37", "38", 
        "39", "41", "42", "43", "44", "46", "47", "49", "52", 
        "55", "62", "80", "84", "90", "95")), .Names = ""), class = "table"), 
    No.Tag = structure(c(0L, 103L, 180L, 0L, 3L, 0L, 0L, 1L, 
    0L, 0L, 0L, 0L, 0L, 0L, 0L, 0L, 0L, 4L, 0L, 0L), .Dim = 5:4, .Dimnames = structure(list(
        c("-2", "-1", "0", "1", NA), c("A", "G", "T", NA)), .Names = c("", 
    "")), class = "table"), All.Tags = list(Concordant = list(
        Freqs = structure(c(0, 97, 512, 0, 0, 0, 0, 0, 0, 0, 
        0, 0), .Dim = 4:3, .Dimnames = list(c("-2", "-1", "0", 
        "1"), c("A", "G", "T"))), N = 609), Majority = list(Freqs = structure(c(0, 
    115, 611, 0, 0, 0, 0, 0, 0, 0, 0, 0), .Dim = 4:3, .Dimnames = list(
        c("-2", "-1", "0", "1"), c("A", "G", "T"))), N = 726)), 
    `2` = structure(c(0, 83, 508, 0, 0, 0, 0, 0, 0, 0, 0, 0), .Dim = 4:3, .Dimnames = list(
        c("-2", "-1", "0", "1"), c("A", "G", "T"))))))
