Results <-
list(`bwaOutput/20210421msiMNRsJenny/234543_S42.sam` = list(LR10_SNP1 = list(
    All = list(Freqs = structure(c(0L, 0L, 2L, 0L, 0L, 0L, 8L, 
    1157L, 2961L, 26L, 2L, 29L, 1L, 105L, 4210L, 21L, 0L, 6L, 
    0L, 11L, 128L, 0L, 0L, 0L), .Dim = c(6L, 4L), .Dimnames = structure(list(
        c("-2", "-1", "0", "1", "2", NA), c("A", "C", "T", NA
        )), .Names = c("", "")), class = "table"), N = 8667L), 
    Tag.Distribution = structure(c(`1` = 255L, `2` = 104L, `3` = 94L, 
    `4` = 77L, `5` = 41L, `6` = 30L, `7` = 48L, `8` = 37L, `9` = 31L, 
    `10` = 25L, `11` = 28L, `12` = 19L, `13` = 24L, `14` = 20L, 
    `15` = 15L, `16` = 14L, `17` = 12L, `18` = 10L, `19` = 11L, 
    `20` = 10L, `21` = 7L, `22` = 15L, `23` = 10L, `24` = 4L, 
    `25` = 11L, `26` = 7L, `27` = 7L, `28` = 7L, `29` = 8L, `30` = 3L, 
    `31` = 2L, `32` = 4L, `33` = 2L, `34` = 6L, `35` = 3L, `36` = 5L, 
    `37` = 1L, `38` = 2L, `39` = 3L, `40` = 2L, `41` = 2L, `42` = 1L, 
    `43` = 1L, `44` = 1L, `52` = 2L, `54` = 1L, `56` = 1L), .Dim = 47L, .Dimnames = structure(list(
        c("1", "2", "3", "4", "5", "6", "7", "8", "9", "10", 
        "11", "12", "13", "14", "15", "16", "17", "18", "19", 
        "20", "21", "22", "23", "24", "25", "26", "27", "28", 
        "29", "30", "31", "32", "33", "34", "35", "36", "37", 
        "38", "39", "40", "41", "42", "43", "44", "52", "54", 
        "56")), .Names = ""), class = "table"), No.Tag = structure(c(0L, 
    0L, 0L, 0L, 0L, 0L, 1L, 25L, 56L, 0L, 0L, 2L, 0L, 6L, 154L, 
    1L, 0L, 0L, 0L, 1L, 5L, 0L, 0L, 0L), .Dim = c(6L, 4L), .Dimnames = structure(list(
        c("-2", "-1", "0", "1", "2", NA), c("A", "C", "T", NA
        )), .Names = c("", "")), class = "table"), All.Tags = list(
        Concordant = list(Freqs = structure(c(0, 0, 0, 0, 0, 
        0, 104, 265, 0, 0, 0, 3, 404, 1, 0), .Dim = c(5L, 3L), .Dimnames = list(
            c("-2", "-1", "0", "1", "2"), c("A", "C", "T"))), 
            N = 777), Majority = list(Freqs = structure(c(0, 
        0, 0, 0, 0, 0, 130, 355, 0, 0, 0, 5, 500, 1, 0), .Dim = c(5L, 
        3L), .Dimnames = list(c("-2", "-1", "0", "1", "2"), c("A", 
        "C", "T"))), N = 991)), `2` = structure(c(0, 0, 0, 0, 
    0, 0, 102, 273, 0, 0, 0, 2, 373, 0, 0), .Dim = c(5L, 3L), .Dimnames = list(
        c("-2", "-1", "0", "1", "2"), c("A", "C", "T"))))))
