Results <-
list(`bwaOutput/20210421msiMNRsJenny/234543_S42.sam` = list(LR48_SNP1 = list(
    All = list(Freqs = structure(c(0L, 0L, 0L, 1L, 0L, 0L, 0L, 
    6L, 81L, 2498L, 5375L, 80L, 1L, 61L, 0L, 0L, 0L, 1L, 0L, 
    0L, 0L, 0L, 0L, 0L, 3L, 0L, 0L, 0L, 0L, 0L, 16L, 123L, 0L, 
    0L, 0L), .Dim = c(7L, 5L), .Dimnames = structure(list(c("-3", 
    "-2", "-1", "0", "1", "2", NA), c("-", "C", "G", "T", NA)), .Names = c("", 
    "")), class = "table"), N = 8246L), Tag.Distribution = structure(c(`1` = 201L, 
    `2` = 85L, `3` = 53L, `4` = 55L, `5` = 47L, `6` = 34L, `7` = 31L, 
    `8` = 30L, `9` = 23L, `10` = 19L, `11` = 13L, `12` = 16L, 
    `13` = 4L, `14` = 19L, `15` = 12L, `16` = 12L, `17` = 14L, 
    `18` = 8L, `19` = 11L, `20` = 11L, `21` = 7L, `22` = 10L, 
    `23` = 8L, `24` = 11L, `25` = 5L, `26` = 6L, `27` = 6L, `28` = 6L, 
    `29` = 4L, `30` = 5L, `31` = 3L, `32` = 1L, `33` = 6L, `34` = 3L, 
    `35` = 2L, `36` = 5L, `37` = 4L, `38` = 3L, `39` = 1L, `40` = 3L, 
    `41` = 5L, `42` = 5L, `43` = 1L, `44` = 3L, `45` = 1L, `46` = 1L, 
    `47` = 1L, `48` = 1L, `49` = 3L, `51` = 1L, `52` = 1L, `57` = 1L, 
    `67` = 1L, `68` = 1L), .Dim = 54L, .Dimnames = structure(list(
        c("1", "2", "3", "4", "5", "6", "7", "8", "9", "10", 
        "11", "12", "13", "14", "15", "16", "17", "18", "19", 
        "20", "21", "22", "23", "24", "25", "26", "27", "28", 
        "29", "30", "31", "32", "33", "34", "35", "36", "37", 
        "38", "39", "40", "41", "42", "43", "44", "45", "46", 
        "47", "48", "49", "51", "52", "57", "67", "68")), .Names = ""), class = "table"), 
    No.Tag = structure(c(0L, 0L, 0L, 0L, 0L, 0L, 0L, 0L, 1L, 
    76L, 264L, 5L, 0L, 4L, 0L, 0L, 0L, 0L, 0L, 0L, 0L, 0L, 0L, 
    0L, 0L, 0L, 0L, 0L, 0L, 0L, 1L, 10L, 0L, 0L, 0L), .Dim = c(7L, 
    5L), .Dimnames = structure(list(c("-3", "-2", "-1", "0", 
    "1", "2", NA), c("-", "C", "G", "T", NA)), .Names = c("", 
    "")), class = "table"), All.Tags = list(Concordant = list(
        Freqs = structure(c(0, 0, 0, 0, 0, 0, 0, 4, 173, 413, 
        0, 0, 0, 0, 0, 0, 0, 0, 0, 0, 0, 1, 0, 0), .Dim = c(6L, 
        4L), .Dimnames = list(c("-3", "-2", "-1", "0", "1", "2"
        ), c("-", "C", "G", "T"))), N = 591), Majority = list(
        Freqs = structure(c(0, 0, 0, 0, 0, 0, 0, 5, 233, 555, 
        0, 0, 0, 0, 0, 0, 0, 0, 0, 0, 0, 1, 0, 0), .Dim = c(6L, 
        4L), .Dimnames = list(c("-3", "-2", "-1", "0", "1", "2"
        ), c("-", "C", "G", "T"))), N = 794)), `2` = structure(c(0, 
    0, 0, 0, 0, 0, 0, 3, 176, 430, 0, 0, 0, 0, 0, 0, 0, 0, 0, 
    0, 0, 0, 0, 0), .Dim = c(6L, 4L), .Dimnames = list(c("-3", 
    "-2", "-1", "0", "1", "2"), c("-", "C", "G", "T"))))))
