Results <-
list(`bwaOutput/20210421msiMNRsJenny/234543_S42.sam` = list(GM01_SNP1 = list(
    All = list(Freqs = structure(c(0L, 0L, 1L, 0L, 0L, 0L, 13L, 
    1795L, 8713L, 26L, 2L, 33L, 0L, 2L, 30L, 2L, 0L, 1L, 0L, 
    14L, 103L, 0L, 0L, 0L), .Dim = c(6L, 4L), .Dimnames = structure(list(
        c("-2", "-1", "0", "1", "2", NA), c("-", "A", "G", NA
        )), .Names = c("", "")), class = "table"), N = 10735L), 
    Tag.Distribution = structure(c(`1` = 277L, `2` = 102L, `3` = 94L, 
    `4` = 78L, `5` = 62L, `6` = 47L, `7` = 46L, `8` = 36L, `9` = 37L, 
    `10` = 34L, `11` = 37L, `12` = 23L, `13` = 26L, `14` = 27L, 
    `15` = 20L, `16` = 14L, `17` = 21L, `18` = 16L, `19` = 16L, 
    `20` = 16L, `21` = 19L, `22` = 14L, `23` = 11L, `24` = 11L, 
    `25` = 11L, `26` = 13L, `27` = 10L, `28` = 3L, `29` = 7L, 
    `30` = 5L, `31` = 6L, `32` = 7L, `34` = 5L, `35` = 2L, `36` = 3L, 
    `37` = 5L, `38` = 3L, `39` = 2L, `40` = 5L, `42` = 2L, `43` = 2L, 
    `44` = 1L, `45` = 1L, `47` = 1L, `49` = 1L, `50` = 1L, `51` = 1L
    ), .Dim = 47L, .Dimnames = structure(list(c("1", "2", "3", 
    "4", "5", "6", "7", "8", "9", "10", "11", "12", "13", "14", 
    "15", "16", "17", "18", "19", "20", "21", "22", "23", "24", 
    "25", "26", "27", "28", "29", "30", "31", "32", "34", "35", 
    "36", "37", "38", "39", "40", "42", "43", "44", "45", "47", 
    "49", "50", "51")), .Names = ""), class = "table"), No.Tag = structure(c(0L, 
    0L, 0L, 0L, 0L, 0L, 0L, 32L, 214L, 0L, 0L, 4L, 0L, 0L, 1L, 
    0L, 0L, 1L, 0L, 1L, 5L, 0L, 0L, 0L), .Dim = c(6L, 4L), .Dimnames = structure(list(
        c("-2", "-1", "0", "1", "2", NA), c("-", "A", "G", NA
        )), .Names = c("", "")), class = "table"), All.Tags = list(
        Concordant = list(Freqs = structure(c(0, 0, 0, 0, 0, 
        2, 123, 836, 0, 0, 0, 0, 3, 0, 0), .Dim = c(5L, 3L), .Dimnames = list(
            c("-2", "-1", "0", "1", "2"), c("-", "A", "G"))), 
            N = 964), Majority = list(Freqs = structure(c(0, 
        0, 0, 0, 0, 2, 170, 976, 0, 0, 0, 0, 4, 0, 0), .Dim = c(5L, 
        3L), .Dimnames = list(c("-2", "-1", "0", "1", "2"), c("-", 
        "A", "G"))), N = 1152)), `2` = structure(c(0, 0, 0, 0, 
    0, 1, 141, 751, 0, 0, 0, 0, 1, 0, 0), .Dim = c(5L, 3L), .Dimnames = list(
        c("-2", "-1", "0", "1", "2"), c("-", "A", "G"))))))
