Results <-
list(`bwaOutput/20210421msiMNRsJenny/234543_S42.sam` = list(LR20_SNP1 = list(
    All = list(Freqs = structure(c(0L, 2L, 0L, 0L, 620L, 3487L, 
    9L, 11L, 0L, 17L, 0L, 0L, 0L, 14L, 0L, 0L), .Dim = c(4L, 
    4L), .Dimnames = structure(list(c("-1", "0", "1", NA), c("-", 
    "A", "G", NA)), .Names = c("", "")), class = "table"), N = 4160L), 
    Tag.Distribution = structure(c(`1` = 140L, `2` = 66L, `3` = 51L, 
    `4` = 39L, `5` = 29L, `6` = 32L, `7` = 18L, `8` = 27L, `9` = 19L, 
    `10` = 14L, `11` = 17L, `12` = 19L, `13` = 6L, `14` = 8L, 
    `15` = 8L, `16` = 5L, `17` = 8L, `18` = 7L, `19` = 9L, `20` = 6L, 
    `21` = 7L, `22` = 2L, `23` = 6L, `24` = 2L, `26` = 1L, `27` = 1L, 
    `28` = 1L, `31` = 3L, `33` = 2L, `34` = 1L, `36` = 4L, `38` = 3L, 
    `43` = 1L, `44` = 1L, `47` = 1L), .Dim = 35L, .Dimnames = structure(list(
        c("1", "2", "3", "4", "5", "6", "7", "8", "9", "10", 
        "11", "12", "13", "14", "15", "16", "17", "18", "19", 
        "20", "21", "22", "23", "24", "26", "27", "28", "31", 
        "33", "34", "36", "38", "43", "44", "47")), .Names = ""), class = "table"), 
    No.Tag = structure(c(0L, 0L, 0L, 0L, 12L, 170L, 0L, 3L, 0L, 
    0L, 0L, 0L, 0L, 3L, 0L, 0L), .Dim = c(4L, 4L), .Dimnames = structure(list(
        c("-1", "0", "1", NA), c("-", "A", "G", NA)), .Names = c("", 
    "")), class = "table"), All.Tags = list(Concordant = list(
        Freqs = structure(c(0, 0, 0, 73, 446, 2, 0, 2, 0), .Dim = c(3L, 
        3L), .Dimnames = list(c("-1", "0", "1"), c("-", "A", 
        "G"))), N = 523), Majority = list(Freqs = structure(c(0, 
    0, 0, 80, 471, 2, 0, 3, 0), .Dim = c(3L, 3L), .Dimnames = list(
        c("-1", "0", "1"), c("-", "A", "G"))), N = 556)), `2` = structure(c(0, 
    0, 0, 60, 359, 0, 0, 1, 0), .Dim = c(3L, 3L), .Dimnames = list(
        c("-1", "0", "1"), c("-", "A", "G"))))))
