Results <-
list(`bwaOutput/20210421msiMNRsJenny/234543_S42.sam` = list(GM09_SNP1 = list(
    All = list(Freqs = structure(c(176L, 4324L, 4L, 5L, 27L, 
    4219L, 2L, 1L, 0L, 63L, 0L, 0L), .Dim = 4:3, .Dimnames = structure(list(
        c("-1", "0", "1", NA), c("A", "G", NA)), .Names = c("", 
    "")), class = "table"), N = 8821L), Tag.Distribution = structure(c(`1` = 253L, 
    `2` = 139L, `3` = 78L, `4` = 95L, `5` = 68L, `6` = 63L, `7` = 46L, 
    `8` = 39L, `9` = 32L, `10` = 25L, `11` = 21L, `12` = 22L, 
    `13` = 27L, `14` = 15L, `15` = 21L, `16` = 13L, `17` = 16L, 
    `18` = 19L, `19` = 12L, `20` = 10L, `21` = 10L, `22` = 10L, 
    `23` = 10L, `24` = 8L, `25` = 7L, `26` = 6L, `27` = 7L, `28` = 7L, 
    `29` = 2L, `30` = 5L, `31` = 3L, `32` = 6L, `33` = 1L, `34` = 2L, 
    `35` = 3L, `36` = 2L, `37` = 1L, `39` = 2L, `40` = 1L, `41` = 1L, 
    `42` = 1L, `43` = 2L, `45` = 1L, `48` = 1L, `51` = 2L, `62` = 1L
    ), .Dim = 46L, .Dimnames = structure(list(c("1", "2", "3", 
    "4", "5", "6", "7", "8", "9", "10", "11", "12", "13", "14", 
    "15", "16", "17", "18", "19", "20", "21", "22", "23", "24", 
    "25", "26", "27", "28", "29", "30", "31", "32", "33", "34", 
    "35", "36", "37", "39", "40", "41", "42", "43", "45", "48", 
    "51", "62")), .Names = ""), class = "table"), No.Tag = structure(c(2L, 
    148L, 0L, 0L, 1L, 89L, 0L, 1L, 0L, 4L, 0L, 0L), .Dim = 4:3, .Dimnames = structure(list(
        c("-1", "0", "1", NA), c("A", "G", NA)), .Names = c("", 
    "")), class = "table"), All.Tags = list(Concordant = list(
        Freqs = structure(c(15, 485, 0, 0, 432, 0), .Dim = 3:2, .Dimnames = list(
            c("-1", "0", "1"), c("A", "G"))), N = 932), Majority = list(
        Freqs = structure(c(19, 562, 0, 0, 504, 0), .Dim = 3:2, .Dimnames = list(
            c("-1", "0", "1"), c("A", "G"))), N = 1085)), `2` = structure(c(13, 
    435, 0, 0, 394, 0), .Dim = 3:2, .Dimnames = list(c("-1", 
    "0", "1"), c("A", "G"))))))
