Results <-
list(`bwaOutput/20210421msiMNRsJenny/234543_S42.sam` = list(GM26_SNP1 = list(
    All = list(Freqs = structure(c(0L, 41L, 3422L, 18L, 0L, 8L, 
    1L, 11L, 2142L, 861L, 10L, 22L, 0L, 1L, 95L, 14L, 0L, 0L), .Dim = c(6L, 
    3L), .Dimnames = structure(list(c("-2", "-1", "0", "1", "2", 
    NA), c("A", "G", NA)), .Names = c("", "")), class = "table"), 
        N = 6646L), Tag.Distribution = structure(c(`1` = 186L, 
    `2` = 92L, `3` = 66L, `4` = 60L, `5` = 44L, `6` = 33L, `7` = 27L, 
    `8` = 26L, `9` = 23L, `10` = 20L, `11` = 18L, `12` = 15L, 
    `13` = 14L, `14` = 11L, `15` = 19L, `16` = 8L, `17` = 12L, 
    `18` = 8L, `19` = 14L, `20` = 7L, `21` = 9L, `22` = 7L, `23` = 4L, 
    `24` = 8L, `25` = 6L, `26` = 4L, `27` = 7L, `28` = 6L, `30` = 2L, 
    `31` = 1L, `32` = 5L, `33` = 2L, `34` = 3L, `35` = 3L, `36` = 1L, 
    `37` = 4L, `38` = 1L, `40` = 4L, `44` = 1L, `47` = 1L, `50` = 1L, 
    `52` = 2L, `54` = 1L, `59` = 1L, `66` = 1L), .Dim = 45L, .Dimnames = structure(list(
        c("1", "2", "3", "4", "5", "6", "7", "8", "9", "10", 
        "11", "12", "13", "14", "15", "16", "17", "18", "19", 
        "20", "21", "22", "23", "24", "25", "26", "27", "28", 
        "30", "31", "32", "33", "34", "35", "36", "37", "38", 
        "40", "44", "47", "50", "52", "54", "59", "66")), .Names = ""), class = "table"), 
    No.Tag = structure(c(0L, 1L, 84L, 0L, 0L, 1L, 0L, 1L, 45L, 
    26L, 0L, 1L, 0L, 0L, 7L, 1L, 0L, 0L), .Dim = c(6L, 3L), .Dimnames = structure(list(
        c("-2", "-1", "0", "1", "2", NA), c("A", "G", NA)), .Names = c("", 
    "")), class = "table"), All.Tags = list(Concordant = list(
        Freqs = structure(c(0, 2, 315, 0, 0, 0, 0, 246, 74, 0
        ), .Dim = c(5L, 2L), .Dimnames = list(c("-2", "-1", "0", 
        "1", "2"), c("A", "G"))), N = 637), Majority = list(Freqs = structure(c(0, 
    4, 375, 0, 0, 0, 0, 283, 104, 0), .Dim = c(5L, 2L), .Dimnames = list(
        c("-2", "-1", "0", "1", "2"), c("A", "G"))), N = 766)), 
    `2` = structure(c(0, 2, 285, 0, 0, 0, 0, 215, 85, 0), .Dim = c(5L, 
    2L), .Dimnames = list(c("-2", "-1", "0", "1", "2"), c("A", 
    "G"))))))
