Results <-
list(`bwaOutput/20210421msiMNRsJenny/234543_S42.sam` = list(LR52_SNP1 = list(
    All = list(Freqs = structure(c(0L, 0L, 0L, 0L, 1L, 0L, 0L, 
    5L, 54L, 987L, 258L, 1767L, 18L, 40L, 2L, 3L, 222L, 1041L, 
    2213L, 14L, 54L, 0L, 0L, 19L, 24L, 560L, 4L, 0L), .Dim = c(7L, 
    4L), .Dimnames = structure(list(c("-4", "-3", "-2", "-1", 
    "0", "1", NA), c("A", "C", "T", NA)), .Names = c("", "")), class = "table"), 
        N = 7286L), Tag.Distribution = structure(c(`1` = 168L, 
    `2` = 84L, `3` = 64L, `4` = 64L, `5` = 44L, `6` = 31L, `7` = 30L, 
    `8` = 41L, `9` = 28L, `10` = 24L, `11` = 20L, `12` = 12L, 
    `13` = 22L, `14` = 22L, `15` = 9L, `16` = 13L, `17` = 13L, 
    `18` = 11L, `19` = 11L, `20` = 8L, `21` = 12L, `22` = 7L, 
    `23` = 6L, `24` = 6L, `25` = 10L, `26` = 8L, `27` = 3L, `28` = 6L, 
    `29` = 3L, `30` = 6L, `31` = 4L, `32` = 4L, `33` = 3L, `34` = 1L, 
    `35` = 2L, `36` = 2L, `37` = 1L, `38` = 2L, `39` = 2L, `43` = 1L, 
    `44` = 1L, `45` = 1L, `46` = 1L, `47` = 1L, `58` = 2L, `67` = 1L
    ), .Dim = 46L, .Dimnames = structure(list(c("1", "2", "3", 
    "4", "5", "6", "7", "8", "9", "10", "11", "12", "13", "14", 
    "15", "16", "17", "18", "19", "20", "21", "22", "23", "24", 
    "25", "26", "27", "28", "29", "30", "31", "32", "33", "34", 
    "35", "36", "37", "38", "39", "43", "44", "45", "46", "47", 
    "58", "67")), .Names = ""), class = "table"), No.Tag = structure(c(0L, 
    0L, 0L, 0L, 0L, 0L, 0L, 0L, 1L, 26L, 9L, 42L, 1L, 1L, 0L, 
    0L, 3L, 11L, 73L, 1L, 4L, 0L, 0L, 0L, 2L, 15L, 0L, 0L), .Dim = c(7L, 
    4L), .Dimnames = structure(list(c("-4", "-3", "-2", "-1", 
    "0", "1", NA), c("A", "C", "T", NA)), .Names = c("", "")), class = "table"), 
    All.Tags = list(Concordant = list(Freqs = structure(c(0, 
    0, 0, 0, 0, 0, 0, 6, 83, 4, 131, 1, 0, 0, 15, 56, 154, 1), .Dim = c(6L, 
    3L), .Dimnames = list(c("-4", "-3", "-2", "-1", "0", "1"), 
        c("A", "C", "T"))), N = 451), Majority = list(Freqs = structure(c(0, 
    0, 0, 0, 0, 0, 0, 6, 114, 8, 239, 1, 0, 0, 20, 98, 260, 1
    ), .Dim = c(6L, 3L), .Dimnames = list(c("-4", "-3", "-2", 
    "-1", "0", "1"), c("A", "C", "T"))), N = 747)), `2` = structure(c(0, 
    0, 0, 0, 0, 0, 0, 4, 100, 5, 201, 0, 0, 0, 11, 77, 219, 0
    ), .Dim = c(6L, 3L), .Dimnames = list(c("-4", "-3", "-2", 
    "-1", "0", "1"), c("A", "C", "T"))))))
