Results <-
list(`bwaOutput/20210421msiMNRsJenny/234543_S42.sam` = list(GM17_SNP1 = list(
    All = list(Freqs = structure(c(2L, 133L, 6004L, 19L, 6L, 
    0L, 1L, 13L, 1L, 0L, 0L, 1L, 217L, 2L, 0L), .Dim = c(5L, 
    3L), .Dimnames = structure(list(c("-2", "-1", "0", "1", NA
    ), c("C", "T", NA)), .Names = c("", "")), class = "table"), 
        N = 6399L), Tag.Distribution = structure(c(`1` = 218L, 
    `2` = 72L, `3` = 64L, `4` = 46L, `5` = 38L, `6` = 47L, `7` = 22L, 
    `8` = 34L, `9` = 12L, `10` = 20L, `11` = 18L, `12` = 17L, 
    `13` = 12L, `14` = 14L, `15` = 14L, `16` = 9L, `17` = 14L, 
    `18` = 9L, `19` = 12L, `20` = 9L, `21` = 3L, `22` = 4L, `23` = 5L, 
    `24` = 4L, `25` = 4L, `26` = 6L, `27` = 10L, `28` = 1L, `29` = 5L, 
    `30` = 4L, `31` = 4L, `32` = 1L, `33` = 3L, `34` = 4L, `35` = 5L, 
    `36` = 2L, `38` = 3L, `39` = 1L, `40` = 1L, `41` = 1L, `43` = 2L, 
    `44` = 2L, `45` = 1L, `46` = 1L, `61` = 1L), .Dim = 45L, .Dimnames = structure(list(
        c("1", "2", "3", "4", "5", "6", "7", "8", "9", "10", 
        "11", "12", "13", "14", "15", "16", "17", "18", "19", 
        "20", "21", "22", "23", "24", "25", "26", "27", "28", 
        "29", "30", "31", "32", "33", "34", "35", "36", "38", 
        "39", "40", "41", "43", "44", "45", "46", "61")), .Names = ""), class = "table"), 
    No.Tag = structure(c(1L, 3L, 146L, 0L, 1L, 0L, 0L, 0L, 0L, 
    0L, 0L, 0L, 9L, 0L, 0L), .Dim = c(5L, 3L), .Dimnames = structure(list(
        c("-2", "-1", "0", "1", NA), c("C", "T", NA)), .Names = c("", 
    "")), class = "table"), All.Tags = list(Concordant = list(
        Freqs = structure(c(0, 9, 657, 0, 0, 1, 10, 1), .Dim = c(4L, 
        2L), .Dimnames = list(c("-2", "-1", "0", "1"), c("C", 
        "T"))), N = 678), Majority = list(Freqs = structure(c(0, 
    9, 738, 0, 0, 1, 10, 1), .Dim = c(4L, 2L), .Dimnames = list(
        c("-2", "-1", "0", "1"), c("C", "T"))), N = 759)), `2` = structure(c(0, 
    4, 554, 0, 0, 0, 0, 0), .Dim = c(4L, 2L), .Dimnames = list(
        c("-2", "-1", "0", "1"), c("C", "T"))))))
