Results <-
list(`bwaOutput/20210421msiMNRsJenny/234543_S42.sam` = list(LR46_SNP1 = list(
    All = list(Freqs = structure(c(0L, 1L, 0L, 0L, 0L, 1L, 0L, 
    0L, 44L, 3691L, 11L, 12L, 20L, 3357L, 10L, 16L, 0L, 59L, 
    0L, 0L), .Dim = 4:5, .Dimnames = structure(list(c("-1", "0", 
    "1", NA), c("-", "A", "G", "T", NA)), .Names = c("", "")), class = "table"), 
        N = 7222L), Tag.Distribution = structure(c(`1` = 220L, 
    `2` = 77L, `3` = 47L, `4` = 64L, `5` = 35L, `6` = 34L, `7` = 27L, 
    `8` = 24L, `9` = 31L, `10` = 16L, `11` = 16L, `12` = 24L, 
    `13` = 8L, `14` = 19L, `15` = 18L, `16` = 13L, `17` = 9L, 
    `18` = 9L, `19` = 10L, `20` = 9L, `21` = 3L, `22` = 6L, `23` = 15L, 
    `24` = 8L, `25` = 5L, `26` = 5L, `27` = 6L, `28` = 5L, `29` = 7L, 
    `30` = 3L, `31` = 3L, `32` = 2L, `33` = 2L, `34` = 2L, `35` = 1L, 
    `36` = 1L, `37` = 3L, `38` = 3L, `39` = 2L, `40` = 3L, `41` = 2L, 
    `43` = 2L, `44` = 2L, `47` = 1L, `55` = 1L, `57` = 1L, `58` = 2L, 
    `72` = 1L, `74` = 1L), .Dim = 49L, .Dimnames = structure(list(
        c("1", "2", "3", "4", "5", "6", "7", "8", "9", "10", 
        "11", "12", "13", "14", "15", "16", "17", "18", "19", 
        "20", "21", "22", "23", "24", "25", "26", "27", "28", 
        "29", "30", "31", "32", "33", "34", "35", "36", "37", 
        "38", "39", "40", "41", "43", "44", "47", "55", "57", 
        "58", "72", "74")), .Names = ""), class = "table"), No.Tag = structure(c(0L, 
    0L, 0L, 0L, 0L, 0L, 0L, 0L, 0L, 129L, 0L, 0L, 1L, 76L, 0L, 
    1L, 0L, 4L, 0L, 0L), .Dim = 4:5, .Dimnames = structure(list(
        c("-1", "0", "1", NA), c("-", "A", "G", "T", NA)), .Names = c("", 
    "")), class = "table"), All.Tags = list(Concordant = list(
        Freqs = structure(c(0, 0, 0, 0, 0, 0, 2, 353, 0, 0, 340, 
        0), .Dim = 3:4, .Dimnames = list(c("-1", "0", "1"), c("-", 
        "A", "G", "T"))), N = 695), Majority = list(Freqs = structure(c(0, 
    0, 0, 0, 0, 0, 2, 399, 0, 0, 386, 0), .Dim = 3:4, .Dimnames = list(
        c("-1", "0", "1"), c("-", "A", "G", "T"))), N = 787)), 
    `2` = structure(c(0, 0, 0, 0, 0, 0, 1, 291, 0, 0, 290, 0), .Dim = 3:4, .Dimnames = list(
        c("-1", "0", "1"), c("-", "A", "G", "T"))))))
