Results <-
list(`bwaOutput/20210421msiMNRsJenny/234543_S42.sam` = list(LR11_SNP1 = list(
    All = list(Freqs = structure(c(0L, 0L, 1L, 0L, 0L, 0L, 1L, 
    108L, 3497L, 35L, 0L, 11L, 27L, 296L, 2244L, 16L, 1L, 8L, 
    2L, 16L, 146L, 1L, 0L, 0L), .Dim = c(6L, 4L), .Dimnames = structure(list(
        c("-2", "-1", "0", "1", "2", NA), c("-", "A", "C", NA
        )), .Names = c("", "")), class = "table"), N = 6410L), 
    Tag.Distribution = structure(c(`1` = 248L, `2` = 100L, `3` = 82L, 
    `4` = 58L, `5` = 50L, `6` = 34L, `7` = 30L, `8` = 26L, `9` = 22L, 
    `10` = 25L, `11` = 16L, `12` = 22L, `13` = 9L, `14` = 16L, 
    `15` = 19L, `16` = 10L, `17` = 9L, `18` = 12L, `19` = 12L, 
    `20` = 10L, `21` = 11L, `22` = 7L, `23` = 3L, `25` = 3L, 
    `26` = 7L, `27` = 6L, `28` = 2L, `29` = 6L, `30` = 4L, `31` = 2L, 
    `32` = 3L, `33` = 4L, `34` = 3L, `35` = 2L, `36` = 1L, `37` = 1L, 
    `38` = 2L, `44` = 1L, `50` = 1L, `54` = 1L, `61` = 1L), .Dim = 41L, .Dimnames = structure(list(
        c("1", "2", "3", "4", "5", "6", "7", "8", "9", "10", 
        "11", "12", "13", "14", "15", "16", "17", "18", "19", 
        "20", "21", "22", "23", "25", "26", "27", "28", "29", 
        "30", "31", "32", "33", "34", "35", "36", "37", "38", 
        "44", "50", "54", "61")), .Names = ""), class = "table"), 
    No.Tag = structure(c(0L, 0L, 0L, 0L, 0L, 0L, 0L, 2L, 58L, 
    1L, 0L, 0L, 0L, 4L, 31L, 1L, 0L, 0L, 0L, 0L, 1L, 0L, 0L, 
    0L), .Dim = c(6L, 4L), .Dimnames = structure(list(c("-2", 
    "-1", "0", "1", "2", NA), c("-", "A", "C", NA)), .Names = c("", 
    "")), class = "table"), All.Tags = list(Concordant = list(
        Freqs = structure(c(0, 0, 0, 0, 0, 0, 6, 384, 0, 0, 2, 
        32, 259, 0, 0), .Dim = c(5L, 3L), .Dimnames = list(c("-2", 
        "-1", "0", "1", "2"), c("-", "A", "C"))), N = 683), Majority = list(
        Freqs = structure(c(0, 0, 0, 0, 0, 0, 7, 470, 1, 0, 3, 
        37, 323, 0, 0), .Dim = c(5L, 3L), .Dimnames = list(c("-2", 
        "-1", "0", "1", "2"), c("-", "A", "C"))), N = 841)), 
    `2` = structure(c(0, 0, 0, 0, 0, 0, 3, 354, 1, 0, 2, 28, 
    229, 0, 0), .Dim = c(5L, 3L), .Dimnames = list(c("-2", "-1", 
    "0", "1", "2"), c("-", "A", "C"))))))
