Results <-
list(`bwaOutput/20210421msiMNRsJenny/237780_S10.sam` = list(GM29_SNP1 = list(
    All = list(Freqs = structure(c(1L, 1L, 57L, 3384L, 14L, 0L, 
    5L, 0L, 1L, 430L, 3102L, 12L, 1L, 8L, 0L, 0L, 0L, 1L, 0L, 
    0L, 0L, 0L, 0L, 5L, 78L, 0L, 0L, 0L), .Dim = c(7L, 4L), .Dimnames = structure(list(
        c("-3", "-2", "-1", "0", "1", "2", NA), c("A", "G", "T", 
        NA)), .Names = c("", "")), class = "table"), N = 7100L), 
    Tag.Distribution = structure(c(`1` = 125L, `2` = 52L, `3` = 45L, 
    `4` = 42L, `5` = 43L, `6` = 37L, `7` = 27L, `8` = 18L, `9` = 25L, 
    `10` = 14L, `11` = 18L, `12` = 18L, `13` = 21L, `14` = 11L, 
    `15` = 9L, `16` = 9L, `17` = 8L, `18` = 16L, `19` = 7L, `20` = 13L, 
    `21` = 6L, `22` = 8L, `23` = 6L, `24` = 14L, `25` = 2L, `26` = 6L, 
    `27` = 4L, `28` = 6L, `29` = 7L, `30` = 5L, `31` = 4L, `32` = 2L, 
    `34` = 3L, `35` = 2L, `37` = 1L, `38` = 3L, `39` = 2L, `40` = 3L, 
    `41` = 2L, `42` = 1L, `43` = 1L, `45` = 2L, `46` = 1L, `48` = 2L, 
    `50` = 2L, `51` = 2L, `53` = 1L, `54` = 1L, `55` = 1L, `57` = 1L, 
    `65` = 1L), .Dim = 51L, .Dimnames = structure(list(c("1", 
    "2", "3", "4", "5", "6", "7", "8", "9", "10", "11", "12", 
    "13", "14", "15", "16", "17", "18", "19", "20", "21", "22", 
    "23", "24", "25", "26", "27", "28", "29", "30", "31", "32", 
    "34", "35", "37", "38", "39", "40", "41", "42", "43", "45", 
    "46", "48", "50", "51", "53", "54", "55", "57", "65")), .Names = ""), class = "table"), 
    No.Tag = structure(c(0L, 0L, 1L, 114L, 0L, 0L, 0L, 0L, 0L, 
    9L, 159L, 1L, 0L, 2L, 0L, 0L, 0L, 0L, 0L, 0L, 0L, 0L, 0L, 
    0L, 5L, 0L, 0L, 0L), .Dim = c(7L, 4L), .Dimnames = structure(list(
        c("-3", "-2", "-1", "0", "1", "2", NA), c("A", "G", "T", 
        NA)), .Names = c("", "")), class = "table"), All.Tags = list(
        Concordant = list(Freqs = structure(c(0, 0, 1, 257, 0, 
        0, 0, 0, 26, 197, 0, 0, 0, 0, 0, 0, 0, 0), .Dim = c(6L, 
        3L), .Dimnames = list(c("-3", "-2", "-1", "0", "1", "2"
        ), c("A", "G", "T"))), N = 481), Majority = list(Freqs = structure(c(0, 
        0, 1, 341, 0, 0, 0, 0, 36, 262, 0, 0, 0, 0, 0, 0, 0, 
        0), .Dim = c(6L, 3L), .Dimnames = list(c("-3", "-2", 
        "-1", "0", "1", "2"), c("A", "G", "T"))), N = 640)), 
    `2` = structure(c(0, 0, 0, 278, 0, 0, 0, 0, 32, 219, 0, 0, 
    0, 0, 0, 0, 0, 0), .Dim = c(6L, 3L), .Dimnames = list(c("-3", 
    "-2", "-1", "0", "1", "2"), c("A", "G", "T"))))))
