Results <-
list(`bwaOutput/20210421msiMNRsJenny/237780_S10.sam` = list(LR11_SNP1 = list(
    All = list(Freqs = structure(c(0L, 0L, 9L, 0L, 0L, 0L, 16L, 
    307L, 10367L, 71L, 3L, 38L, 0L, 0L, 1L, 0L, 0L, 0L, 0L, 0L, 
    2L, 0L, 0L, 0L, 0L, 9L, 422L, 5L, 0L, 0L), .Dim = 6:5, .Dimnames = structure(list(
        c("-2", "-1", "0", "1", "2", NA), c("A", "C", "G", "T", 
        NA)), .Names = c("", "")), class = "table"), N = 11250L), 
    Tag.Distribution = structure(c(`1` = 206L, `2` = 91L, `3` = 63L, 
    `4` = 57L, `5` = 57L, `6` = 39L, `7` = 35L, `8` = 35L, `9` = 40L, 
    `10` = 33L, `11` = 43L, `12` = 27L, `13` = 17L, `14` = 25L, 
    `15` = 26L, `16` = 23L, `17` = 16L, `18` = 20L, `19` = 20L, 
    `20` = 14L, `21` = 10L, `22` = 18L, `23` = 12L, `24` = 13L, 
    `25` = 14L, `26` = 16L, `27` = 8L, `28` = 6L, `29` = 12L, 
    `30` = 7L, `31` = 8L, `32` = 3L, `33` = 6L, `34` = 4L, `35` = 5L, 
    `36` = 8L, `37` = 3L, `38` = 2L, `40` = 1L, `41` = 3L, `42` = 3L, 
    `43` = 2L, `45` = 1L, `46` = 1L, `52` = 3L, `59` = 1L, `61` = 1L, 
    `65` = 1L, `67` = 1L), .Dim = 49L, .Dimnames = structure(list(
        c("1", "2", "3", "4", "5", "6", "7", "8", "9", "10", 
        "11", "12", "13", "14", "15", "16", "17", "18", "19", 
        "20", "21", "22", "23", "24", "25", "26", "27", "28", 
        "29", "30", "31", "32", "33", "34", "35", "36", "37", 
        "38", "40", "41", "42", "43", "45", "46", "52", "59", 
        "61", "65", "67")), .Names = ""), class = "table"), No.Tag = structure(c(0L, 
    0L, 0L, 0L, 0L, 0L, 0L, 3L, 172L, 1L, 0L, 1L, 0L, 0L, 0L, 
    0L, 0L, 0L, 0L, 0L, 0L, 0L, 0L, 0L, 0L, 0L, 12L, 0L, 0L, 
    0L), .Dim = 6:5, .Dimnames = structure(list(c("-2", "-1", 
    "0", "1", "2", NA), c("A", "C", "G", "T", NA)), .Names = c("", 
    "")), class = "table"), All.Tags = list(Concordant = list(
        Freqs = structure(c(0, 0, 1, 0, 0, 1, 9, 797, 1, 0, 0, 
        0, 0, 0, 0, 0, 0, 0, 0, 0), .Dim = 5:4, .Dimnames = list(
            c("-2", "-1", "0", "1", "2"), c("A", "C", "G", "T"
            ))), N = 809), Majority = list(Freqs = structure(c(0, 
    0, 1, 0, 0, 1, 10, 1014, 1, 0, 0, 0, 0, 0, 0, 0, 0, 0, 0, 
    0), .Dim = 5:4, .Dimnames = list(c("-2", "-1", "0", "1", 
    "2"), c("A", "C", "G", "T"))), N = 1027)), `2` = structure(c(0, 
    0, 0, 0, 0, 1, 6, 836, 1, 0, 0, 0, 0, 0, 0, 0, 0, 0, 0, 0
    ), .Dim = 5:4, .Dimnames = list(c("-2", "-1", "0", "1", "2"
    ), c("A", "C", "G", "T"))))))
