Results <-
list(`bwaOutput/20210421msiMNRsJenny/237780_S10.sam` = list(GM07_SNP1 = list(
    All = list(Freqs = structure(c(0L, 0L, 2L, 0L, 0L, 0L, 14L, 
    733L, 4413L, 133L, 5L, 100L, 0L, 1L, 1L, 0L, 0L, 0L, 0L, 
    0L, 2L, 0L, 0L, 0L, 0L, 4L, 71L, 6L, 0L, 0L), .Dim = 6:5, .Dimnames = structure(list(
        c("-2", "-1", "0", "1", "2", NA), c("-", "A", "G", "T", 
        NA)), .Names = c("", "")), class = "table"), N = 5485L), 
    Tag.Distribution = structure(c(`1` = 139L, `2` = 43L, `3` = 47L, 
    `4` = 32L, `5` = 38L, `6` = 29L, `7` = 22L, `8` = 14L, `9` = 16L, 
    `10` = 15L, `11` = 16L, `12` = 12L, `13` = 11L, `14` = 12L, 
    `15` = 5L, `16` = 9L, `17` = 11L, `18` = 8L, `19` = 4L, `20` = 11L, 
    `21` = 10L, `22` = 3L, `23` = 5L, `24` = 4L, `25` = 1L, `26` = 7L, 
    `27` = 8L, `28` = 3L, `29` = 4L, `30` = 4L, `31` = 2L, `34` = 2L, 
    `35` = 1L, `37` = 3L, `38` = 1L, `39` = 1L, `40` = 3L, `41` = 4L, 
    `42` = 1L, `43` = 1L, `44` = 1L, `45` = 2L, `47` = 1L, `52` = 3L, 
    `54` = 1L), .Dim = 45L, .Dimnames = structure(list(c("1", 
    "2", "3", "4", "5", "6", "7", "8", "9", "10", "11", "12", 
    "13", "14", "15", "16", "17", "18", "19", "20", "21", "22", 
    "23", "24", "25", "26", "27", "28", "29", "30", "31", "34", 
    "35", "37", "38", "39", "40", "41", "42", "43", "44", "45", 
    "47", "52", "54")), .Names = ""), class = "table"), No.Tag = structure(c(0L, 
    0L, 0L, 0L, 0L, 0L, 0L, 13L, 202L, 8L, 0L, 18L, 0L, 0L, 0L, 
    0L, 0L, 0L, 0L, 0L, 0L, 0L, 0L, 0L, 0L, 1L, 4L, 1L, 0L, 0L
    ), .Dim = 6:5, .Dimnames = structure(list(c("-2", "-1", "0", 
    "1", "2", NA), c("-", "A", "G", "T", NA)), .Names = c("", 
    "")), class = "table"), All.Tags = list(Concordant = list(
        Freqs = structure(c(0, 0, 0, 0, 0, 1, 44, 314, 2, 0, 
        0, 1, 0, 0, 0, 0, 0, 0, 0, 0), .Dim = 5:4, .Dimnames = list(
            c("-2", "-1", "0", "1", "2"), c("-", "A", "G", "T"
            ))), N = 362), Majority = list(Freqs = structure(c(0, 
    0, 0, 0, 0, 1, 63, 478, 4, 0, 0, 1, 0, 0, 0, 0, 0, 0, 0, 
    0), .Dim = 5:4, .Dimnames = list(c("-2", "-1", "0", "1", 
    "2"), c("-", "A", "G", "T"))), N = 547)), `2` = structure(c(0, 
    0, 0, 0, 0, 0, 44, 378, 3, 0, 0, 0, 0, 0, 0, 0, 0, 0, 0, 
    0), .Dim = 5:4, .Dimnames = list(c("-2", "-1", "0", "1", 
    "2"), c("-", "A", "G", "T"))))))
