Results <-
list(`bwaOutput/20210421msiMNRsJenny/237780_S10.sam` = list(GM22_SNP1 = list(
    All = list(Freqs = structure(c(1L, 92L, 5163L, 20L, 7L, 0L, 
    73L, 4312L, 20L, 9L, 0L, 0L, 1L, 0L, 0L, 0L, 4L, 196L, 0L, 
    0L), .Dim = 5:4, .Dimnames = structure(list(c("-2", "-1", 
    "0", "1", NA), c("A", "G", "T", NA)), .Names = c("", "")), class = "table"), 
        N = 9898L), Tag.Distribution = structure(c(`1` = 222L, 
    `2` = 59L, `3` = 53L, `4` = 59L, `5` = 36L, `6` = 28L, `7` = 43L, 
    `8` = 27L, `9` = 42L, `10` = 34L, `11` = 38L, `12` = 21L, 
    `13` = 21L, `14` = 16L, `15` = 27L, `16` = 18L, `17` = 17L, 
    `18` = 14L, `19` = 16L, `20` = 15L, `21` = 11L, `22` = 11L, 
    `23` = 5L, `24` = 10L, `25` = 6L, `26` = 6L, `27` = 4L, `28` = 12L, 
    `29` = 2L, `30` = 10L, `31` = 6L, `32` = 5L, `33` = 7L, `34` = 4L, 
    `35` = 1L, `36` = 3L, `37` = 2L, `38` = 2L, `39` = 4L, `40` = 3L, 
    `41` = 2L, `42` = 2L, `44` = 3L, `45` = 4L, `46` = 2L, `47` = 2L, 
    `48` = 1L, `50` = 1L, `53` = 1L, `80` = 1L), .Dim = 50L, .Dimnames = structure(list(
        c("1", "2", "3", "4", "5", "6", "7", "8", "9", "10", 
        "11", "12", "13", "14", "15", "16", "17", "18", "19", 
        "20", "21", "22", "23", "24", "25", "26", "27", "28", 
        "29", "30", "31", "32", "33", "34", "35", "36", "37", 
        "38", "39", "40", "41", "42", "44", "45", "46", "47", 
        "48", "50", "53", "80")), .Names = ""), class = "table"), 
    No.Tag = structure(c(0L, 2L, 214L, 0L, 2L, 0L, 7L, 216L, 
    0L, 1L, 0L, 0L, 0L, 0L, 0L, 0L, 0L, 20L, 0L, 0L), .Dim = 5:4, .Dimnames = structure(list(
        c("-2", "-1", "0", "1", NA), c("A", "G", "T", NA)), .Names = c("", 
    "")), class = "table"), All.Tags = list(Concordant = list(
        Freqs = structure(c(0, 4, 402, 1, 0, 2, 357, 0, 0, 0, 
        0, 0), .Dim = 4:3, .Dimnames = list(c("-2", "-1", "0", 
        "1"), c("A", "G", "T"))), N = 766), Majority = list(Freqs = structure(c(0, 
    4, 487, 1, 0, 2, 427, 0, 0, 0, 0, 0), .Dim = 4:3, .Dimnames = list(
        c("-2", "-1", "0", "1"), c("A", "G", "T"))), N = 921)), 
    `2` = structure(c(0, 2, 363, 0, 0, 2, 347, 0, 0, 0, 0, 0), .Dim = 4:3, .Dimnames = list(
        c("-2", "-1", "0", "1"), c("A", "G", "T"))))))
