Results <-
list(`bwaOutput/20210421msiMNRsJenny/237780_S10.sam` = list(GM01_SNP1 = list(
    All = list(Freqs = structure(c(0L, 1L, 46L, 0L, 0L, 0L, 0L, 
    1L, 0L, 0L, 1L, 154L, 11925L, 48L, 15L, 1L, 3L, 234L, 1L, 
    0L), .Dim = 5:4, .Dimnames = structure(list(c("-2", "-1", 
    "0", "1", NA), c("A", "C", "G", NA)), .Names = c("", "")), class = "table"), 
        N = 12430L), Tag.Distribution = structure(c(`1` = 214L, 
    `2` = 83L, `3` = 78L, `4` = 56L, `5` = 53L, `6` = 44L, `7` = 54L, 
    `8` = 47L, `9` = 45L, `10` = 24L, `11` = 39L, `12` = 46L, 
    `13` = 23L, `14` = 23L, `15` = 28L, `16` = 24L, `17` = 23L, 
    `18` = 11L, `19` = 12L, `20` = 21L, `21` = 20L, `22` = 19L, 
    `23` = 16L, `24` = 9L, `25` = 9L, `26` = 9L, `27` = 7L, `28` = 13L, 
    `29` = 10L, `30` = 14L, `31` = 5L, `32` = 10L, `33` = 5L, 
    `34` = 6L, `35` = 5L, `36` = 3L, `37` = 2L, `38` = 3L, `39` = 3L, 
    `40` = 5L, `41` = 1L, `42` = 4L, `43` = 4L, `44` = 1L, `45` = 3L, 
    `46` = 1L, `48` = 2L, `52` = 2L, `55` = 1L, `77` = 1L), .Dim = 50L, .Dimnames = structure(list(
        c("1", "2", "3", "4", "5", "6", "7", "8", "9", "10", 
        "11", "12", "13", "14", "15", "16", "17", "18", "19", 
        "20", "21", "22", "23", "24", "25", "26", "27", "28", 
        "29", "30", "31", "32", "33", "34", "35", "36", "37", 
        "38", "39", "40", "41", "42", "43", "44", "45", "46", 
        "48", "52", "55", "77")), .Names = ""), class = "table"), 
    No.Tag = structure(c(0L, 0L, 3L, 0L, 0L, 0L, 0L, 0L, 0L, 
    0L, 0L, 6L, 276L, 1L, 1L, 0L, 0L, 20L, 0L, 0L), .Dim = 5:4, .Dimnames = structure(list(
        c("-2", "-1", "0", "1", NA), c("A", "C", "G", NA)), .Names = c("", 
    "")), class = "table"), All.Tags = list(Concordant = list(
        Freqs = structure(c(0, 1, 16, 0, 0, 0, 0, 0, 0, 3, 943, 
        0), .Dim = 4:3, .Dimnames = list(c("-2", "-1", "0", "1"
        ), c("A", "C", "G"))), N = 963), Majority = list(Freqs = structure(c(0, 
    1, 16, 0, 0, 0, 0, 0, 0, 5, 1087, 1), .Dim = 4:3, .Dimnames = list(
        c("-2", "-1", "0", "1"), c("A", "C", "G"))), N = 1110)), 
    `2` = structure(c(0, 0, 1, 0, 0, 0, 0, 0, 0, 2, 914, 1), .Dim = 4:3, .Dimnames = list(
        c("-2", "-1", "0", "1"), c("A", "C", "G"))))))
