Results <-
list(`bwaOutput/20210421msiMNRsJenny/237780_S10.sam` = list(LR24_SNP1 = list(
    All = list(Freqs = structure(c(0L, 0L, 1L, 0L, 0L, 0L, 2L, 
    21L, 0L, 0L, 2L, 140L, 10035L, 28L, 6L, 0L, 0L, 86L, 1L, 
    0L), .Dim = 5:4, .Dimnames = structure(list(c("-2", "-1", 
    "0", "1", NA), c("-", "A", "G", NA)), .Names = c("", "")), class = "table"), 
        N = 10322L), Tag.Distribution = structure(c(`1` = 280L, 
    `2` = 126L, `3` = 116L, `4` = 90L, `5` = 89L, `6` = 67L, 
    `7` = 59L, `8` = 54L, `9` = 40L, `10` = 50L, `11` = 47L, 
    `12` = 40L, `13` = 28L, `14` = 27L, `15` = 23L, `16` = 24L, 
    `17` = 19L, `18` = 32L, `19` = 15L, `20` = 9L, `21` = 7L, 
    `22` = 6L, `23` = 12L, `24` = 2L, `25` = 6L, `26` = 5L, `27` = 4L, 
    `28` = 2L, `29` = 5L, `30` = 4L, `31` = 1L, `32` = 2L, `33` = 1L, 
    `34` = 3L, `36` = 1L, `37` = 1L, `38` = 3L, `39` = 1L, `41` = 1L, 
    `42` = 2L, `43` = 2L, `44` = 1L, `49` = 1L, `51` = 2L, `63` = 1L, 
    `65` = 1L), .Dim = 46L, .Dimnames = structure(list(c("1", 
    "2", "3", "4", "5", "6", "7", "8", "9", "10", "11", "12", 
    "13", "14", "15", "16", "17", "18", "19", "20", "21", "22", 
    "23", "24", "25", "26", "27", "28", "29", "30", "31", "32", 
    "33", "34", "36", "37", "38", "39", "41", "42", "43", "44", 
    "49", "51", "63", "65")), .Names = ""), class = "table"), 
    No.Tag = structure(c(0L, 0L, 0L, 0L, 0L, 0L, 0L, 2L, 0L, 
    0L, 0L, 8L, 371L, 1L, 0L, 0L, 0L, 14L, 0L, 0L), .Dim = 5:4, .Dimnames = structure(list(
        c("-2", "-1", "0", "1", NA), c("-", "A", "G", NA)), .Names = c("", 
    "")), class = "table"), All.Tags = list(Concordant = list(
        Freqs = structure(c(0, 0, 0, 0, 0, 1, 7, 0, 0, 9, 1208, 
        1), .Dim = 4:3, .Dimnames = list(c("-2", "-1", "0", "1"
        ), c("-", "A", "G"))), N = 1226), Majority = list(Freqs = structure(c(0, 
    0, 0, 0, 0, 1, 8, 0, 0, 11, 1278, 1), .Dim = 4:3, .Dimnames = list(
        c("-2", "-1", "0", "1"), c("-", "A", "G"))), N = 1299)), 
    `2` = structure(c(0, 0, 0, 0, 0, 0, 3, 0, 0, 5, 1023, 0), .Dim = 4:3, .Dimnames = list(
        c("-2", "-1", "0", "1"), c("-", "A", "G"))))))
