Results <-
list(`bwaOutput/20210421msiMNRsJenny/237780_S10.sam` = list(GM17_SNP1 = list(
    All = list(Freqs = structure(c(53L, 4114L, 15L, 2L, 482L, 
    3265L, 9L, 16L, 2L, 249L, 0L, 0L), .Dim = 4:3, .Dimnames = structure(list(
        c("-1", "0", "1", NA), c("C", "T", NA)), .Names = c("", 
    "")), class = "table"), N = 8207L), Tag.Distribution = structure(c(`1` = 186L, 
    `2` = 53L, `3` = 32L, `4` = 33L, `5` = 29L, `6` = 38L, `7` = 24L, 
    `8` = 30L, `9` = 28L, `10` = 21L, `11` = 21L, `12` = 19L, 
    `13` = 35L, `14` = 21L, `15` = 11L, `16` = 12L, `17` = 8L, 
    `18` = 16L, `19` = 7L, `20` = 15L, `21` = 8L, `22` = 10L, 
    `23` = 8L, `24` = 5L, `25` = 8L, `26` = 7L, `27` = 3L, `28` = 5L, 
    `29` = 7L, `30` = 6L, `31` = 5L, `32` = 6L, `33` = 4L, `34` = 3L, 
    `35` = 6L, `36` = 5L, `37` = 1L, `38` = 1L, `39` = 2L, `40` = 2L, 
    `41` = 2L, `42` = 1L, `43` = 1L, `44` = 1L, `45` = 4L, `47` = 1L, 
    `48` = 1L, `49` = 1L, `50` = 3L, `52` = 2L, `56` = 1L, `59` = 1L
    ), .Dim = 52L, .Dimnames = structure(list(c("1", "2", "3", 
    "4", "5", "6", "7", "8", "9", "10", "11", "12", "13", "14", 
    "15", "16", "17", "18", "19", "20", "21", "22", "23", "24", 
    "25", "26", "27", "28", "29", "30", "31", "32", "33", "34", 
    "35", "36", "37", "38", "39", "40", "41", "42", "43", "44", 
    "45", "47", "48", "49", "50", "52", "56", "59")), .Names = ""), class = "table"), 
    No.Tag = structure(c(0L, 122L, 0L, 0L, 9L, 91L, 1L, 1L, 0L, 
    12L, 0L, 0L), .Dim = 4:3, .Dimnames = structure(list(c("-1", 
    "0", "1", NA), c("C", "T", NA)), .Names = c("", "")), class = "table"), 
    All.Tags = list(Concordant = list(Freqs = structure(c(3, 
    311, 0, 34, 258, 0), .Dim = 3:2, .Dimnames = list(c("-1", 
    "0", "1"), c("C", "T"))), N = 606), Majority = list(Freqs = structure(c(3, 
    384, 0, 41, 314, 0), .Dim = 3:2, .Dimnames = list(c("-1", 
    "0", "1"), c("C", "T"))), N = 742)), `2` = structure(c(1, 
    295, 0, 36, 235, 0), .Dim = 3:2, .Dimnames = list(c("-1", 
    "0", "1"), c("C", "T"))))))
