Results <-
list(`bwaOutput/20210421msiMNRsJenny/237780_S10.sam` = list(LR52_SNP1 = list(
    All = list(Freqs = structure(c(0L, 0L, 0L, 0L, 2L, 0L, 0L, 
    0L, 1L, 12L, 152L, 1071L, 3812L, 24L, 0L, 84L, 0L, 0L, 1L, 
    3L, 9L, 0L, 0L, 0L, 0L, 0L, 1L, 48L, 1052L, 4L, 1L, 0L), .Dim = c(8L, 
    4L), .Dimnames = structure(list(c("-4", "-3", "-2", "-1", 
    "0", "1", "3", NA), c("A", "C", "T", NA)), .Names = c("", 
    "")), class = "table"), N = 6277L), Tag.Distribution = structure(c(`1` = 103L, 
    `2` = 43L, `3` = 39L, `4` = 29L, `5` = 28L, `6` = 41L, `7` = 26L, 
    `8` = 20L, `9` = 29L, `10` = 14L, `11` = 25L, `12` = 18L, 
    `13` = 17L, `14` = 13L, `15` = 12L, `16` = 17L, `17` = 9L, 
    `18` = 13L, `19` = 13L, `20` = 12L, `21` = 13L, `22` = 9L, 
    `23` = 3L, `24` = 6L, `25` = 5L, `26` = 4L, `27` = 5L, `28` = 3L, 
    `29` = 3L, `30` = 1L, `31` = 2L, `32` = 4L, `33` = 5L, `34` = 2L, 
    `39` = 3L, `40` = 1L, `41` = 3L, `42` = 1L, `43` = 1L, `46` = 1L, 
    `47` = 2L, `48` = 1L, `57` = 1L, `60` = 1L), .Dim = 44L, .Dimnames = structure(list(
        c("1", "2", "3", "4", "5", "6", "7", "8", "9", "10", 
        "11", "12", "13", "14", "15", "16", "17", "18", "19", 
        "20", "21", "22", "23", "24", "25", "26", "27", "28", 
        "29", "30", "31", "32", "33", "34", "39", "40", "41", 
        "42", "43", "46", "47", "48", "57", "60")), .Names = ""), class = "table"), 
    No.Tag = structure(c(0L, 0L, 0L, 0L, 0L, 0L, 0L, 0L, 0L, 
    0L, 5L, 31L, 82L, 1L, 0L, 4L, 0L, 0L, 0L, 0L, 0L, 0L, 0L, 
    0L, 0L, 0L, 0L, 4L, 35L, 2L, 0L, 0L), .Dim = c(8L, 4L), .Dimnames = structure(list(
        c("-4", "-3", "-2", "-1", "0", "1", "3", NA), c("A", 
        "C", "T", NA)), .Names = c("", "")), class = "table"), 
    All.Tags = list(Concordant = list(Freqs = structure(c(0, 
    0, 0, 0, 0, 0, 0, 0, 0, 5, 50, 231, 0, 0, 0, 0, 1, 1, 1, 
    0, 0), .Dim = c(7L, 3L), .Dimnames = list(c("-4", "-3", "-2", 
    "-1", "0", "1", "3"), c("A", "C", "T"))), N = 289), Majority = list(
        Freqs = structure(c(0, 0, 0, 0, 0, 0, 0, 0, 0, 7, 89, 
        454, 0, 0, 0, 0, 1, 1, 1, 0, 0), .Dim = c(7L, 3L), .Dimnames = list(
            c("-4", "-3", "-2", "-1", "0", "1", "3"), c("A", 
            "C", "T"))), N = 553)), `2` = structure(c(0, 0, 0, 
    0, 0, 0, 0, 0, 0, 6, 68, 405, 0, 0, 0, 0, 0, 0, 1, 0, 0), .Dim = c(7L, 
    3L), .Dimnames = list(c("-4", "-3", "-2", "-1", "0", "1", 
    "3"), c("A", "C", "T"))))))
