Results <-
list(`bwaOutput/20210421msiMNRsJenny/237780_S10.sam` = list(GM09_SNP1 = list(
    All = list(Freqs = structure(c(1L, 639L, 11876L, 30L, 14L, 
    0L, 0L, 17L, 0L, 0L, 0L, 1L, 2L, 0L, 0L, 0L, 4L, 78L, 0L, 
    0L), .Dim = 5:4, .Dimnames = structure(list(c("-2", "-1", 
    "0", "1", NA), c("A", "G", "T", NA)), .Names = c("", "")), class = "table"), 
        N = 12662L), Tag.Distribution = structure(c(`1` = 235L, 
    `2` = 105L, `3` = 65L, `4` = 54L, `5` = 73L, `6` = 49L, `7` = 60L, 
    `8` = 29L, `9` = 48L, `10` = 37L, `11` = 43L, `12` = 40L, 
    `13` = 42L, `14` = 24L, `15` = 26L, `16` = 28L, `17` = 24L, 
    `18` = 20L, `19` = 16L, `20` = 15L, `21` = 12L, `22` = 18L, 
    `23` = 12L, `24` = 10L, `25` = 5L, `26` = 7L, `27` = 9L, 
    `28` = 6L, `29` = 8L, `30` = 7L, `31` = 3L, `32` = 6L, `33` = 9L, 
    `34` = 7L, `35` = 6L, `36` = 4L, `37` = 6L, `38` = 3L, `39` = 1L, 
    `40` = 4L, `41` = 1L, `42` = 2L, `43` = 4L, `44` = 1L, `45` = 2L, 
    `46` = 1L, `47` = 2L, `49` = 3L, `54` = 1L, `58` = 1L, `59` = 1L, 
    `63` = 1L, `68` = 1L, `70` = 1L, `74` = 1L), .Dim = 55L, .Dimnames = structure(list(
        c("1", "2", "3", "4", "5", "6", "7", "8", "9", "10", 
        "11", "12", "13", "14", "15", "16", "17", "18", "19", 
        "20", "21", "22", "23", "24", "25", "26", "27", "28", 
        "29", "30", "31", "32", "33", "34", "35", "36", "37", 
        "38", "39", "40", "41", "42", "43", "44", "45", "46", 
        "47", "49", "54", "58", "59", "63", "68", "70", "74")), .Names = ""), class = "table"), 
    No.Tag = structure(c(0L, 5L, 431L, 0L, 4L, 0L, 0L, 2L, 0L, 
    0L, 0L, 0L, 1L, 0L, 0L, 0L, 0L, 8L, 0L, 0L), .Dim = 5:4, .Dimnames = structure(list(
        c("-2", "-1", "0", "1", NA), c("A", "G", "T", NA)), .Names = c("", 
    "")), class = "table"), All.Tags = list(Concordant = list(
        Freqs = structure(c(1, 49, 1035, 0, 0, 0, 9, 0, 0, 0, 
        0, 0), .Dim = 4:3, .Dimnames = list(c("-2", "-1", "0", 
        "1"), c("A", "G", "T"))), N = 1094), Majority = list(
        Freqs = structure(c(1, 64, 1109, 1, 0, 0, 9, 0, 0, 0, 
        0, 0), .Dim = 4:3, .Dimnames = list(c("-2", "-1", "0", 
        "1"), c("A", "G", "T"))), N = 1184)), `2` = structure(c(0, 
    53, 907, 1, 0, 0, 0, 0, 0, 0, 0, 0), .Dim = 4:3, .Dimnames = list(
        c("-2", "-1", "0", "1"), c("A", "G", "T"))))))
