Results <-
list(`bwaOutput/20210421msiMNRsJenny/237780_S10.sam` = list(LR17_SNP1 = list(
    All = list(Freqs = structure(c(0L, 0L, 1L, 0L, 0L, 0L, 0L, 
    2L, 1025L, 1293L, 12122L, 149L, 5L, 111L, 0L, 0L, 0L, 7L, 
    0L, 0L, 0L, 0L, 12L, 56L, 873L, 8L, 0L, 0L), .Dim = c(7L, 
    4L), .Dimnames = structure(list(c("-3", "-2", "-1", "0", 
    "1", "2", NA), c("-", "A", "G", NA)), .Names = c("", "")), class = "table"), 
        N = 15664L), Tag.Distribution = structure(c(`1` = 326L, 
    `2` = 80L, `3` = 56L, `4` = 65L, `5` = 33L, `6` = 47L, `7` = 40L, 
    `8` = 43L, `9` = 42L, `10` = 40L, `11` = 21L, `12` = 35L, 
    `13` = 41L, `14` = 24L, `15` = 29L, `16` = 29L, `17` = 23L, 
    `18` = 33L, `19` = 21L, `20` = 23L, `21` = 17L, `22` = 19L, 
    `23` = 12L, `24` = 24L, `25` = 19L, `26` = 11L, `27` = 10L, 
    `28` = 7L, `29` = 9L, `30` = 10L, `31` = 7L, `32` = 11L, 
    `33` = 8L, `34` = 10L, `35` = 10L, `36` = 6L, `37` = 9L, 
    `38` = 9L, `39` = 6L, `40` = 9L, `41` = 4L, `42` = 5L, `43` = 2L, 
    `44` = 3L, `45` = 5L, `46` = 1L, `47` = 2L, `48` = 1L, `51` = 1L, 
    `52` = 2L, `53` = 3L, `54` = 1L, `56` = 2L, `57` = 1L, `62` = 1L, 
    `63` = 1L, `80` = 1L), .Dim = 57L, .Dimnames = structure(list(
        c("1", "2", "3", "4", "5", "6", "7", "8", "9", "10", 
        "11", "12", "13", "14", "15", "16", "17", "18", "19", 
        "20", "21", "22", "23", "24", "25", "26", "27", "28", 
        "29", "30", "31", "32", "33", "34", "35", "36", "37", 
        "38", "39", "40", "41", "42", "43", "44", "45", "46", 
        "47", "48", "51", "52", "53", "54", "56", "57", "62", 
        "63", "80")), .Names = ""), class = "table"), No.Tag = structure(c(0L, 
    0L, 0L, 0L, 0L, 0L, 0L, 0L, 20L, 78L, 326L, 2L, 0L, 5L, 0L, 
    0L, 0L, 0L, 0L, 0L, 0L, 0L, 0L, 3L, 34L, 0L, 0L, 0L), .Dim = c(7L, 
    4L), .Dimnames = structure(list(c("-3", "-2", "-1", "0", 
    "1", "2", NA), c("-", "A", "G", NA)), .Names = c("", "")), class = "table"), 
    All.Tags = list(Concordant = list(Freqs = structure(c(0, 
    0, 0, 0, 0, 0, 0, 54, 46, 748, 4, 0, 0, 0, 0, 0, 0, 0), .Dim = c(6L, 
    3L), .Dimnames = list(c("-3", "-2", "-1", "0", "1", "2"), 
        c("-", "A", "G"))), N = 852), Majority = list(Freqs = structure(c(0, 
    0, 0, 0, 0, 0, 0, 70, 74, 1105, 5, 0, 0, 0, 0, 0, 0, 0), .Dim = c(6L, 
    3L), .Dimnames = list(c("-3", "-2", "-1", "0", "1", "2"), 
        c("-", "A", "G"))), N = 1254)), `2` = structure(c(0, 
    0, 0, 0, 0, 0, 0, 58, 56, 855, 1, 0, 0, 0, 0, 0, 0, 0), .Dim = c(6L, 
    3L), .Dimnames = list(c("-3", "-2", "-1", "0", "1", "2"), 
        c("-", "A", "G"))))))
