Results <-
list(`bwaOutput/20210421msiMNRsJenny/237780_S10.sam` = list(IM49_SNP1 = list(
    All = list(Freqs = structure(c(0L, 1L, 15L, 0L, 0L, 0L, 7L, 
    294L, 6205L, 133L, 1L, 32L, 0L, 0L, 1L, 0L, 0L, 0L, 0L, 5L, 
    319L, 7L, 0L, 0L), .Dim = c(6L, 4L), .Dimnames = structure(list(
        c("-2", "-1", "0", "1", "2", NA), c("C", "G", "T", NA
        )), .Names = c("", "")), class = "table"), N = 7020L), 
    Tag.Distribution = structure(c(`1` = 229L, `2` = 81L, `3` = 52L, 
    `4` = 46L, `5` = 41L, `6` = 30L, `7` = 32L, `8` = 30L, `9` = 31L, 
    `10` = 28L, `11` = 24L, `12` = 19L, `13` = 18L, `14` = 16L, 
    `15` = 9L, `16` = 12L, `17` = 8L, `18` = 10L, `19` = 10L, 
    `20` = 4L, `21` = 6L, `22` = 5L, `23` = 7L, `24` = 4L, `25` = 5L, 
    `26` = 5L, `27` = 5L, `28` = 4L, `29` = 5L, `30` = 4L, `31` = 6L, 
    `32` = 4L, `33` = 5L, `34` = 2L, `35` = 1L, `36` = 4L, `37` = 4L, 
    `38` = 2L, `39` = 2L, `41` = 1L, `42` = 1L, `43` = 1L, `44` = 2L, 
    `45` = 1L, `46` = 1L, `48` = 1L, `50` = 1L, `51` = 1L, `53` = 1L, 
    `57` = 1L), .Dim = 50L, .Dimnames = structure(list(c("1", 
    "2", "3", "4", "5", "6", "7", "8", "9", "10", "11", "12", 
    "13", "14", "15", "16", "17", "18", "19", "20", "21", "22", 
    "23", "24", "25", "26", "27", "28", "29", "30", "31", "32", 
    "33", "34", "35", "36", "37", "38", "39", "41", "42", "43", 
    "44", "45", "46", "48", "50", "51", "53", "57")), .Names = ""), class = "table"), 
    No.Tag = structure(c(0L, 0L, 0L, 0L, 0L, 0L, 0L, 2L, 140L, 
    3L, 0L, 1L, 0L, 0L, 0L, 0L, 0L, 0L, 0L, 1L, 19L, 0L, 0L, 
    0L), .Dim = c(6L, 4L), .Dimnames = structure(list(c("-2", 
    "-1", "0", "1", "2", NA), c("C", "G", "T", NA)), .Names = c("", 
    "")), class = "table"), All.Tags = list(Concordant = list(
        Freqs = structure(c(0, 0, 9, 0, 0, 1, 12, 559, 5, 0, 
        0, 0, 0, 0, 0), .Dim = c(5L, 3L), .Dimnames = list(c("-2", 
        "-1", "0", "1", "2"), c("C", "G", "T"))), N = 586), Majority = list(
        Freqs = structure(c(0, 0, 9, 0, 0, 1, 17, 750, 6, 0, 
        0, 0, 0, 0, 0), .Dim = c(5L, 3L), .Dimnames = list(c("-2", 
        "-1", "0", "1", "2"), c("C", "G", "T"))), N = 783)), 
    `2` = structure(c(0, 0, 0, 0, 0, 0, 8, 580, 1, 0, 0, 0, 0, 
    0, 0), .Dim = c(5L, 3L), .Dimnames = list(c("-2", "-1", "0", 
    "1", "2"), c("C", "G", "T"))))))
