Results <-
list(`bwaOutput/20210421msiMNRsJenny/237780_S10.sam` = list(LR40_SNP1 = list(
    All = list(Freqs = structure(c(0L, 0L, 3L, 0L, 0L, 1L, 143L, 
    5922L, 18L, 19L, 0L, 0L, 1L, 0L, 0L, 0L, 0L, 39L, 0L, 0L), .Dim = 5:4, .Dimnames = structure(list(
        c("-2", "-1", "0", "1", NA), c("A", "C", "T", NA)), .Names = c("", 
    "")), class = "table"), N = 6146L), Tag.Distribution = structure(c(`1` = 142L, 
    `2` = 44L, `3` = 45L, `4` = 48L, `5` = 31L, `6` = 22L, `7` = 33L, 
    `8` = 25L, `9` = 29L, `10` = 19L, `11` = 19L, `12` = 10L, 
    `13` = 17L, `14` = 21L, `15` = 14L, `16` = 13L, `17` = 9L, 
    `18` = 7L, `19` = 5L, `20` = 7L, `21` = 7L, `22` = 6L, `23` = 9L, 
    `24` = 6L, `25` = 5L, `26` = 2L, `27` = 3L, `28` = 3L, `29` = 3L, 
    `30` = 8L, `31` = 1L, `32` = 4L, `33` = 2L, `34` = 2L, `35` = 2L, 
    `36` = 1L, `37` = 1L, `38` = 2L, `39` = 1L, `40` = 1L, `42` = 1L, 
    `44` = 2L, `45` = 1L, `48` = 2L, `49` = 1L, `53` = 1L, `56` = 1L, 
    `57` = 2L, `63` = 1L), .Dim = 49L, .Dimnames = structure(list(
        c("1", "2", "3", "4", "5", "6", "7", "8", "9", "10", 
        "11", "12", "13", "14", "15", "16", "17", "18", "19", 
        "20", "21", "22", "23", "24", "25", "26", "27", "28", 
        "29", "30", "31", "32", "33", "34", "35", "36", "37", 
        "38", "39", "40", "42", "44", "45", "48", "49", "53", 
        "56", "57", "63")), .Names = ""), class = "table"), No.Tag = structure(c(0L, 
    0L, 1L, 0L, 0L, 0L, 3L, 132L, 0L, 8L, 0L, 0L, 0L, 0L, 0L, 
    0L, 0L, 4L, 0L, 0L), .Dim = 5:4, .Dimnames = structure(list(
        c("-2", "-1", "0", "1", NA), c("A", "C", "T", NA)), .Names = c("", 
    "")), class = "table"), All.Tags = list(Concordant = list(
        Freqs = structure(c(0, 0, 1, 0, 0, 5, 565, 0, 0, 0, 0, 
        0), .Dim = 4:3, .Dimnames = list(c("-2", "-1", "0", "1"
        ), c("A", "C", "T"))), N = 571), Majority = list(Freqs = structure(c(0, 
    0, 1, 0, 0, 7, 629, 0, 0, 0, 0, 0), .Dim = 4:3, .Dimnames = list(
        c("-2", "-1", "0", "1"), c("A", "C", "T"))), N = 637)), 
    `2` = structure(c(0, 0, 0, 0, 0, 5, 492, 0, 0, 0, 0, 0), .Dim = 4:3, .Dimnames = list(
        c("-2", "-1", "0", "1"), c("A", "C", "T"))))))
