Results <-
list(`bwaOutput/20210421msiMNRsJenny/237780_S10.sam` = list(GM26_SNP1 = list(
    All = list(Freqs = structure(c(1L, 20L, 2933L, 8L, 5L, 1L, 
    25L, 2693L, 9L, 5L, 0L, 0L, 1L, 0L, 0L, 1L, 2L, 60L, 0L, 
    0L), .Dim = 5:4, .Dimnames = structure(list(c("-2", "-1", 
    "0", "1", NA), c("A", "G", "T", NA)), .Names = c("", "")), class = "table"), 
        N = 5764L), Tag.Distribution = structure(c(`1` = 113L, 
    `2` = 64L, `3` = 34L, `4` = 30L, `5` = 28L, `6` = 16L, `7` = 27L, 
    `8` = 26L, `9` = 26L, `10` = 13L, `11` = 18L, `12` = 14L, 
    `13` = 13L, `14` = 10L, `15` = 12L, `16` = 6L, `17` = 12L, 
    `18` = 7L, `19` = 9L, `20` = 4L, `21` = 7L, `22` = 7L, `23` = 6L, 
    `24` = 6L, `25` = 6L, `26` = 2L, `27` = 4L, `28` = 7L, `29` = 4L, 
    `30` = 7L, `31` = 3L, `33` = 7L, `34` = 1L, `35` = 3L, `36` = 3L, 
    `37` = 2L, `41` = 2L, `42` = 2L, `43` = 2L, `46` = 1L, `48` = 1L, 
    `49` = 1L, `52` = 1L, `57` = 1L, `61` = 1L), .Dim = 45L, .Dimnames = structure(list(
        c("1", "2", "3", "4", "5", "6", "7", "8", "9", "10", 
        "11", "12", "13", "14", "15", "16", "17", "18", "19", 
        "20", "21", "22", "23", "24", "25", "26", "27", "28", 
        "29", "30", "31", "33", "34", "35", "36", "37", "41", 
        "42", "43", "46", "48", "49", "52", "57", "61")), .Names = ""), class = "table"), 
    No.Tag = structure(c(0L, 0L, 95L, 0L, 1L, 0L, 0L, 46L, 0L, 
    2L, 0L, 0L, 0L, 0L, 0L, 0L, 0L, 3L, 0L, 0L), .Dim = 5:4, .Dimnames = structure(list(
        c("-2", "-1", "0", "1", NA), c("A", "G", "T", NA)), .Names = c("", 
    "")), class = "table"), All.Tags = list(Concordant = list(
        Freqs = structure(c(0, 0, 247, 1, 1, 1, 239, 0, 0, 0, 
        0, 0), .Dim = 4:3, .Dimnames = list(c("-2", "-1", "0", 
        "1"), c("A", "G", "T"))), N = 489), Majority = list(Freqs = structure(c(0, 
    0, 284, 1, 1, 1, 277, 0, 0, 0, 0, 0), .Dim = 4:3, .Dimnames = list(
        c("-2", "-1", "0", "1"), c("A", "G", "T"))), N = 564)), 
    `2` = structure(c(0, 0, 223, 0, 0, 1, 229, 0, 0, 0, 0, 0), .Dim = 4:3, .Dimnames = list(
        c("-2", "-1", "0", "1"), c("A", "G", "T"))))))
