Results <-
list(`bwaOutput/20210421msiMNRsJenny/237780_S10.sam` = list(LR46_SNP1 = list(
    All = list(Freqs = structure(c(1L, 185L, 2403L, 12L, 10L, 
    0L, 31L, 2962L, 6L, 8L, 0L, 1L, 41L, 0L, 0L), .Dim = c(5L, 
    3L), .Dimnames = structure(list(c("-2", "-1", "0", "1", NA
    ), c("G", "T", NA)), .Names = c("", "")), class = "table"), 
        N = 5660L), Tag.Distribution = structure(c(`1` = 128L, 
    `2` = 30L, `3` = 30L, `4` = 24L, `5` = 23L, `6` = 17L, `7` = 23L, 
    `8` = 24L, `9` = 16L, `10` = 18L, `11` = 16L, `12` = 12L, 
    `13` = 13L, `14` = 13L, `15` = 11L, `16` = 18L, `17` = 10L, 
    `18` = 11L, `19` = 7L, `20` = 4L, `21` = 9L, `22` = 6L, `23` = 3L, 
    `24` = 1L, `25` = 8L, `26` = 2L, `27` = 2L, `28` = 3L, `29` = 4L, 
    `30` = 2L, `31` = 1L, `32` = 4L, `33` = 1L, `35` = 5L, `36` = 2L, 
    `37` = 1L, `38` = 1L, `39` = 2L, `40` = 2L, `42` = 1L, `43` = 4L, 
    `44` = 4L, `45` = 1L, `46` = 2L, `48` = 1L, `58` = 1L, `62` = 1L, 
    `66` = 1L, `74` = 1L), .Dim = 49L, .Dimnames = structure(list(
        c("1", "2", "3", "4", "5", "6", "7", "8", "9", "10", 
        "11", "12", "13", "14", "15", "16", "17", "18", "19", 
        "20", "21", "22", "23", "24", "25", "26", "27", "28", 
        "29", "30", "31", "32", "33", "35", "36", "37", "38", 
        "39", "40", "42", "43", "44", "45", "46", "48", "58", 
        "62", "66", "74")), .Names = ""), class = "table"), No.Tag = structure(c(0L, 
    3L, 71L, 0L, 2L, 0L, 1L, 119L, 0L, 1L, 0L, 0L, 3L, 0L, 0L
    ), .Dim = c(5L, 3L), .Dimnames = structure(list(c("-2", "-1", 
    "0", "1", NA), c("G", "T", NA)), .Names = c("", "")), class = "table"), 
    All.Tags = list(Concordant = list(Freqs = structure(c(0, 
    15, 210, 0, 0, 1, 235, 0), .Dim = c(4L, 2L), .Dimnames = list(
        c("-2", "-1", "0", "1"), c("G", "T"))), N = 461), Majority = list(
        Freqs = structure(c(0, 18, 232, 0, 0, 1, 262, 0), .Dim = c(4L, 
        2L), .Dimnames = list(c("-2", "-1", "0", "1"), c("G", 
        "T"))), N = 513)), `2` = structure(c(0, 14, 173, 0, 0, 
    1, 206, 0), .Dim = c(4L, 2L), .Dimnames = list(c("-2", "-1", 
    "0", "1"), c("G", "T"))))))
