Results <-
list(`bwaOutput/20210421msiMNRsJenny/237780_S10.sam` = list(LR48_SNP1 = list(
    All = list(Freqs = structure(c(0L, 0L, 1L, 0L, 0L, 0L, 21L, 
    1123L, 7414L, 124L, 2L, 58L, 0L, 0L, 25L, 0L, 0L, 0L, 0L, 
    13L, 190L, 0L, 0L, 0L), .Dim = c(6L, 4L), .Dimnames = structure(list(
        c("-2", "-1", "0", "1", "2", NA), c("A", "C", "T", NA
        )), .Names = c("", "")), class = "table"), N = 8971L), 
    Tag.Distribution = structure(c(`1` = 139L, `2` = 50L, `3` = 24L, 
    `4` = 31L, `5` = 26L, `6` = 27L, `7` = 23L, `8` = 27L, `9` = 32L, 
    `10` = 9L, `11` = 18L, `12` = 17L, `13` = 20L, `14` = 17L, 
    `15` = 13L, `16` = 11L, `17` = 8L, `18` = 6L, `19` = 8L, 
    `20` = 12L, `21` = 13L, `22` = 7L, `23` = 9L, `24` = 7L, 
    `25` = 11L, `26` = 8L, `27` = 4L, `28` = 12L, `29` = 5L, 
    `30` = 5L, `31` = 2L, `32` = 2L, `33` = 4L, `34` = 4L, `35` = 1L, 
    `36` = 7L, `38` = 4L, `39` = 4L, `40` = 3L, `41` = 3L, `42` = 3L, 
    `43` = 4L, `44` = 3L, `45` = 4L, `46` = 3L, `47` = 1L, `48` = 4L, 
    `49` = 2L, `50` = 1L, `51` = 2L, `54` = 1L, `55` = 1L, `57` = 2L, 
    `58` = 2L, `59` = 1L, `66` = 1L, `67` = 1L, `68` = 1L, `69` = 1L, 
    `75` = 1L), .Dim = 60L, .Dimnames = structure(list(c("1", 
    "2", "3", "4", "5", "6", "7", "8", "9", "10", "11", "12", 
    "13", "14", "15", "16", "17", "18", "19", "20", "21", "22", 
    "23", "24", "25", "26", "27", "28", "29", "30", "31", "32", 
    "33", "34", "35", "36", "38", "39", "40", "41", "42", "43", 
    "44", "45", "46", "47", "48", "49", "50", "51", "54", "55", 
    "57", "58", "59", "66", "67", "68", "69", "75")), .Names = ""), class = "table"), 
    No.Tag = structure(c(0L, 0L, 0L, 0L, 0L, 0L, 1L, 27L, 296L, 
    5L, 0L, 2L, 0L, 0L, 0L, 0L, 0L, 0L, 0L, 0L, 15L, 0L, 0L, 
    0L), .Dim = c(6L, 4L), .Dimnames = structure(list(c("-2", 
    "-1", "0", "1", "2", NA), c("A", "C", "T", NA)), .Names = c("", 
    "")), class = "table"), All.Tags = list(Concordant = list(
        Freqs = structure(c(0, 0, 0, 0, 0, 1, 53, 390, 1, 0, 
        0, 0, 3, 0, 0), .Dim = c(5L, 3L), .Dimnames = list(c("-2", 
        "-1", "0", "1", "2"), c("A", "C", "T"))), N = 448), Majority = list(
        Freqs = structure(c(0, 0, 0, 0, 0, 1, 69, 581, 1, 0, 
        0, 0, 3, 0, 0), .Dim = c(5L, 3L), .Dimnames = list(c("-2", 
        "-1", "0", "1", "2"), c("A", "C", "T"))), N = 655)), 
    `2` = structure(c(0, 0, 0, 0, 0, 0, 58, 471, 0, 0, 0, 0, 
    1, 0, 0), .Dim = c(5L, 3L), .Dimnames = list(c("-2", "-1", 
    "0", "1", "2"), c("A", "C", "T"))))))
