Results <-
list(`bwaOutput/20210421msiMNRsJenny/237780_S10.sam` = list(LR44_SNP1 = list(
    All = list(Freqs = structure(c(2L, 2L, 71L, 512L, 3347L, 
    38L, 0L, 11L, 0L, 0L, 3L, 38L, 129L, 0L, 7L, 7L, 0L, 0L, 
    0L, 9L, 110L, 1L, 0L, 0L), .Dim = c(8L, 3L), .Dimnames = structure(list(
        c("-4", "-3", "-2", "-1", "0", "1", "5", NA), c("C", 
        "T", NA)), .Names = c("", "")), class = "table"), N = 4287L), 
    Tag.Distribution = structure(c(`1` = 97L, `2` = 44L, `3` = 42L, 
    `4` = 31L, `5` = 27L, `6` = 33L, `7` = 19L, `8` = 17L, `9` = 14L, 
    `10` = 21L, `11` = 14L, `12` = 9L, `13` = 7L, `14` = 6L, 
    `15` = 8L, `16` = 7L, `17` = 5L, `18` = 6L, `19` = 3L, `20` = 4L, 
    `21` = 4L, `22` = 3L, `23` = 4L, `24` = 5L, `25` = 9L, `26` = 1L, 
    `27` = 4L, `28` = 4L, `29` = 4L, `30` = 2L, `31` = 1L, `33` = 2L, 
    `34` = 3L, `35` = 4L, `36` = 3L, `37` = 2L, `38` = 1L, `39` = 1L, 
    `42` = 1L, `43` = 1L, `44` = 2L), .Dim = 41L, .Dimnames = structure(list(
        c("1", "2", "3", "4", "5", "6", "7", "8", "9", "10", 
        "11", "12", "13", "14", "15", "16", "17", "18", "19", 
        "20", "21", "22", "23", "24", "25", "26", "27", "28", 
        "29", "30", "31", "33", "34", "35", "36", "37", "38", 
        "39", "42", "43", "44")), .Names = ""), class = "table"), 
    No.Tag = structure(c(0L, 0L, 0L, 39L, 79L, 1L, 0L, 1L, 0L, 
    0L, 0L, 1L, 4L, 0L, 0L, 0L, 0L, 0L, 0L, 2L, 8L, 0L, 0L, 0L
    ), .Dim = c(8L, 3L), .Dimnames = structure(list(c("-4", "-3", 
    "-2", "-1", "0", "1", "5", NA), c("C", "T", NA)), .Names = c("", 
    "")), class = "table"), All.Tags = list(Concordant = list(
        Freqs = structure(c(0, 0, 6, 32, 263, 0, 0, 0, 0, 0, 
        0, 6, 0, 1), .Dim = c(7L, 2L), .Dimnames = list(c("-4", 
        "-3", "-2", "-1", "0", "1", "5"), c("C", "T"))), N = 308), 
        Majority = list(Freqs = structure(c(0, 0, 9, 45, 394, 
        0, 0, 0, 0, 0, 2, 10, 0, 1), .Dim = c(7L, 2L), .Dimnames = list(
            c("-4", "-3", "-2", "-1", "0", "1", "5"), c("C", 
            "T"))), N = 461)), `2` = structure(c(0, 0, 8, 35, 
    322, 0, 0, 0, 0, 0, 2, 7, 0, 1), .Dim = c(7L, 2L), .Dimnames = list(
        c("-4", "-3", "-2", "-1", "0", "1", "5"), c("C", "T"))))))
