Results <-
list(`bwaOutput/20210421msiMNRsJenny/237780_S10.sam` = list(GM14_SNP1 = list(
    All = list(Freqs = structure(c(0L, 0L, 0L, 1L, 0L, 0L, 0L, 
    8L, 467L, 898L, 7122L, 67L, 5L, 30L, 0L, 0L, 0L, 10L, 0L, 
    0L, 0L, 0L, 0L, 4L, 84L, 1L, 0L, 0L), .Dim = c(7L, 4L), .Dimnames = structure(list(
        c("-3", "-2", "-1", "0", "1", "2", NA), c("A", "C", "T", 
        NA)), .Names = c("", "")), class = "table"), N = 8697L), 
    Tag.Distribution = structure(c(`1` = 200L, `2` = 65L, `3` = 62L, 
    `4` = 45L, `5` = 41L, `6` = 42L, `7` = 46L, `8` = 31L, `9` = 35L, 
    `10` = 33L, `11` = 20L, `12` = 18L, `13` = 18L, `14` = 30L, 
    `15` = 19L, `16` = 16L, `17` = 14L, `18` = 7L, `19` = 11L, 
    `20` = 14L, `21` = 12L, `22` = 13L, `23` = 12L, `24` = 9L, 
    `25` = 10L, `26` = 5L, `27` = 5L, `28` = 8L, `29` = 6L, `30` = 5L, 
    `31` = 8L, `32` = 7L, `33` = 2L, `34` = 5L, `36` = 3L, `38` = 3L, 
    `39` = 4L, `40` = 2L, `41` = 1L, `42` = 1L, `46` = 1L, `47` = 2L, 
    `49` = 1L, `51` = 1L), .Dim = 44L, .Dimnames = structure(list(
        c("1", "2", "3", "4", "5", "6", "7", "8", "9", "10", 
        "11", "12", "13", "14", "15", "16", "17", "18", "19", 
        "20", "21", "22", "23", "24", "25", "26", "27", "28", 
        "29", "30", "31", "32", "33", "34", "36", "38", "39", 
        "40", "41", "42", "46", "47", "49", "51")), .Names = ""), class = "table"), 
    No.Tag = structure(c(0L, 0L, 0L, 0L, 0L, 0L, 0L, 0L, 21L, 
    11L, 224L, 0L, 0L, 1L, 0L, 0L, 0L, 0L, 0L, 0L, 0L, 0L, 0L, 
    1L, 5L, 0L, 0L, 0L), .Dim = c(7L, 4L), .Dimnames = structure(list(
        c("-3", "-2", "-1", "0", "1", "2", NA), c("A", "C", "T", 
        NA)), .Names = c("", "")), class = "table"), All.Tags = list(
        Concordant = list(Freqs = structure(c(0, 0, 0, 0, 0, 
        0, 1, 38, 48, 553, 0, 0, 0, 0, 0, 5, 0, 0), .Dim = c(6L, 
        3L), .Dimnames = list(c("-3", "-2", "-1", "0", "1", "2"
        ), c("A", "C", "T"))), N = 645), Majority = list(Freqs = structure(c(0, 
        0, 0, 0, 0, 0, 1, 49, 67, 748, 0, 0, 0, 0, 0, 5, 0, 0
        ), .Dim = c(6L, 3L), .Dimnames = list(c("-3", "-2", "-1", 
        "0", "1", "2"), c("A", "C", "T"))), N = 870)), `2` = structure(c(0, 
    0, 0, 0, 0, 0, 1, 40, 51, 590, 0, 0, 0, 0, 0, 1, 0, 0), .Dim = c(6L, 
    3L), .Dimnames = list(c("-3", "-2", "-1", "0", "1", "2"), 
        c("A", "C", "T"))))))
