Results <-
list(`bwaOutput/20210421msiMNRsJenny/237780_S10.sam` = list(LR36_SNP1 = list(
    All = list(Freqs = structure(c(0L, 0L, 1L, 30L, 0L, 0L, 0L, 
    0L, 1L, 2L, 0L, 0L, 0L, 0L, 0L, 2L, 0L, 0L, 9L, 835L, 153L, 
    6764L, 57L, 102L, 0L, 25L, 9L, 586L, 7L, 0L), .Dim = 6:5, .Dimnames = structure(list(
        c("-3", "-2", "-1", "0", "1", NA), c("A", "C", "G", "T", 
        NA)), .Names = c("", "")), class = "table"), N = 8583L), 
    Tag.Distribution = structure(c(`1` = 206L, `2` = 79L, `3` = 59L, 
    `4` = 74L, `5` = 48L, `6` = 51L, `7` = 28L, `8` = 41L, `9` = 37L, 
    `10` = 36L, `11` = 26L, `12` = 24L, `13` = 22L, `14` = 16L, 
    `15` = 12L, `16` = 22L, `17` = 7L, `18` = 11L, `19` = 17L, 
    `20` = 13L, `21` = 8L, `22` = 7L, `23` = 11L, `24` = 4L, 
    `25` = 3L, `26` = 6L, `27` = 8L, `28` = 8L, `29` = 7L, `30` = 3L, 
    `31` = 1L, `32` = 3L, `33` = 5L, `34` = 1L, `35` = 1L, `36` = 3L, 
    `37` = 1L, `38` = 6L, `39` = 3L, `40` = 3L, `41` = 1L, `42` = 3L, 
    `43` = 1L, `46` = 1L, `47` = 1L, `48` = 1L, `51` = 2L, `52` = 1L, 
    `54` = 1L), .Dim = 49L, .Dimnames = structure(list(c("1", 
    "2", "3", "4", "5", "6", "7", "8", "9", "10", "11", "12", 
    "13", "14", "15", "16", "17", "18", "19", "20", "21", "22", 
    "23", "24", "25", "26", "27", "28", "29", "30", "31", "32", 
    "33", "34", "35", "36", "37", "38", "39", "40", "41", "42", 
    "43", "46", "47", "48", "51", "52", "54")), .Names = ""), class = "table"), 
    No.Tag = structure(c(0L, 0L, 0L, 0L, 0L, 0L, 0L, 0L, 1L, 
    0L, 0L, 0L, 0L, 0L, 0L, 0L, 0L, 0L, 0L, 19L, 4L, 224L, 2L, 
    10L, 0L, 0L, 0L, 42L, 0L, 0L), .Dim = 6:5, .Dimnames = structure(list(
        c("-3", "-2", "-1", "0", "1", NA), c("A", "C", "G", "T", 
        NA)), .Names = c("", "")), class = "table"), All.Tags = list(
        Concordant = list(Freqs = structure(c(0, 0, 1, 9, 0, 
        0, 0, 0, 1, 0, 0, 0, 0, 0, 0, 0, 69, 5, 636, 1), .Dim = 5:4, .Dimnames = list(
            c("-3", "-2", "-1", "0", "1"), c("A", "C", "G", "T"
            ))), N = 722), Majority = list(Freqs = structure(c(0, 
        0, 1, 9, 0, 0, 0, 0, 1, 0, 0, 0, 0, 0, 0, 0, 89, 5, 790, 
        1), .Dim = 5:4, .Dimnames = list(c("-3", "-2", "-1", 
        "0", "1"), c("A", "C", "G", "T"))), N = 896)), `2` = structure(c(0, 
    0, 0, 0, 0, 0, 0, 0, 1, 0, 0, 0, 0, 0, 0, 0, 70, 2, 645, 
    1), .Dim = 5:4, .Dimnames = list(c("-3", "-2", "-1", "0", 
    "1"), c("A", "C", "G", "T"))))))
