Results <-
list(`bwaOutput/20210421msiMNRsJenny/237780_S10.sam` = list(DEPDC2_SNP1 = list(
    All = list(Freqs = structure(c(0L, 0L, 4L, 0L, 0L, 0L, 0L, 
    9L, 0L, 0L, 3L, 387L, 6242L, 20L, 29L, 0L, 3L, 43L, 0L, 0L
    ), .Dim = 5:4, .Dimnames = structure(list(c("-2", "-1", "0", 
    "1", NA), c("A", "C", "T", NA)), .Names = c("", "")), class = "table"), 
        N = 6740L), Tag.Distribution = structure(c(`1` = 225L, 
    `2` = 70L, `3` = 56L, `4` = 48L, `5` = 42L, `6` = 29L, `7` = 31L, 
    `8` = 33L, `9` = 22L, `10` = 25L, `11` = 21L, `12` = 27L, 
    `13` = 20L, `14` = 17L, `15` = 12L, `16` = 16L, `17` = 14L, 
    `18` = 10L, `19` = 12L, `20` = 10L, `21` = 5L, `22` = 8L, 
    `23` = 6L, `24` = 3L, `25` = 2L, `26` = 4L, `27` = 3L, `28` = 2L, 
    `29` = 1L, `30` = 4L, `31` = 1L, `32` = 5L, `33` = 4L, `34` = 2L, 
    `35` = 4L, `37` = 2L, `38` = 2L, `39` = 3L, `40` = 1L, `41` = 1L, 
    `44` = 1L, `45` = 2L, `46` = 1L, `47` = 1L, `53` = 1L), .Dim = 45L, .Dimnames = structure(list(
        c("1", "2", "3", "4", "5", "6", "7", "8", "9", "10", 
        "11", "12", "13", "14", "15", "16", "17", "18", "19", 
        "20", "21", "22", "23", "24", "25", "26", "27", "28", 
        "29", "30", "31", "32", "33", "34", "35", "37", "38", 
        "39", "40", "41", "44", "45", "46", "47", "53")), .Names = ""), class = "table"), 
    No.Tag = structure(c(0L, 0L, 0L, 0L, 0L, 0L, 0L, 1L, 0L, 
    0L, 0L, 21L, 241L, 1L, 6L, 0L, 1L, 6L, 0L, 0L), .Dim = 5:4, .Dimnames = structure(list(
        c("-2", "-1", "0", "1", NA), c("A", "C", "T", NA)), .Names = c("", 
    "")), class = "table"), All.Tags = list(Concordant = list(
        Freqs = structure(c(0, 0, 0, 0, 0, 0, 3, 0, 0, 31, 691, 
        2), .Dim = 4:3, .Dimnames = list(c("-2", "-1", "0", "1"
        ), c("A", "C", "T"))), N = 727), Majority = list(Freqs = structure(c(0, 
    0, 0, 0, 0, 0, 3, 0, 0, 36, 754, 2), .Dim = 4:3, .Dimnames = list(
        c("-2", "-1", "0", "1"), c("A", "C", "T"))), N = 795)), 
    `2` = structure(c(0, 0, 0, 0, 0, 0, 0, 0, 0, 27, 554, 0), .Dim = 4:3, .Dimnames = list(
        c("-2", "-1", "0", "1"), c("A", "C", "T"))))))
