Results <-
list(`bwaOutput/20210421msiMNRsJenny/237780_S10.sam` = list(LR10_SNP1 = list(
    All = list(Freqs = structure(c(0L, 0L, 1L, 0L, 0L, 0L, 0L, 
    73L, 3365L, 24L, 1L, 3L, 1L, 91L, 3658L, 12L, 0L, 6L, 0L, 
    0L, 105L, 1L, 0L, 0L), .Dim = c(6L, 4L), .Dimnames = structure(list(
        c("-2", "-1", "0", "1", "2", NA), c("-", "C", "T", NA
        )), .Names = c("", "")), class = "table"), N = 7341L), 
    Tag.Distribution = structure(c(`1` = 171L, `2` = 66L, `3` = 57L, 
    `4` = 47L, `5` = 42L, `6` = 49L, `7` = 38L, `8` = 30L, `9` = 34L, 
    `10` = 31L, `11` = 32L, `12` = 23L, `13` = 13L, `14` = 20L, 
    `15` = 15L, `16` = 14L, `17` = 7L, `18` = 8L, `19` = 11L, 
    `20` = 5L, `21` = 8L, `22` = 8L, `23` = 6L, `24` = 6L, `25` = 4L, 
    `26` = 5L, `27` = 5L, `28` = 9L, `29` = 4L, `30` = 3L, `31` = 6L, 
    `32` = 4L, `33` = 1L, `34` = 2L, `35` = 5L, `36` = 2L, `37` = 2L, 
    `38` = 3L, `39` = 2L, `40` = 1L, `42` = 1L, `44` = 1L, `46` = 3L, 
    `47` = 1L, `48` = 1L), .Dim = 45L, .Dimnames = structure(list(
        c("1", "2", "3", "4", "5", "6", "7", "8", "9", "10", 
        "11", "12", "13", "14", "15", "16", "17", "18", "19", 
        "20", "21", "22", "23", "24", "25", "26", "27", "28", 
        "29", "30", "31", "32", "33", "34", "35", "36", "37", 
        "38", "39", "40", "42", "44", "46", "47", "48")), .Names = ""), class = "table"), 
    No.Tag = structure(c(0L, 0L, 0L, 0L, 0L, 0L, 0L, 4L, 99L, 
    0L, 0L, 0L, 0L, 2L, 108L, 0L, 0L, 1L, 0L, 0L, 5L, 0L, 0L, 
    0L), .Dim = c(6L, 4L), .Dimnames = structure(list(c("-2", 
    "-1", "0", "1", "2", NA), c("-", "C", "T", NA)), .Names = c("", 
    "")), class = "table"), All.Tags = list(Concordant = list(
        Freqs = structure(c(0, 0, 0, 0, 0, 0, 1, 261, 0, 0, 0, 
        1, 355, 2, 0), .Dim = c(5L, 3L), .Dimnames = list(c("-2", 
        "-1", "0", "1", "2"), c("-", "C", "T"))), N = 620), Majority = list(
        Freqs = structure(c(0, 0, 0, 0, 0, 0, 1, 353, 0, 0, 0, 
        2, 425, 2, 0), .Dim = c(5L, 3L), .Dimnames = list(c("-2", 
        "-1", "0", "1", "2"), c("-", "C", "T"))), N = 783)), 
    `2` = structure(c(0, 0, 0, 0, 0, 0, 1, 297, 0, 0, 0, 2, 325, 
    0, 0), .Dim = c(5L, 3L), .Dimnames = list(c("-2", "-1", "0", 
    "1", "2"), c("-", "C", "T"))))))
