Results <-
list(`bwaOutput/20210421msiMNRsJenny/237780_S10.sam` = list(LR20_SNP1 = list(
    All = list(Freqs = structure(c(0L, 1L, 0L, 0L, 4L, 2825L, 
    3L, 3L, 15L, 2816L, 10L, 6L, 0L, 2L, 0L, 0L, 0L, 37L, 0L, 
    0L), .Dim = 4:5, .Dimnames = structure(list(c("-1", "0", 
    "1", NA), c("-", "A", "G", "T", NA)), .Names = c("", "")), class = "table"), 
        N = 5722L), Tag.Distribution = structure(c(`1` = 145L, 
    `2` = 73L, `3` = 50L, `4` = 36L, `5` = 42L, `6` = 31L, `7` = 24L, 
    `8` = 35L, `9` = 25L, `10` = 27L, `11` = 20L, `12` = 19L, 
    `13` = 17L, `14` = 15L, `15` = 13L, `16` = 9L, `17` = 10L, 
    `18` = 6L, `19` = 8L, `20` = 5L, `21` = 4L, `22` = 6L, `23` = 5L, 
    `24` = 3L, `25` = 5L, `26` = 3L, `27` = 4L, `28` = 5L, `29` = 3L, 
    `30` = 3L, `31` = 2L, `32` = 3L, `33` = 1L, `34` = 2L, `35` = 4L, 
    `36` = 2L, `39` = 1L, `40` = 3L, `42` = 1L, `48` = 1L, `49` = 1L, 
    `65` = 1L), .Dim = 42L, .Dimnames = structure(list(c("1", 
    "2", "3", "4", "5", "6", "7", "8", "9", "10", "11", "12", 
    "13", "14", "15", "16", "17", "18", "19", "20", "21", "22", 
    "23", "24", "25", "26", "27", "28", "29", "30", "31", "32", 
    "33", "34", "35", "36", "39", "40", "42", "48", "49", "65"
    )), .Names = ""), class = "table"), No.Tag = structure(c(0L, 
    0L, 0L, 0L, 0L, 80L, 0L, 1L, 0L, 100L, 0L, 2L, 0L, 0L, 0L, 
    0L, 0L, 2L, 0L, 0L), .Dim = 4:5, .Dimnames = structure(list(
        c("-1", "0", "1", NA), c("-", "A", "G", "T", NA)), .Names = c("", 
    "")), class = "table"), All.Tags = list(Concordant = list(
        Freqs = structure(c(0, 0, 0, 0, 301, 0, 0, 289, 1, 0, 
        1, 0), .Dim = 3:4, .Dimnames = list(c("-1", "0", "1"), 
            c("-", "A", "G", "T"))), N = 592), Majority = list(
        Freqs = structure(c(0, 0, 0, 0, 331, 0, 0, 324, 1, 0, 
        1, 0), .Dim = 3:4, .Dimnames = list(c("-1", "0", "1"), 
            c("-", "A", "G", "T"))), N = 657)), `2` = structure(c(0, 
    0, 0, 0, 260, 0, 0, 265, 0, 0, 0, 0), .Dim = 3:4, .Dimnames = list(
        c("-1", "0", "1"), c("-", "A", "G", "T"))))))
