Results <-
list(`bwaOutput/20210421msiMNRsJenny/237780_S10.sam` = list(GM11_SNP1 = list(
    All = list(Freqs = structure(c(0L, 335L, 2025L, 8L, 7L, 4L, 
    350L, 2484L, 13L, 5L, 0L, 0L, 1L, 0L, 0L, 0L, 1L, 38L, 0L, 
    0L), .Dim = 5:4, .Dimnames = structure(list(c("-2", "-1", 
    "0", "1", NA), c("A", "G", "T", NA)), .Names = c("", "")), class = "table"), 
        N = 5271L), Tag.Distribution = structure(c(`1` = 103L, 
    `2` = 45L, `3` = 41L, `4` = 40L, `5` = 33L, `6` = 27L, `7` = 29L, 
    `8` = 18L, `9` = 22L, `10` = 14L, `11` = 22L, `12` = 16L, 
    `13` = 18L, `14` = 11L, `15` = 10L, `16` = 6L, `17` = 5L, 
    `18` = 10L, `19` = 6L, `20` = 4L, `21` = 7L, `22` = 5L, `23` = 2L, 
    `24` = 3L, `25` = 7L, `26` = 4L, `27` = 2L, `28` = 4L, `29` = 1L, 
    `30` = 2L, `31` = 6L, `32` = 3L, `33` = 1L, `34` = 2L, `35` = 4L, 
    `36` = 1L, `37` = 2L, `38` = 3L, `40` = 1L, `41` = 1L, `42` = 1L, 
    `44` = 1L, `46` = 1L, `49` = 2L, `53` = 1L, `54` = 1L), .Dim = 46L, .Dimnames = structure(list(
        c("1", "2", "3", "4", "5", "6", "7", "8", "9", "10", 
        "11", "12", "13", "14", "15", "16", "17", "18", "19", 
        "20", "21", "22", "23", "24", "25", "26", "27", "28", 
        "29", "30", "31", "32", "33", "34", "35", "36", "37", 
        "38", "40", "41", "42", "44", "46", "49", "53", "54")), .Names = ""), class = "table"), 
    No.Tag = structure(c(0L, 10L, 88L, 0L, 0L, 0L, 3L, 77L, 1L, 
    0L, 0L, 0L, 0L, 0L, 0L, 0L, 0L, 3L, 0L, 0L), .Dim = 5:4, .Dimnames = structure(list(
        c("-2", "-1", "0", "1", NA), c("A", "G", "T", NA)), .Names = c("", 
    "")), class = "table"), All.Tags = list(Concordant = list(
        Freqs = structure(c(0, 31, 206, 0, 0, 19, 201, 2, 0, 
        0, 0, 0), .Dim = 4:3, .Dimnames = list(c("-2", "-1", 
        "0", "1"), c("A", "G", "T"))), N = 459), Majority = list(
        Freqs = structure(c(0, 33, 234, 0, 0, 27, 243, 2, 0, 
        0, 0, 0), .Dim = 4:3, .Dimnames = list(c("-2", "-1", 
        "0", "1"), c("A", "G", "T"))), N = 539)), `2` = structure(c(0, 
    27, 189, 0, 0, 25, 203, 0, 0, 0, 0, 0), .Dim = 4:3, .Dimnames = list(
        c("-2", "-1", "0", "1"), c("A", "G", "T"))))))
