Results <-
list(`bwaOutput/20210421msiMNRsJenny/237780_S10.sam` = list(IM16_SNP1 = list(
    All = list(Freqs = structure(c(0L, 0L, 2L, 0L, 0L, 0L, 1L, 
    27L, 2765L, 358L, 9L, 6L, 0L, 30L, 3551L, 62L, 2L, 3L, 0L, 
    1L, 90L, 8L, 0L, 0L), .Dim = c(6L, 4L), .Dimnames = structure(list(
        c("-2", "-1", "0", "1", "2", NA), c("-", "A", "G", NA
        )), .Names = c("", "")), class = "table"), N = 6915L), 
    Tag.Distribution = structure(c(`1` = 161L, `2` = 50L, `3` = 50L, 
    `4` = 39L, `5` = 29L, `6` = 35L, `7` = 41L, `8` = 28L, `9` = 23L, 
    `10` = 24L, `11` = 20L, `12` = 20L, `13` = 17L, `14` = 17L, 
    `15` = 19L, `16` = 11L, `17` = 8L, `18` = 15L, `19` = 8L, 
    `20` = 7L, `21` = 12L, `22` = 4L, `23` = 2L, `24` = 2L, `25` = 8L, 
    `26` = 4L, `27` = 2L, `28` = 9L, `29` = 4L, `30` = 4L, `31` = 5L, 
    `32` = 3L, `33` = 1L, `34` = 3L, `35` = 3L, `36` = 1L, `37` = 2L, 
    `38` = 2L, `39` = 1L, `40` = 1L, `43` = 1L, `44` = 3L, `45` = 1L, 
    `47` = 1L, `50` = 1L, `51` = 1L, `52` = 1L, `53` = 1L, `55` = 1L, 
    `60` = 1L, `86` = 1L), .Dim = 51L, .Dimnames = structure(list(
        c("1", "2", "3", "4", "5", "6", "7", "8", "9", "10", 
        "11", "12", "13", "14", "15", "16", "17", "18", "19", 
        "20", "21", "22", "23", "24", "25", "26", "27", "28", 
        "29", "30", "31", "32", "33", "34", "35", "36", "37", 
        "38", "39", "40", "43", "44", "45", "47", "50", "51", 
        "52", "53", "55", "60", "86")), .Names = ""), class = "table"), 
    No.Tag = structure(c(0L, 0L, 0L, 0L, 0L, 0L, 0L, 0L, 89L, 
    6L, 1L, 0L, 0L, 2L, 129L, 3L, 0L, 0L, 0L, 0L, 14L, 3L, 0L, 
    0L), .Dim = c(6L, 4L), .Dimnames = structure(list(c("-2", 
    "-1", "0", "1", "2", NA), c("-", "A", "G", NA)), .Names = c("", 
    "")), class = "table"), All.Tags = list(Concordant = list(
        Freqs = structure(c(0, 0, 0, 0, 0, 0, 2, 221, 21, 0, 
        0, 1, 307, 2, 0), .Dim = c(5L, 3L), .Dimnames = list(
            c("-2", "-1", "0", "1", "2"), c("-", "A", "G"))), 
        N = 554), Majority = list(Freqs = structure(c(0, 0, 0, 
    0, 0, 0, 2, 280, 34, 0, 0, 1, 381, 2, 0), .Dim = c(5L, 3L
    ), .Dimnames = list(c("-2", "-1", "0", "1", "2"), c("-", 
    "A", "G"))), N = 700)), `2` = structure(c(0, 0, 0, 0, 0, 
    0, 1, 220, 26, 0, 0, 0, 297, 1, 0), .Dim = c(5L, 3L), .Dimnames = list(
        c("-2", "-1", "0", "1", "2"), c("-", "A", "G"))))))
