Results <-
list(`bwaOutput/20210421msiMNRsJenny/237780_S10.sam` = list(LR49_SNP1 = list(
    All = list(Freqs = structure(c(1L, 12L, 0L, 0L, 79L, 8632L, 
    2L, 15L, 0L, 1L, 0L, 0L, 0L, 65L, 0L, 0L), .Dim = c(4L, 4L
    ), .Dimnames = structure(list(c("-1", "0", "1", NA), c("A", 
    "G", "T", NA)), .Names = c("", "")), class = "table"), N = 8807L), 
    Tag.Distribution = structure(c(`1` = 229L, `2` = 78L, `3` = 60L, 
    `4` = 62L, `5` = 59L, `6` = 57L, `7` = 39L, `8` = 37L, `9` = 30L, 
    `10` = 31L, `11` = 32L, `12` = 39L, `13` = 30L, `14` = 17L, 
    `15` = 15L, `16` = 21L, `17` = 10L, `18` = 13L, `19` = 12L, 
    `20` = 7L, `21` = 5L, `22` = 5L, `23` = 8L, `24` = 5L, `25` = 5L, 
    `26` = 8L, `27` = 5L, `28` = 2L, `29` = 9L, `30` = 4L, `31` = 4L, 
    `32` = 5L, `33` = 2L, `34` = 2L, `35` = 3L, `36` = 1L, `37` = 5L, 
    `39` = 1L, `40` = 2L, `41` = 1L, `42` = 1L, `43` = 1L, `44` = 1L, 
    `45` = 1L, `46` = 2L, `47` = 1L, `48` = 1L, `49` = 1L, `51` = 1L, 
    `57` = 1L, `60` = 1L, `61` = 1L, `62` = 1L, `68` = 1L, `73` = 1L
    ), .Dim = 55L, .Dimnames = structure(list(c("1", "2", "3", 
    "4", "5", "6", "7", "8", "9", "10", "11", "12", "13", "14", 
    "15", "16", "17", "18", "19", "20", "21", "22", "23", "24", 
    "25", "26", "27", "28", "29", "30", "31", "32", "33", "34", 
    "35", "36", "37", "39", "40", "41", "42", "43", "44", "45", 
    "46", "47", "48", "49", "51", "57", "60", "61", "62", "68", 
    "73")), .Names = ""), class = "table"), No.Tag = structure(c(0L, 
    0L, 0L, 0L, 0L, 247L, 0L, 2L, 0L, 0L, 0L, 0L, 0L, 8L, 0L, 
    0L), .Dim = c(4L, 4L), .Dimnames = structure(list(c("-1", 
    "0", "1", NA), c("A", "G", "T", NA)), .Names = c("", "")), class = "table"), 
    All.Tags = list(Concordant = list(Freqs = structure(c(1, 
    5, 0, 5, 920, 0, 0, 0, 0), .Dim = c(3L, 3L), .Dimnames = list(
        c("-1", "0", "1"), c("A", "G", "T"))), N = 931), Majority = list(
        Freqs = structure(c(1, 5, 0, 7, 954, 0, 0, 0, 0), .Dim = c(3L, 
        3L), .Dimnames = list(c("-1", "0", "1"), c("A", "G", 
        "T"))), N = 967)), `2` = structure(c(0, 0, 0, 5, 742, 
    0, 0, 0, 0), .Dim = c(3L, 3L), .Dimnames = list(c("-1", "0", 
    "1"), c("A", "G", "T"))))))
