Results <-
list(`bwaOutput/20210421msiMNRsJenny/238659_S9.sam` = list(LR52_SNP1 = list(
    All = list(Freqs = structure(c(77L, 382L, 245L, 2150L, 20L, 
    1L, 35L, 22L, 549L, 243L, 2737L, 21L, 1L, 36L, 0L, 7L, 26L, 
    810L, 8L, 0L, 0L), .Dim = c(7L, 3L), .Dimnames = structure(list(
        c("-3", "-2", "-1", "0", "1", "2", NA), c("C", "T", NA
        )), .Names = c("", "")), class = "table"), N = 7370L), 
    Tag.Distribution = structure(c(`1` = 85L, `2` = 23L, `3` = 22L, 
    `4` = 26L, `5` = 13L, `6` = 19L, `7` = 22L, `8` = 16L, `9` = 16L, 
    `10` = 17L, `11` = 19L, `12` = 11L, `13` = 16L, `14` = 16L, 
    `15` = 14L, `16` = 11L, `17` = 8L, `18` = 8L, `19` = 12L, 
    `20` = 9L, `21` = 7L, `22` = 10L, `23` = 4L, `24` = 6L, `25` = 5L, 
    `26` = 3L, `27` = 7L, `28` = 4L, `29` = 3L, `30` = 4L, `31` = 8L, 
    `32` = 4L, `33` = 2L, `34` = 4L, `35` = 5L, `36` = 4L, `37` = 6L, 
    `38` = 4L, `39` = 6L, `41` = 4L, `42` = 4L, `43` = 1L, `44` = 2L, 
    `45` = 2L, `46` = 1L, `47` = 2L, `48` = 1L, `49` = 1L, `50` = 1L, 
    `51` = 1L, `53` = 1L, `54` = 1L, `55` = 1L, `58` = 1L, `64` = 1L, 
    `65` = 1L, `68` = 1L, `78` = 1L), .Dim = 58L, .Dimnames = structure(list(
        c("1", "2", "3", "4", "5", "6", "7", "8", "9", "10", 
        "11", "12", "13", "14", "15", "16", "17", "18", "19", 
        "20", "21", "22", "23", "24", "25", "26", "27", "28", 
        "29", "30", "31", "32", "33", "34", "35", "36", "37", 
        "38", "39", "41", "42", "43", "44", "45", "46", "47", 
        "48", "49", "50", "51", "53", "54", "55", "58", "64", 
        "65", "68", "78")), .Names = ""), class = "table"), No.Tag = structure(c(1L, 
    5L, 6L, 43L, 0L, 0L, 2L, 0L, 15L, 5L, 123L, 3L, 0L, 4L, 0L, 
    0L, 4L, 30L, 1L, 0L, 0L), .Dim = c(7L, 3L), .Dimnames = structure(list(
        c("-3", "-2", "-1", "0", "1", "2", NA), c("C", "T", NA
        )), .Names = c("", "")), class = "table"), All.Tags = list(
        Concordant = list(Freqs = structure(c(2, 18, 3, 75, 0, 
        0, 0, 23, 3, 111, 0, 0), .Dim = c(6L, 2L), .Dimnames = list(
            c("-3", "-2", "-1", "0", "1", "2"), c("C", "T"))), 
            N = 235), Majority = list(Freqs = structure(c(3, 
        27, 9, 193, 0, 0, 0, 33, 5, 209, 0, 0), .Dim = c(6L, 
        2L), .Dimnames = list(c("-3", "-2", "-1", "0", "1", "2"
        ), c("C", "T"))), N = 479)), `2` = structure(c(3, 24, 
    6, 175, 0, 0, 0, 27, 2, 178, 0, 0), .Dim = c(6L, 2L), .Dimnames = list(
        c("-3", "-2", "-1", "0", "1", "2"), c("C", "T"))))))
