Results <-
list(`bwaOutput/20210421msiMNRsJenny/238659_S9.sam` = list(LR11_SNP1 = list(
    All = list(Freqs = structure(c(0L, 0L, 0L, 11L, 0L, 0L, 0L, 
    1L, 8L, 198L, 10070L, 109L, 2L, 30L, 0L, 0L, 8L, 420L, 8L, 
    0L, 0L), .Dim = c(7L, 3L), .Dimnames = structure(list(c("-3", 
    "-2", "-1", "0", "1", "2", NA), c("A", "C", NA)), .Names = c("", 
    "")), class = "table"), N = 10865L), Tag.Distribution = structure(c(`1` = 201L, 
    `2` = 39L, `3` = 48L, `4` = 35L, `5` = 27L, `6` = 41L, `7` = 32L, 
    `8` = 28L, `9` = 24L, `10` = 28L, `11` = 20L, `12` = 23L, 
    `13` = 25L, `14` = 19L, `15` = 12L, `16` = 13L, `17` = 11L, 
    `18` = 16L, `19` = 24L, `20` = 15L, `21` = 17L, `22` = 17L, 
    `23` = 12L, `24` = 9L, `25` = 14L, `26` = 13L, `27` = 7L, 
    `28` = 7L, `29` = 12L, `30` = 8L, `31` = 3L, `32` = 9L, `33` = 3L, 
    `34` = 5L, `35` = 6L, `36` = 5L, `37` = 4L, `38` = 9L, `39` = 6L, 
    `40` = 4L, `41` = 1L, `42` = 3L, `43` = 2L, `44` = 1L, `45` = 4L, 
    `46` = 1L, `47` = 2L, `49` = 1L, `50` = 1L, `53` = 1L, `54` = 2L, 
    `56` = 1L, `59` = 1L, `61` = 1L, `68` = 1L, `79` = 1L, `85` = 1L
    ), .Dim = 57L, .Dimnames = structure(list(c("1", "2", "3", 
    "4", "5", "6", "7", "8", "9", "10", "11", "12", "13", "14", 
    "15", "16", "17", "18", "19", "20", "21", "22", "23", "24", 
    "25", "26", "27", "28", "29", "30", "31", "32", "33", "34", 
    "35", "36", "37", "38", "39", "40", "41", "42", "43", "44", 
    "45", "46", "47", "49", "50", "53", "54", "56", "59", "61", 
    "68", "79", "85")), .Names = ""), class = "table"), No.Tag = structure(c(0L, 
    0L, 0L, 0L, 0L, 0L, 0L, 0L, 0L, 1L, 156L, 2L, 0L, 3L, 0L, 
    0L, 0L, 15L, 1L, 0L, 0L), .Dim = c(7L, 3L), .Dimnames = structure(list(
        c("-3", "-2", "-1", "0", "1", "2", NA), c("A", "C", NA
        )), .Names = c("", "")), class = "table"), All.Tags = list(
        Concordant = list(Freqs = structure(c(0, 0, 0, 5, 0, 
        0, 0, 0, 7, 636, 0, 0), .Dim = c(6L, 2L), .Dimnames = list(
            c("-3", "-2", "-1", "0", "1", "2"), c("A", "C"))), 
            N = 648), Majority = list(Freqs = structure(c(0, 
        0, 0, 5, 0, 0, 0, 0, 9, 830, 0, 0), .Dim = c(6L, 2L), .Dimnames = list(
            c("-3", "-2", "-1", "0", "1", "2"), c("A", "C"))), 
            N = 844)), `2` = structure(c(0, 0, 0, 0, 0, 0, 0, 
    0, 6, 667, 0, 0), .Dim = c(6L, 2L), .Dimnames = list(c("-3", 
    "-2", "-1", "0", "1", "2"), c("A", "C"))))))
