Results <-
list(`bwaOutput/20210421msiMNRsJenny/238659_S9.sam` = list(GM07_SNP1 = list(
    All = list(Freqs = structure(c(0L, 1L, 1L, 0L, 0L, 0L, 33L, 
    1033L, 4624L, 108L, 2L, 129L, 0L, 0L, 0L, 0L, 0L, 1L, 0L, 
    10L, 119L, 3L, 0L, 0L), .Dim = c(6L, 4L), .Dimnames = structure(list(
        c("-2", "-1", "0", "1", "2", NA), c("A", "G", "T", NA
        )), .Names = c("", "")), class = "table"), N = 6064L), 
    Tag.Distribution = structure(c(`1` = 130L, `2` = 21L, `3` = 18L, 
    `4` = 18L, `5` = 16L, `6` = 15L, `7` = 18L, `8` = 9L, `9` = 13L, 
    `10` = 10L, `11` = 14L, `12` = 12L, `13` = 20L, `14` = 12L, 
    `15` = 9L, `16` = 9L, `17` = 5L, `18` = 11L, `19` = 4L, `20` = 12L, 
    `21` = 10L, `22` = 6L, `23` = 4L, `24` = 7L, `25` = 4L, `26` = 5L, 
    `27` = 2L, `28` = 8L, `29` = 1L, `30` = 4L, `31` = 4L, `32` = 4L, 
    `33` = 5L, `34` = 2L, `35` = 2L, `36` = 3L, `37` = 2L, `38` = 2L, 
    `39` = 3L, `40` = 4L, `41` = 1L, `42` = 2L, `43` = 2L, `44` = 2L, 
    `47` = 3L, `48` = 2L, `49` = 1L, `50` = 1L, `61` = 3L, `62` = 1L, 
    `65` = 1L, `68` = 1L, `77` = 1L), .Dim = 53L, .Dimnames = structure(list(
        c("1", "2", "3", "4", "5", "6", "7", "8", "9", "10", 
        "11", "12", "13", "14", "15", "16", "17", "18", "19", 
        "20", "21", "22", "23", "24", "25", "26", "27", "28", 
        "29", "30", "31", "32", "33", "34", "35", "36", "37", 
        "38", "39", "40", "41", "42", "43", "44", "47", "48", 
        "49", "50", "61", "62", "65", "68", "77")), .Names = ""), class = "table"), 
    No.Tag = structure(c(0L, 0L, 0L, 0L, 0L, 0L, 0L, 26L, 80L, 
    1L, 0L, 17L, 0L, 0L, 0L, 0L, 0L, 0L, 0L, 1L, 13L, 0L, 0L, 
    0L), .Dim = c(6L, 4L), .Dimnames = structure(list(c("-2", 
    "-1", "0", "1", "2", NA), c("A", "G", "T", NA)), .Names = c("", 
    "")), class = "table"), All.Tags = list(Concordant = list(
        Freqs = structure(c(0, 0, 0, 0, 0, 0, 46, 219, 1, 0, 
        0, 0, 0, 0, 0), .Dim = c(5L, 3L), .Dimnames = list(c("-2", 
        "-1", "0", "1", "2"), c("A", "G", "T"))), N = 266), Majority = list(
        Freqs = structure(c(0, 0, 0, 0, 0, 1, 73, 384, 1, 0, 
        0, 0, 0, 0, 0), .Dim = c(5L, 3L), .Dimnames = list(c("-2", 
        "-1", "0", "1", "2"), c("A", "G", "T"))), N = 459)), 
    `2` = structure(c(0, 0, 0, 0, 0, 1, 56, 289, 0, 0, 0, 0, 
    0, 0, 0), .Dim = c(5L, 3L), .Dimnames = list(c("-2", "-1", 
    "0", "1", "2"), c("A", "G", "T"))))))
