Results <-
list(`bwaOutput/20210421msiMNRsJenny/238659_S9.sam` = list(GM26_SNP1 = list(
    All = list(Freqs = structure(c(2L, 78L, 6476L, 22L, 8L, 0L, 
    0L, 7L, 0L, 0L, 0L, 1L, 81L, 0L, 0L), .Dim = c(5L, 3L), .Dimnames = structure(list(
        c("-2", "-1", "0", "1", NA), c("A", "G", NA)), .Names = c("", 
    "")), class = "table"), N = 6675L), Tag.Distribution = structure(c(`1` = 118L, 
    `2` = 29L, `3` = 14L, `4` = 26L, `5` = 18L, `6` = 15L, `7` = 19L, 
    `8` = 16L, `9` = 16L, `10` = 9L, `11` = 18L, `12` = 15L, 
    `13` = 6L, `14` = 17L, `15` = 12L, `16` = 13L, `17` = 9L, 
    `18` = 8L, `19` = 10L, `20` = 10L, `21` = 6L, `22` = 9L, 
    `23` = 7L, `24` = 5L, `25` = 7L, `26` = 7L, `27` = 3L, `28` = 7L, 
    `29` = 3L, `30` = 1L, `31` = 2L, `32` = 5L, `33` = 6L, `34` = 2L, 
    `36` = 3L, `37` = 2L, `38` = 4L, `39` = 5L, `40` = 2L, `41` = 1L, 
    `42` = 2L, `43` = 4L, `44` = 1L, `45` = 2L, `46` = 1L, `50` = 1L, 
    `52` = 5L, `54` = 2L, `56` = 1L, `59` = 1L, `60` = 2L, `61` = 2L, 
    `66` = 1L), .Dim = 53L, .Dimnames = structure(list(c("1", 
    "2", "3", "4", "5", "6", "7", "8", "9", "10", "11", "12", 
    "13", "14", "15", "16", "17", "18", "19", "20", "21", "22", 
    "23", "24", "25", "26", "27", "28", "29", "30", "31", "32", 
    "33", "34", "36", "37", "38", "39", "40", "41", "42", "43", 
    "44", "45", "46", "50", "52", "54", "56", "59", "60", "61", 
    "66")), .Names = ""), class = "table"), No.Tag = structure(c(0L, 
    1L, 132L, 1L, 1L, 0L, 0L, 0L, 0L, 0L, 0L, 0L, 3L, 0L, 0L), .Dim = c(5L, 
    3L), .Dimnames = structure(list(c("-2", "-1", "0", "1", NA
    ), c("A", "G", NA)), .Names = c("", "")), class = "table"), 
    All.Tags = list(Concordant = list(Freqs = structure(c(0, 
    1, 427, 0, 0, 0, 4, 0), .Dim = c(4L, 2L), .Dimnames = list(
        c("-2", "-1", "0", "1"), c("A", "G"))), N = 432), Majority = list(
        Freqs = structure(c(0, 1, 493, 0, 0, 0, 4, 0), .Dim = c(4L, 
        2L), .Dimnames = list(c("-2", "-1", "0", "1"), c("A", 
        "G"))), N = 498)), `2` = structure(c(0, 1, 389, 0, 0, 
    0, 0, 0), .Dim = c(4L, 2L), .Dimnames = list(c("-2", "-1", 
    "0", "1"), c("A", "G"))))))
