Results <-
list(`bwaOutput/20210421msiMNRsJenny/238659_S9.sam` = list(GM09_SNP1 = list(
    All = list(Freqs = structure(c(19L, 5198L, 1382L, 9L, 15L, 
    13L, 4207L, 4L, 0L, 2L, 1L, 61L, 7L, 1L, 0L), .Dim = c(5L, 
    3L), .Dimnames = structure(list(c("-1", "0", "1", "2", NA
    ), c("A", "G", NA)), .Names = c("", "")), class = "table"), 
        N = 10919L), Tag.Distribution = structure(c(`1` = 212L, 
    `2` = 49L, `3` = 45L, `4` = 43L, `5` = 44L, `6` = 39L, `7` = 30L, 
    `8` = 25L, `9` = 17L, `10` = 29L, `11` = 28L, `12` = 26L, 
    `13` = 20L, `14` = 23L, `15` = 15L, `16` = 17L, `17` = 18L, 
    `18` = 19L, `19` = 8L, `20` = 2L, `21` = 12L, `22` = 12L, 
    `23` = 10L, `24` = 9L, `25` = 11L, `26` = 6L, `27` = 11L, 
    `28` = 9L, `29` = 5L, `30` = 6L, `31` = 6L, `32` = 11L, `33` = 6L, 
    `34` = 7L, `35` = 3L, `36` = 7L, `37` = 6L, `38` = 7L, `39` = 5L, 
    `40` = 3L, `41` = 2L, `42` = 4L, `43` = 1L, `44` = 2L, `45` = 1L, 
    `47` = 2L, `48` = 5L, `50` = 2L, `51` = 1L, `52` = 2L, `53` = 1L, 
    `55` = 1L, `56` = 3L, `58` = 1L, `62` = 2L, `65` = 1L, `66` = 1L, 
    `72` = 1L, `77` = 1L), .Dim = 59L, .Dimnames = structure(list(
        c("1", "2", "3", "4", "5", "6", "7", "8", "9", "10", 
        "11", "12", "13", "14", "15", "16", "17", "18", "19", 
        "20", "21", "22", "23", "24", "25", "26", "27", "28", 
        "29", "30", "31", "32", "33", "34", "35", "36", "37", 
        "38", "39", "40", "41", "42", "43", "44", "45", "47", 
        "48", "50", "51", "52", "53", "55", "56", "58", "62", 
        "65", "66", "72", "77")), .Names = ""), class = "table"), 
    No.Tag = structure(c(0L, 101L, 21L, 0L, 2L, 0L, 170L, 0L, 
    0L, 0L, 0L, 6L, 2L, 0L, 0L), .Dim = c(5L, 3L), .Dimnames = structure(list(
        c("-1", "0", "1", "2", NA), c("A", "G", NA)), .Names = c("", 
    "")), class = "table"), All.Tags = list(Concordant = list(
        Freqs = structure(c(0, 353, 86, 0, 0, 295, 0, 0), .Dim = c(4L, 
        2L), .Dimnames = list(c("-1", "0", "1", "2"), c("A", 
        "G"))), N = 734), Majority = list(Freqs = structure(c(0, 
    410, 122, 0, 0, 346, 0, 0), .Dim = c(4L, 2L), .Dimnames = list(
        c("-1", "0", "1", "2"), c("A", "G"))), N = 878)), `2` = structure(c(0, 
    314, 93, 0, 0, 270, 0, 0), .Dim = c(4L, 2L), .Dimnames = list(
        c("-1", "0", "1", "2"), c("A", "G"))))))
