Results <-
list(`bwaOutput/20210421msiMNRsJenny/238659_S9.sam` = list(LR20_SNP1 = list(
    All = list(Freqs = structure(c(46L, 7567L, 19L, 3L, 0L, 1L, 
    0L, 0L, 0L, 25L, 0L, 0L), .Dim = 4:3, .Dimnames = structure(list(
        c("-1", "0", "1", NA), c("A", "T", NA)), .Names = c("", 
    "")), class = "table"), N = 7661L), Tag.Distribution = structure(c(`1` = 144L, 
    `2` = 40L, `3` = 38L, `4` = 30L, `5` = 27L, `6` = 29L, `7` = 23L, 
    `8` = 20L, `9` = 9L, `10` = 16L, `11` = 17L, `12` = 16L, 
    `13` = 18L, `14` = 14L, `15` = 10L, `16` = 10L, `17` = 9L, 
    `18` = 10L, `19` = 8L, `20` = 11L, `21` = 9L, `22` = 4L, 
    `23` = 9L, `24` = 2L, `25` = 7L, `26` = 7L, `27` = 4L, `28` = 5L, 
    `29` = 5L, `30` = 9L, `31` = 4L, `32` = 5L, `33` = 11L, `34` = 9L, 
    `35` = 1L, `36` = 5L, `37` = 3L, `38` = 3L, `39` = 2L, `40` = 2L, 
    `41` = 2L, `42` = 2L, `43` = 3L, `44` = 1L, `46` = 1L, `47` = 2L, 
    `48` = 2L, `49` = 3L, `51` = 1L, `52` = 2L, `55` = 1L, `60` = 1L, 
    `63` = 1L, `75` = 1L), .Dim = 54L, .Dimnames = structure(list(
        c("1", "2", "3", "4", "5", "6", "7", "8", "9", "10", 
        "11", "12", "13", "14", "15", "16", "17", "18", "19", 
        "20", "21", "22", "23", "24", "25", "26", "27", "28", 
        "29", "30", "31", "32", "33", "34", "35", "36", "37", 
        "38", "39", "40", "41", "42", "43", "44", "46", "47", 
        "48", "49", "51", "52", "55", "60", "63", "75")), .Names = ""), class = "table"), 
    No.Tag = structure(c(0L, 270L, 1L, 1L, 0L, 0L, 0L, 0L, 0L, 
    3L, 0L, 0L), .Dim = 4:3, .Dimnames = structure(list(c("-1", 
    "0", "1", NA), c("A", "T", NA)), .Names = c("", "")), class = "table"), 
    All.Tags = list(Concordant = list(Freqs = structure(c(2, 
    600, 1, 0, 0, 0), .Dim = 3:2, .Dimnames = list(c("-1", "0", 
    "1"), c("A", "T"))), N = 603), Majority = list(Freqs = structure(c(2, 
    622, 1, 0, 0, 0), .Dim = 3:2, .Dimnames = list(c("-1", "0", 
    "1"), c("A", "T"))), N = 625)), `2` = structure(c(1, 481, 
    1, 0, 0, 0), .Dim = 3:2, .Dimnames = list(c("-1", "0", "1"
    ), c("A", "T"))))))
