Results <-
list(`bwaOutput/20210421msiMNRsJenny/238659_S9.sam` = list(IM16_SNP1 = list(
    All = list(Freqs = structure(c(109L, 3000L, 42L, 4L, 76L, 
    3909L, 71L, 2L, 1L, 105L, 5L, 0L), .Dim = 4:3, .Dimnames = structure(list(
        c("-1", "0", "1", NA), c("A", "G", NA)), .Names = c("", 
    "")), class = "table"), N = 7324L), Tag.Distribution = structure(c(`1` = 121L, 
    `2` = 32L, `3` = 29L, `4` = 33L, `5` = 26L, `6` = 31L, `7` = 24L, 
    `8` = 22L, `9` = 18L, `10` = 14L, `11` = 17L, `12` = 20L, 
    `13` = 10L, `14` = 18L, `15` = 13L, `16` = 12L, `17` = 13L, 
    `18` = 6L, `19` = 5L, `20` = 9L, `21` = 7L, `22` = 7L, `23` = 9L, 
    `24` = 4L, `25` = 8L, `26` = 4L, `28` = 4L, `29` = 4L, `30` = 6L, 
    `31` = 7L, `32` = 4L, `33` = 12L, `34` = 3L, `35` = 3L, `36` = 4L, 
    `37` = 3L, `38` = 2L, `39` = 3L, `40` = 1L, `41` = 3L, `44` = 1L, 
    `45` = 2L, `46` = 2L, `47` = 1L, `48` = 1L, `49` = 2L, `50` = 2L, 
    `52` = 1L, `53` = 1L, `56` = 1L, `60` = 1L, `62` = 2L, `64` = 2L
    ), .Dim = 53L, .Dimnames = structure(list(c("1", "2", "3", 
    "4", "5", "6", "7", "8", "9", "10", "11", "12", "13", "14", 
    "15", "16", "17", "18", "19", "20", "21", "22", "23", "24", 
    "25", "26", "28", "29", "30", "31", "32", "33", "34", "35", 
    "36", "37", "38", "39", "40", "41", "44", "45", "46", "47", 
    "48", "49", "50", "52", "53", "56", "60", "62", "64")), .Names = ""), class = "table"), 
    No.Tag = structure(c(2L, 103L, 1L, 0L, 3L, 164L, 3L, 1L, 
    0L, 14L, 0L, 0L), .Dim = 4:3, .Dimnames = structure(list(
        c("-1", "0", "1", NA), c("A", "G", NA)), .Names = c("", 
    "")), class = "table"), All.Tags = list(Concordant = list(
        Freqs = structure(c(10, 188, 2, 7, 245, 2), .Dim = 3:2, .Dimnames = list(
            c("-1", "0", "1"), c("A", "G"))), N = 454), Majority = list(
        Freqs = structure(c(11, 242, 3, 7, 314, 2), .Dim = 3:2, .Dimnames = list(
            c("-1", "0", "1"), c("A", "G"))), N = 579)), `2` = structure(c(10, 
    195, 1, 2, 256, 1), .Dim = 3:2, .Dimnames = list(c("-1", 
    "0", "1"), c("A", "G"))))))
