Results <-
list(`bwaOutput/20210421msiMNRsJenny/238659_S9.sam` = list(IM49_SNP1 = list(
    All = list(Freqs = structure(c(1L, 1L, 8L, 0L, 0L, 6L, 480L, 
    4290L, 93L, 26L, 0L, 12L, 225L, 7L, 0L), .Dim = c(5L, 3L), .Dimnames = structure(list(
        c("-2", "-1", "0", "1", NA), c("C", "G", NA)), .Names = c("", 
    "")), class = "table"), N = 5149L), Tag.Distribution = structure(c(`1` = 133L, 
    `2` = 27L, `3` = 30L, `4` = 27L, `5` = 34L, `6` = 18L, `7` = 19L, 
    `8` = 22L, `9` = 14L, `10` = 11L, `11` = 13L, `12` = 18L, 
    `13` = 16L, `14` = 10L, `15` = 12L, `16` = 17L, `17` = 9L, 
    `18` = 9L, `19` = 6L, `20` = 7L, `21` = 3L, `22` = 5L, `23` = 6L, 
    `24` = 3L, `25` = 2L, `26` = 3L, `27` = 4L, `28` = 4L, `29` = 4L, 
    `30` = 5L, `31` = 1L, `32` = 3L, `33` = 3L, `34` = 4L, `35` = 3L, 
    `36` = 1L, `37` = 1L, `38` = 1L, `39` = 3L, `40` = 2L, `41` = 1L, 
    `42` = 1L, `44` = 1L, `46` = 1L, `53` = 1L, `55` = 1L), .Dim = 46L, .Dimnames = structure(list(
        c("1", "2", "3", "4", "5", "6", "7", "8", "9", "10", 
        "11", "12", "13", "14", "15", "16", "17", "18", "19", 
        "20", "21", "22", "23", "24", "25", "26", "27", "28", 
        "29", "30", "31", "32", "33", "34", "35", "36", "37", 
        "38", "39", "40", "41", "42", "44", "46", "53", "55")), .Names = ""), class = "table"), 
    No.Tag = structure(c(0L, 0L, 1L, 0L, 0L, 0L, 11L, 132L, 0L, 
    2L, 0L, 1L, 13L, 0L, 0L), .Dim = c(5L, 3L), .Dimnames = structure(list(
        c("-2", "-1", "0", "1", NA), c("C", "G", NA)), .Names = c("", 
    "")), class = "table"), All.Tags = list(Concordant = list(
        Freqs = structure(c(1, 1, 4, 0, 0, 31, 319, 1), .Dim = c(4L, 
        2L), .Dimnames = list(c("-2", "-1", "0", "1"), c("C", 
        "G"))), N = 357), Majority = list(Freqs = structure(c(1, 
    1, 5, 0, 0, 40, 448, 1), .Dim = c(4L, 2L), .Dimnames = list(
        c("-2", "-1", "0", "1"), c("C", "G"))), N = 496)), `2` = structure(c(0, 
    0, 1, 0, 0, 30, 352, 0), .Dim = c(4L, 2L), .Dimnames = list(
        c("-2", "-1", "0", "1"), c("C", "G"))))))
