Results <-
list(`bwaOutput/20210421msiMNRsJenny/238659_S9.sam` = list(LR46_SNP1 = list(
    All = list(Freqs = structure(c(0L, 1L, 0L, 0L, 88L, 5497L, 
    25L, 32L, 0L, 4L, 0L, 0L, 1L, 46L, 0L, 0L), .Dim = c(4L, 
    4L), .Dimnames = structure(list(c("-1", "0", "1", NA), c("A", 
    "G", "T", NA)), .Names = c("", "")), class = "table"), N = 5694L), 
    Tag.Distribution = structure(c(`1` = 139L, `2` = 23L, `3` = 21L, 
    `4` = 15L, `5` = 15L, `6` = 20L, `7` = 17L, `8` = 16L, `9` = 18L, 
    `10` = 8L, `11` = 13L, `12` = 11L, `13` = 4L, `14` = 5L, 
    `15` = 6L, `16` = 8L, `17` = 8L, `18` = 15L, `19` = 7L, `20` = 11L, 
    `21` = 7L, `22` = 3L, `23` = 5L, `24` = 6L, `25` = 3L, `26` = 1L, 
    `27` = 2L, `28` = 5L, `29` = 3L, `30` = 5L, `31` = 4L, `33` = 3L, 
    `34` = 1L, `36` = 2L, `37` = 1L, `38` = 1L, `39` = 2L, `40` = 2L, 
    `41` = 1L, `42` = 3L, `43` = 1L, `45` = 2L, `46` = 3L, `47` = 1L, 
    `48` = 1L, `49` = 2L, `51` = 2L, `52` = 1L, `53` = 1L, `54` = 1L, 
    `55` = 2L, `58` = 1L, `59` = 2L, `65` = 1L, `66` = 1L, `73` = 1L, 
    `78` = 1L, `94` = 1L), .Dim = 58L, .Dimnames = structure(list(
        c("1", "2", "3", "4", "5", "6", "7", "8", "9", "10", 
        "11", "12", "13", "14", "15", "16", "17", "18", "19", 
        "20", "21", "22", "23", "24", "25", "26", "27", "28", 
        "29", "30", "31", "33", "34", "36", "37", "38", "39", 
        "40", "41", "42", "43", "45", "46", "47", "48", "49", 
        "51", "52", "53", "54", "55", "58", "59", "65", "66", 
        "73", "78", "94")), .Names = ""), class = "table"), No.Tag = structure(c(0L, 
    0L, 0L, 0L, 2L, 189L, 0L, 6L, 0L, 2L, 0L, 0L, 0L, 9L, 0L, 
    0L), .Dim = c(4L, 4L), .Dimnames = structure(list(c("-1", 
    "0", "1", NA), c("A", "G", "T", NA)), .Names = c("", "")), class = "table"), 
    All.Tags = list(Concordant = list(Freqs = structure(c(0, 
    0, 0, 9, 416, 1, 0, 1, 0), .Dim = c(3L, 3L), .Dimnames = list(
        c("-1", "0", "1"), c("A", "G", "T"))), N = 427), Majority = list(
        Freqs = structure(c(0, 0, 0, 9, 443, 1, 0, 1, 0), .Dim = c(3L, 
        3L), .Dimnames = list(c("-1", "0", "1"), c("A", "G", 
        "T"))), N = 454)), `2` = structure(c(0, 0, 0, 7, 318, 
    1, 0, 0, 0), .Dim = c(3L, 3L), .Dimnames = list(c("-1", "0", 
    "1"), c("A", "G", "T"))))))
