Results <-
list(`bwaOutput/20210421msiMNRsJenny/238659_S9.sam` = list(GM01_SNP1 = list(
    All = list(Freqs = structure(c(1L, 95L, 5147L, 28L, 1L, 4L, 
    0L, 0L, 1L, 0L, 0L, 0L, 2L, 145L, 5877L, 15L, 0L, 6L, 0L, 
    0L, 1L, 0L, 0L, 0L, 0L, 4L, 143L, 3L, 0L, 0L), .Dim = 6:5, .Dimnames = structure(list(
        c("-2", "-1", "0", "1", "2", NA), c("A", "C", "G", "T", 
        NA)), .Names = c("", "")), class = "table"), N = 11473L), 
    Tag.Distribution = structure(c(`1` = 220L, `2` = 53L, `3` = 32L, 
    `4` = 28L, `5` = 35L, `6` = 35L, `7` = 25L, `8` = 17L, `9` = 27L, 
    `10` = 23L, `11` = 22L, `12` = 24L, `13` = 22L, `14` = 14L, 
    `15` = 22L, `16` = 20L, `17` = 18L, `18` = 20L, `19` = 19L, 
    `20` = 12L, `21` = 11L, `22` = 11L, `23` = 10L, `24` = 9L, 
    `25` = 12L, `26` = 14L, `27` = 9L, `28` = 3L, `29` = 17L, 
    `30` = 15L, `31` = 14L, `32` = 7L, `33` = 5L, `34` = 6L, 
    `35` = 8L, `36` = 7L, `37` = 3L, `38` = 4L, `39` = 4L, `40` = 4L, 
    `42` = 5L, `43` = 2L, `44` = 2L, `45` = 2L, `46` = 3L, `47` = 3L, 
    `48` = 2L, `49` = 2L, `51` = 1L, `52` = 2L, `53` = 1L, `54` = 1L, 
    `58` = 2L, `63` = 1L, `69` = 1L, `71` = 1L, `77` = 1L), .Dim = 57L, .Dimnames = structure(list(
        c("1", "2", "3", "4", "5", "6", "7", "8", "9", "10", 
        "11", "12", "13", "14", "15", "16", "17", "18", "19", 
        "20", "21", "22", "23", "24", "25", "26", "27", "28", 
        "29", "30", "31", "32", "33", "34", "35", "36", "37", 
        "38", "39", "40", "42", "43", "44", "45", "46", "47", 
        "48", "49", "51", "52", "53", "54", "58", "63", "69", 
        "71", "77")), .Names = ""), class = "table"), No.Tag = structure(c(0L, 
    3L, 148L, 0L, 0L, 1L, 0L, 0L, 0L, 0L, 0L, 0L, 0L, 1L, 83L, 
    0L, 0L, 0L, 0L, 0L, 0L, 0L, 0L, 0L, 0L, 0L, 9L, 0L, 0L, 0L
    ), .Dim = 6:5, .Dimnames = structure(list(c("-2", "-1", "0", 
    "1", "2", NA), c("A", "C", "G", "T", NA)), .Names = c("", 
    "")), class = "table"), All.Tags = list(Concordant = list(
        Freqs = structure(c(0, 0, 303, 0, 0, 0, 0, 0, 0, 0, 1, 
        4, 371, 0, 0, 0, 0, 0, 0, 0), .Dim = 5:4, .Dimnames = list(
            c("-2", "-1", "0", "1", "2"), c("A", "C", "G", "T"
            ))), N = 679), Majority = list(Freqs = structure(c(0, 
    1, 397, 0, 0, 0, 0, 0, 0, 0, 1, 5, 474, 0, 0, 0, 0, 0, 0, 
    0), .Dim = 5:4, .Dimnames = list(c("-2", "-1", "0", "1", 
    "2"), c("A", "C", "G", "T"))), N = 878)), `2` = structure(c(0, 
    1, 300, 0, 0, 0, 0, 0, 0, 0, 0, 1, 366, 0, 0, 0, 0, 0, 0, 
    0), .Dim = 5:4, .Dimnames = list(c("-2", "-1", "0", "1", 
    "2"), c("A", "C", "G", "T"))))))
