Results <-
list(`bwaOutput/20210421msiMNRsJenny/238659_S9.sam` = list(DEPDC2_SNP1 = list(
    All = list(Freqs = structure(c(0L, 0L, 6L, 0L, 0L, 2L, 42L, 
    5781L, 30L, 30L, 0L, 0L, 43L, 0L, 0L), .Dim = c(5L, 3L), .Dimnames = structure(list(
        c("-2", "-1", "0", "1", NA), c("C", "T", NA)), .Names = c("", 
    "")), class = "table"), N = 5934L), Tag.Distribution = structure(c(`1` = 193L, 
    `2` = 35L, `3` = 37L, `4` = 34L, `5` = 30L, `6` = 24L, `7` = 15L, 
    `8` = 21L, `9` = 19L, `10` = 19L, `11` = 16L, `12` = 12L, 
    `13` = 16L, `14` = 12L, `15` = 15L, `16` = 8L, `17` = 11L, 
    `18` = 12L, `19` = 9L, `20` = 3L, `21` = 7L, `22` = 8L, `23` = 5L, 
    `24` = 9L, `25` = 8L, `26` = 7L, `27` = 5L, `28` = 2L, `29` = 1L, 
    `30` = 6L, `31` = 2L, `32` = 3L, `33` = 1L, `34` = 1L, `35` = 3L, 
    `36` = 2L, `37` = 1L, `38` = 4L, `40` = 3L, `41` = 2L, `42` = 1L, 
    `43` = 1L, `44` = 1L, `45` = 1L, `46` = 1L, `47` = 1L, `51` = 1L, 
    `59` = 1L), .Dim = 48L, .Dimnames = structure(list(c("1", 
    "2", "3", "4", "5", "6", "7", "8", "9", "10", "11", "12", 
    "13", "14", "15", "16", "17", "18", "19", "20", "21", "22", 
    "23", "24", "25", "26", "27", "28", "29", "30", "31", "32", 
    "33", "34", "35", "36", "37", "38", "40", "41", "42", "43", 
    "44", "45", "46", "47", "51", "59")), .Names = ""), class = "table"), 
    No.Tag = structure(c(0L, 0L, 0L, 0L, 0L, 0L, 1L, 199L, 0L, 
    3L, 0L, 0L, 4L, 0L, 0L), .Dim = c(5L, 3L), .Dimnames = structure(list(
        c("-2", "-1", "0", "1", NA), c("C", "T", NA)), .Names = c("", 
    "")), class = "table"), All.Tags = list(Concordant = list(
        Freqs = structure(c(0, 0, 2, 0, 0, 1, 570, 0), .Dim = c(4L, 
        2L), .Dimnames = list(c("-2", "-1", "0", "1"), c("C", 
        "T"))), N = 573), Majority = list(Freqs = structure(c(0, 
    0, 2, 0, 0, 1, 616, 1), .Dim = c(4L, 2L), .Dimnames = list(
        c("-2", "-1", "0", "1"), c("C", "T"))), N = 620)), `2` = structure(c(0, 
    0, 0, 0, 0, 1, 433, 1), .Dim = c(4L, 2L), .Dimnames = list(
        c("-2", "-1", "0", "1"), c("C", "T"))))))
