Results <-
list(`bwaOutput/20210421msiMNRsJenny/238659_S9.sam` = list(LR44_SNP1 = list(
    All = list(Freqs = structure(c(6L, 209L, 908L, 4126L, 91L, 
    1L, 28L, 0L, 0L, 10L, 58L, 0L, 0L, 0L, 0L, 2L, 16L, 137L, 
    2L, 0L, 0L), .Dim = c(7L, 3L), .Dimnames = structure(list(
        c("-3", "-2", "-1", "0", "1", "2", NA), c("C", "T", NA
        )), .Names = c("", "")), class = "table"), N = 5594L), 
    Tag.Distribution = structure(c(`1` = 102L, `2` = 34L, `3` = 22L, 
    `4` = 17L, `5` = 18L, `6` = 18L, `7` = 23L, `8` = 25L, `9` = 11L, 
    `10` = 19L, `11` = 21L, `12` = 12L, `13` = 9L, `14` = 19L, 
    `15` = 6L, `16` = 11L, `17` = 11L, `18` = 6L, `19` = 7L, 
    `20` = 6L, `21` = 3L, `22` = 6L, `23` = 4L, `24` = 5L, `25` = 3L, 
    `26` = 11L, `27` = 7L, `28` = 2L, `29` = 4L, `30` = 7L, `31` = 4L, 
    `32` = 2L, `33` = 3L, `34` = 2L, `35` = 2L, `36` = 2L, `38` = 2L, 
    `39` = 4L, `40` = 4L, `41` = 1L, `42` = 2L, `44` = 1L, `45` = 1L, 
    `47` = 1L, `48` = 1L, `49` = 1L, `50` = 1L, `51` = 1L, `63` = 1L
    ), .Dim = 49L, .Dimnames = structure(list(c("1", "2", "3", 
    "4", "5", "6", "7", "8", "9", "10", "11", "12", "13", "14", 
    "15", "16", "17", "18", "19", "20", "21", "22", "23", "24", 
    "25", "26", "27", "28", "29", "30", "31", "32", "33", "34", 
    "35", "36", "38", "39", "40", "41", "42", "44", "45", "47", 
    "48", "49", "50", "51", "63")), .Names = ""), class = "table"), 
    No.Tag = structure(c(0L, 24L, 13L, 74L, 2L, 0L, 1L, 0L, 0L, 
    0L, 1L, 0L, 0L, 0L, 0L, 0L, 2L, 3L, 0L, 0L, 0L), .Dim = c(7L, 
    3L), .Dimnames = structure(list(c("-3", "-2", "-1", "0", 
    "1", "2", NA), c("C", "T", NA)), .Names = c("", "")), class = "table"), 
    All.Tags = list(Concordant = list(Freqs = structure(c(0, 
    14, 43, 225, 2, 0, 0, 0, 0, 3, 0, 0), .Dim = c(6L, 2L), .Dimnames = list(
        c("-3", "-2", "-1", "0", "1", "2"), c("C", "T"))), N = 287), 
        Majority = list(Freqs = structure(c(0, 18, 61, 379, 4, 
        0, 0, 0, 0, 6, 0, 0), .Dim = c(6L, 2L), .Dimnames = list(
            c("-3", "-2", "-1", "0", "1", "2"), c("C", "T"))), 
            N = 468)), `2` = structure(c(0, 13, 44, 308, 2, 0, 
    0, 0, 0, 6, 0, 0), .Dim = c(6L, 2L), .Dimnames = list(c("-3", 
    "-2", "-1", "0", "1", "2"), c("C", "T"))))))
