Results <-
list(`bwaOutput/20210421msiMNRsJenny/238659_S9.sam` = list(LR49_SNP1 = list(
    All = list(Freqs = structure(c(1L, 21L, 7744L, 4L, 6L, 0L, 
    1L, 13L, 0L, 0L, 0L, 0L, 167L, 0L, 0L), .Dim = c(5L, 3L), .Dimnames = structure(list(
        c("-2", "-1", "0", "1", NA), c("A", "G", NA)), .Names = c("", 
    "")), class = "table"), N = 7957L), Tag.Distribution = structure(c(`1` = 214L, 
    `2` = 49L, `3` = 45L, `4` = 24L, `5` = 43L, `6` = 29L, `7` = 27L, 
    `8` = 22L, `9` = 28L, `10` = 31L, `11` = 24L, `12` = 15L, 
    `13` = 17L, `14` = 15L, `15` = 16L, `16` = 14L, `17` = 18L, 
    `18` = 15L, `19` = 11L, `20` = 13L, `21` = 10L, `22` = 13L, 
    `23` = 4L, `24` = 10L, `25` = 6L, `26` = 5L, `27` = 6L, `28` = 2L, 
    `29` = 7L, `30` = 6L, `32` = 3L, `33` = 3L, `34` = 3L, `35` = 6L, 
    `36` = 2L, `37` = 2L, `38` = 2L, `39` = 2L, `41` = 3L, `42` = 1L, 
    `44` = 1L, `46` = 1L, `47` = 2L, `48` = 1L, `49` = 1L, `50` = 1L, 
    `52` = 2L, `53` = 2L, `55` = 2L, `59` = 1L, `66` = 1L), .Dim = 51L, .Dimnames = structure(list(
        c("1", "2", "3", "4", "5", "6", "7", "8", "9", "10", 
        "11", "12", "13", "14", "15", "16", "17", "18", "19", 
        "20", "21", "22", "23", "24", "25", "26", "27", "28", 
        "29", "30", "32", "33", "34", "35", "36", "37", "38", 
        "39", "41", "42", "44", "46", "47", "48", "49", "50", 
        "52", "53", "55", "59", "66")), .Names = ""), class = "table"), 
    No.Tag = structure(c(0L, 0L, 234L, 0L, 2L, 0L, 0L, 2L, 0L, 
    0L, 0L, 0L, 19L, 0L, 0L), .Dim = c(5L, 3L), .Dimnames = structure(list(
        c("-2", "-1", "0", "1", NA), c("A", "G", NA)), .Names = c("", 
    "")), class = "table"), All.Tags = list(Concordant = list(
        Freqs = structure(c(1, 3, 731, 0, 0, 1, 7, 0), .Dim = c(4L, 
        2L), .Dimnames = list(c("-2", "-1", "0", "1"), c("A", 
        "G"))), N = 743), Majority = list(Freqs = structure(c(1, 
    3, 750, 0, 0, 1, 7, 0), .Dim = c(4L, 2L), .Dimnames = list(
        c("-2", "-1", "0", "1"), c("A", "G"))), N = 762)), `2` = structure(c(0, 
    1, 564, 0, 0, 0, 0, 0), .Dim = c(4L, 2L), .Dimnames = list(
        c("-2", "-1", "0", "1"), c("A", "G"))))))
