Results <-
list(`bwaOutput/20210421msiMNRsJenny/238659_S9.sam` = list(GM17_SNP1 = list(
    All = list(Freqs = structure(c(0L, 0L, 3L, 0L, 0L, 1L, 40L, 
    3278L, 9L, 3L, 0L, 36L, 3295L, 12L, 3L, 0L, 1L, 197L, 0L, 
    0L), .Dim = 5:4, .Dimnames = structure(list(c("-2", "-1", 
    "0", "1", NA), c("A", "C", "T", NA)), .Names = c("", "")), class = "table"), 
        N = 6878L), Tag.Distribution = structure(c(`1` = 133L, 
    `2` = 33L, `3` = 20L, `4` = 23L, `5` = 14L, `6` = 17L, `7` = 23L, 
    `8` = 19L, `9` = 20L, `10` = 20L, `11` = 13L, `12` = 13L, 
    `13` = 14L, `14` = 12L, `15` = 10L, `16` = 15L, `17` = 15L, 
    `18` = 14L, `19` = 10L, `20` = 7L, `21` = 12L, `22` = 6L, 
    `23` = 3L, `24` = 8L, `25` = 5L, `26` = 1L, `27` = 8L, `28` = 5L, 
    `29` = 7L, `30` = 5L, `31` = 6L, `32` = 6L, `33` = 3L, `35` = 4L, 
    `36` = 1L, `37` = 2L, `38` = 5L, `39` = 2L, `40` = 1L, `41` = 2L, 
    `42` = 2L, `43` = 2L, `44` = 1L, `45` = 3L, `46` = 1L, `47` = 1L, 
    `48` = 1L, `49` = 1L, `50` = 1L, `51` = 1L, `52` = 2L, `53` = 1L, 
    `56` = 1L, `88` = 1L), .Dim = 54L, .Dimnames = structure(list(
        c("1", "2", "3", "4", "5", "6", "7", "8", "9", "10", 
        "11", "12", "13", "14", "15", "16", "17", "18", "19", 
        "20", "21", "22", "23", "24", "25", "26", "27", "28", 
        "29", "30", "31", "32", "33", "35", "36", "37", "38", 
        "39", "40", "41", "42", "43", "44", "45", "46", "47", 
        "48", "49", "50", "51", "52", "53", "56", "88")), .Names = ""), class = "table"), 
    No.Tag = structure(c(0L, 0L, 0L, 0L, 0L, 0L, 1L, 131L, 0L, 
    0L, 0L, 0L, 78L, 1L, 0L, 0L, 0L, 12L, 0L, 0L), .Dim = 5:4, .Dimnames = structure(list(
        c("-2", "-1", "0", "1", NA), c("A", "C", "T", NA)), .Names = c("", 
    "")), class = "table"), All.Tags = list(Concordant = list(
        Freqs = structure(c(0, 0, 0, 0, 0, 1, 222, 0, 0, 0, 228, 
        0), .Dim = 4:3, .Dimnames = list(c("-2", "-1", "0", "1"
        ), c("A", "C", "T"))), N = 451), Majority = list(Freqs = structure(c(0, 
    0, 0, 0, 0, 1, 272, 0, 0, 0, 270, 0), .Dim = 4:3, .Dimnames = list(
        c("-2", "-1", "0", "1"), c("A", "C", "T"))), N = 543)), 
    `2` = structure(c(0, 0, 0, 0, 0, 0, 206, 0, 0, 0, 212, 0), .Dim = 4:3, .Dimnames = list(
        c("-2", "-1", "0", "1"), c("A", "C", "T"))))))
