Results <-
list(`bwaOutput/20210421msiMNRsJenny/238659_S9.sam` = list(LR17_SNP1 = list(
    All = list(Freqs = structure(c(6L, 74L, 2424L, 11061L, 125L, 
    4L, 144L, 0L, 0L, 0L, 3L, 0L, 0L, 0L, 0L, 0L, 113L, 810L, 
    3L, 0L, 0L), .Dim = c(7L, 3L), .Dimnames = structure(list(
        c("-3", "-2", "-1", "0", "1", "2", NA), c("A", "G", NA
        )), .Names = c("", "")), class = "table"), N = 14767L), 
    Tag.Distribution = structure(c(`1` = 312L, `2` = 43L, `3` = 28L, 
    `4` = 27L, `5` = 33L, `6` = 25L, `7` = 30L, `8` = 30L, `9` = 39L, 
    `10` = 21L, `11` = 28L, `12` = 37L, `13` = 22L, `14` = 23L, 
    `15` = 15L, `16` = 27L, `17` = 19L, `18` = 18L, `19` = 19L, 
    `20` = 18L, `21` = 14L, `22` = 15L, `23` = 17L, `24` = 12L, 
    `25` = 12L, `26` = 15L, `27` = 9L, `28` = 16L, `29` = 18L, 
    `30` = 14L, `31` = 5L, `32` = 10L, `33` = 5L, `34` = 5L, 
    `35` = 7L, `36` = 5L, `37` = 4L, `38` = 10L, `39` = 4L, `40` = 10L, 
    `41` = 6L, `42` = 4L, `43` = 6L, `44` = 7L, `45` = 4L, `46` = 2L, 
    `47` = 4L, `48` = 1L, `49` = 3L, `50` = 1L, `51` = 1L, `52` = 6L, 
    `54` = 1L, `57` = 1L, `60` = 1L, `61` = 2L, `62` = 1L, `64` = 1L, 
    `65` = 1L, `67` = 1L, `71` = 1L, `75` = 2L), .Dim = 62L, .Dimnames = structure(list(
        c("1", "2", "3", "4", "5", "6", "7", "8", "9", "10", 
        "11", "12", "13", "14", "15", "16", "17", "18", "19", 
        "20", "21", "22", "23", "24", "25", "26", "27", "28", 
        "29", "30", "31", "32", "33", "34", "35", "36", "37", 
        "38", "39", "40", "41", "42", "43", "44", "45", "46", 
        "47", "48", "49", "50", "51", "52", "54", "57", "60", 
        "61", "62", "64", "65", "67", "71", "75")), .Names = ""), class = "table"), 
    No.Tag = structure(c(0L, 1L, 80L, 552L, 5L, 0L, 8L, 0L, 0L, 
    0L, 0L, 0L, 0L, 0L, 0L, 0L, 6L, 49L, 0L, 0L, 0L), .Dim = c(7L, 
    3L), .Dimnames = structure(list(c("-3", "-2", "-1", "0", 
    "1", "2", NA), c("A", "G", NA)), .Names = c("", "")), class = "table"), 
    All.Tags = list(Concordant = list(Freqs = structure(c(1, 
    2, 100, 589, 0, 0, 0, 0, 0, 0, 0, 0), .Dim = c(6L, 2L), .Dimnames = list(
        c("-3", "-2", "-1", "0", "1", "2"), c("A", "G"))), N = 692), 
        Majority = list(Freqs = structure(c(1, 2, 150, 872, 0, 
        0, 0, 0, 0, 0, 0, 0), .Dim = c(6L, 2L), .Dimnames = list(
            c("-3", "-2", "-1", "0", "1", "2"), c("A", "G"))), 
            N = 1025)), `2` = structure(c(1, 1, 112, 646, 0, 
    0, 0, 0, 0, 0, 0, 0), .Dim = c(6L, 2L), .Dimnames = list(
        c("-3", "-2", "-1", "0", "1", "2"), c("A", "G"))))))
