Results <-
list(`bwaOutput/20210421msiMNRsJenny/238659_S9.sam` = list(GM22_SNP1 = list(
    All = list(Freqs = structure(c(2L, 107L, 5023L, 17L, 10L, 
    3L, 69L, 4620L, 17L, 8L, 0L, 0L, 1L, 0L, 0L, 1L, 5L, 218L, 
    1L, 0L), .Dim = 5:4, .Dimnames = structure(list(c("-2", "-1", 
    "0", "1", NA), c("A", "G", "T", NA)), .Names = c("", "")), class = "table"), 
        N = 10102L), Tag.Distribution = structure(c(`1` = 192L, 
    `2` = 32L, `3` = 29L, `4` = 33L, `5` = 25L, `6` = 22L, `7` = 25L, 
    `8` = 26L, `9` = 32L, `10` = 19L, `11` = 19L, `12` = 20L, 
    `13` = 15L, `14` = 19L, `15` = 18L, `16` = 19L, `17` = 15L, 
    `18` = 17L, `19` = 13L, `20` = 13L, `21` = 6L, `22` = 10L, 
    `23` = 9L, `24` = 9L, `25` = 12L, `26` = 9L, `27` = 5L, `28` = 9L, 
    `29` = 5L, `30` = 6L, `31` = 3L, `32` = 7L, `33` = 11L, `34` = 5L, 
    `35` = 5L, `36` = 1L, `37` = 5L, `38` = 5L, `39` = 4L, `40` = 3L, 
    `41` = 5L, `42` = 4L, `43` = 3L, `44` = 2L, `45` = 2L, `46` = 6L, 
    `47` = 1L, `48` = 1L, `49` = 2L, `50` = 1L, `51` = 2L, `52` = 2L, 
    `53` = 3L, `55` = 2L, `57` = 1L, `63` = 1L, `64` = 1L), .Dim = 57L, .Dimnames = structure(list(
        c("1", "2", "3", "4", "5", "6", "7", "8", "9", "10", 
        "11", "12", "13", "14", "15", "16", "17", "18", "19", 
        "20", "21", "22", "23", "24", "25", "26", "27", "28", 
        "29", "30", "31", "32", "33", "34", "35", "36", "37", 
        "38", "39", "40", "41", "42", "43", "44", "45", "46", 
        "47", "48", "49", "50", "51", "52", "53", "55", "57", 
        "63", "64")), .Names = ""), class = "table"), No.Tag = structure(c(0L, 
    3L, 160L, 0L, 1L, 0L, 2L, 181L, 0L, 3L, 0L, 0L, 0L, 0L, 0L, 
    1L, 2L, 19L, 0L, 0L), .Dim = 5:4, .Dimnames = structure(list(
        c("-2", "-1", "0", "1", NA), c("A", "G", "T", NA)), .Names = c("", 
    "")), class = "table"), All.Tags = list(Concordant = list(
        Freqs = structure(c(0, 4, 304, 0, 0, 1, 278, 0, 0, 0, 
        0, 0), .Dim = 4:3, .Dimnames = list(c("-2", "-1", "0", 
        "1"), c("A", "G", "T"))), N = 587), Majority = list(Freqs = structure(c(0, 
    4, 386, 0, 0, 2, 353, 0, 0, 0, 0, 0), .Dim = 4:3, .Dimnames = list(
        c("-2", "-1", "0", "1"), c("A", "G", "T"))), N = 745)), 
    `2` = structure(c(0, 1, 290, 0, 0, 2, 280, 0, 0, 0, 0, 0), .Dim = 4:3, .Dimnames = list(
        c("-2", "-1", "0", "1"), c("A", "G", "T"))))))
