Results <-
list(`bwaOutput/20210421msiMNRsJenny/238659_S9.sam` = list(LR24_SNP1 = list(
    All = list(Freqs = structure(c(2L, 691L, 3767L, 15L, 9L, 
    2L, 844L, 3732L, 16L, 11L, 0L, 5L, 49L, 0L, 0L), .Dim = c(5L, 
    3L), .Dimnames = structure(list(c("-2", "-1", "0", "1", NA
    ), c("A", "G", NA)), .Names = c("", "")), class = "table"), 
        N = 9143L), Tag.Distribution = structure(c(`1` = 236L, 
    `2` = 90L, `3` = 62L, `4` = 60L, `5` = 50L, `6` = 41L, `7` = 43L, 
    `8` = 38L, `9` = 40L, `10` = 34L, `11` = 27L, `12` = 19L, 
    `13` = 17L, `14` = 35L, `15` = 26L, `16` = 13L, `17` = 15L, 
    `18` = 22L, `19` = 18L, `20` = 9L, `21` = 7L, `22` = 11L, 
    `23` = 5L, `24` = 5L, `25` = 6L, `26` = 10L, `27` = 4L, `28` = 4L, 
    `29` = 3L, `30` = 7L, `32` = 3L, `33` = 1L, `34` = 6L, `35` = 6L, 
    `36` = 2L, `38` = 2L, `39` = 4L, `40` = 2L, `41` = 2L, `43` = 1L, 
    `45` = 2L, `47` = 1L, `49` = 2L, `51` = 2L, `54` = 1L, `55` = 1L, 
    `56` = 1L, `57` = 1L), .Dim = 48L, .Dimnames = structure(list(
        c("1", "2", "3", "4", "5", "6", "7", "8", "9", "10", 
        "11", "12", "13", "14", "15", "16", "17", "18", "19", 
        "20", "21", "22", "23", "24", "25", "26", "27", "28", 
        "29", "30", "32", "33", "34", "35", "36", "38", "39", 
        "40", "41", "43", "45", "47", "49", "51", "54", "55", 
        "56", "57")), .Names = ""), class = "table"), No.Tag = structure(c(1L, 
    25L, 116L, 0L, 3L, 0L, 40L, 133L, 0L, 4L, 0L, 0L, 9L, 0L, 
    0L), .Dim = c(5L, 3L), .Dimnames = structure(list(c("-2", 
    "-1", "0", "1", NA), c("A", "G", NA)), .Names = c("", "")), class = "table"), 
    All.Tags = list(Concordant = list(Freqs = structure(c(0, 
    60, 352, 0, 0, 72, 355, 1), .Dim = c(4L, 2L), .Dimnames = list(
        c("-2", "-1", "0", "1"), c("A", "G"))), N = 840), Majority = list(
        Freqs = structure(c(0, 78, 400, 0, 0, 87, 411, 2), .Dim = c(4L, 
        2L), .Dimnames = list(c("-2", "-1", "0", "1"), c("A", 
        "G"))), N = 978)), `2` = structure(c(0, 57, 306, 0, 0, 
    73, 314, 1), .Dim = c(4L, 2L), .Dimnames = list(c("-2", "-1", 
    "0", "1"), c("A", "G"))))))
