Results <-
list(`bwaOutput/20210421msiMNRsJenny/238659_S9.sam` = list(GM14_SNP1 = list(
    All = list(Freqs = structure(c(0L, 0L, 1L, 11L, 0L, 0L, 1L, 
    41L, 1083L, 5692L, 42L, 15L, 0L, 0L, 2L, 85L, 0L, 0L), .Dim = c(6L, 
    3L), .Dimnames = structure(list(c("-3", "-2", "-1", "0", 
    "1", NA), c("C", "T", NA)), .Names = c("", "")), class = "table"), 
        N = 6973L), Tag.Distribution = structure(c(`1` = 124L, 
    `2` = 30L, `3` = 23L, `4` = 26L, `5` = 27L, `6` = 22L, `7` = 22L, 
    `8` = 29L, `9` = 20L, `10` = 22L, `11` = 14L, `12` = 21L, 
    `13` = 15L, `14` = 10L, `15` = 16L, `16` = 9L, `17` = 13L, 
    `18` = 9L, `19` = 15L, `20` = 8L, `21` = 2L, `22` = 5L, `23` = 7L, 
    `24` = 6L, `25` = 8L, `26` = 10L, `27` = 12L, `28` = 5L, 
    `29` = 3L, `30` = 6L, `31` = 3L, `32` = 2L, `33` = 4L, `34` = 2L, 
    `35` = 6L, `36` = 1L, `37` = 3L, `38` = 3L, `39` = 2L, `40` = 2L, 
    `41` = 3L, `42` = 3L, `43` = 2L, `44` = 1L, `45` = 1L, `46` = 2L, 
    `47` = 1L, `51` = 1L, `53` = 1L, `54` = 1L, `55` = 1L, `58` = 1L
    ), .Dim = 52L, .Dimnames = structure(list(c("1", "2", "3", 
    "4", "5", "6", "7", "8", "9", "10", "11", "12", "13", "14", 
    "15", "16", "17", "18", "19", "20", "21", "22", "23", "24", 
    "25", "26", "27", "28", "29", "30", "31", "32", "33", "34", 
    "35", "36", "37", "38", "39", "40", "41", "42", "43", "44", 
    "45", "46", "47", "51", "53", "54", "55", "58")), .Names = ""), class = "table"), 
    No.Tag = structure(c(0L, 0L, 0L, 0L, 0L, 0L, 0L, 2L, 80L, 
    55L, 1L, 0L, 0L, 0L, 0L, 4L, 0L, 0L), .Dim = c(6L, 3L), .Dimnames = structure(list(
        c("-3", "-2", "-1", "0", "1", NA), c("C", "T", NA)), .Names = c("", 
    "")), class = "table"), All.Tags = list(Concordant = list(
        Freqs = structure(c(0, 0, 1, 6, 0, 0, 3, 50, 382, 1), .Dim = c(5L, 
        2L), .Dimnames = list(c("-3", "-2", "-1", "0", "1"), 
            c("C", "T"))), N = 443), Majority = list(Freqs = structure(c(0, 
    0, 1, 6, 0, 0, 3, 68, 493, 2), .Dim = c(5L, 2L), .Dimnames = list(
        c("-3", "-2", "-1", "0", "1"), c("C", "T"))), N = 573)), 
    `2` = structure(c(0, 0, 0, 0, 0, 0, 1, 55, 404, 1), .Dim = c(5L, 
    2L), .Dimnames = list(c("-3", "-2", "-1", "0", "1"), c("C", 
    "T"))))))
