Results <-
list(`bwaOutput/20210421msiMNRsJenny/238659_S9.sam` = list(GM29_SNP1 = list(
    All = list(Freqs = structure(c(2L, 105L, 5652L, 19L, 9L, 
    0L, 0L, 1L, 0L, 0L, 0L, 0L, 50L, 0L, 0L), .Dim = c(5L, 3L
    ), .Dimnames = structure(list(c("-2", "-1", "0", "1", NA), 
        c("A", "G", NA)), .Names = c("", "")), class = "table"), 
        N = 5838L), Tag.Distribution = structure(c(`1` = 105L, 
    `2` = 38L, `3` = 26L, `4` = 28L, `5` = 23L, `6` = 16L, `7` = 29L, 
    `8` = 18L, `9` = 13L, `10` = 11L, `11` = 7L, `12` = 16L, 
    `13` = 13L, `14` = 11L, `15` = 9L, `16` = 12L, `17` = 14L, 
    `18` = 4L, `19` = 10L, `20` = 8L, `21` = 2L, `22` = 8L, `23` = 5L, 
    `24` = 6L, `25` = 4L, `26` = 5L, `27` = 4L, `28` = 2L, `29` = 3L, 
    `30` = 3L, `31` = 4L, `32` = 2L, `33` = 3L, `34` = 2L, `35` = 2L, 
    `36` = 4L, `37` = 3L, `38` = 3L, `39` = 2L, `40` = 1L, `41` = 1L, 
    `42` = 3L, `44` = 3L, `45` = 1L, `47` = 1L, `48` = 1L, `49` = 1L, 
    `51` = 1L, `52` = 1L, `54` = 1L, `55` = 1L, `60` = 1L, `75` = 1L
    ), .Dim = 53L, .Dimnames = structure(list(c("1", "2", "3", 
    "4", "5", "6", "7", "8", "9", "10", "11", "12", "13", "14", 
    "15", "16", "17", "18", "19", "20", "21", "22", "23", "24", 
    "25", "26", "27", "28", "29", "30", "31", "32", "33", "34", 
    "35", "36", "37", "38", "39", "40", "41", "42", "44", "45", 
    "47", "48", "49", "51", "52", "54", "55", "60", "75")), .Names = ""), class = "table"), 
    No.Tag = structure(c(1L, 3L, 293L, 1L, 1L, 0L, 0L, 0L, 0L, 
    0L, 0L, 0L, 9L, 0L, 0L), .Dim = c(5L, 3L), .Dimnames = structure(list(
        c("-2", "-1", "0", "1", NA), c("A", "G", NA)), .Names = c("", 
    "")), class = "table"), All.Tags = list(Concordant = list(
        Freqs = structure(c(0, 6, 418, 0, 0, 0, 0, 0), .Dim = c(4L, 
        2L), .Dimnames = list(c("-2", "-1", "0", "1"), c("A", 
        "G"))), N = 424), Majority = list(Freqs = structure(c(0, 
    6, 486, 0, 0, 0, 0, 0), .Dim = c(4L, 2L), .Dimnames = list(
        c("-2", "-1", "0", "1"), c("A", "G"))), N = 492)), `2` = structure(c(0, 
    4, 384, 0, 0, 0, 0, 0), .Dim = c(4L, 2L), .Dimnames = list(
        c("-2", "-1", "0", "1"), c("A", "G"))))))
