Results <-
list(`bwaOutput/20210421msiMNRsJenny/238659_S9.sam` = list(GM11_SNP1 = list(
    All = list(Freqs = structure(c(1L, 356L, 2412L, 8L, 4L, 0L, 
    79L, 2997L, 41L, 2L, 0L, 2L, 49L, 1L, 0L), .Dim = c(5L, 3L
    ), .Dimnames = structure(list(c("-2", "-1", "0", "1", NA), 
        c("A", "G", NA)), .Names = c("", "")), class = "table"), 
        N = 5952L), Tag.Distribution = structure(c(`1` = 100L, 
    `2` = 22L, `3` = 35L, `4` = 25L, `5` = 18L, `6` = 16L, `7` = 15L, 
    `8` = 9L, `9` = 9L, `10` = 15L, `11` = 14L, `12` = 10L, `13` = 12L, 
    `14` = 13L, `15` = 13L, `16` = 11L, `17` = 11L, `18` = 10L, 
    `19` = 4L, `20` = 6L, `21` = 11L, `22` = 9L, `23` = 6L, `24` = 5L, 
    `25` = 8L, `26` = 5L, `27` = 4L, `28` = 2L, `29` = 3L, `30` = 3L, 
    `31` = 2L, `32` = 4L, `33` = 5L, `34` = 5L, `35` = 1L, `36` = 5L, 
    `37` = 3L, `38` = 3L, `39` = 1L, `40` = 2L, `41` = 1L, `42` = 1L, 
    `43` = 4L, `45` = 2L, `47` = 2L, `48` = 1L, `49` = 1L, `52` = 1L, 
    `54` = 1L, `59` = 1L, `61` = 1L, `66` = 1L, `68` = 1L), .Dim = 53L, .Dimnames = structure(list(
        c("1", "2", "3", "4", "5", "6", "7", "8", "9", "10", 
        "11", "12", "13", "14", "15", "16", "17", "18", "19", 
        "20", "21", "22", "23", "24", "25", "26", "27", "28", 
        "29", "30", "31", "32", "33", "34", "35", "36", "37", 
        "38", "39", "40", "41", "42", "43", "45", "47", "48", 
        "49", "52", "54", "59", "61", "66", "68")), .Names = ""), class = "table"), 
    No.Tag = structure(c(0L, 2L, 59L, 0L, 0L, 0L, 1L, 53L, 6L, 
    0L, 0L, 1L, 3L, 0L, 0L), .Dim = c(5L, 3L), .Dimnames = structure(list(
        c("-2", "-1", "0", "1", NA), c("A", "G", NA)), .Names = c("", 
    "")), class = "table"), All.Tags = list(Concordant = list(
        Freqs = structure(c(0, 25, 161, 1, 0, 1, 200, 0), .Dim = c(4L, 
        2L), .Dimnames = list(c("-2", "-1", "0", "1"), c("A", 
        "G"))), N = 388), Majority = list(Freqs = structure(c(0, 
    30, 188, 1, 0, 3, 242, 0), .Dim = c(4L, 2L), .Dimnames = list(
        c("-2", "-1", "0", "1"), c("A", "G"))), N = 464)), `2` = structure(c(0, 
    28, 144, 0, 0, 2, 197, 0), .Dim = c(4L, 2L), .Dimnames = list(
        c("-2", "-1", "0", "1"), c("A", "G"))))))
