Results <-
list(`bwaOutput/20210421msiMNRsJenny/238659_S9.sam` = list(LR10_SNP1 = list(
    All = list(Freqs = structure(c(2L, 96L, 4020L, 21L, 5L, 0L, 
    38L, 4267L, 12L, 5L, 0L, 4L, 148L, 1L, 0L), .Dim = c(5L, 
    3L), .Dimnames = structure(list(c("-2", "-1", "0", "1", NA
    ), c("C", "T", NA)), .Names = c("", "")), class = "table"), 
        N = 8619L), Tag.Distribution = structure(c(`1` = 163L, 
    `2` = 27L, `3` = 28L, `4` = 27L, `5` = 32L, `6` = 28L, `7` = 27L, 
    `8` = 20L, `9` = 21L, `10` = 21L, `11` = 20L, `12` = 18L, 
    `13` = 20L, `14` = 22L, `15` = 15L, `16` = 10L, `17` = 16L, 
    `18` = 9L, `19` = 7L, `20` = 8L, `21` = 7L, `22` = 10L, `23` = 9L, 
    `24` = 4L, `25` = 5L, `26` = 10L, `27` = 13L, `28` = 7L, 
    `29` = 3L, `30` = 6L, `31` = 4L, `32` = 4L, `33` = 7L, `34` = 4L, 
    `35` = 8L, `36` = 6L, `37` = 3L, `38` = 2L, `39` = 4L, `40` = 4L, 
    `41` = 6L, `42` = 2L, `44` = 4L, `46` = 2L, `48` = 1L, `49` = 3L, 
    `51` = 2L, `52` = 1L, `53` = 1L, `54` = 1L, `59` = 1L, `72` = 1L, 
    `76` = 1L), .Dim = 53L, .Dimnames = structure(list(c("1", 
    "2", "3", "4", "5", "6", "7", "8", "9", "10", "11", "12", 
    "13", "14", "15", "16", "17", "18", "19", "20", "21", "22", 
    "23", "24", "25", "26", "27", "28", "29", "30", "31", "32", 
    "33", "34", "35", "36", "37", "38", "39", "40", "41", "42", 
    "44", "46", "48", "49", "51", "52", "53", "54", "59", "72", 
    "76")), .Names = ""), class = "table"), No.Tag = structure(c(0L, 
    2L, 133L, 1L, 0L, 0L, 0L, 121L, 0L, 0L, 0L, 0L, 13L, 0L, 
    0L), .Dim = c(5L, 3L), .Dimnames = structure(list(c("-2", 
    "-1", "0", "1", NA), c("C", "T", NA)), .Names = c("", "")), class = "table"), 
    All.Tags = list(Concordant = list(Freqs = structure(c(0, 
    3, 236, 0, 0, 1, 296, 0), .Dim = c(4L, 2L), .Dimnames = list(
        c("-2", "-1", "0", "1"), c("C", "T"))), N = 536), Majority = list(
        Freqs = structure(c(0, 5, 317, 0, 0, 1, 343, 0), .Dim = c(4L, 
        2L), .Dimnames = list(c("-2", "-1", "0", "1"), c("C", 
        "T"))), N = 666)), `2` = structure(c(0, 3, 252, 0, 0, 
    0, 261, 0), .Dim = c(4L, 2L), .Dimnames = list(c("-2", "-1", 
    "0", "1"), c("C", "T"))))))
