Results <-
list(`bwaOutput/20210421msiMNRsJenny/238659_S9.sam` = list(LR40_SNP1 = list(
    All = list(Freqs = structure(c(0L, 0L, 23L, 0L, 0L, 1L, 1391L, 
    5216L, 21L, 34L, 0L, 0L, 1L, 0L, 0L, 0L, 7L, 46L, 0L, 0L), .Dim = 5:4, .Dimnames = structure(list(
        c("-2", "-1", "0", "1", NA), c("A", "C", "T", NA)), .Names = c("", 
    "")), class = "table"), N = 6740L), Tag.Distribution = structure(c(`1` = 124L, 
    `2` = 29L, `3` = 27L, `4` = 26L, `5` = 13L, `6` = 31L, `7` = 28L, 
    `8` = 14L, `9` = 17L, `10` = 14L, `11` = 23L, `12` = 11L, 
    `13` = 21L, `14` = 7L, `15` = 18L, `16` = 10L, `17` = 13L, 
    `18` = 6L, `19` = 7L, `20` = 5L, `21` = 8L, `22` = 5L, `23` = 10L, 
    `24` = 5L, `25` = 3L, `26` = 4L, `27` = 2L, `28` = 5L, `30` = 4L, 
    `31` = 4L, `32` = 9L, `33` = 4L, `34` = 8L, `36` = 1L, `37` = 2L, 
    `38` = 3L, `39` = 3L, `40` = 3L, `41` = 2L, `42` = 2L, `43` = 1L, 
    `44` = 2L, `45` = 3L, `46` = 4L, `48` = 2L, `49` = 1L, `51` = 1L, 
    `52` = 1L, `53` = 3L, `54` = 1L, `57` = 1L, `61` = 1L), .Dim = 52L, .Dimnames = structure(list(
        c("1", "2", "3", "4", "5", "6", "7", "8", "9", "10", 
        "11", "12", "13", "14", "15", "16", "17", "18", "19", 
        "20", "21", "22", "23", "24", "25", "26", "27", "28", 
        "30", "31", "32", "33", "34", "36", "37", "38", "39", 
        "40", "41", "42", "43", "44", "45", "46", "48", "49", 
        "51", "52", "53", "54", "57", "61")), .Names = ""), class = "table"), 
    No.Tag = structure(c(0L, 0L, 1L, 0L, 0L, 0L, 77L, 91L, 2L, 
    5L, 0L, 0L, 0L, 0L, 0L, 0L, 0L, 4L, 0L, 0L), .Dim = 5:4, .Dimnames = structure(list(
        c("-2", "-1", "0", "1", NA), c("A", "C", "T", NA)), .Names = c("", 
    "")), class = "table"), All.Tags = list(Concordant = list(
        Freqs = structure(c(0, 0, 2, 0, 0, 94, 386, 0, 0, 0, 
        0, 0), .Dim = 4:3, .Dimnames = list(c("-2", "-1", "0", 
        "1"), c("A", "C", "T"))), N = 482), Majority = list(Freqs = structure(c(0, 
    0, 2, 0, 0, 106, 435, 0, 0, 0, 0, 0), .Dim = 4:3, .Dimnames = list(
        c("-2", "-1", "0", "1"), c("A", "C", "T"))), N = 543)), 
    `2` = structure(c(0, 0, 1, 0, 0, 87, 339, 0, 0, 0, 0, 0), .Dim = 4:3, .Dimnames = list(
        c("-2", "-1", "0", "1"), c("A", "C", "T"))))))
