Results <-
list(`bwaOutput/20210421msiMNRsJenny/238659_S9.sam` = list(LR36_SNP1 = list(
    All = list(Freqs = structure(c(0L, 0L, 1L, 32L, 0L, 0L, 1L, 
    0L, 0L, 1L, 1L, 0L, 0L, 0L, 2L, 17L, 650L, 6584L, 50L, 1L, 
    96L, 0L, 1L, 31L, 567L, 7L, 0L, 0L), .Dim = c(7L, 4L), .Dimnames = structure(list(
        c("-3", "-2", "-1", "0", "1", "2", NA), c("A", "G", "T", 
        NA)), .Names = c("", "")), class = "table"), N = 8042L), 
    Tag.Distribution = structure(c(`1` = 151L, `2` = 44L, `3` = 38L, 
    `4` = 23L, `5` = 27L, `6` = 24L, `7` = 22L, `8` = 30L, `9` = 18L, 
    `10` = 24L, `11` = 27L, `12` = 12L, `13` = 23L, `14` = 17L, 
    `15` = 15L, `16` = 13L, `17` = 15L, `18` = 6L, `19` = 8L, 
    `20` = 15L, `21` = 13L, `22` = 6L, `23` = 5L, `24` = 2L, 
    `25` = 10L, `26` = 6L, `27` = 7L, `28` = 3L, `29` = 7L, `30` = 5L, 
    `31` = 8L, `32` = 7L, `33` = 5L, `34` = 6L, `35` = 4L, `37` = 5L, 
    `38` = 1L, `39` = 2L, `40` = 3L, `41` = 1L, `42` = 3L, `43` = 3L, 
    `44` = 5L, `47` = 1L, `49` = 1L, `50` = 1L, `51` = 1L, `52` = 1L, 
    `55` = 1L, `57` = 1L, `59` = 1L, `64` = 1L), .Dim = 52L, .Dimnames = structure(list(
        c("1", "2", "3", "4", "5", "6", "7", "8", "9", "10", 
        "11", "12", "13", "14", "15", "16", "17", "18", "19", 
        "20", "21", "22", "23", "24", "25", "26", "27", "28", 
        "29", "30", "31", "32", "33", "34", "35", "37", "38", 
        "39", "40", "41", "42", "43", "44", "47", "49", "50", 
        "51", "52", "55", "57", "59", "64")), .Names = ""), class = "table"), 
    No.Tag = structure(c(0L, 0L, 0L, 0L, 0L, 0L, 0L, 0L, 0L, 
    0L, 0L, 0L, 0L, 0L, 0L, 0L, 10L, 223L, 3L, 0L, 12L, 0L, 0L, 
    0L, 45L, 1L, 0L, 0L), .Dim = c(7L, 4L), .Dimnames = structure(list(
        c("-3", "-2", "-1", "0", "1", "2", NA), c("A", "G", "T", 
        NA)), .Names = c("", "")), class = "table"), All.Tags = list(
        Concordant = list(Freqs = structure(c(0, 0, 0, 8, 0, 
        0, 0, 0, 0, 1, 0, 0, 0, 0, 35, 445, 2, 0), .Dim = c(6L, 
        3L), .Dimnames = list(c("-3", "-2", "-1", "0", "1", "2"
        ), c("A", "G", "T"))), N = 491), Majority = list(Freqs = structure(c(0, 
        0, 0, 8, 0, 0, 0, 0, 0, 1, 0, 0, 0, 0, 44, 586, 2, 0), .Dim = c(6L, 
        3L), .Dimnames = list(c("-3", "-2", "-1", "0", "1", "2"
        ), c("A", "G", "T"))), N = 641)), `2` = structure(c(0, 
    0, 0, 0, 0, 0, 0, 0, 0, 0, 0, 0, 0, 0, 34, 485, 1, 0), .Dim = c(6L, 
    3L), .Dimnames = list(c("-3", "-2", "-1", "0", "1", "2"), 
        c("A", "G", "T"))))))
