Results <-
list(`bwaOutput/20210421msiMNRsJenny/239970_S11.sam` = list(GM22_SNP1 = list(
    All = list(Freqs = structure(c(1L, 70L, 4631L, 24L, 12L, 
    0L, 0L, 1L, 0L, 0L, 2L, 52L, 3972L, 14L, 6L, 0L, 0L, 4L, 
    0L, 0L, 0L, 6L, 203L, 0L, 0L), .Dim = c(5L, 5L), .Dimnames = structure(list(
        c("-2", "-1", "0", "1", NA), c("A", "C", "G", "T", NA
        )), .Names = c("", "")), class = "table"), N = 8998L), 
    Tag.Distribution = structure(c(`1` = 215L, `2` = 39L, `3` = 37L, 
    `4` = 24L, `5` = 19L, `6` = 19L, `7` = 19L, `8` = 18L, `9` = 20L, 
    `10` = 15L, `11` = 13L, `12` = 11L, `13` = 13L, `14` = 9L, 
    `15` = 8L, `16` = 10L, `17` = 9L, `18` = 10L, `19` = 9L, 
    `20` = 6L, `21` = 10L, `22` = 8L, `23` = 9L, `24` = 7L, `25` = 6L, 
    `26` = 8L, `27` = 5L, `28` = 6L, `29` = 2L, `30` = 9L, `31` = 2L, 
    `32` = 5L, `33` = 6L, `34` = 5L, `35` = 6L, `36` = 2L, `37` = 4L, 
    `38` = 1L, `39` = 3L, `40` = 4L, `41` = 4L, `42` = 4L, `43` = 1L, 
    `44` = 2L, `45` = 2L, `46` = 2L, `47` = 3L, `48` = 1L, `49` = 3L, 
    `50` = 1L, `51` = 1L, `52` = 1L, `53` = 3L, `54` = 3L, `55` = 2L, 
    `57` = 2L, `58` = 1L, `60` = 1L, `63` = 1L, `64` = 1L, `65` = 1L, 
    `66` = 1L, `69` = 1L, `70` = 1L, `72` = 1L, `76` = 1L, `81` = 1L, 
    `83` = 1L, `90` = 1L, `120` = 1L, `124` = 1L), .Dim = 71L, .Dimnames = structure(list(
        c("1", "2", "3", "4", "5", "6", "7", "8", "9", "10", 
        "11", "12", "13", "14", "15", "16", "17", "18", "19", 
        "20", "21", "22", "23", "24", "25", "26", "27", "28", 
        "29", "30", "31", "32", "33", "34", "35", "36", "37", 
        "38", "39", "40", "41", "42", "43", "44", "45", "46", 
        "47", "48", "49", "50", "51", "52", "53", "54", "55", 
        "57", "58", "60", "63", "64", "65", "66", "69", "70", 
        "72", "76", "81", "83", "90", "120", "124")), .Names = ""), class = "table"), 
    No.Tag = structure(c(0L, 3L, 138L, 0L, 2L, 0L, 0L, 0L, 0L, 
    0L, 0L, 1L, 119L, 0L, 0L, 0L, 0L, 0L, 0L, 0L, 0L, 1L, 19L, 
    0L, 0L), .Dim = c(5L, 5L), .Dimnames = structure(list(c("-2", 
    "-1", "0", "1", NA), c("A", "C", "G", "T", NA)), .Names = c("", 
    "")), class = "table"), All.Tags = list(Concordant = list(
        Freqs = structure(c(0, 0, 278, 1, 0, 0, 0, 0, 0, 0, 233, 
        1, 0, 0, 0, 0), .Dim = c(4L, 4L), .Dimnames = list(c("-2", 
        "-1", "0", "1"), c("A", "C", "G", "T"))), N = 513), Majority = list(
        Freqs = structure(c(0, 0, 351, 1, 0, 0, 0, 0, 0, 0, 295, 
        1, 0, 0, 0, 0), .Dim = c(4L, 4L), .Dimnames = list(c("-2", 
        "-1", "0", "1"), c("A", "C", "G", "T"))), N = 648)), 
    `2` = structure(c(0, 0, 241, 0, 0, 0, 0, 0, 0, 0, 223, 0, 
    0, 0, 0, 0), .Dim = c(4L, 4L), .Dimnames = list(c("-2", "-1", 
    "0", "1"), c("A", "C", "G", "T"))))))
