Results <-
list(`bwaOutput/20210421msiMNRsJenny/239970_S11.sam` = list(LR40_SNP1 = list(
    All = list(Freqs = structure(c(25L, 3212L, 12L, 1L, 637L, 
    1959L, 6L, 8L, 1L, 1L, 0L, 0L, 3L, 40L, 0L, 0L), .Dim = c(4L, 
    4L), .Dimnames = structure(list(c("-1", "0", "1", NA), c("A", 
    "C", "G", NA)), .Names = c("", "")), class = "table"), N = 5905L), 
    Tag.Distribution = structure(c(`1` = 126L, `2` = 38L, `3` = 24L, 
    `4` = 19L, `5` = 25L, `6` = 14L, `7` = 24L, `8` = 16L, `9` = 11L, 
    `10` = 9L, `11` = 13L, `12` = 9L, `13` = 10L, `14` = 5L, 
    `15` = 6L, `16` = 6L, `17` = 5L, `18` = 10L, `19` = 4L, `20` = 7L, 
    `21` = 5L, `22` = 1L, `23` = 3L, `24` = 5L, `25` = 6L, `26` = 10L, 
    `27` = 1L, `28` = 4L, `29` = 3L, `30` = 5L, `31` = 4L, `32` = 4L, 
    `34` = 6L, `35` = 1L, `36` = 2L, `37` = 3L, `38` = 4L, `39` = 4L, 
    `40` = 1L, `41` = 2L, `42` = 2L, `44` = 2L, `45` = 2L, `46` = 3L, 
    `47` = 2L, `48` = 1L, `49` = 3L, `51` = 2L, `54` = 1L, `56` = 2L, 
    `59` = 2L, `60` = 1L, `61` = 1L, `64` = 1L, `65` = 1L, `86` = 1L
    ), .Dim = 56L, .Dimnames = structure(list(c("1", "2", "3", 
    "4", "5", "6", "7", "8", "9", "10", "11", "12", "13", "14", 
    "15", "16", "17", "18", "19", "20", "21", "22", "23", "24", 
    "25", "26", "27", "28", "29", "30", "31", "32", "34", "35", 
    "36", "37", "38", "39", "40", "41", "42", "44", "45", "46", 
    "47", "48", "49", "51", "54", "56", "59", "60", "61", "64", 
    "65", "86")), .Names = ""), class = "table"), No.Tag = structure(c(0L, 
    33L, 0L, 0L, 4L, 83L, 1L, 1L, 0L, 0L, 0L, 0L, 0L, 4L, 0L, 
    0L), .Dim = c(4L, 4L), .Dimnames = structure(list(c("-1", 
    "0", "1", NA), c("A", "C", "G", NA)), .Names = c("", "")), class = "table"), 
    All.Tags = list(Concordant = list(Freqs = structure(c(0, 
    206, 0, 52, 145, 0, 0, 0, 0), .Dim = c(3L, 3L), .Dimnames = list(
        c("-1", "0", "1"), c("A", "C", "G"))), N = 403), Majority = list(
        Freqs = structure(c(0, 248, 0, 56, 171, 0, 0, 0, 0), .Dim = c(3L, 
        3L), .Dimnames = list(c("-1", "0", "1"), c("A", "C", 
        "G"))), N = 475)), `2` = structure(c(0, 189, 0, 41, 122, 
    0, 0, 0, 0), .Dim = c(3L, 3L), .Dimnames = list(c("-1", "0", 
    "1"), c("A", "C", "G"))))))
