Results <-
list(`bwaOutput/20210421msiMNRsJenny/239970_S11.sam` = list(IM49_SNP1 = list(
    All = list(Freqs = structure(c(19L, 1280L, 8667L, 182L, 3L, 
    104L, 1L, 0L, 4L, 1L, 0L, 0L, 0L, 12L, 183L, 3L, 0L, 0L), .Dim = c(6L, 
    3L), .Dimnames = structure(list(c("-2", "-1", "0", "1", "2", 
    NA), c("C", "G", NA)), .Names = c("", "")), class = "table"), 
        N = 10459L), Tag.Distribution = structure(c(`1` = 248L, 
    `2` = 71L, `3` = 59L, `4` = 53L, `5` = 37L, `6` = 38L, `7` = 26L, 
    `8` = 33L, `9` = 20L, `10` = 20L, `11` = 18L, `12` = 22L, 
    `13` = 18L, `14` = 12L, `15` = 14L, `16` = 16L, `17` = 14L, 
    `18` = 10L, `19` = 15L, `20` = 10L, `21` = 5L, `22` = 13L, 
    `23` = 11L, `24` = 10L, `25` = 3L, `26` = 9L, `27` = 6L, 
    `28` = 8L, `29` = 5L, `30` = 13L, `31` = 8L, `32` = 6L, `33` = 6L, 
    `34` = 5L, `35` = 6L, `36` = 2L, `37` = 7L, `38` = 2L, `39` = 1L, 
    `40` = 4L, `42` = 3L, `43` = 1L, `44` = 1L, `45` = 4L, `46` = 3L, 
    `47` = 1L, `48` = 2L, `49` = 3L, `51` = 1L, `52` = 2L, `53` = 1L, 
    `54` = 1L, `55` = 1L, `56` = 5L, `58` = 1L, `60` = 1L, `61` = 2L, 
    `65` = 2L, `68` = 2L, `70` = 1L, `71` = 1L, `74` = 1L, `89` = 1L
    ), .Dim = 63L, .Dimnames = structure(list(c("1", "2", "3", 
    "4", "5", "6", "7", "8", "9", "10", "11", "12", "13", "14", 
    "15", "16", "17", "18", "19", "20", "21", "22", "23", "24", 
    "25", "26", "27", "28", "29", "30", "31", "32", "33", "34", 
    "35", "36", "37", "38", "39", "40", "42", "43", "44", "45", 
    "46", "47", "48", "49", "51", "52", "53", "54", "55", "56", 
    "58", "60", "61", "65", "68", "70", "71", "74", "89")), .Names = ""), class = "table"), 
    No.Tag = structure(c(0L, 21L, 203L, 1L, 0L, 5L, 0L, 0L, 1L, 
    0L, 0L, 0L, 0L, 0L, 11L, 0L, 0L, 0L), .Dim = c(6L, 3L), .Dimnames = structure(list(
        c("-2", "-1", "0", "1", "2", NA), c("C", "G", NA)), .Names = c("", 
    "")), class = "table"), All.Tags = list(Concordant = list(
        Freqs = structure(c(2, 76, 509, 2, 0, 1, 0, 1, 0, 0), .Dim = c(5L, 
        2L), .Dimnames = list(c("-2", "-1", "0", "1", "2"), c("C", 
        "G"))), N = 591), Majority = list(Freqs = structure(c(2, 
    99, 761, 2, 0, 1, 0, 1, 0, 0), .Dim = c(5L, 2L), .Dimnames = list(
        c("-2", "-1", "0", "1", "2"), c("C", "G"))), N = 866)), 
    `2` = structure(c(0, 74, 588, 1, 0, 0, 0, 0, 0, 0), .Dim = c(5L, 
    2L), .Dimnames = list(c("-2", "-1", "0", "1", "2"), c("C", 
    "G"))))))
