Results <-
list(`bwaOutput/20210421msiMNRsJenny/239970_S11.sam` = list(LR17_SNP1 = list(
    All = list(Freqs = structure(c(2L, 83L, 4053L, 11495L, 127L, 
    1L, 156L, 0L, 0L, 2L, 1L, 0L, 0L, 0L, 0L, 0L, 178L, 895L, 
    1L, 0L, 0L), .Dim = c(7L, 3L), .Dimnames = structure(list(
        c("-3", "-2", "-1", "0", "1", "2", NA), c("A", "G", NA
        )), .Names = c("", "")), class = "table"), N = 16994L), 
    Tag.Distribution = structure(c(`1` = 346L, `2` = 91L, `3` = 49L, 
    `4` = 37L, `5` = 37L, `6` = 37L, `7` = 42L, `8` = 30L, `9` = 32L, 
    `10` = 25L, `11` = 19L, `12` = 17L, `13` = 13L, `14` = 23L, 
    `15` = 25L, `16` = 18L, `17` = 14L, `18` = 11L, `19` = 17L, 
    `20` = 9L, `21` = 17L, `22` = 10L, `23` = 6L, `24` = 9L, 
    `25` = 14L, `26` = 10L, `27` = 16L, `28` = 14L, `29` = 9L, 
    `30` = 12L, `31` = 7L, `32` = 8L, `33` = 5L, `34` = 7L, `35` = 10L, 
    `36` = 5L, `37` = 7L, `38` = 13L, `39` = 5L, `40` = 7L, `41` = 5L, 
    `42` = 9L, `43` = 6L, `44` = 7L, `45` = 6L, `46` = 6L, `47` = 2L, 
    `48` = 8L, `49` = 4L, `50` = 5L, `51` = 8L, `52` = 3L, `53` = 6L, 
    `54` = 2L, `55` = 1L, `56` = 2L, `57` = 1L, `58` = 1L, `60` = 4L, 
    `61` = 4L, `62` = 5L, `63` = 1L, `64` = 1L, `66` = 1L, `67` = 1L, 
    `68` = 1L, `69` = 1L, `70` = 3L, `72` = 1L, `73` = 1L, `74` = 1L, 
    `76` = 1L, `78` = 1L, `79` = 1L, `82` = 1L, `84` = 1L, `132` = 1L
    ), .Dim = 77L, .Dimnames = structure(list(c("1", "2", "3", 
    "4", "5", "6", "7", "8", "9", "10", "11", "12", "13", "14", 
    "15", "16", "17", "18", "19", "20", "21", "22", "23", "24", 
    "25", "26", "27", "28", "29", "30", "31", "32", "33", "34", 
    "35", "36", "37", "38", "39", "40", "41", "42", "43", "44", 
    "45", "46", "47", "48", "49", "50", "51", "52", "53", "54", 
    "55", "56", "57", "58", "60", "61", "62", "63", "64", "66", 
    "67", "68", "69", "70", "72", "73", "74", "76", "78", "79", 
    "82", "84", "132")), .Names = ""), class = "table"), No.Tag = structure(c(0L, 
    5L, 144L, 329L, 1L, 0L, 11L, 0L, 0L, 0L, 0L, 0L, 0L, 0L, 
    0L, 0L, 5L, 29L, 0L, 0L, 0L), .Dim = c(7L, 3L), .Dimnames = structure(list(
        c("-3", "-2", "-1", "0", "1", "2", NA), c("A", "G", NA
        )), .Names = c("", "")), class = "table"), All.Tags = list(
        Concordant = list(Freqs = structure(c(0, 0, 181, 572, 
        0, 0, 0, 0, 0, 0, 0, 0), .Dim = c(6L, 2L), .Dimnames = list(
            c("-3", "-2", "-1", "0", "1", "2"), c("A", "G"))), 
            N = 753), Majority = list(Freqs = structure(c(0, 
        1, 259, 866, 0, 0, 0, 0, 0, 0, 0, 0), .Dim = c(6L, 2L
        ), .Dimnames = list(c("-3", "-2", "-1", "0", "1", "2"
        ), c("A", "G"))), N = 1126)), `2` = structure(c(0, 1, 
    195, 638, 0, 0, 0, 0, 0, 0, 0, 0), .Dim = c(6L, 2L), .Dimnames = list(
        c("-3", "-2", "-1", "0", "1", "2"), c("A", "G"))))))
