Results <-
list(`bwaOutput/20210421msiMNRsJenny/239970_S11.sam` = list(GM29_SNP1 = list(
    All = list(Freqs = structure(c(2L, 77L, 5687L, 13L, 6L, 0L, 
    0L, 3L, 0L, 0L, 0L, 2L, 56L, 1L, 0L), .Dim = c(5L, 3L), .Dimnames = structure(list(
        c("-2", "-1", "0", "1", NA), c("A", "G", NA)), .Names = c("", 
    "")), class = "table"), N = 5847L), Tag.Distribution = structure(c(`1` = 121L, 
    `2` = 34L, `3` = 27L, `4` = 28L, `5` = 29L, `6` = 13L, `7` = 17L, 
    `8` = 13L, `9` = 13L, `10` = 9L, `11` = 14L, `12` = 12L, 
    `13` = 7L, `14` = 7L, `15` = 5L, `16` = 12L, `17` = 7L, `18` = 4L, 
    `19` = 4L, `20` = 9L, `21` = 7L, `22` = 5L, `23` = 5L, `24` = 3L, 
    `25` = 6L, `26` = 3L, `27` = 1L, `28` = 2L, `29` = 3L, `30` = 1L, 
    `31` = 2L, `32` = 3L, `33` = 2L, `34` = 4L, `35` = 4L, `39` = 2L, 
    `40` = 3L, `41` = 2L, `42` = 2L, `43` = 1L, `44` = 2L, `45` = 1L, 
    `46` = 2L, `47` = 1L, `48` = 2L, `49` = 1L, `50` = 1L, `51` = 2L, 
    `52` = 1L, `55` = 2L, `56` = 1L, `57` = 1L, `58` = 1L, `59` = 1L, 
    `60` = 1L, `63` = 1L, `64` = 1L, `68` = 1L, `69` = 1L, `71` = 1L, 
    `81` = 1L, `142` = 1L), .Dim = 62L, .Dimnames = structure(list(
        c("1", "2", "3", "4", "5", "6", "7", "8", "9", "10", 
        "11", "12", "13", "14", "15", "16", "17", "18", "19", 
        "20", "21", "22", "23", "24", "25", "26", "27", "28", 
        "29", "30", "31", "32", "33", "34", "35", "39", "40", 
        "41", "42", "43", "44", "45", "46", "47", "48", "49", 
        "50", "51", "52", "55", "56", "57", "58", "59", "60", 
        "63", "64", "68", "69", "71", "81", "142")), .Names = ""), class = "table"), 
    No.Tag = structure(c(0L, 0L, 242L, 1L, 0L, 0L, 0L, 0L, 0L, 
    0L, 0L, 1L, 9L, 0L, 0L), .Dim = c(5L, 3L), .Dimnames = structure(list(
        c("-2", "-1", "0", "1", NA), c("A", "G", NA)), .Names = c("", 
    "")), class = "table"), All.Tags = list(Concordant = list(
        Freqs = structure(c(0, 5, 395, 0, 0, 0, 1, 0), .Dim = c(4L, 
        2L), .Dimnames = list(c("-2", "-1", "0", "1"), c("A", 
        "G"))), N = 401), Majority = list(Freqs = structure(c(0, 
    5, 462, 0, 0, 0, 1, 0), .Dim = c(4L, 2L), .Dimnames = list(
        c("-2", "-1", "0", "1"), c("A", "G"))), N = 468)), `2` = structure(c(0, 
    1, 350, 0, 0, 0, 0, 0), .Dim = c(4L, 2L), .Dimnames = list(
        c("-2", "-1", "0", "1"), c("A", "G"))))))
