Results <-
list(`bwaOutput/20210421msiMNRsJenny/239970_S11.sam` = list(LR24_SNP1 = list(
    All = list(Freqs = structure(c(0L, 193L, 8787L, 17L, 8L, 
    0L, 0L, 6L, 0L, 0L, 0L, 0L, 1L, 0L, 0L, 1L, 1L, 58L, 0L, 
    0L), .Dim = 5:4, .Dimnames = structure(list(c("-2", "-1", 
    "0", "1", NA), c("A", "G", "T", NA)), .Names = c("", "")), class = "table"), 
        N = 9072L), Tag.Distribution = structure(c(`1` = 238L, 
    `2` = 100L, `3` = 63L, `4` = 62L, `5` = 55L, `6` = 35L, `7` = 43L, 
    `8` = 36L, `9` = 26L, `10` = 36L, `11` = 26L, `12` = 21L, 
    `13` = 15L, `14` = 25L, `15` = 21L, `16` = 18L, `17` = 13L, 
    `18` = 19L, `19` = 13L, `20` = 12L, `21` = 11L, `22` = 5L, 
    `23` = 8L, `24` = 4L, `25` = 6L, `26` = 6L, `27` = 8L, `28` = 5L, 
    `29` = 4L, `30` = 12L, `31` = 6L, `32` = 3L, `33` = 1L, `34` = 6L, 
    `35` = 3L, `36` = 3L, `37` = 2L, `38` = 1L, `39` = 3L, `40` = 2L, 
    `41` = 2L, `42` = 1L, `43` = 1L, `44` = 1L, `45` = 1L, `49` = 1L, 
    `51` = 1L, `55` = 1L, `59` = 1L, `60` = 1L, `61` = 1L, `65` = 1L, 
    `69` = 1L), .Dim = 53L, .Dimnames = structure(list(c("1", 
    "2", "3", "4", "5", "6", "7", "8", "9", "10", "11", "12", 
    "13", "14", "15", "16", "17", "18", "19", "20", "21", "22", 
    "23", "24", "25", "26", "27", "28", "29", "30", "31", "32", 
    "33", "34", "35", "36", "37", "38", "39", "40", "41", "42", 
    "43", "44", "45", "49", "51", "55", "59", "60", "61", "65", 
    "69")), .Names = ""), class = "table"), No.Tag = structure(c(0L, 
    6L, 255L, 1L, 1L, 0L, 0L, 0L, 0L, 0L, 0L, 0L, 0L, 0L, 0L, 
    0L, 0L, 5L, 0L, 0L), .Dim = 5:4, .Dimnames = structure(list(
        c("-2", "-1", "0", "1", NA), c("A", "G", "T", NA)), .Names = c("", 
    "")), class = "table"), All.Tags = list(Concordant = list(
        Freqs = structure(c(0, 18, 900, 0, 0, 0, 5, 0, 0, 0, 
        0, 0), .Dim = 4:3, .Dimnames = list(c("-2", "-1", "0", 
        "1"), c("A", "G", "T"))), N = 923), Majority = list(Freqs = structure(c(0, 
    23, 952, 0, 0, 0, 5, 0, 0, 0, 0, 0), .Dim = 4:3, .Dimnames = list(
        c("-2", "-1", "0", "1"), c("A", "G", "T"))), N = 980)), 
    `2` = structure(c(0, 17, 733, 0, 0, 0, 0, 0, 0, 0, 0, 0), .Dim = 4:3, .Dimnames = list(
        c("-2", "-1", "0", "1"), c("A", "G", "T"))))))
