Results <-
list(`bwaOutput/20210421msiMNRsJenny/239970_S11.sam` = list(LR10_SNP1 = list(
    All = list(Freqs = structure(c(0L, 0L, 1L, 0L, 0L, 0L, 0L, 
    68L, 3256L, 61L, 12L, 3L, 5L, 804L, 2772L, 9L, 0L, 23L, 0L, 
    9L, 98L, 1L, 0L, 0L), .Dim = c(6L, 4L), .Dimnames = structure(list(
        c("-2", "-1", "0", "1", "2", NA), c("A", "C", "T", NA
        )), .Names = c("", "")), class = "table"), N = 7122L), 
    Tag.Distribution = structure(c(`1` = 134L, `2` = 46L, `3` = 46L, 
    `4` = 25L, `5` = 14L, `6` = 9L, `7` = 15L, `8` = 14L, `9` = 17L, 
    `10` = 15L, `11` = 12L, `12` = 11L, `13` = 15L, `14` = 10L, 
    `15` = 6L, `16` = 13L, `17` = 9L, `18` = 8L, `19` = 5L, `20` = 10L, 
    `21` = 7L, `22` = 4L, `23` = 4L, `24` = 5L, `25` = 7L, `26` = 3L, 
    `27` = 4L, `28` = 4L, `29` = 8L, `30` = 4L, `32` = 2L, `33` = 5L, 
    `34` = 3L, `35` = 5L, `36` = 2L, `37` = 4L, `39` = 4L, `40` = 1L, 
    `41` = 5L, `42` = 2L, `44` = 1L, `45` = 2L, `46` = 2L, `48` = 1L, 
    `49` = 2L, `50` = 2L, `51` = 4L, `52` = 2L, `53` = 1L, `54` = 1L, 
    `56` = 1L, `57` = 2L, `58` = 2L, `60` = 1L, `61` = 2L, `62` = 1L, 
    `63` = 2L, `72` = 1L, `75` = 1L, `78` = 1L), .Dim = 60L, .Dimnames = structure(list(
        c("1", "2", "3", "4", "5", "6", "7", "8", "9", "10", 
        "11", "12", "13", "14", "15", "16", "17", "18", "19", 
        "20", "21", "22", "23", "24", "25", "26", "27", "28", 
        "29", "30", "32", "33", "34", "35", "36", "37", "39", 
        "40", "41", "42", "44", "45", "46", "48", "49", "50", 
        "51", "52", "53", "54", "56", "57", "58", "60", "61", 
        "62", "63", "72", "75", "78")), .Names = ""), class = "table"), 
    No.Tag = structure(c(0L, 0L, 0L, 0L, 0L, 0L, 0L, 3L, 97L, 
    0L, 0L, 0L, 0L, 25L, 147L, 0L, 0L, 0L, 0L, 1L, 1L, 0L, 0L, 
    0L), .Dim = c(6L, 4L), .Dimnames = structure(list(c("-2", 
    "-1", "0", "1", "2", NA), c("A", "C", "T", NA)), .Names = c("", 
    "")), class = "table"), All.Tags = list(Concordant = list(
        Freqs = structure(c(0, 0, 0, 0, 0, 0, 1, 185, 1, 0, 0, 
        57, 182, 1, 0), .Dim = c(5L, 3L), .Dimnames = list(c("-2", 
        "-1", "0", "1", "2"), c("A", "C", "T"))), N = 427), Majority = list(
        Freqs = structure(c(0, 0, 0, 0, 0, 0, 2, 241, 2, 0, 0, 
        64, 214, 1, 0), .Dim = c(5L, 3L), .Dimnames = list(c("-2", 
        "-1", "0", "1", "2"), c("A", "C", "T"))), N = 524)), 
    `2` = structure(c(0, 0, 0, 0, 0, 0, 1, 192, 2, 0, 0, 51, 
    160, 0, 0), .Dim = c(5L, 3L), .Dimnames = list(c("-2", "-1", 
    "0", "1", "2"), c("A", "C", "T"))))))
