Results <-
list(`bwaOutput/20210421msiMNRsJenny/239970_S11.sam` = list(LR46_SNP1 = list(
    All = list(Freqs = structure(c(0L, 1L, 0L, 0L, 0L, 2L, 0L, 
    0L, 0L, 47L, 0L, 2L, 14L, 5064L, 26L, 12L, 0L, 38L, 0L, 0L
    ), .Dim = 4:5, .Dimnames = structure(list(c("-1", "0", "1", 
    NA), c("-", "C", "G", "T", NA)), .Names = c("", "")), class = "table"), 
        N = 5206L), Tag.Distribution = structure(c(`1` = 130L, 
    `2` = 23L, `3` = 16L, `4` = 18L, `5` = 16L, `6` = 16L, `7` = 8L, 
    `8` = 5L, `9` = 9L, `10` = 4L, `11` = 11L, `12` = 7L, `13` = 9L, 
    `14` = 4L, `15` = 5L, `16` = 3L, `17` = 4L, `18` = 5L, `19` = 3L, 
    `20` = 3L, `21` = 6L, `22` = 5L, `23` = 2L, `24` = 1L, `25` = 6L, 
    `26` = 5L, `27` = 1L, `28` = 2L, `29` = 3L, `30` = 2L, `31` = 3L, 
    `32` = 2L, `33` = 1L, `34` = 2L, `35` = 1L, `36` = 2L, `37` = 2L, 
    `38` = 5L, `39` = 2L, `40` = 3L, `41` = 3L, `42` = 4L, `43` = 2L, 
    `44` = 2L, `45` = 2L, `46` = 2L, `48` = 2L, `52` = 1L, `53` = 1L, 
    `57` = 1L, `58` = 2L, `59` = 1L, `62` = 2L, `63` = 1L, `64` = 2L, 
    `66` = 1L, `67` = 1L, `72` = 1L, `74` = 1L, `76` = 1L, `79` = 2L, 
    `84` = 1L), .Dim = 62L, .Dimnames = structure(list(c("1", 
    "2", "3", "4", "5", "6", "7", "8", "9", "10", "11", "12", 
    "13", "14", "15", "16", "17", "18", "19", "20", "21", "22", 
    "23", "24", "25", "26", "27", "28", "29", "30", "31", "32", 
    "33", "34", "35", "36", "37", "38", "39", "40", "41", "42", 
    "43", "44", "45", "46", "48", "52", "53", "57", "58", "59", 
    "62", "63", "64", "66", "67", "72", "74", "76", "79", "84"
    )), .Names = ""), class = "table"), No.Tag = structure(c(0L, 
    0L, 0L, 0L, 0L, 0L, 0L, 0L, 0L, 1L, 0L, 0L, 0L, 102L, 0L, 
    1L, 0L, 2L, 0L, 0L), .Dim = 4:5, .Dimnames = structure(list(
        c("-1", "0", "1", NA), c("-", "C", "G", "T", NA)), .Names = c("", 
    "")), class = "table"), All.Tags = list(Concordant = list(
        Freqs = structure(c(0, 0, 0, 0, 0, 0, 0, 4, 0, 2, 340, 
        1), .Dim = 3:4, .Dimnames = list(c("-1", "0", "1"), c("-", 
        "C", "G", "T"))), N = 347), Majority = list(Freqs = structure(c(0, 
    0, 0, 0, 0, 0, 0, 5, 0, 2, 374, 1), .Dim = 3:4, .Dimnames = list(
        c("-1", "0", "1"), c("-", "C", "G", "T"))), N = 382)), 
    `2` = structure(c(0, 0, 0, 0, 0, 0, 0, 1, 0, 0, 260, 0), .Dim = 3:4, .Dimnames = list(
        c("-1", "0", "1"), c("-", "C", "G", "T"))))))
