Results <-
list(`bwaOutput/20210421msiMNRsJenny/239970_S11.sam` = list(LR36_SNP1 = list(
    All = list(Freqs = structure(c(0L, 0L, 0L, 1L, 0L, 0L, 0L, 
    0L, 1L, 5L, 77L, 3012L, 699L, 14L, 1L, 138L, 0L, 0L, 0L, 
    1L, 0L, 0L, 0L, 0L, 0L, 0L, 0L, 3L, 0L, 0L, 0L, 1L, 1L, 5L, 
    114L, 3083L, 27L, 1L, 0L, 39L, 0L, 0L, 4L, 354L, 9L, 1L, 
    0L, 0L), .Dim = c(8L, 6L), .Dimnames = structure(list(c("-3", 
    "-2", "-1", "0", "1", "2", "3", NA), c("-", "A", "C", "G", 
    "T", NA)), .Names = c("", "")), class = "table"), N = 7591L), 
    Tag.Distribution = structure(c(`1` = 187L, `2` = 60L, `3` = 50L, 
    `4` = 28L, `5` = 20L, `6` = 27L, `7` = 16L, `8` = 22L, `9` = 24L, 
    `10` = 10L, `11` = 13L, `12` = 11L, `13` = 14L, `14` = 9L, 
    `15` = 14L, `16` = 13L, `17` = 9L, `18` = 11L, `19` = 9L, 
    `20` = 5L, `21` = 9L, `22` = 1L, `23` = 5L, `24` = 4L, `25` = 8L, 
    `26` = 5L, `27` = 6L, `28` = 5L, `29` = 4L, `30` = 3L, `31` = 2L, 
    `32` = 3L, `33` = 3L, `34` = 3L, `35` = 7L, `36` = 2L, `37` = 6L, 
    `38` = 3L, `39` = 2L, `40` = 1L, `41` = 1L, `42` = 2L, `43` = 2L, 
    `45` = 3L, `46` = 2L, `47` = 3L, `48` = 2L, `49` = 1L, `50` = 1L, 
    `51` = 1L, `52` = 1L, `53` = 1L, `54` = 3L, `55` = 1L, `56` = 1L, 
    `57` = 1L, `58` = 2L, `59` = 2L, `61` = 1L, `64` = 1L, `66` = 1L, 
    `79` = 1L, `80` = 1L), .Dim = 63L, .Dimnames = structure(list(
        c("1", "2", "3", "4", "5", "6", "7", "8", "9", "10", 
        "11", "12", "13", "14", "15", "16", "17", "18", "19", 
        "20", "21", "22", "23", "24", "25", "26", "27", "28", 
        "29", "30", "31", "32", "33", "34", "35", "36", "37", 
        "38", "39", "40", "41", "42", "43", "45", "46", "47", 
        "48", "49", "50", "51", "52", "53", "54", "55", "56", 
        "57", "58", "59", "61", "64", "66", "79", "80")), .Names = ""), class = "table"), 
    No.Tag = structure(c(0L, 0L, 0L, 0L, 0L, 0L, 0L, 0L, 0L, 
    0L, 1L, 120L, 37L, 2L, 0L, 20L, 0L, 0L, 0L, 0L, 0L, 0L, 0L, 
    0L, 0L, 0L, 0L, 0L, 0L, 0L, 0L, 0L, 0L, 1L, 2L, 79L, 1L, 
    0L, 0L, 4L, 0L, 0L, 1L, 30L, 1L, 0L, 0L, 0L), .Dim = c(8L, 
    6L), .Dimnames = structure(list(c("-3", "-2", "-1", "0", 
    "1", "2", "3", NA), c("-", "A", "C", "G", "T", NA)), .Names = c("", 
    "")), class = "table"), All.Tags = list(Concordant = list(
        Freqs = structure(c(0, 0, 0, 0, 0, 0, 0, 0, 0, 0, 200, 
        43, 0, 0, 0, 0, 0, 0, 0, 0, 0, 0, 0, 0, 0, 0, 0, 0, 0, 
        0, 9, 212, 0, 0, 0), .Dim = c(7L, 5L), .Dimnames = list(
            c("-3", "-2", "-1", "0", "1", "2", "3"), c("-", "A", 
            "C", "G", "T"))), N = 464), Majority = list(Freqs = structure(c(0, 
    0, 0, 0, 0, 0, 0, 0, 0, 0, 265, 69, 0, 0, 0, 0, 0, 0, 0, 
    0, 0, 0, 0, 0, 0, 0, 0, 0, 0, 0, 11, 284, 0, 0, 0), .Dim = c(7L, 
    5L), .Dimnames = list(c("-3", "-2", "-1", "0", "1", "2", 
    "3"), c("-", "A", "C", "G", "T"))), N = 629)), `2` = structure(c(0, 
    0, 0, 0, 0, 0, 0, 0, 0, 0, 190, 53, 0, 0, 0, 0, 0, 0, 0, 
    0, 0, 0, 0, 0, 0, 0, 0, 0, 0, 0, 8, 221, 0, 0, 0), .Dim = c(7L, 
    5L), .Dimnames = list(c("-3", "-2", "-1", "0", "1", "2", 
    "3"), c("-", "A", "C", "G", "T"))))))
