Results <-
list(`bwaOutput/20210421msiMNRsJenny/239970_S11.sam` = list(GM14_SNP1 = list(
    All = list(Freqs = structure(c(0L, 0L, 3L, 0L, 0L, 0L, 0L, 
    0L, 28L, 0L, 0L, 0L, 18L, 763L, 2502L, 24L, 1L, 13L, 10L, 
    824L, 2547L, 12L, 1L, 12L, 0L, 5L, 67L, 1L, 0L, 0L), .Dim = 6:5, .Dimnames = structure(list(
        c("-2", "-1", "0", "1", "2", NA), c("-", "A", "C", "T", 
        NA)), .Names = c("", "")), class = "table"), N = 6831L), 
    Tag.Distribution = structure(c(`1` = 144L, `2` = 32L, `3` = 37L, 
    `4` = 23L, `5` = 17L, `6` = 12L, `7` = 17L, `8` = 20L, `9` = 11L, 
    `10` = 14L, `11` = 13L, `12` = 9L, `13` = 10L, `14` = 10L, 
    `15` = 8L, `16` = 12L, `17` = 13L, `18` = 7L, `19` = 9L, 
    `20` = 5L, `21` = 4L, `22` = 8L, `23` = 3L, `24` = 4L, `25` = 7L, 
    `26` = 8L, `27` = 2L, `28` = 8L, `29` = 6L, `30` = 5L, `31` = 4L, 
    `32` = 4L, `33` = 2L, `34` = 2L, `35` = 5L, `36` = 4L, `37` = 3L, 
    `38` = 4L, `39` = 2L, `40` = 3L, `41` = 3L, `42` = 1L, `43` = 2L, 
    `44` = 1L, `45` = 3L, `46` = 3L, `47` = 1L, `48` = 1L, `49` = 2L, 
    `50` = 1L, `55` = 1L, `56` = 1L, `57` = 1L, `61` = 2L, `62` = 1L, 
    `66` = 1L, `68` = 1L, `100` = 1L), .Dim = 58L, .Dimnames = structure(list(
        c("1", "2", "3", "4", "5", "6", "7", "8", "9", "10", 
        "11", "12", "13", "14", "15", "16", "17", "18", "19", 
        "20", "21", "22", "23", "24", "25", "26", "27", "28", 
        "29", "30", "31", "32", "33", "34", "35", "36", "37", 
        "38", "39", "40", "41", "42", "43", "44", "45", "46", 
        "47", "48", "49", "50", "55", "56", "57", "61", "62", 
        "66", "68", "100")), .Names = ""), class = "table"), 
    No.Tag = structure(c(0L, 0L, 0L, 0L, 0L, 0L, 0L, 0L, 0L, 
    0L, 0L, 0L, 2L, 95L, 121L, 0L, 0L, 0L, 0L, 6L, 92L, 1L, 0L, 
    0L, 0L, 1L, 3L, 0L, 0L, 0L), .Dim = 6:5, .Dimnames = structure(list(
        c("-2", "-1", "0", "1", "2", NA), c("-", "A", "C", "T", 
        NA)), .Names = c("", "")), class = "table"), All.Tags = list(
        Concordant = list(Freqs = structure(c(0, 0, 0, 0, 0, 
        0, 0, 1, 0, 0, 2, 35, 157, 1, 0, 1, 46, 140, 0, 0), .Dim = 5:4, .Dimnames = list(
            c("-2", "-1", "0", "1", "2"), c("-", "A", "C", "T"
            ))), N = 383), Majority = list(Freqs = structure(c(0, 
        0, 0, 0, 0, 0, 0, 2, 0, 0, 2, 48, 218, 1, 0, 2, 56, 194, 
        0, 0), .Dim = 5:4, .Dimnames = list(c("-2", "-1", "0", 
        "1", "2"), c("-", "A", "C", "T"))), N = 523)), `2` = structure(c(0, 
    0, 0, 0, 0, 0, 0, 1, 0, 0, 1, 37, 152, 0, 0, 2, 46, 152, 
    0, 0), .Dim = 5:4, .Dimnames = list(c("-2", "-1", "0", "1", 
    "2"), c("-", "A", "C", "T"))))))
