Results <-
list(`bwaOutput/20210421msiMNRsJenny/239970_S11.sam` = list(DEPDC2_SNP1 = list(
    All = list(Freqs = structure(c(0L, 1L, 0L, 0L, 0L, 0L, 1L, 
    0L, 0L, 0L, 36L, 3983L, 314L, 5L, 159L, 0L, 34L, 2L, 0L, 
    0L), .Dim = 5:4, .Dimnames = structure(list(c("-1", "0", 
    "1", "2", NA), c("A", "C", "T", NA)), .Names = c("", "")), class = "table"), 
        N = 4535L), Tag.Distribution = structure(c(`1` = 174L, 
    `2` = 43L, `3` = 22L, `4` = 30L, `5` = 13L, `6` = 17L, `7` = 13L, 
    `8` = 17L, `9` = 16L, `10` = 12L, `11` = 11L, `12` = 5L, 
    `13` = 8L, `14` = 9L, `15` = 9L, `16` = 8L, `17` = 8L, `18` = 9L, 
    `19` = 4L, `20` = 7L, `21` = 3L, `22` = 5L, `23` = 8L, `24` = 4L, 
    `25` = 6L, `26` = 2L, `27` = 4L, `28` = 1L, `30` = 3L, `31` = 1L, 
    `32` = 2L, `33` = 3L, `34` = 2L, `35` = 1L, `36` = 4L, `38` = 5L, 
    `39` = 3L, `40` = 1L, `43` = 2L, `44` = 1L, `47` = 1L, `49` = 1L, 
    `52` = 2L, `84` = 1L), .Dim = 44L, .Dimnames = structure(list(
        c("1", "2", "3", "4", "5", "6", "7", "8", "9", "10", 
        "11", "12", "13", "14", "15", "16", "17", "18", "19", 
        "20", "21", "22", "23", "24", "25", "26", "27", "28", 
        "30", "31", "32", "33", "34", "35", "36", "38", "39", 
        "40", "43", "44", "47", "49", "52", "84")), .Names = ""), class = "table"), 
    No.Tag = structure(c(0L, 0L, 0L, 0L, 0L, 0L, 0L, 0L, 0L, 
    0L, 6L, 130L, 10L, 0L, 11L, 0L, 3L, 0L, 0L, 0L), .Dim = 5:4, .Dimnames = structure(list(
        c("-1", "0", "1", "2", NA), c("A", "C", "T", NA)), .Names = c("", 
    "")), class = "table"), All.Tags = list(Concordant = list(
        Freqs = structure(c(0, 0, 0, 0, 0, 0, 0, 0, 2, 393, 21, 
        2), .Dim = 4:3, .Dimnames = list(c("-1", "0", "1", "2"
        ), c("A", "C", "T"))), N = 418), Majority = list(Freqs = structure(c(0, 
    0, 0, 0, 0, 0, 0, 0, 2, 436, 34, 2), .Dim = 4:3, .Dimnames = list(
        c("-1", "0", "1", "2"), c("A", "C", "T"))), N = 474)), 
    `2` = structure(c(0, 0, 0, 0, 0, 0, 0, 0, 0, 296, 27, 2), .Dim = 4:3, .Dimnames = list(
        c("-1", "0", "1", "2"), c("A", "C", "T"))))))
