Results <-
list(`bwaOutput/20210421msiMNRsJenny/239970_S11.sam` = list(IM16_SNP1 = list(
    All = list(Freqs = structure(c(2L, 97L, 3206L, 34L, 8L, 1L, 
    34L, 3276L, 35L, 5L, 0L, 0L, 104L, 3L, 0L), .Dim = c(5L, 
    3L), .Dimnames = structure(list(c("-2", "-1", "0", "1", NA
    ), c("A", "G", NA)), .Names = c("", "")), class = "table"), 
        N = 6805L), Tag.Distribution = structure(c(`1` = 126L, 
    `2` = 29L, `3` = 19L, `4` = 20L, `5` = 23L, `6` = 11L, `7` = 9L, 
    `8` = 14L, `9` = 12L, `10` = 7L, `11` = 9L, `12` = 10L, `13` = 10L, 
    `14` = 10L, `15` = 6L, `16` = 9L, `17` = 4L, `18` = 10L, 
    `19` = 3L, `20` = 3L, `21` = 6L, `22` = 7L, `23` = 7L, `24` = 6L, 
    `25` = 3L, `26` = 3L, `27` = 11L, `28` = 2L, `29` = 2L, `30` = 4L, 
    `31` = 4L, `32` = 3L, `33` = 4L, `34` = 2L, `35` = 4L, `36` = 2L, 
    `37` = 1L, `38` = 2L, `39` = 3L, `40` = 1L, `41` = 4L, `42` = 2L, 
    `43` = 2L, `44` = 1L, `45` = 4L, `46` = 2L, `47` = 1L, `48` = 3L, 
    `49` = 3L, `50` = 4L, `51` = 1L, `52` = 1L, `54` = 2L, `55` = 2L, 
    `57` = 2L, `59` = 2L, `62` = 2L, `65` = 1L, `66` = 1L, `68` = 2L, 
    `73` = 1L, `74` = 1L, `81` = 1L, `87` = 1L, `105` = 1L), .Dim = 65L, .Dimnames = structure(list(
        c("1", "2", "3", "4", "5", "6", "7", "8", "9", "10", 
        "11", "12", "13", "14", "15", "16", "17", "18", "19", 
        "20", "21", "22", "23", "24", "25", "26", "27", "28", 
        "29", "30", "31", "32", "33", "34", "35", "36", "37", 
        "38", "39", "40", "41", "42", "43", "44", "45", "46", 
        "47", "48", "49", "50", "51", "52", "54", "55", "57", 
        "59", "62", "65", "66", "68", "73", "74", "81", "87", 
        "105")), .Names = ""), class = "table"), No.Tag = structure(c(0L, 
    1L, 72L, 2L, 1L, 0L, 1L, 53L, 3L, 1L, 0L, 0L, 5L, 0L, 0L), .Dim = c(5L, 
    3L), .Dimnames = structure(list(c("-2", "-1", "0", "1", NA
    ), c("A", "G", NA)), .Names = c("", "")), class = "table"), 
    All.Tags = list(Concordant = list(Freqs = structure(c(0, 
    1, 157, 1, 0, 0, 171, 0), .Dim = c(4L, 2L), .Dimnames = list(
        c("-2", "-1", "0", "1"), c("A", "G"))), N = 330), Majority = list(
        Freqs = structure(c(0, 2, 210, 1, 0, 0, 230, 0), .Dim = c(4L, 
        2L), .Dimnames = list(c("-2", "-1", "0", "1"), c("A", 
        "G"))), N = 443)), `2` = structure(c(0, 1, 159, 1, 0, 
    0, 179, 0), .Dim = c(4L, 2L), .Dimnames = list(c("-2", "-1", 
    "0", "1"), c("A", "G"))))))
