Results <-
list(`bwaOutput/20210421msiMNRsJenny/239970_S11.sam` = list(LR52_SNP1 = list(
    All = list(Freqs = structure(c(1L, 46L, 462L, 872L, 2954L, 
    13L, 1L, 95L, 0L, 0L, 0L, 0L, 1L, 0L, 0L, 0L, 0L, 0L, 0L, 
    0L, 2L, 0L, 0L, 0L, 0L, 0L, 5L, 41L, 775L, 6L, 0L, 0L), .Dim = c(8L, 
    4L), .Dimnames = structure(list(c("-4", "-3", "-2", "-1", 
    "0", "1", "2", NA), c("C", "G", "T", NA)), .Names = c("", 
    "")), class = "table"), N = 5274L), Tag.Distribution = structure(c(`1` = 79L, 
    `2` = 22L, `3` = 30L, `4` = 21L, `5` = 12L, `6` = 18L, `7` = 10L, 
    `8` = 13L, `9` = 16L, `10` = 11L, `11` = 5L, `12` = 6L, `13` = 7L, 
    `14` = 9L, `15` = 10L, `16` = 2L, `17` = 13L, `18` = 6L, 
    `19` = 2L, `20` = 2L, `21` = 5L, `22` = 3L, `23` = 7L, `24` = 2L, 
    `25` = 4L, `26` = 7L, `27` = 3L, `28` = 3L, `29` = 2L, `30` = 3L, 
    `31` = 4L, `32` = 1L, `33` = 3L, `34` = 1L, `35` = 5L, `36` = 3L, 
    `37` = 1L, `38` = 3L, `39` = 2L, `40` = 1L, `41` = 1L, `42` = 2L, 
    `43` = 2L, `44` = 3L, `45` = 1L, `47` = 2L, `49` = 1L, `52` = 2L, 
    `56` = 1L, `58` = 2L, `59` = 2L, `60` = 4L, `61` = 1L, `64` = 1L, 
    `65` = 2L, `70` = 1L), .Dim = 56L, .Dimnames = structure(list(
        c("1", "2", "3", "4", "5", "6", "7", "8", "9", "10", 
        "11", "12", "13", "14", "15", "16", "17", "18", "19", 
        "20", "21", "22", "23", "24", "25", "26", "27", "28", 
        "29", "30", "31", "32", "33", "34", "35", "36", "37", 
        "38", "39", "40", "41", "42", "43", "44", "45", "47", 
        "49", "52", "56", "58", "59", "60", "61", "64", "65", 
        "70")), .Names = ""), class = "table"), No.Tag = structure(c(0L, 
    0L, 6L, 18L, 80L, 0L, 0L, 0L, 0L, 0L, 0L, 0L, 0L, 0L, 0L, 
    0L, 0L, 0L, 0L, 0L, 0L, 0L, 0L, 0L, 0L, 0L, 0L, 2L, 35L, 
    1L, 0L, 0L), .Dim = c(8L, 4L), .Dimnames = structure(list(
        c("-4", "-3", "-2", "-1", "0", "1", "2", NA), c("C", 
        "G", "T", NA)), .Names = c("", "")), class = "table"), 
    All.Tags = list(Concordant = list(Freqs = structure(c(0, 
    2, 18, 30, 128, 0, 0, 0, 0, 0, 0, 0, 0, 0, 0, 0, 0, 0, 2, 
    0, 0), .Dim = c(7L, 3L), .Dimnames = list(c("-4", "-3", "-2", 
    "-1", "0", "1", "2"), c("C", "G", "T"))), N = 180), Majority = list(
        Freqs = structure(c(0, 3, 27, 58, 265, 0, 0, 0, 0, 0, 
        0, 0, 0, 0, 0, 0, 0, 0, 2, 0, 0), .Dim = c(7L, 3L), .Dimnames = list(
            c("-4", "-3", "-2", "-1", "0", "1", "2"), c("C", 
            "G", "T"))), N = 355)), `2` = structure(c(0, 3, 21, 
    47, 226, 0, 0, 0, 0, 0, 0, 0, 0, 0, 0, 0, 0, 0, 0, 0, 0), .Dim = c(7L, 
    3L), .Dimnames = list(c("-4", "-3", "-2", "-1", "0", "1", 
    "2"), c("C", "G", "T"))))))
