Results <-
list(`bwaOutput/20210421msiMNRsJenny/239970_S11.sam` = list(GM09_SNP1 = list(
    All = list(Freqs = structure(c(50L, 10111L, 18L, 5L, 0L, 
    15L, 0L, 1L, 0L, 1L, 0L, 0L, 1L, 57L, 0L, 0L), .Dim = c(4L, 
    4L), .Dimnames = structure(list(c("-1", "0", "1", NA), c("A", 
    "G", "T", NA)), .Names = c("", "")), class = "table"), N = 10259L), 
    Tag.Distribution = structure(c(`1` = 176L, `2` = 58L, `3` = 28L, 
    `4` = 31L, `5` = 31L, `6` = 29L, `7` = 32L, `8` = 29L, `9` = 27L, 
    `10` = 17L, `11` = 12L, `12` = 15L, `13` = 16L, `14` = 12L, 
    `15` = 14L, `16` = 5L, `17` = 8L, `18` = 3L, `19` = 9L, `20` = 8L, 
    `21` = 14L, `22` = 1L, `23` = 10L, `24` = 7L, `25` = 5L, 
    `26` = 8L, `27` = 10L, `28` = 4L, `29` = 4L, `30` = 8L, `31` = 3L, 
    `32` = 9L, `33` = 4L, `34` = 3L, `35` = 4L, `36` = 2L, `37` = 6L, 
    `38` = 5L, `39` = 5L, `40` = 7L, `41` = 8L, `42` = 3L, `43` = 3L, 
    `44` = 3L, `45` = 1L, `46` = 1L, `47` = 2L, `48` = 2L, `49` = 3L, 
    `50` = 2L, `51` = 6L, `52` = 1L, `53` = 5L, `55` = 3L, `56` = 3L, 
    `57` = 2L, `58` = 1L, `59` = 3L, `61` = 1L, `62` = 2L, `63` = 1L, 
    `65` = 1L, `66` = 1L, `67` = 1L, `70` = 1L, `76` = 1L, `77` = 1L, 
    `87` = 1L), .Dim = 68L, .Dimnames = structure(list(c("1", 
    "2", "3", "4", "5", "6", "7", "8", "9", "10", "11", "12", 
    "13", "14", "15", "16", "17", "18", "19", "20", "21", "22", 
    "23", "24", "25", "26", "27", "28", "29", "30", "31", "32", 
    "33", "34", "35", "36", "37", "38", "39", "40", "41", "42", 
    "43", "44", "45", "46", "47", "48", "49", "50", "51", "52", 
    "53", "55", "56", "57", "58", "59", "61", "62", "63", "65", 
    "66", "67", "70", "76", "77", "87")), .Names = ""), class = "table"), 
    No.Tag = structure(c(1L, 247L, 1L, 1L, 0L, 1L, 0L, 0L, 0L, 
    0L, 0L, 0L, 0L, 8L, 0L, 0L), .Dim = c(4L, 4L), .Dimnames = structure(list(
        c("-1", "0", "1", NA), c("A", "G", "T", NA)), .Names = c("", 
    "")), class = "table"), All.Tags = list(Concordant = list(
        Freqs = structure(c(2, 667, 0, 0, 9, 0, 0, 0, 0), .Dim = c(3L, 
        3L), .Dimnames = list(c("-1", "0", "1"), c("A", "G", 
        "T"))), N = 678), Majority = list(Freqs = structure(c(2, 
    721, 0, 0, 9, 0, 0, 0, 0), .Dim = c(3L, 3L), .Dimnames = list(
        c("-1", "0", "1"), c("A", "G", "T"))), N = 732)), `2` = structure(c(1, 
    564, 0, 0, 0, 0, 0, 0, 0), .Dim = c(3L, 3L), .Dimnames = list(
        c("-1", "0", "1"), c("A", "G", "T"))))))
