Results <-
list(`bwaOutput/20210421msiMNRsJenny/239970_S11.sam` = list(GM11_SNP1 = list(
    All = list(Freqs = structure(c(1L, 640L, 1957L, 4L, 5L, 0L, 
    100L, 2915L, 25L, 5L, 0L, 2L, 33L, 1L, 0L), .Dim = c(5L, 
    3L), .Dimnames = structure(list(c("-3", "-1", "0", "1", NA
    ), c("A", "G", NA)), .Names = c("", "")), class = "table"), 
        N = 5688L), Tag.Distribution = structure(c(`1` = 89L, 
    `2` = 26L, `3` = 22L, `4` = 15L, `5` = 20L, `6` = 20L, `7` = 11L, 
    `8` = 12L, `9` = 14L, `10` = 3L, `11` = 7L, `12` = 11L, `13` = 9L, 
    `14` = 6L, `15` = 9L, `16` = 6L, `17` = 11L, `18` = 4L, `19` = 7L, 
    `20` = 7L, `21` = 4L, `22` = 6L, `23` = 4L, `24` = 6L, `25` = 5L, 
    `26` = 3L, `27` = 3L, `29` = 5L, `30` = 5L, `31` = 2L, `32` = 4L, 
    `33` = 1L, `34` = 3L, `35` = 4L, `36` = 1L, `37` = 1L, `38` = 1L, 
    `39` = 4L, `40` = 1L, `41` = 3L, `42` = 2L, `43` = 3L, `44` = 2L, 
    `46` = 1L, `47` = 3L, `49` = 1L, `50` = 1L, `51` = 2L, `52` = 1L, 
    `53` = 1L, `58` = 2L, `59` = 1L, `60` = 1L, `61` = 4L, `62` = 3L, 
    `69` = 1L, `84` = 1L), .Dim = 57L, .Dimnames = structure(list(
        c("1", "2", "3", "4", "5", "6", "7", "8", "9", "10", 
        "11", "12", "13", "14", "15", "16", "17", "18", "19", 
        "20", "21", "22", "23", "24", "25", "26", "27", "29", 
        "30", "31", "32", "33", "34", "35", "36", "37", "38", 
        "39", "40", "41", "42", "43", "44", "46", "47", "49", 
        "50", "51", "52", "53", "58", "59", "60", "61", "62", 
        "69", "84")), .Names = ""), class = "table"), No.Tag = structure(c(0L, 
    38L, 62L, 0L, 1L, 0L, 1L, 56L, 0L, 0L, 0L, 1L, 2L, 0L, 0L
    ), .Dim = c(5L, 3L), .Dimnames = structure(list(c("-3", "-1", 
    "0", "1", NA), c("A", "G", NA)), .Names = c("", "")), class = "table"), 
    All.Tags = list(Concordant = list(Freqs = structure(c(0, 
    42, 128, 0, 0, 1, 163, 0), .Dim = c(4L, 2L), .Dimnames = list(
        c("-3", "-1", "0", "1"), c("A", "G"))), N = 334), Majority = list(
        Freqs = structure(c(0, 48, 153, 0, 0, 2, 198, 0), .Dim = c(4L, 
        2L), .Dimnames = list(c("-3", "-1", "0", "1"), c("A", 
        "G"))), N = 401)), `2` = structure(c(0, 33, 122, 0, 0, 
    2, 158, 0), .Dim = c(4L, 2L), .Dimnames = list(c("-3", "-1", 
    "0", "1"), c("A", "G"))))))
