Results <-
list(`bwaOutput/20210421msiMNRsJenny/239970_S11.sam` = list(LR48_SNP1 = list(
    All = list(Freqs = structure(c(0L, 1L, 1L, 0L, 0L, 0L, 8L, 
    969L, 6498L, 116L, 1L, 39L, 1L, 1L, 4L, 0L, 0L, 0L, 0L, 5L, 
    124L, 1L, 0L, 0L), .Dim = c(6L, 4L), .Dimnames = structure(list(
        c("-2", "-1", "0", "1", "2", NA), c("A", "C", "T", NA
        )), .Names = c("", "")), class = "table"), N = 7769L), 
    Tag.Distribution = structure(c(`1` = 123L, `2` = 30L, `3` = 26L, 
    `4` = 16L, `5` = 14L, `6` = 15L, `7` = 8L, `8` = 18L, `9` = 10L, 
    `10` = 14L, `11` = 10L, `12` = 7L, `13` = 6L, `14` = 6L, 
    `15` = 8L, `16` = 5L, `17` = 5L, `18` = 7L, `19` = 3L, `20` = 4L, 
    `21` = 8L, `22` = 2L, `23` = 5L, `24` = 6L, `25` = 5L, `26` = 7L, 
    `27` = 2L, `28` = 2L, `29` = 4L, `30` = 1L, `31` = 1L, `32` = 5L, 
    `33` = 5L, `34` = 1L, `35` = 1L, `36` = 5L, `37` = 4L, `38` = 3L, 
    `39` = 2L, `40` = 3L, `41` = 3L, `42` = 3L, `43` = 2L, `44` = 1L, 
    `45` = 7L, `46` = 1L, `47` = 1L, `48` = 2L, `49` = 2L, `50` = 1L, 
    `52` = 3L, `53` = 2L, `54` = 3L, `55` = 1L, `56` = 5L, `57` = 3L, 
    `59` = 1L, `61` = 1L, `62` = 4L, `63` = 1L, `64` = 1L, `67` = 1L, 
    `68` = 1L, `69` = 1L, `75` = 1L, `76` = 1L, `77` = 3L, `82` = 2L, 
    `86` = 1L, `92` = 1L, `93` = 1L, `103` = 1L, `111` = 1L), .Dim = 73L, .Dimnames = structure(list(
        c("1", "2", "3", "4", "5", "6", "7", "8", "9", "10", 
        "11", "12", "13", "14", "15", "16", "17", "18", "19", 
        "20", "21", "22", "23", "24", "25", "26", "27", "28", 
        "29", "30", "31", "32", "33", "34", "35", "36", "37", 
        "38", "39", "40", "41", "42", "43", "44", "45", "46", 
        "47", "48", "49", "50", "52", "53", "54", "55", "56", 
        "57", "59", "61", "62", "63", "64", "67", "68", "69", 
        "75", "76", "77", "82", "86", "92", "93", "103", "111"
        )), .Names = ""), class = "table"), No.Tag = structure(c(0L, 
    0L, 0L, 0L, 0L, 0L, 0L, 8L, 142L, 1L, 0L, 4L, 0L, 0L, 0L, 
    0L, 0L, 0L, 0L, 0L, 5L, 0L, 0L, 0L), .Dim = c(6L, 4L), .Dimnames = structure(list(
        c("-2", "-1", "0", "1", "2", NA), c("A", "C", "T", NA
        )), .Names = c("", "")), class = "table"), All.Tags = list(
        Concordant = list(Freqs = structure(c(0, 0, 0, 0, 0, 
        0, 41, 288, 0, 0, 1, 0, 3, 0, 0), .Dim = c(5L, 3L), .Dimnames = list(
            c("-2", "-1", "0", "1", "2"), c("A", "C", "T"))), 
            N = 333), Majority = list(Freqs = structure(c(0, 
        0, 0, 0, 0, 0, 53, 402, 1, 0, 1, 0, 3, 0, 0), .Dim = c(5L, 
        3L), .Dimnames = list(c("-2", "-1", "0", "1", "2"), c("A", 
        "C", "T"))), N = 460)), `2` = structure(c(0, 0, 0, 0, 
    0, 0, 33, 311, 1, 0, 0, 0, 0, 0, 0), .Dim = c(5L, 3L), .Dimnames = list(
        c("-2", "-1", "0", "1", "2"), c("A", "C", "T"))))))
