Results <-
list(`bwaOutput/20210421msiMNRsJenny/239970_S11.sam` = list(LR44_SNP1 = list(
    All = list(Freqs = structure(c(0L, 0L, 0L, 8L, 0L, 0L, 6L, 
    263L, 855L, 3469L, 43L, 34L, 0L, 0L, 1L, 0L, 0L, 0L, 0L, 
    1L, 14L, 106L, 2L, 1L, 0L, 0L, 13L, 108L, 2L, 0L), .Dim = 6:5, .Dimnames = structure(list(
        c("-3", "-2", "-1", "0", "1", NA), c("-", "C", "G", "T", 
        NA)), .Names = c("", "")), class = "table"), N = 4926L), 
    Tag.Distribution = structure(c(`1` = 97L, `2` = 26L, `3` = 22L, 
    `4` = 18L, `5` = 16L, `6` = 11L, `7` = 22L, `8` = 14L, `9` = 19L, 
    `10` = 12L, `11` = 9L, `12` = 4L, `13` = 6L, `14` = 6L, `15` = 5L, 
    `16` = 3L, `17` = 5L, `18` = 6L, `19` = 5L, `20` = 4L, `21` = 7L, 
    `22` = 3L, `23` = 6L, `24` = 3L, `25` = 4L, `26` = 4L, `27` = 4L, 
    `28` = 3L, `29` = 1L, `30` = 1L, `31` = 3L, `32` = 1L, `33` = 6L, 
    `34` = 4L, `35` = 2L, `36` = 2L, `37` = 1L, `38` = 3L, `39` = 2L, 
    `40` = 4L, `41` = 1L, `42` = 2L, `43` = 2L, `44` = 2L, `45` = 3L, 
    `46` = 3L, `47` = 1L, `51` = 1L, `53` = 1L, `58` = 2L, `63` = 1L, 
    `64` = 1L, `76` = 1L), .Dim = 53L, .Dimnames = structure(list(
        c("1", "2", "3", "4", "5", "6", "7", "8", "9", "10", 
        "11", "12", "13", "14", "15", "16", "17", "18", "19", 
        "20", "21", "22", "23", "24", "25", "26", "27", "28", 
        "29", "30", "31", "32", "33", "34", "35", "36", "37", 
        "38", "39", "40", "41", "42", "43", "44", "45", "46", 
        "47", "51", "53", "58", "63", "64", "76")), .Names = ""), class = "table"), 
    No.Tag = structure(c(0L, 0L, 0L, 0L, 0L, 0L, 0L, 5L, 48L, 
    154L, 4L, 4L, 0L, 0L, 0L, 0L, 0L, 0L, 0L, 0L, 0L, 1L, 0L, 
    0L, 0L, 0L, 1L, 9L, 0L, 0L), .Dim = 6:5, .Dimnames = structure(list(
        c("-3", "-2", "-1", "0", "1", NA), c("-", "C", "G", "T", 
        NA)), .Names = c("", "")), class = "table"), All.Tags = list(
        Concordant = list(Freqs = structure(c(0, 0, 0, 2, 0, 
        0, 17, 46, 158, 0, 0, 0, 0, 0, 0, 0, 0, 2, 5, 0), .Dim = 5:4, .Dimnames = list(
            c("-3", "-2", "-1", "0", "1"), c("-", "C", "G", "T"
            ))), N = 230), Majority = list(Freqs = structure(c(0, 
        0, 0, 2, 0, 0, 21, 64, 281, 0, 0, 0, 0, 0, 0, 0, 0, 2, 
        9, 0), .Dim = 5:4, .Dimnames = list(c("-3", "-2", "-1", 
        "0", "1"), c("-", "C", "G", "T"))), N = 379)), `2` = structure(c(0, 
    0, 0, 1, 0, 0, 13, 50, 221, 0, 0, 0, 0, 0, 0, 0, 0, 0, 5, 
    0), .Dim = 5:4, .Dimnames = list(c("-3", "-2", "-1", "0", 
    "1"), c("-", "C", "G", "T"))))))
