Results <-
list(`bwaOutput/20210421msiMNRsJenny/239970_S11.sam` = list(GM01_SNP1 = list(
    All = list(Freqs = structure(c(0L, 77L, 5187L, 19L, 6L, 5L, 
    1233L, 3408L, 8L, 23L, 0L, 5L, 123L, 0L, 0L), .Dim = c(5L, 
    3L), .Dimnames = structure(list(c("-2", "-1", "0", "1", NA
    ), c("A", "G", NA)), .Names = c("", "")), class = "table"), 
        N = 10094L), Tag.Distribution = structure(c(`1` = 169L, 
    `2` = 44L, `3` = 37L, `4` = 37L, `5` = 38L, `6` = 24L, `7` = 30L, 
    `8` = 25L, `9` = 21L, `10` = 26L, `11` = 18L, `12` = 15L, 
    `13` = 12L, `14` = 15L, `15` = 14L, `16` = 10L, `17` = 13L, 
    `18` = 9L, `19` = 9L, `20` = 11L, `21` = 5L, `22` = 7L, `23` = 8L, 
    `24` = 10L, `25` = 9L, `26` = 9L, `27` = 10L, `28` = 9L, 
    `29` = 3L, `30` = 8L, `31` = 4L, `32` = 8L, `33` = 10L, `34` = 9L, 
    `35` = 6L, `36` = 7L, `37` = 3L, `38` = 5L, `39` = 4L, `41` = 6L, 
    `42` = 2L, `43` = 2L, `44` = 4L, `45` = 1L, `46` = 3L, `47` = 1L, 
    `48` = 1L, `49` = 3L, `51` = 2L, `52` = 1L, `53` = 1L, `54` = 1L, 
    `55` = 3L, `56` = 2L, `58` = 2L, `60` = 1L, `62` = 2L, `65` = 1L, 
    `67` = 1L, `74` = 2L, `75` = 1L, `78` = 1L, `92` = 1L), .Dim = 63L, .Dimnames = structure(list(
        c("1", "2", "3", "4", "5", "6", "7", "8", "9", "10", 
        "11", "12", "13", "14", "15", "16", "17", "18", "19", 
        "20", "21", "22", "23", "24", "25", "26", "27", "28", 
        "29", "30", "31", "32", "33", "34", "35", "36", "37", 
        "38", "39", "41", "42", "43", "44", "45", "46", "47", 
        "48", "49", "51", "52", "53", "54", "55", "56", "58", 
        "60", "62", "65", "67", "74", "75", "78", "92")), .Names = ""), class = "table"), 
    No.Tag = structure(c(0L, 0L, 123L, 1L, 1L, 0L, 21L, 34L, 
    0L, 1L, 0L, 1L, 9L, 0L, 0L), .Dim = c(5L, 3L), .Dimnames = structure(list(
        c("-2", "-1", "0", "1", NA), c("A", "G", NA)), .Names = c("", 
    "")), class = "table"), All.Tags = list(Concordant = list(
        Freqs = structure(c(0, 0, 292, 0, 0, 68, 217, 0), .Dim = c(4L, 
        2L), .Dimnames = list(c("-2", "-1", "0", "1"), c("A", 
        "G"))), N = 577), Majority = list(Freqs = structure(c(0, 
    0, 378, 0, 0, 87, 270, 0), .Dim = c(4L, 2L), .Dimnames = list(
        c("-2", "-1", "0", "1"), c("A", "G"))), N = 735)), `2` = structure(c(0, 
    0, 305, 0, 0, 68, 211, 0), .Dim = c(4L, 2L), .Dimnames = list(
        c("-2", "-1", "0", "1"), c("A", "G"))))))
