Results <-
list(`bwaOutput/20210421msiMNRsJenny/239970_S11.sam` = list(LR20_SNP1 = list(
    All = list(Freqs = structure(c(0L, 1L, 0L, 0L, 14L, 5261L, 
    9L, 3L, 0L, 3L, 0L, 0L, 0L, 20L, 0L, 0L), .Dim = c(4L, 4L
    ), .Dimnames = structure(list(c("-1", "0", "1", NA), c("-", 
    "A", "G", NA)), .Names = c("", "")), class = "table"), N = 5311L), 
    Tag.Distribution = structure(c(`1` = 105L, `2` = 37L, `3` = 34L, 
    `4` = 22L, `5` = 25L, `6` = 13L, `7` = 14L, `8` = 8L, `9` = 12L, 
    `10` = 14L, `11` = 11L, `12` = 9L, `13` = 8L, `14` = 8L, 
    `15` = 4L, `16` = 9L, `17` = 8L, `18` = 5L, `19` = 8L, `20` = 7L, 
    `21` = 1L, `22` = 6L, `23` = 2L, `24` = 1L, `25` = 3L, `26` = 4L, 
    `27` = 4L, `28` = 3L, `29` = 4L, `30` = 6L, `31` = 1L, `33` = 6L, 
    `34` = 3L, `36` = 1L, `37` = 2L, `38` = 4L, `41` = 1L, `42` = 2L, 
    `43` = 5L, `44` = 3L, `46` = 1L, `48` = 1L, `51` = 3L, `54` = 1L, 
    `55` = 1L, `57` = 2L, `58` = 1L, `59` = 1L, `69` = 1L, `77` = 1L, 
    `80` = 1L, `81` = 1L, `99` = 1L), .Dim = 53L, .Dimnames = structure(list(
        c("1", "2", "3", "4", "5", "6", "7", "8", "9", "10", 
        "11", "12", "13", "14", "15", "16", "17", "18", "19", 
        "20", "21", "22", "23", "24", "25", "26", "27", "28", 
        "29", "30", "31", "33", "34", "36", "37", "38", "41", 
        "42", "43", "44", "46", "48", "51", "54", "55", "57", 
        "58", "59", "69", "77", "80", "81", "99")), .Names = ""), class = "table"), 
    No.Tag = structure(c(0L, 0L, 0L, 0L, 0L, 210L, 0L, 2L, 0L, 
    0L, 0L, 0L, 0L, 2L, 0L, 0L), .Dim = c(4L, 4L), .Dimnames = structure(list(
        c("-1", "0", "1", NA), c("-", "A", "G", NA)), .Names = c("", 
    "")), class = "table"), All.Tags = list(Concordant = list(
        Freqs = structure(c(0, 0, 0, 0, 411, 0, 0, 2, 0), .Dim = c(3L, 
        3L), .Dimnames = list(c("-1", "0", "1"), c("-", "A", 
        "G"))), N = 413), Majority = list(Freqs = structure(c(0, 
    0, 0, 0, 433, 0, 0, 2, 0), .Dim = c(3L, 3L), .Dimnames = list(
        c("-1", "0", "1"), c("-", "A", "G"))), N = 435)), `2` = structure(c(0, 
    0, 0, 0, 334, 0, 0, 0, 0), .Dim = c(3L, 3L), .Dimnames = list(
        c("-1", "0", "1"), c("-", "A", "G"))))))
