Results <-
list(`bwaOutput/20210421msiMNRsJenny/239970_S11.sam` = list(GM26_SNP1 = list(
    All = list(Freqs = structure(c(1L, 17L, 1610L, 11L, 4L, 0L, 
    17L, 1908L, 11L, 2L, 0L, 0L, 60L, 0L, 0L), .Dim = c(5L, 3L
    ), .Dimnames = structure(list(c("-2", "-1", "0", "1", NA), 
        c("A", "G", NA)), .Names = c("", "")), class = "table"), 
        N = 3641L), Tag.Distribution = structure(c(`1` = 98L, 
    `2` = 18L, `3` = 23L, `4` = 19L, `5` = 18L, `6` = 11L, `7` = 7L, 
    `8` = 9L, `9` = 12L, `10` = 7L, `11` = 7L, `12` = 5L, `13` = 4L, 
    `14` = 10L, `15` = 6L, `16` = 7L, `17` = 4L, `18` = 4L, `19` = 1L, 
    `20` = 2L, `21` = 5L, `22` = 1L, `24` = 5L, `25` = 1L, `26` = 3L, 
    `27` = 1L, `28` = 3L, `29` = 3L, `30` = 2L, `31` = 2L, `32` = 3L, 
    `33` = 3L, `34` = 2L, `35` = 1L, `36` = 1L, `37` = 1L, `39` = 2L, 
    `42` = 5L, `45` = 2L, `47` = 2L, `48` = 2L, `49` = 2L, `51` = 1L, 
    `53` = 1L, `59` = 1L, `62` = 1L, `69` = 1L, `104` = 1L), .Dim = 48L, .Dimnames = structure(list(
        c("1", "2", "3", "4", "5", "6", "7", "8", "9", "10", 
        "11", "12", "13", "14", "15", "16", "17", "18", "19", 
        "20", "21", "22", "24", "25", "26", "27", "28", "29", 
        "30", "31", "32", "33", "34", "35", "36", "37", "39", 
        "42", "45", "47", "48", "49", "51", "53", "59", "62", 
        "69", "104")), .Names = ""), class = "table"), No.Tag = structure(c(0L, 
    0L, 28L, 1L, 0L, 0L, 0L, 40L, 0L, 1L, 0L, 0L, 2L, 0L, 0L), .Dim = c(5L, 
    3L), .Dimnames = structure(list(c("-2", "-1", "0", "1", NA
    ), c("A", "G", NA)), .Names = c("", "")), class = "table"), 
    All.Tags = list(Concordant = list(Freqs = structure(c(0, 
    1, 137, 0, 0, 1, 131, 1), .Dim = c(4L, 2L), .Dimnames = list(
        c("-2", "-1", "0", "1"), c("A", "G"))), N = 271), Majority = list(
        Freqs = structure(c(0, 1, 159, 0, 0, 1, 161, 1), .Dim = c(4L, 
        2L), .Dimnames = list(c("-2", "-1", "0", "1"), c("A", 
        "G"))), N = 323)), `2` = structure(c(0, 0, 108, 0, 0, 
    0, 122, 0), .Dim = c(4L, 2L), .Dimnames = list(c("-2", "-1", 
    "0", "1"), c("A", "G"))))))
