Results <-
list(`bwaOutput/20210421msiMNRsJenny/239970_S11.sam` = list(GM17_SNP1 = list(
    All = list(Freqs = structure(c(0L, 0L, 1L, 0L, 0L, 1L, 108L, 
    3853L, 12L, 2L, 1L, 71L, 4424L, 9L, 3L, 0L, 4L, 269L, 2L, 
    0L), .Dim = 5:4, .Dimnames = structure(list(c("-2", "-1", 
    "0", "1", NA), c("-", "C", "T", NA)), .Names = c("", "")), class = "table"), 
        N = 8760L), Tag.Distribution = structure(c(`1` = 154L, 
    `2` = 37L, `3` = 37L, `4` = 34L, `5` = 19L, `6` = 28L, `7` = 21L, 
    `8` = 14L, `9` = 10L, `10` = 18L, `11` = 15L, `12` = 14L, 
    `13` = 8L, `14` = 9L, `15` = 8L, `16` = 5L, `17` = 10L, `18` = 11L, 
    `19` = 10L, `20` = 6L, `21` = 5L, `22` = 7L, `23` = 9L, `24` = 8L, 
    `25` = 4L, `26` = 5L, `27` = 4L, `28` = 5L, `29` = 4L, `30` = 1L, 
    `31` = 2L, `32` = 1L, `33` = 1L, `34` = 7L, `35` = 5L, `36` = 5L, 
    `37` = 3L, `38` = 3L, `39` = 4L, `40` = 2L, `41` = 4L, `42` = 4L, 
    `43` = 3L, `45` = 5L, `46` = 1L, `47` = 2L, `48` = 3L, `49` = 3L, 
    `50` = 4L, `51` = 2L, `52` = 2L, `53` = 1L, `54` = 4L, `55` = 2L, 
    `58` = 3L, `59` = 2L, `60` = 2L, `61` = 1L, `62` = 1L, `63` = 1L, 
    `67` = 1L, `68` = 2L, `70` = 1L, `71` = 1L, `73` = 1L, `79` = 2L, 
    `84` = 1L, `92` = 1L, `96` = 1L), .Dim = 69L, .Dimnames = structure(list(
        c("1", "2", "3", "4", "5", "6", "7", "8", "9", "10", 
        "11", "12", "13", "14", "15", "16", "17", "18", "19", 
        "20", "21", "22", "23", "24", "25", "26", "27", "28", 
        "29", "30", "31", "32", "33", "34", "35", "36", "37", 
        "38", "39", "40", "41", "42", "43", "45", "46", "47", 
        "48", "49", "50", "51", "52", "53", "54", "55", "58", 
        "59", "60", "61", "62", "63", "67", "68", "70", "71", 
        "73", "79", "84", "92", "96")), .Names = ""), class = "table"), 
    No.Tag = structure(c(0L, 0L, 0L, 0L, 0L, 0L, 1L, 161L, 0L, 
    0L, 0L, 1L, 73L, 0L, 0L, 0L, 0L, 6L, 0L, 0L), .Dim = 5:4, .Dimnames = structure(list(
        c("-2", "-1", "0", "1", NA), c("-", "C", "T", NA)), .Names = c("", 
    "")), class = "table"), All.Tags = list(Concordant = list(
        Freqs = structure(c(0, 0, 0, 0, 0, 4, 241, 1, 0, 1, 249, 
        0), .Dim = 4:3, .Dimnames = list(c("-2", "-1", "0", "1"
        ), c("-", "C", "T"))), N = 496), Majority = list(Freqs = structure(c(0, 
    0, 0, 0, 0, 4, 276, 1, 0, 2, 314, 0), .Dim = 4:3, .Dimnames = list(
        c("-2", "-1", "0", "1"), c("-", "C", "T"))), N = 597)), 
    `2` = structure(c(0, 0, 0, 0, 0, 2, 211, 0, 0, 2, 240, 0), .Dim = 4:3, .Dimnames = list(
        c("-2", "-1", "0", "1"), c("-", "C", "T"))))))
