Results <-
list(`bwaOutput/20210421msiMNRsJenny/239970_S11.sam` = list(LR49_SNP1 = list(
    All = list(Freqs = structure(c(0L, 11L, 0L, 0L, 32L, 7522L, 
    2L, 11L, 0L, 1L, 0L, 0L, 0L, 51L, 0L, 0L), .Dim = c(4L, 4L
    ), .Dimnames = structure(list(c("-1", "0", "1", NA), c("A", 
    "G", "T", NA)), .Names = c("", "")), class = "table"), N = 7630L), 
    Tag.Distribution = structure(c(`1` = 185L, `2` = 49L, `3` = 37L, 
    `4` = 43L, `5` = 29L, `6` = 29L, `7` = 29L, `8` = 24L, `9` = 22L, 
    `10` = 21L, `11` = 21L, `12` = 11L, `13` = 15L, `14` = 11L, 
    `15` = 5L, `16` = 11L, `17` = 9L, `18` = 12L, `19` = 7L, 
    `20` = 12L, `21` = 9L, `22` = 7L, `23` = 10L, `24` = 4L, 
    `25` = 5L, `26` = 2L, `27` = 5L, `28` = 2L, `29` = 4L, `30` = 5L, 
    `31` = 4L, `32` = 2L, `34` = 3L, `35` = 4L, `36` = 3L, `37` = 2L, 
    `38` = 3L, `39` = 3L, `40` = 2L, `41` = 2L, `42` = 2L, `43` = 1L, 
    `44` = 2L, `46` = 3L, `47` = 3L, `49` = 2L, `51` = 1L, `54` = 4L, 
    `55` = 1L, `56` = 2L, `57` = 1L, `59` = 3L, `60` = 1L, `62` = 1L, 
    `63` = 1L, `64` = 1L, `67` = 1L, `73` = 1L), .Dim = 58L, .Dimnames = structure(list(
        c("1", "2", "3", "4", "5", "6", "7", "8", "9", "10", 
        "11", "12", "13", "14", "15", "16", "17", "18", "19", 
        "20", "21", "22", "23", "24", "25", "26", "27", "28", 
        "29", "30", "31", "32", "34", "35", "36", "37", "38", 
        "39", "40", "41", "42", "43", "44", "46", "47", "49", 
        "51", "54", "55", "56", "57", "59", "60", "62", "63", 
        "64", "67", "73")), .Names = ""), class = "table"), No.Tag = structure(c(0L, 
    2L, 0L, 0L, 1L, 266L, 0L, 2L, 0L, 0L, 0L, 0L, 0L, 9L, 0L, 
    0L), .Dim = c(4L, 4L), .Dimnames = structure(list(c("-1", 
    "0", "1", NA), c("A", "G", "T", NA)), .Names = c("", "")), class = "table"), 
    All.Tags = list(Concordant = list(Freqs = structure(c(0, 
    0, 0, 0, 650, 0, 0, 0, 0), .Dim = c(3L, 3L), .Dimnames = list(
        c("-1", "0", "1"), c("A", "G", "T"))), N = 650), Majority = list(
        Freqs = structure(c(0, 0, 0, 0, 684, 0, 0, 0, 0), .Dim = c(3L, 
        3L), .Dimnames = list(c("-1", "0", "1"), c("A", "G", 
        "T"))), N = 684)), `2` = structure(c(0, 0, 0, 0, 507, 
    0, 0, 0, 0), .Dim = c(3L, 3L), .Dimnames = list(c("-1", "0", 
    "1"), c("A", "G", "T"))))))
