Results <-
list(`bwaOutput/20210421msiMNRsJenny/239970_S11.sam` = list(GM07_SNP1 = list(
    All = list(Freqs = structure(c(0L, 4L, 0L, 0L, 0L, 0L, 25L, 
    1485L, 4142L, 126L, 4L, 153L, 0L, 0L, 5L, 0L, 0L, 1L, 0L, 
    10L, 61L, 1L, 0L, 0L), .Dim = c(6L, 4L), .Dimnames = structure(list(
        c("-2", "-1", "0", "1", "2", NA), c("-", "A", "G", NA
        )), .Names = c("", "")), class = "table"), N = 6017L), 
    Tag.Distribution = structure(c(`1` = 125L, `2` = 36L, `3` = 24L, 
    `4` = 27L, `5` = 21L, `6` = 12L, `7` = 15L, `8` = 15L, `9` = 9L, 
    `10` = 14L, `11` = 7L, `12` = 6L, `13` = 9L, `14` = 10L, 
    `15` = 5L, `16` = 10L, `17` = 5L, `18` = 10L, `19` = 6L, 
    `20` = 3L, `21` = 8L, `22` = 4L, `23` = 5L, `24` = 2L, `25` = 2L, 
    `26` = 1L, `27` = 3L, `28` = 5L, `29` = 6L, `30` = 2L, `32` = 6L, 
    `33` = 4L, `34` = 3L, `35` = 2L, `36` = 1L, `37` = 2L, `38` = 2L, 
    `39` = 1L, `40` = 1L, `41` = 3L, `42` = 2L, `43` = 4L, `44` = 3L, 
    `45` = 2L, `47` = 1L, `48` = 1L, `49` = 1L, `50` = 3L, `51` = 1L, 
    `53` = 1L, `55` = 2L, `58` = 1L, `60` = 1L, `61` = 1L, `62` = 1L, 
    `64` = 2L, `66` = 1L, `67` = 1L, `68` = 2L, `73` = 1L, `74` = 1L, 
    `155` = 1L), .Dim = 62L, .Dimnames = structure(list(c("1", 
    "2", "3", "4", "5", "6", "7", "8", "9", "10", "11", "12", 
    "13", "14", "15", "16", "17", "18", "19", "20", "21", "22", 
    "23", "24", "25", "26", "27", "28", "29", "30", "32", "33", 
    "34", "35", "36", "37", "38", "39", "40", "41", "42", "43", 
    "44", "45", "47", "48", "49", "50", "51", "53", "55", "58", 
    "60", "61", "62", "64", "66", "67", "68", "73", "74", "155"
    )), .Names = ""), class = "table"), No.Tag = structure(c(0L, 
    0L, 0L, 0L, 0L, 0L, 1L, 24L, 129L, 6L, 0L, 12L, 0L, 0L, 0L, 
    0L, 0L, 1L, 0L, 0L, 4L, 0L, 0L, 0L), .Dim = c(6L, 4L), .Dimnames = structure(list(
        c("-2", "-1", "0", "1", "2", NA), c("-", "A", "G", NA
        )), .Names = c("", "")), class = "table"), All.Tags = list(
        Concordant = list(Freqs = structure(c(0, 0, 0, 0, 0, 
        0, 73, 190, 1, 0, 0, 0, 5, 0, 0), .Dim = c(5L, 3L), .Dimnames = list(
            c("-2", "-1", "0", "1", "2"), c("-", "A", "G"))), 
            N = 269), Majority = list(Freqs = structure(c(0, 
        0, 0, 0, 0, 0, 105, 331, 3, 0, 0, 0, 5, 0, 0), .Dim = c(5L, 
        3L), .Dimnames = list(c("-2", "-1", "0", "1", "2"), c("-", 
        "A", "G"))), N = 444)), `2` = structure(c(0, 0, 0, 0, 
    0, 0, 76, 256, 2, 0, 0, 0, 0, 0, 0), .Dim = c(5L, 3L), .Dimnames = list(
        c("-2", "-1", "0", "1", "2"), c("-", "A", "G"))))))
