Results <-
list(`bwaOutput/20210421msiMNRsJenny/239970_S11.sam` = list(LR11_SNP1 = list(
    All = list(Freqs = structure(c(0L, 0L, 0L, 10L, 0L, 0L, 0L, 
    1L, 10L, 693L, 6347L, 48L, 1L, 29L, 0L, 0L, 0L, 1L, 0L, 0L, 
    0L, 0L, 0L, 35L, 275L, 3L, 0L, 0L), .Dim = c(7L, 4L), .Dimnames = structure(list(
        c("-3", "-2", "-1", "0", "1", "2", NA), c("A", "C", "T", 
        NA)), .Names = c("", "")), class = "table"), N = 7453L), 
    Tag.Distribution = structure(c(`1` = 175L, `2` = 48L, `3` = 38L, 
    `4` = 22L, `5` = 30L, `6` = 25L, `7` = 13L, `8` = 26L, `9` = 21L, 
    `10` = 11L, `11` = 12L, `12` = 13L, `13` = 14L, `14` = 13L, 
    `15` = 17L, `16` = 10L, `17` = 9L, `18` = 3L, `19` = 7L, 
    `20` = 11L, `21` = 7L, `22` = 8L, `23` = 7L, `24` = 12L, 
    `25` = 13L, `26` = 9L, `27` = 8L, `28` = 7L, `29` = 5L, `30` = 6L, 
    `31` = 1L, `32` = 2L, `33` = 2L, `34` = 3L, `35` = 3L, `36` = 4L, 
    `37` = 4L, `38` = 4L, `39` = 2L, `40` = 1L, `41` = 1L, `42` = 2L, 
    `43` = 2L, `44` = 4L, `45` = 1L, `46` = 1L, `47` = 2L, `48` = 1L, 
    `51` = 3L, `52` = 3L, `53` = 1L, `56` = 1L, `57` = 1L, `65` = 1L, 
    `66` = 1L, `76` = 1L), .Dim = 56L, .Dimnames = structure(list(
        c("1", "2", "3", "4", "5", "6", "7", "8", "9", "10", 
        "11", "12", "13", "14", "15", "16", "17", "18", "19", 
        "20", "21", "22", "23", "24", "25", "26", "27", "28", 
        "29", "30", "31", "32", "33", "34", "35", "36", "37", 
        "38", "39", "40", "41", "42", "43", "44", "45", "46", 
        "47", "48", "51", "52", "53", "56", "57", "65", "66", 
        "76")), .Names = ""), class = "table"), No.Tag = structure(c(0L, 
    0L, 0L, 0L, 0L, 0L, 0L, 0L, 1L, 38L, 110L, 0L, 0L, 2L, 0L, 
    0L, 0L, 0L, 0L, 0L, 0L, 0L, 0L, 0L, 4L, 0L, 0L, 0L), .Dim = c(7L, 
    4L), .Dimnames = structure(list(c("-3", "-2", "-1", "0", 
    "1", "2", NA), c("A", "C", "T", NA)), .Names = c("", "")), class = "table"), 
    All.Tags = list(Concordant = list(Freqs = structure(c(0, 
    0, 0, 7, 0, 0, 0, 1, 40, 451, 0, 0, 0, 0, 0, 0, 0, 0), .Dim = c(6L, 
    3L), .Dimnames = list(c("-3", "-2", "-1", "0", "1", "2"), 
        c("A", "C", "T"))), N = 499), Majority = list(Freqs = structure(c(0, 
    0, 0, 7, 0, 0, 0, 1, 49, 568, 0, 0, 0, 0, 0, 0, 0, 0), .Dim = c(6L, 
    3L), .Dimnames = list(c("-3", "-2", "-1", "0", "1", "2"), 
        c("A", "C", "T"))), N = 625)), `2` = structure(c(0, 0, 
    0, 0, 0, 0, 0, 0, 40, 434, 0, 0, 0, 0, 0, 0, 0, 0), .Dim = c(6L, 
    3L), .Dimnames = list(c("-3", "-2", "-1", "0", "1", "2"), 
        c("A", "C", "T"))))))
