Results <-
list(`bwaOutput/20210421msiMNRsJenny/241981_S12.sam` = list(DEPDC2_SNP1 = list(
    All = list(Freqs = structure(c(0L, 0L, 2L, 0L, 0L, 0L, 0L, 
    0L, 6L, 0L, 0L, 1L, 1L, 152L, 4807L, 106L, 12L, 225L, 0L, 
    1L, 41L, 1L, 0L, 0L), .Dim = c(6L, 4L), .Dimnames = structure(list(
        c("-2", "-1", "0", "1", "2", NA), c("A", "C", "T", NA
        )), .Names = c("", "")), class = "table"), N = 5355L), 
    Tag.Distribution = structure(c(`1` = 142L, `2` = 37L, `3` = 28L, 
    `4` = 17L, `5` = 22L, `6` = 23L, `7` = 22L, `8` = 20L, `9` = 16L, 
    `10` = 12L, `11` = 8L, `12` = 10L, `13` = 9L, `14` = 13L, 
    `15` = 8L, `16` = 8L, `17` = 8L, `18` = 6L, `19` = 9L, `20` = 9L, 
    `21` = 7L, `22` = 5L, `23` = 6L, `24` = 4L, `25` = 2L, `26` = 9L, 
    `27` = 2L, `28` = 4L, `29` = 4L, `30` = 2L, `31` = 2L, `32` = 3L, 
    `33` = 6L, `34` = 1L, `35` = 4L, `37` = 4L, `40` = 3L, `42` = 1L, 
    `43` = 1L, `44` = 1L, `46` = 1L, `47` = 2L, `48` = 3L, `49` = 1L, 
    `53` = 1L, `54` = 1L, `61` = 1L), .Dim = 47L, .Dimnames = structure(list(
        c("1", "2", "3", "4", "5", "6", "7", "8", "9", "10", 
        "11", "12", "13", "14", "15", "16", "17", "18", "19", 
        "20", "21", "22", "23", "24", "25", "26", "27", "28", 
        "29", "30", "31", "32", "33", "34", "35", "37", "40", 
        "42", "43", "44", "46", "47", "48", "49", "53", "54", 
        "61")), .Names = ""), class = "table"), No.Tag = structure(c(0L, 
    0L, 1L, 0L, 0L, 0L, 0L, 0L, 0L, 0L, 0L, 0L, 0L, 5L, 238L, 
    2L, 1L, 10L, 0L, 0L, 9L, 0L, 0L, 0L), .Dim = c(6L, 4L), .Dimnames = structure(list(
        c("-2", "-1", "0", "1", "2", NA), c("A", "C", "T", NA
        )), .Names = c("", "")), class = "table"), All.Tags = list(
        Concordant = list(Freqs = structure(c(0, 0, 0, 0, 0, 
        0, 0, 4, 0, 0, 0, 11, 408, 5, 2), .Dim = c(5L, 3L), .Dimnames = list(
            c("-2", "-1", "0", "1", "2"), c("A", "C", "T"))), 
            N = 430), Majority = list(Freqs = structure(c(0, 
        0, 0, 0, 0, 0, 0, 4, 0, 0, 0, 11, 461, 7, 3), .Dim = c(5L, 
        3L), .Dimnames = list(c("-2", "-1", "0", "1", "2"), c("A", 
        "C", "T"))), N = 486)), `2` = structure(c(0, 0, 0, 0, 
    0, 0, 0, 0, 0, 0, 0, 8, 341, 6, 3), .Dim = c(5L, 3L), .Dimnames = list(
        c("-2", "-1", "0", "1", "2"), c("A", "C", "T"))))))
