Results <-
list(`bwaOutput/20210421msiMNRsJenny/241981_S12.sam` = list(GM22_SNP1 = list(
    All = list(Freqs = structure(c(9L, 906L, 4086L, 19L, 13L, 
    4L, 228L, 4437L, 75L, 11L, 0L, 0L, 1L, 0L, 0L, 1L, 16L, 168L, 
    3L, 0L), .Dim = 5:4, .Dimnames = structure(list(c("-2", "-1", 
    "0", "1", NA), c("A", "G", "T", NA)), .Names = c("", "")), class = "table"), 
        N = 9977L), Tag.Distribution = structure(c(`1` = 188L, 
    `2` = 40L, `3` = 16L, `4` = 13L, `5` = 24L, `6` = 22L, `7` = 23L, 
    `8` = 26L, `9` = 21L, `10` = 11L, `11` = 25L, `12` = 13L, 
    `13` = 16L, `14` = 10L, `15` = 19L, `16` = 18L, `17` = 12L, 
    `18` = 16L, `19` = 12L, `20` = 11L, `21` = 11L, `22` = 11L, 
    `23` = 7L, `24` = 6L, `25` = 7L, `26` = 5L, `27` = 9L, `28` = 6L, 
    `29` = 7L, `30` = 9L, `31` = 3L, `32` = 5L, `33` = 4L, `34` = 5L, 
    `35` = 2L, `36` = 2L, `37` = 3L, `38` = 4L, `39` = 2L, `40` = 4L, 
    `41` = 4L, `42` = 5L, `43` = 5L, `44` = 3L, `45` = 2L, `47` = 2L, 
    `48` = 1L, `49` = 3L, `50` = 5L, `51` = 1L, `53` = 2L, `54` = 1L, 
    `56` = 3L, `57` = 2L, `58` = 2L, `59` = 2L, `60` = 3L, `61` = 1L, 
    `62` = 1L, `66` = 2L, `69` = 1L, `70` = 1L, `91` = 1L, `97` = 1L
    ), .Dim = 64L, .Dimnames = structure(list(c("1", "2", "3", 
    "4", "5", "6", "7", "8", "9", "10", "11", "12", "13", "14", 
    "15", "16", "17", "18", "19", "20", "21", "22", "23", "24", 
    "25", "26", "27", "28", "29", "30", "31", "32", "33", "34", 
    "35", "36", "37", "38", "39", "40", "41", "42", "43", "44", 
    "45", "47", "48", "49", "50", "51", "53", "54", "56", "57", 
    "58", "59", "60", "61", "62", "66", "69", "70", "91", "97"
    )), .Names = ""), class = "table"), No.Tag = structure(c(1L, 
    20L, 150L, 1L, 1L, 0L, 6L, 192L, 2L, 0L, 0L, 0L, 0L, 0L, 
    0L, 0L, 1L, 19L, 0L, 0L), .Dim = 5:4, .Dimnames = structure(list(
        c("-2", "-1", "0", "1", NA), c("A", "G", "T", NA)), .Names = c("", 
    "")), class = "table"), All.Tags = list(Concordant = list(
        Freqs = structure(c(0, 48, 227, 0, 0, 16, 244, 1, 0, 
        0, 0, 0), .Dim = 4:3, .Dimnames = list(c("-2", "-1", 
        "0", "1"), c("A", "G", "T"))), N = 536), Majority = list(
        Freqs = structure(c(0, 58, 282, 0, 0, 17, 319, 2, 0, 
        0, 0, 0), .Dim = 4:3, .Dimnames = list(c("-2", "-1", 
        "0", "1"), c("A", "G", "T"))), N = 678)), `2` = structure(c(0, 
    41, 208, 0, 0, 12, 247, 2, 0, 0, 0, 0), .Dim = 4:3, .Dimnames = list(
        c("-2", "-1", "0", "1"), c("A", "G", "T"))))))
