Results <-
list(`bwaOutput/20210421msiMNRsJenny/241981_S12.sam` = list(GM17_SNP1 = list(
    All = list(Freqs = structure(c(132L, 665L, 7250L, 34L, 1L, 
    14L, 0L, 1L, 5L, 0L, 0L, 0L, 1L, 5L, 255L, 1L, 0L, 0L), .Dim = c(6L, 
    3L), .Dimnames = structure(list(c("-2", "-1", "0", "1", "2", 
    NA), c("C", "T", NA)), .Names = c("", "")), class = "table"), 
        N = 8364L), Tag.Distribution = structure(c(`1` = 157L, 
    `2` = 37L, `3` = 25L, `4` = 20L, `5` = 28L, `6` = 32L, `7` = 24L, 
    `8` = 13L, `9` = 13L, `10` = 17L, `11` = 17L, `12` = 17L, 
    `13` = 16L, `14` = 20L, `15` = 7L, `16` = 8L, `17` = 10L, 
    `18` = 14L, `19` = 9L, `20` = 11L, `21` = 9L, `22` = 11L, 
    `23` = 6L, `24` = 6L, `25` = 7L, `26` = 7L, `27` = 5L, `28` = 7L, 
    `29` = 5L, `30` = 8L, `31` = 3L, `32` = 9L, `33` = 4L, `34` = 7L, 
    `35` = 3L, `36` = 4L, `37` = 4L, `38` = 7L, `39` = 5L, `40` = 2L, 
    `41` = 6L, `42` = 5L, `43` = 1L, `44` = 3L, `45` = 1L, `46` = 2L, 
    `47` = 1L, `48` = 4L, `49` = 1L, `53` = 2L, `54` = 1L, `60` = 1L, 
    `61` = 1L, `66` = 1L), .Dim = 54L, .Dimnames = structure(list(
        c("1", "2", "3", "4", "5", "6", "7", "8", "9", "10", 
        "11", "12", "13", "14", "15", "16", "17", "18", "19", 
        "20", "21", "22", "23", "24", "25", "26", "27", "28", 
        "29", "30", "31", "32", "33", "34", "35", "36", "37", 
        "38", "39", "40", "41", "42", "43", "44", "45", "46", 
        "47", "48", "49", "53", "54", "60", "61", "66")), .Names = ""), class = "table"), 
    No.Tag = structure(c(44L, 15L, 206L, 5L, 0L, 2L, 0L, 0L, 
    0L, 0L, 0L, 0L, 1L, 1L, 10L, 0L, 0L, 0L), .Dim = c(6L, 3L
    ), .Dimnames = structure(list(c("-2", "-1", "0", "1", "2", 
    NA), c("C", "T", NA)), .Names = c("", "")), class = "table"), 
    All.Tags = list(Concordant = list(Freqs = structure(c(10, 
    35, 484, 1, 0, 0, 1, 4, 0, 0), .Dim = c(5L, 2L), .Dimnames = list(
        c("-2", "-1", "0", "1", "2"), c("C", "T"))), N = 535), 
        Majority = list(Freqs = structure(c(12, 42, 563, 1, 0, 
        0, 1, 4, 0, 0), .Dim = c(5L, 2L), .Dimnames = list(c("-2", 
        "-1", "0", "1", "2"), c("C", "T"))), N = 623)), `2` = structure(c(7, 
    30, 449, 0, 0, 0, 0, 0, 0, 0), .Dim = c(5L, 2L), .Dimnames = list(
        c("-2", "-1", "0", "1", "2"), c("C", "T"))))))
