Results <-
list(`bwaOutput/20210421msiMNRsJenny/241981_S12.sam` = list(GM11_SNP1 = list(
    All = list(Freqs = structure(c(2L, 386L, 6051L, 31L, 8L, 
    0L, 0L, 6L, 0L, 1L, 0L, 2L, 53L, 1L, 0L), .Dim = c(5L, 3L
    ), .Dimnames = structure(list(c("-2", "-1", "0", "1", NA), 
        c("A", "G", NA)), .Names = c("", "")), class = "table"), 
        N = 6541L), Tag.Distribution = structure(c(`1` = 97L, 
    `2` = 20L, `3` = 24L, `4` = 15L, `5` = 18L, `6` = 21L, `7` = 16L, 
    `8` = 21L, `9` = 13L, `10` = 15L, `11` = 9L, `12` = 13L, 
    `13` = 8L, `14` = 6L, `15` = 7L, `16` = 12L, `17` = 7L, `18` = 6L, 
    `19` = 7L, `20` = 10L, `21` = 5L, `22` = 7L, `23` = 5L, `24` = 5L, 
    `25` = 6L, `26` = 7L, `27` = 3L, `28` = 3L, `29` = 4L, `30` = 5L, 
    `31` = 2L, `32` = 1L, `33` = 3L, `34` = 7L, `35` = 2L, `36` = 4L, 
    `37` = 4L, `38` = 4L, `39` = 1L, `40` = 1L, `41` = 1L, `43` = 2L, 
    `44` = 1L, `45` = 2L, `46` = 1L, `47` = 2L, `48` = 2L, `49` = 1L, 
    `50` = 2L, `52` = 1L, `53` = 2L, `55` = 5L, `58` = 2L, `62` = 1L, 
    `64` = 1L, `67` = 1L, `71` = 1L, `79` = 1L, `85` = 1L, `87` = 1L, 
    `91` = 1L), .Dim = 61L, .Dimnames = structure(list(c("1", 
    "2", "3", "4", "5", "6", "7", "8", "9", "10", "11", "12", 
    "13", "14", "15", "16", "17", "18", "19", "20", "21", "22", 
    "23", "24", "25", "26", "27", "28", "29", "30", "31", "32", 
    "33", "34", "35", "36", "37", "38", "39", "40", "41", "43", 
    "44", "45", "46", "47", "48", "49", "50", "52", "53", "55", 
    "58", "62", "64", "67", "71", "79", "85", "87", "91")), .Names = ""), class = "table"), 
    No.Tag = structure(c(0L, 6L, 116L, 0L, 0L, 0L, 0L, 1L, 0L, 
    0L, 0L, 0L, 4L, 0L, 0L), .Dim = c(5L, 3L), .Dimnames = structure(list(
        c("-2", "-1", "0", "1", NA), c("A", "G", NA)), .Names = c("", 
    "")), class = "table"), All.Tags = list(Concordant = list(
        Freqs = structure(c(0, 28, 372, 1, 0, 0, 2, 0), .Dim = c(4L, 
        2L), .Dimnames = list(c("-2", "-1", "0", "1"), c("A", 
        "G"))), N = 403), Majority = list(Freqs = structure(c(0, 
    29, 418, 2, 0, 0, 2, 0), .Dim = c(4L, 2L), .Dimnames = list(
        c("-2", "-1", "0", "1"), c("A", "G"))), N = 451)), `2` = structure(c(0, 
    28, 330, 1, 0, 0, 0, 0), .Dim = c(4L, 2L), .Dimnames = list(
        c("-2", "-1", "0", "1"), c("A", "G"))))))
