Results <-
list(`bwaOutput/20210421msiMNRsJenny/241981_S12.sam` = list(GM01_SNP1 = list(
    All = list(Freqs = structure(c(3L, 1536L, 10063L, 41L, 20L, 
    0L, 0L, 6L, 0L, 1L, 0L, 12L, 108L, 3L, 0L), .Dim = c(5L, 
    3L), .Dimnames = structure(list(c("-2", "-1", "0", "1", NA
    ), c("A", "G", NA)), .Names = c("", "")), class = "table"), 
        N = 11793L), Tag.Distribution = structure(c(`1` = 207L, 
    `2` = 42L, `3` = 38L, `4` = 32L, `5` = 21L, `6` = 27L, `7` = 25L, 
    `8` = 21L, `9` = 22L, `10` = 25L, `11` = 20L, `12` = 15L, 
    `13` = 19L, `14` = 18L, `15` = 19L, `16` = 11L, `17` = 13L, 
    `18` = 13L, `19` = 17L, `20` = 12L, `21` = 14L, `22` = 14L, 
    `23` = 5L, `24` = 13L, `25` = 12L, `26` = 11L, `27` = 6L, 
    `28` = 7L, `29` = 12L, `30` = 10L, `31` = 10L, `32` = 8L, 
    `33` = 6L, `34` = 9L, `35` = 6L, `36` = 2L, `37` = 11L, `38` = 2L, 
    `39` = 9L, `40` = 5L, `41` = 10L, `42` = 2L, `43` = 6L, `44` = 8L, 
    `45` = 2L, `46` = 3L, `47` = 4L, `48` = 2L, `49` = 2L, `50` = 3L, 
    `51` = 1L, `52` = 2L, `53` = 2L, `55` = 2L, `56` = 2L, `62` = 1L, 
    `67` = 1L, `72` = 1L, `93` = 1L), .Dim = 59L, .Dimnames = structure(list(
        c("1", "2", "3", "4", "5", "6", "7", "8", "9", "10", 
        "11", "12", "13", "14", "15", "16", "17", "18", "19", 
        "20", "21", "22", "23", "24", "25", "26", "27", "28", 
        "29", "30", "31", "32", "33", "34", "35", "36", "37", 
        "38", "39", "40", "41", "42", "43", "44", "45", "46", 
        "47", "48", "49", "50", "51", "52", "53", "55", "56", 
        "62", "67", "72", "93")), .Names = ""), class = "table"), 
    No.Tag = structure(c(0L, 26L, 140L, 0L, 0L, 0L, 0L, 0L, 0L, 
    0L, 0L, 0L, 9L, 1L, 0L), .Dim = c(5L, 3L), .Dimnames = structure(list(
        c("-2", "-1", "0", "1", NA), c("A", "G", NA)), .Names = c("", 
    "")), class = "table"), All.Tags = list(Concordant = list(
        Freqs = structure(c(0, 79, 561, 0, 0, 0, 3, 0), .Dim = c(4L, 
        2L), .Dimnames = list(c("-2", "-1", "0", "1"), c("A", 
        "G"))), N = 643), Majority = list(Freqs = structure(c(0, 
    94, 724, 0, 0, 0, 3, 0), .Dim = c(4L, 2L), .Dimnames = list(
        c("-2", "-1", "0", "1"), c("A", "G"))), N = 821)), `2` = structure(c(0, 
    68, 565, 0, 0, 0, 0, 0), .Dim = c(4L, 2L), .Dimnames = list(
        c("-2", "-1", "0", "1"), c("A", "G"))))))
