Results <-
list(`bwaOutput/20210421msiMNRsJenny/241981_S12.sam` = list(IM49_SNP1 = list(
    All = list(Freqs = structure(c(0L, 171L, 710L, 2734L, 50L, 
    1L, 51L, 2L, 23L, 914L, 3103L, 89L, 2L, 35L, 0L, 1L, 17L, 
    211L, 5L, 0L, 0L), .Dim = c(7L, 3L), .Dimnames = structure(list(
        c("-3", "-2", "-1", "0", "1", "2", NA), c("C", "G", NA
        )), .Names = c("", "")), class = "table"), N = 8119L), 
    Tag.Distribution = structure(c(`1` = 176L, `2` = 57L, `3` = 47L, 
    `4` = 34L, `5` = 28L, `6` = 46L, `7` = 23L, `8` = 21L, `9` = 16L, 
    `10` = 19L, `11` = 12L, `12` = 15L, `13` = 8L, `14` = 13L, 
    `15` = 15L, `16` = 12L, `17` = 7L, `18` = 11L, `19` = 8L, 
    `20` = 14L, `21` = 14L, `22` = 9L, `23` = 8L, `24` = 7L, 
    `25` = 4L, `26` = 9L, `27` = 6L, `28` = 7L, `29` = 5L, `30` = 3L, 
    `31` = 1L, `32` = 5L, `33` = 4L, `34` = 6L, `35` = 5L, `36` = 5L, 
    `37` = 3L, `38` = 3L, `39` = 5L, `40` = 2L, `41` = 4L, `42` = 3L, 
    `43` = 5L, `44` = 1L, `45` = 1L, `46` = 1L, `47` = 2L, `48` = 2L, 
    `49` = 1L, `50` = 1L, `54` = 1L, `56` = 1L, `57` = 1L, `61` = 2L, 
    `69` = 1L, `70` = 1L), .Dim = 56L, .Dimnames = structure(list(
        c("1", "2", "3", "4", "5", "6", "7", "8", "9", "10", 
        "11", "12", "13", "14", "15", "16", "17", "18", "19", 
        "20", "21", "22", "23", "24", "25", "26", "27", "28", 
        "29", "30", "31", "32", "33", "34", "35", "36", "37", 
        "38", "39", "40", "41", "42", "43", "44", "45", "46", 
        "47", "48", "49", "50", "54", "56", "57", "61", "69", 
        "70")), .Names = ""), class = "table"), No.Tag = structure(c(0L, 
    2L, 14L, 70L, 2L, 0L, 5L, 0L, 1L, 14L, 74L, 1L, 0L, 1L, 0L, 
    0L, 1L, 14L, 0L, 0L, 0L), .Dim = c(7L, 3L), .Dimnames = structure(list(
        c("-3", "-2", "-1", "0", "1", "2", NA), c("C", "G", NA
        )), .Names = c("", "")), class = "table"), All.Tags = list(
        Concordant = list(Freqs = structure(c(0, 10, 40, 181, 
        0, 0, 0, 2, 54, 159, 1, 0), .Dim = c(6L, 2L), .Dimnames = list(
            c("-3", "-2", "-1", "0", "1", "2"), c("C", "G"))), 
            N = 447), Majority = list(Freqs = structure(c(0, 
        10, 53, 261, 0, 0, 0, 2, 77, 262, 2, 0), .Dim = c(6L, 
        2L), .Dimnames = list(c("-3", "-2", "-1", "0", "1", "2"
        ), c("C", "G"))), N = 667)), `2` = structure(c(0, 9, 
    43, 192, 0, 0, 0, 2, 60, 217, 1, 0), .Dim = c(6L, 2L), .Dimnames = list(
        c("-3", "-2", "-1", "0", "1", "2"), c("C", "G"))))))
