Results <-
list(`bwaOutput/20210421msiMNRsJenny/241981_S12.sam` = list(LR11_SNP1 = list(
    All = list(Freqs = structure(c(0L, 0L, 1L, 0L, 0L, 15L, 1144L, 
    4745L, 26L, 33L, 133L, 118L, 4403L, 43L, 12L, 0L, 0L, 1L, 
    0L, 0L, 0L, 0L, 1L, 0L, 0L, 2L, 12L, 255L, 1L, 0L), .Dim = 5:6, .Dimnames = structure(list(
        c("-2", "-1", "0", "1", NA), c("-", "A", "C", "G", "T", 
        NA)), .Names = c("", "")), class = "table"), N = 10945L), 
    Tag.Distribution = structure(c(`1` = 222L, `2` = 50L, `3` = 33L, 
    `4` = 34L, `5` = 32L, `6` = 27L, `7` = 23L, `8` = 22L, `9` = 21L, 
    `10` = 27L, `11` = 23L, `12` = 21L, `13` = 23L, `14` = 19L, 
    `15` = 25L, `16` = 15L, `17` = 16L, `18` = 8L, `19` = 12L, 
    `20` = 10L, `21` = 11L, `22` = 8L, `23` = 15L, `24` = 8L, 
    `25` = 9L, `26` = 16L, `27` = 10L, `28` = 9L, `29` = 7L, 
    `30` = 4L, `31` = 5L, `32` = 13L, `33` = 6L, `34` = 7L, `35` = 2L, 
    `36` = 5L, `37` = 5L, `38` = 5L, `39` = 3L, `40` = 4L, `41` = 5L, 
    `42` = 5L, `44` = 3L, `45` = 3L, `46` = 3L, `47` = 3L, `48` = 2L, 
    `49` = 3L, `51` = 2L, `52` = 1L, `53` = 1L, `56` = 1L, `57` = 1L, 
    `58` = 1L, `59` = 2L, `61` = 2L, `62` = 2L, `70` = 1L, `75` = 1L, 
    `80` = 1L), .Dim = 60L, .Dimnames = structure(list(c("1", 
    "2", "3", "4", "5", "6", "7", "8", "9", "10", "11", "12", 
    "13", "14", "15", "16", "17", "18", "19", "20", "21", "22", 
    "23", "24", "25", "26", "27", "28", "29", "30", "31", "32", 
    "33", "34", "35", "36", "37", "38", "39", "40", "41", "42", 
    "44", "45", "46", "47", "48", "49", "51", "52", "53", "56", 
    "57", "58", "59", "61", "62", "70", "75", "80")), .Names = ""), class = "table"), 
    No.Tag = structure(c(0L, 0L, 0L, 0L, 0L, 1L, 8L, 99L, 3L, 
    0L, 7L, 4L, 92L, 1L, 3L, 0L, 0L, 0L, 0L, 0L, 0L, 0L, 0L, 
    0L, 0L, 0L, 0L, 13L, 0L, 0L), .Dim = 5:6, .Dimnames = structure(list(
        c("-2", "-1", "0", "1", NA), c("-", "A", "C", "G", "T", 
        NA)), .Names = c("", "")), class = "table"), All.Tags = list(
        Concordant = list(Freqs = structure(c(0, 0, 0, 0, 0, 
        58, 286, 0, 7, 4, 260, 0, 0, 0, 0, 0, 0, 0, 0, 0), .Dim = 4:5, .Dimnames = list(
            c("-2", "-1", "0", "1"), c("-", "A", "C", "G", "T"
            ))), N = 615), Majority = list(Freqs = structure(c(0, 
        0, 0, 0, 0, 74, 390, 0, 7, 5, 360, 0, 0, 0, 0, 0, 0, 
        0, 0, 0), .Dim = 4:5, .Dimnames = list(c("-2", "-1", 
        "0", "1"), c("-", "A", "C", "G", "T"))), N = 836)), `2` = structure(c(0, 
    0, 0, 0, 0, 61, 291, 0, 5, 3, 273, 0, 0, 0, 0, 0, 0, 0, 0, 
    0), .Dim = 4:5, .Dimnames = list(c("-2", "-1", "0", "1"), 
        c("-", "A", "C", "G", "T"))))))
