Results <-
list(`bwaOutput/20210421msiMNRsJenny/241981_S12.sam` = list(GM26_SNP1 = list(
    All = list(Freqs = structure(c(2L, 64L, 5337L, 13L, 11L, 
    0L, 1L, 3L, 0L, 0L, 0L, 0L, 60L, 0L, 0L), .Dim = c(5L, 3L
    ), .Dimnames = structure(list(c("-2", "-1", "0", "1", NA), 
        c("A", "G", NA)), .Names = c("", "")), class = "table"), 
        N = 5491L), Tag.Distribution = structure(c(`1` = 87L, 
    `2` = 22L, `3` = 30L, `4` = 23L, `5` = 11L, `6` = 13L, `7` = 16L, 
    `8` = 9L, `9` = 13L, `10` = 18L, `11` = 11L, `12` = 13L, 
    `13` = 11L, `14` = 10L, `15` = 7L, `16` = 4L, `17` = 4L, 
    `18` = 7L, `19` = 5L, `20` = 9L, `21` = 5L, `22` = 6L, `23` = 7L, 
    `24` = 5L, `25` = 6L, `26` = 2L, `27` = 5L, `28` = 3L, `29` = 9L, 
    `30` = 3L, `31` = 7L, `32` = 1L, `33` = 4L, `34` = 2L, `35` = 1L, 
    `36` = 5L, `37` = 3L, `38` = 1L, `39` = 1L, `40` = 1L, `41` = 1L, 
    `42` = 1L, `43` = 2L, `44` = 3L, `45` = 3L, `47` = 3L, `49` = 1L, 
    `55` = 1L, `56` = 1L, `57` = 1L, `59` = 1L, `60` = 1L, `63` = 1L, 
    `65` = 1L, `68` = 1L), .Dim = 55L, .Dimnames = structure(list(
        c("1", "2", "3", "4", "5", "6", "7", "8", "9", "10", 
        "11", "12", "13", "14", "15", "16", "17", "18", "19", 
        "20", "21", "22", "23", "24", "25", "26", "27", "28", 
        "29", "30", "31", "32", "33", "34", "35", "36", "37", 
        "38", "39", "40", "41", "42", "43", "44", "45", "47", 
        "49", "55", "56", "57", "59", "60", "63", "65", "68")), .Names = ""), class = "table"), 
    No.Tag = structure(c(0L, 1L, 69L, 0L, 0L, 0L, 0L, 0L, 0L, 
    0L, 0L, 0L, 5L, 0L, 0L), .Dim = c(5L, 3L), .Dimnames = structure(list(
        c("-2", "-1", "0", "1", NA), c("A", "G", NA)), .Names = c("", 
    "")), class = "table"), All.Tags = list(Concordant = list(
        Freqs = structure(c(0, 3, 363, 0, 0, 1, 0, 0), .Dim = c(4L, 
        2L), .Dimnames = list(c("-2", "-1", "0", "1"), c("A", 
        "G"))), N = 367), Majority = list(Freqs = structure(c(0, 
    3, 411, 0, 0, 1, 0, 0), .Dim = c(4L, 2L), .Dimnames = list(
        c("-2", "-1", "0", "1"), c("A", "G"))), N = 415)), `2` = structure(c(0, 
    1, 333, 0, 0, 0, 0, 0), .Dim = c(4L, 2L), .Dimnames = list(
        c("-2", "-1", "0", "1"), c("A", "G"))))))
