Results <-
list(`bwaOutput/20210421msiMNRsJenny/241981_S12.sam` = list(LR48_SNP1 = list(
    All = list(Freqs = structure(c(112L, 707L, 5739L, 89L, 45L, 
    0L, 0L, 2L, 0L, 0L, 0L, 4L, 148L, 2L, 0L), .Dim = c(5L, 3L
    ), .Dimnames = structure(list(c("-2", "-1", "0", "1", NA), 
        c("C", "T", NA)), .Names = c("", "")), class = "table"), 
        N = 6848L), Tag.Distribution = structure(c(`1` = 120L, 
    `2` = 21L, `3` = 15L, `4` = 17L, `5` = 9L, `6` = 17L, `7` = 16L, 
    `8` = 10L, `9` = 9L, `10` = 10L, `11` = 6L, `12` = 8L, `13` = 6L, 
    `14` = 5L, `15` = 11L, `16` = 11L, `17` = 8L, `18` = 11L, 
    `19` = 8L, `20` = 6L, `21` = 7L, `22` = 8L, `23` = 8L, `24` = 6L, 
    `25` = 3L, `26` = 6L, `27` = 4L, `28` = 5L, `29` = 4L, `30` = 6L, 
    `31` = 5L, `32` = 2L, `33` = 1L, `34` = 4L, `35` = 2L, `36` = 4L, 
    `37` = 3L, `38` = 3L, `39` = 4L, `40` = 2L, `41` = 3L, `42` = 2L, 
    `43` = 3L, `45` = 2L, `46` = 2L, `49` = 1L, `50` = 4L, `51` = 2L, 
    `52` = 3L, `54` = 1L, `55` = 1L, `56` = 1L, `57` = 4L, `59` = 1L, 
    `60` = 1L, `61` = 2L, `62` = 1L, `66` = 1L, `69` = 1L, `71` = 1L, 
    `75` = 1L, `99` = 1L), .Dim = 62L, .Dimnames = structure(list(
        c("1", "2", "3", "4", "5", "6", "7", "8", "9", "10", 
        "11", "12", "13", "14", "15", "16", "17", "18", "19", 
        "20", "21", "22", "23", "24", "25", "26", "27", "28", 
        "29", "30", "31", "32", "33", "34", "35", "36", "37", 
        "38", "39", "40", "41", "42", "43", "45", "46", "49", 
        "50", "51", "52", "54", "55", "56", "57", "59", "60", 
        "61", "62", "66", "69", "71", "75", "99")), .Names = ""), class = "table"), 
    No.Tag = structure(c(1L, 16L, 173L, 3L, 3L, 0L, 0L, 0L, 0L, 
    0L, 0L, 0L, 10L, 0L, 0L), .Dim = c(5L, 3L), .Dimnames = structure(list(
        c("-2", "-1", "0", "1", NA), c("C", "T", NA)), .Names = c("", 
    "")), class = "table"), All.Tags = list(Concordant = list(
        Freqs = structure(c(4, 22, 275, 1, 0, 0, 0, 0), .Dim = c(4L, 
        2L), .Dimnames = list(c("-2", "-1", "0", "1"), c("C", 
        "T"))), N = 302), Majority = list(Freqs = structure(c(5, 
    35, 396, 1, 0, 0, 0, 0), .Dim = c(4L, 2L), .Dimnames = list(
        c("-2", "-1", "0", "1"), c("C", "T"))), N = 437)), `2` = structure(c(4, 
    29, 297, 0, 0, 0, 0, 0), .Dim = c(4L, 2L), .Dimnames = list(
        c("-2", "-1", "0", "1"), c("C", "T"))))))
