Results <-
list(`bwaOutput/20210421msiMNRsJenny/241981_S12.sam` = list(LR40_SNP1 = list(
    All = list(Freqs = structure(c(0L, 165L, 2975L, 7L, 1L, 2L, 
    59L, 335L, 2299L, 34L, 1L, 11L, 0L, 0L, 1L, 0L, 0L, 0L, 0L, 
    1L, 29L, 1L, 0L, 0L), .Dim = c(6L, 4L), .Dimnames = structure(list(
        c("-2", "-1", "0", "1", "2", NA), c("A", "C", "G", NA
        )), .Names = c("", "")), class = "table"), N = 5921L), 
    Tag.Distribution = structure(c(`1` = 107L, `2` = 33L, `3` = 27L, 
    `4` = 29L, `5` = 23L, `6` = 27L, `7` = 19L, `8` = 21L, `9` = 13L, 
    `10` = 11L, `11` = 15L, `12` = 10L, `13` = 14L, `14` = 8L, 
    `15` = 13L, `16` = 15L, `17` = 6L, `18` = 11L, `19` = 7L, 
    `20` = 5L, `21` = 8L, `22` = 3L, `23` = 8L, `24` = 5L, `25` = 6L, 
    `26` = 3L, `27` = 4L, `28` = 1L, `30` = 1L, `31` = 2L, `32` = 2L, 
    `33` = 8L, `34` = 4L, `35` = 1L, `36` = 1L, `39` = 1L, `42` = 3L, 
    `43` = 1L, `44` = 5L, `45` = 2L, `46` = 1L, `48` = 3L, `49` = 1L, 
    `50` = 3L, `51` = 1L, `54` = 1L, `56` = 1L, `60` = 1L, `61` = 1L, 
    `63` = 1L, `64` = 1L, `66` = 2L, `71` = 1L), .Dim = 53L, .Dimnames = structure(list(
        c("1", "2", "3", "4", "5", "6", "7", "8", "9", "10", 
        "11", "12", "13", "14", "15", "16", "17", "18", "19", 
        "20", "21", "22", "23", "24", "25", "26", "27", "28", 
        "30", "31", "32", "33", "34", "35", "36", "39", "42", 
        "43", "44", "45", "46", "48", "49", "50", "51", "54", 
        "56", "60", "61", "63", "64", "66", "71")), .Names = ""), class = "table"), 
    No.Tag = structure(c(0L, 0L, 58L, 0L, 0L, 0L, 0L, 3L, 86L, 
    0L, 0L, 3L, 0L, 0L, 0L, 0L, 0L, 0L, 0L, 0L, 1L, 0L, 0L, 0L
    ), .Dim = c(6L, 4L), .Dimnames = structure(list(c("-2", "-1", 
    "0", "1", "2", NA), c("A", "C", "G", NA)), .Names = c("", 
    "")), class = "table"), All.Tags = list(Concordant = list(
        Freqs = structure(c(0, 6, 212, 0, 0, 4, 27, 159, 1, 0, 
        0, 0, 0, 0, 0), .Dim = c(5L, 3L), .Dimnames = list(c("-2", 
        "-1", "0", "1", "2"), c("A", "C", "G"))), N = 409), Majority = list(
        Freqs = structure(c(0, 7, 251, 0, 0, 4, 30, 197, 2, 0, 
        0, 0, 0, 0, 0), .Dim = c(5L, 3L), .Dimnames = list(c("-2", 
        "-1", "0", "1", "2"), c("A", "C", "G"))), N = 491)), 
    `2` = structure(c(0, 5, 192, 0, 0, 4, 27, 161, 1, 0, 0, 0, 
    0, 0, 0), .Dim = c(5L, 3L), .Dimnames = list(c("-2", "-1", 
    "0", "1", "2"), c("A", "C", "G"))))))
