Results <-
list(`bwaOutput/20210421msiMNRsJenny/241981_S12.sam` = list(GM14_SNP1 = list(
    All = list(Freqs = structure(c(1L, 15L, 302L, 3599L, 30L, 
    14L, 0L, 51L, 623L, 2422L, 13L, 9L, 0L, 0L, 1L, 71L, 0L, 
    0L), .Dim = c(6L, 3L), .Dimnames = structure(list(c("-3", 
    "-2", "-1", "0", "1", NA), c("C", "T", NA)), .Names = c("", 
    "")), class = "table"), N = 7151L), Tag.Distribution = structure(c(`1` = 123L, 
    `2` = 31L, `3` = 34L, `4` = 17L, `5` = 16L, `6` = 12L, `7` = 19L, 
    `8` = 21L, `9` = 15L, `10` = 13L, `11` = 17L, `12` = 15L, 
    `13` = 13L, `14` = 8L, `15` = 7L, `16` = 12L, `17` = 13L, 
    `18` = 10L, `19` = 7L, `20` = 10L, `21` = 8L, `22` = 3L, 
    `23` = 7L, `24` = 4L, `25` = 6L, `26` = 4L, `27` = 8L, `28` = 8L, 
    `29` = 4L, `30` = 8L, `31` = 5L, `32` = 4L, `33` = 6L, `34` = 3L, 
    `35` = 5L, `36` = 4L, `37` = 5L, `38` = 1L, `39` = 7L, `40` = 4L, 
    `41` = 5L, `42` = 5L, `44` = 3L, `45` = 3L, `46` = 1L, `48` = 2L, 
    `50` = 1L, `51` = 1L, `53` = 1L, `57` = 1L, `60` = 1L, `64` = 1L
    ), .Dim = 52L, .Dimnames = structure(list(c("1", "2", "3", 
    "4", "5", "6", "7", "8", "9", "10", "11", "12", "13", "14", 
    "15", "16", "17", "18", "19", "20", "21", "22", "23", "24", 
    "25", "26", "27", "28", "29", "30", "31", "32", "33", "34", 
    "35", "36", "37", "38", "39", "40", "41", "42", "44", "45", 
    "46", "48", "50", "51", "53", "57", "60", "64")), .Names = ""), class = "table"), 
    No.Tag = structure(c(0L, 0L, 9L, 64L, 0L, 1L, 0L, 0L, 5L, 
    56L, 0L, 0L, 0L, 0L, 0L, 6L, 0L, 0L), .Dim = c(6L, 3L), .Dimnames = structure(list(
        c("-3", "-2", "-1", "0", "1", NA), c("C", "T", NA)), .Names = c("", 
    "")), class = "table"), All.Tags = list(Concordant = list(
        Freqs = structure(c(0, 1, 13, 180, 1, 0, 1, 45, 130, 
        0), .Dim = c(5L, 2L), .Dimnames = list(c("-3", "-2", 
        "-1", "0", "1"), c("C", "T"))), N = 371), Majority = list(
        Freqs = structure(c(0, 1, 13, 269, 1, 0, 2, 54, 185, 
        1), .Dim = c(5L, 2L), .Dimnames = list(c("-3", "-2", 
        "-1", "0", "1"), c("C", "T"))), N = 526)), `2` = structure(c(0, 
    1, 11, 206, 0, 0, 1, 47, 147, 1), .Dim = c(5L, 2L), .Dimnames = list(
        c("-3", "-2", "-1", "0", "1"), c("C", "T"))))))
