Results <-
list(`bwaOutput/20210421msiMNRsJenny/241981_S12.sam` = list(LR52_SNP1 = list(
    All = list(Freqs = structure(c(258L, 175L, 577L, 638L, 4107L, 
    62L, 3L, 93L, 0L, 0L, 0L, 2L, 9L, 1L, 0L, 0L, 1L, 1L, 8L, 
    25L, 1017L, 17L, 0L, 0L), .Dim = c(8L, 3L), .Dimnames = structure(list(
        c("-4", "-3", "-2", "-1", "0", "1", "2", NA), c("C", 
        "T", NA)), .Names = c("", "")), class = "table"), N = 6994L), 
    Tag.Distribution = structure(c(`1` = 60L, `2` = 22L, `3` = 13L, 
    `4` = 16L, `5` = 16L, `6` = 20L, `7` = 5L, `8` = 12L, `9` = 15L, 
    `10` = 15L, `11` = 5L, `12` = 16L, `13` = 4L, `14` = 6L, 
    `15` = 11L, `16` = 7L, `17` = 12L, `18` = 10L, `19` = 9L, 
    `20` = 12L, `21` = 6L, `22` = 9L, `23` = 8L, `24` = 5L, `25` = 4L, 
    `26` = 3L, `27` = 4L, `28` = 3L, `29` = 7L, `30` = 5L, `31` = 1L, 
    `33` = 4L, `34` = 4L, `35` = 6L, `36` = 3L, `37` = 5L, `38` = 4L, 
    `39` = 4L, `40` = 1L, `41` = 3L, `42` = 3L, `43` = 3L, `44` = 5L, 
    `45` = 1L, `46` = 4L, `47` = 2L, `48` = 1L, `49` = 1L, `50` = 1L, 
    `51` = 2L, `52` = 1L, `53` = 1L, `54` = 2L, `55` = 1L, `56` = 2L, 
    `57` = 2L, `62` = 1L, `63` = 1L, `68` = 1L, `72` = 1L, `83` = 1L, 
    `84` = 1L), .Dim = 62L, .Dimnames = structure(list(c("1", 
    "2", "3", "4", "5", "6", "7", "8", "9", "10", "11", "12", 
    "13", "14", "15", "16", "17", "18", "19", "20", "21", "22", 
    "23", "24", "25", "26", "27", "28", "29", "30", "31", "33", 
    "34", "35", "36", "37", "38", "39", "40", "41", "42", "43", 
    "44", "45", "46", "47", "48", "49", "50", "51", "52", "53", 
    "54", "55", "56", "57", "62", "63", "68", "72", "83", "84"
    )), .Names = ""), class = "table"), No.Tag = structure(c(3L, 
    15L, 4L, 10L, 58L, 3L, 0L, 3L, 0L, 0L, 0L, 0L, 0L, 0L, 0L, 
    0L, 0L, 0L, 1L, 0L, 21L, 1L, 0L, 0L), .Dim = c(8L, 3L), .Dimnames = structure(list(
        c("-4", "-3", "-2", "-1", "0", "1", "2", NA), c("C", 
        "T", NA)), .Names = c("", "")), class = "table"), All.Tags = list(
        Concordant = list(Freqs = structure(c(9, 3, 19, 3, 129, 
        1, 0, 0, 0, 0, 0, 2, 0, 0), .Dim = c(7L, 2L), .Dimnames = list(
            c("-4", "-3", "-2", "-1", "0", "1", "2"), c("C", 
            "T"))), N = 166), Majority = list(Freqs = structure(c(10, 
        5, 29, 18, 314, 4, 0, 0, 0, 0, 0, 3, 0, 0), .Dim = c(7L, 
        2L), .Dimnames = list(c("-4", "-3", "-2", "-1", "0", 
        "1", "2"), c("C", "T"))), N = 383)), `2` = structure(c(8, 
    4, 25, 16, 287, 4, 0, 0, 0, 0, 0, 1, 0, 0), .Dim = c(7L, 
    2L), .Dimnames = list(c("-4", "-3", "-2", "-1", "0", "1", 
    "2"), c("C", "T"))))))
