Results <-
list(`bwaOutput/20210421msiMNRsJenny/241981_S12.sam` = list(LR36_SNP1 = list(
    All = list(Freqs = structure(c(0L, 0L, 0L, 23L, 0L, 2L, 5L, 
    523L, 833L, 5266L, 61L, 114L, 0L, 14L, 53L, 464L, 8L, 0L), .Dim = c(6L, 
    3L), .Dimnames = structure(list(c("-3", "-2", "-1", "0", 
    "1", NA), c("A", "T", NA)), .Names = c("", "")), class = "table"), 
        N = 7366L), Tag.Distribution = structure(c(`1` = 160L, 
    `2` = 36L, `3` = 27L, `4` = 36L, `5` = 16L, `6` = 18L, `7` = 32L, 
    `8` = 21L, `9` = 21L, `10` = 20L, `11` = 15L, `12` = 16L, 
    `13` = 15L, `14` = 11L, `15` = 11L, `16` = 10L, `17` = 12L, 
    `18` = 6L, `19` = 8L, `20` = 11L, `21` = 4L, `22` = 6L, `23` = 5L, 
    `24` = 7L, `25` = 13L, `26` = 8L, `27` = 6L, `28` = 5L, `29` = 4L, 
    `30` = 4L, `31` = 3L, `32` = 5L, `33` = 3L, `34` = 3L, `35` = 2L, 
    `36` = 4L, `37` = 3L, `38` = 2L, `39` = 3L, `40` = 3L, `41` = 1L, 
    `42` = 2L, `43` = 3L, `44` = 1L, `45` = 2L, `46` = 3L, `47` = 2L, 
    `49` = 3L, `50` = 2L, `52` = 1L, `54` = 1L, `57` = 2L, `58` = 1L, 
    `59` = 1L, `62` = 1L, `105` = 1L), .Dim = 56L, .Dimnames = structure(list(
        c("1", "2", "3", "4", "5", "6", "7", "8", "9", "10", 
        "11", "12", "13", "14", "15", "16", "17", "18", "19", 
        "20", "21", "22", "23", "24", "25", "26", "27", "28", 
        "29", "30", "31", "32", "33", "34", "35", "36", "37", 
        "38", "39", "40", "41", "42", "43", "44", "45", "46", 
        "47", "49", "50", "52", "54", "57", "58", "59", "62", 
        "105")), .Names = ""), class = "table"), No.Tag = structure(c(0L, 
    0L, 0L, 0L, 0L, 1L, 0L, 5L, 10L, 133L, 3L, 10L, 0L, 0L, 5L, 
    24L, 1L, 0L), .Dim = c(6L, 3L), .Dimnames = structure(list(
        c("-3", "-2", "-1", "0", "1", NA), c("A", "T", NA)), .Names = c("", 
    "")), class = "table"), All.Tags = list(Concordant = list(
        Freqs = structure(c(0, 0, 0, 6, 0, 1, 29, 47, 363, 3), .Dim = c(5L, 
        2L), .Dimnames = list(c("-3", "-2", "-1", "0", "1"), 
            c("A", "T"))), N = 449), Majority = list(Freqs = structure(c(0, 
    0, 0, 6, 0, 1, 34, 63, 473, 4), .Dim = c(5L, 2L), .Dimnames = list(
        c("-3", "-2", "-1", "0", "1"), c("A", "T"))), N = 581)), 
    `2` = structure(c(0, 0, 0, 0, 0, 0, 29, 52, 376, 2), .Dim = c(5L, 
    2L), .Dimnames = list(c("-3", "-2", "-1", "0", "1"), c("A", 
    "T"))))))
