Results <-
list(`bwaOutput/20210421msiMNRsJenny/241981_S12.sam` = list(GM09_SNP1 = list(
    All = list(Freqs = structure(c(112L, 10852L, 30L, 3L, 0L, 
    15L, 0L, 1L, 1L, 70L, 0L, 0L), .Dim = 4:3, .Dimnames = structure(list(
        c("-1", "0", "1", NA), c("A", "G", NA)), .Names = c("", 
    "")), class = "table"), N = 11084L), Tag.Distribution = structure(c(`1` = 180L, 
    `2` = 48L, `3` = 39L, `4` = 39L, `5` = 36L, `6` = 36L, `7` = 33L, 
    `8` = 27L, `9` = 22L, `10` = 25L, `11` = 26L, `12` = 16L, 
    `13` = 18L, `14` = 18L, `15` = 21L, `16` = 19L, `17` = 17L, 
    `18` = 15L, `19` = 12L, `20` = 13L, `21` = 18L, `22` = 5L, 
    `23` = 4L, `24` = 6L, `25` = 13L, `26` = 8L, `27` = 6L, `28` = 5L, 
    `29` = 10L, `30` = 6L, `31` = 6L, `32` = 3L, `33` = 6L, `34` = 4L, 
    `35` = 7L, `36` = 4L, `37` = 4L, `38` = 5L, `39` = 6L, `40` = 3L, 
    `41` = 3L, `42` = 1L, `43` = 2L, `44` = 4L, `45` = 2L, `46` = 2L, 
    `47` = 3L, `48` = 3L, `49` = 2L, `50` = 1L, `51` = 3L, `52` = 5L, 
    `53` = 1L, `54` = 1L, `55` = 3L, `57` = 1L, `58` = 1L, `59` = 1L, 
    `63` = 1L, `65` = 1L, `69` = 1L, `73` = 1L, `75` = 1L, `76` = 1L, 
    `78` = 1L, `87` = 1L), .Dim = 66L, .Dimnames = structure(list(
        c("1", "2", "3", "4", "5", "6", "7", "8", "9", "10", 
        "11", "12", "13", "14", "15", "16", "17", "18", "19", 
        "20", "21", "22", "23", "24", "25", "26", "27", "28", 
        "29", "30", "31", "32", "33", "34", "35", "36", "37", 
        "38", "39", "40", "41", "42", "43", "44", "45", "46", 
        "47", "48", "49", "50", "51", "52", "53", "54", "55", 
        "57", "58", "59", "63", "65", "69", "73", "75", "76", 
        "78", "87")), .Names = ""), class = "table"), No.Tag = structure(c(5L, 
    390L, 0L, 0L, 0L, 1L, 0L, 1L, 0L, 4L, 0L, 0L), .Dim = 4:3, .Dimnames = structure(list(
        c("-1", "0", "1", NA), c("A", "G", NA)), .Names = c("", 
    "")), class = "table"), All.Tags = list(Concordant = list(
        Freqs = structure(c(0, 744, 1, 0, 9, 0), .Dim = 3:2, .Dimnames = list(
            c("-1", "0", "1"), c("A", "G"))), N = 754), Majority = list(
        Freqs = structure(c(0, 806, 1, 0, 9, 0), .Dim = 3:2, .Dimnames = list(
            c("-1", "0", "1"), c("A", "G"))), N = 816)), `2` = structure(c(0, 
    653, 1, 0, 0, 0), .Dim = 3:2, .Dimnames = list(c("-1", "0", 
    "1"), c("A", "G"))))))
