Results <-
list(`bwaOutput/20210421msiMNRsJenny/241981_S12.sam` = list(LR24_SNP1 = list(
    All = list(Freqs = structure(c(0L, 57L, 4280L, 12L, 5L, 2L, 
    168L, 3458L, 8L, 5L, 0L, 1L, 53L, 0L, 0L), .Dim = c(5L, 3L
    ), .Dimnames = structure(list(c("-2", "-1", "0", "1", NA), 
        c("A", "G", NA)), .Names = c("", "")), class = "table"), 
        N = 8049L), Tag.Distribution = structure(c(`1` = 199L, 
    `2` = 79L, `3` = 71L, `4` = 56L, `5` = 54L, `6` = 39L, `7` = 33L, 
    `8` = 35L, `9` = 31L, `10` = 25L, `11` = 36L, `12` = 24L, 
    `13` = 18L, `14` = 18L, `15` = 12L, `16` = 18L, `17` = 20L, 
    `18` = 18L, `19` = 13L, `20` = 10L, `21` = 5L, `22` = 14L, 
    `23` = 5L, `24` = 7L, `25` = 6L, `26` = 5L, `27` = 4L, `28` = 3L, 
    `29` = 3L, `30` = 5L, `31` = 2L, `32` = 8L, `33` = 3L, `34` = 2L, 
    `35` = 7L, `36` = 1L, `38` = 2L, `40` = 1L, `41` = 2L, `44` = 3L, 
    `51` = 1L, `55` = 1L, `61` = 1L), .Dim = 43L, .Dimnames = structure(list(
        c("1", "2", "3", "4", "5", "6", "7", "8", "9", "10", 
        "11", "12", "13", "14", "15", "16", "17", "18", "19", 
        "20", "21", "22", "23", "24", "25", "26", "27", "28", 
        "29", "30", "31", "32", "33", "34", "35", "36", "38", 
        "40", "41", "44", "51", "55", "61")), .Names = ""), class = "table"), 
    No.Tag = structure(c(0L, 1L, 129L, 0L, 1L, 0L, 4L, 151L, 
    2L, 0L, 0L, 0L, 6L, 0L, 0L), .Dim = c(5L, 3L), .Dimnames = structure(list(
        c("-2", "-1", "0", "1", NA), c("A", "G", NA)), .Names = c("", 
    "")), class = "table"), All.Tags = list(Concordant = list(
        Freqs = structure(c(0, 4, 419, 0, 1, 21, 347, 0), .Dim = c(4L, 
        2L), .Dimnames = list(c("-2", "-1", "0", "1"), c("A", 
        "G"))), N = 792), Majority = list(Freqs = structure(c(0, 
    5, 471, 0, 1, 22, 389, 0), .Dim = c(4L, 2L), .Dimnames = list(
        c("-2", "-1", "0", "1"), c("A", "G"))), N = 888)), `2` = structure(c(0, 
    4, 366, 0, 0, 13, 310, 0), .Dim = c(4L, 2L), .Dimnames = list(
        c("-2", "-1", "0", "1"), c("A", "G"))))))
