Results <-
list(`bwaOutput/20210421msiMNRsJenny/241981_S12.sam` = list(IM16_SNP1 = list(
    All = list(Freqs = structure(c(13L, 742L, 2563L, 42L, 0L, 
    9L, 36L, 521L, 2257L, 84L, 1L, 6L, 0L, 7L, 77L, 8L, 2L, 0L
    ), .Dim = c(6L, 3L), .Dimnames = structure(list(c("-2", "-1", 
    "0", "1", "2", NA), c("A", "G", NA)), .Names = c("", "")), class = "table"), 
        N = 6368L), Tag.Distribution = structure(c(`1` = 92L, 
    `2` = 37L, `3` = 18L, `4` = 26L, `5` = 14L, `6` = 23L, `7` = 11L, 
    `8` = 20L, `9` = 14L, `10` = 12L, `11` = 18L, `12` = 11L, 
    `13` = 9L, `14` = 13L, `15` = 9L, `16` = 6L, `17` = 16L, 
    `18` = 7L, `19` = 8L, `20` = 7L, `21` = 12L, `22` = 5L, `23` = 5L, 
    `24` = 6L, `25` = 7L, `26` = 10L, `27` = 4L, `28` = 9L, `29` = 2L, 
    `30` = 5L, `31` = 7L, `32` = 5L, `33` = 3L, `34` = 4L, `35` = 1L, 
    `36` = 1L, `37` = 1L, `38` = 3L, `40` = 2L, `41` = 2L, `43` = 4L, 
    `44` = 2L, `45` = 1L, `46` = 1L, `47` = 1L, `53` = 1L, `54` = 3L, 
    `55` = 1L, `56` = 1L, `60` = 1L, `65` = 1L, `104` = 1L), .Dim = 52L, .Dimnames = structure(list(
        c("1", "2", "3", "4", "5", "6", "7", "8", "9", "10", 
        "11", "12", "13", "14", "15", "16", "17", "18", "19", 
        "20", "21", "22", "23", "24", "25", "26", "27", "28", 
        "29", "30", "31", "32", "33", "34", "35", "36", "37", 
        "38", "40", "41", "43", "44", "45", "46", "47", "53", 
        "54", "55", "56", "60", "65", "104")), .Names = ""), class = "table"), 
    No.Tag = structure(c(0L, 14L, 79L, 1L, 0L, 1L, 3L, 5L, 108L, 
    5L, 0L, 2L, 0L, 1L, 11L, 0L, 0L, 0L), .Dim = c(6L, 3L), .Dimnames = structure(list(
        c("-2", "-1", "0", "1", "2", NA), c("A", "G", NA)), .Names = c("", 
    "")), class = "table"), All.Tags = list(Concordant = list(
        Freqs = structure(c(1, 42, 138, 1, 0, 0, 30, 142, 3, 
        0), .Dim = c(5L, 2L), .Dimnames = list(c("-2", "-1", 
        "0", "1", "2"), c("A", "G"))), N = 357), Majority = list(
        Freqs = structure(c(1, 51, 184, 2, 0, 1, 38, 188, 4, 
        0), .Dim = c(5L, 2L), .Dimnames = list(c("-2", "-1", 
        "0", "1", "2"), c("A", "G"))), N = 469)), `2` = structure(c(1, 
    45, 153, 2, 0, 1, 34, 147, 1, 0), .Dim = c(5L, 2L), .Dimnames = list(
        c("-2", "-1", "0", "1", "2"), c("A", "G"))))))
