Results <-
list(`bwaOutput/20210421msiMNRsJenny/241981_S12.sam` = list(LR17_SNP1 = list(
    All = list(Freqs = structure(c(3L, 184L, 1009L, 12376L, 682L, 
    17L, 193L, 0L, 0L, 0L, 8L, 0L, 0L, 0L, 0L, 1L, 33L, 853L, 
    26L, 0L, 0L), .Dim = c(7L, 3L), .Dimnames = structure(list(
        c("-3", "-2", "-1", "0", "1", "2", NA), c("A", "G", NA
        )), .Names = c("", "")), class = "table"), N = 15385L), 
    Tag.Distribution = structure(c(`1` = 293L, `2` = 64L, `3` = 41L, 
    `4` = 42L, `5` = 41L, `6` = 24L, `7` = 26L, `8` = 33L, `9` = 24L, 
    `10` = 20L, `11` = 30L, `12` = 23L, `13` = 13L, `14` = 21L, 
    `15` = 18L, `16` = 20L, `17` = 13L, `18` = 16L, `19` = 17L, 
    `20` = 17L, `21` = 15L, `22` = 13L, `23` = 9L, `24` = 15L, 
    `25` = 10L, `26` = 10L, `27` = 12L, `28` = 12L, `29` = 10L, 
    `30` = 13L, `31` = 11L, `32` = 8L, `33` = 10L, `34` = 7L, 
    `35` = 7L, `36` = 10L, `37` = 8L, `38` = 8L, `39` = 6L, `40` = 2L, 
    `41` = 2L, `42` = 5L, `43` = 11L, `44` = 8L, `45` = 3L, `46` = 6L, 
    `47` = 1L, `48` = 5L, `49` = 1L, `50` = 3L, `51` = 3L, `52` = 3L, 
    `53` = 6L, `54` = 2L, `55` = 2L, `57` = 3L, `58` = 4L, `60` = 2L, 
    `61` = 3L, `62` = 2L, `63` = 1L, `65` = 2L, `78` = 2L, `79` = 1L, 
    `84` = 1L, `96` = 1L, `109` = 1L), .Dim = 67L, .Dimnames = structure(list(
        c("1", "2", "3", "4", "5", "6", "7", "8", "9", "10", 
        "11", "12", "13", "14", "15", "16", "17", "18", "19", 
        "20", "21", "22", "23", "24", "25", "26", "27", "28", 
        "29", "30", "31", "32", "33", "34", "35", "36", "37", 
        "38", "39", "40", "41", "42", "43", "44", "45", "46", 
        "47", "48", "49", "50", "51", "52", "53", "54", "55", 
        "57", "58", "60", "61", "62", "63", "65", "78", "79", 
        "84", "96", "109")), .Names = ""), class = "table"), 
    No.Tag = structure(c(0L, 2L, 24L, 398L, 38L, 2L, 15L, 0L, 
    0L, 0L, 0L, 0L, 0L, 0L, 0L, 0L, 2L, 40L, 2L, 0L, 0L), .Dim = c(7L, 
    3L), .Dimnames = structure(list(c("-3", "-2", "-1", "0", 
    "1", "2", NA), c("A", "G", NA)), .Names = c("", "")), class = "table"), 
    All.Tags = list(Concordant = list(Freqs = structure(c(0, 
    7, 32, 603, 21, 0, 0, 0, 0, 0, 0, 0), .Dim = c(6L, 2L), .Dimnames = list(
        c("-3", "-2", "-1", "0", "1", "2"), c("A", "G"))), N = 663), 
        Majority = list(Freqs = structure(c(0, 12, 50, 911, 41, 
        0, 0, 0, 0, 0, 0, 0), .Dim = c(6L, 2L), .Dimnames = list(
            c("-3", "-2", "-1", "0", "1", "2"), c("A", "G"))), 
            N = 1014)), `2` = structure(c(0, 10, 40, 695, 30, 
    0, 0, 0, 0, 0, 0, 0), .Dim = c(6L, 2L), .Dimnames = list(
        c("-3", "-2", "-1", "0", "1", "2"), c("A", "G"))))))
