Results <-
list(`bwaOutput/20210421msiMNRsJenny/241981_S12.sam` = list(LR10_SNP1 = list(
    All = list(Freqs = structure(c(131L, 391L, 7358L, 55L, 22L, 
    0L, 1L, 17L, 0L, 0L, 0L, 6L, 112L, 0L, 0L), .Dim = c(5L, 
    3L), .Dimnames = structure(list(c("-2", "-1", "0", "1", NA
    ), c("C", "T", NA)), .Names = c("", "")), class = "table"), 
        N = 8093L), Tag.Distribution = structure(c(`1` = 158L, 
    `2` = 21L, `3` = 23L, `4` = 21L, `5` = 20L, `6` = 14L, `7` = 17L, 
    `8` = 15L, `9` = 14L, `10` = 13L, `11` = 16L, `12` = 10L, 
    `13` = 17L, `14` = 11L, `15` = 9L, `16` = 7L, `17` = 11L, 
    `18` = 15L, `19` = 6L, `20` = 6L, `21` = 6L, `22` = 6L, `23` = 7L, 
    `24` = 2L, `25` = 10L, `26` = 9L, `27` = 2L, `28` = 6L, `29` = 5L, 
    `30` = 12L, `31` = 3L, `32` = 3L, `33` = 5L, `34` = 3L, `35` = 1L, 
    `36` = 6L, `37` = 5L, `38` = 6L, `39` = 5L, `40` = 3L, `41` = 3L, 
    `42` = 3L, `43` = 2L, `44` = 4L, `45` = 1L, `46` = 3L, `47` = 4L, 
    `48` = 2L, `49` = 2L, `50` = 1L, `51` = 3L, `53` = 1L, `55` = 2L, 
    `56` = 3L, `58` = 1L, `59` = 1L, `61` = 2L, `62` = 1L, `64` = 1L, 
    `69` = 1L, `79` = 1L), .Dim = 61L, .Dimnames = structure(list(
        c("1", "2", "3", "4", "5", "6", "7", "8", "9", "10", 
        "11", "12", "13", "14", "15", "16", "17", "18", "19", 
        "20", "21", "22", "23", "24", "25", "26", "27", "28", 
        "29", "30", "31", "32", "33", "34", "35", "36", "37", 
        "38", "39", "40", "41", "42", "43", "44", "45", "46", 
        "47", "48", "49", "50", "51", "53", "55", "56", "58", 
        "59", "61", "62", "64", "69", "79")), .Names = ""), class = "table"), 
    No.Tag = structure(c(2L, 8L, 196L, 2L, 3L, 0L, 0L, 0L, 0L, 
    0L, 0L, 0L, 5L, 0L, 0L), .Dim = c(5L, 3L), .Dimnames = structure(list(
        c("-2", "-1", "0", "1", NA), c("C", "T", NA)), .Names = c("", 
    "")), class = "table"), All.Tags = list(Concordant = list(
        Freqs = structure(c(5, 13, 409, 1, 0, 0, 7, 0), .Dim = c(4L, 
        2L), .Dimnames = list(c("-2", "-1", "0", "1"), c("C", 
        "T"))), N = 435), Majority = list(Freqs = structure(c(6, 
    18, 530, 2, 0, 0, 7, 0), .Dim = c(4L, 2L), .Dimnames = list(
        c("-2", "-1", "0", "1"), c("C", "T"))), N = 563)), `2` = structure(c(4, 
    14, 391, 1, 0, 0, 0, 0), .Dim = c(4L, 2L), .Dimnames = list(
        c("-2", "-1", "0", "1"), c("C", "T"))))))
