Results <-
list(`bwaOutput/20210421msiMNRsJenny/241981_S12.sam` = list(GM07_SNP1 = list(
    All = list(Freqs = structure(c(0L, 0L, 1L, 0L, 0L, 0L, 19L, 
    678L, 2290L, 68L, 1L, 66L, 127L, 745L, 2329L, 66L, 2L, 75L, 
    1L, 16L, 104L, 4L, 0L, 0L), .Dim = c(6L, 4L), .Dimnames = structure(list(
        c("-2", "-1", "0", "1", "2", NA), c("-", "A", "G", NA
        )), .Names = c("", "")), class = "table"), N = 6592L), 
    Tag.Distribution = structure(c(`1` = 133L, `2` = 28L, `3` = 19L, 
    `4` = 16L, `5` = 23L, `6` = 12L, `7` = 19L, `8` = 16L, `9` = 15L, 
    `10` = 20L, `11` = 6L, `12` = 11L, `13` = 8L, `14` = 17L, 
    `15` = 12L, `16` = 9L, `17` = 11L, `18` = 10L, `19` = 11L, 
    `20` = 10L, `21` = 5L, `22` = 6L, `23` = 5L, `24` = 6L, `25` = 3L, 
    `26` = 2L, `27` = 8L, `28` = 6L, `29` = 8L, `30` = 3L, `31` = 3L, 
    `32` = 3L, `33` = 3L, `34` = 2L, `35` = 2L, `36` = 2L, `37` = 3L, 
    `38` = 1L, `40` = 2L, `41` = 1L, `42` = 3L, `43` = 1L, `44` = 4L, 
    `46` = 2L, `47` = 2L, `48` = 4L, `50` = 2L, `52` = 1L, `54` = 1L, 
    `56` = 1L, `57` = 1L, `58` = 2L, `59` = 3L, `64` = 1L, `67` = 1L, 
    `72` = 1L, `74` = 1L), .Dim = 57L, .Dimnames = structure(list(
        c("1", "2", "3", "4", "5", "6", "7", "8", "9", "10", 
        "11", "12", "13", "14", "15", "16", "17", "18", "19", 
        "20", "21", "22", "23", "24", "25", "26", "27", "28", 
        "29", "30", "31", "32", "33", "34", "35", "36", "37", 
        "38", "40", "41", "42", "43", "44", "46", "47", "48", 
        "50", "52", "54", "56", "57", "58", "59", "64", "67", 
        "72", "74")), .Names = ""), class = "table"), No.Tag = structure(c(0L, 
    0L, 0L, 0L, 0L, 0L, 1L, 6L, 55L, 1L, 0L, 6L, 3L, 6L, 57L, 
    0L, 0L, 9L, 0L, 1L, 5L, 0L, 0L, 0L), .Dim = c(6L, 4L), .Dimnames = structure(list(
        c("-2", "-1", "0", "1", "2", NA), c("-", "A", "G", NA
        )), .Names = c("", "")), class = "table"), All.Tags = list(
        Concordant = list(Freqs = structure(c(0, 0, 0, 0, 0, 
        1, 39, 109, 0, 0, 7, 25, 98, 4, 0), .Dim = c(5L, 3L), .Dimnames = list(
            c("-2", "-1", "0", "1", "2"), c("-", "A", "G"))), 
            N = 283), Majority = list(Freqs = structure(c(0, 
        0, 0, 0, 0, 1, 52, 188, 0, 0, 8, 41, 187, 5, 0), .Dim = c(5L, 
        3L), .Dimnames = list(c("-2", "-1", "0", "1", "2"), c("-", 
        "A", "G"))), N = 482)), `2` = structure(c(0, 0, 0, 0, 
    0, 1, 36, 152, 0, 0, 4, 33, 148, 1, 0), .Dim = c(5L, 3L), .Dimnames = list(
        c("-2", "-1", "0", "1", "2"), c("-", "A", "G"))))))
