Results <-
list(`bwaOutput/20210421msiMNRsJenny/241981_S12.sam` = list(LR49_SNP1 = list(
    All = list(Freqs = structure(c(106L, 4008L, 1L, 3L, 41L, 
    4012L, 17L, 6L, 0L, 2L, 0L, 0L, 2L, 118L, 0L, 0L), .Dim = c(4L, 
    4L), .Dimnames = structure(list(c("-1", "0", "1", NA), c("A", 
    "G", "T", NA)), .Names = c("", "")), class = "table"), N = 8316L), 
    Tag.Distribution = structure(c(`1` = 182L, `2` = 62L, `3` = 37L, 
    `4` = 33L, `5` = 26L, `6` = 39L, `7` = 37L, `8` = 26L, `9` = 39L, 
    `10` = 24L, `11` = 14L, `12` = 20L, `13` = 19L, `14` = 14L, 
    `15` = 17L, `16` = 17L, `17` = 8L, `18` = 15L, `19` = 10L, 
    `20` = 14L, `21` = 5L, `22` = 9L, `23` = 7L, `24` = 10L, 
    `25` = 5L, `26` = 8L, `27` = 8L, `28` = 5L, `29` = 3L, `30` = 2L, 
    `31` = 5L, `32` = 1L, `33` = 3L, `34` = 2L, `35` = 3L, `36` = 3L, 
    `37` = 4L, `38` = 4L, `40` = 2L, `41` = 2L, `42` = 2L, `43` = 2L, 
    `44` = 3L, `45` = 1L, `46` = 3L, `47` = 1L, `48` = 1L, `49` = 2L, 
    `50` = 2L, `52` = 1L, `54` = 2L, `55` = 1L, `56` = 1L, `59` = 1L, 
    `61` = 1L, `65` = 1L, `72` = 1L), .Dim = 57L, .Dimnames = structure(list(
        c("1", "2", "3", "4", "5", "6", "7", "8", "9", "10", 
        "11", "12", "13", "14", "15", "16", "17", "18", "19", 
        "20", "21", "22", "23", "24", "25", "26", "27", "28", 
        "29", "30", "31", "32", "33", "34", "35", "36", "37", 
        "38", "40", "41", "42", "43", "44", "45", "46", "47", 
        "48", "49", "50", "52", "54", "55", "56", "59", "61", 
        "65", "72")), .Names = ""), class = "table"), No.Tag = structure(c(0L, 
    67L, 0L, 0L, 2L, 132L, 17L, 0L, 0L, 0L, 0L, 0L, 0L, 12L, 
    0L, 0L), .Dim = c(4L, 4L), .Dimnames = structure(list(c("-1", 
    "0", "1", NA), c("A", "G", "T", NA)), .Names = c("", "")), class = "table"), 
    All.Tags = list(Concordant = list(Freqs = structure(c(6, 
    337, 0, 2, 330, 0, 0, 1, 0), .Dim = c(3L, 3L), .Dimnames = list(
        c("-1", "0", "1"), c("A", "G", "T"))), N = 676), Majority = list(
        Freqs = structure(c(8, 371, 0, 3, 361, 0, 0, 1, 0), .Dim = c(3L, 
        3L), .Dimnames = list(c("-1", "0", "1"), c("A", "G", 
        "T"))), N = 744)), `2` = structure(c(7, 304, 0, 2, 266, 
    0, 0, 0, 0), .Dim = c(3L, 3L), .Dimnames = list(c("-1", "0", 
    "1"), c("A", "G", "T"))))))
