Results <-
list(`bwaOutput/20210421msiMNRsJenny/241981_S12.sam` = list(LR44_SNP1 = list(
    All = list(Freqs = structure(c(38L, 190L, 241L, 170L, 1860L, 
    33L, 9L, 0L, 7L, 228L, 553L, 1983L, 36L, 23L, 0L, 3L, 1L, 
    4L, 123L, 0L, 0L), .Dim = c(7L, 3L), .Dimnames = structure(list(
        c("-4", "-3", "-2", "-1", "0", "1", NA), c("C", "T", 
        NA)), .Names = c("", "")), class = "table"), N = 5502L), 
    Tag.Distribution = structure(c(`1` = 122L, `2` = 18L, `3` = 20L, 
    `4` = 18L, `5` = 14L, `6` = 14L, `7` = 19L, `8` = 13L, `9` = 10L, 
    `10` = 15L, `11` = 14L, `12` = 10L, `13` = 19L, `14` = 15L, 
    `15` = 15L, `16` = 11L, `17` = 8L, `18` = 9L, `19` = 7L, 
    `20` = 3L, `21` = 4L, `22` = 4L, `23` = 3L, `24` = 4L, `25` = 5L, 
    `26` = 2L, `27` = 5L, `28` = 4L, `29` = 4L, `30` = 5L, `31` = 6L, 
    `32` = 6L, `33` = 5L, `34` = 4L, `35` = 4L, `36` = 1L, `37` = 1L, 
    `39` = 4L, `40` = 2L, `41` = 2L, `43` = 1L, `44` = 2L, `45` = 2L, 
    `46` = 2L, `47` = 1L, `49` = 1L, `55` = 1L, `75` = 1L, `78` = 1L
    ), .Dim = 49L, .Dimnames = structure(list(c("1", "2", "3", 
    "4", "5", "6", "7", "8", "9", "10", "11", "12", "13", "14", 
    "15", "16", "17", "18", "19", "20", "21", "22", "23", "24", 
    "25", "26", "27", "28", "29", "30", "31", "32", "33", "34", 
    "35", "36", "37", "39", "40", "41", "43", "44", "45", "46", 
    "47", "49", "55", "75", "78")), .Names = ""), class = "table"), 
    No.Tag = structure(c(0L, 4L, 25L, 0L, 19L, 1L, 2L, 0L, 0L, 
    15L, 11L, 12L, 0L, 1L, 0L, 0L, 0L, 0L, 14L, 0L, 0L), .Dim = c(7L, 
    3L), .Dimnames = structure(list(c("-4", "-3", "-2", "-1", 
    "0", "1", NA), c("C", "T", NA)), .Names = c("", "")), class = "table"), 
    All.Tags = list(Concordant = list(Freqs = structure(c(3, 
    13, 13, 8, 94, 0, 0, 1, 11, 26, 97, 3), .Dim = c(6L, 2L), .Dimnames = list(
        c("-4", "-3", "-2", "-1", "0", "1"), c("C", "T"))), N = 269), 
        Majority = list(Freqs = structure(c(3, 15, 22, 9, 165, 
        0, 0, 1, 15, 38, 171, 3), .Dim = c(6L, 2L), .Dimnames = list(
            c("-4", "-3", "-2", "-1", "0", "1"), c("C", "T"))), 
            N = 442)), `2` = structure(c(3, 10, 15, 4, 130, 0, 
    0, 1, 12, 26, 133, 0), .Dim = c(6L, 2L), .Dimnames = list(
        c("-4", "-3", "-2", "-1", "0", "1"), c("C", "T"))))))
