Results <-
list(`bwaOutput/20210421msiMNRsJenny/241981_S12.sam` = list(GM29_SNP1 = list(
    All = list(Freqs = structure(c(2L, 215L, 5367L, 14L, 17L, 
    0L, 0L, 2L, 0L, 0L, 0L, 4L, 67L, 0L, 0L), .Dim = c(5L, 3L
    ), .Dimnames = structure(list(c("-2", "-1", "0", "1", NA), 
        c("A", "G", NA)), .Names = c("", "")), class = "table"), 
        N = 5688L), Tag.Distribution = structure(c(`1` = 105L, 
    `2` = 28L, `3` = 31L, `4` = 31L, `5` = 25L, `6` = 17L, `7` = 15L, 
    `8` = 12L, `9` = 13L, `10` = 19L, `11` = 15L, `12` = 14L, 
    `13` = 6L, `14` = 10L, `15` = 12L, `16` = 5L, `17` = 8L, 
    `18` = 8L, `19` = 6L, `20` = 9L, `21` = 6L, `22` = 5L, `23` = 4L, 
    `24` = 6L, `25` = 4L, `26` = 3L, `27` = 2L, `28` = 7L, `29` = 3L, 
    `30` = 2L, `31` = 3L, `32` = 2L, `33` = 1L, `34` = 1L, `35` = 2L, 
    `36` = 1L, `37` = 2L, `38` = 1L, `39` = 1L, `41` = 4L, `42` = 1L, 
    `43` = 1L, `44` = 4L, `45` = 2L, `46` = 1L, `47` = 2L, `48` = 1L, 
    `49` = 1L, `54` = 1L, `61` = 3L, `63` = 1L, `64` = 1L, `65` = 1L, 
    `80` = 1L, `118` = 1L), .Dim = 55L, .Dimnames = structure(list(
        c("1", "2", "3", "4", "5", "6", "7", "8", "9", "10", 
        "11", "12", "13", "14", "15", "16", "17", "18", "19", 
        "20", "21", "22", "23", "24", "25", "26", "27", "28", 
        "29", "30", "31", "32", "33", "34", "35", "36", "37", 
        "38", "39", "41", "42", "43", "44", "45", "46", "47", 
        "48", "49", "54", "61", "63", "64", "65", "80", "118"
        )), .Names = ""), class = "table"), No.Tag = structure(c(0L, 
    7L, 264L, 0L, 6L, 0L, 0L, 0L, 0L, 0L, 0L, 0L, 6L, 0L, 0L), .Dim = c(5L, 
    3L), .Dimnames = structure(list(c("-2", "-1", "0", "1", NA
    ), c("A", "G", NA)), .Names = c("", "")), class = "table"), 
    All.Tags = list(Concordant = list(Freqs = structure(c(0, 
    13, 382, 1, 0, 0, 2, 0), .Dim = c(4L, 2L), .Dimnames = list(
        c("-2", "-1", "0", "1"), c("A", "G"))), N = 398), Majority = list(
        Freqs = structure(c(0, 16, 442, 1, 0, 0, 2, 0), .Dim = c(4L, 
        2L), .Dimnames = list(c("-2", "-1", "0", "1"), c("A", 
        "G"))), N = 461)), `2` = structure(c(0, 11, 352, 0, 0, 
    0, 0, 0), .Dim = c(4L, 2L), .Dimnames = list(c("-2", "-1", 
    "0", "1"), c("A", "G"))))))
