Results <-
list(`bwaOutput/20210421msiMNRsJenny/241981_S12.sam` = list(LR20_SNP1 = list(
    All = list(Freqs = structure(c(0L, 210L, 2706L, 4L, 3L, 3L, 
    167L, 3320L, 8L, 2L, 0L, 1L, 46L, 0L, 0L), .Dim = c(5L, 3L
    ), .Dimnames = structure(list(c("-2", "-1", "0", "1", NA), 
        c("A", "G", NA)), .Names = c("", "")), class = "table"), 
        N = 6470L), Tag.Distribution = structure(c(`1` = 121L, 
    `2` = 40L, `3` = 30L, `4` = 21L, `5` = 22L, `6` = 22L, `7` = 14L, 
    `8` = 19L, `9` = 16L, `10` = 14L, `11` = 20L, `12` = 7L, 
    `13` = 18L, `14` = 11L, `15` = 9L, `16` = 14L, `17` = 9L, 
    `18` = 14L, `19` = 9L, `20` = 11L, `21` = 3L, `22` = 3L, 
    `23` = 7L, `24` = 7L, `25` = 4L, `26` = 7L, `27` = 7L, `28` = 3L, 
    `29` = 6L, `30` = 3L, `31` = 3L, `32` = 4L, `33` = 3L, `34` = 6L, 
    `35` = 3L, `36` = 5L, `37` = 6L, `38` = 1L, `39` = 2L, `40` = 3L, 
    `41` = 1L, `43` = 2L, `44` = 1L, `45` = 1L, `47` = 1L, `48` = 2L, 
    `53` = 1L, `55` = 1L, `58` = 1L, `60` = 1L, `63` = 1L, `77` = 1L
    ), .Dim = 52L, .Dimnames = structure(list(c("1", "2", "3", 
    "4", "5", "6", "7", "8", "9", "10", "11", "12", "13", "14", 
    "15", "16", "17", "18", "19", "20", "21", "22", "23", "24", 
    "25", "26", "27", "28", "29", "30", "31", "32", "33", "34", 
    "35", "36", "37", "38", "39", "40", "41", "43", "44", "45", 
    "47", "48", "53", "55", "58", "60", "63", "77")), .Names = ""), class = "table"), 
    No.Tag = structure(c(0L, 5L, 78L, 0L, 2L, 0L, 2L, 110L, 1L, 
    1L, 0L, 0L, 4L, 0L, 0L), .Dim = c(5L, 3L), .Dimnames = structure(list(
        c("-2", "-1", "0", "1", NA), c("A", "G", NA)), .Names = c("", 
    "")), class = "table"), All.Tags = list(Concordant = list(
        Freqs = structure(c(0, 13, 223, 0, 0, 9, 238, 1), .Dim = c(4L, 
        2L), .Dimnames = list(c("-2", "-1", "0", "1"), c("A", 
        "G"))), N = 484), Majority = list(Freqs = structure(c(0, 
    15, 243, 0, 0, 13, 259, 1), .Dim = c(4L, 2L), .Dimnames = list(
        c("-2", "-1", "0", "1"), c("A", "G"))), N = 531)), `2` = structure(c(0, 
    11, 184, 0, 0, 11, 209, 0), .Dim = c(4L, 2L), .Dimnames = list(
        c("-2", "-1", "0", "1"), c("A", "G"))))))
