Results <-
list(`bwaOutput/20210421msiMNRsJenny/241981_S12.sam` = list(LR46_SNP1 = list(
    All = list(Freqs = structure(c(0L, 1L, 0L, 0L, 0L, 40L, 3433L, 
    7L, 1L, 10L, 7L, 3321L, 7L, 0L, 9L, 0L, 57L, 0L, 0L, 0L), .Dim = 5:4, .Dimnames = structure(list(
        c("-1", "0", "1", "2", NA), c("A", "G", "T", NA)), .Names = c("", 
    "")), class = "table"), N = 6893L), Tag.Distribution = structure(c(`1` = 163L, 
    `2` = 25L, `3` = 16L, `4` = 13L, `5` = 11L, `6` = 15L, `7` = 16L, 
    `8` = 16L, `9` = 13L, `10` = 9L, `11` = 8L, `12` = 7L, `13` = 11L, 
    `14` = 11L, `15` = 10L, `16` = 9L, `17` = 5L, `18` = 13L, 
    `19` = 8L, `20` = 9L, `21` = 7L, `22` = 8L, `23` = 4L, `24` = 6L, 
    `25` = 2L, `26` = 4L, `27` = 6L, `28` = 6L, `29` = 7L, `30` = 2L, 
    `31` = 4L, `32` = 1L, `33` = 5L, `34` = 7L, `36` = 4L, `37` = 2L, 
    `38` = 2L, `39` = 2L, `40` = 2L, `41` = 3L, `42` = 1L, `43` = 3L, 
    `45` = 3L, `47` = 2L, `48` = 3L, `49` = 1L, `51` = 1L, `52` = 2L, 
    `53` = 2L, `54` = 2L, `57` = 1L, `58` = 1L, `60` = 1L, `62` = 2L, 
    `63` = 1L, `65` = 1L, `70` = 2L, `71` = 2L, `72` = 1L, `73` = 1L, 
    `79` = 1L, `86` = 1L), .Dim = 62L, .Dimnames = structure(list(
        c("1", "2", "3", "4", "5", "6", "7", "8", "9", "10", 
        "11", "12", "13", "14", "15", "16", "17", "18", "19", 
        "20", "21", "22", "23", "24", "25", "26", "27", "28", 
        "29", "30", "31", "32", "33", "34", "36", "37", "38", 
        "39", "40", "41", "42", "43", "45", "47", "48", "49", 
        "51", "52", "53", "54", "57", "58", "60", "62", "63", 
        "65", "70", "71", "72", "73", "79", "86")), .Names = ""), class = "table"), 
    No.Tag = structure(c(0L, 0L, 0L, 0L, 0L, 0L, 89L, 0L, 0L, 
    0L, 0L, 54L, 0L, 0L, 1L, 0L, 9L, 0L, 0L, 0L), .Dim = 5:4, .Dimnames = structure(list(
        c("-1", "0", "1", "2", NA), c("A", "G", "T", NA)), .Names = c("", 
    "")), class = "table"), All.Tags = list(Concordant = list(
        Freqs = structure(c(0, 0, 0, 0, 0, 229, 0, 0, 0, 216, 
        1, 0), .Dim = 4:3, .Dimnames = list(c("-1", "0", "1", 
        "2"), c("A", "G", "T"))), N = 446), Majority = list(Freqs = structure(c(0, 
    0, 0, 0, 0, 256, 0, 0, 0, 236, 1, 0), .Dim = 4:3, .Dimnames = list(
        c("-1", "0", "1", "2"), c("A", "G", "T"))), N = 493)), 
    `2` = structure(c(0, 0, 0, 0, 0, 173, 0, 0, 0, 167, 0, 0), .Dim = 4:3, .Dimnames = list(
        c("-1", "0", "1", "2"), c("A", "G", "T"))))))
