Results <-
list(`bwaOutput/20210421msiMNRsJenny/242117_S13.sam` = list(GM22_SNP1 = list(
    All = list(Freqs = structure(c(1L, 76L, 5397L, 25L, 12L, 
    0L, 0L, 2L, 0L, 0L, 0L, 5L, 79L, 0L, 0L), .Dim = c(5L, 3L
    ), .Dimnames = structure(list(c("-2", "-1", "0", "1", NA), 
        c("A", "G", NA)), .Names = c("", "")), class = "table"), 
        N = 5597L), Tag.Distribution = structure(c(`1` = 164L, 
    `2` = 89L, `3` = 60L, `4` = 60L, `5` = 74L, `6` = 51L, `7` = 40L, 
    `8` = 43L, `9` = 34L, `10` = 33L, `11` = 27L, `12` = 22L, 
    `13` = 28L, `14` = 26L, `15` = 11L, `16` = 10L, `17` = 13L, 
    `18` = 9L, `19` = 2L, `20` = 7L, `21` = 4L, `22` = 3L, `23` = 3L, 
    `24` = 2L, `25` = 3L, `26` = 1L, `28` = 1L, `33` = 1L, `67` = 1L
    ), .Dim = 29L, .Dimnames = structure(list(c("1", "2", "3", 
    "4", "5", "6", "7", "8", "9", "10", "11", "12", "13", "14", 
    "15", "16", "17", "18", "19", "20", "21", "22", "23", "24", 
    "25", "26", "28", "33", "67")), .Names = ""), class = "table"), 
    No.Tag = structure(c(0L, 1L, 213L, 2L, 1L, 0L, 0L, 1L, 0L, 
    0L, 0L, 0L, 10L, 0L, 0L), .Dim = c(5L, 3L), .Dimnames = structure(list(
        c("-2", "-1", "0", "1", NA), c("A", "G", NA)), .Names = c("", 
    "")), class = "table"), All.Tags = list(Concordant = list(
        Freqs = structure(c(1, 2, 726, 0, 0, 0, 1, 0), .Dim = c(4L, 
        2L), .Dimnames = list(c("-2", "-1", "0", "1"), c("A", 
        "G"))), N = 730), Majority = list(Freqs = structure(c(1, 
    2, 805, 0, 0, 0, 1, 0), .Dim = c(4L, 2L), .Dimnames = list(
        c("-2", "-1", "0", "1"), c("A", "G"))), N = 809)), `2` = structure(c(1, 
    2, 651, 0, 0, 0, 0, 0), .Dim = c(4L, 2L), .Dimnames = list(
        c("-2", "-1", "0", "1"), c("A", "G"))))))
