Results <-
list(`bwaOutput/20210421msiMNRsJenny/242117_S13.sam` = list(GM29_SNP1 = list(
    All = list(Freqs = structure(c(4L, 224L, 3692L, 17L, 6L, 
    0L, 0L, 4L, 0L, 0L, 1L, 0L, 0L, 0L, 0L, 0L, 2L, 35L, 0L, 
    0L), .Dim = 5:4, .Dimnames = structure(list(c("-2", "-1", 
    "0", "1", NA), c("A", "G", "T", NA)), .Names = c("", "")), class = "table"), 
        N = 3985L), Tag.Distribution = structure(c(`1` = 108L, 
    `2` = 63L, `3` = 52L, `4` = 46L, `5` = 34L, `6` = 34L, `7` = 29L, 
    `8` = 30L, `9` = 25L, `10` = 24L, `11` = 21L, `12` = 15L, 
    `13` = 11L, `14` = 11L, `15` = 13L, `16` = 4L, `17` = 5L, 
    `18` = 11L, `19` = 7L, `20` = 4L, `21` = 3L, `22` = 1L, `23` = 2L, 
    `24` = 1L, `26` = 2L, `29` = 1L, `31` = 1L, `32` = 2L, `35` = 1L, 
    `38` = 1L, `40` = 1L, `44` = 1L, `51` = 1L), .Dim = 33L, .Dimnames = structure(list(
        c("1", "2", "3", "4", "5", "6", "7", "8", "9", "10", 
        "11", "12", "13", "14", "15", "16", "17", "18", "19", 
        "20", "21", "22", "23", "24", "26", "29", "31", "32", 
        "35", "38", "40", "44", "51")), .Names = ""), class = "table"), 
    No.Tag = structure(c(0L, 6L, 118L, 0L, 0L, 0L, 0L, 0L, 0L, 
    0L, 0L, 0L, 0L, 0L, 0L, 0L, 0L, 3L, 0L, 0L), .Dim = 5:4, .Dimnames = structure(list(
        c("-2", "-1", "0", "1", NA), c("A", "G", "T", NA)), .Names = c("", 
    "")), class = "table"), All.Tags = list(Concordant = list(
        Freqs = structure(c(0, 24, 465, 1, 0, 0, 1, 0, 1, 0, 
        0, 0), .Dim = 4:3, .Dimnames = list(c("-2", "-1", "0", 
        "1"), c("A", "G", "T"))), N = 492), Majority = list(Freqs = structure(c(0, 
    26, 527, 1, 0, 0, 1, 0, 1, 0, 0, 0), .Dim = 4:3, .Dimnames = list(
        c("-2", "-1", "0", "1"), c("A", "G", "T"))), N = 556)), 
    `2` = structure(c(0, 19, 433, 0, 0, 0, 0, 0, 0, 0, 0, 0), .Dim = 4:3, .Dimnames = list(
        c("-2", "-1", "0", "1"), c("A", "G", "T"))))))
