Results <-
list(`bwaOutput/20210421msiMNRsJenny/242117_S13.sam` = list(LR17_SNP1 = list(
    All = list(Freqs = structure(c(2L, 65L, 2496L, 6187L, 68L, 
    97L, 0L, 0L, 0L, 2L, 0L, 0L, 0L, 0L, 104L, 478L, 6L, 0L), .Dim = c(6L, 
    3L), .Dimnames = structure(list(c("-3", "-2", "-1", "0", 
    "1", NA), c("A", "G", NA)), .Names = c("", "")), class = "table"), 
        N = 9505L), Tag.Distribution = structure(c(`1` = 258L, 
    `2` = 85L, `3` = 82L, `4` = 74L, `5` = 55L, `6` = 50L, `7` = 71L, 
    `8` = 65L, `9` = 51L, `10` = 58L, `11` = 49L, `12` = 39L, 
    `13` = 32L, `14` = 26L, `15` = 32L, `16` = 25L, `17` = 21L, 
    `18` = 21L, `19` = 13L, `20` = 9L, `21` = 15L, `22` = 7L, 
    `23` = 12L, `24` = 4L, `25` = 10L, `26` = 3L, `27` = 4L, 
    `28` = 2L, `29` = 2L, `30` = 2L, `31` = 1L, `32` = 2L, `33` = 1L, 
    `34` = 2L, `35` = 2L, `40` = 1L), .Dim = 36L, .Dimnames = structure(list(
        c("1", "2", "3", "4", "5", "6", "7", "8", "9", "10", 
        "11", "12", "13", "14", "15", "16", "17", "18", "19", 
        "20", "21", "22", "23", "24", "25", "26", "27", "28", 
        "29", "30", "31", "32", "33", "34", "35", "40")), .Names = ""), class = "table"), 
    No.Tag = structure(c(0L, 2L, 85L, 199L, 2L, 9L, 0L, 0L, 0L, 
    0L, 0L, 0L, 0L, 0L, 1L, 19L, 1L, 0L), .Dim = c(6L, 3L), .Dimnames = structure(list(
        c("-3", "-2", "-1", "0", "1", NA), c("A", "G", NA)), .Names = c("", 
    "")), class = "table"), All.Tags = list(Concordant = list(
        Freqs = structure(c(0, 2, 217, 619, 2, 0, 0, 0, 0, 0), .Dim = c(5L, 
        2L), .Dimnames = list(c("-3", "-2", "-1", "0", "1"), 
            c("A", "G"))), N = 840), Majority = list(Freqs = structure(c(0, 
    2, 297, 840, 3, 0, 0, 0, 0, 0), .Dim = c(5L, 2L), .Dimnames = list(
        c("-3", "-2", "-1", "0", "1"), c("A", "G"))), N = 1142)), 
    `2` = structure(c(0, 1, 241, 671, 2, 0, 0, 0, 0, 0), .Dim = c(5L, 
    2L), .Dimnames = list(c("-3", "-2", "-1", "0", "1"), c("A", 
    "G"))))))
