Results <-
list(`bwaOutput/20210421msiMNRsJenny/242117_S13.sam` = list(GM26_SNP1 = list(
    All = list(Freqs = structure(c(69L, 3111L, 10L, 1L, 2L, 0L, 
    2L, 0L, 0L, 0L, 2L, 27L, 2L, 0L, 0L), .Dim = c(5L, 3L), .Dimnames = structure(list(
        c("-1", "0", "1", "2", NA), c("A", "G", NA)), .Names = c("", 
    "")), class = "table"), N = 3226L), Tag.Distribution = structure(c(`1` = 115L, 
    `2` = 52L, `3` = 51L, `4` = 35L, `5` = 38L, `6` = 34L, `7` = 33L, 
    `8` = 22L, `9` = 18L, `10` = 7L, `11` = 17L, `12` = 12L, 
    `13` = 9L, `14` = 11L, `15` = 7L, `16` = 8L, `17` = 6L, `18` = 9L, 
    `19` = 4L, `20` = 4L, `21` = 2L, `22` = 1L, `23` = 1L, `24` = 1L, 
    `25` = 1L, `26` = 1L, `27` = 1L, `28` = 1L, `33` = 1L, `35` = 1L, 
    `36` = 1L), .Dim = 31L, .Dimnames = structure(list(c("1", 
    "2", "3", "4", "5", "6", "7", "8", "9", "10", "11", "12", 
    "13", "14", "15", "16", "17", "18", "19", "20", "21", "22", 
    "23", "24", "25", "26", "27", "28", "33", "35", "36")), .Names = ""), class = "table"), 
    No.Tag = structure(c(2L, 100L, 0L, 0L, 0L, 0L, 0L, 0L, 0L, 
    0L, 1L, 1L, 1L, 0L, 0L), .Dim = c(5L, 3L), .Dimnames = structure(list(
        c("-1", "0", "1", "2", NA), c("A", "G", NA)), .Names = c("", 
    "")), class = "table"), All.Tags = list(Concordant = list(
        Freqs = structure(c(5, 462, 0, 0, 0, 1, 0, 0), .Dim = c(4L, 
        2L), .Dimnames = list(c("-1", "0", "1", "2"), c("A", 
        "G"))), N = 468), Majority = list(Freqs = structure(c(5, 
    492, 0, 0, 0, 1, 0, 0), .Dim = c(4L, 2L), .Dimnames = list(
        c("-1", "0", "1", "2"), c("A", "G"))), N = 498)), `2` = structure(c(4, 
    384, 0, 0, 0, 0, 0, 0), .Dim = c(4L, 2L), .Dimnames = list(
        c("-1", "0", "1", "2"), c("A", "G"))))))
