Results <-
list(`bwaOutput/20210421msiMNRsJenny/242117_S13.sam` = list(LR36_SNP1 = list(
    All = list(Freqs = structure(c(0L, 0L, 4L, 89L, 2302L, 25L, 
    24L, 0L, 0L, 0L, 0L, 2L, 0L, 0L, 1L, 54L, 439L, 31L, 1457L, 
    14L, 35L, 0L, 0L, 10L, 0L, 209L, 2L, 0L), .Dim = c(7L, 4L
    ), .Dimnames = structure(list(c("-4", "-3", "-2", "-1", "0", 
    "1", NA), c("A", "G", "T", NA)), .Names = c("", "")), class = "table"), 
        N = 4698L), Tag.Distribution = structure(c(`1` = 158L, 
    `2` = 77L, `3` = 55L, `4` = 61L, `5` = 47L, `6` = 42L, `7` = 37L, 
    `8` = 44L, `9` = 39L, `10` = 24L, `11` = 22L, `12` = 18L, 
    `13` = 16L, `14` = 10L, `15` = 10L, `16` = 3L, `17` = 10L, 
    `18` = 8L, `19` = 8L, `20` = 5L, `21` = 5L, `22` = 2L, `23` = 2L, 
    `24` = 2L, `25` = 1L, `26` = 1L, `27` = 1L, `28` = 2L, `30` = 2L, 
    `33` = 1L, `36` = 1L, `40` = 1L), .Dim = 32L, .Dimnames = structure(list(
        c("1", "2", "3", "4", "5", "6", "7", "8", "9", "10", 
        "11", "12", "13", "14", "15", "16", "17", "18", "19", 
        "20", "21", "22", "23", "24", "25", "26", "27", "28", 
        "30", "33", "36", "40")), .Names = ""), class = "table"), 
    No.Tag = structure(c(0L, 0L, 0L, 1L, 80L, 1L, 3L, 0L, 0L, 
    0L, 0L, 0L, 0L, 0L, 0L, 0L, 21L, 0L, 41L, 0L, 4L, 0L, 0L, 
    0L, 0L, 21L, 0L, 0L), .Dim = c(7L, 4L), .Dimnames = structure(list(
        c("-4", "-3", "-2", "-1", "0", "1", NA), c("A", "G", 
        "T", NA)), .Names = c("", "")), class = "table"), All.Tags = list(
        Concordant = list(Freqs = structure(c(0, 0, 0, 9, 287, 
        0, 0, 0, 0, 0, 1, 0, 0, 9, 59, 4, 185, 0), .Dim = c(6L, 
        3L), .Dimnames = list(c("-4", "-3", "-2", "-1", "0", 
        "1"), c("A", "G", "T"))), N = 554), Majority = list(Freqs = structure(c(0, 
        0, 0, 12, 356, 0, 0, 0, 0, 0, 1, 0, 0, 9, 65, 4, 246, 
        0), .Dim = c(6L, 3L), .Dimnames = list(c("-4", "-3", 
        "-2", "-1", "0", "1"), c("A", "G", "T"))), N = 693)), 
    `2` = structure(c(0, 0, 0, 8, 287, 0, 0, 0, 0, 0, 0, 0, 0, 
    7, 51, 2, 196, 0), .Dim = c(6L, 3L), .Dimnames = list(c("-4", 
    "-3", "-2", "-1", "0", "1"), c("A", "G", "T"))))))
