Results <-
list(`bwaOutput/20210421msiMNRsJenny/242117_S13.sam` = list(GM17_SNP1 = list(
    All = list(Freqs = structure(c(0L, 0L, 1L, 0L, 0L, 2L, 73L, 
    2228L, 5L, 0L, 0L, 28L, 2065L, 13L, 1L, 0L, 1L, 133L, 0L, 
    0L), .Dim = 5:4, .Dimnames = structure(list(c("-2", "-1", 
    "0", "1", NA), c("A", "C", "T", NA)), .Names = c("", "")), class = "table"), 
        N = 4550L), Tag.Distribution = structure(c(`1` = 151L, 
    `2` = 70L, `3` = 63L, `4` = 52L, `5` = 52L, `6` = 35L, `7` = 42L, 
    `8` = 34L, `9` = 23L, `10` = 26L, `11` = 13L, `12` = 20L, 
    `13` = 24L, `14` = 17L, `15` = 16L, `16` = 12L, `17` = 4L, 
    `18` = 8L, `19` = 4L, `20` = 4L, `21` = 3L, `22` = 2L, `23` = 2L, 
    `24` = 2L, `25` = 2L, `26` = 2L, `27` = 1L, `29` = 2L, `32` = 1L, 
    `36` = 1L, `39` = 1L), .Dim = 31L, .Dimnames = structure(list(
        c("1", "2", "3", "4", "5", "6", "7", "8", "9", "10", 
        "11", "12", "13", "14", "15", "16", "17", "18", "19", 
        "20", "21", "22", "23", "24", "25", "26", "27", "29", 
        "32", "36", "39")), .Names = ""), class = "table"), No.Tag = structure(c(0L, 
    0L, 0L, 0L, 0L, 0L, 4L, 67L, 0L, 0L, 0L, 0L, 52L, 0L, 0L, 
    0L, 0L, 8L, 0L, 0L), .Dim = 5:4, .Dimnames = structure(list(
        c("-2", "-1", "0", "1", NA), c("A", "C", "T", NA)), .Names = c("", 
    "")), class = "table"), All.Tags = list(Concordant = list(
        Freqs = structure(c(0, 0, 0, 0, 0, 7, 315, 0, 0, 1, 275, 
        1), .Dim = 4:3, .Dimnames = list(c("-2", "-1", "0", "1"
        ), c("A", "C", "T"))), N = 599), Majority = list(Freqs = structure(c(0, 
    0, 0, 0, 0, 7, 354, 0, 0, 1, 312, 1), .Dim = 4:3, .Dimnames = list(
        c("-2", "-1", "0", "1"), c("A", "C", "T"))), N = 675)), 
    `2` = structure(c(0, 0, 0, 0, 0, 3, 277, 0, 0, 0, 253, 0), .Dim = 4:3, .Dimnames = list(
        c("-2", "-1", "0", "1"), c("A", "C", "T"))))))
