Results <-
list(`bwaOutput/20210421msiMNRsJenny/242117_S13.sam` = list(GM07_SNP1 = list(
    All = list(Freqs = structure(c(0L, 16L, 333L, 1222L, 41L, 
    1L, 0L, 30L, 1L, 8L, 455L, 1115L, 22L, 0L, 1L, 36L, 0L, 0L, 
    0L, 1L, 0L, 0L, 0L, 0L, 0L, 0L, 7L, 49L, 0L, 0L, 0L, 0L), .Dim = c(8L, 
    4L), .Dimnames = structure(list(c("-3", "-2", "-1", "0", 
    "1", "2", "3", NA), c("A", "G", "T", NA)), .Names = c("", 
    "")), class = "table"), N = 3338L), Tag.Distribution = structure(c(`1` = 127L, 
    `2` = 62L, `3` = 51L, `4` = 57L, `5` = 42L, `6` = 40L, `7` = 28L, 
    `8` = 26L, `9` = 22L, `10` = 19L, `11` = 12L, `12` = 15L, 
    `13` = 4L, `14` = 13L, `15` = 13L, `16` = 4L, `17` = 6L, 
    `18` = 2L, `19` = 6L, `20` = 4L, `21` = 1L, `23` = 2L, `25` = 1L, 
    `26` = 3L, `27` = 1L, `30` = 1L), .Dim = 26L, .Dimnames = structure(list(
        c("1", "2", "3", "4", "5", "6", "7", "8", "9", "10", 
        "11", "12", "13", "14", "15", "16", "17", "18", "19", 
        "20", "21", "23", "25", "26", "27", "30")), .Names = ""), class = "table"), 
    No.Tag = structure(c(0L, 1L, 10L, 42L, 1L, 0L, 0L, 3L, 0L, 
    0L, 21L, 16L, 0L, 0L, 0L, 4L, 0L, 0L, 0L, 0L, 0L, 0L, 0L, 
    0L, 0L, 0L, 1L, 1L, 0L, 0L, 0L, 0L), .Dim = c(8L, 4L), .Dimnames = structure(list(
        c("-3", "-2", "-1", "0", "1", "2", "3", NA), c("A", "G", 
        "T", NA)), .Names = c("", "")), class = "table"), All.Tags = list(
        Concordant = list(Freqs = structure(c(0, 1, 41, 160, 
        1, 0, 0, 0, 1, 59, 144, 1, 0, 0, 0, 0, 0, 0, 0, 0, 0), .Dim = c(7L, 
        3L), .Dimnames = list(c("-3", "-2", "-1", "0", "1", "2", 
        "3"), c("A", "G", "T"))), N = 408), Majority = list(Freqs = structure(c(0, 
        2, 54, 210, 1, 0, 0, 0, 1, 74, 193, 1, 0, 0, 0, 0, 0, 
        0, 0, 0, 0), .Dim = c(7L, 3L), .Dimnames = list(c("-3", 
        "-2", "-1", "0", "1", "2", "3"), c("A", "G", "T"))), 
            N = 536)), `2` = structure(c(0, 2, 48, 167, 1, 0, 
    0, 0, 0, 64, 142, 0, 0, 0, 0, 0, 0, 0, 0, 0, 0), .Dim = c(7L, 
    3L), .Dimnames = list(c("-3", "-2", "-1", "0", "1", "2", 
    "3"), c("A", "G", "T"))))))
