Results <-
list(`bwaOutput/20210421msiMNRsJenny/242117_S13.sam` = list(IM49_SNP1 = list(
    All = list(Freqs = structure(c(33L, 570L, 435L, 2568L, 51L, 
    2L, 40L, 0L, 0L, 1L, 2L, 1L, 0L, 0L, 0L, 2L, 4L, 59L, 4L, 
    0L, 0L), .Dim = c(7L, 3L), .Dimnames = structure(list(c("-3", 
    "-2", "-1", "0", "1", "2", NA), c("C", "G", NA)), .Names = c("", 
    "")), class = "table"), N = 3772L), Tag.Distribution = structure(c(`1` = 152L, 
    `2` = 77L, `3` = 72L, `4` = 59L, `5` = 45L, `6` = 67L, `7` = 37L, 
    `8` = 24L, `9` = 26L, `10` = 23L, `11` = 8L, `12` = 12L, 
    `13` = 15L, `14` = 12L, `15` = 6L, `16` = 8L, `17` = 5L, 
    `18` = 10L, `19` = 1L, `20` = 4L, `21` = 1L, `22` = 3L, `24` = 1L, 
    `27` = 1L, `29` = 1L), .Dim = 25L, .Dimnames = structure(list(
        c("1", "2", "3", "4", "5", "6", "7", "8", "9", "10", 
        "11", "12", "13", "14", "15", "16", "17", "18", "19", 
        "20", "21", "22", "24", "27", "29")), .Names = ""), class = "table"), 
    No.Tag = structure(c(2L, 28L, 14L, 75L, 3L, 0L, 2L, 0L, 0L, 
    0L, 0L, 0L, 0L, 0L, 0L, 0L, 1L, 3L, 0L, 0L, 0L), .Dim = c(7L, 
    3L), .Dimnames = structure(list(c("-3", "-2", "-1", "0", 
    "1", "2", NA), c("C", "G", NA)), .Names = c("", "")), class = "table"), 
    All.Tags = list(Concordant = list(Freqs = structure(c(4, 
    82, 58, 371, 2, 0, 0, 0, 1, 2, 1, 0), .Dim = c(6L, 2L), .Dimnames = list(
        c("-3", "-2", "-1", "0", "1", "2"), c("C", "G"))), N = 521), 
        Majority = list(Freqs = structure(c(4, 99, 70, 462, 3, 
        0, 0, 0, 1, 2, 1, 0), .Dim = c(6L, 2L), .Dimnames = list(
            c("-3", "-2", "-1", "0", "1", "2"), c("C", "G"))), 
            N = 642)), `2` = structure(c(3, 78, 56, 370, 1, 0, 
    0, 0, 0, 0, 0, 0), .Dim = c(6L, 2L), .Dimnames = list(c("-3", 
    "-2", "-1", "0", "1", "2"), c("C", "G"))))))
