Results <-
list(`bwaOutput/20210421msiMNRsJenny/242117_S13.sam` = list(LR24_SNP1 = list(
    All = list(Freqs = structure(c(374L, 984L, 3917L, 10L, 20L, 
    0L, 2L, 8L, 0L, 0L, 0L, 2L, 34L, 2L, 0L), .Dim = c(5L, 3L
    ), .Dimnames = structure(list(c("-2", "-1", "0", "1", NA), 
        c("A", "G", NA)), .Names = c("", "")), class = "table"), 
        N = 5353L), Tag.Distribution = structure(c(`1` = 279L, 
    `2` = 162L, `3` = 138L, `4` = 107L, `5` = 86L, `6` = 61L, 
    `7` = 63L, `8` = 37L, `9` = 43L, `10` = 34L, `11` = 22L, 
    `12` = 18L, `13` = 12L, `14` = 17L, `15` = 4L, `16` = 5L, 
    `17` = 6L, `18` = 4L, `19` = 5L, `20` = 2L, `21` = 2L, `22` = 1L, 
    `24` = 1L, `27` = 2L), .Dim = 24L, .Dimnames = structure(list(
        c("1", "2", "3", "4", "5", "6", "7", "8", "9", "10", 
        "11", "12", "13", "14", "15", "16", "17", "18", "19", 
        "20", "21", "22", "24", "27")), .Names = ""), class = "table"), 
    No.Tag = structure(c(15L, 48L, 133L, 1L, 4L, 0L, 0L, 1L, 
    0L, 0L, 0L, 0L, 3L, 0L, 0L), .Dim = c(5L, 3L), .Dimnames = structure(list(
        c("-2", "-1", "0", "1", NA), c("A", "G", NA)), .Names = c("", 
    "")), class = "table"), All.Tags = list(Concordant = list(
        Freqs = structure(c(64, 169, 758, 0, 0, 1, 4, 0), .Dim = c(4L, 
        2L), .Dimnames = list(c("-2", "-1", "0", "1"), c("A", 
        "G"))), N = 996), Majority = list(Freqs = structure(c(72, 
    195, 811, 0, 0, 1, 5, 0), .Dim = c(4L, 2L), .Dimnames = list(
        c("-2", "-1", "0", "1"), c("A", "G"))), N = 1084)), `2` = structure(c(55, 
    150, 608, 0, 0, 0, 1, 0), .Dim = c(4L, 2L), .Dimnames = list(
        c("-2", "-1", "0", "1"), c("A", "G"))))))
