Results <-
list(`bwaOutput/20210421msiMNRsJenny/242117_S13.sam` = list(LR10_SNP1 = list(
    All = list(Freqs = structure(c(5L, 444L, 3819L, 26L, 1L, 
    12L, 0L, 0L, 12L, 0L, 0L, 1L, 0L, 6L, 61L, 1L, 0L, 0L), .Dim = c(6L, 
    3L), .Dimnames = structure(list(c("-2", "-1", "0", "1", "2", 
    NA), c("C", "T", NA)), .Names = c("", "")), class = "table"), 
        N = 4388L), Tag.Distribution = structure(c(`1` = 150L, 
    `2` = 71L, `3` = 60L, `4` = 57L, `5` = 44L, `6` = 39L, `7` = 40L, 
    `8` = 36L, `9` = 32L, `10` = 28L, `11` = 13L, `12` = 24L, 
    `13` = 18L, `14` = 18L, `15` = 13L, `16` = 3L, `17` = 5L, 
    `18` = 5L, `19` = 6L, `20` = 5L, `21` = 1L, `22` = 3L, `23` = 1L, 
    `24` = 2L, `25` = 1L, `27` = 1L, `30` = 2L, `32` = 2L, `34` = 1L
    ), .Dim = 29L, .Dimnames = structure(list(c("1", "2", "3", 
    "4", "5", "6", "7", "8", "9", "10", "11", "12", "13", "14", 
    "15", "16", "17", "18", "19", "20", "21", "22", "23", "24", 
    "25", "27", "30", "32", "34")), .Names = ""), class = "table"), 
    No.Tag = structure(c(0L, 13L, 158L, 1L, 0L, 2L, 0L, 0L, 1L, 
    0L, 0L, 1L, 0L, 1L, 4L, 0L, 0L, 0L), .Dim = c(6L, 3L), .Dimnames = structure(list(
        c("-2", "-1", "0", "1", "2", NA), c("C", "T", NA)), .Names = c("", 
    "")), class = "table"), All.Tags = list(Concordant = list(
        Freqs = structure(c(1, 56, 526, 0, 0, 0, 0, 4, 0, 0), .Dim = c(5L, 
        2L), .Dimnames = list(c("-2", "-1", "0", "1", "2"), c("C", 
        "T"))), N = 587), Majority = list(Freqs = structure(c(1, 
    61, 602, 0, 0, 0, 0, 4, 0, 0), .Dim = c(5L, 2L), .Dimnames = list(
        c("-2", "-1", "0", "1", "2"), c("C", "T"))), N = 668)), 
    `2` = structure(c(1, 47, 480, 0, 0, 0, 0, 0, 0, 0), .Dim = c(5L, 
    2L), .Dimnames = list(c("-2", "-1", "0", "1", "2"), c("C", 
    "T"))))))
