Results <-
list(`bwaOutput/20210421msiMNRsJenny/242117_S13.sam` = list(LR11_SNP1 = list(
    All = list(Freqs = structure(c(19L, 364L, 454L, 2468L, 31L, 
    15L, 0L, 1L, 56L, 2635L, 22L, 11L, 0L, 0L, 0L, 1L, 0L, 0L, 
    0L, 0L, 0L, 1L, 0L, 0L, 0L, 2L, 6L, 157L, 1L, 0L), .Dim = 6:5, .Dimnames = structure(list(
        c("-3", "-2", "-1", "0", "1", NA), c("A", "C", "G", "T", 
        NA)), .Names = c("", "")), class = "table"), N = 6244L), 
    Tag.Distribution = structure(c(`1` = 196L, `2` = 85L, `3` = 72L, 
    `4` = 58L, `5` = 63L, `6` = 69L, `7` = 58L, `8` = 46L, `9` = 58L, 
    `10` = 37L, `11` = 28L, `12` = 30L, `13` = 25L, `14` = 24L, 
    `15` = 16L, `16` = 14L, `17` = 11L, `18` = 7L, `19` = 9L, 
    `20` = 5L, `21` = 2L, `22` = 6L, `23` = 2L, `24` = 3L, `25` = 1L, 
    `26` = 2L, `27` = 2L, `31` = 1L, `33` = 1L, `35` = 1L), .Dim = 30L, .Dimnames = structure(list(
        c("1", "2", "3", "4", "5", "6", "7", "8", "9", "10", 
        "11", "12", "13", "14", "15", "16", "17", "18", "19", 
        "20", "21", "22", "23", "24", "25", "26", "27", "31", 
        "33", "35")), .Names = ""), class = "table"), No.Tag = structure(c(0L, 
    6L, 19L, 51L, 0L, 1L, 0L, 0L, 0L, 55L, 0L, 1L, 0L, 0L, 0L, 
    0L, 0L, 0L, 0L, 0L, 0L, 0L, 0L, 0L, 0L, 0L, 0L, 3L, 0L, 0L
    ), .Dim = 6:5, .Dimnames = structure(list(c("-3", "-2", "-1", 
    "0", "1", NA), c("A", "C", "G", "T", NA)), .Names = c("", 
    "")), class = "table"), All.Tags = list(Concordant = list(
        Freqs = structure(c(2, 42, 40, 290, 4, 0, 0, 4, 329, 
        4, 0, 0, 0, 0, 0, 0, 0, 0, 0, 0), .Dim = 5:4, .Dimnames = list(
            c("-3", "-2", "-1", "0", "1"), c("A", "C", "G", "T"
            ))), N = 715), Majority = list(Freqs = structure(c(2, 
    55, 56, 382, 5, 0, 0, 4, 399, 4, 0, 0, 0, 0, 0, 0, 0, 0, 
    0, 0), .Dim = 5:4, .Dimnames = list(c("-3", "-2", "-1", "0", 
    "1"), c("A", "C", "G", "T"))), N = 907)), `2` = structure(c(1, 
    47, 40, 306, 2, 0, 0, 3, 320, 0, 0, 0, 0, 0, 0, 0, 0, 0, 
    0, 0), .Dim = 5:4, .Dimnames = list(c("-3", "-2", "-1", "0", 
    "1"), c("A", "C", "G", "T"))))))
