Results <-
list(`bwaOutput/20210421msiMNRsJenny/242117_S13.sam` = list(LR40_SNP1 = list(
    All = list(Freqs = structure(c(554L, 3082L, 8L, 8L, 3L, 22L, 
    0L, 0L), .Dim = c(4L, 2L), .Dimnames = structure(list(c("-1", 
    "0", "1", NA), c("C", NA)), .Names = c("", "")), class = "table"), 
        N = 3677L), Tag.Distribution = structure(c(`1` = 112L, 
    `2` = 56L, `3` = 54L, `4` = 46L, `5` = 47L, `6` = 36L, `7` = 22L, 
    `8` = 30L, `9` = 22L, `10` = 21L, `11` = 14L, `12` = 12L, 
    `13` = 8L, `14` = 13L, `15` = 8L, `16` = 6L, `17` = 11L, 
    `18` = 8L, `19` = 4L, `20` = 4L, `22` = 2L, `23` = 4L, `25` = 3L, 
    `26` = 1L, `27` = 1L, `29` = 1L, `30` = 1L, `38` = 1L, `49` = 1L, 
    `62` = 1L), .Dim = 30L, .Dimnames = structure(list(c("1", 
    "2", "3", "4", "5", "6", "7", "8", "9", "10", "11", "12", 
    "13", "14", "15", "16", "17", "18", "19", "20", "22", "23", 
    "25", "26", "27", "29", "30", "38", "49", "62")), .Names = ""), class = "table"), 
    No.Tag = structure(c(18L, 74L, 0L, 1L, 0L, 2L, 0L, 0L), .Dim = c(4L, 
    2L), .Dimnames = structure(list(c("-1", "0", "1", NA), c("C", 
    NA)), .Names = c("", "")), class = "table"), All.Tags = list(
        Concordant = list(Freqs = structure(c(76, 412, 0), .Dim = c(3L, 
        1L), .Dimnames = list(c("-1", "0", "1"), "C")), N = 488), 
        Majority = list(Freqs = structure(c(83, 461, 0), .Dim = c(3L, 
        1L), .Dimnames = list(c("-1", "0", "1"), "C")), N = 544)), 
    `2` = structure(c(63, 373, 0), .Dim = c(3L, 1L), .Dimnames = list(
        c("-1", "0", "1"), "C")))))
