Results <-
list(`bwaOutput/20210421msiMNRsJenny/242117_S13.sam` = list(LR52_SNP1 = list(
    All = list(Freqs = structure(c(0L, 0L, 0L, 0L, 0L, 1L, 0L, 
    0L, 0L, 1L, 28L, 255L, 238L, 158L, 1387L, 8L, 0L, 21L, 0L, 
    15L, 359L, 9L, 110L, 1194L, 13L, 1L, 20L, 0L, 0L, 1L, 8L, 
    4L, 401L, 5L, 0L, 0L), .Dim = c(9L, 4L), .Dimnames = structure(list(
        c("-5", "-4", "-3", "-2", "-1", "0", "1", "2", NA), c("A", 
        "C", "T", NA)), .Names = c("", "")), class = "table"), 
        N = 4237L), Tag.Distribution = structure(c(`1` = 90L, 
    `2` = 37L, `3` = 54L, `4` = 47L, `5` = 46L, `6` = 37L, `7` = 33L, 
    `8` = 23L, `9` = 22L, `10` = 17L, `11` = 27L, `12` = 12L, 
    `13` = 15L, `14` = 21L, `15` = 22L, `16` = 7L, `17` = 11L, 
    `18` = 6L, `19` = 4L, `20` = 8L, `21` = 3L, `22` = 1L, `23` = 2L, 
    `24` = 2L, `25` = 1L, `26` = 2L, `27` = 1L, `28` = 1L, `29` = 3L, 
    `30` = 1L, `33` = 1L, `34` = 1L), .Dim = 32L, .Dimnames = structure(list(
        c("1", "2", "3", "4", "5", "6", "7", "8", "9", "10", 
        "11", "12", "13", "14", "15", "16", "17", "18", "19", 
        "20", "21", "22", "23", "24", "25", "26", "27", "28", 
        "29", "30", "33", "34")), .Names = ""), class = "table"), 
    No.Tag = structure(c(0L, 0L, 0L, 0L, 0L, 0L, 0L, 0L, 0L, 
    0L, 0L, 3L, 3L, 4L, 43L, 0L, 0L, 2L, 0L, 0L, 8L, 0L, 0L, 
    11L, 1L, 0L, 0L, 0L, 0L, 0L, 0L, 0L, 14L, 1L, 0L, 0L), .Dim = c(9L, 
    4L), .Dimnames = structure(list(c("-5", "-4", "-3", "-2", 
    "-1", "0", "1", "2", NA), c("A", "C", "T", NA)), .Names = c("", 
    "")), class = "table"), All.Tags = list(Concordant = list(
        Freqs = structure(c(0, 0, 0, 0, 0, 0, 0, 0, 1, 1, 25, 
        17, 5, 135, 0, 0, 0, 2, 41, 0, 4, 105, 0, 0), .Dim = c(8L, 
        3L), .Dimnames = list(c("-5", "-4", "-3", "-2", "-1", 
        "0", "1", "2"), c("A", "C", "T"))), N = 336), Majority = list(
        Freqs = structure(c(0, 0, 0, 0, 0, 0, 0, 0, 1, 3, 31, 
        27, 6, 221, 0, 0, 0, 2, 49, 0, 4, 184, 0, 0), .Dim = c(8L, 
        3L), .Dimnames = list(c("-5", "-4", "-3", "-2", "-1", 
        "0", "1", "2"), c("A", "C", "T"))), N = 528)), `2` = structure(c(0, 
    0, 0, 0, 0, 0, 0, 0, 0, 3, 27, 24, 1, 198, 0, 0, 0, 0, 42, 
    0, 1, 156, 0, 0), .Dim = c(8L, 3L), .Dimnames = list(c("-5", 
    "-4", "-3", "-2", "-1", "0", "1", "2"), c("A", "C", "T"))))))
