Results <-
list(`bwaOutput/20210421msiMNRsJenny/242117_S13.sam` = list(GM14_SNP1 = list(
    All = list(Freqs = structure(c(31L, 234L, 307L, 1670L, 15L, 
    1L, 9L, 0L, 13L, 442L, 1326L, 10L, 0L, 5L, 0L, 1L, 4L, 44L, 
    0L, 0L, 0L), .Dim = c(7L, 3L), .Dimnames = structure(list(
        c("-3", "-2", "-1", "0", "1", "2", NA), c("C", "T", NA
        )), .Names = c("", "")), class = "table"), N = 4112L), 
    Tag.Distribution = structure(c(`1` = 120L, `2` = 53L, `3` = 39L, 
    `4` = 55L, `5` = 55L, `6` = 32L, `7` = 36L, `8` = 33L, `9` = 17L, 
    `10` = 28L, `11` = 20L, `12` = 29L, `13` = 22L, `14` = 10L, 
    `15` = 10L, `16` = 10L, `17` = 11L, `18` = 6L, `19` = 5L, 
    `20` = 2L, `21` = 2L, `22` = 1L, `23` = 4L, `25` = 3L, `27` = 1L, 
    `29` = 1L, `31` = 1L), .Dim = 27L, .Dimnames = structure(list(
        c("1", "2", "3", "4", "5", "6", "7", "8", "9", "10", 
        "11", "12", "13", "14", "15", "16", "17", "18", "19", 
        "20", "21", "22", "23", "25", "27", "29", "31")), .Names = ""), class = "table"), 
    No.Tag = structure(c(0L, 7L, 9L, 35L, 0L, 0L, 1L, 0L, 0L, 
    7L, 16L, 1L, 0L, 0L, 0L, 0L, 2L, 3L, 0L, 0L, 0L), .Dim = c(7L, 
    3L), .Dimnames = structure(list(c("-3", "-2", "-1", "0", 
    "1", "2", NA), c("C", "T", NA)), .Names = c("", "")), class = "table"), 
    All.Tags = list(Concordant = list(Freqs = structure(c(4, 
    32, 37, 191, 0, 0, 0, 1, 53, 158, 0, 0), .Dim = c(6L, 2L), .Dimnames = list(
        c("-3", "-2", "-1", "0", "1", "2"), c("C", "T"))), N = 476), 
        Majority = list(Freqs = structure(c(5, 34, 45, 247, 0, 
        0, 0, 1, 62, 201, 0, 0), .Dim = c(6L, 2L), .Dimnames = list(
            c("-3", "-2", "-1", "0", "1", "2"), c("C", "T"))), 
            N = 595)), `2` = structure(c(5, 29, 29, 200, 0, 0, 
    0, 1, 47, 167, 0, 0), .Dim = c(6L, 2L), .Dimnames = list(
        c("-3", "-2", "-1", "0", "1", "2"), c("C", "T"))))))
