Results <-
list(`bwaOutput/20210421msiMNRsJenny/242117_S13.sam` = list(LR44_SNP1 = list(
    All = list(Freqs = structure(c(32L, 449L, 346L, 1637L, 26L, 
    15L, 0L, 0L, 0L, 1L, 0L, 0L, 0L, 0L, 11L, 24L, 0L, 0L, 0L, 
    5L, 5L, 58L, 1L, 0L), .Dim = c(6L, 4L), .Dimnames = structure(list(
        c("-3", "-2", "-1", "0", "1", NA), c("C", "G", "T", NA
        )), .Names = c("", "")), class = "table"), N = 2610L), 
    Tag.Distribution = structure(c(`1` = 87L, `2` = 52L, `3` = 46L, 
    `4` = 39L, `5` = 25L, `6` = 30L, `7` = 23L, `8` = 26L, `9` = 17L, 
    `10` = 16L, `11` = 10L, `12` = 15L, `13` = 10L, `14` = 10L, 
    `15` = 9L, `16` = 7L, `17` = 2L, `18` = 2L, `20` = 4L, `21` = 1L, 
    `22` = 3L, `23` = 1L), .Dim = 22L, .Dimnames = structure(list(
        c("1", "2", "3", "4", "5", "6", "7", "8", "9", "10", 
        "11", "12", "13", "14", "15", "16", "17", "18", "20", 
        "21", "22", "23")), .Names = ""), class = "table"), No.Tag = structure(c(10L, 
    14L, 8L, 33L, 0L, 2L, 0L, 0L, 0L, 0L, 0L, 0L, 0L, 0L, 0L, 
    1L, 0L, 0L, 0L, 0L, 0L, 3L, 0L, 0L), .Dim = c(6L, 4L), .Dimnames = structure(list(
        c("-3", "-2", "-1", "0", "1", NA), c("C", "G", "T", NA
        )), .Names = c("", "")), class = "table"), All.Tags = list(
        Concordant = list(Freqs = structure(c(5, 70, 35, 194, 
        1, 0, 0, 0, 1, 0, 0, 0, 2, 8, 0), .Dim = c(5L, 3L), .Dimnames = list(
            c("-3", "-2", "-1", "0", "1"), c("C", "G", "T"))), 
            N = 316), Majority = list(Freqs = structure(c(5, 
        79, 46, 273, 2, 0, 0, 0, 1, 0, 0, 0, 2, 9, 0), .Dim = c(5L, 
        3L), .Dimnames = list(c("-3", "-2", "-1", "0", "1"), 
            c("C", "G", "T"))), N = 417)), `2` = structure(c(2, 
    65, 35, 229, 1, 0, 0, 0, 0, 0, 0, 0, 1, 4, 0), .Dim = c(5L, 
    3L), .Dimnames = list(c("-3", "-2", "-1", "0", "1"), c("C", 
    "G", "T"))))))
