Results <-
list(`bwaOutput/20210421msiMNRsJenny/242117_S13.sam` = list(GM11_SNP1 = list(
    All = list(Freqs = structure(c(0L, 0L, 0L, 1L, 0L, 63L, 2757L, 
    47L, 1L, 2L, 0L, 2L, 0L, 0L, 0L, 0L, 17L, 1L, 0L, 0L), .Dim = 5:4, .Dimnames = structure(list(
        c("-1", "0", "1", "2", NA), c("-", "A", "G", NA)), .Names = c("", 
    "")), class = "table"), N = 2891L), Tag.Distribution = structure(c(`1` = 99L, 
    `2` = 38L, `3` = 47L, `4` = 40L, `5` = 32L, `6` = 40L, `7` = 25L, 
    `8` = 28L, `9` = 16L, `10` = 16L, `11` = 9L, `12` = 7L, `13` = 7L, 
    `14` = 10L, `15` = 8L, `16` = 8L, `17` = 1L, `18` = 4L, `19` = 5L, 
    `20` = 4L, `22` = 3L, `23` = 2L, `24` = 3L, `25` = 2L, `26` = 1L, 
    `29` = 1L, `35` = 1L), .Dim = 27L, .Dimnames = structure(list(
        c("1", "2", "3", "4", "5", "6", "7", "8", "9", "10", 
        "11", "12", "13", "14", "15", "16", "17", "18", "19", 
        "20", "22", "23", "24", "25", "26", "29", "35")), .Names = ""), class = "table"), 
    No.Tag = structure(c(0L, 0L, 0L, 0L, 0L, 1L, 61L, 0L, 0L, 
    0L, 0L, 0L, 0L, 0L, 0L, 0L, 0L, 0L, 0L, 0L), .Dim = 5:4, .Dimnames = structure(list(
        c("-1", "0", "1", "2", NA), c("-", "A", "G", NA)), .Names = c("", 
    "")), class = "table"), All.Tags = list(Concordant = list(
        Freqs = structure(c(0, 0, 0, 0, 11, 422, 2, 0, 0, 1, 
        0, 0), .Dim = 4:3, .Dimnames = list(c("-1", "0", "1", 
        "2"), c("-", "A", "G"))), N = 436), Majority = list(Freqs = structure(c(0, 
    0, 0, 0, 12, 439, 4, 0, 0, 1, 0, 0), .Dim = 4:3, .Dimnames = list(
        c("-1", "0", "1", "2"), c("-", "A", "G"))), N = 456)), 
    `2` = structure(c(0, 0, 0, 0, 12, 342, 4, 0, 0, 0, 0, 0), .Dim = 4:3, .Dimnames = list(
        c("-1", "0", "1", "2"), c("-", "A", "G"))))))
