Results <-
list(`bwaOutput/20210421msiMNRsJenny/242117_S13.sam` = list(IM16_SNP1 = list(
    All = list(Freqs = structure(c(4L, 1027L, 2975L, 43L, 1L, 
    20L, 0L, 0L, 5L, 0L, 0L, 0L, 0L, 7L, 29L, 1L, 0L, 0L), .Dim = c(6L, 
    3L), .Dimnames = structure(list(c("-2", "-1", "0", "1", "2", 
    NA), c("A", "G", NA)), .Names = c("", "")), class = "table"), 
        N = 4112L), Tag.Distribution = structure(c(`1` = 120L, 
    `2` = 59L, `3` = 51L, `4` = 51L, `5` = 40L, `6` = 26L, `7` = 36L, 
    `8` = 30L, `9` = 30L, `10` = 16L, `11` = 16L, `12` = 13L, 
    `13` = 12L, `14` = 14L, `15` = 10L, `16` = 6L, `17` = 14L, 
    `18` = 12L, `19` = 6L, `20` = 4L, `21` = 2L, `22` = 1L, `23` = 3L, 
    `24` = 1L, `25` = 2L, `26` = 3L, `27` = 1L, `30` = 1L, `32` = 1L, 
    `34` = 1L, `37` = 1L, `39` = 1L), .Dim = 32L, .Dimnames = structure(list(
        c("1", "2", "3", "4", "5", "6", "7", "8", "9", "10", 
        "11", "12", "13", "14", "15", "16", "17", "18", "19", 
        "20", "21", "22", "23", "24", "25", "26", "27", "30", 
        "32", "34", "37", "39")), .Names = ""), class = "table"), 
    No.Tag = structure(c(0L, 32L, 132L, 0L, 0L, 3L, 0L, 0L, 2L, 
    0L, 0L, 0L, 0L, 2L, 5L, 1L, 0L, 0L), .Dim = c(6L, 3L), .Dimnames = structure(list(
        c("-2", "-1", "0", "1", "2", NA), c("A", "G", NA)), .Names = c("", 
    "")), class = "table"), All.Tags = list(Concordant = list(
        Freqs = structure(c(1, 114, 383, 0, 0, 0, 0, 2, 0, 0), .Dim = c(5L, 
        2L), .Dimnames = list(c("-2", "-1", "0", "1", "2"), c("A", 
        "G"))), N = 500), Majority = list(Freqs = structure(c(1, 
    133, 439, 1, 0, 0, 0, 2, 0, 0), .Dim = c(5L, 2L), .Dimnames = list(
        c("-2", "-1", "0", "1", "2"), c("A", "G"))), N = 576)), 
    `2` = structure(c(0, 111, 347, 1, 0, 0, 0, 0, 0, 0), .Dim = c(5L, 
    2L), .Dimnames = list(c("-2", "-1", "0", "1", "2"), c("A", 
    "G"))))))
