Results <-
list(`bwaOutput/20210421msiMNRsJenny/242117_S13.sam` = list(LR20_SNP1 = list(
    All = list(Freqs = structure(c(0L, 0L, 7L, 0L, 1L, 2L, 769L, 
    3135L, 9L, 10L, 0L, 0L, 1L, 0L, 0L, 0L, 7L, 47L, 1L, 0L), .Dim = 5:4, .Dimnames = structure(list(
        c("-2", "-1", "0", "1", NA), c("A", "G", "T", NA)), .Names = c("", 
    "")), class = "table"), N = 3989L), Tag.Distribution = structure(c(`1` = 126L, 
    `2` = 78L, `3` = 50L, `4` = 43L, `5` = 36L, `6` = 44L, `7` = 42L, 
    `8` = 25L, `9` = 20L, `10` = 21L, `11` = 22L, `12` = 14L, 
    `13` = 12L, `14` = 12L, `15` = 8L, `16` = 9L, `17` = 10L, 
    `18` = 7L, `19` = 4L, `20` = 6L, `21` = 2L, `22` = 2L, `23` = 2L, 
    `25` = 2L, `28` = 5L, `32` = 1L, `36` = 2L), .Dim = 27L, .Dimnames = structure(list(
        c("1", "2", "3", "4", "5", "6", "7", "8", "9", "10", 
        "11", "12", "13", "14", "15", "16", "17", "18", "19", 
        "20", "21", "22", "23", "25", "28", "32", "36")), .Names = ""), class = "table"), 
    No.Tag = structure(c(0L, 0L, 0L, 0L, 0L, 0L, 19L, 113L, 0L, 
    2L, 0L, 0L, 0L, 0L, 0L, 0L, 2L, 5L, 0L, 0L), .Dim = 5:4, .Dimnames = structure(list(
        c("-2", "-1", "0", "1", NA), c("A", "G", "T", NA)), .Names = c("", 
    "")), class = "table"), All.Tags = list(Concordant = list(
        Freqs = structure(c(0, 0, 5, 0, 1, 84, 471, 0, 0, 0, 
        0, 0), .Dim = 4:3, .Dimnames = list(c("-2", "-1", "0", 
        "1"), c("A", "G", "T"))), N = 561), Majority = list(Freqs = structure(c(0, 
    0, 5, 0, 1, 99, 488, 0, 0, 0, 0, 0), .Dim = 4:3, .Dimnames = list(
        c("-2", "-1", "0", "1"), c("A", "G", "T"))), N = 593)), 
    `2` = structure(c(0, 0, 0, 0, 0, 83, 391, 0, 0, 0, 0, 0), .Dim = 4:3, .Dimnames = list(
        c("-2", "-1", "0", "1"), c("A", "G", "T"))))))
