Results <-
list(`bwaOutput/20210421msiMNRsJenny/242117_S13.sam` = list(LR48_SNP1 = list(
    All = list(Freqs = structure(c(0L, 0L, 1L, 0L, 0L, 0L, 78L, 
    1275L, 2997L, 37L, 1L, 40L, 0L, 1L, 8L, 0L, 0L, 0L, 1L, 12L, 
    80L, 1L, 0L, 0L), .Dim = c(6L, 4L), .Dimnames = structure(list(
        c("-2", "-1", "0", "1", "2", NA), c("A", "C", "T", NA
        )), .Names = c("", "")), class = "table"), N = 4532L), 
    Tag.Distribution = structure(c(`1` = 114L, `2` = 50L, `3` = 46L, 
    `4` = 34L, `5` = 29L, `6` = 29L, `7` = 22L, `8` = 29L, `9` = 24L, 
    `10` = 23L, `11` = 23L, `12` = 14L, `13` = 20L, `14` = 15L, 
    `15` = 8L, `16` = 13L, `17` = 7L, `18` = 10L, `19` = 10L, 
    `20` = 8L, `21` = 2L, `23` = 6L, `24` = 7L, `25` = 3L, `26` = 3L, 
    `27` = 2L, `28` = 1L, `30` = 5L, `33` = 1L, `36` = 1L, `41` = 1L, 
    `44` = 1L), .Dim = 32L, .Dimnames = structure(list(c("1", 
    "2", "3", "4", "5", "6", "7", "8", "9", "10", "11", "12", 
    "13", "14", "15", "16", "17", "18", "19", "20", "21", "23", 
    "24", "25", "26", "27", "28", "30", "33", "36", "41", "44"
    )), .Names = ""), class = "table"), No.Tag = structure(c(0L, 
    0L, 0L, 0L, 0L, 0L, 4L, 52L, 69L, 0L, 0L, 2L, 0L, 0L, 0L, 
    0L, 0L, 0L, 0L, 2L, 9L, 0L, 0L, 0L), .Dim = c(6L, 4L), .Dimnames = structure(list(
        c("-2", "-1", "0", "1", "2", NA), c("A", "C", "T", NA
        )), .Names = c("", "")), class = "table"), All.Tags = list(
        Concordant = list(Freqs = structure(c(0, 0, 0, 0, 0, 
        6, 111, 310, 2, 0, 0, 1, 2, 0, 0), .Dim = c(5L, 3L), .Dimnames = list(
            c("-2", "-1", "0", "1", "2"), c("A", "C", "T"))), 
            N = 432), Majority = list(Freqs = structure(c(0, 
        0, 0, 0, 0, 7, 140, 396, 2, 0, 0, 1, 2, 0, 0), .Dim = c(5L, 
        3L), .Dimnames = list(c("-2", "-1", "0", "1", "2"), c("A", 
        "C", "T"))), N = 548)), `2` = structure(c(0, 0, 0, 0, 
    0, 6, 114, 321, 0, 0, 0, 0, 1, 0, 0), .Dim = c(5L, 3L), .Dimnames = list(
        c("-2", "-1", "0", "1", "2"), c("A", "C", "T"))))))
