Results <-
list(`bwaOutput/20210421msiMNRsJenny/242117_S13.sam` = list(GM01_SNP1 = list(
    All = list(Freqs = structure(c(0L, 0L, 1L, 0L, 0L, 5L, 1000L, 
    5632L, 19L, 19L, 0L, 0L, 20L, 0L, 0L, 0L, 7L, 62L, 1L, 0L
    ), .Dim = 5:4, .Dimnames = structure(list(c("-2", "-1", "0", 
    "1", NA), c("-", "A", "G", NA)), .Names = c("", "")), class = "table"), 
        N = 6766L), Tag.Distribution = structure(c(`1` = 180L, 
    `2` = 99L, `3` = 69L, `4` = 69L, `5` = 61L, `6` = 72L, `7` = 50L, 
    `8` = 46L, `9` = 47L, `10` = 42L, `11` = 41L, `12` = 21L, 
    `13` = 26L, `14` = 32L, `15` = 23L, `16` = 16L, `17` = 11L, 
    `18` = 11L, `19` = 5L, `20` = 6L, `21` = 4L, `22` = 5L, `23` = 7L, 
    `24` = 5L, `25` = 2L, `26` = 1L, `29` = 1L, `30` = 2L, `31` = 1L, 
    `32` = 1L, `33` = 1L, `35` = 1L), .Dim = 32L, .Dimnames = structure(list(
        c("1", "2", "3", "4", "5", "6", "7", "8", "9", "10", 
        "11", "12", "13", "14", "15", "16", "17", "18", "19", 
        "20", "21", "22", "23", "24", "25", "26", "29", "30", 
        "31", "32", "33", "35")), .Names = ""), class = "table"), 
    No.Tag = structure(c(0L, 0L, 1L, 0L, 0L, 0L, 10L, 131L, 0L, 
    3L, 0L, 0L, 0L, 0L, 0L, 0L, 0L, 1L, 0L, 0L), .Dim = 5:4, .Dimnames = structure(list(
        c("-2", "-1", "0", "1", NA), c("-", "A", "G", NA)), .Names = c("", 
    "")), class = "table"), All.Tags = list(Concordant = list(
        Freqs = structure(c(0, 0, 0, 0, 0, 106, 710, 0, 0, 0, 
        3, 0), .Dim = 4:3, .Dimnames = list(c("-2", "-1", "0", 
        "1"), c("-", "A", "G"))), N = 819), Majority = list(Freqs = structure(c(0, 
    0, 0, 0, 0, 125, 812, 0, 0, 0, 3, 0), .Dim = 4:3, .Dimnames = list(
        c("-2", "-1", "0", "1"), c("-", "A", "G"))), N = 940)), 
    `2` = structure(c(0, 0, 0, 0, 0, 102, 664, 0, 0, 0, 1, 0), .Dim = 4:3, .Dimnames = list(
        c("-2", "-1", "0", "1"), c("-", "A", "G"))))))
