Results <-
list(`bwaOutput/20210421msiMNRsJenny/242117_S13.sam` = list(GM09_SNP1 = list(
    All = list(Freqs = structure(c(30L, 3333L, 0L, 2L, 33L, 2798L, 
    11L, 0L, 0L, 34L, 0L, 0L), .Dim = 4:3, .Dimnames = structure(list(
        c("-1", "0", "1", NA), c("A", "G", NA)), .Names = c("", 
    "")), class = "table"), N = 6241L), Tag.Distribution = structure(c(`1` = 168L, 
    `2` = 95L, `3` = 88L, `4` = 67L, `5` = 75L, `6` = 47L, `7` = 50L, 
    `8` = 43L, `9` = 36L, `10` = 25L, `11` = 30L, `12` = 27L, 
    `13` = 28L, `14` = 18L, `15` = 21L, `16` = 19L, `17` = 5L, 
    `18` = 10L, `19` = 7L, `20` = 9L, `21` = 8L, `22` = 9L, `23` = 1L, 
    `24` = 7L, `25` = 1L, `26` = 2L, `27` = 1L, `31` = 1L, `34` = 1L, 
    `37` = 1L, `41` = 1L), .Dim = 31L, .Dimnames = structure(list(
        c("1", "2", "3", "4", "5", "6", "7", "8", "9", "10", 
        "11", "12", "13", "14", "15", "16", "17", "18", "19", 
        "20", "21", "22", "23", "24", "25", "26", "27", "31", 
        "34", "37", "41")), .Names = ""), class = "table"), No.Tag = structure(c(2L, 
    108L, 0L, 0L, 0L, 42L, 0L, 0L, 0L, 3L, 0L, 0L), .Dim = 4:3, .Dimnames = structure(list(
        c("-1", "0", "1", NA), c("A", "G", NA)), .Names = c("", 
    "")), class = "table"), All.Tags = list(Concordant = list(
        Freqs = structure(c(1, 419, 0, 1, 356, 1), .Dim = 3:2, .Dimnames = list(
            c("-1", "0", "1"), c("A", "G"))), N = 778), Majority = list(
        Freqs = structure(c(1, 471, 0, 2, 406, 1), .Dim = 3:2, .Dimnames = list(
            c("-1", "0", "1"), c("A", "G"))), N = 881)), `2` = structure(c(1, 
    391, 0, 2, 328, 1), .Dim = 3:2, .Dimnames = list(c("-1", 
    "0", "1"), c("A", "G"))))))
