Results <-
list(`bwaOutput/20210421msiMNRsJenny/242117_S13.sam` = list(LR49_SNP1 = list(
    All = list(Freqs = structure(c(0L, 31L, 2428L, 7L, 2L, 62L, 
    643L, 1680L, 0L, 12L, 0L, 1L, 0L, 0L, 0L, 0L, 9L, 71L, 0L, 
    0L), .Dim = 5:4, .Dimnames = structure(list(c("-2", "-1", 
    "0", "1", NA), c("A", "G", "T", NA)), .Names = c("", "")), class = "table"), 
        N = 4946L), Tag.Distribution = structure(c(`1` = 198L, 
    `2` = 103L, `3` = 76L, `4` = 72L, `5` = 58L, `6` = 64L, `7` = 47L, 
    `8` = 27L, `9` = 29L, `10` = 24L, `11` = 27L, `12` = 14L, 
    `13` = 16L, `14` = 13L, `15` = 16L, `16` = 8L, `17` = 9L, 
    `18` = 4L, `19` = 3L, `20` = 7L, `21` = 5L, `22` = 4L, `23` = 3L, 
    `26` = 1L, `27` = 1L, `29` = 1L, `30` = 2L, `33` = 1L), .Dim = 28L, .Dimnames = structure(list(
        c("1", "2", "3", "4", "5", "6", "7", "8", "9", "10", 
        "11", "12", "13", "14", "15", "16", "17", "18", "19", 
        "20", "21", "22", "23", "26", "27", "29", "30", "33")), .Names = ""), class = "table"), 
    No.Tag = structure(c(0L, 1L, 100L, 1L, 0L, 0L, 16L, 98L, 
    0L, 0L, 0L, 0L, 0L, 0L, 0L, 0L, 0L, 8L, 0L, 0L), .Dim = 5:4, .Dimnames = structure(list(
        c("-2", "-1", "0", "1", NA), c("A", "G", "T", NA)), .Names = c("", 
    "")), class = "table"), All.Tags = list(Concordant = list(
        Freqs = structure(c(0, 4, 357, 0, 7, 87, 251, 0, 0, 0, 
        0, 0), .Dim = 4:3, .Dimnames = list(c("-2", "-1", "0", 
        "1"), c("A", "G", "T"))), N = 706), Majority = list(Freqs = structure(c(0, 
    4, 401, 0, 9, 102, 289, 0, 0, 0, 0, 0), .Dim = 4:3, .Dimnames = list(
        c("-2", "-1", "0", "1"), c("A", "G", "T"))), N = 805)), 
    `2` = structure(c(0, 3, 317, 0, 8, 77, 218, 0, 0, 0, 0, 0
    ), .Dim = 4:3, .Dimnames = list(c("-2", "-1", "0", "1"), 
        c("A", "G", "T"))))))
