Results <-
list(`bwaOutput/20210421msiMNRsJenny/245836_S16.sam` = list(LR40_SNP1 = list(
    All = list(Freqs = structure(c(0L, 0L, 1L, 0L, 0L, 1L, 649L, 
    4342L, 14L, 10L, 0L, 0L, 2L, 0L, 0L, 0L, 3L, 36L, 0L, 0L), .Dim = 5:4, .Dimnames = structure(list(
        c("-2", "-1", "0", "1", NA), c("A", "C", "G", NA)), .Names = c("", 
    "")), class = "table"), N = 5058L), Tag.Distribution = structure(c(`1` = 105L, 
    `2` = 29L, `3` = 26L, `4` = 18L, `5` = 23L, `6` = 16L, `7` = 14L, 
    `8` = 9L, `9` = 18L, `10` = 12L, `11` = 11L, `12` = 11L, 
    `13` = 7L, `14` = 9L, `15` = 11L, `16` = 5L, `17` = 7L, `18` = 8L, 
    `19` = 7L, `20` = 6L, `21` = 3L, `22` = 4L, `23` = 3L, `24` = 6L, 
    `25` = 1L, `26` = 7L, `27` = 4L, `28` = 4L, `29` = 3L, `30` = 2L, 
    `31` = 5L, `32` = 4L, `33` = 2L, `34` = 2L, `35` = 2L, `36` = 1L, 
    `37` = 2L, `38` = 4L, `39` = 2L, `40` = 2L, `42` = 1L, `43` = 1L, 
    `44` = 1L, `45` = 3L, `46` = 3L, `47` = 6L, `49` = 1L, `52` = 2L, 
    `57` = 1L), .Dim = 49L, .Dimnames = structure(list(c("1", 
    "2", "3", "4", "5", "6", "7", "8", "9", "10", "11", "12", 
    "13", "14", "15", "16", "17", "18", "19", "20", "21", "22", 
    "23", "24", "25", "26", "27", "28", "29", "30", "31", "32", 
    "33", "34", "35", "36", "37", "38", "39", "40", "42", "43", 
    "44", "45", "46", "47", "49", "52", "57")), .Names = ""), class = "table"), 
    No.Tag = structure(c(0L, 0L, 0L, 0L, 0L, 0L, 19L, 82L, 1L, 
    1L, 0L, 0L, 0L, 0L, 0L, 0L, 1L, 8L, 0L, 0L), .Dim = 5:4, .Dimnames = structure(list(
        c("-2", "-1", "0", "1", NA), c("A", "C", "G", NA)), .Names = c("", 
    "")), class = "table"), All.Tags = list(Concordant = list(
        Freqs = structure(c(0, 0, 0, 0, 0, 44, 339, 0, 0, 0, 
        0, 0), .Dim = 4:3, .Dimnames = list(c("-2", "-1", "0", 
        "1"), c("A", "C", "G"))), N = 383), Majority = list(Freqs = structure(c(0, 
    0, 0, 0, 0, 50, 377, 0, 0, 0, 0, 0), .Dim = 4:3, .Dimnames = list(
        c("-2", "-1", "0", "1"), c("A", "C", "G"))), N = 427)), 
    `2` = structure(c(0, 0, 0, 0, 0, 37, 289, 0, 0, 0, 0, 0), .Dim = 4:3, .Dimnames = list(
        c("-2", "-1", "0", "1"), c("A", "C", "G"))))))
