Results <-
list(`bwaOutput/20210421msiMNRsJenny/245838_S33.sam` = list(GM22_SNP1 = list(
    All = list(Freqs = structure(c(8L, 801L, 8851L, 38L, 2L, 
    42L, 0L, 0L, 5L, 0L, 0L, 0L, 0L, 1L, 0L, 0L, 0L, 0L, 0L, 
    7L, 142L, 2L, 0L, 0L), .Dim = c(6L, 4L), .Dimnames = structure(list(
        c("-2", "-1", "0", "1", "2", NA), c("A", "G", "T", NA
        )), .Names = c("", "")), class = "table"), N = 9899L), 
    Tag.Distribution = structure(c(`1` = 209L, `2` = 38L, `3` = 41L, 
    `4` = 35L, `5` = 44L, `6` = 30L, `7` = 29L, `8` = 18L, `9` = 24L, 
    `10` = 27L, `11` = 19L, `12` = 21L, `13` = 9L, `14` = 17L, 
    `15` = 15L, `16` = 13L, `17` = 12L, `18` = 11L, `19` = 10L, 
    `20` = 21L, `21` = 11L, `22` = 8L, `23` = 10L, `24` = 9L, 
    `25` = 7L, `26` = 7L, `27` = 5L, `28` = 7L, `29` = 5L, `30` = 4L, 
    `31` = 9L, `32` = 6L, `33` = 10L, `34` = 7L, `35` = 6L, `36` = 8L, 
    `37` = 2L, `38` = 7L, `39` = 6L, `40` = 2L, `41` = 4L, `42` = 1L, 
    `43` = 1L, `44` = 2L, `45` = 1L, `46` = 5L, `47` = 2L, `48` = 1L, 
    `49` = 3L, `51` = 1L, `53` = 2L, `54` = 3L, `57` = 1L, `59` = 1L, 
    `61` = 1L, `66` = 2L), .Dim = 56L, .Dimnames = structure(list(
        c("1", "2", "3", "4", "5", "6", "7", "8", "9", "10", 
        "11", "12", "13", "14", "15", "16", "17", "18", "19", 
        "20", "21", "22", "23", "24", "25", "26", "27", "28", 
        "29", "30", "31", "32", "33", "34", "35", "36", "37", 
        "38", "39", "40", "41", "42", "43", "44", "45", "46", 
        "47", "48", "49", "51", "53", "54", "57", "59", "61", 
        "66")), .Names = ""), class = "table"), No.Tag = structure(c(0L, 
    20L, 283L, 1L, 0L, 10L, 0L, 0L, 0L, 0L, 0L, 0L, 0L, 0L, 0L, 
    0L, 0L, 0L, 0L, 1L, 16L, 0L, 0L, 0L), .Dim = c(6L, 4L), .Dimnames = structure(list(
        c("-2", "-1", "0", "1", "2", NA), c("A", "G", "T", NA
        )), .Names = c("", "")), class = "table"), All.Tags = list(
        Concordant = list(Freqs = structure(c(0, 44, 604, 0, 
        0, 0, 0, 3, 0, 0, 0, 0, 0, 0, 0), .Dim = c(5L, 3L), .Dimnames = list(
            c("-2", "-1", "0", "1", "2"), c("A", "G", "T"))), 
            N = 651), Majority = list(Freqs = structure(c(0, 
        53, 725, 0, 0, 0, 0, 3, 0, 0, 0, 0, 0, 0, 0), .Dim = c(5L, 
        3L), .Dimnames = list(c("-2", "-1", "0", "1", "2"), c("A", 
        "G", "T"))), N = 781)), `2` = structure(c(0, 42, 553, 
    0, 0, 0, 0, 0, 0, 0, 0, 0, 0, 0, 0), .Dim = c(5L, 3L), .Dimnames = list(
        c("-2", "-1", "0", "1", "2"), c("A", "G", "T"))))))
