Results <-
list(`bwaOutput/20210421msiMNRsJenny/245838_S33.sam` = list(LR11_SNP1 = list(
    All = list(Freqs = structure(c(0L, 1L, 4L, 0L, 0L, 131L, 
    2741L, 5409L, 39L, 62L, 0L, 2L, 0L, 0L, 0L, 1L, 94L, 235L, 
    2L, 0L), .Dim = 5:4, .Dimnames = structure(list(c("-2", "-1", 
    "0", "1", NA), c("A", "C", "T", NA)), .Names = c("", "")), class = "table"), 
        N = 8721L), Tag.Distribution = structure(c(`1` = 215L, 
    `2` = 61L, `3` = 48L, `4` = 42L, `5` = 37L, `6` = 40L, `7` = 30L, 
    `8` = 36L, `9` = 32L, `10` = 34L, `11` = 32L, `12` = 24L, 
    `13` = 20L, `14` = 18L, `15` = 22L, `16` = 18L, `17` = 22L, 
    `18` = 17L, `19` = 14L, `20` = 11L, `21` = 12L, `22` = 8L, 
    `23` = 11L, `24` = 13L, `25` = 11L, `26` = 5L, `27` = 9L, 
    `28` = 6L, `29` = 5L, `30` = 7L, `31` = 3L, `32` = 4L, `33` = 2L, 
    `34` = 3L, `35` = 5L, `36` = 2L, `37` = 3L, `38` = 1L, `39` = 1L, 
    `40` = 2L, `44` = 4L, `46` = 1L, `52` = 1L, `56` = 1L), .Dim = 44L, .Dimnames = structure(list(
        c("1", "2", "3", "4", "5", "6", "7", "8", "9", "10", 
        "11", "12", "13", "14", "15", "16", "17", "18", "19", 
        "20", "21", "22", "23", "24", "25", "26", "27", "28", 
        "29", "30", "31", "32", "33", "34", "35", "36", "37", 
        "38", "39", "40", "44", "46", "52", "56")), .Names = ""), class = "table"), 
    No.Tag = structure(c(0L, 0L, 0L, 0L, 0L, 2L, 39L, 136L, 1L, 
    0L, 0L, 0L, 0L, 0L, 0L, 0L, 0L, 9L, 0L, 0L), .Dim = 5:4, .Dimnames = structure(list(
        c("-2", "-1", "0", "1", NA), c("A", "C", "T", NA)), .Names = c("", 
    "")), class = "table"), All.Tags = list(Concordant = list(
        Freqs = structure(c(0, 0, 4, 0, 11, 234, 414, 0, 0, 0, 
        0, 0), .Dim = 4:3, .Dimnames = list(c("-2", "-1", "0", 
        "1"), c("A", "C", "T"))), N = 663), Majority = list(Freqs = structure(c(0, 
    0, 4, 0, 12, 292, 544, 0, 0, 0, 0, 0), .Dim = 4:3, .Dimnames = list(
        c("-2", "-1", "0", "1"), c("A", "C", "T"))), N = 852)), 
    `2` = structure(c(0, 0, 1, 0, 6, 230, 431, 0, 0, 0, 0, 0), .Dim = 4:3, .Dimnames = list(
        c("-2", "-1", "0", "1"), c("A", "C", "T"))))))
