Results <-
list(`bwaOutput/20210421msiMNRsJenny/245838_S33.sam` = list(LR10_SNP1 = list(
    All = list(Freqs = structure(c(0L, 1L, 1L, 0L, 0L, 0L, 1L, 
    16L, 0L, 0L, 50L, 2534L, 4187L, 21L, 33L, 0L, 7L, 68L, 2L, 
    0L), .Dim = 5:4, .Dimnames = structure(list(c("-2", "-1", 
    "0", "1", NA), c("A", "C", "T", NA)), .Names = c("", "")), class = "table"), 
        N = 6921L), Tag.Distribution = structure(c(`1` = 155L, 
    `2` = 42L, `3` = 48L, `4` = 37L, `5` = 27L, `6` = 27L, `7` = 27L, 
    `8` = 24L, `9` = 25L, `10` = 28L, `11` = 16L, `12` = 17L, 
    `13` = 17L, `14` = 23L, `15` = 17L, `16` = 14L, `17` = 9L, 
    `18` = 7L, `19` = 10L, `20` = 5L, `21` = 7L, `22` = 4L, `23` = 10L, 
    `24` = 8L, `25` = 6L, `26` = 6L, `27` = 6L, `28` = 3L, `29` = 6L, 
    `30` = 7L, `31` = 2L, `32` = 4L, `33` = 3L, `34` = 2L, `35` = 2L, 
    `36` = 2L, `37` = 2L, `38` = 1L, `39` = 1L, `40` = 2L, `41` = 1L, 
    `42` = 1L, `43` = 2L, `44` = 1L, `45` = 1L, `46` = 1L, `49` = 1L, 
    `55` = 1L, `57` = 1L, `58` = 1L, `63` = 1L, `65` = 1L), .Dim = 52L, .Dimnames = structure(list(
        c("1", "2", "3", "4", "5", "6", "7", "8", "9", "10", 
        "11", "12", "13", "14", "15", "16", "17", "18", "19", 
        "20", "21", "22", "23", "24", "25", "26", "27", "28", 
        "29", "30", "31", "32", "33", "34", "35", "36", "37", 
        "38", "39", "40", "41", "42", "43", "44", "45", "46", 
        "49", "55", "57", "58", "63", "65")), .Names = ""), class = "table"), 
    No.Tag = structure(c(0L, 0L, 0L, 0L, 0L, 0L, 0L, 1L, 0L, 
    0L, 1L, 82L, 169L, 0L, 2L, 0L, 0L, 7L, 0L, 0L), .Dim = 5:4, .Dimnames = structure(list(
        c("-2", "-1", "0", "1", NA), c("A", "C", "T", NA)), .Names = c("", 
    "")), class = "table"), All.Tags = list(Concordant = list(
        Freqs = structure(c(0, 0, 0, 0, 0, 1, 7, 0, 3, 192, 335, 
        2), .Dim = 4:3, .Dimnames = list(c("-2", "-1", "0", "1"
        ), c("A", "C", "T"))), N = 540), Majority = list(Freqs = structure(c(0, 
    0, 0, 0, 0, 1, 7, 0, 3, 233, 414, 3), .Dim = 4:3, .Dimnames = list(
        c("-2", "-1", "0", "1"), c("A", "C", "T"))), N = 661)), 
    `2` = structure(c(0, 0, 0, 0, 0, 0, 1, 0, 3, 187, 323, 1), .Dim = 4:3, .Dimnames = list(
        c("-2", "-1", "0", "1"), c("A", "C", "T"))))))
