Results <-
list(`bwaOutput/20210421msiMNRsJenny/245836_S16.sam` = list(GM26_SNP1 = list(
    All = list(Freqs = structure(c(0L, 26L, 0L, 0L, 84L, 4907L, 
    16L, 9L, 2L, 139L, 1L, 0L), .Dim = 4:3, .Dimnames = structure(list(
        c("-1", "0", "1", NA), c("A", "G", NA)), .Names = c("", 
    "")), class = "table"), N = 5184L), Tag.Distribution = structure(c(`1` = 108L, 
    `2` = 15L, `3` = 14L, `4` = 11L, `5` = 14L, `6` = 17L, `7` = 11L, 
    `8` = 11L, `9` = 11L, `10` = 12L, `11` = 9L, `12` = 11L, 
    `13` = 9L, `14` = 14L, `15` = 11L, `16` = 9L, `17` = 8L, 
    `18` = 5L, `19` = 4L, `20` = 7L, `21` = 7L, `22` = 6L, `23` = 2L, 
    `24` = 2L, `25` = 4L, `26` = 7L, `27` = 1L, `28` = 3L, `29` = 2L, 
    `30` = 7L, `31` = 3L, `33` = 1L, `35` = 2L, `36` = 1L, `37` = 3L, 
    `38` = 2L, `39` = 1L, `40` = 3L, `42` = 1L, `43` = 1L, `44` = 2L, 
    `46` = 1L, `47` = 3L, `49` = 1L, `50` = 2L, `51` = 2L, `52` = 1L, 
    `54` = 1L, `55` = 1L, `56` = 2L, `57` = 2L, `58` = 1L, `60` = 1L, 
    `61` = 1L, `62` = 2L, `70` = 1L), .Dim = 56L, .Dimnames = structure(list(
        c("1", "2", "3", "4", "5", "6", "7", "8", "9", "10", 
        "11", "12", "13", "14", "15", "16", "17", "18", "19", 
        "20", "21", "22", "23", "24", "25", "26", "27", "28", 
        "29", "30", "31", "33", "35", "36", "37", "38", "39", 
        "40", "42", "43", "44", "46", "47", "49", "50", "51", 
        "52", "54", "55", "56", "57", "58", "60", "61", "62", 
        "70")), .Names = ""), class = "table"), No.Tag = structure(c(0L, 
    2L, 0L, 0L, 1L, 107L, 0L, 3L, 0L, 13L, 0L, 0L), .Dim = 4:3, .Dimnames = structure(list(
        c("-1", "0", "1", NA), c("A", "G", NA)), .Names = c("", 
    "")), class = "table"), All.Tags = list(Concordant = list(
        Freqs = structure(c(0, 22, 0, 5, 314, 0), .Dim = 3:2, .Dimnames = list(
            c("-1", "0", "1"), c("A", "G"))), N = 341), Majority = list(
        Freqs = structure(c(0, 22, 0, 5, 353, 1), .Dim = 3:2, .Dimnames = list(
            c("-1", "0", "1"), c("A", "G"))), N = 381)), `2` = structure(c(0, 
    1, 0, 3, 281, 1), .Dim = 3:2, .Dimnames = list(c("-1", "0", 
    "1"), c("A", "G"))))))
