Results <-
list(`bwaOutput/20210421msiMNRsJenny/245838_S33.sam` = list(LR17_SNP1 = list(
    All = list(Freqs = structure(c(16L, 880L, 8383L, 5789L, 91L, 
    1L, 281L, 0L, 0L, 5L, 3L, 0L, 0L, 0L, 0L, 13L, 341L, 470L, 
    2L, 0L, 0L), .Dim = c(7L, 3L), .Dimnames = structure(list(
        c("-3", "-2", "-1", "0", "1", "2", NA), c("A", "G", NA
        )), .Names = c("", "")), class = "table"), N = 16275L), 
    Tag.Distribution = structure(c(`1` = 331L, `2` = 67L, `3` = 54L, 
    `4` = 52L, `5` = 52L, `6` = 49L, `7` = 40L, `8` = 45L, `9` = 38L, 
    `10` = 33L, `11` = 33L, `12` = 35L, `13` = 39L, `14` = 26L, 
    `15` = 37L, `16` = 33L, `17` = 24L, `18` = 26L, `19` = 23L, 
    `20` = 24L, `21` = 22L, `22` = 26L, `23` = 21L, `24` = 21L, 
    `25` = 12L, `26` = 14L, `27` = 12L, `28` = 7L, `29` = 11L, 
    `30` = 14L, `31` = 9L, `32` = 12L, `33` = 8L, `34` = 10L, 
    `35` = 2L, `36` = 5L, `37` = 2L, `38` = 4L, `39` = 6L, `40` = 6L, 
    `41` = 4L, `42` = 5L, `44` = 3L, `46` = 3L, `47` = 2L, `48` = 1L, 
    `49` = 3L, `51` = 2L, `52` = 2L, `53` = 1L, `54` = 2L, `55` = 2L, 
    `56` = 1L, `57` = 2L, `58` = 2L, `59` = 2L, `60` = 1L, `61` = 1L, 
    `62` = 1L, `64` = 1L, `67` = 1L, `77` = 1L, `81` = 1L), .Dim = 63L, .Dimnames = structure(list(
        c("1", "2", "3", "4", "5", "6", "7", "8", "9", "10", 
        "11", "12", "13", "14", "15", "16", "17", "18", "19", 
        "20", "21", "22", "23", "24", "25", "26", "27", "28", 
        "29", "30", "31", "32", "33", "34", "35", "36", "37", 
        "38", "39", "40", "41", "42", "44", "46", "47", "48", 
        "49", "51", "52", "53", "54", "55", "56", "57", "58", 
        "59", "60", "61", "62", "64", "67", "77", "81")), .Names = ""), class = "table"), 
    No.Tag = structure(c(1L, 24L, 312L, 191L, 1L, 0L, 22L, 0L, 
    0L, 1L, 0L, 0L, 0L, 0L, 0L, 2L, 26L, 17L, 0L, 0L, 0L), .Dim = c(7L, 
    3L), .Dimnames = structure(list(c("-3", "-2", "-1", "0", 
    "1", "2", NA), c("A", "G", NA)), .Names = c("", "")), class = "table"), 
    All.Tags = list(Concordant = list(Freqs = structure(c(0, 
    59, 481, 309, 2, 0, 0, 0, 0, 0, 0, 0), .Dim = c(6L, 2L), .Dimnames = list(
        c("-3", "-2", "-1", "0", "1", "2"), c("A", "G"))), N = 851), 
        Majority = list(Freqs = structure(c(0, 69, 690, 502, 
        2, 0, 0, 0, 0, 0, 0, 0), .Dim = c(6L, 2L), .Dimnames = list(
            c("-3", "-2", "-1", "0", "1", "2"), c("A", "G"))), 
            N = 1263)), `2` = structure(c(0, 50, 566, 373, 1, 
    0, 0, 0, 0, 0, 0, 0), .Dim = c(6L, 2L), .Dimnames = list(
        c("-3", "-2", "-1", "0", "1", "2"), c("A", "G"))))))
