Results <-
list(`bwaOutput/20210421msiMNRsJenny/245838_S33.sam` = list(LR24_SNP1 = list(
    All = list(Freqs = structure(c(0L, 0L, 6L, 22L, 0L, 0L, 2L, 
    57L, 3939L, 4343L, 9L, 49L, 0L, 1L, 16L, 25L, 0L, 0L), .Dim = c(6L, 
    3L), .Dimnames = structure(list(c("-3", "-2", "-1", "0", 
    "1", NA), c("A", "G", NA)), .Names = c("", "")), class = "table"), 
        N = 8469L), Tag.Distribution = structure(c(`1` = 281L, 
    `2` = 149L, `3` = 134L, `4` = 100L, `5` = 76L, `6` = 90L, 
    `7` = 57L, `8` = 50L, `9` = 35L, `10` = 31L, `11` = 31L, 
    `12` = 37L, `13` = 23L, `14` = 16L, `15` = 22L, `16` = 19L, 
    `17` = 12L, `18` = 10L, `19` = 15L, `20` = 9L, `21` = 6L, 
    `22` = 5L, `23` = 4L, `24` = 7L, `25` = 3L, `26` = 5L, `27` = 6L, 
    `28` = 2L, `29` = 1L, `31` = 1L, `32` = 2L, `33` = 1L, `34` = 1L, 
    `35` = 2L, `36` = 2L, `37` = 3L, `39` = 1L, `40` = 1L, `41` = 1L, 
    `43` = 1L, `44` = 1L), .Dim = 41L, .Dimnames = structure(list(
        c("1", "2", "3", "4", "5", "6", "7", "8", "9", "10", 
        "11", "12", "13", "14", "15", "16", "17", "18", "19", 
        "20", "21", "22", "23", "24", "25", "26", "27", "28", 
        "29", "31", "32", "33", "34", "35", "36", "37", "39", 
        "40", "41", "43", "44")), .Names = ""), class = "table"), 
    No.Tag = structure(c(0L, 0L, 0L, 2L, 0L, 0L, 0L, 18L, 157L, 
    198L, 0L, 6L, 0L, 0L, 0L, 2L, 0L, 0L), .Dim = c(6L, 3L), .Dimnames = structure(list(
        c("-3", "-2", "-1", "0", "1", NA), c("A", "G", NA)), .Names = c("", 
    "")), class = "table"), All.Tags = list(Concordant = list(
        Freqs = structure(c(0, 0, 2, 11, 0, 0, 4, 519, 544, 0
        ), .Dim = c(5L, 2L), .Dimnames = list(c("-3", "-2", "-1", 
        "0", "1"), c("A", "G"))), N = 1080), Majority = list(
        Freqs = structure(c(0, 0, 2, 11, 0, 0, 4, 580, 628, 1
        ), .Dim = c(5L, 2L), .Dimnames = list(c("-3", "-2", "-1", 
        "0", "1"), c("A", "G"))), N = 1226)), `2` = structure(c(0, 
    0, 1, 2, 0, 0, 3, 457, 490, 1), .Dim = c(5L, 2L), .Dimnames = list(
        c("-3", "-2", "-1", "0", "1"), c("A", "G"))))))
