Results <-
list(`bwaOutput/20210421msiMNRsJenny/245838_S33.sam` = list(GM11_SNP1 = list(
    All = list(Freqs = structure(c(4L, 2431L, 1746L, 8L, 14L, 
    0L, 1L, 6L, 0L, 0L, 0L, 1L, 0L, 0L, 0L, 0L, 13L, 20L, 0L, 
    0L), .Dim = 5:4, .Dimnames = structure(list(c("-2", "-1", 
    "0", "1", NA), c("A", "G", "T", NA)), .Names = c("", "")), class = "table"), 
        N = 4244L), Tag.Distribution = structure(c(`1` = 94L, 
    `2` = 33L, `3` = 35L, `4` = 19L, `5` = 23L, `6` = 23L, `7` = 18L, 
    `8` = 15L, `9` = 17L, `10` = 14L, `11` = 13L, `12` = 10L, 
    `13` = 13L, `14` = 12L, `15` = 9L, `16` = 8L, `17` = 11L, 
    `18` = 10L, `19` = 4L, `20` = 10L, `21` = 6L, `22` = 5L, 
    `23` = 9L, `24` = 3L, `25` = 7L, `26` = 3L, `27` = 2L, `28` = 7L, 
    `29` = 1L, `30` = 3L, `31` = 1L, `32` = 1L, `33` = 1L, `34` = 1L, 
    `35` = 2L, `36` = 1L, `39` = 2L, `42` = 1L, `45` = 1L), .Dim = 39L, .Dimnames = structure(list(
        c("1", "2", "3", "4", "5", "6", "7", "8", "9", "10", 
        "11", "12", "13", "14", "15", "16", "17", "18", "19", 
        "20", "21", "22", "23", "24", "25", "26", "27", "28", 
        "29", "30", "31", "32", "33", "34", "35", "36", "39", 
        "42", "45")), .Names = ""), class = "table"), No.Tag = structure(c(0L, 
    37L, 28L, 0L, 1L, 0L, 0L, 0L, 0L, 0L, 0L, 0L, 0L, 0L, 0L, 
    0L, 0L, 1L, 0L, 0L), .Dim = 5:4, .Dimnames = structure(list(
        c("-2", "-1", "0", "1", NA), c("A", "G", "T", NA)), .Names = c("", 
    "")), class = "table"), All.Tags = list(Concordant = list(
        Freqs = structure(c(0, 224, 177, 0, 0, 1, 5, 0, 0, 0, 
        0, 0), .Dim = 4:3, .Dimnames = list(c("-2", "-1", "0", 
        "1"), c("A", "G", "T"))), N = 407), Majority = list(Freqs = structure(c(0, 
    234, 200, 0, 0, 1, 5, 0, 0, 0, 0, 0), .Dim = 4:3, .Dimnames = list(
        c("-2", "-1", "0", "1"), c("A", "G", "T"))), N = 440)), 
    `2` = structure(c(0, 203, 150, 0, 0, 0, 0, 0, 0, 0, 0, 0), .Dim = 4:3, .Dimnames = list(
        c("-2", "-1", "0", "1"), c("A", "G", "T"))))))
