Results <-
list(`bwaOutput/20210421msiMNRsJenny/245838_S33.sam` = list(GM14_SNP1 = list(
    All = list(Freqs = structure(c(1L, 10L, 93L, 1945L, 1439L, 
    11L, 24L, 0L, 0L, 1L, 37L, 1169L, 3L, 2L, 0L, 0L, 0L, 4L, 
    29L, 0L, 0L), .Dim = c(7L, 3L), .Dimnames = structure(list(
        c("-4", "-3", "-2", "-1", "0", "1", NA), c("C", "T", 
        NA)), .Names = c("", "")), class = "table"), N = 4768L), 
    Tag.Distribution = structure(c(`1` = 133L, `2` = 30L, `3` = 24L, 
    `4` = 29L, `5` = 29L, `6` = 19L, `7` = 17L, `8` = 17L, `9` = 12L, 
    `10` = 24L, `11` = 8L, `12` = 22L, `13` = 13L, `14` = 11L, 
    `15` = 13L, `16` = 12L, `17` = 7L, `18` = 7L, `19` = 4L, 
    `20` = 9L, `21` = 10L, `22` = 4L, `23` = 9L, `24` = 6L, `25` = 2L, 
    `26` = 5L, `27` = 3L, `28` = 1L, `29` = 2L, `31` = 5L, `32` = 3L, 
    `33` = 1L, `34` = 2L, `35` = 1L, `36` = 3L, `37` = 1L, `38` = 1L, 
    `39` = 1L, `40` = 3L, `54` = 2L), .Dim = 40L, .Dimnames = structure(list(
        c("1", "2", "3", "4", "5", "6", "7", "8", "9", "10", 
        "11", "12", "13", "14", "15", "16", "17", "18", "19", 
        "20", "21", "22", "23", "24", "25", "26", "27", "28", 
        "29", "31", "32", "33", "34", "35", "36", "37", "38", 
        "39", "40", "54")), .Names = ""), class = "table"), No.Tag = structure(c(0L, 
    0L, 0L, 58L, 40L, 0L, 4L, 0L, 0L, 0L, 1L, 24L, 0L, 0L, 0L, 
    0L, 0L, 0L, 2L, 0L, 0L), .Dim = c(7L, 3L), .Dimnames = structure(list(
        c("-4", "-3", "-2", "-1", "0", "1", NA), c("C", "T", 
        NA)), .Names = c("", "")), class = "table"), All.Tags = list(
        Concordant = list(Freqs = structure(c(0, 0, 7, 167, 114, 
        0, 0, 0, 0, 4, 97, 0), .Dim = c(6L, 2L), .Dimnames = list(
            c("-4", "-3", "-2", "-1", "0", "1"), c("C", "T"))), 
            N = 389), Majority = list(Freqs = structure(c(0, 
        1, 7, 209, 145, 0, 0, 0, 0, 4, 126, 0), .Dim = c(6L, 
        2L), .Dimnames = list(c("-4", "-3", "-2", "-1", "0", 
        "1"), c("C", "T"))), N = 492)), `2` = structure(c(0, 
    1, 4, 161, 104, 0, 0, 0, 0, 0, 98, 0), .Dim = c(6L, 2L), .Dimnames = list(
        c("-4", "-3", "-2", "-1", "0", "1"), c("C", "T"))))))
