Results <-
list(`bwaOutput/20210421msiMNRsJenny/245838_S33.sam` = list(LR44_SNP1 = list(
    All = list(Freqs = structure(c(0L, 0L, 0L, 0L, 31L, 0L, 0L, 
    0L, 0L, 9L, 307L, 1060L, 765L, 17L, 0L, 16L, 0L, 58L, 1229L, 
    78L, 738L, 39L, 2L, 17L, 1L, 0L, 8L, 19L, 44L, 2L, 0L, 0L
    ), .Dim = c(8L, 4L), .Dimnames = structure(list(c("-4", "-3", 
    "-2", "-1", "0", "1", "3", NA), c("A", "C", "T", NA)), .Names = c("", 
    "")), class = "table"), N = 4440L), Tag.Distribution = structure(c(`1` = 108L, 
    `2` = 47L, `3` = 28L, `4` = 18L, `5` = 28L, `6` = 20L, `7` = 24L, 
    `8` = 18L, `9` = 14L, `10` = 23L, `11` = 11L, `12` = 12L, 
    `13` = 12L, `14` = 6L, `15` = 11L, `16` = 9L, `17` = 4L, 
    `18` = 5L, `19` = 6L, `20` = 3L, `21` = 4L, `22` = 4L, `23` = 4L, 
    `24` = 6L, `25` = 6L, `26` = 5L, `27` = 6L, `28` = 2L, `29` = 5L, 
    `30` = 2L, `31` = 1L, `32` = 1L, `33` = 3L, `36` = 2L, `38` = 1L, 
    `39` = 3L, `41` = 2L, `48` = 1L, `51` = 1L, `52` = 1L, `53` = 1L, 
    `59` = 1L, `67` = 1L), .Dim = 43L, .Dimnames = structure(list(
        c("1", "2", "3", "4", "5", "6", "7", "8", "9", "10", 
        "11", "12", "13", "14", "15", "16", "17", "18", "19", 
        "20", "21", "22", "23", "24", "25", "26", "27", "28", 
        "29", "30", "31", "32", "33", "36", "38", "39", "41", 
        "48", "51", "52", "53", "59", "67")), .Names = ""), class = "table"), 
    No.Tag = structure(c(0L, 0L, 0L, 0L, 0L, 0L, 0L, 0L, 0L, 
    0L, 9L, 10L, 6L, 0L, 0L, 2L, 0L, 3L, 25L, 3L, 34L, 0L, 0L, 
    1L, 0L, 0L, 1L, 1L, 1L, 0L, 0L, 0L), .Dim = c(8L, 4L), .Dimnames = structure(list(
        c("-4", "-3", "-2", "-1", "0", "1", "3", NA), c("A", 
        "C", "T", NA)), .Names = c("", "")), class = "table"), 
    All.Tags = list(Concordant = list(Freqs = structure(c(0, 
    0, 0, 0, 0, 0, 0, 0, 1, 27, 79, 48, 0, 0, 0, 4, 113, 4, 41, 
    2, 1), .Dim = c(7L, 3L), .Dimnames = list(c("-4", "-3", "-2", 
    "-1", "0", "1", "3"), c("A", "C", "T"))), N = 320), Majority = list(
        Freqs = structure(c(0, 0, 0, 0, 1, 0, 0, 0, 1, 33, 111, 
        83, 0, 0, 0, 4, 140, 7, 72, 2, 1), .Dim = c(7L, 3L), .Dimnames = list(
            c("-4", "-3", "-2", "-1", "0", "1", "3"), c("A", 
            "C", "T"))), N = 455)), `2` = structure(c(0, 0, 0, 
    0, 1, 0, 0, 0, 1, 27, 88, 60, 0, 0, 0, 2, 110, 5, 59, 2, 
    1), .Dim = c(7L, 3L), .Dimnames = list(c("-4", "-3", "-2", 
    "-1", "0", "1", "3"), c("A", "C", "T"))))))
