Results <-
list(`bwaOutput/20210421msiMNRsJenny/245838_S33.sam` = list(LR46_SNP1 = list(
    All = list(Freqs = structure(c(0L, 1L, 0L, 0L, 51L, 5805L, 
    8L, 19L, 1L, 13L, 0L, 0L, 2L, 45L, 0L, 0L), .Dim = c(4L, 
    4L), .Dimnames = structure(list(c("-1", "0", "1", NA), c("A", 
    "G", "T", NA)), .Names = c("", "")), class = "table"), N = 5945L), 
    Tag.Distribution = structure(c(`1` = 155L, `2` = 37L, `3` = 24L, 
    `4` = 24L, `5` = 33L, `6` = 14L, `7` = 11L, `8` = 22L, `9` = 12L, 
    `10` = 17L, `11` = 18L, `12` = 11L, `13` = 21L, `14` = 9L, 
    `15` = 11L, `16` = 3L, `17` = 8L, `18` = 3L, `19` = 7L, `20` = 7L, 
    `21` = 4L, `22` = 7L, `23` = 8L, `24` = 8L, `25` = 6L, `26` = 3L, 
    `27` = 7L, `28` = 10L, `29` = 2L, `30` = 2L, `31` = 3L, `32` = 2L, 
    `33` = 7L, `35` = 2L, `36` = 1L, `37` = 1L, `39` = 2L, `40` = 2L, 
    `41` = 2L, `42` = 5L, `43` = 1L, `44` = 3L, `45` = 2L, `46` = 4L, 
    `47` = 1L, `48` = 1L, `50` = 1L, `54` = 1L, `59` = 1L, `81` = 1L
    ), .Dim = 50L, .Dimnames = structure(list(c("1", "2", "3", 
    "4", "5", "6", "7", "8", "9", "10", "11", "12", "13", "14", 
    "15", "16", "17", "18", "19", "20", "21", "22", "23", "24", 
    "25", "26", "27", "28", "29", "30", "31", "32", "33", "35", 
    "36", "37", "39", "40", "41", "42", "43", "44", "45", "46", 
    "47", "48", "50", "54", "59", "81")), .Names = ""), class = "table"), 
    No.Tag = structure(c(0L, 0L, 0L, 0L, 0L, 155L, 0L, 3L, 0L, 
    1L, 0L, 0L, 0L, 6L, 0L, 0L), .Dim = c(4L, 4L), .Dimnames = structure(list(
        c("-1", "0", "1", NA), c("A", "G", "T", NA)), .Names = c("", 
    "")), class = "table"), All.Tags = list(Concordant = list(
        Freqs = structure(c(0, 0, 0, 1, 505, 1, 0, 1, 0), .Dim = c(3L, 
        3L), .Dimnames = list(c("-1", "0", "1"), c("A", "G", 
        "T"))), N = 508), Majority = list(Freqs = structure(c(0, 
    0, 0, 2, 533, 1, 0, 1, 0), .Dim = c(3L, 3L), .Dimnames = list(
        c("-1", "0", "1"), c("A", "G", "T"))), N = 537)), `2` = structure(c(0, 
    0, 0, 2, 389, 0, 0, 1, 0), .Dim = c(3L, 3L), .Dimnames = list(
        c("-1", "0", "1"), c("A", "G", "T"))))))
