Results <-
list(`bwaOutput/20210421msiMNRsJenny/245838_S33.sam` = list(GM26_SNP1 = list(
    All = list(Freqs = structure(c(59L, 2351L, 26L, 7L, 82L, 
    2386L, 15L, 2L, 2L, 88L, 3L, 0L), .Dim = 4:3, .Dimnames = structure(list(
        c("-1", "0", "1", NA), c("A", "G", NA)), .Names = c("", 
    "")), class = "table"), N = 5021L), Tag.Distribution = structure(c(`1` = 135L, 
    `2` = 42L, `3` = 27L, `4` = 27L, `5` = 32L, `6` = 24L, `7` = 14L, 
    `8` = 15L, `9` = 17L, `10` = 16L, `11` = 18L, `12` = 10L, 
    `13` = 14L, `14` = 7L, `15` = 9L, `16` = 7L, `17` = 11L, 
    `18` = 9L, `19` = 6L, `20` = 4L, `21` = 7L, `22` = 5L, `23` = 4L, 
    `24` = 7L, `25` = 5L, `26` = 6L, `28` = 1L, `29` = 2L, `30` = 2L, 
    `31` = 2L, `32` = 6L, `33` = 3L, `34` = 4L, `35` = 1L, `36` = 3L, 
    `37` = 3L, `38` = 3L, `39` = 2L, `40` = 2L, `41` = 2L, `45` = 2L, 
    `47` = 1L, `49` = 2L), .Dim = 43L, .Dimnames = structure(list(
        c("1", "2", "3", "4", "5", "6", "7", "8", "9", "10", 
        "11", "12", "13", "14", "15", "16", "17", "18", "19", 
        "20", "21", "22", "23", "24", "25", "26", "28", "29", 
        "30", "31", "32", "33", "34", "35", "36", "37", "38", 
        "39", "40", "41", "45", "47", "49")), .Names = ""), class = "table"), 
    No.Tag = structure(c(1L, 43L, 1L, 1L, 1L, 56L, 0L, 1L, 0L, 
    10L, 0L, 0L), .Dim = 4:3, .Dimnames = structure(list(c("-1", 
    "0", "1", NA), c("A", "G", NA)), .Names = c("", "")), class = "table"), 
    All.Tags = list(Concordant = list(Freqs = structure(c(3, 
    216, 2, 6, 205, 0), .Dim = 3:2, .Dimnames = list(c("-1", 
    "0", "1"), c("A", "G"))), N = 432), Majority = list(Freqs = structure(c(4, 
    252, 2, 7, 239, 0), .Dim = 3:2, .Dimnames = list(c("-1", 
    "0", "1"), c("A", "G"))), N = 504)), `2` = structure(c(3, 
    179, 1, 4, 196, 0), .Dim = 3:2, .Dimnames = list(c("-1", 
    "0", "1"), c("A", "G"))))))
