Results <-
list(`bwaOutput/20210421msiMNRsJenny/245836_S16.sam` = list(LR11_SNP1 = list(
    All = list(Freqs = structure(c(0L, 0L, 0L, 1L, 0L, 0L, 0L, 
    10L, 261L, 3881L, 41L, 12L, 1L, 22L, 1520L, 3049L, 22L, 27L, 
    0L, 0L, 0L, 2L, 0L, 0L, 0L, 0L, 59L, 189L, 1L, 0L), .Dim = 6:5, .Dimnames = structure(list(
        c("-3", "-2", "-1", "0", "1", NA), c("-", "A", "C", "G", 
        NA)), .Names = c("", "")), class = "table"), N = 9098L), 
    Tag.Distribution = structure(c(`1` = 185L, `2` = 41L, `3` = 23L, 
    `4` = 26L, `5` = 27L, `6` = 29L, `7` = 22L, `8` = 17L, `9` = 23L, 
    `10` = 18L, `11` = 19L, `12` = 25L, `13` = 28L, `14` = 12L, 
    `15` = 15L, `16` = 16L, `17` = 16L, `18` = 7L, `19` = 7L, 
    `20` = 14L, `21` = 10L, `22` = 8L, `23` = 7L, `24` = 7L, 
    `25` = 9L, `26` = 10L, `27` = 5L, `28` = 6L, `29` = 7L, `30` = 9L, 
    `31` = 5L, `32` = 8L, `33` = 12L, `34` = 5L, `35` = 5L, `36` = 2L, 
    `37` = 5L, `38` = 4L, `39` = 3L, `40` = 5L, `41` = 3L, `42` = 5L, 
    `43` = 3L, `44` = 1L, `45` = 2L, `46` = 1L, `47` = 1L, `51` = 1L, 
    `52` = 1L, `53` = 1L, `56` = 1L, `58` = 1L, `59` = 1L, `60` = 1L, 
    `62` = 1L, `65` = 1L), .Dim = 56L, .Dimnames = structure(list(
        c("1", "2", "3", "4", "5", "6", "7", "8", "9", "10", 
        "11", "12", "13", "14", "15", "16", "17", "18", "19", 
        "20", "21", "22", "23", "24", "25", "26", "27", "28", 
        "29", "30", "31", "32", "33", "34", "35", "36", "37", 
        "38", "39", "40", "41", "42", "43", "44", "45", "46", 
        "47", "51", "52", "53", "56", "58", "59", "60", "62", 
        "65")), .Names = ""), class = "table"), No.Tag = structure(c(0L, 
    0L, 0L, 0L, 0L, 0L, 0L, 0L, 35L, 96L, 0L, 0L, 0L, 1L, 17L, 
    118L, 1L, 2L, 0L, 0L, 0L, 0L, 0L, 0L, 0L, 0L, 1L, 9L, 0L, 
    0L), .Dim = 6:5, .Dimnames = structure(list(c("-3", "-2", 
    "-1", "0", "1", NA), c("-", "A", "C", "G", NA)), .Names = c("", 
    "")), class = "table"), All.Tags = list(Concordant = list(
        Freqs = structure(c(0, 0, 0, 0, 0, 0, 1, 13, 232, 0, 
        0, 1, 76, 180, 1, 0, 0, 0, 0, 0), .Dim = 5:4, .Dimnames = list(
            c("-3", "-2", "-1", "0", "1"), c("-", "A", "C", "G"
            ))), N = 504), Majority = list(Freqs = structure(c(0, 
    0, 0, 0, 0, 0, 1, 14, 317, 0, 0, 1, 105, 257, 1, 0, 0, 0, 
    0, 0), .Dim = 5:4, .Dimnames = list(c("-3", "-2", "-1", "0", 
    "1"), c("-", "A", "C", "G"))), N = 696)), `2` = structure(c(0, 
    0, 0, 0, 0, 0, 1, 10, 247, 0, 0, 1, 81, 194, 1, 0, 0, 0, 
    0, 0), .Dim = 5:4, .Dimnames = list(c("-3", "-2", "-1", "0", 
    "1"), c("-", "A", "C", "G"))))))
