Results <-
list(`bwaOutput/20210421msiMNRsJenny/245836_S16.sam` = list(GM07_SNP1 = list(
    All = list(Freqs = structure(c(0L, 0L, 0L, 16L, 0L, 0L, 3L, 
    1L, 43L, 1288L, 4105L, 98L, 6L, 126L, 0L, 0L, 11L, 102L, 
    5L, 0L, 0L), .Dim = c(7L, 3L), .Dimnames = structure(list(
        c("-3", "-2", "-1", "0", "1", "2", NA), c("A", "G", NA
        )), .Names = c("", "")), class = "table"), N = 5804L), 
    Tag.Distribution = structure(c(`1` = 127L, `2` = 26L, `3` = 18L, 
    `4` = 17L, `5` = 14L, `6` = 23L, `7` = 18L, `8` = 5L, `9` = 10L, 
    `10` = 10L, `11` = 17L, `12` = 11L, `13` = 11L, `14` = 9L, 
    `15` = 4L, `16` = 10L, `17` = 11L, `18` = 8L, `19` = 5L, 
    `20` = 11L, `21` = 7L, `22` = 8L, `23` = 4L, `24` = 7L, `25` = 8L, 
    `26` = 2L, `27` = 6L, `28` = 6L, `29` = 1L, `30` = 1L, `31` = 7L, 
    `32` = 3L, `33` = 4L, `34` = 3L, `35` = 1L, `36` = 5L, `37` = 1L, 
    `38` = 1L, `39` = 4L, `40` = 2L, `41` = 5L, `42` = 3L, `43` = 3L, 
    `45` = 1L, `47` = 1L, `48` = 3L, `54` = 1L, `55` = 1L, `66` = 1L, 
    `77` = 1L), .Dim = 50L, .Dimnames = structure(list(c("1", 
    "2", "3", "4", "5", "6", "7", "8", "9", "10", "11", "12", 
    "13", "14", "15", "16", "17", "18", "19", "20", "21", "22", 
    "23", "24", "25", "26", "27", "28", "29", "30", "31", "32", 
    "33", "34", "35", "36", "37", "38", "39", "40", "41", "42", 
    "43", "45", "47", "48", "54", "55", "66", "77")), .Names = ""), class = "table"), 
    No.Tag = structure(c(0L, 0L, 0L, 0L, 0L, 0L, 2L, 0L, 3L, 
    48L, 157L, 3L, 0L, 19L, 0L, 0L, 0L, 7L, 1L, 0L, 0L), .Dim = c(7L, 
    3L), .Dimnames = structure(list(c("-3", "-2", "-1", "0", 
    "1", "2", NA), c("A", "G", NA)), .Names = c("", "")), class = "table"), 
    All.Tags = list(Concordant = list(Freqs = structure(c(0, 
    0, 0, 12, 0, 0, 0, 1, 56, 195, 0, 0), .Dim = c(6L, 2L), .Dimnames = list(
        c("-3", "-2", "-1", "0", "1", "2"), c("A", "G"))), N = 264), 
        Majority = list(Freqs = structure(c(0, 0, 0, 12, 0, 0, 
        0, 1, 87, 336, 0, 0), .Dim = c(6L, 2L), .Dimnames = list(
            c("-3", "-2", "-1", "0", "1", "2"), c("A", "G"))), 
            N = 436)), `2` = structure(c(0, 0, 0, 0, 0, 0, 0, 
    1, 66, 265, 0, 0), .Dim = c(6L, 2L), .Dimnames = list(c("-3", 
    "-2", "-1", "0", "1", "2"), c("A", "G"))))))
