Results <-
list(`bwaOutput/20210421msiMNRsJenny/245836_S16.sam` = list(LR36_SNP1 = list(
    All = list(Freqs = structure(c(0L, 32L, 882L, 59L, 2840L, 
    9L, 68L, 1L, 2L, 107L, 962L, 2555L, 22L, 75L, 0L, 0L, 4L, 
    31L, 334L, 1L, 0L), .Dim = c(7L, 3L), .Dimnames = structure(list(
        c("-4", "-3", "-2", "-1", "0", "1", NA), c("A", "T", 
        NA)), .Names = c("", "")), class = "table"), N = 7984L), 
    Tag.Distribution = structure(c(`1` = 209L, `2` = 56L, `3` = 32L, 
    `4` = 16L, `5` = 26L, `6` = 22L, `7` = 23L, `8` = 15L, `9` = 19L, 
    `10` = 11L, `11` = 17L, `12` = 12L, `13` = 16L, `14` = 22L, 
    `15` = 20L, `16` = 12L, `17` = 14L, `18` = 6L, `19` = 10L, 
    `20` = 13L, `21` = 7L, `22` = 9L, `23` = 4L, `24` = 4L, `25` = 4L, 
    `26` = 4L, `27` = 7L, `28` = 2L, `29` = 7L, `30` = 7L, `31` = 4L, 
    `32` = 4L, `33` = 3L, `34` = 10L, `35` = 5L, `36` = 7L, `37` = 3L, 
    `38` = 6L, `39` = 4L, `40` = 6L, `41` = 2L, `42` = 1L, `44` = 3L, 
    `47` = 2L, `50` = 1L, `51` = 1L, `53` = 1L, `57` = 3L, `60` = 1L, 
    `61` = 1L, `63` = 1L, `66` = 1L, `70` = 1L), .Dim = 53L, .Dimnames = structure(list(
        c("1", "2", "3", "4", "5", "6", "7", "8", "9", "10", 
        "11", "12", "13", "14", "15", "16", "17", "18", "19", 
        "20", "21", "22", "23", "24", "25", "26", "27", "28", 
        "29", "30", "31", "32", "33", "34", "35", "36", "37", 
        "38", "39", "40", "41", "42", "44", "47", "50", "51", 
        "53", "57", "60", "61", "63", "66", "70")), .Names = ""), class = "table"), 
    No.Tag = structure(c(0L, 0L, 13L, 3L, 140L, 0L, 7L, 0L, 0L, 
    3L, 8L, 70L, 1L, 11L, 0L, 0L, 1L, 3L, 40L, 1L, 0L), .Dim = c(7L, 
    3L), .Dimnames = structure(list(c("-4", "-3", "-2", "-1", 
    "0", "1", NA), c("A", "T", NA)), .Names = c("", "")), class = "table"), 
    All.Tags = list(Concordant = list(Freqs = structure(c(0, 
    2, 58, 4, 187, 0, 1, 0, 6, 58, 173, 0), .Dim = c(6L, 2L), .Dimnames = list(
        c("-4", "-3", "-2", "-1", "0", "1"), c("A", "T"))), N = 489), 
        Majority = list(Freqs = structure(c(0, 2, 69, 4, 246, 
        0, 1, 0, 9, 78, 244, 0), .Dim = c(6L, 2L), .Dimnames = list(
            c("-4", "-3", "-2", "-1", "0", "1"), c("A", "T"))), 
            N = 653)), `2` = structure(c(0, 1, 56, 0, 173, 0, 
    0, 0, 7, 58, 182, 0), .Dim = c(6L, 2L), .Dimnames = list(
        c("-4", "-3", "-2", "-1", "0", "1"), c("A", "T"))))))
