Results <-
list(`bwaOutput/20210421msiMNRsJenny/245836_S16.sam` = list(GM11_SNP1 = list(
    All = list(Freqs = structure(c(1L, 55L, 4059L, 6L, 4L, 0L, 
    0L, 8L, 0L, 0L, 0L, 1L, 30L, 0L, 0L), .Dim = c(5L, 3L), .Dimnames = structure(list(
        c("-2", "-1", "0", "1", NA), c("A", "G", NA)), .Names = c("", 
    "")), class = "table"), N = 4164L), Tag.Distribution = structure(c(`1` = 82L, 
    `2` = 21L, `3` = 16L, `4` = 14L, `5` = 13L, `6` = 19L, `7` = 11L, 
    `8` = 18L, `9` = 10L, `10` = 16L, `11` = 11L, `12` = 6L, 
    `13` = 5L, `14` = 10L, `15` = 7L, `16` = 4L, `17` = 7L, `18` = 9L, 
    `19` = 3L, `20` = 5L, `21` = 3L, `22` = 5L, `23` = 5L, `24` = 3L, 
    `25` = 5L, `26` = 4L, `27` = 3L, `28` = 5L, `29` = 3L, `30` = 4L, 
    `32` = 5L, `33` = 3L, `34` = 4L, `35` = 1L, `36` = 1L, `38` = 2L, 
    `40` = 1L, `42` = 1L, `44` = 1L, `45` = 1L, `46` = 1L, `48` = 1L, 
    `49` = 2L, `51` = 2L, `54` = 2L, `68` = 1L), .Dim = 46L, .Dimnames = structure(list(
        c("1", "2", "3", "4", "5", "6", "7", "8", "9", "10", 
        "11", "12", "13", "14", "15", "16", "17", "18", "19", 
        "20", "21", "22", "23", "24", "25", "26", "27", "28", 
        "29", "30", "32", "33", "34", "35", "36", "38", "40", 
        "42", "44", "45", "46", "48", "49", "51", "54", "68")), .Names = ""), class = "table"), 
    No.Tag = structure(c(0L, 2L, 76L, 0L, 0L, 0L, 0L, 0L, 0L, 
    0L, 0L, 0L, 3L, 0L, 0L), .Dim = c(5L, 3L), .Dimnames = structure(list(
        c("-2", "-1", "0", "1", NA), c("A", "G", NA)), .Names = c("", 
    "")), class = "table"), All.Tags = list(Concordant = list(
        Freqs = structure(c(0, 6, 319, 0, 0, 0, 7, 0), .Dim = c(4L, 
        2L), .Dimnames = list(c("-2", "-1", "0", "1"), c("A", 
        "G"))), N = 332), Majority = list(Freqs = structure(c(0, 
    6, 337, 0, 0, 0, 7, 0), .Dim = c(4L, 2L), .Dimnames = list(
        c("-2", "-1", "0", "1"), c("A", "G"))), N = 350)), `2` = structure(c(0, 
    5, 268, 0, 0, 0, 0, 0), .Dim = c(4L, 2L), .Dimnames = list(
        c("-2", "-1", "0", "1"), c("A", "G"))))))
