Results <-
list(`bwaOutput/20210421msiMNRsJenny/245836_S16.sam` = list(LR17_SNP1 = list(
    All = list(Freqs = structure(c(0L, 0L, 0L, 2L, 0L, 0L, 0L, 
    18L, 2660L, 633L, 10492L, 158L, 3L, 123L, 0L, 0L, 0L, 2L, 
    0L, 0L, 0L, 0L, 35L, 35L, 833L, 3L, 0L, 0L), .Dim = c(7L, 
    4L), .Dimnames = structure(list(c("-3", "-2", "-1", "0", 
    "1", "2", NA), c("-", "A", "G", NA)), .Names = c("", "")), class = "table"), 
        N = 14997L), Tag.Distribution = structure(c(`1` = 332L, 
    `2` = 62L, `3` = 26L, `4` = 24L, `5` = 33L, `6` = 26L, `7` = 25L, 
    `8` = 30L, `9` = 35L, `10` = 22L, `11` = 19L, `12` = 20L, 
    `13` = 23L, `14` = 24L, `15` = 20L, `16` = 19L, `17` = 11L, 
    `18` = 24L, `19` = 22L, `20` = 20L, `21` = 17L, `22` = 13L, 
    `23` = 15L, `24` = 12L, `25` = 12L, `26` = 14L, `27` = 12L, 
    `28` = 8L, `29` = 5L, `30` = 15L, `31` = 9L, `32` = 10L, 
    `33` = 4L, `34` = 8L, `35` = 7L, `36` = 8L, `37` = 4L, `38` = 9L, 
    `39` = 8L, `40` = 5L, `41` = 5L, `42` = 7L, `43` = 8L, `44` = 4L, 
    `45` = 3L, `46` = 2L, `47` = 4L, `48` = 5L, `49` = 5L, `50` = 3L, 
    `51` = 2L, `52` = 4L, `53` = 2L, `54` = 2L, `55` = 1L, `57` = 2L, 
    `58` = 1L, `59` = 1L, `60` = 1L, `61` = 1L, `62` = 4L, `69` = 1L, 
    `76` = 1L, `79` = 1L, `83` = 1L, `85` = 1L, `102` = 1L), .Dim = 67L, .Dimnames = structure(list(
        c("1", "2", "3", "4", "5", "6", "7", "8", "9", "10", 
        "11", "12", "13", "14", "15", "16", "17", "18", "19", 
        "20", "21", "22", "23", "24", "25", "26", "27", "28", 
        "29", "30", "31", "32", "33", "34", "35", "36", "37", 
        "38", "39", "40", "41", "42", "43", "44", "45", "46", 
        "47", "48", "49", "50", "51", "52", "53", "54", "55", 
        "57", "58", "59", "60", "61", "62", "69", "76", "79", 
        "83", "85", "102")), .Names = ""), class = "table"), 
    No.Tag = structure(c(0L, 0L, 0L, 1L, 0L, 0L, 0L, 0L, 123L, 
    20L, 400L, 8L, 0L, 10L, 0L, 0L, 0L, 0L, 0L, 0L, 0L, 0L, 1L, 
    1L, 44L, 0L, 0L, 0L), .Dim = c(7L, 4L), .Dimnames = structure(list(
        c("-3", "-2", "-1", "0", "1", "2", NA), c("-", "A", "G", 
        NA)), .Names = c("", "")), class = "table"), All.Tags = list(
        Concordant = list(Freqs = structure(c(0, 0, 0, 0, 0, 
        0, 0, 113, 21, 551, 4, 0, 0, 0, 0, 0, 0, 0), .Dim = c(6L, 
        3L), .Dimnames = list(c("-3", "-2", "-1", "0", "1", "2"
        ), c("-", "A", "G"))), N = 689), Majority = list(Freqs = structure(c(0, 
        0, 0, 0, 0, 0, 0, 166, 31, 829, 5, 0, 0, 0, 0, 0, 0, 
        0), .Dim = c(6L, 3L), .Dimnames = list(c("-3", "-2", 
        "-1", "0", "1", "2"), c("-", "A", "G"))), N = 1031)), 
    `2` = structure(c(0, 0, 0, 0, 0, 0, 0, 129, 18, 593, 1, 0, 
    0, 0, 0, 0, 0, 0), .Dim = c(6L, 3L), .Dimnames = list(c("-3", 
    "-2", "-1", "0", "1", "2"), c("-", "A", "G"))))))
