Results <-
list(`bwaOutput/20210421msiMNRsJenny/245838_S33.sam` = list(LR40_SNP1 = list(
    All = list(Freqs = structure(c(0L, 0L, 1L, 25L, 0L, 0L, 1L, 
    25L, 1752L, 4425L, 15L, 36L, 0L, 0L, 1L, 0L, 0L, 0L, 0L, 
    0L, 15L, 47L, 0L, 0L), .Dim = c(6L, 4L), .Dimnames = structure(list(
        c("-3", "-2", "-1", "0", "1", NA), c("A", "C", "T", NA
        )), .Names = c("", "")), class = "table"), N = 6343L), 
    Tag.Distribution = structure(c(`1` = 149L, `2` = 33L, `3` = 34L, 
    `4` = 24L, `5` = 36L, `6` = 29L, `7` = 26L, `8` = 24L, `9` = 22L, 
    `10` = 18L, `11` = 18L, `12` = 16L, `13` = 14L, `14` = 12L, 
    `15` = 23L, `16` = 11L, `17` = 16L, `18` = 9L, `19` = 8L, 
    `20` = 9L, `21` = 7L, `22` = 8L, `23` = 7L, `24` = 5L, `25` = 5L, 
    `26` = 6L, `27` = 4L, `28` = 3L, `29` = 4L, `30` = 5L, `31` = 4L, 
    `32` = 2L, `33` = 1L, `34` = 1L, `35` = 1L, `36` = 3L, `37` = 1L, 
    `38` = 4L, `39` = 1L, `40` = 2L, `42` = 3L, `44` = 1L, `45` = 2L, 
    `50` = 1L, `52` = 1L, `54` = 1L, `55` = 1L, `63` = 1L, `67` = 1L
    ), .Dim = 49L, .Dimnames = structure(list(c("1", "2", "3", 
    "4", "5", "6", "7", "8", "9", "10", "11", "12", "13", "14", 
    "15", "16", "17", "18", "19", "20", "21", "22", "23", "24", 
    "25", "26", "27", "28", "29", "30", "31", "32", "33", "34", 
    "35", "36", "37", "38", "39", "40", "42", "44", "45", "50", 
    "52", "54", "55", "63", "67")), .Names = ""), class = "table"), 
    No.Tag = structure(c(0L, 0L, 0L, 0L, 0L, 0L, 0L, 0L, 47L, 
    89L, 0L, 4L, 0L, 0L, 0L, 0L, 0L, 0L, 0L, 0L, 2L, 5L, 0L, 
    0L), .Dim = c(6L, 4L), .Dimnames = structure(list(c("-3", 
    "-2", "-1", "0", "1", NA), c("A", "C", "T", NA)), .Names = c("", 
    "")), class = "table"), All.Tags = list(Concordant = list(
        Freqs = structure(c(0, 0, 0, 0, 0, 0, 0, 138, 373, 0, 
        0, 0, 0, 0, 0), .Dim = c(5L, 3L), .Dimnames = list(c("-3", 
        "-2", "-1", "0", "1"), c("A", "C", "T"))), N = 511), 
        Majority = list(Freqs = structure(c(0, 0, 0, 1, 0, 0, 
        1, 170, 434, 0, 0, 0, 0, 0, 0), .Dim = c(5L, 3L), .Dimnames = list(
            c("-3", "-2", "-1", "0", "1"), c("A", "C", "T"))), 
            N = 606)), `2` = structure(c(0, 0, 0, 1, 0, 0, 1, 
    138, 325, 0, 0, 0, 0, 0, 0), .Dim = c(5L, 3L), .Dimnames = list(
        c("-3", "-2", "-1", "0", "1"), c("A", "C", "T"))))))
