Results <-
list(`bwaOutput/20210421msiMNRsJenny/245838_S33.sam` = list(DEPDC2_SNP1 = list(
    All = list(Freqs = structure(c(0L, 3L, 0L, 0L, 60L, 4759L, 
    29L, 20L, 0L, 44L, 0L, 0L), .Dim = 4:3, .Dimnames = structure(list(
        c("-1", "0", "1", NA), c("C", "T", NA)), .Names = c("", 
    "")), class = "table"), N = 4915L), Tag.Distribution = structure(c(`1` = 185L, 
    `2` = 53L, `3` = 46L, `4` = 39L, `5` = 39L, `6` = 24L, `7` = 28L, 
    `8` = 22L, `9` = 32L, `10` = 17L, `11` = 16L, `12` = 29L, 
    `13` = 13L, `14` = 15L, `15` = 7L, `16` = 10L, `17` = 12L, 
    `18` = 11L, `19` = 4L, `20` = 7L, `21` = 5L, `22` = 4L, `23` = 4L, 
    `24` = 2L, `25` = 2L, `27` = 4L, `28` = 4L, `29` = 2L, `30` = 5L, 
    `31` = 1L, `32` = 1L, `33` = 2L, `34` = 1L, `35` = 1L, `37` = 1L, 
    `39` = 1L, `40` = 1L, `44` = 1L, `48` = 1L), .Dim = 39L, .Dimnames = structure(list(
        c("1", "2", "3", "4", "5", "6", "7", "8", "9", "10", 
        "11", "12", "13", "14", "15", "16", "17", "18", "19", 
        "20", "21", "22", "23", "24", "25", "27", "28", "29", 
        "30", "31", "32", "33", "34", "35", "37", "39", "40", 
        "44", "48")), .Names = ""), class = "table"), No.Tag = structure(c(0L, 
    0L, 0L, 0L, 2L, 146L, 1L, 3L, 0L, 6L, 0L, 0L), .Dim = 4:3, .Dimnames = structure(list(
        c("-1", "0", "1", NA), c("C", "T", NA)), .Names = c("", 
    "")), class = "table"), All.Tags = list(Concordant = list(
        Freqs = structure(c(0, 1, 0, 5, 586, 0), .Dim = 3:2, .Dimnames = list(
            c("-1", "0", "1"), c("C", "T"))), N = 592), Majority = list(
        Freqs = structure(c(0, 1, 0, 5, 634, 0), .Dim = 3:2, .Dimnames = list(
            c("-1", "0", "1"), c("C", "T"))), N = 640)), `2` = structure(c(0, 
    0, 0, 4, 461, 0), .Dim = 3:2, .Dimnames = list(c("-1", "0", 
    "1"), c("C", "T"))))))
