Results <-
list(`bwaOutput/20210421msiMNRsJenny/245836_S16.sam` = list(LR48_SNP1 = list(
    All = list(Freqs = structure(c(0L, 0L, 1L, 0L, 0L, 5L, 125L, 
    3162L, 37L, 17L, 17L, 1088L, 2163L, 26L, 25L, 0L, 10L, 139L, 
    1L, 0L), .Dim = 5:4, .Dimnames = structure(list(c("-2", "-1", 
    "0", "1", NA), c("A", "C", "T", NA)), .Names = c("", "")), class = "table"), 
        N = 6816L), Tag.Distribution = structure(c(`1` = 147L, 
    `2` = 20L, `3` = 16L, `4` = 10L, `5` = 7L, `6` = 10L, `7` = 13L, 
    `8` = 7L, `9` = 11L, `10` = 7L, `11` = 10L, `12` = 8L, `13` = 11L, 
    `14` = 5L, `15` = 11L, `16` = 11L, `17` = 8L, `18` = 12L, 
    `19` = 9L, `20` = 5L, `21` = 7L, `22` = 7L, `23` = 5L, `24` = 9L, 
    `25` = 3L, `26` = 6L, `27` = 4L, `28` = 5L, `29` = 5L, `30` = 3L, 
    `31` = 2L, `32` = 4L, `33` = 4L, `34` = 3L, `35` = 3L, `36` = 3L, 
    `37` = 3L, `38` = 4L, `39` = 5L, `41` = 3L, `42` = 2L, `43` = 3L, 
    `44` = 2L, `45` = 2L, `46` = 1L, `47` = 2L, `48` = 2L, `49` = 1L, 
    `50` = 1L, `51` = 2L, `52` = 1L, `53` = 1L, `55` = 1L, `56` = 1L, 
    `57` = 2L, `58` = 2L, `60` = 2L, `61` = 2L, `64` = 1L, `65` = 1L, 
    `69` = 1L, `76` = 1L, `141` = 1L), .Dim = 63L, .Dimnames = structure(list(
        c("1", "2", "3", "4", "5", "6", "7", "8", "9", "10", 
        "11", "12", "13", "14", "15", "16", "17", "18", "19", 
        "20", "21", "22", "23", "24", "25", "26", "27", "28", 
        "29", "30", "31", "32", "33", "34", "35", "36", "37", 
        "38", "39", "41", "42", "43", "44", "45", "46", "47", 
        "48", "49", "50", "51", "52", "53", "55", "56", "57", 
        "58", "60", "61", "64", "65", "69", "76", "141")), .Names = ""), class = "table"), 
    No.Tag = structure(c(0L, 0L, 0L, 0L, 0L, 0L, 5L, 146L, 5L, 
    2L, 1L, 44L, 33L, 0L, 1L, 0L, 1L, 14L, 0L, 0L), .Dim = 5:4, .Dimnames = structure(list(
        c("-2", "-1", "0", "1", NA), c("A", "C", "T", NA)), .Names = c("", 
    "")), class = "table"), All.Tags = list(Concordant = list(
        Freqs = structure(c(0, 0, 0, 0, 1, 8, 149, 1, 0, 40, 
        101, 0), .Dim = 4:3, .Dimnames = list(c("-2", "-1", "0", 
        "1"), c("A", "C", "T"))), N = 300), Majority = list(Freqs = structure(c(0, 
    0, 0, 0, 1, 9, 220, 1, 0, 58, 152, 0), .Dim = 4:3, .Dimnames = list(
        c("-2", "-1", "0", "1"), c("A", "C", "T"))), N = 441)), 
    `2` = structure(c(0, 0, 0, 0, 0, 3, 154, 0, 0, 46, 110, 0
    ), .Dim = 4:3, .Dimnames = list(c("-2", "-1", "0", "1"), 
        c("A", "C", "T"))))))
