Results <-
list(`bwaOutput/20210421msiMNRsJenny/245838_S33.sam` = list(GM29_SNP1 = list(
    All = list(Freqs = structure(c(0L, 0L, 1L, 0L, 0L, 469L, 
    600L, 5822L, 14L, 15L, 0L, 0L, 2L, 0L, 0L, 0L, 0L, 1L, 0L, 
    0L, 0L, 3L, 62L, 0L, 0L), .Dim = c(5L, 5L), .Dimnames = structure(list(
        c("-2", "-1", "0", "1", NA), c("-", "A", "G", "T", NA
        )), .Names = c("", "")), class = "table"), N = 6989L), 
    Tag.Distribution = structure(c(`1` = 128L, `2` = 43L, `3` = 37L, 
    `4` = 34L, `5` = 33L, `6` = 23L, `7` = 19L, `8` = 22L, `9` = 32L, 
    `10` = 21L, `11` = 20L, `12` = 18L, `13` = 11L, `14` = 18L, 
    `15` = 14L, `16` = 9L, `17` = 12L, `18` = 17L, `19` = 15L, 
    `20` = 9L, `21` = 10L, `22` = 10L, `23` = 11L, `24` = 6L, 
    `25` = 6L, `26` = 5L, `27` = 5L, `28` = 4L, `29` = 6L, `30` = 3L, 
    `31` = 2L, `32` = 3L, `33` = 3L, `34` = 1L, `35` = 3L, `36` = 2L, 
    `37` = 6L, `38` = 2L, `40` = 3L, `42` = 1L, `46` = 2L, `49` = 1L, 
    `50` = 1L, `56` = 1L, `62` = 2L, `70` = 1L, `78` = 1L), .Dim = 47L, .Dimnames = structure(list(
        c("1", "2", "3", "4", "5", "6", "7", "8", "9", "10", 
        "11", "12", "13", "14", "15", "16", "17", "18", "19", 
        "20", "21", "22", "23", "24", "25", "26", "27", "28", 
        "29", "30", "31", "32", "33", "34", "35", "36", "37", 
        "38", "40", "42", "46", "49", "50", "56", "62", "70", 
        "78")), .Names = ""), class = "table"), No.Tag = structure(c(0L, 
    0L, 0L, 0L, 0L, 11L, 14L, 160L, 1L, 3L, 0L, 0L, 0L, 0L, 0L, 
    0L, 0L, 0L, 0L, 0L, 0L, 0L, 4L, 0L, 0L), .Dim = c(5L, 5L), .Dimnames = structure(list(
        c("-2", "-1", "0", "1", NA), c("-", "A", "G", "T", NA
        )), .Names = c("", "")), class = "table"), All.Tags = list(
        Concordant = list(Freqs = structure(c(0, 0, 0, 0, 39, 
        30, 461, 1, 0, 0, 0, 0, 0, 0, 0, 0), .Dim = c(4L, 4L), .Dimnames = list(
            c("-2", "-1", "0", "1"), c("-", "A", "G", "T"))), 
            N = 531), Majority = list(Freqs = structure(c(0, 
        0, 0, 0, 48, 41, 540, 1, 0, 0, 0, 0, 0, 0, 0, 0), .Dim = c(4L, 
        4L), .Dimnames = list(c("-2", "-1", "0", "1"), c("-", 
        "A", "G", "T"))), N = 630)), `2` = structure(c(0, 0, 
    0, 0, 41, 35, 430, 0, 0, 0, 0, 0, 0, 0, 0, 0), .Dim = c(4L, 
    4L), .Dimnames = list(c("-2", "-1", "0", "1"), c("-", "A", 
    "G", "T"))))))
