Results <-
list(`bwaOutput/20210421msiMNRsJenny/245836_S16.sam` = list(GM29_SNP1 = list(
    All = list(Freqs = structure(c(0L, 2L, 35L, 0L, 0L, 4L, 275L, 
    5208L, 17L, 14L, 0L, 4L, 74L, 0L, 0L), .Dim = c(5L, 3L), .Dimnames = structure(list(
        c("-2", "-1", "0", "1", NA), c("A", "G", NA)), .Names = c("", 
    "")), class = "table"), N = 5633L), Tag.Distribution = structure(c(`1` = 108L, 
    `2` = 29L, `3` = 17L, `4` = 19L, `5` = 16L, `6` = 18L, `7` = 10L, 
    `8` = 15L, `9` = 8L, `10` = 12L, `11` = 12L, `12` = 23L, 
    `13` = 17L, `14` = 6L, `15` = 17L, `16` = 8L, `17` = 1L, 
    `18` = 11L, `19` = 5L, `20` = 8L, `21` = 10L, `22` = 3L, 
    `23` = 4L, `24` = 6L, `25` = 3L, `26` = 2L, `27` = 5L, `28` = 2L, 
    `29` = 4L, `30` = 5L, `32` = 2L, `33` = 4L, `34` = 4L, `36` = 2L, 
    `37` = 1L, `39` = 1L, `40` = 1L, `41` = 2L, `42` = 2L, `43` = 4L, 
    `44` = 3L, `46` = 1L, `47` = 2L, `49` = 1L, `50` = 1L, `51` = 3L, 
    `53` = 1L, `55` = 3L, `56` = 1L, `64` = 1L, `65` = 1L, `75` = 1L
    ), .Dim = 52L, .Dimnames = structure(list(c("1", "2", "3", 
    "4", "5", "6", "7", "8", "9", "10", "11", "12", "13", "14", 
    "15", "16", "17", "18", "19", "20", "21", "22", "23", "24", 
    "25", "26", "27", "28", "29", "30", "32", "33", "34", "36", 
    "37", "39", "40", "41", "42", "43", "44", "46", "47", "49", 
    "50", "51", "53", "55", "56", "64", "65", "75")), .Names = ""), class = "table"), 
    No.Tag = structure(c(0L, 0L, 0L, 0L, 0L, 0L, 11L, 228L, 2L, 
    2L, 0L, 0L, 5L, 0L, 0L), .Dim = c(5L, 3L), .Dimnames = structure(list(
        c("-2", "-1", "0", "1", NA), c("A", "G", NA)), .Names = c("", 
    "")), class = "table"), All.Tags = list(Concordant = list(
        Freqs = structure(c(0, 2, 25, 0, 0, 12, 319, 1), .Dim = c(4L, 
        2L), .Dimnames = list(c("-2", "-1", "0", "1"), c("A", 
        "G"))), N = 359), Majority = list(Freqs = structure(c(0, 
    2, 25, 0, 0, 15, 396, 1), .Dim = c(4L, 2L), .Dimnames = list(
        c("-2", "-1", "0", "1"), c("A", "G"))), N = 439)), `2` = structure(c(0, 
    0, 1, 0, 0, 10, 325, 0), .Dim = c(4L, 2L), .Dimnames = list(
        c("-2", "-1", "0", "1"), c("A", "G"))))))
