Results <-
list(`bwaOutput/20210421msiMNRsJenny/245836_S16.sam` = list(GM14_SNP1 = list(
    All = list(Freqs = structure(c(21L, 782L, 619L, 4208L, 44L, 
    2L, 31L, 0L, 0L, 0L, 11L, 0L, 0L, 0L, 0L, 1L, 0L, 58L, 0L, 
    0L, 0L), .Dim = c(7L, 3L), .Dimnames = structure(list(c("-3", 
    "-2", "-1", "0", "1", "2", NA), c("C", "T", NA)), .Names = c("", 
    "")), class = "table"), N = 5777L), Tag.Distribution = structure(c(`1` = 133L, 
    `2` = 26L, `3` = 24L, `4` = 23L, `5` = 26L, `6` = 15L, `7` = 26L, 
    `8` = 20L, `9` = 9L, `10` = 18L, `11` = 19L, `12` = 12L, 
    `13` = 21L, `14` = 13L, `15` = 16L, `16` = 13L, `17` = 10L, 
    `18` = 10L, `19` = 8L, `20` = 3L, `21` = 7L, `22` = 7L, `23` = 2L, 
    `24` = 10L, `25` = 4L, `26` = 4L, `27` = 3L, `28` = 2L, `29` = 3L, 
    `30` = 7L, `31` = 3L, `32` = 5L, `33` = 5L, `34` = 2L, `35` = 1L, 
    `36` = 2L, `37` = 3L, `38` = 3L, `40` = 3L, `41` = 1L, `42` = 1L, 
    `44` = 1L, `46` = 1L, `48` = 1L, `49` = 3L, `50` = 1L, `56` = 1L
    ), .Dim = 47L, .Dimnames = structure(list(c("1", "2", "3", 
    "4", "5", "6", "7", "8", "9", "10", "11", "12", "13", "14", 
    "15", "16", "17", "18", "19", "20", "21", "22", "23", "24", 
    "25", "26", "27", "28", "29", "30", "31", "32", "33", "34", 
    "35", "36", "37", "38", "40", "41", "42", "44", "46", "48", 
    "49", "50", "56")), .Names = ""), class = "table"), No.Tag = structure(c(0L, 
    5L, 8L, 130L, 1L, 0L, 1L, 0L, 0L, 0L, 0L, 0L, 0L, 0L, 0L, 
    0L, 0L, 5L, 0L, 0L, 0L), .Dim = c(7L, 3L), .Dimnames = structure(list(
        c("-3", "-2", "-1", "0", "1", "2", NA), c("C", "T", NA
        )), .Names = c("", "")), class = "table"), All.Tags = list(
        Concordant = list(Freqs = structure(c(1, 66, 48, 259, 
        1, 0, 0, 0, 0, 10, 0, 0), .Dim = c(6L, 2L), .Dimnames = list(
            c("-3", "-2", "-1", "0", "1", "2"), c("C", "T"))), 
            N = 385), Majority = list(Freqs = structure(c(1, 
        78, 56, 372, 1, 0, 0, 0, 0, 10, 0, 0), .Dim = c(6L, 2L
        ), .Dimnames = list(c("-3", "-2", "-1", "0", "1", "2"
        ), c("C", "T"))), N = 518)), `2` = structure(c(1, 62, 
    37, 294, 0, 0, 0, 0, 0, 0, 0, 0), .Dim = c(6L, 2L), .Dimnames = list(
        c("-3", "-2", "-1", "0", "1", "2"), c("C", "T"))))))
