Results <-
list(`bwaOutput/20210421msiMNRsJenny/245836_S16.sam` = list(LR44_SNP1 = list(
    All = list(Freqs = structure(c(0L, 0L, 0L, 1L, 33L, 0L, 0L, 
    0L, 0L, 0L, 0L, 1L, 0L, 0L, 0L, 0L, 25L, 450L, 446L, 515L, 
    3285L, 63L, 2L, 30L, 0L, 3L, 0L, 8L, 52L, 1L, 0L, 0L), .Dim = c(8L, 
    4L), .Dimnames = structure(list(c("-4", "-3", "-2", "-1", 
    "0", "1", "2", NA), c("C", "G", "T", NA)), .Names = c("", 
    "")), class = "table"), N = 4915L), Tag.Distribution = structure(c(`1` = 108L, 
    `2` = 26L, `3` = 20L, `4` = 18L, `5` = 18L, `6` = 11L, `7` = 19L, 
    `8` = 11L, `9` = 17L, `10` = 10L, `11` = 9L, `12` = 12L, 
    `13` = 13L, `14` = 8L, `15` = 8L, `16` = 9L, `17` = 7L, `18` = 7L, 
    `19` = 5L, `20` = 3L, `21` = 2L, `22` = 4L, `23` = 5L, `24` = 9L, 
    `25` = 7L, `26` = 7L, `27` = 8L, `28` = 4L, `29` = 4L, `30` = 3L, 
    `31` = 6L, `32` = 2L, `33` = 3L, `34` = 2L, `35` = 2L, `36` = 2L, 
    `37` = 1L, `38` = 2L, `39` = 1L, `40` = 1L, `41` = 1L, `42` = 2L, 
    `44` = 1L, `45` = 2L, `46` = 1L, `48` = 1L, `53` = 1L, `54` = 1L, 
    `55` = 1L, `56` = 1L, `67` = 1L), .Dim = 51L, .Dimnames = structure(list(
        c("1", "2", "3", "4", "5", "6", "7", "8", "9", "10", 
        "11", "12", "13", "14", "15", "16", "17", "18", "19", 
        "20", "21", "22", "23", "24", "25", "26", "27", "28", 
        "29", "30", "31", "32", "33", "34", "35", "36", "37", 
        "38", "39", "40", "41", "42", "44", "45", "46", "48", 
        "53", "54", "55", "56", "67")), .Names = ""), class = "table"), 
    No.Tag = structure(c(0L, 0L, 0L, 0L, 1L, 0L, 0L, 0L, 0L, 
    0L, 0L, 0L, 0L, 0L, 0L, 0L, 0L, 8L, 4L, 8L, 42L, 0L, 0L, 
    0L, 0L, 1L, 0L, 0L, 0L, 0L, 0L, 0L), .Dim = c(8L, 4L), .Dimnames = structure(list(
        c("-4", "-3", "-2", "-1", "0", "1", "2", NA), c("C", 
        "G", "T", NA)), .Names = c("", "")), class = "table"), 
    All.Tags = list(Concordant = list(Freqs = structure(c(0, 
    0, 0, 0, 6, 0, 0, 0, 0, 0, 0, 0, 0, 0, 1, 37, 27, 26, 161, 
    0, 0), .Dim = c(7L, 3L), .Dimnames = list(c("-4", "-3", "-2", 
    "-1", "0", "1", "2"), c("C", "G", "T"))), N = 258), Majority = list(
        Freqs = structure(c(0, 0, 0, 0, 7, 0, 0, 0, 0, 0, 0, 
        0, 0, 0, 1, 41, 36, 31, 300, 0, 0), .Dim = c(7L, 3L), .Dimnames = list(
            c("-4", "-3", "-2", "-1", "0", "1", "2"), c("C", 
            "G", "T"))), N = 416)), `2` = structure(c(0, 0, 0, 
    0, 2, 0, 0, 0, 0, 0, 0, 0, 0, 0, 1, 33, 28, 18, 232, 0, 0
    ), .Dim = c(7L, 3L), .Dimnames = list(c("-4", "-3", "-2", 
    "-1", "0", "1", "2"), c("C", "G", "T"))))))
