Results <-
list(`bwaOutput/20210421msiMNRsJenny/245836_S16.sam` = list(GM22_SNP1 = list(
    All = list(Freqs = structure(c(13L, 1402L, 7745L, 34L, 37L, 
    0L, 0L, 9L, 0L, 0L, 1L, 11L, 124L, 1L, 0L), .Dim = c(5L, 
    3L), .Dimnames = structure(list(c("-2", "-1", "0", "1", NA
    ), c("A", "G", NA)), .Names = c("", "")), class = "table"), 
        N = 9377L), Tag.Distribution = structure(c(`1` = 222L, 
    `2` = 27L, `3` = 29L, `4` = 15L, `5` = 23L, `6` = 21L, `7` = 20L, 
    `8` = 30L, `9` = 35L, `10` = 16L, `11` = 23L, `12` = 10L, 
    `13` = 18L, `14` = 15L, `15` = 17L, `16` = 5L, `17` = 20L, 
    `18` = 15L, `19` = 16L, `20` = 12L, `21` = 8L, `22` = 4L, 
    `23` = 5L, `24` = 8L, `25` = 13L, `26` = 3L, `27` = 5L, `28` = 8L, 
    `29` = 3L, `30` = 5L, `31` = 5L, `32` = 2L, `33` = 6L, `34` = 7L, 
    `35` = 6L, `37` = 10L, `38` = 1L, `39` = 5L, `40` = 4L, `41` = 2L, 
    `43` = 3L, `44` = 2L, `45` = 2L, `46` = 5L, `47` = 2L, `49` = 3L, 
    `50` = 3L, `51` = 2L, `52` = 3L, `53` = 1L, `54` = 1L, `55` = 1L, 
    `58` = 1L, `59` = 1L, `62` = 1L, `63` = 1L, `64` = 1L, `65` = 1L, 
    `83` = 1L, `130` = 1L), .Dim = 60L, .Dimnames = structure(list(
        c("1", "2", "3", "4", "5", "6", "7", "8", "9", "10", 
        "11", "12", "13", "14", "15", "16", "17", "18", "19", 
        "20", "21", "22", "23", "24", "25", "26", "27", "28", 
        "29", "30", "31", "32", "33", "34", "35", "37", "38", 
        "39", "40", "41", "43", "44", "45", "46", "47", "49", 
        "50", "51", "52", "53", "54", "55", "58", "59", "62", 
        "63", "64", "65", "83", "130")), .Names = ""), class = "table"), 
    No.Tag = structure(c(0L, 71L, 264L, 0L, 2L, 0L, 0L, 1L, 0L, 
    0L, 0L, 0L, 10L, 0L, 0L), .Dim = c(5L, 3L), .Dimnames = structure(list(
        c("-2", "-1", "0", "1", NA), c("A", "G", NA)), .Names = c("", 
    "")), class = "table"), All.Tags = list(Concordant = list(
        Freqs = structure(c(0, 71, 514, 1, 0, 0, 7, 0), .Dim = c(4L, 
        2L), .Dimnames = list(c("-2", "-1", "0", "1"), c("A", 
        "G"))), N = 593), Majority = list(Freqs = structure(c(0, 
    88, 613, 1, 0, 0, 7, 0), .Dim = c(4L, 2L), .Dimnames = list(
        c("-2", "-1", "0", "1"), c("A", "G"))), N = 709)), `2` = structure(c(0, 
    67, 442, 0, 0, 0, 0, 0), .Dim = c(4L, 2L), .Dimnames = list(
        c("-2", "-1", "0", "1"), c("A", "G"))))))
