Results <-
list(`bwaOutput/20210421msiMNRsJenny/245836_S16.sam` = list(GM17_SNP1 = list(
    All = list(Freqs = structure(c(2L, 875L, 2237L, 6L, 11L, 
    1L, 46L, 3346L, 18L, 0L, 0L, 8L, 197L, 1L, 0L), .Dim = c(5L, 
    3L), .Dimnames = structure(list(c("-2", "-1", "0", "1", NA
    ), c("C", "T", NA)), .Names = c("", "")), class = "table"), 
        N = 6748L), Tag.Distribution = structure(c(`1` = 183L, 
    `2` = 26L, `3` = 25L, `4` = 20L, `5` = 20L, `6` = 17L, `7` = 22L, 
    `8` = 20L, `9` = 13L, `10` = 20L, `11` = 9L, `12` = 13L, 
    `13` = 13L, `14` = 9L, `15` = 8L, `16` = 4L, `17` = 6L, `18` = 13L, 
    `19` = 11L, `20` = 6L, `21` = 6L, `22` = 10L, `23` = 5L, 
    `24` = 8L, `25` = 9L, `26` = 8L, `27` = 4L, `28` = 7L, `29` = 6L, 
    `30` = 4L, `31` = 3L, `32` = 2L, `33` = 3L, `34` = 2L, `35` = 8L, 
    `36` = 7L, `37` = 2L, `38` = 4L, `39` = 2L, `40` = 1L, `41` = 4L, 
    `42` = 2L, `43` = 2L, `44` = 2L, `45` = 2L, `46` = 2L, `47` = 3L, 
    `52` = 1L, `53` = 1L, `54` = 1L, `55` = 1L, `56` = 1L, `58` = 1L
    ), .Dim = 53L, .Dimnames = structure(list(c("1", "2", "3", 
    "4", "5", "6", "7", "8", "9", "10", "11", "12", "13", "14", 
    "15", "16", "17", "18", "19", "20", "21", "22", "23", "24", 
    "25", "26", "27", "28", "29", "30", "31", "32", "33", "34", 
    "35", "36", "37", "38", "39", "40", "41", "42", "43", "44", 
    "45", "46", "47", "52", "53", "54", "55", "56", "58")), .Names = ""), class = "table"), 
    No.Tag = structure(c(0L, 6L, 56L, 0L, 1L, 0L, 1L, 93L, 1L, 
    0L, 0L, 0L, 11L, 0L, 0L), .Dim = c(5L, 3L), .Dimnames = structure(list(
        c("-2", "-1", "0", "1", NA), c("C", "T", NA)), .Names = c("", 
    "")), class = "table"), All.Tags = list(Concordant = list(
        Freqs = structure(c(1, 57, 180, 1, 1, 1, 240, 2), .Dim = c(4L, 
        2L), .Dimnames = list(c("-2", "-1", "0", "1"), c("C", 
        "T"))), N = 483), Majority = list(Freqs = structure(c(1, 
    63, 206, 1, 1, 1, 283, 2), .Dim = c(4L, 2L), .Dimnames = list(
        c("-2", "-1", "0", "1"), c("C", "T"))), N = 558)), `2` = structure(c(0, 
    51, 141, 0, 0, 0, 202, 0), .Dim = c(4L, 2L), .Dimnames = list(
        c("-2", "-1", "0", "1"), c("C", "T"))))))
