Results <-
list(`bwaOutput/20210421msiMNRsJenny/245836_S16.sam` = list(LR52_SNP1 = list(
    All = list(Freqs = structure(c(0L, 0L, 0L, 0L, 1L, 0L, 0L, 
    0L, 83L, 515L, 470L, 1578L, 11L, 46L, 173L, 650L, 16L, 150L, 
    1695L, 16L, 26L, 0L, 2L, 6L, 24L, 547L, 4L, 0L), .Dim = c(7L, 
    4L), .Dimnames = structure(list(c("-4", "-3", "-2", "-1", 
    "0", "1", NA), c("A", "C", "T", NA)), .Names = c("", "")), class = "table"), 
        N = 6013L), Tag.Distribution = structure(c(`1` = 81L, 
    `2` = 19L, `3` = 16L, `4` = 16L, `5` = 14L, `6` = 10L, `7` = 19L, 
    `8` = 13L, `9` = 18L, `10` = 9L, `11` = 11L, `12` = 8L, `13` = 10L, 
    `14` = 6L, `15` = 9L, `16` = 5L, `17` = 11L, `18` = 9L, `19` = 9L, 
    `20` = 3L, `21` = 7L, `22` = 5L, `23` = 3L, `24` = 7L, `25` = 1L, 
    `26` = 7L, `27` = 4L, `28` = 5L, `29` = 3L, `30` = 6L, `31` = 6L, 
    `32` = 5L, `33` = 2L, `34` = 4L, `35` = 5L, `36` = 3L, `37` = 3L, 
    `38` = 3L, `39` = 2L, `40` = 2L, `41` = 4L, `42` = 2L, `43` = 2L, 
    `44` = 1L, `45` = 1L, `46` = 3L, `47` = 2L, `48` = 1L, `50` = 1L, 
    `60` = 2L, `65` = 1L, `72` = 1L, `77` = 1L, `80` = 1L, `101` = 1L, 
    `121` = 1L), .Dim = 56L, .Dimnames = structure(list(c("1", 
    "2", "3", "4", "5", "6", "7", "8", "9", "10", "11", "12", 
    "13", "14", "15", "16", "17", "18", "19", "20", "21", "22", 
    "23", "24", "25", "26", "27", "28", "29", "30", "31", "32", 
    "33", "34", "35", "36", "37", "38", "39", "40", "41", "42", 
    "43", "44", "45", "46", "47", "48", "50", "60", "65", "72", 
    "77", "80", "101", "121")), .Names = ""), class = "table"), 
    No.Tag = structure(c(0L, 0L, 0L, 0L, 0L, 0L, 0L, 0L, 2L, 
    10L, 3L, 24L, 0L, 1L, 1L, 6L, 1L, 2L, 46L, 1L, 2L, 0L, 0L, 
    0L, 3L, 16L, 0L, 0L), .Dim = c(7L, 4L), .Dimnames = structure(list(
        c("-4", "-3", "-2", "-1", "0", "1", NA), c("A", "C", 
        "T", NA)), .Names = c("", "")), class = "table"), All.Tags = list(
        Concordant = list(Freqs = structure(c(0, 0, 0, 0, 0, 
        0, 0, 3, 19, 14, 49, 2, 9, 37, 1, 1, 67, 0), .Dim = c(6L, 
        3L), .Dimnames = list(c("-4", "-3", "-2", "-1", "0", 
        "1"), c("A", "C", "T"))), N = 202), Majority = list(Freqs = structure(c(0, 
        0, 0, 0, 0, 0, 0, 3, 29, 24, 126, 2, 10, 45, 1, 2, 131, 
        0), .Dim = c(6L, 3L), .Dimnames = list(c("-4", "-3", 
        "-2", "-1", "0", "1"), c("A", "C", "T"))), N = 373)), 
    `2` = structure(c(0, 0, 0, 0, 0, 0, 0, 3, 26, 20, 109, 0, 
    9, 39, 0, 1, 106, 0), .Dim = c(6L, 3L), .Dimnames = list(
        c("-4", "-3", "-2", "-1", "0", "1"), c("A", "C", "T"))))))
