Results <-
list(`bwaOutput/20210421msiMNRsJenny/245836_S16.sam` = list(DEPDC2_SNP1 = list(
    All = list(Freqs = structure(c(0L, 2L, 0L, 0L, 15L, 2172L, 
    8L, 12L, 24L, 2835L, 17L, 12L, 1L, 64L, 0L, 0L), .Dim = c(4L, 
    4L), .Dimnames = structure(list(c("-1", "0", "1", NA), c("A", 
    "C", "T", NA)), .Names = c("", "")), class = "table"), N = 5162L), 
    Tag.Distribution = structure(c(`1` = 186L, `2` = 31L, `3` = 16L, 
    `4` = 22L, `5` = 15L, `6` = 15L, `7` = 21L, `8` = 14L, `9` = 14L, 
    `10` = 20L, `11` = 17L, `12` = 12L, `13` = 14L, `14` = 12L, 
    `15` = 13L, `16` = 11L, `17` = 10L, `18` = 8L, `19` = 9L, 
    `20` = 7L, `21` = 4L, `22` = 4L, `23` = 4L, `24` = 4L, `25` = 4L, 
    `26` = 4L, `27` = 3L, `28` = 3L, `29` = 4L, `30` = 7L, `31` = 6L, 
    `32` = 2L, `33` = 3L, `34` = 1L, `35` = 1L, `36` = 2L, `38` = 2L, 
    `39` = 2L, `40` = 2L, `42` = 1L, `44` = 3L, `47` = 1L, `55` = 1L, 
    `58` = 1L, `59` = 1L), .Dim = 45L, .Dimnames = structure(list(
        c("1", "2", "3", "4", "5", "6", "7", "8", "9", "10", 
        "11", "12", "13", "14", "15", "16", "17", "18", "19", 
        "20", "21", "22", "23", "24", "25", "26", "27", "28", 
        "29", "30", "31", "32", "33", "34", "35", "36", "38", 
        "39", "40", "42", "44", "47", "55", "58", "59")), .Names = ""), class = "table"), 
    No.Tag = structure(c(0L, 0L, 0L, 0L, 1L, 45L, 0L, 7L, 1L, 
    115L, 1L, 1L, 0L, 8L, 0L, 0L), .Dim = c(4L, 4L), .Dimnames = structure(list(
        c("-1", "0", "1", NA), c("A", "C", "T", NA)), .Names = c("", 
    "")), class = "table"), All.Tags = list(Concordant = list(
        Freqs = structure(c(0, 0, 0, 1, 205, 0, 0, 237, 2), .Dim = c(3L, 
        3L), .Dimnames = list(c("-1", "0", "1"), c("A", "C", 
        "T"))), N = 445), Majority = list(Freqs = structure(c(0, 
    0, 0, 2, 235, 0, 0, 283, 2), .Dim = c(3L, 3L), .Dimnames = list(
        c("-1", "0", "1"), c("A", "C", "T"))), N = 522)), `2` = structure(c(0, 
    0, 0, 1, 158, 0, 0, 187, 0), .Dim = c(3L, 3L), .Dimnames = list(
        c("-1", "0", "1"), c("A", "C", "T"))))))
