Results <-
list(`bwaOutput/20210421msiMNRsJenny/245836_S16.sam` = list(IM16_SNP1 = list(
    All = list(Freqs = structure(c(1L, 9L, 0L, 0L, 0L, 135L, 
    5745L, 65L, 2L, 9L, 1L, 100L, 5L, 0L, 0L), .Dim = c(5L, 3L
    ), .Dimnames = structure(list(c("-1", "0", "1", "2", NA), 
        c("A", "G", NA)), .Names = c("", "")), class = "table"), 
        N = 6072L), Tag.Distribution = structure(c(`1` = 120L, 
    `2` = 21L, `3` = 21L, `4` = 12L, `5` = 19L, `6` = 19L, `7` = 13L, 
    `8` = 10L, `9` = 14L, `10` = 18L, `11` = 12L, `12` = 13L, 
    `13` = 11L, `14` = 12L, `15` = 14L, `16` = 10L, `17` = 11L, 
    `18` = 4L, `19` = 8L, `20` = 9L, `21` = 8L, `22` = 8L, `23` = 3L, 
    `24` = 2L, `25` = 3L, `26` = 5L, `27` = 2L, `28` = 4L, `29` = 8L, 
    `30` = 4L, `31` = 6L, `32` = 3L, `33` = 2L, `34` = 3L, `35` = 3L, 
    `37` = 4L, `38` = 5L, `39` = 2L, `40` = 1L, `41` = 1L, `42` = 3L, 
    `44` = 1L, `45` = 1L, `46` = 1L, `47` = 4L, `48` = 1L, `49` = 1L, 
    `50` = 1L, `51` = 1L, `55` = 2L, `59` = 1L, `62` = 2L, `63` = 1L, 
    `67` = 1L, `74` = 1L), .Dim = 55L, .Dimnames = structure(list(
        c("1", "2", "3", "4", "5", "6", "7", "8", "9", "10", 
        "11", "12", "13", "14", "15", "16", "17", "18", "19", 
        "20", "21", "22", "23", "24", "25", "26", "27", "28", 
        "29", "30", "31", "32", "33", "34", "35", "37", "38", 
        "39", "40", "41", "42", "44", "45", "46", "47", "48", 
        "49", "50", "51", "55", "59", "62", "63", "67", "74")), .Names = ""), class = "table"), 
    No.Tag = structure(c(0L, 0L, 0L, 0L, 0L, 20L, 131L, 4L, 0L, 
    2L, 0L, 14L, 2L, 0L, 0L), .Dim = c(5L, 3L), .Dimnames = structure(list(
        c("-1", "0", "1", "2", NA), c("A", "G", NA)), .Names = c("", 
    "")), class = "table"), All.Tags = list(Concordant = list(
        Freqs = structure(c(1, 7, 0, 0, 9, 361, 2, 0), .Dim = c(4L, 
        2L), .Dimnames = list(c("-1", "0", "1", "2"), c("A", 
        "G"))), N = 380), Majority = list(Freqs = structure(c(1, 
    7, 0, 0, 11, 440, 2, 0), .Dim = c(4L, 2L), .Dimnames = list(
        c("-1", "0", "1", "2"), c("A", "G"))), N = 461)), `2` = structure(c(0, 
    0, 0, 0, 8, 339, 0, 0), .Dim = c(4L, 2L), .Dimnames = list(
        c("-1", "0", "1", "2"), c("A", "G"))))))
