Results <-
list(`bwaOutput/20210421msiMNRsJenny/245836_S16.sam` = list(LR49_SNP1 = list(
    All = list(Freqs = structure(c(68L, 8342L, 3L, 19L, 0L, 33L, 
    0L, 0L, 0L, 2L, 0L, 0L, 1L, 180L, 0L, 0L), .Dim = c(4L, 4L
    ), .Dimnames = structure(list(c("-1", "0", "1", NA), c("A", 
    "G", "T", NA)), .Names = c("", "")), class = "table"), N = 8648L), 
    Tag.Distribution = structure(c(`1` = 223L, `2` = 50L, `3` = 41L, 
    `4` = 32L, `5` = 38L, `6` = 30L, `7` = 26L, `8` = 20L, `9` = 16L, 
    `10` = 17L, `11` = 29L, `12` = 25L, `13` = 21L, `14` = 12L, 
    `15` = 13L, `16` = 20L, `17` = 11L, `18` = 23L, `19` = 15L, 
    `20` = 12L, `21` = 15L, `22` = 8L, `23` = 11L, `24` = 8L, 
    `25` = 9L, `26` = 5L, `27` = 8L, `28` = 6L, `29` = 5L, `30` = 8L, 
    `31` = 4L, `32` = 2L, `33` = 4L, `34` = 1L, `35` = 3L, `36` = 2L, 
    `37` = 3L, `38` = 1L, `41` = 1L, `42` = 1L, `43` = 2L, `44` = 4L, 
    `48` = 1L, `49` = 2L, `50` = 1L, `51` = 1L, `53` = 1L, `54` = 2L, 
    `56` = 1L, `57` = 1L, `60` = 1L, `63` = 1L, `66` = 1L, `68` = 1L, 
    `70` = 1L, `76` = 1L), .Dim = 56L, .Dimnames = structure(list(
        c("1", "2", "3", "4", "5", "6", "7", "8", "9", "10", 
        "11", "12", "13", "14", "15", "16", "17", "18", "19", 
        "20", "21", "22", "23", "24", "25", "26", "27", "28", 
        "29", "30", "31", "32", "33", "34", "35", "36", "37", 
        "38", "41", "42", "43", "44", "48", "49", "50", "51", 
        "53", "54", "56", "57", "60", "63", "66", "68", "70", 
        "76")), .Names = ""), class = "table"), No.Tag = structure(c(2L, 
    321L, 0L, 6L, 0L, 0L, 0L, 0L, 0L, 0L, 0L, 0L, 0L, 9L, 0L, 
    0L), .Dim = c(4L, 4L), .Dimnames = structure(list(c("-1", 
    "0", "1", NA), c("A", "G", "T", NA)), .Names = c("", "")), class = "table"), 
    All.Tags = list(Concordant = list(Freqs = structure(c(4, 
    712, 0, 0, 23, 0, 0, 0, 0), .Dim = c(3L, 3L), .Dimnames = list(
        c("-1", "0", "1"), c("A", "G", "T"))), N = 739), Majority = list(
        Freqs = structure(c(6, 744, 0, 0, 23, 0, 0, 0, 0), .Dim = c(3L, 
        3L), .Dimnames = list(c("-1", "0", "1"), c("A", "G", 
        "T"))), N = 773)), `2` = structure(c(4, 571, 0, 0, 0, 
    0, 0, 0, 0), .Dim = c(3L, 3L), .Dimnames = list(c("-1", "0", 
    "1"), c("A", "G", "T"))))))
