Results <-
list(`bwaOutput/20210421msiMNRsJenny/245836_S16.sam` = list(LR46_SNP1 = list(
    All = list(Freqs = structure(c(0L, 41L, 3204L, 10L, 15L, 
    3L, 754L, 1920L, 6L, 31L, 0L, 1L, 42L, 0L, 0L), .Dim = c(5L, 
    3L), .Dimnames = structure(list(c("-2", "-1", "0", "1", NA
    ), c("G", "T", NA)), .Names = c("", "")), class = "table"), 
        N = 6027L), Tag.Distribution = structure(c(`1` = 140L, 
    `2` = 24L, `3` = 24L, `4` = 16L, `5` = 13L, `6` = 14L, `7` = 13L, 
    `8` = 3L, `9` = 7L, `10` = 10L, `11` = 2L, `12` = 10L, `13` = 5L, 
    `14` = 12L, `15` = 7L, `16` = 9L, `17` = 9L, `18` = 9L, `19` = 7L, 
    `20` = 9L, `21` = 8L, `22` = 6L, `23` = 5L, `24` = 5L, `25` = 3L, 
    `26` = 4L, `27` = 4L, `28` = 3L, `29` = 5L, `30` = 5L, `31` = 1L, 
    `32` = 3L, `33` = 3L, `34` = 5L, `35` = 2L, `36` = 3L, `37` = 1L, 
    `38` = 1L, `39` = 3L, `42` = 3L, `43` = 3L, `44` = 4L, `45` = 1L, 
    `46` = 1L, `47` = 1L, `48` = 1L, `49` = 3L, `50` = 2L, `54` = 2L, 
    `56` = 2L, `57` = 1L, `59` = 1L, `61` = 1L, `62` = 2L, `63` = 1L, 
    `68` = 1L, `69` = 1L, `71` = 1L, `74` = 1L), .Dim = 59L, .Dimnames = structure(list(
        c("1", "2", "3", "4", "5", "6", "7", "8", "9", "10", 
        "11", "12", "13", "14", "15", "16", "17", "18", "19", 
        "20", "21", "22", "23", "24", "25", "26", "27", "28", 
        "29", "30", "31", "32", "33", "34", "35", "36", "37", 
        "38", "39", "42", "43", "44", "45", "46", "47", "48", 
        "49", "50", "54", "56", "57", "59", "61", "62", "63", 
        "68", "69", "71", "74")), .Names = ""), class = "table"), 
    No.Tag = structure(c(0L, 2L, 279L, 0L, 2L, 0L, 8L, 28L, 0L, 
    1L, 0L, 0L, 7L, 0L, 0L), .Dim = c(5L, 3L), .Dimnames = structure(list(
        c("-2", "-1", "0", "1", NA), c("G", "T", NA)), .Names = c("", 
    "")), class = "table"), All.Tags = list(Concordant = list(
        Freqs = structure(c(0, 1, 216, 0, 0, 53, 122, 0), .Dim = c(4L, 
        2L), .Dimnames = list(c("-2", "-1", "0", "1"), c("G", 
        "T"))), N = 392), Majority = list(Freqs = structure(c(0, 
    2, 241, 0, 0, 56, 140, 0), .Dim = c(4L, 2L), .Dimnames = list(
        c("-2", "-1", "0", "1"), c("G", "T"))), N = 439)), `2` = structure(c(0, 
    2, 157, 0, 0, 47, 99, 0), .Dim = c(4L, 2L), .Dimnames = list(
        c("-2", "-1", "0", "1"), c("G", "T"))))))
