Results <-
list(`bwaOutput/20210421msiMNRsJenny/245838_S33.sam` = list(IM16_SNP1 = list(
    All = list(Freqs = structure(c(0L, 327L, 3111L, 39L, 2L, 
    0L, 0L, 1L, 0L, 0L, 1L, 129L, 3315L, 45L, 5L, 0L, 0L, 1L, 
    0L, 0L, 0L, 4L, 79L, 4L, 0L), .Dim = c(5L, 5L), .Dimnames = structure(list(
        c("-2", "-1", "0", "1", NA), c("A", "C", "G", "T", NA
        )), .Names = c("", "")), class = "table"), N = 7063L), 
    Tag.Distribution = structure(c(`1` = 129L, `2` = 47L, `3` = 34L, 
    `4` = 41L, `5` = 28L, `6` = 23L, `7` = 23L, `8` = 17L, `9` = 22L, 
    `10` = 22L, `11` = 15L, `12` = 18L, `13` = 22L, `14` = 22L, 
    `15` = 14L, `16` = 10L, `17` = 12L, `18` = 8L, `19` = 10L, 
    `20` = 9L, `21` = 13L, `22` = 7L, `23` = 6L, `24` = 10L, 
    `25` = 7L, `26` = 1L, `27` = 6L, `28` = 5L, `29` = 4L, `30` = 7L, 
    `31` = 4L, `32` = 3L, `33` = 8L, `34` = 2L, `35` = 2L, `36` = 1L, 
    `37` = 2L, `38` = 1L, `40` = 3L, `41` = 1L, `42` = 2L, `44` = 1L, 
    `45` = 3L, `46` = 2L, `47` = 1L, `48` = 1L, `49` = 1L, `51` = 1L, 
    `59` = 2L, `70` = 1L, `75` = 1L), .Dim = 51L, .Dimnames = structure(list(
        c("1", "2", "3", "4", "5", "6", "7", "8", "9", "10", 
        "11", "12", "13", "14", "15", "16", "17", "18", "19", 
        "20", "21", "22", "23", "24", "25", "26", "27", "28", 
        "29", "30", "31", "32", "33", "34", "35", "36", "37", 
        "38", "40", "41", "42", "44", "45", "46", "47", "48", 
        "49", "51", "59", "70", "75")), .Names = ""), class = "table"), 
    No.Tag = structure(c(0L, 8L, 48L, 1L, 0L, 0L, 0L, 0L, 0L, 
    0L, 0L, 4L, 66L, 1L, 0L, 0L, 0L, 0L, 0L, 0L, 0L, 0L, 11L, 
    1L, 0L), .Dim = c(5L, 5L), .Dimnames = structure(list(c("-2", 
    "-1", "0", "1", NA), c("A", "C", "G", "T", NA)), .Names = c("", 
    "")), class = "table"), All.Tags = list(Concordant = list(
        Freqs = structure(c(0, 24, 226, 1, 0, 0, 0, 0, 0, 7, 
        247, 1, 0, 0, 0, 0), .Dim = c(4L, 4L), .Dimnames = list(
            c("-2", "-1", "0", "1"), c("A", "C", "G", "T"))), 
        N = 506), Majority = list(Freqs = structure(c(0, 27, 
    280, 2, 0, 0, 0, 0, 0, 10, 302, 2, 0, 0, 0, 0), .Dim = c(4L, 
    4L), .Dimnames = list(c("-2", "-1", "0", "1"), c("A", "C", 
    "G", "T"))), N = 623)), `2` = structure(c(0, 23, 226, 1, 
    0, 0, 0, 0, 0, 8, 241, 2, 0, 0, 0, 0), .Dim = c(4L, 4L), .Dimnames = list(
        c("-2", "-1", "0", "1"), c("A", "C", "G", "T"))))))
