Results <-
list(`bwaOutput/20210421msiMNRsJenny/245836_S16.sam` = list(LR24_SNP1 = list(
    All = list(Freqs = structure(c(0L, 90L, 4131L, 6L, 6L, 17L, 
    1280L, 3127L, 8L, 20L, 0L, 1L, 1L, 0L, 0L, 0L, 8L, 49L, 0L, 
    0L), .Dim = 5:4, .Dimnames = structure(list(c("-2", "-1", 
    "0", "1", NA), c("A", "G", "T", NA)), .Names = c("", "")), class = "table"), 
        N = 8744L), Tag.Distribution = structure(c(`1` = 216L, 
    `2` = 64L, `3` = 52L, `4` = 44L, `5` = 49L, `6` = 49L, `7` = 34L, 
    `8` = 44L, `9` = 28L, `10` = 34L, `11` = 25L, `12` = 24L, 
    `13` = 25L, `14` = 12L, `15` = 23L, `16` = 25L, `17` = 13L, 
    `18` = 13L, `19` = 12L, `20` = 9L, `21` = 15L, `22` = 8L, 
    `23` = 4L, `24` = 5L, `25` = 6L, `26` = 8L, `27` = 7L, `28` = 4L, 
    `29` = 2L, `30` = 3L, `31` = 1L, `32` = 1L, `33` = 5L, `34` = 7L, 
    `36` = 4L, `37` = 4L, `38` = 5L, `39` = 6L, `40` = 1L, `41` = 2L, 
    `45` = 2L, `46` = 1L, `48` = 1L, `52` = 1L, `53` = 1L, `55` = 1L, 
    `56` = 1L, `59` = 1L), .Dim = 48L, .Dimnames = structure(list(
        c("1", "2", "3", "4", "5", "6", "7", "8", "9", "10", 
        "11", "12", "13", "14", "15", "16", "17", "18", "19", 
        "20", "21", "22", "23", "24", "25", "26", "27", "28", 
        "29", "30", "31", "32", "33", "34", "36", "37", "38", 
        "39", "40", "41", "45", "46", "48", "52", "53", "55", 
        "56", "59")), .Names = ""), class = "table"), No.Tag = structure(c(0L, 
    2L, 194L, 0L, 1L, 6L, 55L, 142L, 0L, 5L, 0L, 0L, 0L, 0L, 
    0L, 0L, 0L, 5L, 0L, 0L), .Dim = 5:4, .Dimnames = structure(list(
        c("-2", "-1", "0", "1", NA), c("A", "G", "T", NA)), .Names = c("", 
    "")), class = "table"), All.Tags = list(Concordant = list(
        Freqs = structure(c(0, 7, 365, 0, 2, 126, 269, 0, 0, 
        0, 0, 0), .Dim = 4:3, .Dimnames = list(c("-2", "-1", 
        "0", "1"), c("A", "G", "T"))), N = 769), Majority = list(
        Freqs = structure(c(0, 8, 414, 0, 2, 144, 315, 0, 0, 
        0, 0, 0), .Dim = 4:3, .Dimnames = list(c("-2", "-1", 
        "0", "1"), c("A", "G", "T"))), N = 883)), `2` = structure(c(0, 
    6, 324, 0, 1, 107, 240, 0, 0, 0, 0, 0), .Dim = 4:3, .Dimnames = list(
        c("-2", "-1", "0", "1"), c("A", "G", "T"))))))
