Results <-
list(`bwaOutput/20210421msiMNRsJenny/245838_S33.sam` = list(GM09_SNP1 = list(
    All = list(Freqs = structure(c(0L, 34L, 5298L, 10L, 1L, 1L, 
    122L, 5022L, 36L, 2L, 0L, 0L, 2L, 0L, 0L, 0L, 1L, 70L, 1L, 
    0L), .Dim = 5:4, .Dimnames = structure(list(c("-2", "-1", 
    "0", "1", NA), c("A", "G", "T", NA)), .Names = c("", "")), class = "table"), 
        N = 10600L), Tag.Distribution = structure(c(`1` = 201L, 
    `2` = 71L, `3` = 51L, `4` = 42L, `5` = 50L, `6` = 35L, `7` = 43L, 
    `8` = 34L, `9` = 40L, `10` = 27L, `11` = 29L, `12` = 24L, 
    `13` = 18L, `14` = 25L, `15` = 21L, `16` = 19L, `17` = 15L, 
    `18` = 19L, `19` = 13L, `20` = 10L, `21` = 14L, `22` = 16L, 
    `23` = 13L, `24` = 15L, `25` = 12L, `26` = 15L, `27` = 7L, 
    `28` = 7L, `29` = 6L, `30` = 7L, `31` = 7L, `32` = 3L, `33` = 5L, 
    `34` = 3L, `35` = 5L, `36` = 5L, `37` = 5L, `38` = 3L, `39` = 2L, 
    `40` = 2L, `41` = 1L, `42` = 1L, `43` = 3L, `44` = 1L, `46` = 2L, 
    `47` = 1L, `49` = 1L, `50` = 1L, `52` = 1L, `54` = 1L, `55` = 2L, 
    `56` = 1L, `61` = 1L, `68` = 1L, `84` = 1L), .Dim = 55L, .Dimnames = structure(list(
        c("1", "2", "3", "4", "5", "6", "7", "8", "9", "10", 
        "11", "12", "13", "14", "15", "16", "17", "18", "19", 
        "20", "21", "22", "23", "24", "25", "26", "27", "28", 
        "29", "30", "31", "32", "33", "34", "35", "36", "37", 
        "38", "39", "40", "41", "42", "43", "44", "46", "47", 
        "49", "50", "52", "54", "55", "56", "61", "68", "84")), .Names = ""), class = "table"), 
    No.Tag = structure(c(0L, 0L, 146L, 0L, 0L, 0L, 2L, 125L, 
    0L, 0L, 0L, 0L, 0L, 0L, 0L, 0L, 0L, 10L, 1L, 0L), .Dim = 5:4, .Dimnames = structure(list(
        c("-2", "-1", "0", "1", NA), c("A", "G", "T", NA)), .Names = c("", 
    "")), class = "table"), All.Tags = list(Concordant = list(
        Freqs = structure(c(0, 1, 422, 1, 0, 2, 374, 2, 0, 0, 
        0, 0), .Dim = 4:3, .Dimnames = list(c("-2", "-1", "0", 
        "1"), c("A", "G", "T"))), N = 802), Majority = list(Freqs = structure(c(0, 
    1, 484, 1, 0, 4, 443, 3, 0, 0, 0, 0), .Dim = 4:3, .Dimnames = list(
        c("-2", "-1", "0", "1"), c("A", "G", "T"))), N = 936)), 
    `2` = structure(c(0, 1, 386, 0, 0, 4, 353, 2, 0, 0, 0, 0), .Dim = 4:3, .Dimnames = list(
        c("-2", "-1", "0", "1"), c("A", "G", "T"))))))
