Results <-
list(`bwaOutput/20210421msiMNRsJenny/245838_S33.sam` = list(GM01_SNP1 = list(
    All = list(Freqs = structure(c(0L, 1L, 38L, 1941L, 6L, 0L, 
    2L, 1L, 3L, 235L, 8708L, 45L, 2L, 21L, 0L, 0L, 0L, 1L, 0L, 
    0L, 0L, 0L, 0L, 6L, 155L, 1L, 0L, 0L), .Dim = c(7L, 4L), .Dimnames = structure(list(
        c("-3", "-2", "-1", "0", "1", "2", NA), c("A", "G", "T", 
        NA)), .Names = c("", "")), class = "table"), N = 11166L), 
    Tag.Distribution = structure(c(`1` = 199L, `2` = 70L, `3` = 52L, 
    `4` = 37L, `5` = 54L, `6` = 42L, `7` = 30L, `8` = 44L, `9` = 36L, 
    `10` = 33L, `11` = 21L, `12` = 41L, `13` = 23L, `14` = 29L, 
    `15` = 24L, `16` = 18L, `17` = 14L, `18` = 22L, `19` = 17L, 
    `20` = 13L, `21` = 17L, `22` = 11L, `23` = 12L, `24` = 12L, 
    `25` = 8L, `26` = 10L, `27` = 8L, `28` = 8L, `29` = 10L, 
    `30` = 7L, `31` = 7L, `32` = 5L, `33` = 2L, `34` = 10L, `35` = 5L, 
    `36` = 5L, `37` = 4L, `39` = 7L, `40` = 2L, `41` = 1L, `42` = 5L, 
    `43` = 4L, `44` = 1L, `45` = 2L, `46` = 1L, `47` = 2L, `49` = 1L, 
    `51` = 2L, `59` = 1L, `66` = 1L, `70` = 1L, `73` = 1L), .Dim = 52L, .Dimnames = structure(list(
        c("1", "2", "3", "4", "5", "6", "7", "8", "9", "10", 
        "11", "12", "13", "14", "15", "16", "17", "18", "19", 
        "20", "21", "22", "23", "24", "25", "26", "27", "28", 
        "29", "30", "31", "32", "33", "34", "35", "36", "37", 
        "39", "40", "41", "42", "43", "44", "45", "46", "47", 
        "49", "51", "59", "66", "70", "73")), .Names = ""), class = "table"), 
    No.Tag = structure(c(0L, 0L, 1L, 34L, 0L, 0L, 0L, 0L, 0L, 
    3L, 123L, 0L, 0L, 3L, 0L, 0L, 0L, 0L, 0L, 0L, 0L, 0L, 0L, 
    0L, 10L, 0L, 0L, 0L), .Dim = c(7L, 4L), .Dimnames = structure(list(
        c("-3", "-2", "-1", "0", "1", "2", NA), c("A", "G", "T", 
        NA)), .Names = c("", "")), class = "table"), All.Tags = list(
        Concordant = list(Freqs = structure(c(0, 0, 4, 136, 0, 
        0, 0, 0, 6, 625, 1, 0, 0, 0, 0, 0, 0, 0), .Dim = c(6L, 
        3L), .Dimnames = list(c("-3", "-2", "-1", "0", "1", "2"
        ), c("A", "G", "T"))), N = 772), Majority = list(Freqs = structure(c(0, 
        0, 4, 186, 0, 0, 0, 0, 8, 777, 1, 0, 0, 0, 0, 0, 0, 0
        ), .Dim = c(6L, 3L), .Dimnames = list(c("-3", "-2", "-1", 
        "0", "1", "2"), c("A", "G", "T"))), N = 976)), `2` = structure(c(0, 
    0, 0, 141, 0, 0, 0, 0, 7, 637, 1, 0, 0, 0, 0, 0, 0, 0), .Dim = c(6L, 
    3L), .Dimnames = list(c("-3", "-2", "-1", "0", "1", "2"), 
        c("A", "G", "T"))))))
