Results <-
list(`bwaOutput/20210421msiMNRsJenny/245836_S16.sam` = list(LR10_SNP1 = list(
    All = list(Freqs = structure(c(0L, 0L, 1L, 0L, 0L, 2L, 838L, 
    5940L, 40L, 29L, 0L, 1L, 21L, 1L, 0L, 0L, 6L, 89L, 1L, 0L
    ), .Dim = 5:4, .Dimnames = structure(list(c("-2", "-1", "0", 
    "1", NA), c("-", "C", "T", NA)), .Names = c("", "")), class = "table"), 
        N = 6969L), Tag.Distribution = structure(c(`1` = 159L, 
    `2` = 28L, `3` = 17L, `4` = 17L, `5` = 16L, `6` = 25L, `7` = 19L, 
    `8` = 13L, `9` = 14L, `10` = 13L, `11` = 14L, `12` = 13L, 
    `13` = 11L, `14` = 12L, `15` = 14L, `16` = 8L, `17` = 12L, 
    `18` = 11L, `19` = 7L, `20` = 6L, `21` = 7L, `22` = 12L, 
    `23` = 8L, `25` = 3L, `26` = 6L, `27` = 4L, `28` = 6L, `29` = 5L, 
    `30` = 3L, `31` = 3L, `32` = 6L, `33` = 5L, `34` = 2L, `35` = 5L, 
    `36` = 3L, `37` = 1L, `38` = 3L, `39` = 1L, `40` = 5L, `41` = 4L, 
    `42` = 2L, `43` = 3L, `44` = 2L, `45` = 4L, `46` = 1L, `47` = 2L, 
    `48` = 1L, `49` = 2L, `50` = 2L, `51` = 1L, `53` = 1L, `55` = 1L, 
    `57` = 1L, `58` = 1L, `61` = 1L, `69` = 1L, `74` = 1L), .Dim = 57L, .Dimnames = structure(list(
        c("1", "2", "3", "4", "5", "6", "7", "8", "9", "10", 
        "11", "12", "13", "14", "15", "16", "17", "18", "19", 
        "20", "21", "22", "23", "25", "26", "27", "28", "29", 
        "30", "31", "32", "33", "34", "35", "36", "37", "38", 
        "39", "40", "41", "42", "43", "44", "45", "46", "47", 
        "48", "49", "50", "51", "53", "55", "57", "58", "61", 
        "69", "74")), .Names = ""), class = "table"), No.Tag = structure(c(0L, 
    0L, 0L, 0L, 0L, 0L, 15L, 238L, 1L, 2L, 0L, 0L, 2L, 0L, 0L, 
    0L, 0L, 3L, 0L, 0L), .Dim = 5:4, .Dimnames = structure(list(
        c("-2", "-1", "0", "1", NA), c("-", "C", "T", NA)), .Names = c("", 
    "")), class = "table"), All.Tags = list(Concordant = list(
        Freqs = structure(c(0, 0, 0, 0, 0, 40, 365, 0, 0, 0, 
        12, 0), .Dim = 4:3, .Dimnames = list(c("-2", "-1", "0", 
        "1"), c("-", "C", "T"))), N = 417), Majority = list(Freqs = structure(c(0, 
    0, 0, 0, 0, 49, 473, 0, 0, 0, 12, 0), .Dim = 4:3, .Dimnames = list(
        c("-2", "-1", "0", "1"), c("-", "C", "T"))), N = 534)), 
    `2` = structure(c(0, 0, 0, 0, 0, 41, 345, 0, 0, 0, 1, 0), .Dim = 4:3, .Dimnames = list(
        c("-2", "-1", "0", "1"), c("-", "C", "T"))))))
