Results <-
list(`bwaOutput/20210421msiMNRsJenny/245836_S16.sam` = list(GM09_SNP1 = list(
    All = list(Freqs = structure(c(1L, 902L, 4132L, 4L, 12L, 
    0L, 14L, 4018L, 11L, 3L, 0L, 5L, 50L, 0L, 0L), .Dim = c(5L, 
    3L), .Dimnames = structure(list(c("-2", "-1", "0", "1", NA
    ), c("A", "G", NA)), .Names = c("", "")), class = "table"), 
        N = 9152L), Tag.Distribution = structure(c(`1` = 189L, 
    `2` = 49L, `3` = 39L, `4` = 24L, `5` = 23L, `6` = 21L, `7` = 22L, 
    `8` = 27L, `9` = 28L, `10` = 19L, `11` = 25L, `12` = 16L, 
    `13` = 21L, `14` = 20L, `15` = 17L, `16` = 7L, `17` = 13L, 
    `18` = 15L, `19` = 8L, `20` = 7L, `21` = 7L, `22` = 7L, `23` = 7L, 
    `24` = 12L, `25` = 9L, `26` = 4L, `27` = 8L, `28` = 4L, `29` = 3L, 
    `30` = 4L, `31` = 6L, `32` = 9L, `33` = 8L, `34` = 5L, `35` = 9L, 
    `36` = 4L, `37` = 6L, `38` = 5L, `39` = 3L, `40` = 3L, `41` = 1L, 
    `42` = 4L, `43` = 2L, `44` = 2L, `45` = 2L, `46` = 2L, `47` = 1L, 
    `48` = 2L, `50` = 2L, `51` = 2L, `56` = 1L, `58` = 1L, `59` = 1L, 
    `60` = 1L, `63` = 1L, `69` = 1L, `78` = 1L, `79` = 1L), .Dim = 58L, .Dimnames = structure(list(
        c("1", "2", "3", "4", "5", "6", "7", "8", "9", "10", 
        "11", "12", "13", "14", "15", "16", "17", "18", "19", 
        "20", "21", "22", "23", "24", "25", "26", "27", "28", 
        "29", "30", "31", "32", "33", "34", "35", "36", "37", 
        "38", "39", "40", "41", "42", "43", "44", "45", "46", 
        "47", "48", "50", "51", "56", "58", "59", "60", "63", 
        "69", "78", "79")), .Names = ""), class = "table"), No.Tag = structure(c(0L, 
    36L, 152L, 0L, 1L, 0L, 1L, 167L, 0L, 1L, 0L, 1L, 8L, 0L, 
    0L), .Dim = c(5L, 3L), .Dimnames = structure(list(c("-2", 
    "-1", "0", "1", NA), c("A", "G", NA)), .Names = c("", "")), class = "table"), 
    All.Tags = list(Concordant = list(Freqs = structure(c(0, 
    56, 300, 0, 0, 0, 279, 0), .Dim = c(4L, 2L), .Dimnames = list(
        c("-2", "-1", "0", "1"), c("A", "G"))), N = 635), Majority = list(
        Freqs = structure(c(0, 64, 333, 0, 0, 0, 326, 0), .Dim = c(4L, 
        2L), .Dimnames = list(c("-2", "-1", "0", "1"), c("A", 
        "G"))), N = 723)), `2` = structure(c(0, 53, 245, 0, 0, 
    0, 248, 0), .Dim = c(4L, 2L), .Dimnames = list(c("-2", "-1", 
    "0", "1"), c("A", "G"))))))
