Results <-
list(`bwaOutput/20210421msiMNRsJenny/245838_S33.sam` = list(LR48_SNP1 = list(
    All = list(Freqs = structure(c(0L, 0L, 0L, 1L, 0L, 0L, 0L, 
    3L, 929L, 5215L, 2698L, 48L, 2L, 100L, 0L, 0L, 0L, 7L, 0L, 
    0L, 0L, 0L, 9L, 38L, 83L, 0L, 0L, 0L), .Dim = c(7L, 4L), .Dimnames = structure(list(
        c("-3", "-2", "-1", "0", "1", "2", NA), c("A", "C", "T", 
        NA)), .Names = c("", "")), class = "table"), N = 9133L), 
    Tag.Distribution = structure(c(`1` = 171L, `2` = 30L, `3` = 35L, 
    `4` = 25L, `5` = 26L, `6` = 21L, `7` = 16L, `8` = 27L, `9` = 26L, 
    `10` = 21L, `11` = 21L, `12` = 21L, `13` = 15L, `14` = 10L, 
    `15` = 10L, `16` = 17L, `17` = 14L, `18` = 8L, `19` = 14L, 
    `20` = 13L, `21` = 17L, `22` = 10L, `23` = 10L, `24` = 9L, 
    `25` = 11L, `26` = 4L, `27` = 4L, `28` = 8L, `29` = 6L, `30` = 12L, 
    `31` = 5L, `32` = 2L, `33` = 5L, `34` = 3L, `35` = 4L, `36` = 1L, 
    `37` = 2L, `38` = 2L, `39` = 8L, `40` = 3L, `41` = 2L, `43` = 3L, 
    `44` = 2L, `45` = 3L, `46` = 1L, `47` = 3L, `48` = 2L, `49` = 5L, 
    `51` = 1L, `53` = 3L, `54` = 1L, `55` = 1L, `57` = 2L, `59` = 1L, 
    `60` = 1L, `61` = 1L, `66` = 1L, `82` = 1L, `100` = 1L), .Dim = 59L, .Dimnames = structure(list(
        c("1", "2", "3", "4", "5", "6", "7", "8", "9", "10", 
        "11", "12", "13", "14", "15", "16", "17", "18", "19", 
        "20", "21", "22", "23", "24", "25", "26", "27", "28", 
        "29", "30", "31", "32", "33", "34", "35", "36", "37", 
        "38", "39", "40", "41", "43", "44", "45", "46", "47", 
        "48", "49", "51", "53", "54", "55", "57", "59", "60", 
        "61", "66", "82", "100")), .Names = ""), class = "table"), 
    No.Tag = structure(c(0L, 0L, 0L, 0L, 0L, 0L, 0L, 0L, 10L, 
    79L, 83L, 1L, 0L, 3L, 0L, 0L, 0L, 0L, 0L, 0L, 0L, 0L, 2L, 
    4L, 4L, 0L, 0L, 0L), .Dim = c(7L, 4L), .Dimnames = structure(list(
        c("-3", "-2", "-1", "0", "1", "2", NA), c("A", "C", "T", 
        NA)), .Names = c("", "")), class = "table"), All.Tags = list(
        Concordant = list(Freqs = structure(c(0, 0, 0, 1, 0, 
        0, 0, 51, 306, 127, 1, 0, 0, 0, 0, 5, 0, 0), .Dim = c(6L, 
        3L), .Dimnames = list(c("-3", "-2", "-1", "0", "1", "2"
        ), c("A", "C", "T"))), N = 491), Majority = list(Freqs = structure(c(0, 
        0, 0, 1, 0, 0, 0, 64, 407, 199, 1, 0, 0, 0, 0, 5, 0, 
        0), .Dim = c(6L, 3L), .Dimnames = list(c("-3", "-2", 
        "-1", "0", "1", "2"), c("A", "C", "T"))), N = 677)), 
    `2` = structure(c(0, 0, 0, 0, 0, 0, 0, 49, 315, 162, 1, 0, 
    0, 0, 0, 0, 0, 0), .Dim = c(6L, 3L), .Dimnames = list(c("-3", 
    "-2", "-1", "0", "1", "2"), c("A", "C", "T"))))))
