Results <-
list(`bwaOutput/20210421msiMNRsJenny/245838_S33.sam` = list(GM17_SNP1 = list(
    All = list(Freqs = structure(c(1L, 6L, 2377L, 4819L, 23L, 
    34L, 0L, 0L, 3L, 18L, 0L, 1L, 0L, 0L, 13L, 162L, 1L, 0L), .Dim = c(6L, 
    3L), .Dimnames = structure(list(c("-3", "-2", "-1", "0", 
    "1", NA), c("C", "T", NA)), .Names = c("", "")), class = "table"), 
        N = 7458L), Tag.Distribution = structure(c(`1` = 155L, 
    `2` = 34L, `3` = 30L, `4` = 22L, `5` = 34L, `6` = 14L, `7` = 32L, 
    `8` = 20L, `9` = 24L, `10` = 15L, `11` = 10L, `12` = 16L, 
    `13` = 18L, `14` = 14L, `15` = 11L, `16` = 16L, `17` = 11L, 
    `18` = 9L, `19` = 17L, `20` = 6L, `21` = 8L, `22` = 12L, 
    `23` = 8L, `24` = 3L, `25` = 6L, `26` = 6L, `27` = 13L, `28` = 9L, 
    `29` = 5L, `30` = 6L, `31` = 8L, `32` = 2L, `33` = 5L, `34` = 6L, 
    `35` = 4L, `36` = 2L, `37` = 3L, `38` = 5L, `39` = 4L, `40` = 1L, 
    `41` = 3L, `46` = 2L, `48` = 1L, `51` = 2L, `52` = 1L, `54` = 1L, 
    `78` = 1L, `87` = 1L), .Dim = 48L, .Dimnames = structure(list(
        c("1", "2", "3", "4", "5", "6", "7", "8", "9", "10", 
        "11", "12", "13", "14", "15", "16", "17", "18", "19", 
        "20", "21", "22", "23", "24", "25", "26", "27", "28", 
        "29", "30", "31", "32", "33", "34", "35", "36", "37", 
        "38", "39", "40", "41", "46", "48", "51", "52", "54", 
        "78", "87")), .Names = ""), class = "table"), No.Tag = structure(c(0L, 
    2L, 37L, 110L, 1L, 3L, 0L, 0L, 0L, 1L, 0L, 0L, 0L, 0L, 2L, 
    4L, 0L, 0L), .Dim = c(6L, 3L), .Dimnames = structure(list(
        c("-3", "-2", "-1", "0", "1", NA), c("C", "T", NA)), .Names = c("", 
    "")), class = "table"), All.Tags = list(Concordant = list(
        Freqs = structure(c(0, 0, 146, 352, 0, 0, 0, 2, 15, 0
        ), .Dim = c(5L, 2L), .Dimnames = list(c("-3", "-2", "-1", 
        "0", "1"), c("C", "T"))), N = 515), Majority = list(Freqs = structure(c(0, 
    0, 171, 428, 0, 0, 0, 2, 15, 0), .Dim = c(5L, 2L), .Dimnames = list(
        c("-3", "-2", "-1", "0", "1"), c("C", "T"))), N = 616)), 
    `2` = structure(c(0, 0, 143, 335, 0, 0, 0, 0, 0, 0), .Dim = c(5L, 
    2L), .Dimnames = list(c("-3", "-2", "-1", "0", "1"), c("C", 
    "T"))))))
