Results <-
list(`bwaOutput/20210421msiMNRsJenny/245838_S33.sam` = list(IM49_SNP1 = list(
    All = list(Freqs = structure(c(0L, 0L, 0L, 5L, 0L, 0L, 0L, 
    74L, 3355L, 330L, 2022L, 51L, 1L, 86L, 3L, 35L, 7L, 89L, 
    5L, 1L, 0L), .Dim = c(7L, 3L), .Dimnames = structure(list(
        c("-3", "-2", "-1", "0", "1", "2", NA), c("C", "G", NA
        )), .Names = c("", "")), class = "table"), N = 6064L), 
    Tag.Distribution = structure(c(`1` = 194L, `2` = 61L, `3` = 59L, 
    `4` = 39L, `5` = 48L, `6` = 40L, `7` = 28L, `8` = 26L, `9` = 22L, 
    `10` = 24L, `11` = 28L, `12` = 19L, `13` = 17L, `14` = 13L, 
    `15` = 11L, `16` = 20L, `17` = 11L, `18` = 13L, `19` = 6L, 
    `20` = 9L, `21` = 11L, `22` = 2L, `23` = 11L, `24` = 4L, 
    `25` = 4L, `26` = 1L, `27` = 2L, `28` = 1L, `29` = 2L, `30` = 2L, 
    `31` = 4L, `32` = 2L, `34` = 2L, `36` = 1L, `37` = 1L, `38` = 1L, 
    `39` = 2L, `40` = 1L, `41` = 1L, `42` = 1L, `43` = 1L, `45` = 1L, 
    `46` = 1L, `48` = 1L, `58` = 1L), .Dim = 45L, .Dimnames = structure(list(
        c("1", "2", "3", "4", "5", "6", "7", "8", "9", "10", 
        "11", "12", "13", "14", "15", "16", "17", "18", "19", 
        "20", "21", "22", "23", "24", "25", "26", "27", "28", 
        "29", "30", "31", "32", "34", "36", "37", "38", "39", 
        "40", "41", "42", "43", "45", "46", "48", "58")), .Names = ""), class = "table"), 
    No.Tag = structure(c(0L, 0L, 0L, 1L, 0L, 0L, 0L, 1L, 91L, 
    21L, 63L, 2L, 0L, 3L, 0L, 3L, 1L, 10L, 0L, 0L, 0L), .Dim = c(7L, 
    3L), .Dimnames = structure(list(c("-3", "-2", "-1", "0", 
    "1", "2", NA), c("C", "G", NA)), .Names = c("", "")), class = "table"), 
    All.Tags = list(Concordant = list(Freqs = structure(c(0, 
    0, 0, 4, 0, 0, 7, 328, 42, 196, 3, 0), .Dim = c(6L, 2L), .Dimnames = list(
        c("-3", "-2", "-1", "0", "1", "2"), c("C", "G"))), N = 580), 
        Majority = list(Freqs = structure(c(0, 0, 0, 4, 0, 0, 
        8, 378, 46, 275, 3, 0), .Dim = c(6L, 2L), .Dimnames = list(
            c("-3", "-2", "-1", "0", "1", "2"), c("C", "G"))), 
            N = 714)), `2` = structure(c(0, 0, 0, 0, 0, 0, 7, 
    306, 31, 202, 1, 0), .Dim = c(6L, 2L), .Dimnames = list(c("-3", 
    "-2", "-1", "0", "1", "2"), c("C", "G"))))))
