Results <-
list(`bwaOutput/20210421msiMNRsJenny/245838_S33.sam` = list(LR20_SNP1 = list(
    All = list(Freqs = structure(c(5L, 2984L, 9L, 5L, 0L, 1L, 
    0L, 0L, 7L, 2497L, 5L, 5L, 0L, 42L, 0L, 0L), .Dim = c(4L, 
    4L), .Dimnames = structure(list(c("-1", "0", "1", NA), c("A", 
    "C", "G", NA)), .Names = c("", "")), class = "table"), N = 5560L), 
    Tag.Distribution = structure(c(`1` = 142L, `2` = 52L, `3` = 37L, 
    `4` = 36L, `5` = 27L, `6` = 25L, `7` = 25L, `8` = 27L, `9` = 16L, 
    `10` = 11L, `11` = 14L, `12` = 16L, `13` = 10L, `14` = 10L, 
    `15` = 14L, `16` = 8L, `17` = 9L, `18` = 7L, `19` = 10L, 
    `20` = 5L, `21` = 8L, `22` = 4L, `23` = 3L, `24` = 3L, `25` = 7L, 
    `26` = 7L, `27` = 7L, `28` = 2L, `29` = 4L, `31` = 2L, `32` = 4L, 
    `33` = 2L, `34` = 2L, `35` = 3L, `36` = 1L, `37` = 1L, `38` = 5L, 
    `39` = 2L, `40` = 1L, `41` = 1L, `43` = 1L, `45` = 3L, `70` = 1L, 
    `78` = 1L, `79` = 1L), .Dim = 45L, .Dimnames = structure(list(
        c("1", "2", "3", "4", "5", "6", "7", "8", "9", "10", 
        "11", "12", "13", "14", "15", "16", "17", "18", "19", 
        "20", "21", "22", "23", "24", "25", "26", "27", "28", 
        "29", "31", "32", "33", "34", "35", "36", "37", "38", 
        "39", "40", "41", "43", "45", "70", "78", "79")), .Names = ""), class = "table"), 
    No.Tag = structure(c(0L, 147L, 1L, 0L, 0L, 0L, 0L, 0L, 1L, 
    83L, 1L, 1L, 0L, 1L, 0L, 0L), .Dim = c(4L, 4L), .Dimnames = structure(list(
        c("-1", "0", "1", NA), c("A", "C", "G", NA)), .Names = c("", 
    "")), class = "table"), All.Tags = list(Concordant = list(
        Freqs = structure(c(0, 278, 0, 0, 0, 0, 0, 234, 0), .Dim = c(3L, 
        3L), .Dimnames = list(c("-1", "0", "1"), c("A", "C", 
        "G"))), N = 512), Majority = list(Freqs = structure(c(0, 
    303, 0, 0, 0, 0, 0, 263, 0), .Dim = c(3L, 3L), .Dimnames = list(
        c("-1", "0", "1"), c("A", "C", "G"))), N = 566)), `2` = structure(c(0, 
    222, 0, 0, 0, 0, 0, 207, 0), .Dim = c(3L, 3L), .Dimnames = list(
        c("-1", "0", "1"), c("A", "C", "G"))))))
