Results <-
list(`bwaOutput/20210421msiMNRsJenny/245838_S33.sam` = list(GM07_SNP1 = list(
    All = list(Freqs = structure(c(0L, 1L, 0L, 0L, 0L, 0L, 0L, 
    40L, 1771L, 93L, 1273L, 25L, 1L, 90L, 14L, 1699L, 77L, 1159L, 
    22L, 2L, 71L, 0L, 21L, 3L, 55L, 2L, 1L, 0L), .Dim = c(7L, 
    4L), .Dimnames = structure(list(c("-3", "-2", "-1", "0", 
    "1", "2", NA), c("-", "A", "G", NA)), .Names = c("", "")), class = "table"), 
        N = 6420L), Tag.Distribution = structure(c(`1` = 160L, 
    `2` = 27L, `3` = 40L, `4` = 36L, `5` = 29L, `6` = 30L, `7` = 26L, 
    `8` = 18L, `9` = 22L, `10` = 20L, `11` = 18L, `12` = 15L, 
    `13` = 17L, `14` = 20L, `15` = 9L, `16` = 13L, `17` = 6L, 
    `18` = 12L, `19` = 7L, `20` = 13L, `21` = 4L, `22` = 7L, 
    `23` = 6L, `24` = 8L, `25` = 3L, `26` = 5L, `27` = 4L, `28` = 11L, 
    `29` = 4L, `30` = 3L, `31` = 4L, `32` = 4L, `33` = 4L, `34` = 2L, 
    `35` = 1L, `36` = 1L, `38` = 4L, `39` = 1L, `40` = 1L, `41` = 2L, 
    `42` = 3L, `46` = 2L, `49` = 1L, `52` = 2L, `54` = 1L, `56` = 1L, 
    `59` = 1L, `62` = 1L), .Dim = 48L, .Dimnames = structure(list(
        c("1", "2", "3", "4", "5", "6", "7", "8", "9", "10", 
        "11", "12", "13", "14", "15", "16", "17", "18", "19", 
        "20", "21", "22", "23", "24", "25", "26", "27", "28", 
        "29", "30", "31", "32", "33", "34", "35", "36", "38", 
        "39", "40", "41", "42", "46", "49", "52", "54", "56", 
        "59", "62")), .Names = ""), class = "table"), No.Tag = structure(c(0L, 
    0L, 0L, 0L, 0L, 0L, 0L, 0L, 25L, 2L, 29L, 1L, 0L, 10L, 0L, 
    31L, 0L, 13L, 0L, 0L, 11L, 0L, 3L, 1L, 1L, 0L, 0L, 0L), .Dim = c(7L, 
    4L), .Dimnames = structure(list(c("-3", "-2", "-1", "0", 
    "1", "2", NA), c("-", "A", "G", NA)), .Names = c("", "")), class = "table"), 
    All.Tags = list(Concordant = list(Freqs = structure(c(0, 
    0, 0, 0, 0, 0, 3, 143, 5, 67, 1, 0, 1, 144, 7, 86, 1, 0), .Dim = c(6L, 
    3L), .Dimnames = list(c("-3", "-2", "-1", "0", "1", "2"), 
        c("-", "A", "G"))), N = 458), Majority = list(Freqs = structure(c(0, 
    0, 0, 0, 0, 0, 3, 172, 5, 117, 1, 0, 1, 157, 8, 137, 1, 0
    ), .Dim = c(6L, 3L), .Dimnames = list(c("-3", "-2", "-1", 
    "0", "1", "2"), c("-", "A", "G"))), N = 602)), `2` = structure(c(0, 
    0, 0, 0, 0, 0, 2, 138, 2, 92, 0, 0, 1, 130, 1, 101, 0, 0), .Dim = c(6L, 
    3L), .Dimnames = list(c("-3", "-2", "-1", "0", "1", "2"), 
        c("-", "A", "G"))))))
