Results <-
list(`bwaOutput/20210421msiMNRsJenny/245838_S33.sam` = list(LR49_SNP1 = list(
    All = list(Freqs = structure(c(141L, 2490L, 548L, 2379L, 
    1L, 66L, 0L, 3L, 908L, 4115L, 2L, 20L, 2L, 36L, 22L, 79L, 
    0L, 0L), .Dim = c(6L, 3L), .Dimnames = structure(list(c("-3", 
    "-2", "-1", "0", "1", NA), c("A", "G", NA)), .Names = c("", 
    "")), class = "table"), N = 10812L), Tag.Distribution = structure(c(`1` = 266L, 
    `2` = 78L, `3` = 67L, `4` = 67L, `5` = 80L, `6` = 41L, `7` = 41L, 
    `8` = 51L, `9` = 34L, `10` = 45L, `11` = 35L, `12` = 37L, 
    `13` = 32L, `14` = 21L, `15` = 19L, `16` = 15L, `17` = 27L, 
    `18` = 14L, `19` = 16L, `20` = 18L, `21` = 16L, `22` = 10L, 
    `23` = 10L, `24` = 12L, `25` = 9L, `26` = 4L, `27` = 10L, 
    `28` = 4L, `29` = 7L, `30` = 6L, `31` = 2L, `32` = 1L, `33` = 4L, 
    `34` = 7L, `35` = 4L, `36` = 2L, `37` = 1L, `38` = 3L, `39` = 2L, 
    `40` = 4L, `41` = 3L, `42` = 1L, `43` = 3L, `44` = 1L, `45` = 1L, 
    `46` = 2L, `47` = 1L, `48` = 1L, `51` = 1L, `57` = 1L, `61` = 1L, 
    `71` = 1L), .Dim = 52L, .Dimnames = structure(list(c("1", 
    "2", "3", "4", "5", "6", "7", "8", "9", "10", "11", "12", 
    "13", "14", "15", "16", "17", "18", "19", "20", "21", "22", 
    "23", "24", "25", "26", "27", "28", "29", "30", "31", "32", 
    "33", "34", "35", "36", "37", "38", "39", "40", "41", "42", 
    "43", "44", "45", "46", "47", "48", "51", "57", "61", "71"
    )), .Names = ""), class = "table"), No.Tag = structure(c(1L, 
    82L, 9L, 82L, 0L, 6L, 0L, 0L, 33L, 111L, 0L, 2L, 0L, 4L, 
    2L, 10L, 0L, 0L), .Dim = c(6L, 3L), .Dimnames = structure(list(
        c("-3", "-2", "-1", "0", "1", NA), c("A", "G", NA)), .Names = c("", 
    "")), class = "table"), All.Tags = list(Concordant = list(
        Freqs = structure(c(10, 227, 42, 192, 0, 0, 0, 63, 385, 
        0), .Dim = c(5L, 2L), .Dimnames = list(c("-3", "-2", 
        "-1", "0", "1"), c("A", "G"))), N = 919), Majority = list(
        Freqs = structure(c(12, 254, 48, 239, 0, 0, 0, 88, 456, 
        0), .Dim = c(5L, 2L), .Dimnames = list(c("-3", "-2", 
        "-1", "0", "1"), c("A", "G"))), N = 1097)), `2` = structure(c(11, 
    199, 41, 178, 0, 0, 0, 73, 358, 0), .Dim = c(5L, 2L), .Dimnames = list(
        c("-3", "-2", "-1", "0", "1"), c("A", "G"))))))
