Results <-
list(`bwaOutput/20210421msiMNRsJenny/245836_S16.sam` = list(GM01_SNP1 = list(
    All = list(Freqs = structure(c(0L, 0L, 1L, 35L, 0L, 0L, 0L, 
    1L, 2L, 174L, 9849L, 37L, 1L, 18L, 0L, 0L, 4L, 145L, 1L, 
    0L, 0L), .Dim = c(7L, 3L), .Dimnames = structure(list(c("-3", 
    "-2", "-1", "0", "1", "2", NA), c("A", "G", NA)), .Names = c("", 
    "")), class = "table"), N = 10268L), Tag.Distribution = structure(c(`1` = 198L, 
    `2` = 40L, `3` = 29L, `4` = 33L, `5` = 32L, `6` = 24L, `7` = 27L, 
    `8` = 28L, `9` = 14L, `10` = 27L, `11` = 13L, `12` = 19L, 
    `13` = 16L, `14` = 16L, `15` = 6L, `16` = 26L, `17` = 13L, 
    `18` = 10L, `19` = 15L, `20` = 14L, `21` = 13L, `22` = 7L, 
    `23` = 10L, `24` = 8L, `25` = 7L, `26` = 9L, `27` = 10L, 
    `28` = 7L, `29` = 8L, `30` = 11L, `31` = 8L, `32` = 8L, `33` = 13L, 
    `34` = 4L, `35` = 3L, `36` = 4L, `37` = 4L, `38` = 5L, `39` = 1L, 
    `40` = 6L, `41` = 4L, `42` = 3L, `43` = 1L, `44` = 1L, `45` = 4L, 
    `46` = 3L, `47` = 1L, `48` = 2L, `49` = 1L, `51` = 3L, `52` = 1L, 
    `53` = 1L, `54` = 2L, `57` = 3L, `60` = 1L, `61` = 1L, `64` = 1L, 
    `66` = 1L, `74` = 1L, `82` = 1L), .Dim = 60L, .Dimnames = structure(list(
        c("1", "2", "3", "4", "5", "6", "7", "8", "9", "10", 
        "11", "12", "13", "14", "15", "16", "17", "18", "19", 
        "20", "21", "22", "23", "24", "25", "26", "27", "28", 
        "29", "30", "31", "32", "33", "34", "35", "36", "37", 
        "38", "39", "40", "41", "42", "43", "44", "45", "46", 
        "47", "48", "49", "51", "52", "53", "54", "57", "60", 
        "61", "64", "66", "74", "82")), .Names = ""), class = "table"), 
    No.Tag = structure(c(0L, 0L, 0L, 2L, 0L, 0L, 0L, 0L, 1L, 
    6L, 286L, 2L, 0L, 2L, 0L, 0L, 0L, 31L, 1L, 0L, 0L), .Dim = c(7L, 
    3L), .Dimnames = structure(list(c("-3", "-2", "-1", "0", 
    "1", "2", NA), c("A", "G", NA)), .Names = c("", "")), class = "table"), 
    All.Tags = list(Concordant = list(Freqs = structure(c(0, 
    0, 1, 25, 0, 0, 0, 0, 5, 609, 0, 0), .Dim = c(6L, 2L), .Dimnames = list(
        c("-3", "-2", "-1", "0", "1", "2"), c("A", "G"))), N = 640), 
        Majority = list(Freqs = structure(c(0, 0, 1, 25, 0, 0, 
        0, 0, 5, 738, 0, 0), .Dim = c(6L, 2L), .Dimnames = list(
            c("-3", "-2", "-1", "0", "1", "2"), c("A", "G"))), 
            N = 769)), `2` = structure(c(0, 0, 0, 0, 0, 0, 0, 
    0, 1, 582, 0, 0), .Dim = c(6L, 2L), .Dimnames = list(c("-3", 
    "-2", "-1", "0", "1", "2"), c("A", "G"))))))
