Results <-
list(`bwaOutput/20210421msiMNRsJenny/245836_S16.sam` = list(IM49_SNP1 = list(
    All = list(Freqs = structure(c(1L, 39L, 149L, 3968L, 92L, 
    0L, 24L, 0L, 6L, 670L, 2787L, 57L, 1L, 28L, 0L, 0L, 20L, 
    217L, 7L, 1L, 0L), .Dim = c(7L, 3L), .Dimnames = structure(list(
        c("-3", "-2", "-1", "0", "1", "2", NA), c("C", "G", NA
        )), .Names = c("", "")), class = "table"), N = 8067L), 
    Tag.Distribution = structure(c(`1` = 209L, `2` = 59L, `3` = 35L, 
    `4` = 28L, `5` = 24L, `6` = 24L, `7` = 19L, `8` = 11L, `9` = 31L, 
    `10` = 22L, `11` = 14L, `12` = 17L, `13` = 13L, `14` = 25L, 
    `15` = 11L, `16` = 9L, `17` = 17L, `18` = 16L, `19` = 11L, 
    `20` = 6L, `21` = 4L, `22` = 10L, `23` = 8L, `24` = 5L, `25` = 8L, 
    `26` = 2L, `27` = 10L, `28` = 6L, `29` = 6L, `30` = 4L, `31` = 5L, 
    `32` = 4L, `33` = 3L, `34` = 4L, `35` = 5L, `36` = 4L, `37` = 2L, 
    `38` = 7L, `39` = 2L, `40` = 3L, `41` = 2L, `42` = 3L, `43` = 1L, 
    `44` = 3L, `45` = 1L, `46` = 3L, `48` = 2L, `49` = 1L, `50` = 2L, 
    `52` = 2L, `53` = 1L, `56` = 1L, `63` = 1L, `64` = 1L, `67` = 1L, 
    `83` = 1L), .Dim = 56L, .Dimnames = structure(list(c("1", 
    "2", "3", "4", "5", "6", "7", "8", "9", "10", "11", "12", 
    "13", "14", "15", "16", "17", "18", "19", "20", "21", "22", 
    "23", "24", "25", "26", "27", "28", "29", "30", "31", "32", 
    "33", "34", "35", "36", "37", "38", "39", "40", "41", "42", 
    "43", "44", "45", "46", "48", "49", "50", "52", "53", "56", 
    "63", "64", "67", "83")), .Names = ""), class = "table"), 
    No.Tag = structure(c(0L, 0L, 2L, 75L, 1L, 0L, 0L, 0L, 0L, 
    16L, 70L, 2L, 0L, 3L, 0L, 0L, 0L, 10L, 0L, 0L, 0L), .Dim = c(7L, 
    3L), .Dimnames = structure(list(c("-3", "-2", "-1", "0", 
    "1", "2", NA), c("C", "G", NA)), .Names = c("", "")), class = "table"), 
    All.Tags = list(Concordant = list(Freqs = structure(c(0, 
    2, 6, 244, 4, 0, 0, 0, 37, 173, 2, 0), .Dim = c(6L, 2L), .Dimnames = list(
        c("-3", "-2", "-1", "0", "1", "2"), c("C", "G"))), N = 468), 
        Majority = list(Freqs = structure(c(0, 3, 7, 373, 4, 
        0, 0, 0, 52, 254, 2, 0), .Dim = c(6L, 2L), .Dimnames = list(
            c("-3", "-2", "-1", "0", "1", "2"), c("C", "G"))), 
            N = 695)), `2` = structure(c(0, 2, 2, 270, 1, 0, 
    0, 0, 38, 203, 0, 0), .Dim = c(6L, 2L), .Dimnames = list(
        c("-3", "-2", "-1", "0", "1", "2"), c("C", "G"))))))
