Results <-
list(`bwaOutput/20210421msiMNRsJenny/245838_S33.sam` = list(LR36_SNP1 = list(
    All = list(Freqs = structure(c(3L, 24L, 1802L, 30L, 1641L, 
    11L, 0L, 84L, 0L, 0L, 0L, 0L, 2L, 0L, 0L, 0L, 0L, 16L, 610L, 
    1428L, 1097L, 51L, 1L, 73L, 0L, 1L, 20L, 84L, 162L, 3L, 0L, 
    0L), .Dim = c(8L, 4L), .Dimnames = structure(list(c("-4", 
    "-3", "-2", "-1", "0", "1", "2", NA), c("A", "G", "T", NA
    )), .Names = c("", "")), class = "table"), N = 7143L), Tag.Distribution = structure(c(`1` = 166L, 
    `2` = 58L, `3` = 48L, `4` = 66L, `5` = 39L, `6` = 36L, `7` = 30L, 
    `8` = 30L, `9` = 28L, `10` = 28L, `11` = 20L, `12` = 18L, 
    `13` = 27L, `14` = 14L, `15` = 17L, `16` = 6L, `17` = 12L, 
    `18` = 11L, `19` = 12L, `20` = 9L, `21` = 7L, `22` = 6L, 
    `23` = 16L, `24` = 3L, `25` = 2L, `26` = 4L, `27` = 6L, `28` = 6L, 
    `29` = 2L, `30` = 4L, `31` = 2L, `32` = 2L, `33` = 4L, `34` = 3L, 
    `35` = 1L, `36` = 1L, `37` = 2L, `38` = 2L, `39` = 4L, `40` = 3L, 
    `41` = 1L, `42` = 1L, `43` = 2L, `45` = 1L, `46` = 1L, `47` = 1L, 
    `48` = 1L, `57` = 1L), .Dim = 48L, .Dimnames = structure(list(
        c("1", "2", "3", "4", "5", "6", "7", "8", "9", "10", 
        "11", "12", "13", "14", "15", "16", "17", "18", "19", 
        "20", "21", "22", "23", "24", "25", "26", "27", "28", 
        "29", "30", "31", "32", "33", "34", "35", "36", "37", 
        "38", "39", "40", "41", "42", "43", "45", "46", "47", 
        "48", "57")), .Names = ""), class = "table"), No.Tag = structure(c(0L, 
    0L, 54L, 2L, 67L, 1L, 0L, 5L, 0L, 0L, 0L, 0L, 0L, 0L, 0L, 
    0L, 0L, 0L, 24L, 28L, 57L, 1L, 0L, 7L, 0L, 0L, 2L, 3L, 15L, 
    0L, 0L, 0L), .Dim = c(8L, 4L), .Dimnames = structure(list(
        c("-4", "-3", "-2", "-1", "0", "1", "2", NA), c("A", 
        "G", "T", NA)), .Names = c("", "")), class = "table"), 
    All.Tags = list(Concordant = list(Freqs = structure(c(0, 
    3, 168, 2, 122, 0, 0, 0, 0, 0, 0, 0, 0, 0, 0, 1, 51, 134, 
    105, 4, 0), .Dim = c(7L, 3L), .Dimnames = list(c("-4", "-3", 
    "-2", "-1", "0", "1", "2"), c("A", "G", "T"))), N = 590), 
        Majority = list(Freqs = structure(c(0, 3, 203, 2, 163, 
        0, 0, 0, 0, 0, 0, 0, 0, 0, 0, 1, 60, 161, 133, 7, 0), .Dim = c(7L, 
        3L), .Dimnames = list(c("-4", "-3", "-2", "-1", "0", 
        "1", "2"), c("A", "G", "T"))), N = 733)), `2` = structure(c(0, 
    2, 171, 0, 127, 0, 0, 0, 0, 0, 0, 0, 0, 0, 0, 1, 51, 135, 
    96, 6, 0), .Dim = c(7L, 3L), .Dimnames = list(c("-4", "-3", 
    "-2", "-1", "0", "1", "2"), c("A", "G", "T"))))))
