Results <-
list(`bwaOutput/20210421msiMNRsJenny/246847_S35.sam` = list(LR11_SNP1 = list(
    All = list(Freqs = structure(c(0L, 0L, 2L, 0L, 0L, 7L, 517L, 
    726L, 7L, 10L, 0L, 13L, 41L, 1L, 0L), .Dim = c(5L, 3L), .Dimnames = structure(list(
        c("-2", "-1", "0", "1", NA), c("A", "C", NA)), .Names = c("", 
    "")), class = "table"), N = 1324L), Tag.Distribution = structure(c(`1` = 43L, 
    `2` = 12L, `3` = 8L, `4` = 7L, `5` = 9L, `6` = 6L, `7` = 4L, 
    `8` = 5L, `9` = 3L, `11` = 4L, `12` = 5L, `13` = 1L, `15` = 2L, 
    `16` = 6L, `17` = 2L, `18` = 1L, `19` = 3L, `20` = 2L, `21` = 2L, 
    `22` = 4L, `24` = 2L, `25` = 3L, `26` = 1L, `27` = 1L, `28` = 1L, 
    `29` = 1L, `32` = 2L, `33` = 1L, `36` = 1L, `37` = 1L, `38` = 2L
    ), .Dim = 31L, .Dimnames = structure(list(c("1", "2", "3", 
    "4", "5", "6", "7", "8", "9", "11", "12", "13", "15", "16", 
    "17", "18", "19", "20", "21", "22", "24", "25", "26", "27", 
    "28", "29", "32", "33", "36", "37", "38")), .Names = ""), class = "table"), 
    No.Tag = structure(c(0L, 0L, 0L, 0L, 0L, 0L, 10L, 15L, 0L, 
    1L, 0L, 0L, 2L, 0L, 0L), .Dim = c(5L, 3L), .Dimnames = structure(list(
        c("-2", "-1", "0", "1", NA), c("A", "C", NA)), .Names = c("", 
    "")), class = "table"), All.Tags = list(Concordant = list(
        Freqs = structure(c(0, 0, 2, 0, 0, 44, 66, 0), .Dim = c(4L, 
        2L), .Dimnames = list(c("-2", "-1", "0", "1"), c("A", 
        "C"))), N = 112), Majority = list(Freqs = structure(c(0, 
    0, 2, 0, 0, 53, 81, 0), .Dim = c(4L, 2L), .Dimnames = list(
        c("-2", "-1", "0", "1"), c("A", "C"))), N = 136)), `2` = structure(c(0, 
    0, 0, 0, 0, 40, 61, 0), .Dim = c(4L, 2L), .Dimnames = list(
        c("-2", "-1", "0", "1"), c("A", "C"))))))
