Results <-
list(`bwaOutput/20210421msiMNRsJenny/246847_S35.sam` = list(IM49_SNP1 = list(
    All = list(Freqs = structure(c(55L, 1204L, 674L, 2469L, 35L, 
    2L, 59L, 0L, 0L, 0L, 7L, 0L, 0L, 1L, 1L, 7L, 8L, 59L, 0L, 
    0L, 0L), .Dim = c(7L, 3L), .Dimnames = structure(list(c("-3", 
    "-2", "-1", "0", "1", "2", NA), c("C", "G", NA)), .Names = c("", 
    "")), class = "table"), N = 4581L), Tag.Distribution = structure(c(`1` = 179L, 
    `2` = 55L, `3` = 39L, `4` = 30L, `5` = 27L, `6` = 21L, `7` = 22L, 
    `8` = 27L, `9` = 17L, `10` = 19L, `11` = 9L, `12` = 15L, 
    `13` = 5L, `14` = 6L, `15` = 7L, `16` = 10L, `17` = 8L, `18` = 6L, 
    `19` = 8L, `20` = 7L, `21` = 4L, `22` = 11L, `23` = 5L, `24` = 5L, 
    `25` = 1L, `26` = 2L, `27` = 3L, `28` = 2L, `29` = 1L, `30` = 2L, 
    `32` = 1L, `34` = 3L, `36` = 2L, `37` = 2L, `38` = 1L, `39` = 1L, 
    `40` = 1L, `41` = 1L, `42` = 1L, `43` = 1L, `44` = 1L, `45` = 1L, 
    `49` = 1L, `50` = 1L, `56` = 1L, `60` = 1L, `63` = 1L), .Dim = 47L, .Dimnames = structure(list(
        c("1", "2", "3", "4", "5", "6", "7", "8", "9", "10", 
        "11", "12", "13", "14", "15", "16", "17", "18", "19", 
        "20", "21", "22", "23", "24", "25", "26", "27", "28", 
        "29", "30", "32", "34", "36", "37", "38", "39", "40", 
        "41", "42", "43", "44", "45", "49", "50", "56", "60", 
        "63")), .Names = ""), class = "table"), No.Tag = structure(c(0L, 
    12L, 8L, 74L, 2L, 0L, 1L, 0L, 0L, 0L, 0L, 0L, 0L, 0L, 0L, 
    0L, 0L, 1L, 0L, 0L, 0L), .Dim = c(7L, 3L), .Dimnames = structure(list(
        c("-3", "-2", "-1", "0", "1", "2", NA), c("C", "G", NA
        )), .Names = c("", "")), class = "table"), All.Tags = list(
        Concordant = list(Freqs = structure(c(2, 129, 72, 222, 
        0, 0, 0, 0, 0, 5, 0, 0), .Dim = c(6L, 2L), .Dimnames = list(
            c("-3", "-2", "-1", "0", "1", "2"), c("C", "G"))), 
            N = 430), Majority = list(Freqs = structure(c(3, 
        151, 86, 294, 0, 0, 0, 0, 0, 5, 0, 0), .Dim = c(6L, 2L
        ), .Dimnames = list(c("-3", "-2", "-1", "0", "1", "2"
        ), c("C", "G"))), N = 539)), `2` = structure(c(3, 113, 
    55, 214, 0, 0, 0, 0, 0, 0, 0, 0), .Dim = c(6L, 2L), .Dimnames = list(
        c("-3", "-2", "-1", "0", "1", "2"), c("C", "G"))))))
