Results <-
list(`bwaOutput/20210421msiMNRsJenny/246847_S35.sam` = list(LR10_SNP1 = list(
    All = list(Freqs = structure(c(0L, 0L, 1L, 0L, 0L, 0L, 0L, 
    1L, 38L, 0L, 0L, 0L, 20L, 681L, 4687L, 24L, 1L, 21L, 0L, 
    3L, 63L, 1L, 0L, 0L), .Dim = c(6L, 4L), .Dimnames = structure(list(
        c("-2", "-1", "0", "1", "2", NA), c("A", "C", "T", NA
        )), .Names = c("", "")), class = "table"), N = 5541L), 
    Tag.Distribution = structure(c(`1` = 146L, `2` = 43L, `3` = 38L, 
    `4` = 21L, `5` = 18L, `6` = 16L, `7` = 15L, `8` = 19L, `9` = 13L, 
    `10` = 14L, `11` = 12L, `12` = 10L, `13` = 10L, `14` = 6L, 
    `15` = 11L, `16` = 15L, `17` = 6L, `18` = 10L, `19` = 4L, 
    `20` = 9L, `21` = 6L, `22` = 10L, `23` = 3L, `24` = 1L, `25` = 8L, 
    `26` = 4L, `27` = 3L, `28` = 6L, `29` = 4L, `30` = 5L, `32` = 3L, 
    `34` = 2L, `35` = 2L, `36` = 2L, `37` = 1L, `38` = 3L, `39` = 2L, 
    `40` = 2L, `41` = 2L, `43` = 2L, `44` = 1L, `45` = 1L, `46` = 1L, 
    `47` = 2L, `48` = 1L, `50` = 3L, `51` = 2L, `54` = 1L, `57` = 2L, 
    `63` = 1L, `68` = 1L), .Dim = 51L, .Dimnames = structure(list(
        c("1", "2", "3", "4", "5", "6", "7", "8", "9", "10", 
        "11", "12", "13", "14", "15", "16", "17", "18", "19", 
        "20", "21", "22", "23", "24", "25", "26", "27", "28", 
        "29", "30", "32", "34", "35", "36", "37", "38", "39", 
        "40", "41", "43", "44", "45", "46", "47", "48", "50", 
        "51", "54", "57", "63", "68")), .Names = ""), class = "table"), 
    No.Tag = structure(c(0L, 0L, 0L, 0L, 0L, 0L, 0L, 0L, 1L, 
    0L, 0L, 0L, 0L, 25L, 98L, 1L, 0L, 3L, 0L, 1L, 4L, 0L, 0L, 
    0L), .Dim = c(6L, 4L), .Dimnames = structure(list(c("-2", 
    "-1", "0", "1", "2", NA), c("A", "C", "T", NA)), .Names = c("", 
    "")), class = "table"), All.Tags = list(Concordant = list(
        Freqs = structure(c(0, 0, 0, 0, 0, 0, 0, 3, 0, 0, 0, 
        58, 373, 1, 0), .Dim = c(5L, 3L), .Dimnames = list(c("-2", 
        "-1", "0", "1", "2"), c("A", "C", "T"))), N = 435), Majority = list(
        Freqs = structure(c(0, 0, 0, 0, 0, 0, 0, 4, 0, 0, 0, 
        65, 442, 1, 0), .Dim = c(5L, 3L), .Dimnames = list(c("-2", 
        "-1", "0", "1", "2"), c("A", "C", "T"))), N = 512)), 
    `2` = structure(c(0, 0, 0, 0, 0, 0, 0, 1, 0, 0, 0, 47, 326, 
    0, 0), .Dim = c(5L, 3L), .Dimnames = list(c("-2", "-1", "0", 
    "1", "2"), c("A", "C", "T"))))))
