Results <-
list(`bwaOutput/20210421msiMNRsJenny/246847_S35.sam` = list(DEPDC2_SNP1 = list(
    All = list(Freqs = structure(c(1L, 662L, 792L, 1L, 17L, 0L, 
    1L, 1L, 0L, 0L, 0L, 43L, 2317L, 88L, 61L, 0L, 8L, 39L, 0L, 
    0L), .Dim = 5:4, .Dimnames = structure(list(c("-2", "-1", 
    "0", "1", NA), c("C", "G", "T", NA)), .Names = c("", "")), class = "table"), 
        N = 4031L), Tag.Distribution = structure(c(`1` = 172L, 
    `2` = 50L, `3` = 36L, `4` = 35L, `5` = 26L, `6` = 20L, `7` = 14L, 
    `8` = 11L, `9` = 15L, `10` = 8L, `11` = 13L, `12` = 11L, 
    `13` = 7L, `14` = 8L, `15` = 4L, `16` = 6L, `17` = 3L, `18` = 5L, 
    `19` = 7L, `20` = 8L, `21` = 3L, `22` = 7L, `23` = 4L, `24` = 6L, 
    `25` = 2L, `26` = 2L, `27` = 6L, `28` = 2L, `29` = 1L, `30` = 5L, 
    `31` = 1L, `32` = 2L, `33` = 3L, `34` = 2L, `35` = 3L, `36` = 1L, 
    `37` = 4L, `39` = 1L, `46` = 1L, `49` = 1L), .Dim = 40L, .Dimnames = structure(list(
        c("1", "2", "3", "4", "5", "6", "7", "8", "9", "10", 
        "11", "12", "13", "14", "15", "16", "17", "18", "19", 
        "20", "21", "22", "23", "24", "25", "26", "27", "28", 
        "29", "30", "31", "32", "33", "34", "35", "36", "37", 
        "39", "46", "49")), .Names = ""), class = "table"), No.Tag = structure(c(0L, 
    13L, 68L, 0L, 2L, 0L, 0L, 0L, 0L, 0L, 0L, 1L, 60L, 3L, 1L, 
    0L, 0L, 7L, 0L, 0L), .Dim = 5:4, .Dimnames = structure(list(
        c("-2", "-1", "0", "1", NA), c("C", "G", "T", NA)), .Names = c("", 
    "")), class = "table"), All.Tags = list(Concordant = list(
        Freqs = structure(c(0, 89, 98, 0, 0, 0, 1, 0, 0, 3, 240, 
        14), .Dim = 4:3, .Dimnames = list(c("-2", "-1", "0", 
        "1"), c("C", "G", "T"))), N = 445), Majority = list(Freqs = structure(c(0, 
    98, 108, 0, 0, 0, 1, 0, 0, 4, 267, 15), .Dim = 4:3, .Dimnames = list(
        c("-2", "-1", "0", "1"), c("C", "G", "T"))), N = 493)), 
    `2` = structure(c(0, 66, 74, 0, 0, 0, 0, 0, 0, 3, 182, 14
    ), .Dim = 4:3, .Dimnames = list(c("-2", "-1", "0", "1"), 
        c("C", "G", "T"))))))
