Results <-
list(`bwaOutput/20210421msiMNRsJenny/246847_S35.sam` = list(GM29_SNP1 = list(
    All = list(Freqs = structure(c(4L, 804L, 3862L, 9L, 9L, 0L, 
    0L, 47L, 0L, 1L, 0L, 1L, 1L, 0L, 0L, 0L, 2L, 47L, 0L, 0L), .Dim = 5:4, .Dimnames = structure(list(
        c("-2", "-1", "0", "1", NA), c("A", "G", "T", NA)), .Names = c("", 
    "")), class = "table"), N = 4787L), Tag.Distribution = structure(c(`1` = 134L, 
    `2` = 43L, `3` = 29L, `4` = 18L, `5` = 22L, `6` = 17L, `7` = 15L, 
    `8` = 16L, `9` = 11L, `10` = 11L, `11` = 11L, `12` = 7L, 
    `13` = 7L, `14` = 9L, `15` = 10L, `16` = 9L, `17` = 9L, `18` = 8L, 
    `19` = 4L, `20` = 6L, `21` = 1L, `22` = 7L, `23` = 8L, `24` = 2L, 
    `25` = 2L, `26` = 1L, `27` = 4L, `28` = 1L, `29` = 1L, `30` = 2L, 
    `31` = 1L, `32` = 5L, `33` = 4L, `34` = 2L, `35` = 1L, `36` = 1L, 
    `38` = 2L, `39` = 2L, `40` = 1L, `41` = 1L, `42` = 5L, `43` = 2L, 
    `45` = 2L, `47` = 2L, `49` = 1L, `50` = 1L, `53` = 2L, `55` = 1L, 
    `59` = 1L, `60` = 1L), .Dim = 50L, .Dimnames = structure(list(
        c("1", "2", "3", "4", "5", "6", "7", "8", "9", "10", 
        "11", "12", "13", "14", "15", "16", "17", "18", "19", 
        "20", "21", "22", "23", "24", "25", "26", "27", "28", 
        "29", "30", "31", "32", "33", "34", "35", "36", "38", 
        "39", "40", "41", "42", "43", "45", "47", "49", "50", 
        "53", "55", "59", "60")), .Names = ""), class = "table"), 
    No.Tag = structure(c(0L, 38L, 233L, 0L, 1L, 0L, 0L, 1L, 0L, 
    0L, 0L, 0L, 0L, 0L, 0L, 0L, 0L, 8L, 0L, 0L), .Dim = 5:4, .Dimnames = structure(list(
        c("-2", "-1", "0", "1", NA), c("A", "G", "T", NA)), .Names = c("", 
    "")), class = "table"), All.Tags = list(Concordant = list(
        Freqs = structure(c(1, 54, 337, 0, 0, 0, 5, 0, 0, 0, 
        1, 0), .Dim = 4:3, .Dimnames = list(c("-2", "-1", "0", 
        "1"), c("A", "G", "T"))), N = 398), Majority = list(Freqs = structure(c(1, 
    70, 381, 0, 0, 0, 6, 0, 0, 0, 1, 0), .Dim = 4:3, .Dimnames = list(
        c("-2", "-1", "0", "1"), c("A", "G", "T"))), N = 459)), 
    `2` = structure(c(1, 55, 271, 0, 0, 0, 1, 0, 0, 0, 0, 0), .Dim = 4:3, .Dimnames = list(
        c("-2", "-1", "0", "1"), c("A", "G", "T"))))))
