Results <-
list(`bwaOutput/20210421msiMNRsJenny/246847_S35.sam` = list(GM17_SNP1 = list(
    All = list(Freqs = structure(c(0L, 22L, 1230L, 1448L, 4L, 
    16L, 1L, 7L, 1390L, 1208L, 2L, 15L, 0L, 0L, 6L, 115L, 0L, 
    0L), .Dim = c(6L, 3L), .Dimnames = structure(list(c("-3", 
    "-2", "-1", "0", "1", NA), c("C", "T", NA)), .Names = c("", 
    "")), class = "table"), N = 5464L), Tag.Distribution = structure(c(`1` = 132L, 
    `2` = 31L, `3` = 28L, `4` = 21L, `5` = 24L, `6` = 15L, `7` = 22L, 
    `8` = 23L, `9` = 11L, `10` = 11L, `11` = 12L, `12` = 14L, 
    `13` = 9L, `14` = 10L, `15` = 7L, `16` = 8L, `17` = 5L, `18` = 10L, 
    `19` = 3L, `20` = 5L, `21` = 8L, `22` = 9L, `23` = 3L, `24` = 4L, 
    `25` = 5L, `26` = 7L, `27` = 4L, `28` = 7L, `29` = 6L, `30` = 3L, 
    `31` = 3L, `32` = 1L, `33` = 2L, `34` = 2L, `35` = 5L, `36` = 4L, 
    `37` = 4L, `39` = 1L, `40` = 3L, `42` = 2L, `43` = 2L, `44` = 3L, 
    `45` = 2L, `48` = 1L, `53` = 1L, `57` = 1L, `58` = 1L, `79` = 1L
    ), .Dim = 48L, .Dimnames = structure(list(c("1", "2", "3", 
    "4", "5", "6", "7", "8", "9", "10", "11", "12", "13", "14", 
    "15", "16", "17", "18", "19", "20", "21", "22", "23", "24", 
    "25", "26", "27", "28", "29", "30", "31", "32", "33", "34", 
    "35", "36", "37", "39", "40", "42", "43", "44", "45", "48", 
    "53", "57", "58", "79")), .Names = ""), class = "table"), 
    No.Tag = structure(c(0L, 0L, 74L, 19L, 0L, 2L, 0L, 0L, 20L, 
    36L, 0L, 0L, 0L, 0L, 1L, 3L, 0L, 0L), .Dim = c(6L, 3L), .Dimnames = structure(list(
        c("-3", "-2", "-1", "0", "1", NA), c("C", "T", NA)), .Names = c("", 
    "")), class = "table"), All.Tags = list(Concordant = list(
        Freqs = structure(c(0, 1, 105, 100, 0, 0, 1, 103, 109, 
        1), .Dim = c(5L, 2L), .Dimnames = list(c("-3", "-2", 
        "-1", "0", "1"), c("C", "T"))), N = 420), Majority = list(
        Freqs = structure(c(0, 2, 115, 122, 0, 0, 1, 118, 122, 
        1), .Dim = c(5L, 2L), .Dimnames = list(c("-3", "-2", 
        "-1", "0", "1"), c("C", "T"))), N = 481)), `2` = structure(c(0, 
    1, 87, 92, 0, 0, 1, 93, 86, 0), .Dim = c(5L, 2L), .Dimnames = list(
        c("-3", "-2", "-1", "0", "1"), c("C", "T"))))))
