Results <-
list(`bwaOutput/20210421msiMNRsJenny/246847_S35.sam` = list(LR44_SNP1 = list(
    All = list(Freqs = structure(c(0L, 16L, 0L, 0L, 0L, 0L, 0L, 
    4L, 356L, 328L, 40L, 713L, 10L, 12L, 1L, 173L, 1086L, 54L, 
    680L, 15L, 11L, 0L, 4L, 5L, 0L, 33L, 1L, 0L), .Dim = c(7L, 
    4L), .Dimnames = structure(list(c("-4", "-3", "-2", "-1", 
    "0", "1", NA), c("A", "C", "T", NA)), .Names = c("", "")), class = "table"), 
        N = 3542L), Tag.Distribution = structure(c(`1` = 102L, 
    `2` = 47L, `3` = 26L, `4` = 22L, `5` = 23L, `6` = 8L, `7` = 8L, 
    `8` = 17L, `9` = 17L, `10` = 12L, `11` = 8L, `12` = 9L, `13` = 6L, 
    `14` = 9L, `15` = 9L, `16` = 8L, `17` = 5L, `18` = 6L, `19` = 5L, 
    `20` = 4L, `21` = 3L, `22` = 2L, `23` = 2L, `24` = 2L, `25` = 4L, 
    `26` = 2L, `27` = 2L, `28` = 2L, `29` = 1L, `30` = 1L, `32` = 6L, 
    `33` = 1L, `34` = 1L, `35` = 1L, `36` = 3L, `37` = 2L, `40` = 1L, 
    `42` = 2L, `43` = 2L, `45` = 1L, `47` = 1L, `54` = 1L, `55` = 1L
    ), .Dim = 43L, .Dimnames = structure(list(c("1", "2", "3", 
    "4", "5", "6", "7", "8", "9", "10", "11", "12", "13", "14", 
    "15", "16", "17", "18", "19", "20", "21", "22", "23", "24", 
    "25", "26", "27", "28", "29", "30", "32", "33", "34", "35", 
    "36", "37", "40", "42", "43", "45", "47", "54", "55")), .Names = ""), class = "table"), 
    No.Tag = structure(c(0L, 0L, 0L, 0L, 0L, 0L, 0L, 2L, 20L, 
    14L, 1L, 9L, 1L, 1L, 0L, 4L, 24L, 2L, 31L, 0L, 1L, 0L, 0L, 
    0L, 0L, 2L, 0L, 0L), .Dim = c(7L, 4L), .Dimnames = structure(list(
        c("-4", "-3", "-2", "-1", "0", "1", NA), c("A", "C", 
        "T", NA)), .Names = c("", "")), class = "table"), All.Tags = list(
        Concordant = list(Freqs = structure(c(0, 1, 0, 0, 0, 
        0, 0, 48, 30, 3, 61, 0, 0, 7, 85, 0, 46, 1), .Dim = c(6L, 
        3L), .Dimnames = list(c("-4", "-3", "-2", "-1", "0", 
        "1"), c("A", "C", "T"))), N = 282), Majority = list(Freqs = structure(c(0, 
        1, 0, 0, 0, 0, 0, 52, 39, 3, 94, 0, 0, 8, 103, 0, 78, 
        1), .Dim = c(6L, 3L), .Dimnames = list(c("-4", "-3", 
        "-2", "-1", "0", "1"), c("A", "C", "T"))), N = 379)), 
    `2` = structure(c(0, 1, 0, 0, 0, 0, 0, 36, 29, 1, 71, 0, 
    0, 6, 81, 0, 60, 0), .Dim = c(6L, 3L), .Dimnames = list(c("-4", 
    "-3", "-2", "-1", "0", "1"), c("A", "C", "T"))))))
