Results <-
list(`bwaOutput/20210421msiMNRsJenny/246847_S35.sam` = list(GM01_SNP1 = list(
    All = list(Freqs = structure(c(0L, 50L, 2932L, 10L, 4L, 0L, 
    0L, 1L, 0L, 0L, 18L, 627L, 2240L, 3L, 18L, 0L, 1L, 62L, 1L, 
    0L), .Dim = 5:4, .Dimnames = structure(list(c("-2", "-1", 
    "0", "1", NA), c("A", "C", "G", NA)), .Names = c("", "")), class = "table"), 
        N = 5967L), Tag.Distribution = structure(c(`1` = 160L, 
    `2` = 48L, `3` = 25L, `4` = 17L, `5` = 22L, `6` = 16L, `7` = 20L, 
    `8` = 15L, `9` = 10L, `10` = 18L, `11` = 13L, `12` = 9L, 
    `13` = 11L, `14` = 14L, `15` = 12L, `16` = 9L, `17` = 5L, 
    `18` = 11L, `19` = 14L, `20` = 7L, `21` = 7L, `22` = 4L, 
    `23` = 6L, `24` = 3L, `25` = 4L, `26` = 11L, `27` = 5L, `28` = 5L, 
    `29` = 5L, `30` = 7L, `31` = 6L, `32` = 5L, `33` = 5L, `34` = 4L, 
    `35` = 6L, `36` = 1L, `37` = 1L, `38` = 1L, `40` = 2L, `42` = 1L, 
    `43` = 1L, `44` = 2L, `46` = 1L, `52` = 1L, `53` = 2L, `54` = 1L, 
    `55` = 1L, `61` = 1L), .Dim = 48L, .Dimnames = structure(list(
        c("1", "2", "3", "4", "5", "6", "7", "8", "9", "10", 
        "11", "12", "13", "14", "15", "16", "17", "18", "19", 
        "20", "21", "22", "23", "24", "25", "26", "27", "28", 
        "29", "30", "31", "32", "33", "34", "35", "36", "37", 
        "38", "40", "42", "43", "44", "46", "52", "53", "54", 
        "55", "61")), .Names = ""), class = "table"), No.Tag = structure(c(0L, 
    3L, 102L, 1L, 0L, 0L, 0L, 0L, 0L, 0L, 0L, 44L, 20L, 0L, 0L, 
    0L, 0L, 3L, 0L, 0L), .Dim = 5:4, .Dimnames = structure(list(
        c("-2", "-1", "0", "1", NA), c("A", "C", "G", NA)), .Names = c("", 
    "")), class = "table"), All.Tags = list(Concordant = list(
        Freqs = structure(c(0, 3, 226, 0, 0, 0, 0, 0, 1, 46, 
        180, 0), .Dim = 4:3, .Dimnames = list(c("-2", "-1", "0", 
        "1"), c("A", "C", "G"))), N = 456), Majority = list(Freqs = structure(c(0, 
    3, 264, 0, 0, 0, 0, 0, 2, 52, 221, 0), .Dim = 4:3, .Dimnames = list(
        c("-2", "-1", "0", "1"), c("A", "C", "G"))), N = 542)), 
    `2` = structure(c(0, 1, 192, 0, 0, 0, 0, 0, 1, 43, 155, 0
    ), .Dim = 4:3, .Dimnames = list(c("-2", "-1", "0", "1"), 
        c("A", "C", "G"))))))
