Results <-
list(`bwaOutput/20210421msiMNRsJenny/246847_S35.sam` = list(GM09_SNP1 = list(
    All = list(Freqs = structure(c(147L, 2739L, 6L, 6L, 106L, 
    2760L, 4L, 1L, 2L, 37L, 0L, 0L), .Dim = 4:3, .Dimnames = structure(list(
        c("-1", "0", "1", NA), c("A", "G", NA)), .Names = c("", 
    "")), class = "table"), N = 5808L), Tag.Distribution = structure(c(`1` = 152L, 
    `2` = 47L, `3` = 47L, `4` = 32L, `5` = 28L, `6` = 27L, `7` = 23L, 
    `8` = 28L, `9` = 12L, `10` = 22L, `11` = 15L, `12` = 16L, 
    `13` = 13L, `14` = 12L, `15` = 8L, `16` = 10L, `17` = 4L, 
    `18` = 8L, `19` = 6L, `20` = 5L, `21` = 6L, `22` = 4L, `23` = 7L, 
    `24` = 6L, `25` = 3L, `26` = 9L, `27` = 4L, `28` = 5L, `29` = 4L, 
    `30` = 2L, `31` = 4L, `32` = 1L, `33` = 6L, `34` = 3L, `35` = 3L, 
    `36` = 2L, `38` = 2L, `39` = 3L, `41` = 4L, `42` = 2L, `43` = 1L, 
    `44` = 3L, `53` = 1L, `54` = 1L, `56` = 1L, `58` = 1L), .Dim = 46L, .Dimnames = structure(list(
        c("1", "2", "3", "4", "5", "6", "7", "8", "9", "10", 
        "11", "12", "13", "14", "15", "16", "17", "18", "19", 
        "20", "21", "22", "23", "24", "25", "26", "27", "28", 
        "29", "30", "31", "32", "33", "34", "35", "36", "38", 
        "39", "41", "42", "43", "44", "53", "54", "56", "58")), .Names = ""), class = "table"), 
    No.Tag = structure(c(3L, 86L, 0L, 1L, 1L, 61L, 0L, 1L, 0L, 
    3L, 0L, 0L), .Dim = 4:3, .Dimnames = structure(list(c("-1", 
    "0", "1", NA), c("A", "G", NA)), .Names = c("", "")), class = "table"), 
    All.Tags = list(Concordant = list(Freqs = structure(c(14, 
    259, 0, 5, 250, 0), .Dim = 3:2, .Dimnames = list(c("-1", 
    "0", "1"), c("A", "G"))), N = 528), Majority = list(Freqs = structure(c(14, 
    289, 0, 6, 281, 0), .Dim = 3:2, .Dimnames = list(c("-1", 
    "0", "1"), c("A", "G"))), N = 590)), `2` = structure(c(11, 
    220, 0, 6, 208, 0), .Dim = 3:2, .Dimnames = list(c("-1", 
    "0", "1"), c("A", "G"))))))
