Results <-
list(`bwaOutput/20210421msiMNRsJenny/246847_S35.sam` = list(LR36_SNP1 = list(
    All = list(Freqs = structure(c(0L, 0L, 2L, 1L, 11L, 0L, 3L, 
    0L, 1L, 0L, 0L, 0L, 0L, 0L, 0L, 502L, 115L, 1267L, 2543L, 
    14L, 79L, 1L, 9L, 5L, 55L, 216L, 3L, 0L), .Dim = c(7L, 4L
    ), .Dimnames = structure(list(c("-4", "-3", "-2", "-1", "0", 
    "1", NA), c("A", "C", "T", NA)), .Names = c("", "")), class = "table"), 
        N = 4827L), Tag.Distribution = structure(c(`1` = 127L, 
    `2` = 35L, `3` = 26L, `4` = 18L, `5` = 17L, `6` = 18L, `7` = 20L, 
    `8` = 9L, `9` = 17L, `10` = 9L, `11` = 15L, `12` = 16L, `13` = 17L, 
    `14` = 9L, `15` = 10L, `16` = 5L, `17` = 8L, `18` = 4L, `19` = 11L, 
    `20` = 6L, `21` = 7L, `22` = 1L, `23` = 1L, `24` = 3L, `25` = 4L, 
    `26` = 4L, `27` = 3L, `28` = 4L, `29` = 3L, `30` = 1L, `31` = 2L, 
    `32` = 2L, `33` = 5L, `34` = 2L, `35` = 1L, `36` = 1L, `37` = 2L, 
    `38` = 2L, `42` = 3L, `43` = 1L, `44` = 2L, `45` = 2L, `47` = 1L, 
    `49` = 2L, `53` = 1L, `54` = 1L, `55` = 1L, `60` = 1L, `76` = 1L, 
    `77` = 1L), .Dim = 50L, .Dimnames = structure(list(c("1", 
    "2", "3", "4", "5", "6", "7", "8", "9", "10", "11", "12", 
    "13", "14", "15", "16", "17", "18", "19", "20", "21", "22", 
    "23", "24", "25", "26", "27", "28", "29", "30", "31", "32", 
    "33", "34", "35", "36", "37", "38", "42", "43", "44", "45", 
    "47", "49", "53", "54", "55", "60", "76", "77")), .Names = ""), class = "table"), 
    No.Tag = structure(c(0L, 0L, 0L, 0L, 0L, 0L, 0L, 0L, 0L, 
    0L, 0L, 0L, 0L, 0L, 0L, 6L, 0L, 21L, 87L, 1L, 5L, 0L, 1L, 
    0L, 2L, 13L, 0L, 0L), .Dim = c(7L, 4L), .Dimnames = structure(list(
        c("-4", "-3", "-2", "-1", "0", "1", NA), c("A", "C", 
        "T", NA)), .Names = c("", "")), class = "table"), All.Tags = list(
        Concordant = list(Freqs = structure(c(0, 0, 2, 0, 4, 
        0, 0, 0, 0, 0, 0, 0, 0, 44, 12, 85, 205, 0), .Dim = c(6L, 
        3L), .Dimnames = list(c("-4", "-3", "-2", "-1", "0", 
        "1"), c("A", "C", "T"))), N = 352), Majority = list(Freqs = structure(c(0, 
        0, 2, 0, 4, 0, 0, 0, 0, 0, 0, 0, 0, 49, 14, 106, 260, 
        0), .Dim = c(6L, 3L), .Dimnames = list(c("-4", "-3", 
        "-2", "-1", "0", "1"), c("A", "C", "T"))), N = 435)), 
    `2` = structure(c(0, 0, 0, 0, 0, 0, 0, 0, 0, 0, 0, 0, 0, 
    39, 9, 89, 194, 0), .Dim = c(6L, 3L), .Dimnames = list(c("-4", 
    "-3", "-2", "-1", "0", "1"), c("A", "C", "T"))))))
