Results <-
list(`bwaOutput/20210421msiMNRsJenny/246847_S35.sam` = list(LR17_SNP1 = list(
    All = list(Freqs = structure(c(0L, 0L, 0L, 1L, 1L, 0L, 0L, 
    0L, 1L, 58L, 3143L, 3876L, 4054L, 84L, 2L, 166L, 0L, 0L, 
    0L, 0L, 1L, 0L, 0L, 0L, 0L, 0L, 1L, 2L, 4L, 0L, 0L, 0L, 0L, 
    0L, 26L, 131L, 301L, 3L, 0L, 0L), .Dim = c(8L, 5L), .Dimnames = structure(list(
        c("-4", "-3", "-2", "-1", "0", "1", "2", NA), c("-", 
        "A", "C", "G", NA)), .Names = c("", "")), class = "table"), 
        N = 11855L), Tag.Distribution = structure(c(`1` = 281L, 
    `2` = 77L, `3` = 53L, `4` = 47L, `5` = 35L, `6` = 30L, `7` = 36L, 
    `8` = 29L, `9` = 24L, `10` = 21L, `11` = 21L, `12` = 17L, 
    `13` = 16L, `14` = 18L, `15` = 14L, `16` = 11L, `17` = 11L, 
    `18` = 6L, `19` = 14L, `20` = 15L, `21` = 12L, `22` = 9L, 
    `23` = 13L, `24` = 11L, `25` = 15L, `26` = 7L, `27` = 7L, 
    `28` = 10L, `29` = 7L, `30` = 9L, `31` = 12L, `32` = 7L, 
    `33` = 12L, `34` = 8L, `35` = 6L, `36` = 10L, `37` = 7L, 
    `38` = 2L, `39` = 5L, `40` = 3L, `41` = 7L, `42` = 4L, `43` = 6L, 
    `44` = 4L, `45` = 1L, `47` = 3L, `48` = 3L, `49` = 3L, `50` = 2L, 
    `51` = 1L, `53` = 3L, `54` = 1L, `55` = 3L, `62` = 1L, `63` = 1L, 
    `66` = 2L, `73` = 1L, `76` = 1L), .Dim = 58L, .Dimnames = structure(list(
        c("1", "2", "3", "4", "5", "6", "7", "8", "9", "10", 
        "11", "12", "13", "14", "15", "16", "17", "18", "19", 
        "20", "21", "22", "23", "24", "25", "26", "27", "28", 
        "29", "30", "31", "32", "33", "34", "35", "36", "37", 
        "38", "39", "40", "41", "42", "43", "44", "45", "47", 
        "48", "49", "50", "51", "53", "54", "55", "62", "63", 
        "66", "73", "76")), .Names = ""), class = "table"), No.Tag = structure(c(0L, 
    0L, 0L, 0L, 0L, 0L, 0L, 0L, 0L, 0L, 114L, 142L, 86L, 0L, 
    0L, 8L, 0L, 0L, 0L, 0L, 1L, 0L, 0L, 0L, 0L, 0L, 0L, 0L, 0L, 
    0L, 0L, 0L, 0L, 0L, 3L, 8L, 7L, 0L, 0L, 0L), .Dim = c(8L, 
    5L), .Dimnames = structure(list(c("-4", "-3", "-2", "-1", 
    "0", "1", "2", NA), c("-", "A", "C", "G", NA)), .Names = c("", 
    "")), class = "table"), All.Tags = list(Concordant = list(
        Freqs = structure(c(0, 0, 0, 0, 0, 0, 0, 0, 1, 186, 203, 
        280, 2, 0, 0, 0, 0, 0, 0, 0, 0, 0, 0, 0, 0, 1, 0, 0), .Dim = c(7L, 
        4L), .Dimnames = list(c("-4", "-3", "-2", "-1", "0", 
        "1", "2"), c("-", "A", "C", "G"))), N = 673), Majority = list(
        Freqs = structure(c(0, 0, 0, 0, 0, 0, 0, 0, 1, 237, 297, 
        400, 3, 0, 0, 0, 0, 0, 0, 0, 0, 0, 0, 0, 0, 1, 0, 0), .Dim = c(7L, 
        4L), .Dimnames = list(c("-4", "-3", "-2", "-1", "0", 
        "1", "2"), c("-", "A", "C", "G"))), N = 939)), `2` = structure(c(0, 
    0, 0, 0, 0, 0, 0, 0, 1, 186, 224, 285, 1, 0, 0, 0, 0, 0, 
    0, 0, 0, 0, 0, 0, 0, 0, 0, 0), .Dim = c(7L, 4L), .Dimnames = list(
        c("-4", "-3", "-2", "-1", "0", "1", "2"), c("-", "A", 
        "C", "G"))))))
