Results <-
list(`bwaOutput/20210421msiMNRsJenny/246847_S35.sam` = list(LR46_SNP1 = list(
    All = list(Freqs = structure(c(7L, 861L, 2620L, 3L, 30L, 
    0L, 0L, 44L, 0L, 0L, 0L, 1L, 25L, 0L, 0L), .Dim = c(5L, 3L
    ), .Dimnames = structure(list(c("-2", "-1", "0", "1", NA), 
        c("G", "T", NA)), .Names = c("", "")), class = "table"), 
        N = 3591L), Tag.Distribution = structure(c(`1` = 101L, 
    `2` = 27L, `3` = 23L, `4` = 19L, `5` = 15L, `6` = 18L, `7` = 6L, 
    `8` = 6L, `9` = 3L, `10` = 16L, `11` = 6L, `12` = 8L, `13` = 6L, 
    `14` = 8L, `15` = 8L, `16` = 7L, `17` = 4L, `18` = 3L, `19` = 2L, 
    `20` = 1L, `21` = 1L, `22` = 2L, `23` = 4L, `24` = 2L, `25` = 5L, 
    `26` = 2L, `27` = 3L, `28` = 1L, `29` = 1L, `30` = 1L, `31` = 2L, 
    `32` = 2L, `33` = 3L, `34` = 4L, `35` = 1L, `36` = 2L, `38` = 1L, 
    `39` = 4L, `41` = 1L, `43` = 1L, `47` = 1L, `51` = 3L, `61` = 2L, 
    `65` = 1L, `66` = 1L, `70` = 1L, `71` = 1L), .Dim = 47L, .Dimnames = structure(list(
        c("1", "2", "3", "4", "5", "6", "7", "8", "9", "10", 
        "11", "12", "13", "14", "15", "16", "17", "18", "19", 
        "20", "21", "22", "23", "24", "25", "26", "27", "28", 
        "29", "30", "31", "32", "33", "34", "35", "36", "38", 
        "39", "41", "43", "47", "51", "61", "65", "66", "70", 
        "71")), .Names = ""), class = "table"), No.Tag = structure(c(0L, 
    92L, 73L, 0L, 8L, 0L, 0L, 1L, 0L, 0L, 0L, 1L, 2L, 0L, 0L), .Dim = c(5L, 
    3L), .Dimnames = structure(list(c("-2", "-1", "0", "1", NA
    ), c("G", "T", NA)), .Names = c("", "")), class = "table"), 
    All.Tags = list(Concordant = list(Freqs = structure(c(2, 
    79, 235, 0, 0, 0, 5, 0), .Dim = c(4L, 2L), .Dimnames = list(
        c("-2", "-1", "0", "1"), c("G", "T"))), N = 321), Majority = list(
        Freqs = structure(c(2, 79, 247, 0, 0, 0, 5, 0), .Dim = c(4L, 
        2L), .Dimnames = list(c("-2", "-1", "0", "1"), c("G", 
        "T"))), N = 333)), `2` = structure(c(2, 58, 177, 0, 0, 
    0, 1, 0), .Dim = c(4L, 2L), .Dimnames = list(c("-2", "-1", 
    "0", "1"), c("G", "T"))))))
