Results <-
list(`bwaOutput/20210421msiMNRsJenny/246847_S35.sam` = list(LR48_SNP1 = list(
    All = list(Freqs = structure(c(0L, 0L, 2L, 0L, 0L, 0L, 1L, 
    166L, 2281L, 2338L, 32L, 48L, 0L, 0L, 0L, 2L, 0L, 0L, 0L, 
    0L, 14L, 69L, 0L, 0L), .Dim = c(6L, 4L), .Dimnames = structure(list(
        c("-3", "-2", "-1", "0", "1", NA), c("A", "C", "T", NA
        )), .Names = c("", "")), class = "table"), N = 4953L), 
    Tag.Distribution = structure(c(`1` = 102L, `2` = 22L, `3` = 18L, 
    `4` = 22L, `5` = 14L, `6` = 19L, `7` = 11L, `8` = 7L, `9` = 10L, 
    `10` = 14L, `11` = 10L, `12` = 10L, `13` = 12L, `14` = 6L, 
    `15` = 12L, `16` = 9L, `17` = 5L, `18` = 8L, `19` = 7L, `20` = 5L, 
    `21` = 4L, `22` = 6L, `23` = 3L, `24` = 1L, `25` = 1L, `27` = 1L, 
    `28` = 4L, `29` = 1L, `30` = 5L, `31` = 5L, `32` = 4L, `33` = 4L, 
    `34` = 2L, `35` = 3L, `36` = 4L, `37` = 1L, `38` = 3L, `39` = 2L, 
    `40` = 3L, `41` = 2L, `42` = 1L, `43` = 1L, `44` = 1L, `45` = 2L, 
    `46` = 2L, `47` = 3L, `49` = 1L, `50` = 1L, `52` = 1L, `53` = 1L, 
    `54` = 1L, `61` = 1L, `63` = 1L, `70` = 1L), .Dim = 54L, .Dimnames = structure(list(
        c("1", "2", "3", "4", "5", "6", "7", "8", "9", "10", 
        "11", "12", "13", "14", "15", "16", "17", "18", "19", 
        "20", "21", "22", "23", "24", "25", "27", "28", "29", 
        "30", "31", "32", "33", "34", "35", "36", "37", "38", 
        "39", "40", "41", "42", "43", "44", "45", "46", "47", 
        "49", "50", "52", "53", "54", "61", "63", "70")), .Names = ""), class = "table"), 
    No.Tag = structure(c(0L, 0L, 0L, 0L, 0L, 0L, 0L, 1L, 75L, 
    51L, 1L, 6L, 0L, 0L, 0L, 0L, 0L, 0L, 0L, 0L, 1L, 8L, 0L, 
    0L), .Dim = c(6L, 4L), .Dimnames = structure(list(c("-3", 
    "-2", "-1", "0", "1", NA), c("A", "C", "T", NA)), .Names = c("", 
    "")), class = "table"), All.Tags = list(Concordant = list(
        Freqs = structure(c(0, 0, 0, 0, 0, 0, 11, 117, 139, 2, 
        0, 0, 0, 2, 0), .Dim = c(5L, 3L), .Dimnames = list(c("-3", 
        "-2", "-1", "0", "1"), c("A", "C", "T"))), N = 271), 
        Majority = list(Freqs = structure(c(0, 0, 0, 0, 0, 0, 
        14, 162, 200, 2, 0, 0, 0, 2, 0), .Dim = c(5L, 3L), .Dimnames = list(
            c("-3", "-2", "-1", "0", "1"), c("A", "C", "T"))), 
            N = 380)), `2` = structure(c(0, 0, 0, 0, 0, 0, 10, 
    132, 150, 0, 0, 0, 0, 0, 0), .Dim = c(5L, 3L), .Dimnames = list(
        c("-3", "-2", "-1", "0", "1"), c("A", "C", "T"))))))
