Results <-
list(`bwaOutput/20210421msiMNRsJenny/246847_S35.sam` = list(LR49_SNP1 = list(
    All = list(Freqs = structure(c(0L, 3L, 7L, 0L, 0L, 0L, 0L, 
    0L, 0L, 1L, 141L, 1533L, 4598L, 2L, 34L, 0L, 13L, 25L, 0L, 
    0L), .Dim = 5:4, .Dimnames = structure(list(c("-2", "-1", 
    "0", "1", NA), c("A", "C", "G", NA)), .Names = c("", "")), class = "table"), 
        N = 6357L), Tag.Distribution = structure(c(`1` = 198L, 
    `2` = 59L, `3` = 47L, `4` = 49L, `5` = 32L, `6` = 41L, `7` = 25L, 
    `8` = 28L, `9` = 26L, `10` = 18L, `11` = 20L, `12` = 14L, 
    `13` = 18L, `14` = 15L, `15` = 12L, `16` = 11L, `17` = 8L, 
    `18` = 3L, `19` = 9L, `20` = 6L, `21` = 5L, `22` = 3L, `23` = 4L, 
    `24` = 9L, `25` = 6L, `26` = 2L, `27` = 3L, `28` = 5L, `29` = 2L, 
    `30` = 4L, `31` = 2L, `32` = 4L, `34` = 3L, `35` = 1L, `36` = 2L, 
    `37` = 2L, `38` = 5L, `39` = 1L, `40` = 4L, `41` = 1L, `42` = 2L, 
    `43` = 3L, `44` = 1L, `45` = 1L, `46` = 1L, `47` = 1L, `52` = 1L, 
    `59` = 1L, `60` = 1L, `88` = 1L), .Dim = 50L, .Dimnames = structure(list(
        c("1", "2", "3", "4", "5", "6", "7", "8", "9", "10", 
        "11", "12", "13", "14", "15", "16", "17", "18", "19", 
        "20", "21", "22", "23", "24", "25", "26", "27", "28", 
        "29", "30", "31", "32", "34", "35", "36", "37", "38", 
        "39", "40", "41", "42", "43", "44", "45", "46", "47", 
        "52", "59", "60", "88")), .Names = ""), class = "table"), 
    No.Tag = structure(c(0L, 0L, 2L, 0L, 0L, 0L, 0L, 0L, 0L, 
    0L, 4L, 24L, 141L, 0L, 5L, 0L, 0L, 3L, 0L, 0L), .Dim = 5:4, .Dimnames = structure(list(
        c("-2", "-1", "0", "1", NA), c("A", "C", "G", NA)), .Names = c("", 
    "")), class = "table"), All.Tags = list(Concordant = list(
        Freqs = structure(c(0, 0, 3, 0, 0, 0, 0, 0, 12, 153, 
        482, 0), .Dim = 4:3, .Dimnames = list(c("-2", "-1", "0", 
        "1"), c("A", "C", "G"))), N = 650), Majority = list(Freqs = structure(c(0, 
    0, 3, 0, 0, 0, 0, 0, 12, 175, 511, 0), .Dim = 4:3, .Dimnames = list(
        c("-2", "-1", "0", "1"), c("A", "C", "G"))), N = 701)), 
    `2` = structure(c(0, 0, 0, 0, 0, 0, 0, 0, 11, 130, 374, 0
    ), .Dim = 4:3, .Dimnames = list(c("-2", "-1", "0", "1"), 
        c("A", "C", "G"))))))
