Results <-
list(`bwaOutput/20210421msiMNRsJenny/246847_S35.sam` = list(GM14_SNP1 = list(
    All = list(Freqs = structure(c(0L, 0L, 0L, 0L, 0L, 1L, 0L, 
    1L, 40L, 516L, 445L, 805L, 6L, 13L, 0L, 1L, 44L, 459L, 1505L, 
    7L, 5L, 0L, 0L, 1L, 3L, 28L, 0L, 0L), .Dim = c(7L, 4L), .Dimnames = structure(list(
        c("-5", "-3", "-2", "-1", "0", "1", NA), c("-", "C", 
        "T", NA)), .Names = c("", "")), class = "table"), N = 3880L), 
    Tag.Distribution = structure(c(`1` = 105L, `2` = 40L, `3` = 21L, 
    `4` = 20L, `5` = 23L, `6` = 19L, `7` = 12L, `8` = 12L, `9` = 11L, 
    `10` = 9L, `11` = 4L, `12` = 9L, `13` = 4L, `14` = 2L, `15` = 5L, 
    `16` = 2L, `17` = 7L, `18` = 6L, `19` = 4L, `20` = 4L, `21` = 8L, 
    `22` = 7L, `23` = 2L, `24` = 2L, `25` = 4L, `26` = 2L, `27` = 7L, 
    `28` = 3L, `31` = 6L, `32` = 3L, `33` = 2L, `34` = 3L, `35` = 1L, 
    `36` = 1L, `37` = 1L, `38` = 1L, `39` = 4L, `40` = 2L, `41` = 1L, 
    `42` = 2L, `43` = 2L, `48` = 1L, `50` = 1L, `58` = 2L), .Dim = 44L, .Dimnames = structure(list(
        c("1", "2", "3", "4", "5", "6", "7", "8", "9", "10", 
        "11", "12", "13", "14", "15", "16", "17", "18", "19", 
        "20", "21", "22", "23", "24", "25", "26", "27", "28", 
        "31", "32", "33", "34", "35", "36", "37", "38", "39", 
        "40", "41", "42", "43", "48", "50", "58")), .Names = ""), class = "table"), 
    No.Tag = structure(c(0L, 0L, 0L, 0L, 0L, 0L, 0L, 0L, 1L, 
    15L, 6L, 19L, 0L, 2L, 0L, 0L, 0L, 30L, 58L, 1L, 2L, 0L, 0L, 
    0L, 0L, 0L, 0L, 0L), .Dim = c(7L, 4L), .Dimnames = structure(list(
        c("-5", "-3", "-2", "-1", "0", "1", NA), c("-", "C", 
        "T", NA)), .Names = c("", "")), class = "table"), All.Tags = list(
        Concordant = list(Freqs = structure(c(0, 0, 0, 0, 0, 
        0, 0, 4, 49, 41, 59, 0, 0, 0, 1, 33, 114, 0), .Dim = c(6L, 
        3L), .Dimnames = list(c("-5", "-3", "-2", "-1", "0", 
        "1"), c("-", "C", "T"))), N = 301), Majority = list(Freqs = structure(c(0, 
        0, 0, 0, 0, 0, 0, 4, 56, 47, 85, 0, 0, 0, 1, 36, 148, 
        0), .Dim = c(6L, 3L), .Dimnames = list(c("-5", "-3", 
        "-2", "-1", "0", "1"), c("-", "C", "T"))), N = 377)), 
    `2` = structure(c(0, 0, 0, 0, 0, 0, 0, 3, 47, 33, 56, 0, 
    0, 0, 1, 27, 111, 0), .Dim = c(6L, 3L), .Dimnames = list(
        c("-5", "-3", "-2", "-1", "0", "1"), c("-", "C", "T"))))))
