Results <-
list(`bwaOutput/20210421msiMNRsJenny/246847_S35.sam` = list(LR24_SNP1 = list(
    All = list(Freqs = structure(c(0L, 11L, 54L, 0L, 0L, 31L, 
    1122L, 1883L, 3L, 18L, 1L, 9L, 20L, 0L, 0L), .Dim = c(5L, 
    3L), .Dimnames = structure(list(c("-2", "-1", "0", "1", NA
    ), c("A", "G", NA)), .Names = c("", "")), class = "table"), 
        N = 3152L), Tag.Distribution = structure(c(`1` = 118L, 
    `2` = 50L, `3` = 30L, `4` = 25L, `5` = 23L, `6` = 19L, `7` = 18L, 
    `8` = 11L, `9` = 15L, `10` = 14L, `11` = 8L, `12` = 5L, `13` = 4L, 
    `14` = 4L, `15` = 6L, `16` = 11L, `17` = 7L, `18` = 6L, `19` = 4L, 
    `20` = 3L, `21` = 8L, `22` = 2L, `23` = 3L, `24` = 2L, `26` = 1L, 
    `27` = 3L, `28` = 2L, `30` = 1L, `31` = 1L, `32` = 2L, `33` = 3L, 
    `34` = 2L, `38` = 1L, `40` = 1L, `41` = 1L, `51` = 1L), .Dim = 36L, .Dimnames = structure(list(
        c("1", "2", "3", "4", "5", "6", "7", "8", "9", "10", 
        "11", "12", "13", "14", "15", "16", "17", "18", "19", 
        "20", "21", "22", "23", "24", "26", "27", "28", "30", 
        "31", "32", "33", "34", "38", "40", "41", "51")), .Names = ""), class = "table"), 
    No.Tag = structure(c(0L, 1L, 2L, 0L, 0L, 29L, 34L, 113L, 
    0L, 3L, 1L, 1L, 3L, 0L, 0L), .Dim = c(5L, 3L), .Dimnames = structure(list(
        c("-2", "-1", "0", "1", NA), c("A", "G", NA)), .Names = c("", 
    "")), class = "table"), All.Tags = list(Concordant = list(
        Freqs = structure(c(0, 1, 8, 0, 1, 129, 240, 0), .Dim = c(4L, 
        2L), .Dimnames = list(c("-2", "-1", "0", "1"), c("A", 
        "G"))), N = 379), Majority = list(Freqs = structure(c(0, 
    1, 8, 0, 1, 134, 259, 0), .Dim = c(4L, 2L), .Dimnames = list(
        c("-2", "-1", "0", "1"), c("A", "G"))), N = 403)), `2` = structure(c(0, 
    1, 3, 0, 1, 101, 189, 0), .Dim = c(4L, 2L), .Dimnames = list(
        c("-2", "-1", "0", "1"), c("A", "G"))))))
