Results <-
list(`bwaOutput/20210421msiMNRsJenny/246847_S35.sam` = list(GM22_SNP1 = list(
    All = list(Freqs = structure(c(3L, 50L, 2725L, 12L, 28L, 
    1L, 36L, 2450L, 10L, 5L, 0L, 4L, 133L, 1L, 0L), .Dim = c(5L, 
    3L), .Dimnames = structure(list(c("-2", "-1", "0", "1", NA
    ), c("A", "G", NA)), .Names = c("", "")), class = "table"), 
        N = 5458L), Tag.Distribution = structure(c(`1` = 170L, 
    `2` = 48L, `3` = 34L, `4` = 18L, `5` = 16L, `6` = 18L, `7` = 18L, 
    `8` = 15L, `9` = 18L, `10` = 16L, `11` = 14L, `12` = 7L, 
    `13` = 8L, `14` = 12L, `15` = 10L, `16` = 10L, `17` = 8L, 
    `18` = 8L, `19` = 7L, `20` = 4L, `21` = 2L, `22` = 3L, `23` = 6L, 
    `24` = 5L, `25` = 3L, `26` = 5L, `27` = 5L, `28` = 1L, `29` = 4L, 
    `30` = 1L, `31` = 2L, `32` = 3L, `33` = 5L, `34` = 2L, `35` = 4L, 
    `36` = 3L, `37` = 1L, `38` = 1L, `39` = 4L, `41` = 3L, `43` = 2L, 
    `44` = 3L, `47` = 3L, `49` = 2L, `52` = 2L, `55` = 1L, `59` = 2L, 
    `60` = 2L), .Dim = 48L, .Dimnames = structure(list(c("1", 
    "2", "3", "4", "5", "6", "7", "8", "9", "10", "11", "12", 
    "13", "14", "15", "16", "17", "18", "19", "20", "21", "22", 
    "23", "24", "25", "26", "27", "28", "29", "30", "31", "32", 
    "33", "34", "35", "36", "37", "38", "39", "41", "43", "44", 
    "47", "49", "52", "55", "59", "60")), .Names = ""), class = "table"), 
    No.Tag = structure(c(0L, 0L, 98L, 2L, 17L, 0L, 1L, 87L, 1L, 
    3L, 0L, 0L, 13L, 0L, 0L), .Dim = c(5L, 3L), .Dimnames = structure(list(
        c("-2", "-1", "0", "1", NA), c("A", "G", NA)), .Names = c("", 
    "")), class = "table"), All.Tags = list(Concordant = list(
        Freqs = structure(c(0, 3, 235, 0, 0, 2, 190, 0), .Dim = c(4L, 
        2L), .Dimnames = list(c("-2", "-1", "0", "1"), c("A", 
        "G"))), N = 430), Majority = list(Freqs = structure(c(0, 
    5, 275, 0, 0, 2, 230, 0), .Dim = c(4L, 2L), .Dimnames = list(
        c("-2", "-1", "0", "1"), c("A", "G"))), N = 512)), `2` = structure(c(0, 
    3, 187, 0, 0, 0, 175, 0), .Dim = c(4L, 2L), .Dimnames = list(
        c("-2", "-1", "0", "1"), c("A", "G"))))))
