Results <-
list(`bwaOutput/20210421msiMNRsJenny/246847_S35.sam` = list(GM26_SNP1 = list(
    All = list(Freqs = structure(c(12L, 1889L, 2043L, 4L, 34L, 
    1L, 1L, 64L, 0L, 0L, 0L, 20L, 21L, 0L, 0L), .Dim = c(5L, 
    3L), .Dimnames = structure(list(c("-2", "-1", "0", "1", NA
    ), c("A", "G", NA)), .Names = c("", "")), class = "table"), 
        N = 4089L), Tag.Distribution = structure(c(`1` = 78L, 
    `2` = 30L, `3` = 19L, `4` = 6L, `5` = 20L, `6` = 17L, `7` = 14L, 
    `8` = 19L, `9` = 12L, `10` = 12L, `11` = 7L, `12` = 8L, `13` = 7L, 
    `14` = 9L, `15` = 7L, `16` = 6L, `17` = 6L, `18` = 4L, `19` = 6L, 
    `20` = 2L, `21` = 2L, `22` = 2L, `23` = 1L, `24` = 1L, `25` = 4L, 
    `26` = 3L, `27` = 2L, `28` = 2L, `29` = 3L, `30` = 2L, `31` = 1L, 
    `33` = 2L, `34` = 4L, `35` = 4L, `36` = 5L, `37` = 3L, `39` = 1L, 
    `40` = 1L, `41` = 1L, `42` = 1L, `43` = 1L, `44` = 2L, `46` = 2L, 
    `47` = 1L, `53` = 1L, `56` = 1L, `57` = 1L, `62` = 1L, `63` = 2L, 
    `67` = 1L), .Dim = 50L, .Dimnames = structure(list(c("1", 
    "2", "3", "4", "5", "6", "7", "8", "9", "10", "11", "12", 
    "13", "14", "15", "16", "17", "18", "19", "20", "21", "22", 
    "23", "24", "25", "26", "27", "28", "29", "30", "31", "33", 
    "34", "35", "36", "37", "39", "40", "41", "42", "43", "44", 
    "46", "47", "53", "56", "57", "62", "63", "67")), .Names = ""), class = "table"), 
    No.Tag = structure(c(1L, 85L, 84L, 0L, 9L, 0L, 0L, 1L, 0L, 
    0L, 0L, 2L, 4L, 0L, 0L), .Dim = c(5L, 3L), .Dimnames = structure(list(
        c("-2", "-1", "0", "1", NA), c("A", "G", NA)), .Names = c("", 
    "")), class = "table"), All.Tags = list(Concordant = list(
        Freqs = structure(c(2, 145, 147, 0, 0, 0, 1, 0), .Dim = c(4L, 
        2L), .Dimnames = list(c("-2", "-1", "0", "1"), c("A", 
        "G"))), N = 295), Majority = list(Freqs = structure(c(2, 
    162, 170, 0, 0, 0, 2, 0), .Dim = c(4L, 2L), .Dimnames = list(
        c("-2", "-1", "0", "1"), c("A", "G"))), N = 336)), `2` = structure(c(2, 
    131, 133, 0, 0, 0, 1, 0), .Dim = c(4L, 2L), .Dimnames = list(
        c("-2", "-1", "0", "1"), c("A", "G"))))))
