Results <-
list(`bwaOutput/20210421msiMNRsJenny/246847_S35.sam` = list(GM07_SNP1 = list(
    All = list(Freqs = structure(c(0L, 0L, 0L, 0L, 0L, 0L, 1L, 
    1L, 134L, 802L, 646L, 19L, 2L, 46L, 0L, 112L, 769L, 828L, 
    22L, 0L, 51L, 0L, 0L, 0L, 1L, 0L, 0L, 0L, 0L, 2L, 10L, 34L, 
    1L, 0L, 0L), .Dim = c(7L, 5L), .Dimnames = structure(list(
        c("-3", "-2", "-1", "0", "1", "2", NA), c("-", "A", "G", 
        "T", NA)), .Names = c("", "")), class = "table"), N = 3481L), 
    Tag.Distribution = structure(c(`1` = 84L, `2` = 30L, `3` = 26L, 
    `4` = 17L, `5` = 20L, `6` = 12L, `7` = 12L, `8` = 10L, `9` = 15L, 
    `10` = 13L, `11` = 9L, `12` = 3L, `13` = 9L, `14` = 6L, `15` = 4L, 
    `16` = 6L, `17` = 8L, `18` = 8L, `19` = 3L, `20` = 6L, `21` = 2L, 
    `22` = 5L, `23` = 6L, `24` = 4L, `25` = 3L, `26` = 2L, `27` = 1L, 
    `28` = 3L, `29` = 1L, `30` = 1L, `31` = 3L, `33` = 1L, `34` = 1L, 
    `35` = 1L, `36` = 3L, `37` = 1L, `43` = 1L, `44` = 2L, `47` = 1L, 
    `50` = 1L, `51` = 2L, `52` = 1L, `53` = 2L, `62` = 1L), .Dim = 44L, .Dimnames = structure(list(
        c("1", "2", "3", "4", "5", "6", "7", "8", "9", "10", 
        "11", "12", "13", "14", "15", "16", "17", "18", "19", 
        "20", "21", "22", "23", "24", "25", "26", "27", "28", 
        "29", "30", "31", "33", "34", "35", "36", "37", "43", 
        "44", "47", "50", "51", "52", "53", "62")), .Names = ""), class = "table"), 
    No.Tag = structure(c(0L, 0L, 0L, 0L, 0L, 0L, 0L, 0L, 1L, 
    16L, 9L, 0L, 0L, 3L, 0L, 2L, 8L, 24L, 0L, 0L, 2L, 0L, 0L, 
    0L, 0L, 0L, 0L, 0L, 0L, 0L, 0L, 3L, 0L, 0L, 0L), .Dim = c(7L, 
    5L), .Dimnames = structure(list(c("-3", "-2", "-1", "0", 
    "1", "2", NA), c("-", "A", "G", "T", NA)), .Names = c("", 
    "")), class = "table"), All.Tags = list(Concordant = list(
        Freqs = structure(c(0, 0, 0, 0, 0, 0, 0, 9, 63, 46, 1, 
        0, 0, 10, 59, 48, 0, 0, 0, 0, 0, 1, 0, 0), .Dim = c(6L, 
        4L), .Dimnames = list(c("-3", "-2", "-1", "0", "1", "2"
        ), c("-", "A", "G", "T"))), N = 237), Majority = list(
        Freqs = structure(c(0, 0, 0, 0, 0, 0, 0, 10, 90, 69, 
        2, 0, 0, 11, 76, 77, 0, 0, 0, 0, 0, 1, 0, 0), .Dim = c(6L, 
        4L), .Dimnames = list(c("-3", "-2", "-1", "0", "1", "2"
        ), c("-", "A", "G", "T"))), N = 336)), `2` = structure(c(0, 
    0, 0, 0, 0, 0, 0, 8, 73, 52, 1, 0, 0, 9, 61, 59, 0, 0, 0, 
    0, 0, 0, 0, 0), .Dim = c(6L, 4L), .Dimnames = list(c("-3", 
    "-2", "-1", "0", "1", "2"), c("-", "A", "G", "T"))))))
