Results <-
list(`bwaOutput/20210421msiMNRsJenny/246847_S35.sam` = list(LR52_SNP1 = list(
    All = list(Freqs = structure(c(1L, 38L, 600L, 6L, 72L, 813L, 
    7L, 15L, 0L, 1L, 111L, 919L, 88L, 845L, 10L, 30L, 0L, 0L, 
    5L, 8L, 5L, 271L, 2L, 0L), .Dim = c(8L, 3L), .Dimnames = structure(list(
        c("-5", "-4", "-3", "-2", "-1", "0", "1", NA), c("C", 
        "T", NA)), .Names = c("", "")), class = "table"), N = 3847L), 
    Tag.Distribution = structure(c(`1` = 75L, `2` = 22L, `3` = 21L, 
    `4` = 17L, `5` = 10L, `6` = 18L, `7` = 15L, `8` = 11L, `9` = 5L, 
    `10` = 6L, `11` = 14L, `12` = 7L, `13` = 6L, `14` = 5L, `15` = 4L, 
    `16` = 3L, `17` = 2L, `18` = 6L, `19` = 6L, `20` = 7L, `21` = 7L, 
    `22` = 1L, `23` = 3L, `24` = 4L, `25` = 7L, `26` = 2L, `27` = 6L, 
    `29` = 4L, `30` = 2L, `31` = 2L, `32` = 2L, `33` = 3L, `34` = 1L, 
    `35` = 1L, `36` = 4L, `37` = 1L, `38` = 2L, `39` = 1L, `40` = 2L, 
    `41` = 2L, `48` = 3L, `50` = 1L, `51` = 2L, `52` = 1L, `54` = 1L, 
    `55` = 2L), .Dim = 46L, .Dimnames = structure(list(c("1", 
    "2", "3", "4", "5", "6", "7", "8", "9", "10", "11", "12", 
    "13", "14", "15", "16", "17", "18", "19", "20", "21", "22", 
    "23", "24", "25", "26", "27", "29", "30", "31", "32", "33", 
    "34", "35", "36", "37", "38", "39", "40", "41", "48", "50", 
    "51", "52", "54", "55")), .Names = ""), class = "table"), 
    No.Tag = structure(c(0L, 0L, 14L, 0L, 1L, 4L, 0L, 1L, 0L, 
    0L, 19L, 16L, 3L, 23L, 2L, 1L, 0L, 0L, 1L, 0L, 0L, 3L, 0L, 
    0L), .Dim = c(8L, 3L), .Dimnames = structure(list(c("-5", 
    "-4", "-3", "-2", "-1", "0", "1", NA), c("C", "T", NA)), .Names = c("", 
    "")), class = "table"), All.Tags = list(Concordant = list(
        Freqs = structure(c(0, 2, 59, 0, 2, 46, 0, 0, 1, 10, 
        40, 3, 42, 0), .Dim = c(7L, 2L), .Dimnames = list(c("-5", 
        "-4", "-3", "-2", "-1", "0", "1"), c("C", "T"))), N = 205), 
        Majority = list(Freqs = structure(c(0, 2, 69, 0, 3, 80, 
        0, 0, 1, 11, 64, 4, 76, 0), .Dim = c(7L, 2L), .Dimnames = list(
            c("-5", "-4", "-3", "-2", "-1", "0", "1"), c("C", 
            "T"))), N = 310)), `2` = structure(c(0, 2, 53, 0, 
    3, 66, 0, 0, 0, 9, 51, 2, 63, 0), .Dim = c(7L, 2L), .Dimnames = list(
        c("-5", "-4", "-3", "-2", "-1", "0", "1"), c("C", "T"
        ))))))
