Results <-
list(`bwaOutput/20210421msiMNRsJenny/246847_S35.sam` = list(IM16_SNP1 = list(
    All = list(Freqs = structure(c(0L, 0L, 6L, 0L, 0L, 30L, 718L, 
    2000L, 24L, 18L, 0L, 4L, 27L, 0L, 0L), .Dim = c(5L, 3L), .Dimnames = structure(list(
        c("-2", "-1", "0", "1", NA), c("A", "G", NA)), .Names = c("", 
    "")), class = "table"), N = 2827L), Tag.Distribution = structure(c(`1` = 82L, 
    `2` = 22L, `3` = 11L, `4` = 19L, `5` = 21L, `6` = 13L, `7` = 8L, 
    `8` = 9L, `9` = 9L, `10` = 6L, `11` = 10L, `12` = 9L, `13` = 3L, 
    `14` = 7L, `15` = 6L, `16` = 7L, `17` = 2L, `18` = 3L, `19` = 2L, 
    `20` = 3L, `21` = 4L, `22` = 4L, `23` = 3L, `24` = 1L, `25` = 1L, 
    `26` = 2L, `27` = 1L, `28` = 2L, `29` = 2L, `30` = 1L, `31` = 2L, 
    `32` = 1L, `33` = 1L, `34` = 1L, `35` = 3L, `36` = 3L, `42` = 1L, 
    `43` = 2L, `44` = 2L, `47` = 2L, `58` = 1L, `72` = 1L), .Dim = 42L, .Dimnames = structure(list(
        c("1", "2", "3", "4", "5", "6", "7", "8", "9", "10", 
        "11", "12", "13", "14", "15", "16", "17", "18", "19", 
        "20", "21", "22", "23", "24", "25", "26", "27", "28", 
        "29", "30", "31", "32", "33", "34", "35", "36", "42", 
        "43", "44", "47", "58", "72")), .Names = ""), class = "table"), 
    No.Tag = structure(c(0L, 0L, 2L, 0L, 0L, 0L, 9L, 49L, 2L, 
    4L, 0L, 1L, 3L, 0L, 0L), .Dim = c(5L, 3L), .Dimnames = structure(list(
        c("-2", "-1", "0", "1", NA), c("A", "G", NA)), .Names = c("", 
    "")), class = "table"), All.Tags = list(Concordant = list(
        Freqs = structure(c(0, 0, 2, 0, 3, 58, 180, 0), .Dim = c(4L, 
        2L), .Dimnames = list(c("-2", "-1", "0", "1"), c("A", 
        "G"))), N = 243), Majority = list(Freqs = structure(c(0, 
    0, 2, 0, 4, 66, 209, 0), .Dim = c(4L, 2L), .Dimnames = list(
        c("-2", "-1", "0", "1"), c("A", "G"))), N = 281)), `2` = structure(c(0, 
    0, 1, 0, 3, 51, 154, 0), .Dim = c(4L, 2L), .Dimnames = list(
        c("-2", "-1", "0", "1"), c("A", "G"))))))
