Results <-
list(`bwaOutput/20210421msiMNRsJenny/250505_S41.sam` = list(LR24_SNP1 = list(
    All = list(Freqs = structure(c(1L, 67L, 3355L, 9L, 3L, 0L, 
    0L, 6L, 0L, 1L, 0L, 0L, 24L, 0L, 0L), .Dim = c(5L, 3L), .Dimnames = structure(list(
        c("-2", "-1", "0", "1", NA), c("A", "G", NA)), .Names = c("", 
    "")), class = "table"), N = 3466L), Tag.Distribution = structure(c(`1` = 113L, 
    `2` = 43L, `3` = 43L, `4` = 22L, `5` = 24L, `6` = 20L, `7` = 22L, 
    `8` = 28L, `9` = 11L, `10` = 20L, `11` = 9L, `12` = 12L, 
    `13` = 9L, `14` = 7L, `15` = 14L, `16` = 10L, `17` = 2L, 
    `18` = 6L, `19` = 4L, `20` = 4L, `21` = 7L, `22` = 2L, `23` = 4L, 
    `24` = 1L, `25` = 3L, `27` = 2L, `28` = 3L, `29` = 1L, `31` = 1L, 
    `32` = 1L, `36` = 1L, `38` = 1L, `39` = 1L, `40` = 1L, `55` = 1L, 
    `67` = 1L), .Dim = 36L, .Dimnames = structure(list(c("1", 
    "2", "3", "4", "5", "6", "7", "8", "9", "10", "11", "12", 
    "13", "14", "15", "16", "17", "18", "19", "20", "21", "22", 
    "23", "24", "25", "27", "28", "29", "31", "32", "36", "38", 
    "39", "40", "55", "67")), .Names = ""), class = "table"), 
    No.Tag = structure(c(0L, 0L, 115L, 1L, 0L, 0L, 0L, 0L, 0L, 
    0L, 0L, 0L, 4L, 0L, 0L), .Dim = c(5L, 3L), .Dimnames = structure(list(
        c("-2", "-1", "0", "1", NA), c("A", "G", NA)), .Names = c("", 
    "")), class = "table"), All.Tags = list(Concordant = list(
        Freqs = structure(c(0, 8, 419, 0, 0, 0, 5, 0), .Dim = c(4L, 
        2L), .Dimnames = list(c("-2", "-1", "0", "1"), c("A", 
        "G"))), N = 432), Majority = list(Freqs = structure(c(0, 
    8, 436, 0, 0, 0, 5, 0), .Dim = c(4L, 2L), .Dimnames = list(
        c("-2", "-1", "0", "1"), c("A", "G"))), N = 449)), `2` = structure(c(0, 
    5, 335, 0, 0, 0, 0, 0), .Dim = c(4L, 2L), .Dimnames = list(
        c("-2", "-1", "0", "1"), c("A", "G"))))))
