Results <-
list(`bwaOutput/20210421msiMNRsJenny/250512_S1.sam` = list(LR52_SNP1 = list(
    All = list(Freqs = structure(c(0L, 0L, 0L, 0L, 1L, 0L, 0L, 
    0L, 30L, 347L, 356L, 1075L, 11L, 53L, 1L, 238L, 570L, 123L, 
    1346L, 9L, 24L, 0L, 2L, 8L, 12L, 408L, 4L, 0L), .Dim = c(7L, 
    4L), .Dimnames = structure(list(c("-4", "-3", "-2", "-1", 
    "0", "1", NA), c("A", "C", "T", NA)), .Names = c("", "")), class = "table"), 
        N = 4618L), Tag.Distribution = structure(c(`1` = 77L, 
    `2` = 26L, `3` = 37L, `4` = 29L, `5` = 33L, `6` = 27L, `7` = 26L, 
    `8` = 31L, `9` = 34L, `10` = 26L, `11` = 19L, `12` = 17L, 
    `13` = 19L, `14` = 20L, `15` = 12L, `16` = 12L, `17` = 8L, 
    `18` = 18L, `19` = 7L, `20` = 7L, `21` = 9L, `22` = 3L, `23` = 5L, 
    `24` = 5L, `25` = 2L, `26` = 2L, `27` = 1L, `28` = 1L, `29` = 2L, 
    `30` = 1L, `42` = 1L), .Dim = 31L, .Dimnames = structure(list(
        c("1", "2", "3", "4", "5", "6", "7", "8", "9", "10", 
        "11", "12", "13", "14", "15", "16", "17", "18", "19", 
        "20", "21", "22", "23", "24", "25", "26", "27", "28", 
        "29", "30", "42")), .Names = ""), class = "table"), No.Tag = structure(c(0L, 
    0L, 0L, 0L, 0L, 0L, 0L, 0L, 0L, 22L, 2L, 21L, 0L, 3L, 0L, 
    2L, 8L, 6L, 38L, 0L, 1L, 0L, 0L, 0L, 0L, 14L, 0L, 0L), .Dim = c(7L, 
    4L), .Dimnames = structure(list(c("-4", "-3", "-2", "-1", 
    "0", "1", NA), c("A", "C", "T", NA)), .Names = c("", "")), class = "table"), 
    All.Tags = list(Concordant = list(Freqs = structure(c(0, 
    0, 0, 0, 0, 0, 0, 2, 29, 11, 91, 1, 0, 23, 44, 2, 82, 0), .Dim = c(6L, 
    3L), .Dimnames = list(c("-4", "-3", "-2", "-1", "0", "1"), 
        c("A", "C", "T"))), N = 285), Majority = list(Freqs = structure(c(0, 
    0, 0, 0, 0, 0, 0, 2, 38, 30, 172, 1, 0, 24, 60, 2, 162, 0
    ), .Dim = c(6L, 3L), .Dimnames = list(c("-4", "-3", "-2", 
    "-1", "0", "1"), c("A", "C", "T"))), N = 491)), `2` = structure(c(0, 
    0, 0, 0, 0, 0, 0, 2, 30, 28, 151, 1, 0, 21, 55, 1, 137, 0
    ), .Dim = c(6L, 3L), .Dimnames = list(c("-4", "-3", "-2", 
    "-1", "0", "1"), c("A", "C", "T"))))))
