Results <-
list(`bwaOutput/20210421msiMNRsJenny/250505_S41.sam` = list(LR44_SNP1 = list(
    All = list(Freqs = structure(c(5L, 53L, 496L, 245L, 1209L, 
    33L, 0L, 14L, 0L, 0L, 42L, 923L, 1730L, 25L, 1L, 20L, 0L, 
    1L, 6L, 9L, 64L, 3L, 0L, 0L), .Dim = c(8L, 3L), .Dimnames = structure(list(
        c("-4", "-3", "-2", "-1", "0", "1", "2", NA), c("C", 
        "T", NA)), .Names = c("", "")), class = "table"), N = 4879L), 
    Tag.Distribution = structure(c(`1` = 87L, `2` = 37L, `3` = 34L, 
    `4` = 19L, `5` = 18L, `6` = 19L, `7` = 23L, `8` = 22L, `9` = 6L, 
    `10` = 14L, `11` = 15L, `12` = 13L, `13` = 13L, `14` = 12L, 
    `15` = 6L, `16` = 6L, `17` = 15L, `18` = 9L, `19` = 11L, 
    `20` = 6L, `21` = 4L, `22` = 7L, `23` = 4L, `24` = 7L, `25` = 3L, 
    `26` = 5L, `27` = 3L, `28` = 2L, `29` = 5L, `30` = 1L, `31` = 4L, 
    `33` = 4L, `34` = 2L, `35` = 3L, `37` = 4L, `39` = 3L, `41` = 2L, 
    `42` = 1L, `43` = 2L, `45` = 2L, `48` = 1L), .Dim = 41L, .Dimnames = structure(list(
        c("1", "2", "3", "4", "5", "6", "7", "8", "9", "10", 
        "11", "12", "13", "14", "15", "16", "17", "18", "19", 
        "20", "21", "22", "23", "24", "25", "26", "27", "28", 
        "29", "30", "31", "33", "34", "35", "37", "39", "41", 
        "42", "43", "45", "48")), .Names = ""), class = "table"), 
    No.Tag = structure(c(0L, 0L, 37L, 1L, 9L, 0L, 0L, 0L, 0L, 
    0L, 3L, 17L, 83L, 1L, 0L, 0L, 0L, 0L, 2L, 2L, 3L, 0L, 0L, 
    0L), .Dim = c(8L, 3L), .Dimnames = structure(list(c("-4", 
    "-3", "-2", "-1", "0", "1", "2", NA), c("C", "T", NA)), .Names = c("", 
    "")), class = "table"), All.Tags = list(Concordant = list(
        Freqs = structure(c(0, 2, 36, 10, 70, 0, 0, 0, 0, 2, 
        43, 92, 0, 0), .Dim = c(7L, 2L), .Dimnames = list(c("-4", 
        "-3", "-2", "-1", "0", "1", "2"), c("C", "T"))), N = 255), 
        Majority = list(Freqs = structure(c(0, 3, 46, 16, 137, 
        2, 0, 0, 0, 2, 73, 164, 0, 0), .Dim = c(7L, 2L), .Dimnames = list(
            c("-4", "-3", "-2", "-1", "0", "1", "2"), c("C", 
            "T"))), N = 443)), `2` = structure(c(0, 2, 36, 10, 
    116, 2, 0, 0, 0, 1, 62, 132, 0, 0), .Dim = c(7L, 2L), .Dimnames = list(
        c("-4", "-3", "-2", "-1", "0", "1", "2"), c("C", "T"))))))
