Results <-
list(`bwaOutput/20210421msiMNRsJenny/250512_S1.sam` = list(IM16_SNP1 = list(
    All = list(Freqs = structure(c(0L, 126L, 2290L, 66L, 6L, 
    5L, 670L, 2501L, 30L, 11L, 0L, 7L, 67L, 3L, 0L), .Dim = c(5L, 
    3L), .Dimnames = structure(list(c("-2", "-1", "0", "1", NA
    ), c("A", "G", NA)), .Names = c("", "")), class = "table"), 
        N = 5782L), Tag.Distribution = structure(c(`1` = 126L, 
    `2` = 53L, `3` = 45L, `4` = 48L, `5` = 30L, `6` = 39L, `7` = 30L, 
    `8` = 33L, `9` = 38L, `10` = 24L, `11` = 24L, `12` = 25L, 
    `13` = 15L, `14` = 19L, `15` = 20L, `16` = 13L, `17` = 10L, 
    `18` = 12L, `19` = 10L, `20` = 14L, `21` = 10L, `22` = 9L, 
    `23` = 6L, `24` = 2L, `25` = 2L, `26` = 1L, `28` = 1L, `29` = 1L, 
    `30` = 5L, `32` = 3L, `35` = 1L, `37` = 1L, `43` = 1L, `51` = 1L
    ), .Dim = 34L, .Dimnames = structure(list(c("1", "2", "3", 
    "4", "5", "6", "7", "8", "9", "10", "11", "12", "13", "14", 
    "15", "16", "17", "18", "19", "20", "21", "22", "23", "24", 
    "25", "26", "28", "29", "30", "32", "35", "37", "43", "51"
    )), .Names = ""), class = "table"), No.Tag = structure(c(0L, 
    2L, 125L, 3L, 1L, 0L, 13L, 101L, 1L, 2L, 0L, 0L, 7L, 0L, 
    0L), .Dim = c(5L, 3L), .Dimnames = structure(list(c("-2", 
    "-1", "0", "1", NA), c("A", "G", NA)), .Names = c("", "")), class = "table"), 
    All.Tags = list(Concordant = list(Freqs = structure(c(0, 
    9, 225, 1, 0, 76, 236, 0), .Dim = c(4L, 2L), .Dimnames = list(
        c("-2", "-1", "0", "1"), c("A", "G"))), N = 547), Majority = list(
        Freqs = structure(c(0, 11, 276, 2, 0, 87, 281, 0), .Dim = c(4L, 
        2L), .Dimnames = list(c("-2", "-1", "0", "1"), c("A", 
        "G"))), N = 657)), `2` = structure(c(0, 10, 226, 1, 0, 
    66, 236, 0), .Dim = c(4L, 2L), .Dimnames = list(c("-2", "-1", 
    "0", "1"), c("A", "G"))))))
