Results <-
list(`bwaOutput/20210421msiMNRsJenny/250505_S41.sam` = list(GM14_SNP1 = list(
    All = list(Freqs = structure(c(7L, 799L, 2115L, 16L, 12L, 
    1L, 66L, 2293L, 10L, 3L, 0L, 3L, 52L, 0L, 0L), .Dim = c(5L, 
    3L), .Dimnames = structure(list(c("-2", "-1", "0", "1", NA
    ), c("C", "T", NA)), .Names = c("", "")), class = "table"), 
        N = 5377L), Tag.Distribution = structure(c(`1` = 101L, 
    `2` = 28L, `3` = 25L, `4` = 24L, `5` = 22L, `6` = 28L, `7` = 16L, 
    `8` = 20L, `9` = 10L, `10` = 18L, `11` = 10L, `12` = 10L, 
    `13` = 8L, `14` = 4L, `15` = 8L, `16` = 8L, `17` = 6L, `18` = 8L, 
    `19` = 6L, `20` = 3L, `21` = 4L, `22` = 5L, `23` = 4L, `24` = 3L, 
    `25` = 6L, `26` = 6L, `27` = 5L, `28` = 7L, `29` = 4L, `30` = 5L, 
    `31` = 5L, `32` = 1L, `33` = 2L, `34` = 2L, `35` = 3L, `37` = 6L, 
    `38` = 1L, `39` = 2L, `40` = 2L, `41` = 1L, `42` = 2L, `43` = 1L, 
    `44` = 1L, `45` = 2L, `46` = 3L, `49` = 1L, `50` = 1L, `51` = 1L, 
    `52` = 1L, `53` = 1L, `55` = 1L, `57` = 1L, `59` = 1L, `68` = 1L
    ), .Dim = 54L, .Dimnames = structure(list(c("1", "2", "3", 
    "4", "5", "6", "7", "8", "9", "10", "11", "12", "13", "14", 
    "15", "16", "17", "18", "19", "20", "21", "22", "23", "24", 
    "25", "26", "27", "28", "29", "30", "31", "32", "33", "34", 
    "35", "37", "38", "39", "40", "41", "42", "43", "44", "45", 
    "46", "49", "50", "51", "52", "53", "55", "57", "59", "68"
    )), .Names = ""), class = "table"), No.Tag = structure(c(0L, 
    9L, 79L, 2L, 0L, 0L, 0L, 42L, 0L, 0L, 0L, 0L, 0L, 0L, 0L), .Dim = c(5L, 
    3L), .Dimnames = structure(list(c("-2", "-1", "0", "1", NA
    ), c("C", "T", NA)), .Names = c("", "")), class = "table"), 
    All.Tags = list(Concordant = list(Freqs = structure(c(0, 
    49, 121, 0, 0, 5, 143, 2), .Dim = c(4L, 2L), .Dimnames = list(
        c("-2", "-1", "0", "1"), c("C", "T"))), N = 320), Majority = list(
        Freqs = structure(c(0, 64, 176, 0, 0, 5, 192, 2), .Dim = c(4L, 
        2L), .Dimnames = list(c("-2", "-1", "0", "1"), c("C", 
        "T"))), N = 439)), `2` = structure(c(0, 53, 146, 0, 0, 
    2, 150, 0), .Dim = c(4L, 2L), .Dimnames = list(c("-2", "-1", 
    "0", "1"), c("C", "T"))))))
