Results <-
list(`bwaOutput/20210421msiMNRsJenny/250512_S1.sam` = list(GM14_SNP1 = list(
    All = list(Freqs = structure(c(21L, 634L, 606L, 3501L, 198L, 
    10L, 24L, 0L, 0L, 0L, 5L, 0L, 0L, 0L, 0L, 0L, 1L, 42L, 0L, 
    1L, 0L), .Dim = c(7L, 3L), .Dimnames = structure(list(c("-3", 
    "-2", "-1", "0", "1", "2", NA), c("C", "T", NA)), .Names = c("", 
    "")), class = "table"), N = 5043L), Tag.Distribution = structure(c(`1` = 124L, 
    `2` = 48L, `3` = 46L, `4` = 43L, `5` = 42L, `6` = 31L, `7` = 35L, 
    `8` = 31L, `9` = 30L, `10` = 22L, `11` = 24L, `12` = 26L, 
    `13` = 26L, `14` = 20L, `15` = 18L, `16` = 16L, `17` = 6L, 
    `18` = 13L, `19` = 9L, `20` = 7L, `21` = 3L, `22` = 3L, `23` = 4L, 
    `24` = 1L, `25` = 4L, `26` = 2L, `27` = 1L, `28` = 2L, `32` = 2L, 
    `39` = 2L), .Dim = 30L, .Dimnames = structure(list(c("1", 
    "2", "3", "4", "5", "6", "7", "8", "9", "10", "11", "12", 
    "13", "14", "15", "16", "17", "18", "19", "20", "21", "22", 
    "23", "24", "25", "26", "27", "28", "32", "39")), .Names = ""), class = "table"), 
    No.Tag = structure(c(0L, 20L, 22L, 80L, 17L, 1L, 3L, 0L, 
    0L, 0L, 0L, 0L, 0L, 0L, 0L, 0L, 0L, 2L, 0L, 0L, 0L), .Dim = c(7L, 
    3L), .Dimnames = structure(list(c("-3", "-2", "-1", "0", 
    "1", "2", NA), c("C", "T", NA)), .Names = c("", "")), class = "table"), 
    All.Tags = list(Concordant = list(Freqs = structure(c(3, 
    81, 52, 345, 17, 1, 0, 0, 0, 2, 0, 0), .Dim = c(6L, 2L), .Dimnames = list(
        c("-3", "-2", "-1", "0", "1", "2"), c("C", "T"))), N = 501), 
        Majority = list(Freqs = structure(c(4, 87, 67, 449, 24, 
        1, 0, 0, 0, 2, 0, 0), .Dim = c(6L, 2L), .Dimnames = list(
            c("-3", "-2", "-1", "0", "1", "2"), c("C", "T"))), 
            N = 634)), `2` = structure(c(4, 74, 55, 363, 18, 
    1, 0, 0, 0, 0, 0, 0), .Dim = c(6L, 2L), .Dimnames = list(
        c("-3", "-2", "-1", "0", "1", "2"), c("C", "T"))))))
