Results <-
list(`bwaOutput/20210421msiMNRsJenny/250512_S1.sam` = list(IM49_SNP1 = list(
    All = list(Freqs = structure(c(1L, 86L, 990L, 1840L, 42L, 
    1L, 34L, 5L, 427L, 173L, 1609L, 38L, 0L, 12L, 0L, 3L, 17L, 
    129L, 2L, 0L, 0L), .Dim = c(7L, 3L), .Dimnames = structure(list(
        c("-3", "-2", "-1", "0", "1", "2", NA), c("C", "G", NA
        )), .Names = c("", "")), class = "table"), N = 5409L), 
    Tag.Distribution = structure(c(`1` = 153L, `2` = 48L, `3` = 43L, 
    `4` = 54L, `5` = 39L, `6` = 39L, `7` = 48L, `8` = 21L, `9` = 32L, 
    `10` = 18L, `11` = 21L, `12` = 14L, `13` = 24L, `14` = 17L, 
    `15` = 26L, `16` = 16L, `17` = 10L, `18` = 6L, `19` = 11L, 
    `20` = 7L, `21` = 3L, `22` = 8L, `23` = 3L, `24` = 3L, `25` = 3L, 
    `26` = 2L, `27` = 2L, `28` = 5L, `29` = 1L, `30` = 1L, `32` = 2L, 
    `33` = 2L, `37` = 2L, `39` = 1L, `43` = 1L, `50` = 1L), .Dim = 36L, .Dimnames = structure(list(
        c("1", "2", "3", "4", "5", "6", "7", "8", "9", "10", 
        "11", "12", "13", "14", "15", "16", "17", "18", "19", 
        "20", "21", "22", "23", "24", "25", "26", "27", "28", 
        "29", "30", "32", "33", "37", "39", "43", "50")), .Names = ""), class = "table"), 
    No.Tag = structure(c(0L, 0L, 25L, 26L, 2L, 0L, 3L, 0L, 1L, 
    2L, 30L, 1L, 0L, 0L, 0L, 0L, 0L, 6L, 0L, 0L, 0L), .Dim = c(7L, 
    3L), .Dimnames = structure(list(c("-3", "-2", "-1", "0", 
    "1", "2", NA), c("C", "G", NA)), .Names = c("", "")), class = "table"), 
    All.Tags = list(Concordant = list(Freqs = structure(c(0, 
    14, 78, 143, 0, 0, 1, 43, 14, 180, 1, 0), .Dim = c(6L, 2L
    ), .Dimnames = list(c("-3", "-2", "-1", "0", "1", "2"), c("C", 
    "G"))), N = 474), Majority = list(Freqs = structure(c(0, 
    15, 107, 221, 0, 0, 1, 51, 17, 240, 1, 0), .Dim = c(6L, 2L
    ), .Dimnames = list(c("-3", "-2", "-1", "0", "1", "2"), c("C", 
    "G"))), N = 653)), `2` = structure(c(0, 11, 90, 168, 0, 0, 
    1, 44, 15, 193, 0, 0), .Dim = c(6L, 2L), .Dimnames = list(
        c("-3", "-2", "-1", "0", "1", "2"), c("C", "G"))))))
