Results <-
list(`bwaOutput/20210421msiMNRsJenny/250505_S41.sam` = list(LR48_SNP1 = list(
    All = list(Freqs = structure(c(0L, 0L, 2L, 0L, 0L, 0L, 11L, 
    423L, 3143L, 47L, 1L, 27L, 4L, 94L, 3231L, 122L, 4L, 15L, 
    0L, 9L, 166L, 6L, 0L, 0L), .Dim = c(6L, 4L), .Dimnames = structure(list(
        c("-2", "-1", "0", "1", "2", NA), c("A", "C", "T", NA
        )), .Names = c("", "")), class = "table"), N = 7305L), 
    Tag.Distribution = structure(c(`1` = 111L, `2` = 23L, `3` = 22L, 
    `4` = 20L, `5` = 16L, `6` = 15L, `7` = 17L, `8` = 12L, `9` = 13L, 
    `10` = 15L, `11` = 13L, `12` = 10L, `13` = 11L, `14` = 11L, 
    `15` = 10L, `16` = 9L, `17` = 8L, `18` = 10L, `19` = 8L, 
    `20` = 9L, `21` = 9L, `22` = 7L, `23` = 11L, `24` = 5L, `25` = 9L, 
    `26` = 3L, `27` = 2L, `28` = 4L, `29` = 2L, `30` = 4L, `31` = 10L, 
    `32` = 4L, `33` = 4L, `34` = 3L, `35` = 3L, `37` = 6L, `38` = 2L, 
    `39` = 4L, `40` = 4L, `41` = 3L, `42` = 2L, `43` = 3L, `44` = 1L, 
    `45` = 2L, `46` = 1L, `47` = 1L, `48` = 1L, `49` = 3L, `50` = 3L, 
    `51` = 3L, `53` = 2L, `54` = 1L, `55` = 3L, `56` = 2L, `62` = 1L, 
    `63` = 2L, `64` = 2L, `70` = 1L, `74` = 1L), .Dim = 59L, .Dimnames = structure(list(
        c("1", "2", "3", "4", "5", "6", "7", "8", "9", "10", 
        "11", "12", "13", "14", "15", "16", "17", "18", "19", 
        "20", "21", "22", "23", "24", "25", "26", "27", "28", 
        "29", "30", "31", "32", "33", "34", "35", "37", "38", 
        "39", "40", "41", "42", "43", "44", "45", "46", "47", 
        "48", "49", "50", "51", "53", "54", "55", "56", "62", 
        "63", "64", "70", "74")), .Names = ""), class = "table"), 
    No.Tag = structure(c(0L, 0L, 0L, 0L, 0L, 0L, 0L, 6L, 65L, 
    2L, 0L, 1L, 0L, 1L, 42L, 1L, 0L, 0L, 0L, 1L, 17L, 0L, 0L, 
    0L), .Dim = c(6L, 4L), .Dimnames = structure(list(c("-2", 
    "-1", "0", "1", "2", NA), c("A", "C", "T", NA)), .Names = c("", 
    "")), class = "table"), All.Tags = list(Concordant = list(
        Freqs = structure(c(0, 0, 0, 0, 0, 0, 15, 149, 2, 0, 
        1, 2, 146, 6, 0), .Dim = c(5L, 3L), .Dimnames = list(
            c("-2", "-1", "0", "1", "2"), c("A", "C", "T"))), 
        N = 321), Majority = list(Freqs = structure(c(0, 0, 0, 
    0, 0, 0, 23, 216, 2, 0, 1, 2, 227, 10, 0), .Dim = c(5L, 3L
    ), .Dimnames = list(c("-2", "-1", "0", "1", "2"), c("A", 
    "C", "T"))), N = 481)), `2` = structure(c(0, 0, 0, 0, 0, 
    0, 17, 170, 0, 0, 0, 0, 187, 7, 0), .Dim = c(5L, 3L), .Dimnames = list(
        c("-2", "-1", "0", "1", "2"), c("A", "C", "T"))))))
