Results <-
list(`bwaOutput/20210421msiMNRsJenny/250505_S41.sam` = list(GM26_SNP1 = list(
    All = list(Freqs = structure(c(1L, 23L, 2621L, 7L, 1L, 5L, 
    0L, 24L, 2372L, 5L, 0L, 3L, 0L, 0L, 0L, 0L, 0L, 1L, 0L, 0L, 
    66L, 1L, 0L, 0L), .Dim = c(6L, 4L), .Dimnames = structure(list(
        c("-3", "-1", "0", "1", "2", NA), c("A", "G", "T", NA
        )), .Names = c("", "")), class = "table"), N = 5130L), 
    Tag.Distribution = structure(c(`1` = 91L, `2` = 25L, `3` = 26L, 
    `4` = 17L, `5` = 14L, `6` = 17L, `7` = 23L, `8` = 19L, `9` = 19L, 
    `10` = 18L, `11` = 14L, `12` = 9L, `13` = 14L, `14` = 13L, 
    `15` = 12L, `16` = 7L, `17` = 8L, `18` = 9L, `19` = 3L, `20` = 7L, 
    `21` = 2L, `22` = 6L, `23` = 5L, `24` = 9L, `25` = 4L, `26` = 2L, 
    `27` = 5L, `28` = 4L, `29` = 4L, `30` = 1L, `31` = 1L, `32` = 4L, 
    `33` = 1L, `34` = 1L, `35` = 2L, `36` = 3L, `37` = 2L, `38` = 2L, 
    `39` = 3L, `40` = 3L, `41` = 3L, `42` = 5L, `44` = 1L, `45` = 1L, 
    `46` = 1L, `52` = 2L, `53` = 1L, `54` = 1L), .Dim = 48L, .Dimnames = structure(list(
        c("1", "2", "3", "4", "5", "6", "7", "8", "9", "10", 
        "11", "12", "13", "14", "15", "16", "17", "18", "19", 
        "20", "21", "22", "23", "24", "25", "26", "27", "28", 
        "29", "30", "31", "32", "33", "34", "35", "36", "37", 
        "38", "39", "40", "41", "42", "44", "45", "46", "52", 
        "53", "54")), .Names = ""), class = "table"), No.Tag = structure(c(0L, 
    1L, 33L, 0L, 0L, 0L, 0L, 0L, 36L, 0L, 0L, 0L, 0L, 0L, 0L, 
    0L, 0L, 0L, 0L, 0L, 4L, 0L, 0L, 0L), .Dim = c(6L, 4L), .Dimnames = structure(list(
        c("-3", "-1", "0", "1", "2", NA), c("A", "G", "T", NA
        )), .Names = c("", "")), class = "table"), All.Tags = list(
        Concordant = list(Freqs = structure(c(0, 1, 182, 0, 0, 
        0, 2, 191, 0, 0, 0, 0, 0, 0, 0), .Dim = c(5L, 3L), .Dimnames = list(
            c("-3", "-1", "0", "1", "2"), c("A", "G", "T"))), 
            N = 376), Majority = list(Freqs = structure(c(0, 
        1, 215, 0, 0, 0, 2, 218, 0, 0, 0, 0, 0, 0, 0), .Dim = c(5L, 
        3L), .Dimnames = list(c("-3", "-1", "0", "1", "2"), c("A", 
        "G", "T"))), N = 436)), `2` = structure(c(0, 0, 168, 
    0, 0, 0, 2, 181, 0, 0, 0, 0, 0, 0, 0), .Dim = c(5L, 3L), .Dimnames = list(
        c("-3", "-1", "0", "1", "2"), c("A", "G", "T"))))))
