Results <-
list(`bwaOutput/20210421msiMNRsJenny/250512_S1.sam` = list(LR46_SNP1 = list(
    All = list(Freqs = structure(c(0L, 0L, 3L, 0L, 1L, 14L, 387L, 
    4709L, 39L, 42L, 0L, 2L, 46L, 0L, 0L), .Dim = c(5L, 3L), .Dimnames = structure(list(
        c("-2", "-1", "0", "1", NA), c("G", "T", NA)), .Names = c("", 
    "")), class = "table"), N = 5243L), Tag.Distribution = structure(c(`1` = 133L, 
    `2` = 31L, `3` = 27L, `4` = 32L, `5` = 30L, `6` = 27L, `7` = 29L, 
    `8` = 26L, `9` = 18L, `10` = 28L, `11` = 24L, `12` = 18L, 
    `13` = 11L, `14` = 10L, `15` = 9L, `16` = 11L, `17` = 8L, 
    `18` = 12L, `19` = 15L, `20` = 6L, `21` = 7L, `22` = 8L, 
    `23` = 6L, `24` = 7L, `25` = 6L, `26` = 4L, `27` = 1L, `28` = 3L, 
    `29` = 5L, `30` = 2L, `31` = 3L, `32` = 1L, `33` = 3L, `34` = 2L, 
    `35` = 2L, `36` = 1L, `37` = 1L, `47` = 1L), .Dim = 38L, .Dimnames = structure(list(
        c("1", "2", "3", "4", "5", "6", "7", "8", "9", "10", 
        "11", "12", "13", "14", "15", "16", "17", "18", "19", 
        "20", "21", "22", "23", "24", "25", "26", "27", "28", 
        "29", "30", "31", "32", "33", "34", "35", "36", "37", 
        "47")), .Names = ""), class = "table"), No.Tag = structure(c(0L, 
    0L, 1L, 0L, 0L, 1L, 7L, 139L, 3L, 6L, 0L, 0L, 5L, 0L, 0L), .Dim = c(5L, 
    3L), .Dimnames = structure(list(c("-2", "-1", "0", "1", NA
    ), c("G", "T", NA)), .Names = c("", "")), class = "table"), 
    All.Tags = list(Concordant = list(Freqs = structure(c(0, 
    0, 1, 0, 1, 34, 487, 3), .Dim = c(4L, 2L), .Dimnames = list(
        c("-2", "-1", "0", "1"), c("G", "T"))), N = 526), Majority = list(
        Freqs = structure(c(0, 0, 1, 0, 2, 36, 515, 3), .Dim = c(4L, 
        2L), .Dimnames = list(c("-2", "-1", "0", "1"), c("G", 
        "T"))), N = 557)), `2` = structure(c(0, 0, 0, 0, 1, 31, 
    400, 2), .Dim = c(4L, 2L), .Dimnames = list(c("-2", "-1", 
    "0", "1"), c("G", "T"))))))
