Results <-
list(`bwaOutput/20210421msiMNRsJenny/250512_S1.sam` = list(LR40_SNP1 = list(
    All = list(Freqs = structure(c(0L, 0L, 3L, 0L, 0L, 1L, 287L, 
    3280L, 13L, 16L, 0L, 2L, 27L, 1L, 0L), .Dim = c(5L, 3L), .Dimnames = structure(list(
        c("-2", "-1", "0", "1", NA), c("A", "C", NA)), .Names = c("", 
    "")), class = "table"), N = 3630L), Tag.Distribution = structure(c(`1` = 95L, 
    `2` = 48L, `3` = 44L, `4` = 45L, `5` = 46L, `6` = 36L, `7` = 37L, 
    `8` = 18L, `9` = 19L, `10` = 18L, `11` = 12L, `12` = 15L, 
    `13` = 14L, `14` = 9L, `15` = 8L, `16` = 11L, `17` = 6L, 
    `18` = 5L, `19` = 6L, `20` = 2L, `21` = 5L, `22` = 3L, `23` = 5L, 
    `24` = 3L, `25` = 1L, `26` = 1L, `29` = 1L, `33` = 1L, `34` = 1L, 
    `40` = 1L), .Dim = 30L, .Dimnames = structure(list(c("1", 
    "2", "3", "4", "5", "6", "7", "8", "9", "10", "11", "12", 
    "13", "14", "15", "16", "17", "18", "19", "20", "21", "22", 
    "23", "24", "25", "26", "29", "33", "34", "40")), .Names = ""), class = "table"), 
    No.Tag = structure(c(0L, 0L, 0L, 0L, 0L, 0L, 6L, 110L, 1L, 
    2L, 0L, 0L, 1L, 0L, 0L), .Dim = c(5L, 3L), .Dimnames = structure(list(
        c("-2", "-1", "0", "1", NA), c("A", "C", NA)), .Names = c("", 
    "")), class = "table"), All.Tags = list(Concordant = list(
        Freqs = structure(c(0, 0, 0, 0, 0, 38, 415, 0), .Dim = c(4L, 
        2L), .Dimnames = list(c("-2", "-1", "0", "1"), c("A", 
        "C"))), N = 453), Majority = list(Freqs = structure(c(0, 
    0, 0, 0, 0, 40, 469, 0), .Dim = c(4L, 2L), .Dimnames = list(
        c("-2", "-1", "0", "1"), c("A", "C"))), N = 509)), `2` = structure(c(0, 
    0, 0, 0, 0, 30, 387, 0), .Dim = c(4L, 2L), .Dimnames = list(
        c("-2", "-1", "0", "1"), c("A", "C"))))))
