Results <-
list(`bwaOutput/20210421msiMNRsJenny/250512_S1.sam` = list(LR10_SNP1 = list(
    All = list(Freqs = structure(c(0L, 0L, 1L, 0L, 0L, 0L, 16L, 
    403L, 4202L, 44L, 1L, 11L, 0L, 0L, 12L, 0L, 0L, 0L, 0L, 4L, 
    82L, 2L, 0L, 0L), .Dim = c(6L, 4L), .Dimnames = structure(list(
        c("-2", "-1", "0", "1", "2", NA), c("A", "C", "T", NA
        )), .Names = c("", "")), class = "table"), N = 4778L), 
    Tag.Distribution = structure(c(`1` = 139L, `2` = 40L, `3` = 37L, 
    `4` = 43L, `5` = 40L, `6` = 37L, `7` = 38L, `8` = 36L, `9` = 31L, 
    `10` = 23L, `11` = 34L, `12` = 22L, `13` = 13L, `14` = 15L, 
    `15` = 9L, `16` = 11L, `17` = 14L, `18` = 11L, `19` = 10L, 
    `20` = 7L, `21` = 3L, `22` = 3L, `23` = 2L, `24` = 2L, `25` = 4L, 
    `26` = 1L, `27` = 1L, `28` = 1L, `30` = 1L, `32` = 1L, `34` = 1L, 
    `36` = 1L), .Dim = 32L, .Dimnames = structure(list(c("1", 
    "2", "3", "4", "5", "6", "7", "8", "9", "10", "11", "12", 
    "13", "14", "15", "16", "17", "18", "19", "20", "21", "22", 
    "23", "24", "25", "26", "27", "28", "30", "32", "34", "36"
    )), .Names = ""), class = "table"), No.Tag = structure(c(0L, 
    0L, 0L, 0L, 0L, 0L, 0L, 18L, 132L, 1L, 0L, 1L, 0L, 0L, 1L, 
    0L, 0L, 0L, 0L, 0L, 8L, 0L, 0L, 0L), .Dim = c(6L, 4L), .Dimnames = structure(list(
        c("-2", "-1", "0", "1", "2", NA), c("A", "C", "T", NA
        )), .Names = c("", "")), class = "table"), All.Tags = list(
        Concordant = list(Freqs = structure(c(0, 0, 0, 0, 0, 
        1, 33, 474, 3, 0, 0, 0, 7, 0, 0), .Dim = c(5L, 3L), .Dimnames = list(
            c("-2", "-1", "0", "1", "2"), c("A", "C", "T"))), 
            N = 518), Majority = list(Freqs = structure(c(0, 
        0, 0, 0, 0, 1, 40, 564, 4, 0, 0, 0, 7, 0, 0), .Dim = c(5L, 
        3L), .Dimnames = list(c("-2", "-1", "0", "1", "2"), c("A", 
        "C", "T"))), N = 616)), `2` = structure(c(0, 0, 0, 0, 
    0, 1, 35, 455, 1, 0, 0, 0, 0, 0, 0), .Dim = c(5L, 3L), .Dimnames = list(
        c("-2", "-1", "0", "1", "2"), c("A", "C", "T"))))))
