Results <-
list(`bwaOutput/20210421msiMNRsJenny/250512_S1.sam` = list(LR49_SNP1 = list(
    All = list(Freqs = structure(c(0L, 0L, 6L, 0L, 0L, 3L, 370L, 
    4931L, 1L, 18L, 0L, 0L, 2L, 0L, 0L, 0L, 3L, 30L, 0L, 0L), .Dim = 5:4, .Dimnames = structure(list(
        c("-2", "-1", "0", "1", NA), c("A", "G", "T", NA)), .Names = c("", 
    "")), class = "table"), N = 5364L), Tag.Distribution = structure(c(`1` = 172L, 
    `2` = 66L, `3` = 62L, `4` = 62L, `5` = 51L, `6` = 54L, `7` = 56L, 
    `8` = 36L, `9` = 29L, `10` = 28L, `11` = 18L, `12` = 27L, 
    `13` = 18L, `14` = 15L, `15` = 10L, `16` = 9L, `17` = 5L, 
    `18` = 14L, `19` = 7L, `20` = 5L, `21` = 5L, `22` = 4L, `23` = 3L, 
    `24` = 1L, `25` = 2L, `26` = 2L, `27` = 5L, `28` = 2L, `29` = 1L, 
    `30` = 1L, `32` = 2L, `33` = 1L, `34` = 1L, `40` = 1L), .Dim = 34L, .Dimnames = structure(list(
        c("1", "2", "3", "4", "5", "6", "7", "8", "9", "10", 
        "11", "12", "13", "14", "15", "16", "17", "18", "19", 
        "20", "21", "22", "23", "24", "25", "26", "27", "28", 
        "29", "30", "32", "33", "34", "40")), .Names = ""), class = "table"), 
    No.Tag = structure(c(0L, 0L, 0L, 0L, 0L, 0L, 13L, 164L, 0L, 
    3L, 0L, 0L, 0L, 0L, 0L, 0L, 1L, 6L, 0L, 0L), .Dim = 5:4, .Dimnames = structure(list(
        c("-2", "-1", "0", "1", NA), c("A", "G", "T", NA)), .Names = c("", 
    "")), class = "table"), All.Tags = list(Concordant = list(
        Freqs = structure(c(0, 0, 0, 0, 1, 35, 686, 0, 0, 0, 
        1, 0), .Dim = 4:3, .Dimnames = list(c("-2", "-1", "0", 
        "1"), c("A", "G", "T"))), N = 723), Majority = list(Freqs = structure(c(0, 
    0, 0, 0, 1, 48, 718, 0, 0, 0, 1, 0), .Dim = 4:3, .Dimnames = list(
        c("-2", "-1", "0", "1"), c("A", "G", "T"))), N = 768)), 
    `2` = structure(c(0, 0, 0, 0, 0, 37, 565, 0, 0, 0, 0, 0), .Dim = 4:3, .Dimnames = list(
        c("-2", "-1", "0", "1"), c("A", "G", "T"))))))
