Results <-
list(`bwaOutput/20210421msiMNRsJenny/250505_S41.sam` = list(LR46_SNP1 = list(
    All = list(Freqs = structure(c(0L, 2L, 0L, 0L, 61L, 5287L, 
    8L, 9L, 0L, 23L, 0L, 0L, 2L, 47L, 0L, 0L), .Dim = c(4L, 4L
    ), .Dimnames = structure(list(c("-1", "0", "1", NA), c("A", 
    "G", "T", NA)), .Names = c("", "")), class = "table"), N = 5439L), 
    Tag.Distribution = structure(c(`1` = 138L, `2` = 30L, `3` = 19L, 
    `4` = 26L, `5` = 17L, `6` = 16L, `7` = 13L, `8` = 14L, `9` = 13L, 
    `10` = 4L, `11` = 8L, `12` = 9L, `13` = 10L, `14` = 6L, `15` = 6L, 
    `16` = 6L, `17` = 17L, `18` = 8L, `19` = 12L, `20` = 9L, 
    `21` = 10L, `22` = 4L, `23` = 5L, `24` = 7L, `25` = 2L, `27` = 3L, 
    `28` = 2L, `29` = 1L, `30` = 1L, `31` = 4L, `32` = 6L, `33` = 1L, 
    `34` = 2L, `36` = 3L, `37` = 5L, `38` = 1L, `39` = 2L, `41` = 3L, 
    `42` = 1L, `43` = 2L, `44` = 2L, `46` = 1L, `47` = 1L, `48` = 1L, 
    `49` = 3L, `51` = 1L, `54` = 1L, `55` = 1L, `58` = 1L, `59` = 1L, 
    `66` = 3L, `67` = 1L, `69` = 1L), .Dim = 53L, .Dimnames = structure(list(
        c("1", "2", "3", "4", "5", "6", "7", "8", "9", "10", 
        "11", "12", "13", "14", "15", "16", "17", "18", "19", 
        "20", "21", "22", "23", "24", "25", "27", "28", "29", 
        "30", "31", "32", "33", "34", "36", "37", "38", "39", 
        "41", "42", "43", "44", "46", "47", "48", "49", "51", 
        "54", "55", "58", "59", "66", "67", "69")), .Names = ""), class = "table"), 
    No.Tag = structure(c(0L, 0L, 0L, 0L, 0L, 203L, 0L, 1L, 0L, 
    0L, 0L, 0L, 0L, 7L, 0L, 0L), .Dim = c(4L, 4L), .Dimnames = structure(list(
        c("-1", "0", "1", NA), c("A", "G", "T", NA)), .Names = c("", 
    "")), class = "table"), All.Tags = list(Concordant = list(
        Freqs = structure(c(0, 0, 0, 1, 426, 0, 0, 1, 0), .Dim = c(3L, 
        3L), .Dimnames = list(c("-1", "0", "1"), c("A", "G", 
        "T"))), N = 428), Majority = list(Freqs = structure(c(0, 
    0, 0, 2, 453, 0, 0, 2, 0), .Dim = c(3L, 3L), .Dimnames = list(
        c("-1", "0", "1"), c("A", "G", "T"))), N = 457)), `2` = structure(c(0, 
    0, 0, 2, 323, 0, 0, 1, 0), .Dim = c(3L, 3L), .Dimnames = list(
        c("-1", "0", "1"), c("A", "G", "T"))))))
