Results <-
list(`bwaOutput/20210421msiMNRsJenny/250512_S1.sam` = list(GM07_SNP1 = list(
    All = list(Freqs = structure(c(0L, 0L, 1L, 3L, 0L, 1L, 3L, 
    355L, 928L, 3051L, 82L, 126L, 0L, 1L, 7L, 91L, 1L, 0L), .Dim = c(6L, 
    3L), .Dimnames = structure(list(c("-3", "-2", "-1", "0", 
    "1", NA), c("A", "G", NA)), .Names = c("", "")), class = "table"), 
        N = 4650L), Tag.Distribution = structure(c(`1` = 116L, 
    `2` = 42L, `3` = 34L, `4` = 43L, `5` = 31L, `6` = 31L, `7` = 21L, 
    `8` = 27L, `9` = 28L, `10` = 28L, `11` = 20L, `12` = 21L, 
    `13` = 14L, `14` = 13L, `15` = 17L, `16` = 11L, `17` = 12L, 
    `18` = 11L, `19` = 11L, `20` = 4L, `21` = 5L, `22` = 6L, 
    `23` = 5L, `24` = 5L, `25` = 2L, `28` = 1L, `29` = 1L, `30` = 5L, 
    `31` = 1L, `32` = 2L, `38` = 1L), .Dim = 31L, .Dimnames = structure(list(
        c("1", "2", "3", "4", "5", "6", "7", "8", "9", "10", 
        "11", "12", "13", "14", "15", "16", "17", "18", "19", 
        "20", "21", "22", "23", "24", "25", "28", "29", "30", 
        "31", "32", "38")), .Names = ""), class = "table"), No.Tag = structure(c(0L, 
    0L, 0L, 0L, 0L, 0L, 0L, 11L, 13L, 77L, 0L, 14L, 0L, 0L, 0L, 
    5L, 0L, 0L), .Dim = c(6L, 3L), .Dimnames = structure(list(
        c("-3", "-2", "-1", "0", "1", NA), c("A", "G", NA)), .Names = c("", 
    "")), class = "table"), All.Tags = list(Concordant = list(
        Freqs = structure(c(0, 0, 1, 2, 0, 0, 41, 81, 245, 2), .Dim = c(5L, 
        2L), .Dimnames = list(c("-3", "-2", "-1", "0", "1"), 
            c("A", "G"))), N = 372), Majority = list(Freqs = structure(c(0, 
    0, 1, 2, 0, 0, 46, 111, 385, 2), .Dim = c(5L, 2L), .Dimnames = list(
        c("-3", "-2", "-1", "0", "1"), c("A", "G"))), N = 547)), 
    `2` = structure(c(0, 0, 0, 0, 0, 0, 37, 87, 321, 1), .Dim = c(5L, 
    2L), .Dimnames = list(c("-3", "-2", "-1", "0", "1"), c("A", 
    "G"))))))
