Results <-
list(`bwaOutput/20210421msiMNRsJenny/250505_S41.sam` = list(IM16_SNP1 = list(
    All = list(Freqs = structure(c(1L, 11L, 1308L, 16L, 3L, 0L, 
    15L, 1340L, 55L, 0L, 0L, 0L, 1L, 0L, 0L, 0L, 0L, 35L, 2L, 
    0L), .Dim = 5:4, .Dimnames = structure(list(c("-2", "-1", 
    "0", "1", NA), c("A", "G", "T", NA)), .Names = c("", "")), class = "table"), 
        N = 2787L), Tag.Distribution = structure(c(`1` = 64L, 
    `2` = 17L, `3` = 19L, `4` = 13L, `5` = 11L, `6` = 12L, `7` = 8L, 
    `8` = 5L, `9` = 10L, `10` = 7L, `11` = 5L, `12` = 7L, `13` = 5L, 
    `14` = 8L, `15` = 4L, `16` = 6L, `17` = 6L, `18` = 1L, `19` = 3L, 
    `20` = 4L, `22` = 5L, `23` = 3L, `24` = 1L, `25` = 4L, `27` = 4L, 
    `29` = 6L, `31` = 2L, `32` = 3L, `34` = 2L, `35` = 3L, `37` = 1L, 
    `39` = 2L, `40` = 1L, `43` = 1L, `44` = 1L, `47` = 1L, `48` = 1L, 
    `53` = 1L, `54` = 2L), .Dim = 39L, .Dimnames = structure(list(
        c("1", "2", "3", "4", "5", "6", "7", "8", "9", "10", 
        "11", "12", "13", "14", "15", "16", "17", "18", "19", 
        "20", "22", "23", "24", "25", "27", "29", "31", "32", 
        "34", "35", "37", "39", "40", "43", "44", "47", "48", 
        "53", "54")), .Names = ""), class = "table"), No.Tag = structure(c(0L, 
    0L, 24L, 0L, 1L, 0L, 1L, 23L, 0L, 0L, 0L, 0L, 0L, 0L, 0L, 
    0L, 0L, 5L, 0L, 0L), .Dim = 5:4, .Dimnames = structure(list(
        c("-2", "-1", "0", "1", NA), c("A", "G", "T", NA)), .Names = c("", 
    "")), class = "table"), All.Tags = list(Concordant = list(
        Freqs = structure(c(0, 1, 100, 0, 0, 0, 101, 1, 0, 0, 
        0, 0), .Dim = 4:3, .Dimnames = list(c("-2", "-1", "0", 
        "1"), c("A", "G", "T"))), N = 203), Majority = list(Freqs = structure(c(0, 
    1, 118, 0, 0, 0, 131, 2, 0, 0, 0, 0), .Dim = 4:3, .Dimnames = list(
        c("-2", "-1", "0", "1"), c("A", "G", "T"))), N = 252)), 
    `2` = structure(c(0, 1, 89, 0, 0, 0, 102, 1, 0, 0, 0, 0), .Dim = 4:3, .Dimnames = list(
        c("-2", "-1", "0", "1"), c("A", "G", "T"))))))
