Results <-
list(`bwaOutput/20210421msiMNRsJenny/250512_S1.sam` = list(GM26_SNP1 = list(
    All = list(Freqs = structure(c(1L, 174L, 1428L, 4L, 3L, 1L, 
    17L, 1514L, 6L, 5L, 0L, 3L, 44L, 1L, 0L), .Dim = c(5L, 3L
    ), .Dimnames = structure(list(c("-2", "-1", "0", "1", NA), 
        c("A", "G", NA)), .Names = c("", "")), class = "table"), 
        N = 3201L), Tag.Distribution = structure(c(`1` = 67L, 
    `2` = 33L, `3` = 32L, `4` = 33L, `5` = 25L, `6` = 38L, `7` = 17L, 
    `8` = 21L, `9` = 21L, `10` = 14L, `11` = 13L, `12` = 13L, 
    `13` = 6L, `14` = 13L, `15` = 8L, `16` = 8L, `17` = 6L, `18` = 6L, 
    `19` = 8L, `20` = 3L, `21` = 4L, `22` = 2L, `23` = 4L, `24` = 1L, 
    `25` = 3L, `26` = 1L, `27` = 1L, `28` = 1L, `29` = 1L, `30` = 3L, 
    `32` = 1L), .Dim = 31L, .Dimnames = structure(list(c("1", 
    "2", "3", "4", "5", "6", "7", "8", "9", "10", "11", "12", 
    "13", "14", "15", "16", "17", "18", "19", "20", "21", "22", 
    "23", "24", "25", "26", "27", "28", "29", "30", "32")), .Names = ""), class = "table"), 
    No.Tag = structure(c(0L, 0L, 42L, 0L, 0L, 0L, 0L, 42L, 1L, 
    2L, 0L, 0L, 4L, 0L, 0L), .Dim = c(5L, 3L), .Dimnames = structure(list(
        c("-2", "-1", "0", "1", NA), c("A", "G", NA)), .Names = c("", 
    "")), class = "table"), All.Tags = list(Concordant = list(
        Freqs = structure(c(0, 19, 151, 0, 0, 1, 185, 0), .Dim = c(4L, 
        2L), .Dimnames = list(c("-2", "-1", "0", "1"), c("A", 
        "G"))), N = 356), Majority = list(Freqs = structure(c(0, 
    23, 173, 0, 0, 2, 205, 0), .Dim = c(4L, 2L), .Dimnames = list(
        c("-2", "-1", "0", "1"), c("A", "G"))), N = 403)), `2` = structure(c(0, 
    20, 149, 0, 0, 1, 170, 0), .Dim = c(4L, 2L), .Dimnames = list(
        c("-2", "-1", "0", "1"), c("A", "G"))))))
