Results <-
list(`bwaOutput/20210421msiMNRsJenny/250505_S41.sam` = list(LR52_SNP1 = list(
    All = list(Freqs = structure(c(1L, 45L, 9L, 51L, 38L, 0L, 
    1L, 16L, 157L, 499L, 436L, 3262L, 35L, 40L, 0L, 1L, 1L, 14L, 
    211L, 4L, 0L), .Dim = c(7L, 3L), .Dimnames = structure(list(
        c("-4", "-3", "-2", "-1", "0", "1", NA), c("C", "T", 
        NA)), .Names = c("", "")), class = "table"), N = 4821L), 
    Tag.Distribution = structure(c(`1` = 78L, `2` = 28L, `3` = 16L, 
    `4` = 22L, `5` = 19L, `6` = 14L, `7` = 14L, `8` = 17L, `9` = 16L, 
    `10` = 11L, `11` = 9L, `12` = 9L, `13` = 7L, `14` = 6L, `15` = 6L, 
    `16` = 5L, `17` = 9L, `18` = 6L, `19` = 5L, `20` = 3L, `21` = 5L, 
    `22` = 3L, `23` = 5L, `24` = 2L, `25` = 4L, `26` = 7L, `27` = 5L, 
    `28` = 3L, `29` = 7L, `31` = 4L, `32` = 2L, `33` = 2L, `34` = 4L, 
    `35` = 4L, `36` = 5L, `37` = 1L, `38` = 1L, `39` = 3L, `40` = 1L, 
    `41` = 1L, `43` = 1L, `44` = 2L, `45` = 1L, `46` = 2L, `47` = 1L, 
    `48` = 1L, `49` = 1L, `50` = 1L, `52` = 1L, `54` = 2L, `55` = 1L, 
    `58` = 1L, `63` = 1L), .Dim = 53L, .Dimnames = structure(list(
        c("1", "2", "3", "4", "5", "6", "7", "8", "9", "10", 
        "11", "12", "13", "14", "15", "16", "17", "18", "19", 
        "20", "21", "22", "23", "24", "25", "26", "27", "28", 
        "29", "31", "32", "33", "34", "35", "36", "37", "38", 
        "39", "40", "41", "43", "44", "45", "46", "47", "48", 
        "49", "50", "52", "54", "55", "58", "63")), .Names = ""), class = "table"), 
    No.Tag = structure(c(0L, 0L, 0L, 0L, 2L, 0L, 0L, 1L, 2L, 
    7L, 6L, 72L, 1L, 1L, 0L, 0L, 0L, 1L, 4L, 0L, 0L), .Dim = c(7L, 
    3L), .Dimnames = structure(list(c("-4", "-3", "-2", "-1", 
    "0", "1", NA), c("C", "T", NA)), .Names = c("", "")), class = "table"), 
    All.Tags = list(Concordant = list(Freqs = structure(c(0, 
    2, 0, 1, 1, 0, 2, 8, 26, 7, 149, 1), .Dim = c(6L, 2L), .Dimnames = list(
        c("-4", "-3", "-2", "-1", "0", "1"), c("C", "T"))), N = 197), 
        Majority = list(Freqs = structure(c(0, 3, 0, 2, 2, 0, 
        2, 11, 45, 16, 280, 1), .Dim = c(6L, 2L), .Dimnames = list(
            c("-4", "-3", "-2", "-1", "0", "1"), c("C", "T"))), 
            N = 362)), `2` = structure(c(0, 2, 0, 1, 1, 0, 2, 
    11, 37, 11, 233, 1), .Dim = c(6L, 2L), .Dimnames = list(c("-4", 
    "-3", "-2", "-1", "0", "1"), c("C", "T"))))))
