Results <-
list(`bwaOutput/20210421msiMNRsJenny/250512_S1.sam` = list(GM17_SNP1 = list(
    All = list(Freqs = structure(c(0L, 86L, 2587L, 2L, 1L, 1L, 
    521L, 2082L, 8L, 10L, 0L, 1L, 162L, 0L, 0L), .Dim = c(5L, 
    3L), .Dimnames = structure(list(c("-2", "-1", "0", "1", NA
    ), c("C", "T", NA)), .Names = c("", "")), class = "table"), 
        N = 5461L), Tag.Distribution = structure(c(`1` = 125L, 
    `2` = 41L, `3` = 38L, `4` = 51L, `5` = 48L, `6` = 37L, `7` = 30L, 
    `8` = 31L, `9` = 31L, `10` = 22L, `11` = 15L, `12` = 25L, 
    `13` = 25L, `14` = 14L, `15` = 13L, `16` = 14L, `17` = 15L, 
    `18` = 11L, `19` = 11L, `20` = 11L, `21` = 5L, `22` = 9L, 
    `23` = 5L, `24` = 5L, `25` = 3L, `26` = 2L, `27` = 2L, `28` = 2L, 
    `29` = 2L, `31` = 1L, `34` = 2L, `37` = 1L, `39` = 1L, `46` = 1L
    ), .Dim = 34L, .Dimnames = structure(list(c("1", "2", "3", 
    "4", "5", "6", "7", "8", "9", "10", "11", "12", "13", "14", 
    "15", "16", "17", "18", "19", "20", "21", "22", "23", "24", 
    "25", "26", "27", "28", "29", "31", "34", "37", "39", "46"
    )), .Names = ""), class = "table"), No.Tag = structure(c(0L, 
    2L, 71L, 0L, 0L, 0L, 18L, 69L, 1L, 2L, 0L, 0L, 13L, 0L, 0L
    ), .Dim = c(5L, 3L), .Dimnames = structure(list(c("-2", "-1", 
    "0", "1", NA), c("C", "T", NA)), .Names = c("", "")), class = "table"), 
    All.Tags = list(Concordant = list(Freqs = structure(c(0, 
    8, 279, 0, 0, 53, 207, 0), .Dim = c(4L, 2L), .Dimnames = list(
        c("-2", "-1", "0", "1"), c("C", "T"))), N = 547), Majority = list(
        Freqs = structure(c(0, 8, 317, 0, 0, 59, 249, 0), .Dim = c(4L, 
        2L), .Dimnames = list(c("-2", "-1", "0", "1"), c("C", 
        "T"))), N = 633)), `2` = structure(c(0, 8, 258, 0, 0, 
    49, 207, 0), .Dim = c(4L, 2L), .Dimnames = list(c("-2", "-1", 
    "0", "1"), c("C", "T"))))))
