Results <-
list(`bwaOutput/20210421msiMNRsJenny/250512_S1.sam` = list(LR44_SNP1 = list(
    All = list(Freqs = structure(c(0L, 0L, 2L, 46L, 832L, 12L, 
    0L, 2L, 14L, 57L, 351L, 610L, 1109L, 22L, 1L, 29L, 0L, 2L, 
    7L, 8L, 55L, 2L, 0L, 0L), .Dim = c(8L, 3L), .Dimnames = structure(list(
        c("-4", "-3", "-2", "-1", "0", "1", "2", NA), c("C", 
        "T", NA)), .Names = c("", "")), class = "table"), N = 3161L), 
    Tag.Distribution = structure(c(`1` = 83L, `2` = 39L, `3` = 29L, 
    `4` = 33L, `5` = 31L, `6` = 21L, `7` = 22L, `8` = 28L, `9` = 18L, 
    `10` = 19L, `11` = 20L, `12` = 13L, `13` = 15L, `14` = 13L, 
    `15` = 8L, `16` = 7L, `17` = 6L, `18` = 5L, `19` = 6L, `20` = 4L, 
    `21` = 3L, `22` = 3L, `23` = 3L, `24` = 2L, `29` = 1L, `71` = 1L
    ), .Dim = 26L, .Dimnames = structure(list(c("1", "2", "3", 
    "4", "5", "6", "7", "8", "9", "10", "11", "12", "13", "14", 
    "15", "16", "17", "18", "19", "20", "21", "22", "23", "24", 
    "29", "71")), .Names = ""), class = "table"), No.Tag = structure(c(0L, 
    0L, 0L, 3L, 22L, 0L, 0L, 0L, 0L, 1L, 2L, 3L, 18L, 1L, 0L, 
    1L, 0L, 0L, 0L, 0L, 2L, 0L, 0L, 0L), .Dim = c(8L, 3L), .Dimnames = structure(list(
        c("-4", "-3", "-2", "-1", "0", "1", "2", NA), c("C", 
        "T", NA)), .Names = c("", "")), class = "table"), All.Tags = list(
        Concordant = list(Freqs = structure(c(0, 0, 0, 1, 77, 
        0, 0, 1, 8, 44, 52, 92, 0, 0), .Dim = c(7L, 2L), .Dimnames = list(
            c("-4", "-3", "-2", "-1", "0", "1", "2"), c("C", 
            "T"))), N = 275), Majority = list(Freqs = structure(c(0, 
        0, 0, 1, 114, 0, 0, 1, 8, 53, 75, 164, 0, 0), .Dim = c(7L, 
        2L), .Dimnames = list(c("-4", "-3", "-2", "-1", "0", 
        "1", "2"), c("C", "T"))), N = 416)), `2` = structure(c(0, 
    0, 0, 0, 99, 0, 0, 1, 7, 45, 59, 130, 0, 0), .Dim = c(7L, 
    2L), .Dimnames = list(c("-4", "-3", "-2", "-1", "0", "1", 
    "2"), c("C", "T"))))))
