Results <-
list(`bwaOutput/20210421msiMNRsJenny/250512_S1.sam` = list(GM01_SNP1 = list(
    All = list(Freqs = structure(c(44L, 3671L, 12L, 4L, 88L, 
    3893L, 14L, 6L, 3L, 106L, 0L, 0L), .Dim = 4:3, .Dimnames = structure(list(
        c("-1", "0", "1", NA), c("A", "G", NA)), .Names = c("", 
    "")), class = "table"), N = 7841L), Tag.Distribution = structure(c(`1` = 174L, 
    `2` = 74L, `3` = 63L, `4` = 58L, `5` = 66L, `6` = 56L, `7` = 56L, 
    `8` = 53L, `9` = 42L, `10` = 39L, `11` = 43L, `12` = 29L, 
    `13` = 27L, `14` = 20L, `15` = 27L, `16` = 16L, `17` = 21L, 
    `18` = 19L, `19` = 19L, `20` = 9L, `21` = 4L, `22` = 10L, 
    `23` = 5L, `24` = 5L, `25` = 4L, `26` = 6L, `27` = 2L, `28` = 2L, 
    `29` = 1L, `30` = 3L, `32` = 2L, `34` = 1L, `35` = 1L, `38` = 2L, 
    `41` = 1L, `44` = 1L), .Dim = 36L, .Dimnames = structure(list(
        c("1", "2", "3", "4", "5", "6", "7", "8", "9", "10", 
        "11", "12", "13", "14", "15", "16", "17", "18", "19", 
        "20", "21", "22", "23", "24", "25", "26", "27", "28", 
        "29", "30", "32", "34", "35", "38", "41", "44")), .Names = ""), class = "table"), 
    No.Tag = structure(c(2L, 98L, 0L, 0L, 1L, 63L, 0L, 0L, 0L, 
    13L, 0L, 0L), .Dim = 4:3, .Dimnames = structure(list(c("-1", 
    "0", "1", NA), c("A", "G", NA)), .Names = c("", "")), class = "table"), 
    All.Tags = list(Concordant = list(Freqs = structure(c(1, 
    386, 0, 8, 387, 0), .Dim = 3:2, .Dimnames = list(c("-1", 
    "0", "1"), c("A", "G"))), N = 782), Majority = list(Freqs = structure(c(1, 
    462, 0, 8, 478, 0), .Dim = 3:2, .Dimnames = list(c("-1", 
    "0", "1"), c("A", "G"))), N = 949)), `2` = structure(c(0, 
    381, 0, 5, 394, 0), .Dim = 3:2, .Dimnames = list(c("-1", 
    "0", "1"), c("A", "G"))))))
