Results <-
list(`bwaOutput/20210421msiMNRsJenny/250512_S1.sam` = list(LR17_SNP1 = list(
    All = list(Freqs = structure(c(2L, 120L, 2789L, 7689L, 171L, 
    3L, 149L, 0L, 0L, 2L, 2L, 0L, 0L, 0L, 0L, 1L, 109L, 608L, 
    8L, 0L, 0L), .Dim = c(7L, 3L), .Dimnames = structure(list(
        c("-3", "-2", "-1", "0", "1", "2", NA), c("A", "G", NA
        )), .Names = c("", "")), class = "table"), N = 11653L), 
    Tag.Distribution = structure(c(`1` = 243L, `2` = 67L, `3` = 73L, 
    `4` = 61L, `5` = 84L, `6` = 69L, `7` = 77L, `8` = 65L, `9` = 65L, 
    `10` = 55L, `11` = 49L, `12` = 47L, `13` = 19L, `14` = 28L, 
    `15` = 39L, `16` = 39L, `17` = 18L, `18` = 21L, `19` = 23L, 
    `20` = 18L, `21` = 12L, `22` = 13L, `23` = 14L, `24` = 14L, 
    `25` = 12L, `26` = 8L, `27` = 8L, `28` = 4L, `29` = 3L, `30` = 4L, 
    `32` = 1L, `33` = 2L, `34` = 2L, `35` = 2L, `36` = 1L, `38` = 1L, 
    `39` = 1L, `40` = 1L, `43` = 1L, `44` = 1L, `45` = 1L, `47` = 1L, 
    `51` = 1L, `52` = 1L), .Dim = 44L, .Dimnames = structure(list(
        c("1", "2", "3", "4", "5", "6", "7", "8", "9", "10", 
        "11", "12", "13", "14", "15", "16", "17", "18", "19", 
        "20", "21", "22", "23", "24", "25", "26", "27", "28", 
        "29", "30", "32", "33", "34", "35", "36", "38", "39", 
        "40", "43", "44", "45", "47", "51", "52")), .Names = ""), class = "table"), 
    No.Tag = structure(c(0L, 1L, 91L, 291L, 3L, 0L, 15L, 0L, 
    0L, 0L, 0L, 0L, 0L, 0L, 0L, 0L, 3L, 39L, 0L, 0L, 0L), .Dim = c(7L, 
    3L), .Dimnames = structure(list(c("-3", "-2", "-1", "0", 
    "1", "2", NA), c("A", "G", NA)), .Names = c("", "")), class = "table"), 
    All.Tags = list(Concordant = list(Freqs = structure(c(0, 
    7, 222, 646, 5, 0, 0, 0, 0, 0, 0, 0), .Dim = c(6L, 2L), .Dimnames = list(
        c("-3", "-2", "-1", "0", "1", "2"), c("A", "G"))), N = 880), 
        Majority = list(Freqs = structure(c(0, 10, 288, 918, 
        8, 0, 0, 0, 0, 0, 0, 0), .Dim = c(6L, 2L), .Dimnames = list(
            c("-3", "-2", "-1", "0", "1", "2"), c("A", "G"))), 
            N = 1224)), `2` = structure(c(0, 7, 246, 750, 7, 
    0, 0, 0, 0, 0, 0, 0), .Dim = c(6L, 2L), .Dimnames = list(
        c("-3", "-2", "-1", "0", "1", "2"), c("A", "G"))))))
