Results <-
list(`bwaOutput/20210421msiMNRsJenny/250505_S41.sam` = list(LR49_SNP1 = list(
    All = list(Freqs = structure(c(0L, 7L, 0L, 0L, 76L, 8726L, 
    7L, 9L, 0L, 58L, 0L, 0L), .Dim = 4:3, .Dimnames = structure(list(
        c("-1", "0", "1", NA), c("A", "G", NA)), .Names = c("", 
    "")), class = "table"), N = 8883L), Tag.Distribution = structure(c(`1` = 216L, 
    `2` = 72L, `3` = 56L, `4` = 58L, `5` = 43L, `6` = 35L, `7` = 33L, 
    `8` = 29L, `9` = 28L, `10` = 22L, `11` = 26L, `12` = 32L, 
    `13` = 20L, `14` = 12L, `15` = 22L, `16` = 19L, `17` = 13L, 
    `18` = 9L, `19` = 13L, `20` = 6L, `21` = 9L, `22` = 11L, 
    `23` = 12L, `24` = 3L, `25` = 8L, `26` = 11L, `27` = 5L, 
    `28` = 8L, `29` = 6L, `30` = 4L, `31` = 4L, `32` = 4L, `33` = 1L, 
    `34` = 6L, `35` = 2L, `36` = 1L, `37` = 4L, `38` = 6L, `39` = 1L, 
    `40` = 3L, `41` = 1L, `42` = 1L, `43` = 1L, `44` = 1L, `45` = 1L, 
    `48` = 1L, `49` = 2L, `51` = 2L, `52` = 2L, `54` = 2L, `57` = 1L, 
    `65` = 1L, `70` = 1L, `79` = 1L), .Dim = 54L, .Dimnames = structure(list(
        c("1", "2", "3", "4", "5", "6", "7", "8", "9", "10", 
        "11", "12", "13", "14", "15", "16", "17", "18", "19", 
        "20", "21", "22", "23", "24", "25", "26", "27", "28", 
        "29", "30", "31", "32", "33", "34", "35", "36", "37", 
        "38", "39", "40", "41", "42", "43", "44", "45", "48", 
        "49", "51", "52", "54", "57", "65", "70", "79")), .Names = ""), class = "table"), 
    No.Tag = structure(c(0L, 1L, 0L, 0L, 3L, 271L, 0L, 1L, 0L, 
    11L, 0L, 0L), .Dim = 4:3, .Dimnames = structure(list(c("-1", 
    "0", "1", NA), c("A", "G", NA)), .Names = c("", "")), class = "table"), 
    All.Tags = list(Concordant = list(Freqs = structure(c(0, 
    1, 0, 1, 851, 1), .Dim = 3:2, .Dimnames = list(c("-1", "0", 
    "1"), c("A", "G"))), N = 854), Majority = list(Freqs = structure(c(0, 
    1, 0, 1, 881, 1), .Dim = 3:2, .Dimnames = list(c("-1", "0", 
    "1"), c("A", "G"))), N = 884)), `2` = structure(c(0, 0, 0, 
    1, 674, 0), .Dim = 3:2, .Dimnames = list(c("-1", "0", "1"
    ), c("A", "G"))))))
