Results <-
list(`bwaOutput/20210421msiMNRsJenny/250512_S1.sam` = list(GM09_SNP1 = list(
    All = list(Freqs = structure(c(12L, 3309L, 19L, 1L, 26L, 
    2905L, 5L, 2L, 2L, 38L, 0L, 0L), .Dim = 4:3, .Dimnames = structure(list(
        c("-1", "0", "1", NA), c("A", "G", NA)), .Names = c("", 
    "")), class = "table"), N = 6319L), Tag.Distribution = structure(c(`1` = 174L, 
    `2` = 57L, `3` = 63L, `4` = 61L, `5` = 61L, `6` = 53L, `7` = 51L, 
    `8` = 42L, `9` = 30L, `10` = 34L, `11` = 26L, `12` = 15L, 
    `13` = 26L, `14` = 18L, `15` = 23L, `16` = 22L, `17` = 11L, 
    `18` = 8L, `19` = 13L, `20` = 13L, `21` = 6L, `22` = 2L, 
    `23` = 5L, `24` = 7L, `25` = 3L, `26` = 2L, `27` = 1L, `29` = 2L, 
    `30` = 1L, `31` = 1L, `32` = 1L, `33` = 1L, `34` = 1L, `35` = 2L
    ), .Dim = 34L, .Dimnames = structure(list(c("1", "2", "3", 
    "4", "5", "6", "7", "8", "9", "10", "11", "12", "13", "14", 
    "15", "16", "17", "18", "19", "20", "21", "22", "23", "24", 
    "25", "26", "27", "29", "30", "31", "32", "33", "34", "35"
    )), .Names = ""), class = "table"), No.Tag = structure(c(0L, 
    91L, 0L, 0L, 0L, 92L, 0L, 0L, 0L, 3L, 0L, 0L), .Dim = 4:3, .Dimnames = structure(list(
        c("-1", "0", "1", NA), c("A", "G", NA)), .Names = c("", 
    "")), class = "table"), All.Tags = list(Concordant = list(
        Freqs = structure(c(1, 404, 1, 1, 321, 0), .Dim = 3:2, .Dimnames = list(
            c("-1", "0", "1"), c("A", "G"))), N = 728), Majority = list(
        Freqs = structure(c(1, 453, 1, 1, 363, 0), .Dim = 3:2, .Dimnames = list(
            c("-1", "0", "1"), c("A", "G"))), N = 819)), `2` = structure(c(0, 
    368, 1, 1, 287, 0), .Dim = 3:2, .Dimnames = list(c("-1", 
    "0", "1"), c("A", "G"))))))
