Results <-
list(`bwaOutput/20210421msiMNRsJenny/250505_S41.sam` = list(LR11_SNP1 = list(
    All = list(Freqs = structure(c(5L, 380L, 81L, 1773L, 12L, 
    13L, 0L, 0L, 1L, 6L, 0L, 1L, 0L, 0L, 0L, 1L, 0L, 0L, 0L, 
    0L, 0L, 1L, 0L, 0L, 0L, 2L, 1L, 18L, 0L, 0L), .Dim = 6:5, .Dimnames = structure(list(
        c("-3", "-2", "-1", "0", "1", NA), c("A", "C", "G", "T", 
        NA)), .Names = c("", "")), class = "table"), N = 2295L), 
    Tag.Distribution = structure(c(`1` = 65L, `2` = 9L, `3` = 7L, 
    `4` = 11L, `5` = 4L, `6` = 8L, `7` = 5L, `8` = 4L, `9` = 7L, 
    `10` = 6L, `11` = 5L, `12` = 2L, `13` = 5L, `14` = 4L, `15` = 3L, 
    `16` = 3L, `17` = 4L, `18` = 2L, `19` = 4L, `20` = 7L, `21` = 7L, 
    `22` = 3L, `23` = 2L, `24` = 2L, `25` = 3L, `26` = 1L, `27` = 2L, 
    `28` = 2L, `30` = 4L, `31` = 2L, `32` = 1L, `33` = 1L, `34` = 2L, 
    `35` = 1L, `37` = 2L, `38` = 1L, `43` = 1L, `47` = 1L, `49` = 1L, 
    `64` = 1L), .Dim = 40L, .Dimnames = structure(list(c("1", 
    "2", "3", "4", "5", "6", "7", "8", "9", "10", "11", "12", 
    "13", "14", "15", "16", "17", "18", "19", "20", "21", "22", 
    "23", "24", "25", "26", "27", "28", "30", "31", "32", "33", 
    "34", "35", "37", "38", "43", "47", "49", "64")), .Names = ""), class = "table"), 
    No.Tag = structure(c(1L, 30L, 2L, 57L, 0L, 1L, 0L, 0L, 0L, 
    1L, 0L, 1L, 0L, 0L, 0L, 0L, 0L, 0L, 0L, 0L, 0L, 0L, 0L, 0L, 
    0L, 0L, 0L, 0L, 0L, 0L), .Dim = 6:5, .Dimnames = structure(list(
        c("-3", "-2", "-1", "0", "1", NA), c("A", "C", "G", "T", 
        NA)), .Names = c("", "")), class = "table"), All.Tags = list(
        Concordant = list(Freqs = structure(c(0, 21, 1, 131, 
        0, 0, 0, 1, 3, 0, 0, 0, 0, 0, 0, 0, 0, 0, 0, 0), .Dim = 5:4, .Dimnames = list(
            c("-3", "-2", "-1", "0", "1"), c("A", "C", "G", "T"
            ))), N = 157), Majority = list(Freqs = structure(c(0, 
        27, 3, 162, 0, 0, 0, 1, 3, 0, 0, 0, 0, 0, 0, 0, 0, 0, 
        0, 0), .Dim = 5:4, .Dimnames = list(c("-3", "-2", "-1", 
        "0", "1"), c("A", "C", "G", "T"))), N = 196)), `2` = structure(c(0, 
    19, 3, 117, 0, 0, 0, 0, 0, 0, 0, 0, 0, 0, 0, 0, 0, 0, 0, 
    0), .Dim = 5:4, .Dimnames = list(c("-3", "-2", "-1", "0", 
    "1"), c("A", "C", "G", "T"))))))
