Results <-
list(`bwaOutput/20210421msiMNRsJenny/250512_S1.sam` = list(LR11_SNP1 = list(
    All = list(Freqs = structure(c(0L, 0L, 1L, 0L, 0L, 0L, 2L, 
    367L, 7294L, 75L, 1L, 25L, 0L, 1L, 6L, 0L, 0L, 0L, 0L, 1L, 
    89L, 2L, 0L, 0L), .Dim = c(6L, 4L), .Dimnames = structure(list(
        c("-2", "-1", "0", "1", "2", NA), c("-", "A", "C", NA
        )), .Names = c("", "")), class = "table"), N = 7864L), 
    Tag.Distribution = structure(c(`1` = 188L, `2` = 83L, `3` = 51L, 
    `4` = 55L, `5` = 66L, `6` = 48L, `7` = 41L, `8` = 47L, `9` = 44L, 
    `10` = 40L, `11` = 41L, `12` = 55L, `13` = 26L, `14` = 35L, 
    `15` = 21L, `16` = 21L, `17` = 20L, `18` = 9L, `19` = 12L, 
    `20` = 5L, `21` = 7L, `22` = 6L, `23` = 6L, `24` = 4L, `25` = 9L, 
    `26` = 3L, `27` = 2L, `28` = 2L, `29` = 3L, `30` = 3L, `32` = 3L, 
    `33` = 1L, `35` = 2L, `37` = 1L, `38` = 1L, `43` = 2L), .Dim = 36L, .Dimnames = structure(list(
        c("1", "2", "3", "4", "5", "6", "7", "8", "9", "10", 
        "11", "12", "13", "14", "15", "16", "17", "18", "19", 
        "20", "21", "22", "23", "24", "25", "26", "27", "28", 
        "29", "30", "32", "33", "35", "37", "38", "43")), .Names = ""), class = "table"), 
    No.Tag = structure(c(0L, 0L, 0L, 0L, 0L, 0L, 0L, 7L, 162L, 
    2L, 0L, 1L, 0L, 0L, 1L, 0L, 0L, 0L, 0L, 0L, 4L, 0L, 0L, 0L
    ), .Dim = c(6L, 4L), .Dimnames = structure(list(c("-2", "-1", 
    "0", "1", "2", NA), c("-", "A", "C", NA)), .Names = c("", 
    "")), class = "table"), All.Tags = list(Concordant = list(
        Freqs = structure(c(0, 0, 0, 0, 0, 0, 26, 747, 0, 0, 
        0, 1, 2, 0, 0), .Dim = c(5L, 3L), .Dimnames = list(c("-2", 
        "-1", "0", "1", "2"), c("-", "A", "C"))), N = 776), Majority = list(
        Freqs = structure(c(0, 0, 0, 0, 0, 0, 32, 902, 0, 0, 
        0, 1, 2, 0, 0), .Dim = c(5L, 3L), .Dimnames = list(c("-2", 
        "-1", "0", "1", "2"), c("-", "A", "C"))), N = 937)), 
    `2` = structure(c(0, 0, 0, 0, 0, 0, 23, 741, 0, 0, 0, 0, 
    0, 0, 0), .Dim = c(5L, 3L), .Dimnames = list(c("-2", "-1", 
    "0", "1", "2"), c("-", "A", "C"))))))
