Results <-
list(`bwaOutput/20210421msiMNRsJenny/250512_S1.sam` = list(LR20_SNP1 = list(
    All = list(Freqs = structure(c(0L, 0L, 1L, 0L, 0L, 6L, 210L, 
    2034L, 1L, 8L, 0L, 378L, 1899L, 2L, 2L, 0L, 3L, 31L, 0L, 
    0L), .Dim = 5:4, .Dimnames = structure(list(c("-2", "-1", 
    "0", "1", NA), c("-", "A", "G", NA)), .Names = c("", "")), class = "table"), 
        N = 4575L), Tag.Distribution = structure(c(`1` = 128L, 
    `2` = 54L, `3` = 63L, `4` = 48L, `5` = 49L, `6` = 37L, `7` = 41L, 
    `8` = 36L, `9` = 20L, `10` = 22L, `11` = 13L, `12` = 19L, 
    `13` = 14L, `14` = 16L, `15` = 14L, `16` = 9L, `17` = 10L, 
    `18` = 3L, `19` = 7L, `20` = 5L, `21` = 4L, `22` = 7L, `23` = 5L, 
    `24` = 1L, `25` = 3L, `26` = 3L, `27` = 2L, `28` = 1L, `29` = 1L, 
    `31` = 1L, `38` = 1L, `40` = 1L), .Dim = 32L, .Dimnames = structure(list(
        c("1", "2", "3", "4", "5", "6", "7", "8", "9", "10", 
        "11", "12", "13", "14", "15", "16", "17", "18", "19", 
        "20", "21", "22", "23", "24", "25", "26", "27", "28", 
        "29", "31", "38", "40")), .Names = ""), class = "table"), 
    No.Tag = structure(c(0L, 0L, 1L, 0L, 0L, 0L, 11L, 72L, 0L, 
    3L, 0L, 13L, 74L, 0L, 0L, 0L, 0L, 4L, 0L, 0L), .Dim = 5:4, .Dimnames = structure(list(
        c("-2", "-1", "0", "1", NA), c("-", "A", "G", NA)), .Names = c("", 
    "")), class = "table"), All.Tags = list(Concordant = list(
        Freqs = structure(c(0, 0, 0, 0, 0, 24, 258, 0, 0, 44, 
        236, 0), .Dim = 4:3, .Dimnames = list(c("-2", "-1", "0", 
        "1"), c("-", "A", "G"))), N = 562), Majority = list(Freqs = structure(c(0, 
    0, 0, 0, 0, 29, 283, 0, 0, 50, 272, 0), .Dim = 4:3, .Dimnames = list(
        c("-2", "-1", "0", "1"), c("-", "A", "G"))), N = 634)), 
    `2` = structure(c(0, 0, 0, 0, 0, 23, 218, 0, 0, 41, 226, 
    0), .Dim = 4:3, .Dimnames = list(c("-2", "-1", "0", "1"), 
        c("-", "A", "G"))))))
