Results <-
list(`bwaOutput/20210421msiMNRsJenny/250505_S41.sam` = list(GM22_SNP1 = list(
    All = list(Freqs = structure(c(5L, 820L, 7266L, 26L, 1L, 
    29L, 0L, 1L, 114L, 0L, 0L, 1L, 0L, 10L, 107L, 1L, 0L, 0L), .Dim = c(6L, 
    3L), .Dimnames = structure(list(c("-2", "-1", "0", "1", "2", 
    NA), c("A", "G", NA)), .Names = c("", "")), class = "table"), 
        N = 8381L), Tag.Distribution = structure(c(`1` = 172L, 
    `2` = 36L, `3` = 30L, `4` = 41L, `5` = 37L, `6` = 34L, `7` = 20L, 
    `8` = 17L, `9` = 17L, `10` = 22L, `11` = 16L, `12` = 16L, 
    `13` = 22L, `14` = 13L, `15` = 15L, `16` = 15L, `17` = 16L, 
    `18` = 13L, `19` = 7L, `20` = 12L, `21` = 7L, `22` = 12L, 
    `23` = 2L, `24` = 6L, `25` = 10L, `26` = 5L, `27` = 9L, `28` = 6L, 
    `29` = 7L, `30` = 5L, `31` = 1L, `32` = 8L, `33` = 4L, `34` = 3L, 
    `35` = 3L, `36` = 6L, `37` = 1L, `38` = 4L, `39` = 2L, `40` = 3L, 
    `41` = 3L, `42` = 4L, `43` = 1L, `44` = 2L, `45` = 2L, `46` = 1L, 
    `47` = 1L, `48` = 2L, `50` = 1L, `53` = 2L, `58` = 1L, `59` = 1L, 
    `61` = 1L, `62` = 1L, `63` = 1L, `69` = 1L, `96` = 1L), .Dim = 57L, .Dimnames = structure(list(
        c("1", "2", "3", "4", "5", "6", "7", "8", "9", "10", 
        "11", "12", "13", "14", "15", "16", "17", "18", "19", 
        "20", "21", "22", "23", "24", "25", "26", "27", "28", 
        "29", "30", "31", "32", "33", "34", "35", "36", "37", 
        "38", "39", "40", "41", "42", "43", "44", "45", "46", 
        "47", "48", "50", "53", "58", "59", "61", "62", "63", 
        "69", "96")), .Names = ""), class = "table"), No.Tag = structure(c(0L, 
    51L, 246L, 0L, 0L, 1L, 0L, 0L, 58L, 0L, 0L, 1L, 0L, 0L, 9L, 
    0L, 0L, 0L), .Dim = c(6L, 3L), .Dimnames = structure(list(
        c("-2", "-1", "0", "1", "2", NA), c("A", "G", NA)), .Names = c("", 
    "")), class = "table"), All.Tags = list(Concordant = list(
        Freqs = structure(c(1, 63, 503, 0, 0, 0, 0, 3, 0, 0), .Dim = c(5L, 
        2L), .Dimnames = list(c("-2", "-1", "0", "1", "2"), c("A", 
        "G"))), N = 570), Majority = list(Freqs = structure(c(1, 
    71, 608, 0, 0, 0, 0, 5, 0, 0), .Dim = c(5L, 2L), .Dimnames = list(
        c("-2", "-1", "0", "1", "2"), c("A", "G"))), N = 685)), 
    `2` = structure(c(0, 56, 468, 0, 0, 0, 0, 3, 0, 0), .Dim = c(5L, 
    2L), .Dimnames = list(c("-2", "-1", "0", "1", "2"), c("A", 
    "G"))))))
