Results <-
list(`bwaOutput/20210421msiMNRsJenny/250512_S1.sam` = list(LR36_SNP1 = list(
    All = list(Freqs = structure(c(0L, 0L, 1L, 18L, 0L, 1L, 0L, 
    0L, 0L, 1L, 0L, 0L, 0L, 0L, 0L, 2L, 0L, 0L, 2L, 31L, 749L, 
    4633L, 43L, 95L, 0L, 1L, 46L, 391L, 4L, 0L), .Dim = 6:5, .Dimnames = structure(list(
        c("-3", "-2", "-1", "0", "1", NA), c("A", "C", "G", "T", 
        NA)), .Names = c("", "")), class = "table"), N = 6018L), 
    Tag.Distribution = structure(c(`1` = 166L, `2` = 64L, `3` = 58L, 
    `4` = 51L, `5` = 45L, `6` = 46L, `7` = 42L, `8` = 46L, `9` = 31L, 
    `10` = 25L, `11` = 25L, `12` = 21L, `13` = 22L, `14` = 19L, 
    `15` = 18L, `16` = 21L, `17` = 15L, `18` = 8L, `19` = 12L, 
    `20` = 4L, `21` = 6L, `22` = 9L, `23` = 8L, `24` = 5L, `25` = 2L, 
    `26` = 2L, `27` = 2L, `28` = 2L, `29` = 1L, `30` = 3L, `32` = 2L, 
    `33` = 1L, `34` = 1L), .Dim = 33L, .Dimnames = structure(list(
        c("1", "2", "3", "4", "5", "6", "7", "8", "9", "10", 
        "11", "12", "13", "14", "15", "16", "17", "18", "19", 
        "20", "21", "22", "23", "24", "25", "26", "27", "28", 
        "29", "30", "32", "33", "34")), .Names = ""), class = "table"), 
    No.Tag = structure(c(0L, 0L, 0L, 0L, 0L, 0L, 0L, 0L, 0L, 
    0L, 0L, 0L, 0L, 0L, 0L, 0L, 0L, 0L, 0L, 0L, 12L, 136L, 0L, 
    4L, 0L, 0L, 0L, 20L, 0L, 0L), .Dim = 6:5, .Dimnames = structure(list(
        c("-3", "-2", "-1", "0", "1", NA), c("A", "C", "G", "T", 
        NA)), .Names = c("", "")), class = "table"), All.Tags = list(
        Concordant = list(Freqs = structure(c(0, 0, 0, 8, 0, 
        0, 0, 0, 0, 0, 0, 0, 0, 2, 0, 0, 3, 81, 540, 0), .Dim = 5:4, .Dimnames = list(
            c("-3", "-2", "-1", "0", "1"), c("A", "C", "G", "T"
            ))), N = 634), Majority = list(Freqs = structure(c(0, 
        0, 0, 8, 0, 0, 0, 0, 0, 0, 0, 0, 0, 2, 0, 0, 4, 96, 633, 
        1), .Dim = 5:4, .Dimnames = list(c("-3", "-2", "-1", 
        "0", "1"), c("A", "C", "G", "T"))), N = 744)), `2` = structure(c(0, 
    0, 0, 0, 0, 0, 0, 0, 0, 0, 0, 0, 0, 1, 0, 0, 4, 80, 523, 
    1), .Dim = 5:4, .Dimnames = list(c("-3", "-2", "-1", "0", 
    "1"), c("A", "C", "G", "T"))))))
