Results <-
list(`bwaOutput/20210421msiMNRsJenny/250505_S41.sam` = list(LR10_SNP1 = list(
    All = list(Freqs = structure(c(0L, 0L, 1L, 0L, 0L, 0L, 8L, 
    1158L, 4740L, 59L, 1L, 30L, 0L, 1L, 8L, 0L, 0L, 0L, 0L, 11L, 
    67L, 0L, 0L, 0L), .Dim = c(6L, 4L), .Dimnames = structure(list(
        c("-2", "-1", "0", "1", "2", NA), c("A", "C", "T", NA
        )), .Names = c("", "")), class = "table"), N = 6084L), 
    Tag.Distribution = structure(c(`1` = 120L, `2` = 38L, `3` = 26L, 
    `4` = 27L, `5` = 27L, `6` = 23L, `7` = 27L, `8` = 20L, `9` = 19L, 
    `10` = 15L, `11` = 14L, `12` = 18L, `13` = 15L, `14` = 13L, 
    `15` = 18L, `16` = 5L, `17` = 7L, `18` = 10L, `19` = 10L, 
    `20` = 6L, `21` = 8L, `22` = 7L, `23` = 6L, `24` = 3L, `25` = 4L, 
    `26` = 8L, `27` = 7L, `28` = 5L, `29` = 1L, `30` = 1L, `31` = 1L, 
    `32` = 4L, `33` = 5L, `34` = 2L, `35` = 1L, `36` = 2L, `37` = 4L, 
    `38` = 2L, `40` = 1L, `42` = 1L, `43` = 1L, `44` = 2L, `45` = 2L, 
    `46` = 1L, `47` = 1L, `48` = 2L, `50` = 1L, `51` = 1L, `53` = 1L, 
    `54` = 1L, `55` = 1L, `64` = 1L, `67` = 1L, `72` = 1L), .Dim = 54L, .Dimnames = structure(list(
        c("1", "2", "3", "4", "5", "6", "7", "8", "9", "10", 
        "11", "12", "13", "14", "15", "16", "17", "18", "19", 
        "20", "21", "22", "23", "24", "25", "26", "27", "28", 
        "29", "30", "31", "32", "33", "34", "35", "36", "37", 
        "38", "40", "42", "43", "44", "45", "46", "47", "48", 
        "50", "51", "53", "54", "55", "64", "67", "72")), .Names = ""), class = "table"), 
    No.Tag = structure(c(0L, 0L, 0L, 0L, 0L, 0L, 0L, 25L, 109L, 
    1L, 0L, 2L, 0L, 0L, 1L, 0L, 0L, 0L, 0L, 0L, 6L, 0L, 0L, 0L
    ), .Dim = c(6L, 4L), .Dimnames = structure(list(c("-2", "-1", 
    "0", "1", "2", NA), c("A", "C", "T", NA)), .Names = c("", 
    "")), class = "table"), All.Tags = list(Concordant = list(
        Freqs = structure(c(0, 0, 1, 0, 0, 1, 98, 323, 3, 0, 
        0, 0, 4, 0, 0), .Dim = c(5L, 3L), .Dimnames = list(c("-2", 
        "-1", "0", "1", "2"), c("A", "C", "T"))), N = 430), Majority = list(
        Freqs = structure(c(0, 0, 1, 0, 0, 1, 109, 423, 4, 0, 
        0, 0, 4, 0, 0), .Dim = c(5L, 3L), .Dimnames = list(c("-2", 
        "-1", "0", "1", "2"), c("A", "C", "T"))), N = 542)), 
    `2` = structure(c(0, 0, 0, 0, 0, 1, 82, 341, 2, 0, 0, 0, 
    0, 0, 0), .Dim = c(5L, 3L), .Dimnames = list(c("-2", "-1", 
    "0", "1", "2"), c("A", "C", "T"))))))
