Results <-
list(`bwaOutput/20210421msiMNRsJenny/250512_S1.sam` = list(DEPDC2_SNP1 = list(
    All = list(Freqs = structure(c(0L, 0L, 2L, 0L, 0L, 1L, 202L, 
    1543L, 12L, 10L, 0L, 29L, 1730L, 14L, 19L, 0L, 0L, 39L, 1L, 
    0L), .Dim = 5:4, .Dimnames = structure(list(c("-2", "-1", 
    "0", "1", NA), c("A", "C", "T", NA)), .Names = c("", "")), class = "table"), 
        N = 3602L), Tag.Distribution = structure(c(`1` = 155L, 
    `2` = 45L, `3` = 52L, `4` = 41L, `5` = 41L, `6` = 43L, `7` = 34L, 
    `8` = 22L, `9` = 25L, `10` = 20L, `11` = 26L, `12` = 13L, 
    `13` = 14L, `14` = 15L, `15` = 8L, `16` = 5L, `17` = 7L, 
    `18` = 2L, `19` = 3L, `20` = 2L, `21` = 4L, `22` = 3L, `23` = 1L, 
    `25` = 1L, `27` = 1L, `29` = 1L, `31` = 1L), .Dim = 27L, .Dimnames = structure(list(
        c("1", "2", "3", "4", "5", "6", "7", "8", "9", "10", 
        "11", "12", "13", "14", "15", "16", "17", "18", "19", 
        "20", "21", "22", "23", "25", "27", "29", "31")), .Names = ""), class = "table"), 
    No.Tag = structure(c(0L, 0L, 0L, 0L, 0L, 0L, 5L, 55L, 1L, 
    1L, 0L, 0L, 97L, 0L, 0L, 0L, 0L, 5L, 0L, 0L), .Dim = 5:4, .Dimnames = structure(list(
        c("-2", "-1", "0", "1", NA), c("A", "C", "T", NA)), .Names = c("", 
    "")), class = "table"), All.Tags = list(Concordant = list(
        Freqs = structure(c(0, 0, 0, 0, 0, 30, 229, 0, 0, 3, 
        243, 1), .Dim = 4:3, .Dimnames = list(c("-2", "-1", "0", 
        "1"), c("A", "C", "T"))), N = 506), Majority = list(Freqs = structure(c(0, 
    0, 0, 0, 0, 33, 260, 1, 0, 4, 275, 1), .Dim = 4:3, .Dimnames = list(
        c("-2", "-1", "0", "1"), c("A", "C", "T"))), N = 574)), 
    `2` = structure(c(0, 0, 0, 0, 0, 26, 197, 1, 0, 2, 199, 1
    ), .Dim = 4:3, .Dimnames = list(c("-2", "-1", "0", "1"), 
        c("A", "C", "T"))))))
