Results <-
list(`bwaOutput/20210421msiMNRsJenny/250512_S1.sam` = list(LR48_SNP1 = list(
    All = list(Freqs = structure(c(0L, 0L, 0L, 2L, 0L, 0L, 0L, 
    1L, 101L, 700L, 4822L, 76L, 1L, 38L, 0L, 0L, 0L, 1L, 0L, 
    0L, 0L, 0L, 0L, 1L, 4L, 0L, 0L, 0L, 0L, 0L, 4L, 136L, 0L, 
    0L, 0L), .Dim = c(7L, 5L), .Dimnames = structure(list(c("-3", 
    "-2", "-1", "0", "1", "2", NA), c("A", "C", "G", "T", NA)), .Names = c("", 
    "")), class = "table"), N = 5887L), Tag.Distribution = structure(c(`1` = 128L, 
    `2` = 36L, `3` = 31L, `4` = 32L, `5` = 27L, `6` = 26L, `7` = 26L, 
    `8` = 24L, `9` = 19L, `10` = 18L, `11` = 25L, `12` = 16L, 
    `13` = 14L, `14` = 22L, `15` = 12L, `16` = 15L, `17` = 11L, 
    `18` = 8L, `19` = 11L, `20` = 9L, `21` = 14L, `22` = 9L, 
    `23` = 12L, `24` = 6L, `25` = 3L, `26` = 6L, `27` = 2L, `28` = 6L, 
    `29` = 6L, `30` = 1L, `31` = 3L, `32` = 1L, `34` = 4L, `35` = 1L, 
    `40` = 1L, `41` = 1L, `44` = 1L, `47` = 1L, `48` = 1L, `49` = 1L, 
    `60` = 1L), .Dim = 41L, .Dimnames = structure(list(c("1", 
    "2", "3", "4", "5", "6", "7", "8", "9", "10", "11", "12", 
    "13", "14", "15", "16", "17", "18", "19", "20", "21", "22", 
    "23", "24", "25", "26", "27", "28", "29", "30", "31", "32", 
    "34", "35", "40", "41", "44", "47", "48", "49", "60")), .Names = ""), class = "table"), 
    No.Tag = structure(c(0L, 0L, 0L, 0L, 0L, 0L, 0L, 0L, 1L, 
    4L, 144L, 2L, 0L, 1L, 0L, 0L, 0L, 0L, 0L, 0L, 0L, 0L, 0L, 
    1L, 1L, 0L, 0L, 0L, 0L, 0L, 0L, 5L, 0L, 0L, 0L), .Dim = c(7L, 
    5L), .Dimnames = structure(list(c("-3", "-2", "-1", "0", 
    "1", "2", NA), c("A", "C", "G", "T", NA)), .Names = c("", 
    "")), class = "table"), All.Tags = list(Concordant = list(
        Freqs = structure(c(0, 0, 0, 0, 0, 0, 0, 8, 52, 360, 
        2, 0, 0, 0, 0, 0, 0, 0, 0, 0, 0, 3, 0, 0), .Dim = c(6L, 
        4L), .Dimnames = list(c("-3", "-2", "-1", "0", "1", "2"
        ), c("A", "C", "G", "T"))), N = 425), Majority = list(
        Freqs = structure(c(0, 0, 0, 0, 0, 0, 0, 10, 60, 497, 
        2, 0, 0, 0, 0, 0, 0, 0, 0, 0, 0, 3, 0, 0), .Dim = c(6L, 
        4L), .Dimnames = list(c("-3", "-2", "-1", "0", "1", "2"
        ), c("A", "C", "G", "T"))), N = 572)), `2` = structure(c(0, 
    0, 0, 0, 0, 0, 0, 9, 51, 398, 1, 0, 0, 0, 0, 0, 0, 0, 0, 
    0, 0, 0, 0, 0), .Dim = c(6L, 4L), .Dimnames = list(c("-3", 
    "-2", "-1", "0", "1", "2"), c("A", "C", "G", "T"))))))
