Results <-
list(`bwaOutput/20210421msiMNRsJenny/250505_S41.sam` = list(GM09_SNP1 = list(
    All = list(Freqs = structure(c(59L, 7216L, 16L, 0L, 0L, 10L, 
    1L, 2L, 0L, 54L, 0L, 0L), .Dim = 4:3, .Dimnames = structure(list(
        c("-1", "0", "1", NA), c("A", "G", NA)), .Names = c("", 
    "")), class = "table"), N = 7358L), Tag.Distribution = structure(c(`1` = 149L, 
    `2` = 41L, `3` = 46L, `4` = 45L, `5` = 30L, `6` = 25L, `7` = 28L, 
    `8` = 35L, `9` = 17L, `10` = 18L, `11` = 15L, `12` = 25L, 
    `13` = 16L, `14` = 15L, `15` = 8L, `16` = 15L, `17` = 11L, 
    `18` = 12L, `19` = 14L, `20` = 7L, `21` = 10L, `22` = 12L, 
    `23` = 3L, `24` = 6L, `25` = 5L, `26` = 1L, `27` = 4L, `28` = 5L, 
    `29` = 2L, `30` = 4L, `31` = 6L, `32` = 6L, `33` = 3L, `34` = 3L, 
    `35` = 4L, `36` = 3L, `38` = 7L, `39` = 2L, `40` = 2L, `42` = 1L, 
    `43` = 4L, `44` = 1L, `45` = 1L, `46` = 1L, `47` = 1L, `48` = 1L, 
    `49` = 1L, `50` = 2L, `53` = 1L, `54` = 1L, `56` = 2L, `81` = 1L
    ), .Dim = 52L, .Dimnames = structure(list(c("1", "2", "3", 
    "4", "5", "6", "7", "8", "9", "10", "11", "12", "13", "14", 
    "15", "16", "17", "18", "19", "20", "21", "22", "23", "24", 
    "25", "26", "27", "28", "29", "30", "31", "32", "33", "34", 
    "35", "36", "38", "39", "40", "42", "43", "44", "45", "46", 
    "47", "48", "49", "50", "53", "54", "56", "81")), .Names = ""), class = "table"), 
    No.Tag = structure(c(2L, 219L, 4L, 0L, 0L, 1L, 0L, 2L, 0L, 
    12L, 0L, 0L), .Dim = 4:3, .Dimnames = structure(list(c("-1", 
    "0", "1", NA), c("A", "G", NA)), .Names = c("", "")), class = "table"), 
    All.Tags = list(Concordant = list(Freqs = structure(c(1, 
    620, 0, 0, 5, 1), .Dim = 3:2, .Dimnames = list(c("-1", "0", 
    "1"), c("A", "G"))), N = 627), Majority = list(Freqs = structure(c(3, 
    657, 0, 0, 5, 1), .Dim = 3:2, .Dimnames = list(c("-1", "0", 
    "1"), c("A", "G"))), N = 666)), `2` = structure(c(2, 525, 
    0, 0, 0, 0), .Dim = 3:2, .Dimnames = list(c("-1", "0", "1"
    ), c("A", "G"))))))
