Results <-
list(`bwaOutput/20210421msiMNRsJenny/250505_S41.sam` = list(IM49_SNP1 = list(
    All = list(Freqs = structure(c(0L, 0L, 0L, 1L, 0L, 0L, 0L, 
    1L, 18L, 648L, 7226L, 163L, 4L, 66L, 7L, 0L, 1L, 20L, 1L, 
    0L, 0L, 0L, 0L, 0L, 1L, 0L, 0L, 0L, 2L, 0L, 3L, 174L, 2L, 
    0L, 0L), .Dim = c(7L, 5L), .Dimnames = structure(list(c("-3", 
    "-2", "-1", "0", "1", "2", NA), c("A", "C", "G", "T", NA)), .Names = c("", 
    "")), class = "table"), N = 8338L), Tag.Distribution = structure(c(`1` = 240L, 
    `2` = 74L, `3` = 40L, `4` = 48L, `5` = 42L, `6` = 34L, `7` = 35L, 
    `8` = 25L, `9` = 25L, `10` = 22L, `11` = 16L, `12` = 22L, 
    `13` = 16L, `14` = 18L, `15` = 14L, `16` = 16L, `17` = 15L, 
    `18` = 15L, `19` = 10L, `20` = 12L, `21` = 13L, `22` = 4L, 
    `23` = 7L, `24` = 4L, `25` = 9L, `26` = 6L, `27` = 6L, `28` = 4L, 
    `29` = 7L, `30` = 4L, `31` = 5L, `32` = 8L, `33` = 3L, `34` = 3L, 
    `35` = 4L, `36` = 1L, `37` = 5L, `38` = 1L, `39` = 3L, `40` = 2L, 
    `41` = 4L, `42` = 2L, `43` = 3L, `45` = 2L, `48` = 2L, `49` = 1L, 
    `51` = 3L, `52` = 1L, `53` = 1L, `60` = 1L, `61` = 1L), .Dim = 51L, .Dimnames = structure(list(
        c("1", "2", "3", "4", "5", "6", "7", "8", "9", "10", 
        "11", "12", "13", "14", "15", "16", "17", "18", "19", 
        "20", "21", "22", "23", "24", "25", "26", "27", "28", 
        "29", "30", "31", "32", "33", "34", "35", "36", "37", 
        "38", "39", "40", "41", "42", "43", "45", "48", "49", 
        "51", "52", "53", "60", "61")), .Names = ""), class = "table"), 
    No.Tag = structure(c(0L, 0L, 0L, 0L, 0L, 0L, 0L, 0L, 0L, 
    9L, 179L, 8L, 0L, 2L, 7L, 0L, 0L, 1L, 0L, 0L, 0L, 0L, 0L, 
    0L, 0L, 0L, 0L, 0L, 2L, 0L, 1L, 9L, 0L, 0L, 0L), .Dim = c(7L, 
    5L), .Dimnames = structure(list(c("-3", "-2", "-1", "0", 
    "1", "2", NA), c("A", "C", "G", "T", NA)), .Names = c("", 
    "")), class = "table"), All.Tags = list(Concordant = list(
        Freqs = structure(c(0, 0, 0, 1, 0, 0, 0, 0, 37, 554, 
        4, 0, 0, 0, 0, 5, 0, 0, 0, 0, 0, 0, 0, 0), .Dim = c(6L, 
        4L), .Dimnames = list(c("-3", "-2", "-1", "0", "1", "2"
        ), c("A", "C", "G", "T"))), N = 601), Majority = list(
        Freqs = structure(c(0, 0, 0, 1, 0, 0, 0, 1, 49, 758, 
        5, 0, 0, 0, 0, 6, 0, 0, 0, 0, 0, 0, 0, 0), .Dim = c(6L, 
        4L), .Dimnames = list(c("-3", "-2", "-1", "0", "1", "2"
        ), c("A", "C", "G", "T"))), N = 820)), `2` = structure(c(0, 
    0, 0, 0, 0, 0, 0, 1, 33, 576, 2, 0, 0, 0, 0, 1, 0, 0, 0, 
    0, 0, 0, 0, 0), .Dim = c(6L, 4L), .Dimnames = list(c("-3", 
    "-2", "-1", "0", "1", "2"), c("A", "C", "G", "T"))))))
