Results <-
list(`bwaOutput/20210421msiMNRsJenny/250505_S41.sam` = list(GM17_SNP1 = list(
    All = list(Freqs = structure(c(0L, 1L, 0L, 0L, 89L, 3572L, 
    14L, 3L, 118L, 2788L, 7L, 2L, 0L, 221L, 1L, 0L), .Dim = c(4L, 
    4L), .Dimnames = structure(list(c("-1", "0", "1", NA), c("A", 
    "C", "T", NA)), .Names = c("", "")), class = "table"), N = 6816L), 
    Tag.Distribution = structure(c(`1` = 132L, `2` = 43L, `3` = 37L, 
    `4` = 36L, `5` = 28L, `6` = 24L, `7` = 23L, `8` = 16L, `9` = 15L, 
    `10` = 18L, `11` = 13L, `12` = 14L, `13` = 19L, `14` = 9L, 
    `15` = 15L, `16` = 4L, `17` = 10L, `18` = 12L, `19` = 11L, 
    `20` = 7L, `21` = 4L, `22` = 7L, `23` = 4L, `24` = 6L, `25` = 3L, 
    `26` = 2L, `27` = 8L, `28` = 7L, `29` = 6L, `30` = 3L, `31` = 7L, 
    `32` = 1L, `33` = 3L, `34` = 3L, `35` = 3L, `36` = 4L, `37` = 2L, 
    `38` = 3L, `39` = 4L, `40` = 4L, `41` = 2L, `42` = 2L, `43` = 5L, 
    `46` = 5L, `47` = 2L, `50` = 3L, `52` = 2L, `53` = 1L, `81` = 1L
    ), .Dim = 49L, .Dimnames = structure(list(c("1", "2", "3", 
    "4", "5", "6", "7", "8", "9", "10", "11", "12", "13", "14", 
    "15", "16", "17", "18", "19", "20", "21", "22", "23", "24", 
    "25", "26", "27", "28", "29", "30", "31", "32", "33", "34", 
    "35", "36", "37", "38", "39", "40", "41", "42", "43", "46", 
    "47", "50", "52", "53", "81")), .Names = ""), class = "table"), 
    No.Tag = structure(c(0L, 0L, 0L, 0L, 2L, 102L, 0L, 0L, 1L, 
    60L, 0L, 0L, 0L, 9L, 0L, 0L), .Dim = c(4L, 4L), .Dimnames = structure(list(
        c("-1", "0", "1", NA), c("A", "C", "T", NA)), .Names = c("", 
    "")), class = "table"), All.Tags = list(Concordant = list(
        Freqs = structure(c(0, 1, 0, 2, 247, 0, 13, 230, 0), .Dim = c(3L, 
        3L), .Dimnames = list(c("-1", "0", "1"), c("A", "C", 
        "T"))), N = 493), Majority = list(Freqs = structure(c(0, 
    1, 0, 3, 298, 0, 14, 268, 0), .Dim = c(3L, 3L), .Dimnames = list(
        c("-1", "0", "1"), c("A", "C", "T"))), N = 584)), `2` = structure(c(0, 
    0, 0, 3, 231, 0, 10, 215, 0), .Dim = c(3L, 3L), .Dimnames = list(
        c("-1", "0", "1"), c("A", "C", "T"))))))
