Results <-
list(`bwaOutput/20210421msiMNRsJenny/250512_S1.sam` = list(GM22_SNP1 = list(
    All = list(Freqs = structure(c(0L, 0L, 1L, 0L, 0L, 2L, 124L, 
    6698L, 28L, 20L, 0L, 0L, 4L, 0L, 0L, 0L, 3L, 96L, 1L, 0L), .Dim = 5:4, .Dimnames = structure(list(
        c("-2", "-1", "0", "1", NA), c("-", "A", "G", NA)), .Names = c("", 
    "")), class = "table"), N = 6977L), Tag.Distribution = structure(c(`1` = 174L, 
    `2` = 57L, `3` = 41L, `4` = 48L, `5` = 52L, `6` = 40L, `7` = 41L, 
    `8` = 41L, `9` = 35L, `10` = 37L, `11` = 32L, `12` = 39L, 
    `13` = 21L, `14` = 22L, `15` = 21L, `16` = 21L, `17` = 17L, 
    `18` = 12L, `19` = 15L, `20` = 12L, `21` = 9L, `22` = 7L, 
    `23` = 5L, `24` = 6L, `25` = 6L, `26` = 3L, `27` = 1L, `28` = 1L, 
    `29` = 2L, `32` = 1L, `33` = 2L, `34` = 2L, `35` = 1L, `41` = 1L, 
    `51` = 1L), .Dim = 35L, .Dimnames = structure(list(c("1", 
    "2", "3", "4", "5", "6", "7", "8", "9", "10", "11", "12", 
    "13", "14", "15", "16", "17", "18", "19", "20", "21", "22", 
    "23", "24", "25", "26", "27", "28", "29", "32", "33", "34", 
    "35", "41", "51")), .Names = ""), class = "table"), No.Tag = structure(c(0L, 
    0L, 0L, 0L, 0L, 0L, 6L, 237L, 1L, 4L, 0L, 0L, 0L, 0L, 0L, 
    0L, 0L, 8L, 0L, 0L), .Dim = 5:4, .Dimnames = structure(list(
        c("-2", "-1", "0", "1", NA), c("-", "A", "G", NA)), .Names = c("", 
    "")), class = "table"), All.Tags = list(Concordant = list(
        Freqs = structure(c(0, 0, 0, 0, 0, 6, 696, 1, 0, 0, 3, 
        0), .Dim = 4:3, .Dimnames = list(c("-2", "-1", "0", "1"
        ), c("-", "A", "G"))), N = 706), Majority = list(Freqs = structure(c(0, 
    0, 0, 0, 0, 8, 799, 1, 0, 0, 3, 0), .Dim = 4:3, .Dimnames = list(
        c("-2", "-1", "0", "1"), c("-", "A", "G"))), N = 811)), 
    `2` = structure(c(0, 0, 0, 0, 0, 4, 647, 0, 0, 0, 0, 0), .Dim = 4:3, .Dimnames = list(
        c("-2", "-1", "0", "1"), c("-", "A", "G"))))))
