Results <-
list(`bwaOutput/20210421msiMNRsJenny/250505_S41.sam` = list(GM29_SNP1 = list(
    All = list(Freqs = structure(c(4L, 178L, 6454L, 16L, 9L, 
    0L, 0L, 25L, 1L, 0L, 0L, 0L, 2L, 0L, 0L, 0L, 1L, 52L, 0L, 
    0L), .Dim = 5:4, .Dimnames = structure(list(c("-2", "-1", 
    "0", "1", NA), c("A", "G", "T", NA)), .Names = c("", "")), class = "table"), 
        N = 6742L), Tag.Distribution = structure(c(`1` = 113L, 
    `2` = 46L, `3` = 30L, `4` = 33L, `5` = 20L, `6` = 26L, `7` = 18L, 
    `8` = 20L, `9` = 16L, `10` = 16L, `11` = 14L, `12` = 18L, 
    `13` = 15L, `14` = 8L, `15` = 9L, `16` = 11L, `17` = 7L, 
    `18` = 9L, `19` = 11L, `20` = 6L, `21` = 8L, `22` = 9L, `23` = 11L, 
    `24` = 6L, `25` = 2L, `26` = 5L, `27` = 6L, `28` = 5L, `29` = 5L, 
    `30` = 1L, `31` = 2L, `32` = 1L, `33` = 3L, `34` = 2L, `35` = 2L, 
    `36` = 2L, `37` = 3L, `38` = 3L, `39` = 1L, `40` = 3L, `41` = 4L, 
    `42` = 2L, `43` = 2L, `44` = 2L, `46` = 1L, `47` = 1L, `49` = 3L, 
    `51` = 1L, `52` = 3L, `53` = 1L, `54` = 2L, `55` = 2L, `57` = 1L, 
    `60` = 1L, `61` = 1L, `67` = 1L, `81` = 1L), .Dim = 57L, .Dimnames = structure(list(
        c("1", "2", "3", "4", "5", "6", "7", "8", "9", "10", 
        "11", "12", "13", "14", "15", "16", "17", "18", "19", 
        "20", "21", "22", "23", "24", "25", "26", "27", "28", 
        "29", "30", "31", "32", "33", "34", "35", "36", "37", 
        "38", "39", "40", "41", "42", "43", "44", "46", "47", 
        "49", "51", "52", "53", "54", "55", "57", "60", "61", 
        "67", "81")), .Names = ""), class = "table"), No.Tag = structure(c(0L, 
    4L, 186L, 1L, 0L, 0L, 0L, 0L, 0L, 0L, 0L, 0L, 0L, 0L, 0L, 
    0L, 0L, 7L, 0L, 0L), .Dim = 5:4, .Dimnames = structure(list(
        c("-2", "-1", "0", "1", NA), c("A", "G", "T", NA)), .Names = c("", 
    "")), class = "table"), All.Tags = list(Concordant = list(
        Freqs = structure(c(1, 4, 452, 0, 0, 0, 0, 0, 0, 0, 0, 
        0), .Dim = 4:3, .Dimnames = list(c("-2", "-1", "0", "1"
        ), c("A", "G", "T"))), N = 457), Majority = list(Freqs = structure(c(1, 
    5, 539, 0, 0, 0, 1, 0, 0, 0, 0, 0), .Dim = 4:3, .Dimnames = list(
        c("-2", "-1", "0", "1"), c("A", "G", "T"))), N = 546)), 
    `2` = structure(c(0, 4, 432, 0, 0, 0, 1, 0, 0, 0, 0, 0), .Dim = 4:3, .Dimnames = list(
        c("-2", "-1", "0", "1"), c("A", "G", "T"))))))
