Results <-
list(`bwaOutput/20210421msiMNRsJenny/250512_S1.sam` = list(GM11_SNP1 = list(
    All = list(Freqs = structure(c(630L, 3540L, 16L, 8L, 0L, 
    2L, 0L, 0L, 4L, 38L, 0L, 0L), .Dim = 4:3, .Dimnames = structure(list(
        c("-1", "0", "1", NA), c("A", "G", NA)), .Names = c("", 
    "")), class = "table"), N = 4238L), Tag.Distribution = structure(c(`1` = 99L, 
    `2` = 40L, `3` = 36L, `4` = 47L, `5` = 25L, `6` = 27L, `7` = 27L, 
    `8` = 24L, `9` = 28L, `10` = 19L, `11` = 31L, `12` = 19L, 
    `13` = 13L, `14` = 14L, `15` = 13L, `16` = 15L, `17` = 12L, 
    `18` = 14L, `19` = 9L, `20` = 3L, `21` = 5L, `22` = 1L, `23` = 3L, 
    `24` = 3L, `25` = 1L, `27` = 2L, `28` = 1L, `29` = 1L, `31` = 1L, 
    `33` = 1L, `39` = 1L), .Dim = 31L, .Dimnames = structure(list(
        c("1", "2", "3", "4", "5", "6", "7", "8", "9", "10", 
        "11", "12", "13", "14", "15", "16", "17", "18", "19", 
        "20", "21", "22", "23", "24", "25", "27", "28", "29", 
        "31", "33", "39")), .Names = ""), class = "table"), No.Tag = structure(c(16L, 
    72L, 0L, 1L, 0L, 0L, 0L, 0L, 0L, 1L, 0L, 0L), .Dim = 4:3, .Dimnames = structure(list(
        c("-1", "0", "1", NA), c("A", "G", NA)), .Names = c("", 
    "")), class = "table"), All.Tags = list(Concordant = list(
        Freqs = structure(c(65, 425, 1, 0, 2, 0), .Dim = 3:2, .Dimnames = list(
            c("-1", "0", "1"), c("A", "G"))), N = 493), Majority = list(
        Freqs = structure(c(72, 450, 1, 0, 2, 0), .Dim = 3:2, .Dimnames = list(
            c("-1", "0", "1"), c("A", "G"))), N = 525)), `2` = structure(c(61, 
    372, 1, 0, 0, 0), .Dim = 3:2, .Dimnames = list(c("-1", "0", 
    "1"), c("A", "G"))))))
