Results <-
list(`bwaOutput/20210421msiMNRsJenny/250505_S41.sam` = list(GM07_SNP1 = list(
    All = list(Freqs = structure(c(19L, 912L, 1809L, 51L, 1L, 
    72L, 49L, 651L, 1787L, 80L, 4L, 67L, 1L, 12L, 68L, 1L, 0L, 
    0L), .Dim = c(6L, 3L), .Dimnames = structure(list(c("-2", 
    "-1", "0", "1", "2", NA), c("A", "G", NA)), .Names = c("", 
    "")), class = "table"), N = 5584L), Tag.Distribution = structure(c(`1` = 131L, 
    `2` = 27L, `3` = 37L, `4` = 31L, `5` = 30L, `6` = 19L, `7` = 25L, 
    `8` = 15L, `9` = 13L, `10` = 16L, `11` = 9L, `12` = 12L, 
    `13` = 10L, `14` = 6L, `15` = 6L, `16` = 7L, `17` = 5L, `18` = 6L, 
    `19` = 6L, `20` = 9L, `21` = 2L, `22` = 4L, `23` = 6L, `24` = 3L, 
    `25` = 7L, `26` = 5L, `27` = 4L, `28` = 3L, `29` = 4L, `30` = 2L, 
    `31` = 2L, `32` = 2L, `33` = 1L, `34` = 4L, `35` = 7L, `36` = 2L, 
    `37` = 2L, `38` = 4L, `39` = 5L, `40` = 3L, `42` = 1L, `43` = 2L, 
    `46` = 3L, `49` = 3L, `50` = 2L, `51` = 1L, `54` = 1L, `63` = 1L, 
    `110` = 1L), .Dim = 49L, .Dimnames = structure(list(c("1", 
    "2", "3", "4", "5", "6", "7", "8", "9", "10", "11", "12", 
    "13", "14", "15", "16", "17", "18", "19", "20", "21", "22", 
    "23", "24", "25", "26", "27", "28", "29", "30", "31", "32", 
    "33", "34", "35", "36", "37", "38", "39", "40", "42", "43", 
    "46", "49", "50", "51", "54", "63", "110")), .Names = ""), class = "table"), 
    No.Tag = structure(c(0L, 14L, 58L, 2L, 0L, 10L, 3L, 48L, 
    73L, 7L, 0L, 7L, 0L, 1L, 2L, 0L, 0L, 0L), .Dim = c(6L, 3L
    ), .Dimnames = structure(list(c("-2", "-1", "0", "1", "2", 
    NA), c("A", "G", NA)), .Names = c("", "")), class = "table"), 
    All.Tags = list(Concordant = list(Freqs = structure(c(4, 
    54, 99, 0, 0, 3, 35, 102, 2, 0), .Dim = c(5L, 2L), .Dimnames = list(
        c("-2", "-1", "0", "1", "2"), c("A", "G"))), N = 299), 
        Majority = list(Freqs = structure(c(4, 80, 166, 0, 0, 
        4, 54, 172, 3, 0), .Dim = c(5L, 2L), .Dimnames = list(
            c("-2", "-1", "0", "1", "2"), c("A", "G"))), N = 483)), 
    `2` = structure(c(3, 60, 127, 0, 0, 2, 41, 135, 1, 0), .Dim = c(5L, 
    2L), .Dimnames = list(c("-2", "-1", "0", "1", "2"), c("A", 
    "G"))))))
