Results <-
list(`bwaOutput/20210421msiMNRsJenny/250512_S1.sam` = list(LR24_SNP1 = list(
    All = list(Freqs = structure(c(17L, 565L, 4394L, 9L, 1L, 
    15L, 0L, 0L, 1L, 0L, 0L, 0L, 0L, 0L, 5L, 0L, 0L, 0L, 0L, 
    1L, 0L, 0L, 0L, 0L, 0L, 1L, 29L, 0L, 0L, 0L), .Dim = 6:5, .Dimnames = structure(list(
        c("-2", "-1", "0", "1", "2", NA), c("A", "C", "G", "T", 
        NA)), .Names = c("", "")), class = "table"), N = 5038L), 
    Tag.Distribution = structure(c(`1` = 218L, `2` = 105L, `3` = 99L, 
    `4` = 76L, `5` = 84L, `6` = 67L, `7` = 60L, `8` = 33L, `9` = 32L, 
    `10` = 41L, `11` = 28L, `12` = 17L, `13` = 13L, `14` = 11L, 
    `15` = 7L, `16` = 7L, `17` = 10L, `18` = 4L, `19` = 3L, `20` = 2L, 
    `21` = 3L, `22` = 2L, `25` = 2L, `30` = 1L, `35` = 1L), .Dim = 25L, .Dimnames = structure(list(
        c("1", "2", "3", "4", "5", "6", "7", "8", "9", "10", 
        "11", "12", "13", "14", "15", "16", "17", "18", "19", 
        "20", "21", "22", "25", "30", "35")), .Names = ""), class = "table"), 
    No.Tag = structure(c(0L, 32L, 158L, 1L, 0L, 0L, 0L, 0L, 0L, 
    0L, 0L, 0L, 0L, 0L, 0L, 0L, 0L, 0L, 0L, 0L, 0L, 0L, 0L, 0L, 
    0L, 0L, 1L, 0L, 0L, 0L), .Dim = 6:5, .Dimnames = structure(list(
        c("-2", "-1", "0", "1", "2", NA), c("A", "C", "G", "T", 
        NA)), .Names = c("", "")), class = "table"), All.Tags = list(
        Concordant = list(Freqs = structure(c(1, 75, 782, 0, 
        0, 0, 0, 0, 0, 0, 0, 0, 5, 0, 0, 0, 0, 0, 0, 0), .Dim = 5:4, .Dimnames = list(
            c("-2", "-1", "0", "1", "2"), c("A", "C", "G", "T"
            ))), N = 863), Majority = list(Freqs = structure(c(1, 
        94, 811, 0, 0, 0, 0, 0, 0, 0, 0, 0, 5, 0, 0, 0, 0, 0, 
        0, 0), .Dim = 5:4, .Dimnames = list(c("-2", "-1", "0", 
        "1", "2"), c("A", "C", "G", "T"))), N = 911)), `2` = structure(c(1, 
    77, 624, 0, 0, 0, 0, 0, 0, 0, 0, 0, 0, 0, 0, 0, 0, 0, 0, 
    0), .Dim = 5:4, .Dimnames = list(c("-2", "-1", "0", "1", 
    "2"), c("A", "C", "G", "T"))))))
