Results <-
list(`bwaOutput/20210421msiMNRsJenny/250505_S41.sam` = list(LR20_SNP1 = list(
    All = list(Freqs = structure(c(1L, 451L, 2L, 0L, 1L, 510L, 
    1L, 1L, 0L, 5L, 0L, 0L), .Dim = 4:3, .Dimnames = structure(list(
        c("-1", "0", "1", NA), c("A", "G", NA)), .Names = c("", 
    "")), class = "table"), N = 972L), Tag.Distribution = structure(c(`1` = 34L, 
    `2` = 8L, `3` = 4L, `4` = 3L, `5` = 1L, `6` = 1L, `7` = 6L, 
    `8` = 3L, `9` = 2L, `10` = 4L, `12` = 3L, `13` = 2L, `14` = 3L, 
    `15` = 2L, `16` = 2L, `17` = 1L, `18` = 2L, `19` = 1L, `20` = 1L, 
    `21` = 1L, `23` = 2L, `25` = 2L, `26` = 1L, `28` = 1L, `29` = 1L, 
    `30` = 3L, `33` = 1L, `36` = 1L, `40` = 1L, `42` = 1L, `52` = 1L
    ), .Dim = 31L, .Dimnames = structure(list(c("1", "2", "3", 
    "4", "5", "6", "7", "8", "9", "10", "12", "13", "14", "15", 
    "16", "17", "18", "19", "20", "21", "23", "25", "26", "28", 
    "29", "30", "33", "36", "40", "42", "52")), .Names = ""), class = "table"), 
    No.Tag = structure(c(0L, 4L, 0L, 0L, 0L, 8L, 0L, 0L, 0L, 
    0L, 0L, 0L), .Dim = 4:3, .Dimnames = structure(list(c("-1", 
    "0", "1", NA), c("A", "G", NA)), .Names = c("", "")), class = "table"), 
    All.Tags = list(Concordant = list(Freqs = structure(c(0, 
    47, 0, 1, 45, 0), .Dim = 3:2, .Dimnames = list(c("-1", "0", 
    "1"), c("A", "G"))), N = 93), Majority = list(Freqs = structure(c(0, 
    50, 0, 1, 46, 0), .Dim = 3:2, .Dimnames = list(c("-1", "0", 
    "1"), c("A", "G"))), N = 97)), `2` = structure(c(0, 33, 0, 
    0, 32, 0), .Dim = 3:2, .Dimnames = list(c("-1", "0", "1"), 
        c("A", "G"))))))
