Results <-
list(`bwaOutput/20210421msiMNRsJenny/250505_S41.sam` = list(GM01_SNP1 = list(
    All = list(Freqs = structure(c(0L, 43L, 3320L, 8L, 0L, 4L, 
    1L, 210L, 3251L, 56L, 1L, 4L, 0L, 2L, 116L, 2L, 2L, 0L), .Dim = c(6L, 
    3L), .Dimnames = structure(list(c("-2", "-1", "0", "1", "2", 
    NA), c("A", "G", NA)), .Names = c("", "")), class = "table"), 
        N = 7020L), Tag.Distribution = structure(c(`1` = 156L, 
    `2` = 34L, `3` = 28L, `4` = 27L, `5` = 26L, `6` = 20L, `7` = 19L, 
    `8` = 24L, `9` = 16L, `10` = 11L, `11` = 14L, `12` = 11L, 
    `13` = 16L, `14` = 18L, `15` = 11L, `16` = 14L, `17` = 5L, 
    `18` = 9L, `19` = 7L, `20` = 10L, `21` = 8L, `22` = 8L, `23` = 5L, 
    `24` = 9L, `25` = 5L, `26` = 11L, `27` = 9L, `28` = 7L, `29` = 4L, 
    `30` = 6L, `31` = 4L, `32` = 4L, `33` = 8L, `34` = 4L, `35` = 5L, 
    `36` = 5L, `37` = 3L, `38` = 2L, `39` = 2L, `40` = 3L, `41` = 1L, 
    `43` = 3L, `44` = 1L, `45` = 1L, `47` = 1L, `48` = 1L, `51` = 1L, 
    `52` = 1L, `53` = 1L, `58` = 1L, `69` = 1L, `105` = 1L), .Dim = 52L, .Dimnames = structure(list(
        c("1", "2", "3", "4", "5", "6", "7", "8", "9", "10", 
        "11", "12", "13", "14", "15", "16", "17", "18", "19", 
        "20", "21", "22", "23", "24", "25", "26", "27", "28", 
        "29", "30", "31", "32", "33", "34", "35", "36", "37", 
        "38", "39", "40", "41", "43", "44", "45", "47", "48", 
        "51", "52", "53", "58", "69", "105")), .Names = ""), class = "table"), 
    No.Tag = structure(c(0L, 0L, 31L, 0L, 0L, 0L, 0L, 5L, 29L, 
    0L, 0L, 1L, 0L, 1L, 37L, 0L, 1L, 0L), .Dim = c(6L, 3L), .Dimnames = structure(list(
        c("-2", "-1", "0", "1", "2", NA), c("A", "G", NA)), .Names = c("", 
    "")), class = "table"), All.Tags = list(Concordant = list(
        Freqs = structure(c(0, 1, 249, 0, 0, 0, 11, 220, 0, 0
        ), .Dim = c(5L, 2L), .Dimnames = list(c("-2", "-1", "0", 
        "1", "2"), c("A", "G"))), N = 481), Majority = list(Freqs = structure(c(0, 
    1, 304, 0, 0, 0, 12, 267, 1, 0), .Dim = c(5L, 2L), .Dimnames = list(
        c("-2", "-1", "0", "1", "2"), c("A", "G"))), N = 585)), 
    `2` = structure(c(0, 0, 230, 0, 0, 0, 7, 206, 1, 0), .Dim = c(5L, 
    2L), .Dimnames = list(c("-2", "-1", "0", "1", "2"), c("A", 
    "G"))))))
