Results <-
list(`bwaOutput/20210421msiMNRsJenny/250505_S41.sam` = list(DEPDC2_SNP1 = list(
    All = list(Freqs = structure(c(0L, 1L, 0L, 0L, 0L, 9L, 0L, 
    0L, 45L, 5926L, 72L, 41L, 0L, 48L, 2L, 0L), .Dim = c(4L, 
    4L), .Dimnames = structure(list(c("-1", "0", "1", NA), c("A", 
    "C", "T", NA)), .Names = c("", "")), class = "table"), N = 6144L), 
    Tag.Distribution = structure(c(`1` = 188L, `2` = 56L, `3` = 35L, 
    `4` = 27L, `5` = 35L, `6` = 30L, `7` = 35L, `8` = 27L, `9` = 17L, 
    `10` = 24L, `11` = 22L, `12` = 17L, `13` = 16L, `14` = 11L, 
    `15` = 8L, `16` = 19L, `17` = 14L, `18` = 10L, `19` = 5L, 
    `20` = 6L, `21` = 7L, `22` = 10L, `23` = 5L, `24` = 2L, `25` = 4L, 
    `26` = 1L, `27` = 1L, `28` = 2L, `29` = 5L, `30` = 1L, `31` = 2L, 
    `32` = 2L, `33` = 4L, `34` = 1L, `35` = 4L, `36` = 1L, `38` = 2L, 
    `39` = 3L, `41` = 2L, `42` = 1L, `43` = 3L, `44` = 2L, `45` = 1L, 
    `46` = 3L, `48` = 1L, `49` = 2L, `73` = 1L), .Dim = 47L, .Dimnames = structure(list(
        c("1", "2", "3", "4", "5", "6", "7", "8", "9", "10", 
        "11", "12", "13", "14", "15", "16", "17", "18", "19", 
        "20", "21", "22", "23", "24", "25", "26", "27", "28", 
        "29", "30", "31", "32", "33", "34", "35", "36", "38", 
        "39", "41", "42", "43", "44", "45", "46", "48", "49", 
        "73")), .Names = ""), class = "table"), No.Tag = structure(c(0L, 
    0L, 0L, 0L, 0L, 0L, 0L, 0L, 1L, 228L, 1L, 3L, 0L, 6L, 0L, 
    0L), .Dim = c(4L, 4L), .Dimnames = structure(list(c("-1", 
    "0", "1", NA), c("A", "C", "T", NA)), .Names = c("", "")), class = "table"), 
    All.Tags = list(Concordant = list(Freqs = structure(c(0, 
    0, 0, 0, 6, 0, 0, 604, 4), .Dim = c(3L, 3L), .Dimnames = list(
        c("-1", "0", "1"), c("A", "C", "T"))), N = 614), Majority = list(
        Freqs = structure(c(0, 0, 0, 0, 6, 0, 0, 652, 6), .Dim = c(3L, 
        3L), .Dimnames = list(c("-1", "0", "1"), c("A", "C", 
        "T"))), N = 664)), `2` = structure(c(0, 0, 0, 0, 0, 0, 
    0, 482, 4), .Dim = c(3L, 3L), .Dimnames = list(c("-1", "0", 
    "1"), c("A", "C", "T"))))))
