Results <-
list(`bwaOutput/20210421msiMNRsJenny/250505_S41.sam` = list(LR36_SNP1 = list(
    All = list(Freqs = structure(c(0L, 1L, 19L, 0L, 1L, 0L, 0L, 
    1L, 0L, 0L, 0L, 0L, 1L, 0L, 0L, 85L, 676L, 4602L, 31L, 68L, 
    1L, 34L, 327L, 3L, 0L), .Dim = c(5L, 5L), .Dimnames = structure(list(
        c("-2", "-1", "0", "1", NA), c("A", "C", "G", "T", NA
        )), .Names = c("", "")), class = "table"), N = 5850L), 
    Tag.Distribution = structure(c(`1` = 149L, `2` = 39L, `3` = 33L, 
    `4` = 30L, `5` = 22L, `6` = 20L, `7` = 28L, `8` = 19L, `9` = 23L, 
    `10` = 19L, `11` = 23L, `12` = 14L, `13` = 10L, `14` = 16L, 
    `15` = 10L, `16` = 19L, `17` = 6L, `18` = 10L, `19` = 6L, 
    `20` = 9L, `21` = 10L, `22` = 8L, `23` = 1L, `24` = 5L, `25` = 3L, 
    `26` = 4L, `27` = 4L, `28` = 3L, `29` = 3L, `30` = 3L, `31` = 2L, 
    `32` = 3L, `34` = 2L, `35` = 2L, `36` = 3L, `37` = 4L, `38` = 2L, 
    `39` = 1L, `40` = 5L, `41` = 3L, `42` = 3L, `43` = 1L, `44` = 1L, 
    `46` = 1L, `47` = 2L), .Dim = 45L, .Dimnames = structure(list(
        c("1", "2", "3", "4", "5", "6", "7", "8", "9", "10", 
        "11", "12", "13", "14", "15", "16", "17", "18", "19", 
        "20", "21", "22", "23", "24", "25", "26", "27", "28", 
        "29", "30", "31", "32", "34", "35", "36", "37", "38", 
        "39", "40", "41", "42", "43", "44", "46", "47")), .Names = ""), class = "table"), 
    No.Tag = structure(c(0L, 1L, 4L, 0L, 0L, 0L, 0L, 0L, 0L, 
    0L, 0L, 0L, 0L, 0L, 0L, 0L, 7L, 146L, 0L, 10L, 0L, 0L, 36L, 
    0L, 0L), .Dim = c(5L, 5L), .Dimnames = structure(list(c("-2", 
    "-1", "0", "1", NA), c("A", "C", "G", "T", NA)), .Names = c("", 
    "")), class = "table"), All.Tags = list(Concordant = list(
        Freqs = structure(c(0, 0, 4, 0, 0, 0, 0, 0, 0, 0, 0, 
        0, 5, 50, 382, 1), .Dim = c(4L, 4L), .Dimnames = list(
            c("-2", "-1", "0", "1"), c("A", "C", "G", "T"))), 
        N = 442), Majority = list(Freqs = structure(c(0, 0, 4, 
    0, 0, 0, 0, 0, 0, 0, 0, 0, 9, 68, 469, 1), .Dim = c(4L, 4L
    ), .Dimnames = list(c("-2", "-1", "0", "1"), c("A", "C", 
    "G", "T"))), N = 551)), `2` = structure(c(0, 0, 0, 0, 0, 
    0, 0, 0, 0, 0, 0, 0, 8, 53, 370, 0), .Dim = c(4L, 4L), .Dimnames = list(
        c("-2", "-1", "0", "1"), c("A", "C", "G", "T"))))))
