Results <-
list(`bwaOutput/20210421msiMNRsJenny/250512_S1.sam` = list(GM29_SNP1 = list(
    All = list(Freqs = structure(c(5L, 327L, 4304L, 14L, 5L, 
    0L, 0L, 2L, 0L, 0L, 0L, 2L, 52L, 0L, 0L), .Dim = c(5L, 3L
    ), .Dimnames = structure(list(c("-2", "-1", "0", "1", NA), 
        c("A", "G", NA)), .Names = c("", "")), class = "table"), 
        N = 4711L), Tag.Distribution = structure(c(`1` = 103L, 
    `2` = 40L, `3` = 39L, `4` = 45L, `5` = 30L, `6` = 46L, `7` = 26L, 
    `8` = 23L, `9` = 16L, `10` = 16L, `11` = 20L, `12` = 15L, 
    `13` = 12L, `14` = 13L, `15` = 15L, `16` = 9L, `17` = 9L, 
    `18` = 12L, `19` = 11L, `20` = 4L, `21` = 6L, `22` = 7L, 
    `23` = 3L, `24` = 7L, `25` = 4L, `26` = 3L, `27` = 2L, `28` = 2L, 
    `30` = 1L, `31` = 1L, `32` = 1L, `34` = 2L, `35` = 2L, `42` = 1L, 
    `48` = 1L, `50` = 1L), .Dim = 36L, .Dimnames = structure(list(
        c("1", "2", "3", "4", "5", "6", "7", "8", "9", "10", 
        "11", "12", "13", "14", "15", "16", "17", "18", "19", 
        "20", "21", "22", "23", "24", "25", "26", "27", "28", 
        "30", "31", "32", "34", "35", "42", "48", "50")), .Names = ""), class = "table"), 
    No.Tag = structure(c(0L, 20L, 166L, 0L, 2L, 0L, 0L, 1L, 0L, 
    0L, 0L, 0L, 5L, 0L, 0L), .Dim = c(5L, 3L), .Dimnames = structure(list(
        c("-2", "-1", "0", "1", NA), c("A", "G", NA)), .Names = c("", 
    "")), class = "table"), All.Tags = list(Concordant = list(
        Freqs = structure(c(0, 30, 451, 1, 0, 0, 0, 0), .Dim = c(4L, 
        2L), .Dimnames = list(c("-2", "-1", "0", "1"), c("A", 
        "G"))), N = 482), Majority = list(Freqs = structure(c(0, 
    33, 510, 1, 0, 0, 0, 0), .Dim = c(4L, 2L), .Dimnames = list(
        c("-2", "-1", "0", "1"), c("A", "G"))), N = 544)), `2` = structure(c(0, 
    28, 416, 0, 0, 0, 0, 0), .Dim = c(4L, 2L), .Dimnames = list(
        c("-2", "-1", "0", "1"), c("A", "G"))))))
