Results <-
list(`bwaOutput/20210421msiMNRsJenny/251058_S40.sam` = list(IM16_SNP1 = list(
    All = list(Freqs = structure(c(11L, 1676L, 38L, 3L, 169L, 
    1718L, 63L, 5L, 2L, 49L, 4L, 0L), .Dim = 4:3, .Dimnames = structure(list(
        c("-1", "0", "1", NA), c("A", "G", NA)), .Names = c("", 
    "")), class = "table"), N = 3738L), Tag.Distribution = structure(c(`1` = 66L, 
    `2` = 11L, `3` = 11L, `4` = 7L, `5` = 4L, `6` = 9L, `7` = 3L, 
    `8` = 9L, `9` = 7L, `10` = 3L, `11` = 2L, `12` = 5L, `13` = 7L, 
    `14` = 9L, `15` = 7L, `16` = 5L, `17` = 2L, `18` = 4L, `19` = 3L, 
    `20` = 5L, `21` = 5L, `22` = 3L, `23` = 1L, `25` = 5L, `26` = 1L, 
    `27` = 3L, `28` = 1L, `29` = 3L, `30` = 5L, `31` = 1L, `33` = 8L, 
    `36` = 1L, `37` = 1L, `39` = 2L, `40` = 1L, `41` = 2L, `42` = 1L, 
    `43` = 4L, `46` = 2L, `48` = 1L, `50` = 1L, `51` = 1L, `52` = 1L, 
    `54` = 2L, `55` = 1L, `57` = 1L, `67` = 1L, `71` = 2L, `73` = 1L, 
    `76` = 1L, `77` = 1L, `98` = 1L), .Dim = 52L, .Dimnames = structure(list(
        c("1", "2", "3", "4", "5", "6", "7", "8", "9", "10", 
        "11", "12", "13", "14", "15", "16", "17", "18", "19", 
        "20", "21", "22", "23", "25", "26", "27", "28", "29", 
        "30", "31", "33", "36", "37", "39", "40", "41", "42", 
        "43", "46", "48", "50", "51", "52", "54", "55", "57", 
        "67", "71", "73", "76", "77", "98")), .Names = ""), class = "table"), 
    No.Tag = structure(c(0L, 22L, 1L, 0L, 4L, 24L, 1L, 0L, 0L, 
    11L, 0L, 0L), .Dim = 4:3, .Dimnames = structure(list(c("-1", 
    "0", "1", NA), c("A", "G", NA)), .Names = c("", "")), class = "table"), 
    All.Tags = list(Concordant = list(Freqs = structure(c(0, 
    96, 1, 4, 79, 3), .Dim = 3:2, .Dimnames = list(c("-1", "0", 
    "1"), c("A", "G"))), N = 183), Majority = list(Freqs = structure(c(1, 
    119, 1, 6, 105, 5), .Dim = 3:2, .Dimnames = list(c("-1", 
    "0", "1"), c("A", "G"))), N = 237)), `2` = structure(c(1, 
    83, 0, 5, 85, 3), .Dim = 3:2, .Dimnames = list(c("-1", "0", 
    "1"), c("A", "G"))))))
