Results <-
list(`bwaOutput/20210421msiMNRsJenny/251058_S40.sam` = list(GM29_SNP1 = list(
    All = list(Freqs = structure(c(4L, 695L, 5905L, 24L, 11L, 
    0L, 0L, 5L, 0L, 0L, 0L, 0L, 1L, 0L, 0L, 0L, 2L, 60L, 0L, 
    0L), .Dim = 5:4, .Dimnames = structure(list(c("-2", "-1", 
    "0", "1", NA), c("A", "G", "T", NA)), .Names = c("", "")), class = "table"), 
        N = 6707L), Tag.Distribution = structure(c(`1` = 126L, 
    `2` = 22L, `3` = 16L, `4` = 9L, `5` = 13L, `6` = 11L, `7` = 17L, 
    `8` = 13L, `9` = 12L, `10` = 8L, `11` = 13L, `12` = 5L, `13` = 12L, 
    `14` = 9L, `15` = 9L, `16` = 8L, `17` = 6L, `18` = 7L, `19` = 6L, 
    `20` = 14L, `21` = 5L, `22` = 13L, `23` = 4L, `24` = 6L, 
    `25` = 9L, `26` = 8L, `27` = 2L, `28` = 6L, `29` = 2L, `30` = 3L, 
    `32` = 5L, `33` = 6L, `34` = 3L, `35` = 4L, `36` = 4L, `37` = 5L, 
    `38` = 3L, `39` = 2L, `40` = 4L, `41` = 3L, `42` = 2L, `44` = 1L, 
    `45` = 2L, `47` = 1L, `51` = 1L, `52` = 1L, `53` = 1L, `56` = 1L, 
    `57` = 1L, `58` = 1L, `59` = 1L, `62` = 1L, `64` = 3L, `65` = 2L, 
    `66` = 1L, `67` = 1L, `69` = 1L, `71` = 1L, `86` = 1L, `96` = 1L
    ), .Dim = 60L, .Dimnames = structure(list(c("1", "2", "3", 
    "4", "5", "6", "7", "8", "9", "10", "11", "12", "13", "14", 
    "15", "16", "17", "18", "19", "20", "21", "22", "23", "24", 
    "25", "26", "27", "28", "29", "30", "32", "33", "34", "35", 
    "36", "37", "38", "39", "40", "41", "42", "44", "45", "47", 
    "51", "52", "53", "56", "57", "58", "59", "62", "64", "65", 
    "66", "67", "69", "71", "86", "96")), .Names = ""), class = "table"), 
    No.Tag = structure(c(1L, 40L, 170L, 1L, 1L, 0L, 0L, 0L, 0L, 
    0L, 0L, 0L, 0L, 0L, 0L, 0L, 0L, 4L, 0L, 0L), .Dim = 5:4, .Dimnames = structure(list(
        c("-2", "-1", "0", "1", NA), c("A", "G", "T", NA)), .Names = c("", 
    "")), class = "table"), All.Tags = list(Concordant = list(
        Freqs = structure(c(0, 35, 331, 0, 0, 0, 3, 0, 0, 0, 
        0, 0), .Dim = 4:3, .Dimnames = list(c("-2", "-1", "0", 
        "1"), c("A", "G", "T"))), N = 369), Majority = list(Freqs = structure(c(0, 
    44, 403, 0, 0, 0, 3, 0, 0, 0, 0, 0), .Dim = 4:3, .Dimnames = list(
        c("-2", "-1", "0", "1"), c("A", "G", "T"))), N = 450)), 
    `2` = structure(c(0, 37, 295, 0, 0, 0, 0, 0, 0, 0, 0, 0), .Dim = 4:3, .Dimnames = list(
        c("-2", "-1", "0", "1"), c("A", "G", "T"))))))
