Results <-
list(`bwaOutput/20210421msiMNRsJenny/251058_S40.sam` = list(LR44_SNP1 = list(
    All = list(Freqs = structure(c(0L, 1L, 0L, 1L, 0L, 0L, 0L, 
    21L, 732L, 826L, 1398L, 22L, 1L, 24L, 59L, 209L, 470L, 2001L, 
    23L, 1L, 15L, 2L, 9L, 21L, 68L, 1L, 0L, 0L), .Dim = c(7L, 
    4L), .Dimnames = structure(list(c("-3", "-2", "-1", "0", 
    "1", "2", NA), c("A", "C", "T", NA)), .Names = c("", "")), class = "table"), 
        N = 5905L), Tag.Distribution = structure(c(`1` = 98L, 
    `2` = 21L, `3` = 17L, `4` = 15L, `5` = 17L, `6` = 10L, `7` = 5L, 
    `8` = 17L, `9` = 14L, `10` = 15L, `11` = 6L, `12` = 14L, 
    `13` = 10L, `14` = 6L, `15` = 11L, `16` = 8L, `17` = 6L, 
    `18` = 5L, `19` = 5L, `20` = 5L, `21` = 3L, `22` = 2L, `23` = 9L, 
    `24` = 1L, `25` = 4L, `26` = 4L, `27` = 2L, `28` = 1L, `29` = 2L, 
    `30` = 1L, `31` = 5L, `32` = 2L, `33` = 3L, `34` = 2L, `35` = 3L, 
    `36` = 4L, `37` = 2L, `38` = 2L, `39` = 2L, `40` = 1L, `41` = 2L, 
    `42` = 3L, `43` = 3L, `45` = 2L, `47` = 1L, `48` = 5L, `49` = 2L, 
    `50` = 3L, `51` = 3L, `52` = 2L, `54` = 2L, `55` = 1L, `57` = 2L, 
    `58` = 1L, `60` = 3L, `62` = 1L, `63` = 1L, `64` = 1L, `70` = 1L, 
    `75` = 1L, `76` = 1L, `100` = 1L), .Dim = 62L, .Dimnames = structure(list(
        c("1", "2", "3", "4", "5", "6", "7", "8", "9", "10", 
        "11", "12", "13", "14", "15", "16", "17", "18", "19", 
        "20", "21", "22", "23", "24", "25", "26", "27", "28", 
        "29", "30", "31", "32", "33", "34", "35", "36", "37", 
        "38", "39", "40", "41", "42", "43", "45", "47", "48", 
        "49", "50", "51", "52", "54", "55", "57", "58", "60", 
        "62", "63", "64", "70", "75", "76", "100")), .Names = ""), class = "table"), 
    No.Tag = structure(c(0L, 0L, 0L, 0L, 0L, 0L, 0L, 0L, 3L, 
    13L, 17L, 1L, 0L, 0L, 0L, 3L, 6L, 30L, 0L, 0L, 0L, 0L, 0L, 
    1L, 1L, 0L, 0L, 0L), .Dim = c(7L, 4L), .Dimnames = structure(list(
        c("-3", "-2", "-1", "0", "1", "2", NA), c("A", "C", "T", 
        NA)), .Names = c("", "")), class = "table"), All.Tags = list(
        Concordant = list(Freqs = structure(c(0, 0, 0, 0, 0, 
        0, 1, 35, 38, 57, 0, 0, 9, 9, 14, 68, 1, 0), .Dim = c(6L, 
        3L), .Dimnames = list(c("-3", "-2", "-1", "0", "1", "2"
        ), c("A", "C", "T"))), N = 232), Majority = list(Freqs = structure(c(0, 
        0, 0, 0, 0, 0, 1, 46, 55, 107, 0, 0, 9, 11, 21, 137, 
        1, 0), .Dim = c(6L, 3L), .Dimnames = list(c("-3", "-2", 
        "-1", "0", "1", "2"), c("A", "C", "T"))), N = 388)), 
    `2` = structure(c(0, 0, 0, 0, 0, 0, 1, 39, 40, 87, 0, 0, 
    5, 8, 13, 108, 0, 0), .Dim = c(6L, 3L), .Dimnames = list(
        c("-3", "-2", "-1", "0", "1", "2"), c("A", "C", "T"))))))
