Results <-
list(`bwaOutput/20210421msiMNRsJenny/251058_S40.sam` = list(LR24_SNP1 = list(
    All = list(Freqs = structure(c(39L, 2533L, 5L, 1L, 3L, 0L, 
    1L, 0L, 0L, 0L, 1L, 23L, 0L, 0L, 0L, 0L, 15L, 0L, 0L, 0L), .Dim = 5:4, .Dimnames = structure(list(
        c("-1", "0", "1", "2", NA), c("A", "C", "G", NA)), .Names = c("", 
    "")), class = "table"), N = 2621L), Tag.Distribution = structure(c(`1` = 80L, 
    `2` = 25L, `3` = 20L, `4` = 16L, `5` = 18L, `6` = 12L, `7` = 13L, 
    `8` = 15L, `9` = 13L, `10` = 6L, `11` = 7L, `12` = 12L, `13` = 6L, 
    `14` = 8L, `15` = 5L, `16` = 10L, `17` = 8L, `18` = 9L, `19` = 1L, 
    `20` = 5L, `21` = 3L, `22` = 3L, `24` = 2L, `25` = 1L, `26` = 2L, 
    `27` = 2L, `28` = 2L, `29` = 1L, `31` = 1L, `32` = 1L, `33` = 1L, 
    `34` = 1L, `35` = 1L, `52` = 1L, `60` = 1L), .Dim = 35L, .Dimnames = structure(list(
        c("1", "2", "3", "4", "5", "6", "7", "8", "9", "10", 
        "11", "12", "13", "14", "15", "16", "17", "18", "19", 
        "20", "21", "22", "24", "25", "26", "27", "28", "29", 
        "31", "32", "33", "34", "35", "52", "60")), .Names = ""), class = "table"), 
    No.Tag = structure(c(1L, 81L, 0L, 0L, 0L, 0L, 0L, 0L, 0L, 
    0L, 0L, 0L, 0L, 0L, 0L, 0L, 2L, 0L, 0L, 0L), .Dim = 5:4, .Dimnames = structure(list(
        c("-1", "0", "1", "2", NA), c("A", "C", "G", NA)), .Names = c("", 
    "")), class = "table"), All.Tags = list(Concordant = list(
        Freqs = structure(c(6, 282, 0, 0, 0, 0, 0, 0, 1, 6, 0, 
        0), .Dim = 4:3, .Dimnames = list(c("-1", "0", "1", "2"
        ), c("A", "C", "G"))), N = 295), Majority = list(Freqs = structure(c(6, 
    298, 0, 0, 0, 0, 0, 0, 1, 6, 0, 0), .Dim = 4:3, .Dimnames = list(
        c("-1", "0", "1", "2"), c("A", "C", "G"))), N = 311)), 
    `2` = structure(c(4, 227, 0, 0, 0, 0, 0, 0, 0, 1, 0, 0), .Dim = 4:3, .Dimnames = list(
        c("-1", "0", "1", "2"), c("A", "C", "G"))))))
