Results <-
list(`bwaOutput/20210421msiMNRsJenny/251058_S40.sam` = list(LR49_SNP1 = list(
    All = list(Freqs = structure(c(10L, 3081L, 4L, 4L, 99L, 3774L, 
    3L, 4L, 1L, 71L, 0L, 0L), .Dim = 4:3, .Dimnames = structure(list(
        c("-1", "0", "1", NA), c("A", "G", NA)), .Names = c("", 
    "")), class = "table"), N = 7051L), Tag.Distribution = structure(c(`1` = 189L, 
    `2` = 40L, `3` = 30L, `4` = 19L, `5` = 26L, `6` = 25L, `7` = 22L, 
    `8` = 23L, `9` = 19L, `10` = 21L, `11` = 14L, `12` = 14L, 
    `13` = 13L, `14` = 11L, `15` = 10L, `16` = 17L, `17` = 13L, 
    `18` = 7L, `19` = 10L, `20` = 11L, `21` = 7L, `22` = 10L, 
    `23` = 10L, `24` = 13L, `25` = 7L, `26` = 9L, `27` = 1L, 
    `28` = 3L, `29` = 2L, `30` = 1L, `31` = 6L, `32` = 1L, `33` = 8L, 
    `34` = 4L, `35` = 3L, `36` = 2L, `37` = 6L, `38` = 1L, `39` = 3L, 
    `40` = 3L, `41` = 1L, `43` = 2L, `45` = 2L, `46` = 2L, `48` = 1L, 
    `50` = 1L, `53` = 1L, `59` = 2L, `70` = 1L, `72` = 1L, `73` = 1L
    ), .Dim = 51L, .Dimnames = structure(list(c("1", "2", "3", 
    "4", "5", "6", "7", "8", "9", "10", "11", "12", "13", "14", 
    "15", "16", "17", "18", "19", "20", "21", "22", "23", "24", 
    "25", "26", "27", "28", "29", "30", "31", "32", "33", "34", 
    "35", "36", "37", "38", "39", "40", "41", "43", "45", "46", 
    "48", "50", "53", "59", "70", "72", "73")), .Names = ""), class = "table"), 
    No.Tag = structure(c(0L, 58L, 0L, 0L, 44L, 80L, 0L, 1L, 0L, 
    8L, 0L, 0L), .Dim = 4:3, .Dimnames = structure(list(c("-1", 
    "0", "1", NA), c("A", "G", NA)), .Names = c("", "")), class = "table"), 
    All.Tags = list(Concordant = list(Freqs = structure(c(0, 
    248, 0, 4, 328, 0), .Dim = 3:2, .Dimnames = list(c("-1", 
    "0", "1"), c("A", "G"))), N = 580), Majority = list(Freqs = structure(c(0, 
    267, 0, 4, 366, 0), .Dim = 3:2, .Dimnames = list(c("-1", 
    "0", "1"), c("A", "G"))), N = 637)), `2` = structure(c(0, 
    206, 0, 2, 250, 0), .Dim = 3:2, .Dimnames = list(c("-1", 
    "0", "1"), c("A", "G"))))))
