Results <-
list(`bwaOutput/20210421msiMNRsJenny/251058_S40.sam` = list(GM09_SNP1 = list(
    All = list(Freqs = structure(c(1L, 1072L, 5361L, 8L, 7L, 
    0L, 0L, 13L, 0L, 1L, 0L, 7L, 31L, 0L, 0L), .Dim = c(5L, 3L
    ), .Dimnames = structure(list(c("-2", "-1", "0", "1", NA), 
        c("A", "G", NA)), .Names = c("", "")), class = "table"), 
        N = 6501L), Tag.Distribution = structure(c(`1` = 131L, 
    `2` = 20L, `3` = 12L, `4` = 20L, `5` = 25L, `6` = 17L, `7` = 8L, 
    `8` = 20L, `9` = 6L, `10` = 9L, `11` = 11L, `12` = 7L, `13` = 8L, 
    `14` = 8L, `15` = 7L, `16` = 8L, `17` = 5L, `18` = 10L, `19` = 11L, 
    `20` = 15L, `21` = 12L, `22` = 12L, `23` = 6L, `24` = 7L, 
    `25` = 4L, `26` = 6L, `27` = 4L, `28` = 4L, `29` = 6L, `30` = 5L, 
    `31` = 1L, `32` = 4L, `33` = 3L, `34` = 4L, `35` = 3L, `36` = 1L, 
    `37` = 2L, `38` = 1L, `39` = 1L, `40` = 3L, `41` = 1L, `42` = 2L, 
    `43` = 1L, `44` = 3L, `45` = 1L, `46` = 1L, `47` = 2L, `48` = 2L, 
    `50` = 2L, `51` = 1L, `52` = 1L, `55` = 1L, `58` = 2L, `59` = 1L, 
    `60` = 2L, `63` = 1L, `67` = 1L, `71` = 2L, `75` = 1L, `77` = 1L
    ), .Dim = 60L, .Dimnames = structure(list(c("1", "2", "3", 
    "4", "5", "6", "7", "8", "9", "10", "11", "12", "13", "14", 
    "15", "16", "17", "18", "19", "20", "21", "22", "23", "24", 
    "25", "26", "27", "28", "29", "30", "31", "32", "33", "34", 
    "35", "36", "37", "38", "39", "40", "41", "42", "43", "44", 
    "45", "46", "47", "48", "50", "51", "52", "55", "58", "59", 
    "60", "63", "67", "71", "75", "77")), .Names = ""), class = "table"), 
    No.Tag = structure(c(0L, 43L, 165L, 0L, 2L, 0L, 0L, 1L, 0L, 
    0L, 0L, 1L, 1L, 0L, 0L), .Dim = c(5L, 3L), .Dimnames = structure(list(
        c("-2", "-1", "0", "1", NA), c("A", "G", NA)), .Names = c("", 
    "")), class = "table"), All.Tags = list(Concordant = list(
        Freqs = structure(c(0, 66, 348, 0, 0, 0, 10, 0), .Dim = c(4L, 
        2L), .Dimnames = list(c("-2", "-1", "0", "1"), c("A", 
        "G"))), N = 424), Majority = list(Freqs = structure(c(0, 
    75, 378, 0, 0, 0, 10, 0), .Dim = c(4L, 2L), .Dimnames = list(
        c("-2", "-1", "0", "1"), c("A", "G"))), N = 463)), `2` = structure(c(0, 
    54, 290, 0, 0, 0, 0, 0), .Dim = c(4L, 2L), .Dimnames = list(
        c("-2", "-1", "0", "1"), c("A", "G"))))))
