Results <-
list(`bwaOutput/20210421msiMNRsJenny/251058_S40.sam` = list(GM26_SNP1 = list(
    All = list(Freqs = structure(c(1L, 2L, 60L, 4448L, 21L, 1L, 
    6L, 0L, 1L, 1L, 149L, 1L, 0L, 0L, 0L, 0L, 0L, 1L, 0L, 0L, 
    0L, 0L, 0L, 1L, 36L, 0L, 0L, 0L), .Dim = c(7L, 4L), .Dimnames = structure(list(
        c("-3", "-2", "-1", "0", "1", "3", NA), c("A", "G", "T", 
        NA)), .Names = c("", "")), class = "table"), N = 4729L), 
    Tag.Distribution = structure(c(`1` = 90L, `2` = 19L, `3` = 20L, 
    `4` = 8L, `5` = 5L, `6` = 9L, `7` = 16L, `8` = 1L, `9` = 8L, 
    `10` = 6L, `11` = 8L, `12` = 11L, `13` = 10L, `14` = 7L, 
    `15` = 4L, `16` = 10L, `17` = 7L, `18` = 8L, `19` = 6L, `20` = 4L, 
    `21` = 5L, `22` = 8L, `23` = 6L, `24` = 3L, `25` = 2L, `26` = 4L, 
    `27` = 4L, `28` = 6L, `30` = 2L, `31` = 4L, `32` = 5L, `33` = 4L, 
    `34` = 3L, `35` = 2L, `36` = 1L, `38` = 5L, `39` = 1L, `40` = 3L, 
    `42` = 2L, `43` = 2L, `44` = 1L, `45` = 1L, `46` = 1L, `49` = 1L, 
    `51` = 1L, `54` = 2L, `56` = 1L, `62` = 1L, `63` = 2L, `66` = 1L, 
    `71` = 1L, `94` = 1L), .Dim = 52L, .Dimnames = structure(list(
        c("1", "2", "3", "4", "5", "6", "7", "8", "9", "10", 
        "11", "12", "13", "14", "15", "16", "17", "18", "19", 
        "20", "21", "22", "23", "24", "25", "26", "27", "28", 
        "30", "31", "32", "33", "34", "35", "36", "38", "39", 
        "40", "42", "43", "44", "45", "46", "49", "51", "54", 
        "56", "62", "63", "66", "71", "94")), .Names = ""), class = "table"), 
    No.Tag = structure(c(0L, 0L, 0L, 104L, 1L, 0L, 1L, 0L, 0L, 
    0L, 2L, 0L, 0L, 0L, 0L, 0L, 0L, 0L, 0L, 0L, 0L, 0L, 0L, 0L, 
    3L, 0L, 0L, 0L), .Dim = c(7L, 4L), .Dimnames = structure(list(
        c("-3", "-2", "-1", "0", "1", "3", NA), c("A", "G", "T", 
        NA)), .Names = c("", "")), class = "table"), All.Tags = list(
        Concordant = list(Freqs = structure(c(0, 0, 1, 282, 0, 
        0, 0, 0, 0, 7, 0, 0, 0, 0, 0, 1, 0, 0), .Dim = c(6L, 
        3L), .Dimnames = list(c("-3", "-2", "-1", "0", "1", "3"
        ), c("A", "G", "T"))), N = 291), Majority = list(Freqs = structure(c(0, 
        0, 3, 322, 0, 0, 0, 0, 0, 10, 0, 0, 0, 0, 0, 1, 0, 0), .Dim = c(6L, 
        3L), .Dimnames = list(c("-3", "-2", "-1", "0", "1", "3"
        ), c("A", "G", "T"))), N = 336)), `2` = structure(c(0, 
    0, 2, 244, 0, 0, 0, 0, 0, 6, 0, 0, 0, 0, 0, 0, 0, 0), .Dim = c(6L, 
    3L), .Dimnames = list(c("-3", "-2", "-1", "0", "1", "3"), 
        c("A", "G", "T"))))))
