Results <-
list(`bwaOutput/20210421msiMNRsJenny/251058_S40.sam` = list(GM14_SNP1 = list(
    All = list(Freqs = structure(c(0L, 0L, 0L, 1L, 0L, 0L, 0L, 
    1L, 19L, 1100L, 1550L, 15L, 1L, 16L, 1L, 1L, 124L, 2820L, 
    10L, 1L, 5L, 0L, 0L, 3L, 58L, 0L, 0L, 0L), .Dim = c(7L, 4L
    ), .Dimnames = structure(list(c("-3", "-2", "-1", "0", "1", 
    "2", NA), c("A", "C", "T", NA)), .Names = c("", "")), class = "table"), 
        N = 5726L), Tag.Distribution = structure(c(`1` = 116L, 
    `2` = 17L, `3` = 24L, `4` = 11L, `5` = 10L, `6` = 7L, `7` = 13L, 
    `8` = 8L, `9` = 9L, `10` = 6L, `11` = 11L, `12` = 6L, `13` = 7L, 
    `14` = 7L, `15` = 4L, `16` = 8L, `17` = 6L, `18` = 8L, `19` = 4L, 
    `20` = 4L, `21` = 7L, `22` = 6L, `23` = 8L, `24` = 5L, `25` = 5L, 
    `26` = 4L, `27` = 4L, `28` = 4L, `29` = 2L, `30` = 2L, `31` = 3L, 
    `32` = 3L, `33` = 2L, `34` = 1L, `35` = 2L, `36` = 4L, `37` = 1L, 
    `38` = 3L, `39` = 2L, `40` = 1L, `41` = 2L, `42` = 1L, `43` = 1L, 
    `44` = 2L, `45` = 2L, `46` = 1L, `47` = 4L, `48` = 3L, `49` = 2L, 
    `50` = 1L, `51` = 2L, `52` = 2L, `53` = 2L, `55` = 1L, `56` = 3L, 
    `58` = 2L, `59` = 1L, `62` = 2L, `63` = 1L, `64` = 2L, `65` = 1L, 
    `69` = 1L), .Dim = 62L, .Dimnames = structure(list(c("1", 
    "2", "3", "4", "5", "6", "7", "8", "9", "10", "11", "12", 
    "13", "14", "15", "16", "17", "18", "19", "20", "21", "22", 
    "23", "24", "25", "26", "27", "28", "29", "30", "31", "32", 
    "33", "34", "35", "36", "37", "38", "39", "40", "41", "42", 
    "43", "44", "45", "46", "47", "48", "49", "50", "51", "52", 
    "53", "55", "56", "58", "59", "62", "63", "64", "65", "69"
    )), .Names = ""), class = "table"), No.Tag = structure(c(0L, 
    0L, 0L, 0L, 0L, 0L, 0L, 0L, 0L, 16L, 38L, 0L, 0L, 0L, 1L, 
    0L, 4L, 86L, 0L, 0L, 0L, 0L, 0L, 0L, 3L, 0L, 0L, 0L), .Dim = c(7L, 
    4L), .Dimnames = structure(list(c("-3", "-2", "-1", "0", 
    "1", "2", NA), c("A", "C", "T", NA)), .Names = c("", "")), class = "table"), 
    All.Tags = list(Concordant = list(Freqs = structure(c(0, 
    0, 0, 1, 0, 0, 0, 0, 57, 73, 0, 0, 0, 0, 6, 136, 0, 0), .Dim = c(6L, 
    3L), .Dimnames = list(c("-3", "-2", "-1", "0", "1", "2"), 
        c("A", "C", "T"))), N = 273), Majority = list(Freqs = structure(c(0, 
    0, 0, 1, 0, 0, 0, 0, 75, 116, 0, 0, 0, 0, 6, 184, 0, 0), .Dim = c(6L, 
    3L), .Dimnames = list(c("-3", "-2", "-1", "0", "1", "2"), 
        c("A", "C", "T"))), N = 382)), `2` = structure(c(0, 0, 
    0, 0, 0, 0, 0, 0, 56, 83, 0, 0, 0, 0, 4, 134, 0, 0), .Dim = c(6L, 
    3L), .Dimnames = list(c("-3", "-2", "-1", "0", "1", "2"), 
        c("A", "C", "T"))))))
