Results <-
list(`bwaOutput/20210421msiMNRsJenny/251058_S40.sam` = list(DEPDC2_SNP1 = list(
    All = list(Freqs = structure(c(0L, 0L, 0L, 4L, 0L, 0L, 1L, 
    1L, 31L, 4932L, 94L, 44L, 0L, 0L, 0L, 41L, 0L, 0L), .Dim = c(6L, 
    3L), .Dimnames = structure(list(c("-4", "-2", "-1", "0", 
    "1", NA), c("C", "T", NA)), .Names = c("", "")), class = "table"), 
        N = 5148L), Tag.Distribution = structure(c(`1` = 158L, 
    `2` = 17L, `3` = 18L, `4` = 19L, `5` = 25L, `6` = 13L, `7` = 18L, 
    `8` = 21L, `9` = 15L, `10` = 12L, `11` = 10L, `12` = 13L, 
    `13` = 13L, `14` = 7L, `15` = 7L, `16` = 12L, `17` = 6L, 
    `18` = 9L, `19` = 11L, `20` = 7L, `21` = 1L, `22` = 5L, `23` = 1L, 
    `24` = 3L, `25` = 5L, `26` = 7L, `27` = 4L, `28` = 2L, `29` = 2L, 
    `30` = 7L, `31` = 1L, `32` = 2L, `33` = 3L, `34` = 2L, `35` = 4L, 
    `37` = 1L, `39` = 1L, `40` = 1L, `41` = 1L, `42` = 1L, `43` = 3L, 
    `44` = 1L, `46` = 1L, `47` = 2L, `49` = 1L, `53` = 1L, `54` = 1L, 
    `56` = 1L, `57` = 1L, `61` = 1L, `62` = 1L, `67` = 1L, `75` = 1L
    ), .Dim = 53L, .Dimnames = structure(list(c("1", "2", "3", 
    "4", "5", "6", "7", "8", "9", "10", "11", "12", "13", "14", 
    "15", "16", "17", "18", "19", "20", "21", "22", "23", "24", 
    "25", "26", "27", "28", "29", "30", "31", "32", "33", "34", 
    "35", "37", "39", "40", "41", "42", "43", "44", "46", "47", 
    "49", "53", "54", "56", "57", "61", "62", "67", "75")), .Names = ""), class = "table"), 
    No.Tag = structure(c(0L, 0L, 0L, 0L, 0L, 0L, 0L, 1L, 0L, 
    206L, 2L, 7L, 0L, 0L, 0L, 2L, 0L, 0L), .Dim = c(6L, 3L), .Dimnames = structure(list(
        c("-4", "-2", "-1", "0", "1", NA), c("C", "T", NA)), .Names = c("", 
    "")), class = "table"), All.Tags = list(Concordant = list(
        Freqs = structure(c(0, 0, 0, 2, 0, 0, 0, 1, 413, 4), .Dim = c(5L, 
        2L), .Dimnames = list(c("-4", "-2", "-1", "0", "1"), 
            c("C", "T"))), N = 420), Majority = list(Freqs = structure(c(0, 
    0, 0, 2, 0, 0, 0, 2, 459, 7), .Dim = c(5L, 2L), .Dimnames = list(
        c("-4", "-2", "-1", "0", "1"), c("C", "T"))), N = 470)), 
    `2` = structure(c(0, 0, 0, 0, 0, 0, 0, 1, 316, 5), .Dim = c(5L, 
    2L), .Dimnames = list(c("-4", "-2", "-1", "0", "1"), c("C", 
    "T"))))))
