Results <-
list(`bwaOutput/20210421msiMNRsJenny/251058_S40.sam` = list(LR20_SNP1 = list(
    All = list(Freqs = structure(c(1L, 330L, 270L, 0L, 1L, 0L, 
    261L, 295L, 1L, 3L, 0L, 3L, 6L, 0L, 0L), .Dim = c(5L, 3L), .Dimnames = structure(list(
        c("-2", "-1", "0", "1", NA), c("A", "G", NA)), .Names = c("", 
    "")), class = "table"), N = 1171L), Tag.Distribution = structure(c(`1` = 32L, 
    `2` = 4L, `3` = 5L, `4` = 1L, `5` = 4L, `6` = 2L, `7` = 2L, 
    `9` = 7L, `10` = 2L, `11` = 2L, `12` = 2L, `13` = 2L, `14` = 1L, 
    `15` = 2L, `17` = 3L, `19` = 1L, `21` = 1L, `24` = 2L, `25` = 1L, 
    `27` = 1L, `28` = 1L, `29` = 2L, `32` = 1L, `37` = 1L, `38` = 1L, 
    `39` = 1L, `40` = 1L, `43` = 1L, `46` = 1L, `48` = 1L, `51` = 1L, 
    `53` = 1L, `63` = 1L, `72` = 1L), .Dim = 34L, .Dimnames = structure(list(
        c("1", "2", "3", "4", "5", "6", "7", "9", "10", "11", 
        "12", "13", "14", "15", "17", "19", "21", "24", "25", 
        "27", "28", "29", "32", "37", "38", "39", "40", "43", 
        "46", "48", "51", "53", "63", "72")), .Names = ""), class = "table"), 
    No.Tag = structure(c(0L, 8L, 7L, 0L, 0L, 0L, 3L, 6L, 0L, 
    1L, 0L, 0L, 3L, 0L, 0L), .Dim = c(5L, 3L), .Dimnames = structure(list(
        c("-2", "-1", "0", "1", NA), c("A", "G", NA)), .Names = c("", 
    "")), class = "table"), All.Tags = list(Concordant = list(
        Freqs = structure(c(0, 20, 22, 0, 0, 20, 25, 0), .Dim = c(4L, 
        2L), .Dimnames = list(c("-2", "-1", "0", "1"), c("A", 
        "G"))), N = 87), Majority = list(Freqs = structure(c(0, 
    21, 22, 0, 0, 20, 26, 0), .Dim = c(4L, 2L), .Dimnames = list(
        c("-2", "-1", "0", "1"), c("A", "G"))), N = 89)), `2` = structure(c(0, 
    18, 10, 0, 0, 17, 15, 0), .Dim = c(4L, 2L), .Dimnames = list(
        c("-2", "-1", "0", "1"), c("A", "G"))))))
