Results <-
list(`bwaOutput/20210421msiMNRsJenny/251058_S40.sam` = list(LR17_SNP1 = list(
    All = list(Freqs = structure(c(1L, 17L, 2601L, 987L, 7777L, 
    139L, 1L, 103L, 0L, 0L, 0L, 0L, 1L, 0L, 0L, 0L, 0L, 0L, 0L, 
    0L, 1L, 0L, 0L, 0L, 0L, 0L, 27L, 32L, 582L, 8L, 0L, 0L), .Dim = c(8L, 
    4L), .Dimnames = structure(list(c("-4", "-3", "-2", "-1", 
    "0", "1", "2", NA), c("A", "C", "G", NA)), .Names = c("", 
    "")), class = "table"), N = 12277L), Tag.Distribution = structure(c(`1` = 222L, 
    `2` = 32L, `3` = 21L, `4` = 18L, `5` = 16L, `6` = 22L, `7` = 19L, 
    `8` = 15L, `9` = 13L, `10` = 17L, `11` = 15L, `12` = 17L, 
    `13` = 19L, `14` = 13L, `15` = 13L, `16` = 16L, `17` = 12L, 
    `18` = 20L, `19` = 13L, `20` = 11L, `21` = 11L, `22` = 8L, 
    `23` = 8L, `24` = 5L, `25` = 19L, `26` = 8L, `27` = 12L, 
    `28` = 4L, `29` = 7L, `30` = 7L, `31` = 6L, `32` = 5L, `33` = 4L, 
    `34` = 8L, `35` = 6L, `36` = 5L, `37` = 5L, `38` = 2L, `39` = 5L, 
    `40` = 6L, `41` = 7L, `42` = 2L, `43` = 5L, `44` = 9L, `45` = 1L, 
    `46` = 7L, `47` = 2L, `48` = 7L, `49` = 2L, `50` = 2L, `51` = 5L, 
    `52` = 3L, `53` = 2L, `54` = 2L, `55` = 2L, `56` = 5L, `57` = 2L, 
    `58` = 1L, `59` = 1L, `60` = 2L, `62` = 4L, `63` = 1L, `65` = 1L, 
    `67` = 1L, `74` = 1L, `76` = 1L, `77` = 1L, `78` = 1L, `80` = 1L, 
    `100` = 1L), .Dim = 70L, .Dimnames = structure(list(c("1", 
    "2", "3", "4", "5", "6", "7", "8", "9", "10", "11", "12", 
    "13", "14", "15", "16", "17", "18", "19", "20", "21", "22", 
    "23", "24", "25", "26", "27", "28", "29", "30", "31", "32", 
    "33", "34", "35", "36", "37", "38", "39", "40", "41", "42", 
    "43", "44", "45", "46", "47", "48", "49", "50", "51", "52", 
    "53", "54", "55", "56", "57", "58", "59", "60", "62", "63", 
    "65", "67", "74", "76", "77", "78", "80", "100")), .Names = ""), class = "table"), 
    No.Tag = structure(c(0L, 2L, 106L, 72L, 244L, 8L, 0L, 12L, 
    0L, 0L, 0L, 0L, 0L, 0L, 0L, 0L, 0L, 0L, 0L, 0L, 0L, 0L, 0L, 
    0L, 0L, 0L, 0L, 2L, 28L, 0L, 0L, 0L), .Dim = c(8L, 4L), .Dimnames = structure(list(
        c("-4", "-3", "-2", "-1", "0", "1", "2", NA), c("A", 
        "C", "G", NA)), .Names = c("", "")), class = "table"), 
    All.Tags = list(Concordant = list(Freqs = structure(c(0, 
    0, 120, 31, 335, 1, 0, 0, 0, 0, 0, 0, 0, 0, 0, 0, 0, 0, 0, 
    0, 0), .Dim = c(7L, 3L), .Dimnames = list(c("-4", "-3", "-2", 
    "-1", "0", "1", "2"), c("A", "C", "G"))), N = 487), Majority = list(
        Freqs = structure(c(0, 0, 144, 46, 536, 3, 0, 0, 0, 0, 
        0, 0, 0, 0, 0, 0, 0, 0, 0, 0, 0), .Dim = c(7L, 3L), .Dimnames = list(
            c("-4", "-3", "-2", "-1", "0", "1", "2"), c("A", 
            "C", "G"))), N = 729)), `2` = structure(c(0, 0, 114, 
    33, 387, 3, 0, 0, 0, 0, 0, 0, 0, 0, 0, 0, 0, 0, 0, 0, 0), .Dim = c(7L, 
    3L), .Dimnames = list(c("-4", "-3", "-2", "-1", "0", "1", 
    "2"), c("A", "C", "G"))))))
