Results <-
list(`bwaOutput/20210421msiMNRsJenny/251058_S40.sam` = list(LR11_SNP1 = list(
    All = list(Freqs = structure(c(89L, 0L, 43L, 0L, 2L, 4L, 
    394L, 1097L, 8L, 11L, 0L, 20L, 44L, 0L, 0L), .Dim = c(5L, 
    3L), .Dimnames = structure(list(c("-2", "-1", "0", "1", NA
    ), c("A", "C", NA)), .Names = c("", "")), class = "table"), 
        N = 1712L), Tag.Distribution = structure(c(`1` = 41L, 
    `2` = 5L, `3` = 3L, `4` = 4L, `5` = 3L, `6` = 5L, `7` = 2L, 
    `8` = 2L, `9` = 4L, `10` = 4L, `11` = 1L, `12` = 2L, `13` = 3L, 
    `14` = 2L, `15` = 1L, `16` = 1L, `17` = 2L, `18` = 1L, `19` = 3L, 
    `20` = 4L, `21` = 2L, `23` = 1L, `25` = 1L, `26` = 2L, `27` = 3L, 
    `28` = 4L, `29` = 4L, `30` = 1L, `31` = 1L, `34` = 2L, `37` = 1L, 
    `38` = 1L, `41` = 1L, `42` = 1L, `45` = 1L, `47` = 1L, `53` = 1L, 
    `54` = 1L, `56` = 1L, `70` = 1L, `72` = 1L), .Dim = 41L, .Dimnames = structure(list(
        c("1", "2", "3", "4", "5", "6", "7", "8", "9", "10", 
        "11", "12", "13", "14", "15", "16", "17", "18", "19", 
        "20", "21", "23", "25", "26", "27", "28", "29", "30", 
        "31", "34", "37", "38", "41", "42", "45", "47", "53", 
        "54", "56", "70", "72")), .Names = ""), class = "table"), 
    No.Tag = structure(c(0L, 0L, 2L, 0L, 1L, 0L, 3L, 22L, 0L, 
    0L, 0L, 0L, 0L, 0L, 0L), .Dim = c(5L, 3L), .Dimnames = structure(list(
        c("-2", "-1", "0", "1", NA), c("A", "C", NA)), .Names = c("", 
    "")), class = "table"), All.Tags = list(Concordant = list(
        Freqs = structure(c(4, 0, 12, 0, 0, 26, 56, 0), .Dim = c(4L, 
        2L), .Dimnames = list(c("-2", "-1", "0", "1"), c("A", 
        "C"))), N = 98), Majority = list(Freqs = structure(c(4, 
    0, 12, 0, 0, 30, 72, 0), .Dim = c(4L, 2L), .Dimnames = list(
        c("-2", "-1", "0", "1"), c("A", "C"))), N = 118)), `2` = structure(c(3, 
    0, 4, 0, 0, 24, 52, 0), .Dim = c(4L, 2L), .Dimnames = list(
        c("-2", "-1", "0", "1"), c("A", "C"))))))
