Results <-
list(`bwaOutput/20210421msiMNRsJenny/251058_S40.sam` = list(GM07_SNP1 = list(
    All = list(Freqs = structure(c(21L, 1267L, 975L, 35L, 63L, 
    128L, 770L, 1363L, 28L, 59L, 0L, 1L, 0L, 0L, 0L, 2L, 20L, 
    37L, 1L, 0L), .Dim = 5:4, .Dimnames = structure(list(c("-2", 
    "-1", "0", "1", NA), c("A", "G", "T", NA)), .Names = c("", 
    "")), class = "table"), N = 4770L), Tag.Distribution = structure(c(`1` = 75L, 
    `2` = 18L, `3` = 10L, `4` = 22L, `5` = 12L, `6` = 24L, `7` = 8L, 
    `8` = 11L, `9` = 19L, `10` = 12L, `11` = 11L, `12` = 9L, 
    `13` = 4L, `14` = 10L, `15` = 6L, `16` = 8L, `17` = 9L, `18` = 9L, 
    `19` = 7L, `20` = 4L, `21` = 7L, `22` = 4L, `23` = 6L, `24` = 2L, 
    `25` = 10L, `26` = 3L, `27` = 5L, `28` = 5L, `29` = 5L, `30` = 4L, 
    `31` = 5L, `33` = 2L, `34` = 1L, `35` = 1L, `36` = 3L, `37` = 3L, 
    `38` = 3L, `42` = 1L, `43` = 1L, `44` = 1L, `48` = 1L, `50` = 1L, 
    `51` = 1L, `56` = 1L, `60` = 1L, `61` = 1L, `65` = 1L, `67` = 1L, 
    `76` = 1L), .Dim = 49L, .Dimnames = structure(list(c("1", 
    "2", "3", "4", "5", "6", "7", "8", "9", "10", "11", "12", 
    "13", "14", "15", "16", "17", "18", "19", "20", "21", "22", 
    "23", "24", "25", "26", "27", "28", "29", "30", "31", "33", 
    "34", "35", "36", "37", "38", "42", "43", "44", "48", "50", 
    "51", "56", "60", "61", "65", "67", "76")), .Names = ""), class = "table"), 
    No.Tag = structure(c(0L, 17L, 20L, 0L, 8L, 1L, 31L, 71L, 
    1L, 7L, 0L, 0L, 0L, 0L, 0L, 0L, 1L, 3L, 0L, 0L), .Dim = 5:4, .Dimnames = structure(list(
        c("-2", "-1", "0", "1", NA), c("A", "G", "T", NA)), .Names = c("", 
    "")), class = "table"), All.Tags = list(Concordant = list(
        Freqs = structure(c(0, 58, 43, 0, 8, 33, 66, 0, 0, 0, 
        0, 0), .Dim = 4:3, .Dimnames = list(c("-2", "-1", "0", 
        "1"), c("A", "G", "T"))), N = 208), Majority = list(Freqs = structure(c(1, 
    96, 78, 0, 11, 52, 112, 0, 0, 0, 0, 0), .Dim = 4:3, .Dimnames = list(
        c("-2", "-1", "0", "1"), c("A", "G", "T"))), N = 350)), 
    `2` = structure(c(1, 80, 61, 0, 10, 44, 93, 0, 0, 0, 0, 0
    ), .Dim = 4:3, .Dimnames = list(c("-2", "-1", "0", "1"), 
        c("A", "G", "T"))))))
