Results <-
list(`bwaOutput/20210421msiMNRsJenny/251058_S40.sam` = list(LR46_SNP1 = list(
    All = list(Freqs = structure(c(0L, 1L, 0L, 0L, 7L, 3029L, 
    5L, 3L, 13L, 3064L, 13L, 10L, 0L, 52L, 1L, 0L), .Dim = c(4L, 
    4L), .Dimnames = structure(list(c("-1", "0", "1", NA), c("A", 
    "G", "T", NA)), .Names = c("", "")), class = "table"), N = 6198L), 
    Tag.Distribution = structure(c(`1` = 144L, `2` = 13L, `3` = 14L, 
    `4` = 11L, `5` = 9L, `6` = 10L, `7` = 11L, `8` = 13L, `9` = 13L, 
    `10` = 12L, `11` = 9L, `12` = 7L, `13` = 4L, `14` = 5L, `15` = 12L, 
    `16` = 6L, `17` = 3L, `18` = 9L, `19` = 12L, `20` = 4L, `21` = 4L, 
    `22` = 3L, `23` = 4L, `24` = 8L, `25` = 3L, `26` = 5L, `27` = 2L, 
    `28` = 2L, `29` = 5L, `30` = 5L, `31` = 3L, `32` = 5L, `33` = 2L, 
    `35` = 5L, `36` = 2L, `37` = 1L, `38` = 3L, `39` = 2L, `40` = 1L, 
    `41` = 1L, `43` = 1L, `44` = 1L, `45` = 2L, `46` = 1L, `47` = 2L, 
    `50` = 2L, `51` = 3L, `52` = 2L, `53` = 1L, `54` = 2L, `55` = 1L, 
    `59` = 1L, `62` = 1L, `63` = 1L, `67` = 2L, `68` = 1L, `72` = 2L, 
    `75` = 1L, `76` = 1L, `77` = 1L, `78` = 1L, `79` = 1L, `87` = 1L, 
    `90` = 1L, `91` = 1L, `95` = 1L, `106` = 1L), .Dim = 67L, .Dimnames = structure(list(
        c("1", "2", "3", "4", "5", "6", "7", "8", "9", "10", 
        "11", "12", "13", "14", "15", "16", "17", "18", "19", 
        "20", "21", "22", "23", "24", "25", "26", "27", "28", 
        "29", "30", "31", "32", "33", "35", "36", "37", "38", 
        "39", "40", "41", "43", "44", "45", "46", "47", "50", 
        "51", "52", "53", "54", "55", "59", "62", "63", "67", 
        "68", "72", "75", "76", "77", "78", "79", "87", "90", 
        "91", "95", "106")), .Names = ""), class = "table"), 
    No.Tag = structure(c(0L, 0L, 0L, 0L, 0L, 66L, 0L, 1L, 0L, 
    50L, 0L, 1L, 0L, 5L, 0L, 0L), .Dim = c(4L, 4L), .Dimnames = structure(list(
        c("-1", "0", "1", NA), c("A", "G", "T", NA)), .Names = c("", 
    "")), class = "table"), All.Tags = list(Concordant = list(
        Freqs = structure(c(0, 0, 0, 0, 191, 0, 0, 179, 0), .Dim = c(3L, 
        3L), .Dimnames = list(c("-1", "0", "1"), c("A", "G", 
        "T"))), N = 370), Majority = list(Freqs = structure(c(0, 
    0, 0, 0, 206, 0, 0, 203, 0), .Dim = c(3L, 3L), .Dimnames = list(
        c("-1", "0", "1"), c("A", "G", "T"))), N = 409)), `2` = structure(c(0, 
    0, 0, 0, 136, 0, 0, 141, 0), .Dim = c(3L, 3L), .Dimnames = list(
        c("-1", "0", "1"), c("A", "G", "T"))))))
