Results <-
list(`bwaOutput/20210421msiMNRsJenny/251058_S40.sam` = list(GM22_SNP1 = list(
    All = list(Freqs = structure(c(1L, 86L, 6601L, 27L, 21L, 
    0L, 3L, 123L, 3L, 0L, 0L, 0L, 1L, 0L, 0L, 0L, 3L, 92L, 1L, 
    0L), .Dim = 5:4, .Dimnames = structure(list(c("-2", "-1", 
    "0", "1", NA), c("A", "G", "T", NA)), .Names = c("", "")), class = "table"), 
        N = 6962L), Tag.Distribution = structure(c(`1` = 137L, 
    `2` = 22L, `3` = 13L, `4` = 21L, `5` = 9L, `6` = 9L, `7` = 15L, 
    `8` = 15L, `9` = 14L, `10` = 9L, `11` = 11L, `12` = 17L, 
    `13` = 10L, `14` = 11L, `15` = 7L, `16` = 5L, `17` = 7L, 
    `18` = 9L, `19` = 7L, `20` = 9L, `21` = 3L, `22` = 8L, `23` = 4L, 
    `24` = 4L, `25` = 3L, `26` = 8L, `27` = 4L, `28` = 7L, `29` = 4L, 
    `30` = 6L, `31` = 8L, `32` = 5L, `33` = 6L, `34` = 1L, `35` = 1L, 
    `36` = 1L, `37` = 6L, `38` = 1L, `39` = 3L, `40` = 1L, `41` = 4L, 
    `42` = 2L, `43` = 1L, `44` = 1L, `45` = 2L, `46` = 1L, `47` = 3L, 
    `49` = 1L, `51` = 1L, `52` = 2L, `53` = 1L, `54` = 5L, `55` = 1L, 
    `56` = 2L, `57` = 2L, `61` = 1L, `63` = 1L, `64` = 1L, `66` = 1L, 
    `68` = 1L, `75` = 1L, `93` = 1L, `113` = 1L), .Dim = 63L, .Dimnames = structure(list(
        c("1", "2", "3", "4", "5", "6", "7", "8", "9", "10", 
        "11", "12", "13", "14", "15", "16", "17", "18", "19", 
        "20", "21", "22", "23", "24", "25", "26", "27", "28", 
        "29", "30", "31", "32", "33", "34", "35", "36", "37", 
        "38", "39", "40", "41", "42", "43", "44", "45", "46", 
        "47", "49", "51", "52", "53", "54", "55", "56", "57", 
        "61", "63", "64", "66", "68", "75", "93", "113")), .Names = ""), class = "table"), 
    No.Tag = structure(c(0L, 1L, 248L, 0L, 5L, 0L, 1L, 3L, 0L, 
    0L, 0L, 0L, 0L, 0L, 0L, 0L, 0L, 11L, 0L, 0L), .Dim = 5:4, .Dimnames = structure(list(
        c("-2", "-1", "0", "1", NA), c("A", "G", "T", NA)), .Names = c("", 
    "")), class = "table"), All.Tags = list(Concordant = list(
        Freqs = structure(c(0, 4, 371, 1, 0, 0, 6, 0, 0, 0, 0, 
        0), .Dim = 4:3, .Dimnames = list(c("-2", "-1", "0", "1"
        ), c("A", "G", "T"))), N = 382), Majority = list(Freqs = structure(c(0, 
    4, 449, 1, 0, 0, 9, 0, 0, 0, 0, 0), .Dim = 4:3, .Dimnames = list(
        c("-2", "-1", "0", "1"), c("A", "G", "T"))), N = 463)), 
    `2` = structure(c(0, 1, 335, 0, 0, 0, 3, 0, 0, 0, 0, 0), .Dim = 4:3, .Dimnames = list(
        c("-2", "-1", "0", "1"), c("A", "G", "T"))))))
