Results <-
list(`bwaOutput/20210421msiMNRsJenny/251058_S40.sam` = list(GM17_SNP1 = list(
    All = list(Freqs = structure(c(0L, 1L, 0L, 0L, 0L, 4L, 1785L, 
    4365L, 32L, 29L, 0L, 52L, 153L, 0L, 2L, 0L, 3L, 184L, 1L, 
    0L), .Dim = 5:4, .Dimnames = structure(list(c("-2", "-1", 
    "0", "1", NA), c("A", "C", "T", NA)), .Names = c("", "")), class = "table"), 
        N = 6611L), Tag.Distribution = structure(c(`1` = 123L, 
    `2` = 17L, `3` = 15L, `4` = 15L, `5` = 15L, `6` = 15L, `7` = 11L, 
    `8` = 15L, `9` = 7L, `10` = 10L, `11` = 10L, `12` = 11L, 
    `13` = 12L, `14` = 11L, `15` = 8L, `16` = 9L, `17` = 4L, 
    `18` = 11L, `19` = 7L, `20` = 10L, `21` = 5L, `22` = 8L, 
    `23` = 5L, `24` = 6L, `25` = 5L, `26` = 7L, `27` = 3L, `28` = 2L, 
    `29` = 2L, `30` = 5L, `31` = 2L, `32` = 2L, `33` = 2L, `34` = 4L, 
    `35` = 6L, `36` = 3L, `37` = 2L, `38` = 2L, `39` = 1L, `40` = 1L, 
    `42` = 4L, `43` = 3L, `44` = 1L, `45` = 1L, `46` = 3L, `47` = 2L, 
    `49` = 4L, `50` = 1L, `51` = 5L, `52` = 2L, `54` = 2L, `55` = 1L, 
    `56` = 2L, `57` = 1L, `59` = 1L, `61` = 3L, `63` = 1L, `64` = 2L, 
    `73` = 1L, `86` = 1L), .Dim = 60L, .Dimnames = structure(list(
        c("1", "2", "3", "4", "5", "6", "7", "8", "9", "10", 
        "11", "12", "13", "14", "15", "16", "17", "18", "19", 
        "20", "21", "22", "23", "24", "25", "26", "27", "28", 
        "29", "30", "31", "32", "33", "34", "35", "36", "37", 
        "38", "39", "40", "42", "43", "44", "45", "46", "47", 
        "49", "50", "51", "52", "54", "55", "56", "57", "59", 
        "61", "63", "64", "73", "86")), .Names = ""), class = "table"), 
    No.Tag = structure(c(0L, 0L, 0L, 0L, 0L, 0L, 81L, 104L, 1L, 
    3L, 0L, 1L, 2L, 0L, 0L, 0L, 0L, 3L, 0L, 0L), .Dim = 5:4, .Dimnames = structure(list(
        c("-2", "-1", "0", "1", NA), c("A", "C", "T", NA)), .Names = c("", 
    "")), class = "table"), All.Tags = list(Concordant = list(
        Freqs = structure(c(0, 0, 0, 0, 0, 100, 238, 0, 0, 3, 
        18, 0), .Dim = 4:3, .Dimnames = list(c("-2", "-1", "0", 
        "1"), c("A", "C", "T"))), N = 359), Majority = list(Freqs = structure(c(0, 
    0, 0, 0, 0, 114, 293, 1, 0, 3, 20, 0), .Dim = 4:3, .Dimnames = list(
        c("-2", "-1", "0", "1"), c("A", "C", "T"))), N = 431)), 
    `2` = structure(c(0, 0, 0, 0, 0, 90, 225, 1, 0, 1, 9, 0), .Dim = 4:3, .Dimnames = list(
        c("-2", "-1", "0", "1"), c("A", "C", "T"))))))
