Results <-
list(`bwaOutput/20210421msiMNRsJenny/251058_S40.sam` = list(LR36_SNP1 = list(
    All = list(Freqs = structure(c(0L, 10L, 1244L, 32L, 1122L, 
    24L, 40L, 0L, 0L, 0L, 0L, 1L, 0L, 0L, 489L, 105L, 813L, 108L, 
    1506L, 18L, 55L, 5L, 1L, 25L, 6L, 162L, 5L, 0L), .Dim = c(7L, 
    4L), .Dimnames = structure(list(c("-4", "-3", "-2", "-1", 
    "0", "1", NA), c("A", "G", "T", NA)), .Names = c("", "")), class = "table"), 
        N = 5771L), Tag.Distribution = structure(c(`1` = 99L, 
    `2` = 34L, `3` = 16L, `4` = 14L, `5` = 10L, `6` = 17L, `7` = 21L, 
    `8` = 11L, `9` = 14L, `10` = 7L, `11` = 18L, `12` = 10L, 
    `13` = 8L, `14` = 7L, `15` = 7L, `16` = 5L, `17` = 5L, `18` = 14L, 
    `19` = 9L, `20` = 10L, `21` = 9L, `22` = 6L, `23` = 6L, `24` = 5L, 
    `25` = 3L, `26` = 7L, `27` = 3L, `28` = 4L, `29` = 3L, `30` = 5L, 
    `32` = 4L, `33` = 2L, `34` = 4L, `35` = 3L, `36` = 5L, `37` = 3L, 
    `38` = 1L, `39` = 1L, `40` = 2L, `42` = 3L, `43` = 3L, `44` = 1L, 
    `46` = 3L, `48` = 1L, `49` = 1L, `50` = 1L, `52` = 1L, `53` = 1L, 
    `54` = 1L, `57` = 1L, `60` = 2L, `65` = 1L, `67` = 1L, `71` = 1L, 
    `75` = 1L), .Dim = 55L, .Dimnames = structure(list(c("1", 
    "2", "3", "4", "5", "6", "7", "8", "9", "10", "11", "12", 
    "13", "14", "15", "16", "17", "18", "19", "20", "21", "22", 
    "23", "24", "25", "26", "27", "28", "29", "30", "32", "33", 
    "34", "35", "36", "37", "38", "39", "40", "42", "43", "44", 
    "46", "48", "49", "50", "52", "53", "54", "57", "60", "65", 
    "67", "71", "75")), .Names = ""), class = "table"), No.Tag = structure(c(0L, 
    0L, 11L, 0L, 41L, 2L, 2L, 0L, 0L, 0L, 0L, 0L, 0L, 0L, 24L, 
    2L, 14L, 1L, 37L, 0L, 4L, 1L, 0L, 0L, 0L, 18L, 0L, 0L), .Dim = c(7L, 
    4L), .Dimnames = structure(list(c("-4", "-3", "-2", "-1", 
    "0", "1", NA), c("A", "G", "T", NA)), .Names = c("", "")), class = "table"), 
    All.Tags = list(Concordant = list(Freqs = structure(c(0, 
    0, 70, 0, 76, 0, 0, 0, 0, 0, 0, 0, 26, 7, 40, 5, 95, 0), .Dim = c(6L, 
    3L), .Dimnames = list(c("-4", "-3", "-2", "-1", "0", "1"), 
        c("A", "G", "T"))), N = 319), Majority = list(Freqs = structure(c(0, 
    0, 88, 0, 95, 0, 0, 0, 0, 0, 0, 0, 30, 7, 52, 6, 134, 0), .Dim = c(6L, 
    3L), .Dimnames = list(c("-4", "-3", "-2", "-1", "0", "1"), 
        c("A", "G", "T"))), N = 412)), `2` = structure(c(0, 0, 
    80, 0, 67, 0, 0, 0, 0, 0, 0, 0, 25, 7, 44, 5, 103, 0), .Dim = c(6L, 
    3L), .Dimnames = list(c("-4", "-3", "-2", "-1", "0", "1"), 
        c("A", "G", "T"))))))
