Results <-
list(`bwaOutput/20210421msiMNRsJenny/251058_S40.sam` = list(GM01_SNP1 = list(
    All = list(Freqs = structure(c(1L, 40L, 3472L, 13L, 5L, 5L, 
    477L, 3413L, 8L, 12L, 0L, 2L, 68L, 1L, 0L), .Dim = c(5L, 
    3L), .Dimnames = structure(list(c("-2", "-1", "0", "1", NA
    ), c("A", "G", NA)), .Names = c("", "")), class = "table"), 
        N = 7517L), Tag.Distribution = structure(c(`1` = 141L, 
    `2` = 24L, `3` = 15L, `4` = 25L, `5` = 22L, `6` = 13L, `7` = 16L, 
    `8` = 11L, `9` = 7L, `10` = 11L, `11` = 11L, `12` = 7L, `13` = 9L, 
    `14` = 8L, `15` = 12L, `16` = 9L, `17` = 9L, `18` = 7L, `19` = 11L, 
    `20` = 12L, `21` = 10L, `22` = 8L, `23` = 6L, `24` = 4L, 
    `25` = 6L, `26` = 8L, `27` = 2L, `28` = 6L, `29` = 6L, `30` = 3L, 
    `31` = 3L, `32` = 3L, `33` = 2L, `34` = 3L, `35` = 1L, `36` = 5L, 
    `37` = 2L, `38` = 3L, `39` = 4L, `40` = 3L, `41` = 3L, `42` = 6L, 
    `44` = 1L, `45` = 4L, `47` = 4L, `48` = 2L, `49` = 3L, `50` = 1L, 
    `51` = 1L, `52` = 2L, `53` = 1L, `55` = 3L, `56` = 1L, `57` = 4L, 
    `59` = 1L, `60` = 3L, `61` = 1L, `62` = 1L, `64` = 1L, `75` = 1L, 
    `76` = 1L, `85` = 1L, `119` = 1L), .Dim = 63L, .Dimnames = structure(list(
        c("1", "2", "3", "4", "5", "6", "7", "8", "9", "10", 
        "11", "12", "13", "14", "15", "16", "17", "18", "19", 
        "20", "21", "22", "23", "24", "25", "26", "27", "28", 
        "29", "30", "31", "32", "33", "34", "35", "36", "37", 
        "38", "39", "40", "41", "42", "44", "45", "47", "48", 
        "49", "50", "51", "52", "53", "55", "56", "57", "59", 
        "60", "61", "62", "64", "75", "76", "85", "119")), .Names = ""), class = "table"), 
    No.Tag = structure(c(0L, 0L, 25L, 0L, 0L, 0L, 2L, 87L, 1L, 
    0L, 0L, 0L, 3L, 0L, 0L), .Dim = c(5L, 3L), .Dimnames = structure(list(
        c("-2", "-1", "0", "1", NA), c("A", "G", NA)), .Names = c("", 
    "")), class = "table"), All.Tags = list(Concordant = list(
        Freqs = structure(c(0, 0, 199, 0, 1, 28, 183, 0), .Dim = c(4L, 
        2L), .Dimnames = list(c("-2", "-1", "0", "1"), c("A", 
        "G"))), N = 411), Majority = list(Freqs = structure(c(0, 
    0, 240, 0, 1, 34, 227, 0), .Dim = c(4L, 2L), .Dimnames = list(
        c("-2", "-1", "0", "1"), c("A", "G"))), N = 502)), `2` = structure(c(0, 
    0, 174, 0, 1, 26, 170, 0), .Dim = c(4L, 2L), .Dimnames = list(
        c("-2", "-1", "0", "1"), c("A", "G"))))))
