Results <-
list(`bwaOutput/20210421msiMNRsJenny/251058_S40.sam` = list(LR40_SNP1 = list(
    All = list(Freqs = structure(c(7L, 957L, 17L, 1L, 0L, 50L, 
    1L, 0L, 0L, 5L, 0L, 0L), .Dim = 4:3, .Dimnames = structure(list(
        c("-1", "0", "1", NA), c("A", "C", NA)), .Names = c("", 
    "")), class = "table"), N = 1038L), Tag.Distribution = structure(c(`1` = 21L, 
    `2` = 2L, `3` = 3L, `4` = 1L, `5` = 1L, `6` = 2L, `7` = 3L, 
    `8` = 1L, `9` = 3L, `10` = 1L, `12` = 1L, `13` = 1L, `17` = 1L, 
    `18` = 2L, `20` = 2L, `21` = 1L, `25` = 2L, `26` = 2L, `27` = 1L, 
    `29` = 1L, `30` = 1L, `31` = 2L, `32` = 1L, `34` = 1L, `36` = 1L, 
    `43` = 1L, `44` = 1L, `46` = 1L, `59` = 1L, `69` = 1L, `73` = 1L, 
    `83` = 1L), .Dim = 32L, .Dimnames = structure(list(c("1", 
    "2", "3", "4", "5", "6", "7", "8", "9", "10", "12", "13", 
    "17", "18", "20", "21", "25", "26", "27", "29", "30", "31", 
    "32", "34", "36", "43", "44", "46", "59", "69", "73", "83"
    )), .Names = ""), class = "table"), No.Tag = structure(c(0L, 
    8L, 0L, 0L, 0L, 1L, 0L, 0L, 0L, 0L, 0L, 0L), .Dim = 4:3, .Dimnames = structure(list(
        c("-1", "0", "1", NA), c("A", "C", NA)), .Names = c("", 
    "")), class = "table"), All.Tags = list(Concordant = list(
        Freqs = structure(c(0, 38, 0, 0, 9, 1), .Dim = 3:2, .Dimnames = list(
            c("-1", "0", "1"), c("A", "C"))), N = 48), Majority = list(
        Freqs = structure(c(0, 50, 1, 0, 10, 1), .Dim = 3:2, .Dimnames = list(
            c("-1", "0", "1"), c("A", "C"))), N = 62)), `2` = structure(c(0, 
    40, 1, 0, 3, 0), .Dim = 3:2, .Dimnames = list(c("-1", "0", 
    "1"), c("A", "C"))))))
