Results <-
list(`bwaOutput/20210421msiMNRsJenny/251058_S40.sam` = list(LR10_SNP1 = list(
    All = list(Freqs = structure(c(2L, 340L, 4684L, 50L, 1L, 
    19L, 0L, 0L, 95L, 0L, 0L, 0L, 0L, 1L, 72L, 2L, 0L, 0L), .Dim = c(6L, 
    3L), .Dimnames = structure(list(c("-2", "-1", "0", "1", "2", 
    NA), c("C", "T", NA)), .Names = c("", "")), class = "table"), 
        N = 5266L), Tag.Distribution = structure(c(`1` = 122L, 
    `2` = 11L, `3` = 15L, `4` = 13L, `5` = 13L, `6` = 13L, `7` = 11L, 
    `8` = 12L, `9` = 15L, `10` = 11L, `11` = 11L, `12` = 13L, 
    `13` = 10L, `14` = 11L, `15` = 7L, `16` = 5L, `17` = 7L, 
    `18` = 6L, `19` = 13L, `20` = 7L, `21` = 7L, `22` = 9L, `23` = 5L, 
    `24` = 8L, `25` = 5L, `26` = 5L, `27` = 1L, `28` = 3L, `29` = 1L, 
    `30` = 3L, `31` = 7L, `32` = 1L, `34` = 1L, `35` = 2L, `36` = 1L, 
    `37` = 2L, `38` = 4L, `40` = 3L, `41` = 1L, `42` = 1L, `43` = 1L, 
    `45` = 2L, `46` = 1L, `48` = 1L, `50` = 2L, `52` = 1L, `54` = 1L, 
    `56` = 1L, `57` = 1L, `58` = 1L, `59` = 1L, `62` = 1L, `69` = 1L
    ), .Dim = 53L, .Dimnames = structure(list(c("1", "2", "3", 
    "4", "5", "6", "7", "8", "9", "10", "11", "12", "13", "14", 
    "15", "16", "17", "18", "19", "20", "21", "22", "23", "24", 
    "25", "26", "27", "28", "29", "30", "31", "32", "34", "35", 
    "36", "37", "38", "40", "41", "42", "43", "45", "46", "48", 
    "50", "52", "54", "56", "57", "58", "59", "62", "69")), .Names = ""), class = "table"), 
    No.Tag = structure(c(0L, 60L, 283L, 1L, 0L, 4L, 0L, 0L, 0L, 
    0L, 0L, 0L, 0L, 0L, 6L, 1L, 0L, 0L), .Dim = c(6L, 3L), .Dimnames = structure(list(
        c("-2", "-1", "0", "1", "2", NA), c("C", "T", NA)), .Names = c("", 
    "")), class = "table"), All.Tags = list(Concordant = list(
        Freqs = structure(c(0, 20, 287, 0, 0, 0, 0, 6, 0, 0), .Dim = c(5L, 
        2L), .Dimnames = list(c("-2", "-1", "0", "1", "2"), c("C", 
        "T"))), N = 313), Majority = list(Freqs = structure(c(0, 
    27, 363, 1, 0, 0, 0, 6, 0, 0), .Dim = c(5L, 2L), .Dimnames = list(
        c("-2", "-1", "0", "1", "2"), c("C", "T"))), N = 397)), 
    `2` = structure(c(0, 22, 264, 1, 0, 0, 0, 2, 0, 0), .Dim = c(5L, 
    2L), .Dimnames = list(c("-2", "-1", "0", "1", "2"), c("C", 
    "T"))))))
