Results <-
list(`bwaOutput/20210421msiMNRsJenny/251058_S40.sam` = list(LR48_SNP1 = list(
    All = list(Freqs = structure(c(4L, 126L, 2236L, 418L, 13L, 
    26L, 5L, 581L, 1477L, 1012L, 24L, 41L, 0L, 5L, 105L, 37L, 
    2L, 0L), .Dim = c(6L, 3L), .Dimnames = structure(list(c("-2", 
    "-1", "0", "1", "2", NA), c("C", "T", NA)), .Names = c("", 
    "")), class = "table"), N = 6112L), Tag.Distribution = structure(c(`1` = 113L, 
    `2` = 13L, `3` = 12L, `4` = 16L, `5` = 8L, `6` = 7L, `7` = 8L, 
    `8` = 6L, `9` = 11L, `10` = 11L, `11` = 7L, `12` = 6L, `13` = 4L, 
    `14` = 6L, `15` = 5L, `16` = 3L, `17` = 6L, `18` = 5L, `19` = 6L, 
    `20` = 5L, `21` = 6L, `22` = 2L, `23` = 1L, `24` = 7L, `25` = 8L, 
    `26` = 8L, `27` = 5L, `28` = 1L, `29` = 3L, `30` = 2L, `31` = 2L, 
    `32` = 2L, `33` = 5L, `34` = 2L, `36` = 2L, `37` = 3L, `38` = 2L, 
    `40` = 2L, `41` = 2L, `42` = 4L, `43` = 2L, `44` = 4L, `45` = 1L, 
    `46` = 1L, `47` = 2L, `49` = 2L, `50` = 1L, `52` = 1L, `54` = 2L, 
    `55` = 1L, `56` = 3L, `59` = 1L, `61` = 1L, `64` = 2L, `65` = 1L, 
    `66` = 2L, `68` = 1L, `71` = 1L, `73` = 1L, `74` = 2L, `78` = 1L, 
    `79` = 1L, `80` = 1L, `81` = 1L, `91` = 1L, `94` = 1L, `98` = 1L, 
    `155` = 1L), .Dim = 68L, .Dimnames = structure(list(c("1", 
    "2", "3", "4", "5", "6", "7", "8", "9", "10", "11", "12", 
    "13", "14", "15", "16", "17", "18", "19", "20", "21", "22", 
    "23", "24", "25", "26", "27", "28", "29", "30", "31", "32", 
    "33", "34", "36", "37", "38", "40", "41", "42", "43", "44", 
    "45", "46", "47", "49", "50", "52", "54", "55", "56", "59", 
    "61", "64", "65", "66", "68", "71", "73", "74", "78", "79", 
    "80", "81", "91", "94", "98", "155")), .Names = ""), class = "table"), 
    No.Tag = structure(c(0L, 1L, 52L, 6L, 1L, 2L, 0L, 6L, 17L, 
    9L, 0L, 0L, 0L, 0L, 3L, 1L, 0L, 0L), .Dim = c(6L, 3L), .Dimnames = structure(list(
        c("-2", "-1", "0", "1", "2", NA), c("C", "T", NA)), .Names = c("", 
    "")), class = "table"), All.Tags = list(Concordant = list(
        Freqs = structure(c(0, 3, 97, 7, 0, 0, 24, 57, 33, 0), .Dim = c(5L, 
        2L), .Dimnames = list(c("-2", "-1", "0", "1", "2"), c("C", 
        "T"))), N = 221), Majority = list(Freqs = structure(c(0, 
    4, 147, 19, 0, 0, 30, 86, 62, 0), .Dim = c(5L, 2L), .Dimnames = list(
        c("-2", "-1", "0", "1", "2"), c("C", "T"))), N = 348)), 
    `2` = structure(c(0, 3, 107, 16, 0, 0, 19, 61, 47, 0), .Dim = c(5L, 
    2L), .Dimnames = list(c("-2", "-1", "0", "1", "2"), c("C", 
    "T"))))))
