Results <-
list(`bwaOutput/20210421msiMNRsJenny/251058_S40.sam` = list(LR52_SNP1 = list(
    All = list(Freqs = structure(c(0L, 0L, 0L, 0L, 1L, 0L, 0L, 
    1L, 47L, 478L, 690L, 684L, 8L, 69L, 2L, 8L, 118L, 614L, 1691L, 
    20L, 42L, 0L, 0L, 3L, 39L, 277L, 0L, 0L), .Dim = c(7L, 4L
    ), .Dimnames = structure(list(c("-4", "-3", "-2", "-1", "0", 
    "1", NA), c("-", "C", "T", NA)), .Names = c("", "")), class = "table"), 
        N = 4792L), Tag.Distribution = structure(c(`1` = 54L, 
    `2` = 10L, `3` = 8L, `4` = 10L, `5` = 8L, `6` = 11L, `7` = 12L, 
    `8` = 7L, `9` = 6L, `10` = 9L, `11` = 9L, `12` = 5L, `13` = 14L, 
    `14` = 6L, `15` = 9L, `16` = 3L, `17` = 10L, `18` = 6L, `19` = 4L, 
    `20` = 5L, `21` = 5L, `22` = 4L, `23` = 3L, `24` = 2L, `25` = 4L, 
    `26` = 3L, `27` = 3L, `28` = 2L, `30` = 1L, `31` = 1L, `32` = 5L, 
    `33` = 2L, `34` = 6L, `35` = 4L, `36` = 2L, `37` = 4L, `39` = 1L, 
    `40` = 3L, `42` = 2L, `43` = 4L, `44` = 1L, `45` = 2L, `46` = 1L, 
    `47` = 2L, `48` = 2L, `49` = 3L, `50` = 1L, `51` = 1L, `53` = 1L, 
    `54` = 2L, `59` = 2L, `60` = 1L, `62` = 1L, `63` = 1L, `64` = 1L, 
    `68` = 1L), .Dim = 56L, .Dimnames = structure(list(c("1", 
    "2", "3", "4", "5", "6", "7", "8", "9", "10", "11", "12", 
    "13", "14", "15", "16", "17", "18", "19", "20", "21", "22", 
    "23", "24", "25", "26", "27", "28", "30", "31", "32", "33", 
    "34", "35", "36", "37", "39", "40", "42", "43", "44", "45", 
    "46", "47", "48", "49", "50", "51", "53", "54", "59", "60", 
    "62", "63", "64", "68")), .Names = ""), class = "table"), 
    No.Tag = structure(c(0L, 0L, 0L, 0L, 0L, 0L, 0L, 0L, 1L, 
    6L, 2L, 15L, 1L, 1L, 0L, 0L, 3L, 10L, 41L, 0L, 0L, 0L, 0L, 
    0L, 1L, 16L, 0L, 0L), .Dim = c(7L, 4L), .Dimnames = structure(list(
        c("-4", "-3", "-2", "-1", "0", "1", NA), c("-", "C", 
        "T", NA)), .Names = c("", "")), class = "table"), All.Tags = list(
        Concordant = list(Freqs = structure(c(0, 0, 0, 0, 0, 
        0, 0, 1, 20, 10, 28, 0, 0, 0, 2, 15, 47, 0), .Dim = c(6L, 
        3L), .Dimnames = list(c("-4", "-3", "-2", "-1", "0", 
        "1"), c("-", "C", "T"))), N = 123), Majority = list(Freqs = structure(c(0, 
        0, 0, 0, 0, 0, 0, 1, 33, 35, 61, 0, 0, 0, 4, 32, 113, 
        0), .Dim = c(6L, 3L), .Dimnames = list(c("-4", "-3", 
        "-2", "-1", "0", "1"), c("-", "C", "T"))), N = 279)), 
    `2` = structure(c(0, 0, 0, 0, 0, 0, 0, 1, 27, 31, 53, 0, 
    0, 0, 3, 26, 91, 0), .Dim = c(6L, 3L), .Dimnames = list(c("-4", 
    "-3", "-2", "-1", "0", "1"), c("-", "C", "T"))))))
