Results <-
list(`bwaOutput/20210421msiMNRsJenny/251058_S40.sam` = list(IM49_SNP1 = list(
    All = list(Freqs = structure(c(2L, 171L, 2287L, 59L, 1L, 
    0L, 20L, 4L, 232L, 3814L, 112L, 1L, 1L, 19L, 0L, 9L, 231L, 
    5L, 0L, 0L, 0L), .Dim = c(7L, 3L), .Dimnames = structure(list(
        c("-2", "-1", "0", "1", "2", "3", NA), c("C", "G", NA
        )), .Names = c("", "")), class = "table"), N = 6968L), 
    Tag.Distribution = structure(c(`1` = 172L, `2` = 31L, `3` = 21L, 
    `4` = 17L, `5` = 20L, `6` = 21L, `7` = 23L, `8` = 18L, `9` = 8L, 
    `10` = 16L, `11` = 15L, `12` = 14L, `13` = 20L, `14` = 11L, 
    `15` = 17L, `16` = 10L, `17` = 11L, `18` = 12L, `19` = 11L, 
    `20` = 9L, `21` = 11L, `22` = 8L, `23` = 8L, `24` = 8L, `25` = 3L, 
    `26` = 6L, `27` = 3L, `28` = 2L, `29` = 4L, `30` = 4L, `31` = 1L, 
    `32` = 7L, `33` = 1L, `34` = 3L, `35` = 6L, `36` = 2L, `37` = 1L, 
    `38` = 2L, `39` = 1L, `40` = 5L, `41` = 2L, `42` = 4L, `43` = 1L, 
    `44` = 3L, `45` = 2L, `48` = 4L, `50` = 2L, `51` = 1L, `59` = 1L, 
    `64` = 1L, `67` = 1L, `81` = 1L, `91` = 1L), .Dim = 53L, .Dimnames = structure(list(
        c("1", "2", "3", "4", "5", "6", "7", "8", "9", "10", 
        "11", "12", "13", "14", "15", "16", "17", "18", "19", 
        "20", "21", "22", "23", "24", "25", "26", "27", "28", 
        "29", "30", "31", "32", "33", "34", "35", "36", "37", 
        "38", "39", "40", "41", "42", "43", "44", "45", "48", 
        "50", "51", "59", "64", "67", "81", "91")), .Names = ""), class = "table"), 
    No.Tag = structure(c(0L, 4L, 108L, 4L, 0L, 0L, 4L, 0L, 3L, 
    112L, 1L, 0L, 0L, 1L, 0L, 0L, 18L, 0L, 0L, 0L, 0L), .Dim = c(7L, 
    3L), .Dimnames = structure(list(c("-2", "-1", "0", "1", "2", 
    "3", NA), c("C", "G", NA)), .Names = c("", "")), class = "table"), 
    All.Tags = list(Concordant = list(Freqs = structure(c(0, 
    6, 121, 2, 0, 0, 0, 10, 205, 0, 0, 0), .Dim = c(6L, 2L), .Dimnames = list(
        c("-2", "-1", "0", "1", "2", "3"), c("C", "G"))), N = 344), 
        Majority = list(Freqs = structure(c(0, 8, 192, 2, 0, 
        0, 0, 11, 339, 0, 0, 0), .Dim = c(6L, 2L), .Dimnames = list(
            c("-2", "-1", "0", "1", "2", "3"), c("C", "G"))), 
            N = 552)), `2` = structure(c(0, 5, 144, 0, 0, 0, 
    0, 7, 255, 0, 0, 0), .Dim = c(6L, 2L), .Dimnames = list(c("-2", 
    "-1", "0", "1", "2", "3"), c("C", "G"))))))
