Results <-
list(`bwaOutput/20210421msiMNRsJenny/252782_S3.sam` = list(IM49_SNP1 = list(
    All = list(Freqs = structure(c(0L, 45L, 485L, 2642L, 58L, 
    2L, 0L, 33L, 11L, 1316L, 184L, 1480L, 52L, 3L, 2L, 32L, 0L, 
    11L, 8L, 122L, 5L, 0L, 0L, 0L), .Dim = c(8L, 3L), .Dimnames = structure(list(
        c("-3", "-2", "-1", "0", "1", "2", "3", NA), c("C", "G", 
        NA)), .Names = c("", "")), class = "table"), N = 6491L), 
    Tag.Distribution = structure(c(`1` = 185L, `2` = 61L, `3` = 46L, 
    `4` = 47L, `5` = 40L, `6` = 35L, `7` = 28L, `8` = 22L, `9` = 22L, 
    `10` = 25L, `11` = 28L, `12` = 23L, `13` = 17L, `14` = 21L, 
    `15` = 14L, `16` = 12L, `17` = 8L, `18` = 15L, `19` = 11L, 
    `20` = 13L, `21` = 9L, `22` = 9L, `23` = 10L, `24` = 5L, 
    `25` = 4L, `26` = 7L, `27` = 3L, `28` = 3L, `29` = 2L, `30` = 4L, 
    `31` = 5L, `32` = 2L, `34` = 1L, `35` = 1L, `36` = 3L, `37` = 1L, 
    `39` = 1L, `45` = 1L, `47` = 1L, `52` = 1L), .Dim = 40L, .Dimnames = structure(list(
        c("1", "2", "3", "4", "5", "6", "7", "8", "9", "10", 
        "11", "12", "13", "14", "15", "16", "17", "18", "19", 
        "20", "21", "22", "23", "24", "25", "26", "27", "28", 
        "29", "30", "31", "32", "34", "35", "36", "37", "39", 
        "45", "47", "52")), .Names = ""), class = "table"), No.Tag = structure(c(0L, 
    10L, 12L, 118L, 0L, 1L, 0L, 3L, 0L, 54L, 3L, 56L, 1L, 0L, 
    0L, 1L, 0L, 1L, 1L, 12L, 1L, 0L, 0L, 0L), .Dim = c(8L, 3L
    ), .Dimnames = structure(list(c("-3", "-2", "-1", "0", "1", 
    "2", "3", NA), c("C", "G", NA)), .Names = c("", "")), class = "table"), 
    All.Tags = list(Concordant = list(Freqs = structure(c(0, 
    3, 32, 244, 1, 0, 0, 1, 114, 8, 113, 0, 0, 0), .Dim = c(7L, 
    2L), .Dimnames = list(c("-3", "-2", "-1", "0", "1", "2", 
    "3"), c("C", "G"))), N = 516), Majority = list(Freqs = structure(c(0, 
    3, 44, 340, 1, 0, 0, 1, 138, 13, 168, 2, 0, 0), .Dim = c(7L, 
    2L), .Dimnames = list(c("-3", "-2", "-1", "0", "1", "2", 
    "3"), c("C", "G"))), N = 710)), `2` = structure(c(0, 2, 34, 
    256, 0, 0, 0, 0, 109, 13, 137, 2, 0, 0), .Dim = c(7L, 2L), .Dimnames = list(
        c("-3", "-2", "-1", "0", "1", "2", "3"), c("C", "G"))))))
