Results <-
list(`bwaOutput/20210421msiMNRsJenny/252782_S3.sam` = list(LR48_SNP1 = list(
    All = list(Freqs = structure(c(0L, 0L, 0L, 1L, 0L, 0L, 0L, 
    4L, 1085L, 304L, 1758L, 50L, 0L, 25L, 1L, 145L, 1129L, 2127L, 
    28L, 1L, 18L, 0L, 4L, 13L, 117L, 2L, 0L, 0L), .Dim = c(7L, 
    4L), .Dimnames = structure(list(c("-3", "-2", "-1", "0", 
    "1", "2", NA), c("A", "C", "T", NA)), .Names = c("", "")), class = "table"), 
        N = 6812L), Tag.Distribution = structure(c(`1` = 101L, 
    `2` = 26L, `3` = 22L, `4` = 18L, `5` = 16L, `6` = 31L, `7` = 16L, 
    `8` = 14L, `9` = 21L, `10` = 22L, `11` = 15L, `12` = 17L, 
    `13` = 21L, `14` = 12L, `15` = 14L, `16` = 8L, `17` = 14L, 
    `18` = 5L, `19` = 12L, `20` = 8L, `21` = 10L, `22` = 4L, 
    `23` = 4L, `24` = 7L, `25` = 7L, `26` = 3L, `27` = 5L, `28` = 6L, 
    `29` = 5L, `30` = 5L, `31` = 6L, `32` = 4L, `33` = 5L, `34` = 2L, 
    `35` = 4L, `36` = 2L, `37` = 3L, `38` = 5L, `39` = 3L, `41` = 5L, 
    `42` = 4L, `43` = 1L, `44` = 1L, `45` = 2L, `47` = 1L, `48` = 1L, 
    `51` = 1L, `53` = 1L, `61` = 1L, `66` = 1L, `80` = 1L), .Dim = 51L, .Dimnames = structure(list(
        c("1", "2", "3", "4", "5", "6", "7", "8", "9", "10", 
        "11", "12", "13", "14", "15", "16", "17", "18", "19", 
        "20", "21", "22", "23", "24", "25", "26", "27", "28", 
        "29", "30", "31", "32", "33", "34", "35", "36", "37", 
        "38", "39", "41", "42", "43", "44", "45", "47", "48", 
        "51", "53", "61", "66", "80")), .Names = ""), class = "table"), 
    No.Tag = structure(c(0L, 0L, 0L, 0L, 0L, 0L, 0L, 2L, 13L, 
    20L, 42L, 0L, 0L, 2L, 0L, 17L, 72L, 34L, 0L, 0L, 3L, 0L, 
    0L, 0L, 11L, 0L, 0L, 0L), .Dim = c(7L, 4L), .Dimnames = structure(list(
        c("-3", "-2", "-1", "0", "1", "2", NA), c("A", "C", "T", 
        NA)), .Names = c("", "")), class = "table"), All.Tags = list(
        Concordant = list(Freqs = structure(c(0, 0, 0, 0, 0, 
        0, 0, 74, 16, 99, 1, 0, 0, 7, 57, 93, 0, 0), .Dim = c(6L, 
        3L), .Dimnames = list(c("-3", "-2", "-1", "0", "1", "2"
        ), c("A", "C", "T"))), N = 347), Majority = list(Freqs = structure(c(0, 
        0, 0, 0, 0, 0, 0, 88, 22, 154, 1, 0, 0, 10, 75, 152, 
        0, 0), .Dim = c(6L, 3L), .Dimnames = list(c("-3", "-2", 
        "-1", "0", "1", "2"), c("A", "C", "T"))), N = 502)), 
    `2` = structure(c(0, 0, 0, 0, 0, 0, 0, 72, 14, 121, 0, 0, 
    0, 10, 67, 133, 0, 0), .Dim = c(6L, 3L), .Dimnames = list(
        c("-3", "-2", "-1", "0", "1", "2"), c("A", "C", "T"))))))
