Results <-
list(`bwaOutput/20210421msiMNRsJenny/252782_S3.sam` = list(GM22_SNP1 = list(
    All = list(Freqs = structure(c(4L, 92L, 4948L, 27L, 7L, 4L, 
    76L, 3713L, 18L, 4L, 0L, 0L, 1L, 0L, 0L, 0L, 5L, 210L, 2L, 
    0L), .Dim = 5:4, .Dimnames = structure(list(c("-2", "-1", 
    "0", "1", NA), c("A", "G", "T", NA)), .Names = c("", "")), class = "table"), 
        N = 9111L), Tag.Distribution = structure(c(`1` = 206L, 
    `2` = 55L, `3` = 32L, `4` = 26L, `5` = 34L, `6` = 34L, `7` = 27L, 
    `8` = 27L, `9` = 30L, `10` = 22L, `11` = 33L, `12` = 25L, 
    `13` = 18L, `14` = 11L, `15` = 19L, `16` = 12L, `17` = 19L, 
    `18` = 12L, `19` = 13L, `20` = 6L, `21` = 12L, `22` = 18L, 
    `23` = 16L, `24` = 11L, `25` = 13L, `26` = 6L, `27` = 7L, 
    `28` = 4L, `29` = 8L, `30` = 4L, `31` = 7L, `32` = 4L, `33` = 8L, 
    `34` = 6L, `35` = 7L, `36` = 3L, `37` = 1L, `38` = 4L, `39` = 4L, 
    `40` = 2L, `42` = 2L, `43` = 1L, `45` = 1L, `46` = 1L, `47` = 2L, 
    `48` = 1L, `49` = 1L, `53` = 1L, `57` = 1L, `58` = 1L), .Dim = 50L, .Dimnames = structure(list(
        c("1", "2", "3", "4", "5", "6", "7", "8", "9", "10", 
        "11", "12", "13", "14", "15", "16", "17", "18", "19", 
        "20", "21", "22", "23", "24", "25", "26", "27", "28", 
        "29", "30", "31", "32", "33", "34", "35", "36", "37", 
        "38", "39", "40", "42", "43", "45", "46", "47", "48", 
        "49", "53", "57", "58")), .Names = ""), class = "table"), 
    No.Tag = structure(c(0L, 2L, 150L, 0L, 1L, 0L, 1L, 139L, 
    0L, 0L, 0L, 0L, 0L, 0L, 0L, 0L, 1L, 16L, 0L, 0L), .Dim = 5:4, .Dimnames = structure(list(
        c("-2", "-1", "0", "1", NA), c("A", "G", "T", NA)), .Names = c("", 
    "")), class = "table"), All.Tags = list(Concordant = list(
        Freqs = structure(c(0, 2, 333, 2, 0, 5, 289, 2, 0, 0, 
        0, 0), .Dim = 4:3, .Dimnames = list(c("-2", "-1", "0", 
        "1"), c("A", "G", "T"))), N = 633), Majority = list(Freqs = structure(c(0, 
    3, 420, 2, 0, 5, 361, 2, 0, 0, 0, 0), .Dim = 4:3, .Dimnames = list(
        c("-2", "-1", "0", "1"), c("A", "G", "T"))), N = 793)), 
    `2` = structure(c(0, 2, 319, 0, 0, 2, 285, 0, 0, 0, 0, 0), .Dim = 4:3, .Dimnames = list(
        c("-2", "-1", "0", "1"), c("A", "G", "T"))))))
