Results <-
list(`bwaOutput/20210421msiMNRsJenny/252782_S3.sam` = list(LR40_SNP1 = list(
    All = list(Freqs = structure(c(0L, 0L, 1L, 0L, 0L, 1L, 304L, 
    5551L, 17L, 15L, 0L, 0L, 1L, 0L, 0L, 0L, 0L, 47L, 0L, 0L), .Dim = 5:4, .Dimnames = structure(list(
        c("-2", "-1", "0", "1", NA), c("A", "C", "T", NA)), .Names = c("", 
    "")), class = "table"), N = 5937L), Tag.Distribution = structure(c(`1` = 93L, 
    `2` = 31L, `3` = 43L, `4` = 37L, `5` = 30L, `6` = 38L, `7` = 31L, 
    `8` = 35L, `9` = 25L, `10` = 14L, `11` = 11L, `12` = 16L, 
    `13` = 23L, `14` = 4L, `15` = 10L, `16` = 9L, `17` = 7L, 
    `18` = 9L, `19` = 9L, `20` = 10L, `21` = 8L, `22` = 7L, `23` = 6L, 
    `24` = 2L, `25` = 5L, `26` = 6L, `27` = 5L, `28` = 2L, `29` = 7L, 
    `30` = 6L, `31` = 4L, `32` = 4L, `33` = 1L, `34` = 4L, `35` = 1L, 
    `36` = 2L, `37` = 5L, `38` = 1L, `39` = 1L, `42` = 2L, `43` = 2L, 
    `51` = 2L, `56` = 1L, `67` = 1L), .Dim = 44L, .Dimnames = structure(list(
        c("1", "2", "3", "4", "5", "6", "7", "8", "9", "10", 
        "11", "12", "13", "14", "15", "16", "17", "18", "19", 
        "20", "21", "22", "23", "24", "25", "26", "27", "28", 
        "29", "30", "31", "32", "33", "34", "35", "36", "37", 
        "38", "39", "42", "43", "51", "56", "67")), .Names = ""), class = "table"), 
    No.Tag = structure(c(0L, 0L, 0L, 0L, 0L, 0L, 11L, 85L, 0L, 
    4L, 0L, 0L, 0L, 0L, 0L, 0L, 0L, 3L, 0L, 0L), .Dim = 5:4, .Dimnames = structure(list(
        c("-2", "-1", "0", "1", NA), c("A", "C", "T", NA)), .Names = c("", 
    "")), class = "table"), All.Tags = list(Concordant = list(
        Freqs = structure(c(0, 0, 0, 0, 0, 18, 481, 0, 0, 0, 
        0, 0), .Dim = 4:3, .Dimnames = list(c("-2", "-1", "0", 
        "1"), c("A", "C", "T"))), N = 499), Majority = list(Freqs = structure(c(0, 
    0, 0, 0, 0, 23, 545, 0, 0, 0, 0, 0), .Dim = 4:3, .Dimnames = list(
        c("-2", "-1", "0", "1"), c("A", "C", "T"))), N = 568)), 
    `2` = structure(c(0, 0, 0, 0, 0, 20, 456, 0, 0, 0, 0, 0), .Dim = 4:3, .Dimnames = list(
        c("-2", "-1", "0", "1"), c("A", "C", "T"))))))
