Results <-
list(`bwaOutput/20210421msiMNRsJenny/252782_S3.sam` = list(LR11_SNP1 = list(
    All = list(Freqs = structure(c(1L, 259L, 5980L, 7098L, 49L, 
    1L, 127L, 0L, 0L, 0L, 10L, 0L, 0L, 0L, 0L, 0L, 0L, 0L, 0L, 
    0L, 1L, 0L, 2L, 39L, 84L, 1L, 0L, 0L), .Dim = c(7L, 4L), .Dimnames = structure(list(
        c("-3", "-2", "-1", "0", "1", "3", NA), c("A", "C", "G", 
        NA)), .Names = c("", "")), class = "table"), N = 13652L), 
    Tag.Distribution = structure(c(`1` = 246L, `2` = 52L, `3` = 53L, 
    `4` = 48L, `5` = 38L, `6` = 49L, `7` = 41L, `8` = 34L, `9` = 48L, 
    `10` = 44L, `11` = 34L, `12` = 33L, `13` = 35L, `14` = 36L, 
    `15` = 29L, `16` = 21L, `17` = 31L, `18` = 19L, `19` = 13L, 
    `20` = 24L, `21` = 15L, `22` = 16L, `23` = 25L, `24` = 20L, 
    `25` = 19L, `26` = 10L, `27` = 13L, `28` = 16L, `29` = 8L, 
    `30` = 17L, `31` = 12L, `32` = 4L, `33` = 6L, `34` = 6L, 
    `35` = 3L, `36` = 2L, `37` = 6L, `39` = 2L, `40` = 2L, `41` = 1L, 
    `42` = 3L, `43` = 4L, `44` = 2L, `45` = 3L, `46` = 1L, `47` = 1L, 
    `48` = 5L, `49` = 1L, `51` = 1L, `55` = 1L, `64` = 1L, `75` = 1L
    ), .Dim = 52L, .Dimnames = structure(list(c("1", "2", "3", 
    "4", "5", "6", "7", "8", "9", "10", "11", "12", "13", "14", 
    "15", "16", "17", "18", "19", "20", "21", "22", "23", "24", 
    "25", "26", "27", "28", "29", "30", "31", "32", "33", "34", 
    "35", "36", "37", "39", "40", "41", "42", "43", "44", "45", 
    "46", "47", "48", "49", "51", "55", "64", "75")), .Names = ""), class = "table"), 
    No.Tag = structure(c(0L, 34L, 121L, 134L, 1L, 0L, 2L, 0L, 
    0L, 0L, 1L, 0L, 0L, 0L, 0L, 0L, 0L, 0L, 0L, 0L, 0L, 0L, 0L, 
    0L, 1L, 0L, 0L, 0L), .Dim = c(7L, 4L), .Dimnames = structure(list(
        c("-3", "-2", "-1", "0", "1", "3", NA), c("A", "C", "G", 
        NA)), .Names = c("", "")), class = "table"), All.Tags = list(
        Concordant = list(Freqs = structure(c(0, 17, 375, 435, 
        0, 0, 0, 0, 0, 5, 0, 0, 0, 0, 0, 0, 0, 0), .Dim = c(6L, 
        3L), .Dimnames = list(c("-3", "-2", "-1", "0", "1", "3"
        ), c("A", "C", "G"))), N = 832), Majority = list(Freqs = structure(c(0, 
        21, 490, 604, 0, 0, 0, 0, 0, 5, 0, 0, 0, 0, 0, 0, 0, 
        0), .Dim = c(6L, 3L), .Dimnames = list(c("-3", "-2", 
        "-1", "0", "1", "3"), c("A", "C", "G"))), N = 1120)), 
    `2` = structure(c(0, 13, 403, 477, 0, 0, 0, 0, 0, 0, 0, 0, 
    0, 0, 0, 0, 0, 0), .Dim = c(6L, 3L), .Dimnames = list(c("-3", 
    "-2", "-1", "0", "1", "3"), c("A", "C", "G"))))))
