Results <-
list(`bwaOutput/20210421msiMNRsJenny/252782_S3.sam` = list(GM11_SNP1 = list(
    All = list(Freqs = structure(c(1L, 1L, 65L, 7024L, 24L, 1L, 
    0L, 0L, 0L, 6L, 0L, 0L, 0L, 0L, 0L, 1L, 0L, 0L, 0L, 0L, 0L, 
    49L, 0L, 0L), .Dim = c(6L, 4L), .Dimnames = structure(list(
        c("-3", "-2", "-1", "0", "1", NA), c("A", "G", "T", NA
        )), .Names = c("", "")), class = "table"), N = 7172L), 
    Tag.Distribution = structure(c(`1` = 111L, `2` = 33L, `3` = 26L, 
    `4` = 29L, `5` = 28L, `6` = 18L, `7` = 15L, `8` = 27L, `9` = 19L, 
    `10` = 22L, `11` = 19L, `12` = 14L, `13` = 15L, `14` = 16L, 
    `15` = 17L, `16` = 10L, `17` = 9L, `18` = 20L, `19` = 4L, 
    `20` = 5L, `21` = 12L, `22` = 14L, `23` = 13L, `24` = 12L, 
    `25` = 11L, `26` = 6L, `27` = 7L, `28` = 9L, `29` = 6L, `30` = 2L, 
    `31` = 1L, `32` = 2L, `33` = 7L, `34` = 3L, `35` = 4L, `36` = 2L, 
    `37` = 4L, `38` = 2L, `39` = 1L, `40` = 3L, `41` = 3L, `42` = 1L, 
    `43` = 2L, `45` = 1L, `48` = 1L, `51` = 1L, `66` = 1L, `68` = 1L
    ), .Dim = 48L, .Dimnames = structure(list(c("1", "2", "3", 
    "4", "5", "6", "7", "8", "9", "10", "11", "12", "13", "14", 
    "15", "16", "17", "18", "19", "20", "21", "22", "23", "24", 
    "25", "26", "27", "28", "29", "30", "31", "32", "33", "34", 
    "35", "36", "37", "38", "39", "40", "41", "42", "43", "45", 
    "48", "51", "66", "68")), .Names = ""), class = "table"), 
    No.Tag = structure(c(0L, 0L, 2L, 129L, 1L, 0L, 0L, 0L, 0L, 
    0L, 0L, 0L, 0L, 0L, 0L, 0L, 0L, 0L, 0L, 0L, 0L, 4L, 0L, 0L
    ), .Dim = c(6L, 4L), .Dimnames = structure(list(c("-3", "-2", 
    "-1", "0", "1", NA), c("A", "G", "T", NA)), .Names = c("", 
    "")), class = "table"), All.Tags = list(Concordant = list(
        Freqs = structure(c(0, 0, 5, 522, 1, 0, 0, 0, 1, 0, 0, 
        0, 0, 0, 0), .Dim = c(5L, 3L), .Dimnames = list(c("-3", 
        "-2", "-1", "0", "1"), c("A", "G", "T"))), N = 529), 
        Majority = list(Freqs = structure(c(0, 0, 5, 579, 1, 
        0, 0, 0, 1, 0, 0, 0, 0, 0, 0), .Dim = c(5L, 3L), .Dimnames = list(
            c("-3", "-2", "-1", "0", "1"), c("A", "G", "T"))), 
            N = 586)), `2` = structure(c(0, 0, 2, 474, 1, 0, 
    0, 0, 0, 0, 0, 0, 0, 0, 0), .Dim = c(5L, 3L), .Dimnames = list(
        c("-3", "-2", "-1", "0", "1"), c("A", "G", "T"))))))
