Results <-
list(`bwaOutput/20210421msiMNRsJenny/252782_S3.sam` = list(LR20_SNP1 = list(
    All = list(Freqs = structure(c(3L, 1758L, 4773L, 9L, 29L, 
    0L, 0L, 2L, 0L, 0L, 0L, 1L, 16L, 1L, 0L), .Dim = c(5L, 3L
    ), .Dimnames = structure(list(c("-2", "-1", "0", "1", NA), 
        c("A", "G", NA)), .Names = c("", "")), class = "table"), 
        N = 6592L), Tag.Distribution = structure(c(`1` = 124L, 
    `2` = 47L, `3` = 41L, `4` = 36L, `5` = 28L, `6` = 28L, `7` = 30L, 
    `8` = 24L, `9` = 30L, `10` = 21L, `11` = 24L, `12` = 20L, 
    `13` = 12L, `14` = 19L, `15` = 9L, `16` = 15L, `17` = 10L, 
    `18` = 12L, `19` = 16L, `20` = 11L, `21` = 6L, `22` = 4L, 
    `23` = 9L, `24` = 8L, `25` = 5L, `26` = 8L, `27` = 4L, `28` = 4L, 
    `29` = 7L, `30` = 5L, `31` = 3L, `32` = 7L, `33` = 4L, `34` = 1L, 
    `35` = 1L, `36` = 2L, `38` = 2L, `39` = 2L, `40` = 1L, `41` = 2L, 
    `54` = 1L, `57` = 1L), .Dim = 42L, .Dimnames = structure(list(
        c("1", "2", "3", "4", "5", "6", "7", "8", "9", "10", 
        "11", "12", "13", "14", "15", "16", "17", "18", "19", 
        "20", "21", "22", "23", "24", "25", "26", "27", "28", 
        "29", "30", "31", "32", "33", "34", "35", "36", "38", 
        "39", "40", "41", "54", "57")), .Names = ""), class = "table"), 
    No.Tag = structure(c(0L, 42L, 157L, 0L, 6L, 0L, 0L, 0L, 0L, 
    0L, 0L, 0L, 5L, 0L, 0L), .Dim = c(5L, 3L), .Dimnames = structure(list(
        c("-2", "-1", "0", "1", NA), c("A", "G", NA)), .Names = c("", 
    "")), class = "table"), All.Tags = list(Concordant = list(
        Freqs = structure(c(0, 135, 441, 0, 0, 0, 2, 0), .Dim = c(4L, 
        2L), .Dimnames = list(c("-2", "-1", "0", "1"), c("A", 
        "G"))), N = 578), Majority = list(Freqs = structure(c(0, 
    163, 467, 0, 0, 0, 2, 0), .Dim = c(4L, 2L), .Dimnames = list(
        c("-2", "-1", "0", "1"), c("A", "G"))), N = 632)), `2` = structure(c(0, 
    136, 379, 0, 0, 0, 0, 0), .Dim = c(4L, 2L), .Dimnames = list(
        c("-2", "-1", "0", "1"), c("A", "G"))))))
