Results <-
list(`bwaOutput/20210421msiMNRsJenny/252782_S3.sam` = list(GM07_SNP1 = list(
    All = list(Freqs = structure(c(3L, 122L, 2409L, 3136L, 76L, 
    2L, 150L, 0L, 1L, 0L, 4L, 0L, 0L, 3L, 0L, 2L, 16L, 51L, 2L, 
    0L, 0L), .Dim = c(7L, 3L), .Dimnames = structure(list(c("-3", 
    "-2", "-1", "0", "1", "2", NA), c("A", "G", NA)), .Names = c("", 
    "")), class = "table"), N = 5977L), Tag.Distribution = structure(c(`1` = 130L, 
    `2` = 35L, `3` = 28L, `4` = 38L, `5` = 24L, `6` = 25L, `7` = 20L, 
    `8` = 30L, `9` = 14L, `10` = 18L, `11` = 12L, `12` = 18L, 
    `13` = 12L, `14` = 8L, `15` = 22L, `16` = 8L, `17` = 11L, 
    `18` = 15L, `19` = 10L, `20` = 6L, `21` = 11L, `22` = 5L, 
    `23` = 7L, `24` = 10L, `25` = 4L, `26` = 6L, `27` = 8L, `28` = 2L, 
    `29` = 2L, `30` = 6L, `31` = 2L, `32` = 2L, `33` = 4L, `35` = 1L, 
    `36` = 2L, `37` = 3L, `38` = 2L, `39` = 2L, `40` = 1L, `41` = 3L, 
    `42` = 2L, `49` = 1L, `52` = 1L, `55` = 1L), .Dim = 44L, .Dimnames = structure(list(
        c("1", "2", "3", "4", "5", "6", "7", "8", "9", "10", 
        "11", "12", "13", "14", "15", "16", "17", "18", "19", 
        "20", "21", "22", "23", "24", "25", "26", "27", "28", 
        "29", "30", "31", "32", "33", "35", "36", "37", "38", 
        "39", "40", "41", "42", "49", "52", "55")), .Names = ""), class = "table"), 
    No.Tag = structure(c(0L, 2L, 56L, 118L, 1L, 0L, 18L, 0L, 
    0L, 0L, 0L, 0L, 0L, 3L, 0L, 0L, 0L, 5L, 0L, 0L, 0L), .Dim = c(7L, 
    3L), .Dimnames = structure(list(c("-3", "-2", "-1", "0", 
    "1", "2", NA), c("A", "G", NA)), .Names = c("", "")), class = "table"), 
    All.Tags = list(Concordant = list(Freqs = structure(c(0, 
    8, 161, 180, 1, 0, 0, 0, 0, 4, 0, 0), .Dim = c(6L, 2L), .Dimnames = list(
        c("-3", "-2", "-1", "0", "1", "2"), c("A", "G"))), N = 354), 
        Majority = list(Freqs = structure(c(0, 9, 240, 304, 1, 
        0, 0, 0, 0, 4, 0, 0), .Dim = c(6L, 2L), .Dimnames = list(
            c("-3", "-2", "-1", "0", "1", "2"), c("A", "G"))), 
            N = 558)), `2` = structure(c(0, 8, 204, 228, 0, 0, 
    0, 0, 0, 0, 0, 0), .Dim = c(6L, 2L), .Dimnames = list(c("-3", 
    "-2", "-1", "0", "1", "2"), c("A", "G"))))))
