Results <-
list(`bwaOutput/20210421msiMNRsJenny/252782_S3.sam` = list(GM14_SNP1 = list(
    All = list(Freqs = structure(c(4L, 407L, 1884L, 5024L, 56L, 
    39L, 0L, 0L, 1L, 3L, 0L, 0L, 0L, 1L, 3L, 69L, 2L, 0L), .Dim = c(6L, 
    3L), .Dimnames = structure(list(c("-3", "-2", "-1", "0", 
    "1", NA), c("C", "T", NA)), .Names = c("", "")), class = "table"), 
        N = 7493L), Tag.Distribution = structure(c(`1` = 156L, 
    `2` = 48L, `3` = 39L, `4` = 32L, `5` = 32L, `6` = 37L, `7` = 29L, 
    `8` = 29L, `9` = 20L, `10` = 21L, `11` = 22L, `12` = 15L, 
    `13` = 25L, `14` = 21L, `15` = 24L, `16` = 9L, `17` = 23L, 
    `18` = 12L, `19` = 11L, `20` = 11L, `21` = 13L, `22` = 10L, 
    `23` = 7L, `24` = 7L, `25` = 4L, `26` = 9L, `27` = 7L, `28` = 6L, 
    `29` = 2L, `30` = 7L, `31` = 8L, `32` = 5L, `33` = 2L, `34` = 3L, 
    `35` = 2L, `36` = 1L, `37` = 5L, `39` = 1L, `40` = 2L, `41` = 1L, 
    `43` = 1L, `44` = 2L, `70` = 1L), .Dim = 43L, .Dimnames = structure(list(
        c("1", "2", "3", "4", "5", "6", "7", "8", "9", "10", 
        "11", "12", "13", "14", "15", "16", "17", "18", "19", 
        "20", "21", "22", "23", "24", "25", "26", "27", "28", 
        "29", "30", "31", "32", "33", "34", "35", "36", "37", 
        "39", "40", "41", "43", "44", "70")), .Names = ""), class = "table"), 
    No.Tag = structure(c(1L, 22L, 55L, 116L, 1L, 2L, 0L, 0L, 
    0L, 0L, 0L, 0L, 0L, 0L, 0L, 2L, 0L, 0L), .Dim = c(6L, 3L), .Dimnames = structure(list(
        c("-3", "-2", "-1", "0", "1", NA), c("C", "T", NA)), .Names = c("", 
    "")), class = "table"), All.Tags = list(Concordant = list(
        Freqs = structure(c(1, 32, 137, 364, 0, 0, 0, 1, 3, 0
        ), .Dim = c(5L, 2L), .Dimnames = list(c("-3", "-2", "-1", 
        "0", "1"), c("C", "T"))), N = 538), Majority = list(Freqs = structure(c(1, 
    42, 169, 492, 1, 0, 0, 1, 3, 0), .Dim = c(5L, 2L), .Dimnames = list(
        c("-3", "-2", "-1", "0", "1"), c("C", "T"))), N = 709)), 
    `2` = structure(c(1, 35, 130, 396, 1, 0, 0, 0, 0, 0), .Dim = c(5L, 
    2L), .Dimnames = list(c("-3", "-2", "-1", "0", "1"), c("C", 
    "T"))))))
