Results <-
list(`bwaOutput/20210421msiMNRsJenny/252782_S3.sam` = list(GM17_SNP1 = list(
    All = list(Freqs = structure(c(0L, 0L, 1L, 0L, 0L, 1L, 867L, 
    2760L, 6L, 8L, 2L, 39L, 3672L, 15L, 2L, 0L, 4L, 213L, 0L, 
    0L), .Dim = 5:4, .Dimnames = structure(list(c("-2", "-1", 
    "0", "1", NA), c("A", "C", "T", NA)), .Names = c("", "")), class = "table"), 
        N = 7590L), Tag.Distribution = structure(c(`1` = 152L, 
    `2` = 38L, `3` = 36L, `4` = 29L, `5` = 18L, `6` = 34L, `7` = 37L, 
    `8` = 32L, `9` = 20L, `10` = 25L, `11` = 17L, `12` = 19L, 
    `13` = 18L, `14` = 18L, `15` = 23L, `16` = 11L, `17` = 13L, 
    `18` = 14L, `19` = 11L, `20` = 10L, `21` = 8L, `22` = 8L, 
    `23` = 10L, `24` = 7L, `25` = 8L, `26` = 5L, `27` = 9L, `28` = 8L, 
    `29` = 5L, `30` = 6L, `31` = 7L, `32` = 4L, `33` = 5L, `34` = 2L, 
    `35` = 4L, `36` = 2L, `37` = 1L, `39` = 2L, `40` = 2L, `41` = 2L, 
    `42` = 1L, `43` = 1L, `45` = 3L, `46` = 1L, `47` = 1L, `49` = 1L, 
    `50` = 1L, `60` = 1L, `70` = 1L), .Dim = 49L, .Dimnames = structure(list(
        c("1", "2", "3", "4", "5", "6", "7", "8", "9", "10", 
        "11", "12", "13", "14", "15", "16", "17", "18", "19", 
        "20", "21", "22", "23", "24", "25", "26", "27", "28", 
        "29", "30", "31", "32", "33", "34", "35", "36", "37", 
        "39", "40", "41", "42", "43", "45", "46", "47", "49", 
        "50", "60", "70")), .Names = ""), class = "table"), No.Tag = structure(c(0L, 
    0L, 0L, 0L, 0L, 0L, 12L, 50L, 0L, 1L, 0L, 0L, 56L, 0L, 0L, 
    0L, 0L, 3L, 0L, 0L), .Dim = 5:4, .Dimnames = structure(list(
        c("-2", "-1", "0", "1", NA), c("A", "C", "T", NA)), .Names = c("", 
    "")), class = "table"), All.Tags = list(Concordant = list(
        Freqs = structure(c(0, 0, 0, 0, 0, 82, 205, 0, 0, 2, 
        277, 0), .Dim = 4:3, .Dimnames = list(c("-2", "-1", "0", 
        "1"), c("A", "C", "T"))), N = 566), Majority = list(Freqs = structure(c(0, 
    0, 0, 0, 0, 90, 245, 0, 0, 2, 337, 0), .Dim = 4:3, .Dimnames = list(
        c("-2", "-1", "0", "1"), c("A", "C", "T"))), N = 674)), 
    `2` = structure(c(0, 0, 0, 0, 0, 65, 196, 0, 0, 0, 272, 0
    ), .Dim = 4:3, .Dimnames = list(c("-2", "-1", "0", "1"), 
        c("A", "C", "T"))))))
