Results <-
list(`bwaOutput/20210421msiMNRsJenny/252782_S3.sam` = list(DEPDC2_SNP1 = list(
    All = list(Freqs = structure(c(0L, 0L, 1L, 0L, 0L, 0L, 0L, 
    0L, 2L, 0L, 0L, 0L, 2L, 228L, 4726L, 740L, 3L, 375L, 0L, 
    0L, 52L, 5L, 0L, 0L), .Dim = c(6L, 4L), .Dimnames = structure(list(
        c("-2", "-1", "0", "1", "2", NA), c("A", "C", "T", NA
        )), .Names = c("", "")), class = "table"), N = 6134L), 
    Tag.Distribution = structure(c(`1` = 185L, `2` = 54L, `3` = 40L, 
    `4` = 33L, `5` = 36L, `6` = 38L, `7` = 36L, `8` = 33L, `9` = 29L, 
    `10` = 23L, `11` = 20L, `12` = 24L, `13` = 13L, `14` = 21L, 
    `15` = 15L, `16` = 9L, `17` = 8L, `18` = 7L, `19` = 9L, `20` = 11L, 
    `21` = 8L, `22` = 7L, `23` = 4L, `24` = 6L, `25` = 5L, `26` = 4L, 
    `27` = 6L, `28` = 2L, `29` = 5L, `30` = 5L, `31` = 3L, `32` = 3L, 
    `34` = 2L, `35` = 1L, `37` = 2L, `38` = 2L, `45` = 2L, `49` = 2L, 
    `54` = 1L), .Dim = 39L, .Dimnames = structure(list(c("1", 
    "2", "3", "4", "5", "6", "7", "8", "9", "10", "11", "12", 
    "13", "14", "15", "16", "17", "18", "19", "20", "21", "22", 
    "23", "24", "25", "26", "27", "28", "29", "30", "31", "32", 
    "34", "35", "37", "38", "45", "49", "54")), .Names = ""), class = "table"), 
    No.Tag = structure(c(0L, 0L, 0L, 0L, 0L, 0L, 0L, 0L, 0L, 
    0L, 0L, 0L, 0L, 4L, 128L, 31L, 0L, 32L, 0L, 0L, 1L, 1L, 0L, 
    0L), .Dim = c(6L, 4L), .Dimnames = structure(list(c("-2", 
    "-1", "0", "1", "2", NA), c("A", "C", "T", NA)), .Names = c("", 
    "")), class = "table"), All.Tags = list(Concordant = list(
        Freqs = structure(c(0, 0, 0, 0, 0, 0, 0, 1, 0, 0, 1, 
        15, 516, 72, 0), .Dim = c(5L, 3L), .Dimnames = list(c("-2", 
        "-1", "0", "1", "2"), c("A", "C", "T"))), N = 605), Majority = list(
        Freqs = structure(c(0, 0, 0, 0, 0, 0, 0, 1, 0, 0, 1, 
        19, 565, 101, 0), .Dim = c(5L, 3L), .Dimnames = list(
            c("-2", "-1", "0", "1", "2"), c("A", "C", "T"))), 
        N = 687)), `2` = structure(c(0, 0, 0, 0, 0, 0, 0, 0, 
    0, 0, 0, 15, 427, 83, 0), .Dim = c(5L, 3L), .Dimnames = list(
        c("-2", "-1", "0", "1", "2"), c("A", "C", "T"))))))
