Results <-
list(`bwaOutput/20210421msiMNRsJenny/252782_S3.sam` = list(GM09_SNP1 = list(
    All = list(Freqs = structure(c(0L, 8L, 0L, 0L, 533L, 9531L, 
    12L, 8L, 2L, 53L, 0L, 0L), .Dim = 4:3, .Dimnames = structure(list(
        c("-1", "0", "1", NA), c("A", "G", NA)), .Names = c("", 
    "")), class = "table"), N = 10147L), Tag.Distribution = structure(c(`1` = 196L, 
    `2` = 59L, `3` = 42L, `4` = 47L, `5` = 47L, `6` = 46L, `7` = 44L, 
    `8` = 33L, `9` = 43L, `10` = 22L, `11` = 25L, `12` = 17L, 
    `13` = 32L, `14` = 24L, `15` = 18L, `16` = 21L, `17` = 16L, 
    `18` = 16L, `19` = 19L, `20` = 15L, `21` = 18L, `22` = 6L, 
    `23` = 14L, `24` = 9L, `25` = 10L, `26` = 9L, `27` = 3L, 
    `28` = 6L, `29` = 13L, `30` = 1L, `31` = 3L, `32` = 6L, `33` = 6L, 
    `34` = 5L, `35` = 5L, `36` = 3L, `37` = 4L, `38` = 4L, `40` = 5L, 
    `41` = 3L, `42` = 1L, `43` = 2L, `44` = 1L, `45` = 2L, `46` = 1L, 
    `47` = 1L, `51` = 2L, `52` = 1L, `53` = 1L, `60` = 1L, `64` = 1L
    ), .Dim = 51L, .Dimnames = structure(list(c("1", "2", "3", 
    "4", "5", "6", "7", "8", "9", "10", "11", "12", "13", "14", 
    "15", "16", "17", "18", "19", "20", "21", "22", "23", "24", 
    "25", "26", "27", "28", "29", "30", "31", "32", "33", "34", 
    "35", "36", "37", "38", "40", "41", "42", "43", "44", "45", 
    "46", "47", "51", "52", "53", "60", "64")), .Names = ""), class = "table"), 
    No.Tag = structure(c(0L, 1L, 0L, 0L, 60L, 274L, 1L, 0L, 0L, 
    2L, 0L, 0L), .Dim = 4:3, .Dimnames = structure(list(c("-1", 
    "0", "1", NA), c("A", "G", NA)), .Names = c("", "")), class = "table"), 
    All.Tags = list(Concordant = list(Freqs = structure(c(0, 
    6, 0, 34, 829, 1), .Dim = 3:2, .Dimnames = list(c("-1", "0", 
    "1"), c("A", "G"))), N = 870), Majority = list(Freqs = structure(c(0, 
    6, 0, 40, 876, 1), .Dim = 3:2, .Dimnames = list(c("-1", "0", 
    "1"), c("A", "G"))), N = 923)), `2` = structure(c(0, 0, 0, 
    32, 701, 0), .Dim = 3:2, .Dimnames = list(c("-1", "0", "1"
    ), c("A", "G"))))))
