Results <-
list(`bwaOutput/20210421msiMNRsJenny/252782_S3.sam` = list(LR52_SNP1 = list(
    All = list(Freqs = structure(c(0L, 0L, 0L, 0L, 1L, 0L, 0L, 
    0L, 0L, 0L, 1L, 0L, 1L, 0L, 0L, 0L, 153L, 1574L, 997L, 300L, 
    2973L, 32L, 1L, 79L, 0L, 6L, 6L, 9L, 186L, 2L, 0L, 0L), .Dim = c(8L, 
    4L), .Dimnames = structure(list(c("-4", "-3", "-2", "-1", 
    "0", "1", "2", NA), c("A", "C", "T", NA)), .Names = c("", 
    "")), class = "table"), N = 6321L), Tag.Distribution = structure(c(`1` = 97L, 
    `2` = 31L, `3` = 36L, `4` = 30L, `5` = 24L, `6` = 28L, `7` = 12L, 
    `8` = 20L, `9` = 22L, `10` = 17L, `11` = 19L, `12` = 12L, 
    `13` = 15L, `14` = 15L, `15` = 5L, `16` = 11L, `17` = 9L, 
    `18` = 9L, `19` = 4L, `20` = 10L, `21` = 7L, `22` = 8L, `23` = 7L, 
    `24` = 5L, `25` = 9L, `26` = 4L, `27` = 12L, `28` = 4L, `29` = 6L, 
    `30` = 2L, `31` = 2L, `32` = 8L, `33` = 4L, `34` = 5L, `35` = 1L, 
    `36` = 3L, `37` = 2L, `38` = 4L, `39` = 2L, `40` = 2L, `41` = 3L, 
    `42` = 3L, `43` = 1L, `44` = 2L, `47` = 1L, `56` = 1L, `60` = 1L
    ), .Dim = 47L, .Dimnames = structure(list(c("1", "2", "3", 
    "4", "5", "6", "7", "8", "9", "10", "11", "12", "13", "14", 
    "15", "16", "17", "18", "19", "20", "21", "22", "23", "24", 
    "25", "26", "27", "28", "29", "30", "31", "32", "33", "34", 
    "35", "36", "37", "38", "39", "40", "41", "42", "43", "44", 
    "47", "56", "60")), .Names = ""), class = "table"), No.Tag = structure(c(0L, 
    0L, 0L, 0L, 0L, 0L, 0L, 0L, 0L, 0L, 0L, 0L, 0L, 0L, 0L, 0L, 
    2L, 45L, 24L, 1L, 53L, 0L, 0L, 13L, 0L, 0L, 0L, 0L, 3L, 0L, 
    0L, 0L), .Dim = c(8L, 4L), .Dimnames = structure(list(c("-4", 
    "-3", "-2", "-1", "0", "1", "2", NA), c("A", "C", "T", NA
    )), .Names = c("", "")), class = "table"), All.Tags = list(
        Concordant = list(Freqs = structure(c(0, 0, 0, 0, 0, 
        0, 0, 0, 0, 0, 0, 1, 0, 0, 14, 105, 67, 8, 139, 0, 0), .Dim = c(7L, 
        3L), .Dimnames = list(c("-4", "-3", "-2", "-1", "0", 
        "1", "2"), c("A", "C", "T"))), N = 334), Majority = list(
            Freqs = structure(c(0, 0, 0, 0, 0, 0, 0, 0, 0, 0, 
            0, 1, 0, 0, 15, 122, 92, 11, 273, 0, 0), .Dim = c(7L, 
            3L), .Dimnames = list(c("-4", "-3", "-2", "-1", "0", 
            "1", "2"), c("A", "C", "T"))), N = 514)), `2` = structure(c(0, 
    0, 0, 0, 0, 0, 0, 0, 0, 0, 0, 0, 0, 0, 11, 102, 77, 8, 234, 
    0, 0), .Dim = c(7L, 3L), .Dimnames = list(c("-4", "-3", "-2", 
    "-1", "0", "1", "2"), c("A", "C", "T"))))))
