Results <-
list(`bwaOutput/20210421msiMNRsJenny/252782_S3.sam` = list(LR17_SNP1 = list(
    All = list(Freqs = structure(c(2L, 5L, 237L, 6534L, 7616L, 
    95L, 1L, 195L, 0L, 0L, 0L, 2L, 3L, 0L, 0L, 0L, 0L, 0L, 1L, 
    241L, 619L, 3L, 0L, 0L), .Dim = c(8L, 3L), .Dimnames = structure(list(
        c("-4", "-3", "-2", "-1", "0", "1", "2", NA), c("A", 
        "G", NA)), .Names = c("", "")), class = "table"), N = 15554L), 
    Tag.Distribution = structure(c(`1` = 313L, `2` = 71L, `3` = 45L, 
    `4` = 45L, `5` = 49L, `6` = 44L, `7` = 50L, `8` = 39L, `9` = 36L, 
    `10` = 48L, `11` = 22L, `12` = 31L, `13` = 31L, `14` = 37L, 
    `15` = 31L, `16` = 29L, `17` = 12L, `18` = 27L, `19` = 28L, 
    `20` = 24L, `21` = 19L, `22` = 13L, `23` = 14L, `24` = 22L, 
    `25` = 13L, `26` = 15L, `27` = 13L, `28` = 19L, `29` = 17L, 
    `30` = 11L, `31` = 10L, `32` = 7L, `33` = 10L, `34` = 8L, 
    `35` = 12L, `36` = 4L, `37` = 5L, `38` = 4L, `39` = 5L, `40` = 1L, 
    `41` = 4L, `42` = 3L, `43` = 4L, `44` = 1L, `45` = 5L, `46` = 2L, 
    `47` = 2L, `48` = 1L, `49` = 1L, `50` = 1L, `51` = 3L, `52` = 1L, 
    `53` = 2L, `55` = 1L, `57` = 1L, `61` = 1L, `62` = 2L, `68` = 1L, 
    `73` = 1L), .Dim = 59L, .Dimnames = structure(list(c("1", 
    "2", "3", "4", "5", "6", "7", "8", "9", "10", "11", "12", 
    "13", "14", "15", "16", "17", "18", "19", "20", "21", "22", 
    "23", "24", "25", "26", "27", "28", "29", "30", "31", "32", 
    "33", "34", "35", "36", "37", "38", "39", "40", "41", "42", 
    "43", "44", "45", "46", "47", "48", "49", "50", "51", "52", 
    "53", "55", "57", "61", "62", "68", "73")), .Names = ""), class = "table"), 
    No.Tag = structure(c(0L, 0L, 6L, 169L, 369L, 1L, 0L, 18L, 
    0L, 0L, 0L, 0L, 0L, 0L, 0L, 0L, 0L, 0L, 0L, 5L, 33L, 1L, 
    0L, 0L), .Dim = c(8L, 3L), .Dimnames = structure(list(c("-4", 
    "-3", "-2", "-1", "0", "1", "2", NA), c("A", "G", NA)), .Names = c("", 
    "")), class = "table"), All.Tags = list(Concordant = list(
        Freqs = structure(c(0, 0, 3, 379, 431, 0, 0, 0, 0, 0, 
        0, 0, 0, 0), .Dim = c(7L, 2L), .Dimnames = list(c("-4", 
        "-3", "-2", "-1", "0", "1", "2"), c("A", "G"))), N = 813), 
        Majority = list(Freqs = structure(c(0, 0, 8, 542, 659, 
        0, 0, 0, 0, 0, 0, 0, 0, 0), .Dim = c(7L, 2L), .Dimnames = list(
            c("-4", "-3", "-2", "-1", "0", "1", "2"), c("A", 
            "G"))), N = 1209)), `2` = structure(c(0, 0, 8, 449, 
    487, 0, 0, 0, 0, 0, 0, 0, 0, 0), .Dim = c(7L, 2L), .Dimnames = list(
        c("-4", "-3", "-2", "-1", "0", "1", "2"), c("A", "G"))))))
