Results <-
list(`bwaOutput/20210421msiMNRsJenny/252782_S3.sam` = list(LR36_SNP1 = list(
    All = list(Freqs = structure(c(0L, 0L, 0L, 2L, 23L, 0L, 0L, 
    2L, 0L, 0L, 0L, 0L, 2L, 0L, 0L, 0L, 0L, 0L, 0L, 0L, 2L, 0L, 
    0L, 1L, 0L, 4L, 31L, 1057L, 7091L, 75L, 1L, 113L, 1L, 0L, 
    2L, 46L, 620L, 4L, 0L, 0L), .Dim = c(8L, 5L), .Dimnames = structure(list(
        c("-4", "-3", "-2", "-1", "0", "1", "2", NA), c("A", 
        "C", "G", "T", NA)), .Names = c("", "")), class = "table"), 
        N = 9077L), Tag.Distribution = structure(c(`1` = 174L, 
    `2` = 50L, `3` = 50L, `4` = 41L, `5` = 42L, `6` = 33L, `7` = 31L, 
    `8` = 33L, `9` = 31L, `10` = 27L, `11` = 29L, `12` = 24L, 
    `13` = 21L, `14` = 25L, `15` = 17L, `16` = 14L, `17` = 10L, 
    `18` = 17L, `19` = 16L, `20` = 14L, `21` = 11L, `22` = 12L, 
    `23` = 9L, `24` = 8L, `25` = 11L, `26` = 12L, `27` = 10L, 
    `28` = 3L, `29` = 8L, `30` = 4L, `31` = 5L, `32` = 4L, `33` = 6L, 
    `35` = 4L, `36` = 6L, `37` = 1L, `38` = 3L, `39` = 2L, `41` = 1L, 
    `42` = 3L, `44` = 1L, `45` = 1L, `46` = 1L, `49` = 1L, `50` = 1L, 
    `54` = 1L, `55` = 4L, `58` = 1L), .Dim = 48L, .Dimnames = structure(list(
        c("1", "2", "3", "4", "5", "6", "7", "8", "9", "10", 
        "11", "12", "13", "14", "15", "16", "17", "18", "19", 
        "20", "21", "22", "23", "24", "25", "26", "27", "28", 
        "29", "30", "31", "32", "33", "35", "36", "37", "38", 
        "39", "41", "42", "44", "45", "46", "49", "50", "54", 
        "55", "58")), .Names = ""), class = "table"), No.Tag = structure(c(0L, 
    0L, 0L, 0L, 0L, 0L, 0L, 2L, 0L, 0L, 0L, 0L, 0L, 0L, 0L, 0L, 
    0L, 0L, 0L, 0L, 0L, 0L, 0L, 0L, 0L, 0L, 0L, 31L, 214L, 3L, 
    0L, 11L, 1L, 0L, 0L, 1L, 31L, 2L, 0L, 0L), .Dim = c(8L, 5L
    ), .Dimnames = structure(list(c("-4", "-3", "-2", "-1", "0", 
    "1", "2", NA), c("A", "C", "G", "T", NA)), .Names = c("", 
    "")), class = "table"), All.Tags = list(Concordant = list(
        Freqs = structure(c(0, 0, 0, 1, 8, 0, 0, 0, 0, 0, 0, 
        0, 0, 0, 0, 0, 0, 0, 1, 0, 0, 0, 1, 3, 64, 502, 0, 0), .Dim = c(7L, 
        4L), .Dimnames = list(c("-4", "-3", "-2", "-1", "0", 
        "1", "2"), c("A", "C", "G", "T"))), N = 580), Majority = list(
        Freqs = structure(c(0, 0, 0, 1, 8, 0, 0, 0, 0, 0, 0, 
        0, 0, 0, 0, 0, 0, 0, 1, 0, 0, 0, 1, 3, 90, 684, 1, 0), .Dim = c(7L, 
        4L), .Dimnames = list(c("-4", "-3", "-2", "-1", "0", 
        "1", "2"), c("A", "C", "G", "T"))), N = 789)), `2` = structure(c(0, 
    0, 0, 0, 0, 0, 0, 0, 0, 0, 0, 0, 0, 0, 0, 0, 0, 0, 0, 0, 
    0, 0, 0, 1, 76, 572, 1, 0), .Dim = c(7L, 4L), .Dimnames = list(
        c("-4", "-3", "-2", "-1", "0", "1", "2"), c("A", "C", 
        "G", "T"))))))
