Results <-
list(`bwaOutput/20210421msiMNRsJenny/252782_S3.sam` = list(GM26_SNP1 = list(
    All = list(Freqs = structure(c(16L, 477L, 4195L, 11L, 13L, 
    0L, 1L, 2L, 0L, 0L, 0L, 1L, 33L, 0L, 0L), .Dim = c(5L, 3L
    ), .Dimnames = structure(list(c("-2", "-1", "0", "1", NA), 
        c("A", "G", NA)), .Names = c("", "")), class = "table"), 
        N = 4749L), Tag.Distribution = structure(c(`1` = 99L, 
    `2` = 33L, `3` = 23L, `4` = 25L, `5` = 19L, `6` = 22L, `7` = 20L, 
    `8` = 15L, `9` = 10L, `10` = 19L, `11` = 13L, `12` = 18L, 
    `13` = 10L, `14` = 15L, `15` = 9L, `16` = 6L, `17` = 10L, 
    `18` = 11L, `19` = 6L, `20` = 5L, `21` = 7L, `22` = 7L, `23` = 6L, 
    `24` = 6L, `25` = 11L, `26` = 1L, `27` = 2L, `28` = 3L, `29` = 2L, 
    `30` = 5L, `31` = 2L, `32` = 1L, `33` = 2L, `34` = 3L, `35` = 1L, 
    `36` = 2L, `37` = 3L, `38` = 1L, `40` = 1L, `41` = 2L, `43` = 1L, 
    `45` = 2L), .Dim = 42L, .Dimnames = structure(list(c("1", 
    "2", "3", "4", "5", "6", "7", "8", "9", "10", "11", "12", 
    "13", "14", "15", "16", "17", "18", "19", "20", "21", "22", 
    "23", "24", "25", "26", "27", "28", "29", "30", "31", "32", 
    "33", "34", "35", "36", "37", "38", "40", "41", "43", "45"
    )), .Names = ""), class = "table"), No.Tag = structure(c(0L, 
    12L, 117L, 0L, 1L, 0L, 0L, 0L, 0L, 0L, 0L, 0L, 3L, 0L, 0L
    ), .Dim = c(5L, 3L), .Dimnames = structure(list(c("-2", "-1", 
    "0", "1", NA), c("A", "G", NA)), .Names = c("", "")), class = "table"), 
    All.Tags = list(Concordant = list(Freqs = structure(c(2, 
    45, 355, 0, 0, 1, 1, 0), .Dim = c(4L, 2L), .Dimnames = list(
        c("-2", "-1", "0", "1"), c("A", "G"))), N = 404), Majority = list(
        Freqs = structure(c(2, 49, 401, 0, 0, 1, 1, 0), .Dim = c(4L, 
        2L), .Dimnames = list(c("-2", "-1", "0", "1"), c("A", 
        "G"))), N = 454)), `2` = structure(c(2, 39, 319, 0, 0, 
    0, 0, 0), .Dim = c(4L, 2L), .Dimnames = list(c("-2", "-1", 
    "0", "1"), c("A", "G"))))))
