Results <-
list(`bwaOutput/20210421msiMNRsJenny/252782_S3.sam` = list(IM16_SNP1 = list(
    All = list(Freqs = structure(c(0L, 1L, 10L, 0L, 0L, 0L, 0L, 
    0L, 0L, 1L, 0L, 0L, 0L, 0L, 16L, 2591L, 5773L, 142L, 7L, 
    1L, 39L, 0L, 0L, 2L, 0L, 0L, 0L, 0L, 0L, 12L, 103L, 7L, 2L, 
    0L, 0L), .Dim = c(7L, 5L), .Dimnames = structure(list(c("-2", 
    "-1", "0", "1", "2", "3", NA), c("A", "C", "G", "T", NA)), .Names = c("", 
    "")), class = "table"), N = 8707L), Tag.Distribution = structure(c(`1` = 163L, 
    `2` = 45L, `3` = 37L, `4` = 48L, `5` = 37L, `6` = 24L, `7` = 36L, 
    `8` = 33L, `9` = 27L, `10` = 25L, `11` = 35L, `12` = 25L, 
    `13` = 29L, `14` = 16L, `15` = 15L, `16` = 24L, `17` = 19L, 
    `18` = 7L, `19` = 17L, `20` = 10L, `21` = 11L, `22` = 9L, 
    `23` = 9L, `24` = 6L, `25` = 3L, `26` = 7L, `27` = 8L, `28` = 9L, 
    `29` = 8L, `30` = 5L, `31` = 8L, `32` = 5L, `33` = 4L, `34` = 6L, 
    `35` = 6L, `36` = 2L, `37` = 5L, `38` = 3L, `40` = 1L, `42` = 3L, 
    `44` = 2L, `45` = 2L, `50` = 1L, `55` = 1L, `68` = 1L), .Dim = 45L, .Dimnames = structure(list(
        c("1", "2", "3", "4", "5", "6", "7", "8", "9", "10", 
        "11", "12", "13", "14", "15", "16", "17", "18", "19", 
        "20", "21", "22", "23", "24", "25", "26", "27", "28", 
        "29", "30", "31", "32", "33", "34", "35", "36", "37", 
        "38", "40", "42", "44", "45", "50", "55", "68")), .Names = ""), class = "table"), 
    No.Tag = structure(c(0L, 0L, 0L, 0L, 0L, 0L, 0L, 0L, 0L, 
    0L, 0L, 0L, 0L, 0L, 0L, 25L, 167L, 5L, 0L, 0L, 7L, 0L, 0L, 
    0L, 0L, 0L, 0L, 0L, 0L, 2L, 9L, 2L, 0L, 0L, 0L), .Dim = c(7L, 
    5L), .Dimnames = structure(list(c("-2", "-1", "0", "1", "2", 
    "3", NA), c("A", "C", "G", "T", NA)), .Names = c("", "")), class = "table"), 
    All.Tags = list(Concordant = list(Freqs = structure(c(0, 
    1, 6, 0, 0, 0, 0, 0, 0, 0, 0, 0, 1, 205, 424, 4, 0, 0, 0, 
    0, 0, 0, 0, 0), .Dim = c(6L, 4L), .Dimnames = list(c("-2", 
    "-1", "0", "1", "2", "3"), c("A", "C", "G", "T"))), N = 641), 
        Majority = list(Freqs = structure(c(0, 1, 6, 0, 0, 0, 
        0, 0, 0, 0, 0, 0, 1, 240, 522, 7, 0, 0, 0, 0, 0, 0, 0, 
        0), .Dim = c(6L, 4L), .Dimnames = list(c("-2", "-1", 
        "0", "1", "2", "3"), c("A", "C", "G", "T"))), N = 777)), 
    `2` = structure(c(0, 0, 0, 0, 0, 0, 0, 0, 0, 0, 0, 0, 1, 
    196, 422, 4, 0, 0, 0, 0, 0, 0, 0, 0), .Dim = c(6L, 4L), .Dimnames = list(
        c("-2", "-1", "0", "1", "2", "3"), c("A", "C", "G", "T"
        ))))))
