Results <-
list(`bwaOutput/20210421msiMNRsJenny/252782_S3.sam` = list(GM29_SNP1 = list(
    All = list(Freqs = structure(c(1L, 3L, 604L, 5803L, 22L, 
    12L, 0L, 0L, 0L, 6L, 0L, 0L, 0L, 0L, 1L, 61L, 0L, 0L), .Dim = c(6L, 
    3L), .Dimnames = structure(list(c("-3", "-2", "-1", "0", 
    "1", NA), c("A", "G", NA)), .Names = c("", "")), class = "table"), 
        N = 6513L), Tag.Distribution = structure(c(`1` = 124L, 
    `2` = 36L, `3` = 34L, `4` = 39L, `5` = 35L, `6` = 17L, `7` = 22L, 
    `8` = 28L, `9` = 35L, `10` = 24L, `11` = 23L, `12` = 20L, 
    `13` = 19L, `14` = 15L, `15` = 11L, `16` = 9L, `17` = 7L, 
    `18` = 9L, `19` = 11L, `20` = 6L, `21` = 14L, `22` = 7L, 
    `23` = 5L, `24` = 6L, `25` = 2L, `26` = 6L, `27` = 6L, `28` = 5L, 
    `29` = 4L, `30` = 6L, `31` = 7L, `33` = 2L, `35` = 3L, `36` = 1L, 
    `39` = 2L, `40` = 2L, `41` = 2L, `42` = 4L, `44` = 3L, `45` = 1L, 
    `46` = 1L, `54` = 1L, `55` = 2L, `72` = 1L), .Dim = 44L, .Dimnames = structure(list(
        c("1", "2", "3", "4", "5", "6", "7", "8", "9", "10", 
        "11", "12", "13", "14", "15", "16", "17", "18", "19", 
        "20", "21", "22", "23", "24", "25", "26", "27", "28", 
        "29", "30", "31", "33", "35", "36", "39", "40", "41", 
        "42", "44", "45", "46", "54", "55", "72")), .Names = ""), class = "table"), 
    No.Tag = structure(c(0L, 1L, 11L, 156L, 1L, 3L, 0L, 0L, 0L, 
    0L, 0L, 0L, 0L, 0L, 0L, 6L, 0L, 0L), .Dim = c(6L, 3L), .Dimnames = structure(list(
        c("-3", "-2", "-1", "0", "1", NA), c("A", "G", NA)), .Names = c("", 
    "")), class = "table"), All.Tags = list(Concordant = list(
        Freqs = structure(c(0, 0, 42, 476, 0, 0, 0, 0, 3, 0), .Dim = c(5L, 
        2L), .Dimnames = list(c("-3", "-2", "-1", "0", "1"), 
            c("A", "G"))), N = 521), Majority = list(Freqs = structure(c(0, 
    0, 49, 563, 0, 0, 0, 0, 3, 0), .Dim = c(5L, 2L), .Dimnames = list(
        c("-3", "-2", "-1", "0", "1"), c("A", "G"))), N = 615)), 
    `2` = structure(c(0, 0, 38, 454, 0, 0, 0, 0, 0, 0), .Dim = c(5L, 
    2L), .Dimnames = list(c("-3", "-2", "-1", "0", "1"), c("A", 
    "G"))))))
