Results <-
list(`bwaOutput/20210421msiMNRsJenny/252782_S3.sam` = list(LR24_SNP1 = list(
    All = list(Freqs = structure(c(1L, 9L, 2969L, 6518L, 15L, 
    49L, 0L, 0L, 0L, 1L, 0L, 0L, 0L, 0L, 1L, 3L, 0L, 0L, 0L, 
    0L, 12L, 31L, 1L, 0L), .Dim = c(6L, 4L), .Dimnames = structure(list(
        c("-3", "-2", "-1", "0", "1", NA), c("A", "C", "G", NA
        )), .Names = c("", "")), class = "table"), N = 9610L), 
    Tag.Distribution = structure(c(`1` = 270L, `2` = 108L, `3` = 101L, 
    `4` = 91L, `5` = 79L, `6` = 70L, `7` = 75L, `8` = 45L, `9` = 44L, 
    `10` = 53L, `11` = 48L, `12` = 46L, `13` = 22L, `14` = 34L, 
    `15` = 22L, `16` = 18L, `17` = 26L, `18` = 11L, `19` = 14L, 
    `20` = 13L, `21` = 10L, `22` = 7L, `23` = 9L, `24` = 4L, 
    `25` = 7L, `26` = 5L, `27` = 1L, `28` = 2L, `29` = 2L, `31` = 3L, 
    `32` = 2L, `33` = 2L, `34` = 1L, `35` = 1L, `36` = 2L, `37` = 1L, 
    `38` = 1L, `41` = 2L, `42` = 3L, `47` = 1L), .Dim = 40L, .Dimnames = structure(list(
        c("1", "2", "3", "4", "5", "6", "7", "8", "9", "10", 
        "11", "12", "13", "14", "15", "16", "17", "18", "19", 
        "20", "21", "22", "23", "24", "25", "26", "27", "28", 
        "29", "31", "32", "33", "34", "35", "36", "37", "38", 
        "41", "42", "47")), .Names = ""), class = "table"), No.Tag = structure(c(0L, 
    0L, 91L, 298L, 0L, 4L, 0L, 0L, 0L, 1L, 0L, 0L, 0L, 0L, 0L, 
    0L, 0L, 0L, 0L, 0L, 0L, 4L, 0L, 0L), .Dim = c(6L, 4L), .Dimnames = structure(list(
        c("-3", "-2", "-1", "0", "1", NA), c("A", "C", "G", NA
        )), .Names = c("", "")), class = "table"), All.Tags = list(
        Concordant = list(Freqs = structure(c(0, 0, 320, 766, 
        0, 0, 0, 0, 0, 0, 0, 0, 0, 1, 0), .Dim = c(5L, 3L), .Dimnames = list(
            c("-3", "-2", "-1", "0", "1"), c("A", "C", "G"))), 
            N = 1087), Majority = list(Freqs = structure(c(0, 
        1, 388, 849, 0, 0, 0, 0, 0, 0, 0, 0, 0, 1, 0), .Dim = c(5L, 
        3L), .Dimnames = list(c("-3", "-2", "-1", "0", "1"), 
            c("A", "C", "G"))), N = 1239)), `2` = structure(c(0, 
    1, 321, 656, 0, 0, 0, 0, 0, 0, 0, 0, 0, 0, 0), .Dim = c(5L, 
    3L), .Dimnames = list(c("-3", "-2", "-1", "0", "1"), c("A", 
    "C", "G"))))))
