Results <-
list(`bwaOutput/20210421msiMNRsJenny/252782_S3.sam` = list(GM01_SNP1 = list(
    All = list(Freqs = structure(c(0L, 1L, 1L, 0L, 0L, 1L, 207L, 
    11164L, 44L, 16L, 0L, 0L, 16L, 0L, 0L, 0L, 0L, 1L, 0L, 0L, 
    0L, 4L, 124L, 2L, 0L), .Dim = c(5L, 5L), .Dimnames = structure(list(
        c("-2", "-1", "0", "1", NA), c("-", "A", "G", "T", NA
        )), .Names = c("", "")), class = "table"), N = 11581L), 
    Tag.Distribution = structure(c(`1` = 211L, `2` = 61L, `3` = 54L, 
    `4` = 52L, `5` = 42L, `6` = 42L, `7` = 31L, `8` = 45L, `9` = 40L, 
    `10` = 22L, `11` = 37L, `12` = 19L, `13` = 32L, `14` = 29L, 
    `15` = 24L, `16` = 17L, `17` = 25L, `18` = 16L, `19` = 17L, 
    `20` = 15L, `21` = 17L, `22` = 10L, `23` = 6L, `24` = 18L, 
    `25` = 16L, `26` = 9L, `27` = 9L, `28` = 12L, `29` = 14L, 
    `30` = 7L, `31` = 7L, `32` = 4L, `33` = 11L, `34` = 9L, `35` = 2L, 
    `36` = 4L, `37` = 4L, `38` = 2L, `39` = 4L, `40` = 5L, `42` = 1L, 
    `43` = 1L, `44` = 1L, `45` = 1L, `47` = 1L, `48` = 1L, `50` = 1L, 
    `51` = 1L, `52` = 2L, `53` = 1L, `55` = 1L, `57` = 1L, `58` = 2L, 
    `63` = 1L), .Dim = 54L, .Dimnames = structure(list(c("1", 
    "2", "3", "4", "5", "6", "7", "8", "9", "10", "11", "12", 
    "13", "14", "15", "16", "17", "18", "19", "20", "21", "22", 
    "23", "24", "25", "26", "27", "28", "29", "30", "31", "32", 
    "33", "34", "35", "36", "37", "38", "39", "40", "42", "43", 
    "44", "45", "47", "48", "50", "51", "52", "53", "55", "57", 
    "58", "63")), .Names = ""), class = "table"), No.Tag = structure(c(0L, 
    0L, 0L, 0L, 0L, 0L, 1L, 224L, 1L, 1L, 0L, 0L, 2L, 0L, 0L, 
    0L, 0L, 0L, 0L, 0L, 0L, 0L, 3L, 0L, 0L), .Dim = c(5L, 5L), .Dimnames = structure(list(
        c("-2", "-1", "0", "1", NA), c("-", "A", "G", "T", NA
        )), .Names = c("", "")), class = "table"), All.Tags = list(
        Concordant = list(Freqs = structure(c(0, 0, 0, 0, 0, 
        3, 833, 1, 0, 0, 10, 0, 0, 0, 0, 0), .Dim = c(4L, 4L), .Dimnames = list(
            c("-2", "-1", "0", "1"), c("-", "A", "G", "T"))), 
            N = 847), Majority = list(Freqs = structure(c(0, 
        0, 0, 0, 0, 3, 984, 1, 0, 0, 10, 0, 0, 0, 0, 0), .Dim = c(4L, 
        4L), .Dimnames = list(c("-2", "-1", "0", "1"), c("-", 
        "A", "G", "T"))), N = 998)), `2` = structure(c(0, 0, 
    0, 0, 0, 2, 801, 0, 0, 0, 0, 0, 0, 0, 0, 0), .Dim = c(4L, 
    4L), .Dimnames = list(c("-2", "-1", "0", "1"), c("-", "A", 
    "G", "T"))))))
