Results <-
list(`bwaOutput/20210421msiMNRsJenny/252782_S3.sam` = list(LR46_SNP1 = list(
    All = list(Freqs = structure(c(0L, 1L, 1L, 0L, 0L, 10L, 2272L, 
    3758L, 47L, 103L, 0L, 1L, 1L, 0L, 0L, 0L, 16L, 34L, 1L, 0L
    ), .Dim = 5:4, .Dimnames = structure(list(c("-2", "-1", "0", 
    "1", NA), c("A", "G", "T", NA)), .Names = c("", "")), class = "table"), 
        N = 6245L), Tag.Distribution = structure(c(`1` = 149L, 
    `2` = 35L, `3` = 29L, `4` = 26L, `5` = 23L, `6` = 20L, `7` = 21L, 
    `8` = 22L, `9` = 18L, `10` = 12L, `11` = 14L, `12` = 15L, 
    `13` = 21L, `14` = 13L, `15` = 17L, `16` = 9L, `17` = 14L, 
    `18` = 8L, `19` = 7L, `20` = 7L, `21` = 3L, `22` = 8L, `23` = 3L, 
    `24` = 7L, `25` = 4L, `26` = 5L, `27` = 5L, `28` = 8L, `29` = 5L, 
    `30` = 7L, `31` = 2L, `32` = 4L, `33` = 3L, `34` = 2L, `35` = 3L, 
    `36` = 6L, `37` = 1L, `38` = 2L, `39` = 4L, `40` = 2L, `41` = 1L, 
    `42` = 1L, `43` = 3L, `45` = 1L, `46` = 2L, `47` = 2L, `48` = 1L, 
    `64` = 1L), .Dim = 48L, .Dimnames = structure(list(c("1", 
    "2", "3", "4", "5", "6", "7", "8", "9", "10", "11", "12", 
    "13", "14", "15", "16", "17", "18", "19", "20", "21", "22", 
    "23", "24", "25", "26", "27", "28", "29", "30", "31", "32", 
    "33", "34", "35", "36", "37", "38", "39", "40", "41", "42", 
    "43", "45", "46", "47", "48", "64")), .Names = ""), class = "table"), 
    No.Tag = structure(c(0L, 0L, 0L, 0L, 0L, 0L, 60L, 78L, 2L, 
    7L, 0L, 0L, 0L, 0L, 0L, 0L, 0L, 3L, 0L, 0L), .Dim = 5:4, .Dimnames = structure(list(
        c("-2", "-1", "0", "1", NA), c("A", "G", "T", NA)), .Names = c("", 
    "")), class = "table"), All.Tags = list(Concordant = list(
        Freqs = structure(c(0, 0, 0, 0, 0, 199, 302, 2, 0, 1, 
        1, 0), .Dim = 4:3, .Dimnames = list(c("-2", "-1", "0", 
        "1"), c("A", "G", "T"))), N = 505), Majority = list(Freqs = structure(c(0, 
    0, 0, 0, 1, 212, 337, 3, 0, 1, 1, 0), .Dim = 4:3, .Dimnames = list(
        c("-2", "-1", "0", "1"), c("A", "G", "T"))), N = 555)), 
    `2` = structure(c(0, 0, 0, 0, 1, 165, 255, 3, 0, 0, 0, 0), .Dim = 4:3, .Dimnames = list(
        c("-2", "-1", "0", "1"), c("A", "G", "T"))))))
