Results <-
list(`bwaOutput/20210421msiMNRsJenny/252782_S3.sam` = list(LR44_SNP1 = list(
    All = list(Freqs = structure(c(0L, 7L, 311L, 546L, 993L, 
    28L, 2L, 10L, 0L, 0L, 0L, 0L, 11L, 0L, 0L, 0L, 1L, 2L, 309L, 
    920L, 990L, 20L, 0L, 9L, 0L, 0L, 4L, 16L, 58L, 1L, 0L, 0L
    ), .Dim = c(8L, 4L), .Dimnames = structure(list(c("-5", "-3", 
    "-2", "-1", "0", "1", "2", NA), c("C", "G", "T", NA)), .Names = c("", 
    "")), class = "table"), N = 4238L), Tag.Distribution = structure(c(`1` = 71L, 
    `2` = 36L, `3` = 27L, `4` = 21L, `5` = 15L, `6` = 12L, `7` = 19L, 
    `8` = 19L, `9` = 14L, `10` = 14L, `11` = 27L, `12` = 18L, 
    `13` = 12L, `14` = 7L, `15` = 6L, `16` = 9L, `17` = 8L, `18` = 7L, 
    `19` = 3L, `20` = 9L, `21` = 4L, `22` = 3L, `23` = 3L, `24` = 3L, 
    `25` = 7L, `26` = 6L, `27` = 4L, `28` = 3L, `29` = 4L, `30` = 5L, 
    `31` = 2L, `32` = 4L, `34` = 1L, `35` = 1L, `37` = 1L, `38` = 2L, 
    `43` = 1L, `54` = 1L), .Dim = 38L, .Dimnames = structure(list(
        c("1", "2", "3", "4", "5", "6", "7", "8", "9", "10", 
        "11", "12", "13", "14", "15", "16", "17", "18", "19", 
        "20", "21", "22", "23", "24", "25", "26", "27", "28", 
        "29", "30", "31", "32", "34", "35", "37", "38", "43", 
        "54")), .Names = ""), class = "table"), No.Tag = structure(c(0L, 
    0L, 1L, 14L, 80L, 2L, 0L, 0L, 0L, 0L, 0L, 0L, 0L, 0L, 0L, 
    0L, 0L, 0L, 14L, 37L, 28L, 0L, 0L, 0L, 0L, 0L, 0L, 2L, 5L, 
    0L, 0L, 0L), .Dim = c(8L, 4L), .Dimnames = structure(list(
        c("-5", "-3", "-2", "-1", "0", "1", "2", NA), c("C", 
        "G", "T", NA)), .Names = c("", "")), class = "table"), 
    All.Tags = list(Concordant = list(Freqs = structure(c(0, 
    0, 20, 43, 57, 0, 0, 0, 0, 0, 0, 1, 0, 0, 0, 0, 21, 65, 46, 
    0, 0), .Dim = c(7L, 3L), .Dimnames = list(c("-5", "-3", "-2", 
    "-1", "0", "1", "2"), c("C", "G", "T"))), N = 253), Majority = list(
        Freqs = structure(c(0, 0, 25, 59, 98, 1, 0, 0, 0, 0, 
        0, 1, 0, 0, 0, 0, 24, 90, 96, 0, 0), .Dim = c(7L, 3L), .Dimnames = list(
            c("-5", "-3", "-2", "-1", "0", "1", "2"), c("C", 
            "G", "T"))), N = 394)), `2` = structure(c(0, 0, 23, 
    46, 84, 1, 0, 0, 0, 0, 0, 1, 0, 0, 0, 0, 19, 76, 80, 0, 0
    ), .Dim = c(7L, 3L), .Dimnames = list(c("-5", "-3", "-2", 
    "-1", "0", "1", "2"), c("C", "G", "T"))))))
