Results <-
list(`bwaOutput/20210421msiMNRsJenny/252782_S3.sam` = list(LR10_SNP1 = list(
    All = list(Freqs = structure(c(0L, 1L, 9L, 0L, 0L, 2L, 699L, 
    7058L, 45L, 15L, 0L, 3L, 101L, 2L, 0L), .Dim = c(5L, 3L), .Dimnames = structure(list(
        c("-2", "-1", "0", "1", NA), c("C", "T", NA)), .Names = c("", 
    "")), class = "table"), N = 7935L), Tag.Distribution = structure(c(`1` = 158L, 
    `2` = 58L, `3` = 37L, `4` = 36L, `5` = 47L, `6` = 25L, `7` = 26L, 
    `8` = 34L, `9` = 28L, `10` = 25L, `11` = 18L, `12` = 24L, 
    `13` = 20L, `14` = 20L, `15` = 24L, `16` = 12L, `17` = 16L, 
    `18` = 9L, `19` = 18L, `20` = 15L, `21` = 7L, `22` = 9L, 
    `23` = 8L, `24` = 11L, `25` = 3L, `26` = 6L, `27` = 5L, `28` = 9L, 
    `30` = 2L, `31` = 3L, `32` = 8L, `33` = 3L, `34` = 4L, `35` = 4L, 
    `36` = 4L, `37` = 3L, `38` = 4L, `40` = 1L, `41` = 2L, `43` = 2L, 
    `46` = 1L, `52` = 1L, `57` = 1L, `62` = 1L, `64` = 1L), .Dim = 45L, .Dimnames = structure(list(
        c("1", "2", "3", "4", "5", "6", "7", "8", "9", "10", 
        "11", "12", "13", "14", "15", "16", "17", "18", "19", 
        "20", "21", "22", "23", "24", "25", "26", "27", "28", 
        "30", "31", "32", "33", "34", "35", "36", "37", "38", 
        "40", "41", "43", "46", "52", "57", "62", "64")), .Names = ""), class = "table"), 
    No.Tag = structure(c(0L, 0L, 0L, 0L, 0L, 0L, 20L, 285L, 0L, 
    1L, 0L, 0L, 14L, 0L, 0L), .Dim = c(5L, 3L), .Dimnames = structure(list(
        c("-2", "-1", "0", "1", NA), c("C", "T", NA)), .Names = c("", 
    "")), class = "table"), All.Tags = list(Concordant = list(
        Freqs = structure(c(0, 1, 5, 0, 1, 50, 572, 0), .Dim = c(4L, 
        2L), .Dimnames = list(c("-2", "-1", "0", "1"), c("C", 
        "T"))), N = 629), Majority = list(Freqs = structure(c(0, 
    1, 5, 0, 1, 57, 677, 1), .Dim = c(4L, 2L), .Dimnames = list(
        c("-2", "-1", "0", "1"), c("C", "T"))), N = 742)), `2` = structure(c(0, 
    0, 0, 0, 0, 48, 544, 1), .Dim = c(4L, 2L), .Dimnames = list(
        c("-2", "-1", "0", "1"), c("C", "T"))))))
