Results <-
list(`bwaOutput/20210421msiMNRsJenny/252782_S3.sam` = list(LR49_SNP1 = list(
    All = list(Freqs = structure(c(0L, 343L, 4381L, 13L, 22L, 
    2181L, 2318L, 45L, 0L, 1L, 2L, 0L, 0L, 15L, 90L, 0L), .Dim = c(4L, 
    4L), .Dimnames = structure(list(c("-2", "-1", "0", NA), c("A", 
    "G", "T", NA)), .Names = c("", "")), class = "table"), N = 9411L), 
    Tag.Distribution = structure(c(`1` = 246L, `2` = 73L, `3` = 55L, 
    `4` = 66L, `5` = 60L, `6` = 47L, `7` = 53L, `8` = 37L, `9` = 42L, 
    `10` = 43L, `11` = 30L, `12` = 23L, `13` = 18L, `14` = 21L, 
    `15` = 16L, `16` = 15L, `17` = 16L, `18` = 14L, `19` = 11L, 
    `20` = 9L, `21` = 10L, `22` = 9L, `23` = 9L, `24` = 8L, `25` = 12L, 
    `26` = 6L, `27` = 5L, `28` = 4L, `29` = 7L, `30` = 3L, `31` = 2L, 
    `32` = 2L, `33` = 10L, `34` = 6L, `35` = 4L, `36` = 1L, `37` = 4L, 
    `38` = 2L, `39` = 3L, `40` = 2L, `41` = 1L, `42` = 2L, `43` = 1L, 
    `44` = 1L, `45` = 1L, `46` = 1L, `47` = 1L, `51` = 1L, `56` = 1L, 
    `59` = 1L), .Dim = 50L, .Dimnames = structure(list(c("1", 
    "2", "3", "4", "5", "6", "7", "8", "9", "10", "11", "12", 
    "13", "14", "15", "16", "17", "18", "19", "20", "21", "22", 
    "23", "24", "25", "26", "27", "28", "29", "30", "31", "32", 
    "33", "34", "35", "36", "37", "38", "39", "40", "41", "42", 
    "43", "44", "45", "46", "47", "51", "56", "59")), .Names = ""), class = "table"), 
    No.Tag = structure(c(0L, 4L, 183L, 4L, 1L, 147L, 71L, 5L, 
    0L, 0L, 1L, 0L, 0L, 2L, 12L, 0L), .Dim = c(4L, 4L), .Dimnames = structure(list(
        c("-2", "-1", "0", NA), c("A", "G", "T", NA)), .Names = c("", 
    "")), class = "table"), All.Tags = list(Concordant = list(
        Freqs = structure(c(0, 30, 399, 2, 182, 218, 0, 0, 0), .Dim = c(3L, 
        3L), .Dimnames = list(c("-2", "-1", "0"), c("A", "G", 
        "T"))), N = 831), Majority = list(Freqs = structure(c(0, 
    38, 461, 3, 214, 259, 0, 0, 0), .Dim = c(3L, 3L), .Dimnames = list(
        c("-2", "-1", "0"), c("A", "G", "T"))), N = 975)), `2` = structure(c(0, 
    29, 348, 2, 172, 200, 0, 0, 0), .Dim = c(3L, 3L), .Dimnames = list(
        c("-2", "-1", "0"), c("A", "G", "T"))))))
