Results <-
list(`bwaOutput/20210421msiMNRsJenny/253977_S5.sam` = list(GM11_SNP1 = list(
    All = list(Freqs = structure(c(77L, 4351L, 16L, 5L, 0L, 2L, 
    0L, 0L, 0L, 30L, 0L, 0L), .Dim = 4:3, .Dimnames = structure(list(
        c("-1", "0", "1", NA), c("A", "G", NA)), .Names = c("", 
    "")), class = "table"), N = 4481L), Tag.Distribution = structure(c(`1` = 112L, 
    `2` = 60L, `3` = 57L, `4` = 54L, `5` = 44L, `6` = 32L, `7` = 33L, 
    `8` = 33L, `9` = 21L, `10` = 27L, `11` = 18L, `12` = 16L, 
    `13` = 15L, `14` = 20L, `15` = 13L, `16` = 9L, `17` = 7L, 
    `18` = 13L, `19` = 5L, `20` = 4L, `21` = 2L, `22` = 3L, `23` = 4L, 
    `24` = 2L, `25` = 2L, `27` = 2L, `28` = 2L, `29` = 2L, `30` = 2L, 
    `31` = 1L, `33` = 1L, `34` = 1L, `43` = 1L), .Dim = 33L, .Dimnames = structure(list(
        c("1", "2", "3", "4", "5", "6", "7", "8", "9", "10", 
        "11", "12", "13", "14", "15", "16", "17", "18", "19", 
        "20", "21", "22", "23", "24", "25", "27", "28", "29", 
        "30", "31", "33", "34", "43")), .Names = ""), class = "table"), 
    No.Tag = structure(c(3L, 92L, 0L, 1L, 0L, 0L, 0L, 0L, 0L, 
    1L, 0L, 0L), .Dim = 4:3, .Dimnames = structure(list(c("-1", 
    "0", "1", NA), c("A", "G", NA)), .Names = c("", "")), class = "table"), 
    All.Tags = list(Concordant = list(Freqs = structure(c(10, 
    569, 1, 0, 1, 0), .Dim = 3:2, .Dimnames = list(c("-1", "0", 
    "1"), c("A", "G"))), N = 581), Majority = list(Freqs = structure(c(11, 
    603, 1, 0, 1, 0), .Dim = 3:2, .Dimnames = list(c("-1", "0", 
    "1"), c("A", "G"))), N = 616)), `2` = structure(c(7, 498, 
    0, 0, 0, 0), .Dim = 3:2, .Dimnames = list(c("-1", "0", "1"
    ), c("A", "G"))))))
