Results <-
list(`bwaOutput/20210421msiMNRsJenny/253977_S5.sam` = list(IM49_SNP1 = list(
    All = list(Freqs = structure(c(0L, 74L, 2333L, 40L, 0L, 0L, 
    11L, 5L, 52L, 1952L, 195L, 31L, 3L, 14L, 0L, 0L, 1L, 0L, 
    0L, 0L, 0L, 0L, 4L, 161L, 12L, 1L, 0L, 0L), .Dim = c(7L, 
    4L), .Dimnames = structure(list(c("-2", "-1", "0", "1", "2", 
    "3", NA), c("C", "G", "T", NA)), .Names = c("", "")), class = "table"), 
        N = 4889L), Tag.Distribution = structure(c(`1` = 189L, 
    `2` = 92L, `3` = 79L, `4` = 74L, `5` = 57L, `6` = 38L, `7` = 43L, 
    `8` = 29L, `9` = 34L, `10` = 24L, `11` = 14L, `12` = 16L, 
    `13` = 10L, `14` = 16L, `15` = 14L, `16` = 12L, `17` = 13L, 
    `18` = 9L, `19` = 3L, `20` = 3L, `21` = 5L, `22` = 4L, `23` = 4L, 
    `24` = 2L, `25` = 2L, `26` = 4L, `28` = 1L, `29` = 1L, `30` = 1L, 
    `32` = 1L, `48` = 1L), .Dim = 31L, .Dimnames = structure(list(
        c("1", "2", "3", "4", "5", "6", "7", "8", "9", "10", 
        "11", "12", "13", "14", "15", "16", "17", "18", "19", 
        "20", "21", "22", "23", "24", "25", "26", "28", "29", 
        "30", "32", "48")), .Names = ""), class = "table"), No.Tag = structure(c(0L, 
    1L, 56L, 2L, 0L, 0L, 1L, 1L, 2L, 57L, 3L, 0L, 0L, 1L, 0L, 
    0L, 0L, 0L, 0L, 0L, 0L, 0L, 0L, 11L, 0L, 0L, 0L, 0L), .Dim = c(7L, 
    4L), .Dimnames = structure(list(c("-2", "-1", "0", "1", "2", 
    "3", NA), c("C", "G", "T", NA)), .Names = c("", "")), class = "table"), 
    All.Tags = list(Concordant = list(Freqs = structure(c(0, 
    3, 305, 0, 0, 0, 1, 3, 263, 22, 1, 0, 0, 0, 0, 0, 0, 0), .Dim = c(6L, 
    3L), .Dimnames = list(c("-2", "-1", "0", "1", "2", "3"), 
        c("C", "G", "T"))), N = 598), Majority = list(Freqs = structure(c(0, 
    3, 394, 0, 0, 0, 1, 3, 328, 33, 4, 0, 0, 0, 0, 0, 0, 0), .Dim = c(6L, 
    3L), .Dimnames = list(c("-2", "-1", "0", "1", "2", "3"), 
        c("C", "G", "T"))), N = 766)), `2` = structure(c(0, 2, 
    302, 0, 0, 0, 0, 3, 257, 26, 3, 0, 0, 0, 0, 0, 0, 0), .Dim = c(6L, 
    3L), .Dimnames = list(c("-2", "-1", "0", "1", "2", "3"), 
        c("C", "G", "T"))))))
