Results <-
list(`bwaOutput/20210421msiMNRsJenny/253977_S5.sam` = list(LR48_SNP1 = list(
    All = list(Freqs = structure(c(0L, 0L, 1L, 0L, 0L, 6L, 471L, 
    2864L, 49L, 26L, 9L, 446L, 2626L, 38L, 18L, 0L, 12L, 167L, 
    2L, 0L), .Dim = 5:4, .Dimnames = structure(list(c("-2", "-1", 
    "0", "1", NA), c("A", "C", "T", NA)), .Names = c("", "")), class = "table"), 
        N = 6735L), Tag.Distribution = structure(c(`1` = 130L, 
    `2` = 61L, `3` = 40L, `4` = 42L, `5` = 41L, `6` = 39L, `7` = 27L, 
    `8` = 34L, `9` = 26L, `10` = 32L, `11` = 21L, `12` = 26L, 
    `13` = 18L, `14` = 16L, `15` = 20L, `16` = 17L, `17` = 10L, 
    `18` = 11L, `19` = 9L, `20` = 13L, `21` = 14L, `22` = 9L, 
    `23` = 7L, `24` = 7L, `25` = 3L, `26` = 8L, `27` = 8L, `28` = 6L, 
    `29` = 7L, `30` = 3L, `31` = 1L, `32` = 1L, `33` = 3L, `36` = 1L, 
    `38` = 1L, `46` = 1L, `49` = 1L), .Dim = 37L, .Dimnames = structure(list(
        c("1", "2", "3", "4", "5", "6", "7", "8", "9", "10", 
        "11", "12", "13", "14", "15", "16", "17", "18", "19", 
        "20", "21", "22", "23", "24", "25", "26", "27", "28", 
        "29", "30", "31", "32", "33", "36", "38", "46", "49")), .Names = ""), class = "table"), 
    No.Tag = structure(c(0L, 0L, 0L, 0L, 0L, 1L, 16L, 105L, 0L, 
    2L, 0L, 9L, 99L, 2L, 0L, 0L, 0L, 23L, 0L, 0L), .Dim = 5:4, .Dimnames = structure(list(
        c("-2", "-1", "0", "1", NA), c("A", "C", "T", NA)), .Names = c("", 
    "")), class = "table"), All.Tags = list(Concordant = list(
        Freqs = structure(c(0, 0, 1, 0, 0, 33, 216, 1, 1, 31, 
        201, 1), .Dim = 4:3, .Dimnames = list(c("-2", "-1", "0", 
        "1"), c("A", "C", "T"))), N = 485), Majority = list(Freqs = structure(c(0, 
    0, 1, 0, 0, 42, 317, 1, 1, 42, 285, 1), .Dim = 4:3, .Dimnames = list(
        c("-2", "-1", "0", "1"), c("A", "C", "T"))), N = 690)), 
    `2` = structure(c(0, 0, 0, 0, 0, 35, 262, 1, 0, 33, 245, 
    1), .Dim = 4:3, .Dimnames = list(c("-2", "-1", "0", "1"), 
        c("A", "C", "T"))))))
