Results <-
list(`bwaOutput/20210421msiMNRsJenny/253977_S5.sam` = list(LR20_SNP1 = list(
    All = list(Freqs = structure(c(0L, 1L, 0L, 0L, 11L, 3971L, 
    5L, 2L, 0L, 1L, 0L, 0L, 0L, 1L, 0L, 0L, 0L, 13L, 0L, 0L), .Dim = 4:5, .Dimnames = structure(list(
        c("-1", "0", "1", NA), c("-", "A", "G", "T", NA)), .Names = c("", 
    "")), class = "table"), N = 4005L), Tag.Distribution = structure(c(`1` = 152L, 
    `2` = 71L, `3` = 69L, `4` = 67L, `5` = 49L, `6` = 38L, `7` = 41L, 
    `8` = 24L, `9` = 27L, `10` = 23L, `11` = 18L, `12` = 16L, 
    `13` = 10L, `14` = 9L, `15` = 8L, `16` = 6L, `17` = 12L, 
    `18` = 5L, `19` = 3L, `20` = 4L, `21` = 3L, `23` = 1L, `24` = 2L, 
    `25` = 1L, `27` = 1L, `28` = 2L, `30` = 1L, `31` = 3L), .Dim = 28L, .Dimnames = structure(list(
        c("1", "2", "3", "4", "5", "6", "7", "8", "9", "10", 
        "11", "12", "13", "14", "15", "16", "17", "18", "19", 
        "20", "21", "23", "24", "25", "27", "28", "30", "31")), .Names = ""), class = "table"), 
    No.Tag = structure(c(0L, 0L, 0L, 0L, 0L, 149L, 1L, 1L, 0L, 
    0L, 0L, 0L, 0L, 0L, 0L, 0L, 0L, 2L, 0L, 0L), .Dim = 4:5, .Dimnames = structure(list(
        c("-1", "0", "1", NA), c("-", "A", "G", "T", NA)), .Names = c("", 
    "")), class = "table"), All.Tags = list(Concordant = list(
        Freqs = structure(c(0, 0, 0, 1, 650, 0, 0, 1, 0, 0, 0, 
        0), .Dim = 3:4, .Dimnames = list(c("-1", "0", "1"), c("-", 
        "A", "G", "T"))), N = 652), Majority = list(Freqs = structure(c(0, 
    0, 0, 1, 661, 0, 0, 1, 0, 0, 0, 0), .Dim = 3:4, .Dimnames = list(
        c("-1", "0", "1"), c("-", "A", "G", "T"))), N = 663)), 
    `2` = structure(c(0, 0, 0, 1, 512, 0, 0, 0, 0, 0, 0, 0), .Dim = 3:4, .Dimnames = list(
        c("-1", "0", "1"), c("-", "A", "G", "T"))))))
