Results <-
list(`bwaOutput/20210421msiMNRsJenny/253977_S5.sam` = list(LR24_SNP1 = list(
    All = list(Freqs = structure(c(1L, 12L, 3846L, 8L, 3L, 0L, 
    15L, 3602L, 7L, 1L, 0L, 0L, 1L, 0L, 0L, 0L, 0L, 53L, 0L, 
    0L), .Dim = 5:4, .Dimnames = structure(list(c("-2", "-1", 
    "0", "1", NA), c("A", "G", "T", NA)), .Names = c("", "")), class = "table"), 
        N = 7549L), Tag.Distribution = structure(c(`1` = 292L, 
    `2` = 173L, `3` = 166L, `4` = 114L, `5` = 125L, `6` = 93L, 
    `7` = 91L, `8` = 61L, `9` = 55L, `10` = 37L, `11` = 31L, 
    `12` = 27L, `13` = 15L, `14` = 14L, `15` = 22L, `16` = 7L, 
    `17` = 5L, `18` = 11L, `19` = 3L, `20` = 5L, `21` = 5L, `22` = 4L, 
    `24` = 3L, `25` = 1L, `26` = 5L, `29` = 1L, `35` = 1L, `40` = 1L
    ), .Dim = 28L, .Dimnames = structure(list(c("1", "2", "3", 
    "4", "5", "6", "7", "8", "9", "10", "11", "12", "13", "14", 
    "15", "16", "17", "18", "19", "20", "21", "22", "24", "25", 
    "26", "29", "35", "40")), .Names = ""), class = "table"), 
    No.Tag = structure(c(0L, 0L, 175L, 0L, 0L, 0L, 1L, 134L, 
    0L, 0L, 0L, 0L, 0L, 0L, 0L, 0L, 0L, 12L, 0L, 0L), .Dim = 5:4, .Dimnames = structure(list(
        c("-2", "-1", "0", "1", NA), c("A", "G", "T", NA)), .Names = c("", 
    "")), class = "table"), All.Tags = list(Concordant = list(
        Freqs = structure(c(0, 1, 619, 0, 0, 2, 541, 1, 0, 0, 
        0, 0), .Dim = 4:3, .Dimnames = list(c("-2", "-1", "0", 
        "1"), c("A", "G", "T"))), N = 1164), Majority = list(
        Freqs = structure(c(0, 1, 705, 0, 0, 2, 630, 1, 0, 0, 
        0, 0), .Dim = 4:3, .Dimnames = list(c("-2", "-1", "0", 
        "1"), c("A", "G", "T"))), N = 1339)), `2` = structure(c(0, 
    0, 558, 0, 0, 0, 496, 0, 0, 0, 0, 0), .Dim = 4:3, .Dimnames = list(
        c("-2", "-1", "0", "1"), c("A", "G", "T"))))))
