Results <-
list(`bwaOutput/20210421msiMNRsJenny/253977_S5.sam` = list(GM07_SNP1 = list(
    All = list(Freqs = structure(c(0L, 0L, 2L, 0L, 0L, 0L, 8L, 
    346L, 1353L, 39L, 3L, 46L, 6L, 408L, 1409L, 54L, 0L, 40L, 
    0L, 0L, 1L, 0L, 0L, 0L, 0L, 3L, 57L, 1L, 1L, 0L), .Dim = 6:5, .Dimnames = structure(list(
        c("-2", "-1", "0", "1", "2", NA), c("-", "A", "G", "T", 
        NA)), .Names = c("", "")), class = "table"), N = 3777L), 
    Tag.Distribution = structure(c(`1` = 140L, `2` = 64L, `3` = 41L, 
    `4` = 52L, `5` = 51L, `6` = 34L, `7` = 28L, `8` = 21L, `9` = 28L, 
    `10` = 16L, `11` = 11L, `12` = 11L, `13` = 16L, `14` = 13L, 
    `15` = 12L, `16` = 13L, `17` = 10L, `18` = 5L, `19` = 4L, 
    `20` = 5L, `21` = 3L, `22` = 4L, `23` = 1L, `26` = 3L, `29` = 1L, 
    `31` = 1L, `33` = 1L), .Dim = 27L, .Dimnames = structure(list(
        c("1", "2", "3", "4", "5", "6", "7", "8", "9", "10", 
        "11", "12", "13", "14", "15", "16", "17", "18", "19", 
        "20", "21", "22", "23", "26", "29", "31", "33")), .Names = ""), class = "table"), 
    No.Tag = structure(c(0L, 0L, 0L, 0L, 0L, 0L, 0L, 4L, 41L, 
    0L, 0L, 7L, 0L, 9L, 60L, 2L, 0L, 5L, 0L, 0L, 0L, 0L, 0L, 
    0L, 0L, 1L, 2L, 0L, 0L, 0L), .Dim = 6:5, .Dimnames = structure(list(
        c("-2", "-1", "0", "1", "2", NA), c("-", "A", "G", "T", 
        NA)), .Names = c("", "")), class = "table"), All.Tags = list(
        Concordant = list(Freqs = structure(c(0, 0, 0, 0, 0, 
        0, 32, 158, 1, 0, 2, 40, 166, 1, 0, 0, 0, 0, 0, 0), .Dim = 5:4, .Dimnames = list(
            c("-2", "-1", "0", "1", "2"), c("-", "A", "G", "T"
            ))), N = 400), Majority = list(Freqs = structure(c(0, 
        0, 0, 0, 0, 0, 45, 224, 1, 0, 2, 53, 238, 1, 0, 0, 0, 
        0, 0, 0), .Dim = 5:4, .Dimnames = list(c("-2", "-1", 
        "0", "1", "2"), c("-", "A", "G", "T"))), N = 564)), `2` = structure(c(0, 
    0, 0, 0, 0, 0, 37, 174, 0, 0, 0, 44, 181, 1, 0, 0, 0, 0, 
    0, 0), .Dim = 5:4, .Dimnames = list(c("-2", "-1", "0", "1", 
    "2"), c("-", "A", "G", "T"))))))
