Results <-
list(`bwaOutput/20210421msiMNRsJenny/253977_S5.sam` = list(LR44_SNP1 = list(
    All = list(Freqs = structure(c(160L, 87L, 72L, 1123L, 17L, 
    2L, 13L, 14L, 10L, 0L, 1L, 0L, 0L, 0L, 0L, 0L, 2L, 20L, 441L, 
    1469L, 20L, 1L, 0L, 12L, 4L, 2L, 8L, 41L, 1L, 0L, 0L, 0L), .Dim = c(8L, 
    4L), .Dimnames = structure(list(c("-3", "-2", "-1", "0", 
    "1", "2", "19", NA), c("C", "G", "T", NA)), .Names = c("", 
    "")), class = "table"), N = 3520L), Tag.Distribution = structure(c(`1` = 107L, 
    `2` = 50L, `3` = 52L, `4` = 37L, `5` = 29L, `6` = 32L, `7` = 33L, 
    `8` = 35L, `9` = 29L, `10` = 14L, `11` = 19L, `12` = 16L, 
    `13` = 11L, `14` = 5L, `15` = 12L, `16` = 9L, `17` = 7L, 
    `18` = 3L, `19` = 4L, `20` = 6L, `21` = 5L, `22` = 2L, `23` = 1L, 
    `24` = 2L, `25` = 1L, `26` = 1L, `27` = 2L, `39` = 1L), .Dim = 28L, .Dimnames = structure(list(
        c("1", "2", "3", "4", "5", "6", "7", "8", "9", "10", 
        "11", "12", "13", "14", "15", "16", "17", "18", "19", 
        "20", "21", "22", "23", "24", "25", "26", "27", "39")), .Names = ""), class = "table"), 
    No.Tag = structure(c(3L, 2L, 5L, 28L, 0L, 0L, 0L, 0L, 0L, 
    0L, 0L, 0L, 0L, 0L, 0L, 0L, 0L, 0L, 5L, 41L, 1L, 0L, 0L, 
    0L, 1L, 0L, 0L, 3L, 0L, 0L, 0L, 0L), .Dim = c(8L, 4L), .Dimnames = structure(list(
        c("-3", "-2", "-1", "0", "1", "2", "19", NA), c("C", 
        "G", "T", NA)), .Names = c("", "")), class = "table"), 
    All.Tags = list(Concordant = list(Freqs = structure(c(21, 
    9, 3, 131, 0, 0, 1, 1, 0, 1, 0, 0, 0, 0, 1, 1, 48, 153, 1, 
    0, 0), .Dim = c(7L, 3L), .Dimnames = list(c("-3", "-2", "-1", 
    "0", "1", "2", "19"), c("C", "G", "T"))), N = 371), Majority = list(
        Freqs = structure(c(23, 11, 4, 184, 1, 0, 1, 1, 0, 1, 
        0, 0, 0, 0, 1, 2, 53, 230, 1, 0, 0), .Dim = c(7L, 3L), .Dimnames = list(
            c("-3", "-2", "-1", "0", "1", "2", "19"), c("C", 
            "G", "T"))), N = 513)), `2` = structure(c(18, 10, 
    1, 151, 1, 0, 1, 1, 0, 0, 0, 0, 0, 0, 0, 2, 43, 181, 0, 0, 
    0), .Dim = c(7L, 3L), .Dimnames = list(c("-3", "-2", "-1", 
    "0", "1", "2", "19"), c("C", "G", "T"))))))
