Results <-
list(`bwaOutput/20210421msiMNRsJenny/253977_S5.sam` = list(GM14_SNP1 = list(
    All = list(Freqs = structure(c(0L, 0L, 0L, 0L, 3L, 0L, 0L, 
    0L, 0L, 0L, 0L, 16L, 0L, 0L, 1L, 1L, 10L, 240L, 6576L, 74L, 
    21L, 0L, 0L, 0L, 11L, 325L, 1L, 1L, 0L, 0L, 0L, 1L, 92L, 
    0L, 0L), .Dim = c(7L, 5L), .Dimnames = structure(list(c("-4", 
    "-3", "-2", "-1", "0", "1", NA), c("-", "A", "C", "T", NA
    )), .Names = c("", "")), class = "table"), N = 7373L), Tag.Distribution = structure(c(`1` = 196L, 
    `2` = 73L, `3` = 78L, `4` = 74L, `5` = 60L, `6` = 58L, `7` = 56L, 
    `8` = 43L, `9` = 33L, `10` = 26L, `11` = 41L, `12` = 29L, 
    `13` = 31L, `14` = 28L, `15` = 12L, `16` = 16L, `17` = 21L, 
    `18` = 14L, `19` = 13L, `20` = 13L, `21` = 9L, `22` = 5L, 
    `23` = 9L, `24` = 8L, `26` = 3L, `27` = 4L, `28` = 1L, `29` = 2L, 
    `30` = 1L, `31` = 1L, `32` = 1L, `35` = 1L, `37` = 1L, `38` = 1L
    ), .Dim = 34L, .Dimnames = structure(list(c("1", "2", "3", 
    "4", "5", "6", "7", "8", "9", "10", "11", "12", "13", "14", 
    "15", "16", "17", "18", "19", "20", "21", "22", "23", "24", 
    "26", "27", "28", "29", "30", "31", "32", "35", "37", "38"
    )), .Names = ""), class = "table"), No.Tag = structure(c(0L, 
    0L, 0L, 0L, 0L, 0L, 0L, 0L, 0L, 0L, 0L, 0L, 0L, 0L, 0L, 0L, 
    2L, 13L, 192L, 7L, 2L, 0L, 0L, 0L, 0L, 19L, 0L, 0L, 0L, 0L, 
    0L, 0L, 6L, 0L, 0L), .Dim = c(7L, 5L), .Dimnames = structure(list(
        c("-4", "-3", "-2", "-1", "0", "1", NA), c("-", "A", 
        "C", "T", NA)), .Names = c("", "")), class = "table"), 
    All.Tags = list(Concordant = list(Freqs = structure(c(0, 
    0, 0, 0, 0, 0, 0, 0, 0, 0, 0, 0, 0, 1, 1, 12, 731, 5, 0, 
    0, 0, 0, 22, 0), .Dim = c(6L, 4L), .Dimnames = list(c("-4", 
    "-3", "-2", "-1", "0", "1"), c("-", "A", "C", "T"))), N = 772), 
        Majority = list(Freqs = structure(c(0, 0, 0, 0, 0, 0, 
        0, 0, 0, 0, 1, 0, 0, 1, 1, 14, 896, 5, 0, 0, 0, 0, 30, 
        0), .Dim = c(6L, 4L), .Dimnames = list(c("-4", "-3", 
        "-2", "-1", "0", "1"), c("-", "A", "C", "T"))), N = 948)), 
    `2` = structure(c(0, 0, 0, 0, 0, 0, 0, 0, 0, 0, 1, 0, 0, 
    0, 0, 8, 726, 2, 0, 0, 0, 0, 23, 0), .Dim = c(6L, 4L), .Dimnames = list(
        c("-4", "-3", "-2", "-1", "0", "1"), c("-", "A", "C", 
        "T"))))))
