Results <-
list(`bwaOutput/20210421msiMNRsJenny/253977_S5.sam` = list(LR49_SNP1 = list(
    All = list(Freqs = structure(c(85L, 392L, 2771L, 0L, 10L, 
    1L, 10L, 3080L, 2L, 2L, 0L, 0L, 1L, 0L, 0L, 0L, 10L, 97L, 
    0L, 0L), .Dim = 5:4, .Dimnames = structure(list(c("-2", "-1", 
    "0", "1", NA), c("A", "G", "T", NA)), .Names = c("", "")), class = "table"), 
        N = 6461L), Tag.Distribution = structure(c(`1` = 245L, 
    `2` = 128L, `3` = 94L, `4` = 95L, `5` = 87L, `6` = 61L, `7` = 49L, 
    `8` = 44L, `9` = 43L, `10` = 40L, `11` = 30L, `12` = 18L, 
    `13` = 19L, `14` = 20L, `15` = 20L, `16` = 15L, `17` = 9L, 
    `18` = 7L, `19` = 9L, `20` = 7L, `21` = 3L, `22` = 2L, `23` = 3L, 
    `24` = 5L, `25` = 1L, `27` = 3L, `28` = 1L, `29` = 1L, `31` = 1L, 
    `36` = 1L, `49` = 1L), .Dim = 31L, .Dimnames = structure(list(
        c("1", "2", "3", "4", "5", "6", "7", "8", "9", "10", 
        "11", "12", "13", "14", "15", "16", "17", "18", "19", 
        "20", "21", "22", "23", "24", "25", "27", "28", "29", 
        "31", "36", "49")), .Names = ""), class = "table"), No.Tag = structure(c(4L, 
    14L, 113L, 0L, 1L, 0L, 0L, 96L, 0L, 0L, 0L, 0L, 0L, 0L, 0L, 
    0L, 0L, 9L, 0L, 0L), .Dim = 5:4, .Dimnames = structure(list(
        c("-2", "-1", "0", "1", NA), c("A", "G", "T", NA)), .Names = c("", 
    "")), class = "table"), All.Tags = list(Concordant = list(
        Freqs = structure(c(4, 50, 408, 0, 0, 1, 427, 0, 0, 0, 
        0, 0), .Dim = 4:3, .Dimnames = list(c("-2", "-1", "0", 
        "1"), c("A", "G", "T"))), N = 890), Majority = list(Freqs = structure(c(8, 
    64, 451, 0, 0, 1, 506, 0, 0, 0, 0, 0), .Dim = 4:3, .Dimnames = list(
        c("-2", "-1", "0", "1"), c("A", "G", "T"))), N = 1030)), 
    `2` = structure(c(6, 50, 356, 0, 0, 1, 388, 0, 0, 0, 0, 0
    ), .Dim = 4:3, .Dimnames = list(c("-2", "-1", "0", "1"), 
        c("A", "G", "T"))))))
