Results <-
list(`bwaOutput/20210421msiMNRsJenny/253977_S5.sam` = list(LR46_SNP1 = list(
    All = list(Freqs = structure(c(0L, 1L, 0L, 0L, 10L, 3911L, 
    14L, 13L, 0L, 33L, 0L, 0L, 0L, 33L, 0L, 0L), .Dim = c(4L, 
    4L), .Dimnames = structure(list(c("-1", "0", "1", NA), c("A", 
    "G", "T", NA)), .Names = c("", "")), class = "table"), N = 4015L), 
    Tag.Distribution = structure(c(`1` = 120L, `2` = 37L, `3` = 55L, 
    `4` = 39L, `5` = 36L, `6` = 31L, `7` = 23L, `8` = 29L, `9` = 24L, 
    `10` = 23L, `11` = 13L, `12` = 14L, `13` = 15L, `14` = 9L, 
    `15` = 6L, `16` = 9L, `17` = 11L, `18` = 10L, `19` = 5L, 
    `20` = 4L, `21` = 3L, `22` = 4L, `23` = 4L, `24` = 3L, `25` = 4L, 
    `26` = 2L, `27` = 1L, `28` = 1L, `30` = 1L, `31` = 1L, `32` = 3L, 
    `34` = 1L), .Dim = 32L, .Dimnames = structure(list(c("1", 
    "2", "3", "4", "5", "6", "7", "8", "9", "10", "11", "12", 
    "13", "14", "15", "16", "17", "18", "19", "20", "21", "22", 
    "23", "24", "25", "26", "27", "28", "30", "31", "32", "34"
    )), .Names = ""), class = "table"), No.Tag = structure(c(0L, 
    0L, 0L, 0L, 1L, 150L, 1L, 3L, 0L, 15L, 0L, 0L, 0L, 4L, 0L, 
    0L), .Dim = c(4L, 4L), .Dimnames = structure(list(c("-1", 
    "0", "1", NA), c("A", "G", "T", NA)), .Names = c("", "")), class = "table"), 
    All.Tags = list(Concordant = list(Freqs = structure(c(0, 
    0, 0, 0, 508, 0, 0, 3, 0), .Dim = c(3L, 3L), .Dimnames = list(
        c("-1", "0", "1"), c("A", "G", "T"))), N = 511), Majority = list(
        Freqs = structure(c(0, 0, 0, 0, 530, 0, 0, 3, 0), .Dim = c(3L, 
        3L), .Dimnames = list(c("-1", "0", "1"), c("A", "G", 
        "T"))), N = 533)), `2` = structure(c(0, 0, 0, 0, 418, 
    0, 0, 2, 0), .Dim = c(3L, 3L), .Dimnames = list(c("-1", "0", 
    "1"), c("A", "G", "T"))))))
