Results <-
list(`bwaOutput/20210421msiMNRsJenny/253977_S5.sam` = list(GM01_SNP1 = list(
    All = list(Freqs = structure(c(715L, 7776L, 27L, 21L, 0L, 
    6L, 0L, 0L, 4L, 92L, 0L, 0L), .Dim = 4:3, .Dimnames = structure(list(
        c("-1", "0", "1", NA), c("A", "G", NA)), .Names = c("", 
    "")), class = "table"), N = 8641L), Tag.Distribution = structure(c(`1` = 210L, 
    `2` = 89L, `3` = 79L, `4` = 84L, `5` = 89L, `6` = 74L, `7` = 61L, 
    `8` = 53L, `9` = 48L, `10` = 41L, `11` = 36L, `12` = 44L, 
    `13` = 24L, `14` = 21L, `15` = 26L, `16` = 19L, `17` = 16L, 
    `18` = 13L, `19` = 13L, `20` = 14L, `21` = 9L, `22` = 10L, 
    `23` = 11L, `24` = 1L, `25` = 6L, `26` = 6L, `27` = 3L, `29` = 3L, 
    `30` = 1L, `31` = 1L, `32` = 1L, `33` = 3L, `34` = 2L, `35` = 3L, 
    `36` = 1L, `37` = 1L, `38` = 1L, `39` = 1L, `44` = 1L), .Dim = 39L, .Dimnames = structure(list(
        c("1", "2", "3", "4", "5", "6", "7", "8", "9", "10", 
        "11", "12", "13", "14", "15", "16", "17", "18", "19", 
        "20", "21", "22", "23", "24", "25", "26", "27", "29", 
        "30", "31", "32", "33", "34", "35", "36", "37", "38", 
        "39", "44")), .Names = ""), class = "table"), No.Tag = structure(c(2L, 
    111L, 0L, 2L, 0L, 0L, 0L, 0L, 0L, 7L, 0L, 0L), .Dim = 4:3, .Dimnames = structure(list(
        c("-1", "0", "1", NA), c("A", "G", NA)), .Names = c("", 
    "")), class = "table"), All.Tags = list(Concordant = list(
        Freqs = structure(c(57, 905, 0, 0, 1, 0), .Dim = 3:2, .Dimnames = list(
            c("-1", "0", "1"), c("A", "G"))), N = 963), Majority = list(
        Freqs = structure(c(75, 1033, 0, 0, 1, 0), .Dim = 3:2, .Dimnames = list(
            c("-1", "0", "1"), c("A", "G"))), N = 1109)), `2` = structure(c(61, 
    843, 0, 0, 0, 0), .Dim = 3:2, .Dimnames = list(c("-1", "0", 
    "1"), c("A", "G"))))))
