Results <-
list(`bwaOutput/20210421msiMNRsJenny/253977_S5.sam` = list(LR17_SNP1 = list(
    All = list(Freqs = structure(c(0L, 0L, 1L, 0L, 0L, 0L, 35L, 
    1156L, 9860L, 831L, 15L, 225L, 0L, 2L, 6L, 0L, 0L, 0L, 0L, 
    0L, 1L, 0L, 0L, 0L, 0L, 43L, 744L, 25L, 1L, 0L), .Dim = 6:5, .Dimnames = structure(list(
        c("-2", "-1", "0", "1", "2", NA), c("-", "A", "G", "T", 
        NA)), .Names = c("", "")), class = "table"), N = 12945L), 
    Tag.Distribution = structure(c(`1` = 285L, `2` = 108L, `3` = 103L, 
    `4` = 68L, `5` = 109L, `6` = 70L, `7` = 84L, `8` = 58L, `9` = 62L, 
    `10` = 63L, `11` = 53L, `12` = 57L, `13` = 45L, `14` = 35L, 
    `15` = 54L, `16` = 38L, `17` = 28L, `18` = 29L, `19` = 28L, 
    `20` = 15L, `21` = 11L, `22` = 12L, `23` = 19L, `24` = 12L, 
    `25` = 6L, `26` = 3L, `27` = 7L, `28` = 8L, `29` = 4L, `30` = 2L, 
    `31` = 2L, `32` = 2L, `33` = 3L, `34` = 2L, `35` = 2L, `36` = 1L, 
    `37` = 1L, `38` = 1L, `39` = 1L, `43` = 1L), .Dim = 40L, .Dimnames = structure(list(
        c("1", "2", "3", "4", "5", "6", "7", "8", "9", "10", 
        "11", "12", "13", "14", "15", "16", "17", "18", "19", 
        "20", "21", "22", "23", "24", "25", "26", "27", "28", 
        "29", "30", "31", "32", "33", "34", "35", "36", "37", 
        "38", "39", "43")), .Names = ""), class = "table"), No.Tag = structure(c(0L, 
    0L, 0L, 0L, 0L, 0L, 2L, 19L, 381L, 39L, 0L, 8L, 0L, 0L, 0L, 
    0L, 0L, 0L, 0L, 0L, 0L, 0L, 0L, 0L, 0L, 0L, 25L, 1L, 0L, 
    0L), .Dim = 6:5, .Dimnames = structure(list(c("-2", "-1", 
    "0", "1", "2", NA), c("-", "A", "G", "T", NA)), .Names = c("", 
    "")), class = "table"), All.Tags = list(Concordant = list(
        Freqs = structure(c(0, 0, 0, 0, 0, 1, 71, 919, 42, 0, 
        0, 0, 0, 0, 0, 0, 0, 0, 0, 0), .Dim = 5:4, .Dimnames = list(
            c("-2", "-1", "0", "1", "2"), c("-", "A", "G", "T"
            ))), N = 1033), Majority = list(Freqs = structure(c(0, 
    0, 0, 0, 0, 1, 110, 1249, 90, 0, 0, 0, 0, 0, 0, 0, 0, 0, 
    0, 0), .Dim = 5:4, .Dimnames = list(c("-2", "-1", "0", "1", 
    "2"), c("-", "A", "G", "T"))), N = 1450)), `2` = structure(c(0, 
    0, 0, 0, 0, 0, 88, 1022, 78, 0, 0, 0, 0, 0, 0, 0, 0, 0, 0, 
    0), .Dim = 5:4, .Dimnames = list(c("-2", "-1", "0", "1", 
    "2"), c("-", "A", "G", "T"))))))
