Results <-
list(`bwaOutput/20210421msiMNRsJenny/253977_S5.sam` = list(DEPDC2_SNP1 = list(
    All = list(Freqs = structure(c(0L, 0L, 2L, 0L, 0L, 0L, 13L, 
    2122L, 13L, 13L, 1L, 17L, 2404L, 13L, 12L, 0L, 0L, 46L, 0L, 
    0L), .Dim = 5:4, .Dimnames = structure(list(c("-2", "-1", 
    "0", "1", NA), c("A", "C", "T", NA)), .Names = c("", "")), class = "table"), 
        N = 4656L), Tag.Distribution = structure(c(`1` = 190L, 
    `2` = 93L, `3` = 86L, `4` = 80L, `5` = 57L, `6` = 42L, `7` = 46L, 
    `8` = 37L, `9` = 30L, `10` = 21L, `11` = 27L, `12` = 19L, 
    `13` = 21L, `14` = 12L, `15` = 9L, `16` = 12L, `17` = 3L, 
    `18` = 7L, `19` = 2L, `20` = 2L, `21` = 3L, `22` = 4L, `23` = 2L, 
    `24` = 4L, `38` = 1L), .Dim = 25L, .Dimnames = structure(list(
        c("1", "2", "3", "4", "5", "6", "7", "8", "9", "10", 
        "11", "12", "13", "14", "15", "16", "17", "18", "19", 
        "20", "21", "22", "23", "24", "38")), .Names = ""), class = "table"), 
    No.Tag = structure(c(0L, 0L, 0L, 0L, 0L, 0L, 0L, 77L, 2L, 
    2L, 0L, 0L, 100L, 1L, 2L, 0L, 0L, 4L, 0L, 0L), .Dim = 5:4, .Dimnames = structure(list(
        c("-2", "-1", "0", "1", NA), c("A", "C", "T", NA)), .Names = c("", 
    "")), class = "table"), All.Tags = list(Concordant = list(
        Freqs = structure(c(0, 0, 0, 0, 0, 1, 346, 0, 0, 0, 370, 
        2), .Dim = 4:3, .Dimnames = list(c("-2", "-1", "0", "1"
        ), c("A", "C", "T"))), N = 719), Majority = list(Freqs = structure(c(0, 
    0, 0, 0, 0, 1, 381, 0, 0, 0, 413, 3), .Dim = 4:3, .Dimnames = list(
        c("-2", "-1", "0", "1"), c("A", "C", "T"))), N = 798)), 
    `2` = structure(c(0, 0, 0, 0, 0, 0, 296, 0, 0, 0, 314, 2), .Dim = 4:3, .Dimnames = list(
        c("-2", "-1", "0", "1"), c("A", "C", "T"))))))
