Results <-
list(`bwaOutput/20210421msiMNRsJenny/253977_S5.sam` = list(GM17_SNP1 = list(
    All = list(Freqs = structure(c(1L, 30L, 2634L, 8L, 3L, 0L, 
    35L, 2888L, 10L, 3L, 0L, 2L, 203L, 0L, 0L), .Dim = c(5L, 
    3L), .Dimnames = structure(list(c("-2", "-1", "0", "1", NA
    ), c("C", "T", NA)), .Names = c("", "")), class = "table"), 
        N = 5817L), Tag.Distribution = structure(c(`1` = 171L, 
    `2` = 73L, `3` = 67L, `4` = 50L, `5` = 45L, `6` = 50L, `7` = 45L, 
    `8` = 38L, `9` = 30L, `10` = 32L, `11` = 25L, `12` = 29L, 
    `13` = 19L, `14` = 13L, `15` = 12L, `16` = 13L, `17` = 13L, 
    `18` = 9L, `19` = 8L, `20` = 5L, `21` = 6L, `22` = 6L, `23` = 3L, 
    `24` = 3L, `25` = 4L, `26` = 6L, `27` = 2L, `28` = 2L, `29` = 3L, 
    `30` = 3L, `32` = 3L, `33` = 2L, `37` = 1L), .Dim = 33L, .Dimnames = structure(list(
        c("1", "2", "3", "4", "5", "6", "7", "8", "9", "10", 
        "11", "12", "13", "14", "15", "16", "17", "18", "19", 
        "20", "21", "22", "23", "24", "25", "26", "27", "28", 
        "29", "30", "32", "33", "37")), .Names = ""), class = "table"), 
    No.Tag = structure(c(0L, 0L, 58L, 0L, 0L, 0L, 0L, 79L, 1L, 
    1L, 0L, 0L, 10L, 0L, 0L), .Dim = c(5L, 3L), .Dimnames = structure(list(
        c("-2", "-1", "0", "1", NA), c("C", "T", NA)), .Names = c("", 
    "")), class = "table"), All.Tags = list(Concordant = list(
        Freqs = structure(c(0, 1, 322, 1, 0, 0, 346, 0), .Dim = c(4L, 
        2L), .Dimnames = list(c("-2", "-1", "0", "1"), c("C", 
        "T"))), N = 670), Majority = list(Freqs = structure(c(0, 
    1, 368, 1, 0, 0, 401, 0), .Dim = c(4L, 2L), .Dimnames = list(
        c("-2", "-1", "0", "1"), c("C", "T"))), N = 771)), `2` = structure(c(0, 
    1, 297, 0, 0, 0, 312, 0), .Dim = c(4L, 2L), .Dimnames = list(
        c("-2", "-1", "0", "1"), c("C", "T"))))))
