Results <-
list(`bwaOutput/20210421msiMNRsJenny/253977_S5.sam` = list(GM29_SNP1 = list(
    All = list(Freqs = structure(c(3L, 57L, 5148L, 18L, 1L, 10L, 
    0L, 0L, 1L, 0L, 0L, 0L, 0L, 1L, 61L, 0L, 0L, 0L), .Dim = c(6L, 
    3L), .Dimnames = structure(list(c("-2", "-1", "0", "1", "2", 
    NA), c("A", "G", NA)), .Names = c("", "")), class = "table"), 
        N = 5300L), Tag.Distribution = structure(c(`1` = 143L, 
    `2` = 73L, `3` = 65L, `4` = 52L, `5` = 46L, `6` = 48L, `7` = 42L, 
    `8` = 40L, `9` = 32L, `10` = 29L, `11` = 25L, `12` = 10L, 
    `13` = 18L, `14` = 22L, `15` = 9L, `16` = 13L, `17` = 13L, 
    `18` = 10L, `19` = 3L, `20` = 6L, `21` = 3L, `22` = 4L, `23` = 3L, 
    `24` = 4L, `27` = 3L, `29` = 3L, `32` = 1L, `34` = 1L, `35` = 2L, 
    `36` = 1L, `39` = 1L, `40` = 1L, `41` = 1L, `43` = 1L, `45` = 1L
    ), .Dim = 35L, .Dimnames = structure(list(c("1", "2", "3", 
    "4", "5", "6", "7", "8", "9", "10", "11", "12", "13", "14", 
    "15", "16", "17", "18", "19", "20", "21", "22", "23", "24", 
    "27", "29", "32", "34", "35", "36", "39", "40", "41", "43", 
    "45")), .Names = ""), class = "table"), No.Tag = structure(c(0L, 
    2L, 166L, 1L, 0L, 0L, 0L, 0L, 1L, 0L, 0L, 0L, 0L, 0L, 6L, 
    0L, 0L, 0L), .Dim = c(6L, 3L), .Dimnames = structure(list(
        c("-2", "-1", "0", "1", "2", NA), c("A", "G", NA)), .Names = c("", 
    "")), class = "table"), All.Tags = list(Concordant = list(
        Freqs = structure(c(0, 0, 649, 0, 0, 0, 0, 0, 0, 0), .Dim = c(5L, 
        2L), .Dimnames = list(c("-2", "-1", "0", "1", "2"), c("A", 
        "G"))), N = 649), Majority = list(Freqs = structure(c(0, 
    0, 717, 0, 0, 0, 0, 0, 0, 0), .Dim = c(5L, 2L), .Dimnames = list(
        c("-2", "-1", "0", "1", "2"), c("A", "G"))), N = 717)), 
    `2` = structure(c(0, 0, 581, 0, 0, 0, 0, 0, 0, 0), .Dim = c(5L, 
    2L), .Dimnames = list(c("-2", "-1", "0", "1", "2"), c("A", 
    "G"))))))
