Results <-
list(`bwaOutput/20210421msiMNRsJenny/253977_S5.sam` = list(LR40_SNP1 = list(
    All = list(Freqs = structure(c(1L, 59L, 4207L, 9L, 3L, 0L, 
    0L, 1L, 0L, 0L, 0L, 0L, 36L, 0L, 0L), .Dim = c(5L, 3L), .Dimnames = structure(list(
        c("-2", "-1", "0", "1", NA), c("C", "T", NA)), .Names = c("", 
    "")), class = "table"), N = 4316L), Tag.Distribution = structure(c(`1` = 126L, 
    `2` = 61L, `3` = 59L, `4` = 67L, `5` = 52L, `6` = 43L, `7` = 39L, 
    `8` = 35L, `9` = 25L, `10` = 32L, `11` = 16L, `12` = 19L, 
    `13` = 18L, `14` = 4L, `15` = 14L, `16` = 7L, `17` = 3L, 
    `18` = 5L, `19` = 5L, `20` = 5L, `21` = 7L, `22` = 4L, `23` = 4L, 
    `24` = 1L, `25` = 3L, `28` = 1L, `32` = 1L, `34` = 1L), .Dim = 28L, .Dimnames = structure(list(
        c("1", "2", "3", "4", "5", "6", "7", "8", "9", "10", 
        "11", "12", "13", "14", "15", "16", "17", "18", "19", 
        "20", "21", "22", "23", "24", "25", "28", "32", "34")), .Names = ""), class = "table"), 
    No.Tag = structure(c(0L, 1L, 132L, 0L, 0L, 0L, 0L, 0L, 0L, 
    0L, 0L, 0L, 2L, 0L, 0L), .Dim = c(5L, 3L), .Dimnames = structure(list(
        c("-2", "-1", "0", "1", NA), c("C", "T", NA)), .Names = c("", 
    "")), class = "table"), All.Tags = list(Concordant = list(
        Freqs = structure(c(0, 3, 600, 0, 0, 0, 0, 0), .Dim = c(4L, 
        2L), .Dimnames = list(c("-2", "-1", "0", "1"), c("C", 
        "T"))), N = 603), Majority = list(Freqs = structure(c(0, 
    4, 645, 1, 0, 0, 0, 0), .Dim = c(4L, 2L), .Dimnames = list(
        c("-2", "-1", "0", "1"), c("C", "T"))), N = 650)), `2` = structure(c(0, 
    1, 526, 1, 0, 0, 0, 0), .Dim = c(4L, 2L), .Dimnames = list(
        c("-2", "-1", "0", "1"), c("C", "T"))))))
