Results <-
list(`bwaOutput/20210421msiMNRsJenny/253977_S5.sam` = list(LR10_SNP1 = list(
    All = list(Freqs = structure(c(1L, 75L, 2968L, 12L, 4L, 0L, 
    295L, 2775L, 6L, 3L, 0L, 2L, 104L, 1L, 0L), .Dim = c(5L, 
    3L), .Dimnames = structure(list(c("-2", "-1", "0", "1", NA
    ), c("C", "T", NA)), .Names = c("", "")), class = "table"), 
        N = 6246L), Tag.Distribution = structure(c(`1` = 157L, 
    `2` = 85L, `3` = 57L, `4` = 75L, `5` = 55L, `6` = 57L, `7` = 51L, 
    `8` = 40L, `9` = 40L, `10` = 31L, `11` = 31L, `12` = 30L, 
    `13` = 15L, `14` = 22L, `15` = 30L, `16` = 22L, `17` = 10L, 
    `18` = 4L, `19` = 5L, `20` = 10L, `21` = 8L, `22` = 3L, `23` = 2L, 
    `24` = 5L, `25` = 5L, `26` = 1L, `29` = 2L, `30` = 1L, `31` = 1L, 
    `32` = 1L, `36` = 1L, `39` = 1L), .Dim = 32L, .Dimnames = structure(list(
        c("1", "2", "3", "4", "5", "6", "7", "8", "9", "10", 
        "11", "12", "13", "14", "15", "16", "17", "18", "19", 
        "20", "21", "22", "23", "24", "25", "26", "29", "30", 
        "31", "32", "36", "39")), .Names = ""), class = "table"), 
    No.Tag = structure(c(0L, 0L, 71L, 0L, 0L, 0L, 11L, 71L, 0L, 
    0L, 0L, 0L, 11L, 0L, 0L), .Dim = c(5L, 3L), .Dimnames = structure(list(
        c("-2", "-1", "0", "1", NA), c("C", "T", NA)), .Names = c("", 
    "")), class = "table"), All.Tags = list(Concordant = list(
        Freqs = structure(c(0, 1, 318, 1, 0, 32, 351, 1), .Dim = c(4L, 
        2L), .Dimnames = list(c("-2", "-1", "0", "1"), c("C", 
        "T"))), N = 704), Majority = list(Freqs = structure(c(0, 
    2, 388, 1, 0, 38, 411, 1), .Dim = c(4L, 2L), .Dimnames = list(
        c("-2", "-1", "0", "1"), c("C", "T"))), N = 841)), `2` = structure(c(0, 
    2, 327, 0, 0, 30, 334, 0), .Dim = c(4L, 2L), .Dimnames = list(
        c("-2", "-1", "0", "1"), c("C", "T"))))))
