Results <-
list(`bwaOutput/20210421msiMNRsJenny/253977_S5.sam` = list(LR52_SNP1 = list(
    All = list(Freqs = structure(c(1L, 0L, 18L, 224L, 1761L, 
    13L, 0L, 26L, 1L, 2L, 112L, 300L, 1437L, 19L, 2L, 30L, 0L, 
    0L, 2L, 11L, 589L, 5L, 1L, 0L), .Dim = c(8L, 3L), .Dimnames = structure(list(
        c("-4", "-3", "-2", "-1", "0", "1", "2", NA), c("C", 
        "T", NA)), .Names = c("", "")), class = "table"), N = 4554L), 
    Tag.Distribution = structure(c(`1` = 99L, `2` = 49L, `3` = 53L, 
    `4` = 52L, `5` = 43L, `6` = 32L, `7` = 39L, `8` = 31L, `9` = 23L, 
    `10` = 16L, `11` = 15L, `12` = 19L, `13` = 17L, `14` = 12L, 
    `15` = 11L, `16` = 18L, `17` = 6L, `18` = 9L, `19` = 8L, 
    `20` = 7L, `21` = 10L, `22` = 4L, `23` = 3L, `24` = 2L, `25` = 2L, 
    `26` = 3L, `28` = 2L, `30` = 1L, `35` = 1L, `38` = 1L, `39` = 1L, 
    `47` = 1L), .Dim = 32L, .Dimnames = structure(list(c("1", 
    "2", "3", "4", "5", "6", "7", "8", "9", "10", "11", "12", 
    "13", "14", "15", "16", "17", "18", "19", "20", "21", "22", 
    "23", "24", "25", "26", "28", "30", "35", "38", "39", "47"
    )), .Names = ""), class = "table"), No.Tag = structure(c(0L, 
    0L, 0L, 3L, 43L, 0L, 0L, 0L, 0L, 0L, 3L, 4L, 37L, 0L, 0L, 
    0L, 0L, 0L, 0L, 0L, 26L, 0L, 0L, 0L), .Dim = c(8L, 3L), .Dimnames = structure(list(
        c("-4", "-3", "-2", "-1", "0", "1", "2", NA), c("C", 
        "T", NA)), .Names = c("", "")), class = "table"), All.Tags = list(
        Concordant = list(Freqs = structure(c(0, 0, 1, 12, 171, 
        0, 0, 0, 0, 10, 19, 131, 0, 0), .Dim = c(7L, 2L), .Dimnames = list(
            c("-4", "-3", "-2", "-1", "0", "1", "2"), c("C", 
            "T"))), N = 344), Majority = list(Freqs = structure(c(0, 
        0, 2, 16, 289, 0, 0, 0, 0, 12, 31, 206, 1, 0), .Dim = c(7L, 
        2L), .Dimnames = list(c("-4", "-3", "-2", "-1", "0", 
        "1", "2"), c("C", "T"))), N = 557)), `2` = structure(c(0, 
    0, 1, 11, 259, 0, 0, 0, 0, 10, 23, 172, 1, 0), .Dim = c(7L, 
    2L), .Dimnames = list(c("-4", "-3", "-2", "-1", "0", "1", 
    "2"), c("C", "T"))))))
