Results <-
list(`bwaOutput/20210421msiMNRsJenny/253977_S5.sam` = list(GM09_SNP1 = list(
    All = list(Freqs = structure(c(27L, 4749L, 11L, 1L, 22L, 
    4180L, 5L, 1L, 1L, 58L, 0L, 0L), .Dim = 4:3, .Dimnames = structure(list(
        c("-1", "0", "1", NA), c("A", "G", NA)), .Names = c("", 
    "")), class = "table"), N = 9055L), Tag.Distribution = structure(c(`1` = 241L, 
    `2` = 114L, `3` = 96L, `4` = 96L, `5` = 96L, `6` = 69L, `7` = 55L, 
    `8` = 47L, `9` = 54L, `10` = 32L, `11` = 36L, `12` = 24L, 
    `13` = 34L, `14` = 30L, `15` = 26L, `16` = 16L, `17` = 17L, 
    `18` = 21L, `19` = 10L, `20` = 21L, `21` = 7L, `22` = 13L, 
    `23` = 3L, `24` = 5L, `25` = 6L, `26` = 6L, `27` = 4L, `28` = 2L, 
    `30` = 2L, `31` = 1L, `32` = 3L, `33` = 3L, `34` = 1L, `35` = 1L, 
    `37` = 1L, `38` = 1L, `39` = 2L, `46` = 1L, `74` = 1L), .Dim = 39L, .Dimnames = structure(list(
        c("1", "2", "3", "4", "5", "6", "7", "8", "9", "10", 
        "11", "12", "13", "14", "15", "16", "17", "18", "19", 
        "20", "21", "22", "23", "24", "25", "26", "27", "28", 
        "30", "31", "32", "33", "34", "35", "37", "38", "39", 
        "46", "74")), .Names = ""), class = "table"), No.Tag = structure(c(0L, 
    123L, 0L, 0L, 0L, 136L, 0L, 0L, 0L, 5L, 0L, 0L), .Dim = 4:3, .Dimnames = structure(list(
        c("-1", "0", "1", NA), c("A", "G", NA)), .Names = c("", 
    "")), class = "table"), All.Tags = list(Concordant = list(
        Freqs = structure(c(2, 511, 1, 0, 463, 1), .Dim = 3:2, .Dimnames = list(
            c("-1", "0", "1"), c("A", "G"))), N = 978), Majority = list(
        Freqs = structure(c(2, 623, 1, 0, 551, 1), .Dim = 3:2, .Dimnames = list(
            c("-1", "0", "1"), c("A", "G"))), N = 1178)), `2` = structure(c(0, 
    507, 0, 0, 438, 0), .Dim = 3:2, .Dimnames = list(c("-1", 
    "0", "1"), c("A", "G"))))))
