Results <-
list(`bwaOutput/20210421msiMNRsJenny/253977_S5.sam` = list(LR11_SNP1 = list(
    All = list(Freqs = structure(c(0L, 0L, 0L, 4L, 0L, 0L, 0L, 
    1L, 17L, 1209L, 11002L, 93L, 2L, 53L, 0L, 0L, 1L, 4L, 0L, 
    0L, 0L, 0L, 0L, 0L, 1L, 0L, 0L, 0L, 0L, 1L, 14L, 157L, 1L, 
    0L, 0L), .Dim = c(7L, 5L), .Dimnames = structure(list(c("-3", 
    "-2", "-1", "0", "1", "2", NA), c("-", "A", "C", "G", NA)), .Names = c("", 
    "")), class = "table"), N = 12560L), Tag.Distribution = structure(c(`1` = 266L, 
    `2` = 124L, `3` = 113L, `4` = 87L, `5` = 81L, `6` = 78L, 
    `7` = 68L, `8` = 62L, `9` = 69L, `10` = 57L, `11` = 61L, 
    `12` = 47L, `13` = 50L, `14` = 36L, `15` = 32L, `16` = 29L, 
    `17` = 21L, `18` = 23L, `19` = 27L, `20` = 24L, `21` = 9L, 
    `22` = 10L, `23` = 9L, `24` = 10L, `25` = 16L, `26` = 6L, 
    `27` = 4L, `28` = 5L, `29` = 3L, `30` = 2L, `31` = 4L, `32` = 3L, 
    `33` = 5L, `34` = 3L, `35` = 2L, `37` = 1L, `39` = 1L, `42` = 2L, 
    `43` = 1L, `44` = 3L, `45` = 1L, `47` = 1L, `56` = 2L), .Dim = 43L, .Dimnames = structure(list(
        c("1", "2", "3", "4", "5", "6", "7", "8", "9", "10", 
        "11", "12", "13", "14", "15", "16", "17", "18", "19", 
        "20", "21", "22", "23", "24", "25", "26", "27", "28", 
        "29", "30", "31", "32", "33", "34", "35", "37", "39", 
        "42", "43", "44", "45", "47", "56")), .Names = ""), class = "table"), 
    No.Tag = structure(c(0L, 0L, 0L, 0L, 0L, 0L, 0L, 0L, 0L, 
    41L, 246L, 4L, 0L, 3L, 0L, 0L, 0L, 0L, 0L, 0L, 0L, 0L, 0L, 
    0L, 0L, 0L, 0L, 0L, 0L, 0L, 1L, 28L, 0L, 0L, 0L), .Dim = c(7L, 
    5L), .Dimnames = structure(list(c("-3", "-2", "-1", "0", 
    "1", "2", NA), c("-", "A", "C", "G", NA)), .Names = c("", 
    "")), class = "table"), All.Tags = list(Concordant = list(
        Freqs = structure(c(0, 0, 0, 1, 0, 0, 0, 1, 90, 1051, 
        3, 0, 0, 0, 1, 2, 0, 0, 0, 0, 0, 0, 0, 0), .Dim = c(6L, 
        4L), .Dimnames = list(c("-3", "-2", "-1", "0", "1", "2"
        ), c("-", "A", "C", "G"))), N = 1149), Majority = list(
        Freqs = structure(c(0, 0, 0, 1, 0, 0, 0, 1, 123, 1298, 
        3, 0, 0, 0, 1, 2, 0, 0, 0, 0, 0, 0, 0, 0), .Dim = c(6L, 
        4L), .Dimnames = list(c("-3", "-2", "-1", "0", "1", "2"
        ), c("-", "A", "C", "G"))), N = 1429)), `2` = structure(c(0, 
    0, 0, 0, 0, 0, 0, 1, 90, 1086, 1, 0, 0, 0, 0, 0, 0, 0, 0, 
    0, 0, 0, 0, 0), .Dim = c(6L, 4L), .Dimnames = list(c("-3", 
    "-2", "-1", "0", "1", "2"), c("-", "A", "C", "G"))))))
