Results <-
list(`bwaOutput/20210421msiMNRsJenny/253977_S5.sam` = list(GM22_SNP1 = list(
    All = list(Freqs = structure(c(3L, 82L, 7287L, 33L, 1L, 11L, 
    0L, 0L, 2L, 0L, 0L, 0L, 0L, 0L, 1L, 0L, 0L, 0L, 0L, 3L, 105L, 
    1L, 0L, 0L), .Dim = c(6L, 4L), .Dimnames = structure(list(
        c("-2", "-1", "0", "1", "2", NA), c("A", "G", "T", NA
        )), .Names = c("", "")), class = "table"), N = 7529L), 
    Tag.Distribution = structure(c(`1` = 192L, `2` = 78L, `3` = 73L, 
    `4` = 73L, `5` = 72L, `6` = 53L, `7` = 71L, `8` = 47L, `9` = 32L, 
    `10` = 46L, `11` = 27L, `12` = 28L, `13` = 13L, `14` = 24L, 
    `15` = 21L, `16` = 20L, `17` = 19L, `18` = 15L, `19` = 15L, 
    `20` = 12L, `21` = 9L, `22` = 7L, `23` = 5L, `24` = 5L, `25` = 3L, 
    `26` = 4L, `27` = 3L, `28` = 3L, `29` = 1L, `32` = 1L, `33` = 1L, 
    `34` = 1L, `36` = 1L, `37` = 1L, `42` = 1L), .Dim = 35L, .Dimnames = structure(list(
        c("1", "2", "3", "4", "5", "6", "7", "8", "9", "10", 
        "11", "12", "13", "14", "15", "16", "17", "18", "19", 
        "20", "21", "22", "23", "24", "25", "26", "27", "28", 
        "29", "32", "33", "34", "36", "37", "42")), .Names = ""), class = "table"), 
    No.Tag = structure(c(0L, 2L, 300L, 1L, 0L, 1L, 0L, 0L, 0L, 
    0L, 0L, 0L, 0L, 0L, 0L, 0L, 0L, 0L, 0L, 1L, 10L, 0L, 0L, 
    0L), .Dim = c(6L, 4L), .Dimnames = structure(list(c("-2", 
    "-1", "0", "1", "2", NA), c("A", "G", "T", NA)), .Names = c("", 
    "")), class = "table"), All.Tags = list(Concordant = list(
        Freqs = structure(c(0, 3, 863, 2, 0, 0, 0, 1, 0, 0, 0, 
        0, 0, 0, 0), .Dim = c(5L, 3L), .Dimnames = list(c("-2", 
        "-1", "0", "1", "2"), c("A", "G", "T"))), N = 869), Majority = list(
        Freqs = structure(c(0, 3, 963, 2, 0, 0, 0, 1, 0, 0, 0, 
        0, 0, 0, 0), .Dim = c(5L, 3L), .Dimnames = list(c("-2", 
        "-1", "0", "1", "2"), c("A", "G", "T"))), N = 969)), 
    `2` = structure(c(0, 0, 782, 1, 0, 0, 0, 0, 0, 0, 0, 0, 0, 
    0, 0), .Dim = c(5L, 3L), .Dimnames = list(c("-2", "-1", "0", 
    "1", "2"), c("A", "G", "T"))))))
