Results <-
list(`bwaOutput/20210421msiMNRsJenny/253977_S5.sam` = list(LR36_SNP1 = list(
    All = list(Freqs = structure(c(0L, 0L, 0L, 14L, 0L, 1L, 0L, 
    0L, 0L, 2L, 0L, 0L, 0L, 0L, 1L, 1L, 0L, 0L, 3L, 25L, 1058L, 
    5538L, 38L, 95L, 0L, 1L, 58L, 471L, 3L, 0L), .Dim = 6:5, .Dimnames = structure(list(
        c("-3", "-2", "-1", "0", "1", NA), c("A", "C", "G", "T", 
        NA)), .Names = c("", "")), class = "table"), N = 7309L), 
    Tag.Distribution = structure(c(`1` = 202L, `2` = 91L, `3` = 80L, 
    `4` = 71L, `5` = 71L, `6` = 79L, `7` = 45L, `8` = 37L, `9` = 43L, 
    `10` = 46L, `11` = 26L, `12` = 25L, `13` = 24L, `14` = 23L, 
    `15` = 13L, `16` = 11L, `17` = 13L, `18` = 10L, `19` = 8L, 
    `20` = 12L, `21` = 6L, `22` = 7L, `23` = 9L, `24` = 6L, `25` = 5L, 
    `26` = 4L, `27` = 1L, `28` = 7L, `29` = 3L, `30` = 1L, `31` = 2L, 
    `32` = 2L, `34` = 1L, `37` = 2L, `43` = 1L, `50` = 1L), .Dim = 36L, .Dimnames = structure(list(
        c("1", "2", "3", "4", "5", "6", "7", "8", "9", "10", 
        "11", "12", "13", "14", "15", "16", "17", "18", "19", 
        "20", "21", "22", "23", "24", "25", "26", "27", "28", 
        "29", "30", "31", "32", "34", "37", "43", "50")), .Names = ""), class = "table"), 
    No.Tag = structure(c(0L, 0L, 0L, 1L, 0L, 0L, 0L, 0L, 0L, 
    0L, 0L, 0L, 0L, 0L, 0L, 0L, 0L, 0L, 0L, 0L, 9L, 153L, 3L, 
    8L, 0L, 0L, 2L, 26L, 1L, 0L), .Dim = 6:5, .Dimnames = structure(list(
        c("-3", "-2", "-1", "0", "1", NA), c("A", "C", "G", "T", 
        NA)), .Names = c("", "")), class = "table"), All.Tags = list(
        Concordant = list(Freqs = structure(c(0, 0, 0, 4, 0, 
        0, 0, 0, 0, 0, 0, 0, 0, 0, 0, 0, 0, 111, 667, 2), .Dim = 5:4, .Dimnames = list(
            c("-3", "-2", "-1", "0", "1"), c("A", "C", "G", "T"
            ))), N = 784), Majority = list(Freqs = structure(c(0, 
        0, 0, 4, 0, 0, 0, 0, 0, 0, 0, 0, 0, 0, 0, 0, 0, 138, 
        801, 2), .Dim = 5:4, .Dimnames = list(c("-3", "-2", "-1", 
        "0", "1"), c("A", "C", "G", "T"))), N = 945)), `2` = structure(c(0, 
    0, 0, 0, 0, 0, 0, 0, 0, 0, 0, 0, 0, 0, 0, 0, 0, 110, 665, 
    0), .Dim = 5:4, .Dimnames = list(c("-3", "-2", "-1", "0", 
    "1"), c("A", "C", "G", "T"))))))
