Results <-
list(`bwaOutput/20210421msiMNRsJenny/253977_S5.sam` = list(IM16_SNP1 = list(
    All = list(Freqs = structure(c(0L, 3L, 0L, 0L, 51L, 5579L, 
    74L, 11L, 0L, 2L, 0L, 0L, 0L, 100L, 5L, 0L), .Dim = c(4L, 
    4L), .Dimnames = structure(list(c("-1", "0", "1", NA), c("A", 
    "G", "T", NA)), .Names = c("", "")), class = "table"), N = 5825L), 
    Tag.Distribution = structure(c(`1` = 165L, `2` = 84L, `3` = 67L, 
    `4` = 69L, `5` = 59L, `6` = 56L, `7` = 35L, `8` = 49L, `9` = 33L, 
    `10` = 29L, `11` = 25L, `12` = 22L, `13` = 22L, `14` = 10L, 
    `15` = 14L, `16` = 11L, `17` = 13L, `18` = 7L, `19` = 6L, 
    `20` = 11L, `21` = 9L, `22` = 5L, `23` = 2L, `24` = 2L, `25` = 3L, 
    `27` = 3L, `29` = 1L, `30` = 2L, `31` = 1L, `33` = 2L, `35` = 1L, 
    `36` = 2L, `37` = 1L, `38` = 1L), .Dim = 34L, .Dimnames = structure(list(
        c("1", "2", "3", "4", "5", "6", "7", "8", "9", "10", 
        "11", "12", "13", "14", "15", "16", "17", "18", "19", 
        "20", "21", "22", "23", "24", "25", "27", "29", "30", 
        "31", "33", "35", "36", "37", "38")), .Names = ""), class = "table"), 
    No.Tag = structure(c(0L, 0L, 0L, 0L, 0L, 192L, 1L, 6L, 0L, 
    0L, 0L, 0L, 0L, 12L, 0L, 0L), .Dim = c(4L, 4L), .Dimnames = structure(list(
        c("-1", "0", "1", NA), c("A", "G", "T", NA)), .Names = c("", 
    "")), class = "table"), All.Tags = list(Concordant = list(
        Freqs = structure(c(0, 3, 0, 2, 717, 3, 0, 0, 0), .Dim = c(3L, 
        3L), .Dimnames = list(c("-1", "0", "1"), c("A", "G", 
        "T"))), N = 725), Majority = list(Freqs = structure(c(0, 
    3, 0, 2, 805, 5, 0, 0, 0), .Dim = c(3L, 3L), .Dimnames = list(
        c("-1", "0", "1"), c("A", "G", "T"))), N = 815)), `2` = structure(c(0, 
    0, 0, 1, 652, 3, 0, 0, 0), .Dim = c(3L, 3L), .Dimnames = list(
        c("-1", "0", "1"), c("A", "G", "T"))))))
