Results <-
list(`bwaOutput/20210421msiMNRsJenny/254340_S89.sam` = list(LR11_SNP1 = list(
    All = list(Freqs = structure(c(0L, 0L, 1L, 0L, 0L, 0L, 2L, 
    59L, 2854L, 22L, 0L, 6L, 1L, 64L, 2964L, 26L, 1L, 5L, 0L, 
    0L, 1L, 0L, 0L, 0L, 0L, 5L, 160L, 6L, 0L, 0L), .Dim = 6:5, .Dimnames = structure(list(
        c("-2", "-1", "0", "1", "2", NA), c("-", "A", "C", "G", 
        NA)), .Names = c("", "")), class = "table"), N = 6177L), 
    Tag.Distribution = structure(c(`1` = 171L, `2` = 54L, `3` = 50L, 
    `4` = 50L, `5` = 43L, `6` = 41L, `7` = 31L, `8` = 35L, `9` = 35L, 
    `10` = 39L, `11` = 35L, `12` = 33L, `13` = 23L, `14` = 23L, 
    `15` = 17L, `16` = 20L, `17` = 16L, `18` = 15L, `19` = 11L, 
    `20` = 12L, `21` = 8L, `22` = 6L, `23` = 5L, `25` = 1L, `26` = 1L, 
    `27` = 3L, `28` = 1L, `30` = 2L, `31` = 2L, `32` = 2L, `41` = 1L
    ), .Dim = 31L, .Dimnames = structure(list(c("1", "2", "3", 
    "4", "5", "6", "7", "8", "9", "10", "11", "12", "13", "14", 
    "15", "16", "17", "18", "19", "20", "21", "22", "23", "25", 
    "26", "27", "28", "30", "31", "32", "41")), .Names = ""), class = "table"), 
    No.Tag = structure(c(0L, 0L, 0L, 0L, 0L, 0L, 0L, 1L, 39L, 
    1L, 0L, 0L, 0L, 1L, 62L, 2L, 0L, 1L, 0L, 0L, 0L, 0L, 0L, 
    0L, 0L, 0L, 8L, 0L, 0L, 0L), .Dim = 6:5, .Dimnames = structure(list(
        c("-2", "-1", "0", "1", "2", NA), c("-", "A", "C", "G", 
        NA)), .Names = c("", "")), class = "table"), All.Tags = list(
        Concordant = list(Freqs = structure(c(0, 0, 0, 0, 0, 
        0, 0, 300, 1, 0, 0, 4, 307, 1, 0, 0, 0, 0, 0, 0), .Dim = 5:4, .Dimnames = list(
            c("-2", "-1", "0", "1", "2"), c("-", "A", "C", "G"
            ))), N = 613), Majority = list(Freqs = structure(c(0, 
        0, 0, 0, 0, 0, 0, 384, 1, 0, 0, 4, 375, 1, 0, 0, 0, 0, 
        0, 0), .Dim = 5:4, .Dimnames = list(c("-2", "-1", "0", 
        "1", "2"), c("-", "A", "C", "G"))), N = 765)), `2` = structure(c(0, 
    0, 0, 0, 0, 0, 0, 299, 0, 0, 0, 2, 305, 1, 0, 0, 0, 0, 0, 
    0), .Dim = 5:4, .Dimnames = list(c("-2", "-1", "0", "1", 
    "2"), c("-", "A", "C", "G"))))))
