Results <-
list(`bwaOutput/20210421msiMNRsJenny/254340_S89.sam` = list(LR49_SNP1 = list(
    All = list(Freqs = structure(c(0L, 6L, 0L, 0L, 15L, 5204L, 
    7L, 3L, 0L, 1L, 0L, 0L, 0L, 56L, 0L, 0L), .Dim = c(4L, 4L
    ), .Dimnames = structure(list(c("-1", "0", "1", NA), c("A", 
    "G", "T", NA)), .Names = c("", "")), class = "table"), N = 5292L), 
    Tag.Distribution = structure(c(`1` = 196L, `2` = 72L, `3` = 61L, 
    `4` = 66L, `5` = 69L, `6` = 38L, `7` = 39L, `8` = 41L, `9` = 36L, 
    `10` = 19L, `11` = 16L, `12` = 20L, `13` = 11L, `14` = 14L, 
    `15` = 7L, `16` = 10L, `17` = 12L, `18` = 8L, `19` = 5L, 
    `20` = 6L, `21` = 4L, `22` = 6L, `23` = 8L, `24` = 4L, `25` = 5L, 
    `26` = 3L, `27` = 2L, `29` = 2L, `30` = 1L, `32` = 1L, `33` = 1L, 
    `36` = 1L, `39` = 1L, `41` = 1L, `48` = 1L), .Dim = 35L, .Dimnames = structure(list(
        c("1", "2", "3", "4", "5", "6", "7", "8", "9", "10", 
        "11", "12", "13", "14", "15", "16", "17", "18", "19", 
        "20", "21", "22", "23", "24", "25", "26", "27", "29", 
        "30", "32", "33", "36", "39", "41", "48")), .Names = ""), class = "table"), 
    No.Tag = structure(c(0L, 1L, 0L, 0L, 1L, 152L, 0L, 1L, 0L, 
    0L, 0L, 0L, 0L, 9L, 0L, 0L), .Dim = c(4L, 4L), .Dimnames = structure(list(
        c("-1", "0", "1", NA), c("A", "G", "T", NA)), .Names = c("", 
    "")), class = "table"), All.Tags = list(Concordant = list(
        Freqs = structure(c(0, 1, 0, 2, 753, 0, 0, 0, 0), .Dim = c(3L, 
        3L), .Dimnames = list(c("-1", "0", "1"), c("A", "G", 
        "T"))), N = 756), Majority = list(Freqs = structure(c(0, 
    1, 0, 2, 774, 0, 0, 0, 0), .Dim = c(3L, 3L), .Dimnames = list(
        c("-1", "0", "1"), c("A", "G", "T"))), N = 777)), `2` = structure(c(0, 
    0, 0, 0, 590, 0, 0, 0, 0), .Dim = c(3L, 3L), .Dimnames = list(
        c("-1", "0", "1"), c("A", "G", "T"))))))
