Results <-
list(`bwaOutput/20210421msiMNRsJenny/254340_S89.sam` = list(LR40_SNP1 = list(
    All = list(Freqs = structure(c(0L, 0L, 1L, 0L, 0L, 2L, 62L, 
    5782L, 17L, 13L, 0L, 0L, 1L, 0L, 0L, 0L, 0L, 2L, 0L, 0L, 
    0L, 0L, 49L, 0L, 0L), .Dim = c(5L, 5L), .Dimnames = structure(list(
        c("-2", "-1", "0", "1", NA), c("A", "C", "G", "T", NA
        )), .Names = c("", "")), class = "table"), N = 5929L), 
    Tag.Distribution = structure(c(`1` = 148L, `2` = 63L, `3` = 54L, 
    `4` = 55L, `5` = 31L, `6` = 47L, `7` = 27L, `8` = 29L, `9` = 35L, 
    `10` = 36L, `11` = 32L, `12` = 23L, `13` = 20L, `14` = 24L, 
    `15` = 11L, `16` = 14L, `17` = 17L, `18` = 15L, `19` = 6L, 
    `20` = 4L, `21` = 12L, `22` = 5L, `23` = 3L, `24` = 5L, `25` = 5L, 
    `26` = 1L, `27` = 3L, `29` = 3L, `30` = 2L, `32` = 1L, `33` = 1L, 
    `36` = 1L, `37` = 1L, `40` = 2L, `43` = 1L, `45` = 1L), .Dim = 36L, .Dimnames = structure(list(
        c("1", "2", "3", "4", "5", "6", "7", "8", "9", "10", 
        "11", "12", "13", "14", "15", "16", "17", "18", "19", 
        "20", "21", "22", "23", "24", "25", "26", "27", "29", 
        "30", "32", "33", "36", "37", "40", "43", "45")), .Names = ""), class = "table"), 
    No.Tag = structure(c(0L, 0L, 0L, 0L, 0L, 1L, 1L, 128L, 0L, 
    2L, 0L, 0L, 0L, 0L, 0L, 0L, 0L, 0L, 0L, 0L, 0L, 0L, 6L, 0L, 
    0L), .Dim = c(5L, 5L), .Dimnames = structure(list(c("-2", 
    "-1", "0", "1", NA), c("A", "C", "G", "T", NA)), .Names = c("", 
    "")), class = "table"), All.Tags = list(Concordant = list(
        Freqs = structure(c(0, 0, 1, 0, 0, 1, 665, 0, 0, 0, 0, 
        0, 0, 0, 0, 0), .Dim = c(4L, 4L), .Dimnames = list(c("-2", 
        "-1", "0", "1"), c("A", "C", "G", "T"))), N = 667), Majority = list(
        Freqs = structure(c(0, 0, 1, 0, 0, 2, 731, 0, 0, 0, 0, 
        0, 0, 0, 0, 0), .Dim = c(4L, 4L), .Dimnames = list(c("-2", 
        "-1", "0", "1"), c("A", "C", "G", "T"))), N = 734)), 
    `2` = structure(c(0, 0, 0, 0, 0, 1, 589, 0, 0, 0, 0, 0, 0, 
    0, 0, 0), .Dim = c(4L, 4L), .Dimnames = list(c("-2", "-1", 
    "0", "1"), c("A", "C", "G", "T"))))))
