Results <-
list(`bwaOutput/20210421msiMNRsJenny/254340_S89.sam` = list(GM29_SNP1 = list(
    All = list(Freqs = structure(c(2L, 136L, 9340L, 37L, 16L, 
    0L, 0L, 7L, 0L, 0L, 0L, 1L, 86L, 0L, 0L), .Dim = c(5L, 3L
    ), .Dimnames = structure(list(c("-2", "-1", "0", "1", NA), 
        c("A", "G", NA)), .Names = c("", "")), class = "table"), 
        N = 9625L), Tag.Distribution = structure(c(`1` = 182L, 
    `2` = 82L, `3` = 61L, `4` = 63L, `5` = 53L, `6` = 50L, `7` = 48L, 
    `8` = 43L, `9` = 28L, `10` = 35L, `11` = 27L, `12` = 28L, 
    `13` = 18L, `14` = 20L, `15` = 24L, `16` = 16L, `17` = 16L, 
    `18` = 20L, `19` = 19L, `20` = 15L, `21` = 11L, `22` = 8L, 
    `23` = 12L, `24` = 8L, `25` = 5L, `26` = 11L, `27` = 6L, 
    `28` = 4L, `29` = 6L, `30` = 3L, `31` = 5L, `33` = 2L, `35` = 3L, 
    `36` = 3L, `37` = 1L, `38` = 3L, `39` = 1L, `40` = 3L, `41` = 1L, 
    `43` = 2L, `45` = 1L, `47` = 2L, `48` = 1L, `49` = 2L, `51` = 1L, 
    `52` = 1L, `72` = 1L, `84` = 1L, `86` = 1L, `88` = 1L, `141` = 1L
    ), .Dim = 51L, .Dimnames = structure(list(c("1", "2", "3", 
    "4", "5", "6", "7", "8", "9", "10", "11", "12", "13", "14", 
    "15", "16", "17", "18", "19", "20", "21", "22", "23", "24", 
    "25", "26", "27", "28", "29", "30", "31", "33", "35", "36", 
    "37", "38", "39", "40", "41", "43", "45", "47", "48", "49", 
    "51", "52", "72", "84", "86", "88", "141")), .Names = ""), class = "table"), 
    No.Tag = structure(c(0L, 5L, 368L, 0L, 1L, 0L, 0L, 1L, 0L, 
    0L, 0L, 0L, 12L, 0L, 0L), .Dim = c(5L, 3L), .Dimnames = structure(list(
        c("-2", "-1", "0", "1", NA), c("A", "G", NA)), .Names = c("", 
    "")), class = "table"), All.Tags = list(Concordant = list(
        Freqs = structure(c(0, 3, 826, 1, 0, 0, 2, 0), .Dim = c(4L, 
        2L), .Dimnames = list(c("-2", "-1", "0", "1"), c("A", 
        "G"))), N = 832), Majority = list(Freqs = structure(c(0, 
    3, 944, 2, 0, 0, 2, 0), .Dim = c(4L, 2L), .Dimnames = list(
        c("-2", "-1", "0", "1"), c("A", "G"))), N = 951)), `2` = structure(c(0, 
    1, 770, 2, 0, 0, 0, 0), .Dim = c(4L, 2L), .Dimnames = list(
        c("-2", "-1", "0", "1"), c("A", "G"))))))
