Results <-
list(`bwaOutput/20210421msiMNRsJenny/254340_S89.sam` = list(LR20_SNP1 = list(
    All = list(Freqs = structure(c(0L, 1L, 0L, 0L, 13L, 8262L, 
    24L, 7L, 0L, 2L, 0L, 0L, 1L, 27L, 0L, 0L), .Dim = c(4L, 4L
    ), .Dimnames = structure(list(c("-1", "0", "1", NA), c("-", 
    "A", "G", NA)), .Names = c("", "")), class = "table"), N = 8337L), 
    Tag.Distribution = structure(c(`1` = 191L, `2` = 79L, `3` = 70L, 
    `4` = 71L, `5` = 56L, `6` = 66L, `7` = 42L, `8` = 48L, `9` = 39L, 
    `10` = 45L, `11` = 43L, `12` = 38L, `13` = 31L, `14` = 28L, 
    `15` = 25L, `16` = 18L, `17` = 21L, `18` = 13L, `19` = 16L, 
    `20` = 14L, `21` = 14L, `22` = 5L, `23` = 6L, `24` = 4L, 
    `25` = 7L, `26` = 5L, `27` = 2L, `28` = 2L, `29` = 2L, `30` = 3L, 
    `31` = 1L, `32` = 1L, `33` = 1L, `38` = 3L, `39` = 1L, `44` = 1L
    ), .Dim = 36L, .Dimnames = structure(list(c("1", "2", "3", 
    "4", "5", "6", "7", "8", "9", "10", "11", "12", "13", "14", 
    "15", "16", "17", "18", "19", "20", "21", "22", "23", "24", 
    "25", "26", "27", "28", "29", "30", "31", "32", "33", "38", 
    "39", "44")), .Names = ""), class = "table"), No.Tag = structure(c(0L, 
    0L, 0L, 0L, 1L, 276L, 0L, 1L, 0L, 0L, 0L, 0L, 0L, 5L, 0L, 
    0L), .Dim = c(4L, 4L), .Dimnames = structure(list(c("-1", 
    "0", "1", NA), c("-", "A", "G", NA)), .Names = c("", "")), class = "table"), 
    All.Tags = list(Concordant = list(Freqs = structure(c(0, 
    0, 0, 0, 982, 0, 0, 2, 0), .Dim = c(3L, 3L), .Dimnames = list(
        c("-1", "0", "1"), c("-", "A", "G"))), N = 984), Majority = list(
        Freqs = structure(c(0, 0, 0, 0, 1007, 0, 0, 2, 0), .Dim = c(3L, 
        3L), .Dimnames = list(c("-1", "0", "1"), c("-", "A", 
        "G"))), N = 1009)), `2` = structure(c(0, 0, 0, 0, 821, 
    0, 0, 0, 0), .Dim = c(3L, 3L), .Dimnames = list(c("-1", "0", 
    "1"), c("-", "A", "G"))))))
