Results <-
list(`bwaOutput/20210421msiMNRsJenny/254340_S89.sam` = list(GM17_SNP1 = list(
    All = list(Freqs = structure(c(0L, 0L, 1L, 0L, 0L, 0L, 1L, 
    15L, 0L, 0L, 4L, 151L, 11797L, 34L, 12L, 0L, 3L, 387L, 1L, 
    0L), .Dim = 5:4, .Dimnames = structure(list(c("-2", "-1", 
    "0", "1", NA), c("A", "C", "T", NA)), .Names = c("", "")), class = "table"), 
        N = 12406L), Tag.Distribution = structure(c(`1` = 255L, 
    `2` = 106L, `3` = 81L, `4` = 54L, `5` = 69L, `6` = 72L, `7` = 59L, 
    `8` = 65L, `9` = 56L, `10` = 45L, `11` = 40L, `12` = 54L, 
    `13` = 41L, `14` = 31L, `15` = 28L, `16` = 31L, `17` = 34L, 
    `18` = 31L, `19` = 34L, `20` = 23L, `21` = 16L, `22` = 19L, 
    `23` = 15L, `24` = 12L, `25` = 10L, `26` = 7L, `27` = 8L, 
    `28` = 2L, `29` = 6L, `30` = 2L, `31` = 3L, `32` = 4L, `33` = 5L, 
    `34` = 1L, `35` = 3L, `36` = 1L, `37` = 2L, `38` = 2L, `39` = 1L, 
    `40` = 2L, `44` = 1L, `54` = 1L), .Dim = 42L, .Dimnames = structure(list(
        c("1", "2", "3", "4", "5", "6", "7", "8", "9", "10", 
        "11", "12", "13", "14", "15", "16", "17", "18", "19", 
        "20", "21", "22", "23", "24", "25", "26", "27", "28", 
        "29", "30", "31", "32", "33", "34", "35", "36", "37", 
        "38", "39", "40", "44", "54")), .Names = ""), class = "table"), 
    No.Tag = structure(c(0L, 0L, 0L, 0L, 0L, 0L, 0L, 0L, 0L, 
    0L, 0L, 6L, 320L, 0L, 0L, 0L, 0L, 24L, 0L, 0L), .Dim = 5:4, .Dimnames = structure(list(
        c("-2", "-1", "0", "1", NA), c("A", "C", "T", NA)), .Names = c("", 
    "")), class = "table"), All.Tags = list(Concordant = list(
        Freqs = structure(c(0, 0, 0, 0, 0, 1, 8, 0, 0, 3, 1146, 
        0), .Dim = 4:3, .Dimnames = list(c("-2", "-1", "0", "1"
        ), c("A", "C", "T"))), N = 1158), Majority = list(Freqs = structure(c(0, 
    0, 0, 0, 0, 1, 8, 0, 0, 3, 1301, 0), .Dim = 4:3, .Dimnames = list(
        c("-2", "-1", "0", "1"), c("A", "C", "T"))), N = 1313)), 
    `2` = structure(c(0, 0, 0, 0, 0, 0, 0, 0, 0, 0, 1074, 0), .Dim = 4:3, .Dimnames = list(
        c("-2", "-1", "0", "1"), c("A", "C", "T"))))))
