Results <-
list(`bwaOutput/20210421msiMNRsJenny/254340_S89.sam` = list(LR46_SNP1 = list(
    All = list(Freqs = structure(c(0L, 1L, 0L, 0L, 0L, 1L, 0L, 
    0L, 27L, 5371L, 17L, 18L, 0L, 33L, 0L, 0L, 0L, 37L, 0L, 0L
    ), .Dim = 4:5, .Dimnames = structure(list(c("-1", "0", "1", 
    NA), c("A", "C", "G", "T", NA)), .Names = c("", "")), class = "table"), 
        N = 5505L), Tag.Distribution = structure(c(`1` = 155L, 
    `2` = 53L, `3` = 30L, `4` = 26L, `5` = 39L, `6` = 36L, `7` = 28L, 
    `8` = 20L, `9` = 31L, `10` = 20L, `11` = 18L, `12` = 24L, 
    `13` = 21L, `14` = 12L, `15` = 20L, `16` = 19L, `17` = 14L, 
    `18` = 14L, `19` = 10L, `20` = 5L, `21` = 6L, `22` = 8L, 
    `23` = 6L, `24` = 7L, `25` = 1L, `26` = 1L, `27` = 5L, `28` = 2L, 
    `29` = 4L, `30` = 2L, `31` = 2L, `35` = 3L, `40` = 1L, `45` = 2L
    ), .Dim = 34L, .Dimnames = structure(list(c("1", "2", "3", 
    "4", "5", "6", "7", "8", "9", "10", "11", "12", "13", "14", 
    "15", "16", "17", "18", "19", "20", "21", "22", "23", "24", 
    "25", "26", "27", "28", "29", "30", "31", "35", "40", "45"
    )), .Names = ""), class = "table"), No.Tag = structure(c(0L, 
    0L, 0L, 0L, 0L, 0L, 0L, 0L, 1L, 165L, 0L, 2L, 0L, 1L, 0L, 
    0L, 0L, 1L, 0L, 0L), .Dim = 4:5, .Dimnames = structure(list(
        c("-1", "0", "1", NA), c("A", "C", "G", "T", NA)), .Names = c("", 
    "")), class = "table"), All.Tags = list(Concordant = list(
        Freqs = structure(c(0, 0, 0, 0, 0, 0, 2, 595, 0, 0, 2, 
        0), .Dim = 3:4, .Dimnames = list(c("-1", "0", "1"), c("A", 
        "C", "G", "T"))), N = 599), Majority = list(Freqs = structure(c(0, 
    0, 0, 0, 0, 0, 2, 633, 0, 0, 2, 0), .Dim = 3:4, .Dimnames = list(
        c("-1", "0", "1"), c("A", "C", "G", "T"))), N = 637)), 
    `2` = structure(c(0, 0, 0, 0, 0, 0, 0, 488, 0, 0, 1, 0), .Dim = 3:4, .Dimnames = list(
        c("-1", "0", "1"), c("A", "C", "G", "T"))))))
