Results <-
list(`bwaOutput/20210421msiMNRsJenny/254340_S89.sam` = list(LR36_SNP1 = list(
    All = list(Freqs = structure(c(0L, 0L, 0L, 0L, 1L, 0L, 0L, 
    0L, 1L, 3L, 10L, 267L, 13453L, 135L, 3L, 147L, 0L, 0L, 0L, 
    0L, 2L, 0L, 0L, 0L, 0L, 0L, 0L, 0L, 4L, 0L, 0L, 0L, 0L, 0L, 
    1L, 5L, 416L, 2L, 0L, 0L), .Dim = c(8L, 5L), .Dimnames = structure(list(
        c("-4", "-3", "-2", "-1", "0", "1", "2", NA), c("-", 
        "A", "G", "T", NA)), .Names = c("", "")), class = "table"), 
        N = 14450L), Tag.Distribution = structure(c(`1` = 320L, 
    `2` = 123L, `3` = 97L, `4` = 87L, `5` = 87L, `6` = 83L, `7` = 70L, 
    `8` = 83L, `9` = 64L, `10` = 56L, `11` = 52L, `12` = 61L, 
    `13` = 42L, `14` = 44L, `15` = 39L, `16` = 45L, `17` = 37L, 
    `18` = 40L, `19` = 24L, `20` = 16L, `21` = 13L, `22` = 13L, 
    `23` = 13L, `24` = 15L, `25` = 8L, `26` = 11L, `27` = 6L, 
    `28` = 4L, `29` = 5L, `30` = 9L, `31` = 3L, `32` = 5L, `36` = 1L, 
    `37` = 3L, `38` = 4L, `39` = 2L, `40` = 3L, `41` = 2L, `45` = 2L, 
    `48` = 1L, `52` = 1L, `59` = 2L), .Dim = 42L, .Dimnames = structure(list(
        c("1", "2", "3", "4", "5", "6", "7", "8", "9", "10", 
        "11", "12", "13", "14", "15", "16", "17", "18", "19", 
        "20", "21", "22", "23", "24", "25", "26", "27", "28", 
        "29", "30", "31", "32", "36", "37", "38", "39", "40", 
        "41", "45", "48", "52", "59")), .Names = ""), class = "table"), 
    No.Tag = structure(c(0L, 0L, 0L, 0L, 0L, 0L, 0L, 0L, 0L, 
    0L, 0L, 7L, 509L, 8L, 0L, 16L, 0L, 0L, 0L, 0L, 1L, 0L, 0L, 
    0L, 0L, 0L, 0L, 0L, 2L, 0L, 0L, 0L, 0L, 0L, 0L, 0L, 50L, 
    0L, 0L, 0L), .Dim = c(8L, 5L), .Dimnames = structure(list(
        c("-4", "-3", "-2", "-1", "0", "1", "2", NA), c("-", 
        "A", "G", "T", NA)), .Names = c("", "")), class = "table"), 
    All.Tags = list(Concordant = list(Freqs = structure(c(0, 
    0, 0, 0, 0, 0, 0, 0, 0, 0, 9, 1260, 4, 0, 0, 0, 0, 0, 0, 
    0, 0, 0, 0, 0, 0, 1, 0, 0), .Dim = c(7L, 4L), .Dimnames = list(
        c("-4", "-3", "-2", "-1", "0", "1", "2"), c("-", "A", 
        "G", "T"))), N = 1274), Majority = list(Freqs = structure(c(0, 
    0, 0, 0, 0, 0, 0, 0, 0, 0, 10, 1548, 4, 0, 0, 0, 0, 0, 0, 
    0, 0, 0, 0, 0, 0, 1, 0, 0), .Dim = c(7L, 4L), .Dimnames = list(
        c("-4", "-3", "-2", "-1", "0", "1", "2"), c("-", "A", 
        "G", "T"))), N = 1563)), `2` = structure(c(0, 0, 0, 0, 
    0, 0, 0, 0, 0, 0, 1, 1266, 1, 0, 0, 0, 0, 0, 0, 0, 0, 0, 
    0, 0, 0, 0, 0, 0), .Dim = c(7L, 4L), .Dimnames = list(c("-4", 
    "-3", "-2", "-1", "0", "1", "2"), c("-", "A", "G", "T"))))))
