Results <-
list(`bwaOutput/20210421msiMNRsJenny/254340_S89.sam` = list(DEPDC2_SNP1 = list(
    All = list(Freqs = structure(c(0L, 4L, 0L, 0L, 9L, 1579L, 
    6L, 4L, 7L, 1846L, 7L, 7L, 0L, 41L, 0L, 0L), .Dim = c(4L, 
    4L), .Dimnames = structure(list(c("-1", "0", "1", NA), c("A", 
    "C", "T", NA)), .Names = c("", "")), class = "table"), N = 3510L), 
    Tag.Distribution = structure(c(`1` = 158L, `2` = 57L, `3` = 46L, 
    `4` = 44L, `5` = 35L, `6` = 36L, `7` = 21L, `8` = 24L, `9` = 28L, 
    `10` = 20L, `11` = 17L, `12` = 15L, `13` = 13L, `14` = 12L, 
    `15` = 12L, `16` = 11L, `17` = 7L, `18` = 5L, `19` = 6L, 
    `21` = 2L, `22` = 2L, `24` = 1L, `29` = 1L, `30` = 1L, `43` = 1L
    ), .Dim = 25L, .Dimnames = structure(list(c("1", "2", "3", 
    "4", "5", "6", "7", "8", "9", "10", "11", "12", "13", "14", 
    "15", "16", "17", "18", "19", "21", "22", "24", "29", "30", 
    "43")), .Names = ""), class = "table"), No.Tag = structure(c(0L, 
    0L, 0L, 0L, 0L, 67L, 0L, 0L, 0L, 75L, 0L, 0L, 0L, 5L, 0L, 
    0L), .Dim = c(4L, 4L), .Dimnames = structure(list(c("-1", 
    "0", "1", NA), c("A", "C", "T", NA)), .Names = c("", "")), class = "table"), 
    All.Tags = list(Concordant = list(Freqs = structure(c(0, 
    1, 0, 0, 256, 0, 1, 259, 0), .Dim = c(3L, 3L), .Dimnames = list(
        c("-1", "0", "1"), c("A", "C", "T"))), N = 517), Majority = list(
        Freqs = structure(c(0, 1, 0, 0, 278, 0, 2, 281, 0), .Dim = c(3L, 
        3L), .Dimnames = list(c("-1", "0", "1"), c("A", "C", 
        "T"))), N = 562)), `2` = structure(c(0, 1, 0, 0, 207, 
    0, 1, 205, 0), .Dim = c(3L, 3L), .Dimnames = list(c("-1", 
    "0", "1"), c("A", "C", "T"))))))
