Results <-
list(`bwaOutput/20210421msiMNRsJenny/254340_S89.sam` = list(GM01_SNP1 = list(
    All = list(Freqs = structure(c(0L, 0L, 2L, 0L, 0L, 0L, 2L, 
    148L, 9973L, 47L, 1L, 17L, 0L, 0L, 1L, 0L, 0L, 0L, 0L, 0L, 
    24L, 0L, 0L, 0L, 0L, 1L, 125L, 1L, 0L, 0L), .Dim = 6:5, .Dimnames = structure(list(
        c("-2", "-1", "0", "1", "2", NA), c("-", "A", "C", "G", 
        NA)), .Names = c("", "")), class = "table"), N = 10342L), 
    Tag.Distribution = structure(c(`1` = 208L, `2` = 65L, `3` = 77L, 
    `4` = 54L, `5` = 58L, `6` = 48L, `7` = 61L, `8` = 63L, `9` = 53L, 
    `10` = 44L, `11` = 50L, `12` = 46L, `13` = 42L, `14` = 40L, 
    `15` = 36L, `16` = 27L, `17` = 25L, `18` = 18L, `19` = 21L, 
    `20` = 13L, `21` = 12L, `22` = 6L, `23` = 8L, `24` = 10L, 
    `25` = 8L, `26` = 2L, `27` = 5L, `28` = 2L, `29` = 3L, `30` = 2L, 
    `31` = 4L, `32` = 5L, `33` = 1L, `34` = 3L, `35` = 1L, `36` = 1L, 
    `37` = 3L, `39` = 1L, `41` = 3L, `43` = 1L, `47` = 1L, `61` = 1L, 
    `62` = 1L), .Dim = 43L, .Dimnames = structure(list(c("1", 
    "2", "3", "4", "5", "6", "7", "8", "9", "10", "11", "12", 
    "13", "14", "15", "16", "17", "18", "19", "20", "21", "22", 
    "23", "24", "25", "26", "27", "28", "29", "30", "31", "32", 
    "33", "34", "35", "36", "37", "39", "41", "43", "47", "61", 
    "62")), .Names = ""), class = "table"), No.Tag = structure(c(0L, 
    0L, 0L, 0L, 0L, 0L, 0L, 4L, 158L, 0L, 0L, 0L, 0L, 0L, 0L, 
    0L, 0L, 0L, 0L, 0L, 1L, 0L, 0L, 0L, 0L, 0L, 6L, 0L, 0L, 0L
    ), .Dim = 6:5, .Dimnames = structure(list(c("-2", "-1", "0", 
    "1", "2", NA), c("-", "A", "C", "G", NA)), .Names = c("", 
    "")), class = "table"), All.Tags = list(Concordant = list(
        Freqs = structure(c(0, 0, 0, 0, 0, 0, 4, 952, 0, 0, 0, 
        0, 0, 0, 0, 0, 0, 10, 0, 0), .Dim = 5:4, .Dimnames = list(
            c("-2", "-1", "0", "1", "2"), c("-", "A", "C", "G"
            ))), N = 966), Majority = list(Freqs = structure(c(0, 
    0, 0, 0, 0, 0, 5, 1104, 1, 0, 0, 0, 0, 0, 0, 0, 0, 11, 0, 
    0), .Dim = 5:4, .Dimnames = list(c("-2", "-1", "0", "1", 
    "2"), c("-", "A", "C", "G"))), N = 1121)), `2` = structure(c(0, 
    0, 0, 0, 0, 0, 1, 920, 1, 0, 0, 0, 0, 0, 0, 0, 0, 1, 0, 0
    ), .Dim = 5:4, .Dimnames = list(c("-2", "-1", "0", "1", "2"
    ), c("-", "A", "C", "G"))))))
