Results <-
list(`bwaOutput/20210421msiMNRsJenny/254340_S89.sam` = list(LR48_SNP1 = list(
    All = list(Freqs = structure(c(0L, 0L, 0L, 2L, 0L, 0L, 0L, 
    1L, 4L, 150L, 5860L, 106L, 1L, 38L, 0L, 0L, 0L, 5L, 0L, 0L, 
    1L, 0L, 1L, 2L, 154L, 1L, 0L, 0L), .Dim = c(7L, 4L), .Dimnames = structure(list(
        c("-3", "-2", "-1", "0", "1", "2", NA), c("A", "C", "T", 
        NA)), .Names = c("", "")), class = "table"), N = 6326L), 
    Tag.Distribution = structure(c(`1` = 144L, `2` = 28L, `3` = 37L, 
    `4` = 35L, `5` = 28L, `6` = 24L, `7` = 22L, `8` = 31L, `9` = 21L, 
    `10` = 30L, `11` = 25L, `12` = 23L, `13` = 16L, `14` = 21L, 
    `15` = 16L, `16` = 16L, `17` = 17L, `18` = 15L, `19` = 14L, 
    `20` = 11L, `21` = 12L, `22` = 6L, `23` = 12L, `24` = 8L, 
    `25` = 6L, `26` = 9L, `27` = 1L, `28` = 3L, `29` = 1L, `30` = 1L, 
    `31` = 3L, `32` = 1L, `33` = 4L, `34` = 2L, `36` = 1L, `42` = 1L, 
    `43` = 1L, `45` = 1L, `47` = 1L), .Dim = 39L, .Dimnames = structure(list(
        c("1", "2", "3", "4", "5", "6", "7", "8", "9", "10", 
        "11", "12", "13", "14", "15", "16", "17", "18", "19", 
        "20", "21", "22", "23", "24", "25", "26", "27", "28", 
        "29", "30", "31", "32", "33", "34", "36", "42", "43", 
        "45", "47")), .Names = ""), class = "table"), No.Tag = structure(c(0L, 
    0L, 0L, 0L, 0L, 0L, 0L, 0L, 0L, 4L, 144L, 4L, 0L, 1L, 0L, 
    0L, 0L, 0L, 0L, 0L, 0L, 0L, 0L, 0L, 9L, 0L, 0L, 0L), .Dim = c(7L, 
    4L), .Dimnames = structure(list(c("-3", "-2", "-1", "0", 
    "1", "2", NA), c("A", "C", "T", NA)), .Names = c("", "")), class = "table"), 
    All.Tags = list(Concordant = list(Freqs = structure(c(0, 
    0, 0, 0, 0, 0, 0, 0, 2, 461, 0, 0, 0, 0, 0, 2, 0, 0), .Dim = c(6L, 
    3L), .Dimnames = list(c("-3", "-2", "-1", "0", "1", "2"), 
        c("A", "C", "T"))), N = 465), Majority = list(Freqs = structure(c(0, 
    0, 0, 0, 0, 0, 0, 0, 2, 625, 0, 0, 0, 0, 0, 2, 0, 0), .Dim = c(6L, 
    3L), .Dimnames = list(c("-3", "-2", "-1", "0", "1", "2"), 
        c("A", "C", "T"))), N = 629)), `2` = structure(c(0, 0, 
    0, 0, 0, 0, 0, 0, 0, 499, 0, 0, 0, 0, 0, 1, 0, 0), .Dim = c(6L, 
    3L), .Dimnames = list(c("-3", "-2", "-1", "0", "1", "2"), 
        c("A", "C", "T"))))))
