Results <-
list(`bwaOutput/20210421msiMNRsJenny/254340_S89.sam` = list(LR52_SNP1 = list(
    All = list(Freqs = structure(c(1L, 37L, 284L, 2265L, 18L, 
    31L, 0L, 1L, 4L, 12L, 0L, 1L, 0L, 0L, 12L, 602L, 7L, 0L), .Dim = c(6L, 
    3L), .Dimnames = structure(list(c("-3", "-2", "-1", "0", 
    "1", NA), c("C", "T", NA)), .Names = c("", "")), class = "table"), 
        N = 3275L), Tag.Distribution = structure(c(`1` = 63L, 
    `2` = 28L, `3` = 33L, `4` = 19L, `5` = 32L, `6` = 26L, `7` = 19L, 
    `8` = 19L, `9` = 21L, `10` = 20L, `11` = 19L, `12` = 19L, 
    `13` = 12L, `14` = 18L, `15` = 10L, `16` = 11L, `17` = 8L, 
    `18` = 7L, `19` = 5L, `21` = 4L, `22` = 4L, `23` = 2L, `26` = 2L, 
    `27` = 1L, `30` = 1L, `31` = 1L, `32` = 1L), .Dim = 27L, .Dimnames = structure(list(
        c("1", "2", "3", "4", "5", "6", "7", "8", "9", "10", 
        "11", "12", "13", "14", "15", "16", "17", "18", "19", 
        "21", "22", "23", "26", "27", "30", "31", "32")), .Names = ""), class = "table"), 
    No.Tag = structure(c(0L, 1L, 5L, 59L, 0L, 0L, 0L, 0L, 1L, 
    1L, 0L, 1L, 0L, 0L, 0L, 5L, 0L, 0L), .Dim = c(6L, 3L), .Dimnames = structure(list(
        c("-3", "-2", "-1", "0", "1", NA), c("C", "T", NA)), .Names = c("", 
    "")), class = "table"), All.Tags = list(Concordant = list(
        Freqs = structure(c(0, 3, 10, 205, 1, 0, 1, 1, 2, 0), .Dim = c(5L, 
        2L), .Dimnames = list(c("-3", "-2", "-1", "0", "1"), 
            c("C", "T"))), N = 223), Majority = list(Freqs = structure(c(0, 
    4, 16, 353, 2, 0, 1, 1, 2, 0), .Dim = c(5L, 2L), .Dimnames = list(
        c("-3", "-2", "-1", "0", "1"), c("C", "T"))), N = 379)), 
    `2` = structure(c(0, 1, 14, 316, 2, 0, 0, 1, 1, 0), .Dim = c(5L, 
    2L), .Dimnames = list(c("-3", "-2", "-1", "0", "1"), c("C", 
    "T"))))))
