Results <-
list(`bwaOutput/20210421msiMNRsJenny/254340_S89.sam` = list(GM22_SNP1 = list(
    All = list(Freqs = structure(c(1L, 59L, 2503L, 7L, 2L, 2L, 
    59L, 4177L, 22L, 9L, 0L, 0L, 1L, 0L, 0L, 0L, 3L, 162L, 2L, 
    0L), .Dim = 5:4, .Dimnames = structure(list(c("-2", "-1", 
    "0", "1", NA), c("A", "G", "T", NA)), .Names = c("", "")), class = "table"), 
        N = 7009L), Tag.Distribution = structure(c(`1` = 177L, 
    `2` = 58L, `3` = 47L, `4` = 43L, `5` = 50L, `6` = 36L, `7` = 35L, 
    `8` = 35L, `9` = 38L, `10` = 32L, `11` = 27L, `12` = 33L, 
    `13` = 19L, `14` = 29L, `15` = 22L, `16` = 19L, `17` = 26L, 
    `18` = 19L, `19` = 7L, `20` = 10L, `21` = 10L, `22` = 9L, 
    `23` = 2L, `24` = 7L, `25` = 6L, `26` = 6L, `27` = 1L, `28` = 4L, 
    `29` = 1L, `31` = 1L, `35` = 1L, `36` = 1L, `38` = 2L, `39` = 2L, 
    `40` = 1L, `48` = 1L), .Dim = 36L, .Dimnames = structure(list(
        c("1", "2", "3", "4", "5", "6", "7", "8", "9", "10", 
        "11", "12", "13", "14", "15", "16", "17", "18", "19", 
        "20", "21", "22", "23", "24", "25", "26", "27", "28", 
        "29", "31", "35", "36", "38", "39", "40", "48")), .Names = ""), class = "table"), 
    No.Tag = structure(c(0L, 1L, 66L, 0L, 0L, 0L, 2L, 123L, 1L, 
    1L, 0L, 0L, 0L, 0L, 0L, 0L, 0L, 19L, 0L, 0L), .Dim = 5:4, .Dimnames = structure(list(
        c("-2", "-1", "0", "1", NA), c("A", "G", "T", NA)), .Names = c("", 
    "")), class = "table"), All.Tags = list(Concordant = list(
        Freqs = structure(c(0, 1, 239, 0, 0, 0, 400, 1, 0, 0, 
        0, 0), .Dim = 4:3, .Dimnames = list(c("-2", "-1", "0", 
        "1"), c("A", "G", "T"))), N = 641), Majority = list(Freqs = structure(c(0, 
    1, 294, 0, 0, 0, 490, 1, 0, 0, 0, 0), .Dim = 4:3, .Dimnames = list(
        c("-2", "-1", "0", "1"), c("A", "G", "T"))), N = 786)), 
    `2` = structure(c(0, 1, 235, 0, 0, 0, 397, 0, 0, 0, 0, 0), .Dim = 4:3, .Dimnames = list(
        c("-2", "-1", "0", "1"), c("A", "G", "T"))))))
