Results <-
list(`bwaOutput/20210421msiMNRsJenny/254340_S89.sam` = list(GM14_SNP1 = list(
    All = list(Freqs = structure(c(0L, 0L, 0L, 4L, 0L, 0L, 0L, 
    0L, 7L, 98L, 3327L, 37L, 3L, 6L, 0L, 0L, 0L, 1L, 0L, 0L, 
    0L, 1L, 1L, 59L, 3397L, 17L, 0L, 1L, 0L, 0L, 1L, 77L, 0L, 
    0L, 0L), .Dim = c(7L, 5L), .Dimnames = structure(list(c("-3", 
    "-2", "-1", "0", "1", "2", NA), c("A", "C", "G", "T", NA)), .Names = c("", 
    "")), class = "table"), N = 7037L), Tag.Distribution = structure(c(`1` = 170L, 
    `2` = 59L, `3` = 65L, `4` = 51L, `5` = 50L, `6` = 38L, `7` = 47L, 
    `8` = 39L, `9` = 38L, `10` = 34L, `11` = 40L, `12` = 32L, 
    `13` = 27L, `14` = 30L, `15` = 29L, `16` = 14L, `17` = 19L, 
    `18` = 8L, `19` = 12L, `20` = 7L, `21` = 6L, `22` = 7L, `23` = 4L, 
    `24` = 7L, `25` = 7L, `26` = 3L, `27` = 2L, `28` = 1L, `29` = 4L, 
    `31` = 2L, `32` = 1L, `36` = 1L, `37` = 2L, `38` = 1L, `55` = 1L
    ), .Dim = 35L, .Dimnames = structure(list(c("1", "2", "3", 
    "4", "5", "6", "7", "8", "9", "10", "11", "12", "13", "14", 
    "15", "16", "17", "18", "19", "20", "21", "22", "23", "24", 
    "25", "26", "27", "28", "29", "31", "32", "36", "37", "38", 
    "55")), .Names = ""), class = "table"), No.Tag = structure(c(0L, 
    0L, 0L, 0L, 0L, 0L, 0L, 0L, 0L, 6L, 105L, 2L, 1L, 0L, 0L, 
    0L, 0L, 0L, 0L, 0L, 0L, 0L, 0L, 0L, 52L, 0L, 0L, 0L, 0L, 
    0L, 0L, 6L, 0L, 0L, 0L), .Dim = c(7L, 5L), .Dimnames = structure(list(
        c("-3", "-2", "-1", "0", "1", "2", NA), c("A", "C", "G", 
        "T", NA)), .Names = c("", "")), class = "table"), All.Tags = list(
        Concordant = list(Freqs = structure(c(0, 0, 0, 0, 0, 
        0, 0, 0, 3, 307, 0, 0, 0, 0, 0, 0, 0, 0, 0, 0, 1, 343, 
        0, 0), .Dim = c(6L, 4L), .Dimnames = list(c("-3", "-2", 
        "-1", "0", "1", "2"), c("A", "C", "G", "T"))), N = 654), 
        Majority = list(Freqs = structure(c(0, 0, 0, 0, 0, 0, 
        0, 0, 3, 416, 0, 0, 0, 0, 0, 0, 0, 0, 0, 0, 1, 425, 0, 
        0), .Dim = c(6L, 4L), .Dimnames = list(c("-3", "-2", 
        "-1", "0", "1", "2"), c("A", "C", "G", "T"))), N = 845)), 
    `2` = structure(c(0, 0, 0, 0, 0, 0, 0, 0, 0, 337, 0, 0, 0, 
    0, 0, 0, 0, 0, 0, 0, 0, 346, 0, 0), .Dim = c(6L, 4L), .Dimnames = list(
        c("-3", "-2", "-1", "0", "1", "2"), c("A", "C", "G", 
        "T"))))))
