Results <-
list(`bwaOutput/20210421msiMNRsJenny/254340_S89.sam` = list(GM11_SNP1 = list(
    All = list(Freqs = structure(c(1L, 20L, 1993L, 14L, 1L, 3L, 
    0L, 13L, 2540L, 22L, 0L, 1L, 0L, 0L, 19L, 0L, 0L, 0L, 0L, 
    0L, 43L, 0L, 0L, 0L), .Dim = c(6L, 4L), .Dimnames = structure(list(
        c("-2", "-1", "0", "1", "2", NA), c("A", "G", "T", NA
        )), .Names = c("", "")), class = "table"), N = 4670L), 
    Tag.Distribution = structure(c(`1` = 113L, `2` = 49L, `3` = 34L, 
    `4` = 35L, `5` = 24L, `6` = 34L, `7` = 23L, `8` = 33L, `9` = 27L, 
    `10` = 19L, `11` = 20L, `12` = 16L, `13` = 21L, `14` = 27L, 
    `15` = 14L, `16` = 15L, `17` = 10L, `18` = 7L, `19` = 12L, 
    `20` = 3L, `21` = 8L, `22` = 4L, `23` = 3L, `24` = 5L, `27` = 1L, 
    `29` = 2L, `30` = 4L, `35` = 1L, `40` = 1L, `52` = 1L), .Dim = 30L, .Dimnames = structure(list(
        c("1", "2", "3", "4", "5", "6", "7", "8", "9", "10", 
        "11", "12", "13", "14", "15", "16", "17", "18", "19", 
        "20", "21", "22", "23", "24", "27", "29", "30", "35", 
        "40", "52")), .Names = ""), class = "table"), No.Tag = structure(c(0L, 
    1L, 91L, 1L, 0L, 0L, 0L, 0L, 63L, 1L, 0L, 0L, 0L, 0L, 1L, 
    0L, 0L, 0L, 0L, 0L, 3L, 0L, 0L, 0L), .Dim = c(6L, 4L), .Dimnames = structure(list(
        c("-2", "-1", "0", "1", "2", NA), c("A", "G", "T", NA
        )), .Names = c("", "")), class = "table"), All.Tags = list(
        Concordant = list(Freqs = structure(c(0, 4, 228, 0, 0, 
        0, 0, 263, 1, 0, 0, 0, 1, 0, 0), .Dim = c(5L, 3L), .Dimnames = list(
            c("-2", "-1", "0", "1", "2"), c("A", "G", "T"))), 
            N = 497), Majority = list(Freqs = structure(c(0, 
        4, 258, 0, 0, 0, 0, 295, 2, 0, 0, 0, 1, 0, 0), .Dim = c(5L, 
        3L), .Dimnames = list(c("-2", "-1", "0", "1", "2"), c("A", 
        "G", "T"))), N = 560)), `2` = structure(c(0, 2, 204, 
    0, 0, 0, 0, 242, 1, 0, 0, 0, 1, 0, 0), .Dim = c(5L, 3L), .Dimnames = list(
        c("-2", "-1", "0", "1", "2"), c("A", "G", "T"))))))
