Results <-
list(`bwaOutput/20210421msiMNRsJenny/254340_S89.sam` = list(GM07_SNP1 = list(
    All = list(Freqs = structure(c(3L, 141L, 2736L, 96L, 1L, 
    1L, 46L, 0L, 129L, 2565L, 77L, 3L, 0L, 41L, 1L, 2L, 86L, 
    2L, 0L, 0L, 0L), .Dim = c(7L, 3L), .Dimnames = structure(list(
        c("-2", "-1", "0", "1", "2", "3", NA), c("A", "G", NA
        )), .Names = c("", "")), class = "table"), N = 5930L), 
    Tag.Distribution = structure(c(`1` = 170L, `2` = 52L, `3` = 51L, 
    `4` = 49L, `5` = 47L, `6` = 37L, `7` = 39L, `8` = 27L, `9` = 27L, 
    `10` = 29L, `11` = 30L, `12` = 33L, `13` = 20L, `14` = 22L, 
    `15` = 13L, `16` = 17L, `17` = 11L, `18` = 7L, `19` = 8L, 
    `20` = 4L, `21` = 7L, `22` = 11L, `23` = 4L, `24` = 5L, `25` = 2L, 
    `26` = 5L, `27` = 1L, `28` = 4L, `29` = 1L, `30` = 2L, `31` = 1L, 
    `32` = 1L, `41` = 1L, `42` = 4L), .Dim = 34L, .Dimnames = structure(list(
        c("1", "2", "3", "4", "5", "6", "7", "8", "9", "10", 
        "11", "12", "13", "14", "15", "16", "17", "18", "19", 
        "20", "21", "22", "23", "24", "25", "26", "27", "28", 
        "29", "30", "31", "32", "41", "42")), .Names = ""), class = "table"), 
    No.Tag = structure(c(0L, 12L, 96L, 6L, 0L, 0L, 10L, 0L, 4L, 
    94L, 2L, 0L, 0L, 6L, 0L, 0L, 11L, 0L, 0L, 0L, 0L), .Dim = c(7L, 
    3L), .Dimnames = structure(list(c("-2", "-1", "0", "1", "2", 
    "3", NA), c("A", "G", NA)), .Names = c("", "")), class = "table"), 
    All.Tags = list(Concordant = list(Freqs = structure(c(0, 
    6, 227, 2, 0, 0, 0, 8, 220, 4, 0, 0), .Dim = c(6L, 2L), .Dimnames = list(
        c("-2", "-1", "0", "1", "2", "3"), c("A", "G"))), N = 467), 
        Majority = list(Freqs = structure(c(0, 6, 356, 3, 0, 
        0, 0, 10, 329, 4, 0, 0), .Dim = c(6L, 2L), .Dimnames = list(
            c("-2", "-1", "0", "1", "2", "3"), c("A", "G"))), 
            N = 708)), `2` = structure(c(0, 2, 285, 2, 0, 0, 
    0, 5, 262, 1, 0, 0), .Dim = c(6L, 2L), .Dimnames = list(c("-2", 
    "-1", "0", "1", "2", "3"), c("A", "G"))))))
