Results <-
list(`bwaOutput/20210421msiMNRsJenny/254340_S89.sam` = list(LR24_SNP1 = list(
    All = list(Freqs = structure(c(0L, 1L, 0L, 0L, 0L, 21L, 3982L, 
    3L, 0L, 5L, 22L, 3938L, 8L, 1L, 1L, 0L, 59L, 0L, 0L, 0L), .Dim = 5:4, .Dimnames = structure(list(
        c("-1", "0", "1", "2", NA), c("-", "A", "G", NA)), .Names = c("", 
    "")), class = "table"), N = 8041L), Tag.Distribution = structure(c(`1` = 302L, 
    `2` = 143L, `3` = 122L, `4` = 106L, `5` = 83L, `6` = 83L, 
    `7` = 80L, `8` = 63L, `9` = 53L, `10` = 40L, `11` = 34L, 
    `12` = 24L, `13` = 27L, `14` = 21L, `15` = 21L, `16` = 19L, 
    `17` = 17L, `18` = 12L, `19` = 9L, `20` = 8L, `21` = 3L, 
    `22` = 10L, `23` = 3L, `24` = 4L, `25` = 4L, `26` = 1L, `27` = 1L, 
    `33` = 1L, `34` = 1L), .Dim = 29L, .Dimnames = structure(list(
        c("1", "2", "3", "4", "5", "6", "7", "8", "9", "10", 
        "11", "12", "13", "14", "15", "16", "17", "18", "19", 
        "20", "21", "22", "23", "24", "25", "26", "27", "33", 
        "34")), .Names = ""), class = "table"), No.Tag = structure(c(0L, 
    0L, 0L, 0L, 0L, 1L, 170L, 0L, 0L, 0L, 1L, 203L, 0L, 0L, 0L, 
    0L, 4L, 0L, 0L, 0L), .Dim = 5:4, .Dimnames = structure(list(
        c("-1", "0", "1", "2", NA), c("-", "A", "G", NA)), .Names = c("", 
    "")), class = "table"), All.Tags = list(Concordant = list(
        Freqs = structure(c(0, 0, 0, 0, 2, 554, 0, 0, 3, 541, 
        0, 0), .Dim = 4:3, .Dimnames = list(c("-1", "0", "1", 
        "2"), c("-", "A", "G"))), N = 1100), Majority = list(
        Freqs = structure(c(0, 0, 0, 0, 2, 634, 0, 0, 3, 628, 
        0, 0), .Dim = 4:3, .Dimnames = list(c("-1", "0", "1", 
        "2"), c("-", "A", "G"))), N = 1267)), `2` = structure(c(0, 
    0, 0, 0, 0, 487, 0, 0, 0, 486, 0, 0), .Dim = 4:3, .Dimnames = list(
        c("-1", "0", "1", "2"), c("-", "A", "G"))))))
