Results <-
list(`bwaOutput/20210421msiMNRsJenny/254340_S89.sam` = list(LR10_SNP1 = list(
    All = list(Freqs = structure(c(106L, 5734L, 46L, 11L, 0L, 
    2L, 0L, 0L, 2L, 16L, 0L, 0L, 0L, 66L, 1L, 0L), .Dim = c(4L, 
    4L), .Dimnames = structure(list(c("-1", "0", "1", NA), c("C", 
    "G", "T", NA)), .Names = c("", "")), class = "table"), N = 5984L), 
    Tag.Distribution = structure(c(`1` = 136L, `2` = 40L, `3` = 59L, 
    `4` = 34L, `5` = 40L, `6` = 41L, `7` = 23L, `8` = 34L, `9` = 22L, 
    `10` = 37L, `11` = 22L, `12` = 21L, `13` = 29L, `14` = 22L, 
    `15` = 18L, `16` = 22L, `17` = 18L, `18` = 11L, `19` = 15L, 
    `20` = 10L, `21` = 9L, `22` = 7L, `23` = 6L, `24` = 3L, `25` = 4L, 
    `26` = 1L, `27` = 1L, `28` = 2L, `30` = 2L, `31` = 3L, `32` = 1L, 
    `38` = 1L, `41` = 1L, `43` = 1L), .Dim = 34L, .Dimnames = structure(list(
        c("1", "2", "3", "4", "5", "6", "7", "8", "9", "10", 
        "11", "12", "13", "14", "15", "16", "17", "18", "19", 
        "20", "21", "22", "23", "24", "25", "26", "27", "28", 
        "30", "31", "32", "38", "41", "43")), .Names = ""), class = "table"), 
    No.Tag = structure(c(0L, 142L, 0L, 2L, 0L, 0L, 0L, 0L, 0L, 
    0L, 0L, 0L, 0L, 5L, 0L, 0L), .Dim = c(4L, 4L), .Dimnames = structure(list(
        c("-1", "0", "1", NA), c("C", "G", "T", NA)), .Names = c("", 
    "")), class = "table"), All.Tags = list(Concordant = list(
        Freqs = structure(c(1, 560, 0, 0, 0, 0, 2, 7, 0), .Dim = c(3L, 
        3L), .Dimnames = list(c("-1", "0", "1"), c("C", "G", 
        "T"))), N = 570), Majority = list(Freqs = structure(c(2, 
    673, 0, 0, 0, 0, 2, 7, 0), .Dim = c(3L, 3L), .Dimnames = list(
        c("-1", "0", "1"), c("C", "G", "T"))), N = 684)), `2` = structure(c(2, 
    557, 0, 0, 0, 0, 0, 0, 0), .Dim = c(3L, 3L), .Dimnames = list(
        c("-1", "0", "1"), c("C", "G", "T"))))))
