Results <-
list(`bwaOutput/20210421msiMNRsJenny/254340_S89.sam` = list(LR44_SNP1 = list(
    All = list(Freqs = structure(c(0L, 0L, 0L, 3L, 0L, 0L, 0L, 
    0L, 0L, 0L, 2L, 0L, 0L, 0L, 1L, 6L, 181L, 1900L, 59L, 1L, 
    19L, 0L, 1L, 3L, 27L, 0L, 0L, 0L), .Dim = c(7L, 4L), .Dimnames = structure(list(
        c("-3", "-2", "-1", "0", "1", "2", NA), c("C", "G", "T", 
        NA)), .Names = c("", "")), class = "table"), N = 2203L), 
    Tag.Distribution = structure(c(`1` = 81L, `2` = 28L, `3` = 25L, 
    `4` = 20L, `5` = 13L, `6` = 16L, `7` = 20L, `8` = 15L, `9` = 10L, 
    `10` = 8L, `11` = 14L, `12` = 4L, `13` = 14L, `14` = 6L, 
    `15` = 6L, `16` = 6L, `17` = 7L, `18` = 3L, `19` = 8L, `20` = 6L, 
    `21` = 3L, `24` = 1L, `25` = 2L, `28` = 1L, `30` = 1L), .Dim = 25L, .Dimnames = structure(list(
        c("1", "2", "3", "4", "5", "6", "7", "8", "9", "10", 
        "11", "12", "13", "14", "15", "16", "17", "18", "19", 
        "20", "21", "24", "25", "28", "30")), .Names = ""), class = "table"), 
    No.Tag = structure(c(0L, 0L, 0L, 0L, 0L, 0L, 0L, 0L, 0L, 
    0L, 0L, 0L, 0L, 0L, 1L, 0L, 2L, 21L, 2L, 0L, 0L, 0L, 0L, 
    0L, 0L, 0L, 0L, 0L), .Dim = c(7L, 4L), .Dimnames = structure(list(
        c("-3", "-2", "-1", "0", "1", "2", NA), c("C", "G", "T", 
        NA)), .Names = c("", "")), class = "table"), All.Tags = list(
        Concordant = list(Freqs = structure(c(0, 0, 0, 3, 0, 
        0, 0, 0, 0, 2, 0, 0, 0, 1, 8, 188, 3, 0), .Dim = c(6L, 
        3L), .Dimnames = list(c("-3", "-2", "-1", "0", "1", "2"
        ), c("C", "G", "T"))), N = 205), Majority = list(Freqs = structure(c(0, 
        0, 0, 3, 0, 0, 0, 0, 0, 2, 0, 0, 0, 1, 13, 281, 5, 0), .Dim = c(6L, 
        3L), .Dimnames = list(c("-3", "-2", "-1", "0", "1", "2"
        ), c("C", "G", "T"))), N = 305)), `2` = structure(c(0, 
    0, 0, 0, 0, 0, 0, 0, 0, 0, 0, 0, 0, 0, 9, 216, 4, 0), .Dim = c(6L, 
    3L), .Dimnames = list(c("-3", "-2", "-1", "0", "1", "2"), 
        c("C", "G", "T"))))))
