Results <-
list(`bwaOutput/20210421msiMNRsJenny/254340_S89.sam` = list(GM26_SNP1 = list(
    All = list(Freqs = structure(c(1L, 10L, 1306L, 11L, 1L, 0L, 
    5L, 729L, 3L, 2L, 0L, 2L, 34L, 0L, 0L), .Dim = c(5L, 3L), .Dimnames = structure(list(
        c("-2", "-1", "0", "1", NA), c("A", "G", NA)), .Names = c("", 
    "")), class = "table"), N = 2104L), Tag.Distribution = structure(c(`1` = 67L, 
    `2` = 27L, `3` = 18L, `4` = 13L, `5` = 8L, `6` = 12L, `7` = 10L, 
    `8` = 12L, `9` = 14L, `10` = 6L, `11` = 7L, `12` = 9L, `13` = 7L, 
    `14` = 8L, `15` = 10L, `16` = 7L, `17` = 3L, `18` = 5L, `19` = 5L, 
    `20` = 1L, `21` = 7L, `22` = 4L, `23` = 2L, `24` = 3L, `26` = 1L, 
    `35` = 1L, `41` = 1L), .Dim = 27L, .Dimnames = structure(list(
        c("1", "2", "3", "4", "5", "6", "7", "8", "9", "10", 
        "11", "12", "13", "14", "15", "16", "17", "18", "19", 
        "20", "21", "22", "23", "24", "26", "35", "41")), .Names = ""), class = "table"), 
    No.Tag = structure(c(0L, 0L, 36L, 0L, 0L, 0L, 0L, 12L, 0L, 
    0L, 0L, 0L, 4L, 0L, 0L), .Dim = c(5L, 3L), .Dimnames = structure(list(
        c("-2", "-1", "0", "1", NA), c("A", "G", NA)), .Names = c("", 
    "")), class = "table"), All.Tags = list(Concordant = list(
        Freqs = structure(c(0, 1, 149, 0, 0, 1, 84, 0), .Dim = c(4L, 
        2L), .Dimnames = list(c("-2", "-1", "0", "1"), c("A", 
        "G"))), N = 235), Majority = list(Freqs = structure(c(0, 
    1, 168, 0, 0, 1, 92, 0), .Dim = c(4L, 2L), .Dimnames = list(
        c("-2", "-1", "0", "1"), c("A", "G"))), N = 262)), `2` = structure(c(0, 
    0, 129, 0, 0, 0, 71, 0), .Dim = c(4L, 2L), .Dimnames = list(
        c("-2", "-1", "0", "1"), c("A", "G"))))))
