Results <-
list(`bwaOutput/20210421msiMNRsJenny/254340_S89.sam` = list(IM16_SNP1 = list(
    All = list(Freqs = structure(c(39L, 4896L, 84L, 1L, 6L, 0L, 
    15L, 0L, 0L, 0L, 3L, 50L, 2L, 0L, 0L), .Dim = c(5L, 3L), .Dimnames = structure(list(
        c("-1", "0", "1", "2", NA), c("A", "G", NA)), .Names = c("", 
    "")), class = "table"), N = 5096L), Tag.Distribution = structure(c(`1` = 128L, 
    `2` = 53L, `3` = 37L, `4` = 29L, `5` = 36L, `6` = 39L, `7` = 31L, 
    `8` = 26L, `9` = 28L, `10` = 18L, `11` = 17L, `12` = 18L, 
    `13` = 22L, `14` = 11L, `15` = 17L, `16` = 20L, `17` = 11L, 
    `18` = 11L, `19` = 12L, `20` = 7L, `21` = 8L, `22` = 5L, 
    `23` = 6L, `24` = 2L, `25` = 1L, `26` = 3L, `27` = 2L, `28` = 2L, 
    `29` = 2L, `30` = 3L, `34` = 1L, `40` = 1L, `42` = 1L, `43` = 1L
    ), .Dim = 34L, .Dimnames = structure(list(c("1", "2", "3", 
    "4", "5", "6", "7", "8", "9", "10", "11", "12", "13", "14", 
    "15", "16", "17", "18", "19", "20", "21", "22", "23", "24", 
    "25", "26", "27", "28", "29", "30", "34", "40", "42", "43"
    )), .Names = ""), class = "table"), No.Tag = structure(c(2L, 
    194L, 2L, 0L, 2L, 0L, 1L, 0L, 0L, 0L, 0L, 7L, 1L, 0L, 0L), .Dim = c(5L, 
    3L), .Dimnames = structure(list(c("-1", "0", "1", "2", NA
    ), c("A", "G", NA)), .Names = c("", "")), class = "table"), 
    All.Tags = list(Concordant = list(Freqs = structure(c(4, 
    497, 4, 0, 0, 9, 0, 0), .Dim = c(4L, 2L), .Dimnames = list(
        c("-1", "0", "1", "2"), c("A", "G"))), N = 514), Majority = list(
        Freqs = structure(c(4, 580, 5, 0, 0, 9, 0, 0), .Dim = c(4L, 
        2L), .Dimnames = list(c("-1", "0", "1", "2"), c("A", 
        "G"))), N = 598)), `2` = structure(c(0, 477, 2, 0, 0, 
    0, 0, 0), .Dim = c(4L, 2L), .Dimnames = list(c("-1", "0", 
    "1", "2"), c("A", "G"))))))
