Results <-
list(`bwaOutput/20210421msiMNRsJenny/254340_S89.sam` = list(IM49_SNP1 = list(
    All = list(Freqs = structure(c(0L, 0L, 1L, 1L, 0L, 0L, 14L, 
    319L, 10842L, 256L, 8L, 85L, 0L, 2L, 5L, 0L, 0L, 0L, 0L, 
    0L, 2L, 0L, 0L, 0L, 0L, 2L, 241L, 4L, 0L, 0L), .Dim = 6:5, .Dimnames = structure(list(
        c("-2", "-1", "0", "1", "2", NA), c("A", "C", "G", "T", 
        NA)), .Names = c("", "")), class = "table"), N = 11782L), 
    Tag.Distribution = structure(c(`1` = 327L, `2` = 120L, `3` = 99L, 
    `4` = 86L, `5` = 78L, `6` = 75L, `7` = 85L, `8` = 70L, `9` = 52L, 
    `10` = 57L, `11` = 48L, `12` = 46L, `13` = 44L, `14` = 30L, 
    `15` = 33L, `16` = 32L, `17` = 28L, `18` = 21L, `19` = 23L, 
    `20` = 14L, `21` = 13L, `22` = 16L, `23` = 6L, `24` = 11L, 
    `25` = 5L, `26` = 7L, `27` = 3L, `28` = 6L, `29` = 3L, `30` = 2L, 
    `31` = 2L, `32` = 2L, `33` = 3L, `34` = 1L, `36` = 1L, `37` = 3L, 
    `39` = 3L, `40` = 1L, `41` = 1L, `42` = 1L, `45` = 1L, `54` = 1L, 
    `55` = 1L), .Dim = 43L, .Dimnames = structure(list(c("1", 
    "2", "3", "4", "5", "6", "7", "8", "9", "10", "11", "12", 
    "13", "14", "15", "16", "17", "18", "19", "20", "21", "22", 
    "23", "24", "25", "26", "27", "28", "29", "30", "31", "32", 
    "33", "34", "36", "37", "39", "40", "41", "42", "45", "54", 
    "55")), .Names = ""), class = "table"), No.Tag = structure(c(0L, 
    0L, 0L, 0L, 0L, 0L, 0L, 4L, 333L, 5L, 0L, 0L, 0L, 0L, 1L, 
    0L, 0L, 0L, 0L, 0L, 0L, 0L, 0L, 0L, 0L, 1L, 17L, 0L, 0L, 
    0L), .Dim = 6:5, .Dimnames = structure(list(c("-2", "-1", 
    "0", "1", "2", NA), c("A", "C", "G", "T", NA)), .Names = c("", 
    "")), class = "table"), All.Tags = list(Concordant = list(
        Freqs = structure(c(0, 0, 0, 1, 0, 0, 12, 1033, 3, 1, 
        0, 1, 3, 0, 0, 0, 0, 0, 0, 0), .Dim = 5:4, .Dimnames = list(
            c("-2", "-1", "0", "1", "2"), c("A", "C", "G", "T"
            ))), N = 1054), Majority = list(Freqs = structure(c(0, 
    0, 0, 1, 0, 0, 12, 1396, 5, 1, 0, 1, 3, 0, 0, 0, 0, 0, 0, 
    0), .Dim = 5:4, .Dimnames = list(c("-2", "-1", "0", "1", 
    "2"), c("A", "C", "G", "T"))), N = 1419)), `2` = structure(c(0, 
    0, 0, 1, 0, 0, 1, 1115, 3, 0, 0, 0, 0, 0, 0, 0, 0, 0, 0, 
    0), .Dim = 5:4, .Dimnames = list(c("-2", "-1", "0", "1", 
    "2"), c("A", "C", "G", "T"))))))
