Results <-
list(`bwaOutput/20210421msiMNRsJenny/254340_S89.sam` = list(LR17_SNP1 = list(
    All = list(Freqs = structure(c(2L, 10L, 541L, 14182L, 172L, 
    4L, 106L, 0L, 0L, 0L, 13L, 0L, 0L, 0L, 0L, 0L, 18L, 1100L, 
    5L, 0L, 0L), .Dim = c(7L, 3L), .Dimnames = structure(list(
        c("-3", "-2", "-1", "0", "1", "2", NA), c("A", "G", NA
        )), .Names = c("", "")), class = "table"), N = 16153L), 
    Tag.Distribution = structure(c(`1` = 325L, `2` = 103L, `3` = 67L, 
    `4` = 69L, `5` = 57L, `6` = 57L, `7` = 54L, `8` = 56L, `9` = 58L, 
    `10` = 50L, `11` = 48L, `12` = 43L, `13` = 51L, `14` = 40L, 
    `15` = 48L, `16` = 36L, `17` = 47L, `18` = 28L, `19` = 35L, 
    `20` = 40L, `21` = 27L, `22` = 26L, `23` = 21L, `24` = 19L, 
    `25` = 12L, `26` = 9L, `27` = 9L, `28` = 9L, `29` = 11L, 
    `30` = 9L, `31` = 7L, `32` = 3L, `33` = 4L, `34` = 6L, `35` = 3L, 
    `36` = 4L, `37` = 1L, `38` = 2L, `39` = 3L, `40` = 2L, `42` = 3L, 
    `43` = 2L, `44` = 3L, `45` = 1L, `46` = 2L, `47` = 2L, `53` = 1L, 
    `54` = 1L, `55` = 1L, `56` = 1L, `62` = 1L), .Dim = 51L, .Dimnames = structure(list(
        c("1", "2", "3", "4", "5", "6", "7", "8", "9", "10", 
        "11", "12", "13", "14", "15", "16", "17", "18", "19", 
        "20", "21", "22", "23", "24", "25", "26", "27", "28", 
        "29", "30", "31", "32", "33", "34", "35", "36", "37", 
        "38", "39", "40", "42", "43", "44", "45", "46", "47", 
        "53", "54", "55", "56", "62")), .Names = ""), class = "table"), 
    No.Tag = structure(c(0L, 0L, 25L, 498L, 5L, 0L, 3L, 0L, 0L, 
    0L, 0L, 0L, 0L, 0L, 0L, 0L, 1L, 48L, 0L, 0L, 0L), .Dim = c(7L, 
    3L), .Dimnames = structure(list(c("-3", "-2", "-1", "0", 
    "1", "2", NA), c("A", "G", NA)), .Names = c("", "")), class = "table"), 
    All.Tags = list(Concordant = list(Freqs = structure(c(0, 
    1, 8, 1001, 5, 0, 0, 0, 0, 0, 0, 0), .Dim = c(6L, 2L), .Dimnames = list(
        c("-3", "-2", "-1", "0", "1", "2"), c("A", "G"))), N = 1015), 
        Majority = list(Freqs = structure(c(0, 1, 11, 1445, 5, 
        0, 0, 0, 0, 0, 0, 0), .Dim = c(6L, 2L), .Dimnames = list(
            c("-3", "-2", "-1", "0", "1", "2"), c("A", "G"))), 
            N = 1462)), `2` = structure(c(0, 0, 6, 1168, 2, 0, 
    0, 0, 0, 0, 0, 0), .Dim = c(6L, 2L), .Dimnames = list(c("-3", 
    "-2", "-1", "0", "1", "2"), c("A", "G"))))))
