Results <-
list(`bwaOutput/20210421msiMNRsJenny/254340_S89.sam` = list(GM09_SNP1 = list(
    All = list(Freqs = structure(c(38L, 5633L, 14L, 1L, 30L, 
    4825L, 29L, 3L, 1L, 82L, 0L, 0L), .Dim = 4:3, .Dimnames = structure(list(
        c("-1", "0", "1", NA), c("A", "G", NA)), .Names = c("", 
    "")), class = "table"), N = 10656L), Tag.Distribution = structure(c(`1` = 244L, 
    `2` = 87L, `3` = 86L, `4` = 66L, `5` = 74L, `6` = 62L, `7` = 54L, 
    `8` = 61L, `9` = 49L, `10` = 42L, `11` = 44L, `12` = 31L, 
    `13` = 45L, `14` = 35L, `15` = 33L, `16` = 30L, `17` = 17L, 
    `18` = 19L, `19` = 20L, `20` = 18L, `21` = 11L, `22` = 10L, 
    `23` = 10L, `24` = 9L, `25` = 6L, `26` = 6L, `27` = 8L, `28` = 7L, 
    `29` = 5L, `30` = 4L, `31` = 1L, `32` = 1L, `33` = 1L, `34` = 1L, 
    `35` = 1L, `36` = 2L, `38` = 1L, `39` = 2L, `43` = 1L, `44` = 1L, 
    `45` = 1L, `47` = 1L, `49` = 1L, `61` = 1L, `93` = 1L), .Dim = 45L, .Dimnames = structure(list(
        c("1", "2", "3", "4", "5", "6", "7", "8", "9", "10", 
        "11", "12", "13", "14", "15", "16", "17", "18", "19", 
        "20", "21", "22", "23", "24", "25", "26", "27", "28", 
        "29", "30", "31", "32", "33", "34", "35", "36", "38", 
        "39", "43", "44", "45", "47", "49", "61", "93")), .Names = ""), class = "table"), 
    No.Tag = structure(c(2L, 211L, 1L, 0L, 1L, 129L, 1L, 0L, 
    0L, 10L, 0L, 0L), .Dim = 4:3, .Dimnames = structure(list(
        c("-1", "0", "1", NA), c("A", "G", NA)), .Names = c("", 
    "")), class = "table"), All.Tags = list(Concordant = list(
        Freqs = structure(c(1, 525, 2, 1, 429, 0), .Dim = 3:2, .Dimnames = list(
            c("-1", "0", "1"), c("A", "G"))), N = 958), Majority = list(
        Freqs = structure(c(1, 647, 2, 1, 525, 1), .Dim = 3:2, .Dimnames = list(
            c("-1", "0", "1"), c("A", "G"))), N = 1177)), `2` = structure(c(0, 
    522, 1, 0, 427, 1), .Dim = 3:2, .Dimnames = list(c("-1", 
    "0", "1"), c("A", "G"))))))
