Results <-
list(`bwaOutput/20210421msiMNRsJenny/254574_S90.sam` = list(LR36_SNP1 = list(
    All = list(Freqs = structure(c(0L, 0L, 0L, 0L, 42L, 1L, 0L, 
    0L, 4L, 5L, 18L, 234L, 9728L, 91L, 1L, 118L, 0L, 0L, 0L, 
    20L, 1060L, 12L, 0L, 0L), .Dim = c(8L, 3L), .Dimnames = structure(list(
        c("-4", "-3", "-2", "-1", "0", "1", "2", NA), c("A", 
        "T", NA)), .Names = c("", "")), class = "table"), N = 11334L), 
    Tag.Distribution = structure(c(`1` = 317L, `2` = 208L, `3` = 173L, 
    `4` = 144L, `5` = 122L, `6` = 132L, `7` = 114L, `8` = 87L, 
    `9` = 84L, `10` = 67L, `11` = 59L, `12` = 52L, `13` = 35L, 
    `14` = 30L, `15` = 30L, `16` = 10L, `17` = 18L, `18` = 12L, 
    `19` = 8L, `20` = 9L, `21` = 7L, `22` = 4L, `23` = 7L, `24` = 3L, 
    `25` = 4L, `26` = 1L, `27` = 2L, `28` = 1L, `29` = 3L, `30` = 1L, 
    `35` = 1L), .Dim = 31L, .Dimnames = structure(list(c("1", 
    "2", "3", "4", "5", "6", "7", "8", "9", "10", "11", "12", 
    "13", "14", "15", "16", "17", "18", "19", "20", "21", "22", 
    "23", "24", "25", "26", "27", "28", "29", "30", "35")), .Names = ""), class = "table"), 
    No.Tag = structure(c(0L, 0L, 0L, 0L, 7L, 0L, 0L, 0L, 2L, 
    1L, 0L, 8L, 553L, 9L, 0L, 16L, 0L, 0L, 0L, 0L, 146L, 2L, 
    0L, 0L), .Dim = c(8L, 3L), .Dimnames = structure(list(c("-4", 
    "-3", "-2", "-1", "0", "1", "2", NA), c("A", "T", NA)), .Names = c("", 
    "")), class = "table"), All.Tags = list(Concordant = list(
        Freqs = structure(c(0, 0, 0, 0, 5, 0, 0, 1, 0, 3, 8, 
        1396, 3, 0), .Dim = c(7L, 2L), .Dimnames = list(c("-4", 
        "-3", "-2", "-1", "0", "1", "2"), c("A", "T"))), N = 1416), 
        Majority = list(Freqs = structure(c(0, 0, 0, 0, 5, 0, 
        0, 1, 0, 3, 9, 1663, 5, 0), .Dim = c(7L, 2L), .Dimnames = list(
            c("-4", "-3", "-2", "-1", "0", "1", "2"), c("A", 
            "T"))), N = 1686)), `2` = structure(c(0, 0, 0, 0, 
    0, 0, 0, 0, 0, 1, 5, 1401, 5, 0), .Dim = c(7L, 2L), .Dimnames = list(
        c("-4", "-3", "-2", "-1", "0", "1", "2"), c("A", "T"))))))
