Results <-
list(`bwaOutput/20210421msiMNRsJenny/254574_S90.sam` = list(LR24_SNP1 = list(
    All = list(Freqs = structure(c(0L, 0L, 1L, 0L, 0L, 1L, 40L, 
    4327L, 16L, 5L, 1L, 30L, 5509L, 19L, 6L, 0L, 0L, 67L, 1L, 
    0L), .Dim = 5:4, .Dimnames = structure(list(c("-2", "-1", 
    "0", "1", NA), c("-", "A", "G", NA)), .Names = c("", "")), class = "table"), 
        N = 10023L), Tag.Distribution = structure(c(`1` = 415L, 
    `2` = 286L, `3` = 255L, `4` = 194L, `5` = 164L, `6` = 133L, 
    `7` = 106L, `8` = 83L, `9` = 86L, `10` = 45L, `11` = 42L, 
    `12` = 30L, `13` = 31L, `14` = 23L, `15` = 21L, `16` = 9L, 
    `17` = 7L, `18` = 8L, `19` = 9L, `20` = 2L, `21` = 5L, `22` = 5L, 
    `23` = 1L, `26` = 3L, `28` = 1L, `29` = 2L, `30` = 1L), .Dim = 27L, .Dimnames = structure(list(
        c("1", "2", "3", "4", "5", "6", "7", "8", "9", "10", 
        "11", "12", "13", "14", "15", "16", "17", "18", "19", 
        "20", "21", "22", "23", "26", "28", "29", "30")), .Names = ""), class = "table"), 
    No.Tag = structure(c(0L, 0L, 0L, 0L, 0L, 0L, 2L, 129L, 2L, 
    0L, 0L, 1L, 188L, 1L, 0L, 0L, 0L, 11L, 1L, 0L), .Dim = 5:4, .Dimnames = structure(list(
        c("-2", "-1", "0", "1", NA), c("-", "A", "G", NA)), .Names = c("", 
    "")), class = "table"), All.Tags = list(Concordant = list(
        Freqs = structure(c(0, 0, 0, 0, 0, 4, 602, 0, 0, 0, 864, 
        1), .Dim = 4:3, .Dimnames = list(c("-2", "-1", "0", "1"
        ), c("-", "A", "G"))), N = 1471), Majority = list(Freqs = structure(c(0, 
    0, 0, 0, 0, 4, 807, 0, 0, 0, 1058, 2), .Dim = 4:3, .Dimnames = list(
        c("-2", "-1", "0", "1"), c("-", "A", "G"))), N = 1871)), 
    `2` = structure(c(0, 0, 0, 0, 0, 1, 642, 0, 0, 0, 825, 1), .Dim = 4:3, .Dimnames = list(
        c("-2", "-1", "0", "1"), c("-", "A", "G"))))))
