Results <-
list(`bwaOutput/20210421msiMNRsJenny/254574_S90.sam` = list(LR20_SNP1 = list(
    All = list(Freqs = structure(c(0L, 1L, 0L, 0L, 10L, 3286L, 
    5L, 2L, 6L, 3590L, 9L, 5L, 0L, 2L, 0L, 0L, 0L, 65L, 0L, 0L
    ), .Dim = 4:5, .Dimnames = structure(list(c("-1", "0", "1", 
    NA), c("-", "A", "G", "T", NA)), .Names = c("", "")), class = "table"), 
        N = 6981L), Tag.Distribution = structure(c(`1` = 240L, 
    `2` = 145L, `3` = 140L, `4` = 98L, `5` = 96L, `6` = 93L, 
    `7` = 59L, `8` = 58L, `9` = 47L, `10` = 31L, `11` = 31L, 
    `12` = 26L, `13` = 22L, `14` = 16L, `15` = 21L, `16` = 15L, 
    `17` = 8L, `18` = 9L, `19` = 7L, `20` = 4L, `21` = 2L, `22` = 2L, 
    `23` = 5L, `25` = 2L, `26` = 3L, `27` = 1L, `28` = 1L, `39` = 1L, 
    `41` = 1L, `47` = 1L), .Dim = 30L, .Dimnames = structure(list(
        c("1", "2", "3", "4", "5", "6", "7", "8", "9", "10", 
        "11", "12", "13", "14", "15", "16", "17", "18", "19", 
        "20", "21", "22", "23", "25", "26", "27", "28", "39", 
        "41", "47")), .Names = ""), class = "table"), No.Tag = structure(c(0L, 
    0L, 0L, 0L, 0L, 111L, 0L, 1L, 0L, 131L, 1L, 2L, 0L, 0L, 0L, 
    0L, 0L, 5L, 0L, 0L), .Dim = 4:5, .Dimnames = structure(list(
        c("-1", "0", "1", NA), c("-", "A", "G", "T", NA)), .Names = c("", 
    "")), class = "table"), All.Tags = list(Concordant = list(
        Freqs = structure(c(0, 0, 0, 0, 448, 0, 0, 518, 0, 0, 
        0, 0), .Dim = 3:4, .Dimnames = list(c("-1", "0", "1"), 
            c("-", "A", "G", "T"))), N = 966), Majority = list(
        Freqs = structure(c(0, 0, 0, 0, 554, 0, 1, 609, 0, 0, 
        0, 0), .Dim = 3:4, .Dimnames = list(c("-1", "0", "1"), 
            c("-", "A", "G", "T"))), N = 1164)), `2` = structure(c(0, 
    0, 0, 0, 449, 0, 1, 480, 0, 0, 0, 0), .Dim = 3:4, .Dimnames = list(
        c("-1", "0", "1"), c("-", "A", "G", "T"))))))
