Results <-
list(`bwaOutput/20210421msiMNRsJenny/254574_S90.sam` = list(IM49_SNP1 = list(
    All = list(Freqs = structure(c(0L, 0L, 0L, 1L, 0L, 0L, 0L, 
    0L, 0L, 2L, 20L, 2L, 0L, 0L, 1L, 10L, 368L, 9630L, 197L, 
    7L, 44L, 0L, 0L, 0L, 1L, 0L, 0L, 0L, 0L, 0L, 10L, 419L, 13L, 
    0L, 0L), .Dim = c(7L, 5L), .Dimnames = structure(list(c("-3", 
    "-2", "-1", "0", "1", "2", NA), c("A", "C", "G", "T", NA)), .Names = c("", 
    "")), class = "table"), N = 10725L), Tag.Distribution = structure(c(`1` = 337L, 
    `2` = 192L, `3` = 165L, `4` = 159L, `5` = 138L, `6` = 113L, 
    `7` = 93L, `8` = 73L, `9` = 64L, `10` = 73L, `11` = 55L, 
    `12` = 34L, `13` = 26L, `14` = 35L, `15` = 21L, `16` = 18L, 
    `17` = 21L, `18` = 16L, `19` = 10L, `20` = 14L, `21` = 7L, 
    `22` = 9L, `23` = 5L, `24` = 5L, `25` = 3L, `26` = 3L, `27` = 2L, 
    `28` = 2L, `29` = 1L, `30` = 3L, `32` = 1L, `34` = 2L, `37` = 1L, 
    `40` = 1L), .Dim = 34L, .Dimnames = structure(list(c("1", 
    "2", "3", "4", "5", "6", "7", "8", "9", "10", "11", "12", 
    "13", "14", "15", "16", "17", "18", "19", "20", "21", "22", 
    "23", "24", "25", "26", "27", "28", "29", "30", "32", "34", 
    "37", "40")), .Names = ""), class = "table"), No.Tag = structure(c(0L, 
    0L, 0L, 0L, 0L, 0L, 0L, 0L, 0L, 0L, 0L, 0L, 0L, 0L, 0L, 0L, 
    11L, 222L, 4L, 0L, 2L, 0L, 0L, 0L, 0L, 0L, 0L, 0L, 0L, 0L, 
    1L, 26L, 0L, 0L, 0L), .Dim = c(7L, 5L), .Dimnames = structure(list(
        c("-3", "-2", "-1", "0", "1", "2", NA), c("A", "C", "G", 
        "T", NA)), .Names = c("", "")), class = "table"), All.Tags = list(
        Concordant = list(Freqs = structure(c(0, 0, 0, 0, 0, 
        0, 0, 0, 1, 6, 0, 0, 0, 0, 16, 1256, 8, 0, 0, 0, 0, 0, 
        0, 0), .Dim = c(6L, 4L), .Dimnames = list(c("-3", "-2", 
        "-1", "0", "1", "2"), c("A", "C", "G", "T"))), N = 1287), 
        Majority = list(Freqs = structure(c(0, 0, 0, 0, 0, 0, 
        0, 0, 1, 7, 0, 0, 0, 0, 24, 1609, 8, 0, 0, 0, 0, 0, 0, 
        0), .Dim = c(6L, 4L), .Dimnames = list(c("-3", "-2", 
        "-1", "0", "1", "2"), c("A", "C", "G", "T"))), N = 1649)), 
    `2` = structure(c(0, 0, 0, 0, 0, 0, 0, 0, 0, 1, 0, 0, 0, 
    0, 15, 1320, 1, 0, 0, 0, 0, 0, 0, 0), .Dim = c(6L, 4L), .Dimnames = list(
        c("-3", "-2", "-1", "0", "1", "2"), c("A", "C", "G", 
        "T"))))))
