Results <-
list(`bwaOutput/20210421msiMNRsJenny/254574_S90.sam` = list(LR48_SNP1 = list(
    All = list(Freqs = structure(c(0L, 0L, 3L, 0L, 0L, 0L, 8L, 
    210L, 6592L, 123L, 1L, 43L, 0L, 1L, 4L, 0L, 0L, 0L, 0L, 3L, 
    167L, 0L, 0L, 0L), .Dim = c(6L, 4L), .Dimnames = structure(list(
        c("-2", "-1", "0", "1", "2", NA), c("A", "C", "T", NA
        )), .Names = c("", "")), class = "table"), N = 7155L), 
    Tag.Distribution = structure(c(`1` = 190L, `2` = 84L, `3` = 75L, 
    `4` = 69L, `5` = 72L, `6` = 45L, `7` = 37L, `8` = 50L, `9` = 35L, 
    `10` = 30L, `11` = 36L, `12` = 28L, `13` = 32L, `14` = 15L, 
    `15` = 28L, `16` = 22L, `17` = 16L, `18` = 17L, `19` = 10L, 
    `20` = 14L, `21` = 10L, `22` = 5L, `23` = 14L, `24` = 3L, 
    `26` = 3L, `28` = 1L, `30` = 1L, `32` = 1L, `33` = 1L, `39` = 1L, 
    `42` = 1L), .Dim = 31L, .Dimnames = structure(list(c("1", 
    "2", "3", "4", "5", "6", "7", "8", "9", "10", "11", "12", 
    "13", "14", "15", "16", "17", "18", "19", "20", "21", "22", 
    "23", "24", "26", "28", "30", "32", "33", "39", "42")), .Names = ""), class = "table"), 
    No.Tag = structure(c(0L, 0L, 0L, 0L, 0L, 0L, 0L, 6L, 192L, 
    3L, 0L, 3L, 0L, 0L, 0L, 0L, 0L, 0L, 0L, 0L, 14L, 0L, 0L, 
    0L), .Dim = c(6L, 4L), .Dimnames = structure(list(c("-2", 
    "-1", "0", "1", "2", NA), c("A", "C", "T", NA)), .Names = c("", 
    "")), class = "table"), All.Tags = list(Concordant = list(
        Freqs = structure(c(0, 0, 0, 0, 0, 0, 9, 690, 2, 0, 0, 
        1, 3, 0, 0), .Dim = c(5L, 3L), .Dimnames = list(c("-2", 
        "-1", "0", "1", "2"), c("A", "C", "T"))), N = 705), Majority = list(
        Freqs = structure(c(0, 0, 0, 0, 0, 0, 12, 902, 2, 0, 
        0, 1, 3, 0, 0), .Dim = c(5L, 3L), .Dimnames = list(c("-2", 
        "-1", "0", "1", "2"), c("A", "C", "T"))), N = 920)), 
    `2` = structure(c(0, 0, 0, 0, 0, 0, 4, 743, 0, 0, 0, 0, 0, 
    0, 0), .Dim = c(5L, 3L), .Dimnames = list(c("-2", "-1", "0", 
    "1", "2"), c("A", "C", "T"))))))
