Results <-
list(`bwaOutput/20210421msiMNRsJenny/254574_S90.sam` = list(GM29_SNP1 = list(
    All = list(Freqs = structure(c(3L, 3L, 193L, 10350L, 34L, 
    15L, 0L, 0L, 0L, 13L, 0L, 0L, 0L, 0L, 0L, 1L, 0L, 0L, 0L, 
    0L, 3L, 108L, 0L, 0L), .Dim = c(6L, 4L), .Dimnames = structure(list(
        c("-3", "-2", "-1", "0", "1", NA), c("A", "G", "T", NA
        )), .Names = c("", "")), class = "table"), N = 10723L), 
    Tag.Distribution = structure(c(`1` = 235L, `2` = 147L, `3` = 132L, 
    `4` = 109L, `5` = 81L, `6` = 80L, `7` = 58L, `8` = 47L, `9` = 44L, 
    `10` = 36L, `11` = 36L, `12` = 40L, `13` = 29L, `14` = 24L, 
    `15` = 29L, `16` = 22L, `17` = 17L, `18` = 7L, `19` = 19L, 
    `20` = 13L, `21` = 13L, `22` = 11L, `23` = 4L, `24` = 7L, 
    `25` = 7L, `26` = 5L, `27` = 3L, `28` = 5L, `29` = 4L, `30` = 5L, 
    `31` = 3L, `32` = 5L, `33` = 4L, `34` = 2L, `36` = 1L, `39` = 4L, 
    `41` = 2L, `42` = 1L, `43` = 1L, `44` = 1L, `46` = 4L, `51` = 3L, 
    `53` = 1L, `54` = 1L, `65` = 1L, `66` = 1L, `68` = 1L), .Dim = 47L, .Dimnames = structure(list(
        c("1", "2", "3", "4", "5", "6", "7", "8", "9", "10", 
        "11", "12", "13", "14", "15", "16", "17", "18", "19", 
        "20", "21", "22", "23", "24", "25", "26", "27", "28", 
        "29", "30", "31", "32", "33", "34", "36", "39", "41", 
        "42", "43", "44", "46", "51", "53", "54", "65", "66", 
        "68")), .Names = ""), class = "table"), No.Tag = structure(c(0L, 
    0L, 4L, 438L, 1L, 1L, 0L, 0L, 0L, 1L, 0L, 0L, 0L, 0L, 0L, 
    0L, 0L, 0L, 0L, 0L, 1L, 15L, 0L, 0L), .Dim = c(6L, 4L), .Dimnames = structure(list(
        c("-3", "-2", "-1", "0", "1", NA), c("A", "G", "T", NA
        )), .Names = c("", "")), class = "table"), All.Tags = list(
        Concordant = list(Freqs = structure(c(0, 0, 5, 1133, 
        3, 0, 0, 0, 0, 0, 0, 0, 0, 0, 0), .Dim = c(5L, 3L), .Dimnames = list(
            c("-3", "-2", "-1", "0", "1"), c("A", "G", "T"))), 
            N = 1141), Majority = list(Freqs = structure(c(0, 
        0, 7, 1285, 3, 0, 0, 0, 0, 0, 0, 0, 0, 0, 0), .Dim = c(5L, 
        3L), .Dimnames = list(c("-3", "-2", "-1", "0", "1"), 
            c("A", "G", "T"))), N = 1295)), `2` = structure(c(0, 
    0, 4, 1057, 1, 0, 0, 0, 0, 0, 0, 0, 0, 0, 0), .Dim = c(5L, 
    3L), .Dimnames = list(c("-3", "-2", "-1", "0", "1"), c("A", 
    "G", "T"))))))
