Results <-
list(`bwaOutput/20210421msiMNRsJenny/254574_S90.sam` = list(GM01_SNP1 = list(
    All = list(Freqs = structure(c(3L, 179L, 10860L, 61L, 10L, 
    0L, 0L, 11L, 0L, 1L, 0L, 6L, 107L, 0L, 0L), .Dim = c(5L, 
    3L), .Dimnames = structure(list(c("-2", "-1", "0", "1", NA
    ), c("A", "G", NA)), .Names = c("", "")), class = "table"), 
        N = 11238L), Tag.Distribution = structure(c(`1` = 286L, 
    `2` = 178L, `3` = 134L, `4` = 153L, `5` = 138L, `6` = 99L, 
    `7` = 110L, `8` = 89L, `9` = 97L, `10` = 58L, `11` = 53L, 
    `12` = 46L, `13` = 36L, `14` = 36L, `15` = 21L, `16` = 31L, 
    `17` = 15L, `18` = 14L, `19` = 11L, `20` = 11L, `21` = 10L, 
    `22` = 10L, `23` = 8L, `24` = 2L, `25` = 5L, `26` = 3L, `27` = 1L, 
    `28` = 5L, `30` = 2L, `31` = 1L, `32` = 1L, `33` = 2L, `36` = 1L, 
    `43` = 1L, `50` = 1L), .Dim = 35L, .Dimnames = structure(list(
        c("1", "2", "3", "4", "5", "6", "7", "8", "9", "10", 
        "11", "12", "13", "14", "15", "16", "17", "18", "19", 
        "20", "21", "22", "23", "24", "25", "26", "27", "28", 
        "30", "31", "32", "33", "36", "43", "50")), .Names = ""), class = "table"), 
    No.Tag = structure(c(0L, 2L, 149L, 1L, 0L, 0L, 0L, 1L, 0L, 
    0L, 0L, 0L, 6L, 0L, 0L), .Dim = c(5L, 3L), .Dimnames = structure(list(
        c("-2", "-1", "0", "1", NA), c("A", "G", NA)), .Names = c("", 
    "")), class = "table"), All.Tags = list(Concordant = list(
        Freqs = structure(c(1, 5, 1464, 1, 0, 0, 2, 0), .Dim = c(4L, 
        2L), .Dimnames = list(c("-2", "-1", "0", "1"), c("A", 
        "G"))), N = 1473), Majority = list(Freqs = structure(c(1, 
    5, 1641, 3, 0, 0, 2, 0), .Dim = c(4L, 2L), .Dimnames = list(
        c("-2", "-1", "0", "1"), c("A", "G"))), N = 1652)), `2` = structure(c(0, 
    0, 1370, 3, 0, 0, 0, 0), .Dim = c(4L, 2L), .Dimnames = list(
        c("-2", "-1", "0", "1"), c("A", "G"))))))
