Results <-
list(`bwaOutput/20210421msiMNRsJenny/254574_S90.sam` = list(DEPDC2_SNP1 = list(
    All = list(Freqs = structure(c(0L, 11L, 0L, 0L, 21L, 5992L, 
    29L, 35L, 0L, 51L, 0L, 0L), .Dim = 4:3, .Dimnames = structure(list(
        c("-1", "0", "1", NA), c("C", "T", NA)), .Names = c("", 
    "")), class = "table"), N = 6139L), Tag.Distribution = structure(c(`1` = 274L, 
    `2` = 150L, `3` = 132L, `4` = 102L, `5` = 80L, `6` = 63L, 
    `7` = 79L, `8` = 62L, `9` = 36L, `10` = 31L, `11` = 20L, 
    `12` = 34L, `13` = 18L, `14` = 14L, `15` = 11L, `16` = 11L, 
    `17` = 5L, `18` = 6L, `19` = 9L, `20` = 5L, `21` = 3L, `22` = 2L, 
    `23` = 2L, `30` = 1L, `33` = 1L), .Dim = 25L, .Dimnames = structure(list(
        c("1", "2", "3", "4", "5", "6", "7", "8", "9", "10", 
        "11", "12", "13", "14", "15", "16", "17", "18", "19", 
        "20", "21", "22", "23", "30", "33")), .Names = ""), class = "table"), 
    No.Tag = structure(c(0L, 0L, 0L, 0L, 1L, 209L, 1L, 3L, 0L, 
    7L, 0L, 0L), .Dim = 4:3, .Dimnames = structure(list(c("-1", 
    "0", "1", NA), c("C", "T", NA)), .Names = c("", "")), class = "table"), 
    All.Tags = list(Concordant = list(Freqs = structure(c(0, 
    8, 0, 3, 1090, 2), .Dim = 3:2, .Dimnames = list(c("-1", "0", 
    "1"), c("C", "T"))), N = 1103), Majority = list(Freqs = structure(c(0, 
    8, 0, 3, 1128, 2), .Dim = 3:2, .Dimnames = list(c("-1", "0", 
    "1"), c("C", "T"))), N = 1141)), `2` = structure(c(0, 0, 
    0, 0, 871, 0), .Dim = 3:2, .Dimnames = list(c("-1", "0", 
    "1"), c("C", "T"))))))
