Results <-
list(`bwaOutput/20210421msiMNRsJenny/254574_S90.sam` = list(LR52_SNP1 = list(
    All = list(Freqs = structure(c(0L, 0L, 0L, 0L, 1L, 0L, 0L, 
    0L, 1L, 13L, 208L, 1412L, 13L, 20L, 1L, 2L, 13L, 115L, 1276L, 
    10L, 14L, 0L, 0L, 0L, 10L, 493L, 2L, 0L), .Dim = c(7L, 4L
    ), .Dimnames = structure(list(c("-4", "-3", "-2", "-1", "0", 
    "1", NA), c("A", "C", "T", NA)), .Names = c("", "")), class = "table"), 
        N = 3604L), Tag.Distribution = structure(c(`1` = 130L, 
    `2` = 71L, `3` = 75L, `4` = 63L, `5` = 46L, `6` = 53L, `7` = 34L, 
    `8` = 42L, `9` = 32L, `10` = 20L, `11` = 20L, `12` = 15L, 
    `13` = 15L, `14` = 4L, `15` = 8L, `16` = 7L, `17` = 5L, `18` = 3L, 
    `19` = 5L, `22` = 1L, `23` = 1L), .Dim = 21L, .Dimnames = structure(list(
        c("1", "2", "3", "4", "5", "6", "7", "8", "9", "10", 
        "11", "12", "13", "14", "15", "16", "17", "18", "19", 
        "22", "23")), .Names = ""), class = "table"), No.Tag = structure(c(0L, 
    0L, 0L, 0L, 0L, 0L, 0L, 0L, 0L, 0L, 6L, 23L, 0L, 3L, 0L, 
    0L, 0L, 0L, 32L, 0L, 1L, 0L, 0L, 0L, 1L, 17L, 0L, 0L), .Dim = c(7L, 
    4L), .Dimnames = structure(list(c("-4", "-3", "-2", "-1", 
    "0", "1", NA), c("A", "C", "T", NA)), .Names = c("", "")), class = "table"), 
    All.Tags = list(Concordant = list(Freqs = structure(c(0, 
    0, 0, 0, 0, 0, 0, 0, 3, 11, 215, 0, 0, 0, 0, 8, 160, 0), .Dim = c(6L, 
    3L), .Dimnames = list(c("-4", "-3", "-2", "-1", "0", "1"), 
        c("A", "C", "T"))), N = 397), Majority = list(Freqs = structure(c(0, 
    0, 0, 0, 0, 0, 0, 0, 3, 18, 328, 0, 0, 0, 0, 10, 247, 0), .Dim = c(6L, 
    3L), .Dimnames = list(c("-4", "-3", "-2", "-1", "0", "1"), 
        c("A", "C", "T"))), N = 606)), `2` = structure(c(0, 0, 
    0, 0, 0, 0, 0, 0, 0, 14, 283, 0, 0, 0, 0, 3, 200, 0), .Dim = c(6L, 
    3L), .Dimnames = list(c("-4", "-3", "-2", "-1", "0", "1"), 
        c("A", "C", "T"))))))
