Results <-
list(`bwaOutput/20210421msiMNRsJenny/254574_S90.sam` = list(GM22_SNP1 = list(
    All = list(Freqs = structure(c(4L, 142L, 8582L, 36L, 1L, 
    19L, 0L, 1L, 17L, 0L, 0L, 0L, 0L, 3L, 116L, 1L, 0L, 0L), .Dim = c(6L, 
    3L), .Dimnames = structure(list(c("-2", "-1", "0", "1", "2", 
    NA), c("A", "G", NA)), .Names = c("", "")), class = "table"), 
        N = 8922L), Tag.Distribution = structure(c(`1` = 250L, 
    `2` = 135L, `3` = 114L, `4` = 107L, `5` = 113L, `6` = 92L, 
    `7` = 79L, `8` = 75L, `9` = 61L, `10` = 55L, `11` = 36L, 
    `12` = 49L, `13` = 33L, `14` = 28L, `15` = 22L, `16` = 15L, 
    `17` = 22L, `18` = 14L, `19` = 5L, `20` = 4L, `21` = 5L, 
    `22` = 3L, `23` = 7L, `24` = 2L, `25` = 2L, `26` = 4L, `27` = 4L, 
    `28` = 2L, `29` = 1L, `30` = 2L), .Dim = 30L, .Dimnames = structure(list(
        c("1", "2", "3", "4", "5", "6", "7", "8", "9", "10", 
        "11", "12", "13", "14", "15", "16", "17", "18", "19", 
        "20", "21", "22", "23", "24", "25", "26", "27", "28", 
        "29", "30")), .Names = ""), class = "table"), No.Tag = structure(c(0L, 
    1L, 291L, 0L, 0L, 2L, 0L, 0L, 1L, 0L, 0L, 0L, 0L, 0L, 5L, 
    0L, 0L, 0L), .Dim = c(6L, 3L), .Dimnames = structure(list(
        c("-2", "-1", "0", "1", "2", NA), c("A", "G", NA)), .Names = c("", 
    "")), class = "table"), All.Tags = list(Concordant = list(
        Freqs = structure(c(1, 2, 1157, 0, 0, 0, 1, 7, 0, 0), .Dim = c(5L, 
        2L), .Dimnames = list(c("-2", "-1", "0", "1", "2"), c("A", 
        "G"))), N = 1168), Majority = list(Freqs = structure(c(1, 
    2, 1311, 0, 0, 0, 1, 7, 0, 0), .Dim = c(5L, 2L), .Dimnames = list(
        c("-2", "-1", "0", "1", "2"), c("A", "G"))), N = 1322)), 
    `2` = structure(c(0, 0, 1081, 0, 0, 0, 0, 1, 0, 0), .Dim = c(5L, 
    2L), .Dimnames = list(c("-2", "-1", "0", "1", "2"), c("A", 
    "G"))))))
