Results <-
list(`bwaOutput/20210421msiMNRsJenny/254574_S90.sam` = list(LR46_SNP1 = list(
    All = list(Freqs = structure(c(0L, 2L, 0L, 0L, 22L, 6257L, 
    27L, 25L, 0L, 72L, 0L, 0L, 0L, 51L, 0L, 0L), .Dim = c(4L, 
    4L), .Dimnames = structure(list(c("-1", "0", "1", NA), c("C", 
    "G", "T", NA)), .Names = c("", "")), class = "table"), N = 6456L), 
    Tag.Distribution = structure(c(`1` = 192L, `2` = 110L, `3` = 94L, 
    `4` = 74L, `5` = 63L, `6` = 65L, `7` = 63L, `8` = 41L, `9` = 44L, 
    `10` = 27L, `11` = 32L, `12` = 25L, `13` = 26L, `14` = 21L, 
    `15` = 16L, `16` = 13L, `17` = 21L, `18` = 10L, `19` = 2L, 
    `20` = 5L, `21` = 4L, `22` = 3L, `23` = 3L, `24` = 3L, `25` = 1L, 
    `26` = 1L, `27` = 1L, `28` = 1L, `29` = 2L, `30` = 4L, `31` = 1L, 
    `32` = 3L), .Dim = 32L, .Dimnames = structure(list(c("1", 
    "2", "3", "4", "5", "6", "7", "8", "9", "10", "11", "12", 
    "13", "14", "15", "16", "17", "18", "19", "20", "21", "22", 
    "23", "24", "25", "26", "27", "28", "29", "30", "31", "32"
    )), .Names = ""), class = "table"), No.Tag = structure(c(0L, 
    0L, 0L, 0L, 1L, 206L, 3L, 2L, 0L, 1L, 0L, 0L, 0L, 4L, 0L, 
    0L), .Dim = c(4L, 4L), .Dimnames = structure(list(c("-1", 
    "0", "1", NA), c("C", "G", "T", NA)), .Names = c("", "")), class = "table"), 
    All.Tags = list(Concordant = list(Freqs = structure(c(0, 
    0, 0, 0, 911, 1, 0, 9, 0), .Dim = c(3L, 3L), .Dimnames = list(
        c("-1", "0", "1"), c("C", "G", "T"))), N = 921), Majority = list(
        Freqs = structure(c(0, 0, 0, 0, 953, 1, 0, 11, 0), .Dim = c(3L, 
        3L), .Dimnames = list(c("-1", "0", "1"), c("C", "G", 
        "T"))), N = 965)), `2` = structure(c(0, 0, 0, 0, 769, 
    0, 0, 5, 0), .Dim = c(3L, 3L), .Dimnames = list(c("-1", "0", 
    "1"), c("C", "G", "T"))))))
