Results <-
list(`bwaOutput/20210421msiMNRsJenny/254574_S90.sam` = list(GM11_SNP1 = list(
    All = list(Freqs = structure(c(36L, 5357L, 17L, 2L, 1L, 4L, 
    0L, 0L, 0L, 1L, 0L, 0L, 0L, 33L, 1L, 0L), .Dim = c(4L, 4L
    ), .Dimnames = structure(list(c("-1", "0", "1", NA), c("A", 
    "G", "T", NA)), .Names = c("", "")), class = "table"), N = 5452L), 
    Tag.Distribution = structure(c(`1` = 160L, `2` = 100L, `3` = 85L, 
    `4` = 73L, `5` = 56L, `6` = 53L, `7` = 45L, `8` = 47L, `9` = 41L, 
    `10` = 26L, `11` = 30L, `12` = 27L, `13` = 16L, `14` = 21L, 
    `15` = 13L, `16` = 8L, `17` = 15L, `18` = 3L, `19` = 6L, 
    `20` = 7L, `21` = 7L, `22` = 2L, `23` = 2L, `24` = 1L, `25` = 1L, 
    `27` = 3L, `28` = 2L, `32` = 1L, `33` = 1L), .Dim = 29L, .Dimnames = structure(list(
        c("1", "2", "3", "4", "5", "6", "7", "8", "9", "10", 
        "11", "12", "13", "14", "15", "16", "17", "18", "19", 
        "20", "21", "22", "23", "24", "25", "27", "28", "32", 
        "33")), .Names = ""), class = "table"), No.Tag = structure(c(2L, 
    93L, 1L, 0L, 0L, 0L, 0L, 0L, 0L, 0L, 0L, 0L, 0L, 1L, 0L, 
    0L), .Dim = c(4L, 4L), .Dimnames = structure(list(c("-1", 
    "0", "1", NA), c("A", "G", "T", NA)), .Names = c("", "")), class = "table"), 
    All.Tags = list(Concordant = list(Freqs = structure(c(1, 
    803, 1, 1, 3, 0, 0, 1, 0), .Dim = c(3L, 3L), .Dimnames = list(
        c("-1", "0", "1"), c("A", "G", "T"))), N = 810), Majority = list(
        Freqs = structure(c(1, 840, 1, 1, 3, 0, 0, 1, 0), .Dim = c(3L, 
        3L), .Dimnames = list(c("-1", "0", "1"), c("A", "G", 
        "T"))), N = 847)), `2` = structure(c(0, 690, 0, 0, 0, 
    0, 0, 0, 0), .Dim = c(3L, 3L), .Dimnames = list(c("-1", "0", 
    "1"), c("A", "G", "T"))))))
