Results <-
list(`bwaOutput/20210421msiMNRsJenny/254574_S90.sam` = list(LR10_SNP1 = list(
    All = list(Freqs = structure(c(0L, 0L, 1L, 0L, 0L, 0L, 0L, 
    1L, 17L, 0L, 0L, 0L, 0L, 0L, 1L, 0L, 0L, 0L, 1L, 95L, 5236L, 
    33L, 0L, 3L, 0L, 1L, 93L, 5L, 1L, 0L), .Dim = 6:5, .Dimnames = structure(list(
        c("-2", "-1", "0", "1", "2", NA), c("A", "C", "G", "T", 
        NA)), .Names = c("", "")), class = "table"), N = 5488L), 
    Tag.Distribution = structure(c(`1` = 230L, `2` = 105L, `3` = 79L, 
    `4` = 83L, `5` = 65L, `6` = 61L, `7` = 64L, `8` = 54L, `9` = 47L, 
    `10` = 37L, `11` = 35L, `12` = 20L, `13` = 21L, `14` = 14L, 
    `15` = 11L, `16` = 10L, `17` = 6L, `18` = 7L, `19` = 4L, 
    `20` = 4L, `21` = 3L, `22` = 1L, `23` = 2L, `26` = 1L), .Dim = 24L, .Dimnames = structure(list(
        c("1", "2", "3", "4", "5", "6", "7", "8", "9", "10", 
        "11", "12", "13", "14", "15", "16", "17", "18", "19", 
        "20", "21", "22", "23", "26")), .Names = ""), class = "table"), 
    No.Tag = structure(c(0L, 0L, 0L, 0L, 0L, 0L, 0L, 0L, 1L, 
    0L, 0L, 0L, 0L, 0L, 0L, 0L, 0L, 0L, 0L, 1L, 142L, 1L, 0L, 
    1L, 0L, 0L, 9L, 0L, 0L, 0L), .Dim = 6:5, .Dimnames = structure(list(
        c("-2", "-1", "0", "1", "2", NA), c("A", "C", "G", "T", 
        NA)), .Names = c("", "")), class = "table"), All.Tags = list(
        Concordant = list(Freqs = structure(c(0, 0, 0, 0, 0, 
        0, 1, 10, 0, 0, 0, 0, 1, 0, 0, 0, 6, 842, 0, 0), .Dim = 5:4, .Dimnames = list(
            c("-2", "-1", "0", "1", "2"), c("A", "C", "G", "T"
            ))), N = 860), Majority = list(Freqs = structure(c(0, 
        0, 0, 0, 0, 0, 1, 10, 0, 0, 0, 0, 1, 0, 0, 0, 8, 927, 
        1, 0), .Dim = 5:4, .Dimnames = list(c("-2", "-1", "0", 
        "1", "2"), c("A", "C", "G", "T"))), N = 948)), `2` = structure(c(0, 
    0, 0, 0, 0, 0, 0, 0, 0, 0, 0, 0, 0, 0, 0, 0, 3, 722, 1, 0
    ), .Dim = 5:4, .Dimnames = list(c("-2", "-1", "0", "1", "2"
    ), c("A", "C", "G", "T"))))))
