Results <-
list(`bwaOutput/20210421msiMNRsJenny/254574_S90.sam` = list(IM16_SNP1 = list(
    All = list(Freqs = structure(c(1L, 79L, 7908L, 117L, 3L, 
    6L, 0L, 1L, 7L, 0L, 0L, 0L, 0L, 0L, 101L, 1L, 0L, 0L), .Dim = c(6L, 
    3L), .Dimnames = structure(list(c("-2", "-1", "0", "1", "2", 
    NA), c("A", "G", NA)), .Names = c("", "")), class = "table"), 
        N = 8224L), Tag.Distribution = structure(c(`1` = 240L, 
    `2` = 131L, `3` = 107L, `4` = 108L, `5` = 76L, `6` = 71L, 
    `7` = 83L, `8` = 75L, `9` = 67L, `10` = 52L, `11` = 37L, 
    `12` = 30L, `13` = 37L, `14` = 22L, `15` = 20L, `16` = 18L, 
    `17` = 20L, `18` = 16L, `19` = 12L, `20` = 9L, `21` = 2L, 
    `22` = 3L, `23` = 3L, `24` = 3L, `25` = 1L, `26` = 1L, `27` = 2L, 
    `29` = 1L, `32` = 1L, `34` = 1L), .Dim = 30L, .Dimnames = structure(list(
        c("1", "2", "3", "4", "5", "6", "7", "8", "9", "10", 
        "11", "12", "13", "14", "15", "16", "17", "18", "19", 
        "20", "21", "22", "23", "24", "25", "26", "27", "29", 
        "32", "34")), .Names = ""), class = "table"), No.Tag = structure(c(0L, 
    1L, 210L, 2L, 0L, 1L, 0L, 0L, 1L, 0L, 0L, 0L, 0L, 0L, 15L, 
    0L, 0L, 0L), .Dim = c(6L, 3L), .Dimnames = structure(list(
        c("-2", "-1", "0", "1", "2", NA), c("A", "G", NA)), .Names = c("", 
    "")), class = "table"), All.Tags = list(Concordant = list(
        Freqs = structure(c(0, 1, 1072, 5, 0, 0, 1, 3, 0, 0), .Dim = c(5L, 
        2L), .Dimnames = list(c("-2", "-1", "0", "1", "2"), c("A", 
        "G"))), N = 1082), Majority = list(Freqs = structure(c(0, 
    2, 1221, 5, 0, 0, 1, 3, 0, 0), .Dim = c(5L, 2L), .Dimnames = list(
        c("-2", "-1", "0", "1", "2"), c("A", "G"))), N = 1232)), 
    `2` = structure(c(0, 1, 1003, 0, 0, 0, 0, 0, 0, 0), .Dim = c(5L, 
    2L), .Dimnames = list(c("-2", "-1", "0", "1", "2"), c("A", 
    "G"))))))
