Results <-
list(`bwaOutput/20210421msiMNRsJenny/254574_S90.sam` = list(GM17_SNP1 = list(
    All = list(Freqs = structure(c(4L, 150L, 12447L, 41L, 13L, 
    0L, 0L, 2L, 0L, 0L, 0L, 1L, 33L, 0L, 0L, 0L, 5L, 501L, 3L, 
    0L), .Dim = 5:4, .Dimnames = structure(list(c("-2", "-1", 
    "0", "1", NA), c("C", "G", "T", NA)), .Names = c("", "")), class = "table"), 
        N = 13200L), Tag.Distribution = structure(c(`1` = 301L, 
    `2` = 152L, `3` = 132L, `4` = 153L, `5` = 110L, `6` = 121L, 
    `7` = 101L, `8` = 101L, `9` = 83L, `10` = 71L, `11` = 57L, 
    `12` = 61L, `13` = 45L, `14` = 51L, `15` = 42L, `16` = 30L, 
    `17` = 24L, `18` = 14L, `19` = 19L, `20` = 18L, `21` = 13L, 
    `22` = 13L, `23` = 10L, `24` = 7L, `25` = 4L, `26` = 7L, 
    `27` = 5L, `28` = 4L, `29` = 3L, `30` = 1L, `31` = 1L, `33` = 1L, 
    `35` = 2L, `38` = 1L, `39` = 1L, `40` = 1L), .Dim = 36L, .Dimnames = structure(list(
        c("1", "2", "3", "4", "5", "6", "7", "8", "9", "10", 
        "11", "12", "13", "14", "15", "16", "17", "18", "19", 
        "20", "21", "22", "23", "24", "25", "26", "27", "28", 
        "29", "30", "31", "33", "35", "38", "39", "40")), .Names = ""), class = "table"), 
    No.Tag = structure(c(0L, 2L, 311L, 0L, 0L, 0L, 0L, 0L, 0L, 
    0L, 0L, 0L, 1L, 0L, 0L, 0L, 0L, 22L, 0L, 0L), .Dim = 5:4, .Dimnames = structure(list(
        c("-2", "-1", "0", "1", NA), c("C", "G", "T", NA)), .Names = c("", 
    "")), class = "table"), All.Tags = list(Concordant = list(
        Freqs = structure(c(1, 3, 1559, 0, 0, 0, 0, 0, 0, 1, 
        16, 0), .Dim = 4:3, .Dimnames = list(c("-2", "-1", "0", 
        "1"), c("C", "G", "T"))), N = 1580), Majority = list(
        Freqs = structure(c(1, 6, 1710, 0, 0, 0, 0, 0, 0, 1, 
        16, 0), .Dim = 4:3, .Dimnames = list(c("-2", "-1", "0", 
        "1"), c("C", "G", "T"))), N = 1734)), `2` = structure(c(0, 
    4, 1448, 0, 0, 0, 0, 0, 0, 0, 0, 0), .Dim = 4:3, .Dimnames = list(
        c("-2", "-1", "0", "1"), c("C", "G", "T"))))))
