Results <-
list(`bwaOutput/20210421msiMNRsJenny/254574_S90.sam` = list(GM07_SNP1 = list(
    All = list(Freqs = structure(c(1L, 1L, 15L, 0L, 0L, 0L, 4L, 
    289L, 4912L, 136L, 4L, 86L, 0L, 0L, 1L, 0L, 0L, 0L, 1L, 4L, 
    126L, 1L, 0L, 0L), .Dim = c(6L, 4L), .Dimnames = structure(list(
        c("-2", "-1", "0", "1", "2", NA), c("A", "G", "T", NA
        )), .Names = c("", "")), class = "table"), N = 5581L), 
    Tag.Distribution = structure(c(`1` = 202L, `2` = 111L, `3` = 114L, 
    `4` = 87L, `5` = 95L, `6` = 71L, `7` = 46L, `8` = 55L, `9` = 32L, 
    `10` = 36L, `11` = 28L, `12` = 22L, `13` = 18L, `14` = 15L, 
    `15` = 9L, `16` = 11L, `17` = 6L, `18` = 8L, `19` = 2L, `20` = 4L, 
    `21` = 4L, `22` = 3L, `23` = 1L, `24` = 2L, `27` = 1L, `29` = 1L
    ), .Dim = 26L, .Dimnames = structure(list(c("1", "2", "3", 
    "4", "5", "6", "7", "8", "9", "10", "11", "12", "13", "14", 
    "15", "16", "17", "18", "19", "20", "21", "22", "23", "24", 
    "27", "29")), .Names = ""), class = "table"), No.Tag = structure(c(0L, 
    0L, 1L, 0L, 0L, 0L, 0L, 7L, 163L, 0L, 0L, 6L, 0L, 0L, 0L, 
    0L, 0L, 0L, 0L, 0L, 11L, 0L, 0L, 0L), .Dim = c(6L, 4L), .Dimnames = structure(list(
        c("-2", "-1", "0", "1", "2", NA), c("A", "G", "T", NA
        )), .Names = c("", "")), class = "table"), All.Tags = list(
        Concordant = list(Freqs = structure(c(0, 0, 10, 0, 0, 
        1, 15, 686, 3, 0, 0, 0, 0, 0, 0), .Dim = c(5L, 3L), .Dimnames = list(
            c("-2", "-1", "0", "1", "2"), c("A", "G", "T"))), 
            N = 715), Majority = list(Freqs = structure(c(0, 
        0, 10, 0, 0, 1, 21, 920, 3, 0, 0, 0, 0, 0, 0), .Dim = c(5L, 
        3L), .Dimnames = list(c("-2", "-1", "0", "1", "2"), c("A", 
        "G", "T"))), N = 955)), `2` = structure(c(0, 0, 0, 0, 
    0, 0, 10, 759, 2, 0, 0, 0, 0, 0, 0), .Dim = c(5L, 3L), .Dimnames = list(
        c("-2", "-1", "0", "1", "2"), c("A", "G", "T"))))))
