Results <-
list(`bwaOutput/20210421msiMNRsJenny/254574_S90.sam` = list(LR49_SNP1 = list(
    All = list(Freqs = structure(c(9L, 3316L, 0L, 0L, 6L, 3823L, 
    1L, 6L, 0L, 2L, 0L, 0L, 0L, 91L, 0L, 0L), .Dim = c(4L, 4L
    ), .Dimnames = structure(list(c("-1", "0", "1", NA), c("A", 
    "G", "T", NA)), .Names = c("", "")), class = "table"), N = 7254L), 
    Tag.Distribution = structure(c(`1` = 279L, `2` = 175L, `3` = 150L, 
    `4` = 138L, `5` = 99L, `6` = 87L, `7` = 94L, `8` = 56L, `9` = 53L, 
    `10` = 40L, `11` = 34L, `12` = 27L, `13` = 27L, `14` = 15L, 
    `15` = 16L, `16` = 11L, `17` = 7L, `18` = 4L, `19` = 4L, 
    `20` = 3L, `21` = 2L, `22` = 3L, `23` = 1L, `25` = 2L, `27` = 2L, 
    `29` = 1L, `34` = 1L, `36` = 1L, `37` = 1L), .Dim = 29L, .Dimnames = structure(list(
        c("1", "2", "3", "4", "5", "6", "7", "8", "9", "10", 
        "11", "12", "13", "14", "15", "16", "17", "18", "19", 
        "20", "21", "22", "23", "25", "27", "29", "34", "36", 
        "37")), .Names = ""), class = "table"), No.Tag = structure(c(0L, 
    87L, 0L, 0L, 0L, 153L, 0L, 1L, 0L, 1L, 0L, 0L, 0L, 8L, 0L, 
    0L), .Dim = c(4L, 4L), .Dimnames = structure(list(c("-1", 
    "0", "1", NA), c("A", "G", "T", NA)), .Names = c("", "")), class = "table"), 
    All.Tags = list(Concordant = list(Freqs = structure(c(1, 
    556, 0, 0, 573, 0, 0, 0, 0), .Dim = c(3L, 3L), .Dimnames = list(
        c("-1", "0", "1"), c("A", "G", "T"))), N = 1130), Majority = list(
        Freqs = structure(c(1, 639, 0, 0, 658, 0, 0, 0, 0), .Dim = c(3L, 
        3L), .Dimnames = list(c("-1", "0", "1"), c("A", "G", 
        "T"))), N = 1298)), `2` = structure(c(0, 510, 0, 0, 526, 
    0, 0, 0, 0), .Dim = c(3L, 3L), .Dimnames = list(c("-1", "0", 
    "1"), c("A", "G", "T"))))))
