Results <-
list(`bwaOutput/20210421msiMNRsJenny/254574_S90.sam` = list(LR17_SNP1 = list(
    All = list(Freqs = structure(c(1L, 5L, 19L, 642L, 16918L, 
    230L, 3L, 119L, 0L, 0L, 0L, 0L, 7L, 0L, 0L, 0L, 0L, 0L, 0L, 
    21L, 1150L, 8L, 0L, 0L), .Dim = c(8L, 3L), .Dimnames = structure(list(
        c("-4", "-3", "-2", "-1", "0", "1", "2", NA), c("A", 
        "G", NA)), .Names = c("", "")), class = "table"), N = 19123L), 
    Tag.Distribution = structure(c(`1` = 373L, `2` = 166L, `3` = 179L, 
    `4` = 168L, `5` = 159L, `6` = 145L, `7` = 145L, `8` = 107L, 
    `9` = 122L, `10` = 90L, `11` = 99L, `12` = 60L, `13` = 72L, 
    `14` = 53L, `15` = 49L, `16` = 50L, `17` = 29L, `18` = 32L, 
    `19` = 35L, `20` = 24L, `21` = 16L, `22` = 15L, `23` = 18L, 
    `24` = 13L, `25` = 4L, `26` = 13L, `27` = 7L, `28` = 8L, 
    `29` = 9L, `30` = 3L, `31` = 2L, `32` = 4L, `33` = 4L, `34` = 1L, 
    `35` = 3L, `36` = 3L, `37` = 2L, `38` = 2L, `40` = 2L, `41` = 1L, 
    `45` = 1L, `46` = 1L, `47` = 1L, `53` = 1L, `79` = 1L), .Dim = 45L, .Dimnames = structure(list(
        c("1", "2", "3", "4", "5", "6", "7", "8", "9", "10", 
        "11", "12", "13", "14", "15", "16", "17", "18", "19", 
        "20", "21", "22", "23", "24", "25", "26", "27", "28", 
        "29", "30", "31", "32", "33", "34", "35", "36", "37", 
        "38", "40", "41", "45", "46", "47", "53", "79")), .Names = ""), class = "table"), 
    No.Tag = structure(c(0L, 0L, 2L, 25L, 647L, 7L, 1L, 6L, 0L, 
    0L, 0L, 0L, 0L, 0L, 0L, 0L, 0L, 0L, 0L, 1L, 46L, 0L, 0L, 
    0L), .Dim = c(8L, 3L), .Dimnames = structure(list(c("-4", 
    "-3", "-2", "-1", "0", "1", "2", NA), c("A", "G", NA)), .Names = c("", 
    "")), class = "table"), All.Tags = list(Concordant = list(
        Freqs = structure(c(0, 0, 1, 15, 1644, 2, 0, 0, 0, 0, 
        0, 1, 0, 0), .Dim = c(7L, 2L), .Dimnames = list(c("-4", 
        "-3", "-2", "-1", "0", "1", "2"), c("A", "G"))), N = 1663), 
        Majority = list(Freqs = structure(c(0, 0, 1, 18, 2210, 
        3, 0, 0, 0, 0, 0, 1, 0, 0), .Dim = c(7L, 2L), .Dimnames = list(
            c("-4", "-3", "-2", "-1", "0", "1", "2"), c("A", 
            "G"))), N = 2233)), `2` = structure(c(0, 0, 0, 7, 
    1883, 1, 0, 0, 0, 0, 0, 0, 0, 0), .Dim = c(7L, 2L), .Dimnames = list(
        c("-4", "-3", "-2", "-1", "0", "1", "2"), c("A", "G"))))))
