Results <-
list(`bwaOutput/20210421msiMNRsJenny/254574_S90.sam` = list(GM26_SNP1 = list(
    All = list(Freqs = structure(c(38L, 3685L, 11L, 1L, 2L, 0L, 
    13L, 0L, 0L, 0L, 2L, 32L, 0L, 0L, 0L), .Dim = c(5L, 3L), .Dimnames = structure(list(
        c("-1", "0", "1", "2", NA), c("A", "G", NA)), .Names = c("", 
    "")), class = "table"), N = 3784L), Tag.Distribution = structure(c(`1` = 134L, 
    `2` = 67L, `3` = 45L, `4` = 58L, `5` = 43L, `6` = 52L, `7` = 30L, 
    `8` = 31L, `9` = 26L, `10` = 23L, `11` = 24L, `12` = 23L, 
    `13` = 17L, `14` = 12L, `15` = 15L, `16` = 6L, `17` = 5L, 
    `18` = 3L, `19` = 3L, `20` = 2L, `22` = 2L, `25` = 2L, `26` = 1L
    ), .Dim = 23L, .Dimnames = structure(list(c("1", "2", "3", 
    "4", "5", "6", "7", "8", "9", "10", "11", "12", "13", "14", 
    "15", "16", "17", "18", "19", "20", "22", "25", "26")), .Names = ""), class = "table"), 
    No.Tag = structure(c(3L, 86L, 1L, 0L, 0L, 0L, 0L, 0L, 0L, 
    0L, 0L, 4L, 0L, 0L, 0L), .Dim = c(5L, 3L), .Dimnames = structure(list(
        c("-1", "0", "1", "2", NA), c("A", "G", NA)), .Names = c("", 
    "")), class = "table"), All.Tags = list(Concordant = list(
        Freqs = structure(c(1, 569, 0, 0, 0, 9, 0, 0), .Dim = c(4L, 
        2L), .Dimnames = list(c("-1", "0", "1", "2"), c("A", 
        "G"))), N = 579), Majority = list(Freqs = structure(c(1, 
    609, 0, 0, 0, 9, 0, 0), .Dim = c(4L, 2L), .Dimnames = list(
        c("-1", "0", "1", "2"), c("A", "G"))), N = 619)), `2` = structure(c(1, 
    488, 0, 0, 0, 0, 0, 0), .Dim = c(4L, 2L), .Dimnames = list(
        c("-1", "0", "1", "2"), c("A", "G"))))))
