Results <-
list(`bwaOutput/20210421msiMNRsJenny/254574_S90.sam` = list(LR44_SNP1 = list(
    All = list(Freqs = structure(c(2L, 38L, 553L, 11L, 1L, 0L, 
    3L, 14L, 0L, 0L, 4L, 58L, 636L, 14L, 3L, 0L, 0L, 38L, 0L, 
    0L), .Dim = 5:4, .Dimnames = structure(list(c("-2", "-1", 
    "0", "1", NA), c("C", "G", "T", NA)), .Names = c("", "")), class = "table"), 
        N = 1375L), Tag.Distribution = structure(c(`1` = 81L, 
    `2` = 36L, `3` = 44L, `4` = 26L, `5` = 31L, `6` = 35L, `7` = 12L, 
    `8` = 13L, `9` = 10L, `10` = 8L, `11` = 6L, `12` = 3L, `13` = 2L, 
    `14` = 3L, `15` = 2L, `16` = 1L, `18` = 1L), .Dim = 17L, .Dimnames = structure(list(
        c("1", "2", "3", "4", "5", "6", "7", "8", "9", "10", 
        "11", "12", "13", "14", "15", "16", "18")), .Names = ""), class = "table"), 
    No.Tag = structure(c(0L, 0L, 14L, 1L, 0L, 0L, 0L, 0L, 0L, 
    0L, 0L, 0L, 11L, 0L, 1L, 0L, 0L, 2L, 0L, 0L), .Dim = 5:4, .Dimnames = structure(list(
        c("-2", "-1", "0", "1", NA), c("C", "G", "T", NA)), .Names = c("", 
    "")), class = "table"), All.Tags = list(Concordant = list(
        Freqs = structure(c(1, 3, 90, 1, 0, 0, 0, 0, 0, 2, 121, 
        2), .Dim = 4:3, .Dimnames = list(c("-2", "-1", "0", "1"
        ), c("C", "G", "T"))), N = 220), Majority = list(Freqs = structure(c(1, 
    4, 122, 1, 0, 0, 2, 0, 0, 4, 167, 2), .Dim = 4:3, .Dimnames = list(
        c("-2", "-1", "0", "1"), c("C", "G", "T"))), N = 303)), 
    `2` = structure(c(0, 1, 93, 1, 0, 0, 2, 0, 0, 2, 126, 1), .Dim = 4:3, .Dimnames = list(
        c("-2", "-1", "0", "1"), c("C", "G", "T"))))))
