Results <-
list(`bwaOutput/20210421msiMNRsJenny/254574_S90.sam` = list(LR11_SNP1 = list(
    All = list(Freqs = structure(c(0L, 0L, 5L, 0L, 0L, 6L, 201L, 
    8685L, 71L, 27L, 0L, 0L, 6L, 0L, 0L, 0L, 6L, 351L, 4L, 0L
    ), .Dim = 5:4, .Dimnames = structure(list(c("-2", "-1", "0", 
    "1", NA), c("A", "C", "T", NA)), .Names = c("", "")), class = "table"), 
        N = 9362L), Tag.Distribution = structure(c(`1` = 256L, 
    `2` = 156L, `3` = 139L, `4` = 117L, `5` = 121L, `6` = 111L, 
    `7` = 92L, `8` = 73L, `9` = 82L, `10` = 58L, `11` = 63L, 
    `12` = 37L, `13` = 27L, `14` = 33L, `15` = 16L, `16` = 19L, 
    `17` = 12L, `18` = 12L, `19` = 7L, `20` = 6L, `21` = 6L, 
    `23` = 6L, `25` = 2L, `26` = 5L, `28` = 3L, `29` = 1L, `31` = 1L, 
    `34` = 1L, `36` = 1L, `47` = 1L), .Dim = 30L, .Dimnames = structure(list(
        c("1", "2", "3", "4", "5", "6", "7", "8", "9", "10", 
        "11", "12", "13", "14", "15", "16", "17", "18", "19", 
        "20", "21", "23", "25", "26", "28", "29", "31", "34", 
        "36", "47")), .Names = ""), class = "table"), No.Tag = structure(c(0L, 
    0L, 0L, 0L, 0L, 0L, 3L, 204L, 1L, 0L, 0L, 0L, 1L, 0L, 0L, 
    0L, 0L, 11L, 0L, 0L), .Dim = 5:4, .Dimnames = structure(list(
        c("-2", "-1", "0", "1", NA), c("A", "C", "T", NA)), .Names = c("", 
    "")), class = "table"), All.Tags = list(Concordant = list(
        Freqs = structure(c(0, 0, 1, 0, 0, 7, 1216, 2, 0, 0, 
        1, 0), .Dim = 4:3, .Dimnames = list(c("-2", "-1", "0", 
        "1"), c("A", "C", "T"))), N = 1227), Majority = list(
        Freqs = structure(c(0, 0, 1, 0, 0, 9, 1412, 2, 0, 0, 
        1, 0), .Dim = 4:3, .Dimnames = list(c("-2", "-1", "0", 
        "1"), c("A", "C", "T"))), N = 1425)), `2` = structure(c(0, 
    0, 0, 0, 0, 4, 1189, 0, 0, 0, 0, 0), .Dim = 4:3, .Dimnames = list(
        c("-2", "-1", "0", "1"), c("A", "C", "T"))))))
