Results <-
list(`bwaOutput/20210421msiMNRsJenny/254574_S90.sam` = list(GM09_SNP1 = list(
    All = list(Freqs = structure(c(48L, 10372L, 14L, 3L, 23L, 
    5560L, 6L, 1L, 0L, 1L, 0L, 0L, 1L, 82L, 1L, 0L), .Dim = c(4L, 
    4L), .Dimnames = structure(list(c("-1", "0", "1", NA), c("A", 
    "G", "T", NA)), .Names = c("", "")), class = "table"), N = 16112L), 
    Tag.Distribution = structure(c(`1` = 334L, `2` = 196L, `3` = 164L, 
    `4` = 172L, `5` = 155L, `6` = 126L, `7` = 98L, `8` = 116L, 
    `9` = 108L, `10` = 77L, `11` = 77L, `12` = 69L, `13` = 55L, 
    `14` = 42L, `15` = 43L, `16` = 26L, `17` = 28L, `18` = 23L, 
    `19` = 20L, `20` = 27L, `21` = 11L, `22` = 17L, `23` = 13L, 
    `24` = 12L, `25` = 8L, `26` = 5L, `27` = 6L, `28` = 6L, `29` = 6L, 
    `30` = 4L, `31` = 2L, `32` = 1L, `33` = 4L, `34` = 1L, `35` = 2L, 
    `36` = 5L, `38` = 2L, `41` = 1L, `42` = 1L, `43` = 1L, `44` = 1L, 
    `49` = 2L, `50` = 1L), .Dim = 43L, .Dimnames = structure(list(
        c("1", "2", "3", "4", "5", "6", "7", "8", "9", "10", 
        "11", "12", "13", "14", "15", "16", "17", "18", "19", 
        "20", "21", "22", "23", "24", "25", "26", "27", "28", 
        "29", "30", "31", "32", "33", "34", "35", "36", "38", 
        "41", "42", "43", "44", "49", "50")), .Names = ""), class = "table"), 
    No.Tag = structure(c(2L, 270L, 0L, 1L, 1L, 135L, 0L, 1L, 
    0L, 0L, 0L, 0L, 0L, 10L, 0L, 0L), .Dim = c(4L, 4L), .Dimnames = structure(list(
        c("-1", "0", "1", NA), c("A", "G", "T", NA)), .Names = c("", 
    "")), class = "table"), All.Tags = list(Concordant = list(
        Freqs = structure(c(1, 1021, 2, 0, 517, 0, 0, 0, 0), .Dim = c(3L, 
        3L), .Dimnames = list(c("-1", "0", "1"), c("A", "G", 
        "T"))), N = 1541), Majority = list(Freqs = structure(c(1, 
    1317, 2, 0, 704, 0, 0, 0, 0), .Dim = c(3L, 3L), .Dimnames = list(
        c("-1", "0", "1"), c("A", "G", "T"))), N = 2024)), `2` = structure(c(0, 
    1107, 0, 0, 592, 0, 0, 0, 0), .Dim = c(3L, 3L), .Dimnames = list(
        c("-1", "0", "1"), c("A", "G", "T"))))))
