Results <-
list(`bwaOutput/20210421msiMNRsJenny/254574_S90.sam` = list(GM14_SNP1 = list(
    All = list(Freqs = structure(c(0L, 0L, 0L, 2L, 0L, 0L, 0L, 
    2L, 4L, 122L, 4405L, 41L, 1L, 15L, 0L, 1L, 57L, 3107L, 17L, 
    0L, 9L, 0L, 0L, 0L, 81L, 0L, 0L, 0L), .Dim = c(7L, 4L), .Dimnames = structure(list(
        c("-3", "-2", "-1", "0", "1", "2", NA), c("A", "C", "T", 
        NA)), .Names = c("", "")), class = "table"), N = 7864L), 
    Tag.Distribution = structure(c(`1` = 271L, `2` = 140L, `3` = 137L, 
    `4` = 105L, `5` = 120L, `6` = 70L, `7` = 77L, `8` = 79L, 
    `9` = 58L, `10` = 54L, `11` = 40L, `12` = 36L, `13` = 35L, 
    `14` = 18L, `15` = 22L, `16` = 16L, `17` = 9L, `18` = 4L, 
    `19` = 7L, `20` = 9L, `21` = 2L, `22` = 3L, `23` = 2L, `25` = 3L, 
    `26` = 1L, `27` = 1L, `28` = 1L), .Dim = 27L, .Dimnames = structure(list(
        c("1", "2", "3", "4", "5", "6", "7", "8", "9", "10", 
        "11", "12", "13", "14", "15", "16", "17", "18", "19", 
        "20", "21", "22", "23", "25", "26", "27", "28")), .Names = ""), class = "table"), 
    No.Tag = structure(c(0L, 0L, 0L, 0L, 0L, 0L, 0L, 0L, 0L, 
    4L, 106L, 0L, 0L, 0L, 0L, 0L, 3L, 100L, 0L, 0L, 1L, 0L, 0L, 
    0L, 2L, 0L, 0L, 0L), .Dim = c(7L, 4L), .Dimnames = structure(list(
        c("-3", "-2", "-1", "0", "1", "2", NA), c("A", "C", "T", 
        NA)), .Names = c("", "")), class = "table"), All.Tags = list(
        Concordant = list(Freqs = structure(c(0, 0, 0, 0, 0, 
        0, 0, 0, 4, 609, 1, 0, 0, 0, 0, 403, 1, 0), .Dim = c(6L, 
        3L), .Dimnames = list(c("-3", "-2", "-1", "0", "1", "2"
        ), c("A", "C", "T"))), N = 1018), Majority = list(Freqs = structure(c(0, 
        0, 0, 0, 0, 0, 0, 0, 5, 760, 1, 0, 0, 0, 0, 521, 1, 0
        ), .Dim = c(6L, 3L), .Dimnames = list(c("-3", "-2", "-1", 
        "0", "1", "2"), c("A", "C", "T"))), N = 1288)), `2` = structure(c(0, 
    0, 0, 0, 0, 0, 0, 0, 1, 599, 0, 0, 0, 0, 0, 426, 0, 0), .Dim = c(6L, 
    3L), .Dimnames = list(c("-3", "-2", "-1", "0", "1", "2"), 
        c("A", "C", "T"))))))
