Results <-
list(`bwaOutput/20210421msiMNRsJenny/254574_S90.sam` = list(LR40_SNP1 = list(
    All = list(Freqs = structure(c(1L, 0L, 0L, 0L, 71L, 6940L, 
    21L, 9L, 0L, 55L, 2L, 0L), .Dim = 4:3, .Dimnames = structure(list(
        c("-1", "0", "1", NA), c("A", "C", NA)), .Names = c("", 
    "")), class = "table"), N = 7099L), Tag.Distribution = structure(c(`1` = 253L, 
    `2` = 147L, `3` = 97L, `4` = 111L, `5` = 74L, `6` = 70L, 
    `7` = 70L, `8` = 51L, `9` = 46L, `10` = 39L, `11` = 35L, 
    `12` = 18L, `13` = 25L, `14` = 29L, `15` = 14L, `16` = 15L, 
    `17` = 16L, `18` = 9L, `19` = 6L, `20` = 10L, `21` = 4L, 
    `22` = 4L, `23` = 1L, `24` = 4L, `25` = 3L, `26` = 1L, `27` = 3L, 
    `29` = 1L, `30` = 1L, `39` = 1L, `45` = 1L), .Dim = 31L, .Dimnames = structure(list(
        c("1", "2", "3", "4", "5", "6", "7", "8", "9", "10", 
        "11", "12", "13", "14", "15", "16", "17", "18", "19", 
        "20", "21", "22", "23", "24", "25", "26", "27", "29", 
        "30", "39", "45")), .Names = ""), class = "table"), No.Tag = structure(c(0L, 
    0L, 0L, 0L, 1L, 170L, 0L, 1L, 0L, 7L, 0L, 0L), .Dim = 4:3, .Dimnames = structure(list(
        c("-1", "0", "1", NA), c("A", "C", NA)), .Names = c("", 
    "")), class = "table"), All.Tags = list(Concordant = list(
        Freqs = structure(c(1, 0, 0, 3, 1083, 1), .Dim = 3:2, .Dimnames = list(
            c("-1", "0", "1"), c("A", "C"))), N = 1088), Majority = list(
        Freqs = structure(c(1, 0, 0, 4, 1151, 1), .Dim = 3:2, .Dimnames = list(
            c("-1", "0", "1"), c("A", "C"))), N = 1157)), `2` = structure(c(0, 
    0, 0, 3, 902, 0), .Dim = 3:2, .Dimnames = list(c("-1", "0", 
    "1"), c("A", "C"))))))
