Results <-
list(`bwaOutput/20210421msiMNRsJenny/255078_S49.sam` = list(LR36_SNP1 = list(
    All = list(Freqs = structure(c(0L, 0L, 6L, 147L, 1935L, 2841L, 
    24L, 108L, 0L, 0L, 0L, 0L, 0L, 1L, 0L, 0L, 0L, 0L, 0L, 0L, 
    0L, 1L, 0L, 0L, 1L, 1L, 51L, 1785L, 68L, 2512L, 17L, 99L, 
    0L, 0L, 0L, 34L, 19L, 322L, 2L, 0L), .Dim = c(8L, 5L), .Dimnames = structure(list(
        c("-5", "-4", "-3", "-2", "-1", "0", "1", NA), c("A", 
        "C", "G", "T", NA)), .Names = c("", "")), class = "table"), 
        N = 9974L), Tag.Distribution = structure(c(`1` = 348L, 
    `2` = 220L, `3` = 197L, `4` = 163L, `5` = 106L, `6` = 101L, 
    `7` = 77L, `8` = 62L, `9` = 50L, `10` = 56L, `11` = 45L, 
    `12` = 30L, `13` = 36L, `14` = 34L, `15` = 14L, `16` = 24L, 
    `17` = 15L, `18` = 17L, `19` = 17L, `20` = 11L, `21` = 7L, 
    `22` = 6L, `23` = 6L, `24` = 4L, `25` = 5L, `26` = 2L, `27` = 3L, 
    `28` = 1L, `29` = 1L, `31` = 2L, `32` = 2L, `50` = 1L), .Dim = 32L, .Dimnames = structure(list(
        c("1", "2", "3", "4", "5", "6", "7", "8", "9", "10", 
        "11", "12", "13", "14", "15", "16", "17", "18", "19", 
        "20", "21", "22", "23", "24", "25", "26", "27", "28", 
        "29", "31", "32", "50")), .Names = ""), class = "table"), 
    No.Tag = structure(c(0L, 0L, 0L, 3L, 33L, 73L, 0L, 4L, 0L, 
    0L, 0L, 0L, 0L, 0L, 0L, 0L, 0L, 0L, 0L, 0L, 0L, 0L, 0L, 0L, 
    0L, 0L, 1L, 29L, 2L, 80L, 2L, 5L, 0L, 0L, 0L, 2L, 3L, 24L, 
    0L, 0L), .Dim = c(8L, 5L), .Dimnames = structure(list(c("-5", 
    "-4", "-3", "-2", "-1", "0", "1", NA), c("A", "C", "G", "T", 
    NA)), .Names = c("", "")), class = "table"), All.Tags = list(
        Concordant = list(Freqs = structure(c(0, 0, 0, 18, 204, 
        334, 1, 0, 0, 0, 0, 0, 0, 0, 0, 0, 0, 0, 0, 0, 0, 0, 
        0, 3, 223, 4, 326, 0), .Dim = c(7L, 4L), .Dimnames = list(
            c("-5", "-4", "-3", "-2", "-1", "0", "1"), c("A", 
            "C", "G", "T"))), N = 1113), Majority = list(Freqs = structure(c(0, 
        0, 0, 24, 312, 480, 1, 0, 0, 0, 0, 0, 0, 0, 0, 0, 0, 
        0, 0, 0, 0, 0, 0, 5, 282, 4, 456, 0), .Dim = c(7L, 4L
        ), .Dimnames = list(c("-5", "-4", "-3", "-2", "-1", "0", 
        "1"), c("A", "C", "G", "T"))), N = 1564)), `2` = structure(c(0, 
    0, 0, 16, 258, 384, 0, 0, 0, 0, 0, 0, 0, 0, 0, 0, 0, 0, 0, 
    0, 0, 0, 0, 4, 225, 1, 367, 0), .Dim = c(7L, 4L), .Dimnames = list(
        c("-5", "-4", "-3", "-2", "-1", "0", "1"), c("A", "C", 
        "G", "T"))))))
