Results <-
list(`bwaOutput/20210421msiMNRsJenny/255078_S49.sam` = list(IM49_SNP1 = list(
    All = list(Freqs = structure(c(0L, 0L, 1L, 0L, 0L, 0L, 3L, 
    214L, 1936L, 2235L, 33L, 68L, 2L, 111L, 1702L, 2011L, 43L, 
    50L, 0L, 0L, 0L, 1L, 0L, 0L, 0L, 0L, 46L, 158L, 4L, 0L), .Dim = 6:5, .Dimnames = structure(list(
        c("-3", "-2", "-1", "0", "1", NA), c("A", "C", "G", "T", 
        NA)), .Names = c("", "")), class = "table"), N = 8618L), 
    Tag.Distribution = structure(c(`1` = 384L, `2` = 253L, `3` = 207L, 
    `4` = 146L, `5` = 103L, `6` = 103L, `7` = 80L, `8` = 70L, 
    `9` = 59L, `10` = 47L, `11` = 35L, `12` = 26L, `13` = 22L, 
    `14` = 22L, `15` = 23L, `16` = 10L, `17` = 15L, `18` = 9L, 
    `19` = 9L, `20` = 1L, `21` = 5L, `22` = 3L, `23` = 4L, `24` = 5L, 
    `25` = 1L, `26` = 1L, `27` = 1L, `28` = 1L, `29` = 2L, `31` = 1L, 
    `42` = 1L), .Dim = 31L, .Dimnames = structure(list(c("1", 
    "2", "3", "4", "5", "6", "7", "8", "9", "10", "11", "12", 
    "13", "14", "15", "16", "17", "18", "19", "20", "21", "22", 
    "23", "24", "25", "26", "27", "28", "29", "31", "42")), .Names = ""), class = "table"), 
    No.Tag = structure(c(0L, 0L, 0L, 0L, 0L, 0L, 0L, 3L, 71L, 
    61L, 1L, 3L, 0L, 2L, 31L, 52L, 2L, 4L, 0L, 0L, 0L, 0L, 0L, 
    0L, 0L, 0L, 4L, 11L, 0L, 0L), .Dim = 6:5, .Dimnames = structure(list(
        c("-3", "-2", "-1", "0", "1", NA), c("A", "C", "G", "T", 
        NA)), .Names = c("", "")), class = "table"), All.Tags = list(
        Concordant = list(Freqs = structure(c(0, 0, 0, 0, 0, 
        0, 19, 251, 284, 1, 0, 11, 248, 292, 3, 0, 0, 0, 0, 0
        ), .Dim = 5:4, .Dimnames = list(c("-3", "-2", "-1", "0", 
        "1"), c("A", "C", "G", "T"))), N = 1109), Majority = list(
            Freqs = structure(c(0, 0, 0, 0, 0, 0, 28, 338, 401, 
            1, 0, 15, 342, 402, 3, 0, 0, 0, 0, 0), .Dim = 5:4, .Dimnames = list(
                c("-3", "-2", "-1", "0", "1"), c("A", "C", "G", 
                "T"))), N = 1530)), `2` = structure(c(0, 0, 0, 
    0, 0, 0, 24, 264, 310, 0, 0, 12, 264, 307, 2, 0, 0, 0, 0, 
    0), .Dim = 5:4, .Dimnames = list(c("-3", "-2", "-1", "0", 
    "1"), c("A", "C", "G", "T"))))))
