Results <-
list(`bwaOutput/20210421msiMNRsJenny/255078_S49.sam` = list(IM16_SNP1 = list(
    All = list(Freqs = structure(c(18L, 1224L, 15L, 1L, 0L, 27L, 
    1190L, 19L, 0L, 2L, 0L, 27L, 1L, 0L, 0L), .Dim = c(5L, 3L
    ), .Dimnames = structure(list(c("-1", "0", "1", "2", NA), 
        c("A", "G", NA)), .Names = c("", "")), class = "table"), 
        N = 2524L), Tag.Distribution = structure(c(`1` = 151L, 
    `2` = 66L, `3` = 52L, `4` = 64L, `5` = 41L, `6` = 31L, `7` = 17L, 
    `8` = 22L, `9` = 21L, `10` = 17L, `11` = 12L, `12` = 8L, 
    `13` = 5L, `14` = 4L, `15` = 3L, `16` = 8L, `17` = 3L, `18` = 3L, 
    `21` = 1L, `22` = 1L, `24` = 2L, `26` = 1L), .Dim = 22L, .Dimnames = structure(list(
        c("1", "2", "3", "4", "5", "6", "7", "8", "9", "10", 
        "11", "12", "13", "14", "15", "16", "17", "18", "21", 
        "22", "24", "26")), .Names = ""), class = "table"), No.Tag = structure(c(1L, 
    10L, 0L, 0L, 0L, 1L, 22L, 1L, 0L, 0L, 0L, 4L, 1L, 0L, 0L), .Dim = c(5L, 
    3L), .Dimnames = structure(list(c("-1", "0", "1", "2", NA
    ), c("A", "G", NA)), .Names = c("", "")), class = "table"), 
    All.Tags = list(Concordant = list(Freqs = structure(c(3, 
    231, 1, 0, 6, 225, 1, 0), .Dim = c(4L, 2L), .Dimnames = list(
        c("-1", "0", "1", "2"), c("A", "G"))), N = 467), Majority = list(
        Freqs = structure(c(3, 262, 1, 0, 6, 249, 1, 0), .Dim = c(4L, 
        2L), .Dimnames = list(c("-1", "0", "1", "2"), c("A", 
        "G"))), N = 522)), `2` = structure(c(0, 193, 0, 0, 3, 
    178, 0, 0), .Dim = c(4L, 2L), .Dimnames = list(c("-1", "0", 
    "1", "2"), c("A", "G"))))))
