Results <-
list(`bwaOutput/20210421msiMNRsJenny/255078_S49.sam` = list(LR52_SNP1 = list(
    All = list(Freqs = structure(c(0L, 0L, 0L, 0L, 1L, 0L, 0L, 
    0L, 0L, 1L, 0L, 2L, 0L, 0L, 1L, 170L, 1201L, 146L, 1264L, 
    9L, 40L, 1L, 88L, 1057L, 169L, 1566L, 30L, 55L, 0L, 3L, 22L, 
    12L, 428L, 5L, 0L), .Dim = c(7L, 5L), .Dimnames = structure(list(
        c("-4", "-3", "-2", "-1", "0", "1", NA), c("-", "A", 
        "C", "T", NA)), .Names = c("", "")), class = "table"), 
        N = 6271L), Tag.Distribution = structure(c(`1` = 242L, 
    `2` = 123L, `3` = 105L, `4` = 92L, `5` = 84L, `6` = 61L, 
    `7` = 50L, `8` = 36L, `9` = 41L, `10` = 24L, `11` = 33L, 
    `12` = 26L, `13` = 26L, `14` = 22L, `15` = 20L, `16` = 10L, 
    `17` = 10L, `18` = 11L, `19` = 3L, `20` = 5L, `21` = 4L, 
    `22` = 3L, `23` = 7L, `24` = 2L, `25` = 1L, `26` = 4L, `27` = 1L, 
    `28` = 2L, `29` = 1L, `52` = 1L), .Dim = 30L, .Dimnames = structure(list(
        c("1", "2", "3", "4", "5", "6", "7", "8", "9", "10", 
        "11", "12", "13", "14", "15", "16", "17", "18", "19", 
        "20", "21", "22", "23", "24", "25", "26", "27", "28", 
        "29", "52")), .Names = ""), class = "table"), No.Tag = structure(c(0L, 
    0L, 0L, 0L, 0L, 0L, 0L, 0L, 0L, 0L, 0L, 0L, 0L, 0L, 0L, 2L, 
    22L, 0L, 15L, 0L, 2L, 0L, 1L, 16L, 1L, 27L, 3L, 6L, 0L, 0L, 
    0L, 0L, 13L, 1L, 0L), .Dim = c(7L, 5L), .Dimnames = structure(list(
        c("-4", "-3", "-2", "-1", "0", "1", NA), c("-", "A", 
        "C", "T", NA)), .Names = c("", "")), class = "table"), 
    All.Tags = list(Concordant = list(Freqs = structure(c(0, 
    0, 0, 0, 0, 0, 0, 0, 0, 0, 0, 0, 1, 17, 131, 8, 171, 2, 0, 
    10, 131, 12, 170, 2), .Dim = c(6L, 4L), .Dimnames = list(
        c("-4", "-3", "-2", "-1", "0", "1"), c("-", "A", "C", 
        "T"))), N = 655), Majority = list(Freqs = structure(c(0, 
    0, 0, 0, 0, 0, 0, 0, 0, 0, 0, 0, 1, 19, 192, 10, 261, 2, 
    0, 11, 178, 13, 287, 2), .Dim = c(6L, 4L), .Dimnames = list(
        c("-4", "-3", "-2", "-1", "0", "1"), c("-", "A", "C", 
        "T"))), N = 976)), `2` = structure(c(0, 0, 0, 0, 0, 0, 
    0, 0, 0, 0, 0, 0, 0, 13, 158, 4, 203, 0, 0, 8, 138, 2, 238, 
    0), .Dim = c(6L, 4L), .Dimnames = list(c("-4", "-3", "-2", 
    "-1", "0", "1"), c("-", "A", "C", "T"))))))
