Results <-
list(`bwaOutput/20210421msiMNRsJenny/255078_S49.sam` = list(LR48_SNP1 = list(
    All = list(Freqs = structure(c(0L, 0L, 0L, 1L, 0L, 0L, 0L, 
    10L, 366L, 4204L, 5658L, 101L, 3L, 98L, 0L, 0L, 0L, 4L, 0L, 
    0L, 1L, 0L, 2L, 34L, 122L, 2L, 0L, 0L), .Dim = c(7L, 4L), .Dimnames = structure(list(
        c("-3", "-2", "-1", "0", "1", "2", NA), c("A", "C", "T", 
        NA)), .Names = c("", "")), class = "table"), N = 10606L), 
    Tag.Distribution = structure(c(`1` = 265L, `2` = 135L, `3` = 127L, 
    `4` = 109L, `5` = 85L, `6` = 99L, `7` = 68L, `8` = 57L, `9` = 52L, 
    `10` = 46L, `11` = 41L, `12` = 36L, `13` = 31L, `14` = 31L, 
    `15` = 26L, `16` = 17L, `17` = 21L, `18` = 19L, `19` = 21L, 
    `20` = 13L, `21` = 10L, `22` = 17L, `23` = 12L, `24` = 6L, 
    `25` = 7L, `26` = 6L, `27` = 5L, `28` = 5L, `29` = 4L, `30` = 5L, 
    `31` = 2L, `33` = 2L, `34` = 2L, `35` = 2L, `37` = 1L, `38` = 1L, 
    `40` = 1L, `41` = 2L, `45` = 1L), .Dim = 39L, .Dimnames = structure(list(
        c("1", "2", "3", "4", "5", "6", "7", "8", "9", "10", 
        "11", "12", "13", "14", "15", "16", "17", "18", "19", 
        "20", "21", "22", "23", "24", "25", "26", "27", "28", 
        "29", "30", "31", "33", "34", "35", "37", "38", "40", 
        "41", "45")), .Names = ""), class = "table"), No.Tag = structure(c(0L, 
    0L, 0L, 0L, 0L, 0L, 0L, 0L, 10L, 95L, 130L, 4L, 0L, 2L, 0L, 
    0L, 0L, 0L, 0L, 0L, 0L, 0L, 0L, 1L, 9L, 0L, 0L, 0L), .Dim = c(7L, 
    4L), .Dimnames = structure(list(c("-3", "-2", "-1", "0", 
    "1", "2", NA), c("A", "C", "T", NA)), .Names = c("", "")), class = "table"), 
    All.Tags = list(Concordant = list(Freqs = structure(c(0, 
    0, 0, 0, 0, 0, 0, 31, 402, 540, 1, 0, 0, 0, 0, 2, 0, 0), .Dim = c(6L, 
    3L), .Dimnames = list(c("-3", "-2", "-1", "0", "1", "2"), 
        c("A", "C", "T"))), N = 976), Majority = list(Freqs = structure(c(0, 
    0, 0, 0, 0, 0, 0, 45, 543, 756, 3, 0, 0, 0, 0, 2, 0, 0), .Dim = c(6L, 
    3L), .Dimnames = list(c("-3", "-2", "-1", "0", "1", "2"), 
        c("A", "C", "T"))), N = 1349)), `2` = structure(c(0, 
    0, 0, 0, 0, 0, 0, 37, 441, 615, 2, 0, 0, 0, 0, 0, 0, 0), .Dim = c(6L, 
    3L), .Dimnames = list(c("-3", "-2", "-1", "0", "1", "2"), 
        c("A", "C", "T"))))))
