Results <-
list(`bwaOutput/20210421msiMNRsJenny/255078_S49.sam` = list(LR49_SNP1 = list(
    All = list(Freqs = structure(c(0L, 0L, 18L, 0L, 0L, 29L, 
    2749L, 8982L, 6L, 68L, 0L, 22L, 48L, 0L, 0L), .Dim = c(5L, 
    3L), .Dimnames = structure(list(c("-2", "-1", "0", "1", NA
    ), c("A", "G", NA)), .Names = c("", "")), class = "table"), 
        N = 11922L), Tag.Distribution = structure(c(`1` = 399L, 
    `2` = 254L, `3` = 240L, `4` = 176L, `5` = 146L, `6` = 114L, 
    `7` = 98L, `8` = 86L, `9` = 65L, `10` = 51L, `11` = 51L, 
    `12` = 49L, `13` = 36L, `14` = 30L, `15` = 27L, `16` = 19L, 
    `17` = 17L, `18` = 27L, `19` = 17L, `20` = 12L, `21` = 10L, 
    `22` = 5L, `23` = 9L, `24` = 4L, `25` = 7L, `26` = 2L, `27` = 2L, 
    `28` = 1L, `29` = 4L, `31` = 2L, `32` = 1L, `33` = 2L, `35` = 1L
    ), .Dim = 33L, .Dimnames = structure(list(c("1", "2", "3", 
    "4", "5", "6", "7", "8", "9", "10", "11", "12", "13", "14", 
    "15", "16", "17", "18", "19", "20", "21", "22", "23", "24", 
    "25", "26", "27", "28", "29", "31", "32", "33", "35")), .Names = ""), class = "table"), 
    No.Tag = structure(c(0L, 0L, 0L, 0L, 0L, 2L, 86L, 271L, 0L, 
    13L, 0L, 3L, 6L, 0L, 0L), .Dim = c(5L, 3L), .Dimnames = structure(list(
        c("-2", "-1", "0", "1", NA), c("A", "G", NA)), .Names = c("", 
    "")), class = "table"), All.Tags = list(Concordant = list(
        Freqs = structure(c(0, 0, 1, 0, 5, 285, 1284, 1), .Dim = c(4L, 
        2L), .Dimnames = list(c("-2", "-1", "0", "1"), c("A", 
        "G"))), N = 1576), Majority = list(Freqs = structure(c(0, 
    0, 1, 0, 6, 403, 1501, 1), .Dim = c(4L, 2L), .Dimnames = list(
        c("-2", "-1", "0", "1"), c("A", "G"))), N = 1912)), `2` = structure(c(0, 
    0, 0, 0, 5, 328, 1196, 0), .Dim = c(4L, 2L), .Dimnames = list(
        c("-2", "-1", "0", "1"), c("A", "G"))))))
