Results <-
list(`bwaOutput/20210421msiMNRsJenny/255078_S49.sam` = list(DEPDC2_SNP1 = list(
    All = list(Freqs = structure(c(0L, 3L, 0L, 0L, 62L, 5031L, 
    75L, 65L, 0L, 50L, 0L, 0L), .Dim = 4:3, .Dimnames = structure(list(
        c("-1", "0", "1", NA), c("C", "T", NA)), .Names = c("", 
    "")), class = "table"), N = 5286L), Tag.Distribution = structure(c(`1` = 344L, 
    `2` = 186L, `3` = 130L, `4` = 109L, `5` = 75L, `6` = 65L, 
    `7` = 49L, `8` = 31L, `9` = 35L, `10` = 30L, `11` = 26L, 
    `12` = 19L, `13` = 13L, `14` = 17L, `15` = 8L, `16` = 7L, 
    `17` = 4L, `18` = 2L, `19` = 3L, `20` = 4L, `21` = 2L, `22` = 1L, 
    `23` = 2L, `28` = 1L, `29` = 1L), .Dim = 25L, .Dimnames = structure(list(
        c("1", "2", "3", "4", "5", "6", "7", "8", "9", "10", 
        "11", "12", "13", "14", "15", "16", "17", "18", "19", 
        "20", "21", "22", "23", "28", "29")), .Names = ""), class = "table"), 
    No.Tag = structure(c(0L, 0L, 0L, 0L, 0L, 202L, 2L, 4L, 0L, 
    4L, 0L, 0L), .Dim = 4:3, .Dimnames = structure(list(c("-1", 
    "0", "1", NA), c("C", "T", NA)), .Names = c("", "")), class = "table"), 
    All.Tags = list(Concordant = list(Freqs = structure(c(0, 
    1, 0, 5, 1068, 21), .Dim = 3:2, .Dimnames = list(c("-1", 
    "0", "1"), c("C", "T"))), N = 1095), Majority = list(Freqs = structure(c(0, 
    1, 0, 7, 1109, 21), .Dim = 3:2, .Dimnames = list(c("-1", 
    "0", "1"), c("C", "T"))), N = 1138)), `2` = structure(c(0, 
    0, 0, 4, 794, 15), .Dim = 3:2, .Dimnames = list(c("-1", "0", 
    "1"), c("C", "T"))))))
