Results <-
list(`bwaOutput/20210421msiMNRsJenny/255078_S49.sam` = list(GM29_SNP1 = list(
    All = list(Freqs = structure(c(0L, 19L, 685L, 4765L, 14L, 
    0L, 14L, 1L, 20L, 1313L, 4070L, 15L, 1L, 24L, 0L, 0L, 0L, 
    3L, 0L, 0L, 0L, 0L, 0L, 13L, 104L, 1L, 0L, 0L), .Dim = c(7L, 
    4L), .Dimnames = structure(list(c("-3", "-2", "-1", "0", 
    "1", "2", NA), c("A", "G", "T", NA)), .Names = c("", "")), class = "table"), 
        N = 11062L), Tag.Distribution = structure(c(`1` = 258L, 
    `2` = 160L, `3` = 122L, `4` = 127L, `5` = 94L, `6` = 62L, 
    `7` = 64L, `8` = 65L, `9` = 35L, `10` = 48L, `11` = 36L, 
    `12` = 30L, `13` = 33L, `14` = 28L, `15` = 25L, `16` = 29L, 
    `17` = 23L, `18` = 18L, `19` = 11L, `20` = 10L, `21` = 14L, 
    `22` = 10L, `23` = 9L, `24` = 4L, `25` = 8L, `26` = 3L, `27` = 3L, 
    `28` = 5L, `29` = 1L, `30` = 4L, `31` = 1L, `32` = 6L, `33` = 2L, 
    `34` = 1L, `35` = 2L, `36` = 2L, `37` = 3L, `38` = 1L, `40` = 3L, 
    `41` = 4L, `42` = 1L, `44` = 2L, `45` = 2L, `46` = 2L, `47` = 1L, 
    `48` = 2L, `49` = 1L, `52` = 1L, `64` = 1L, `83` = 1L), .Dim = 50L, .Dimnames = structure(list(
        c("1", "2", "3", "4", "5", "6", "7", "8", "9", "10", 
        "11", "12", "13", "14", "15", "16", "17", "18", "19", 
        "20", "21", "22", "23", "24", "25", "26", "27", "28", 
        "29", "30", "31", "32", "33", "34", "35", "36", "37", 
        "38", "40", "41", "42", "44", "45", "46", "47", "48", 
        "49", "52", "64", "83")), .Names = ""), class = "table"), 
    No.Tag = structure(c(0L, 0L, 22L, 175L, 1L, 0L, 1L, 0L, 0L, 
    49L, 138L, 0L, 0L, 2L, 0L, 0L, 0L, 0L, 0L, 0L, 0L, 0L, 0L, 
    1L, 10L, 0L, 0L, 0L), .Dim = c(7L, 4L), .Dimnames = structure(list(
        c("-3", "-2", "-1", "0", "1", "2", NA), c("A", "G", "T", 
        NA)), .Names = c("", "")), class = "table"), All.Tags = list(
        Concordant = list(Freqs = structure(c(0, 1, 55, 420, 
        0, 0, 0, 3, 105, 306, 0, 0, 0, 0, 0, 0, 0, 0), .Dim = c(6L, 
        3L), .Dimnames = list(c("-3", "-2", "-1", "0", "1", "2"
        ), c("A", "G", "T"))), N = 890), Majority = list(Freqs = structure(c(0, 
        1, 76, 601, 0, 0, 0, 3, 148, 483, 0, 0, 0, 0, 0, 0, 0, 
        0), .Dim = c(6L, 3L), .Dimnames = list(c("-3", "-2", 
        "-1", "0", "1", "2"), c("A", "G", "T"))), N = 1312)), 
    `2` = structure(c(0, 1, 59, 484, 0, 0, 0, 3, 119, 401, 0, 
    0, 0, 0, 0, 0, 0, 0), .Dim = c(6L, 3L), .Dimnames = list(
        c("-3", "-2", "-1", "0", "1", "2"), c("A", "G", "T"))))))
