Results <-
list(`bwaOutput/20210421msiMNRsJenny/255078_S49.sam` = list(LR17_SNP1 = list(
    All = list(Freqs = structure(c(2L, 351L, 4003L, 8422L, 138L, 
    1L, 180L, 0L, 0L, 1L, 1L, 0L, 0L, 0L, 0L, 5L, 172L, 630L, 
    9L, 0L, 0L), .Dim = c(7L, 3L), .Dimnames = structure(list(
        c("-3", "-2", "-1", "0", "1", "2", NA), c("A", "G", NA
        )), .Names = c("", "")), class = "table"), N = 13915L), 
    Tag.Distribution = structure(c(`1` = 455L, `2` = 218L, `3` = 185L, 
    `4` = 162L, `5` = 143L, `6` = 96L, `7` = 107L, `8` = 115L, 
    `9` = 80L, `10` = 69L, `11` = 53L, `12` = 58L, `13` = 54L, 
    `14` = 46L, `15` = 35L, `16` = 27L, `17` = 23L, `18` = 19L, 
    `19` = 14L, `20` = 23L, `21` = 10L, `22` = 14L, `23` = 3L, 
    `24` = 8L, `25` = 7L, `26` = 1L, `27` = 4L, `28` = 6L, `29` = 7L, 
    `30` = 7L, `31` = 2L, `32` = 2L, `37` = 3L, `41` = 1L, `42` = 1L, 
    `44` = 1L), .Dim = 36L, .Dimnames = structure(list(c("1", 
    "2", "3", "4", "5", "6", "7", "8", "9", "10", "11", "12", 
    "13", "14", "15", "16", "17", "18", "19", "20", "21", "22", 
    "23", "24", "25", "26", "27", "28", "29", "30", "31", "32", 
    "37", "41", "42", "44")), .Names = ""), class = "table"), 
    No.Tag = structure(c(0L, 12L, 78L, 239L, 1L, 0L, 17L, 0L, 
    0L, 1L, 0L, 0L, 0L, 0L, 0L, 0L, 6L, 23L, 0L, 0L, 0L), .Dim = c(7L, 
    3L), .Dimnames = structure(list(c("-3", "-2", "-1", "0", 
    "1", "2", NA), c("A", "G", NA)), .Names = c("", "")), class = "table"), 
    All.Tags = list(Concordant = list(Freqs = structure(c(0, 
    21, 382, 995, 6, 0, 0, 0, 0, 0, 0, 0), .Dim = c(6L, 2L), .Dimnames = list(
        c("-3", "-2", "-1", "0", "1", "2"), c("A", "G"))), N = 1404), 
        Majority = list(Freqs = structure(c(0, 32, 559, 1359, 
        8, 0, 0, 0, 0, 0, 0, 0), .Dim = c(6L, 2L), .Dimnames = list(
            c("-3", "-2", "-1", "0", "1", "2"), c("A", "G"))), 
            N = 1958)), `2` = structure(c(0, 27, 455, 1056, 4, 
    0, 0, 0, 0, 0, 0, 0), .Dim = c(6L, 2L), .Dimnames = list(
        c("-3", "-2", "-1", "0", "1", "2"), c("A", "G"))))))
