Results <-
list(`bwaOutput/20210421msiMNRsJenny/255078_S49.sam` = list(GM26_SNP1 = list(
    All = list(Freqs = structure(c(2L, 97L, 6273L, 25L, 12L, 
    0L, 0L, 8L, 0L, 0L, 0L, 0L, 1L, 0L, 0L, 0L, 3L, 42L, 0L, 
    0L), .Dim = 5:4, .Dimnames = structure(list(c("-2", "-1", 
    "0", "1", NA), c("A", "G", "T", NA)), .Names = c("", "")), class = "table"), 
        N = 6463L), Tag.Distribution = structure(c(`1` = 253L, 
    `2` = 154L, `3` = 113L, `4` = 103L, `5` = 89L, `6` = 71L, 
    `7` = 69L, `8` = 55L, `9` = 39L, `10` = 36L, `11` = 32L, 
    `12` = 20L, `13` = 18L, `14` = 25L, `15` = 10L, `16` = 12L, 
    `17` = 11L, `18` = 5L, `19` = 3L, `20` = 7L, `21` = 7L, `22` = 5L, 
    `23` = 3L, `24` = 2L, `25` = 2L, `27` = 1L, `28` = 1L, `38` = 1L
    ), .Dim = 28L, .Dimnames = structure(list(c("1", "2", "3", 
    "4", "5", "6", "7", "8", "9", "10", "11", "12", "13", "14", 
    "15", "16", "17", "18", "19", "20", "21", "22", "23", "24", 
    "25", "27", "28", "38")), .Names = ""), class = "table"), 
    No.Tag = structure(c(0L, 1L, 132L, 0L, 1L, 0L, 0L, 1L, 0L, 
    0L, 0L, 0L, 0L, 0L, 0L, 0L, 0L, 2L, 0L, 0L), .Dim = 5:4, .Dimnames = structure(list(
        c("-2", "-1", "0", "1", NA), c("A", "G", "T", NA)), .Names = c("", 
    "")), class = "table"), All.Tags = list(Concordant = list(
        Freqs = structure(c(0, 15, 1047, 1, 0, 0, 2, 0, 0, 0, 
        0, 0), .Dim = 4:3, .Dimnames = list(c("-2", "-1", "0", 
        "1"), c("A", "G", "T"))), N = 1065), Majority = list(
        Freqs = structure(c(0, 16, 1111, 1, 0, 0, 2, 0, 0, 0, 
        0, 0), .Dim = 4:3, .Dimnames = list(c("-2", "-1", "0", 
        "1"), c("A", "G", "T"))), N = 1130)), `2` = structure(c(0, 
    11, 875, 0, 0, 0, 1, 0, 0, 0, 0, 0), .Dim = 4:3, .Dimnames = list(
        c("-2", "-1", "0", "1"), c("A", "G", "T"))))))
