Results <-
list(`bwaOutput/20210421msiMNRsJenny/255078_S49.sam` = list(GM17_SNP1 = list(
    All = list(Freqs = structure(c(4L, 1353L, 4465L, 15L, 0L, 
    31L, 6L, 2103L, 2995L, 6L, 1L, 31L, 1L, 18L, 269L, 0L, 0L, 
    0L), .Dim = c(6L, 3L), .Dimnames = structure(list(c("-2", 
    "-1", "0", "1", "2", NA), c("C", "T", NA)), .Names = c("", 
    "")), class = "table"), N = 11298L), Tag.Distribution = structure(c(`1` = 344L, 
    `2` = 208L, `3` = 183L, `4` = 149L, `5` = 114L, `6` = 103L, 
    `7` = 95L, `8` = 81L, `9` = 78L, `10` = 44L, `11` = 44L, 
    `12` = 45L, `13` = 30L, `14` = 35L, `15` = 22L, `16` = 31L, 
    `17` = 24L, `18` = 15L, `19` = 13L, `20` = 14L, `21` = 8L, 
    `22` = 6L, `23` = 8L, `24` = 6L, `25` = 6L, `26` = 4L, `27` = 3L, 
    `28` = 2L, `29` = 2L, `30` = 4L, `31` = 1L, `32` = 1L, `33` = 2L, 
    `34` = 2L, `37` = 1L, `38` = 1L), .Dim = 36L, .Dimnames = structure(list(
        c("1", "2", "3", "4", "5", "6", "7", "8", "9", "10", 
        "11", "12", "13", "14", "15", "16", "17", "18", "19", 
        "20", "21", "22", "23", "24", "25", "26", "27", "28", 
        "29", "30", "31", "32", "33", "34", "37", "38")), .Names = ""), class = "table"), 
    No.Tag = structure(c(0L, 42L, 154L, 3L, 0L, 3L, 1L, 38L, 
    90L, 0L, 0L, 1L, 0L, 0L, 14L, 0L, 0L, 0L), .Dim = c(6L, 3L
    ), .Dimnames = structure(list(c("-2", "-1", "0", "1", "2", 
    NA), c("C", "T", NA)), .Names = c("", "")), class = "table"), 
    All.Tags = list(Concordant = list(Freqs = structure(c(1, 
    137, 509, 0, 0, 2, 248, 340, 0, 0), .Dim = c(5L, 2L), .Dimnames = list(
        c("-2", "-1", "0", "1", "2"), c("C", "T"))), N = 1237), 
        Majority = list(Freqs = structure(c(1, 191, 659, 0, 0, 
        2, 323, 472, 0, 0), .Dim = c(5L, 2L), .Dimnames = list(
            c("-2", "-1", "0", "1", "2"), c("C", "T"))), N = 1648)), 
    `2` = structure(c(1, 160, 524, 0, 0, 0, 268, 378, 0, 0), .Dim = c(5L, 
    2L), .Dimnames = list(c("-2", "-1", "0", "1", "2"), c("C", 
    "T"))))))
