Results <-
list(`bwaOutput/20210421msiMNRsJenny/255078_S49.sam` = list(GM01_SNP1 = list(
    All = list(Freqs = structure(c(1L, 1L, 198L, 6609L, 21L, 
    1L, 14L, 0L, 0L, 0L, 11L, 0L, 0L, 1L, 0L, 0L, 0L, 1L, 0L, 
    0L, 0L, 0L, 0L, 5L, 84L, 1L, 0L, 0L), .Dim = c(7L, 4L), .Dimnames = structure(list(
        c("-3", "-2", "-1", "0", "1", "3", NA), c("A", "G", "T", 
        NA)), .Names = c("", "")), class = "table"), N = 6948L), 
    Tag.Distribution = structure(c(`1` = 297L, `2` = 164L, `3` = 140L, 
    `4` = 103L, `5` = 73L, `6` = 74L, `7` = 65L, `8` = 48L, `9` = 49L, 
    `10` = 37L, `11` = 34L, `12` = 14L, `13` = 27L, `14` = 13L, 
    `15` = 26L, `16` = 11L, `17` = 14L, `18` = 4L, `19` = 9L, 
    `20` = 7L, `21` = 5L, `22` = 3L, `23` = 5L, `24` = 3L, `27` = 1L, 
    `28` = 1L, `29` = 2L, `31` = 2L, `33` = 2L, `37` = 1L, `39` = 1L
    ), .Dim = 31L, .Dimnames = structure(list(c("1", "2", "3", 
    "4", "5", "6", "7", "8", "9", "10", "11", "12", "13", "14", 
    "15", "16", "17", "18", "19", "20", "21", "22", "23", "24", 
    "27", "28", "29", "31", "33", "37", "39")), .Names = ""), class = "table"), 
    No.Tag = structure(c(0L, 0L, 2L, 82L, 0L, 0L, 3L, 0L, 0L, 
    0L, 2L, 0L, 0L, 1L, 0L, 0L, 0L, 0L, 0L, 0L, 0L, 0L, 0L, 0L, 
    5L, 0L, 0L, 0L), .Dim = c(7L, 4L), .Dimnames = structure(list(
        c("-3", "-2", "-1", "0", "1", "3", NA), c("A", "G", "T", 
        NA)), .Names = c("", "")), class = "table"), All.Tags = list(
        Concordant = list(Freqs = structure(c(0, 0, 29, 1074, 
        1, 0, 0, 0, 0, 4, 0, 0, 0, 0, 0, 1, 0, 0), .Dim = c(6L, 
        3L), .Dimnames = list(c("-3", "-2", "-1", "0", "1", "3"
        ), c("A", "G", "T"))), N = 1109), Majority = list(Freqs = structure(c(0, 
        0, 31, 1177, 1, 0, 0, 0, 0, 4, 0, 0, 0, 0, 0, 1, 0, 0
        ), .Dim = c(6L, 3L), .Dimnames = list(c("-3", "-2", "-1", 
        "0", "1", "3"), c("A", "G", "T"))), N = 1214)), `2` = structure(c(0, 
    0, 15, 918, 0, 0, 0, 0, 0, 0, 0, 0, 0, 0, 0, 0, 0, 0), .Dim = c(6L, 
    3L), .Dimnames = list(c("-3", "-2", "-1", "0", "1", "3"), 
        c("A", "G", "T"))))))
