Results <-
list(`bwaOutput/20210421msiMNRsJenny/255078_S49.sam` = list(GM14_SNP1 = list(
    All = list(Freqs = structure(c(0L, 0L, 0L, 3L, 0L, 0L, 0L, 
    4L, 794L, 1443L, 4840L, 141L, 2L, 32L, 0L, 0L, 0L, 2L, 0L, 
    0L, 0L, 0L, 0L, 3L, 55L, 0L, 0L, 0L), .Dim = c(7L, 4L), .Dimnames = structure(list(
        c("-3", "-2", "-1", "0", "1", "2", NA), c("-", "C", "T", 
        NA)), .Names = c("", "")), class = "table"), N = 7319L), 
    Tag.Distribution = structure(c(`1` = 302L, `2` = 163L, `3` = 111L, 
    `4` = 117L, `5` = 104L, `6` = 83L, `7` = 58L, `8` = 58L, 
    `9` = 56L, `10` = 40L, `11` = 33L, `12` = 38L, `13` = 28L, 
    `14` = 13L, `15` = 14L, `16` = 15L, `17` = 12L, `18` = 16L, 
    `19` = 5L, `20` = 9L, `21` = 1L, `22` = 2L, `23` = 2L, `25` = 2L, 
    `27` = 1L, `30` = 1L, `31` = 2L, `32` = 2L), .Dim = 28L, .Dimnames = structure(list(
        c("1", "2", "3", "4", "5", "6", "7", "8", "9", "10", 
        "11", "12", "13", "14", "15", "16", "17", "18", "19", 
        "20", "21", "22", "23", "25", "27", "30", "31", "32")), .Names = ""), class = "table"), 
    No.Tag = structure(c(0L, 0L, 0L, 0L, 0L, 0L, 0L, 0L, 19L, 
    28L, 112L, 4L, 1L, 5L, 0L, 0L, 0L, 0L, 0L, 0L, 0L, 0L, 0L, 
    1L, 2L, 0L, 0L, 0L), .Dim = c(7L, 4L), .Dimnames = structure(list(
        c("-3", "-2", "-1", "0", "1", "2", NA), c("-", "C", "T", 
        NA)), .Names = c("", "")), class = "table"), All.Tags = list(
        Concordant = list(Freqs = structure(c(0, 0, 0, 0, 0, 
        0, 1, 125, 192, 682, 6, 0, 0, 0, 0, 0, 0, 0), .Dim = c(6L, 
        3L), .Dimnames = list(c("-3", "-2", "-1", "0", "1", "2"
        ), c("-", "C", "T"))), N = 1006), Majority = list(Freqs = structure(c(0, 
        0, 0, 0, 0, 0, 1, 144, 245, 858, 12, 0, 0, 0, 0, 0, 0, 
        0), .Dim = c(6L, 3L), .Dimnames = list(c("-3", "-2", 
        "-1", "0", "1", "2"), c("-", "C", "T"))), N = 1260)), 
    `2` = structure(c(0, 0, 0, 0, 0, 0, 0, 108, 187, 659, 10, 
    0, 0, 0, 0, 0, 0, 0), .Dim = c(6L, 3L), .Dimnames = list(
        c("-3", "-2", "-1", "0", "1", "2"), c("-", "C", "T"))))))
