Results <-
list(`bwaOutput/20210421msiMNRsJenny/255078_S49.sam` = list(LR44_SNP1 = list(
    All = list(Freqs = structure(c(0L, 1L, 0L, 0L, 0L, 0L, 0L, 
    0L, 0L, 1L, 85L, 572L, 777L, 17L, 0L, 8L, 0L, 0L, 0L, 0L, 
    9L, 0L, 0L, 0L, 28L, 645L, 4L, 104L, 786L, 17L, 1L, 12L, 
    0L, 0L, 0L, 9L, 34L, 0L, 0L, 0L), .Dim = c(8L, 5L), .Dimnames = structure(list(
        c("-4", "-3", "-2", "-1", "0", "1", "2", NA), c("A", 
        "C", "G", "T", NA)), .Names = c("", "")), class = "table"), 
        N = 3110L), Tag.Distribution = structure(c(`1` = 146L, 
    `2` = 105L, `3` = 74L, `4` = 54L, `5` = 45L, `6` = 42L, `7` = 42L, 
    `8` = 26L, `9` = 21L, `10` = 14L, `11` = 13L, `12` = 11L, 
    `13` = 7L, `14` = 3L, `15` = 3L, `16` = 9L, `17` = 2L, `18` = 8L, 
    `19` = 4L, `20` = 2L, `21` = 1L, `23` = 1L, `26` = 1L), .Dim = 23L, .Dimnames = structure(list(
        c("1", "2", "3", "4", "5", "6", "7", "8", "9", "10", 
        "11", "12", "13", "14", "15", "16", "17", "18", "19", 
        "20", "21", "23", "26")), .Names = ""), class = "table"), 
    No.Tag = structure(c(0L, 0L, 0L, 0L, 0L, 0L, 0L, 0L, 0L, 
    0L, 1L, 9L, 10L, 0L, 0L, 0L, 0L, 0L, 0L, 0L, 0L, 0L, 0L, 
    0L, 0L, 15L, 0L, 2L, 8L, 0L, 0L, 1L, 0L, 0L, 0L, 0L, 1L, 
    0L, 0L, 0L), .Dim = c(8L, 5L), .Dimnames = structure(list(
        c("-4", "-3", "-2", "-1", "0", "1", "2", NA), c("A", 
        "C", "G", "T", NA)), .Names = c("", "")), class = "table"), 
    All.Tags = list(Concordant = list(Freqs = structure(c(0, 
    0, 0, 0, 0, 0, 0, 0, 0, 14, 88, 108, 1, 0, 0, 0, 0, 0, 0, 
    0, 0, 4, 115, 0, 7, 116, 1, 0), .Dim = c(7L, 4L), .Dimnames = list(
        c("-4", "-3", "-2", "-1", "0", "1", "2"), c("A", "C", 
        "G", "T"))), N = 454), Majority = list(Freqs = structure(c(0, 
    0, 0, 0, 0, 0, 0, 0, 0, 20, 107, 155, 2, 0, 0, 0, 0, 0, 1, 
    0, 0, 6, 134, 0, 11, 165, 3, 0), .Dim = c(7L, 4L), .Dimnames = list(
        c("-4", "-3", "-2", "-1", "0", "1", "2"), c("A", "C", 
        "G", "T"))), N = 604)), `2` = structure(c(0, 0, 0, 0, 
    0, 0, 0, 0, 0, 13, 76, 126, 1, 0, 0, 0, 0, 0, 1, 0, 0, 4, 
    108, 0, 5, 131, 2, 0), .Dim = c(7L, 4L), .Dimnames = list(
        c("-4", "-3", "-2", "-1", "0", "1", "2"), c("A", "C", 
        "G", "T"))))))
