Results <-
list(`bwaOutput/20210421msiMNRsJenny/255078_S49.sam` = list(GM22_SNP1 = list(
    All = list(Freqs = structure(c(5L, 237L, 9830L, 50L, 1L, 
    22L, 0L, 0L, 6L, 0L, 0L, 0L, 0L, 0L, 1L, 0L, 0L, 0L, 0L, 
    3L, 126L, 3L, 0L, 0L), .Dim = c(6L, 4L), .Dimnames = structure(list(
        c("-2", "-1", "0", "1", "2", NA), c("A", "G", "T", NA
        )), .Names = c("", "")), class = "table"), N = 10284L), 
    Tag.Distribution = structure(c(`1` = 339L, `2` = 194L, `3` = 156L, 
    `4` = 138L, `5` = 102L, `6` = 111L, `7` = 104L, `8` = 82L, 
    `9` = 61L, `10` = 58L, `11` = 44L, `12` = 34L, `13` = 34L, 
    `14` = 25L, `15` = 24L, `16` = 18L, `17` = 11L, `18` = 15L, 
    `19` = 15L, `20` = 12L, `21` = 8L, `22` = 7L, `23` = 4L, 
    `24` = 6L, `26` = 3L, `27` = 2L, `28` = 2L, `29` = 2L, `30` = 1L, 
    `31` = 1L, `32` = 1L, `33` = 1L, `35` = 1L, `38` = 1L, `41` = 1L, 
    `44` = 1L), .Dim = 36L, .Dimnames = structure(list(c("1", 
    "2", "3", "4", "5", "6", "7", "8", "9", "10", "11", "12", 
    "13", "14", "15", "16", "17", "18", "19", "20", "21", "22", 
    "23", "24", "26", "27", "28", "29", "30", "31", "32", "33", 
    "35", "38", "41", "44")), .Names = ""), class = "table"), 
    No.Tag = structure(c(0L, 8L, 409L, 1L, 0L, 7L, 0L, 0L, 0L, 
    0L, 0L, 0L, 0L, 0L, 0L, 0L, 0L, 0L, 0L, 0L, 21L, 0L, 0L, 
    0L), .Dim = c(6L, 4L), .Dimnames = structure(list(c("-2", 
    "-1", "0", "1", "2", NA), c("A", "G", "T", NA)), .Names = c("", 
    "")), class = "table"), All.Tags = list(Concordant = list(
        Freqs = structure(c(0, 25, 1419, 2, 0, 0, 0, 2, 0, 0, 
        0, 0, 0, 0, 0), .Dim = c(5L, 3L), .Dimnames = list(c("-2", 
        "-1", "0", "1", "2"), c("A", "G", "T"))), N = 1448), 
        Majority = list(Freqs = structure(c(0, 32, 1562, 2, 0, 
        0, 0, 2, 0, 0, 0, 0, 0, 0, 0), .Dim = c(5L, 3L), .Dimnames = list(
            c("-2", "-1", "0", "1", "2"), c("A", "G", "T"))), 
            N = 1598)), `2` = structure(c(0, 20, 1249, 0, 0, 
    0, 0, 0, 0, 0, 0, 0, 0, 0, 0), .Dim = c(5L, 3L), .Dimnames = list(
        c("-2", "-1", "0", "1", "2"), c("A", "G", "T"))))))
