Results <-
list(`bwaOutput/20210421msiMNRsJenny/255078_S49.sam` = list(LR46_SNP1 = list(
    All = list(Freqs = structure(c(1L, 21L, 2754L, 7L, 6L, 0L, 
    19L, 3197L, 18L, 9L, 0L, 0L, 47L, 0L, 0L), .Dim = c(5L, 3L
    ), .Dimnames = structure(list(c("-2", "-1", "0", "1", NA), 
        c("G", "T", NA)), .Names = c("", "")), class = "table"), 
        N = 6079L), Tag.Distribution = structure(c(`1` = 224L, 
    `2` = 140L, `3` = 91L, `4` = 101L, `5` = 85L, `6` = 61L, 
    `7` = 59L, `8` = 45L, `9` = 24L, `10` = 41L, `11` = 26L, 
    `12` = 20L, `13` = 15L, `14` = 16L, `15` = 6L, `16` = 10L, 
    `17` = 9L, `18` = 6L, `19` = 7L, `20` = 3L, `21` = 4L, `22` = 3L, 
    `23` = 2L, `24` = 7L, `25` = 4L, `26` = 1L, `27` = 3L, `28` = 2L, 
    `29` = 1L, `30` = 1L, `35` = 1L, `37` = 2L, `40` = 1L), .Dim = 33L, .Dimnames = structure(list(
        c("1", "2", "3", "4", "5", "6", "7", "8", "9", "10", 
        "11", "12", "13", "14", "15", "16", "17", "18", "19", 
        "20", "21", "22", "23", "24", "25", "26", "27", "28", 
        "29", "30", "35", "37", "40")), .Names = ""), class = "table"), 
    No.Tag = structure(c(0L, 1L, 111L, 0L, 1L, 0L, 0L, 101L, 
    3L, 0L, 0L, 0L, 7L, 0L, 0L), .Dim = c(5L, 3L), .Dimnames = structure(list(
        c("-2", "-1", "0", "1", NA), c("G", "T", NA)), .Names = c("", 
    "")), class = "table"), All.Tags = list(Concordant = list(
        Freqs = structure(c(0, 1, 375, 1, 0, 4, 490, 1), .Dim = c(4L, 
        2L), .Dimnames = list(c("-2", "-1", "0", "1"), c("G", 
        "T"))), N = 872), Majority = list(Freqs = structure(c(0, 
    1, 446, 1, 0, 4, 550, 1), .Dim = c(4L, 2L), .Dimnames = list(
        c("-2", "-1", "0", "1"), c("G", "T"))), N = 1003)), `2` = structure(c(0, 
    1, 343, 0, 0, 4, 439, 0), .Dim = c(4L, 2L), .Dimnames = list(
        c("-2", "-1", "0", "1"), c("G", "T"))))))
