Results <-
list(`bwaOutput/20210421msiMNRsJenny/255078_S49.sam` = list(GM07_SNP1 = list(
    All = list(Freqs = structure(c(0L, 0L, 2L, 0L, 0L, 0L, 0L, 
    1L, 276L, 4551L, 3792L, 114L, 2L, 237L, 0L, 0L, 1L, 4L, 0L, 
    0L, 4L, 0L, 0L, 1L, 0L, 0L, 0L, 0L, 0L, 0L, 25L, 71L, 1L, 
    0L, 0L), .Dim = c(7L, 5L), .Dimnames = structure(list(c("-3", 
    "-2", "-1", "0", "1", "2", NA), c("-", "A", "G", "T", NA)), .Names = c("", 
    "")), class = "table"), N = 9082L), Tag.Distribution = structure(c(`1` = 328L, 
    `2` = 176L, `3` = 159L, `4` = 116L, `5` = 113L, `6` = 106L, 
    `7` = 67L, `8` = 75L, `9` = 60L, `10` = 39L, `11` = 26L, 
    `12` = 37L, `13` = 32L, `14` = 27L, `15` = 26L, `16` = 19L, 
    `17` = 15L, `18` = 9L, `19` = 12L, `20` = 9L, `21` = 5L, 
    `22` = 7L, `23` = 4L, `24` = 8L, `25` = 3L, `26` = 4L, `27` = 3L, 
    `30` = 2L, `31` = 1L, `34` = 1L, `38` = 1L), .Dim = 31L, .Dimnames = structure(list(
        c("1", "2", "3", "4", "5", "6", "7", "8", "9", "10", 
        "11", "12", "13", "14", "15", "16", "17", "18", "19", 
        "20", "21", "22", "23", "24", "25", "26", "27", "30", 
        "31", "34", "38")), .Names = ""), class = "table"), No.Tag = structure(c(0L, 
    0L, 0L, 0L, 0L, 0L, 0L, 0L, 17L, 99L, 92L, 4L, 0L, 31L, 0L, 
    0L, 0L, 0L, 0L, 0L, 0L, 0L, 0L, 0L, 0L, 0L, 0L, 0L, 0L, 0L, 
    1L, 8L, 0L, 0L, 0L), .Dim = c(7L, 5L), .Dimnames = structure(list(
        c("-3", "-2", "-1", "0", "1", "2", NA), c("-", "A", "G", 
        "T", NA)), .Names = c("", "")), class = "table"), All.Tags = list(
        Concordant = list(Freqs = structure(c(0, 0, 0, 0, 0, 
        0, 0, 29, 522, 443, 3, 0, 0, 0, 0, 2, 0, 0, 0, 0, 0, 
        0, 0, 0), .Dim = c(6L, 4L), .Dimnames = list(c("-3", 
        "-2", "-1", "0", "1", "2"), c("-", "A", "G", "T"))), 
            N = 999), Majority = list(Freqs = structure(c(0, 
        0, 0, 0, 0, 0, 0, 36, 727, 652, 3, 0, 0, 0, 0, 2, 0, 
        0, 0, 0, 0, 0, 0, 0), .Dim = c(6L, 4L), .Dimnames = list(
            c("-3", "-2", "-1", "0", "1", "2"), c("-", "A", "G", 
            "T"))), N = 1420)), `2` = structure(c(0, 0, 0, 0, 
    0, 0, 0, 24, 591, 497, 2, 0, 0, 0, 0, 0, 0, 0, 0, 0, 0, 0, 
    0, 0), .Dim = c(6L, 4L), .Dimnames = list(c("-3", "-2", "-1", 
    "0", "1", "2"), c("-", "A", "G", "T"))))))
