Results <-
list(`bwaOutput/20210421msiMNRsJenny/255078_S49.sam` = list(GM09_SNP1 = list(
    All = list(Freqs = structure(c(20L, 3524L, 18L, 1L, 2L, 23L, 
    3817L, 5L, 0L, 2L, 0L, 61L, 0L, 0L, 0L), .Dim = c(5L, 3L), .Dimnames = structure(list(
        c("-1", "0", "1", "2", NA), c("A", "G", NA)), .Names = c("", 
    "")), class = "table"), N = 7473L), Tag.Distribution = structure(c(`1` = 299L, 
    `2` = 173L, `3` = 123L, `4` = 126L, `5` = 83L, `6` = 68L, 
    `7` = 52L, `8` = 56L, `9` = 41L, `10` = 42L, `11` = 30L, 
    `12` = 24L, `13` = 27L, `14` = 22L, `15` = 16L, `16` = 22L, 
    `17` = 8L, `18` = 13L, `19` = 2L, `20` = 6L, `21` = 3L, `22` = 8L, 
    `23` = 5L, `25` = 3L, `27` = 1L, `28` = 2L, `29` = 6L, `31` = 1L, 
    `33` = 1L, `34` = 1L, `37` = 1L, `41` = 1L, `48` = 1L), .Dim = 33L, .Dimnames = structure(list(
        c("1", "2", "3", "4", "5", "6", "7", "8", "9", "10", 
        "11", "12", "13", "14", "15", "16", "17", "18", "19", 
        "20", "21", "22", "23", "25", "27", "28", "29", "31", 
        "33", "34", "37", "41", "48")), .Names = ""), class = "table"), 
    No.Tag = structure(c(1L, 108L, 1L, 0L, 0L, 0L, 102L, 0L, 
    0L, 2L, 0L, 10L, 0L, 0L, 0L), .Dim = c(5L, 3L), .Dimnames = structure(list(
        c("-1", "0", "1", "2", NA), c("A", "G", NA)), .Names = c("", 
    "")), class = "table"), All.Tags = list(Concordant = list(
        Freqs = structure(c(0, 474, 0, 0, 2, 519, 0, 0), .Dim = c(4L, 
        2L), .Dimnames = list(c("-1", "0", "1", "2"), c("A", 
        "G"))), N = 995), Majority = list(Freqs = structure(c(0, 
    583, 1, 0, 2, 636, 0, 0), .Dim = c(4L, 2L), .Dimnames = list(
        c("-1", "0", "1", "2"), c("A", "G"))), N = 1222)), `2` = structure(c(0, 
    456, 1, 0, 2, 478, 0, 0), .Dim = c(4L, 2L), .Dimnames = list(
        c("-1", "0", "1", "2"), c("A", "G"))))))
