Results <-
list(`bwaOutput/20210421msiMNRsJenny/255310A1_S10.sam` = list(
    GM17_SNP1 = list(All = list(Freqs = structure(c(26L, 1770L, 
    5L, 0L, 36L, 1739L, 10L, 2L, 0L, 13L, 0L, 0L), .Dim = 4:3, .Dimnames = structure(list(
        c("-1", "0", "1", NA), c("C", "T", NA)), .Names = c("", 
    "")), class = "table"), N = 3601L), Tag.Distribution = structure(c(`1` = 154L, 
    `2` = 164L, `3` = 142L, `4` = 124L, `5` = 94L, `6` = 65L, 
    `7` = 40L, `8` = 25L, `9` = 21L, `10` = 16L, `11` = 9L, `12` = 6L, 
    `13` = 4L, `14` = 2L, `15` = 2L, `17` = 2L, `18` = 1L, `19` = 1L, 
    `20` = 2L, `23` = 1L), .Dim = 20L, .Dimnames = structure(list(
        c("1", "2", "3", "4", "5", "6", "7", "8", "9", "10", 
        "11", "12", "13", "14", "15", "17", "18", "19", "20", 
        "23")), .Names = ""), class = "table"), No.Tag = structure(c(1L, 
    47L, 0L, 0L, 0L, 44L, 0L, 0L, 0L, 1L, 0L, 0L), .Dim = 4:3, .Dimnames = structure(list(
        c("-1", "0", "1", NA), c("C", "T", NA)), .Names = c("", 
    "")), class = "table"), All.Tags = list(Concordant = list(
        Freqs = structure(c(0, 368, 0, 4, 382, 0), .Dim = 3:2, .Dimnames = list(
            c("-1", "0", "1"), c("C", "T"))), N = 754), Majority = list(
        Freqs = structure(c(0, 421, 0, 5, 432, 1), .Dim = 3:2, .Dimnames = list(
            c("-1", "0", "1"), c("C", "T"))), N = 859)), `2` = structure(c(0, 
    344, 0, 3, 360, 1), .Dim = 3:2, .Dimnames = list(c("-1", 
    "0", "1"), c("C", "T"))))))
