Results <-
list(`bwaOutput/20210421msiMNRsJenny/255310A1_S10.sam` = list(
    GM29_SNP1 = list(All = list(Freqs = structure(c(1L, 6L, 423L, 
    718L, 1L, 2L, 0L, 1L, 36L, 1251L, 1L, 3L, 0L, 0L, 0L, 10L, 
    0L, 0L), .Dim = c(6L, 3L), .Dimnames = structure(list(c("-3", 
    "-2", "-1", "0", "1", NA), c("A", "G", NA)), .Names = c("", 
    "")), class = "table"), N = 2453L), Tag.Distribution = structure(c(`1` = 123L, 
    `2` = 87L, `3` = 119L, `4` = 83L, `5` = 43L, `6` = 40L, `7` = 25L, 
    `8` = 23L, `9` = 13L, `10` = 13L, `11` = 3L, `12` = 5L, `13` = 5L, 
    `14` = 2L, `15` = 3L, `17` = 3L, `18` = 1L, `19` = 2L), .Dim = 18L, .Dimnames = structure(list(
        c("1", "2", "3", "4", "5", "6", "7", "8", "9", "10", 
        "11", "12", "13", "14", "15", "17", "18", "19")), .Names = ""), class = "table"), 
        No.Tag = structure(c(0L, 0L, 15L, 16L, 0L, 0L, 0L, 0L, 
        0L, 37L, 0L, 0L, 0L, 0L, 0L, 0L, 0L, 0L), .Dim = c(6L, 
        3L), .Dimnames = structure(list(c("-3", "-2", "-1", "0", 
        "1", NA), c("A", "G", NA)), .Names = c("", "")), class = "table"), 
        All.Tags = list(Concordant = list(Freqs = structure(c(0, 
        2, 80, 150, 0, 0, 0, 3, 235, 0), .Dim = c(5L, 2L), .Dimnames = list(
            c("-3", "-2", "-1", "0", "1"), c("A", "G"))), N = 470), 
            Majority = list(Freqs = structure(c(0, 2, 93, 178, 
            0, 0, 0, 3, 294, 0), .Dim = c(5L, 2L), .Dimnames = list(
                c("-3", "-2", "-1", "0", "1"), c("A", "G"))), 
                N = 570)), `2` = structure(c(0, 1, 75, 136, 0, 
        0, 0, 2, 236, 0), .Dim = c(5L, 2L), .Dimnames = list(
            c("-3", "-2", "-1", "0", "1"), c("A", "G"))))))
