Results <-
list(`bwaOutput/20210421msiMNRsJenny/255310A1_S10.sam` = list(
    LR36_SNP1 = list(All = list(Freqs = structure(c(0L, 33L, 
    635L, 1031L, 9L, 0L, 14L, 0L, 0L, 1L, 1L, 0L, 0L, 0L, 1L, 
    0L, 59L, 1617L, 22L, 3L, 7L, 0L, 0L, 3L, 52L, 1L, 0L, 0L), .Dim = c(7L, 
    4L), .Dimnames = structure(list(c("-3", "-2", "-1", "0", 
    "1", "4", NA), c("A", "G", "T", NA)), .Names = c("", "")), class = "table"), 
        N = 3489L), Tag.Distribution = structure(c(`1` = 201L, 
    `2` = 179L, `3` = 156L, `4` = 123L, `5` = 77L, `6` = 60L, 
    `7` = 42L, `8` = 22L, `9` = 20L, `10` = 10L, `11` = 10L, 
    `12` = 5L, `13` = 4L, `14` = 3L, `15` = 3L, `16` = 2L, `18` = 1L
    ), .Dim = 17L, .Dimnames = structure(list(c("1", "2", "3", 
    "4", "5", "6", "7", "8", "9", "10", "11", "12", "13", "14", 
    "15", "16", "18")), .Names = ""), class = "table"), No.Tag = structure(c(0L, 
    2L, 24L, 40L, 0L, 0L, 1L, 0L, 0L, 0L, 0L, 0L, 0L, 0L, 0L, 
    0L, 0L, 44L, 0L, 0L, 1L, 0L, 0L, 0L, 4L, 0L, 0L, 0L), .Dim = c(7L, 
    4L), .Dimnames = structure(list(c("-3", "-2", "-1", "0", 
    "1", "4", NA), c("A", "G", "T", NA)), .Names = c("", "")), class = "table"), 
        All.Tags = list(Concordant = list(Freqs = structure(c(0, 
        5, 136, 231, 0, 0, 0, 0, 0, 1, 0, 0, 0, 0, 5, 379, 1, 
        0), .Dim = c(6L, 3L), .Dimnames = list(c("-3", "-2", 
        "-1", "0", "1", "4"), c("A", "G", "T"))), N = 758), Majority = list(
            Freqs = structure(c(0, 6, 164, 270, 0, 0, 0, 0, 0, 
            1, 0, 0, 0, 0, 7, 439, 1, 1), .Dim = c(6L, 3L), .Dimnames = list(
                c("-3", "-2", "-1", "0", "1", "4"), c("A", "G", 
                "T"))), N = 889)), `2` = structure(c(0, 4, 134, 
        213, 0, 0, 0, 0, 0, 0, 0, 0, 0, 0, 4, 340, 1, 1), .Dim = c(6L, 
        3L), .Dimnames = list(c("-3", "-2", "-1", "0", "1", "4"
        ), c("A", "G", "T"))))))
