Results <-
list(`bwaOutput/20210421msiMNRsJenny/255310A1_S10.sam` = list(
    LR48_SNP1 = list(All = list(Freqs = structure(c(0L, 2L, 71L, 
    1333L, 13L, 7L, 1L, 7L, 505L, 954L, 10L, 12L, 0L, 0L, 2L, 
    25L, 0L, 0L), .Dim = c(6L, 3L), .Dimnames = structure(list(
        c("-3", "-2", "-1", "0", "1", NA), c("C", "T", NA)), .Names = c("", 
    "")), class = "table"), N = 2942L), Tag.Distribution = structure(c(`1` = 102L, 
    `2` = 75L, `3` = 77L, `4` = 65L, `5` = 54L, `6` = 59L, `7` = 45L, 
    `8` = 36L, `9` = 29L, `10` = 13L, `11` = 11L, `12` = 13L, 
    `13` = 3L, `14` = 2L, `15` = 2L, `16` = 2L, `17` = 3L, `18` = 2L, 
    `19` = 1L), .Dim = 19L, .Dimnames = structure(list(c("1", 
    "2", "3", "4", "5", "6", "7", "8", "9", "10", "11", "12", 
    "13", "14", "15", "16", "17", "18", "19")), .Names = ""), class = "table"), 
        No.Tag = structure(c(0L, 0L, 1L, 42L, 1L, 0L, 0L, 0L, 
        1L, 20L, 0L, 1L, 0L, 0L, 0L, 3L, 0L, 0L), .Dim = c(6L, 
        3L), .Dimnames = structure(list(c("-3", "-2", "-1", "0", 
        "1", NA), c("C", "T", NA)), .Names = c("", "")), class = "table"), 
        All.Tags = list(Concordant = list(Freqs = structure(c(0, 
        0, 6, 223, 0, 0, 0, 87, 148, 0), .Dim = c(5L, 2L), .Dimnames = list(
            c("-3", "-2", "-1", "0", "1"), c("C", "T"))), N = 464), 
            Majority = list(Freqs = structure(c(0, 0, 7, 274, 
            0, 0, 1, 102, 195, 0), .Dim = c(5L, 2L), .Dimnames = list(
                c("-3", "-2", "-1", "0", "1"), c("C", "T"))), 
                N = 579)), `2` = structure(c(0, 0, 5, 228, 0, 
        0, 1, 85, 166, 0), .Dim = c(5L, 2L), .Dimnames = list(
            c("-3", "-2", "-1", "0", "1"), c("C", "T"))))))
