Results <-
list(`bwaOutput/20210421msiMNRsJenny/255310A1_S10.sam` = list(
    LR24_SNP1 = list(All = list(Freqs = structure(c(27L, 100L, 
    3221L, 7L, 4L, 0L, 295L, 2922L, 7L, 2L, 1L, 0L, 27L, 0L, 
    0L), .Dim = c(5L, 3L), .Dimnames = structure(list(c("-2", 
    "-1", "0", "1", NA), c("A", "G", NA)), .Names = c("", "")), class = "table"), 
        N = 6613L), Tag.Distribution = structure(c(`1` = 545L, 
    `2` = 459L, `3` = 323L, `4` = 201L, `5` = 145L, `6` = 124L, 
    `7` = 57L, `8` = 45L, `9` = 37L, `10` = 15L, `11` = 17L, 
    `12` = 5L, `13` = 4L, `14` = 4L, `15` = 3L, `16` = 1L, `17` = 1L, 
    `18` = 1L, `19` = 2L, `20` = 2L, `21` = 1L), .Dim = 21L, .Dimnames = structure(list(
        c("1", "2", "3", "4", "5", "6", "7", "8", "9", "10", 
        "11", "12", "13", "14", "15", "16", "17", "18", "19", 
        "20", "21")), .Names = ""), class = "table"), No.Tag = structure(c(0L, 
    0L, 58L, 0L, 1L, 0L, 6L, 47L, 0L, 0L, 0L, 0L, 4L, 0L, 0L), .Dim = c(5L, 
    3L), .Dimnames = structure(list(c("-2", "-1", "0", "1", NA
    ), c("A", "G", NA)), .Names = c("", "")), class = "table"), 
        All.Tags = list(Concordant = list(Freqs = structure(c(4, 
        15, 742, 0, 0, 64, 668, 2), .Dim = c(4L, 2L), .Dimnames = list(
            c("-2", "-1", "0", "1"), c("A", "G"))), N = 1495), 
            Majority = list(Freqs = structure(c(8, 27, 919, 1, 
            0, 82, 829, 2), .Dim = c(4L, 2L), .Dimnames = list(
                c("-2", "-1", "0", "1"), c("A", "G"))), N = 1868)), 
        `2` = structure(c(5, 17, 665, 1, 0, 56, 583, 0), .Dim = c(4L, 
        2L), .Dimnames = list(c("-2", "-1", "0", "1"), c("A", 
        "G"))))))
