Results <-
list(`bwaOutput/20210421msiMNRsJenny/255310A1_S10.sam` = list(
    LR17_SNP1 = list(All = list(Freqs = structure(c(22L, 1289L, 
    4203L, 45L, 43L, 0L, 12L, 126L, 1L, 0L), .Dim = c(5L, 2L), .Dimnames = structure(list(
        c("-2", "-1", "0", "1", NA), c("A", NA)), .Names = c("", 
    "")), class = "table"), N = 5741L), Tag.Distribution = structure(c(`1` = 250L, 
    `2` = 215L, `3` = 190L, `4` = 174L, `5` = 138L, `6` = 135L, 
    `7` = 61L, `8` = 58L, `9` = 32L, `10` = 29L, `11` = 12L, 
    `12` = 9L, `13` = 8L, `14` = 11L, `15` = 3L, `16` = 2L, `18` = 1L, 
    `19` = 2L, `20` = 1L), .Dim = 19L, .Dimnames = structure(list(
        c("1", "2", "3", "4", "5", "6", "7", "8", "9", "10", 
        "11", "12", "13", "14", "15", "16", "18", "19", "20")), .Names = ""), class = "table"), 
        No.Tag = structure(c(1L, 24L, 137L, 1L, 3L, 0L, 3L, 6L, 
        0L, 0L), .Dim = c(5L, 2L), .Dimnames = structure(list(
            c("-2", "-1", "0", "1", NA), c("A", NA)), .Names = c("", 
        "")), class = "table"), All.Tags = list(Concordant = list(
            Freqs = structure(c(1, 201, 842, 1), .Dim = c(4L, 
            1L), .Dimnames = list(c("-2", "-1", "0", "1"), "A")), 
            N = 1045), Majority = list(Freqs = structure(c(3, 
        250, 1024, 1), .Dim = c(4L, 1L), .Dimnames = list(c("-2", 
        "-1", "0", "1"), "A")), N = 1278)), `2` = structure(c(3, 
        204, 837, 1), .Dim = c(4L, 1L), .Dimnames = list(c("-2", 
        "-1", "0", "1"), "A")))))
