Results <-
list(`bwaOutput/20210421msiMNRsJenny/255310A1_S10.sam` = list(
    GM07_SNP1 = list(All = list(Freqs = structure(c(0L, 59L, 
    940L, 797L, 13L, 1L, 18L, 1L, 420L, 54L, 677L, 23L, 0L, 12L, 
    0L, 2L, 1L, 8L, 0L, 0L, 0L), .Dim = c(7L, 3L), .Dimnames = structure(list(
        c("-3", "-2", "-1", "0", "1", "2", NA), c("A", "G", NA
        )), .Names = c("", "")), class = "table"), N = 3026L), 
        Tag.Distribution = structure(c(`1` = 166L, `2` = 156L, 
        `3` = 142L, `4` = 98L, `5` = 66L, `6` = 51L, `7` = 45L, 
        `8` = 22L, `9` = 21L, `10` = 11L, `11` = 7L, `12` = 3L, 
        `13` = 3L, `16` = 1L, `18` = 1L, `21` = 1L), .Dim = 16L, .Dimnames = structure(list(
            c("1", "2", "3", "4", "5", "6", "7", "8", "9", "10", 
            "11", "12", "13", "16", "18", "21")), .Names = ""), class = "table"), 
        No.Tag = structure(c(0L, 0L, 26L, 18L, 0L, 0L, 2L, 0L, 
        19L, 3L, 23L, 2L, 0L, 2L, 0L, 1L, 0L, 1L, 0L, 0L, 0L), .Dim = c(7L, 
        3L), .Dimnames = structure(list(c("-3", "-2", "-1", "0", 
        "1", "2", NA), c("A", "G", NA)), .Names = c("", "")), class = "table"), 
        All.Tags = list(Concordant = list(Freqs = structure(c(0, 
        13, 212, 162, 0, 0, 0, 97, 0, 143, 1, 0), .Dim = c(6L, 
        2L), .Dimnames = list(c("-3", "-2", "-1", "0", "1", "2"
        ), c("A", "G"))), N = 628), Majority = list(Freqs = structure(c(0, 
        15, 248, 202, 0, 0, 0, 108, 3, 185, 2, 0), .Dim = c(6L, 
        2L), .Dimnames = list(c("-3", "-2", "-1", "0", "1", "2"
        ), c("A", "G"))), N = 763)), `2` = structure(c(0, 8, 
        190, 163, 0, 0, 0, 89, 3, 147, 2, 0), .Dim = c(6L, 2L
        ), .Dimnames = list(c("-3", "-2", "-1", "0", "1", "2"
        ), c("A", "G"))))))
