Results <-
list(`bwaOutput/20210421msiMNRsJenny/255310A1_S10.sam` = list(
    LR11_SNP1 = list(All = list(Freqs = structure(c(0L, 0L, 53L, 
    1338L, 7L, 3L, 3L, 388L, 17L, 777L, 3L, 6L, 0L, 0L, 0L, 14L, 
    0L, 0L), .Dim = c(6L, 3L), .Dimnames = structure(list(c("-3", 
    "-2", "-1", "0", "1", NA), c("A", "C", NA)), .Names = c("", 
    "")), class = "table"), N = 2609L), Tag.Distribution = structure(c(`1` = 194L, 
    `2` = 164L, `3` = 142L, `4` = 94L, `5` = 64L, `6` = 48L, 
    `7` = 32L, `8` = 11L, `9` = 11L, `10` = 5L, `11` = 3L, `12` = 4L, 
    `13` = 2L, `14` = 2L, `15` = 1L, `16` = 2L), .Dim = 16L, .Dimnames = structure(list(
        c("1", "2", "3", "4", "5", "6", "7", "8", "9", "10", 
        "11", "12", "13", "14", "15", "16")), .Names = ""), class = "table"), 
        No.Tag = structure(c(0L, 0L, 0L, 10L, 0L, 1L, 0L, 6L, 
        0L, 17L, 0L, 0L, 0L, 0L, 0L, 0L, 0L, 0L), .Dim = c(6L, 
        3L), .Dimnames = structure(list(c("-3", "-2", "-1", "0", 
        "1", NA), c("A", "C", NA)), .Names = c("", "")), class = "table"), 
        All.Tags = list(Concordant = list(Freqs = structure(c(0, 
        0, 8, 342, 0, 1, 108, 3, 203, 0), .Dim = c(5L, 2L), .Dimnames = list(
            c("-3", "-2", "-1", "0", "1"), c("A", "C"))), N = 665), 
            Majority = list(Freqs = structure(c(0, 0, 9, 401, 
            0, 1, 116, 4, 225, 0), .Dim = c(5L, 2L), .Dimnames = list(
                c("-3", "-2", "-1", "0", "1"), c("A", "C"))), 
                N = 756)), `2` = structure(c(0, 0, 5, 309, 0, 
        1, 79, 2, 169, 0), .Dim = c(5L, 2L), .Dimnames = list(
            c("-3", "-2", "-1", "0", "1"), c("A", "C"))))))
