Results <-
list(`bwaOutput/20210421msiMNRsJenny/255310A1_S10.sam` = list(
    DEPDC2_SNP1 = list(All = list(Freqs = structure(c(0L, 1L, 
    0L, 0L, 0L, 3L, 1093L, 651L, 24L, 1003L, 0L, 3L, 0L, 0L, 
    0L, 0L, 19L, 6L, 1L, 0L), .Dim = 5:4, .Dimnames = structure(list(
        c("-1", "0", "1", "2", NA), c("A", "C", "T", NA)), .Names = c("", 
    "")), class = "table"), N = 2804L), Tag.Distribution = structure(c(`1` = 270L, 
    `2` = 202L, `3` = 159L, `4` = 99L, `5` = 66L, `6` = 49L, 
    `7` = 26L, `8` = 11L, `9` = 6L, `10` = 6L, `11` = 4L, `12` = 2L, 
    `14` = 1L, `15` = 1L, `17` = 2L, `18` = 1L), .Dim = 16L, .Dimnames = structure(list(
        c("1", "2", "3", "4", "5", "6", "7", "8", "9", "10", 
        "11", "12", "14", "15", "17", "18")), .Names = ""), class = "table"), 
        No.Tag = structure(c(0L, 0L, 0L, 0L, 0L, 0L, 31L, 23L, 
        2L, 42L, 0L, 0L, 0L, 0L, 0L, 0L, 1L, 0L, 1L, 0L), .Dim = 5:4, .Dimnames = structure(list(
            c("-1", "0", "1", "2", NA), c("A", "C", "T", NA)), .Names = c("", 
        "")), class = "table"), All.Tags = list(Concordant = list(
            Freqs = structure(c(0, 0, 0, 0, 0, 332, 279, 16, 
            0, 2, 0, 0), .Dim = 4:3, .Dimnames = list(c("-1", 
            "0", "1", "2"), c("A", "C", "T"))), N = 629), Majority = list(
            Freqs = structure(c(0, 0, 0, 0, 0, 363, 304, 16, 
            0, 2, 0, 0), .Dim = 4:3, .Dimnames = list(c("-1", 
            "0", "1", "2"), c("A", "C", "T"))), N = 685)), `2` = structure(c(0, 
        0, 0, 0, 0, 267, 239, 9, 0, 1, 0, 0), .Dim = 4:3, .Dimnames = list(
            c("-1", "0", "1", "2"), c("A", "C", "T"))))))
