Results <-
list(`bwaOutput/20210421msiMNRsJenny/255310A1_S10.sam` = list(
    LR49_SNP1 = list(All = list(Freqs = structure(c(25L, 1282L, 
    2115L, 1L, 7L, 0L, 0L, 4L, 0L, 0L, 0L, 1L, 1L, 0L, 0L, 0L, 
    11L, 21L, 0L, 0L), .Dim = 5:4, .Dimnames = structure(list(
        c("-2", "-1", "0", "1", NA), c("A", "G", "T", NA)), .Names = c("", 
    "")), class = "table"), N = 3468L), Tag.Distribution = structure(c(`1` = 260L, 
    `2` = 204L, `3` = 161L, `4` = 107L, `5` = 91L, `6` = 48L, 
    `7` = 39L, `8` = 28L, `9` = 20L, `10` = 15L, `11` = 4L, `12` = 6L, 
    `13` = 1L, `14` = 2L, `15` = 1L, `17` = 2L, `18` = 1L, `20` = 1L
    ), .Dim = 18L, .Dimnames = structure(list(c("1", "2", "3", 
    "4", "5", "6", "7", "8", "9", "10", "11", "12", "13", "14", 
    "15", "17", "18", "20")), .Names = ""), class = "table"), 
        No.Tag = structure(c(0L, 26L, 48L, 0L, 1L, 0L, 0L, 0L, 
        0L, 0L, 0L, 0L, 0L, 0L, 0L, 0L, 0L, 0L, 0L, 0L), .Dim = 5:4, .Dimnames = structure(list(
            c("-2", "-1", "0", "1", NA), c("A", "G", "T", NA)), .Names = c("", 
        "")), class = "table"), All.Tags = list(Concordant = list(
            Freqs = structure(c(8, 321, 545, 0, 0, 0, 3, 0, 0, 
            0, 1, 0), .Dim = 4:3, .Dimnames = list(c("-2", "-1", 
            "0", "1"), c("A", "G", "T"))), N = 878), Majority = list(
            Freqs = structure(c(9, 362, 584, 0, 0, 0, 3, 0, 0, 
            0, 1, 0), .Dim = 4:3, .Dimnames = list(c("-2", "-1", 
            "0", "1"), c("A", "G", "T"))), N = 959)), `2` = structure(c(7, 
        250, 447, 0, 0, 0, 0, 0, 0, 0, 0, 0), .Dim = 4:3, .Dimnames = list(
            c("-2", "-1", "0", "1"), c("A", "G", "T"))))))
