Results <-
list(`bwaOutput/20210421msiMNRsJenny/255310A1_S10.sam` = list(
    LR44_SNP1 = list(All = list(Freqs = structure(c(0L, 0L, 0L, 
    1L, 0L, 0L, 0L, 0L, 0L, 0L, 0L, 1L, 3L, 1L, 0L, 0L, 0L, 0L, 
    31L, 485L, 207L, 1356L, 13L, 1L, 0L, 0L, 9L, 0L, 0L, 0L, 
    12L, 0L, 0L, 0L, 0L, 0L, 1L, 11L, 2L, 38L, 0L, 0L, 1L, 3L, 
    5L, 0L, 1L, 2L, 25L, 0L, 0L, 0L, 0L, 0L), .Dim = c(9L, 6L
    ), .Dimnames = structure(list(c("-3", "-2", "-1", "0", "1", 
    "2", "6", "7", NA), c("-", "A", "C", "G", "T", NA)), .Names = c("", 
    "")), class = "table"), N = 2209L), Tag.Distribution = structure(c(`1` = 131L, 
    `2` = 112L, `3` = 96L, `4` = 90L, `5` = 57L, `6` = 42L, `7` = 31L, 
    `8` = 16L, `9` = 10L, `10` = 8L, `11` = 1L, `12` = 4L, `13` = 1L, 
    `14` = 1L, `18` = 1L), .Dim = 15L, .Dimnames = structure(list(
        c("1", "2", "3", "4", "5", "6", "7", "8", "9", "10", 
        "11", "12", "13", "14", "18")), .Names = ""), class = "table"), 
        No.Tag = structure(c(0L, 0L, 0L, 0L, 0L, 0L, 0L, 0L, 
        0L, 0L, 0L, 0L, 0L, 0L, 0L, 0L, 0L, 0L, 0L, 8L, 9L, 31L, 
        1L, 0L, 0L, 0L, 0L, 0L, 0L, 0L, 0L, 0L, 0L, 0L, 0L, 0L, 
        0L, 0L, 0L, 1L, 0L, 0L, 0L, 0L, 0L, 0L, 0L, 0L, 0L, 0L, 
        0L, 0L, 0L, 0L), .Dim = c(9L, 6L), .Dimnames = structure(list(
            c("-3", "-2", "-1", "0", "1", "2", "6", "7", NA), 
            c("-", "A", "C", "G", "T", NA)), .Names = c("", ""
        )), class = "table"), All.Tags = list(Concordant = list(
            Freqs = structure(c(0, 0, 0, 0, 0, 0, 0, 0, 0, 0, 
            0, 0, 0, 0, 0, 0, 4, 115, 26, 304, 1, 0, 0, 0, 0, 
            0, 0, 3, 0, 0, 0, 0, 1, 3, 1, 8, 0, 0, 0, 0), .Dim = c(8L, 
            5L), .Dimnames = list(c("-3", "-2", "-1", "0", "1", 
            "2", "6", "7"), c("-", "A", "C", "G", "T"))), N = 466), 
            Majority = list(Freqs = structure(c(0, 0, 0, 0, 0, 
            0, 0, 0, 0, 0, 0, 1, 0, 0, 0, 0, 6, 132, 35, 383, 
            1, 0, 0, 0, 0, 0, 0, 4, 0, 0, 0, 0, 1, 3, 1, 11, 
            0, 0, 0, 0), .Dim = c(8L, 5L), .Dimnames = list(c("-3", 
            "-2", "-1", "0", "1", "2", "6", "7"), c("-", "A", 
            "C", "G", "T"))), N = 578)), `2` = structure(c(0, 
        0, 0, 0, 0, 0, 0, 0, 0, 0, 0, 1, 0, 0, 0, 0, 5, 106, 
        22, 303, 0, 0, 0, 0, 0, 0, 0, 3, 0, 0, 0, 0, 0, 2, 0, 
        8, 0, 0, 0, 0), .Dim = c(8L, 5L), .Dimnames = list(c("-3", 
        "-2", "-1", "0", "1", "2", "6", "7"), c("-", "A", "C", 
        "G", "T"))))))
