Results <-
list(`bwaOutput/20210421msiMNRsJenny/255310A1_S10.sam` = list(
    GM14_SNP1 = list(All = list(Freqs = structure(c(3L, 105L, 
    1687L, 6L, 1L, 15L, 0L, 53L, 1682L, 10L, 0L, 7L, 0L, 0L, 
    25L, 0L, 0L, 0L), .Dim = c(6L, 3L), .Dimnames = structure(list(
        c("-2", "-1", "0", "1", "2", NA), c("C", "T", NA)), .Names = c("", 
    "")), class = "table"), N = 3594L), Tag.Distribution = structure(c(`1` = 185L, 
    `2` = 165L, `3` = 131L, `4` = 116L, `5` = 110L, `6` = 76L, 
    `7` = 39L, `8` = 32L, `9` = 20L, `10` = 10L, `11` = 8L, `12` = 3L, 
    `13` = 5L, `14` = 6L, `17` = 2L, `19` = 1L, `20` = 1L), .Dim = 17L, .Dimnames = structure(list(
        c("1", "2", "3", "4", "5", "6", "7", "8", "9", "10", 
        "11", "12", "13", "14", "17", "19", "20")), .Names = ""), class = "table"), 
        No.Tag = structure(c(0L, 1L, 28L, 0L, 0L, 0L, 0L, 0L, 
        28L, 0L, 0L, 0L, 0L, 0L, 4L, 0L, 0L, 0L), .Dim = c(6L, 
        3L), .Dimnames = structure(list(c("-2", "-1", "0", "1", 
        "2", NA), c("C", "T", NA)), .Names = c("", "")), class = "table"), 
        All.Tags = list(Concordant = list(Freqs = structure(c(0, 
        17, 343, 0, 0, 0, 10, 391, 1, 0), .Dim = c(5L, 2L), .Dimnames = list(
            c("-2", "-1", "0", "1", "2"), c("C", "T"))), N = 762), 
            Majority = list(Freqs = structure(c(0, 21, 410, 0, 
            0, 0, 10, 443, 2, 0), .Dim = c(5L, 2L), .Dimnames = list(
                c("-2", "-1", "0", "1", "2"), c("C", "T"))), 
                N = 886)), `2` = structure(c(0, 13, 342, 0, 0, 
        0, 7, 342, 1, 0), .Dim = c(5L, 2L), .Dimnames = list(
            c("-2", "-1", "0", "1", "2"), c("C", "T"))))))
