Results <-
list(`bwaOutput/20210421msiMNRsJenny/255310A1_S10.sam` = list(
    LR52_SNP1 = list(All = list(Freqs = structure(c(6L, 67L, 
    305L, 73L, 616L, 7L, 5L, 3L, 27L, 361L, 68L, 674L, 4L, 7L, 
    0L, 0L, 1L, 2L, 62L, 1L, 0L), .Dim = c(7L, 3L), .Dimnames = structure(list(
        c("-4", "-3", "-2", "-1", "0", "1", NA), c("C", "T", 
        NA)), .Names = c("", "")), class = "table"), N = 2289L), 
        Tag.Distribution = structure(c(`1` = 131L, `2` = 129L, 
        `3` = 81L, `4` = 87L, `5` = 73L, `6` = 40L, `7` = 24L, 
        `8` = 21L, `9` = 11L, `10` = 12L, `11` = 1L, `12` = 6L, 
        `13` = 1L), .Dim = 13L, .Dimnames = structure(list(c("1", 
        "2", "3", "4", "5", "6", "7", "8", "9", "10", "11", "12", 
        "13")), .Names = ""), class = "table"), No.Tag = structure(c(0L, 
        0L, 6L, 2L, 15L, 1L, 1L, 0L, 0L, 7L, 4L, 15L, 0L, 0L, 
        0L, 0L, 0L, 0L, 2L, 0L, 0L), .Dim = c(7L, 3L), .Dimnames = structure(list(
            c("-4", "-3", "-2", "-1", "0", "1", NA), c("C", "T", 
            NA)), .Names = c("", "")), class = "table"), All.Tags = list(
            Concordant = list(Freqs = structure(c(1, 16, 62, 
            8, 134, 2, 0, 2, 77, 3, 141, 0), .Dim = c(6L, 2L), .Dimnames = list(
                c("-4", "-3", "-2", "-1", "0", "1"), c("C", "T"
                ))), N = 446), Majority = list(Freqs = structure(c(1, 
            18, 78, 10, 170, 2, 0, 4, 93, 6, 189, 0), .Dim = c(6L, 
            2L), .Dimnames = list(c("-4", "-3", "-2", "-1", "0", 
            "1"), c("C", "T"))), N = 571)), `2` = structure(c(1, 
        13, 64, 4, 142, 0, 0, 4, 76, 3, 147, 0), .Dim = c(6L, 
        2L), .Dimnames = list(c("-4", "-3", "-2", "-1", "0", 
        "1"), c("C", "T"))))))
