Results <-
list(`bwaOutput/20210421msiMNRsJenny/255809_S66.sam` = list(GM26_SNP1 = list(
    All = list(Freqs = structure(c(1L, 1L, 4L, 318L, 4464L, 14L, 
    2L, 10L, 0L, 0L, 0L, 0L, 10L, 0L, 0L, 0L, 0L, 0L, 0L, 4L, 
    35L, 0L, 0L, 0L), .Dim = c(8L, 3L), .Dimnames = structure(list(
        c("-4", "-3", "-2", "-1", "0", "1", "2", NA), c("A", 
        "G", NA)), .Names = c("", "")), class = "table"), N = 4863L), 
    Tag.Distribution = structure(c(`1` = 147L, `2` = 77L, `3` = 73L, 
    `4` = 72L, `5` = 55L, `6` = 38L, `7` = 48L, `8` = 46L, `9` = 38L, 
    `10` = 29L, `11` = 19L, `12` = 28L, `13` = 20L, `14` = 15L, 
    `15` = 10L, `16` = 9L, `17` = 7L, `18` = 7L, `19` = 4L, `20` = 4L, 
    `21` = 4L, `22` = 4L, `25` = 1L, `26` = 3L, `27` = 1L, `31` = 1L, 
    `33` = 1L), .Dim = 27L, .Dimnames = structure(list(c("1", 
    "2", "3", "4", "5", "6", "7", "8", "9", "10", "11", "12", 
    "13", "14", "15", "16", "17", "18", "19", "20", "21", "22", 
    "25", "26", "27", "31", "33")), .Names = ""), class = "table"), 
    No.Tag = structure(c(0L, 0L, 0L, 14L, 121L, 0L, 0L, 0L, 0L, 
    0L, 0L, 0L, 1L, 0L, 0L, 0L, 0L, 0L, 0L, 1L, 3L, 0L, 0L, 0L
    ), .Dim = c(8L, 3L), .Dimnames = structure(list(c("-4", "-3", 
    "-2", "-1", "0", "1", "2", NA), c("A", "G", NA)), .Names = c("", 
    "")), class = "table"), All.Tags = list(Concordant = list(
        Freqs = structure(c(0, 0, 0, 39, 640, 0, 0, 0, 0, 0, 
        0, 5, 0, 0), .Dim = c(7L, 2L), .Dimnames = list(c("-4", 
        "-3", "-2", "-1", "0", "1", "2"), c("A", "G"))), N = 684), 
        Majority = list(Freqs = structure(c(0, 0, 0, 47, 700, 
        0, 0, 0, 0, 0, 0, 5, 0, 0), .Dim = c(7L, 2L), .Dimnames = list(
            c("-4", "-3", "-2", "-1", "0", "1", "2"), c("A", 
            "G"))), N = 752)), `2` = structure(c(0, 0, 0, 40, 
    573, 0, 0, 0, 0, 0, 0, 0, 0, 0), .Dim = c(7L, 2L), .Dimnames = list(
        c("-4", "-3", "-2", "-1", "0", "1", "2"), c("A", "G"))))))
