Results <-
list(`bwaOutput/20210421msiMNRsJenny/255809_S66.sam` = list(LR49_SNP1 = list(
    All = list(Freqs = structure(c(0L, 2L, 23L, 0L, 0L, 54L, 
    1125L, 7578L, 1L, 41L, 0L, 0L, 1L, 0L, 0L, 1L, 5L, 48L, 0L, 
    0L), .Dim = 5:4, .Dimnames = structure(list(c("-2", "-1", 
    "0", "1", NA), c("A", "G", "T", NA)), .Names = c("", "")), class = "table"), 
        N = 8879L), Tag.Distribution = structure(c(`1` = 304L, 
    `2` = 158L, `3` = 174L, `4` = 100L, `5` = 111L, `6` = 97L, 
    `7` = 80L, `8` = 66L, `9` = 53L, `10` = 48L, `11` = 46L, 
    `12` = 36L, `13` = 30L, `14` = 20L, `15` = 24L, `16` = 22L, 
    `17` = 13L, `18` = 12L, `19` = 11L, `20` = 8L, `21` = 7L, 
    `22` = 4L, `23` = 4L, `24` = 3L, `25` = 5L, `26` = 1L, `27` = 2L, 
    `28` = 1L, `29` = 1L, `32` = 1L, `44` = 1L, `45` = 1L), .Dim = 32L, .Dimnames = structure(list(
        c("1", "2", "3", "4", "5", "6", "7", "8", "9", "10", 
        "11", "12", "13", "14", "15", "16", "17", "18", "19", 
        "20", "21", "22", "23", "24", "25", "26", "27", "28", 
        "29", "32", "44", "45")), .Names = ""), class = "table"), 
    No.Tag = structure(c(0L, 0L, 1L, 0L, 0L, 3L, 23L, 205L, 0L, 
    4L, 0L, 0L, 0L, 0L, 0L, 0L, 0L, 11L, 0L, 0L), .Dim = 5:4, .Dimnames = structure(list(
        c("-2", "-1", "0", "1", NA), c("A", "G", "T", NA)), .Names = c("", 
    "")), class = "table"), All.Tags = list(Concordant = list(
        Freqs = structure(c(0, 1, 1, 0, 3, 131, 1165, 0, 0, 0, 
        0, 0), .Dim = 4:3, .Dimnames = list(c("-2", "-1", "0", 
        "1"), c("A", "G", "T"))), N = 1301), Majority = list(
        Freqs = structure(c(0, 1, 1, 0, 8, 173, 1244, 0, 0, 0, 
        0, 0), .Dim = 4:3, .Dimnames = list(c("-2", "-1", "0", 
        "1"), c("A", "G", "T"))), N = 1427)), `2` = structure(c(0, 
    1, 0, 0, 6, 139, 980, 0, 0, 0, 0, 0), .Dim = 4:3, .Dimnames = list(
        c("-2", "-1", "0", "1"), c("A", "G", "T"))))))
