Results <-
list(`bwaOutput/20210421msiMNRsJenny/255810_S67.sam` = list(LR52_SNP1 = list(
    All = list(Freqs = structure(c(1L, 89L, 828L, 870L, 2164L, 
    24L, 86L, 0L, 0L, 1L, 0L, 1L, 0L, 0L, 5L, 284L, 1223L, 215L, 
    2450L, 28L, 57L, 0L, 2L, 20L, 39L, 782L, 5L, 0L), .Dim = c(7L, 
    4L), .Dimnames = structure(list(c("-4", "-3", "-2", "-1", 
    "0", "1", NA), c("C", "G", "T", NA)), .Names = c("", "")), class = "table"), 
        N = 9174L), Tag.Distribution = structure(c(`1` = 339L, 
    `2` = 209L, `3` = 221L, `4` = 181L, `5` = 183L, `6` = 155L, 
    `7` = 118L, `8` = 85L, `9` = 66L, `10` = 58L, `11` = 40L, 
    `12` = 26L, `13` = 26L, `14` = 16L, `15` = 7L, `16` = 11L, 
    `17` = 9L, `18` = 4L, `19` = 4L, `20` = 6L, `21` = 1L, `22` = 2L, 
    `23` = 4L, `24` = 1L, `25` = 2L, `37` = 1L), .Dim = 26L, .Dimnames = structure(list(
        c("1", "2", "3", "4", "5", "6", "7", "8", "9", "10", 
        "11", "12", "13", "14", "15", "16", "17", "18", "19", 
        "20", "21", "22", "23", "24", "25", "37")), .Names = ""), class = "table"), 
    No.Tag = structure(c(0L, 1L, 21L, 20L, 36L, 2L, 4L, 0L, 0L, 
    0L, 0L, 0L, 0L, 0L, 0L, 9L, 28L, 9L, 57L, 1L, 2L, 0L, 0L, 
    3L, 2L, 26L, 0L, 0L), .Dim = c(7L, 4L), .Dimnames = structure(list(
        c("-4", "-3", "-2", "-1", "0", "1", NA), c("C", "G", 
        "T", NA)), .Names = c("", "")), class = "table"), All.Tags = list(
        Concordant = list(Freqs = structure(c(0, 6, 100, 90, 
        305, 2, 0, 0, 0, 0, 0, 0, 0, 31, 150, 9, 316, 0), .Dim = c(6L, 
        3L), .Dimnames = list(c("-4", "-3", "-2", "-1", "0", 
        "1"), c("C", "G", "T"))), N = 1009), Majority = list(
            Freqs = structure(c(0, 14, 150, 154, 490, 2, 0, 0, 
            0, 0, 0, 0, 0, 48, 231, 12, 509, 0), .Dim = c(6L, 
            3L), .Dimnames = list(c("-4", "-3", "-2", "-1", "0", 
            "1"), c("C", "G", "T"))), N = 1610)), `2` = structure(c(0, 
    9, 119, 116, 405, 1, 0, 0, 0, 0, 0, 0, 0, 41, 195, 6, 424, 
    0), .Dim = c(6L, 3L), .Dimnames = list(c("-4", "-3", "-2", 
    "-1", "0", "1"), c("C", "G", "T"))))))
