Results <-
list(`bwaOutput/20210421msiMNRsJenny/255809_S66.sam` = list(GM14_SNP1 = list(
    All = list(Freqs = structure(c(0L, 0L, 0L, 1L, 0L, 0L, 0L, 
    0L, 2L, 1674L, 762L, 168L, 5159L, 62L, 2L, 44L, 0L, 0L, 0L, 
    1L, 10L, 0L, 0L, 0L, 0L, 1L, 0L, 0L, 70L, 0L, 0L, 0L), .Dim = c(8L, 
    4L), .Dimnames = structure(list(c("-4", "-3", "-2", "-1", 
    "0", "1", "2", NA), c("-", "C", "T", NA)), .Names = c("", 
    "")), class = "table"), N = 7956L), Tag.Distribution = structure(c(`1` = 248L, 
    `2` = 135L, `3` = 122L, `4` = 99L, `5` = 92L, `6` = 87L, 
    `7` = 83L, `8` = 69L, `9` = 52L, `10` = 45L, `11` = 44L, 
    `12` = 39L, `13` = 29L, `14` = 26L, `15` = 9L, `16` = 17L, 
    `17` = 13L, `18` = 10L, `19` = 4L, `20` = 4L, `21` = 5L, 
    `22` = 3L, `23` = 11L, `24` = 3L, `25` = 1L, `26` = 2L, `27` = 2L, 
    `28` = 2L, `30` = 1L, `33` = 1L), .Dim = 30L, .Dimnames = structure(list(
        c("1", "2", "3", "4", "5", "6", "7", "8", "9", "10", 
        "11", "12", "13", "14", "15", "16", "17", "18", "19", 
        "20", "21", "22", "23", "24", "25", "26", "27", "28", 
        "30", "33")), .Names = ""), class = "table"), No.Tag = structure(c(0L, 
    0L, 0L, 0L, 0L, 0L, 0L, 0L, 0L, 39L, 49L, 1L, 140L, 2L, 0L, 
    3L, 0L, 0L, 0L, 0L, 1L, 0L, 0L, 0L, 0L, 0L, 0L, 0L, 5L, 0L, 
    0L, 0L), .Dim = c(8L, 4L), .Dimnames = structure(list(c("-4", 
    "-3", "-2", "-1", "0", "1", "2", NA), c("-", "C", "T", NA
    )), .Names = c("", "")), class = "table"), All.Tags = list(
        Concordant = list(Freqs = structure(c(0, 0, 0, 0, 0, 
        0, 0, 0, 214, 80, 4, 677, 1, 0, 0, 0, 0, 1, 6, 0, 0), .Dim = c(7L, 
        3L), .Dimnames = list(c("-4", "-3", "-2", "-1", "0", 
        "1", "2"), c("-", "C", "T"))), N = 983), Majority = list(
            Freqs = structure(c(0, 0, 0, 0, 0, 0, 0, 0, 251, 
            97, 6, 860, 3, 0, 0, 0, 0, 1, 6, 0, 0), .Dim = c(7L, 
            3L), .Dimnames = list(c("-4", "-3", "-2", "-1", "0", 
            "1", "2"), c("-", "C", "T"))), N = 1224)), `2` = structure(c(0, 
    0, 0, 0, 0, 0, 0, 0, 213, 83, 3, 689, 2, 0, 0, 0, 0, 0, 0, 
    0, 0), .Dim = c(7L, 3L), .Dimnames = list(c("-4", "-3", "-2", 
    "-1", "0", "1", "2"), c("-", "C", "T"))))))
