Results <-
list(`bwaOutput/20210421msiMNRsJenny/255811_S68.sam` = list(LR10_SNP1 = list(
    All = list(Freqs = structure(c(0L, 0L, 2L, 0L, 0L, 0L, 1L, 
    8L, 0L, 0L, 2L, 201L, 11020L, 49L, 12L, 0L, 3L, 169L, 0L, 
    0L), .Dim = 5:4, .Dimnames = structure(list(c("-2", "-1", 
    "0", "1", NA), c("A", "C", "T", NA)), .Names = c("", "")), class = "table"), 
        N = 11467L), Tag.Distribution = structure(c(`1` = 562L, 
    `2` = 458L, `3` = 355L, `4` = 283L, `5` = 264L, `6` = 173L, 
    `7` = 131L, `8` = 106L, `9` = 81L, `10` = 70L, `11` = 40L, 
    `12` = 27L, `13` = 20L, `14` = 16L, `15` = 6L, `16` = 8L, 
    `17` = 6L, `18` = 7L, `19` = 3L, `20` = 1L, `21` = 1L, `24` = 1L, 
    `25` = 1L, `27` = 1L, `29` = 1L), .Dim = 25L, .Dimnames = structure(list(
        c("1", "2", "3", "4", "5", "6", "7", "8", "9", "10", 
        "11", "12", "13", "14", "15", "16", "17", "18", "19", 
        "20", "21", "24", "25", "27", "29")), .Names = ""), class = "table"), 
    No.Tag = structure(c(0L, 0L, 0L, 0L, 0L, 0L, 0L, 0L, 0L, 
    0L, 0L, 6L, 325L, 1L, 1L, 0L, 0L, 10L, 0L, 0L), .Dim = 5:4, .Dimnames = structure(list(
        c("-2", "-1", "0", "1", NA), c("A", "C", "T", NA)), .Names = c("", 
    "")), class = "table"), All.Tags = list(Concordant = list(
        Freqs = structure(c(0, 0, 0, 0, 0, 0, 2, 0, 0, 9, 2398, 
        1), .Dim = 4:3, .Dimnames = list(c("-2", "-1", "0", "1"
        ), c("A", "C", "T"))), N = 2410), Majority = list(Freqs = structure(c(0, 
    0, 0, 0, 0, 0, 2, 0, 0, 13, 2564, 1), .Dim = 4:3, .Dimnames = list(
        c("-2", "-1", "0", "1"), c("A", "C", "T"))), N = 2580)), 
    `2` = structure(c(0, 0, 0, 0, 0, 0, 0, 0, 0, 6, 2024, 0), .Dim = 4:3, .Dimnames = list(
        c("-2", "-1", "0", "1"), c("A", "C", "T"))))))
