Results <-
list(`bwaOutput/20210421msiMNRsJenny/255810_S67.sam` = list(LR17_SNP1 = list(
    All = list(Freqs = structure(c(5L, 200L, 5822L, 12343L, 180L, 
    3L, 230L, 0L, 0L, 3L, 6L, 0L, 0L, 0L, 0L, 3L, 249L, 949L, 
    5L, 1L, 0L), .Dim = c(7L, 3L), .Dimnames = structure(list(
        c("-3", "-2", "-1", "0", "1", "2", NA), c("A", "G", NA
        )), .Names = c("", "")), class = "table"), N = 19999L), 
    Tag.Distribution = structure(c(`1` = 417L, `2` = 279L, `3` = 292L, 
    `4` = 257L, `5` = 230L, `6` = 225L, `7` = 189L, `8` = 175L, 
    `9` = 128L, `10` = 105L, `11` = 107L, `12` = 87L, `13` = 70L, 
    `14` = 65L, `15` = 50L, `16` = 35L, `17` = 27L, `18` = 19L, 
    `19` = 19L, `20` = 18L, `21` = 16L, `22` = 11L, `23` = 11L, 
    `24` = 11L, `25` = 3L, `26` = 4L, `27` = 6L, `28` = 4L, `29` = 2L, 
    `30` = 3L, `31` = 4L, `32` = 3L, `33` = 1L, `35` = 2L, `36` = 1L, 
    `37` = 1L, `40` = 1L, `42` = 1L), .Dim = 38L, .Dimnames = structure(list(
        c("1", "2", "3", "4", "5", "6", "7", "8", "9", "10", 
        "11", "12", "13", "14", "15", "16", "17", "18", "19", 
        "20", "21", "22", "23", "24", "25", "26", "27", "28", 
        "29", "30", "31", "32", "33", "35", "36", "37", "40", 
        "42")), .Names = ""), class = "table"), No.Tag = structure(c(0L, 
    5L, 173L, 389L, 5L, 0L, 19L, 0L, 0L, 0L, 0L, 0L, 0L, 0L, 
    0L, 0L, 10L, 47L, 0L, 0L, 0L), .Dim = c(7L, 3L), .Dimnames = structure(list(
        c("-3", "-2", "-1", "0", "1", "2", NA), c("A", "G", NA
        )), .Names = c("", "")), class = "table"), All.Tags = list(
        Concordant = list(Freqs = structure(c(0, 6, 440, 1243, 
        6, 0, 0, 0, 0, 0, 0, 0), .Dim = c(6L, 2L), .Dimnames = list(
            c("-3", "-2", "-1", "0", "1", "2"), c("A", "G"))), 
            N = 1695), Majority = list(Freqs = structure(c(0, 
        13, 766, 1929, 6, 0, 0, 0, 0, 0, 0, 0), .Dim = c(6L, 
        2L), .Dimnames = list(c("-3", "-2", "-1", "0", "1", "2"
        ), c("A", "G"))), N = 2714)), `2` = structure(c(0, 9, 
    665, 1664, 2, 0, 0, 0, 0, 0, 0, 0), .Dim = c(6L, 2L), .Dimnames = list(
        c("-3", "-2", "-1", "0", "1", "2"), c("A", "G"))))))
