Results <-
list(`bwaOutput/20210421msiMNRsJenny/255810_S67.sam` = list(GM09_SNP1 = list(
    All = list(Freqs = structure(c(0L, 0L, 15L, 0L, 0L, 0L, 0L, 
    2L, 0L, 0L, 2L, 2343L, 11413L, 28L, 24L, 1L, 10L, 79L, 0L, 
    0L), .Dim = 5:4, .Dimnames = structure(list(c("-2", "-1", 
    "0", "1", NA), c("A", "C", "G", NA)), .Names = c("", "")), class = "table"), 
        N = 13917L), Tag.Distribution = structure(c(`1` = 410L, 
    `2` = 298L, `3` = 264L, `4` = 205L, `5` = 192L, `6` = 160L, 
    `7` = 133L, `8` = 110L, `9` = 93L, `10` = 79L, `11` = 59L, 
    `12` = 47L, `13` = 43L, `14` = 30L, `15` = 26L, `16` = 22L, 
    `17` = 31L, `18` = 14L, `19` = 18L, `20` = 8L, `21` = 8L, 
    `22` = 5L, `23` = 7L, `24` = 4L, `25` = 3L, `26` = 2L, `27` = 4L, 
    `28` = 2L, `29` = 2L, `30` = 2L, `31` = 2L, `32` = 2L, `34` = 1L, 
    `35` = 1L, `36` = 1L, `37` = 2L), .Dim = 36L, .Dimnames = structure(list(
        c("1", "2", "3", "4", "5", "6", "7", "8", "9", "10", 
        "11", "12", "13", "14", "15", "16", "17", "18", "19", 
        "20", "21", "22", "23", "24", "25", "26", "27", "28", 
        "29", "30", "31", "32", "34", "35", "36", "37")), .Names = ""), class = "table"), 
    No.Tag = structure(c(0L, 0L, 1L, 0L, 0L, 0L, 0L, 0L, 0L, 
    0L, 0L, 62L, 403L, 2L, 2L, 0L, 1L, 6L, 0L, 0L), .Dim = 5:4, .Dimnames = structure(list(
        c("-2", "-1", "0", "1", NA), c("A", "C", "G", NA)), .Names = c("", 
    "")), class = "table"), All.Tags = list(Concordant = list(
        Freqs = structure(c(0, 0, 3, 0, 0, 0, 0, 0, 0, 218, 1584, 
        1), .Dim = 4:3, .Dimnames = list(c("-2", "-1", "0", "1"
        ), c("A", "C", "G"))), N = 1806), Majority = list(Freqs = structure(c(0, 
    0, 3, 0, 0, 0, 0, 0, 0, 338, 1885, 1), .Dim = 4:3, .Dimnames = list(
        c("-2", "-1", "0", "1"), c("A", "C", "G"))), N = 2227)), 
    `2` = structure(c(0, 0, 1, 0, 0, 0, 0, 0, 0, 276, 1553, 0
    ), .Dim = 4:3, .Dimnames = list(c("-2", "-1", "0", "1"), 
        c("A", "C", "G"))))))
