Results <-
list(`bwaOutput/20210421msiMNRsJenny/255809_S66.sam` = list(LR20_SNP1 = list(
    All = list(Freqs = structure(c(0L, 2L, 0L, 0L, 112L, 4318L, 
    13L, 1L, 16L, 4513L, 11L, 8L, 1L, 88L, 1L, 0L), .Dim = c(4L, 
    4L), .Dimnames = structure(list(c("-1", "0", "1", NA), c("-", 
    "A", "G", NA)), .Names = c("", "")), class = "table"), N = 9084L), 
    Tag.Distribution = structure(c(`1` = 269L, `2` = 162L, `3` = 130L, 
    `4` = 130L, `5` = 102L, `6` = 74L, `7` = 75L, `8` = 62L, 
    `9` = 59L, `10` = 44L, `11` = 58L, `12` = 40L, `13` = 31L, 
    `14` = 28L, `15` = 22L, `16` = 16L, `17` = 15L, `18` = 14L, 
    `19` = 10L, `20` = 8L, `21` = 6L, `22` = 3L, `23` = 4L, `24` = 2L, 
    `25` = 5L, `27` = 5L, `28` = 2L, `29` = 2L, `30` = 2L, `31` = 2L, 
    `33` = 1L, `34` = 1L, `35` = 1L), .Dim = 33L, .Dimnames = structure(list(
        c("1", "2", "3", "4", "5", "6", "7", "8", "9", "10", 
        "11", "12", "13", "14", "15", "16", "17", "18", "19", 
        "20", "21", "22", "23", "24", "25", "27", "28", "29", 
        "30", "31", "33", "34", "35")), .Names = ""), class = "table"), 
    No.Tag = structure(c(0L, 0L, 0L, 0L, 5L, 148L, 0L, 1L, 1L, 
    186L, 1L, 1L, 0L, 6L, 0L, 0L), .Dim = c(4L, 4L), .Dimnames = structure(list(
        c("-1", "0", "1", NA), c("-", "A", "G", NA)), .Names = c("", 
    "")), class = "table"), All.Tags = list(Concordant = list(
        Freqs = structure(c(0, 0, 0, 14, 537, 1, 1, 560, 0), .Dim = c(3L, 
        3L), .Dimnames = list(c("-1", "0", "1"), c("-", "A", 
        "G"))), N = 1113), Majority = list(Freqs = structure(c(0, 
    0, 0, 19, 651, 1, 1, 676, 0), .Dim = c(3L, 3L), .Dimnames = list(
        c("-1", "0", "1"), c("-", "A", "G"))), N = 1348)), `2` = structure(c(0, 
    0, 0, 16, 534, 1, 1, 542, 0), .Dim = c(3L, 3L), .Dimnames = list(
        c("-1", "0", "1"), c("-", "A", "G"))))))
