Results <-
list(`bwaOutput/20210421msiMNRsJenny/255810_S67.sam` = list(GM01_SNP1 = list(
    All = list(Freqs = structure(c(0L, 0L, 1L, 0L, 0L, 0L, 2L, 
    300L, 16869L, 69L, 2L, 18L, 0L, 0L, 1L, 0L, 0L, 0L, 0L, 1L, 
    26L, 0L, 0L, 0L, 0L, 0L, 3L, 0L, 0L, 0L, 0L, 4L, 189L, 2L, 
    0L, 0L), .Dim = c(6L, 6L), .Dimnames = structure(list(c("-2", 
    "-1", "0", "1", "2", NA), c("-", "A", "C", "G", "T", NA)), .Names = c("", 
    "")), class = "table"), N = 17487L), Tag.Distribution = structure(c(`1` = 413L, 
    `2` = 286L, `3` = 286L, `4` = 244L, `5` = 228L, `6` = 186L, 
    `7` = 141L, `8` = 157L, `9` = 141L, `10` = 102L, `11` = 73L, 
    `12` = 67L, `13` = 53L, `14` = 60L, `15` = 31L, `16` = 35L, 
    `17` = 29L, `18` = 16L, `19` = 14L, `20` = 16L, `21` = 13L, 
    `22` = 12L, `23` = 8L, `24` = 7L, `25` = 6L, `26` = 4L, `27` = 5L, 
    `28` = 3L, `29` = 4L, `30` = 2L, `31` = 3L, `32` = 1L, `33` = 1L, 
    `34` = 2L, `35` = 2L, `39` = 1L, `42` = 1L, `50` = 1L, `52` = 1L
    ), .Dim = 39L, .Dimnames = structure(list(c("1", "2", "3", 
    "4", "5", "6", "7", "8", "9", "10", "11", "12", "13", "14", 
    "15", "16", "17", "18", "19", "20", "21", "22", "23", "24", 
    "25", "26", "27", "28", "29", "30", "31", "32", "33", "34", 
    "35", "39", "42", "50", "52")), .Names = ""), class = "table"), 
    No.Tag = structure(c(0L, 0L, 0L, 0L, 0L, 0L, 0L, 3L, 317L, 
    0L, 0L, 2L, 0L, 0L, 0L, 0L, 0L, 0L, 0L, 0L, 1L, 0L, 0L, 0L, 
    0L, 0L, 0L, 0L, 0L, 0L, 0L, 1L, 11L, 0L, 0L, 0L), .Dim = c(6L, 
    6L), .Dimnames = structure(list(c("-2", "-1", "0", "1", "2", 
    NA), c("-", "A", "C", "G", "T", NA)), .Names = c("", "")), class = "table"), 
    All.Tags = list(Concordant = list(Freqs = structure(c(0, 
    0, 0, 0, 0, 0, 8, 2343, 2, 0, 0, 0, 0, 0, 0, 0, 0, 2, 0, 
    0, 0, 0, 1, 0, 0), .Dim = c(5L, 5L), .Dimnames = list(c("-2", 
    "-1", "0", "1", "2"), c("-", "A", "C", "G", "T"))), N = 2356), 
        Majority = list(Freqs = structure(c(0, 0, 0, 0, 0, 0, 
        15, 2604, 2, 0, 0, 0, 0, 0, 0, 0, 0, 5, 0, 0, 0, 0, 1, 
        0, 0), .Dim = c(5L, 5L), .Dimnames = list(c("-2", "-1", 
        "0", "1", "2"), c("-", "A", "C", "G", "T"))), N = 2627)), 
    `2` = structure(c(0, 0, 0, 0, 0, 0, 8, 2212, 0, 0, 0, 0, 
    0, 0, 0, 0, 0, 3, 0, 0, 0, 0, 0, 0, 0), .Dim = c(5L, 5L), .Dimnames = list(
        c("-2", "-1", "0", "1", "2"), c("-", "A", "C", "G", "T"
        ))))))
