Results <-
list(`bwaOutput/20210421msiMNRsJenny/255810_S67.sam` = list(LR40_SNP1 = list(
    All = list(Freqs = structure(c(0L, 0L, 3L, 0L, 0L, 0L, 3L, 
    628L, 7404L, 1251L, 6L, 53L, 0L, 0L, 1L, 0L, 0L, 0L, 0L, 
    1L, 0L, 0L, 0L, 0L, 0L, 1L, 60L, 17L, 1L, 0L), .Dim = 6:5, .Dimnames = structure(list(
        c("-2", "-1", "0", "1", "2", NA), c("A", "C", "G", "T", 
        NA)), .Names = c("", "")), class = "table"), N = 9429L), 
    Tag.Distribution = structure(c(`1` = 371L, `2` = 248L, `3` = 229L, 
    `4` = 156L, `5` = 160L, `6` = 115L, `7` = 94L, `8` = 67L, 
    `9` = 65L, `10` = 41L, `11` = 52L, `12` = 26L, `13` = 23L, 
    `14` = 20L, `15` = 21L, `16` = 11L, `17` = 9L, `18` = 10L, 
    `19` = 4L, `20` = 6L, `21` = 5L, `22` = 5L, `23` = 4L, `24` = 3L, 
    `25` = 1L, `26` = 3L, `28` = 2L, `29` = 2L, `32` = 1L, `33` = 1L, 
    `35` = 1L, `37` = 1L, `38` = 1L, `40` = 1L, `46` = 1L), .Dim = 35L, .Dimnames = structure(list(
        c("1", "2", "3", "4", "5", "6", "7", "8", "9", "10", 
        "11", "12", "13", "14", "15", "16", "17", "18", "19", 
        "20", "21", "22", "23", "24", "25", "26", "28", "29", 
        "32", "33", "35", "37", "38", "40", "46")), .Names = ""), class = "table"), 
    No.Tag = structure(c(0L, 0L, 1L, 0L, 0L, 0L, 0L, 8L, 179L, 
    29L, 0L, 4L, 0L, 0L, 0L, 0L, 0L, 0L, 0L, 0L, 0L, 0L, 0L, 
    0L, 0L, 1L, 9L, 1L, 0L, 0L), .Dim = 6:5, .Dimnames = structure(list(
        c("-2", "-1", "0", "1", "2", NA), c("A", "C", "G", "T", 
        NA)), .Names = c("", "")), class = "table"), All.Tags = list(
        Concordant = list(Freqs = structure(c(0, 0, 0, 0, 0, 
        0, 53, 1180, 134, 0, 0, 0, 0, 0, 0, 0, 0, 0, 0, 0), .Dim = 5:4, .Dimnames = list(
            c("-2", "-1", "0", "1", "2"), c("A", "C", "G", "T"
            ))), N = 1367), Majority = list(Freqs = structure(c(0, 
        0, 0, 0, 0, 0, 79, 1408, 213, 0, 0, 0, 0, 0, 0, 0, 0, 
        0, 0, 0), .Dim = 5:4, .Dimnames = list(c("-2", "-1", 
        "0", "1", "2"), c("A", "C", "G", "T"))), N = 1700)), 
    `2` = structure(c(0, 0, 0, 0, 0, 0, 62, 1115, 158, 0, 0, 
    0, 0, 0, 0, 0, 0, 0, 0, 0), .Dim = 5:4, .Dimnames = list(
        c("-2", "-1", "0", "1", "2"), c("A", "C", "G", "T"))))))
