Results <-
list(`bwaOutput/20210421msiMNRsJenny/255809_S66.sam` = list(DEPDC2_SNP1 = list(
    All = list(Freqs = structure(c(0L, 0L, 1L, 0L, 0L, 0L, 16L, 
    1868L, 10L, 7L, 5L, 130L, 2462L, 6L, 13L, 0L, 1L, 62L, 1L, 
    0L), .Dim = 5:4, .Dimnames = structure(list(c("-2", "-1", 
    "0", "1", NA), c("A", "C", "T", NA)), .Names = c("", "")), class = "table"), 
        N = 4582L), Tag.Distribution = structure(c(`1` = 251L, 
    `2` = 113L, `3` = 96L, `4` = 83L, `5` = 67L, `6` = 71L, `7` = 45L, 
    `8` = 30L, `9` = 31L, `10` = 28L, `11` = 23L, `12` = 19L, 
    `13` = 14L, `14` = 12L, `15` = 7L, `16` = 9L, `17` = 5L, 
    `18` = 3L, `19` = 2L, `21` = 2L, `22` = 1L, `23` = 1L, `26` = 3L, 
    `28` = 1L), .Dim = 24L, .Dimnames = structure(list(c("1", 
    "2", "3", "4", "5", "6", "7", "8", "9", "10", "11", "12", 
    "13", "14", "15", "16", "17", "18", "19", "21", "22", "23", 
    "26", "28")), .Names = ""), class = "table"), No.Tag = structure(c(0L, 
    0L, 0L, 0L, 0L, 0L, 3L, 58L, 1L, 0L, 0L, 3L, 87L, 0L, 2L, 
    0L, 0L, 6L, 0L, 0L), .Dim = 5:4, .Dimnames = structure(list(
        c("-2", "-1", "0", "1", NA), c("A", "C", "T", NA)), .Names = c("", 
    "")), class = "table"), All.Tags = list(Concordant = list(
        Freqs = structure(c(0, 0, 0, 0, 0, 1, 383, 1, 1, 21, 
        389, 0), .Dim = 4:3, .Dimnames = list(c("-2", "-1", "0", 
        "1"), c("A", "C", "T"))), N = 796), Majority = list(Freqs = structure(c(0, 
    0, 0, 0, 0, 2, 426, 1, 1, 25, 435, 0), .Dim = 4:3, .Dimnames = list(
        c("-2", "-1", "0", "1"), c("A", "C", "T"))), N = 890)), 
    `2` = structure(c(0, 0, 0, 0, 0, 2, 303, 0, 1, 16, 334, 0
    ), .Dim = 4:3, .Dimnames = list(c("-2", "-1", "0", "1"), 
        c("A", "C", "T"))))))
