Results <-
list(`bwaOutput/20210421msiMNRsJenny/255810_S67.sam` = list(GM29_SNP1 = list(
    All = list(Freqs = structure(c(3L, 310L, 5674L, 18L, 7L, 
    1L, 281L, 5679L, 14L, 16L, 0L, 0L, 1L, 0L, 0L, 0L, 4L, 117L, 
    1L, 0L), .Dim = 5:4, .Dimnames = structure(list(c("-2", "-1", 
    "0", "1", NA), c("A", "G", "T", NA)), .Names = c("", "")), class = "table"), 
        N = 12126L), Tag.Distribution = structure(c(`1` = 309L, 
    `2` = 232L, `3` = 217L, `4` = 190L, `5` = 151L, `6` = 100L, 
    `7` = 89L, `8` = 80L, `9` = 67L, `10` = 47L, `11` = 41L, 
    `12` = 45L, `13` = 24L, `14` = 18L, `15` = 25L, `16` = 27L, 
    `17` = 10L, `18` = 16L, `19` = 14L, `20` = 13L, `21` = 7L, 
    `22` = 8L, `23` = 4L, `24` = 2L, `25` = 8L, `26` = 8L, `27` = 4L, 
    `28` = 4L, `29` = 1L, `30` = 5L, `31` = 2L, `32` = 4L, `33` = 2L, 
    `34` = 3L, `35` = 3L, `36` = 2L, `38` = 2L, `39` = 1L, `41` = 3L, 
    `42` = 2L, `44` = 1L, `52` = 1L, `54` = 1L, `64` = 1L, `97` = 1L
    ), .Dim = 45L, .Dimnames = structure(list(c("1", "2", "3", 
    "4", "5", "6", "7", "8", "9", "10", "11", "12", "13", "14", 
    "15", "16", "17", "18", "19", "20", "21", "22", "23", "24", 
    "25", "26", "27", "28", "29", "30", "31", "32", "33", "34", 
    "35", "36", "38", "39", "41", "42", "44", "52", "54", "64", 
    "97")), .Names = ""), class = "table"), No.Tag = structure(c(0L, 
    24L, 184L, 1L, 0L, 0L, 5L, 240L, 2L, 1L, 0L, 0L, 0L, 0L, 
    0L, 0L, 0L, 10L, 0L, 0L), .Dim = 5:4, .Dimnames = structure(list(
        c("-2", "-1", "0", "1", NA), c("A", "G", "T", NA)), .Names = c("", 
    "")), class = "table"), All.Tags = list(Concordant = list(
        Freqs = structure(c(0, 27, 543, 0, 0, 16, 545, 0, 0, 
        0, 0, 0), .Dim = 4:3, .Dimnames = list(c("-2", "-1", 
        "0", "1"), c("A", "G", "T"))), N = 1131), Majority = list(
        Freqs = structure(c(0, 35, 821, 0, 0, 29, 836, 0, 0, 
        0, 0, 0), .Dim = 4:3, .Dimnames = list(c("-2", "-1", 
        "0", "1"), c("A", "G", "T"))), N = 1721)), `2` = structure(c(0, 
    17, 695, 0, 0, 18, 685, 0, 0, 0, 0, 0), .Dim = 4:3, .Dimnames = list(
        c("-2", "-1", "0", "1"), c("A", "G", "T"))))))
