Results <-
list(`bwaOutput/20210421msiMNRsJenny/255811_S68.sam` = list(DEPDC2_SNP1 = list(
    All = list(Freqs = structure(c(994L, 14L, 2671L, 7L, 33L, 
    1L, 54L, 4198L, 24L, 23L, 4L, 0L, 79L, 0L, 0L), .Dim = c(5L, 
    3L), .Dimnames = structure(list(c("-2", "-1", "0", "1", NA
    ), c("C", "T", NA)), .Names = c("", "")), class = "table"), 
        N = 8102L), Tag.Distribution = structure(c(`1` = 678L, 
    `2` = 499L, `3` = 356L, `4` = 264L, `5` = 185L, `6` = 134L, 
    `7` = 72L, `8` = 68L, `9` = 24L, `10` = 21L, `11` = 23L, 
    `12` = 13L, `13` = 8L, `14` = 5L, `15` = 5L, `16` = 3L, `17` = 1L, 
    `18` = 3L, `19` = 3L), .Dim = 19L, .Dimnames = structure(list(
        c("1", "2", "3", "4", "5", "6", "7", "8", "9", "10", 
        "11", "12", "13", "14", "15", "16", "17", "18", "19")), .Names = ""), class = "table"), 
    No.Tag = structure(c(37L, 1L, 76L, 0L, 5L, 0L, 2L, 134L, 
    0L, 4L, 0L, 0L, 6L, 0L, 0L), .Dim = c(5L, 3L), .Dimnames = structure(list(
        c("-2", "-1", "0", "1", NA), c("C", "T", NA)), .Names = c("", 
    "")), class = "table"), All.Tags = list(Concordant = list(
        Freqs = structure(c(168, 0, 569, 1, 0, 7, 888, 1), .Dim = c(4L, 
        2L), .Dimnames = list(c("-2", "-1", "0", "1"), c("C", 
        "T"))), N = 1634), Majority = list(Freqs = structure(c(240, 
    0, 753, 1, 0, 7, 1172, 2), .Dim = c(4L, 2L), .Dimnames = list(
        c("-2", "-1", "0", "1"), c("C", "T"))), N = 2175)), `2` = structure(c(166, 
    0, 482, 0, 0, 0, 863, 1), .Dim = c(4L, 2L), .Dimnames = list(
        c("-2", "-1", "0", "1"), c("C", "T"))))))
