Results <-
list(`bwaOutput/20210421msiMNRsJenny/255811_S68.sam` = list(LR44_SNP1 = list(
    All = list(Freqs = structure(c(0L, 0L, 1L, 1L, 0L, 0L, 0L, 
    0L, 0L, 3L, 0L, 0L, 6L, 320L, 51L, 713L, 13L, 9L, 0L, 20L, 
    175L, 1048L, 10L, 7L, 0L, 4L, 3L, 39L, 1L, 0L), .Dim = 6:5, .Dimnames = structure(list(
        c("-3", "-2", "-1", "0", "1", NA), c("-", "A", "C", "T", 
        NA)), .Names = c("", "")), class = "table"), N = 2424L), 
    Tag.Distribution = structure(c(`1` = 320L, `2` = 229L, `3` = 149L, 
    `4` = 102L, `5` = 52L, `6` = 32L, `7` = 13L, `8` = 5L, `9` = 2L, 
    `10` = 6L, `11` = 1L, `12` = 3L, `13` = 1L, `18` = 1L), .Dim = 14L, .Dimnames = structure(list(
        c("1", "2", "3", "4", "5", "6", "7", "8", "9", "10", 
        "11", "12", "13", "18")), .Names = ""), class = "table"), 
    No.Tag = structure(c(0L, 0L, 0L, 0L, 0L, 0L, 0L, 0L, 0L, 
    1L, 0L, 0L, 0L, 7L, 1L, 14L, 0L, 0L, 0L, 0L, 3L, 23L, 0L, 
    1L, 0L, 0L, 0L, 1L, 1L, 0L), .Dim = 6:5, .Dimnames = structure(list(
        c("-3", "-2", "-1", "0", "1", NA), c("-", "A", "C", "T", 
        NA)), .Names = c("", "")), class = "table"), All.Tags = list(
        Concordant = list(Freqs = structure(c(0, 0, 0, 0, 0, 
        0, 0, 0, 1, 0, 3, 98, 13, 216, 3, 0, 3, 46, 331, 2), .Dim = 5:4, .Dimnames = list(
            c("-3", "-2", "-1", "0", "1"), c("-", "A", "C", "T"
            ))), N = 716), Majority = list(Freqs = structure(c(0, 
        0, 0, 0, 0, 0, 0, 0, 1, 0, 3, 114, 13, 256, 3, 0, 3, 
        55, 392, 2), .Dim = 5:4, .Dimnames = list(c("-3", "-2", 
        "-1", "0", "1"), c("-", "A", "C", "T"))), N = 842)), 
    `2` = structure(c(0, 0, 0, 0, 0, 0, 0, 0, 1, 0, 0, 79, 0, 
    168, 1, 0, 2, 29, 258, 0), .Dim = 5:4, .Dimnames = list(c("-3", 
    "-2", "-1", "0", "1"), c("-", "A", "C", "T"))))))
