Results <-
list(`bwaOutput/20210421msiMNRsJenny/255811_S68.sam` = list(IM49_SNP1 = list(
    All = list(Freqs = structure(c(0L, 10L, 92L, 2444L, 56L, 
    1L, 14L, 2L, 34L, 621L, 1798L, 44L, 1L, 28L, 0L, 0L, 0L, 
    1L, 0L, 0L, 0L, 0L, 0L, 15L, 163L, 6L, 0L, 0L), .Dim = c(7L, 
    4L), .Dimnames = structure(list(c("-3", "-2", "-1", "0", 
    "1", "2", NA), c("C", "G", "T", NA)), .Names = c("", "")), class = "table"), 
        N = 5330L), Tag.Distribution = structure(c(`1` = 659L, 
    `2` = 417L, `3` = 242L, `4` = 201L, `5` = 120L, `6` = 96L, 
    `7` = 35L, `8` = 21L, `9` = 20L, `10` = 14L, `11` = 5L, `12` = 5L, 
    `13` = 3L, `14` = 2L, `15` = 1L, `16` = 1L), .Dim = 16L, .Dimnames = structure(list(
        c("1", "2", "3", "4", "5", "6", "7", "8", "9", "10", 
        "11", "12", "13", "14", "15", "16")), .Names = ""), class = "table"), 
    No.Tag = structure(c(0L, 0L, 5L, 81L, 1L, 0L, 0L, 0L, 3L, 
    26L, 56L, 1L, 0L, 0L, 0L, 0L, 0L, 0L, 0L, 0L, 0L, 0L, 0L, 
    2L, 10L, 0L, 0L, 0L), .Dim = c(7L, 4L), .Dimnames = structure(list(
        c("-3", "-2", "-1", "0", "1", "2", NA), c("C", "G", "T", 
        NA)), .Names = c("", "")), class = "table"), All.Tags = list(
        Concordant = list(Freqs = structure(c(0, 3, 15, 674, 
        7, 0, 1, 9, 163, 472, 6, 0, 0, 0, 0, 0, 0, 0), .Dim = c(6L, 
        3L), .Dimnames = list(c("-3", "-2", "-1", "0", "1", "2"
        ), c("C", "G", "T"))), N = 1350), Majority = list(Freqs = structure(c(0, 
        3, 19, 827, 8, 0, 1, 10, 193, 603, 7, 0, 0, 0, 0, 0, 
        0, 0), .Dim = c(6L, 3L), .Dimnames = list(c("-3", "-2", 
        "-1", "0", "1", "2"), c("C", "G", "T"))), N = 1671)), 
    `2` = structure(c(0, 0, 8, 537, 1, 0, 0, 6, 113, 380, 2, 
    0, 0, 0, 0, 0, 0, 0), .Dim = c(6L, 3L), .Dimnames = list(
        c("-3", "-2", "-1", "0", "1", "2"), c("C", "G", "T"))))))
