Results <-
list(`bwaOutput/20210421msiMNRsJenny/255809_S66.sam` = list(GM11_SNP1 = list(
    All = list(Freqs = structure(c(1L, 507L, 6883L, 22L, 4L, 
    0L, 0L, 3L, 0L, 0L, 0L, 1L, 60L, 0L, 0L), .Dim = c(5L, 3L
    ), .Dimnames = structure(list(c("-3", "-1", "0", "1", NA), 
        c("A", "G", NA)), .Names = c("", "")), class = "table"), 
        N = 7481L), Tag.Distribution = structure(c(`1` = 200L, 
    `2` = 101L, `3` = 116L, `4` = 71L, `5` = 82L, `6` = 63L, 
    `7` = 63L, `8` = 65L, `9` = 44L, `10` = 50L, `11` = 43L, 
    `12` = 24L, `13` = 24L, `14` = 29L, `15` = 18L, `16` = 15L, 
    `17` = 16L, `18` = 8L, `19` = 10L, `20` = 7L, `21` = 7L, 
    `22` = 6L, `23` = 4L, `24` = 5L, `26` = 1L, `27` = 1L, `28` = 2L, 
    `29` = 2L, `30` = 3L, `31` = 2L, `33` = 2L, `36` = 1L), .Dim = 32L, .Dimnames = structure(list(
        c("1", "2", "3", "4", "5", "6", "7", "8", "9", "10", 
        "11", "12", "13", "14", "15", "16", "17", "18", "19", 
        "20", "21", "22", "23", "24", "26", "27", "28", "29", 
        "30", "31", "33", "36")), .Names = ""), class = "table"), 
    No.Tag = structure(c(0L, 17L, 131L, 1L, 0L, 0L, 0L, 1L, 0L, 
    0L, 0L, 0L, 5L, 0L, 0L), .Dim = c(5L, 3L), .Dimnames = structure(list(
        c("-3", "-1", "0", "1", NA), c("A", "G", NA)), .Names = c("", 
    "")), class = "table"), All.Tags = list(Concordant = list(
        Freqs = structure(c(0, 54, 954, 3, 0, 0, 1, 0), .Dim = c(4L, 
        2L), .Dimnames = list(c("-3", "-1", "0", "1"), c("A", 
        "G"))), N = 1012), Majority = list(Freqs = structure(c(0, 
    64, 1005, 3, 0, 0, 1, 0), .Dim = c(4L, 2L), .Dimnames = list(
        c("-3", "-1", "0", "1"), c("A", "G"))), N = 1073)), `2` = structure(c(0, 
    54, 826, 1, 0, 0, 0, 0), .Dim = c(4L, 2L), .Dimnames = list(
        c("-3", "-1", "0", "1"), c("A", "G"))))))
