Results <-
list(`bwaOutput/20210421msiMNRsJenny/255809_S66.sam` = list(IM16_SNP1 = list(
    All = list(Freqs = structure(c(25L, 1334L, 3588L, 54L, 0L, 
    21L, 0L, 111L, 4649L, 546L, 32L, 15L, 0L, 0L, 1L, 0L, 0L, 
    0L, 1L, 11L, 94L, 32L, 7L, 0L), .Dim = c(6L, 4L), .Dimnames = structure(list(
        c("-2", "-1", "0", "1", "2", NA), c("A", "G", "T", NA
        )), .Names = c("", "")), class = "table"), N = 10521L), 
    Tag.Distribution = structure(c(`1` = 264L, `2` = 153L, `3` = 106L, 
    `4` = 131L, `5` = 100L, `6` = 113L, `7` = 69L, `8` = 81L, 
    `9` = 71L, `10` = 55L, `11` = 53L, `12` = 45L, `13` = 35L, 
    `14` = 32L, `15` = 25L, `16` = 30L, `17` = 18L, `18` = 22L, 
    `19` = 12L, `20` = 7L, `21` = 6L, `22` = 9L, `23` = 6L, `24` = 4L, 
    `25` = 3L, `26` = 2L, `27` = 6L, `28` = 5L, `29` = 3L, `30` = 1L, 
    `31` = 1L, `32` = 2L, `35` = 2L, `36` = 1L), .Dim = 34L, .Dimnames = structure(list(
        c("1", "2", "3", "4", "5", "6", "7", "8", "9", "10", 
        "11", "12", "13", "14", "15", "16", "17", "18", "19", 
        "20", "21", "22", "23", "24", "25", "26", "27", "28", 
        "29", "30", "31", "32", "35", "36")), .Names = ""), class = "table"), 
    No.Tag = structure(c(0L, 53L, 101L, 2L, 0L, 3L, 0L, 1L, 125L, 
    48L, 2L, 2L, 0L, 0L, 0L, 0L, 0L, 0L, 0L, 0L, 13L, 4L, 1L, 
    0L), .Dim = c(6L, 4L), .Dimnames = structure(list(c("-2", 
    "-1", "0", "1", "2", NA), c("A", "G", "T", NA)), .Names = c("", 
    "")), class = "table"), All.Tags = list(Concordant = list(
        Freqs = structure(c(2, 141, 395, 1, 0, 0, 11, 496, 45, 
        1, 0, 0, 0, 0, 0), .Dim = c(5L, 3L), .Dimnames = list(
            c("-2", "-1", "0", "1", "2"), c("A", "G", "T"))), 
        N = 1092), Majority = list(Freqs = structure(c(2, 185, 
    516, 2, 0, 0, 14, 630, 69, 2, 0, 0, 0, 0, 0), .Dim = c(5L, 
    3L), .Dimnames = list(c("-2", "-1", "0", "1", "2"), c("A", 
    "G", "T"))), N = 1420)), `2` = structure(c(2, 149, 424, 1, 
    0, 0, 10, 523, 61, 1, 0, 0, 0, 0, 0), .Dim = c(5L, 3L), .Dimnames = list(
        c("-2", "-1", "0", "1", "2"), c("A", "G", "T"))))))
