Results <-
list(`bwaOutput/20210421msiMNRsJenny/255809_S66.sam` = list(GM09_SNP1 = list(
    All = list(Freqs = structure(c(0L, 55L, 8421L, 11L, 2L, 1L, 
    156L, 9379L, 12L, 6L, 0L, 0L, 2L, 0L, 0L, 0L, 3L, 134L, 1L, 
    0L), .Dim = 5:4, .Dimnames = structure(list(c("-2", "-1", 
    "0", "1", NA), c("A", "G", "T", NA)), .Names = c("", "")), class = "table"), 
        N = 18183L), Tag.Distribution = structure(c(`1` = 318L, 
    `2` = 191L, `3` = 177L, `4` = 157L, `5` = 130L, `6` = 121L, 
    `7` = 108L, `8` = 113L, `9` = 88L, `10` = 74L, `11` = 73L, 
    `12` = 85L, `13` = 46L, `14` = 57L, `15` = 45L, `16` = 43L, 
    `17` = 29L, `18` = 30L, `19` = 28L, `20` = 16L, `21` = 18L, 
    `22` = 24L, `23` = 11L, `24` = 15L, `25` = 11L, `26` = 11L, 
    `27` = 13L, `28` = 6L, `29` = 8L, `30` = 11L, `31` = 7L, 
    `32` = 4L, `33` = 5L, `34` = 6L, `35` = 3L, `36` = 1L, `37` = 3L, 
    `39` = 2L, `40` = 2L, `41` = 3L, `42` = 3L, `45` = 2L, `52` = 1L, 
    `55` = 1L, `65` = 1L), .Dim = 45L, .Dimnames = structure(list(
        c("1", "2", "3", "4", "5", "6", "7", "8", "9", "10", 
        "11", "12", "13", "14", "15", "16", "17", "18", "19", 
        "20", "21", "22", "23", "24", "25", "26", "27", "28", 
        "29", "30", "31", "32", "33", "34", "35", "36", "37", 
        "39", "40", "41", "42", "45", "52", "55", "65")), .Names = ""), class = "table"), 
    No.Tag = structure(c(0L, 1L, 206L, 0L, 1L, 0L, 5L, 265L, 
    1L, 2L, 0L, 0L, 0L, 0L, 0L, 0L, 0L, 12L, 0L, 0L), .Dim = 5:4, .Dimnames = structure(list(
        c("-2", "-1", "0", "1", NA), c("A", "G", "T", NA)), .Names = c("", 
    "")), class = "table"), All.Tags = list(Concordant = list(
        Freqs = structure(c(0, 4, 681, 1, 0, 6, 795, 0, 0, 0, 
        0, 0), .Dim = 4:3, .Dimnames = list(c("-2", "-1", "0", 
        "1"), c("A", "G", "T"))), N = 1487), Majority = list(
        Freqs = structure(c(0, 5, 953, 1, 0, 12, 1074, 0, 0, 
        0, 0, 0), .Dim = 4:3, .Dimnames = list(c("-2", "-1", 
        "0", "1"), c("A", "G", "T"))), N = 2045)), `2` = structure(c(0, 
    3, 811, 0, 0, 8, 919, 0, 0, 0, 0, 0), .Dim = 4:3, .Dimnames = list(
        c("-2", "-1", "0", "1"), c("A", "G", "T"))))))
