Results <-
list(`bwaOutput/20210421msiMNRsJenny/255811_S68.sam` = list(GM17_SNP1 = list(
    All = list(Freqs = structure(c(2L, 532L, 6371L, 28L, 13L, 
    0L, 103L, 6757L, 25L, 6L, 0L, 11L, 459L, 2L, 0L), .Dim = c(5L, 
    3L), .Dimnames = structure(list(c("-2", "-1", "0", "1", NA
    ), c("C", "T", NA)), .Names = c("", "")), class = "table"), 
        N = 14309L), Tag.Distribution = structure(c(`1` = 537L, 
    `2` = 488L, `3` = 439L, `4` = 352L, `5` = 258L, `6` = 234L, 
    `7` = 161L, `8` = 128L, `9` = 105L, `10` = 79L, `11` = 60L, 
    `12` = 45L, `13` = 28L, `14` = 19L, `15` = 16L, `16` = 24L, 
    `17` = 6L, `18` = 8L, `19` = 3L, `20` = 6L, `21` = 2L, `22` = 2L, 
    `23` = 2L, `25` = 1L, `26` = 1L, `27` = 1L), .Dim = 26L, .Dimnames = structure(list(
        c("1", "2", "3", "4", "5", "6", "7", "8", "9", "10", 
        "11", "12", "13", "14", "15", "16", "17", "18", "19", 
        "20", "21", "22", "23", "25", "26", "27")), .Names = ""), class = "table"), 
    No.Tag = structure(c(0L, 17L, 204L, 1L, 2L, 0L, 2L, 160L, 
    0L, 0L, 0L, 1L, 17L, 0L, 0L), .Dim = c(5L, 3L), .Dimnames = structure(list(
        c("-2", "-1", "0", "1", NA), c("C", "T", NA)), .Names = c("", 
    "")), class = "table"), All.Tags = list(Concordant = list(
        Freqs = structure(c(0, 49, 794, 0, 0, 3, 840, 1), .Dim = c(4L, 
        2L), .Dimnames = list(c("-2", "-1", "0", "1"), c("C", 
        "T"))), N = 1687), Majority = list(Freqs = structure(c(0, 
    84, 1295, 1, 0, 5, 1365, 1), .Dim = c(4L, 2L), .Dimnames = list(
        c("-2", "-1", "0", "1"), c("C", "T"))), N = 2751)), `2` = structure(c(0, 
    63, 1061, 1, 0, 4, 1111, 0), .Dim = c(4L, 2L), .Dimnames = list(
        c("-2", "-1", "0", "1"), c("C", "T"))))))
