Results <-
list(`bwaOutput/20210421msiMNRsJenny/255809_S66.sam` = list(LR52_SNP1 = list(
    All = list(Freqs = structure(c(0L, 0L, 0L, 0L, 1L, 0L, 0L, 
    0L, 1L, 0L, 1L, 13L, 0L, 0L, 321L, 332L, 314L, 621L, 3073L, 
    39L, 65L, 0L, 2L, 1L, 14L, 196L, 1L, 0L), .Dim = c(7L, 4L
    ), .Dimnames = structure(list(c("-4", "-3", "-2", "-1", "0", 
    "1", NA), c("A", "C", "T", NA)), .Names = c("", "")), class = "table"), 
        N = 4995L), Tag.Distribution = structure(c(`1` = 143L, 
    `2` = 69L, `3` = 75L, `4` = 52L, `5` = 41L, `6` = 57L, `7` = 40L, 
    `8` = 45L, `9` = 43L, `10` = 39L, `11` = 36L, `12` = 26L, 
    `13` = 20L, `14` = 7L, `15` = 14L, `16` = 9L, `17` = 6L, 
    `18` = 8L, `19` = 5L, `20` = 6L, `21` = 3L, `22` = 1L, `23` = 2L, 
    `24` = 1L, `25` = 2L, `27` = 2L), .Dim = 26L, .Dimnames = structure(list(
        c("1", "2", "3", "4", "5", "6", "7", "8", "9", "10", 
        "11", "12", "13", "14", "15", "16", "17", "18", "19", 
        "20", "21", "22", "23", "24", "25", "27")), .Names = ""), class = "table"), 
    No.Tag = structure(c(0L, 0L, 0L, 0L, 0L, 0L, 0L, 0L, 0L, 
    0L, 0L, 1L, 0L, 0L, 21L, 9L, 2L, 16L, 107L, 2L, 7L, 0L, 0L, 
    0L, 1L, 11L, 0L, 0L), .Dim = c(7L, 4L), .Dimnames = structure(list(
        c("-4", "-3", "-2", "-1", "0", "1", NA), c("A", "C", 
        "T", NA)), .Names = c("", "")), class = "table"), All.Tags = list(
        Concordant = list(Freqs = structure(c(0, 0, 0, 0, 0, 
        0, 0, 0, 0, 0, 2, 0, 41, 30, 33, 37, 321, 1), .Dim = c(6L, 
        3L), .Dimnames = list(c("-4", "-3", "-2", "-1", "0", 
        "1"), c("A", "C", "T"))), N = 465), Majority = list(Freqs = structure(c(0, 
        0, 0, 0, 0, 0, 0, 0, 0, 0, 3, 0, 47, 37, 49, 59, 509, 
        2), .Dim = c(6L, 3L), .Dimnames = list(c("-4", "-3", 
        "-2", "-1", "0", "1"), c("A", "C", "T"))), N = 706)), 
    `2` = structure(c(0, 0, 0, 0, 0, 0, 0, 0, 0, 0, 1, 0, 37, 
    30, 41, 51, 420, 2), .Dim = c(6L, 3L), .Dimnames = list(c("-4", 
    "-3", "-2", "-1", "0", "1"), c("A", "C", "T"))))))
