Results <-
list(`bwaOutput/20210421msiMNRsJenny/255810_S67.sam` = list(IM16_SNP1 = list(
    All = list(Freqs = structure(c(0L, 0L, 0L, 6L, 0L, 0L, 0L, 
    0L, 0L, 0L, 1L, 0L, 0L, 0L, 1L, 28L, 1998L, 8283L, 118L, 
    3L, 32L, 0L, 0L, 0L, 4L, 0L, 0L, 0L, 0L, 0L, 10L, 145L, 12L, 
    0L, 0L), .Dim = c(7L, 5L), .Dimnames = structure(list(c("-3", 
    "-2", "-1", "0", "1", "2", NA), c("A", "C", "G", "T", NA)), .Names = c("", 
    "")), class = "table"), N = 10641L), Tag.Distribution = structure(c(`1` = 383L, 
    `2` = 292L, `3` = 240L, `4` = 207L, `5` = 171L, `6` = 144L, 
    `7` = 115L, `8` = 96L, `9` = 85L, `10` = 65L, `11` = 49L, 
    `12` = 40L, `13` = 29L, `14` = 20L, `15` = 12L, `16` = 17L, 
    `17` = 8L, `18` = 12L, `19` = 5L, `20` = 7L, `21` = 4L, `22` = 3L, 
    `23` = 2L, `24` = 2L, `25` = 5L, `26` = 1L, `37` = 1L), .Dim = 27L, .Dimnames = structure(list(
        c("1", "2", "3", "4", "5", "6", "7", "8", "9", "10", 
        "11", "12", "13", "14", "15", "16", "17", "18", "19", 
        "20", "21", "22", "23", "24", "25", "26", "37")), .Names = ""), class = "table"), 
    No.Tag = structure(c(0L, 0L, 0L, 0L, 0L, 0L, 0L, 0L, 0L, 
    0L, 0L, 0L, 0L, 0L, 1L, 1L, 32L, 218L, 3L, 0L, 3L, 0L, 0L, 
    0L, 0L, 0L, 0L, 0L, 0L, 0L, 2L, 9L, 3L, 0L, 0L), .Dim = c(7L, 
    5L), .Dimnames = structure(list(c("-3", "-2", "-1", "0", 
    "1", "2", NA), c("A", "C", "G", "T", NA)), .Names = c("", 
    "")), class = "table"), All.Tags = list(Concordant = list(
        Freqs = structure(c(0, 0, 0, 1, 0, 0, 0, 0, 0, 0, 0, 
        0, 0, 1, 258, 1334, 6, 0, 0, 0, 0, 0, 0, 0), .Dim = c(6L, 
        4L), .Dimnames = list(c("-3", "-2", "-1", "0", "1", "2"
        ), c("A", "C", "G", "T"))), N = 1600), Majority = list(
        Freqs = structure(c(0, 0, 0, 1, 0, 0, 0, 0, 0, 0, 0, 
        0, 0, 3, 356, 1598, 6, 0, 0, 0, 0, 0, 0, 0), .Dim = c(6L, 
        4L), .Dimnames = list(c("-3", "-2", "-1", "0", "1", "2"
        ), c("A", "C", "G", "T"))), N = 1964)), `2` = structure(c(0, 
    0, 0, 0, 0, 0, 0, 0, 0, 0, 0, 0, 0, 3, 285, 1306, 1, 0, 0, 
    0, 0, 0, 0, 0), .Dim = c(6L, 4L), .Dimnames = list(c("-3", 
    "-2", "-1", "0", "1", "2"), c("A", "C", "G", "T"))))))
