Results <-
list(`bwaOutput/20210421msiMNRsJenny/255810_S67.sam` = list(GM22_SNP1 = list(
    All = list(Freqs = structure(c(1L, 4L, 63L, 4631L, 1922L, 
    20L, 41L, 0L, 2L, 269L, 5759L, 25L, 0L, 11L, 0L, 1L, 7L, 
    261L, 24L, 2L, 0L), .Dim = c(7L, 3L), .Dimnames = structure(list(
        c("-3", "-2", "-1", "0", "1", "2", NA), c("A", "G", NA
        )), .Names = c("", "")), class = "table"), N = 13043L), 
    Tag.Distribution = structure(c(`1` = 412L, `2` = 315L, `3` = 292L, 
    `4` = 252L, `5` = 205L, `6` = 144L, `7` = 128L, `8` = 121L, 
    `9` = 106L, `10` = 67L, `11` = 63L, `12` = 54L, `13` = 42L, 
    `14` = 33L, `15` = 24L, `16` = 12L, `17` = 13L, `18` = 12L, 
    `19` = 12L, `20` = 10L, `21` = 4L, `22` = 3L, `23` = 3L, 
    `24` = 1L, `25` = 1L, `26` = 1L, `27` = 1L, `36` = 1L, `41` = 1L
    ), .Dim = 29L, .Dimnames = structure(list(c("1", "2", "3", 
    "4", "5", "6", "7", "8", "9", "10", "11", "12", "13", "14", 
    "15", "16", "17", "18", "19", "20", "21", "22", "23", "24", 
    "25", "26", "27", "36", "41")), .Names = ""), class = "table"), 
    No.Tag = structure(c(0L, 0L, 2L, 182L, 99L, 0L, 6L, 0L, 0L, 
    8L, 246L, 0L, 0L, 1L, 0L, 0L, 1L, 30L, 1L, 0L, 0L), .Dim = c(7L, 
    3L), .Dimnames = structure(list(c("-3", "-2", "-1", "0", 
    "1", "2", NA), c("A", "G", NA)), .Names = c("", "")), class = "table"), 
    All.Tags = list(Concordant = list(Freqs = structure(c(0, 
    1, 2, 560, 215, 1, 0, 0, 18, 754, 1, 0), .Dim = c(6L, 2L), .Dimnames = list(
        c("-3", "-2", "-1", "0", "1", "2"), c("A", "G"))), N = 1552), 
        Majority = list(Freqs = structure(c(0, 1, 2, 804, 318, 
        1, 0, 0, 28, 1058, 1, 0), .Dim = c(6L, 2L), .Dimnames = list(
            c("-3", "-2", "-1", "0", "1", "2"), c("A", "G"))), 
            N = 2213)), `2` = structure(c(0, 0, 0, 650, 263, 
    0, 0, 0, 23, 883, 0, 0), .Dim = c(6L, 2L), .Dimnames = list(
        c("-3", "-2", "-1", "0", "1", "2"), c("A", "G"))))))
