Results <-
list(`bwaOutput/20210421msiMNRsJenny/255810_S67.sam` = list(LR36_SNP1 = list(
    All = list(Freqs = structure(c(0L, 0L, 0L, 3L, 0L, 0L, 0L, 
    3L, 26L, 377L, 10065L, 110L, 1L, 120L, 0L, 0L, 0L, 1L, 0L, 
    0L, 0L, 0L, 0L, 0L, 4L, 0L, 0L, 1L, 0L, 1L, 5L, 289L, 4L, 
    0L, 0L), .Dim = c(7L, 5L), .Dimnames = structure(list(c("-3", 
    "-2", "-1", "0", "1", "2", NA), c("-", "A", "G", "T", NA)), .Names = c("", 
    "")), class = "table"), N = 11010L), Tag.Distribution = structure(c(`1` = 457L, 
    `2` = 328L, `3` = 243L, `4` = 213L, `5` = 185L, `6` = 155L, 
    `7` = 132L, `8` = 116L, `9` = 83L, `10` = 49L, `11` = 44L, 
    `12` = 39L, `13` = 25L, `14` = 20L, `15` = 17L, `16` = 20L, 
    `17` = 13L, `18` = 5L, `19` = 7L, `20` = 3L, `21` = 4L, `22` = 3L, 
    `23` = 1L, `24` = 2L, `25` = 2L, `26` = 2L, `27` = 1L, `28` = 1L
    ), .Dim = 28L, .Dimnames = structure(list(c("1", "2", "3", 
    "4", "5", "6", "7", "8", "9", "10", "11", "12", "13", "14", 
    "15", "16", "17", "18", "19", "20", "21", "22", "23", "24", 
    "25", "26", "27", "28")), .Names = ""), class = "table"), 
    No.Tag = structure(c(0L, 0L, 0L, 0L, 0L, 0L, 0L, 0L, 3L, 
    12L, 294L, 2L, 0L, 20L, 0L, 0L, 0L, 0L, 0L, 0L, 0L, 0L, 0L, 
    0L, 0L, 0L, 0L, 0L, 0L, 0L, 0L, 27L, 0L, 0L, 0L), .Dim = c(7L, 
    5L), .Dimnames = structure(list(c("-3", "-2", "-1", "0", 
    "1", "2", NA), c("-", "A", "G", "T", NA)), .Names = c("", 
    "")), class = "table"), All.Tags = list(Concordant = list(
        Freqs = structure(c(0, 0, 0, 0, 0, 0, 1, 5, 21, 1823, 
        1, 0, 0, 0, 0, 1, 0, 0, 0, 0, 0, 2, 0, 0), .Dim = c(6L, 
        4L), .Dimnames = list(c("-3", "-2", "-1", "0", "1", "2"
        ), c("-", "A", "G", "T"))), N = 1854), Majority = list(
        Freqs = structure(c(0, 0, 0, 0, 0, 0, 1, 5, 35, 2069, 
        1, 0, 0, 0, 0, 1, 0, 0, 0, 0, 0, 2, 0, 0), .Dim = c(6L, 
        4L), .Dimnames = list(c("-3", "-2", "-1", "0", "1", "2"
        ), c("-", "A", "G", "T"))), N = 2114)), `2` = structure(c(0, 
    0, 0, 0, 0, 0, 0, 0, 21, 1662, 0, 0, 0, 0, 0, 0, 0, 0, 0, 
    0, 0, 0, 0, 0), .Dim = c(6L, 4L), .Dimnames = list(c("-3", 
    "-2", "-1", "0", "1", "2"), c("-", "A", "G", "T"))))))
