Results <-
list(`bwaOutput/20210421msiMNRsJenny/255811_S68.sam` = list(LR49_SNP1 = list(
    All = list(Freqs = structure(c(39L, 5353L, 2L, 1L, 37L, 5380L, 
    3L, 12L, 0L, 2L, 0L, 0L, 1L, 141L, 0L, 0L), .Dim = c(4L, 
    4L), .Dimnames = structure(list(c("-1", "0", "1", NA), c("A", 
    "G", "T", NA)), .Names = c("", "")), class = "table"), N = 10971L), 
    Tag.Distribution = structure(c(`1` = 602L, `2` = 473L, `3` = 351L, 
    `4` = 282L, `5` = 216L, `6` = 171L, `7` = 137L, `8` = 93L, 
    `9` = 65L, `10` = 47L, `11` = 49L, `12` = 29L, `13` = 20L, 
    `14` = 15L, `15` = 17L, `16` = 6L, `17` = 2L, `18` = 5L, 
    `19` = 1L, `20` = 1L, `21` = 2L, `22` = 1L, `23` = 1L, `24` = 1L
    ), .Dim = 24L, .Dimnames = structure(list(c("1", "2", "3", 
    "4", "5", "6", "7", "8", "9", "10", "11", "12", "13", "14", 
    "15", "16", "17", "18", "19", "20", "21", "22", "23", "24"
    )), .Names = ""), class = "table"), No.Tag = structure(c(1L, 
    206L, 1L, 0L, 2L, 167L, 0L, 6L, 0L, 0L, 0L, 0L, 0L, 13L, 
    0L, 0L), .Dim = c(4L, 4L), .Dimnames = structure(list(c("-1", 
    "0", "1", NA), c("A", "G", "T", NA)), .Names = c("", "")), class = "table"), 
    All.Tags = list(Concordant = list(Freqs = structure(c(2, 
    787, 0, 1, 851, 0, 0, 0, 0), .Dim = c(3L, 3L), .Dimnames = list(
        c("-1", "0", "1"), c("A", "G", "T"))), N = 1641), Majority = list(
        Freqs = structure(c(6, 1186, 0, 2, 1206, 0, 0, 0, 0), .Dim = c(3L, 
        3L), .Dimnames = list(c("-1", "0", "1"), c("A", "G", 
        "T"))), N = 2400)), `2` = structure(c(4, 907, 0, 2, 896, 
    0, 0, 0, 0), .Dim = c(3L, 3L), .Dimnames = list(c("-1", "0", 
    "1"), c("A", "G", "T"))))))
