Results <-
list(`bwaOutput/20210421msiMNRsJenny/255809_S66.sam` = list(LR17_SNP1 = list(
    All = list(Freqs = structure(c(0L, 0L, 0L, 1L, 0L, 0L, 0L, 
    3L, 388L, 7949L, 15125L, 190L, 6L, 324L, 0L, 0L, 1L, 1L, 
    0L, 0L, 0L, 0L, 0L, 2L, 10L, 0L, 0L, 0L, 0L, 0L, 0L, 2L, 
    0L, 0L, 0L, 0L, 10L, 296L, 1108L, 7L, 0L, 0L), .Dim = 7:6, .Dimnames = structure(list(
        c("-3", "-2", "-1", "0", "1", "2", NA), c("-", "A", "C", 
        "G", "T", NA)), .Names = c("", "")), class = "table"), 
        N = 25423L), Tag.Distribution = structure(c(`1` = 420L, 
    `2` = 163L, `3` = 163L, `4` = 146L, `5` = 149L, `6` = 132L, 
    `7` = 139L, `8` = 114L, `9` = 148L, `10` = 120L, `11` = 93L, 
    `12` = 95L, `13` = 102L, `14` = 69L, `15` = 70L, `16` = 68L, 
    `17` = 52L, `18` = 53L, `19` = 37L, `20` = 58L, `21` = 26L, 
    `22` = 24L, `23` = 25L, `24` = 22L, `25` = 19L, `26` = 18L, 
    `27` = 8L, `28` = 13L, `29` = 16L, `30` = 7L, `31` = 6L, 
    `32` = 7L, `33` = 5L, `34` = 4L, `35` = 11L, `36` = 3L, `37` = 4L, 
    `38` = 2L, `39` = 4L, `40` = 4L, `41` = 1L, `42` = 1L, `43` = 2L, 
    `44` = 1L, `45` = 2L, `47` = 2L, `67` = 1L), .Dim = 47L, .Dimnames = structure(list(
        c("1", "2", "3", "4", "5", "6", "7", "8", "9", "10", 
        "11", "12", "13", "14", "15", "16", "17", "18", "19", 
        "20", "21", "22", "23", "24", "25", "26", "27", "28", 
        "29", "30", "31", "32", "33", "34", "35", "36", "37", 
        "38", "39", "40", "41", "42", "43", "44", "45", "47", 
        "67")), .Names = ""), class = "table"), No.Tag = structure(c(0L, 
    0L, 0L, 0L, 0L, 0L, 0L, 0L, 6L, 221L, 467L, 4L, 0L, 24L, 
    0L, 0L, 0L, 0L, 0L, 0L, 0L, 0L, 0L, 0L, 0L, 0L, 0L, 0L, 0L, 
    0L, 0L, 0L, 0L, 0L, 0L, 0L, 1L, 17L, 34L, 0L, 0L, 0L), .Dim = 7:6, .Dimnames = structure(list(
        c("-3", "-2", "-1", "0", "1", "2", NA), c("-", "A", "C", 
        "G", "T", NA)), .Names = c("", "")), class = "table"), 
    All.Tags = list(Concordant = list(Freqs = structure(c(0, 
    0, 0, 0, 0, 0, 0, 8, 432, 1069, 2, 0, 0, 0, 0, 0, 0, 0, 0, 
    0, 0, 0, 0, 0, 0, 0, 0, 0, 0, 0), .Dim = 6:5, .Dimnames = list(
        c("-3", "-2", "-1", "0", "1", "2"), c("-", "A", "C", 
        "G", "T"))), N = 1511), Majority = list(Freqs = structure(c(0, 
    0, 0, 0, 0, 0, 0, 21, 778, 1702, 3, 0, 0, 0, 0, 0, 0, 0, 
    0, 0, 0, 0, 0, 0, 0, 0, 0, 0, 0, 0), .Dim = 6:5, .Dimnames = list(
        c("-3", "-2", "-1", "0", "1", "2"), c("-", "A", "C", 
        "G", "T"))), N = 2504)), `2` = structure(c(0, 0, 0, 0, 
    0, 0, 0, 20, 687, 1431, 2, 0, 0, 0, 0, 0, 0, 0, 0, 0, 0, 
    0, 0, 0, 0, 0, 0, 0, 0, 0), .Dim = 6:5, .Dimnames = list(
        c("-3", "-2", "-1", "0", "1", "2"), c("-", "A", "C", 
        "G", "T"))))))
