Results <-
list(`bwaOutput/20210421msiMNRsJenny/255810_S67.sam` = list(LR10_SNP1 = list(
    All = list(Freqs = structure(c(11L, 1448L, 9433L, 65L, 1L, 
    38L, 0L, 1L, 21L, 0L, 0L, 0L, 0L, 9L, 154L, 0L, 0L, 0L), .Dim = c(6L, 
    3L), .Dimnames = structure(list(c("-2", "-1", "0", "1", "2", 
    NA), c("C", "T", NA)), .Names = c("", "")), class = "table"), 
        N = 11181L), Tag.Distribution = structure(c(`1` = 414L, 
    `2` = 277L, `3` = 234L, `4` = 203L, `5` = 176L, `6` = 158L, 
    `7` = 135L, `8` = 105L, `9` = 86L, `10` = 64L, `11` = 59L, 
    `12` = 37L, `13` = 26L, `14` = 24L, `15` = 25L, `16` = 19L, 
    `17` = 10L, `18` = 6L, `19` = 5L, `20` = 4L, `21` = 4L, `22` = 1L, 
    `23` = 4L, `24` = 2L, `26` = 2L, `28` = 1L, `30` = 1L, `31` = 1L, 
    `33` = 1L), .Dim = 29L, .Dimnames = structure(list(c("1", 
    "2", "3", "4", "5", "6", "7", "8", "9", "10", "11", "12", 
    "13", "14", "15", "16", "17", "18", "19", "20", "21", "22", 
    "23", "24", "26", "28", "30", "31", "33")), .Names = ""), class = "table"), 
    No.Tag = structure(c(0L, 42L, 291L, 4L, 0L, 2L, 0L, 0L, 0L, 
    0L, 0L, 0L, 0L, 0L, 14L, 0L, 0L, 0L), .Dim = c(6L, 3L), .Dimnames = structure(list(
        c("-2", "-1", "0", "1", "2", NA), c("C", "T", NA)), .Names = c("", 
    "")), class = "table"), All.Tags = list(Concordant = list(
        Freqs = structure(c(0, 168, 1533, 2, 0, 0, 0, 6, 0, 0
        ), .Dim = c(5L, 2L), .Dimnames = list(c("-2", "-1", "0", 
        "1", "2"), c("C", "T"))), N = 1709), Majority = list(
        Freqs = structure(c(0, 247, 1779, 3, 0, 0, 0, 6, 0, 0
        ), .Dim = c(5L, 2L), .Dimnames = list(c("-2", "-1", "0", 
        "1", "2"), c("C", "T"))), N = 2035)), `2` = structure(c(0, 
    195, 1433, 1, 0, 0, 0, 1, 0, 0), .Dim = c(5L, 2L), .Dimnames = list(
        c("-2", "-1", "0", "1", "2"), c("C", "T"))))))
