Results <-
list(`bwaOutput/20210421msiMNRsJenny/255809_S66.sam` = list(LR36_SNP1 = list(
    All = list(Freqs = structure(c(0L, 0L, 0L, 2L, 0L, 0L, 84L, 
    87L, 1216L, 4653L, 45L, 88L, 0L, 0L, 0L, 3L, 0L, 0L, 0L, 
    0L, 0L, 1L, 0L, 0L, 1L, 31L, 353L, 5208L, 41L, 65L, 0L, 0L, 
    24L, 550L, 9L, 0L), .Dim = c(6L, 6L), .Dimnames = structure(list(
        c("-3", "-2", "-1", "0", "1", NA), c("-", "A", "C", "G", 
        "T", NA)), .Names = c("", "")), class = "table"), N = 12461L), 
    Tag.Distribution = structure(c(`1` = 299L, `2` = 167L, `3` = 146L, 
    `4` = 149L, `5` = 122L, `6` = 109L, `7` = 92L, `8` = 94L, 
    `9` = 84L, `10` = 83L, `11` = 54L, `12` = 50L, `13` = 46L, 
    `14` = 44L, `15` = 33L, `16` = 38L, `17` = 17L, `18` = 21L, 
    `19` = 13L, `20` = 16L, `21` = 7L, `22` = 8L, `23` = 8L, 
    `24` = 5L, `25` = 5L, `26` = 3L, `27` = 1L, `28` = 3L, `29` = 2L, 
    `31` = 1L, `32` = 1L, `33` = 1L, `34` = 3L, `35` = 2L, `39` = 1L, 
    `41` = 1L, `43` = 1L, `50` = 1L), .Dim = 38L, .Dimnames = structure(list(
        c("1", "2", "3", "4", "5", "6", "7", "8", "9", "10", 
        "11", "12", "13", "14", "15", "16", "17", "18", "19", 
        "20", "21", "22", "23", "24", "25", "26", "27", "28", 
        "29", "31", "32", "33", "34", "35", "39", "41", "43", 
        "50")), .Names = ""), class = "table"), No.Tag = structure(c(0L, 
    0L, 0L, 0L, 0L, 0L, 0L, 1L, 31L, 144L, 3L, 7L, 0L, 0L, 0L, 
    0L, 0L, 0L, 0L, 0L, 0L, 0L, 0L, 0L, 0L, 0L, 4L, 139L, 0L, 
    3L, 0L, 0L, 0L, 31L, 0L, 0L), .Dim = c(6L, 6L), .Dimnames = structure(list(
        c("-3", "-2", "-1", "0", "1", NA), c("-", "A", "C", "G", 
        "T", NA)), .Names = c("", "")), class = "table"), All.Tags = list(
        Concordant = list(Freqs = structure(c(0, 0, 0, 0, 0, 
        12, 6, 98, 452, 3, 0, 0, 0, 0, 0, 0, 0, 0, 0, 0, 0, 4, 
        21, 570, 2), .Dim = c(5L, 5L), .Dimnames = list(c("-3", 
        "-2", "-1", "0", "1"), c("-", "A", "C", "G", "T"))), 
            N = 1168), Majority = list(Freqs = structure(c(0, 
        0, 0, 0, 0, 15, 8, 157, 642, 4, 0, 0, 0, 0, 0, 0, 0, 
        0, 0, 0, 0, 5, 33, 791, 2), .Dim = c(5L, 5L), .Dimnames = list(
            c("-3", "-2", "-1", "0", "1"), c("-", "A", "C", "G", 
            "T"))), N = 1657)), `2` = structure(c(0, 0, 0, 0, 
    0, 12, 4, 126, 534, 2, 0, 0, 0, 0, 0, 0, 0, 0, 0, 0, 0, 3, 
    31, 679, 1), .Dim = c(5L, 5L), .Dimnames = list(c("-3", "-2", 
    "-1", "0", "1"), c("-", "A", "C", "G", "T"))))))
