Results <-
list(`bwaOutput/20210421msiMNRsJenny/255810_S67.sam` = list(GM07_SNP1 = list(
    All = list(Freqs = structure(c(0L, 0L, 0L, 2L, 0L, 0L, 0L, 
    1L, 180L, 1690L, 2935L, 89L, 1L, 146L, 0L, 134L, 1508L, 2827L, 
    85L, 2L, 118L, 0L, 0L, 0L, 1L, 0L, 0L, 1L, 0L, 4L, 21L, 123L, 
    4L, 0L, 0L), .Dim = c(7L, 5L), .Dimnames = structure(list(
        c("-3", "-2", "-1", "0", "1", "2", NA), c("-", "A", "G", 
        "T", NA)), .Names = c("", "")), class = "table"), N = 9872L), 
    Tag.Distribution = structure(c(`1` = 413L, `2` = 294L, `3` = 252L, 
    `4` = 193L, `5` = 156L, `6` = 146L, `7` = 105L, `8` = 100L, 
    `9` = 77L, `10` = 50L, `11` = 36L, `12` = 39L, `13` = 21L, 
    `14` = 21L, `15` = 17L, `16` = 9L, `17` = 6L, `18` = 6L, 
    `19` = 7L, `20` = 4L, `21` = 6L, `22` = 3L, `24` = 1L, `25` = 1L, 
    `27` = 1L, `28` = 1L, `34` = 1L), .Dim = 27L, .Dimnames = structure(list(
        c("1", "2", "3", "4", "5", "6", "7", "8", "9", "10", 
        "11", "12", "13", "14", "15", "16", "17", "18", "19", 
        "20", "21", "22", "24", "25", "27", "28", "34")), .Names = ""), class = "table"), 
    No.Tag = structure(c(0L, 0L, 0L, 0L, 0L, 0L, 0L, 0L, 12L, 
    54L, 125L, 4L, 0L, 18L, 0L, 3L, 36L, 98L, 4L, 0L, 17L, 0L, 
    0L, 0L, 0L, 0L, 0L, 0L, 0L, 0L, 2L, 3L, 0L, 0L, 0L), .Dim = c(7L, 
    5L), .Dimnames = structure(list(c("-3", "-2", "-1", "0", 
    "1", "2", NA), c("-", "A", "G", "T", NA)), .Names = c("", 
    "")), class = "table"), All.Tags = list(Concordant = list(
        Freqs = structure(c(0, 0, 0, 0, 0, 0, 0, 12, 232, 371, 
        5, 0, 0, 17, 187, 360, 2, 0, 0, 0, 0, 0, 0, 0), .Dim = c(6L, 
        4L), .Dimnames = list(c("-3", "-2", "-1", "0", "1", "2"
        ), c("-", "A", "G", "T"))), N = 1186), Majority = list(
        Freqs = structure(c(0, 0, 0, 0, 0, 0, 0, 22, 332, 593, 
        5, 0, 0, 26, 278, 559, 3, 0, 0, 0, 0, 0, 0, 0), .Dim = c(6L, 
        4L), .Dimnames = list(c("-3", "-2", "-1", "0", "1", "2"
        ), c("-", "A", "G", "T"))), N = 1818)), `2` = structure(c(0, 
    0, 0, 0, 0, 0, 0, 19, 255, 470, 2, 0, 0, 19, 216, 454, 1, 
    0, 0, 0, 0, 0, 0, 0), .Dim = c(6L, 4L), .Dimnames = list(
        c("-3", "-2", "-1", "0", "1", "2"), c("-", "A", "G", 
        "T"))))))
