Results <-
list(`bwaOutput/20210421msiMNRsJenny/255811_S68.sam` = list(GM09_SNP1 = list(
    All = list(Freqs = structure(c(0L, 14L, 0L, 0L, 0L, 1L, 0L, 
    0L, 120L, 15129L, 35L, 7L, 0L, 2L, 0L, 0L, 1L, 106L, 0L, 
    0L), .Dim = 4:5, .Dimnames = structure(list(c("-1", "0", 
    "1", NA), c("A", "C", "G", "T", NA)), .Names = c("", "")), class = "table"), 
        N = 15415L), Tag.Distribution = structure(c(`1` = 537L, 
    `2` = 425L, `3` = 390L, `4` = 296L, `5` = 265L, `6` = 190L, 
    `7` = 165L, `8` = 140L, `9` = 92L, `10` = 92L, `11` = 59L, 
    `12` = 54L, `13` = 32L, `14` = 17L, `15` = 29L, `16` = 22L, 
    `17` = 14L, `18` = 12L, `19` = 16L, `20` = 6L, `21` = 9L, 
    `22` = 6L, `23` = 3L, `24` = 3L, `25` = 4L, `26` = 2L, `27` = 1L, 
    `28` = 3L, `30` = 1L, `31` = 1L, `32` = 1L, `33` = 1L, `34` = 1L, 
    `35` = 1L, `37` = 1L, `38` = 2L, `60` = 1L), .Dim = 37L, .Dimnames = structure(list(
        c("1", "2", "3", "4", "5", "6", "7", "8", "9", "10", 
        "11", "12", "13", "14", "15", "16", "17", "18", "19", 
        "20", "21", "22", "23", "24", "25", "26", "27", "28", 
        "30", "31", "32", "33", "34", "35", "37", "38", "60")), .Names = ""), class = "table"), 
    No.Tag = structure(c(0L, 2L, 0L, 0L, 0L, 0L, 0L, 0L, 5L, 
    457L, 2L, 2L, 0L, 0L, 0L, 0L, 0L, 9L, 0L, 0L), .Dim = 4:5, .Dimnames = structure(list(
        c("-1", "0", "1", NA), c("A", "C", "G", "T", NA)), .Names = c("", 
    "")), class = "table"), All.Tags = list(Concordant = list(
        Freqs = structure(c(0, 2, 0, 0, 0, 0, 5, 2755, 4, 0, 
        0, 0), .Dim = 3:4, .Dimnames = list(c("-1", "0", "1"), 
            c("A", "C", "G", "T"))), N = 2766), Majority = list(
        Freqs = structure(c(0, 2, 0, 0, 0, 0, 8, 2863, 4, 0, 
        0, 0), .Dim = 3:4, .Dimnames = list(c("-1", "0", "1"), 
            c("A", "C", "G", "T"))), N = 2877)), `2` = structure(c(0, 
    0, 0, 0, 0, 0, 8, 2342, 1, 0, 0, 0), .Dim = 3:4, .Dimnames = list(
        c("-1", "0", "1"), c("A", "C", "G", "T"))))))
