Results <-
list(`bwaOutput/20210421msiMNRsJenny/255811_S68.sam` = list(LR36_SNP1 = list(
    All = list(Freqs = structure(c(0L, 1L, 0L, 7L, 180L, 5424L, 
    65L, 0L, 66L, 0L, 0L, 0L, 0L, 0L, 2L, 0L, 0L, 0L, 2L, 1116L, 
    4L, 9L, 84L, 4118L, 32L, 1L, 81L, 0L, 11L, 1L, 0L, 11L, 524L, 
    6L, 0L, 0L), .Dim = c(9L, 4L), .Dimnames = structure(list(
        c("-5", "-4", "-3", "-2", "-1", "0", "1", "2", NA), c("A", 
        "G", "T", NA)), .Names = c("", "")), class = "table"), 
        N = 11745L), Tag.Distribution = structure(c(`1` = 648L, 
    `2` = 507L, `3` = 427L, `4` = 264L, `5` = 251L, `6` = 199L, 
    `7` = 150L, `8` = 92L, `9` = 70L, `10` = 48L, `11` = 39L, 
    `12` = 29L, `13` = 24L, `14` = 9L, `15` = 8L, `16` = 7L, 
    `17` = 6L, `18` = 5L, `19` = 3L, `20` = 4L, `21` = 1L, `23` = 1L, 
    `24` = 2L, `26` = 1L), .Dim = 24L, .Dimnames = structure(list(
        c("1", "2", "3", "4", "5", "6", "7", "8", "9", "10", 
        "11", "12", "13", "14", "15", "16", "17", "18", "19", 
        "20", "21", "23", "24", "26")), .Names = ""), class = "table"), 
    No.Tag = structure(c(0L, 0L, 0L, 1L, 7L, 204L, 6L, 0L, 12L, 
    0L, 0L, 0L, 0L, 0L, 0L, 0L, 0L, 0L, 0L, 28L, 0L, 0L, 2L, 
    181L, 2L, 0L, 10L, 0L, 0L, 0L, 0L, 1L, 52L, 1L, 0L, 0L), .Dim = c(9L, 
    4L), .Dimnames = structure(list(c("-5", "-4", "-3", "-2", 
    "-1", "0", "1", "2", NA), c("A", "G", "T", NA)), .Names = c("", 
    "")), class = "table"), All.Tags = list(Concordant = list(
        Freqs = structure(c(0, 0, 0, 2, 14, 849, 3, 0, 0, 0, 
        0, 0, 0, 0, 0, 0, 0, 137, 0, 0, 5, 651, 2, 0), .Dim = c(8L, 
        3L), .Dimnames = list(c("-5", "-4", "-3", "-2", "-1", 
        "0", "1", "2"), c("A", "G", "T"))), N = 1663), Majority = list(
        Freqs = structure(c(0, 0, 0, 2, 18, 1307, 3, 0, 0, 0, 
        0, 0, 0, 0, 0, 0, 0, 229, 0, 0, 5, 963, 2, 0), .Dim = c(8L, 
        3L), .Dimnames = list(c("-5", "-4", "-3", "-2", "-1", 
        "0", "1", "2"), c("A", "G", "T"))), N = 2529)), `2` = structure(c(0, 
    0, 0, 0, 8, 999, 1, 0, 0, 0, 0, 0, 0, 0, 0, 0, 0, 180, 0, 
    0, 1, 732, 2, 0), .Dim = c(8L, 3L), .Dimnames = list(c("-5", 
    "-4", "-3", "-2", "-1", "0", "1", "2"), c("A", "G", "T"))))))
