Results <-
list(`bwaOutput/20210421msiMNRsJenny/255809_S66.sam` = list(GM07_SNP1 = list(
    All = list(Freqs = structure(c(774L, 525L, 1865L, 3960L, 
    117L, 4L, 152L, 0L, 0L, 1L, 0L, 0L, 0L, 0L, 0L, 0L, 0L, 7L, 
    0L, 0L, 2L, 0L, 0L, 0L, 1L, 0L, 0L, 0L, 4L, 3L, 13L, 67L, 
    2L, 0L, 0L), .Dim = c(7L, 5L), .Dimnames = structure(list(
        c("-3", "-2", "-1", "0", "1", "2", NA), c("A", "C", "G", 
        "T", NA)), .Names = c("", "")), class = "table"), N = 7497L), 
    Tag.Distribution = structure(c(`1` = 220L, `2` = 107L, `3` = 105L, 
    `4` = 97L, `5` = 79L, `6` = 73L, `7` = 62L, `8` = 53L, `9` = 72L, 
    `10` = 50L, `11` = 42L, `12` = 30L, `13` = 18L, `14` = 34L, 
    `15` = 19L, `16` = 17L, `17` = 14L, `18` = 7L, `19` = 6L, 
    `20` = 9L, `21` = 7L, `22` = 2L, `23` = 5L, `24` = 2L, `25` = 1L, 
    `27` = 2L, `36` = 1L, `39` = 1L, `40` = 1L), .Dim = 29L, .Dimnames = structure(list(
        c("1", "2", "3", "4", "5", "6", "7", "8", "9", "10", 
        "11", "12", "13", "14", "15", "16", "17", "18", "19", 
        "20", "21", "22", "23", "24", "25", "27", "36", "39", 
        "40")), .Names = ""), class = "table"), No.Tag = structure(c(11L, 
    16L, 42L, 121L, 6L, 0L, 20L, 0L, 0L, 0L, 0L, 0L, 0L, 0L, 
    0L, 0L, 0L, 2L, 0L, 0L, 1L, 0L, 0L, 0L, 1L, 0L, 0L, 0L, 0L, 
    0L, 2L, 4L, 0L, 0L, 0L), .Dim = c(7L, 5L), .Dimnames = structure(list(
        c("-3", "-2", "-1", "0", "1", "2", NA), c("A", "C", "G", 
        "T", NA)), .Names = c("", "")), class = "table"), All.Tags = list(
        Concordant = list(Freqs = structure(c(99, 50, 211, 439, 
        3, 0, 0, 0, 0, 0, 0, 0, 0, 0, 0, 3, 0, 0, 0, 0, 0, 0, 
        0, 0), .Dim = c(6L, 4L), .Dimnames = list(c("-3", "-2", 
        "-1", "0", "1", "2"), c("A", "C", "G", "T"))), N = 805), 
        Majority = list(Freqs = structure(c(113, 67, 274, 631, 
        3, 0, 0, 0, 0, 0, 0, 0, 0, 0, 0, 3, 0, 0, 0, 0, 0, 0, 
        0, 0), .Dim = c(6L, 4L), .Dimnames = list(c("-3", "-2", 
        "-1", "0", "1", "2"), c("A", "C", "G", "T"))), N = 1091)), 
    `2` = structure(c(94, 61, 224, 508, 1, 0, 0, 0, 0, 0, 0, 
    0, 0, 0, 0, 0, 0, 0, 0, 0, 0, 0, 0, 0), .Dim = c(6L, 4L), .Dimnames = list(
        c("-3", "-2", "-1", "0", "1", "2"), c("A", "C", "G", 
        "T"))))))
