Results <-
list(`bwaOutput/20210421msiMNRsJenny/255809_S66.sam` = list(LR24_SNP1 = list(
    All = list(Freqs = structure(c(2L, 30L, 0L, 0L, 847L, 8032L, 
    16L, 11L, 2L, 57L, 0L, 0L), .Dim = 4:3, .Dimnames = structure(list(
        c("-1", "0", "1", NA), c("A", "G", NA)), .Names = c("", 
    "")), class = "table"), N = 8997L), Tag.Distribution = structure(c(`1` = 415L, 
    `2` = 248L, `3` = 198L, `4` = 184L, `5` = 172L, `6` = 111L, 
    `7` = 105L, `8` = 89L, `9` = 65L, `10` = 31L, `11` = 36L, 
    `12` = 27L, `13` = 23L, `14` = 17L, `15` = 15L, `16` = 15L, 
    `17` = 8L, `18` = 3L, `19` = 7L, `20` = 5L, `21` = 4L, `22` = 4L, 
    `24` = 2L, `25` = 3L, `26` = 2L, `28` = 1L, `32` = 1L, `34` = 1L
    ), .Dim = 28L, .Dimnames = structure(list(c("1", "2", "3", 
    "4", "5", "6", "7", "8", "9", "10", "11", "12", "13", "14", 
    "15", "16", "17", "18", "19", "20", "21", "22", "24", "25", 
    "26", "28", "32", "34")), .Names = ""), class = "table"), 
    No.Tag = structure(c(0L, 1L, 0L, 0L, 24L, 273L, 1L, 0L, 0L, 
    3L, 0L, 0L), .Dim = 4:3, .Dimnames = structure(list(c("-1", 
    "0", "1", NA), c("A", "G", NA)), .Names = c("", "")), class = "table"), 
    All.Tags = list(Concordant = list(Freqs = structure(c(1, 
    9, 0, 106, 1497, 2), .Dim = 3:2, .Dimnames = list(c("-1", 
    "0", "1"), c("A", "G"))), N = 1615), Majority = list(Freqs = structure(c(1, 
    10, 0, 144, 1610, 2), .Dim = 3:2, .Dimnames = list(c("-1", 
    "0", "1"), c("A", "G"))), N = 1767)), `2` = structure(c(0, 
    2, 0, 109, 1246, 0), .Dim = 3:2, .Dimnames = list(c("-1", 
    "0", "1"), c("A", "G"))))))
