Results <-
list(`bwaOutput/20210421msiMNRsJenny/255811_S68.sam` = list(GM07_SNP1 = list(
    All = list(Freqs = structure(c(0L, 0L, 0L, 8L, 0L, 0L, 1L, 
    9L, 1296L, 1325L, 6381L, 207L, 2L, 197L, 0L, 8L, 14L, 144L, 
    2L, 0L, 0L), .Dim = c(7L, 3L), .Dimnames = structure(list(
        c("-3", "-2", "-1", "0", "1", "2", NA), c("A", "G", NA
        )), .Names = c("", "")), class = "table"), N = 9594L), 
    Tag.Distribution = structure(c(`1` = 642L, `2` = 431L, `3` = 373L, 
    `4` = 296L, `5` = 208L, `6` = 162L, `7` = 104L, `8` = 91L, 
    `9` = 55L, `10` = 38L, `11` = 23L, `12` = 17L, `13` = 11L, 
    `14` = 9L, `15` = 5L, `16` = 4L, `17` = 5L, `18` = 1L, `19` = 4L, 
    `20` = 1L, `25` = 1L), .Dim = 21L, .Dimnames = structure(list(
        c("1", "2", "3", "4", "5", "6", "7", "8", "9", "10", 
        "11", "12", "13", "14", "15", "16", "17", "18", "19", 
        "20", "25")), .Names = ""), class = "table"), No.Tag = structure(c(0L, 
    0L, 0L, 1L, 0L, 0L, 0L, 0L, 22L, 29L, 239L, 7L, 1L, 33L, 
    0L, 0L, 0L, 22L, 1L, 0L, 0L), .Dim = c(7L, 3L), .Dimnames = structure(list(
        c("-3", "-2", "-1", "0", "1", "2", NA), c("A", "G", NA
        )), .Names = c("", "")), class = "table"), All.Tags = list(
        Concordant = list(Freqs = structure(c(0, 0, 0, 3, 0, 
        0, 1, 173, 177, 1249, 17, 0), .Dim = c(6L, 2L), .Dimnames = list(
            c("-3", "-2", "-1", "0", "1", "2"), c("A", "G"))), 
            N = 1620), Majority = list(Freqs = structure(c(0, 
        0, 0, 3, 0, 0, 2, 284, 275, 1710, 20, 0), .Dim = c(6L, 
        2L), .Dimnames = list(c("-3", "-2", "-1", "0", "1", "2"
        ), c("A", "G"))), N = 2294)), `2` = structure(c(0, 0, 
    0, 0, 0, 0, 2, 212, 180, 1278, 4, 0), .Dim = c(6L, 2L), .Dimnames = list(
        c("-3", "-2", "-1", "0", "1", "2"), c("A", "G"))))))
