Results <-
list(`bwaOutput/20210421msiMNRsJenny/255811_S68.sam` = list(LR52_SNP1 = list(
    All = list(Freqs = structure(c(0L, 0L, 0L, 0L, 1L, 1L, 0L, 
    0L, 0L, 0L, 0L, 1L, 6L, 4L, 6L, 0L, 0L, 1L, 8L, 337L, 144L, 
    717L, 1135L, 5806L, 68L, 1L, 111L, 0L, 0L, 0L, 9L, 22L, 394L, 
    4L, 0L, 0L), .Dim = c(9L, 4L), .Dimnames = structure(list(
        c("-5", "-4", "-3", "-2", "-1", "0", "1", "2", NA), c("A", 
        "C", "T", NA)), .Names = c("", "")), class = "table"), 
        N = 8776L), Tag.Distribution = structure(c(`1` = 544L, 
    `2` = 501L, `3` = 379L, `4` = 259L, `5` = 207L, `6` = 141L, 
    `7` = 94L, `8` = 78L, `9` = 47L, `10` = 47L, `11` = 21L, 
    `12` = 8L, `13` = 8L, `14` = 9L, `15` = 2L, `16` = 4L, `17` = 2L, 
    `18` = 1L, `19` = 1L, `25` = 1L), .Dim = 20L, .Dimnames = structure(list(
        c("1", "2", "3", "4", "5", "6", "7", "8", "9", "10", 
        "11", "12", "13", "14", "15", "16", "17", "18", "19", 
        "25")), .Names = ""), class = "table"), No.Tag = structure(c(0L, 
    0L, 0L, 0L, 0L, 0L, 0L, 0L, 0L, 0L, 0L, 0L, 0L, 0L, 1L, 0L, 
    0L, 0L, 0L, 8L, 4L, 36L, 21L, 155L, 2L, 0L, 8L, 0L, 0L, 0L, 
    1L, 2L, 16L, 0L, 0L, 0L), .Dim = c(9L, 4L), .Dimnames = structure(list(
        c("-5", "-4", "-3", "-2", "-1", "0", "1", "2", NA), c("A", 
        "C", "T", NA)), .Names = c("", "")), class = "table"), 
    All.Tags = list(Concordant = list(Freqs = structure(c(0, 
    0, 0, 0, 0, 0, 0, 0, 0, 0, 0, 0, 0, 0, 0, 0, 1, 53, 18, 95, 
    138, 1208, 9, 0), .Dim = c(8L, 3L), .Dimnames = list(c("-5", 
    "-4", "-3", "-2", "-1", "0", "1", "2"), c("A", "C", "T"))), 
        N = 1522), Majority = list(Freqs = structure(c(0, 0, 
    0, 0, 0, 0, 0, 0, 0, 0, 0, 1, 0, 1, 0, 0, 1, 72, 27, 154, 
    217, 1637, 9, 0), .Dim = c(8L, 3L), .Dimnames = list(c("-5", 
    "-4", "-3", "-2", "-1", "0", "1", "2"), c("A", "C", "T"))), 
        N = 2119)), `2` = structure(c(0, 0, 0, 0, 0, 0, 0, 0, 
    0, 0, 0, 1, 0, 1, 0, 0, 1, 54, 15, 114, 146, 1281, 1, 0), .Dim = c(8L, 
    3L), .Dimnames = list(c("-5", "-4", "-3", "-2", "-1", "0", 
    "1", "2"), c("A", "C", "T"))))))
