Results <-
list(`bwaOutput/20210421msiMNRsJenny/255810_S67.sam` = list(IM49_SNP1 = list(
    All = list(Freqs = structure(c(0L, 0L, 0L, 1L, 0L, 0L, 0L, 
    13L, 1853L, 534L, 3940L, 75L, 2L, 85L, 0L, 1L, 0L, 7L, 1L, 
    0L, 0L, 1L, 8L, 5L, 100L, 2L, 0L, 0L), .Dim = c(7L, 4L), .Dimnames = structure(list(
        c("-3", "-2", "-1", "0", "1", "2", NA), c("A", "C", "G", 
        NA)), .Names = c("", "")), class = "table"), N = 6628L), 
    Tag.Distribution = structure(c(`1` = 424L, `2` = 281L, `3` = 210L, 
    `4` = 181L, `5` = 130L, `6` = 113L, `7` = 86L, `8` = 65L, 
    `9` = 36L, `10` = 40L, `11` = 23L, `12` = 15L, `13` = 11L, 
    `14` = 5L, `15` = 6L, `16` = 3L, `17` = 1L, `18` = 1L, `19` = 1L, 
    `20` = 1L, `21` = 2L, `23` = 1L), .Dim = 22L, .Dimnames = structure(list(
        c("1", "2", "3", "4", "5", "6", "7", "8", "9", "10", 
        "11", "12", "13", "14", "15", "16", "17", "18", "19", 
        "20", "21", "23")), .Names = ""), class = "table"), No.Tag = structure(c(0L, 
    0L, 0L, 0L, 0L, 0L, 0L, 0L, 37L, 11L, 129L, 1L, 0L, 3L, 0L, 
    0L, 0L, 1L, 0L, 0L, 0L, 0L, 0L, 1L, 7L, 1L, 0L, 0L), .Dim = c(7L, 
    4L), .Dimnames = structure(list(c("-3", "-2", "-1", "0", 
    "1", "2", NA), c("A", "C", "G", NA)), .Names = c("", "")), class = "table"), 
    All.Tags = list(Concordant = list(Freqs = structure(c(0, 
    0, 0, 0, 0, 0, 4, 375, 89, 759, 3, 0, 0, 1, 0, 3, 0, 0), .Dim = c(6L, 
    3L), .Dimnames = list(c("-3", "-2", "-1", "0", "1", "2"), 
        c("A", "C", "G"))), N = 1234), Majority = list(Freqs = structure(c(0, 
    0, 0, 0, 0, 0, 4, 458, 118, 961, 3, 0, 0, 1, 0, 3, 0, 0), .Dim = c(6L, 
    3L), .Dimnames = list(c("-3", "-2", "-1", "0", "1", "2"), 
        c("A", "C", "G"))), N = 1548)), `2` = structure(c(0, 
    0, 0, 0, 0, 0, 2, 335, 75, 732, 0, 0, 0, 0, 0, 2, 0, 0), .Dim = c(6L, 
    3L), .Dimnames = list(c("-3", "-2", "-1", "0", "1", "2"), 
        c("A", "C", "G"))))))
