Results <-
list(`bwaOutput/20210421msiMNRsJenny/255811_S68.sam` = list(LR11_SNP1 = list(
    All = list(Freqs = structure(c(0L, 0L, 9L, 0L, 0L, 0L, 13L, 
    262L, 11369L, 86L, 2L, 34L, 0L, 21L, 524L, 9L, 0L, 0L), .Dim = c(6L, 
    3L), .Dimnames = structure(list(c("-2", "-1", "0", "1", "2", 
    NA), c("A", "C", NA)), .Names = c("", "")), class = "table"), 
        N = 12329L), Tag.Distribution = structure(c(`1` = 592L, 
    `2` = 526L, `3` = 381L, `4` = 330L, `5` = 257L, `6` = 226L, 
    `7` = 154L, `8` = 127L, `9` = 71L, `10` = 51L, `11` = 36L, 
    `12` = 30L, `13` = 14L, `14` = 23L, `15` = 15L, `16` = 10L, 
    `17` = 5L, `18` = 8L, `19` = 4L, `20` = 1L, `22` = 2L, `23` = 1L, 
    `24` = 1L), .Dim = 23L, .Dimnames = structure(list(c("1", 
    "2", "3", "4", "5", "6", "7", "8", "9", "10", "11", "12", 
    "13", "14", "15", "16", "17", "18", "19", "20", "22", "23", 
    "24")), .Names = ""), class = "table"), No.Tag = structure(c(0L, 
    0L, 0L, 0L, 0L, 0L, 0L, 8L, 249L, 2L, 0L, 3L, 0L, 0L, 15L, 
    0L, 0L, 0L), .Dim = c(6L, 3L), .Dimnames = structure(list(
        c("-2", "-1", "0", "1", "2", NA), c("A", "C", NA)), .Names = c("", 
    "")), class = "table"), All.Tags = list(Concordant = list(
        Freqs = structure(c(0, 0, 4, 0, 0, 1, 15, 2508, 7, 0), .Dim = c(5L, 
        2L), .Dimnames = list(c("-2", "-1", "0", "1", "2"), c("A", 
        "C"))), N = 2535), Majority = list(Freqs = structure(c(0, 
    0, 4, 0, 0, 1, 17, 2766, 7, 0), .Dim = c(5L, 2L), .Dimnames = list(
        c("-2", "-1", "0", "1", "2"), c("A", "C"))), N = 2795)), 
    `2` = structure(c(0, 0, 0, 0, 0, 0, 8, 2228, 0, 0), .Dim = c(5L, 
    2L), .Dimnames = list(c("-2", "-1", "0", "1", "2"), c("A", 
    "C"))))))
