Results <-
list(`bwaOutput/20210421msiMNRsJenny/255809_S66.sam` = list(LR48_SNP1 = list(
    All = list(Freqs = structure(c(0L, 0L, 1L, 10L, 0L, 0L, 0L, 
    4L, 517L, 1558L, 5886L, 662L, 12L, 78L, 0L, 0L, 1L, 5L, 0L, 
    0L, 0L, 0L, 8L, 10L, 142L, 11L, 0L, 0L), .Dim = c(7L, 4L), .Dimnames = structure(list(
        c("-3", "-2", "-1", "0", "1", "2", NA), c("A", "C", "T", 
        NA)), .Names = c("", "")), class = "table"), N = 8905L), 
    Tag.Distribution = structure(c(`1` = 188L, `2` = 91L, `3` = 83L, 
    `4` = 76L, `5` = 77L, `6` = 62L, `7` = 54L, `8` = 61L, `9` = 42L, 
    `10` = 46L, `11` = 43L, `12` = 33L, `13` = 26L, `14` = 44L, 
    `15` = 37L, `16` = 27L, `17` = 13L, `18` = 16L, `19` = 15L, 
    `20` = 7L, `21` = 13L, `22` = 12L, `23` = 5L, `24` = 1L, 
    `25` = 4L, `26` = 4L, `27` = 2L, `28` = 2L, `29` = 2L, `30` = 1L, 
    `31` = 2L, `32` = 1L, `33` = 2L, `35` = 1L, `37` = 1L, `39` = 2L, 
    `40` = 3L, `41` = 1L), .Dim = 38L, .Dimnames = structure(list(
        c("1", "2", "3", "4", "5", "6", "7", "8", "9", "10", 
        "11", "12", "13", "14", "15", "16", "17", "18", "19", 
        "20", "21", "22", "23", "24", "25", "26", "27", "28", 
        "29", "30", "31", "32", "33", "35", "37", "39", "40", 
        "41")), .Names = ""), class = "table"), No.Tag = structure(c(0L, 
    0L, 0L, 0L, 0L, 0L, 0L, 0L, 28L, 21L, 146L, 8L, 0L, 4L, 0L, 
    0L, 0L, 0L, 0L, 0L, 0L, 0L, 2L, 1L, 17L, 1L, 0L, 0L), .Dim = c(7L, 
    4L), .Dimnames = structure(list(c("-3", "-2", "-1", "0", 
    "1", "2", NA), c("A", "C", "T", NA)), .Names = c("", "")), class = "table"), 
    All.Tags = list(Concordant = list(Freqs = structure(c(0, 
    0, 0, 0, 0, 0, 0, 43, 135, 559, 48, 0, 0, 0, 1, 4, 0, 0), .Dim = c(6L, 
    3L), .Dimnames = list(c("-3", "-2", "-1", "0", "1", "2"), 
        c("A", "C", "T"))), N = 790), Majority = list(Freqs = structure(c(0, 
    0, 0, 1, 0, 0, 0, 57, 175, 754, 75, 0, 0, 0, 1, 4, 0, 0), .Dim = c(6L, 
    3L), .Dimnames = list(c("-3", "-2", "-1", "0", "1", "2"), 
        c("A", "C", "T"))), N = 1067)), `2` = structure(c(0, 
    0, 0, 1, 0, 0, 0, 44, 148, 640, 59, 0, 0, 0, 0, 0, 0, 0), .Dim = c(6L, 
    3L), .Dimnames = list(c("-3", "-2", "-1", "0", "1", "2"), 
        c("A", "C", "T"))))))
