Results <-
list(`bwaOutput/20210421msiMNRsJenny/255810_S67.sam` = list(LR11_SNP1 = list(
    All = list(Freqs = structure(c(1L, 1L, 5L, 0L, 0L, 28L, 2157L, 
    8720L, 75L, 53L, 0L, 0L, 1L, 0L, 0L, 0L, 1L, 1L, 0L, 1L, 
    1L, 79L, 371L, 7L, 0L), .Dim = c(5L, 5L), .Dimnames = structure(list(
        c("-2", "-1", "0", "1", NA), c("A", "C", "G", "T", NA
        )), .Names = c("", "")), class = "table"), N = 11502L), 
    Tag.Distribution = structure(c(`1` = 385L, `2` = 322L, `3` = 246L, 
    `4` = 243L, `5` = 182L, `6` = 175L, `7` = 135L, `8` = 95L, 
    `9` = 77L, `10` = 74L, `11` = 52L, `12` = 51L, `13` = 35L, 
    `14` = 20L, `15` = 15L, `16` = 19L, `17` = 8L, `18` = 9L, 
    `19` = 6L, `20` = 5L, `21` = 5L, `22` = 5L, `23` = 2L, `24` = 3L, 
    `25` = 1L, `26` = 2L, `27` = 1L, `38` = 1L), .Dim = 28L, .Dimnames = structure(list(
        c("1", "2", "3", "4", "5", "6", "7", "8", "9", "10", 
        "11", "12", "13", "14", "15", "16", "17", "18", "19", 
        "20", "21", "22", "23", "24", "25", "26", "27", "38")), .Names = ""), class = "table"), 
    No.Tag = structure(c(0L, 0L, 0L, 0L, 0L, 1L, 22L, 191L, 0L, 
    2L, 0L, 0L, 0L, 0L, 0L, 0L, 0L, 0L, 0L, 0L, 0L, 5L, 9L, 0L, 
    0L), .Dim = c(5L, 5L), .Dimnames = structure(list(c("-2", 
    "-1", "0", "1", NA), c("A", "C", "G", "T", NA)), .Names = c("", 
    "")), class = "table"), All.Tags = list(Concordant = list(
        Freqs = structure(c(1, 1, 0, 0, 2, 272, 1374, 3, 0, 0, 
        0, 0, 0, 0, 0, 0), .Dim = c(4L, 4L), .Dimnames = list(
            c("-2", "-1", "0", "1"), c("A", "C", "G", "T"))), 
        N = 1653), Majority = list(Freqs = structure(c(1, 1, 
    0, 0, 2, 379, 1700, 3, 0, 0, 0, 0, 0, 0, 0, 0), .Dim = c(4L, 
    4L), .Dimnames = list(c("-2", "-1", "0", "1"), c("A", "C", 
    "G", "T"))), N = 2086)), `2` = structure(c(0, 0, 0, 0, 1, 
    310, 1419, 0, 0, 0, 0, 0, 0, 0, 0, 0), .Dim = c(4L, 4L), .Dimnames = list(
        c("-2", "-1", "0", "1"), c("A", "C", "G", "T"))))))
