Results <-
list(`bwaOutput/20210421msiMNRsJenny/255810_S67.sam` = list(LR24_SNP1 = list(
    All = list(Freqs = structure(c(7L, 1475L, 5961L, 18L, 20L, 
    0L, 0L, 4L, 0L, 0L, 0L, 0L, 1L, 0L, 0L, 1L, 7L, 36L, 0L, 
    0L), .Dim = 5:4, .Dimnames = structure(list(c("-2", "-1", 
    "0", "1", NA), c("A", "G", "T", NA)), .Names = c("", "")), class = "table"), 
        N = 7530L), Tag.Distribution = structure(c(`1` = 549L, 
    `2` = 380L, `3` = 298L, `4` = 213L, `5` = 159L, `6` = 129L, 
    `7` = 86L, `8` = 49L, `9` = 47L, `10` = 30L, `11` = 19L, 
    `12` = 13L, `13` = 16L, `14` = 4L, `15` = 6L, `16` = 6L, 
    `17` = 3L, `18` = 1L, `19` = 1L), .Dim = 19L, .Dimnames = structure(list(
        c("1", "2", "3", "4", "5", "6", "7", "8", "9", "10", 
        "11", "12", "13", "14", "15", "16", "17", "18", "19")), .Names = ""), class = "table"), 
    No.Tag = structure(c(0L, 55L, 216L, 1L, 1L, 0L, 0L, 1L, 0L, 
    0L, 0L, 0L, 0L, 0L, 0L, 0L, 0L, 12L, 0L, 0L), .Dim = 5:4, .Dimnames = structure(list(
        c("-2", "-1", "0", "1", NA), c("A", "G", "T", NA)), .Names = c("", 
    "")), class = "table"), All.Tags = list(Concordant = list(
        Freqs = structure(c(2, 285, 1417, 3, 0, 0, 1, 0, 0, 0, 
        0, 0), .Dim = 4:3, .Dimnames = list(c("-2", "-1", "0", 
        "1"), c("A", "G", "T"))), N = 1708), Majority = list(
        Freqs = structure(c(2, 372, 1582, 3, 0, 0, 1, 0, 0, 0, 
        0, 0), .Dim = 4:3, .Dimnames = list(c("-2", "-1", "0", 
        "1"), c("A", "G", "T"))), N = 1960)), `2` = structure(c(0, 
    266, 1151, 0, 0, 0, 0, 0, 0, 0, 0, 0), .Dim = 4:3, .Dimnames = list(
        c("-2", "-1", "0", "1"), c("A", "G", "T"))))))
