Results <-
list(`bwaOutput/20210421msiMNRsJenny/255810_S67.sam` = list(LR20_SNP1 = list(
    All = list(Freqs = structure(c(0L, 0L, 1L, 0L, 0L, 1L, 54L, 
    5100L, 11L, 5L, 26L, 2118L, 3528L, 7L, 21L, 0L, 13L, 53L, 
    0L, 0L), .Dim = 5:4, .Dimnames = structure(list(c("-2", "-1", 
    "0", "1", NA), c("-", "A", "G", NA)), .Names = c("", "")), class = "table"), 
        N = 10938L), Tag.Distribution = structure(c(`1` = 425L, 
    `2` = 290L, `3` = 235L, `4` = 199L, `5` = 174L, `6` = 127L, 
    `7` = 105L, `8` = 104L, `9` = 92L, `10` = 61L, `11` = 44L, 
    `12` = 34L, `13` = 21L, `14` = 23L, `15` = 25L, `16` = 9L, 
    `17` = 9L, `18` = 8L, `19` = 10L, `20` = 11L, `21` = 4L, 
    `22` = 4L, `23` = 4L, `24` = 2L, `25` = 3L, `26` = 2L, `27` = 1L, 
    `28` = 1L, `29` = 1L, `35` = 1L, `41` = 1L), .Dim = 31L, .Dimnames = structure(list(
        c("1", "2", "3", "4", "5", "6", "7", "8", "9", "10", 
        "11", "12", "13", "14", "15", "16", "17", "18", "19", 
        "20", "21", "22", "23", "24", "25", "26", "27", "28", 
        "29", "35", "41")), .Names = ""), class = "table"), No.Tag = structure(c(0L, 
    0L, 0L, 0L, 0L, 0L, 2L, 225L, 0L, 2L, 0L, 96L, 141L, 0L, 
    3L, 0L, 2L, 12L, 0L, 0L), .Dim = 5:4, .Dimnames = structure(list(
        c("-2", "-1", "0", "1", NA), c("-", "A", "G", NA)), .Names = c("", 
    "")), class = "table"), All.Tags = list(Concordant = list(
        Freqs = structure(c(0, 0, 0, 0, 0, 4, 660, 0, 2, 216, 
        466, 1), .Dim = 4:3, .Dimnames = list(c("-2", "-1", "0", 
        "1"), c("-", "A", "G"))), N = 1349), Majority = list(
        Freqs = structure(c(0, 0, 0, 0, 0, 6, 914, 1, 4, 338, 
        656, 1), .Dim = 4:3, .Dimnames = list(c("-2", "-1", "0", 
        "1"), c("-", "A", "G"))), N = 1920)), `2` = structure(c(0, 
    0, 0, 0, 0, 4, 715, 1, 2, 282, 496, 0), .Dim = 4:3, .Dimnames = list(
        c("-2", "-1", "0", "1"), c("-", "A", "G"))))))
