Results <-
list(`bwaOutput/20210421msiMNRsJenny/255811_S68.sam` = list(IM16_SNP1 = list(
    All = list(Freqs = structure(c(8L, 214L, 5235L, 81L, 0L, 
    6L, 0L, 0L, 1L, 0L, 0L, 0L, 15L, 1436L, 4270L, 62L, 1L, 24L, 
    0L, 0L, 6L, 0L, 0L, 0L, 1L, 9L, 166L, 12L, 0L, 0L), .Dim = 6:5, .Dimnames = structure(list(
        c("-2", "-1", "0", "1", "2", NA), c("A", "C", "G", "T", 
        NA)), .Names = c("", "")), class = "table"), N = 11547L), 
    Tag.Distribution = structure(c(`1` = 550L, `2` = 476L, `3` = 383L, 
    `4` = 304L, `5` = 221L, `6` = 182L, `7` = 134L, `8` = 106L, 
    `9` = 81L, `10` = 67L, `11` = 39L, `12` = 33L, `13` = 18L, 
    `14` = 17L, `15` = 10L, `16` = 8L, `17` = 9L, `18` = 2L, 
    `19` = 2L, `20` = 2L, `21` = 1L, `32` = 1L, `39` = 1L), .Dim = 23L, .Dimnames = structure(list(
        c("1", "2", "3", "4", "5", "6", "7", "8", "9", "10", 
        "11", "12", "13", "14", "15", "16", "17", "18", "19", 
        "20", "21", "32", "39")), .Names = ""), class = "table"), 
    No.Tag = structure(c(0L, 2L, 148L, 1L, 0L, 0L, 0L, 0L, 0L, 
    0L, 0L, 0L, 0L, 47L, 137L, 1L, 0L, 3L, 0L, 0L, 0L, 0L, 0L, 
    0L, 0L, 1L, 20L, 4L, 0L, 0L), .Dim = 6:5, .Dimnames = structure(list(
        c("-2", "-1", "0", "1", "2", NA), c("A", "C", "G", "T", 
        NA)), .Names = c("", "")), class = "table"), All.Tags = list(
        Concordant = list(Freqs = structure(c(0, 16, 759, 5, 
        0, 0, 0, 0, 0, 0, 2, 171, 579, 4, 0, 0, 0, 1, 0, 0), .Dim = 5:4, .Dimnames = list(
            c("-2", "-1", "0", "1", "2"), c("A", "C", "G", "T"
            ))), N = 1537), Majority = list(Freqs = structure(c(0, 
        38, 1182, 7, 0, 0, 0, 0, 0, 0, 3, 278, 905, 4, 0, 0, 
        0, 1, 0, 0), .Dim = 5:4, .Dimnames = list(c("-2", "-1", 
        "0", "1", "2"), c("A", "C", "G", "T"))), N = 2418)), 
    `2` = structure(c(0, 31, 944, 3, 0, 0, 0, 0, 0, 0, 2, 202, 
    699, 1, 0, 0, 0, 1, 0, 0), .Dim = 5:4, .Dimnames = list(c("-2", 
    "-1", "0", "1", "2"), c("A", "C", "G", "T"))))))
