Results <-
list(`bwaOutput/20210421msiMNRsJenny/255809_S66.sam` = list(LR11_SNP1 = list(
    All = list(Freqs = structure(c(0L, 0L, 0L, 1L, 0L, 0L, 0L, 
    0L, 5L, 195L, 6780L, 54L, 1L, 22L, 1L, 50L, 1672L, 4098L, 
    36L, 1L, 31L, 0L, 0L, 1L, 2L, 0L, 0L, 0L, 0L, 0L, 0L, 1L, 
    0L, 0L, 0L, 0L, 1L, 49L, 265L, 3L, 0L, 0L), .Dim = 7:6, .Dimnames = structure(list(
        c("-3", "-2", "-1", "0", "1", "2", NA), c("-", "A", "C", 
        "G", "T", NA)), .Names = c("", "")), class = "table"), 
        N = 13269L), Tag.Distribution = structure(c(`1` = 321L, 
    `2` = 163L, `3` = 144L, `4` = 134L, `5` = 161L, `6` = 123L, 
    `7` = 120L, `8` = 119L, `9` = 96L, `10` = 90L, `11` = 59L, 
    `12` = 59L, `13` = 40L, `14` = 54L, `15` = 36L, `16` = 20L, 
    `17` = 18L, `18` = 15L, `19` = 15L, `20` = 15L, `21` = 8L, 
    `22` = 10L, `23` = 10L, `24` = 6L, `25` = 3L, `26` = 2L, 
    `27` = 3L, `28` = 3L, `29` = 1L, `30` = 2L, `33` = 2L, `36` = 3L, 
    `37` = 3L, `39` = 3L, `41` = 1L), .Dim = 35L, .Dimnames = structure(list(
        c("1", "2", "3", "4", "5", "6", "7", "8", "9", "10", 
        "11", "12", "13", "14", "15", "16", "17", "18", "19", 
        "20", "21", "22", "23", "24", "25", "26", "27", "28", 
        "29", "30", "33", "36", "37", "39", "41")), .Names = ""), class = "table"), 
    No.Tag = structure(c(0L, 0L, 0L, 0L, 0L, 0L, 0L, 0L, 0L, 
    1L, 134L, 2L, 0L, 0L, 0L, 0L, 44L, 119L, 0L, 0L, 4L, 0L, 
    0L, 0L, 0L, 0L, 0L, 0L, 0L, 0L, 0L, 0L, 0L, 0L, 0L, 0L, 0L, 
    0L, 11L, 0L, 0L, 0L), .Dim = 7:6, .Dimnames = structure(list(
        c("-3", "-2", "-1", "0", "1", "2", NA), c("-", "A", "C", 
        "G", "T", NA)), .Names = c("", "")), class = "table"), 
    All.Tags = list(Concordant = list(Freqs = structure(c(0, 
    0, 0, 0, 0, 0, 0, 0, 13, 696, 1, 0, 0, 1, 147, 412, 2, 0, 
    0, 0, 0, 0, 0, 0, 0, 0, 0, 0, 0, 0), .Dim = 6:5, .Dimnames = list(
        c("-3", "-2", "-1", "0", "1", "2"), c("-", "A", "C", 
        "G", "T"))), N = 1272), Majority = list(Freqs = structure(c(0, 
    0, 0, 0, 0, 0, 0, 0, 18, 957, 1, 0, 0, 2, 223, 587, 2, 0, 
    0, 0, 0, 0, 0, 0, 0, 0, 0, 0, 0, 0), .Dim = 6:5, .Dimnames = list(
        c("-3", "-2", "-1", "0", "1", "2"), c("-", "A", "C", 
        "G", "T"))), N = 1790)), `2` = structure(c(0, 0, 0, 0, 
    0, 0, 0, 0, 13, 798, 1, 0, 0, 2, 193, 488, 0, 0, 0, 0, 0, 
    0, 0, 0, 0, 0, 0, 0, 0, 0), .Dim = 6:5, .Dimnames = list(
        c("-3", "-2", "-1", "0", "1", "2"), c("-", "A", "C", 
        "G", "T"))))))
