Results <-
list(`bwaOutput/20210421msiMNRsJenny/255811_S68.sam` = list(GM22_SNP1 = list(
    All = list(Freqs = structure(c(8L, 961L, 12344L, 1391L, 14L, 
    49L, 0L, 3L, 10L, 0L, 0L, 0L, 0L, 0L, 2L, 0L, 0L, 0L, 0L, 
    11L, 215L, 26L, 1L, 0L), .Dim = c(6L, 4L), .Dimnames = structure(list(
        c("-2", "-1", "0", "1", "2", NA), c("A", "G", "T", NA
        )), .Names = c("", "")), class = "table"), N = 15035L), 
    Tag.Distribution = structure(c(`1` = 520L, `2` = 429L, `3` = 454L, 
    `4` = 365L, `5` = 297L, `6` = 251L, `7` = 164L, `8` = 127L, 
    `9` = 106L, `10` = 88L, `11` = 60L, `12` = 45L, `13` = 37L, 
    `14` = 30L, `15` = 20L, `16` = 16L, `17` = 8L, `18` = 5L, 
    `19` = 3L, `20` = 3L, `21` = 3L, `22` = 4L, `24` = 3L, `25` = 1L, 
    `27` = 1L), .Dim = 25L, .Dimnames = structure(list(c("1", 
    "2", "3", "4", "5", "6", "7", "8", "9", "10", "11", "12", 
    "13", "14", "15", "16", "17", "18", "19", "20", "21", "22", 
    "24", "25", "27")), .Names = ""), class = "table"), No.Tag = structure(c(1L, 
    34L, 439L, 63L, 1L, 3L, 0L, 0L, 4L, 0L, 0L, 0L, 0L, 0L, 0L, 
    0L, 0L, 0L, 0L, 2L, 19L, 5L, 0L, 0L), .Dim = c(6L, 4L), .Dimnames = structure(list(
        c("-2", "-1", "0", "1", "2", NA), c("A", "G", "T", NA
        )), .Names = c("", "")), class = "table"), All.Tags = list(
        Concordant = list(Freqs = structure(c(0, 68, 2022, 126, 
        1, 0, 0, 2, 0, 0, 0, 0, 0, 0, 0), .Dim = c(5L, 3L), .Dimnames = list(
            c("-2", "-1", "0", "1", "2"), c("A", "G", "T"))), 
            N = 2219), Majority = list(Freqs = structure(c(0, 
        120, 2558, 229, 1, 0, 0, 2, 0, 0, 0, 0, 0, 0, 0), .Dim = c(5L, 
        3L), .Dimnames = list(c("-2", "-1", "0", "1", "2"), c("A", 
        "G", "T"))), N = 2910)), `2` = structure(c(0, 95, 2143, 
    174, 0, 0, 0, 0, 0, 0, 0, 0, 0, 0, 0), .Dim = c(5L, 3L), .Dimnames = list(
        c("-2", "-1", "0", "1", "2"), c("A", "G", "T"))))))
