Results <-
list(`bwaOutput/20210421msiMNRsJenny/255809_S66.sam` = list(GM29_SNP1 = list(
    All = list(Freqs = structure(c(0L, 0L, 0L, 29L, 0L, 0L, 1L, 
    4L, 322L, 10412L, 36L, 19L, 0L, 0L, 2L, 116L, 0L, 0L), .Dim = c(6L, 
    3L), .Dimnames = structure(list(c("-3", "-2", "-1", "0", 
    "1", NA), c("A", "G", NA)), .Names = c("", "")), class = "table"), 
        N = 10941L), Tag.Distribution = structure(c(`1` = 223L, 
    `2` = 146L, `3` = 86L, `4` = 93L, `5` = 90L, `6` = 69L, `7` = 63L, 
    `8` = 62L, `9` = 53L, `10` = 51L, `11` = 46L, `12` = 34L, 
    `13` = 28L, `14` = 22L, `15` = 27L, `16` = 15L, `17` = 14L, 
    `18` = 17L, `19` = 12L, `20` = 14L, `21` = 13L, `22` = 9L, 
    `23` = 6L, `24` = 4L, `25` = 10L, `26` = 7L, `27` = 1L, `28` = 6L, 
    `29` = 5L, `30` = 6L, `31` = 3L, `32` = 1L, `33` = 2L, `34` = 1L, 
    `35` = 3L, `36` = 3L, `37` = 1L, `38` = 1L, `39` = 1L, `40` = 1L, 
    `42` = 1L, `43` = 3L, `44` = 1L, `45` = 2L, `46` = 3L, `47` = 3L, 
    `48` = 1L, `52` = 1L, `56` = 3L, `57` = 2L, `62` = 2L, `65` = 1L
    ), .Dim = 52L, .Dimnames = structure(list(c("1", "2", "3", 
    "4", "5", "6", "7", "8", "9", "10", "11", "12", "13", "14", 
    "15", "16", "17", "18", "19", "20", "21", "22", "23", "24", 
    "25", "26", "27", "28", "29", "30", "31", "32", "33", "34", 
    "35", "36", "37", "38", "39", "40", "42", "43", "44", "45", 
    "46", "47", "48", "52", "56", "57", "62", "65")), .Names = ""), class = "table"), 
    No.Tag = structure(c(0L, 0L, 0L, 2L, 0L, 0L, 0L, 0L, 15L, 
    296L, 0L, 1L, 0L, 0L, 0L, 7L, 0L, 0L), .Dim = c(6L, 3L), .Dimnames = structure(list(
        c("-3", "-2", "-1", "0", "1", NA), c("A", "G", NA)), .Names = c("", 
    "")), class = "table"), All.Tags = list(Concordant = list(
        Freqs = structure(c(0, 0, 0, 9, 0, 0, 0, 10, 1074, 2), .Dim = c(5L, 
        2L), .Dimnames = list(c("-3", "-2", "-1", "0", "1"), 
            c("A", "G"))), N = 1095), Majority = list(Freqs = structure(c(0, 
    0, 0, 9, 0, 0, 0, 17, 1230, 2), .Dim = c(5L, 2L), .Dimnames = list(
        c("-3", "-2", "-1", "0", "1"), c("A", "G"))), N = 1258)), 
    `2` = structure(c(0, 0, 0, 0, 0, 0, 0, 10, 1035, 0), .Dim = c(5L, 
    2L), .Dimnames = list(c("-3", "-2", "-1", "0", "1"), c("A", 
    "G"))))))
