Results <-
list(`bwaOutput/20210421msiMNRsJenny/255811_S68.sam` = list(GM11_SNP1 = list(
    All = list(Freqs = structure(c(3L, 979L, 8984L, 26L, 1L, 
    18L, 0L, 0L, 1L, 0L, 0L, 0L, 0L, 0L, 7L, 0L, 0L, 0L, 0L, 
    0L, 2L, 0L, 0L, 0L, 0L, 3L, 83L, 1L, 0L, 0L), .Dim = 6:5, .Dimnames = structure(list(
        c("-2", "-1", "0", "1", "2", NA), c("A", "C", "G", "T", 
        NA)), .Names = c("", "")), class = "table"), N = 10108L), 
    Tag.Distribution = structure(c(`1` = 564L, `2` = 498L, `3` = 332L, 
    `4` = 282L, `5` = 190L, `6` = 145L, `7` = 114L, `8` = 76L, 
    `9` = 50L, `10` = 34L, `11` = 34L, `12` = 26L, `13` = 19L, 
    `14` = 23L, `15` = 7L, `16` = 9L, `17` = 9L, `18` = 4L, `19` = 3L, 
    `20` = 4L, `22` = 2L, `25` = 2L, `26` = 1L, `28` = 1L, `29` = 1L, 
    `30` = 1L, `31` = 1L, `36` = 1L, `38` = 1L), .Dim = 29L, .Dimnames = structure(list(
        c("1", "2", "3", "4", "5", "6", "7", "8", "9", "10", 
        "11", "12", "13", "14", "15", "16", "17", "18", "19", 
        "20", "22", "25", "26", "28", "29", "30", "31", "36", 
        "38")), .Names = ""), class = "table"), No.Tag = structure(c(0L, 
    17L, 202L, 0L, 0L, 3L, 0L, 0L, 0L, 0L, 0L, 0L, 0L, 0L, 0L, 
    0L, 0L, 0L, 0L, 0L, 0L, 0L, 0L, 0L, 0L, 0L, 8L, 0L, 0L, 0L
    ), .Dim = 6:5, .Dimnames = structure(list(c("-2", "-1", "0", 
    "1", "2", NA), c("A", "C", "G", "T", NA)), .Names = c("", 
    "")), class = "table"), All.Tags = list(Concordant = list(
        Freqs = structure(c(0, 125, 1969, 3, 0, 0, 0, 0, 0, 0, 
        0, 0, 2, 0, 0, 0, 0, 0, 0, 0), .Dim = 5:4, .Dimnames = list(
            c("-2", "-1", "0", "1", "2"), c("A", "C", "G", "T"
            ))), N = 2099), Majority = list(Freqs = structure(c(0, 
    190, 2182, 3, 0, 0, 0, 0, 0, 0, 0, 0, 2, 0, 0, 0, 0, 0, 0, 
    0), .Dim = 5:4, .Dimnames = list(c("-2", "-1", "0", "1", 
    "2"), c("A", "C", "G", "T"))), N = 2377)), `2` = structure(c(0, 
    141, 1679, 0, 0, 0, 0, 0, 0, 0, 0, 0, 0, 0, 0, 0, 0, 0, 0, 
    0), .Dim = 5:4, .Dimnames = list(c("-2", "-1", "0", "1", 
    "2"), c("A", "C", "G", "T"))))))
