Results <-
list(`bwaOutput/20210421msiMNRsJenny/255811_S68.sam` = list(LR24_SNP1 = list(
    All = list(Freqs = structure(c(3L, 1030L, 138L, 7480L, 14L, 
    23L, 0L, 0L, 0L, 1L, 0L, 0L, 0L, 1L, 0L, 10L, 0L, 1L, 0L, 
    0L, 0L, 1L, 0L, 0L, 0L, 2L, 2L, 43L, 0L, 0L), .Dim = 6:5, .Dimnames = structure(list(
        c("-3", "-2", "-1", "0", "1", NA), c("A", "C", "G", "T", 
        NA)), .Names = c("", "")), class = "table"), N = 8749L), 
    Tag.Distribution = structure(c(`1` = 788L, `2` = 530L, `3` = 404L, 
    `4` = 340L, `5` = 194L, `6` = 113L, `7` = 85L, `8` = 57L, 
    `9` = 38L, `10` = 28L, `11` = 21L, `12` = 9L, `13` = 7L, 
    `14` = 1L, `15` = 5L, `16` = 2L, `18` = 2L, `19` = 3L), .Dim = 18L, .Dimnames = structure(list(
        c("1", "2", "3", "4", "5", "6", "7", "8", "9", "10", 
        "11", "12", "13", "14", "15", "16", "18", "19")), .Names = ""), class = "table"), 
    No.Tag = structure(c(0L, 47L, 6L, 300L, 0L, 3L, 0L, 0L, 0L, 
    0L, 0L, 0L, 0L, 0L, 0L, 0L, 0L, 1L, 0L, 0L, 0L, 0L, 0L, 0L, 
    0L, 1L, 0L, 6L, 0L, 0L), .Dim = 6:5, .Dimnames = structure(list(
        c("-3", "-2", "-1", "0", "1", NA), c("A", "C", "G", "T", 
        NA)), .Names = c("", "")), class = "table"), All.Tags = list(
        Concordant = list(Freqs = structure(c(0, 142, 15, 2010, 
        2, 0, 0, 0, 0, 0, 0, 0, 0, 2, 0, 0, 0, 0, 0, 0), .Dim = 5:4, .Dimnames = list(
            c("-3", "-2", "-1", "0", "1"), c("A", "C", "G", "T"
            ))), N = 2171), Majority = list(Freqs = structure(c(0, 
        218, 23, 2290, 2, 0, 0, 0, 0, 0, 0, 0, 0, 2, 0, 0, 0, 
        0, 0, 0), .Dim = 5:4, .Dimnames = list(c("-3", "-2", 
        "-1", "0", "1"), c("A", "C", "G", "T"))), N = 2535)), 
    `2` = structure(c(0, 140, 13, 1604, 0, 0, 0, 0, 0, 0, 0, 
    0, 0, 0, 0, 0, 0, 0, 0, 0), .Dim = 5:4, .Dimnames = list(
        c("-3", "-2", "-1", "0", "1"), c("A", "C", "G", "T"))))))
