Results <-
list(`bwaOutput/20210421msiMNRsJenny/255811_S68.sam` = list(LR17_SNP1 = list(
    All = list(Freqs = structure(c(3L, 95L, 3113L, 16004L, 238L, 
    2L, 194L, 0L, 0L, 0L, 5L, 0L, 0L, 0L, 0L, 0L, 0L, 1L, 0L, 
    0L, 0L, 0L, 1L, 113L, 1224L, 7L, 0L, 0L), .Dim = c(7L, 4L
    ), .Dimnames = structure(list(c("-3", "-2", "-1", "0", "1", 
    "2", NA), c("A", "G", "T", NA)), .Names = c("", "")), class = "table"), 
        N = 21000L), Tag.Distribution = structure(c(`1` = 492L, 
    `2` = 383L, `3` = 379L, `4` = 370L, `5` = 343L, `6` = 279L, 
    `7` = 246L, `8` = 209L, `9` = 158L, `10` = 136L, `11` = 119L, 
    `12` = 82L, `13` = 60L, `14` = 64L, `15` = 44L, `16` = 34L, 
    `17` = 19L, `18` = 15L, `19` = 13L, `20` = 8L, `21` = 4L, 
    `22` = 4L, `23` = 2L, `24` = 7L, `25` = 2L, `26` = 2L, `27` = 1L, 
    `30` = 3L, `31` = 1L, `36` = 1L), .Dim = 30L, .Dimnames = structure(list(
        c("1", "2", "3", "4", "5", "6", "7", "8", "9", "10", 
        "11", "12", "13", "14", "15", "16", "17", "18", "19", 
        "20", "21", "22", "23", "24", "25", "26", "27", "30", 
        "31", "36")), .Names = ""), class = "table"), No.Tag = structure(c(1L, 
    2L, 100L, 521L, 9L, 0L, 14L, 0L, 0L, 0L, 1L, 0L, 0L, 0L, 
    0L, 0L, 0L, 0L, 0L, 0L, 0L, 0L, 0L, 7L, 59L, 1L, 0L, 0L), .Dim = c(7L, 
    4L), .Dimnames = structure(list(c("-3", "-2", "-1", "0", 
    "1", "2", NA), c("A", "G", "T", NA)), .Names = c("", "")), class = "table"), 
    All.Tags = list(Concordant = list(Freqs = structure(c(0, 
    1, 165, 1986, 7, 0, 0, 0, 0, 0, 0, 0, 0, 0, 0, 0, 0, 0), .Dim = c(6L, 
    3L), .Dimnames = list(c("-3", "-2", "-1", "0", "1", "2"), 
        c("A", "G", "T"))), N = 2159), Majority = list(Freqs = structure(c(0, 
    3, 338, 2925, 10, 0, 0, 0, 0, 0, 0, 0, 0, 0, 0, 0, 0, 0), .Dim = c(6L, 
    3L), .Dimnames = list(c("-3", "-2", "-1", "0", "1", "2"), 
        c("A", "G", "T"))), N = 3276)), `2` = structure(c(0, 
    2, 267, 2555, 4, 0, 0, 0, 0, 0, 0, 0, 0, 0, 0, 0, 0, 0), .Dim = c(6L, 
    3L), .Dimnames = list(c("-3", "-2", "-1", "0", "1", "2"), 
        c("A", "G", "T"))))))
