Results <-
list(`bwaOutput/20210421msiMNRsJenny/255809_S66.sam` = list(LR46_SNP1 = list(
    All = list(Freqs = structure(c(1L, 728L, 3706L, 17L, 38L, 
    0L, 303L, 3087L, 22L, 26L, 0L, 4L, 54L, 0L, 0L), .Dim = c(5L, 
    3L), .Dimnames = structure(list(c("-2", "-1", "0", "1", NA
    ), c("G", "T", NA)), .Names = c("", "")), class = "table"), 
        N = 7986L), Tag.Distribution = structure(c(`1` = 235L, 
    `2` = 115L, `3` = 90L, `4` = 93L, `5` = 86L, `6` = 83L, `7` = 68L, 
    `8` = 66L, `9` = 49L, `10` = 48L, `11` = 63L, `12` = 28L, 
    `13` = 28L, `14` = 27L, `15` = 15L, `16` = 11L, `17` = 12L, 
    `18` = 18L, `19` = 7L, `20` = 4L, `21` = 4L, `22` = 8L, `23` = 3L, 
    `24` = 3L, `25` = 3L, `26` = 4L, `27` = 1L, `28` = 1L, `29` = 2L, 
    `30` = 1L, `31` = 2L, `32` = 1L, `38` = 1L, `40` = 1L), .Dim = 34L, .Dimnames = structure(list(
        c("1", "2", "3", "4", "5", "6", "7", "8", "9", "10", 
        "11", "12", "13", "14", "15", "16", "17", "18", "19", 
        "20", "21", "22", "23", "24", "25", "26", "27", "28", 
        "29", "30", "31", "32", "38", "40")), .Names = ""), class = "table"), 
    No.Tag = structure(c(0L, 24L, 91L, 0L, 3L, 0L, 4L, 87L, 0L, 
    4L, 0L, 0L, 5L, 0L, 0L), .Dim = c(5L, 3L), .Dimnames = structure(list(
        c("-2", "-1", "0", "1", NA), c("G", "T", NA)), .Names = c("", 
    "")), class = "table"), All.Tags = list(Concordant = list(
        Freqs = structure(c(0, 82, 479, 0, 0, 42, 395, 0), .Dim = c(4L, 
        2L), .Dimnames = list(c("-2", "-1", "0", "1"), c("G", 
        "T"))), N = 998), Majority = list(Freqs = structure(c(0, 
    102, 545, 1, 0, 49, 461, 1), .Dim = c(4L, 2L), .Dimnames = list(
        c("-2", "-1", "0", "1"), c("G", "T"))), N = 1159)), `2` = structure(c(0, 
    84, 423, 1, 0, 43, 376, 1), .Dim = c(4L, 2L), .Dimnames = list(
        c("-2", "-1", "0", "1"), c("G", "T"))))))
