Results <-
list(`bwaOutput/20210421msiMNRsJenny/255811_S68.sam` = list(GM26_SNP1 = list(
    All = list(Freqs = structure(c(1L, 30L, 4152L, 10L, 7L, 1L, 
    171L, 3921L, 14L, 5L, 0L, 0L, 1L, 0L, 0L, 0L, 8L, 131L, 0L, 
    0L), .Dim = 5:4, .Dimnames = structure(list(c("-2", "-1", 
    "0", "1", NA), c("A", "G", "T", NA)), .Names = c("", "")), class = "table"), 
        N = 8452L), Tag.Distribution = structure(c(`1` = 574L, 
    `2` = 419L, `3` = 322L, `4` = 252L, `5` = 201L, `6` = 140L, 
    `7` = 87L, `8` = 73L, `9` = 46L, `10` = 32L, `11` = 28L, 
    `12` = 13L, `13` = 13L, `14` = 6L, `15` = 10L, `16` = 6L, 
    `17` = 2L, `19` = 1L, `20` = 1L, `22` = 2L), .Dim = 20L, .Dimnames = structure(list(
        c("1", "2", "3", "4", "5", "6", "7", "8", "9", "10", 
        "11", "12", "13", "14", "15", "16", "17", "19", "20", 
        "22")), .Names = ""), class = "table"), No.Tag = structure(c(0L, 
    0L, 121L, 0L, 2L, 0L, 2L, 78L, 0L, 1L, 0L, 0L, 0L, 0L, 0L, 
    0L, 2L, 8L, 0L, 0L), .Dim = 5:4, .Dimnames = structure(list(
        c("-2", "-1", "0", "1", NA), c("A", "G", "T", NA)), .Names = c("", 
    "")), class = "table"), All.Tags = list(Concordant = list(
        Freqs = structure(c(0, 2, 829, 1, 0, 29, 734, 2, 0, 0, 
        0, 0), .Dim = 4:3, .Dimnames = list(c("-2", "-1", "0", 
        "1"), c("A", "G", "T"))), N = 1597), Majority = list(
        Freqs = structure(c(0, 2, 1083, 1, 0, 40, 980, 3, 0, 
        0, 0, 0), .Dim = 4:3, .Dimnames = list(c("-2", "-1", 
        "0", "1"), c("A", "G", "T"))), N = 2109)), `2` = structure(c(0, 
    1, 786, 0, 0, 26, 727, 1, 0, 0, 0, 0), .Dim = 4:3, .Dimnames = list(
        c("-2", "-1", "0", "1"), c("A", "G", "T"))))))
