Results <-
list(`bwaOutput/20210421msiMNRsJenny/255810_S67.sam` = list(LR46_SNP1 = list(
    All = list(Freqs = structure(c(0L, 1L, 0L, 0L, 0L, 2L, 1645L, 
    7777L, 19L, 56L, 0L, 0L, 7L, 0L, 0L, 0L, 8L, 60L, 0L, 0L), .Dim = 5:4, .Dimnames = structure(list(
        c("-2", "-1", "0", "1", NA), c("A", "G", "T", NA)), .Names = c("", 
    "")), class = "table"), N = 9575L), Tag.Distribution = structure(c(`1` = 383L, 
    `2` = 243L, `3` = 233L, `4` = 201L, `5` = 169L, `6` = 123L, 
    `7` = 102L, `8` = 99L, `9` = 77L, `10` = 48L, `11` = 40L, 
    `12` = 35L, `13` = 21L, `14` = 19L, `15` = 18L, `16` = 13L, 
    `17` = 9L, `18` = 11L, `19` = 5L, `20` = 5L, `22` = 2L, `24` = 3L, 
    `25` = 2L), .Dim = 23L, .Dimnames = structure(list(c("1", 
    "2", "3", "4", "5", "6", "7", "8", "9", "10", "11", "12", 
    "13", "14", "15", "16", "17", "18", "19", "20", "22", "24", 
    "25")), .Names = ""), class = "table"), No.Tag = structure(c(0L, 
    0L, 0L, 0L, 0L, 0L, 64L, 273L, 0L, 8L, 0L, 0L, 0L, 0L, 0L, 
    0L, 2L, 5L, 0L, 0L), .Dim = 5:4, .Dimnames = structure(list(
        c("-2", "-1", "0", "1", NA), c("A", "G", "T", NA)), .Names = c("", 
    "")), class = "table"), All.Tags = list(Concordant = list(
        Freqs = structure(c(0, 0, 0, 0, 0, 226, 1398, 1, 0, 0, 
        2, 0), .Dim = 4:3, .Dimnames = list(c("-2", "-1", "0", 
        "1"), c("A", "G", "T"))), N = 1627), Majority = list(
        Freqs = structure(c(0, 0, 0, 0, 0, 300, 1525, 1, 0, 0, 
        2, 0), .Dim = 4:3, .Dimnames = list(c("-2", "-1", "0", 
        "1"), c("A", "G", "T"))), N = 1828)), `2` = structure(c(0, 
    0, 0, 0, 0, 235, 1217, 0, 0, 0, 1, 0), .Dim = 4:3, .Dimnames = list(
        c("-2", "-1", "0", "1"), c("A", "G", "T"))))))
