Results <-
list(`bwaOutput/20210421msiMNRsJenny/255809_S66.sam` = list(LR40_SNP1 = list(
    All = list(Freqs = structure(c(1L, 29L, 1226L, 7104L, 18L, 
    28L, 0L, 0L, 0L, 1L, 0L, 0L, 0L, 1L, 2L, 44L, 1L, 0L), .Dim = c(6L, 
    3L), .Dimnames = structure(list(c("-3", "-2", "-1", "0", 
    "1", NA), c("C", "T", NA)), .Names = c("", "")), class = "table"), 
        N = 8455L), Tag.Distribution = structure(c(`1` = 244L, 
    `2` = 141L, `3` = 111L, `4` = 90L, `5` = 97L, `6` = 85L, 
    `7` = 63L, `8` = 63L, `9` = 49L, `10` = 32L, `11` = 44L, 
    `12` = 38L, `13` = 37L, `14` = 22L, `15` = 21L, `16` = 11L, 
    `17` = 9L, `18` = 6L, `19` = 13L, `20` = 5L, `21` = 6L, `22` = 11L, 
    `23` = 4L, `24` = 1L, `25` = 4L, `26` = 1L, `27` = 1L, `28` = 3L, 
    `29` = 2L, `30` = 7L, `31` = 3L, `32` = 1L, `34` = 3L, `35` = 2L, 
    `37` = 1L, `42` = 1L, `44` = 1L, `51` = 1L), .Dim = 38L, .Dimnames = structure(list(
        c("1", "2", "3", "4", "5", "6", "7", "8", "9", "10", 
        "11", "12", "13", "14", "15", "16", "17", "18", "19", 
        "20", "21", "22", "23", "24", "25", "26", "27", "28", 
        "29", "30", "31", "32", "34", "35", "37", "42", "44", 
        "51")), .Names = ""), class = "table"), No.Tag = structure(c(0L, 
    0L, 19L, 220L, 0L, 3L, 0L, 0L, 0L, 0L, 0L, 0L, 0L, 0L, 0L, 
    5L, 0L, 0L), .Dim = c(6L, 3L), .Dimnames = structure(list(
        c("-3", "-2", "-1", "0", "1", NA), c("C", "T", NA)), .Names = c("", 
    "")), class = "table"), All.Tags = list(Concordant = list(
        Freqs = structure(c(0, 0, 136, 915, 0, 0, 0, 0, 0, 0), .Dim = c(5L, 
        2L), .Dimnames = list(c("-3", "-2", "-1", "0", "1"), 
            c("C", "T"))), N = 1051), Majority = list(Freqs = structure(c(0, 
    2, 173, 1037, 0, 0, 0, 0, 0, 0), .Dim = c(5L, 2L), .Dimnames = list(
        c("-3", "-2", "-1", "0", "1"), c("C", "T"))), N = 1212)), 
    `2` = structure(c(0, 2, 143, 828, 0, 0, 0, 0, 0, 0), .Dim = c(5L, 
    2L), .Dimnames = list(c("-3", "-2", "-1", "0", "1"), c("C", 
    "T"))))))
