Results <-
list(`bwaOutput/20210421msiMNRsJenny/255810_S67.sam` = list(LR44_SNP1 = list(
    All = list(Freqs = structure(c(0L, 2L, 0L, 6L, 0L, 0L, 1L, 
    0L, 77L, 401L, 192L, 1691L, 45L, 1L, 0L, 20L, 0L, 1L, 3L, 
    33L, 1L, 0L, 0L, 0L), .Dim = c(8L, 3L), .Dimnames = structure(list(
        c("-3", "-2", "-1", "0", "1", "2", "3", NA), c("C", "T", 
        NA)), .Names = c("", "")), class = "table"), N = 2474L), 
    Tag.Distribution = structure(c(`1` = 188L, `2` = 131L, `3` = 94L, 
    `4` = 90L, `5` = 54L, `6` = 42L, `7` = 23L, `8` = 24L, `9` = 14L, 
    `10` = 9L, `11` = 6L, `12` = 6L, `14` = 1L, `15` = 2L, `16` = 1L, 
    `17` = 1L, `18` = 1L), .Dim = 17L, .Dimnames = structure(list(
        c("1", "2", "3", "4", "5", "6", "7", "8", "9", "10", 
        "11", "12", "14", "15", "16", "17", "18")), .Names = ""), class = "table"), 
    No.Tag = structure(c(0L, 0L, 0L, 0L, 0L, 0L, 0L, 0L, 4L, 
    10L, 5L, 32L, 0L, 0L, 0L, 3L, 0L, 0L, 0L, 4L, 0L, 0L, 0L, 
    0L), .Dim = c(8L, 3L), .Dimnames = structure(list(c("-3", 
    "-2", "-1", "0", "1", "2", "3", NA), c("C", "T", NA)), .Names = c("", 
    "")), class = "table"), All.Tags = list(Concordant = list(
        Freqs = structure(c(0, 0, 0, 2, 0, 0, 0, 16, 108, 22, 
        368, 5, 0, 0), .Dim = c(7L, 2L), .Dimnames = list(c("-3", 
        "-2", "-1", "0", "1", "2", "3"), c("C", "T"))), N = 521), 
        Majority = list(Freqs = structure(c(0, 0, 0, 3, 0, 0, 
        0, 19, 126, 25, 472, 7, 0, 0), .Dim = c(7L, 2L), .Dimnames = list(
            c("-3", "-2", "-1", "0", "1", "2", "3"), c("C", "T"
            ))), N = 652)), `2` = structure(c(0, 0, 0, 1, 0, 
    0, 0, 13, 83, 18, 350, 4, 0, 0), .Dim = c(7L, 2L), .Dimnames = list(
        c("-3", "-2", "-1", "0", "1", "2", "3"), c("C", "T"))))))
