Results <-
list(`bwaOutput/20210421msiMNRsJenny/255811_S68.sam` = list(GM29_SNP1 = list(
    All = list(Freqs = structure(c(2L, 9L, 1565L, 9837L, 28L, 
    22L, 0L, 0L, 0L, 3L, 0L, 0L, 0L, 0L, 12L, 103L, 0L, 0L), .Dim = c(6L, 
    3L), .Dimnames = structure(list(c("-3", "-2", "-1", "0", 
    "1", NA), c("A", "G", NA)), .Names = c("", "")), class = "table"), 
        N = 11581L), Tag.Distribution = structure(c(`1` = 497L, 
    `2` = 337L, `3` = 274L, `4` = 207L, `5` = 136L, `6` = 115L, 
    `7` = 92L, `8` = 81L, `9` = 64L, `10` = 44L, `11` = 34L, 
    `12` = 24L, `13` = 29L, `14` = 19L, `15` = 14L, `16` = 11L, 
    `17` = 13L, `18` = 9L, `19` = 8L, `20` = 9L, `21` = 10L, 
    `22` = 8L, `23` = 5L, `24` = 6L, `25` = 4L, `26` = 4L, `27` = 3L, 
    `28` = 6L, `29` = 5L, `30` = 2L, `31` = 2L, `32` = 5L, `33` = 2L, 
    `34` = 1L, `35` = 1L, `36` = 1L, `37` = 1L, `38` = 1L, `39` = 3L, 
    `40` = 1L, `42` = 1L, `51` = 1L, `52` = 1L, `55` = 2L, `65` = 1L
    ), .Dim = 45L, .Dimnames = structure(list(c("1", "2", "3", 
    "4", "5", "6", "7", "8", "9", "10", "11", "12", "13", "14", 
    "15", "16", "17", "18", "19", "20", "21", "22", "23", "24", 
    "25", "26", "27", "28", "29", "30", "31", "32", "33", "34", 
    "35", "36", "37", "38", "39", "40", "42", "51", "52", "55", 
    "65")), .Names = ""), class = "table"), No.Tag = structure(c(0L, 
    0L, 59L, 357L, 1L, 1L, 0L, 0L, 0L, 0L, 0L, 0L, 0L, 0L, 2L, 
    8L, 0L, 0L), .Dim = c(6L, 3L), .Dimnames = structure(list(
        c("-3", "-2", "-1", "0", "1", NA), c("A", "G", NA)), .Names = c("", 
    "")), class = "table"), All.Tags = list(Concordant = list(
        Freqs = structure(c(0, 0, 114, 1465, 3, 0, 0, 0, 0, 0
        ), .Dim = c(5L, 2L), .Dimnames = list(c("-3", "-2", "-1", 
        "0", "1"), c("A", "G"))), N = 1582), Majority = list(
        Freqs = structure(c(0, 0, 186, 1848, 3, 0, 0, 0, 0, 0
        ), .Dim = c(5L, 2L), .Dimnames = list(c("-3", "-2", "-1", 
        "0", "1"), c("A", "G"))), N = 2037)), `2` = structure(c(0, 
    0, 126, 1423, 0, 0, 0, 0, 0, 0), .Dim = c(5L, 2L), .Dimnames = list(
        c("-3", "-2", "-1", "0", "1"), c("A", "G"))))))
