Results <-
list(`bwaOutput/20210421msiMNRsJenny/255810_S67.sam` = list(DEPDC2_SNP1 = list(
    All = list(Freqs = structure(c(0L, 0L, 2L, 1L, 0L, 0L, 4L, 
    887L, 5026L, 126L, 3L, 110L, 0L, 0L, 9L, 0L, 0L, 0L, 0L, 
    10L, 93L, 1L, 1L, 0L), .Dim = c(6L, 4L), .Dimnames = structure(list(
        c("-2", "-1", "0", "1", "2", NA), c("A", "C", "T", NA
        )), .Names = c("", "")), class = "table"), N = 6273L), 
    Tag.Distribution = structure(c(`1` = 451L, `2` = 248L, `3` = 267L, 
    `4` = 181L, `5` = 119L, `6` = 111L, `7` = 66L, `8` = 65L, 
    `9` = 34L, `10` = 26L, `11` = 16L, `12` = 15L, `13` = 10L, 
    `14` = 3L, `15` = 4L, `16` = 3L, `17` = 2L, `18` = 1L, `20` = 3L, 
    `21` = 1L, `22` = 1L), .Dim = 21L, .Dimnames = structure(list(
        c("1", "2", "3", "4", "5", "6", "7", "8", "9", "10", 
        "11", "12", "13", "14", "15", "16", "17", "18", "20", 
        "21", "22")), .Names = ""), class = "table"), No.Tag = structure(c(0L, 
    0L, 0L, 0L, 0L, 0L, 0L, 40L, 144L, 3L, 0L, 7L, 0L, 0L, 0L, 
    0L, 0L, 0L, 0L, 1L, 6L, 0L, 0L, 0L), .Dim = c(6L, 4L), .Dimnames = structure(list(
        c("-2", "-1", "0", "1", "2", NA), c("A", "C", "T", NA
        )), .Names = c("", "")), class = "table"), All.Tags = list(
        Concordant = list(Freqs = structure(c(0, 0, 0, 0, 0, 
        0, 164, 1204, 26, 2, 0, 0, 3, 0, 0), .Dim = c(5L, 3L), .Dimnames = list(
            c("-2", "-1", "0", "1", "2"), c("A", "C", "T"))), 
            N = 1399), Majority = list(Freqs = structure(c(0, 
        0, 0, 0, 0, 0, 206, 1325, 31, 2, 0, 0, 3, 0, 0), .Dim = c(5L, 
        3L), .Dimnames = list(c("-2", "-1", "0", "1", "2"), c("A", 
        "C", "T"))), N = 1567)), `2` = structure(c(0, 0, 0, 0, 
    0, 0, 130, 985, 23, 2, 0, 0, 0, 0, 0), .Dim = c(5L, 3L), .Dimnames = list(
        c("-2", "-1", "0", "1", "2"), c("A", "C", "T"))))))
