Results <-
list(`bwaOutput/20210421msiMNRsJenny/255809_S66.sam` = list(GM01_SNP1 = list(
    All = list(Freqs = structure(c(0L, 0L, 1L, 0L, 0L, 2L, 101L, 
    6510L, 36L, 6L, 0L, 0L, 1L, 0L, 0L, 2L, 197L, 6697L, 29L, 
    11L, 0L, 0L, 1L, 0L, 0L, 0L, 5L, 210L, 2L, 0L), .Dim = 5:6, .Dimnames = structure(list(
        c("-2", "-1", "0", "1", NA), c("-", "A", "C", "G", "T", 
        NA)), .Names = c("", "")), class = "table"), N = 13811L), 
    Tag.Distribution = structure(c(`1` = 286L, `2` = 141L, `3` = 120L, 
    `4` = 160L, `5` = 114L, `6` = 114L, `7` = 102L, `8` = 94L, 
    `9` = 92L, `10` = 83L, `11` = 60L, `12` = 54L, `13` = 45L, 
    `14` = 57L, `15` = 45L, `16` = 27L, `17` = 25L, `18` = 24L, 
    `19` = 21L, `20` = 12L, `21` = 19L, `22` = 5L, `23` = 11L, 
    `24` = 6L, `25` = 8L, `26` = 4L, `27` = 3L, `28` = 3L, `29` = 1L, 
    `30` = 3L, `31` = 3L, `32` = 2L, `33` = 3L, `34` = 2L, `35` = 1L, 
    `37` = 2L, `38` = 1L, `39` = 2L, `43` = 1L, `44` = 1L, `46` = 2L, 
    `50` = 1L), .Dim = 42L, .Dimnames = structure(list(c("1", 
    "2", "3", "4", "5", "6", "7", "8", "9", "10", "11", "12", 
    "13", "14", "15", "16", "17", "18", "19", "20", "21", "22", 
    "23", "24", "25", "26", "27", "28", "29", "30", "31", "32", 
    "33", "34", "35", "37", "38", "39", "43", "44", "46", "50"
    )), .Names = ""), class = "table"), No.Tag = structure(c(0L, 
    0L, 0L, 0L, 0L, 0L, 3L, 125L, 0L, 2L, 0L, 0L, 0L, 0L, 0L, 
    0L, 9L, 142L, 1L, 1L, 0L, 0L, 1L, 0L, 0L, 0L, 0L, 15L, 0L, 
    0L), .Dim = 5:6, .Dimnames = structure(list(c("-2", "-1", 
    "0", "1", NA), c("-", "A", "C", "G", "T", NA)), .Names = c("", 
    "")), class = "table"), All.Tags = list(Concordant = list(
        Freqs = structure(c(0, 0, 0, 0, 0, 4, 612, 0, 0, 0, 0, 
        0, 0, 5, 634, 1, 0, 0, 0, 0), .Dim = 4:5, .Dimnames = list(
            c("-2", "-1", "0", "1"), c("-", "A", "C", "G", "T"
            ))), N = 1256), Majority = list(Freqs = structure(c(0, 
    0, 0, 0, 0, 4, 833, 1, 0, 0, 0, 0, 0, 7, 852, 1, 0, 0, 0, 
    0), .Dim = 4:5, .Dimnames = list(c("-2", "-1", "0", "1"), 
        c("-", "A", "C", "G", "T"))), N = 1698)), `2` = structure(c(0, 
    0, 0, 0, 0, 2, 705, 1, 0, 0, 0, 0, 0, 5, 717, 0, 0, 0, 0, 
    0), .Dim = 4:5, .Dimnames = list(c("-2", "-1", "0", "1"), 
        c("-", "A", "C", "G", "T"))))))
