Results <-
list(`bwaOutput/20210421msiMNRsJenny/255809_S66.sam` = list(GM22_SNP1 = list(
    All = list(Freqs = structure(c(2L, 691L, 4713L, 26L, 1L, 
    24L, 3L, 136L, 5706L, 33L, 0L, 8L, 0L, 0L, 1L, 0L, 0L, 0L, 
    0L, 7L, 212L, 1L, 0L, 0L), .Dim = c(6L, 4L), .Dimnames = structure(list(
        c("-2", "-1", "0", "1", "2", NA), c("A", "G", "T", NA
        )), .Names = c("", "")), class = "table"), N = 11564L), 
    Tag.Distribution = structure(c(`1` = 290L, `2` = 154L, `3` = 135L, 
    `4` = 124L, `5` = 91L, `6` = 103L, `7` = 93L, `8` = 80L, 
    `9` = 70L, `10` = 64L, `11` = 58L, `12` = 65L, `13` = 47L, 
    `14` = 31L, `15` = 33L, `16` = 18L, `17` = 31L, `18` = 14L, 
    `19` = 16L, `20` = 19L, `21` = 8L, `22` = 6L, `23` = 6L, 
    `24` = 4L, `25` = 3L, `26` = 4L, `27` = 5L, `28` = 1L, `29` = 1L, 
    `30` = 2L, `31` = 2L, `33` = 2L, `34` = 1L, `40` = 1L, `53` = 1L
    ), .Dim = 35L, .Dimnames = structure(list(c("1", "2", "3", 
    "4", "5", "6", "7", "8", "9", "10", "11", "12", "13", "14", 
    "15", "16", "17", "18", "19", "20", "21", "22", "23", "24", 
    "25", "26", "27", "28", "29", "30", "31", "33", "34", "40", 
    "53")), .Names = ""), class = "table"), No.Tag = structure(c(0L, 
    33L, 190L, 0L, 0L, 1L, 0L, 6L, 246L, 0L, 0L, 3L, 0L, 0L, 
    0L, 0L, 0L, 0L, 0L, 0L, 23L, 0L, 0L, 0L), .Dim = c(6L, 4L
    ), .Dimnames = structure(list(c("-2", "-1", "0", "1", "2", 
    NA), c("A", "G", "T", NA)), .Names = c("", "")), class = "table"), 
    All.Tags = list(Concordant = list(Freqs = structure(c(0, 
    70, 501, 1, 0, 0, 3, 639, 2, 0, 0, 0, 0, 0, 0), .Dim = c(5L, 
    3L), .Dimnames = list(c("-2", "-1", "0", "1", "2"), c("A", 
    "G", "T"))), N = 1216), Majority = list(Freqs = structure(c(0, 
    93, 631, 1, 0, 0, 4, 792, 2, 0, 0, 0, 0, 0, 0), .Dim = c(5L, 
    3L), .Dimnames = list(c("-2", "-1", "0", "1", "2"), c("A", 
    "G", "T"))), N = 1523)), `2` = structure(c(0, 78, 520, 0, 
    0, 0, 3, 658, 1, 0, 0, 0, 0, 0, 0), .Dim = c(5L, 3L), .Dimnames = list(
        c("-2", "-1", "0", "1", "2"), c("A", "G", "T"))))))
