Results <-
list(`bwaOutput/20210421msiMNRsJenny/255811_S68.sam` = list(LR46_SNP1 = list(
    All = list(Freqs = structure(c(0L, 0L, 2L, 0L, 0L, 0L, 1L, 
    71L, 9223L, 25L, 1L, 28L, 0L, 0L, 5L, 0L, 0L, 0L, 0L, 1L, 
    79L, 0L, 0L, 0L), .Dim = c(6L, 4L), .Dimnames = structure(list(
        c("-2", "-1", "0", "1", "2", NA), c("A", "G", "T", NA
        )), .Names = c("", "")), class = "table"), N = 9436L), 
    Tag.Distribution = structure(c(`1` = 621L, `2` = 425L, `3` = 355L, 
    `4` = 248L, `5` = 192L, `6` = 148L, `7` = 122L, `8` = 89L, 
    `9` = 42L, `10` = 45L, `11` = 35L, `12` = 21L, `13` = 12L, 
    `14` = 10L, `15` = 6L, `16` = 3L, `17` = 4L, `18` = 5L, `19` = 1L, 
    `20` = 2L, `21` = 1L, `22` = 1L, `26` = 1L), .Dim = 23L, .Dimnames = structure(list(
        c("1", "2", "3", "4", "5", "6", "7", "8", "9", "10", 
        "11", "12", "13", "14", "15", "16", "17", "18", "19", 
        "20", "21", "22", "26")), .Names = ""), class = "table"), 
    No.Tag = structure(c(0L, 0L, 0L, 0L, 0L, 0L, 0L, 2L, 296L, 
    0L, 0L, 2L, 0L, 0L, 0L, 0L, 0L, 0L, 0L, 0L, 9L, 0L, 0L, 0L
    ), .Dim = c(6L, 4L), .Dimnames = structure(list(c("-2", "-1", 
    "0", "1", "2", NA), c("A", "G", "T", NA)), .Names = c("", 
    "")), class = "table"), All.Tags = list(Concordant = list(
        Freqs = structure(c(0, 0, 0, 0, 0, 0, 13, 2306, 2, 1, 
        0, 0, 1, 0, 0), .Dim = c(5L, 3L), .Dimnames = list(c("-2", 
        "-1", "0", "1", "2"), c("A", "G", "T"))), N = 2323), 
        Majority = list(Freqs = structure(c(0, 0, 0, 0, 0, 0, 
        15, 2351, 3, 1, 0, 0, 1, 0, 0), .Dim = c(5L, 3L), .Dimnames = list(
            c("-2", "-1", "0", "1", "2"), c("A", "G", "T"))), 
            N = 2371)), `2` = structure(c(0, 0, 0, 0, 0, 0, 7, 
    1753, 2, 0, 0, 0, 0, 0, 0), .Dim = c(5L, 3L), .Dimnames = list(
        c("-2", "-1", "0", "1", "2"), c("A", "G", "T"))))))
