Results <-
list(`bwaOutput/20210421msiMNRsJenny/255809_S66.sam` = list(LR44_SNP1 = list(
    All = list(Freqs = structure(c(0L, 0L, 3L, 0L, 0L, 0L, 0L, 
    9L, 141L, 250L, 656L, 8L, 2L, 7L, 22L, 232L, 232L, 809L, 
    8L, 0L, 9L, 0L, 7L, 11L, 43L, 0L, 0L, 0L), .Dim = c(7L, 4L
    ), .Dimnames = structure(list(c("-3", "-2", "-1", "0", "1", 
    "3", NA), c("A", "C", "T", NA)), .Names = c("", "")), class = "table"), 
        N = 2449L), Tag.Distribution = structure(c(`1` = 83L, 
    `2` = 56L, `3` = 51L, `4` = 32L, `5` = 29L, `6` = 36L, `7` = 20L, 
    `8` = 25L, `9` = 19L, `10` = 19L, `11` = 9L, `12` = 12L, 
    `13` = 9L, `14` = 9L, `15` = 5L, `16` = 7L, `17` = 4L, `18` = 3L, 
    `23` = 1L, `24` = 1L), .Dim = 20L, .Dimnames = structure(list(
        c("1", "2", "3", "4", "5", "6", "7", "8", "9", "10", 
        "11", "12", "13", "14", "15", "16", "17", "18", "23", 
        "24")), .Names = ""), class = "table"), No.Tag = structure(c(0L, 
    0L, 0L, 0L, 0L, 0L, 0L, 0L, 0L, 2L, 33L, 0L, 0L, 0L, 0L, 
    1L, 2L, 26L, 1L, 0L, 0L, 0L, 0L, 1L, 3L, 0L, 0L, 0L), .Dim = c(7L, 
    4L), .Dimnames = structure(list(c("-3", "-2", "-1", "0", 
    "1", "3", NA), c("A", "C", "T", NA)), .Names = c("", "")), class = "table"), 
    All.Tags = list(Concordant = list(Freqs = structure(c(0, 
    0, 0, 0, 0, 0, 1, 22, 29, 102, 0, 1, 1, 35, 28, 96, 1, 0), .Dim = c(6L, 
    3L), .Dimnames = list(c("-3", "-2", "-1", "0", "1", "3"), 
        c("A", "C", "T"))), N = 316), Majority = list(Freqs = structure(c(0, 
    0, 0, 0, 0, 0, 1, 28, 38, 132, 0, 1, 1, 40, 37, 139, 1, 0
    ), .Dim = c(6L, 3L), .Dimnames = list(c("-3", "-2", "-1", 
    "0", "1", "3"), c("A", "C", "T"))), N = 418)), `2` = structure(c(0, 
    0, 0, 0, 0, 0, 1, 23, 29, 110, 0, 1, 1, 30, 28, 116, 0, 0
    ), .Dim = c(6L, 3L), .Dimnames = list(c("-3", "-2", "-1", 
    "0", "1", "3"), c("A", "C", "T"))))))
