Results <-
list(`bwaOutput/20210421msiMNRsJenny/255809_S66.sam` = list(GM17_SNP1 = list(
    All = list(Freqs = structure(c(0L, 0L, 0L, 1L, 0L, 0L, 0L, 
    0L, 0L, 0L, 2L, 0L, 0L, 0L, 0L, 0L, 0L, 19L, 0L, 0L, 0L, 
    1L, 2L, 276L, 14035L, 783L, 13L, 36L, 0L, 0L, 0L, 453L, 8L, 
    0L, 0L), .Dim = c(7L, 5L), .Dimnames = structure(list(c("-3", 
    "-2", "-1", "0", "1", "2", NA), c("-", "A", "C", "T", NA)), .Names = c("", 
    "")), class = "table"), N = 15629L), Tag.Distribution = structure(c(`1` = 299L, 
    `2` = 186L, `3` = 139L, `4` = 137L, `5` = 129L, `6` = 130L, 
    `7` = 109L, `8` = 99L, `9` = 75L, `10` = 88L, `11` = 92L, 
    `12` = 70L, `13` = 62L, `14` = 48L, `15` = 61L, `16` = 40L, 
    `17` = 32L, `18` = 21L, `19` = 22L, `20` = 18L, `21` = 12L, 
    `22` = 14L, `23` = 9L, `24` = 13L, `25` = 9L, `26` = 7L, 
    `27` = 4L, `28` = 5L, `29` = 5L, `30` = 2L, `31` = 2L, `33` = 1L, 
    `34` = 1L, `38` = 1L, `39` = 3L, `41` = 1L, `43` = 1L, `48` = 1L, 
    `57` = 1L), .Dim = 39L, .Dimnames = structure(list(c("1", 
    "2", "3", "4", "5", "6", "7", "8", "9", "10", "11", "12", 
    "13", "14", "15", "16", "17", "18", "19", "20", "21", "22", 
    "23", "24", "25", "26", "27", "28", "29", "30", "31", "33", 
    "34", "38", "39", "41", "43", "48", "57")), .Names = ""), class = "table"), 
    No.Tag = structure(c(0L, 0L, 0L, 0L, 0L, 0L, 0L, 0L, 0L, 
    0L, 0L, 0L, 0L, 0L, 0L, 0L, 0L, 4L, 0L, 0L, 0L, 0L, 0L, 6L, 
    403L, 19L, 0L, 3L, 0L, 0L, 0L, 25L, 1L, 0L, 0L), .Dim = c(7L, 
    5L), .Dimnames = structure(list(c("-3", "-2", "-1", "0", 
    "1", "2", NA), c("-", "A", "C", "T", NA)), .Names = c("", 
    "")), class = "table"), All.Tags = list(Concordant = list(
        Freqs = structure(c(0, 0, 0, 0, 0, 0, 0, 0, 0, 0, 0, 
        0, 0, 0, 0, 9, 0, 0, 0, 0, 11, 1543, 54, 0), .Dim = c(6L, 
        4L), .Dimnames = list(c("-3", "-2", "-1", "0", "1", "2"
        ), c("-", "A", "C", "T"))), N = 1617), Majority = list(
        Freqs = structure(c(0, 0, 0, 0, 0, 0, 0, 0, 0, 0, 0, 
        0, 0, 0, 0, 9, 0, 0, 0, 0, 15, 1792, 90, 0), .Dim = c(6L, 
        4L), .Dimnames = list(c("-3", "-2", "-1", "0", "1", "2"
        ), c("-", "A", "C", "T"))), N = 1906)), `2` = structure(c(0, 
    0, 0, 0, 0, 0, 0, 0, 0, 0, 0, 0, 0, 0, 0, 0, 0, 0, 0, 0, 
    11, 1542, 79, 0), .Dim = c(6L, 4L), .Dimnames = list(c("-3", 
    "-2", "-1", "0", "1", "2"), c("-", "A", "C", "T"))))))
