Results <-
list(`bwaOutput/20210421msiMNRsJenny/255810_S67.sam` = list(GM11_SNP1 = list(
    All = list(Freqs = structure(c(0L, 0L, 0L, 1L, 0L, 0L, 0L, 
    1L, 13L, 1999L, 8152L, 26L, 1L, 14L, 0L, 0L, 0L, 6L, 0L, 
    0L, 0L, 0L, 0L, 0L, 1L, 0L, 0L, 0L, 0L, 1L, 14L, 55L, 0L, 
    0L, 0L), .Dim = c(7L, 5L), .Dimnames = structure(list(c("-3", 
    "-2", "-1", "0", "1", "2", NA), c("-", "A", "G", "T", NA)), .Names = c("", 
    "")), class = "table"), N = 10284L), Tag.Distribution = structure(c(`1` = 320L, 
    `2` = 269L, `3` = 207L, `4` = 194L, `5` = 173L, `6` = 131L, 
    `7` = 111L, `8` = 95L, `9` = 72L, `10` = 62L, `11` = 43L, 
    `12` = 43L, `13` = 37L, `14` = 14L, `15` = 14L, `16` = 13L, 
    `17` = 11L, `18` = 7L, `19` = 9L, `20` = 4L, `21` = 6L, `22` = 4L, 
    `23` = 4L, `24` = 5L, `25` = 1L, `26` = 1L, `27` = 1L, `28` = 1L, 
    `29` = 1L, `33` = 1L, `34` = 1L, `35` = 2L), .Dim = 32L, .Dimnames = structure(list(
        c("1", "2", "3", "4", "5", "6", "7", "8", "9", "10", 
        "11", "12", "13", "14", "15", "16", "17", "18", "19", 
        "20", "21", "22", "23", "24", "25", "26", "27", "28", 
        "29", "33", "34", "35")), .Names = ""), class = "table"), 
    No.Tag = structure(c(0L, 0L, 0L, 0L, 0L, 0L, 0L, 0L, 1L, 
    42L, 180L, 0L, 0L, 1L, 0L, 0L, 0L, 1L, 0L, 0L, 0L, 0L, 0L, 
    0L, 0L, 0L, 0L, 0L, 0L, 0L, 2L, 0L, 0L, 0L, 0L), .Dim = c(7L, 
    5L), .Dimnames = structure(list(c("-3", "-2", "-1", "0", 
    "1", "2", NA), c("-", "A", "G", "T", NA)), .Names = c("", 
    "")), class = "table"), All.Tags = list(Concordant = list(
        Freqs = structure(c(0, 0, 0, 0, 0, 0, 0, 3, 229, 1278, 
        1, 0, 0, 0, 0, 1, 0, 0, 0, 0, 0, 0, 0, 0), .Dim = c(6L, 
        4L), .Dimnames = list(c("-3", "-2", "-1", "0", "1", "2"
        ), c("-", "A", "G", "T"))), N = 1512), Majority = list(
        Freqs = structure(c(0, 0, 0, 0, 0, 0, 0, 3, 317, 1500, 
        1, 0, 0, 0, 0, 1, 0, 0, 0, 0, 0, 0, 0, 0), .Dim = c(6L, 
        4L), .Dimnames = list(c("-3", "-2", "-1", "0", "1", "2"
        ), c("-", "A", "G", "T"))), N = 1822)), `2` = structure(c(0, 
    0, 0, 0, 0, 0, 0, 2, 258, 1246, 0, 0, 0, 0, 0, 0, 0, 0, 0, 
    0, 0, 0, 0, 0), .Dim = c(6L, 4L), .Dimnames = list(c("-3", 
    "-2", "-1", "0", "1", "2"), c("-", "A", "G", "T"))))))
