Results <-
list(`bwaOutput/20210421msiMNRsJenny/255811_S68.sam` = list(LR40_SNP1 = list(
    All = list(Freqs = structure(c(1L, 131L, 9427L, 27L, 19L, 
    0L, 0L, 1L, 0L, 0L, 0L, 1L, 85L, 0L, 0L), .Dim = c(5L, 3L
    ), .Dimnames = structure(list(c("-2", "-1", "0", "1", NA), 
        c("C", "T", NA)), .Names = c("", "")), class = "table"), 
        N = 9692L), Tag.Distribution = structure(c(`1` = 563L, 
    `2` = 402L, `3` = 303L, `4` = 216L, `5` = 174L, `6` = 142L, 
    `7` = 96L, `8` = 69L, `9` = 52L, `10` = 45L, `11` = 28L, 
    `12` = 15L, `13` = 23L, `14` = 17L, `15` = 9L, `16` = 8L, 
    `17` = 12L, `18` = 2L, `19` = 5L, `20` = 7L, `21` = 3L, `22` = 3L, 
    `23` = 4L, `24` = 1L, `26` = 4L, `27` = 1L, `28` = 1L, `29` = 2L, 
    `30` = 2L, `35` = 1L, `38` = 1L, `43` = 1L, `45` = 1L), .Dim = 33L, .Dimnames = structure(list(
        c("1", "2", "3", "4", "5", "6", "7", "8", "9", "10", 
        "11", "12", "13", "14", "15", "16", "17", "18", "19", 
        "20", "21", "22", "23", "24", "26", "27", "28", "29", 
        "30", "35", "38", "43", "45")), .Names = ""), class = "table"), 
    No.Tag = structure(c(0L, 4L, 229L, 0L, 3L, 0L, 0L, 0L, 0L, 
    0L, 0L, 0L, 6L, 0L, 0L), .Dim = c(5L, 3L), .Dimnames = structure(list(
        c("-2", "-1", "0", "1", NA), c("C", "T", NA)), .Names = c("", 
    "")), class = "table"), All.Tags = list(Concordant = list(
        Freqs = structure(c(0, 12, 2077, 3, 0, 0, 0, 0), .Dim = c(4L, 
        2L), .Dimnames = list(c("-2", "-1", "0", "1"), c("C", 
        "T"))), N = 2092), Majority = list(Freqs = structure(c(0, 
    12, 2180, 3, 0, 0, 0, 0), .Dim = c(4L, 2L), .Dimnames = list(
        c("-2", "-1", "0", "1"), c("C", "T"))), N = 2195)), `2` = structure(c(0, 
    3, 1633, 0, 0, 0, 0, 0), .Dim = c(4L, 2L), .Dimnames = list(
        c("-2", "-1", "0", "1"), c("C", "T"))))))
