Results <-
list(`bwaOutput/20210421msiMNRsJenny/255810_S67.sam` = list(LR49_SNP1 = list(
    All = list(Freqs = structure(c(20L, 3872L, 6859L, 3L, 71L, 
    0L, 1L, 0L, 0L, 0L, 0L, 2L, 15L, 0L, 0L, 0L, 0L, 1L, 0L, 
    0L, 0L, 51L, 137L, 0L, 0L), .Dim = c(5L, 5L), .Dimnames = structure(list(
        c("-2", "-1", "0", "1", NA), c("A", "C", "G", "T", NA
        )), .Names = c("", "")), class = "table"), N = 11032L), 
    Tag.Distribution = structure(c(`1` = 476L, `2` = 313L, `3` = 260L, 
    `4` = 209L, `5` = 177L, `6` = 136L, `7` = 132L, `8` = 102L, 
    `9` = 75L, `10` = 57L, `11` = 47L, `12` = 29L, `13` = 30L, 
    `14` = 26L, `15` = 21L, `16` = 11L, `17` = 10L, `18` = 12L, 
    `19` = 6L, `20` = 1L, `21` = 3L, `22` = 6L, `23` = 4L, `24` = 1L, 
    `25` = 4L, `26` = 2L, `29` = 1L, `32` = 1L, `33` = 2L), .Dim = 29L, .Dimnames = structure(list(
        c("1", "2", "3", "4", "5", "6", "7", "8", "9", "10", 
        "11", "12", "13", "14", "15", "16", "17", "18", "19", 
        "20", "21", "22", "23", "24", "25", "26", "29", "32", 
        "33")), .Names = ""), class = "table"), No.Tag = structure(c(1L, 
    116L, 272L, 0L, 9L, 0L, 0L, 0L, 0L, 0L, 0L, 0L, 1L, 0L, 0L, 
    0L, 0L, 0L, 0L, 0L, 0L, 3L, 6L, 0L, 0L), .Dim = c(5L, 5L), .Dimnames = structure(list(
        c("-2", "-1", "0", "1", NA), c("A", "C", "G", "T", NA
        )), .Names = c("", "")), class = "table"), All.Tags = list(
        Concordant = list(Freqs = structure(c(2, 537, 1020, 0, 
        0, 0, 0, 0, 0, 0, 4, 0, 0, 0, 0, 0), .Dim = c(4L, 4L), .Dimnames = list(
            c("-2", "-1", "0", "1"), c("A", "C", "G", "T"))), 
            N = 1563), Majority = list(Freqs = structure(c(3, 
        748, 1301, 0, 0, 0, 0, 0, 0, 0, 4, 0, 0, 0, 0, 0), .Dim = c(4L, 
        4L), .Dimnames = list(c("-2", "-1", "0", "1"), c("A", 
        "C", "G", "T"))), N = 2056)), `2` = structure(c(2, 571, 
    1025, 0, 0, 0, 0, 0, 0, 0, 0, 0, 0, 0, 0, 0), .Dim = c(4L, 
    4L), .Dimnames = list(c("-2", "-1", "0", "1"), c("A", "C", 
    "G", "T"))))))
