Results <-
list(`bwaOutput/20210421msiMNRsJenny/255810_S67.sam` = list(GM14_SNP1 = list(
    All = list(Freqs = structure(c(0L, 0L, 0L, 0L, 2L, 0L, 0L, 
    0L, 2L, 252L, 1180L, 99L, 2643L, 42L, 1L, 36L, 0L, 1L, 52L, 
    1528L, 2928L, 20L, 0L, 10L, 0L, 0L, 5L, 4L, 68L, 0L, 0L, 
    0L), .Dim = c(8L, 4L), .Dimnames = structure(list(c("-4", 
    "-3", "-2", "-1", "0", "1", "2", NA), c("A", "C", "T", NA
    )), .Names = c("", "")), class = "table"), N = 8873L), Tag.Distribution = structure(c(`1` = 401L, 
    `2` = 284L, `3` = 243L, `4` = 194L, `5` = 172L, `6` = 145L, 
    `7` = 120L, `8` = 84L, `9` = 77L, `10` = 48L, `11` = 27L, 
    `12` = 31L, `13` = 19L, `14` = 17L, `15` = 11L, `16` = 12L, 
    `17` = 1L, `18` = 3L, `19` = 1L, `20` = 3L, `22` = 1L, `24` = 1L, 
    `25` = 1L, `32` = 1L), .Dim = 24L, .Dimnames = structure(list(
        c("1", "2", "3", "4", "5", "6", "7", "8", "9", "10", 
        "11", "12", "13", "14", "15", "16", "17", "18", "19", 
        "20", "22", "24", "25", "32")), .Names = ""), class = "table"), 
    No.Tag = structure(c(0L, 0L, 0L, 0L, 0L, 0L, 0L, 0L, 0L, 
    8L, 8L, 2L, 83L, 1L, 0L, 2L, 0L, 0L, 1L, 21L, 91L, 1L, 0L, 
    0L, 0L, 0L, 0L, 0L, 2L, 0L, 0L, 0L), .Dim = c(8L, 4L), .Dimnames = structure(list(
        c("-4", "-3", "-2", "-1", "0", "1", "2", NA), c("A", 
        "C", "T", NA)), .Names = c("", "")), class = "table"), 
    All.Tags = list(Concordant = list(Freqs = structure(c(0, 
    0, 0, 0, 0, 0, 0, 0, 36, 173, 6, 381, 3, 0, 0, 0, 8, 230, 
    436, 2, 0), .Dim = c(7L, 3L), .Dimnames = list(c("-4", "-3", 
    "-2", "-1", "0", "1", "2"), c("A", "C", "T"))), N = 1275), 
        Majority = list(Freqs = structure(c(0, 0, 0, 0, 0, 0, 
        0, 0, 47, 249, 7, 559, 4, 0, 0, 0, 11, 315, 606, 2, 0
        ), .Dim = c(7L, 3L), .Dimnames = list(c("-4", "-3", "-2", 
        "-1", "0", "1", "2"), c("A", "C", "T"))), N = 1800)), 
    `2` = structure(c(0, 0, 0, 0, 0, 0, 0, 0, 34, 203, 2, 425, 
    1, 0, 0, 0, 9, 254, 482, 0, 0), .Dim = c(7L, 3L), .Dimnames = list(
        c("-4", "-3", "-2", "-1", "0", "1", "2"), c("A", "C", 
        "T"))))))
