Results <-
list(`bwaOutput/20210421msiMNRsJenny/255811_S68.sam` = list(GM01_SNP1 = list(
    All = list(Freqs = structure(c(1L, 255L, 8488L, 40L, 1L, 
    11L, 1L, 142L, 8417L, 26L, 0L, 10L, 0L, 0L, 2L, 0L, 0L, 0L, 
    0L, 2L, 217L, 0L, 0L, 0L), .Dim = c(6L, 4L), .Dimnames = structure(list(
        c("-2", "-1", "0", "1", "2", NA), c("A", "G", "T", NA
        )), .Names = c("", "")), class = "table"), N = 17613L), 
    Tag.Distribution = structure(c(`1` = 527L, `2` = 435L, `3` = 391L, 
    `4` = 341L, `5` = 247L, `6` = 204L, `7` = 172L, `8` = 165L, 
    `9` = 126L, `10` = 103L, `11` = 75L, `12` = 75L, `13` = 52L, 
    `14` = 44L, `15` = 31L, `16` = 23L, `17` = 29L, `18` = 14L, 
    `19` = 7L, `20` = 9L, `21` = 8L, `22` = 11L, `23` = 6L, `24` = 5L, 
    `25` = 5L, `26` = 2L, `27` = 2L, `28` = 1L, `29` = 4L, `31` = 1L, 
    `32` = 1L, `34` = 1L, `35` = 1L, `39` = 1L), .Dim = 34L, .Dimnames = structure(list(
        c("1", "2", "3", "4", "5", "6", "7", "8", "9", "10", 
        "11", "12", "13", "14", "15", "16", "17", "18", "19", 
        "20", "21", "22", "23", "24", "25", "26", "27", "28", 
        "29", "31", "32", "34", "35", "39")), .Names = ""), class = "table"), 
    No.Tag = structure(c(0L, 3L, 217L, 0L, 0L, 1L, 0L, 2L, 169L, 
    0L, 0L, 0L, 0L, 0L, 1L, 0L, 0L, 0L, 0L, 0L, 17L, 0L, 0L, 
    0L), .Dim = c(6L, 4L), .Dimnames = structure(list(c("-2", 
    "-1", "0", "1", "2", NA), c("A", "G", "T", NA)), .Names = c("", 
    "")), class = "table"), All.Tags = list(Concordant = list(
        Freqs = structure(c(0, 15, 798, 0, 0, 0, 7, 781, 3, 0, 
        0, 0, 0, 0, 0), .Dim = c(5L, 3L), .Dimnames = list(c("-2", 
        "-1", "0", "1", "2"), c("A", "G", "T"))), N = 1604), 
        Majority = list(Freqs = structure(c(0, 25, 1440, 0, 0, 
        0, 11, 1411, 4, 0, 0, 0, 0, 0, 0), .Dim = c(5L, 3L), .Dimnames = list(
            c("-2", "-1", "0", "1", "2"), c("A", "G", "T"))), 
            N = 2891)), `2` = structure(c(0, 19, 1189, 0, 0, 
    0, 5, 1162, 1, 0, 0, 0, 0, 0, 0), .Dim = c(5L, 3L), .Dimnames = list(
        c("-2", "-1", "0", "1", "2"), c("A", "G", "T"))))))
