Results <-
list(`bwaOutput/20210421msiMNRsJenny/255810_S67.sam` = list(LR48_SNP1 = list(
    All = list(Freqs = structure(c(0L, 0L, 0L, 3L, 0L, 0L, 0L, 
    2L, 141L, 2072L, 3538L, 45L, 0L, 64L, 0L, 3L, 203L, 4155L, 
    601L, 11L, 24L, 0L, 1L, 19L, 172L, 20L, 1L, 0L), .Dim = c(7L, 
    4L), .Dimnames = structure(list(c("-3", "-2", "-1", "0", 
    "1", "2", NA), c("A", "C", "T", NA)), .Names = c("", "")), class = "table"), 
        N = 11075L), Tag.Distribution = structure(c(`1` = 308L, 
    `2` = 223L, `3` = 171L, `4` = 179L, `5` = 165L, `6` = 135L, 
    `7` = 117L, `8` = 90L, `9` = 93L, `10` = 61L, `11` = 52L, 
    `12` = 46L, `13` = 35L, `14` = 39L, `15` = 21L, `16` = 24L, 
    `17` = 13L, `18` = 13L, `19` = 6L, `20` = 5L, `21` = 7L, 
    `22` = 5L, `23` = 3L, `25` = 4L, `26` = 3L, `28` = 1L, `30` = 3L
    ), .Dim = 27L, .Dimnames = structure(list(c("1", "2", "3", 
    "4", "5", "6", "7", "8", "9", "10", "11", "12", "13", "14", 
    "15", "16", "17", "18", "19", "20", "21", "22", "23", "25", 
    "26", "28", "30")), .Names = ""), class = "table"), No.Tag = structure(c(0L, 
    0L, 0L, 1L, 0L, 0L, 0L, 0L, 2L, 72L, 105L, 0L, 0L, 2L, 0L, 
    0L, 7L, 127L, 21L, 0L, 0L, 0L, 0L, 4L, 14L, 1L, 0L, 0L), .Dim = c(7L, 
    4L), .Dimnames = structure(list(c("-3", "-2", "-1", "0", 
    "1", "2", NA), c("A", "C", "T", NA)), .Names = c("", "")), class = "table"), 
    All.Tags = list(Concordant = list(Freqs = structure(c(0, 
    0, 0, 0, 0, 0, 0, 13, 211, 387, 1, 0, 0, 0, 13, 458, 49, 
    0), .Dim = c(6L, 3L), .Dimnames = list(c("-3", "-2", "-1", 
    "0", "1", "2"), c("A", "C", "T"))), N = 1132), Majority = list(
        Freqs = structure(c(0, 0, 0, 0, 0, 0, 0, 17, 331, 575, 
        1, 0, 0, 0, 17, 693, 86, 0), .Dim = c(6L, 3L), .Dimnames = list(
            c("-3", "-2", "-1", "0", "1", "2"), c("A", "C", "T"
            ))), N = 1720)), `2` = structure(c(0, 0, 0, 0, 0, 
    0, 0, 14, 289, 477, 0, 0, 0, 0, 10, 573, 68, 0), .Dim = c(6L, 
    3L), .Dimnames = list(c("-3", "-2", "-1", "0", "1", "2"), 
        c("A", "C", "T"))))))
