Results <-
list(`bwaOutput/20210421msiMNRsJenny/255811_S68.sam` = list(LR20_SNP1 = list(
    All = list(Freqs = structure(c(0L, 0L, 10L, 0L, 0L, 3L, 1213L, 
    9126L, 21L, 18L, 0L, 0L, 2L, 0L, 0L, 0L, 7L, 131L, 0L, 0L
    ), .Dim = 5:4, .Dimnames = structure(list(c("-2", "-1", "0", 
    "1", NA), c("A", "G", "T", NA)), .Names = c("", "")), class = "table"), 
        N = 10531L), Tag.Distribution = structure(c(`1` = 608L, 
    `2` = 442L, `3` = 361L, `4` = 312L, `5` = 212L, `6` = 159L, 
    `7` = 99L, `8` = 82L, `9` = 60L, `10` = 53L, `11` = 33L, 
    `12` = 21L, `13` = 20L, `14` = 12L, `15` = 10L, `16` = 11L, 
    `17` = 2L, `18` = 4L, `19` = 7L, `20` = 1L, `21` = 4L, `22` = 1L, 
    `23` = 2L, `24` = 1L, `25` = 2L, `26` = 1L), .Dim = 26L, .Dimnames = structure(list(
        c("1", "2", "3", "4", "5", "6", "7", "8", "9", "10", 
        "11", "12", "13", "14", "15", "16", "17", "18", "19", 
        "20", "21", "22", "23", "24", "25", "26")), .Names = ""), class = "table"), 
    No.Tag = structure(c(0L, 0L, 0L, 0L, 0L, 0L, 49L, 332L, 1L, 
    2L, 0L, 0L, 0L, 0L, 0L, 0L, 0L, 11L, 0L, 0L), .Dim = 5:4, .Dimnames = structure(list(
        c("-2", "-1", "0", "1", NA), c("A", "G", "T", NA)), .Names = c("", 
    "")), class = "table"), All.Tags = list(Concordant = list(
        Freqs = structure(c(0, 0, 2, 0, 1, 147, 1929, 3, 0, 0, 
        0, 0), .Dim = 4:3, .Dimnames = list(c("-2", "-1", "0", 
        "1"), c("A", "G", "T"))), N = 2082), Majority = list(
        Freqs = structure(c(0, 0, 2, 0, 1, 217, 2209, 3, 0, 0, 
        0, 0), .Dim = 4:3, .Dimnames = list(c("-2", "-1", "0", 
        "1"), c("A", "G", "T"))), N = 2432)), `2` = structure(c(0, 
    0, 0, 0, 0, 148, 1693, 1, 0, 0, 0, 0), .Dim = 4:3, .Dimnames = list(
        c("-2", "-1", "0", "1"), c("A", "G", "T"))))))
