Results <-
list(`bwaOutput/20210421msiMNRsJenny/255811_S68.sam` = list(GM14_SNP1 = list(
    All = list(Freqs = structure(c(0L, 0L, 0L, 1L, 0L, 0L, 0L, 
    2L, 128L, 1145L, 3636L, 32L, 1L, 21L, 1L, 12L, 1175L, 3482L, 
    20L, 0L, 9L, 0L, 0L, 7L, 89L, 1L, 0L, 0L), .Dim = c(7L, 4L
    ), .Dimnames = structure(list(c("-3", "-2", "-1", "0", "1", 
    "2", NA), c("A", "C", "T", NA)), .Names = c("", "")), class = "table"), 
        N = 9762L), Tag.Distribution = structure(c(`1` = 655L, 
    `2` = 512L, `3` = 397L, `4` = 327L, `5` = 233L, `6` = 173L, 
    `7` = 106L, `8` = 83L, `9` = 60L, `10` = 32L, `11` = 28L, 
    `12` = 10L, `13` = 11L, `14` = 8L, `15` = 6L, `16` = 1L, 
    `17` = 3L, `18` = 1L), .Dim = 18L, .Dimnames = structure(list(
        c("1", "2", "3", "4", "5", "6", "7", "8", "9", "10", 
        "11", "12", "13", "14", "15", "16", "17", "18")), .Names = ""), class = "table"), 
    No.Tag = structure(c(0L, 0L, 0L, 0L, 0L, 0L, 0L, 0L, 2L, 
    37L, 107L, 0L, 0L, 0L, 0L, 0L, 18L, 89L, 0L, 0L, 1L, 0L, 
    0L, 0L, 3L, 0L, 0L, 0L), .Dim = c(7L, 4L), .Dimnames = structure(list(
        c("-3", "-2", "-1", "0", "1", "2", NA), c("A", "C", "T", 
        NA)), .Names = c("", "")), class = "table"), All.Tags = list(
        Concordant = list(Freqs = structure(c(0, 0, 0, 0, 0, 
        0, 0, 22, 161, 624, 5, 0, 0, 0, 184, 647, 1, 0), .Dim = c(6L, 
        3L), .Dimnames = list(c("-3", "-2", "-1", "0", "1", "2"
        ), c("A", "C", "T"))), N = 1644), Majority = list(Freqs = structure(c(0, 
        0, 0, 0, 0, 0, 0, 29, 254, 905, 5, 0, 0, 0, 293, 923, 
        1, 0), .Dim = c(6L, 3L), .Dimnames = list(c("-3", "-2", 
        "-1", "0", "1", "2"), c("A", "C", "T"))), N = 2410)), 
    `2` = structure(c(0, 0, 0, 0, 0, 0, 0, 19, 189, 669, 0, 0, 
    0, 0, 197, 690, 0, 0), .Dim = c(6L, 3L), .Dimnames = list(
        c("-3", "-2", "-1", "0", "1", "2"), c("A", "C", "T"))))))
