Results <-
list(`bwaOutput/20210421msiMNRsJenny/256267_S69.sam` = list(IM49_SNP1 = list(
    All = list(Freqs = structure(c(0L, 99L, 669L, 3289L, 65L, 
    2L, 0L, 33L, 4L, 516L, 95L, 3300L, 64L, 1L, 1L, 42L, 1L, 
    8L, 11L, 225L, 9L, 0L, 0L, 0L), .Dim = c(8L, 3L), .Dimnames = structure(list(
        c("-3", "-2", "-1", "0", "1", "2", "3", NA), c("C", "G", 
        NA)), .Names = c("", "")), class = "table"), N = 8434L), 
    Tag.Distribution = structure(c(`1` = 500L, `2` = 277L, `3` = 240L, 
    `4` = 169L, `5` = 150L, `6` = 123L, `7` = 91L, `8` = 81L, 
    `9` = 58L, `10` = 46L, `11` = 32L, `12` = 26L, `13` = 20L, 
    `14` = 17L, `15` = 9L, `16` = 9L, `17` = 8L, `18` = 6L, `19` = 6L, 
    `20` = 2L, `21` = 3L, `22` = 1L, `31` = 1L, `37` = 1L), .Dim = 24L, .Dimnames = structure(list(
        c("1", "2", "3", "4", "5", "6", "7", "8", "9", "10", 
        "11", "12", "13", "14", "15", "16", "17", "18", "19", 
        "20", "21", "22", "31", "37")), .Names = ""), class = "table"), 
    No.Tag = structure(c(0L, 4L, 9L, 63L, 2L, 0L, 0L, 1L, 1L, 
    25L, 5L, 106L, 3L, 0L, 0L, 3L, 0L, 1L, 1L, 13L, 0L, 0L, 0L, 
    0L), .Dim = c(8L, 3L), .Dimnames = structure(list(c("-3", 
    "-2", "-1", "0", "1", "2", "3", NA), c("C", "G", NA)), .Names = c("", 
    "")), class = "table"), All.Tags = list(Concordant = list(
        Freqs = structure(c(0, 18, 87, 538, 7, 0, 0, 1, 77, 9, 
        528, 2, 0, 0), .Dim = c(7L, 2L), .Dimnames = list(c("-3", 
        "-2", "-1", "0", "1", "2", "3"), c("C", "G"))), N = 1267), 
        Majority = list(Freqs = structure(c(0, 22, 123, 736, 
        8, 0, 0, 1, 117, 11, 737, 5, 0, 0), .Dim = c(7L, 2L), .Dimnames = list(
            c("-3", "-2", "-1", "0", "1", "2", "3"), c("C", "G"
            ))), N = 1760)), `2` = structure(c(0, 16, 87, 555, 
    1, 0, 0, 1, 83, 4, 558, 3, 0, 0), .Dim = c(7L, 2L), .Dimnames = list(
        c("-3", "-2", "-1", "0", "1", "2", "3"), c("C", "G"))))))
