Results <-
list(`bwaOutput/20210421msiMNRsJenny/256271_S70.sam` = list(GM09_SNP1 = list(
    All = list(Freqs = structure(c(0L, 17L, 1L, 0L, 100L, 15507L, 
    26L, 20L, 0L, 2L, 0L, 0L, 0L, 112L, 1L, 0L), .Dim = c(4L, 
    4L), .Dimnames = structure(list(c("-1", "0", "1", NA), c("A", 
    "G", "T", NA)), .Names = c("", "")), class = "table"), N = 15786L), 
    Tag.Distribution = structure(c(`1` = 395L, `2` = 280L, `3` = 246L, 
    `4` = 192L, `5` = 174L, `6` = 182L, `7` = 142L, `8` = 92L, 
    `9` = 107L, `10` = 89L, `11` = 79L, `12` = 55L, `13` = 52L, 
    `14` = 40L, `15` = 34L, `16` = 23L, `17` = 25L, `18` = 20L, 
    `19` = 13L, `20` = 19L, `21` = 12L, `22` = 8L, `23` = 7L, 
    `24` = 11L, `25` = 9L, `26` = 4L, `27` = 4L, `28` = 4L, `29` = 2L, 
    `30` = 1L, `31` = 6L, `32` = 4L, `35` = 2L, `37` = 1L, `38` = 2L, 
    `42` = 1L, `45` = 1L, `53` = 1L, `95` = 1L), .Dim = 39L, .Dimnames = structure(list(
        c("1", "2", "3", "4", "5", "6", "7", "8", "9", "10", 
        "11", "12", "13", "14", "15", "16", "17", "18", "19", 
        "20", "21", "22", "23", "24", "25", "26", "27", "28", 
        "29", "30", "31", "32", "35", "37", "38", "42", "45", 
        "53", "95")), .Names = ""), class = "table"), No.Tag = structure(c(0L, 
    3L, 0L, 0L, 2L, 475L, 1L, 10L, 0L, 0L, 0L, 0L, 0L, 12L, 0L, 
    0L), .Dim = c(4L, 4L), .Dimnames = structure(list(c("-1", 
    "0", "1", NA), c("A", "G", "T", NA)), .Names = c("", "")), class = "table"), 
    All.Tags = list(Concordant = list(Freqs = structure(c(0, 
    4, 0, 5, 2218, 0, 0, 0, 0), .Dim = c(3L, 3L), .Dimnames = list(
        c("-1", "0", "1"), c("A", "G", "T"))), N = 2227), Majority = list(
        Freqs = structure(c(0, 4, 0, 7, 2314, 0, 0, 0, 0), .Dim = c(3L, 
        3L), .Dimnames = list(c("-1", "0", "1"), c("A", "G", 
        "T"))), N = 2325)), `2` = structure(c(0, 0, 0, 5, 1933, 
    0, 0, 0, 0), .Dim = c(3L, 3L), .Dimnames = list(c("-1", "0", 
    "1"), c("A", "G", "T"))))))
