Results <-
list(`bwaOutput/20210421msiMNRsJenny/256267_S69.sam` = list(GM11_SNP1 = list(
    All = list(Freqs = structure(c(9L, 773L, 8273L, 35L, 1L, 
    4L, 0L, 0L, 4L, 0L, 0L, 0L, 1L, 7L, 67L, 0L, 0L, 0L), .Dim = c(6L, 
    3L), .Dimnames = structure(list(c("-2", "-1", "0", "1", "2", 
    NA), c("A", "G", NA)), .Names = c("", "")), class = "table"), 
        N = 9174L), Tag.Distribution = structure(c(`1` = 332L, 
    `2` = 268L, `3` = 252L, `4` = 166L, `5` = 145L, `6` = 119L, 
    `7` = 118L, `8` = 72L, `9` = 67L, `10` = 42L, `11` = 41L, 
    `12` = 29L, `13` = 22L, `14` = 12L, `15` = 11L, `16` = 10L, 
    `17` = 4L, `18` = 11L, `19` = 5L, `20` = 10L, `21` = 5L, 
    `22` = 6L, `23` = 3L, `24` = 1L, `25` = 4L, `26` = 2L, `27` = 2L, 
    `29` = 1L, `34` = 1L, `41` = 1L, `48` = 1L), .Dim = 31L, .Dimnames = structure(list(
        c("1", "2", "3", "4", "5", "6", "7", "8", "9", "10", 
        "11", "12", "13", "14", "15", "16", "17", "18", "19", 
        "20", "21", "22", "23", "24", "25", "26", "27", "29", 
        "34", "41", "48")), .Names = ""), class = "table"), No.Tag = structure(c(0L, 
    13L, 175L, 0L, 0L, 0L, 0L, 0L, 0L, 0L, 0L, 0L, 0L, 0L, 7L, 
    0L, 0L, 0L), .Dim = c(6L, 3L), .Dimnames = structure(list(
        c("-2", "-1", "0", "1", "2", NA), c("A", "G", NA)), .Names = c("", 
    "")), class = "table"), All.Tags = list(Concordant = list(
        Freqs = structure(c(1, 92, 1484, 0, 0, 0, 0, 1, 0, 0), .Dim = c(5L, 
        2L), .Dimnames = list(c("-2", "-1", "0", "1", "2"), c("A", 
        "G"))), N = 1578), Majority = list(Freqs = structure(c(1, 
    123, 1614, 0, 0, 0, 0, 1, 0, 0), .Dim = c(5L, 2L), .Dimnames = list(
        c("-2", "-1", "0", "1", "2"), c("A", "G"))), N = 1739)), 
    `2` = structure(c(1, 98, 1313, 0, 0, 0, 0, 0, 0, 0), .Dim = c(5L, 
    2L), .Dimnames = list(c("-2", "-1", "0", "1", "2"), c("A", 
    "G"))))))
