Results <-
list(`bwaOutput/20210421msiMNRsJenny/256265_S92.sam` = list(GM29_SNP1 = list(
    All = list(Freqs = structure(c(1L, 6L, 152L, 9984L, 35L, 
    12L, 0L, 0L, 1L, 9L, 0L, 1L, 0L, 0L, 0L, 1L, 0L, 0L, 0L, 
    0L, 1L, 90L, 0L, 0L), .Dim = c(6L, 4L), .Dimnames = structure(list(
        c("-3", "-2", "-1", "0", "1", NA), c("A", "G", "T", NA
        )), .Names = c("", "")), class = "table"), N = 10293L), 
    Tag.Distribution = structure(c(`1` = 628L, `2` = 424L, `3` = 279L, 
    `4` = 191L, `5` = 154L, `6` = 105L, `7` = 93L, `8` = 60L, 
    `9` = 44L, `10` = 29L, `11` = 27L, `12` = 25L, `13` = 21L, 
    `14` = 21L, `15` = 12L, `16` = 8L, `17` = 10L, `18` = 9L, 
    `19` = 9L, `20` = 8L, `21` = 7L, `22` = 4L, `23` = 5L, `24` = 5L, 
    `25` = 7L, `26` = 2L, `27` = 2L, `28` = 2L, `29` = 4L, `31` = 2L, 
    `32` = 1L, `33` = 2L, `34` = 1L, `36` = 2L, `38` = 1L, `40` = 1L, 
    `41` = 1L, `45` = 1L, `46` = 1L, `52` = 1L), .Dim = 40L, .Dimnames = structure(list(
        c("1", "2", "3", "4", "5", "6", "7", "8", "9", "10", 
        "11", "12", "13", "14", "15", "16", "17", "18", "19", 
        "20", "21", "22", "23", "24", "25", "26", "27", "28", 
        "29", "31", "32", "33", "34", "36", "38", "40", "41", 
        "45", "46", "52")), .Names = ""), class = "table"), No.Tag = structure(c(0L, 
    0L, 11L, 393L, 0L, 2L, 0L, 0L, 0L, 0L, 0L, 0L, 0L, 0L, 0L, 
    0L, 0L, 0L, 0L, 0L, 0L, 7L, 0L, 0L), .Dim = c(6L, 4L), .Dimnames = structure(list(
        c("-3", "-2", "-1", "0", "1", NA), c("A", "G", "T", NA
        )), .Names = c("", "")), class = "table"), All.Tags = list(
        Concordant = list(Freqs = structure(c(0, 0, 10, 2023, 
        4, 0, 0, 0, 0, 0, 0, 0, 0, 0, 0), .Dim = c(5L, 3L), .Dimnames = list(
            c("-3", "-2", "-1", "0", "1"), c("A", "G", "T"))), 
            N = 2037), Majority = list(Freqs = structure(c(0, 
        0, 10, 2167, 4, 0, 0, 0, 1, 0, 0, 0, 0, 0, 0), .Dim = c(5L, 
        3L), .Dimnames = list(c("-3", "-2", "-1", "0", "1"), 
            c("A", "G", "T"))), N = 2182)), `2` = structure(c(0, 
    0, 0, 1565, 0, 0, 0, 0, 1, 0, 0, 0, 0, 0, 0), .Dim = c(5L, 
    3L), .Dimnames = list(c("-3", "-2", "-1", "0", "1"), c("A", 
    "G", "T"))))))
