Results <-
list(`bwaOutput/20210421msiMNRsJenny/256271_S70.sam` = list(GM11_SNP1 = list(
    All = list(Freqs = structure(c(3L, 985L, 8376L, 22L, 7L, 
    0L, 2L, 5L, 0L, 0L, 0L, 0L, 2L, 0L, 0L, 1L, 5L, 70L, 1L, 
    0L), .Dim = 5:4, .Dimnames = structure(list(c("-2", "-1", 
    "0", "1", NA), c("A", "G", "T", NA)), .Names = c("", "")), class = "table"), 
        N = 9479L), Tag.Distribution = structure(c(`1` = 356L, 
    `2` = 278L, `3` = 202L, `4` = 164L, `5` = 153L, `6` = 134L, 
    `7` = 79L, `8` = 79L, `9` = 57L, `10` = 56L, `11` = 49L, 
    `12` = 29L, `13` = 25L, `14` = 11L, `15` = 18L, `16` = 12L, 
    `17` = 11L, `18` = 10L, `19` = 8L, `20` = 6L, `21` = 9L, 
    `22` = 3L, `23` = 4L, `24` = 1L, `25` = 2L, `26` = 1L, `28` = 1L, 
    `29` = 2L, `31` = 1L, `33` = 1L, `34` = 1L, `35` = 1L, `37` = 2L, 
    `39` = 1L, `46` = 1L), .Dim = 35L, .Dimnames = structure(list(
        c("1", "2", "3", "4", "5", "6", "7", "8", "9", "10", 
        "11", "12", "13", "14", "15", "16", "17", "18", "19", 
        "20", "21", "22", "23", "24", "25", "26", "28", "29", 
        "31", "33", "34", "35", "37", "39", "46")), .Names = ""), class = "table"), 
    No.Tag = structure(c(0L, 16L, 161L, 0L, 1L, 0L, 0L, 0L, 0L, 
    0L, 0L, 0L, 0L, 0L, 0L, 0L, 1L, 7L, 0L, 0L), .Dim = 5:4, .Dimnames = structure(list(
        c("-2", "-1", "0", "1", NA), c("A", "G", "T", NA)), .Names = c("", 
    "")), class = "table"), All.Tags = list(Concordant = list(
        Freqs = structure(c(1, 119, 1414, 0, 0, 0, 1, 0, 0, 0, 
        0, 0), .Dim = 4:3, .Dimnames = list(c("-2", "-1", "0", 
        "1"), c("A", "G", "T"))), N = 1535), Majority = list(
        Freqs = structure(c(1, 166, 1569, 0, 0, 0, 1, 0, 0, 0, 
        0, 0), .Dim = 4:3, .Dimnames = list(c("-2", "-1", "0", 
        "1"), c("A", "G", "T"))), N = 1737)), `2` = structure(c(1, 
    122, 1267, 0, 0, 0, 0, 0, 0, 0, 0, 0), .Dim = 4:3, .Dimnames = list(
        c("-2", "-1", "0", "1"), c("A", "G", "T"))))))
