Results <-
list(`bwaOutput/20210421msiMNRsJenny/256271_S70.sam` = list(LR48_SNP1 = list(
    All = list(Freqs = structure(c(0L, 0L, 0L, 1L, 0L, 0L, 0L, 
    0L, 0L, 1L, 0L, 1L, 0L, 0L, 2L, 41L, 1956L, 10262L, 158L, 
    2L, 69L, 0L, 0L, 0L, 3L, 0L, 0L, 0L, 0L, 1L, 14L, 285L, 2L, 
    0L, 0L), .Dim = c(7L, 5L), .Dimnames = structure(list(c("-3", 
    "-2", "-1", "0", "1", "2", NA), c("-", "A", "C", "T", NA)), .Names = c("", 
    "")), class = "table"), N = 12798L), Tag.Distribution = structure(c(`1` = 350L, 
    `2` = 184L, `3` = 168L, `4` = 163L, `5` = 126L, `6` = 133L, 
    `7` = 116L, `8` = 108L, `9` = 89L, `10` = 82L, `11` = 61L, 
    `12` = 52L, `13` = 44L, `14` = 43L, `15` = 19L, `16` = 26L, 
    `17` = 18L, `18` = 20L, `19` = 19L, `20` = 18L, `21` = 9L, 
    `22` = 7L, `23` = 5L, `24` = 5L, `25` = 3L, `26` = 7L, `27` = 2L, 
    `28` = 4L, `29` = 2L, `30` = 2L, `31` = 1L, `32` = 3L, `36` = 1L, 
    `41` = 1L), .Dim = 34L, .Dimnames = structure(list(c("1", 
    "2", "3", "4", "5", "6", "7", "8", "9", "10", "11", "12", 
    "13", "14", "15", "16", "17", "18", "19", "20", "21", "22", 
    "23", "24", "25", "26", "27", "28", "29", "30", "31", "32", 
    "36", "41")), .Names = ""), class = "table"), No.Tag = structure(c(0L, 
    0L, 0L, 0L, 0L, 0L, 0L, 0L, 0L, 0L, 0L, 0L, 0L, 0L, 0L, 0L, 
    35L, 252L, 6L, 1L, 3L, 0L, 0L, 0L, 0L, 0L, 0L, 0L, 0L, 0L, 
    2L, 20L, 0L, 0L, 0L), .Dim = c(7L, 5L), .Dimnames = structure(list(
        c("-3", "-2", "-1", "0", "1", "2", NA), c("-", "A", "C", 
        "T", NA)), .Names = c("", "")), class = "table"), All.Tags = list(
        Concordant = list(Freqs = structure(c(0, 0, 0, 0, 0, 
        0, 0, 0, 0, 0, 0, 0, 0, 3, 166, 1217, 4, 0, 0, 0, 0, 
        1, 0, 0), .Dim = c(6L, 4L), .Dimnames = list(c("-3", 
        "-2", "-1", "0", "1", "2"), c("-", "A", "C", "T"))), 
            N = 1391), Majority = list(Freqs = structure(c(0, 
        0, 0, 0, 0, 0, 0, 0, 0, 0, 0, 0, 0, 3, 259, 1570, 4, 
        0, 0, 0, 0, 1, 0, 0), .Dim = c(6L, 4L), .Dimnames = list(
            c("-3", "-2", "-1", "0", "1", "2"), c("-", "A", "C", 
            "T"))), N = 1837)), `2` = structure(c(0, 0, 0, 0, 
    0, 0, 0, 0, 0, 0, 0, 0, 0, 1, 212, 1303, 0, 0, 0, 0, 0, 0, 
    0, 0), .Dim = c(6L, 4L), .Dimnames = list(c("-3", "-2", "-1", 
    "0", "1", "2"), c("-", "A", "C", "T"))))))
