Results <-
list(`bwaOutput/20210421msiMNRsJenny/256271_S70.sam` = list(GM26_SNP1 = list(
    All = list(Freqs = structure(c(1L, 34L, 3441L, 12L, 5L, 1L, 
    69L, 3668L, 15L, 10L, 0L, 2L, 121L, 2L, 0L), .Dim = c(5L, 
    3L), .Dimnames = structure(list(c("-2", "-1", "0", "1", NA
    ), c("A", "G", NA)), .Names = c("", "")), class = "table"), 
        N = 7381L), Tag.Distribution = structure(c(`1` = 331L, 
    `2` = 192L, `3` = 151L, `4` = 158L, `5` = 137L, `6` = 93L, 
    `7` = 84L, `8` = 58L, `9` = 53L, `10` = 50L, `11` = 25L, 
    `12` = 36L, `13` = 16L, `14` = 20L, `15` = 11L, `16` = 12L, 
    `17` = 9L, `18` = 2L, `19` = 2L, `20` = 5L, `21` = 2L, `22` = 1L, 
    `23` = 1L, `24` = 1L, `25` = 1L, `27` = 1L, `29` = 1L, `31` = 1L
    ), .Dim = 28L, .Dimnames = structure(list(c("1", "2", "3", 
    "4", "5", "6", "7", "8", "9", "10", "11", "12", "13", "14", 
    "15", "16", "17", "18", "19", "20", "21", "22", "23", "24", 
    "25", "27", "29", "31")), .Names = ""), class = "table"), 
    No.Tag = structure(c(0L, 1L, 91L, 1L, 1L, 0L, 1L, 101L, 0L, 
    2L, 0L, 0L, 9L, 0L, 0L), .Dim = c(5L, 3L), .Dimnames = structure(list(
        c("-2", "-1", "0", "1", NA), c("A", "G", NA)), .Names = c("", 
    "")), class = "table"), All.Tags = list(Concordant = list(
        Freqs = structure(c(0, 1, 583, 2, 0, 9, 607, 1), .Dim = c(4L, 
        2L), .Dimnames = list(c("-2", "-1", "0", "1"), c("A", 
        "G"))), N = 1203), Majority = list(Freqs = structure(c(0, 
    1, 681, 2, 0, 11, 711, 1), .Dim = c(4L, 2L), .Dimnames = list(
        c("-2", "-1", "0", "1"), c("A", "G"))), N = 1407)), `2` = structure(c(0, 
    1, 530, 1, 0, 8, 547, 0), .Dim = c(4L, 2L), .Dimnames = list(
        c("-2", "-1", "0", "1"), c("A", "G"))))))
