Results <-
list(`bwaOutput/20210421msiMNRsJenny/256271_S70.sam` = list(IM16_SNP1 = list(
    All = list(Freqs = structure(c(2L, 244L, 5683L, 91L, 2L, 
    1L, 8L, 8L, 1625L, 4791L, 75L, 0L, 0L, 35L, 0L, 0L, 3L, 0L, 
    0L, 0L, 0L, 0L, 11L, 150L, 7L, 1L, 0L, 0L), .Dim = c(7L, 
    4L), .Dimnames = structure(list(c("-2", "-1", "0", "1", "2", 
    "3", NA), c("A", "G", "T", NA)), .Names = c("", "")), class = "table"), 
        N = 12737L), Tag.Distribution = structure(c(`1` = 361L, 
    `2` = 299L, `3` = 223L, `4` = 199L, `5` = 193L, `6` = 151L, 
    `7` = 129L, `8` = 126L, `9` = 87L, `10` = 85L, `11` = 73L, 
    `12` = 48L, `13` = 37L, `14` = 34L, `15` = 26L, `16` = 13L, 
    `17` = 12L, `18` = 10L, `19` = 17L, `20` = 10L, `21` = 6L, 
    `22` = 7L, `23` = 2L, `24` = 3L, `25` = 3L, `26` = 3L, `27` = 1L, 
    `28` = 1L, `29` = 1L, `30` = 1L, `37` = 1L), .Dim = 31L, .Dimnames = structure(list(
        c("1", "2", "3", "4", "5", "6", "7", "8", "9", "10", 
        "11", "12", "13", "14", "15", "16", "17", "18", "19", 
        "20", "21", "22", "23", "24", "25", "26", "27", "28", 
        "29", "30", "37")), .Names = ""), class = "table"), No.Tag = structure(c(0L, 
    3L, 129L, 3L, 0L, 0L, 1L, 0L, 51L, 137L, 5L, 0L, 0L, 8L, 
    0L, 0L, 0L, 0L, 0L, 0L, 0L, 0L, 0L, 17L, 1L, 0L, 0L, 0L), .Dim = c(7L, 
    4L), .Dimnames = structure(list(c("-2", "-1", "0", "1", "2", 
    "3", NA), c("A", "G", "T", NA)), .Names = c("", "")), class = "table"), 
    All.Tags = list(Concordant = list(Freqs = structure(c(0, 
    27, 679, 3, 0, 0, 2, 184, 544, 4, 0, 0, 0, 0, 0, 0, 0, 0), .Dim = c(6L, 
    3L), .Dimnames = list(c("-2", "-1", "0", "1", "2", "3"), 
        c("A", "G", "T"))), N = 1443), Majority = list(Freqs = structure(c(0, 
    39, 957, 4, 0, 0, 2, 270, 777, 5, 0, 0, 0, 0, 0, 0, 0, 0), .Dim = c(6L, 
    3L), .Dimnames = list(c("-2", "-1", "0", "1", "2", "3"), 
        c("A", "G", "T"))), N = 2054)), `2` = structure(c(0, 
    24, 797, 1, 0, 0, 1, 219, 664, 2, 0, 0, 0, 0, 0, 0, 0, 0), .Dim = c(6L, 
    3L), .Dimnames = list(c("-2", "-1", "0", "1", "2", "3"), 
        c("A", "G", "T"))))))
