Results <-
list(`bwaOutput/20210421msiMNRsJenny/256267_S69.sam` = list(LR40_SNP1 = list(
    All = list(Freqs = structure(c(0L, 0L, 1L, 0L, 0L, 1L, 209L, 
    9560L, 42L, 18L, 0L, 0L, 1L, 0L, 0L, 0L, 1L, 60L, 0L, 0L), .Dim = 5:4, .Dimnames = structure(list(
        c("-3", "-1", "0", "1", NA), c("A", "C", "T", NA)), .Names = c("", 
    "")), class = "table"), N = 9893L), Tag.Distribution = structure(c(`1` = 386L, 
    `2` = 265L, `3` = 222L, `4` = 172L, `5` = 144L, `6` = 115L, 
    `7` = 109L, `8` = 93L, `9` = 75L, `10` = 48L, `11` = 38L, 
    `12` = 23L, `13` = 34L, `14` = 15L, `15` = 23L, `16` = 12L, 
    `17` = 11L, `18` = 10L, `19` = 9L, `20` = 8L, `21` = 4L, 
    `22` = 6L, `23` = 2L, `24` = 4L, `26` = 2L, `27` = 1L, `30` = 3L, 
    `31` = 1L, `33` = 1L, `39` = 1L, `57` = 1L), .Dim = 31L, .Dimnames = structure(list(
        c("1", "2", "3", "4", "5", "6", "7", "8", "9", "10", 
        "11", "12", "13", "14", "15", "16", "17", "18", "19", 
        "20", "21", "22", "23", "24", "26", "27", "30", "31", 
        "33", "39", "57")), .Names = ""), class = "table"), No.Tag = structure(c(0L, 
    0L, 0L, 0L, 0L, 0L, 5L, 263L, 1L, 3L, 0L, 0L, 0L, 0L, 0L, 
    0L, 1L, 10L, 0L, 0L), .Dim = 5:4, .Dimnames = structure(list(
        c("-3", "-1", "0", "1", NA), c("A", "C", "T", NA)), .Names = c("", 
    "")), class = "table"), All.Tags = list(Concordant = list(
        Freqs = structure(c(0, 0, 0, 0, 0, 12, 1685, 2, 0, 0, 
        0, 0), .Dim = 4:3, .Dimnames = list(c("-3", "-1", "0", 
        "1"), c("A", "C", "T"))), N = 1699), Majority = list(
        Freqs = structure(c(0, 0, 0, 0, 0, 18, 1804, 2, 0, 0, 
        0, 0), .Dim = 4:3, .Dimnames = list(c("-3", "-1", "0", 
        "1"), c("A", "C", "T"))), N = 1824)), `2` = structure(c(0, 
    0, 0, 0, 0, 12, 1428, 1, 0, 0, 0, 0), .Dim = 4:3, .Dimnames = list(
        c("-3", "-1", "0", "1"), c("A", "C", "T"))))))
