Results <-
list(`bwaOutput/20210421msiMNRsJenny/256265_S92.sam` = list(LR48_SNP1 = list(
    All = list(Freqs = structure(c(0L, 0L, 2L, 0L, 0L, 0L, 3L, 
    155L, 4653L, 81L, 0L, 28L, 2L, 144L, 4444L, 83L, 2L, 22L, 
    0L, 3L, 255L, 3L, 0L, 0L), .Dim = c(6L, 4L), .Dimnames = structure(list(
        c("-2", "-1", "0", "1", "2", NA), c("A", "C", "T", NA
        )), .Names = c("", "")), class = "table"), N = 9880L), 
    Tag.Distribution = structure(c(`1` = 647L, `2` = 440L, `3` = 342L, 
    `4` = 261L, `5` = 230L, `6` = 156L, `7` = 118L, `8` = 75L, 
    `9` = 51L, `10` = 45L, `11` = 44L, `12` = 18L, `13` = 15L, 
    `14` = 13L, `15` = 9L, `16` = 6L, `17` = 6L, `18` = 1L, `19` = 4L, 
    `20` = 3L), .Dim = 20L, .Dimnames = structure(list(c("1", 
    "2", "3", "4", "5", "6", "7", "8", "9", "10", "11", "12", 
    "13", "14", "15", "16", "17", "18", "19", "20")), .Names = ""), class = "table"), 
    No.Tag = structure(c(0L, 0L, 1L, 0L, 0L, 0L, 0L, 5L, 135L, 
    3L, 0L, 2L, 1L, 6L, 127L, 5L, 0L, 1L, 0L, 1L, 11L, 0L, 0L, 
    0L), .Dim = c(6L, 4L), .Dimnames = structure(list(c("-2", 
    "-1", "0", "1", "2", NA), c("A", "C", "T", NA)), .Names = c("", 
    "")), class = "table"), All.Tags = list(Concordant = list(
        Freqs = structure(c(0, 0, 0, 0, 0, 0, 7, 758, 4, 0, 0, 
        11, 712, 6, 0), .Dim = c(5L, 3L), .Dimnames = list(c("-2", 
        "-1", "0", "1", "2"), c("A", "C", "T"))), N = 1498), 
        Majority = list(Freqs = structure(c(0, 0, 0, 0, 0, 0, 
        7, 1147, 4, 0, 0, 14, 1085, 6, 0), .Dim = c(5L, 3L), .Dimnames = list(
            c("-2", "-1", "0", "1", "2"), c("A", "C", "T"))), 
            N = 2263)), `2` = structure(c(0, 0, 0, 0, 0, 0, 1, 
    841, 0, 0, 0, 6, 796, 0, 0), .Dim = c(5L, 3L), .Dimnames = list(
        c("-2", "-1", "0", "1", "2"), c("A", "C", "T"))))))
