Results <-
list(`bwaOutput/20210421msiMNRsJenny/256271_S70.sam` = list(LR40_SNP1 = list(
    All = list(Freqs = structure(c(0L, 0L, 2L, 0L, 0L, 1L, 174L, 
    10741L, 30L, 28L, 0L, 0L, 1L, 0L, 0L, 0L, 0L, 1L, 0L, 0L, 
    0L, 1L, 78L, 2L, 0L), .Dim = c(5L, 5L), .Dimnames = structure(list(
        c("-2", "-1", "0", "1", NA), c("A", "C", "G", "T", NA
        )), .Names = c("", "")), class = "table"), N = 11059L), 
    Tag.Distribution = structure(c(`1` = 394L, `2` = 244L, `3` = 214L, 
    `4` = 184L, `5` = 144L, `6` = 102L, `7` = 96L, `8` = 78L, 
    `9` = 79L, `10` = 64L, `11` = 48L, `12` = 45L, `13` = 40L, 
    `14` = 25L, `15` = 13L, `16` = 21L, `17` = 15L, `18` = 9L, 
    `19` = 11L, `20` = 9L, `21` = 8L, `22` = 7L, `23` = 1L, `24` = 6L, 
    `25` = 2L, `26` = 3L, `27` = 3L, `29` = 3L, `30` = 2L, `31` = 1L, 
    `32` = 1L, `33` = 2L, `34` = 2L, `40` = 2L, `53` = 2L), .Dim = 35L, .Dimnames = structure(list(
        c("1", "2", "3", "4", "5", "6", "7", "8", "9", "10", 
        "11", "12", "13", "14", "15", "16", "17", "18", "19", 
        "20", "21", "22", "23", "24", "25", "26", "27", "29", 
        "30", "31", "32", "33", "34", "40", "53")), .Names = ""), class = "table"), 
    No.Tag = structure(c(0L, 0L, 1L, 0L, 0L, 0L, 5L, 298L, 3L, 
    3L, 0L, 0L, 0L, 0L, 0L, 0L, 0L, 0L, 0L, 0L, 0L, 0L, 7L, 0L, 
    0L), .Dim = c(5L, 5L), .Dimnames = structure(list(c("-2", 
    "-1", "0", "1", NA), c("A", "C", "G", "T", NA)), .Names = c("", 
    "")), class = "table"), All.Tags = list(Concordant = list(
        Freqs = structure(c(0, 0, 1, 0, 0, 8, 1748, 1, 0, 0, 
        0, 0, 0, 0, 0, 0), .Dim = c(4L, 4L), .Dimnames = list(
            c("-2", "-1", "0", "1"), c("A", "C", "G", "T"))), 
        N = 1758), Majority = list(Freqs = structure(c(0, 0, 
    1, 0, 0, 10, 1855, 2, 0, 0, 0, 0, 0, 0, 0, 0), .Dim = c(4L, 
    4L), .Dimnames = list(c("-2", "-1", "0", "1"), c("A", "C", 
    "G", "T"))), N = 1868)), `2` = structure(c(0, 0, 0, 0, 0, 
    8, 1469, 1, 0, 0, 0, 0, 0, 0, 0, 0), .Dim = c(4L, 4L), .Dimnames = list(
        c("-2", "-1", "0", "1"), c("A", "C", "G", "T"))))))
