Results <-
list(`bwaOutput/20210421msiMNRsJenny/256267_S69.sam` = list(GM22_SNP1 = list(
    All = list(Freqs = structure(c(12L, 1249L, 12753L, 37L, 27L, 
    0L, 0L, 2L, 0L, 0L, 0L, 0L, 1L, 0L, 0L, 1L, 10L, 179L, 1L, 
    0L), .Dim = 5:4, .Dimnames = structure(list(c("-2", "-1", 
    "0", "1", NA), c("A", "G", "T", NA)), .Names = c("", "")), class = "table"), 
        N = 14272L), Tag.Distribution = structure(c(`1` = 374L, 
    `2` = 287L, `3` = 238L, `4` = 217L, `5` = 205L, `6` = 178L, 
    `7` = 175L, `8` = 130L, `9` = 120L, `10` = 75L, `11` = 71L, 
    `12` = 59L, `13` = 46L, `14` = 30L, `15` = 33L, `16` = 26L, 
    `17` = 14L, `18` = 16L, `19` = 10L, `20` = 6L, `21` = 9L, 
    `22` = 12L, `23` = 4L, `24` = 2L, `25` = 3L, `26` = 1L, `27` = 2L, 
    `34` = 1L), .Dim = 28L, .Dimnames = structure(list(c("1", 
    "2", "3", "4", "5", "6", "7", "8", "9", "10", "11", "12", 
    "13", "14", "15", "16", "17", "18", "19", "20", "21", "22", 
    "23", "24", "25", "26", "27", "34")), .Names = ""), class = "table"), 
    No.Tag = structure(c(0L, 43L, 457L, 0L, 3L, 0L, 0L, 0L, 0L, 
    0L, 0L, 0L, 1L, 0L, 0L, 0L, 1L, 13L, 0L, 0L), .Dim = 5:4, .Dimnames = structure(list(
        c("-2", "-1", "0", "1", NA), c("A", "G", "T", NA)), .Names = c("", 
    "")), class = "table"), All.Tags = list(Concordant = list(
        Freqs = structure(c(0, 118, 1886, 0, 0, 0, 1, 0, 0, 0, 
        0, 0), .Dim = 4:3, .Dimnames = list(c("-2", "-1", "0", 
        "1"), c("A", "G", "T"))), N = 2005), Majority = list(
        Freqs = structure(c(0, 171, 2131, 0, 0, 0, 1, 0, 0, 0, 
        0, 0), .Dim = 4:3, .Dimnames = list(c("-2", "-1", "0", 
        "1"), c("A", "G", "T"))), N = 2303)), `2` = structure(c(0, 
    149, 1795, 0, 0, 0, 0, 0, 0, 0, 0, 0), .Dim = 4:3, .Dimnames = list(
        c("-2", "-1", "0", "1"), c("A", "G", "T"))))))
