Results <-
list(`bwaOutput/20210421msiMNRsJenny/256267_S69.sam` = list(LR49_SNP1 = list(
    All = list(Freqs = structure(c(0L, 1L, 0L, 0L, 38L, 9423L, 
    2L, 5L, 1L, 17L, 0L, 0L, 0L, 2L, 0L, 0L, 2L, 184L, 0L, 0L
    ), .Dim = 4:5, .Dimnames = structure(list(c("-1", "0", "1", 
    NA), c("-", "A", "G", "T", NA)), .Names = c("", "")), class = "table"), 
        N = 9675L), Tag.Distribution = structure(c(`1` = 425L, 
    `2` = 322L, `3` = 256L, `4` = 224L, `5` = 172L, `6` = 129L, 
    `7` = 93L, `8` = 85L, `9` = 73L, `10` = 45L, `11` = 44L, 
    `12` = 36L, `13` = 19L, `14` = 26L, `15` = 12L, `16` = 13L, 
    `17` = 8L, `18` = 10L, `19` = 1L, `20` = 1L, `21` = 1L, `22` = 3L, 
    `24` = 1L, `26` = 3L, `35` = 1L), .Dim = 25L, .Dimnames = structure(list(
        c("1", "2", "3", "4", "5", "6", "7", "8", "9", "10", 
        "11", "12", "13", "14", "15", "16", "17", "18", "19", 
        "20", "21", "22", "24", "26", "35")), .Names = ""), class = "table"), 
    No.Tag = structure(c(0L, 0L, 0L, 0L, 1L, 358L, 1L, 0L, 0L, 
    1L, 0L, 0L, 0L, 0L, 0L, 0L, 0L, 15L, 0L, 0L), .Dim = 4:5, .Dimnames = structure(list(
        c("-1", "0", "1", NA), c("-", "A", "G", "T", NA)), .Names = c("", 
    "")), class = "table"), All.Tags = list(Concordant = list(
        Freqs = structure(c(0, 0, 0, 3, 1941, 0, 0, 3, 0, 0, 
        1, 0), .Dim = 3:4, .Dimnames = list(c("-1", "0", "1"), 
            c("-", "A", "G", "T"))), N = 1948), Majority = list(
        Freqs = structure(c(0, 0, 0, 4, 1976, 0, 0, 3, 0, 0, 
        1, 0), .Dim = 3:4, .Dimnames = list(c("-1", "0", "1"), 
            c("-", "A", "G", "T"))), N = 1984)), `2` = structure(c(0, 
    0, 0, 2, 1568, 0, 0, 0, 0, 0, 0, 0), .Dim = 3:4, .Dimnames = list(
        c("-1", "0", "1"), c("-", "A", "G", "T"))))))
