Results <-
list(`bwaOutput/20210421msiMNRsJenny/256271_S70.sam` = list(GM01_SNP1 = list(
    All = list(Freqs = structure(c(2L, 234L, 10019L, 33L, 2L, 
    18L, 0L, 0L, 1L, 0L, 0L, 0L, 0L, 169L, 10179L, 38L, 2L, 25L, 
    0L, 0L, 2L, 0L, 0L, 0L, 1L, 3L, 263L, 4L, 0L, 0L), .Dim = 6:5, .Dimnames = structure(list(
        c("-2", "-1", "0", "1", "2", NA), c("A", "C", "G", "T", 
        NA)), .Names = c("", "")), class = "table"), N = 20995L), 
    Tag.Distribution = structure(c(`1` = 417L, `2` = 266L, `3` = 232L, 
    `4` = 228L, `5` = 199L, `6` = 178L, `7` = 170L, `8` = 136L, 
    `9` = 114L, `10` = 115L, `11` = 89L, `12` = 86L, `13` = 54L, 
    `14` = 59L, `15` = 54L, `16` = 44L, `17` = 36L, `18` = 19L, 
    `19` = 30L, `20` = 28L, `21` = 22L, `22` = 19L, `23` = 13L, 
    `24` = 15L, `25` = 15L, `26` = 6L, `27` = 10L, `28` = 6L, 
    `29` = 11L, `30` = 7L, `31` = 2L, `32` = 4L, `33` = 6L, `34` = 4L, 
    `35` = 6L, `38` = 2L, `39` = 2L, `40` = 1L, `41` = 2L, `43` = 2L, 
    `44` = 1L, `45` = 1L, `50` = 1L, `79` = 1L), .Dim = 44L, .Dimnames = structure(list(
        c("1", "2", "3", "4", "5", "6", "7", "8", "9", "10", 
        "11", "12", "13", "14", "15", "16", "17", "18", "19", 
        "20", "21", "22", "23", "24", "25", "26", "27", "28", 
        "29", "30", "31", "32", "33", "34", "35", "38", "39", 
        "40", "41", "43", "44", "45", "50", "79")), .Names = ""), class = "table"), 
    No.Tag = structure(c(0L, 1L, 219L, 0L, 0L, 2L, 0L, 0L, 0L, 
    0L, 0L, 0L, 0L, 2L, 186L, 0L, 0L, 1L, 0L, 0L, 0L, 0L, 0L, 
    0L, 0L, 0L, 21L, 1L, 0L, 0L), .Dim = 6:5, .Dimnames = structure(list(
        c("-2", "-1", "0", "1", "2", NA), c("A", "C", "G", "T", 
        NA)), .Names = c("", "")), class = "table"), All.Tags = list(
        Concordant = list(Freqs = structure(c(0, 6, 811, 1, 0, 
        0, 0, 0, 0, 0, 0, 5, 794, 1, 0, 0, 0, 0, 0, 0), .Dim = 5:4, .Dimnames = list(
            c("-2", "-1", "0", "1", "2"), c("A", "C", "G", "T"
            ))), N = 1618), Majority = list(Freqs = structure(c(0, 
        11, 1285, 1, 0, 0, 0, 0, 0, 0, 0, 8, 1309, 1, 0, 0, 0, 
        0, 0, 0), .Dim = 5:4, .Dimnames = list(c("-2", "-1", 
        "0", "1", "2"), c("A", "C", "G", "T"))), N = 2615)), 
    `2` = structure(c(0, 8, 1076, 1, 0, 0, 0, 0, 0, 0, 0, 3, 
    1123, 0, 0, 0, 0, 0, 0, 0), .Dim = 5:4, .Dimnames = list(
        c("-2", "-1", "0", "1", "2"), c("A", "C", "G", "T"))))))
