Results <-
list(`bwaOutput/20210421msiMNRsJenny/256267_S69.sam` = list(DEPDC2_SNP1 = list(
    All = list(Freqs = structure(c(0L, 1L, 0L, 0L, 0L, 0L, 4L, 
    0L, 0L, 0L, 0L, 1L, 0L, 0L, 0L, 51L, 6518L, 281L, 2L, 176L, 
    0L, 52L, 1L, 0L, 0L), .Dim = c(5L, 5L), .Dimnames = structure(list(
        c("-1", "0", "1", "2", NA), c("A", "C", "G", "T", NA)), .Names = c("", 
    "")), class = "table"), N = 7087L), Tag.Distribution = structure(c(`1` = 420L, 
    `2` = 277L, `3` = 241L, `4` = 213L, `5` = 143L, `6` = 112L, 
    `7` = 78L, `8` = 64L, `9` = 52L, `10` = 22L, `11` = 31L, 
    `12` = 18L, `13` = 13L, `14` = 9L, `15` = 7L, `16` = 1L, 
    `17` = 4L, `18` = 2L, `20` = 1L, `23` = 2L, `29` = 1L), .Dim = 21L, .Dimnames = structure(list(
        c("1", "2", "3", "4", "5", "6", "7", "8", "9", "10", 
        "11", "12", "13", "14", "15", "16", "17", "18", "20", 
        "23", "29")), .Names = ""), class = "table"), No.Tag = structure(c(0L, 
    0L, 0L, 0L, 0L, 0L, 0L, 0L, 0L, 0L, 0L, 0L, 0L, 0L, 0L, 2L, 
    211L, 6L, 0L, 5L, 0L, 9L, 0L, 0L, 0L), .Dim = c(5L, 5L), .Dimnames = structure(list(
        c("-1", "0", "1", "2", NA), c("A", "C", "G", "T", NA)), .Names = c("", 
    "")), class = "table"), All.Tags = list(Concordant = list(
        Freqs = structure(c(0, 0, 0, 0, 0, 1, 0, 0, 0, 0, 0, 
        0, 3, 1523, 47, 0), .Dim = c(4L, 4L), .Dimnames = list(
            c("-1", "0", "1", "2"), c("A", "C", "G", "T"))), 
        N = 1574), Majority = list(Freqs = structure(c(0, 0, 
    0, 0, 0, 1, 0, 0, 0, 0, 0, 0, 4, 1600, 68, 0), .Dim = c(4L, 
    4L), .Dimnames = list(c("-1", "0", "1", "2"), c("A", "C", 
    "G", "T"))), N = 1673)), `2` = structure(c(0, 0, 0, 0, 0, 
    0, 0, 0, 0, 0, 0, 0, 3, 1204, 59, 0), .Dim = c(4L, 4L), .Dimnames = list(
        c("-1", "0", "1", "2"), c("A", "C", "G", "T"))))))
