Results <-
list(`bwaOutput/20210421msiMNRsJenny/256271_S70.sam` = list(LR11_SNP1 = list(
    All = list(Freqs = structure(c(0L, 0L, 15L, 0L, 0L, 8L, 323L, 
    11466L, 77L, 49L, 0L, 0L, 2L, 0L, 0L, 1L, 16L, 523L, 5L, 
    0L), .Dim = 5:4, .Dimnames = structure(list(c("-2", "-1", 
    "0", "1", NA), c("A", "C", "T", NA)), .Names = c("", "")), class = "table"), 
        N = 12485L), Tag.Distribution = structure(c(`1` = 380L, 
    `2` = 271L, `3` = 274L, `4` = 210L, `5` = 174L, `6` = 169L, 
    `7` = 142L, `8` = 117L, `9` = 79L, `10` = 87L, `11` = 74L, 
    `12` = 43L, `13` = 41L, `14` = 30L, `15` = 18L, `16` = 23L, 
    `17` = 11L, `18` = 11L, `19` = 10L, `20` = 2L, `21` = 6L, 
    `22` = 1L, `23` = 10L, `24` = 3L, `25` = 2L, `26` = 2L, `28` = 1L, 
    `29` = 1L, `31` = 2L, `40` = 1L), .Dim = 30L, .Dimnames = structure(list(
        c("1", "2", "3", "4", "5", "6", "7", "8", "9", "10", 
        "11", "12", "13", "14", "15", "16", "17", "18", "19", 
        "20", "21", "22", "23", "24", "25", "26", "28", "29", 
        "31", "40")), .Names = ""), class = "table"), No.Tag = structure(c(0L, 
    0L, 0L, 0L, 0L, 1L, 6L, 226L, 2L, 7L, 0L, 0L, 0L, 0L, 0L, 
    0L, 0L, 17L, 0L, 0L), .Dim = 5:4, .Dimnames = structure(list(
        c("-2", "-1", "0", "1", NA), c("A", "C", "T", NA)), .Names = c("", 
    "")), class = "table"), All.Tags = list(Concordant = list(
        Freqs = structure(c(0, 0, 3, 0, 0, 13, 1872, 2, 0, 0, 
        0, 0), .Dim = 4:3, .Dimnames = list(c("-2", "-1", "0", 
        "1"), c("A", "C", "T"))), N = 1890), Majority = list(
        Freqs = structure(c(0, 0, 3, 0, 0, 24, 2125, 2, 0, 0, 
        0, 0), .Dim = 4:3, .Dimnames = list(c("-2", "-1", "0", 
        "1"), c("A", "C", "T"))), N = 2154)), `2` = structure(c(0, 
    0, 0, 0, 0, 15, 1784, 0, 0, 0, 0, 0), .Dim = 4:3, .Dimnames = list(
        c("-2", "-1", "0", "1"), c("A", "C", "T"))))))
