Results <-
list(`bwaOutput/20210421msiMNRsJenny/256265_S92.sam` = list(GM09_SNP1 = list(
    All = list(Freqs = structure(c(64L, 12531L, 23L, 5L, 0L, 
    42L, 0L, 1L, 0L, 3L, 0L, 0L, 1L, 75L, 0L, 0L), .Dim = c(4L, 
    4L), .Dimnames = structure(list(c("-1", "0", "1", NA), c("A", 
    "G", "T", NA)), .Names = c("", "")), class = "table"), N = 12745L), 
    Tag.Distribution = structure(c(`1` = 670L, `2` = 560L, `3` = 438L, 
    `4` = 306L, `5` = 255L, `6` = 186L, `7` = 156L, `8` = 97L, 
    `9` = 60L, `10` = 48L, `11` = 43L, `12` = 36L, `13` = 30L, 
    `14` = 12L, `15` = 12L, `16` = 15L, `17` = 11L, `18` = 3L, 
    `19` = 6L, `20` = 4L, `21` = 3L, `22` = 3L, `25` = 1L, `26` = 1L, 
    `27` = 1L, `28` = 1L, `29` = 2L, `30` = 1L, `36` = 1L, `38` = 1L
    ), .Dim = 30L, .Dimnames = structure(list(c("1", "2", "3", 
    "4", "5", "6", "7", "8", "9", "10", "11", "12", "13", "14", 
    "15", "16", "17", "18", "19", "20", "21", "22", "25", "26", 
    "27", "28", "29", "30", "36", "38")), .Names = ""), class = "table"), 
    No.Tag = structure(c(1L, 406L, 1L, 4L, 0L, 4L, 0L, 0L, 0L, 
    0L, 0L, 0L, 0L, 7L, 0L, 0L), .Dim = c(4L, 4L), .Dimnames = structure(list(
        c("-1", "0", "1", NA), c("A", "G", "T", NA)), .Names = c("", 
    "")), class = "table"), All.Tags = list(Concordant = list(
        Freqs = structure(c(4, 2838, 1, 0, 8, 0, 0, 0, 0), .Dim = c(3L, 
        3L), .Dimnames = list(c("-1", "0", "1"), c("A", "G", 
        "T"))), N = 2851), Majority = list(Freqs = structure(c(5, 
    2931, 1, 0, 8, 0, 0, 0, 0), .Dim = c(3L, 3L), .Dimnames = list(
        c("-1", "0", "1"), c("A", "G", "T"))), N = 2945)), `2` = structure(c(1, 
    2281, 0, 0, 1, 0, 0, 0, 0), .Dim = c(3L, 3L), .Dimnames = list(
        c("-1", "0", "1"), c("A", "G", "T"))))))
