Results <-
list(`bwaOutput/20210421msiMNRsJenny/256271_S70.sam` = list(LR10_SNP1 = list(
    All = list(Freqs = structure(c(0L, 0L, 1L, 0L, 0L, 0L, 4L, 
    14L, 0L, 1L, 4L, 200L, 11977L, 38L, 11L, 0L, 1L, 169L, 4L, 
    0L), .Dim = 5:4, .Dimnames = structure(list(c("-2", "-1", 
    "0", "1", NA), c("A", "C", "T", NA)), .Names = c("", "")), class = "table"), 
        N = 12424L), Tag.Distribution = structure(c(`1` = 386L, 
    `2` = 257L, `3` = 226L, `4` = 165L, `5` = 138L, `6` = 114L, 
    `7` = 112L, `8` = 107L, `9` = 77L, `10` = 61L, `11` = 63L, 
    `12` = 70L, `13` = 34L, `14` = 36L, `15` = 37L, `16` = 28L, 
    `17` = 20L, `18` = 9L, `19` = 12L, `20` = 9L, `21` = 11L, 
    `22` = 4L, `23` = 4L, `24` = 5L, `25` = 2L, `26` = 4L, `27` = 1L, 
    `29` = 1L, `30` = 2L, `31` = 1L, `32` = 1L, `33` = 2L, `36` = 1L, 
    `38` = 2L), .Dim = 34L, .Dimnames = structure(list(c("1", 
    "2", "3", "4", "5", "6", "7", "8", "9", "10", "11", "12", 
    "13", "14", "15", "16", "17", "18", "19", "20", "21", "22", 
    "23", "24", "25", "26", "27", "29", "30", "31", "32", "33", 
    "36", "38")), .Names = ""), class = "table"), No.Tag = structure(c(0L, 
    0L, 0L, 0L, 0L, 0L, 0L, 1L, 0L, 0L, 0L, 4L, 411L, 1L, 0L, 
    0L, 0L, 18L, 0L, 0L), .Dim = 5:4, .Dimnames = structure(list(
        c("-2", "-1", "0", "1", NA), c("A", "C", "T", NA)), .Names = c("", 
    "")), class = "table"), All.Tags = list(Concordant = list(
        Freqs = structure(c(0, 0, 0, 0, 0, 0, 4, 0, 0, 10, 1802, 
        0), .Dim = 4:3, .Dimnames = list(c("-2", "-1", "0", "1"
        ), c("A", "C", "T"))), N = 1816), Majority = list(Freqs = structure(c(0, 
    0, 0, 0, 0, 0, 5, 0, 0, 16, 1953, 1), .Dim = 4:3, .Dimnames = list(
        c("-2", "-1", "0", "1"), c("A", "C", "T"))), N = 1975)), 
    `2` = structure(c(0, 0, 0, 0, 0, 0, 1, 0, 0, 9, 1592, 1), .Dim = 4:3, .Dimnames = list(
        c("-2", "-1", "0", "1"), c("A", "C", "T"))))))
