Results <-
list(`bwaOutput/20210421msiMNRsJenny/256267_S69.sam` = list(LR44_SNP1 = list(
    All = list(Freqs = structure(c(0L, 0L, 1L, 0L, 0L, 0L, 0L, 
    0L, 3L, 200L, 80L, 853L, 25L, 0L, 0L, 6L, 0L, 0L, 0L, 9L, 
    0L, 0L, 0L, 0L, 1L, 0L, 85L, 1007L, 198L, 8L, 1L, 11L, 0L, 
    4L, 1L, 42L, 3L, 0L, 0L, 0L), .Dim = c(8L, 5L), .Dimnames = structure(list(
        c("-3", "-2", "-1", "0", "1", "2", "3", NA), c("A", "C", 
        "G", "T", NA)), .Names = c("", "")), class = "table"), 
        N = 2538L), Tag.Distribution = structure(c(`1` = 184L, 
    `2` = 110L, `3` = 98L, `4` = 79L, `5` = 64L, `6` = 46L, `7` = 35L, 
    `8` = 32L, `9` = 15L, `10` = 7L, `11` = 7L, `12` = 3L, `13` = 1L, 
    `14` = 1L, `20` = 1L), .Dim = 15L, .Dimnames = structure(list(
        c("1", "2", "3", "4", "5", "6", "7", "8", "9", "10", 
        "11", "12", "13", "14", "20")), .Names = ""), class = "table"), 
    No.Tag = structure(c(0L, 0L, 0L, 0L, 0L, 0L, 0L, 0L, 0L, 
    9L, 2L, 17L, 0L, 0L, 0L, 0L, 0L, 0L, 0L, 0L, 0L, 0L, 0L, 
    0L, 0L, 0L, 1L, 26L, 4L, 0L, 0L, 0L, 0L, 0L, 0L, 2L, 1L, 
    0L, 0L, 0L), .Dim = c(8L, 5L), .Dimnames = structure(list(
        c("-3", "-2", "-1", "0", "1", "2", "3", NA), c("A", "C", 
        "G", "T", NA)), .Names = c("", "")), class = "table"), 
    All.Tags = list(Concordant = list(Freqs = structure(c(0, 
    0, 0, 0, 0, 0, 0, 2, 45, 11, 176, 3, 0, 0, 0, 0, 0, 2, 0, 
    0, 0, 1, 0, 8, 211, 29, 2, 0), .Dim = c(7L, 4L), .Dimnames = list(
        c("-3", "-2", "-1", "0", "1", "2", "3"), c("A", "C", 
        "G", "T"))), N = 490), Majority = list(Freqs = structure(c(0, 
    0, 0, 0, 0, 0, 0, 2, 51, 12, 235, 4, 0, 0, 0, 0, 0, 2, 0, 
    0, 0, 1, 0, 8, 275, 48, 2, 0), .Dim = c(7L, 4L), .Dimnames = list(
        c("-3", "-2", "-1", "0", "1", "2", "3"), c("A", "C", 
        "G", "T"))), N = 640)), `2` = structure(c(0, 0, 0, 0, 
    0, 0, 0, 0, 40, 3, 172, 1, 0, 0, 0, 0, 0, 2, 0, 0, 0, 0, 
    0, 1, 200, 39, 1, 0), .Dim = c(7L, 4L), .Dimnames = list(
        c("-3", "-2", "-1", "0", "1", "2", "3"), c("A", "C", 
        "G", "T"))))))
