Results <-
list(`bwaOutput/20210421msiMNRsJenny/256271_S70.sam` = list(LR24_SNP1 = list(
    All = list(Freqs = structure(c(4L, 1223L, 215L, 8746L, 18L, 
    35L, 0L, 0L, 0L, 1L, 0L, 0L, 0L, 0L, 0L, 7L, 0L, 0L, 0L, 
    1L, 0L, 0L, 0L, 0L, 0L, 5L, 0L, 55L, 0L, 0L), .Dim = 6:5, .Dimnames = structure(list(
        c("-3", "-2", "-1", "0", "1", NA), c("A", "C", "G", "T", 
        NA)), .Names = c("", "")), class = "table"), N = 10310L), 
    Tag.Distribution = structure(c(`1` = 579L, `2` = 389L, `3` = 303L, 
    `4` = 226L, `5` = 188L, `6` = 140L, `7` = 107L, `8` = 87L, 
    `9` = 71L, `10` = 57L, `11` = 35L, `12` = 36L, `13` = 24L, 
    `14` = 18L, `15` = 10L, `16` = 12L, `17` = 8L, `18` = 5L, 
    `19` = 3L, `20` = 1L, `21` = 1L, `22` = 1L, `23` = 3L, `24` = 2L, 
    `25` = 1L, `29` = 1L, `31` = 1L), .Dim = 27L, .Dimnames = structure(list(
        c("1", "2", "3", "4", "5", "6", "7", "8", "9", "10", 
        "11", "12", "13", "14", "15", "16", "17", "18", "19", 
        "20", "21", "22", "23", "24", "25", "29", "31")), .Names = ""), class = "table"), 
    No.Tag = structure(c(0L, 41L, 4L, 375L, 0L, 6L, 0L, 0L, 0L, 
    0L, 0L, 0L, 0L, 0L, 0L, 1L, 0L, 0L, 0L, 0L, 0L, 0L, 0L, 0L, 
    0L, 1L, 0L, 7L, 0L, 0L), .Dim = 6:5, .Dimnames = structure(list(
        c("-3", "-2", "-1", "0", "1", NA), c("A", "C", "G", "T", 
        NA)), .Names = c("", "")), class = "table"), All.Tags = list(
        Concordant = list(Freqs = structure(c(0, 172, 21, 1766, 
        2, 0, 0, 0, 0, 0, 0, 0, 0, 3, 0, 0, 0, 0, 0, 0), .Dim = 5:4, .Dimnames = list(
            c("-3", "-2", "-1", "0", "1"), c("A", "C", "G", "T"
            ))), N = 1964), Majority = list(Freqs = structure(c(0, 
        251, 30, 1965, 2, 0, 0, 0, 0, 0, 0, 0, 0, 3, 0, 0, 0, 
        0, 0, 0), .Dim = 5:4, .Dimnames = list(c("-3", "-2", 
        "-1", "0", "1"), c("A", "C", "G", "T"))), N = 2251)), 
    `2` = structure(c(0, 180, 18, 1481, 0, 0, 0, 0, 0, 0, 0, 
    0, 0, 0, 0, 0, 0, 0, 0, 0), .Dim = 5:4, .Dimnames = list(
        c("-3", "-2", "-1", "0", "1"), c("A", "C", "G", "T"))))))
