Results <-
list(`bwaOutput/20210421msiMNRsJenny/256271_S70.sam` = list(IM49_SNP1 = list(
    All = list(Freqs = structure(c(0L, 3L, 175L, 3201L, 61L, 
    3L, 27L, 1L, 37L, 992L, 2055L, 39L, 0L, 21L, 0L, 0L, 18L, 
    182L, 1L, 0L, 0L), .Dim = c(7L, 3L), .Dimnames = structure(list(
        c("-3", "-2", "-1", "0", "1", "2", NA), c("C", "G", NA
        )), .Names = c("", "")), class = "table"), N = 6816L), 
    Tag.Distribution = structure(c(`1` = 439L, `2` = 278L, `3` = 208L, 
    `4` = 147L, `5` = 131L, `6` = 103L, `7` = 76L, `8` = 51L, 
    `9` = 53L, `10` = 38L, `11` = 22L, `12` = 24L, `13` = 11L, 
    `14` = 9L, `15` = 15L, `16` = 2L, `17` = 1L, `18` = 4L, `19` = 2L, 
    `21` = 2L, `23` = 1L, `24` = 2L, `26` = 1L, `29` = 1L), .Dim = 24L, .Dimnames = structure(list(
        c("1", "2", "3", "4", "5", "6", "7", "8", "9", "10", 
        "11", "12", "13", "14", "15", "16", "17", "18", "19", 
        "21", "23", "24", "26", "29")), .Names = ""), class = "table"), 
    No.Tag = structure(c(0L, 0L, 8L, 94L, 1L, 0L, 3L, 0L, 2L, 
    28L, 38L, 0L, 0L, 2L, 0L, 0L, 0L, 12L, 0L, 0L, 0L), .Dim = c(7L, 
    3L), .Dimnames = structure(list(c("-3", "-2", "-1", "0", 
    "1", "2", NA), c("C", "G", NA)), .Names = c("", "")), class = "table"), 
    All.Tags = list(Concordant = list(Freqs = structure(c(0, 
    1, 21, 562, 5, 0, 0, 3, 150, 397, 5, 0), .Dim = c(6L, 2L), .Dimnames = list(
        c("-3", "-2", "-1", "0", "1", "2"), c("C", "G"))), N = 1144), 
        Majority = list(Freqs = structure(c(0, 1, 25, 749, 5, 
        0, 0, 4, 202, 532, 5, 0), .Dim = c(6L, 2L), .Dimnames = list(
            c("-3", "-2", "-1", "0", "1", "2"), c("C", "G"))), 
            N = 1523)), `2` = structure(c(0, 0, 15, 563, 1, 0, 
    0, 3, 157, 372, 0, 0), .Dim = c(6L, 2L), .Dimnames = list(
        c("-3", "-2", "-1", "0", "1", "2"), c("C", "G"))))))
