Results <-
list(`bwaOutput/20210421msiMNRsJenny/256271_S70.sam` = list(GM22_SNP1 = list(
    All = list(Freqs = structure(c(17L, 1014L, 13065L, 1633L, 
    13L, 49L, 0L, 0L, 9L, 0L, 0L, 1L, 0L, 0L, 1L, 0L, 0L, 0L, 
    0L, 17L, 230L, 28L, 1L, 0L), .Dim = c(6L, 4L), .Dimnames = structure(list(
        c("-2", "-1", "0", "1", "2", NA), c("A", "G", "T", NA
        )), .Names = c("", "")), class = "table"), N = 16078L), 
    Tag.Distribution = structure(c(`1` = 407L, `2` = 302L, `3` = 239L, 
    `4` = 200L, `5` = 191L, `6` = 191L, `7` = 153L, `8` = 135L, 
    `9` = 105L, `10` = 106L, `11` = 74L, `12` = 53L, `13` = 51L, 
    `14` = 47L, `15` = 38L, `16` = 35L, `17` = 28L, `18` = 24L, 
    `19` = 16L, `20` = 16L, `21` = 12L, `22` = 6L, `23` = 5L, 
    `24` = 6L, `25` = 5L, `26` = 2L, `27` = 5L, `28` = 5L, `29` = 1L, 
    `31` = 1L, `33` = 1L, `34` = 2L, `37` = 1L, `38` = 1L), .Dim = 34L, .Dimnames = structure(list(
        c("1", "2", "3", "4", "5", "6", "7", "8", "9", "10", 
        "11", "12", "13", "14", "15", "16", "17", "18", "19", 
        "20", "21", "22", "23", "24", "25", "26", "27", "28", 
        "29", "31", "33", "34", "37", "38")), .Names = ""), class = "table"), 
    No.Tag = structure(c(1L, 45L, 408L, 44L, 0L, 5L, 0L, 0L, 
    1L, 0L, 0L, 0L, 0L, 0L, 0L, 0L, 0L, 0L, 0L, 0L, 21L, 4L, 
    0L, 0L), .Dim = c(6L, 4L), .Dimnames = structure(list(c("-2", 
    "-1", "0", "1", "2", NA), c("A", "G", "T", NA)), .Names = c("", 
    "")), class = "table"), All.Tags = list(Concordant = list(
        Freqs = structure(c(1, 60, 1659, 137, 0, 0, 0, 1, 0, 
        0, 0, 0, 0, 0, 0), .Dim = c(5L, 3L), .Dimnames = list(
            c("-2", "-1", "0", "1", "2"), c("A", "G", "T"))), 
        N = 1858), Majority = list(Freqs = structure(c(1, 107, 
    2043, 230, 0, 0, 0, 1, 0, 0, 0, 0, 0, 0, 0), .Dim = c(5L, 
    3L), .Dimnames = list(c("-2", "-1", "0", "1", "2"), c("A", 
    "G", "T"))), N = 2382)), `2` = structure(c(1, 87, 1719, 184, 
    0, 0, 0, 0, 0, 0, 0, 0, 0, 0, 0), .Dim = c(5L, 3L), .Dimnames = list(
        c("-2", "-1", "0", "1", "2"), c("A", "G", "T"))))))
