Results <-
list(`bwaOutput/20210421msiMNRsJenny/256267_S69.sam` = list(GM07_SNP1 = list(
    All = list(Freqs = structure(c(0L, 0L, 0L, 2L, 0L, 0L, 0L, 
    5L, 1328L, 435L, 6334L, 170L, 3L, 150L, 0L, 1L, 1L, 5L, 0L, 
    0L, 1L, 0L, 0L, 0L, 1L, 0L, 0L, 0L, 0L, 7L, 2L, 85L, 2L, 
    0L, 0L), .Dim = c(7L, 5L), .Dimnames = structure(list(c("-3", 
    "-2", "-1", "0", "1", "2", NA), c("-", "A", "G", "T", NA)), .Names = c("", 
    "")), class = "table"), N = 8532L), Tag.Distribution = structure(c(`1` = 378L, 
    `2` = 263L, `3` = 226L, `4` = 194L, `5` = 147L, `6` = 120L, 
    `7` = 96L, `8` = 75L, `9` = 61L, `10` = 39L, `11` = 37L, 
    `12` = 27L, `13` = 20L, `14` = 20L, `15` = 10L, `16` = 12L, 
    `17` = 5L, `18` = 4L, `19` = 3L, `20` = 6L, `21` = 2L, `22` = 2L, 
    `23` = 3L, `24` = 1L, `27` = 1L, `29` = 1L, `34` = 1L), .Dim = 27L, .Dimnames = structure(list(
        c("1", "2", "3", "4", "5", "6", "7", "8", "9", "10", 
        "11", "12", "13", "14", "15", "16", "17", "18", "19", 
        "20", "21", "22", "23", "24", "27", "29", "34")), .Names = ""), class = "table"), 
    No.Tag = structure(c(0L, 0L, 0L, 0L, 0L, 0L, 0L, 0L, 77L, 
    7L, 175L, 5L, 0L, 18L, 0L, 0L, 1L, 0L, 0L, 0L, 1L, 0L, 0L, 
    0L, 0L, 0L, 0L, 0L, 0L, 0L, 0L, 8L, 0L, 0L, 0L), .Dim = c(7L, 
    5L), .Dimnames = structure(list(c("-3", "-2", "-1", "0", 
    "1", "2", NA), c("-", "A", "G", "T", NA)), .Names = c("", 
    "")), class = "table"), All.Tags = list(Concordant = list(
        Freqs = structure(c(0, 0, 0, 0, 0, 0, 0, 199, 23, 998, 
        3, 0, 0, 0, 0, 2, 0, 0, 0, 0, 0, 0, 0, 0), .Dim = c(6L, 
        4L), .Dimnames = list(c("-3", "-2", "-1", "0", "1", "2"
        ), c("-", "A", "G", "T"))), N = 1225), Majority = list(
        Freqs = structure(c(0, 0, 0, 0, 0, 0, 0, 252, 34, 1380, 
        6, 0, 0, 0, 0, 2, 0, 0, 0, 0, 0, 0, 0, 0), .Dim = c(6L, 
        4L), .Dimnames = list(c("-3", "-2", "-1", "0", "1", "2"
        ), c("-", "A", "G", "T"))), N = 1674)), `2` = structure(c(0, 
    0, 0, 0, 0, 0, 0, 193, 20, 1097, 4, 0, 0, 0, 0, 0, 0, 0, 
    0, 0, 0, 0, 0, 0), .Dim = c(6L, 4L), .Dimnames = list(c("-3", 
    "-2", "-1", "0", "1", "2"), c("-", "A", "G", "T"))))))
