Results <-
list(`bwaOutput/20210421msiMNRsJenny/256271_S70.sam` = list(LR44_SNP1 = list(
    All = list(Freqs = structure(c(0L, 0L, 1L, 6L, 0L, 0L, 0L, 
    0L, 34L, 357L, 96L, 887L, 7L, 0L, 0L, 7L, 0L, 0L, 0L, 12L, 
    2L, 0L, 0L, 0L, 0L, 29L, 264L, 1235L, 30L, 1L, 1L, 9L, 1L, 
    2L, 7L, 49L, 0L, 0L, 0L, 0L), .Dim = c(8L, 5L), .Dimnames = structure(list(
        c("-3", "-2", "-1", "0", "1", "2", "10", NA), c("A", 
        "C", "G", "T", NA)), .Names = c("", "")), class = "table"), 
        N = 3037L), Tag.Distribution = structure(c(`1` = 182L, 
    `2` = 120L, `3` = 89L, `4` = 85L, `5` = 65L, `6` = 50L, `7` = 36L, 
    `8` = 33L, `9` = 30L, `10` = 9L, `11` = 10L, `12` = 10L, 
    `13` = 6L, `14` = 3L, `15` = 1L, `16` = 1L, `18` = 2L), .Dim = 17L, .Dimnames = structure(list(
        c("1", "2", "3", "4", "5", "6", "7", "8", "9", "10", 
        "11", "12", "13", "14", "15", "16", "18")), .Names = ""), class = "table"), 
    No.Tag = structure(c(0L, 0L, 0L, 0L, 0L, 0L, 0L, 0L, 0L, 
    7L, 0L, 20L, 0L, 0L, 0L, 1L, 0L, 0L, 0L, 0L, 0L, 0L, 0L, 
    0L, 0L, 2L, 9L, 43L, 3L, 0L, 0L, 1L, 0L, 1L, 0L, 3L, 0L, 
    0L, 0L, 0L), .Dim = c(8L, 5L), .Dimnames = structure(list(
        c("-3", "-2", "-1", "0", "1", "2", "10", NA), c("A", 
        "C", "G", "T", NA)), .Names = c("", "")), class = "table"), 
    All.Tags = list(Concordant = list(Freqs = structure(c(0, 
    0, 0, 1, 0, 0, 0, 5, 77, 7, 156, 1, 0, 0, 0, 0, 0, 3, 0, 
    0, 0, 0, 4, 26, 232, 3, 0, 0), .Dim = c(7L, 4L), .Dimnames = list(
        c("-3", "-2", "-1", "0", "1", "2", "10"), c("A", "C", 
        "G", "T"))), N = 515), Majority = list(Freqs = structure(c(0, 
    0, 0, 2, 0, 0, 0, 6, 88, 8, 221, 1, 0, 0, 0, 0, 0, 4, 0, 
    0, 0, 0, 6, 39, 320, 3, 0, 0), .Dim = c(7L, 4L), .Dimnames = list(
        c("-3", "-2", "-1", "0", "1", "2", "10"), c("A", "C", 
        "G", "T"))), N = 698)), `2` = structure(c(0, 0, 0, 2, 
    0, 0, 0, 5, 70, 3, 173, 0, 0, 0, 0, 0, 0, 3, 0, 0, 0, 0, 
    4, 29, 235, 1, 0, 0), .Dim = c(7L, 4L), .Dimnames = list(
        c("-3", "-2", "-1", "0", "1", "2", "10"), c("A", "C", 
        "G", "T"))))))
