Results <-
list(`bwaOutput/20210421msiMNRsJenny/256267_S69.sam` = list(LR46_SNP1 = list(
    All = list(Freqs = structure(c(0L, 0L, 2L, 0L, 0L, 1L, 50L, 
    9376L, 31L, 24L, 0L, 0L, 28L, 0L, 0L, 0L, 2L, 70L, 0L, 0L
    ), .Dim = 5:4, .Dimnames = structure(list(c("-2", "-1", "0", 
    "1", NA), c("A", "G", "T", NA)), .Names = c("", "")), class = "table"), 
        N = 9584L), Tag.Distribution = structure(c(`1` = 361L, 
    `2` = 239L, `3` = 203L, `4` = 172L, `5` = 153L, `6` = 125L, 
    `7` = 110L, `8` = 111L, `9` = 70L, `10` = 48L, `11` = 45L, 
    `12` = 35L, `13` = 17L, `14` = 27L, `15` = 13L, `16` = 15L, 
    `17` = 12L, `18` = 5L, `19` = 6L, `20` = 2L, `21` = 6L, `22` = 2L, 
    `23` = 5L, `24` = 2L, `25` = 2L, `27` = 1L, `28` = 1L, `31` = 1L
    ), .Dim = 28L, .Dimnames = structure(list(c("1", "2", "3", 
    "4", "5", "6", "7", "8", "9", "10", "11", "12", "13", "14", 
    "15", "16", "17", "18", "19", "20", "21", "22", "23", "24", 
    "25", "27", "28", "31")), .Names = ""), class = "table"), 
    No.Tag = structure(c(0L, 0L, 0L, 0L, 0L, 0L, 12L, 270L, 3L, 
    4L, 0L, 0L, 2L, 0L, 0L, 0L, 0L, 8L, 0L, 0L), .Dim = 5:4, .Dimnames = structure(list(
        c("-2", "-1", "0", "1", NA), c("A", "G", "T", NA)), .Names = c("", 
    "")), class = "table"), All.Tags = list(Concordant = list(
        Freqs = structure(c(0, 0, 1, 0, 0, 1, 1712, 1, 0, 0, 
        6, 0), .Dim = 4:3, .Dimnames = list(c("-2", "-1", "0", 
        "1"), c("A", "G", "T"))), N = 1721), Majority = list(
        Freqs = structure(c(0, 0, 1, 0, 0, 1, 1769, 1, 0, 0, 
        7, 0), .Dim = 4:3, .Dimnames = list(c("-2", "-1", "0", 
        "1"), c("A", "G", "T"))), N = 1779)), `2` = structure(c(0, 
    0, 0, 0, 0, 1, 1421, 0, 0, 0, 2, 0), .Dim = 4:3, .Dimnames = list(
        c("-2", "-1", "0", "1"), c("A", "G", "T"))))))
