Results <-
list(`bwaOutput/20210421msiMNRsJenny/256265_S92.sam` = list(LR36_SNP1 = list(
    All = list(Freqs = structure(c(0L, 0L, 0L, 0L, 1L, 0L, 0L, 
    0L, 1L, 0L, 1L, 62L, 3338L, 47L, 2L, 52L, 0L, 0L, 0L, 0L, 
    1L, 0L, 0L, 0L, 0L, 3L, 2L, 71L, 3054L, 24L, 0L, 33L, 0L, 
    0L, 1L, 11L, 385L, 8L, 0L, 0L), .Dim = c(8L, 5L), .Dimnames = structure(list(
        c("-4", "-3", "-2", "-1", "0", "1", "2", NA), c("-", 
        "A", "G", "T", NA)), .Names = c("", "")), class = "table"), 
        N = 7097L), Tag.Distribution = structure(c(`1` = 795L, 
    `2` = 572L, `3` = 410L, `4` = 259L, `5` = 155L, `6` = 95L, 
    `7` = 55L, `8` = 36L, `9` = 34L, `10` = 13L, `11` = 4L, `12` = 5L, 
    `13` = 3L, `14` = 2L, `15` = 2L), .Dim = 15L, .Dimnames = structure(list(
        c("1", "2", "3", "4", "5", "6", "7", "8", "9", "10", 
        "11", "12", "13", "14", "15")), .Names = ""), class = "table"), 
    No.Tag = structure(c(0L, 0L, 0L, 0L, 0L, 0L, 0L, 0L, 0L, 
    0L, 0L, 3L, 110L, 0L, 0L, 7L, 0L, 0L, 0L, 0L, 0L, 0L, 0L, 
    0L, 0L, 0L, 0L, 0L, 89L, 1L, 0L, 6L, 0L, 0L, 0L, 0L, 21L, 
    0L, 0L, 0L), .Dim = c(8L, 5L), .Dimnames = structure(list(
        c("-4", "-3", "-2", "-1", "0", "1", "2", NA), c("-", 
        "A", "G", "T", NA)), .Names = c("", "")), class = "table"), 
    All.Tags = list(Concordant = list(Freqs = structure(c(0, 
    0, 0, 0, 0, 0, 0, 1, 0, 0, 11, 827, 4, 1, 0, 0, 0, 0, 0, 
    0, 0, 0, 0, 1, 13, 784, 3, 0), .Dim = c(7L, 4L), .Dimnames = list(
        c("-4", "-3", "-2", "-1", "0", "1", "2"), c("-", "A", 
        "G", "T"))), N = 1645), Majority = list(Freqs = structure(c(0, 
    0, 0, 0, 0, 0, 0, 1, 0, 0, 11, 1100, 5, 1, 0, 0, 0, 0, 0, 
    0, 0, 0, 0, 1, 16, 1032, 4, 0), .Dim = c(7L, 4L), .Dimnames = list(
        c("-4", "-3", "-2", "-1", "0", "1", "2"), c("-", "A", 
        "G", "T"))), N = 2171)), `2` = structure(c(0, 0, 0, 0, 
    0, 0, 0, 0, 0, 0, 2, 741, 1, 0, 0, 0, 0, 0, 0, 0, 0, 0, 0, 
    0, 5, 683, 1, 0), .Dim = c(7L, 4L), .Dimnames = list(c("-4", 
    "-3", "-2", "-1", "0", "1", "2"), c("-", "A", "G", "T"))))))
