Results <-
list(`bwaOutput/20210421msiMNRsJenny/256265_S92.sam` = list(LR52_SNP1 = list(
    All = list(Freqs = structure(c(0L, 0L, 0L, 1L, 2L, 0L, 0L, 
    0L, 1L, 1L, 17L, 315L, 2597L, 19L, 0L, 40L, 0L, 1L, 26L, 
    304L, 3147L, 34L, 1L, 34L, 0L, 0L, 0L, 27L, 891L, 8L, 0L, 
    0L), .Dim = c(8L, 4L), .Dimnames = structure(list(c("-5", 
    "-3", "-2", "-1", "0", "1", "2", NA), c("A", "C", "T", NA
    )), .Names = c("", "")), class = "table"), N = 7466L), Tag.Distribution = structure(c(`1` = 850L, 
    `2` = 557L, `3` = 385L, `4` = 248L, `5` = 159L, `6` = 124L, 
    `7` = 61L, `8` = 49L, `9` = 23L, `10` = 24L, `11` = 11L, 
    `12` = 5L, `13` = 5L, `14` = 3L, `15` = 2L, `17` = 3L), .Dim = 16L, .Dimnames = structure(list(
        c("1", "2", "3", "4", "5", "6", "7", "8", "9", "10", 
        "11", "12", "13", "14", "15", "17")), .Names = ""), class = "table"), 
    No.Tag = structure(c(0L, 0L, 0L, 0L, 0L, 0L, 0L, 0L, 0L, 
    0L, 1L, 6L, 66L, 1L, 0L, 2L, 0L, 1L, 1L, 1L, 71L, 0L, 0L, 
    2L, 0L, 0L, 0L, 1L, 28L, 0L, 0L, 0L), .Dim = c(8L, 4L), .Dimnames = structure(list(
        c("-5", "-3", "-2", "-1", "0", "1", "2", NA), c("A", 
        "C", "T", NA)), .Names = c("", "")), class = "table"), 
    All.Tags = list(Concordant = list(Freqs = structure(c(0, 
    0, 0, 0, 0, 0, 0, 0, 0, 8, 51, 656, 2, 0, 0, 0, 3, 44, 770, 
    5, 0), .Dim = c(7L, 3L), .Dimnames = list(c("-5", "-3", "-2", 
    "-1", "0", "1", "2"), c("A", "C", "T"))), N = 1539), Majority = list(
        Freqs = structure(c(0, 0, 0, 0, 0, 0, 0, 0, 0, 8, 62, 
        889, 2, 0, 0, 0, 3, 51, 1063, 5, 0), .Dim = c(7L, 3L), .Dimnames = list(
            c("-5", "-3", "-2", "-1", "0", "1", "2"), c("A", 
            "C", "T"))), N = 2083)), `2` = structure(c(0, 0, 
    0, 0, 0, 0, 0, 0, 0, 2, 32, 577, 0, 0, 0, 0, 0, 14, 722, 
    0, 0), .Dim = c(7L, 3L), .Dimnames = list(c("-5", "-3", "-2", 
    "-1", "0", "1", "2"), c("A", "C", "T"))))))
