Results <-
list(`bwaOutput/20210421msiMNRsJenny/256271_S70.sam` = list(GM29_SNP1 = list(
    All = list(Freqs = structure(c(9L, 1611L, 10427L, 36L, 22L, 
    0L, 0L, 12L, 0L, 0L, 0L, 0L, 1L, 0L, 0L, 0L, 10L, 94L, 0L, 
    0L), .Dim = 5:4, .Dimnames = structure(list(c("-2", "-1", 
    "0", "1", NA), c("A", "G", "T", NA)), .Names = c("", "")), class = "table"), 
        N = 12222L), Tag.Distribution = structure(c(`1` = 344L, 
    `2` = 233L, `3` = 196L, `4` = 142L, `5` = 127L, `6` = 100L, 
    `7` = 90L, `8` = 75L, `9` = 49L, `10` = 43L, `11` = 46L, 
    `12` = 32L, `13` = 23L, `14` = 25L, `15` = 31L, `16` = 20L, 
    `17` = 18L, `18` = 16L, `19` = 20L, `20` = 5L, `21` = 17L, 
    `22` = 4L, `23` = 7L, `24` = 10L, `25` = 9L, `26` = 7L, `27` = 4L, 
    `28` = 2L, `29` = 5L, `30` = 5L, `31` = 4L, `32` = 1L, `33` = 2L, 
    `34` = 2L, `35` = 1L, `36` = 2L, `38` = 2L, `39` = 1L, `40` = 2L, 
    `41` = 2L, `45` = 1L, `46` = 1L, `48` = 1L, `49` = 1L, `50` = 1L, 
    `51` = 1L, `52` = 1L, `58` = 1L, `62` = 1L, `67` = 1L, `68` = 1L
    ), .Dim = 51L, .Dimnames = structure(list(c("1", "2", "3", 
    "4", "5", "6", "7", "8", "9", "10", "11", "12", "13", "14", 
    "15", "16", "17", "18", "19", "20", "21", "22", "23", "24", 
    "25", "26", "27", "28", "29", "30", "31", "32", "33", "34", 
    "35", "36", "38", "39", "40", "41", "45", "46", "48", "49", 
    "50", "51", "52", "58", "62", "67", "68")), .Names = ""), class = "table"), 
    No.Tag = structure(c(0L, 70L, 455L, 0L, 2L, 0L, 0L, 2L, 0L, 
    0L, 0L, 0L, 1L, 0L, 0L, 0L, 1L, 9L, 0L, 0L), .Dim = 5:4, .Dimnames = structure(list(
        c("-2", "-1", "0", "1", NA), c("A", "G", "T", NA)), .Names = c("", 
    "")), class = "table"), All.Tags = list(Concordant = list(
        Freqs = structure(c(0, 125, 1232, 0, 0, 0, 0, 0, 0, 0, 
        0, 0), .Dim = 4:3, .Dimnames = list(c("-2", "-1", "0", 
        "1"), c("A", "G", "T"))), N = 1357), Majority = list(
        Freqs = structure(c(0, 192, 1511, 0, 0, 0, 0, 0, 0, 0, 
        0, 0), .Dim = 4:3, .Dimnames = list(c("-2", "-1", "0", 
        "1"), c("A", "G", "T"))), N = 1703)), `2` = structure(c(0, 
    145, 1217, 0, 0, 0, 0, 0, 0, 0, 0, 0), .Dim = 4:3, .Dimnames = list(
        c("-2", "-1", "0", "1"), c("A", "G", "T"))))))
