Results <-
list(`bwaOutput/20210421msiMNRsJenny/256267_S69.sam` = list(GM26_SNP1 = list(
    All = list(Freqs = structure(c(0L, 0L, 11L, 0L, 0L, 2L, 62L, 
    6578L, 30L, 12L, 0L, 0L, 1L, 0L, 0L, 0L, 5L, 135L, 0L, 0L
    ), .Dim = 5:4, .Dimnames = structure(list(c("-2", "-1", "0", 
    "1", NA), c("A", "G", "T", NA)), .Names = c("", "")), class = "table"), 
        N = 6836L), Tag.Distribution = structure(c(`1` = 356L, 
    `2` = 187L, `3` = 175L, `4` = 160L, `5` = 140L, `6` = 106L, 
    `7` = 77L, `8` = 48L, `9` = 58L, `10` = 35L, `11` = 37L, 
    `12` = 22L, `13` = 13L, `14` = 15L, `15` = 6L, `16` = 6L, 
    `17` = 8L, `18` = 4L, `19` = 2L, `20` = 1L, `21` = 3L, `22` = 3L
    ), .Dim = 22L, .Dimnames = structure(list(c("1", "2", "3", 
    "4", "5", "6", "7", "8", "9", "10", "11", "12", "13", "14", 
    "15", "16", "17", "18", "19", "20", "21", "22")), .Names = ""), class = "table"), 
    No.Tag = structure(c(0L, 0L, 0L, 0L, 0L, 0L, 2L, 166L, 0L, 
    3L, 0L, 0L, 0L, 0L, 0L, 0L, 0L, 8L, 0L, 0L), .Dim = 5:4, .Dimnames = structure(list(
        c("-2", "-1", "0", "1", NA), c("A", "G", "T", NA)), .Names = c("", 
    "")), class = "table"), All.Tags = list(Concordant = list(
        Freqs = structure(c(0, 0, 7, 0, 1, 3, 1354, 0, 0, 0, 
        0, 0), .Dim = 4:3, .Dimnames = list(c("-2", "-1", "0", 
        "1"), c("A", "G", "T"))), N = 1365), Majority = list(
        Freqs = structure(c(0, 0, 7, 0, 1, 6, 1421, 1, 0, 0, 
        0, 0), .Dim = 4:3, .Dimnames = list(c("-2", "-1", "0", 
        "1"), c("A", "G", "T"))), N = 1436)), `2` = structure(c(0, 
    0, 0, 0, 0, 4, 1096, 1, 0, 0, 0, 0), .Dim = 4:3, .Dimnames = list(
        c("-2", "-1", "0", "1"), c("A", "G", "T"))))))
