Results <-
list(`bwaOutput/20210421msiMNRsJenny/256265_S92.sam` = list(GM01_SNP1 = list(
    All = list(Freqs = structure(c(1L, 144L, 10774L, 44L, 2L, 
    13L, 0L, 0L, 1L, 0L, 0L, 0L, 0L, 0L, 6L, 0L, 0L, 0L, 1L, 
    3L, 124L, 3L, 0L, 0L), .Dim = c(6L, 4L), .Dimnames = structure(list(
        c("-2", "-1", "0", "1", "2", NA), c("A", "C", "G", NA
        )), .Names = c("", "")), class = "table"), N = 11116L), 
    Tag.Distribution = structure(c(`1` = 724L, `2` = 535L, `3` = 470L, 
    `4` = 338L, `5` = 238L, `6` = 194L, `7` = 113L, `8` = 81L, 
    `9` = 59L, `10` = 46L, `11` = 29L, `12` = 23L, `13` = 15L, 
    `14` = 15L, `15` = 6L, `16` = 5L, `17` = 8L, `18` = 5L, `19` = 2L, 
    `20` = 3L, `21` = 2L, `22` = 1L), .Dim = 22L, .Dimnames = structure(list(
        c("1", "2", "3", "4", "5", "6", "7", "8", "9", "10", 
        "11", "12", "13", "14", "15", "16", "17", "18", "19", 
        "20", "21", "22")), .Names = ""), class = "table"), No.Tag = structure(c(0L, 
    2L, 208L, 1L, 0L, 0L, 0L, 0L, 0L, 0L, 0L, 0L, 0L, 0L, 0L, 
    0L, 0L, 0L, 0L, 0L, 7L, 0L, 0L, 0L), .Dim = c(6L, 4L), .Dimnames = structure(list(
        c("-2", "-1", "0", "1", "2", NA), c("A", "C", "G", NA
        )), .Names = c("", "")), class = "table"), All.Tags = list(
        Concordant = list(Freqs = structure(c(0, 19, 2715, 4, 
        0, 0, 0, 0, 0, 0, 0, 0, 1, 0, 0), .Dim = c(5L, 3L), .Dimnames = list(
            c("-2", "-1", "0", "1", "2"), c("A", "C", "G"))), 
            N = 2739), Majority = list(Freqs = structure(c(0, 
        21, 2855, 4, 0, 0, 0, 0, 0, 0, 0, 0, 1, 0, 0), .Dim = c(5L, 
        3L), .Dimnames = list(c("-2", "-1", "0", "1", "2"), c("A", 
        "C", "G"))), N = 2881)), `2` = structure(c(0, 4, 2165, 
    0, 0, 0, 0, 0, 0, 0, 0, 0, 0, 0, 0), .Dim = c(5L, 3L), .Dimnames = list(
        c("-2", "-1", "0", "1", "2"), c("A", "C", "G"))))))
