Results <-
list(`bwaOutput/20210421msiMNRsJenny/256271_S70.sam` = list(GM17_SNP1 = list(
    All = list(Freqs = structure(c(0L, 0L, 0L, 1L, 0L, 0L, 0L, 
    4L, 559L, 6166L, 13L, 12L, 1L, 0L, 112L, 7550L, 18L, 3L, 
    0L, 0L, 3L, 454L, 1L, 0L), .Dim = c(6L, 4L), .Dimnames = structure(list(
        c("-3", "-2", "-1", "0", "1", NA), c("A", "C", "T", NA
        )), .Names = c("", "")), class = "table"), N = 14897L), 
    Tag.Distribution = structure(c(`1` = 400L, `2` = 327L, `3` = 259L, 
    `4` = 235L, `5` = 186L, `6` = 164L, `7` = 139L, `8` = 124L, 
    `9` = 128L, `10` = 99L, `11` = 73L, `12` = 56L, `13` = 54L, 
    `14` = 36L, `15` = 35L, `16` = 26L, `17` = 21L, `18` = 19L, 
    `19` = 17L, `20` = 9L, `21` = 4L, `22` = 6L, `23` = 6L, `24` = 2L, 
    `25` = 5L, `26` = 2L, `27` = 3L, `30` = 1L, `31` = 1L, `33` = 1L, 
    `36` = 1L, `41` = 1L), .Dim = 32L, .Dimnames = structure(list(
        c("1", "2", "3", "4", "5", "6", "7", "8", "9", "10", 
        "11", "12", "13", "14", "15", "16", "17", "18", "19", 
        "20", "21", "22", "23", "24", "25", "26", "27", "30", 
        "31", "33", "36", "41")), .Names = ""), class = "table"), 
    No.Tag = structure(c(0L, 0L, 0L, 0L, 0L, 0L, 0L, 0L, 6L, 
    182L, 0L, 0L, 0L, 0L, 4L, 220L, 1L, 0L, 0L, 0L, 1L, 36L, 
    0L, 0L), .Dim = c(6L, 4L), .Dimnames = structure(list(c("-3", 
    "-2", "-1", "0", "1", NA), c("A", "C", "T", NA)), .Names = c("", 
    "")), class = "table"), All.Tags = list(Concordant = list(
        Freqs = structure(c(0, 0, 0, 0, 0, 0, 0, 35, 709, 0, 
        0, 0, 4, 839, 0), .Dim = c(5L, 3L), .Dimnames = list(
            c("-3", "-2", "-1", "0", "1"), c("A", "C", "T"))), 
        N = 1587), Majority = list(Freqs = structure(c(0, 0, 
    0, 0, 0, 0, 0, 70, 1027, 0, 0, 0, 6, 1213, 0), .Dim = c(5L, 
    3L), .Dimnames = list(c("-3", "-2", "-1", "0", "1"), c("A", 
    "C", "T"))), N = 2316)), `2` = structure(c(0, 0, 0, 0, 0, 
    0, 0, 60, 862, 0, 0, 0, 3, 1010, 0), .Dim = c(5L, 3L), .Dimnames = list(
        c("-3", "-2", "-1", "0", "1"), c("A", "C", "T"))))))
