Results <-
list(`bwaOutput/20210421msiMNRsJenny/256267_S69.sam` = list(GM01_SNP1 = list(
    All = list(Freqs = structure(c(0L, 0L, 1L, 0L, 0L, 0L, 4L, 
    258L, 16426L, 61L, 2L, 23L, 0L, 0L, 11L, 0L, 0L, 0L, 0L, 
    6L, 161L, 1L, 0L, 0L), .Dim = c(6L, 4L), .Dimnames = structure(list(
        c("-2", "-1", "0", "1", "2", NA), c("-", "A", "G", NA
        )), .Names = c("", "")), class = "table"), N = 16954L), 
    Tag.Distribution = structure(c(`1` = 426L, `2` = 298L, `3` = 254L, 
    `4` = 224L, `5` = 208L, `6` = 193L, `7` = 185L, `8` = 135L, 
    `9` = 131L, `10` = 97L, `11` = 77L, `12` = 55L, `13` = 52L, 
    `14` = 46L, `15` = 35L, `16` = 35L, `17` = 29L, `18` = 17L, 
    `19` = 24L, `20` = 13L, `21` = 12L, `22` = 10L, `23` = 10L, 
    `24` = 11L, `25` = 4L, `26` = 4L, `27` = 3L, `28` = 2L, `29` = 2L, 
    `30` = 4L, `32` = 1L, `33` = 1L, `35` = 2L, `37` = 2L, `38` = 1L, 
    `40` = 1L, `54` = 1L), .Dim = 37L, .Dimnames = structure(list(
        c("1", "2", "3", "4", "5", "6", "7", "8", "9", "10", 
        "11", "12", "13", "14", "15", "16", "17", "18", "19", 
        "20", "21", "22", "23", "24", "25", "26", "27", "28", 
        "29", "30", "32", "33", "35", "37", "38", "40", "54")), .Names = ""), class = "table"), 
    No.Tag = structure(c(0L, 0L, 0L, 0L, 0L, 0L, 0L, 10L, 278L, 
    1L, 0L, 1L, 0L, 0L, 0L, 0L, 0L, 0L, 0L, 0L, 9L, 0L, 0L, 0L
    ), .Dim = c(6L, 4L), .Dimnames = structure(list(c("-2", "-1", 
    "0", "1", "2", NA), c("-", "A", "G", NA)), .Names = c("", 
    "")), class = "table"), All.Tags = list(Concordant = list(
        Freqs = structure(c(0, 0, 0, 0, 0, 1, 6, 2321, 1, 0, 
        0, 0, 5, 0, 0), .Dim = c(5L, 3L), .Dimnames = list(c("-2", 
        "-1", "0", "1", "2"), c("-", "A", "G"))), N = 2334), 
        Majority = list(Freqs = structure(c(0, 0, 0, 0, 0, 1, 
        8, 2562, 2, 0, 0, 0, 5, 0, 0), .Dim = c(5L, 3L), .Dimnames = list(
            c("-2", "-1", "0", "1", "2"), c("-", "A", "G"))), 
            N = 2578)), `2` = structure(c(0, 0, 0, 0, 0, 0, 2, 
    2165, 1, 0, 0, 0, 0, 0, 0), .Dim = c(5L, 3L), .Dimnames = list(
        c("-2", "-1", "0", "1", "2"), c("-", "A", "G"))))))
