Results <-
list(`bwaOutput/20210421msiMNRsJenny/256265_S92.sam` = list(GM17_SNP1 = list(
    All = list(Freqs = structure(c(0L, 0L, 1L, 0L, 0L, 0L, 0L, 
    1L, 0L, 0L, 0L, 8L, 31L, 0L, 1L, 4L, 157L, 12043L, 19L, 9L, 
    0L, 1L, 416L, 0L, 0L), .Dim = c(5L, 5L), .Dimnames = structure(list(
        c("-2", "-1", "0", "1", NA), c("-", "A", "C", "T", NA
        )), .Names = c("", "")), class = "table"), N = 12691L), 
    Tag.Distribution = structure(c(`1` = 647L, `2` = 572L, `3` = 510L, 
    `4` = 353L, `5` = 320L, `6` = 201L, `7` = 160L, `8` = 116L, 
    `9` = 80L, `10` = 58L, `11` = 40L, `12` = 16L, `13` = 21L, 
    `14` = 10L, `15` = 11L, `16` = 5L, `17` = 2L, `18` = 1L, 
    `19` = 1L, `20` = 1L, `21` = 2L, `22` = 1L, `24` = 1L), .Dim = 23L, .Dimnames = structure(list(
        c("1", "2", "3", "4", "5", "6", "7", "8", "9", "10", 
        "11", "12", "13", "14", "15", "16", "17", "18", "19", 
        "20", "21", "22", "24")), .Names = ""), class = "table"), 
    No.Tag = structure(c(0L, 0L, 0L, 0L, 0L, 0L, 0L, 0L, 0L, 
    0L, 0L, 0L, 0L, 0L, 0L, 0L, 6L, 303L, 1L, 1L, 0L, 0L, 24L, 
    0L, 0L), .Dim = c(5L, 5L), .Dimnames = structure(list(c("-2", 
    "-1", "0", "1", NA), c("-", "A", "C", "T", NA)), .Names = c("", 
    "")), class = "table"), All.Tags = list(Concordant = list(
        Freqs = structure(c(0, 0, 0, 0, 0, 0, 0, 0, 0, 2, 6, 
        0, 0, 8, 2920, 0), .Dim = c(4L, 4L), .Dimnames = list(
            c("-2", "-1", "0", "1"), c("-", "A", "C", "T"))), 
        N = 2936), Majority = list(Freqs = structure(c(0, 0, 
    0, 0, 0, 0, 0, 0, 0, 2, 6, 0, 0, 10, 3067, 0), .Dim = c(4L, 
    4L), .Dimnames = list(c("-2", "-1", "0", "1"), c("-", "A", 
    "C", "T"))), N = 3085)), `2` = structure(c(0, 0, 0, 0, 0, 
    0, 0, 0, 0, 1, 0, 0, 0, 3, 2452, 0), .Dim = c(4L, 4L), .Dimnames = list(
        c("-2", "-1", "0", "1"), c("-", "A", "C", "T"))))))
