Results <-
list(`bwaOutput/20210421msiMNRsJenny/256267_S69.sam` = list(GM09_SNP1 = list(
    All = list(Freqs = structure(c(0L, 0L, 12L, 0L, 0L, 1L, 161L, 
    16000L, 27L, 6L, 0L, 0L, 1L, 0L, 0L, 0L, 4L, 85L, 0L, 0L), .Dim = 5:4, .Dimnames = structure(list(
        c("-2", "-1", "0", "1", NA), c("A", "G", "T", NA)), .Names = c("", 
    "")), class = "table"), N = 16297L), Tag.Distribution = structure(c(`1` = 385L, 
    `2` = 287L, `3` = 290L, `4` = 241L, `5` = 207L, `6` = 166L, 
    `7` = 169L, `8` = 134L, `9` = 88L, `10` = 93L, `11` = 78L, 
    `12` = 57L, `13` = 54L, `14` = 38L, `15` = 29L, `16` = 23L, 
    `17` = 24L, `18` = 18L, `19` = 18L, `20` = 14L, `21` = 12L, 
    `22` = 10L, `23` = 15L, `24` = 6L, `25` = 8L, `26` = 1L, 
    `27` = 5L, `28` = 3L, `29` = 1L, `30` = 4L, `31` = 2L, `32` = 2L, 
    `34` = 1L, `35` = 4L, `36` = 1L, `37` = 1L, `38` = 1L, `39` = 1L, 
    `40` = 1L, `43` = 2L, `47` = 1L), .Dim = 41L, .Dimnames = structure(list(
        c("1", "2", "3", "4", "5", "6", "7", "8", "9", "10", 
        "11", "12", "13", "14", "15", "16", "17", "18", "19", 
        "20", "21", "22", "23", "24", "25", "26", "27", "28", 
        "29", "30", "31", "32", "34", "35", "36", "37", "38", 
        "39", "40", "43", "47")), .Names = ""), class = "table"), 
    No.Tag = structure(c(0L, 0L, 4L, 0L, 0L, 0L, 4L, 367L, 0L, 
    1L, 0L, 0L, 0L, 0L, 0L, 0L, 0L, 9L, 0L, 0L), .Dim = 5:4, .Dimnames = structure(list(
        c("-2", "-1", "0", "1", NA), c("A", "G", "T", NA)), .Names = c("", 
    "")), class = "table"), All.Tags = list(Concordant = list(
        Freqs = structure(c(0, 0, 3, 0, 0, 6, 2356, 1, 0, 0, 
        0, 0), .Dim = 4:3, .Dimnames = list(c("-2", "-1", "0", 
        "1"), c("A", "G", "T"))), N = 2366), Majority = list(
        Freqs = structure(c(0, 0, 3, 0, 0, 11, 2465, 1, 0, 0, 
        0, 0), .Dim = 4:3, .Dimnames = list(c("-2", "-1", "0", 
        "1"), c("A", "G", "T"))), N = 2480)), `2` = structure(c(0, 
    0, 0, 0, 0, 9, 2094, 0, 0, 0, 0, 0), .Dim = 4:3, .Dimnames = list(
        c("-2", "-1", "0", "1"), c("A", "G", "T"))))))
