Results <-
list(`bwaOutput/20210421msiMNRsJenny/256267_S69.sam` = list(LR11_SNP1 = list(
    All = list(Freqs = structure(c(0L, 1L, 2L, 0L, 0L, 0L, 6L, 
    309L, 7598L, 64L, 1L, 22L, 5L, 189L, 6442L, 52L, 2L, 15L, 
    0L, 0L, 2L, 0L, 0L, 0L, 0L, 11L, 375L, 6L, 0L, 0L), .Dim = 6:5, .Dimnames = structure(list(
        c("-2", "-1", "0", "1", "2", NA), c("-", "A", "C", "T", 
        NA)), .Names = c("", "")), class = "table"), N = 15102L), 
    Tag.Distribution = structure(c(`1` = 404L, `2` = 319L, `3` = 250L, 
    `4` = 275L, `5` = 245L, `6` = 200L, `7` = 150L, `8` = 130L, 
    `9` = 107L, `10` = 92L, `11` = 75L, `12` = 59L, `13` = 46L, 
    `14` = 47L, `15` = 35L, `16` = 17L, `17` = 15L, `18` = 13L, 
    `19` = 11L, `20` = 10L, `21` = 8L, `22` = 8L, `23` = 4L, 
    `24` = 4L, `25` = 6L, `26` = 4L, `27` = 1L, `29` = 1L, `31` = 1L, 
    `35` = 1L, `37` = 1L, `40` = 1L), .Dim = 32L, .Dimnames = structure(list(
        c("1", "2", "3", "4", "5", "6", "7", "8", "9", "10", 
        "11", "12", "13", "14", "15", "16", "17", "18", "19", 
        "20", "21", "22", "23", "24", "25", "26", "27", "29", 
        "31", "35", "37", "40")), .Names = ""), class = "table"), 
    No.Tag = structure(c(0L, 0L, 0L, 0L, 0L, 0L, 0L, 5L, 169L, 
    0L, 0L, 3L, 0L, 4L, 147L, 0L, 0L, 0L, 0L, 0L, 0L, 0L, 0L, 
    0L, 0L, 0L, 15L, 0L, 0L, 0L), .Dim = 6:5, .Dimnames = structure(list(
        c("-2", "-1", "0", "1", "2", NA), c("-", "A", "C", "T", 
        NA)), .Names = c("", "")), class = "table"), All.Tags = list(
        Concordant = list(Freqs = structure(c(0, 0, 0, 0, 0, 
        0, 17, 834, 4, 0, 0, 6, 699, 1, 0, 0, 0, 0, 0, 0), .Dim = 5:4, .Dimnames = list(
            c("-2", "-1", "0", "1", "2"), c("-", "A", "C", "T"
            ))), N = 1561), Majority = list(Freqs = structure(c(0, 
        0, 0, 0, 0, 0, 23, 1273, 5, 0, 0, 7, 1106, 2, 0, 0, 0, 
        0, 0, 0), .Dim = 5:4, .Dimnames = list(c("-2", "-1", 
        "0", "1", "2"), c("-", "A", "C", "T"))), N = 2416)), 
    `2` = structure(c(0, 0, 0, 0, 0, 0, 12, 1076, 3, 0, 0, 5, 
    932, 1, 0, 0, 0, 0, 0, 0), .Dim = 5:4, .Dimnames = list(c("-2", 
    "-1", "0", "1", "2"), c("-", "A", "C", "T"))))))
