Results <-
list(`bwaOutput/20210421msiMNRsJenny/256265_S92.sam` = list(LR46_SNP1 = list(
    All = list(Freqs = structure(c(0L, 1L, 0L, 0L, 0L, 1L, 0L, 
    0L, 19L, 3777L, 17L, 10L, 19L, 3432L, 20L, 8L, 1L, 55L, 1L, 
    0L), .Dim = 4:5, .Dimnames = structure(list(c("-1", "0", 
    "1", NA), c("-", "A", "G", "T", NA)), .Names = c("", "")), class = "table"), 
        N = 7361L), Tag.Distribution = structure(c(`1` = 739L, 
    `2` = 531L, `3` = 326L, `4` = 252L, `5` = 153L, `6` = 108L, 
    `7` = 74L, `8` = 37L, `9` = 26L, `10` = 24L, `11` = 16L, 
    `12` = 12L, `13` = 1L, `14` = 1L, `15` = 3L, `16` = 3L, `17` = 2L, 
    `18` = 3L, `19` = 3L), .Dim = 19L, .Dimnames = structure(list(
        c("1", "2", "3", "4", "5", "6", "7", "8", "9", "10", 
        "11", "12", "13", "14", "15", "16", "17", "18", "19")), .Names = ""), class = "table"), 
    No.Tag = structure(c(0L, 0L, 0L, 0L, 0L, 0L, 0L, 0L, 0L, 
    147L, 1L, 0L, 1L, 126L, 3L, 2L, 0L, 8L, 0L, 0L), .Dim = 4:5, .Dimnames = structure(list(
        c("-1", "0", "1", NA), c("-", "A", "G", "T", NA)), .Names = c("", 
    "")), class = "table"), All.Tags = list(Concordant = list(
        Freqs = structure(c(0, 0, 0, 0, 0, 0, 0, 866, 1, 2, 766, 
        1), .Dim = 3:4, .Dimnames = list(c("-1", "0", "1"), c("-", 
        "A", "G", "T"))), N = 1636), Majority = list(Freqs = structure(c(0, 
    0, 0, 0, 0, 0, 0, 1145, 1, 2, 996, 2), .Dim = 3:4, .Dimnames = list(
        c("-1", "0", "1"), c("-", "A", "G", "T"))), N = 2146)), 
    `2` = structure(c(0, 0, 0, 0, 0, 0, 0, 767, 0, 0, 648, 1), .Dim = 3:4, .Dimnames = list(
        c("-1", "0", "1"), c("-", "A", "G", "T"))))))
