Results <-
list(`bwaOutput/20210421msiMNRsJenny/256265_S92.sam` = list(IM49_SNP1 = list(
    All = list(Freqs = structure(c(1L, 0L, 90L, 2184L, 59L, 1L, 
    16L, 1L, 1L, 69L, 1891L, 52L, 1L, 4L, 0L, 0L, 3L, 161L, 8L, 
    0L, 0L), .Dim = c(7L, 3L), .Dimnames = structure(list(c("-3", 
    "-2", "-1", "0", "1", "2", NA), c("C", "G", NA)), .Names = c("", 
    "")), class = "table"), N = 4542L), Tag.Distribution = structure(c(`1` = 826L, 
    `2` = 426L, `3` = 242L, `4` = 159L, `5` = 90L, `6` = 58L, 
    `7` = 27L, `8` = 22L, `9` = 5L, `10` = 9L, `11` = 4L, `12` = 1L, 
    `13` = 1L), .Dim = 13L, .Dimnames = structure(list(c("1", 
    "2", "3", "4", "5", "6", "7", "8", "9", "10", "11", "12", 
    "13")), .Names = ""), class = "table"), No.Tag = structure(c(0L, 
    0L, 3L, 50L, 4L, 0L, 0L, 0L, 0L, 1L, 64L, 4L, 0L, 0L, 0L, 
    0L, 1L, 8L, 0L, 0L, 0L), .Dim = c(7L, 3L), .Dimnames = structure(list(
        c("-3", "-2", "-1", "0", "1", "2", NA), c("C", "G", NA
        )), .Names = c("", "")), class = "table"), All.Tags = list(
        Concordant = list(Freqs = structure(c(0, 0, 27, 733, 
        10, 1, 0, 1, 17, 588, 12, 1), .Dim = c(6L, 2L), .Dimnames = list(
            c("-3", "-2", "-1", "0", "1", "2"), c("C", "G"))), 
            N = 1390), Majority = list(Freqs = structure(c(0, 
        0, 31, 862, 10, 1, 0, 1, 18, 724, 12, 1), .Dim = c(6L, 
        2L), .Dimnames = list(c("-3", "-2", "-1", "0", "1", "2"
        ), c("C", "G"))), N = 1660)), `2` = structure(c(0, 0, 
    8, 457, 1, 0, 0, 0, 3, 407, 1, 0), .Dim = c(6L, 2L), .Dimnames = list(
        c("-3", "-2", "-1", "0", "1", "2"), c("C", "G"))))))
