Results <-
list(`bwaOutput/20210421msiMNRsJenny/256267_S69.sam` = list(LR10_SNP1 = list(
    All = list(Freqs = structure(c(1L, 116L, 4628L, 37L, 9L, 
    1L, 115L, 5223L, 31L, 3L, 0L, 2L, 169L, 2L, 0L), .Dim = c(5L, 
    3L), .Dimnames = structure(list(c("-2", "-1", "0", "1", NA
    ), c("C", "T", NA)), .Names = c("", "")), class = "table"), 
        N = 10337L), Tag.Distribution = structure(c(`1` = 394L, 
    `2` = 288L, `3` = 233L, `4` = 190L, `5` = 190L, `6` = 123L, 
    `7` = 132L, `8` = 97L, `9` = 81L, `10` = 52L, `11` = 48L, 
    `12` = 34L, `13` = 30L, `14` = 19L, `15` = 14L, `16` = 10L, 
    `17` = 8L, `18` = 15L, `19` = 8L, `20` = 5L, `21` = 6L, `22` = 2L, 
    `23` = 1L, `25` = 2L, `29` = 1L, `31` = 1L), .Dim = 26L, .Dimnames = structure(list(
        c("1", "2", "3", "4", "5", "6", "7", "8", "9", "10", 
        "11", "12", "13", "14", "15", "16", "17", "18", "19", 
        "20", "21", "22", "23", "25", "29", "31")), .Names = ""), class = "table"), 
    No.Tag = structure(c(0L, 4L, 147L, 1L, 0L, 0L, 7L, 174L, 
    2L, 0L, 0L, 0L, 13L, 0L, 0L), .Dim = c(5L, 3L), .Dimnames = structure(list(
        c("-2", "-1", "0", "1", NA), c("C", "T", NA)), .Names = c("", 
    "")), class = "table"), All.Tags = list(Concordant = list(
        Freqs = structure(c(0, 12, 663, 0, 0, 4, 729, 2), .Dim = c(4L, 
        2L), .Dimnames = list(c("-2", "-1", "0", "1"), c("C", 
        "T"))), N = 1410), Majority = list(Freqs = structure(c(0, 
    13, 907, 0, 0, 9, 969, 3), .Dim = c(4L, 2L), .Dimnames = list(
        c("-2", "-1", "0", "1"), c("C", "T"))), N = 1901)), `2` = structure(c(0, 
    6, 719, 0, 0, 6, 789, 1), .Dim = c(4L, 2L), .Dimnames = list(
        c("-2", "-1", "0", "1"), c("C", "T"))))))
