Results <-
list(`bwaOutput/20210421msiMNRsJenny/256265_S92.sam` = list(GM07_SNP1 = list(
    All = list(Freqs = structure(c(0L, 1L, 2L, 0L, 0L, 0L, 3L, 
    331L, 5970L, 177L, 5L, 123L, 0L, 4L, 10L, 0L, 0L, 0L, 0L, 
    2L, 96L, 4L, 0L, 0L), .Dim = c(6L, 4L), .Dimnames = structure(list(
        c("-2", "-1", "0", "1", "2", NA), c("-", "A", "G", NA
        )), .Names = c("", "")), class = "table"), N = 6728L), 
    Tag.Distribution = structure(c(`1` = 813L, `2` = 552L, `3` = 389L, 
    `4` = 234L, `5` = 143L, `6` = 93L, `7` = 49L, `8` = 35L, 
    `9` = 16L, `10` = 14L, `11` = 8L, `12` = 3L, `13` = 4L, `14` = 4L, 
    `15` = 1L, `16` = 2L, `17` = 2L), .Dim = 17L, .Dimnames = structure(list(
        c("1", "2", "3", "4", "5", "6", "7", "8", "9", "10", 
        "11", "12", "13", "14", "15", "16", "17")), .Names = ""), class = "table"), 
    No.Tag = structure(c(0L, 0L, 0L, 0L, 0L, 0L, 0L, 9L, 183L, 
    2L, 0L, 15L, 0L, 0L, 1L, 0L, 0L, 0L, 0L, 0L, 5L, 0L, 0L, 
    0L), .Dim = c(6L, 4L), .Dimnames = structure(list(c("-2", 
    "-1", "0", "1", "2", NA), c("-", "A", "G", NA)), .Names = c("", 
    "")), class = "table"), All.Tags = list(Concordant = list(
        Freqs = structure(c(0, 0, 0, 0, 0, 0, 44, 1883, 30, 1, 
        0, 0, 4, 0, 0), .Dim = c(5L, 3L), .Dimnames = list(c("-2", 
        "-1", "0", "1", "2"), c("-", "A", "G"))), N = 1962), 
        Majority = list(Freqs = structure(c(0, 0, 0, 0, 0, 0, 
        57, 2147, 32, 1, 0, 0, 4, 0, 0), .Dim = c(5L, 3L), .Dimnames = list(
            c("-2", "-1", "0", "1", "2"), c("-", "A", "G"))), 
            N = 2241)), `2` = structure(c(0, 0, 0, 0, 0, 0, 21, 
    1437, 4, 0, 0, 0, 0, 0, 0), .Dim = c(5L, 3L), .Dimnames = list(
        c("-2", "-1", "0", "1", "2"), c("-", "A", "G"))))))
