Results <-
list(`bwaOutput/20210421msiMNRsJenny/256265_S92.sam` = list(LR40_SNP1 = list(
    All = list(Freqs = structure(c(0L, 0L, 11L, 0L, 0L, 0L, 1L, 
    84L, 6494L, 20L, 1L, 12L, 0L, 1L, 47L, 0L, 0L, 0L), .Dim = c(6L, 
    3L), .Dimnames = structure(list(c("-2", "-1", "0", "1", "2", 
    NA), c("A", "C", NA)), .Names = c("", "")), class = "table"), 
        N = 6671L), Tag.Distribution = structure(c(`1` = 693L, 
    `2` = 452L, `3` = 297L, `4` = 224L, `5` = 136L, `6` = 100L, 
    `7` = 54L, `8` = 36L, `9` = 33L, `10` = 19L, `11` = 14L, 
    `12` = 7L, `13` = 8L, `14` = 4L, `15` = 3L, `16` = 2L, `17` = 1L, 
    `18` = 4L, `19` = 2L, `21` = 1L, `23` = 1L, `24` = 1L), .Dim = 22L, .Dimnames = structure(list(
        c("1", "2", "3", "4", "5", "6", "7", "8", "9", "10", 
        "11", "12", "13", "14", "15", "16", "17", "18", "19", 
        "21", "23", "24")), .Names = ""), class = "table"), No.Tag = structure(c(0L, 
    0L, 1L, 0L, 0L, 0L, 0L, 1L, 176L, 0L, 0L, 1L, 0L, 0L, 5L, 
    0L, 0L, 0L), .Dim = c(6L, 3L), .Dimnames = structure(list(
        c("-2", "-1", "0", "1", "2", NA), c("A", "C", NA)), .Names = c("", 
    "")), class = "table"), All.Tags = list(Concordant = list(
        Freqs = structure(c(0, 0, 0, 0, 0, 0, 12, 1977, 4, 0), .Dim = c(5L, 
        2L), .Dimnames = list(c("-2", "-1", "0", "1", "2"), c("A", 
        "C"))), N = 1993), Majority = list(Freqs = structure(c(0, 
    0, 0, 0, 0, 0, 12, 2056, 4, 0), .Dim = c(5L, 2L), .Dimnames = list(
        c("-2", "-1", "0", "1", "2"), c("A", "C"))), N = 2072)), 
    `2` = structure(c(0, 0, 0, 0, 0, 0, 3, 1383, 0, 0), .Dim = c(5L, 
    2L), .Dimnames = list(c("-2", "-1", "0", "1", "2"), c("A", 
    "C"))))))
