Results <-
list(`bwaOutput/20210421msiMNRsJenny/256265_S92.sam` = list(GM22_SNP1 = list(
    All = list(Freqs = structure(c(3L, 133L, 10068L, 52L, 1L, 
    22L, 0L, 0L, 4L, 0L, 0L, 0L, 0L, 0L, 1L, 0L, 0L, 0L, 0L, 
    2L, 165L, 2L, 0L, 0L), .Dim = c(6L, 4L), .Dimnames = structure(list(
        c("-2", "-1", "0", "1", "2", NA), c("A", "G", "T", NA
        )), .Names = c("", "")), class = "table"), N = 10453L), 
    Tag.Distribution = structure(c(`1` = 734L, `2` = 607L, `3` = 437L, 
    `4` = 370L, `5` = 251L, `6` = 178L, `7` = 105L, `8` = 95L, 
    `9` = 51L, `10` = 32L, `11` = 23L, `12` = 16L, `13` = 12L, 
    `14` = 7L, `15` = 1L, `16` = 2L), .Dim = 16L, .Dimnames = structure(list(
        c("1", "2", "3", "4", "5", "6", "7", "8", "9", "10", 
        "11", "12", "13", "14", "15", "16")), .Names = ""), class = "table"), 
    No.Tag = structure(c(0L, 4L, 345L, 4L, 0L, 0L, 0L, 0L, 0L, 
    0L, 0L, 0L, 0L, 0L, 0L, 0L, 0L, 0L, 0L, 0L, 18L, 0L, 0L, 
    0L), .Dim = c(6L, 4L), .Dimnames = structure(list(c("-2", 
    "-1", "0", "1", "2", NA), c("A", "G", "T", NA)), .Names = c("", 
    "")), class = "table"), All.Tags = list(Concordant = list(
        Freqs = structure(c(0, 12, 2727, 6, 0, 0, 0, 1, 0, 0, 
        0, 0, 0, 0, 0), .Dim = c(5L, 3L), .Dimnames = list(c("-2", 
        "-1", "0", "1", "2"), c("A", "G", "T"))), N = 2746), 
        Majority = list(Freqs = structure(c(0, 12, 2864, 6, 0, 
        0, 0, 1, 0, 0, 0, 0, 0, 0, 0), .Dim = c(5L, 3L), .Dimnames = list(
            c("-2", "-1", "0", "1", "2"), c("A", "G", "T"))), 
            N = 2883)), `2` = structure(c(0, 0, 2164, 0, 0, 0, 
    0, 0, 0, 0, 0, 0, 0, 0, 0), .Dim = c(5L, 3L), .Dimnames = list(
        c("-2", "-1", "0", "1", "2"), c("A", "G", "T"))))))
