Results <-
list(`bwaOutput/20210421msiMNRsJenny/256271_S70.sam` = list(GM14_SNP1 = list(
    All = list(Freqs = structure(c(1L, 1L, 167L, 1333L, 3676L, 
    27L, 0L, 27L, 0L, 0L, 16L, 1328L, 3948L, 29L, 1L, 10L, 0L, 
    0L, 1L, 4L, 103L, 0L, 0L, 0L), .Dim = c(8L, 3L), .Dimnames = structure(list(
        c("-4", "-3", "-2", "-1", "0", "1", "2", NA), c("C", 
        "T", NA)), .Names = c("", "")), class = "table"), N = 10672L), 
    Tag.Distribution = structure(c(`1` = 435L, `2` = 255L, `3` = 235L, 
    `4` = 191L, `5` = 196L, `6` = 139L, `7` = 115L, `8` = 97L, 
    `9` = 83L, `10` = 70L, `11` = 37L, `12` = 39L, `13` = 29L, 
    `14` = 27L, `15` = 25L, `16` = 13L, `17` = 10L, `18` = 8L, 
    `19` = 6L, `20` = 5L, `22` = 5L, `23` = 1L, `24` = 1L, `25` = 2L, 
    `26` = 2L, `27` = 1L, `28` = 1L, `29` = 1L, `36` = 1L, `38` = 1L
    ), .Dim = 30L, .Dimnames = structure(list(c("1", "2", "3", 
    "4", "5", "6", "7", "8", "9", "10", "11", "12", "13", "14", 
    "15", "16", "17", "18", "19", "20", "22", "23", "24", "25", 
    "26", "27", "28", "29", "36", "38")), .Names = ""), class = "table"), 
    No.Tag = structure(c(0L, 0L, 4L, 34L, 92L, 3L, 0L, 2L, 0L, 
    0L, 0L, 19L, 96L, 2L, 0L, 0L, 0L, 0L, 0L, 0L, 6L, 0L, 0L, 
    0L), .Dim = c(8L, 3L), .Dimnames = structure(list(c("-4", 
    "-3", "-2", "-1", "0", "1", "2", NA), c("C", "T", NA)), .Names = c("", 
    "")), class = "table"), All.Tags = list(Concordant = list(
        Freqs = structure(c(0, 0, 26, 158, 515, 3, 0, 0, 0, 0, 
        180, 539, 1, 0), .Dim = c(7L, 2L), .Dimnames = list(c("-4", 
        "-3", "-2", "-1", "0", "1", "2"), c("C", "T"))), N = 1422), 
        Majority = list(Freqs = structure(c(0, 0, 31, 235, 703, 
        3, 0, 0, 0, 0, 238, 723, 3, 0), .Dim = c(7L, 2L), .Dimnames = list(
            c("-4", "-3", "-2", "-1", "0", "1", "2"), c("C", 
            "T"))), N = 1936)), `2` = structure(c(0, 0, 19, 180, 
    542, 0, 0, 0, 0, 0, 184, 582, 3, 0), .Dim = c(7L, 2L), .Dimnames = list(
        c("-4", "-3", "-2", "-1", "0", "1", "2"), c("C", "T"))))))
