Results <-
list(`bwaOutput/20210421msiMNRsJenny/256271_S70.sam` = list(LR52_SNP1 = list(
    All = list(Freqs = structure(c(0L, 0L, 0L, 0L, 1L, 0L, 0L, 
    0L, 0L, 1L, 2L, 0L, 3L, 0L, 0L, 0L, 454L, 172L, 920L, 1482L, 
    6810L, 73L, 3L, 134L, 1L, 2L, 10L, 25L, 444L, 9L, 0L, 0L), .Dim = c(8L, 
    4L), .Dimnames = structure(list(c("-4", "-3", "-2", "-1", 
    "0", "1", "2", NA), c("A", "C", "T", NA)), .Names = c("", 
    "")), class = "table"), N = 10546L), Tag.Distribution = structure(c(`1` = 328L, 
    `2` = 225L, `3` = 203L, `4` = 177L, `5` = 134L, `6` = 114L, 
    `7` = 113L, `8` = 92L, `9` = 72L, `10` = 70L, `11` = 56L, 
    `12` = 39L, `13` = 35L, `14` = 27L, `15` = 16L, `16` = 17L, 
    `17` = 11L, `18` = 15L, `19` = 5L, `20` = 11L, `21` = 8L, 
    `22` = 3L, `23` = 4L, `24` = 3L, `25` = 1L, `26` = 1L, `28` = 1L, 
    `29` = 3L, `30` = 1L, `31` = 2L, `35` = 1L, `50` = 1L), .Dim = 32L, .Dimnames = structure(list(
        c("1", "2", "3", "4", "5", "6", "7", "8", "9", "10", 
        "11", "12", "13", "14", "15", "16", "17", "18", "19", 
        "20", "21", "22", "23", "24", "25", "26", "28", "29", 
        "30", "31", "35", "50")), .Names = ""), class = "table"), 
    No.Tag = structure(c(0L, 0L, 0L, 0L, 0L, 0L, 0L, 0L, 0L, 
    0L, 0L, 0L, 0L, 0L, 0L, 0L, 9L, 11L, 17L, 41L, 177L, 3L, 
    0L, 8L, 0L, 0L, 0L, 3L, 11L, 0L, 0L, 0L), .Dim = c(8L, 4L
    ), .Dimnames = structure(list(c("-4", "-3", "-2", "-1", "0", 
    "1", "2", NA), c("A", "C", "T", NA)), .Names = c("", "")), class = "table"), 
    All.Tags = list(Concordant = list(Freqs = structure(c(0, 
    0, 0, 0, 1, 0, 0, 0, 1, 1, 0, 1, 0, 0, 61, 16, 86, 121, 809, 
    2, 1), .Dim = c(7L, 3L), .Dimnames = list(c("-4", "-3", "-2", 
    "-1", "0", "1", "2"), c("A", "C", "T"))), N = 1100), Majority = list(
        Freqs = structure(c(0, 0, 0, 0, 1, 0, 0, 0, 1, 1, 0, 
        1, 0, 0, 77, 21, 132, 191, 1253, 3, 1), .Dim = c(7L, 
        3L), .Dimnames = list(c("-4", "-3", "-2", "-1", "0", 
        "1", "2"), c("A", "C", "T"))), N = 1682)), `2` = structure(c(0, 
    0, 0, 0, 0, 0, 0, 0, 0, 0, 0, 0, 0, 0, 66, 17, 105, 145, 
    1053, 1, 1), .Dim = c(7L, 3L), .Dimnames = list(c("-4", "-3", 
    "-2", "-1", "0", "1", "2"), c("A", "C", "T"))))))
