Results <-
list(`bwaOutput/20210421msiMNRsJenny/256267_S69.sam` = list(LR48_SNP1 = list(
    All = list(Freqs = structure(c(5L, 156L, 5036L, 106L, 1L, 
    39L, 5L, 263L, 3959L, 64L, 1L, 18L, 0L, 3L, 222L, 4L, 0L, 
    0L), .Dim = c(6L, 3L), .Dimnames = structure(list(c("-2", 
    "-1", "0", "1", "2", NA), c("C", "T", NA)), .Names = c("", 
    "")), class = "table"), N = 9882L), Tag.Distribution = structure(c(`1` = 298L, 
    `2` = 182L, `3` = 158L, `4` = 146L, `5` = 131L, `6` = 127L, 
    `7` = 106L, `8` = 81L, `9` = 75L, `10` = 62L, `11` = 47L, 
    `12` = 37L, `13` = 41L, `14` = 26L, `15` = 26L, `16` = 14L, 
    `17` = 17L, `18` = 14L, `19` = 7L, `20` = 8L, `21` = 7L, 
    `22` = 3L, `23` = 3L, `25` = 1L, `26` = 1L, `29` = 2L, `32` = 2L
    ), .Dim = 27L, .Dimnames = structure(list(c("1", "2", "3", 
    "4", "5", "6", "7", "8", "9", "10", "11", "12", "13", "14", 
    "15", "16", "17", "18", "19", "20", "21", "22", "23", "25", 
    "26", "29", "32")), .Names = ""), class = "table"), No.Tag = structure(c(0L, 
    5L, 128L, 0L, 0L, 0L, 0L, 4L, 140L, 2L, 0L, 2L, 0L, 0L, 18L, 
    0L, 0L, 0L), .Dim = c(6L, 3L), .Dimnames = structure(list(
        c("-2", "-1", "0", "1", "2", NA), c("C", "T", NA)), .Names = c("", 
    "")), class = "table"), All.Tags = list(Concordant = list(
        Freqs = structure(c(1, 5, 586, 8, 0, 0, 14, 474, 3, 0
        ), .Dim = c(5L, 2L), .Dimnames = list(c("-2", "-1", "0", 
        "1", "2"), c("C", "T"))), N = 1091), Majority = list(
        Freqs = structure(c(1, 9, 835, 9, 0, 0, 20, 685, 4, 0
        ), .Dim = c(5L, 2L), .Dimnames = list(c("-2", "-1", "0", 
        "1", "2"), c("C", "T"))), N = 1563)), `2` = structure(c(0, 
    6, 695, 2, 0, 0, 15, 565, 3, 0), .Dim = c(5L, 2L), .Dimnames = list(
        c("-2", "-1", "0", "1", "2"), c("C", "T"))))))
