Results <-
list(`bwaOutput/20210421msiMNRsJenny/256267_S69.sam` = list(LR17_SNP1 = list(
    All = list(Freqs = structure(c(5L, 232L, 2405L, 16962L, 223L, 
    4L, 161L, 0L, 0L, 1L, 10L, 0L, 0L, 0L, 0L, 2L, 85L, 1164L, 
    6L, 0L, 0L), .Dim = c(7L, 3L), .Dimnames = structure(list(
        c("-3", "-2", "-1", "0", "1", "2", NA), c("A", "G", NA
        )), .Names = c("", "")), class = "table"), N = 21260L), 
    Tag.Distribution = structure(c(`1` = 388L, `2` = 264L, `3` = 260L, 
    `4` = 252L, `5` = 246L, `6` = 213L, `7` = 214L, `8` = 177L, 
    `9` = 160L, `10` = 116L, `11` = 93L, `12` = 79L, `13` = 72L, 
    `14` = 76L, `15` = 57L, `16` = 47L, `17` = 34L, `18` = 30L, 
    `19` = 25L, `20` = 20L, `21` = 21L, `22` = 13L, `23` = 10L, 
    `24` = 12L, `25` = 7L, `26` = 9L, `27` = 5L, `29` = 5L, `31` = 2L, 
    `33` = 1L, `34` = 3L, `35` = 2L, `36` = 3L, `44` = 1L), .Dim = 34L, .Dimnames = structure(list(
        c("1", "2", "3", "4", "5", "6", "7", "8", "9", "10", 
        "11", "12", "13", "14", "15", "16", "17", "18", "19", 
        "20", "21", "22", "23", "24", "25", "26", "27", "29", 
        "31", "33", "34", "35", "36", "44")), .Names = ""), class = "table"), 
    No.Tag = structure(c(0L, 1L, 82L, 480L, 3L, 0L, 5L, 0L, 0L, 
    0L, 1L, 0L, 0L, 0L, 0L, 0L, 2L, 36L, 0L, 0L, 0L), .Dim = c(7L, 
    3L), .Dimnames = structure(list(c("-3", "-2", "-1", "0", 
    "1", "2", NA), c("A", "G", NA)), .Names = c("", "")), class = "table"), 
    All.Tags = list(Concordant = list(Freqs = structure(c(0, 
    16, 119, 1824, 5, 0, 0, 0, 0, 0, 0, 0), .Dim = c(6L, 2L), .Dimnames = list(
        c("-3", "-2", "-1", "0", "1", "2"), c("A", "G"))), N = 1964), 
        Majority = list(Freqs = structure(c(0, 20, 248, 2540, 
        9, 0, 0, 0, 0, 0, 0, 0), .Dim = c(6L, 2L), .Dimnames = list(
            c("-3", "-2", "-1", "0", "1", "2"), c("A", "G"))), 
            N = 2817)), `2` = structure(c(0, 16, 213, 2232, 6, 
    0, 0, 0, 0, 0, 0, 0), .Dim = c(6L, 2L), .Dimnames = list(
        c("-3", "-2", "-1", "0", "1", "2"), c("A", "G"))))))
