Results <-
list(`bwaOutput/20210421msiMNRsJenny/256267_S69.sam` = list(IM16_SNP1 = list(
    All = list(Freqs = structure(c(0L, 0L, 1L, 0L, 0L, 0L, 17L, 
    870L, 5152L, 87L, 2L, 10L, 2L, 96L, 6666L, 93L, 1L, 16L, 
    0L, 0L, 2L, 0L, 0L, 0L, 0L, 6L, 154L, 7L, 1L, 0L), .Dim = 6:5, .Dimnames = structure(list(
        c("-2", "-1", "0", "1", "2", NA), c("-", "A", "G", "T", 
        NA)), .Names = c("", "")), class = "table"), N = 13183L), 
    Tag.Distribution = structure(c(`1` = 359L, `2` = 263L, `3` = 216L, 
    `4` = 211L, `5` = 177L, `6` = 148L, `7` = 126L, `8` = 114L, 
    `9` = 95L, `10` = 80L, `11` = 51L, `12` = 52L, `13` = 56L, 
    `14` = 39L, `15` = 24L, `16` = 33L, `17` = 19L, `18` = 20L, 
    `19` = 9L, `20` = 11L, `21` = 4L, `22` = 8L, `23` = 3L, `24` = 4L, 
    `25` = 3L, `28` = 1L, `29` = 2L, `30` = 2L, `32` = 1L, `34` = 2L, 
    `38` = 1L, `41` = 1L), .Dim = 32L, .Dimnames = structure(list(
        c("1", "2", "3", "4", "5", "6", "7", "8", "9", "10", 
        "11", "12", "13", "14", "15", "16", "17", "18", "19", 
        "20", "21", "22", "23", "24", "25", "28", "29", "30", 
        "32", "34", "38", "41")), .Names = ""), class = "table"), 
    No.Tag = structure(c(0L, 0L, 0L, 0L, 0L, 0L, 0L, 31L, 93L, 
    1L, 0L, 0L, 0L, 1L, 192L, 2L, 0L, 0L, 0L, 0L, 0L, 0L, 0L, 
    0L, 0L, 1L, 17L, 0L, 0L, 0L), .Dim = 6:5, .Dimnames = structure(list(
        c("-2", "-1", "0", "1", "2", NA), c("-", "A", "G", "T", 
        NA)), .Names = c("", "")), class = "table"), All.Tags = list(
        Concordant = list(Freqs = structure(c(0, 0, 0, 0, 0, 
        1, 89, 549, 4, 0, 0, 3, 781, 2, 0, 0, 0, 0, 0, 0), .Dim = 5:4, .Dimnames = list(
            c("-2", "-1", "0", "1", "2"), c("-", "A", "G", "T"
            ))), N = 1429), Majority = list(Freqs = structure(c(0, 
        0, 0, 0, 0, 2, 128, 827, 5, 0, 0, 6, 1075, 2, 0, 0, 0, 
        0, 0, 0), .Dim = 5:4, .Dimnames = list(c("-2", "-1", 
        "0", "1", "2"), c("-", "A", "G", "T"))), N = 2045)), 
    `2` = structure(c(0, 0, 0, 0, 0, 2, 112, 691, 1, 0, 0, 6, 
    884, 1, 0, 0, 0, 0, 0, 0), .Dim = 5:4, .Dimnames = list(c("-2", 
    "-1", "0", "1", "2"), c("-", "A", "G", "T"))))))
