Results <-
list(`bwaOutput/20210421msiMNRsJenny/256267_S69.sam` = list(GM29_SNP1 = list(
    All = list(Freqs = structure(c(1L, 3L, 488L, 13442L, 50L, 
    1L, 18L, 0L, 0L, 0L, 3L, 0L, 0L, 0L, 0L, 0L, 0L, 1L, 0L, 
    0L, 0L, 0L, 0L, 6L, 103L, 1L, 0L, 0L), .Dim = c(7L, 4L), .Dimnames = structure(list(
        c("-3", "-2", "-1", "0", "1", "2", NA), c("A", "G", "T", 
        NA)), .Names = c("", "")), class = "table"), N = 14117L), 
    Tag.Distribution = structure(c(`1` = 318L, `2` = 192L, `3` = 198L, 
    `4` = 167L, `5` = 136L, `6` = 129L, `7` = 110L, `8` = 97L, 
    `9` = 62L, `10` = 50L, `11` = 46L, `12` = 33L, `13` = 37L, 
    `14` = 33L, `15` = 20L, `16` = 22L, `17` = 24L, `18` = 16L, 
    `19` = 16L, `20` = 8L, `21` = 12L, `22` = 12L, `23` = 7L, 
    `24` = 5L, `25` = 4L, `26` = 6L, `27` = 12L, `28` = 4L, `29` = 7L, 
    `30` = 4L, `31` = 4L, `32` = 2L, `33` = 5L, `34` = 1L, `35` = 3L, 
    `36` = 2L, `37` = 2L, `38` = 2L, `39` = 2L, `40` = 4L, `41` = 1L, 
    `42` = 2L, `43` = 2L, `44` = 1L, `45` = 1L, `46` = 2L, `47` = 1L, 
    `51` = 1L, `53` = 1L, `54` = 1L, `58` = 2L, `60` = 1L, `63` = 2L, 
    `69` = 1L, `70` = 1L, `72` = 1L), .Dim = 56L, .Dimnames = structure(list(
        c("1", "2", "3", "4", "5", "6", "7", "8", "9", "10", 
        "11", "12", "13", "14", "15", "16", "17", "18", "19", 
        "20", "21", "22", "23", "24", "25", "26", "27", "28", 
        "29", "30", "31", "32", "33", "34", "35", "36", "37", 
        "38", "39", "40", "41", "42", "43", "44", "45", "46", 
        "47", "51", "53", "54", "58", "60", "63", "69", "70", 
        "72")), .Names = ""), class = "table"), No.Tag = structure(c(0L, 
    0L, 20L, 533L, 0L, 0L, 1L, 0L, 0L, 0L, 0L, 0L, 0L, 0L, 0L, 
    0L, 0L, 0L, 0L, 0L, 0L, 0L, 0L, 0L, 10L, 0L, 0L, 0L), .Dim = c(7L, 
    4L), .Dimnames = structure(list(c("-3", "-2", "-1", "0", 
    "1", "2", NA), c("A", "G", "T", NA)), .Names = c("", "")), class = "table"), 
    All.Tags = list(Concordant = list(Freqs = structure(c(0, 
    0, 21, 1559, 0, 0, 0, 0, 0, 0, 0, 0, 0, 0, 0, 0, 0, 0), .Dim = c(6L, 
    3L), .Dimnames = list(c("-3", "-2", "-1", "0", "1", "2"), 
        c("A", "G", "T"))), N = 1580), Majority = list(Freqs = structure(c(0, 
    0, 34, 1778, 0, 0, 0, 0, 0, 0, 0, 0, 0, 0, 0, 0, 0, 0), .Dim = c(6L, 
    3L), .Dimnames = list(c("-3", "-2", "-1", "0", "1", "2"), 
        c("A", "G", "T"))), N = 1812)), `2` = structure(c(0, 
    0, 26, 1477, 0, 0, 0, 0, 0, 0, 0, 0, 0, 0, 0, 0, 0, 0), .Dim = c(6L, 
    3L), .Dimnames = list(c("-3", "-2", "-1", "0", "1", "2"), 
        c("A", "G", "T"))))))
