Results <-
list(`bwaOutput/20210421msiMNRsJenny/256271_S70.sam` = list(LR17_SNP1 = list(
    All = list(Freqs = structure(c(3L, 153L, 4448L, 21425L, 279L, 
    4L, 275L, 0L, 0L, 0L, 1L, 0L, 0L, 0L, 0L, 0L, 0L, 10L, 0L, 
    0L, 0L, 0L, 0L, 0L, 1L, 0L, 0L, 0L, 0L, 4L, 177L, 1713L, 
    9L, 0L, 0L), .Dim = c(7L, 5L), .Dimnames = structure(list(
        c("-3", "-2", "-1", "0", "1", "2", NA), c("A", "C", "G", 
        "T", NA)), .Names = c("", "")), class = "table"), N = 28502L), 
    Tag.Distribution = structure(c(`1` = 429L, `2` = 256L, `3` = 216L, 
    `4` = 205L, `5` = 210L, `6` = 213L, `7` = 169L, `8` = 197L, 
    `9` = 166L, `10` = 150L, `11` = 134L, `12` = 125L, `13` = 114L, 
    `14` = 92L, `15` = 58L, `16` = 70L, `17` = 56L, `18` = 44L, 
    `19` = 40L, `20` = 33L, `21` = 35L, `22` = 35L, `23` = 26L, 
    `24` = 23L, `25` = 22L, `26` = 17L, `27` = 11L, `28` = 14L, 
    `29` = 12L, `30` = 10L, `31` = 3L, `32` = 6L, `33` = 2L, 
    `34` = 5L, `35` = 5L, `36` = 3L, `37` = 1L, `38` = 1L, `39` = 1L, 
    `40` = 1L, `42` = 1L, `43` = 1L, `47` = 1L, `49` = 1L, `54` = 1L
    ), .Dim = 45L, .Dimnames = structure(list(c("1", "2", "3", 
    "4", "5", "6", "7", "8", "9", "10", "11", "12", "13", "14", 
    "15", "16", "17", "18", "19", "20", "21", "22", "23", "24", 
    "25", "26", "27", "28", "29", "30", "31", "32", "33", "34", 
    "35", "36", "37", "38", "39", "40", "42", "43", "47", "49", 
    "54")), .Names = ""), class = "table"), No.Tag = structure(c(0L, 
    3L, 117L, 701L, 13L, 0L, 23L, 0L, 0L, 0L, 0L, 0L, 0L, 0L, 
    0L, 0L, 0L, 2L, 0L, 0L, 0L, 0L, 0L, 0L, 0L, 0L, 0L, 0L, 0L, 
    1L, 3L, 73L, 1L, 0L, 0L), .Dim = c(7L, 5L), .Dimnames = structure(list(
        c("-3", "-2", "-1", "0", "1", "2", NA), c("A", "C", "G", 
        "T", NA)), .Names = c("", "")), class = "table"), All.Tags = list(
        Concordant = list(Freqs = structure(c(0, 4, 185, 1714, 
        6, 0, 0, 0, 0, 0, 0, 0, 0, 0, 0, 0, 0, 0, 0, 0, 0, 1, 
        0, 0), .Dim = c(6L, 4L), .Dimnames = list(c("-3", "-2", 
        "-1", "0", "1", "2"), c("A", "C", "G", "T"))), N = 1910), 
        Majority = list(Freqs = structure(c(0, 5, 382, 2675, 
        7, 0, 0, 0, 0, 0, 0, 0, 0, 0, 0, 0, 0, 0, 0, 0, 0, 1, 
        0, 0), .Dim = c(6L, 4L), .Dimnames = list(c("-3", "-2", 
        "-1", "0", "1", "2"), c("A", "C", "G", "T"))), N = 3070)), 
    `2` = structure(c(0, 3, 319, 2372, 3, 0, 0, 0, 0, 0, 0, 0, 
    0, 0, 0, 0, 0, 0, 0, 0, 0, 0, 0, 0), .Dim = c(6L, 4L), .Dimnames = list(
        c("-3", "-2", "-1", "0", "1", "2"), c("A", "C", "G", 
        "T"))))))
