Results <-
list(`bwaOutput/20210421msiMNRsJenny/256271_S70.sam` = list(DEPDC2_SNP1 = list(
    All = list(Freqs = structure(c(0L, 0L, 0L, 2L, 0L, 0L, 2L, 
    781L, 17L, 2253L, 8L, 17L, 0L, 1L, 61L, 3865L, 23L, 20L, 
    0L, 5L, 2L, 72L, 0L, 0L), .Dim = c(6L, 4L), .Dimnames = structure(list(
        c("-3", "-2", "-1", "0", "1", NA), c("A", "C", "T", NA
        )), .Names = c("", "")), class = "table"), N = 7129L), 
    Tag.Distribution = structure(c(`1` = 498L, `2` = 302L, `3` = 218L, 
    `4` = 198L, `5` = 147L, `6` = 114L, `7` = 76L, `8` = 66L, 
    `9` = 30L, `10` = 23L, `11` = 22L, `12` = 23L, `13` = 17L, 
    `14` = 12L, `15` = 8L, `16` = 10L, `17` = 2L, `18` = 2L, 
    `19` = 1L, `24` = 1L, `26` = 1L), .Dim = 21L, .Dimnames = structure(list(
        c("1", "2", "3", "4", "5", "6", "7", "8", "9", "10", 
        "11", "12", "13", "14", "15", "16", "17", "18", "19", 
        "24", "26")), .Names = ""), class = "table"), No.Tag = structure(c(0L, 
    0L, 0L, 1L, 0L, 0L, 0L, 23L, 1L, 82L, 0L, 2L, 0L, 0L, 1L, 
    159L, 0L, 3L, 0L, 0L, 0L, 4L, 0L, 0L), .Dim = c(6L, 4L), .Dimnames = structure(list(
        c("-3", "-2", "-1", "0", "1", NA), c("A", "C", "T", NA
        )), .Names = c("", "")), class = "table"), All.Tags = list(
        Concordant = list(Freqs = structure(c(0, 0, 0, 0, 0, 
        0, 154, 1, 469, 0, 0, 0, 10, 733, 0), .Dim = c(5L, 3L
        ), .Dimnames = list(c("-3", "-2", "-1", "0", "1"), c("A", 
        "C", "T"))), N = 1367), Majority = list(Freqs = structure(c(0, 
        0, 0, 0, 0, 0, 200, 2, 569, 0, 0, 0, 12, 901, 1), .Dim = c(5L, 
        3L), .Dimnames = list(c("-3", "-2", "-1", "0", "1"), 
            c("A", "C", "T"))), N = 1685)), `2` = structure(c(0, 
    0, 0, 0, 0, 0, 144, 1, 402, 0, 0, 0, 6, 648, 1), .Dim = c(5L, 
    3L), .Dimnames = list(c("-3", "-2", "-1", "0", "1"), c("A", 
    "C", "T"))))))
