Results <-
list(`bwaOutput/20210421msiMNRsJenny/256267_S69.sam` = list(GM14_SNP1 = list(
    All = list(Freqs = structure(c(0L, 0L, 0L, 1L, 0L, 0L, 0L, 
    1L, 29L, 1020L, 8065L, 67L, 3L, 38L, 0L, 0L, 0L, 4L, 0L, 
    0L, 0L, 0L, 0L, 0L, 104L, 0L, 0L, 0L), .Dim = c(7L, 4L), .Dimnames = structure(list(
        c("-3", "-2", "-1", "0", "1", "2", NA), c("A", "C", "T", 
        NA)), .Names = c("", "")), class = "table"), N = 9332L), 
    Tag.Distribution = structure(c(`1` = 419L, `2` = 317L, `3` = 238L, 
    `4` = 210L, `5` = 187L, `6` = 153L, `7` = 107L, `8` = 83L, 
    `9` = 70L, `10` = 54L, `11` = 38L, `12` = 29L, `13` = 17L, 
    `14` = 21L, `15` = 11L, `16` = 14L, `17` = 10L, `18` = 5L, 
    `19` = 1L, `20` = 2L, `21` = 1L, `22` = 1L, `23` = 1L), .Dim = 23L, .Dimnames = structure(list(
        c("1", "2", "3", "4", "5", "6", "7", "8", "9", "10", 
        "11", "12", "13", "14", "15", "16", "17", "18", "19", 
        "20", "21", "22", "23")), .Names = ""), class = "table"), 
    No.Tag = structure(c(0L, 0L, 0L, 0L, 0L, 0L, 0L, 0L, 2L, 
    29L, 195L, 1L, 0L, 0L, 0L, 0L, 0L, 0L, 0L, 0L, 0L, 0L, 0L, 
    0L, 7L, 0L, 0L, 0L), .Dim = c(7L, 4L), .Dimnames = structure(list(
        c("-3", "-2", "-1", "0", "1", "2", NA), c("A", "C", "T", 
        NA)), .Names = c("", "")), class = "table"), All.Tags = list(
        Concordant = list(Freqs = structure(c(0, 0, 0, 0, 0, 
        0, 0, 1, 107, 1492, 3, 0, 0, 0, 0, 1, 0, 0), .Dim = c(6L, 
        3L), .Dimnames = list(c("-3", "-2", "-1", "0", "1", "2"
        ), c("A", "C", "T"))), N = 1604), Majority = list(Freqs = structure(c(0, 
        0, 0, 0, 0, 0, 0, 1, 152, 1785, 3, 0, 0, 0, 0, 1, 0, 
        0), .Dim = c(6L, 3L), .Dimnames = list(c("-3", "-2", 
        "-1", "0", "1", "2"), c("A", "C", "T"))), N = 1942)), 
    `2` = structure(c(0, 0, 0, 0, 0, 0, 0, 0, 120, 1417, 0, 0, 
    0, 0, 0, 0, 0, 0), .Dim = c(6L, 3L), .Dimnames = list(c("-3", 
    "-2", "-1", "0", "1", "2"), c("A", "C", "T"))))))
