Results <-
list(`bwaOutput/20210421msiMNRsJenny/256265_S92.sam` = list(GM11_SNP1 = list(
    All = list(Freqs = structure(c(3L, 33L, 7417L, 29L, 3L, 0L, 
    1L, 8L, 0L, 0L, 0L, 0L, 56L, 0L, 0L), .Dim = c(5L, 3L), .Dimnames = structure(list(
        c("-2", "-1", "0", "1", NA), c("A", "G", NA)), .Names = c("", 
    "")), class = "table"), N = 7550L), Tag.Distribution = structure(c(`1` = 798L, 
    `2` = 510L, `3` = 349L, `4` = 217L, `5` = 161L, `6` = 99L, 
    `7` = 63L, `8` = 38L, `9` = 33L, `10` = 21L, `11` = 13L, 
    `12` = 11L, `13` = 5L, `14` = 16L, `15` = 2L, `16` = 3L, 
    `17` = 2L, `18` = 3L, `19` = 2L, `20` = 1L, `21` = 2L, `22` = 1L, 
    `24` = 1L, `27` = 2L, `29` = 1L, `31` = 1L), .Dim = 26L, .Dimnames = structure(list(
        c("1", "2", "3", "4", "5", "6", "7", "8", "9", "10", 
        "11", "12", "13", "14", "15", "16", "17", "18", "19", 
        "20", "21", "22", "24", "27", "29", "31")), .Names = ""), class = "table"), 
    No.Tag = structure(c(0L, 0L, 167L, 3L, 1L, 0L, 0L, 0L, 0L, 
    0L, 0L, 0L, 5L, 0L, 0L), .Dim = c(5L, 3L), .Dimnames = structure(list(
        c("-2", "-1", "0", "1", NA), c("A", "G", NA)), .Names = c("", 
    "")), class = "table"), All.Tags = list(Concordant = list(
        Freqs = structure(c(0, 5, 2291, 2, 0, 0, 3, 0), .Dim = c(4L, 
        2L), .Dimnames = list(c("-2", "-1", "0", "1"), c("A", 
        "G"))), N = 2301), Majority = list(Freqs = structure(c(0, 
    7, 2329, 3, 0, 0, 3, 0), .Dim = c(4L, 2L), .Dimnames = list(
        c("-2", "-1", "0", "1"), c("A", "G"))), N = 2342)), `2` = structure(c(0, 
    3, 1544, 1, 0, 0, 0, 0), .Dim = c(4L, 2L), .Dimnames = list(
        c("-2", "-1", "0", "1"), c("A", "G"))))))
