Results <-
list(`bwaOutput/20210421msiMNRsJenny/256265_S92.sam` = list(GM26_SNP1 = list(
    All = list(Freqs = structure(c(1L, 24L, 3844L, 23L, 0L, 7L, 
    0L, 26L, 3555L, 20L, 1L, 8L, 0L, 0L, 1L, 0L, 0L, 0L, 0L, 
    1L, 133L, 0L, 0L, 0L), .Dim = c(6L, 4L), .Dimnames = structure(list(
        c("-2", "-1", "0", "1", "2", NA), c("A", "G", "T", NA
        )), .Names = c("", "")), class = "table"), N = 7644L), 
    Tag.Distribution = structure(c(`1` = 748L, `2` = 551L, `3` = 344L, 
    `4` = 276L, `5` = 143L, `6` = 117L, `7` = 76L, `8` = 51L, 
    `9` = 26L, `10` = 28L, `11` = 12L, `12` = 10L, `13` = 10L, 
    `14` = 6L, `15` = 1L, `16` = 1L, `17` = 1L, `18` = 4L, `19` = 2L
    ), .Dim = 19L, .Dimnames = structure(list(c("1", "2", "3", 
    "4", "5", "6", "7", "8", "9", "10", "11", "12", "13", "14", 
    "15", "16", "17", "18", "19")), .Names = ""), class = "table"), 
    No.Tag = structure(c(0L, 0L, 74L, 1L, 0L, 0L, 0L, 1L, 74L, 
    0L, 0L, 0L, 0L, 0L, 0L, 0L, 0L, 0L, 0L, 0L, 13L, 0L, 0L, 
    0L), .Dim = c(6L, 4L), .Dimnames = structure(list(c("-2", 
    "-1", "0", "1", "2", NA), c("A", "G", "T", NA)), .Names = c("", 
    "")), class = "table"), All.Tags = list(Concordant = list(
        Freqs = structure(c(0, 1, 834, 1, 0, 0, 4, 789, 2, 0, 
        0, 0, 0, 0, 0), .Dim = c(5L, 3L), .Dimnames = list(c("-2", 
        "-1", "0", "1", "2"), c("A", "G", "T"))), N = 1631), 
        Majority = list(Freqs = structure(c(0, 1, 1121, 1, 0, 
        0, 4, 1040, 2, 0, 0, 0, 0, 0, 0), .Dim = c(5L, 3L), .Dimnames = list(
            c("-2", "-1", "0", "1", "2"), c("A", "G", "T"))), 
            N = 2169)), `2` = structure(c(0, 1, 747, 0, 0, 0, 
    1, 688, 0, 0, 0, 0, 0, 0, 0), .Dim = c(5L, 3L), .Dimnames = list(
        c("-2", "-1", "0", "1", "2"), c("A", "G", "T"))))))
