Results <-
list(`bwaOutput/20210421msiMNRsJenny/256267_S69.sam` = list(LR20_SNP1 = list(
    All = list(Freqs = structure(c(16L, 4956L, 12L, 0L, 4L, 19L, 
    5567L, 34L, 1L, 10L, 0L, 2L, 0L, 0L, 0L, 0L, 72L, 0L, 0L, 
    0L), .Dim = 5:4, .Dimnames = structure(list(c("-1", "0", 
    "1", "2", NA), c("A", "G", "T", NA)), .Names = c("", "")), class = "table"), 
        N = 10693L), Tag.Distribution = structure(c(`1` = 421L, 
    `2` = 275L, `3` = 263L, `4` = 217L, `5` = 171L, `6` = 130L, 
    `7` = 96L, `8` = 92L, `9` = 77L, `10` = 65L, `11` = 36L, 
    `12` = 29L, `13` = 28L, `14` = 25L, `15` = 13L, `16` = 14L, 
    `17` = 8L, `18` = 12L, `19` = 7L, `20` = 12L, `21` = 1L, 
    `22` = 1L, `23` = 5L, `24` = 4L, `25` = 5L, `26` = 3L, `28` = 1L, 
    `29` = 1L, `30` = 1L, `36` = 1L, `49` = 1L), .Dim = 31L, .Dimnames = structure(list(
        c("1", "2", "3", "4", "5", "6", "7", "8", "9", "10", 
        "11", "12", "13", "14", "15", "16", "17", "18", "19", 
        "20", "21", "22", "23", "24", "25", "26", "28", "29", 
        "30", "36", "49")), .Names = ""), class = "table"), No.Tag = structure(c(1L, 
    223L, 2L, 0L, 1L, 0L, 209L, 1L, 0L, 2L, 0L, 0L, 0L, 0L, 0L, 
    0L, 9L, 0L, 0L, 0L), .Dim = 5:4, .Dimnames = structure(list(
        c("-1", "0", "1", "2", NA), c("A", "G", "T", NA)), .Names = c("", 
    "")), class = "table"), All.Tags = list(Concordant = list(
        Freqs = structure(c(2, 684, 0, 0, 1, 748, 2, 0, 0, 0, 
        0, 0), .Dim = 4:3, .Dimnames = list(c("-1", "0", "1", 
        "2"), c("A", "G", "T"))), N = 1437), Majority = list(
        Freqs = structure(c(2, 926, 0, 0, 2, 1012, 3, 0, 0, 0, 
        0, 0), .Dim = 4:3, .Dimnames = list(c("-1", "0", "1", 
        "2"), c("A", "G", "T"))), N = 1945)), `2` = structure(c(0, 
    722, 0, 0, 2, 808, 1, 0, 0, 0, 0, 0), .Dim = 4:3, .Dimnames = list(
        c("-1", "0", "1", "2"), c("A", "G", "T"))))))
