Results <-
list(`bwaOutput/20210421msiMNRsJenny/256265_S92.sam` = list(IM16_SNP1 = list(
    All = list(Freqs = structure(c(0L, 0L, 1L, 0L, 0L, 0L, 0L, 
    24L, 3543L, 43L, 1L, 2L, 1L, 50L, 3646L, 52L, 3L, 6L, 0L, 
    0L, 1L, 0L, 0L, 0L, 0L, 2L, 92L, 5L, 0L, 0L), .Dim = 6:5, .Dimnames = structure(list(
        c("-2", "-1", "0", "1", "2", NA), c("-", "A", "G", "T", 
        NA)), .Names = c("", "")), class = "table"), N = 7472L), 
    Tag.Distribution = structure(c(`1` = 730L, `2` = 547L, `3` = 397L, 
    `4` = 257L, `5` = 175L, `6` = 113L, `7` = 76L, `8` = 37L, 
    `9` = 24L, `10` = 16L, `11` = 13L, `12` = 12L, `13` = 2L, 
    `14` = 3L, `15` = 3L, `16` = 1L, `17` = 1L), .Dim = 17L, .Dimnames = structure(list(
        c("1", "2", "3", "4", "5", "6", "7", "8", "9", "10", 
        "11", "12", "13", "14", "15", "16", "17")), .Names = ""), class = "table"), 
    No.Tag = structure(c(0L, 0L, 0L, 0L, 0L, 0L, 0L, 0L, 109L, 
    4L, 0L, 0L, 0L, 2L, 108L, 2L, 0L, 0L, 0L, 0L, 0L, 0L, 0L, 
    0L, 0L, 1L, 13L, 0L, 0L, 0L), .Dim = 6:5, .Dimnames = structure(list(
        c("-2", "-1", "0", "1", "2", NA), c("-", "A", "G", "T", 
        NA)), .Names = c("", "")), class = "table"), All.Tags = list(
        Concordant = list(Freqs = structure(c(0, 0, 1, 0, 0, 
        0, 2, 811, 6, 0, 1, 7, 842, 5, 0, 0, 0, 0, 0, 0), .Dim = 5:4, .Dimnames = list(
            c("-2", "-1", "0", "1", "2"), c("-", "A", "G", "T"
            ))), N = 1675), Majority = list(Freqs = structure(c(0, 
        0, 1, 0, 0, 0, 2, 1080, 6, 0, 1, 8, 1114, 6, 0, 0, 0, 
        0, 0, 0), .Dim = 5:4, .Dimnames = list(c("-2", "-1", 
        "0", "1", "2"), c("-", "A", "G", "T"))), N = 2218)), 
    `2` = structure(c(0, 0, 0, 0, 0, 0, 1, 739, 2, 0, 0, 1, 752, 
    1, 0, 0, 0, 0, 0, 0), .Dim = 5:4, .Dimnames = list(c("-2", 
    "-1", "0", "1", "2"), c("-", "A", "G", "T"))))))
